Borden_/Borden1m_014/aspect.asc
ncols         80
nrows         18
xllcorner     620200.000000
yllcorner     5168000.000000
cellsize      1.000000
NODATA_value  -9999.0
-9999.0 -9999.0 -9999.0 -9999.0 -9999.0 -9999.0 -9999.0 -9999.0 -9999.0 -9999.0 -9999.0 -9999.0 -9999.0 -9999.0 -9999.0 -9999.0 -9999.0 -9999.0 -9999.0 -9999.0 -9999.0 -9999.0 -9999.0 -9999.0 -9999.0 -9999.0 -9999.0 -9999.0 -9999.0 -9999.0 -9999.0 -9999.0 -9999.0 -9999.0 -9999.0 -9999.0 -9999.0 -9999.0 -9999.0 -9999.0 -9999.0 -9999.0 -9999.0 -9999.0 -9999.0 -9999.0 -9999.0 -9999.0 -9999.0 -9999.0 -9999.0 -9999.0 -9999.0 -9999.0 -9999.0 -9999.0 -9999.0 -9999.0 -9999.0 -9999.0 -9999.0 -9999.0 -9999.0 -9999.0 -9999.0 -9999.0 -9999.0 -9999.0 -9999.0 -9999.0 -9999.0 -9999.0 -9999.0 -9999.0 -9999.0 -9999.0 -9999.0 -9999.0 -9999.0 -9999.0
-9999.0 -9999.0 -9999.0 -9999.0 -9999.0 -9999.0 -9999.0 -9999.0 -9999.0 -9999.0 -9999.0 -9999.0 -9999.0 -9999.0 -9999.0 -9999.0 -9999.0 -9999.0 -9999.0 -9999.0 -9999.0 -9999.0 -9999.0 -9999.0 -9999.0 -9999.0 -9999.0 -9999.0 -9999.0 -9999.0 -9999.0 -9999.0 -9999.0 -9999.0 -9999.0 -9999.0 -9999.0 -9999.0 -9999.0 -9999.0 -9999.0 -9999.0 -9999.0 -9999.0 -9999.0 -9999.0 -9999.0 -9999.0 -9999.0 -9999.0 -9999.0 -9999.0 -9999.0 -9999.0 -9999.0 -9999.0 -9999.0 -9999.0 -9999.0 -9999.0 -9999.0 -9999.0 -9999.0 -9999.0 -9999.0 -9999.0 -9999.0 -9999.0 -9999.0 -9999.0 -9999.0 -9999.0 -9999.0 -9999.0 -9999.0 -9999.0 -9999.0 -9999.0 -9999.0 -9999.0
-9999.0 -9999.0 -9999.0 -9999.0 -9999.0 -9999.0 -9999.0 -9999.0 -9999.0 -9999.0 -9999.0 -9999.0 -9999.0 -9999.0 -9999.0 -9999.0 -9999.0 -9999.0 -9999.0 -9999.0 9.283886 323.307977 286.502444 266.567226 250.105417 141.560060 113.485568 99.254252 95.938675 336.666392 339.596366 350.956110 191.126166 178.367894 176.506552 176.666196 169.774145 168.022912 171.253746 182.780507 184.973344 183.502401 175.491490 175.751356 188.649551 170.106926 167.595477 169.561063 174.185597 195.024140 333.292643 214.621013 205.044653 140.400023 70.316030 35.074573 29.681379 10.008333 338.830266 312.062397 312.146761 -9999.0 -9999.0 -9999.0 -9999.0 -9999.0 -9999.0 -9999.0 -9999.0 -9999.0 -9999.0 -9999.0 -9999.0 -9999.0 -9999.0 -9999.0 -9999.0 -9999.0 -9999.0 -9999.0
-9999.0 -9999.0 -9999.0 -9999.0 -9999.0 -9999.0 -9999.0 -9999.0 -9999.0 -9999.0 -9999.0 -9999.0 -9999.0 -9999.0 341.183812 333.783445 69.157965 123.296690 108.611522 126.584200 158.052039 352.121048 203.294217 213.498130 201.394538 159.974015 149.476417 147.141370 152.637082 163.143608 187.866488 170.069900 164.973948 167.411443 172.545730 186.131676 191.657718 169.346944 173.220139 175.383783 182.290718 173.126734 173.477827 173.418051 184.830228 187.197207 176.784106 173.267738 172.775669 201.298023 206.642959 189.842135 183.020575 188.195518 188.112244 151.986027 28.379533 190.410938 340.543886 316.403541 305.793780 213.453196 140.762529 120.772914 93.513469 82.577115 -9999.0 -9999.0 -9999.0 -9999.0 -9999.0 -9999.0 -9999.0 -9999.0 -9999.0 -9999.0 -9999.0 -9999.0 -9999.0 -9999.0
-9999.0 -9999.0 -9999.0 -9999.0 -9999.0 -9999.0 -9999.0 -9999.0 -9999.0 3.499283 10.681273 8.956186 56.689801 83.889694 11.243684 166.536122 162.617217 142.727107 141.017752 146.285702 153.295138 185.629702 168.693640 173.618314 175.284542 173.214570 167.361940 163.064068 164.756725 165.698291 185.105651 174.046876 169.080513 166.571027 173.365101 184.759453 184.733775 176.449289 173.131845 173.462253 180.435442 174.368281 175.604414 177.403149 184.069906 184.199808 182.791069 172.881317 194.111218 195.626366 195.995759 196.871376 190.772720 194.123426 195.828167 188.192911 162.318695 163.695613 200.073559 214.354848 204.555256 190.242670 166.227807 153.734036 119.830844 102.975121 83.038459 36.048050 333.551721 335.239837 -9999.0 -9999.0 -9999.0 -9999.0 -9999.0 -9999.0 -9999.0 -9999.0 -9999.0 -9999.0
-9999.0 -9999.0 -9999.0 -9999.0 -9999.0 -9999.0 9.307477 21.264869 28.675900 17.674723 31.459471 162.336883 158.359471 162.023902 160.337024 160.397490 159.674724 157.625365 156.952929 161.998206 165.976800 176.387495 171.777521 167.082728 168.898575 172.814254 172.565465 165.821579 165.040531 172.946811 177.744264 178.374902 173.423249 166.458824 169.858296 184.817727 184.389369 184.052249 174.119918 174.869952 178.107652 178.828468 178.470079 175.525838 172.856195 185.352395 187.110280 183.477057 182.062556 187.644662 193.800032 192.600527 190.825455 195.056280 196.271772 188.130672 174.960925 190.863806 196.412142 199.420877 192.203905 185.934860 187.526377 189.475339 167.015471 145.712437 152.218095 30.487365 326.417454 325.015028 300.562872 279.126035 42.009910 66.633188 -9999.0 -9999.0 -9999.0 -9999.0 -9999.0 -9999.0
-9999.0 -9999.0 -9999.0 -9999.0 166.266530 165.183877 159.312673 146.851118 138.197977 131.226453 148.355236 158.128505 163.252125 159.853880 160.705490 164.543639 167.220815 165.934956 161.118276 162.428024 169.270787 175.172509 171.427910 165.465367 165.795109 171.267693 175.095214 173.192573 167.812536 168.185227 175.232302 176.596646 173.663763 169.214284 166.179484 166.817360 184.295883 182.327163 178.071647 172.475739 174.160593 179.680203 179.770066 179.416438 178.647864 190.883241 191.893167 189.513532 183.936364 185.100743 193.360979 195.359831 189.662738 185.232202 187.236601 193.798574 192.818845 190.858566 193.949956 195.255219 193.053084 189.327560 190.277881 191.299460 195.365977 178.007448 200.275366 223.989265 224.877775 316.620119 313.395933 232.642986 120.849597 66.117545 64.640846 49.421036 -9999.0 -9999.0 -9999.0 -9999.0
-9999.0 -9999.0 65.120619 135.873026 153.348888 176.002793 178.108293 172.381031 160.612460 145.869358 153.355747 163.625823 169.355321 167.299956 159.824390 160.617142 166.738319 169.119809 165.959011 164.108735 168.034964 174.108479 174.239628 169.704656 166.083614 167.761111 172.212138 171.241709 168.907920 164.096353 172.353220 176.379104 181.958580 181.635972 181.212639 181.912780 182.443993 188.697478 352.708694 4.871396 3.089805 2.380226 351.268456 354.743732 8.140062 5.177047 1.189085 1.062727 3.420265 174.565844 192.725734 194.257775 197.706861 183.062510 188.642116 198.241796 196.534526 189.436136 186.827207 194.759208 197.189054 195.316512 194.673518 196.086979 194.824286 197.648495 204.995994 209.360494 217.197523 210.799832 202.548409 196.547640 175.428990 163.179419 54.401512 39.227742 29.855476 19.985082 -9999.0 -9999.0
-9999.0 47.733151 76.879838 119.822973 149.565801 161.337195 168.839693 173.410829 176.126005 163.183860 151.555779 160.746491 169.574963 172.797753 165.637220 161.924032 167.111983 172.750552 171.055113 165.917888 163.292305 166.747556 166.708055 171.924001 172.627426 181.859364 181.296486 183.456296 188.796883 351.060083 345.181903 9.866259 351.450596 348.535118 355.490721 359.031748 352.643822 346.583441 349.824669 354.086965 6.214083 10.768627 352.723882 354.431788 8.977332 8.374871 8.377126 354.588785 7.973312 12.020211 13.281609 13.578044 8.135330 10.032127 193.332930 194.211323 203.419691 192.475815 188.858522 196.369605 200.660133 199.544873 197.590487 200.013077 202.446547 203.921023 201.982570 204.067736 201.921921 195.004695 200.459911 202.723335 200.620698 190.521705 195.284182 30.881966 18.743029 16.942575 -9999.0 -9999.0
-9999.0 66.797592 87.312888 112.784149 146.161319 154.935616 158.910133 170.315752 175.970775 164.514440 154.472940 155.512524 172.888938 173.138626 162.332113 159.491187 172.134007 175.212398 176.128600 183.019337 183.905268 184.425716 352.226675 337.373411 346.564596 355.548167 359.241467 352.055430 347.037217 348.443025 354.863771 356.047063 347.564204 347.495268 352.786241 357.231144 356.398152 351.903881 350.837389 354.933544 6.947137 6.408666 355.193539 356.091516 7.231562 8.152988 9.383104 357.856814 6.382870 10.080629 12.929219 10.559752 9.752517 14.283382 18.428907 22.304029 11.265713 8.176748 194.302325 212.581593 206.176914 198.405206 198.397865 203.968464 206.349923 202.462756 197.210298 198.194767 196.428560 195.537212 199.303131 201.642650 198.927898 202.928688 206.168993 240.252150 -9999.0 -9999.0 -9999.0 -9999.0
-9999.0 63.100601 81.149659 106.350489 122.417541 147.307232 145.039652 161.171677 168.654896 167.027068 171.031965 171.107754 185.196648 187.418561 189.835345 7.597908 6.599449 355.320855 353.348239 353.118719 356.385089 358.439699 356.644974 353.306041 351.560333 352.330486 354.251754 348.981790 345.853157 348.294088 353.667359 354.159862 343.942360 343.084812 351.127403 351.184626 354.231072 357.843073 354.824870 354.306710 356.574851 3.496415 3.783844 359.358605 2.442612 3.766126 4.037684 6.294868 9.732939 11.253094 13.972547 12.395643 11.905487 15.988062 18.234441 15.678004 11.906114 16.070595 23.731284 19.243544 15.515664 190.819557 207.336678 205.285194 206.274165 196.540425 194.207129 196.223797 195.981032 197.070583 198.234431 200.695655 206.046330 214.075095 203.594492 -9999.0 -9999.0 -9999.0 -9999.0 -9999.0
-9999.0 62.625964 67.953908 69.299885 52.689347 29.721972 21.558099 18.567836 344.178767 346.128425 347.984621 10.943666 7.539932 347.573371 351.542023 356.007365 357.897534 5.281195 349.981981 350.222323 353.331634 356.220512 355.945725 354.246000 353.712462 355.520807 355.715297 350.495137 346.044642 342.674580 348.429013 350.838864 346.133768 346.929059 348.916468 348.238594 353.433839 3.910494 355.149108 354.194756 353.913289 7.421283 6.070452 4.006881 3.458855 356.998025 6.554409 12.983421 14.197946 14.416349 16.217385 15.229198 15.657137 14.148020 13.891117 14.301604 13.053916 18.173211 25.257391 21.884041 16.219571 24.763335 16.409485 334.380304 200.753052 197.961212 190.564564 194.598251 198.652207 197.764333 200.356847 201.482119 202.547433 -9999.0 -9999.0 -9999.0 -9999.0 -9999.0 -9999.0 -9999.0
-9999.0 60.049993 51.026568 48.159439 38.343036 25.021407 18.454716 12.194927 9.914541 357.426738 3.466343 6.413441 5.962928 352.944835 351.503259 351.942663 353.265036 0.504307 353.736240 353.149265 354.511090 356.337722 358.407306 356.149263 355.104540 357.002140 356.309448 353.204508 348.988944 343.251849 340.910510 344.648352 347.587386 350.486195 350.420578 348.241631 345.319670 4.909255 5.664197 356.339888 355.940582 13.827434 10.990134 6.629274 353.085487 9.023675 11.455737 16.567791 18.587995 19.467664 22.221299 23.484423 18.223183 8.766093 7.585064 10.317615 13.016419 19.280691 25.024070 23.092916 19.154896 18.429977 19.382094 15.211294 25.274477 12.971653 192.001256 203.096023 197.418156 204.500478 203.856120 -9999.0 -9999.0 -9999.0 -9999.0 -9999.0 -9999.0 -9999.0 -9999.0 -9999.0
-9999.0 -9999.0 39.855736 31.973239 25.830259 22.299994 15.753314 10.215883 9.148852 11.850759 12.486681 9.409114 4.748073 356.270381 353.936420 352.810402 354.121626 358.300915 357.598390 355.602375 356.081025 358.070640 358.349530 357.606679 357.368084 358.436611 358.099584 355.841594 350.835449 345.947163 343.000806 341.647105 345.217318 350.974441 350.688662 353.586702 358.487271 3.711309 2.022026 1.318248 4.506564 10.486814 13.172031 10.042486 5.111165 7.525086 13.750186 20.333100 23.985715 31.006669 37.923011 34.574132 17.298223 352.715098 354.156123 5.662950 11.692589 20.760488 23.945927 22.704677 22.054118 21.547360 20.906773 14.137031 12.572866 20.703641 29.776802 20.879260 149.952639 202.654722 -9999.0 -9999.0 -9999.0 -9999.0 -9999.0 -9999.0 -9999.0 -9999.0 -9999.0 -9999.0
-9999.0 -9999.0 -9999.0 -9999.0 26.710225 20.029240 13.695978 15.256079 17.297631 15.905582 13.955810 10.870288 6.745592 4.325738 357.201691 357.465749 358.495054 358.817485 358.161915 358.044588 357.895546 357.629935 357.747672 358.784830 0.773549 0.808202 357.869560 355.899693 353.377099 350.396257 347.446796 343.506332 343.035281 348.596729 354.026230 354.638022 356.546748 6.576135 5.048854 7.620782 12.479254 16.561598 21.605572 18.448017 14.926058 14.896312 17.022557 23.316196 37.127987 55.658043 62.960540 54.733217 26.045388 321.018424 332.969964 350.810637 15.682097 17.746462 22.209992 28.071869 27.273425 20.738634 16.544608 12.514045 13.572031 21.713492 31.242944 36.341515 -9999.0 -9999.0 -9999.0 -9999.0 -9999.0 -9999.0 -9999.0 -9999.0 -9999.0 -9999.0 -9999.0 -9999.0
-9999.0 -9999.0 -9999.0 -9999.0 -9999.0 -9999.0 16.305560 16.856705 17.393145 20.307871 20.310250 18.119956 11.102396 4.378712 4.866433 6.513028 356.220969 354.880284 4.791913 3.740798 2.715267 354.453626 355.181183 0.949789 2.388118 3.753901 358.706613 353.958479 349.980816 2.965041 351.821729 342.761187 343.664485 346.272484 345.659127 8.493847 339.594114 344.144910 13.605539 28.759848 31.171700 31.615613 38.535079 49.702260 38.272498 20.634737 8.902654 39.314944 58.706875 77.931239 76.892612 67.555601 41.575000 296.086122 294.974456 321.836240 338.845117 12.041960 22.746460 28.406900 23.395851 13.194027 7.671359 6.360700 14.279111 24.582532 -9999.0 -9999.0 -9999.0 -9999.0 -9999.0 -9999.0 -9999.0 -9999.0 -9999.0 -9999.0 -9999.0 -9999.0 -9999.0 -9999.0
-9999.0 -9999.0 -9999.0 -9999.0 -9999.0 -9999.0 -9999.0 -9999.0 -9999.0 -9999.0 -9999.0 -9999.0 -9999.0 -9999.0 -9999.0 -9999.0 -9999.0 -9999.0 -9999.0 -9999.0 -9999.0 -9999.0 -9999.0 -9999.0 -9999.0 -9999.0 -9999.0 -9999.0 -9999.0 -9999.0 -9999.0 -9999.0 -9999.0 -9999.0 -9999.0 -9999.0 -9999.0 -9999.0 -9999.0 -9999.0 -9999.0 -9999.0 -9999.0 -9999.0 -9999.0 -9999.0 -9999.0 -9999.0 -9999.0 -9999.0 -9999.0 -9999.0 -9999.0 -9999.0 -9999.0 -9999.0 -9999.0 -9999.0 -9999.0 -9999.0 -9999.0 -9999.0 -9999.0 -9999.0 -9999.0 -9999.0 -9999.0 -9999.0 -9999.0 -9999.0 -9999.0 -9999.0 -9999.0 -9999.0 -9999.0 -9999.0 -9999.0 -9999.0 -9999.0 -9999.0
-9999.0 -9999.0 -9999.0 -9999.0 -9999.0 -9999.0 -9999.0 -9999.0 -9999.0 -9999.0 -9999.0 -9999.0 -9999.0 -9999.0 -9999.0 -9999.0 -9999.0 -9999.0 -9999.0 -9999.0 -9999.0 -9999.0 -9999.0 -9999.0 -9999.0 -9999.0 -9999.0 -9999.0 -9999.0 -9999.0 -9999.0 -9999.0 -9999.0 -9999.0 -9999.0 -9999.0 -9999.0 -9999.0 -9999.0 -9999.0 -9999.0 -9999.0 -9999.0 -9999.0 -9999.0 -9999.0 -9999.0 -9999.0 -9999.0 -9999.0 -9999.0 -9999.0 -9999.0 -9999.0 -9999.0 -9999.0 -9999.0 -9999.0 -9999.0 -9999.0 -9999.0 -9999.0 -9999.0 -9999.0 -9999.0 -9999.0 -9999.0 -9999.0 -9999.0 -9999.0 -9999.0 -9999.0 -9999.0 -9999.0 -9999.0 -9999.0 -9999.0 -9999.0 -9999.0 -9999.0