Borden/Borden1m_nopit_001/bedrock_nopit.asc
ncols         80
nrows         18
xllcorner     620200.000000
yllcorner     5168000.000000
cellsize      1.000000
NODATA_value  -9999.0
-9999.0 -9999.0 -9999.0 -9999.0 -9999.0 -9999.0 -9999.0 -9999.0 -9999.0 -9999.0 -9999.0 -9999.0 -9999.0 -9999.0 -9999.0 -9999.0 -9999.0 -9999.0 -9999.0 -9999.0 -9999.0 -9999.0 -9999.0 -9999.0 -9999.0 -9999.0 -9999.0 -9999.0 -9999.0 -9999.0 -9999.0 -9999.0 -9999.0 -9999.0 -9999.0 -9999.0 -9999.0 -9999.0 -9999.0 -9999.0 -9999.0 -9999.0 -9999.0 -9999.0 -9999.0 -9999.0 -9999.0 -9999.0 -9999.0 -9999.0 -9999.0 -9999.0 -9999.0 -9999.0 -9999.0 -9999.0 -9999.0 -9999.0 -9999.0 -9999.0 -9999.0 -9999.0 -9999.0 -9999.0 -9999.0 -9999.0 -9999.0 -9999.0 -9999.0 -9999.0 -9999.0 -9999.0 -9999.0 -9999.0 -9999.0 -9999.0 -9999.0 -9999.0 -9999.0 -9999.0
-9999.0 -9999.0 -9999.0 -9999.0 -9999.0 -9999.0 -9999.0 -9999.0 -9999.0 -9999.0 -9999.0 -9999.0 -9999.0 -9999.0 -9999.0 -9999.0 -9999.0 -9999.0 -9999.0 -9999.0 -9999.0 -9999.0 -9999.0 -9999.0 -9999.0 -9999.0 -9999.0 -9999.0 -9999.0 -9999.0 -9999.0 -9999.0 -9999.0 -9999.0 -9999.0 -9999.0 -9999.0 -9999.0 -9999.0 -9999.0 -9999.0 -9999.0 -9999.0 -9999.0 -9999.0 -9999.0 -9999.0 -9999.0 -9999.0 -9999.0 -9999.0 -9999.0 -9999.0 -9999.0 -9999.0 -9999.0 -9999.0 -9999.0 -9999.0 -9999.0 -9999.0 -9999.0 -9999.0 -9999.0 -9999.0 -9999.0 -9999.0 -9999.0 -9999.0 -9999.0 -9999.0 -9999.0 -9999.0 -9999.0 -9999.0 -9999.0 -9999.0 -9999.0 -9999.0 -9999.0
-9999.0 -9999.0 -9999.0 -9999.0 -9999.0 -9999.0 -9999.0 -9999.0 -9999.0 -9999.0 -9999.0 -9999.0 -9999.0 -9999.0 -9999.0 -9999.0 -9999.0 -9999.0 -9999.0 -9999.0 3754.702499 3753.521885 3775.497252 3809.776269 3838.274056 3836.747856 3803.945772 3763.692115 3725.506969 3718.035999 3737.286590 3734.168411 3739.017416 3743.179517 3742.850540 3735.620711 3729.791611 3720.014763 3713.035697 3715.202968 3722.514820 3727.744840 3725.856228 3724.027865 3717.963561 3731.496127 3715.805095 3699.574613 3694.433123 3697.275260 3721.197055 3733.334713 3740.931496 3755.927098 3729.323054 3717.174563 3693.455488 3688.541436 3690.050136 3716.484388 3746.309882 -9999.0 -9999.0 -9999.0 -9999.0 -9999.0 -9999.0 -9999.0 -9999.0 -9999.0 -9999.0 -9999.0 -9999.0 -9999.0 -9999.0 -9999.0 -9999.0 -9999.0 -9999.0 -9999.0
-9999.0 -9999.0 -9999.0 -9999.0 -9999.0 -9999.0 -9999.0 -9999.0 -9999.0 -9999.0 -9999.0 -9999.0 -9999.0 -9999.0 3844.305607 3853.413250 3856.604577 3849.538700 3817.312387 3787.457007 3775.813073 3783.571370 3784.074779 3809.023399 3831.971036 3819.679457 3790.862937 3760.910373 3728.092120 3710.871995 3722.588532 3725.626449 3718.596978 3698.300873 3689.679471 3693.457446 3711.866782 3687.995486 3674.572107 3669.640836 3671.705931 3681.568657 3672.047460 3657.738780 3664.802079 3680.364683 3670.367548 3655.674397 3644.022402 3652.864835 3711.478028 3724.225415 3726.723610 3730.447804 3742.862363 3746.517198 3718.157976 3717.778535 3724.567882 3741.311000 3773.963502 3818.711138 3836.997982 3796.107437 3751.829320 3694.803206 -9999.0 -9999.0 -9999.0 -9999.0 -9999.0 -9999.0 -9999.0 -9999.0 -9999.0 -9999.0 -9999.0 -9999.0 -9999.0 -9999.0
-9999.0 -9999.0 -9999.0 -9999.0 -9999.0 -9999.0 -9999.0 -9999.0 -9999.0 3901.173310 3895.698060 3889.064914 3887.059565 3872.282896 3875.666106 3869.190002 3865.269640 3838.755806 3809.720141 3776.656052 3750.013238 3759.943862 3761.619537 3757.243909 3761.841951 3754.027787 3734.239814 3697.565530 3665.306363 3629.512511 3663.041803 3667.998468 3650.507299 3607.910547 3582.507902 3579.593315 3598.657314 3584.190251 3560.459801 3543.417995 3546.825805 3552.413361 3526.820369 3512.070682 3516.004431 3536.991994 3540.849470 3534.700905 3505.631032 3556.062422 3621.623340 3662.167573 3647.623420 3669.648088 3697.169043 3709.154423 3708.286736 3686.789173 3698.310563 3731.996421 3764.983185 3775.700946 3791.776068 3770.644422 3746.773590 3699.639951 3659.502960 3629.429003 3629.375078 3646.307316 -9999.0 -9999.0 -9999.0 -9999.0 -9999.0 -9999.0 -9999.0 -9999.0 -9999.0 -9999.0
-9999.0 -9999.0 -9999.0 -9999.0 -9999.0 -9999.0 3979.474931 3969.372581 3949.092992 3946.578397 3920.790164 3915.857308 3897.469834 3880.699039 3859.754015 3847.247791 3822.396332 3793.015176 3757.138770 3719.446558 3691.984218 3703.423178 3698.063374 3677.209525 3648.478735 3627.934856 3605.607710 3568.258556 3495.833428 3459.158000 3463.208360 3461.887602 3453.529615 3403.185990 3338.418514 3325.947654 3346.835532 3360.870437 3338.667407 3302.080476 3302.050043 3303.099455 3291.636024 3281.522117 3254.508278 3264.036600 3300.564544 3308.571261 3304.649096 3324.061812 3389.840506 3448.781857 3470.827534 3516.768363 3599.251559 3644.414138 3623.555707 3596.700778 3619.065704 3668.446034 3701.596127 3706.870004 3717.537217 3724.565047 3712.230857 3688.974603 3664.378906 3650.249171 3661.578000 3681.831045 3703.306132 3731.174178 3728.367267 3703.122933 -9999.0 -9999.0 -9999.0 -9999.0 -9999.0 -9999.0
-9999.0 -9999.0 -9999.0 -9999.0 4028.603942 4016.150315 4031.266715 4005.852501 3974.591173 3941.815318 3914.693647 3883.310089 3860.662443 3834.550115 3801.323677 3778.291029 3745.612734 3716.148391 3668.371835 3606.313867 3561.240279 3546.355158 3537.708251 3485.697389 3428.579598 3380.098496 3361.566756 3336.364879 3293.335533 3237.154626 3212.577755 3204.133825 3185.816261 3148.408922 3097.867615 3064.607498 3081.629312 3090.487606 3085.061708 3072.685160 3049.325249 3048.829017 3047.243707 3046.203303 3040.138163 3039.510155 3063.243477 3095.506360 3107.634066 3114.910167 3144.714270 3221.329680 3255.217369 3282.362725 3319.462299 3372.091109 3424.981174 3427.805508 3481.432907 3535.411022 3587.459553 3597.395680 3618.710016 3635.327923 3653.911248 3642.567691 3631.266429 3646.282526 3675.573039 3704.691990 3717.436790 3734.690297 3745.435843 3714.145029 3696.029035 3666.109016 -9999.0 -9999.0 -9999.0 -9999.0
-9999.0 -9999.0 4086.840161 4041.653383 3985.266444 3979.802335 3986.825010 3984.889312 3959.522702 3911.172245 3847.883887 3810.046158 3780.168541 3750.675761 3699.266335 3634.193368 3572.387482 3529.808042 3472.682432 3404.152270 3344.984396 3317.256088 3307.417959 3271.772330 3212.306765 3149.725346 3124.446869 3099.999504 3072.564082 3040.487509 3041.565824 3038.394387 3031.823097 3022.745367 3013.471127 3009.041918 3010.896590 3011.810505 3020.357813 3024.744379 3023.482967 3019.271705 3021.152433 3025.722058 3029.284450 3022.638657 3019.775309 3021.302596 3023.827635 3023.951830 3028.541136 3051.400515 3077.334106 3089.418793 3094.718173 3142.881349 3209.474450 3243.879820 3263.218005 3302.133846 3375.086790 3415.485144 3456.113582 3492.343911 3531.318872 3546.736170 3580.425104 3612.943955 3651.774288 3692.459293 3711.593865 3725.932032 3726.099590 3725.038067 3707.215345 3691.271484 3675.234662 3667.121859 -9999.0 -9999.0
-9999.0 4196.451387 4125.565039 4003.812121 3926.662209 3890.230933 3879.784567 3875.368426 3851.139255 3821.683116 3732.457573 3674.984673 3590.430401 3555.055155 3513.072123 3421.347690 3328.779833 3284.305075 3243.939311 3188.631043 3129.201828 3083.947365 3059.605361 3066.499674 3043.249815 3024.425217 3018.536947 3013.895932 3010.207778 3011.968481 3019.293578 3011.213880 3013.060929 3031.113448 3046.016243 3047.476146 3050.811644 3073.661582 3102.242091 3116.769130 3113.096332 3088.857485 3100.566471 3123.785100 3128.124820 3105.289319 3085.372605 3095.312937 3107.832064 3090.293262 3056.041740 3037.822886 3032.547470 3023.536438 3018.317109 3027.490546 3045.912707 3084.570372 3099.394023 3128.277269 3183.236704 3238.194334 3285.581705 3334.578437 3387.794161 3438.677655 3486.650338 3534.055528 3587.887747 3620.740335 3645.388521 3688.984228 3702.717267 3696.350471 3701.525042 3702.845872 3695.948102 3689.282314 -9999.0 -9999.0
-9999.0 4293.968473 4154.041342 3974.770508 3831.185700 3789.287202 3720.676827 3661.206282 3646.728787 3700.299068 3596.577710 3358.766972 3247.060991 3239.922392 3177.708608 3090.652309 3092.315585 3066.271705 3052.148708 3033.552807 3017.605079 3009.209109 3007.912398 3011.455714 3025.863909 3033.819366 3034.607563 3036.470631 3053.562298 3072.550211 3088.838685 3091.208158 3107.744186 3153.173066 3185.115530 3201.009882 3216.811998 3231.438813 3260.068416 3285.482180 3300.449885 3287.146157 3291.201414 3306.314502 3310.844968 3291.458508 3260.320215 3264.394013 3255.708013 3236.606885 3201.157274 3164.810238 3146.001729 3115.926870 3078.667498 3037.686205 3026.606465 3020.106934 3020.056188 3016.477667 3057.239353 3107.170072 3137.795155 3191.697097 3251.374403 3313.256872 3361.332525 3405.890537 3460.644813 3495.552413 3535.544640 3589.203304 3633.927748 3643.869177 3677.659337 3691.580181 -9999.0 -9999.0 -9999.0 -9999.0
-9999.0 4399.686649 4217.182331 3971.758412 3676.444536 3596.908466 3395.876262 3275.940711 3220.044366 3177.562233 3257.044544 3095.173300 3065.475900 3065.389191 3047.867092 3044.101272 3031.375745 3030.551251 3034.488274 3045.573697 3055.005926 3058.720959 3060.618265 3068.773453 3081.115506 3095.417311 3106.904189 3117.546714 3152.622132 3183.310574 3219.335587 3230.936390 3271.152488 3361.848379 3401.054862 3437.586443 3496.370083 3495.202147 3490.955268 3515.604062 3534.723623 3560.475459 3532.790153 3524.236283 3520.925515 3523.360157 3511.932667 3485.887125 3440.466256 3407.081600 3368.205546 3321.117030 3291.775899 3253.193887 3212.745948 3161.234679 3131.558180 3100.217154 3054.285127 3020.203513 3014.730017 3020.261519 3030.911817 3069.815054 3132.650214 3181.364033 3208.961165 3257.787359 3300.854496 3344.878196 3391.384488 3444.313895 3505.830670 3563.666609 3598.214612 -9999.0 -9999.0 -9999.0 -9999.0 -9999.0
-9999.0 4636.425938 4372.201262 4085.565476 3791.711581 3438.862631 3284.033075 3183.735559 3144.874439 3151.465486 3142.865944 3125.947806 3089.665932 3087.730053 3113.455018 3126.239981 3141.590485 3142.686716 3129.722808 3156.129733 3185.179157 3197.854608 3197.120569 3207.969988 3231.089456 3246.174291 3255.677624 3273.247980 3316.256829 3364.908885 3446.855868 3477.902380 3554.829554 3597.588591 3635.177912 3682.121900 3727.679981 3722.545310 3698.486982 3708.451043 3729.287305 3746.492969 3717.344785 3697.202352 3684.343645 3699.826073 3693.064025 3658.867417 3612.548384 3572.618960 3528.912823 3481.295274 3440.602584 3400.838615 3378.016399 3336.662794 3295.114833 3254.208255 3185.420269 3110.584577 3074.724451 3042.827515 3020.818849 3014.270125 3032.873496 3061.670182 3082.538121 3106.485015 3151.034139 3195.657809 3236.446229 3298.893350 3358.992872 -9999.0 -9999.0 -9999.0 -9999.0 -9999.0 -9999.0 -9999.0
-9999.0 4712.040640 4597.340192 4382.098993 4095.670285 3849.455640 3624.193560 3519.077181 3423.805853 3399.185972 3353.786557 3319.256686 3293.097004 3272.316345 3295.658408 3339.637426 3371.054426 3366.411673 3373.414095 3395.593143 3423.887058 3437.177672 3439.195257 3444.217184 3466.169959 3477.110344 3484.175630 3502.429959 3529.011885 3581.263606 3653.964893 3726.144217 3780.724561 3801.528642 3824.445282 3851.518247 3879.023975 3865.361843 3852.018890 3852.168418 3859.024431 3859.090598 3829.825973 3810.058146 3800.554354 3811.857804 3793.821467 3770.533953 3733.394623 3694.386534 3650.101856 3600.485574 3552.651560 3531.905581 3528.279524 3514.557757 3485.639967 3441.530337 3364.523776 3278.912849 3205.451630 3161.907801 3110.835638 3070.812492 3048.874109 3023.122571 3012.614720 3010.343287 3034.178334 3066.135128 3121.954086 -9999.0 -9999.0 -9999.0 -9999.0 -9999.0 -9999.0 -9999.0 -9999.0 -9999.0
-9999.0 -9999.0 4754.276543 4640.684872 4549.486518 4380.412233 4230.772781 4117.922960 4011.847743 3866.931516 3743.788214 3650.935272 3605.131998 3589.426953 3604.344824 3635.169739 3653.984916 3654.187729 3665.571466 3672.900338 3688.601387 3694.139649 3705.500659 3712.603492 3717.449620 3718.388311 3720.409675 3728.264315 3745.055522 3786.664139 3824.780854 3869.339776 3915.788215 3936.747682 3954.225822 3970.720837 3966.277181 3970.301674 3964.118147 3960.873012 3951.159222 3936.898439 3917.314665 3894.655854 3885.083706 3875.338766 3864.577266 3843.126659 3813.297234 3773.655731 3722.899785 3668.829504 3633.583326 3626.844441 3644.290415 3648.430627 3639.060113 3608.831722 3543.003331 3472.368900 3384.342502 3320.259660 3253.707501 3199.262813 3173.778292 3135.958742 3068.105015 3022.176931 2984.588532 3006.740129 -9999.0 -9999.0 -9999.0 -9999.0 -9999.0 -9999.0 -9999.0 -9999.0 -9999.0 -9999.0
-9999.0 -9999.0 -9999.0 -9999.0 4794.570335 4643.706036 4543.877897 4464.012080 4323.981003 4188.225440 4079.457250 3990.147573 3920.532164 3894.159864 3894.218759 3878.962053 3880.470987 3889.243626 3899.981213 3895.551807 3891.037832 3896.992789 3913.135166 3918.774449 3914.134363 3905.230610 3905.631311 3917.033697 3933.274915 3946.606317 3958.419580 3987.607058 4018.400153 4044.162632 4054.416197 4056.054916 4054.646405 4061.448808 4052.242732 4042.779446 4026.467634 4011.099247 3987.480805 3957.827587 3943.342120 3928.910812 3920.589121 3902.363882 3874.043420 3822.894935 3761.724780 3706.028796 3672.913696 3672.791779 3701.913877 3723.571722 3735.626660 3717.705315 3686.747393 3634.217716 3544.194521 3481.745161 3434.283533 3393.573970 3356.889015 3293.529200 3202.874301 3123.817814 -9999.0 -9999.0 -9999.0 -9999.0 -9999.0 -9999.0 -9999.0 -9999.0 -9999.0 -9999.0 -9999.0 -9999.0
-9999.0 -9999.0 -9999.0 -9999.0 -9999.0 -9999.0 4820.533679 4709.792511 4645.789816 4483.917002 4332.180888 4222.200747 4137.469300 4101.289859 4067.263180 4036.664768 4036.204245 4056.466759 4078.244604 4055.837793 4036.169799 4042.085177 4074.213247 4071.891622 4063.666950 4054.252846 4055.056031 4059.013223 4081.480928 4062.323979 4055.488208 4075.596037 4098.473795 4108.786711 4118.410761 4106.907567 4105.512908 4118.938032 4119.300774 4090.755685 4069.318700 4056.273902 4035.182690 4002.003262 3969.669586 3954.328997 3953.835441 3949.583424 3913.162601 3845.257915 3774.920155 3720.771728 3690.502381 3686.044448 3717.239027 3762.209390 3788.561858 3789.677791 3765.204177 3725.247528 3662.775715 3625.821080 3612.860015 3609.611730 3595.750412 3496.828248 -9999.0 -9999.0 -9999.0 -9999.0 -9999.0 -9999.0 -9999.0 -9999.0 -9999.0 -9999.0 -9999.0 -9999.0 -9999.0 -9999.0
-9999.0 -9999.0 -9999.0 -9999.0 -9999.0 -9999.0 -9999.0 -9999.0 -9999.0 -9999.0 -9999.0 -9999.0 -9999.0 -9999.0 -9999.0 -9999.0 -9999.0 -9999.0 -9999.0 -9999.0 -9999.0 -9999.0 -9999.0 -9999.0 -9999.0 -9999.0 -9999.0 -9999.0 -9999.0 -9999.0 -9999.0 -9999.0 -9999.0 -9999.0 -9999.0 -9999.0 -9999.0 -9999.0 -9999.0 -9999.0 -9999.0 -9999.0 -9999.0 -9999.0 -9999.0 -9999.0 -9999.0 -9999.0 -9999.0 -9999.0 -9999.0 -9999.0 -9999.0 -9999.0 -9999.0 -9999.0 -9999.0 -9999.0 -9999.0 -9999.0 -9999.0 -9999.0 -9999.0 -9999.0 -9999.0 -9999.0 -9999.0 -9999.0 -9999.0 -9999.0 -9999.0 -9999.0 -9999.0 -9999.0 -9999.0 -9999.0 -9999.0 -9999.0 -9999.0 -9999.0
-9999.0 -9999.0 -9999.0 -9999.0 -9999.0 -9999.0 -9999.0 -9999.0 -9999.0 -9999.0 -9999.0 -9999.0 -9999.0 -9999.0 -9999.0 -9999.0 -9999.0 -9999.0 -9999.0 -9999.0 -9999.0 -9999.0 -9999.0 -9999.0 -9999.0 -9999.0 -9999.0 -9999.0 -9999.0 -9999.0 -9999.0 -9999.0 -9999.0 -9999.0 -9999.0 -9999.0 -9999.0 -9999.0 -9999.0 -9999.0 -9999.0 -9999.0 -9999.0 -9999.0 -9999.0 -9999.0 -9999.0 -9999.0 -9999.0 -9999.0 -9999.0 -9999.0 -9999.0 -9999.0 -9999.0 -9999.0 -9999.0 -9999.0 -9999.0 -9999.0 -9999.0 -9999.0 -9999.0 -9999.0 -9999.0 -9999.0 -9999.0 -9999.0 -9999.0 -9999.0 -9999.0 -9999.0 -9999.0 -9999.0 -9999.0 -9999.0 -9999.0 -9999.0 -9999.0 -9999.0