Borden/Borden1m_nopit_001/InitWaterTable_nopit.asc
ncols         80
nrows         18
xllcorner     620200.000000
yllcorner     5168000.000000
cellsize      1.000000
NODATA_value  -9999.0
-9999 -9999 -9999 -9999 -9999 -9999 -9999 -9999 -9999 -9999 -9999 -9999 -9999 -9999 -9999 -9999 -9999 -9999 -9999 -9999 -9999 -9999 -9999 -9999 -9999 -9999 -9999 -9999 -9999 -9999 -9999 -9999 -9999 -9999 -9999 -9999 -9999 -9999 -9999 -9999 -9999 -9999 -9999 -9999 -9999 -9999 -9999 -9999 -9999 -9999 -9999 -9999 -9999 -9999 -9999 -9999 -9999 -9999 -9999 -9999 -9999 -9999 -9999 -9999 -9999 -9999 -9999 -9999 -9999 -9999 -9999 -9999 -9999 -9999 -9999 -9999 -9999 -9999 -9999 -9999
-9999 -9999 -9999 -9999 -9999 -9999 -9999 -9999 -9999 -9999 -9999 -9999 -9999 -9999 -9999 -9999 -9999 -9999 -9999 -9999 -9999 -9999 -9999 -9999 -9999 -9999 -9999 -9999 -9999 893.0429595 904.7340162 916.883625 935.547734 945.1671475 947.3282367 938.7156955 923.9725747 916.7936624 912.4236281 915.7473011 922.5476679 928.8463485 952.124164 955.5041671 947.2555099 933.6057901 912.7349509 894.3390913 883.7103041 889.005991 896.1309459 -9999 -9999 -9999 -9999 -9999 -9999 -9999 -9999 -9999 -9999 -9999 -9999 -9999 -9999 -9999 -9999 -9999 -9999 -9999 -9999 -9999 -9999 -9999 -9999 -9999 -9999 -9999 -9999 -9999
-9999 -9999 -9999 -9999 -9999 -9999 -9999 -9999 -9999 -9999 -9999 -9999 -9999 -9999 -9999 -9999 -9999 -9999 -9999 -9999 974.1453224 971.4451679 994.2616385 1028.406441 1056.988491 1055.604137 1021.666756 981.6134239 944.740359 935.1348423 953.5424919 952.3668018 957.821823 958.768839 956.4104723 950.6475896 947.8885331 936.8689957 928.8773253 929.5321784 935.9087522 941.6574202 942.8115163 939.5956901 934.554517 943.5494607 929.848184 914.4141915 907.8989663 912.1942402 938.1553126 952.7800275 960.1127147 973.8626358 948.7615665 935.7644737 912.3294795 907.4545692 908.1427038 934.5199318 964.1117471 -9999 -9999 -9999 -9999 -9999 -9999 -9999 -9999 -9999 -9999 -9999 -9999 -9999 -9999 -9999 -9999 -9999 -9999 -9999
-9999 -9999 -9999 -9999 -9999 -9999 -9999 -9999 -9999 -9999 -9999 -9999 -9999 -9999 1062.767636 1073.050168 1076.500421 1068.694508 1035.816858 1006.526732 994.263798 1002.210341 1002.762944 1026.829666 1047.74155 1034.590463 1006.328604 976.2824325 943.5792218 924.405326 937.4196118 940.6431771 931.125762 905.1739552 891.8907215 895.0861857 916.0139066 893.8006435 878.4691321 869.9335405 871.3145269 880.218554 866.5310988 850.8195458 857.4995693 874.4086675 870.1671953 858.14671 843.6558454 856.9792739 919.2996966 938.184347 940.0808961 945.2155753 957.2639877 962.6851289 937.060008 935.4296115 942.7022085 959.6298698 991.0703698 1034.605699 1051.903891 1012.854028 968.1125701 909.9845983 -9999 -9999 -9999 -9999 -9999 -9999 -9999 -9999 -9999 -9999 -9999 -9999 -9999 -9999
-9999 -9999 -9999 -9999 -9999 -9999 -9999 -9999 -9999 1118.353228 1114.821416 1108.239029 1106.931078 1091.964895 1094.233641 1087.910445 1081.142613 1055.917155 1026.117909 992.3166122 964.6108258 975.3122232 976.028911 965.642964 960.9183806 949.6689379 930.3248307 892.0215868 853.0223662 813.8405558 843.2810178 846.2581587 828.1332949 780.4422054 744.6757657 736.3409471 754.7261706 751.02365 727.1106594 704.4762957 706.2589214 708.8789187 686.5159444 674.6027867 669.1367338 686.1338603 701.3879361 702.3187686 676.8351201 724.283479 785.2315176 836.2092978 832.1614702 860.5453288 898.4799741 918.4974743 920.1464199 897.2639068 910.8484171 946.4234477 981.2322581 989.8122159 1005.378455 987.8884573 964.4540112 916.9170842 877.8817464 848.4950346 847.4471859 864.1271617 -9999 -9999 -9999 -9999 -9999 -9999 -9999 -9999 -9999 -9999
-9999 -9999 -9999 -9999 -9999 -9999 1196.093137 1187.471506 1168.189475 1163.483686 1139.626812 1133.109011 1113.677208 1095.496386 1075.877888 1060.476619 1031.53455 1000.806 961.4764739 919.689945 889.4284452 895.6418378 887.5008591 856.5865964 816.2044398 786.2798885 764.5831676 729.7433967 660.0946693 623.1136328 612.7128762 608.5933807 599.9243045 553.4444501 490.5852978 473.6374736 493.5820864 509.7200075 493.7995719 462.2226636 455.8346796 456.2708028 450.7151783 443.4003197 417.3839532 422.2861509 458.5286701 474.7207987 480.0845937 488.2494192 539.4171162 601.003985 635.4340306 676.429706 750.064096 804.7647079 802.4518419 784.5654536 812.1326629 862.4423507 901.8656327 910.3028033 922.9407388 934.9970468 927.6846652 906.791511 882.2006827 869.4269792 880.538894 900.009363 922.1224641 950.0605038 947.7577733 922.0166609 -9999 -9999 -9999 -9999 -9999 -9999
-9999 -9999 -9999 -9999 1245.195163 1233.212017 1245.782829 1222.571359 1191.502402 1159.312764 1128.748575 1093.46774 1068.314264 1040.472267 1001.330039 966.6939104 926.4574954 894.5177737 842.7631497 777.1140916 728.5999064 705.8378229 695.0666993 641.6165041 584.5249291 533.6565734 516.4067629 494.6956476 462.6535733 409.8299202 384.9714214 377.8389716 361.1867296 333.2428349 294.40397 264.370533 279.2040923 285.255771 283.3370629 275.914522 253.7442666 253.3710767 252.4373919 252.3419771 249.9707843 248.066943 266.6795054 296.5122287 308.0090993 314.1759295 333.3941859 395.4145484 433.9302828 454.7214201 472.5907972 516.3455037 585.8090669 604.0500985 652.0836704 699.6889262 759.4841952 780.4547686 808.3518824 830.4622636 857.2554202 853.3424907 847.597308 864.7625301 893.1862226 923.2564998 936.7883549 954.3029186 963.7083996 933.1679447 914.9687303 883.688689 -9999 -9999 -9999 -9999
-9999 -9999 1302.561762 1253.759862 1198.471942 1191.146959 1191.198398 1187.727251 1162.219208 1113.344317 1038.575139 989.7962101 948.6961351 920.5534089 864.3293772 785.4047585 717.7716902 676.757869 626.4732306 564.7201932 508.2282859 478.5819649 465.7653445 434.8989187 388.559739 338.2380792 317.2713223 296.5686932 273.9518984 249.0688024 229.768319 229.5287399 229.0323263 228.3465694 227.6459676 227.3113729 227.45148 227.5205196 232.7918959 235.1673169 235.0692448 234.7418283 234.8880508 235.2433292 238.7233476 235.6693155 235.4460658 235.5651454 235.7620178 235.7717011 236.1295204 237.9118222 283.3757034 293.4372019 296.0360937 334.7351664 391.5318392 430.8051526 443.2695184 474.2242369 542.1249696 591.3511976 635.6246708 677.3175816 722.2291208 748.0932651 788.4669888 824.1722288 865.1167808 907.066167 928.0512207 944.5196504 945.3013147 943.6058517 926.6412951 910.3662503 894.4291183 886.3470071 -9999 -9999
-9999 1403.130873 1330.895835 1204.422304 1126.665993 1084.35141 1049.6753 1025.621741 1003.26969 988.9045831 886.5979111 790.5278499 708.6320566 684.6361592 639.8839291 550.8989748 472.2078951 438.28691 410.8847422 368.9249942 320.9218603 282.1089101 260.1574384 231.6518912 229.8955323 228.47347 228.0286537 227.6780586 227.3994452 227.5324536 237.4015152 229.3627362 230.5389151 246.1396784 258.8276471 259.2728941 261.887923 282.1804819 307.520027 319.4118986 314.3279368 293.1200198 303.3928145 323.5842861 327.4204904 307.8402512 292.2800371 300.9108739 312.9738705 297.3208453 267.1240328 252.1164527 236.4418866 233.4814372 233.0783938 233.7867786 256.6060854 290.8757643 304.4752174 327.7430898 375.5707758 429.5245287 473.5968639 522.969438 577.8734293 634.8295641 683.755134 731.5776631 787.7619412 821.3961171 848.4332896 896.9241284 917.1597441 913.3686101 921.0179724 922.5561767 915.2724079 908.5344608 -9999 -9999
-9999 1480.149746 1336.408972 1150.546245 1004.830251 948.573638 839.7330391 763.602056 743.0661108 770.7714052 675.3414026 470.8277087 403.3290933 402.2546163 347.8579561 280.5180167 244.1248138 229.2290464 228.1732361 226.7830395 225.5908155 224.9631477 224.8662078 230.3975906 244.3251148 251.7749956 252.0056332 253.2619302 267.8310907 284.3012115 299.2034872 299.6235024 312.4767254 346.8350885 374.5887216 385.7334942 392.1593944 409.5850407 441.1153875 463.853436 473.5555265 452.1599986 462.9133452 482.2800937 486.9407297 464.6099488 434.1697889 444.2270583 444.739724 427.6137346 393.0803723 362.3447367 345.0418721 319.6234732 287.3090434 251.6364361 233.7185087 233.2166064 233.2126877 232.9363497 268.1900545 312.3827758 338.7724624 387.9817858 446.7434499 507.7467945 552.2901214 595.3578238 647.1041836 684.5661892 726.9910065 780.1017256 832.871085 854.7996477 891.5537863 910.774054 -9999 -9999 -9999 -9999
-9999 1555.052714 1362.113967 1094.407567 832.6649056 718.2716494 538.2943594 430.882989 385.1662072 337.0593541 301.439761 261.9040559 259.3911531 259.3838161 257.9011499 257.5824978 248.1477338 246.277883 251.068517 260.3851347 267.6100841 270.2874261 272.1832447 279.6816394 291.2590201 304.6819646 315.047879 323.6408674 354.308715 381.2337146 407.8035404 416.628888 442.8616005 525.5429075 564.2999078 591.4954615 637.7751008 642.3109968 651.2770359 677.3766688 693.3798798 706.9381628 689.8687321 690.8228057 691.1640391 684.9954992 667.1439731 652.6031829 618.0901365 589.0245308 551.2429919 508.0345158 482.5933504 446.3838161 404.9049001 356.47677 331.0267444 304.7737864 265.7347753 231.2429066 230.8238265 231.2473478 246.2336816 278.9553702 334.7605715 381.2132525 404.7892029 448.0779353 488.784378 533.2232588 578.7711542 630.8610315 690.6669505 767.8293539 805.4900772 -9999 -9999 -9999 -9999 -9999
-9999 1732.529476 1457.784725 1150.669352 811.8258794 502.705936 431.3681753 331.0455528 327.0047646 327.6901032 346.9186465 328.8590658 296.643061 296.4481089 319.4692656 327.538678 337.0042386 338.0945446 325.6551123 349.1552092 374.3909349 384.9616081 384.6952323 395.6383052 416.1016633 431.2943107 441.1603727 455.6500837 497.1470487 539.4408222 610.5337433 627.431744 690.8231601 748.7358065 789.9579934 834.2834361 882.6384337 882.7557777 865.9979207 881.1901572 902.3824892 920.5468772 895.3298556 880.2244802 869.8041822 880.3236865 872.7695775 840.4390554 795.7307477 758.1619519 715.247847 669.3043783 632.9861861 591.5812061 562.7073366 516.0760929 477.3220031 439.3507552 375.7927002 311.1500667 284.5660202 256.3461702 231.29002 230.7886147 240.1354032 272.743131 291.5025154 309.2911128 349.2189416 391.1041215 431.6027381 486.5030723 546.2660078 -9999 -9999 -9999 -9999 -9999 -9999 -9999
-9999 1850.212902 1676.773182 1393.796172 1076.578007 835.894644 675.9358727 579.048142 511.4709232 518.5375094 505.4818792 483.0262802 457.2101988 439.7419344 464.0392055 499.3839941 526.2482422 523.0375716 523.3461812 548.1184021 576.9288592 591.0945139 591.0853059 597.1981904 620.8692249 634.3540099 642.8458705 661.6884606 692.5054552 740.7344451 816.2351034 879.5238718 937.1823608 969.2656044 997.2780608 1028.591243 1065.306039 1053.785021 1038.900691 1042.822923 1054.493486 1058.545597 1029.236756 1011.128513 1001.498173 1014.939335 997.3459595 971.9457325 932.3990377 893.6168421 849.9089271 801.1842076 754.5748892 729.9418095 718.8419736 695.3665926 661.3262038 615.0618329 538.4742643 457.1027712 397.1433326 359.3343181 314.2624658 281.3357657 262.2256178 227.7429837 226.9513885 227.9463942 246.0660436 274.6499675 323.0066492 -9999 -9999 -9999 -9999 -9999 -9999 -9999 -9999 -9999
-9999 -9999 1865.718025 1692.582148 1539.435301 1346.870544 1191.887746 1085.040841 1010.236589 917.7397761 828.6124444 758.165763 721.9556536 708.0097497 725.690144 764.105819 788.8499117 788.2309085 796.7000986 809.5222287 832.1356836 840.039567 848.4036513 855.0863807 866.8413074 872.8291891 876.8808675 886.3033902 906.7166374 951.1895117 1001.074826 1050.975928 1103.303346 1126.886023 1147.569259 1168.923867 1171.070812 1172.727107 1165.730033 1164.179228 1158.337846 1146.42354 1125.967339 1104.802076 1095.689915 1088.79636 1076.962136 1054.348597 1022.651223 983.4181883 933.4215339 880.767036 846.0395578 837.257325 849.4348978 846.7596358 829.0765368 791.110607 715.1516065 640.908273 562.221453 504.4544679 440.7271911 391.63386 369.6950724 333.0698031 274.8264206 227.6717452 200.8776724 222.4246977 -9999 -9999 -9999 -9999 -9999 -9999 -9999 -9999 -9999 -9999
-9999 -9999 -9999 -9999 1844.829527 1682.281127 1583.620535 1499.343564 1372.102868 1258.091817 1163.806138 1087.174048 1034.306951 1011.56322 1022.696039 1026.799077 1034.395041 1038.20781 1046.664452 1051.015241 1055.301773 1062.408332 1073.555191 1080.495892 1080.287109 1075.86225 1077.188975 1089.386713 1104.407957 1129.389695 1151.251806 1184.963658 1220.526842 1248.614387 1260.768827 1266.608928 1265.90723 1271.330489 1261.704722 1254.918625 1239.901719 1224.541601 1200.715019 1172.494775 1159.980862 1146.077101 1136.876298 1116.850542 1087.88469 1036.586791 976.1303461 922.3792646 891.06285 890.0098175 918.4220571 936.9247957 943.4757253 919.9184578 878.9897653 817.5995126 726.7086804 664.7008977 610.5050686 564.3150827 528.1927985 473.0492097 396.142845 324.3189974 -9999 -9999 -9999 -9999 -9999 -9999 -9999 -9999 -9999 -9999 -9999 -9999
-9999 -9999 -9999 -9999 -9999 -9999 1895.395004 1793.349909 1708.77982 1575.339703 1453.648412 1358.811786 1283.617269 1257.916589 1238.825342 1215.716922 1219.705938 1236.86994 1253.841892 1236.424367 1225.466575 1230.136529 1257.752443 1258.427846 1254.084594 1244.463734 1245.235677 1250.566824 1274.472708 1264.420922 1264.25689 1286.243074 1311.235344 1324.560566 1335.436897 1325.019209 1323.891532 1336.297746 1334.161784 1307.799333 1287.945661 1274.625529 1252.436095 1219.546754 1187.840927 1173.767216 1173.170472 1167.594632 1127.31584 1058.44688 989.7850061 938.257786 909.6190387 904.4638878 934.9943955 978.2212788 1002.603985 999.8590165 970.4747272 923.7261078 855.1532927 813.6955441 789.313421 772.5084206 749.4560163 661.4987511 -9999 -9999 -9999 -9999 -9999 -9999 -9999 -9999 -9999 -9999 -9999 -9999 -9999 -9999
-9999 -9999 -9999 -9999 -9999 -9999 -9999 -9999 -9999 1852.790067 1661.836911 1542.298929 1482.714929 1426.182917 1378.820054 1357.326343 1346.358322 1361.454169 1391.985906 1379.08732 1342.564071 1355.959259 1387.660832 1380.447005 1360.442998 1359.520948 1362.158673 1365.7615 1367.335189 1346.666754 1320.893994 1334.074664 1352.843817 1349.314423 1344.361642 1335.378486 1326.377099 1351.162335 1377.755331 1333.890817 1291.212713 1280.43423 1268.016393 1225.670065 1186.513118 1182.596602 1178.612006 1173.301026 1155.070548 1067.798909 -9999 -9999 -9999 -9999 -9999 -9999 -9999 -9999 -9999 -9999 -9999 -9999 -9999 -9999 -9999 -9999 -9999 -9999 -9999 -9999 -9999 -9999 -9999 -9999 -9999 -9999 -9999 -9999 -9999 -9999
-9999 -9999 -9999 -9999 -9999 -9999 -9999 -9999 -9999 -9999 -9999 -9999 -9999 -9999 -9999 -9999 -9999 -9999 -9999 -9999 -9999 -9999 -9999 -9999 -9999 -9999 -9999 -9999 -9999 -9999 -9999 -9999 -9999 -9999 -9999 -9999 -9999 -9999 -9999 -9999 -9999 -9999 -9999 -9999 -9999 -9999 -9999 -9999 -9999 -9999 -9999 -9999 -9999 -9999 -9999 -9999 -9999 -9999 -9999 -9999 -9999 -9999 -9999 -9999 -9999 -9999 -9999 -9999 -9999 -9999 -9999 -9999 -9999 -9999 -9999 -9999 -9999 -9999 -9999 -9999