Borden/Borden1m_014/dem1.asc
ncols         80
nrows         18
xllcorner     620200.000000
yllcorner     5168000.000000
cellsize      1.000000
NODATA_value  -9999.0
-9999.0 -9999.0 -9999.0 -9999.0 -9999.0 -9999.0 -9999.0 -9999.0 -9999.0 -9999.0 -9999.0 -9999.0 -9999.0 -9999.0 -9999.0 -9999.0 -9999.0 -9999.0 -9999.0 -9999.0 -9999.0 -9999.0 -9999.0 -9999.0 -9999.0 -9999.0 -9999.0 -9999.0 -9999.0 -9999.0 -9999.0 -9999.0 -9999.0 -9999.0 -9999.0 -9999.0 -9999.0 -9999.0 -9999.0 -9999.0 -9999.0 -9999.0 -9999.0 -9999.0 -9999.0 -9999.0 -9999.0 -9999.0 -9999.0 -9999.0 -9999.0 -9999.0 -9999.0 -9999.0 -9999.0 -9999.0 -9999.0 -9999.0 -9999.0 -9999.0 -9999.0 -9999.0 -9999.0 -9999.0 -9999.0 -9999.0 -9999.0 -9999.0 -9999.0 -9999.0 -9999.0 -9999.0 -9999.0 -9999.0 -9999.0 -9999.0 -9999.0 -9999.0 -9999.0 -9999.0
-9999.0 -9999.0 -9999.0 -9999.0 -9999.0 -9999.0 -9999.0 -9999.0 -9999.0 -9999.0 -9999.0 -9999.0 -9999.0 -9999.0 -9999.0 -9999.0 -9999.0 -9999.0 -9999.0 -9999.0 -9999.0 -9999.0 -9999.0 -9999.0 -9999.0 -9999.0 -9999.0 -9999.0 -9999.0 3.672200 3.683600 3.696190 3.715220 3.725080 3.727270 3.718600 3.703660 3.696610 3.692310 3.695670 3.702470 3.708690 3.731990 3.735330 3.727110 3.713440 3.692450 3.674090 3.663440 3.668780 3.675330 -9999.0 -9999.0 -9999.0 -9999.0 -9999.0 -9999.0 -9999.0 -9999.0 -9999.0 -9999.0 -9999.0 -9999.0 -9999.0 -9999.0 -9999.0 -9999.0 -9999.0 -9999.0 -9999.0 -9999.0 -9999.0 -9999.0 -9999.0 -9999.0 -9999.0 -9999.0 -9999.0 -9999.0 -9999.0
-9999.0 -9999.0 -9999.0 -9999.0 -9999.0 -9999.0 -9999.0 -9999.0 -9999.0 -9999.0 -9999.0 -9999.0 -9999.0 -9999.0 -9999.0 -9999.0 -9999.0 -9999.0 -9999.0 -9999.0 3.753950 3.750720 3.773820 3.807900 3.836500 3.835170 3.800830 3.760880 3.724480 3.714160 3.732260 3.731750 3.737410 3.737250 3.734200 3.728950 3.727240 3.715810 3.707490 3.707640 3.713690 3.719600 3.721780 3.718100 3.713410 3.720860 3.707860 3.692720 3.685770 3.690530 3.717130 3.732590 3.739830 3.753140 3.728570 3.715290 3.691960 3.687100 3.687520 3.713860 3.743350 -9999.0 -9999.0 -9999.0 -9999.0 -9999.0 -9999.0 -9999.0 -9999.0 -9999.0 -9999.0 -9999.0 -9999.0 -9999.0 -9999.0 -9999.0 -9999.0 -9999.0 -9999.0 -9999.0
-9999.0 -9999.0 -9999.0 -9999.0 -9999.0 -9999.0 -9999.0 -9999.0 -9999.0 -9999.0 -9999.0 -9999.0 -9999.0 -9999.0 3.842180 3.852910 3.856460 3.848370 3.815260 3.786190 3.773710 3.781720 3.782290 3.806020 3.826150 3.812700 3.784690 3.754660 3.722050 3.702260 3.715680 3.718960 3.708630 3.680920 3.666220 3.669210 3.690820 3.669260 3.653410 3.643810 3.644970 3.653510 3.638650 3.622660 3.629160 3.646320 3.643890 3.632770 3.617520 3.632110 3.695290 3.716150 3.717840 3.723440 3.735340 3.741360 3.716690 3.714640 3.722070 3.739050 3.770040 3.813080 3.829980 3.791670 3.746820 3.688410 -9999.0 -9999.0 -9999.0 -9999.0 -9999.0 -9999.0 -9999.0 -9999.0 -9999.0 -9999.0 -9999.0 -9999.0 -9999.0 -9999.0
-9999.0 -9999.0 -9999.0 -9999.0 -9999.0 -9999.0 -9999.0 -9999.0 -9999.0 3.897220 3.894470 3.887910 3.886880 3.871840 3.873670 3.867410 3.859540 3.834840 3.804790 3.770770 3.742740 3.753690 3.754070 3.741630 3.733740 3.721420 3.702390 3.663900 3.623230 3.583530 3.611390 3.613740 3.595700 3.547340 3.509500 3.499960 3.517760 3.516930 3.493420 3.469850 3.471200 3.473040 3.451940 3.440940 3.433420 3.449080 3.466700 3.469330 3.445160 3.491040 3.549620 3.602610 3.601680 3.631630 3.672480 3.694990 3.697460 3.674200 3.688410 3.724530 3.759910 3.767720 3.783070 3.766910 3.743650 3.696020 3.657370 3.628210 3.626860 3.643450 -9999.0 -9999.0 -9999.0 -9999.0 -9999.0 -9999.0 -9999.0 -9999.0 -9999.0 -9999.0
-9999.0 -9999.0 -9999.0 -9999.0 -9999.0 -9999.0 3.974640 3.966660 3.947810 3.942190 3.919150 3.911990 3.892160 3.873450 3.854380 3.837900 3.807520 3.776430 3.736090 3.693200 3.662270 3.666780 3.657850 3.624250 3.581140 3.549220 3.528160 3.494700 3.427120 3.390800 3.377560 3.372960 3.364450 3.319900 3.258900 3.241630 3.260910 3.277000 3.262540 3.232480 3.225230 3.225560 3.221050 3.214320 3.188980 3.193110 3.228520 3.245700 3.252510 3.258640 3.306090 3.366700 3.403020 3.442060 3.511850 3.567860 3.570760 3.555600 3.584340 3.634450 3.675510 3.684910 3.698120 3.711790 3.706170 3.686080 3.661510 3.649170 3.660210 3.679420 3.701730 3.729680 3.727550 3.701650 -9999.0 -9999.0 -9999.0 -9999.0 -9999.0 -9999.0
-9999.0 -9999.0 -9999.0 -9999.0 4.023670 4.011910 4.023330 4.001130 3.970180 3.938270 3.906340 3.869610 3.843590 3.815230 3.774180 3.735830 3.693590 3.661320 3.609160 3.543600 3.495060 3.470800 3.459750 3.407160 3.351360 3.301200 3.284580 3.263960 3.234370 3.182970 3.158490 3.151650 3.135480 3.109080 3.071940 3.042460 3.056970 3.062690 3.061140 3.054260 3.032330 3.031970 3.031100 3.031090 3.029060 3.027050 3.045100 3.074500 3.085850 3.091850 3.109680 3.168990 3.207580 3.227060 3.241490 3.282650 3.353600 3.374690 3.420710 3.465940 3.526600 3.550220 3.579620 3.603100 3.632150 3.630520 3.626480 3.644290 3.672420 3.702780 3.716570 3.734170 3.743110 3.712840 3.694620 3.662920 -9999.0 -9999.0 -9999.0 -9999.0
-9999.0 -9999.0 4.080560 4.030210 3.975550 3.967450 3.964540 3.960440 3.935030 3.886250 3.807740 3.755670 3.711450 3.684250 3.627580 3.546440 3.479010 3.439430 3.391900 3.332900 3.278060 3.248690 3.235660 3.206180 3.162540 3.114450 3.094200 3.074090 3.052130 3.028050 3.002040 2.986040 2.981080 2.986360 2.988090 2.989910 2.991600 2.995490 3.012160 3.014360 3.007280 3.005190 3.001770 3.014020 3.017820 3.005350 3.003220 3.002540 3.000370 2.991670 2.981310 3.010300 3.061960 3.071760 3.074060 3.111380 3.166260 3.205740 3.216990 3.246190 3.311990 3.362110 3.406500 3.448890 3.494750 3.523110 3.565090 3.601580 3.643050 3.685310 3.706870 3.724040 3.725030 3.723120 3.706450 3.690070 3.674170 3.666100 -9999.0 -9999.0
-9999.0 4.176440 4.103910 3.976080 3.898620 3.854350 3.811090 3.780520 3.759360 3.750480 3.646080 3.541900 3.463600 3.443070 3.399130 3.313540 3.239550 3.208120 3.183190 3.143730 3.097690 3.059910 3.038350 3.004620 2.981150 2.986150 2.989480 2.990890 2.999530 3.007170 3.017240 3.009210 3.010330 3.025700 3.038160 3.038510 3.041050 3.061020 3.085900 3.097430 3.092220 3.071470 3.081530 3.101250 3.105000 3.085920 3.070910 3.079360 3.091310 3.075940 3.046270 3.031600 3.015080 3.000900 2.980810 3.002910 3.035750 3.069450 3.082850 3.105340 3.151870 3.205140 3.248210 3.297090 3.351720 3.409430 3.458170 3.505710 3.562100 3.595720 3.623290 3.673050 3.695330 3.692390 3.700850 3.702460 3.695050 3.688290 -9999.0 -9999.0
-9999.0 4.242360 4.098560 3.912530 3.768350 3.708300 3.590310 3.512610 3.491420 3.511430 3.422690 3.233230 3.174290 3.174080 3.121730 3.057510 3.018280 2.996370 2.982810 2.992060 2.998810 2.996730 3.001620 3.010310 3.024190 3.031590 3.031770 3.032970 3.047280 3.063460 3.078170 3.078380 3.090770 3.123580 3.150520 3.160900 3.165960 3.183510 3.215020 3.237010 3.245700 3.223390 3.235010 3.254760 3.259370 3.236910 3.207080 3.217900 3.219840 3.203200 3.169150 3.139440 3.122460 3.097760 3.066140 3.031090 3.012640 2.992860 2.986710 3.011220 3.047320 3.090730 3.116470 3.164700 3.222820 3.283130 3.326580 3.368890 3.419390 3.457020 3.499600 3.552020 3.606610 3.632020 3.669600 3.690510 -9999.0 -9999.0 -9999.0 -9999.0
-9999.0 4.299720 4.106300 3.837380 3.593990 3.473660 3.303680 3.201030 3.157710 3.109880 3.063530 2.996520 2.989460 3.006270 3.033160 3.036980 3.027860 3.025900 3.030760 3.039900 3.046900 3.049470 3.051360 3.058770 3.070230 3.083510 3.093710 3.102030 3.131990 3.158230 3.183230 3.191550 3.215300 3.295110 3.333010 3.357760 3.400240 3.405900 3.417590 3.443480 3.458410 3.468720 3.454600 3.457800 3.459010 3.450910 3.431950 3.420330 3.388810 3.361070 3.324010 3.282060 3.257580 3.222120 3.180890 3.133330 3.108600 3.083090 3.044920 3.010500 2.990120 2.997330 3.025820 3.057870 3.112620 3.158470 3.181300 3.223340 3.263210 3.307220 3.352060 3.403360 3.462040 3.543480 3.581820 -9999.0 -9999.0 -9999.0 -9999.0 -9999.0
-9999.0 4.438610 4.170550 3.869940 3.537370 3.255970 3.200380 3.084520 3.037120 3.102610 3.124940 3.106850 3.075260 3.075250 3.097870 3.105350 3.114050 3.115130 3.102860 3.125800 3.150290 3.160460 3.160260 3.171090 3.190930 3.205950 3.215750 3.229570 3.270250 3.310760 3.378410 3.391920 3.450560 3.510640 3.551850 3.594410 3.642460 3.644170 3.629950 3.646460 3.667410 3.685580 3.662000 3.648670 3.639130 3.647990 3.640300 3.608980 3.565330 3.528880 3.486690 3.441690 3.406760 3.365420 3.335650 3.288650 3.250920 3.213910 3.151830 3.088990 3.063530 3.035750 2.999360 2.980950 3.019040 3.051870 3.070350 3.087390 3.126500 3.167680 3.207780 3.260900 3.319910 -9999.0 -9999.0 -9999.0 -9999.0 -9999.0 -9999.0 -9999.0
-9999.0 4.577310 4.336590 4.076640 3.771320 3.551110 3.417360 3.327530 3.268230 3.280420 3.273360 3.253450 3.228200 3.211580 3.235580 3.268790 3.294260 3.291380 3.290480 3.315130 3.343360 3.357370 3.356950 3.363140 3.386620 3.400350 3.408970 3.427540 3.458710 3.504950 3.579630 3.638940 3.696240 3.731380 3.760640 3.792950 3.832540 3.821950 3.806670 3.811930 3.825270 3.830780 3.801670 3.784290 3.774680 3.788800 3.771470 3.745490 3.705410 3.666990 3.623780 3.575660 3.529700 3.504220 3.491310 3.465700 3.430950 3.384950 3.309700 3.230330 3.173140 3.136440 3.092400 3.060380 3.041600 3.000190 2.990850 3.007750 3.025350 3.053520 3.100820 -9999.0 -9999.0 -9999.0 -9999.0 -9999.0 -9999.0 -9999.0 -9999.0 -9999.0
-9999.0 -9999.0 4.575600 4.376070 4.201780 4.014300 3.870350 3.774570 3.715650 3.645090 3.570190 3.508610 3.476120 3.463090 3.480820 3.519870 3.545410 3.544590 3.552020 3.565950 3.589860 3.598230 3.605510 3.611890 3.625370 3.632720 3.637290 3.646980 3.668080 3.712580 3.765580 3.816670 3.870560 3.894910 3.916670 3.939830 3.944700 3.945360 3.938070 3.937230 3.933020 3.922120 3.901390 3.880900 3.872000 3.866240 3.854020 3.831030 3.798750 3.759810 3.710250 3.658220 3.623750 3.614380 3.624920 3.620210 3.600230 3.560520 3.483050 3.409260 3.333830 3.278040 3.215560 3.167780 3.146520 3.110350 3.053520 3.006490 2.980610 3.002080 -9999.0 -9999.0 -9999.0 -9999.0 -9999.0 -9999.0 -9999.0 -9999.0 -9999.0 -9999.0
-9999.0 -9999.0 -9999.0 -9999.0 4.518670 4.359220 4.267190 4.185950 4.072210 3.973630 3.889660 3.821120 3.776240 3.755560 3.770100 3.780820 3.790380 3.792340 3.799770 3.807170 3.814560 3.821950 3.831030 3.838310 3.839760 3.837090 3.838740 3.851030 3.865330 3.894470 3.920110 3.955390 3.992730 4.021670 4.034610 4.042320 4.041940 4.046720 4.036940 4.031380 4.016980 4.001660 3.977800 3.950250 3.938580 3.924910 3.915360 3.894640 3.865480 3.814240 3.754170 3.701170 3.670470 3.669120 3.697270 3.714690 3.719370 3.694070 3.650300 3.586970 3.497040 3.435960 3.381040 3.334490 3.299100 3.246260 3.172370 3.102060 -9999.0 -9999.0 -9999.0 -9999.0 -9999.0 -9999.0 -9999.0 -9999.0 -9999.0 -9999.0 -9999.0 -9999.0
-9999.0 -9999.0 -9999.0 -9999.0 -9999.0 -9999.0 4.581350 4.489450 4.397430 4.285700 4.183890 4.099240 4.030400 4.009880 3.997610 3.978070 3.983900 3.999500 4.014130 3.999140 3.992080 3.996160 4.021470 4.023460 4.020880 4.011270 4.012020 4.017900 4.042210 4.036330 4.039170 4.061930 4.087830 4.102550 4.114010 4.104120 4.103120 4.115030 4.111700 4.086410 4.067310 4.053870 4.031200 3.998470 3.967060 3.953530 3.952890 3.946760 3.904950 3.835860 3.767960 3.717410 3.689330 3.683950 3.714240 3.756820 3.780460 3.776340 3.745360 3.696630 3.626740 3.584400 3.557140 3.536960 3.512000 3.428590 -9999.0 -9999.0 -9999.0 -9999.0 -9999.0 -9999.0 -9999.0 -9999.0 -9999.0 -9999.0 -9999.0 -9999.0 -9999.0 -9999.0
-9999.0 -9999.0 -9999.0 -9999.0 -9999.0 -9999.0 -9999.0 -9999.0 -9999.0 4.550660 4.393450 4.290170 4.231610 4.183780 4.143720 4.123130 4.114820 4.129750 4.157400 4.144420 4.112290 4.124610 4.154860 4.149520 4.132050 4.130030 4.132390 4.136280 4.140530 4.121510 4.098240 4.112210 4.131320 4.128840 4.124260 4.115240 4.105970 4.130590 4.155190 4.112260 4.070770 4.060320 4.047360 4.004640 3.966250 3.962540 3.958580 3.953180 3.932890 3.843530 -9999.0 -9999.0 -9999.0 -9999.0 -9999.0 -9999.0 -9999.0 -9999.0 -9999.0 -9999.0 -9999.0 -9999.0 -9999.0 -9999.0 -9999.0 -9999.0 -9999.0 -9999.0 -9999.0 -9999.0 -9999.0 -9999.0 -9999.0 -9999.0 -9999.0 -9999.0 -9999.0 -9999.0 -9999.0 -9999.0
-9999.0 -9999.0 -9999.0 -9999.0 -9999.0 -9999.0 -9999.0 -9999.0 -9999.0 -9999.0 -9999.0 -9999.0 -9999.0 -9999.0 -9999.0 -9999.0 -9999.0 -9999.0 -9999.0 -9999.0 -9999.0 -9999.0 -9999.0 -9999.0 -9999.0 -9999.0 -9999.0 -9999.0 -9999.0 -9999.0 -9999.0 -9999.0 -9999.0 -9999.0 -9999.0 -9999.0 -9999.0 -9999.0 -9999.0 -9999.0 -9999.0 -9999.0 -9999.0 -9999.0 -9999.0 -9999.0 -9999.0 -9999.0 -9999.0 -9999.0 -9999.0 -9999.0 -9999.0 -9999.0 -9999.0 -9999.0 -9999.0 -9999.0 -9999.0 -9999.0 -9999.0 -9999.0 -9999.0 -9999.0 -9999.0 -9999.0 -9999.0 -9999.0 -9999.0 -9999.0 -9999.0 -9999.0 -9999.0 -9999.0 -9999.0 -9999.0 -9999.0 -9999.0 -9999.0 -9999.0