Borden/Borden1m_014/slope.asc
ncols         80
nrows         18
xllcorner     620200.000000
yllcorner     5168000.000000
cellsize      1.000000
NODATA_value  -9999.0
-9999.0 -9999.0 -9999.0 -9999.0 -9999.0 -9999.0 -9999.0 -9999.0 -9999.0 -9999.0 -9999.0 -9999.0 -9999.0 -9999.0 -9999.0 -9999.0 -9999.0 -9999.0 -9999.0 -9999.0 -9999.0 -9999.0 -9999.0 -9999.0 -9999.0 -9999.0 -9999.0 -9999.0 -9999.0 -9999.0 -9999.0 -9999.0 -9999.0 -9999.0 -9999.0 -9999.0 -9999.0 -9999.0 -9999.0 -9999.0 -9999.0 -9999.0 -9999.0 -9999.0 -9999.0 -9999.0 -9999.0 -9999.0 -9999.0 -9999.0 -9999.0 -9999.0 -9999.0 -9999.0 -9999.0 -9999.0 -9999.0 -9999.0 -9999.0 -9999.0 -9999.0 -9999.0 -9999.0 -9999.0 -9999.0 -9999.0 -9999.0 -9999.0 -9999.0 -9999.0 -9999.0 -9999.0 -9999.0 -9999.0 -9999.0 -9999.0 -9999.0 -9999.0 -9999.0 -9999.0
-9999.0 -9999.0 -9999.0 -9999.0 -9999.0 -9999.0 -9999.0 -9999.0 -9999.0 -9999.0 -9999.0 -9999.0 -9999.0 -9999.0 -9999.0 -9999.0 -9999.0 -9999.0 -9999.0 -9999.0 -9999.0 -9999.0 -9999.0 -9999.0 -9999.0 -9999.0 -9999.0 -9999.0 -9999.0 -9999.0 -9999.0 -9999.0 -9999.0 -9999.0 -9999.0 -9999.0 -9999.0 -9999.0 -9999.0 -9999.0 -9999.0 -9999.0 -9999.0 -9999.0 -9999.0 -9999.0 -9999.0 -9999.0 -9999.0 -9999.0 -9999.0 -9999.0 -9999.0 -9999.0 -9999.0 -9999.0 -9999.0 -9999.0 -9999.0 -9999.0 -9999.0 -9999.0 -9999.0 -9999.0 -9999.0 -9999.0 -9999.0 -9999.0 -9999.0 -9999.0 -9999.0 -9999.0 -9999.0 -9999.0 -9999.0 -9999.0 -9999.0 -9999.0 -9999.0 -9999.0
-9999.0 -9999.0 -9999.0 -9999.0 -9999.0 -9999.0 -9999.0 -9999.0 -9999.0 -9999.0 -9999.0 -9999.0 -9999.0 -9999.0 -9999.0 -9999.0 -9999.0 -9999.0 -9999.0 -9999.0 1.147032 2.213955 1.707954 1.798287 1.742122 1.643238 2.319213 2.215006 1.345404 2.616448 2.971976 2.062188 1.680077 3.225381 3.896204 3.424572 2.119433 2.724419 3.131889 3.656522 3.946001 3.788227 2.680342 3.233221 2.836023 4.327042 3.747472 3.488367 3.924507 3.461467 2.679036 1.144465 1.390420 2.207417 1.151460 1.824512 1.630470 1.601890 2.121855 2.153320 2.277715 -9999.0 -9999.0 -9999.0 -9999.0 -9999.0 -9999.0 -9999.0 -9999.0 -9999.0 -9999.0 -9999.0 -9999.0 -9999.0 -9999.0 -9999.0 -9999.0 -9999.0 -9999.0 -9999.0
-9999.0 -9999.0 -9999.0 -9999.0 -9999.0 -9999.0 -9999.0 -9999.0 -9999.0 -9999.0 -9999.0 -9999.0 -9999.0 -9999.0 1.905413 0.925964 0.495965 1.411825 1.878950 1.482041 1.912400 1.792505 1.759825 2.275435 3.158522 3.464178 3.270220 3.303757 3.262492 3.904227 3.491234 3.428060 4.195900 5.557045 6.464475 6.568895 6.104357 5.777748 6.152091 6.802208 6.918560 7.078319 7.733397 7.941485 7.997365 7.799227 6.886269 6.417114 6.914369 6.110617 5.353255 3.773803 3.956909 3.512516 3.633140 3.006648 1.610047 2.354490 2.098513 1.992079 2.612830 3.111917 3.465910 2.770594 2.961114 3.371030 -9999.0 -9999.0 -9999.0 -9999.0 -9999.0 -9999.0 -9999.0 -9999.0 -9999.0 -9999.0 -9999.0 -9999.0 -9999.0 -9999.0
-9999.0 -9999.0 -9999.0 -9999.0 -9999.0 -9999.0 -9999.0 -9999.0 -9999.0 2.579661 1.438698 1.396437 0.550854 0.866581 1.838925 1.738048 3.120078 2.588133 2.915189 3.199262 3.569092 3.305075 3.630629 5.225263 7.007702 7.557255 7.488579 7.737544 8.689965 9.129976 9.633201 9.867196 9.940883 10.513571 11.586952 12.108121 12.171701 11.117382 11.136151 11.695667 11.852977 12.134586 11.827724 11.551025 12.442737 12.801131 11.746230 11.036336 10.657487 10.973585 11.444182 10.347298 9.103345 8.254610 6.625156 5.008863 4.379320 4.736251 4.193358 3.624902 2.974682 3.726002 3.883365 2.550191 2.339747 2.534844 1.956275 1.484980 2.133198 2.268386 -9999.0 -9999.0 -9999.0 -9999.0 -9999.0 -9999.0 -9999.0 -9999.0 -9999.0 -9999.0
-9999.0 -9999.0 -9999.0 -9999.0 -9999.0 -9999.0 2.824677 2.118318 1.460577 2.702240 1.657277 2.546644 2.991152 3.502590 3.023863 3.994909 5.056616 5.360005 6.067726 6.810664 7.274130 8.066615 8.457264 9.735838 11.025145 11.957059 11.896874 11.654003 11.378817 11.409455 12.769010 13.014674 13.041670 12.701949 12.530471 12.928876 13.011131 12.826957 12.258857 11.784619 12.383081 12.439175 11.886943 11.615438 11.517027 11.966146 11.993266 11.187525 10.191288 11.386207 12.762614 12.525460 11.344098 11.831021 12.652420 11.764449 9.792603 8.670124 7.943505 7.806330 6.806187 6.239707 5.858566 4.746833 3.274488 2.269913 2.267382 1.393312 1.566309 2.073638 1.671680 1.621518 1.199666 1.616122 -9999.0 -9999.0 -9999.0 -9999.0 -9999.0 -9999.0
-9999.0 -9999.0 -9999.0 -9999.0 2.835913 2.633128 3.595860 2.782366 2.699648 2.430212 3.743753 4.814209 5.390319 5.753989 6.851155 8.597900 9.560421 9.854382 10.308401 10.700862 11.063085 11.848214 12.050598 12.185679 12.183233 12.403835 12.285905 11.958417 10.858477 10.497875 10.670122 10.968056 10.916211 9.635189 7.938249 7.365581 7.690382 8.018557 7.139738 6.277710 6.251446 6.287870 6.256968 5.719396 4.892817 5.460846 6.567048 7.027700 7.202186 7.633059 9.475760 10.470185 9.814138 10.532439 12.443084 13.225778 11.718107 10.099558 10.716867 11.377144 10.568779 9.289200 8.429194 7.634893 6.256292 4.661262 2.942101 1.894251 2.373392 1.840865 1.237389 0.956440 2.019318 1.518860 1.582201 2.389983 -9999.0 -9999.0 -9999.0 -9999.0
-9999.0 -9999.0 3.176710 4.312583 4.001771 4.515393 6.060842 6.350177 6.376155 6.471552 8.283518 9.691575 10.941549 10.799255 11.298013 12.616636 13.128942 12.993453 12.382516 11.743371 11.480471 11.669549 11.956835 11.561126 10.796818 9.156655 8.470438 7.865387 6.823298 5.222235 8.970337 9.421868 8.782202 6.999181 4.794103 3.009804 3.743490 3.889081 4.251614 4.765796 4.862082 3.795290 4.613503 5.006235 5.032907 4.625157 3.873270 4.393581 5.205406 5.746467 7.497200 9.298722 5.769395 6.460751 7.510381 8.377803 9.412905 8.794703 9.655644 10.561637 11.096286 10.142583 9.719958 9.047843 8.252781 6.617014 5.304808 4.545562 3.961304 3.566028 2.891003 1.825994 1.372902 1.838765 1.164267 1.461964 1.379137 1.352615 -9999.0 -9999.0
-9999.0 5.597711 5.873079 6.747514 6.851594 7.787815 10.797866 12.702408 12.533761 11.077368 12.350421 15.466549 15.274359 14.419211 14.632445 14.421518 13.296116 12.588465 11.698528 9.965167 8.294107 7.374602 6.856393 11.506970 10.364955 7.314914 5.979738 4.764680 3.046751 3.261323 2.254832 2.683094 3.174444 4.004562 4.657441 4.887321 5.023588 5.520355 5.883605 6.385997 6.837942 6.337063 6.705294 6.895901 6.971119 6.674846 5.882381 6.173226 6.322934 6.171759 5.512047 3.800382 6.190755 5.617764 5.474113 6.384527 4.784837 6.221478 6.646698 6.981040 8.049980 8.193506 8.649993 8.599501 8.368793 7.478173 7.328288 7.261641 6.873627 6.739621 6.311991 5.327300 3.619882 2.652558 1.094249 0.827117 1.263125 1.328846 -9999.0 -9999.0
-9999.0 8.892096 9.374774 10.152820 10.391303 11.867065 15.212001 16.379834 16.781755 18.385032 17.889284 16.680434 13.436539 12.406076 10.870925 8.398340 12.591560 11.996429 11.356113 8.636128 5.660111 3.625924 2.873901 1.680153 2.621931 2.795376 2.983530 3.211414 3.887950 4.408386 4.763425 5.221606 5.991109 7.855957 8.452367 9.079746 10.201224 9.880432 9.535988 9.854163 10.450699 11.302989 10.602678 10.131288 10.116497 10.445665 10.368612 9.681697 8.512709 8.239185 8.109055 7.259657 7.013738 6.511466 6.019469 4.031737 5.588329 5.208498 5.666058 3.221009 5.149464 6.249367 6.683696 7.457473 7.599040 7.732452 8.246120 8.453177 8.855825 8.515151 8.177030 8.254444 7.029815 4.621874 3.793854 1.379636 -9999.0 -9999.0 -9999.0 -9999.0
-9999.0 12.237156 13.167825 14.946628 12.157540 15.042211 13.381537 12.742867 13.043983 11.846824 19.981511 13.473506 10.514055 9.604966 5.136585 3.945766 2.759769 3.409566 3.458280 3.853346 4.339914 4.681808 4.542957 4.627533 4.817655 5.027194 5.282259 5.718877 6.558602 7.197005 8.589125 8.955474 10.602983 11.435562 11.480356 12.371671 13.466627 12.979605 11.767239 11.625804 11.927388 13.035773 12.076991 11.142758 10.760881 11.639264 12.251519 11.129451 9.941128 9.426932 9.291891 8.795736 8.265820 7.925495 8.075207 7.618455 6.942130 6.561318 5.153324 4.752362 4.356747 5.431946 3.771271 5.801906 6.482684 6.877865 7.528418 8.339451 8.661407 8.605689 8.733750 8.844346 9.065386 6.101363 5.471540 -9999.0 -9999.0 -9999.0 -9999.0 -9999.0
-9999.0 16.797044 17.054181 18.697794 21.105068 18.770341 13.132233 14.378354 13.507094 10.378776 6.122423 7.454486 6.865992 6.000764 5.842335 6.627312 7.592191 7.593099 7.512280 7.949571 8.488151 8.770753 8.708784 8.696319 9.042916 9.029117 8.982529 9.370527 9.554934 10.292711 11.437225 12.766806 13.911505 12.622401 12.291445 12.530946 12.274947 11.778014 11.047420 10.490893 10.451848 10.345945 9.899200 9.293795 8.985389 9.602215 9.696867 9.472285 9.273857 8.974767 8.872062 8.650804 8.042830 8.276323 9.083906 9.731548 9.394516 9.026237 8.328056 6.755241 5.444034 4.380224 5.539829 5.034223 5.714741 4.755735 5.532807 6.356035 7.154506 7.587199 7.631514 8.704120 8.748791 -9999.0 -9999.0 -9999.0 -9999.0 -9999.0 -9999.0 -9999.0
-9999.0 15.526356 17.848561 20.775424 22.955717 22.706148 19.450455 19.442538 19.004143 15.190384 12.573071 11.428063 11.393670 11.056259 10.956903 11.822811 12.253141 12.119550 12.731026 12.497975 12.450989 12.370953 12.555495 12.456529 12.298912 12.061430 11.926053 11.869746 11.455612 11.849351 11.576869 12.420153 12.135313 11.023976 10.480637 10.004721 8.878968 8.595164 8.800432 8.288664 7.583710 6.944409 6.951832 6.667420 6.689543 6.305179 6.222501 6.607356 7.019676 6.982046 6.885011 6.732195 6.516301 7.178669 8.301541 9.564755 10.162954 10.403793 10.357424 9.875337 8.142122 7.276966 6.537260 5.529376 4.031965 6.449600 4.646582 2.517937 4.371793 5.199212 6.670537 -9999.0 -9999.0 -9999.0 -9999.0 -9999.0 -9999.0 -9999.0 -9999.0 -9999.0
-9999.0 -9999.0 17.293926 19.441925 22.545951 23.591721 23.821354 23.563173 22.154664 19.501775 17.516499 16.050834 15.374316 15.246582 15.043534 14.469183 14.002335 14.068068 14.298503 13.860657 13.287096 13.084481 13.340600 13.376075 12.779013 12.322753 12.134058 11.986151 11.636738 11.352266 10.093931 9.464421 8.716698 8.360601 7.902953 7.151536 5.979165 6.425645 6.571891 6.263381 5.492242 4.966031 5.168026 4.816995 4.703543 3.926979 4.236028 4.547199 5.006300 4.909619 4.724581 4.358380 4.216178 4.751559 5.910094 7.130973 8.377499 9.385698 10.555345 10.940316 9.911538 9.146830 8.782272 8.044643 7.514685 7.493038 5.969510 5.840296 2.958769 3.190411 -9999.0 -9999.0 -9999.0 -9999.0 -9999.0 -9999.0 -9999.0 -9999.0 -9999.0 -9999.0
-9999.0 -9999.0 -9999.0 -9999.0 19.531867 20.159429 20.097785 20.329492 19.648477 18.420649 17.546071 16.736593 15.592918 15.332355 14.504617 12.915988 12.370291 12.816837 13.016632 12.228110 11.378546 11.262293 11.757718 11.630823 11.187197 10.718913 10.619359 10.533058 10.665131 9.323420 7.977767 7.288151 6.479740 6.045696 5.665696 4.716556 4.537142 4.881034 4.980922 4.303662 3.934014 3.931541 3.993323 3.546064 2.816096 2.585882 2.959551 3.605488 3.810310 3.856167 3.631863 2.934245 2.090162 2.562181 2.870212 3.958161 5.347252 6.464133 8.063200 9.248979 9.356708 9.302043 10.102184 10.707195 10.646751 9.718900 7.913959 6.766343 -9999.0 -9999.0 -9999.0 -9999.0 -9999.0 -9999.0 -9999.0 -9999.0 -9999.0 -9999.0 -9999.0 -9999.0
-9999.0 -9999.0 -9999.0 -9999.0 -9999.0 -9999.0 18.124593 17.595183 18.819261 17.099857 15.034481 13.861537 13.063037 12.119472 10.618873 9.774226 9.233989 9.613551 10.173015 9.591523 8.476533 8.645144 9.229295 8.845774 8.321755 8.350529 8.354868 8.161791 7.954495 6.485101 5.141630 4.693339 4.130165 3.157276 2.649002 2.111225 1.956373 2.496140 3.481127 2.641198 1.800393 1.972585 2.545856 2.407767 2.077603 1.151760 1.253062 2.166609 3.712724 4.006627 3.479828 2.435731 1.444183 1.931603 2.301663 3.067181 3.747774 4.808457 5.885074 7.106480 8.043700 8.668816 10.075741 11.514944 12.390325 11.337649 -9999.0 -9999.0 -9999.0 -9999.0 -9999.0 -9999.0 -9999.0 -9999.0 -9999.0 -9999.0 -9999.0 -9999.0 -9999.0 -9999.0
-9999.0 -9999.0 -9999.0 -9999.0 -9999.0 -9999.0 -9999.0 -9999.0 -9999.0 -9999.0 -9999.0 -9999.0 -9999.0 -9999.0 -9999.0 -9999.0 -9999.0 -9999.0 -9999.0 -9999.0 -9999.0 -9999.0 -9999.0 -9999.0 -9999.0 -9999.0 -9999.0 -9999.0 -9999.0 -9999.0 -9999.0 -9999.0 -9999.0 -9999.0 -9999.0 -9999.0 -9999.0 -9999.0 -9999.0 -9999.0 -9999.0 -9999.0 -9999.0 -9999.0 -9999.0 -9999.0 -9999.0 -9999.0 -9999.0 -9999.0 -9999.0 -9999.0 -9999.0 -9999.0 -9999.0 -9999.0 -9999.0 -9999.0 -9999.0 -9999.0 -9999.0 -9999.0 -9999.0 -9999.0 -9999.0 -9999.0 -9999.0 -9999.0 -9999.0 -9999.0 -9999.0 -9999.0 -9999.0 -9999.0 -9999.0 -9999.0 -9999.0 -9999.0 -9999.0 -9999.0
-9999.0 -9999.0 -9999.0 -9999.0 -9999.0 -9999.0 -9999.0 -9999.0 -9999.0 -9999.0 -9999.0 -9999.0 -9999.0 -9999.0 -9999.0 -9999.0 -9999.0 -9999.0 -9999.0 -9999.0 -9999.0 -9999.0 -9999.0 -9999.0 -9999.0 -9999.0 -9999.0 -9999.0 -9999.0 -9999.0 -9999.0 -9999.0 -9999.0 -9999.0 -9999.0 -9999.0 -9999.0 -9999.0 -9999.0 -9999.0 -9999.0 -9999.0 -9999.0 -9999.0 -9999.0 -9999.0 -9999.0 -9999.0 -9999.0 -9999.0 -9999.0 -9999.0 -9999.0 -9999.0 -9999.0 -9999.0 -9999.0 -9999.0 -9999.0 -9999.0 -9999.0 -9999.0 -9999.0 -9999.0 -9999.0 -9999.0 -9999.0 -9999.0 -9999.0 -9999.0 -9999.0 -9999.0 -9999.0 -9999.0 -9999.0 -9999.0 -9999.0 -9999.0 -9999.0 -9999.0