Borden_/Borden1m_014/output_maps/psiliqL0018N0003.asc
ncols         80
nrows         18
xllcorner     620200.000000
yllcorner     5168000.000000
cellsize      1.000000
NODATA_value  -9999.0
-9999.0 -9999.0 -9999.0 -9999.0 -9999.0 -9999.0 -9999.0 -9999.0 -9999.0 -9999.0 -9999.0 -9999.0 -9999.0 -9999.0 -9999.0 -9999.0 -9999.0 -9999.0 -9999.0 -9999.0 -9999.0 -9999.0 -9999.0 -9999.0 -9999.0 -9999.0 -9999.0 -9999.0 -9999.0 -9999.0 -9999.0 -9999.0 -9999.0 -9999.0 -9999.0 -9999.0 -9999.0 -9999.0 -9999.0 -9999.0 -9999.0 -9999.0 -9999.0 -9999.0 -9999.0 -9999.0 -9999.0 -9999.0 -9999.0 -9999.0 -9999.0 -9999.0 -9999.0 -9999.0 -9999.0 -9999.0 -9999.0 -9999.0 -9999.0 -9999.0 -9999.0 -9999.0 -9999.0 -9999.0 -9999.0 -9999.0 -9999.0 -9999.0 -9999.0 -9999.0 -9999.0 -9999.0 -9999.0 -9999.0 -9999.0 -9999.0 -9999.0 -9999.0 -9999.0 -9999.0
-9999.0 -9999.0 -9999.0 -9999.0 -9999.0 -9999.0 -9999.0 -9999.0 -9999.0 -9999.0 -9999.0 -9999.0 -9999.0 -9999.0 -9999.0 -9999.0 -9999.0 -9999.0 -9999.0 -9999.0 -9999.0 -9999.0 -9999.0 -9999.0 -9999.0 -9999.0 -9999.0 -9999.0 -9999.0 -9999.0 -9999.0 -9999.0 -9999.0 -9999.0 -9999.0 -9999.0 -9999.0 -9999.0 -9999.0 -9999.0 -9999.0 -9999.0 -9999.0 -9999.0 -9999.0 -9999.0 -9999.0 -9999.0 -9999.0 -9999.0 -9999.0 -9999.0 -9999.0 -9999.0 -9999.0 -9999.0 -9999.0 -9999.0 -9999.0 -9999.0 -9999.0 -9999.0 -9999.0 -9999.0 -9999.0 -9999.0 -9999.0 -9999.0 -9999.0 -9999.0 -9999.0 -9999.0 -9999.0 -9999.0 -9999.0 -9999.0 -9999.0 -9999.0 -9999.0 -9999.0
-9999.0 -9999.0 -9999.0 -9999.0 -9999.0 -9999.0 -9999.0 -9999.0 -9999.0 -9999.0 -9999.0 -9999.0 -9999.0 -9999.0 -9999.0 -9999.0 -9999.0 -9999.0 -9999.0 -9999.0 1734.121040 1736.302725 1714.722970 1681.436656 1654.023324 1656.738799 1691.348085 1732.986181 1772.311720 1782.268683 1764.889133 1768.534365 1764.390071 1762.038821 1763.515956 1770.402152 1775.232017 1785.509758 1792.956449 1791.482018 1784.682411 1779.477452 1780.545955 1783.295077 1789.299752 1777.407860 1791.969575 1807.344332 1812.194504 1807.736897 1781.652679 1766.935206 1757.657576 1741.433068 1765.933136 1777.019808 1799.229478 1802.813567 1800.445117 1773.151845 1742.865488 -9999.0 -9999.0 -9999.0 -9999.0 -9999.0 -9999.0 -9999.0 -9999.0 -9999.0 -9999.0 -9999.0 -9999.0 -9999.0 -9999.0 -9999.0 -9999.0 -9999.0 -9999.0 -9999.0
-9999.0 -9999.0 -9999.0 -9999.0 -9999.0 -9999.0 -9999.0 -9999.0 -9999.0 -9999.0 -9999.0 -9999.0 -9999.0 -9999.0 1643.465339 1634.345779 1631.810494 1640.112988 1673.539741 1703.894885 1715.834036 1708.706295 1709.182115 1685.869769 1665.274992 1679.553182 1709.890750 1741.790733 1776.725657 1797.013204 1786.929672 1785.422006 1794.506854 1817.656763 1828.289647 1824.774906 1805.442860 1828.711874 1842.886048 1849.228833 1847.638899 1838.492305 1849.877955 1865.386950 1859.274969 1843.294843 1850.463944 1863.223301 1874.758758 1863.093492 1801.494480 1784.351416 1779.685436 1773.194505 1758.942752 1752.883246 1778.539838 1777.647071 1769.094172 1750.939511 1717.746772 1673.002465 1654.054222 1692.973646 1736.333527 1792.896019 -9999.0 -9999.0 -9999.0 -9999.0 -9999.0 -9999.0 -9999.0 -9999.0 -9999.0 -9999.0 -9999.0 -9999.0 -9999.0 -9999.0
-9999.0 -9999.0 -9999.0 -9999.0 -9999.0 -9999.0 -9999.0 -9999.0 -9999.0 1585.526853 1590.771271 1598.286619 1601.013279 1616.727246 1614.105482 1621.309301 1627.544485 1654.847697 1685.598050 1720.295892 1748.514410 1739.780489 1740.162493 1748.888206 1750.293364 1761.905985 1784.106413 1824.358029 1862.202110 1902.822988 1874.412631 1872.430193 1891.258075 1935.650131 1964.018490 1968.145951 1949.289743 1959.974857 1983.407337 2002.023120 1999.473180 1995.406655 2020.458380 2036.048615 2036.805765 2017.202073 2008.281391 2010.487340 2036.789308 1986.429395 1921.083879 1874.637513 1881.654647 1854.151051 1820.165360 1802.483748 1799.928396 1819.368670 1804.618355 1767.937623 1732.297403 1720.575762 1702.850433 1720.760374 1742.875189 1788.739130 1827.444918 1856.034126 1855.311941 1837.742829 -9999.0 -9999.0 -9999.0 -9999.0 -9999.0 -9999.0 -9999.0 -9999.0 -9999.0 -9999.0
-9999.0 -9999.0 -9999.0 -9999.0 -9999.0 -9999.0 1506.262040 1516.440859 1537.283082 1541.621454 1567.710094 1574.754262 1595.169176 1614.020932 1635.694949 1650.902424 1679.254691 1711.354328 1750.900526 1792.444814 1823.259038 1816.148357 1825.568585 1853.314523 1889.833516 1917.137591 1942.849100 1983.471280 2060.150881 2103.689862 2109.030247 2114.074639 2123.566090 2172.031104 2234.468190 2246.049546 2224.844482 2209.955532 2229.924668 2264.711288 2266.280818 2266.315476 2279.346750 2292.569591 2322.888846 2313.718051 2272.609872 2260.045331 2261.021450 2242.971472 2179.320647 2116.716205 2085.468907 2035.154771 1952.611169 1901.412686 1912.041067 1931.497427 1903.472532 1850.442025 1811.547372 1801.674455 1787.007005 1775.133920 1782.928249 1802.894110 1825.295812 1836.957913 1824.000833 1802.700622 1780.033651 1751.323579 1753.328136 1778.386625 -9999.0 -9999.0 -9999.0 -9999.0 -9999.0 -9999.0
-9999.0 -9999.0 -9999.0 -9999.0 1455.971296 1469.006513 1456.271191 1482.122097 1515.055977 1549.477333 1580.293810 1615.881219 1642.303238 1671.662069 1709.430193 1739.238202 1777.542572 1811.555908 1864.896049 1931.614520 1980.777788 2001.274530 2015.125525 2073.250628 2136.575463 2190.608993 2213.551119 2243.373890 2292.487075 2357.955790 2387.992505 2395.167796 2412.185983 2448.466984 2496.716760 2530.226862 2512.591087 2503.245517 2508.529739 2518.627993 2539.647096 2539.824541 2542.326390 2547.727176 2556.221507 2555.768440 2529.916884 2496.329565 2481.869596 2472.883091 2440.785122 2369.224367 2328.304468 2294.743805 2256.038243 2201.791241 2140.717882 2127.381303 2069.134828 2011.418951 1952.079128 1932.960281 1903.943309 1880.393885 1854.399888 1858.814041 1864.286799 1845.098846 1813.220469 1781.478607 1766.773451 1748.184990 1737.050555 1767.443634 1785.172962 1815.314681 -9999.0 -9999.0 -9999.0 -9999.0
-9999.0 -9999.0 1396.823589 1444.282499 1501.090684 1508.999406 1507.453644 1512.958114 1541.518437 1593.360613 1664.949102 1711.210588 1749.908807 1783.004247 1839.367107 1911.434535 1978.583525 2026.457125 2089.285125 2161.588242 2223.846133 2255.188738 2271.381212 2314.848392 2375.365226 2443.523868 2473.376650 2502.501060 2539.783328 2579.696851 2588.422921 2601.942806 2610.330244 2614.608002 2621.631351 2623.854317 2617.883464 2610.357259 2588.286412 2580.616055 2584.831659 2589.789232 2590.435673 2577.879271 2575.509128 2590.198284 2595.279107 2594.966256 2595.313474 2604.185199 2606.587803 2564.241463 2530.465057 2512.372391 2498.388747 2452.020020 2384.834766 2342.290954 2316.255491 2270.209136 2191.758798 2141.209192 2090.696957 2044.623089 1995.441598 1969.522261 1927.163279 1887.749194 1843.373695 1798.513408 1775.874188 1758.724393 1756.870235 1757.159798 1774.023003 1789.679934 1805.418026 1813.398164 -9999.0 -9999.0
-9999.0 1291.798861 1363.457387 1487.694873 1566.297351 1607.821001 1632.420799 1650.214713 1679.050663 1707.908203 1806.596851 1883.483940 1973.148353 2011.377733 2058.181632 2151.267217 2244.812198 2294.839131 2340.433820 2403.548933 2467.258672 2516.926807 2546.260358 2551.268571 2591.184644 2612.166540 2618.535410 2625.186925 2626.165470 2621.794208 2615.303157 2620.461618 2613.928569 2592.532956 2575.067164 2571.194997 2564.492537 2536.618922 2500.961428 2480.588825 2479.255420 2501.934498 2487.953138 2467.151155 2463.888419 2486.195351 2508.698991 2501.518584 2491.849933 2515.194787 2553.253395 2577.108528 2584.503535 2601.724177 2623.201612 2596.849088 2569.808697 2525.409789 2502.706420 2472.730424 2413.247460 2350.049102 2291.141246 2228.529009 2162.626737 2098.945346 2039.840498 1981.802403 1919.279091 1880.274971 1850.470054 1801.964321 1783.440152 1787.189046 1780.089461 1778.085727 1784.712388 1791.248374 -9999.0 -9999.0
-9999.0 1206.346813 1347.066596 1528.193512 1673.027829 1724.334307 1812.988316 1886.147853 1912.129058 1877.823827 1982.993657 2201.436880 2315.169849 2336.492958 2409.420040 2499.225847 2507.683102 2543.095584 2571.574194 2591.294196 2606.296138 2619.366163 2619.077551 2615.233995 2601.526293 2593.653838 2592.037905 2590.249551 2574.979135 2557.745846 2539.995462 2532.192197 2506.093013 2455.813896 2420.405804 2401.724497 2383.036468 2360.844861 2322.602071 2289.691547 2270.045233 2282.516141 2276.795515 2260.048255 2256.246352 2278.516807 2311.117403 2309.628400 2323.049321 2349.745350 2392.782687 2433.984811 2457.725850 2490.868103 2532.837675 2580.445380 2595.052839 2617.576219 2622.314093 2606.638572 2561.893336 2505.938942 2468.820677 2404.139005 2330.199439 2251.807604 2188.764743 2128.180260 2061.060285 2016.520110 1969.192400 1910.638329 1859.590708 1842.847573 1806.569216 1789.901377 -9999.0 -9999.0 -9999.0 -9999.0
-9999.0 1120.115881 1304.515846 1554.698025 1832.460181 1927.624249 2129.033467 2256.233116 2312.127682 2383.651799 2334.169705 2500.478692 2548.044447 2547.264288 2552.276982 2556.282203 2571.851034 2576.566215 2576.921399 2571.364278 2566.142710 2564.383281 2563.912963 2555.857016 2541.246953 2522.032463 2504.152687 2490.487322 2453.989317 2421.966321 2383.778207 2364.896002 2317.197131 2219.291951 2174.880786 2136.886550 2078.059055 2071.846020 2065.442800 2034.599014 2013.358220 1989.408851 2012.757844 2018.868173 2021.616570 2022.410920 2037.200173 2063.033385 2109.911098 2148.523912 2193.921694 2246.627841 2283.412072 2330.474909 2380.765328 2439.346472 2475.065624 2509.602038 2563.369306 2605.448124 2631.428027 2619.984310 2594.641350 2547.826480 2476.243899 2412.994754 2366.180299 2293.729552 2229.843445 2175.216945 2121.678024 2060.892263 1994.013958 1926.109175 1888.804388 -9999.0 -9999.0 -9999.0 -9999.0 -9999.0
-9999.0 927.347379 1192.520051 1471.000748 1768.588081 2095.061705 2237.040200 2356.131881 2428.517056 2404.781153 2419.573236 2437.701458 2481.967921 2492.551314 2472.832502 2462.869859 2450.198388 2451.326720 2466.840173 2443.894784 2417.870317 2406.601019 2406.670824 2393.475356 2365.834931 2342.838604 2326.844410 2304.482699 2256.867098 2206.307278 2123.430747 2089.828553 2010.103472 1957.692452 1915.211619 1866.480511 1817.313481 1816.982624 1834.502800 1819.821273 1797.222388 1778.691150 1805.600780 1824.045044 1836.314080 1823.327287 1831.389928 1866.309263 1914.625681 1957.714055 2005.740264 2058.155684 2103.096192 2150.486092 2183.327775 2233.858951 2284.762195 2335.951245 2415.349137 2499.983704 2544.488715 2582.973774 2617.146794 2637.015317 2589.343979 2547.254319 2501.952371 2445.510998 2371.885496 2322.591717 2282.147554 2210.432953 2143.280246 -9999.0 -9999.0 -9999.0 -9999.0 -9999.0 -9999.0 -9999.0
-9999.0 805.262673 1015.127494 1230.800686 1500.675847 1730.769371 1928.445161 2029.285225 2106.259572 2155.440388 2198.669670 2235.377991 2266.497668 2290.465121 2270.067596 2228.746788 2199.486797 2204.609599 2200.446551 2179.255478 2152.100716 2138.656842 2135.833886 2127.935353 2101.488815 2084.084840 2071.340835 2048.568703 2018.246243 1964.984138 1888.967708 1816.621096 1757.687326 1729.396457 1702.033159 1671.404452 1638.526609 1649.189350 1661.066636 1657.967713 1648.196678 1645.852937 1674.656540 1693.607046 1703.296314 1691.624454 1710.115818 1735.255263 1774.941636 1816.360648 1863.280126 1915.688453 1966.893717 1993.738696 2005.452767 2028.156451 2065.937940 2120.040773 2208.281333 2307.537308 2392.274361 2445.780226 2502.591849 2546.490751 2569.429314 2588.459136 2577.494668 2512.918356 2423.882294 2411.704130 2396.552426 -9999.0 -9999.0 -9999.0 -9999.0 -9999.0 -9999.0 -9999.0 -9999.0 -9999.0
-9999.0 -9999.0 783.972577 952.496502 1076.105960 1247.197013 1391.238801 1497.466934 1587.954503 1708.576432 1817.963223 1903.668394 1947.792231 1964.927269 1951.397834 1920.362601 1900.755140 1901.267689 1891.573263 1882.929101 1865.256860 1858.350557 1846.673178 1837.802182 1827.843960 1821.813736 1816.101449 1805.499319 1785.710300 1741.674432 1697.289390 1648.691016 1597.820952 1573.846812 1553.427197 1533.520111 1533.806948 1529.784481 1535.300825 1537.032756 1544.449271 1557.294350 1577.055093 1599.014820 1608.502228 1617.299394 1628.968354 1651.600751 1683.218354 1724.062088 1776.264279 1832.027290 1869.767834 1880.447320 1868.623184 1871.063009 1888.267780 1927.782168 2005.065955 2087.228939 2184.340890 2258.443719 2336.704058 2399.227402 2427.132909 2457.380343 2495.355750 2465.090179 2344.803400 2381.896063 -9999.0 -9999.0 -9999.0 -9999.0 -9999.0 -9999.0 -9999.0 -9999.0 -9999.0 -9999.0
-9999.0 -9999.0 -9999.0 -9999.0 809.592646 960.436880 1055.452248 1135.645980 1263.547997 1384.347253 1484.182622 1566.633376 1628.673538 1654.441155 1651.212667 1659.120184 1655.678162 1649.402095 1640.003675 1640.715440 1641.268521 1634.350002 1619.604627 1612.173420 1613.164450 1618.161250 1615.639920 1602.605342 1585.766326 1566.161870 1548.565759 1516.111285 1481.925970 1453.957471 1441.792680 1437.262623 1437.594675 1430.840601 1439.672413 1447.412285 1462.785259 1477.943286 1501.523601 1530.451073 1544.120485 1558.499408 1567.529510 1587.022385 1616.327870 1668.417684 1730.412337 1786.779361 1821.144649 1823.804837 1797.491181 1779.945588 1773.649681 1798.514448 1839.420553 1902.285370 2000.815973 2072.685053 2131.273446 2182.021218 2224.418662 2288.711047 2373.630084 2427.426656 -9999.0 -9999.0 -9999.0 -9999.0 -9999.0 -9999.0 -9999.0 -9999.0 -9999.0 -9999.0 -9999.0 -9999.0
-9999.0 -9999.0 -9999.0 -9999.0 -9999.0 -9999.0 770.073124 870.987476 946.990031 1086.032023 1217.113461 1317.663103 1397.030123 1428.631507 1455.927718 1483.275422 1482.084651 1463.753090 1444.637792 1464.262342 1479.323551 1473.577087 1443.283538 1443.155477 1448.239456 1456.387774 1454.393228 1448.708404 1424.696900 1438.214200 1440.699940 1418.673448 1393.799931 1381.069620 1370.054897 1380.363559 1381.087552 1367.734196 1368.282051 1395.426267 1415.883621 1428.947446 1450.502835 1483.516751 1515.611323 1530.528516 1531.326427 1536.561751 1575.197630 1644.136998 1714.615748 1768.847912 1799.964495 1806.411926 1777.560322 1735.649494 1713.097457 1717.416860 1748.717284 1797.135847 1868.765265 1914.833688 1939.487194 1954.759335 1977.318557 2074.869741 -9999.0 -9999.0 -9999.0 -9999.0 -9999.0 -9999.0 -9999.0 -9999.0 -9999.0 -9999.0 -9999.0 -9999.0 -9999.0 -9999.0
-9999.0 -9999.0 -9999.0 -9999.0 -9999.0 -9999.0 -9999.0 -9999.0 -9999.0 -9999.0 -9999.0 -9999.0 -9999.0 -9999.0 -9999.0 -9999.0 -9999.0 -9999.0 -9999.0 -9999.0 -9999.0 -9999.0 -9999.0 -9999.0 -9999.0 -9999.0 -9999.0 -9999.0 -9999.0 -9999.0 -9999.0 -9999.0 -9999.0 -9999.0 -9999.0 -9999.0 -9999.0 -9999.0 -9999.0 -9999.0 -9999.0 -9999.0 -9999.0 -9999.0 -9999.0 -9999.0 -9999.0 -9999.0 -9999.0 -9999.0 -9999.0 -9999.0 -9999.0 -9999.0 -9999.0 -9999.0 -9999.0 -9999.0 -9999.0 -9999.0 -9999.0 -9999.0 -9999.0 -9999.0 -9999.0 -9999.0 -9999.0 -9999.0 -9999.0 -9999.0 -9999.0 -9999.0 -9999.0 -9999.0 -9999.0 -9999.0 -9999.0 -9999.0 -9999.0 -9999.0
-9999.0 -9999.0 -9999.0 -9999.0 -9999.0 -9999.0 -9999.0 -9999.0 -9999.0 -9999.0 -9999.0 -9999.0 -9999.0 -9999.0 -9999.0 -9999.0 -9999.0 -9999.0 -9999.0 -9999.0 -9999.0 -9999.0 -9999.0 -9999.0 -9999.0 -9999.0 -9999.0 -9999.0 -9999.0 -9999.0 -9999.0 -9999.0 -9999.0 -9999.0 -9999.0 -9999.0 -9999.0 -9999.0 -9999.0 -9999.0 -9999.0 -9999.0 -9999.0 -9999.0 -9999.0 -9999.0 -9999.0 -9999.0 -9999.0 -9999.0 -9999.0 -9999.0 -9999.0 -9999.0 -9999.0 -9999.0 -9999.0 -9999.0 -9999.0 -9999.0 -9999.0 -9999.0 -9999.0 -9999.0 -9999.0 -9999.0 -9999.0 -9999.0 -9999.0 -9999.0 -9999.0 -9999.0 -9999.0 -9999.0 -9999.0 -9999.0 -9999.0 -9999.0 -9999.0 -9999.0