Borden_/Borden1m_014/output_maps/psiliqL0028N0010.asc
ncols         80
nrows         18
xllcorner     620200.000000
yllcorner     5168000.000000
cellsize      1.000000
NODATA_value  -9999.0
-9999.0 -9999.0 -9999.0 -9999.0 -9999.0 -9999.0 -9999.0 -9999.0 -9999.0 -9999.0 -9999.0 -9999.0 -9999.0 -9999.0 -9999.0 -9999.0 -9999.0 -9999.0 -9999.0 -9999.0 -9999.0 -9999.0 -9999.0 -9999.0 -9999.0 -9999.0 -9999.0 -9999.0 -9999.0 -9999.0 -9999.0 -9999.0 -9999.0 -9999.0 -9999.0 -9999.0 -9999.0 -9999.0 -9999.0 -9999.0 -9999.0 -9999.0 -9999.0 -9999.0 -9999.0 -9999.0 -9999.0 -9999.0 -9999.0 -9999.0 -9999.0 -9999.0 -9999.0 -9999.0 -9999.0 -9999.0 -9999.0 -9999.0 -9999.0 -9999.0 -9999.0 -9999.0 -9999.0 -9999.0 -9999.0 -9999.0 -9999.0 -9999.0 -9999.0 -9999.0 -9999.0 -9999.0 -9999.0 -9999.0 -9999.0 -9999.0 -9999.0 -9999.0 -9999.0 -9999.0
-9999.0 -9999.0 -9999.0 -9999.0 -9999.0 -9999.0 -9999.0 -9999.0 -9999.0 -9999.0 -9999.0 -9999.0 -9999.0 -9999.0 -9999.0 -9999.0 -9999.0 -9999.0 -9999.0 -9999.0 -9999.0 -9999.0 -9999.0 -9999.0 -9999.0 -9999.0 -9999.0 -9999.0 -9999.0 -9999.0 -9999.0 -9999.0 -9999.0 -9999.0 -9999.0 -9999.0 -9999.0 -9999.0 -9999.0 -9999.0 -9999.0 -9999.0 -9999.0 -9999.0 -9999.0 -9999.0 -9999.0 -9999.0 -9999.0 -9999.0 -9999.0 -9999.0 -9999.0 -9999.0 -9999.0 -9999.0 -9999.0 -9999.0 -9999.0 -9999.0 -9999.0 -9999.0 -9999.0 -9999.0 -9999.0 -9999.0 -9999.0 -9999.0 -9999.0 -9999.0 -9999.0 -9999.0 -9999.0 -9999.0 -9999.0 -9999.0 -9999.0 -9999.0 -9999.0 -9999.0
-9999.0 -9999.0 -9999.0 -9999.0 -9999.0 -9999.0 -9999.0 -9999.0 -9999.0 -9999.0 -9999.0 -9999.0 -9999.0 -9999.0 -9999.0 -9999.0 -9999.0 -9999.0 -9999.0 -9999.0 3725.108081 3725.771605 3704.092021 3669.785297 3641.327638 3642.897142 3675.320254 3715.608305 3754.224380 3760.940311 3741.418575 3745.206079 3740.569474 3735.304824 3734.937281 3742.657201 3749.544681 3758.877570 3765.490193 3762.792283 3755.167909 3750.130847 3753.078042 3754.418616 3760.833669 3745.743286 3762.090511 3778.571771 3783.208919 3780.895399 3757.733157 3746.472451 3738.786119 3723.372343 3750.480934 3762.327177 3786.136988 3791.063278 3789.257386 3762.821114 3732.936635 -9999.0 -9999.0 -9999.0 -9999.0 -9999.0 -9999.0 -9999.0 -9999.0 -9999.0 -9999.0 -9999.0 -9999.0 -9999.0 -9999.0 -9999.0 -9999.0 -9999.0 -9999.0 -9999.0
-9999.0 -9999.0 -9999.0 -9999.0 -9999.0 -9999.0 -9999.0 -9999.0 -9999.0 -9999.0 -9999.0 -9999.0 -9999.0 -9999.0 3635.221263 3626.476197 3623.363827 3630.203124 3662.213018 3692.237732 3703.672172 3695.980185 3695.493217 3670.274076 3646.710353 3658.711999 3687.656627 3717.528899 3750.332698 3766.832498 3755.597516 3752.630073 3758.772587 3776.991418 3783.896763 3779.934619 3762.530367 3786.863411 3799.522374 3803.106410 3800.806414 3790.669512 3798.603241 3812.265608 3805.130070 3790.203358 3802.204788 3817.782465 3828.297667 3821.185591 3764.210450 3753.658783 3750.956325 3747.730833 3735.214028 3732.170291 3761.454400 3761.392250 3754.777940 3738.109608 3705.073779 3659.989316 3641.423537 3682.835985 3726.904705 3783.457490 -9999.0 -9999.0 -9999.0 -9999.0 -9999.0 -9999.0 -9999.0 -9999.0 -9999.0 -9999.0 -9999.0 -9999.0 -9999.0 -9999.0
-9999.0 -9999.0 -9999.0 -9999.0 -9999.0 -9999.0 -9999.0 -9999.0 -9999.0 3578.017195 3584.048394 3590.694244 3592.902864 3607.622433 3603.909358 3610.427775 3613.493005 3640.365678 3669.127759 3701.904903 3728.144219 3718.492558 3716.497154 3718.838321 3711.149787 3717.755438 3737.523084 3773.307494 3802.815732 3836.925403 3802.336296 3796.735751 3813.736035 3853.755144 3874.718746 3875.481574 3856.584669 3874.870703 3898.083789 3912.569216 3908.586086 3901.945567 3928.271062 3943.869909 3936.185685 3914.101419 3914.876610 3923.748030 3953.766446 3903.020733 3836.936874 3800.954265 3819.121448 3799.677298 3776.134260 3767.061741 3768.817837 3789.751063 3779.007875 3746.066938 3713.756943 3702.345298 3686.138638 3708.435172 3732.431719 3779.381205 3819.890608 3850.211450 3849.882971 3832.866997 -9999.0 -9999.0 -9999.0 -9999.0 -9999.0 -9999.0 -9999.0 -9999.0 -9999.0 -9999.0
-9999.0 -9999.0 -9999.0 -9999.0 -9999.0 -9999.0 3499.649656 3510.128156 3530.663070 3532.583858 3558.883941 3563.368303 3581.436804 3597.770541 3619.076068 3630.680230 3654.188114 3683.018956 3717.578986 3753.634124 3779.902984 3766.716284 3771.041404 3788.060130 3812.113704 3828.804706 3850.885001 3888.410925 3960.497695 3996.321156 3986.204596 3986.308290 3994.319183 4045.077167 4109.149651 4119.218138 4098.423790 4085.711597 4110.291891 4148.454526 4145.427553 4144.108622 4158.162951 4169.428922 4196.387348 4184.760314 4148.888620 4144.988004 4153.335790 4128.857976 4057.790316 4001.438816 3985.158807 3938.095688 3854.018720 3813.412314 3840.760355 3870.691405 3850.562534 3801.994390 3771.367839 3767.246578 3757.331278 3752.089289 3766.156464 3790.232076 3814.810285 3829.440453 3818.034004 3797.502205 3776.269677 3748.437865 3751.419757 3776.480527 -9999.0 -9999.0 -9999.0 -9999.0 -9999.0 -9999.0
-9999.0 -9999.0 -9999.0 -9999.0 3450.573833 3463.127678 3447.416756 3473.329221 3504.603785 3537.502833 3563.630602 3593.808696 3615.625884 3641.089351 3672.259235 3691.350683 3721.131785 3749.335769 3794.976458 3854.666936 3897.597579 3909.066393 3916.679036 3966.942776 4022.785085 4069.092233 4087.780382 4114.041833 4161.478836 4218.359780 4240.244627 4242.497086 4259.474375 4304.619032 4363.022245 4398.757305 4380.756801 4371.357805 4382.416019 4397.556762 4419.721835 4419.755556 4420.902498 4425.512868 4433.813293 4431.618860 4404.061938 4370.189372 4357.066617 4346.503566 4306.190155 4232.753239 4203.639494 4173.752321 4128.109600 4072.687524 4028.445745 4032.481245 3977.312965 3921.704740 3873.666686 3868.144946 3849.609639 3835.233561 3819.858639 3833.934916 3847.324887 3833.141657 3803.548177 3774.794336 3762.334079 3745.175211 3733.971375 3765.508598 3783.588189 3812.991640 -9999.0 -9999.0 -9999.0 -9999.0
-9999.0 -9999.0 3392.217654 3436.482614 3492.990977 3497.962353 3489.188618 3490.723155 3515.896933 3563.801375 3623.226222 3657.252632 3683.110149 3712.511416 3761.340899 3820.071004 3878.138256 3920.230084 3978.767413 4048.724377 4107.905265 4134.163212 4142.368523 4178.463722 4234.259021 4305.657614 4334.532473 4361.693878 4394.581235 4432.441061 4420.475314 4430.555723 4443.816465 4458.615030 4475.466852 4483.606762 4478.371797 4473.686877 4454.905997 4449.390433 4455.807442 4464.502588 4463.001746 4448.050507 4444.059160 4459.344667 4466.044656 4463.648194 4460.246431 4464.711171 4458.510932 4407.938887 4394.232391 4378.391155 4365.619661 4318.465511 4250.456145 4218.999877 4196.427982 4154.183920 4080.144146 4044.441191 4006.030082 3972.629671 3936.578759 3925.581466 3894.779693 3863.636848 3825.721432 3785.589887 3767.148183 3753.573344 3753.620836 3754.459905 3772.579696 3788.400155 3804.468484 3812.590333 -9999.0 -9999.0
-9999.0 3281.147676 3351.420171 3471.365787 3547.815007 3582.300311 3585.692888 3584.448968 3608.630956 3641.952642 3725.151301 3767.895739 3850.374508 3888.878763 3928.431387 4018.361585 4114.463878 4158.894991 4199.181586 4265.361828 4333.150859 4381.212280 4408.037788 4380.912010 4422.154085 4455.598242 4464.946334 4472.867960 4473.826463 4465.218140 4459.120843 4465.637426 4462.458185 4442.824828 4426.320394 4424.401538 4420.896082 4397.181898 4369.341226 4353.407131 4354.348276 4379.811868 4366.321279 4344.749958 4340.255024 4362.222242 4384.341604 4373.386207 4360.099655 4376.819265 4411.997421 4438.064825 4437.511394 4456.526330 4477.755255 4447.940631 4427.870445 4382.869022 4365.560182 4339.816200 4281.817549 4226.884128 4178.330032 4130.071062 4078.233148 4030.594186 3983.438521 3936.592767 3884.118985 3851.801693 3828.218392 3786.648761 3775.293033 3782.574157 3778.292870 3777.050230 3783.807916 3790.445865 -9999.0 -9999.0
-9999.0 3181.151914 3318.667259 3493.873210 3634.564754 3671.248459 3725.009216 3776.632497 3788.413959 3728.674642 3830.073886 4048.996572 4177.061137 4196.172753 4273.926267 4372.089953 4348.679730 4380.984540 4405.174729 4434.650953 4458.274981 4473.861527 4472.468758 4467.669428 4450.889775 4442.817380 4441.859338 4439.649282 4421.903169 4402.635001 4385.596480 4382.115599 4363.559078 4312.309690 4278.430407 4260.207254 4239.741507 4226.779470 4200.034232 4173.648811 4156.333466 4165.450748 4164.745813 4151.954136 4147.557349 4165.198135 4196.170122 4195.159000 4208.380299 4228.288638 4263.856366 4302.883168 4322.369548 4351.921193 4387.945760 4437.278693 4445.022107 4467.733364 4470.326823 4461.355095 4413.710678 4361.340491 4331.587804 4275.544877 4215.903414 4154.133682 4104.827130 4060.050680 4004.580651 3971.170652 3932.616726 3879.289127 3838.058162 3832.696484 3800.100277 3788.127488 -9999.0 -9999.0 -9999.0 -9999.0
-9999.0 3073.504456 3250.123499 3483.602644 3780.599402 3845.293977 4048.717437 4163.207986 4201.016265 4270.009751 4133.543847 4354.125449 4411.627831 4407.843491 4427.965303 4431.879360 4446.688971 4445.780696 4440.681187 4429.474795 4419.623468 4414.847808 4413.873787 4405.909115 4393.165021 4378.410211 4366.330334 4354.577091 4317.251132 4284.739813 4244.058382 4231.155154 4184.451043 4091.587044 4052.957143 4013.098207 3950.536990 3954.015360 3963.635636 3940.097572 3920.118417 3890.158337 3921.376388 3933.599062 3938.340407 3932.444863 3941.009672 3971.279753 4020.622673 4055.457900 4094.319415 4142.666979 4173.595089 4212.986520 4252.507239 4305.182470 4336.943157 4366.125573 4416.082168 4453.341863 4476.298874 4461.563941 4444.002476 4398.053616 4337.328189 4287.707375 4258.186079 4206.962914 4163.189018 4119.865203 4073.441615 4020.755589 3959.253169 3909.896534 3876.765306 -9999.0 -9999.0 -9999.0 -9999.0 -9999.0
-9999.0 2841.282882 3102.800670 3362.006441 3627.361969 3974.064980 4156.706947 4248.262015 4312.882644 4300.489774 4328.252599 4333.426792 4371.033910 4378.996445 4357.717004 4343.243941 4324.747805 4323.657925 4336.799288 4309.033947 4278.228117 4264.579824 4265.552262 4254.877041 4230.653292 4215.810942 4206.609199 4187.713504 4144.546371 4093.606529 4008.259887 3971.884365 3891.580565 3855.767666 3820.413570 3773.631188 3730.091457 3736.875155 3762.953908 3754.974091 3734.606352 3718.004290 3748.025176 3769.634135 3783.192428 3766.161078 3772.549560 3806.937074 3853.237919 3893.578668 3937.075339 3984.840009 4027.009676 4065.631087 4085.403538 4123.719530 4166.042553 4207.887932 4278.608462 4358.381226 4395.269950 4430.522201 4458.687776 4480.919453 4437.600816 4411.948774 4387.753497 4363.719904 4316.905464 4271.171774 4230.590554 4164.970116 4105.404136 -9999.0 -9999.0 -9999.0 -9999.0 -9999.0 -9999.0 -9999.0
-9999.0 2739.816701 2917.750655 3097.784539 3336.473461 3564.624508 3794.409955 3884.456322 3955.596688 4035.364217 4093.930144 4133.369036 4159.177167 4181.184926 4158.741047 4111.503700 4078.671496 4083.864850 4073.972257 4053.497185 4026.099777 4013.500875 4010.653748 4006.221617 3985.513172 3975.893298 3969.580949 3951.963277 3927.660700 3874.897114 3804.754930 3731.064338 3678.733181 3661.892096 3640.947347 3615.579266 3591.137936 3605.264336 3617.998022 3618.975415 3613.619643 3614.740432 3643.776732 3663.923031 3673.322154 3662.769854 3680.839761 3703.292539 3739.359938 3778.156131 3822.327053 3871.933201 3919.936121 3938.938071 3939.443078 3948.962743 3975.306603 4017.779814 4093.715095 4180.031246 4259.483030 4305.703552 4357.040665 4397.750574 4426.767408 4450.063916 4473.702759 4467.712201 4440.974795 4407.142570 4347.363354 -9999.0 -9999.0 -9999.0 -9999.0 -9999.0 -9999.0 -9999.0 -9999.0 -9999.0
-9999.0 -9999.0 2703.404729 2836.684629 2920.033279 3072.933477 3209.259668 3313.546581 3417.345853 3565.276319 3691.872554 3788.168794 3835.687437 3851.484222 3838.105859 3811.056157 3794.933650 3794.445889 3782.384199 3777.191761 3764.324139 3759.745521 3747.663392 3740.610978 3738.213043 3738.996242 3737.704772 3730.549738 3715.316666 3675.466909 3641.672288 3599.353197 3555.154042 3535.140979 3518.691174 3503.605703 3509.731311 3505.114365 3511.046453 3514.715108 3525.403026 3540.237078 3559.503630 3582.499666 3592.171916 3602.725046 3613.140552 3634.176213 3663.320092 3702.945459 3753.780167 3808.188578 3843.530692 3849.467388 3830.098164 3823.435459 3829.619263 3856.560697 3917.418457 3985.319411 4076.020896 4142.195847 4209.335687 4265.968925 4293.113561 4329.515466 4400.993724 4449.114144 4493.124717 4470.635475 -9999.0 -9999.0 -9999.0 -9999.0 -9999.0 -9999.0 -9999.0 -9999.0 -9999.0 -9999.0
-9999.0 -9999.0 -9999.0 -9999.0 2710.943112 2834.123503 2928.156684 3001.424685 3134.216083 3265.556075 3371.672336 3459.782325 3530.780275 3557.158894 3560.098954 3580.264752 3580.502414 3570.555740 3559.462088 3566.196952 3573.062114 3567.544026 3550.354981 3545.184715 3550.933151 3560.901928 3560.763750 3549.773103 3533.480461 3523.441113 3514.403479 3486.637371 3457.245727 3432.189802 3422.430088 3421.764520 3423.331280 3416.235541 3425.311160 3435.367451 3451.945376 3467.279582 3490.789353 3520.751475 3535.744153 3550.304034 3558.371360 3576.057402 3604.130826 3655.119318 3716.390841 3772.668048 3806.402953 3806.181318 3776.834050 3754.099228 3740.176563 3756.049777 3783.235543 3831.926296 3920.427819 3982.234732 4026.093426 4063.680467 4099.989227 4166.284900 4262.866996 4345.203905 -9999.0 -9999.0 -9999.0 -9999.0 -9999.0 -9999.0 -9999.0 -9999.0 -9999.0 -9999.0 -9999.0 -9999.0
-9999.0 -9999.0 -9999.0 -9999.0 -9999.0 -9999.0 2693.134949 2801.038164 2833.280673 2986.624462 3135.329664 3243.888355 3327.977331 3365.370052 3401.901130 3433.706605 3435.193896 3414.495930 3391.980822 3415.157373 3436.578833 3430.439861 3397.685662 3400.637653 3409.633134 3418.901091 3418.099323 3414.494377 3392.567930 3413.595765 3421.918467 3402.310334 3379.964098 3370.317691 3360.969405 3372.691344 3374.141959 3360.511924 3359.628977 3388.597142 3410.369983 3423.344663 3444.161153 3477.380534 3509.850351 3525.520376 3525.986148 3529.880146 3565.186064 3632.653076 3703.374212 3758.343561 3789.176955 3793.379397 3761.968114 3716.447211 3689.488999 3687.118330 3709.869041 3747.264380 3807.019691 3841.907569 3850.373399 3848.441665 3858.529988 3959.692687 -9999.0 -9999.0 -9999.0 -9999.0 -9999.0 -9999.0 -9999.0 -9999.0 -9999.0 -9999.0 -9999.0 -9999.0 -9999.0 -9999.0
-9999.0 -9999.0 -9999.0 -9999.0 -9999.0 -9999.0 -9999.0 -9999.0 -9999.0 -9999.0 -9999.0 -9999.0 -9999.0 -9999.0 -9999.0 -9999.0 -9999.0 -9999.0 -9999.0 -9999.0 -9999.0 -9999.0 -9999.0 -9999.0 -9999.0 -9999.0 -9999.0 -9999.0 -9999.0 -9999.0 -9999.0 -9999.0 -9999.0 -9999.0 -9999.0 -9999.0 -9999.0 -9999.0 -9999.0 -9999.0 -9999.0 -9999.0 -9999.0 -9999.0 -9999.0 -9999.0 -9999.0 -9999.0 -9999.0 -9999.0 -9999.0 -9999.0 -9999.0 -9999.0 -9999.0 -9999.0 -9999.0 -9999.0 -9999.0 -9999.0 -9999.0 -9999.0 -9999.0 -9999.0 -9999.0 -9999.0 -9999.0 -9999.0 -9999.0 -9999.0 -9999.0 -9999.0 -9999.0 -9999.0 -9999.0 -9999.0 -9999.0 -9999.0 -9999.0 -9999.0
-9999.0 -9999.0 -9999.0 -9999.0 -9999.0 -9999.0 -9999.0 -9999.0 -9999.0 -9999.0 -9999.0 -9999.0 -9999.0 -9999.0 -9999.0 -9999.0 -9999.0 -9999.0 -9999.0 -9999.0 -9999.0 -9999.0 -9999.0 -9999.0 -9999.0 -9999.0 -9999.0 -9999.0 -9999.0 -9999.0 -9999.0 -9999.0 -9999.0 -9999.0 -9999.0 -9999.0 -9999.0 -9999.0 -9999.0 -9999.0 -9999.0 -9999.0 -9999.0 -9999.0 -9999.0 -9999.0 -9999.0 -9999.0 -9999.0 -9999.0 -9999.0 -9999.0 -9999.0 -9999.0 -9999.0 -9999.0 -9999.0 -9999.0 -9999.0 -9999.0 -9999.0 -9999.0 -9999.0 -9999.0 -9999.0 -9999.0 -9999.0 -9999.0 -9999.0 -9999.0 -9999.0 -9999.0 -9999.0 -9999.0 -9999.0 -9999.0 -9999.0 -9999.0 -9999.0 -9999.0