Borden_/Borden1m_014/output_maps/psiliqL0024N0040.asc
ncols         80
nrows         18
xllcorner     620200.000000
yllcorner     5168000.000000
cellsize      1.000000
NODATA_value  -9999.0
-9999.0 -9999.0 -9999.0 -9999.0 -9999.0 -9999.0 -9999.0 -9999.0 -9999.0 -9999.0 -9999.0 -9999.0 -9999.0 -9999.0 -9999.0 -9999.0 -9999.0 -9999.0 -9999.0 -9999.0 -9999.0 -9999.0 -9999.0 -9999.0 -9999.0 -9999.0 -9999.0 -9999.0 -9999.0 -9999.0 -9999.0 -9999.0 -9999.0 -9999.0 -9999.0 -9999.0 -9999.0 -9999.0 -9999.0 -9999.0 -9999.0 -9999.0 -9999.0 -9999.0 -9999.0 -9999.0 -9999.0 -9999.0 -9999.0 -9999.0 -9999.0 -9999.0 -9999.0 -9999.0 -9999.0 -9999.0 -9999.0 -9999.0 -9999.0 -9999.0 -9999.0 -9999.0 -9999.0 -9999.0 -9999.0 -9999.0 -9999.0 -9999.0 -9999.0 -9999.0 -9999.0 -9999.0 -9999.0 -9999.0 -9999.0 -9999.0 -9999.0 -9999.0 -9999.0 -9999.0
-9999.0 -9999.0 -9999.0 -9999.0 -9999.0 -9999.0 -9999.0 -9999.0 -9999.0 -9999.0 -9999.0 -9999.0 -9999.0 -9999.0 -9999.0 -9999.0 -9999.0 -9999.0 -9999.0 -9999.0 -9999.0 -9999.0 -9999.0 -9999.0 -9999.0 -9999.0 -9999.0 -9999.0 -9999.0 -9999.0 -9999.0 -9999.0 -9999.0 -9999.0 -9999.0 -9999.0 -9999.0 -9999.0 -9999.0 -9999.0 -9999.0 -9999.0 -9999.0 -9999.0 -9999.0 -9999.0 -9999.0 -9999.0 -9999.0 -9999.0 -9999.0 -9999.0 -9999.0 -9999.0 -9999.0 -9999.0 -9999.0 -9999.0 -9999.0 -9999.0 -9999.0 -9999.0 -9999.0 -9999.0 -9999.0 -9999.0 -9999.0 -9999.0 -9999.0 -9999.0 -9999.0 -9999.0 -9999.0 -9999.0 -9999.0 -9999.0 -9999.0 -9999.0 -9999.0 -9999.0
-9999.0 -9999.0 -9999.0 -9999.0 -9999.0 -9999.0 -9999.0 -9999.0 -9999.0 -9999.0 -9999.0 -9999.0 -9999.0 -9999.0 -9999.0 -9999.0 -9999.0 -9999.0 -9999.0 -9999.0 2934.563308 2935.986678 2914.568605 2880.936501 2853.194882 2855.539295 2889.138911 2930.196549 2969.305491 2977.511668 2959.073593 2963.099210 2959.014097 2955.025935 2955.863613 2963.770162 2970.656910 2980.437029 2987.778652 2985.987655 2979.066025 2974.223090 2976.513071 2978.329823 2984.365196 2970.329073 2985.626642 2984.382382 2988.998534 2986.319945 2977.200880 2964.237173 2955.409581 2939.185140 2964.787654 2975.894325 2989.029828 2993.569308 2991.949868 2972.981003 2942.905245 -9999.0 -9999.0 -9999.0 -9999.0 -9999.0 -9999.0 -9999.0 -9999.0 -9999.0 -9999.0 -9999.0 -9999.0 -9999.0 -9999.0 -9999.0 -9999.0 -9999.0 -9999.0 -9999.0
-9999.0 -9999.0 -9999.0 -9999.0 -9999.0 -9999.0 -9999.0 -9999.0 -9999.0 -9999.0 -9999.0 -9999.0 -9999.0 -9999.0 2843.238565 2834.592622 2832.070811 2839.881088 2872.810314 2903.234824 2914.923343 2907.702915 2907.818297 2883.616561 2861.520789 2874.727396 2904.465415 2934.880665 2968.549672 2986.576811 2975.901143 2973.759465 2981.293311 2985.389447 2993.553940 2990.186346 2990.063566 2996.140188 3009.152279 3013.854973 3011.833782 3002.028965 3011.164462 3025.236867 3018.197145 3002.850787 3013.167707 3027.613393 3038.779746 3030.440910 2988.760497 2975.299582 2971.403094 2966.506668 2952.933728 2948.722654 2976.213086 2975.005706 2967.241653 2949.955162 2916.699055 2871.666162 2852.650864 2892.693508 2936.095371 2986.294413 -9999.0 -9999.0 -9999.0 -9999.0 -9999.0 -9999.0 -9999.0 -9999.0 -9999.0 -9999.0 -9999.0 -9999.0 -9999.0 -9999.0
-9999.0 -9999.0 -9999.0 -9999.0 -9999.0 -9999.0 -9999.0 -9999.0 -9999.0 2800.497654 2790.992049 2798.086544 2800.595319 2816.077286 2813.086718 2820.272217 2825.050154 2852.518145 2882.417415 2916.278420 2943.219810 2934.682310 2933.396820 2938.392362 2934.481264 2943.262157 2963.951634 2985.185981 3016.423220 3051.709574 3018.492930 3013.671675 3031.084961 3072.515762 3096.553825 3098.953541 3080.624510 3095.756851 3119.122607 3135.264877 3131.827231 3126.062667 3151.433176 3166.254060 3161.147066 3140.124230 3137.799825 3144.614032 3173.481819 3123.317249 3058.441755 3019.195613 3034.072971 3012.663685 2986.121620 2989.459598 2989.393486 2996.217568 2984.548561 2961.919588 2928.639342 2916.854053 2899.662197 2919.772877 2942.580287 2981.832080 3021.755969 3051.696206 3051.486265 3034.431023 -9999.0 -9999.0 -9999.0 -9999.0 -9999.0 -9999.0 -9999.0 -9999.0 -9999.0 -9999.0
-9999.0 -9999.0 -9999.0 -9999.0 -9999.0 -9999.0 2718.429683 2730.337636 2753.085285 2757.787875 2786.409204 2793.824062 2792.101887 2809.640951 2831.562115 2845.171117 2871.162183 2901.681926 2938.002029 2976.357467 2990.646119 2994.524407 2984.431263 3004.161527 3031.790981 3051.430513 3073.679201 3110.523493 3177.197873 3213.070840 3206.968405 3207.875192 3216.012521 3265.757476 3329.345261 3340.649482 3320.129451 3306.854078 3329.728103 3366.529414 3365.268033 3364.118968 3375.566271 3386.044556 3412.727357 3402.391798 3367.577136 3361.411448 3367.168997 3345.773908 3278.669395 3221.525079 3201.845765 3160.916515 3079.103655 3035.758805 3057.585486 3084.414841 3062.472620 3013.860409 2995.148813 2988.696529 2976.571499 2968.290165 2979.454469 2993.047916 3017.185812 3031.153721 3019.570464 2999.215473 2981.217019 2952.706111 2954.919859 2979.713873 -9999.0 -9999.0 -9999.0 -9999.0 -9999.0 -9999.0
-9999.0 -9999.0 -9999.0 -9999.0 2665.896724 2680.375543 2668.117767 2696.683332 2731.665806 2768.274052 2798.719339 2808.305655 2831.825744 2859.311885 2893.245559 2917.247327 2950.952380 2981.394820 3012.631014 3073.511051 3117.612536 3131.869374 3140.135072 3185.999080 3241.824291 3288.856500 3307.255002 3332.593578 3375.963780 3431.899324 3454.229966 3457.266786 3474.110301 3516.068461 3570.854338 3605.394141 3587.985807 3579.213260 3588.653546 3602.388741 3624.514108 3624.603431 3625.686270 3629.513413 3636.746604 3635.268066 3609.346356 3576.237321 3563.552213 3553.763820 3517.271729 3446.232771 3415.500488 3387.475199 3348.091565 3295.049017 3246.189556 3245.874021 3192.268912 3142.982480 3092.617323 3083.509074 3062.609191 3046.194774 3028.137878 3039.474667 3050.810214 3035.594251 3005.965541 2981.702285 2968.069958 2949.857806 2938.216936 2968.869561 2984.439900 3014.075451 -9999.0 -9999.0 -9999.0 -9999.0
-9999.0 -9999.0 2603.368952 2650.516234 2709.670415 2718.696943 2716.272410 2723.218591 2753.940116 2807.605527 2845.818080 2883.855333 2914.871210 2945.803980 2981.570491 3044.230418 3104.394550 3146.400644 3198.389303 3266.492065 3325.010574 3351.853117 3360.925920 3394.861746 3448.578773 3516.017536 3543.430840 3569.395156 3600.267709 3635.779648 3630.278025 3641.366099 3653.214058 3664.595098 3678.284134 3684.726446 3680.094830 3675.545252 3657.126216 3652.175030 3658.704964 3666.273261 3665.612317 3651.121086 3647.162383 3661.968531 3667.888338 3666.015589 3663.567207 3668.750165 3665.368425 3618.469639 3598.302708 3583.492804 3572.657416 3527.173418 3461.391753 3428.562506 3407.931233 3368.930063 3296.222215 3257.968130 3218.437035 3183.492987 3149.465336 3134.915605 3101.552078 3068.989425 3029.931514 2989.157079 2974.979580 2959.626614 2958.508440 2958.430416 2975.584572 2989.134567 3004.997724 3013.056556 -9999.0 -9999.0
-9999.0 2493.697370 2565.528911 2689.485059 2769.821562 2796.839048 2809.082594 2815.357507 2841.498417 2873.669972 2962.058266 3001.483063 3083.536132 3119.544970 3160.097049 3244.624587 3336.966971 3378.353437 3415.946691 3477.587388 3541.680921 3587.865523 3613.793785 3597.009662 3635.227017 3662.127998 3669.318532 3675.652053 3674.974284 3666.530772 3659.757164 3666.531187 3663.704726 3644.796829 3628.980440 3627.328285 3623.986948 3600.912425 3573.716842 3558.533998 3560.215631 3584.723153 3571.952721 3550.715373 3546.348053 3567.806271 3588.574918 3578.045599 3565.131202 3581.476983 3615.715268 3639.842972 3642.195777 3660.387917 3681.422933 3652.921244 3630.677234 3587.601686 3571.102521 3545.925822 3489.870845 3435.213860 3387.595922 3340.122613 3287.764045 3238.296402 3190.775397 3146.744423 3092.946648 3059.811488 3035.227114 2991.920170 2982.826041 2984.542407 2981.687786 2979.637439 2984.353118 2990.910873 -9999.0 -9999.0
-9999.0 2399.779139 2539.733908 2719.961164 2853.949161 2897.013227 2964.474002 3012.434248 3026.636981 2990.830718 3074.187010 3283.619720 3399.156898 3415.058404 3488.500712 3580.700584 3567.951177 3598.473200 3620.853880 3643.739085 3662.193594 3675.479239 3673.491462 3668.030014 3651.744146 3643.786395 3642.963450 3640.925249 3623.763865 3605.020950 3588.378281 3585.456049 3568.089017 3519.989638 3487.284430 3470.389800 3452.543099 3438.796463 3411.240732 3385.698047 3370.816061 3381.204112 3378.645772 3365.645133 3361.219723 3378.702252 3409.461964 3406.705033 3417.353385 3436.707850 3472.024250 3509.472169 3528.521853 3557.250569 3592.378171 3639.277785 3648.843813 3671.056406 3674.255171 3662.638633 3616.961525 3566.266169 3537.190914 3482.482051 3423.103084 3362.475439 3314.021052 3269.547221 3214.780482 3180.568429 3143.429071 3089.819194 3045.950687 3036.570309 3002.787891 2989.013703 -9999.0 -9999.0 -9999.0 -9999.0
-9999.0 2301.054864 2482.059767 2725.008893 3000.286321 3074.897132 3271.087357 3383.042465 3421.810389 3487.479366 3381.893056 3576.173854 3625.074820 3619.074174 3631.196991 3633.792620 3647.634120 3647.214250 3642.155750 3631.301281 3621.935419 3617.535272 3616.405430 3608.535215 3596.009712 3581.508481 3569.893566 3558.724202 3522.662757 3491.211358 3453.190279 3441.061725 3398.350502 3308.607823 3270.044961 3232.695605 3173.756218 3175.630172 3181.427268 3162.307190 3143.256025 3116.456705 3144.775333 3154.331073 3158.124803 3154.569266 3164.966596 3187.344596 3233.628416 3267.319427 3305.950454 3353.199146 3382.075426 3420.790926 3460.608261 3512.421797 3542.976415 3571.537931 3619.338058 3656.112102 3678.628125 3665.176676 3645.754675 3602.173416 3542.606430 3493.629390 3465.223712 3415.548945 3373.015952 3329.483037 3283.288625 3230.778557 3171.579924 3116.024127 3081.575785 -9999.0 -9999.0 -9999.0 -9999.0 -9999.0
-9999.0 2084.725501 2349.274604 2619.336752 2888.150831 3217.210570 3377.749561 3473.460259 3535.119103 3513.701882 3532.948852 3540.326581 3576.788313 3583.397976 3562.016522 3548.752170 3531.924157 3530.836085 3543.828685 3516.883559 3487.151068 3474.093066 3474.934753 3464.231534 3440.751999 3425.877182 3416.575732 3398.631359 3356.803747 3307.578641 3225.164867 3192.927521 3120.755543 3080.597068 3043.875266 2997.709193 2969.613634 2974.089622 2982.372451 2988.010804 2967.417619 2950.302687 2979.145270 2984.528513 2997.233010 2981.656293 2988.383440 3022.284282 3068.420860 3108.282139 3151.916903 3194.921433 3235.835786 3275.005132 3296.569691 3336.439814 3376.946293 3417.963347 3487.221902 3564.103086 3598.900378 3632.878874 3662.444436 3684.022769 3641.595876 3614.720538 3591.496878 3568.736341 3523.218091 3478.252029 3437.754539 3374.261390 3315.238262 -9999.0 -9999.0 -9999.0 -9999.0 -9999.0 -9999.0 -9999.0
-9999.0 1970.361455 2167.557853 2364.957298 2621.209968 2836.695029 3043.490738 3134.314296 3200.575603 3264.372418 3314.283521 3350.210978 3375.149591 3396.230638 3373.545583 3329.591715 3298.019292 3302.810396 3294.740558 3273.533810 3245.968699 3233.107759 3231.081177 3226.321487 3205.109040 3194.755062 3188.086004 3174.789640 3149.181843 3097.152023 3026.053521 2970.389106 2916.689146 2895.402941 2871.731404 2844.059091 2816.641097 2829.397138 2841.490069 2841.625789 2834.744405 2834.601448 2863.603964 2882.565994 2892.176817 2881.367440 2899.854937 2923.660415 2961.331514 2987.941591 3032.103844 3081.518590 3129.577698 3150.148482 3153.264003 3165.958647 3188.934350 3232.039843 3307.961942 3392.063272 3467.719942 3512.331850 3562.414342 3601.494796 3628.766135 3655.144016 3676.343656 3668.492199 3643.303307 3610.437692 3552.844665 -9999.0 -9999.0 -9999.0 -9999.0 -9999.0 -9999.0 -9999.0 -9999.0 -9999.0
-9999.0 -9999.0 1940.795767 2097.035562 2200.470602 2365.789899 2510.725641 2620.807758 2724.597140 2830.170197 2949.413808 3024.845926 3069.788834 3084.802551 3070.842962 3041.944965 3024.245010 3023.943360 3012.592145 3005.798612 2990.911590 2985.825133 2993.035682 2985.601144 2980.612435 2979.253813 2976.630470 2968.535928 2951.255621 2909.269885 2870.813880 2826.557462 2811.408686 2787.566508 2767.223946 2748.196308 2750.456918 2744.843568 2749.687220 2752.205680 2761.369112 2775.338789 2794.901609 2795.253128 2804.710977 2814.767028 2825.960233 2847.974850 2878.226847 2918.344967 2970.001412 3013.749581 3048.984619 3055.885786 3038.632979 3034.363571 3043.264938 3073.013409 3137.051722 3201.015997 3289.171184 3353.594619 3418.903554 3474.016573 3500.160261 3536.492711 3605.346143 3653.270261 3694.178773 3671.867689 -9999.0 -9999.0 -9999.0 -9999.0 -9999.0 -9999.0 -9999.0 -9999.0 -9999.0 -9999.0
-9999.0 -9999.0 -9999.0 -9999.0 1957.831294 2106.173686 2204.070433 2284.899837 2419.414490 2550.395805 2658.770183 2747.788165 2818.034482 2805.510119 2805.573348 2820.939005 2819.662616 2811.007970 2800.312470 2804.298283 2808.314271 2802.592330 2827.893775 2821.144823 2824.121702 2831.029948 2828.542373 2814.983240 2796.173807 2779.650470 2764.488394 2732.451290 2699.579588 2671.238314 2658.544674 2654.620535 2654.309158 2646.267203 2654.461768 2663.111671 2678.946682 2694.116711 2717.659797 2746.859315 2761.755214 2777.039684 2786.616858 2806.389349 2815.258787 2866.615416 2928.630150 2984.990737 3009.496073 3009.909423 2993.969472 2973.913383 2963.635469 2983.337048 2996.747026 3048.279299 3137.389178 3193.972355 3239.716109 3278.914864 3315.097026 3377.940752 3470.606868 3550.868226 -9999.0 -9999.0 -9999.0 -9999.0 -9999.0 -9999.0 -9999.0 -9999.0 -9999.0 -9999.0 -9999.0 -9999.0
-9999.0 -9999.0 -9999.0 -9999.0 -9999.0 -9999.0 1932.791778 2038.523716 2108.510634 2260.944725 2406.030035 2515.131017 2600.267779 2637.101455 2671.701002 2702.627998 2703.271059 2683.245919 2661.480183 2682.433303 2700.454800 2693.755532 2661.948940 2662.974930 2669.473481 2677.126897 2674.380489 2668.136268 2643.199471 2658.806705 2662.321620 2639.407441 2613.944124 2600.931494 2589.301178 2598.974969 2598.898465 2584.414508 2583.425086 2611.130874 2632.109515 2645.033168 2666.199819 2699.500229 2732.283822 2748.408708 2750.058227 2755.801311 2793.683741 2843.018640 2913.871014 2968.874802 2991.563350 2996.290018 2976.883359 2933.524119 2909.109434 2910.213565 2936.850225 2978.892486 3020.985795 3057.469210 3069.800706 3072.155791 3084.996051 3176.560155 -9999.0 -9999.0 -9999.0 -9999.0 -9999.0 -9999.0 -9999.0 -9999.0 -9999.0 -9999.0 -9999.0 -9999.0 -9999.0 -9999.0
-9999.0 -9999.0 -9999.0 -9999.0 -9999.0 -9999.0 -9999.0 -9999.0 -9999.0 -9999.0 -9999.0 -9999.0 -9999.0 -9999.0 -9999.0 -9999.0 -9999.0 -9999.0 -9999.0 -9999.0 -9999.0 -9999.0 -9999.0 -9999.0 -9999.0 -9999.0 -9999.0 -9999.0 -9999.0 -9999.0 -9999.0 -9999.0 -9999.0 -9999.0 -9999.0 -9999.0 -9999.0 -9999.0 -9999.0 -9999.0 -9999.0 -9999.0 -9999.0 -9999.0 -9999.0 -9999.0 -9999.0 -9999.0 -9999.0 -9999.0 -9999.0 -9999.0 -9999.0 -9999.0 -9999.0 -9999.0 -9999.0 -9999.0 -9999.0 -9999.0 -9999.0 -9999.0 -9999.0 -9999.0 -9999.0 -9999.0 -9999.0 -9999.0 -9999.0 -9999.0 -9999.0 -9999.0 -9999.0 -9999.0 -9999.0 -9999.0 -9999.0 -9999.0 -9999.0 -9999.0
-9999.0 -9999.0 -9999.0 -9999.0 -9999.0 -9999.0 -9999.0 -9999.0 -9999.0 -9999.0 -9999.0 -9999.0 -9999.0 -9999.0 -9999.0 -9999.0 -9999.0 -9999.0 -9999.0 -9999.0 -9999.0 -9999.0 -9999.0 -9999.0 -9999.0 -9999.0 -9999.0 -9999.0 -9999.0 -9999.0 -9999.0 -9999.0 -9999.0 -9999.0 -9999.0 -9999.0 -9999.0 -9999.0 -9999.0 -9999.0 -9999.0 -9999.0 -9999.0 -9999.0 -9999.0 -9999.0 -9999.0 -9999.0 -9999.0 -9999.0 -9999.0 -9999.0 -9999.0 -9999.0 -9999.0 -9999.0 -9999.0 -9999.0 -9999.0 -9999.0 -9999.0 -9999.0 -9999.0 -9999.0 -9999.0 -9999.0 -9999.0 -9999.0 -9999.0 -9999.0 -9999.0 -9999.0 -9999.0 -9999.0 -9999.0 -9999.0 -9999.0 -9999.0 -9999.0 -9999.0