Borden_/Borden1m_014/output_maps/psiliqL0001N0037.asc
ncols         80
nrows         18
xllcorner     620200.000000
yllcorner     5168000.000000
cellsize      1.000000
NODATA_value  -9999.0
-9999.0 -9999.0 -9999.0 -9999.0 -9999.0 -9999.0 -9999.0 -9999.0 -9999.0 -9999.0 -9999.0 -9999.0 -9999.0 -9999.0 -9999.0 -9999.0 -9999.0 -9999.0 -9999.0 -9999.0 -9999.0 -9999.0 -9999.0 -9999.0 -9999.0 -9999.0 -9999.0 -9999.0 -9999.0 -9999.0 -9999.0 -9999.0 -9999.0 -9999.0 -9999.0 -9999.0 -9999.0 -9999.0 -9999.0 -9999.0 -9999.0 -9999.0 -9999.0 -9999.0 -9999.0 -9999.0 -9999.0 -9999.0 -9999.0 -9999.0 -9999.0 -9999.0 -9999.0 -9999.0 -9999.0 -9999.0 -9999.0 -9999.0 -9999.0 -9999.0 -9999.0 -9999.0 -9999.0 -9999.0 -9999.0 -9999.0 -9999.0 -9999.0 -9999.0 -9999.0 -9999.0 -9999.0 -9999.0 -9999.0 -9999.0 -9999.0 -9999.0 -9999.0 -9999.0 -9999.0
-9999.0 -9999.0 -9999.0 -9999.0 -9999.0 -9999.0 -9999.0 -9999.0 -9999.0 -9999.0 -9999.0 -9999.0 -9999.0 -9999.0 -9999.0 -9999.0 -9999.0 -9999.0 -9999.0 -9999.0 -9999.0 -9999.0 -9999.0 -9999.0 -9999.0 -9999.0 -9999.0 -9999.0 -9999.0 -9999.0 -9999.0 -9999.0 -9999.0 -9999.0 -9999.0 -9999.0 -9999.0 -9999.0 -9999.0 -9999.0 -9999.0 -9999.0 -9999.0 -9999.0 -9999.0 -9999.0 -9999.0 -9999.0 -9999.0 -9999.0 -9999.0 -9999.0 -9999.0 -9999.0 -9999.0 -9999.0 -9999.0 -9999.0 -9999.0 -9999.0 -9999.0 -9999.0 -9999.0 -9999.0 -9999.0 -9999.0 -9999.0 -9999.0 -9999.0 -9999.0 -9999.0 -9999.0 -9999.0 -9999.0 -9999.0 -9999.0 -9999.0 -9999.0 -9999.0 -9999.0
-9999.0 -9999.0 -9999.0 -9999.0 -9999.0 -9999.0 -9999.0 -9999.0 -9999.0 -9999.0 -9999.0 -9999.0 -9999.0 -9999.0 -9999.0 -9999.0 -9999.0 -9999.0 -9999.0 -9999.0 -615.477828 -614.583051 -616.625595 -618.947282 -620.866566 -621.082317 -618.906813 -616.340151 -613.380803 -612.718870 -615.035323 -614.526924 -615.430027 -615.869445 -615.860135 -615.232648 -614.959191 -613.978624 -613.334716 -613.573756 -614.282200 -614.810397 -615.290521 -615.101374 -614.326265 -615.357079 -613.772688 -612.155178 -611.540476 -611.628857 -613.916410 -614.904504 -615.264212 -617.027110 -613.819187 -612.789358 -610.280081 -609.997340 -609.582844 -612.414282 -615.163951 -9999.0 -9999.0 -9999.0 -9999.0 -9999.0 -9999.0 -9999.0 -9999.0 -9999.0 -9999.0 -9999.0 -9999.0 -9999.0 -9999.0 -9999.0 -9999.0 -9999.0 -9999.0 -9999.0
-9999.0 -9999.0 -9999.0 -9999.0 -9999.0 -9999.0 -9999.0 -9999.0 -9999.0 -9999.0 -9999.0 -9999.0 -9999.0 -9999.0 -619.436367 -620.492956 -620.974299 -621.224485 -619.276644 -617.709686 -617.565784 -618.664871 -617.822503 -619.977415 -621.839915 -620.687018 -618.994047 -617.514365 -615.120499 -613.260945 -614.926254 -615.332288 -614.385269 -611.091848 -609.529777 -610.172143 -613.887633 -610.423171 -608.512156 -607.232867 -607.385181 -609.079472 -606.590729 -603.699871 -605.124035 -608.166270 -607.634761 -605.953151 -603.097185 -604.795177 -614.159739 -615.314080 -614.902084 -614.806217 -616.031354 -616.908631 -613.665653 -614.056638 -614.636579 -615.342925 -617.347159 -620.446792 -621.784561 -618.645873 -615.663157 -609.561065 -9999.0 -9999.0 -9999.0 -9999.0 -9999.0 -9999.0 -9999.0 -9999.0 -9999.0 -9999.0 -9999.0 -9999.0 -9999.0 -9999.0
-9999.0 -9999.0 -9999.0 -9999.0 -9999.0 -9999.0 -9999.0 -9999.0 -9999.0 -621.278842 -621.565841 -621.271627 -621.932577 -621.010079 -622.463270 -622.103930 -622.304418 -620.993933 -619.840608 -617.899177 -615.362679 -617.162370 -617.377493 -616.000499 -615.678131 -615.047819 -613.812978 -609.443059 -604.130341 -595.880764 -602.593934 -602.860830 -599.072430 -584.800544 -570.233101 -565.099487 -573.402243 -573.483313 -563.107566 -548.928748 -547.430852 -548.461325 -531.277942 -519.818754 -512.005514 -529.151838 -546.457222 -549.118685 -530.011067 -562.347397 -584.965229 -600.588777 -599.911086 -605.274417 -610.977494 -613.147819 -613.873930 -610.063899 -611.612160 -615.219029 -618.113153 -617.349200 -618.888649 -617.400163 -616.226865 -611.579374 -607.260036 -603.018508 -602.798622 -605.490397 -9999.0 -9999.0 -9999.0 -9999.0 -9999.0 -9999.0 -9999.0 -9999.0 -9999.0 -9999.0
-9999.0 -9999.0 -9999.0 -9999.0 -9999.0 -9999.0 -623.217120 -623.336259 -622.750411 -624.488744 -623.205612 -624.041663 -623.055755 -622.579204 -621.919302 -621.798200 -620.063345 -618.494276 -615.803605 -612.154474 -608.712585 -610.302303 -609.352845 -604.230367 -594.050378 -584.098343 -577.332952 -563.672909 -506.331509 -450.606954 -428.388171 -418.604997 -407.836971 -375.451194 -320.302405 -302.426550 -322.086755 -337.453440 -318.268209 -273.722552 -191.352682 -189.976796 -184.258802 -177.541075 -151.315967 -155.586036 -266.808087 -297.922366 -309.377577 -320.381975 -366.250938 -413.805303 -467.977818 -523.868647 -570.807489 -589.405182 -592.399469 -589.654408 -596.854274 -605.820456 -611.052347 -611.221804 -612.269345 -614.090461 -613.312847 -611.411409 -608.437650 -606.591324 -608.033922 -610.019658 -611.588441 -614.613773 -614.167071 -611.237761 -9999.0 -9999.0 -9999.0 -9999.0 -9999.0 -9999.0
-9999.0 -9999.0 -9999.0 -9999.0 -626.027758 -625.202839 -627.624042 -626.246777 -625.132753 -624.267035 -624.149193 -622.557487 -622.035798 -620.855932 -618.339266 -616.182086 -612.490783 -609.574720 -601.540034 -584.109071 -564.560820 -549.855375 -537.674087 -467.594914 -403.723379 -362.432917 -345.778784 -318.876354 -269.822390 -143.911685 -149.142624 -110.676611 -94.511108 -72.133525 -29.702713 -3.889567 -16.569053 -21.947388 -21.083804 -13.820554 9.443393 9.841095 10.826374 10.769641 12.655133 14.525996 -3.898663 -34.698903 -44.202037 -92.655208 -69.057860 -129.093920 -238.345956 -276.380875 -301.674314 -344.420856 -403.580320 -428.814913 -496.257934 -546.432583 -578.401182 -587.663531 -596.095163 -600.462965 -605.826883 -605.045489 -603.748293 -606.442046 -609.877538 -613.083062 -613.584447 -614.975587 -616.402378 -612.705316 -611.286045 -607.099257 -9999.0 -9999.0 -9999.0 -9999.0
-9999.0 -9999.0 -626.239476 -626.068341 -623.774909 -625.102416 -625.839193 -626.979609 -626.448011 -624.178074 -619.660729 -617.440279 -614.100731 -612.247900 -604.494611 -583.925313 -552.540102 -516.915344 -444.727588 -388.778689 -335.713370 -292.361833 -214.679288 -164.119823 -122.607186 -73.387123 -51.760165 -68.995712 -10.652699 14.838136 38.700054 56.086782 60.652442 51.600637 55.021531 49.710365 49.648040 46.145506 29.097340 26.958435 34.538075 35.712639 39.920329 27.240820 23.992183 35.721852 38.710012 38.156135 42.264781 47.700453 60.330768 31.143191 -20.678943 -66.682179 -33.049056 -71.500705 -136.432932 -234.975453 -263.488683 -303.602359 -377.808613 -419.559442 -475.281050 -534.983963 -568.942105 -581.877430 -593.648263 -600.604147 -606.720526 -612.096973 -613.792158 -614.836081 -614.201482 -614.654231 -612.667678 -611.091172 -608.822097 -607.925182 -9999.0 -9999.0
-9999.0 -626.899733 -627.553434 -623.395918 -622.516035 -621.496116 -619.985737 -618.691798 -617.477712 -619.046017 -606.430095 -578.523930 -542.566438 -522.320778 -456.450047 -361.477292 -198.045302 -185.212573 -140.978223 -137.901480 -54.201037 -28.551590 5.792343 38.658517 59.536200 55.713761 53.853658 49.927634 42.420363 35.276047 25.736947 32.356036 31.605305 17.673089 5.956678 5.566697 -0.311327 -20.118080 -45.767222 -57.362032 -51.432331 -31.562216 -40.757987 -61.267198 -64.645327 -45.818513 -29.877177 -39.546883 -49.517629 -68.740014 -4.997154 10.783368 27.260362 39.867920 61.122988 38.072466 6.756568 -27.576278 -43.846885 -64.067038 -177.764456 -244.134382 -297.121293 -360.706367 -414.047099 -481.834952 -546.390449 -575.295808 -593.167335 -599.547096 -603.454697 -610.875720 -612.887784 -611.491350 -612.471665 -612.592222 -611.690517 -610.973087 -9999.0 -9999.0
-9999.0 -630.381017 -626.680667 -622.060244 -615.985724 -614.498085 -592.944596 -569.865085 -558.710273 -571.855306 -488.305071 -192.857120 -131.855748 -132.633853 -82.351161 -14.693302 25.729265 44.420726 60.779589 48.335528 45.651321 44.783623 41.797824 31.829306 18.730901 12.009510 12.118981 10.740855 -5.616703 -21.841051 -36.486382 -70.804817 -50.030406 -82.468525 -122.366199 -139.969603 -196.680810 -226.212447 -261.955762 -287.942999 -299.743176 -278.935404 -290.187894 -309.646972 -313.488170 -289.044245 -256.252028 -263.641631 -260.388686 -238.551050 -192.311356 -101.852974 -81.415225 -88.460388 -24.578455 11.545214 29.020885 49.611766 53.118993 31.539905 -5.291838 -83.628506 -76.388480 -192.351202 -269.020374 -348.421841 -398.590548 -436.225191 -503.289534 -546.445859 -572.046665 -589.966667 -601.812032 -604.664547 -610.049157 -611.130284 -9999.0 -9999.0 -9999.0 -9999.0
-9999.0 -630.278712 -626.529829 -617.626521 -594.378881 -551.957434 -406.960473 -273.581935 -105.592634 -147.957666 -23.087399 45.497463 54.075602 36.498258 10.861403 6.797893 15.850843 18.450264 14.181614 5.685117 -3.070214 -38.380335 -8.776687 -17.832935 -29.051327 -43.042461 -53.137221 -63.199870 -154.869911 -192.876579 -220.894444 -235.736288 -267.881347 -351.347380 -385.548352 -406.622506 -460.059372 -477.415652 -495.250722 -526.358074 -540.498893 -548.586934 -537.844847 -540.499097 -541.361950 -534.008789 -513.985170 -496.093651 -447.878300 -415.164977 -382.996577 -333.501658 -299.864893 -256.546163 -203.163588 -95.027467 -68.077593 -41.266193 -4.234398 30.978599 52.185210 43.591144 17.064722 -16.590815 -72.417074 -198.905188 -254.786379 -326.837335 -380.211752 -413.869524 -438.365008 -487.533427 -551.965298 -587.492216 -595.703366 -9999.0 -9999.0 -9999.0 -9999.0 -9999.0
-9999.0 -634.718042 -625.939693 -618.470765 -576.091855 -390.811455 -300.345648 -32.669794 19.365148 -49.505027 -153.103828 -65.876513 -32.719059 -33.561265 -58.467671 -72.582427 -73.087169 -73.054921 -61.223439 -102.293512 -177.288161 -195.558479 -196.532056 -209.177415 -230.563508 -248.867319 -262.981621 -284.027141 -337.850247 -379.356156 -430.613223 -457.593918 -532.439203 -570.713560 -585.399425 -596.665164 -606.533323 -606.436782 -603.540361 -606.308040 -609.186768 -612.085569 -608.601125 -606.956135 -605.387570 -607.247248 -606.581265 -601.471027 -592.387812 -581.736443 -562.800518 -526.273612 -475.118976 -418.987980 -392.017526 -341.351429 -295.296852 -248.180780 -172.581142 -48.781985 -21.784458 6.761394 41.397266 60.511728 23.107946 -11.896662 -71.217886 -197.769500 -300.660348 -342.962973 -358.361506 -377.756050 -413.744802 -9999.0 -9999.0 -9999.0 -9999.0 -9999.0 -9999.0 -9999.0
-9999.0 -637.724238 -628.124732 -625.829815 -612.588386 -580.515377 -498.507456 -387.346772 -216.449711 -340.512607 -354.732735 -328.486928 -298.502089 -277.219936 -300.992205 -334.792029 -357.537394 -354.344859 -353.378078 -375.193623 -400.226116 -410.409106 -410.892498 -417.878472 -446.492376 -468.562972 -483.252709 -509.202172 -541.963105 -569.495222 -594.677953 -605.450721 -612.641512 -615.259778 -617.103703 -618.984928 -622.342621 -620.639464 -619.242994 -619.644385 -620.735950 -621.538023 -619.101796 -618.205253 -617.411541 -619.615721 -618.043841 -616.490639 -613.053667 -609.389808 -603.979436 -595.587487 -583.866362 -573.977147 -565.960763 -547.680422 -507.962542 -436.075828 -368.067576 -272.626536 -199.029236 -106.312472 -87.805015 -19.582086 -1.190285 4.695626 12.397464 -15.521583 -273.167452 -308.805787 -311.276156 -9999.0 -9999.0 -9999.0 -9999.0 -9999.0 -9999.0 -9999.0 -9999.0 -9999.0
-9999.0 -9999.0 -639.350689 -635.152963 -631.096900 -627.059153 -621.369435 -613.842217 -607.783270 -599.652687 -586.043206 -567.808319 -552.899381 -544.687881 -555.334164 -573.031305 -581.757116 -581.222992 -583.406271 -587.666184 -594.657149 -597.107191 -598.721184 -600.034106 -602.896846 -604.135070 -604.681708 -605.794593 -608.141687 -612.983642 -617.185975 -619.995973 -622.948975 -622.973219 -623.502541 -624.531681 -623.876420 -624.039696 -623.762350 -623.911061 -623.731695 -623.304421 -622.713500 -621.944813 -621.878929 -621.685975 -621.363152 -620.454245 -619.037752 -617.140902 -613.482050 -607.993444 -603.558217 -602.378289 -604.530487 -603.703308 -600.261724 -591.553775 -558.697964 -473.386102 -393.277819 -327.981415 -257.600901 -210.400168 -194.299328 -161.386464 -57.899613 -208.237655 -360.674027 -350.079408 -9999.0 -9999.0 -9999.0 -9999.0 -9999.0 -9999.0 -9999.0 -9999.0 -9999.0 -9999.0
-9999.0 -9999.0 -9999.0 -9999.0 -640.508596 -635.077909 -630.199456 -630.531492 -626.952935 -624.755232 -622.518527 -619.734708 -617.436221 -615.875540 -617.884258 -618.579032 -619.077051 -618.775398 -619.179498 -619.779799 -620.142633 -620.485664 -620.768823 -621.225445 -621.120744 -620.768195 -620.681462 -621.436231 -621.501914 -623.044599 -623.416619 -624.329754 -625.209040 -626.141995 -626.013798 -626.166523 -625.799675 -626.194887 -625.560357 -625.945500 -625.468659 -625.227776 -624.602873 -623.616986 -623.954687 -623.381042 -623.312332 -622.509382 -622.094797 -619.900128 -616.283172 -611.964330 -608.916674 -608.996787 -612.727280 -614.266461 -615.039911 -612.569007 -608.046533 -597.868220 -567.728659 -515.632901 -434.570330 -396.276371 -370.058745 -327.951842 -287.351428 -279.560076 -9999.0 -9999.0 -9999.0 -9999.0 -9999.0 -9999.0 -9999.0 -9999.0 -9999.0 -9999.0 -9999.0 -9999.0
-9999.0 -9999.0 -9999.0 -9999.0 -9999.0 -9999.0 -638.523374 -635.966642 -636.482379 -634.740286 -633.204795 -631.863440 -629.689525 -630.043296 -629.560202 -627.881521 -628.191844 -629.005887 -630.005113 -628.517831 -627.944430 -627.784729 -629.451078 -629.022401 -628.890422 -628.227500 -628.294935 -628.042747 -629.526527 -627.938410 -627.214026 -627.591800 -627.959500 -627.698465 -628.090827 -627.032139 -626.908281 -627.758745 -627.973166 -626.747480 -626.391914 -626.542330 -626.250922 -625.350213 -624.053240 -623.847051 -624.398771 -625.137521 -623.693582 -620.440294 -616.628903 -613.102351 -610.716307 -609.936560 -613.110759 -617.208378 -619.192438 -619.360418 -617.532522 -613.966788 -605.352685 -598.651734 -592.402659 -584.437947 -573.970374 -507.319901 -9999.0 -9999.0 -9999.0 -9999.0 -9999.0 -9999.0 -9999.0 -9999.0 -9999.0 -9999.0 -9999.0 -9999.0 -9999.0 -9999.0
-9999.0 -9999.0 -9999.0 -9999.0 -9999.0 -9999.0 -9999.0 -9999.0 -9999.0 -9999.0 -9999.0 -9999.0 -9999.0 -9999.0 -9999.0 -9999.0 -9999.0 -9999.0 -9999.0 -9999.0 -9999.0 -9999.0 -9999.0 -9999.0 -9999.0 -9999.0 -9999.0 -9999.0 -9999.0 -9999.0 -9999.0 -9999.0 -9999.0 -9999.0 -9999.0 -9999.0 -9999.0 -9999.0 -9999.0 -9999.0 -9999.0 -9999.0 -9999.0 -9999.0 -9999.0 -9999.0 -9999.0 -9999.0 -9999.0 -9999.0 -9999.0 -9999.0 -9999.0 -9999.0 -9999.0 -9999.0 -9999.0 -9999.0 -9999.0 -9999.0 -9999.0 -9999.0 -9999.0 -9999.0 -9999.0 -9999.0 -9999.0 -9999.0 -9999.0 -9999.0 -9999.0 -9999.0 -9999.0 -9999.0 -9999.0 -9999.0 -9999.0 -9999.0 -9999.0 -9999.0
-9999.0 -9999.0 -9999.0 -9999.0 -9999.0 -9999.0 -9999.0 -9999.0 -9999.0 -9999.0 -9999.0 -9999.0 -9999.0 -9999.0 -9999.0 -9999.0 -9999.0 -9999.0 -9999.0 -9999.0 -9999.0 -9999.0 -9999.0 -9999.0 -9999.0 -9999.0 -9999.0 -9999.0 -9999.0 -9999.0 -9999.0 -9999.0 -9999.0 -9999.0 -9999.0 -9999.0 -9999.0 -9999.0 -9999.0 -9999.0 -9999.0 -9999.0 -9999.0 -9999.0 -9999.0 -9999.0 -9999.0 -9999.0 -9999.0 -9999.0 -9999.0 -9999.0 -9999.0 -9999.0 -9999.0 -9999.0 -9999.0 -9999.0 -9999.0 -9999.0 -9999.0 -9999.0 -9999.0 -9999.0 -9999.0 -9999.0 -9999.0 -9999.0 -9999.0 -9999.0 -9999.0 -9999.0 -9999.0 -9999.0 -9999.0 -9999.0 -9999.0 -9999.0 -9999.0 -9999.0