Borden_/Borden1m_014/output_maps/psiliqL0005N0035.asc
ncols         80
nrows         18
xllcorner     620200.000000
yllcorner     5168000.000000
cellsize      1.000000
NODATA_value  -9999.0
-9999.0 -9999.0 -9999.0 -9999.0 -9999.0 -9999.0 -9999.0 -9999.0 -9999.0 -9999.0 -9999.0 -9999.0 -9999.0 -9999.0 -9999.0 -9999.0 -9999.0 -9999.0 -9999.0 -9999.0 -9999.0 -9999.0 -9999.0 -9999.0 -9999.0 -9999.0 -9999.0 -9999.0 -9999.0 -9999.0 -9999.0 -9999.0 -9999.0 -9999.0 -9999.0 -9999.0 -9999.0 -9999.0 -9999.0 -9999.0 -9999.0 -9999.0 -9999.0 -9999.0 -9999.0 -9999.0 -9999.0 -9999.0 -9999.0 -9999.0 -9999.0 -9999.0 -9999.0 -9999.0 -9999.0 -9999.0 -9999.0 -9999.0 -9999.0 -9999.0 -9999.0 -9999.0 -9999.0 -9999.0 -9999.0 -9999.0 -9999.0 -9999.0 -9999.0 -9999.0 -9999.0 -9999.0 -9999.0 -9999.0 -9999.0 -9999.0 -9999.0 -9999.0 -9999.0 -9999.0
-9999.0 -9999.0 -9999.0 -9999.0 -9999.0 -9999.0 -9999.0 -9999.0 -9999.0 -9999.0 -9999.0 -9999.0 -9999.0 -9999.0 -9999.0 -9999.0 -9999.0 -9999.0 -9999.0 -9999.0 -9999.0 -9999.0 -9999.0 -9999.0 -9999.0 -9999.0 -9999.0 -9999.0 -9999.0 -9999.0 -9999.0 -9999.0 -9999.0 -9999.0 -9999.0 -9999.0 -9999.0 -9999.0 -9999.0 -9999.0 -9999.0 -9999.0 -9999.0 -9999.0 -9999.0 -9999.0 -9999.0 -9999.0 -9999.0 -9999.0 -9999.0 -9999.0 -9999.0 -9999.0 -9999.0 -9999.0 -9999.0 -9999.0 -9999.0 -9999.0 -9999.0 -9999.0 -9999.0 -9999.0 -9999.0 -9999.0 -9999.0 -9999.0 -9999.0 -9999.0 -9999.0 -9999.0 -9999.0 -9999.0 -9999.0 -9999.0 -9999.0 -9999.0 -9999.0 -9999.0
-9999.0 -9999.0 -9999.0 -9999.0 -9999.0 -9999.0 -9999.0 -9999.0 -9999.0 -9999.0 -9999.0 -9999.0 -9999.0 -9999.0 -9999.0 -9999.0 -9999.0 -9999.0 -9999.0 -9999.0 -692.846956 -688.828634 -705.494704 -727.734495 -745.959574 -746.271381 -724.787165 -698.819176 -672.560650 -665.726131 -681.268159 -679.434719 -684.707522 -686.149449 -684.750003 -680.191625 -678.273726 -669.806048 -663.794510 -664.605320 -669.753464 -674.235021 -676.337426 -673.993158 -669.395292 -676.487528 -665.237650 -652.859828 -647.630105 -650.412816 -670.357795 -680.761520 -685.425697 -697.155906 -675.792035 -666.360167 -647.734326 -644.423342 -643.761054 -664.718970 -687.029294 -9999.0 -9999.0 -9999.0 -9999.0 -9999.0 -9999.0 -9999.0 -9999.0 -9999.0 -9999.0 -9999.0 -9999.0 -9999.0 -9999.0 -9999.0 -9999.0 -9999.0 -9999.0 -9999.0
-9999.0 -9999.0 -9999.0 -9999.0 -9999.0 -9999.0 -9999.0 -9999.0 -9999.0 -9999.0 -9999.0 -9999.0 -9999.0 -9999.0 -742.413163 -750.220846 -753.375755 -751.652251 -731.864731 -714.391045 -708.467319 -715.580208 -713.104730 -730.676213 -745.911818 -736.287697 -718.312561 -699.569605 -676.204518 -660.948214 -672.315589 -675.103584 -667.283780 -644.291210 -632.349193 -635.360375 -656.252754 -635.722109 -621.984556 -613.286084 -614.286638 -622.977498 -608.546523 -592.759478 -599.275394 -616.313578 -613.939343 -603.618613 -588.401870 -601.580277 -659.456149 -673.613192 -673.568948 -676.201009 -685.727728 -691.064100 -669.315215 -669.343588 -674.745051 -685.355599 -706.241080 -735.485743 -747.345591 -720.115676 -690.300871 -644.486615 -9999.0 -9999.0 -9999.0 -9999.0 -9999.0 -9999.0 -9999.0 -9999.0 -9999.0 -9999.0 -9999.0 -9999.0 -9999.0 -9999.0
-9999.0 -9999.0 -9999.0 -9999.0 -9999.0 -9999.0 -9999.0 -9999.0 -9999.0 -767.557144 -767.872279 -764.648238 -767.217009 -758.580061 -765.524090 -761.909493 -760.358599 -745.991787 -729.830719 -708.436340 -687.594561 -698.074975 -698.978836 -689.426709 -685.399819 -677.490448 -663.722747 -631.191556 -594.036073 -552.650692 -581.503273 -583.084870 -563.677946 -505.711992 -454.294788 -438.918531 -464.434872 -462.743828 -428.829976 -391.924659 -388.306535 -389.238135 -355.609820 -338.370178 -329.746795 -353.616601 -384.301566 -389.923563 -357.750170 -426.790983 -507.680651 -571.220527 -571.494402 -601.749761 -639.161525 -656.866088 -659.792422 -637.908627 -649.399358 -677.897339 -703.831920 -705.475355 -717.427046 -704.946883 -690.201137 -653.222085 -621.630399 -595.855881 -594.738873 -609.919988 -9999.0 -9999.0 -9999.0 -9999.0 -9999.0 -9999.0 -9999.0 -9999.0 -9999.0 -9999.0
-9999.0 -9999.0 -9999.0 -9999.0 -9999.0 -9999.0 -795.591696 -794.421435 -787.171939 -794.928842 -782.416005 -784.590960 -774.283774 -766.383369 -756.937102 -750.679756 -732.518458 -713.716322 -686.452208 -654.412502 -628.632798 -634.436747 -626.620266 -594.090324 -546.702416 -507.168381 -479.245528 -429.481491 -325.363658 -266.651793 -245.010909 -235.394313 -224.339005 -188.200965 -130.793794 -112.648666 -133.486461 -148.856558 -129.280065 -84.742810 -23.661523 -19.543002 -12.813571 -5.376322 20.434534 12.383601 -77.988217 -108.246055 -118.540608 -130.647880 -178.458119 -230.818810 -285.441016 -348.125383 -455.088481 -526.561634 -535.161205 -521.905794 -555.179704 -605.246594 -641.522250 -647.293365 -657.044603 -668.554149 -663.111916 -647.212041 -626.532569 -615.345612 -624.863905 -640.312125 -656.212933 -678.595217 -676.261086 -655.307996 -9999.0 -9999.0 -9999.0 -9999.0 -9999.0 -9999.0
-9999.0 -9999.0 -9999.0 -9999.0 -820.487230 -813.597277 -830.045827 -817.549182 -804.899362 -792.775135 -783.821190 -765.531475 -754.376740 -738.889908 -712.962358 -688.830461 -656.270930 -629.393698 -579.109081 -503.435259 -435.018051 -394.269516 -366.590749 -284.856385 -218.720485 -174.528876 -157.122759 -129.821348 -79.671983 25.724843 37.469978 61.651482 59.119441 103.500851 145.327606 171.930645 137.181376 152.970324 155.963018 165.356937 191.220447 192.500422 193.868963 194.110352 196.251747 197.185037 174.766931 140.337213 130.759804 101.247356 104.964283 42.164037 -47.256214 -85.454966 -112.500208 -156.696369 -218.546198 -245.200600 -314.358076 -386.221519 -479.232025 -514.119054 -550.365656 -575.204312 -604.082131 -601.364796 -596.146487 -612.094546 -635.997756 -660.437184 -669.043198 -681.787146 -690.376531 -664.875248 -651.643407 -624.629162 -9999.0 -9999.0 -9999.0 -9999.0
-9999.0 -9999.0 -830.469214 -822.427466 -799.206368 -804.818622 -808.917659 -814.108281 -804.561414 -779.005356 -733.090388 -703.241134 -670.829750 -649.730242 -597.493844 -506.104108 -405.045979 -337.070404 -262.459150 -201.724573 -146.299559 -102.929418 -39.760821 -3.618323 49.604127 76.868436 118.381846 121.505663 167.403655 197.565483 221.696956 238.055007 244.107974 236.953200 238.979240 235.083847 232.723702 229.908137 212.037021 210.959715 218.185567 220.059535 224.492480 212.049093 208.330025 220.795139 222.632082 221.787354 224.783489 230.535273 243.107326 212.543153 159.263467 145.996722 143.661456 103.961759 39.966635 -42.612242 -71.274251 -112.942727 -188.995694 -235.160358 -293.442134 -362.705061 -442.545485 -488.302753 -538.200803 -574.784150 -612.244023 -648.608097 -664.598784 -676.286349 -675.080122 -675.337869 -661.360952 -648.668475 -634.617702 -628.079712 -9999.0 -9999.0
-9999.0 -845.959516 -843.213161 -798.795924 -775.623759 -757.619545 -737.809655 -721.713848 -707.336292 -706.052930 -614.743192 -496.585159 -385.035518 -345.204742 -275.354932 -175.898810 -36.105073 2.615157 30.791826 49.620822 117.149985 153.689873 186.268729 217.764438 243.290087 237.530950 236.944405 235.676521 227.248819 221.196933 210.780439 217.815101 216.648449 201.744211 189.654008 188.023822 183.853992 158.431927 112.320871 119.764365 122.074120 124.490173 135.804574 116.434491 112.795178 132.523459 147.901839 136.612014 127.823703 125.524191 175.682471 194.261996 210.659571 223.811179 245.325696 222.279340 189.705458 151.618601 136.953131 109.275034 15.118617 -50.924220 -104.868506 -169.103925 -227.190327 -300.064670 -382.634516 -463.157395 -534.444660 -569.301671 -594.540821 -639.352339 -656.196933 -651.065631 -657.837587 -658.992720 -652.813075 -647.400182 -9999.0 -9999.0
-9999.0 -878.688242 -839.975499 -780.127239 -705.502442 -671.479938 -555.611665 -465.983087 -433.218495 -463.989330 -312.482801 -38.375287 32.928000 35.938336 90.298300 160.089495 201.907340 225.712607 241.000979 230.826053 228.146052 229.305007 225.623604 219.262601 204.990802 197.660802 197.200294 194.887784 175.913738 159.307408 142.457267 122.732305 127.132129 93.418090 60.272816 42.558241 5.815502 -31.741998 -70.430810 -96.880761 -109.546093 -89.610014 -99.865235 -119.003488 -122.802674 -98.504191 -65.405492 -72.181188 -67.542453 -45.385019 0.500701 73.766412 96.635356 121.764496 156.736928 195.234072 212.710054 232.947643 239.999008 214.985212 175.673459 129.138387 98.037667 0.361719 -75.888832 -156.003888 -210.076177 -255.621581 -328.216830 -389.272092 -456.786220 -523.898753 -580.899036 -601.923393 -635.104882 -648.991702 -9999.0 -9999.0 -9999.0 -9999.0
-9999.0 -885.901147 -844.864158 -743.630407 -563.799252 -414.571256 -223.273190 -86.029982 47.157925 40.073994 132.522613 217.152812 230.417613 214.794663 191.063585 188.497838 199.111378 201.380826 197.430608 187.485245 176.182955 153.610602 167.150976 163.998525 151.632486 137.256502 125.806408 112.792007 38.412446 1.003349 -28.271307 -43.830386 -76.651821 -162.018425 -198.314784 -222.571700 -278.569900 -295.587282 -313.786852 -350.585110 -374.566137 -392.174426 -370.776379 -373.961816 -374.674343 -362.168657 -334.771761 -313.486055 -264.673361 -229.349023 -193.012416 -141.731386 -107.472459 -63.403179 -10.441971 79.411882 90.441322 136.371849 178.802273 216.083822 237.350806 228.987310 200.022124 163.000230 100.906475 -5.515292 -60.892765 -133.689259 -190.530759 -229.345957 -259.949449 -313.692615 -402.266068 -516.848427 -555.268244 -9999.0 -9999.0 -9999.0 -9999.0 -9999.0
-9999.0 -936.960472 -854.085439 -763.464211 -506.716044 -210.232041 -111.607877 117.969031 183.835798 112.302711 39.220292 103.345824 140.204693 140.773267 116.667534 106.239996 102.047173 101.386078 113.269738 77.753652 15.992242 -2.869857 -4.173992 -15.918808 -38.127152 -56.630911 -70.891797 -92.326189 -146.248622 -189.916254 -248.784601 -277.048546 -363.016861 -456.129199 -512.340920 -561.608740 -611.695360 -612.917316 -598.738266 -614.767851 -633.777481 -650.982415 -628.834914 -617.081229 -607.964957 -617.116084 -610.326618 -580.178166 -534.027535 -488.732885 -423.987547 -348.014029 -290.475034 -232.767443 -202.649614 -150.343908 -104.002261 -55.879486 20.310566 128.391972 159.271349 190.325229 226.190557 244.052329 202.800787 159.552576 102.809781 -3.529917 -105.866113 -149.561836 -166.199642 -188.051121 -229.046616 -9999.0 -9999.0 -9999.0 -9999.0 -9999.0 -9999.0 -9999.0
-9999.0 -965.276868 -881.484473 -851.041263 -713.347811 -521.755105 -332.771716 -210.316067 -71.899664 -155.993609 -166.307038 -139.110504 -108.381124 -87.364575 -111.172341 -145.674360 -169.242134 -165.923585 -165.464593 -188.108234 -215.273983 -227.030191 -227.774077 -235.341775 -264.831419 -286.667908 -301.811632 -330.241409 -378.638733 -452.477212 -547.921044 -607.668413 -659.236948 -685.692130 -705.419711 -725.838537 -753.516077 -742.681490 -731.573406 -734.771015 -743.623474 -748.388386 -727.708887 -717.020512 -710.172018 -723.455706 -710.426585 -693.424855 -663.535579 -633.139239 -595.363152 -547.842726 -495.294411 -458.321836 -432.745596 -385.092969 -325.609869 -253.090608 -177.775361 -81.019087 -5.972743 72.844162 126.095713 158.967205 174.539527 187.180752 184.942266 129.879501 -78.921655 -113.024286 -115.706089 -9999.0 -9999.0 -9999.0 -9999.0 -9999.0 -9999.0 -9999.0 -9999.0 -9999.0
-9999.0 -9999.0 -984.582344 -944.277252 -906.890692 -854.434033 -782.967921 -709.621408 -658.054833 -602.667292 -530.870468 -457.353175 -410.732766 -390.827701 -415.925680 -469.536898 -501.627626 -500.901863 -510.224992 -527.163026 -555.262810 -565.442851 -573.395933 -580.236493 -594.463518 -601.722971 -605.972261 -614.844122 -633.179534 -670.132540 -707.681880 -738.894284 -770.027267 -777.724532 -786.153297 -796.809854 -793.923793 -795.188754 -792.091173 -792.419673 -789.997142 -784.782524 -776.335874 -766.549601 -763.372816 -760.343698 -754.954117 -743.120426 -725.231495 -701.539437 -666.196680 -624.050646 -594.188172 -586.028199 -596.709842 -591.923082 -571.776960 -527.031585 -413.002242 -292.365473 -204.325275 -136.079445 -64.586397 -16.067106 3.306054 50.646703 102.754854 -14.752247 -174.704681 -157.157215 -9999.0 -9999.0 -9999.0 -9999.0 -9999.0 -9999.0 -9999.0 -9999.0 -9999.0 -9999.0
-9999.0 -9999.0 -9999.0 -9999.0 -999.639200 -944.584231 -899.183914 -895.568753 -854.960849 -820.933272 -785.459194 -747.996670 -718.558054 -703.247492 -715.715213 -721.742717 -727.247911 -727.596927 -732.434450 -736.849265 -740.348152 -744.478055 -749.624644 -754.054260 -753.732286 -750.889722 -751.073051 -758.495964 -763.862878 -778.723321 -786.731763 -799.676931 -811.897420 -822.376253 -823.590181 -825.207274 -822.853405 -826.148796 -820.864439 -821.898388 -816.479429 -812.306478 -804.137378 -792.704902 -791.377679 -784.984588 -782.194602 -772.751089 -761.762805 -734.225371 -695.832438 -657.015851 -632.686332 -632.143933 -656.649258 -670.276526 -675.266308 -655.682914 -620.001355 -557.477964 -438.560167 -334.308741 -251.451378 -208.828788 -180.190692 -135.104230 -93.482184 -84.399943 -9999.0 -9999.0 -9999.0 -9999.0 -9999.0 -9999.0 -9999.0 -9999.0 -9999.0 -9999.0 -9999.0 -9999.0
-9999.0 -9999.0 -9999.0 -9999.0 -9999.0 -9999.0 -979.074473 -951.656487 -955.344703 -929.320317 -903.452629 -880.237256 -852.510455 -848.763748 -841.239388 -826.271050 -828.835158 -837.448029 -847.128963 -834.580635 -828.659884 -828.837162 -844.472329 -841.979568 -840.170095 -834.341426 -834.888992 -834.452453 -847.836481 -835.962826 -831.227018 -836.961780 -842.741467 -842.565314 -846.339621 -838.115719 -837.158928 -844.233173 -845.587753 -834.245552 -829.239267 -828.241254 -823.005913 -811.862383 -798.305936 -794.066856 -796.784578 -799.245277 -781.278026 -744.659441 -703.273071 -668.391570 -647.316209 -642.581953 -666.714298 -699.678509 -717.166234 -716.154041 -695.905139 -660.745479 -600.157548 -558.053334 -525.276066 -494.583527 -452.724037 -323.927257 -9999.0 -9999.0 -9999.0 -9999.0 -9999.0 -9999.0 -9999.0 -9999.0 -9999.0 -9999.0 -9999.0 -9999.0 -9999.0 -9999.0
-9999.0 -9999.0 -9999.0 -9999.0 -9999.0 -9999.0 -9999.0 -9999.0 -9999.0 -9999.0 -9999.0 -9999.0 -9999.0 -9999.0 -9999.0 -9999.0 -9999.0 -9999.0 -9999.0 -9999.0 -9999.0 -9999.0 -9999.0 -9999.0 -9999.0 -9999.0 -9999.0 -9999.0 -9999.0 -9999.0 -9999.0 -9999.0 -9999.0 -9999.0 -9999.0 -9999.0 -9999.0 -9999.0 -9999.0 -9999.0 -9999.0 -9999.0 -9999.0 -9999.0 -9999.0 -9999.0 -9999.0 -9999.0 -9999.0 -9999.0 -9999.0 -9999.0 -9999.0 -9999.0 -9999.0 -9999.0 -9999.0 -9999.0 -9999.0 -9999.0 -9999.0 -9999.0 -9999.0 -9999.0 -9999.0 -9999.0 -9999.0 -9999.0 -9999.0 -9999.0 -9999.0 -9999.0 -9999.0 -9999.0 -9999.0 -9999.0 -9999.0 -9999.0 -9999.0 -9999.0
-9999.0 -9999.0 -9999.0 -9999.0 -9999.0 -9999.0 -9999.0 -9999.0 -9999.0 -9999.0 -9999.0 -9999.0 -9999.0 -9999.0 -9999.0 -9999.0 -9999.0 -9999.0 -9999.0 -9999.0 -9999.0 -9999.0 -9999.0 -9999.0 -9999.0 -9999.0 -9999.0 -9999.0 -9999.0 -9999.0 -9999.0 -9999.0 -9999.0 -9999.0 -9999.0 -9999.0 -9999.0 -9999.0 -9999.0 -9999.0 -9999.0 -9999.0 -9999.0 -9999.0 -9999.0 -9999.0 -9999.0 -9999.0 -9999.0 -9999.0 -9999.0 -9999.0 -9999.0 -9999.0 -9999.0 -9999.0 -9999.0 -9999.0 -9999.0 -9999.0 -9999.0 -9999.0 -9999.0 -9999.0 -9999.0 -9999.0 -9999.0 -9999.0 -9999.0 -9999.0 -9999.0 -9999.0 -9999.0 -9999.0 -9999.0 -9999.0 -9999.0 -9999.0 -9999.0 -9999.0