Borden_/Borden1m_014/output_maps/psiliqL0027N0007.asc
ncols         80
nrows         18
xllcorner     620200.000000
yllcorner     5168000.000000
cellsize      1.000000
NODATA_value  -9999.0
-9999.0 -9999.0 -9999.0 -9999.0 -9999.0 -9999.0 -9999.0 -9999.0 -9999.0 -9999.0 -9999.0 -9999.0 -9999.0 -9999.0 -9999.0 -9999.0 -9999.0 -9999.0 -9999.0 -9999.0 -9999.0 -9999.0 -9999.0 -9999.0 -9999.0 -9999.0 -9999.0 -9999.0 -9999.0 -9999.0 -9999.0 -9999.0 -9999.0 -9999.0 -9999.0 -9999.0 -9999.0 -9999.0 -9999.0 -9999.0 -9999.0 -9999.0 -9999.0 -9999.0 -9999.0 -9999.0 -9999.0 -9999.0 -9999.0 -9999.0 -9999.0 -9999.0 -9999.0 -9999.0 -9999.0 -9999.0 -9999.0 -9999.0 -9999.0 -9999.0 -9999.0 -9999.0 -9999.0 -9999.0 -9999.0 -9999.0 -9999.0 -9999.0 -9999.0 -9999.0 -9999.0 -9999.0 -9999.0 -9999.0 -9999.0 -9999.0 -9999.0 -9999.0 -9999.0 -9999.0
-9999.0 -9999.0 -9999.0 -9999.0 -9999.0 -9999.0 -9999.0 -9999.0 -9999.0 -9999.0 -9999.0 -9999.0 -9999.0 -9999.0 -9999.0 -9999.0 -9999.0 -9999.0 -9999.0 -9999.0 -9999.0 -9999.0 -9999.0 -9999.0 -9999.0 -9999.0 -9999.0 -9999.0 -9999.0 -9999.0 -9999.0 -9999.0 -9999.0 -9999.0 -9999.0 -9999.0 -9999.0 -9999.0 -9999.0 -9999.0 -9999.0 -9999.0 -9999.0 -9999.0 -9999.0 -9999.0 -9999.0 -9999.0 -9999.0 -9999.0 -9999.0 -9999.0 -9999.0 -9999.0 -9999.0 -9999.0 -9999.0 -9999.0 -9999.0 -9999.0 -9999.0 -9999.0 -9999.0 -9999.0 -9999.0 -9999.0 -9999.0 -9999.0 -9999.0 -9999.0 -9999.0 -9999.0 -9999.0 -9999.0 -9999.0 -9999.0 -9999.0 -9999.0 -9999.0 -9999.0
-9999.0 -9999.0 -9999.0 -9999.0 -9999.0 -9999.0 -9999.0 -9999.0 -9999.0 -9999.0 -9999.0 -9999.0 -9999.0 -9999.0 -9999.0 -9999.0 -9999.0 -9999.0 -9999.0 -9999.0 3525.148163 3525.920904 3504.180882 3469.883805 3441.420091 3442.979400 3475.484088 3515.757751 3554.279530 3561.148824 3541.687588 3545.335624 3540.655468 3535.621653 3535.399543 3543.014360 3549.681519 3559.103648 3565.788929 3563.199443 3555.642059 3550.567855 3553.296866 3554.736990 3561.078645 3546.313379 3562.518170 3578.942337 3583.677900 3581.260274 3557.951766 3546.512364 3538.845020 3523.520768 3550.521332 3562.428581 3586.217963 3591.141440 3589.394517 3562.962348 3533.094656 -9999.0 -9999.0 -9999.0 -9999.0 -9999.0 -9999.0 -9999.0 -9999.0 -9999.0 -9999.0 -9999.0 -9999.0 -9999.0 -9999.0 -9999.0 -9999.0 -9999.0 -9999.0 -9999.0
-9999.0 -9999.0 -9999.0 -9999.0 -9999.0 -9999.0 -9999.0 -9999.0 -9999.0 -9999.0 -9999.0 -9999.0 -9999.0 -9999.0 3435.331852 3426.502320 3423.371326 3430.263845 3462.320560 3492.304644 3503.783576 3496.078062 3495.587558 3470.431784 3447.014183 3459.077458 3487.982322 3517.861306 3550.656857 3567.296664 3555.968711 3552.987961 3559.308666 3577.931364 3585.168393 3581.247616 3563.664420 3587.879436 3600.674190 3604.514221 3602.262740 3592.193784 3600.422256 3614.183671 3607.075177 3592.053424 3603.647568 3619.035549 3629.752230 3622.321944 3565.082789 3554.092470 3551.433097 3548.106562 3535.615993 3532.445614 3561.533371 3561.561106 3554.912081 3538.230488 3505.281710 3460.284243 3441.789356 3483.069774 3527.171745 3583.803552 -9999.0 -9999.0 -9999.0 -9999.0 -9999.0 -9999.0 -9999.0 -9999.0 -9999.0 -9999.0 -9999.0 -9999.0 -9999.0 -9999.0
-9999.0 -9999.0 -9999.0 -9999.0 -9999.0 -9999.0 -9999.0 -9999.0 -9999.0 3378.220137 3384.111447 3390.753649 3392.912114 3407.645315 3404.012366 3410.519795 3413.789482 3440.569699 3469.386587 3502.216618 3528.532141 3518.825229 3516.898565 3519.669468 3512.643853 3519.492672 3539.228935 3575.128456 3605.111659 3639.459219 3605.156449 3599.694232 3616.738756 3657.112801 3678.794543 3679.930872 3661.080639 3678.623860 3701.849591 3716.721588 3712.850509 3706.414262 3732.517398 3747.920556 3740.883319 3719.072424 3719.064836 3727.446834 3757.216390 3706.677724 3640.913183 3604.206844 3621.640534 3601.749332 3577.469819 3567.825521 3569.401780 3590.433994 3579.543283 3546.467082 3514.026441 3502.768063 3486.597849 3508.633254 3532.598462 3579.576904 3620.007173 3650.278619 3650.021573 3633.023720 -9999.0 -9999.0 -9999.0 -9999.0 -9999.0 -9999.0 -9999.0 -9999.0 -9999.0 -9999.0
-9999.0 -9999.0 -9999.0 -9999.0 -9999.0 -9999.0 3299.892862 3310.265074 3330.728344 3332.806585 3358.967988 3363.566261 3381.709293 3398.144142 3419.354549 3431.166193 3454.966510 3483.893489 3518.699474 3555.045452 3581.512641 3568.695189 3573.216237 3590.940554 3615.805035 3633.144077 3655.180955 3692.533867 3764.428858 3800.273447 3791.150789 3791.445805 3799.477942 3849.971753 3913.913499 3924.288426 3903.558521 3890.702595 3914.852231 3952.670076 3950.080424 3948.803577 3962.451760 3973.524716 4000.414264 3989.106258 3953.254214 3948.788520 3956.491284 3932.794230 3862.731573 3806.198870 3789.066096 3742.344383 3658.875365 3617.613498 3643.674382 3672.976881 3652.481571 3603.847823 3572.777315 3568.431418 3558.375912 3552.775284 3566.483003 3590.389010 3614.966869 3629.499586 3618.108732 3597.633176 3576.354798 3548.517954 3551.463597 3576.560084 -9999.0 -9999.0 -9999.0 -9999.0 -9999.0 -9999.0
-9999.0 -9999.0 -9999.0 -9999.0 3250.818916 3263.339030 3247.810744 3273.565309 3304.826151 3337.683196 3364.057948 3394.514293 3416.510327 3442.097059 3473.687373 3493.598329 3523.909607 3552.286613 3598.204697 3658.144935 3701.314280 3713.327401 3721.086315 3771.449039 3827.289546 3873.760653 3892.360791 3918.382186 3965.059737 4021.707447 4043.702731 4046.150404 4063.093341 4107.440346 4164.938748 4200.407634 4182.555667 4173.313216 4183.966825 4198.756048 4220.911117 4220.958722 4222.093880 4226.508489 4234.542094 4232.526567 4205.374198 4171.691948 4158.644634 4148.275753 4108.919088 4036.083319 4006.566320 3977.122005 3932.807495 3877.992311 3832.614010 3835.580338 3780.801345 3725.634751 3677.059599 3670.767714 3651.770086 3637.006598 3621.049764 3634.596403 3647.588505 3633.250949 3603.719743 3574.897559 3562.380721 3545.203078 3534.095576 3565.578867 3583.664442 3613.165612 -9999.0 -9999.0 -9999.0 -9999.0
-9999.0 -9999.0 3192.525066 3237.048994 3293.478757 3298.583338 3290.306877 3291.950710 3317.134681 3365.076526 3425.312786 3460.107004 3486.745905 3516.053503 3565.216609 3624.900329 3683.365985 3725.350933 3783.419861 3852.910571 3911.906745 3938.297123 3946.707731 3982.521432 4037.799490 4108.206227 4136.714074 4163.575415 4195.997779 4233.271231 4222.921475 4233.253772 4246.161294 4260.105451 4276.166559 4283.882650 4278.798527 4274.147432 4255.456377 4250.081906 4256.527120 4264.941206 4263.649756 4248.813465 4244.830266 4259.995953 4266.501476 4264.235925 4261.071263 4265.716233 4260.220685 4210.567023 4195.245481 4179.661322 4167.335422 4120.599740 4053.149075 4021.351373 3999.261260 3957.572260 3883.883117 3847.566677 3808.901137 3775.118197 3738.649875 3726.913749 3695.636305 3664.265923 3626.199245 3585.977132 3567.402727 3553.674905 3553.678251 3554.562890 3572.620986 3588.465259 3604.526420 3612.646062 -9999.0 -9999.0
-9999.0 3082.104925 3152.474320 3272.751207 3349.243500 3384.144980 3389.234051 3389.343920 3413.397313 3445.678939 3529.779780 3575.138478 3657.439426 3695.178819 3734.918132 3824.663647 3919.824985 3963.702859 4003.335982 4068.379201 4135.242732 4182.866648 4209.468090 4184.931921 4225.417745 4257.225975 4266.034574 4273.559109 4274.109163 4265.542051 4259.275698 4265.856680 4262.765073 4243.313129 4226.980799 4225.128703 4221.664336 4198.109482 4170.394787 4154.648105 4155.770899 4181.033916 4167.689305 4146.196772 4141.733532 4163.577886 4185.394728 4174.545943 4161.316265 4177.978451 4212.922216 4238.504619 4238.677718 4257.486910 4278.667375 4249.181034 4228.567451 4184.046941 4166.904431 4141.298915 4083.788291 4028.925649 3980.604928 3932.319526 3880.362797 3832.295283 3785.072203 3738.196909 3685.556478 3653.183746 3629.430798 3587.512647 3575.692060 3582.788449 3578.329344 3577.071069 3583.856516 3590.499653 -9999.0 -9999.0
-9999.0 2983.559589 3121.343084 3297.005137 3437.844987 3475.522995 3532.016916 3584.749840 3596.931662 3538.882986 3639.743513 3857.412457 3982.535559 4000.842853 4077.515358 4174.234641 4153.489953 4185.352428 4209.090272 4236.918575 4259.250086 4274.261883 4272.720298 4267.755413 4251.099149 4243.055364 4242.130430 4239.963357 4222.363456 4203.226698 4186.287266 4182.945569 4164.651457 4114.186725 4080.602726 4062.713323 4042.903142 4029.745873 4002.797885 3976.599500 3959.651196 3969.329860 3968.160464 3955.072682 3950.666820 3968.512678 3999.436080 3998.007551 4010.583688 4030.352947 4065.856090 4104.486435 4123.866168 4153.211357 4189.048496 4237.773642 4245.972656 4268.559174 4271.303976 4261.671049 4214.517888 4162.528983 4132.947042 4077.236583 4017.659862 3955.952252 3906.894909 3862.223414 3806.964881 3773.375303 3734.650061 3681.361076 3639.561642 3633.346846 3600.538562 3588.185466 -9999.0 -9999.0 -9999.0 -9999.0
-9999.0 2878.217067 3055.387587 3290.369500 3585.084955 3652.147000 3854.147336 3968.134028 4006.176846 4074.269764 3945.583259 4159.629896 4214.985796 4210.647175 4228.768483 4232.353434 4246.920932 4246.134714 4241.045390 4229.926929 4220.196936 4215.515137 4214.502142 4206.561070 4193.871615 4179.179567 4167.179683 4155.572532 4118.560023 4086.315562 4046.301434 4033.593231 3987.865889 3895.557383 3856.958543 3817.742541 3756.035844 3759.125345 3767.838805 3744.200654 3724.436357 3695.312453 3725.802920 3737.369320 3741.857417 3736.557418 3745.564576 3775.041037 3823.625542 3858.158844 3896.943700 3945.019027 3975.672742 4014.896878 4054.490332 4106.947892 4138.409410 4167.435545 4216.890588 4254.029445 4276.876797 4262.462073 4244.435561 4199.078147 4138.606984 4089.146639 4059.910079 4009.077682 3965.469907 3922.116898 3875.760691 3823.133654 3761.751334 3711.029451 3677.676569 -9999.0 -9999.0 -9999.0 -9999.0 -9999.0
-9999.0 2654.633274 2911.813894 3172.562989 3440.777650 3784.701791 3961.937286 4054.526606 4118.414442 4103.762119 4129.393343 4135.117145 4172.468215 4180.092345 4158.755849 4144.580368 4126.501094 4125.411633 4138.515916 4110.955912 4080.418835 4066.918554 4067.858125 4057.176321 4033.139114 4018.289198 4009.062000 3990.382296 3947.320990 3896.824974 3812.231377 3776.828856 3697.446921 3660.601387 3624.998095 3578.395396 3534.663758 3541.086024 3566.660123 3558.317342 3537.924833 3521.256043 3551.002854 3572.259494 3585.646787 3568.963161 3575.407024 3609.664011 3655.852049 3696.027241 3739.468302 3787.115329 3828.976925 3867.714015 3887.911899 3926.597420 3968.724994 4010.364611 4080.717465 4159.769686 4196.172081 4231.106367 4259.621910 4281.690960 4238.594819 4212.637331 4188.685266 4164.949272 4118.462684 4072.922760 4032.362026 3967.273514 3907.731191 -9999.0 -9999.0 -9999.0 -9999.0 -9999.0 -9999.0 -9999.0
-9999.0 2543.885642 2733.398954 2911.108707 3152.327033 3380.126254 3605.824064 3695.861232 3766.497686 3842.352120 3898.726307 3937.334187 3963.118565 3984.897054 3962.386961 3915.746521 3883.227601 3888.322519 3878.889187 3858.236454 3830.803619 3818.144672 3815.436566 3810.929628 3790.103248 3780.308473 3773.897924 3756.239731 3731.644928 3679.158937 3608.823662 3535.745025 3483.202436 3465.582669 3444.284082 3418.620598 3393.534636 3407.510554 3420.352592 3421.064565 3415.369038 3416.207661 3445.247095 3465.275676 3474.683782 3463.979661 3482.018079 3504.620952 3540.859105 3579.639273 3623.769305 3673.312215 3721.228199 3740.505812 3741.538697 3751.743056 3778.444623 3821.067911 3896.974027 3982.994598 4061.499069 4107.314462 4158.341059 4198.681189 4227.262412 4251.329705 4274.360089 4267.905298 4241.556715 4207.965442 4148.717251 -9999.0 -9999.0 -9999.0 -9999.0 -9999.0 -9999.0 -9999.0 -9999.0 -9999.0
-9999.0 -9999.0 2508.171478 2656.496863 2746.542543 2890.291640 3026.344565 3130.256252 3232.114875 3376.750191 3501.146519 3595.965443 3642.844571 3658.523620 3644.960082 3617.399724 3600.876478 3600.444362 3588.579762 3583.015520 3569.678008 3564.938058 3553.060301 3546.036495 3543.166984 3543.604090 3542.173106 3534.910198 3519.427465 3479.379829 3444.767957 3402.075637 3357.464941 3337.267240 3320.591394 3305.162264 3310.819929 3306.371321 3312.361149 3315.909410 3326.321655 3340.988289 3360.317110 3383.206077 3392.845461 3403.194626 3413.686914 3434.805751 3464.083080 3503.679280 3554.459749 3608.766934 3644.071941 3650.154739 3631.161226 3624.982464 3631.753338 3659.238118 3720.802773 3788.954329 3879.005958 3944.739006 4011.680553 4067.937060 4094.831286 4131.223323 4202.078248 4250.152265 4293.391330 4270.945456 -9999.0 -9999.0 -9999.0 -9999.0 -9999.0 -9999.0 -9999.0 -9999.0 -9999.0 -9999.0
-9999.0 -9999.0 -9999.0 -9999.0 2515.190254 2660.369561 2757.061583 2814.737031 2946.920357 3075.842281 3180.980611 3268.255633 3338.142268 3364.277361 3366.473484 3385.325005 3385.145740 3375.538922 3364.601167 3370.734557 3376.993113 3371.395370 3354.552540 3349.292448 3354.734507 3364.392639 3364.190061 3353.144063 3336.936153 3326.083939 3316.339749 3288.253839 3258.523933 3233.302715 3223.407619 3222.442242 3223.958443 3216.961223 3226.066787 3235.931699 3252.416935 3267.750543 3291.275210 3321.134674 3335.985959 3350.507980 3358.638418 3376.453583 3404.572928 3455.572120 3516.792517 3572.930268 3606.536019 3606.381258 3577.084958 3554.576298 3541.046944 3557.321292 3585.212753 3634.526450 3723.088762 3784.864741 3829.194127 3867.162572 3903.432243 3969.155333 4064.771806 4146.596927 -9999.0 -9999.0 -9999.0 -9999.0 -9999.0 -9999.0 -9999.0 -9999.0 -9999.0 -9999.0 -9999.0 -9999.0
-9999.0 -9999.0 -9999.0 -9999.0 -9999.0 -9999.0 2493.299348 2600.003672 2665.539579 2796.551140 2943.388821 3049.753052 3133.194700 3169.871622 3205.327235 3236.610713 3237.786642 3217.305612 3195.126028 3217.954204 3238.764519 3232.713137 3200.275705 3203.017372 3211.739795 3221.022266 3220.222647 3216.520844 3194.492910 3214.876093 3222.723751 3202.981425 3180.483966 3170.641063 3161.201199 3172.843574 3174.273659 3160.715721 3160.011217 3188.809866 3210.468942 3223.463400 3244.358773 3277.557320 3309.982041 3325.561010 3326.034214 3330.023377 3365.606080 3433.141886 3503.742971 3558.524262 3589.240485 3593.493042 3562.129477 3516.733726 3489.916721 3487.822248 3510.923149 3548.800814 3608.987365 3644.192357 3653.457931 3652.467132 3663.188283 3763.595549 -9999.0 -9999.0 -9999.0 -9999.0 -9999.0 -9999.0 -9999.0 -9999.0 -9999.0 -9999.0 -9999.0 -9999.0 -9999.0 -9999.0
-9999.0 -9999.0 -9999.0 -9999.0 -9999.0 -9999.0 -9999.0 -9999.0 -9999.0 -9999.0 -9999.0 -9999.0 -9999.0 -9999.0 -9999.0 -9999.0 -9999.0 -9999.0 -9999.0 -9999.0 -9999.0 -9999.0 -9999.0 -9999.0 -9999.0 -9999.0 -9999.0 -9999.0 -9999.0 -9999.0 -9999.0 -9999.0 -9999.0 -9999.0 -9999.0 -9999.0 -9999.0 -9999.0 -9999.0 -9999.0 -9999.0 -9999.0 -9999.0 -9999.0 -9999.0 -9999.0 -9999.0 -9999.0 -9999.0 -9999.0 -9999.0 -9999.0 -9999.0 -9999.0 -9999.0 -9999.0 -9999.0 -9999.0 -9999.0 -9999.0 -9999.0 -9999.0 -9999.0 -9999.0 -9999.0 -9999.0 -9999.0 -9999.0 -9999.0 -9999.0 -9999.0 -9999.0 -9999.0 -9999.0 -9999.0 -9999.0 -9999.0 -9999.0 -9999.0 -9999.0
-9999.0 -9999.0 -9999.0 -9999.0 -9999.0 -9999.0 -9999.0 -9999.0 -9999.0 -9999.0 -9999.0 -9999.0 -9999.0 -9999.0 -9999.0 -9999.0 -9999.0 -9999.0 -9999.0 -9999.0 -9999.0 -9999.0 -9999.0 -9999.0 -9999.0 -9999.0 -9999.0 -9999.0 -9999.0 -9999.0 -9999.0 -9999.0 -9999.0 -9999.0 -9999.0 -9999.0 -9999.0 -9999.0 -9999.0 -9999.0 -9999.0 -9999.0 -9999.0 -9999.0 -9999.0 -9999.0 -9999.0 -9999.0 -9999.0 -9999.0 -9999.0 -9999.0 -9999.0 -9999.0 -9999.0 -9999.0 -9999.0 -9999.0 -9999.0 -9999.0 -9999.0 -9999.0 -9999.0 -9999.0 -9999.0 -9999.0 -9999.0 -9999.0 -9999.0 -9999.0 -9999.0 -9999.0 -9999.0 -9999.0 -9999.0 -9999.0 -9999.0 -9999.0 -9999.0 -9999.0