Borden_/Borden1m_014/output_maps/psiliqL0006N0035.asc
ncols         80
nrows         18
xllcorner     620200.000000
yllcorner     5168000.000000
cellsize      1.000000
NODATA_value  -9999.0
-9999.0 -9999.0 -9999.0 -9999.0 -9999.0 -9999.0 -9999.0 -9999.0 -9999.0 -9999.0 -9999.0 -9999.0 -9999.0 -9999.0 -9999.0 -9999.0 -9999.0 -9999.0 -9999.0 -9999.0 -9999.0 -9999.0 -9999.0 -9999.0 -9999.0 -9999.0 -9999.0 -9999.0 -9999.0 -9999.0 -9999.0 -9999.0 -9999.0 -9999.0 -9999.0 -9999.0 -9999.0 -9999.0 -9999.0 -9999.0 -9999.0 -9999.0 -9999.0 -9999.0 -9999.0 -9999.0 -9999.0 -9999.0 -9999.0 -9999.0 -9999.0 -9999.0 -9999.0 -9999.0 -9999.0 -9999.0 -9999.0 -9999.0 -9999.0 -9999.0 -9999.0 -9999.0 -9999.0 -9999.0 -9999.0 -9999.0 -9999.0 -9999.0 -9999.0 -9999.0 -9999.0 -9999.0 -9999.0 -9999.0 -9999.0 -9999.0 -9999.0 -9999.0 -9999.0 -9999.0
-9999.0 -9999.0 -9999.0 -9999.0 -9999.0 -9999.0 -9999.0 -9999.0 -9999.0 -9999.0 -9999.0 -9999.0 -9999.0 -9999.0 -9999.0 -9999.0 -9999.0 -9999.0 -9999.0 -9999.0 -9999.0 -9999.0 -9999.0 -9999.0 -9999.0 -9999.0 -9999.0 -9999.0 -9999.0 -9999.0 -9999.0 -9999.0 -9999.0 -9999.0 -9999.0 -9999.0 -9999.0 -9999.0 -9999.0 -9999.0 -9999.0 -9999.0 -9999.0 -9999.0 -9999.0 -9999.0 -9999.0 -9999.0 -9999.0 -9999.0 -9999.0 -9999.0 -9999.0 -9999.0 -9999.0 -9999.0 -9999.0 -9999.0 -9999.0 -9999.0 -9999.0 -9999.0 -9999.0 -9999.0 -9999.0 -9999.0 -9999.0 -9999.0 -9999.0 -9999.0 -9999.0 -9999.0 -9999.0 -9999.0 -9999.0 -9999.0 -9999.0 -9999.0 -9999.0 -9999.0
-9999.0 -9999.0 -9999.0 -9999.0 -9999.0 -9999.0 -9999.0 -9999.0 -9999.0 -9999.0 -9999.0 -9999.0 -9999.0 -9999.0 -9999.0 -9999.0 -9999.0 -9999.0 -9999.0 -9999.0 -647.223213 -644.058567 -667.288570 -701.692674 -730.502834 -729.100514 -694.416061 -653.687968 -616.189364 -605.663842 -624.163072 -623.210331 -628.740504 -628.716703 -625.576752 -619.806485 -617.567197 -605.750589 -597.071718 -597.241470 -603.530179 -609.532103 -611.286920 -607.524672 -602.541824 -610.986724 -597.339334 -581.591748 -574.697331 -579.914266 -607.740195 -623.751613 -631.519431 -645.554753 -620.480993 -607.250942 -583.578609 -578.839478 -579.561667 -606.590170 -636.652038 -9999.0 -9999.0 -9999.0 -9999.0 -9999.0 -9999.0 -9999.0 -9999.0 -9999.0 -9999.0 -9999.0 -9999.0 -9999.0 -9999.0 -9999.0 -9999.0 -9999.0 -9999.0 -9999.0
-9999.0 -9999.0 -9999.0 -9999.0 -9999.0 -9999.0 -9999.0 -9999.0 -9999.0 -9999.0 -9999.0 -9999.0 -9999.0 -9999.0 -736.372406 -747.021167 -750.545517 -742.504187 -709.168526 -679.667116 -667.103218 -675.143157 -675.582848 -699.656339 -720.208216 -706.531747 -677.785188 -646.820078 -612.814901 -591.980376 -605.498847 -608.543533 -597.480726 -567.913080 -551.500830 -553.975548 -576.688038 -553.472633 -535.877797 -524.833967 -525.597712 -534.541623 -517.926951 -499.903314 -506.876922 -526.310430 -524.168973 -512.318664 -496.010881 -513.748164 -582.649996 -605.295360 -607.928652 -614.242386 -627.083495 -633.420001 -608.097657 -606.446565 -614.265590 -631.758701 -663.508863 -707.267868 -724.520462 -685.689139 -640.522856 -581.478396 -9999.0 -9999.0 -9999.0 -9999.0 -9999.0 -9999.0 -9999.0 -9999.0 -9999.0 -9999.0 -9999.0 -9999.0 -9999.0 -9999.0
-9999.0 -9999.0 -9999.0 -9999.0 -9999.0 -9999.0 -9999.0 -9999.0 -9999.0 -791.680146 -788.723919 -782.135037 -781.057489 -765.964656 -768.010913 -761.674768 -754.091542 -728.984495 -698.595929 -663.941858 -635.196468 -646.064409 -646.259320 -633.661251 -625.743586 -612.255893 -591.167869 -548.840463 -501.810846 -453.969656 -483.816605 -484.949744 -461.232815 -397.386756 -341.210822 -324.544358 -351.524096 -348.419332 -311.010594 -272.714138 -267.349760 -267.215958 -234.751670 -217.911876 -210.210373 -233.803845 -264.014243 -270.108454 -240.210952 -309.942246 -400.447037 -470.493630 -474.495859 -511.282149 -557.645119 -582.505735 -585.883024 -562.607651 -578.188596 -616.046809 -652.545782 -661.014207 -676.924216 -660.283999 -636.861421 -588.712632 -549.310328 -519.518190 -518.546716 -535.866054 -9999.0 -9999.0 -9999.0 -9999.0 -9999.0 -9999.0 -9999.0 -9999.0 -9999.0 -9999.0
-9999.0 -9999.0 -9999.0 -9999.0 -9999.0 -9999.0 -868.991906 -860.899793 -841.967892 -836.795004 -813.483233 -806.573225 -786.791665 -768.164267 -748.771383 -732.407775 -701.900851 -670.032775 -628.302506 -582.781237 -548.499925 -551.864438 -540.430626 -500.416353 -446.215964 -402.180227 -368.605877 -311.344683 -207.645236 -149.648472 -129.179470 -119.922226 -109.188655 -70.015079 -10.918685 6.924856 -13.984356 -28.782497 -8.591309 35.670623 86.106819 91.189793 98.571584 106.359042 131.900594 122.443470 42.405115 13.134719 3.307281 -9.828009 -59.692393 -115.853070 -168.908368 -230.871697 -340.921857 -422.338544 -430.279483 -416.672116 -456.300310 -516.310284 -562.772491 -574.142766 -589.019335 -603.486224 -597.851145 -577.569584 -552.906345 -540.583893 -552.368745 -572.341863 -595.058388 -623.478179 -621.380540 -595.367991 -9999.0 -9999.0 -9999.0 -9999.0 -9999.0 -9999.0
-9999.0 -9999.0 -9999.0 -9999.0 -918.067550 -906.221222 -918.159427 -895.666648 -864.725340 -832.774392 -801.264264 -764.764144 -738.716200 -709.961733 -668.207914 -628.497124 -582.350379 -544.850964 -482.489046 -395.833043 -319.049553 -275.476739 -246.445011 -168.155979 -102.302410 -55.839279 -37.206727 -9.195535 41.090101 137.102633 155.341485 173.926392 178.180018 217.020006 258.795052 285.958965 257.726700 266.533003 270.701143 280.902793 307.781595 309.547518 311.132164 311.583735 313.798739 314.176033 290.302136 254.859995 244.817154 221.993704 217.715107 153.808313 73.866868 36.072787 8.063061 -37.729193 -102.303089 -129.440760 -197.077696 -268.643928 -366.893423 -407.062575 -449.867687 -481.898430 -516.954840 -517.313032 -514.473648 -534.179779 -564.155892 -595.556735 -609.758858 -627.753065 -637.134013 -606.621177 -588.383848 -556.480848 -9999.0 -9999.0 -9999.0 -9999.0
-9999.0 -9999.0 -974.649963 -925.100578 -870.368951 -862.667063 -860.639145 -856.797772 -831.381417 -782.415331 -703.893954 -649.941323 -602.346530 -571.013297 -505.123640 -399.840009 -286.591714 -218.540710 -146.732647 -83.812941 -25.807764 17.402068 71.968075 110.490522 161.248456 196.868488 231.367685 242.349245 283.325594 314.972830 338.713722 354.848813 360.937532 355.032466 356.733459 353.473800 350.718502 347.337774 329.660564 328.570753 335.923018 338.226500 342.625409 330.235896 326.450930 338.864539 340.517560 339.393639 342.006663 347.931519 359.887594 328.715185 275.346105 261.147595 257.742578 217.492315 153.538668 78.884182 50.595291 8.303532 -69.631162 -119.160779 -177.219219 -244.648711 -325.031932 -378.461685 -439.220098 -485.183241 -531.885500 -576.880906 -599.498720 -617.202997 -618.466171 -616.923089 -600.189899 -583.851250 -567.831107 -559.709357 -9999.0 -9999.0
-9999.0 -1070.606511 -999.265493 -872.330577 -795.173720 -751.380291 -709.718675 -678.973893 -655.731830 -644.316520 -528.946882 -394.078984 -268.564473 -227.096748 -160.018193 -58.584321 71.284358 112.569614 141.993831 168.536251 230.014282 270.406847 302.516485 333.605277 359.461593 355.501102 354.764266 353.897533 346.214306 340.002327 329.778720 336.677896 335.399077 319.948057 307.234134 305.168107 299.832465 273.863602 233.747329 234.598443 236.276432 245.709390 250.524084 231.369675 227.761859 247.545974 263.085392 251.660076 243.066870 247.030400 292.195444 312.024429 328.115687 341.612474 362.962867 339.913364 307.126248 267.917489 252.014938 223.034925 137.115469 71.270634 16.872745 -47.936355 -109.566678 -183.671845 -264.749223 -349.832521 -433.810092 -478.120397 -511.214892 -564.730794 -588.082489 -585.575465 -594.327289 -596.204473 -588.944581 -582.194566 -9999.0 -9999.0
-9999.0 -1139.136386 -996.495279 -811.823909 -666.846116 -603.119679 -470.274664 -364.769370 -323.291537 -351.891363 -199.399763 63.862748 140.215702 145.510068 202.236636 273.722705 315.477445 340.459762 356.271536 347.691181 345.104907 347.275489 344.161475 337.839715 323.752371 316.363583 315.753026 313.090329 293.570924 276.060314 258.876589 244.433276 242.425692 207.679811 174.944094 157.143645 124.974098 89.813599 51.247150 24.876918 11.969127 31.476563 21.725888 2.816993 -0.968892 23.192862 56.259468 49.656427 54.661291 76.846661 122.465653 188.130268 211.728235 237.729734 273.335891 313.143878 330.780921 351.107835 357.868711 333.151432 292.399868 244.851629 212.165605 122.438164 46.066194 -34.808911 -91.988477 -142.741720 -215.928704 -276.887102 -348.187382 -425.565592 -492.841131 -523.192320 -562.856027 -583.973930 -9999.0 -9999.0 -9999.0 -9999.0
-9999.0 -1199.208120 -1008.437892 -742.238407 -484.752944 -310.003658 -108.258509 31.272046 147.798136 157.927147 235.062303 327.184737 343.213109 328.923873 306.868359 304.973096 316.323045 318.896704 314.808598 304.407908 292.310234 275.124232 283.115225 279.935274 267.815045 253.378133 241.457486 227.478549 160.986848 123.796406 93.852234 78.114555 44.811805 -41.955220 -80.472954 -107.178488 -163.313000 -179.400580 -196.897845 -232.733722 -256.516385 -274.291121 -253.245128 -255.595669 -255.840641 -243.884647 -217.336326 -195.866519 -148.384442 -112.325046 -72.912711 -20.069849 14.634560 58.884423 111.499523 193.555186 211.583332 252.278612 295.820202 334.241930 355.747577 347.246720 317.809948 278.669555 213.894757 116.191666 60.827832 -13.004067 -72.576472 -114.898288 -149.195871 -203.285871 -290.773259 -423.391923 -471.414035 -9999.0 -9999.0 -9999.0 -9999.0 -9999.0
-9999.0 -1344.517546 -1077.727256 -780.224070 -428.731188 -97.120384 6.682866 217.338765 288.216549 217.624559 159.838903 213.908011 252.136842 253.769237 230.405765 220.699366 215.388397 214.854991 226.461313 192.477032 137.671256 119.128500 117.832308 106.143707 83.814993 65.357814 51.107611 29.521606 -24.379898 -70.161372 -134.320332 -162.316122 -247.022652 -342.290618 -407.131353 -464.891309 -523.390662 -526.779985 -511.902908 -530.795717 -554.189253 -573.818090 -547.978505 -533.079440 -522.353709 -531.720213 -522.049232 -485.354444 -430.298663 -375.977771 -304.579974 -228.811117 -172.198101 -115.382153 -83.039530 -29.090247 17.724697 66.194320 142.358753 243.250628 275.890495 308.178564 344.084419 361.181418 317.999833 271.242315 214.611726 117.177874 15.573661 -29.509256 -47.011697 -70.254719 -114.306472 -9999.0 -9999.0 -9999.0 -9999.0 -9999.0 -9999.0 -9999.0
-9999.0 -1480.136603 -1242.948059 -991.727137 -689.257482 -441.017361 -227.212771 -101.120826 22.728708 -40.765222 -47.211747 -18.852081 12.520212 33.675104 9.856275 -25.484618 -50.031587 -46.730217 -46.768205 -70.496994 -99.306984 -112.259415 -113.209460 -120.944675 -149.858449 -170.738007 -185.618524 -213.798935 -262.000207 -339.794480 -447.043250 -520.675321 -586.050875 -624.607297 -655.953357 -689.651238 -729.551099 -718.627366 -703.293045 -708.322505 -721.400645 -726.581448 -696.949976 -679.012633 -669.157269 -683.288746 -665.370395 -638.629807 -596.754248 -555.147545 -506.327913 -448.024328 -384.859217 -340.970466 -312.826911 -265.011895 -207.092700 -137.252480 -57.136017 40.593845 116.058807 188.163204 241.245350 273.965234 288.452014 303.266204 295.073160 227.821050 40.545736 8.396562 6.020798 -9999.0 -9999.0 -9999.0 -9999.0 -9999.0 -9999.0 -9999.0 -9999.0 -9999.0
-9999.0 -9999.0 -1482.377270 -1287.823985 -1120.575974 -933.505127 -780.562350 -680.595407 -613.005817 -531.588634 -439.976975 -351.954603 -298.501716 -277.300343 -303.063902 -361.540529 -397.599086 -397.747059 -408.767846 -427.602038 -458.261020 -470.051076 -480.113944 -488.911969 -505.320378 -514.471973 -520.598444 -532.755342 -557.252710 -606.097821 -661.499132 -713.928388 -768.173632 -792.425806 -813.912999 -836.578897 -840.622936 -841.577624 -834.383054 -833.362955 -828.697778 -817.513696 -796.869050 -776.146071 -767.169857 -761.039465 -748.865318 -725.791870 -693.265794 -653.422031 -602.131184 -547.171986 -509.272332 -497.420531 -507.095964 -499.551846 -473.352287 -417.519246 -293.673277 -176.283579 -84.783469 -14.482525 57.418834 106.284256 125.243766 166.074771 207.862660 103.815164 -66.745156 -39.501291 -9999.0 -9999.0 -9999.0 -9999.0 -9999.0 -9999.0 -9999.0 -9999.0 -9999.0 -9999.0
-9999.0 -9999.0 -9999.0 -9999.0 -1430.711422 -1272.539437 -1180.042807 -1100.005406 -985.010459 -883.972169 -797.207792 -725.005854 -676.210720 -654.004679 -668.143153 -678.161388 -687.991494 -690.695303 -698.851589 -705.839006 -712.897561 -720.561680 -730.553593 -737.941926 -739.069400 -735.941993 -737.592449 -750.062586 -764.740291 -792.845156 -817.412327 -852.185250 -888.904957 -917.522039 -930.140193 -937.322936 -936.809080 -941.775053 -932.023292 -926.241480 -911.720800 -896.465024 -872.692057 -845.004457 -833.178374 -819.439115 -810.007989 -789.466590 -760.329786 -708.735411 -647.722518 -593.193431 -560.964791 -559.101189 -587.693928 -605.389482 -609.964114 -582.456786 -532.584671 -453.493157 -318.824574 -215.346861 -135.589730 -90.673465 -60.420922 -14.468270 27.678057 37.867281 -9999.0 -9999.0 -9999.0 -9999.0 -9999.0 -9999.0 -9999.0 -9999.0 -9999.0 -9999.0 -9999.0 -9999.0
-9999.0 -9999.0 -9999.0 -9999.0 -9999.0 -9999.0 -1489.146192 -1396.520630 -1308.136356 -1193.861609 -1089.149463 -1003.060691 -933.215447 -911.587316 -897.627248 -877.164498 -882.496813 -898.476247 -913.691067 -898.067292 -889.982517 -894.184908 -920.067410 -921.672400 -918.643191 -909.036697 -909.794430 -915.472333 -939.651388 -932.583058 -934.541818 -956.986934 -982.506456 -996.704115 -1007.985118 -997.852630 -996.805533 -1008.892051 -1005.932172 -980.382530 -961.197226 -947.920509 -925.498487 -892.825073 -861.369574 -847.735140 -847.161898 -841.272410 -799.907408 -730.679775 -661.943871 -610.211668 -581.103725 -575.320554 -606.083691 -649.493516 -673.541568 -669.328482 -637.120794 -585.087436 -506.282248 -451.344524 -409.787681 -375.069894 -329.910748 -205.137765 -9999.0 -9999.0 -9999.0 -9999.0 -9999.0 -9999.0 -9999.0 -9999.0 -9999.0 -9999.0 -9999.0 -9999.0 -9999.0 -9999.0
-9999.0 -9999.0 -9999.0 -9999.0 -9999.0 -9999.0 -9999.0 -9999.0 -9999.0 -9999.0 -9999.0 -9999.0 -9999.0 -9999.0 -9999.0 -9999.0 -9999.0 -9999.0 -9999.0 -9999.0 -9999.0 -9999.0 -9999.0 -9999.0 -9999.0 -9999.0 -9999.0 -9999.0 -9999.0 -9999.0 -9999.0 -9999.0 -9999.0 -9999.0 -9999.0 -9999.0 -9999.0 -9999.0 -9999.0 -9999.0 -9999.0 -9999.0 -9999.0 -9999.0 -9999.0 -9999.0 -9999.0 -9999.0 -9999.0 -9999.0 -9999.0 -9999.0 -9999.0 -9999.0 -9999.0 -9999.0 -9999.0 -9999.0 -9999.0 -9999.0 -9999.0 -9999.0 -9999.0 -9999.0 -9999.0 -9999.0 -9999.0 -9999.0 -9999.0 -9999.0 -9999.0 -9999.0 -9999.0 -9999.0 -9999.0 -9999.0 -9999.0 -9999.0 -9999.0 -9999.0
-9999.0 -9999.0 -9999.0 -9999.0 -9999.0 -9999.0 -9999.0 -9999.0 -9999.0 -9999.0 -9999.0 -9999.0 -9999.0 -9999.0 -9999.0 -9999.0 -9999.0 -9999.0 -9999.0 -9999.0 -9999.0 -9999.0 -9999.0 -9999.0 -9999.0 -9999.0 -9999.0 -9999.0 -9999.0 -9999.0 -9999.0 -9999.0 -9999.0 -9999.0 -9999.0 -9999.0 -9999.0 -9999.0 -9999.0 -9999.0 -9999.0 -9999.0 -9999.0 -9999.0 -9999.0 -9999.0 -9999.0 -9999.0 -9999.0 -9999.0 -9999.0 -9999.0 -9999.0 -9999.0 -9999.0 -9999.0 -9999.0 -9999.0 -9999.0 -9999.0 -9999.0 -9999.0 -9999.0 -9999.0 -9999.0 -9999.0 -9999.0 -9999.0 -9999.0 -9999.0 -9999.0 -9999.0 -9999.0 -9999.0 -9999.0 -9999.0 -9999.0 -9999.0 -9999.0 -9999.0