Borden_/Borden1m_014/output_maps/psiliqL0029N0037.asc
ncols         80
nrows         18
xllcorner     620200.000000
yllcorner     5168000.000000
cellsize      1.000000
NODATA_value  -9999.0
-9999.0 -9999.0 -9999.0 -9999.0 -9999.0 -9999.0 -9999.0 -9999.0 -9999.0 -9999.0 -9999.0 -9999.0 -9999.0 -9999.0 -9999.0 -9999.0 -9999.0 -9999.0 -9999.0 -9999.0 -9999.0 -9999.0 -9999.0 -9999.0 -9999.0 -9999.0 -9999.0 -9999.0 -9999.0 -9999.0 -9999.0 -9999.0 -9999.0 -9999.0 -9999.0 -9999.0 -9999.0 -9999.0 -9999.0 -9999.0 -9999.0 -9999.0 -9999.0 -9999.0 -9999.0 -9999.0 -9999.0 -9999.0 -9999.0 -9999.0 -9999.0 -9999.0 -9999.0 -9999.0 -9999.0 -9999.0 -9999.0 -9999.0 -9999.0 -9999.0 -9999.0 -9999.0 -9999.0 -9999.0 -9999.0 -9999.0 -9999.0 -9999.0 -9999.0 -9999.0 -9999.0 -9999.0 -9999.0 -9999.0 -9999.0 -9999.0 -9999.0 -9999.0 -9999.0 -9999.0
-9999.0 -9999.0 -9999.0 -9999.0 -9999.0 -9999.0 -9999.0 -9999.0 -9999.0 -9999.0 -9999.0 -9999.0 -9999.0 -9999.0 -9999.0 -9999.0 -9999.0 -9999.0 -9999.0 -9999.0 -9999.0 -9999.0 -9999.0 -9999.0 -9999.0 -9999.0 -9999.0 -9999.0 -9999.0 -9999.0 -9999.0 -9999.0 -9999.0 -9999.0 -9999.0 -9999.0 -9999.0 -9999.0 -9999.0 -9999.0 -9999.0 -9999.0 -9999.0 -9999.0 -9999.0 -9999.0 -9999.0 -9999.0 -9999.0 -9999.0 -9999.0 -9999.0 -9999.0 -9999.0 -9999.0 -9999.0 -9999.0 -9999.0 -9999.0 -9999.0 -9999.0 -9999.0 -9999.0 -9999.0 -9999.0 -9999.0 -9999.0 -9999.0 -9999.0 -9999.0 -9999.0 -9999.0 -9999.0 -9999.0 -9999.0 -9999.0 -9999.0 -9999.0 -9999.0 -9999.0
-9999.0 -9999.0 -9999.0 -9999.0 -9999.0 -9999.0 -9999.0 -9999.0 -9999.0 -9999.0 -9999.0 -9999.0 -9999.0 -9999.0 -9999.0 -9999.0 -9999.0 -9999.0 -9999.0 -9999.0 3925.068090 3925.622401 3904.003257 3869.686895 3841.235299 3842.815013 3875.156552 3915.459008 3954.169383 3960.731963 3941.149739 3945.076718 3940.483675 3934.988196 3934.475227 3942.300259 3949.408075 3958.651722 3965.191690 3962.385359 3954.694005 3949.694082 3952.859468 3954.100496 3960.588940 3945.173441 3961.663096 3978.201219 3982.739951 3980.530541 3957.514750 3946.432729 3938.727397 3923.224082 3950.440684 3962.225914 3986.056027 3990.985122 3989.120265 3962.679976 3932.778707 -9999.0 -9999.0 -9999.0 -9999.0 -9999.0 -9999.0 -9999.0 -9999.0 -9999.0 -9999.0 -9999.0 -9999.0 -9999.0 -9999.0 -9999.0 -9999.0 -9999.0 -9999.0 -9999.0
-9999.0 -9999.0 -9999.0 -9999.0 -9999.0 -9999.0 -9999.0 -9999.0 -9999.0 -9999.0 -9999.0 -9999.0 -9999.0 -9999.0 3835.110744 3826.450152 3823.356414 3830.142497 3862.105573 3892.170929 3903.560876 3895.882419 3895.398997 3870.116500 3846.406663 3858.346699 3887.331098 3917.196661 3950.008721 3966.368530 3955.226519 3952.272405 3958.236737 3976.051487 3982.625150 3978.621643 3961.396576 3985.847410 3998.370576 4001.698621 3999.350104 3989.145265 3996.784243 4010.347563 4003.184982 3988.353320 4000.762021 4016.529400 4026.843122 4020.049259 3963.338355 3953.225323 3950.479758 3947.355293 3934.812246 3931.895135 3961.375589 3961.223526 3954.643924 3937.988841 3904.865960 3859.694499 3841.057810 3882.602285 3926.637741 3983.111434 -9999.0 -9999.0 -9999.0 -9999.0 -9999.0 -9999.0 -9999.0 -9999.0 -9999.0 -9999.0 -9999.0 -9999.0 -9999.0 -9999.0
-9999.0 -9999.0 -9999.0 -9999.0 -9999.0 -9999.0 -9999.0 -9999.0 -9999.0 3777.815310 3783.985432 3790.634924 3792.893692 3807.599635 3803.806444 3810.335847 3813.196633 3840.161778 3868.869059 3901.593329 3927.756435 3918.160049 3916.095909 3918.007353 3909.655918 3916.018416 3935.817457 3971.486549 4000.519823 4034.391602 3999.516170 3993.777286 4010.733336 4050.397501 4070.642972 4071.032293 4052.088723 4071.117571 4094.318001 4108.416870 4104.321684 4097.476897 4124.024752 4139.819281 4131.488072 4109.130435 4110.688411 4120.049251 4150.316518 4099.363762 4032.960581 3997.701711 4016.602383 3997.605280 3974.798726 3966.298184 3968.234099 3989.068153 3978.472482 3945.666948 3913.487601 3901.922665 3885.679551 3908.237199 3932.265067 3979.185506 4019.774049 4050.144288 4049.744369 4032.710279 -9999.0 -9999.0 -9999.0 -9999.0 -9999.0 -9999.0 -9999.0 -9999.0 -9999.0 -9999.0
-9999.0 -9999.0 -9999.0 -9999.0 -9999.0 -9999.0 3699.407334 3709.992245 3730.598953 3732.362406 3758.801340 3763.171886 3781.164431 3797.397055 3818.797704 3830.194400 3853.409868 3882.144586 3916.458671 3952.222990 3978.293350 3964.737607 3968.866594 3985.179719 4008.422392 4024.465359 4046.589075 4084.288002 4156.566533 4192.368868 4181.258400 4181.170782 4189.160423 4240.182584 4304.385801 4314.147856 4293.289063 4280.720595 4305.731557 4344.238979 4340.774683 4339.413666 4353.874142 4365.333126 4392.360438 4380.414369 4344.523025 4341.187483 4350.180301 4324.921723 4252.849067 4196.678760 4181.251515 4133.847013 4049.162102 4009.211147 4037.846351 4068.405940 4048.643516 4000.140975 3969.958570 3966.061930 3956.286813 3951.403437 3965.830054 3990.075148 4014.653704 4029.381321 4017.959276 3997.371240 3976.184600 3948.357814 3951.375949 3976.400991 -9999.0 -9999.0 -9999.0 -9999.0 -9999.0 -9999.0
-9999.0 -9999.0 -9999.0 -9999.0 3650.329454 3662.917152 3647.023783 3673.094360 3704.382896 3737.324206 3763.205144 3793.103267 3814.741587 3840.081799 3870.831271 3889.103236 3918.354175 3946.385161 3991.748237 4051.188958 4093.880895 4104.805405 4112.271775 4162.436515 4218.280630 4264.423809 4283.199976 4309.701477 4357.897936 4415.012117 4436.786523 4438.843765 4455.855405 4501.797722 4561.105740 4597.106976 4578.957931 4569.402394 4580.865215 4596.357476 4618.532553 4618.552390 4619.711117 4624.517249 4633.084487 4630.711154 4602.749676 4568.686800 4555.488598 4544.731383 4503.461221 4429.423157 4400.712674 4370.382641 4323.411701 4267.382740 4224.277483 4229.382156 4173.824588 4117.774748 4070.273789 4065.522200 4047.449199 4033.460542 4018.667520 4033.273443 4047.061282 4033.032370 4003.376619 3974.691181 3962.287487 3945.147386 3933.847205 3965.438362 3983.511934 4012.817670 -9999.0 -9999.0 -9999.0 -9999.0
-9999.0 -9999.0 3591.910759 3635.916788 3692.503934 3697.342331 3688.071629 3689.497223 3714.661209 3762.528634 3821.139868 3854.398446 3879.474605 3908.969567 3957.465206 4015.241693 4072.910553 4115.109256 4174.114968 4244.538186 4303.903785 4330.029298 4338.029320 4374.406016 4430.718549 4503.109002 4532.350867 4559.812343 4593.164689 4631.610890 4618.029148 4627.857679 4641.471639 4657.124609 4674.767147 4683.330868 4677.945071 4673.226325 4654.355617 4648.698955 4655.087770 4664.063964 4662.353737 4647.287549 4643.288050 4658.693385 4665.587839 4663.060465 4659.421601 4663.706107 4656.801179 4605.310750 4593.219300 4577.120986 4563.903900 4516.331288 4447.763215 4416.648381 4393.594702 4350.795584 4276.405179 4241.315699 4203.159036 4170.141142 4134.507660 4124.249192 4093.923091 4063.007780 4025.243627 3985.202645 3966.893714 3953.471843 3953.563465 3954.356950 3972.538431 3988.335048 4004.410550 4012.534603 -9999.0 -9999.0
-9999.0 3480.197820 3550.374747 3669.981052 3746.387355 3780.455742 3782.151840 3779.554164 3803.864792 3838.226577 3920.523058 3960.653016 4043.309607 4082.578725 4121.944669 4212.059525 4309.102775 4354.087125 4395.027194 4462.344450 4531.058990 4579.557912 4606.607488 4576.892102 4618.890421 4653.970512 4663.858095 4672.176812 4673.543767 4664.894225 4658.965989 4665.418175 4662.151293 4642.336530 4625.659990 4623.674376 4620.127826 4596.254308 4568.287668 4552.166156 4552.925655 4578.589820 4564.953258 4543.303141 4538.776516 4560.866599 4583.288478 4572.226471 4558.883047 4575.660076 4611.072621 4637.625032 4636.345069 4655.565753 4676.843134 4646.700224 4627.173436 4581.691100 4564.215934 4538.333485 4479.846807 4424.842613 4376.055132 4327.822602 4276.103503 4228.893093 4181.804838 4134.988633 4082.681500 4050.419651 4027.005996 3985.784878 3974.894062 3982.359868 3978.256424 3977.029414 3983.759315 3990.392081 -9999.0 -9999.0
-9999.0 3378.752873 3516.000766 3690.742036 3831.284596 3866.974025 3918.001656 3968.515165 3979.896275 3918.466584 4020.404280 4240.580695 4371.586713 4391.502650 4470.337182 4569.945261 4543.869509 4576.616654 4601.259185 4632.383329 4657.299876 4673.461173 4672.217220 4667.583439 4650.680402 4642.579395 4641.588246 4639.335202 4621.442883 4602.043307 4584.905695 4581.285632 4562.466697 4510.432651 4476.258090 4457.701189 4436.579874 4423.813072 4397.270577 4370.698124 4353.015730 4361.571643 4361.331155 4348.835595 4344.447884 4361.883595 4392.904158 4392.310450 4406.176911 4426.224334 4461.856648 4501.279905 4520.872922 4550.631029 4586.843021 4636.783747 4644.071559 4666.907556 4669.349673 4661.039140 4612.903464 4560.151996 4530.228572 4473.853171 4414.146965 4352.315110 4302.759356 4257.877949 4202.196420 4168.966005 4130.583394 4077.217190 4036.554692 4032.046125 3999.661993 3988.069512 -9999.0 -9999.0 -9999.0 -9999.0
-9999.0 3269.000778 3444.871380 3676.836617 3976.113871 4038.440960 4243.287536 4358.281944 4395.855686 4465.749740 4321.504435 4548.621003 4608.269867 4605.039806 4627.162121 4631.405284 4646.457009 4645.426673 4640.316988 4629.022665 4619.050000 4614.180476 4613.245429 4605.257160 4592.458431 4577.640851 4565.480983 4553.581655 4515.942238 4483.164067 4441.815325 4428.717075 4381.036201 4287.616707 4248.955741 4208.453873 4145.038136 4148.905381 4159.432464 4135.994515 4115.800506 4085.004240 4116.949886 4129.828822 4134.823411 4128.332332 4136.454792 4167.518472 4217.619801 4252.756956 4291.695128 4340.314930 4371.517439 4411.076161 4450.524149 4503.417053 4535.476896 4564.815603 4615.273747 4652.654280 4675.720950 4660.665809 4643.569391 4597.029077 4536.049400 4486.268106 4456.462076 4404.848147 4360.908133 4317.613506 4271.122546 4218.377518 4156.755009 4108.763619 4075.854047 -9999.0 -9999.0 -9999.0 -9999.0 -9999.0
-9999.0 3032.798008 3294.060035 3551.453697 3813.946499 4163.428188 4351.476614 4441.997431 4507.350848 4497.217433 4527.111852 4531.736437 4569.599603 4577.900541 4556.678164 4541.907516 4522.994513 4521.904219 4535.082662 4507.111977 4476.037401 4462.241095 4463.246399 4452.577757 4428.167465 4413.332687 4404.156398 4385.044708 4341.771759 4290.388084 4204.288404 4166.939880 4085.714237 4050.933962 4015.829071 3968.866999 3925.519423 3932.664538 3959.247719 3951.631087 3931.288110 3914.752778 3945.047731 3967.008794 3980.738093 3963.359009 3969.692114 4004.210150 4050.623811 4091.130106 4134.682399 4182.564690 4225.042426 4263.548165 4282.895175 4320.841642 4363.360114 4405.411258 4476.499456 4556.992767 4594.367820 4629.938030 4657.753645 4680.147950 4636.606814 4611.260221 4586.821725 4562.490535 4515.348238 4469.420791 4428.819076 4362.666721 4303.077082 -9999.0 -9999.0 -9999.0 -9999.0 -9999.0 -9999.0 -9999.0
-9999.0 2926.592600 3108.184156 3284.852030 3520.647110 3749.126029 3982.996326 4073.051830 4144.695751 4228.376322 4289.133987 4329.403884 4355.235768 4377.472801 4355.095130 4307.260881 4274.115396 4279.407181 4269.055325 4248.757922 4221.395937 4208.857077 4205.870938 4201.513615 4180.923102 4171.478130 4165.263983 4147.686849 4123.676490 4070.635316 4000.686214 3926.383910 3874.264195 3858.201774 3837.610837 3812.538142 3788.741444 3803.018313 3815.643630 3816.886447 3811.870429 3813.273384 3842.306550 3862.570542 3871.960672 3861.560204 3879.661604 3901.964298 3937.860948 3976.673008 4020.884815 4070.554200 4118.644059 4137.370347 4137.347474 4146.182448 4172.168583 4214.491716 4290.456166 4377.067894 4457.466992 4504.092643 4555.740273 4596.819958 4626.272403 4648.798127 4673.045427 4667.519106 4640.392883 4606.319696 4546.009460 -9999.0 -9999.0 -9999.0 -9999.0 -9999.0 -9999.0 -9999.0 -9999.0 -9999.0
-9999.0 -9999.0 2886.396160 3025.312125 3104.749069 3256.340273 3392.255258 3496.895354 3602.585384 3753.803215 3882.598909 3980.372210 4028.530368 4044.444847 4031.251656 4004.712618 3988.990840 3988.447437 3976.188661 3971.368019 3958.970292 3954.553006 3942.266805 3935.185777 3933.259408 3934.388688 3933.236720 3926.189555 3911.206132 3871.554228 3838.576837 3796.630994 3752.846024 3733.017387 3716.793385 3702.051377 3708.644774 3703.859367 3709.733623 3713.522622 3724.486180 3739.487630 3758.691893 3781.793387 3791.498490 3802.255586 3812.594321 3833.546803 3862.557228 3902.211767 3953.100719 4007.610238 4042.989453 4048.780044 4029.035117 4021.888471 4027.485210 4053.883294 4114.034166 4181.684493 4273.035840 4339.652685 4406.990819 4464.000789 4491.395834 4527.807606 4599.909200 4648.076022 4692.858100 4670.325494 -9999.0 -9999.0 -9999.0 -9999.0 -9999.0 -9999.0 -9999.0 -9999.0 -9999.0 -9999.0
-9999.0 -9999.0 -9999.0 -9999.0 2885.266155 3021.852163 3115.904684 3189.166373 3322.736754 3455.337706 3562.373509 3651.313108 3723.422596 3750.041242 3753.724710 3775.204769 3775.859364 3765.572828 3754.323278 3761.659602 3769.131365 3763.692969 3746.161224 3741.080713 3747.135392 3757.414667 3757.340734 3746.405274 3730.027688 3720.800975 3712.469664 3685.023142 3655.969645 3631.079064 3621.454546 3621.088620 3622.705833 3615.511462 3624.557059 3634.804517 3651.475107 3666.809879 3690.304751 3720.369480 3735.503572 3750.101352 3758.105622 3775.662607 3803.688843 3854.666612 3915.989267 3972.405935 4006.269894 4005.981394 3976.583304 3953.622349 3939.306392 3954.778512 3981.258355 4029.326168 4117.766896 4179.604727 4222.992729 4260.198369 4296.546211 4363.414466 4460.962184 4543.810886 -9999.0 -9999.0 -9999.0 -9999.0 -9999.0 -9999.0 -9999.0 -9999.0 -9999.0 -9999.0 -9999.0 -9999.0
-9999.0 -9999.0 -9999.0 -9999.0 -9999.0 -9999.0 2863.478582 2969.832598 3022.402628 3177.953941 3328.649223 3438.092690 3522.829194 3560.940560 3598.479061 3630.806063 3632.604720 3611.689776 3588.839081 3612.363925 3634.396441 3628.169802 3595.098850 3598.261066 3607.529508 3616.782817 3615.978766 3612.470518 3590.645389 3612.317691 3621.115221 3601.641115 3579.446176 3570.027215 3560.767977 3572.566970 3574.036032 3560.332245 3559.269558 3588.385637 3610.272035 3623.226944 3643.964533 3677.204756 3709.719685 3725.480803 3725.939190 3729.738095 3764.767263 3832.164357 3903.005539 3958.162953 3989.113436 3993.265756 3961.806896 3916.160858 3889.061462 3886.414632 3908.815177 3945.728231 4005.052040 4039.622800 4047.288896 4044.416218 4053.871725 4155.789829 -9999.0 -9999.0 -9999.0 -9999.0 -9999.0 -9999.0 -9999.0 -9999.0 -9999.0 -9999.0 -9999.0 -9999.0 -9999.0 -9999.0
-9999.0 -9999.0 -9999.0 -9999.0 -9999.0 -9999.0 -9999.0 -9999.0 -9999.0 -9999.0 -9999.0 -9999.0 -9999.0 -9999.0 -9999.0 -9999.0 -9999.0 -9999.0 -9999.0 -9999.0 -9999.0 -9999.0 -9999.0 -9999.0 -9999.0 -9999.0 -9999.0 -9999.0 -9999.0 -9999.0 -9999.0 -9999.0 -9999.0 -9999.0 -9999.0 -9999.0 -9999.0 -9999.0 -9999.0 -9999.0 -9999.0 -9999.0 -9999.0 -9999.0 -9999.0 -9999.0 -9999.0 -9999.0 -9999.0 -9999.0 -9999.0 -9999.0 -9999.0 -9999.0 -9999.0 -9999.0 -9999.0 -9999.0 -9999.0 -9999.0 -9999.0 -9999.0 -9999.0 -9999.0 -9999.0 -9999.0 -9999.0 -9999.0 -9999.0 -9999.0 -9999.0 -9999.0 -9999.0 -9999.0 -9999.0 -9999.0 -9999.0 -9999.0 -9999.0 -9999.0
-9999.0 -9999.0 -9999.0 -9999.0 -9999.0 -9999.0 -9999.0 -9999.0 -9999.0 -9999.0 -9999.0 -9999.0 -9999.0 -9999.0 -9999.0 -9999.0 -9999.0 -9999.0 -9999.0 -9999.0 -9999.0 -9999.0 -9999.0 -9999.0 -9999.0 -9999.0 -9999.0 -9999.0 -9999.0 -9999.0 -9999.0 -9999.0 -9999.0 -9999.0 -9999.0 -9999.0 -9999.0 -9999.0 -9999.0 -9999.0 -9999.0 -9999.0 -9999.0 -9999.0 -9999.0 -9999.0 -9999.0 -9999.0 -9999.0 -9999.0 -9999.0 -9999.0 -9999.0 -9999.0 -9999.0 -9999.0 -9999.0 -9999.0 -9999.0 -9999.0 -9999.0 -9999.0 -9999.0 -9999.0 -9999.0 -9999.0 -9999.0 -9999.0 -9999.0 -9999.0 -9999.0 -9999.0 -9999.0 -9999.0 -9999.0 -9999.0 -9999.0 -9999.0 -9999.0 -9999.0