Borden_/Borden1m_014/output_maps/psiliqL0010N0018.asc
ncols         80
nrows         18
xllcorner     620200.000000
yllcorner     5168000.000000
cellsize      1.000000
NODATA_value  -9999.0
-9999.0 -9999.0 -9999.0 -9999.0 -9999.0 -9999.0 -9999.0 -9999.0 -9999.0 -9999.0 -9999.0 -9999.0 -9999.0 -9999.0 -9999.0 -9999.0 -9999.0 -9999.0 -9999.0 -9999.0 -9999.0 -9999.0 -9999.0 -9999.0 -9999.0 -9999.0 -9999.0 -9999.0 -9999.0 -9999.0 -9999.0 -9999.0 -9999.0 -9999.0 -9999.0 -9999.0 -9999.0 -9999.0 -9999.0 -9999.0 -9999.0 -9999.0 -9999.0 -9999.0 -9999.0 -9999.0 -9999.0 -9999.0 -9999.0 -9999.0 -9999.0 -9999.0 -9999.0 -9999.0 -9999.0 -9999.0 -9999.0 -9999.0 -9999.0 -9999.0 -9999.0 -9999.0 -9999.0 -9999.0 -9999.0 -9999.0 -9999.0 -9999.0 -9999.0 -9999.0 -9999.0 -9999.0 -9999.0 -9999.0 -9999.0 -9999.0 -9999.0 -9999.0 -9999.0 -9999.0
-9999.0 -9999.0 -9999.0 -9999.0 -9999.0 -9999.0 -9999.0 -9999.0 -9999.0 -9999.0 -9999.0 -9999.0 -9999.0 -9999.0 -9999.0 -9999.0 -9999.0 -9999.0 -9999.0 -9999.0 -9999.0 -9999.0 -9999.0 -9999.0 -9999.0 -9999.0 -9999.0 -9999.0 -9999.0 -9999.0 -9999.0 -9999.0 -9999.0 -9999.0 -9999.0 -9999.0 -9999.0 -9999.0 -9999.0 -9999.0 -9999.0 -9999.0 -9999.0 -9999.0 -9999.0 -9999.0 -9999.0 -9999.0 -9999.0 -9999.0 -9999.0 -9999.0 -9999.0 -9999.0 -9999.0 -9999.0 -9999.0 -9999.0 -9999.0 -9999.0 -9999.0 -9999.0 -9999.0 -9999.0 -9999.0 -9999.0 -9999.0 -9999.0 -9999.0 -9999.0 -9999.0 -9999.0 -9999.0 -9999.0 -9999.0 -9999.0 -9999.0 -9999.0 -9999.0 -9999.0
-9999.0 -9999.0 -9999.0 -9999.0 -9999.0 -9999.0 -9999.0 -9999.0 -9999.0 -9999.0 -9999.0 -9999.0 -9999.0 -9999.0 -9999.0 -9999.0 -9999.0 -9999.0 -9999.0 -9999.0 136.897978 139.928614 117.641230 83.977657 56.032337 58.540555 94.101510 135.968111 174.706123 185.764085 168.556751 171.198231 167.226449 167.602873 171.101380 177.811276 181.288880 192.852246 201.380434 201.098800 194.943862 189.429684 188.794095 192.252856 197.384574 187.801282 201.408100 216.707857 222.577856 216.922936 188.872838 172.046185 162.450160 146.589706 170.237809 181.856718 204.138623 207.779739 205.798466 178.259183 147.836026 -9999.0 -9999.0 -9999.0 -9999.0 -9999.0 -9999.0 -9999.0 -9999.0 -9999.0 -9999.0 -9999.0 -9999.0 -9999.0 -9999.0 -9999.0 -9999.0 -9999.0 -9999.0 -9999.0
-9999.0 -9999.0 -9999.0 -9999.0 -9999.0 -9999.0 -9999.0 -9999.0 -9999.0 -9999.0 -9999.0 -9999.0 -9999.0 -9999.0 44.828309 35.037469 32.411341 41.352225 75.671986 106.291365 119.021189 111.810063 112.234814 89.212226 69.562174 84.463488 114.815080 147.153174 182.490584 204.190324 193.240732 192.125576 204.107961 232.419124 247.396572 245.274136 224.843166 247.863154 264.118532 273.453841 272.736490 264.295620 278.760204 295.291450 288.624618 270.780191 274.517186 286.379800 300.161410 284.534846 218.686452 196.238887 190.456545 181.997397 167.204654 159.803994 183.944566 183.785420 174.703385 156.053796 123.119292 78.628124 60.151984 98.491084 142.597597 200.229269 -9999.0 -9999.0 -9999.0 -9999.0 -9999.0 -9999.0 -9999.0 -9999.0 -9999.0 -9999.0 -9999.0 -9999.0 -9999.0 -9999.0
-9999.0 -9999.0 -9999.0 -9999.0 -9999.0 -9999.0 -9999.0 -9999.0 -9999.0 -12.979724 -8.981960 -1.672461 0.484900 16.370237 14.709811 22.066640 30.207897 57.273741 89.287963 125.389924 154.981335 146.031048 147.426187 160.626149 168.687119 183.063761 205.400706 247.353561 291.710876 337.405300 312.456656 313.911456 338.144953 390.619614 428.281461 437.953982 419.068283 424.458721 450.019462 474.482569 474.978452 473.644773 499.654472 514.655835 519.383691 498.353708 480.448662 479.134907 505.480725 451.903006 384.657252 326.952147 321.441633 284.908668 241.634035 218.268750 213.742068 233.307182 216.045552 177.101069 139.550770 128.683077 110.979808 126.909563 148.972368 195.410148 233.811024 262.062556 261.741771 244.102668 -9999.0 -9999.0 -9999.0 -9999.0 -9999.0 -9999.0 -9999.0 -9999.0 -9999.0 -9999.0
-9999.0 -9999.0 -9999.0 -9999.0 -9999.0 -9999.0 -91.791568 -82.702646 -62.715620 -57.327310 -32.547218 -24.834105 -3.999902 15.783739 37.298894 55.024597 86.764028 120.929806 164.512229 210.781006 244.907316 242.099636 255.083079 293.959521 344.665614 380.496122 406.989498 448.991599 534.419175 592.404519 614.856413 629.731225 651.014221 697.596741 757.042185 775.700927 751.862053 735.601292 752.165716 785.503191 798.627390 801.129152 809.700950 818.618435 844.292715 835.115665 790.349927 773.409406 770.345278 759.407089 707.471646 642.474109 580.266128 514.332476 425.731655 366.148245 365.003317 375.665119 337.716959 279.014212 234.148840 221.313511 204.111631 188.277082 192.508679 210.774659 233.000337 243.637077 230.439377 209.227650 185.865755 156.607378 157.881795 182.952242 -9999.0 -9999.0 -9999.0 -9999.0 -9999.0 -9999.0
-9999.0 -9999.0 -9999.0 -9999.0 -141.696050 -129.084071 -140.818580 -116.658280 -84.287437 -50.582374 -17.939284 19.855890 47.745272 78.829624 122.205367 161.846697 207.460653 246.583417 309.099947 386.146505 442.399893 471.916786 494.226803 572.034712 656.851257 712.663953 731.455978 755.891368 797.259723 864.992357 895.945373 906.326769 928.435537 961.033386 1003.592943 1035.330906 1017.700696 1008.315138 1012.964260 1022.449064 1046.896444 1048.446117 1050.205039 1051.749449 1055.230920 1055.145902 1032.033653 999.066159 987.960533 980.486536 958.223960 890.609786 835.862329 801.336110 774.140637 729.635205 664.597438 632.826084 552.448775 483.811247 413.560349 384.519552 344.541017 312.184721 277.817026 275.560301 276.192828 254.508788 222.133024 189.130525 173.352145 153.907354 142.844060 172.221507 189.458650 219.966360 -9999.0 -9999.0 -9999.0 -9999.0
-9999.0 -9999.0 -200.286657 -150.544624 -94.120150 -85.139213 -82.987594 -77.351221 -49.612182 2.046091 81.161764 135.569094 181.844758 216.723435 283.060761 374.465765 454.740396 513.289456 593.920989 677.031364 738.178129 772.216941 796.943976 839.597358 896.601019 954.360747 977.715889 1002.240958 1031.239390 1063.661311 1083.411185 1099.483348 1108.108896 1107.611679 1110.309919 1109.694192 1105.017392 1098.025967 1079.609856 1075.933119 1082.614057 1086.370020 1089.272643 1076.698514 1073.344114 1086.513560 1089.473072 1089.843353 1092.386196 1101.843502 1109.598930 1074.166195 1025.832668 1009.379491 1002.843890 961.601602 901.063602 850.096704 820.743155 780.067323 709.337914 654.520262 580.187209 512.278015 449.285884 407.408380 353.943831 308.299863 259.514183 212.036135 187.092221 167.407433 163.890192 163.262664 178.557885 193.540305 208.486033 216.059347 -9999.0 -9999.0
-9999.0 -300.462392 -227.710408 -100.041205 -20.125610 26.005684 65.931519 94.756607 121.491408 141.516706 252.791563 361.158611 456.156209 496.832268 567.650538 681.309476 776.661578 821.435941 861.821891 917.362579 972.412252 1018.275710 1047.072540 1071.025710 1102.246204 1107.719526 1108.004019 1109.441175 1103.744317 1096.209765 1086.824575 1093.824291 1091.335187 1074.616650 1060.288639 1056.799046 1048.885637 1021.392358 992.175548 977.354961 978.834681 1000.292455 990.908806 970.972659 968.588349 988.841621 1006.226386 999.289500 992.660243 1013.597796 1049.533714 1068.990908 1081.677870 1096.559142 1117.223729 1093.526137 1062.623565 1021.438605 1000.880808 972.315349 917.524822 857.021247 799.461248 738.409150 670.479947 580.025084 500.247166 431.527018 357.468066 312.183700 277.383185 222.683965 197.309885 196.544427 185.880792 182.200672 187.837145 193.917457 -9999.0 -9999.0
-9999.0 -374.681148 -230.998691 -44.510437 104.924449 171.040826 293.266591 379.835638 408.757918 386.324715 505.732772 741.700926 833.973647 849.941517 921.095772 1005.511303 1038.643138 1068.775489 1090.216721 1094.346958 1097.281812 1104.839570 1102.550075 1095.184443 1081.039383 1073.181241 1071.999743 1069.197347 1051.385908 1030.835762 1012.743225 1008.066307 990.582662 953.034330 923.029374 905.431280 883.737807 850.973224 812.868909 785.865927 772.564311 789.877748 781.976905 765.678929 762.529188 784.256564 816.698477 815.169626 829.323249 859.738009 903.147079 941.930978 963.823329 993.007206 1028.627382 1071.020881 1088.635601 1109.296596 1114.467446 1092.921452 1052.617035 1003.066465 969.843282 908.417127 839.166846 761.315676 699.949944 636.847673 544.283843 483.312149 426.350380 358.377821 293.178729 260.403265 217.886635 195.541019 -9999.0 -9999.0 -9999.0 -9999.0
-9999.0 -444.122318 -252.755947 12.639754 281.307843 419.933674 648.238609 782.953415 842.981151 891.401281 908.239592 1030.243395 1060.121599 1053.715437 1044.475128 1048.577509 1063.871743 1068.735323 1066.771943 1059.584219 1053.121161 1049.968627 1046.976384 1035.034634 1020.948456 1004.585484 991.107793 978.109225 938.498313 905.075669 869.907217 849.269030 810.493525 726.945085 688.337284 652.013070 577.789711 557.902785 540.648948 505.715770 484.202249 466.682755 486.322297 487.642579 489.083130 496.971142 520.625969 549.184814 609.739189 663.025638 709.277028 758.723114 794.037180 842.702473 890.834547 947.415556 978.403128 1009.310089 1055.741655 1094.152316 1117.321368 1108.587364 1080.440478 1039.435145 974.276724 910.156183 867.575889 803.874050 739.546109 686.826433 635.390438 555.734722 466.140048 355.797477 307.662840 -9999.0 -9999.0 -9999.0 -9999.0 -9999.0
-9999.0 -605.383203 -337.024865 -40.242823 294.729837 638.351872 767.989646 917.228653 985.822755 931.425295 914.836311 939.138276 980.070283 987.221751 969.518377 964.821176 957.650607 959.036644 973.364806 950.903511 924.393283 909.926279 905.838176 887.277192 856.647064 833.870545 818.563861 798.638101 753.273554 706.855484 626.224742 583.266034 492.090654 423.672902 375.973049 323.497398 265.556800 260.019236 273.708412 256.024142 233.048186 214.245200 239.969208 256.111239 267.612940 258.204186 268.745827 306.817025 361.352409 410.741798 464.968057 526.783674 587.979833 660.524837 698.398699 747.906153 793.754484 845.761821 922.677482 998.789848 1034.968238 1069.915346 1105.816521 1123.183458 1077.263157 1031.244499 988.285722 940.556494 863.460305 819.018731 789.140831 737.289966 676.247024 -9999.0 -9999.0 -9999.0 -9999.0 -9999.0 -9999.0 -9999.0
-9999.0 -737.430774 -509.017203 -263.976612 35.613891 281.289426 476.465361 613.786050 696.378425 701.597166 718.155866 744.754584 772.775898 793.628169 774.275790 742.917629 720.162249 725.531926 725.561532 704.855348 679.119676 664.749802 660.030459 643.597260 601.623155 573.889154 555.133484 525.533921 484.635025 426.141297 341.110822 266.471238 200.559957 163.868712 132.309681 97.441271 57.537431 67.077192 80.721708 75.935450 63.699552 59.474996 89.114926 107.773134 117.971715 105.391035 124.511899 152.407629 195.714851 239.456736 289.269300 346.154587 403.699230 440.840581 460.885763 494.287447 546.701393 626.670088 721.608901 817.152123 896.107749 948.453734 1000.284959 1036.453257 1053.039185 1072.939284 1058.439652 994.031268 888.870391 888.138943 876.022194 -9999.0 -9999.0 -9999.0 -9999.0 -9999.0 -9999.0 -9999.0 -9999.0 -9999.0
-9999.0 -9999.0 -745.303841 -558.307164 -403.088198 -215.986288 -62.388729 49.908448 131.108830 226.900795 321.390915 397.043932 438.313499 455.442469 439.092305 401.989184 378.525019 379.128880 370.232707 357.288778 333.379972 322.725224 310.784704 299.622424 282.662238 272.260031 264.495681 251.292695 227.148543 179.070720 125.527712 71.550046 15.899244 -10.048027 -32.552921 -55.560476 -59.160147 -61.577015 -55.067515 -53.898765 -48.335739 -36.469877 -15.780254 5.711397 15.222503 22.656436 35.383654 59.417378 93.171717 135.161327 188.534822 245.357926 285.039225 298.919243 291.196171 299.293834 325.502354 378.122801 473.220147 580.653316 693.432870 768.583366 846.336508 903.953249 926.919244 948.064950 976.433866 930.380411 618.745111 843.238747 -9999.0 -9999.0 -9999.0 -9999.0 -9999.0 -9999.0 -9999.0 -9999.0 -9999.0 -9999.0
-9999.0 -9999.0 -9999.0 -9999.0 -701.846775 -545.646539 -451.467216 -367.997486 -243.449711 -131.617775 -37.240924 40.201930 95.006068 119.292689 109.598999 106.298508 98.862855 94.710812 85.725820 80.746497 75.395487 66.876256 54.160911 45.638104 44.139904 47.016294 44.234745 30.545438 13.905446 -12.791732 -36.634045 -72.283211 -109.681182 -139.199787 -152.433157 -159.263306 -159.150626 -164.907845 -155.468776 -148.933295 -133.954674 -118.473431 -94.402869 -65.924890 -53.130861 -38.818152 -29.025933 -8.102988 22.161089 75.309498 138.106561 194.543536 228.777645 232.547292 206.762291 191.255479 188.959255 219.224807 269.914485 346.939000 459.340770 548.245124 638.401994 699.987647 737.426550 786.913515 856.297180 904.612341 -9999.0 -9999.0 -9999.0 -9999.0 -9999.0 -9999.0 -9999.0 -9999.0 -9999.0 -9999.0 -9999.0 -9999.0
-9999.0 -9999.0 -9999.0 -9999.0 -9999.0 -9999.0 -755.855300 -660.555599 -575.085314 -450.730595 -333.163472 -238.890382 -163.611615 -137.301750 -118.115660 -94.768578 -98.911461 -116.357152 -133.634593 -116.732960 -106.627568 -112.063485 -140.536725 -142.176017 -138.710557 -129.667620 -131.145470 -137.403335 -162.395190 -153.769910 -154.959888 -178.190160 -204.359145 -218.708085 -230.295657 -220.323837 -219.545502 -232.194186 -229.989018 -203.755644 -183.916428 -170.448476 -147.946600 -114.706731 -82.639345 -68.233444 -67.217543 -60.977998 -19.586207 50.775853 121.366502 175.048928 205.894814 213.064544 184.422768 143.197884 121.617786 128.695323 164.490653 220.102530 300.718396 357.051798 397.870814 426.426019 457.598885 558.256955 -9999.0 -9999.0 -9999.0 -9999.0 -9999.0 -9999.0 -9999.0 -9999.0 -9999.0 -9999.0 -9999.0 -9999.0 -9999.0 -9999.0
-9999.0 -9999.0 -9999.0 -9999.0 -9999.0 -9999.0 -9999.0 -9999.0 -9999.0 -9999.0 -9999.0 -9999.0 -9999.0 -9999.0 -9999.0 -9999.0 -9999.0 -9999.0 -9999.0 -9999.0 -9999.0 -9999.0 -9999.0 -9999.0 -9999.0 -9999.0 -9999.0 -9999.0 -9999.0 -9999.0 -9999.0 -9999.0 -9999.0 -9999.0 -9999.0 -9999.0 -9999.0 -9999.0 -9999.0 -9999.0 -9999.0 -9999.0 -9999.0 -9999.0 -9999.0 -9999.0 -9999.0 -9999.0 -9999.0 -9999.0 -9999.0 -9999.0 -9999.0 -9999.0 -9999.0 -9999.0 -9999.0 -9999.0 -9999.0 -9999.0 -9999.0 -9999.0 -9999.0 -9999.0 -9999.0 -9999.0 -9999.0 -9999.0 -9999.0 -9999.0 -9999.0 -9999.0 -9999.0 -9999.0 -9999.0 -9999.0 -9999.0 -9999.0 -9999.0 -9999.0
-9999.0 -9999.0 -9999.0 -9999.0 -9999.0 -9999.0 -9999.0 -9999.0 -9999.0 -9999.0 -9999.0 -9999.0 -9999.0 -9999.0 -9999.0 -9999.0 -9999.0 -9999.0 -9999.0 -9999.0 -9999.0 -9999.0 -9999.0 -9999.0 -9999.0 -9999.0 -9999.0 -9999.0 -9999.0 -9999.0 -9999.0 -9999.0 -9999.0 -9999.0 -9999.0 -9999.0 -9999.0 -9999.0 -9999.0 -9999.0 -9999.0 -9999.0 -9999.0 -9999.0 -9999.0 -9999.0 -9999.0 -9999.0 -9999.0 -9999.0 -9999.0 -9999.0 -9999.0 -9999.0 -9999.0 -9999.0 -9999.0 -9999.0 -9999.0 -9999.0 -9999.0 -9999.0 -9999.0 -9999.0 -9999.0 -9999.0 -9999.0 -9999.0 -9999.0 -9999.0 -9999.0 -9999.0 -9999.0 -9999.0 -9999.0 -9999.0 -9999.0 -9999.0 -9999.0 -9999.0