Borden_/Borden1m_014/output_maps/psiliqL0029N0008.asc
ncols         80
nrows         18
xllcorner     620200.000000
yllcorner     5168000.000000
cellsize      1.000000
NODATA_value  -9999.0
-9999.0 -9999.0 -9999.0 -9999.0 -9999.0 -9999.0 -9999.0 -9999.0 -9999.0 -9999.0 -9999.0 -9999.0 -9999.0 -9999.0 -9999.0 -9999.0 -9999.0 -9999.0 -9999.0 -9999.0 -9999.0 -9999.0 -9999.0 -9999.0 -9999.0 -9999.0 -9999.0 -9999.0 -9999.0 -9999.0 -9999.0 -9999.0 -9999.0 -9999.0 -9999.0 -9999.0 -9999.0 -9999.0 -9999.0 -9999.0 -9999.0 -9999.0 -9999.0 -9999.0 -9999.0 -9999.0 -9999.0 -9999.0 -9999.0 -9999.0 -9999.0 -9999.0 -9999.0 -9999.0 -9999.0 -9999.0 -9999.0 -9999.0 -9999.0 -9999.0 -9999.0 -9999.0 -9999.0 -9999.0 -9999.0 -9999.0 -9999.0 -9999.0 -9999.0 -9999.0 -9999.0 -9999.0 -9999.0 -9999.0 -9999.0 -9999.0 -9999.0 -9999.0 -9999.0 -9999.0
-9999.0 -9999.0 -9999.0 -9999.0 -9999.0 -9999.0 -9999.0 -9999.0 -9999.0 -9999.0 -9999.0 -9999.0 -9999.0 -9999.0 -9999.0 -9999.0 -9999.0 -9999.0 -9999.0 -9999.0 -9999.0 -9999.0 -9999.0 -9999.0 -9999.0 -9999.0 -9999.0 -9999.0 -9999.0 -9999.0 -9999.0 -9999.0 -9999.0 -9999.0 -9999.0 -9999.0 -9999.0 -9999.0 -9999.0 -9999.0 -9999.0 -9999.0 -9999.0 -9999.0 -9999.0 -9999.0 -9999.0 -9999.0 -9999.0 -9999.0 -9999.0 -9999.0 -9999.0 -9999.0 -9999.0 -9999.0 -9999.0 -9999.0 -9999.0 -9999.0 -9999.0 -9999.0 -9999.0 -9999.0 -9999.0 -9999.0 -9999.0 -9999.0 -9999.0 -9999.0 -9999.0 -9999.0 -9999.0 -9999.0 -9999.0 -9999.0 -9999.0 -9999.0 -9999.0 -9999.0
-9999.0 -9999.0 -9999.0 -9999.0 -9999.0 -9999.0 -9999.0 -9999.0 -9999.0 -9999.0 -9999.0 -9999.0 -9999.0 -9999.0 -9999.0 -9999.0 -9999.0 -9999.0 -9999.0 -9999.0 3925.068003 3925.622312 3904.003167 3869.686795 3841.235193 3842.814893 3875.156429 3915.458869 3954.169242 3960.731810 3941.149576 3945.076549 3940.483495 3934.988009 3934.475036 3942.300059 3949.407859 3958.651509 3965.191474 3962.385140 3954.693776 3949.693858 3952.859234 3954.100259 3960.588712 3945.173210 3961.662870 3978.201206 3982.739938 3980.530525 3957.514564 3946.432552 3938.727229 3923.223930 3950.440546 3962.225782 3986.056013 3990.985117 3989.120254 3962.679885 3932.778620 -9999.0 -9999.0 -9999.0 -9999.0 -9999.0 -9999.0 -9999.0 -9999.0 -9999.0 -9999.0 -9999.0 -9999.0 -9999.0 -9999.0 -9999.0 -9999.0 -9999.0 -9999.0 -9999.0
-9999.0 -9999.0 -9999.0 -9999.0 -9999.0 -9999.0 -9999.0 -9999.0 -9999.0 -9999.0 -9999.0 -9999.0 -9999.0 -9999.0 3835.110678 3826.450078 3823.356333 3830.142408 3862.105483 3892.170827 3903.560774 3895.882316 3895.398883 3870.116376 3846.406534 3858.346552 3887.330945 3917.196505 3950.008553 3966.368347 3955.226339 3952.272202 3958.236527 3976.051474 3982.625134 3978.621622 3961.396336 3985.847388 3998.370559 4001.698599 3999.350089 3989.145239 3996.784228 4010.347545 4003.184964 3988.353292 4000.762009 4016.529381 4026.843103 4020.049238 3963.338130 3953.225114 3950.479569 3947.355119 3934.812074 3931.894981 3961.375439 3961.223404 3954.643808 3937.988735 3904.865856 3859.694395 3841.057726 3882.602199 3926.637670 3983.111427 -9999.0 -9999.0 -9999.0 -9999.0 -9999.0 -9999.0 -9999.0 -9999.0 -9999.0 -9999.0 -9999.0 -9999.0 -9999.0 -9999.0
-9999.0 -9999.0 -9999.0 -9999.0 -9999.0 -9999.0 -9999.0 -9999.0 -9999.0 3777.814488 3783.985345 3790.634845 3792.893620 3807.599557 3803.806354 3810.335762 3813.196535 3840.161666 3868.868939 3901.593198 3927.756309 3918.159899 3916.095756 3918.007186 3909.655737 3916.018222 3935.817254 3971.486532 4000.519804 4034.391589 3999.516142 3993.777271 4010.733314 4050.397487 4070.642949 4071.032277 4052.088699 4071.117545 4094.317989 4108.416845 4104.321664 4097.476872 4124.024727 4139.819263 4131.488052 4109.130415 4110.688384 4120.049225 4150.316505 4099.363743 4032.960568 3997.701684 4016.602362 3997.605266 3974.798701 3966.297980 3968.233910 3989.068132 3978.472467 3945.666805 3913.487454 3901.922543 3885.679433 3908.237096 3932.264981 3979.185507 4019.774041 4050.144280 4049.744370 4032.710274 -9999.0 -9999.0 -9999.0 -9999.0 -9999.0 -9999.0 -9999.0 -9999.0 -9999.0 -9999.0
-9999.0 -9999.0 -9999.0 -9999.0 -9999.0 -9999.0 3699.406634 3709.991454 3730.598058 3732.361428 3758.800238 3763.170733 3781.164324 3797.396947 3818.797597 3830.194278 3853.409731 3882.144437 3916.458513 3952.222812 3978.293326 3964.737399 3968.866572 3985.179708 4008.422374 4024.465336 4046.589048 4084.287983 4156.566532 4192.368865 4181.258405 4181.170774 4189.160424 4240.182579 4304.385804 4314.147849 4293.289059 4280.720599 4305.731550 4344.238976 4340.774682 4339.413668 4353.874141 4365.333130 4392.360430 4380.414369 4344.523026 4341.187489 4350.180294 4324.921722 4252.849057 4196.678763 4181.251518 4133.846994 4049.162074 4009.211132 4037.846328 4068.405931 4048.643496 4000.140959 3969.958380 3966.061752 3956.286654 3951.403303 3965.829932 3990.075142 4014.653701 4029.381320 4017.959276 3997.371235 3976.184557 3948.357776 3951.375918 3976.400971 -9999.0 -9999.0 -9999.0 -9999.0 -9999.0 -9999.0
-9999.0 -9999.0 -9999.0 -9999.0 3650.328880 3662.916492 3647.022981 3673.093412 3704.381775 3737.322902 3763.203754 3793.103109 3814.741453 3840.081657 3870.831113 3889.103052 3918.353983 3946.384946 3991.748220 4051.188936 4093.880879 4104.805385 4112.271759 4162.436512 4218.280624 4264.423814 4283.199972 4309.701481 4357.897935 4415.012113 4436.786524 4438.843769 4455.855410 4501.797717 4561.105743 4597.106976 4578.957937 4569.402393 4580.865214 4596.357476 4618.532553 4618.552388 4619.711116 4624.517246 4633.084493 4630.711153 4602.749679 4568.686795 4555.488601 4544.731379 4503.461223 4429.423160 4400.712668 4370.382635 4323.411707 4267.382737 4224.277480 4229.382151 4173.824584 4117.774728 4070.273774 4065.522178 4047.449193 4033.460523 4018.667515 4033.273427 4047.061269 4033.032364 4003.376610 3974.691116 3962.287440 3945.147345 3933.847176 3965.438328 3983.511938 4012.817667 -9999.0 -9999.0 -9999.0 -9999.0
-9999.0 -9999.0 3591.910317 3635.916331 3692.503338 3697.341572 3688.070650 3689.496002 3714.659715 3762.526886 3821.139674 3854.398276 3879.474412 3908.969349 3957.465190 4015.241681 4072.910526 4115.109237 4174.114965 4244.538182 4303.903786 4330.029302 4338.029315 4374.406012 4430.718552 4503.109001 4532.350872 4559.812341 4593.164691 4631.610892 4618.029154 4627.857673 4641.471637 4657.124609 4674.767145 4683.330875 4677.945066 4673.226322 4654.355616 4648.698960 4655.087763 4664.063971 4662.353736 4647.287548 4643.288056 4658.693381 4665.587836 4663.060462 4659.421600 4663.706110 4656.801180 4605.310752 4593.219300 4577.120989 4563.903900 4516.331281 4447.763214 4416.648382 4393.594704 4350.795578 4276.405174 4241.315706 4203.159025 4170.141145 4134.507643 4124.249185 4093.923082 4063.007773 4025.243619 3985.202644 3966.893639 3953.471785 3953.563422 3954.356921 3972.538406 3988.335052 4004.410548 4012.534604 -9999.0 -9999.0
-9999.0 3480.193599 3550.369960 3669.980483 3746.386683 3780.455646 3782.151732 3779.554027 3803.864614 3838.226366 3920.522842 3960.653001 4043.309590 4082.578707 4121.944642 4212.059524 4309.102771 4354.087122 4395.027190 4462.344457 4531.058984 4579.557911 4606.607486 4576.892098 4618.890426 4653.970509 4663.858093 4672.176811 4673.543763 4664.894230 4658.965987 4665.418172 4662.151298 4642.336526 4625.659989 4623.674372 4620.127829 4596.254315 4568.287663 4552.166158 4552.925652 4578.589821 4564.953251 4543.303146 4538.776515 4560.866596 4583.288480 4572.226472 4558.883046 4575.660081 4611.072626 4637.625030 4636.345069 4655.565749 4676.843135 4646.700228 4627.173439 4581.691104 4564.215934 4538.333485 4479.846807 4424.842605 4376.055139 4327.822599 4276.103498 4228.893088 4181.804838 4134.988625 4082.681492 4050.419639 4027.005985 3985.784876 3974.894009 3982.359864 3978.256397 3977.029390 3983.759317 3990.392077 -9999.0 -9999.0
-9999.0 3378.747760 3515.995617 3690.741412 3831.284526 3866.973929 3918.001526 3968.515155 3979.896256 3918.466325 4020.404261 4240.580686 4371.586714 4391.502654 4470.337175 4569.945267 4543.869507 4576.616651 4601.259187 4632.383333 4657.299876 4673.461170 4672.217217 4667.583443 4650.680402 4642.579395 4641.588245 4639.335207 4621.442881 4602.043303 4584.905695 4581.285629 4562.466698 4510.432655 4476.258087 4457.701185 4436.579872 4423.813067 4397.270580 4370.698122 4353.015736 4361.571634 4361.331163 4348.835590 4344.447878 4361.883592 4392.904166 4392.310448 4406.176909 4426.224329 4461.856641 4501.279901 4520.872928 4550.631030 4586.843024 4636.783745 4644.071558 4666.907553 4669.349670 4661.039140 4612.903468 4560.152000 4530.228566 4473.853171 4414.146965 4352.315112 4302.759350 4257.877945 4202.196422 4168.966001 4130.583393 4077.217177 4036.554682 4032.046121 3999.661991 3988.069510 -9999.0 -9999.0 -9999.0 -9999.0
-9999.0 3268.945701 3444.864336 3676.835927 3976.113847 4038.440954 4243.287539 4358.281944 4395.855683 4465.749740 4321.504435 4548.621001 4608.269866 4605.039807 4627.162123 4631.405287 4646.457009 4645.426679 4640.316984 4629.022661 4619.050000 4614.180478 4613.245433 4605.257160 4592.458427 4577.640855 4565.480984 4553.581650 4515.942243 4483.164063 4441.815332 4428.717076 4381.036197 4287.616705 4248.955743 4208.453874 4145.038136 4148.905376 4159.432468 4135.994490 4115.800478 4085.004222 4116.949854 4129.828806 4134.823399 4128.332307 4136.454768 4167.518467 4217.619805 4252.756956 4291.695131 4340.314933 4371.517434 4411.076161 4450.524146 4503.417048 4535.476904 4564.815600 4615.273749 4652.654281 4675.720951 4660.665809 4643.569391 4597.029086 4536.049393 4486.268111 4456.462079 4404.848145 4360.908127 4317.613509 4271.122538 4218.377525 4156.755004 4108.763617 4075.854043 -9999.0 -9999.0 -9999.0 -9999.0 -9999.0
-9999.0 3032.335673 3293.986811 3551.450807 3813.946301 4163.428170 4351.476608 4441.997424 4507.350846 4497.217428 4527.111856 4531.736439 4569.599604 4577.900546 4556.678157 4541.907514 4522.994516 4521.904218 4535.082661 4507.111984 4476.037399 4462.241093 4463.246399 4452.577761 4428.167470 4413.332684 4404.156399 4385.044714 4341.771752 4290.388085 4204.288397 4166.939874 4085.714210 4050.933946 4015.829044 3968.866981 3925.519179 3932.664309 3959.247693 3951.630860 3931.287892 3914.752555 3945.047519 3967.008778 3980.738067 3963.358996 3969.692096 4004.210139 4050.623789 4091.130096 4134.682376 4182.564689 4225.042427 4263.548158 4282.895177 4320.841639 4363.360110 4405.411252 4476.499459 4556.992767 4594.367819 4629.938036 4657.753642 4680.147945 4636.606813 4611.260215 4586.821728 4562.490536 4515.348246 4469.420786 4428.819084 4362.666717 4303.077080 -9999.0 -9999.0 -9999.0 -9999.0 -9999.0 -9999.0 -9999.0
-9999.0 2924.128078 3107.582881 3284.751938 3520.632130 3749.123681 3982.995899 4073.051470 4144.695694 4228.376313 4289.133980 4329.403885 4355.235768 4377.472796 4355.095133 4307.260879 4274.115390 4279.407181 4269.055328 4248.757916 4221.395936 4208.857079 4205.870930 4201.513605 4180.923096 4171.478123 4165.263973 4147.686823 4123.676473 4070.635291 4000.686200 3926.383672 3874.263949 3858.201543 3837.610633 3812.537952 3788.741251 3803.018134 3815.643466 3816.886280 3811.870262 3813.273216 3842.306381 3862.570395 3871.960538 3861.560059 3879.661454 3901.964137 3937.860785 3976.672989 4020.884800 4070.554188 4118.644042 4137.370329 4137.347459 4146.182430 4172.168583 4214.491718 4290.456163 4377.067895 4457.466991 4504.092640 4555.740270 4596.819960 4626.272403 4648.798126 4673.045428 4667.519104 4640.392875 4606.319699 4546.009457 -9999.0 -9999.0 -9999.0 -9999.0 -9999.0 -9999.0 -9999.0 -9999.0 -9999.0
-9999.0 -9999.0 2883.226347 3024.542393 3103.743922 3256.161607 3392.215306 3496.867381 3602.579329 3753.802534 3882.598614 3980.372146 4028.530307 4044.444825 4031.251638 4004.712591 3988.990824 3988.447416 3976.188636 3971.368003 3958.970271 3954.552986 3942.266511 3935.185486 3933.259128 3934.388419 3933.236461 3926.189300 3911.205886 3871.554008 3838.576635 3796.630775 3752.843904 3733.015407 3716.791575 3702.049707 3708.643217 3703.857893 3709.732205 3713.521233 3724.484809 3739.486268 3758.690545 3781.793264 3791.498379 3802.255474 3812.594196 3833.546685 3862.557113 3902.211646 3953.100594 4007.610221 4042.989444 4048.780038 4029.035102 4021.888454 4027.485188 4053.883278 4114.034140 4181.684494 4273.035832 4339.652689 4406.990821 4464.000791 4491.395836 4527.807609 4599.909199 4648.076022 4692.858105 4670.325493 -9999.0 -9999.0 -9999.0 -9999.0 -9999.0 -9999.0 -9999.0 -9999.0 -9999.0 -9999.0
-9999.0 -9999.0 -9999.0 -9999.0 2880.004125 3020.617416 3114.467594 3188.833520 3322.480459 3455.304823 3562.366877 3651.309962 3723.419308 3750.040529 3753.724442 3775.204521 3775.859109 3765.572578 3754.323030 3761.659369 3769.131134 3763.692703 3746.158466 3741.077984 3747.132745 3757.412113 3757.338277 3746.402928 3730.025495 3720.798949 3712.467806 3685.021445 3655.968030 3631.077382 3621.453004 3621.087203 3622.704484 3615.510200 3624.555851 3634.803484 3651.474087 3666.808887 3690.303755 3720.368523 3735.502597 3750.100345 3758.104573 3775.661507 3803.688731 3854.666521 3915.989171 3972.405835 4006.269887 4005.981376 3976.583153 3953.622171 3939.306197 3954.778279 3981.258333 4029.326142 4117.766876 4179.604723 4222.992725 4260.198361 4296.546212 4363.414468 4460.962186 4543.810883 -9999.0 -9999.0 -9999.0 -9999.0 -9999.0 -9999.0 -9999.0 -9999.0 -9999.0 -9999.0 -9999.0 -9999.0
-9999.0 -9999.0 -9999.0 -9999.0 -9999.0 -9999.0 2856.443626 2962.330884 3020.659943 3177.690685 3328.383819 3438.060094 3522.797945 3560.908475 3598.475955 3630.803374 3632.602040 3611.687139 3588.836499 3612.361411 3634.393997 3628.167414 3595.096442 3598.258727 3607.527224 3616.780624 3615.976661 3612.468527 3590.643518 3612.315953 3621.113653 3601.639662 3579.444645 3570.012329 3560.754051 3572.554089 3574.024003 3560.320871 3559.258731 3588.384650 3610.271227 3623.226119 3643.963727 3677.203938 3709.718854 3725.479942 3725.938293 3729.737141 3764.766286 3832.164270 3903.005457 3958.162864 3989.113426 3993.265752 3961.806758 3916.160706 3889.061290 3886.414428 3908.814951 3945.727968 4005.052017 4039.622783 4047.288867 4044.416199 4053.871693 4155.789826 -9999.0 -9999.0 -9999.0 -9999.0 -9999.0 -9999.0 -9999.0 -9999.0 -9999.0 -9999.0 -9999.0 -9999.0 -9999.0 -9999.0
-9999.0 -9999.0 -9999.0 -9999.0 -9999.0 -9999.0 -9999.0 -9999.0 -9999.0 -9999.0 -9999.0 -9999.0 -9999.0 -9999.0 -9999.0 -9999.0 -9999.0 -9999.0 -9999.0 -9999.0 -9999.0 -9999.0 -9999.0 -9999.0 -9999.0 -9999.0 -9999.0 -9999.0 -9999.0 -9999.0 -9999.0 -9999.0 -9999.0 -9999.0 -9999.0 -9999.0 -9999.0 -9999.0 -9999.0 -9999.0 -9999.0 -9999.0 -9999.0 -9999.0 -9999.0 -9999.0 -9999.0 -9999.0 -9999.0 -9999.0 -9999.0 -9999.0 -9999.0 -9999.0 -9999.0 -9999.0 -9999.0 -9999.0 -9999.0 -9999.0 -9999.0 -9999.0 -9999.0 -9999.0 -9999.0 -9999.0 -9999.0 -9999.0 -9999.0 -9999.0 -9999.0 -9999.0 -9999.0 -9999.0 -9999.0 -9999.0 -9999.0 -9999.0 -9999.0 -9999.0
-9999.0 -9999.0 -9999.0 -9999.0 -9999.0 -9999.0 -9999.0 -9999.0 -9999.0 -9999.0 -9999.0 -9999.0 -9999.0 -9999.0 -9999.0 -9999.0 -9999.0 -9999.0 -9999.0 -9999.0 -9999.0 -9999.0 -9999.0 -9999.0 -9999.0 -9999.0 -9999.0 -9999.0 -9999.0 -9999.0 -9999.0 -9999.0 -9999.0 -9999.0 -9999.0 -9999.0 -9999.0 -9999.0 -9999.0 -9999.0 -9999.0 -9999.0 -9999.0 -9999.0 -9999.0 -9999.0 -9999.0 -9999.0 -9999.0 -9999.0 -9999.0 -9999.0 -9999.0 -9999.0 -9999.0 -9999.0 -9999.0 -9999.0 -9999.0 -9999.0 -9999.0 -9999.0 -9999.0 -9999.0 -9999.0 -9999.0 -9999.0 -9999.0 -9999.0 -9999.0 -9999.0 -9999.0 -9999.0 -9999.0 -9999.0 -9999.0 -9999.0 -9999.0 -9999.0 -9999.0