Borden_/Borden1m_014/output_maps/psiliqL0025N0018.asc
ncols         80
nrows         18
xllcorner     620200.000000
yllcorner     5168000.000000
cellsize      1.000000
NODATA_value  -9999.0
-9999.0 -9999.0 -9999.0 -9999.0 -9999.0 -9999.0 -9999.0 -9999.0 -9999.0 -9999.0 -9999.0 -9999.0 -9999.0 -9999.0 -9999.0 -9999.0 -9999.0 -9999.0 -9999.0 -9999.0 -9999.0 -9999.0 -9999.0 -9999.0 -9999.0 -9999.0 -9999.0 -9999.0 -9999.0 -9999.0 -9999.0 -9999.0 -9999.0 -9999.0 -9999.0 -9999.0 -9999.0 -9999.0 -9999.0 -9999.0 -9999.0 -9999.0 -9999.0 -9999.0 -9999.0 -9999.0 -9999.0 -9999.0 -9999.0 -9999.0 -9999.0 -9999.0 -9999.0 -9999.0 -9999.0 -9999.0 -9999.0 -9999.0 -9999.0 -9999.0 -9999.0 -9999.0 -9999.0 -9999.0 -9999.0 -9999.0 -9999.0 -9999.0 -9999.0 -9999.0 -9999.0 -9999.0 -9999.0 -9999.0 -9999.0 -9999.0 -9999.0 -9999.0 -9999.0 -9999.0
-9999.0 -9999.0 -9999.0 -9999.0 -9999.0 -9999.0 -9999.0 -9999.0 -9999.0 -9999.0 -9999.0 -9999.0 -9999.0 -9999.0 -9999.0 -9999.0 -9999.0 -9999.0 -9999.0 -9999.0 -9999.0 -9999.0 -9999.0 -9999.0 -9999.0 -9999.0 -9999.0 -9999.0 -9999.0 -9999.0 -9999.0 -9999.0 -9999.0 -9999.0 -9999.0 -9999.0 -9999.0 -9999.0 -9999.0 -9999.0 -9999.0 -9999.0 -9999.0 -9999.0 -9999.0 -9999.0 -9999.0 -9999.0 -9999.0 -9999.0 -9999.0 -9999.0 -9999.0 -9999.0 -9999.0 -9999.0 -9999.0 -9999.0 -9999.0 -9999.0 -9999.0 -9999.0 -9999.0 -9999.0 -9999.0 -9999.0 -9999.0 -9999.0 -9999.0 -9999.0 -9999.0 -9999.0 -9999.0 -9999.0 -9999.0 -9999.0 -9999.0 -9999.0 -9999.0 -9999.0
-9999.0 -9999.0 -9999.0 -9999.0 -9999.0 -9999.0 -9999.0 -9999.0 -9999.0 -9999.0 -9999.0 -9999.0 -9999.0 -9999.0 -9999.0 -9999.0 -9999.0 -9999.0 -9999.0 -9999.0 3125.545204 3126.549327 3104.708393 3070.456147 3042.010681 3043.583325 3076.285533 3116.561954 3154.926957 3162.134995 3142.826971 3146.229534 3141.496742 3136.948241 3137.052437 3144.491072 3150.760467 3160.367935 3167.216878 3164.861783 3157.452862 3152.314935 3154.614161 3156.256999 3162.451569 3148.331515 3164.238683 3179.737433 3184.662190 3182.038181 3159.111709 3147.267709 3139.585907 3124.392519 3151.133228 3163.123128 3186.410733 3191.322685 3189.693570 3163.585283 3133.739099 -9999.0 -9999.0 -9999.0 -9999.0 -9999.0 -9999.0 -9999.0 -9999.0 -9999.0 -9999.0 -9999.0 -9999.0 -9999.0 -9999.0 -9999.0 -9999.0 -9999.0 -9999.0 -9999.0
-9999.0 -9999.0 -9999.0 -9999.0 -9999.0 -9999.0 -9999.0 -9999.0 -9999.0 -9999.0 -9999.0 -9999.0 -9999.0 -9999.0 3035.808906 3026.826283 3023.682779 3030.710711 3062.889953 3092.815875 3104.387244 3096.676713 3096.204319 3071.207035 3048.119760 3060.348447 3089.214741 3119.127006 3151.938783 3168.894094 3157.416273 3154.446922 3161.160561 3179.869809 3187.767946 3183.937939 3166.873401 3189.979173 3203.041261 3207.394890 3205.241824 3195.309767 3204.128169 3218.088112 3211.033789 3195.821561 3206.600363 3221.601835 3232.718960 3224.654149 3167.676002 3155.750055 3153.115763 3149.533925 3137.047134 3133.594118 3162.245587 3162.386985 3155.624296 3138.889495 3106.089989 3061.253028 3042.868185 3083.849381 3127.986410 3184.510620 -9999.0 -9999.0 -9999.0 -9999.0 -9999.0 -9999.0 -9999.0 -9999.0 -9999.0 -9999.0 -9999.0 -9999.0 -9999.0 -9999.0
-9999.0 -9999.0 -9999.0 -9999.0 -9999.0 -9999.0 -9999.0 -9999.0 -9999.0 2981.345878 2984.492664 2991.137095 2993.200855 3007.986161 3004.525425 3011.036852 3014.749729 3041.383244 3070.347517 3103.321152 3129.808645 3120.048591 3118.278724 3121.949856 3116.302205 3123.695369 3143.421543 3178.829909 3209.759447 3244.585973 3210.858985 3205.676458 3222.812756 3263.895280 3287.016510 3288.902094 3270.152596 3286.206131 3309.459016 3325.106133 3321.460799 3315.434114 3341.091637 3356.103819 3350.360781 3329.096396 3327.523819 3334.925117 3364.194076 3314.065203 3248.939179 3210.779747 3226.741415 3205.953521 3180.201881 3170.145631 3171.306728 3191.847228 3180.656309 3147.820314 3115.094416 3104.096649 3087.948257 3109.411871 3133.271168 3179.986001 3220.254193 3250.424749 3250.308672 3233.345802 -9999.0 -9999.0 -9999.0 -9999.0 -9999.0 -9999.0 -9999.0 -9999.0 -9999.0 -9999.0
-9999.0 -9999.0 -9999.0 -9999.0 -9999.0 -9999.0 2902.751415 2913.159847 2933.801679 2936.438209 2962.679570 2967.779012 2982.618398 2999.273174 3020.330175 3032.602241 3057.040282 3086.213918 3121.547199 3158.529799 3184.788573 3173.449805 3177.626870 3196.759438 3223.250622 3241.891317 3263.847049 3300.853740 3372.295810 3408.182426 3401.047793 3401.725656 3409.800462 3459.766116 3523.446555 3534.434384 3513.833440 3500.690102 3523.978544 3561.106943 3559.392055 3558.199453 3571.030214 3581.717105 3608.468909 3597.798986 3561.991411 3556.395432 3562.808058 3540.672257 3472.619287 3415.723809 3396.885678 3350.919769 3268.663616 3226.089906 3249.570357 3277.605741 3256.372553 3207.612659 3176.335765 3171.467359 3161.052605 3154.661399 3167.587805 3190.727291 3215.298168 3229.632756 3218.270295 3197.907348 3176.687467 3148.813672 3151.661643 3176.813058 -9999.0 -9999.0 -9999.0 -9999.0 -9999.0 -9999.0
-9999.0 -9999.0 -9999.0 -9999.0 2853.277205 2866.036670 2851.250783 2877.152328 2908.904876 2942.199502 2969.458773 2996.403826 3018.770995 3044.664540 3077.136916 3098.753149 3130.201505 3158.995024 3204.723564 3265.164651 3308.813646 3321.926028 3329.977700 3380.466440 3436.303205 3483.102611 3501.527112 3527.068694 3572.221838 3628.403055 3650.619223 3653.457332 3670.331572 3713.083285 3768.772063 3803.708343 3786.153442 3777.224089 3787.068485 3801.154671 3823.289733 3823.365110 3824.476658 3828.499749 3835.999708 3834.341997 3807.998768 3774.697158 3761.800987 3751.820442 3714.377252 3642.743762 3612.420249 3583.862195 3542.209054 3488.607312 3440.955551 3441.783126 3387.782817 3333.568461 3283.916503 3276.075949 3256.145513 3240.599807 3223.473696 3235.952012 3248.142445 3233.491084 3204.081362 3175.351491 3162.680011 3145.423030 3134.473078 3165.821025 3183.821602 3213.516414 -9999.0 -9999.0 -9999.0 -9999.0
-9999.0 -9999.0 2794.514391 2839.803580 2896.540620 2902.459132 2895.851893 2898.454610 2924.458010 2973.267866 3030.100143 3066.437830 3094.724969 3123.926718 3173.032312 3234.622847 3293.892473 3335.669121 3392.729590 3461.287744 3519.914907 3546.570473 3555.392012 3590.637162 3644.880715 3713.303761 3741.077598 3767.338825 3798.830882 3834.931583 3827.813808 3838.649886 3850.850966 3863.086308 3877.565987 3884.434433 3879.652001 3875.068556 3856.557153 3851.464864 3857.966494 3865.818450 3864.945790 3850.339396 3846.372486 3861.298541 3867.415128 3865.411402 3862.720942 3867.726367 3863.640202 3815.823308 3797.271675 3782.201669 3770.767270 3724.868516 3658.535232 3626.054645 3604.928123 3564.354720 3491.366332 3453.822320 3414.647330 3380.099230 3342.849145 3329.626464 3297.388682 3265.556365 3227.180232 3186.774135 3168.184740 3154.094737 3153.962910 3154.890858 3172.796008 3188.599380 3204.644370 3212.759147 -9999.0 -9999.0
-9999.0 2694.392620 2766.236040 2877.361103 2954.509778 2988.126137 2996.698541 2999.616229 3023.528920 3053.871572 3139.834467 3189.689685 3271.637648 3307.855578 3347.970271 3437.272968 3530.552325 3573.319369 3611.645044 3674.414229 3739.426786 3786.175437 3812.328749 3792.971757 3831.945076 3860.481457 3868.211069 3874.941423 3874.674578 3866.189883 3859.585423 3866.295201 3863.378860 3844.289748 3828.301623 3826.583048 3823.200855 3799.964660 3772.502217 3757.130354 3758.616484 3783.478028 3770.425654 3749.090729 3744.690885 3766.289476 3787.500992 3776.865428 3763.749793 3780.296834 3814.771818 3839.384223 3841.010381 3859.408086 3880.491628 3851.661852 3829.961476 3786.402791 3769.593234 3744.264677 3687.730085 3633.008984 3585.155003 3536.821239 3484.626593 3435.701319 3388.342947 3341.450996 3288.467854 3255.976006 3231.879399 3189.259587 3176.721989 3183.227700 3178.510897 3177.192103 3183.956386 3190.608909 -9999.0 -9999.0
-9999.0 2599.140001 2738.990330 2905.312929 3044.657361 3084.424138 3146.519305 3201.029737 3214.026767 3160.270146 3259.163463 3474.249139 3593.485091 3610.183796 3684.694339 3778.524061 3763.110446 3794.088220 3816.921369 3841.453829 3861.200310 3875.062610 3873.223391 3867.927393 3851.517908 3843.531346 3842.672630 3840.591521 3823.284047 3804.410109 3787.668851 3784.605525 3766.836521 3717.941123 3684.947677 3667.725760 3649.226719 3635.678975 3608.325464 3582.501725 3566.292767 3577.088891 3574.990568 3561.315778 3556.891808 3575.142583 3605.968775 3603.704924 3614.990749 3634.481854 3669.855843 3707.693287 3726.859700 3755.791991 3791.253983 3838.763553 3847.873768 3870.210812 3873.258299 3862.302972 3816.132323 3764.906285 3735.665820 3680.620299 3621.173065 3559.594268 3511.034498 3466.572303 3411.735970 3377.786808 3338.747721 3285.528817 3242.587296 3234.658921 3201.423130 3188.306710 -9999.0 -9999.0 -9999.0 -9999.0
-9999.0 2498.477635 2678.940601 2906.111565 3194.086040 3265.879432 3465.012170 3577.986536 3616.498550 3682.796308 3569.662800 3770.638836 3821.701739 3816.254556 3830.374858 3833.301593 3847.384868 3846.842760 3841.773810 3830.831212 3821.343886 3816.849809 3815.758862 3807.864994 3795.284820 3780.718294 3768.878699 3757.563728 3721.178135 3689.467380 3650.787831 3638.469688 3594.696405 3503.503685 3464.966573 3427.036128 3367.043792 3369.355154 3376.249985 3352.489444 3333.155471 3305.700747 3334.735948 3344.987384 3348.969807 3344.860025 3354.752993 3382.568461 3429.635835 3463.565557 3502.197457 3549.728231 3579.828345 3618.717876 3658.456816 3710.479060 3741.342216 3770.055811 3818.507443 3855.404625 3878.032656 3864.258353 3845.301747 3801.127221 3741.164874 3692.025461 3663.358320 3613.307422 3570.034602 3526.622641 3480.400963 3427.891511 3366.771155 3313.309832 3279.509018 -9999.0 -9999.0 -9999.0 -9999.0 -9999.0
-9999.0 2278.371519 2542.828129 2796.103158 3067.900717 3405.981083 3572.398886 3667.056921 3729.478355 3710.307055 3731.675079 3738.498100 3775.336838 3782.284157 3760.833807 3747.253522 3730.007968 3728.919346 3741.949470 3714.800138 3684.800570 3671.596314 3672.470167 3661.775190 3638.111063 3623.246012 3613.967900 3595.720700 3552.875964 3503.267193 3420.179271 3386.728249 3309.259257 3270.343858 3234.235861 3187.992686 3144.701035 3150.366945 3174.138061 3165.852808 3145.407901 3128.595672 3157.792599 3177.570336 3190.611193 3174.623666 3181.179576 3215.175536 3261.141198 3300.985850 3344.320644 3391.670284 3432.915566 3471.884476 3492.933735 3532.358830 3574.090186 3615.318269 3684.935794 3762.546913 3797.976360 3832.274710 3861.490193 3883.233989 3840.582840 3814.014463 3790.548814 3767.408164 3721.577231 3676.424833 3635.905064 3571.880401 3512.386889 -9999.0 -9999.0 -9999.0 -9999.0 -9999.0 -9999.0 -9999.0
-9999.0 2165.408450 2360.682455 2555.229257 2787.552590 3011.676070 3228.886900 3318.964171 3388.348454 3456.337099 3508.328301 3545.269268 3571.002187 3592.321978 3569.679506 3524.237468 3492.345047 3497.243008 3488.728122 3467.719995 3440.216223 3427.437151 3425.013103 3420.356352 3399.293844 3389.148952 3382.542127 3364.872505 3339.690353 3287.753346 3217.030545 3145.980987 3093.002138 3073.754973 3051.680359 3025.370670 2998.977226 3012.622182 3025.639714 3025.836682 3019.458359 3019.728268 3048.771681 3068.518847 3077.949608 3066.952577 3084.945518 3107.873450 3144.487684 3182.653384 3226.701959 3276.118208 3323.865620 3343.701040 3345.797075 3357.378202 3384.725550 3427.649137 3503.497575 3588.921618 3665.531455 3710.536622 3760.942163 3800.542434 3828.252434 3853.861298 3875.674758 3868.291495 3842.720554 3809.611182 3751.425132 -9999.0 -9999.0 -9999.0 -9999.0 -9999.0 -9999.0 -9999.0 -9999.0 -9999.0
-9999.0 -9999.0 2134.885269 2289.423707 2390.029535 2555.010136 2701.261253 2812.804882 2870.351270 3000.799593 3120.635517 3211.676306 3257.277939 3272.673940 3258.740644 3230.160687 3212.834995 3212.512611 3201.040478 3194.730823 3180.451741 3175.393696 3164.851958 3157.864494 3154.026837 3153.744718 3152.005869 3144.509903 3128.480362 3087.971567 3051.656412 3008.211983 2969.002480 2947.902197 2930.240630 2913.670752 2918.054370 2913.678294 2919.593012 2922.826754 2932.648252 2946.965369 2966.418148 2985.022903 2994.577379 3004.528690 3015.189837 3036.496675 3066.048608 3105.606342 3156.318461 3209.961728 3245.191218 3251.571081 3233.338218 3228.133954 3236.084843 3264.665906 3327.648949 3396.229441 3484.981587 3549.830932 3616.370616 3671.873634 3698.267050 3734.639293 3804.247305 3852.228509 3893.924537 3871.565409 -9999.0 -9999.0 -9999.0 -9999.0 -9999.0 -9999.0 -9999.0 -9999.0 -9999.0 -9999.0
-9999.0 -9999.0 -9999.0 -9999.0 2151.601234 2299.852169 2398.542310 2479.935283 2615.544686 2748.394519 2808.416159 2894.473345 2962.699575 2979.705903 2980.094747 2996.325530 2995.304716 2986.359585 2975.710226 2980.614859 2985.634349 2979.904583 2971.918344 2966.237918 2970.785685 2979.538737 2978.910867 2967.431404 2950.969383 2937.975614 2926.268602 2897.040388 2866.303130 2840.451822 2829.876543 2827.963210 2829.103983 2822.096197 2831.118772 2840.422125 2856.683532 2872.002705 2895.554569 2925.128387 2939.751036 2954.306770 2962.725283 2980.996338 3005.806719 3056.816049 3117.967857 3173.850958 3206.830192 3206.814074 3178.179994 3156.199342 3143.549065 3160.730606 3189.237790 3239.801286 3328.489374 3390.130173 3435.400935 3474.132711 3510.324522 3574.896499 3668.581626 3749.383112 -9999.0 -9999.0 -9999.0 -9999.0 -9999.0 -9999.0 -9999.0 -9999.0 -9999.0 -9999.0 -9999.0 -9999.0
-9999.0 -9999.0 -9999.0 -9999.0 -9999.0 -9999.0 2129.624499 2236.275367 2305.364952 2460.028541 2607.111238 2717.320204 2803.162762 2840.826221 2821.330253 2851.409447 2851.956426 2831.781940 2810.061141 2831.929211 2851.230793 2845.090330 2813.186287 2815.279198 2823.210481 2832.267684 2831.197556 2826.989680 2804.381640 2823.042939 2829.481391 2809.027682 2785.967797 2803.272938 2791.475063 2800.855469 2800.418410 2785.513897 2784.090386 2792.091206 2813.384068 2826.407468 2847.466914 2880.640110 2913.033689 2928.531246 2929.163995 2933.530583 2969.829423 3034.413026 3104.784961 3159.218952 3189.390067 3193.747006 3162.959893 3117.882228 3091.432158 3089.993615 3113.907855 3152.878910 3212.997537 3248.840167 3259.715630 3260.616074 3272.609243 3371.406942 -9999.0 -9999.0 -9999.0 -9999.0 -9999.0 -9999.0 -9999.0 -9999.0 -9999.0 -9999.0 -9999.0 -9999.0 -9999.0 -9999.0
-9999.0 -9999.0 -9999.0 -9999.0 -9999.0 -9999.0 -9999.0 -9999.0 -9999.0 -9999.0 -9999.0 -9999.0 -9999.0 -9999.0 -9999.0 -9999.0 -9999.0 -9999.0 -9999.0 -9999.0 -9999.0 -9999.0 -9999.0 -9999.0 -9999.0 -9999.0 -9999.0 -9999.0 -9999.0 -9999.0 -9999.0 -9999.0 -9999.0 -9999.0 -9999.0 -9999.0 -9999.0 -9999.0 -9999.0 -9999.0 -9999.0 -9999.0 -9999.0 -9999.0 -9999.0 -9999.0 -9999.0 -9999.0 -9999.0 -9999.0 -9999.0 -9999.0 -9999.0 -9999.0 -9999.0 -9999.0 -9999.0 -9999.0 -9999.0 -9999.0 -9999.0 -9999.0 -9999.0 -9999.0 -9999.0 -9999.0 -9999.0 -9999.0 -9999.0 -9999.0 -9999.0 -9999.0 -9999.0 -9999.0 -9999.0 -9999.0 -9999.0 -9999.0 -9999.0 -9999.0
-9999.0 -9999.0 -9999.0 -9999.0 -9999.0 -9999.0 -9999.0 -9999.0 -9999.0 -9999.0 -9999.0 -9999.0 -9999.0 -9999.0 -9999.0 -9999.0 -9999.0 -9999.0 -9999.0 -9999.0 -9999.0 -9999.0 -9999.0 -9999.0 -9999.0 -9999.0 -9999.0 -9999.0 -9999.0 -9999.0 -9999.0 -9999.0 -9999.0 -9999.0 -9999.0 -9999.0 -9999.0 -9999.0 -9999.0 -9999.0 -9999.0 -9999.0 -9999.0 -9999.0 -9999.0 -9999.0 -9999.0 -9999.0 -9999.0 -9999.0 -9999.0 -9999.0 -9999.0 -9999.0 -9999.0 -9999.0 -9999.0 -9999.0 -9999.0 -9999.0 -9999.0 -9999.0 -9999.0 -9999.0 -9999.0 -9999.0 -9999.0 -9999.0 -9999.0 -9999.0 -9999.0 -9999.0 -9999.0 -9999.0 -9999.0 -9999.0 -9999.0 -9999.0 -9999.0 -9999.0