Borden_/Borden1m_014/output_maps/psiliqL0009N0005.asc
ncols         80
nrows         18
xllcorner     620200.000000
yllcorner     5168000.000000
cellsize      1.000000
NODATA_value  -9999.0
-9999.0 -9999.0 -9999.0 -9999.0 -9999.0 -9999.0 -9999.0 -9999.0 -9999.0 -9999.0 -9999.0 -9999.0 -9999.0 -9999.0 -9999.0 -9999.0 -9999.0 -9999.0 -9999.0 -9999.0 -9999.0 -9999.0 -9999.0 -9999.0 -9999.0 -9999.0 -9999.0 -9999.0 -9999.0 -9999.0 -9999.0 -9999.0 -9999.0 -9999.0 -9999.0 -9999.0 -9999.0 -9999.0 -9999.0 -9999.0 -9999.0 -9999.0 -9999.0 -9999.0 -9999.0 -9999.0 -9999.0 -9999.0 -9999.0 -9999.0 -9999.0 -9999.0 -9999.0 -9999.0 -9999.0 -9999.0 -9999.0 -9999.0 -9999.0 -9999.0 -9999.0 -9999.0 -9999.0 -9999.0 -9999.0 -9999.0 -9999.0 -9999.0 -9999.0 -9999.0 -9999.0 -9999.0 -9999.0 -9999.0 -9999.0 -9999.0 -9999.0 -9999.0 -9999.0 -9999.0
-9999.0 -9999.0 -9999.0 -9999.0 -9999.0 -9999.0 -9999.0 -9999.0 -9999.0 -9999.0 -9999.0 -9999.0 -9999.0 -9999.0 -9999.0 -9999.0 -9999.0 -9999.0 -9999.0 -9999.0 -9999.0 -9999.0 -9999.0 -9999.0 -9999.0 -9999.0 -9999.0 -9999.0 -9999.0 -9999.0 -9999.0 -9999.0 -9999.0 -9999.0 -9999.0 -9999.0 -9999.0 -9999.0 -9999.0 -9999.0 -9999.0 -9999.0 -9999.0 -9999.0 -9999.0 -9999.0 -9999.0 -9999.0 -9999.0 -9999.0 -9999.0 -9999.0 -9999.0 -9999.0 -9999.0 -9999.0 -9999.0 -9999.0 -9999.0 -9999.0 -9999.0 -9999.0 -9999.0 -9999.0 -9999.0 -9999.0 -9999.0 -9999.0 -9999.0 -9999.0 -9999.0 -9999.0 -9999.0 -9999.0 -9999.0 -9999.0 -9999.0 -9999.0 -9999.0 -9999.0
-9999.0 -9999.0 -9999.0 -9999.0 -9999.0 -9999.0 -9999.0 -9999.0 -9999.0 -9999.0 -9999.0 -9999.0 -9999.0 -9999.0 -9999.0 -9999.0 -9999.0 -9999.0 -9999.0 -9999.0 -71.572029 -68.714782 -91.517235 -125.661007 -154.178089 -152.505358 -117.899663 -76.975511 -39.113632 -28.809162 -46.999392 -45.574285 -50.838567 -51.451365 -48.774366 -42.803936 -39.935731 -28.482448 -19.904598 -19.898307 -25.746507 -31.101447 -31.879615 -28.268734 -23.123704 -32.460609 -19.074757 -4.123323 1.741634 -3.365591 -30.425545 -45.986098 -54.011255 -68.429731 -43.631727 -30.957641 -7.769199 -3.266980 -4.376674 -31.264997 -61.279015 -9999.0 -9999.0 -9999.0 -9999.0 -9999.0 -9999.0 -9999.0 -9999.0 -9999.0 -9999.0 -9999.0 -9999.0 -9999.0 -9999.0 -9999.0 -9999.0 -9999.0 -9999.0 -9999.0
-9999.0 -9999.0 -9999.0 -9999.0 -9999.0 -9999.0 -9999.0 -9999.0 -9999.0 -9999.0 -9999.0 -9999.0 -9999.0 -9999.0 -161.059100 -171.333553 -174.634237 -166.515154 -133.194093 -103.514778 -91.050619 -98.833740 -99.115845 -122.979629 -143.559030 -129.824287 -100.718063 -69.435224 -35.206991 -14.817586 -27.404995 -30.249568 -20.138688 6.639766 20.654785 17.833607 -3.143004 19.586441 36.292134 47.095371 47.415988 39.573065 54.273383 70.599050 63.844275 46.122718 49.048133 59.088438 71.928025 56.998363 -7.232858 -27.616699 -30.474652 -36.700260 -49.899365 -56.250503 -31.050223 -29.920046 -37.852936 -55.540635 -87.670211 -131.640036 -149.267311 -110.460926 -65.762605 -7.615584 -9999.0 -9999.0 -9999.0 -9999.0 -9999.0 -9999.0 -9999.0 -9999.0 -9999.0 -9999.0 -9999.0 -9999.0 -9999.0 -9999.0
-9999.0 -9999.0 -9999.0 -9999.0 -9999.0 -9999.0 -9999.0 -9999.0 -9999.0 -217.128746 -213.611754 -206.827922 -205.357221 -190.122384 -192.212915 -185.660281 -178.358100 -152.699747 -122.201859 -87.560198 -59.017339 -69.195255 -69.107169 -57.543298 -51.565630 -39.043111 -18.128483 22.588027 65.041021 106.840731 78.423616 76.088625 95.174828 144.798952 183.301763 193.310947 173.819575 178.459673 207.584371 242.797045 247.936807 248.429205 273.366228 286.611323 290.888634 271.394771 251.754874 240.172763 259.265055 206.749245 140.671886 86.871288 89.042581 58.158394 16.822486 -5.945229 -9.091904 12.878853 -2.003219 -39.265019 -75.623852 -85.057965 -101.389194 -84.491638 -61.378630 -13.999120 24.843949 53.864510 54.480864 37.499091 -9999.0 -9999.0 -9999.0 -9999.0 -9999.0 -9999.0 -9999.0 -9999.0 -9999.0 -9999.0
-9999.0 -9999.0 -9999.0 -9999.0 -9999.0 -9999.0 -295.333210 -286.755427 -267.345714 -262.250063 -238.195787 -231.193971 -211.213832 -192.470887 -172.438071 -156.215769 -126.102041 -94.062588 -53.028282 -9.461156 22.522450 18.344176 29.285949 62.978979 105.804984 138.361250 163.988721 206.715745 292.327790 337.958221 349.684297 354.439533 364.112330 416.109657 495.323669 523.279329 492.414666 473.181540 511.610853 618.667319 647.771160 653.580719 660.841267 666.614538 686.908236 678.318706 631.948091 560.895466 529.559657 505.145914 434.225551 365.441998 327.825143 278.717830 190.276040 124.966204 122.930720 138.592465 107.818388 53.371443 10.536171 -0.224421 -14.795394 -28.443360 -22.310054 -2.270000 21.584958 33.646453 21.849258 1.818437 -20.732361 -49.062705 -47.009375 -21.374868 -9999.0 -9999.0 -9999.0 -9999.0 -9999.0 -9999.0
-9999.0 -9999.0 -9999.0 -9999.0 -344.599823 -332.605221 -344.802483 -321.679311 -290.255119 -257.514484 -225.848501 -189.320754 -163.002898 -134.022706 -93.234660 -56.238827 -12.879359 22.486371 77.366902 146.749860 200.336256 230.877383 255.104122 317.733031 381.272692 438.968079 466.366104 514.731920 620.369496 687.834943 709.786707 713.039827 724.660066 748.580755 784.477628 811.474743 795.892408 791.614728 803.295948 829.604585 856.357386 859.107780 860.677859 860.957618 862.567496 862.754913 842.503010 803.840627 786.606029 776.838306 755.459690 704.115685 675.445061 645.184145 570.528191 473.377867 387.281803 364.323495 306.505314 242.653841 170.443901 142.889640 109.504154 83.186873 53.421656 54.997555 58.916212 40.177127 10.414501 -20.688042 -34.964059 -53.044494 -62.794376 -32.479997 -14.442442 16.724323 -9999.0 -9999.0 -9999.0 -9999.0
-9999.0 -9999.0 -401.899120 -352.638808 -297.396755 -289.643226 -288.624576 -284.498275 -258.156288 -208.014987 -130.708312 -78.414649 -33.655549 -2.989655 55.817172 139.703681 219.392658 274.307940 333.807782 404.517487 477.469412 539.716667 617.815137 664.286982 706.078035 750.961230 770.649552 796.037416 833.437070 860.720735 874.959151 887.356122 891.489226 888.031986 888.056865 887.079313 885.305835 884.140687 872.766011 874.779616 881.749770 885.874503 888.230034 874.015610 870.452643 884.446522 888.341548 887.999411 888.197376 894.178247 900.050413 870.633221 836.628777 825.288401 808.190260 763.551273 713.606714 682.073093 657.206494 566.021888 444.637646 376.231105 312.810726 256.267344 202.424363 169.604395 124.332232 85.031859 41.312301 -2.599982 -24.966933 -42.481091 -43.948818 -42.691063 -26.020672 -9.932191 5.863737 13.876432 -9999.0 -9999.0
-9999.0 -500.724757 -428.601544 -302.041833 -224.059289 -180.508836 -142.840387 -115.282588 -90.702318 -74.209508 34.105594 144.198004 237.104894 267.765693 317.001719 420.837189 560.610927 644.409589 681.006253 721.656717 767.102707 808.562356 842.618444 865.276440 892.255095 894.189226 893.323302 895.223396 891.896288 886.049628 877.852301 883.342949 879.903994 863.099192 850.978238 850.598712 849.753374 835.514579 817.737904 806.588242 801.545662 824.765005 812.404565 782.382662 779.806088 812.200239 832.880822 828.213762 818.338643 829.230009 851.500844 863.930075 876.530868 891.342325 908.073841 883.143516 860.058342 832.988339 818.808190 785.828594 732.530706 672.722397 574.815218 470.972120 389.886950 307.846478 245.376677 188.808825 125.451073 87.430032 57.628073 7.021341 -14.740083 -11.918166 -20.148410 -22.023011 -14.958148 -8.305590 -9999.0 -9999.0
-9999.0 -573.174586 -430.542456 -245.973112 -100.713236 -41.173379 74.461983 165.840462 194.165436 171.260222 284.045008 575.194504 672.445900 681.696276 731.363606 793.049718 825.964708 860.996249 881.450667 881.141467 881.071894 887.682498 887.355382 882.654536 873.303187 869.325277 870.136416 868.971840 855.495255 842.292158 830.355314 827.913396 809.388438 758.865989 727.825541 715.784068 708.989648 697.293323 672.500843 643.974445 595.941203 643.687955 624.746228 545.373334 540.179587 628.694624 676.748384 675.301972 678.742147 692.266451 719.176357 747.265176 769.406522 805.608686 834.375571 864.313396 879.084825 901.706254 906.627246 884.166492 852.382269 813.672047 780.397877 724.132987 648.644222 505.038635 425.325117 361.319079 286.238764 236.809963 187.401531 127.709086 71.414169 47.487354 9.761782 -10.011449 -9999.0 -9999.0 -9999.0 -9999.0
-9999.0 -640.168301 -449.929389 -186.657841 71.178281 194.131209 412.095971 607.403513 668.959876 721.177647 733.405919 843.867856 871.507490 862.918748 848.555341 842.645428 851.047850 854.471903 852.696378 847.894089 844.898487 845.296323 846.879339 844.133134 838.652094 830.332531 821.468898 808.148514 763.628094 733.133084 706.058066 692.928615 644.665510 477.742790 412.952128 376.526122 325.011068 319.481300 309.724174 278.845521 254.837663 242.647962 258.043380 249.262541 250.097142 267.528472 292.066517 312.024646 351.912590 385.769481 430.100011 489.199390 548.885900 653.322003 705.094154 750.772322 782.436740 818.500254 854.989797 884.979588 906.165675 898.405426 873.667269 844.445128 793.460297 734.667977 698.617590 629.773713 509.515989 430.477809 366.863541 289.641359 217.438423 135.372853 96.159485 -9999.0 -9999.0 -9999.0 -9999.0 -9999.0
-9999.0 -797.009085 -530.113496 -236.416289 89.927859 416.286716 568.083296 713.780061 774.294781 734.326633 733.209455 759.674624 807.777333 816.246776 794.295276 769.124467 752.112238 749.726896 761.605090 743.093247 724.033341 717.410276 720.254290 713.921214 699.259911 688.304127 676.814864 641.634522 520.901032 446.409901 360.933848 335.388944 260.410241 185.846280 136.525210 88.435034 38.372650 37.190721 52.902031 36.286883 13.507255 -5.002142 19.775184 34.248810 45.236047 36.664605 46.222238 80.430474 127.438186 167.906853 214.485189 266.571144 314.245332 374.348063 414.873927 479.075309 562.273814 662.709341 736.726925 812.086865 839.876064 864.639334 895.563301 914.257044 876.269379 843.523121 816.217613 780.028686 712.513748 673.145626 623.155035 471.413510 373.654173 -9999.0 -9999.0 -9999.0 -9999.0 -9999.0 -9999.0 -9999.0
-9999.0 -930.153410 -699.906479 -455.098834 -160.026547 70.455670 241.647599 349.338054 428.487781 442.429742 473.239211 528.955213 623.653916 656.063606 617.300285 504.785407 452.588001 451.431698 448.629825 421.167372 390.731285 376.300489 376.326324 370.503590 346.369864 331.669187 319.943060 292.944490 246.013826 188.334102 107.557575 40.912049 -19.743664 -55.718288 -86.180023 -118.984447 -156.918357 -145.963701 -131.351225 -135.872834 -148.179712 -152.632359 -123.266744 -105.125526 -95.234950 -108.391548 -90.117393 -63.681490 -22.785361 17.374544 62.776898 114.073239 164.662242 194.343373 209.905455 239.654223 286.478823 354.422049 462.652499 631.378284 712.980627 756.467409 810.834601 841.455904 855.757596 882.044782 875.133767 820.396077 738.227632 757.030407 755.741689 -9999.0 -9999.0 -9999.0 -9999.0 -9999.0 -9999.0 -9999.0 -9999.0 -9999.0
-9999.0 -9999.0 -936.287062 -747.388333 -590.547165 -409.195397 -263.897638 -162.147106 -89.969168 0.756986 91.933929 169.853049 219.240492 237.655888 215.816762 166.008086 136.391809 135.393417 126.235501 112.978126 90.161737 82.077995 73.569403 66.718246 54.705759 48.091230 42.839320 31.293987 7.811837 -38.936668 -91.013498 -142.452002 -196.085949 -220.732573 -242.343620 -264.650608 -267.690315 -269.278323 -262.284219 -261.000644 -255.577031 -243.846851 -223.203765 -202.026660 -192.821858 -185.947846 -173.758493 -150.675314 -118.335124 -78.314124 -27.160050 26.861959 63.214296 73.768874 63.344406 68.438625 90.118439 134.925394 222.258317 318.846343 419.131738 512.377825 654.282382 717.374578 740.951133 779.124126 812.242499 769.392632 502.608270 703.432579 -9999.0 -9999.0 -9999.0 -9999.0 -9999.0 -9999.0 -9999.0 -9999.0 -9999.0 -9999.0
-9999.0 -9999.0 -9999.0 -9999.0 -890.459943 -734.354941 -641.974395 -561.943034 -444.273151 -338.245561 -247.414610 -172.310789 -119.650050 -96.436413 -108.229776 -114.251774 -122.787005 -126.652495 -135.085779 -139.970481 -144.809305 -152.040487 -162.938668 -170.039326 -170.297758 -166.440591 -168.213996 -180.966238 -196.501879 -222.901239 -246.189342 -280.928575 -317.446223 -346.021324 -358.511339 -364.959129 -364.389123 -369.661921 -360.005608 -353.578506 -338.717089 -323.332040 -299.408625 -271.203637 -258.773947 -244.777776 -235.348935 -214.926103 -185.577449 -133.800585 -72.643031 -17.965667 14.287662 16.217505 -11.422269 -28.927822 -33.803855 -7.345936 37.938049 105.956656 205.977360 280.868239 355.960063 416.045203 475.467116 611.596895 723.839213 765.699283 -9999.0 -9999.0 -9999.0 -9999.0 -9999.0 -9999.0 -9999.0 -9999.0 -9999.0 -9999.0 -9999.0 -9999.0
-9999.0 -9999.0 -9999.0 -9999.0 -9999.0 -9999.0 -946.005776 -851.555399 -765.541652 -645.472417 -534.618229 -445.129277 -372.804217 -348.661012 -331.431199 -309.135101 -313.657453 -330.542655 -346.940056 -330.152427 -320.200547 -324.794225 -351.959722 -353.069304 -349.270583 -339.679638 -340.528720 -346.121389 -370.248013 -361.483598 -362.263460 -384.591678 -409.939765 -423.751201 -434.846003 -424.602096 -423.525796 -435.791201 -433.270816 -407.245619 -387.605430 -374.231251 -351.864417 -318.933829 -287.172366 -273.129048 -272.469149 -266.651511 -225.681250 -156.346510 -87.253091 -35.065933 -5.724753 0.054689 -30.044781 -72.952439 -96.625263 -92.353733 -60.329733 -9.696253 63.423784 110.378494 141.452044 164.335496 195.649950 300.917697 -9999.0 -9999.0 -9999.0 -9999.0 -9999.0 -9999.0 -9999.0 -9999.0 -9999.0 -9999.0 -9999.0 -9999.0 -9999.0 -9999.0
-9999.0 -9999.0 -9999.0 -9999.0 -9999.0 -9999.0 -9999.0 -9999.0 -9999.0 -9999.0 -9999.0 -9999.0 -9999.0 -9999.0 -9999.0 -9999.0 -9999.0 -9999.0 -9999.0 -9999.0 -9999.0 -9999.0 -9999.0 -9999.0 -9999.0 -9999.0 -9999.0 -9999.0 -9999.0 -9999.0 -9999.0 -9999.0 -9999.0 -9999.0 -9999.0 -9999.0 -9999.0 -9999.0 -9999.0 -9999.0 -9999.0 -9999.0 -9999.0 -9999.0 -9999.0 -9999.0 -9999.0 -9999.0 -9999.0 -9999.0 -9999.0 -9999.0 -9999.0 -9999.0 -9999.0 -9999.0 -9999.0 -9999.0 -9999.0 -9999.0 -9999.0 -9999.0 -9999.0 -9999.0 -9999.0 -9999.0 -9999.0 -9999.0 -9999.0 -9999.0 -9999.0 -9999.0 -9999.0 -9999.0 -9999.0 -9999.0 -9999.0 -9999.0 -9999.0 -9999.0
-9999.0 -9999.0 -9999.0 -9999.0 -9999.0 -9999.0 -9999.0 -9999.0 -9999.0 -9999.0 -9999.0 -9999.0 -9999.0 -9999.0 -9999.0 -9999.0 -9999.0 -9999.0 -9999.0 -9999.0 -9999.0 -9999.0 -9999.0 -9999.0 -9999.0 -9999.0 -9999.0 -9999.0 -9999.0 -9999.0 -9999.0 -9999.0 -9999.0 -9999.0 -9999.0 -9999.0 -9999.0 -9999.0 -9999.0 -9999.0 -9999.0 -9999.0 -9999.0 -9999.0 -9999.0 -9999.0 -9999.0 -9999.0 -9999.0 -9999.0 -9999.0 -9999.0 -9999.0 -9999.0 -9999.0 -9999.0 -9999.0 -9999.0 -9999.0 -9999.0 -9999.0 -9999.0 -9999.0 -9999.0 -9999.0 -9999.0 -9999.0 -9999.0 -9999.0 -9999.0 -9999.0 -9999.0 -9999.0 -9999.0 -9999.0 -9999.0 -9999.0 -9999.0 -9999.0 -9999.0