Borden_/Borden1m_014/output_maps/psiliqL0024N0027.asc
ncols         80
nrows         18
xllcorner     620200.000000
yllcorner     5168000.000000
cellsize      1.000000
NODATA_value  -9999.0
-9999.0 -9999.0 -9999.0 -9999.0 -9999.0 -9999.0 -9999.0 -9999.0 -9999.0 -9999.0 -9999.0 -9999.0 -9999.0 -9999.0 -9999.0 -9999.0 -9999.0 -9999.0 -9999.0 -9999.0 -9999.0 -9999.0 -9999.0 -9999.0 -9999.0 -9999.0 -9999.0 -9999.0 -9999.0 -9999.0 -9999.0 -9999.0 -9999.0 -9999.0 -9999.0 -9999.0 -9999.0 -9999.0 -9999.0 -9999.0 -9999.0 -9999.0 -9999.0 -9999.0 -9999.0 -9999.0 -9999.0 -9999.0 -9999.0 -9999.0 -9999.0 -9999.0 -9999.0 -9999.0 -9999.0 -9999.0 -9999.0 -9999.0 -9999.0 -9999.0 -9999.0 -9999.0 -9999.0 -9999.0 -9999.0 -9999.0 -9999.0 -9999.0 -9999.0 -9999.0 -9999.0 -9999.0 -9999.0 -9999.0 -9999.0 -9999.0 -9999.0 -9999.0 -9999.0 -9999.0
-9999.0 -9999.0 -9999.0 -9999.0 -9999.0 -9999.0 -9999.0 -9999.0 -9999.0 -9999.0 -9999.0 -9999.0 -9999.0 -9999.0 -9999.0 -9999.0 -9999.0 -9999.0 -9999.0 -9999.0 -9999.0 -9999.0 -9999.0 -9999.0 -9999.0 -9999.0 -9999.0 -9999.0 -9999.0 -9999.0 -9999.0 -9999.0 -9999.0 -9999.0 -9999.0 -9999.0 -9999.0 -9999.0 -9999.0 -9999.0 -9999.0 -9999.0 -9999.0 -9999.0 -9999.0 -9999.0 -9999.0 -9999.0 -9999.0 -9999.0 -9999.0 -9999.0 -9999.0 -9999.0 -9999.0 -9999.0 -9999.0 -9999.0 -9999.0 -9999.0 -9999.0 -9999.0 -9999.0 -9999.0 -9999.0 -9999.0 -9999.0 -9999.0 -9999.0 -9999.0 -9999.0 -9999.0 -9999.0 -9999.0 -9999.0 -9999.0 -9999.0 -9999.0 -9999.0 -9999.0
-9999.0 -9999.0 -9999.0 -9999.0 -9999.0 -9999.0 -9999.0 -9999.0 -9999.0 -9999.0 -9999.0 -9999.0 -9999.0 -9999.0 -9999.0 -9999.0 -9999.0 -9999.0 -9999.0 -9999.0 2931.769174 2933.110128 2911.563578 2877.771151 2849.843065 2851.975165 2885.338814 2926.149219 2964.993459 2972.943929 2954.283724 2958.128873 2953.907075 2949.912764 2950.646392 2958.430339 2965.073707 2974.807099 2981.959977 2979.949190 2972.814381 2967.797752 2969.976754 2971.759060 2977.846153 2963.940649 2979.476202 2982.209074 2987.027225 2984.326397 2972.150156 2959.420401 2950.909545 2934.995578 2960.888175 2972.275751 2987.720950 2992.442546 2990.847825 2970.282269 2940.264604 -9999.0 -9999.0 -9999.0 -9999.0 -9999.0 -9999.0 -9999.0 -9999.0 -9999.0 -9999.0 -9999.0 -9999.0 -9999.0 -9999.0 -9999.0 -9999.0 -9999.0 -9999.0 -9999.0
-9999.0 -9999.0 -9999.0 -9999.0 -9999.0 -9999.0 -9999.0 -9999.0 -9999.0 -9999.0 -9999.0 -9999.0 -9999.0 -9999.0 2840.886466 2832.118549 2829.415377 2837.025430 2869.768704 2900.056863 2911.736518 2904.386237 2904.349324 2879.964413 2857.660703 2870.633457 2900.117967 2930.379978 2963.770328 2981.515245 2970.598779 2968.269165 2975.725686 2983.054466 2991.262923 2987.704073 2984.108412 2993.563928 3006.660155 3011.311131 3009.240282 2999.397956 3008.516244 3022.580946 3015.551653 3000.233385 3010.588616 3025.220023 3036.464495 3028.105446 2983.230899 2970.020379 2966.459200 2961.889018 2948.622665 2944.573327 2972.335905 2971.509114 2963.993620 2946.824515 2913.723020 2868.783666 2849.965619 2890.234420 2933.865077 2985.537818 -9999.0 -9999.0 -9999.0 -9999.0 -9999.0 -9999.0 -9999.0 -9999.0 -9999.0 -9999.0 -9999.0 -9999.0 -9999.0 -9999.0
-9999.0 -9999.0 -9999.0 -9999.0 -9999.0 -9999.0 -9999.0 -9999.0 -9999.0 2798.298703 2788.978434 2795.919250 2798.261485 2813.531753 2810.418377 2817.406383 2821.944669 2849.164811 2878.840479 2912.496867 2939.370389 2930.486272 2929.123115 2933.913136 2929.766472 2938.287074 2958.752725 2982.890586 3014.203094 3049.371390 3016.039346 3011.110927 3028.422227 3069.874849 3093.836423 3096.181635 3077.683889 3092.903174 3116.219147 3132.301257 3128.806182 3123.003029 3148.396428 3163.214158 3158.118337 3137.122923 3134.799742 3141.671452 3170.615747 3120.562842 3055.711399 3016.629873 3031.673346 3010.344486 2983.833912 2984.539102 2984.717359 2994.355115 2982.845179 2958.176498 2924.980505 2913.445485 2896.539307 2916.944530 2940.048133 2980.972701 3021.032899 3051.067744 3050.943942 3033.946004 -9999.0 -9999.0 -9999.0 -9999.0 -9999.0 -9999.0 -9999.0 -9999.0 -9999.0 -9999.0
-9999.0 -9999.0 -9999.0 -9999.0 -9999.0 -9999.0 2716.784030 2728.516791 2751.020609 2755.487358 2783.865449 2791.082209 2789.264354 2806.561994 2828.205711 2841.499710 2867.150675 2897.351525 2933.531185 2971.667973 2988.491958 2989.217883 2982.090767 3001.880316 3029.359773 3048.841253 3070.936258 3107.783874 3176.554925 3212.449876 3206.322045 3207.204075 3215.314904 3265.032960 3328.597836 3339.896880 3319.367142 3306.085011 3328.949321 3365.739686 3364.467797 3363.319201 3375.386347 3385.876621 3412.559597 3402.212380 3366.782896 3360.618257 3366.381300 3345.010415 3277.940445 3220.838578 3201.151944 3158.114503 3076.371863 3033.076698 3055.067782 3082.166453 3060.387147 3011.669218 2990.616336 2984.471865 2972.734365 2964.844304 2976.400338 2991.939275 3016.294436 3030.401035 3018.939246 2998.614908 2980.243017 2951.879273 2954.222633 2979.094964 -9999.0 -9999.0 -9999.0 -9999.0 -9999.0 -9999.0
-9999.0 -9999.0 -9999.0 -9999.0 2664.677466 2678.997055 2666.488793 2694.770767 2729.431699 2765.717930 2795.884631 2804.976031 2828.187929 2855.252620 2888.915622 2912.501329 2945.761380 2975.877532 3010.270398 3071.068410 3115.075343 3129.047425 3137.289039 3185.319765 3241.151971 3288.141160 3306.501335 3331.819057 3375.840060 3431.785230 3454.112881 3457.147040 3473.987761 3515.942784 3570.727372 3605.365527 3587.958857 3579.186114 3588.626021 3602.360819 3624.485955 3624.575257 3625.670960 3629.498268 3636.731417 3635.252655 3609.318061 3576.207091 3563.419804 3553.632665 3517.144743 3446.110747 3415.382615 3387.298192 3347.319248 3294.304021 3245.488610 3245.220053 3191.611086 3140.311699 3090.016525 3081.136405 3060.472397 3044.286552 3026.393846 3038.031495 3049.596583 3034.588592 3005.105626 2980.409765 2966.978439 2948.966733 2937.475446 2968.245542 2984.158116 3013.871081 -9999.0 -9999.0 -9999.0 -9999.0
-9999.0 -9999.0 2602.507313 2649.544146 2708.505801 2717.304755 2714.582216 2721.155321 2751.465191 2804.742932 2841.944079 2879.681860 2910.138107 2940.595868 2979.222313 3041.827781 3101.752274 3143.608060 3197.722560 3265.819386 3324.290207 3351.098548 3360.143967 3394.733517 3448.457737 3515.890883 3543.299409 3569.261664 3600.250653 3635.764604 3630.262854 3641.350842 3653.198712 3664.579658 3678.268633 3684.712879 3680.081290 3675.531673 3657.110511 3652.159311 3658.689164 3666.259627 3665.596745 3651.105333 3647.146579 3661.952808 3667.874547 3666.001737 3663.549187 3668.734389 3665.352871 3618.454313 3598.287590 3583.475193 3572.524151 3527.042663 3461.266264 3428.442424 3407.800694 3368.156172 3295.489672 3257.295746 3217.828699 3182.891044 3147.242994 3132.969171 3099.924433 3067.610569 3028.816699 2988.184033 2973.842281 2958.662168 2957.678724 2957.756899 2975.021016 2988.888998 3004.839112 3012.925392 -9999.0 -9999.0
-9999.0 2492.935165 2564.700441 2688.523580 2768.686969 2795.016912 2806.755529 2812.489416 2837.968749 2869.333454 2957.308107 2999.237705 3081.145149 3116.880402 3157.315739 3243.933476 3336.274598 3378.188394 3415.833451 3477.467777 3541.556658 3587.836747 3613.765929 3596.994520 3635.211643 3662.112192 3669.302384 3675.635698 3674.960005 3666.516522 3659.742994 3666.517140 3663.688796 3644.781054 3628.964967 3627.313096 3623.971951 3600.895468 3573.594161 3558.409865 3560.081149 3584.703792 3571.831384 3550.579605 3546.211666 3567.683363 3588.557465 3578.028404 3565.005672 3581.459337 3615.699551 3639.827009 3642.179720 3660.371716 3681.406787 3652.905261 3630.661448 3587.584036 3570.976534 3545.789341 3489.740504 3435.088193 3387.467901 3339.432485 3287.099645 3237.703849 3190.244792 3144.996933 3091.507907 3058.653192 3034.214011 2991.056566 2981.940030 2983.994298 2981.074024 2979.134070 2984.168526 2990.776394 -9999.0 -9999.0
-9999.0 2399.019067 2538.915462 2719.026630 2852.390845 2894.929922 2961.799695 3010.834462 3024.652359 2985.681384 3071.603875 3282.997863 3399.013376 3414.910440 3488.343826 3580.674937 3567.926646 3598.458840 3620.839588 3643.724243 3662.178309 3675.465559 3673.477573 3668.016042 3651.729987 3643.772069 3642.946902 3640.908756 3623.747474 3605.004880 3588.362623 3585.438792 3567.966931 3519.858553 3487.158532 3470.268800 3452.424833 3438.681014 3411.124504 3385.519838 3370.037516 3381.032775 3378.470933 3364.860627 3360.430192 3378.524025 3409.297583 3406.588717 3417.231010 3436.583640 3471.894692 3509.337417 3528.394936 3557.121781 3592.360104 3639.261547 3648.827410 3671.039772 3674.238594 3662.622060 3616.943032 3566.135361 3537.063917 3482.351540 3422.969446 3361.783443 3313.419594 3269.020866 3214.345406 3180.186803 3142.232344 3088.785758 3045.058721 3035.945987 3002.319285 2988.678750 -9999.0 -9999.0 -9999.0 -9999.0
-9999.0 2300.299806 2481.254445 2724.116261 2999.461972 3073.839483 3270.687658 3382.947324 3421.700612 3487.239321 3381.755468 3576.149219 3625.062122 3619.060805 3631.181100 3633.778344 3647.619558 3647.199533 3642.140817 3631.286190 3621.920228 3617.520032 3616.390129 3608.519875 3595.994344 3581.490994 3569.767613 3558.598343 3522.528667 3491.082832 3453.068368 3440.944029 3398.176379 3307.867026 3269.337239 3232.027048 3173.003614 3174.908513 3180.788771 3159.543795 3140.459110 3113.747415 3142.061837 3151.634169 3155.395197 3151.853857 3162.226168 3186.677781 3232.976042 3266.625100 3305.206984 3352.464511 3381.944592 3420.665418 3460.478762 3512.285725 3542.847760 3571.406477 3619.319391 3656.095374 3678.613365 3665.159705 3645.737982 3602.155182 3542.482126 3493.503279 3465.115086 3415.451108 3372.565143 3329.088351 3282.916177 3230.438948 3170.503597 3115.252099 3080.996410 -9999.0 -9999.0 -9999.0 -9999.0 -9999.0
-9999.0 2083.976045 2348.485489 2618.485337 2886.466164 3216.852162 3377.661070 3473.359038 3535.035857 3513.607940 3532.846844 3540.220861 3576.773875 3583.382917 3561.906541 3548.627902 3531.799162 3530.710878 3543.703788 3516.759562 3487.028441 3473.971894 3474.813388 3464.111507 3440.633492 3425.760329 3416.457063 3398.455460 3356.054010 3306.864528 3224.500031 3192.149713 3118.010850 3077.932025 3041.371036 2995.246775 2964.188864 2968.843204 2980.130195 2982.950856 2962.373440 2945.320740 2974.213866 2982.392498 2995.170145 2979.558375 2986.223800 3020.106674 3066.101742 3105.872263 3149.345801 3194.271448 3235.201844 3274.316925 3295.824675 3335.649758 3376.812340 3417.833722 3487.086067 3563.974848 3598.881957 3632.862043 3662.427527 3684.008235 3641.579869 3614.705788 3591.483125 3568.660640 3523.153411 3478.192904 3437.693796 3374.199996 3314.884589 -9999.0 -9999.0 -9999.0 -9999.0 -9999.0 -9999.0 -9999.0
-9999.0 1969.614053 2166.768564 2364.124109 2620.387838 2834.330869 3041.906189 3132.378436 3199.905490 3263.726380 3313.574657 3349.576834 3375.000659 3396.088177 3373.385068 3328.866606 3297.285788 3302.080143 3294.017978 3272.823840 3245.275205 3232.428675 3230.283436 3225.541429 3204.349510 3194.017233 3187.324493 3172.045576 3146.494075 3094.634346 3023.615171 2965.232468 2911.587943 2890.579533 2867.183041 2839.740697 2812.366913 2825.296571 2837.672142 2837.747527 2830.917441 2830.813811 2859.831468 2878.981271 2888.547032 2877.646462 2895.998020 2919.620968 2957.100432 2986.013625 3030.095796 3079.484031 3127.349381 3147.701049 3150.587312 3163.095942 3188.224433 3231.311120 3307.170594 3391.925822 3467.587347 3512.190514 3562.282996 3601.476485 3628.750391 3655.129765 3676.333885 3668.485693 3643.302396 3610.434452 3552.794240 -9999.0 -9999.0 -9999.0 -9999.0 -9999.0 -9999.0 -9999.0 -9999.0 -9999.0
-9999.0 -9999.0 1939.983360 2096.178733 2199.557658 2364.884376 2509.850404 2619.896129 2723.428859 2825.835150 2944.822202 3022.384886 3067.337559 3082.351724 3068.308360 3039.307007 3021.579268 3021.278844 3009.949358 3003.195890 2988.363304 2983.206111 2987.123885 2979.712017 2974.846288 2973.648617 2971.215270 2963.268745 2946.259189 2904.593088 2866.447975 2822.264701 2809.322474 2785.543724 2765.302277 2746.357435 2748.621087 2742.900569 2747.550531 2749.841735 2758.794322 2772.600000 2792.060792 2792.460151 2801.928796 2811.898876 2822.967051 2844.813594 2874.912575 2914.887093 2966.295463 3012.097169 3047.308573 3054.025069 3036.478100 3031.992955 3040.730064 3070.187587 3134.081492 3200.252840 3288.375969 3352.793794 3418.758564 3473.882160 3500.025742 3536.381489 3605.334042 3653.267034 3694.188771 3671.873887 -9999.0 -9999.0 -9999.0 -9999.0 -9999.0 -9999.0 -9999.0 -9999.0 -9999.0 -9999.0
-9999.0 -9999.0 -9999.0 -9999.0 1956.830554 2105.123561 2202.890700 2283.569036 2417.788568 2548.289392 2656.012679 2744.377602 2814.158120 2800.648244 2800.667791 2815.921503 2814.594550 2805.928464 2795.247058 2799.264782 2803.322733 2797.529794 2826.782208 2819.926868 2822.693458 2829.343569 2826.601408 2812.834923 2793.895302 2777.341555 2762.230140 2730.275381 2697.488809 2669.236513 2656.634972 2652.781240 2652.487328 2644.396249 2652.487046 2661.004075 2676.707848 2691.769496 2715.240669 2744.430782 2759.307572 2774.577357 2784.130549 2803.854727 2812.560609 2863.812786 2925.569934 2981.783623 3008.172328 3008.404525 2989.545314 2969.049935 2958.301862 2977.557738 2993.960913 3045.342691 3134.304893 3193.166285 3238.912515 3278.060281 3314.231130 3377.807012 3470.514811 3550.797850 -9999.0 -9999.0 -9999.0 -9999.0 -9999.0 -9999.0 -9999.0 -9999.0 -9999.0 -9999.0 -9999.0 -9999.0
-9999.0 -9999.0 -9999.0 -9999.0 -9999.0 -9999.0 1931.414305 2037.007106 2106.717123 2258.713670 2403.289586 2511.822738 2596.540245 2633.164830 2667.751406 2698.888826 2699.885803 2680.286329 2658.963476 2680.326577 2698.671823 2692.176885 2660.473355 2661.442534 2667.791897 2675.254472 2672.319205 2665.924853 2640.904116 2656.507268 2660.081834 2637.256868 2611.890153 2598.979327 2587.429463 2597.165493 2597.113333 2582.608892 2581.563804 2609.178744 2630.064788 2642.907455 2664.013470 2697.276068 2730.029301 2746.124001 2747.731185 2753.406790 2791.199790 2840.536940 2911.210539 2966.009741 2990.449164 2995.014088 2972.862386 2929.077835 2904.194984 2904.758485 2930.887978 2972.421252 3017.963525 3054.319749 3066.373052 3068.536330 3081.346875 3175.740958 -9999.0 -9999.0 -9999.0 -9999.0 -9999.0 -9999.0 -9999.0 -9999.0 -9999.0 -9999.0 -9999.0 -9999.0 -9999.0 -9999.0
-9999.0 -9999.0 -9999.0 -9999.0 -9999.0 -9999.0 -9999.0 -9999.0 -9999.0 -9999.0 -9999.0 -9999.0 -9999.0 -9999.0 -9999.0 -9999.0 -9999.0 -9999.0 -9999.0 -9999.0 -9999.0 -9999.0 -9999.0 -9999.0 -9999.0 -9999.0 -9999.0 -9999.0 -9999.0 -9999.0 -9999.0 -9999.0 -9999.0 -9999.0 -9999.0 -9999.0 -9999.0 -9999.0 -9999.0 -9999.0 -9999.0 -9999.0 -9999.0 -9999.0 -9999.0 -9999.0 -9999.0 -9999.0 -9999.0 -9999.0 -9999.0 -9999.0 -9999.0 -9999.0 -9999.0 -9999.0 -9999.0 -9999.0 -9999.0 -9999.0 -9999.0 -9999.0 -9999.0 -9999.0 -9999.0 -9999.0 -9999.0 -9999.0 -9999.0 -9999.0 -9999.0 -9999.0 -9999.0 -9999.0 -9999.0 -9999.0 -9999.0 -9999.0 -9999.0 -9999.0
-9999.0 -9999.0 -9999.0 -9999.0 -9999.0 -9999.0 -9999.0 -9999.0 -9999.0 -9999.0 -9999.0 -9999.0 -9999.0 -9999.0 -9999.0 -9999.0 -9999.0 -9999.0 -9999.0 -9999.0 -9999.0 -9999.0 -9999.0 -9999.0 -9999.0 -9999.0 -9999.0 -9999.0 -9999.0 -9999.0 -9999.0 -9999.0 -9999.0 -9999.0 -9999.0 -9999.0 -9999.0 -9999.0 -9999.0 -9999.0 -9999.0 -9999.0 -9999.0 -9999.0 -9999.0 -9999.0 -9999.0 -9999.0 -9999.0 -9999.0 -9999.0 -9999.0 -9999.0 -9999.0 -9999.0 -9999.0 -9999.0 -9999.0 -9999.0 -9999.0 -9999.0 -9999.0 -9999.0 -9999.0 -9999.0 -9999.0 -9999.0 -9999.0 -9999.0 -9999.0 -9999.0 -9999.0 -9999.0 -9999.0 -9999.0 -9999.0 -9999.0 -9999.0 -9999.0 -9999.0