Borden_/Borden1m_014/output_maps/psiliqL0006N0038.asc
ncols         80
nrows         18
xllcorner     620200.000000
yllcorner     5168000.000000
cellsize      1.000000
NODATA_value  -9999.0
-9999.0 -9999.0 -9999.0 -9999.0 -9999.0 -9999.0 -9999.0 -9999.0 -9999.0 -9999.0 -9999.0 -9999.0 -9999.0 -9999.0 -9999.0 -9999.0 -9999.0 -9999.0 -9999.0 -9999.0 -9999.0 -9999.0 -9999.0 -9999.0 -9999.0 -9999.0 -9999.0 -9999.0 -9999.0 -9999.0 -9999.0 -9999.0 -9999.0 -9999.0 -9999.0 -9999.0 -9999.0 -9999.0 -9999.0 -9999.0 -9999.0 -9999.0 -9999.0 -9999.0 -9999.0 -9999.0 -9999.0 -9999.0 -9999.0 -9999.0 -9999.0 -9999.0 -9999.0 -9999.0 -9999.0 -9999.0 -9999.0 -9999.0 -9999.0 -9999.0 -9999.0 -9999.0 -9999.0 -9999.0 -9999.0 -9999.0 -9999.0 -9999.0 -9999.0 -9999.0 -9999.0 -9999.0 -9999.0 -9999.0 -9999.0 -9999.0 -9999.0 -9999.0 -9999.0 -9999.0
-9999.0 -9999.0 -9999.0 -9999.0 -9999.0 -9999.0 -9999.0 -9999.0 -9999.0 -9999.0 -9999.0 -9999.0 -9999.0 -9999.0 -9999.0 -9999.0 -9999.0 -9999.0 -9999.0 -9999.0 -9999.0 -9999.0 -9999.0 -9999.0 -9999.0 -9999.0 -9999.0 -9999.0 -9999.0 -9999.0 -9999.0 -9999.0 -9999.0 -9999.0 -9999.0 -9999.0 -9999.0 -9999.0 -9999.0 -9999.0 -9999.0 -9999.0 -9999.0 -9999.0 -9999.0 -9999.0 -9999.0 -9999.0 -9999.0 -9999.0 -9999.0 -9999.0 -9999.0 -9999.0 -9999.0 -9999.0 -9999.0 -9999.0 -9999.0 -9999.0 -9999.0 -9999.0 -9999.0 -9999.0 -9999.0 -9999.0 -9999.0 -9999.0 -9999.0 -9999.0 -9999.0 -9999.0 -9999.0 -9999.0 -9999.0 -9999.0 -9999.0 -9999.0 -9999.0 -9999.0
-9999.0 -9999.0 -9999.0 -9999.0 -9999.0 -9999.0 -9999.0 -9999.0 -9999.0 -9999.0 -9999.0 -9999.0 -9999.0 -9999.0 -9999.0 -9999.0 -9999.0 -9999.0 -9999.0 -9999.0 -646.719093 -643.526760 -666.787764 -701.226467 -730.065176 -728.656295 -693.900319 -653.074262 -615.451595 -604.866024 -623.405322 -622.414379 -627.938367 -627.887184 -624.708159 -618.894865 -616.636156 -604.757753 -596.017340 -596.155790 -602.444781 -608.452044 -610.187719 -606.390887 -601.389826 -609.905717 -596.225861 -580.434503 -573.539011 -578.838592 -606.839755 -622.952843 -630.785298 -644.910433 -619.791492 -606.565195 -582.850554 -578.129776 -578.870923 -605.999852 -636.139248 -9999.0 -9999.0 -9999.0 -9999.0 -9999.0 -9999.0 -9999.0 -9999.0 -9999.0 -9999.0 -9999.0 -9999.0 -9999.0 -9999.0 -9999.0 -9999.0 -9999.0 -9999.0 -9999.0
-9999.0 -9999.0 -9999.0 -9999.0 -9999.0 -9999.0 -9999.0 -9999.0 -9999.0 -9999.0 -9999.0 -9999.0 -9999.0 -9999.0 -735.936165 -746.599144 -750.127446 -742.094945 -708.715631 -679.169357 -666.597667 -674.648929 -675.051437 -699.158411 -719.739826 -706.003548 -677.160668 -646.072531 -611.879863 -590.865167 -604.407229 -607.418880 -596.234184 -566.389426 -549.731372 -552.140610 -575.005400 -551.641787 -533.800172 -522.510374 -523.149972 -532.084903 -515.234218 -496.989786 -504.049151 -523.733518 -521.733596 -509.879090 -493.481202 -511.592710 -581.196827 -604.132426 -606.880475 -613.318810 -626.294727 -632.713572 -607.347574 -605.739239 -613.617723 -631.172472 -662.997308 -706.834807 -724.130287 -685.250756 -640.048514 -580.880057 -9999.0 -9999.0 -9999.0 -9999.0 -9999.0 -9999.0 -9999.0 -9999.0 -9999.0 -9999.0 -9999.0 -9999.0 -9999.0 -9999.0
-9999.0 -9999.0 -9999.0 -9999.0 -9999.0 -9999.0 -9999.0 -9999.0 -9999.0 -791.207838 -788.270741 -781.681972 -780.629185 -765.524851 -767.617531 -761.270123 -753.691787 -728.542990 -698.098958 -663.346885 -634.480896 -645.349055 -645.490989 -632.756190 -624.682214 -611.003952 -589.678594 -546.874101 -499.162621 -450.526826 -480.639854 -481.713733 -457.692903 -392.863354 -336.267301 -319.970004 -346.307065 -342.999498 -305.979813 -268.949847 -263.154145 -262.826458 -232.166638 -216.257790 -208.934116 -231.537208 -260.593410 -266.700259 -238.709618 -305.457824 -395.945363 -467.217399 -471.445490 -508.828024 -555.865867 -581.128594 -584.637748 -561.332882 -577.118185 -615.228933 -651.904330 -660.414853 -676.405313 -659.764474 -636.348028 -588.121138 -548.612298 -518.685670 -517.740549 -535.196003 -9999.0 -9999.0 -9999.0 -9999.0 -9999.0 -9999.0 -9999.0 -9999.0 -9999.0 -9999.0
-9999.0 -9999.0 -9999.0 -9999.0 -9999.0 -9999.0 -868.346604 -860.296134 -841.401023 -836.346987 -813.034785 -806.173574 -786.385041 -767.757846 -748.342655 -731.952621 -701.343399 -669.333636 -627.354310 -581.445742 -546.718849 -549.859853 -538.089426 -497.536008 -442.690806 -397.888426 -363.529039 -306.634296 -207.411364 -150.584079 -130.734503 -122.295395 -111.773795 -71.942647 -12.163809 5.192014 -14.128574 -28.806910 -7.921864 36.309977 85.560765 90.584591 97.959522 105.659220 131.306325 122.099689 43.128288 14.210604 3.215624 -10.200365 -61.223444 -118.457025 -170.011158 -230.080422 -335.853407 -418.368589 -426.542835 -412.757738 -453.143938 -514.084626 -561.218021 -572.862736 -587.972193 -602.632869 -597.090534 -576.834982 -552.153510 -539.836352 -551.727356 -571.802124 -594.584889 -623.085178 -620.993844 -594.917721 -9999.0 -9999.0 -9999.0 -9999.0 -9999.0 -9999.0
-9999.0 -9999.0 -9999.0 -9999.0 -917.413348 -905.556183 -917.622097 -895.121006 -864.222483 -832.320632 -800.868272 -764.340707 -738.250455 -709.396743 -667.419712 -627.311022 -580.521948 -542.479681 -479.334898 -391.202680 -314.161280 -271.931370 -244.065907 -168.808448 -104.487984 -57.020679 -37.594997 -9.032800 40.521015 136.771727 166.665982 171.566885 191.410425 214.594055 257.097385 283.296523 272.134492 263.616479 270.030673 280.254136 307.240438 308.941358 310.410003 310.893453 313.124894 313.530799 289.919380 257.179629 240.294505 218.398834 212.600133 152.568340 73.129640 35.057850 7.751057 -38.491782 -105.004075 -132.180165 -197.594848 -266.155090 -362.045738 -403.022466 -446.649716 -479.361732 -515.139077 -515.843491 -513.244741 -533.252915 -563.471058 -595.030897 -609.291299 -627.342437 -636.774650 -606.208181 -587.941726 -555.907809 -9999.0 -9999.0 -9999.0 -9999.0
-9999.0 -9999.0 -973.705207 -924.424264 -869.762892 -862.176095 -860.200341 -856.416217 -831.019615 -782.017523 -703.262254 -648.829673 -600.629687 -568.862182 -502.166274 -394.901187 -282.132436 -217.426651 -148.274010 -85.373455 -26.016524 16.867202 68.292362 115.571236 160.064333 195.299738 230.506072 240.719869 280.301647 313.817160 338.578919 353.256952 360.069448 354.252555 355.309170 352.326393 350.813216 345.669258 329.753844 327.942355 335.820142 338.378696 341.539946 329.482627 325.726557 337.779557 339.366864 339.233424 340.166197 346.482599 358.054314 327.898365 273.627602 245.013240 252.173610 216.138184 150.401426 77.154487 49.742698 7.875226 -71.377196 -122.213699 -178.684645 -243.589121 -320.520914 -373.939609 -436.215873 -483.361381 -530.795766 -576.156706 -598.930310 -616.729498 -618.028643 -616.534785 -599.781966 -583.406498 -567.319193 -559.169267 -9999.0 -9999.0
-9999.0 -1068.962195 -998.337884 -871.707240 -794.760381 -750.971705 -709.132143 -678.015782 -654.476678 -642.953925 -526.333877 -388.682873 -265.202329 -225.528529 -160.670980 -58.994188 70.993828 111.085865 138.185385 167.271014 228.961140 268.548816 301.621896 333.188708 358.400174 354.535705 354.188576 352.151437 345.818817 338.809575 328.940264 336.539768 334.777871 319.142265 305.705437 303.319378 295.613234 270.347072 247.107700 235.153841 240.056843 260.370281 247.382196 230.379940 226.930321 245.565948 259.158922 253.254979 238.735640 243.985171 290.499994 311.206167 327.116543 339.270939 361.044942 339.061823 306.023201 264.071353 250.564587 222.347459 135.644657 69.465418 15.411731 -49.831068 -112.486935 -185.300017 -263.142487 -345.777510 -430.979520 -476.226997 -509.896661 -563.920768 -587.494683 -585.066645 -593.898962 -595.797773 -588.517123 -581.749612 -9999.0 -9999.0
-9999.0 -1137.574482 -995.536282 -811.371044 -666.321684 -601.953330 -468.055480 -360.399610 -318.241963 -346.271340 -198.964905 63.305688 135.679593 144.536565 201.292259 273.123954 314.912649 339.505016 354.911731 347.009739 343.965356 346.041474 343.791021 336.379948 322.869487 315.378818 315.091749 312.286070 293.331620 274.853616 258.558344 256.897651 242.522395 206.532399 169.351418 149.218581 114.272796 86.317828 50.884446 24.982021 12.932231 32.856997 21.942182 3.321506 -0.494451 23.271486 55.785796 49.361624 53.002752 74.836499 120.876458 187.111006 210.058796 223.562735 271.086857 312.258499 330.797726 349.589273 356.305770 332.324318 290.967397 242.948768 210.983707 120.812605 44.034570 -37.594507 -95.826650 -147.450746 -218.447523 -276.497618 -345.009592 -422.909609 -491.239923 -522.279847 -562.301388 -583.523333 -9999.0 -9999.0 -9999.0 -9999.0
-9999.0 -1197.065667 -1007.468999 -741.754889 -482.936011 -308.429908 -110.813260 29.726211 144.541662 156.984038 234.430256 326.319917 340.999551 327.997998 306.109454 304.130228 315.480739 318.158717 313.915118 303.413855 290.635414 273.462018 282.306830 278.157988 266.792833 252.207831 240.654443 226.474189 160.058723 122.391023 92.296377 77.367034 44.346464 -42.843218 -83.059187 -110.669895 -165.754104 -180.746109 -197.516484 -231.849468 -254.243840 -271.033789 -251.131003 -253.299477 -253.493170 -242.277054 -217.046506 -196.353235 -150.452081 -115.218637 -74.821117 -21.047361 13.603785 56.751275 110.017852 193.307385 224.091967 239.619381 293.171855 333.053637 354.336680 345.965562 316.791437 277.051662 212.242935 113.734766 57.377131 -17.571134 -78.023192 -120.725628 -154.956934 -206.702928 -289.656310 -420.794613 -470.035961 -9999.0 -9999.0 -9999.0 -9999.0 -9999.0
-9999.0 -1342.137456 -1076.248394 -779.578332 -426.134593 -98.864099 4.476295 213.305241 284.423930 213.973771 158.432077 212.548961 246.332939 252.480068 229.364903 218.389931 214.352497 214.059781 225.232295 188.003469 135.058685 116.572600 115.404552 103.995051 82.382238 64.294400 50.297569 28.866111 -25.177282 -71.987903 -137.456089 -164.106665 -245.756929 -337.189712 -402.804484 -461.610932 -520.734459 -524.312113 -509.426578 -528.551973 -552.179519 -571.967302 -545.964055 -530.958086 -520.128694 -529.502763 -519.667750 -482.503678 -426.482967 -371.070194 -300.266307 -227.920388 -173.137775 -118.127399 -85.080593 -29.776396 17.693852 64.552671 140.554358 242.104593 273.866812 306.794091 342.901824 359.142318 316.178125 268.779538 210.338929 112.491683 10.228633 -35.858951 -53.343676 -75.779972 -119.576428 -9999.0 -9999.0 -9999.0 -9999.0 -9999.0 -9999.0 -9999.0
-9999.0 -1476.768421 -1239.833568 -991.004842 -688.499904 -438.256448 -229.010979 -104.034311 19.025706 -42.534741 -48.237715 -18.918758 12.220712 34.057511 10.292472 -25.667712 -50.813714 -47.666969 -48.043814 -72.994622 -102.646471 -116.026327 -116.962737 -124.440643 -152.151339 -172.179783 -186.639894 -214.016101 -260.076374 -335.047806 -443.494659 -518.163326 -584.147167 -623.177723 -654.871185 -688.832320 -728.971865 -718.029331 -702.661212 -707.731187 -720.863017 -726.074986 -696.356666 -678.374133 -668.480443 -682.657010 -664.655376 -637.778953 -595.632221 -553.636220 -504.150689 -444.720022 -380.056672 -335.765482 -307.980289 -262.136036 -207.050853 -139.677237 -58.536378 39.537676 114.210883 184.427921 239.373066 268.434911 285.163720 296.523264 290.651582 221.850751 34.975307 1.890403 -0.428582 -9999.0 -9999.0 -9999.0 -9999.0 -9999.0 -9999.0 -9999.0 -9999.0 -9999.0
-9999.0 -9999.0 -1479.858322 -1286.370308 -1119.780244 -932.618706 -778.853686 -679.091232 -610.825622 -529.251503 -436.777299 -347.279921 -294.832701 -274.486807 -299.041366 -356.565656 -393.264997 -393.511692 -404.769275 -423.959318 -455.066143 -466.973923 -477.154311 -486.045399 -502.607846 -511.903918 -518.168334 -530.529073 -555.354573 -604.691804 -660.577534 -713.292503 -767.719099 -791.983895 -813.469729 -836.135323 -840.133963 -841.098382 -833.911516 -832.900674 -828.235995 -817.058098 -796.433631 -775.715038 -766.746968 -760.612494 -748.434171 -725.335015 -692.748958 -652.795410 -601.291916 -545.970937 -507.608825 -495.412551 -504.950594 -497.036985 -470.216929 -413.085364 -289.858087 -177.394568 -86.679009 -16.115111 55.218831 101.926862 116.909557 138.976672 200.407900 98.191995 -73.185327 -47.255503 -9999.0 -9999.0 -9999.0 -9999.0 -9999.0 -9999.0 -9999.0 -9999.0 -9999.0 -9999.0
-9999.0 -9999.0 -9999.0 -9999.0 -1429.236807 -1271.237655 -1178.580156 -1099.160046 -984.332904 -883.397019 -796.472534 -723.904004 -674.862830 -652.544267 -666.751013 -676.946656 -686.908249 -689.628669 -697.847323 -704.917254 -712.078526 -719.807343 -729.858644 -737.296496 -738.460177 -735.345402 -737.017374 -749.541752 -764.255285 -792.411765 -816.961605 -851.693533 -888.336303 -916.897864 -929.444870 -936.597876 -936.052499 -941.030771 -931.273471 -925.549546 -911.056834 -895.850791 -872.132118 -844.484706 -832.713892 -818.984598 -809.573868 -789.043126 -759.932975 -708.301069 -647.178120 -592.475714 -560.068691 -558.126547 -586.767081 -604.426154 -608.879421 -580.995737 -530.296843 -449.767697 -314.080699 -215.118301 -138.425192 -93.860550 -64.057658 -20.818194 22.511468 32.991693 -9999.0 -9999.0 -9999.0 -9999.0 -9999.0 -9999.0 -9999.0 -9999.0 -9999.0 -9999.0 -9999.0 -9999.0
-9999.0 -9999.0 -9999.0 -9999.0 -9999.0 -9999.0 -1486.299127 -1393.944304 -1306.748102 -1192.898645 -1088.490188 -1002.595405 -932.817784 -911.241969 -897.280311 -876.784853 -882.116624 -898.100350 -913.330077 -897.672234 -889.572828 -893.759123 -919.661411 -921.237864 -918.206469 -908.592872 -909.352409 -914.998145 -939.184080 -932.029439 -933.918551 -956.288569 -981.706316 -995.785408 -1007.036819 -996.840121 -995.783988 -1007.896266 -1004.988360 -979.455808 -960.346864 -947.160082 -924.826638 -892.228930 -860.811585 -847.213514 -846.673975 -840.842261 -799.515462 -730.276007 -661.464892 -609.619811 -580.398100 -574.545614 -605.360621 -648.840604 -672.894398 -668.593219 -636.136004 -583.598560 -503.731954 -447.582931 -405.050383 -369.764003 -324.858149 -205.998477 -9999.0 -9999.0 -9999.0 -9999.0 -9999.0 -9999.0 -9999.0 -9999.0 -9999.0 -9999.0 -9999.0 -9999.0 -9999.0 -9999.0
-9999.0 -9999.0 -9999.0 -9999.0 -9999.0 -9999.0 -9999.0 -9999.0 -9999.0 -9999.0 -9999.0 -9999.0 -9999.0 -9999.0 -9999.0 -9999.0 -9999.0 -9999.0 -9999.0 -9999.0 -9999.0 -9999.0 -9999.0 -9999.0 -9999.0 -9999.0 -9999.0 -9999.0 -9999.0 -9999.0 -9999.0 -9999.0 -9999.0 -9999.0 -9999.0 -9999.0 -9999.0 -9999.0 -9999.0 -9999.0 -9999.0 -9999.0 -9999.0 -9999.0 -9999.0 -9999.0 -9999.0 -9999.0 -9999.0 -9999.0 -9999.0 -9999.0 -9999.0 -9999.0 -9999.0 -9999.0 -9999.0 -9999.0 -9999.0 -9999.0 -9999.0 -9999.0 -9999.0 -9999.0 -9999.0 -9999.0 -9999.0 -9999.0 -9999.0 -9999.0 -9999.0 -9999.0 -9999.0 -9999.0 -9999.0 -9999.0 -9999.0 -9999.0 -9999.0 -9999.0
-9999.0 -9999.0 -9999.0 -9999.0 -9999.0 -9999.0 -9999.0 -9999.0 -9999.0 -9999.0 -9999.0 -9999.0 -9999.0 -9999.0 -9999.0 -9999.0 -9999.0 -9999.0 -9999.0 -9999.0 -9999.0 -9999.0 -9999.0 -9999.0 -9999.0 -9999.0 -9999.0 -9999.0 -9999.0 -9999.0 -9999.0 -9999.0 -9999.0 -9999.0 -9999.0 -9999.0 -9999.0 -9999.0 -9999.0 -9999.0 -9999.0 -9999.0 -9999.0 -9999.0 -9999.0 -9999.0 -9999.0 -9999.0 -9999.0 -9999.0 -9999.0 -9999.0 -9999.0 -9999.0 -9999.0 -9999.0 -9999.0 -9999.0 -9999.0 -9999.0 -9999.0 -9999.0 -9999.0 -9999.0 -9999.0 -9999.0 -9999.0 -9999.0 -9999.0 -9999.0 -9999.0 -9999.0 -9999.0 -9999.0 -9999.0 -9999.0 -9999.0 -9999.0 -9999.0 -9999.0