Borden_/Borden1m_014/output_maps/psiliqL0002N0004.asc
ncols         80
nrows         18
xllcorner     620200.000000
yllcorner     5168000.000000
cellsize      1.000000
NODATA_value  -9999.0
-9999.0 -9999.0 -9999.0 -9999.0 -9999.0 -9999.0 -9999.0 -9999.0 -9999.0 -9999.0 -9999.0 -9999.0 -9999.0 -9999.0 -9999.0 -9999.0 -9999.0 -9999.0 -9999.0 -9999.0 -9999.0 -9999.0 -9999.0 -9999.0 -9999.0 -9999.0 -9999.0 -9999.0 -9999.0 -9999.0 -9999.0 -9999.0 -9999.0 -9999.0 -9999.0 -9999.0 -9999.0 -9999.0 -9999.0 -9999.0 -9999.0 -9999.0 -9999.0 -9999.0 -9999.0 -9999.0 -9999.0 -9999.0 -9999.0 -9999.0 -9999.0 -9999.0 -9999.0 -9999.0 -9999.0 -9999.0 -9999.0 -9999.0 -9999.0 -9999.0 -9999.0 -9999.0 -9999.0 -9999.0 -9999.0 -9999.0 -9999.0 -9999.0 -9999.0 -9999.0 -9999.0 -9999.0 -9999.0 -9999.0 -9999.0 -9999.0 -9999.0 -9999.0 -9999.0 -9999.0
-9999.0 -9999.0 -9999.0 -9999.0 -9999.0 -9999.0 -9999.0 -9999.0 -9999.0 -9999.0 -9999.0 -9999.0 -9999.0 -9999.0 -9999.0 -9999.0 -9999.0 -9999.0 -9999.0 -9999.0 -9999.0 -9999.0 -9999.0 -9999.0 -9999.0 -9999.0 -9999.0 -9999.0 -9999.0 -9999.0 -9999.0 -9999.0 -9999.0 -9999.0 -9999.0 -9999.0 -9999.0 -9999.0 -9999.0 -9999.0 -9999.0 -9999.0 -9999.0 -9999.0 -9999.0 -9999.0 -9999.0 -9999.0 -9999.0 -9999.0 -9999.0 -9999.0 -9999.0 -9999.0 -9999.0 -9999.0 -9999.0 -9999.0 -9999.0 -9999.0 -9999.0 -9999.0 -9999.0 -9999.0 -9999.0 -9999.0 -9999.0 -9999.0 -9999.0 -9999.0 -9999.0 -9999.0 -9999.0 -9999.0 -9999.0 -9999.0 -9999.0 -9999.0 -9999.0 -9999.0
-9999.0 -9999.0 -9999.0 -9999.0 -9999.0 -9999.0 -9999.0 -9999.0 -9999.0 -9999.0 -9999.0 -9999.0 -9999.0 -9999.0 -9999.0 -9999.0 -9999.0 -9999.0 -9999.0 -9999.0 -602.499035 -600.838009 -604.651023 -609.145939 -612.992035 -613.422040 -609.100201 -604.163863 -598.684645 -597.613446 -601.881082 -600.840926 -602.501965 -603.454431 -603.522862 -602.303751 -601.683869 -599.958752 -598.855011 -599.351281 -600.662150 -601.591497 -602.369385 -602.081357 -600.616394 -602.681219 -599.723581 -596.833450 -595.832921 -595.890088 -599.827559 -601.505094 -602.156245 -605.538240 -599.476007 -597.680008 -593.271680 -592.821369 -592.071829 -597.011314 -602.006281 -9999.0 -9999.0 -9999.0 -9999.0 -9999.0 -9999.0 -9999.0 -9999.0 -9999.0 -9999.0 -9999.0 -9999.0 -9999.0 -9999.0 -9999.0 -9999.0 -9999.0 -9999.0 -9999.0
-9999.0 -9999.0 -9999.0 -9999.0 -9999.0 -9999.0 -9999.0 -9999.0 -9999.0 -9999.0 -9999.0 -9999.0 -9999.0 -9999.0 -610.107168 -612.209551 -613.181913 -613.712458 -609.797891 -606.720289 -606.501355 -608.635600 -606.960300 -611.222485 -615.045597 -612.732548 -609.354793 -606.531915 -602.089814 -598.816307 -601.785600 -602.527050 -600.901005 -595.327173 -592.939293 -594.098778 -600.594741 -594.395441 -591.296477 -589.355864 -589.620211 -592.521033 -588.540565 -583.933213 -586.260668 -591.162293 -590.088234 -587.266327 -582.829547 -585.104523 -600.859905 -602.550474 -601.777336 -601.509561 -603.813589 -605.415983 -599.286699 -600.099519 -601.122159 -602.341833 -606.110310 -612.237537 -614.986887 -608.626919 -602.981430 -592.112336 -9999.0 -9999.0 -9999.0 -9999.0 -9999.0 -9999.0 -9999.0 -9999.0 -9999.0 -9999.0 -9999.0 -9999.0 -9999.0 -9999.0
-9999.0 -9999.0 -9999.0 -9999.0 -9999.0 -9999.0 -9999.0 -9999.0 -9999.0 -613.928511 -614.454927 -613.836584 -615.179305 -613.271214 -616.305881 -615.546566 -616.050485 -613.292019 -610.996046 -607.233697 -602.462052 -605.855772 -606.302241 -603.870210 -603.614166 -602.695132 -600.546668 -593.037619 -584.893941 -572.795290 -583.489318 -584.158472 -579.411955 -563.671225 -549.652126 -545.755899 -553.669122 -553.551256 -543.607238 -532.583142 -533.496469 -534.662733 -523.732487 -516.863290 -510.399309 -519.038485 -531.475411 -533.344286 -520.077524 -542.572473 -564.918659 -582.018948 -578.692798 -586.519771 -595.534007 -598.957468 -600.102710 -593.336761 -595.920157 -602.293945 -607.657541 -606.203140 -609.215494 -606.216811 -604.033862 -595.651633 -588.342276 -581.513198 -581.200044 -585.509103 -9999.0 -9999.0 -9999.0 -9999.0 -9999.0 -9999.0 -9999.0 -9999.0 -9999.0 -9999.0
-9999.0 -9999.0 -9999.0 -9999.0 -9999.0 -9999.0 -618.106821 -618.296364 -616.993550 -620.742146 -617.912644 -619.712574 -617.644486 -616.674711 -615.227843 -615.056729 -611.664291 -608.622215 -603.644125 -597.310941 -591.650695 -594.684706 -593.223249 -585.556045 -573.568535 -563.903377 -557.166987 -544.557900 -510.480125 -484.794588 -475.361621 -472.128992 -466.369510 -430.029447 -358.481244 -326.415220 -362.528987 -385.335043 -364.516641 -294.631201 -260.742784 -256.989317 -126.524155 9.942211 11.849625 10.297294 -237.605691 -330.475645 -346.007181 -357.415715 -416.645527 -467.978571 -493.907388 -518.405157 -551.435771 -572.529781 -571.615797 -565.027519 -573.778641 -587.211858 -595.538802 -595.536036 -597.226661 -600.378945 -598.808225 -595.435645 -590.396497 -587.289929 -589.662398 -592.973654 -595.564219 -601.007295 -600.152837 -594.926295 -9999.0 -9999.0 -9999.0 -9999.0 -9999.0 -9999.0
-9999.0 -9999.0 -9999.0 -9999.0 -624.254099 -622.426382 -627.802737 -624.662481 -622.175126 -620.230040 -620.024422 -616.758421 -615.729646 -613.356868 -608.558007 -604.964300 -598.678375 -593.945342 -581.860596 -561.756816 -543.565755 -532.995304 -528.461364 -496.582853 -456.297517 -411.571617 -393.596300 -365.519384 -267.244673 10.544180 12.781923 12.919785 13.380468 14.239607 15.689362 16.968538 16.011281 15.746885 16.027876 16.581993 17.744461 17.751926 18.636075 19.553290 19.779188 19.771148 17.637526 15.907344 15.474656 15.285987 14.596144 12.358794 10.143313 -205.056675 -320.297162 -390.377758 -458.412937 -475.192774 -506.335291 -530.986849 -557.124245 -564.063117 -573.061026 -578.739140 -586.785086 -585.184344 -582.866996 -587.122596 -592.819061 -598.337151 -599.130713 -601.629370 -604.370957 -597.523959 -595.094699 -587.989584 -9999.0 -9999.0 -9999.0 -9999.0
-9999.0 -9999.0 -624.878937 -624.525660 -619.409930 -622.303103 -624.109444 -626.594599 -625.359813 -620.417358 -611.427953 -607.704951 -601.859980 -598.665681 -586.392341 -562.511055 -536.152737 -515.221631 -485.574870 -441.253981 -385.428031 -339.597242 -292.172971 -10.770618 12.389478 14.366391 14.968461 15.784763 17.230355 19.524631 20.974157 33.649553 38.703837 33.000920 32.064727 29.755624 28.403713 24.732067 20.479612 20.718915 27.638867 29.475388 33.110765 21.199958 19.813719 21.726260 23.591288 24.427011 26.645713 35.336281 43.929470 20.860359 18.483058 17.042158 16.314913 14.658666 12.819452 11.555354 -3.829195 -326.350030 -422.222815 -466.440273 -499.526676 -522.829585 -543.859854 -553.971162 -568.593169 -578.349427 -587.759201 -596.787415 -599.676869 -601.452080 -600.222591 -601.138163 -597.506563 -594.783356 -590.851735 -589.368909 -9999.0 -9999.0
-9999.0 -626.864290 -628.218222 -619.036454 -617.086630 -615.084224 -612.893893 -610.995834 -608.497122 -611.039402 -589.530383 -560.816692 -523.575602 -514.208853 -489.699561 -425.052200 -314.599366 -13.954291 11.590943 13.224560 14.922692 16.400034 17.426367 20.574626 40.382492 34.888981 32.738723 30.935131 22.850257 20.777240 19.865147 20.617653 20.405371 19.611654 19.205236 19.360006 19.385095 18.708659 17.758235 15.708370 15.460216 16.742729 15.967772 14.990770 14.876556 16.097088 18.476360 18.406130 17.948981 18.423352 19.326451 19.669786 20.604604 24.687686 44.496336 22.563665 19.612228 18.559434 18.024227 15.568026 13.460029 1.047074 -324.485933 -407.756282 -460.974954 -502.020477 -527.857844 -548.298261 -568.550133 -577.206383 -582.804829 -594.895508 -598.155596 -595.527284 -597.189074 -597.399780 -595.821452 -594.582767 -9999.0 -9999.0
-9999.0 -635.634147 -627.105574 -616.970651 -604.772984 -603.161731 -575.377490 -545.530052 -535.153304 -546.861622 -504.876493 -283.887805 10.274565 11.672670 13.782231 16.190131 18.056315 28.835065 41.074231 33.570546 26.711061 28.671702 23.835479 20.336754 19.749040 19.569155 19.688936 19.636396 19.154539 18.815420 18.466686 18.576240 17.860453 14.597856 13.434868 13.078071 12.936980 12.337243 0.257402 -291.260596 -327.851455 -235.854151 -298.421775 -348.902686 -356.939231 -294.930791 9.941737 11.347560 11.529444 12.038032 13.076505 14.107246 14.833558 17.422524 18.577031 19.677691 20.619965 31.408579 37.040317 20.540184 19.169306 17.667309 15.384073 13.112440 -19.379646 -389.235162 -437.279537 -474.316740 -507.640705 -526.955533 -545.534325 -564.281145 -580.663151 -584.454992 -593.289854 -594.833672 -9999.0 -9999.0 -9999.0 -9999.0
-9999.0 -636.667665 -628.139656 -609.515248 -569.697400 -534.423244 -413.194961 -16.082546 11.880979 14.096829 14.976329 26.575768 34.850459 21.164096 19.491479 19.092493 19.467907 19.618645 19.358323 19.140697 19.060209 19.103751 19.179420 19.073445 18.923624 18.586118 18.081400 16.358135 14.551313 13.605448 12.691810 12.283890 -8.358427 -401.921928 -441.373739 -460.947427 -490.358427 -493.832463 -503.107050 -519.771950 -527.183924 -532.100856 -524.989591 -527.072386 -527.884153 -523.666524 -511.473834 -506.306348 -486.832003 -465.791520 -434.310339 -390.395263 -350.375831 -14.824678 12.418962 14.272150 15.369173 17.855849 19.213081 20.716745 36.139309 29.283916 19.881221 18.983318 17.047622 13.595576 12.301088 -28.909731 -362.999887 -418.891026 -460.077071 -498.004404 -528.948277 -559.959005 -570.983673 -9999.0 -9999.0 -9999.0 -9999.0 -9999.0
-9999.0 -649.445478 -628.753061 -613.091172 -552.956398 -362.541803 -81.493922 14.265365 21.165038 14.408762 13.743311 14.424204 16.403840 17.586026 15.606937 14.937848 14.386059 14.329768 15.058331 14.196298 13.410642 13.161381 13.352846 13.080135 12.462558 11.947831 10.096798 -253.599656 -373.662436 -421.183738 -476.887421 -485.080486 -520.845275 -549.679787 -563.853003 -576.573107 -589.729048 -589.288066 -584.257708 -588.474416 -593.206024 -598.237671 -592.114665 -589.248272 -586.589519 -589.869657 -588.949329 -580.915586 -568.331923 -556.765237 -540.489453 -519.456074 -500.381196 -471.270380 -444.774519 -397.953897 -333.622755 -9.936960 13.434350 16.880730 18.575052 19.502689 24.238021 42.620678 20.532830 18.899322 18.130681 17.008958 13.469186 11.840079 -20.289586 -370.435640 -437.725490 -9999.0 -9999.0 -9999.0 -9999.0 -9999.0 -9999.0 -9999.0
-9999.0 -656.225677 -634.367815 -630.432502 -603.762760 -559.827070 -500.807459 -436.115650 -375.192026 -388.086204 -378.374405 -346.586900 -260.202327 -46.302625 -293.843750 -371.996619 -404.207590 -400.949101 -400.201347 -425.198603 -449.815882 -460.869206 -460.433371 -465.050627 -482.153469 -491.981905 -498.466111 -510.697735 -526.857570 -546.534791 -572.565715 -588.070590 -599.707801 -603.910518 -607.102946 -610.543027 -617.043647 -613.492021 -610.739368 -611.418349 -613.468760 -614.975688 -610.057979 -608.258417 -606.717361 -610.985144 -607.880372 -605.012563 -598.810821 -592.544109 -583.912043 -571.623600 -556.503517 -547.388295 -542.566869 -531.270698 -513.665847 -483.383145 -419.334029 -194.100425 11.744102 14.308111 17.702332 18.887701 19.324590 25.812350 34.555226 19.041265 16.532534 16.975240 16.600689 -9999.0 -9999.0 -9999.0 -9999.0 -9999.0 -9999.0 -9999.0 -9999.0 -9999.0
-9999.0 -9999.0 -661.130344 -651.925295 -643.803069 -634.726829 -622.535075 -611.747875 -604.730923 -589.453934 -568.715603 -547.093834 -533.728038 -526.588924 -536.042490 -552.911365 -562.348580 -561.275460 -563.813573 -568.001394 -575.568923 -577.324653 -579.272854 -580.646228 -584.156559 -585.742953 -586.451577 -588.006100 -591.558141 -599.755906 -607.058724 -612.401770 -618.331121 -618.345958 -619.401990 -621.471784 -619.862981 -620.293508 -619.722894 -619.973243 -619.450261 -618.443406 -617.200038 -615.522440 -615.358340 -614.855286 -614.217147 -612.392585 -609.619797 -605.963288 -599.237648 -589.790499 -582.724818 -581.032923 -584.680601 -583.687666 -578.864640 -568.061984 -538.531911 -500.572699 -442.598049 -380.969763 -12.601882 13.009390 13.719913 15.090175 18.119066 17.860818 11.801762 15.764638 -9999.0 -9999.0 -9999.0 -9999.0 -9999.0 -9999.0 -9999.0 -9999.0 -9999.0 -9999.0
-9999.0 -9999.0 -9999.0 -9999.0 -665.217234 -652.168123 -640.407302 -641.151912 -632.308985 -626.442620 -620.941601 -614.692195 -609.659464 -606.550329 -610.113204 -610.840257 -611.588809 -611.126920 -611.980129 -612.886104 -613.282487 -613.911166 -614.628367 -615.530855 -615.171427 -614.311836 -614.107104 -615.649920 -615.831934 -618.732838 -619.239321 -621.105287 -622.916668 -624.933895 -624.617372 -624.819010 -623.992911 -624.912728 -623.522210 -624.252667 -623.136658 -622.579243 -621.188974 -618.980734 -619.606687 -618.349537 -618.217048 -616.559751 -615.685924 -611.200109 -604.184918 -596.328762 -591.096277 -591.289593 -597.782972 -600.591365 -602.183632 -597.918074 -590.754166 -576.044593 -544.335480 -516.310966 -480.914575 -443.073098 -409.054075 -308.635041 13.043684 16.558627 -9999.0 -9999.0 -9999.0 -9999.0 -9999.0 -9999.0 -9999.0 -9999.0 -9999.0 -9999.0 -9999.0 -9999.0
-9999.0 -9999.0 -9999.0 -9999.0 -9999.0 -9999.0 -659.639583 -653.058361 -654.783107 -649.335267 -644.334316 -640.376677 -634.880265 -635.182468 -633.522506 -629.516255 -630.050199 -632.001853 -634.437512 -630.936808 -629.337950 -629.052600 -632.964348 -631.922552 -631.475261 -629.997188 -630.149136 -629.569284 -632.861170 -629.010369 -627.177664 -627.997111 -628.797383 -628.141191 -628.984470 -626.577322 -626.290402 -628.238242 -628.802092 -625.952091 -625.068425 -625.377297 -624.728141 -622.686064 -619.818951 -619.309422 -620.482165 -622.084351 -619.069641 -612.301320 -604.787875 -598.275989 -594.099339 -592.760740 -598.303508 -605.928160 -609.822762 -610.288719 -606.943770 -600.669817 -586.495186 -576.910297 -569.952919 -564.253384 -556.221668 -514.182073 -9999.0 -9999.0 -9999.0 -9999.0 -9999.0 -9999.0 -9999.0 -9999.0 -9999.0 -9999.0 -9999.0 -9999.0 -9999.0 -9999.0
-9999.0 -9999.0 -9999.0 -9999.0 -9999.0 -9999.0 -9999.0 -9999.0 -9999.0 -9999.0 -9999.0 -9999.0 -9999.0 -9999.0 -9999.0 -9999.0 -9999.0 -9999.0 -9999.0 -9999.0 -9999.0 -9999.0 -9999.0 -9999.0 -9999.0 -9999.0 -9999.0 -9999.0 -9999.0 -9999.0 -9999.0 -9999.0 -9999.0 -9999.0 -9999.0 -9999.0 -9999.0 -9999.0 -9999.0 -9999.0 -9999.0 -9999.0 -9999.0 -9999.0 -9999.0 -9999.0 -9999.0 -9999.0 -9999.0 -9999.0 -9999.0 -9999.0 -9999.0 -9999.0 -9999.0 -9999.0 -9999.0 -9999.0 -9999.0 -9999.0 -9999.0 -9999.0 -9999.0 -9999.0 -9999.0 -9999.0 -9999.0 -9999.0 -9999.0 -9999.0 -9999.0 -9999.0 -9999.0 -9999.0 -9999.0 -9999.0 -9999.0 -9999.0 -9999.0 -9999.0
-9999.0 -9999.0 -9999.0 -9999.0 -9999.0 -9999.0 -9999.0 -9999.0 -9999.0 -9999.0 -9999.0 -9999.0 -9999.0 -9999.0 -9999.0 -9999.0 -9999.0 -9999.0 -9999.0 -9999.0 -9999.0 -9999.0 -9999.0 -9999.0 -9999.0 -9999.0 -9999.0 -9999.0 -9999.0 -9999.0 -9999.0 -9999.0 -9999.0 -9999.0 -9999.0 -9999.0 -9999.0 -9999.0 -9999.0 -9999.0 -9999.0 -9999.0 -9999.0 -9999.0 -9999.0 -9999.0 -9999.0 -9999.0 -9999.0 -9999.0 -9999.0 -9999.0 -9999.0 -9999.0 -9999.0 -9999.0 -9999.0 -9999.0 -9999.0 -9999.0 -9999.0 -9999.0 -9999.0 -9999.0 -9999.0 -9999.0 -9999.0 -9999.0 -9999.0 -9999.0 -9999.0 -9999.0 -9999.0 -9999.0 -9999.0 -9999.0 -9999.0 -9999.0 -9999.0 -9999.0