Borden_/Borden1m_014/output_maps/psiliqL0007N0027.asc
ncols         80
nrows         18
xllcorner     620200.000000
yllcorner     5168000.000000
cellsize      1.000000
NODATA_value  -9999.0
-9999.0 -9999.0 -9999.0 -9999.0 -9999.0 -9999.0 -9999.0 -9999.0 -9999.0 -9999.0 -9999.0 -9999.0 -9999.0 -9999.0 -9999.0 -9999.0 -9999.0 -9999.0 -9999.0 -9999.0 -9999.0 -9999.0 -9999.0 -9999.0 -9999.0 -9999.0 -9999.0 -9999.0 -9999.0 -9999.0 -9999.0 -9999.0 -9999.0 -9999.0 -9999.0 -9999.0 -9999.0 -9999.0 -9999.0 -9999.0 -9999.0 -9999.0 -9999.0 -9999.0 -9999.0 -9999.0 -9999.0 -9999.0 -9999.0 -9999.0 -9999.0 -9999.0 -9999.0 -9999.0 -9999.0 -9999.0 -9999.0 -9999.0 -9999.0 -9999.0 -9999.0 -9999.0 -9999.0 -9999.0 -9999.0 -9999.0 -9999.0 -9999.0 -9999.0 -9999.0 -9999.0 -9999.0 -9999.0 -9999.0 -9999.0 -9999.0 -9999.0 -9999.0 -9999.0 -9999.0
-9999.0 -9999.0 -9999.0 -9999.0 -9999.0 -9999.0 -9999.0 -9999.0 -9999.0 -9999.0 -9999.0 -9999.0 -9999.0 -9999.0 -9999.0 -9999.0 -9999.0 -9999.0 -9999.0 -9999.0 -9999.0 -9999.0 -9999.0 -9999.0 -9999.0 -9999.0 -9999.0 -9999.0 -9999.0 -9999.0 -9999.0 -9999.0 -9999.0 -9999.0 -9999.0 -9999.0 -9999.0 -9999.0 -9999.0 -9999.0 -9999.0 -9999.0 -9999.0 -9999.0 -9999.0 -9999.0 -9999.0 -9999.0 -9999.0 -9999.0 -9999.0 -9999.0 -9999.0 -9999.0 -9999.0 -9999.0 -9999.0 -9999.0 -9999.0 -9999.0 -9999.0 -9999.0 -9999.0 -9999.0 -9999.0 -9999.0 -9999.0 -9999.0 -9999.0 -9999.0 -9999.0 -9999.0 -9999.0 -9999.0 -9999.0 -9999.0 -9999.0 -9999.0 -9999.0 -9999.0
-9999.0 -9999.0 -9999.0 -9999.0 -9999.0 -9999.0 -9999.0 -9999.0 -9999.0 -9999.0 -9999.0 -9999.0 -9999.0 -9999.0 -9999.0 -9999.0 -9999.0 -9999.0 -9999.0 -9999.0 -471.722564 -468.663239 -491.686958 -525.975896 -554.704710 -553.127169 -518.305535 -477.459424 -439.861868 -429.335004 -447.608248 -446.430631 -451.695387 -451.639340 -448.448001 -442.517258 -440.047301 -428.295935 -419.636248 -419.800726 -426.039609 -431.928206 -433.406227 -429.702490 -424.715427 -433.415235 -419.819803 -404.192730 -397.514866 -402.836630 -430.670383 -446.749019 -454.761693 -468.985190 -444.215031 -431.254249 -407.858601 -403.264272 -404.198394 -431.170138 -461.186434 -9999.0 -9999.0 -9999.0 -9999.0 -9999.0 -9999.0 -9999.0 -9999.0 -9999.0 -9999.0 -9999.0 -9999.0 -9999.0 -9999.0 -9999.0 -9999.0 -9999.0 -9999.0 -9999.0
-9999.0 -9999.0 -9999.0 -9999.0 -9999.0 -9999.0 -9999.0 -9999.0 -9999.0 -9999.0 -9999.0 -9999.0 -9999.0 -9999.0 -561.334592 -571.840922 -575.244935 -567.051496 -533.549041 -503.869514 -491.271094 -499.153549 -499.525745 -523.424763 -543.879107 -530.023209 -501.016502 -469.860198 -435.702256 -414.839677 -427.934522 -430.720433 -419.580404 -390.367913 -374.359150 -376.782383 -398.896275 -375.741127 -358.530730 -347.933109 -348.629263 -357.363584 -341.243833 -323.603788 -330.438476 -349.551745 -347.136150 -335.404398 -319.928895 -337.040452 -404.816326 -427.343900 -430.508455 -437.122359 -450.239577 -456.683995 -431.621999 -430.210064 -438.171723 -455.816101 -487.708305 -531.560242 -549.017079 -510.226151 -465.271249 -406.683108 -9999.0 -9999.0 -9999.0 -9999.0 -9999.0 -9999.0 -9999.0 -9999.0 -9999.0 -9999.0 -9999.0 -9999.0 -9999.0 -9999.0
-9999.0 -9999.0 -9999.0 -9999.0 -9999.0 -9999.0 -9999.0 -9999.0 -9999.0 -617.160229 -613.988893 -607.300728 -606.030276 -590.819507 -592.777517 -586.298036 -578.659400 -553.176071 -522.496545 -487.653397 -458.877776 -469.357395 -469.324400 -456.807519 -449.079732 -435.572018 -414.290333 -372.150928 -325.865147 -279.518703 -307.649742 -308.494708 -285.605794 -227.438778 -178.765934 -163.799144 -188.165697 -184.874480 -151.922077 -116.006203 -111.591271 -111.383375 -76.790060 -57.516088 -49.389046 -76.000986 -106.834539 -112.333628 -80.430224 -150.569070 -231.203417 -295.093645 -298.966720 -335.061659 -380.356946 -404.687828 -408.251042 -385.738788 -401.449271 -439.340873 -475.893604 -484.836127 -500.969750 -484.405093 -461.185057 -413.441721 -374.374428 -345.146205 -344.391997 -361.496161 -9999.0 -9999.0 -9999.0 -9999.0 -9999.0 -9999.0 -9999.0 -9999.0 -9999.0 -9999.0
-9999.0 -9999.0 -9999.0 -9999.0 -9999.0 -9999.0 -695.027761 -686.726294 -667.581600 -662.276725 -638.688442 -631.638102 -611.689701 -592.854399 -573.041349 -556.433405 -525.743786 -493.545848 -451.672760 -406.229027 -372.242210 -375.651531 -364.001548 -324.437579 -272.997528 -233.251472 -203.213582 -151.571807 -43.311153 17.780413 39.147831 50.092454 63.677160 103.511908 164.500907 198.473875 160.205952 140.720341 158.826992 200.650329 241.540534 247.280912 255.715415 264.366268 289.653629 278.346803 206.830752 179.957899 171.615059 159.109974 111.146307 55.169432 -1.141227 -69.122425 -179.234002 -251.308533 -257.098965 -244.356859 -281.528107 -340.149303 -385.865668 -397.463506 -412.623790 -427.142924 -421.661246 -401.688137 -377.521111 -365.536606 -377.421173 -397.467749 -420.191353 -448.585031 -446.586691 -420.820018 -9999.0 -9999.0 -9999.0 -9999.0 -9999.0 -9999.0
-9999.0 -9999.0 -9999.0 -9999.0 -744.188575 -732.302251 -744.172743 -721.477607 -690.300845 -657.982431 -626.182487 -589.373177 -562.917870 -533.741230 -491.849403 -452.550311 -407.068672 -369.258200 -307.276676 -226.800825 -159.354362 -118.397514 -88.092587 -2.238580 69.570939 116.970846 133.716786 160.550219 209.552087 297.517242 321.078474 334.898135 355.226398 382.575361 423.747708 457.275024 437.717141 427.961622 433.962752 444.671200 472.346283 474.614589 476.333783 477.252041 479.623504 479.285623 454.204012 420.946762 403.784581 388.614075 375.270534 313.942773 243.661038 205.157762 175.637837 132.534201 70.687257 43.065101 -30.596315 -109.597309 -200.558768 -235.782946 -275.460247 -306.573291 -340.709673 -341.266890 -338.790784 -358.524283 -388.667839 -420.143603 -434.530663 -452.648559 -462.207263 -431.944054 -413.874545 -382.444749 -9999.0 -9999.0 -9999.0 -9999.0
-9999.0 -9999.0 -801.307173 -751.556649 -696.557957 -688.660725 -686.826662 -682.768368 -656.923545 -607.270487 -528.427643 -474.773014 -428.314210 -396.262887 -330.108902 -231.949037 -131.131349 -58.283411 20.117973 88.157878 143.936416 184.881325 234.035617 277.057736 325.603540 377.393784 396.437099 421.949888 447.211120 481.449654 504.735979 520.789839 527.311296 523.715632 524.597601 523.545170 520.110260 514.330751 497.497164 495.242544 502.858146 505.831986 508.708675 496.955541 493.211421 505.590936 507.108092 506.809355 506.877157 514.003768 524.088457 493.265064 440.716831 425.681246 416.807502 379.767338 318.985236 251.890924 221.677711 178.641496 104.468356 55.292312 -8.154892 -82.189000 -161.896423 -209.635912 -265.399289 -309.712430 -355.896217 -400.968931 -423.849717 -441.755149 -443.320803 -442.022040 -425.501870 -409.393672 -393.639653 -385.650108 -9999.0 -9999.0
-9999.0 -898.822298 -826.520803 -699.365315 -621.508408 -577.289149 -536.117512 -506.509782 -482.963953 -469.384089 -355.067451 -230.726116 -115.497234 -69.254247 3.987253 107.667275 224.640697 268.473334 299.256143 346.074945 393.311326 438.934009 468.405239 498.540941 524.845884 524.738828 522.298816 522.803829 514.942575 508.238180 498.401375 506.082954 503.931595 488.245491 475.116152 473.275723 467.355593 440.246633 413.186942 399.692278 403.267390 422.808627 410.351376 393.918923 390.883655 410.856233 427.132469 419.022877 404.683165 416.188736 455.448258 478.836731 494.775550 509.063471 528.774057 506.667786 474.308050 433.720065 414.823606 385.708273 309.357741 246.368654 191.779317 128.423954 66.257274 -13.608221 -102.307334 -183.823014 -260.630664 -303.651308 -336.268342 -389.219825 -412.651968 -410.605666 -419.475587 -421.540530 -414.518242 -407.888757 -9999.0 -9999.0
-9999.0 -968.369256 -825.221333 -639.879258 -493.905309 -430.355200 -301.819207 -206.440353 -170.043503 -194.331204 -42.811627 209.218452 287.694147 300.275493 362.087574 436.109428 476.581210 502.975857 518.984515 515.357895 511.487655 516.480205 513.479795 506.124081 492.370786 485.242769 484.192694 481.272488 461.381372 441.745878 423.329741 422.734587 405.230286 371.752189 342.302205 327.724947 307.886413 264.993031 223.322320 193.741882 179.505246 197.552620 187.852764 170.477702 167.090921 190.828909 224.904898 220.300076 226.891473 250.778817 295.085994 352.870460 376.621274 404.310727 438.688234 480.527667 499.058968 518.485942 524.098213 500.100426 455.822913 409.787540 377.292280 297.257913 223.692749 144.845201 87.253508 33.863130 -47.177404 -115.535783 -183.834476 -254.387821 -318.604420 -348.582581 -388.190492 -409.275981 -9999.0 -9999.0 -9999.0 -9999.0
-9999.0 -1031.080450 -839.425456 -573.038983 -314.762417 -156.334512 62.275232 198.700294 299.701079 322.050127 381.743090 482.065841 500.542870 489.906255 471.063031 470.525249 482.714154 485.823019 481.639278 471.949482 460.195491 455.921796 454.302817 446.624315 434.325432 419.908581 407.238657 392.719868 334.366481 298.196527 267.759775 251.229881 214.689959 129.670016 93.265887 65.847157 5.437176 -12.087448 -31.163194 -71.754559 -98.753489 -118.259761 -95.800825 -97.483865 -97.310940 -84.477141 -54.597207 -29.349941 22.181425 62.473626 102.242720 153.406179 188.322246 233.671666 284.649251 358.683942 389.268255 416.268529 461.140578 501.384730 523.023390 515.338603 485.653774 442.504402 378.674355 293.851557 242.999942 174.006475 113.607344 67.567793 28.647602 -33.789339 -130.718245 -253.132993 -298.861754 -9999.0 -9999.0 -9999.0 -9999.0 -9999.0
-9999.0 -1179.942874 -912.526723 -614.848721 -271.785552 68.265625 178.279404 370.988030 445.061102 376.222102 328.548218 370.953033 406.203019 413.749008 392.941910 385.662243 378.427583 378.242706 390.282814 362.357678 314.066126 296.917893 294.995458 281.979168 257.948738 238.406189 223.384526 201.218238 149.013510 104.557075 38.167614 5.261391 -88.182923 -180.502951 -237.727661 -291.460528 -348.510233 -352.149997 -337.468329 -356.048019 -379.383911 -398.828496 -373.009603 -357.830784 -347.025156 -356.380624 -346.578111 -310.053104 -257.257195 -207.516923 -143.303360 -65.144041 -2.612061 59.467204 92.156009 143.411743 190.133308 239.348028 314.186072 407.126620 441.962162 476.327327 512.185050 527.764342 483.901007 435.863630 383.102371 301.561377 209.923392 166.343369 145.090573 114.585101 65.435551 -9999.0 -9999.0 -9999.0 -9999.0 -9999.0 -9999.0 -9999.0
-9999.0 -1315.556378 -1080.654805 -829.079604 -527.219722 -283.068131 -70.577744 61.410981 169.724059 126.208532 123.856792 149.536783 178.308769 199.893063 177.582255 144.538373 121.408865 125.300960 125.517857 103.640883 76.117428 63.215781 61.850672 52.698777 20.065857 -2.432497 -18.620287 -49.909204 -103.129939 -178.114104 -274.211244 -346.375013 -412.080171 -449.788025 -480.783478 -514.398187 -554.070946 -543.292838 -528.210869 -533.108254 -545.966783 -550.917005 -521.284498 -503.220112 -493.359215 -507.133750 -489.118377 -462.356058 -420.507855 -378.714952 -330.186612 -273.540023 -214.982643 -175.785060 -150.853771 -104.888814 -41.224194 34.507392 116.799456 213.695780 290.104370 355.993916 406.860328 436.968703 454.257162 473.711884 460.281890 386.728860 232.307825 210.377907 206.455976 -9999.0 -9999.0 -9999.0 -9999.0 -9999.0 -9999.0 -9999.0 -9999.0 -9999.0
-9999.0 -9999.0 -1318.203990 -1124.580318 -959.903073 -774.021977 -627.744503 -523.431442 -450.757617 -363.513424 -274.118401 -193.933241 -144.886900 -123.788255 -148.495552 -199.770681 -230.858996 -231.061448 -241.130017 -257.772553 -285.509019 -296.442739 -306.401226 -315.200761 -331.116659 -340.192868 -346.506779 -358.874027 -383.332424 -431.830731 -486.313121 -538.831248 -593.480118 -618.200674 -639.947951 -662.664297 -666.521824 -667.665577 -660.493960 -659.369415 -654.451947 -643.050038 -622.279784 -601.301174 -592.185686 -585.799111 -573.527839 -550.280800 -517.582843 -477.458477 -425.953751 -370.867736 -333.086258 -321.202796 -330.465681 -323.074334 -297.433904 -244.755304 -132.923345 -8.209119 89.716307 160.331034 233.413474 283.321597 304.439235 344.486294 372.503968 287.662399 105.005090 163.553762 -9999.0 -9999.0 -9999.0 -9999.0 -9999.0 -9999.0 -9999.0 -9999.0 -9999.0 -9999.0
-9999.0 -9999.0 -9999.0 -9999.0 -1267.442230 -1109.849710 -1017.604051 -936.801821 -820.540104 -717.322941 -628.968664 -555.713605 -505.751511 -483.237341 -496.299310 -504.375689 -513.517946 -516.651704 -525.002938 -531.490813 -538.076304 -545.893154 -556.427159 -563.927624 -564.932553 -561.661465 -563.426914 -576.102440 -591.239289 -619.109680 -643.581831 -678.594336 -715.458390 -744.177427 -756.854856 -763.854091 -763.360327 -768.406247 -758.685795 -752.635435 -737.967176 -722.597960 -698.685133 -670.749699 -658.647306 -644.785004 -635.293841 -614.688431 -585.272600 -533.334359 -472.111374 -417.418545 -384.994414 -382.884284 -410.946614 -428.356623 -432.680001 -404.935016 -355.388641 -278.312232 -155.759291 -49.052063 37.741759 86.358095 118.309228 167.496512 216.226398 232.814504 -9999.0 -9999.0 -9999.0 -9999.0 -9999.0 -9999.0 -9999.0 -9999.0 -9999.0 -9999.0 -9999.0 -9999.0
-9999.0 -9999.0 -9999.0 -9999.0 -9999.0 -9999.0 -1326.158702 -1232.841913 -1144.159217 -1027.800140 -920.980711 -833.659222 -762.858887 -740.289754 -725.286293 -704.217245 -709.353004 -725.704805 -741.356027 -725.389442 -716.750599 -721.134987 -747.475159 -748.971135 -745.702645 -736.085587 -736.870145 -742.574799 -766.773232 -759.281696 -760.967513 -783.478183 -809.058125 -823.261839 -834.510393 -824.421662 -823.375802 -835.478047 -832.596024 -806.897872 -787.494688 -774.087117 -751.575958 -718.715792 -687.090257 -673.266427 -672.616472 -666.658972 -625.258108 -555.709965 -486.672213 -434.726495 -405.442472 -399.548132 -429.945086 -472.963145 -496.651585 -492.109575 -459.560556 -407.158607 -328.693598 -274.974151 -236.083292 -205.354437 -165.199441 -36.939921 -9999.0 -9999.0 -9999.0 -9999.0 -9999.0 -9999.0 -9999.0 -9999.0 -9999.0 -9999.0 -9999.0 -9999.0 -9999.0 -9999.0
-9999.0 -9999.0 -9999.0 -9999.0 -9999.0 -9999.0 -9999.0 -9999.0 -9999.0 -9999.0 -9999.0 -9999.0 -9999.0 -9999.0 -9999.0 -9999.0 -9999.0 -9999.0 -9999.0 -9999.0 -9999.0 -9999.0 -9999.0 -9999.0 -9999.0 -9999.0 -9999.0 -9999.0 -9999.0 -9999.0 -9999.0 -9999.0 -9999.0 -9999.0 -9999.0 -9999.0 -9999.0 -9999.0 -9999.0 -9999.0 -9999.0 -9999.0 -9999.0 -9999.0 -9999.0 -9999.0 -9999.0 -9999.0 -9999.0 -9999.0 -9999.0 -9999.0 -9999.0 -9999.0 -9999.0 -9999.0 -9999.0 -9999.0 -9999.0 -9999.0 -9999.0 -9999.0 -9999.0 -9999.0 -9999.0 -9999.0 -9999.0 -9999.0 -9999.0 -9999.0 -9999.0 -9999.0 -9999.0 -9999.0 -9999.0 -9999.0 -9999.0 -9999.0 -9999.0 -9999.0
-9999.0 -9999.0 -9999.0 -9999.0 -9999.0 -9999.0 -9999.0 -9999.0 -9999.0 -9999.0 -9999.0 -9999.0 -9999.0 -9999.0 -9999.0 -9999.0 -9999.0 -9999.0 -9999.0 -9999.0 -9999.0 -9999.0 -9999.0 -9999.0 -9999.0 -9999.0 -9999.0 -9999.0 -9999.0 -9999.0 -9999.0 -9999.0 -9999.0 -9999.0 -9999.0 -9999.0 -9999.0 -9999.0 -9999.0 -9999.0 -9999.0 -9999.0 -9999.0 -9999.0 -9999.0 -9999.0 -9999.0 -9999.0 -9999.0 -9999.0 -9999.0 -9999.0 -9999.0 -9999.0 -9999.0 -9999.0 -9999.0 -9999.0 -9999.0 -9999.0 -9999.0 -9999.0 -9999.0 -9999.0 -9999.0 -9999.0 -9999.0 -9999.0 -9999.0 -9999.0 -9999.0 -9999.0 -9999.0 -9999.0 -9999.0 -9999.0 -9999.0 -9999.0 -9999.0 -9999.0