Borden_/Borden1m_014/output_maps/psiliqL0025N0020.asc
ncols         80
nrows         18
xllcorner     620200.000000
yllcorner     5168000.000000
cellsize      1.000000
NODATA_value  -9999.0
-9999.0 -9999.0 -9999.0 -9999.0 -9999.0 -9999.0 -9999.0 -9999.0 -9999.0 -9999.0 -9999.0 -9999.0 -9999.0 -9999.0 -9999.0 -9999.0 -9999.0 -9999.0 -9999.0 -9999.0 -9999.0 -9999.0 -9999.0 -9999.0 -9999.0 -9999.0 -9999.0 -9999.0 -9999.0 -9999.0 -9999.0 -9999.0 -9999.0 -9999.0 -9999.0 -9999.0 -9999.0 -9999.0 -9999.0 -9999.0 -9999.0 -9999.0 -9999.0 -9999.0 -9999.0 -9999.0 -9999.0 -9999.0 -9999.0 -9999.0 -9999.0 -9999.0 -9999.0 -9999.0 -9999.0 -9999.0 -9999.0 -9999.0 -9999.0 -9999.0 -9999.0 -9999.0 -9999.0 -9999.0 -9999.0 -9999.0 -9999.0 -9999.0 -9999.0 -9999.0 -9999.0 -9999.0 -9999.0 -9999.0 -9999.0 -9999.0 -9999.0 -9999.0 -9999.0 -9999.0
-9999.0 -9999.0 -9999.0 -9999.0 -9999.0 -9999.0 -9999.0 -9999.0 -9999.0 -9999.0 -9999.0 -9999.0 -9999.0 -9999.0 -9999.0 -9999.0 -9999.0 -9999.0 -9999.0 -9999.0 -9999.0 -9999.0 -9999.0 -9999.0 -9999.0 -9999.0 -9999.0 -9999.0 -9999.0 -9999.0 -9999.0 -9999.0 -9999.0 -9999.0 -9999.0 -9999.0 -9999.0 -9999.0 -9999.0 -9999.0 -9999.0 -9999.0 -9999.0 -9999.0 -9999.0 -9999.0 -9999.0 -9999.0 -9999.0 -9999.0 -9999.0 -9999.0 -9999.0 -9999.0 -9999.0 -9999.0 -9999.0 -9999.0 -9999.0 -9999.0 -9999.0 -9999.0 -9999.0 -9999.0 -9999.0 -9999.0 -9999.0 -9999.0 -9999.0 -9999.0 -9999.0 -9999.0 -9999.0 -9999.0 -9999.0 -9999.0 -9999.0 -9999.0 -9999.0 -9999.0
-9999.0 -9999.0 -9999.0 -9999.0 -9999.0 -9999.0 -9999.0 -9999.0 -9999.0 -9999.0 -9999.0 -9999.0 -9999.0 -9999.0 -9999.0 -9999.0 -9999.0 -9999.0 -9999.0 -9999.0 3125.638820 3126.646535 3104.811187 3070.566084 3042.128980 3043.710645 3076.421743 3116.706107 3155.079170 3162.295592 3142.996420 3146.408539 3141.685698 3137.143708 3137.257498 3144.705003 3150.985718 3160.593698 3167.446170 3165.094105 3157.687406 3152.550884 3154.850807 3156.493952 3162.688330 3148.567473 3164.471709 3179.760588 3184.682249 3182.059113 3159.314478 3147.458829 3139.762957 3124.556462 3151.285350 3163.264407 3186.424349 3191.333779 3189.704649 3163.686186 3133.837176 -9999.0 -9999.0 -9999.0 -9999.0 -9999.0 -9999.0 -9999.0 -9999.0 -9999.0 -9999.0 -9999.0 -9999.0 -9999.0 -9999.0 -9999.0 -9999.0 -9999.0 -9999.0 -9999.0
-9999.0 -9999.0 -9999.0 -9999.0 -9999.0 -9999.0 -9999.0 -9999.0 -9999.0 -9999.0 -9999.0 -9999.0 -9999.0 -9999.0 3035.883323 3026.905317 3023.768962 3030.805231 3062.992755 3092.925244 3104.497739 3096.793187 3096.327729 3071.339248 3048.262363 3060.502130 3089.378690 3119.295007 3152.114704 3169.079022 3157.610927 3154.652309 3161.375860 3179.894696 3187.792050 3183.965531 3167.130032 3190.008243 3203.068455 3207.422610 3205.269965 3195.338178 3204.156648 3218.116674 3211.062352 3195.850018 3206.628625 3221.627287 3232.743506 3224.679610 3167.909563 3155.969424 3153.318913 3149.722756 3137.223152 3133.763033 3162.402857 3162.526514 3155.752181 3139.011127 3106.205453 3061.365533 3042.972593 3083.944523 3128.072892 3184.517604 -9999.0 -9999.0 -9999.0 -9999.0 -9999.0 -9999.0 -9999.0 -9999.0 -9999.0 -9999.0 -9999.0 -9999.0 -9999.0 -9999.0
-9999.0 -9999.0 -9999.0 -9999.0 -9999.0 -9999.0 -9999.0 -9999.0 -9999.0 2981.700145 2984.565331 2991.212084 2993.277453 3008.069777 3004.612937 3011.131884 3014.854481 3041.498779 3070.473688 3103.457711 3129.950066 3120.205347 3118.440354 3122.122633 3116.488986 3123.896994 3143.635256 3178.854920 3209.782733 3244.610364 3210.884531 3205.703259 3222.841035 3263.923159 3287.045874 3288.932544 3270.186231 3286.238047 3309.491582 3325.139316 3321.494452 3315.468000 3341.125050 3356.137269 3350.394269 3329.129867 3327.557668 3334.958449 3364.226439 3314.095954 3248.970000 3210.808234 3226.767810 3205.978902 3180.227682 3170.362642 3171.510166 3191.867538 3180.674527 3147.976655 3115.246088 3104.237075 3088.075733 3109.526481 3133.374089 3179.994195 3220.260724 3250.430378 3250.313480 3233.350061 -9999.0 -9999.0 -9999.0 -9999.0 -9999.0 -9999.0 -9999.0 -9999.0 -9999.0 -9999.0
-9999.0 -9999.0 -9999.0 -9999.0 -9999.0 -9999.0 2903.060225 2913.495476 2934.172571 2936.837752 2963.117614 2968.246134 2982.719167 2999.378927 3020.446360 3032.731158 3057.183744 3086.372297 3121.715191 3158.711967 3184.812503 3173.665441 3177.652437 3196.783740 3223.276917 3241.919861 3263.877773 3300.884041 3372.298416 3408.184879 3401.050353 3401.728317 3409.803232 3459.769006 3523.449562 3534.437426 3513.836540 3500.693238 3523.981744 3561.110212 3559.395381 3558.202807 3571.030737 3581.717604 3608.469409 3597.799510 3561.994781 3556.398754 3562.811329 3540.675384 3472.622233 3415.726552 3396.888525 3350.951773 3268.694567 3226.120677 3249.598713 3277.630003 3256.394832 3207.637252 3176.540996 3171.655551 3161.221265 3154.811489 3167.721480 3190.738392 3215.306570 3229.639782 3218.276120 3197.913347 3176.742919 3148.861337 3151.701605 3176.847800 -9999.0 -9999.0 -9999.0 -9999.0 -9999.0 -9999.0
-9999.0 -9999.0 -9999.0 -9999.0 2853.537371 2866.329128 2851.583637 2877.533291 2909.339769 2942.688992 2969.986529 2996.533036 3018.903327 3044.812900 3077.296683 3098.931079 3130.399840 3159.211443 3204.749480 3265.191118 3308.840952 3321.957559 3330.009056 3380.469190 3436.305866 3483.105481 3501.530185 3527.071913 3572.222054 3628.403252 3650.619427 3653.457541 3670.331785 3713.083503 3768.772285 3803.708382 3786.153479 3777.224128 3787.068524 3801.154710 3823.289773 3823.365151 3824.476671 3828.499762 3835.999720 3834.342010 3807.998809 3774.697201 3761.801218 3751.820669 3714.377469 3642.743969 3612.420450 3583.862706 3542.212287 3488.610367 3440.958380 3441.785732 3387.785500 3333.598884 3283.946246 3276.102498 3256.168897 3240.620289 3223.492070 3235.966605 3248.154582 3233.501063 3204.090119 3175.431733 3162.749250 3145.480073 3134.519426 3165.858522 3183.824152 3213.518016 -9999.0 -9999.0 -9999.0 -9999.0
-9999.0 -9999.0 2794.708908 2840.023183 2896.809082 2902.781718 2896.241127 2898.916593 2924.998374 2973.882661 3030.262771 3066.601021 3094.909392 3124.131531 3173.058487 3234.648945 3293.921444 3335.700181 3392.732301 3461.290424 3519.917816 3546.573561 3555.395261 3590.637386 3644.880922 3713.303980 3741.077827 3767.339063 3798.830895 3834.931595 3827.813819 3838.649899 3850.850978 3863.086320 3877.565999 3884.434443 3879.652012 3875.068567 3856.557165 3851.464876 3857.966507 3865.818460 3864.945802 3850.339408 3846.372498 3861.298553 3867.415138 3865.411412 3862.720957 3867.726379 3863.640214 3815.823319 3797.271687 3782.201684 3770.767505 3724.868742 3658.535447 3626.054849 3604.928348 3564.357953 3491.369312 3453.824989 3414.649684 3380.101557 3342.873680 3329.647523 3297.406109 3265.571046 3227.192045 3186.784926 3168.274600 3154.168724 3154.023124 3154.935565 3172.830875 3188.601562 3204.645561 3212.760092 -9999.0 -9999.0
-9999.0 2692.702047 2764.330556 2877.602353 2954.802951 2988.211957 2996.807023 2999.748351 3023.688494 3054.065029 3140.039503 3189.716170 3271.665021 3307.886098 3348.001509 3437.275850 3530.555163 3573.319844 3611.645237 3674.414434 3739.427003 3786.175477 3812.328789 3792.971770 3831.945088 3860.481469 3868.211082 3874.941436 3874.674590 3866.189894 3859.585434 3866.295212 3863.378873 3844.289760 3828.301636 3826.583060 3823.200867 3799.964673 3772.502433 3757.130570 3758.616725 3783.478045 3770.425865 3749.090969 3744.691126 3766.289690 3787.501007 3776.865441 3763.750012 3780.296847 3814.771830 3839.384236 3841.010393 3859.408099 3880.491640 3851.661864 3829.961488 3786.402804 3769.593452 3744.264916 3687.730309 3633.009195 3585.155216 3536.823964 3484.629193 3435.703573 3388.344965 3341.471385 3288.484519 3255.989300 3231.891000 3189.269250 3176.802897 3183.233376 3178.551699 3177.222617 3183.957903 3190.609885 -9999.0 -9999.0
-9999.0 2597.375365 2736.964796 2905.571778 3044.733295 3084.526384 3146.655360 3201.048837 3214.051210 3160.516670 3259.195655 3474.251858 3593.485513 3610.184245 3684.694818 3778.524097 3763.110481 3794.088232 3816.921380 3841.453840 3861.200322 3875.062621 3873.223402 3867.927404 3851.517919 3843.531358 3842.672644 3840.591534 3823.284061 3804.410122 3787.668863 3784.605540 3766.836736 3717.941355 3684.947898 3667.725972 3649.226934 3635.679185 3608.325665 3582.502252 3566.296173 3577.089395 3574.991076 3561.319154 3556.895205 3575.143098 3605.969263 3603.705122 3614.990955 3634.482064 3669.856062 3707.693516 3726.859913 3755.792211 3791.253997 3838.763566 3847.873780 3870.210826 3873.258313 3862.302985 3816.132337 3764.906511 3735.666035 3680.620519 3621.173290 3559.597051 3511.036844 3466.574346 3411.737599 3377.788213 3338.762676 3285.540736 3242.596998 3234.664987 3201.427496 3188.309648 -9999.0 -9999.0 -9999.0 -9999.0
-9999.0 2496.601298 2676.780428 2906.387130 3194.098287 3265.891389 3465.014700 3577.986804 3616.498883 3682.799017 3569.663233 3770.638872 3821.701749 3816.254568 3830.374871 3833.301604 3847.384880 3846.842771 3841.773821 3830.831224 3821.343898 3816.849821 3815.758874 3807.865007 3795.284832 3780.718308 3768.878923 3757.563949 3721.178373 3689.467608 3650.788044 3638.469901 3594.696912 3503.506785 3464.969467 3427.038852 3367.048604 3369.359793 3376.252711 3352.522842 3333.189336 3305.733540 3334.768799 3345.019240 3349.001975 3344.891812 3354.785098 3382.571232 3429.638438 3463.568311 3502.200416 3549.731130 3579.828562 3618.718081 3658.457033 3710.479292 3741.342434 3770.056039 3818.507458 3855.404638 3878.032667 3864.258366 3845.301760 3801.127235 3741.165087 3692.025675 3663.358499 3613.307578 3570.036397 3526.624139 3480.402334 3427.892670 3366.783361 3313.317606 3279.514425 -9999.0 -9999.0 -9999.0 -9999.0 -9999.0
-9999.0 2276.390527 2540.545886 2796.408521 3067.989669 3405.983898 3572.399303 3667.057417 3729.478549 3710.307227 3731.675259 3738.498282 3775.336850 3782.284169 3760.833996 3747.253737 3730.008182 3728.919560 3741.949683 3714.800350 3684.800782 3671.596525 3672.470389 3661.775410 3638.111279 3623.246224 3613.968113 3595.721212 3552.879155 3503.270171 3420.182017 3386.733227 3309.291420 3270.374386 3234.263939 3188.020791 3144.935282 3150.591370 3174.164910 3166.073138 3145.628343 3128.814220 3158.010683 3177.595565 3190.634602 3174.647322 3181.203747 3215.199740 3261.166835 3301.011814 3344.348675 3391.672797 3432.917971 3471.887128 3492.936659 3532.362018 3574.090411 3615.318486 3684.936027 3762.547133 3797.976374 3832.274723 3861.490207 3883.234001 3840.582852 3814.014474 3790.548824 3767.408284 3721.577325 3676.424916 3635.905147 3571.880478 3512.387992 -9999.0 -9999.0 -9999.0 -9999.0 -9999.0 -9999.0 -9999.0
-9999.0 2163.348008 2358.224589 2552.128250 2787.978830 3011.817071 3228.929181 3319.015304 3388.363626 3456.341516 3508.333044 3545.271990 3571.002679 3592.322398 3569.679962 3524.240471 3492.348016 3497.245923 3488.730983 3467.722795 3440.218960 3427.439856 3425.018216 3420.361373 3399.298754 3389.153735 3382.547037 3364.904931 3339.721848 3287.782453 3217.059123 3146.212790 3093.231963 3073.967917 3051.876381 3025.552052 2999.153135 3012.789252 3025.795171 3025.996171 3019.617089 3019.886206 3048.929427 3068.664592 3078.097027 3067.103467 3085.102056 3108.038184 3144.662976 3182.674061 3226.722841 3276.138971 3323.888575 3343.726632 3345.825619 3357.409536 3384.728366 3427.652010 3503.500782 3588.921850 3665.531678 3710.536864 3760.942387 3800.542448 3828.252446 3853.861309 3875.674765 3868.291499 3842.720553 3809.611182 3751.425205 -9999.0 -9999.0 -9999.0 -9999.0 -9999.0 -9999.0 -9999.0 -9999.0 -9999.0
-9999.0 -9999.0 2132.196222 2286.155060 2385.791881 2549.757878 2694.803740 2805.239428 2871.256706 3001.062963 3120.891344 3211.718791 3257.320179 3272.703894 3258.770996 3230.191849 3212.865896 3212.542905 3201.069978 3194.759388 3180.479319 3175.422867 3165.122575 3158.127653 3154.281174 3153.990697 3152.244113 3144.743975 3128.703264 3088.178630 3051.846204 3008.401023 2969.815142 2948.668679 2930.956689 2914.340519 2918.683130 2914.268362 2920.149423 2923.361471 2933.168557 2947.478269 2966.927020 2985.135701 2994.685465 3004.640061 3015.306190 3036.620060 3066.175199 3105.739447 3156.463187 3209.978574 3245.207447 3251.589352 3233.360383 3228.158796 3236.111967 3264.696832 3327.681459 3396.232475 3484.984726 3549.834100 3616.370859 3671.873859 3698.267279 3734.639480 3804.247314 3852.228510 3893.924525 3871.565402 -9999.0 -9999.0 -9999.0 -9999.0 -9999.0 -9999.0 -9999.0 -9999.0 -9999.0 -9999.0
-9999.0 -9999.0 -9999.0 -9999.0 2147.137451 2294.764696 2392.640809 2473.162965 2607.932955 2739.915107 2809.325377 2895.409028 2963.679183 2979.979724 2980.335096 2996.570119 2995.549819 2986.601914 2975.947386 2980.845128 2985.856665 2980.132469 2973.077007 2967.364437 2971.859580 2980.554564 2979.868661 2968.334445 2951.817528 2938.768718 2927.007778 2897.730022 2866.961821 2841.082389 2830.464129 2828.511552 2829.617362 2822.578796 2831.576081 2840.849093 2857.099138 2872.412953 2895.963988 2925.531489 2940.165724 2954.741725 2963.188363 2981.489872 3005.910056 3056.916880 3118.078885 3173.968807 3206.842810 3206.828788 3178.352841 3156.392792 3143.767008 3160.975561 3189.268205 3239.833180 3328.522776 3390.133318 3435.404060 3474.136123 3510.328104 3574.896724 3668.581777 3749.383224 -9999.0 -9999.0 -9999.0 -9999.0 -9999.0 -9999.0 -9999.0 -9999.0 -9999.0 -9999.0 -9999.0 -9999.0
-9999.0 -9999.0 -9999.0 -9999.0 -9999.0 -9999.0 2123.733528 2229.861763 2298.202406 2452.000785 2598.280514 2707.772447 2793.033669 2830.342633 2822.317702 2852.405283 2852.980721 2832.826331 2811.117836 2832.990754 2852.288568 2846.136251 2814.228273 2816.287059 2824.172894 2833.179388 2832.057224 2827.798059 2805.139021 2823.750063 2830.139206 2809.638581 2786.552855 2799.114956 2787.661819 2797.381897 2797.229963 2782.532614 2781.227555 2792.471188 2813.741699 2826.760904 2847.820905 2880.998677 2913.403960 2928.920165 2929.578369 2933.976123 2970.299745 3034.501921 3104.877477 3159.319882 3189.400348 3193.759095 3163.110502 3118.051804 3091.624774 3090.214361 3114.158818 3153.163890 3213.029891 3248.873808 3259.753539 3260.657784 3272.653336 3371.410245 -9999.0 -9999.0 -9999.0 -9999.0 -9999.0 -9999.0 -9999.0 -9999.0 -9999.0 -9999.0 -9999.0 -9999.0 -9999.0 -9999.0
-9999.0 -9999.0 -9999.0 -9999.0 -9999.0 -9999.0 -9999.0 -9999.0 -9999.0 -9999.0 -9999.0 -9999.0 -9999.0 -9999.0 -9999.0 -9999.0 -9999.0 -9999.0 -9999.0 -9999.0 -9999.0 -9999.0 -9999.0 -9999.0 -9999.0 -9999.0 -9999.0 -9999.0 -9999.0 -9999.0 -9999.0 -9999.0 -9999.0 -9999.0 -9999.0 -9999.0 -9999.0 -9999.0 -9999.0 -9999.0 -9999.0 -9999.0 -9999.0 -9999.0 -9999.0 -9999.0 -9999.0 -9999.0 -9999.0 -9999.0 -9999.0 -9999.0 -9999.0 -9999.0 -9999.0 -9999.0 -9999.0 -9999.0 -9999.0 -9999.0 -9999.0 -9999.0 -9999.0 -9999.0 -9999.0 -9999.0 -9999.0 -9999.0 -9999.0 -9999.0 -9999.0 -9999.0 -9999.0 -9999.0 -9999.0 -9999.0 -9999.0 -9999.0 -9999.0 -9999.0
-9999.0 -9999.0 -9999.0 -9999.0 -9999.0 -9999.0 -9999.0 -9999.0 -9999.0 -9999.0 -9999.0 -9999.0 -9999.0 -9999.0 -9999.0 -9999.0 -9999.0 -9999.0 -9999.0 -9999.0 -9999.0 -9999.0 -9999.0 -9999.0 -9999.0 -9999.0 -9999.0 -9999.0 -9999.0 -9999.0 -9999.0 -9999.0 -9999.0 -9999.0 -9999.0 -9999.0 -9999.0 -9999.0 -9999.0 -9999.0 -9999.0 -9999.0 -9999.0 -9999.0 -9999.0 -9999.0 -9999.0 -9999.0 -9999.0 -9999.0 -9999.0 -9999.0 -9999.0 -9999.0 -9999.0 -9999.0 -9999.0 -9999.0 -9999.0 -9999.0 -9999.0 -9999.0 -9999.0 -9999.0 -9999.0 -9999.0 -9999.0 -9999.0 -9999.0 -9999.0 -9999.0 -9999.0 -9999.0 -9999.0 -9999.0 -9999.0 -9999.0 -9999.0 -9999.0 -9999.0