Borden_/Borden1m_014/output_maps/psiliqL0015N0015.asc
ncols         80
nrows         18
xllcorner     620200.000000
yllcorner     5168000.000000
cellsize      1.000000
NODATA_value  -9999.0
-9999.0 -9999.0 -9999.0 -9999.0 -9999.0 -9999.0 -9999.0 -9999.0 -9999.0 -9999.0 -9999.0 -9999.0 -9999.0 -9999.0 -9999.0 -9999.0 -9999.0 -9999.0 -9999.0 -9999.0 -9999.0 -9999.0 -9999.0 -9999.0 -9999.0 -9999.0 -9999.0 -9999.0 -9999.0 -9999.0 -9999.0 -9999.0 -9999.0 -9999.0 -9999.0 -9999.0 -9999.0 -9999.0 -9999.0 -9999.0 -9999.0 -9999.0 -9999.0 -9999.0 -9999.0 -9999.0 -9999.0 -9999.0 -9999.0 -9999.0 -9999.0 -9999.0 -9999.0 -9999.0 -9999.0 -9999.0 -9999.0 -9999.0 -9999.0 -9999.0 -9999.0 -9999.0 -9999.0 -9999.0 -9999.0 -9999.0 -9999.0 -9999.0 -9999.0 -9999.0 -9999.0 -9999.0 -9999.0 -9999.0 -9999.0 -9999.0 -9999.0 -9999.0 -9999.0 -9999.0
-9999.0 -9999.0 -9999.0 -9999.0 -9999.0 -9999.0 -9999.0 -9999.0 -9999.0 -9999.0 -9999.0 -9999.0 -9999.0 -9999.0 -9999.0 -9999.0 -9999.0 -9999.0 -9999.0 -9999.0 -9999.0 -9999.0 -9999.0 -9999.0 -9999.0 -9999.0 -9999.0 -9999.0 -9999.0 -9999.0 -9999.0 -9999.0 -9999.0 -9999.0 -9999.0 -9999.0 -9999.0 -9999.0 -9999.0 -9999.0 -9999.0 -9999.0 -9999.0 -9999.0 -9999.0 -9999.0 -9999.0 -9999.0 -9999.0 -9999.0 -9999.0 -9999.0 -9999.0 -9999.0 -9999.0 -9999.0 -9999.0 -9999.0 -9999.0 -9999.0 -9999.0 -9999.0 -9999.0 -9999.0 -9999.0 -9999.0 -9999.0 -9999.0 -9999.0 -9999.0 -9999.0 -9999.0 -9999.0 -9999.0 -9999.0 -9999.0 -9999.0 -9999.0 -9999.0 -9999.0
-9999.0 -9999.0 -9999.0 -9999.0 -9999.0 -9999.0 -9999.0 -9999.0 -9999.0 -9999.0 -9999.0 -9999.0 -9999.0 -9999.0 -9999.0 -9999.0 -9999.0 -9999.0 -9999.0 -9999.0 1149.734298 1152.698020 1131.629598 1099.247209 1072.883763 1076.769723 1112.776274 1155.284629 1194.972813 1205.963124 1189.654612 1194.520074 1192.765343 1194.214092 1199.001264 1207.834202 1213.638568 1225.380507 1233.774108 1232.930742 1226.319741 1220.812001 1220.951837 1223.625212 1229.051021 1218.082527 1232.483260 1247.746244 1252.264312 1245.827246 1216.726147 1198.542465 1186.671658 1168.518621 1190.870166 1200.465203 1221.009865 1223.031334 1219.472420 1191.113235 1160.200282 -9999.0 -9999.0 -9999.0 -9999.0 -9999.0 -9999.0 -9999.0 -9999.0 -9999.0 -9999.0 -9999.0 -9999.0 -9999.0 -9999.0 -9999.0 -9999.0 -9999.0 -9999.0 -9999.0
-9999.0 -9999.0 -9999.0 -9999.0 -9999.0 -9999.0 -9999.0 -9999.0 -9999.0 -9999.0 -9999.0 -9999.0 -9999.0 -9999.0 1055.088809 1046.506960 1045.122780 1055.048096 1090.206125 1121.813586 1134.344256 1127.987057 1129.508791 1107.742858 1089.275189 1105.486472 1137.139998 1170.009711 1205.428449 1226.502457 1217.016951 1217.619138 1231.019598 1260.209401 1275.987211 1275.535871 1257.699362 1281.995719 1297.388528 1304.741755 1303.132702 1293.825235 1305.657308 1320.718944 1313.851979 1297.582586 1304.407667 1317.289254 1329.021792 1314.221452 1248.088247 1225.105291 1216.762058 1207.097651 1190.639908 1182.125626 1205.118655 1202.425532 1191.888594 1172.151920 1138.078803 1093.132801 1073.303744 1110.695382 1153.114904 1209.170514 -9999.0 -9999.0 -9999.0 -9999.0 -9999.0 -9999.0 -9999.0 -9999.0 -9999.0 -9999.0 -9999.0 -9999.0 -9999.0 -9999.0
-9999.0 -9999.0 -9999.0 -9999.0 -9999.0 -9999.0 -9999.0 -9999.0 -9999.0 994.621489 999.922319 1008.191760 1011.727139 1028.584644 1027.186755 1035.809555 1044.425460 1073.497104 1106.764646 1144.058862 1174.476297 1167.204059 1169.646859 1182.289144 1189.203989 1204.742694 1228.893259 1270.263012 1309.587792 1350.556511 1323.622248 1325.259868 1351.003128 1405.806368 1443.169898 1452.629956 1436.615948 1446.858555 1471.123957 1490.772212 1487.944021 1483.760222 1507.311703 1520.480466 1521.073123 1502.527250 1493.763181 1496.700059 1522.508691 1469.774283 1399.404051 1342.418450 1340.805805 1307.703028 1268.410832 1246.323341 1240.027343 1256.090636 1237.666371 1198.006970 1159.758919 1146.534918 1126.941441 1142.249660 1162.592381 1207.099128 1244.637875 1271.566975 1269.558914 1250.993901 -9999.0 -9999.0 -9999.0 -9999.0 -9999.0 -9999.0 -9999.0 -9999.0 -9999.0 -9999.0
-9999.0 -9999.0 -9999.0 -9999.0 -9999.0 -9999.0 915.033333 925.367457 946.586892 951.844481 978.339268 986.833058 1008.798123 1029.671913 1053.311300 1071.945222 1104.170845 1139.846951 1184.254073 1231.473067 1266.666487 1263.452029 1276.295613 1311.200986 1357.938474 1393.260228 1421.621089 1461.759648 1535.878955 1576.425840 1584.173247 1593.794659 1613.602464 1676.190117 1747.179147 1764.891055 1747.381033 1734.254402 1753.175886 1785.736484 1787.301478 1786.034146 1794.913585 1803.473624 1829.236827 1822.282788 1788.056835 1778.446795 1778.452097 1760.619142 1693.329647 1617.869710 1575.323261 1521.788350 1437.665363 1381.304331 1383.104616 1393.447354 1358.334353 1300.668464 1256.792432 1242.356437 1223.543815 1207.318873 1210.949581 1227.387839 1247.083224 1255.878914 1240.670145 1217.682414 1193.525055 1163.109362 1163.417450 1187.461191 -9999.0 -9999.0 -9999.0 -9999.0 -9999.0 -9999.0
-9999.0 -9999.0 -9999.0 -9999.0 864.300856 878.147081 866.780434 893.090240 926.950271 962.367725 995.483867 1033.790168 1062.824180 1095.416874 1138.794771 1176.640383 1221.703281 1261.414646 1322.662207 1399.763609 1456.343396 1482.145666 1499.589458 1564.708773 1641.130419 1703.650891 1727.980085 1753.818528 1792.534973 1847.037588 1872.023717 1880.553154 1903.458945 1945.895466 1996.623859 2030.990608 2016.433130 2010.063990 2015.741507 2025.211055 2045.956438 2045.458885 2046.298946 2048.353696 2053.282259 2054.270309 2033.928289 2004.898160 1993.446349 1984.174410 1952.057941 1878.836919 1837.191490 1807.349744 1774.264061 1721.382200 1651.204501 1622.621298 1556.954713 1495.464812 1429.516724 1401.205369 1364.082707 1333.811066 1300.523551 1297.329240 1296.212347 1271.886713 1236.300161 1201.184326 1183.623959 1162.445957 1149.232642 1177.366310 1193.376630 1222.532102 -9999.0 -9999.0 -9999.0 -9999.0
-9999.0 -9999.0 803.328472 852.809034 911.231443 921.805249 923.998978 931.567887 961.607204 1015.424538 1092.359544 1144.611917 1188.854263 1226.093441 1291.164823 1377.323451 1454.045105 1508.094901 1578.365977 1664.039140 1733.596387 1767.515652 1783.458936 1824.003868 1883.888755 1949.874730 1977.544377 2001.758845 2028.678925 2058.128791 2067.007907 2081.417483 2092.400754 2098.690079 2106.093207 2108.238003 2104.558163 2100.468210 2082.974930 2078.943556 2084.952429 2089.494623 2090.734266 2077.746149 2074.351114 2088.801867 2094.637868 2096.414313 2098.153231 2106.041617 2108.487269 2067.998504 2031.400006 2016.939425 2007.498588 1963.590429 1897.918826 1852.860436 1827.988942 1784.989863 1705.403245 1644.567854 1584.724194 1530.730142 1472.369703 1432.613136 1378.746201 1330.268817 1278.838912 1228.541690 1201.111455 1179.384983 1173.431479 1170.060096 1183.622237 1196.946335 1210.784666 1217.794973 -9999.0 -9999.0
-9999.0 699.379803 772.436607 899.986792 982.457326 1030.300190 1065.259788 1090.288221 1120.527158 1148.787680 1255.610604 1347.670508 1441.044954 1482.313687 1540.907339 1651.042659 1750.924435 1800.237870 1843.793646 1907.133798 1969.492281 2014.914646 2040.789645 2050.753698 2086.741807 2102.459950 2106.732675 2110.049410 2105.470161 2096.320693 2086.591687 2092.904136 2090.532264 2073.059532 2056.766879 2051.745912 2045.412045 2022.656981 1996.463901 1983.088727 1985.831731 2008.474098 1997.084401 1977.538626 1974.245369 1995.155663 2015.051591 2008.779123 2000.279668 2020.547141 2055.682191 2077.043320 2086.855417 2103.445368 2123.718034 2097.415545 2068.644223 2027.036411 2008.470321 1981.811635 1926.608468 1865.477720 1810.593039 1750.266169 1678.340142 1596.295616 1522.201211 1451.032679 1377.568166 1330.617171 1293.403950 1237.038033 1210.164740 1206.079449 1192.901332 1186.856226 1190.459584 1195.760802 -9999.0 -9999.0
-9999.0 618.468246 761.672970 948.101574 1100.601754 1165.989936 1275.237763 1357.184458 1385.572041 1358.563019 1469.804840 1696.502423 1802.400818 1822.503937 1897.444924 1990.637539 2012.341464 2046.641559 2071.438515 2084.810267 2094.087515 2102.491023 2099.098271 2093.098539 2079.809550 2073.940291 2074.504103 2073.266409 2057.021758 2037.416229 2017.777113 2012.202110 1994.008009 1950.447564 1914.601523 1890.622037 1869.882618 1850.272408 1820.017967 1795.551121 1781.909620 1797.869388 1791.966006 1776.356080 1772.837074 1794.140720 1826.226111 1824.755201 1837.637471 1865.513739 1910.003239 1950.352083 1972.855187 2002.895472 2038.940297 2081.073425 2094.828471 2115.708202 2120.041350 2102.609897 2061.483479 2012.807659 1982.783791 1926.363272 1857.140586 1776.244275 1705.118222 1630.878857 1552.308684 1498.164372 1440.879497 1371.817870 1307.115057 1272.443902 1225.896952 1201.825023 -9999.0 -9999.0 -9999.0 -9999.0
-9999.0 538.795921 727.637404 988.192741 1271.491611 1395.308020 1616.564603 1749.353052 1805.012033 1873.138252 1849.610015 1999.694830 2040.181926 2037.476100 2039.199528 2046.842492 2065.024088 2070.380822 2068.618133 2060.344351 2051.395963 2044.972682 2040.949535 2032.225650 2020.384496 2007.101651 1996.136081 1985.970050 1950.883443 1916.241447 1874.146205 1854.715629 1814.285824 1722.482749 1673.379599 1623.910279 1556.845186 1547.292721 1541.440181 1514.083646 1495.385948 1475.297852 1497.819292 1502.949986 1505.597102 1508.772804 1526.268651 1553.254724 1604.726706 1652.677805 1709.461590 1767.497930 1805.195101 1852.112344 1901.603159 1956.587763 1987.629183 2017.503567 2063.998941 2102.358103 2126.397887 2117.129407 2093.542555 2053.494965 1989.954605 1929.761051 1884.222306 1812.573566 1748.433212 1691.489694 1631.370183 1559.908752 1477.285121 1369.096181 1316.766472 -9999.0 -9999.0 -9999.0 -9999.0 -9999.0
-9999.0 357.711928 626.269925 916.704205 1238.034233 1583.796055 1732.112753 1865.343401 1938.820465 1909.416105 1919.215856 1940.008886 1981.038570 1990.301354 1974.043594 1969.074575 1960.558598 1962.137775 1975.688229 1949.736488 1917.832444 1897.750289 1891.655929 1876.701835 1852.356581 1836.097036 1825.650752 1807.491025 1760.709802 1704.545468 1609.861492 1570.393676 1490.231813 1432.302112 1383.867805 1327.278826 1271.006023 1267.331893 1284.034470 1269.592625 1247.820729 1229.823811 1256.845289 1275.057781 1287.548227 1276.395375 1286.223392 1324.134422 1377.669766 1428.175344 1485.392628 1545.331727 1597.587043 1655.445675 1700.151156 1755.925993 1805.170501 1853.981762 1930.511661 2009.307150 2047.026857 2082.139030 2116.272246 2135.127104 2088.616811 2045.645264 2001.883533 1949.723550 1877.984013 1838.437557 1808.582685 1748.371368 1682.072652 -9999.0 -9999.0 -9999.0 -9999.0 -9999.0 -9999.0 -9999.0
-9999.0 231.427050 450.414565 681.240749 970.086097 1217.231781 1423.671171 1546.450011 1632.935997 1674.912335 1713.545108 1748.148042 1778.196076 1801.381167 1782.895277 1747.603605 1722.007033 1727.163837 1722.544188 1696.328476 1659.305756 1630.846289 1619.112899 1606.315550 1578.017965 1561.888924 1550.932123 1528.583789 1494.711695 1436.044851 1350.127581 1272.796128 1209.097756 1175.613276 1143.796960 1108.180786 1070.106729 1078.988316 1091.274602 1087.815069 1077.481032 1074.767566 1104.210235 1123.482108 1133.830038 1122.452570 1142.163603 1170.018756 1213.692076 1259.753559 1312.272991 1370.544557 1428.124207 1463.676004 1485.326309 1516.370549 1561.068539 1624.431819 1724.060021 1826.652183 1910.720303 1962.137092 2014.647285 2051.622527 2068.580443 2084.383017 2065.838613 1993.457315 1889.685936 1903.052368 1909.096030 -9999.0 -9999.0 -9999.0 -9999.0 -9999.0 -9999.0 -9999.0 -9999.0 -9999.0
-9999.0 -9999.0 216.604199 395.178283 535.470049 719.223240 874.791499 991.696088 1085.293142 1202.284723 1309.647890 1393.656016 1437.493066 1455.310726 1442.513578 1411.040648 1390.883072 1391.060104 1379.932935 1366.228499 1340.446948 1324.747433 1308.044899 1296.064545 1283.318815 1276.404885 1270.599330 1259.040421 1236.505534 1188.296227 1136.815903 1083.131910 1028.242170 1001.607062 978.480862 955.527663 952.858734 948.547010 954.073794 955.567849 962.395810 975.045069 995.384780 1017.468391 1027.361468 1036.202999 1049.101986 1073.521327 1107.753470 1151.453694 1207.021787 1266.364259 1308.319545 1324.270906 1318.645889 1327.451171 1352.311669 1402.051148 1493.712211 1590.471337 1702.324783 1783.471696 1862.260274 1923.170811 1945.499840 1964.965228 1985.156768 1925.115202 1662.209596 1832.010287 -9999.0 -9999.0 -9999.0 -9999.0 -9999.0 -9999.0 -9999.0 -9999.0 -9999.0 -9999.0
-9999.0 -9999.0 -9999.0 -9999.0 253.793676 410.449054 508.981979 595.053658 725.867912 847.298366 948.336380 1031.359855 1092.223042 1118.621379 1114.113587 1118.687524 1114.039349 1108.059154 1097.531315 1093.921743 1089.128076 1078.029036 1061.303830 1051.808283 1051.066653 1054.960168 1052.093827 1038.267843 1020.410250 996.444542 974.409375 938.790713 901.755403 871.797007 857.925275 851.356876 850.665248 843.673933 852.391043 859.561211 874.789204 890.160576 914.081987 943.070749 956.748560 971.571495 981.568070 1002.561078 1033.542730 1087.695094 1151.976864 1210.663476 1247.595732 1253.674439 1230.916553 1217.664576 1216.998985 1249.332295 1301.090981 1377.437288 1490.562178 1574.939722 1647.880713 1712.576364 1756.997036 1810.493484 1876.676894 1912.405798 -9999.0 -9999.0 -9999.0 -9999.0 -9999.0 -9999.0 -9999.0 -9999.0 -9999.0 -9999.0 -9999.0 -9999.0
-9999.0 -9999.0 -9999.0 -9999.0 -9999.0 -9999.0 210.632315 312.449409 395.700237 533.030619 661.670615 762.080444 841.667214 872.566328 897.733239 924.072372 921.858440 903.422283 884.023101 900.972326 912.123674 904.368726 873.090641 871.162016 874.865835 882.833275 880.578096 874.040939 848.762919 859.121737 858.732617 834.813196 808.144209 793.634979 781.373958 790.639061 790.669907 777.099238 777.967024 804.603646 824.800389 838.087647 860.132026 893.423326 925.796605 940.948004 942.433004 948.871594 989.609012 1060.414707 1132.527403 1188.408293 1221.569145 1230.753438 1204.773800 1166.218338 1147.738695 1157.854319 1197.026141 1255.818821 1339.602395 1398.035452 1437.012240 1466.420802 1496.161195 1591.519649 -9999.0 -9999.0 -9999.0 -9999.0 -9999.0 -9999.0 -9999.0 -9999.0 -9999.0 -9999.0 -9999.0 -9999.0 -9999.0 -9999.0
-9999.0 -9999.0 -9999.0 -9999.0 -9999.0 -9999.0 -9999.0 -9999.0 -9999.0 -9999.0 -9999.0 -9999.0 -9999.0 -9999.0 -9999.0 -9999.0 -9999.0 -9999.0 -9999.0 -9999.0 -9999.0 -9999.0 -9999.0 -9999.0 -9999.0 -9999.0 -9999.0 -9999.0 -9999.0 -9999.0 -9999.0 -9999.0 -9999.0 -9999.0 -9999.0 -9999.0 -9999.0 -9999.0 -9999.0 -9999.0 -9999.0 -9999.0 -9999.0 -9999.0 -9999.0 -9999.0 -9999.0 -9999.0 -9999.0 -9999.0 -9999.0 -9999.0 -9999.0 -9999.0 -9999.0 -9999.0 -9999.0 -9999.0 -9999.0 -9999.0 -9999.0 -9999.0 -9999.0 -9999.0 -9999.0 -9999.0 -9999.0 -9999.0 -9999.0 -9999.0 -9999.0 -9999.0 -9999.0 -9999.0 -9999.0 -9999.0 -9999.0 -9999.0 -9999.0 -9999.0
-9999.0 -9999.0 -9999.0 -9999.0 -9999.0 -9999.0 -9999.0 -9999.0 -9999.0 -9999.0 -9999.0 -9999.0 -9999.0 -9999.0 -9999.0 -9999.0 -9999.0 -9999.0 -9999.0 -9999.0 -9999.0 -9999.0 -9999.0 -9999.0 -9999.0 -9999.0 -9999.0 -9999.0 -9999.0 -9999.0 -9999.0 -9999.0 -9999.0 -9999.0 -9999.0 -9999.0 -9999.0 -9999.0 -9999.0 -9999.0 -9999.0 -9999.0 -9999.0 -9999.0 -9999.0 -9999.0 -9999.0 -9999.0 -9999.0 -9999.0 -9999.0 -9999.0 -9999.0 -9999.0 -9999.0 -9999.0 -9999.0 -9999.0 -9999.0 -9999.0 -9999.0 -9999.0 -9999.0 -9999.0 -9999.0 -9999.0 -9999.0 -9999.0 -9999.0 -9999.0 -9999.0 -9999.0 -9999.0 -9999.0 -9999.0 -9999.0 -9999.0 -9999.0 -9999.0 -9999.0