Borden_/Borden1m_014/output_maps/psiliqL0000N0012.asc
ncols         80
nrows         18
xllcorner     620200.000000
yllcorner     5168000.000000
cellsize      1.000000
NODATA_value  -9999.0
-9999.0 -9999.0 -9999.0 -9999.0 -9999.0 -9999.0 -9999.0 -9999.0 -9999.0 -9999.0 -9999.0 -9999.0 -9999.0 -9999.0 -9999.0 -9999.0 -9999.0 -9999.0 -9999.0 -9999.0 -9999.0 -9999.0 -9999.0 -9999.0 -9999.0 -9999.0 -9999.0 -9999.0 -9999.0 -9999.0 -9999.0 -9999.0 -9999.0 -9999.0 -9999.0 -9999.0 -9999.0 -9999.0 -9999.0 -9999.0 -9999.0 -9999.0 -9999.0 -9999.0 -9999.0 -9999.0 -9999.0 -9999.0 -9999.0 -9999.0 -9999.0 -9999.0 -9999.0 -9999.0 -9999.0 -9999.0 -9999.0 -9999.0 -9999.0 -9999.0 -9999.0 -9999.0 -9999.0 -9999.0 -9999.0 -9999.0 -9999.0 -9999.0 -9999.0 -9999.0 -9999.0 -9999.0 -9999.0 -9999.0 -9999.0 -9999.0 -9999.0 -9999.0 -9999.0 -9999.0
-9999.0 -9999.0 -9999.0 -9999.0 -9999.0 -9999.0 -9999.0 -9999.0 -9999.0 -9999.0 -9999.0 -9999.0 -9999.0 -9999.0 -9999.0 -9999.0 -9999.0 -9999.0 -9999.0 -9999.0 -9999.0 -9999.0 -9999.0 -9999.0 -9999.0 -9999.0 -9999.0 -9999.0 -9999.0 -9999.0 -9999.0 -9999.0 -9999.0 -9999.0 -9999.0 -9999.0 -9999.0 -9999.0 -9999.0 -9999.0 -9999.0 -9999.0 -9999.0 -9999.0 -9999.0 -9999.0 -9999.0 -9999.0 -9999.0 -9999.0 -9999.0 -9999.0 -9999.0 -9999.0 -9999.0 -9999.0 -9999.0 -9999.0 -9999.0 -9999.0 -9999.0 -9999.0 -9999.0 -9999.0 -9999.0 -9999.0 -9999.0 -9999.0 -9999.0 -9999.0 -9999.0 -9999.0 -9999.0 -9999.0 -9999.0 -9999.0 -9999.0 -9999.0 -9999.0 -9999.0
-9999.0 -9999.0 -9999.0 -9999.0 -9999.0 -9999.0 -9999.0 -9999.0 -9999.0 -9999.0 -9999.0 -9999.0 -9999.0 -9999.0 -9999.0 -9999.0 -9999.0 -9999.0 -9999.0 -9999.0 -484.896249 -483.591622 -485.597515 -487.717142 -489.693869 -490.117937 -488.032651 -485.957677 -483.501262 -483.293002 -485.833908 -484.942575 -486.060421 -486.916312 -487.187812 -486.483258 -486.077349 -485.372664 -485.032125 -485.474390 -486.179655 -486.567809 -487.153089 -487.175943 -486.214415 -487.458828 -485.810792 -484.445312 -484.133069 -483.737909 -485.142736 -485.508152 -485.572495 -487.692738 -483.926777 -483.275383 -481.095643 -481.110606 -480.342113 -482.752888 -485.154784 -9999.0 -9999.0 -9999.0 -9999.0 -9999.0 -9999.0 -9999.0 -9999.0 -9999.0 -9999.0 -9999.0 -9999.0 -9999.0 -9999.0 -9999.0 -9999.0 -9999.0 -9999.0 -9999.0
-9999.0 -9999.0 -9999.0 -9999.0 -9999.0 -9999.0 -9999.0 -9999.0 -9999.0 -9999.0 -9999.0 -9999.0 -9999.0 -9999.0 -486.994814 -488.359281 -489.045517 -489.805803 -487.924325 -486.738361 -487.250180 -488.664291 -487.171007 -489.611770 -491.891116 -490.569034 -489.138250 -488.498358 -486.860752 -485.467383 -487.109211 -487.527313 -486.872806 -484.071112 -483.121581 -483.920724 -487.980914 -484.264508 -482.965217 -482.141149 -482.262861 -484.117204 -481.927170 -479.340479 -480.889523 -483.650940 -482.875009 -481.473099 -478.965503 -479.379559 -487.920100 -487.783638 -486.903608 -486.206408 -487.376044 -488.396113 -484.691633 -485.592068 -485.941591 -485.785734 -487.127493 -490.108646 -491.638211 -488.098081 -485.800824 -480.267332 -9999.0 -9999.0 -9999.0 -9999.0 -9999.0 -9999.0 -9999.0 -9999.0 -9999.0 -9999.0 -9999.0 -9999.0 -9999.0 -9999.0
-9999.0 -9999.0 -9999.0 -9999.0 -9999.0 -9999.0 -9999.0 -9999.0 -9999.0 -488.234065 -488.770100 -488.471283 -489.620924 -488.551813 -490.995906 -490.602376 -491.296214 -490.018576 -489.472347 -488.079720 -485.625049 -487.954219 -488.326791 -486.967469 -487.252822 -487.252949 -486.826975 -483.427095 -480.188859 -473.460142 -480.410740 -480.741751 -478.377915 -465.418425 -453.148479 -450.514282 -455.513885 -455.752238 -449.417587 -442.303041 -443.269559 -444.164702 -436.741736 -433.063938 -430.242301 -436.357587 -442.042143 -443.196715 -433.309315 -449.076766 -464.572478 -479.835035 -476.842307 -480.744743 -484.953900 -486.106016 -487.111812 -482.901951 -483.987798 -486.841675 -489.158887 -487.351863 -489.083052 -487.424675 -486.996347 -483.008770 -479.794157 -476.402203 -476.244449 -478.557778 -9999.0 -9999.0 -9999.0 -9999.0 -9999.0 -9999.0 -9999.0 -9999.0 -9999.0 -9999.0
-9999.0 -9999.0 -9999.0 -9999.0 -9999.0 -9999.0 -489.630232 -489.969017 -489.368924 -492.503186 -490.866938 -492.520107 -491.454018 -491.288351 -490.831919 -491.360455 -489.878304 -488.936516 -487.143198 -484.772618 -482.282429 -484.687757 -484.241351 -480.666318 -474.046329 -463.217469 -457.905372 -450.224462 -426.485245 -408.924139 -400.016224 -396.341958 -383.757253 -74.389963 0.031327 0.058393 0.036160 0.022738 0.033203 0.055180 0.059553 0.046235 0.051122 0.049384 0.087085 0.073655 0.047041 0.046607 0.047585 0.039977 -57.014136 -381.017789 -415.387113 -432.464704 -454.153947 -467.827830 -473.750129 -469.891596 -474.467322 -481.129947 -484.753500 -483.902518 -484.286338 -486.077493 -485.123883 -483.763439 -481.379933 -479.699105 -480.799654 -482.019652 -482.425214 -485.243050 -484.623229 -481.811000 -9999.0 -9999.0 -9999.0 -9999.0 -9999.0 -9999.0
-9999.0 -9999.0 -9999.0 -9999.0 -493.524997 -492.314563 -496.261438 -494.269537 -492.974591 -492.213553 -492.939430 -491.490207 -491.653454 -490.936048 -488.980790 -488.205064 -485.736413 -484.481902 -478.960965 -467.123164 -450.175433 -442.364551 -439.862797 -417.326541 -359.529149 -43.682205 0.021824 0.034938 0.042406 0.070194 0.091947 0.085609 0.095284 0.130153 0.192098 0.567166 0.224101 0.184360 0.221110 0.236412 0.672222 0.599394 0.752554 0.605916 2.081980 4.151914 0.299995 0.198030 0.200861 0.203241 0.146453 0.073351 0.060433 0.055359 0.044888 -29.212619 -356.745574 -395.772695 -425.002434 -441.326977 -460.615961 -469.560345 -474.471921 -476.882220 -481.285813 -479.908439 -478.081204 -480.142433 -482.599566 -484.974252 -484.548607 -485.499587 -487.327042 -483.338634 -482.603718 -478.802610 -9999.0 -9999.0 -9999.0 -9999.0
-9999.0 -9999.0 -493.114927 -493.589525 -490.637074 -493.106777 -494.563354 -496.616394 -496.316549 -493.866688 -489.559858 -489.083977 -487.105154 -486.640753 -480.970899 -463.712315 -444.328361 -432.099297 -408.065879 -282.637620 -19.064612 0.037411 0.041225 0.052954 0.078121 0.141029 0.173662 0.205588 0.257401 3.651683 28.987617 43.460317 50.084061 43.036478 42.449109 40.191791 38.439796 34.972099 18.629224 16.524024 23.588300 25.560937 29.164496 16.946338 13.167813 25.576025 27.557438 28.186324 30.529203 38.538653 49.513350 21.121985 0.221559 0.224060 0.258060 0.135678 0.079688 0.063773 0.069246 0.043493 -56.839079 -375.006667 -417.824393 -438.174803 -458.659503 -464.488756 -472.616699 -476.972984 -480.942252 -485.142974 -485.882225 -486.117226 -484.903616 -485.871158 -483.864081 -482.729871 -480.473143 -479.849558 -9999.0 -9999.0
-9999.0 -493.474186 -495.286446 -490.237999 -490.693367 -490.587200 -490.416351 -490.252485 -489.483465 -492.533377 -481.501417 -459.350404 -439.427815 -434.194016 -411.203128 -86.648580 0.028509 0.052288 0.064172 0.093215 0.145167 0.228046 0.375478 26.876882 49.884265 44.686326 41.776203 40.136756 31.736056 23.712412 13.643608 22.365653 21.228001 6.338082 0.357527 0.494177 0.435269 0.248578 0.181039 0.143588 0.164491 0.367514 0.219384 0.157735 0.129900 0.192925 0.374139 0.211486 0.137083 0.190998 0.331881 2.478109 18.686754 32.532156 52.627824 30.630732 0.560704 0.217391 0.226202 0.174580 0.113493 0.070269 0.043128 -37.670875 -356.896824 -421.512416 -446.279878 -461.746564 -472.924375 -476.516378 -478.387607 -484.531895 -485.478661 -483.245992 -484.064047 -484.110765 -483.268835 -482.710079 -9999.0 -9999.0
-9999.0 -499.277546 -494.341024 -490.002778 -485.779816 -488.312615 -468.381472 -451.260020 -447.838943 -458.631556 -421.691844 -22.236856 0.075738 0.054784 0.089331 0.200358 13.935436 35.167443 48.814511 38.933937 33.005592 34.442790 30.065340 21.488397 7.719954 2.254493 2.127068 0.884644 0.354641 0.266200 0.196783 0.285216 0.200460 0.128404 0.096222 0.088486 0.093596 0.081612 0.062987 0.052607 0.039127 0.080395 0.058449 0.044891 0.036948 0.051639 0.094852 0.061475 0.056177 0.070646 0.109089 0.145824 0.158515 0.184547 0.238342 3.532512 21.326969 40.544223 47.446660 23.082779 0.345874 0.184433 0.163415 0.109578 0.062848 0.017006 -69.344153 -388.972303 -425.666121 -442.561733 -459.596881 -470.018149 -478.556799 -478.948111 -483.333988 -482.755766 -9999.0 -9999.0 -9999.0 -9999.0
-9999.0 -499.387234 -494.773804 -486.073091 -467.929950 -439.553698 -67.972342 0.051196 0.078856 0.149632 0.330544 39.502592 46.707853 30.104819 3.812689 0.599385 4.756676 6.641379 3.121095 0.412455 0.322415 0.339489 0.384296 0.300312 0.251606 0.221551 0.212759 0.210204 0.148808 0.121415 0.083810 0.085712 0.058744 -35.214204 -282.346468 -377.632559 -415.012710 -417.166208 -422.396348 -433.393672 -438.246733 -442.256183 -436.866741 -438.428993 -439.102407 -436.302744 -429.304840 -424.807143 -407.120097 -377.708796 -62.135627 0.028568 0.047297 0.065902 0.088728 0.134874 0.167001 0.192834 0.361022 23.828989 44.002192 36.499006 8.614247 0.277862 0.155882 0.119020 0.108899 0.056451 0.028963 -57.935670 -365.798522 -418.643504 -449.087341 -467.042469 -472.109134 -9999.0 -9999.0 -9999.0 -9999.0 -9999.0
-9999.0 -507.292704 -494.142676 -487.397584 -451.812142 -77.479663 0.060782 0.306588 28.752830 0.283326 0.116897 0.156300 0.314226 0.336299 0.181036 0.184458 0.151490 0.138182 0.250344 0.134818 0.093667 0.080702 0.115255 0.092935 0.077322 0.073130 0.073911 0.065063 0.031610 -54.858784 -392.576476 -407.713330 -435.199551 -454.000657 -467.674227 -475.259678 -482.403845 -481.751841 -478.451890 -480.697813 -483.015397 -486.016606 -482.570304 -481.301279 -479.813688 -481.987961 -482.022790 -478.067723 -471.747232 -465.928806 -452.863060 -434.888829 -419.248258 -387.325614 -291.551132 -20.672080 0.042438 0.061017 0.105718 0.186931 0.246440 0.613901 34.524352 52.762399 15.732209 0.265359 0.222426 0.182163 0.128961 0.098387 0.060270 -6.747150 -319.793323 -9999.0 -9999.0 -9999.0 -9999.0 -9999.0 -9999.0 -9999.0
-9999.0 -511.530144 -496.951939 -496.133233 -483.214863 -456.895233 -417.167409 -296.117615 0.000603 0.029403 0.040514 0.048846 0.059559 0.095136 0.058645 0.039920 0.024907 0.036774 0.029399 -51.658088 -348.402406 -378.675085 -378.497535 -385.176916 -405.249705 -413.706022 -418.060226 -426.593326 -438.168429 -453.076586 -473.449351 -481.071015 -486.281520 -487.377447 -488.352116 -489.494758 -493.119741 -490.620442 -488.986185 -489.331403 -490.478064 -491.524869 -488.728302 -488.105663 -487.306468 -490.250412 -488.556388 -487.682054 -485.096794 -482.825697 -479.400353 -473.795876 -465.896378 -460.999899 -457.289888 -443.348925 -429.269549 -396.874627 -61.273482 0.044264 0.092846 0.122821 0.182248 0.275379 0.336382 9.843437 19.153777 2.275348 0.281855 0.245325 0.212186 -9999.0 -9999.0 -9999.0 -9999.0 -9999.0 -9999.0 -9999.0 -9999.0 -9999.0
-9999.0 -9999.0 -514.597061 -508.961406 -504.237973 -500.128675 -494.520605 -488.867180 -480.629716 -472.556007 -461.430537 -449.078523 -441.533722 -437.956664 -442.990532 -453.792178 -460.086726 -459.313191 -461.106561 -465.939535 -474.495916 -475.417878 -476.339620 -476.881199 -478.802679 -479.501828 -479.642617 -480.045442 -481.270635 -485.046937 -488.026528 -489.898411 -492.618298 -491.791626 -491.994254 -493.043152 -491.672019 -491.980911 -491.705085 -491.939183 -491.655938 -491.158091 -490.751832 -490.052018 -490.230779 -490.044795 -489.970241 -489.386147 -488.552811 -487.608482 -485.139238 -481.140887 -478.282134 -477.845807 -480.112451 -479.556120 -477.338466 -472.164236 -448.847206 -417.457708 -261.929486 -9.750811 0.057320 0.102180 0.119853 0.136603 0.205748 1.250827 1.466789 0.420631 -9999.0 -9999.0 -9999.0 -9999.0 -9999.0 -9999.0 -9999.0 -9999.0 -9999.0 -9999.0
-9999.0 -9999.0 -9999.0 -9999.0 -517.182540 -509.124129 -501.525816 -502.778417 -497.627914 -495.144011 -493.241565 -490.901579 -489.054132 -487.630123 -489.925734 -490.070228 -490.249201 -489.711133 -490.043329 -490.564996 -490.647710 -490.834780 -490.987311 -491.431083 -491.092335 -490.508490 -490.267503 -491.050106 -490.630243 -492.069634 -491.756081 -492.346343 -492.977302 -494.011626 -493.551932 -493.609980 -492.980143 -493.605149 -492.682423 -493.364175 -492.757524 -492.608333 -491.999750 -490.882750 -491.692511 -491.049655 -491.206986 -490.477165 -490.761926 -489.155365 -486.393849 -483.194463 -481.109982 -481.440861 -484.947398 -486.058744 -487.120082 -485.313967 -482.821237 -476.387641 -457.380831 -432.366381 -400.540439 -290.544986 -26.276240 0.038882 0.087622 0.173384 -9999.0 -9999.0 -9999.0 -9999.0 -9999.0 -9999.0 -9999.0 -9999.0 -9999.0 -9999.0 -9999.0 -9999.0
-9999.0 -9999.0 -9999.0 -9999.0 -9999.0 -9999.0 -513.496068 -509.418770 -510.873275 -508.001148 -505.588606 -503.888986 -501.012945 -501.733063 -500.845859 -498.258023 -498.571784 -499.705705 -501.214909 -498.892090 -497.880977 -497.561627 -500.008173 -499.200971 -498.940831 -497.994074 -498.094476 -497.545323 -499.620049 -496.861532 -495.459899 -495.736077 -495.986426 -495.317559 -495.825775 -494.129128 -493.925518 -495.251040 -495.698387 -493.871487 -493.473594 -493.911268 -493.770721 -492.782543 -491.180446 -491.097830 -492.051487 -493.473434 -492.196770 -489.100135 -486.054251 -483.657653 -482.144041 -481.359634 -483.952801 -487.794623 -489.762838 -490.392143 -489.434333 -487.617605 -481.595613 -477.896558 -475.125249 -471.599304 -461.470435 -430.974202 -9999.0 -9999.0 -9999.0 -9999.0 -9999.0 -9999.0 -9999.0 -9999.0 -9999.0 -9999.0 -9999.0 -9999.0 -9999.0 -9999.0
-9999.0 -9999.0 -9999.0 -9999.0 -9999.0 -9999.0 -9999.0 -9999.0 -9999.0 -9999.0 -9999.0 -9999.0 -9999.0 -9999.0 -9999.0 -9999.0 -9999.0 -9999.0 -9999.0 -9999.0 -9999.0 -9999.0 -9999.0 -9999.0 -9999.0 -9999.0 -9999.0 -9999.0 -9999.0 -9999.0 -9999.0 -9999.0 -9999.0 -9999.0 -9999.0 -9999.0 -9999.0 -9999.0 -9999.0 -9999.0 -9999.0 -9999.0 -9999.0 -9999.0 -9999.0 -9999.0 -9999.0 -9999.0 -9999.0 -9999.0 -9999.0 -9999.0 -9999.0 -9999.0 -9999.0 -9999.0 -9999.0 -9999.0 -9999.0 -9999.0 -9999.0 -9999.0 -9999.0 -9999.0 -9999.0 -9999.0 -9999.0 -9999.0 -9999.0 -9999.0 -9999.0 -9999.0 -9999.0 -9999.0 -9999.0 -9999.0 -9999.0 -9999.0 -9999.0 -9999.0
-9999.0 -9999.0 -9999.0 -9999.0 -9999.0 -9999.0 -9999.0 -9999.0 -9999.0 -9999.0 -9999.0 -9999.0 -9999.0 -9999.0 -9999.0 -9999.0 -9999.0 -9999.0 -9999.0 -9999.0 -9999.0 -9999.0 -9999.0 -9999.0 -9999.0 -9999.0 -9999.0 -9999.0 -9999.0 -9999.0 -9999.0 -9999.0 -9999.0 -9999.0 -9999.0 -9999.0 -9999.0 -9999.0 -9999.0 -9999.0 -9999.0 -9999.0 -9999.0 -9999.0 -9999.0 -9999.0 -9999.0 -9999.0 -9999.0 -9999.0 -9999.0 -9999.0 -9999.0 -9999.0 -9999.0 -9999.0 -9999.0 -9999.0 -9999.0 -9999.0 -9999.0 -9999.0 -9999.0 -9999.0 -9999.0 -9999.0 -9999.0 -9999.0 -9999.0 -9999.0 -9999.0 -9999.0 -9999.0 -9999.0 -9999.0 -9999.0 -9999.0 -9999.0 -9999.0 -9999.0