Borden_/Borden1m_014/output_maps/psiliqL0030N0038.asc
ncols         80
nrows         18
xllcorner     620200.000000
yllcorner     5168000.000000
cellsize      1.000000
NODATA_value  -9999.0
-9999.0 -9999.0 -9999.0 -9999.0 -9999.0 -9999.0 -9999.0 -9999.0 -9999.0 -9999.0 -9999.0 -9999.0 -9999.0 -9999.0 -9999.0 -9999.0 -9999.0 -9999.0 -9999.0 -9999.0 -9999.0 -9999.0 -9999.0 -9999.0 -9999.0 -9999.0 -9999.0 -9999.0 -9999.0 -9999.0 -9999.0 -9999.0 -9999.0 -9999.0 -9999.0 -9999.0 -9999.0 -9999.0 -9999.0 -9999.0 -9999.0 -9999.0 -9999.0 -9999.0 -9999.0 -9999.0 -9999.0 -9999.0 -9999.0 -9999.0 -9999.0 -9999.0 -9999.0 -9999.0 -9999.0 -9999.0 -9999.0 -9999.0 -9999.0 -9999.0 -9999.0 -9999.0 -9999.0 -9999.0 -9999.0 -9999.0 -9999.0 -9999.0 -9999.0 -9999.0 -9999.0 -9999.0 -9999.0 -9999.0 -9999.0 -9999.0 -9999.0 -9999.0 -9999.0 -9999.0
-9999.0 -9999.0 -9999.0 -9999.0 -9999.0 -9999.0 -9999.0 -9999.0 -9999.0 -9999.0 -9999.0 -9999.0 -9999.0 -9999.0 -9999.0 -9999.0 -9999.0 -9999.0 -9999.0 -9999.0 -9999.0 -9999.0 -9999.0 -9999.0 -9999.0 -9999.0 -9999.0 -9999.0 -9999.0 -9999.0 -9999.0 -9999.0 -9999.0 -9999.0 -9999.0 -9999.0 -9999.0 -9999.0 -9999.0 -9999.0 -9999.0 -9999.0 -9999.0 -9999.0 -9999.0 -9999.0 -9999.0 -9999.0 -9999.0 -9999.0 -9999.0 -9999.0 -9999.0 -9999.0 -9999.0 -9999.0 -9999.0 -9999.0 -9999.0 -9999.0 -9999.0 -9999.0 -9999.0 -9999.0 -9999.0 -9999.0 -9999.0 -9999.0 -9999.0 -9999.0 -9999.0 -9999.0 -9999.0 -9999.0 -9999.0 -9999.0 -9999.0 -9999.0 -9999.0 -9999.0
-9999.0 -9999.0 -9999.0 -9999.0 -9999.0 -9999.0 -9999.0 -9999.0 -9999.0 -9999.0 -9999.0 -9999.0 -9999.0 -9999.0 -9999.0 -9999.0 -9999.0 -9999.0 -9999.0 -9999.0 4125.027936 4125.473027 4103.914317 4069.588302 4041.142755 4042.732656 4074.992611 4115.309449 4154.114113 4160.523323 4140.880592 4144.947032 4140.397532 4134.671214 4134.012805 4141.942934 4149.271059 4158.425467 4164.892772 4161.978013 4154.219666 4149.256883 4152.640450 4153.781927 4160.343770 4144.603154 4161.235249 4177.830638 4182.270958 4180.165653 4157.295983 4146.392665 4138.668356 4123.075528 4150.400167 4162.124400 4185.975042 4190.906953 4188.983126 4162.538665 4132.620612 -9999.0 -9999.0 -9999.0 -9999.0 -9999.0 -9999.0 -9999.0 -9999.0 -9999.0 -9999.0 -9999.0 -9999.0 -9999.0 -9999.0 -9999.0 -9999.0 -9999.0 -9999.0 -9999.0
-9999.0 -9999.0 -9999.0 -9999.0 -9999.0 -9999.0 -9999.0 -9999.0 -9999.0 -9999.0 -9999.0 -9999.0 -9999.0 -9999.0 4035.000097 4026.423967 4023.348848 4030.081702 4061.997951 4092.103932 4103.449385 4095.784452 4095.304559 4069.958689 4046.102722 4057.981119 4087.005275 4116.864122 4149.684422 4165.904216 4154.855170 4151.914353 4157.700489 4175.111525 4181.353505 4177.308626 4160.262323 4184.831366 4197.218743 4200.290792 4197.893760 4187.620974 4194.965211 4208.429482 4201.239857 4186.503235 4199.319223 4215.276301 4225.388544 4218.912890 4162.465833 4152.791463 4150.002826 4146.979416 4134.410142 4131.619678 4161.296495 4161.054563 4154.509686 4137.867866 4104.657941 4059.399486 4040.691914 4082.368424 4126.370638 4182.765367 -9999.0 -9999.0 -9999.0 -9999.0 -9999.0 -9999.0 -9999.0 -9999.0 -9999.0 -9999.0 -9999.0 -9999.0 -9999.0 -9999.0
-9999.0 -9999.0 -9999.0 -9999.0 -9999.0 -9999.0 -9999.0 -9999.0 -9999.0 3977.611876 3983.922304 3990.575450 3992.884381 4007.576687 4003.703366 4010.243752 4012.900074 4039.957666 4068.610131 4101.281507 4127.368404 4117.827254 4115.694372 4117.176069 4108.161705 4114.281024 4134.111439 4169.665569 4198.223880 4231.857771 4196.696000 4190.818788 4207.730597 4247.039827 4266.567158 4266.582978 4247.592732 4267.364395 4290.552181 4304.264479 4300.057241 4293.008182 4319.778397 4335.768614 4326.790419 4304.159411 4306.500165 4316.350427 4346.866556 4295.706753 4228.984254 4194.449112 4214.083281 4195.533231 4173.463149 4165.534233 4167.649996 4188.385207 4177.937061 4145.266683 4113.217983 4101.499792 4085.220242 4108.039031 4132.098248 4178.989803 4219.657480 4250.077115 4249.605765 4232.553554 -9999.0 -9999.0 -9999.0 -9999.0 -9999.0 -9999.0 -9999.0 -9999.0 -9999.0 -9999.0
-9999.0 -9999.0 -9999.0 -9999.0 -9999.0 -9999.0 3899.163686 3909.854846 3930.533148 3932.139111 3958.716678 3962.973299 3980.891851 3997.023368 4018.519130 4029.708334 4052.631357 4081.269927 4115.338050 4150.811520 4176.683674 4162.758532 4166.691743 4182.299281 4204.731045 4220.125970 4242.293102 4280.165042 4352.635369 4388.416575 4376.312207 4376.033265 4384.001663 4435.287996 4499.621951 4509.077566 4488.154330 4475.729596 4501.171215 4540.023427 4536.121810 4534.718710 4549.585332 4561.237333 4588.333521 4576.068424 4540.157429 4537.386965 4547.024804 4520.985467 4447.907807 4391.918705 4377.344225 4329.598299 4244.305439 4205.009944 4234.932305 4266.120450 4246.724466 4198.287526 4168.548934 4164.876943 4155.242049 4150.717328 4165.503415 4189.918207 4214.497115 4229.322184 4217.884545 4197.240265 4176.099441 4148.277693 4151.332084 4176.321412 -9999.0 -9999.0 -9999.0 -9999.0 -9999.0 -9999.0
-9999.0 -9999.0 -9999.0 -9999.0 3850.083997 3862.705375 3846.629310 3872.857717 3904.159900 3937.143138 3962.777069 3992.397541 4013.857034 4039.073969 4069.403004 4086.855445 4115.576194 4143.434143 4188.519980 4247.710941 4290.164178 4300.544377 4307.864478 4357.930251 4413.776168 4459.755388 4478.619564 4505.361123 4554.317035 4611.664451 4633.328419 4635.190448 4652.236439 4698.976407 4759.189238 4795.456647 4777.159066 4767.446983 4779.314410 4795.158190 4817.343272 4817.349223 4818.519735 4823.521627 4832.355686 4829.803447 4801.437417 4767.184224 4753.910582 4742.959196 4700.732289 4626.093077 4597.785848 4567.012955 4518.713805 4462.077951 4420.109216 4426.283061 4370.336206 4313.844719 4266.880858 4262.899415 4245.288738 4231.687492 4217.476384 4232.611946 4246.797658 4232.923072 4203.205048 4174.587904 4162.240798 4145.119482 4133.722975 4165.368069 4183.435681 4212.643697 -9999.0 -9999.0 -9999.0 -9999.0
-9999.0 -9999.0 3791.603033 3835.350095 3892.015761 3896.720872 3886.952796 3888.268992 3913.422681 3961.252619 4019.053143 4051.543938 4075.838695 4105.427310 4153.589478 4210.412352 4267.682805 4309.988388 4369.462519 4440.351990 4499.902304 4525.895386 4533.690110 4570.348306 4627.178080 4700.560389 4730.169266 4757.930806 4791.748145 4830.780721 4815.582987 4825.159630 4839.126810 4855.634188 4874.067441 4883.054981 4877.518341 4872.765770 4853.805237 4848.007482 4854.368091 4863.625346 4861.705727 4846.524590 4842.516945 4858.042099 4865.131019 4862.472733 4858.596770 4862.701045 4855.091427 4802.682614 4792.206209 4775.850819 4762.188139 4714.197059 4645.070284 4614.296885 4590.761424 4547.407241 4472.666205 4438.190212 4400.287978 4367.652615 4332.436530 4322.916898 4293.066470 4262.378697 4224.765807 4184.815394 4166.639108 4153.370233 4153.506011 4154.253937 4172.497119 4188.269943 4204.352614 4212.478874 -9999.0 -9999.0
-9999.0 3679.240234 3749.320597 3868.595240 3944.958430 3978.610995 3978.610584 3974.659096 3999.098292 4034.500104 4115.894408 4153.410259 4236.244670 4276.278649 4315.457905 4405.757462 4503.741667 4549.279256 4590.872798 4659.327078 4728.967117 4777.903543 4805.177186 4772.872191 4815.626761 4852.342779 4862.769855 4871.485662 4873.261066 4864.570315 4858.811134 4865.198922 4861.844405 4841.848229 4824.999586 4822.947211 4819.359572 4795.326725 4767.234106 4750.925183 4751.503032 4777.367773 4763.585231 4741.856327 4737.298007 4759.510954 4782.235354 4771.066735 4757.666437 4774.500891 4810.147826 4837.185237 4835.178745 4854.605173 4875.931014 4845.459821 4826.476430 4780.513181 4762.871685 4736.850770 4677.876065 4622.801092 4573.780237 4525.574138 4473.973852 4427.191995 4380.171154 4333.384480 4281.243998 4249.037590 4225.793583 4184.920986 4174.494985 4182.145572 4178.219926 4177.008556 4183.710715 4190.338292 -9999.0 -9999.0
-9999.0 3576.344494 3713.324874 3887.609684 4028.004297 4062.699411 4110.993851 4160.397810 4171.378554 4108.258036 4210.734631 4432.164808 4566.112290 4586.832550 4666.748091 4767.800574 4739.059286 4772.248766 4797.343643 4830.115708 4856.324771 4873.060817 4871.965680 4867.497454 4850.471028 4842.341410 4841.317154 4839.021127 4820.982595 4801.451610 4784.214910 4780.455663 4761.374318 4708.555616 4674.085771 4655.195119 4633.418239 4620.846670 4594.506925 4567.747435 4549.697998 4557.692530 4557.916505 4545.717048 4541.338412 4558.569052 4589.638200 4589.461899 4603.973522 4624.160025 4659.856923 4699.676638 4719.376302 4749.340865 4785.740285 4836.288798 4843.121011 4866.081746 4868.372520 4860.723186 4812.096254 4758.963504 4728.869334 4672.161465 4612.390516 4550.496539 4500.691575 4455.705213 4399.812190 4366.761353 4328.550053 4275.145235 4235.051207 4231.395760 4199.223705 4188.011533 -9999.0 -9999.0 -9999.0 -9999.0
-9999.0 3464.407559 3639.606418 3870.069281 4171.628303 4231.587930 4437.857634 4553.355901 4590.695105 4661.489724 4509.465023 4743.116556 4804.911902 4802.236122 4826.358941 4830.931211 4846.225047 4845.072655 4839.952785 4828.570532 4818.476532 4813.513146 4812.617075 4804.605205 4791.751837 4776.871495 4764.631633 4752.586214 4714.633348 4681.588317 4639.572273 4626.278997 4577.621354 4483.646366 4444.954340 4403.809538 4339.539278 4343.795392 4355.229294 4331.891411 4311.482545 4279.850104 4312.523332 4326.058546 4331.306383 4324.219757 4331.899869 4363.757185 4414.616932 4450.056011 4489.070842 4537.962881 4569.439785 4609.165802 4648.541057 4701.651631 4734.010643 4763.505630 4814.465327 4851.966697 4875.143027 4859.767676 4843.136306 4796.004546 4734.770605 4684.828842 4654.738076 4602.733379 4558.627242 4515.361811 4468.803469 4415.999453 4354.256837 4307.630698 4274.942781 -9999.0 -9999.0 -9999.0 -9999.0 -9999.0
-9999.0 3223.863512 3485.200805 3740.895652 4000.530658 4352.791362 4546.246273 4635.732837 4701.819050 4693.945088 4725.971107 4730.046083 4768.165298 4776.804641 4755.639318 4740.571089 4721.241224 4720.150511 4733.366035 4705.190013 4673.846683 4659.902364 4660.940536 4650.278477 4625.681643 4610.854430 4601.703597 4582.375916 4538.997139 4487.169637 4400.316913 4361.995384 4279.847860 4246.100221 4211.244527 4164.102771 4120.946929 4128.453485 4155.541484 4148.287653 4127.969445 4111.500843 4142.069875 4164.383419 4178.283718 4160.556911 4166.834634 4201.483199 4248.009665 4288.681518 4332.289420 4380.289368 4423.075176 4461.465236 4480.386812 4517.963750 4560.677672 4602.934578 4674.390453 4755.604307 4793.465689 4829.353865 4856.819511 4879.376443 4835.612811 4810.571663 4785.889956 4761.261167 4713.791019 4667.669804 4627.047604 4560.363322 4500.750025 -9999.0 -9999.0 -9999.0 -9999.0 -9999.0 -9999.0 -9999.0
-9999.0 3117.112431 3298.038467 3471.759026 3704.795565 3933.623295 4171.581910 4261.646659 4333.794702 4421.388412 4484.337819 4525.438732 4551.294368 4573.760672 4551.449216 4503.018058 4469.559289 4474.949510 4464.138394 4444.018652 4416.692094 4404.213278 4401.088116 4396.805598 4376.333021 4367.062950 4360.947002 4343.410373 4319.692242 4266.373474 4196.617463 4121.703033 4069.794736 4054.511012 4034.273930 4009.496651 3986.344586 4000.771945 4013.288921 4014.797154 4010.120892 4011.806014 4040.836047 4061.217778 4070.598925 4060.350276 4078.483160 4100.635753 4136.361644 4175.189853 4219.442549 4269.175175 4317.351968 4335.802591 4335.251838 4343.402117 4369.030561 4411.203618 4487.197233 4574.104542 4655.450953 4702.481732 4754.439879 4795.889343 4825.777398 4847.532337 4872.388096 4867.326010 4839.810963 4805.496824 4744.655563 -9999.0 -9999.0 -9999.0 -9999.0 -9999.0 -9999.0 -9999.0 -9999.0 -9999.0
-9999.0 -9999.0 3074.538824 3213.239017 3288.590272 3439.466237 3575.181931 3680.194133 3787.813811 3942.328831 4073.324699 4172.575507 4221.373181 4237.405427 4224.397415 4198.369031 4183.047993 4182.448945 4169.993078 4165.544242 4153.616406 4149.360448 4136.869657 4129.760023 4128.305236 4129.780617 4128.768170 4121.828884 4107.095133 4067.641123 4035.481000 3993.908370 3950.534029 3930.890086 3914.892205 3900.493922 3907.555309 3902.601596 3908.418130 3912.327526 3923.566756 3938.735621 3957.877624 3981.086867 3990.824851 4001.785909 4012.047857 4032.917160 4061.794141 4101.477844 4152.421027 4207.031871 4242.448195 4248.092683 4227.972041 4220.341450 4225.351117 4251.205854 4310.649831 4378.049574 4470.050775 4537.109525 4604.645953 4662.032654 4689.678109 4726.099748 4798.824676 4847.037900 4892.591487 4870.015513 -9999.0 -9999.0 -9999.0 -9999.0 -9999.0 -9999.0 -9999.0 -9999.0 -9999.0 -9999.0
-9999.0 -9999.0 -9999.0 -9999.0 3069.043993 3208.526122 3302.476634 3376.422511 3510.864161 3645.060518 3753.062528 3842.837986 3916.058753 3942.922237 3947.349962 3970.144304 3971.215827 3960.589438 3949.183997 3957.121802 3965.200174 3959.841404 3941.962293 3936.971596 3943.332669 3953.922612 3953.913109 3943.033044 3926.570792 3918.157028 3910.532361 3883.405722 3854.690524 3829.965161 3820.476099 3820.410046 3822.077865 3814.785010 3823.800686 3834.239639 3851.002923 3866.338294 3889.818267 3919.985676 3935.261152 3949.896772 3957.837902 3975.265739 4003.246645 4054.213733 4115.587507 4172.143628 4206.136821 4205.781443 4176.332265 4153.145130 4138.435843 4153.506808 4179.281124 4226.725993 4315.105934 4376.974716 4419.892027 4456.716262 4493.103194 4560.544033 4659.057374 4742.417864 -9999.0 -9999.0 -9999.0 -9999.0 -9999.0 -9999.0 -9999.0 -9999.0 -9999.0 -9999.0 -9999.0 -9999.0
-9999.0 -9999.0 -9999.0 -9999.0 -9999.0 -9999.0 3047.219771 3153.689692 3210.194892 3368.879303 3521.566982 3632.238752 3717.625276 3756.453885 3795.051159 3827.900467 3830.010510 3808.878666 3785.692492 3809.565756 3832.209459 3825.895261 3792.507521 3795.880081 3805.421600 3814.660421 3813.854255 3810.442911 3788.719331 3811.036356 3820.309011 3800.969171 3778.925375 3769.710142 3760.541630 3772.419525 3773.908540 3760.132153 3758.890710 3788.172272 3810.172551 3823.107680 3843.766385 3877.027436 3909.587451 3925.439606 3925.890534 3929.594241 3964.346614 4031.675472 4102.636711 4157.982177 4189.049900 4193.152103 4161.645419 4115.874213 4088.633593 4085.710544 4107.760875 4144.191578 4203.084345 4237.337993 4244.204342 4240.390728 4249.213404 4351.886965 -9999.0 -9999.0 -9999.0 -9999.0 -9999.0 -9999.0 -9999.0 -9999.0 -9999.0 -9999.0 -9999.0 -9999.0 -9999.0 -9999.0
-9999.0 -9999.0 -9999.0 -9999.0 -9999.0 -9999.0 -9999.0 -9999.0 -9999.0 -9999.0 -9999.0 -9999.0 -9999.0 -9999.0 -9999.0 -9999.0 -9999.0 -9999.0 -9999.0 -9999.0 -9999.0 -9999.0 -9999.0 -9999.0 -9999.0 -9999.0 -9999.0 -9999.0 -9999.0 -9999.0 -9999.0 -9999.0 -9999.0 -9999.0 -9999.0 -9999.0 -9999.0 -9999.0 -9999.0 -9999.0 -9999.0 -9999.0 -9999.0 -9999.0 -9999.0 -9999.0 -9999.0 -9999.0 -9999.0 -9999.0 -9999.0 -9999.0 -9999.0 -9999.0 -9999.0 -9999.0 -9999.0 -9999.0 -9999.0 -9999.0 -9999.0 -9999.0 -9999.0 -9999.0 -9999.0 -9999.0 -9999.0 -9999.0 -9999.0 -9999.0 -9999.0 -9999.0 -9999.0 -9999.0 -9999.0 -9999.0 -9999.0 -9999.0 -9999.0 -9999.0
-9999.0 -9999.0 -9999.0 -9999.0 -9999.0 -9999.0 -9999.0 -9999.0 -9999.0 -9999.0 -9999.0 -9999.0 -9999.0 -9999.0 -9999.0 -9999.0 -9999.0 -9999.0 -9999.0 -9999.0 -9999.0 -9999.0 -9999.0 -9999.0 -9999.0 -9999.0 -9999.0 -9999.0 -9999.0 -9999.0 -9999.0 -9999.0 -9999.0 -9999.0 -9999.0 -9999.0 -9999.0 -9999.0 -9999.0 -9999.0 -9999.0 -9999.0 -9999.0 -9999.0 -9999.0 -9999.0 -9999.0 -9999.0 -9999.0 -9999.0 -9999.0 -9999.0 -9999.0 -9999.0 -9999.0 -9999.0 -9999.0 -9999.0 -9999.0 -9999.0 -9999.0 -9999.0 -9999.0 -9999.0 -9999.0 -9999.0 -9999.0 -9999.0 -9999.0 -9999.0 -9999.0 -9999.0 -9999.0 -9999.0 -9999.0 -9999.0 -9999.0 -9999.0 -9999.0 -9999.0