Borden_/Borden1m_014/output_maps/psiliqL0009N0007.asc
ncols         80
nrows         18
xllcorner     620200.000000
yllcorner     5168000.000000
cellsize      1.000000
NODATA_value  -9999.0
-9999.0 -9999.0 -9999.0 -9999.0 -9999.0 -9999.0 -9999.0 -9999.0 -9999.0 -9999.0 -9999.0 -9999.0 -9999.0 -9999.0 -9999.0 -9999.0 -9999.0 -9999.0 -9999.0 -9999.0 -9999.0 -9999.0 -9999.0 -9999.0 -9999.0 -9999.0 -9999.0 -9999.0 -9999.0 -9999.0 -9999.0 -9999.0 -9999.0 -9999.0 -9999.0 -9999.0 -9999.0 -9999.0 -9999.0 -9999.0 -9999.0 -9999.0 -9999.0 -9999.0 -9999.0 -9999.0 -9999.0 -9999.0 -9999.0 -9999.0 -9999.0 -9999.0 -9999.0 -9999.0 -9999.0 -9999.0 -9999.0 -9999.0 -9999.0 -9999.0 -9999.0 -9999.0 -9999.0 -9999.0 -9999.0 -9999.0 -9999.0 -9999.0 -9999.0 -9999.0 -9999.0 -9999.0 -9999.0 -9999.0 -9999.0 -9999.0 -9999.0 -9999.0 -9999.0 -9999.0
-9999.0 -9999.0 -9999.0 -9999.0 -9999.0 -9999.0 -9999.0 -9999.0 -9999.0 -9999.0 -9999.0 -9999.0 -9999.0 -9999.0 -9999.0 -9999.0 -9999.0 -9999.0 -9999.0 -9999.0 -9999.0 -9999.0 -9999.0 -9999.0 -9999.0 -9999.0 -9999.0 -9999.0 -9999.0 -9999.0 -9999.0 -9999.0 -9999.0 -9999.0 -9999.0 -9999.0 -9999.0 -9999.0 -9999.0 -9999.0 -9999.0 -9999.0 -9999.0 -9999.0 -9999.0 -9999.0 -9999.0 -9999.0 -9999.0 -9999.0 -9999.0 -9999.0 -9999.0 -9999.0 -9999.0 -9999.0 -9999.0 -9999.0 -9999.0 -9999.0 -9999.0 -9999.0 -9999.0 -9999.0 -9999.0 -9999.0 -9999.0 -9999.0 -9999.0 -9999.0 -9999.0 -9999.0 -9999.0 -9999.0 -9999.0 -9999.0 -9999.0 -9999.0 -9999.0 -9999.0
-9999.0 -9999.0 -9999.0 -9999.0 -9999.0 -9999.0 -9999.0 -9999.0 -9999.0 -9999.0 -9999.0 -9999.0 -9999.0 -9999.0 -9999.0 -9999.0 -9999.0 -9999.0 -9999.0 -9999.0 -70.464342 -67.572528 -90.380327 -124.580136 -153.125639 -151.364486 -116.526763 -75.340328 -37.358739 -27.022883 -45.147095 -43.615835 -48.644042 -48.853587 -45.635999 -39.222274 -36.078170 -24.317156 -15.347596 -15.135738 -20.965689 -26.395864 -27.281427 -23.768124 -18.677397 -27.948532 -14.340285 0.840853 6.626465 0.924595 -26.974158 -43.116628 -51.492474 -66.149006 -41.489897 -28.991686 -5.980066 -1.637606 -2.880779 -29.885298 -60.004394 -9999.0 -9999.0 -9999.0 -9999.0 -9999.0 -9999.0 -9999.0 -9999.0 -9999.0 -9999.0 -9999.0 -9999.0 -9999.0 -9999.0 -9999.0 -9999.0 -9999.0 -9999.0 -9999.0
-9999.0 -9999.0 -9999.0 -9999.0 -9999.0 -9999.0 -9999.0 -9999.0 -9999.0 -9999.0 -9999.0 -9999.0 -9999.0 -9999.0 -160.416446 -170.660871 -173.898835 -165.677992 -132.174825 -102.291446 -89.717291 -97.425506 -97.655071 -121.541988 -142.110619 -128.185495 -98.737964 -67.094560 -32.757058 -12.415134 -25.009966 -27.707969 -17.135716 10.788028 26.744074 24.968648 3.982263 26.832816 44.315720 54.772691 54.458376 46.137040 60.523646 76.761748 69.994178 52.570275 56.480435 68.021930 81.273612 64.954265 -1.905686 -23.663377 -27.092908 -33.588089 -47.002141 -53.690553 -28.788612 -27.887290 -35.994210 -53.850476 -86.203759 -130.400266 -148.193244 -109.407779 -64.716800 -6.612148 -9999.0 -9999.0 -9999.0 -9999.0 -9999.0 -9999.0 -9999.0 -9999.0 -9999.0 -9999.0 -9999.0 -9999.0 -9999.0 -9999.0
-9999.0 -9999.0 -9999.0 -9999.0 -9999.0 -9999.0 -9999.0 -9999.0 -9999.0 -216.660756 -213.101532 -206.259334 -204.726384 -189.423926 -191.470831 -184.828952 -177.401475 -151.558299 -120.788230 -85.788268 -56.872090 -66.769410 -66.572332 -54.946070 -48.795550 -35.843779 -14.152558 27.706125 70.027100 111.481553 82.723871 80.670380 101.272889 155.578057 205.405565 219.673039 199.343338 199.577409 232.757595 261.574150 262.154557 260.593642 284.611872 297.571139 301.973648 283.885758 269.076779 267.797451 290.719920 232.807712 153.836166 94.539797 95.114523 63.761513 22.402992 -1.416062 -5.481597 16.010946 0.848096 -36.627022 -73.391297 -83.161233 -99.778967 -83.050385 -60.078186 -12.833087 25.914691 54.822393 55.317401 38.242050 -9999.0 -9999.0 -9999.0 -9999.0 -9999.0 -9999.0 -9999.0 -9999.0 -9999.0 -9999.0
-9999.0 -9999.0 -9999.0 -9999.0 -9999.0 -9999.0 -295.021360 -286.382049 -266.877964 -261.703889 -237.558962 -230.456658 -210.383193 -191.518039 -171.304630 -154.819063 -124.327673 -91.925608 -50.466890 -6.197269 27.051161 24.040677 34.734286 68.210713 111.767860 146.465219 176.126307 226.114484 306.491004 348.048685 358.425531 363.688851 377.578993 449.127015 596.528327 635.449877 607.863425 547.925068 613.305182 659.198206 666.455556 666.627063 672.275710 677.747481 698.836152 694.559620 666.988965 657.097620 649.267453 612.303081 473.608919 382.222253 340.144686 291.924069 207.609050 137.052142 130.679271 144.882050 113.618957 58.889486 14.828285 3.212015 -11.875791 -26.051000 -20.362487 -0.653845 22.955601 34.809800 22.825546 2.639563 -20.036636 -48.498913 -46.547499 -20.969174 -9999.0 -9999.0 -9999.0 -9999.0 -9999.0 -9999.0
-9999.0 -9999.0 -9999.0 -9999.0 -344.425212 -332.370656 -344.530132 -321.275343 -289.658675 -256.730314 -224.867679 -188.084789 -161.529330 -132.231996 -90.894160 -53.052962 -8.657883 26.854273 82.593427 154.552623 214.132006 251.388819 270.063243 329.669786 395.106120 462.980629 509.775904 603.526038 654.618157 700.582782 717.886397 720.789386 734.773447 766.503584 820.487187 853.205415 838.474926 825.835677 840.987869 853.540113 873.296500 873.291925 874.117762 874.616243 876.619002 878.516146 864.782927 841.845202 831.061521 816.288245 777.026749 717.606427 688.293521 667.520655 630.056740 515.926266 405.549020 377.169870 319.829498 260.049145 181.644833 150.771044 116.199554 88.099350 56.946326 57.720361 61.075263 41.901709 11.803210 -19.575788 -34.079296 -52.357436 -62.264253 -32.051142 -14.096590 17.016053 -9999.0 -9999.0 -9999.0 -9999.0
-9999.0 -9999.0 -401.837277 -352.507522 -297.113302 -289.216486 -288.017785 -283.660296 -257.067678 -206.650366 -128.681143 -75.384276 -30.309023 0.698062 60.772442 148.142050 233.133700 285.228066 345.154441 424.391558 525.554948 621.085736 650.446813 678.605045 717.105547 764.376434 790.093022 825.060323 850.359145 870.644654 883.870323 896.241338 901.487728 900.584453 905.135685 906.496276 905.632557 903.555887 892.130181 892.890285 900.200622 903.179192 906.460938 894.947687 891.266948 903.169940 906.512044 908.285899 909.240113 913.275537 915.017738 883.237887 848.610147 840.554514 831.784258 782.921205 726.437660 694.493216 679.336162 627.404524 476.392567 395.197017 332.699380 269.036613 210.253267 175.230268 128.407497 88.153847 43.775491 -0.772298 -23.606179 -41.472365 -43.211346 -42.154962 -25.624996 -9.635195 6.085867 14.061131 -9999.0 -9999.0
-9999.0 -500.709707 -428.550907 -301.803078 -223.578197 -179.691026 -141.440853 -113.203671 -88.089500 -70.905261 38.794479 152.026111 244.562420 275.783513 327.970334 444.991941 605.079294 662.024403 691.850734 734.141517 787.252298 836.183924 859.659660 877.480346 902.658041 904.790386 905.606093 909.394518 903.903050 895.124517 884.809628 890.637203 887.717979 871.546106 860.356827 860.814381 860.811185 847.667014 832.220723 826.049832 830.702479 848.888239 840.921131 826.138076 823.129302 837.544498 849.424919 841.837176 830.851645 841.002617 863.021820 876.617800 891.150357 906.162776 923.327809 897.070501 871.314901 844.062868 833.199996 809.126113 751.172906 696.849043 635.060642 506.807090 408.372800 321.651377 254.128537 195.576662 131.403303 91.414302 60.253000 8.790850 -13.558180 -11.150346 -19.635283 -21.672124 -14.724493 -8.118825 -9999.0 -9999.0
-9999.0 -573.168211 -430.484770 -245.575548 -99.661208 -38.784408 79.077989 171.459027 199.964982 178.169352 294.157096 586.378405 681.496588 690.320623 741.044273 806.781235 844.173012 873.736069 891.359823 890.975105 892.442544 900.353084 897.904847 891.246370 880.409360 876.409573 878.256233 878.947285 866.978764 850.902076 836.775810 834.025281 816.908420 769.252486 736.633408 723.873758 717.348052 707.218141 686.556368 670.892636 662.629523 679.162883 672.453210 659.104603 655.419615 671.305046 694.987073 687.316614 689.207993 703.064578 732.894050 768.368589 798.652244 823.711540 847.961676 877.429869 892.988944 914.633491 919.355426 897.714834 864.670177 828.292118 803.097392 742.853804 670.309915 543.970846 446.561942 378.525113 306.678223 247.842812 193.671743 131.932778 73.820508 48.728746 10.486874 -9.550914 -9999.0 -9999.0 -9999.0 -9999.0
-9999.0 -640.165988 -449.875120 -186.072011 73.668411 202.922521 430.165525 618.579707 677.443430 730.517483 745.637324 859.131698 884.588108 874.713747 860.072648 856.424881 863.609535 864.505983 860.969922 855.257644 852.052219 852.416930 853.423818 850.045703 844.213397 836.397679 829.660086 822.476287 790.056969 747.693822 714.357160 700.214152 656.515399 502.211445 427.419710 386.717484 333.754126 329.104729 321.663235 294.803031 277.534743 262.310510 280.799316 281.069240 281.339226 287.366251 305.775551 323.713151 363.604866 399.488762 452.575548 537.518126 633.317926 684.668449 722.828275 771.014495 808.326709 834.187792 866.696702 896.178055 917.058122 909.892692 885.800812 855.791482 805.582069 750.816002 714.618099 661.463263 591.458395 463.193007 383.033076 302.589529 223.718250 137.498792 97.270380 -9999.0 -9999.0 -9999.0 -9999.0 -9999.0
-9999.0 -797.008979 -530.091433 -235.748909 94.996489 448.058586 587.641035 725.587639 789.089860 751.695715 757.854397 790.751458 826.524755 830.693164 812.672351 798.841945 771.011677 763.527885 772.807912 751.772296 731.052654 723.670216 726.135458 719.539931 704.871524 694.869097 687.533524 670.346137 606.809909 477.939135 373.373091 343.830382 268.048229 193.424272 142.196928 92.995207 42.441677 41.621619 58.194498 42.674361 21.076719 2.658279 28.140683 43.602125 54.334721 44.064737 52.316140 86.123321 133.452391 174.704018 223.812859 282.166511 337.917378 393.218943 436.699672 521.323688 633.774739 688.520217 751.633682 822.979717 849.691768 875.491986 907.243480 925.161459 885.579271 853.262334 826.740348 795.566321 738.863968 690.805858 645.160696 517.636172 392.726434 -9999.0 -9999.0 -9999.0 -9999.0 -9999.0 -9999.0 -9999.0
-9999.0 -930.153408 -699.905296 -455.006425 -158.648896 76.380587 249.896076 363.500917 460.641961 481.124975 535.936398 618.591125 656.937107 675.613200 652.403500 595.665663 492.776630 479.133062 471.858073 437.021198 401.580862 385.209552 384.778705 378.594055 354.090785 339.849298 329.503976 305.810128 264.621385 198.209337 113.140673 44.721183 -16.514419 -52.749734 -83.683481 -116.886567 -155.065350 -143.974426 -129.083180 -133.366117 -145.495813 -149.843692 -120.204903 -101.839206 -91.949447 -105.404941 -87.238175 -60.765561 -19.786043 20.658913 66.926723 119.859585 172.309302 202.266806 219.249820 253.762319 307.237279 371.596322 485.220209 646.337038 726.097498 774.833066 823.453108 851.484474 865.299005 891.562311 884.065512 829.597786 748.277232 766.040150 766.378297 -9999.0 -9999.0 -9999.0 -9999.0 -9999.0 -9999.0 -9999.0 -9999.0 -9999.0
-9999.0 -9999.0 -936.287061 -747.387499 -590.517860 -408.827870 -262.294527 -159.339613 -84.604742 8.927397 105.530651 190.156750 234.016203 250.077371 230.663234 184.363886 147.681482 143.804308 133.204218 118.474276 94.601807 86.025458 77.321175 70.372989 58.293458 51.777973 46.772389 35.598556 12.329266 -35.547488 -88.497342 -140.644273 -194.680795 -219.486604 -241.205924 -263.600071 -266.706543 -268.301205 -261.268558 -259.945001 -254.476560 -242.682071 -221.931043 -200.659504 -191.427631 -184.579941 -172.402846 -149.264379 -116.751853 -76.437986 -24.928022 29.615790 66.580118 77.535096 67.638651 73.825903 96.963862 142.468061 231.692570 331.098489 440.444125 563.465904 675.854069 730.928368 755.485915 792.551327 822.234221 777.012103 507.037909 708.915551 -9999.0 -9999.0 -9999.0 -9999.0 -9999.0 -9999.0 -9999.0 -9999.0 -9999.0 -9999.0
-9999.0 -9999.0 -9999.0 -9999.0 -890.459890 -734.351305 -641.944852 -561.855471 -443.910684 -337.112626 -244.980288 -168.443976 -115.289734 -91.879121 -103.726314 -109.995564 -119.410061 -123.840860 -132.667485 -137.842381 -142.887681 -150.251162 -161.239381 -168.368362 -168.609594 -164.708977 -166.462080 -179.245929 -194.898674 -221.501523 -244.976039 -279.909407 -316.689698 -345.476601 -358.075141 -364.585574 -364.042458 -369.346102 -359.676196 -353.236782 -338.334707 -322.897372 -298.881952 -270.568720 -258.079636 -244.030766 -234.562588 -214.091529 -184.665359 -132.692882 -71.210551 -16.258331 16.271510 18.445912 -8.929386 -26.051336 -30.460278 -3.559445 42.507315 112.121902 214.954507 295.835713 370.596660 434.787181 505.154131 635.290721 737.274987 774.890062 -9999.0 -9999.0 -9999.0 -9999.0 -9999.0 -9999.0 -9999.0 -9999.0 -9999.0 -9999.0 -9999.0 -9999.0
-9999.0 -9999.0 -9999.0 -9999.0 -9999.0 -9999.0 -946.005748 -851.555135 -765.538279 -645.446920 -534.495044 -444.734891 -371.941452 -347.518747 -330.124031 -307.709293 -312.368388 -329.448008 -345.993280 -329.125911 -319.126556 -323.755713 -351.087000 -352.211957 -348.396677 -338.762921 -339.651047 -345.335635 -369.650835 -360.917103 -361.766478 -384.225534 -409.677904 -423.546256 -434.679485 -424.438183 -423.373293 -435.662895 -433.145799 -407.093682 -387.427666 -374.030744 -351.615597 -318.594393 -286.730199 -272.626989 -271.934998 -266.061713 -224.991837 -155.516095 -86.146701 -33.726216 -4.195657 1.770226 -28.131974 -70.848905 -94.330548 -89.691926 -57.060909 -5.762457 68.554250 117.396058 149.883093 174.829398 209.957405 318.418673 -9999.0 -9999.0 -9999.0 -9999.0 -9999.0 -9999.0 -9999.0 -9999.0 -9999.0 -9999.0 -9999.0 -9999.0 -9999.0 -9999.0
-9999.0 -9999.0 -9999.0 -9999.0 -9999.0 -9999.0 -9999.0 -9999.0 -9999.0 -9999.0 -9999.0 -9999.0 -9999.0 -9999.0 -9999.0 -9999.0 -9999.0 -9999.0 -9999.0 -9999.0 -9999.0 -9999.0 -9999.0 -9999.0 -9999.0 -9999.0 -9999.0 -9999.0 -9999.0 -9999.0 -9999.0 -9999.0 -9999.0 -9999.0 -9999.0 -9999.0 -9999.0 -9999.0 -9999.0 -9999.0 -9999.0 -9999.0 -9999.0 -9999.0 -9999.0 -9999.0 -9999.0 -9999.0 -9999.0 -9999.0 -9999.0 -9999.0 -9999.0 -9999.0 -9999.0 -9999.0 -9999.0 -9999.0 -9999.0 -9999.0 -9999.0 -9999.0 -9999.0 -9999.0 -9999.0 -9999.0 -9999.0 -9999.0 -9999.0 -9999.0 -9999.0 -9999.0 -9999.0 -9999.0 -9999.0 -9999.0 -9999.0 -9999.0 -9999.0 -9999.0
-9999.0 -9999.0 -9999.0 -9999.0 -9999.0 -9999.0 -9999.0 -9999.0 -9999.0 -9999.0 -9999.0 -9999.0 -9999.0 -9999.0 -9999.0 -9999.0 -9999.0 -9999.0 -9999.0 -9999.0 -9999.0 -9999.0 -9999.0 -9999.0 -9999.0 -9999.0 -9999.0 -9999.0 -9999.0 -9999.0 -9999.0 -9999.0 -9999.0 -9999.0 -9999.0 -9999.0 -9999.0 -9999.0 -9999.0 -9999.0 -9999.0 -9999.0 -9999.0 -9999.0 -9999.0 -9999.0 -9999.0 -9999.0 -9999.0 -9999.0 -9999.0 -9999.0 -9999.0 -9999.0 -9999.0 -9999.0 -9999.0 -9999.0 -9999.0 -9999.0 -9999.0 -9999.0 -9999.0 -9999.0 -9999.0 -9999.0 -9999.0 -9999.0 -9999.0 -9999.0 -9999.0 -9999.0 -9999.0 -9999.0 -9999.0 -9999.0 -9999.0 -9999.0 -9999.0 -9999.0