Borden_/Borden1m_014/output_maps/psiliqL0013N0014.asc
ncols         80
nrows         18
xllcorner     620200.000000
yllcorner     5168000.000000
cellsize      1.000000
NODATA_value  -9999.0
-9999.0 -9999.0 -9999.0 -9999.0 -9999.0 -9999.0 -9999.0 -9999.0 -9999.0 -9999.0 -9999.0 -9999.0 -9999.0 -9999.0 -9999.0 -9999.0 -9999.0 -9999.0 -9999.0 -9999.0 -9999.0 -9999.0 -9999.0 -9999.0 -9999.0 -9999.0 -9999.0 -9999.0 -9999.0 -9999.0 -9999.0 -9999.0 -9999.0 -9999.0 -9999.0 -9999.0 -9999.0 -9999.0 -9999.0 -9999.0 -9999.0 -9999.0 -9999.0 -9999.0 -9999.0 -9999.0 -9999.0 -9999.0 -9999.0 -9999.0 -9999.0 -9999.0 -9999.0 -9999.0 -9999.0 -9999.0 -9999.0 -9999.0 -9999.0 -9999.0 -9999.0 -9999.0 -9999.0 -9999.0 -9999.0 -9999.0 -9999.0 -9999.0 -9999.0 -9999.0 -9999.0 -9999.0 -9999.0 -9999.0 -9999.0 -9999.0 -9999.0 -9999.0 -9999.0 -9999.0
-9999.0 -9999.0 -9999.0 -9999.0 -9999.0 -9999.0 -9999.0 -9999.0 -9999.0 -9999.0 -9999.0 -9999.0 -9999.0 -9999.0 -9999.0 -9999.0 -9999.0 -9999.0 -9999.0 -9999.0 -9999.0 -9999.0 -9999.0 -9999.0 -9999.0 -9999.0 -9999.0 -9999.0 -9999.0 -9999.0 -9999.0 -9999.0 -9999.0 -9999.0 -9999.0 -9999.0 -9999.0 -9999.0 -9999.0 -9999.0 -9999.0 -9999.0 -9999.0 -9999.0 -9999.0 -9999.0 -9999.0 -9999.0 -9999.0 -9999.0 -9999.0 -9999.0 -9999.0 -9999.0 -9999.0 -9999.0 -9999.0 -9999.0 -9999.0 -9999.0 -9999.0 -9999.0 -9999.0 -9999.0 -9999.0 -9999.0 -9999.0 -9999.0 -9999.0 -9999.0 -9999.0 -9999.0 -9999.0 -9999.0 -9999.0 -9999.0 -9999.0 -9999.0 -9999.0 -9999.0
-9999.0 -9999.0 -9999.0 -9999.0 -9999.0 -9999.0 -9999.0 -9999.0 -9999.0 -9999.0 -9999.0 -9999.0 -9999.0 -9999.0 -9999.0 -9999.0 -9999.0 -9999.0 -9999.0 -9999.0 744.033905 747.003317 725.431187 692.547157 665.610556 669.024418 704.884064 747.113315 786.312037 797.181333 780.438310 784.457698 782.099138 783.637519 788.411032 796.767055 801.907113 813.754085 822.271840 821.630463 815.129908 809.538665 809.280087 812.189982 817.465626 807.104039 821.246215 836.512452 841.435825 835.049237 805.962430 787.874660 776.667814 759.329615 782.080281 792.353455 813.484579 816.127834 813.223808 785.228254 754.531368 -9999.0 -9999.0 -9999.0 -9999.0 -9999.0 -9999.0 -9999.0 -9999.0 -9999.0 -9999.0 -9999.0 -9999.0 -9999.0 -9999.0 -9999.0 -9999.0 -9999.0 -9999.0 -9999.0
-9999.0 -9999.0 -9999.0 -9999.0 -9999.0 -9999.0 -9999.0 -9999.0 -9999.0 -9999.0 -9999.0 -9999.0 -9999.0 -9999.0 650.598735 641.530663 639.639588 649.162154 683.974713 715.205834 727.817722 721.109087 722.148443 699.878827 681.056711 696.995000 728.327903 761.020487 796.194764 817.150903 806.872695 806.857338 820.275558 850.395608 866.895678 866.408587 848.037991 872.059997 887.780888 895.703866 894.189992 885.033079 897.621653 913.002895 906.147236 889.542666 895.503257 908.105554 920.427867 904.992491 838.197301 814.271603 806.470988 797.167592 781.239391 772.878012 795.981454 794.209114 784.314089 765.071041 731.453979 686.665044 667.335743 705.022622 748.065719 804.733927 -9999.0 -9999.0 -9999.0 -9999.0 -9999.0 -9999.0 -9999.0 -9999.0 -9999.0 -9999.0 -9999.0 -9999.0 -9999.0 -9999.0
-9999.0 -9999.0 -9999.0 -9999.0 -9999.0 -9999.0 -9999.0 -9999.0 -9999.0 591.351794 596.139592 604.027141 607.004812 623.451479 621.936049 630.065839 638.509776 666.797674 699.643053 736.639884 766.866555 758.927733 760.830505 773.544447 781.139734 797.318946 821.581367 863.217324 903.586576 944.855548 917.891573 919.386012 945.892186 1004.220223 1044.512871 1055.095966 1039.204752 1048.079167 1072.528233 1093.008444 1090.324904 1086.578704 1110.015949 1122.951370 1124.723626 1106.475488 1096.099179 1098.229051 1123.717326 1070.635075 999.241639 938.028151 934.217812 900.222790 859.398306 836.017608 829.215260 846.314568 828.601336 789.441026 751.416663 738.895016 719.905513 735.338014 756.280026 801.526990 839.396455 866.859805 865.548421 847.373216 -9999.0 -9999.0 -9999.0 -9999.0 -9999.0 -9999.0 -9999.0 -9999.0 -9999.0 -9999.0
-9999.0 -9999.0 -9999.0 -9999.0 -9999.0 -9999.0 512.097715 521.946400 542.688800 548.025231 573.864409 582.094018 603.628981 624.091679 646.953940 665.376330 697.510226 732.698128 777.115342 824.826265 860.146493 857.064030 869.358864 904.793947 953.214739 993.006818 1023.266892 1063.875134 1138.210088 1179.038267 1188.637157 1198.965436 1222.154587 1294.003186 1368.160993 1387.086908 1370.379864 1357.431486 1375.098849 1406.054310 1407.870903 1406.378530 1413.978392 1421.716044 1446.766816 1440.697041 1407.843075 1398.107008 1397.114123 1380.247413 1311.610694 1226.173523 1177.694881 1123.587590 1039.267067 979.437549 975.551554 985.092671 950.363660 893.296961 848.910323 834.147079 815.480892 799.136408 802.743898 819.826450 840.535841 850.073338 835.680198 813.399437 789.525144 759.578721 760.297386 784.773180 -9999.0 -9999.0 -9999.0 -9999.0 -9999.0 -9999.0
-9999.0 -9999.0 -9999.0 -9999.0 461.742468 475.124547 463.670232 489.157753 522.464896 557.272946 590.331299 628.600218 657.293044 689.390751 733.029498 772.258560 817.947993 857.556055 919.781671 999.966861 1058.197780 1084.836200 1101.592680 1166.307038 1245.399072 1319.203214 1348.288727 1374.140411 1409.879581 1461.863319 1485.578096 1493.793010 1517.046574 1560.212878 1609.302954 1642.330861 1628.459691 1622.880526 1627.737178 1636.002493 1656.026055 1655.235361 1655.872016 1657.385111 1661.583189 1663.045899 1644.293145 1616.779763 1606.364322 1597.606017 1566.904270 1493.445208 1451.331737 1423.035444 1392.115015 1336.482025 1253.535519 1221.086664 1156.434355 1096.151363 1028.176000 995.817585 956.673285 925.323181 890.876392 887.852118 887.464172 864.140449 829.791902 795.465641 778.540076 758.030762 745.701461 774.373713 790.946964 820.718388 -9999.0 -9999.0 -9999.0 -9999.0
-9999.0 -9999.0 401.726710 451.333225 509.001359 519.090483 521.485383 528.468831 557.736543 610.892163 688.998542 742.669803 788.009905 824.462884 890.431476 980.952400 1059.520336 1113.893375 1186.466260 1281.764841 1354.102508 1387.414986 1401.767997 1438.962446 1496.197936 1562.471908 1590.676793 1613.864515 1638.240655 1665.064698 1676.329654 1690.847205 1701.153272 1706.257010 1712.133112 1713.310110 1710.365009 1707.045472 1690.373882 1686.858018 1692.756774 1696.467111 1698.217476 1685.624119 1682.160466 1696.044464 1701.269151 1703.409328 1705.658286 1713.514364 1716.957521 1678.162698 1639.214963 1625.923013 1617.598501 1573.656853 1506.988756 1463.137694 1441.452279 1401.375766 1320.589409 1249.222057 1183.427423 1125.448980 1063.040630 1022.263701 968.988057 921.254591 870.696057 821.315037 794.608745 773.551049 768.540430 766.300019 780.649197 794.779114 809.218052 816.546166 -9999.0 -9999.0
-9999.0 299.281146 372.246124 499.911216 581.633338 629.382348 667.105515 694.080865 723.127117 748.515167 857.705667 957.640984 1051.459564 1091.417280 1153.160812 1272.617701 1372.994515 1419.882536 1461.380449 1523.815925 1583.407203 1625.624859 1649.179873 1662.807273 1696.352590 1709.158603 1712.871855 1715.500043 1709.935688 1700.721598 1690.604810 1697.180915 1695.504179 1679.121745 1663.432615 1658.345555 1652.680011 1631.753540 1607.710461 1595.786166 1599.013847 1620.557001 1609.991986 1591.363777 1588.088172 1607.641187 1625.611840 1619.157737 1610.568878 1629.616441 1663.331061 1682.959520 1693.840954 1709.525633 1729.035774 1702.583200 1672.446982 1633.669202 1617.675937 1593.208383 1539.980560 1477.681365 1422.320967 1358.704616 1276.703539 1191.022671 1116.698938 1044.305143 970.404446 923.806600 886.680212 830.552267 804.124963 801.165237 789.020990 784.080107 788.733728 794.461744 -9999.0 -9999.0
-9999.0 221.097291 364.513413 551.205957 703.266557 770.837457 887.801196 972.229656 1000.391303 975.951352 1089.061199 1323.207127 1424.445586 1442.048133 1513.502232 1603.789337 1629.879388 1661.848529 1684.478952 1693.870150 1699.718427 1706.255136 1702.282813 1695.903791 1683.044911 1677.781795 1679.107622 1678.638625 1663.615154 1645.031373 1625.869424 1621.177799 1605.138433 1565.009820 1529.667797 1503.772212 1483.771116 1465.040918 1436.090339 1413.367640 1401.149838 1417.831334 1411.248846 1395.856852 1392.218557 1412.557622 1443.229127 1440.268880 1451.360963 1479.114714 1524.999527 1564.178214 1585.060510 1612.978698 1646.922165 1686.079901 1699.771993 1720.329838 1725.104764 1706.727166 1667.389999 1620.753429 1592.104384 1536.951762 1467.253600 1389.011887 1317.449248 1235.003745 1152.886318 1096.461985 1036.345774 966.878231 902.015649 866.846910 821.523664 798.208113 -9999.0 -9999.0 -9999.0 -9999.0
-9999.0 145.507179 335.429951 598.463902 877.697572 1011.685830 1242.258255 1375.506330 1429.488988 1493.451159 1484.309039 1622.123794 1657.529603 1652.726069 1649.540931 1655.750388 1672.447397 1676.825319 1673.702912 1664.314086 1654.599110 1648.570184 1645.402745 1637.931637 1627.502750 1615.713630 1606.411914 1597.922303 1565.117984 1531.211765 1488.284671 1468.948815 1431.708070 1342.909196 1290.776190 1232.660614 1162.912773 1152.421695 1145.306940 1118.046615 1099.735744 1081.277179 1102.508409 1106.246246 1108.208157 1112.283033 1130.274975 1155.335179 1206.151018 1257.417608 1323.346285 1383.596055 1419.965958 1466.004315 1516.765168 1570.167292 1598.612328 1626.311045 1669.997943 1706.756668 1729.845800 1720.955247 1696.670014 1659.094806 1598.859985 1542.891887 1500.413061 1429.756577 1366.521967 1306.844513 1237.703655 1161.967738 1078.782237 963.973981 911.966910 -9999.0 -9999.0 -9999.0 -9999.0 -9999.0
-9999.0 -27.905665 240.898241 534.532889 863.764881 1215.244427 1359.384079 1496.425774 1567.682448 1533.142096 1537.902440 1558.347778 1596.647157 1604.216158 1588.044346 1583.850617 1575.892010 1576.375850 1587.856532 1559.708819 1524.909834 1504.948602 1500.425752 1487.338781 1465.024987 1450.188234 1440.825729 1424.415504 1379.026706 1320.796533 1217.393421 1176.079834 1096.521969 1035.998763 985.614887 926.884011 869.601425 865.713464 881.959081 867.023415 845.235196 827.132825 853.672978 871.036287 882.996891 872.238270 881.785355 919.001956 972.000893 1022.739466 1082.300566 1143.213968 1196.058456 1258.332082 1313.574902 1372.760781 1420.252067 1467.550249 1543.580669 1619.009062 1653.789469 1686.445038 1720.154845 1738.638236 1693.835619 1652.802082 1612.722360 1564.245403 1495.045631 1457.917716 1426.932090 1368.976098 1305.380678 -9999.0 -9999.0 -9999.0 -9999.0 -9999.0 -9999.0 -9999.0
-9999.0 -156.918427 66.387182 303.276858 597.651672 846.782313 1049.885723 1184.321939 1272.928702 1307.173125 1340.569770 1371.964703 1400.083708 1421.737096 1403.254300 1369.961722 1345.204796 1349.109296 1342.852212 1310.753826 1263.636445 1231.757955 1221.613556 1209.929120 1181.621921 1165.519660 1154.785473 1132.620081 1097.830057 1038.204425 948.864946 871.862957 807.693143 772.855119 740.437317 704.294934 665.320715 674.532686 687.565161 683.791700 672.861398 669.642506 699.180704 718.210860 728.440253 716.467590 735.736199 763.372019 806.720468 852.097450 904.321845 962.207213 1019.351884 1056.019764 1080.982769 1114.389383 1160.410731 1227.703629 1336.732854 1440.961835 1524.582888 1573.828786 1623.268302 1658.110568 1673.932305 1691.803090 1674.031829 1601.747054 1491.119221 1517.647080 1526.945160 -9999.0 -9999.0 -9999.0 -9999.0 -9999.0 -9999.0 -9999.0 -9999.0 -9999.0
-9999.0 -9999.0 -169.256183 13.406440 160.276656 346.098587 502.083224 619.513437 710.034185 820.803814 924.215833 1005.305481 1047.695721 1064.859462 1051.068664 1017.744866 996.011462 995.382615 983.094634 966.019434 936.052138 919.966278 905.173996 894.578560 881.755179 874.844197 869.290205 857.836619 834.970334 786.358843 733.096084 678.910923 623.641449 597.150872 574.070301 550.921242 547.830974 544.334677 550.350691 551.808022 558.199356 570.580335 591.080646 612.919626 622.623635 630.829245 643.554046 667.695054 701.628837 744.644640 799.468503 857.856862 898.884047 914.317801 908.885774 918.011367 943.493790 994.748963 1090.817362 1192.457692 1313.989129 1396.927112 1474.514221 1536.219098 1558.495882 1577.417646 1596.238241 1525.418030 1129.704548 1432.714715 -9999.0 -9999.0 -9999.0 -9999.0 -9999.0 -9999.0 -9999.0 -9999.0 -9999.0 -9999.0
-9999.0 -9999.0 -9999.0 -9999.0 -129.938281 27.589021 125.033651 210.703238 339.423457 457.723383 556.714474 637.943443 696.462877 722.022268 715.467349 716.817563 710.781795 704.982998 694.197136 688.778392 682.409592 671.758507 656.723347 648.001802 647.447943 651.384896 648.910648 635.380594 618.084603 592.919267 569.932954 534.167250 496.938706 467.135737 453.481959 446.784056 446.419039 439.970366 449.022060 455.987706 471.147008 486.585026 510.575182 539.355035 552.657855 567.224667 577.070690 597.950039 628.554306 682.217805 745.841572 803.585780 839.396882 844.622177 820.895228 806.963502 805.856363 837.826487 890.277729 968.052556 1083.734655 1169.509346 1247.388667 1323.792509 1372.300599 1425.518455 1494.286341 1527.493187 -9999.0 -9999.0 -9999.0 -9999.0 -9999.0 -9999.0 -9999.0 -9999.0 -9999.0 -9999.0 -9999.0 -9999.0
-9999.0 -9999.0 -9999.0 -9999.0 -9999.0 -9999.0 -178.442693 -78.222341 6.777683 140.006520 264.301172 362.453509 440.495791 469.609996 492.345227 517.341010 514.156040 495.833491 476.902165 493.247428 503.489311 496.500896 466.502108 464.873534 468.701894 477.293296 475.525608 469.217475 444.141505 453.752432 452.972478 429.299070 402.816671 388.358797 376.367308 385.906102 386.259286 373.110663 374.555427 401.047461 421.120072 434.497900 456.726881 489.980892 522.202598 537.016573 538.266213 544.566341 585.474568 655.983830 727.374143 782.293192 814.457396 822.801347 795.780376 756.241577 736.638035 745.754634 784.033495 842.320279 925.909967 984.057636 1024.911190 1059.209587 1092.444625 1188.258262 -9999.0 -9999.0 -9999.0 -9999.0 -9999.0 -9999.0 -9999.0 -9999.0 -9999.0 -9999.0 -9999.0 -9999.0 -9999.0 -9999.0
-9999.0 -9999.0 -9999.0 -9999.0 -9999.0 -9999.0 -9999.0 -9999.0 -9999.0 -9999.0 -9999.0 -9999.0 -9999.0 -9999.0 -9999.0 -9999.0 -9999.0 -9999.0 -9999.0 -9999.0 -9999.0 -9999.0 -9999.0 -9999.0 -9999.0 -9999.0 -9999.0 -9999.0 -9999.0 -9999.0 -9999.0 -9999.0 -9999.0 -9999.0 -9999.0 -9999.0 -9999.0 -9999.0 -9999.0 -9999.0 -9999.0 -9999.0 -9999.0 -9999.0 -9999.0 -9999.0 -9999.0 -9999.0 -9999.0 -9999.0 -9999.0 -9999.0 -9999.0 -9999.0 -9999.0 -9999.0 -9999.0 -9999.0 -9999.0 -9999.0 -9999.0 -9999.0 -9999.0 -9999.0 -9999.0 -9999.0 -9999.0 -9999.0 -9999.0 -9999.0 -9999.0 -9999.0 -9999.0 -9999.0 -9999.0 -9999.0 -9999.0 -9999.0 -9999.0 -9999.0
-9999.0 -9999.0 -9999.0 -9999.0 -9999.0 -9999.0 -9999.0 -9999.0 -9999.0 -9999.0 -9999.0 -9999.0 -9999.0 -9999.0 -9999.0 -9999.0 -9999.0 -9999.0 -9999.0 -9999.0 -9999.0 -9999.0 -9999.0 -9999.0 -9999.0 -9999.0 -9999.0 -9999.0 -9999.0 -9999.0 -9999.0 -9999.0 -9999.0 -9999.0 -9999.0 -9999.0 -9999.0 -9999.0 -9999.0 -9999.0 -9999.0 -9999.0 -9999.0 -9999.0 -9999.0 -9999.0 -9999.0 -9999.0 -9999.0 -9999.0 -9999.0 -9999.0 -9999.0 -9999.0 -9999.0 -9999.0 -9999.0 -9999.0 -9999.0 -9999.0 -9999.0 -9999.0 -9999.0 -9999.0 -9999.0 -9999.0 -9999.0 -9999.0 -9999.0 -9999.0 -9999.0 -9999.0 -9999.0 -9999.0 -9999.0 -9999.0 -9999.0 -9999.0 -9999.0 -9999.0