Borden_/Borden1m_014/output_maps/psiliqL0008N0017.asc
ncols         80
nrows         18
xllcorner     620200.000000
yllcorner     5168000.000000
cellsize      1.000000
NODATA_value  -9999.0
-9999.0 -9999.0 -9999.0 -9999.0 -9999.0 -9999.0 -9999.0 -9999.0 -9999.0 -9999.0 -9999.0 -9999.0 -9999.0 -9999.0 -9999.0 -9999.0 -9999.0 -9999.0 -9999.0 -9999.0 -9999.0 -9999.0 -9999.0 -9999.0 -9999.0 -9999.0 -9999.0 -9999.0 -9999.0 -9999.0 -9999.0 -9999.0 -9999.0 -9999.0 -9999.0 -9999.0 -9999.0 -9999.0 -9999.0 -9999.0 -9999.0 -9999.0 -9999.0 -9999.0 -9999.0 -9999.0 -9999.0 -9999.0 -9999.0 -9999.0 -9999.0 -9999.0 -9999.0 -9999.0 -9999.0 -9999.0 -9999.0 -9999.0 -9999.0 -9999.0 -9999.0 -9999.0 -9999.0 -9999.0 -9999.0 -9999.0 -9999.0 -9999.0 -9999.0 -9999.0 -9999.0 -9999.0 -9999.0 -9999.0 -9999.0 -9999.0 -9999.0 -9999.0 -9999.0 -9999.0
-9999.0 -9999.0 -9999.0 -9999.0 -9999.0 -9999.0 -9999.0 -9999.0 -9999.0 -9999.0 -9999.0 -9999.0 -9999.0 -9999.0 -9999.0 -9999.0 -9999.0 -9999.0 -9999.0 -9999.0 -9999.0 -9999.0 -9999.0 -9999.0 -9999.0 -9999.0 -9999.0 -9999.0 -9999.0 -9999.0 -9999.0 -9999.0 -9999.0 -9999.0 -9999.0 -9999.0 -9999.0 -9999.0 -9999.0 -9999.0 -9999.0 -9999.0 -9999.0 -9999.0 -9999.0 -9999.0 -9999.0 -9999.0 -9999.0 -9999.0 -9999.0 -9999.0 -9999.0 -9999.0 -9999.0 -9999.0 -9999.0 -9999.0 -9999.0 -9999.0 -9999.0 -9999.0 -9999.0 -9999.0 -9999.0 -9999.0 -9999.0 -9999.0 -9999.0 -9999.0 -9999.0 -9999.0 -9999.0 -9999.0 -9999.0 -9999.0 -9999.0 -9999.0 -9999.0 -9999.0
-9999.0 -9999.0 -9999.0 -9999.0 -9999.0 -9999.0 -9999.0 -9999.0 -9999.0 -9999.0 -9999.0 -9999.0 -9999.0 -9999.0 -9999.0 -9999.0 -9999.0 -9999.0 -9999.0 -9999.0 -269.787020 -266.764423 -289.700424 -324.114500 -352.960566 -351.165284 -315.807335 -274.371587 -236.372159 -225.796763 -243.880075 -242.255486 -247.036747 -246.692862 -243.214969 -236.885031 -233.981717 -222.205948 -213.584033 -213.872947 -220.216836 -226.102939 -227.399379 -223.832390 -218.787393 -227.699110 -213.930371 -198.267351 -191.789452 -197.231648 -225.310183 -241.823994 -250.418962 -265.189761 -240.603685 -227.981735 -204.860177 -200.544922 -201.801274 -228.969200 -259.177899 -9999.0 -9999.0 -9999.0 -9999.0 -9999.0 -9999.0 -9999.0 -9999.0 -9999.0 -9999.0 -9999.0 -9999.0 -9999.0 -9999.0 -9999.0 -9999.0 -9999.0 -9999.0 -9999.0
-9999.0 -9999.0 -9999.0 -9999.0 -9999.0 -9999.0 -9999.0 -9999.0 -9999.0 -9999.0 -9999.0 -9999.0 -9999.0 -9999.0 -360.444286 -370.847128 -374.138485 -365.789238 -331.874203 -301.698216 -288.964285 -296.725861 -296.930217 -320.875432 -341.433069 -327.089044 -297.272212 -265.541693 -231.079725 -210.202169 -222.776176 -224.989187 -213.136342 -183.487972 -167.470181 -169.674299 -190.923952 -167.728534 -151.017200 -141.305401 -142.489778 -151.420171 -136.434317 -119.596054 -126.316276 -144.372651 -140.770915 -128.585012 -113.678118 -129.896657 -197.231968 -220.406224 -224.747442 -231.958556 -245.582307 -252.332047 -227.470594 -226.590629 -234.933498 -252.944893 -285.332186 -329.773455 -347.661218 -308.587486 -263.581905 -205.129553 -9999.0 -9999.0 -9999.0 -9999.0 -9999.0 -9999.0 -9999.0 -9999.0 -9999.0 -9999.0 -9999.0 -9999.0 -9999.0 -9999.0
-9999.0 -9999.0 -9999.0 -9999.0 -9999.0 -9999.0 -9999.0 -9999.0 -9999.0 -416.796015 -413.420224 -406.626372 -405.200908 -389.842904 -391.814222 -385.158875 -377.481864 -351.429746 -320.109355 -284.510600 -255.258349 -265.349704 -264.975005 -252.166796 -243.892866 -229.569183 -207.757913 -166.134337 -122.005247 -77.122955 -104.013790 -103.223590 -76.585896 -16.744623 26.051690 36.793153 18.267756 22.698396 49.128422 74.805373 73.435728 71.194765 98.050703 113.973708 121.158305 99.375754 80.488327 79.666381 108.589061 51.457152 -19.629748 -85.069278 -92.754568 -129.101189 -173.039099 -197.061327 -201.280928 -180.157803 -196.540565 -234.872915 -271.972110 -281.667450 -298.433646 -281.842709 -258.774690 -211.252266 -172.306889 -143.348996 -142.911937 -160.157878 -9999.0 -9999.0 -9999.0 -9999.0 -9999.0 -9999.0 -9999.0 -9999.0 -9999.0 -9999.0
-9999.0 -9999.0 -9999.0 -9999.0 -9999.0 -9999.0 -494.934544 -486.464797 -467.147860 -461.916692 -438.039269 -430.942935 -410.835894 -391.805486 -371.488259 -354.537826 -323.293942 -290.204091 -247.351318 -200.919988 -166.732714 -170.185470 -158.583294 -119.278408 -62.954905 -21.667673 6.143567 47.995413 137.844255 203.956811 235.330259 260.410026 313.335807 360.247993 411.186177 423.789962 405.895295 393.101345 406.930484 434.267501 441.382665 440.836610 447.564834 456.089769 482.812598 476.360268 437.983781 427.431299 426.932815 419.295211 373.053374 306.080828 197.495221 118.631973 26.216587 -37.767109 -44.089190 -36.590679 -75.763539 -133.919963 -178.991657 -191.344928 -207.704684 -222.804481 -217.690962 -198.227394 -174.637910 -163.051171 -175.344552 -195.761158 -218.684728 -247.380518 -245.567652 -219.953624 -9999.0 -9999.0 -9999.0 -9999.0 -9999.0 -9999.0
-9999.0 -9999.0 -9999.0 -9999.0 -544.215061 -532.229657 -544.229730 -521.245427 -489.868145 -457.266494 -425.347030 -388.235921 -361.303257 -331.389447 -288.642322 -248.636982 -203.183909 -165.450547 -102.640779 -18.580345 41.738091 72.387998 93.875158 187.248012 317.652571 377.675117 393.371712 411.031140 442.410044 503.318423 535.009847 549.153339 587.351071 623.673634 652.292484 673.830093 660.561371 656.387010 658.572465 663.536300 682.157946 681.578495 682.595461 683.802648 687.298479 688.938181 671.552036 651.546784 646.332031 643.180522 625.320157 547.457493 486.076640 453.953471 432.126220 394.226701 328.907900 271.781822 161.667752 85.619903 11.112669 -22.991846 -67.852623 -100.170659 -134.375778 -135.855145 -134.099023 -154.565750 -185.528491 -217.566510 -232.428471 -251.014183 -261.049152 -230.951063 -213.087605 -181.930755 -9999.0 -9999.0 -9999.0 -9999.0
-9999.0 -9999.0 -601.525594 -551.950967 -496.717942 -488.778576 -487.215479 -482.994586 -456.788682 -406.484493 -326.801188 -272.252595 -226.018863 -193.430529 -127.435759 -28.824515 54.378040 116.387522 218.085422 335.154566 396.183252 422.531282 438.812905 480.076279 550.558248 620.942031 639.079575 652.763590 669.311792 694.121488 716.107470 732.901410 744.100815 742.772826 741.893648 738.684655 735.770979 732.104562 716.250856 713.350003 719.096231 720.815422 724.111261 712.762017 709.580365 722.014730 725.453645 729.045358 734.006090 743.221424 751.210901 716.614181 670.692753 660.387147 657.703000 627.312569 559.282855 505.092422 475.537677 440.293566 377.738691 320.171550 198.485352 113.801177 44.502727 -3.589812 -58.307241 -103.173938 -150.617332 -196.717992 -220.441391 -239.107902 -241.343452 -240.660943 -224.480907 -208.697251 -193.175661 -185.307779 -9999.0 -9999.0
-9999.0 -699.754471 -627.494892 -500.466088 -422.215660 -377.521663 -336.494522 -306.839192 -282.226266 -266.386338 -153.516382 -35.072012 61.829172 101.874650 188.372435 334.017975 420.176726 460.254572 506.544523 569.990547 631.409156 662.243886 680.815017 707.673949 739.485078 743.789213 742.665722 741.083026 733.132689 725.570864 716.514231 724.551022 724.106742 710.018386 695.726362 691.478114 683.633332 664.735699 645.850668 636.875360 639.239579 655.200493 647.522474 633.919374 631.462097 646.142522 659.389807 655.563969 651.204567 668.071340 693.955940 710.174810 723.628508 737.311913 756.211063 732.819396 700.774795 668.880120 656.676633 639.028421 589.306786 527.722007 463.863005 404.707732 334.750549 196.915071 99.364830 25.111115 -52.183649 -96.348796 -130.188667 -184.651207 -209.228524 -208.387503 -217.972659 -220.584294 -213.982077 -207.510928 -9999.0 -9999.0
-9999.0 -770.766537 -627.803016 -442.470181 -294.610075 -228.733476 -98.175935 -8.089453 20.008717 -0.601630 129.677206 389.537109 479.363413 492.174245 561.854882 648.260868 681.357646 708.333877 729.639673 731.714396 733.080887 735.896081 731.062916 723.442150 710.372197 704.236733 704.659197 703.806869 690.813587 677.172376 662.815672 659.462101 648.205407 621.338684 586.271674 561.760506 528.395201 498.047528 464.971458 441.604543 430.194334 448.025457 439.709152 424.880013 421.527713 441.508548 472.950586 470.941531 488.278164 528.409315 575.982609 619.748651 635.749282 656.994884 681.119846 712.031996 726.276454 745.515203 750.047774 729.428063 695.297997 661.477247 639.351412 583.246930 514.898542 432.040560 370.856484 299.425419 162.292169 90.745465 28.844950 -45.688009 -112.586745 -145.052786 -186.236747 -207.937044 -9999.0 -9999.0 -9999.0 -9999.0
-9999.0 -835.623189 -644.590556 -378.793986 -115.098146 39.534167 310.577466 444.078832 505.373203 558.841531 588.115912 688.005487 708.473138 698.465882 684.942979 688.292516 701.732752 705.955602 703.538791 697.513383 691.900480 689.434544 687.751072 677.996380 665.943753 654.754423 647.042951 640.996668 613.336240 576.227567 531.963855 504.979553 467.141559 391.490329 355.502239 315.169973 197.463849 171.302421 150.861868 111.938366 89.550465 73.098450 92.640997 92.262215 92.730006 102.200336 128.898078 159.043096 236.569085 328.176972 377.413556 423.689149 458.478321 514.966788 564.857245 622.305740 642.057665 661.617363 693.710347 728.495603 750.287753 744.007404 719.264493 689.861195 644.880835 589.618830 550.095315 486.118136 420.459382 371.946503 317.247354 186.376589 75.573211 -48.499388 -96.322612 -9999.0 -9999.0 -9999.0 -9999.0 -9999.0
-9999.0 -988.475953 -721.279567 -424.739601 -79.419795 301.133856 431.930414 586.311254 652.885312 604.424420 587.953233 613.781646 641.900951 645.676540 632.625799 631.035999 626.615066 627.762402 639.822416 623.660751 597.272434 584.679118 585.269499 550.064415 509.333978 485.551554 472.609262 455.981925 415.834382 369.911522 273.798148 206.284803 99.420040 24.652143 -26.801388 -83.935600 -144.970273 -149.559607 -134.954613 -152.562293 -175.297177 -194.289269 -168.577680 -153.092297 -142.148833 -151.723040 -142.028274 -105.119395 -50.454233 3.557998 61.280777 128.250061 202.967658 324.173164 366.518022 411.414241 450.944801 501.384602 578.236729 653.559570 680.416264 707.443334 742.044558 760.402648 720.609552 684.419987 658.817586 628.200112 566.515245 530.270611 501.627338 430.553282 364.427605 -9999.0 -9999.0 -9999.0 -9999.0 -9999.0 -9999.0 -9999.0
-9999.0 -1122.854894 -890.280120 -641.915484 -340.420648 -91.423713 109.555787 287.979476 370.133126 373.243676 388.852195 412.077154 435.658155 454.626061 435.754288 407.619081 387.521638 392.478382 393.296472 375.324765 352.594683 339.177184 331.764392 295.751477 225.136791 188.475368 167.392066 134.060265 88.405213 26.037883 -67.399812 -142.773448 -208.467473 -245.713544 -277.545725 -312.621120 -352.997422 -342.138609 -327.049273 -331.766458 -344.474363 -349.184132 -319.103136 -300.630250 -290.621490 -304.245465 -285.839520 -258.618263 -215.936678 -172.828691 -123.677493 -67.387937 -9.726729 31.935248 55.216056 91.960610 151.288450 261.436721 376.411466 472.926161 558.258775 612.470847 658.471974 685.376932 697.038236 718.514240 710.597622 661.467397 592.541415 610.336782 615.914328 -9999.0 -9999.0 -9999.0 -9999.0 -9999.0 -9999.0 -9999.0 -9999.0 -9999.0
-9999.0 -9999.0 -1127.245526 -935.983914 -775.093512 -591.614082 -444.460744 -334.058214 -253.864533 -161.347177 -66.620635 9.584147 50.613178 67.680726 48.970653 7.983763 -18.658174 -18.647774 -28.352225 -44.189086 -72.940852 -86.352157 -98.713773 -110.308008 -128.163147 -137.881956 -144.363351 -156.482973 -180.260789 -228.646565 -283.858306 -337.765348 -393.303549 -418.399135 -440.315008 -462.972980 -466.501616 -467.874878 -460.766787 -459.533853 -454.334401 -442.721506 -421.896068 -400.659401 -391.410597 -384.729014 -372.342826 -348.785457 -315.558120 -274.501325 -222.046801 -166.257388 -127.762226 -114.883797 -123.423211 -115.999262 -90.419045 -36.273117 67.762185 196.879594 350.182221 426.901928 507.457823 574.459886 600.056087 624.433183 648.222135 615.819016 398.036727 560.458715 -9999.0 -9999.0 -9999.0 -9999.0 -9999.0 -9999.0 -9999.0 -9999.0 -9999.0 -9999.0
-9999.0 -9999.0 -9999.0 -9999.0 -1078.951035 -922.098950 -829.711494 -749.082534 -631.826371 -526.553187 -435.871938 -359.494721 -306.476049 -283.010027 -295.206029 -301.907325 -310.920135 -314.734854 -323.860952 -330.397430 -337.111601 -345.561056 -357.020045 -364.767619 -365.569593 -361.999101 -363.817923 -376.753001 -392.349700 -419.880422 -444.043850 -479.087891 -515.890463 -544.641375 -557.299719 -564.071848 -563.563558 -568.742562 -559.045067 -552.794907 -538.004649 -522.597859 -498.639686 -470.528878 -458.233779 -444.273531 -434.775451 -414.155139 -384.499782 -331.923717 -269.825762 -214.418557 -181.381405 -178.728161 -206.113832 -223.034749 -226.805958 -198.005569 -147.667900 -69.678133 49.889339 147.854368 272.486069 362.095000 403.107632 453.844038 538.622396 604.218984 -9999.0 -9999.0 -9999.0 -9999.0 -9999.0 -9999.0 -9999.0 -9999.0 -9999.0 -9999.0 -9999.0 -9999.0
-9999.0 -9999.0 -9999.0 -9999.0 -9999.0 -9999.0 -1136.082227 -1042.198503 -954.848439 -836.613901 -727.644108 -638.873694 -566.880046 -543.329054 -527.105671 -505.363082 -510.262328 -527.010019 -543.167632 -526.819869 -517.581695 -522.143097 -548.981112 -550.311665 -546.779268 -537.164970 -537.998085 -543.694037 -567.960047 -559.873960 -561.169567 -583.688670 -609.242852 -623.303587 -634.511648 -624.347039 -623.295540 -635.500805 -632.799984 -606.909185 -587.361648 -573.948968 -551.472534 -518.525000 -486.788115 -472.827980 -472.153623 -466.232217 -424.929965 -354.955937 -285.075274 -232.444735 -202.664477 -196.413467 -226.376841 -269.150072 -292.572892 -287.300214 -253.268120 -199.228668 -119.318920 -64.103167 -21.155744 15.243467 52.287185 163.883985 -9999.0 -9999.0 -9999.0 -9999.0 -9999.0 -9999.0 -9999.0 -9999.0 -9999.0 -9999.0 -9999.0 -9999.0 -9999.0 -9999.0
-9999.0 -9999.0 -9999.0 -9999.0 -9999.0 -9999.0 -9999.0 -9999.0 -9999.0 -9999.0 -9999.0 -9999.0 -9999.0 -9999.0 -9999.0 -9999.0 -9999.0 -9999.0 -9999.0 -9999.0 -9999.0 -9999.0 -9999.0 -9999.0 -9999.0 -9999.0 -9999.0 -9999.0 -9999.0 -9999.0 -9999.0 -9999.0 -9999.0 -9999.0 -9999.0 -9999.0 -9999.0 -9999.0 -9999.0 -9999.0 -9999.0 -9999.0 -9999.0 -9999.0 -9999.0 -9999.0 -9999.0 -9999.0 -9999.0 -9999.0 -9999.0 -9999.0 -9999.0 -9999.0 -9999.0 -9999.0 -9999.0 -9999.0 -9999.0 -9999.0 -9999.0 -9999.0 -9999.0 -9999.0 -9999.0 -9999.0 -9999.0 -9999.0 -9999.0 -9999.0 -9999.0 -9999.0 -9999.0 -9999.0 -9999.0 -9999.0 -9999.0 -9999.0 -9999.0 -9999.0
-9999.0 -9999.0 -9999.0 -9999.0 -9999.0 -9999.0 -9999.0 -9999.0 -9999.0 -9999.0 -9999.0 -9999.0 -9999.0 -9999.0 -9999.0 -9999.0 -9999.0 -9999.0 -9999.0 -9999.0 -9999.0 -9999.0 -9999.0 -9999.0 -9999.0 -9999.0 -9999.0 -9999.0 -9999.0 -9999.0 -9999.0 -9999.0 -9999.0 -9999.0 -9999.0 -9999.0 -9999.0 -9999.0 -9999.0 -9999.0 -9999.0 -9999.0 -9999.0 -9999.0 -9999.0 -9999.0 -9999.0 -9999.0 -9999.0 -9999.0 -9999.0 -9999.0 -9999.0 -9999.0 -9999.0 -9999.0 -9999.0 -9999.0 -9999.0 -9999.0 -9999.0 -9999.0 -9999.0 -9999.0 -9999.0 -9999.0 -9999.0 -9999.0 -9999.0 -9999.0 -9999.0 -9999.0 -9999.0 -9999.0 -9999.0 -9999.0 -9999.0 -9999.0 -9999.0 -9999.0