Borden_/Borden1m_014/output_maps/psiliqL0011N0007.asc
ncols         80
nrows         18
xllcorner     620200.000000
yllcorner     5168000.000000
cellsize      1.000000
NODATA_value  -9999.0
-9999.0 -9999.0 -9999.0 -9999.0 -9999.0 -9999.0 -9999.0 -9999.0 -9999.0 -9999.0 -9999.0 -9999.0 -9999.0 -9999.0 -9999.0 -9999.0 -9999.0 -9999.0 -9999.0 -9999.0 -9999.0 -9999.0 -9999.0 -9999.0 -9999.0 -9999.0 -9999.0 -9999.0 -9999.0 -9999.0 -9999.0 -9999.0 -9999.0 -9999.0 -9999.0 -9999.0 -9999.0 -9999.0 -9999.0 -9999.0 -9999.0 -9999.0 -9999.0 -9999.0 -9999.0 -9999.0 -9999.0 -9999.0 -9999.0 -9999.0 -9999.0 -9999.0 -9999.0 -9999.0 -9999.0 -9999.0 -9999.0 -9999.0 -9999.0 -9999.0 -9999.0 -9999.0 -9999.0 -9999.0 -9999.0 -9999.0 -9999.0 -9999.0 -9999.0 -9999.0 -9999.0 -9999.0 -9999.0 -9999.0 -9999.0 -9999.0 -9999.0 -9999.0 -9999.0 -9999.0
-9999.0 -9999.0 -9999.0 -9999.0 -9999.0 -9999.0 -9999.0 -9999.0 -9999.0 -9999.0 -9999.0 -9999.0 -9999.0 -9999.0 -9999.0 -9999.0 -9999.0 -9999.0 -9999.0 -9999.0 -9999.0 -9999.0 -9999.0 -9999.0 -9999.0 -9999.0 -9999.0 -9999.0 -9999.0 -9999.0 -9999.0 -9999.0 -9999.0 -9999.0 -9999.0 -9999.0 -9999.0 -9999.0 -9999.0 -9999.0 -9999.0 -9999.0 -9999.0 -9999.0 -9999.0 -9999.0 -9999.0 -9999.0 -9999.0 -9999.0 -9999.0 -9999.0 -9999.0 -9999.0 -9999.0 -9999.0 -9999.0 -9999.0 -9999.0 -9999.0 -9999.0 -9999.0 -9999.0 -9999.0 -9999.0 -9999.0 -9999.0 -9999.0 -9999.0 -9999.0 -9999.0 -9999.0 -9999.0 -9999.0 -9999.0 -9999.0 -9999.0 -9999.0 -9999.0 -9999.0
-9999.0 -9999.0 -9999.0 -9999.0 -9999.0 -9999.0 -9999.0 -9999.0 -9999.0 -9999.0 -9999.0 -9999.0 -9999.0 -9999.0 -9999.0 -9999.0 -9999.0 -9999.0 -9999.0 -9999.0 333.535032 336.363948 314.006371 280.222153 252.173866 254.430390 289.514654 331.091014 369.585541 380.010832 362.246016 364.453630 360.053544 360.054184 363.723061 370.928772 374.971556 386.919878 396.282622 396.877211 391.455123 386.502084 386.270511 389.631281 394.808059 384.882406 398.454405 413.245254 418.113254 411.668935 383.069803 366.316893 357.085559 341.616197 365.659202 377.330025 399.697565 403.501838 401.680393 374.352928 344.035438 -9999.0 -9999.0 -9999.0 -9999.0 -9999.0 -9999.0 -9999.0 -9999.0 -9999.0 -9999.0 -9999.0 -9999.0 -9999.0 -9999.0 -9999.0 -9999.0 -9999.0 -9999.0 -9999.0
-9999.0 -9999.0 -9999.0 -9999.0 -9999.0 -9999.0 -9999.0 -9999.0 -9999.0 -9999.0 -9999.0 -9999.0 -9999.0 -9999.0 242.810057 232.987594 230.159403 238.691752 272.451682 302.690992 315.248955 307.945841 308.115641 284.658351 264.432492 278.818372 308.955348 341.205891 376.023196 396.493228 384.614729 382.453028 393.313811 421.303110 437.678094 436.729109 416.907042 440.207465 457.982047 468.550455 468.737330 460.750558 474.573455 490.469690 483.663577 466.572789 471.164154 482.598756 494.456187 477.607689 410.145914 387.890629 383.217884 376.042035 361.767715 354.435169 378.717746 378.703139 370.064011 351.733168 318.856274 274.377614 255.969546 294.336492 338.349776 395.850108 -9999.0 -9999.0 -9999.0 -9999.0 -9999.0 -9999.0 -9999.0 -9999.0 -9999.0 -9999.0 -9999.0 -9999.0 -9999.0 -9999.0
-9999.0 -9999.0 -9999.0 -9999.0 -9999.0 -9999.0 -9999.0 -9999.0 -9999.0 185.683076 189.781624 197.000079 199.050131 214.660850 212.663159 219.737735 227.309334 253.891057 285.099577 320.512457 349.830702 340.910369 341.688830 353.019713 358.546291 371.917045 394.840663 437.557349 479.469427 520.513906 491.946378 490.188765 511.347963 565.381907 612.447249 626.209772 607.609078 611.061931 642.597763 669.995479 670.831185 669.221736 693.197582 706.104098 709.045701 690.914218 678.113845 677.653483 699.868765 641.849463 563.950775 505.404071 506.075242 474.849976 434.078425 410.085457 404.956355 424.996476 409.247154 371.276945 334.001727 323.035308 305.534671 321.860050 344.073967 390.545907 428.981698 457.461688 457.378498 439.990063 -9999.0 -9999.0 -9999.0 -9999.0 -9999.0 -9999.0 -9999.0 -9999.0 -9999.0 -9999.0
-9999.0 -9999.0 -9999.0 -9999.0 -9999.0 -9999.0 106.818289 115.986610 136.028135 141.279641 166.153811 173.645314 194.160149 213.415567 234.437339 251.325753 282.111793 315.133389 356.838915 401.459784 435.542769 433.257634 444.671232 477.263700 519.453588 553.337435 583.971951 633.124779 712.174663 752.735447 761.042936 766.109211 779.811103 844.902083 953.029243 984.816872 961.620407 927.888625 969.468311 1013.024543 1020.634182 1021.328228 1028.613756 1035.582163 1059.201530 1053.694868 1022.047422 1010.354511 1002.686767 970.727828 868.184254 786.168536 746.747170 698.401213 613.897153 546.508286 541.678944 555.528990 524.221208 468.782338 424.207861 411.389531 395.127126 380.316132 385.439716 404.348077 427.014037 438.262296 425.597774 404.783203 381.796429 352.960518 354.639814 379.911382 -9999.0 -9999.0 -9999.0 -9999.0 -9999.0 -9999.0
-9999.0 -9999.0 -9999.0 -9999.0 56.983673 69.506430 57.578919 81.804600 114.134462 147.876923 180.175357 217.467698 244.694643 274.664982 316.024105 353.382131 398.010980 434.469743 490.568500 562.550983 621.723897 656.970141 675.757593 734.143712 797.286656 859.116427 897.675821 960.256806 1009.302378 1061.229376 1081.824929 1085.819887 1102.128797 1138.055012 1193.183345 1229.070473 1214.219004 1204.544255 1217.875055 1232.108738 1254.681353 1255.440301 1256.701618 1257.859124 1260.907289 1262.296365 1245.066116 1217.852995 1204.513496 1188.502391 1149.127573 1082.592821 1048.294559 1023.522789 985.855389 900.491124 808.938616 784.176878 726.969958 666.895452 591.561102 560.993105 525.715803 496.508432 464.608967 464.562287 467.124578 446.997557 415.726110 383.599326 368.463496 349.617424 339.023864 368.937898 386.598356 417.334730 -9999.0 -9999.0 -9999.0 -9999.0
-9999.0 -9999.0 -1.307108 47.883370 103.979752 112.476128 113.858280 119.381370 147.212806 198.860234 276.685084 330.037477 374.716985 407.167212 467.619653 553.380066 635.572811 687.702923 748.014225 824.527257 909.769453 977.102552 1003.194393 1036.074195 1081.221383 1135.815588 1164.640716 1199.123853 1228.108219 1253.339138 1265.452309 1277.738102 1283.904291 1284.855584 1291.165884 1293.957900 1292.943588 1291.056849 1279.143740 1279.877782 1287.956607 1292.157142 1295.068438 1283.089682 1279.334860 1291.873224 1295.486683 1296.192595 1295.829691 1299.160984 1299.435859 1264.207038 1227.662187 1216.768563 1205.972158 1155.413684 1092.951965 1056.140534 1037.615866 987.607597 872.584379 801.054346 740.467189 679.383323 620.306375 584.733775 536.856356 495.226134 449.531617 403.696836 379.858445 361.266098 358.769122 359.096982 375.297594 390.937517 406.459014 414.334821 -9999.0 -9999.0
-9999.0 -101.869493 -29.487576 97.187187 176.237132 220.855809 257.794667 285.495344 312.765108 334.203623 443.626618 550.041754 642.433194 675.847339 727.416233 836.204997 962.206748 1016.081524 1050.771936 1100.601959 1159.763504 1211.296869 1238.562491 1255.072617 1283.332532 1289.803273 1292.495086 1297.449784 1293.077607 1284.247272 1273.694629 1279.014124 1274.969909 1256.557680 1243.069598 1242.849931 1242.174372 1226.423631 1207.800017 1199.915237 1205.008883 1225.979186 1216.749764 1199.555337 1196.102812 1213.093978 1227.546078 1218.857595 1206.568101 1218.694791 1244.885561 1261.811391 1276.161851 1292.161140 1309.893616 1282.706714 1255.109722 1222.336959 1208.270898 1180.653048 1119.928529 1059.239129 997.283679 901.614066 814.566819 732.602513 664.878120 604.481655 538.789023 496.803013 464.013567 411.621164 388.777684 390.442244 381.610628 379.150059 385.711310 392.174797 -9999.0 -9999.0
-9999.0 -177.309209 -34.518092 150.323025 297.397187 358.726004 473.033543 562.390056 592.040763 569.932128 684.039504 937.067608 1035.886630 1048.301482 1107.736316 1183.231553 1215.956146 1247.548919 1267.408615 1271.565876 1276.904537 1287.160798 1286.130511 1280.516929 1268.730868 1263.937001 1265.497485 1265.474555 1250.867469 1231.984975 1214.872653 1210.253035 1190.134074 1140.489217 1104.972577 1089.960947 1081.172735 1069.129567 1045.358955 1026.907898 1017.336186 1034.929806 1028.097513 1013.148160 1009.110607 1027.246002 1054.120154 1046.621567 1049.670577 1066.070342 1100.139197 1138.756101 1168.437095 1197.428141 1227.170651 1262.875805 1279.642927 1302.080894 1306.996667 1286.062248 1247.745871 1204.012194 1173.559188 1109.652484 1033.231868 930.375375 848.678748 782.925518 711.059752 653.518719 598.183329 534.513246 475.529129 450.275549 411.402035 391.482781 -9999.0 -9999.0 -9999.0 -9999.0
-9999.0 -248.737370 -58.978561 202.982963 468.909733 593.460067 810.937199 968.111852 1028.643011 1090.607644 1096.985575 1225.507185 1257.617551 1250.001163 1238.765609 1236.531347 1245.833338 1247.137103 1243.562671 1236.854577 1232.789962 1233.004934 1234.246446 1230.158373 1222.675469 1212.875319 1204.223121 1194.609708 1157.955511 1115.968273 1078.451314 1061.581804 1016.500440 891.793274 828.902933 789.453544 736.550672 732.949263 727.915822 702.536318 685.657797 669.225986 688.988397 690.924702 691.772524 696.101481 712.872486 731.845432 772.096343 807.252395 856.624565 927.524565 994.256059 1044.920951 1088.488075 1142.156787 1180.333865 1210.600485 1250.250169 1284.374502 1306.296135 1298.028060 1272.704983 1236.024716 1176.808868 1116.913559 1075.770832 1014.515040 945.693969 853.186621 781.136464 703.854744 624.795057 538.852216 497.778713 -9999.0 -9999.0 -9999.0 -9999.0 -9999.0
-9999.0 -413.969348 -146.512356 146.042965 471.500840 808.689420 941.277978 1078.414395 1147.506710 1112.903791 1122.261282 1154.911738 1195.963030 1202.050430 1181.703316 1166.764254 1141.878853 1134.666988 1144.729152 1121.538541 1098.095500 1089.475221 1091.947308 1084.235836 1067.061107 1055.076892 1046.023965 1026.510638 966.827820 875.382900 778.345729 746.826603 669.904589 599.615048 548.724196 498.777925 448.632336 448.344023 465.866921 451.404689 430.158064 412.110069 438.016799 454.248559 465.338736 454.455780 462.561792 496.526744 543.880457 585.613896 635.267374 693.711177 748.098297 801.826361 842.273438 913.514686 995.303306 1049.996077 1120.830010 1197.682606 1230.153023 1260.999462 1294.776597 1312.892881 1270.390160 1232.826850 1198.992733 1158.163272 1090.526493 1041.979828 996.744250 892.074635 790.792465 -9999.0 -9999.0 -9999.0 -9999.0 -9999.0 -9999.0 -9999.0
-9999.0 -544.733204 -318.751461 -78.679453 214.057316 450.614263 631.010711 741.851729 829.183155 858.810462 907.366213 969.008433 1007.420632 1028.487731 1003.602811 950.604412 882.168673 871.716588 863.985527 834.228053 802.181246 787.163444 786.699961 781.156869 757.997808 744.648400 734.608642 711.102986 671.111461 605.830909 520.782182 450.178152 388.247168 352.292250 320.943823 287.661599 250.518052 261.541208 276.028862 272.345412 261.023983 257.317184 286.805969 305.370892 315.249486 302.314916 320.533621 346.748896 387.553766 428.564005 475.735781 529.825022 583.471731 614.005386 631.290468 665.133228 716.500850 779.295550 882.598425 1010.594215 1092.874750 1144.947013 1198.061561 1231.537882 1248.446304 1273.845845 1262.863178 1198.204036 1095.356948 1118.385178 1120.125605 -9999.0 -9999.0 -9999.0 -9999.0 -9999.0 -9999.0 -9999.0 -9999.0 -9999.0
-9999.0 -9999.0 -554.348261 -369.834097 -219.029032 -36.647750 111.647056 217.366728 297.783247 399.396869 501.357415 587.848297 632.955942 649.488435 630.985883 587.126032 552.119643 546.985944 535.380013 521.397987 498.710010 490.515657 481.473796 474.575038 463.610633 457.735810 452.681938 441.103553 417.385179 368.628192 316.250781 263.973153 209.879644 184.423351 162.346915 140.128180 137.554246 135.422810 142.212972 143.766334 149.770405 161.866075 182.444250 203.909783 213.259544 220.600143 232.752079 255.912826 288.417600 329.124227 381.226286 436.733823 474.749620 486.592776 477.469668 484.484093 508.384890 554.469400 642.835179 738.950941 844.368807 943.242068 1039.109058 1098.329613 1125.198828 1160.552150 1190.763954 1130.191293 770.268725 1046.045156 -9999.0 -9999.0 -9999.0 -9999.0 -9999.0 -9999.0 -9999.0 -9999.0 -9999.0 -9999.0
-9999.0 -9999.0 -9999.0 -9999.0 -513.393338 -358.101765 -263.952821 -182.235151 -59.333858 52.859714 148.455678 228.127101 284.326759 308.487009 298.341781 294.143454 284.495204 278.493408 268.853021 264.544809 260.518972 253.230220 241.546872 234.576683 234.842679 239.133730 237.156952 223.979860 207.402230 181.539668 158.603520 123.654556 87.001164 57.966125 45.078727 38.743368 39.086299 33.418408 42.917829 49.705090 64.763221 80.191250 104.147215 132.615540 145.422996 159.592572 169.049812 189.418897 219.001702 271.241030 333.125682 388.805690 422.272299 425.184048 398.846560 382.655327 379.117007 407.023764 453.830985 524.205976 628.091310 708.625932 780.277727 841.108499 900.977263 997.291319 1092.950610 1133.224808 -9999.0 -9999.0 -9999.0 -9999.0 -9999.0 -9999.0 -9999.0 -9999.0 -9999.0 -9999.0 -9999.0 -9999.0
-9999.0 -9999.0 -9999.0 -9999.0 -9999.0 -9999.0 -565.792162 -470.009017 -386.016283 -259.620200 -141.586457 -46.785612 28.965990 55.474534 74.919190 97.755248 93.151904 75.237030 57.744032 74.865028 85.810766 80.920189 53.100280 52.296393 56.512753 65.844178 64.632404 58.677548 34.041447 43.278397 42.646654 19.820841 -5.934241 -19.917132 -31.306697 -21.213753 -20.336128 -32.946225 -30.870249 -4.504823 15.397990 28.782041 51.072678 84.144548 116.089923 130.434360 131.255126 137.126521 177.782885 247.324515 317.184709 370.327066 400.616140 407.165732 378.089190 336.364465 314.071721 319.774791 353.449983 405.814820 481.497433 532.098372 565.153225 590.151833 624.839982 730.849626 -9999.0 -9999.0 -9999.0 -9999.0 -9999.0 -9999.0 -9999.0 -9999.0 -9999.0 -9999.0 -9999.0 -9999.0 -9999.0 -9999.0
-9999.0 -9999.0 -9999.0 -9999.0 -9999.0 -9999.0 -9999.0 -9999.0 -9999.0 -9999.0 -9999.0 -9999.0 -9999.0 -9999.0 -9999.0 -9999.0 -9999.0 -9999.0 -9999.0 -9999.0 -9999.0 -9999.0 -9999.0 -9999.0 -9999.0 -9999.0 -9999.0 -9999.0 -9999.0 -9999.0 -9999.0 -9999.0 -9999.0 -9999.0 -9999.0 -9999.0 -9999.0 -9999.0 -9999.0 -9999.0 -9999.0 -9999.0 -9999.0 -9999.0 -9999.0 -9999.0 -9999.0 -9999.0 -9999.0 -9999.0 -9999.0 -9999.0 -9999.0 -9999.0 -9999.0 -9999.0 -9999.0 -9999.0 -9999.0 -9999.0 -9999.0 -9999.0 -9999.0 -9999.0 -9999.0 -9999.0 -9999.0 -9999.0 -9999.0 -9999.0 -9999.0 -9999.0 -9999.0 -9999.0 -9999.0 -9999.0 -9999.0 -9999.0 -9999.0 -9999.0
-9999.0 -9999.0 -9999.0 -9999.0 -9999.0 -9999.0 -9999.0 -9999.0 -9999.0 -9999.0 -9999.0 -9999.0 -9999.0 -9999.0 -9999.0 -9999.0 -9999.0 -9999.0 -9999.0 -9999.0 -9999.0 -9999.0 -9999.0 -9999.0 -9999.0 -9999.0 -9999.0 -9999.0 -9999.0 -9999.0 -9999.0 -9999.0 -9999.0 -9999.0 -9999.0 -9999.0 -9999.0 -9999.0 -9999.0 -9999.0 -9999.0 -9999.0 -9999.0 -9999.0 -9999.0 -9999.0 -9999.0 -9999.0 -9999.0 -9999.0 -9999.0 -9999.0 -9999.0 -9999.0 -9999.0 -9999.0 -9999.0 -9999.0 -9999.0 -9999.0 -9999.0 -9999.0 -9999.0 -9999.0 -9999.0 -9999.0 -9999.0 -9999.0 -9999.0 -9999.0 -9999.0 -9999.0 -9999.0 -9999.0 -9999.0 -9999.0 -9999.0 -9999.0 -9999.0 -9999.0