Borden_/Borden1m_014/output_maps/psiliqL0023N0029.asc
ncols         80
nrows         18
xllcorner     620200.000000
yllcorner     5168000.000000
cellsize      1.000000
NODATA_value  -9999.0
-9999.0 -9999.0 -9999.0 -9999.0 -9999.0 -9999.0 -9999.0 -9999.0 -9999.0 -9999.0 -9999.0 -9999.0 -9999.0 -9999.0 -9999.0 -9999.0 -9999.0 -9999.0 -9999.0 -9999.0 -9999.0 -9999.0 -9999.0 -9999.0 -9999.0 -9999.0 -9999.0 -9999.0 -9999.0 -9999.0 -9999.0 -9999.0 -9999.0 -9999.0 -9999.0 -9999.0 -9999.0 -9999.0 -9999.0 -9999.0 -9999.0 -9999.0 -9999.0 -9999.0 -9999.0 -9999.0 -9999.0 -9999.0 -9999.0 -9999.0 -9999.0 -9999.0 -9999.0 -9999.0 -9999.0 -9999.0 -9999.0 -9999.0 -9999.0 -9999.0 -9999.0 -9999.0 -9999.0 -9999.0 -9999.0 -9999.0 -9999.0 -9999.0 -9999.0 -9999.0 -9999.0 -9999.0 -9999.0 -9999.0 -9999.0 -9999.0 -9999.0 -9999.0 -9999.0 -9999.0
-9999.0 -9999.0 -9999.0 -9999.0 -9999.0 -9999.0 -9999.0 -9999.0 -9999.0 -9999.0 -9999.0 -9999.0 -9999.0 -9999.0 -9999.0 -9999.0 -9999.0 -9999.0 -9999.0 -9999.0 -9999.0 -9999.0 -9999.0 -9999.0 -9999.0 -9999.0 -9999.0 -9999.0 -9999.0 -9999.0 -9999.0 -9999.0 -9999.0 -9999.0 -9999.0 -9999.0 -9999.0 -9999.0 -9999.0 -9999.0 -9999.0 -9999.0 -9999.0 -9999.0 -9999.0 -9999.0 -9999.0 -9999.0 -9999.0 -9999.0 -9999.0 -9999.0 -9999.0 -9999.0 -9999.0 -9999.0 -9999.0 -9999.0 -9999.0 -9999.0 -9999.0 -9999.0 -9999.0 -9999.0 -9999.0 -9999.0 -9999.0 -9999.0 -9999.0 -9999.0 -9999.0 -9999.0 -9999.0 -9999.0 -9999.0 -9999.0 -9999.0 -9999.0 -9999.0 -9999.0
-9999.0 -9999.0 -9999.0 -9999.0 -9999.0 -9999.0 -9999.0 -9999.0 -9999.0 -9999.0 -9999.0 -9999.0 -9999.0 -9999.0 -9999.0 -9999.0 -9999.0 -9999.0 -9999.0 -9999.0 2756.564761 2758.815631 2738.456968 2706.231326 2680.095823 2684.234280 2719.880333 2762.959516 2804.162425 2814.686200 2798.259411 2803.805474 2801.007255 2798.053744 2800.029420 2808.829789 2816.738840 2827.289027 2835.877195 2835.601108 2830.151900 2826.453782 2829.312372 2831.509626 2837.148768 2822.549030 2836.652898 2797.466465 2801.489020 2798.418544 2819.332202 2803.703576 2792.284598 2773.581021 2796.680149 2805.911898 2796.392101 2800.147025 2798.231621 2795.264808 2764.425701 -9999.0 -9999.0 -9999.0 -9999.0 -9999.0 -9999.0 -9999.0 -9999.0 -9999.0 -9999.0 -9999.0 -9999.0 -9999.0 -9999.0 -9999.0 -9999.0 -9999.0 -9999.0 -9999.0
-9999.0 -9999.0 -9999.0 -9999.0 -9999.0 -9999.0 -9999.0 -9999.0 -9999.0 -9999.0 -9999.0 -9999.0 -9999.0 -9999.0 2661.528864 2653.803884 2652.772097 2662.322906 2696.889669 2728.464214 2740.330484 2734.241764 2735.720274 2713.226500 2693.135715 2708.447692 2740.307955 2772.527591 2808.548921 2829.168032 2820.592441 2820.266886 2829.569720 2799.728827 2808.468637 2805.831618 2843.371389 2812.044494 2825.149458 2830.367099 2828.626323 2819.057334 2828.552424 2842.762825 2835.709585 2820.148897 2829.907365 2843.588477 2854.521742 2845.506016 2837.069720 2820.347067 2813.593245 2805.794216 2789.616397 2783.395680 2808.804078 2804.825929 2794.825504 2775.767548 2741.310419 2695.668852 2675.106387 2713.146886 2754.939558 2791.025744 -9999.0 -9999.0 -9999.0 -9999.0 -9999.0 -9999.0 -9999.0 -9999.0 -9999.0 -9999.0 -9999.0 -9999.0 -9999.0 -9999.0
-9999.0 -9999.0 -9999.0 -9999.0 -9999.0 -9999.0 -9999.0 -9999.0 -9999.0 2598.725053 2605.337347 2614.144071 2618.721272 2635.934997 2634.015305 2642.828908 2649.829400 2679.330564 2711.248903 2746.990126 2775.147331 2769.135747 2769.269535 2776.688578 2775.713130 2787.179267 2810.515781 2800.292941 2832.058873 2868.285092 2836.052569 2832.057241 2850.226353 2892.460872 2917.808551 2920.966830 2903.250218 2917.596021 2941.256978 2958.089628 2955.041459 2949.653864 2974.616528 2989.255022 2984.754117 2963.897131 2960.873059 2966.922516 2995.110592 2944.437103 2879.199093 2838.153153 2851.240243 2828.756970 2800.852872 2833.384704 2830.839774 2807.663639 2794.953647 2794.683969 2759.571557 2745.798968 2726.213295 2743.571109 2764.155378 2787.051047 2826.313397 2855.642943 2854.987385 2837.600912 -9999.0 -9999.0 -9999.0 -9999.0 -9999.0 -9999.0 -9999.0 -9999.0 -9999.0 -9999.0
-9999.0 -9999.0 -9999.0 -9999.0 -9999.0 -9999.0 2517.125731 2528.772713 2551.236435 2555.898848 2584.107219 2591.792756 2613.904517 2634.320913 2658.478401 2674.960768 2704.171738 2737.624860 2776.146485 2817.466050 2804.269343 2842.646755 2800.188362 2820.873725 2850.322368 2871.657434 2894.862814 2932.128240 2984.069178 3019.947375 3014.958130 3016.175098 3024.468318 3074.099098 3137.683897 3149.331090 3128.923452 3115.545944 3138.036233 3174.542088 3173.762281 3172.673532 3180.459527 3190.714307 3217.328646 3207.343148 3175.797866 3169.040205 3174.125329 3153.388868 3087.105149 3029.561695 3008.960013 2983.261225 2901.413794 2856.608906 2876.069426 2900.937904 2877.554409 2828.641164 2836.866521 2826.778468 2811.026969 2798.915925 2806.683784 2799.781031 2822.876539 2835.911315 2823.599756 2802.867642 2790.777516 2760.789616 2761.730480 2785.770372 -9999.0 -9999.0 -9999.0 -9999.0 -9999.0 -9999.0
-9999.0 -9999.0 -9999.0 -9999.0 2464.978214 2479.284817 2466.990231 2495.152538 2529.848118 2566.172945 2597.095584 2633.943169 2661.841874 2693.041710 2730.296311 2758.805790 2797.049552 2831.434866 2829.674726 2891.866017 2937.258961 2953.450664 2962.660663 2993.623110 3049.524172 3096.943514 3115.449746 3140.686871 3179.987478 3235.670175 3258.122577 3261.364230 3278.183693 3319.356126 3373.245290 3407.120593 3389.857329 3381.241971 3390.278711 3403.663508 3425.779506 3425.883124 3426.919831 3430.551158 3437.517699 3436.218337 3410.735727 3377.820838 3365.628319 3356.025729 3320.473947 3250.017143 3218.863313 3191.446691 3156.553754 3103.945342 3053.720778 3052.103541 2998.806854 2964.210623 2912.239813 2900.880353 2878.005829 2859.756143 2840.001790 2849.210626 2858.738173 2842.089270 2811.478394 2795.170861 2779.037330 2758.876665 2745.782457 2775.202850 2786.155517 2815.533859 -9999.0 -9999.0 -9999.0 -9999.0
-9999.0 -9999.0 2402.844855 2450.150462 2509.065443 2518.138173 2516.028654 2522.836022 2553.304925 2606.968301 2677.664184 2721.274146 2757.902499 2793.586803 2799.084505 2863.609343 2925.693121 2968.733113 3006.092785 3073.875054 3132.456601 3159.596995 3169.042728 3199.378318 3252.568250 3319.037442 3346.102645 3371.778885 3401.731143 3436.652720 3432.767519 3444.107674 3455.602567 3466.129387 3479.027885 3485.042140 3480.561358 3476.045675 3457.721246 3452.911140 3459.469358 3466.751843 3466.304785 3451.928788 3447.978402 3462.664748 3468.385698 3466.643943 3464.441918 3469.799910 3467.122286 3421.141261 3399.358647 3384.810435 3374.875190 3329.796003 3264.552700 3231.361168 3211.232219 3176.097265 3103.495822 3064.324043 3024.216062 2988.753277 2966.056511 2948.859174 2912.995183 2878.575978 2837.708400 2795.630494 2788.248358 2770.463040 2767.438559 2765.595111 2781.422122 2790.620981 2806.044536 2813.925375 -9999.0 -9999.0
-9999.0 2293.867958 2365.793113 2489.970435 2570.449359 2613.118170 2631.753929 2644.131146 2675.524572 2712.807394 2807.733066 2822.045976 2905.217914 2942.170914 2984.279298 3054.112880 3145.645490 3183.714437 3220.517702 3281.048595 3344.237579 3389.596617 3415.299736 3401.072263 3438.534478 3463.800785 3470.452801 3476.389925 3475.299339 3466.897079 3459.954165 3466.792100 3464.057254 3445.330008 3429.684851 3428.098707 3424.797922 3401.887070 3375.250934 3360.256069 3362.147629 3385.996546 3373.793655 3352.672502 3348.339228 3369.641220 3389.675590 3379.252909 3366.842407 3382.684893 3416.684545 3440.327940 3443.407738 3461.394521 3482.380846 3454.207018 3431.419047 3388.828409 3372.938345 3347.920192 3292.328654 3237.720792 3190.330390 3145.834155 3093.106185 3042.835207 2994.885514 2960.269646 2904.204451 2869.163272 2843.185350 2798.331156 2794.364221 2788.034330 2788.279295 2784.866485 2785.497762 2791.798551 -9999.0 -9999.0
-9999.0 2201.399312 2341.652576 2522.387771 2669.914690 2719.706172 2795.900718 2830.273253 2847.031452 2847.645572 2899.584518 3094.948176 3205.115728 3220.235837 3292.634031 3382.912145 3372.827747 3402.880624 3424.809876 3446.048784 3463.212135 3475.919774 3473.783929 3468.157458 3451.995589 3444.066905 3443.282101 3441.286677 3424.271076 3405.658666 3389.113877 3386.333986 3369.656135 3322.356971 3289.926092 3273.346809 3256.142152 3242.190783 3214.434710 3189.254331 3177.972766 3185.665198 3182.652363 3172.607546 3168.196646 3182.623182 3213.299908 3209.985971 3220.011014 3239.234763 3274.506193 3311.578861 3330.507964 3359.042274 3393.530630 3439.818674 3449.841060 3471.929601 3475.279642 3463.001693 3417.819938 3367.966179 3339.041811 3284.662634 3225.341663 3167.816900 3119.129183 3074.318460 3019.308336 2984.608043 2954.176901 2899.188135 2853.401964 2841.380084 2806.208176 2791.160725 -9999.0 -9999.0 -9999.0 -9999.0
-9999.0 2104.801546 2286.587437 2531.102378 2809.219173 2888.422018 3078.248709 3188.282419 3227.338540 3292.436065 3194.401383 3381.742355 3428.467838 3421.915065 3432.043310 3434.306776 3447.906991 3447.609791 3442.562140 3431.796142 3422.552019 3418.246022 3417.077445 3409.231015 3396.760245 3382.326521 3371.236887 3360.207776 3324.476387 3293.269819 3255.890562 3243.933409 3202.354390 3116.166591 3077.435641 3040.519722 2982.538086 2983.888552 2988.570668 2983.760584 2964.986224 2938.468463 2966.098833 2975.339998 2979.104327 2976.054714 2987.227398 2994.199652 3039.750963 3073.348090 3112.146990 3159.212683 3184.619923 3223.163101 3263.071839 3314.694000 3344.939261 3373.360736 3420.198030 3456.847431 3479.249598 3466.123332 3446.235366 3403.248426 3344.372382 3295.544611 3267.356883 3218.020760 3177.700603 3133.822688 3087.501753 3034.799161 2981.787276 2922.379428 2886.312756 -9999.0 -9999.0 -9999.0 -9999.0 -9999.0
-9999.0 1892.423375 2157.336876 2429.289889 2715.924934 3029.241159 3183.250801 3280.055501 3340.941400 3317.311389 3334.462026 3342.414779 3378.261390 3384.534654 3363.482718 3350.552925 3334.142650 3333.054813 3346.008782 3319.265711 3289.797333 3276.882531 3277.688063 3266.974144 3243.676386 3228.788349 3219.463428 3201.896301 3163.236479 3114.246700 3032.320958 3001.207194 2943.848963 2901.949450 2863.903230 2817.109652 2822.780577 2824.931347 2798.864352 2835.585159 2813.983875 2796.066623 2824.750682 2799.697601 2812.210483 2797.196387 2804.357930 2838.362131 2885.298617 2925.988436 2970.804292 3000.167733 3040.810528 3080.365969 3102.640532 3143.140266 3180.105003 3220.918138 3289.837115 3365.990401 3399.853350 3433.510763 3463.426855 3484.837165 3442.635677 3415.451017 3392.466814 3370.267897 3325.021439 3280.228392 3239.754736 3176.780085 3119.309046 -9999.0 -9999.0 -9999.0 -9999.0 -9999.0 -9999.0 -9999.0
-9999.0 1776.776941 1976.316681 2177.262367 2436.548124 2672.565736 2863.743401 2957.005296 3013.636430 3074.197269 3122.232044 3157.266508 3179.585776 3200.433726 3177.732839 3137.370974 3106.115093 3110.779814 3103.122248 3081.667379 3053.979835 3040.972042 3039.311506 3034.392680 3012.976479 3002.356848 2995.625836 2996.285890 2969.884703 2917.029058 2844.708648 2821.178339 2764.500174 2739.838350 2713.319796 2683.231282 2654.102875 2665.065626 2675.150741 2674.902183 2667.097719 2666.234861 2695.085969 2713.672551 2723.756719 2713.651144 2733.389691 2759.057146 2799.261961 2800.641449 2845.635700 2895.617921 2944.860984 2967.144815 2972.305547 2987.113663 2995.335577 3038.796201 3115.044413 3195.515461 3270.227270 3314.470767 3364.226463 3402.475887 3429.305807 3456.450587 3477.029805 3468.703100 3443.885782 3411.267934 3354.405391 -9999.0 -9999.0 -9999.0 -9999.0 -9999.0 -9999.0 -9999.0 -9999.0 -9999.0
-9999.0 -9999.0 1748.842793 1907.444652 2014.818095 2181.883808 2327.264537 2437.302595 2538.841747 2678.388092 2799.795735 2846.581740 2891.171781 2907.165399 2893.560349 2864.777419 2846.817152 2846.526145 2835.192939 2827.726562 2811.964375 2806.535767 2850.493261 2841.804265 2834.957565 2831.600091 2827.015356 2817.404345 2797.459431 2752.405408 2710.284957 2663.132750 2612.423155 2588.317893 2567.815997 2548.509561 2550.323345 2544.789688 2549.515581 2551.747663 2560.464098 2574.129887 2593.682143 2616.795569 2626.978452 2637.568681 2649.900488 2673.432319 2705.931264 2747.736132 2801.963205 2823.824100 2859.767948 2867.988039 2852.591669 2850.155930 2860.825179 2893.016440 2959.505895 3008.159461 3095.954220 3160.136564 3221.766133 3276.483418 3302.381321 3338.638534 3406.463650 3454.315986 3494.412557 3472.157568 -9999.0 -9999.0 -9999.0 -9999.0 -9999.0 -9999.0 -9999.0 -9999.0 -9999.0 -9999.0
-9999.0 -9999.0 -9999.0 -9999.0 1768.066601 1917.182507 2014.991646 2096.051004 2229.771718 2359.214702 2465.894384 2553.472105 2622.344467 2651.272615 2652.843920 2668.021427 2666.916922 2658.831722 2648.257365 2651.386353 2654.359742 2647.438210 2631.313263 2624.372580 2626.890344 2633.296017 2630.547397 2616.778148 2597.929186 2580.535764 2564.676427 2532.359318 2498.909135 2470.471672 2457.731927 2453.584972 2453.256806 2445.290600 2453.444204 2461.805507 2477.447080 2492.531743 2516.041338 2545.335240 2560.082024 2575.310256 2584.924833 2604.847866 2635.701653 2689.423488 2753.552323 2811.762950 2817.349544 2818.840545 2831.485939 2815.173486 2809.692953 2834.900255 2814.961731 2868.805683 2959.886749 3000.280975 3046.641630 3086.509403 3122.785162 3181.290221 3272.877028 3352.545228 -9999.0 -9999.0 -9999.0 -9999.0 -9999.0 -9999.0 -9999.0 -9999.0 -9999.0 -9999.0 -9999.0 -9999.0
-9999.0 -9999.0 -9999.0 -9999.0 -9999.0 -9999.0 1740.918854 1846.054240 1917.224748 2067.488265 2210.306248 2317.864742 2402.030568 2438.192789 2471.689332 2502.249998 2502.856503 2483.389636 2462.324138 2483.274198 2500.959893 2494.512631 2462.907656 2463.688476 2469.820949 2477.362809 2474.488908 2468.041656 2442.943681 2457.908530 2461.003210 2438.034811 2412.500396 2399.420304 2387.734242 2397.394759 2397.337361 2382.924726 2382.068883 2409.577009 2430.374183 2443.254897 2464.452658 2497.708675 2530.416481 2546.413359 2548.019900 2553.795855 2592.051312 2662.346516 2735.259358 2792.089155 2798.060696 2803.725725 2809.962770 2770.048762 2749.989107 2756.341016 2788.926682 2837.524798 2841.250747 2879.849313 2895.054157 2899.946627 2914.211054 2984.422658 -9999.0 -9999.0 -9999.0 -9999.0 -9999.0 -9999.0 -9999.0 -9999.0 -9999.0 -9999.0 -9999.0 -9999.0 -9999.0 -9999.0
-9999.0 -9999.0 -9999.0 -9999.0 -9999.0 -9999.0 -9999.0 -9999.0 -9999.0 -9999.0 -9999.0 -9999.0 -9999.0 -9999.0 -9999.0 -9999.0 -9999.0 -9999.0 -9999.0 -9999.0 -9999.0 -9999.0 -9999.0 -9999.0 -9999.0 -9999.0 -9999.0 -9999.0 -9999.0 -9999.0 -9999.0 -9999.0 -9999.0 -9999.0 -9999.0 -9999.0 -9999.0 -9999.0 -9999.0 -9999.0 -9999.0 -9999.0 -9999.0 -9999.0 -9999.0 -9999.0 -9999.0 -9999.0 -9999.0 -9999.0 -9999.0 -9999.0 -9999.0 -9999.0 -9999.0 -9999.0 -9999.0 -9999.0 -9999.0 -9999.0 -9999.0 -9999.0 -9999.0 -9999.0 -9999.0 -9999.0 -9999.0 -9999.0 -9999.0 -9999.0 -9999.0 -9999.0 -9999.0 -9999.0 -9999.0 -9999.0 -9999.0 -9999.0 -9999.0 -9999.0
-9999.0 -9999.0 -9999.0 -9999.0 -9999.0 -9999.0 -9999.0 -9999.0 -9999.0 -9999.0 -9999.0 -9999.0 -9999.0 -9999.0 -9999.0 -9999.0 -9999.0 -9999.0 -9999.0 -9999.0 -9999.0 -9999.0 -9999.0 -9999.0 -9999.0 -9999.0 -9999.0 -9999.0 -9999.0 -9999.0 -9999.0 -9999.0 -9999.0 -9999.0 -9999.0 -9999.0 -9999.0 -9999.0 -9999.0 -9999.0 -9999.0 -9999.0 -9999.0 -9999.0 -9999.0 -9999.0 -9999.0 -9999.0 -9999.0 -9999.0 -9999.0 -9999.0 -9999.0 -9999.0 -9999.0 -9999.0 -9999.0 -9999.0 -9999.0 -9999.0 -9999.0 -9999.0 -9999.0 -9999.0 -9999.0 -9999.0 -9999.0 -9999.0 -9999.0 -9999.0 -9999.0 -9999.0 -9999.0 -9999.0 -9999.0 -9999.0 -9999.0 -9999.0 -9999.0 -9999.0