Borden_/Borden1m_014/output_maps/psiliqL0013N0040.asc
ncols         80
nrows         18
xllcorner     620200.000000
yllcorner     5168000.000000
cellsize      1.000000
NODATA_value  -9999.0
-9999.0 -9999.0 -9999.0 -9999.0 -9999.0 -9999.0 -9999.0 -9999.0 -9999.0 -9999.0 -9999.0 -9999.0 -9999.0 -9999.0 -9999.0 -9999.0 -9999.0 -9999.0 -9999.0 -9999.0 -9999.0 -9999.0 -9999.0 -9999.0 -9999.0 -9999.0 -9999.0 -9999.0 -9999.0 -9999.0 -9999.0 -9999.0 -9999.0 -9999.0 -9999.0 -9999.0 -9999.0 -9999.0 -9999.0 -9999.0 -9999.0 -9999.0 -9999.0 -9999.0 -9999.0 -9999.0 -9999.0 -9999.0 -9999.0 -9999.0 -9999.0 -9999.0 -9999.0 -9999.0 -9999.0 -9999.0 -9999.0 -9999.0 -9999.0 -9999.0 -9999.0 -9999.0 -9999.0 -9999.0 -9999.0 -9999.0 -9999.0 -9999.0 -9999.0 -9999.0 -9999.0 -9999.0 -9999.0 -9999.0 -9999.0 -9999.0 -9999.0 -9999.0 -9999.0 -9999.0
-9999.0 -9999.0 -9999.0 -9999.0 -9999.0 -9999.0 -9999.0 -9999.0 -9999.0 -9999.0 -9999.0 -9999.0 -9999.0 -9999.0 -9999.0 -9999.0 -9999.0 -9999.0 -9999.0 -9999.0 -9999.0 -9999.0 -9999.0 -9999.0 -9999.0 -9999.0 -9999.0 -9999.0 -9999.0 -9999.0 -9999.0 -9999.0 -9999.0 -9999.0 -9999.0 -9999.0 -9999.0 -9999.0 -9999.0 -9999.0 -9999.0 -9999.0 -9999.0 -9999.0 -9999.0 -9999.0 -9999.0 -9999.0 -9999.0 -9999.0 -9999.0 -9999.0 -9999.0 -9999.0 -9999.0 -9999.0 -9999.0 -9999.0 -9999.0 -9999.0 -9999.0 -9999.0 -9999.0 -9999.0 -9999.0 -9999.0 -9999.0 -9999.0 -9999.0 -9999.0 -9999.0 -9999.0 -9999.0 -9999.0 -9999.0 -9999.0 -9999.0 -9999.0 -9999.0 -9999.0
-9999.0 -9999.0 -9999.0 -9999.0 -9999.0 -9999.0 -9999.0 -9999.0 -9999.0 -9999.0 -9999.0 -9999.0 -9999.0 -9999.0 -9999.0 -9999.0 -9999.0 -9999.0 -9999.0 -9999.0 746.443640 749.436790 727.903003 695.035237 668.043374 671.379389 707.325689 749.983361 789.880190 801.342177 784.695326 788.199448 784.743070 784.878968 788.528100 796.175612 801.053459 813.318837 822.960693 823.888178 819.012986 814.770831 815.478770 818.793618 823.757407 812.360494 825.035789 838.888472 842.696590 835.519803 806.168101 788.423467 777.586496 760.363525 783.058677 793.356861 814.677190 817.507091 814.643998 786.554114 755.769273 -9999.0 -9999.0 -9999.0 -9999.0 -9999.0 -9999.0 -9999.0 -9999.0 -9999.0 -9999.0 -9999.0 -9999.0 -9999.0 -9999.0 -9999.0 -9999.0 -9999.0 -9999.0 -9999.0
-9999.0 -9999.0 -9999.0 -9999.0 -9999.0 -9999.0 -9999.0 -9999.0 -9999.0 -9999.0 -9999.0 -9999.0 -9999.0 -9999.0 653.387799 644.369744 642.517062 651.992898 686.618665 717.617921 730.147521 723.488361 724.569442 702.185181 682.973536 698.445053 729.791592 763.253402 799.702886 821.747099 811.639092 810.702228 821.976628 849.139163 863.708216 862.180638 843.281618 867.802760 885.311785 895.853705 897.051552 889.964257 903.991808 919.987236 912.695042 894.418752 897.751614 907.979950 918.613519 902.122525 835.387158 813.008903 806.360895 797.314819 781.198827 772.847218 796.393047 795.087606 785.343355 765.997915 732.257388 687.377466 668.032589 705.594655 748.512925 805.123924 -9999.0 -9999.0 -9999.0 -9999.0 -9999.0 -9999.0 -9999.0 -9999.0 -9999.0 -9999.0 -9999.0 -9999.0 -9999.0 -9999.0
-9999.0 -9999.0 -9999.0 -9999.0 -9999.0 -9999.0 -9999.0 -9999.0 -9999.0 593.131744 598.142991 606.333966 609.615725 626.290070 624.872984 633.063666 641.538204 669.682140 702.106470 738.556477 768.611675 760.867170 762.909734 775.068114 780.969003 795.190649 819.108204 862.362241 905.452760 949.026557 922.365816 921.749677 942.694451 992.191650 1027.943692 1036.673363 1019.492955 1028.877761 1056.511642 1082.032240 1084.805657 1084.646497 1110.176319 1123.948680 1125.206948 1104.116665 1088.151542 1085.448565 1107.766283 1053.618303 984.111749 929.690410 929.990319 896.886214 855.522201 832.208748 827.020862 845.682390 828.517666 789.193905 750.977146 738.599769 719.816980 735.281154 756.164232 801.296889 838.856166 866.146540 864.649290 846.311012 -9999.0 -9999.0 -9999.0 -9999.0 -9999.0 -9999.0 -9999.0 -9999.0 -9999.0 -9999.0
-9999.0 -9999.0 -9999.0 -9999.0 -9999.0 -9999.0 512.908611 522.932095 543.970468 549.712994 575.944134 584.593766 606.528131 627.249866 650.160849 668.516841 700.656511 735.454097 778.603335 824.390651 859.174002 856.787139 869.676926 903.351556 945.629367 977.996242 1006.072819 1049.442915 1128.555965 1173.596968 1183.903480 1190.022245 1200.545580 1249.151374 1313.136057 1329.059000 1310.221630 1297.344524 1319.214070 1357.979980 1368.873890 1372.479002 1382.850985 1392.012388 1416.992983 1406.399496 1363.352393 1345.344891 1339.648896 1322.026190 1260.487778 1195.410808 1157.729348 1106.178652 1021.127611 962.065286 964.060772 978.866656 946.207791 889.050468 844.447027 830.809688 813.221397 797.386545 801.210279 818.320014 838.852397 848.180845 833.582175 811.146519 787.015123 757.300261 758.421564 783.242829 -9999.0 -9999.0 -9999.0 -9999.0 -9999.0 -9999.0
-9999.0 -9999.0 -9999.0 -9999.0 462.043131 475.439521 464.189195 489.936658 523.629404 558.932535 592.559433 631.409521 660.705821 693.022107 736.211789 774.552810 820.353905 859.028609 917.000582 989.234641 1044.860290 1073.188465 1091.948507 1152.206019 1214.239638 1267.673982 1290.102393 1319.513023 1364.559643 1427.657060 1456.407896 1463.555186 1480.967114 1514.655163 1560.067966 1592.325166 1577.021842 1571.274965 1578.272480 1591.246223 1617.195455 1620.071703 1622.510526 1624.592100 1628.182086 1626.470508 1601.103017 1566.609149 1551.555673 1540.934592 1511.528503 1442.727180 1398.955328 1367.267999 1333.809168 1281.156752 1213.841365 1194.360762 1135.873097 1076.551104 1009.228868 982.437214 947.792451 918.557659 885.516659 883.298772 882.953701 859.490621 825.032796 790.847082 774.337389 754.531697 743.012996 772.447418 789.624179 819.837736 -9999.0 -9999.0 -9999.0 -9999.0
-9999.0 -9999.0 401.972335 451.435799 508.896895 518.714476 520.974210 528.320467 558.292031 612.181799 691.000210 745.191568 791.561228 828.015706 891.535034 976.782053 1054.977500 1106.806002 1167.551604 1237.909223 1301.623757 1338.079883 1359.170050 1399.026919 1451.757334 1511.331877 1537.745963 1564.352481 1595.595153 1629.549727 1644.407490 1658.909714 1666.640989 1667.876946 1672.036692 1672.689532 1668.564061 1663.844825 1646.563111 1644.088307 1652.358216 1658.023444 1660.357411 1647.347137 1643.258398 1656.010729 1658.569728 1656.922198 1656.041609 1662.717381 1666.703384 1628.869047 1587.524531 1571.431598 1560.905143 1516.393358 1451.241357 1406.365438 1382.421218 1339.257836 1260.037723 1205.554118 1152.706289 1100.971602 1044.772929 1008.620925 956.959109 910.227544 860.186910 811.636799 786.368386 767.055205 763.808601 763.206952 778.770214 793.724451 808.716750 816.315474 -9999.0 -9999.0
-9999.0 299.609055 372.410626 499.643480 580.547212 626.924682 663.061331 690.466806 721.121849 747.609233 857.363849 955.619374 1050.370178 1089.119897 1142.534990 1241.972383 1338.346617 1384.299699 1421.120891 1474.954400 1533.645926 1580.420397 1609.804557 1626.148401 1658.711139 1668.990545 1671.295417 1674.115894 1669.901118 1662.613021 1653.879185 1660.241590 1656.447432 1637.394248 1620.780176 1616.715620 1610.086753 1586.146397 1558.506136 1544.579667 1548.083126 1570.821816 1559.665763 1539.394405 1535.633174 1556.219363 1574.432440 1565.751911 1554.184883 1572.314194 1606.951597 1628.934160 1640.687579 1656.772928 1677.123326 1651.863416 1621.586061 1579.543193 1559.363986 1529.490399 1469.186975 1406.069674 1350.230724 1287.713053 1219.029828 1148.057957 1081.579262 1016.269447 945.979353 902.313708 869.267755 817.469687 794.985735 795.754303 786.007771 782.490121 788.091697 794.176915 -9999.0 -9999.0
-9999.0 221.462340 364.525830 550.245961 699.988476 762.490040 871.501384 956.214089 988.778297 965.763573 1076.984665 1297.522183 1395.421759 1412.675560 1482.461651 1567.265664 1592.206263 1623.693177 1644.658268 1651.451802 1657.439906 1666.507969 1665.444309 1660.241911 1646.327873 1638.663387 1637.281110 1633.685424 1614.929329 1594.745923 1576.532759 1571.806965 1552.821633 1509.199678 1474.529962 1455.854785 1438.642552 1417.883020 1384.907692 1359.017966 1345.624278 1362.583510 1355.013014 1338.023862 1334.209362 1356.339032 1388.511057 1383.913635 1391.072587 1413.619155 1454.639810 1495.880984 1519.508057 1549.852458 1587.157652 1631.210609 1647.759967 1668.778725 1673.035198 1652.448371 1607.675616 1555.088227 1518.684910 1452.900430 1377.137417 1295.715740 1228.207227 1163.252008 1092.258895 1044.259861 996.192662 938.292031 882.591489 857.280540 816.697998 795.684937 -9999.0 -9999.0 -9999.0 -9999.0
-9999.0 145.921064 335.315527 596.606840 870.500828 989.160894 1192.142758 1322.484274 1384.336792 1450.267896 1444.558555 1581.498813 1617.236246 1612.694012 1608.172833 1611.806840 1627.310660 1631.127311 1627.366972 1616.929553 1607.690532 1603.743150 1602.535717 1595.493268 1583.223674 1567.971554 1554.269044 1539.871245 1499.599999 1464.805631 1429.012983 1413.438229 1374.957159 1283.605606 1238.948530 1202.660763 1146.538983 1139.153548 1131.497653 1103.355508 1084.360167 1065.715357 1086.336048 1089.411591 1091.374835 1096.144721 1114.184828 1136.797882 1180.530868 1217.479510 1263.062850 1316.576805 1351.796045 1395.935112 1444.004293 1501.940136 1535.296731 1566.382565 1613.121677 1652.552813 1674.963818 1663.387122 1633.268842 1585.078741 1511.118894 1438.705609 1383.666735 1306.102069 1238.645180 1185.776082 1142.417165 1094.526819 1031.209564 947.998884 904.724032 -9999.0 -9999.0 -9999.0 -9999.0 -9999.0
-9999.0 -27.210716 240.910927 532.208212 852.910713 1178.045196 1303.861095 1438.304428 1511.250588 1472.561074 1474.493896 1498.585730 1540.543528 1549.575796 1530.800035 1522.841519 1512.710067 1512.610328 1524.431301 1496.480697 1465.824984 1452.153127 1451.494784 1439.783477 1416.809137 1399.405034 1386.196182 1364.911507 1315.505206 1263.757886 1182.842440 1153.564939 1078.434463 1018.007936 970.592852 919.531165 867.398889 865.014486 881.096776 865.522927 843.114149 824.639220 850.918106 868.080972 880.108157 869.671111 879.350214 915.888250 966.640787 1012.524960 1065.020014 1121.710182 1169.318246 1218.706750 1253.205515 1306.142060 1354.342298 1401.556371 1475.823250 1554.905293 1591.090994 1624.898125 1656.736971 1668.692028 1613.385973 1556.911507 1497.631518 1426.739862 1337.059113 1290.886715 1269.766221 1236.886746 1185.293296 -9999.0 -9999.0 -9999.0 -9999.0 -9999.0 -9999.0 -9999.0
-9999.0 -155.902985 66.934922 302.513886 592.899194 832.250919 1022.676249 1134.148991 1214.792109 1239.982480 1269.605180 1304.233050 1336.660598 1360.127338 1338.832582 1300.762078 1272.676987 1276.133144 1271.908472 1246.297527 1215.588676 1200.079938 1197.724645 1190.524009 1165.773063 1150.512717 1138.830588 1115.128845 1079.129616 1021.679031 939.286132 866.670549 804.115720 769.475991 738.057044 704.047652 666.642174 676.331775 689.235435 685.114504 673.845531 670.373508 699.704900 718.629673 728.898553 717.087320 736.428426 763.899750 806.648784 850.808570 901.519859 958.682608 1014.651854 1046.868954 1064.044067 1093.382155 1135.434796 1191.405240 1278.812723 1373.609361 1449.689304 1498.410335 1547.692951 1577.500349 1585.933437 1592.575993 1559.335459 1465.288948 1332.119654 1333.377294 1337.816173 -9999.0 -9999.0 -9999.0 -9999.0 -9999.0 -9999.0 -9999.0 -9999.0 -9999.0
-9999.0 -9999.0 -167.952608 14.167012 160.074373 343.341302 495.361555 605.881507 691.357131 796.877124 897.629164 980.303233 1025.194292 1043.332295 1028.033213 991.775783 967.965107 967.214784 956.556916 943.546979 921.063017 911.976775 901.115007 892.681988 881.102732 874.300012 868.074847 855.617602 831.887518 783.448575 731.731915 678.860017 624.203589 597.883845 575.129615 552.537392 549.852056 546.479572 552.406684 553.676048 559.870220 572.096736 592.494411 614.293280 624.030600 632.320638 645.111541 669.228416 702.985384 745.675192 800.200652 858.571322 899.430942 913.649827 905.986701 913.546438 937.166170 983.737557 1070.063032 1157.233316 1251.726178 1322.011492 1391.346025 1439.476847 1450.778138 1460.041718 1465.889452 1382.095837 1010.380599 1251.934710 -9999.0 -9999.0 -9999.0 -9999.0 -9999.0 -9999.0 -9999.0 -9999.0 -9999.0 -9999.0
-9999.0 -9999.0 -9999.0 -9999.0 -128.146162 28.575027 125.215068 209.433797 335.990998 452.003421 549.505174 630.709393 689.677336 715.386713 708.275956 708.589878 701.967491 696.429555 686.722498 683.221177 679.610147 671.557941 658.243238 650.445203 650.239650 654.039543 651.124737 637.031874 619.245044 593.906525 571.152928 535.704750 498.688810 468.997099 455.442059 448.867613 448.578737 442.131314 451.099379 457.943078 472.967630 488.290865 512.193853 540.932389 554.253830 568.882638 578.808789 599.751150 630.366438 683.958150 747.503225 805.294024 841.087371 845.915744 821.426926 806.788004 804.780380 834.933913 883.926500 955.829731 1060.988078 1135.903861 1195.061599 1239.219287 1268.079558 1306.970778 1345.521234 1364.627485 -9999.0 -9999.0 -9999.0 -9999.0 -9999.0 -9999.0 -9999.0 -9999.0 -9999.0 -9999.0 -9999.0 -9999.0
-9999.0 -9999.0 -9999.0 -9999.0 -9999.0 -9999.0 -175.660037 -76.233442 8.182398 139.993736 263.272529 360.824631 438.763397 467.790314 490.186102 514.702711 511.440239 493.555849 475.433363 492.730657 504.207641 498.474985 469.468583 468.323651 472.257957 480.668030 478.580258 471.903455 446.530702 455.892748 455.041541 431.401915 404.936754 390.470991 378.475749 388.013224 388.356149 375.171320 376.547453 402.952932 422.940259 436.245820 458.411477 491.612763 523.822786 538.682768 540.015604 546.408311 587.390117 657.922131 729.291506 784.259317 816.439364 824.596351 797.176082 757.206724 737.034522 745.096427 781.535394 836.949854 916.023935 967.950430 997.780726 1015.088955 1035.939883 1123.775289 -9999.0 -9999.0 -9999.0 -9999.0 -9999.0 -9999.0 -9999.0 -9999.0 -9999.0 -9999.0 -9999.0 -9999.0 -9999.0 -9999.0
-9999.0 -9999.0 -9999.0 -9999.0 -9999.0 -9999.0 -9999.0 -9999.0 -9999.0 -9999.0 -9999.0 -9999.0 -9999.0 -9999.0 -9999.0 -9999.0 -9999.0 -9999.0 -9999.0 -9999.0 -9999.0 -9999.0 -9999.0 -9999.0 -9999.0 -9999.0 -9999.0 -9999.0 -9999.0 -9999.0 -9999.0 -9999.0 -9999.0 -9999.0 -9999.0 -9999.0 -9999.0 -9999.0 -9999.0 -9999.0 -9999.0 -9999.0 -9999.0 -9999.0 -9999.0 -9999.0 -9999.0 -9999.0 -9999.0 -9999.0 -9999.0 -9999.0 -9999.0 -9999.0 -9999.0 -9999.0 -9999.0 -9999.0 -9999.0 -9999.0 -9999.0 -9999.0 -9999.0 -9999.0 -9999.0 -9999.0 -9999.0 -9999.0 -9999.0 -9999.0 -9999.0 -9999.0 -9999.0 -9999.0 -9999.0 -9999.0 -9999.0 -9999.0 -9999.0 -9999.0
-9999.0 -9999.0 -9999.0 -9999.0 -9999.0 -9999.0 -9999.0 -9999.0 -9999.0 -9999.0 -9999.0 -9999.0 -9999.0 -9999.0 -9999.0 -9999.0 -9999.0 -9999.0 -9999.0 -9999.0 -9999.0 -9999.0 -9999.0 -9999.0 -9999.0 -9999.0 -9999.0 -9999.0 -9999.0 -9999.0 -9999.0 -9999.0 -9999.0 -9999.0 -9999.0 -9999.0 -9999.0 -9999.0 -9999.0 -9999.0 -9999.0 -9999.0 -9999.0 -9999.0 -9999.0 -9999.0 -9999.0 -9999.0 -9999.0 -9999.0 -9999.0 -9999.0 -9999.0 -9999.0 -9999.0 -9999.0 -9999.0 -9999.0 -9999.0 -9999.0 -9999.0 -9999.0 -9999.0 -9999.0 -9999.0 -9999.0 -9999.0 -9999.0 -9999.0 -9999.0 -9999.0 -9999.0 -9999.0 -9999.0 -9999.0 -9999.0 -9999.0 -9999.0 -9999.0 -9999.0