Borden_/Borden1m_014/output_maps/psiliqL0015N0007.asc
ncols         80
nrows         18
xllcorner     620200.000000
yllcorner     5168000.000000
cellsize      1.000000
NODATA_value  -9999.0
-9999.0 -9999.0 -9999.0 -9999.0 -9999.0 -9999.0 -9999.0 -9999.0 -9999.0 -9999.0 -9999.0 -9999.0 -9999.0 -9999.0 -9999.0 -9999.0 -9999.0 -9999.0 -9999.0 -9999.0 -9999.0 -9999.0 -9999.0 -9999.0 -9999.0 -9999.0 -9999.0 -9999.0 -9999.0 -9999.0 -9999.0 -9999.0 -9999.0 -9999.0 -9999.0 -9999.0 -9999.0 -9999.0 -9999.0 -9999.0 -9999.0 -9999.0 -9999.0 -9999.0 -9999.0 -9999.0 -9999.0 -9999.0 -9999.0 -9999.0 -9999.0 -9999.0 -9999.0 -9999.0 -9999.0 -9999.0 -9999.0 -9999.0 -9999.0 -9999.0 -9999.0 -9999.0 -9999.0 -9999.0 -9999.0 -9999.0 -9999.0 -9999.0 -9999.0 -9999.0 -9999.0 -9999.0 -9999.0 -9999.0 -9999.0 -9999.0 -9999.0 -9999.0 -9999.0 -9999.0
-9999.0 -9999.0 -9999.0 -9999.0 -9999.0 -9999.0 -9999.0 -9999.0 -9999.0 -9999.0 -9999.0 -9999.0 -9999.0 -9999.0 -9999.0 -9999.0 -9999.0 -9999.0 -9999.0 -9999.0 -9999.0 -9999.0 -9999.0 -9999.0 -9999.0 -9999.0 -9999.0 -9999.0 -9999.0 -9999.0 -9999.0 -9999.0 -9999.0 -9999.0 -9999.0 -9999.0 -9999.0 -9999.0 -9999.0 -9999.0 -9999.0 -9999.0 -9999.0 -9999.0 -9999.0 -9999.0 -9999.0 -9999.0 -9999.0 -9999.0 -9999.0 -9999.0 -9999.0 -9999.0 -9999.0 -9999.0 -9999.0 -9999.0 -9999.0 -9999.0 -9999.0 -9999.0 -9999.0 -9999.0 -9999.0 -9999.0 -9999.0 -9999.0 -9999.0 -9999.0 -9999.0 -9999.0 -9999.0 -9999.0 -9999.0 -9999.0 -9999.0 -9999.0 -9999.0 -9999.0
-9999.0 -9999.0 -9999.0 -9999.0 -9999.0 -9999.0 -9999.0 -9999.0 -9999.0 -9999.0 -9999.0 -9999.0 -9999.0 -9999.0 -9999.0 -9999.0 -9999.0 -9999.0 -9999.0 -9999.0 1140.398947 1143.071140 1121.451991 1088.275726 1060.971974 1063.971198 1099.343851 1141.496454 1180.842079 1191.216019 1173.880559 1177.273138 1173.756619 1173.601708 1177.476078 1185.872501 1191.570335 1203.813175 1213.571924 1214.497822 1209.549551 1205.305471 1206.215653 1209.231437 1214.656474 1203.369263 1217.111290 1231.410678 1234.869702 1227.663729 1198.492456 1181.253924 1170.811429 1153.999289 1177.384551 1187.788231 1209.171159 1212.080565 1209.302221 1181.478879 1150.835759 -9999.0 -9999.0 -9999.0 -9999.0 -9999.0 -9999.0 -9999.0 -9999.0 -9999.0 -9999.0 -9999.0 -9999.0 -9999.0 -9999.0 -9999.0 -9999.0 -9999.0 -9999.0 -9999.0
-9999.0 -9999.0 -9999.0 -9999.0 -9999.0 -9999.0 -9999.0 -9999.0 -9999.0 -9999.0 -9999.0 -9999.0 -9999.0 -9999.0 1048.392981 1039.287770 1037.101277 1046.039180 1080.148114 1110.941453 1123.355385 1116.597145 1117.367333 1094.381309 1074.385271 1089.309209 1120.342528 1153.170570 1188.474055 1208.885165 1198.084982 1196.663201 1207.493230 1234.438982 1249.741297 1249.284463 1231.275884 1255.947007 1273.496376 1283.533084 1284.214322 1276.494370 1289.180496 1304.565529 1297.675825 1281.063634 1287.055855 1298.562574 1308.542287 1292.124194 1225.273511 1203.732337 1197.647145 1189.833337 1174.485518 1166.629606 1190.494839 1189.033202 1179.650143 1160.692933 1127.003660 1082.005653 1062.585128 1100.484397 1143.424198 1199.897995 -9999.0 -9999.0 -9999.0 -9999.0 -9999.0 -9999.0 -9999.0 -9999.0 -9999.0 -9999.0 -9999.0 -9999.0 -9999.0 -9999.0
-9999.0 -9999.0 -9999.0 -9999.0 -9999.0 -9999.0 -9999.0 -9999.0 -9999.0 989.753682 994.808392 1002.625106 1005.522989 1021.620982 1019.554848 1027.250104 1034.746501 1062.453262 1094.145251 1129.992908 1159.635178 1151.833878 1153.144233 1163.419402 1167.030166 1180.231828 1204.048202 1246.571350 1286.560043 1326.769152 1297.841740 1296.179367 1317.381542 1368.502704 1407.642427 1418.668830 1402.074701 1411.813700 1440.549513 1465.170026 1465.943099 1463.931256 1488.498447 1501.973981 1502.474781 1483.534325 1473.672035 1474.473607 1496.929872 1440.039757 1366.155399 1311.816920 1314.663521 1284.597721 1246.303737 1224.047100 1218.589000 1236.950113 1220.744773 1182.433615 1144.861389 1132.283525 1113.510950 1129.622301 1150.772482 1196.056323 1234.046781 1261.878333 1260.789214 1242.859671 -9999.0 -9999.0 -9999.0 -9999.0 -9999.0 -9999.0 -9999.0 -9999.0 -9999.0 -9999.0
-9999.0 -9999.0 -9999.0 -9999.0 -9999.0 -9999.0 909.992411 920.099594 941.075869 946.231644 972.353553 980.238370 1001.326237 1021.017221 1043.197135 1060.163870 1090.707425 1124.245658 1165.759278 1210.008122 1244.061706 1240.976870 1252.424769 1282.538149 1321.492746 1352.393586 1381.955152 1427.358247 1504.593462 1544.663333 1549.520342 1554.214649 1566.853890 1624.129617 1702.828961 1725.437634 1706.649390 1690.521243 1718.056999 1758.783254 1765.315325 1766.756092 1776.957961 1785.939226 1811.548313 1803.956227 1768.294087 1755.822702 1750.576925 1724.034850 1646.686448 1575.130746 1540.318631 1490.980250 1406.272252 1346.268956 1348.119944 1363.720182 1333.268974 1277.673406 1234.333790 1221.130041 1203.914728 1189.006936 1194.024004 1212.106338 1233.432372 1243.870393 1230.124662 1208.262571 1184.824647 1155.380181 1156.650993 1181.405154 -9999.0 -9999.0 -9999.0 -9999.0 -9999.0 -9999.0
-9999.0 -9999.0 -9999.0 -9999.0 859.322086 872.614171 860.819557 886.662867 920.095246 955.073417 987.544152 1024.926254 1052.632746 1083.231791 1123.834208 1158.639838 1201.512496 1238.004323 1293.595757 1364.236328 1420.164401 1449.345242 1466.689834 1524.144353 1585.694839 1642.079193 1671.539492 1710.918586 1758.089754 1814.832188 1838.433777 1843.457585 1861.565657 1900.946596 1955.531700 1993.391098 1979.391542 1973.190932 1984.781461 2000.334149 2025.131382 2026.998474 2029.010847 2031.408810 2036.067274 2036.283405 2014.531344 1982.652224 1966.367818 1950.434801 1911.987509 1840.128416 1802.492485 1773.465528 1734.843098 1670.556298 1597.830590 1579.625614 1521.834126 1461.853526 1393.844314 1367.259591 1333.091236 1304.484111 1273.391149 1273.598763 1275.896173 1254.707985 1221.697920 1188.540475 1172.533030 1152.839868 1141.087064 1170.590011 1187.750732 1217.791407 -9999.0 -9999.0 -9999.0 -9999.0
-9999.0 -9999.0 799.582305 848.251145 905.501685 914.656476 915.543462 922.288885 951.749321 1004.908853 1080.861642 1131.862514 1174.266200 1208.240308 1268.002865 1348.298949 1423.583305 1474.351621 1535.875480 1610.335021 1682.056525 1726.875144 1747.920932 1785.620367 1837.738363 1900.142363 1930.900620 1963.039859 1995.651897 2026.818948 2034.837741 2046.896228 2054.742859 2058.991760 2067.834793 2072.716781 2071.362843 2069.622847 2056.266858 2056.343407 2065.319299 2071.697835 2073.827247 2061.029834 2057.259103 2070.755911 2074.907902 2073.779430 2071.204629 2073.979462 2072.308102 2031.776586 1997.166077 1982.753554 1969.572552 1919.515363 1852.786738 1812.987884 1790.842161 1743.506965 1654.249831 1594.523787 1538.151288 1483.500029 1427.224633 1394.054853 1346.584039 1303.937437 1256.947478 1209.689006 1184.736952 1165.379318 1161.885096 1161.081781 1176.827889 1191.877825 1207.067315 1214.774262 -9999.0 -9999.0
-9999.0 696.147506 768.492965 894.537971 974.604666 1019.261039 1051.227436 1075.156797 1105.000770 1132.731045 1238.473504 1329.342755 1420.753045 1457.573332 1507.775779 1608.279967 1711.027339 1761.330726 1800.980932 1859.120663 1923.546566 1976.293705 2006.726663 2016.655024 2050.216618 2064.657117 2070.098836 2076.363500 2073.847629 2065.112703 2054.833573 2059.332834 2053.833130 2033.385436 2017.574229 2016.347138 2014.618045 1995.888053 1973.464633 1963.187761 1968.141664 1992.160964 1981.336492 1961.760297 1957.940163 1977.715521 1995.545020 1985.823694 1972.281373 1986.726500 2017.299150 2037.970213 2049.576423 2066.877309 2085.826302 2057.861256 2029.989662 1991.034346 1973.050223 1942.937947 1881.493552 1817.574309 1757.503597 1685.670171 1610.744414 1537.332307 1471.981658 1410.572131 1344.084083 1300.904895 1267.037472 1214.358697 1191.751334 1192.748397 1183.610483 1180.514744 1186.424354 1192.645442 -9999.0 -9999.0
-9999.0 615.076436 757.183987 941.061029 1088.925227 1147.504002 1250.050876 1331.526108 1360.766919 1334.265071 1445.173602 1672.586701 1778.486250 1795.808817 1864.735420 1950.627391 1970.700513 2004.198306 2027.304180 2039.612261 2051.421559 2065.072013 2065.940801 2061.979382 2049.349905 2043.710218 2044.442939 2043.135555 2025.877699 2004.770865 1984.884889 1977.890641 1954.992905 1904.419409 1867.614699 1850.370826 1837.914565 1824.320187 1798.223210 1776.698347 1764.968175 1781.983047 1776.347876 1760.487793 1756.290034 1776.235420 1805.750100 1799.772016 1805.547809 1824.350392 1861.551948 1901.872847 1928.959560 1961.041145 1996.732447 2039.467904 2055.920837 2079.296769 2084.234602 2065.429530 2021.746222 1970.331136 1935.199102 1869.886275 1793.722280 1708.348997 1638.839527 1575.416305 1504.275255 1451.555264 1397.463170 1333.233188 1275.326177 1251.782632 1212.455842 1193.147999 -9999.0 -9999.0 -9999.0 -9999.0
-9999.0 535.261308 722.600924 979.392044 1254.909647 1365.929972 1574.497333 1709.114378 1767.763370 1838.436696 1817.651161 1970.891400 2013.118223 2009.117730 2006.299565 2007.037702 2019.309422 2021.144399 2017.898586 2010.392367 2005.381345 2005.259385 2006.813991 2001.985684 1992.605336 1980.387077 1968.960740 1956.482780 1916.831877 1877.483883 1836.682220 1817.830911 1772.159202 1668.365030 1617.006948 1578.351583 1523.560790 1521.537095 1520.154665 1495.723627 1478.734831 1459.477568 1482.015941 1486.733495 1488.620765 1490.373660 1505.052172 1526.746109 1569.034066 1604.046433 1649.581067 1708.271233 1753.579221 1801.736968 1848.699053 1905.940141 1943.577217 1977.375522 2024.809178 2063.272741 2086.652152 2076.230338 2050.341554 2006.342837 1938.695347 1875.174048 1829.660677 1761.237911 1694.746345 1628.297638 1566.204250 1495.935751 1420.010701 1339.012784 1297.675328 -9999.0 -9999.0 -9999.0 -9999.0 -9999.0
-9999.0 354.290217 621.147015 907.340303 1219.537959 1550.078947 1687.238466 1815.124148 1888.009019 1861.651674 1877.755942 1906.443797 1952.034670 1960.916757 1939.320161 1924.610098 1904.555741 1899.357763 1910.448021 1885.600388 1859.689169 1849.760068 1852.122594 1843.333337 1823.413743 1809.414238 1798.777674 1777.403259 1723.319477 1658.796461 1568.808301 1534.743458 1455.854721 1394.870689 1347.169602 1296.979512 1247.762574 1248.771474 1268.345598 1255.753077 1235.059300 1217.539108 1244.500814 1262.323504 1274.152082 1261.869130 1269.601876 1303.786465 1351.258453 1393.508013 1442.820578 1499.305177 1549.882185 1600.778662 1636.766549 1695.016907 1754.665410 1807.320050 1883.240908 1964.026192 2002.295079 2037.901214 2072.296718 2090.676921 2044.018499 2001.910285 1959.656635 1908.335480 1833.030099 1783.938217 1742.428822 1660.175135 1580.481492 -9999.0 -9999.0 -9999.0 -9999.0 -9999.0 -9999.0 -9999.0
-9999.0 228.258735 445.798080 673.317339 955.454298 1191.342846 1384.123824 1490.897914 1572.485296 1616.477443 1664.068238 1711.451700 1748.268799 1771.612702 1747.099891 1698.864023 1655.677404 1651.583361 1643.700277 1618.308346 1589.102488 1575.447424 1574.710087 1569.731414 1547.562568 1535.015216 1525.196236 1501.909048 1465.195832 1404.179377 1321.608457 1248.184794 1186.535364 1153.392273 1122.877316 1090.253801 1055.408858 1066.673218 1080.540892 1078.085068 1068.327596 1065.837553 1095.194801 1114.176631 1124.033589 1111.849632 1130.191578 1155.809478 1196.095137 1237.692690 1285.643987 1340.414926 1394.568177 1424.627601 1440.374015 1470.045116 1515.601851 1574.653885 1667.771690 1772.455913 1855.181937 1908.341999 1964.051354 2002.704088 2022.587934 2043.530797 2029.863071 1960.249337 1855.906156 1862.913908 1859.072775 -9999.0 -9999.0 -9999.0 -9999.0 -9999.0 -9999.0 -9999.0 -9999.0 -9999.0
-9999.0 -9999.0 212.441737 388.984139 525.778530 703.881853 852.107486 960.516745 1049.273016 1164.908066 1274.780773 1363.973575 1410.843813 1428.231947 1411.478142 1372.571881 1343.639943 1338.887228 1326.455929 1314.467870 1294.241057 1286.932187 1277.133845 1270.217892 1261.271381 1256.672579 1251.822993 1240.201544 1217.054487 1168.766640 1118.974795 1067.310442 1013.900411 988.166285 966.094073 944.595057 943.415052 940.299875 946.670014 948.697245 955.813454 968.550878 988.808197 1010.670267 1020.197982 1028.465255 1040.458008 1063.497130 1095.779444 1137.028640 1189.945550 1246.715636 1285.955050 1298.590549 1289.605999 1296.180851 1318.800177 1363.448797 1447.406382 1536.443194 1637.188141 1718.397910 1800.750076 1861.470563 1888.572039 1919.044369 1949.581217 1896.047120 1638.382329 1803.397776 -9999.0 -9999.0 -9999.0 -9999.0 -9999.0 -9999.0 -9999.0 -9999.0 -9999.0 -9999.0
-9999.0 -9999.0 -9999.0 -9999.0 246.299171 400.469150 496.262278 578.746313 706.401571 825.876272 926.590907 1010.484905 1071.758473 1097.346339 1090.590027 1091.720643 1083.557933 1075.611228 1064.882537 1062.694341 1060.968746 1053.965598 1040.940030 1034.308106 1035.666335 1040.891334 1038.704244 1025.122188 1007.367960 983.767072 962.630851 928.079436 891.986027 862.808395 849.704562 843.960927 844.063317 837.732177 846.923880 854.390647 869.757981 885.140586 908.967077 937.773401 951.168685 965.571447 974.942777 995.029567 1024.762292 1077.350279 1139.897894 1196.786634 1231.758411 1235.682059 1210.735429 1195.431742 1192.268590 1220.573371 1266.375865 1335.091151 1438.411853 1516.010600 1581.505721 1636.930515 1685.323385 1755.587731 1838.049655 1881.698055 -9999.0 -9999.0 -9999.0 -9999.0 -9999.0 -9999.0 -9999.0 -9999.0 -9999.0 -9999.0 -9999.0 -9999.0
-9999.0 -9999.0 -9999.0 -9999.0 -9999.0 -9999.0 201.872957 301.912313 383.177322 518.611561 646.073369 745.982482 825.086389 855.056452 878.684524 903.091252 899.181702 879.915244 860.686758 878.687651 891.758512 886.446443 857.524770 857.488749 862.585156 871.470478 869.763130 863.551354 838.563992 849.315070 849.547550 826.374910 800.426585 786.561934 774.902019 784.748595 785.319175 772.200639 773.397961 800.238126 820.518282 833.787846 855.724272 888.830271 920.945194 935.740224 936.722378 942.461541 982.254271 1051.845790 1122.585330 1177.023543 1208.611643 1216.089283 1188.312940 1147.881583 1127.068004 1133.845511 1168.327319 1220.958249 1297.079704 1348.139616 1379.174167 1400.968530 1430.789553 1532.139982 -9999.0 -9999.0 -9999.0 -9999.0 -9999.0 -9999.0 -9999.0 -9999.0 -9999.0 -9999.0 -9999.0 -9999.0 -9999.0 -9999.0
-9999.0 -9999.0 -9999.0 -9999.0 -9999.0 -9999.0 -9999.0 -9999.0 -9999.0 -9999.0 -9999.0 -9999.0 -9999.0 -9999.0 -9999.0 -9999.0 -9999.0 -9999.0 -9999.0 -9999.0 -9999.0 -9999.0 -9999.0 -9999.0 -9999.0 -9999.0 -9999.0 -9999.0 -9999.0 -9999.0 -9999.0 -9999.0 -9999.0 -9999.0 -9999.0 -9999.0 -9999.0 -9999.0 -9999.0 -9999.0 -9999.0 -9999.0 -9999.0 -9999.0 -9999.0 -9999.0 -9999.0 -9999.0 -9999.0 -9999.0 -9999.0 -9999.0 -9999.0 -9999.0 -9999.0 -9999.0 -9999.0 -9999.0 -9999.0 -9999.0 -9999.0 -9999.0 -9999.0 -9999.0 -9999.0 -9999.0 -9999.0 -9999.0 -9999.0 -9999.0 -9999.0 -9999.0 -9999.0 -9999.0 -9999.0 -9999.0 -9999.0 -9999.0 -9999.0 -9999.0
-9999.0 -9999.0 -9999.0 -9999.0 -9999.0 -9999.0 -9999.0 -9999.0 -9999.0 -9999.0 -9999.0 -9999.0 -9999.0 -9999.0 -9999.0 -9999.0 -9999.0 -9999.0 -9999.0 -9999.0 -9999.0 -9999.0 -9999.0 -9999.0 -9999.0 -9999.0 -9999.0 -9999.0 -9999.0 -9999.0 -9999.0 -9999.0 -9999.0 -9999.0 -9999.0 -9999.0 -9999.0 -9999.0 -9999.0 -9999.0 -9999.0 -9999.0 -9999.0 -9999.0 -9999.0 -9999.0 -9999.0 -9999.0 -9999.0 -9999.0 -9999.0 -9999.0 -9999.0 -9999.0 -9999.0 -9999.0 -9999.0 -9999.0 -9999.0 -9999.0 -9999.0 -9999.0 -9999.0 -9999.0 -9999.0 -9999.0 -9999.0 -9999.0 -9999.0 -9999.0 -9999.0 -9999.0 -9999.0 -9999.0 -9999.0 -9999.0 -9999.0 -9999.0 -9999.0 -9999.0