Borden_/Borden1m_014/output_maps/psiliqL0008N0035.asc
ncols         80
nrows         18
xllcorner     620200.000000
yllcorner     5168000.000000
cellsize      1.000000
NODATA_value  -9999.0
-9999.0 -9999.0 -9999.0 -9999.0 -9999.0 -9999.0 -9999.0 -9999.0 -9999.0 -9999.0 -9999.0 -9999.0 -9999.0 -9999.0 -9999.0 -9999.0 -9999.0 -9999.0 -9999.0 -9999.0 -9999.0 -9999.0 -9999.0 -9999.0 -9999.0 -9999.0 -9999.0 -9999.0 -9999.0 -9999.0 -9999.0 -9999.0 -9999.0 -9999.0 -9999.0 -9999.0 -9999.0 -9999.0 -9999.0 -9999.0 -9999.0 -9999.0 -9999.0 -9999.0 -9999.0 -9999.0 -9999.0 -9999.0 -9999.0 -9999.0 -9999.0 -9999.0 -9999.0 -9999.0 -9999.0 -9999.0 -9999.0 -9999.0 -9999.0 -9999.0 -9999.0 -9999.0 -9999.0 -9999.0 -9999.0 -9999.0 -9999.0 -9999.0 -9999.0 -9999.0 -9999.0 -9999.0 -9999.0 -9999.0 -9999.0 -9999.0 -9999.0 -9999.0 -9999.0 -9999.0
-9999.0 -9999.0 -9999.0 -9999.0 -9999.0 -9999.0 -9999.0 -9999.0 -9999.0 -9999.0 -9999.0 -9999.0 -9999.0 -9999.0 -9999.0 -9999.0 -9999.0 -9999.0 -9999.0 -9999.0 -9999.0 -9999.0 -9999.0 -9999.0 -9999.0 -9999.0 -9999.0 -9999.0 -9999.0 -9999.0 -9999.0 -9999.0 -9999.0 -9999.0 -9999.0 -9999.0 -9999.0 -9999.0 -9999.0 -9999.0 -9999.0 -9999.0 -9999.0 -9999.0 -9999.0 -9999.0 -9999.0 -9999.0 -9999.0 -9999.0 -9999.0 -9999.0 -9999.0 -9999.0 -9999.0 -9999.0 -9999.0 -9999.0 -9999.0 -9999.0 -9999.0 -9999.0 -9999.0 -9999.0 -9999.0 -9999.0 -9999.0 -9999.0 -9999.0 -9999.0 -9999.0 -9999.0 -9999.0 -9999.0 -9999.0 -9999.0 -9999.0 -9999.0 -9999.0 -9999.0
-9999.0 -9999.0 -9999.0 -9999.0 -9999.0 -9999.0 -9999.0 -9999.0 -9999.0 -9999.0 -9999.0 -9999.0 -9999.0 -9999.0 -9999.0 -9999.0 -9999.0 -9999.0 -9999.0 -9999.0 -267.963752 -264.889422 -287.632214 -321.656721 -350.074348 -348.081690 -312.872117 -271.488497 -233.238228 -222.330857 -240.203251 -238.544489 -243.359485 -243.084630 -239.622698 -233.313063 -230.432855 -218.468222 -209.407819 -209.124001 -214.940996 -220.417826 -221.317659 -217.521243 -212.573018 -221.909943 -208.671929 -193.459017 -187.384609 -193.429824 -222.026011 -238.769048 -247.525911 -262.474699 -238.266073 -225.879279 -202.908148 -198.682370 -200.049617 -227.337738 -257.580798 -9999.0 -9999.0 -9999.0 -9999.0 -9999.0 -9999.0 -9999.0 -9999.0 -9999.0 -9999.0 -9999.0 -9999.0 -9999.0 -9999.0 -9999.0 -9999.0 -9999.0 -9999.0 -9999.0
-9999.0 -9999.0 -9999.0 -9999.0 -9999.0 -9999.0 -9999.0 -9999.0 -9999.0 -9999.0 -9999.0 -9999.0 -9999.0 -9999.0 -358.576204 -368.823781 -371.907725 -363.342269 -329.429078 -299.366180 -286.693745 -294.278175 -294.299709 -317.787280 -337.849097 -323.498217 -293.797741 -261.757710 -226.552604 -204.938580 -217.273573 -219.535570 -208.062157 -178.727990 -162.328591 -164.277351 -185.884713 -162.364365 -144.344278 -132.843294 -132.499593 -140.479307 -124.222216 -106.620422 -113.631842 -132.969909 -131.155404 -120.094888 -105.820436 -123.917514 -192.900051 -216.319296 -220.699715 -228.345736 -242.550804 -249.691881 -225.112427 -224.290902 -232.767776 -250.948457 -283.345804 -327.443462 -345.322884 -306.834925 -262.274551 -204.015250 -9999.0 -9999.0 -9999.0 -9999.0 -9999.0 -9999.0 -9999.0 -9999.0 -9999.0 -9999.0 -9999.0 -9999.0 -9999.0 -9999.0
-9999.0 -9999.0 -9999.0 -9999.0 -9999.0 -9999.0 -9999.0 -9999.0 -9999.0 -415.452667 -411.946156 -404.958011 -403.295073 -387.715030 -389.502539 -382.598956 -374.601913 -348.344769 -317.017147 -281.541053 -252.186925 -261.856216 -261.056900 -248.030941 -240.015019 -225.780850 -203.221834 -159.482032 -112.157359 -65.321188 -92.799479 -93.422053 -70.718818 -13.567193 33.245862 46.407042 24.765806 29.831388 62.434181 95.499148 101.373014 102.426824 131.077861 146.428765 151.844165 129.485524 104.008397 98.367779 123.039021 61.600699 -17.832044 -81.359255 -85.253225 -121.816202 -168.159430 -193.653754 -197.988979 -176.551631 -193.113672 -231.924149 -269.344916 -279.243278 -296.083930 -279.943243 -257.280147 -210.071483 -171.265646 -142.345540 -142.065758 -159.538492 -9999.0 -9999.0 -9999.0 -9999.0 -9999.0 -9999.0 -9999.0 -9999.0 -9999.0 -9999.0
-9999.0 -9999.0 -9999.0 -9999.0 -9999.0 -9999.0 -493.897134 -485.297521 -465.798315 -460.385635 -436.244501 -428.804692 -408.308210 -388.867206 -368.158673 -350.785894 -319.221725 -285.859297 -242.906167 -196.383318 -160.972610 -162.866248 -149.655334 -110.443658 -60.473139 -21.388169 9.862775 60.779796 152.836647 206.583513 223.999222 232.240077 242.728730 286.914683 348.786798 365.986963 345.731876 331.666555 352.833449 395.366055 425.583388 431.357695 440.050898 448.494026 473.515034 462.451891 401.923356 376.125730 367.379763 352.659414 298.095327 235.813270 187.839007 129.830449 32.785876 -38.887084 -43.873443 -30.973798 -68.176550 -128.019722 -175.409299 -188.503838 -204.885412 -220.322563 -215.754630 -196.709730 -173.474424 -162.189363 -174.774712 -195.417212 -218.519722 -247.231038 -245.447609 -219.865941 -9999.0 -9999.0 -9999.0 -9999.0 -9999.0 -9999.0
-9999.0 -9999.0 -9999.0 -9999.0 -543.390299 -531.234419 -543.048120 -519.784090 -488.079532 -455.065509 -422.546224 -384.799223 -357.208533 -326.776707 -283.685075 -243.068580 -195.243236 -155.538784 -93.402171 -13.064684 53.604708 91.583609 117.850990 187.615738 252.072878 302.702076 323.346616 352.704769 401.505266 480.094676 507.137167 518.142049 531.826366 563.930394 605.917225 634.860260 615.891425 614.558275 620.390831 632.177345 659.870042 662.571909 664.645241 665.650295 668.123043 667.314667 641.691106 605.811352 593.802148 580.379565 562.856680 496.659706 434.927973 399.043671 369.196455 320.278570 251.790543 225.598946 162.090913 95.863537 12.177780 -23.102185 -62.897127 -94.931303 -130.661127 -133.048900 -132.295594 -153.610346 -185.111643 -217.416331 -232.401641 -250.958947 -260.953959 -230.911537 -213.023479 -181.790386 -9999.0 -9999.0 -9999.0 -9999.0
-9999.0 -9999.0 -601.090880 -551.266859 -495.714814 -487.364934 -485.262493 -480.441699 -453.593405 -402.554845 -322.313945 -266.649829 -217.879280 -183.349647 -116.412343 -18.118171 79.711232 140.963538 206.748649 273.421714 335.277616 377.064497 415.055175 455.922837 505.253498 553.663439 580.183792 601.713375 635.863172 669.282629 691.420817 707.077938 713.566744 710.172812 711.785403 709.918337 706.527951 701.967961 684.716501 683.238499 690.976142 694.562573 698.444947 686.030701 682.114887 694.457385 695.909962 694.347287 695.925227 702.623058 712.148728 679.061308 627.764162 612.031760 606.072065 564.391806 500.518068 441.004603 414.217493 370.949500 290.857491 236.360016 179.897919 118.935014 50.144641 3.662249 -53.998349 -101.549278 -150.378614 -196.990772 -220.851583 -239.384521 -241.514298 -240.727018 -224.483528 -208.622059 -193.034249 -185.127659 -9999.0 -9999.0
-9999.0 -699.584993 -627.090967 -499.571513 -420.740684 -375.337961 -333.886989 -303.335726 -277.217583 -260.205873 -143.406017 -19.805440 90.346749 130.523806 191.289780 293.880565 405.130468 450.089775 482.611280 522.634274 577.995819 623.069402 654.239252 682.563906 710.101230 710.677030 710.235438 710.582698 704.248011 697.709603 688.019628 694.806330 692.837979 676.070070 661.932647 658.952305 652.056947 625.871936 594.237433 585.230878 587.163581 605.816631 600.803119 581.547522 577.976398 597.957000 614.129191 603.765680 594.524292 607.924059 645.919580 667.179507 682.229032 696.551588 717.581352 694.213482 661.578614 620.780618 602.508814 571.890741 500.758416 435.751665 380.478600 315.615036 248.562895 174.152506 99.932264 25.058911 -52.713819 -97.775489 -132.026549 -185.865628 -209.943285 -208.762826 -218.104249 -220.576506 -213.878361 -207.368837 -9999.0 -9999.0
-9999.0 -770.693469 -627.330100 -441.209596 -293.376588 -227.359513 -101.051444 -3.410605 35.474726 13.444849 145.016865 385.624030 471.357416 481.760542 543.692567 619.694592 658.485406 686.278313 703.749266 699.818494 698.667504 703.384127 701.243828 695.204166 681.381982 673.871676 672.890204 669.552563 649.760083 630.675240 613.033258 605.920545 593.990738 556.244338 523.760062 505.854000 482.194889 452.533683 415.167673 388.706610 375.415249 394.202594 385.137198 366.861096 363.119956 386.775852 419.644957 413.617353 419.381225 441.925102 486.087774 537.906515 562.200091 590.170874 626.867877 668.789684 686.723754 707.167104 713.105063 689.315377 646.413318 596.659688 561.593185 486.057941 409.766867 328.102194 265.264572 205.982192 133.625867 78.275585 18.251604 -49.942264 -114.207574 -145.668499 -186.498411 -208.033821 -9999.0 -9999.0 -9999.0 -9999.0
-9999.0 -835.599653 -644.063250 -377.192388 -113.236608 37.152668 241.765814 381.107979 467.848127 508.660831 553.646284 661.239445 684.348826 673.558582 656.598722 656.606681 669.659400 672.947849 668.819660 657.942057 645.921813 636.753651 637.650574 632.929209 621.042148 606.353389 593.500143 578.477148 526.557360 490.275490 458.358426 442.599365 407.736727 318.601234 276.370851 245.117842 189.355437 175.962842 161.079807 128.416766 106.798955 89.892971 109.177835 108.736046 109.378815 118.858419 142.148112 163.551585 208.334835 245.229788 289.357135 343.932150 379.320366 423.820031 475.086497 543.370255 571.638825 605.293811 650.577405 690.327087 712.365886 703.218812 672.952597 629.858234 560.490151 478.159985 423.209761 347.544335 283.037775 234.394662 194.268942 141.925849 64.995581 -47.941718 -96.035476 -9999.0 -9999.0 -9999.0 -9999.0 -9999.0
-9999.0 -988.475020 -720.960430 -422.751635 -81.432904 246.472028 359.008202 533.016460 608.779118 546.650780 517.675193 554.511173 594.890931 599.133275 577.565250 569.135602 561.640792 561.344086 572.813607 542.152438 500.392061 483.420788 482.065515 470.336688 447.760856 429.532943 415.401270 393.626696 340.793841 291.383734 218.213505 190.509101 110.970849 31.298428 -25.749408 -80.285524 -136.550876 -140.615196 -126.231189 -144.589157 -168.218693 -187.748906 -161.796331 -146.152630 -134.984821 -144.217883 -134.018475 -96.882042 -43.313974 7.284075 69.479564 136.234662 189.118611 243.203490 278.641216 334.219151 382.095769 430.598006 506.369954 594.456702 629.729470 663.693817 699.046581 714.257841 666.436569 614.115959 557.264705 475.256826 377.409494 330.550115 311.196016 284.214876 235.092951 -9999.0 -9999.0 -9999.0 -9999.0 -9999.0 -9999.0 -9999.0
-9999.0 -1122.854888 -890.267837 -640.918455 -338.064758 -91.902226 104.760922 229.513127 327.986492 305.329211 310.850934 341.193091 373.473626 395.139229 371.784656 335.165656 308.850658 312.124100 310.806296 285.523977 254.634953 239.739578 238.222428 230.393848 203.103256 184.513821 170.647404 143.982200 100.247962 32.677339 -62.348784 -135.902749 -201.885577 -240.832694 -273.107707 -307.507571 -347.392577 -337.156401 -322.649759 -327.685880 -340.519278 -345.330533 -315.647005 -297.325798 -287.293001 -300.599997 -282.086253 -254.729671 -212.006522 -168.756460 -118.103239 -59.117793 1.161740 40.140285 64.065790 103.994724 155.206349 218.967409 305.767963 403.944377 480.043423 539.752990 591.838246 623.981218 636.260666 652.097856 631.098947 544.616907 391.643267 370.470227 370.508055 -9999.0 -9999.0 -9999.0 -9999.0 -9999.0 -9999.0 -9999.0 -9999.0 -9999.0
-9999.0 -9999.0 -1127.245519 -935.975092 -774.386952 -588.511106 -437.231891 -328.187631 -251.830770 -163.289212 -71.177513 11.847494 60.039766 79.317947 58.087017 9.754248 -21.171721 -21.937247 -32.433293 -48.835241 -76.043807 -86.751789 -96.939899 -105.633093 -120.581280 -129.404200 -136.036491 -148.901212 -174.157791 -224.078372 -279.460366 -332.935282 -388.531151 -414.217461 -436.577602 -459.613968 -463.480718 -465.057644 -458.084726 -456.969331 -451.853662 -440.269700 -419.412538 -398.149778 -388.838242 -382.053469 -369.533369 -345.894880 -312.708004 -271.724201 -219.084788 -162.587450 -123.127665 -109.731860 -117.757011 -109.025688 -82.262884 -28.523603 77.762746 181.501527 276.916550 349.542979 421.660805 471.207962 488.474485 515.666256 537.749348 451.060506 222.328675 309.269942 -9999.0 -9999.0 -9999.0 -9999.0 -9999.0 -9999.0 -9999.0 -9999.0 -9999.0 -9999.0
-9999.0 -9999.0 -9999.0 -9999.0 -1078.950227 -922.049096 -829.067674 -747.221077 -628.373637 -521.316799 -430.048672 -354.059108 -301.596317 -278.037233 -290.296138 -297.505800 -306.519833 -310.133548 -318.780018 -324.874970 -331.140279 -339.182674 -350.416984 -358.225387 -359.359802 -356.221644 -358.434858 -371.727232 -387.796058 -415.798036 -440.460430 -475.989859 -513.260387 -542.398562 -555.350295 -562.336145 -561.965507 -567.261817 -557.594345 -551.359222 -536.550268 -521.110800 -497.096173 -468.916929 -456.544923 -442.486779 -432.845278 -412.021296 -382.136268 -329.605861 -267.699132 -212.117823 -178.734534 -175.816174 -202.941938 -219.406455 -222.548165 -193.044180 -141.136796 -62.105490 58.781646 149.303791 221.093984 268.748577 301.112566 346.747668 388.710917 402.031974 -9999.0 -9999.0 -9999.0 -9999.0 -9999.0 -9999.0 -9999.0 -9999.0 -9999.0 -9999.0 -9999.0 -9999.0
-9999.0 -9999.0 -9999.0 -9999.0 -9999.0 -9999.0 -1136.081917 -1042.195572 -954.815613 -836.342663 -726.396374 -636.096603 -562.838923 -538.765357 -522.301750 -500.483655 -505.365519 -522.167404 -538.468454 -522.162284 -513.026595 -517.783146 -544.953200 -546.487771 -543.097628 -533.601147 -534.628450 -540.591821 -565.245932 -557.392252 -558.962136 -581.861590 -607.791570 -622.103377 -633.491598 -623.363991 -622.377489 -634.691355 -632.009749 -606.027095 -586.405858 -572.933962 -550.364872 -517.315093 -485.495560 -471.451325 -470.673333 -464.591777 -423.030912 -352.935257 -283.274466 -230.584447 -200.589215 -194.147662 -223.923427 -266.246507 -289.011178 -283.263841 -248.956885 -194.247258 -112.957799 -56.671748 -17.616376 11.783022 48.848265 155.766740 -9999.0 -9999.0 -9999.0 -9999.0 -9999.0 -9999.0 -9999.0 -9999.0 -9999.0 -9999.0 -9999.0 -9999.0 -9999.0 -9999.0
-9999.0 -9999.0 -9999.0 -9999.0 -9999.0 -9999.0 -9999.0 -9999.0 -9999.0 -9999.0 -9999.0 -9999.0 -9999.0 -9999.0 -9999.0 -9999.0 -9999.0 -9999.0 -9999.0 -9999.0 -9999.0 -9999.0 -9999.0 -9999.0 -9999.0 -9999.0 -9999.0 -9999.0 -9999.0 -9999.0 -9999.0 -9999.0 -9999.0 -9999.0 -9999.0 -9999.0 -9999.0 -9999.0 -9999.0 -9999.0 -9999.0 -9999.0 -9999.0 -9999.0 -9999.0 -9999.0 -9999.0 -9999.0 -9999.0 -9999.0 -9999.0 -9999.0 -9999.0 -9999.0 -9999.0 -9999.0 -9999.0 -9999.0 -9999.0 -9999.0 -9999.0 -9999.0 -9999.0 -9999.0 -9999.0 -9999.0 -9999.0 -9999.0 -9999.0 -9999.0 -9999.0 -9999.0 -9999.0 -9999.0 -9999.0 -9999.0 -9999.0 -9999.0 -9999.0 -9999.0
-9999.0 -9999.0 -9999.0 -9999.0 -9999.0 -9999.0 -9999.0 -9999.0 -9999.0 -9999.0 -9999.0 -9999.0 -9999.0 -9999.0 -9999.0 -9999.0 -9999.0 -9999.0 -9999.0 -9999.0 -9999.0 -9999.0 -9999.0 -9999.0 -9999.0 -9999.0 -9999.0 -9999.0 -9999.0 -9999.0 -9999.0 -9999.0 -9999.0 -9999.0 -9999.0 -9999.0 -9999.0 -9999.0 -9999.0 -9999.0 -9999.0 -9999.0 -9999.0 -9999.0 -9999.0 -9999.0 -9999.0 -9999.0 -9999.0 -9999.0 -9999.0 -9999.0 -9999.0 -9999.0 -9999.0 -9999.0 -9999.0 -9999.0 -9999.0 -9999.0 -9999.0 -9999.0 -9999.0 -9999.0 -9999.0 -9999.0 -9999.0 -9999.0 -9999.0 -9999.0 -9999.0 -9999.0 -9999.0 -9999.0 -9999.0 -9999.0 -9999.0 -9999.0 -9999.0 -9999.0