Borden_/Borden1m_014/output_maps/psiliqL0002N0030.asc
ncols         80
nrows         18
xllcorner     620200.000000
yllcorner     5168000.000000
cellsize      1.000000
NODATA_value  -9999.0
-9999.0 -9999.0 -9999.0 -9999.0 -9999.0 -9999.0 -9999.0 -9999.0 -9999.0 -9999.0 -9999.0 -9999.0 -9999.0 -9999.0 -9999.0 -9999.0 -9999.0 -9999.0 -9999.0 -9999.0 -9999.0 -9999.0 -9999.0 -9999.0 -9999.0 -9999.0 -9999.0 -9999.0 -9999.0 -9999.0 -9999.0 -9999.0 -9999.0 -9999.0 -9999.0 -9999.0 -9999.0 -9999.0 -9999.0 -9999.0 -9999.0 -9999.0 -9999.0 -9999.0 -9999.0 -9999.0 -9999.0 -9999.0 -9999.0 -9999.0 -9999.0 -9999.0 -9999.0 -9999.0 -9999.0 -9999.0 -9999.0 -9999.0 -9999.0 -9999.0 -9999.0 -9999.0 -9999.0 -9999.0 -9999.0 -9999.0 -9999.0 -9999.0 -9999.0 -9999.0 -9999.0 -9999.0 -9999.0 -9999.0 -9999.0 -9999.0 -9999.0 -9999.0 -9999.0 -9999.0
-9999.0 -9999.0 -9999.0 -9999.0 -9999.0 -9999.0 -9999.0 -9999.0 -9999.0 -9999.0 -9999.0 -9999.0 -9999.0 -9999.0 -9999.0 -9999.0 -9999.0 -9999.0 -9999.0 -9999.0 -9999.0 -9999.0 -9999.0 -9999.0 -9999.0 -9999.0 -9999.0 -9999.0 -9999.0 -9999.0 -9999.0 -9999.0 -9999.0 -9999.0 -9999.0 -9999.0 -9999.0 -9999.0 -9999.0 -9999.0 -9999.0 -9999.0 -9999.0 -9999.0 -9999.0 -9999.0 -9999.0 -9999.0 -9999.0 -9999.0 -9999.0 -9999.0 -9999.0 -9999.0 -9999.0 -9999.0 -9999.0 -9999.0 -9999.0 -9999.0 -9999.0 -9999.0 -9999.0 -9999.0 -9999.0 -9999.0 -9999.0 -9999.0 -9999.0 -9999.0 -9999.0 -9999.0 -9999.0 -9999.0 -9999.0 -9999.0 -9999.0 -9999.0 -9999.0 -9999.0
-9999.0 -9999.0 -9999.0 -9999.0 -9999.0 -9999.0 -9999.0 -9999.0 -9999.0 -9999.0 -9999.0 -9999.0 -9999.0 -9999.0 -9999.0 -9999.0 -9999.0 -9999.0 -9999.0 -9999.0 -586.354551 -585.421286 -587.492379 -589.842709 -591.803860 -592.039463 -589.834064 -587.255839 -584.275486 -583.648589 -586.026005 -585.469696 -586.401320 -586.897413 -586.920165 -586.267680 -585.962655 -584.992165 -584.365497 -584.632061 -585.357613 -585.881953 -586.361479 -586.192254 -585.384330 -586.473940 -584.846171 -583.215836 -582.621085 -582.666777 -584.915818 -585.860930 -586.206343 -588.034574 -584.719469 -583.704963 -581.178231 -580.913019 -580.470153 -583.315380 -586.087412 -9999.0 -9999.0 -9999.0 -9999.0 -9999.0 -9999.0 -9999.0 -9999.0 -9999.0 -9999.0 -9999.0 -9999.0 -9999.0 -9999.0 -9999.0 -9999.0 -9999.0 -9999.0 -9999.0
-9999.0 -9999.0 -9999.0 -9999.0 -9999.0 -9999.0 -9999.0 -9999.0 -9999.0 -9999.0 -9999.0 -9999.0 -9999.0 -9999.0 -590.246204 -591.341205 -591.847149 -592.146765 -590.169501 -588.599476 -588.506371 -589.649232 -588.741261 -590.964544 -592.908698 -591.723668 -590.013832 -588.569265 -586.186932 -584.340975 -586.026143 -586.439212 -585.510111 -582.226923 -580.717998 -581.387384 -585.170736 -581.623608 -579.743957 -578.507279 -578.664472 -580.398217 -577.929779 -575.042754 -576.498255 -579.540158 -578.943833 -577.245662 -574.406936 -575.985301 -585.398797 -586.446191 -585.996260 -585.846280 -587.090984 -587.984844 -584.634852 -585.076916 -585.647081 -586.300792 -588.298249 -591.455998 -592.841546 -589.598524 -586.614640 -580.459624 -9999.0 -9999.0 -9999.0 -9999.0 -9999.0 -9999.0 -9999.0 -9999.0 -9999.0 -9999.0 -9999.0 -9999.0 -9999.0 -9999.0
-9999.0 -9999.0 -9999.0 -9999.0 -9999.0 -9999.0 -9999.0 -9999.0 -9999.0 -592.081125 -592.383686 -592.083491 -592.793186 -591.842309 -593.409598 -593.039901 -593.299044 -591.957657 -590.832473 -588.898972 -586.328086 -588.196434 -588.432780 -587.064065 -586.828634 -586.253543 -585.057145 -580.702948 -575.542580 -567.397838 -574.200476 -574.488615 -570.738599 -556.518687 -542.666505 -537.934920 -545.703061 -545.762103 -536.350928 -524.103898 -523.540493 -524.604437 -510.277549 -500.747716 -493.821311 -508.481906 -522.259351 -524.358984 -507.415587 -535.612128 -556.689905 -572.253647 -571.389014 -576.629549 -582.221684 -584.303764 -585.046369 -581.156278 -582.682497 -586.284284 -589.179367 -588.333945 -589.919835 -588.370434 -587.228630 -582.551781 -578.242794 -574.003918 -573.791357 -576.491019 -9999.0 -9999.0 -9999.0 -9999.0 -9999.0 -9999.0 -9999.0 -9999.0 -9999.0 -9999.0
-9999.0 -9999.0 -9999.0 -9999.0 -9999.0 -9999.0 -594.014301 -594.146325 -593.543131 -595.443233 -594.095199 -595.023506 -594.016585 -593.562772 -592.898711 -592.841867 -591.113309 -589.568560 -586.912987 -583.313908 -579.913441 -581.622049 -580.718330 -575.731941 -565.613342 -555.777215 -549.333795 -537.019425 -487.125772 -430.968598 -406.326442 -394.170310 -379.873719 -351.275438 -297.085834 -258.944088 -300.378842 -319.783530 -303.562350 -260.558160 -175.122571 -174.098094 -168.536454 -161.767689 -135.845057 -140.523323 -254.174577 -285.106439 -295.067286 -304.256682 -344.151133 -385.793537 -447.654095 -502.770000 -543.368739 -561.010491 -564.010582 -561.370797 -568.304642 -577.139729 -582.277443 -582.356878 -583.362130 -585.184492 -584.353210 -582.447116 -579.470958 -577.603172 -579.041850 -581.005040 -582.509145 -585.569518 -585.099401 -582.132722 -9999.0 -9999.0 -9999.0 -9999.0 -9999.0 -9999.0
-9999.0 -9999.0 -9999.0 -9999.0 -596.972968 -596.096539 -598.711267 -597.240870 -596.086982 -595.209190 -595.176105 -593.583621 -593.118984 -591.960029 -589.467382 -587.433314 -583.819523 -581.013296 -573.123611 -555.860590 -537.516891 -524.865984 -515.762332 -448.996211 -377.361407 -340.457951 -326.901607 -303.290510 -254.629276 -128.554718 -103.015561 -95.379024 -114.134166 -54.831990 -43.901384 17.662060 -0.807799 -6.733364 -5.628865 1.985310 25.379104 25.694456 26.789485 26.702152 28.654668 30.581332 11.313666 -18.759456 -29.835100 -37.382959 -94.289663 -113.750705 -222.085315 -261.553527 -286.863103 -324.811992 -376.034301 -400.976267 -477.101165 -521.946821 -550.420449 -559.395071 -567.632726 -571.804437 -577.092266 -576.215542 -574.830658 -577.499721 -580.917286 -584.107929 -584.544979 -585.926138 -587.415363 -583.627956 -582.236700 -578.022505 -9999.0 -9999.0 -9999.0 -9999.0
-9999.0 -9999.0 -597.141316 -597.039718 -594.638814 -596.098864 -596.948615 -598.198858 -597.674928 -595.342074 -590.806938 -588.736899 -585.508106 -583.730507 -576.078099 -555.739490 -527.739892 -498.313706 -422.622154 -364.816734 -318.397252 -277.055574 -189.888897 -150.586008 -105.833450 -58.542379 -77.532153 -17.930239 4.430615 30.757632 55.279816 71.848084 75.740320 70.086533 69.580599 66.980742 66.125957 62.031291 45.125223 43.180450 50.313676 52.209600 55.724417 43.626214 39.927947 52.257409 54.251219 54.710530 57.285152 64.932657 75.416889 47.489139 -4.790069 -16.309988 -57.362806 -55.543856 -116.854638 -216.457747 -247.172529 -287.113631 -353.638633 -389.884510 -454.019685 -512.289315 -541.745603 -553.752304 -565.059086 -571.834867 -577.849555 -583.212639 -584.855646 -585.846247 -585.154294 -585.655977 -583.629420 -582.061476 -579.757992 -578.867860 -9999.0 -9999.0
-9999.0 -597.837883 -598.610140 -594.315571 -593.532952 -592.597454 -591.287504 -590.160948 -588.951480 -590.580092 -577.980666 -551.270547 -519.111714 -503.021318 -437.135681 -342.505388 -184.591118 -153.102772 -150.771462 -87.975927 -40.264603 -7.317662 21.298941 52.954078 77.083586 71.983289 68.027451 67.390978 58.653303 51.534250 41.160164 48.871168 48.323737 33.308717 22.310681 21.141857 18.807925 -4.516410 -30.154042 -41.638560 -36.285534 -15.742667 -25.643368 -45.509783 -49.302426 -29.909581 -14.883686 -23.448418 -34.900506 -20.597718 9.227979 26.637656 43.066257 56.540001 76.252388 54.922925 22.351802 -12.725308 -26.552030 -49.451871 -159.738226 -225.033906 -277.833718 -337.890138 -385.129506 -460.066685 -522.012353 -547.670245 -564.723168 -570.879257 -574.649796 -582.053385 -583.983869 -582.488737 -583.459247 -583.574878 -582.664954 -581.948146 -9999.0 -9999.0
-9999.0 -601.702698 -597.830809 -593.173270 -587.141580 -586.009598 -564.464996 -542.211398 -533.052939 -545.282557 -471.701469 -178.679393 -117.903583 -117.223308 -66.615093 0.015465 40.376794 62.428504 75.029774 65.936021 60.309604 61.534248 57.376147 48.269593 34.944305 29.234291 28.253678 27.334437 10.573307 -5.982744 -21.408997 -21.883737 -34.298419 -67.344092 -97.589728 -112.173578 -146.111421 -203.502093 -245.061347 -273.623062 -286.588585 -266.685769 -277.530556 -296.048513 -299.631941 -275.752647 -242.225019 -248.084062 -243.159461 -220.009811 -174.432362 -85.790496 -65.975375 -41.747821 -10.691621 26.970821 44.970241 64.792702 70.880920 47.037708 10.040191 -34.374773 -61.648348 -173.611681 -248.030983 -323.892137 -369.039917 -402.839974 -481.069568 -521.219587 -544.346999 -561.578323 -573.149509 -575.782245 -581.153203 -582.100292 -9999.0 -9999.0 -9999.0 -9999.0
-9999.0 -601.773185 -597.915269 -588.967011 -565.609390 -525.341188 -379.408262 -254.230378 -81.845459 -130.744979 -8.707848 61.306220 69.085336 52.798680 26.423563 22.758901 31.776881 33.771534 29.986059 20.930131 11.416979 -20.488276 6.205007 -30.624486 -13.297444 -25.592654 -36.962282 -46.238037 -137.688252 -174.693850 -202.956479 -219.246045 -252.240278 -331.459172 -360.069279 -378.821523 -440.191177 -458.353857 -475.990814 -504.930763 -516.807725 -523.762549 -514.389372 -516.772792 -517.597288 -511.458969 -494.003608 -477.324662 -423.757811 -386.069265 -358.194737 -314.416915 -281.887015 -238.012611 -185.494031 -79.764732 -52.673967 -26.838498 12.383902 47.843608 67.915047 60.632809 32.259162 -1.820529 -57.044025 -178.106397 -230.614680 -296.909852 -346.850734 -379.236844 -403.078328 -462.631547 -526.071564 -558.913819 -566.899977 -9999.0 -9999.0 -9999.0 -9999.0 -9999.0
-9999.0 -606.924685 -597.565202 -590.144365 -548.041172 -366.135255 -278.784413 -8.855679 43.123773 -25.196860 -135.238461 -50.410242 -17.989466 -17.669457 -42.561308 -52.555621 -57.522306 -58.281347 -45.630812 -77.448871 -156.276125 -175.349855 -176.887954 -189.688455 -212.145197 -231.381214 -246.098940 -267.447788 -319.071202 -355.051219 -401.318238 -434.911543 -510.168719 -543.208434 -557.111047 -568.294264 -578.148874 -577.976618 -574.969935 -577.687154 -580.554079 -583.495931 -579.946296 -578.278728 -576.683190 -578.620168 -578.013628 -572.937440 -564.054405 -553.740533 -536.182724 -505.071600 -454.974658 -389.765401 -366.031479 -322.261391 -278.509845 -230.603967 -155.222559 -32.587841 -6.373175 22.364074 58.454558 76.286511 38.900936 3.444162 -50.808965 -171.378489 -268.311110 -306.355137 -322.923205 -345.409402 -380.625112 -9999.0 -9999.0 -9999.0 -9999.0 -9999.0 -9999.0 -9999.0
-9999.0 -610.043067 -599.911638 -597.940410 -584.683449 -552.721804 -476.490400 -361.802417 -193.028017 -319.458493 -333.907312 -312.024657 -284.847225 -264.027963 -286.625345 -316.981759 -336.646443 -333.211165 -331.696727 -349.953008 -371.298414 -379.998945 -380.619730 -388.525454 -423.010938 -448.146724 -463.532229 -489.134186 -517.779436 -541.945309 -566.394632 -577.039764 -584.138744 -586.613279 -588.393140 -590.235593 -593.636575 -591.824325 -590.389385 -590.774190 -591.866598 -592.683150 -590.169842 -589.268204 -588.459887 -590.751970 -589.137705 -587.617533 -584.196114 -580.575358 -575.239554 -567.012099 -555.688696 -546.487681 -539.044298 -523.221108 -488.928424 -408.643323 -345.868337 -254.528283 -180.409911 -86.422916 -36.109711 -38.223764 14.257692 23.199553 31.231443 4.729658 -240.849588 -271.514221 -274.927434 -9999.0 -9999.0 -9999.0 -9999.0 -9999.0 -9999.0 -9999.0 -9999.0 -9999.0
-9999.0 -9999.0 -611.980071 -607.692192 -603.745732 -599.709474 -593.936483 -586.167855 -579.953391 -571.410486 -557.740674 -540.268330 -526.887263 -519.824915 -529.125705 -545.265978 -553.559400 -553.002440 -555.122970 -559.271599 -566.231107 -568.737202 -570.385138 -571.702909 -574.503049 -575.684382 -576.189598 -577.240806 -579.498008 -584.308441 -588.432114 -591.196803 -594.161688 -594.103749 -594.600397 -595.627154 -594.864734 -595.055453 -594.776920 -594.926804 -594.714939 -594.260873 -593.677664 -592.891442 -592.841527 -592.630349 -592.326527 -591.431471 -590.042574 -588.180050 -584.540235 -579.068097 -574.690402 -573.566576 -575.779229 -575.013254 -571.705496 -563.357809 -532.769532 -451.669509 -368.249355 -308.034979 -237.688709 -190.147857 -167.732078 -94.364996 -37.151849 -179.859545 -318.577256 -306.012535 -9999.0 -9999.0 -9999.0 -9999.0 -9999.0 -9999.0 -9999.0 -9999.0 -9999.0 -9999.0
-9999.0 -9999.0 -9999.0 -9999.0 -613.489411 -607.698577 -602.440144 -602.877550 -599.020643 -596.649258 -594.324980 -591.460575 -589.074346 -587.480187 -589.488584 -590.051741 -590.501148 -590.200368 -590.617552 -591.176468 -591.479665 -591.814478 -592.119083 -592.577885 -592.429849 -592.028773 -591.923223 -592.691369 -592.725250 -594.231217 -594.502718 -595.384106 -596.236009 -597.184890 -597.016010 -597.141964 -596.741417 -597.171389 -596.501571 -596.905755 -596.401322 -596.163094 -595.527844 -594.503760 -594.877020 -594.283386 -594.236516 -593.432995 -593.069991 -590.878340 -587.253869 -582.933389 -579.900296 -580.005576 -583.782119 -585.333557 -586.171923 -583.738467 -579.356995 -569.465646 -540.691039 -495.942279 -406.536176 -368.173866 -343.591794 -301.114869 -259.449354 -249.883796 -9999.0 -9999.0 -9999.0 -9999.0 -9999.0 -9999.0 -9999.0 -9999.0 -9999.0 -9999.0 -9999.0 -9999.0
-9999.0 -9999.0 -9999.0 -9999.0 -9999.0 -9999.0 -611.165849 -608.350789 -609.062737 -607.031709 -605.229398 -603.745769 -601.408323 -601.749022 -601.143082 -599.308532 -599.603251 -600.479883 -601.571617 -599.951576 -599.282485 -599.112167 -600.907402 -600.420931 -600.254600 -599.553018 -599.624830 -599.334612 -600.895814 -599.123470 -598.290082 -598.657459 -599.012151 -598.694856 -599.098898 -597.957100 -597.822324 -598.737043 -598.989037 -597.674150 -597.299039 -597.478438 -597.199393 -596.270769 -594.918654 -594.712012 -595.309057 -596.127011 -594.686893 -591.384866 -587.551183 -584.033807 -581.665251 -580.877123 -584.062659 -588.224098 -590.256529 -590.483955 -588.712180 -585.247646 -576.733848 -570.272803 -564.434121 -556.659684 -547.028524 -488.443685 -9999.0 -9999.0 -9999.0 -9999.0 -9999.0 -9999.0 -9999.0 -9999.0 -9999.0 -9999.0 -9999.0 -9999.0 -9999.0 -9999.0
-9999.0 -9999.0 -9999.0 -9999.0 -9999.0 -9999.0 -9999.0 -9999.0 -9999.0 -9999.0 -9999.0 -9999.0 -9999.0 -9999.0 -9999.0 -9999.0 -9999.0 -9999.0 -9999.0 -9999.0 -9999.0 -9999.0 -9999.0 -9999.0 -9999.0 -9999.0 -9999.0 -9999.0 -9999.0 -9999.0 -9999.0 -9999.0 -9999.0 -9999.0 -9999.0 -9999.0 -9999.0 -9999.0 -9999.0 -9999.0 -9999.0 -9999.0 -9999.0 -9999.0 -9999.0 -9999.0 -9999.0 -9999.0 -9999.0 -9999.0 -9999.0 -9999.0 -9999.0 -9999.0 -9999.0 -9999.0 -9999.0 -9999.0 -9999.0 -9999.0 -9999.0 -9999.0 -9999.0 -9999.0 -9999.0 -9999.0 -9999.0 -9999.0 -9999.0 -9999.0 -9999.0 -9999.0 -9999.0 -9999.0 -9999.0 -9999.0 -9999.0 -9999.0 -9999.0 -9999.0
-9999.0 -9999.0 -9999.0 -9999.0 -9999.0 -9999.0 -9999.0 -9999.0 -9999.0 -9999.0 -9999.0 -9999.0 -9999.0 -9999.0 -9999.0 -9999.0 -9999.0 -9999.0 -9999.0 -9999.0 -9999.0 -9999.0 -9999.0 -9999.0 -9999.0 -9999.0 -9999.0 -9999.0 -9999.0 -9999.0 -9999.0 -9999.0 -9999.0 -9999.0 -9999.0 -9999.0 -9999.0 -9999.0 -9999.0 -9999.0 -9999.0 -9999.0 -9999.0 -9999.0 -9999.0 -9999.0 -9999.0 -9999.0 -9999.0 -9999.0 -9999.0 -9999.0 -9999.0 -9999.0 -9999.0 -9999.0 -9999.0 -9999.0 -9999.0 -9999.0 -9999.0 -9999.0 -9999.0 -9999.0 -9999.0 -9999.0 -9999.0 -9999.0 -9999.0 -9999.0 -9999.0 -9999.0 -9999.0 -9999.0 -9999.0 -9999.0 -9999.0 -9999.0 -9999.0 -9999.0