Borden_/Borden1m_014/output_maps/psiliqL0001N0004.asc
ncols         80
nrows         18
xllcorner     620200.000000
yllcorner     5168000.000000
cellsize      1.000000
NODATA_value  -9999.0
-9999.0 -9999.0 -9999.0 -9999.0 -9999.0 -9999.0 -9999.0 -9999.0 -9999.0 -9999.0 -9999.0 -9999.0 -9999.0 -9999.0 -9999.0 -9999.0 -9999.0 -9999.0 -9999.0 -9999.0 -9999.0 -9999.0 -9999.0 -9999.0 -9999.0 -9999.0 -9999.0 -9999.0 -9999.0 -9999.0 -9999.0 -9999.0 -9999.0 -9999.0 -9999.0 -9999.0 -9999.0 -9999.0 -9999.0 -9999.0 -9999.0 -9999.0 -9999.0 -9999.0 -9999.0 -9999.0 -9999.0 -9999.0 -9999.0 -9999.0 -9999.0 -9999.0 -9999.0 -9999.0 -9999.0 -9999.0 -9999.0 -9999.0 -9999.0 -9999.0 -9999.0 -9999.0 -9999.0 -9999.0 -9999.0 -9999.0 -9999.0 -9999.0 -9999.0 -9999.0 -9999.0 -9999.0 -9999.0 -9999.0 -9999.0 -9999.0 -9999.0 -9999.0 -9999.0 -9999.0
-9999.0 -9999.0 -9999.0 -9999.0 -9999.0 -9999.0 -9999.0 -9999.0 -9999.0 -9999.0 -9999.0 -9999.0 -9999.0 -9999.0 -9999.0 -9999.0 -9999.0 -9999.0 -9999.0 -9999.0 -9999.0 -9999.0 -9999.0 -9999.0 -9999.0 -9999.0 -9999.0 -9999.0 -9999.0 -9999.0 -9999.0 -9999.0 -9999.0 -9999.0 -9999.0 -9999.0 -9999.0 -9999.0 -9999.0 -9999.0 -9999.0 -9999.0 -9999.0 -9999.0 -9999.0 -9999.0 -9999.0 -9999.0 -9999.0 -9999.0 -9999.0 -9999.0 -9999.0 -9999.0 -9999.0 -9999.0 -9999.0 -9999.0 -9999.0 -9999.0 -9999.0 -9999.0 -9999.0 -9999.0 -9999.0 -9999.0 -9999.0 -9999.0 -9999.0 -9999.0 -9999.0 -9999.0 -9999.0 -9999.0 -9999.0 -9999.0 -9999.0 -9999.0 -9999.0 -9999.0
-9999.0 -9999.0 -9999.0 -9999.0 -9999.0 -9999.0 -9999.0 -9999.0 -9999.0 -9999.0 -9999.0 -9999.0 -9999.0 -9999.0 -9999.0 -9999.0 -9999.0 -9999.0 -9999.0 -9999.0 -541.738783 -540.545692 -542.725703 -545.149884 -547.315578 -547.674390 -545.317517 -542.792159 -539.889120 -539.478290 -542.096019 -541.297598 -542.384827 -543.137224 -543.313577 -542.573857 -542.163483 -541.290299 -540.790725 -541.179660 -541.944040 -542.418253 -542.953381 -542.887985 -541.934808 -543.225536 -541.469193 -539.889169 -539.436078 -539.233503 -541.124333 -541.795316 -542.013995 -544.153143 -540.347104 -539.485135 -537.029146 -536.910110 -536.272117 -539.009981 -541.749668 -9999.0 -9999.0 -9999.0 -9999.0 -9999.0 -9999.0 -9999.0 -9999.0 -9999.0 -9999.0 -9999.0 -9999.0 -9999.0 -9999.0 -9999.0 -9999.0 -9999.0 -9999.0 -9999.0
-9999.0 -9999.0 -9999.0 -9999.0 -9999.0 -9999.0 -9999.0 -9999.0 -9999.0 -9999.0 -9999.0 -9999.0 -9999.0 -9999.0 -544.996595 -546.340207 -546.992246 -547.574171 -545.443763 -543.932748 -544.168155 -545.555158 -544.242233 -546.792426 -549.131563 -547.748421 -546.013587 -544.876958 -542.716906 -541.018682 -542.764715 -543.206433 -542.386370 -539.285950 -538.155759 -538.938669 -543.041011 -539.192174 -537.593541 -536.590177 -536.732139 -538.597422 -536.239814 -533.452686 -534.955218 -537.899573 -537.200215 -535.601871 -532.934170 -533.809408 -543.022432 -543.355931 -542.654488 -542.188430 -543.498677 -544.517920 -540.716169 -541.456901 -541.939584 -542.189956 -543.987676 -547.356944 -548.977783 -545.227903 -542.383002 -536.250401 -9999.0 -9999.0 -9999.0 -9999.0 -9999.0 -9999.0 -9999.0 -9999.0 -9999.0 -9999.0 -9999.0 -9999.0 -9999.0 -9999.0
-9999.0 -9999.0 -9999.0 -9999.0 -9999.0 -9999.0 -9999.0 -9999.0 -9999.0 -546.729168 -547.175115 -546.836191 -547.856796 -546.730572 -548.955229 -548.521310 -549.063665 -547.582873 -546.653352 -544.836997 -542.133735 -544.383187 -544.717774 -543.282296 -543.388178 -543.192506 -542.379530 -538.364407 -534.239967 -526.936583 -533.925136 -534.313008 -531.698935 -522.300460 -513.622731 -511.087701 -516.367338 -516.434464 -510.034167 -502.537976 -503.134616 -503.978287 -496.058356 -490.173314 -485.534887 -491.526350 -501.717819 -503.501965 -494.150670 -509.364470 -523.162366 -533.359222 -530.553364 -535.014534 -539.927980 -541.498286 -542.300695 -538.032099 -539.373177 -542.765077 -545.559695 -544.138324 -545.951654 -544.182115 -543.341766 -538.762501 -534.887072 -531.035257 -530.859418 -533.387406 -9999.0 -9999.0 -9999.0 -9999.0 -9999.0 -9999.0 -9999.0 -9999.0 -9999.0 -9999.0
-9999.0 -9999.0 -9999.0 -9999.0 -9999.0 -9999.0 -548.638978 -548.882952 -548.187994 -551.005278 -549.299816 -550.741320 -549.575487 -549.226369 -548.569280 -548.832443 -547.073812 -545.709128 -543.323375 -540.232580 -537.315284 -539.550139 -538.885389 -534.689349 -527.803496 -522.244422 -518.413525 -510.759933 -487.255241 -467.185790 -460.117911 -457.695626 -453.436103 -423.719314 -359.658785 -329.597714 -363.476641 -384.502792 -365.317031 -299.029443 -266.078527 -262.060076 -133.153182 2.464612 2.991543 2.557855 -242.971456 -333.222183 -348.134909 -358.694317 -412.095832 -454.382609 -473.819071 -492.518258 -514.898184 -528.125349 -527.092812 -522.685547 -527.770576 -535.411288 -539.753142 -539.229321 -539.919801 -541.806511 -540.820505 -539.107979 -536.348300 -534.522522 -535.818215 -537.447652 -538.412473 -541.517757 -540.929412 -537.896959 -9999.0 -9999.0 -9999.0 -9999.0 -9999.0 -9999.0
-9999.0 -9999.0 -9999.0 -9999.0 -552.519691 -551.331443 -555.051214 -553.057804 -551.650020 -550.691959 -551.068376 -549.366878 -549.189312 -548.138575 -545.724518 -544.352824 -541.288123 -539.219288 -532.672775 -520.941893 -509.779539 -502.898678 -499.987522 -475.830530 -445.113579 -407.666294 -391.835687 -366.115944 -272.083095 2.619496 3.231980 3.267940 3.390497 3.617812 4.010123 4.431323 4.098892 4.019756 4.109376 4.256835 4.657671 4.628206 4.885784 5.099649 5.216303 5.259975 4.546085 4.064467 3.954394 3.909998 3.716479 3.110831 2.512567 -210.974903 -323.355327 -388.587033 -446.946666 -459.859656 -483.089335 -501.626967 -518.627030 -522.370834 -527.580965 -530.529426 -535.233929 -534.001499 -532.321866 -534.703971 -537.714320 -540.607852 -540.596190 -541.827567 -543.626801 -539.473011 -538.382177 -534.252782 -9999.0 -9999.0 -9999.0 -9999.0
-9999.0 -9999.0 -552.445603 -552.640006 -549.569797 -551.772359 -553.104854 -554.955868 -554.454201 -551.722356 -546.856980 -545.692743 -542.911370 -541.735534 -535.137248 -521.257996 -504.615138 -488.957677 -467.732716 -432.995625 -384.451629 -342.040721 -296.101743 -18.341984 3.119104 3.652732 3.816491 4.036337 4.425744 5.062786 5.896103 18.632795 23.771857 18.060457 17.215426 14.967752 13.592038 9.778801 5.816490 6.169878 13.221246 15.087726 18.664979 6.612203 5.289559 6.908703 8.742015 9.448592 11.585295 20.333277 28.934631 5.800212 4.746511 4.370214 4.195643 3.727243 3.236768 2.900610 -11.328886 -328.516230 -416.755151 -453.201674 -479.969811 -496.449329 -510.243218 -516.211181 -525.039251 -530.354649 -535.319029 -540.252416 -541.489276 -542.120276 -541.095944 -541.905598 -539.759117 -538.362033 -535.989358 -535.220549 -9999.0 -9999.0
-9999.0 -553.200890 -554.612711 -549.267371 -549.019447 -548.427913 -547.841822 -547.273640 -546.100861 -548.475771 -536.471071 -519.770566 -494.108787 -488.214049 -471.286980 -419.520532 -317.571962 -21.410690 2.910519 3.343678 3.799094 4.207354 4.483432 5.797365 25.397976 19.868921 17.807585 16.010323 7.847839 5.816571 5.169302 5.690615 5.491251 5.118230 4.977152 5.070390 5.073311 4.834245 4.555551 3.996923 3.942237 4.348433 4.093202 3.815943 3.776536 4.114975 4.807892 4.741290 4.588962 4.737441 5.021386 5.147120 5.644517 9.510438 29.490669 7.487314 5.096244 4.775974 4.635185 3.970888 3.404401 -6.625861 -326.946750 -404.266694 -449.216831 -482.210347 -500.050492 -513.045516 -525.290972 -529.828114 -532.478072 -539.378677 -540.832882 -538.848973 -539.776191 -539.866167 -538.953239 -538.291542 -9999.0 -9999.0
-9999.0 -558.935455 -553.819201 -548.640703 -542.931097 -544.119895 -528.366979 -508.045919 -501.808670 -510.851033 -482.427612 -287.710113 2.556788 2.934615 3.497636 4.162395 4.951709 14.217715 26.181229 18.660973 11.803281 13.819220 8.971042 5.523162 5.205192 5.124622 5.205063 5.189751 4.984966 4.874957 4.760335 4.824785 4.593696 3.713074 3.405820 3.315379 3.283908 3.117091 -7.258303 -295.060835 -330.618958 -241.773759 -302.601823 -350.710777 -358.182859 -298.605226 2.462421 2.846709 2.892887 3.030151 3.308600 3.587005 3.774170 4.463565 4.787004 5.134608 5.674301 16.117594 21.842538 5.539145 4.957229 4.526118 3.920761 3.310754 -27.012803 -386.781715 -429.786487 -459.968132 -486.108091 -499.283381 -511.177755 -522.428532 -531.927826 -533.269275 -538.261111 -538.382452 -9999.0 -9999.0 -9999.0 -9999.0
-9999.0 -559.348057 -554.427072 -544.488633 -523.221760 -503.709104 -407.322626 -23.155064 3.000739 3.621814 3.905986 12.968305 20.183391 6.200544 5.210967 5.065539 5.236247 5.289088 5.113059 4.992616 4.954914 4.975546 5.022120 4.968971 4.914938 4.807766 4.659617 4.199585 3.705764 3.455403 3.212030 3.104844 -15.783894 -397.937366 -433.077824 -448.796486 -471.386651 -473.673477 -480.370402 -493.942609 -499.031709 -502.003732 -497.373759 -499.103294 -499.752032 -496.643430 -486.353040 -483.018872 -468.841365 -452.747355 -427.266095 -388.960554 -351.275966 -22.445168 3.128506 3.627109 3.917517 4.578771 4.968567 5.749288 21.031042 14.095970 5.194505 4.900807 4.357778 3.440177 3.097944 -36.404198 -362.986930 -414.072709 -448.447127 -479.116176 -500.464997 -519.400650 -525.543837 -9999.0 -9999.0 -9999.0 -9999.0 -9999.0
-9999.0 -567.443920 -554.339808 -546.376450 -512.874630 -362.111914 -88.821427 3.674564 8.757348 3.718773 3.481465 3.665708 4.229823 4.554023 3.988959 3.819374 3.661908 3.639112 3.883844 3.615652 3.401593 3.332857 3.403855 3.320168 3.151328 3.012087 2.500334 -258.582316 -373.471776 -415.924859 -461.355516 -466.996201 -492.533440 -513.465207 -521.909714 -529.227071 -536.867733 -536.386257 -533.126185 -535.602178 -538.243475 -541.339011 -537.674687 -536.134141 -534.535396 -536.693839 -536.417647 -531.891223 -524.684770 -518.057075 -508.091250 -494.273339 -480.956109 -457.343375 -435.985566 -395.681011 -335.547083 -17.578102 3.394193 4.320648 4.785157 5.060378 8.952228 27.353717 5.574853 4.886130 4.674117 4.366997 3.416706 2.981577 -27.758643 -370.605114 -431.794913 -9999.0 -9999.0 -9999.0 -9999.0 -9999.0 -9999.0 -9999.0
-9999.0 -571.659878 -557.496824 -556.064270 -541.667276 -517.720721 -477.932510 -428.022549 -374.527661 -386.371469 -377.656580 -348.245580 -265.004140 -53.819051 -297.567617 -371.962619 -401.203543 -398.301467 -397.645804 -419.449404 -439.959463 -448.813706 -448.387448 -451.923512 -465.039313 -472.272808 -477.032630 -487.351101 -498.741650 -511.272754 -527.034376 -535.699815 -541.911289 -543.668581 -545.025614 -546.599450 -550.421528 -548.025505 -546.353159 -546.728060 -547.929844 -548.930481 -545.999539 -545.154577 -544.277142 -547.114909 -545.296529 -544.015346 -540.829936 -537.773871 -533.386273 -526.704088 -517.791816 -512.362977 -509.468333 -502.157327 -490.078420 -466.323330 -413.926130 -200.345666 2.942437 3.627746 4.537132 4.885448 5.022298 10.732460 19.920945 5.206734 4.314358 4.408857 4.292906 -9999.0 -9999.0 -9999.0 -9999.0 -9999.0 -9999.0 -9999.0 -9999.0 -9999.0
-9999.0 -9999.0 -574.788547 -569.164089 -564.369365 -559.658882 -553.218360 -547.730854 -544.607586 -536.162416 -524.198790 -511.050459 -502.388876 -496.397840 -504.083075 -515.281152 -521.149616 -520.240634 -521.759010 -524.167961 -528.715029 -529.541781 -530.630839 -531.309578 -533.323179 -534.159461 -534.453654 -535.137070 -536.811861 -541.182226 -544.816188 -547.329614 -550.479292 -550.000752 -550.393326 -551.541691 -550.305962 -550.605933 -550.297787 -550.496193 -550.185777 -549.625787 -549.065090 -548.212375 -548.271508 -548.022722 -547.812301 -546.989195 -545.765288 -544.226939 -540.961338 -536.038076 -532.393940 -531.647466 -533.972799 -533.462690 -530.869110 -524.933136 -506.632598 -480.123532 -434.055331 -379.279576 -20.211428 3.291416 3.479382 3.837196 4.670418 4.862174 3.490197 4.221018 -9999.0 -9999.0 -9999.0 -9999.0 -9999.0 -9999.0 -9999.0 -9999.0 -9999.0 -9999.0
-9999.0 -9999.0 -9999.0 -9999.0 -577.442572 -569.350571 -561.814306 -562.741768 -557.456002 -554.421336 -551.831840 -548.792509 -546.344494 -544.656842 -546.938179 -547.169735 -547.441951 -547.013406 -547.431615 -547.920918 -548.026348 -548.300438 -548.589949 -549.087067 -548.787619 -548.214719 -548.020544 -548.886159 -548.694442 -550.279745 -550.213487 -551.041695 -551.875635 -553.004893 -552.649486 -552.727916 -552.142936 -552.751710 -551.849419 -552.433430 -551.783933 -551.551039 -550.832356 -549.598641 -550.231918 -549.525185 -549.583542 -548.723867 -548.659174 -546.533502 -543.048667 -539.056596 -536.402992 -536.639233 -540.433937 -541.847802 -542.896165 -540.684969 -537.315111 -529.535452 -510.335201 -491.993759 -464.433827 -434.447882 -405.301496 -311.952342 3.288581 4.262938 -9999.0 -9999.0 -9999.0 -9999.0 -9999.0 -9999.0 -9999.0 -9999.0 -9999.0 -9999.0 -9999.0 -9999.0
-9999.0 -9999.0 -9999.0 -9999.0 -9999.0 -9999.0 -573.787787 -569.672251 -571.003536 -567.835261 -565.043238 -562.974993 -559.832622 -560.306927 -559.318995 -556.741637 -557.054373 -558.234845 -559.766873 -557.481578 -556.452008 -556.193853 -558.658823 -557.906894 -557.628857 -556.689977 -556.789391 -556.313016 -558.384228 -555.743368 -554.429871 -554.801602 -555.152589 -554.582912 -555.097609 -553.474774 -553.280437 -554.566265 -554.981422 -553.163443 -552.696109 -553.032878 -552.783654 -551.672375 -549.985679 -549.801274 -550.663754 -551.915544 -550.387068 -546.799921 -543.024573 -539.867401 -537.842086 -537.026387 -540.034192 -544.317047 -546.503668 -546.994692 -545.534686 -542.760336 -535.342165 -530.539348 -526.980511 -523.998009 -519.608030 -490.973467 -9999.0 -9999.0 -9999.0 -9999.0 -9999.0 -9999.0 -9999.0 -9999.0 -9999.0 -9999.0 -9999.0 -9999.0 -9999.0 -9999.0
-9999.0 -9999.0 -9999.0 -9999.0 -9999.0 -9999.0 -9999.0 -9999.0 -9999.0 -9999.0 -9999.0 -9999.0 -9999.0 -9999.0 -9999.0 -9999.0 -9999.0 -9999.0 -9999.0 -9999.0 -9999.0 -9999.0 -9999.0 -9999.0 -9999.0 -9999.0 -9999.0 -9999.0 -9999.0 -9999.0 -9999.0 -9999.0 -9999.0 -9999.0 -9999.0 -9999.0 -9999.0 -9999.0 -9999.0 -9999.0 -9999.0 -9999.0 -9999.0 -9999.0 -9999.0 -9999.0 -9999.0 -9999.0 -9999.0 -9999.0 -9999.0 -9999.0 -9999.0 -9999.0 -9999.0 -9999.0 -9999.0 -9999.0 -9999.0 -9999.0 -9999.0 -9999.0 -9999.0 -9999.0 -9999.0 -9999.0 -9999.0 -9999.0 -9999.0 -9999.0 -9999.0 -9999.0 -9999.0 -9999.0 -9999.0 -9999.0 -9999.0 -9999.0 -9999.0 -9999.0
-9999.0 -9999.0 -9999.0 -9999.0 -9999.0 -9999.0 -9999.0 -9999.0 -9999.0 -9999.0 -9999.0 -9999.0 -9999.0 -9999.0 -9999.0 -9999.0 -9999.0 -9999.0 -9999.0 -9999.0 -9999.0 -9999.0 -9999.0 -9999.0 -9999.0 -9999.0 -9999.0 -9999.0 -9999.0 -9999.0 -9999.0 -9999.0 -9999.0 -9999.0 -9999.0 -9999.0 -9999.0 -9999.0 -9999.0 -9999.0 -9999.0 -9999.0 -9999.0 -9999.0 -9999.0 -9999.0 -9999.0 -9999.0 -9999.0 -9999.0 -9999.0 -9999.0 -9999.0 -9999.0 -9999.0 -9999.0 -9999.0 -9999.0 -9999.0 -9999.0 -9999.0 -9999.0 -9999.0 -9999.0 -9999.0 -9999.0 -9999.0 -9999.0 -9999.0 -9999.0 -9999.0 -9999.0 -9999.0 -9999.0 -9999.0 -9999.0 -9999.0 -9999.0 -9999.0 -9999.0