Borden_/Borden1m_014/output_maps/psiliqL0025N0009.asc
ncols         80
nrows         18
xllcorner     620200.000000
yllcorner     5168000.000000
cellsize      1.000000
NODATA_value  -9999.0
-9999.0 -9999.0 -9999.0 -9999.0 -9999.0 -9999.0 -9999.0 -9999.0 -9999.0 -9999.0 -9999.0 -9999.0 -9999.0 -9999.0 -9999.0 -9999.0 -9999.0 -9999.0 -9999.0 -9999.0 -9999.0 -9999.0 -9999.0 -9999.0 -9999.0 -9999.0 -9999.0 -9999.0 -9999.0 -9999.0 -9999.0 -9999.0 -9999.0 -9999.0 -9999.0 -9999.0 -9999.0 -9999.0 -9999.0 -9999.0 -9999.0 -9999.0 -9999.0 -9999.0 -9999.0 -9999.0 -9999.0 -9999.0 -9999.0 -9999.0 -9999.0 -9999.0 -9999.0 -9999.0 -9999.0 -9999.0 -9999.0 -9999.0 -9999.0 -9999.0 -9999.0 -9999.0 -9999.0 -9999.0 -9999.0 -9999.0 -9999.0 -9999.0 -9999.0 -9999.0 -9999.0 -9999.0 -9999.0 -9999.0 -9999.0 -9999.0 -9999.0 -9999.0 -9999.0 -9999.0
-9999.0 -9999.0 -9999.0 -9999.0 -9999.0 -9999.0 -9999.0 -9999.0 -9999.0 -9999.0 -9999.0 -9999.0 -9999.0 -9999.0 -9999.0 -9999.0 -9999.0 -9999.0 -9999.0 -9999.0 -9999.0 -9999.0 -9999.0 -9999.0 -9999.0 -9999.0 -9999.0 -9999.0 -9999.0 -9999.0 -9999.0 -9999.0 -9999.0 -9999.0 -9999.0 -9999.0 -9999.0 -9999.0 -9999.0 -9999.0 -9999.0 -9999.0 -9999.0 -9999.0 -9999.0 -9999.0 -9999.0 -9999.0 -9999.0 -9999.0 -9999.0 -9999.0 -9999.0 -9999.0 -9999.0 -9999.0 -9999.0 -9999.0 -9999.0 -9999.0 -9999.0 -9999.0 -9999.0 -9999.0 -9999.0 -9999.0 -9999.0 -9999.0 -9999.0 -9999.0 -9999.0 -9999.0 -9999.0 -9999.0 -9999.0 -9999.0 -9999.0 -9999.0 -9999.0 -9999.0
-9999.0 -9999.0 -9999.0 -9999.0 -9999.0 -9999.0 -9999.0 -9999.0 -9999.0 -9999.0 -9999.0 -9999.0 -9999.0 -9999.0 -9999.0 -9999.0 -9999.0 -9999.0 -9999.0 -9999.0 3125.277091 3126.270512 3104.413109 3070.139797 3041.669278 3043.214183 3075.888405 3116.139585 3154.479479 3161.662272 3142.328360 3145.703111 3140.940626 3136.370468 3136.442930 3143.851204 3150.083313 3159.684564 3166.518568 3164.149982 3156.730524 3151.585412 3153.880624 3155.521570 3161.716816 3147.600502 3163.517600 3179.687681 3184.619454 3181.993756 3158.505601 3146.700773 3139.062731 3123.909375 3150.686361 3162.709100 3186.382216 3191.299597 3189.670582 3163.296550 3133.460061 -9999.0 -9999.0 -9999.0 -9999.0 -9999.0 -9999.0 -9999.0 -9999.0 -9999.0 -9999.0 -9999.0 -9999.0 -9999.0 -9999.0 -9999.0 -9999.0 -9999.0 -9999.0 -9999.0
-9999.0 -9999.0 -9999.0 -9999.0 -9999.0 -9999.0 -9999.0 -9999.0 -9999.0 -9999.0 -9999.0 -9999.0 -9999.0 -9999.0 3035.593578 3026.597690 3023.433496 3030.437197 3062.592229 3092.498725 3104.066903 3096.338210 3095.845179 3070.821854 3047.703277 3059.897398 3088.730513 3118.627714 3151.414258 3168.342213 3156.835930 3153.835343 3160.518066 3179.816259 3187.716364 3183.878907 3166.087646 3189.916945 3202.982907 3207.335061 3205.180736 3195.247783 3204.065804 3218.025391 3210.971014 3195.759138 3206.538617 3221.546599 3232.666016 3224.599463 3166.968890 3155.091170 3152.507577 3148.969610 3136.522749 3133.093718 3161.781471 3161.977485 3155.251121 3138.537703 3105.758315 3060.932114 3042.573181 3083.583266 3127.746366 3184.496676 -9999.0 -9999.0 -9999.0 -9999.0 -9999.0 -9999.0 -9999.0 -9999.0 -9999.0 -9999.0 -9999.0 -9999.0 -9999.0 -9999.0
-9999.0 -9999.0 -9999.0 -9999.0 -9999.0 -9999.0 -9999.0 -9999.0 -9999.0 2979.543433 2984.278358 2990.915419 2992.974832 3007.739688 3004.268739 3010.758497 3014.442887 3041.044668 3069.977485 3102.919643 3129.390976 3119.583910 3117.798720 3121.436777 3115.746573 3123.092376 3142.776481 3178.775542 3209.708437 3244.532166 3210.802449 3205.617210 3222.750501 3263.834223 3286.952413 3288.835813 3270.079457 3286.136664 3309.387819 3325.033131 3321.386317 3315.358739 3341.017098 3356.028970 3350.285762 3329.021572 3327.448446 3334.851380 3364.122941 3313.998004 3248.872080 3210.717795 3226.684022 3205.898440 3180.146005 3169.488717 3170.695117 3191.803706 3180.617474 3147.358472 3114.651069 3103.690336 3087.583424 3109.087480 3132.982405 3179.969521 3220.241233 3250.413716 3250.299383 3233.337675 -9999.0 -9999.0 -9999.0 -9999.0 -9999.0 -9999.0 -9999.0 -9999.0 -9999.0 -9999.0
-9999.0 -9999.0 -9999.0 -9999.0 -9999.0 -9999.0 2901.128814 2911.390339 2931.844731 2934.344487 2960.377410 2965.318899 2982.316145 2998.956741 3019.983363 3032.217855 3056.612364 3085.741308 3121.045344 3157.982932 3184.736790 3172.793312 3177.571194 3196.706499 3223.193303 3241.828976 3263.779580 3300.786552 3372.291397 3408.178236 3401.043392 3401.721071 3409.795704 3459.761180 3523.441452 3534.429258 3513.828239 3500.684846 3523.973172 3561.101439 3559.386433 3558.193757 3571.029410 3581.716331 3608.468129 3597.798178 3561.985676 3556.389818 3562.802539 3540.666991 3472.614328 3415.719195 3396.880895 3350.848728 3268.595273 3226.022334 3249.508338 3277.552827 3256.324144 3207.559534 3175.722043 3170.911914 3160.560631 3154.228735 3167.206113 3190.704655 3215.281303 3229.618848 3218.258955 3197.895850 3176.544498 3148.693502 3151.563109 3176.728834 -9999.0 -9999.0 -9999.0 -9999.0 -9999.0 -9999.0
-9999.0 -9999.0 -9999.0 -9999.0 2851.882969 2864.450114 2849.439416 2875.068405 2906.519927 2939.514919 2966.558189 2996.009261 3018.366734 3044.211682 3076.650375 3098.212141 3129.597904 3158.334682 3204.666742 3265.106648 3308.753623 3321.856341 3329.907930 3380.461790 3436.298692 3483.097736 3501.521876 3527.063173 3572.221546 3628.402787 3650.618945 3653.457046 3670.331280 3713.082983 3768.771760 3803.708293 3786.153396 3777.224041 3787.068436 3801.154620 3823.289682 3823.365058 3824.476644 3828.499734 3835.999695 3834.341982 3807.998717 3774.697103 3761.800674 3751.820135 3714.376959 3642.743484 3612.419979 3583.861406 3542.203551 3488.602134 3440.950769 3441.778732 3387.778314 3333.501326 3283.851603 3276.018588 3256.095507 3240.556486 3223.435295 3235.921875 3248.117706 3233.471048 3204.064097 3175.136392 3162.499316 3145.277796 3134.358009 3165.729882 3183.817156 3213.513679 -9999.0 -9999.0 -9999.0 -9999.0
-9999.0 -9999.0 2793.501950 2838.626981 2895.058966 2900.631209 2893.612322 2895.782948 2921.330965 2969.696123 3029.596301 3065.929602 3094.149110 3123.286542 3172.973976 3234.564878 3293.828020 3335.599767 3392.724983 3461.283188 3519.909953 3546.565207 3555.386431 3590.636859 3644.880435 3713.303461 3741.077285 3767.338498 3798.830867 3834.931571 3827.813796 3838.649871 3850.850952 3863.086294 3877.565973 3884.434423 3879.651988 3875.068544 3856.557139 3851.464852 3857.966479 3865.818441 3864.945776 3850.339382 3846.372474 3861.298526 3867.415116 3865.411389 3862.720926 3867.726355 3863.640189 3815.823295 3797.271663 3782.201654 3770.766952 3724.868207 3658.534942 3626.054372 3604.927822 3564.349211 3491.361301 3453.817855 3414.643427 3380.095416 3342.796862 3329.582193 3297.352560 3265.526447 3227.156624 3186.753062 3167.946218 3153.903667 3153.811863 3154.781558 3172.712676 3188.595636 3204.642375 3212.757582 -9999.0 -9999.0
-9999.0 2690.351249 2761.983635 2876.026140 2952.800224 2987.877614 2996.377048 2999.215483 3023.036330 3053.267070 3139.186228 3189.630026 3271.575701 3307.786298 3347.899311 3437.268021 3530.547447 3573.318625 3611.644781 3674.413951 3739.426488 3786.175386 3812.328696 3792.971743 3831.945065 3860.481442 3868.211055 3874.941408 3874.674565 3866.189872 3859.585410 3866.295188 3863.378848 3844.289732 3828.301609 3826.583034 3823.200843 3799.964647 3772.501919 3757.130060 3758.616155 3783.478010 3770.425367 3749.090406 3744.690558 3766.289184 3787.500977 3776.865414 3763.749492 3780.296820 3814.771807 3839.384209 3841.010367 3859.408071 3880.491614 3851.661840 3829.961463 3786.402777 3769.592935 3744.264353 3687.729783 3633.008700 3585.154722 3536.816669 3484.622291 3435.697638 3388.339703 3341.408713 3288.434068 3255.949722 3231.857077 3189.241514 3176.516172 3183.217569 3178.413027 3177.120262 3183.953824 3190.607293 -9999.0 -9999.0
-9999.0 2594.986109 2734.611047 2903.825783 3044.440673 3084.124855 3146.110764 3200.988384 3213.972491 3159.484314 3259.090432 3474.244462 3593.484430 3610.183083 3684.693574 3778.524016 3763.110400 3794.088205 3816.921357 3841.453817 3861.200296 3875.062597 3873.223378 3867.927382 3851.517896 3843.531334 3842.672615 3840.591507 3823.284032 3804.410093 3787.668837 3784.605509 3766.836223 3717.940804 3684.947372 3667.725469 3649.226420 3635.678686 3608.325196 3582.500909 3566.286939 3577.088115 3574.989792 3561.310049 3556.886038 3575.141794 3605.968021 3603.704660 3614.990474 3634.481572 3669.855547 3707.692976 3726.859414 3755.791692 3791.253969 3838.763539 3847.873753 3870.210797 3873.258284 3862.302958 3816.132308 3764.905975 3735.665526 3680.620002 3621.172767 3559.589610 3511.030640 3466.569018 3411.733431 3377.784676 3338.718677 3285.506370 3242.569613 3234.648144 3201.415513 3188.301660 -9999.0 -9999.0 -9999.0 -9999.0
-9999.0 2494.080214 2674.359462 2904.496517 3194.058792 3265.854979 3465.007453 3577.986128 3616.498029 3682.790377 3569.662112 3770.638791 3821.701726 3816.254544 3830.374843 3833.301581 3847.384856 3846.842749 3841.773796 3830.831197 3821.343873 3816.849796 3815.758850 3807.864981 3795.284805 3780.718279 3768.878391 3757.563423 3721.177810 3689.467070 3650.787542 3638.469394 3594.695612 3503.498334 3464.961595 3427.031444 3367.034293 3369.346014 3376.245359 3352.414185 3333.079530 3305.627574 3334.662823 3344.916497 3348.898190 3344.789227 3354.681257 3382.563816 3429.631476 3463.560944 3502.192500 3549.723354 3579.828058 3618.717602 3658.456525 3710.478744 3741.341923 3770.055499 3818.507428 3855.404610 3878.032644 3864.258338 3845.301732 3801.127208 3741.164583 3692.025174 3663.358085 3613.307223 3570.031788 3526.620359 3480.398909 3427.889831 3366.748939 3313.296025 3279.499574 -9999.0 -9999.0 -9999.0 -9999.0 -9999.0
-9999.0 2273.698922 2537.906106 2794.318014 3067.648047 3405.975776 3572.398051 3667.055902 3729.478053 3710.306817 3731.674837 3738.497857 3775.336825 3782.284145 3760.833549 3747.253231 3730.007679 3728.919055 3741.949178 3714.799848 3684.800279 3671.596024 3672.469859 3661.774887 3638.110766 3623.245720 3613.967609 3595.719907 3552.870497 3503.262112 3420.174584 3386.718563 3309.187072 3270.275800 3234.173509 3187.930158 3143.976140 3149.667579 3174.078269 3165.155486 3144.710169 3127.904041 3157.101531 3177.515103 3190.560043 3174.571941 3181.126713 3215.122682 3261.085423 3300.929601 3344.259918 3391.666152 3432.911599 3471.880073 3492.928850 3532.353459 3574.089886 3615.317978 3684.935480 3762.546613 3797.976344 3832.274697 3861.490178 3883.233976 3840.582826 3814.014448 3790.548804 3767.408011 3721.577122 3676.424736 3635.904968 3571.880313 3512.385345 -9999.0 -9999.0 -9999.0 -9999.0 -9999.0 -9999.0 -9999.0
-9999.0 2160.499052 2355.287415 2549.234358 2784.967713 3011.222411 3228.710414 3318.746361 3388.306694 3456.328580 3508.319273 3545.264705 3571.001399 3592.321337 3569.678815 3524.232411 3492.340060 3497.238105 3488.723292 3467.715236 3440.211542 3427.432502 3425.003005 3420.346429 3399.284147 3389.139533 3382.532572 3364.799840 3339.620269 3287.688892 3216.967312 3145.266954 3092.298061 3073.107116 3051.087762 3024.823124 2998.444186 3012.112546 3025.162054 3025.344101 3018.966819 3019.238995 3048.283434 3068.068655 3077.495619 3066.490095 3084.469013 3107.376562 3143.962424 3182.609384 3226.657687 3276.074136 3323.816734 3343.646292 3345.735654 3357.310157 3384.720875 3427.644328 3503.492151 3588.921309 3665.531155 3710.536293 3760.941855 3800.542419 3828.252421 3853.861286 3875.674751 3868.291491 3842.720555 3809.611183 3751.425047 -9999.0 -9999.0 -9999.0 -9999.0 -9999.0 -9999.0 -9999.0 -9999.0 -9999.0
-9999.0 -9999.0 2128.950277 2282.791311 2382.118718 2546.202575 2691.934898 2803.816246 2864.384660 2999.911697 3119.847773 3211.572249 3257.172962 3272.608495 3258.674665 3230.093241 3212.768511 3212.447640 3200.977164 3194.669237 3180.391839 3175.329668 3164.042353 3157.071077 3153.252333 3152.989979 3151.272054 3143.788179 3127.795810 3087.339823 3051.081049 3007.641344 2964.578279 2943.796249 2926.464836 2910.186406 2914.795298 2910.594060 2916.629973 2919.907214 2929.745812 2944.062455 2963.509500 2984.681680 2994.252248 3004.195310 3014.843884 3036.132741 3065.678412 3105.219349 3155.897992 3209.926566 3245.157299 3251.532733 3233.291432 3228.081166 3236.026754 3264.599165 3327.578187 3396.224394 3484.976331 3549.825580 3616.370293 3671.873335 3698.266743 3734.639043 3804.247296 3852.228509 3893.924554 3871.565419 -9999.0 -9999.0 -9999.0 -9999.0 -9999.0 -9999.0 -9999.0 -9999.0 -9999.0 -9999.0
-9999.0 -9999.0 -9999.0 -9999.0 2142.884566 2290.564423 2388.616853 2470.131689 2606.425298 2740.678410 2802.469053 2888.315404 2956.235922 2978.762068 2979.365524 2995.590145 2994.576192 2985.647260 2975.019388 2979.948007 2984.991419 2979.241566 2966.171093 2960.687052 2965.443194 2974.382142 2973.927456 2962.625597 2946.400813 2933.709959 2922.339683 2893.426452 2862.895275 2837.228065 2826.911989 2825.224446 2826.546557 2819.675845 2828.790582 2838.207415 2854.488272 2869.808963 2893.355090 2922.973395 2937.554284 2952.031830 2960.335595 2978.467978 3005.509524 3056.528512 3117.651943 3173.514878 3206.804214 3206.783613 3177.680542 3155.637510 3142.911706 3160.008299 3189.172977 3239.732996 3328.417385 3390.124990 3435.395762 3474.127041 3510.318546 3574.896205 3668.581431 3749.382973 -9999.0 -9999.0 -9999.0 -9999.0 -9999.0 -9999.0 -9999.0 -9999.0 -9999.0 -9999.0 -9999.0 -9999.0
-9999.0 -9999.0 -9999.0 -9999.0 -9999.0 -9999.0 2119.233821 2225.928694 2295.455892 2450.884577 2598.440656 2709.049022 2794.443171 2830.991525 2815.219622 2845.367151 2845.879906 2825.770153 2804.199927 2826.280772 2845.829456 2839.928294 2808.153175 2810.438079 2818.552278 2827.778782 2826.874917 2822.847529 2800.458816 2819.379726 2826.102639 2805.928720 2783.032213 2794.082414 2782.780205 2792.800106 2793.097673 2778.953788 2778.203560 2790.182899 2811.562307 2824.587131 2845.636248 2878.792230 2911.141023 2926.565866 2927.095114 2931.327639 2967.509436 3034.162098 3104.524881 3158.934717 3189.369134 3193.722255 3162.530147 3117.396214 3090.876537 3089.352970 3113.174824 3152.040925 3212.928845 3248.768437 3259.634456 3260.526387 3272.513803 3371.401508 -9999.0 -9999.0 -9999.0 -9999.0 -9999.0 -9999.0 -9999.0 -9999.0 -9999.0 -9999.0 -9999.0 -9999.0 -9999.0 -9999.0
-9999.0 -9999.0 -9999.0 -9999.0 -9999.0 -9999.0 -9999.0 -9999.0 -9999.0 -9999.0 -9999.0 -9999.0 -9999.0 -9999.0 -9999.0 -9999.0 -9999.0 -9999.0 -9999.0 -9999.0 -9999.0 -9999.0 -9999.0 -9999.0 -9999.0 -9999.0 -9999.0 -9999.0 -9999.0 -9999.0 -9999.0 -9999.0 -9999.0 -9999.0 -9999.0 -9999.0 -9999.0 -9999.0 -9999.0 -9999.0 -9999.0 -9999.0 -9999.0 -9999.0 -9999.0 -9999.0 -9999.0 -9999.0 -9999.0 -9999.0 -9999.0 -9999.0 -9999.0 -9999.0 -9999.0 -9999.0 -9999.0 -9999.0 -9999.0 -9999.0 -9999.0 -9999.0 -9999.0 -9999.0 -9999.0 -9999.0 -9999.0 -9999.0 -9999.0 -9999.0 -9999.0 -9999.0 -9999.0 -9999.0 -9999.0 -9999.0 -9999.0 -9999.0 -9999.0 -9999.0
-9999.0 -9999.0 -9999.0 -9999.0 -9999.0 -9999.0 -9999.0 -9999.0 -9999.0 -9999.0 -9999.0 -9999.0 -9999.0 -9999.0 -9999.0 -9999.0 -9999.0 -9999.0 -9999.0 -9999.0 -9999.0 -9999.0 -9999.0 -9999.0 -9999.0 -9999.0 -9999.0 -9999.0 -9999.0 -9999.0 -9999.0 -9999.0 -9999.0 -9999.0 -9999.0 -9999.0 -9999.0 -9999.0 -9999.0 -9999.0 -9999.0 -9999.0 -9999.0 -9999.0 -9999.0 -9999.0 -9999.0 -9999.0 -9999.0 -9999.0 -9999.0 -9999.0 -9999.0 -9999.0 -9999.0 -9999.0 -9999.0 -9999.0 -9999.0 -9999.0 -9999.0 -9999.0 -9999.0 -9999.0 -9999.0 -9999.0 -9999.0 -9999.0 -9999.0 -9999.0 -9999.0 -9999.0 -9999.0 -9999.0 -9999.0 -9999.0 -9999.0 -9999.0 -9999.0 -9999.0