Borden_/Borden1m_014/output_maps/psiliqL0000N0001.asc
ncols         80
nrows         18
xllcorner     620200.000000
yllcorner     5168000.000000
cellsize      1.000000
NODATA_value  -9999.0
-9999.0 -9999.0 -9999.0 -9999.0 -9999.0 -9999.0 -9999.0 -9999.0 -9999.0 -9999.0 -9999.0 -9999.0 -9999.0 -9999.0 -9999.0 -9999.0 -9999.0 -9999.0 -9999.0 -9999.0 -9999.0 -9999.0 -9999.0 -9999.0 -9999.0 -9999.0 -9999.0 -9999.0 -9999.0 -9999.0 -9999.0 -9999.0 -9999.0 -9999.0 -9999.0 -9999.0 -9999.0 -9999.0 -9999.0 -9999.0 -9999.0 -9999.0 -9999.0 -9999.0 -9999.0 -9999.0 -9999.0 -9999.0 -9999.0 -9999.0 -9999.0 -9999.0 -9999.0 -9999.0 -9999.0 -9999.0 -9999.0 -9999.0 -9999.0 -9999.0 -9999.0 -9999.0 -9999.0 -9999.0 -9999.0 -9999.0 -9999.0 -9999.0 -9999.0 -9999.0 -9999.0 -9999.0 -9999.0 -9999.0 -9999.0 -9999.0 -9999.0 -9999.0 -9999.0 -9999.0
-9999.0 -9999.0 -9999.0 -9999.0 -9999.0 -9999.0 -9999.0 -9999.0 -9999.0 -9999.0 -9999.0 -9999.0 -9999.0 -9999.0 -9999.0 -9999.0 -9999.0 -9999.0 -9999.0 -9999.0 -9999.0 -9999.0 -9999.0 -9999.0 -9999.0 -9999.0 -9999.0 -9999.0 -9999.0 -9999.0 -9999.0 -9999.0 -9999.0 -9999.0 -9999.0 -9999.0 -9999.0 -9999.0 -9999.0 -9999.0 -9999.0 -9999.0 -9999.0 -9999.0 -9999.0 -9999.0 -9999.0 -9999.0 -9999.0 -9999.0 -9999.0 -9999.0 -9999.0 -9999.0 -9999.0 -9999.0 -9999.0 -9999.0 -9999.0 -9999.0 -9999.0 -9999.0 -9999.0 -9999.0 -9999.0 -9999.0 -9999.0 -9999.0 -9999.0 -9999.0 -9999.0 -9999.0 -9999.0 -9999.0 -9999.0 -9999.0 -9999.0 -9999.0 -9999.0 -9999.0
-9999.0 -9999.0 -9999.0 -9999.0 -9999.0 -9999.0 -9999.0 -9999.0 -9999.0 -9999.0 -9999.0 -9999.0 -9999.0 -9999.0 -9999.0 -9999.0 -9999.0 -9999.0 -9999.0 -9999.0 -637.277815 -635.954073 -639.411779 -643.596760 -647.107321 -647.398672 -643.392257 -638.688219 -633.546399 -632.416126 -636.145083 -635.367963 -636.758323 -637.435835 -637.375054 -636.312740 -635.808408 -634.151298 -633.039330 -633.396018 -634.566403 -635.452658 -636.072021 -635.718048 -634.496905 -636.277590 -633.666055 -630.990089 -629.981176 -630.230914 -634.110419 -635.872897 -636.585841 -639.476349 -634.266622 -632.503160 -628.439523 -627.922791 -627.395741 -631.964624 -636.592335 -9999.0 -9999.0 -9999.0 -9999.0 -9999.0 -9999.0 -9999.0 -9999.0 -9999.0 -9999.0 -9999.0 -9999.0 -9999.0 -9999.0 -9999.0 -9999.0 -9999.0 -9999.0 -9999.0
-9999.0 -9999.0 -9999.0 -9999.0 -9999.0 -9999.0 -9999.0 -9999.0 -9999.0 -9999.0 -9999.0 -9999.0 -9999.0 -9999.0 -645.030815 -646.829765 -647.637123 -647.880981 -644.248674 -641.267316 -640.780125 -642.572270 -641.345339 -645.085026 -648.377866 -646.339716 -643.133566 -640.187833 -635.858500 -632.736907 -635.395569 -636.050655 -634.470421 -629.300082 -626.893637 -627.833438 -633.405787 -628.063752 -625.084498 -623.197039 -623.438768 -625.905205 -622.309396 -618.190591 -620.206955 -624.578970 -623.695875 -621.122998 -617.134502 -619.609405 -633.825650 -635.940134 -635.464418 -635.502572 -637.622952 -638.997322 -633.704938 -634.218251 -635.227475 -636.691893 -640.380633 -646.019257 -648.455026 -642.814595 -637.394931 -627.458463 -9999.0 -9999.0 -9999.0 -9999.0 -9999.0 -9999.0 -9999.0 -9999.0 -9999.0 -9999.0 -9999.0 -9999.0 -9999.0 -9999.0
-9999.0 -9999.0 -9999.0 -9999.0 -9999.0 -9999.0 -9999.0 -9999.0 -9999.0 -648.861566 -649.227101 -648.659451 -649.671357 -647.973354 -650.306633 -649.625699 -649.850795 -647.276198 -644.874705 -641.197101 -636.857680 -639.673526 -639.998161 -637.788517 -637.273360 -636.132600 -633.842958 -626.786616 -618.849127 -607.934051 -617.157432 -617.761559 -613.288497 -598.760414 -585.738901 -582.163927 -589.246220 -589.030966 -579.851252 -569.834410 -570.698051 -571.687773 -561.802570 -556.609825 -552.698459 -560.552290 -568.825650 -570.115312 -558.028748 -578.921559 -599.785266 -615.536813 -613.212686 -620.490545 -629.000119 -632.493117 -633.431510 -627.619150 -630.100880 -636.101114 -641.181753 -640.348446 -642.994851 -640.360199 -638.062891 -630.294862 -623.382819 -617.054098 -616.760462 -620.687800 -9999.0 -9999.0 -9999.0 -9999.0 -9999.0 -9999.0 -9999.0 -9999.0 -9999.0 -9999.0
-9999.0 -9999.0 -9999.0 -9999.0 -9999.0 -9999.0 -653.080313 -653.136495 -651.913363 -654.726136 -652.256071 -653.517467 -651.633488 -650.571747 -649.112508 -648.621884 -645.380308 -642.309930 -637.407954 -631.202823 -625.764583 -628.065845 -626.566641 -619.340858 -608.231546 -599.088817 -592.586736 -580.598775 -549.210239 -529.178234 -520.900871 -517.945533 -511.938944 -477.727440 -424.652043 -408.021975 -426.716233 -441.595771 -428.285942 -398.437680 -391.023488 -391.369791 -386.472358 -378.861671 -347.702431 -353.217491 -394.326745 -411.869971 -418.683105 -424.546311 -466.727665 -513.997466 -536.373892 -556.806776 -587.250799 -606.507625 -606.121954 -600.427854 -608.644344 -621.150798 -629.150725 -629.611709 -631.396891 -634.231739 -632.924298 -629.711494 -625.032674 -622.232720 -624.454599 -627.687481 -630.467298 -635.421792 -634.727212 -630.012750 -9999.0 -9999.0 -9999.0 -9999.0 -9999.0 -9999.0
-9999.0 -9999.0 -9999.0 -9999.0 -658.371902 -656.852292 -661.113315 -658.473963 -656.194847 -654.291250 -653.628711 -650.508406 -649.200235 -646.788976 -642.138457 -638.229759 -632.047677 -627.206480 -615.846774 -597.140299 -580.000756 -570.064443 -565.690742 -538.659462 -503.487664 -462.767687 -448.255795 -429.532930 -400.424568 -339.106294 -298.109212 -280.727390 -150.481325 0.027983 0.077176 0.182150 0.102855 0.091292 0.112872 0.116969 0.210215 0.171063 0.183719 0.171003 0.212947 0.271899 0.129695 0.089626 0.085334 0.074121 0.018144 -312.087847 -370.485337 -392.585239 -407.579180 -446.643174 -505.303524 -519.265191 -546.368741 -568.154221 -592.395377 -599.267773 -607.769798 -613.364340 -620.786323 -619.640034 -617.846593 -621.833043 -627.252365 -632.491587 -633.594779 -636.021194 -638.311700 -632.299345 -629.854662 -623.411021 -9999.0 -9999.0 -9999.0 -9999.0
-9999.0 -9999.0 -659.351139 -658.616149 -654.085838 -656.208148 -657.536346 -659.346519 -658.038885 -653.511365 -645.079697 -640.810819 -635.032879 -631.630259 -620.088182 -597.810223 -573.285118 -555.690581 -529.897777 -489.986795 -442.518688 -414.929420 -401.970543 -369.747478 -301.155340 0.014392 0.064857 0.087677 0.112144 0.151538 0.372428 0.974002 3.405068 1.063535 1.297022 1.369336 1.286648 0.909267 0.435245 0.355908 0.876959 1.058957 2.801179 0.483926 0.308605 0.960532 1.278429 0.994113 0.734710 0.788513 2.675863 0.294128 0.093994 0.095068 0.089432 0.017958 -305.629293 -368.227402 -381.607718 -412.611978 -474.022197 -511.152739 -538.415123 -560.228800 -580.056144 -589.945249 -603.668356 -613.087148 -622.151634 -630.593113 -633.575555 -635.522276 -634.680010 -635.284985 -632.050454 -629.446064 -625.958405 -624.540339 -9999.0 -9999.0
-9999.0 -661.536408 -662.078060 -653.743582 -651.175322 -648.846843 -646.112226 -643.830885 -641.442649 -643.005009 -623.216611 -596.670202 -566.342836 -557.491929 -531.725977 -472.478219 -406.275166 -372.443416 -340.097569 -235.652275 0.035289 0.093825 0.119408 0.363262 3.156173 1.223924 1.258947 1.441297 0.763726 0.547201 0.180028 0.369057 0.273122 0.162398 0.119032 0.155078 0.154133 0.108988 0.085703 0.068661 0.078574 0.147785 0.096976 0.072431 0.062176 0.088782 0.146464 0.096350 0.063689 0.083683 0.119559 0.162919 0.375980 0.507188 2.827517 0.379356 0.138657 0.087874 0.078630 0.032443 -268.097842 -367.489400 -415.054009 -462.105635 -504.230336 -540.353516 -564.817059 -584.272827 -603.325371 -611.829835 -617.507074 -628.643990 -632.005969 -630.042763 -631.596613 -631.821305 -630.395036 -629.230475 -9999.0 -9999.0
-9999.0 -668.763869 -661.112798 -651.188191 -639.016253 -635.690413 -610.012213 -585.849928 -578.029116 -584.941862 -544.362681 -399.785619 -327.857136 -322.000426 0.006798 0.099003 0.348942 0.640936 2.897277 0.567952 0.391461 2.323872 0.790080 0.358279 0.212066 0.190205 0.232782 0.222318 0.150225 0.116223 0.092801 0.115279 0.074572 0.010557 -267.154478 -300.743410 -311.414527 -339.459558 -379.271341 -403.166663 -411.946937 -388.680327 -401.028396 -420.960957 -425.452617 -402.997820 -370.220013 -382.590269 -384.775760 -365.273161 -316.069967 -210.849201 0.015236 0.060550 0.086912 0.160141 0.364276 0.762952 2.499780 0.263074 0.108540 0.063890 0.018333 -302.937599 -388.408242 -450.117663 -485.977915 -515.814670 -545.737040 -564.094377 -581.759797 -599.560056 -614.933720 -619.233677 -627.416416 -629.494626 -9999.0 -9999.0 -9999.0 -9999.0
-9999.0 -669.850872 -661.804825 -643.940169 -606.263137 -571.276062 -466.764915 -363.185628 -290.881599 0.031371 0.098082 0.338358 1.620060 0.459377 0.295078 0.273272 0.342871 0.310978 0.195287 0.154961 0.131461 0.135143 0.148436 0.135007 0.122975 0.105915 0.090563 0.064627 0.000110 -291.239708 -338.814183 -350.734444 -379.700428 -458.137192 -490.268130 -507.832346 -534.776804 -537.795582 -544.255850 -557.680771 -564.586236 -569.484827 -562.713566 -564.380575 -565.061763 -561.313548 -551.922166 -546.136925 -528.134723 -510.589549 -483.862695 -448.737751 -424.490734 -387.415109 -333.548840 -30.163700 0.042259 0.072043 0.111609 0.336400 2.485383 0.575977 0.161948 0.087060 0.019958 -287.099151 -336.139600 -388.706720 -430.225907 -470.570614 -504.458810 -536.696094 -566.042080 -596.031197 -606.722819 -9999.0 -9999.0 -9999.0 -9999.0 -9999.0
-9999.0 -680.312192 -662.631450 -646.878662 -590.375388 -424.259150 -363.642354 -11.345043 0.207674 0.069253 0.034282 0.050105 0.103187 0.122472 0.080934 0.079382 0.061332 0.054493 0.076403 0.007966 -267.938411 -299.575573 -299.843859 -320.120326 -349.682928 -368.763458 -380.314812 -395.617248 -436.889846 -473.126420 -521.882833 -529.379394 -560.736129 -585.756625 -599.235647 -611.179457 -623.226010 -623.031225 -618.734437 -622.591506 -626.965296 -631.361147 -625.960342 -623.302324 -620.944860 -623.685980 -622.625280 -615.181290 -603.414752 -592.367527 -576.909960 -556.971151 -538.889544 -513.521369 -492.726888 -453.640529 -417.429691 -377.631647 -264.961209 0.047528 0.090470 0.132731 0.416348 2.613546 0.280660 0.109430 0.088529 0.062736 -8.583818 -311.822396 -371.454908 -430.285409 -481.042394 -9999.0 -9999.0 -9999.0 -9999.0 -9999.0 -9999.0 -9999.0
-9999.0 -686.124568 -668.075641 -662.957097 -637.433592 -595.847319 -542.021917 -482.560516 -433.279677 -444.458429 -438.773576 -419.678245 -393.815424 -375.435167 -401.632717 -434.198429 -456.992358 -454.491217 -453.504384 -474.598118 -497.727148 -507.678369 -507.268995 -511.416105 -526.552532 -534.669426 -539.450765 -549.388623 -564.335131 -583.036965 -607.365050 -621.843195 -632.771025 -637.183982 -640.497424 -643.967877 -649.794021 -646.932627 -644.524225 -645.179211 -647.041975 -648.314311 -643.980093 -642.215482 -640.822543 -644.354983 -641.596403 -638.696065 -632.772156 -626.642797 -618.275196 -606.536736 -592.304880 -583.526253 -578.837093 -568.147207 -551.638099 -525.952512 -472.229409 -396.076035 -321.689537 -77.470693 0.050343 0.094717 0.128769 0.474909 2.068355 0.272524 0.133544 0.103423 0.086298 -9999.0 -9999.0 -9999.0 -9999.0 -9999.0 -9999.0 -9999.0 -9999.0 -9999.0
-9999.0 -9999.0 -689.931584 -681.978619 -674.326787 -665.162171 -653.559015 -643.464975 -636.710467 -622.912998 -603.919620 -583.817092 -571.407863 -565.821423 -573.454106 -588.877072 -597.621529 -596.842327 -599.203118 -603.188942 -610.155887 -611.939057 -613.753347 -615.098043 -618.346326 -619.870743 -620.614807 -622.221782 -625.775653 -633.509957 -640.641914 -645.960722 -651.560767 -652.034638 -653.202628 -655.143500 -654.016854 -654.342960 -653.798876 -653.991726 -653.554216 -652.644273 -651.376772 -649.773535 -649.502078 -649.036157 -648.322158 -646.479112 -643.661700 -639.907687 -633.356384 -624.372555 -617.549748 -615.779677 -618.906726 -617.886084 -613.216704 -602.814907 -575.169471 -539.966483 -491.178979 -444.541268 -379.977519 -314.059776 -247.016368 0.018143 0.080631 0.289566 0.398509 0.233651 -9999.0 -9999.0 -9999.0 -9999.0 -9999.0 -9999.0 -9999.0 -9999.0 -9999.0 -9999.0
-9999.0 -9999.0 -9999.0 -9999.0 -692.924772 -682.091952 -672.327482 -672.210288 -664.483612 -658.864550 -653.386133 -647.326620 -642.521720 -639.678769 -642.749121 -643.682932 -644.539872 -644.239817 -645.061259 -645.952939 -646.474155 -647.123532 -647.853100 -648.689156 -648.479305 -647.803346 -647.693011 -649.105034 -649.533256 -652.292133 -653.136259 -655.080865 -656.952887 -658.823426 -658.716579 -658.953316 -658.308181 -659.064506 -657.897203 -658.414174 -657.415416 -656.828238 -655.489634 -653.460371 -653.796486 -652.652533 -652.412788 -650.828102 -649.659409 -645.238557 -638.478004 -630.969340 -625.940623 -626.010889 -631.841037 -634.511371 -635.792459 -631.685859 -624.479836 -610.306355 -580.691067 -554.081080 -523.383614 -491.589998 -463.432452 -412.706864 -316.423171 0.069602 -9999.0 -9999.0 -9999.0 -9999.0 -9999.0 -9999.0 -9999.0 -9999.0 -9999.0 -9999.0 -9999.0 -9999.0
-9999.0 -9999.0 -9999.0 -9999.0 -9999.0 -9999.0 -688.794768 -683.445955 -684.332242 -679.611256 -675.112536 -671.366122 -666.481384 -666.468307 -665.093540 -661.831845 -662.320857 -663.996430 -666.022181 -663.197560 -661.900835 -661.737635 -665.012766 -664.250712 -663.879058 -662.640254 -662.762310 -662.393980 -665.170700 -662.174548 -660.787094 -661.634649 -662.480411 -662.090608 -662.824897 -660.866733 -660.629995 -662.248474 -662.659225 -660.243315 -659.397318 -659.527045 -658.813494 -656.894841 -654.329614 -653.776987 -654.680621 -655.828334 -652.907965 -646.535194 -639.327435 -632.996149 -628.923916 -627.741286 -632.903660 -639.860749 -643.399989 -643.609449 -640.186877 -633.804582 -620.291527 -610.828051 -603.889721 -598.232297 -590.264614 -551.690903 -9999.0 -9999.0 -9999.0 -9999.0 -9999.0 -9999.0 -9999.0 -9999.0 -9999.0 -9999.0 -9999.0 -9999.0 -9999.0 -9999.0
-9999.0 -9999.0 -9999.0 -9999.0 -9999.0 -9999.0 -9999.0 -9999.0 -9999.0 -9999.0 -9999.0 -9999.0 -9999.0 -9999.0 -9999.0 -9999.0 -9999.0 -9999.0 -9999.0 -9999.0 -9999.0 -9999.0 -9999.0 -9999.0 -9999.0 -9999.0 -9999.0 -9999.0 -9999.0 -9999.0 -9999.0 -9999.0 -9999.0 -9999.0 -9999.0 -9999.0 -9999.0 -9999.0 -9999.0 -9999.0 -9999.0 -9999.0 -9999.0 -9999.0 -9999.0 -9999.0 -9999.0 -9999.0 -9999.0 -9999.0 -9999.0 -9999.0 -9999.0 -9999.0 -9999.0 -9999.0 -9999.0 -9999.0 -9999.0 -9999.0 -9999.0 -9999.0 -9999.0 -9999.0 -9999.0 -9999.0 -9999.0 -9999.0 -9999.0 -9999.0 -9999.0 -9999.0 -9999.0 -9999.0 -9999.0 -9999.0 -9999.0 -9999.0 -9999.0 -9999.0
-9999.0 -9999.0 -9999.0 -9999.0 -9999.0 -9999.0 -9999.0 -9999.0 -9999.0 -9999.0 -9999.0 -9999.0 -9999.0 -9999.0 -9999.0 -9999.0 -9999.0 -9999.0 -9999.0 -9999.0 -9999.0 -9999.0 -9999.0 -9999.0 -9999.0 -9999.0 -9999.0 -9999.0 -9999.0 -9999.0 -9999.0 -9999.0 -9999.0 -9999.0 -9999.0 -9999.0 -9999.0 -9999.0 -9999.0 -9999.0 -9999.0 -9999.0 -9999.0 -9999.0 -9999.0 -9999.0 -9999.0 -9999.0 -9999.0 -9999.0 -9999.0 -9999.0 -9999.0 -9999.0 -9999.0 -9999.0 -9999.0 -9999.0 -9999.0 -9999.0 -9999.0 -9999.0 -9999.0 -9999.0 -9999.0 -9999.0 -9999.0 -9999.0 -9999.0 -9999.0 -9999.0 -9999.0 -9999.0 -9999.0 -9999.0 -9999.0 -9999.0 -9999.0 -9999.0 -9999.0