Borden_/Borden1m_014/output_maps/psiliqL0019N0013.asc
ncols         80
nrows         18
xllcorner     620200.000000
yllcorner     5168000.000000
cellsize      1.000000
NODATA_value  -9999.0
-9999.0 -9999.0 -9999.0 -9999.0 -9999.0 -9999.0 -9999.0 -9999.0 -9999.0 -9999.0 -9999.0 -9999.0 -9999.0 -9999.0 -9999.0 -9999.0 -9999.0 -9999.0 -9999.0 -9999.0 -9999.0 -9999.0 -9999.0 -9999.0 -9999.0 -9999.0 -9999.0 -9999.0 -9999.0 -9999.0 -9999.0 -9999.0 -9999.0 -9999.0 -9999.0 -9999.0 -9999.0 -9999.0 -9999.0 -9999.0 -9999.0 -9999.0 -9999.0 -9999.0 -9999.0 -9999.0 -9999.0 -9999.0 -9999.0 -9999.0 -9999.0 -9999.0 -9999.0 -9999.0 -9999.0 -9999.0 -9999.0 -9999.0 -9999.0 -9999.0 -9999.0 -9999.0 -9999.0 -9999.0 -9999.0 -9999.0 -9999.0 -9999.0 -9999.0 -9999.0 -9999.0 -9999.0 -9999.0 -9999.0 -9999.0 -9999.0 -9999.0 -9999.0 -9999.0 -9999.0
-9999.0 -9999.0 -9999.0 -9999.0 -9999.0 -9999.0 -9999.0 -9999.0 -9999.0 -9999.0 -9999.0 -9999.0 -9999.0 -9999.0 -9999.0 -9999.0 -9999.0 -9999.0 -9999.0 -9999.0 -9999.0 -9999.0 -9999.0 -9999.0 -9999.0 -9999.0 -9999.0 -9999.0 -9999.0 -9999.0 -9999.0 -9999.0 -9999.0 -9999.0 -9999.0 -9999.0 -9999.0 -9999.0 -9999.0 -9999.0 -9999.0 -9999.0 -9999.0 -9999.0 -9999.0 -9999.0 -9999.0 -9999.0 -9999.0 -9999.0 -9999.0 -9999.0 -9999.0 -9999.0 -9999.0 -9999.0 -9999.0 -9999.0 -9999.0 -9999.0 -9999.0 -9999.0 -9999.0 -9999.0 -9999.0 -9999.0 -9999.0 -9999.0 -9999.0 -9999.0 -9999.0 -9999.0 -9999.0 -9999.0 -9999.0 -9999.0 -9999.0 -9999.0 -9999.0 -9999.0
-9999.0 -9999.0 -9999.0 -9999.0 -9999.0 -9999.0 -9999.0 -9999.0 -9999.0 -9999.0 -9999.0 -9999.0 -9999.0 -9999.0 -9999.0 -9999.0 -9999.0 -9999.0 -9999.0 -9999.0 1954.066264 1956.813791 1936.332315 1904.362656 1878.529459 1882.915363 1918.883968 1961.514182 2001.574974 2012.025091 1995.712138 2001.482692 2000.304145 2001.233611 2006.068135 2016.048704 2023.460406 2035.053642 2043.286503 2042.090039 2035.250178 2029.845453 2030.691709 2032.817066 2038.483575 2026.237477 2041.143589 2056.368201 2060.070159 2053.615372 2024.752958 2006.958556 1994.558718 1975.555601 1997.788206 2006.587136 2026.335692 2027.785059 2023.699838 1995.324776 1964.354800 -9999.0 -9999.0 -9999.0 -9999.0 -9999.0 -9999.0 -9999.0 -9999.0 -9999.0 -9999.0 -9999.0 -9999.0 -9999.0 -9999.0 -9999.0 -9999.0 -9999.0 -9999.0 -9999.0
-9999.0 -9999.0 -9999.0 -9999.0 -9999.0 -9999.0 -9999.0 -9999.0 -9999.0 -9999.0 -9999.0 -9999.0 -9999.0 -9999.0 1858.778021 1850.688455 1849.595359 1859.499556 1894.583456 1926.419636 1938.761943 1932.741657 1934.522434 1912.767044 1894.018337 1910.355247 1942.417505 1975.104717 2010.190866 2030.460195 2021.348573 2022.094638 2034.794419 2062.646611 2077.571499 2077.580182 2060.897673 2086.164771 2101.164386 2107.527540 2105.725062 2095.998091 2106.180828 2120.544193 2113.550353 2097.841123 2106.432968 2119.812393 2130.286668 2116.451592 2051.069160 2030.116390 2021.728034 2012.453272 1995.636080 1987.287558 2010.598150 2007.055361 1996.506284 1976.858263 1942.497030 1897.231034 1876.783656 1914.160543 1955.901869 2011.022359 -9999.0 -9999.0 -9999.0 -9999.0 -9999.0 -9999.0 -9999.0 -9999.0 -9999.0 -9999.0 -9999.0 -9999.0 -9999.0 -9999.0
-9999.0 -9999.0 -9999.0 -9999.0 -9999.0 -9999.0 -9999.0 -9999.0 -9999.0 1797.575128 1803.579044 1812.126833 1816.194284 1833.239914 1831.519388 1840.323992 1848.277757 1877.770580 1910.691906 1947.633409 1977.699328 1971.011954 1973.012596 1983.364389 1986.924586 2001.443495 2026.003863 2067.115662 2103.211390 2142.173476 2113.490930 2113.952857 2138.251448 2189.790221 2223.914310 2232.286046 2216.597728 2230.116775 2254.452202 2272.657059 2269.457460 2264.174373 2287.339052 2300.811612 2298.870405 2279.629134 2274.714722 2279.270958 2305.577363 2252.182920 2181.457001 2129.729714 2133.020599 2103.166749 2067.208856 2046.646455 2040.911711 2057.285474 2040.146471 2001.360394 1964.001734 1950.137145 1930.086421 1945.949157 1965.931917 2009.673772 2047.079612 2073.761568 2071.074738 2052.166902 -9999.0 -9999.0 -9999.0 -9999.0 -9999.0 -9999.0 -9999.0 -9999.0 -9999.0 -9999.0
-9999.0 -9999.0 -9999.0 -9999.0 -9999.0 -9999.0 1717.497915 1728.545515 1750.401993 1755.235591 1782.549037 1790.843122 1812.877630 1833.613399 1857.662217 1875.403656 1906.311430 1941.141022 1983.507040 2028.534713 2062.954620 2058.033554 2069.670892 2098.871023 2138.403424 2169.851957 2198.744080 2239.655826 2313.233608 2352.015705 2354.295522 2361.454378 2377.918240 2436.679585 2507.258116 2523.504727 2506.007617 2493.681663 2514.941688 2549.729079 2550.106786 2549.025231 2561.237572 2570.947499 2597.311694 2588.705377 2551.794960 2543.167457 2545.800538 2524.435160 2454.257279 2384.836612 2350.273196 2296.877894 2211.962919 2157.752157 2165.008796 2181.272594 2150.848087 2095.731575 2054.082307 2041.014624 2022.994199 2008.126245 2013.138956 2030.164102 2049.597648 2058.412581 2042.709532 2019.060596 1994.739618 1964.007120 1964.141514 1987.836230 -9999.0 -9999.0 -9999.0 -9999.0 -9999.0 -9999.0
-9999.0 -9999.0 -9999.0 -9999.0 1666.191633 1680.499053 1668.816937 1696.230374 1730.643930 1766.625276 1798.953912 1836.381038 1864.913941 1897.008715 1938.053688 1971.463159 2013.295060 2050.625359 2108.161625 2180.557032 2234.602679 2257.629756 2273.042190 2332.815423 2399.690998 2459.220592 2485.552787 2514.380470 2558.173717 2614.333529 2638.923920 2646.348321 2668.791711 2713.886617 2769.514624 2808.994102 2794.725395 2788.081094 2795.790703 2807.217528 2828.468412 2828.142688 2829.201253 2832.097074 2838.195973 2838.344037 2815.620051 2784.443555 2769.135876 2757.754355 2720.841423 2645.309744 2605.353015 2572.741996 2531.528882 2473.408007 2408.185186 2392.536161 2332.198714 2272.135326 2210.132215 2187.163405 2153.979366 2126.387015 2096.529323 2096.687130 2097.817383 2074.295864 2038.190743 2002.767664 1984.970427 1963.444455 1949.501181 1977.603107 1993.308876 2021.954989 -9999.0 -9999.0 -9999.0 -9999.0
-9999.0 -9999.0 1604.172064 1652.878457 1712.013458 1722.460582 1723.064265 1730.705560 1761.321736 1815.437463 1889.021252 1937.246759 1977.708696 2014.570180 2076.692287 2154.727738 2226.794943 2277.598915 2345.603868 2425.256534 2492.977751 2525.912733 2541.565180 2584.457029 2644.377872 2715.578460 2747.380576 2775.238396 2808.003246 2840.500917 2842.783147 2855.818787 2867.871605 2877.573720 2888.808138 2893.823972 2890.278850 2886.391857 2868.540733 2864.136845 2870.333127 2876.412563 2876.619821 2862.935776 2859.481137 2874.570154 2881.216182 2881.791158 2881.428726 2888.072872 2887.230823 2842.617824 2811.723847 2794.815562 2778.671147 2729.777002 2659.809781 2618.592123 2595.038187 2548.003891 2467.468084 2413.519867 2359.507783 2309.814526 2254.284906 2222.719876 2174.230580 2128.771536 2078.613707 2028.379202 2000.759661 1979.301672 1973.332914 1969.699034 1983.545738 1996.725553 2010.573746 2017.593838 -9999.0 -9999.0
-9999.0 1497.516804 1570.296423 1696.704795 1779.151546 1825.305507 1852.937598 1872.483904 1903.819161 1936.613656 2037.913031 2115.851034 2207.333105 2249.799309 2303.359756 2406.402640 2506.805211 2559.675080 2604.940371 2670.978452 2737.649925 2789.420825 2817.760825 2818.006854 2857.114581 2880.578312 2888.492804 2894.521276 2892.162434 2882.577897 2872.887510 2878.157592 2874.327615 2855.190793 2837.925564 2833.309817 2827.729996 2804.470341 2775.702642 2761.294313 2763.481746 2789.455763 2775.532342 2754.721833 2751.180793 2773.394072 2796.716896 2789.465215 2778.305113 2799.939364 2836.378926 2860.044538 2867.037523 2884.183458 2903.932609 2875.269808 2847.790740 2804.368035 2783.069156 2754.282514 2695.064124 2633.284568 2575.893727 2510.922291 2441.131128 2372.333059 2305.665904 2238.390314 2168.527354 2122.570006 2086.264499 2031.447177 2006.593183 2004.149540 1992.172430 1986.626695 1990.251354 1995.560724 -9999.0 -9999.0
-9999.0 1410.935717 1553.059995 1737.501740 1888.690208 1947.474531 2041.175273 2117.191271 2144.422867 2110.611233 2220.675796 2444.812385 2562.930455 2586.507549 2665.318234 2766.282825 2776.967815 2812.761966 2838.559489 2857.611811 2872.150190 2884.163787 2882.515513 2877.962345 2864.759245 2859.495235 2860.375902 2859.083799 2841.630813 2820.434155 2799.465246 2792.134432 2768.857681 2719.493027 2681.500768 2658.033037 2637.216727 2619.651233 2591.617779 2566.292884 2549.655385 2564.456255 2561.374478 2544.697872 2541.025073 2563.659413 2595.050947 2594.405069 2609.123117 2634.696997 2678.387953 2721.064174 2745.276649 2776.985179 2816.297530 2862.082517 2875.014690 2897.391928 2901.832788 2886.827087 2842.184015 2787.448084 2753.285370 2690.780005 2619.008217 2538.096979 2470.292820 2402.563588 2328.478435 2276.603980 2220.353915 2153.210408 2093.036075 2066.173674 2022.562477 2001.043363 -9999.0 -9999.0 -9999.0 -9999.0
-9999.0 1322.905415 1508.691023 1762.349799 2051.918515 2157.777411 2373.476235 2507.259074 2563.771395 2637.741148 2583.620161 2761.422749 2811.543874 2811.671712 2821.401737 2830.245031 2848.831133 2852.759627 2849.444721 2838.906041 2828.397282 2822.499434 2819.993803 2812.274577 2800.986159 2787.779779 2774.524590 2762.875759 2724.703752 2687.978049 2643.920364 2623.945664 2579.368655 2481.303564 2433.091600 2387.355642 2323.311595 2318.407576 2317.740669 2291.161910 2273.207362 2249.426766 2274.942096 2283.663039 2287.189781 2286.679258 2301.291992 2330.440456 2381.271099 2424.370203 2475.596069 2533.056106 2573.408335 2619.976890 2667.631054 2725.219038 2760.388125 2793.240090 2845.335986 2885.540665 2910.380731 2898.921940 2875.531948 2830.156743 2760.036257 2697.351353 2649.825450 2576.338943 2509.438465 2450.964188 2391.179650 2322.579494 2242.724833 2156.202673 2109.765056 -9999.0 -9999.0 -9999.0 -9999.0 -9999.0
-9999.0 1126.255521 1393.444956 1675.532010 1980.344003 2325.282279 2487.648579 2613.169949 2690.412750 2671.946198 2691.956136 2712.496023 2758.589854 2770.046147 2752.197380 2744.411046 2732.725562 2732.535868 2743.629336 2713.246388 2678.307580 2660.096483 2656.833764 2643.991901 2620.578382 2605.558966 2596.949487 2577.418249 2527.328213 2470.943148 2379.370548 2339.788699 2257.292192 2205.144714 2159.095259 2104.709782 2051.751788 2051.279979 2071.385983 2059.527812 2038.717918 2021.231065 2049.440753 2069.658054 2082.812513 2069.820742 2078.637936 2115.305817 2167.088664 2215.270417 2269.360685 2328.191237 2377.303671 2428.621582 2465.230565 2518.448171 2572.223264 2622.796779 2700.326331 2783.750188 2826.853982 2864.204873 2897.219387 2916.376481 2867.794649 2824.829369 2778.109456 2721.234663 2649.005408 2600.362294 2562.198357 2491.469017 2417.168610 -9999.0 -9999.0 -9999.0 -9999.0 -9999.0 -9999.0 -9999.0
-9999.0 1005.322291 1214.971162 1431.693439 1706.744327 1948.796235 2163.204278 2275.020658 2362.275257 2421.265744 2470.432449 2510.258959 2543.123208 2568.246378 2550.485518 2509.963694 2481.240729 2484.859795 2475.556630 2446.518055 2409.269374 2387.846038 2380.534076 2371.806811 2347.543603 2334.544983 2325.441895 2303.451589 2272.560894 2214.633219 2132.449892 2054.250899 1992.914096 1963.125556 1933.050408 1899.409699 1864.990672 1875.019981 1887.110392 1885.456548 1876.936141 1875.514667 1904.867287 1924.337081 1934.522042 1923.616893 1943.164519 1969.841232 2012.095800 2057.676379 2109.200676 2165.951910 2221.685449 2253.199643 2269.786805 2296.635749 2338.681372 2397.230135 2490.052108 2593.517805 2679.157715 2732.728074 2788.276128 2829.652604 2849.459723 2863.085563 2846.993100 2779.084963 2689.524552 2678.812396 2672.051489 -9999.0 -9999.0 -9999.0 -9999.0 -9999.0 -9999.0 -9999.0 -9999.0 -9999.0
-9999.0 -9999.0 984.453954 1153.580718 1278.337602 1454.765646 1606.295021 1720.895936 1820.663962 1951.051713 2067.409137 2158.087541 2204.076209 2222.616233 2211.058348 2182.611447 2163.737562 2162.593894 2148.918671 2134.697560 2110.354481 2097.716653 2082.091185 2071.947167 2062.906557 2058.702909 2054.444206 2044.438806 2023.666548 1976.810271 1929.288368 1877.628284 1824.412944 1798.353531 1775.904210 1754.269498 1753.579726 1748.663050 1754.009806 1756.200393 1764.289979 1777.673774 1797.742612 1820.237870 1830.236182 1839.873143 1852.410856 1876.374739 1909.873377 1953.280202 2008.674047 2068.225355 2109.883995 2124.673122 2117.129063 2123.761519 2145.082707 2190.197458 2274.182697 2364.226130 2469.569504 2548.743845 2629.008215 2689.963794 2714.565872 2738.303390 2764.748035 2726.760673 2610.577939 2638.365394 -9999.0 -9999.0 -9999.0 -9999.0 -9999.0 -9999.0 -9999.0 -9999.0 -9999.0 -9999.0
-9999.0 -9999.0 -9999.0 -9999.0 1014.107239 1167.573547 1266.593523 1351.312190 1485.194187 1612.362241 1717.428690 1803.782854 1869.035517 1896.782277 1895.647464 1905.782372 1902.633982 1894.638917 1882.405248 1879.917282 1876.795065 1866.335939 1848.936727 1840.514015 1841.609223 1847.184080 1844.893927 1831.567266 1813.426282 1792.567782 1773.142679 1738.588530 1702.665258 1672.993343 1659.275819 1653.607673 1652.940550 1645.464931 1654.020910 1661.980404 1677.605740 1692.979667 1716.785619 1746.064488 1760.268630 1775.253250 1785.026794 1805.525058 1836.388452 1890.442375 1954.812748 2013.838555 2051.495892 2057.573783 2035.073921 2021.358382 2019.334897 2049.620782 2097.371561 2167.824030 2275.412000 2356.109679 2420.566936 2475.990751 2518.870874 2576.886277 2646.787478 2691.676306 -9999.0 -9999.0 -9999.0 -9999.0 -9999.0 -9999.0 -9999.0 -9999.0 -9999.0 -9999.0 -9999.0 -9999.0
-9999.0 -9999.0 -9999.0 -9999.0 -9999.0 -9999.0 980.100188 1084.294626 1162.691224 1307.673259 1444.485839 1549.134649 1631.416988 1665.328634 1694.820600 1723.276170 1722.138418 1702.386739 1680.864435 1698.140304 1710.892943 1702.533260 1670.223584 1669.337684 1674.277227 1682.259199 1680.022931 1673.830804 1648.776121 1661.299431 1662.314194 1638.463182 1611.951468 1597.818159 1585.508400 1594.740731 1594.616604 1580.628675 1580.710825 1607.930753 1628.566193 1641.760291 1663.443412 1696.737865 1729.258422 1744.797989 1746.314273 1752.425051 1792.051283 1862.612477 1935.196227 1991.775072 2025.587735 2035.067381 2009.878332 1971.593067 1953.306297 1962.759791 2000.303247 2055.930075 2136.244964 2190.778197 2222.851996 2244.262096 2269.557483 2367.086357 -9999.0 -9999.0 -9999.0 -9999.0 -9999.0 -9999.0 -9999.0 -9999.0 -9999.0 -9999.0 -9999.0 -9999.0 -9999.0 -9999.0
-9999.0 -9999.0 -9999.0 -9999.0 -9999.0 -9999.0 -9999.0 -9999.0 -9999.0 -9999.0 -9999.0 -9999.0 -9999.0 -9999.0 -9999.0 -9999.0 -9999.0 -9999.0 -9999.0 -9999.0 -9999.0 -9999.0 -9999.0 -9999.0 -9999.0 -9999.0 -9999.0 -9999.0 -9999.0 -9999.0 -9999.0 -9999.0 -9999.0 -9999.0 -9999.0 -9999.0 -9999.0 -9999.0 -9999.0 -9999.0 -9999.0 -9999.0 -9999.0 -9999.0 -9999.0 -9999.0 -9999.0 -9999.0 -9999.0 -9999.0 -9999.0 -9999.0 -9999.0 -9999.0 -9999.0 -9999.0 -9999.0 -9999.0 -9999.0 -9999.0 -9999.0 -9999.0 -9999.0 -9999.0 -9999.0 -9999.0 -9999.0 -9999.0 -9999.0 -9999.0 -9999.0 -9999.0 -9999.0 -9999.0 -9999.0 -9999.0 -9999.0 -9999.0 -9999.0 -9999.0
-9999.0 -9999.0 -9999.0 -9999.0 -9999.0 -9999.0 -9999.0 -9999.0 -9999.0 -9999.0 -9999.0 -9999.0 -9999.0 -9999.0 -9999.0 -9999.0 -9999.0 -9999.0 -9999.0 -9999.0 -9999.0 -9999.0 -9999.0 -9999.0 -9999.0 -9999.0 -9999.0 -9999.0 -9999.0 -9999.0 -9999.0 -9999.0 -9999.0 -9999.0 -9999.0 -9999.0 -9999.0 -9999.0 -9999.0 -9999.0 -9999.0 -9999.0 -9999.0 -9999.0 -9999.0 -9999.0 -9999.0 -9999.0 -9999.0 -9999.0 -9999.0 -9999.0 -9999.0 -9999.0 -9999.0 -9999.0 -9999.0 -9999.0 -9999.0 -9999.0 -9999.0 -9999.0 -9999.0 -9999.0 -9999.0 -9999.0 -9999.0 -9999.0 -9999.0 -9999.0 -9999.0 -9999.0 -9999.0 -9999.0 -9999.0 -9999.0 -9999.0 -9999.0 -9999.0 -9999.0