Borden_/Borden1m_014/output_maps/psiliqL0007N0026.asc
ncols         80
nrows         18
xllcorner     620200.000000
yllcorner     5168000.000000
cellsize      1.000000
NODATA_value  -9999.0
-9999.0 -9999.0 -9999.0 -9999.0 -9999.0 -9999.0 -9999.0 -9999.0 -9999.0 -9999.0 -9999.0 -9999.0 -9999.0 -9999.0 -9999.0 -9999.0 -9999.0 -9999.0 -9999.0 -9999.0 -9999.0 -9999.0 -9999.0 -9999.0 -9999.0 -9999.0 -9999.0 -9999.0 -9999.0 -9999.0 -9999.0 -9999.0 -9999.0 -9999.0 -9999.0 -9999.0 -9999.0 -9999.0 -9999.0 -9999.0 -9999.0 -9999.0 -9999.0 -9999.0 -9999.0 -9999.0 -9999.0 -9999.0 -9999.0 -9999.0 -9999.0 -9999.0 -9999.0 -9999.0 -9999.0 -9999.0 -9999.0 -9999.0 -9999.0 -9999.0 -9999.0 -9999.0 -9999.0 -9999.0 -9999.0 -9999.0 -9999.0 -9999.0 -9999.0 -9999.0 -9999.0 -9999.0 -9999.0 -9999.0 -9999.0 -9999.0 -9999.0 -9999.0 -9999.0 -9999.0
-9999.0 -9999.0 -9999.0 -9999.0 -9999.0 -9999.0 -9999.0 -9999.0 -9999.0 -9999.0 -9999.0 -9999.0 -9999.0 -9999.0 -9999.0 -9999.0 -9999.0 -9999.0 -9999.0 -9999.0 -9999.0 -9999.0 -9999.0 -9999.0 -9999.0 -9999.0 -9999.0 -9999.0 -9999.0 -9999.0 -9999.0 -9999.0 -9999.0 -9999.0 -9999.0 -9999.0 -9999.0 -9999.0 -9999.0 -9999.0 -9999.0 -9999.0 -9999.0 -9999.0 -9999.0 -9999.0 -9999.0 -9999.0 -9999.0 -9999.0 -9999.0 -9999.0 -9999.0 -9999.0 -9999.0 -9999.0 -9999.0 -9999.0 -9999.0 -9999.0 -9999.0 -9999.0 -9999.0 -9999.0 -9999.0 -9999.0 -9999.0 -9999.0 -9999.0 -9999.0 -9999.0 -9999.0 -9999.0 -9999.0 -9999.0 -9999.0 -9999.0 -9999.0 -9999.0 -9999.0
-9999.0 -9999.0 -9999.0 -9999.0 -9999.0 -9999.0 -9999.0 -9999.0 -9999.0 -9999.0 -9999.0 -9999.0 -9999.0 -9999.0 -9999.0 -9999.0 -9999.0 -9999.0 -9999.0 -9999.0 -471.828588 -468.773123 -491.801845 -526.096631 -554.829843 -553.264083 -518.460169 -477.630799 -440.055901 -429.548982 -447.831733 -446.664367 -451.939349 -451.895964 -448.716187 -442.792294 -440.323980 -428.582852 -419.938938 -420.120664 -426.372120 -432.269682 -433.761909 -430.069728 -425.081548 -433.763578 -420.156260 -404.520877 -397.832380 -403.124831 -430.923117 -446.975380 -454.967074 -469.171214 -444.384468 -431.411270 -408.007403 -403.403647 -404.327075 -431.285894 -461.293441 -9999.0 -9999.0 -9999.0 -9999.0 -9999.0 -9999.0 -9999.0 -9999.0 -9999.0 -9999.0 -9999.0 -9999.0 -9999.0 -9999.0 -9999.0 -9999.0 -9999.0 -9999.0 -9999.0
-9999.0 -9999.0 -9999.0 -9999.0 -9999.0 -9999.0 -9999.0 -9999.0 -9999.0 -9999.0 -9999.0 -9999.0 -9999.0 -9999.0 -561.407084 -571.916466 -575.327726 -567.147247 -533.662726 -503.995155 -491.400669 -499.290803 -499.673077 -523.585425 -544.054036 -530.216564 -501.229739 -470.103705 -435.994304 -415.179255 -428.290567 -431.092756 -419.975277 -390.792537 -374.825502 -377.274426 -399.368125 -376.221353 -359.073232 -348.569918 -349.326174 -358.091021 -342.065190 -324.497741 -331.314354 -350.340823 -347.834147 -336.072025 -320.612808 -337.572893 -405.230459 -427.703438 -430.827555 -437.396392 -450.472401 -456.890890 -431.813327 -430.388680 -438.332462 -455.958032 -487.837252 -531.684283 -549.129200 -510.329633 -465.365638 -406.776092 -9999.0 -9999.0 -9999.0 -9999.0 -9999.0 -9999.0 -9999.0 -9999.0 -9999.0 -9999.0 -9999.0 -9999.0 -9999.0 -9999.0
-9999.0 -9999.0 -9999.0 -9999.0 -9999.0 -9999.0 -9999.0 -9999.0 -9999.0 -617.202244 -614.035688 -607.355178 -606.092744 -590.893816 -592.857620 -586.389846 -578.767614 -553.308707 -522.654384 -487.833737 -459.080636 -469.581115 -469.576246 -457.100885 -449.414650 -435.945350 -414.716541 -372.692585 -326.630889 -280.430757 -308.526229 -309.367529 -286.484773 -228.618484 -180.432507 -165.711719 -189.776155 -186.536636 -154.087860 -118.627302 -114.547468 -114.476859 -79.544627 -59.814453 -51.369698 -78.595706 -109.603164 -114.945013 -82.348133 -152.606435 -232.364288 -295.877845 -299.755956 -335.741075 -380.830719 -405.068982 -408.604637 -386.069359 -401.735589 -439.575728 -476.090586 -485.009780 -501.123938 -484.539099 -461.303028 -413.549974 -374.478075 -345.248619 -344.482910 -361.569891 -9999.0 -9999.0 -9999.0 -9999.0 -9999.0 -9999.0 -9999.0 -9999.0 -9999.0 -9999.0
-9999.0 -9999.0 -9999.0 -9999.0 -9999.0 -9999.0 -695.048020 -686.750872 -667.614373 -662.315174 -638.739942 -631.701688 -611.772101 -592.958806 -573.172336 -556.596013 -525.945883 -493.792578 -451.979018 -406.604665 -372.709814 -376.223860 -364.702404 -325.236216 -273.839994 -234.311909 -204.610113 -153.659294 -44.147963 18.154043 40.198693 51.119440 65.176016 104.316642 165.030312 199.475530 160.733462 140.952118 158.945737 200.266092 241.216594 246.903604 255.415783 264.106193 289.403273 277.996030 206.148562 178.990840 171.763181 160.288270 112.042473 56.920946 -0.788887 -70.621232 -180.952592 -252.271933 -257.999106 -245.335332 -282.348450 -340.733180 -386.274694 -397.802204 -412.908955 -427.377352 -421.851907 -401.846972 -377.653736 -365.646556 -377.508815 -397.537996 -420.248556 -448.631966 -446.626096 -420.855875 -9999.0 -9999.0 -9999.0 -9999.0 -9999.0 -9999.0
-9999.0 -9999.0 -9999.0 -9999.0 -744.198527 -732.316079 -744.187400 -721.500903 -690.338762 -658.040957 -626.271664 -589.504134 -563.092137 -533.962667 -492.134013 -452.926665 -407.617041 -370.000433 -308.115966 -228.002662 -161.309642 -120.903644 -90.582448 -2.294673 70.658692 117.755931 134.043089 160.553066 210.127363 298.382354 326.953003 330.045723 353.154319 374.577062 422.543513 457.330346 437.293280 421.601029 433.687961 444.748019 472.454010 474.707481 476.445256 477.334881 479.678627 479.263650 453.360712 411.102522 403.921214 398.998162 368.688774 314.147457 243.952797 204.638561 175.278545 133.136700 72.397451 44.578265 -30.871359 -111.658697 -201.936252 -236.784874 -276.258866 -307.216679 -341.139999 -341.584452 -339.020400 -358.685004 -388.785802 -420.233407 -434.600612 -452.704689 -462.252777 -431.981392 -413.907085 -382.478724 -9999.0 -9999.0 -9999.0 -9999.0
-9999.0 -9999.0 -801.309754 -751.564168 -696.577639 -688.691247 -686.871122 -682.830687 -657.016507 -607.416671 -528.664493 -475.121429 -428.837595 -396.957556 -330.960498 -233.291433 -133.793649 -60.163982 20.446936 89.204216 144.916001 184.962895 233.750576 274.819424 317.818434 372.832323 388.223133 418.635239 449.935843 482.237014 505.511222 520.733006 526.765489 523.604548 524.410476 523.899306 520.179896 513.964622 497.647097 495.402946 503.168232 506.211620 508.681536 497.124568 493.377574 505.593225 507.017211 505.199128 507.185002 516.151059 524.253724 493.667103 440.564287 422.077562 407.846512 376.167837 319.129247 252.621355 221.794567 179.321862 106.136735 57.282847 -7.617748 -83.772863 -163.621573 -210.843599 -266.109178 -310.065642 -356.095241 -401.113181 -423.957345 -441.836745 -443.382313 -442.068338 -425.537743 -409.423590 -393.666928 -385.676754 -9999.0 -9999.0
-9999.0 -898.822561 -826.522529 -699.382232 -621.559209 -577.394410 -536.307955 -506.782689 -483.319144 -469.814222 -355.831269 -232.156947 -118.014976 -71.297443 4.126539 108.330606 224.412871 265.806104 294.299837 343.244918 395.946772 439.383701 468.621928 498.544899 524.564879 523.804029 522.219394 522.388495 515.691349 508.347901 498.586085 506.200317 504.894218 488.876774 475.491735 473.786076 467.706132 438.887602 413.294958 399.847863 403.735551 423.661170 404.420891 393.749669 391.023450 410.769476 426.401725 410.124433 406.882412 425.780838 458.923958 479.671186 495.010755 508.326397 527.486545 506.363652 474.665212 433.785672 407.444887 386.293722 311.160070 247.407365 192.864685 129.956953 68.264720 -12.879340 -103.819505 -184.979099 -261.199582 -303.991385 -336.465000 -389.368857 -412.757830 -410.673448 -419.522273 -421.574030 -414.543371 -407.911303 -9999.0 -9999.0
-9999.0 -968.369299 -825.223416 -639.917619 -494.021294 -430.643696 -302.174008 -207.677571 -172.015130 -196.013640 -42.958043 210.100444 290.258104 300.611286 362.469135 436.587236 476.899154 502.527672 519.077350 515.057864 512.321873 516.746229 513.388962 506.475321 492.790900 485.441611 484.604764 481.589897 461.671291 439.967759 418.116578 420.832082 408.760008 372.949799 343.171079 328.944802 309.590489 265.429493 223.322406 193.510207 179.352125 197.505754 187.444694 170.395227 166.994728 190.453976 224.429081 219.627896 227.723493 252.593522 296.667322 353.527648 376.696567 401.671101 432.328157 480.422971 499.839143 519.282371 523.665682 501.132670 458.474673 408.654394 377.922865 299.114019 225.568891 147.090356 90.016698 37.033276 -46.020461 -116.340523 -184.625955 -254.870274 -318.879792 -348.703021 -388.259457 -409.319545 -9999.0 -9999.0 -9999.0 -9999.0
-9999.0 -1031.080457 -839.428027 -573.118511 -315.074254 -157.510397 63.907509 199.538043 300.747980 323.531280 383.430635 483.148388 500.607545 490.191885 471.434404 470.923817 483.063140 486.273360 482.148717 472.473114 461.141593 456.302398 447.671204 446.569421 434.813147 420.253770 407.715704 393.161606 334.917142 298.775635 268.379277 251.590137 215.316983 130.717186 94.877621 67.611564 6.038730 -11.987833 -31.663739 -73.586616 -101.155701 -120.783668 -98.111795 -99.890181 -99.748242 -86.672160 -55.938374 -29.803409 23.116676 64.407457 103.822881 154.279645 189.050539 234.320479 285.249011 359.462814 391.143381 418.964233 456.209674 501.855748 523.958524 515.680267 486.636500 445.937972 380.325953 296.199448 246.415372 178.818360 118.344084 71.861124 32.449496 -32.075356 -131.734051 -253.640429 -299.038617 -9999.0 -9999.0 -9999.0 -9999.0 -9999.0
-9999.0 -1179.942875 -912.527834 -614.941000 -272.200200 69.534094 179.545478 372.374746 446.484706 378.000579 331.207051 371.721419 397.039760 413.286824 393.309911 386.233578 378.934762 378.940703 391.039317 363.429302 315.409138 298.409974 295.678421 282.921559 258.550869 238.815903 223.674401 201.489215 149.759006 105.995661 39.950162 5.909029 -89.939058 -182.231321 -238.825799 -292.246240 -349.316237 -352.910441 -338.193807 -356.702826 -379.958436 -399.357059 -373.572042 -358.411697 -347.629748 -357.013005 -347.276042 -310.839074 -258.238501 -208.879727 -145.353563 -66.666244 -2.338665 61.254635 93.794522 144.362715 191.042182 240.775831 315.481612 408.839775 442.525479 476.845026 512.480596 528.514537 485.221618 437.573922 385.787943 307.190949 218.736900 173.675279 150.600967 118.400232 68.740700 -9999.0 -9999.0 -9999.0 -9999.0 -9999.0 -9999.0 -9999.0
-9999.0 -1315.556378 -1080.654810 -829.087650 -527.406867 -283.612215 -70.349603 63.066813 170.966163 127.626760 125.561056 150.673936 178.076667 199.801356 177.790208 145.324971 122.595111 126.572793 126.894634 105.411771 78.359798 65.647185 64.187009 54.725341 21.077468 -1.975659 -18.583596 -50.796999 -105.177935 -179.764877 -275.088395 -347.079896 -412.668473 -450.215131 -481.139129 -514.712887 -554.339091 -543.537926 -528.442938 -533.323000 -546.167789 -551.111398 -521.483621 -503.423855 -493.569268 -507.354315 -489.356317 -462.626538 -420.831366 -379.109919 -330.726246 -274.423129 -216.300955 -177.482258 -152.882075 -107.144951 -41.985144 35.919879 118.192056 214.915506 291.125360 356.389593 404.534752 431.839945 456.346876 475.791197 463.088149 391.740527 243.721501 221.464336 214.715152 -9999.0 -9999.0 -9999.0 -9999.0 -9999.0 -9999.0 -9999.0 -9999.0 -9999.0
-9999.0 -9999.0 -1318.203990 -1124.580322 -959.912684 -774.150255 -628.081144 -523.994101 -451.435167 -363.956323 -274.765814 -195.295075 -146.955179 -125.964662 -150.572180 -201.166920 -231.912844 -232.078472 -242.065623 -258.590717 -286.170862 -297.094783 -307.064821 -315.900775 -331.865296 -340.937652 -347.222018 -359.530160 -383.867408 -432.228884 -486.625632 -539.089296 -593.670764 -618.346209 -640.061515 -662.751460 -666.596656 -667.735033 -660.563821 -659.437273 -654.519999 -643.122189 -622.361994 -601.393629 -592.284654 -585.904370 -573.644933 -550.416290 -517.740822 -477.643320 -426.181167 -371.158043 -333.467233 -321.670838 -330.994701 -323.736826 -298.283278 -245.946696 -134.949250 -7.699318 91.180237 161.425643 234.732555 285.471472 309.370710 347.471772 376.618597 296.462692 117.267294 177.223605 -9999.0 -9999.0 -9999.0 -9999.0 -9999.0 -9999.0 -9999.0 -9999.0 -9999.0 -9999.0
-9999.0 -9999.0 -9999.0 -9999.0 -1267.442231 -1109.849897 -1017.607777 -936.832490 -820.611791 -717.471909 -629.217871 -556.056735 -506.143187 -483.658893 -496.713699 -504.765249 -513.898605 -517.031222 -525.379103 -531.858433 -538.428381 -546.228673 -556.742769 -564.223109 -565.207412 -561.920068 -563.667381 -576.316767 -591.420850 -619.251411 -643.688215 -678.666178 -715.502641 -744.205387 -756.875718 -763.871137 -763.376052 -768.419974 -758.700872 -752.651542 -737.986410 -722.621050 -698.714986 -670.788248 -658.691074 -644.835055 -635.350560 -614.757862 -585.361892 -533.448959 -472.246387 -417.583475 -385.191992 -383.109438 -411.195743 -428.640101 -433.019157 -405.368094 -356.009219 -279.292958 -157.683652 -49.917939 39.469501 88.860129 121.302483 171.140856 224.222639 244.797500 -9999.0 -9999.0 -9999.0 -9999.0 -9999.0 -9999.0 -9999.0 -9999.0 -9999.0 -9999.0 -9999.0 -9999.0
-9999.0 -9999.0 -9999.0 -9999.0 -9999.0 -9999.0 -1326.158702 -1232.841917 -1144.159257 -1027.800510 -920.983702 -833.675363 -762.908151 -740.361357 -725.370941 -704.318791 -709.449194 -725.785445 -741.421572 -725.463592 -716.828243 -721.205030 -747.524291 -749.016823 -745.748375 -736.134536 -736.916123 -742.614528 -766.799811 -759.307933 -760.990296 -783.492502 -809.066330 -823.267465 -834.514502 -824.426162 -823.380053 -835.481244 -832.599258 -806.902923 -787.501683 -774.095866 -751.588354 -718.734899 -687.117090 -673.298047 -672.650575 -666.698230 -625.315434 -555.796132 -486.776848 -434.851071 -405.589229 -399.713422 -430.123582 -473.159796 -496.879328 -492.382012 -459.902745 -407.621551 -329.351877 -275.983425 -237.279966 -206.671458 -166.760126 -36.877069 -9999.0 -9999.0 -9999.0 -9999.0 -9999.0 -9999.0 -9999.0 -9999.0 -9999.0 -9999.0 -9999.0 -9999.0 -9999.0 -9999.0
-9999.0 -9999.0 -9999.0 -9999.0 -9999.0 -9999.0 -9999.0 -9999.0 -9999.0 -9999.0 -9999.0 -9999.0 -9999.0 -9999.0 -9999.0 -9999.0 -9999.0 -9999.0 -9999.0 -9999.0 -9999.0 -9999.0 -9999.0 -9999.0 -9999.0 -9999.0 -9999.0 -9999.0 -9999.0 -9999.0 -9999.0 -9999.0 -9999.0 -9999.0 -9999.0 -9999.0 -9999.0 -9999.0 -9999.0 -9999.0 -9999.0 -9999.0 -9999.0 -9999.0 -9999.0 -9999.0 -9999.0 -9999.0 -9999.0 -9999.0 -9999.0 -9999.0 -9999.0 -9999.0 -9999.0 -9999.0 -9999.0 -9999.0 -9999.0 -9999.0 -9999.0 -9999.0 -9999.0 -9999.0 -9999.0 -9999.0 -9999.0 -9999.0 -9999.0 -9999.0 -9999.0 -9999.0 -9999.0 -9999.0 -9999.0 -9999.0 -9999.0 -9999.0 -9999.0 -9999.0
-9999.0 -9999.0 -9999.0 -9999.0 -9999.0 -9999.0 -9999.0 -9999.0 -9999.0 -9999.0 -9999.0 -9999.0 -9999.0 -9999.0 -9999.0 -9999.0 -9999.0 -9999.0 -9999.0 -9999.0 -9999.0 -9999.0 -9999.0 -9999.0 -9999.0 -9999.0 -9999.0 -9999.0 -9999.0 -9999.0 -9999.0 -9999.0 -9999.0 -9999.0 -9999.0 -9999.0 -9999.0 -9999.0 -9999.0 -9999.0 -9999.0 -9999.0 -9999.0 -9999.0 -9999.0 -9999.0 -9999.0 -9999.0 -9999.0 -9999.0 -9999.0 -9999.0 -9999.0 -9999.0 -9999.0 -9999.0 -9999.0 -9999.0 -9999.0 -9999.0 -9999.0 -9999.0 -9999.0 -9999.0 -9999.0 -9999.0 -9999.0 -9999.0 -9999.0 -9999.0 -9999.0 -9999.0 -9999.0 -9999.0 -9999.0 -9999.0 -9999.0 -9999.0 -9999.0 -9999.0