Borden_/Borden1m_014/output_maps/psiliqL0000N0016.asc
ncols         80
nrows         18
xllcorner     620200.000000
yllcorner     5168000.000000
cellsize      1.000000
NODATA_value  -9999.0
-9999.0 -9999.0 -9999.0 -9999.0 -9999.0 -9999.0 -9999.0 -9999.0 -9999.0 -9999.0 -9999.0 -9999.0 -9999.0 -9999.0 -9999.0 -9999.0 -9999.0 -9999.0 -9999.0 -9999.0 -9999.0 -9999.0 -9999.0 -9999.0 -9999.0 -9999.0 -9999.0 -9999.0 -9999.0 -9999.0 -9999.0 -9999.0 -9999.0 -9999.0 -9999.0 -9999.0 -9999.0 -9999.0 -9999.0 -9999.0 -9999.0 -9999.0 -9999.0 -9999.0 -9999.0 -9999.0 -9999.0 -9999.0 -9999.0 -9999.0 -9999.0 -9999.0 -9999.0 -9999.0 -9999.0 -9999.0 -9999.0 -9999.0 -9999.0 -9999.0 -9999.0 -9999.0 -9999.0 -9999.0 -9999.0 -9999.0 -9999.0 -9999.0 -9999.0 -9999.0 -9999.0 -9999.0 -9999.0 -9999.0 -9999.0 -9999.0 -9999.0 -9999.0 -9999.0 -9999.0
-9999.0 -9999.0 -9999.0 -9999.0 -9999.0 -9999.0 -9999.0 -9999.0 -9999.0 -9999.0 -9999.0 -9999.0 -9999.0 -9999.0 -9999.0 -9999.0 -9999.0 -9999.0 -9999.0 -9999.0 -9999.0 -9999.0 -9999.0 -9999.0 -9999.0 -9999.0 -9999.0 -9999.0 -9999.0 -9999.0 -9999.0 -9999.0 -9999.0 -9999.0 -9999.0 -9999.0 -9999.0 -9999.0 -9999.0 -9999.0 -9999.0 -9999.0 -9999.0 -9999.0 -9999.0 -9999.0 -9999.0 -9999.0 -9999.0 -9999.0 -9999.0 -9999.0 -9999.0 -9999.0 -9999.0 -9999.0 -9999.0 -9999.0 -9999.0 -9999.0 -9999.0 -9999.0 -9999.0 -9999.0 -9999.0 -9999.0 -9999.0 -9999.0 -9999.0 -9999.0 -9999.0 -9999.0 -9999.0 -9999.0 -9999.0 -9999.0 -9999.0 -9999.0 -9999.0 -9999.0
-9999.0 -9999.0 -9999.0 -9999.0 -9999.0 -9999.0 -9999.0 -9999.0 -9999.0 -9999.0 -9999.0 -9999.0 -9999.0 -9999.0 -9999.0 -9999.0 -9999.0 -9999.0 -9999.0 -9999.0 -471.342033 -470.025337 -472.000763 -474.070216 -476.012923 -476.445552 -474.406139 -472.401178 -470.013943 -469.829931 -472.350354 -471.454060 -472.571719 -473.430888 -473.711235 -473.016609 -472.617113 -471.934067 -471.613433 -472.058733 -472.752774 -473.130141 -473.721995 -473.753304 -472.797232 -474.024325 -472.399844 -471.067055 -470.769935 -470.355371 -471.697150 -472.027346 -472.071758 -474.178168 -470.434556 -469.810816 -467.673154 -467.704537 -466.921513 -469.282528 -471.631800 -9999.0 -9999.0 -9999.0 -9999.0 -9999.0 -9999.0 -9999.0 -9999.0 -9999.0 -9999.0 -9999.0 -9999.0 -9999.0 -9999.0 -9999.0 -9999.0 -9999.0 -9999.0 -9999.0
-9999.0 -9999.0 -9999.0 -9999.0 -9999.0 -9999.0 -9999.0 -9999.0 -9999.0 -9999.0 -9999.0 -9999.0 -9999.0 -9999.0 -473.257074 -474.622659 -475.313916 -476.100645 -474.263603 -473.129901 -473.677244 -475.089606 -473.579061 -475.994406 -478.253849 -476.943724 -475.560372 -474.986646 -473.420092 -472.065236 -473.686444 -474.097365 -473.446662 -470.604943 -469.730525 -470.539369 -474.565627 -470.879789 -469.625285 -468.829954 -468.954848 -470.797718 -468.619265 -466.054187 -467.591942 -470.341080 -469.578132 -468.201117 -465.689064 -466.079198 -474.467664 -474.346233 -473.471049 -472.754595 -473.900488 -474.916353 -471.246011 -472.159779 -472.491857 -472.287058 -473.563380 -476.478585 -477.988822 -474.492848 -472.275973 -466.836447 -9999.0 -9999.0 -9999.0 -9999.0 -9999.0 -9999.0 -9999.0 -9999.0 -9999.0 -9999.0 -9999.0 -9999.0 -9999.0 -9999.0
-9999.0 -9999.0 -9999.0 -9999.0 -9999.0 -9999.0 -9999.0 -9999.0 -9999.0 -474.400451 -474.953802 -474.664721 -475.835758 -474.780731 -477.254621 -476.870490 -477.583952 -476.343642 -475.853464 -474.520328 -472.108136 -474.438950 -474.813351 -473.459227 -473.682420 -473.686818 -473.331242 -470.036771 -466.857777 -460.051647 -466.822887 -467.011208 -463.788255 -448.603350 -438.307505 -435.926134 -440.918307 -440.899001 -434.520456 -427.189714 -428.338719 -429.320469 -420.946924 -416.595789 -413.341463 -420.677252 -426.949533 -428.005799 -416.636505 -434.090176 -448.721994 -465.112258 -463.433285 -467.422254 -471.578809 -472.658172 -473.659523 -469.551987 -470.615195 -473.393341 -475.641571 -473.793811 -475.506287 -473.873240 -473.499056 -469.601405 -466.480703 -463.153222 -462.996709 -465.278790 -9999.0 -9999.0 -9999.0 -9999.0 -9999.0 -9999.0 -9999.0 -9999.0 -9999.0 -9999.0
-9999.0 -9999.0 -9999.0 -9999.0 -9999.0 -9999.0 -475.683361 -476.043159 -475.467020 -478.657395 -477.042218 -478.728438 -477.683115 -477.547454 -477.126237 -477.687913 -476.247820 -475.364643 -473.640393 -471.249213 -468.866282 -471.294082 -470.870372 -467.107166 -455.880935 -446.915193 -442.745197 -435.281004 -408.153725 -382.034182 -364.414259 -353.005362 -282.903700 -41.724680 0.039622 0.064729 0.039898 0.026121 0.036819 0.059084 0.065598 0.051177 0.056933 0.055082 0.096437 0.080428 0.050728 0.050652 0.052855 0.048185 -23.120455 -269.016894 -390.711097 -415.714820 -439.808214 -452.561348 -455.357111 -456.045363 -461.222365 -467.824755 -471.316797 -470.483828 -470.872745 -472.650133 -471.713323 -470.404413 -468.076102 -466.420330 -467.492557 -468.657280 -468.992632 -471.762672 -471.142163 -468.366453 -9999.0 -9999.0 -9999.0 -9999.0 -9999.0 -9999.0
-9999.0 -9999.0 -9999.0 -9999.0 -479.572932 -478.362008 -482.348856 -480.364198 -479.095380 -478.376432 -479.159839 -477.753907 -477.965941 -477.296772 -475.395716 -474.604720 -472.249543 -471.060454 -465.207648 -448.010887 -434.383268 -427.037407 -424.192165 -389.631234 -75.673061 0.023170 0.035630 0.041556 0.048022 0.079428 0.105161 0.098933 0.112883 0.144030 0.215693 2.064843 0.257492 0.203418 0.249830 0.297706 9.889509 10.385709 11.097126 11.187856 13.237832 15.237124 0.475487 0.217768 0.220931 0.225428 0.162231 0.087706 0.067440 0.062399 0.058123 0.031338 -69.976320 -340.735153 -405.525796 -425.823131 -444.288217 -453.036116 -461.111445 -463.609683 -467.992460 -466.702474 -464.875723 -466.894840 -469.273976 -471.575380 -471.101641 -472.013805 -473.833741 -469.884543 -469.195245 -465.445415 -9999.0 -9999.0 -9999.0 -9999.0
-9999.0 -9999.0 -479.081173 -479.620071 -476.703856 -479.222518 -480.696154 -482.781226 -482.517003 -480.119621 -475.894781 -475.478956 -473.581339 -473.172542 -467.303750 -447.708674 -429.180073 -415.171855 -371.194052 -63.720771 0.028860 0.048977 0.048500 0.062896 0.103787 0.168104 0.197989 0.231879 0.346627 15.375335 40.205972 53.825579 59.198821 54.198130 53.607185 50.970595 50.032389 45.716761 29.942462 27.654408 34.499945 36.623823 39.727096 28.019848 24.213782 36.466636 38.412990 39.553297 41.322824 50.221014 59.968029 31.427396 0.266904 0.250963 0.299873 0.161499 0.104392 0.074908 0.077741 0.054248 0.006575 -79.170276 -391.793806 -420.351542 -439.787498 -451.119147 -459.468728 -463.848157 -467.707252 -471.800077 -472.479419 -472.668626 -471.438149 -472.417869 -470.438357 -469.339330 -467.105664 -466.501415 -9999.0 -9999.0
-9999.0 -479.330104 -481.242195 -476.275340 -476.867879 -476.834606 -476.645318 -476.563217 -475.855906 -478.988628 -467.976636 -445.115465 -424.503120 -418.061959 -383.034709 -71.338414 0.035973 0.060185 0.075088 0.114804 0.170826 0.281930 5.677427 38.424651 59.926103 55.744423 52.091999 51.227231 42.685536 35.625755 25.950109 33.788108 32.658473 17.847685 5.878008 5.448614 2.794792 0.284486 0.195301 0.152404 0.175880 0.423298 0.239123 0.168045 0.137053 0.208296 0.434075 0.232729 0.147928 0.220274 0.498429 11.168664 27.511568 41.398105 60.232494 39.363463 7.104703 0.250352 0.248282 0.191774 0.128838 0.097828 0.060412 0.029838 -68.234162 -393.387031 -426.972046 -447.439130 -459.760386 -463.288827 -465.117657 -471.211538 -472.104120 -469.857851 -470.660640 -470.701243 -469.870720 -469.326545 -9999.0 -9999.0
-9999.0 -485.141081 -480.252877 -476.099347 -472.118943 -474.599482 -453.040816 -437.177806 -433.899597 -445.285347 -401.962410 -9.962924 0.082566 0.059394 0.096832 0.243428 25.863776 46.915967 58.943401 51.221657 44.239730 46.542633 41.555005 32.800950 19.277713 12.835690 12.105778 11.002840 0.532119 0.301615 0.220639 0.329605 0.227777 0.149994 0.122742 0.113719 0.102509 0.087688 0.067892 0.056674 0.042307 0.085108 0.062418 0.048691 0.040396 0.055605 0.101239 0.067253 0.064547 0.096322 0.122621 0.161683 0.173496 0.205185 0.288512 11.666920 29.875533 49.094424 54.944984 30.950458 0.489380 0.212222 0.185542 0.131176 0.093088 0.040272 -35.547388 -306.432042 -405.370040 -424.739681 -441.746616 -456.677923 -465.270318 -465.721677 -470.021327 -469.368006 -9999.0 -9999.0 -9999.0 -9999.0
-9999.0 -485.167557 -480.619682 -472.168834 -454.342451 -421.710784 -56.957487 0.056058 0.087613 0.156928 0.376566 47.186950 53.532323 37.725591 11.282353 7.373723 16.511799 18.645184 13.666428 5.417525 0.545517 0.480480 0.513998 0.361094 0.286292 0.244368 0.231974 0.225584 0.154410 0.127408 0.094284 0.095739 0.070962 0.021538 -11.656387 -106.820008 -388.825548 -395.609380 -402.925755 -416.773447 -422.487430 -427.190027 -420.999986 -422.532763 -423.236554 -420.249796 -411.974516 -405.595307 -373.032371 -74.372004 0.003865 0.044733 0.058508 0.082760 0.111924 0.159122 0.187365 0.213549 0.547089 31.947704 51.821580 44.839225 16.782481 0.348601 0.179605 0.131500 0.119287 0.072234 0.045532 0.013806 -78.166059 -391.531300 -427.313959 -453.860668 -458.993984 -9999.0 -9999.0 -9999.0 -9999.0 -9999.0
-9999.0 -493.022582 -479.836563 -473.313466 -436.831210 -64.093897 0.071918 0.643466 46.247672 0.355241 0.119601 0.163449 0.346094 0.370291 0.191326 0.195086 0.162086 0.148084 0.291095 0.157626 0.124087 0.104137 0.135682 0.105693 0.085573 0.079937 0.080304 0.071348 0.038921 -30.803439 -332.835715 -379.797877 -419.029930 -437.793044 -447.831200 -459.227104 -468.826641 -468.256590 -465.014396 -467.280893 -469.564867 -472.555143 -469.140769 -467.907763 -466.442523 -468.608809 -468.656741 -464.752059 -458.265347 -449.413634 -434.599112 -417.367777 -395.681387 -275.832949 -36.696002 0.033600 0.056299 0.072088 0.112345 0.202382 0.291389 7.020651 42.897604 61.091286 23.205469 0.302144 0.236611 0.199157 0.147188 0.129218 0.128341 0.128652 0.057277 -9999.0 -9999.0 -9999.0 -9999.0 -9999.0 -9999.0 -9999.0
-9999.0 -497.289319 -482.566812 -481.856145 -469.134684 -441.843593 -390.868597 -66.045357 0.050860 0.034376 0.044622 0.052619 0.063252 0.100193 0.062490 0.043834 0.028945 0.042508 0.047740 0.022150 -19.545958 -138.714045 -271.639840 -317.847448 -374.202684 -389.874297 -396.786538 -408.447513 -421.895324 -436.787394 -459.370689 -467.450776 -472.739952 -473.742814 -474.623036 -475.807567 -479.431818 -476.932542 -475.308298 -475.652841 -476.792729 -477.846606 -475.079800 -474.491095 -473.706692 -476.654424 -474.985669 -474.163442 -471.657229 -469.453257 -466.066232 -460.624086 -452.679869 -446.334384 -437.183738 -426.632419 -410.745941 -348.204496 -37.446109 0.053641 0.111151 0.141675 0.206107 0.326577 1.431978 10.912087 20.203596 3.300573 0.319714 0.295003 0.274619 -9999.0 -9999.0 -9999.0 -9999.0 -9999.0 -9999.0 -9999.0 -9999.0 -9999.0
-9999.0 -9999.0 -500.351613 -494.672534 -489.919978 -485.860745 -480.086506 -469.856484 -465.334256 -457.481745 -446.610149 -434.296116 -426.466319 -422.582017 -427.988796 -438.956624 -444.725848 -443.828320 -445.444036 -448.338710 -455.019948 -459.721699 -461.662898 -462.678718 -465.147218 -465.965000 -466.138253 -466.565101 -467.754146 -471.430604 -474.403438 -476.200044 -478.855438 -477.977032 -478.147605 -479.181009 -477.793231 -478.101075 -477.830997 -478.073460 -477.799522 -477.317288 -476.939790 -476.270502 -476.470422 -476.298887 -476.246087 -475.700290 -474.925815 -474.065160 -471.705372 -467.839258 -465.084062 -464.661215 -466.791198 -466.267058 -464.067819 -458.361718 -432.320853 -387.569132 -58.772064 0.034407 0.075246 0.127441 0.137299 0.148265 0.215467 1.743123 1.953047 0.481100 -9999.0 -9999.0 -9999.0 -9999.0 -9999.0 -9999.0 -9999.0 -9999.0 -9999.0 -9999.0
-9999.0 -9999.0 -9999.0 -9999.0 -502.927538 -494.826258 -487.185196 -488.408102 -483.360234 -480.998595 -479.234213 -477.024742 -475.281372 -473.898190 -476.199264 -476.340251 -476.488940 -475.930747 -476.243553 -476.733920 -476.838649 -477.087226 -477.227267 -477.668660 -477.338460 -476.760931 -476.515516 -477.283399 -476.829826 -478.248120 -477.901893 -478.448765 -479.040023 -480.051816 -479.570874 -479.625223 -478.986310 -479.613416 -478.688235 -479.391929 -478.797709 -478.668156 -478.085142 -476.996756 -477.841270 -477.213814 -477.389357 -476.685176 -477.028119 -475.506648 -472.855768 -469.772174 -467.767879 -468.108281 -471.561670 -472.629052 -473.680162 -471.912911 -469.435891 -462.817761 -437.820499 -413.647648 -348.154043 -43.868056 0.028186 0.051418 0.092669 0.177727 -9999.0 -9999.0 -9999.0 -9999.0 -9999.0 -9999.0 -9999.0 -9999.0 -9999.0 -9999.0 -9999.0 -9999.0
-9999.0 -9999.0 -9999.0 -9999.0 -9999.0 -9999.0 -499.219329 -495.134291 -496.612739 -493.808100 -491.484052 -489.863746 -487.044669 -487.814252 -486.957292 -484.377387 -484.693470 -485.815513 -487.315250 -484.992095 -483.992718 -483.663446 -486.100241 -485.286250 -485.032106 -484.084850 -484.184811 -483.623850 -485.697003 -482.923645 -481.507762 -481.762549 -481.989661 -481.298838 -481.804052 -480.091342 -479.885302 -481.219087 -481.672840 -479.847652 -479.468131 -479.929898 -479.814898 -478.856367 -477.277018 -477.217135 -478.188394 -479.640103 -478.410118 -475.402719 -472.475043 -470.190085 -468.747843 -467.969914 -470.502315 -474.270803 -476.201138 -476.840750 -475.940927 -474.229186 -468.266960 -464.709442 -461.333966 -451.864946 -445.420350 -413.073995 -9999.0 -9999.0 -9999.0 -9999.0 -9999.0 -9999.0 -9999.0 -9999.0 -9999.0 -9999.0 -9999.0 -9999.0 -9999.0 -9999.0
-9999.0 -9999.0 -9999.0 -9999.0 -9999.0 -9999.0 -9999.0 -9999.0 -9999.0 -9999.0 -9999.0 -9999.0 -9999.0 -9999.0 -9999.0 -9999.0 -9999.0 -9999.0 -9999.0 -9999.0 -9999.0 -9999.0 -9999.0 -9999.0 -9999.0 -9999.0 -9999.0 -9999.0 -9999.0 -9999.0 -9999.0 -9999.0 -9999.0 -9999.0 -9999.0 -9999.0 -9999.0 -9999.0 -9999.0 -9999.0 -9999.0 -9999.0 -9999.0 -9999.0 -9999.0 -9999.0 -9999.0 -9999.0 -9999.0 -9999.0 -9999.0 -9999.0 -9999.0 -9999.0 -9999.0 -9999.0 -9999.0 -9999.0 -9999.0 -9999.0 -9999.0 -9999.0 -9999.0 -9999.0 -9999.0 -9999.0 -9999.0 -9999.0 -9999.0 -9999.0 -9999.0 -9999.0 -9999.0 -9999.0 -9999.0 -9999.0 -9999.0 -9999.0 -9999.0 -9999.0
-9999.0 -9999.0 -9999.0 -9999.0 -9999.0 -9999.0 -9999.0 -9999.0 -9999.0 -9999.0 -9999.0 -9999.0 -9999.0 -9999.0 -9999.0 -9999.0 -9999.0 -9999.0 -9999.0 -9999.0 -9999.0 -9999.0 -9999.0 -9999.0 -9999.0 -9999.0 -9999.0 -9999.0 -9999.0 -9999.0 -9999.0 -9999.0 -9999.0 -9999.0 -9999.0 -9999.0 -9999.0 -9999.0 -9999.0 -9999.0 -9999.0 -9999.0 -9999.0 -9999.0 -9999.0 -9999.0 -9999.0 -9999.0 -9999.0 -9999.0 -9999.0 -9999.0 -9999.0 -9999.0 -9999.0 -9999.0 -9999.0 -9999.0 -9999.0 -9999.0 -9999.0 -9999.0 -9999.0 -9999.0 -9999.0 -9999.0 -9999.0 -9999.0 -9999.0 -9999.0 -9999.0 -9999.0 -9999.0 -9999.0 -9999.0 -9999.0 -9999.0 -9999.0 -9999.0 -9999.0