Borden_/Borden1m_014/output_maps/psiliqL0002N0007.asc
ncols         80
nrows         18
xllcorner     620200.000000
yllcorner     5168000.000000
cellsize      1.000000
NODATA_value  -9999.0
-9999.0 -9999.0 -9999.0 -9999.0 -9999.0 -9999.0 -9999.0 -9999.0 -9999.0 -9999.0 -9999.0 -9999.0 -9999.0 -9999.0 -9999.0 -9999.0 -9999.0 -9999.0 -9999.0 -9999.0 -9999.0 -9999.0 -9999.0 -9999.0 -9999.0 -9999.0 -9999.0 -9999.0 -9999.0 -9999.0 -9999.0 -9999.0 -9999.0 -9999.0 -9999.0 -9999.0 -9999.0 -9999.0 -9999.0 -9999.0 -9999.0 -9999.0 -9999.0 -9999.0 -9999.0 -9999.0 -9999.0 -9999.0 -9999.0 -9999.0 -9999.0 -9999.0 -9999.0 -9999.0 -9999.0 -9999.0 -9999.0 -9999.0 -9999.0 -9999.0 -9999.0 -9999.0 -9999.0 -9999.0 -9999.0 -9999.0 -9999.0 -9999.0 -9999.0 -9999.0 -9999.0 -9999.0 -9999.0 -9999.0 -9999.0 -9999.0 -9999.0 -9999.0 -9999.0 -9999.0
-9999.0 -9999.0 -9999.0 -9999.0 -9999.0 -9999.0 -9999.0 -9999.0 -9999.0 -9999.0 -9999.0 -9999.0 -9999.0 -9999.0 -9999.0 -9999.0 -9999.0 -9999.0 -9999.0 -9999.0 -9999.0 -9999.0 -9999.0 -9999.0 -9999.0 -9999.0 -9999.0 -9999.0 -9999.0 -9999.0 -9999.0 -9999.0 -9999.0 -9999.0 -9999.0 -9999.0 -9999.0 -9999.0 -9999.0 -9999.0 -9999.0 -9999.0 -9999.0 -9999.0 -9999.0 -9999.0 -9999.0 -9999.0 -9999.0 -9999.0 -9999.0 -9999.0 -9999.0 -9999.0 -9999.0 -9999.0 -9999.0 -9999.0 -9999.0 -9999.0 -9999.0 -9999.0 -9999.0 -9999.0 -9999.0 -9999.0 -9999.0 -9999.0 -9999.0 -9999.0 -9999.0 -9999.0 -9999.0 -9999.0 -9999.0 -9999.0 -9999.0 -9999.0 -9999.0 -9999.0
-9999.0 -9999.0 -9999.0 -9999.0 -9999.0 -9999.0 -9999.0 -9999.0 -9999.0 -9999.0 -9999.0 -9999.0 -9999.0 -9999.0 -9999.0 -9999.0 -9999.0 -9999.0 -9999.0 -9999.0 -548.631626 -547.171042 -549.961063 -553.082281 -555.830163 -556.261695 -553.252614 -549.957516 -546.160530 -545.566410 -548.885455 -547.920394 -549.278441 -550.186211 -550.373369 -549.434069 -548.921821 -547.761348 -547.074516 -547.543279 -548.526129 -549.156841 -549.821351 -549.707943 -548.514297 -550.139938 -547.893333 -545.824376 -545.196212 -545.012896 -547.574833 -548.526225 -548.853015 -551.537216 -546.747535 -545.584803 -542.382859 -542.180431 -541.424090 -545.000802 -548.564349 -9999.0 -9999.0 -9999.0 -9999.0 -9999.0 -9999.0 -9999.0 -9999.0 -9999.0 -9999.0 -9999.0 -9999.0 -9999.0 -9999.0 -9999.0 -9999.0 -9999.0 -9999.0 -9999.0
-9999.0 -9999.0 -9999.0 -9999.0 -9999.0 -9999.0 -9999.0 -9999.0 -9999.0 -9999.0 -9999.0 -9999.0 -9999.0 -9999.0 -553.030936 -554.698273 -555.501903 -556.186608 -553.472766 -551.494717 -551.703228 -553.429222 -551.846882 -555.067238 -558.002615 -556.265805 -554.013661 -552.434610 -549.547144 -547.302840 -549.540269 -550.104213 -549.016318 -544.982627 -543.414518 -544.366600 -549.583071 -544.708061 -542.542444 -541.132674 -541.310163 -543.666821 -540.617915 -537.032284 -538.967980 -542.766422 -541.844387 -539.771778 -536.341015 -537.679313 -549.628044 -550.258047 -549.433420 -548.925713 -550.604836 -551.880141 -547.078517 -547.945251 -548.600026 -549.059377 -551.464554 -555.785390 -557.827246 -553.096290 -549.360234 -541.412679 -9999.0 -9999.0 -9999.0 -9999.0 -9999.0 -9999.0 -9999.0 -9999.0 -9999.0 -9999.0 -9999.0 -9999.0 -9999.0 -9999.0
-9999.0 -9999.0 -9999.0 -9999.0 -9999.0 -9999.0 -9999.0 -9999.0 -9999.0 -555.280011 -555.817530 -555.390140 -556.633091 -555.224427 -557.943312 -557.396936 -558.038840 -556.153743 -554.895899 -552.501432 -549.035074 -551.830720 -552.239014 -550.424081 -550.503988 -550.158587 -548.973774 -543.648611 -537.984053 -528.511784 -537.419287 -537.935229 -534.448761 -521.982040 -508.219604 -503.198500 -512.022948 -513.673196 -503.220400 -490.519229 -490.995390 -491.963250 -482.239955 -477.039839 -472.815768 -480.456341 -489.208393 -491.874566 -480.789275 -502.204012 -523.018623 -536.551031 -533.191082 -539.044897 -545.566031 -547.793746 -548.782564 -543.383794 -545.167931 -549.630428 -553.294446 -551.640285 -553.929220 -551.679544 -550.486406 -544.511973 -539.357694 -534.279366 -534.046264 -537.346633 -9999.0 -9999.0 -9999.0 -9999.0 -9999.0 -9999.0 -9999.0 -9999.0 -9999.0 -9999.0
-9999.0 -9999.0 -9999.0 -9999.0 -9999.0 -9999.0 -557.704566 -557.997116 -557.128154 -560.575026 -558.453800 -560.207261 -558.745702 -558.278062 -557.423958 -557.693643 -555.434867 -553.610217 -550.435504 -546.288421 -542.384063 -545.075760 -544.116072 -538.568238 -529.490385 -521.952712 -516.569759 -504.100072 -470.616399 -449.354622 -440.847350 -437.838802 -432.377232 -388.469447 -33.910279 10.303355 -19.713071 -285.085318 -21.208818 11.168299 11.468993 11.407531 11.581299 11.715027 12.712784 12.569858 11.383471 11.083817 10.689743 -23.551626 -369.031504 -433.093030 -456.838110 -477.348957 -507.057732 -528.955336 -528.354817 -522.724465 -529.469608 -539.597735 -545.480001 -544.975602 -545.958654 -548.358061 -547.102602 -544.804220 -541.163473 -538.791903 -540.509581 -542.729243 -544.154502 -548.164302 -547.437378 -543.533395 -9999.0 -9999.0 -9999.0 -9999.0 -9999.0 -9999.0
-9999.0 -9999.0 -9999.0 -9999.0 -562.486984 -561.021509 -565.598938 -563.136298 -561.390199 -560.184821 -560.604880 -558.450978 -558.159607 -556.770843 -553.634643 -551.706425 -547.528776 -544.602840 -535.902686 -520.337084 -504.995384 -492.183011 -486.910516 -459.222253 -421.096512 -365.331653 -322.218771 -29.672466 10.768982 12.767963 13.384447 13.403988 13.921939 15.158457 18.499474 20.157931 19.150745 17.689945 19.191655 19.651621 20.674692 20.525272 20.576177 20.474013 20.544218 20.912164 20.160312 19.201925 18.890239 18.305618 15.737772 13.140291 12.140348 11.445960 -1.092346 -299.245106 -422.882851 -439.026063 -467.461765 -489.857398 -516.862690 -522.205630 -529.156519 -533.253987 -539.394145 -537.881830 -535.794144 -538.934074 -542.954383 -546.797205 -546.931336 -548.577853 -550.819759 -545.545360 -544.034495 -538.681497 -9999.0 -9999.0 -9999.0 -9999.0
-9999.0 -9999.0 -562.404964 -562.643558 -558.851504 -561.549255 -563.189890 -565.459395 -564.814443 -561.382258 -555.210859 -553.423072 -549.731978 -547.995433 -539.250618 -520.672692 -494.200801 -476.022699 -450.057178 -404.328488 -285.712818 -11.619419 10.722440 11.761221 13.250209 15.236582 16.246497 18.609610 19.615630 20.308899 33.067423 47.621916 51.790805 47.453019 45.609661 44.425268 42.736056 39.061500 23.914733 23.482095 30.496719 32.507732 35.966761 23.926902 21.148851 32.300821 34.432147 35.175046 37.324056 45.463163 55.489193 27.811697 19.262627 19.159701 19.026415 16.085258 13.504645 12.318266 11.914735 -14.396079 -372.092985 -430.170606 -461.563690 -487.632052 -506.050794 -514.161345 -525.817168 -532.976261 -539.664997 -546.173038 -547.908838 -548.839379 -547.616625 -548.567782 -545.819178 -543.954856 -540.912245 -539.880519 -9999.0 -9999.0
-9999.0 -563.333899 -565.084440 -558.499630 -558.112011 -557.295635 -556.457363 -555.584064 -554.053605 -556.833339 -541.058061 -514.210471 -484.856318 -477.185645 -455.530926 -379.460379 -31.025071 11.211337 12.336632 13.920701 16.334793 19.147804 20.022605 30.104946 52.794492 48.186915 44.644228 43.559241 35.503887 27.917529 20.369447 26.339429 24.627693 20.090157 19.643897 19.854282 19.917900 19.321242 18.714319 18.510857 18.738145 19.655836 19.208900 18.571234 18.429015 19.037024 19.577104 19.137241 18.566172 18.985392 19.883508 20.291295 23.178937 36.862448 55.946111 34.697841 20.190777 19.119049 18.885957 17.999146 14.632229 12.411545 -13.876045 -344.463418 -423.308256 -468.639789 -492.562177 -509.750155 -526.024794 -532.250638 -535.961711 -544.980549 -546.992915 -544.575689 -545.777926 -545.901654 -544.722330 -543.847883 -9999.0 -9999.0
-9999.0 -570.399615 -564.134599 -557.708451 -550.276914 -551.190524 -530.184422 -502.511709 -495.550385 -507.402125 -465.527360 -32.617394 12.304674 12.276471 14.300564 17.022997 20.429419 38.499905 51.206549 42.456687 36.083761 38.170054 33.192783 24.605171 20.232069 20.018164 20.256191 20.354913 19.819349 19.241608 18.753962 18.879720 18.294891 15.427916 13.953718 13.518426 13.387019 13.032873 12.183876 11.593656 11.214339 12.090407 11.705758 11.126281 10.944319 11.598953 12.660691 12.153053 12.163049 12.654825 13.839464 15.494899 17.515739 18.436723 19.230523 20.352319 24.943194 44.336043 50.302577 26.770360 19.810669 18.489712 17.775344 14.429764 10.526109 -273.719495 -398.540269 -436.847048 -471.533607 -491.517937 -507.344662 -522.404618 -534.980621 -537.037710 -543.576097 -543.986450 -9999.0 -9999.0 -9999.0 -9999.0
-9999.0 -570.919597 -564.931416 -552.567076 -524.468367 -496.643077 -360.677470 2.626871 12.417076 14.580908 15.780336 39.243263 46.482301 30.411514 20.248120 19.760400 20.067713 20.197963 19.782257 19.492467 19.401243 19.457996 19.531684 19.372073 19.208887 18.946748 18.731514 18.615439 17.289528 14.499677 13.162987 12.789823 10.079626 -330.403503 -404.331355 -426.081412 -455.265471 -457.864955 -464.654563 -478.841288 -485.786524 -489.824634 -483.647736 -486.952847 -488.044790 -482.543326 -472.475632 -467.238734 -449.021690 -429.824469 -395.335876 -298.166839 -11.958631 11.977613 13.453419 15.555842 17.877452 18.770670 19.876842 27.053290 46.866076 39.753847 20.669710 19.572116 17.735978 14.926422 13.418462 11.268543 -39.533406 -371.744371 -423.876326 -464.646814 -493.307315 -518.541274 -526.812954 -9999.0 -9999.0 -9999.0 -9999.0 -9999.0
-9999.0 -580.954301 -564.870043 -555.047698 -510.195946 -242.694118 -40.064974 15.168553 28.743820 15.545362 15.542241 17.530587 19.038744 19.072742 18.275230 17.774110 15.487336 15.172599 15.797290 14.729183 13.824536 13.537452 13.728219 13.455105 12.858199 12.503800 12.293679 11.607537 -33.810359 -374.982559 -441.731096 -448.971787 -480.579481 -510.074856 -521.757056 -531.538823 -541.578122 -541.012576 -536.844286 -540.057382 -543.544752 -547.469785 -542.768764 -540.748359 -538.687588 -541.368106 -540.913174 -534.925473 -525.355201 -516.473865 -503.200905 -484.568198 -463.475868 -433.962318 -407.770063 -321.750189 -12.088053 12.011432 14.628513 18.505866 19.254086 20.194221 39.338097 57.201729 21.459689 19.397646 18.668213 17.955422 15.964560 12.941131 10.274571 -231.557121 -405.312451 -9999.0 -9999.0 -9999.0 -9999.0 -9999.0 -9999.0 -9999.0
-9999.0 -586.135042 -568.709607 -567.090148 -549.077470 -516.421843 -462.832673 -399.900059 -290.753458 -315.955753 -233.345473 -0.280720 11.331581 12.178690 11.061139 -32.397609 -347.525429 -345.728174 -345.513696 -385.095356 -414.438411 -426.095904 -425.578778 -430.027820 -446.448003 -454.995293 -460.019313 -470.516555 -489.039920 -507.597222 -528.585408 -540.108785 -548.342775 -550.884430 -552.755086 -554.852308 -559.656094 -556.698456 -554.602212 -555.074132 -556.581483 -557.810188 -554.123953 -553.003423 -551.884161 -555.395344 -553.088578 -551.353986 -547.147754 -543.003551 -537.056880 -528.070544 -516.191122 -508.883366 -505.016613 -494.992082 -474.829912 -446.385670 -365.060067 -7.904668 13.595979 16.063956 18.457892 19.407392 19.802644 30.085946 38.692718 20.848534 17.008196 17.354940 17.165569 -9999.0 -9999.0 -9999.0 -9999.0 -9999.0 -9999.0 -9999.0 -9999.0 -9999.0
-9999.0 -9999.0 -590.055331 -583.135952 -577.343895 -571.608715 -563.492677 -556.341540 -551.574058 -540.559545 -524.351129 -503.460529 -490.520320 -484.909392 -492.832600 -511.218900 -520.511193 -519.425188 -521.441301 -524.807702 -530.828880 -532.010744 -533.461836 -534.401369 -537.046875 -538.155839 -538.568803 -539.541040 -541.939735 -547.726139 -552.529029 -555.843813 -559.850945 -559.319158 -559.831046 -561.259648 -559.740369 -560.112601 -559.728863 -559.967988 -559.576605 -558.872995 -558.156221 -557.071283 -557.121068 -556.797510 -556.507884 -555.429780 -553.803473 -551.701075 -547.328595 -540.768167 -535.840687 -534.776853 -537.758843 -537.075238 -533.541154 -525.529999 -501.097506 -461.745971 -404.406620 -195.538081 11.029172 13.857656 14.793237 17.306487 18.777612 18.793878 12.539653 15.997541 -9999.0 -9999.0 -9999.0 -9999.0 -9999.0 -9999.0 -9999.0 -9999.0 -9999.0 -9999.0
-9999.0 -9999.0 -9999.0 -9999.0 -593.414688 -583.381855 -574.094028 -575.289668 -568.769622 -564.998780 -561.706406 -557.737761 -554.462659 -552.282001 -555.120097 -555.510504 -555.900288 -555.400363 -555.949428 -556.566042 -556.713158 -557.075518 -557.471224 -558.100203 -557.732759 -557.018151 -556.785808 -557.878488 -557.688072 -559.670314 -559.616078 -560.663115 -561.703714 -563.099172 -562.663095 -562.756134 -562.036774 -562.787222 -561.677012 -562.390514 -561.586916 -561.295106 -560.400824 -558.864899 -559.625441 -558.741805 -558.800190 -557.715569 -557.569322 -554.800301 -550.226171 -544.928363 -541.362132 -541.627056 -546.533173 -548.432400 -549.750602 -546.835057 -542.210511 -531.639523 -506.244932 -481.067427 -444.062316 -406.175669 -346.406775 -16.096695 15.328122 17.074818 -9999.0 -9999.0 -9999.0 -9999.0 -9999.0 -9999.0 -9999.0 -9999.0 -9999.0 -9999.0 -9999.0 -9999.0
-9999.0 -9999.0 -9999.0 -9999.0 -9999.0 -9999.0 -588.813884 -583.694654 -585.404455 -581.472251 -578.012864 -575.452673 -571.550844 -572.115147 -570.874501 -567.682679 -568.067440 -569.533149 -571.431507 -568.604637 -567.326704 -567.012810 -570.062471 -569.134213 -568.788223 -567.629224 -567.752272 -567.167019 -569.724505 -566.463025 -564.843861 -565.303424 -565.734637 -565.030398 -565.663551 -563.667332 -563.428801 -565.009548 -565.523300 -563.285940 -562.709865 -563.122343 -562.812915 -561.437040 -559.348010 -559.109090 -560.164231 -561.692600 -559.766121 -555.212483 -550.293301 -546.069110 -543.324508 -542.282359 -546.236801 -551.767855 -554.573103 -555.144682 -553.157550 -549.333858 -539.425441 -532.809220 -527.822232 -523.709299 -517.397054 -475.399351 -9999.0 -9999.0 -9999.0 -9999.0 -9999.0 -9999.0 -9999.0 -9999.0 -9999.0 -9999.0 -9999.0 -9999.0 -9999.0 -9999.0
-9999.0 -9999.0 -9999.0 -9999.0 -9999.0 -9999.0 -9999.0 -9999.0 -9999.0 -9999.0 -9999.0 -9999.0 -9999.0 -9999.0 -9999.0 -9999.0 -9999.0 -9999.0 -9999.0 -9999.0 -9999.0 -9999.0 -9999.0 -9999.0 -9999.0 -9999.0 -9999.0 -9999.0 -9999.0 -9999.0 -9999.0 -9999.0 -9999.0 -9999.0 -9999.0 -9999.0 -9999.0 -9999.0 -9999.0 -9999.0 -9999.0 -9999.0 -9999.0 -9999.0 -9999.0 -9999.0 -9999.0 -9999.0 -9999.0 -9999.0 -9999.0 -9999.0 -9999.0 -9999.0 -9999.0 -9999.0 -9999.0 -9999.0 -9999.0 -9999.0 -9999.0 -9999.0 -9999.0 -9999.0 -9999.0 -9999.0 -9999.0 -9999.0 -9999.0 -9999.0 -9999.0 -9999.0 -9999.0 -9999.0 -9999.0 -9999.0 -9999.0 -9999.0 -9999.0 -9999.0
-9999.0 -9999.0 -9999.0 -9999.0 -9999.0 -9999.0 -9999.0 -9999.0 -9999.0 -9999.0 -9999.0 -9999.0 -9999.0 -9999.0 -9999.0 -9999.0 -9999.0 -9999.0 -9999.0 -9999.0 -9999.0 -9999.0 -9999.0 -9999.0 -9999.0 -9999.0 -9999.0 -9999.0 -9999.0 -9999.0 -9999.0 -9999.0 -9999.0 -9999.0 -9999.0 -9999.0 -9999.0 -9999.0 -9999.0 -9999.0 -9999.0 -9999.0 -9999.0 -9999.0 -9999.0 -9999.0 -9999.0 -9999.0 -9999.0 -9999.0 -9999.0 -9999.0 -9999.0 -9999.0 -9999.0 -9999.0 -9999.0 -9999.0 -9999.0 -9999.0 -9999.0 -9999.0 -9999.0 -9999.0 -9999.0 -9999.0 -9999.0 -9999.0 -9999.0 -9999.0 -9999.0 -9999.0 -9999.0 -9999.0 -9999.0 -9999.0 -9999.0 -9999.0 -9999.0 -9999.0