Borden_/Borden1m_014/output_maps/psiliqL0008N0030.asc
ncols         80
nrows         18
xllcorner     620200.000000
yllcorner     5168000.000000
cellsize      1.000000
NODATA_value  -9999.0
-9999.0 -9999.0 -9999.0 -9999.0 -9999.0 -9999.0 -9999.0 -9999.0 -9999.0 -9999.0 -9999.0 -9999.0 -9999.0 -9999.0 -9999.0 -9999.0 -9999.0 -9999.0 -9999.0 -9999.0 -9999.0 -9999.0 -9999.0 -9999.0 -9999.0 -9999.0 -9999.0 -9999.0 -9999.0 -9999.0 -9999.0 -9999.0 -9999.0 -9999.0 -9999.0 -9999.0 -9999.0 -9999.0 -9999.0 -9999.0 -9999.0 -9999.0 -9999.0 -9999.0 -9999.0 -9999.0 -9999.0 -9999.0 -9999.0 -9999.0 -9999.0 -9999.0 -9999.0 -9999.0 -9999.0 -9999.0 -9999.0 -9999.0 -9999.0 -9999.0 -9999.0 -9999.0 -9999.0 -9999.0 -9999.0 -9999.0 -9999.0 -9999.0 -9999.0 -9999.0 -9999.0 -9999.0 -9999.0 -9999.0 -9999.0 -9999.0 -9999.0 -9999.0 -9999.0 -9999.0
-9999.0 -9999.0 -9999.0 -9999.0 -9999.0 -9999.0 -9999.0 -9999.0 -9999.0 -9999.0 -9999.0 -9999.0 -9999.0 -9999.0 -9999.0 -9999.0 -9999.0 -9999.0 -9999.0 -9999.0 -9999.0 -9999.0 -9999.0 -9999.0 -9999.0 -9999.0 -9999.0 -9999.0 -9999.0 -9999.0 -9999.0 -9999.0 -9999.0 -9999.0 -9999.0 -9999.0 -9999.0 -9999.0 -9999.0 -9999.0 -9999.0 -9999.0 -9999.0 -9999.0 -9999.0 -9999.0 -9999.0 -9999.0 -9999.0 -9999.0 -9999.0 -9999.0 -9999.0 -9999.0 -9999.0 -9999.0 -9999.0 -9999.0 -9999.0 -9999.0 -9999.0 -9999.0 -9999.0 -9999.0 -9999.0 -9999.0 -9999.0 -9999.0 -9999.0 -9999.0 -9999.0 -9999.0 -9999.0 -9999.0 -9999.0 -9999.0 -9999.0 -9999.0 -9999.0 -9999.0
-9999.0 -9999.0 -9999.0 -9999.0 -9999.0 -9999.0 -9999.0 -9999.0 -9999.0 -9999.0 -9999.0 -9999.0 -9999.0 -9999.0 -9999.0 -9999.0 -9999.0 -9999.0 -9999.0 -9999.0 -268.582335 -265.527081 -288.279170 -322.320786 -350.794649 -348.854787 -313.704121 -272.438749 -234.314262 -223.497661 -241.396790 -239.778635 -244.645141 -244.452888 -241.080578 -234.838107 -232.017692 -220.171962 -211.263869 -211.117849 -217.030465 -222.564687 -223.523274 -219.763252 -214.793866 -224.052815 -210.759068 -195.500561 -189.341207 -195.192950 -223.512802 -240.060458 -248.682829 -263.514360 -239.228366 -226.775976 -203.773177 -199.499638 -200.806282 -227.999894 -258.173251 -9999.0 -9999.0 -9999.0 -9999.0 -9999.0 -9999.0 -9999.0 -9999.0 -9999.0 -9999.0 -9999.0 -9999.0 -9999.0 -9999.0 -9999.0 -9999.0 -9999.0 -9999.0 -9999.0
-9999.0 -9999.0 -9999.0 -9999.0 -9999.0 -9999.0 -9999.0 -9999.0 -9999.0 -9999.0 -9999.0 -9999.0 -9999.0 -9999.0 -359.060553 -369.343159 -372.476556 -363.961916 -330.084803 -300.078678 -287.435937 -295.053209 -295.119764 -318.651578 -338.784012 -324.512726 -294.949217 -263.103050 -228.107604 -206.677802 -219.036242 -221.342041 -209.983398 -180.913691 -164.814820 -166.861523 -188.484139 -165.203819 -147.591322 -136.453052 -136.360979 -144.431822 -128.287162 -110.749903 -117.642400 -136.848476 -134.918903 -123.774964 -109.351500 -127.058649 -195.217669 -218.206602 -222.383973 -229.838616 -243.846462 -250.830933 -226.173598 -225.282895 -233.663155 -251.733264 -284.024694 -328.050944 -345.881072 -307.335399 -262.767306 -204.546171 -9999.0 -9999.0 -9999.0 -9999.0 -9999.0 -9999.0 -9999.0 -9999.0 -9999.0 -9999.0 -9999.0 -9999.0 -9999.0 -9999.0
-9999.0 -9999.0 -9999.0 -9999.0 -9999.0 -9999.0 -9999.0 -9999.0 -9999.0 -415.801378 -412.330174 -405.393566 -403.792310 -388.267190 -390.097231 -383.254360 -375.334979 -349.144592 -317.903126 -282.570552 -253.371249 -263.148587 -262.462976 -249.570427 -241.727657 -227.739621 -205.529015 -162.319056 -115.376760 -68.989044 -96.174376 -96.740492 -74.292907 -18.215602 27.630510 41.156820 18.798873 23.248138 55.203832 88.721235 94.105839 95.058087 125.663032 142.399085 148.361556 124.584787 97.714566 92.223629 118.825033 55.173127 -22.872191 -84.887064 -88.586097 -124.860005 -170.716806 -195.679626 -199.809078 -178.302330 -194.645764 -233.195733 -270.387348 -280.133306 -296.845001 -280.619645 -257.895095 -210.672592 -171.899059 -143.034727 -142.686881 -160.020602 -9999.0 -9999.0 -9999.0 -9999.0 -9999.0 -9999.0 -9999.0 -9999.0 -9999.0 -9999.0
-9999.0 -9999.0 -9999.0 -9999.0 -9999.0 -9999.0 -494.165111 -485.599010 -466.147673 -460.786182 -436.715345 -429.367077 -408.969568 -389.627839 -369.019210 -351.781583 -320.404353 -287.247712 -244.552468 -198.458547 -163.610669 -165.832765 -152.886143 -113.748642 -64.170658 -26.030234 4.052082 54.537362 151.273350 207.098588 225.845853 234.845384 245.881953 289.365238 351.404683 373.928764 348.504980 331.937284 351.567281 393.540159 424.548971 430.334951 439.361993 448.072600 473.086397 461.582239 399.951120 374.429371 365.803405 351.600901 298.284449 238.319132 188.446545 127.395022 26.754410 -43.240160 -47.680982 -34.887131 -71.621814 -130.868156 -177.584911 -190.261063 -206.340700 -221.542930 -216.775692 -197.588255 -174.250303 -162.858293 -175.283467 -195.783303 -218.769352 -247.399424 -245.588371 -220.020410 -9999.0 -9999.0 -9999.0 -9999.0 -9999.0 -9999.0
-9999.0 -9999.0 -9999.0 -9999.0 -543.612280 -531.497186 -543.366096 -520.167961 -488.544933 -455.640733 -423.277079 -385.708288 -358.323888 -328.086436 -285.269888 -245.160340 -198.071548 -158.750387 -97.019586 -18.135974 47.040907 85.593889 113.395163 187.654258 254.397057 304.135547 323.083687 352.161352 401.455354 481.360015 512.153925 520.385515 532.001404 563.523689 602.676733 638.833803 622.830672 617.111491 621.252267 632.482016 660.234181 662.862761 664.915518 665.964440 668.421564 667.552199 642.066393 608.203156 593.240049 582.003891 555.975078 496.718942 435.283502 398.140701 367.373937 321.046944 254.875614 228.461300 161.829759 91.712333 7.037036 -27.142526 -66.196301 -97.812202 -132.987314 -134.902628 -133.706371 -154.560776 -185.710658 -217.801246 -232.665223 -251.141609 -261.092859 -231.057683 -213.178264 -181.974218 -9999.0 -9999.0 -9999.0 -9999.0
-9999.0 -9999.0 -601.221518 -551.452094 -495.965927 -487.715819 -485.747143 -481.087333 -454.418373 -403.577832 -323.675333 -268.676006 -220.602481 -186.473644 -120.007132 -23.597330 73.108394 137.827304 207.027538 275.016263 335.321714 376.633854 416.570178 459.252059 508.092490 557.828002 576.826049 605.099332 636.964531 670.299976 692.759339 708.495350 713.959961 711.476914 712.559023 712.221551 709.023524 703.946501 686.521777 684.229879 692.197358 695.805737 698.898358 686.462161 682.522865 694.801387 696.390161 695.653027 696.029030 703.117319 711.428942 679.741060 628.198836 609.863867 598.755192 564.460408 502.666011 442.673938 414.508594 371.176023 292.968247 239.827714 181.267098 116.711055 45.000359 -0.991663 -57.242654 -103.537612 -151.418885 -197.595112 -221.243569 -239.646780 -241.713061 -240.889261 -224.636639 -208.774649 -193.177189 -185.263822 -9999.0 -9999.0
-9999.0 -699.645169 -627.216922 -499.794401 -421.093935 -375.884171 -334.714252 -304.749275 -279.206454 -262.585537 -146.843108 -25.844032 84.400190 126.966149 191.092026 293.930500 404.278643 447.921329 478.727947 526.972944 580.894760 625.104869 655.530335 683.800072 711.386222 712.010690 710.585653 711.514533 705.453738 698.651998 689.119692 696.220385 693.654062 677.366814 663.689584 661.212690 654.735218 629.042221 600.860858 587.105833 590.861252 611.857202 601.352784 581.595326 577.994048 597.936240 614.685869 606.631057 594.811326 610.762356 646.371649 668.085705 683.025985 696.767965 716.864112 695.028103 662.763016 621.604650 602.127421 572.679325 502.292712 437.637751 382.720543 318.444196 252.200626 175.936890 97.715145 21.418528 -54.927541 -99.238643 -132.998415 -186.439756 -210.336124 -209.047006 -218.307666 -220.732227 -214.007042 -207.486292 -9999.0 -9999.0
-9999.0 -770.722616 -627.476686 -441.512044 -293.991554 -228.702391 -103.113468 -8.276564 29.005697 6.960158 143.067272 384.443592 469.939471 481.409349 544.351682 620.479535 659.133809 686.688086 703.838499 701.461658 700.145588 705.056925 703.022807 695.731765 682.443051 675.082384 673.936847 670.700411 651.091537 631.755585 614.635155 611.058450 593.019720 557.313068 526.982936 510.683757 489.588906 455.887668 416.742368 388.355158 374.452392 392.763128 383.225141 365.163166 361.554910 385.319895 418.937535 414.054256 420.159415 443.427254 487.400805 539.190100 563.032969 589.722488 626.946297 669.739027 688.332217 707.991900 713.458443 690.292833 647.151547 595.874260 563.071224 488.719014 413.458204 332.841288 271.078790 212.654036 137.574318 78.358313 16.396548 -51.610985 -115.401325 -146.406797 -186.892176 -208.245111 -9999.0 -9999.0 -9999.0 -9999.0
-9999.0 -835.609855 -644.228865 -377.607700 -114.962619 34.883676 244.629425 382.883625 470.219101 509.070600 553.913731 661.157623 683.559913 673.698626 657.275258 657.563275 670.584272 674.015562 670.105229 659.742529 648.122601 639.862865 641.312557 630.149941 621.923608 607.776781 594.797517 579.825062 527.751760 491.769653 460.054931 443.785859 407.379903 319.461215 279.322463 249.091646 192.046095 177.252452 161.009334 125.797388 102.177921 84.111207 104.377277 103.862703 104.561770 115.044480 140.359295 163.328002 210.137803 248.253926 291.457716 345.174540 380.571559 425.259100 476.385643 545.106421 577.410884 605.257386 651.044040 691.352487 713.330065 704.258978 674.516058 631.655254 563.205554 482.404773 429.310730 356.013887 292.676590 244.080520 203.195355 147.132855 64.292877 -50.245286 -97.292257 -9999.0 -9999.0 -9999.0 -9999.0 -9999.0
-9999.0 -988.475469 -721.071393 -423.233861 -83.157784 248.317708 362.205000 537.500009 613.185154 550.132209 518.658659 554.178086 592.770188 598.678684 578.095887 570.585690 562.786587 562.716223 574.819655 546.071673 503.851742 486.927706 485.553364 472.617727 449.799412 431.065054 416.500297 394.386615 341.729584 293.505759 221.586144 191.924188 108.083036 25.513100 -30.105239 -83.391357 -139.272473 -143.309931 -129.040039 -147.477364 -171.084869 -190.582216 -164.710774 -149.166320 -138.075890 -147.249429 -137.044995 -100.161718 -47.358006 2.064496 63.780442 133.808429 189.489473 245.899797 280.771581 335.104039 383.305971 431.776043 507.438864 595.662449 630.831480 665.074920 700.462078 715.096695 668.737783 617.687394 562.681738 483.263033 388.335698 343.217009 323.284566 293.963965 243.462871 -9999.0 -9999.0 -9999.0 -9999.0 -9999.0 -9999.0 -9999.0
-9999.0 -1122.854891 -890.273362 -641.223215 -338.814169 -94.004393 106.533718 233.336763 331.750593 307.661384 311.912486 340.219543 371.029961 393.090381 370.421721 335.101339 309.865504 313.558681 312.832733 288.949343 259.179791 244.825473 243.292331 234.856179 205.878574 186.066375 171.384039 143.218895 96.607726 27.252946 -65.923497 -138.615227 -204.430729 -243.008039 -274.857988 -308.967209 -348.765441 -338.440744 -323.889109 -328.887968 -341.683013 -346.471292 -316.820265 -298.543393 -288.544833 -301.863863 -283.413979 -256.189800 -213.737476 -170.951651 -121.081847 -63.088640 -4.190051 33.993481 57.719364 99.205414 154.180543 221.174356 307.336197 405.491815 481.855083 541.877587 592.593514 619.648690 638.371398 656.822230 636.596112 552.239061 402.947970 384.547302 384.355451 -9999.0 -9999.0 -9999.0 -9999.0 -9999.0 -9999.0 -9999.0 -9999.0 -9999.0
-9999.0 -9999.0 -1127.245523 -935.979029 -774.612457 -589.393811 -438.909054 -329.806704 -254.021685 -165.345614 -74.578459 6.090952 53.958145 73.791790 51.877723 3.916142 -25.926910 -26.397876 -36.479981 -52.289723 -78.866846 -89.337893 -99.412462 -108.119682 -123.177347 -132.055412 -138.684507 -151.520522 -176.641337 -226.152743 -281.021159 -334.214009 -389.715476 -415.259676 -437.507824 -460.461171 -464.255067 -465.786671 -458.781226 -457.638783 -452.502853 -440.911003 -420.059781 -398.804524 -389.508326 -382.744199 -370.254801 -346.658032 -313.564875 -272.764531 -220.403884 -164.333860 -125.465978 -112.535531 -120.795231 -112.375259 -85.965147 -33.191276 72.692733 181.986680 278.920939 351.541547 424.103689 473.576336 493.346572 524.881098 544.832609 459.961421 233.399327 325.414562 -9999.0 -9999.0 -9999.0 -9999.0 -9999.0 -9999.0 -9999.0 -9999.0 -9999.0 -9999.0
-9999.0 -9999.0 -9999.0 -9999.0 -1078.950575 -922.069569 -829.298560 -747.802600 -629.392205 -522.607246 -431.472190 -355.710979 -303.692470 -280.337463 -292.531266 -299.491496 -308.298836 -311.833063 -320.396260 -326.410092 -332.605461 -340.636526 -351.888566 -359.704910 -360.808794 -357.614023 -359.768302 -372.993146 -388.951642 -416.825253 -441.358312 -476.781121 -513.954803 -543.014512 -555.899148 -562.832922 -562.424781 -567.691685 -558.009256 -551.764871 -536.951861 -521.513177 -497.505951 -469.339859 -456.985080 -442.948561 -433.338681 -412.556419 -382.717516 -330.236277 -268.481812 -213.104056 -179.951519 -177.194148 -204.395378 -220.992987 -224.357567 -195.303392 -144.248594 -66.283113 53.084577 148.098377 224.027825 272.505632 305.395188 352.994776 396.841591 411.516824 -9999.0 -9999.0 -9999.0 -9999.0 -9999.0 -9999.0 -9999.0 -9999.0 -9999.0 -9999.0 -9999.0 -9999.0
-9999.0 -9999.0 -9999.0 -9999.0 -9999.0 -9999.0 -1136.082061 -1042.196854 -954.829486 -836.449306 -726.832517 -636.941944 -563.937719 -539.960613 -523.524692 -501.691779 -506.574086 -523.386108 -539.687516 -523.347374 -514.179080 -518.907415 -546.051794 -547.543332 -544.112960 -534.572414 -535.548485 -541.445976 -566.019966 -558.090559 -559.585293 -582.398876 -608.237929 -622.481750 -633.819301 -623.676361 -622.669378 -634.953212 -632.264256 -606.300715 -586.693144 -573.231767 -550.677402 -517.641160 -485.835421 -471.809985 -471.057093 -465.013945 -423.506544 -353.440817 -283.877195 -231.331363 -201.483258 -195.148415 -224.961305 -267.336339 -290.206371 -284.679762 -250.760788 -196.655594 -116.494859 -61.136776 -22.713564 6.154570 43.418605 156.402893 -9999.0 -9999.0 -9999.0 -9999.0 -9999.0 -9999.0 -9999.0 -9999.0 -9999.0 -9999.0 -9999.0 -9999.0 -9999.0 -9999.0
-9999.0 -9999.0 -9999.0 -9999.0 -9999.0 -9999.0 -9999.0 -9999.0 -9999.0 -9999.0 -9999.0 -9999.0 -9999.0 -9999.0 -9999.0 -9999.0 -9999.0 -9999.0 -9999.0 -9999.0 -9999.0 -9999.0 -9999.0 -9999.0 -9999.0 -9999.0 -9999.0 -9999.0 -9999.0 -9999.0 -9999.0 -9999.0 -9999.0 -9999.0 -9999.0 -9999.0 -9999.0 -9999.0 -9999.0 -9999.0 -9999.0 -9999.0 -9999.0 -9999.0 -9999.0 -9999.0 -9999.0 -9999.0 -9999.0 -9999.0 -9999.0 -9999.0 -9999.0 -9999.0 -9999.0 -9999.0 -9999.0 -9999.0 -9999.0 -9999.0 -9999.0 -9999.0 -9999.0 -9999.0 -9999.0 -9999.0 -9999.0 -9999.0 -9999.0 -9999.0 -9999.0 -9999.0 -9999.0 -9999.0 -9999.0 -9999.0 -9999.0 -9999.0 -9999.0 -9999.0
-9999.0 -9999.0 -9999.0 -9999.0 -9999.0 -9999.0 -9999.0 -9999.0 -9999.0 -9999.0 -9999.0 -9999.0 -9999.0 -9999.0 -9999.0 -9999.0 -9999.0 -9999.0 -9999.0 -9999.0 -9999.0 -9999.0 -9999.0 -9999.0 -9999.0 -9999.0 -9999.0 -9999.0 -9999.0 -9999.0 -9999.0 -9999.0 -9999.0 -9999.0 -9999.0 -9999.0 -9999.0 -9999.0 -9999.0 -9999.0 -9999.0 -9999.0 -9999.0 -9999.0 -9999.0 -9999.0 -9999.0 -9999.0 -9999.0 -9999.0 -9999.0 -9999.0 -9999.0 -9999.0 -9999.0 -9999.0 -9999.0 -9999.0 -9999.0 -9999.0 -9999.0 -9999.0 -9999.0 -9999.0 -9999.0 -9999.0 -9999.0 -9999.0 -9999.0 -9999.0 -9999.0 -9999.0 -9999.0 -9999.0 -9999.0 -9999.0 -9999.0 -9999.0 -9999.0 -9999.0