Borden_/Borden1m_014/output_maps/psiliqL0011N0004.asc
ncols         80
nrows         18
xllcorner     620200.000000
yllcorner     5168000.000000
cellsize      1.000000
NODATA_value  -9999.0
-9999.0 -9999.0 -9999.0 -9999.0 -9999.0 -9999.0 -9999.0 -9999.0 -9999.0 -9999.0 -9999.0 -9999.0 -9999.0 -9999.0 -9999.0 -9999.0 -9999.0 -9999.0 -9999.0 -9999.0 -9999.0 -9999.0 -9999.0 -9999.0 -9999.0 -9999.0 -9999.0 -9999.0 -9999.0 -9999.0 -9999.0 -9999.0 -9999.0 -9999.0 -9999.0 -9999.0 -9999.0 -9999.0 -9999.0 -9999.0 -9999.0 -9999.0 -9999.0 -9999.0 -9999.0 -9999.0 -9999.0 -9999.0 -9999.0 -9999.0 -9999.0 -9999.0 -9999.0 -9999.0 -9999.0 -9999.0 -9999.0 -9999.0 -9999.0 -9999.0 -9999.0 -9999.0 -9999.0 -9999.0 -9999.0 -9999.0 -9999.0 -9999.0 -9999.0 -9999.0 -9999.0 -9999.0 -9999.0 -9999.0 -9999.0 -9999.0 -9999.0 -9999.0 -9999.0 -9999.0
-9999.0 -9999.0 -9999.0 -9999.0 -9999.0 -9999.0 -9999.0 -9999.0 -9999.0 -9999.0 -9999.0 -9999.0 -9999.0 -9999.0 -9999.0 -9999.0 -9999.0 -9999.0 -9999.0 -9999.0 -9999.0 -9999.0 -9999.0 -9999.0 -9999.0 -9999.0 -9999.0 -9999.0 -9999.0 -9999.0 -9999.0 -9999.0 -9999.0 -9999.0 -9999.0 -9999.0 -9999.0 -9999.0 -9999.0 -9999.0 -9999.0 -9999.0 -9999.0 -9999.0 -9999.0 -9999.0 -9999.0 -9999.0 -9999.0 -9999.0 -9999.0 -9999.0 -9999.0 -9999.0 -9999.0 -9999.0 -9999.0 -9999.0 -9999.0 -9999.0 -9999.0 -9999.0 -9999.0 -9999.0 -9999.0 -9999.0 -9999.0 -9999.0 -9999.0 -9999.0 -9999.0 -9999.0 -9999.0 -9999.0 -9999.0 -9999.0 -9999.0 -9999.0 -9999.0 -9999.0
-9999.0 -9999.0 -9999.0 -9999.0 -9999.0 -9999.0 -9999.0 -9999.0 -9999.0 -9999.0 -9999.0 -9999.0 -9999.0 -9999.0 -9999.0 -9999.0 -9999.0 -9999.0 -9999.0 -9999.0 330.416504 333.149703 310.731565 276.936345 248.818324 250.838714 285.505661 326.626957 364.869000 375.251917 357.432127 359.420166 354.476065 353.517307 355.919477 362.036350 365.269753 376.347979 384.520753 384.031732 377.933907 372.788175 372.819595 376.725767 382.318439 372.423862 385.680960 400.432852 405.939322 400.892701 374.035485 358.586981 350.157982 335.216913 359.688685 371.857663 394.715079 398.944057 397.472758 370.445940 340.368977 -9999.0 -9999.0 -9999.0 -9999.0 -9999.0 -9999.0 -9999.0 -9999.0 -9999.0 -9999.0 -9999.0 -9999.0 -9999.0 -9999.0 -9999.0 -9999.0 -9999.0 -9999.0 -9999.0
-9999.0 -9999.0 -9999.0 -9999.0 -9999.0 -9999.0 -9999.0 -9999.0 -9999.0 -9999.0 -9999.0 -9999.0 -9999.0 -9999.0 240.658857 230.704771 227.664161 235.921463 269.317183 299.162808 311.498356 303.957340 303.968269 280.462925 260.105759 274.083490 303.543652 335.062020 369.595207 390.284894 378.586867 376.199724 386.114159 411.998034 425.152264 422.095111 401.502499 424.059419 439.635586 448.463656 447.899885 440.098988 455.122983 472.877694 467.095274 449.556357 452.253009 462.539055 474.995155 460.908577 397.514639 377.785608 374.232427 367.562138 353.895437 347.446065 372.524291 373.104821 364.914952 347.002535 314.585245 270.474416 252.464844 291.106625 335.332716 393.001443 -9999.0 -9999.0 -9999.0 -9999.0 -9999.0 -9999.0 -9999.0 -9999.0 -9999.0 -9999.0 -9999.0 -9999.0 -9999.0 -9999.0
-9999.0 -9999.0 -9999.0 -9999.0 -9999.0 -9999.0 -9999.0 -9999.0 -9999.0 184.017583 187.983362 195.019058 196.874927 212.292572 210.150313 216.956482 224.180573 250.361029 281.039774 315.744019 344.246684 334.604527 335.048515 346.340497 351.588484 364.061373 385.360446 425.970064 467.485388 510.038405 482.686182 480.809931 499.730074 547.446654 582.439299 590.256102 571.376433 576.943589 601.976447 626.022988 626.589835 626.737981 656.188609 676.979249 683.038138 662.166239 639.881875 633.363506 655.566223 605.062426 540.628368 489.071680 491.622585 460.301463 420.358261 398.777805 395.677526 416.827794 401.707562 364.307690 327.910144 317.721747 300.886788 317.744083 340.406691 387.253869 425.961885 454.780877 455.025154 437.871881 -9999.0 -9999.0 -9999.0 -9999.0 -9999.0 -9999.0 -9999.0 -9999.0 -9999.0 -9999.0
-9999.0 -9999.0 -9999.0 -9999.0 -9999.0 -9999.0 105.549439 114.550691 134.346326 139.377460 163.972338 171.160072 191.397436 210.334232 230.913287 247.166315 277.193751 309.593341 350.470578 393.668183 425.433883 420.794744 431.692984 465.216790 507.095126 538.241300 563.300379 603.837094 683.263895 732.767613 745.764900 751.431041 760.750065 809.009776 875.209357 892.514138 869.839550 853.115909 874.067475 915.308525 926.682167 933.840356 960.877196 993.918602 1025.129941 1010.451685 944.088042 910.464630 899.738413 883.487216 823.003972 758.737138 721.123847 667.205777 582.497758 523.725196 525.504529 541.888253 511.318757 456.316186 413.869536 402.780791 387.696160 374.047133 380.173811 399.877170 423.176273 434.975842 422.803207 402.406643 379.763584 351.289954 353.262393 378.711830 -9999.0 -9999.0 -9999.0 -9999.0 -9999.0 -9999.0
-9999.0 -9999.0 -9999.0 -9999.0 55.990459 68.332811 56.196829 80.107354 112.017279 145.272612 176.978241 213.603202 240.366509 269.778343 310.122381 345.822355 388.554092 424.704899 479.708253 548.045560 599.532914 625.748959 644.485449 710.363600 775.308970 829.971844 852.430212 884.984880 943.308899 1030.477186 1064.122088 1071.022909 1085.142153 1112.667606 1151.476058 1179.537124 1163.253745 1156.564712 1161.657383 1171.903267 1194.021138 1197.191148 1206.227278 1217.925675 1225.068225 1222.999747 1193.921294 1158.873339 1145.552177 1137.837897 1114.684144 1054.514850 1012.725801 959.775640 911.556776 851.870985 781.044393 761.742508 703.333809 639.390839 571.143376 545.115747 511.811488 485.480317 455.974803 457.572260 461.380590 442.233472 411.790176 380.404350 365.898324 347.592842 337.434717 367.666948 385.578497 416.481168 -9999.0 -9999.0 -9999.0 -9999.0
-9999.0 -9999.0 -1.943280 47.049936 102.802721 110.885626 111.775975 116.728947 143.894059 194.668658 270.942209 322.228100 366.560462 398.585380 457.101713 537.935907 613.229792 668.689450 729.539845 798.555275 861.790839 900.863452 931.806838 999.032882 1057.558432 1112.289103 1134.680889 1159.008146 1191.582640 1230.176813 1248.486021 1262.437708 1267.734519 1265.375518 1266.379273 1265.457497 1262.210489 1258.256644 1240.949685 1234.879845 1239.064479 1242.694228 1247.044004 1237.898951 1236.508712 1250.253579 1254.875851 1256.271812 1258.132443 1265.849036 1271.568516 1238.223675 1197.866889 1176.890972 1163.223977 1122.128461 1067.850939 1031.218036 1001.847508 925.876149 833.065696 771.649935 710.417036 657.448385 604.575064 572.501281 527.230961 487.348841 443.074438 398.690182 376.043905 358.384463 356.624446 357.519621 374.130515 390.064183 405.811671 413.801338 -9999.0 -9999.0
-9999.0 -102.302713 -30.134233 96.142226 174.533633 218.240979 254.046189 280.611365 306.761501 326.349886 431.756395 530.830828 625.963490 660.477784 709.033048 805.239954 909.093830 985.547372 1030.472329 1079.462341 1130.169692 1171.483667 1200.281367 1228.343979 1262.477050 1269.493907 1269.750021 1271.506199 1268.652598 1265.531772 1258.959570 1265.298021 1260.821208 1241.129652 1226.204552 1224.334432 1221.234268 1200.748911 1171.926025 1146.661473 1142.626206 1162.141450 1150.327190 1131.480500 1130.544168 1156.699944 1186.490193 1185.512401 1177.385271 1192.564142 1220.299652 1235.961309 1247.004547 1261.188764 1279.809621 1256.028830 1231.694083 1198.804965 1180.190554 1144.306458 1088.021962 1021.504020 934.919918 859.730598 786.619270 709.993174 647.706430 589.999293 526.301602 487.694672 457.529738 406.948659 385.514200 388.247067 380.113144 378.116951 385.026363 391.631675 -9999.0 -9999.0
-9999.0 -177.697504 -35.241611 148.881723 294.564587 353.438817 464.841775 552.663002 581.385675 556.044316 660.029867 888.274521 1006.952853 1027.422652 1087.551339 1159.030817 1185.970122 1224.626468 1249.295143 1254.207243 1257.344898 1264.825862 1264.233733 1262.072508 1252.234551 1246.746644 1245.439821 1241.693333 1227.484330 1213.743153 1200.533487 1197.055845 1175.694131 1123.651155 1089.297986 1074.525709 1063.835858 1045.428079 1003.764139 944.063717 917.327598 937.159377 922.555628 899.712099 898.413595 938.125722 1006.815275 1014.879660 1023.294901 1041.587529 1073.839932 1105.587825 1127.929365 1164.801683 1199.793405 1237.029936 1253.627960 1277.066813 1281.838705 1259.952173 1222.719522 1176.104470 1137.919814 1078.611456 1001.464051 890.703782 818.785030 755.094111 682.616985 634.907569 585.952020 525.769067 469.906626 447.014652 409.350018 390.133236 -9999.0 -9999.0 -9999.0 -9999.0
-9999.0 -249.079745 -59.761328 201.041510 463.902115 581.298277 792.148601 952.558727 1013.897421 1072.824523 1071.532328 1188.145984 1225.253921 1222.491767 1212.497640 1210.948111 1222.811000 1228.360393 1227.888548 1222.723510 1218.825442 1218.593259 1219.867834 1216.272631 1208.311380 1195.753744 1180.298770 1158.653382 1120.213777 1091.371105 1061.892335 1047.056443 998.719067 867.004113 810.200810 773.972492 721.217503 714.369218 701.791566 664.044742 640.904885 623.426833 640.607068 640.692663 642.966564 653.934189 682.151507 706.492568 748.467890 782.978162 825.643425 878.129148 923.527900 1002.383890 1057.573394 1109.593711 1142.771478 1181.307915 1224.955561 1259.481273 1282.745360 1274.504208 1248.451812 1212.804271 1152.824029 1089.477914 1046.800252 972.712891 881.295451 816.943999 758.390286 685.284297 613.701631 534.043178 494.914468 -9999.0 -9999.0 -9999.0 -9999.0 -9999.0
-9999.0 -414.054699 -147.157874 143.854921 463.955053 783.672885 920.153091 1061.133971 1126.636967 1087.140063 1086.210981 1106.703352 1149.359560 1161.663250 1137.579653 1124.923361 1112.817103 1112.873939 1126.959656 1106.909680 1085.327722 1077.350917 1079.839702 1071.735895 1053.074841 1036.584391 1014.314180 961.654712 894.325310 838.882502 758.873272 732.337648 656.521268 586.465065 537.900736 489.402089 439.483982 437.930367 452.861041 435.100107 411.826334 392.942906 417.930464 433.633228 445.130942 435.949763 446.525242 481.800349 529.369525 570.394898 617.066116 668.580604 715.179345 772.169390 810.960430 867.589857 929.477299 1010.436531 1090.023822 1166.680019 1204.854698 1237.686229 1272.224407 1291.503217 1249.881355 1211.281141 1176.090091 1130.310265 1056.556219 1015.624541 969.072933 851.889090 767.223110 -9999.0 -9999.0 -9999.0 -9999.0 -9999.0 -9999.0 -9999.0
-9999.0 -544.748324 -319.041583 -79.935964 210.380339 441.400617 618.717475 724.210933 798.407948 819.614170 848.673811 884.966890 929.266893 967.883341 924.538425 872.350746 838.719607 841.307680 839.235591 815.605835 787.697915 774.310973 774.049988 768.173175 744.036737 728.233265 713.250840 681.761636 642.153138 587.594497 509.035960 441.353324 380.508467 345.297506 314.880211 282.246644 245.285256 255.848213 269.457047 264.810683 252.812065 248.676653 277.720409 296.023418 305.944959 293.419358 312.052693 338.428951 379.135592 419.693661 465.572011 517.221827 568.171953 597.846411 613.195219 641.430321 685.523550 749.887110 846.044676 963.393201 1060.533638 1115.007498 1174.115794 1210.476939 1227.279406 1251.351882 1242.069849 1178.555524 1076.791047 1101.280904 1101.480718 -9999.0 -9999.0 -9999.0 -9999.0 -9999.0 -9999.0 -9999.0 -9999.0 -9999.0
-9999.0 -9999.0 -554.367325 -370.101568 -220.155792 -39.377684 107.021386 210.504867 286.879244 383.979203 478.214220 555.236289 598.812964 618.393054 597.622310 557.385528 532.163265 532.065755 523.141057 511.376227 490.191640 482.645542 473.694822 466.564103 455.083864 448.265059 441.857766 428.974235 406.011464 359.895170 309.640982 258.777652 205.464790 180.493041 158.803561 136.845646 134.351463 132.097059 138.612770 139.853674 145.586393 157.459293 177.827894 199.143151 208.440668 215.819608 228.007114 251.111834 283.406577 323.686846 375.095188 429.591920 466.464721 477.431106 467.194010 472.219752 493.575317 537.827946 621.921724 711.352812 812.718239 897.711888 1008.685408 1073.353761 1097.032548 1127.400159 1166.619190 1112.741952 760.484891 1034.068208 -9999.0 -9999.0 -9999.0 -9999.0 -9999.0 -9999.0 -9999.0 -9999.0 -9999.0 -9999.0
-9999.0 -9999.0 -9999.0 -9999.0 -513.463284 -358.628646 -265.277675 -184.277767 -62.925896 47.340437 140.202219 216.891733 271.521715 295.529227 285.572214 282.799043 275.521368 271.183240 262.633373 259.083036 255.537062 248.473252 236.821837 229.706928 229.696824 233.627811 231.325174 218.055327 201.902730 176.822559 154.631422 120.323853 84.204850 55.553939 42.913331 36.727023 37.123446 31.434904 40.834852 47.492764 62.406252 77.695167 101.499538 129.824739 142.542685 156.647975 166.046778 186.317718 215.722435 267.627135 328.982078 384.065710 416.899086 419.192711 392.152141 375.021890 370.325621 396.926305 441.651780 508.934942 609.501816 684.595486 755.789407 812.367984 858.767302 936.702883 1058.588905 1111.515606 -9999.0 -9999.0 -9999.0 -9999.0 -9999.0 -9999.0 -9999.0 -9999.0 -9999.0 -9999.0 -9999.0 -9999.0
-9999.0 -9999.0 -9999.0 -9999.0 -9999.0 -9999.0 -565.842925 -470.211032 -386.642345 -261.550691 -144.856219 -51.688180 23.012851 49.111102 68.538970 91.742090 87.919273 70.767012 53.836066 71.199798 82.277262 77.486109 49.761650 48.876911 52.937937 62.096057 60.817712 54.958155 30.629293 40.210082 39.950317 17.482755 -7.996544 -21.773591 -33.008201 -22.801394 -21.865293 -34.459708 -32.406306 -6.103534 13.718372 27.019835 49.208365 82.152581 113.972505 128.228635 128.980171 134.743120 175.206376 244.461997 313.873783 366.534374 396.347743 402.400099 372.771998 330.449920 307.449140 312.159995 344.404759 395.034090 468.609152 516.453060 547.211843 568.707495 596.710269 693.809657 -9999.0 -9999.0 -9999.0 -9999.0 -9999.0 -9999.0 -9999.0 -9999.0 -9999.0 -9999.0 -9999.0 -9999.0 -9999.0 -9999.0
-9999.0 -9999.0 -9999.0 -9999.0 -9999.0 -9999.0 -9999.0 -9999.0 -9999.0 -9999.0 -9999.0 -9999.0 -9999.0 -9999.0 -9999.0 -9999.0 -9999.0 -9999.0 -9999.0 -9999.0 -9999.0 -9999.0 -9999.0 -9999.0 -9999.0 -9999.0 -9999.0 -9999.0 -9999.0 -9999.0 -9999.0 -9999.0 -9999.0 -9999.0 -9999.0 -9999.0 -9999.0 -9999.0 -9999.0 -9999.0 -9999.0 -9999.0 -9999.0 -9999.0 -9999.0 -9999.0 -9999.0 -9999.0 -9999.0 -9999.0 -9999.0 -9999.0 -9999.0 -9999.0 -9999.0 -9999.0 -9999.0 -9999.0 -9999.0 -9999.0 -9999.0 -9999.0 -9999.0 -9999.0 -9999.0 -9999.0 -9999.0 -9999.0 -9999.0 -9999.0 -9999.0 -9999.0 -9999.0 -9999.0 -9999.0 -9999.0 -9999.0 -9999.0 -9999.0 -9999.0
-9999.0 -9999.0 -9999.0 -9999.0 -9999.0 -9999.0 -9999.0 -9999.0 -9999.0 -9999.0 -9999.0 -9999.0 -9999.0 -9999.0 -9999.0 -9999.0 -9999.0 -9999.0 -9999.0 -9999.0 -9999.0 -9999.0 -9999.0 -9999.0 -9999.0 -9999.0 -9999.0 -9999.0 -9999.0 -9999.0 -9999.0 -9999.0 -9999.0 -9999.0 -9999.0 -9999.0 -9999.0 -9999.0 -9999.0 -9999.0 -9999.0 -9999.0 -9999.0 -9999.0 -9999.0 -9999.0 -9999.0 -9999.0 -9999.0 -9999.0 -9999.0 -9999.0 -9999.0 -9999.0 -9999.0 -9999.0 -9999.0 -9999.0 -9999.0 -9999.0 -9999.0 -9999.0 -9999.0 -9999.0 -9999.0 -9999.0 -9999.0 -9999.0 -9999.0 -9999.0 -9999.0 -9999.0 -9999.0 -9999.0 -9999.0 -9999.0 -9999.0 -9999.0 -9999.0 -9999.0