Borden_/Borden1m_014/output_maps/psiliqL0022N0031.asc
ncols         80
nrows         18
xllcorner     620200.000000
yllcorner     5168000.000000
cellsize      1.000000
NODATA_value  -9999.0
-9999.0 -9999.0 -9999.0 -9999.0 -9999.0 -9999.0 -9999.0 -9999.0 -9999.0 -9999.0 -9999.0 -9999.0 -9999.0 -9999.0 -9999.0 -9999.0 -9999.0 -9999.0 -9999.0 -9999.0 -9999.0 -9999.0 -9999.0 -9999.0 -9999.0 -9999.0 -9999.0 -9999.0 -9999.0 -9999.0 -9999.0 -9999.0 -9999.0 -9999.0 -9999.0 -9999.0 -9999.0 -9999.0 -9999.0 -9999.0 -9999.0 -9999.0 -9999.0 -9999.0 -9999.0 -9999.0 -9999.0 -9999.0 -9999.0 -9999.0 -9999.0 -9999.0 -9999.0 -9999.0 -9999.0 -9999.0 -9999.0 -9999.0 -9999.0 -9999.0 -9999.0 -9999.0 -9999.0 -9999.0 -9999.0 -9999.0 -9999.0 -9999.0 -9999.0 -9999.0 -9999.0 -9999.0 -9999.0 -9999.0 -9999.0 -9999.0 -9999.0 -9999.0 -9999.0 -9999.0
-9999.0 -9999.0 -9999.0 -9999.0 -9999.0 -9999.0 -9999.0 -9999.0 -9999.0 -9999.0 -9999.0 -9999.0 -9999.0 -9999.0 -9999.0 -9999.0 -9999.0 -9999.0 -9999.0 -9999.0 -9999.0 -9999.0 -9999.0 -9999.0 -9999.0 -9999.0 -9999.0 -9999.0 -9999.0 -9999.0 -9999.0 -9999.0 -9999.0 -9999.0 -9999.0 -9999.0 -9999.0 -9999.0 -9999.0 -9999.0 -9999.0 -9999.0 -9999.0 -9999.0 -9999.0 -9999.0 -9999.0 -9999.0 -9999.0 -9999.0 -9999.0 -9999.0 -9999.0 -9999.0 -9999.0 -9999.0 -9999.0 -9999.0 -9999.0 -9999.0 -9999.0 -9999.0 -9999.0 -9999.0 -9999.0 -9999.0 -9999.0 -9999.0 -9999.0 -9999.0 -9999.0 -9999.0 -9999.0 -9999.0 -9999.0 -9999.0 -9999.0 -9999.0 -9999.0 -9999.0
-9999.0 -9999.0 -9999.0 -9999.0 -9999.0 -9999.0 -9999.0 -9999.0 -9999.0 -9999.0 -9999.0 -9999.0 -9999.0 -9999.0 -9999.0 -9999.0 -9999.0 -9999.0 -9999.0 -9999.0 2556.836947 2559.186758 2538.753245 2506.519256 2480.363363 2484.486617 2520.220307 2563.309918 2604.416118 2615.073633 2598.680291 2604.069435 2601.245422 2598.821705 2601.009766 2609.761813 2617.294976 2628.343706 2637.179793 2637.156827 2631.883015 2628.211519 2630.873349 2633.163665 2638.700178 2624.372934 2638.202553 2651.850679 2654.151077 2647.746709 2620.117975 2604.126031 2592.666779 2574.015922 2596.970389 2606.116098 2625.857193 2627.647815 2623.636074 2595.595051 2564.705158 -9999.0 -9999.0 -9999.0 -9999.0 -9999.0 -9999.0 -9999.0 -9999.0 -9999.0 -9999.0 -9999.0 -9999.0 -9999.0 -9999.0 -9999.0 -9999.0 -9999.0 -9999.0 -9999.0
-9999.0 -9999.0 -9999.0 -9999.0 -9999.0 -9999.0 -9999.0 -9999.0 -9999.0 -9999.0 -9999.0 -9999.0 -9999.0 -9999.0 2461.882468 2454.077280 2453.033053 2462.644473 2497.268284 2528.811261 2540.730962 2534.602255 2536.080261 2513.631363 2493.670808 2509.043875 2540.900651 2573.578246 2609.618978 2630.382290 2621.698899 2621.348054 2630.903900 2654.513956 2665.367922 2663.124908 2645.496068 2671.432341 2687.138862 2694.728117 2695.109893 2687.257961 2697.984099 2712.623817 2705.084672 2688.120595 2695.703493 2707.485869 2716.014173 2703.009457 2639.136547 2621.733285 2614.938593 2606.992755 2590.758916 2583.945494 2608.912073 2605.372342 2595.320932 2576.069631 2541.634019 2496.038764 2475.518728 2513.403688 2555.145697 2609.599601 -9999.0 -9999.0 -9999.0 -9999.0 -9999.0 -9999.0 -9999.0 -9999.0 -9999.0 -9999.0 -9999.0 -9999.0 -9999.0 -9999.0
-9999.0 -9999.0 -9999.0 -9999.0 -9999.0 -9999.0 -9999.0 -9999.0 -9999.0 2399.037357 2405.600328 2414.440600 2418.986721 2436.226703 2434.391569 2443.203801 2450.420808 2479.845546 2511.860979 2547.701675 2576.376421 2569.892754 2570.600918 2578.452810 2578.141681 2589.877585 2613.371549 2655.467040 2690.695404 2730.517923 2701.413946 2699.750823 2719.664931 2764.228934 2791.380738 2795.634623 2778.176434 2793.775871 2819.530230 2839.333637 2839.002533 2835.775836 2860.826340 2875.533041 2871.034483 2848.873832 2843.562213 2846.568954 2871.773334 2818.029067 2748.934127 2703.533235 2712.178839 2686.355128 2653.581722 2635.270775 2632.217065 2650.253658 2634.414705 2595.929442 2560.040152 2546.342843 2526.753871 2543.815029 2564.234164 2607.472267 2644.633115 2671.272182 2668.307159 2649.346214 -9999.0 -9999.0 -9999.0 -9999.0 -9999.0 -9999.0 -9999.0 -9999.0 -9999.0 -9999.0
-9999.0 -9999.0 -9999.0 -9999.0 -9999.0 -9999.0 2317.381167 2328.937560 2351.355816 2356.211654 2384.294278 2392.328761 2414.491963 2435.029564 2459.131840 2475.849529 2505.383203 2538.988522 2578.331616 2620.192432 2653.325164 2645.929893 2657.073302 2680.916137 2714.131729 2739.216319 2765.867028 2807.528488 2811.554565 2848.091293 2845.150079 2847.487000 2856.698436 2906.946005 2971.075779 2983.080395 2962.928478 2949.638667 2972.030809 3008.632475 3008.768291 3007.994938 2991.119074 3000.904043 3027.446772 3018.045275 3010.345001 3002.701817 3006.926796 2986.179085 2919.720453 2860.523334 2837.960735 2858.780366 2774.285763 2724.386260 2739.072218 2760.199577 2732.557467 2679.534171 2639.348178 2628.746753 2612.738603 2600.155431 2607.317112 2625.366750 2644.898349 2654.083711 2638.471658 2614.823409 2590.654034 2560.589756 2561.513202 2585.610889 -9999.0 -9999.0 -9999.0 -9999.0 -9999.0 -9999.0
-9999.0 -9999.0 -9999.0 -9999.0 2265.215066 2279.506300 2267.420335 2295.462400 2330.196312 2366.573783 2398.092180 2435.089510 2463.211028 2494.595549 2532.851672 2562.283800 2601.163634 2635.940740 2689.247670 2756.504932 2806.982813 2827.490554 2841.793231 2823.008352 2879.963615 2929.035475 2948.758479 2974.761978 2989.279864 3044.602604 3067.311305 3070.874043 3087.789489 3128.304711 3181.368825 3209.910776 3192.738287 3184.286496 3192.929906 3205.974953 3228.088415 3228.210593 3228.921567 3232.356898 3239.058666 3237.941290 3213.177479 3180.516650 3173.631570 3164.147721 3129.373726 3059.294847 3027.497664 3001.152091 2990.615469 2937.469678 2884.587763 2880.243263 2826.138347 2834.869491 2776.573467 2759.221536 2730.583653 2706.584020 2681.400327 2684.509305 2687.663235 2665.280185 2629.669418 2595.137945 2578.736663 2558.561902 2545.598570 2574.971504 2591.339164 2620.216110 -9999.0 -9999.0 -9999.0 -9999.0
-9999.0 -9999.0 2203.134281 2250.708248 2309.577599 2318.883848 2317.375120 2324.424458 2355.056351 2409.021283 2480.362558 2525.340539 2562.903350 2598.815642 2658.890800 2729.638133 2797.833739 2845.156591 2835.182323 2903.998240 2964.112866 2992.558187 3003.518401 3009.365758 3062.021852 3127.755467 3154.664969 3180.163171 3204.039696 3238.313821 3236.051368 3247.647148 3258.792488 3268.469107 3280.580196 3286.103976 3281.773339 3277.292400 3259.131468 3254.462448 3261.049560 3267.978243 3267.810890 3253.554085 3249.614503 3264.181872 3269.640373 3268.032251 3266.212639 3271.671391 3269.689413 3224.616231 3201.207086 3186.978004 3183.075923 3138.273929 3073.355817 3039.568802 3020.063514 3008.908743 2934.932866 2893.030673 2850.352601 2813.008428 2821.779420 2795.947439 2751.239228 2708.988051 2661.150245 2613.238555 2588.297933 2570.236924 2567.107660 2565.461566 2581.153029 2595.150763 2609.684511 2617.031766 -9999.0 -9999.0
-9999.0 2094.763520 2166.836425 2291.383341 2372.098919 2415.113692 2435.561103 2449.735788 2481.227753 2517.287843 2614.038057 2682.528879 2772.628000 2815.636163 2864.875308 2885.704051 2977.858838 2994.455684 3030.181541 3089.909025 3152.408243 3192.397361 3217.850031 3205.921053 3242.647530 3266.299107 3272.427894 3277.978764 3276.412023 3268.050587 3260.933723 3267.827848 3265.241568 3246.683410 3231.195795 3229.662654 3226.392357 3203.706271 3182.582908 3167.779157 3170.076200 3188.168738 3181.342274 3160.654878 3156.381840 3177.256739 3191.623810 3181.317681 3174.530031 3184.773081 3218.474915 3241.645585 3245.460275 3263.247240 3284.180247 3256.327453 3232.986255 3190.936865 3180.742869 3156.010127 3100.628258 3045.857903 2998.554947 2975.613786 2920.395403 2866.774942 2815.488018 2797.873186 2733.054804 2691.375662 2660.717042 2612.644088 2594.375636 2596.939445 2588.216978 2584.646903 2589.245920 2594.961304 -9999.0 -9999.0
-9999.0 2003.742069 2144.342365 2325.684725 2473.412606 2524.364012 2603.776684 2674.075805 2699.312068 2659.181518 2769.026735 2925.871587 3015.736457 3030.304754 3101.987513 3186.057644 3178.635868 3208.013972 3229.516321 3249.135376 3265.028944 3277.111881 3274.839732 3269.057547 3253.029518 3245.137509 3244.463612 3242.507913 3225.630232 3207.133311 3190.666314 3188.071803 3176.986154 3130.592328 3098.221369 3081.749894 3065.001852 3050.714862 3022.780456 2998.553277 3010.806081 2995.634476 2992.279988 3005.280258 3001.052597 2992.301710 3022.605366 3018.461022 3028.146205 3047.348908 3082.806734 3119.746540 3138.497280 3166.959215 3195.584657 3241.206058 3251.696327 3273.670593 3277.170538 3264.227460 3219.600308 3175.869782 3146.887193 3092.714330 3033.284091 2996.785539 2944.499429 2895.795460 2837.329749 2799.850659 2773.789448 2717.439759 2669.053660 2653.466545 2615.376912 2597.751180 -9999.0 -9999.0 -9999.0 -9999.0
-9999.0 1909.266216 2091.879294 2338.257567 2629.846628 2719.328531 2895.658878 2996.588609 3036.434463 3100.727130 3011.386361 3188.198443 3232.500454 3225.433320 3233.658744 3235.558220 3248.934567 3248.773165 3243.748100 3233.079046 3223.962063 3219.753339 3218.548611 3210.728099 3198.313325 3184.015295 3178.529562 3167.575886 3132.258452 3101.062865 3064.052571 3051.990841 3012.021377 2948.523786 2908.551837 2870.821418 2811.841064 2811.738406 2815.660049 2855.802436 2836.735897 2809.061068 2836.033069 2847.066759 2851.420408 2848.835040 2861.935241 2821.999257 2867.669143 2902.578815 2943.114217 2991.082228 2992.774529 3031.178958 3071.366837 3123.070992 3152.981461 3181.423967 3221.986748 3258.457799 3280.686175 3267.957726 3247.589806 3205.235252 3152.021509 3103.092946 3074.348222 3024.658829 2996.490040 2950.345311 2902.863070 2848.943497 2801.354260 2737.063044 2698.282479 -9999.0 -9999.0 -9999.0 -9999.0 -9999.0
-9999.0 1700.833013 1966.131748 2240.051635 2529.732331 2848.635479 2991.374338 3089.888443 3150.356495 3124.972768 3140.417206 3149.229533 3180.431969 3186.402861 3170.140168 3157.904872 3141.961782 3140.900062 3153.813333 3127.239056 3097.975459 3085.135739 3085.835709 3075.047444 3051.862380 3036.887162 3027.554504 3010.857270 2994.404786 2944.439325 2861.457490 2829.511557 2816.439958 2770.984760 2729.372035 2678.859303 2628.334319 2629.979785 2651.740632 2640.243974 2618.675657 2600.724750 2629.221037 2651.085307 2664.839450 2651.043971 2659.641135 2694.615750 2744.508812 2789.604007 2839.011511 2826.075100 2867.249962 2908.907013 2933.614913 2976.281681 2988.959184 3029.675118 3098.540179 3173.970350 3201.726136 3235.019165 3265.294210 3286.454769 3244.513642 3216.949964 3194.131175 3175.361088 3129.647581 3084.803675 3044.457802 2981.981756 2934.701990 -9999.0 -9999.0 -9999.0 -9999.0 -9999.0 -9999.0 -9999.0
-9999.0 1583.899569 1785.820229 1990.330811 2252.670805 2488.655938 2707.868048 2810.614073 2842.487219 2901.132001 2948.728620 2984.787691 2988.750538 3009.329821 2987.082597 2968.991674 2938.312300 2942.905295 2935.562097 2913.578987 2885.337638 2871.671237 2869.009336 2863.413960 2841.227486 2829.724334 2822.592609 2867.081241 2837.815916 2781.357401 2704.064979 2626.939481 2570.002592 2544.493843 2517.536138 2487.050311 2456.683777 2467.530840 2478.300575 2477.363709 2469.264604 2468.170962 2497.077822 2516.086009 2526.197896 2515.906085 2535.573569 2561.351990 2601.886308 2646.575511 2696.047324 2749.928468 2803.875738 2831.516465 2842.379292 2863.059796 2824.256086 2869.862408 2948.576104 3004.803256 3078.682615 3122.948435 3172.272580 3204.369617 3230.665446 3258.504432 3278.259860 3269.254408 3244.509954 3212.250774 3158.286697 -9999.0 -9999.0 -9999.0 -9999.0 -9999.0 -9999.0 -9999.0 -9999.0 -9999.0
-9999.0 -9999.0 1557.654303 1718.668538 1830.023754 1998.807291 2144.934624 2255.103206 2354.770035 2490.789012 2610.341561 2704.813185 2752.043792 2770.708442 2759.022226 2731.906336 2714.232888 2714.201758 2702.928065 2694.639375 2677.667441 2670.453968 2656.502047 2647.815814 2640.563730 2636.929218 2632.243422 2622.699728 2602.503559 2557.204907 2514.176377 2466.108181 2415.249449 2390.845909 2370.066211 2350.382092 2351.706821 2346.359836 2351.192339 2353.338985 2361.818326 2375.347736 2394.986617 2417.848370 2427.986606 2438.353208 2450.738458 2474.339366 2506.990535 2549.240800 2603.663814 2663.282526 2704.144572 2716.966087 2706.150231 2708.947088 2724.593301 2763.555563 2838.293115 2839.389251 2929.109260 2994.748374 3030.788519 3084.945548 3110.565060 3146.023347 3208.177405 3255.525156 3294.116888 3272.127104 -9999.0 -9999.0 -9999.0 -9999.0 -9999.0 -9999.0 -9999.0 -9999.0 -9999.0 -9999.0
-9999.0 -9999.0 -9999.0 -9999.0 1579.234956 1729.179448 1827.016290 1908.497438 2041.701007 2170.037249 2275.816508 2363.066552 2431.019201 2459.502709 2460.278474 2474.067099 2472.429252 2464.567814 2454.042179 2456.474170 2458.762010 2451.693893 2435.656708 2428.613227 2430.866688 2437.015117 2434.248141 2420.453893 2401.696986 2383.474390 2366.874668 2334.173281 2300.168753 2271.535455 2258.650876 2254.206302 2253.840214 2245.998438 2254.216980 2262.423561 2278.004852 2293.115563 2316.670130 2346.002780 2360.622362 2375.808165 2385.482663 2405.575090 2436.358230 2490.121639 2554.257434 2612.826565 2650.821852 2656.036132 2632.357158 2616.444788 2611.364935 2637.268413 2679.148770 2740.898479 2839.943118 2831.730652 2879.927128 2921.678466 2958.060988 2990.183774 3079.431829 3157.469689 -9999.0 -9999.0 -9999.0 -9999.0 -9999.0 -9999.0 -9999.0 -9999.0 -9999.0 -9999.0 -9999.0 -9999.0
-9999.0 -9999.0 -9999.0 -9999.0 -9999.0 -9999.0 1550.331488 1655.004036 1727.646891 1876.204444 2017.245208 2123.883136 2207.506203 2243.117257 2275.519514 2305.478455 2305.675098 2286.326426 2265.506811 2286.033476 2303.047546 2296.629705 2265.162452 2265.733954 2271.636082 2279.247978 2276.430426 2269.930103 2244.761711 2259.099956 2261.725665 2238.618869 2212.916670 2199.652769 2187.849093 2197.436896 2197.376450 2183.058426 2182.400566 2209.797368 2230.509182 2243.431309 2264.725381 2297.982165 2330.647690 2346.547680 2348.154848 2354.036880 2392.696033 2463.041747 2535.864260 2592.659066 2626.528306 2635.536434 2610.243538 2570.598857 2550.668084 2557.299351 2590.474200 2639.864387 2713.285380 2758.896335 2778.671324 2785.130088 2797.981584 2818.112190 -9999.0 -9999.0 -9999.0 -9999.0 -9999.0 -9999.0 -9999.0 -9999.0 -9999.0 -9999.0 -9999.0 -9999.0 -9999.0 -9999.0
-9999.0 -9999.0 -9999.0 -9999.0 -9999.0 -9999.0 -9999.0 -9999.0 -9999.0 -9999.0 -9999.0 -9999.0 -9999.0 -9999.0 -9999.0 -9999.0 -9999.0 -9999.0 -9999.0 -9999.0 -9999.0 -9999.0 -9999.0 -9999.0 -9999.0 -9999.0 -9999.0 -9999.0 -9999.0 -9999.0 -9999.0 -9999.0 -9999.0 -9999.0 -9999.0 -9999.0 -9999.0 -9999.0 -9999.0 -9999.0 -9999.0 -9999.0 -9999.0 -9999.0 -9999.0 -9999.0 -9999.0 -9999.0 -9999.0 -9999.0 -9999.0 -9999.0 -9999.0 -9999.0 -9999.0 -9999.0 -9999.0 -9999.0 -9999.0 -9999.0 -9999.0 -9999.0 -9999.0 -9999.0 -9999.0 -9999.0 -9999.0 -9999.0 -9999.0 -9999.0 -9999.0 -9999.0 -9999.0 -9999.0 -9999.0 -9999.0 -9999.0 -9999.0 -9999.0 -9999.0
-9999.0 -9999.0 -9999.0 -9999.0 -9999.0 -9999.0 -9999.0 -9999.0 -9999.0 -9999.0 -9999.0 -9999.0 -9999.0 -9999.0 -9999.0 -9999.0 -9999.0 -9999.0 -9999.0 -9999.0 -9999.0 -9999.0 -9999.0 -9999.0 -9999.0 -9999.0 -9999.0 -9999.0 -9999.0 -9999.0 -9999.0 -9999.0 -9999.0 -9999.0 -9999.0 -9999.0 -9999.0 -9999.0 -9999.0 -9999.0 -9999.0 -9999.0 -9999.0 -9999.0 -9999.0 -9999.0 -9999.0 -9999.0 -9999.0 -9999.0 -9999.0 -9999.0 -9999.0 -9999.0 -9999.0 -9999.0 -9999.0 -9999.0 -9999.0 -9999.0 -9999.0 -9999.0 -9999.0 -9999.0 -9999.0 -9999.0 -9999.0 -9999.0 -9999.0 -9999.0 -9999.0 -9999.0 -9999.0 -9999.0 -9999.0 -9999.0 -9999.0 -9999.0 -9999.0 -9999.0