Borden_/Borden1m_014/output_maps/psiliqL0022N0008.asc
ncols         80
nrows         18
xllcorner     620200.000000
yllcorner     5168000.000000
cellsize      1.000000
NODATA_value  -9999.0
-9999.0 -9999.0 -9999.0 -9999.0 -9999.0 -9999.0 -9999.0 -9999.0 -9999.0 -9999.0 -9999.0 -9999.0 -9999.0 -9999.0 -9999.0 -9999.0 -9999.0 -9999.0 -9999.0 -9999.0 -9999.0 -9999.0 -9999.0 -9999.0 -9999.0 -9999.0 -9999.0 -9999.0 -9999.0 -9999.0 -9999.0 -9999.0 -9999.0 -9999.0 -9999.0 -9999.0 -9999.0 -9999.0 -9999.0 -9999.0 -9999.0 -9999.0 -9999.0 -9999.0 -9999.0 -9999.0 -9999.0 -9999.0 -9999.0 -9999.0 -9999.0 -9999.0 -9999.0 -9999.0 -9999.0 -9999.0 -9999.0 -9999.0 -9999.0 -9999.0 -9999.0 -9999.0 -9999.0 -9999.0 -9999.0 -9999.0 -9999.0 -9999.0 -9999.0 -9999.0 -9999.0 -9999.0 -9999.0 -9999.0 -9999.0 -9999.0 -9999.0 -9999.0 -9999.0 -9999.0
-9999.0 -9999.0 -9999.0 -9999.0 -9999.0 -9999.0 -9999.0 -9999.0 -9999.0 -9999.0 -9999.0 -9999.0 -9999.0 -9999.0 -9999.0 -9999.0 -9999.0 -9999.0 -9999.0 -9999.0 -9999.0 -9999.0 -9999.0 -9999.0 -9999.0 -9999.0 -9999.0 -9999.0 -9999.0 -9999.0 -9999.0 -9999.0 -9999.0 -9999.0 -9999.0 -9999.0 -9999.0 -9999.0 -9999.0 -9999.0 -9999.0 -9999.0 -9999.0 -9999.0 -9999.0 -9999.0 -9999.0 -9999.0 -9999.0 -9999.0 -9999.0 -9999.0 -9999.0 -9999.0 -9999.0 -9999.0 -9999.0 -9999.0 -9999.0 -9999.0 -9999.0 -9999.0 -9999.0 -9999.0 -9999.0 -9999.0 -9999.0 -9999.0 -9999.0 -9999.0 -9999.0 -9999.0 -9999.0 -9999.0 -9999.0 -9999.0 -9999.0 -9999.0 -9999.0 -9999.0
-9999.0 -9999.0 -9999.0 -9999.0 -9999.0 -9999.0 -9999.0 -9999.0 -9999.0 -9999.0 -9999.0 -9999.0 -9999.0 -9999.0 -9999.0 -9999.0 -9999.0 -9999.0 -9999.0 -9999.0 2548.397218 2550.597028 2529.859830 2497.245596 2470.733994 2474.557726 2509.960353 2552.524268 2592.848347 2602.647543 2585.643760 2590.982754 2588.873094 2587.968945 2592.112321 2602.751725 2611.810929 2623.465493 2632.352278 2631.862012 2625.820365 2621.338699 2623.373559 2625.470679 2631.380079 2617.927038 2632.787245 2647.320311 2649.656908 2642.565979 2613.884621 2597.192621 2585.472518 2566.930722 2590.081139 2599.321340 2619.064884 2620.874840 2616.962076 2589.016516 2558.178342 -9999.0 -9999.0 -9999.0 -9999.0 -9999.0 -9999.0 -9999.0 -9999.0 -9999.0 -9999.0 -9999.0 -9999.0 -9999.0 -9999.0 -9999.0 -9999.0 -9999.0 -9999.0 -9999.0
-9999.0 -9999.0 -9999.0 -9999.0 -9999.0 -9999.0 -9999.0 -9999.0 -9999.0 -9999.0 -9999.0 -9999.0 -9999.0 -9999.0 2454.487822 2446.340069 2444.847705 2454.041323 2488.387833 2519.861267 2531.908318 2525.664282 2526.809795 2503.948568 2483.682022 2498.919588 2530.657602 2562.894001 2598.024391 2617.704822 2608.238249 2607.847868 2618.372899 2644.463790 2658.431026 2658.996817 2643.079607 2670.379184 2686.135609 2692.917594 2692.066142 2682.962631 2692.650816 2706.929291 2699.853910 2684.163814 2693.414719 2706.237276 2714.637964 2700.335649 2634.349252 2615.708944 2608.457963 2600.644813 2584.580617 2577.720465 2602.419049 2598.656641 2588.616758 2569.464426 2535.044915 2489.367058 2468.857292 2506.886008 2548.871046 2603.656651 -9999.0 -9999.0 -9999.0 -9999.0 -9999.0 -9999.0 -9999.0 -9999.0 -9999.0 -9999.0 -9999.0 -9999.0 -9999.0 -9999.0
-9999.0 -9999.0 -9999.0 -9999.0 -9999.0 -9999.0 -9999.0 -9999.0 -9999.0 2394.210997 2400.447393 2408.738278 2412.581902 2429.090963 2426.662513 2434.912611 2441.596752 2470.589486 2502.389774 2538.288207 2567.176671 2560.665564 2560.974404 2568.325297 2567.829937 2579.844527 2603.813064 2646.080242 2679.953876 2718.131469 2687.786003 2686.084140 2707.777949 2756.233825 2788.524361 2797.303999 2782.966177 2800.144105 2825.878393 2844.389982 2842.148698 2837.045707 2860.142201 2874.246656 2870.344142 2850.056250 2847.749990 2852.273510 2877.095141 2820.909574 2748.239759 2700.238592 2708.051834 2682.766424 2650.078568 2630.774437 2626.770806 2644.197602 2628.192096 2589.674181 2553.684147 2539.759248 2520.042584 2537.169104 2557.846495 2601.613527 2639.466896 2666.857604 2664.558457 2646.023549 -9999.0 -9999.0 -9999.0 -9999.0 -9999.0 -9999.0 -9999.0 -9999.0 -9999.0 -9999.0
-9999.0 -9999.0 -9999.0 -9999.0 -9999.0 -9999.0 2313.452688 2324.802821 2346.901995 2351.366603 2378.971007 2386.380875 2407.697137 2427.322167 2450.570818 2466.556624 2495.511729 2528.737451 2568.096605 2610.451235 2644.518412 2637.380060 2648.207659 2671.151724 2704.429600 2730.719800 2759.206150 2802.091527 2789.865991 2826.024357 2822.173206 2823.648451 2831.985518 2881.380959 2944.880507 2956.788371 2936.440526 2922.976417 2945.195944 2981.574396 2981.423383 2980.552618 2984.434698 2994.531586 3021.080127 3011.381825 2983.406854 2975.867590 2980.154790 2959.974640 2894.469172 2836.575999 2814.925634 2860.597521 2776.239589 2724.462008 2736.650754 2756.281055 2728.185171 2675.241870 2634.198420 2622.862536 2606.331388 2593.569457 2600.930021 2619.596955 2639.936022 2650.023117 2635.206758 2612.142328 2588.530208 2558.581579 2559.492157 2583.555289 -9999.0 -9999.0 -9999.0 -9999.0 -9999.0 -9999.0
-9999.0 -9999.0 -9999.0 -9999.0 2261.796121 2275.901318 2263.551965 2291.311729 2325.698356 2361.662072 2392.653138 2428.883082 2455.983904 2486.219901 2523.398601 2552.044415 2590.486985 2625.085729 2678.857936 2747.802587 2800.625777 2822.378420 2836.494366 2800.092121 2856.199948 2903.955277 2922.600554 2947.919364 2983.311134 3038.795816 3061.361504 3064.796844 3081.575558 3121.939816 3174.917810 3208.691281 3191.580797 3183.121167 3191.752242 3204.784602 3226.890197 3227.007790 3228.063258 3231.499172 3238.198781 3237.077803 3211.969210 3179.238802 3166.938314 3157.530023 3122.943237 3053.095978 3021.542605 2994.505979 2964.232077 2911.911228 2860.298487 2857.412881 2804.252412 2835.503281 2775.363299 2756.068761 2725.998212 2701.224321 2676.166344 2679.751883 2683.766165 2662.485935 2627.759856 2593.679456 2577.410921 2557.059828 2543.845460 2573.030438 2589.356158 2618.258445 -9999.0 -9999.0 -9999.0 -9999.0
-9999.0 -9999.0 2200.284187 2247.671933 2306.264754 2315.336801 2313.603621 2320.400341 2350.729904 2404.385430 2475.306703 2519.539751 2555.963321 2590.567078 2649.369615 2719.417544 2787.826826 2835.386414 2812.716247 2880.299379 2938.944120 2966.438950 2976.408661 3003.171159 3055.869653 3121.340393 3148.032447 3173.410555 3203.095046 3237.435849 3235.166395 3246.758306 3257.899794 3267.571930 3279.679437 3285.275179 3280.945154 3276.463036 3258.222218 3253.553033 3260.139191 3267.146708 3266.903395 3252.641921 3248.699534 3263.266185 3268.798229 3267.187224 3265.210447 3270.755195 3268.782956 3223.720959 3200.323850 3186.026144 3176.328412 3131.668410 3066.991442 3033.464590 3013.785894 2982.486809 2909.788406 2869.596156 2828.836444 2792.598031 2820.315613 2794.520917 2750.430490 2709.724154 2662.661920 2614.733023 2588.948864 2569.976126 2566.017264 2563.740869 2579.193480 2593.212255 2607.900386 2615.356683 -9999.0 -9999.0
-9999.0 2092.047019 2163.998049 2288.354015 2368.887471 2411.855800 2432.343183 2446.481310 2477.896410 2514.067128 2610.820462 2679.208253 2768.132120 2809.673363 2857.722748 2862.666530 2953.593470 2988.244450 3024.446308 3083.832384 3146.091221 3191.171769 3216.653831 3205.044917 3241.750084 3265.379240 3271.490765 3277.030135 3275.536852 3267.175893 3260.064224 3266.967004 3264.314567 3245.769332 3230.297144 3228.778495 3225.519210 3202.761878 3176.079822 3161.261369 3163.306071 3187.158867 3174.923854 3153.845028 3149.543301 3170.758968 3190.674252 3180.358538 3167.824327 3183.788792 3217.559645 3240.717345 3244.523305 3262.303957 3283.242114 3255.397108 3232.066314 3189.951246 3174.048324 3149.134515 3094.034563 3039.496756 2992.318517 2950.558197 2897.141310 2846.014393 2797.539377 2806.254487 2741.581408 2698.852155 2666.594577 2615.627962 2594.675326 2595.722960 2586.286147 2582.630610 2587.433335 2593.275137 -9999.0 -9999.0
-9999.0 2000.967197 2141.460737 2322.685441 2470.487815 2521.873054 2601.896964 2672.999662 2698.648238 2658.976445 2770.292964 2905.675991 3010.356995 3024.681994 3095.993464 3184.987083 3177.570847 3207.204192 3228.680757 3248.270162 3264.139676 3276.276993 3273.991630 3268.199207 3252.160119 3244.259523 3243.501465 3241.549155 3224.680103 3206.200054 3189.755595 3187.110506 3170.536569 3123.992900 3091.863796 3075.625741 3059.078212 3044.930365 3016.960633 2991.901900 2984.763692 2989.238894 2985.751064 2978.998845 2974.606589 2985.621130 3016.288123 3012.584582 3021.954150 3041.036479 3076.234667 3112.903424 3131.751884 3160.084097 3194.576985 3240.262510 3250.739949 3272.703091 3276.204637 3263.265588 3218.569602 3168.911893 3140.152697 3086.079986 3026.798665 2972.178863 2923.115829 2877.781085 2822.495653 2787.212398 2788.792934 2726.144236 2672.515945 2653.248187 2613.623834 2595.622227 -9999.0 -9999.0 -9999.0 -9999.0
-9999.0 1906.380644 2088.912233 2335.293910 2627.514142 2718.427322 2883.993223 2993.015612 3032.299630 3095.954318 3006.217608 3187.178945 3231.786073 3224.676999 3232.797649 3234.736311 3248.093599 3247.917970 3242.879923 3232.201424 3223.078311 3218.865935 3217.658106 3209.835010 3197.418635 3183.041506 3171.866252 3160.975646 3125.531538 3094.599921 3057.899268 3046.141285 3005.483476 2923.058123 2884.060964 2847.624977 2789.868124 2790.782168 2794.958060 2863.757136 2847.354182 2820.336545 2848.104026 2860.207596 2864.013439 2859.233006 2870.503595 2800.073980 2844.965703 2878.320140 2917.159604 2964.244526 2986.399647 3024.798541 3064.780299 3116.180319 3146.155862 3174.426270 3220.948428 3257.482414 3279.780488 3266.968092 3246.615833 3204.215938 3145.408707 3096.716197 3068.832201 3019.883792 2981.245762 2936.877412 2890.249552 2837.201512 2809.393408 2738.185053 2696.852437 -9999.0 -9999.0 -9999.0 -9999.0 -9999.0
-9999.0 1697.804448 1962.995668 2236.960278 2527.259501 2839.649832 2988.278628 3086.110423 3146.282215 3120.371850 3135.378059 3143.878710 3179.650637 3185.583570 3164.305723 3151.638081 3135.643541 3134.558247 3147.480228 3120.949480 3091.757094 3078.996079 3079.768717 3069.048987 3045.936333 3031.037738 3021.676803 3004.267586 2969.069263 2920.201158 2838.770059 2807.818347 2813.225969 2765.707925 2722.227464 2671.225253 2621.769027 2625.236587 2649.775342 2641.034191 2621.146659 2604.172760 2633.264281 2655.747120 2669.036907 2653.954091 2660.875775 2693.488879 2741.624422 2785.519020 2834.765797 2803.918808 2844.475699 2884.409827 2907.404183 2948.650163 2982.489495 3023.121057 3091.670991 3167.136311 3200.698132 3234.042043 3264.307729 3285.562156 3243.578954 3216.092595 3193.354429 3171.305085 3126.375503 3081.785090 3041.333006 2978.880631 2921.436873 -9999.0 -9999.0 -9999.0 -9999.0 -9999.0 -9999.0 -9999.0
-9999.0 1580.730268 1782.385353 1986.666406 2248.961074 2485.115451 2704.485172 2808.154821 2825.067021 2882.081692 2928.250378 2963.376529 2983.242389 3003.882109 2981.074131 2944.063108 2912.908267 2917.371353 2910.161001 2888.578065 2860.936997 2847.943308 2845.877895 2840.923826 2819.389368 2808.539748 2801.558684 2869.296682 2839.632799 2780.767812 2700.893814 2621.727776 2563.805727 2537.321245 2509.692572 2479.222035 2449.649174 2461.800304 2474.123264 2474.877596 2467.975897 2467.623467 2496.867319 2515.684735 2525.346896 2514.208901 2532.712565 2557.086439 2596.269469 2639.696431 2688.332741 2741.563346 2795.282388 2823.056176 2834.766295 2857.127260 2800.275576 2844.342949 2921.025246 2998.178610 3071.966234 3115.795487 3165.275768 3203.349281 3229.750904 3257.670699 3277.654583 3268.873182 3244.461027 3212.077272 3155.592391 -9999.0 -9999.0 -9999.0 -9999.0 -9999.0 -9999.0 -9999.0 -9999.0 -9999.0
-9999.0 -9999.0 1553.872451 1714.508654 1825.181708 1993.461432 2139.165623 2249.694533 2351.216752 2491.173416 2614.801092 2712.920902 2760.337695 2778.033046 2764.120261 2733.686894 2711.210184 2706.886934 2692.647849 2682.738653 2665.329211 2658.554231 2645.619337 2638.219993 2632.516220 2630.447041 2627.110980 2618.711040 2598.547651 2552.436051 2508.434300 2459.667048 2408.316420 2383.617884 2362.740680 2343.285738 2345.195343 2340.688909 2346.476843 2349.562360 2358.776328 2372.781546 2392.634831 2415.474143 2425.281862 2435.040448 2446.578817 2469.149900 2500.673440 2541.776937 2595.248074 2653.989626 2694.179640 2706.601879 2695.838605 2699.194860 2715.433579 2755.641641 2832.321828 2813.747047 2901.380156 2965.666514 3023.789100 3078.161833 3103.812099 3140.112383 3207.508608 3255.340398 3294.704182 3272.481831 -9999.0 -9999.0 -9999.0 -9999.0 -9999.0 -9999.0 -9999.0 -9999.0 -9999.0 -9999.0
-9999.0 -9999.0 -9999.0 -9999.0 1573.716581 1723.261110 1820.654536 1902.247646 2036.396248 2166.614885 2274.673367 2363.283813 2431.615010 2459.690612 2458.958218 2470.376167 2465.776388 2455.195094 2442.701987 2444.034454 2446.020460 2439.282401 2424.059804 2418.015454 2421.438025 2428.763078 2427.020342 2413.968936 2395.500622 2377.177191 2360.340868 2327.457146 2293.360728 2264.732258 2251.974265 2247.824534 2247.927609 2240.679698 2249.539913 2258.361642 2274.431085 2289.857079 2313.533919 2342.773811 2357.124563 2371.854752 2380.903784 2400.246799 2430.115536 2482.912723 2546.130705 2603.887931 2641.036124 2645.589838 2621.444504 2605.384812 2600.300983 2626.437622 2669.217533 2732.321596 2834.174844 2804.745760 2851.956256 2892.521663 2929.068596 2983.844308 3074.564339 3153.747934 -9999.0 -9999.0 -9999.0 -9999.0 -9999.0 -9999.0 -9999.0 -9999.0 -9999.0 -9999.0 -9999.0 -9999.0
-9999.0 -9999.0 -9999.0 -9999.0 -9999.0 -9999.0 1543.701339 1648.490211 1721.687487 1871.345751 2013.646646 2121.263056 2205.143175 2240.237244 2271.458377 2299.626560 2297.687753 2276.350284 2254.053589 2273.746699 2290.539590 2284.398737 2253.575224 2255.008948 2261.895383 2270.493619 2268.546281 2262.703365 2237.912674 2252.389171 2255.039734 2231.956074 2206.321783 2193.184033 2181.586221 2191.483139 2191.830627 2177.985515 2177.813934 2205.705032 2226.794358 2239.954033 2261.331424 2294.508151 2326.938151 2342.445009 2343.511816 2348.734104 2386.646079 2456.113258 2528.074434 2584.084152 2617.138667 2625.408971 2599.438625 2559.401256 2539.164112 2545.623676 2578.885326 2628.934438 2704.365318 2753.137432 2778.032290 2792.008521 2813.827583 2790.680187 -9999.0 -9999.0 -9999.0 -9999.0 -9999.0 -9999.0 -9999.0 -9999.0 -9999.0 -9999.0 -9999.0 -9999.0 -9999.0 -9999.0
-9999.0 -9999.0 -9999.0 -9999.0 -9999.0 -9999.0 -9999.0 -9999.0 -9999.0 -9999.0 -9999.0 -9999.0 -9999.0 -9999.0 -9999.0 -9999.0 -9999.0 -9999.0 -9999.0 -9999.0 -9999.0 -9999.0 -9999.0 -9999.0 -9999.0 -9999.0 -9999.0 -9999.0 -9999.0 -9999.0 -9999.0 -9999.0 -9999.0 -9999.0 -9999.0 -9999.0 -9999.0 -9999.0 -9999.0 -9999.0 -9999.0 -9999.0 -9999.0 -9999.0 -9999.0 -9999.0 -9999.0 -9999.0 -9999.0 -9999.0 -9999.0 -9999.0 -9999.0 -9999.0 -9999.0 -9999.0 -9999.0 -9999.0 -9999.0 -9999.0 -9999.0 -9999.0 -9999.0 -9999.0 -9999.0 -9999.0 -9999.0 -9999.0 -9999.0 -9999.0 -9999.0 -9999.0 -9999.0 -9999.0 -9999.0 -9999.0 -9999.0 -9999.0 -9999.0 -9999.0
-9999.0 -9999.0 -9999.0 -9999.0 -9999.0 -9999.0 -9999.0 -9999.0 -9999.0 -9999.0 -9999.0 -9999.0 -9999.0 -9999.0 -9999.0 -9999.0 -9999.0 -9999.0 -9999.0 -9999.0 -9999.0 -9999.0 -9999.0 -9999.0 -9999.0 -9999.0 -9999.0 -9999.0 -9999.0 -9999.0 -9999.0 -9999.0 -9999.0 -9999.0 -9999.0 -9999.0 -9999.0 -9999.0 -9999.0 -9999.0 -9999.0 -9999.0 -9999.0 -9999.0 -9999.0 -9999.0 -9999.0 -9999.0 -9999.0 -9999.0 -9999.0 -9999.0 -9999.0 -9999.0 -9999.0 -9999.0 -9999.0 -9999.0 -9999.0 -9999.0 -9999.0 -9999.0 -9999.0 -9999.0 -9999.0 -9999.0 -9999.0 -9999.0 -9999.0 -9999.0 -9999.0 -9999.0 -9999.0 -9999.0 -9999.0 -9999.0 -9999.0 -9999.0 -9999.0 -9999.0