Borden_/Borden1m_014/output_maps/psiliqL0024N0030.asc
ncols         80
nrows         18
xllcorner     620200.000000
yllcorner     5168000.000000
cellsize      1.000000
NODATA_value  -9999.0
-9999.0 -9999.0 -9999.0 -9999.0 -9999.0 -9999.0 -9999.0 -9999.0 -9999.0 -9999.0 -9999.0 -9999.0 -9999.0 -9999.0 -9999.0 -9999.0 -9999.0 -9999.0 -9999.0 -9999.0 -9999.0 -9999.0 -9999.0 -9999.0 -9999.0 -9999.0 -9999.0 -9999.0 -9999.0 -9999.0 -9999.0 -9999.0 -9999.0 -9999.0 -9999.0 -9999.0 -9999.0 -9999.0 -9999.0 -9999.0 -9999.0 -9999.0 -9999.0 -9999.0 -9999.0 -9999.0 -9999.0 -9999.0 -9999.0 -9999.0 -9999.0 -9999.0 -9999.0 -9999.0 -9999.0 -9999.0 -9999.0 -9999.0 -9999.0 -9999.0 -9999.0 -9999.0 -9999.0 -9999.0 -9999.0 -9999.0 -9999.0 -9999.0 -9999.0 -9999.0 -9999.0 -9999.0 -9999.0 -9999.0 -9999.0 -9999.0 -9999.0 -9999.0 -9999.0 -9999.0
-9999.0 -9999.0 -9999.0 -9999.0 -9999.0 -9999.0 -9999.0 -9999.0 -9999.0 -9999.0 -9999.0 -9999.0 -9999.0 -9999.0 -9999.0 -9999.0 -9999.0 -9999.0 -9999.0 -9999.0 -9999.0 -9999.0 -9999.0 -9999.0 -9999.0 -9999.0 -9999.0 -9999.0 -9999.0 -9999.0 -9999.0 -9999.0 -9999.0 -9999.0 -9999.0 -9999.0 -9999.0 -9999.0 -9999.0 -9999.0 -9999.0 -9999.0 -9999.0 -9999.0 -9999.0 -9999.0 -9999.0 -9999.0 -9999.0 -9999.0 -9999.0 -9999.0 -9999.0 -9999.0 -9999.0 -9999.0 -9999.0 -9999.0 -9999.0 -9999.0 -9999.0 -9999.0 -9999.0 -9999.0 -9999.0 -9999.0 -9999.0 -9999.0 -9999.0 -9999.0 -9999.0 -9999.0 -9999.0 -9999.0 -9999.0 -9999.0 -9999.0 -9999.0 -9999.0 -9999.0
-9999.0 -9999.0 -9999.0 -9999.0 -9999.0 -9999.0 -9999.0 -9999.0 -9999.0 -9999.0 -9999.0 -9999.0 -9999.0 -9999.0 -9999.0 -9999.0 -9999.0 -9999.0 -9999.0 -9999.0 2932.438695 2933.800536 2912.286553 2878.534540 2850.652987 2852.837697 2886.259958 2927.132563 2966.044477 2974.061162 2955.458738 2959.350208 2955.161981 2951.167314 2951.922348 2959.730399 2966.425104 2976.161677 2983.352804 2981.389892 2974.303887 2969.328797 2971.535687 2973.327710 2979.402967 2965.465699 2980.944873 2982.675397 2987.450418 2984.756122 2973.367220 2960.583199 2951.997578 2936.008927 2961.831249 2973.151627 2988.003475 2992.684815 2991.085036 2970.935431 2940.903390 -9999.0 -9999.0 -9999.0 -9999.0 -9999.0 -9999.0 -9999.0 -9999.0 -9999.0 -9999.0 -9999.0 -9999.0 -9999.0 -9999.0 -9999.0 -9999.0 -9999.0 -9999.0 -9999.0
-9999.0 -9999.0 -9999.0 -9999.0 -9999.0 -9999.0 -9999.0 -9999.0 -9999.0 -9999.0 -9999.0 -9999.0 -9999.0 -9999.0 2841.446481 2832.708587 2830.050104 2837.709558 2870.498684 2900.820510 2912.502854 2905.185623 2905.187806 2880.849623 2858.598206 2871.629058 2901.176729 2931.479067 2964.941850 2982.761110 2971.908529 2969.628297 2977.106052 2983.560474 2991.759841 2988.244651 2985.563571 2994.124230 3007.199411 3011.859688 3009.797572 2999.961683 3009.082566 3023.148665 3016.117700 3000.794725 3011.143675 3025.736022 3036.965056 3028.612297 2984.572653 2971.303805 2967.662615 2963.012845 2949.671253 2945.582660 2973.280473 2972.360932 2964.784430 2947.585560 2914.446853 2869.486361 2850.621034 2890.835024 2934.410432 2985.701184 -9999.0 -9999.0 -9999.0 -9999.0 -9999.0 -9999.0 -9999.0 -9999.0 -9999.0 -9999.0 -9999.0 -9999.0 -9999.0 -9999.0
-9999.0 -9999.0 -9999.0 -9999.0 -9999.0 -9999.0 -9999.0 -9999.0 -9999.0 2798.794058 2789.456405 2796.434141 2798.816574 2814.138844 2811.055967 2818.092838 2822.690547 2849.972324 2879.703511 2913.410606 2940.302205 2931.504936 2930.164522 2935.008350 2930.921825 2939.507446 2960.030423 2983.388324 3014.683110 3049.876576 3016.569816 3011.665886 3029.001562 3070.451124 3094.431566 3096.789759 3078.330155 3093.528507 3116.853709 3132.946576 3129.461540 3123.664766 3149.051830 3163.869960 3158.772443 3137.772808 3135.451981 3142.313592 3171.242980 3121.166363 3056.310295 3017.191741 3032.198002 3010.850625 2984.334290 2985.748475 2985.867403 2994.761180 2983.215824 2959.094866 2925.877205 2914.281415 2897.305723 2917.638953 2940.670625 2981.159459 3021.190338 3051.205220 3051.063133 3034.052978 -9999.0 -9999.0 -9999.0 -9999.0 -9999.0 -9999.0 -9999.0 -9999.0 -9999.0 -9999.0
-9999.0 -9999.0 -9999.0 -9999.0 -9999.0 -9999.0 2717.121181 2728.899143 2751.468766 2756.003875 2784.452636 2791.729461 2789.943096 2807.300313 2829.013109 2842.385541 2868.121670 2898.403069 2934.619522 2972.812229 2988.958417 2990.520852 2982.598163 3002.375870 3029.890140 3049.407986 3071.537505 3108.384367 3176.672275 3212.562734 3206.439440 3207.326071 3215.442081 3265.165626 3328.735282 3340.035692 3319.508005 3306.227245 3329.093353 3365.885602 3364.615406 3363.466808 3375.415584 3385.904006 3412.586974 3402.241598 3366.930161 3360.765226 3366.527262 3345.151695 3278.074939 3220.964830 3201.279642 3158.733318 3076.974111 3033.668479 3055.622322 3082.659868 3060.843997 3012.150123 2991.739194 2985.517868 2973.684874 2965.698070 2977.158086 2992.182247 3016.489952 3030.566974 3019.079172 2998.749926 2980.499255 2952.098775 2954.408689 2979.260158 -9999.0 -9999.0 -9999.0 -9999.0 -9999.0 -9999.0
-9999.0 -9999.0 -9999.0 -9999.0 2664.909992 2679.265331 2666.817502 2695.171327 2729.918407 2766.295936 2796.546697 2805.775850 2829.063495 2856.233856 2889.966515 2913.657004 2947.030028 2977.232360 3010.782483 3071.599731 3115.628034 3129.663808 3137.911588 3185.443975 3241.275038 3288.272630 3306.640240 3331.962267 3375.858843 3431.802516 3454.130622 3457.165183 3474.006335 3515.961860 3570.746715 3605.369461 3587.962588 3579.189877 3588.629842 3602.364700 3624.489870 3624.579181 3625.672881 3629.500170 3636.733325 3635.254592 3609.322009 3576.211277 3563.440107 3553.652700 3517.164097 3446.129314 3415.400539 3387.327077 3347.462805 3294.441899 3245.617907 3245.340380 3191.732257 3140.903751 3090.592621 3081.661393 3060.944554 3044.707915 3026.778776 3038.350198 3049.865729 3034.813019 3005.299512 2980.751675 2967.270390 2949.207191 2937.675928 2968.413742 2984.222228 3013.916981 -9999.0 -9999.0 -9999.0 -9999.0
-9999.0 -9999.0 2602.665221 2649.722986 2708.723534 2717.571412 2714.918151 2721.586092 2752.007945 2805.397543 2842.879813 2880.690825 2911.287186 2941.867717 2979.729605 3042.347793 3102.325610 3144.216825 3197.844309 3265.942500 3324.422526 3351.237392 3360.288240 3394.752971 3448.476095 3515.910146 3543.319446 3569.282099 3600.252785 3635.766483 3630.264750 3641.352749 3653.200628 3664.581585 3678.270568 3684.714569 3680.082978 3675.533366 3657.112478 3652.161278 3658.691142 3666.261327 3665.598695 3651.107304 3647.148558 3661.954778 3667.876269 3666.003465 3663.551447 3668.736357 3665.354810 3618.456222 3598.289472 3583.477406 3572.544584 3527.062626 3461.285384 3428.460695 3407.820552 3368.300190 3295.625417 3257.419960 3217.940711 3183.001689 3147.740387 3133.404994 3100.290668 3067.923093 3029.071674 2988.409367 2974.158333 2958.930694 2957.908786 2957.941112 2975.173458 2988.944809 3004.874537 3012.954520 -9999.0 -9999.0
-9999.0 2493.072022 2564.849469 2688.696567 2768.891964 2795.459347 2807.321307 2813.186249 2838.826180 2870.388087 2958.465548 2999.726640 3081.664692 3117.460112 3157.922495 3244.060062 3336.401668 3378.215112 3415.850584 3477.485922 3541.575595 3587.840707 3613.769796 3596.996407 3635.213562 3662.114168 3669.304405 3675.637748 3674.961793 3666.518307 3659.744770 3666.518898 3663.690793 3644.783028 3628.966900 3627.314994 3623.973826 3600.897595 3573.613020 3558.428902 3560.101866 3584.706236 3571.850025 3550.600454 3546.232613 3567.702252 3588.559665 3578.030556 3565.025005 3581.461543 3615.701509 3639.828999 3642.181723 3660.373738 3681.408802 3652.907256 3630.663416 3587.586242 3570.995856 3545.810237 3489.760408 3435.107287 3387.487324 3339.560913 3287.222973 3237.813562 3190.343339 3145.402539 3091.844794 3058.926995 3034.454658 2991.261228 2982.196839 2984.122173 2981.241449 2979.269427 2984.210115 2990.806285 -9999.0 -9999.0
-9999.0 2399.153896 2539.059506 2719.188453 2852.770801 2895.440933 2962.458872 3011.189149 3025.091144 2986.948887 3072.174004 3283.113006 3399.036701 3414.934604 3488.369519 3580.678463 3567.930030 3598.460635 3620.841364 3643.726091 3662.180217 3675.467265 3673.479309 3668.017789 3651.731760 3643.773863 3642.948981 3640.910828 3623.749533 3605.006897 3588.364586 3585.440958 3567.985638 3519.878572 3487.177707 3470.287212 3452.442889 3438.698665 3411.142215 3385.548958 3370.183100 3381.060814 3378.499484 3365.007014 3360.577500 3378.553112 3409.324566 3406.606458 3417.249624 3436.602552 3471.914424 3509.357965 3528.414286 3557.141494 3592.362358 3639.263571 3648.829458 3671.041852 3674.240668 3662.624132 3616.945347 3566.155444 3537.083335 3482.371479 3422.989814 3361.913707 3313.532802 3269.120501 3214.428120 3180.259673 3142.526426 3089.035860 3045.271426 3036.092013 3002.427600 2988.755297 -9999.0 -9999.0 -9999.0 -9999.0
-9999.0 2300.430882 2481.391952 2724.262757 2999.645485 3074.076144 3270.764758 3382.962768 3421.718567 3487.286095 3381.778103 3576.152611 3625.063715 3619.062485 3631.183102 3633.780122 3647.621370 3647.201363 3642.142675 3631.288070 3621.922123 3617.521936 3616.392043 3608.521796 3595.996270 3581.493191 3569.786990 3558.617649 3522.549253 3491.102526 3453.087011 3440.962030 3398.204703 3308.004097 3269.467444 3232.149676 3173.146721 3175.045785 3180.906395 3160.152480 3141.074153 3114.343016 3142.658531 3152.226788 3155.995226 3152.450871 3162.830274 3186.800782 3233.096098 3266.753007 3305.344200 3352.600448 3381.964377 3420.684402 3460.498437 3512.306462 3542.867385 3571.426623 3619.321726 3656.097466 3678.615207 3665.161830 3645.740069 3602.157463 3542.501261 3493.522679 3465.131788 3415.466166 3372.653620 3329.165779 3282.988700 3230.503934 3170.765532 3115.434417 3081.130943 -9999.0 -9999.0 -9999.0 -9999.0 -9999.0
-9999.0 2084.103287 2348.615742 2618.616084 2886.883310 3216.922610 3377.675498 3473.375651 3535.048581 3513.622300 3532.862449 3540.237096 3576.775688 3583.384809 3561.923400 3548.646898 3531.818211 3530.729922 3543.722761 3516.778388 3487.047064 3473.990307 3474.831899 3464.129834 3440.651605 3425.778201 3416.475177 3398.484134 3356.193574 3306.996867 3224.622777 3192.298167 3118.617340 3078.518631 3041.920773 2995.786630 2965.559424 2970.162165 2980.620118 2984.196511 2963.604413 2946.529124 2975.407714 2982.858134 2995.619002 2980.015000 2986.694290 3020.582422 3066.609739 3106.400870 3149.912145 3194.390267 3235.317837 3274.443207 3295.961817 3335.795962 3376.832618 3417.853377 3487.106779 3563.994469 3598.884259 3632.864144 3662.429642 3684.010049 3641.581874 3614.707635 3591.484846 3568.672487 3523.163553 3478.202172 3437.703209 3374.209221 3314.951782 -9999.0 -9999.0 -9999.0 -9999.0 -9999.0 -9999.0 -9999.0
-9999.0 1969.739072 2166.895841 2364.248741 2620.487323 2834.923796 3042.262119 3132.814871 3200.039061 3263.851070 3313.712036 3349.695719 3375.025184 3396.111597 3373.411264 3329.001741 3297.421843 3302.215232 3294.151312 3272.954523 3245.402566 3232.553179 3230.435602 3225.690095 3204.494231 3194.157833 3187.469626 3172.652019 3147.087141 3095.189200 3024.152085 2966.520120 2912.859027 2891.780431 2868.316438 2840.817776 2813.431578 2826.313336 2838.611626 2838.693686 2831.844178 2831.726009 2860.737587 2879.841543 2889.419938 2878.544605 2896.933223 2920.604632 2958.135003 2986.432868 3030.532405 3079.926995 3127.835610 3148.236530 3151.174599 3163.726811 3188.354689 3231.445069 3307.316998 3391.946642 3467.607502 3512.212088 3562.303123 3601.478774 3628.752359 3655.131551 3676.335104 3668.486495 3643.302475 3610.434836 3552.802348 -9999.0 -9999.0 -9999.0 -9999.0 -9999.0 -9999.0 -9999.0 -9999.0 -9999.0
-9999.0 -9999.0 1940.112629 2096.307861 2199.682457 2364.989642 2509.928612 2619.963389 2723.540552 2826.910448 2945.952341 3022.936359 3067.884808 3082.895739 3068.870790 3039.892473 3022.170824 3021.869740 3010.534760 3003.771449 2988.925502 2983.783506 2988.630993 2981.208718 2976.306444 2975.061404 2972.573201 2964.582761 2947.500317 2905.751381 2867.527575 2823.325979 2809.762057 2785.984356 2765.736424 2746.792645 2749.079547 2743.408713 2748.127141 2750.491907 2759.508011 2773.359546 2792.845627 2793.126889 2802.593278 2812.585985 2823.686776 2845.576399 2875.713844 2915.724506 2967.194877 3012.454141 3047.670079 3054.427401 3036.946005 3032.509096 3041.284342 3070.808164 3134.736894 3200.393065 3288.522581 3352.942269 3418.780568 3473.902662 3500.046401 3536.398699 3605.335557 3653.267412 3694.187433 3671.873062 -9999.0 -9999.0 -9999.0 -9999.0 -9999.0 -9999.0 -9999.0 -9999.0 -9999.0 -9999.0
-9999.0 -9999.0 -9999.0 -9999.0 1956.973153 2105.267667 2203.052065 2283.751136 2418.026856 2548.631100 2656.509199 2745.045847 2814.957458 2801.819874 2801.853136 2817.140483 2815.833747 2807.178889 2796.502433 2800.520069 2804.573741 2798.804435 2826.826281 2820.034858 2822.897118 2829.651064 2827.002183 2813.303930 2794.399005 2777.845862 2762.716205 2730.743171 2697.943873 2669.682093 2657.071811 2653.216450 2652.935013 2644.872107 2653.002520 2661.563701 2677.307243 2692.398780 2715.886484 2745.071102 2759.943517 2775.203953 2784.746075 2804.463459 2813.208582 2864.485618 2926.305476 2982.555964 3008.456073 3008.728114 2990.620326 2970.235672 2959.608769 2978.982283 2994.570749 3045.988556 3134.987317 3193.314261 3239.060956 3278.219477 3314.394284 3377.827537 3470.529191 3550.809003 -9999.0 -9999.0 -9999.0 -9999.0 -9999.0 -9999.0 -9999.0 -9999.0 -9999.0 -9999.0 -9999.0 -9999.0
-9999.0 -9999.0 -9999.0 -9999.0 -9999.0 -9999.0 1931.624112 2037.240660 2107.004610 2259.094804 2403.789147 2512.466140 2597.293596 2633.967959 2668.540701 2699.596124 2700.476996 2680.754104 2659.315449 2680.580130 2698.856104 2692.330039 2660.627777 2661.645772 2668.069217 2675.612748 2672.750169 2666.408518 2641.413394 2657.015303 2660.572720 2637.727951 2612.344488 2599.419347 2587.860444 2597.593539 2597.548297 2583.061050 2582.039803 2609.686375 2630.600730 2643.465389 2664.584958 2697.851944 2730.604969 2746.696148 2748.299453 2753.974828 2791.771959 2841.130304 2911.846715 2966.696024 2990.686785 2995.287073 2973.834429 2930.156267 2905.392788 2906.094941 2932.357695 2974.027486 3018.627848 3055.017242 3067.139571 3069.354828 3082.183003 3175.894714 -9999.0 -9999.0 -9999.0 -9999.0 -9999.0 -9999.0 -9999.0 -9999.0 -9999.0 -9999.0 -9999.0 -9999.0 -9999.0 -9999.0
-9999.0 -9999.0 -9999.0 -9999.0 -9999.0 -9999.0 -9999.0 -9999.0 -9999.0 -9999.0 -9999.0 -9999.0 -9999.0 -9999.0 -9999.0 -9999.0 -9999.0 -9999.0 -9999.0 -9999.0 -9999.0 -9999.0 -9999.0 -9999.0 -9999.0 -9999.0 -9999.0 -9999.0 -9999.0 -9999.0 -9999.0 -9999.0 -9999.0 -9999.0 -9999.0 -9999.0 -9999.0 -9999.0 -9999.0 -9999.0 -9999.0 -9999.0 -9999.0 -9999.0 -9999.0 -9999.0 -9999.0 -9999.0 -9999.0 -9999.0 -9999.0 -9999.0 -9999.0 -9999.0 -9999.0 -9999.0 -9999.0 -9999.0 -9999.0 -9999.0 -9999.0 -9999.0 -9999.0 -9999.0 -9999.0 -9999.0 -9999.0 -9999.0 -9999.0 -9999.0 -9999.0 -9999.0 -9999.0 -9999.0 -9999.0 -9999.0 -9999.0 -9999.0 -9999.0 -9999.0
-9999.0 -9999.0 -9999.0 -9999.0 -9999.0 -9999.0 -9999.0 -9999.0 -9999.0 -9999.0 -9999.0 -9999.0 -9999.0 -9999.0 -9999.0 -9999.0 -9999.0 -9999.0 -9999.0 -9999.0 -9999.0 -9999.0 -9999.0 -9999.0 -9999.0 -9999.0 -9999.0 -9999.0 -9999.0 -9999.0 -9999.0 -9999.0 -9999.0 -9999.0 -9999.0 -9999.0 -9999.0 -9999.0 -9999.0 -9999.0 -9999.0 -9999.0 -9999.0 -9999.0 -9999.0 -9999.0 -9999.0 -9999.0 -9999.0 -9999.0 -9999.0 -9999.0 -9999.0 -9999.0 -9999.0 -9999.0 -9999.0 -9999.0 -9999.0 -9999.0 -9999.0 -9999.0 -9999.0 -9999.0 -9999.0 -9999.0 -9999.0 -9999.0 -9999.0 -9999.0 -9999.0 -9999.0 -9999.0 -9999.0 -9999.0 -9999.0 -9999.0 -9999.0 -9999.0 -9999.0