Borden_/Borden1m_014/output_maps/psiliqL0026N0029.asc
ncols         80
nrows         18
xllcorner     620200.000000
yllcorner     5168000.000000
cellsize      1.000000
NODATA_value  -9999.0
-9999.0 -9999.0 -9999.0 -9999.0 -9999.0 -9999.0 -9999.0 -9999.0 -9999.0 -9999.0 -9999.0 -9999.0 -9999.0 -9999.0 -9999.0 -9999.0 -9999.0 -9999.0 -9999.0 -9999.0 -9999.0 -9999.0 -9999.0 -9999.0 -9999.0 -9999.0 -9999.0 -9999.0 -9999.0 -9999.0 -9999.0 -9999.0 -9999.0 -9999.0 -9999.0 -9999.0 -9999.0 -9999.0 -9999.0 -9999.0 -9999.0 -9999.0 -9999.0 -9999.0 -9999.0 -9999.0 -9999.0 -9999.0 -9999.0 -9999.0 -9999.0 -9999.0 -9999.0 -9999.0 -9999.0 -9999.0 -9999.0 -9999.0 -9999.0 -9999.0 -9999.0 -9999.0 -9999.0 -9999.0 -9999.0 -9999.0 -9999.0 -9999.0 -9999.0 -9999.0 -9999.0 -9999.0 -9999.0 -9999.0 -9999.0 -9999.0 -9999.0 -9999.0 -9999.0 -9999.0
-9999.0 -9999.0 -9999.0 -9999.0 -9999.0 -9999.0 -9999.0 -9999.0 -9999.0 -9999.0 -9999.0 -9999.0 -9999.0 -9999.0 -9999.0 -9999.0 -9999.0 -9999.0 -9999.0 -9999.0 -9999.0 -9999.0 -9999.0 -9999.0 -9999.0 -9999.0 -9999.0 -9999.0 -9999.0 -9999.0 -9999.0 -9999.0 -9999.0 -9999.0 -9999.0 -9999.0 -9999.0 -9999.0 -9999.0 -9999.0 -9999.0 -9999.0 -9999.0 -9999.0 -9999.0 -9999.0 -9999.0 -9999.0 -9999.0 -9999.0 -9999.0 -9999.0 -9999.0 -9999.0 -9999.0 -9999.0 -9999.0 -9999.0 -9999.0 -9999.0 -9999.0 -9999.0 -9999.0 -9999.0 -9999.0 -9999.0 -9999.0 -9999.0 -9999.0 -9999.0 -9999.0 -9999.0 -9999.0 -9999.0 -9999.0 -9999.0 -9999.0 -9999.0 -9999.0 -9999.0
-9999.0 -9999.0 -9999.0 -9999.0 -9999.0 -9999.0 -9999.0 -9999.0 -9999.0 -9999.0 -9999.0 -9999.0 -9999.0 -9999.0 -9999.0 -9999.0 -9999.0 -9999.0 -9999.0 -9999.0 3325.274086 3326.159458 3304.364281 3270.083603 3241.621801 3243.179694 3275.774860 3316.042337 3354.478190 3361.509366 3342.117230 3345.634646 3340.919855 3336.121966 3336.053969 3343.571966 3350.030201 3359.542016 3366.304205 3363.827254 3356.340280 3351.231431 3353.743820 3355.284322 3361.552431 3347.110999 3363.169298 3379.332020 3384.162898 3381.642356 3358.360323 3346.731128 3339.069294 3323.822035 3350.703178 3362.660766 3386.310531 3391.228782 3389.541013 3363.195323 3333.341709 -9999.0 -9999.0 -9999.0 -9999.0 -9999.0 -9999.0 -9999.0 -9999.0 -9999.0 -9999.0 -9999.0 -9999.0 -9999.0 -9999.0 -9999.0 -9999.0 -9999.0 -9999.0 -9999.0
-9999.0 -9999.0 -9999.0 -9999.0 -9999.0 -9999.0 -9999.0 -9999.0 -9999.0 -9999.0 -9999.0 -9999.0 -9999.0 -9999.0 3235.511524 3226.601789 3223.458795 3230.412265 3262.523464 3292.473011 3303.997356 3296.284075 3295.796659 3270.712611 3247.451056 3259.586821 3288.462370 3318.352426 3351.148259 3367.937462 3356.526111 3353.542049 3360.049482 3378.892435 3386.459921 3382.583894 3365.041110 3388.919893 3401.848323 3405.944817 3403.742241 3393.741514 3402.264819 3416.125388 3409.043949 3393.927050 3405.113680 3420.309077 3431.226469 3423.479278 3366.175605 3354.733032 3352.101167 3348.659830 3336.182996 3332.879245 3361.759038 3361.859101 3355.164047 3338.463318 3305.595314 3260.681541 3242.249426 3283.388733 3327.515463 3384.155312 -9999.0 -9999.0 -9999.0 -9999.0 -9999.0 -9999.0 -9999.0 -9999.0 -9999.0 -9999.0 -9999.0 -9999.0 -9999.0 -9999.0
-9999.0 -9999.0 -9999.0 -9999.0 -9999.0 -9999.0 -9999.0 -9999.0 -9999.0 3179.007016 3184.247228 3190.886477 3192.993588 3207.747027 3204.197598 3210.701004 3214.184263 3240.882141 3269.763770 3302.656511 3329.052620 3319.305851 3317.452291 3320.663548 3314.314265 3321.420901 3341.138064 3376.970619 3407.426917 3442.013365 3407.997970 3402.675125 3419.765057 3460.493079 3482.894053 3484.404672 3465.604218 3482.402619 3505.641512 3520.900639 3517.142051 3510.910333 3536.790767 3551.998306 3545.608105 3524.070534 3523.280423 3531.172497 3560.692350 3510.359432 3444.914832 3407.482896 3424.181369 3403.842299 3378.827140 3368.795030 3370.177802 3391.134106 3380.094005 3347.012654 3314.436763 3303.320099 3287.173337 3308.934882 3332.857206 3379.779295 3420.128869 3450.350190 3450.163912 3433.183748 -9999.0 -9999.0 -9999.0 -9999.0 -9999.0 -9999.0 -9999.0 -9999.0 -9999.0 -9999.0
-9999.0 -9999.0 -9999.0 -9999.0 -9999.0 -9999.0 3100.641091 3110.960935 3131.422859 3133.713021 3159.811054 3164.575798 3182.080844 3198.618866 3219.743939 3231.775103 3255.881742 3284.919081 3319.979527 3356.629640 3383.142980 3370.880149 3375.412723 3393.841051 3419.518088 3437.507028 3459.502312 3496.681373 3568.362168 3604.227717 3596.099041 3596.585476 3604.638939 3654.868672 3718.679762 3729.361161 3708.695745 3695.696102 3719.415138 3756.888241 3754.735953 3753.501204 3766.741055 3777.620966 3804.441648 3793.452687 3757.622495 3752.591686 3759.649401 3736.732989 3667.675205 3610.961126 3592.975719 3546.618934 3463.757046 3421.840054 3446.611797 3475.281927 3454.418561 3405.721946 3374.379557 3369.791650 3359.576142 3353.598287 3366.930163 3390.555034 3415.130064 3429.564218 3418.187998 3397.769075 3376.485671 3348.636826 3351.539434 3376.667138 -9999.0 -9999.0 -9999.0 -9999.0 -9999.0 -9999.0
-9999.0 -9999.0 -9999.0 -9999.0 3051.478983 3064.030265 3048.765877 3074.462206 3105.821762 3138.750186 3165.448684 3195.351104 3217.523531 3243.249203 3275.270235 3296.017998 3326.879265 3355.446590 3401.454918 3461.644830 3505.053115 3517.614515 3525.519047 3575.957566 3631.796155 3678.431380 3696.943677 3722.725115 3768.640825 3825.055281 3847.161004 3849.803894 3866.712482 3910.261847 3966.855434 4002.058002 3984.354563 3975.268667 3985.517668 3999.955372 4022.100439 4022.161931 4023.285275 4027.504126 4035.270903 4033.434288 4006.686495 3973.194570 3960.222843 3950.048133 3911.648201 3839.413570 3809.493321 3780.492167 3737.507968 3683.299551 3636.784550 3638.681525 3584.291927 3529.589314 3480.476971 3473.412267 3453.949646 3438.796325 3422.255829 3435.269476 3447.861706 3433.368077 3403.898310 3375.068410 3362.484995 3345.277526 3334.256944 3365.678718 3383.742762 3413.340803 -9999.0 -9999.0 -9999.0 -9999.0
-9999.0 -9999.0 2993.131825 3037.956109 3094.403861 3099.753726 3092.116258 3094.026928 3119.392404 3167.536681 3227.565885 3263.121860 3290.563824 3319.797919 3369.114685 3429.751376 3488.617834 3530.497608 3588.074551 3657.098927 3715.910562 3742.433514 3751.049546 3786.579337 3841.340131 3910.755025 3938.895865 3965.457153 3997.414335 4034.101411 4025.367643 4035.951837 4048.506136 4061.595884 4076.866278 4084.158541 4079.225270 4074.608000 4056.006770 4050.773387 4057.246816 4065.379827 4064.297778 4049.576435 4045.601377 4060.647254 4066.958307 4064.823669 4061.896109 4066.721302 4061.930447 4013.195169 3996.258582 3980.931500 3969.051379 3922.734165 3855.842185 3823.703040 3802.094731 3760.963189 3687.624486 3650.694301 3611.774093 3577.608633 3540.740520 3528.262749 3496.506679 3464.906549 3426.686291 3386.373086 3367.732049 3353.836960 3353.784049 3354.701097 3372.689322 3388.532129 3404.585259 3412.702506 -9999.0 -9999.0
-9999.0 2884.928666 2955.635143 3074.530220 3151.168051 3186.070880 3192.878176 3194.366996 3218.321536 3249.599785 3334.611384 3382.403783 3464.527233 3501.504456 3541.430514 3630.968080 3725.188376 3768.511173 3807.490544 3871.396740 3937.334792 3984.521056 4010.898434 3988.951845 4028.681412 4058.853722 4067.122827 4074.250272 4074.391877 4065.865968 4059.430566 4066.075946 4063.071968 4043.801445 4027.641216 4025.855882 4022.432598 3999.037072 3971.448529 3955.889255 3957.193727 3982.255979 3969.057509 3947.643783 3943.212245 3964.933709 3986.447865 3975.705690 3962.533054 3979.137645 4013.847019 4038.944427 4039.844054 4058.447505 4079.579505 4050.421445 4029.264467 3985.224869 3968.248857 3942.781830 3885.759222 3830.967354 3782.880001 3734.570126 3682.494534 3633.998195 3586.707538 3539.817046 3487.006959 3454.576071 3430.652305 3388.384208 3376.155670 3383.007356 3378.397351 3377.115252 3383.906316 3390.554181 -9999.0 -9999.0
-9999.0 2787.976648 2926.260703 3100.569193 3241.195591 3279.890318 3339.150756 3392.883123 3405.470219 3349.336160 3449.440573 3665.830585 3788.010374 3805.513369 3881.104895 3976.379360 3958.300211 3989.720331 4013.005824 4039.186204 4060.225203 4074.662252 4072.971849 4067.841404 4051.308532 4043.293359 4042.401535 4040.277441 4022.823758 4003.818410 3986.978063 3983.775554 3965.744012 3916.063953 3882.775233 3865.219573 3846.064965 3832.712459 3805.561704 3779.550680 3762.971632 3773.209448 3771.575581 3758.193918 3753.778998 3771.827699 3802.702479 3800.856272 3812.787253 3832.417437 3867.856004 3906.089898 3925.362958 3954.501700 3990.151244 4038.268603 4046.923217 4069.385000 4072.281145 4061.987015 4015.325109 3963.717658 3934.306461 3878.928475 3819.416505 3757.772998 3708.964533 3664.397788 3609.350414 3575.581106 3536.694779 3483.442072 3441.072614 3434.001786 3400.980212 3388.245716 -9999.0 -9999.0 -9999.0 -9999.0
-9999.0 2691.376737 2863.180490 3097.602841 3389.582367 3459.009580 3659.579584 3773.060329 3811.337749 3878.532647 3757.623082 3965.134380 4018.343772 4013.450870 4029.571675 4032.827516 4047.152904 4046.488738 4041.409606 4030.379077 4020.770416 4016.182476 4015.130504 4007.213037 3994.578225 3979.948934 3968.029214 3956.568158 3919.869109 3887.891505 3848.544658 3836.031494 3791.281210 3699.530214 3660.962273 3622.389079 3561.539196 3564.239662 3572.044223 3548.331351 3528.782265 3500.493570 3530.256467 3541.165240 3545.400344 3540.695619 3550.145377 3578.804593 3626.630494 3660.861995 3699.570354 3747.373343 3777.750587 3816.807411 3856.473610 3908.713514 3939.875835 3968.745706 4017.699020 4054.717039 4077.454730 4063.360218 4044.868659 4000.102685 3939.885959 3890.586081 3861.634229 3811.192587 3767.752195 3724.369757 3678.080870 3625.512663 3564.258623 3512.168208 3478.591897 -9999.0 -9999.0 -9999.0 -9999.0 -9999.0
-9999.0 2467.156797 2730.890734 2983.838460 3254.277592 3595.342451 3767.168312 3860.792003 3923.946461 3907.034627 3930.534243 3936.807650 3973.902531 3981.188254 3959.794856 3945.916978 3928.254560 3927.165521 3940.232724 3912.878051 3882.609732 3869.257464 3870.164179 3859.475786 3835.625119 3820.767640 3811.514986 3793.051559 3750.098168 3700.045808 3616.205089 3581.778006 3503.340067 3465.460540 3429.606023 3383.183609 3339.465686 3345.517396 3370.389684 3361.876835 3341.459370 3324.721272 3354.192733 3374.906039 3388.120329 3371.784641 3378.284346 3412.410808 3458.487220 3498.496676 3541.883726 3589.392713 3630.946102 3669.799077 3690.422608 3729.477866 3771.407635 3812.841478 3882.826663 3961.158326 3997.074226 4031.690540 4060.556058 4082.462482 4039.588835 4013.325905 3989.617043 3966.178739 3920.019979 3874.673824 3834.133564 3769.576985 3710.059139 -9999.0 -9999.0 -9999.0 -9999.0 -9999.0 -9999.0 -9999.0
-9999.0 2355.344956 2547.717631 2737.935443 2969.178318 3195.972470 3417.334013 3507.381812 3577.420068 3649.344550 3703.526896 3741.301571 3767.060470 3788.609580 3766.033300 3719.991749 3687.786099 3692.782539 3683.808425 3662.977992 3635.509676 3622.790669 3620.224243 3615.642415 3594.697981 3584.728174 3578.219546 3560.543100 3535.655270 3483.444883 3412.916648 3340.650840 3287.899523 3269.483385 3247.813515 3221.840213 3196.105165 3209.922160 3222.860619 3223.311342 3217.274943 3217.830180 3246.872123 3266.767532 3276.185941 3265.333105 3283.345036 3306.105083 3342.522841 3381.139732 3425.228620 3474.707807 3522.538623 3542.094043 3543.657214 3554.548511 3581.584958 3624.358320 3700.235532 3785.958151 3863.515298 3908.925579 3959.641639 3999.611816 4027.757427 4052.595507 4075.017426 4068.098399 4042.138640 4008.788311 3950.071213 -9999.0 -9999.0 -9999.0 -9999.0 -9999.0 -9999.0 -9999.0 -9999.0 -9999.0
-9999.0 -9999.0 2322.289011 2473.696030 2569.010057 2731.052111 2851.784474 2956.971547 3049.012921 3188.557803 3310.669853 3403.805356 3450.044860 3465.588103 3451.839178 3423.768841 3406.844648 3406.467723 3394.799639 3388.862923 3375.054832 3370.155689 3358.723926 3351.723413 3348.374743 3348.457785 3346.879129 3339.503344 3323.758623 3283.496377 3248.049704 3204.988271 3161.235940 3140.749405 3123.737212 3107.870867 3112.989895 3108.652546 3114.656803 3118.064851 3128.189427 3142.682825 3162.068460 3184.024187 3193.622852 3203.770997 3214.344557 3235.552787 3264.963414 3304.535459 3355.271872 3409.359332 3444.626138 3450.856684 3432.242430 3426.549847 3433.909681 3461.940979 3524.213239 3592.591746 3681.993554 3747.284647 3814.025629 3869.905383 3896.549204 3932.931332 4003.162781 4051.190389 4093.657928 4071.255432 -9999.0 -9999.0 -9999.0 -9999.0 -9999.0 -9999.0 -9999.0 -9999.0 -9999.0 -9999.0
-9999.0 -9999.0 -9999.0 -9999.0 2334.304842 2480.965139 2578.514092 2658.578505 2793.931504 2897.067490 2992.512067 3078.686679 3147.572163 3171.758472 3173.081255 3190.620626 3190.023622 3180.753012 3169.965872 3175.491607 3181.137042 3175.472866 3160.663993 3155.274674 3160.350333 3169.633586 3169.297600 3158.121433 3141.904220 3130.128722 3119.562842 3091.052683 3060.921668 3035.501496 3025.383538 3024.043352 3025.449154 3018.503906 3027.605776 3037.217631 3053.599193 3068.927521 3092.465454 3122.201988 3136.923763 3151.432038 3159.660902 3177.644418 3205.114356 3256.116580 3317.294914 3373.298857 3406.679381 3406.593322 3377.493800 3355.231429 3342.119181 3358.820591 3387.215577 3437.152874 3525.776468 3587.497349 3632.297355 3670.647435 3706.878135 3772.025962 3866.676740 3947.990044 -9999.0 -9999.0 -9999.0 -9999.0 -9999.0 -9999.0 -9999.0 -9999.0 -9999.0 -9999.0 -9999.0 -9999.0
-9999.0 -9999.0 -9999.0 -9999.0 -9999.0 -9999.0 2312.360080 2418.825782 2485.687932 2641.341697 2789.617271 2867.135662 2950.397510 2986.766209 3010.706804 3041.378690 3042.246214 3021.962665 3000.083662 3022.519374 3042.669994 3036.661135 3004.534179 3007.020639 3015.417567 3024.657121 3023.796209 3019.925999 2997.712641 3017.357552 3024.632649 3004.663073 2981.989103 2977.129367 2967.195948 2978.352838 2979.422193 2965.667650 2964.932128 2989.659187 3011.151804 3024.162203 3045.136989 3078.318021 3110.710608 3126.220744 3126.733119 3130.858009 3166.746325 3233.713117 3304.194878 3358.795505 3389.312392 3393.616629 3362.427602 3317.175255 3290.521516 3288.730181 3312.209657 3350.601658 3410.981664 3446.504060 3456.572810 3456.525980 3467.881805 3567.501079 -9999.0 -9999.0 -9999.0 -9999.0 -9999.0 -9999.0 -9999.0 -9999.0 -9999.0 -9999.0 -9999.0 -9999.0 -9999.0 -9999.0
-9999.0 -9999.0 -9999.0 -9999.0 -9999.0 -9999.0 -9999.0 -9999.0 -9999.0 -9999.0 -9999.0 -9999.0 -9999.0 -9999.0 -9999.0 -9999.0 -9999.0 -9999.0 -9999.0 -9999.0 -9999.0 -9999.0 -9999.0 -9999.0 -9999.0 -9999.0 -9999.0 -9999.0 -9999.0 -9999.0 -9999.0 -9999.0 -9999.0 -9999.0 -9999.0 -9999.0 -9999.0 -9999.0 -9999.0 -9999.0 -9999.0 -9999.0 -9999.0 -9999.0 -9999.0 -9999.0 -9999.0 -9999.0 -9999.0 -9999.0 -9999.0 -9999.0 -9999.0 -9999.0 -9999.0 -9999.0 -9999.0 -9999.0 -9999.0 -9999.0 -9999.0 -9999.0 -9999.0 -9999.0 -9999.0 -9999.0 -9999.0 -9999.0 -9999.0 -9999.0 -9999.0 -9999.0 -9999.0 -9999.0 -9999.0 -9999.0 -9999.0 -9999.0 -9999.0 -9999.0
-9999.0 -9999.0 -9999.0 -9999.0 -9999.0 -9999.0 -9999.0 -9999.0 -9999.0 -9999.0 -9999.0 -9999.0 -9999.0 -9999.0 -9999.0 -9999.0 -9999.0 -9999.0 -9999.0 -9999.0 -9999.0 -9999.0 -9999.0 -9999.0 -9999.0 -9999.0 -9999.0 -9999.0 -9999.0 -9999.0 -9999.0 -9999.0 -9999.0 -9999.0 -9999.0 -9999.0 -9999.0 -9999.0 -9999.0 -9999.0 -9999.0 -9999.0 -9999.0 -9999.0 -9999.0 -9999.0 -9999.0 -9999.0 -9999.0 -9999.0 -9999.0 -9999.0 -9999.0 -9999.0 -9999.0 -9999.0 -9999.0 -9999.0 -9999.0 -9999.0 -9999.0 -9999.0 -9999.0 -9999.0 -9999.0 -9999.0 -9999.0 -9999.0 -9999.0 -9999.0 -9999.0 -9999.0 -9999.0 -9999.0 -9999.0 -9999.0 -9999.0 -9999.0 -9999.0 -9999.0