Borden_/Borden1m_014/output_maps/psiliqL0016N0014.asc
ncols         80
nrows         18
xllcorner     620200.000000
yllcorner     5168000.000000
cellsize      1.000000
NODATA_value  -9999.0
-9999.0 -9999.0 -9999.0 -9999.0 -9999.0 -9999.0 -9999.0 -9999.0 -9999.0 -9999.0 -9999.0 -9999.0 -9999.0 -9999.0 -9999.0 -9999.0 -9999.0 -9999.0 -9999.0 -9999.0 -9999.0 -9999.0 -9999.0 -9999.0 -9999.0 -9999.0 -9999.0 -9999.0 -9999.0 -9999.0 -9999.0 -9999.0 -9999.0 -9999.0 -9999.0 -9999.0 -9999.0 -9999.0 -9999.0 -9999.0 -9999.0 -9999.0 -9999.0 -9999.0 -9999.0 -9999.0 -9999.0 -9999.0 -9999.0 -9999.0 -9999.0 -9999.0 -9999.0 -9999.0 -9999.0 -9999.0 -9999.0 -9999.0 -9999.0 -9999.0 -9999.0 -9999.0 -9999.0 -9999.0 -9999.0 -9999.0 -9999.0 -9999.0 -9999.0 -9999.0 -9999.0 -9999.0 -9999.0 -9999.0 -9999.0 -9999.0 -9999.0 -9999.0 -9999.0 -9999.0
-9999.0 -9999.0 -9999.0 -9999.0 -9999.0 -9999.0 -9999.0 -9999.0 -9999.0 -9999.0 -9999.0 -9999.0 -9999.0 -9999.0 -9999.0 -9999.0 -9999.0 -9999.0 -9999.0 -9999.0 -9999.0 -9999.0 -9999.0 -9999.0 -9999.0 -9999.0 -9999.0 -9999.0 -9999.0 -9999.0 -9999.0 -9999.0 -9999.0 -9999.0 -9999.0 -9999.0 -9999.0 -9999.0 -9999.0 -9999.0 -9999.0 -9999.0 -9999.0 -9999.0 -9999.0 -9999.0 -9999.0 -9999.0 -9999.0 -9999.0 -9999.0 -9999.0 -9999.0 -9999.0 -9999.0 -9999.0 -9999.0 -9999.0 -9999.0 -9999.0 -9999.0 -9999.0 -9999.0 -9999.0 -9999.0 -9999.0 -9999.0 -9999.0 -9999.0 -9999.0 -9999.0 -9999.0 -9999.0 -9999.0 -9999.0 -9999.0 -9999.0 -9999.0 -9999.0 -9999.0
-9999.0 -9999.0 -9999.0 -9999.0 -9999.0 -9999.0 -9999.0 -9999.0 -9999.0 -9999.0 -9999.0 -9999.0 -9999.0 -9999.0 -9999.0 -9999.0 -9999.0 -9999.0 -9999.0 -9999.0 1350.809985 1353.700678 1332.754465 1300.454520 1274.221618 1278.257387 1314.282073 1356.836927 1396.604972 1407.433381 1391.110404 1396.213864 1394.660818 1396.092468 1401.001594 1410.208050 1416.459438 1428.214349 1436.579916 1435.645493 1428.970973 1423.477505 1423.773538 1426.289429 1431.767115 1420.483326 1434.998847 1450.219241 1454.481690 1447.983259 1418.867784 1400.703078 1388.654836 1370.253218 1392.518477 1401.836409 1422.160652 1424.053756 1420.398996 1392.054891 1361.139656 -9999.0 -9999.0 -9999.0 -9999.0 -9999.0 -9999.0 -9999.0 -9999.0 -9999.0 -9999.0 -9999.0 -9999.0 -9999.0 -9999.0 -9999.0 -9999.0 -9999.0 -9999.0 -9999.0
-9999.0 -9999.0 -9999.0 -9999.0 -9999.0 -9999.0 -9999.0 -9999.0 -9999.0 -9999.0 -9999.0 -9999.0 -9999.0 -9999.0 1256.050379 1247.600101 1246.302163 1256.236296 1291.383796 1323.043674 1335.495839 1329.178167 1330.706200 1308.866831 1290.279851 1306.578440 1338.417755 1371.300583 1406.612490 1427.410381 1417.963614 1418.586176 1431.857595 1460.794811 1476.503876 1476.300879 1458.870483 1483.414102 1498.697252 1505.781434 1504.108259 1494.676452 1506.062322 1520.908922 1514.002661 1497.897848 1505.156631 1518.122919 1529.467296 1514.859544 1448.887713 1426.334936 1417.968553 1408.382783 1391.760486 1383.128852 1406.078529 1403.247943 1392.821321 1373.180983 1339.062742 1294.035558 1274.039710 1311.401249 1353.628977 1409.469058 -9999.0 -9999.0 -9999.0 -9999.0 -9999.0 -9999.0 -9999.0 -9999.0 -9999.0 -9999.0 -9999.0 -9999.0 -9999.0 -9999.0
-9999.0 -9999.0 -9999.0 -9999.0 -9999.0 -9999.0 -9999.0 -9999.0 -9999.0 1195.403668 1200.894025 1209.245596 1212.920690 1229.827449 1228.346717 1237.026257 1245.494378 1274.691000 1307.893492 1345.106860 1375.423442 1368.193034 1370.377414 1382.166115 1387.958044 1403.423603 1427.939385 1469.291226 1507.764552 1548.002641 1520.438697 1521.645243 1546.953486 1601.035568 1637.832632 1647.239124 1631.438445 1642.530686 1666.790176 1686.038599 1683.094703 1678.611539 1702.093597 1715.282526 1715.234601 1696.564621 1688.672290 1691.940689 1717.730510 1664.770419 1594.209330 1538.549149 1538.377027 1506.159866 1467.596172 1445.604683 1439.119098 1455.501290 1437.782412 1398.606123 1360.633087 1347.238035 1327.510518 1342.922476 1363.145015 1407.492708 1445.011822 1471.899275 1469.731988 1451.081217 -9999.0 -9999.0 -9999.0 -9999.0 -9999.0 -9999.0 -9999.0 -9999.0 -9999.0 -9999.0
-9999.0 -9999.0 -9999.0 -9999.0 -9999.0 -9999.0 1115.682747 1126.206672 1147.598982 1152.761359 1179.476379 1187.945815 1209.935774 1230.781632 1254.535863 1272.964254 1304.879290 1340.365697 1384.298633 1430.956398 1465.839306 1462.040576 1474.084668 1506.661763 1550.339855 1585.273291 1614.576426 1655.221048 1729.005142 1768.598043 1774.499466 1783.102660 1801.671542 1863.232898 1934.563779 1952.428930 1935.054381 1922.154198 1941.717501 1974.909888 1976.194532 1974.948445 1984.431319 1993.271295 2019.241524 2011.895438 1977.112323 1967.587421 1967.875397 1948.872674 1880.536792 1806.842030 1767.170432 1714.242404 1629.568267 1572.787944 1574.986126 1587.962924 1555.225115 1498.762751 1455.682775 1441.568821 1422.944476 1406.998530 1410.911228 1427.585525 1447.334941 1456.214058 1440.916774 1417.762704 1393.521012 1363.003454 1363.263205 1387.220387 -9999.0 -9999.0 -9999.0 -9999.0 -9999.0 -9999.0
-9999.0 -9999.0 -9999.0 -9999.0 1064.798364 1078.779381 1067.357651 1093.968867 1127.991190 1163.574730 1196.525339 1234.616421 1263.529191 1295.997958 1338.802607 1375.531869 1419.775786 1458.854739 1518.991293 1594.650253 1650.410043 1675.197003 1691.264392 1752.786423 1823.195377 1886.523747 1913.290223 1940.848044 1981.056016 2035.948262 2060.697530 2068.816685 2091.582370 2134.960195 2187.402830 2223.092903 2208.729240 2202.327344 2208.550494 2218.563586 2239.464005 2239.008864 2239.891280 2242.152907 2247.392710 2248.170650 2227.163587 2197.399349 2185.038453 2174.964128 2141.285432 2067.241011 2026.086059 1995.366740 1959.319924 1902.803697 1831.523722 1809.475195 1747.870142 1687.917333 1623.184041 1596.182438 1560.210782 1530.502981 1497.903568 1495.996294 1495.873248 1471.983531 1436.375527 1401.218014 1383.573667 1362.302934 1348.915230 1377.051738 1393.008476 1422.063884 -9999.0 -9999.0 -9999.0 -9999.0
-9999.0 -9999.0 1003.545493 1052.843101 1111.467339 1122.052302 1123.900527 1131.545293 1161.773295 1215.689497 1291.756957 1342.990850 1386.269227 1423.348382 1487.436289 1571.340671 1646.745516 1699.832672 1768.718879 1851.974722 1920.847820 1954.542784 1969.937626 2009.669766 2068.126463 2136.439789 2166.442471 2192.354601 2220.766146 2251.048150 2258.248954 2272.300286 2283.606331 2290.931705 2299.494951 2302.512590 2298.962896 2294.951575 2277.363733 2273.249746 2279.326640 2284.272839 2285.242324 2272.045828 2268.628149 2283.254413 2289.264957 2290.606714 2291.638490 2299.057492 2300.540477 2258.878890 2223.582304 2208.198049 2196.594647 2149.824354 2081.591871 2038.796426 2015.422786 1972.086195 1891.906710 1832.677613 1774.865339 1721.496124 1663.527217 1627.413587 1576.124253 1528.945526 1478.093822 1427.900968 1400.470325 1378.852934 1372.940068 1369.541187 1383.201748 1396.551860 1410.460917 1417.515286 -9999.0 -9999.0
-9999.0 898.916104 971.915666 1099.199630 1181.708041 1229.160282 1262.322682 1286.065183 1316.631940 1346.007221 1451.322468 1539.525625 1632.342109 1673.684083 1730.469645 1837.956708 1937.764472 1987.611838 2031.379569 2095.197721 2158.693014 2205.395460 2231.772434 2238.975479 2275.426409 2293.538289 2299.331198 2303.734995 2299.860158 2290.591803 2280.819285 2286.858172 2284.140076 2266.233979 2249.635040 2244.695845 2238.649744 2215.775006 2189.116009 2175.469922 2178.143959 2201.436421 2189.620299 2169.680440 2166.292661 2187.567822 2208.065900 2201.372307 2192.170157 2212.457116 2248.043922 2270.119839 2279.300388 2295.965733 2315.798078 2288.255293 2259.208735 2217.441600 2198.864956 2171.637341 2114.857811 2052.616613 1996.177984 1932.948563 1859.682984 1784.625057 1714.878278 1645.982758 1573.976744 1527.455817 1490.536602 1434.841549 1408.719079 1405.104442 1392.273443 1386.403688 1390.120093 1395.476072 -9999.0 -9999.0
-9999.0 816.601100 959.550217 1145.509997 1297.682784 1361.343854 1466.510768 1547.004574 1575.194626 1546.514434 1656.936861 1881.980132 1990.469095 2011.391258 2087.328369 2181.927345 2200.818595 2235.386022 2260.196887 2274.701175 2285.126735 2294.501244 2291.678877 2286.125503 2272.947829 2267.490608 2268.424540 2267.342507 2250.780598 2230.625234 2210.535307 2204.523453 2185.322633 2140.082675 2103.392499 2079.460107 2059.072359 2040.158845 2010.337325 1985.723345 1971.662665 1987.372036 1981.969586 1966.229893 1962.630556 1984.037196 2016.032054 2014.427222 2027.094293 2054.099997 2098.562021 2139.874518 2163.057828 2193.702430 2230.487484 2273.522379 2286.973860 2308.349903 2312.884237 2296.029613 2253.668495 2203.016097 2170.930632 2111.346517 2039.929742 1960.637798 1891.441772 1819.865898 1743.291074 1689.990077 1633.352208 1565.784619 1502.939981 1470.356981 1424.547758 1401.155332 -9999.0 -9999.0 -9999.0 -9999.0
-9999.0 734.853353 922.946949 1181.799242 1466.487044 1585.158324 1803.764463 1936.489059 1992.541683 2062.289919 2031.156871 2187.660703 2230.580802 2228.634398 2232.350629 2240.217753 2258.326144 2262.985918 2260.242386 2250.571089 2240.619579 2234.588011 2231.471917 2223.455693 2212.100594 2199.111350 2188.026070 2177.545675 2141.556297 2106.181252 2063.613592 2044.272405 2002.812228 1909.492403 1860.272060 1811.951202 1746.720178 1738.897948 1734.669978 1707.903731 1689.459757 1668.685099 1691.928177 1697.764721 1700.575932 1702.858869 1719.391033 1746.255713 1796.560770 1842.125551 1897.324329 1955.557668 1993.808646 2040.648903 2090.043466 2145.962458 2178.140829 2208.917242 2256.837854 2295.835122 2320.050815 2309.964547 2285.898560 2243.658417 2177.899785 2117.053074 2070.996194 1998.712821 1933.769171 1875.807804 1816.026890 1747.894064 1667.837001 1565.371343 1514.464553 -9999.0 -9999.0 -9999.0 -9999.0 -9999.0
-9999.0 549.904081 818.121776 1106.463373 1423.377382 1767.609256 1918.543219 2049.826621 2124.249054 2097.539380 2109.855208 2130.656645 2172.845777 2182.711188 2166.122509 2160.306806 2150.663087 2151.204493 2163.054502 2134.259669 2100.171366 2081.478577 2077.375579 2063.970534 2040.635261 2025.191115 2015.324251 1996.948325 1949.532727 1893.254797 1799.926286 1761.232190 1681.344594 1624.966339 1577.048983 1521.035038 1465.975308 1463.292140 1480.930026 1467.234690 1445.787017 1427.985809 1455.296173 1473.916386 1486.526710 1474.858180 1484.292539 1521.689830 1574.352163 1623.803686 1680.145878 1739.587809 1790.759975 1846.181066 1888.550739 1943.853532 1993.965606 2043.124434 2120.154258 2200.489682 2239.530267 2275.323016 2309.136071 2327.846729 2280.509686 2237.332131 2192.463366 2138.761481 2065.944558 2023.411092 1991.708247 1930.632862 1864.273097 -9999.0 -9999.0 -9999.0 -9999.0 -9999.0 -9999.0 -9999.0
-9999.0 424.977437 641.628406 868.961201 1154.317936 1399.857816 1607.771254 1726.987974 1813.155172 1859.208699 1900.429200 1936.426298 1967.186607 1990.888714 1972.318607 1935.670062 1908.890932 1912.937524 1905.698168 1876.255331 1836.915720 1812.359105 1803.851242 1793.631750 1767.629333 1753.133014 1743.175358 1721.400809 1688.340014 1629.951783 1545.195348 1468.014607 1405.133793 1372.664630 1341.253203 1306.079970 1268.922342 1278.119007 1290.414011 1287.411783 1277.564657 1275.200408 1304.626712 1323.972556 1334.267187 1322.973607 1342.574082 1370.033923 1413.208960 1458.966686 1511.211020 1569.127106 1626.101984 1660.406200 1680.761977 1710.727850 1754.346598 1815.642270 1912.932412 2015.455088 2100.099980 2152.278508 2205.786142 2243.809266 2261.540255 2276.762462 2258.568105 2187.160938 2088.494482 2092.911669 2094.831961 -9999.0 -9999.0 -9999.0 -9999.0 -9999.0 -9999.0 -9999.0 -9999.0 -9999.0
-9999.0 -9999.0 408.693141 584.928455 721.406346 903.397117 1058.016143 1174.353679 1269.451705 1389.632214 1499.099456 1584.619457 1629.054951 1647.039580 1634.518692 1603.604604 1583.528734 1582.883360 1570.222021 1555.049447 1528.579517 1514.411696 1499.062688 1488.379517 1477.233132 1471.456996 1466.323513 1455.284732 1433.276653 1385.445100 1334.980504 1281.844645 1227.463274 1200.997696 1178.021272 1155.363081 1153.166203 1148.699273 1154.192619 1155.871198 1163.029879 1175.873887 1196.147659 1218.324078 1228.232104 1237.252260 1250.026769 1274.285507 1308.283730 1351.896862 1407.424890 1466.784985 1508.636981 1524.288545 1518.238381 1526.504103 1550.392676 1598.653484 1688.044209 1782.516405 1891.797786 1972.261366 2051.212181 2112.348732 2135.379684 2155.765858 2177.615506 2125.319101 1927.879666 2032.849835 -9999.0 -9999.0 -9999.0 -9999.0 -9999.0 -9999.0 -9999.0 -9999.0 -9999.0 -9999.0
-9999.0 -9999.0 -9999.0 -9999.0 444.152176 600.050789 698.783622 784.627108 916.246754 1039.092906 1141.088155 1224.925272 1286.864236 1313.560015 1309.874708 1315.769560 1311.351402 1304.588296 1293.188687 1289.287222 1284.501562 1273.727694 1257.197487 1248.321543 1248.330612 1252.854283 1250.272403 1236.654461 1218.772199 1195.593445 1174.202526 1138.847182 1102.092224 1072.208548 1058.364229 1052.002655 1051.302986 1044.186942 1052.866094 1060.239859 1075.574187 1090.952041 1114.848313 1143.916715 1157.722421 1172.574458 1182.498323 1203.345805 1234.263165 1288.367867 1352.663488 1411.457569 1448.557987 1454.658116 1432.011913 1418.683798 1417.677647 1449.473968 1500.141331 1574.917445 1686.338237 1769.260671 1839.429472 1901.187303 1945.133109 1999.583650 2066.295325 2104.198183 -9999.0 -9999.0 -9999.0 -9999.0 -9999.0 -9999.0 -9999.0 -9999.0 -9999.0 -9999.0 -9999.0 -9999.0
-9999.0 -9999.0 -9999.0 -9999.0 -9999.0 -9999.0 403.400487 505.839018 587.934182 727.170933 857.841323 959.297512 1039.542098 1071.192479 1097.414220 1124.220280 1122.171460 1103.237696 1083.063501 1099.797256 1111.146831 1103.264670 1071.875399 1070.377399 1074.539938 1082.623791 1080.454586 1074.055995 1048.864220 1059.761424 1059.711663 1035.804653 1009.172754 994.756046 982.471538 991.714183 991.697881 978.022799 978.696684 1005.482582 1025.793487 1039.061771 1061.017144 1094.308324 1126.712918 1141.953029 1143.435245 1149.779652 1190.226331 1260.943729 1333.155102 1389.215573 1422.548654 1431.820176 1406.034250 1367.586571 1349.185338 1359.176823 1398.015134 1456.093144 1538.953787 1596.330716 1633.383971 1660.678674 1689.224083 1784.786224 -9999.0 -9999.0 -9999.0 -9999.0 -9999.0 -9999.0 -9999.0 -9999.0 -9999.0 -9999.0 -9999.0 -9999.0 -9999.0 -9999.0
-9999.0 -9999.0 -9999.0 -9999.0 -9999.0 -9999.0 -9999.0 -9999.0 -9999.0 -9999.0 -9999.0 -9999.0 -9999.0 -9999.0 -9999.0 -9999.0 -9999.0 -9999.0 -9999.0 -9999.0 -9999.0 -9999.0 -9999.0 -9999.0 -9999.0 -9999.0 -9999.0 -9999.0 -9999.0 -9999.0 -9999.0 -9999.0 -9999.0 -9999.0 -9999.0 -9999.0 -9999.0 -9999.0 -9999.0 -9999.0 -9999.0 -9999.0 -9999.0 -9999.0 -9999.0 -9999.0 -9999.0 -9999.0 -9999.0 -9999.0 -9999.0 -9999.0 -9999.0 -9999.0 -9999.0 -9999.0 -9999.0 -9999.0 -9999.0 -9999.0 -9999.0 -9999.0 -9999.0 -9999.0 -9999.0 -9999.0 -9999.0 -9999.0 -9999.0 -9999.0 -9999.0 -9999.0 -9999.0 -9999.0 -9999.0 -9999.0 -9999.0 -9999.0 -9999.0 -9999.0
-9999.0 -9999.0 -9999.0 -9999.0 -9999.0 -9999.0 -9999.0 -9999.0 -9999.0 -9999.0 -9999.0 -9999.0 -9999.0 -9999.0 -9999.0 -9999.0 -9999.0 -9999.0 -9999.0 -9999.0 -9999.0 -9999.0 -9999.0 -9999.0 -9999.0 -9999.0 -9999.0 -9999.0 -9999.0 -9999.0 -9999.0 -9999.0 -9999.0 -9999.0 -9999.0 -9999.0 -9999.0 -9999.0 -9999.0 -9999.0 -9999.0 -9999.0 -9999.0 -9999.0 -9999.0 -9999.0 -9999.0 -9999.0 -9999.0 -9999.0 -9999.0 -9999.0 -9999.0 -9999.0 -9999.0 -9999.0 -9999.0 -9999.0 -9999.0 -9999.0 -9999.0 -9999.0 -9999.0 -9999.0 -9999.0 -9999.0 -9999.0 -9999.0 -9999.0 -9999.0 -9999.0 -9999.0 -9999.0 -9999.0 -9999.0 -9999.0 -9999.0 -9999.0 -9999.0 -9999.0