Borden_/Borden1m_014/output_maps/psiliqL0007N0024.asc
ncols         80
nrows         18
xllcorner     620200.000000
yllcorner     5168000.000000
cellsize      1.000000
NODATA_value  -9999.0
-9999.0 -9999.0 -9999.0 -9999.0 -9999.0 -9999.0 -9999.0 -9999.0 -9999.0 -9999.0 -9999.0 -9999.0 -9999.0 -9999.0 -9999.0 -9999.0 -9999.0 -9999.0 -9999.0 -9999.0 -9999.0 -9999.0 -9999.0 -9999.0 -9999.0 -9999.0 -9999.0 -9999.0 -9999.0 -9999.0 -9999.0 -9999.0 -9999.0 -9999.0 -9999.0 -9999.0 -9999.0 -9999.0 -9999.0 -9999.0 -9999.0 -9999.0 -9999.0 -9999.0 -9999.0 -9999.0 -9999.0 -9999.0 -9999.0 -9999.0 -9999.0 -9999.0 -9999.0 -9999.0 -9999.0 -9999.0 -9999.0 -9999.0 -9999.0 -9999.0 -9999.0 -9999.0 -9999.0 -9999.0 -9999.0 -9999.0 -9999.0 -9999.0 -9999.0 -9999.0 -9999.0 -9999.0 -9999.0 -9999.0 -9999.0 -9999.0 -9999.0 -9999.0 -9999.0 -9999.0
-9999.0 -9999.0 -9999.0 -9999.0 -9999.0 -9999.0 -9999.0 -9999.0 -9999.0 -9999.0 -9999.0 -9999.0 -9999.0 -9999.0 -9999.0 -9999.0 -9999.0 -9999.0 -9999.0 -9999.0 -9999.0 -9999.0 -9999.0 -9999.0 -9999.0 -9999.0 -9999.0 -9999.0 -9999.0 -9999.0 -9999.0 -9999.0 -9999.0 -9999.0 -9999.0 -9999.0 -9999.0 -9999.0 -9999.0 -9999.0 -9999.0 -9999.0 -9999.0 -9999.0 -9999.0 -9999.0 -9999.0 -9999.0 -9999.0 -9999.0 -9999.0 -9999.0 -9999.0 -9999.0 -9999.0 -9999.0 -9999.0 -9999.0 -9999.0 -9999.0 -9999.0 -9999.0 -9999.0 -9999.0 -9999.0 -9999.0 -9999.0 -9999.0 -9999.0 -9999.0 -9999.0 -9999.0 -9999.0 -9999.0 -9999.0 -9999.0 -9999.0 -9999.0 -9999.0 -9999.0
-9999.0 -9999.0 -9999.0 -9999.0 -9999.0 -9999.0 -9999.0 -9999.0 -9999.0 -9999.0 -9999.0 -9999.0 -9999.0 -9999.0 -9999.0 -9999.0 -9999.0 -9999.0 -9999.0 -9999.0 -472.042267 -468.994424 -492.034104 -526.339710 -555.079238 -553.537489 -518.772790 -477.977100 -440.445466 -429.978602 -448.282267 -447.136026 -452.432065 -452.413560 -449.255427 -443.343223 -440.876615 -429.153033 -420.537009 -420.750558 -427.026067 -432.941019 -434.460845 -430.791108 -425.800717 -434.448967 -420.817536 -405.164307 -398.455130 -403.693522 -431.427935 -447.430578 -455.381388 -469.548079 -444.725512 -431.726279 -408.303299 -403.680089 -404.582060 -431.517984 -461.510433 -9999.0 -9999.0 -9999.0 -9999.0 -9999.0 -9999.0 -9999.0 -9999.0 -9999.0 -9999.0 -9999.0 -9999.0 -9999.0 -9999.0 -9999.0 -9999.0 -9999.0 -9999.0 -9999.0
-9999.0 -9999.0 -9999.0 -9999.0 -9999.0 -9999.0 -9999.0 -9999.0 -9999.0 -9999.0 -9999.0 -9999.0 -9999.0 -9999.0 -561.549863 -572.064787 -575.490219 -567.336146 -533.890423 -504.248899 -491.662567 -499.568496 -499.971068 -523.909770 -544.405669 -530.607488 -501.661943 -470.594067 -436.579979 -415.861840 -429.009521 -431.846236 -420.774464 -391.638898 -375.736926 -378.233838 -400.296459 -377.149164 -360.100344 -349.768491 -350.644007 -359.478508 -343.644641 -326.233614 -333.026073 -351.864841 -349.155508 -337.319162 -321.899189 -338.562424 -406.053081 -428.428314 -431.469568 -437.946364 -450.941208 -457.309063 -432.198102 -430.747750 -438.655890 -456.244992 -488.100456 -531.936233 -549.355193 -510.541201 -465.557951 -406.960751 -9999.0 -9999.0 -9999.0 -9999.0 -9999.0 -9999.0 -9999.0 -9999.0 -9999.0 -9999.0 -9999.0 -9999.0 -9999.0 -9999.0
-9999.0 -9999.0 -9999.0 -9999.0 -9999.0 -9999.0 -9999.0 -9999.0 -9999.0 -617.283552 -614.126335 -607.460845 -606.213993 -591.038780 -593.013814 -586.569411 -578.980152 -553.572379 -522.972083 -488.197587 -459.487230 -470.029780 -470.081617 -457.691555 -450.091136 -436.695171 -415.564590 -373.751592 -328.167644 -282.260399 -310.324963 -311.149463 -288.169115 -230.881453 -183.671775 -169.461326 -192.900108 -189.725431 -158.351895 -124.206541 -120.907391 -121.181118 -86.191264 -65.767310 -56.640684 -84.933678 -115.692500 -120.548436 -87.018494 -156.676382 -234.571707 -297.355527 -301.312369 -337.073857 -381.759850 -405.831215 -409.316368 -386.728854 -402.308121 -440.048081 -476.491071 -485.364155 -501.439289 -484.813067 -461.543136 -413.767095 -374.680292 -345.437847 -344.649408 -361.709590 -9999.0 -9999.0 -9999.0 -9999.0 -9999.0 -9999.0 -9999.0 -9999.0 -9999.0 -9999.0
-9999.0 -9999.0 -9999.0 -9999.0 -9999.0 -9999.0 -695.086099 -686.797299 -667.676818 -662.388594 -638.839035 -631.824261 -611.931909 -593.162675 -573.430350 -556.918787 -526.349997 -494.287125 -452.593804 -407.351311 -373.615925 -377.336263 -366.082002 -326.846980 -275.420229 -236.335588 -207.306637 -157.919835 -46.852624 18.716966 42.210608 54.180129 69.581771 108.380857 167.305060 203.664055 162.839103 143.675389 160.067816 199.793774 240.482384 245.972346 254.495691 263.252757 288.619945 277.086761 205.245539 179.615472 172.979514 162.134775 115.568086 61.229884 -0.141298 -74.498725 -184.325768 -254.087891 -259.702784 -247.244312 -283.963618 -341.855151 -387.083379 -398.480460 -413.483343 -427.849475 -422.236075 -402.165986 -377.916818 -365.861738 -377.682801 -397.679919 -420.365857 -448.729834 -446.708070 -420.928461 -9999.0 -9999.0 -9999.0 -9999.0 -9999.0 -9999.0
-9999.0 -9999.0 -9999.0 -9999.0 -744.216789 -732.341618 -744.214351 -721.544306 -690.410530 -658.153111 -626.444365 -589.761037 -563.436342 -534.403369 -492.703992 -453.675214 -408.693610 -371.486548 -309.783303 -230.357766 -165.228263 -126.348492 -96.491470 -2.287060 74.676609 121.556722 137.287351 162.258449 210.475324 299.188065 330.910469 338.592766 354.458103 383.222420 423.991764 458.455610 439.115958 432.478764 435.180471 445.030851 472.504611 474.553874 476.421548 477.310818 479.667846 479.241482 454.104462 421.043650 408.186262 399.964474 370.421118 315.557141 244.927972 205.595891 177.075149 136.553670 76.954916 48.160867 -32.019417 -116.380907 -204.624994 -238.726065 -277.810633 -308.447496 -341.963565 -342.194080 -339.458698 -359.003696 -389.028033 -420.420059 -434.746637 -452.822761 -462.348946 -432.058226 -413.972167 -382.541852 -9999.0 -9999.0 -9999.0 -9999.0
-9999.0 -9999.0 -801.314352 -751.577908 -696.614718 -688.749133 -686.955674 -682.949582 -657.195482 -607.702823 -529.137836 -475.811700 -429.861784 -398.337542 -332.674348 -235.913853 -139.446839 -64.734644 21.819819 92.851568 147.157855 185.320540 233.940804 277.131826 320.620596 377.472216 398.174493 422.796808 451.105738 482.809165 506.528634 522.179321 528.399137 524.338251 525.729086 524.415131 521.602811 515.933680 498.244580 495.676219 503.227429 505.564977 509.293862 497.237561 493.421137 505.488970 506.822710 506.803138 508.705248 516.526162 525.286255 494.586904 441.893859 426.502530 411.837549 381.030328 321.359071 254.608548 223.090025 180.951673 110.139427 62.099074 -6.661871 -87.917850 -167.183553 -213.289255 -267.503078 -310.740206 -356.502401 -401.417763 -424.185415 -442.009404 -443.511911 -442.165199 -425.611054 -409.482593 -393.717851 -385.724811 -9999.0 -9999.0
-9999.0 -898.823007 -826.525572 -699.414037 -621.658605 -577.605215 -536.698471 -507.334480 -484.025714 -470.668786 -357.371371 -235.122256 -124.004220 -76.755903 4.225854 110.097264 224.330534 268.002156 296.637780 347.302503 398.671222 440.153218 469.061765 499.278114 525.738641 524.778500 523.791252 523.218138 516.701064 509.441626 499.580367 506.977377 504.926620 489.268172 476.412690 474.508307 468.907796 442.280656 413.832911 399.946324 403.205536 420.166228 412.617521 394.372373 390.873414 409.400549 423.623106 418.661018 408.740430 426.155504 459.084541 480.267229 495.903563 510.190731 529.985129 507.932801 475.731002 434.775836 408.822004 387.563224 313.635194 250.121665 195.330081 133.361064 72.885823 -11.696257 -107.636293 -187.463272 -262.464170 -304.679743 -336.859551 -389.686016 -412.981659 -410.814702 -419.618450 -421.641898 -414.592520 -407.954140 -9999.0 -9999.0
-9999.0 -968.369369 -825.227092 -639.992002 -494.258257 -431.220736 -302.710922 -210.023705 -176.024311 -199.689728 -45.200570 209.711837 291.020482 300.321746 362.701643 436.938223 477.128987 503.506393 520.368702 516.026869 513.771867 517.306315 513.847252 507.339618 493.666757 485.962254 485.237307 482.013528 462.744179 443.994473 427.035693 424.162275 408.192147 373.487150 344.789770 330.537317 312.302271 266.455318 223.215047 193.099883 178.930332 196.277791 187.439470 170.625784 167.215803 189.804296 223.360986 220.311065 229.207561 254.540086 298.148794 354.578183 378.002610 405.832524 440.843637 482.051986 500.849864 520.138779 525.014603 502.033815 459.578633 409.563658 379.066423 300.840588 229.126838 151.931072 96.212567 44.244813 -44.315409 -118.617813 -186.350684 -255.908487 -319.408308 -348.934330 -388.399393 -409.407979 -9999.0 -9999.0 -9999.0 -9999.0
-9999.0 -1031.080468 -839.432589 -573.277312 -315.607830 -159.898316 67.978482 201.422543 302.304878 323.851297 383.403860 483.458496 502.792837 490.742061 471.816071 471.328836 483.564718 486.830221 483.132006 473.257912 462.261659 455.000070 447.958454 447.665045 435.794575 420.793326 408.295055 393.592410 336.295488 301.110636 270.624570 252.585056 215.348692 133.135011 98.874712 71.828432 7.027279 -12.227720 -33.466982 -78.392880 -106.781766 -126.370858 -103.596358 -105.454955 -105.361937 -92.088615 -59.732100 -31.373384 25.157094 68.987478 107.598403 156.499388 191.065227 237.144424 288.163201 360.790397 392.250491 420.330449 457.320267 502.233296 524.708256 516.453924 487.052618 440.354050 382.012594 300.923208 254.112949 191.609726 130.054996 81.903472 41.057265 -28.755371 -134.163063 -254.607926 -299.336073 -9999.0 -9999.0 -9999.0 -9999.0 -9999.0
-9999.0 -1179.942875 -912.529807 -615.123355 -272.861777 72.820235 182.547363 375.244041 449.006625 380.235377 332.306102 373.379423 412.021758 415.217400 394.004534 387.050171 379.898754 379.898658 392.489682 365.003682 318.037662 300.808916 298.131376 285.443349 260.114776 239.713506 224.255868 202.139323 151.823031 109.694306 44.099205 7.194405 -94.493995 -185.656642 -240.929647 -293.740524 -350.989105 -354.475003 -339.655389 -357.982312 -381.066177 -400.376105 -374.648177 -359.512163 -348.769471 -358.230213 -348.650555 -312.395155 -260.146370 -211.548205 -149.590734 -70.709386 -1.915959 65.724546 97.915580 146.651098 192.293561 242.592103 316.272886 406.259634 442.874380 477.696975 513.974807 530.256806 487.732784 441.737299 395.480069 343.026317 250.362155 193.013043 163.306548 126.922771 76.253139 -9999.0 -9999.0 -9999.0 -9999.0 -9999.0 -9999.0 -9999.0
-9999.0 -1315.556379 -1080.654817 -829.102229 -527.789295 -284.592711 -70.511767 66.973035 173.442416 130.559569 128.579568 152.632070 180.099689 200.215475 178.712421 147.550531 125.731457 129.855649 130.420042 109.750412 83.772798 71.379894 69.777017 59.568502 23.324803 -1.183094 -18.968803 -53.585534 -110.050807 -183.018477 -276.759413 -348.518896 -413.842032 -451.066963 -481.859235 -515.351472 -554.873189 -544.026550 -528.907039 -533.752494 -546.569600 -551.500321 -521.883807 -503.832999 -493.990398 -507.797902 -489.834183 -463.169187 -421.479025 -379.887380 -331.737612 -276.123688 -218.890338 -180.843669 -156.987789 -112.279146 -44.539436 38.935861 121.076886 216.197348 292.736102 358.246233 409.347563 438.893788 460.951118 481.162042 474.471537 425.735827 328.091919 264.697504 235.766740 -9999.0 -9999.0 -9999.0 -9999.0 -9999.0 -9999.0 -9999.0 -9999.0 -9999.0
-9999.0 -9999.0 -1318.203990 -1124.580329 -959.930338 -774.399621 -628.753258 -525.166655 -452.838957 -364.806334 -275.905745 -198.010355 -151.200914 -130.788588 -154.764932 -203.822651 -233.888908 -233.983019 -243.803386 -260.079604 -287.338201 -298.316294 -308.372149 -317.326546 -333.418231 -342.477190 -348.686143 -360.846698 -384.916393 -433.019429 -487.258855 -539.608473 -594.045540 -618.629721 -640.280682 -662.917824 -666.739055 -667.867176 -660.697254 -659.567141 -654.650652 -643.261415 -622.521965 -601.575046 -592.479544 -586.112065 -573.877154 -550.687734 -518.060706 -478.017066 -426.635740 -371.723823 -334.184528 -322.540374 -331.985141 -324.987295 -299.931976 -248.285484 -139.338118 -6.854820 94.626918 164.051483 238.748110 292.768127 323.226868 355.859153 397.944547 395.511873 243.811920 253.963905 -9999.0 -9999.0 -9999.0 -9999.0 -9999.0 -9999.0 -9999.0 -9999.0 -9999.0 -9999.0
-9999.0 -9999.0 -9999.0 -9999.0 -1267.442232 -1109.850234 -1017.614414 -936.888967 -820.746493 -717.759809 -629.710101 -556.748195 -506.930487 -484.499501 -497.547320 -505.558758 -514.679290 -517.809869 -526.149932 -532.610248 -539.145666 -546.907027 -557.375210 -564.811197 -565.752403 -562.432736 -564.143612 -576.739493 -591.777519 -619.527400 -643.893274 -678.802476 -715.585106 -744.256721 -756.913745 -763.902088 -763.404606 -768.444862 -758.728340 -752.680999 -738.021868 -722.663977 -698.771158 -670.861680 -658.774871 -644.931344 -635.460019 -614.892872 -585.537847 -533.680201 -472.519162 -417.912032 -385.580472 -383.552304 -411.692581 -429.207859 -433.700423 -406.235325 -357.220857 -281.195724 -161.715901 -52.759861 43.230411 94.635181 128.092849 179.240620 248.414951 309.301944 -9999.0 -9999.0 -9999.0 -9999.0 -9999.0 -9999.0 -9999.0 -9999.0 -9999.0 -9999.0 -9999.0 -9999.0
-9999.0 -9999.0 -9999.0 -9999.0 -9999.0 -9999.0 -1326.158702 -1232.841923 -1144.159326 -1027.801154 -920.988966 -833.704345 -762.998722 -740.494432 -725.529269 -704.510622 -709.630180 -725.935556 -741.542296 -725.600993 -716.972558 -721.334685 -747.613951 -749.100149 -745.831988 -736.224527 -737.000704 -742.687464 -766.848092 -759.355760 -761.031783 -783.518299 -809.080966 -823.277443 -834.521756 -824.434134 -823.387587 -835.486884 -832.604974 -806.911939 -787.514271 -774.111703 -751.611016 -718.770409 -687.167731 -673.358093 -672.715352 -666.772976 -625.426304 -555.968031 -486.988981 -435.100083 -405.879915 -400.040444 -430.481236 -473.558931 -497.343962 -492.937585 -460.595253 -408.553466 -330.611679 -277.979881 -239.762293 -209.504939 -170.241668 -38.237021 -9999.0 -9999.0 -9999.0 -9999.0 -9999.0 -9999.0 -9999.0 -9999.0 -9999.0 -9999.0 -9999.0 -9999.0 -9999.0 -9999.0
-9999.0 -9999.0 -9999.0 -9999.0 -9999.0 -9999.0 -9999.0 -9999.0 -9999.0 -9999.0 -9999.0 -9999.0 -9999.0 -9999.0 -9999.0 -9999.0 -9999.0 -9999.0 -9999.0 -9999.0 -9999.0 -9999.0 -9999.0 -9999.0 -9999.0 -9999.0 -9999.0 -9999.0 -9999.0 -9999.0 -9999.0 -9999.0 -9999.0 -9999.0 -9999.0 -9999.0 -9999.0 -9999.0 -9999.0 -9999.0 -9999.0 -9999.0 -9999.0 -9999.0 -9999.0 -9999.0 -9999.0 -9999.0 -9999.0 -9999.0 -9999.0 -9999.0 -9999.0 -9999.0 -9999.0 -9999.0 -9999.0 -9999.0 -9999.0 -9999.0 -9999.0 -9999.0 -9999.0 -9999.0 -9999.0 -9999.0 -9999.0 -9999.0 -9999.0 -9999.0 -9999.0 -9999.0 -9999.0 -9999.0 -9999.0 -9999.0 -9999.0 -9999.0 -9999.0 -9999.0
-9999.0 -9999.0 -9999.0 -9999.0 -9999.0 -9999.0 -9999.0 -9999.0 -9999.0 -9999.0 -9999.0 -9999.0 -9999.0 -9999.0 -9999.0 -9999.0 -9999.0 -9999.0 -9999.0 -9999.0 -9999.0 -9999.0 -9999.0 -9999.0 -9999.0 -9999.0 -9999.0 -9999.0 -9999.0 -9999.0 -9999.0 -9999.0 -9999.0 -9999.0 -9999.0 -9999.0 -9999.0 -9999.0 -9999.0 -9999.0 -9999.0 -9999.0 -9999.0 -9999.0 -9999.0 -9999.0 -9999.0 -9999.0 -9999.0 -9999.0 -9999.0 -9999.0 -9999.0 -9999.0 -9999.0 -9999.0 -9999.0 -9999.0 -9999.0 -9999.0 -9999.0 -9999.0 -9999.0 -9999.0 -9999.0 -9999.0 -9999.0 -9999.0 -9999.0 -9999.0 -9999.0 -9999.0 -9999.0 -9999.0 -9999.0 -9999.0 -9999.0 -9999.0 -9999.0 -9999.0