Borden_/Borden1m_014/output_maps/psiliqL0020N0001.asc
ncols         80
nrows         18
xllcorner     620200.000000
yllcorner     5168000.000000
cellsize      1.000000
NODATA_value  -9999.0
-9999.0 -9999.0 -9999.0 -9999.0 -9999.0 -9999.0 -9999.0 -9999.0 -9999.0 -9999.0 -9999.0 -9999.0 -9999.0 -9999.0 -9999.0 -9999.0 -9999.0 -9999.0 -9999.0 -9999.0 -9999.0 -9999.0 -9999.0 -9999.0 -9999.0 -9999.0 -9999.0 -9999.0 -9999.0 -9999.0 -9999.0 -9999.0 -9999.0 -9999.0 -9999.0 -9999.0 -9999.0 -9999.0 -9999.0 -9999.0 -9999.0 -9999.0 -9999.0 -9999.0 -9999.0 -9999.0 -9999.0 -9999.0 -9999.0 -9999.0 -9999.0 -9999.0 -9999.0 -9999.0 -9999.0 -9999.0 -9999.0 -9999.0 -9999.0 -9999.0 -9999.0 -9999.0 -9999.0 -9999.0 -9999.0 -9999.0 -9999.0 -9999.0 -9999.0 -9999.0 -9999.0 -9999.0 -9999.0 -9999.0 -9999.0 -9999.0 -9999.0 -9999.0 -9999.0 -9999.0
-9999.0 -9999.0 -9999.0 -9999.0 -9999.0 -9999.0 -9999.0 -9999.0 -9999.0 -9999.0 -9999.0 -9999.0 -9999.0 -9999.0 -9999.0 -9999.0 -9999.0 -9999.0 -9999.0 -9999.0 -9999.0 -9999.0 -9999.0 -9999.0 -9999.0 -9999.0 -9999.0 -9999.0 -9999.0 -9999.0 -9999.0 -9999.0 -9999.0 -9999.0 -9999.0 -9999.0 -9999.0 -9999.0 -9999.0 -9999.0 -9999.0 -9999.0 -9999.0 -9999.0 -9999.0 -9999.0 -9999.0 -9999.0 -9999.0 -9999.0 -9999.0 -9999.0 -9999.0 -9999.0 -9999.0 -9999.0 -9999.0 -9999.0 -9999.0 -9999.0 -9999.0 -9999.0 -9999.0 -9999.0 -9999.0 -9999.0 -9999.0 -9999.0 -9999.0 -9999.0 -9999.0 -9999.0 -9999.0 -9999.0 -9999.0 -9999.0 -9999.0 -9999.0 -9999.0 -9999.0
-9999.0 -9999.0 -9999.0 -9999.0 -9999.0 -9999.0 -9999.0 -9999.0 -9999.0 -9999.0 -9999.0 -9999.0 -9999.0 -9999.0 -9999.0 -9999.0 -9999.0 -9999.0 -9999.0 -9999.0 2126.312822 2127.939721 2105.903993 2071.837369 2043.541790 2045.287909 2078.641481 2119.070161 2157.170014 2165.354271 2146.589710 2149.615974 2145.096628 2142.211402 2143.536328 2150.846193 2156.315015 2166.535561 2173.862228 2172.116837 2165.073739 2159.751494 2160.929947 2163.030528 2168.789056 2156.188968 2171.269107 2187.144222 2192.164617 2188.409922 2163.319769 2150.007539 2141.969190 2126.879820 2152.797534 2164.845324 2188.198763 2192.837398 2191.284475 2164.708775 2134.850550 -9999.0 -9999.0 -9999.0 -9999.0 -9999.0 -9999.0 -9999.0 -9999.0 -9999.0 -9999.0 -9999.0 -9999.0 -9999.0 -9999.0 -9999.0 -9999.0 -9999.0 -9999.0 -9999.0
-9999.0 -9999.0 -9999.0 -9999.0 -9999.0 -9999.0 -9999.0 -9999.0 -9999.0 -9999.0 -9999.0 -9999.0 -9999.0 -9999.0 2036.792851 2027.470674 2024.354422 2031.794353 2064.377502 2094.271928 2106.116278 2098.520006 2098.231263 2073.799019 2051.778501 2064.738437 2093.852889 2124.189944 2157.262606 2175.234440 2163.662714 2161.151292 2169.536542 2192.177329 2202.677734 2199.660970 2181.080106 2204.980428 2218.969270 2224.712083 2222.836751 2213.221181 2223.394751 2237.792506 2230.784297 2214.962773 2223.575399 2237.297866 2248.815505 2238.198042 2177.761723 2162.630249 2159.435126 2154.792027 2141.962330 2137.421771 2164.666025 2164.848812 2157.569015 2140.472923 2107.883406 2063.352984 2045.135996 2085.294013 2129.476984 2186.557963 -9999.0 -9999.0 -9999.0 -9999.0 -9999.0 -9999.0 -9999.0 -9999.0 -9999.0 -9999.0 -9999.0 -9999.0 -9999.0 -9999.0
-9999.0 -9999.0 -9999.0 -9999.0 -9999.0 -9999.0 -9999.0 -9999.0 -9999.0 1980.039760 1985.058812 1991.835340 1993.849451 2008.887147 2005.927661 2012.576661 2017.543010 2043.981293 2073.542796 2107.192052 2134.507723 2124.955398 2123.977997 2130.307583 2128.714280 2138.267524 2158.842925 2196.692468 2230.494136 2267.111254 2235.504397 2232.043913 2250.989882 2295.854328 2324.243545 2328.996170 2311.139142 2323.990759 2347.599079 2365.295140 2362.202540 2357.108653 2381.125147 2395.070484 2392.471491 2372.425165 2367.104835 2371.579471 2398.780687 2348.105312 2282.448489 2238.514047 2249.152005 2225.043021 2194.608591 2179.679667 2178.978871 2199.906180 2187.189896 2152.369286 2118.393869 2107.668778 2091.280820 2111.103120 2134.556687 2181.511852 2221.236683 2251.002551 2251.122514 2234.181346 -9999.0 -9999.0 -9999.0 -9999.0 -9999.0 -9999.0 -9999.0 -9999.0 -9999.0 -9999.0
-9999.0 -9999.0 -9999.0 -9999.0 -9999.0 -9999.0 1901.857767 1911.593111 1931.714503 1935.043278 1960.465373 1966.155957 1985.220809 2002.811812 2023.830546 2037.615314 2064.013321 2094.214289 2131.468506 2170.886918 2200.110286 2190.848771 2198.000127 2221.720483 2253.992999 2278.077747 2301.947899 2339.850491 2411.776454 2448.866577 2447.866267 2451.280027 2462.371078 2514.713278 2580.631410 2593.640536 2574.327711 2561.092024 2582.543789 2618.018850 2618.419576 2617.606769 2630.546620 2640.641104 2667.050356 2657.409827 2618.981155 2609.667246 2612.709166 2592.065919 2525.322310 2463.313869 2436.900848 2389.609322 2309.012695 2261.124438 2276.019587 2299.070191 2274.449998 2224.001919 2188.187593 2181.006449 2168.921370 2159.963543 2170.508766 2192.724847 2216.876777 2230.388687 2218.861221 2198.626743 2176.946322 2149.047448 2151.737247 2177.088598 -9999.0 -9999.0 -9999.0 -9999.0 -9999.0 -9999.0
-9999.0 -9999.0 -9999.0 -9999.0 1852.702568 1865.084625 1850.986521 1875.885523 1907.398859 1940.398609 1969.032358 2002.121081 2026.165892 2053.579454 2089.187001 2115.907707 2150.996915 2181.719265 2231.336543 2295.288058 2342.649339 2360.518658 2371.292352 2425.059428 2484.461750 2536.537725 2558.377433 2585.442426 2629.277305 2685.715443 2709.786430 2715.804667 2736.601869 2780.685043 2835.841065 2812.353643 2795.542297 2787.397073 2795.216171 2807.543745 2829.630024 2829.777065 2830.831037 2833.873845 2840.037465 2839.270337 2814.939307 2782.580775 2827.932702 2815.405662 2777.549129 2702.732540 2666.084383 2636.668387 2598.145117 2544.129200 2486.590681 2478.552723 2423.601152 2368.371703 2313.081767 2298.760459 2274.269936 2254.932425 2233.418263 2242.028464 2251.240939 2235.052067 2205.400224 2175.758602 2162.698174 2145.345295 2134.912251 2166.031563 2184.171383 2214.365817 -9999.0 -9999.0 -9999.0 -9999.0
-9999.0 -9999.0 1794.742718 1841.137643 1897.135672 1903.403330 1898.995687 1901.990035 1928.044838 1977.266673 2044.420812 2085.858052 2119.495079 2150.146866 2204.336352 2272.789397 2335.988508 2378.937347 2437.483218 2507.990624 2570.290391 2600.058133 2612.823582 2652.495976 2709.688275 2780.045607 2811.329065 2839.303159 2806.330213 2839.499254 2840.463775 2852.559008 2862.998953 2870.977192 2881.522376 2886.274678 2882.249898 2877.829823 2859.769411 2855.375402 2862.016911 2868.453886 2868.635766 2854.598465 2850.670333 2864.999292 2870.131449 2868.771269 2867.269950 2873.149557 2872.570946 2829.331318 2802.694087 2788.907270 2834.342741 2786.471267 2717.250839 2678.387673 2656.773754 2612.057549 2535.492303 2490.010205 2445.164494 2404.964896 2361.722497 2342.222116 2305.492445 2270.859874 2230.516731 2188.952506 2169.150026 2154.280596 2153.983007 2155.217600 2172.869464 2188.898723 2204.920881 2213.030024 -9999.0 -9999.0
-9999.0 1688.819260 1759.898861 1882.639166 1959.682762 1998.025452 2015.887693 2026.829057 2051.777444 2078.971105 2171.680001 2237.972171 2321.774878 2357.879444 2403.348451 2495.869658 2587.740985 2632.823838 2672.238257 2735.298685 2802.545139 2794.827669 2819.881120 2813.491690 2848.698680 2869.074648 2874.126102 2878.885474 2876.571336 2868.290496 2860.831370 2867.848360 2865.363093 2847.165224 2832.028366 2830.638347 2827.453535 2805.011357 2842.260509 2827.051849 2828.728417 2789.974543 2839.411688 2817.789083 2813.582420 2835.310468 2793.141161 2783.037187 2832.287221 2786.461006 2819.757959 2841.953576 2847.225730 2864.609010 2885.456756 2858.263676 2833.833748 2792.672627 2835.072452 2805.212166 2743.962562 2683.663059 2629.700312 2571.900423 2513.085283 2457.059089 2404.868690 2353.756415 2297.382266 2263.236370 2237.800453 2193.352421 2178.313029 2184.175087 2178.520512 2177.182561 2184.182671 2190.869297 -9999.0 -9999.0
-9999.0 1600.434138 1740.149625 1919.228236 2061.587016 2107.217784 2184.671061 2248.195210 2266.818766 2224.446533 2325.892118 2539.453638 2651.055935 2670.319468 2746.756307 2789.559265 2787.499661 2816.286757 2836.874880 2853.190263 2866.506323 2877.515119 2874.950992 2868.835574 2853.044640 2845.198906 2844.509550 2842.629748 2826.033495 2807.795191 2791.526960 2789.143242 2830.514051 2780.248185 2743.321817 2724.232654 2707.198679 2691.837143 2664.311706 2638.446219 2621.175170 2634.776079 2631.469202 2614.007122 2609.586343 2631.326491 2661.023556 2657.133529 2666.882403 2684.694586 2721.118842 2760.619625 2785.143077 2818.349507 2797.134917 2841.625419 2853.037703 2874.768073 2878.578317 2864.308244 2820.575749 2830.949224 2795.236766 2732.026707 2664.221187 2591.866581 2536.802847 2485.699759 2426.325494 2388.943736 2348.521652 2295.514803 2249.817538 2237.725775 2203.503891 2188.536156 -9999.0 -9999.0 -9999.0 -9999.0
-9999.0 1509.905562 1692.334726 1938.141337 2217.647339 2302.945235 2498.628375 2615.979347 2662.962254 2732.396309 2664.024373 2798.395787 2838.758930 2830.574427 2834.730771 2836.032068 2848.922195 2848.999809 2843.987285 2833.487496 2824.613376 2820.597391 2819.316618 2811.538911 2799.222657 2784.964121 2836.853561 2822.004616 2780.885620 2744.629557 2704.881414 2689.944616 2648.354143 2553.479719 2511.178615 2473.756869 2416.376564 2415.822627 2417.554052 2391.812915 2373.464776 2349.166111 2374.534356 2382.155763 2384.957895 2383.395706 2395.674731 2420.808654 2464.853728 2497.951839 2537.752069 2586.953721 2622.114071 2665.324514 2709.559415 2767.022820 2803.840507 2837.781880 2822.962695 2859.280067 2881.362674 2869.190983 2847.880934 2806.624317 2798.611322 2738.574303 2698.589824 2636.782961 2582.559282 2536.017799 2490.966421 2439.284409 2378.900138 2318.739427 2283.908385 -9999.0 -9999.0 -9999.0 -9999.0 -9999.0
-9999.0 1309.189714 1573.285834 1846.880767 2135.897288 2462.505144 2606.960278 2714.227332 2780.260114 2756.381689 2772.179457 2786.367150 2782.762760 2788.044305 2817.767041 2806.568289 2791.487943 2789.699130 2800.994259 2772.210583 2740.596360 2726.438186 2726.416157 2715.217376 2691.893792 2676.074816 2666.261283 2645.362805 2596.197469 2544.730334 2462.218194 2430.931647 2354.939590 2309.034972 2269.698078 2222.792828 2176.453810 2179.780592 2201.670107 2190.439628 2169.668245 2152.249266 2180.070736 2199.263896 2211.575891 2197.314552 2204.248286 2237.687725 2283.463706 2323.090164 2367.209481 2416.323123 2458.241308 2500.845150 2527.660694 2573.750416 2622.880676 2669.762597 2743.684123 2825.696757 2802.879182 2835.607742 2866.588484 2887.500954 2845.933595 2817.765235 2795.390407 2782.841306 2718.995498 2674.258181 2641.445675 2582.778661 2523.651311 -9999.0 -9999.0 -9999.0 -9999.0 -9999.0 -9999.0 -9999.0
-9999.0 1189.620818 1394.335451 1602.136980 1864.117470 2090.975633 2290.928952 2384.890892 2456.744855 2508.970331 2553.076384 2588.864539 2618.186152 2640.855795 2620.354097 2576.212396 2545.258265 2548.849772 2541.358622 2517.547573 2487.849847 2473.422801 2470.877056 2465.259759 2442.943898 2431.022591 2422.571863 2401.947063 2373.520967 2320.957710 2247.509056 2177.037245 2121.930653 2097.891343 2073.211630 2044.793291 2014.762431 2027.378330 2040.736989 2039.513397 2031.342107 2030.106917 2059.131414 2078.324297 2087.822931 2076.092928 2093.990422 2117.754932 2155.423897 2194.589600 2239.022777 2288.919342 2337.425814 2360.252566 2367.050974 2384.766166 2417.906863 2466.075679 2547.128059 2640.005126 2717.616775 2767.335708 2822.298852 2805.555889 2831.068562 2860.466882 2879.055304 2868.971444 2844.840279 2813.184120 2749.725063 -9999.0 -9999.0 -9999.0 -9999.0 -9999.0 -9999.0 -9999.0 -9999.0 -9999.0
-9999.0 -9999.0 1164.368404 1327.405902 1441.831325 1607.792645 1747.933532 1850.969160 1941.236506 2064.694469 2175.377595 2261.774423 2305.221443 2321.097709 2306.954260 2276.365777 2256.802716 2256.294300 2245.136913 2236.062298 2218.485453 2211.844627 2200.577148 2193.303084 2186.704147 2184.200914 2181.147047 2172.403090 2154.304253 2111.969156 2070.863270 2024.927862 1976.836145 1954.880330 1936.230573 1918.100611 1920.285708 1916.867187 1923.147312 1925.795587 1934.231578 1947.690365 1967.443301 1989.610761 1999.040544 2007.991133 2019.068539 2040.840966 2071.169028 2110.723184 2161.405387 2215.499292 2251.180927 2259.113420 2243.816782 2242.425919 2255.028282 2288.760768 2358.465344 2432.740281 2522.810013 2590.554276 2663.098904 2718.981912 2744.761517 2776.856470 2809.608312 2856.729225 2893.311902 2871.808033 -9999.0 -9999.0 -9999.0 -9999.0 -9999.0 -9999.0 -9999.0 -9999.0 -9999.0 -9999.0
-9999.0 -9999.0 -9999.0 -9999.0 1183.305704 1331.495566 1425.079810 1502.610361 1629.660918 1750.692507 1850.091195 1932.295430 1995.039447 2020.094069 2017.418622 2027.205446 2024.002522 2016.556339 2006.415089 2007.969736 2009.603076 2003.114140 1988.378630 1982.249797 1985.306053 1992.510428 1991.529434 1979.737113 1963.725384 1946.797042 1931.775259 1901.179081 1868.850131 1842.263883 1831.249745 1828.055649 1829.125390 1822.747710 1832.011291 1840.505832 1856.319972 1871.633325 1895.253391 1924.388558 1938.255829 1952.527475 1961.124576 1979.884552 2008.403776 2059.568748 2120.565638 2175.920984 2208.964820 2209.679347 2181.211623 2160.955684 2151.097309 2171.476632 2206.229547 2262.010722 2353.672315 2418.869324 2469.180410 2511.999982 2549.177256 2610.214181 2689.285126 2749.088189 -9999.0 -9999.0 -9999.0 -9999.0 -9999.0 -9999.0 -9999.0 -9999.0 -9999.0 -9999.0 -9999.0 -9999.0
-9999.0 -9999.0 -9999.0 -9999.0 -9999.0 -9999.0 1145.404206 1246.326764 1317.985946 1458.798981 1591.965247 1692.891821 1772.173968 1804.121234 1832.616743 1860.319321 1859.265862 1840.188608 1820.209566 1840.431927 1856.792480 1851.198716 1820.854103 1821.987551 1828.647283 1837.857654 1836.876942 1832.287109 1809.331530 1825.000569 1829.346890 1808.517414 1784.833833 1773.339645 1763.182087 1774.212496 1775.459499 1762.377321 1762.902437 1790.605691 1811.457413 1824.582503 1846.024584 1879.074177 1911.186079 1926.136119 1926.675867 1931.354135 1968.910280 2036.992573 2106.834691 2160.411673 2190.492562 2195.329684 2164.605531 2120.491946 2095.241001 2095.884124 2122.506426 2165.124475 2230.227032 2269.563829 2286.269455 2293.398844 2309.564606 2405.056052 -9999.0 -9999.0 -9999.0 -9999.0 -9999.0 -9999.0 -9999.0 -9999.0 -9999.0 -9999.0 -9999.0 -9999.0 -9999.0 -9999.0
-9999.0 -9999.0 -9999.0 -9999.0 -9999.0 -9999.0 -9999.0 -9999.0 -9999.0 -9999.0 -9999.0 -9999.0 -9999.0 -9999.0 -9999.0 -9999.0 -9999.0 -9999.0 -9999.0 -9999.0 -9999.0 -9999.0 -9999.0 -9999.0 -9999.0 -9999.0 -9999.0 -9999.0 -9999.0 -9999.0 -9999.0 -9999.0 -9999.0 -9999.0 -9999.0 -9999.0 -9999.0 -9999.0 -9999.0 -9999.0 -9999.0 -9999.0 -9999.0 -9999.0 -9999.0 -9999.0 -9999.0 -9999.0 -9999.0 -9999.0 -9999.0 -9999.0 -9999.0 -9999.0 -9999.0 -9999.0 -9999.0 -9999.0 -9999.0 -9999.0 -9999.0 -9999.0 -9999.0 -9999.0 -9999.0 -9999.0 -9999.0 -9999.0 -9999.0 -9999.0 -9999.0 -9999.0 -9999.0 -9999.0 -9999.0 -9999.0 -9999.0 -9999.0 -9999.0 -9999.0
-9999.0 -9999.0 -9999.0 -9999.0 -9999.0 -9999.0 -9999.0 -9999.0 -9999.0 -9999.0 -9999.0 -9999.0 -9999.0 -9999.0 -9999.0 -9999.0 -9999.0 -9999.0 -9999.0 -9999.0 -9999.0 -9999.0 -9999.0 -9999.0 -9999.0 -9999.0 -9999.0 -9999.0 -9999.0 -9999.0 -9999.0 -9999.0 -9999.0 -9999.0 -9999.0 -9999.0 -9999.0 -9999.0 -9999.0 -9999.0 -9999.0 -9999.0 -9999.0 -9999.0 -9999.0 -9999.0 -9999.0 -9999.0 -9999.0 -9999.0 -9999.0 -9999.0 -9999.0 -9999.0 -9999.0 -9999.0 -9999.0 -9999.0 -9999.0 -9999.0 -9999.0 -9999.0 -9999.0 -9999.0 -9999.0 -9999.0 -9999.0 -9999.0 -9999.0 -9999.0 -9999.0 -9999.0 -9999.0 -9999.0 -9999.0 -9999.0 -9999.0 -9999.0 -9999.0 -9999.0