Borden_/Borden1m_014/output_maps/psiliqL0013N0016.asc
ncols         80
nrows         18
xllcorner     620200.000000
yllcorner     5168000.000000
cellsize      1.000000
NODATA_value  -9999.0
-9999.0 -9999.0 -9999.0 -9999.0 -9999.0 -9999.0 -9999.0 -9999.0 -9999.0 -9999.0 -9999.0 -9999.0 -9999.0 -9999.0 -9999.0 -9999.0 -9999.0 -9999.0 -9999.0 -9999.0 -9999.0 -9999.0 -9999.0 -9999.0 -9999.0 -9999.0 -9999.0 -9999.0 -9999.0 -9999.0 -9999.0 -9999.0 -9999.0 -9999.0 -9999.0 -9999.0 -9999.0 -9999.0 -9999.0 -9999.0 -9999.0 -9999.0 -9999.0 -9999.0 -9999.0 -9999.0 -9999.0 -9999.0 -9999.0 -9999.0 -9999.0 -9999.0 -9999.0 -9999.0 -9999.0 -9999.0 -9999.0 -9999.0 -9999.0 -9999.0 -9999.0 -9999.0 -9999.0 -9999.0 -9999.0 -9999.0 -9999.0 -9999.0 -9999.0 -9999.0 -9999.0 -9999.0 -9999.0 -9999.0 -9999.0 -9999.0 -9999.0 -9999.0 -9999.0 -9999.0
-9999.0 -9999.0 -9999.0 -9999.0 -9999.0 -9999.0 -9999.0 -9999.0 -9999.0 -9999.0 -9999.0 -9999.0 -9999.0 -9999.0 -9999.0 -9999.0 -9999.0 -9999.0 -9999.0 -9999.0 -9999.0 -9999.0 -9999.0 -9999.0 -9999.0 -9999.0 -9999.0 -9999.0 -9999.0 -9999.0 -9999.0 -9999.0 -9999.0 -9999.0 -9999.0 -9999.0 -9999.0 -9999.0 -9999.0 -9999.0 -9999.0 -9999.0 -9999.0 -9999.0 -9999.0 -9999.0 -9999.0 -9999.0 -9999.0 -9999.0 -9999.0 -9999.0 -9999.0 -9999.0 -9999.0 -9999.0 -9999.0 -9999.0 -9999.0 -9999.0 -9999.0 -9999.0 -9999.0 -9999.0 -9999.0 -9999.0 -9999.0 -9999.0 -9999.0 -9999.0 -9999.0 -9999.0 -9999.0 -9999.0 -9999.0 -9999.0 -9999.0 -9999.0 -9999.0 -9999.0
-9999.0 -9999.0 -9999.0 -9999.0 -9999.0 -9999.0 -9999.0 -9999.0 -9999.0 -9999.0 -9999.0 -9999.0 -9999.0 -9999.0 -9999.0 -9999.0 -9999.0 -9999.0 -9999.0 -9999.0 745.662782 748.736634 727.334771 694.644052 667.855339 671.324831 707.204077 749.487260 788.831176 799.915246 783.384142 787.561693 785.240680 786.634253 791.179607 799.319453 804.297031 816.054939 824.540949 823.899482 817.413197 811.858053 811.664747 814.639062 819.948953 809.588595 823.757496 839.103059 844.139352 837.848406 808.846090 790.791027 779.478978 762.010943 784.694639 794.961910 816.064537 818.558380 815.435324 787.243036 756.436511 -9999.0 -9999.0 -9999.0 -9999.0 -9999.0 -9999.0 -9999.0 -9999.0 -9999.0 -9999.0 -9999.0 -9999.0 -9999.0 -9999.0 -9999.0 -9999.0 -9999.0 -9999.0 -9999.0
-9999.0 -9999.0 -9999.0 -9999.0 -9999.0 -9999.0 -9999.0 -9999.0 -9999.0 -9999.0 -9999.0 -9999.0 -9999.0 -9999.0 651.662947 642.683990 640.932976 650.629010 685.625921 717.012778 729.715585 723.200684 724.541916 702.649595 684.125605 700.055894 731.290450 764.007574 799.429200 820.792186 810.914065 811.215012 824.732235 854.453343 870.451401 869.577466 850.950686 874.862347 890.570657 898.529071 897.054357 887.969043 900.699964 916.213358 909.406873 892.742945 898.681016 911.384909 923.911891 908.646423 842.109770 818.386979 810.287587 800.650801 784.593074 776.307316 799.483528 797.458675 787.160242 767.583179 733.795478 689.012905 669.582688 707.155019 750.090000 806.676109 -9999.0 -9999.0 -9999.0 -9999.0 -9999.0 -9999.0 -9999.0 -9999.0 -9999.0 -9999.0 -9999.0 -9999.0 -9999.0 -9999.0
-9999.0 -9999.0 -9999.0 -9999.0 -9999.0 -9999.0 -9999.0 -9999.0 -9999.0 592.041982 596.880986 604.855064 607.946834 624.526930 623.130633 631.416772 640.061930 668.597343 701.711330 738.944232 769.408271 761.854665 764.422002 778.133736 786.627439 802.396385 826.072655 867.617241 908.560309 950.852558 924.868465 927.196962 954.069991 1010.817612 1049.612632 1059.333370 1042.968710 1051.656533 1076.118713 1096.717257 1094.126741 1090.524776 1114.283205 1127.510117 1129.383710 1110.909235 1100.362447 1102.636708 1128.590503 1075.935264 1005.637895 945.605586 940.692351 905.626889 864.496312 841.567300 835.355324 851.803233 833.053965 793.158310 754.816834 742.181137 722.938795 738.129004 758.869789 803.920824 841.672281 868.926132 867.418661 849.119064 -9999.0 -9999.0 -9999.0 -9999.0 -9999.0 -9999.0 -9999.0 -9999.0 -9999.0 -9999.0
-9999.0 -9999.0 -9999.0 -9999.0 -9999.0 -9999.0 512.745374 522.632828 543.424662 548.805332 574.729499 583.081237 604.777613 625.441926 648.537391 667.220558 699.680542 735.299425 780.209474 828.253646 863.913946 861.525835 875.305492 913.551224 965.109224 1002.503011 1030.391224 1070.329296 1145.821823 1188.928584 1200.706250 1212.949915 1237.231940 1303.815765 1374.207165 1391.467160 1374.013225 1360.728385 1378.294005 1409.307911 1411.281581 1409.944155 1417.740272 1425.643091 1450.743513 1444.559594 1411.602720 1402.071250 1401.741035 1386.324554 1321.216408 1240.397843 1188.613401 1131.861003 1047.122958 989.238994 988.312016 995.704064 958.054880 899.389729 854.691975 840.067584 820.615830 803.621367 806.800798 823.347498 843.557860 852.677705 837.962243 815.471361 791.505405 761.387014 761.920728 786.258517 -9999.0 -9999.0 -9999.0 -9999.0 -9999.0 -9999.0
-9999.0 -9999.0 -9999.0 -9999.0 462.351559 475.802664 464.414238 489.979578 523.370008 558.283858 591.499517 629.969970 658.927322 691.375293 735.438943 775.054017 821.269637 861.735426 925.018427 1005.376855 1063.742529 1091.345963 1110.771738 1181.851900 1269.682048 1334.742971 1357.342368 1380.819815 1416.536732 1469.644876 1494.595772 1503.789386 1527.264921 1568.006987 1615.067559 1646.942736 1632.348833 1626.318159 1630.953733 1639.226936 1659.504500 1658.875704 1659.620117 1661.222170 1665.448967 1666.846918 1647.956238 1620.663580 1610.881717 1603.249276 1574.475317 1503.045709 1459.835341 1430.859752 1401.509916 1351.673970 1278.498924 1240.084308 1168.778763 1105.860369 1038.875982 1008.722893 966.645069 933.463807 898.267927 893.809720 892.164387 867.987450 833.045539 798.341140 781.149413 760.330496 747.675943 776.054887 792.393631 821.973591 -9999.0 -9999.0 -9999.0 -9999.0
-9999.0 -9999.0 402.178017 451.879959 509.681291 519.932044 522.492159 529.613394 559.016627 612.366609 690.770714 744.754163 790.536297 827.650568 894.472132 985.326174 1064.557734 1120.469176 1195.052037 1288.860175 1360.270058 1393.994878 1410.123577 1450.761094 1511.534409 1574.074866 1598.615549 1620.047040 1644.075540 1671.474965 1683.369518 1698.281614 1708.642939 1712.997663 1718.277666 1718.900829 1715.226964 1711.231112 1694.116152 1690.380581 1696.253746 1699.993357 1701.769607 1689.244694 1685.851293 1699.841629 1705.242296 1707.852056 1710.894948 1719.646351 1723.757249 1685.460330 1646.121316 1632.903285 1625.926786 1585.288093 1522.819120 1476.635130 1452.137162 1412.567985 1338.115775 1276.350333 1201.559263 1139.883035 1077.573134 1032.989265 976.770087 927.482223 875.852401 825.877916 798.759413 777.061881 771.372044 768.519276 782.377664 796.114933 810.232252 817.389080 -9999.0 -9999.0
-9999.0 299.673250 372.715062 500.547998 582.523612 630.612845 668.678836 695.865061 725.100669 750.791064 860.554038 960.864538 1055.328321 1096.408617 1159.651903 1278.136037 1378.226159 1425.846627 1468.387945 1530.537668 1589.952844 1632.536193 1657.072412 1672.001982 1706.367154 1717.881468 1719.818224 1721.423247 1715.458625 1706.475102 1696.726310 1703.517756 1701.938195 1685.698967 1670.547742 1665.809346 1658.879031 1636.684049 1611.782476 1599.318903 1602.256670 1623.674260 1613.093829 1594.532255 1591.402741 1611.250111 1629.771340 1624.308232 1617.246542 1637.750239 1670.990264 1690.071903 1700.603997 1716.408051 1736.523136 1711.377301 1682.466614 1642.859370 1625.998233 1602.245132 1552.338596 1494.523412 1437.642144 1376.753609 1301.709954 1208.260411 1128.896817 1054.782273 979.052287 931.767841 894.337113 836.643353 808.633300 804.389448 791.332304 785.720520 789.824606 795.327043 -9999.0 -9999.0
-9999.0 221.500090 365.037467 552.004975 704.549348 772.789648 890.323257 974.943785 1003.309289 979.256217 1093.341172 1327.094219 1428.167911 1446.202262 1518.346552 1608.561989 1635.020042 1667.725856 1691.319885 1701.383432 1707.834157 1714.681929 1710.794519 1704.373302 1691.190061 1685.024033 1685.316125 1684.122015 1668.734651 1650.457885 1631.836828 1627.212361 1611.248852 1572.069107 1539.308011 1516.162990 1492.990217 1471.743307 1441.258883 1417.524281 1404.722810 1421.133892 1414.528312 1399.224086 1395.811896 1416.657130 1448.356261 1447.361376 1462.002843 1493.814634 1536.344511 1572.588830 1592.530511 1620.481741 1654.194551 1693.510266 1707.402905 1727.672139 1732.163821 1714.111261 1675.910044 1630.976507 1602.933499 1549.897869 1483.374455 1402.814163 1331.028837 1250.967556 1166.614707 1110.578591 1051.924515 978.153205 909.483018 871.617778 824.740933 800.396259 -9999.0 -9999.0 -9999.0 -9999.0
-9999.0 145.917511 336.013583 599.454516 879.493635 1014.624039 1245.437692 1378.487463 1432.452575 1496.426813 1487.620237 1625.480842 1660.905906 1656.310889 1653.499288 1660.026856 1677.370441 1682.751463 1681.109343 1673.672159 1665.900532 1660.307882 1656.183863 1647.388263 1635.607550 1622.573493 1612.274777 1603.192931 1570.417165 1537.538010 1496.071312 1476.324258 1438.502094 1351.143631 1304.552439 1253.939748 1176.307065 1161.335880 1151.930605 1123.129929 1103.956972 1085.112473 1106.366800 1110.214354 1112.446438 1117.185439 1136.640758 1164.749443 1222.258572 1283.424709 1340.329003 1394.360742 1429.640978 1476.402448 1525.380183 1577.451588 1605.518118 1633.141183 1676.528737 1713.352220 1736.790319 1728.620871 1704.887289 1668.088055 1608.812684 1552.415522 1510.430660 1441.646363 1380.190287 1326.925453 1266.467161 1180.907207 1090.307651 970.494171 916.351747 -9999.0 -9999.0 -9999.0 -9999.0 -9999.0
-9999.0 -27.518532 241.495600 535.588197 865.745397 1218.367521 1363.030705 1499.805297 1570.939421 1535.974815 1540.648720 1561.116601 1599.494749 1607.235389 1591.341067 1587.555906 1580.359583 1582.221107 1596.251354 1572.604672 1543.548189 1524.714018 1517.156804 1500.675211 1475.383418 1458.392178 1447.581606 1430.321199 1385.065937 1328.802967 1228.617076 1185.713253 1103.714309 1042.710786 993.832286 936.631831 876.732794 870.946929 886.055812 870.333505 848.067383 829.735136 856.266753 873.719966 885.884775 875.549259 885.945543 924.788969 980.756089 1035.097543 1093.001438 1153.096281 1207.969175 1273.595840 1324.643367 1380.955884 1428.033013 1475.831178 1550.893474 1625.667227 1660.216937 1693.171195 1727.177973 1745.806142 1701.065658 1659.708822 1619.853319 1572.445336 1505.134295 1472.167633 1445.824254 1385.189442 1318.042392 -9999.0 -9999.0 -9999.0 -9999.0 -9999.0 -9999.0 -9999.0
-9999.0 -156.564018 66.923725 304.192242 599.332972 849.754390 1054.395087 1188.182366 1276.124078 1309.979660 1343.267522 1374.708814 1402.965685 1424.801552 1406.534266 1373.609813 1349.613068 1355.089575 1352.293051 1327.798634 1292.721620 1263.142553 1246.291959 1228.443780 1195.119301 1175.770787 1162.971374 1139.288520 1103.660370 1044.117438 955.250946 877.388121 812.145569 776.904193 744.638771 708.546326 668.824030 677.367652 689.916656 685.793999 674.638622 671.304980 700.825506 719.905866 730.262887 718.537147 738.237872 766.599857 811.055851 857.628733 910.056649 968.351399 1026.769353 1064.977623 1089.189353 1122.241784 1169.499625 1238.987834 1345.929823 1448.912595 1531.606180 1580.654002 1630.200898 1664.663671 1680.026403 1697.444077 1679.511881 1607.595509 1497.954259 1526.965867 1539.704048 -9999.0 -9999.0 -9999.0 -9999.0 -9999.0 -9999.0 -9999.0 -9999.0 -9999.0
-9999.0 -9999.0 -168.793397 14.117978 161.395297 347.873462 504.664059 622.491480 712.973654 823.712165 927.144107 1008.372465 1051.008322 1068.398061 1054.732554 1021.624722 1000.439433 1000.881785 990.591365 976.976946 951.093397 935.374120 918.051284 904.768873 889.618934 881.053303 874.370686 862.096364 838.702384 789.861815 736.490153 681.942489 626.263880 599.542412 576.368915 553.096362 549.740257 545.975998 551.772243 553.062857 559.342665 571.666109 592.160356 614.037860 623.827692 632.183339 645.147034 669.643798 704.051664 747.570310 802.750588 861.572744 903.241690 919.326289 914.045192 923.434132 949.749460 1002.311694 1098.955496 1201.753694 1322.349946 1405.217658 1483.395613 1543.825049 1564.840838 1582.917885 1600.979556 1529.830133 1133.518441 1438.605188 -9999.0 -9999.0 -9999.0 -9999.0 -9999.0 -9999.0 -9999.0 -9999.0 -9999.0 -9999.0
-9999.0 -9999.0 -9999.0 -9999.0 -129.082337 28.728736 126.460098 212.416831 341.319346 459.774172 558.855354 640.230735 698.912407 724.627297 718.243446 719.835088 714.192404 708.993317 699.098226 694.875673 689.583441 678.931040 663.070862 653.346341 651.858061 655.052786 652.020163 638.069414 620.474984 595.115842 571.984175 536.040625 498.633579 468.693141 454.936268 448.132795 447.636972 441.054944 449.992644 456.869978 471.969196 487.374956 511.360033 540.163291 553.523694 568.189223 578.183733 599.270647 630.141631 684.105964 748.020359 806.088025 842.276675 847.865720 824.397263 810.770938 810.169237 842.874086 896.141288 975.099967 1091.830248 1179.579328 1259.976070 1333.699856 1380.004150 1432.126524 1499.065391 1531.602256 -9999.0 -9999.0 -9999.0 -9999.0 -9999.0 -9999.0 -9999.0 -9999.0 -9999.0 -9999.0 -9999.0 -9999.0
-9999.0 -9999.0 -9999.0 -9999.0 -9999.0 -9999.0 -177.491127 -77.088650 8.095093 141.486505 265.962451 364.211348 442.414659 471.683868 494.584144 519.783852 516.883212 498.930093 480.453624 497.311964 507.916792 500.885776 470.510949 468.400032 471.748342 479.923361 477.815823 471.239700 445.957182 455.423106 454.521653 430.721508 404.117809 389.558341 377.479913 386.935976 387.198719 373.957666 375.323969 401.758842 421.793669 435.153305 457.385428 490.661957 522.927907 537.817327 539.178287 545.629706 586.734619 657.481157 729.120285 784.304914 816.755985 825.381646 798.617138 759.361541 740.145373 749.792386 788.754369 847.966332 932.713794 992.428324 1034.872924 1068.768384 1101.421404 1197.586614 -9999.0 -9999.0 -9999.0 -9999.0 -9999.0 -9999.0 -9999.0 -9999.0 -9999.0 -9999.0 -9999.0 -9999.0 -9999.0 -9999.0
-9999.0 -9999.0 -9999.0 -9999.0 -9999.0 -9999.0 -9999.0 -9999.0 -9999.0 -9999.0 -9999.0 -9999.0 -9999.0 -9999.0 -9999.0 -9999.0 -9999.0 -9999.0 -9999.0 -9999.0 -9999.0 -9999.0 -9999.0 -9999.0 -9999.0 -9999.0 -9999.0 -9999.0 -9999.0 -9999.0 -9999.0 -9999.0 -9999.0 -9999.0 -9999.0 -9999.0 -9999.0 -9999.0 -9999.0 -9999.0 -9999.0 -9999.0 -9999.0 -9999.0 -9999.0 -9999.0 -9999.0 -9999.0 -9999.0 -9999.0 -9999.0 -9999.0 -9999.0 -9999.0 -9999.0 -9999.0 -9999.0 -9999.0 -9999.0 -9999.0 -9999.0 -9999.0 -9999.0 -9999.0 -9999.0 -9999.0 -9999.0 -9999.0 -9999.0 -9999.0 -9999.0 -9999.0 -9999.0 -9999.0 -9999.0 -9999.0 -9999.0 -9999.0 -9999.0 -9999.0
-9999.0 -9999.0 -9999.0 -9999.0 -9999.0 -9999.0 -9999.0 -9999.0 -9999.0 -9999.0 -9999.0 -9999.0 -9999.0 -9999.0 -9999.0 -9999.0 -9999.0 -9999.0 -9999.0 -9999.0 -9999.0 -9999.0 -9999.0 -9999.0 -9999.0 -9999.0 -9999.0 -9999.0 -9999.0 -9999.0 -9999.0 -9999.0 -9999.0 -9999.0 -9999.0 -9999.0 -9999.0 -9999.0 -9999.0 -9999.0 -9999.0 -9999.0 -9999.0 -9999.0 -9999.0 -9999.0 -9999.0 -9999.0 -9999.0 -9999.0 -9999.0 -9999.0 -9999.0 -9999.0 -9999.0 -9999.0 -9999.0 -9999.0 -9999.0 -9999.0 -9999.0 -9999.0 -9999.0 -9999.0 -9999.0 -9999.0 -9999.0 -9999.0 -9999.0 -9999.0 -9999.0 -9999.0 -9999.0 -9999.0 -9999.0 -9999.0 -9999.0 -9999.0 -9999.0 -9999.0