Borden_/Borden1m_014/output_maps/psiliqL0002N0016.asc
ncols         80
nrows         18
xllcorner     620200.000000
yllcorner     5168000.000000
cellsize      1.000000
NODATA_value  -9999.0
-9999.0 -9999.0 -9999.0 -9999.0 -9999.0 -9999.0 -9999.0 -9999.0 -9999.0 -9999.0 -9999.0 -9999.0 -9999.0 -9999.0 -9999.0 -9999.0 -9999.0 -9999.0 -9999.0 -9999.0 -9999.0 -9999.0 -9999.0 -9999.0 -9999.0 -9999.0 -9999.0 -9999.0 -9999.0 -9999.0 -9999.0 -9999.0 -9999.0 -9999.0 -9999.0 -9999.0 -9999.0 -9999.0 -9999.0 -9999.0 -9999.0 -9999.0 -9999.0 -9999.0 -9999.0 -9999.0 -9999.0 -9999.0 -9999.0 -9999.0 -9999.0 -9999.0 -9999.0 -9999.0 -9999.0 -9999.0 -9999.0 -9999.0 -9999.0 -9999.0 -9999.0 -9999.0 -9999.0 -9999.0 -9999.0 -9999.0 -9999.0 -9999.0 -9999.0 -9999.0 -9999.0 -9999.0 -9999.0 -9999.0 -9999.0 -9999.0 -9999.0 -9999.0 -9999.0 -9999.0
-9999.0 -9999.0 -9999.0 -9999.0 -9999.0 -9999.0 -9999.0 -9999.0 -9999.0 -9999.0 -9999.0 -9999.0 -9999.0 -9999.0 -9999.0 -9999.0 -9999.0 -9999.0 -9999.0 -9999.0 -9999.0 -9999.0 -9999.0 -9999.0 -9999.0 -9999.0 -9999.0 -9999.0 -9999.0 -9999.0 -9999.0 -9999.0 -9999.0 -9999.0 -9999.0 -9999.0 -9999.0 -9999.0 -9999.0 -9999.0 -9999.0 -9999.0 -9999.0 -9999.0 -9999.0 -9999.0 -9999.0 -9999.0 -9999.0 -9999.0 -9999.0 -9999.0 -9999.0 -9999.0 -9999.0 -9999.0 -9999.0 -9999.0 -9999.0 -9999.0 -9999.0 -9999.0 -9999.0 -9999.0 -9999.0 -9999.0 -9999.0 -9999.0 -9999.0 -9999.0 -9999.0 -9999.0 -9999.0 -9999.0 -9999.0 -9999.0 -9999.0 -9999.0 -9999.0 -9999.0
-9999.0 -9999.0 -9999.0 -9999.0 -9999.0 -9999.0 -9999.0 -9999.0 -9999.0 -9999.0 -9999.0 -9999.0 -9999.0 -9999.0 -9999.0 -9999.0 -9999.0 -9999.0 -9999.0 -9999.0 -486.201334 -484.817640 -487.117167 -489.600368 -491.859657 -492.296013 -489.882043 -487.379349 -484.439610 -484.104121 -486.956295 -486.021831 -487.243820 -488.137089 -488.390230 -487.595500 -487.147243 -486.280121 -485.823057 -486.286962 -487.098608 -487.574846 -488.200665 -488.181820 -487.124262 -488.518344 -486.639900 -485.016222 -484.593620 -484.252122 -486.058051 -486.615197 -486.763110 -489.107839 -484.928245 -484.096183 -481.530537 -481.475742 -480.690963 -483.537667 -486.367652 -9999.0 -9999.0 -9999.0 -9999.0 -9999.0 -9999.0 -9999.0 -9999.0 -9999.0 -9999.0 -9999.0 -9999.0 -9999.0 -9999.0 -9999.0 -9999.0 -9999.0 -9999.0 -9999.0
-9999.0 -9999.0 -9999.0 -9999.0 -9999.0 -9999.0 -9999.0 -9999.0 -9999.0 -9999.0 -9999.0 -9999.0 -9999.0 -9999.0 -489.057770 -490.546245 -491.286526 -492.043764 -489.868782 -488.411516 -488.840424 -490.384137 -488.833129 -491.571744 -494.105018 -492.628945 -490.913852 -489.968261 -487.902977 -486.207222 -488.079791 -488.552223 -487.736477 -484.391576 -483.225916 -484.108961 -488.623533 -484.441914 -482.836761 -481.824590 -481.979120 -484.047456 -481.516104 -478.529669 -480.251559 -483.440772 -482.584912 -480.912184 -478.000717 -478.745836 -488.593430 -488.773343 -487.899245 -487.245189 -488.596816 -489.717204 -485.581585 -486.489729 -486.942738 -486.977502 -488.686015 -492.147935 -493.868032 -489.882927 -487.080389 -480.634046 -9999.0 -9999.0 -9999.0 -9999.0 -9999.0 -9999.0 -9999.0 -9999.0 -9999.0 -9999.0 -9999.0 -9999.0 -9999.0 -9999.0
-9999.0 -9999.0 -9999.0 -9999.0 -9999.0 -9999.0 -9999.0 -9999.0 -9999.0 -490.621058 -491.170074 -490.829643 -492.034999 -490.843291 -493.427371 -492.983735 -493.680047 -492.194609 -491.419996 -489.685543 -486.860143 -489.392793 -489.786334 -488.257924 -488.443558 -488.284184 -487.606988 -483.524446 -479.393844 -471.442518 -479.149744 -479.456894 -475.993013 -459.254550 -446.803318 -443.868623 -449.776303 -449.762652 -442.162465 -433.415309 -434.592504 -435.680242 -426.001409 -420.841692 -417.044551 -425.503899 -432.916747 -434.189032 -421.407564 -441.622418 -459.353924 -477.610715 -475.393025 -480.155617 -485.232561 -486.729316 -487.788483 -483.148383 -484.487864 -487.917513 -490.704940 -488.907563 -490.848808 -488.966460 -488.285911 -483.571471 -479.648514 -475.605698 -475.418547 -478.124863 -9999.0 -9999.0 -9999.0 -9999.0 -9999.0 -9999.0 -9999.0 -9999.0 -9999.0 -9999.0
-9999.0 -9999.0 -9999.0 -9999.0 -9999.0 -9999.0 -492.334209 -492.669580 -491.982600 -495.289282 -493.479958 -495.203488 -494.001955 -493.745226 -493.164557 -493.629464 -491.884491 -490.652572 -488.385650 -485.304519 -482.291512 -484.872743 -484.264915 -479.779474 -468.401648 -457.608241 -452.265320 -443.029979 -411.542652 -381.718584 -362.408267 -350.341633 -277.146856 -32.326342 11.229719 11.878800 11.185160 10.624789 11.151509 12.211803 12.235849 12.125186 12.316994 12.470258 13.489876 13.320238 12.071374 11.837511 11.854170 11.588714 -13.722449 -262.912594 -392.009694 -420.165282 -448.274279 -463.607998 -467.437462 -466.598328 -472.571676 -480.614520 -485.042332 -484.347614 -484.955198 -486.975971 -485.904009 -484.207085 -481.355671 -479.402830 -480.731596 -482.303874 -483.041287 -486.306198 -485.637862 -482.402461 -9999.0 -9999.0 -9999.0 -9999.0 -9999.0 -9999.0
-9999.0 -9999.0 -9999.0 -9999.0 -496.572220 -495.263488 -499.490393 -497.321444 -495.871781 -494.972813 -495.632988 -493.951960 -493.987078 -493.055290 -490.693848 -489.463645 -486.409638 -484.586560 -477.517202 -458.670105 -442.333279 -433.449087 -429.861299 -392.033251 -66.551675 10.013271 10.766660 11.283108 12.140793 14.089648 14.953472 15.193397 16.362992 18.483088 19.909855 22.233477 20.341454 20.190329 20.268979 20.385971 30.233092 30.589631 31.335350 31.289515 33.223594 35.189739 20.915234 19.762262 19.586971 19.521817 18.920844 15.548444 13.443958 12.612758 12.130834 10.601177 -60.672834 -338.119656 -408.301398 -431.891949 -454.073199 -464.571877 -472.369620 -475.530412 -480.688791 -479.281754 -477.308415 -479.773306 -482.795800 -485.693641 -485.430153 -486.623412 -488.620655 -484.130833 -483.126184 -478.721203 -9999.0 -9999.0 -9999.0 -9999.0
-9999.0 -9999.0 -496.223394 -496.662139 -493.414725 -496.016458 -497.573612 -499.743691 -499.343228 -496.557585 -491.601389 -490.655504 -488.118222 -487.226212 -480.132695 -458.289865 -436.138870 -419.513545 -371.289001 -54.396819 10.611923 11.745227 11.990604 13.366193 16.860879 19.006236 19.471084 19.958711 20.607601 35.205700 60.605574 73.323239 80.899049 73.553956 74.276212 70.536990 70.515749 65.572564 50.001395 47.586580 54.205634 56.744134 59.608009 48.073549 44.051102 56.745750 58.283975 59.738051 61.440616 70.050510 80.763754 52.064148 20.219883 19.980642 20.206466 19.053551 17.003423 14.221468 13.385086 12.401838 9.756716 -69.963733 -394.391404 -425.789283 -448.552711 -460.168733 -470.078064 -475.617371 -480.588853 -485.628230 -486.694075 -487.149808 -485.902610 -486.881186 -484.591092 -483.191617 -480.622435 -479.848692 -9999.0 -9999.0
-9999.0 -496.718500 -498.591145 -493.025411 -493.262524 -492.957379 -492.521042 -492.191448 -491.197725 -494.241048 -481.257535 -455.067519 -430.449841 -422.601486 -383.982829 -62.028942 11.251988 12.770171 14.145821 17.367645 19.238221 20.428529 26.165488 58.853432 79.628068 77.501003 71.992347 72.256833 62.292239 55.582055 45.202198 53.924156 52.115209 38.130559 26.362488 25.356852 22.812626 20.025645 19.291099 19.006064 19.200352 20.178587 19.661994 19.010331 18.865163 19.514436 20.165067 19.730328 19.278549 19.957499 21.190766 31.472897 47.994260 61.205366 81.288092 59.334454 27.733317 20.061556 19.770180 19.302490 18.104556 16.262735 13.018838 10.827870 -58.805940 -396.289077 -433.255657 -455.943315 -470.316150 -474.959388 -477.556718 -484.822040 -486.121866 -483.768018 -484.723334 -484.791844 -483.819652 -483.145309 -9999.0 -9999.0
-9999.0 -503.025792 -497.638511 -492.648218 -487.372547 -489.210284 -465.165193 -445.814753 -441.419511 -453.829389 -404.924807 -0.726229 13.345924 13.257192 15.659808 19.952222 45.596012 66.198579 80.342129 69.964910 64.898275 65.396197 61.409456 52.189836 39.369408 32.595833 32.315839 31.220918 20.815320 20.167293 19.591815 19.788676 19.468850 18.627844 17.759916 16.734946 14.718691 14.038913 13.042307 12.324047 11.880311 12.721983 12.354767 11.787528 11.616863 12.299287 13.448384 13.121046 13.692463 16.194714 17.688057 18.527876 18.836452 19.483342 20.415735 32.298322 50.088670 69.719278 75.025025 51.522938 21.169173 19.647917 19.201988 17.938984 16.047114 11.817694 -25.838160 -301.633113 -408.488406 -430.892802 -450.900885 -466.956723 -477.287188 -478.327937 -483.515383 -483.226748 -9999.0 -9999.0 -9999.0 -9999.0
-9999.0 -503.254292 -498.197532 -488.301414 -466.191819 -429.014685 -48.294708 12.267900 13.807292 15.637762 17.093535 66.431043 74.145048 57.295899 31.078432 27.158463 36.229064 38.278387 33.975472 25.270953 20.875634 20.680942 20.608089 20.245907 19.907384 19.544532 19.317083 19.276148 18.396054 17.498532 15.067333 14.280164 13.319047 10.364456 -2.569834 -98.066600 -390.526337 -397.035839 -405.399849 -421.322472 -428.078225 -433.387675 -426.341076 -428.113499 -428.880603 -425.301027 -415.629324 -408.281525 -373.233715 -65.048546 9.728829 11.700804 12.632259 14.728036 17.160109 18.726225 19.193125 19.747965 21.207147 52.024689 72.217377 64.799157 37.516358 20.880402 19.158194 17.798446 17.026050 13.978288 11.774050 9.838008 -68.886895 -394.258359 -434.271804 -463.686003 -470.151901 -9999.0 -9999.0 -9999.0 -9999.0 -9999.0
-9999.0 -511.974313 -497.721110 -489.969799 -447.412314 -56.029018 12.149309 19.576595 65.120389 18.889649 17.899509 18.515349 19.788129 19.790132 18.983805 19.076439 18.916719 18.902107 19.665489 18.815364 17.889001 16.805381 16.050286 15.275550 14.162477 13.586650 13.315722 12.925278 11.343586 -21.260798 -329.536236 -379.806585 -424.198339 -446.700027 -459.096643 -472.196350 -482.056770 -481.461005 -477.800143 -480.450727 -483.214372 -486.604203 -482.649044 -481.087980 -479.372458 -481.792634 -481.667742 -476.913772 -469.092605 -460.072862 -442.641828 -422.080966 -397.472376 -269.766733 -27.113782 11.041124 12.504895 14.155805 17.626337 19.837009 20.444974 27.882064 62.963948 81.216098 43.943114 20.417563 19.571186 18.836612 17.354462 16.666754 15.770209 12.870513 10.515141 -9999.0 -9999.0 -9999.0 -9999.0 -9999.0 -9999.0 -9999.0
-9999.0 -516.554742 -500.862104 -499.901015 -485.168070 -453.118693 -395.140649 -57.746545 10.334382 10.422261 10.944851 11.570287 12.279722 13.018942 12.303691 11.299174 10.531482 10.821624 10.890081 9.989957 -10.527876 -130.507793 -265.560934 -313.075311 -373.456529 -390.714778 -398.533050 -411.875340 -427.738862 -445.563038 -470.932436 -480.588753 -487.066934 -488.609235 -489.885149 -491.434277 -495.507078 -492.814399 -491.000716 -491.390537 -492.669618 -493.792098 -490.663024 -489.869525 -488.955676 -492.140047 -490.223193 -489.061824 -485.907839 -482.967209 -478.550163 -471.641804 -461.966058 -454.883676 -445.479866 -432.972877 -414.503150 -346.035915 -27.722119 13.126453 17.203504 18.458720 19.710628 20.621515 21.844645 31.969418 40.451748 22.492815 17.649860 18.292483 18.449783 -9999.0 -9999.0 -9999.0 -9999.0 -9999.0 -9999.0 -9999.0 -9999.0 -9999.0
-9999.0 -9999.0 -519.968255 -513.875339 -508.831319 -504.168065 -497.484474 -486.900487 -480.726851 -471.184899 -457.960405 -442.983918 -433.329836 -428.632639 -435.106782 -448.116945 -455.144010 -454.254735 -456.209212 -459.950579 -467.978864 -472.701099 -474.310915 -475.321155 -477.959562 -478.909852 -479.174518 -479.811466 -481.446310 -485.972749 -489.676373 -492.038868 -495.198783 -494.434717 -494.725116 -495.901925 -494.450046 -494.784617 -494.471299 -494.712829 -494.389908 -493.821521 -493.317103 -492.488720 -492.635023 -492.404598 -492.265793 -491.522331 -490.432680 -489.109926 -485.985216 -481.071224 -477.466946 -476.806343 -479.285210 -478.663479 -475.934799 -469.108268 -439.881423 -389.720919 -49.262633 11.391746 14.465820 17.636218 18.127819 18.475284 19.377943 19.754841 13.395420 16.523835 -9999.0 -9999.0 -9999.0 -9999.0 -9999.0 -9999.0 -9999.0 -9999.0 -9999.0 -9999.0
-9999.0 -9999.0 -9999.0 -9999.0 -522.885223 -514.078901 -505.829197 -507.046449 -501.416329 -498.515710 -496.175658 -493.309282 -490.985722 -489.300752 -491.799891 -491.989451 -492.226559 -491.692625 -492.102153 -492.648089 -492.786664 -493.085412 -493.326186 -493.836056 -493.483976 -492.844248 -492.599684 -493.489006 -493.129993 -494.746149 -494.490177 -495.215366 -495.966987 -497.118107 -496.647941 -496.710407 -496.037309 -496.714285 -495.718295 -496.426025 -495.751896 -495.563304 -494.864415 -493.604875 -494.421205 -493.696193 -493.831590 -492.987276 -493.154437 -491.163530 -487.777918 -483.837270 -481.225279 -481.547608 -485.593990 -486.987417 -488.160807 -485.961815 -482.635969 -474.377333 -446.329153 -418.012630 -346.125519 -34.345274 10.677381 12.535365 16.215174 17.534754 -9999.0 -9999.0 -9999.0 -9999.0 -9999.0 -9999.0 -9999.0 -9999.0 -9999.0 -9999.0 -9999.0 -9999.0
-9999.0 -9999.0 -9999.0 -9999.0 -9999.0 -9999.0 -518.801912 -514.323457 -515.928565 -512.695640 -509.940093 -507.972460 -504.746144 -505.440587 -504.426203 -501.599414 -501.937382 -503.193564 -504.850358 -502.325060 -501.209586 -500.884552 -503.561151 -502.697421 -502.404424 -501.374667 -501.482828 -500.907964 -503.165271 -500.188469 -498.682097 -499.008433 -499.306023 -498.602078 -499.153744 -497.327789 -497.108271 -498.539612 -499.020144 -497.035304 -496.581942 -497.030112 -496.846477 -495.731141 -493.955990 -493.829017 -494.838905 -496.330996 -494.844148 -491.247350 -487.553617 -484.521272 -482.575895 -481.689333 -484.788904 -489.257474 -491.534121 -492.163604 -490.870265 -488.387866 -480.880448 -476.093440 -471.979915 -462.375122 -454.336379 -416.460341 -9999.0 -9999.0 -9999.0 -9999.0 -9999.0 -9999.0 -9999.0 -9999.0 -9999.0 -9999.0 -9999.0 -9999.0 -9999.0 -9999.0
-9999.0 -9999.0 -9999.0 -9999.0 -9999.0 -9999.0 -9999.0 -9999.0 -9999.0 -9999.0 -9999.0 -9999.0 -9999.0 -9999.0 -9999.0 -9999.0 -9999.0 -9999.0 -9999.0 -9999.0 -9999.0 -9999.0 -9999.0 -9999.0 -9999.0 -9999.0 -9999.0 -9999.0 -9999.0 -9999.0 -9999.0 -9999.0 -9999.0 -9999.0 -9999.0 -9999.0 -9999.0 -9999.0 -9999.0 -9999.0 -9999.0 -9999.0 -9999.0 -9999.0 -9999.0 -9999.0 -9999.0 -9999.0 -9999.0 -9999.0 -9999.0 -9999.0 -9999.0 -9999.0 -9999.0 -9999.0 -9999.0 -9999.0 -9999.0 -9999.0 -9999.0 -9999.0 -9999.0 -9999.0 -9999.0 -9999.0 -9999.0 -9999.0 -9999.0 -9999.0 -9999.0 -9999.0 -9999.0 -9999.0 -9999.0 -9999.0 -9999.0 -9999.0 -9999.0 -9999.0
-9999.0 -9999.0 -9999.0 -9999.0 -9999.0 -9999.0 -9999.0 -9999.0 -9999.0 -9999.0 -9999.0 -9999.0 -9999.0 -9999.0 -9999.0 -9999.0 -9999.0 -9999.0 -9999.0 -9999.0 -9999.0 -9999.0 -9999.0 -9999.0 -9999.0 -9999.0 -9999.0 -9999.0 -9999.0 -9999.0 -9999.0 -9999.0 -9999.0 -9999.0 -9999.0 -9999.0 -9999.0 -9999.0 -9999.0 -9999.0 -9999.0 -9999.0 -9999.0 -9999.0 -9999.0 -9999.0 -9999.0 -9999.0 -9999.0 -9999.0 -9999.0 -9999.0 -9999.0 -9999.0 -9999.0 -9999.0 -9999.0 -9999.0 -9999.0 -9999.0 -9999.0 -9999.0 -9999.0 -9999.0 -9999.0 -9999.0 -9999.0 -9999.0 -9999.0 -9999.0 -9999.0 -9999.0 -9999.0 -9999.0 -9999.0 -9999.0 -9999.0 -9999.0 -9999.0 -9999.0