Borden_/Borden1m_014/output_maps/psiliqL0014N0026.asc
ncols         80
nrows         18
xllcorner     620200.000000
yllcorner     5168000.000000
cellsize      1.000000
NODATA_value  -9999.0
-9999.0 -9999.0 -9999.0 -9999.0 -9999.0 -9999.0 -9999.0 -9999.0 -9999.0 -9999.0 -9999.0 -9999.0 -9999.0 -9999.0 -9999.0 -9999.0 -9999.0 -9999.0 -9999.0 -9999.0 -9999.0 -9999.0 -9999.0 -9999.0 -9999.0 -9999.0 -9999.0 -9999.0 -9999.0 -9999.0 -9999.0 -9999.0 -9999.0 -9999.0 -9999.0 -9999.0 -9999.0 -9999.0 -9999.0 -9999.0 -9999.0 -9999.0 -9999.0 -9999.0 -9999.0 -9999.0 -9999.0 -9999.0 -9999.0 -9999.0 -9999.0 -9999.0 -9999.0 -9999.0 -9999.0 -9999.0 -9999.0 -9999.0 -9999.0 -9999.0 -9999.0 -9999.0 -9999.0 -9999.0 -9999.0 -9999.0 -9999.0 -9999.0 -9999.0 -9999.0 -9999.0 -9999.0 -9999.0 -9999.0 -9999.0 -9999.0 -9999.0 -9999.0 -9999.0 -9999.0
-9999.0 -9999.0 -9999.0 -9999.0 -9999.0 -9999.0 -9999.0 -9999.0 -9999.0 -9999.0 -9999.0 -9999.0 -9999.0 -9999.0 -9999.0 -9999.0 -9999.0 -9999.0 -9999.0 -9999.0 -9999.0 -9999.0 -9999.0 -9999.0 -9999.0 -9999.0 -9999.0 -9999.0 -9999.0 -9999.0 -9999.0 -9999.0 -9999.0 -9999.0 -9999.0 -9999.0 -9999.0 -9999.0 -9999.0 -9999.0 -9999.0 -9999.0 -9999.0 -9999.0 -9999.0 -9999.0 -9999.0 -9999.0 -9999.0 -9999.0 -9999.0 -9999.0 -9999.0 -9999.0 -9999.0 -9999.0 -9999.0 -9999.0 -9999.0 -9999.0 -9999.0 -9999.0 -9999.0 -9999.0 -9999.0 -9999.0 -9999.0 -9999.0 -9999.0 -9999.0 -9999.0 -9999.0 -9999.0 -9999.0 -9999.0 -9999.0 -9999.0 -9999.0 -9999.0 -9999.0
-9999.0 -9999.0 -9999.0 -9999.0 -9999.0 -9999.0 -9999.0 -9999.0 -9999.0 -9999.0 -9999.0 -9999.0 -9999.0 -9999.0 -9999.0 -9999.0 -9999.0 -9999.0 -9999.0 -9999.0 946.050791 948.974449 927.587636 894.809812 867.888245 871.241802 907.061104 949.664245 989.633421 1001.021476 984.492402 988.230784 984.748138 984.382221 987.530590 994.939032 999.642232 1011.278305 1020.275308 1020.635826 1015.411461 1011.100812 1012.013982 1015.268688 1020.387195 1008.760905 1021.651831 1035.698346 1039.710867 1033.165462 1004.678823 987.654184 977.069877 959.884935 982.737832 993.012743 1014.330556 1017.151543 1014.266264 986.278503 955.578408 -9999.0 -9999.0 -9999.0 -9999.0 -9999.0 -9999.0 -9999.0 -9999.0 -9999.0 -9999.0 -9999.0 -9999.0 -9999.0 -9999.0 -9999.0 -9999.0 -9999.0 -9999.0 -9999.0
-9999.0 -9999.0 -9999.0 -9999.0 -9999.0 -9999.0 -9999.0 -9999.0 -9999.0 -9999.0 -9999.0 -9999.0 -9999.0 -9999.0 852.917503 843.995526 842.178967 851.615545 886.179049 917.164213 929.612546 923.006257 924.177272 901.831125 882.512615 897.854550 929.094137 962.397359 998.815636 1020.810876 1011.089750 1010.332077 1021.266220 1047.453291 1061.029088 1059.005653 1039.759894 1063.603870 1080.066398 1089.612050 1090.287810 1082.999167 1096.774632 1112.793478 1105.636942 1087.538186 1091.377550 1102.026281 1112.935866 1097.562421 1032.372607 1011.373222 1005.045361 996.250557 980.264751 972.233370 996.057227 994.670092 985.008620 965.790848 932.123577 887.339100 868.001633 905.688067 948.506175 1004.937482 -9999.0 -9999.0 -9999.0 -9999.0 -9999.0 -9999.0 -9999.0 -9999.0 -9999.0 -9999.0 -9999.0 -9999.0 -9999.0 -9999.0
-9999.0 -9999.0 -9999.0 -9999.0 -9999.0 -9999.0 -9999.0 -9999.0 -9999.0 792.665786 797.778042 805.931707 809.239950 825.889853 824.387250 832.571926 840.824499 869.048010 901.347457 937.564117 967.355758 959.665143 961.748525 973.591671 978.771362 992.426437 1015.917694 1058.673795 1101.302277 1144.815360 1118.497129 1118.146867 1138.816357 1186.829059 1220.672283 1228.501579 1210.262598 1219.035541 1245.139492 1269.097394 1270.860776 1270.309867 1296.531964 1311.066993 1311.916226 1290.309590 1275.210638 1273.506231 1297.061935 1243.710197 1176.022448 1124.036016 1125.488818 1092.889669 1052.556512 1030.426556 1025.780787 1044.400437 1027.475993 988.467014 950.651827 938.350515 919.664087 935.419183 956.312619 1001.360020 1038.991770 1066.324252 1064.842631 1046.607751 -9999.0 -9999.0 -9999.0 -9999.0 -9999.0 -9999.0 -9999.0 -9999.0 -9999.0 -9999.0
-9999.0 -9999.0 -9999.0 -9999.0 -9999.0 -9999.0 712.639032 722.729297 743.768164 749.259332 775.534510 783.976179 805.771607 826.360279 849.303592 867.303615 898.978753 933.598883 976.299452 1021.243715 1055.204020 1052.277929 1065.197586 1098.515186 1139.884882 1170.805616 1197.885561 1240.804871 1320.971361 1366.848654 1377.128006 1384.039421 1395.061339 1443.738871 1507.789704 1523.855662 1502.738327 1487.739545 1508.261416 1545.883678 1554.990066 1558.230724 1569.321101 1579.028640 1604.169125 1593.194263 1550.702816 1533.903857 1529.821396 1512.649202 1451.795926 1387.942270 1350.819656 1297.950542 1212.193714 1155.216031 1159.429900 1174.988394 1142.731551 1085.809040 1042.188668 1029.305654 1012.184861 996.848901 1001.129004 1018.492487 1039.135964 1048.709770 1034.280377 1011.954329 988.073567 958.347821 959.372014 984.013092 -9999.0 -9999.0 -9999.0 -9999.0 -9999.0 -9999.0
-9999.0 -9999.0 -9999.0 -9999.0 661.855954 675.273378 663.796373 689.622565 723.212106 758.406672 791.565007 829.850446 858.761197 890.869196 933.423480 970.327795 1014.906189 1053.333735 1110.908060 1181.814948 1235.781262 1263.174218 1282.456010 1344.219980 1407.481491 1460.723057 1482.568384 1511.710766 1557.652568 1620.847528 1649.914572 1657.930227 1676.061465 1710.813953 1757.567057 1790.588511 1773.520324 1765.368961 1771.496742 1783.822026 1809.031573 1811.633703 1814.127328 1816.546430 1820.446052 1818.521257 1792.836013 1758.152528 1743.324549 1733.483630 1704.219127 1635.518166 1592.659825 1560.155428 1525.552444 1473.541841 1408.705240 1390.366240 1330.358896 1269.546378 1203.465561 1178.537544 1144.937267 1116.251722 1084.040924 1082.727319 1083.246987 1060.443212 1026.316888 992.365946 975.909963 955.972263 944.109052 973.315640 990.230898 1020.154660 -9999.0 -9999.0 -9999.0 -9999.0
-9999.0 -9999.0 601.722703 650.922994 708.440607 718.084013 719.741205 726.752758 756.450151 810.011114 887.444874 939.924479 984.859249 1021.330873 1084.254066 1167.042619 1243.159995 1295.817054 1358.639377 1430.046109 1493.416803 1529.508253 1550.594319 1591.198761 1645.170210 1705.981377 1732.559628 1759.442606 1791.402213 1826.172935 1839.787873 1854.605227 1863.081469 1865.631618 1871.010532 1872.449406 1867.365292 1860.959701 1842.168172 1838.433671 1845.896833 1851.449462 1853.384025 1840.355025 1836.370478 1849.377490 1852.346264 1850.804253 1850.142193 1857.329926 1861.215026 1822.768499 1783.027137 1766.195871 1755.361175 1711.128581 1647.085097 1603.299514 1578.431291 1534.323229 1455.904856 1402.856844 1349.872361 1297.726895 1241.742321 1206.982814 1156.760032 1111.263051 1062.145183 1013.890259 988.590851 969.091531 965.429215 964.307319 979.547003 994.191761 1008.979902 1016.470664 -9999.0 -9999.0
-9999.0 498.755460 571.427279 698.277763 779.031886 824.813624 858.891996 884.144728 914.199040 941.241458 1048.846248 1142.062642 1235.719325 1275.912331 1330.392252 1429.910351 1525.869673 1572.930803 1611.948029 1667.912589 1727.746562 1775.605240 1805.497632 1819.543599 1853.178743 1865.236987 1867.987366 1871.284826 1867.677589 1860.550969 1852.174809 1858.677874 1855.203630 1836.441999 1820.513363 1817.035675 1810.302201 1784.192631 1754.367248 1738.623655 1740.791735 1763.114099 1751.351569 1731.213787 1727.690467 1748.791032 1767.910848 1759.717799 1749.087315 1768.000336 1803.282527 1825.708008 1836.667131 1852.839519 1873.336955 1848.168433 1819.215606 1777.130376 1756.624204 1726.543635 1667.232317 1605.085037 1549.575444 1487.726988 1419.782935 1349.363751 1282.813003 1218.143736 1148.857150 1105.201905 1071.862921 1019.785126 996.945232 997.096016 986.977403 983.127460 988.411573 994.362042 -9999.0 -9999.0
-9999.0 419.181629 561.916137 747.023051 896.234326 957.126850 1062.589516 1143.998344 1174.401387 1149.400356 1260.473351 1480.483209 1581.291681 1600.130924 1672.377651 1759.515299 1782.013128 1814.678006 1837.228864 1846.689616 1854.516117 1864.645662 1863.819400 1858.728044 1844.653494 1836.863019 1835.245412 1831.628044 1813.001706 1792.792697 1774.470873 1769.553258 1750.780587 1706.912388 1673.749472 1656.039882 1638.694209 1615.652304 1580.230548 1551.871852 1536.447537 1551.961993 1544.669675 1528.115980 1524.648496 1547.225422 1580.409733 1577.431837 1586.597881 1610.109526 1651.159691 1692.020337 1715.642918 1746.398505 1783.868787 1828.626091 1845.087303 1866.626647 1870.860471 1851.067568 1806.546477 1753.978044 1718.638011 1654.699017 1580.927765 1501.466901 1435.407630 1371.496317 1299.889056 1250.394819 1200.763722 1141.184022 1084.351725 1058.424828 1017.373330 996.465167 -9999.0 -9999.0 -9999.0 -9999.0
-9999.0 341.541128 530.118881 789.554002 1064.703719 1179.967759 1385.151964 1514.545631 1574.224373 1640.763940 1625.964493 1768.332378 1806.133722 1802.822033 1801.433087 1806.456288 1822.886655 1827.457086 1824.888719 1815.810078 1807.310133 1803.731008 1802.295988 1794.637755 1781.834772 1766.079604 1751.802029 1737.250836 1697.474094 1662.979219 1626.607909 1610.303169 1570.425321 1478.935598 1435.809472 1399.866862 1342.570515 1333.871430 1324.977772 1294.655124 1273.769954 1253.349731 1274.589658 1278.455268 1281.008281 1285.960789 1304.853789 1329.674797 1375.466751 1413.434041 1458.904388 1512.378113 1548.242111 1593.026286 1640.775944 1698.153959 1731.968057 1763.925852 1811.541776 1851.190034 1874.302192 1863.072094 1834.561242 1787.604911 1715.800750 1647.221279 1595.900454 1521.561671 1455.658889 1401.926100 1355.390515 1302.397557 1234.242903 1148.584592 1104.705957 -9999.0 -9999.0 -9999.0 -9999.0 -9999.0
-9999.0 164.518798 432.265940 721.425083 1038.245908 1366.168802 1497.652766 1629.580730 1702.077688 1665.492209 1668.881295 1690.484489 1732.044007 1741.705401 1724.012167 1717.061193 1707.257499 1708.155165 1721.640128 1696.000585 1666.348311 1652.838972 1651.863268 1639.353024 1615.198669 1596.898877 1582.982069 1560.983384 1511.556648 1459.945447 1378.648690 1347.571095 1270.097321 1210.667421 1164.984233 1115.013909 1063.356400 1060.704843 1076.280372 1060.089530 1036.997976 1018.156588 1044.483403 1061.963228 1074.296506 1063.908945 1074.017419 1110.945046 1161.624296 1206.988198 1258.754575 1315.871332 1364.665964 1414.816834 1448.916110 1501.150220 1550.165068 1598.570620 1673.488775 1753.136372 1790.595991 1825.515292 1858.136529 1872.286116 1819.537889 1767.367238 1712.666139 1647.433732 1562.767078 1517.359418 1492.922003 1451.734252 1395.476542 -9999.0 -9999.0 -9999.0 -9999.0 -9999.0 -9999.0 -9999.0
-9999.0 37.186113 257.629193 489.657829 776.737682 1015.676094 1210.135717 1321.391362 1401.268749 1430.773325 1461.855971 1495.279988 1526.426552 1550.009936 1529.666076 1492.453675 1465.376022 1470.095053 1466.877843 1443.360150 1413.957913 1398.940156 1396.220389 1388.277039 1362.352918 1346.088463 1333.450802 1308.663281 1272.149877 1214.786742 1134.038793 1061.375527 998.974734 965.285880 934.781112 901.535627 864.865499 874.423863 886.758518 882.477220 871.218151 867.795521 896.958045 915.932061 926.242010 914.759353 934.309449 961.684595 1004.074220 1047.774189 1097.797813 1154.314796 1209.633956 1241.104013 1257.531273 1286.528837 1329.695796 1387.031702 1475.041884 1570.899117 1648.911319 1698.775658 1749.516743 1782.601867 1795.192104 1805.796329 1777.008612 1689.612920 1565.720525 1568.201120 1570.233015 -9999.0 -9999.0 -9999.0 -9999.0 -9999.0 -9999.0 -9999.0 -9999.0 -9999.0
-9999.0 -9999.0 23.538402 203.247711 345.250173 526.932528 678.549449 789.326941 876.088173 984.398570 1085.758955 1167.491916 1211.508428 1229.479416 1214.924630 1180.668656 1158.800405 1159.055502 1149.330579 1138.001959 1117.070169 1108.623373 1097.552609 1088.747737 1077.078533 1070.030148 1063.392460 1050.558688 1026.820632 978.827043 928.518449 876.322045 822.123674 796.042596 773.643753 751.494519 749.253119 745.559600 751.205611 752.383072 758.673718 770.928193 791.161317 813.018754 822.805626 831.371443 844.164617 868.231775 901.784283 944.277392 998.468298 1056.447306 1096.819140 1110.590907 1102.549411 1109.803861 1133.157080 1179.124732 1264.404617 1352.815606 1449.457819 1521.858792 1593.928624 1646.026155 1662.313569 1677.172886 1687.483448 1612.400143 1267.867461 1493.946535 -9999.0 -9999.0 -9999.0 -9999.0 -9999.0 -9999.0 -9999.0 -9999.0 -9999.0 -9999.0
-9999.0 -9999.0 -9999.0 -9999.0 61.299199 217.201383 313.914537 397.844564 524.984776 642.082530 739.776377 820.800654 880.129816 905.868673 899.786585 902.091728 896.634368 891.359826 882.080742 879.756054 877.203939 869.436219 855.762189 847.871714 847.685764 851.473342 848.312542 834.016878 815.991457 791.479137 769.549806 734.499767 697.840403 668.308684 654.885325 648.592182 648.298605 641.659186 650.476011 657.389784 672.398811 687.633902 711.450245 740.243691 753.698957 768.388803 778.286336 799.114415 829.653748 883.129623 946.517011 1004.166529 1039.850037 1044.552131 1020.174499 1005.547148 1003.370514 1033.119160 1081.150326 1152.300641 1257.168848 1334.070538 1395.971596 1443.223268 1476.330177 1521.599972 1569.021335 1594.551668 -9999.0 -9999.0 -9999.0 -9999.0 -9999.0 -9999.0 -9999.0 -9999.0 -9999.0 -9999.0 -9999.0 -9999.0
-9999.0 -9999.0 -9999.0 -9999.0 -9999.0 -9999.0 15.688614 115.629500 198.630284 332.062865 457.004036 555.066834 633.292700 662.932196 686.480280 711.803094 709.237984 691.514587 673.397258 691.324148 703.616227 697.891009 668.551903 667.492802 671.506883 679.677475 677.365639 670.592830 645.183269 655.110752 654.703307 631.179841 604.846083 590.567723 578.632862 588.201735 588.507900 575.184900 576.297470 602.763526 622.782024 636.003988 658.040666 691.223791 723.458637 738.415564 739.761771 746.065958 786.735347 857.120423 928.467264 983.432656 1015.591718 1023.717112 996.468896 956.664355 936.631043 944.590222 980.704352 1035.547517 1113.986475 1166.256886 1196.685580 1214.851797 1237.671146 1330.052818 -9999.0 -9999.0 -9999.0 -9999.0 -9999.0 -9999.0 -9999.0 -9999.0 -9999.0 -9999.0 -9999.0 -9999.0 -9999.0 -9999.0
-9999.0 -9999.0 -9999.0 -9999.0 -9999.0 -9999.0 -9999.0 -9999.0 -9999.0 -9999.0 -9999.0 -9999.0 -9999.0 -9999.0 -9999.0 -9999.0 -9999.0 -9999.0 -9999.0 -9999.0 -9999.0 -9999.0 -9999.0 -9999.0 -9999.0 -9999.0 -9999.0 -9999.0 -9999.0 -9999.0 -9999.0 -9999.0 -9999.0 -9999.0 -9999.0 -9999.0 -9999.0 -9999.0 -9999.0 -9999.0 -9999.0 -9999.0 -9999.0 -9999.0 -9999.0 -9999.0 -9999.0 -9999.0 -9999.0 -9999.0 -9999.0 -9999.0 -9999.0 -9999.0 -9999.0 -9999.0 -9999.0 -9999.0 -9999.0 -9999.0 -9999.0 -9999.0 -9999.0 -9999.0 -9999.0 -9999.0 -9999.0 -9999.0 -9999.0 -9999.0 -9999.0 -9999.0 -9999.0 -9999.0 -9999.0 -9999.0 -9999.0 -9999.0 -9999.0 -9999.0
-9999.0 -9999.0 -9999.0 -9999.0 -9999.0 -9999.0 -9999.0 -9999.0 -9999.0 -9999.0 -9999.0 -9999.0 -9999.0 -9999.0 -9999.0 -9999.0 -9999.0 -9999.0 -9999.0 -9999.0 -9999.0 -9999.0 -9999.0 -9999.0 -9999.0 -9999.0 -9999.0 -9999.0 -9999.0 -9999.0 -9999.0 -9999.0 -9999.0 -9999.0 -9999.0 -9999.0 -9999.0 -9999.0 -9999.0 -9999.0 -9999.0 -9999.0 -9999.0 -9999.0 -9999.0 -9999.0 -9999.0 -9999.0 -9999.0 -9999.0 -9999.0 -9999.0 -9999.0 -9999.0 -9999.0 -9999.0 -9999.0 -9999.0 -9999.0 -9999.0 -9999.0 -9999.0 -9999.0 -9999.0 -9999.0 -9999.0 -9999.0 -9999.0 -9999.0 -9999.0 -9999.0 -9999.0 -9999.0 -9999.0 -9999.0 -9999.0 -9999.0 -9999.0 -9999.0 -9999.0