Borden_/Borden1m_014/output_maps/psiliqL0012N0001.asc
ncols         80
nrows         18
xllcorner     620200.000000
yllcorner     5168000.000000
cellsize      1.000000
NODATA_value  -9999.0
-9999.0 -9999.0 -9999.0 -9999.0 -9999.0 -9999.0 -9999.0 -9999.0 -9999.0 -9999.0 -9999.0 -9999.0 -9999.0 -9999.0 -9999.0 -9999.0 -9999.0 -9999.0 -9999.0 -9999.0 -9999.0 -9999.0 -9999.0 -9999.0 -9999.0 -9999.0 -9999.0 -9999.0 -9999.0 -9999.0 -9999.0 -9999.0 -9999.0 -9999.0 -9999.0 -9999.0 -9999.0 -9999.0 -9999.0 -9999.0 -9999.0 -9999.0 -9999.0 -9999.0 -9999.0 -9999.0 -9999.0 -9999.0 -9999.0 -9999.0 -9999.0 -9999.0 -9999.0 -9999.0 -9999.0 -9999.0 -9999.0 -9999.0 -9999.0 -9999.0 -9999.0 -9999.0 -9999.0 -9999.0 -9999.0 -9999.0 -9999.0 -9999.0 -9999.0 -9999.0 -9999.0 -9999.0 -9999.0 -9999.0 -9999.0 -9999.0 -9999.0 -9999.0 -9999.0 -9999.0
-9999.0 -9999.0 -9999.0 -9999.0 -9999.0 -9999.0 -9999.0 -9999.0 -9999.0 -9999.0 -9999.0 -9999.0 -9999.0 -9999.0 -9999.0 -9999.0 -9999.0 -9999.0 -9999.0 -9999.0 -9999.0 -9999.0 -9999.0 -9999.0 -9999.0 -9999.0 -9999.0 -9999.0 -9999.0 -9999.0 -9999.0 -9999.0 -9999.0 -9999.0 -9999.0 -9999.0 -9999.0 -9999.0 -9999.0 -9999.0 -9999.0 -9999.0 -9999.0 -9999.0 -9999.0 -9999.0 -9999.0 -9999.0 -9999.0 -9999.0 -9999.0 -9999.0 -9999.0 -9999.0 -9999.0 -9999.0 -9999.0 -9999.0 -9999.0 -9999.0 -9999.0 -9999.0 -9999.0 -9999.0 -9999.0 -9999.0 -9999.0 -9999.0 -9999.0 -9999.0 -9999.0 -9999.0 -9999.0 -9999.0 -9999.0 -9999.0 -9999.0 -9999.0 -9999.0 -9999.0
-9999.0 -9999.0 -9999.0 -9999.0 -9999.0 -9999.0 -9999.0 -9999.0 -9999.0 -9999.0 -9999.0 -9999.0 -9999.0 -9999.0 -9999.0 -9999.0 -9999.0 -9999.0 -9999.0 -9999.0 526.161940 528.616121 506.030011 471.949818 443.488492 445.031260 478.930496 519.158592 556.423669 565.736694 547.325799 549.082217 544.039175 542.831096 545.125476 551.411064 554.937910 565.836524 573.718099 572.817076 566.285193 560.660539 560.135877 563.080625 568.292974 558.320131 572.297923 587.739667 593.726225 589.382054 563.417232 548.880760 541.183918 526.967084 552.158817 564.813128 588.145973 592.894321 591.918373 565.452645 535.773176 -9999.0 -9999.0 -9999.0 -9999.0 -9999.0 -9999.0 -9999.0 -9999.0 -9999.0 -9999.0 -9999.0 -9999.0 -9999.0 -9999.0 -9999.0 -9999.0 -9999.0 -9999.0 -9999.0
-9999.0 -9999.0 -9999.0 -9999.0 -9999.0 -9999.0 -9999.0 -9999.0 -9999.0 -9999.0 -9999.0 -9999.0 -9999.0 -9999.0 437.276682 427.224148 423.881371 431.663489 464.542470 494.040530 506.237540 498.437853 498.026049 473.980947 452.973290 466.268070 494.916572 525.227129 558.204844 577.215586 564.751235 561.966994 571.621766 597.187650 610.138369 607.290435 587.261524 609.960611 625.008277 632.818033 631.316757 622.266206 634.997891 650.324313 643.590928 626.980614 632.291686 644.628110 657.995475 645.060450 582.823603 564.273253 561.577309 556.256212 543.762850 538.336363 564.158497 565.265764 557.868881 540.788696 508.983696 465.196846 447.647128 486.853791 531.381392 589.152365 -9999.0 -9999.0 -9999.0 -9999.0 -9999.0 -9999.0 -9999.0 -9999.0 -9999.0 -9999.0 -9999.0 -9999.0 -9999.0 -9999.0
-9999.0 -9999.0 -9999.0 -9999.0 -9999.0 -9999.0 -9999.0 -9999.0 -9999.0 381.418183 385.260790 391.918661 393.414631 408.452284 406.087366 412.547831 419.031104 444.614083 474.504397 508.447822 536.256808 526.049314 525.499158 535.172835 538.761224 550.160705 570.308109 608.764248 646.630640 685.187605 655.773172 653.404133 673.054061 721.424918 755.837948 763.608471 745.955430 752.755623 776.580827 797.512924 795.279697 791.899689 814.881133 827.580691 830.364513 812.376539 800.199145 800.856385 826.229473 777.082845 713.497235 662.842327 667.336653 639.493447 603.126887 583.944275 581.892984 603.706502 590.028442 554.391393 519.519277 510.196275 494.282865 512.178312 535.505433 582.798416 621.965154 651.415259 652.166879 635.405302 -9999.0 -9999.0 -9999.0 -9999.0 -9999.0 -9999.0 -9999.0 -9999.0 -9999.0 -9999.0
-9999.0 -9999.0 -9999.0 -9999.0 -9999.0 -9999.0 303.637362 312.460698 331.919247 336.429058 360.623606 367.079677 386.545043 404.751835 424.853188 440.126624 468.693984 499.513501 538.646648 580.267868 610.804724 604.422784 612.771378 642.362739 681.520021 711.645267 735.430639 771.973441 842.596382 880.124398 887.455763 893.307634 907.463318 962.227431 1028.922952 1045.730382 1026.930483 1012.535383 1030.826936 1063.743035 1067.226883 1066.329073 1074.101599 1082.774988 1109.297168 1102.493137 1066.240319 1053.015198 1049.946296 1034.962469 973.586088 904.174411 868.769849 824.302650 747.561080 693.937923 697.715298 715.514124 688.024266 636.990793 597.879463 589.115208 576.161513 564.557227 572.408762 593.435231 617.761143 630.643698 619.352726 599.641116 577.634504 549.707154 552.107007 577.740967 -9999.0 -9999.0 -9999.0 -9999.0 -9999.0 -9999.0
-9999.0 -9999.0 -9999.0 -9999.0 254.555184 266.611783 253.890276 277.398823 308.633959 341.106261 371.512700 406.559218 431.766735 459.935721 498.814496 531.981219 571.175943 603.236674 655.016065 721.353254 771.454632 794.033298 805.910267 860.772450 922.674703 981.990395 1005.256582 1030.553022 1067.615921 1122.788653 1149.178568 1159.760527 1190.083322 1241.215078 1290.900246 1323.516541 1309.732078 1304.436420 1309.737873 1318.477808 1338.425286 1337.630863 1338.374234 1340.189132 1344.382854 1345.021047 1325.183008 1296.098567 1283.707662 1272.419332 1236.736415 1147.899864 1101.773348 1074.866261 1046.948291 995.548363 923.008336 904.044667 851.554312 799.558970 738.956857 718.159845 690.051554 667.684843 641.660997 646.319686 652.668211 635.520853 606.583588 576.542337 563.090057 545.602240 535.936613 566.615886 584.796132 615.767126 -9999.0 -9999.0 -9999.0 -9999.0
-9999.0 -9999.0 197.156608 245.590553 300.898748 308.121373 307.529602 311.183198 337.056367 386.322956 459.743739 507.158543 546.923258 576.911954 634.256924 710.969563 777.572438 820.224861 875.092863 944.824764 1011.054765 1044.662615 1059.029584 1095.207200 1155.384495 1237.196290 1270.534727 1295.043557 1319.710538 1346.331062 1358.688523 1373.010902 1385.301237 1393.567355 1399.594187 1401.328841 1399.728782 1397.533638 1382.228737 1379.193977 1384.557142 1387.509773 1389.232128 1377.134784 1373.559682 1386.009054 1389.527379 1389.615065 1388.960076 1392.726252 1391.731318 1348.691857 1309.253270 1297.599251 1289.383417 1241.188381 1158.370725 1109.832657 1089.255788 1049.056520 969.439737 916.009623 867.971007 823.361409 776.961901 751.563950 711.362546 675.307276 634.096055 592.027479 571.260662 555.170768 554.502002 556.078967 573.222360 589.431659 605.390369 613.479158 -9999.0 -9999.0
-9999.0 96.419084 168.245061 293.617248 370.903128 412.400900 443.689352 465.408880 489.351349 508.494351 608.872458 696.347295 779.763371 811.930251 864.549533 957.752906 1042.239350 1080.880106 1117.013668 1180.225577 1255.822897 1304.502509 1329.282065 1344.467905 1378.642025 1397.119648 1403.570362 1406.302036 1399.614688 1389.635063 1379.229171 1384.918232 1382.286475 1364.052920 1343.615840 1339.140266 1335.741048 1316.091864 1292.245724 1279.969453 1282.716531 1303.493323 1292.496457 1273.492840 1269.808965 1288.634633 1305.280020 1296.424577 1283.847052 1297.583914 1326.721807 1346.656524 1364.552915 1383.262883 1403.456185 1378.052825 1344.190749 1304.589418 1287.188458 1255.301676 1181.316214 1111.988476 1056.012870 993.870356 930.927625 869.670651 816.919702 766.419141 709.031483 674.586957 647.811634 600.471280 581.627526 585.957330 578.847360 577.368087 584.579070 591.303340 -9999.0 -9999.0
-9999.0 19.624896 161.450607 344.146066 487.574103 541.109354 640.957112 714.883993 739.226189 715.089381 814.421205 1019.166143 1107.586414 1126.884950 1214.639536 1298.167156 1317.970348 1342.780336 1361.593222 1371.120820 1383.017168 1393.555686 1391.688714 1386.091771 1374.686467 1371.469877 1372.581033 1369.053792 1348.102603 1323.614900 1304.199357 1299.631003 1281.132461 1233.303082 1181.658059 1158.411638 1144.728929 1126.895649 1095.788896 1071.455231 1059.058165 1076.693173 1068.314814 1050.699262 1046.243394 1067.506559 1098.307348 1090.974799 1094.323026 1113.047510 1151.965554 1197.342550 1236.326609 1271.643013 1308.596305 1353.782374 1373.425378 1395.752145 1401.275742 1381.141526 1334.944323 1282.956753 1244.606403 1165.837140 1088.839731 1011.943210 956.326842 905.833388 847.985743 808.476999 766.106378 712.703950 662.113712 643.047604 607.069370 589.030216 -9999.0 -9999.0 -9999.0 -9999.0
-9999.0 -53.788363 134.321353 392.134946 653.354308 758.111905 945.078117 1065.597348 1124.595743 1206.834818 1203.893630 1320.689870 1347.524954 1343.785125 1346.200092 1350.969601 1362.535674 1362.802684 1357.007938 1345.788943 1334.049053 1329.463181 1328.132272 1321.554250 1311.331355 1299.044947 1287.256091 1272.178908 1225.768999 1176.298952 1136.272615 1121.403878 1085.313152 994.035074 946.428717 911.780598 860.531404 856.650721 850.995629 825.097052 807.944623 790.977756 810.508555 812.209259 812.975239 816.869952 832.964851 851.037720 888.889003 919.964239 960.307731 1010.438693 1046.684001 1091.294069 1142.022170 1211.905015 1256.126488 1290.223486 1337.439395 1379.461800 1402.109378 1392.752400 1365.108634 1318.198293 1248.439164 1172.966477 1129.234305 1069.074776 1013.941232 962.096173 914.829331 860.171484 799.495294 727.994315 691.288752 -9999.0 -9999.0 -9999.0 -9999.0 -9999.0
-9999.0 -222.605166 43.548709 331.186309 643.250893 948.876811 1055.766686 1190.339588 1258.880645 1227.321931 1228.345376 1244.927443 1280.486670 1287.531468 1271.610919 1264.968015 1253.543259 1251.097405 1259.764519 1226.212424 1179.651111 1160.182222 1158.334188 1146.135641 1123.609989 1107.493477 1095.763734 1075.723321 1026.070486 973.268533 894.786254 870.952398 802.489870 747.023756 704.653276 658.859315 611.162175 611.643666 629.359143 615.229415 594.165281 576.307760 601.959762 618.000290 628.904795 617.526817 625.011815 657.638214 702.541452 740.846527 784.687586 832.931529 873.715375 918.046623 949.897157 1003.362347 1052.894397 1101.015102 1181.410814 1273.450945 1313.077552 1350.057667 1387.488799 1405.296933 1361.716664 1319.336724 1283.557406 1241.286057 1169.059444 1113.612954 1075.188830 1005.964618 943.593439 -9999.0 -9999.0 -9999.0 -9999.0 -9999.0 -9999.0 -9999.0
-9999.0 -352.048730 -128.759465 105.990537 390.616282 615.159012 784.446095 884.166933 954.482007 977.902153 1005.121786 1034.220953 1062.223243 1083.018266 1061.042661 1023.287176 994.579869 997.063856 992.214183 964.094020 928.917524 911.831979 909.893696 903.423750 879.968869 866.642881 857.436071 836.943274 804.839042 753.525999 678.269108 612.909748 555.947770 525.578710 498.068695 467.351060 432.185567 443.712559 458.067914 454.680664 443.782753 440.329182 469.437854 487.735422 497.313016 484.369272 502.024973 527.015167 566.011316 604.861723 648.917513 698.393305 746.268706 771.240345 782.328703 806.163775 842.675208 892.934544 977.069950 1071.929411 1149.340228 1208.719815 1271.760333 1311.822982 1334.915487 1366.367852 1361.246534 1303.622471 1202.636090 1220.713206 1215.661492 -9999.0 -9999.0 -9999.0 -9999.0 -9999.0 -9999.0 -9999.0 -9999.0 -9999.0
-9999.0 -9999.0 -363.411328 -181.572707 -36.246971 141.024427 283.859554 384.693793 460.141296 557.588968 650.937900 725.337009 764.084896 779.034265 763.045603 727.544905 704.510909 704.370806 694.582924 681.950908 659.733001 651.508175 642.145071 635.166131 624.832543 619.640864 615.536730 605.831733 585.599426 541.646889 494.086837 445.245496 393.973431 370.647337 350.305489 329.528616 328.042662 326.044846 332.853823 334.558214 340.807155 352.948523 373.217475 394.522901 403.683510 410.995251 422.679433 445.109624 476.481271 515.775771 565.958608 619.089151 654.317367 663.198823 650.652239 652.943198 670.233157 708.219876 784.075935 861.474658 948.356665 1016.905835 1091.299529 1150.334636 1183.678307 1232.186589 1274.504551 1234.192153 882.853096 1168.131186 -9999.0 -9999.0 -9999.0 -9999.0 -9999.0 -9999.0 -9999.0 -9999.0 -9999.0 -9999.0
-9999.0 -9999.0 -9999.0 -9999.0 -324.983411 -171.019643 -78.218570 1.330501 121.796636 231.592793 323.344039 398.862378 452.743850 475.663579 466.842089 465.930879 459.336008 454.622868 445.739094 442.463432 439.204054 432.109482 420.227663 413.458855 414.159087 418.996218 417.612931 405.455182 390.213491 366.888263 346.329003 313.267353 278.309973 250.484585 238.468339 232.943809 233.661401 228.112916 237.651795 244.635745 259.725692 275.048877 298.800738 327.126512 339.863120 353.826590 362.918582 382.695494 411.548793 462.774652 523.321966 577.503309 609.360785 610.449701 582.230522 563.566313 556.594389 579.857088 619.830662 680.668822 772.957546 838.061478 893.792900 941.689060 982.703693 1047.592842 1136.638980 1213.214908 -9999.0 -9999.0 -9999.0 -9999.0 -9999.0 -9999.0 -9999.0 -9999.0 -9999.0 -9999.0 -9999.0 -9999.0
-9999.0 -9999.0 -9999.0 -9999.0 -9999.0 -9999.0 -375.774766 -279.606917 -197.500237 -71.602857 45.498865 138.131505 212.147056 238.267531 258.398735 281.889864 278.344123 261.019296 243.756196 261.276070 272.820906 267.981762 240.185922 239.702352 244.269336 253.705577 252.848588 247.583823 223.910068 234.534647 235.178052 213.348278 188.521741 175.373169 164.552372 175.003984 176.130681 163.658221 165.635482 192.096453 212.047525 225.339320 247.421109 280.312567 312.065566 326.283569 326.875046 332.303124 372.057973 440.666366 509.518376 561.547038 590.600237 595.725977 565.234574 521.936829 497.561095 500.092527 529.169634 575.326692 643.416660 685.139753 708.313330 723.318182 745.690833 837.361602 -9999.0 -9999.0 -9999.0 -9999.0 -9999.0 -9999.0 -9999.0 -9999.0 -9999.0 -9999.0 -9999.0 -9999.0 -9999.0 -9999.0
-9999.0 -9999.0 -9999.0 -9999.0 -9999.0 -9999.0 -9999.0 -9999.0 -9999.0 -9999.0 -9999.0 -9999.0 -9999.0 -9999.0 -9999.0 -9999.0 -9999.0 -9999.0 -9999.0 -9999.0 -9999.0 -9999.0 -9999.0 -9999.0 -9999.0 -9999.0 -9999.0 -9999.0 -9999.0 -9999.0 -9999.0 -9999.0 -9999.0 -9999.0 -9999.0 -9999.0 -9999.0 -9999.0 -9999.0 -9999.0 -9999.0 -9999.0 -9999.0 -9999.0 -9999.0 -9999.0 -9999.0 -9999.0 -9999.0 -9999.0 -9999.0 -9999.0 -9999.0 -9999.0 -9999.0 -9999.0 -9999.0 -9999.0 -9999.0 -9999.0 -9999.0 -9999.0 -9999.0 -9999.0 -9999.0 -9999.0 -9999.0 -9999.0 -9999.0 -9999.0 -9999.0 -9999.0 -9999.0 -9999.0 -9999.0 -9999.0 -9999.0 -9999.0 -9999.0 -9999.0
-9999.0 -9999.0 -9999.0 -9999.0 -9999.0 -9999.0 -9999.0 -9999.0 -9999.0 -9999.0 -9999.0 -9999.0 -9999.0 -9999.0 -9999.0 -9999.0 -9999.0 -9999.0 -9999.0 -9999.0 -9999.0 -9999.0 -9999.0 -9999.0 -9999.0 -9999.0 -9999.0 -9999.0 -9999.0 -9999.0 -9999.0 -9999.0 -9999.0 -9999.0 -9999.0 -9999.0 -9999.0 -9999.0 -9999.0 -9999.0 -9999.0 -9999.0 -9999.0 -9999.0 -9999.0 -9999.0 -9999.0 -9999.0 -9999.0 -9999.0 -9999.0 -9999.0 -9999.0 -9999.0 -9999.0 -9999.0 -9999.0 -9999.0 -9999.0 -9999.0 -9999.0 -9999.0 -9999.0 -9999.0 -9999.0 -9999.0 -9999.0 -9999.0 -9999.0 -9999.0 -9999.0 -9999.0 -9999.0 -9999.0 -9999.0 -9999.0 -9999.0 -9999.0 -9999.0 -9999.0