Borden_/Borden1m_014/output_maps/psiliqL0015N0034.asc
ncols         80
nrows         18
xllcorner     620200.000000
yllcorner     5168000.000000
cellsize      1.000000
NODATA_value  -9999.0
-9999.0 -9999.0 -9999.0 -9999.0 -9999.0 -9999.0 -9999.0 -9999.0 -9999.0 -9999.0 -9999.0 -9999.0 -9999.0 -9999.0 -9999.0 -9999.0 -9999.0 -9999.0 -9999.0 -9999.0 -9999.0 -9999.0 -9999.0 -9999.0 -9999.0 -9999.0 -9999.0 -9999.0 -9999.0 -9999.0 -9999.0 -9999.0 -9999.0 -9999.0 -9999.0 -9999.0 -9999.0 -9999.0 -9999.0 -9999.0 -9999.0 -9999.0 -9999.0 -9999.0 -9999.0 -9999.0 -9999.0 -9999.0 -9999.0 -9999.0 -9999.0 -9999.0 -9999.0 -9999.0 -9999.0 -9999.0 -9999.0 -9999.0 -9999.0 -9999.0 -9999.0 -9999.0 -9999.0 -9999.0 -9999.0 -9999.0 -9999.0 -9999.0 -9999.0 -9999.0 -9999.0 -9999.0 -9999.0 -9999.0 -9999.0 -9999.0 -9999.0 -9999.0 -9999.0 -9999.0
-9999.0 -9999.0 -9999.0 -9999.0 -9999.0 -9999.0 -9999.0 -9999.0 -9999.0 -9999.0 -9999.0 -9999.0 -9999.0 -9999.0 -9999.0 -9999.0 -9999.0 -9999.0 -9999.0 -9999.0 -9999.0 -9999.0 -9999.0 -9999.0 -9999.0 -9999.0 -9999.0 -9999.0 -9999.0 -9999.0 -9999.0 -9999.0 -9999.0 -9999.0 -9999.0 -9999.0 -9999.0 -9999.0 -9999.0 -9999.0 -9999.0 -9999.0 -9999.0 -9999.0 -9999.0 -9999.0 -9999.0 -9999.0 -9999.0 -9999.0 -9999.0 -9999.0 -9999.0 -9999.0 -9999.0 -9999.0 -9999.0 -9999.0 -9999.0 -9999.0 -9999.0 -9999.0 -9999.0 -9999.0 -9999.0 -9999.0 -9999.0 -9999.0 -9999.0 -9999.0 -9999.0 -9999.0 -9999.0 -9999.0 -9999.0 -9999.0 -9999.0 -9999.0 -9999.0 -9999.0
-9999.0 -9999.0 -9999.0 -9999.0 -9999.0 -9999.0 -9999.0 -9999.0 -9999.0 -9999.0 -9999.0 -9999.0 -9999.0 -9999.0 -9999.0 -9999.0 -9999.0 -9999.0 -9999.0 -9999.0 1149.602093 1152.495562 1131.292236 1098.668928 1071.963717 1075.553235 1111.516151 1154.349948 1194.582425 1205.950000 1189.479475 1193.469187 1190.170692 1189.766934 1193.027654 1200.876988 1206.273449 1218.356914 1227.854882 1228.643716 1223.789120 1219.790066 1220.999399 1224.105372 1229.193938 1217.121128 1229.920011 1243.605010 1246.959118 1239.927504 1210.968594 1193.561126 1182.501401 1164.851746 1187.456903 1197.316939 1218.293165 1220.806861 1217.610257 1189.426627 1158.580123 -9999.0 -9999.0 -9999.0 -9999.0 -9999.0 -9999.0 -9999.0 -9999.0 -9999.0 -9999.0 -9999.0 -9999.0 -9999.0 -9999.0 -9999.0 -9999.0 -9999.0 -9999.0 -9999.0
-9999.0 -9999.0 -9999.0 -9999.0 -9999.0 -9999.0 -9999.0 -9999.0 -9999.0 -9999.0 -9999.0 -9999.0 -9999.0 -9999.0 1056.007532 1047.315513 1045.722545 1055.309025 1089.996487 1121.155573 1133.560725 1127.079582 1128.371344 1106.086965 1086.799067 1102.307631 1133.837489 1167.318517 1203.767315 1225.590578 1215.957194 1215.220572 1226.023141 1251.940505 1265.367762 1263.586551 1245.142533 1269.820057 1286.835986 1296.689619 1297.745807 1290.600199 1303.941777 1319.621057 1312.297524 1294.347810 1298.564213 1309.010369 1319.061558 1303.504798 1237.968568 1216.858370 1210.150032 1201.249989 1185.000481 1176.758887 1200.420782 1198.626281 1188.748064 1169.326968 1135.372294 1090.341929 1070.669503 1108.176464 1150.670897 1206.784525 -9999.0 -9999.0 -9999.0 -9999.0 -9999.0 -9999.0 -9999.0 -9999.0 -9999.0 -9999.0 -9999.0 -9999.0 -9999.0 -9999.0
-9999.0 -9999.0 -9999.0 -9999.0 -9999.0 -9999.0 -9999.0 -9999.0 -9999.0 994.955467 1000.394458 1008.823323 1012.475432 1029.354502 1027.889922 1036.297444 1044.587701 1073.113934 1105.541572 1141.909854 1171.820704 1164.361918 1166.411265 1177.733917 1182.247690 1195.847595 1219.620750 1262.272005 1303.820987 1346.447811 1319.439010 1318.646374 1339.041179 1386.624532 1419.627635 1427.042711 1409.868528 1420.525682 1447.449596 1471.424267 1473.249797 1472.459969 1498.210884 1512.272618 1512.255175 1490.941234 1477.319682 1475.902718 1498.881951 1445.269954 1376.820901 1325.127928 1327.494042 1295.832020 1256.519583 1234.703773 1229.874708 1248.150920 1231.263604 1192.270494 1154.361172 1141.602152 1122.545537 1138.219347 1158.791562 1203.422155 1240.720612 1267.686018 1265.771891 1247.279429 -9999.0 -9999.0 -9999.0 -9999.0 -9999.0 -9999.0 -9999.0 -9999.0 -9999.0 -9999.0
-9999.0 -9999.0 -9999.0 -9999.0 -9999.0 -9999.0 914.346322 924.762395 946.174902 951.780951 978.513752 987.203203 1009.288319 1030.088070 1053.383820 1071.464275 1103.104507 1137.755676 1180.260677 1225.082918 1259.103586 1255.859986 1268.224552 1299.969830 1339.917467 1370.195133 1397.491933 1440.080182 1518.357544 1562.260831 1570.366523 1576.290432 1586.758840 1635.624289 1699.367590 1714.347778 1695.145115 1682.144081 1704.336119 1742.788153 1751.034368 1754.104526 1765.438721 1775.074142 1800.217783 1789.377361 1747.795168 1731.626513 1727.678773 1709.135649 1646.290310 1581.976857 1546.923111 1495.616759 1410.841674 1354.551640 1359.638208 1375.839097 1344.467671 1288.123365 1244.944911 1231.984147 1214.712865 1199.469362 1203.762545 1220.824573 1240.935121 1250.074566 1235.166320 1212.422533 1188.263477 1158.391561 1159.398424 1183.997985 -9999.0 -9999.0 -9999.0 -9999.0 -9999.0 -9999.0
-9999.0 -9999.0 -9999.0 -9999.0 863.138169 876.809250 865.462385 891.825846 925.868844 961.553185 994.916605 1033.400045 1062.556951 1094.832901 1137.151317 1173.438502 1217.518677 1255.349163 1312.028715 1382.448187 1436.174255 1462.531869 1480.224978 1539.582612 1601.408613 1654.520798 1676.905731 1706.263111 1751.831460 1813.604255 1841.735376 1849.047392 1866.797324 1901.985647 1949.009445 1982.005039 1966.115312 1959.365216 1966.989439 1980.380864 2005.829935 2008.593991 2011.149226 2013.687371 2017.802510 2015.776369 1989.864302 1954.874729 1939.583918 1929.023917 1898.227632 1828.408738 1787.073811 1755.466040 1720.048052 1666.733278 1602.079614 1585.232464 1526.615227 1467.215573 1402.419785 1378.199583 1345.205373 1317.205348 1285.603264 1284.461817 1284.826855 1261.544015 1226.794609 1192.515730 1175.884662 1155.888500 1143.943261 1173.252907 1190.202052 1220.061020 -9999.0 -9999.0 -9999.0 -9999.0
-9999.0 -9999.0 802.499272 851.602247 909.483923 919.346472 920.944725 928.411396 958.722168 1012.823002 1089.896094 1142.028338 1186.423091 1222.866594 1285.020451 1366.432658 1441.268624 1492.237005 1553.601607 1624.745830 1688.398525 1723.961423 1743.447703 1783.367942 1837.320950 1899.227228 1926.522520 1953.723594 1985.739460 2020.451763 2032.044779 2046.308653 2054.790535 2057.719248 2063.359253 2065.011241 2060.451825 2055.123133 2037.303572 2034.299362 2042.313941 2048.556541 2050.445008 2037.219471 2033.120750 2046.130948 2049.103165 2047.092867 2045.848103 2052.467974 2055.197176 2015.527022 1977.860689 1961.540609 1950.275493 1904.930905 1839.485054 1796.581350 1772.356083 1728.309337 1649.378278 1596.596168 1544.696399 1494.450106 1439.858113 1406.131460 1356.336821 1310.640067 1261.218447 1212.817491 1187.622660 1168.425150 1165.028889 1164.066659 1179.500806 1194.193139 1209.026841 1216.537348 -9999.0 -9999.0
-9999.0 698.762705 771.462994 898.191861 979.227543 1024.945686 1057.691971 1082.237323 1113.151500 1141.793401 1248.319284 1338.587397 1431.752261 1471.409912 1523.879408 1622.513735 1718.382389 1765.339923 1804.113406 1860.736203 1921.334149 1969.584216 1999.283627 2010.494789 2044.767819 2058.558971 2062.000660 2065.764269 2062.484569 2055.132697 2046.667062 2052.937014 2048.965905 2029.530485 2012.869109 2009.032673 2002.690425 1977.666361 1948.980567 1934.198211 1937.023267 1960.242941 1948.556501 1928.062058 1924.294946 1945.295417 1964.385081 1955.581827 1944.288097 1962.800684 1997.808076 2020.341006 2030.642139 2047.312480 2067.830675 2041.919619 2013.039303 1970.489138 1949.999123 1919.843226 1860.092770 1797.559781 1741.729729 1679.875951 1611.859749 1542.298837 1476.745896 1412.403240 1343.522497 1300.426868 1267.930647 1217.016677 1195.452354 1196.436660 1186.825949 1183.136174 1188.458794 1194.426621 -9999.0 -9999.0
-9999.0 617.790249 760.379810 945.248142 1094.533519 1154.314287 1256.552170 1337.029626 1367.372272 1340.986840 1450.707711 1670.360863 1773.807295 1792.811921 1865.224055 1953.401564 1972.840030 2005.654594 2028.183389 2038.940179 2047.905966 2058.567684 2057.869702 2053.050154 2038.984551 2031.288364 2029.748034 2026.218520 2007.643050 1987.374634 1968.752792 1963.755873 1944.274483 1899.091310 1864.892747 1846.426014 1829.028207 1808.239811 1775.128449 1748.332664 1733.702976 1749.400965 1742.768874 1726.250413 1722.530591 1744.507684 1776.802593 1773.156230 1781.881683 1804.622395 1845.156372 1885.760778 1909.308487 1940.350413 1977.983007 2022.922092 2038.617714 2060.108536 2064.099648 2044.791351 1999.514091 1945.856760 1909.589159 1844.728975 1769.790801 1689.108438 1621.694630 1556.731099 1485.625187 1438.191467 1390.900138 1333.682093 1279.784165 1256.686345 1216.645057 1196.374624 -9999.0 -9999.0 -9999.0 -9999.0
-9999.0 538.078681 726.042035 984.108585 1261.317054 1372.525954 1576.542704 1705.137780 1763.759492 1832.411560 1809.736122 1958.736600 1999.114278 1996.150802 1996.262297 2001.197911 2017.519831 2021.619559 2018.588054 2009.012703 2000.294334 1996.616847 1995.407930 1988.040531 1975.593345 1960.096139 1945.915313 1931.564918 1892.048744 1857.348040 1820.221638 1804.360309 1764.253547 1672.071688 1628.184756 1591.264228 1534.021025 1527.319816 1521.159228 1492.904688 1473.373173 1452.903098 1474.855406 1479.349620 1481.898566 1485.457404 1502.560486 1526.727189 1571.723245 1608.973832 1654.220999 1707.493643 1743.044978 1787.385574 1834.644187 1891.678109 1925.434075 1957.141963 2005.072723 2044.375204 2067.119428 2054.811648 2025.729566 1976.790613 1902.681820 1832.025629 1777.955145 1700.804901 1633.840286 1580.592604 1536.016100 1487.166723 1423.891911 1345.251298 1303.234771 -9999.0 -9999.0 -9999.0 -9999.0 -9999.0
-9999.0 357.157695 624.698762 912.154906 1225.468035 1553.594185 1687.579396 1815.668535 1888.136570 1855.381386 1862.826870 1884.787434 1927.768685 1937.572576 1919.347949 1911.442292 1900.641056 1901.002973 1913.923314 1887.522322 1857.678386 1844.072832 1843.368362 1831.454750 1807.967877 1790.495106 1777.376998 1755.821909 1706.725839 1654.580817 1572.381144 1541.502964 1465.171914 1408.131247 1362.759762 1312.503115 1261.390578 1259.701100 1276.542442 1261.601155 1239.250694 1220.859408 1247.521283 1265.390883 1277.798546 1266.745962 1276.255473 1312.681224 1362.884891 1408.003689 1459.279076 1515.148931 1562.528398 1611.230417 1644.574115 1696.213369 1744.795851 1792.312119 1866.723475 1946.015790 1983.222439 2017.482290 2048.599305 2061.108868 2005.470773 1950.491568 1891.974108 1823.337412 1737.100733 1690.294106 1667.468455 1630.802526 1577.809954 -9999.0 -9999.0 -9999.0 -9999.0 -9999.0 -9999.0 -9999.0
-9999.0 231.127315 449.352590 678.159713 962.226122 1200.152999 1395.674736 1504.410482 1583.938871 1619.255863 1654.488714 1690.124293 1722.389098 1746.379004 1725.844089 1687.262276 1659.061162 1663.214568 1658.834694 1634.670895 1604.732284 1589.481088 1586.753710 1579.540945 1554.903080 1539.937603 1528.417242 1504.843541 1470.029820 1413.215953 1332.861675 1259.997106 1198.512266 1165.921095 1135.615519 1102.470129 1066.458664 1076.271058 1088.691768 1084.978090 1074.316140 1071.326639 1100.529441 1119.631576 1129.916402 1118.520793 1137.994357 1165.123470 1207.333827 1251.179332 1301.327233 1357.684184 1412.681522 1443.465818 1459.054233 1486.469585 1527.424702 1582.554616 1669.424521 1764.137782 1841.584640 1890.219084 1939.890709 1971.232870 1980.917133 1986.874532 1954.187526 1864.505275 1744.512654 1738.491714 1739.945336 -9999.0 -9999.0 -9999.0 -9999.0 -9999.0 -9999.0 -9999.0 -9999.0 -9999.0
-9999.0 -9999.0 216.085084 393.611677 532.046700 712.278853 863.111844 973.652729 1062.272364 1174.436043 1278.888598 1362.986042 1408.156380 1426.399270 1412.185431 1378.313095 1356.415867 1356.144835 1345.750259 1334.303963 1313.477853 1305.011648 1293.781301 1285.276227 1274.628695 1268.440736 1262.389671 1250.139754 1227.076317 1179.403188 1129.765040 1077.851882 1024.064642 998.058970 975.668177 953.659750 951.771540 947.864325 953.467606 954.840215 961.483771 973.959754 994.156684 1016.140499 1025.981227 1034.773864 1047.521879 1071.571810 1105.130086 1147.881151 1202.415858 1260.778975 1301.446136 1315.305880 1307.071460 1313.735077 1335.928517 1380.457771 1463.526407 1548.845843 1643.899325 1714.601083 1784.534199 1834.276610 1847.202226 1857.540571 1863.647897 1792.267076 1538.145512 1670.183717 -9999.0 -9999.0 -9999.0 -9999.0 -9999.0 -9999.0 -9999.0 -9999.0 -9999.0 -9999.0
-9999.0 -9999.0 -9999.0 -9999.0 252.323805 407.648319 504.748372 588.585246 716.798624 835.611693 934.793280 1017.226430 1078.130106 1104.389821 1099.146249 1102.630672 1097.309357 1091.392573 1081.657399 1079.634909 1077.457921 1069.658379 1055.657753 1047.960684 1048.224623 1052.437979 1049.423392 1035.238596 1017.105498 993.248416 971.777467 936.821758 900.311038 870.746282 857.252350 851.077464 850.702488 843.886877 852.632641 859.731930 874.842544 890.093209 913.909104 942.821827 956.452302 971.232252 981.144171 1001.954836 1032.609392 1086.285259 1150.008887 1208.126074 1244.319088 1249.339660 1225.279519 1210.699995 1208.283762 1237.665570 1284.717299 1354.179593 1457.254217 1531.065435 1588.879534 1632.789748 1662.527512 1703.188496 1743.940267 1766.932155 -9999.0 -9999.0 -9999.0 -9999.0 -9999.0 -9999.0 -9999.0 -9999.0 -9999.0 -9999.0 -9999.0 -9999.0
-9999.0 -9999.0 -9999.0 -9999.0 -9999.0 -9999.0 209.261883 309.976167 391.951432 527.558895 654.817922 754.377491 833.584440 864.171028 888.830843 914.595460 912.170165 894.036241 875.385543 893.428431 906.144885 900.240248 870.598557 869.763990 874.052297 882.181512 879.821256 873.065900 847.627101 857.962745 857.764159 834.140937 807.747853 793.474992 781.434775 790.906838 791.102813 777.625883 778.506869 805.094979 825.212474 838.413496 860.373300 893.588072 925.904134 941.014400 942.444981 948.778341 989.324169 1059.827404 1131.549065 1187.014263 1219.653632 1228.122548 1201.243747 1161.688510 1141.871539 1149.901932 1185.905412 1240.160304 1317.558313 1367.964513 1395.372870 1410.128885 1428.975274 1517.524829 -9999.0 -9999.0 -9999.0 -9999.0 -9999.0 -9999.0 -9999.0 -9999.0 -9999.0 -9999.0 -9999.0 -9999.0 -9999.0 -9999.0
-9999.0 -9999.0 -9999.0 -9999.0 -9999.0 -9999.0 -9999.0 -9999.0 -9999.0 -9999.0 -9999.0 -9999.0 -9999.0 -9999.0 -9999.0 -9999.0 -9999.0 -9999.0 -9999.0 -9999.0 -9999.0 -9999.0 -9999.0 -9999.0 -9999.0 -9999.0 -9999.0 -9999.0 -9999.0 -9999.0 -9999.0 -9999.0 -9999.0 -9999.0 -9999.0 -9999.0 -9999.0 -9999.0 -9999.0 -9999.0 -9999.0 -9999.0 -9999.0 -9999.0 -9999.0 -9999.0 -9999.0 -9999.0 -9999.0 -9999.0 -9999.0 -9999.0 -9999.0 -9999.0 -9999.0 -9999.0 -9999.0 -9999.0 -9999.0 -9999.0 -9999.0 -9999.0 -9999.0 -9999.0 -9999.0 -9999.0 -9999.0 -9999.0 -9999.0 -9999.0 -9999.0 -9999.0 -9999.0 -9999.0 -9999.0 -9999.0 -9999.0 -9999.0 -9999.0 -9999.0
-9999.0 -9999.0 -9999.0 -9999.0 -9999.0 -9999.0 -9999.0 -9999.0 -9999.0 -9999.0 -9999.0 -9999.0 -9999.0 -9999.0 -9999.0 -9999.0 -9999.0 -9999.0 -9999.0 -9999.0 -9999.0 -9999.0 -9999.0 -9999.0 -9999.0 -9999.0 -9999.0 -9999.0 -9999.0 -9999.0 -9999.0 -9999.0 -9999.0 -9999.0 -9999.0 -9999.0 -9999.0 -9999.0 -9999.0 -9999.0 -9999.0 -9999.0 -9999.0 -9999.0 -9999.0 -9999.0 -9999.0 -9999.0 -9999.0 -9999.0 -9999.0 -9999.0 -9999.0 -9999.0 -9999.0 -9999.0 -9999.0 -9999.0 -9999.0 -9999.0 -9999.0 -9999.0 -9999.0 -9999.0 -9999.0 -9999.0 -9999.0 -9999.0 -9999.0 -9999.0 -9999.0 -9999.0 -9999.0 -9999.0 -9999.0 -9999.0 -9999.0 -9999.0 -9999.0 -9999.0