Borden_/Borden1m_014/output_maps/psiliqL0028N0028.asc
ncols         80
nrows         18
xllcorner     620200.000000
yllcorner     5168000.000000
cellsize      1.000000
NODATA_value  -9999.0
-9999.0 -9999.0 -9999.0 -9999.0 -9999.0 -9999.0 -9999.0 -9999.0 -9999.0 -9999.0 -9999.0 -9999.0 -9999.0 -9999.0 -9999.0 -9999.0 -9999.0 -9999.0 -9999.0 -9999.0 -9999.0 -9999.0 -9999.0 -9999.0 -9999.0 -9999.0 -9999.0 -9999.0 -9999.0 -9999.0 -9999.0 -9999.0 -9999.0 -9999.0 -9999.0 -9999.0 -9999.0 -9999.0 -9999.0 -9999.0 -9999.0 -9999.0 -9999.0 -9999.0 -9999.0 -9999.0 -9999.0 -9999.0 -9999.0 -9999.0 -9999.0 -9999.0 -9999.0 -9999.0 -9999.0 -9999.0 -9999.0 -9999.0 -9999.0 -9999.0 -9999.0 -9999.0 -9999.0 -9999.0 -9999.0 -9999.0 -9999.0 -9999.0 -9999.0 -9999.0 -9999.0 -9999.0 -9999.0 -9999.0 -9999.0 -9999.0 -9999.0 -9999.0 -9999.0 -9999.0
-9999.0 -9999.0 -9999.0 -9999.0 -9999.0 -9999.0 -9999.0 -9999.0 -9999.0 -9999.0 -9999.0 -9999.0 -9999.0 -9999.0 -9999.0 -9999.0 -9999.0 -9999.0 -9999.0 -9999.0 -9999.0 -9999.0 -9999.0 -9999.0 -9999.0 -9999.0 -9999.0 -9999.0 -9999.0 -9999.0 -9999.0 -9999.0 -9999.0 -9999.0 -9999.0 -9999.0 -9999.0 -9999.0 -9999.0 -9999.0 -9999.0 -9999.0 -9999.0 -9999.0 -9999.0 -9999.0 -9999.0 -9999.0 -9999.0 -9999.0 -9999.0 -9999.0 -9999.0 -9999.0 -9999.0 -9999.0 -9999.0 -9999.0 -9999.0 -9999.0 -9999.0 -9999.0 -9999.0 -9999.0 -9999.0 -9999.0 -9999.0 -9999.0 -9999.0 -9999.0 -9999.0 -9999.0 -9999.0 -9999.0 -9999.0 -9999.0 -9999.0 -9999.0 -9999.0 -9999.0
-9999.0 -9999.0 -9999.0 -9999.0 -9999.0 -9999.0 -9999.0 -9999.0 -9999.0 -9999.0 -9999.0 -9999.0 -9999.0 -9999.0 -9999.0 -9999.0 -9999.0 -9999.0 -9999.0 -9999.0 3725.108390 3725.771926 3704.092360 3669.785662 3641.328033 3642.897574 3675.320717 3715.608806 3754.224910 3760.940877 3741.419176 3745.206711 3740.570140 3735.305508 3734.937993 3742.657944 3749.545470 3758.878359 3765.490999 3762.793106 3755.168753 3750.131699 3753.078906 3754.419487 3760.834535 3745.744149 3762.091357 3778.571820 3783.208959 3780.895446 3757.733859 3746.473111 3738.786730 3723.372905 3750.481451 3762.327656 3786.137023 3791.063300 3789.257413 3762.821442 3732.936952 -9999.0 -9999.0 -9999.0 -9999.0 -9999.0 -9999.0 -9999.0 -9999.0 -9999.0 -9999.0 -9999.0 -9999.0 -9999.0 -9999.0 -9999.0 -9999.0 -9999.0 -9999.0 -9999.0
-9999.0 -9999.0 -9999.0 -9999.0 -9999.0 -9999.0 -9999.0 -9999.0 -9999.0 -9999.0 -9999.0 -9999.0 -9999.0 -9999.0 3635.221511 3626.476463 3623.364118 3630.203444 3662.213362 3692.238102 3703.672544 3695.980576 3695.493636 3670.274529 3646.710840 3658.712534 3687.657200 3717.529490 3750.333326 3766.833167 3755.598215 3752.630818 3758.773363 3776.991474 3783.896816 3779.934684 3762.531277 3786.863480 3799.522433 3803.106473 3800.806473 3790.669579 3798.603302 3812.265671 3805.130133 3790.203427 3802.204846 3817.782519 3828.297719 3821.185650 3764.211281 3753.659559 3750.957038 3747.731493 3735.214645 3732.170875 3761.454945 3761.392719 3754.778369 3738.110010 3705.074160 3659.989685 3641.423867 3682.836286 3726.904970 3783.457506 -9999.0 -9999.0 -9999.0 -9999.0 -9999.0 -9999.0 -9999.0 -9999.0 -9999.0 -9999.0 -9999.0 -9999.0 -9999.0 -9999.0
-9999.0 -9999.0 -9999.0 -9999.0 -9999.0 -9999.0 -9999.0 -9999.0 -9999.0 3578.020630 3584.048696 3590.694535 3592.903130 3607.622724 3603.909665 3610.428101 3613.493367 3640.366081 3669.128197 3701.905380 3728.144706 3718.493111 3716.497723 3718.838932 3711.150452 3717.756159 3737.523854 3773.307552 3802.815786 3836.925456 3802.336361 3796.735810 3813.736101 3853.755200 3874.718811 3875.481635 3856.584744 3874.870773 3898.083851 3912.569288 3908.586156 3901.945641 3928.271136 3943.869978 3936.185756 3914.101490 3914.876686 3923.748103 3953.766509 3903.020797 3836.936937 3800.954332 3819.121508 3799.677352 3776.134324 3767.062518 3768.818558 3789.751115 3779.007918 3746.067475 3713.757466 3702.345766 3686.139059 3708.435542 3732.432041 3779.381217 3819.890622 3850.211463 3849.882977 3832.867006 -9999.0 -9999.0 -9999.0 -9999.0 -9999.0 -9999.0 -9999.0 -9999.0 -9999.0 -9999.0
-9999.0 -9999.0 -9999.0 -9999.0 -9999.0 -9999.0 3499.652579 3510.131435 3530.666806 3532.587948 3558.888520 3563.373188 3581.437197 3597.770925 3619.076482 3630.680692 3654.188629 3683.019524 3717.579586 3753.634779 3779.903047 3766.717069 3771.041467 3788.060181 3812.113763 3828.804772 3850.885074 3888.410989 3960.497699 3996.321161 3986.204596 3986.308299 3994.319186 4045.077173 4109.149653 4119.218146 4098.423797 4085.711598 4110.291900 4148.454532 4145.427557 4144.108625 4158.162952 4169.428921 4196.387354 4184.760314 4148.888623 4144.988004 4153.335798 4128.857981 4057.790325 4001.438818 3985.158808 3938.095755 3854.018791 3813.412379 3840.760420 3870.691452 3850.562583 3801.994447 3771.368561 3767.247232 3757.331853 3752.089786 3766.156899 3790.232098 3814.810299 3829.440464 3818.034012 3797.502218 3776.269825 3748.437989 3751.419857 3776.480608 -9999.0 -9999.0 -9999.0 -9999.0 -9999.0 -9999.0
-9999.0 -9999.0 -9999.0 -9999.0 3450.576178 3463.130427 3447.420045 3473.333160 3504.608468 3537.508271 3563.636514 3593.809249 3615.626381 3641.089903 3672.259829 3691.351348 3721.132520 3749.336575 3794.976519 3854.666997 3897.597636 3909.066463 3916.679101 3966.942781 4022.785093 4069.092233 4087.780388 4114.041835 4161.478837 4218.359783 4240.244627 4242.497084 4259.474372 4304.619035 4363.022244 4398.757305 4380.756797 4371.357806 4382.416020 4397.556762 4419.721835 4419.755557 4420.902499 4425.512870 4433.813289 4431.618861 4404.061936 4370.189375 4357.066616 4346.503569 4306.190154 4232.753237 4203.639499 4173.752325 4128.109600 4072.687529 4028.445750 4032.481251 3977.312971 3921.704804 3873.666749 3868.145007 3849.609683 3835.233608 3819.858673 3833.934948 3847.324914 3833.141675 3803.548196 3774.794564 3762.334264 3745.175359 3733.971488 3765.508693 3783.588191 3812.991644 -9999.0 -9999.0 -9999.0 -9999.0
-9999.0 -9999.0 3392.219387 3436.484495 3492.993450 3497.965532 3489.192720 3490.728304 3515.903239 3563.808786 3623.226928 3657.253262 3683.110867 3712.512217 3761.340961 3820.071060 3878.138327 3920.230154 3978.767419 4048.724383 4107.905269 4134.163213 4142.368531 4178.463725 4234.259019 4305.657615 4334.532470 4361.693880 4394.581234 4432.441061 4420.475311 4430.555727 4443.816467 4458.615030 4475.466854 4483.606757 4478.371800 4473.686879 4454.905998 4449.390430 4455.807446 4464.502584 4463.001747 4448.050507 4444.059156 4459.344670 4466.044658 4463.648196 4460.246432 4464.711169 4458.510932 4407.938887 4394.232390 4378.391153 4365.619661 4318.465516 4250.456145 4218.999877 4196.427981 4154.183927 4080.144153 4044.441190 4006.030091 3972.629672 3936.578810 3925.581504 3894.779726 3863.636874 3825.721455 3785.589905 3767.148434 3753.573541 3753.620988 3754.460012 3772.579778 3788.400156 3804.468487 3812.590334 -9999.0 -9999.0
-9999.0 3281.166777 3351.442001 3471.368079 3547.817824 3582.300632 3585.693284 3584.449474 3608.631597 3641.953437 3725.152108 3767.895801 3850.374570 3888.878832 3928.431461 4018.361590 4114.463884 4158.894993 4199.181589 4265.361824 4333.150863 4381.212280 4408.037790 4380.912012 4422.154082 4455.598244 4464.946335 4472.867961 4473.826466 4465.218137 4459.120844 4465.637428 4462.458182 4442.824830 4426.320395 4424.401540 4420.896080 4397.181893 4369.341229 4353.407130 4354.348278 4379.811868 4366.321283 4344.749956 4340.255025 4362.222244 4384.341603 4373.386206 4360.099656 4376.819262 4411.997418 4438.064826 4437.511394 4456.526332 4477.755254 4447.940628 4427.870443 4382.869019 4365.560182 4339.816200 4281.817550 4226.884133 4178.330028 4130.071068 4078.233154 4030.594191 3983.438523 3936.592804 3884.119015 3851.801719 3828.218415 3786.648776 3775.293235 3782.574168 3778.292964 3777.050300 3783.807917 3790.445869 -9999.0 -9999.0
-9999.0 3181.174181 3318.690677 3493.875727 3634.565018 3671.248798 3725.009688 3776.632539 3788.414020 3728.675622 3830.073963 4048.996582 4177.061136 4196.172752 4273.926272 4372.089950 4348.679731 4380.984542 4405.174728 4434.650951 4458.274981 4473.861529 4472.468759 4467.669425 4450.889775 4442.817380 4441.859338 4439.649279 4421.903170 4402.635003 4385.596481 4382.115601 4363.559077 4312.309688 4278.430409 4260.207257 4239.741509 4226.779474 4200.034230 4173.648813 4156.333466 4165.450754 4164.745808 4151.954144 4147.557357 4165.198138 4196.170118 4195.159001 4208.380300 4228.288642 4263.856370 4302.883171 4322.369544 4351.921193 4387.945758 4437.278695 4445.022108 4467.733366 4470.326826 4461.355095 4413.710675 4361.340489 4331.587808 4275.544877 4215.903414 4154.133683 4104.827136 4060.050685 4004.580652 3971.170656 3932.616748 3879.289151 3838.058182 3832.696494 3800.100284 3788.127493 -9999.0 -9999.0 -9999.0 -9999.0
-9999.0 3073.752913 3250.153659 3483.605404 3780.599454 3845.294000 4048.717440 4163.207987 4201.016267 4270.009760 4133.543848 4354.125450 4411.627832 4407.843491 4427.965302 4431.879359 4446.688970 4445.780692 4440.681189 4429.474798 4419.623468 4414.847806 4413.873784 4405.909115 4393.165024 4378.410209 4366.330333 4354.577095 4317.251129 4284.739816 4244.058378 4231.155153 4184.451046 4091.587049 4052.957145 4013.098210 3950.537001 3954.015374 3963.635638 3940.097649 3920.118497 3890.158408 3921.376467 3933.599127 3938.340470 3932.444933 3941.009743 3971.279759 4020.622674 4055.457903 4094.319417 4142.666981 4173.595092 4212.986520 4252.507241 4305.182474 4336.943152 4366.125575 4416.082167 4453.341863 4476.298874 4461.563941 4444.002477 4398.053610 4337.328193 4287.707372 4258.186077 4206.962915 4163.189023 4119.865203 4073.441622 4020.755586 3959.253187 3909.896545 3876.765315 -9999.0 -9999.0 -9999.0 -9999.0 -9999.0
-9999.0 2843.003901 3103.122214 3362.016598 3627.362541 3974.065026 4156.706956 4248.262024 4312.882646 4300.489778 4328.252597 4333.426790 4371.033909 4378.996442 4357.717009 4343.243943 4324.747803 4323.657926 4336.799289 4309.033944 4278.228118 4264.579825 4265.552262 4254.877038 4230.653289 4215.810943 4206.609199 4187.713501 4144.546380 4093.606532 4008.259895 3971.884380 3891.580643 3855.767733 3820.413640 3773.631255 3730.092362 3736.876021 3762.953980 3754.974938 3734.607190 3718.005120 3748.025994 3769.634193 3783.192485 3766.161128 3772.549614 3806.937124 3853.237979 3893.578717 3937.075400 3984.840013 4027.009678 4065.631094 4085.403540 4123.719536 4166.042555 4207.887936 4278.608460 4358.381227 4395.269951 4430.522197 4458.687778 4480.919456 4437.600817 4411.948778 4387.753495 4363.719903 4316.905459 4271.171777 4230.590549 4164.970118 4105.404138 -9999.0 -9999.0 -9999.0 -9999.0 -9999.0 -9999.0 -9999.0
-9999.0 2740.750348 2919.913515 3098.225191 3336.521208 3564.632324 3794.411221 3884.457522 3955.596858 4035.364237 4093.930159 4133.369039 4159.177168 4181.184930 4158.741046 4111.503705 4078.671503 4083.864853 4073.972259 4053.497193 4026.099781 4013.500877 4010.653765 4006.221635 3985.513187 3975.893314 3969.580966 3951.963353 3927.660769 3874.897183 3804.754995 3731.065219 3678.734101 3661.892944 3640.948117 3615.579978 3591.138635 3605.264997 3617.998633 3618.976041 3613.620263 3614.741047 3643.777344 3663.923560 3673.322678 3662.770395 3680.840319 3703.293125 3739.360552 3778.156181 3822.327098 3871.933242 3919.936169 3938.938124 3939.443134 3948.962806 3975.306606 4017.779816 4093.715101 4180.031246 4259.483031 4305.703554 4357.040667 4397.750573 4426.767407 4450.063917 4473.702758 4467.712202 4440.974800 4407.142568 4347.363357 -9999.0 -9999.0 -9999.0 -9999.0 -9999.0 -9999.0 -9999.0 -9999.0 -9999.0
-9999.0 -9999.0 2704.218473 2839.500332 2923.656424 3073.718497 3209.412686 3313.669319 3417.368392 3565.278612 3691.873608 3788.168986 3835.687631 3851.484296 3838.105925 3811.056230 3794.933716 3794.445956 3782.384268 3777.191823 3764.324203 3759.745592 3747.664476 3740.612044 3738.214078 3738.997242 3737.705735 3730.550679 3715.317556 3675.467723 3641.673030 3599.353991 3555.163011 3535.149281 3518.698755 3503.612689 3509.737858 3505.120569 3511.052401 3514.720941 3525.408786 3540.242798 3559.509300 3582.500117 3592.172317 3602.725456 3613.140984 3634.176659 3663.320520 3702.945904 3753.780644 3808.188619 3843.530723 3849.467421 3830.098211 3823.435512 3829.619324 3856.560762 3917.418528 3985.319415 4076.020904 4142.195848 4209.335686 4265.968924 4293.113560 4329.515464 4400.993724 4449.114144 4493.124714 4470.635475 -9999.0 -9999.0 -9999.0 -9999.0 -9999.0 -9999.0 -9999.0 -9999.0 -9999.0 -9999.0
-9999.0 -9999.0 -9999.0 -9999.0 2711.306297 2838.545054 2933.248547 3002.637904 3135.355526 3265.699268 3371.697100 3459.795168 3530.793816 3557.161393 3560.099895 3580.265678 3580.503338 3570.556646 3559.462976 3566.197812 3573.062954 3567.544972 3550.366618 3545.196178 3550.944282 3560.912684 3560.774085 3549.782964 3533.489706 3523.449642 3514.411271 3486.644495 3457.252473 3432.196665 3422.436372 3421.770308 3423.336700 3416.240658 3425.316065 3435.371737 3451.949597 3467.283757 3490.793514 3520.755485 3535.748223 3550.308232 3558.375745 3576.061994 3604.131218 3655.119645 3716.391197 3772.668424 3806.402978 3806.181354 3776.834618 3754.099879 3740.177302 3756.050625 3783.235613 3831.926369 3920.427886 3982.234739 4026.093433 4063.680476 4099.989231 4166.284900 4262.866995 4345.203907 -9999.0 -9999.0 -9999.0 -9999.0 -9999.0 -9999.0 -9999.0 -9999.0 -9999.0 -9999.0 -9999.0 -9999.0
-9999.0 -9999.0 -9999.0 -9999.0 -9999.0 -9999.0 2692.672373 2799.914245 2839.338374 2987.790327 3136.539775 3244.033307 3328.120080 3365.517098 3401.913818 3433.717890 3435.205123 3414.506970 3391.991608 3415.167873 3436.589047 3430.449836 3397.695681 3400.647434 3409.642639 3418.910258 3418.108110 3414.502713 3392.575738 3413.602982 3421.925051 3402.316349 3379.970296 3370.385302 3361.032415 3372.749615 3374.196382 3360.563427 3359.678161 3388.601115 3410.373374 3423.348042 3444.164517 3477.383911 3509.853791 3525.523933 3525.989871 3529.884090 3565.190138 3632.653382 3703.374504 3758.343879 3789.176979 3793.379419 3761.968606 3716.447769 3689.489641 3687.119079 3709.869894 3747.265360 3807.019762 3841.907635 3850.373479 3848.441745 3858.530082 3959.692694 -9999.0 -9999.0 -9999.0 -9999.0 -9999.0 -9999.0 -9999.0 -9999.0 -9999.0 -9999.0 -9999.0 -9999.0 -9999.0 -9999.0
-9999.0 -9999.0 -9999.0 -9999.0 -9999.0 -9999.0 -9999.0 -9999.0 -9999.0 -9999.0 -9999.0 -9999.0 -9999.0 -9999.0 -9999.0 -9999.0 -9999.0 -9999.0 -9999.0 -9999.0 -9999.0 -9999.0 -9999.0 -9999.0 -9999.0 -9999.0 -9999.0 -9999.0 -9999.0 -9999.0 -9999.0 -9999.0 -9999.0 -9999.0 -9999.0 -9999.0 -9999.0 -9999.0 -9999.0 -9999.0 -9999.0 -9999.0 -9999.0 -9999.0 -9999.0 -9999.0 -9999.0 -9999.0 -9999.0 -9999.0 -9999.0 -9999.0 -9999.0 -9999.0 -9999.0 -9999.0 -9999.0 -9999.0 -9999.0 -9999.0 -9999.0 -9999.0 -9999.0 -9999.0 -9999.0 -9999.0 -9999.0 -9999.0 -9999.0 -9999.0 -9999.0 -9999.0 -9999.0 -9999.0 -9999.0 -9999.0 -9999.0 -9999.0 -9999.0 -9999.0
-9999.0 -9999.0 -9999.0 -9999.0 -9999.0 -9999.0 -9999.0 -9999.0 -9999.0 -9999.0 -9999.0 -9999.0 -9999.0 -9999.0 -9999.0 -9999.0 -9999.0 -9999.0 -9999.0 -9999.0 -9999.0 -9999.0 -9999.0 -9999.0 -9999.0 -9999.0 -9999.0 -9999.0 -9999.0 -9999.0 -9999.0 -9999.0 -9999.0 -9999.0 -9999.0 -9999.0 -9999.0 -9999.0 -9999.0 -9999.0 -9999.0 -9999.0 -9999.0 -9999.0 -9999.0 -9999.0 -9999.0 -9999.0 -9999.0 -9999.0 -9999.0 -9999.0 -9999.0 -9999.0 -9999.0 -9999.0 -9999.0 -9999.0 -9999.0 -9999.0 -9999.0 -9999.0 -9999.0 -9999.0 -9999.0 -9999.0 -9999.0 -9999.0 -9999.0 -9999.0 -9999.0 -9999.0 -9999.0 -9999.0 -9999.0 -9999.0 -9999.0 -9999.0 -9999.0 -9999.0