Borden_/Borden1m_014/output_maps/psiliqL0011N0036.asc
ncols         80
nrows         18
xllcorner     620200.000000
yllcorner     5168000.000000
cellsize      1.000000
NODATA_value  -9999.0
-9999.0 -9999.0 -9999.0 -9999.0 -9999.0 -9999.0 -9999.0 -9999.0 -9999.0 -9999.0 -9999.0 -9999.0 -9999.0 -9999.0 -9999.0 -9999.0 -9999.0 -9999.0 -9999.0 -9999.0 -9999.0 -9999.0 -9999.0 -9999.0 -9999.0 -9999.0 -9999.0 -9999.0 -9999.0 -9999.0 -9999.0 -9999.0 -9999.0 -9999.0 -9999.0 -9999.0 -9999.0 -9999.0 -9999.0 -9999.0 -9999.0 -9999.0 -9999.0 -9999.0 -9999.0 -9999.0 -9999.0 -9999.0 -9999.0 -9999.0 -9999.0 -9999.0 -9999.0 -9999.0 -9999.0 -9999.0 -9999.0 -9999.0 -9999.0 -9999.0 -9999.0 -9999.0 -9999.0 -9999.0 -9999.0 -9999.0 -9999.0 -9999.0 -9999.0 -9999.0 -9999.0 -9999.0 -9999.0 -9999.0 -9999.0 -9999.0 -9999.0 -9999.0 -9999.0 -9999.0
-9999.0 -9999.0 -9999.0 -9999.0 -9999.0 -9999.0 -9999.0 -9999.0 -9999.0 -9999.0 -9999.0 -9999.0 -9999.0 -9999.0 -9999.0 -9999.0 -9999.0 -9999.0 -9999.0 -9999.0 -9999.0 -9999.0 -9999.0 -9999.0 -9999.0 -9999.0 -9999.0 -9999.0 -9999.0 -9999.0 -9999.0 -9999.0 -9999.0 -9999.0 -9999.0 -9999.0 -9999.0 -9999.0 -9999.0 -9999.0 -9999.0 -9999.0 -9999.0 -9999.0 -9999.0 -9999.0 -9999.0 -9999.0 -9999.0 -9999.0 -9999.0 -9999.0 -9999.0 -9999.0 -9999.0 -9999.0 -9999.0 -9999.0 -9999.0 -9999.0 -9999.0 -9999.0 -9999.0 -9999.0 -9999.0 -9999.0 -9999.0 -9999.0 -9999.0 -9999.0 -9999.0 -9999.0 -9999.0 -9999.0 -9999.0 -9999.0 -9999.0 -9999.0 -9999.0 -9999.0
-9999.0 -9999.0 -9999.0 -9999.0 -9999.0 -9999.0 -9999.0 -9999.0 -9999.0 -9999.0 -9999.0 -9999.0 -9999.0 -9999.0 -9999.0 -9999.0 -9999.0 -9999.0 -9999.0 -9999.0 340.704618 343.739764 321.766099 288.493680 261.000861 263.846522 299.526216 341.734304 381.040207 392.368076 375.341097 378.150127 374.222335 374.490552 378.128217 385.252156 389.318624 401.462281 410.943451 411.742033 406.625963 402.010250 402.188490 405.754849 410.689749 400.075439 412.815192 427.082224 431.698971 424.831756 395.668219 378.189621 368.067952 351.664991 374.814371 385.860699 407.768486 411.128132 408.826984 381.054426 350.486079 -9999.0 -9999.0 -9999.0 -9999.0 -9999.0 -9999.0 -9999.0 -9999.0 -9999.0 -9999.0 -9999.0 -9999.0 -9999.0 -9999.0 -9999.0 -9999.0 -9999.0 -9999.0 -9999.0
-9999.0 -9999.0 -9999.0 -9999.0 -9999.0 -9999.0 -9999.0 -9999.0 -9999.0 -9999.0 -9999.0 -9999.0 -9999.0 -9999.0 248.574236 239.100782 236.803333 245.967346 280.338218 311.004963 323.624405 316.668303 317.380312 294.674437 275.252388 290.364486 321.171750 354.265000 390.447708 412.498099 401.709068 400.360854 411.782179 439.786800 455.106359 453.480586 433.654531 457.708158 475.504800 486.607929 487.752152 480.603413 495.528280 512.089179 504.939336 486.281212 488.764698 499.044952 510.766478 493.557742 425.993132 402.993179 396.965900 388.209781 372.610302 364.559407 388.358814 387.825598 378.502516 359.532141 326.266299 281.695938 262.904774 300.757572 344.274123 401.472947 -9999.0 -9999.0 -9999.0 -9999.0 -9999.0 -9999.0 -9999.0 -9999.0 -9999.0 -9999.0 -9999.0 -9999.0 -9999.0 -9999.0
-9999.0 -9999.0 -9999.0 -9999.0 -9999.0 -9999.0 -9999.0 -9999.0 -9999.0 189.636130 194.065921 201.802870 204.481207 220.749584 219.243561 226.989003 235.373480 262.856139 294.961988 331.158795 361.082638 352.810195 354.606402 367.346202 374.299552 388.705136 412.330206 456.060141 500.987184 545.769041 519.348201 518.873309 540.248332 591.635209 630.357724 640.370487 622.248592 629.959704 658.839147 686.747260 690.876102 691.520704 717.745724 731.898918 734.642342 713.237247 693.964921 689.909958 712.223258 656.539584 585.086230 528.031782 526.464807 491.866895 448.332091 423.851026 418.785109 438.253193 421.131908 381.816043 343.690615 332.105788 313.971630 329.568395 351.047709 396.895720 434.871458 462.718919 461.911700 443.948325 -9999.0 -9999.0 -9999.0 -9999.0 -9999.0 -9999.0 -9999.0 -9999.0 -9999.0 -9999.0
-9999.0 -9999.0 -9999.0 -9999.0 -9999.0 -9999.0 110.137500 119.603632 140.043522 145.699761 171.145708 179.408784 200.859340 221.175822 243.344750 261.527654 293.718247 328.251481 371.611640 417.921371 453.210939 451.548428 465.027022 500.896481 545.702725 580.063995 608.941524 654.305081 736.855765 784.680675 797.737010 804.515194 814.982964 862.394862 925.671391 942.283261 923.200621 909.859158 931.551727 971.482236 987.188942 991.783344 1001.610849 1010.562252 1035.412323 1024.488183 977.460716 956.727699 949.242890 932.968577 873.708683 809.035986 767.822193 714.311035 626.576981 563.968534 563.284045 576.965193 542.757616 484.595114 438.619632 424.796549 407.398703 391.438880 395.244929 412.850166 434.245956 444.214830 430.367521 408.629224 384.907563 355.582271 356.939455 382.032705 -9999.0 -9999.0 -9999.0 -9999.0 -9999.0 -9999.0
-9999.0 -9999.0 -9999.0 -9999.0 59.861177 72.788120 61.362269 86.161740 119.124287 153.617515 186.984899 225.626560 254.537933 286.405713 329.919456 369.675061 416.861977 456.351203 515.816439 590.191474 648.676825 680.298594 701.769637 764.780182 827.650490 880.715526 902.674791 932.227397 978.177499 1044.716908 1073.951298 1081.201833 1097.959909 1129.974558 1172.869527 1204.988849 1189.931134 1184.794219 1191.590433 1204.407231 1231.200501 1234.220897 1236.610898 1238.328699 1241.407497 1239.835620 1214.294968 1179.443830 1163.182190 1153.560436 1126.669416 1060.081812 1012.052197 978.909678 946.863066 895.712426 827.092003 804.714716 744.792452 683.609447 611.786324 582.161761 545.845793 515.413775 481.032442 478.205078 477.827893 454.930714 421.467241 387.913004 371.910492 352.529027 341.557926 371.171375 388.596077 419.180118 -9999.0 -9999.0 -9999.0 -9999.0
-9999.0 -9999.0 0.695378 50.356967 107.114459 116.481339 118.869136 125.436961 154.389221 207.366650 287.160635 342.581533 390.516250 426.731077 491.625703 581.082828 664.743468 719.384716 781.163237 850.693604 914.217089 952.773329 978.160154 1019.186173 1070.693199 1127.092985 1152.739649 1178.045397 1209.177405 1242.734786 1260.684696 1275.621009 1282.663404 1282.428868 1285.059934 1285.035228 1281.048343 1276.224440 1259.339061 1257.215906 1265.506357 1270.429908 1273.169514 1260.457409 1256.427609 1268.927300 1270.917525 1269.305970 1268.465319 1275.741090 1281.713443 1246.137364 1200.575153 1183.633524 1173.983102 1131.939902 1067.931966 1019.350067 994.297698 951.168683 871.445452 815.919027 761.735084 707.176624 647.520698 608.097672 554.471997 507.187879 457.267691 409.173054 384.191963 364.973992 361.988013 361.798808 377.540457 392.806751 408.007426 415.717786 -9999.0 -9999.0
-9999.0 -100.183628 -27.427307 100.032578 180.316908 226.700284 265.436804 294.683220 324.072763 347.363826 460.090829 566.983153 665.346394 704.579962 760.266824 861.086645 960.337807 1006.322924 1041.731206 1092.240465 1148.886446 1195.433474 1224.983000 1246.546860 1277.317383 1284.002471 1284.994681 1286.783867 1281.577854 1274.173900 1265.151464 1271.773468 1268.699279 1250.723549 1235.023749 1231.038428 1223.371326 1199.006775 1171.822666 1158.214400 1161.828672 1183.813813 1173.073071 1153.098625 1149.450771 1169.801984 1187.296958 1178.548779 1166.157979 1184.530571 1219.830676 1241.722658 1254.773257 1269.905708 1290.226427 1266.411590 1235.238938 1193.400253 1172.635167 1143.189187 1081.271402 1017.511661 961.818129 898.440947 829.484493 756.904572 688.361458 620.738827 548.434510 504.078949 470.249118 417.348812 393.823471 394.334995 384.527510 381.321042 387.311337 393.551150 -9999.0 -9999.0
-9999.0 -175.557176 -32.215244 153.910343 303.395507 368.105410 483.795805 572.689965 607.293512 586.195369 701.748635 926.018035 1018.682241 1035.263987 1102.951855 1184.724948 1215.562069 1246.041795 1265.710983 1268.890717 1271.748212 1279.553487 1277.732832 1272.020172 1258.403596 1250.886815 1249.536079 1245.823144 1226.330372 1205.249026 1187.821897 1183.498240 1165.770544 1124.988705 1091.677968 1073.001816 1053.828946 1030.799721 996.553921 970.298052 957.012836 974.643300 966.218947 948.770076 945.046026 967.812838 1000.316958 995.237000 1001.473100 1024.332923 1066.478957 1109.761399 1133.572316 1162.828826 1199.523678 1243.767165 1261.450915 1282.007890 1286.456582 1264.927764 1221.092216 1169.314678 1133.283465 1066.072770 990.241189 908.766217 842.293808 778.235082 706.753616 656.541884 605.212500 544.422709 485.419505 456.924984 415.763771 394.310284 -9999.0 -9999.0 -9999.0 -9999.0
-9999.0 -246.981002 -56.402185 207.546374 477.755816 606.230713 809.966456 943.583399 1010.918886 1070.807068 1082.430032 1207.706774 1238.637124 1232.976231 1224.151797 1226.742233 1241.546549 1245.436594 1241.665741 1231.257863 1221.168083 1216.944734 1214.315283 1207.370281 1195.675126 1180.790900 1167.282114 1152.504823 1109.734139 1074.218241 1039.848959 1024.285841 987.262966 896.869297 852.780174 817.869699 761.948447 752.415790 741.928098 712.314517 692.550234 674.871801 694.446897 696.208197 697.749786 704.282339 724.134017 746.070780 789.611731 826.696539 872.528945 926.691069 962.049416 1006.296717 1055.433195 1115.768477 1149.015554 1179.634193 1225.559027 1265.454390 1287.980441 1277.572582 1247.298694 1200.944613 1128.575793 1054.910817 1000.313556 923.332696 856.058909 803.650124 760.486502 710.828995 643.422944 550.302955 504.811507 -9999.0 -9999.0 -9999.0 -9999.0 -9999.0
-9999.0 -412.374255 -143.871704 150.724339 478.978163 803.682258 924.116039 1069.339506 1143.482911 1096.218302 1088.842738 1115.137707 1155.373482 1164.596698 1145.644318 1138.036552 1128.776307 1128.758348 1140.696578 1112.655295 1079.576642 1064.944536 1063.455684 1051.487694 1028.782164 1011.078663 997.396857 975.821259 925.174353 873.740564 794.688876 766.269248 690.452331 624.438549 574.452965 522.675015 469.280062 465.942312 480.950436 464.202132 441.259318 422.375858 448.322704 464.821950 476.512644 466.762879 476.762222 513.503801 564.998486 612.053398 666.996326 726.351533 775.459091 826.435134 862.049820 916.524560 964.960925 1012.534163 1087.218884 1167.961811 1204.069234 1238.504372 1272.020834 1284.961454 1232.577268 1177.485588 1119.528929 1046.432199 953.685250 907.247052 886.552587 855.210080 803.505026 -9999.0 -9999.0 -9999.0 -9999.0 -9999.0 -9999.0 -9999.0
-9999.0 -543.696810 -316.428856 -74.602015 221.539423 463.184765 652.496780 768.930816 852.784863 863.735376 884.785008 917.304358 949.515622 972.730005 950.877868 913.513781 886.002648 889.449157 886.509580 860.964769 829.887280 814.222498 812.003738 804.426455 778.844848 762.489787 749.962417 725.187030 686.589905 626.670261 541.177194 468.552075 404.656650 367.919624 335.783299 301.368107 262.816949 272.491733 285.846851 281.221617 269.228519 265.172205 294.594231 313.285631 323.492940 311.199240 330.312735 357.894461 400.814510 444.843285 495.759378 553.623293 610.743139 644.963471 664.420552 697.112233 742.028195 800.381218 888.706270 985.063060 1061.297114 1112.781025 1162.968824 1192.874542 1204.007204 1215.484773 1184.892940 1090.050313 950.302751 947.982598 952.313522 -9999.0 -9999.0 -9999.0 -9999.0 -9999.0 -9999.0 -9999.0 -9999.0 -9999.0
-9999.0 -9999.0 -553.009136 -366.656034 -213.834094 -28.175114 124.784620 235.192145 317.255123 415.417184 511.703237 592.897392 638.003377 656.313447 639.310068 599.696260 573.817627 573.066322 562.747567 548.815744 524.937686 515.350042 504.805716 496.289558 483.470617 475.801110 469.245967 456.433054 431.859227 382.574631 329.067201 275.636810 220.381402 194.051819 171.274534 148.394641 145.126446 142.392812 148.669796 149.820977 155.534514 167.474027 188.040008 209.618223 219.202416 226.921377 239.645622 263.632225 297.263305 339.426029 393.382234 451.171531 491.650178 505.821814 498.471883 506.905625 532.083697 581.288893 673.155743 765.173452 860.766934 932.622278 1003.453714 1052.544495 1066.784679 1081.550985 1090.679234 1003.860128 658.329136 867.556461 -9999.0 -9999.0 -9999.0 -9999.0 -9999.0 -9999.0 -9999.0 -9999.0 -9999.0 -9999.0
-9999.0 -9999.0 -9999.0 -9999.0 -510.497690 -352.724279 -256.980710 -172.912837 -48.543667 64.197252 159.336442 238.637338 295.240162 320.191086 311.043501 308.209480 300.533751 295.730713 286.460244 281.921246 277.218705 269.127871 256.600373 248.736654 248.064709 251.472154 248.702760 234.781115 217.479162 190.881042 167.168920 131.541920 94.289192 64.710576 51.315503 44.524741 44.457198 38.445078 47.670727 54.260994 69.188635 84.558263 108.515254 137.039934 149.999556 164.412096 174.249406 195.170612 225.527928 278.730476 341.680406 398.647572 433.550254 437.766063 412.493671 397.442775 395.405139 425.831986 476.568103 551.436085 660.869126 740.353784 803.935875 850.623178 882.030201 924.110273 964.275805 980.966581 -9999.0 -9999.0 -9999.0 -9999.0 -9999.0 -9999.0 -9999.0 -9999.0 -9999.0 -9999.0 -9999.0 -9999.0
-9999.0 -9999.0 -9999.0 -9999.0 -9999.0 -9999.0 -562.819750 -465.145078 -378.777535 -251.196113 -132.319810 -37.321870 38.994337 66.183771 86.224321 109.594238 105.672847 88.252531 70.905149 87.773415 98.281203 92.906435 64.622973 63.250018 66.897986 75.665045 73.925552 67.433197 42.251943 50.882926 49.638907 26.203409 -0.139105 -14.614171 -26.403099 -16.647174 -16.056367 -28.903433 -27.003615 -0.755330 19.101882 32.492227 54.839042 87.994700 120.056646 134.601676 135.734341 142.038680 183.275087 253.618234 324.315407 378.390039 409.716117 417.232850 388.998895 348.284206 327.321974 334.820669 370.967980 426.845105 507.420435 561.586532 595.272424 617.347594 644.163960 737.155413 -9999.0 -9999.0 -9999.0 -9999.0 -9999.0 -9999.0 -9999.0 -9999.0 -9999.0 -9999.0 -9999.0 -9999.0 -9999.0 -9999.0
-9999.0 -9999.0 -9999.0 -9999.0 -9999.0 -9999.0 -9999.0 -9999.0 -9999.0 -9999.0 -9999.0 -9999.0 -9999.0 -9999.0 -9999.0 -9999.0 -9999.0 -9999.0 -9999.0 -9999.0 -9999.0 -9999.0 -9999.0 -9999.0 -9999.0 -9999.0 -9999.0 -9999.0 -9999.0 -9999.0 -9999.0 -9999.0 -9999.0 -9999.0 -9999.0 -9999.0 -9999.0 -9999.0 -9999.0 -9999.0 -9999.0 -9999.0 -9999.0 -9999.0 -9999.0 -9999.0 -9999.0 -9999.0 -9999.0 -9999.0 -9999.0 -9999.0 -9999.0 -9999.0 -9999.0 -9999.0 -9999.0 -9999.0 -9999.0 -9999.0 -9999.0 -9999.0 -9999.0 -9999.0 -9999.0 -9999.0 -9999.0 -9999.0 -9999.0 -9999.0 -9999.0 -9999.0 -9999.0 -9999.0 -9999.0 -9999.0 -9999.0 -9999.0 -9999.0 -9999.0
-9999.0 -9999.0 -9999.0 -9999.0 -9999.0 -9999.0 -9999.0 -9999.0 -9999.0 -9999.0 -9999.0 -9999.0 -9999.0 -9999.0 -9999.0 -9999.0 -9999.0 -9999.0 -9999.0 -9999.0 -9999.0 -9999.0 -9999.0 -9999.0 -9999.0 -9999.0 -9999.0 -9999.0 -9999.0 -9999.0 -9999.0 -9999.0 -9999.0 -9999.0 -9999.0 -9999.0 -9999.0 -9999.0 -9999.0 -9999.0 -9999.0 -9999.0 -9999.0 -9999.0 -9999.0 -9999.0 -9999.0 -9999.0 -9999.0 -9999.0 -9999.0 -9999.0 -9999.0 -9999.0 -9999.0 -9999.0 -9999.0 -9999.0 -9999.0 -9999.0 -9999.0 -9999.0 -9999.0 -9999.0 -9999.0 -9999.0 -9999.0 -9999.0 -9999.0 -9999.0 -9999.0 -9999.0 -9999.0 -9999.0 -9999.0 -9999.0 -9999.0 -9999.0 -9999.0 -9999.0