Borden_/Borden1m_014/output_maps/psiliqL0007N0010.asc
ncols         80
nrows         18
xllcorner     620200.000000
yllcorner     5168000.000000
cellsize      1.000000
NODATA_value  -9999.0
-9999.0 -9999.0 -9999.0 -9999.0 -9999.0 -9999.0 -9999.0 -9999.0 -9999.0 -9999.0 -9999.0 -9999.0 -9999.0 -9999.0 -9999.0 -9999.0 -9999.0 -9999.0 -9999.0 -9999.0 -9999.0 -9999.0 -9999.0 -9999.0 -9999.0 -9999.0 -9999.0 -9999.0 -9999.0 -9999.0 -9999.0 -9999.0 -9999.0 -9999.0 -9999.0 -9999.0 -9999.0 -9999.0 -9999.0 -9999.0 -9999.0 -9999.0 -9999.0 -9999.0 -9999.0 -9999.0 -9999.0 -9999.0 -9999.0 -9999.0 -9999.0 -9999.0 -9999.0 -9999.0 -9999.0 -9999.0 -9999.0 -9999.0 -9999.0 -9999.0 -9999.0 -9999.0 -9999.0 -9999.0 -9999.0 -9999.0 -9999.0 -9999.0 -9999.0 -9999.0 -9999.0 -9999.0 -9999.0 -9999.0 -9999.0 -9999.0 -9999.0 -9999.0 -9999.0 -9999.0
-9999.0 -9999.0 -9999.0 -9999.0 -9999.0 -9999.0 -9999.0 -9999.0 -9999.0 -9999.0 -9999.0 -9999.0 -9999.0 -9999.0 -9999.0 -9999.0 -9999.0 -9999.0 -9999.0 -9999.0 -9999.0 -9999.0 -9999.0 -9999.0 -9999.0 -9999.0 -9999.0 -9999.0 -9999.0 -9999.0 -9999.0 -9999.0 -9999.0 -9999.0 -9999.0 -9999.0 -9999.0 -9999.0 -9999.0 -9999.0 -9999.0 -9999.0 -9999.0 -9999.0 -9999.0 -9999.0 -9999.0 -9999.0 -9999.0 -9999.0 -9999.0 -9999.0 -9999.0 -9999.0 -9999.0 -9999.0 -9999.0 -9999.0 -9999.0 -9999.0 -9999.0 -9999.0 -9999.0 -9999.0 -9999.0 -9999.0 -9999.0 -9999.0 -9999.0 -9999.0 -9999.0 -9999.0 -9999.0 -9999.0 -9999.0 -9999.0 -9999.0 -9999.0 -9999.0 -9999.0
-9999.0 -9999.0 -9999.0 -9999.0 -9999.0 -9999.0 -9999.0 -9999.0 -9999.0 -9999.0 -9999.0 -9999.0 -9999.0 -9999.0 -9999.0 -9999.0 -9999.0 -9999.0 -9999.0 -9999.0 -473.655076 -470.673028 -493.684750 -527.877739 -556.516469 -555.133313 -520.846720 -480.586721 -443.578770 -433.447773 -451.800926 -450.876330 -456.406758 -456.733438 -453.913066 -448.251861 -445.908251 -434.452647 -426.071103 -426.393827 -432.652629 -438.526811 -440.128352 -436.584422 -431.621174 -440.076159 -426.530501 -411.023669 -404.312537 -409.136175 -436.045944 -451.423470 -458.913391 -472.656866 -447.714187 -434.568508 -411.084239 -406.275733 -406.953041 -433.556238 -463.281749 -9999.0 -9999.0 -9999.0 -9999.0 -9999.0 -9999.0 -9999.0 -9999.0 -9999.0 -9999.0 -9999.0 -9999.0 -9999.0 -9999.0 -9999.0 -9999.0 -9999.0 -9999.0 -9999.0
-9999.0 -9999.0 -9999.0 -9999.0 -9999.0 -9999.0 -9999.0 -9999.0 -9999.0 -9999.0 -9999.0 -9999.0 -9999.0 -9999.0 -562.339940 -572.863615 -576.359273 -568.373484 -535.289370 -505.997162 -493.562037 -501.540855 -502.073071 -526.022505 -546.557104 -533.159561 -504.814211 -474.422452 -441.235338 -421.306451 -434.594927 -437.784110 -427.553099 -399.903984 -384.990506 -387.815858 -409.609301 -386.912011 -370.370217 -360.518686 -361.623649 -370.602863 -355.498747 -338.637974 -345.524800 -363.573744 -360.228291 -348.296470 -333.125461 -348.612381 -414.264186 -434.962640 -437.053179 -442.713095 -455.022873 -460.939941 -435.674581 -433.945819 -441.473787 -458.654462 -490.106918 -533.551316 -550.699961 -511.995785 -467.120533 -408.705080 -9999.0 -9999.0 -9999.0 -9999.0 -9999.0 -9999.0 -9999.0 -9999.0 -9999.0 -9999.0 -9999.0 -9999.0 -9999.0 -9999.0
-9999.0 -9999.0 -9999.0 -9999.0 -9999.0 -9999.0 -9999.0 -9999.0 -9999.0 -617.682547 -614.575915 -607.993575 -606.826687 -591.795239 -593.821101 -587.512196 -580.120988 -555.104513 -525.040865 -490.900320 -462.756104 -473.541910 -473.979640 -462.340441 -455.805516 -443.606276 -423.660835 -383.614082 -341.217549 -298.881071 -328.527727 -330.935290 -310.618139 -254.831717 -204.356486 -190.675620 -209.360316 -205.922247 -178.580570 -151.959731 -153.246290 -155.462202 -130.439234 -116.794777 -110.384242 -129.377806 -147.278900 -149.374623 -123.077871 -179.738010 -256.328325 -318.369506 -317.454654 -349.259793 -391.073913 -413.655438 -416.233284 -393.104945 -407.566593 -444.151276 -479.742896 -488.128574 -503.746260 -486.935680 -463.559928 -415.838604 -376.826533 -347.477803 -346.445050 -363.264551 -9999.0 -9999.0 -9999.0 -9999.0 -9999.0 -9999.0 -9999.0 -9999.0 -9999.0 -9999.0
-9999.0 -9999.0 -9999.0 -9999.0 -9999.0 -9999.0 -695.237797 -686.988429 -667.949977 -662.716958 -639.309755 -632.417046 -612.738479 -594.233910 -574.857247 -558.803285 -528.949274 -497.765903 -457.414574 -414.155245 -382.206851 -387.026751 -377.554129 -343.008892 -297.015282 -258.334362 -226.184246 -182.747325 -101.729818 -55.927454 -40.666726 -33.098390 -13.029775 101.637388 293.552139 329.973982 322.895148 314.966821 324.825708 342.959170 343.589404 342.013991 345.242086 348.487304 364.316514 361.598134 341.752355 336.067581 333.762529 318.520366 210.470488 -5.332323 -66.728568 -118.970418 -203.659401 -271.758053 -281.238461 -266.685981 -298.314505 -352.694082 -395.459894 -405.248721 -418.828967 -432.121710 -425.816389 -405.341602 -380.774111 -368.315792 -379.669355 -399.257623 -421.621816 -449.689741 -447.510630 -421.691622 -9999.0 -9999.0 -9999.0 -9999.0 -9999.0 -9999.0
-9999.0 -9999.0 -9999.0 -9999.0 -744.279788 -732.433383 -744.309904 -721.709756 -690.712089 -658.669429 -627.303506 -591.165545 -565.447680 -537.175254 -496.716445 -459.599593 -417.088586 -383.208065 -327.408224 -253.238010 -189.094940 -157.113002 -141.019803 -74.625591 21.219383 244.327870 303.715940 322.311366 339.729878 368.967965 380.769084 382.884697 394.426972 422.056486 464.391272 488.609690 481.283517 479.860312 481.588642 484.003908 496.149983 494.548219 494.527113 494.270439 495.071068 497.316042 488.615469 473.139113 467.849360 462.095169 439.868460 383.294012 359.581146 347.041764 331.478377 266.739042 30.138707 -23.315509 -90.103731 -150.502432 -228.797326 -260.405314 -294.139718 -320.481047 -350.857464 -348.902570 -344.589535 -362.875424 -391.843202 -422.456949 -436.307110 -454.004883 -463.263962 -432.861191 -414.670639 -383.206204 -9999.0 -9999.0 -9999.0 -9999.0
-9999.0 -9999.0 -801.328122 -751.623900 -696.760648 -688.986487 -687.309940 -683.466154 -658.037046 -609.225031 -532.272796 -481.090646 -437.314321 -408.401251 -348.733501 -258.870165 -173.735329 -121.369272 -54.083715 66.772130 272.775373 325.596487 335.216806 354.006242 386.927369 440.250680 460.086415 472.430207 483.142021 494.704134 511.580215 525.140905 530.299399 528.103641 529.483660 529.068013 529.028889 528.037982 513.439796 511.359114 516.740232 518.079140 521.338688 509.969822 506.179878 517.983582 521.234204 524.207208 527.186706 534.003951 540.094181 510.612868 479.043753 475.111820 474.102890 446.319014 391.585584 364.537040 355.323863 323.979266 177.668493 6.585157 -70.735542 -132.562060 -197.492614 -232.820809 -279.388510 -318.673090 -361.909144 -405.099063 -426.812244 -443.883708 -444.899272 -443.188331 -426.402612 -410.110287 -394.217137 -386.156581 -9999.0 -9999.0
-9999.0 -898.824094 -826.534249 -699.536742 -622.147233 -578.818768 -539.496513 -511.658269 -489.510553 -477.381218 -370.069405 -252.261383 -159.320370 -129.399400 -69.708882 107.509390 299.847612 343.541304 364.688480 400.186348 449.389164 477.088208 489.247498 509.373571 532.890742 533.510556 532.487173 531.880588 523.391891 514.288251 504.092023 511.408970 511.013977 496.855008 487.308476 487.107219 487.069255 477.715033 466.345199 461.638439 464.598635 477.496759 471.524374 460.908206 458.725066 469.029598 477.297749 472.164038 464.610405 472.920702 490.051397 500.301653 514.645045 528.337065 546.201783 523.075669 495.801241 475.536076 469.350600 456.093463 417.760250 372.839036 339.591742 266.730158 36.033567 -75.729251 -152.631882 -212.871171 -276.322976 -314.086723 -343.518879 -393.981123 -415.700441 -412.541025 -420.720215 -422.375580 -415.083987 -408.355136 -9999.0 -9999.0
-9999.0 -968.369519 -825.237608 -640.334334 -496.206853 -437.336559 -316.960400 -223.968086 -197.615707 -220.690428 -100.528025 275.496296 356.514044 360.448424 397.948418 452.318301 487.214510 512.747625 527.611703 522.968522 520.506399 523.404969 518.166025 510.019038 497.725497 494.407706 496.383747 497.487782 490.040965 479.805688 469.522147 469.539854 462.249752 437.026262 400.850276 386.211580 379.574384 371.790092 356.374286 344.891582 338.416207 351.226238 345.781543 335.964461 333.177161 344.767603 362.522799 356.528069 358.924110 371.690226 400.532167 437.387695 451.230349 464.384957 480.317486 501.867420 515.502824 535.352012 539.945666 518.297877 491.397413 466.877635 455.699007 423.831805 365.590456 288.381471 96.629898 -14.595173 -95.986619 -154.062744 -209.703992 -269.802265 -327.605529 -352.561193 -390.256411 -410.443305 -9999.0 -9999.0 -9999.0 -9999.0
-9999.0 -1031.080487 -839.446021 -574.200274 -321.775195 -178.922154 205.909769 330.679612 363.740577 399.463749 415.169470 506.585784 521.880521 508.721577 489.373213 487.766815 496.018723 497.520876 492.961304 485.779776 481.583033 480.445428 480.232285 477.445250 473.275473 468.211534 464.422965 461.772380 442.563370 413.222728 380.235489 370.931683 349.815872 256.859073 69.692026 -2.420447 -69.685490 -77.434496 -88.985424 -119.540912 -138.216229 -152.728107 -134.666915 -136.319225 -136.706183 -128.356078 -106.925785 -88.750490 -43.772658 5.738914 105.710220 290.085020 336.691361 363.442371 393.156969 440.077529 458.070503 471.397932 493.877430 517.847605 537.052834 530.597365 506.697745 488.739166 455.949318 424.441032 389.877897 348.175731 301.743683 169.276621 8.748822 -85.066830 -172.225579 -262.848760 -302.761795 -9999.0 -9999.0 -9999.0 -9999.0 -9999.0
-9999.0 -1179.942876 -912.535784 -616.212069 -279.962226 190.832115 321.001128 415.237831 477.670571 442.797215 437.345798 448.858932 468.954603 470.025481 459.003306 458.155239 453.662288 451.347209 452.918252 418.578513 394.231820 385.444640 386.310745 380.771534 369.375345 362.312335 358.195563 349.209057 308.345212 169.142464 -21.891717 -57.905245 -136.031625 -209.098384 -264.781009 -314.588010 -366.389737 -367.658116 -351.703252 -368.453819 -390.493208 -409.222753 -384.069048 -369.257412 -358.746500 -368.662804 -360.315007 -326.239350 -278.227617 -236.547482 -184.805048 -120.302349 -67.892684 -2.561813 75.177812 276.256782 337.317056 367.255706 426.228775 468.528751 481.638812 499.079438 528.955710 547.001087 510.044717 484.553109 466.268840 447.528189 413.067357 382.067793 348.643736 275.706174 45.652598 -9999.0 -9999.0 -9999.0 -9999.0 -9999.0 -9999.0 -9999.0
-9999.0 -1315.556379 -1080.654831 -829.149621 -530.552880 -297.664307 -124.848284 32.110583 260.872239 296.694676 313.556300 328.490511 342.737982 354.646470 342.441564 323.421577 307.830665 306.029079 272.425237 109.154567 25.636101 -4.377851 -6.559529 -16.644317 -49.385144 -67.350948 -78.973442 -103.457831 -144.424621 -208.597015 -296.254662 -363.228692 -423.442708 -458.276314 -487.535999 -519.645903 -557.980290 -546.996866 -531.927162 -536.587280 -549.170351 -554.009993 -524.749527 -506.944846 -497.265342 -511.075588 -493.473593 -467.500397 -427.103699 -387.487761 -341.985020 -289.604639 -238.454000 -208.870259 -190.424292 -150.192424 -100.149841 -21.775478 243.094871 346.345616 397.126474 437.461641 466.416693 483.757347 493.264986 514.394371 510.072070 469.397398 419.573563 431.306142 432.221385 -9999.0 -9999.0 -9999.0 -9999.0 -9999.0 -9999.0 -9999.0 -9999.0 -9999.0
-9999.0 -9999.0 -1318.203990 -1124.580343 -959.991447 -775.908697 -632.427829 -534.836321 -468.455621 -383.934677 -289.664365 -211.043533 -170.828990 -155.035882 -174.662754 -219.012255 -251.675629 -253.660412 -265.527750 -284.542348 -311.053166 -320.308233 -328.857741 -335.980749 -349.406295 -356.608086 -361.468957 -371.976094 -394.102188 -439.967707 -492.095779 -542.868704 -596.053455 -620.052612 -641.310354 -663.651816 -667.363142 -668.448761 -661.300016 -660.160702 -655.259388 -643.931540 -623.334209 -602.547742 -593.547740 -587.261984 -575.199436 -552.340282 -520.238359 -480.927145 -430.631940 -377.243811 -341.285791 -331.249336 -342.208760 -337.146542 -315.445331 -270.379156 -174.679146 -71.355059 78.702475 286.808068 361.338322 401.140603 430.626968 447.697307 464.806666 438.018797 280.119893 393.678257 -9999.0 -9999.0 -9999.0 -9999.0 -9999.0 -9999.0 -9999.0 -9999.0 -9999.0 -9999.0
-9999.0 -9999.0 -9999.0 -9999.0 -1267.442236 -1109.851346 -1017.635196 -937.085895 -821.293302 -719.144258 -632.578572 -561.463136 -513.142108 -491.416748 -504.343873 -512.067801 -520.847586 -523.752492 -531.690145 -537.679210 -543.640145 -550.905677 -560.933239 -568.047488 -568.762959 -565.327105 -566.856306 -579.098105 -593.704718 -620.914747 -644.852695 -679.382533 -715.903444 -744.440719 -757.045673 -764.007784 -763.502339 -768.529339 -758.823703 -752.784976 -738.151647 -722.827524 -698.999417 -671.183072 -659.153099 -645.379370 -635.977975 -615.559259 -586.471304 -535.136967 -474.656275 -420.836293 -389.300774 -387.858170 -416.266116 -434.227703 -439.617028 -414.261145 -369.548929 -300.683646 -196.118150 -110.091491 -28.130149 74.494251 268.787398 340.092151 407.448319 431.337116 -9999.0 -9999.0 -9999.0 -9999.0 -9999.0 -9999.0 -9999.0 -9999.0 -9999.0 -9999.0 -9999.0 -9999.0
-9999.0 -9999.0 -9999.0 -9999.0 -9999.0 -9999.0 -1326.158703 -1232.841937 -1144.159500 -1027.802923 -921.004455 -833.797442 -763.322585 -740.995709 -726.137534 -705.279380 -710.336349 -726.490399 -741.967979 -726.100272 -717.507801 -721.810741 -747.925419 -749.390786 -746.128079 -736.551899 -737.308959 -742.950130 -767.013096 -759.521476 -761.174760 -783.603063 -809.126825 -823.307906 -834.543446 -824.458353 -823.410515 -835.503705 -832.622100 -806.940209 -787.555134 -774.164390 -751.689962 -718.904501 -687.375610 -673.613355 -672.990225 -667.093835 -625.949895 -556.949410 -488.553430 -437.228158 -408.542941 -403.101638 -433.642357 -476.751883 -500.797325 -497.161977 -466.389135 -417.286520 -344.342709 -296.929175 -265.261867 -239.316077 -199.185049 -91.732601 -9999.0 -9999.0 -9999.0 -9999.0 -9999.0 -9999.0 -9999.0 -9999.0 -9999.0 -9999.0 -9999.0 -9999.0 -9999.0 -9999.0
-9999.0 -9999.0 -9999.0 -9999.0 -9999.0 -9999.0 -9999.0 -9999.0 -9999.0 -9999.0 -9999.0 -9999.0 -9999.0 -9999.0 -9999.0 -9999.0 -9999.0 -9999.0 -9999.0 -9999.0 -9999.0 -9999.0 -9999.0 -9999.0 -9999.0 -9999.0 -9999.0 -9999.0 -9999.0 -9999.0 -9999.0 -9999.0 -9999.0 -9999.0 -9999.0 -9999.0 -9999.0 -9999.0 -9999.0 -9999.0 -9999.0 -9999.0 -9999.0 -9999.0 -9999.0 -9999.0 -9999.0 -9999.0 -9999.0 -9999.0 -9999.0 -9999.0 -9999.0 -9999.0 -9999.0 -9999.0 -9999.0 -9999.0 -9999.0 -9999.0 -9999.0 -9999.0 -9999.0 -9999.0 -9999.0 -9999.0 -9999.0 -9999.0 -9999.0 -9999.0 -9999.0 -9999.0 -9999.0 -9999.0 -9999.0 -9999.0 -9999.0 -9999.0 -9999.0 -9999.0
-9999.0 -9999.0 -9999.0 -9999.0 -9999.0 -9999.0 -9999.0 -9999.0 -9999.0 -9999.0 -9999.0 -9999.0 -9999.0 -9999.0 -9999.0 -9999.0 -9999.0 -9999.0 -9999.0 -9999.0 -9999.0 -9999.0 -9999.0 -9999.0 -9999.0 -9999.0 -9999.0 -9999.0 -9999.0 -9999.0 -9999.0 -9999.0 -9999.0 -9999.0 -9999.0 -9999.0 -9999.0 -9999.0 -9999.0 -9999.0 -9999.0 -9999.0 -9999.0 -9999.0 -9999.0 -9999.0 -9999.0 -9999.0 -9999.0 -9999.0 -9999.0 -9999.0 -9999.0 -9999.0 -9999.0 -9999.0 -9999.0 -9999.0 -9999.0 -9999.0 -9999.0 -9999.0 -9999.0 -9999.0 -9999.0 -9999.0 -9999.0 -9999.0 -9999.0 -9999.0 -9999.0 -9999.0 -9999.0 -9999.0 -9999.0 -9999.0 -9999.0 -9999.0 -9999.0 -9999.0