Borden_/Borden1m_014/output_maps/psiliqL0001N0023.asc
ncols         80
nrows         18
xllcorner     620200.000000
yllcorner     5168000.000000
cellsize      1.000000
NODATA_value  -9999.0
-9999.0 -9999.0 -9999.0 -9999.0 -9999.0 -9999.0 -9999.0 -9999.0 -9999.0 -9999.0 -9999.0 -9999.0 -9999.0 -9999.0 -9999.0 -9999.0 -9999.0 -9999.0 -9999.0 -9999.0 -9999.0 -9999.0 -9999.0 -9999.0 -9999.0 -9999.0 -9999.0 -9999.0 -9999.0 -9999.0 -9999.0 -9999.0 -9999.0 -9999.0 -9999.0 -9999.0 -9999.0 -9999.0 -9999.0 -9999.0 -9999.0 -9999.0 -9999.0 -9999.0 -9999.0 -9999.0 -9999.0 -9999.0 -9999.0 -9999.0 -9999.0 -9999.0 -9999.0 -9999.0 -9999.0 -9999.0 -9999.0 -9999.0 -9999.0 -9999.0 -9999.0 -9999.0 -9999.0 -9999.0 -9999.0 -9999.0 -9999.0 -9999.0 -9999.0 -9999.0 -9999.0 -9999.0 -9999.0 -9999.0 -9999.0 -9999.0 -9999.0 -9999.0 -9999.0 -9999.0
-9999.0 -9999.0 -9999.0 -9999.0 -9999.0 -9999.0 -9999.0 -9999.0 -9999.0 -9999.0 -9999.0 -9999.0 -9999.0 -9999.0 -9999.0 -9999.0 -9999.0 -9999.0 -9999.0 -9999.0 -9999.0 -9999.0 -9999.0 -9999.0 -9999.0 -9999.0 -9999.0 -9999.0 -9999.0 -9999.0 -9999.0 -9999.0 -9999.0 -9999.0 -9999.0 -9999.0 -9999.0 -9999.0 -9999.0 -9999.0 -9999.0 -9999.0 -9999.0 -9999.0 -9999.0 -9999.0 -9999.0 -9999.0 -9999.0 -9999.0 -9999.0 -9999.0 -9999.0 -9999.0 -9999.0 -9999.0 -9999.0 -9999.0 -9999.0 -9999.0 -9999.0 -9999.0 -9999.0 -9999.0 -9999.0 -9999.0 -9999.0 -9999.0 -9999.0 -9999.0 -9999.0 -9999.0 -9999.0 -9999.0 -9999.0 -9999.0 -9999.0 -9999.0 -9999.0 -9999.0
-9999.0 -9999.0 -9999.0 -9999.0 -9999.0 -9999.0 -9999.0 -9999.0 -9999.0 -9999.0 -9999.0 -9999.0 -9999.0 -9999.0 -9999.0 -9999.0 -9999.0 -9999.0 -9999.0 -9999.0 -566.682099 -565.771434 -567.604393 -569.645306 -571.388560 -571.637202 -569.700522 -567.510580 -564.964205 -564.478681 -566.627729 -566.073818 -566.943077 -567.443206 -567.504710 -566.918674 -566.638937 -565.820449 -565.313197 -565.579565 -566.219495 -566.662804 -567.123013 -567.004270 -566.257665 -567.242004 -565.793531 -564.392279 -563.910043 -563.870952 -565.722629 -566.461659 -566.713129 -568.394034 -565.357497 -564.520231 -562.332021 -562.149274 -561.686969 -564.144135 -566.542199 -9999.0 -9999.0 -9999.0 -9999.0 -9999.0 -9999.0 -9999.0 -9999.0 -9999.0 -9999.0 -9999.0 -9999.0 -9999.0 -9999.0 -9999.0 -9999.0 -9999.0 -9999.0 -9999.0
-9999.0 -9999.0 -9999.0 -9999.0 -9999.0 -9999.0 -9999.0 -9999.0 -9999.0 -9999.0 -9999.0 -9999.0 -9999.0 -9999.0 -569.767847 -570.798681 -571.285846 -571.645466 -569.910191 -568.596798 -568.633467 -569.704935 -568.780385 -570.796424 -572.583231 -571.499709 -570.039162 -568.914066 -566.938171 -565.371805 -566.871920 -567.241701 -566.454142 -563.581980 -562.331915 -562.956529 -566.398583 -563.201572 -561.626267 -560.588109 -560.720957 -562.293046 -560.122255 -557.587220 -558.912243 -561.586844 -561.036351 -559.579861 -557.085112 -558.289496 -566.553925 -567.289602 -566.805532 -566.570541 -567.663645 -568.491400 -565.446388 -565.925153 -566.392410 -566.817026 -568.460540 -571.226518 -572.482099 -569.548797 -567.029437 -561.653392 -9999.0 -9999.0 -9999.0 -9999.0 -9999.0 -9999.0 -9999.0 -9999.0 -9999.0 -9999.0 -9999.0 -9999.0 -9999.0 -9999.0
-9999.0 -9999.0 -9999.0 -9999.0 -9999.0 -9999.0 -9999.0 -9999.0 -9999.0 -571.255811 -571.581512 -571.317464 -572.042267 -571.176279 -572.745224 -572.414076 -572.724366 -571.554449 -570.672024 -569.059263 -566.789892 -568.548215 -568.781956 -567.540961 -567.387467 -566.972655 -566.060672 -562.351424 -558.080878 -551.027544 -557.156231 -557.406814 -554.140393 -541.265859 -529.326938 -525.701798 -531.957600 -532.086547 -524.301253 -514.644593 -514.869607 -515.819117 -505.095427 -498.471484 -493.356315 -503.781254 -513.484840 -515.054373 -501.752258 -523.683512 -541.335863 -555.426644 -554.497576 -558.964443 -563.739520 -565.445924 -566.165902 -562.633112 -563.921437 -566.998209 -569.470517 -568.518699 -569.956266 -568.570476 -567.696962 -563.657815 -560.017346 -556.375436 -556.190653 -558.542306 -9999.0 -9999.0 -9999.0 -9999.0 -9999.0 -9999.0 -9999.0 -9999.0 -9999.0 -9999.0
-9999.0 -9999.0 -9999.0 -9999.0 -9999.0 -9999.0 -572.833052 -573.002271 -572.477593 -574.418132 -573.174806 -574.146648 -573.240791 -572.895883 -572.357565 -572.417970 -570.918933 -569.662397 -567.454117 -564.450077 -561.583983 -563.233362 -562.505677 -558.262586 -549.161175 -540.340128 -534.919810 -524.950142 -487.869375 -437.870171 -409.183778 -392.539102 -367.089300 -344.279450 -299.715943 -222.012257 -303.841976 -321.646254 -309.990479 -274.719791 -184.821924 -184.017819 -179.183834 -172.341732 -146.399842 -150.695834 -269.982587 -296.128629 -302.696532 -308.306789 -338.571375 -372.483324 -453.620888 -499.051541 -530.042959 -545.067847 -547.973878 -546.041461 -551.883411 -559.404165 -563.726554 -563.634908 -564.426591 -566.066954 -565.321023 -563.733426 -561.184699 -559.551789 -560.775493 -562.386666 -563.520890 -566.204450 -565.757977 -563.138464 -9999.0 -9999.0 -9999.0 -9999.0 -9999.0 -9999.0
-9999.0 -9999.0 -9999.0 -9999.0 -575.643447 -574.799824 -577.393324 -575.991095 -574.946087 -574.202824 -574.327102 -572.934898 -572.645609 -571.701668 -569.570506 -567.952766 -564.931636 -562.719344 -556.066630 -540.700658 -525.064637 -515.130762 -509.418314 -456.489207 -366.407152 -335.522091 -325.965438 -309.118746 -267.254996 -139.301911 -114.113114 -138.992279 -92.831757 -100.511780 -27.508572 5.867735 -12.442209 -18.250940 -16.680138 -9.503113 13.352716 13.881087 14.613961 14.620022 16.722255 18.784676 -0.215497 -29.998302 -41.499620 -47.562573 -103.506150 -124.330361 -234.321435 -274.144385 -294.677302 -323.565763 -363.775234 -392.068340 -480.592585 -513.052532 -536.117053 -544.130363 -551.395550 -554.816529 -559.425184 -558.581074 -557.273057 -559.561659 -562.435124 -565.132427 -565.357487 -566.505809 -567.893715 -564.480597 -563.365261 -559.668306 -9999.0 -9999.0 -9999.0 -9999.0
-9999.0 -9999.0 -575.648227 -575.682471 -573.455313 -574.960948 -575.819059 -577.095439 -576.682401 -574.592211 -570.572919 -569.006995 -566.335657 -565.009931 -558.505733 -540.431325 -517.687227 -496.893596 -425.130576 -356.917139 -320.412042 -287.941554 -196.571056 -160.274332 -146.516504 -69.256289 -49.677154 -65.651547 -6.594593 18.458248 43.337745 58.873518 62.441246 58.543723 57.034781 55.645374 53.599283 49.765459 33.388540 31.195806 38.238178 40.256080 43.815275 31.544040 27.868996 39.984999 42.165671 42.852278 45.047562 53.497337 63.219111 35.703162 -16.368303 -26.806629 -67.491821 -66.840309 -124.566167 -224.844140 -258.184314 -294.007784 -345.432623 -374.672131 -458.951230 -506.262370 -529.312749 -539.610533 -549.238484 -554.917466 -559.942326 -564.523980 -565.823099 -566.567650 -565.850934 -566.386452 -564.585607 -563.267656 -561.216909 -560.471159 -9999.0 -9999.0
-9999.0 -576.133435 -577.056332 -573.103108 -572.687891 -572.015160 -570.988355 -570.115950 -569.136989 -570.924759 -559.924084 -536.794429 -510.687686 -500.019258 -443.488696 -342.254412 -194.232998 -162.313083 -138.821846 -133.516407 -51.722543 -16.886577 9.318678 42.460215 63.638685 59.835778 56.035080 54.999465 46.524073 39.203926 29.353569 36.805787 36.631287 21.638481 9.668157 9.065564 6.689013 -21.759341 -41.365935 -53.014203 -47.691407 -26.994484 -36.847427 -56.862097 -60.622343 -41.519630 -26.386987 -34.779170 -46.763657 -31.341976 -1.780083 14.783031 31.035615 44.924475 63.794642 42.632718 10.723844 -24.469168 -73.189918 -60.492940 -167.128134 -230.169977 -282.688933 -333.500103 -371.254248 -464.367469 -513.802315 -534.665699 -549.056041 -554.103488 -557.143531 -563.567366 -565.127697 -563.659356 -564.506063 -564.596526 -563.795477 -563.185226 -9999.0 -9999.0
-9999.0 -579.894653 -576.243774 -572.202599 -567.222424 -566.858110 -547.455920 -528.248771 -521.697982 -532.121692 -476.310964 -187.927229 -166.340368 -128.086101 -77.297010 -10.784920 29.306283 50.546852 62.805114 54.761460 48.240898 50.179707 45.366694 36.849226 23.914640 15.946608 16.375599 14.251776 -1.464293 -17.810417 -32.648940 -33.492985 -44.862784 -77.921054 -107.402655 -118.860312 -132.217027 -213.800843 -259.167273 -287.127108 -298.240275 -280.276370 -289.757108 -305.003815 -308.076760 -288.512954 -257.221564 -261.329894 -252.670207 -227.055507 -182.514841 -95.997035 -77.357243 -52.564001 -21.589206 15.241486 33.312120 52.552788 58.354367 34.995404 -1.805874 -45.880892 -72.150456 -180.205266 -250.187377 -319.266494 -355.681248 -384.609874 -482.190261 -512.325241 -531.303196 -546.199042 -556.087479 -558.089517 -562.727646 -563.300725 -9999.0 -9999.0 -9999.0 -9999.0
-9999.0 -579.843773 -576.251924 -568.339443 -548.510198 -513.826727 -366.190147 -260.380820 -79.893579 -142.596961 -17.933024 50.562322 57.315225 41.132703 14.456111 10.801714 20.072791 22.234713 18.203187 9.065596 -0.186463 -32.837266 -5.312597 -42.339600 -23.512408 -38.102106 -47.805646 -58.044375 -147.974294 -182.879473 -210.827250 -229.897355 -264.066992 -330.127213 -350.919780 -367.027288 -448.514590 -464.418316 -478.777656 -500.485215 -508.943203 -514.229002 -506.979071 -508.998530 -509.749850 -505.206220 -492.572572 -480.877394 -424.405167 -371.521073 -349.166156 -316.244264 -288.147833 -243.748460 -192.641183 -89.819592 -63.637334 -38.276183 0.152933 35.694557 55.320775 48.160312 20.473212 -12.404455 -68.401875 -180.473506 -225.458708 -279.807403 -330.942077 -360.328906 -382.117886 -463.472959 -516.035266 -543.716592 -550.449220 -9999.0 -9999.0 -9999.0 -9999.0 -9999.0
-9999.0 -584.810701 -575.676495 -569.199556 -532.101021 -356.203198 -280.098942 -6.611823 43.070934 -24.125584 -146.406081 -61.088026 -80.072302 -28.948854 -53.348137 -62.042789 -68.075873 -68.719615 -56.085929 -83.197602 -161.565040 -180.135013 -182.307187 -196.094171 -221.777599 -242.718100 -258.171179 -278.109111 -320.385790 -347.161941 -389.273701 -437.579165 -504.119813 -529.684424 -541.520243 -551.471733 -560.214954 -559.995088 -557.266883 -559.628306 -562.089712 -564.735647 -561.596269 -560.196980 -558.796294 -560.562472 -560.143944 -555.813982 -548.321161 -539.426871 -524.519369 -501.306879 -461.223972 -375.015075 -355.270894 -322.656917 -286.967821 -238.596186 -164.829728 -43.873544 -20.080054 10.657827 46.431059 64.772643 26.627974 -7.711558 -58.304324 -100.255636 -219.802406 -277.475141 -303.307823 -330.631799 -362.366959 -9999.0 -9999.0 -9999.0 -9999.0 -9999.0 -9999.0 -9999.0
-9999.0 -587.894417 -577.793661 -576.156774 -564.317791 -536.392343 -475.121878 -351.846231 -190.494019 -318.555569 -330.419537 -314.361366 -293.844303 -276.043318 -294.958157 -318.144220 -332.875934 -329.579815 -327.681590 -341.346497 -356.821652 -363.781232 -364.847113 -375.600851 -425.293087 -453.975235 -468.144570 -488.685361 -509.467112 -528.606923 -550.175076 -559.169134 -565.171757 -567.143188 -568.580680 -570.109981 -573.218410 -571.476374 -570.155170 -570.503378 -571.502941 -572.290497 -570.000691 -569.262109 -568.544893 -570.722663 -569.272737 -568.039180 -565.141761 -562.161382 -557.736710 -550.848923 -541.300600 -533.621198 -526.984100 -514.362923 -490.103675 -400.625446 -341.110133 -261.706414 -188.057712 -94.526649 -47.289714 -15.121963 4.964309 13.336005 22.442654 5.156687 -60.786325 -199.109009 -240.743623 -9999.0 -9999.0 -9999.0 -9999.0 -9999.0 -9999.0 -9999.0 -9999.0 -9999.0
-9999.0 -9999.0 -589.792277 -585.557477 -581.690998 -578.029660 -572.889539 -565.716069 -560.499495 -553.037341 -541.258841 -526.511303 -515.765874 -510.280291 -517.663237 -531.121547 -538.212807 -537.637167 -539.445272 -543.069907 -549.357775 -551.775259 -553.295546 -554.490607 -556.930488 -557.923380 -558.314168 -559.134434 -560.963603 -565.067806 -568.572956 -570.873293 -573.474785 -573.269023 -573.655702 -574.585269 -573.803869 -573.988757 -573.740703 -573.898474 -573.711395 -573.311079 -572.832009 -572.162296 -572.169234 -571.999242 -571.774743 -571.042216 -569.916538 -568.446316 -565.434816 -560.832636 -557.197945 -556.309381 -558.274391 -557.612811 -554.831362 -547.902832 -521.817086 -455.523662 -359.387210 -310.389519 -241.111746 -187.260947 -136.203530 -99.466571 -42.078690 4.292723 2.605389 -133.846782 -9999.0 -9999.0 -9999.0 -9999.0 -9999.0 -9999.0 -9999.0 -9999.0 -9999.0 -9999.0
-9999.0 -9999.0 -9999.0 -9999.0 -591.269373 -585.557346 -580.365230 -580.917512 -577.279408 -575.242949 -573.332137 -570.945812 -568.993145 -567.621450 -569.506291 -569.991275 -570.355627 -570.021447 -570.366235 -570.881204 -571.140617 -571.421564 -571.644942 -572.055322 -571.902263 -571.525391 -571.407180 -572.094174 -572.024247 -573.386125 -573.537225 -574.266456 -574.983578 -575.844428 -575.635702 -575.746538 -575.344542 -575.761410 -575.114067 -575.544097 -575.083883 -574.896182 -574.344378 -573.429418 -573.863892 -573.332438 -573.332890 -572.633209 -572.448883 -570.627804 -567.582234 -563.957100 -561.435954 -561.570259 -564.891581 -566.178907 -566.949104 -564.876088 -561.275194 -553.027249 -528.246072 -495.323456 -398.250872 -355.764810 -333.778158 -296.276729 -227.759308 -135.155803 -9999.0 -9999.0 -9999.0 -9999.0 -9999.0 -9999.0 -9999.0 -9999.0 -9999.0 -9999.0 -9999.0 -9999.0
-9999.0 -9999.0 -9999.0 -9999.0 -9999.0 -9999.0 -588.954611 -586.192547 -586.936245 -585.046347 -583.425716 -582.127270 -579.978520 -580.405501 -579.862919 -578.102017 -578.383192 -579.202831 -580.242508 -578.672518 -578.038683 -577.850044 -579.562913 -579.072153 -578.919146 -578.244377 -578.313904 -578.004195 -579.501536 -577.749666 -576.911521 -577.218745 -577.511963 -577.161765 -577.544526 -576.417782 -576.284518 -577.178142 -577.435350 -576.172984 -575.846724 -576.064512 -575.849079 -575.022845 -573.781399 -573.633275 -574.238824 -575.089535 -573.840409 -570.958771 -567.721372 -564.819409 -562.877009 -562.170498 -564.898702 -568.538223 -570.326547 -570.594543 -569.159468 -566.364298 -559.186247 -553.922903 -549.234690 -542.096913 -534.141221 -490.211235 -9999.0 -9999.0 -9999.0 -9999.0 -9999.0 -9999.0 -9999.0 -9999.0 -9999.0 -9999.0 -9999.0 -9999.0 -9999.0 -9999.0
-9999.0 -9999.0 -9999.0 -9999.0 -9999.0 -9999.0 -9999.0 -9999.0 -9999.0 -9999.0 -9999.0 -9999.0 -9999.0 -9999.0 -9999.0 -9999.0 -9999.0 -9999.0 -9999.0 -9999.0 -9999.0 -9999.0 -9999.0 -9999.0 -9999.0 -9999.0 -9999.0 -9999.0 -9999.0 -9999.0 -9999.0 -9999.0 -9999.0 -9999.0 -9999.0 -9999.0 -9999.0 -9999.0 -9999.0 -9999.0 -9999.0 -9999.0 -9999.0 -9999.0 -9999.0 -9999.0 -9999.0 -9999.0 -9999.0 -9999.0 -9999.0 -9999.0 -9999.0 -9999.0 -9999.0 -9999.0 -9999.0 -9999.0 -9999.0 -9999.0 -9999.0 -9999.0 -9999.0 -9999.0 -9999.0 -9999.0 -9999.0 -9999.0 -9999.0 -9999.0 -9999.0 -9999.0 -9999.0 -9999.0 -9999.0 -9999.0 -9999.0 -9999.0 -9999.0 -9999.0
-9999.0 -9999.0 -9999.0 -9999.0 -9999.0 -9999.0 -9999.0 -9999.0 -9999.0 -9999.0 -9999.0 -9999.0 -9999.0 -9999.0 -9999.0 -9999.0 -9999.0 -9999.0 -9999.0 -9999.0 -9999.0 -9999.0 -9999.0 -9999.0 -9999.0 -9999.0 -9999.0 -9999.0 -9999.0 -9999.0 -9999.0 -9999.0 -9999.0 -9999.0 -9999.0 -9999.0 -9999.0 -9999.0 -9999.0 -9999.0 -9999.0 -9999.0 -9999.0 -9999.0 -9999.0 -9999.0 -9999.0 -9999.0 -9999.0 -9999.0 -9999.0 -9999.0 -9999.0 -9999.0 -9999.0 -9999.0 -9999.0 -9999.0 -9999.0 -9999.0 -9999.0 -9999.0 -9999.0 -9999.0 -9999.0 -9999.0 -9999.0 -9999.0 -9999.0 -9999.0 -9999.0 -9999.0 -9999.0 -9999.0 -9999.0 -9999.0 -9999.0 -9999.0 -9999.0 -9999.0