Borden_/Borden1m_014/output_maps/psiliqL0010N0009.asc
ncols         80
nrows         18
xllcorner     620200.000000
yllcorner     5168000.000000
cellsize      1.000000
NODATA_value  -9999.0
-9999.0 -9999.0 -9999.0 -9999.0 -9999.0 -9999.0 -9999.0 -9999.0 -9999.0 -9999.0 -9999.0 -9999.0 -9999.0 -9999.0 -9999.0 -9999.0 -9999.0 -9999.0 -9999.0 -9999.0 -9999.0 -9999.0 -9999.0 -9999.0 -9999.0 -9999.0 -9999.0 -9999.0 -9999.0 -9999.0 -9999.0 -9999.0 -9999.0 -9999.0 -9999.0 -9999.0 -9999.0 -9999.0 -9999.0 -9999.0 -9999.0 -9999.0 -9999.0 -9999.0 -9999.0 -9999.0 -9999.0 -9999.0 -9999.0 -9999.0 -9999.0 -9999.0 -9999.0 -9999.0 -9999.0 -9999.0 -9999.0 -9999.0 -9999.0 -9999.0 -9999.0 -9999.0 -9999.0 -9999.0 -9999.0 -9999.0 -9999.0 -9999.0 -9999.0 -9999.0 -9999.0 -9999.0 -9999.0 -9999.0 -9999.0 -9999.0 -9999.0 -9999.0 -9999.0 -9999.0
-9999.0 -9999.0 -9999.0 -9999.0 -9999.0 -9999.0 -9999.0 -9999.0 -9999.0 -9999.0 -9999.0 -9999.0 -9999.0 -9999.0 -9999.0 -9999.0 -9999.0 -9999.0 -9999.0 -9999.0 -9999.0 -9999.0 -9999.0 -9999.0 -9999.0 -9999.0 -9999.0 -9999.0 -9999.0 -9999.0 -9999.0 -9999.0 -9999.0 -9999.0 -9999.0 -9999.0 -9999.0 -9999.0 -9999.0 -9999.0 -9999.0 -9999.0 -9999.0 -9999.0 -9999.0 -9999.0 -9999.0 -9999.0 -9999.0 -9999.0 -9999.0 -9999.0 -9999.0 -9999.0 -9999.0 -9999.0 -9999.0 -9999.0 -9999.0 -9999.0 -9999.0 -9999.0 -9999.0 -9999.0 -9999.0 -9999.0 -9999.0 -9999.0 -9999.0 -9999.0 -9999.0 -9999.0 -9999.0 -9999.0 -9999.0 -9999.0 -9999.0 -9999.0 -9999.0 -9999.0
-9999.0 -9999.0 -9999.0 -9999.0 -9999.0 -9999.0 -9999.0 -9999.0 -9999.0 -9999.0 -9999.0 -9999.0 -9999.0 -9999.0 -9999.0 -9999.0 -9999.0 -9999.0 -9999.0 -9999.0 132.898307 135.792770 113.260802 79.324236 51.128414 53.337833 88.558283 130.116965 168.419098 178.866214 161.068907 163.218748 158.982449 159.548257 163.741555 171.229641 175.363818 187.448288 196.267127 196.044448 189.822797 184.185877 183.349038 186.627650 191.692097 182.154195 195.822670 210.922755 216.331004 210.176957 181.647572 164.793005 155.640732 140.329269 164.463508 176.352197 198.806724 202.652803 200.927654 173.628836 143.338792 -9999.0 -9999.0 -9999.0 -9999.0 -9999.0 -9999.0 -9999.0 -9999.0 -9999.0 -9999.0 -9999.0 -9999.0 -9999.0 -9999.0 -9999.0 -9999.0 -9999.0 -9999.0 -9999.0
-9999.0 -9999.0 -9999.0 -9999.0 -9999.0 -9999.0 -9999.0 -9999.0 -9999.0 -9999.0 -9999.0 -9999.0 -9999.0 -9999.0 41.992160 32.017656 29.092789 37.634658 71.494777 101.783031 114.450651 107.020524 107.067566 83.523422 63.364683 77.923064 108.142716 140.249949 174.796792 195.198807 183.076492 181.005292 192.456908 221.605033 239.041473 238.798761 219.686400 243.510065 259.952305 268.993038 267.831585 258.970334 272.723046 288.625095 281.739716 264.487837 268.909057 280.670155 293.476900 276.835875 209.242319 186.396168 181.759511 174.589980 160.568763 153.364424 177.538802 177.606005 168.942618 150.649528 117.889989 73.434029 55.212113 93.743301 138.045586 195.792374 -9999.0 -9999.0 -9999.0 -9999.0 -9999.0 -9999.0 -9999.0 -9999.0 -9999.0 -9999.0 -9999.0 -9999.0 -9999.0 -9999.0
-9999.0 -9999.0 -9999.0 -9999.0 -9999.0 -9999.0 -9999.0 -9999.0 -9999.0 -14.881372 -11.012832 -3.923983 -2.060387 13.474219 11.523063 18.502325 26.182664 52.658689 84.013914 119.658180 149.153562 139.871125 140.458079 152.238080 158.802071 173.210898 196.845324 238.942868 280.519734 321.498367 292.901592 291.545191 313.886812 371.025072 421.706561 437.717434 423.101077 430.419684 456.012070 478.577606 476.544431 473.624313 497.001287 509.600109 513.068157 495.033952 481.671243 481.476596 504.937133 447.869402 369.516439 307.665605 306.821078 275.005818 233.929884 210.093674 204.246276 224.026928 207.934145 169.840501 132.572896 121.957362 104.712141 121.102062 143.557447 190.293018 228.833633 257.410965 257.480796 240.145255 -9999.0 -9999.0 -9999.0 -9999.0 -9999.0 -9999.0 -9999.0 -9999.0 -9999.0 -9999.0
-9999.0 -9999.0 -9999.0 -9999.0 -9999.0 -9999.0 -93.561876 -84.594772 -64.744588 -59.469946 -34.892564 -27.495310 -7.094864 12.109059 32.931486 49.908210 80.913709 114.092687 156.376729 202.018983 237.087302 234.190668 245.059942 278.855998 324.213026 363.794306 400.290001 445.179547 520.802012 560.338291 569.657860 575.825931 592.794925 668.348272 788.434200 824.853194 815.073414 804.759039 820.435459 847.751847 849.567010 847.865691 853.454185 859.337313 881.796234 877.005421 847.497412 837.352340 831.473420 803.110304 695.880244 599.292239 554.454520 505.819184 423.575901 358.582022 346.685383 357.200060 324.315571 268.426317 223.536506 210.718161 194.686830 179.954276 184.990687 203.989360 226.859117 238.145233 225.581141 204.891017 181.924058 153.122515 154.801512 180.136732 -9999.0 -9999.0 -9999.0 -9999.0 -9999.0 -9999.0
-9999.0 -9999.0 -9999.0 -9999.0 -143.276990 -130.893924 -142.851816 -118.962840 -86.827075 -53.351618 -21.092176 16.178284 43.307072 73.250791 115.071757 153.349150 198.440922 235.287553 293.122473 369.409419 435.423751 467.348079 483.506519 543.433754 615.034515 700.026535 770.489086 809.990650 842.635747 887.284376 905.647179 909.647594 926.563920 963.371572 1018.245614 1054.544247 1045.497790 1043.002978 1047.204434 1053.382408 1071.209018 1069.886486 1070.106632 1070.565553 1073.032048 1074.896813 1059.643050 1034.989299 1024.035207 1010.882669 974.243853 908.213591 874.977568 854.397824 828.689047 763.300476 632.521479 594.285848 533.270314 472.828097 396.141025 363.323330 327.598716 298.733545 265.737203 265.138086 267.259440 246.934562 215.755555 183.648135 168.562425 149.765769 139.302424 169.189174 186.858458 217.685056 -9999.0 -9999.0 -9999.0 -9999.0
-9999.0 -9999.0 -201.341531 -151.925383 -95.964291 -87.517869 -85.943035 -80.718888 -53.259210 -1.938072 76.497147 130.462423 175.578534 207.782979 269.249179 358.226194 442.329492 495.385330 559.579291 651.199015 770.322938 820.198536 835.439259 864.282283 909.288820 967.931542 1003.166080 1028.450798 1049.262796 1069.814013 1082.690283 1095.573858 1102.354920 1103.422994 1109.273770 1111.976809 1112.630833 1112.070359 1097.592237 1095.335855 1101.130437 1103.618375 1106.140304 1094.126002 1090.306054 1102.850742 1106.716124 1108.521117 1109.651337 1114.584920 1116.768628 1083.158345 1046.634373 1038.165945 1032.815969 990.823379 922.162541 882.540695 864.629804 818.125080 698.112652 614.398143 552.181676 493.695189 427.453067 388.991535 338.888644 296.125359 250.014601 204.145052 180.316218 161.672615 159.153728 159.485982 175.576109 191.190642 206.660299 214.509181 -9999.0 -9999.0
-9999.0 -301.268176 -228.806892 -101.737727 -22.613813 22.418293 60.991981 89.614185 116.245320 136.063111 246.558869 357.711799 450.245441 483.269644 537.929196 658.700766 792.524503 844.979019 878.759680 930.216638 993.974656 1036.761066 1057.759564 1074.660148 1102.110650 1108.540589 1112.213781 1114.801039 1108.038156 1098.213854 1087.324978 1093.716196 1091.766080 1075.695645 1061.721887 1060.723263 1060.037097 1045.231775 1026.949325 1018.611512 1022.595928 1041.746997 1032.759247 1016.488984 1013.228735 1029.262917 1042.859854 1035.187937 1024.384774 1037.175648 1063.709897 1081.152639 1095.090292 1110.139100 1128.604894 1103.202629 1073.236825 1040.711827 1027.542441 1002.878267 946.170702 889.462878 840.616421 766.887557 641.775086 550.616461 473.596357 408.770271 341.551571 299.308075 266.307852 213.580292 190.060217 191.257083 182.036433 179.420498 185.913072 192.346495 -9999.0 -9999.0
-9999.0 -375.346807 -232.246299 -46.691564 101.201009 165.069972 284.913017 375.833802 405.194786 383.818453 499.990498 768.060874 863.448702 873.833533 930.353549 1004.323295 1039.302171 1069.655111 1088.639167 1091.501961 1096.004470 1103.187073 1099.850320 1093.053611 1080.963002 1077.003820 1079.481897 1079.957192 1066.621813 1049.012700 1032.804434 1030.295518 1016.146648 976.484202 933.988953 914.978773 905.025518 892.919830 869.829777 852.023741 842.578828 859.522820 852.579243 838.298347 834.452785 851.751466 877.557744 870.552837 874.467482 892.794427 931.135110 976.421275 998.742713 1021.838593 1049.037324 1083.376095 1097.730069 1117.697708 1121.697285 1100.459041 1064.632426 1025.521487 1002.774593 951.579625 877.621808 790.806564 677.926179 597.415971 521.608209 462.390828 405.169475 341.091343 279.905722 252.302934 212.559676 191.925340 -9999.0 -9999.0 -9999.0 -9999.0
-9999.0 -444.593843 -254.171923 10.014762 276.673528 414.230758 649.256147 808.604343 867.527860 926.004632 935.679003 1054.188408 1080.503260 1070.658739 1057.349285 1056.449461 1066.941121 1067.309756 1062.358915 1054.626007 1049.868898 1048.953694 1049.194002 1044.918014 1037.901993 1029.309858 1022.288358 1014.936703 982.082968 941.847130 903.814846 889.473283 856.097708 755.243822 655.723469 602.615319 544.766060 539.323968 532.743378 506.476574 489.204329 473.167758 492.463932 493.855763 494.518004 499.589066 517.280060 536.547857 578.819090 620.001119 686.303836 791.446749 839.055292 878.710507 921.567017 980.521132 1009.341297 1032.324910 1067.450424 1099.443409 1120.892339 1113.802966 1090.090762 1059.288242 1006.286216 955.062400 909.418872 847.871375 781.883459 684.554869 602.990709 525.125113 437.526599 342.945447 300.018834 -9999.0 -9999.0 -9999.0 -9999.0 -9999.0
-9999.0 -605.524921 -338.336917 -42.945995 292.602334 663.600892 791.927855 924.826346 1002.823447 970.822216 971.296082 989.916113 1021.606681 1024.802721 1006.964521 999.106010 983.679524 972.049787 976.436344 948.113109 921.975522 911.876553 913.391250 905.575645 889.115400 878.159642 870.663826 854.154481 798.254430 700.328541 589.885131 556.312488 481.233589 413.421722 355.879375 302.591688 250.491837 249.354537 266.242496 251.133564 229.626905 211.418827 237.183531 253.156225 264.152248 253.614837 261.984381 296.417586 344.851864 388.645630 443.129614 509.127931 560.807399 616.267538 670.265274 779.038970 839.676933 881.623111 948.682968 1020.528760 1049.693106 1079.147363 1112.235619 1130.559476 1089.762714 1054.388796 1021.870537 984.458257 923.278370 879.888631 842.658201 760.757385 626.476932 -9999.0 -9999.0 -9999.0 -9999.0 -9999.0 -9999.0 -9999.0
-9999.0 -737.450642 -509.451957 -266.371645 31.359699 274.962675 457.212000 585.635873 722.998128 764.300653 793.715128 819.733182 842.848896 859.820734 839.502809 803.239208 762.277189 732.148444 709.406339 660.058279 617.071592 597.608605 595.891775 589.096147 564.217841 550.161445 540.297228 517.456976 478.010229 411.954413 323.833256 252.817129 190.758952 154.720271 122.473809 88.350737 50.151078 61.021695 75.680344 71.678370 59.937282 55.942861 85.622201 104.200410 114.147582 100.985816 119.284070 145.846335 187.155610 228.780359 277.080528 332.564792 386.077802 417.516592 438.599323 480.141117 528.412354 592.562109 711.416708 843.518501 923.466836 977.483522 1023.491199 1052.771055 1068.604999 1092.448184 1080.922722 1019.677463 926.354949 949.680959 954.703869 -9999.0 -9999.0 -9999.0 -9999.0 -9999.0 -9999.0 -9999.0 -9999.0 -9999.0
-9999.0 -9999.0 -745.327082 -558.726383 -405.150453 -220.990563 -71.028419 37.566028 123.386961 227.334848 325.880507 404.490907 444.685246 459.871719 442.247610 401.603965 370.188054 362.352744 347.610409 329.238025 303.364303 293.692732 284.244166 276.970170 265.175984 258.928389 254.010283 242.800068 219.381466 170.559776 117.083286 64.244636 9.748648 -15.628099 -37.803036 -60.309872 -63.291264 -65.198227 -58.286111 -56.819993 -51.052629 -39.073802 -18.373888 3.023519 12.344680 19.463337 31.696054 54.998222 87.781439 128.702253 181.063297 236.761234 274.748644 286.765590 278.354309 286.505485 310.249998 357.202762 449.712925 550.445847 668.629175 792.886961 875.813721 930.439594 962.271744 989.470881 1013.961094 957.447196 635.917070 880.135608 -9999.0 -9999.0 -9999.0 -9999.0 -9999.0 -9999.0 -9999.0 -9999.0 -9999.0 -9999.0
-9999.0 -9999.0 -9999.0 -9999.0 -701.958135 -546.458041 -453.557813 -372.522212 -249.770349 -137.735913 -42.597150 35.422944 89.865095 113.565964 102.779958 97.963005 88.517124 82.624872 72.568656 66.989169 61.815603 54.081638 42.494556 35.307540 35.258254 39.362145 37.526480 24.547965 8.356060 -18.094414 -41.574048 -76.736261 -113.662054 -142.767882 -155.657318 -162.176716 -161.784359 -167.300223 -157.699419 -151.057576 -136.027704 -120.534632 -96.473101 -68.019484 -55.331843 -41.202380 -31.709279 -11.228083 18.415546 70.780922 132.791186 188.416206 221.710908 224.567567 198.099710 181.912007 178.309857 206.375394 254.266758 326.524611 434.342376 521.171999 594.473787 667.427050 763.765503 840.080296 924.418163 959.321612 -9999.0 -9999.0 -9999.0 -9999.0 -9999.0 -9999.0 -9999.0 -9999.0 -9999.0 -9999.0 -9999.0 -9999.0
-9999.0 -9999.0 -9999.0 -9999.0 -9999.0 -9999.0 -755.923115 -660.872847 -576.057368 -453.455867 -338.346448 -244.264373 -169.150134 -143.421094 -124.839270 -102.112282 -106.878104 -124.677226 -142.013141 -125.187709 -114.878235 -119.797838 -147.540704 -148.570333 -144.559909 -135.052083 -136.108765 -141.983199 -166.599108 -157.702692 -158.576100 -181.405572 -207.186141 -221.227519 -232.568194 -222.409777 -221.455213 -233.940266 -231.632513 -205.357058 -185.518448 -172.080366 -149.659316 -116.524149 -84.547477 -70.283049 -69.491421 -63.562809 -22.617861 47.068816 116.944314 169.945058 200.065485 206.538825 177.285127 135.351480 112.769536 118.420569 152.344730 205.372443 282.407322 334.571285 368.900009 397.447517 439.126735 542.917600 -9999.0 -9999.0 -9999.0 -9999.0 -9999.0 -9999.0 -9999.0 -9999.0 -9999.0 -9999.0 -9999.0 -9999.0 -9999.0 -9999.0
-9999.0 -9999.0 -9999.0 -9999.0 -9999.0 -9999.0 -9999.0 -9999.0 -9999.0 -9999.0 -9999.0 -9999.0 -9999.0 -9999.0 -9999.0 -9999.0 -9999.0 -9999.0 -9999.0 -9999.0 -9999.0 -9999.0 -9999.0 -9999.0 -9999.0 -9999.0 -9999.0 -9999.0 -9999.0 -9999.0 -9999.0 -9999.0 -9999.0 -9999.0 -9999.0 -9999.0 -9999.0 -9999.0 -9999.0 -9999.0 -9999.0 -9999.0 -9999.0 -9999.0 -9999.0 -9999.0 -9999.0 -9999.0 -9999.0 -9999.0 -9999.0 -9999.0 -9999.0 -9999.0 -9999.0 -9999.0 -9999.0 -9999.0 -9999.0 -9999.0 -9999.0 -9999.0 -9999.0 -9999.0 -9999.0 -9999.0 -9999.0 -9999.0 -9999.0 -9999.0 -9999.0 -9999.0 -9999.0 -9999.0 -9999.0 -9999.0 -9999.0 -9999.0 -9999.0 -9999.0
-9999.0 -9999.0 -9999.0 -9999.0 -9999.0 -9999.0 -9999.0 -9999.0 -9999.0 -9999.0 -9999.0 -9999.0 -9999.0 -9999.0 -9999.0 -9999.0 -9999.0 -9999.0 -9999.0 -9999.0 -9999.0 -9999.0 -9999.0 -9999.0 -9999.0 -9999.0 -9999.0 -9999.0 -9999.0 -9999.0 -9999.0 -9999.0 -9999.0 -9999.0 -9999.0 -9999.0 -9999.0 -9999.0 -9999.0 -9999.0 -9999.0 -9999.0 -9999.0 -9999.0 -9999.0 -9999.0 -9999.0 -9999.0 -9999.0 -9999.0 -9999.0 -9999.0 -9999.0 -9999.0 -9999.0 -9999.0 -9999.0 -9999.0 -9999.0 -9999.0 -9999.0 -9999.0 -9999.0 -9999.0 -9999.0 -9999.0 -9999.0 -9999.0 -9999.0 -9999.0 -9999.0 -9999.0 -9999.0 -9999.0 -9999.0 -9999.0 -9999.0 -9999.0 -9999.0 -9999.0