Borden_/Borden1m_014/output_maps/psiliqL0011N0003.asc
ncols         80
nrows         18
xllcorner     620200.000000
yllcorner     5168000.000000
cellsize      1.000000
NODATA_value  -9999.0
-9999.0 -9999.0 -9999.0 -9999.0 -9999.0 -9999.0 -9999.0 -9999.0 -9999.0 -9999.0 -9999.0 -9999.0 -9999.0 -9999.0 -9999.0 -9999.0 -9999.0 -9999.0 -9999.0 -9999.0 -9999.0 -9999.0 -9999.0 -9999.0 -9999.0 -9999.0 -9999.0 -9999.0 -9999.0 -9999.0 -9999.0 -9999.0 -9999.0 -9999.0 -9999.0 -9999.0 -9999.0 -9999.0 -9999.0 -9999.0 -9999.0 -9999.0 -9999.0 -9999.0 -9999.0 -9999.0 -9999.0 -9999.0 -9999.0 -9999.0 -9999.0 -9999.0 -9999.0 -9999.0 -9999.0 -9999.0 -9999.0 -9999.0 -9999.0 -9999.0 -9999.0 -9999.0 -9999.0 -9999.0 -9999.0 -9999.0 -9999.0 -9999.0 -9999.0 -9999.0 -9999.0 -9999.0 -9999.0 -9999.0 -9999.0 -9999.0 -9999.0 -9999.0 -9999.0 -9999.0
-9999.0 -9999.0 -9999.0 -9999.0 -9999.0 -9999.0 -9999.0 -9999.0 -9999.0 -9999.0 -9999.0 -9999.0 -9999.0 -9999.0 -9999.0 -9999.0 -9999.0 -9999.0 -9999.0 -9999.0 -9999.0 -9999.0 -9999.0 -9999.0 -9999.0 -9999.0 -9999.0 -9999.0 -9999.0 -9999.0 -9999.0 -9999.0 -9999.0 -9999.0 -9999.0 -9999.0 -9999.0 -9999.0 -9999.0 -9999.0 -9999.0 -9999.0 -9999.0 -9999.0 -9999.0 -9999.0 -9999.0 -9999.0 -9999.0 -9999.0 -9999.0 -9999.0 -9999.0 -9999.0 -9999.0 -9999.0 -9999.0 -9999.0 -9999.0 -9999.0 -9999.0 -9999.0 -9999.0 -9999.0 -9999.0 -9999.0 -9999.0 -9999.0 -9999.0 -9999.0 -9999.0 -9999.0 -9999.0 -9999.0 -9999.0 -9999.0 -9999.0 -9999.0 -9999.0 -9999.0
-9999.0 -9999.0 -9999.0 -9999.0 -9999.0 -9999.0 -9999.0 -9999.0 -9999.0 -9999.0 -9999.0 -9999.0 -9999.0 -9999.0 -9999.0 -9999.0 -9999.0 -9999.0 -9999.0 -9999.0 329.130861 331.818844 309.352102 275.510763 247.329479 249.242031 283.735331 324.617138 362.613616 372.846417 354.980441 356.955115 352.019273 351.059676 353.442065 359.537779 362.755512 373.778537 381.812874 381.081486 374.649887 369.061094 368.525768 371.929036 377.423692 367.729522 381.392333 396.646941 402.585269 397.850441 371.195909 355.880256 347.567888 332.806927 357.439991 369.762021 392.739725 397.086005 395.747535 368.870805 338.919221 -9999.0 -9999.0 -9999.0 -9999.0 -9999.0 -9999.0 -9999.0 -9999.0 -9999.0 -9999.0 -9999.0 -9999.0 -9999.0 -9999.0 -9999.0 -9999.0 -9999.0 -9999.0 -9999.0
-9999.0 -9999.0 -9999.0 -9999.0 -9999.0 -9999.0 -9999.0 -9999.0 -9999.0 -9999.0 -9999.0 -9999.0 -9999.0 -9999.0 239.643006 229.632489 226.502404 234.657224 267.946990 297.692830 309.986115 302.358378 302.250121 278.645530 258.214845 272.073344 301.332096 332.569983 366.808763 387.336929 375.607725 373.229698 383.144876 408.985391 422.024838 418.881699 398.287310 420.782738 436.068161 444.346698 443.093101 434.375414 448.012523 464.556481 459.195725 442.259305 445.829450 457.182859 470.428843 456.886410 393.811718 374.170571 370.640002 364.256885 350.972149 344.813548 370.036528 370.730258 362.715893 345.052472 312.872540 268.911130 251.056419 289.807119 334.102210 391.806951 -9999.0 -9999.0 -9999.0 -9999.0 -9999.0 -9999.0 -9999.0 -9999.0 -9999.0 -9999.0 -9999.0 -9999.0 -9999.0 -9999.0
-9999.0 -9999.0 -9999.0 -9999.0 -9999.0 -9999.0 -9999.0 -9999.0 -9999.0 183.227240 187.126932 194.071199 195.831384 211.164991 208.969906 215.662551 222.726770 248.732792 279.257055 313.795479 342.106006 332.226128 332.351369 343.342454 348.516092 360.898868 381.977113 422.206472 463.256838 505.710430 478.522355 476.748447 495.612265 542.966518 577.279762 584.654945 565.964797 571.508688 595.692785 617.945550 616.547408 614.162385 638.879875 655.693851 666.323178 647.623681 626.871504 623.358254 647.478895 598.214817 534.536571 482.894907 484.830205 454.283246 415.501220 394.663441 391.801651 412.953537 398.075735 361.252855 325.383506 315.544110 299.002281 316.075341 338.897998 385.864815 424.671937 453.634684 454.020940 436.970767 -9999.0 -9999.0 -9999.0 -9999.0 -9999.0 -9999.0 -9999.0 -9999.0 -9999.0 -9999.0
-9999.0 -9999.0 -9999.0 -9999.0 -9999.0 -9999.0 104.971887 113.897031 133.583739 138.517520 162.977942 170.023546 190.119156 208.919394 229.325323 245.295491 274.914861 306.891438 347.552322 390.560858 421.974159 416.672891 426.586363 459.179598 501.432600 532.770909 557.502258 597.032085 674.971150 725.313262 739.179378 745.253263 754.595766 802.011274 865.646152 881.242918 859.699030 843.434887 862.055376 897.775883 903.786747 904.649985 916.728450 938.172711 993.746289 985.228307 916.684346 890.799365 884.466109 870.759285 812.207176 746.381399 704.254954 652.942296 572.556684 516.214975 518.344234 533.925762 503.531670 450.430249 409.404655 399.077700 384.604937 371.455461 377.956425 397.977543 421.543645 433.579581 421.619582 401.408266 378.930829 350.631603 352.739490 378.268017 -9999.0 -9999.0 -9999.0 -9999.0 -9999.0 -9999.0
-9999.0 -9999.0 -9999.0 -9999.0 55.546278 67.787769 55.537833 79.303794 111.049197 144.114003 175.596992 211.977864 238.519151 267.692419 307.623667 342.560677 384.088982 419.017209 474.264008 542.608843 593.275986 617.493982 632.866369 695.124538 763.848984 820.280228 842.362128 872.277021 925.963259 1019.678011 1056.481102 1064.211780 1078.497661 1105.869275 1143.905912 1171.351032 1155.107213 1148.000906 1151.591387 1159.655962 1179.380474 1179.334789 1182.481903 1189.741251 1203.450530 1203.608522 1174.518100 1142.305337 1131.220521 1125.028015 1101.483589 1034.231929 972.468269 925.864685 890.705398 837.798004 767.100053 742.865541 682.486326 626.033639 562.358618 538.063290 506.182526 480.989515 452.237397 454.571856 458.956814 440.238702 410.155644 379.076511 364.835862 346.774290 336.815890 367.191472 385.213917 416.187566 -9999.0 -9999.0 -9999.0 -9999.0
-9999.0 -9999.0 -2.192341 46.696342 102.262204 110.095598 110.679490 115.334542 142.273598 192.824616 268.740878 319.395243 363.299637 395.055085 452.927259 531.831343 602.979378 653.421158 718.121812 789.175338 850.815135 884.810455 906.449533 962.325563 1038.610737 1100.420122 1124.548854 1148.651687 1180.376202 1221.150657 1240.559145 1254.356803 1259.493003 1257.655126 1258.906151 1257.876283 1254.006628 1248.531939 1229.041352 1223.087680 1227.086758 1229.643736 1232.385590 1221.984932 1221.018168 1233.374619 1235.264571 1235.897788 1238.901772 1249.718289 1257.319717 1222.165923 1175.446984 1156.407259 1147.479636 1107.757001 1047.524340 992.581841 947.755755 897.135542 816.698791 757.757122 699.244922 648.763085 596.970873 566.968866 523.122664 484.054770 440.487654 396.631215 374.406707 357.154224 355.740722 356.902721 373.700421 389.762077 405.603874 413.639884 -9999.0 -9999.0
-9999.0 -102.447439 -30.380245 95.682819 173.669984 216.722525 251.592866 277.355834 303.479076 322.979459 427.703407 524.940538 620.195851 654.752832 702.339980 794.558766 886.419352 945.279717 1010.520910 1068.232956 1120.337555 1159.666587 1184.327294 1208.188055 1246.972699 1256.600765 1258.058663 1260.939609 1259.089653 1256.904916 1250.251217 1255.402720 1249.622459 1231.890705 1218.450992 1216.796611 1212.177118 1187.075615 1150.195295 1129.303883 1128.210319 1147.552350 1136.499116 1117.990846 1115.364349 1135.295339 1153.916427 1147.551353 1141.711478 1168.459753 1203.974953 1221.859435 1231.395439 1244.784759 1265.818384 1242.893153 1215.177597 1174.368634 1151.503118 1123.822927 1070.513193 1000.132497 914.472006 842.980506 768.298153 698.782631 640.082477 583.494507 521.535370 484.039200 454.560137 404.792010 384.070169 387.329505 379.530470 377.745533 384.803386 391.466951 -9999.0 -9999.0
-9999.0 -177.824481 -35.519548 148.213555 293.025981 350.112912 458.347989 543.626255 574.222263 549.930874 652.590561 874.634619 997.755573 1020.127581 1080.414413 1150.122640 1172.154825 1204.908446 1235.807653 1244.592119 1248.729349 1255.457007 1253.062476 1248.779896 1237.954859 1230.633834 1229.416925 1228.637902 1217.046969 1204.332860 1190.090456 1182.624069 1154.713594 1110.141271 1080.187382 1066.436254 1053.389671 1025.124442 959.064401 915.228189 896.399784 914.651588 903.799472 883.892026 879.960248 905.920976 945.044975 939.730312 953.602065 1004.975439 1054.424703 1090.695600 1110.589393 1141.634320 1183.759035 1223.950058 1238.922114 1258.571146 1263.665436 1244.848439 1208.379038 1159.894337 1120.710759 1055.350356 957.555684 869.012987 804.336718 739.212617 672.524934 627.589947 579.542925 521.438791 467.298940 445.580322 408.507170 389.621663 -9999.0 -9999.0 -9999.0 -9999.0
-9999.0 -249.170531 -60.056419 200.115672 461.184791 573.856315 775.031916 931.563865 1001.802163 1064.987598 1063.997560 1178.001653 1215.135431 1212.482538 1203.903075 1202.932110 1213.887002 1218.191620 1219.236393 1215.357214 1211.766472 1210.891224 1210.575086 1204.039705 1190.440020 1167.733942 1149.833055 1137.580787 1106.623299 1080.587895 1049.602488 1025.859790 955.622045 847.055424 799.802795 766.089003 712.919478 702.967588 684.928997 651.318139 631.046611 614.018632 632.191082 632.819871 633.684263 639.702619 658.959673 678.468463 721.035744 763.142793 811.081140 862.911821 899.404383 957.394774 1035.362366 1094.507478 1125.170947 1158.002543 1207.279648 1245.207627 1269.854757 1261.349586 1234.739645 1196.595629 1130.680729 1072.775927 1026.294634 932.057615 860.407871 802.334884 742.498545 675.691655 608.634702 531.902035 493.698629 -9999.0 -9999.0 -9999.0 -9999.0 -9999.0
-9999.0 -414.067639 -147.386923 142.894446 460.402773 771.099777 890.392254 1042.206565 1115.323129 1079.026061 1078.070199 1095.963631 1134.360761 1142.513454 1123.899923 1115.517323 1105.066422 1105.475077 1120.117203 1100.585434 1079.022563 1070.363233 1071.151016 1058.971734 1029.086351 984.792554 953.738276 926.467544 876.548059 827.544744 748.539686 719.830703 640.210184 576.443375 531.510031 484.471847 434.818367 432.701400 446.822729 429.938155 407.504472 388.984342 414.220817 429.920191 440.855198 430.287568 438.689570 472.424369 519.594473 561.608019 609.190282 660.007254 703.268665 754.393825 797.034042 852.594503 904.933276 968.922933 1066.773392 1148.641398 1191.354892 1224.735041 1257.951054 1277.832110 1236.562111 1199.378275 1162.538288 1110.811071 1040.939820 995.624041 932.037599 832.067813 757.509690 -9999.0 -9999.0 -9999.0 -9999.0 -9999.0 -9999.0 -9999.0
-9999.0 -544.749814 -319.103533 -80.423615 208.596147 436.304191 608.171157 714.724541 789.609835 811.393628 838.964898 870.170325 903.090467 927.614173 901.059617 859.749202 830.296102 833.942393 832.340574 809.333911 781.564168 767.677781 766.273740 758.131668 729.496727 706.138018 689.818205 665.963180 632.408855 580.595377 503.004611 435.334697 374.378791 340.657114 311.412017 279.438606 242.743358 253.302196 266.869698 262.462764 250.733276 246.759233 275.853972 294.102820 303.811779 290.887424 308.915924 334.748547 375.103431 415.588653 461.416659 512.605424 562.446025 590.638705 605.931831 632.898184 673.090793 731.500785 828.010382 937.558474 1044.148167 1098.452702 1152.098357 1194.863480 1215.382719 1240.777679 1231.954189 1167.912963 1066.546051 1087.105077 1077.273831 -9999.0 -9999.0 -9999.0 -9999.0 -9999.0 -9999.0 -9999.0 -9999.0 -9999.0
-9999.0 -9999.0 -554.369279 -370.153725 -220.544086 -40.618441 104.518147 207.477114 283.490827 380.271975 473.557231 548.598872 588.770569 604.998058 588.106677 551.062767 527.329566 527.729045 519.005164 507.383090 486.186526 478.372186 468.900329 460.914813 448.147196 439.839237 433.485369 422.431595 401.130843 355.968534 306.284071 255.733624 202.663082 178.141454 156.860014 135.195390 132.857474 130.685146 137.258928 138.598888 144.426372 156.358688 176.746645 198.040082 207.257231 214.489564 226.468585 249.344344 281.416159 321.488935 372.669034 426.876863 463.308230 473.754766 463.149447 467.466492 487.433900 529.773263 612.589743 698.934073 799.097112 875.576719 966.598434 1051.854711 1083.655421 1115.722876 1157.391557 1105.026262 755.151268 1025.652904 -9999.0 -9999.0 -9999.0 -9999.0 -9999.0 -9999.0 -9999.0 -9999.0 -9999.0 -9999.0
-9999.0 -9999.0 -9999.0 -9999.0 -513.472472 -358.746317 -265.707795 -185.005087 -64.108459 45.828165 138.143694 214.215608 267.988489 291.346430 281.945590 279.790319 272.886538 268.706247 260.212070 256.649772 253.027189 245.813816 233.940632 226.533933 226.202506 229.903988 227.746413 214.972906 199.309739 174.575251 152.652791 118.594278 82.703990 54.264958 41.794675 35.733990 36.217634 30.595662 40.048812 46.758301 61.713739 77.026846 100.826400 129.116879 141.782368 155.807895 165.103983 185.249067 214.511061 266.248982 327.382205 382.211854 414.780454 416.785547 389.447244 371.924532 366.639817 392.459474 436.352300 502.243719 601.014101 672.258966 737.402425 797.801106 845.272338 920.756474 1048.043190 1103.510751 -9999.0 -9999.0 -9999.0 -9999.0 -9999.0 -9999.0 -9999.0 -9999.0 -9999.0 -9999.0 -9999.0 -9999.0
-9999.0 -9999.0 -9999.0 -9999.0 -9999.0 -9999.0 -565.849388 -470.245197 -386.785884 -262.155776 -145.739276 -53.048050 21.370454 47.269399 66.692978 89.942342 86.206041 69.125002 52.213575 69.515849 80.507369 75.638687 47.847508 46.863711 50.843560 59.979223 58.803474 53.142584 29.031143 38.765471 38.636075 16.294410 -9.057532 -22.708849 -33.832943 -23.557451 -22.558038 -35.087391 -32.991631 -6.664547 13.186225 26.509732 48.702067 81.622821 113.395150 127.593796 128.279993 133.952650 174.277973 243.385465 312.602842 365.032990 394.622743 400.448828 370.592780 328.041139 304.713100 308.934925 340.497210 390.201122 462.612100 508.672684 537.437591 558.983651 586.796966 682.906336 -9999.0 -9999.0 -9999.0 -9999.0 -9999.0 -9999.0 -9999.0 -9999.0 -9999.0 -9999.0 -9999.0 -9999.0 -9999.0 -9999.0
-9999.0 -9999.0 -9999.0 -9999.0 -9999.0 -9999.0 -9999.0 -9999.0 -9999.0 -9999.0 -9999.0 -9999.0 -9999.0 -9999.0 -9999.0 -9999.0 -9999.0 -9999.0 -9999.0 -9999.0 -9999.0 -9999.0 -9999.0 -9999.0 -9999.0 -9999.0 -9999.0 -9999.0 -9999.0 -9999.0 -9999.0 -9999.0 -9999.0 -9999.0 -9999.0 -9999.0 -9999.0 -9999.0 -9999.0 -9999.0 -9999.0 -9999.0 -9999.0 -9999.0 -9999.0 -9999.0 -9999.0 -9999.0 -9999.0 -9999.0 -9999.0 -9999.0 -9999.0 -9999.0 -9999.0 -9999.0 -9999.0 -9999.0 -9999.0 -9999.0 -9999.0 -9999.0 -9999.0 -9999.0 -9999.0 -9999.0 -9999.0 -9999.0 -9999.0 -9999.0 -9999.0 -9999.0 -9999.0 -9999.0 -9999.0 -9999.0 -9999.0 -9999.0 -9999.0 -9999.0
-9999.0 -9999.0 -9999.0 -9999.0 -9999.0 -9999.0 -9999.0 -9999.0 -9999.0 -9999.0 -9999.0 -9999.0 -9999.0 -9999.0 -9999.0 -9999.0 -9999.0 -9999.0 -9999.0 -9999.0 -9999.0 -9999.0 -9999.0 -9999.0 -9999.0 -9999.0 -9999.0 -9999.0 -9999.0 -9999.0 -9999.0 -9999.0 -9999.0 -9999.0 -9999.0 -9999.0 -9999.0 -9999.0 -9999.0 -9999.0 -9999.0 -9999.0 -9999.0 -9999.0 -9999.0 -9999.0 -9999.0 -9999.0 -9999.0 -9999.0 -9999.0 -9999.0 -9999.0 -9999.0 -9999.0 -9999.0 -9999.0 -9999.0 -9999.0 -9999.0 -9999.0 -9999.0 -9999.0 -9999.0 -9999.0 -9999.0 -9999.0 -9999.0 -9999.0 -9999.0 -9999.0 -9999.0 -9999.0 -9999.0 -9999.0 -9999.0 -9999.0 -9999.0 -9999.0 -9999.0