Borden_/Borden1m_014/output_maps/psiliqL0003N0040.asc
ncols         80
nrows         18
xllcorner     620200.000000
yllcorner     5168000.000000
cellsize      1.000000
NODATA_value  -9999.0
-9999.0 -9999.0 -9999.0 -9999.0 -9999.0 -9999.0 -9999.0 -9999.0 -9999.0 -9999.0 -9999.0 -9999.0 -9999.0 -9999.0 -9999.0 -9999.0 -9999.0 -9999.0 -9999.0 -9999.0 -9999.0 -9999.0 -9999.0 -9999.0 -9999.0 -9999.0 -9999.0 -9999.0 -9999.0 -9999.0 -9999.0 -9999.0 -9999.0 -9999.0 -9999.0 -9999.0 -9999.0 -9999.0 -9999.0 -9999.0 -9999.0 -9999.0 -9999.0 -9999.0 -9999.0 -9999.0 -9999.0 -9999.0 -9999.0 -9999.0 -9999.0 -9999.0 -9999.0 -9999.0 -9999.0 -9999.0 -9999.0 -9999.0 -9999.0 -9999.0 -9999.0 -9999.0 -9999.0 -9999.0 -9999.0 -9999.0 -9999.0 -9999.0 -9999.0 -9999.0 -9999.0 -9999.0 -9999.0 -9999.0 -9999.0 -9999.0 -9999.0 -9999.0 -9999.0 -9999.0
-9999.0 -9999.0 -9999.0 -9999.0 -9999.0 -9999.0 -9999.0 -9999.0 -9999.0 -9999.0 -9999.0 -9999.0 -9999.0 -9999.0 -9999.0 -9999.0 -9999.0 -9999.0 -9999.0 -9999.0 -9999.0 -9999.0 -9999.0 -9999.0 -9999.0 -9999.0 -9999.0 -9999.0 -9999.0 -9999.0 -9999.0 -9999.0 -9999.0 -9999.0 -9999.0 -9999.0 -9999.0 -9999.0 -9999.0 -9999.0 -9999.0 -9999.0 -9999.0 -9999.0 -9999.0 -9999.0 -9999.0 -9999.0 -9999.0 -9999.0 -9999.0 -9999.0 -9999.0 -9999.0 -9999.0 -9999.0 -9999.0 -9999.0 -9999.0 -9999.0 -9999.0 -9999.0 -9999.0 -9999.0 -9999.0 -9999.0 -9999.0 -9999.0 -9999.0 -9999.0 -9999.0 -9999.0 -9999.0 -9999.0 -9999.0 -9999.0 -9999.0 -9999.0 -9999.0 -9999.0
-9999.0 -9999.0 -9999.0 -9999.0 -9999.0 -9999.0 -9999.0 -9999.0 -9999.0 -9999.0 -9999.0 -9999.0 -9999.0 -9999.0 -9999.0 -9999.0 -9999.0 -9999.0 -9999.0 -9999.0 -599.013720 -597.926206 -600.685631 -603.916845 -606.560440 -606.806028 -603.793266 -600.165974 -596.042264 -595.100498 -598.168539 -597.534507 -598.690719 -599.250839 -599.213396 -598.357781 -597.962671 -596.609616 -595.702950 -596.005977 -596.970685 -597.700014 -598.264682 -597.989358 -596.972705 -598.392857 -596.247382 -594.027339 -593.175444 -593.366643 -596.561671 -597.976930 -598.532010 -600.859056 -596.628625 -595.184723 -591.783848 -591.348984 -590.892176 -594.726737 -598.492024 -9999.0 -9999.0 -9999.0 -9999.0 -9999.0 -9999.0 -9999.0 -9999.0 -9999.0 -9999.0 -9999.0 -9999.0 -9999.0 -9999.0 -9999.0 -9999.0 -9999.0 -9999.0 -9999.0
-9999.0 -9999.0 -9999.0 -9999.0 -9999.0 -9999.0 -9999.0 -9999.0 -9999.0 -9999.0 -9999.0 -9999.0 -9999.0 -9999.0 -604.889183 -606.259548 -606.875626 -607.110877 -604.403116 -602.147863 -601.809009 -603.235014 -602.234945 -605.146122 -607.669098 -606.125445 -603.715512 -601.498111 -598.089306 -595.537400 -597.745713 -598.284924 -596.999501 -592.629655 -590.519078 -591.335692 -596.134603 -591.576077 -588.976974 -587.274074 -587.487926 -589.677793 -586.441917 -582.674717 -584.483055 -588.463782 -587.733651 -585.456973 -581.761517 -584.134228 -596.511648 -598.223032 -597.779286 -597.756494 -599.424742 -600.545291 -596.233379 -596.667290 -597.485324 -598.623412 -601.514151 -605.825907 -607.657257 -603.374972 -599.161135 -590.927490 -9999.0 -9999.0 -9999.0 -9999.0 -9999.0 -9999.0 -9999.0 -9999.0 -9999.0 -9999.0 -9999.0 -9999.0 -9999.0 -9999.0
-9999.0 -9999.0 -9999.0 -9999.0 -9999.0 -9999.0 -9999.0 -9999.0 -9999.0 -607.633194 -607.935786 -607.524021 -608.313643 -607.063059 -608.868265 -608.371468 -608.581639 -606.718559 -604.984976 -602.202167 -598.760484 -601.064025 -601.338741 -599.579845 -599.187614 -598.261014 -596.417778 -590.457304 -583.236776 -572.528278 -581.051934 -581.418947 -576.438521 -558.498938 -540.123733 -533.767764 -544.171741 -544.005204 -530.624970 -512.738422 -510.589966 -511.638168 -490.727789 -477.707955 -469.621297 -488.588744 -509.310944 -512.598307 -490.668433 -529.683406 -558.899518 -578.472159 -577.737621 -584.775765 -592.354601 -595.305788 -596.172957 -591.234386 -593.331710 -598.267672 -602.283641 -601.522912 -603.591978 -601.528419 -599.755734 -593.400240 -587.494028 -581.857509 -581.583690 -585.111473 -9999.0 -9999.0 -9999.0 -9999.0 -9999.0 -9999.0 -9999.0 -9999.0 -9999.0 -9999.0
-9999.0 -9999.0 -9999.0 -9999.0 -9999.0 -9999.0 -610.518546 -610.602461 -609.757865 -611.900388 -610.136776 -611.136650 -609.784763 -609.060611 -608.058800 -607.782422 -605.387314 -603.104270 -599.305603 -594.233889 -589.541234 -591.533063 -590.222181 -583.434868 -570.484801 -558.069684 -549.273247 -531.228884 -464.787706 -409.103148 -387.826301 -378.848512 -368.816044 -334.455885 -277.598158 -259.990911 -279.170043 -293.798302 -273.858669 -229.395022 -155.268579 -152.943335 -146.794157 -139.835819 -113.247712 -118.412526 -222.437632 -253.062051 -264.769189 -276.480177 -324.348231 -374.779365 -427.017195 -483.595859 -540.809632 -564.654474 -567.983613 -564.238139 -573.611427 -585.477816 -592.541035 -592.922006 -594.407286 -596.748441 -595.656980 -592.976086 -588.953956 -586.499991 -588.443721 -591.209871 -593.510803 -597.589953 -597.019450 -593.100438 -9999.0 -9999.0 -9999.0 -9999.0 -9999.0 -9999.0
-9999.0 -9999.0 -9999.0 -9999.0 -614.248846 -613.161251 -616.278610 -614.419985 -612.867667 -611.594915 -611.270925 -609.063762 -608.207707 -606.482680 -602.991844 -599.962835 -594.867735 -590.692090 -579.902632 -557.658078 -532.699253 -513.944892 -498.305071 -425.956109 -363.782213 -320.484651 -302.733158 -275.054301 -226.230849 -106.345664 -79.355143 -74.307971 -87.857690 -32.586359 -27.192847 34.526888 -10.705283 16.363147 18.944595 26.344264 50.445359 50.993450 51.977867 52.031416 54.090653 55.784244 36.113333 5.542396 -5.506422 -13.128279 -65.496840 -91.362481 -194.567330 -232.080118 -257.709813 -301.820556 -364.177824 -389.826475 -454.812847 -509.642430 -550.195575 -561.801517 -572.573199 -578.395816 -585.328122 -584.308105 -582.653202 -586.201136 -590.885282 -595.276132 -596.129974 -598.087323 -599.946295 -595.034113 -593.006661 -587.466605 -9999.0 -9999.0 -9999.0 -9999.0
-9999.0 -9999.0 -614.738734 -614.388425 -611.261804 -612.890029 -613.887361 -615.306879 -614.483109 -611.308678 -605.154652 -601.903984 -597.277448 -594.473585 -584.016786 -557.807062 -517.697637 -475.067053 -404.252764 -347.531362 -292.166565 -249.303454 -184.446310 -129.634799 -109.118655 -37.085383 -48.761361 4.836100 29.931597 55.900459 80.595670 95.583810 101.536532 94.662124 94.844843 91.753718 91.066184 86.740025 70.838650 68.466064 75.908344 77.831519 81.534502 69.205470 65.451244 77.777376 79.988734 80.025930 82.582148 90.143259 100.889240 72.050146 19.617929 8.310620 -27.536098 -32.317271 -103.413985 -192.658423 -220.036920 -259.983700 -336.456152 -380.850170 -434.740737 -495.643834 -537.459241 -554.030264 -569.190095 -578.351885 -586.549544 -593.796616 -596.217607 -597.751793 -597.016899 -597.520535 -594.856281 -592.678993 -589.694106 -588.467582 -9999.0 -9999.0
-9999.0 -615.943847 -616.608160 -610.967050 -609.392880 -607.842332 -605.866302 -604.161485 -602.362095 -603.896918 -586.960083 -551.811868 -505.925543 -481.158262 -415.414723 -319.055044 -162.688329 -129.185574 -123.352326 -64.925498 -16.203975 21.424019 46.514820 78.238314 101.806732 95.788148 94.375583 92.060737 84.764937 76.865923 66.976814 74.851689 73.384711 58.503467 47.070837 46.538285 26.082449 19.044098 -5.494152 -17.465729 -11.866538 8.667442 -1.045116 -21.171234 -25.036919 -5.548818 9.788370 0.823950 -11.201714 4.156486 33.198039 51.911901 68.286775 81.823308 101.972636 79.999428 47.842291 11.621006 -33.773716 -26.616855 -134.704767 -200.601036 -254.126640 -318.664662 -374.660289 -441.444640 -508.911311 -545.474237 -568.537089 -577.071783 -582.396744 -592.180495 -594.944456 -593.222907 -594.510527 -594.681728 -593.480456 -592.500628 -9999.0 -9999.0
-9999.0 -620.778586 -615.805361 -609.263348 -600.455722 -597.822062 -570.398092 -541.393384 -527.228877 -542.980577 -447.160186 -158.628167 -124.192524 -95.055060 -44.840083 23.900888 64.911540 86.544726 100.881702 90.870733 85.662667 87.424317 82.590188 74.916715 61.104382 53.904808 54.077882 52.087953 35.653737 18.402059 3.276638 2.889657 -11.036247 -44.385985 -94.795254 -111.077762 -155.196429 -182.891416 -218.328621 -243.756151 -255.107673 -234.178304 -245.542883 -264.930646 -268.837022 -244.732294 -212.354739 -219.627523 -216.743912 -194.880348 -148.852972 -63.708142 -41.903868 -17.710321 13.811937 52.662196 70.999713 90.489634 95.795009 71.888706 9.918647 -9.963087 -38.282884 -149.144886 -226.482931 -307.032770 -359.426754 -399.604207 -464.180168 -510.277916 -541.907185 -564.719211 -580.032385 -583.936050 -591.063401 -592.733222 -9999.0 -9999.0 -9999.0 -9999.0
-9999.0 -621.149169 -616.135727 -603.923023 -571.964652 -519.247539 -367.789779 -231.855628 -77.564642 -105.485485 11.530774 84.402590 92.788535 76.892167 51.146825 47.850864 57.138532 59.220514 55.042831 46.558253 36.074625 31.651407 3.316588 23.675342 11.761960 -2.936947 -13.114854 -24.925410 -111.057097 -149.086605 -177.644809 -192.303923 -224.115360 -308.663452 -345.271429 -367.836923 -419.773295 -436.356716 -453.946983 -486.159491 -502.584192 -512.597517 -499.668729 -502.458913 -503.300707 -494.769328 -472.953612 -454.411353 -407.984205 -376.004579 -341.654074 -290.280191 -256.347716 -213.129461 -159.778970 -56.899960 -27.837281 -2.558358 13.240335 72.614610 93.166720 85.964561 57.693661 22.476868 -34.425841 -156.734706 -213.939321 -287.161435 -342.259675 -377.296592 -402.863166 -449.655876 -517.037383 -561.671789 -572.297575 -9999.0 -9999.0 -9999.0 -9999.0 -9999.0
-9999.0 -627.824263 -616.232863 -605.968564 -551.399363 -351.572998 -259.095598 -5.564369 52.000732 -19.072881 -109.717784 -28.389383 -35.859591 5.250846 -20.489686 -35.893073 -34.229416 -34.736188 -23.417149 -77.706054 -136.812260 -153.036874 -154.618157 -165.777277 -187.538951 -205.603243 -219.476331 -240.438681 -294.549667 -337.990280 -392.423410 -417.830685 -493.629769 -540.821750 -559.724944 -574.143162 -586.929817 -586.825573 -583.051169 -586.644571 -590.512002 -594.297674 -589.631705 -587.327014 -585.239246 -587.662151 -586.660785 -579.832797 -567.841748 -553.995102 -529.646439 -485.475613 -433.636721 -379.714667 -351.102106 -298.126217 -251.578426 -204.879635 -129.586090 -9.267109 9.109783 47.806187 83.621114 101.458590 63.074253 25.331407 -39.016658 -158.783999 -261.393834 -305.062238 -320.704413 -339.762053 -376.599173 -9999.0 -9999.0 -9999.0 -9999.0 -9999.0 -9999.0 -9999.0
-9999.0 -631.622532 -619.420653 -616.661474 -598.872838 -557.004215 -461.306254 -349.326017 -190.225573 -299.515077 -312.313614 -284.380830 -253.639979 -232.601561 -256.620338 -291.385880 -315.059656 -311.984974 -311.494949 -335.095996 -361.450983 -372.383279 -372.886180 -379.724052 -406.903610 -427.876796 -442.282995 -468.363816 -504.601280 -539.311237 -571.199327 -585.616379 -595.396668 -599.063239 -601.678527 -604.335137 -608.752717 -606.535368 -604.687460 -605.184797 -606.595040 -607.576203 -604.287404 -602.959516 -601.877624 -604.686721 -602.551155 -600.320542 -595.560501 -590.431173 -583.018338 -571.815931 -556.510941 -543.722069 -533.588706 -510.473921 -466.146271 -397.043467 -325.892108 -229.469045 -156.463614 -72.695176 -12.427804 -12.446169 36.768769 37.650889 47.343478 4.057918 -234.218993 -270.402888 -272.898009 -9999.0 -9999.0 -9999.0 -9999.0 -9999.0 -9999.0 -9999.0 -9999.0 -9999.0
-9999.0 -9999.0 -634.123279 -628.903765 -624.140919 -618.689844 -610.696231 -600.339650 -591.665543 -580.313202 -562.298607 -538.634726 -519.388437 -509.165298 -522.231252 -544.547337 -555.579384 -555.011775 -557.860473 -563.184866 -571.866528 -574.883931 -576.994165 -578.711789 -582.350386 -583.944522 -584.695341 -586.253467 -589.490582 -596.078793 -601.805348 -605.787008 -609.858090 -610.060025 -610.832224 -612.194995 -611.325971 -611.563638 -611.185348 -611.340859 -611.039170 -610.406675 -609.539886 -608.412265 -608.248288 -607.922483 -607.428381 -606.103838 -604.038558 -601.212542 -596.004824 -588.437247 -582.396930 -580.782461 -583.604684 -582.579520 -578.059498 -566.530804 -524.476667 -433.060101 -352.234562 -285.455503 -215.053726 -169.677432 -155.069572 -132.743752 -32.547502 -170.120499 -323.688274 -313.495916 -9999.0 -9999.0 -9999.0 -9999.0 -9999.0 -9999.0 -9999.0 -9999.0 -9999.0 -9999.0
-9999.0 -9999.0 -9999.0 -9999.0 -636.121914 -628.955127 -622.494850 -622.829947 -617.804186 -614.348328 -610.838644 -606.619573 -603.056942 -600.831903 -603.316169 -604.065408 -604.718953 -604.447538 -605.060543 -605.761747 -606.172763 -606.657113 -607.168105 -607.783147 -607.612433 -607.096403 -606.996134 -608.027887 -608.260783 -610.242915 -610.757770 -612.052849 -613.283424 -614.550455 -614.418403 -614.582414 -614.111462 -614.644072 -613.817408 -614.239586 -613.564555 -613.194087 -612.299926 -610.903309 -611.220681 -610.415089 -610.275631 -609.157767 -608.409219 -605.209078 -600.041262 -593.969229 -589.723893 -589.794429 -594.770068 -596.972977 -598.047661 -594.708794 -588.513992 -574.858832 -535.939707 -474.061500 -395.801429 -356.736587 -330.039306 -289.902156 -248.191797 -239.886281 -9999.0 -9999.0 -9999.0 -9999.0 -9999.0 -9999.0 -9999.0 -9999.0 -9999.0 -9999.0 -9999.0 -9999.0
-9999.0 -9999.0 -9999.0 -9999.0 -9999.0 -9999.0 -633.204516 -629.665216 -630.528255 -627.745062 -625.169061 -623.008122 -619.846549 -620.059222 -619.185580 -616.864302 -617.225968 -618.375593 -619.776554 -617.755806 -616.879379 -616.716740 -619.001487 -618.428138 -618.196476 -617.318287 -617.406911 -617.098359 -619.058382 -616.902922 -615.910608 -616.447536 -616.971062 -616.645433 -617.157050 -615.775970 -615.612984 -616.735175 -617.031300 -615.378272 -614.845823 -614.990465 -614.551240 -613.274997 -611.491953 -611.141583 -611.822782 -612.719763 -610.697929 -606.112236 -600.658339 -595.607240 -592.227100 -591.214389 -595.551869 -601.160612 -603.914334 -604.109515 -601.504502 -596.446570 -584.753757 -575.649359 -567.288813 -557.351131 -543.582082 -465.614652 -9999.0 -9999.0 -9999.0 -9999.0 -9999.0 -9999.0 -9999.0 -9999.0 -9999.0 -9999.0 -9999.0 -9999.0 -9999.0 -9999.0
-9999.0 -9999.0 -9999.0 -9999.0 -9999.0 -9999.0 -9999.0 -9999.0 -9999.0 -9999.0 -9999.0 -9999.0 -9999.0 -9999.0 -9999.0 -9999.0 -9999.0 -9999.0 -9999.0 -9999.0 -9999.0 -9999.0 -9999.0 -9999.0 -9999.0 -9999.0 -9999.0 -9999.0 -9999.0 -9999.0 -9999.0 -9999.0 -9999.0 -9999.0 -9999.0 -9999.0 -9999.0 -9999.0 -9999.0 -9999.0 -9999.0 -9999.0 -9999.0 -9999.0 -9999.0 -9999.0 -9999.0 -9999.0 -9999.0 -9999.0 -9999.0 -9999.0 -9999.0 -9999.0 -9999.0 -9999.0 -9999.0 -9999.0 -9999.0 -9999.0 -9999.0 -9999.0 -9999.0 -9999.0 -9999.0 -9999.0 -9999.0 -9999.0 -9999.0 -9999.0 -9999.0 -9999.0 -9999.0 -9999.0 -9999.0 -9999.0 -9999.0 -9999.0 -9999.0 -9999.0
-9999.0 -9999.0 -9999.0 -9999.0 -9999.0 -9999.0 -9999.0 -9999.0 -9999.0 -9999.0 -9999.0 -9999.0 -9999.0 -9999.0 -9999.0 -9999.0 -9999.0 -9999.0 -9999.0 -9999.0 -9999.0 -9999.0 -9999.0 -9999.0 -9999.0 -9999.0 -9999.0 -9999.0 -9999.0 -9999.0 -9999.0 -9999.0 -9999.0 -9999.0 -9999.0 -9999.0 -9999.0 -9999.0 -9999.0 -9999.0 -9999.0 -9999.0 -9999.0 -9999.0 -9999.0 -9999.0 -9999.0 -9999.0 -9999.0 -9999.0 -9999.0 -9999.0 -9999.0 -9999.0 -9999.0 -9999.0 -9999.0 -9999.0 -9999.0 -9999.0 -9999.0 -9999.0 -9999.0 -9999.0 -9999.0 -9999.0 -9999.0 -9999.0 -9999.0 -9999.0 -9999.0 -9999.0 -9999.0 -9999.0 -9999.0 -9999.0 -9999.0 -9999.0 -9999.0 -9999.0