Borden_/Borden1m_014/output_maps/psiliqL0002N0037.asc
ncols         80
nrows         18
xllcorner     620200.000000
yllcorner     5168000.000000
cellsize      1.000000
NODATA_value  -9999.0
-9999.0 -9999.0 -9999.0 -9999.0 -9999.0 -9999.0 -9999.0 -9999.0 -9999.0 -9999.0 -9999.0 -9999.0 -9999.0 -9999.0 -9999.0 -9999.0 -9999.0 -9999.0 -9999.0 -9999.0 -9999.0 -9999.0 -9999.0 -9999.0 -9999.0 -9999.0 -9999.0 -9999.0 -9999.0 -9999.0 -9999.0 -9999.0 -9999.0 -9999.0 -9999.0 -9999.0 -9999.0 -9999.0 -9999.0 -9999.0 -9999.0 -9999.0 -9999.0 -9999.0 -9999.0 -9999.0 -9999.0 -9999.0 -9999.0 -9999.0 -9999.0 -9999.0 -9999.0 -9999.0 -9999.0 -9999.0 -9999.0 -9999.0 -9999.0 -9999.0 -9999.0 -9999.0 -9999.0 -9999.0 -9999.0 -9999.0 -9999.0 -9999.0 -9999.0 -9999.0 -9999.0 -9999.0 -9999.0 -9999.0 -9999.0 -9999.0 -9999.0 -9999.0 -9999.0 -9999.0
-9999.0 -9999.0 -9999.0 -9999.0 -9999.0 -9999.0 -9999.0 -9999.0 -9999.0 -9999.0 -9999.0 -9999.0 -9999.0 -9999.0 -9999.0 -9999.0 -9999.0 -9999.0 -9999.0 -9999.0 -9999.0 -9999.0 -9999.0 -9999.0 -9999.0 -9999.0 -9999.0 -9999.0 -9999.0 -9999.0 -9999.0 -9999.0 -9999.0 -9999.0 -9999.0 -9999.0 -9999.0 -9999.0 -9999.0 -9999.0 -9999.0 -9999.0 -9999.0 -9999.0 -9999.0 -9999.0 -9999.0 -9999.0 -9999.0 -9999.0 -9999.0 -9999.0 -9999.0 -9999.0 -9999.0 -9999.0 -9999.0 -9999.0 -9999.0 -9999.0 -9999.0 -9999.0 -9999.0 -9999.0 -9999.0 -9999.0 -9999.0 -9999.0 -9999.0 -9999.0 -9999.0 -9999.0 -9999.0 -9999.0 -9999.0 -9999.0 -9999.0 -9999.0 -9999.0 -9999.0
-9999.0 -9999.0 -9999.0 -9999.0 -9999.0 -9999.0 -9999.0 -9999.0 -9999.0 -9999.0 -9999.0 -9999.0 -9999.0 -9999.0 -9999.0 -9999.0 -9999.0 -9999.0 -9999.0 -9999.0 -604.344132 -603.419404 -605.573241 -608.037431 -610.071033 -610.292832 -607.989098 -605.258016 -602.113985 -601.416452 -603.856797 -603.320324 -604.263902 -604.734162 -604.727856 -604.059629 -603.757805 -602.723179 -602.042278 -602.297056 -603.048852 -603.606728 -604.093369 -603.895734 -603.077915 -604.184269 -602.504604 -600.790536 -600.143672 -600.241018 -602.661618 -603.706515 -604.095667 -605.954375 -602.575345 -601.484579 -598.834399 -598.529428 -598.107541 -601.096502 -604.006003 -9999.0 -9999.0 -9999.0 -9999.0 -9999.0 -9999.0 -9999.0 -9999.0 -9999.0 -9999.0 -9999.0 -9999.0 -9999.0 -9999.0 -9999.0 -9999.0 -9999.0 -9999.0 -9999.0
-9999.0 -9999.0 -9999.0 -9999.0 -9999.0 -9999.0 -9999.0 -9999.0 -9999.0 -9999.0 -9999.0 -9999.0 -9999.0 -9999.0 -608.593241 -609.698589 -610.202087 -610.456034 -608.390860 -606.716857 -606.549011 -607.701945 -606.829183 -609.108196 -611.083431 -609.869814 -608.064409 -606.474922 -603.925258 -601.963780 -603.712399 -604.139330 -603.146912 -599.699344 -598.066784 -598.740243 -602.625479 -598.979221 -596.967844 -595.634241 -595.798227 -597.575929 -594.981357 -591.956416 -593.444697 -596.631047 -596.049622 -594.267222 -591.287152 -593.069923 -602.901700 -604.119003 -603.699803 -603.607159 -604.903431 -605.816042 -602.391848 -602.796944 -603.411838 -604.179670 -606.322540 -609.615900 -611.035501 -607.708483 -604.537310 -598.101979 -9999.0 -9999.0 -9999.0 -9999.0 -9999.0 -9999.0 -9999.0 -9999.0 -9999.0 -9999.0 -9999.0 -9999.0 -9999.0 -9999.0
-9999.0 -9999.0 -9999.0 -9999.0 -9999.0 -9999.0 -9999.0 -9999.0 -9999.0 -610.575665 -610.862067 -610.549271 -611.232528 -610.257902 -611.777287 -611.395722 -611.609179 -610.208873 -608.971151 -606.903084 -604.226262 -606.108336 -606.336671 -604.914524 -604.609501 -603.945966 -602.619676 -598.007387 -592.425225 -583.805651 -590.820631 -591.109511 -587.139716 -572.314682 -557.239086 -551.957599 -560.549480 -560.569413 -549.804532 -535.191349 -533.677934 -534.732817 -517.078304 -505.408783 -497.578425 -514.976340 -532.617856 -535.319334 -515.804226 -549.010511 -572.536267 -588.744939 -588.017499 -593.619174 -599.582229 -601.848514 -602.592631 -598.602127 -600.229581 -604.038291 -607.101595 -606.335163 -607.961354 -606.371026 -605.107406 -600.193318 -595.624404 -591.162054 -590.936419 -593.761189 -9999.0 -9999.0 -9999.0 -9999.0 -9999.0 -9999.0 -9999.0 -9999.0 -9999.0 -9999.0
-9999.0 -9999.0 -9999.0 -9999.0 -9999.0 -9999.0 -612.659267 -612.770773 -612.141783 -613.960143 -612.594094 -613.466564 -612.425477 -611.916384 -611.201145 -611.068520 -609.242376 -607.569140 -604.718672 -600.862666 -597.235862 -598.911127 -597.915919 -592.567248 -581.986213 -571.682252 -564.629622 -550.398584 -491.870711 -436.058379 -413.909847 -404.150158 -393.389085 -360.898057 -305.692721 -287.837795 -307.499488 -322.851882 -303.623281 -259.054296 -178.714104 -177.042046 -171.240989 -164.471176 -138.272304 -142.900995 -252.149326 -283.212734 -294.621334 -305.697846 -351.679768 -399.344083 -453.465867 -509.592186 -557.872785 -577.177618 -580.182900 -577.264295 -584.771127 -594.179133 -599.674726 -599.861771 -600.969275 -602.860460 -602.018336 -599.990062 -596.852109 -594.905470 -596.426861 -598.534406 -600.210063 -603.402021 -602.932895 -599.847577 -9999.0 -9999.0 -9999.0 -9999.0 -9999.0 -9999.0
-9999.0 -9999.0 -9999.0 -9999.0 -615.621987 -614.751861 -617.300283 -615.837428 -614.653145 -613.723269 -613.589101 -611.912347 -611.350370 -610.093090 -607.442349 -605.187393 -601.302728 -598.207049 -589.762187 -571.605759 -551.327305 -536.155140 -523.614358 -453.100602 -389.198520 -347.836207 -331.151433 -304.216765 -255.105913 -131.107289 -134.579814 -97.889373 -81.328987 -59.012662 -16.518034 9.233103 -3.220496 -8.614545 -7.588331 -0.172830 23.382224 23.853615 24.868614 24.834593 26.737121 28.534872 9.749697 -21.147418 -30.913684 -77.810273 -56.230179 -116.167075 -223.581445 -261.649006 -287.044292 -329.855040 -389.045103 -414.260853 -481.742833 -532.592708 -565.646798 -575.218977 -583.983094 -588.549946 -594.134898 -593.290752 -591.917064 -594.738420 -598.369989 -601.756932 -602.305388 -603.782733 -605.285026 -601.389848 -599.878715 -595.480843 -9999.0 -9999.0 -9999.0 -9999.0
-9999.0 -9999.0 -615.874526 -615.689749 -613.258351 -614.646687 -615.447868 -616.643267 -616.068556 -613.657382 -608.914246 -606.573128 -603.069927 -601.074642 -592.919053 -571.525724 -539.068674 -502.573249 -430.260530 -374.183417 -321.033439 -277.691411 -201.577424 -151.185542 -109.384308 -60.094578 -38.559946 -54.146516 2.950677 28.863269 52.686252 70.034985 74.646075 65.795349 69.068622 63.913531 63.745732 60.209107 43.192157 41.063636 48.659748 49.913187 54.082120 41.419497 38.142385 49.895615 52.819940 52.276243 56.261062 61.610724 74.261758 45.047115 -7.043813 -51.787296 -20.022488 -58.218093 -123.114895 -220.166630 -248.715008 -288.873817 -363.160959 -404.996017 -460.736954 -520.744361 -555.697319 -569.089769 -581.334744 -588.614879 -595.045531 -600.710959 -602.510247 -603.620633 -602.963838 -603.430428 -601.333135 -599.664609 -597.280342 -596.332356 -9999.0 -9999.0
-9999.0 -616.641070 -617.308354 -612.924743 -611.948618 -610.868140 -609.356744 -608.056554 -606.749496 -608.286900 -595.032071 -566.175272 -528.946305 -508.131428 -442.096450 -347.002448 -185.891826 -170.959575 -128.632985 -123.253828 -40.994879 -14.568512 19.611683 52.485447 73.545840 69.821179 67.954772 64.083476 56.650341 49.519397 39.963229 46.537764 45.823094 31.805558 19.988283 19.483634 13.442867 -6.537144 -32.175062 -43.805881 -37.932019 -18.017050 -27.254490 -47.733631 -51.123486 -32.262756 -16.328535 -25.967596 -36.036346 -53.837816 8.689179 24.853339 41.308924 53.830386 75.169256 52.183543 20.773475 -13.891535 -30.472641 -50.940749 -162.922134 -229.310073 -282.312250 -345.922267 -399.379932 -467.238654 -532.348321 -562.247948 -580.857943 -587.555493 -591.668463 -599.448070 -601.555883 -600.094134 -601.116063 -601.243590 -600.295319 -599.537189 -9999.0 -9999.0
-9999.0 -620.402692 -616.504436 -611.603371 -605.119590 -603.518859 -581.137442 -557.234532 -545.777339 -559.326567 -474.229741 -181.192536 -119.397059 -119.838018 -69.188536 -1.340586 39.277590 58.203671 74.536940 62.320488 59.644074 58.875708 55.965809 46.086483 32.967033 26.240936 26.316006 24.867465 8.285736 -8.057194 -22.847321 -55.877052 -36.552374 -69.088774 -108.699761 -126.401972 -181.930352 -211.442644 -247.175557 -273.175125 -285.000493 -264.234247 -275.451313 -294.888939 -298.729749 -274.301619 -241.506322 -248.867111 -245.562291 -223.724396 -177.474086 -88.541716 -67.940001 -73.574122 -10.861181 25.638752 43.179197 63.722974 67.293410 45.631538 8.406857 -68.732716 -63.244005 -177.491366 -254.170415 -333.607411 -383.891088 -421.713676 -488.874206 -532.538264 -558.952047 -577.582530 -589.933894 -592.905736 -598.556453 -599.705800 -9999.0 -9999.0 -9999.0 -9999.0
-9999.0 -620.452852 -616.526376 -607.163409 -582.483967 -538.671622 -392.518620 -258.993538 -94.421501 -133.312860 -11.423624 58.634840 67.520236 50.159593 24.686164 20.718923 29.896001 32.497858 28.227750 19.597107 10.577515 -23.437737 4.821231 -4.342556 -15.353915 -29.330683 -39.519771 -49.861933 -139.978257 -177.998833 -206.073076 -220.940712 -253.145619 -336.684980 -370.952623 -392.138948 -445.657857 -462.982046 -480.784818 -512.092459 -526.538981 -534.909217 -523.848494 -526.496929 -527.350391 -519.874396 -499.619086 -481.576249 -433.318771 -400.548805 -368.271531 -318.703176 -285.036645 -241.707414 -188.324215 -81.737105 -54.493763 -27.620563 9.651731 45.138873 66.341888 57.698644 31.109559 -2.918064 -59.328882 -184.030243 -239.936670 -312.046869 -365.519000 -399.287427 -423.913186 -473.147886 -538.239820 -574.968689 -583.535362 -9999.0 -9999.0 -9999.0 -9999.0 -9999.0
-9999.0 -625.408483 -616.171109 -608.336986 -564.180222 -376.705716 -285.773331 -21.735760 31.757927 -37.589612 -138.214987 -53.149045 -19.982098 -20.350182 -45.144301 -59.033375 -59.798407 -59.767063 -47.990513 -88.763586 -162.463208 -180.754858 -181.716834 -194.362278 -215.762501 -234.064771 -248.177669 -269.240815 -323.079093 -364.670767 -416.149266 -443.187491 -518.428597 -557.788396 -573.049428 -584.801459 -595.118674 -595.002592 -591.942927 -594.824228 -597.855325 -600.894017 -597.211349 -595.450463 -593.792886 -595.758677 -595.047601 -589.666847 -580.140547 -569.018262 -549.358013 -511.850516 -460.465436 -404.333004 -377.303980 -326.594697 -280.511252 -233.375070 -157.748461 -35.389495 -8.056550 20.807937 55.458040 74.537270 36.854065 1.032190 -58.190482 -182.888526 -285.815951 -328.177698 -343.601232 -363.060469 -399.153554 -9999.0 -9999.0 -9999.0 -9999.0 -9999.0 -9999.0 -9999.0
-9999.0 -628.502120 -618.547130 -616.313175 -602.470866 -568.879886 -484.759959 -373.346717 -205.817314 -326.101793 -340.132106 -313.806226 -283.814496 -262.511400 -286.279917 -320.135516 -342.924441 -339.725236 -338.797057 -360.638738 -385.730035 -395.949041 -396.443723 -403.434884 -432.045283 -454.093537 -468.788998 -494.813072 -528.034819 -556.497048 -582.647864 -594.000399 -601.579409 -604.321796 -606.267587 -608.255020 -611.758604 -609.962639 -608.497077 -608.903566 -610.033496 -610.855603 -608.282318 -607.315675 -606.476667 -608.777088 -607.113925 -605.464150 -601.829167 -597.940644 -592.222294 -583.401441 -571.151350 -560.878854 -552.607550 -533.754768 -493.431320 -421.547450 -353.360427 -257.863051 -184.192522 -92.878378 -72.919303 -6.134606 12.089439 18.566160 25.441191 -5.212902 -258.260106 -293.919080 -296.426993 -9999.0 -9999.0 -9999.0 -9999.0 -9999.0 -9999.0 -9999.0 -9999.0 -9999.0
-9999.0 -9999.0 -630.337224 -626.055915 -622.026586 -617.823200 -611.792081 -603.810623 -597.274904 -588.507272 -574.137150 -555.074046 -539.583426 -531.118357 -542.062784 -560.343981 -569.379151 -568.839416 -571.126780 -575.531143 -582.767229 -585.302875 -587.002102 -588.378711 -591.344528 -592.622973 -593.193442 -594.366959 -596.836751 -601.940346 -606.345326 -609.319135 -612.430724 -612.469030 -613.025436 -614.094400 -613.383103 -613.565241 -613.274237 -613.420372 -613.211138 -612.745216 -612.114932 -611.286800 -611.206383 -610.985320 -610.640441 -609.671904 -608.162784 -606.125597 -602.227570 -596.413167 -591.729736 -590.491028 -592.766268 -591.929123 -588.348951 -579.248117 -545.171966 -458.902652 -378.595256 -313.198699 -242.799159 -195.557075 -179.443756 -146.794531 -46.275097 -193.357227 -345.886699 -335.232088 -9999.0 -9999.0 -9999.0 -9999.0 -9999.0 -9999.0 -9999.0 -9999.0 -9999.0 -9999.0
-9999.0 -9999.0 -9999.0 -9999.0 -631.724519 -626.032895 -620.887009 -621.236149 -617.393057 -614.947764 -612.482114 -609.447996 -606.915088 -605.242485 -607.301158 -607.951847 -608.456505 -608.169919 -608.611902 -609.205411 -609.551595 -609.912910 -610.243278 -610.721416 -610.593409 -610.202117 -610.109676 -610.906085 -610.997028 -612.578185 -612.941384 -613.899935 -614.819773 -615.799602 -615.663316 -615.806250 -615.419309 -615.841281 -615.175646 -615.561968 -615.049875 -614.789493 -614.123269 -613.068534 -613.401775 -612.789978 -612.714330 -611.867387 -611.407921 -609.060481 -605.203283 -600.608633 -597.371537 -597.454469 -601.385051 -603.035213 -603.873202 -601.283218 -596.534952 -585.857447 -554.478254 -501.114506 -420.033641 -381.665668 -355.396406 -313.227569 -272.531118 -264.689717 -9999.0 -9999.0 -9999.0 -9999.0 -9999.0 -9999.0 -9999.0 -9999.0 -9999.0 -9999.0 -9999.0 -9999.0
-9999.0 -9999.0 -9999.0 -9999.0 -9999.0 -9999.0 -629.525439 -626.785025 -627.409579 -625.431447 -623.656535 -622.149052 -619.793372 -620.102625 -619.518458 -617.713619 -618.020715 -618.897313 -619.975188 -618.385600 -617.739492 -617.581153 -619.361363 -618.899492 -618.741155 -618.042993 -618.114071 -617.847171 -619.406081 -617.697042 -616.908419 -617.305314 -617.690899 -617.408878 -617.817481 -616.700858 -616.569601 -617.468688 -617.704074 -616.401525 -616.013938 -616.166386 -615.855963 -614.895275 -613.518414 -613.287419 -613.862863 -614.635317 -613.112521 -609.654184 -605.585380 -601.818413 -599.275806 -598.460455 -601.818222 -606.159056 -608.270050 -608.456052 -606.524576 -602.752099 -593.679417 -586.633420 -580.114602 -571.895893 -561.014117 -492.815103 -9999.0 -9999.0 -9999.0 -9999.0 -9999.0 -9999.0 -9999.0 -9999.0 -9999.0 -9999.0 -9999.0 -9999.0 -9999.0 -9999.0
-9999.0 -9999.0 -9999.0 -9999.0 -9999.0 -9999.0 -9999.0 -9999.0 -9999.0 -9999.0 -9999.0 -9999.0 -9999.0 -9999.0 -9999.0 -9999.0 -9999.0 -9999.0 -9999.0 -9999.0 -9999.0 -9999.0 -9999.0 -9999.0 -9999.0 -9999.0 -9999.0 -9999.0 -9999.0 -9999.0 -9999.0 -9999.0 -9999.0 -9999.0 -9999.0 -9999.0 -9999.0 -9999.0 -9999.0 -9999.0 -9999.0 -9999.0 -9999.0 -9999.0 -9999.0 -9999.0 -9999.0 -9999.0 -9999.0 -9999.0 -9999.0 -9999.0 -9999.0 -9999.0 -9999.0 -9999.0 -9999.0 -9999.0 -9999.0 -9999.0 -9999.0 -9999.0 -9999.0 -9999.0 -9999.0 -9999.0 -9999.0 -9999.0 -9999.0 -9999.0 -9999.0 -9999.0 -9999.0 -9999.0 -9999.0 -9999.0 -9999.0 -9999.0 -9999.0 -9999.0
-9999.0 -9999.0 -9999.0 -9999.0 -9999.0 -9999.0 -9999.0 -9999.0 -9999.0 -9999.0 -9999.0 -9999.0 -9999.0 -9999.0 -9999.0 -9999.0 -9999.0 -9999.0 -9999.0 -9999.0 -9999.0 -9999.0 -9999.0 -9999.0 -9999.0 -9999.0 -9999.0 -9999.0 -9999.0 -9999.0 -9999.0 -9999.0 -9999.0 -9999.0 -9999.0 -9999.0 -9999.0 -9999.0 -9999.0 -9999.0 -9999.0 -9999.0 -9999.0 -9999.0 -9999.0 -9999.0 -9999.0 -9999.0 -9999.0 -9999.0 -9999.0 -9999.0 -9999.0 -9999.0 -9999.0 -9999.0 -9999.0 -9999.0 -9999.0 -9999.0 -9999.0 -9999.0 -9999.0 -9999.0 -9999.0 -9999.0 -9999.0 -9999.0 -9999.0 -9999.0 -9999.0 -9999.0 -9999.0 -9999.0 -9999.0 -9999.0 -9999.0 -9999.0 -9999.0 -9999.0