Borden_/Borden1m_014/output_maps/psiliqL0018N0013.asc
ncols         80
nrows         18
xllcorner     620200.000000
yllcorner     5168000.000000
cellsize      1.000000
NODATA_value  -9999.0
-9999.0 -9999.0 -9999.0 -9999.0 -9999.0 -9999.0 -9999.0 -9999.0 -9999.0 -9999.0 -9999.0 -9999.0 -9999.0 -9999.0 -9999.0 -9999.0 -9999.0 -9999.0 -9999.0 -9999.0 -9999.0 -9999.0 -9999.0 -9999.0 -9999.0 -9999.0 -9999.0 -9999.0 -9999.0 -9999.0 -9999.0 -9999.0 -9999.0 -9999.0 -9999.0 -9999.0 -9999.0 -9999.0 -9999.0 -9999.0 -9999.0 -9999.0 -9999.0 -9999.0 -9999.0 -9999.0 -9999.0 -9999.0 -9999.0 -9999.0 -9999.0 -9999.0 -9999.0 -9999.0 -9999.0 -9999.0 -9999.0 -9999.0 -9999.0 -9999.0 -9999.0 -9999.0 -9999.0 -9999.0 -9999.0 -9999.0 -9999.0 -9999.0 -9999.0 -9999.0 -9999.0 -9999.0 -9999.0 -9999.0 -9999.0 -9999.0 -9999.0 -9999.0 -9999.0 -9999.0
-9999.0 -9999.0 -9999.0 -9999.0 -9999.0 -9999.0 -9999.0 -9999.0 -9999.0 -9999.0 -9999.0 -9999.0 -9999.0 -9999.0 -9999.0 -9999.0 -9999.0 -9999.0 -9999.0 -9999.0 -9999.0 -9999.0 -9999.0 -9999.0 -9999.0 -9999.0 -9999.0 -9999.0 -9999.0 -9999.0 -9999.0 -9999.0 -9999.0 -9999.0 -9999.0 -9999.0 -9999.0 -9999.0 -9999.0 -9999.0 -9999.0 -9999.0 -9999.0 -9999.0 -9999.0 -9999.0 -9999.0 -9999.0 -9999.0 -9999.0 -9999.0 -9999.0 -9999.0 -9999.0 -9999.0 -9999.0 -9999.0 -9999.0 -9999.0 -9999.0 -9999.0 -9999.0 -9999.0 -9999.0 -9999.0 -9999.0 -9999.0 -9999.0 -9999.0 -9999.0 -9999.0 -9999.0 -9999.0 -9999.0 -9999.0 -9999.0 -9999.0 -9999.0 -9999.0 -9999.0
-9999.0 -9999.0 -9999.0 -9999.0 -9999.0 -9999.0 -9999.0 -9999.0 -9999.0 -9999.0 -9999.0 -9999.0 -9999.0 -9999.0 -9999.0 -9999.0 -9999.0 -9999.0 -9999.0 -9999.0 1752.825346 1755.634880 1735.018779 1702.960187 1677.014608 1681.300875 1717.295309 1759.897170 1799.837856 1810.383248 1794.042822 1799.582144 1798.298729 1799.457449 1804.382349 1814.166065 1821.227308 1832.933805 1841.239880 1840.146295 1833.369778 1827.935894 1828.590531 1830.835133 1836.431754 1824.503052 1839.265754 1854.463196 1858.316616 1851.809584 1822.815344 1804.856769 1792.556444 1773.745303 1795.974943 1804.919933 1824.873513 1826.471385 1822.530454 1794.153039 1763.196317 -9999.0 -9999.0 -9999.0 -9999.0 -9999.0 -9999.0 -9999.0 -9999.0 -9999.0 -9999.0 -9999.0 -9999.0 -9999.0 -9999.0 -9999.0 -9999.0 -9999.0 -9999.0 -9999.0
-9999.0 -9999.0 -9999.0 -9999.0 -9999.0 -9999.0 -9999.0 -9999.0 -9999.0 -9999.0 -9999.0 -9999.0 -9999.0 -9999.0 1657.789147 1649.559735 1648.366027 1658.240638 1693.310682 1725.076511 1737.484209 1731.388314 1733.114065 1711.351298 1692.675356 1709.024395 1741.034739 1773.808959 1808.943044 1829.333777 1820.065109 1820.746375 1833.646894 1861.862104 1877.117372 1877.140148 1860.305110 1885.347806 1900.460791 1907.074106 1905.319848 1895.688500 1906.262748 1920.768910 1913.798298 1897.960887 1906.091001 1919.302761 1930.022950 1915.899722 1850.332063 1828.821063 1820.441218 1811.064495 1794.301493 1785.805887 1808.958347 1805.678096 1795.187023 1775.543023 1741.255444 1696.057555 1675.747853 1713.101738 1754.986902 1810.360686 -9999.0 -9999.0 -9999.0 -9999.0 -9999.0 -9999.0 -9999.0 -9999.0 -9999.0 -9999.0 -9999.0 -9999.0 -9999.0 -9999.0
-9999.0 -9999.0 -9999.0 -9999.0 -9999.0 -9999.0 -9999.0 -9999.0 -9999.0 1596.833442 1602.673127 1611.156524 1615.084796 1632.066494 1630.396731 1639.125403 1647.203041 1676.538525 1709.502665 1746.511679 1776.702946 1769.852132 1771.971427 1782.812231 1787.106151 1801.974385 1826.565170 1867.703417 1904.585468 1943.854974 1915.437942 1916.065770 1940.634920 1992.980159 2028.073034 2036.905136 2021.271556 2034.029299 2058.362778 2076.926429 2073.818378 2068.804274 2092.163492 2105.529098 2104.216158 2085.167613 2079.132704 2083.206654 2109.269394 2055.986237 1985.307218 1932.347327 1934.588309 1903.959088 1867.143798 1846.121800 1840.086874 1856.471379 1839.202874 1800.353151 1762.762427 1749.036224 1729.080391 1744.776417 1764.817919 1808.771672 1846.203640 1872.952022 1870.441658 1851.622731 -9999.0 -9999.0 -9999.0 -9999.0 -9999.0 -9999.0 -9999.0 -9999.0 -9999.0 -9999.0
-9999.0 -9999.0 -9999.0 -9999.0 -9999.0 -9999.0 1516.864968 1527.742448 1549.450560 1554.399822 1581.519702 1589.884300 1611.893426 1632.646064 1656.565818 1674.483081 1705.648487 1740.599630 1783.411639 1828.912154 1863.449525 1858.994258 1870.741035 1901.048657 1941.799888 1974.388219 2003.491356 2044.323778 2117.866462 2156.697270 2159.966683 2167.412304 2184.345254 2243.785696 2314.695784 2331.810231 2314.455435 2301.996555 2322.761706 2357.087565 2357.798757 2356.667629 2367.765579 2377.188385 2403.447151 2395.257440 2359.193714 2350.167870 2351.742231 2331.054292 2261.470166 2190.937858 2155.045914 2102.135237 2017.202098 1962.063007 1967.627957 1982.973182 1951.980313 1896.463555 1854.424187 1840.999795 1822.780881 1807.545220 1812.162960 1829.063532 1848.610139 1857.455646 1841.896635 1818.416296 1794.107267 1763.443744 1763.630630 1787.427126 -9999.0 -9999.0 -9999.0 -9999.0 -9999.0 -9999.0
-9999.0 -9999.0 -9999.0 -9999.0 1465.691512 1479.893359 1468.305437 1495.461205 1529.757367 1565.623303 1598.183082 1635.822329 1664.468339 1696.662246 1738.261917 1772.685490 1815.190655 1852.935594 1911.072299 1984.284251 2038.865372 2062.563638 2078.199559 2138.290797 2205.821948 2266.428473 2293.034463 2321.590194 2364.174784 2419.867692 2444.406766 2451.944535 2474.400158 2518.903999 2573.660804 2611.777218 2597.613240 2591.138754 2598.434849 2609.467288 2630.653999 2630.306233 2631.310672 2633.996058 2639.816061 2640.161445 2617.938123 2587.092473 2572.911349 2561.823379 2525.871493 2450.823215 2410.517186 2378.531680 2338.969133 2281.154177 2214.024465 2196.762367 2136.478853 2076.670127 2013.814065 1989.579580 1955.580537 1927.321312 1896.513878 1896.048991 1896.823586 1873.212365 1837.296232 1801.976764 1784.208104 1762.760014 1749.014951 1777.163200 1792.999693 1821.820697 -9999.0 -9999.0 -9999.0 -9999.0
-9999.0 -9999.0 1403.929143 1452.828106 1511.790957 1522.286645 1523.312292 1530.975975 1561.491698 1615.567637 1689.964703 1739.196379 1780.580328 1817.461444 1880.024799 1959.804134 2032.755429 2084.146259 2151.769330 2231.966169 2299.996857 2333.548871 2349.282170 2390.856611 2450.183794 2520.516228 2551.923616 2579.330096 2610.440679 2642.199427 2646.038741 2659.309194 2671.029292 2679.925530 2690.362149 2694.875857 2691.480984 2687.666857 2669.977216 2665.728328 2671.934038 2677.673411 2678.123615 2664.576037 2661.125132 2676.067285 2682.481117 2683.221123 2683.196324 2689.999722 2689.844729 2646.139969 2613.690464 2597.165187 2582.686284 2534.244252 2464.777490 2423.203803 2399.719696 2354.215936 2273.743624 2218.282491 2163.332424 2112.422983 2056.375460 2023.548034 1974.312452 1928.328619 1877.987303 1827.773364 1800.211646 1778.658607 1772.713308 1769.256199 1783.134133 1796.466557 1810.400396 1817.463786 -9999.0 -9999.0
-9999.0 1297.949528 1370.801515 1497.491921 1579.948510 1626.487047 1655.920366 1676.889155 1708.013200 1739.684961 1842.315828 1923.519184 2015.461243 2057.440876 2111.783868 2215.745795 2315.671753 2367.019185 2411.482771 2476.536072 2542.273778 2592.288833 2620.223196 2622.924717 2661.229820 2683.054920 2690.412457 2696.006672 2693.165991 2683.606796 2673.752638 2679.118123 2675.476166 2656.598661 2639.523891 2634.929210 2629.393056 2606.398631 2578.647034 2564.541820 2566.976691 2591.858821 2578.871076 2558.294108 2554.781096 2576.715990 2598.846227 2591.684495 2581.253985 2602.142490 2638.287713 2661.418414 2669.101439 2686.021146 2705.726675 2677.385465 2649.372442 2606.537579 2586.461881 2558.103021 2499.512014 2437.285169 2380.104525 2315.882349 2245.071346 2174.689052 2107.428049 2040.041668 1969.565618 1923.401784 1886.753371 1831.554944 1806.325099 1803.746736 1791.749022 1786.259770 1790.050883 1795.423009 -9999.0 -9999.0
-9999.0 1212.793042 1355.187223 1540.113359 1691.544946 1751.785626 1849.088837 1926.537030 1954.195060 1922.250624 2032.280157 2256.298897 2370.822108 2393.476207 2471.348388 2569.605090 2582.899391 2618.151475 2643.450591 2660.860198 2674.064645 2685.383109 2683.524819 2678.773146 2665.686753 2660.467218 2661.440276 2660.234964 2642.998987 2621.989384 2601.138127 2594.039013 2572.130319 2523.833571 2486.173549 2462.786892 2442.506548 2424.772214 2396.130371 2371.152650 2355.702503 2370.819363 2366.776251 2350.591128 2346.919068 2368.907483 2400.630902 2399.497286 2413.126506 2439.077284 2482.882326 2525.065742 2548.866970 2580.174873 2618.458510 2663.497864 2676.797251 2699.011657 2703.600694 2687.969687 2643.934001 2590.581301 2556.844442 2495.027265 2423.077848 2343.118380 2274.988009 2206.381790 2131.646605 2079.251452 2022.786844 1955.226619 1894.113912 1866.179444 1822.413600 1800.634043 -9999.0 -9999.0 -9999.0 -9999.0
-9999.0 1126.858430 1313.402616 1568.748056 1856.434696 1966.004063 2181.720083 2314.590430 2371.151824 2444.051324 2397.878727 2568.311156 2616.137782 2615.634890 2623.347940 2631.799108 2650.109800 2654.123418 2650.794323 2640.333004 2629.907334 2624.071302 2621.523398 2613.850397 2602.660015 2589.608946 2577.381146 2566.087993 2528.530274 2492.124187 2448.537526 2428.701757 2384.806064 2288.314296 2239.702389 2193.593244 2129.813267 2124.369941 2122.806125 2096.484699 2078.362048 2055.786370 2080.546447 2088.130499 2091.382934 2091.888424 2107.034479 2135.058002 2185.298900 2228.697855 2280.794715 2338.339640 2377.513940 2423.914136 2472.146274 2529.380001 2563.851056 2596.315162 2647.042576 2686.991580 2711.640253 2700.548920 2676.777682 2632.205076 2563.589200 2501.320301 2454.146320 2380.937684 2314.644475 2255.838792 2195.571690 2126.355900 2046.080134 1956.893791 1910.013510 -9999.0 -9999.0 -9999.0 -9999.0 -9999.0
-9999.0 934.116802 1201.626279 1485.717445 1794.247769 2137.929029 2295.327106 2422.242031 2498.786858 2478.001874 2495.789108 2516.694350 2561.447212 2572.465450 2555.167272 2547.975960 2536.830996 2536.699817 2547.778290 2517.568096 2482.712253 2464.558802 2461.288083 2448.509056 2425.355303 2410.361897 2401.240457 2382.104220 2333.116248 2276.763917 2184.931223 2145.867140 2064.458961 2010.685371 1963.990571 1909.282786 1856.012596 1855.044497 1874.467436 1862.106222 1841.161939 1823.625971 1851.541046 1871.147254 1884.086097 1871.497218 1880.438838 1917.278147 1969.140722 2017.473805 2072.079532 2130.700223 2180.203293 2232.250677 2270.249859 2324.247580 2376.768929 2427.036552 2504.596949 2587.154646 2628.707080 2665.593103 2698.883287 2717.873006 2669.668948 2626.582588 2580.336567 2524.479681 2451.348942 2403.888913 2366.678936 2296.338234 2222.011737 -9999.0 -9999.0 -9999.0 -9999.0 -9999.0 -9999.0 -9999.0
-9999.0 811.860245 1023.817766 1244.019501 1522.300491 1764.977165 1976.335207 2089.617435 2176.513308 2231.653483 2278.551384 2317.397250 2349.653842 2374.384205 2356.163152 2317.021770 2288.801268 2292.360951 2283.422383 2253.811556 2215.692216 2193.713709 2186.420974 2177.562941 2153.102739 2139.894431 2130.705080 2109.023974 2077.309285 2019.247295 1936.305039 1858.554163 1796.635406 1765.890838 1735.349160 1701.260815 1666.027106 1675.904373 1688.196401 1686.137076 1677.223045 1675.516666 1704.904456 1724.360384 1734.568613 1723.501595 1743.011861 1769.877109 1812.338746 1857.801454 1909.431101 1966.452208 2022.320392 2054.401206 2071.994856 2099.909322 2142.474367 2201.672382 2295.582383 2398.236823 2483.461503 2536.493165 2591.390498 2631.538021 2650.860423 2665.248371 2648.594221 2579.848285 2488.801021 2480.593278 2475.219285 -9999.0 -9999.0 -9999.0 -9999.0 -9999.0 -9999.0 -9999.0 -9999.0 -9999.0
-9999.0 -9999.0 792.515767 963.974164 1092.563081 1270.668242 1422.934436 1537.817865 1636.182864 1763.357023 1877.583047 1966.585931 2012.236951 2030.633412 2018.749642 1989.322556 1969.962793 1968.847591 1955.293195 1940.478683 1915.271670 1902.280092 1886.998225 1876.867506 1867.329206 1862.765301 1858.320426 1847.976120 1826.803299 1779.617208 1731.095818 1678.892927 1625.274375 1599.042841 1576.402366 1554.450326 1553.309067 1548.606370 1554.063997 1556.125473 1563.934885 1577.155035 1597.295252 1619.671290 1629.624551 1639.032227 1651.613258 1675.627801 1709.236063 1752.669705 1808.036150 1867.371146 1908.921851 1923.824761 1916.678046 1923.861629 1946.101154 1992.121434 2077.616656 2168.612214 2274.480677 2353.701564 2433.067302 2494.076862 2518.366017 2541.174404 2566.695898 2526.279411 2397.629193 2436.726458 -9999.0 -9999.0 -9999.0 -9999.0 -9999.0 -9999.0 -9999.0 -9999.0 -9999.0 -9999.0
-9999.0 -9999.0 -9999.0 -9999.0 824.067801 978.278412 1077.142128 1162.189427 1295.387798 1421.218360 1525.334008 1610.927144 1675.112260 1702.498322 1700.509359 1709.202568 1705.582213 1697.913461 1685.835364 1682.729598 1678.951135 1668.397418 1651.341874 1642.847458 1643.672199 1648.976520 1646.648208 1633.255750 1615.213731 1593.571362 1573.464563 1538.608219 1502.369726 1472.605210 1458.837826 1452.950803 1452.301090 1444.981358 1453.611985 1461.402539 1476.948442 1492.332987 1516.172058 1545.384695 1559.447040 1574.370435 1584.170399 1604.754945 1635.587329 1689.609101 1753.897210 1812.794471 1850.149755 1856.143095 1833.546528 1819.965346 1818.273519 1848.997100 1897.490766 1969.115209 2077.508991 2158.304641 2224.107001 2281.032205 2324.294282 2381.360157 2450.432923 2493.219647 -9999.0 -9999.0 -9999.0 -9999.0 -9999.0 -9999.0 -9999.0 -9999.0 -9999.0 -9999.0 -9999.0 -9999.0
-9999.0 -9999.0 -9999.0 -9999.0 -9999.0 -9999.0 787.837863 891.439068 971.113693 1114.222286 1249.033416 1352.647319 1434.265942 1467.437433 1495.827629 1523.705421 1522.224210 1502.689048 1481.540395 1498.543749 1510.760897 1502.545275 1470.557286 1469.509106 1474.240439 1482.303031 1480.126983 1473.890575 1448.800595 1460.771523 1461.411110 1437.519764 1410.947040 1396.707792 1384.399776 1393.641887 1393.572032 1379.712886 1380.014956 1407.108538 1427.647945 1440.873067 1462.647301 1495.936867 1528.408660 1543.833674 1545.319483 1551.485025 1591.358871 1661.925502 1734.332671 1790.690389 1824.280502 1833.626154 1808.164953 1769.817339 1751.466495 1761.031443 1798.882401 1855.124876 1935.910178 1991.007047 2024.284402 2047.313220 2073.727134 2170.708995 -9999.0 -9999.0 -9999.0 -9999.0 -9999.0 -9999.0 -9999.0 -9999.0 -9999.0 -9999.0 -9999.0 -9999.0 -9999.0 -9999.0
-9999.0 -9999.0 -9999.0 -9999.0 -9999.0 -9999.0 -9999.0 -9999.0 -9999.0 -9999.0 -9999.0 -9999.0 -9999.0 -9999.0 -9999.0 -9999.0 -9999.0 -9999.0 -9999.0 -9999.0 -9999.0 -9999.0 -9999.0 -9999.0 -9999.0 -9999.0 -9999.0 -9999.0 -9999.0 -9999.0 -9999.0 -9999.0 -9999.0 -9999.0 -9999.0 -9999.0 -9999.0 -9999.0 -9999.0 -9999.0 -9999.0 -9999.0 -9999.0 -9999.0 -9999.0 -9999.0 -9999.0 -9999.0 -9999.0 -9999.0 -9999.0 -9999.0 -9999.0 -9999.0 -9999.0 -9999.0 -9999.0 -9999.0 -9999.0 -9999.0 -9999.0 -9999.0 -9999.0 -9999.0 -9999.0 -9999.0 -9999.0 -9999.0 -9999.0 -9999.0 -9999.0 -9999.0 -9999.0 -9999.0 -9999.0 -9999.0 -9999.0 -9999.0 -9999.0 -9999.0
-9999.0 -9999.0 -9999.0 -9999.0 -9999.0 -9999.0 -9999.0 -9999.0 -9999.0 -9999.0 -9999.0 -9999.0 -9999.0 -9999.0 -9999.0 -9999.0 -9999.0 -9999.0 -9999.0 -9999.0 -9999.0 -9999.0 -9999.0 -9999.0 -9999.0 -9999.0 -9999.0 -9999.0 -9999.0 -9999.0 -9999.0 -9999.0 -9999.0 -9999.0 -9999.0 -9999.0 -9999.0 -9999.0 -9999.0 -9999.0 -9999.0 -9999.0 -9999.0 -9999.0 -9999.0 -9999.0 -9999.0 -9999.0 -9999.0 -9999.0 -9999.0 -9999.0 -9999.0 -9999.0 -9999.0 -9999.0 -9999.0 -9999.0 -9999.0 -9999.0 -9999.0 -9999.0 -9999.0 -9999.0 -9999.0 -9999.0 -9999.0 -9999.0 -9999.0 -9999.0 -9999.0 -9999.0 -9999.0 -9999.0 -9999.0 -9999.0 -9999.0 -9999.0 -9999.0 -9999.0