Borden_/Borden1m_014/output_maps/psiliqL0000N0029.asc
ncols         80
nrows         18
xllcorner     620200.000000
yllcorner     5168000.000000
cellsize      1.000000
NODATA_value  -9999.0
-9999.0 -9999.0 -9999.0 -9999.0 -9999.0 -9999.0 -9999.0 -9999.0 -9999.0 -9999.0 -9999.0 -9999.0 -9999.0 -9999.0 -9999.0 -9999.0 -9999.0 -9999.0 -9999.0 -9999.0 -9999.0 -9999.0 -9999.0 -9999.0 -9999.0 -9999.0 -9999.0 -9999.0 -9999.0 -9999.0 -9999.0 -9999.0 -9999.0 -9999.0 -9999.0 -9999.0 -9999.0 -9999.0 -9999.0 -9999.0 -9999.0 -9999.0 -9999.0 -9999.0 -9999.0 -9999.0 -9999.0 -9999.0 -9999.0 -9999.0 -9999.0 -9999.0 -9999.0 -9999.0 -9999.0 -9999.0 -9999.0 -9999.0 -9999.0 -9999.0 -9999.0 -9999.0 -9999.0 -9999.0 -9999.0 -9999.0 -9999.0 -9999.0 -9999.0 -9999.0 -9999.0 -9999.0 -9999.0 -9999.0 -9999.0 -9999.0 -9999.0 -9999.0 -9999.0 -9999.0
-9999.0 -9999.0 -9999.0 -9999.0 -9999.0 -9999.0 -9999.0 -9999.0 -9999.0 -9999.0 -9999.0 -9999.0 -9999.0 -9999.0 -9999.0 -9999.0 -9999.0 -9999.0 -9999.0 -9999.0 -9999.0 -9999.0 -9999.0 -9999.0 -9999.0 -9999.0 -9999.0 -9999.0 -9999.0 -9999.0 -9999.0 -9999.0 -9999.0 -9999.0 -9999.0 -9999.0 -9999.0 -9999.0 -9999.0 -9999.0 -9999.0 -9999.0 -9999.0 -9999.0 -9999.0 -9999.0 -9999.0 -9999.0 -9999.0 -9999.0 -9999.0 -9999.0 -9999.0 -9999.0 -9999.0 -9999.0 -9999.0 -9999.0 -9999.0 -9999.0 -9999.0 -9999.0 -9999.0 -9999.0 -9999.0 -9999.0 -9999.0 -9999.0 -9999.0 -9999.0 -9999.0 -9999.0 -9999.0 -9999.0 -9999.0 -9999.0 -9999.0 -9999.0 -9999.0 -9999.0
-9999.0 -9999.0 -9999.0 -9999.0 -9999.0 -9999.0 -9999.0 -9999.0 -9999.0 -9999.0 -9999.0 -9999.0 -9999.0 -9999.0 -9999.0 -9999.0 -9999.0 -9999.0 -9999.0 -9999.0 -598.599924 -597.700320 -599.634626 -601.809658 -603.632738 -603.862437 -601.812284 -599.438233 -596.689846 -596.109078 -598.333566 -597.810730 -598.693847 -599.152703 -599.172408 -598.570580 -598.301411 -597.399023 -596.819793 -597.067297 -597.738448 -598.225369 -598.698860 -598.540735 -597.785269 -598.780231 -597.271396 -595.763547 -595.210396 -595.242452 -597.320942 -598.193020 -598.500126 -600.211703 -597.105358 -596.168476 -593.820143 -593.584741 -593.148645 -595.793915 -598.365382 -9999.0 -9999.0 -9999.0 -9999.0 -9999.0 -9999.0 -9999.0 -9999.0 -9999.0 -9999.0 -9999.0 -9999.0 -9999.0 -9999.0 -9999.0 -9999.0 -9999.0 -9999.0 -9999.0
-9999.0 -9999.0 -9999.0 -9999.0 -9999.0 -9999.0 -9999.0 -9999.0 -9999.0 -9999.0 -9999.0 -9999.0 -9999.0 -9999.0 -602.124043 -603.162844 -603.643631 -603.941575 -602.106356 -600.669465 -600.609270 -601.688314 -600.813653 -602.887038 -604.696182 -603.582948 -602.011527 -600.706104 -598.520444 -596.803191 -598.385117 -598.772386 -597.900103 -594.809508 -593.391321 -594.022100 -597.595284 -594.275700 -592.525764 -591.359187 -591.501105 -593.129432 -590.795196 -588.080818 -589.454671 -592.311911 -591.780262 -590.213375 -587.534375 -588.998611 -597.817953 -598.782983 -598.339082 -598.182247 -599.338363 -600.190309 -597.063315 -597.490213 -598.015792 -598.588362 -600.410654 -603.331055 -604.618310 -601.602146 -598.853113 -593.116232 -9999.0 -9999.0 -9999.0 -9999.0 -9999.0 -9999.0 -9999.0 -9999.0 -9999.0 -9999.0 -9999.0 -9999.0 -9999.0 -9999.0
-9999.0 -9999.0 -9999.0 -9999.0 -9999.0 -9999.0 -9999.0 -9999.0 -9999.0 -603.784501 -604.090915 -603.813204 -604.499953 -603.610852 -605.104357 -604.761369 -605.006211 -603.774154 -602.754386 -600.978024 -598.579602 -600.350083 -600.570631 -599.254430 -598.995931 -598.463691 -597.385922 -593.340967 -588.532300 -580.873829 -587.286373 -587.545175 -584.029083 -570.510138 -557.343376 -552.849362 -560.189773 -560.327408 -551.469694 -539.956371 -539.497695 -540.508962 -527.170736 -518.321305 -511.688119 -525.418716 -538.288314 -540.291076 -524.302627 -550.778653 -570.604542 -585.425957 -584.625878 -589.553038 -594.811569 -596.770615 -597.493520 -593.827669 -595.252263 -598.598658 -601.282864 -600.433156 -601.913818 -600.489978 -599.463772 -595.122037 -591.135383 -587.184269 -586.979296 -589.506120 -9999.0 -9999.0 -9999.0 -9999.0 -9999.0 -9999.0 -9999.0 -9999.0 -9999.0 -9999.0
-9999.0 -9999.0 -9999.0 -9999.0 -9999.0 -9999.0 -605.537736 -605.681822 -605.131248 -606.944530 -605.694736 -606.584107 -605.642069 -605.228424 -604.633188 -604.592419 -602.973165 -601.558135 -599.102170 -595.765218 -592.602094 -594.204858 -593.360297 -588.665865 -579.052492 -569.668387 -563.611503 -552.097764 -505.192213 -449.499988 -424.276521 -411.617392 -396.431731 -368.688342 -315.011281 -261.663869 -318.459992 -338.362340 -322.754102 -280.361836 -191.503797 -190.573130 -185.684850 -178.863311 -152.882420 -157.005548 -274.091934 -304.803283 -314.383966 -323.084022 -361.805127 -402.348339 -466.051691 -520.013544 -557.967551 -574.659660 -577.655104 -575.272059 -581.793340 -590.046554 -594.843032 -594.896120 -595.823342 -597.560308 -596.810678 -595.067596 -592.302356 -590.563634 -591.899866 -593.703927 -595.066890 -597.918475 -597.475387 -594.703617 -9999.0 -9999.0 -9999.0 -9999.0 -9999.0 -9999.0
-9999.0 -9999.0 -9999.0 -9999.0 -608.322993 -607.497866 -609.971570 -608.599839 -607.528541 -606.728777 -606.718741 -605.226475 -604.813001 -603.749182 -601.419250 -599.506464 -596.136025 -593.562982 -586.210123 -569.877442 -552.529413 -540.644234 -532.339707 -467.615098 -394.246511 -358.162279 -345.122763 -322.290839 -274.057157 -145.926612 -119.843323 -146.956847 -97.001897 -108.700774 -33.479619 0.208835 -18.384728 -24.802410 -22.723693 -15.814125 7.132324 7.363730 8.369878 8.250501 10.147951 12.314565 -6.390820 -36.483371 -86.794863 -53.729960 -71.357463 -130.663391 -241.506796 -281.128235 -306.058790 -343.002811 -392.793057 -417.878106 -495.500853 -537.983164 -564.772626 -573.353106 -581.163187 -585.067161 -590.069269 -589.272458 -587.984014 -590.486342 -593.648571 -596.606668 -596.979820 -598.251501 -599.649066 -596.105965 -594.833690 -590.887727 -9999.0 -9999.0 -9999.0 -9999.0
-9999.0 -9999.0 -608.436008 -608.354066 -606.114025 -607.509068 -608.282563 -609.473144 -609.001850 -606.835453 -602.565696 -600.646806 -597.621514 -596.029351 -588.895748 -569.614440 -543.250334 -515.954256 -440.534287 -382.187603 -337.087609 -296.497583 -205.562719 -166.771920 -123.548716 -76.792123 -54.775566 -35.091047 -13.993500 12.360918 37.106655 53.919703 55.061115 53.530742 48.846052 49.607744 46.008183 43.688989 26.738069 24.781145 31.936082 33.383733 37.337466 24.839349 21.568947 33.270583 36.159547 36.179750 38.524866 46.524028 57.702503 28.948226 -22.936947 -33.191553 -35.612746 -73.072035 -133.571357 -235.506113 -266.417235 -306.300645 -371.061299 -406.319488 -472.347181 -529.161703 -556.791808 -568.189488 -578.861936 -585.203420 -590.801376 -595.791729 -597.299511 -598.203649 -597.536112 -598.023227 -596.134851 -594.684633 -592.526442 -591.702661 -9999.0 -9999.0
-9999.0 -608.994633 -609.761441 -605.727135 -605.070205 -604.209960 -602.893920 -601.770717 -600.678588 -602.362051 -590.560697 -565.180385 -534.946797 -520.233467 -455.388798 -360.629960 -200.355210 -168.337673 -143.272107 -104.531112 -57.596177 -20.050244 3.365267 35.012585 58.699555 51.006101 50.953833 47.519902 40.686066 32.635603 22.817506 29.919711 29.202249 15.441751 3.382918 3.117615 0.900062 -22.993418 -47.430183 -59.281909 -54.193014 -33.090529 -43.122327 -63.220926 -67.091263 -47.889486 -32.420024 -41.298778 -87.066338 -37.690980 -7.556610 8.250744 24.668967 37.765027 58.493639 35.942932 4.191647 -34.323536 -44.061054 -66.688472 -178.454259 -243.701967 -296.662133 -355.869318 -401.844478 -478.413759 -538.371607 -562.471733 -578.523682 -584.250272 -587.744856 -594.686014 -596.492334 -595.075067 -595.993455 -596.099966 -595.248535 -594.583753 -9999.0 -9999.0
-9999.0 -612.531964 -608.882253 -604.559430 -599.035835 -598.058306 -577.546619 -556.410158 -547.851481 -559.414911 -489.772051 -193.857121 -134.110691 -134.084863 -83.724084 -17.336849 23.026407 43.317902 58.079960 47.025934 41.451146 43.989342 38.678125 30.645015 17.344216 9.921081 10.311388 8.338801 -8.709664 -24.803295 -39.434608 -38.902311 -51.921569 -85.074794 -114.904596 -128.923785 -150.069341 -222.072865 -264.677918 -293.460096 -306.423595 -286.683988 -297.276340 -315.669048 -319.205389 -295.532035 -261.960044 -267.580723 -262.153907 -238.272966 -193.193690 -102.944210 -83.994426 -59.105036 -27.356081 8.716605 26.824003 45.977853 52.913314 28.260913 -7.900191 -52.042968 -78.520456 -192.572404 -266.603187 -341.682905 -385.754603 -418.727066 -499.047996 -537.385193 -559.198677 -575.477831 -586.372661 -588.841150 -593.867911 -594.720919 -9999.0 -9999.0 -9999.0 -9999.0
-9999.0 -612.399295 -608.738434 -600.331588 -578.819140 -540.509101 -395.986259 -272.854948 -94.467075 -150.077558 -24.019642 43.921359 51.907722 34.487463 8.318621 4.556545 13.371487 15.431195 11.654494 2.579468 -6.503242 -9.678071 -11.085161 -18.762500 -30.282917 -44.526160 -54.638272 -64.747571 -157.309178 -194.374012 -221.757502 -238.390497 -271.696495 -349.709716 -377.279770 -395.546555 -458.687370 -476.826858 -494.259373 -522.047339 -533.097000 -539.529928 -530.784211 -533.123549 -533.946556 -528.159441 -511.666330 -495.757202 -441.529337 -402.667792 -375.632278 -333.140047 -300.978829 -256.755198 -204.061520 -96.871014 -69.977432 -75.958370 -5.671756 29.114785 49.600316 41.719540 13.889503 -18.756535 -74.245473 -196.790031 -248.508646 -313.305766 -362.833267 -395.019423 -418.609336 -480.292154 -541.896866 -572.997181 -580.501368 -9999.0 -9999.0 -9999.0 -9999.0 -9999.0
-9999.0 -616.930216 -608.069244 -601.078875 -561.248914 -382.682673 -296.919370 -21.292723 28.465208 -38.919930 -154.383775 -67.159814 -34.937976 -35.126354 -59.880284 -69.837146 -74.733970 -75.531085 -62.944241 -92.969829 -174.741059 -193.421089 -195.428067 -208.081909 -231.325222 -250.710338 -265.515382 -286.841336 -337.742672 -372.529662 -417.801584 -452.733110 -526.766306 -557.779880 -570.914676 -581.474462 -590.754805 -590.606772 -587.808901 -590.379757 -593.050628 -595.817735 -592.519228 -591.002790 -589.522023 -591.323775 -590.778132 -586.056306 -577.764772 -568.067257 -551.500037 -522.472524 -473.614712 -406.386547 -383.237549 -340.834751 -297.781572 -249.422561 -174.187450 -50.104207 -24.264189 4.048988 39.589217 58.347083 20.869832 -13.610443 -67.331754 -188.898887 -283.880608 -321.315374 -338.582920 -361.772160 -396.665875 -9999.0 -9999.0 -9999.0 -9999.0 -9999.0 -9999.0 -9999.0
-9999.0 -619.973905 -610.182930 -608.120207 -595.566527 -565.568806 -493.371027 -378.195338 -205.054905 -337.293689 -351.803037 -330.748096 -304.296667 -283.823924 -306.048272 -335.551767 -354.567697 -351.130615 -349.501089 -367.167940 -387.765489 -396.187384 -396.827887 -404.951136 -440.795593 -466.494273 -481.892024 -506.958089 -533.991608 -556.624632 -579.812221 -589.689554 -596.288687 -598.606447 -600.258342 -601.969644 -605.201805 -603.497907 -602.144206 -602.524729 -603.574032 -604.370463 -602.020796 -601.207169 -600.454148 -602.634513 -601.131137 -599.732327 -596.560270 -593.229916 -588.297851 -580.640679 -570.027392 -561.352328 -554.235094 -539.348118 -507.130547 -425.583762 -363.760601 -273.640408 -199.518693 -103.317624 -53.886015 -21.508720 -3.057264 5.117025 14.456295 -8.001778 -256.467717 -285.959021 -289.891498 -9999.0 -9999.0 -9999.0 -9999.0 -9999.0 -9999.0 -9999.0 -9999.0 -9999.0
-9999.0 -9999.0 -621.661726 -617.427556 -613.397743 -609.540044 -604.166391 -596.924891 -591.330139 -583.609367 -570.941935 -554.594167 -542.081003 -535.475607 -544.238254 -559.523846 -567.396006 -566.843512 -568.825610 -572.782257 -579.428553 -581.837719 -583.381402 -584.620902 -587.284827 -588.412585 -588.885738 -589.856046 -591.952717 -596.430419 -600.303112 -602.865648 -605.641801 -605.563029 -606.027081 -607.009735 -606.313694 -606.481187 -606.218455 -606.373259 -606.199138 -605.792547 -605.257285 -604.544041 -604.513599 -604.338268 -604.061945 -603.240256 -601.966217 -600.281160 -596.944566 -591.891929 -587.841323 -586.796929 -588.849324 -588.094768 -584.969165 -577.147839 -548.232287 -469.776052 -385.604062 -326.661746 -256.363331 -207.640451 -186.115432 -110.476212 -51.950814 -196.730134 -331.153711 -318.674736 -9999.0 -9999.0 -9999.0 -9999.0 -9999.0 -9999.0 -9999.0 -9999.0 -9999.0 -9999.0
-9999.0 -9999.0 -9999.0 -9999.0 -622.889164 -617.365383 -612.395024 -612.817847 -609.269367 -607.205144 -605.166345 -602.613924 -600.524472 -599.069869 -601.024802 -601.649544 -602.092273 -601.768843 -602.138153 -602.709861 -603.037028 -603.349944 -603.593679 -604.027352 -603.908771 -603.555785 -603.456705 -604.175311 -604.174721 -605.641551 -605.925688 -606.753388 -607.558179 -608.453472 -608.292764 -608.432632 -608.054313 -608.453242 -607.817879 -608.225209 -607.762863 -607.548804 -606.963075 -606.021586 -606.405215 -605.857211 -605.819714 -605.068327 -604.763618 -602.760079 -599.434594 -595.464010 -592.675884 -592.778835 -596.302007 -597.711146 -598.468479 -596.184756 -592.094839 -582.861362 -555.727178 -513.901979 -423.418655 -384.921587 -360.634829 -318.413175 -275.844714 -265.592106 -9999.0 -9999.0 -9999.0 -9999.0 -9999.0 -9999.0 -9999.0 -9999.0 -9999.0 -9999.0 -9999.0 -9999.0
-9999.0 -9999.0 -9999.0 -9999.0 -9999.0 -9999.0 -620.815301 -618.205744 -618.784560 -617.040984 -615.534852 -614.254815 -612.132480 -612.536363 -612.057814 -610.370992 -610.672922 -611.475788 -612.475046 -610.973055 -610.393206 -610.219129 -611.882436 -611.434534 -611.301296 -610.638961 -610.706669 -610.432593 -611.910776 -610.279005 -609.521271 -609.866302 -610.200112 -609.906305 -610.292874 -609.215172 -609.088687 -609.948922 -610.176186 -608.949359 -608.613469 -608.792905 -608.537191 -607.679826 -606.421465 -606.246495 -606.818210 -607.600113 -606.252678 -603.197646 -599.683264 -596.471253 -594.304557 -593.560922 -596.512728 -600.371050 -602.247133 -602.453113 -600.810494 -597.609072 -589.688015 -583.687187 -578.216383 -570.749107 -561.678525 -506.689062 -9999.0 -9999.0 -9999.0 -9999.0 -9999.0 -9999.0 -9999.0 -9999.0 -9999.0 -9999.0 -9999.0 -9999.0 -9999.0 -9999.0
-9999.0 -9999.0 -9999.0 -9999.0 -9999.0 -9999.0 -9999.0 -9999.0 -9999.0 -9999.0 -9999.0 -9999.0 -9999.0 -9999.0 -9999.0 -9999.0 -9999.0 -9999.0 -9999.0 -9999.0 -9999.0 -9999.0 -9999.0 -9999.0 -9999.0 -9999.0 -9999.0 -9999.0 -9999.0 -9999.0 -9999.0 -9999.0 -9999.0 -9999.0 -9999.0 -9999.0 -9999.0 -9999.0 -9999.0 -9999.0 -9999.0 -9999.0 -9999.0 -9999.0 -9999.0 -9999.0 -9999.0 -9999.0 -9999.0 -9999.0 -9999.0 -9999.0 -9999.0 -9999.0 -9999.0 -9999.0 -9999.0 -9999.0 -9999.0 -9999.0 -9999.0 -9999.0 -9999.0 -9999.0 -9999.0 -9999.0 -9999.0 -9999.0 -9999.0 -9999.0 -9999.0 -9999.0 -9999.0 -9999.0 -9999.0 -9999.0 -9999.0 -9999.0 -9999.0 -9999.0
-9999.0 -9999.0 -9999.0 -9999.0 -9999.0 -9999.0 -9999.0 -9999.0 -9999.0 -9999.0 -9999.0 -9999.0 -9999.0 -9999.0 -9999.0 -9999.0 -9999.0 -9999.0 -9999.0 -9999.0 -9999.0 -9999.0 -9999.0 -9999.0 -9999.0 -9999.0 -9999.0 -9999.0 -9999.0 -9999.0 -9999.0 -9999.0 -9999.0 -9999.0 -9999.0 -9999.0 -9999.0 -9999.0 -9999.0 -9999.0 -9999.0 -9999.0 -9999.0 -9999.0 -9999.0 -9999.0 -9999.0 -9999.0 -9999.0 -9999.0 -9999.0 -9999.0 -9999.0 -9999.0 -9999.0 -9999.0 -9999.0 -9999.0 -9999.0 -9999.0 -9999.0 -9999.0 -9999.0 -9999.0 -9999.0 -9999.0 -9999.0 -9999.0 -9999.0 -9999.0 -9999.0 -9999.0 -9999.0 -9999.0 -9999.0 -9999.0 -9999.0 -9999.0 -9999.0 -9999.0