Borden_/Borden1m_014/output_maps/psiliqL0003N0031.asc
ncols         80
nrows         18
xllcorner     620200.000000
yllcorner     5168000.000000
cellsize      1.000000
NODATA_value  -9999.0
-9999.0 -9999.0 -9999.0 -9999.0 -9999.0 -9999.0 -9999.0 -9999.0 -9999.0 -9999.0 -9999.0 -9999.0 -9999.0 -9999.0 -9999.0 -9999.0 -9999.0 -9999.0 -9999.0 -9999.0 -9999.0 -9999.0 -9999.0 -9999.0 -9999.0 -9999.0 -9999.0 -9999.0 -9999.0 -9999.0 -9999.0 -9999.0 -9999.0 -9999.0 -9999.0 -9999.0 -9999.0 -9999.0 -9999.0 -9999.0 -9999.0 -9999.0 -9999.0 -9999.0 -9999.0 -9999.0 -9999.0 -9999.0 -9999.0 -9999.0 -9999.0 -9999.0 -9999.0 -9999.0 -9999.0 -9999.0 -9999.0 -9999.0 -9999.0 -9999.0 -9999.0 -9999.0 -9999.0 -9999.0 -9999.0 -9999.0 -9999.0 -9999.0 -9999.0 -9999.0 -9999.0 -9999.0 -9999.0 -9999.0 -9999.0 -9999.0 -9999.0 -9999.0 -9999.0 -9999.0
-9999.0 -9999.0 -9999.0 -9999.0 -9999.0 -9999.0 -9999.0 -9999.0 -9999.0 -9999.0 -9999.0 -9999.0 -9999.0 -9999.0 -9999.0 -9999.0 -9999.0 -9999.0 -9999.0 -9999.0 -9999.0 -9999.0 -9999.0 -9999.0 -9999.0 -9999.0 -9999.0 -9999.0 -9999.0 -9999.0 -9999.0 -9999.0 -9999.0 -9999.0 -9999.0 -9999.0 -9999.0 -9999.0 -9999.0 -9999.0 -9999.0 -9999.0 -9999.0 -9999.0 -9999.0 -9999.0 -9999.0 -9999.0 -9999.0 -9999.0 -9999.0 -9999.0 -9999.0 -9999.0 -9999.0 -9999.0 -9999.0 -9999.0 -9999.0 -9999.0 -9999.0 -9999.0 -9999.0 -9999.0 -9999.0 -9999.0 -9999.0 -9999.0 -9999.0 -9999.0 -9999.0 -9999.0 -9999.0 -9999.0 -9999.0 -9999.0 -9999.0 -9999.0 -9999.0 -9999.0
-9999.0 -9999.0 -9999.0 -9999.0 -9999.0 -9999.0 -9999.0 -9999.0 -9999.0 -9999.0 -9999.0 -9999.0 -9999.0 -9999.0 -9999.0 -9999.0 -9999.0 -9999.0 -9999.0 -9999.0 -581.178984 -580.039946 -582.775785 -585.953192 -588.582645 -588.857400 -585.883565 -582.353130 -578.323004 -577.450239 -580.536156 -579.850641 -581.031213 -581.648895 -581.652480 -580.789361 -580.376101 -579.067938 -578.207645 -578.538546 -579.499651 -580.206401 -580.782393 -580.538529 -579.499381 -580.945515 -578.798274 -576.620168 -575.812924 -575.936076 -578.996337 -580.316850 -580.827378 -583.193315 -578.904881 -577.520593 -574.178573 -573.785717 -573.282347 -577.043768 -580.742341 -9999.0 -9999.0 -9999.0 -9999.0 -9999.0 -9999.0 -9999.0 -9999.0 -9999.0 -9999.0 -9999.0 -9999.0 -9999.0 -9999.0 -9999.0 -9999.0 -9999.0 -9999.0 -9999.0
-9999.0 -9999.0 -9999.0 -9999.0 -9999.0 -9999.0 -9999.0 -9999.0 -9999.0 -9999.0 -9999.0 -9999.0 -9999.0 -9999.0 -586.736199 -588.139087 -588.780042 -589.090381 -586.417198 -584.235988 -583.995458 -585.457878 -584.369495 -587.301552 -589.867505 -588.311089 -585.957568 -583.875813 -580.590365 -578.114604 -580.311144 -580.850029 -579.610305 -575.322594 -573.318836 -574.161145 -578.986211 -574.405325 -571.908208 -570.292102 -570.504942 -572.708936 -569.550253 -565.859403 -567.683973 -571.586798 -570.801020 -568.565270 -564.955712 -567.096962 -579.303992 -580.826443 -580.319925 -580.211742 -581.864713 -582.999263 -578.640003 -579.143623 -579.925812 -580.936997 -583.716456 -587.980675 -589.826058 -585.516781 -581.428798 -573.310483 -9999.0 -9999.0 -9999.0 -9999.0 -9999.0 -9999.0 -9999.0 -9999.0 -9999.0 -9999.0 -9999.0 -9999.0 -9999.0 -9999.0
-9999.0 -9999.0 -9999.0 -9999.0 -9999.0 -9999.0 -9999.0 -9999.0 -9999.0 -589.360808 -589.697396 -589.289621 -590.144642 -588.885482 -590.822703 -590.326024 -590.610176 -588.769406 -587.141568 -584.458939 -581.049430 -583.416516 -583.712932 -581.967011 -581.661749 -580.833132 -579.115949 -573.320609 -566.485889 -556.150962 -564.630889 -565.014413 -560.214459 -542.773586 -525.957380 -520.331227 -529.656187 -529.580811 -518.066653 -503.285030 -502.591679 -503.799845 -486.516673 -475.255142 -467.611799 -484.528057 -500.884817 -503.340538 -483.578599 -517.169874 -543.097043 -562.174649 -561.189430 -567.916748 -575.203851 -577.991338 -578.887754 -573.912931 -575.938420 -580.751482 -584.665707 -583.758655 -585.842336 -583.766446 -582.110324 -575.872262 -570.131743 -564.621054 -564.355930 -567.824816 -9999.0 -9999.0 -9999.0 -9999.0 -9999.0 -9999.0 -9999.0 -9999.0 -9999.0 -9999.0
-9999.0 -9999.0 -9999.0 -9999.0 -9999.0 -9999.0 -592.131671 -592.247217 -591.410308 -593.741167 -591.943586 -593.058383 -591.709507 -591.041177 -590.080393 -589.906131 -587.569924 -585.396017 -581.747711 -576.870424 -572.344498 -574.463955 -573.247709 -566.777778 -554.154005 -542.157100 -534.146333 -518.830835 -460.524803 -403.311055 -379.263007 -367.638268 -354.158892 -324.391746 -269.651584 -239.580396 -272.806516 -291.422977 -274.628180 -231.051992 -150.397078 -148.687585 -143.007639 -136.085427 -110.094834 -115.558241 -224.614219 -255.740435 -265.832772 -275.505115 -316.837717 -360.162437 -420.295015 -477.982258 -526.811290 -548.477313 -551.895999 -548.405299 -557.162922 -568.557686 -575.339504 -575.574191 -576.962818 -579.290113 -578.175980 -575.576528 -571.643588 -569.216566 -571.109676 -573.766001 -575.900975 -579.934501 -579.342055 -575.455940 -9999.0 -9999.0 -9999.0 -9999.0 -9999.0 -9999.0
-9999.0 -9999.0 -9999.0 -9999.0 -595.982594 -594.849403 -598.164631 -596.232542 -594.670622 -593.429138 -593.240321 -591.079504 -590.337378 -588.697391 -585.315023 -582.502942 -577.629443 -573.746311 -563.415014 -541.984214 -519.612173 -504.253192 -492.906517 -421.344751 -351.189413 -313.192902 -298.879710 -274.492635 -225.273658 -103.622547 -76.112731 -72.415767 -51.120517 -29.752963 11.094825 38.200459 24.839697 20.265750 20.999726 29.024645 52.959694 53.472680 54.502825 54.503246 56.554721 58.258518 38.527731 7.716385 -38.861201 -10.539422 -28.214230 -88.369507 -192.834748 -232.203229 -257.741352 -297.014451 -350.030792 -375.082185 -449.897822 -500.554758 -535.188466 -546.054341 -556.268036 -561.667843 -568.382452 -567.274571 -565.546604 -568.998510 -573.540547 -577.805518 -578.527568 -580.414551 -582.321519 -577.389876 -575.464188 -569.993238 -9999.0 -9999.0 -9999.0 -9999.0
-9999.0 -9999.0 -596.374843 -596.124989 -592.934544 -594.718846 -595.817836 -597.365326 -596.588169 -593.419860 -587.354660 -584.390151 -580.011359 -577.439633 -567.370184 -542.099275 -508.085651 -472.640939 -395.741001 -337.943799 -289.963412 -247.885305 -165.556290 -139.295828 -80.163081 -67.610823 -11.687423 -24.127628 31.873569 58.049041 83.815968 97.096759 106.237898 96.951021 98.239817 94.716964 93.377197 90.426601 72.939534 71.149621 78.246602 80.328734 84.173718 71.501085 67.896533 80.154991 82.516954 82.768866 83.482667 92.989012 104.077380 74.549430 21.787995 -21.268685 7.564735 -65.663835 -90.861253 -187.281280 -217.593803 -258.171803 -326.605012 -364.366223 -426.852862 -488.663093 -524.194715 -538.793514 -552.852769 -561.542463 -569.419566 -576.490890 -578.772698 -580.187549 -579.374322 -579.947786 -577.290576 -575.181075 -572.206813 -571.020271 -9999.0 -9999.0
-9999.0 -597.530516 -598.354420 -592.641837 -591.289803 -589.896095 -588.143649 -586.630864 -584.915187 -586.648092 -570.094704 -537.137652 -498.050783 -478.253886 -409.924330 -314.835668 -160.384669 -142.581951 -101.163830 -95.436583 -52.468279 24.145243 48.624680 80.399495 105.659521 97.570676 97.676482 93.975306 86.958630 79.802791 68.551111 77.424817 75.054671 61.083108 49.749063 48.878849 46.234367 23.084280 -3.284377 -14.738472 -9.575628 11.087537 1.512592 -18.909117 -22.578134 -3.218582 12.281338 3.255390 -39.161719 6.784385 38.323364 54.644550 70.726479 83.741029 105.131932 81.767186 50.533563 14.863341 0.385849 -23.801458 -130.942011 -195.930096 -249.122618 -310.116111 -359.158217 -432.956175 -500.035405 -531.236770 -552.404233 -560.383047 -565.378609 -574.964244 -577.572950 -575.740643 -577.000727 -577.160839 -575.971832 -575.016666 -9999.0 -9999.0
-9999.0 -602.666269 -597.554809 -591.128369 -582.673352 -580.649310 -553.557583 -526.378183 -515.321788 -529.525268 -445.052841 -156.118685 -94.775688 -92.511971 -40.865346 26.597645 67.363644 88.599729 104.169571 93.286596 86.974898 90.125979 86.247465 77.381471 63.799765 56.471710 56.071002 54.469345 37.945024 21.019288 -22.509036 4.886781 -39.697992 -41.363338 -72.607908 -86.996392 -124.949486 -174.856129 -215.891086 -244.008579 -256.898504 -236.813623 -247.807089 -266.538679 -270.175243 -246.126898 -212.539574 -219.161145 -214.171035 -190.963549 -145.300838 -59.355140 -39.532513 -42.482525 18.496606 55.309053 73.291214 93.116958 98.860965 74.467333 36.227702 -6.985555 -35.000484 -144.632752 -219.555569 -296.269905 -342.908708 -378.278444 -454.845991 -499.668070 -527.513172 -548.659197 -563.275468 -566.815515 -573.794607 -575.233838 -9999.0 -9999.0 -9999.0 -9999.0
-9999.0 -603.076129 -597.977684 -585.928056 -554.830744 -506.094779 -353.652192 -225.993098 -61.618503 -101.833352 14.059091 86.879281 96.250354 79.303692 53.677165 50.277281 59.931227 61.951409 58.085719 48.911374 34.926894 35.603966 34.435883 26.560014 14.748607 0.462230 -10.427719 -21.050909 -108.439823 -145.900358 -173.810797 -189.671630 -222.903581 -303.467966 -333.391685 -352.931178 -412.710799 -430.902783 -448.946422 -480.433091 -494.553659 -503.005300 -491.804080 -494.417897 -495.289809 -488.061410 -468.170470 -450.010504 -397.049098 -360.286520 -331.124050 -285.830071 -252.915481 -209.065422 -156.039227 -52.940047 -25.413461 0.979806 39.640313 75.532045 95.669576 88.729457 60.445881 26.414433 -31.263942 -149.464721 -202.677897 -270.458189 -321.329357 -354.415326 -379.024499 -436.802879 -505.580559 -545.412838 -555.485864 -9999.0 -9999.0 -9999.0 -9999.0 -9999.0
-9999.0 -610.237079 -598.081390 -588.035724 -534.794202 -340.453003 -250.986214 11.063195 66.059975 -3.367037 -105.573902 -25.555108 7.445990 7.956477 -16.462958 -26.444343 -30.805999 -31.559611 -19.062687 -50.571890 -127.530098 -146.052749 -148.154431 -160.313978 -183.132258 -202.237752 -216.847148 -238.220159 -290.508498 -327.934589 -375.969106 -408.294357 -486.879735 -526.724525 -543.811007 -557.693389 -570.190230 -569.992041 -566.159568 -569.628243 -573.386591 -577.164239 -572.529985 -570.279977 -568.210264 -570.678126 -569.802454 -563.193261 -551.808471 -538.937484 -517.522635 -480.087472 -427.293029 -363.962242 -339.274926 -293.842670 -249.349472 -201.100177 -125.528759 -6.351041 20.610098 50.308262 85.526300 104.623631 65.936494 28.968806 -25.560593 -143.740188 -242.305070 -281.314081 -297.510935 -319.534427 -355.507121 -9999.0 -9999.0 -9999.0 -9999.0 -9999.0 -9999.0 -9999.0
-9999.0 -614.202329 -601.341791 -598.829375 -581.255925 -540.519502 -451.887886 -336.485540 -173.835192 -292.147087 -306.258447 -283.297486 -255.335489 -234.415137 -257.356970 -288.615444 -309.035775 -305.599571 -304.232032 -323.235470 -345.585238 -354.728695 -355.342375 -363.098187 -396.326161 -420.859057 -436.303074 -462.989349 -495.782865 -525.170113 -555.011646 -568.840229 -578.243757 -581.633924 -584.096533 -586.632899 -591.058376 -588.737818 -586.869164 -587.353223 -588.759466 -589.768718 -586.451980 -585.173868 -584.098552 -586.997604 -584.857574 -582.737833 -578.118197 -573.195692 -566.085074 -555.411678 -541.150455 -529.821291 -520.931674 -501.746438 -462.104300 -382.789325 -318.228866 -225.606622 -151.365566 -60.781715 -41.071572 22.042488 40.616590 50.584487 56.753328 24.572527 -214.738559 -246.498513 -249.622450 -9999.0 -9999.0 -9999.0 -9999.0 -9999.0 -9999.0 -9999.0 -9999.0 -9999.0
-9999.0 -9999.0 -616.920425 -611.506845 -606.682541 -601.281836 -593.418234 -583.102396 -574.576596 -563.154160 -545.671778 -523.985177 -507.586397 -499.049685 -510.170957 -529.633654 -539.735619 -539.132644 -541.780657 -546.844049 -555.328087 -558.360050 -560.436176 -562.106929 -565.634795 -567.138951 -567.815238 -569.240184 -572.267925 -578.651359 -584.169086 -587.984157 -591.982749 -592.050248 -592.762838 -594.112501 -593.141875 -593.399393 -593.025990 -593.192534 -592.877721 -592.241228 -591.412693 -590.307735 -590.182817 -589.861017 -589.409796 -588.147024 -586.186195 -583.518195 -578.502400 -571.160443 -565.351338 -563.851263 -566.684660 -565.740305 -561.490129 -550.787291 -513.421330 -424.808857 -341.352241 -279.567120 -209.049307 -160.880746 -139.074189 -69.551908 -14.377435 -152.726353 -295.690255 -282.855575 -9999.0 -9999.0 -9999.0 -9999.0 -9999.0 -9999.0 -9999.0 -9999.0 -9999.0 -9999.0
-9999.0 -9999.0 -9999.0 -9999.0 -619.144581 -611.597456 -604.764608 -605.230764 -600.015056 -596.551222 -593.131701 -589.021532 -585.560967 -583.377253 -585.877371 -586.524598 -587.120463 -586.816017 -587.412944 -588.090795 -588.454480 -588.915918 -589.404321 -590.012705 -589.807377 -589.260086 -589.137094 -590.163637 -590.319650 -592.264023 -592.665781 -593.895315 -595.072560 -596.340001 -596.158663 -596.305665 -595.800256 -596.361617 -595.501038 -595.962482 -595.275248 -594.922876 -594.041647 -592.641189 -593.026904 -592.219994 -592.116994 -591.023124 -590.389879 -587.307958 -582.300434 -576.412626 -572.312326 -572.417485 -577.348582 -579.486232 -580.599295 -577.366898 -571.494324 -558.579958 -523.017749 -469.667916 -380.744381 -342.032369 -316.875943 -273.888580 -232.626082 -223.472627 -9999.0 -9999.0 -9999.0 -9999.0 -9999.0 -9999.0 -9999.0 -9999.0 -9999.0 -9999.0 -9999.0 -9999.0
-9999.0 -9999.0 -9999.0 -9999.0 -9999.0 -9999.0 -615.966354 -612.206681 -613.211308 -610.263230 -607.565975 -605.369089 -602.129936 -602.399360 -601.468481 -599.026640 -599.383766 -600.571579 -602.039043 -599.906493 -598.969180 -598.783197 -601.166148 -600.538426 -600.288364 -599.375428 -599.468162 -599.115872 -601.146011 -598.829417 -597.741981 -598.256617 -598.756071 -598.372095 -598.895226 -597.433561 -597.260382 -598.441593 -598.769810 -597.043931 -596.510189 -596.696153 -596.284835 -595.009853 -593.201210 -592.873588 -593.608466 -594.600945 -592.628994 -588.113629 -582.814621 -577.950239 -574.703214 -573.693936 -577.935552 -583.482498 -586.218499 -586.481542 -584.018071 -579.226978 -567.932657 -559.416603 -551.867214 -542.470303 -530.471656 -461.420135 -9999.0 -9999.0 -9999.0 -9999.0 -9999.0 -9999.0 -9999.0 -9999.0 -9999.0 -9999.0 -9999.0 -9999.0 -9999.0 -9999.0
-9999.0 -9999.0 -9999.0 -9999.0 -9999.0 -9999.0 -9999.0 -9999.0 -9999.0 -9999.0 -9999.0 -9999.0 -9999.0 -9999.0 -9999.0 -9999.0 -9999.0 -9999.0 -9999.0 -9999.0 -9999.0 -9999.0 -9999.0 -9999.0 -9999.0 -9999.0 -9999.0 -9999.0 -9999.0 -9999.0 -9999.0 -9999.0 -9999.0 -9999.0 -9999.0 -9999.0 -9999.0 -9999.0 -9999.0 -9999.0 -9999.0 -9999.0 -9999.0 -9999.0 -9999.0 -9999.0 -9999.0 -9999.0 -9999.0 -9999.0 -9999.0 -9999.0 -9999.0 -9999.0 -9999.0 -9999.0 -9999.0 -9999.0 -9999.0 -9999.0 -9999.0 -9999.0 -9999.0 -9999.0 -9999.0 -9999.0 -9999.0 -9999.0 -9999.0 -9999.0 -9999.0 -9999.0 -9999.0 -9999.0 -9999.0 -9999.0 -9999.0 -9999.0 -9999.0 -9999.0
-9999.0 -9999.0 -9999.0 -9999.0 -9999.0 -9999.0 -9999.0 -9999.0 -9999.0 -9999.0 -9999.0 -9999.0 -9999.0 -9999.0 -9999.0 -9999.0 -9999.0 -9999.0 -9999.0 -9999.0 -9999.0 -9999.0 -9999.0 -9999.0 -9999.0 -9999.0 -9999.0 -9999.0 -9999.0 -9999.0 -9999.0 -9999.0 -9999.0 -9999.0 -9999.0 -9999.0 -9999.0 -9999.0 -9999.0 -9999.0 -9999.0 -9999.0 -9999.0 -9999.0 -9999.0 -9999.0 -9999.0 -9999.0 -9999.0 -9999.0 -9999.0 -9999.0 -9999.0 -9999.0 -9999.0 -9999.0 -9999.0 -9999.0 -9999.0 -9999.0 -9999.0 -9999.0 -9999.0 -9999.0 -9999.0 -9999.0 -9999.0 -9999.0 -9999.0 -9999.0 -9999.0 -9999.0 -9999.0 -9999.0 -9999.0 -9999.0 -9999.0 -9999.0 -9999.0 -9999.0