Borden_/Borden1m_014/output_maps/psiliqL0016N0027.asc
ncols         80
nrows         18
xllcorner     620200.000000
yllcorner     5168000.000000
cellsize      1.000000
NODATA_value  -9999.0
-9999.0 -9999.0 -9999.0 -9999.0 -9999.0 -9999.0 -9999.0 -9999.0 -9999.0 -9999.0 -9999.0 -9999.0 -9999.0 -9999.0 -9999.0 -9999.0 -9999.0 -9999.0 -9999.0 -9999.0 -9999.0 -9999.0 -9999.0 -9999.0 -9999.0 -9999.0 -9999.0 -9999.0 -9999.0 -9999.0 -9999.0 -9999.0 -9999.0 -9999.0 -9999.0 -9999.0 -9999.0 -9999.0 -9999.0 -9999.0 -9999.0 -9999.0 -9999.0 -9999.0 -9999.0 -9999.0 -9999.0 -9999.0 -9999.0 -9999.0 -9999.0 -9999.0 -9999.0 -9999.0 -9999.0 -9999.0 -9999.0 -9999.0 -9999.0 -9999.0 -9999.0 -9999.0 -9999.0 -9999.0 -9999.0 -9999.0 -9999.0 -9999.0 -9999.0 -9999.0 -9999.0 -9999.0 -9999.0 -9999.0 -9999.0 -9999.0 -9999.0 -9999.0 -9999.0 -9999.0
-9999.0 -9999.0 -9999.0 -9999.0 -9999.0 -9999.0 -9999.0 -9999.0 -9999.0 -9999.0 -9999.0 -9999.0 -9999.0 -9999.0 -9999.0 -9999.0 -9999.0 -9999.0 -9999.0 -9999.0 -9999.0 -9999.0 -9999.0 -9999.0 -9999.0 -9999.0 -9999.0 -9999.0 -9999.0 -9999.0 -9999.0 -9999.0 -9999.0 -9999.0 -9999.0 -9999.0 -9999.0 -9999.0 -9999.0 -9999.0 -9999.0 -9999.0 -9999.0 -9999.0 -9999.0 -9999.0 -9999.0 -9999.0 -9999.0 -9999.0 -9999.0 -9999.0 -9999.0 -9999.0 -9999.0 -9999.0 -9999.0 -9999.0 -9999.0 -9999.0 -9999.0 -9999.0 -9999.0 -9999.0 -9999.0 -9999.0 -9999.0 -9999.0 -9999.0 -9999.0 -9999.0 -9999.0 -9999.0 -9999.0 -9999.0 -9999.0 -9999.0 -9999.0 -9999.0 -9999.0
-9999.0 -9999.0 -9999.0 -9999.0 -9999.0 -9999.0 -9999.0 -9999.0 -9999.0 -9999.0 -9999.0 -9999.0 -9999.0 -9999.0 -9999.0 -9999.0 -9999.0 -9999.0 -9999.0 -9999.0 1349.965134 1352.793252 1331.732431 1299.202290 1272.596508 1276.257117 1312.165000 1355.025774 1395.401901 1406.732775 1390.372858 1394.635720 1391.417708 1390.691795 1393.646015 1401.401664 1406.745500 1418.339052 1427.335088 1427.655996 1422.499908 1418.426740 1419.812070 1422.824523 1428.025513 1415.687577 1428.701703 1442.551697 1446.007744 1439.407580 1411.002943 1394.070176 1383.122574 1365.424083 1388.140283 1397.934407 1418.866633 1421.327581 1418.054565 1389.902771 1359.081804 -9999.0 -9999.0 -9999.0 -9999.0 -9999.0 -9999.0 -9999.0 -9999.0 -9999.0 -9999.0 -9999.0 -9999.0 -9999.0 -9999.0 -9999.0 -9999.0 -9999.0 -9999.0 -9999.0
-9999.0 -9999.0 -9999.0 -9999.0 -9999.0 -9999.0 -9999.0 -9999.0 -9999.0 -9999.0 -9999.0 -9999.0 -9999.0 -9999.0 1256.196195 1247.621342 1246.094177 1255.672375 1290.333433 1321.521189 1333.858444 1327.433876 1328.807700 1306.561005 1287.207616 1302.676688 1334.211216 1367.624463 1404.074936 1425.859352 1416.535343 1415.990229 1426.647054 1452.011895 1464.846132 1462.758219 1444.094038 1468.333195 1484.554355 1493.574862 1494.196209 1486.810881 1499.785862 1515.383599 1508.106379 1490.347102 1495.128983 1505.967568 1516.132893 1501.413994 1436.817185 1416.636831 1410.091947 1401.385330 1385.199683 1377.182688 1401.065710 1399.139400 1389.280491 1369.909238 1335.946628 1290.936235 1271.214704 1308.818250 1351.217067 1407.169263 -9999.0 -9999.0 -9999.0 -9999.0 -9999.0 -9999.0 -9999.0 -9999.0 -9999.0 -9999.0 -9999.0 -9999.0 -9999.0 -9999.0
-9999.0 -9999.0 -9999.0 -9999.0 -9999.0 -9999.0 -9999.0 -9999.0 -9999.0 1195.000317 1200.573422 1209.013436 1212.745087 1229.645847 1228.121189 1236.565149 1244.678976 1273.322417 1305.678255 1341.914712 1371.651216 1364.257353 1366.296453 1377.269395 1381.151250 1394.415633 1418.023363 1460.349859 1501.277027 1543.718822 1516.740310 1516.102793 1536.533374 1583.505095 1615.409953 1622.143941 1604.262773 1614.729536 1640.515985 1663.096045 1664.073889 1662.773119 1688.673778 1703.038572 1702.483618 1681.009824 1668.560901 1668.082269 1691.873444 1638.867275 1571.256100 1521.105087 1524.523171 1493.490952 1455.199833 1434.258604 1429.792665 1448.011638 1431.298382 1392.510633 1354.886516 1342.094882 1323.046233 1338.965809 1359.534116 1404.078233 1441.462364 1468.467618 1466.489633 1447.997032 -9999.0 -9999.0 -9999.0 -9999.0 -9999.0 -9999.0 -9999.0 -9999.0 -9999.0 -9999.0
-9999.0 -9999.0 -9999.0 -9999.0 -9999.0 -9999.0 1114.442296 1124.967472 1146.442578 1151.856880 1178.699820 1187.252115 1209.272363 1230.000500 1253.394266 1271.222044 1302.497877 1337.008527 1379.152837 1423.423214 1456.939309 1453.147648 1465.361800 1496.486516 1535.632648 1565.016879 1591.894890 1634.135580 1712.428026 1756.384438 1763.881766 1770.126707 1781.052759 1830.502366 1894.649332 1909.368470 1888.927661 1874.713186 1895.991439 1933.568403 1940.312569 1942.965415 1954.873476 1964.866144 1990.183022 1979.170380 1938.033664 1923.051418 1920.351924 1901.656467 1838.620638 1774.981430 1740.966890 1689.286360 1604.427582 1549.553747 1556.362406 1573.320535 1542.411467 1486.341625 1443.937197 1431.492322 1414.517692 1399.696810 1404.406805 1421.676345 1441.827907 1451.105748 1436.217470 1413.439829 1389.383416 1359.450544 1360.367746 1384.817323 -9999.0 -9999.0 -9999.0 -9999.0 -9999.0 -9999.0
-9999.0 -9999.0 -9999.0 -9999.0 1063.222088 1076.948617 1065.429226 1091.944150 1125.973807 1161.642997 1194.649818 1232.723228 1261.614812 1293.752184 1335.559353 1370.723481 1413.865761 1451.353742 1507.648401 1577.347419 1630.088994 1655.394829 1672.872121 1732.562837 1794.882904 1847.976903 1870.223865 1899.452972 1945.598375 2007.446384 2035.790596 2043.456341 2061.845560 2098.412379 2146.866959 2180.502933 2163.622779 2155.525222 2162.291017 2175.019096 2199.732281 2202.152643 2204.710645 2207.550710 2212.030722 2209.962352 2183.994685 2149.223383 2133.718669 2123.152603 2091.918318 2021.886880 1981.413022 1949.436517 1912.900220 1859.528308 1796.488605 1780.904391 1721.804280 1661.982276 1598.427900 1575.603352 1543.408447 1515.983016 1485.204063 1484.835644 1485.825929 1462.904518 1428.214199 1394.003644 1377.360858 1357.234442 1344.990977 1374.140307 1390.878809 1420.490117 -9999.0 -9999.0 -9999.0 -9999.0
-9999.0 -9999.0 1002.446866 1051.313457 1109.303199 1119.049473 1120.128500 1127.397083 1157.579292 1211.484831 1287.402789 1338.230344 1381.432478 1417.885526 1479.591098 1559.316356 1632.711840 1683.611944 1745.933866 1817.741602 1881.281979 1916.261862 1935.283538 1975.903468 2030.909194 2094.096785 2121.737146 2149.144126 2181.830000 2217.292908 2227.573857 2241.970431 2251.253242 2255.537919 2262.402945 2264.635376 2259.405867 2253.137490 2234.088571 2229.991236 2237.268254 2243.392742 2244.961087 2231.750001 2227.802555 2241.133032 2244.669288 2242.914863 2241.502612 2248.109032 2250.453287 2210.092210 2174.190469 2157.491166 2145.560655 2100.079867 2034.637878 1992.593635 1968.000467 1923.330775 1844.772910 1793.149096 1741.645569 1691.897823 1637.997274 1605.573927 1556.826537 1511.889190 1462.956172 1414.674405 1389.444374 1370.143814 1366.465767 1365.116431 1380.322065 1394.755243 1409.409929 1416.826021 -9999.0 -9999.0
-9999.0 898.071224 970.672622 1097.067267 1178.035813 1223.261059 1254.111067 1276.889529 1307.518492 1336.844746 1441.573914 1527.903840 1620.298987 1660.765174 1713.373608 1812.066313 1908.154620 1955.970752 1996.079731 2054.335660 2116.032037 2165.110983 2195.177034 2204.024065 2239.330901 2254.910513 2258.879340 2263.018448 2260.227602 2252.953939 2244.836197 2251.186560 2247.355285 2228.113514 2211.695856 2208.026129 2201.449483 2175.533319 2145.385114 2129.328575 2131.097641 2154.092711 2141.959935 2121.571032 2118.033825 2139.527100 2159.611552 2151.266972 2139.988605 2158.833024 2194.295139 2217.430025 2227.083654 2243.934535 2264.477054 2238.393749 2210.371969 2167.574484 2146.692294 2116.464867 2057.122007 1995.343822 1939.669065 1878.101408 1810.680967 1742.041028 1677.021952 1613.314066 1545.155872 1502.159418 1469.599015 1418.632724 1397.007228 1397.662961 1387.821249 1383.855273 1388.886671 1394.732660 -9999.0 -9999.0
-9999.0 815.671066 957.971882 1142.314805 1291.263161 1349.637069 1448.540406 1526.790471 1555.671005 1527.066013 1636.136374 1855.727923 1962.032745 1982.396732 2056.648076 2147.080519 2164.060871 2197.738129 2221.310030 2234.224307 2244.832141 2256.375627 2255.993839 2251.348624 2237.154648 2229.388189 2227.685904 2224.096319 2205.520633 2185.218537 2166.604142 2161.338901 2141.428853 2095.768299 2061.817625 2043.460329 2025.562843 2004.415892 1970.490446 1942.332580 1926.270383 1940.854006 1934.669290 1918.487327 1915.020796 1937.290986 1970.107400 1967.552690 1977.494372 2000.557115 2041.114710 2081.845176 2105.532376 2136.857017 2174.770207 2220.334090 2235.743338 2257.610061 2261.530736 2242.983590 2197.687103 2144.073119 2108.202622 2043.935138 1969.963513 1890.160207 1823.536541 1759.314132 1688.334116 1640.760998 1593.009997 1534.953789 1480.753835 1457.748543 1417.439682 1397.244512 -9999.0 -9999.0 -9999.0 -9999.0
-9999.0 733.861788 921.059369 1177.434924 1456.400775 1564.343273 1769.342340 1897.379179 1954.413676 2023.495295 1991.957905 2147.020725 2189.753592 2187.979286 2190.862642 2196.860039 2213.926519 2218.416870 2215.971730 2206.943050 2198.663696 2195.221153 2194.179017 2186.541369 2173.760841 2157.923680 2143.219911 2128.698660 2089.245097 2054.558086 2016.844273 2000.605473 1959.512866 1866.962714 1823.619038 1786.442923 1728.314498 1721.468138 1715.298889 1686.062112 1665.591397 1643.756168 1666.324046 1671.647017 1674.656522 1677.898769 1695.066502 1720.705555 1766.941909 1804.680507 1849.879954 1903.258205 1939.327541 1983.949503 2030.872182 2087.732688 2121.866926 2154.159756 2202.938751 2242.455673 2265.738238 2253.594688 2225.514359 2176.734582 2103.352834 2034.439175 1982.121034 1906.541111 1840.710981 1787.346737 1741.234533 1689.993235 1624.649703 1545.934604 1503.680389 -9999.0 -9999.0 -9999.0 -9999.0 -9999.0
-9999.0 549.032300 816.253203 1101.743679 1411.606938 1741.833730 1880.645480 2006.354691 2078.540083 2047.827052 2056.948602 2077.496371 2120.850293 2131.462920 2113.876625 2106.367684 2095.730038 2096.660542 2110.305530 2084.592842 2055.350410 2042.006007 2041.358125 2029.106707 2004.970034 1987.093228 1973.752979 1951.779016 1902.572856 1850.303495 1767.529688 1735.497614 1658.026082 1602.523749 1558.172943 1508.269608 1457.423696 1455.803551 1472.641812 1457.530455 1434.813557 1416.208954 1443.013133 1461.290406 1473.987556 1462.792512 1472.501388 1509.211562 1559.497064 1604.480337 1655.305960 1711.126457 1758.830231 1807.522366 1840.345754 1891.434051 1940.587460 1988.721574 2063.510265 2143.395518 2181.678253 2216.721820 2248.061415 2261.587870 2206.904534 2154.046995 2097.726908 2032.121407 1949.463129 1902.808148 1878.028559 1836.676961 1781.258237 -9999.0 -9999.0 -9999.0 -9999.0 -9999.0 -9999.0 -9999.0
-9999.0 424.325430 640.218828 865.566005 1146.509125 1384.139948 1582.944411 1690.821741 1770.030363 1809.482588 1846.622466 1882.173691 1913.996428 1938.341292 1918.581232 1880.173086 1852.410793 1857.294634 1853.112452 1829.876976 1800.641439 1785.750709 1782.835553 1775.350658 1750.315040 1735.032307 1723.169104 1699.211058 1664.717050 1608.130532 1528.660619 1455.449531 1394.305746 1362.736265 1333.095874 1300.461527 1265.124039 1274.893894 1286.888255 1283.173022 1272.630496 1269.755583 1298.843169 1318.021313 1328.345613 1317.225706 1336.868968 1363.928440 1405.940457 1449.648786 1499.494437 1555.530388 1610.254680 1640.475920 1655.309253 1681.942670 1722.889768 1778.267827 1865.278590 1960.580119 2039.251228 2088.519866 2139.153902 2172.064374 2183.582154 2190.668323 2161.061475 2076.534373 1966.146767 1956.712925 1955.983623 -9999.0 -9999.0 -9999.0 -9999.0 -9999.0 -9999.0 -9999.0 -9999.0 -9999.0
-9999.0 -9999.0 407.707293 582.881756 717.489875 896.165523 1046.446840 1157.033620 1247.125805 1362.333831 1468.286584 1552.749564 1597.686747 1615.905016 1602.420983 1570.109983 1549.521432 1549.815731 1539.794857 1529.315966 1509.478106 1501.412970 1489.934153 1481.204137 1470.729180 1464.563791 1458.358526 1446.018881 1423.174080 1375.900125 1327.378179 1275.995808 1222.655838 1196.873506 1174.759949 1153.115638 1151.646330 1147.436685 1152.799859 1154.130886 1160.912698 1173.449499 1193.511809 1215.577182 1225.476720 1234.542840 1247.298496 1271.330280 1304.767548 1347.470939 1401.907882 1460.205485 1500.741921 1514.358417 1505.750916 1511.985584 1533.677208 1577.591913 1659.593802 1744.815904 1840.859425 1912.523556 1983.706660 2035.029733 2049.729734 2062.223260 2072.211262 2011.062780 1817.375740 1897.846489 -9999.0 -9999.0 -9999.0 -9999.0 -9999.0 -9999.0 -9999.0 -9999.0 -9999.0 -9999.0
-9999.0 -9999.0 -9999.0 -9999.0 441.944896 596.511540 693.741139 777.267675 906.141443 1026.152597 1125.878395 1208.579146 1270.155120 1296.582143 1292.361777 1297.678813 1293.280722 1287.420108 1277.874796 1276.767379 1275.443724 1267.840759 1253.485219 1245.755936 1246.127483 1250.420401 1247.248648 1232.945985 1214.623362 1191.563915 1170.831948 1136.211173 1100.024331 1070.591235 1057.194329 1051.268926 1050.872184 1043.861058 1052.462981 1059.645832 1074.756479 1089.935198 1113.682521 1142.665918 1156.444303 1171.299645 1181.201768 1201.931532 1232.570858 1286.222119 1349.937302 1408.108155 1444.406919 1449.414175 1425.454085 1410.829780 1408.201774 1437.253920 1483.517773 1552.193957 1654.965562 1729.253132 1787.559010 1832.329965 1863.624032 1907.027386 1952.685877 1980.314539 -9999.0 -9999.0 -9999.0 -9999.0 -9999.0 -9999.0 -9999.0 -9999.0 -9999.0 -9999.0 -9999.0 -9999.0
-9999.0 -9999.0 -9999.0 -9999.0 -9999.0 -9999.0 400.879745 502.154246 582.751859 720.082424 849.118348 949.408963 1029.046630 1060.315474 1086.151013 1112.695189 1110.877497 1092.796496 1074.038324 1092.605124 1106.055462 1100.121877 1070.159273 1069.439186 1073.840918 1081.764703 1079.212053 1072.386254 1046.918495 1057.801687 1058.012119 1034.471799 1008.179799 994.063469 982.054550 991.536544 991.678925 978.051842 978.667906 1005.323890 1025.480575 1038.605836 1060.446233 1093.656586 1126.017057 1141.243574 1142.708293 1148.984549 1189.270173 1259.704741 1331.521216 1387.132008 1419.897744 1428.420998 1401.720605 1362.283539 1342.580880 1350.541252 1386.303962 1440.089271 1517.034635 1567.375460 1594.526283 1608.999009 1627.966146 1718.191943 -9999.0 -9999.0 -9999.0 -9999.0 -9999.0 -9999.0 -9999.0 -9999.0 -9999.0 -9999.0 -9999.0 -9999.0 -9999.0 -9999.0
-9999.0 -9999.0 -9999.0 -9999.0 -9999.0 -9999.0 -9999.0 -9999.0 -9999.0 -9999.0 -9999.0 -9999.0 -9999.0 -9999.0 -9999.0 -9999.0 -9999.0 -9999.0 -9999.0 -9999.0 -9999.0 -9999.0 -9999.0 -9999.0 -9999.0 -9999.0 -9999.0 -9999.0 -9999.0 -9999.0 -9999.0 -9999.0 -9999.0 -9999.0 -9999.0 -9999.0 -9999.0 -9999.0 -9999.0 -9999.0 -9999.0 -9999.0 -9999.0 -9999.0 -9999.0 -9999.0 -9999.0 -9999.0 -9999.0 -9999.0 -9999.0 -9999.0 -9999.0 -9999.0 -9999.0 -9999.0 -9999.0 -9999.0 -9999.0 -9999.0 -9999.0 -9999.0 -9999.0 -9999.0 -9999.0 -9999.0 -9999.0 -9999.0 -9999.0 -9999.0 -9999.0 -9999.0 -9999.0 -9999.0 -9999.0 -9999.0 -9999.0 -9999.0 -9999.0 -9999.0
-9999.0 -9999.0 -9999.0 -9999.0 -9999.0 -9999.0 -9999.0 -9999.0 -9999.0 -9999.0 -9999.0 -9999.0 -9999.0 -9999.0 -9999.0 -9999.0 -9999.0 -9999.0 -9999.0 -9999.0 -9999.0 -9999.0 -9999.0 -9999.0 -9999.0 -9999.0 -9999.0 -9999.0 -9999.0 -9999.0 -9999.0 -9999.0 -9999.0 -9999.0 -9999.0 -9999.0 -9999.0 -9999.0 -9999.0 -9999.0 -9999.0 -9999.0 -9999.0 -9999.0 -9999.0 -9999.0 -9999.0 -9999.0 -9999.0 -9999.0 -9999.0 -9999.0 -9999.0 -9999.0 -9999.0 -9999.0 -9999.0 -9999.0 -9999.0 -9999.0 -9999.0 -9999.0 -9999.0 -9999.0 -9999.0 -9999.0 -9999.0 -9999.0 -9999.0 -9999.0 -9999.0 -9999.0 -9999.0 -9999.0 -9999.0 -9999.0 -9999.0 -9999.0 -9999.0 -9999.0