Borden_/Borden1m_014/output_maps/psiliqL0027N0019.asc
ncols         80
nrows         18
xllcorner     620200.000000
yllcorner     5168000.000000
cellsize      1.000000
NODATA_value  -9999.0
-9999.0 -9999.0 -9999.0 -9999.0 -9999.0 -9999.0 -9999.0 -9999.0 -9999.0 -9999.0 -9999.0 -9999.0 -9999.0 -9999.0 -9999.0 -9999.0 -9999.0 -9999.0 -9999.0 -9999.0 -9999.0 -9999.0 -9999.0 -9999.0 -9999.0 -9999.0 -9999.0 -9999.0 -9999.0 -9999.0 -9999.0 -9999.0 -9999.0 -9999.0 -9999.0 -9999.0 -9999.0 -9999.0 -9999.0 -9999.0 -9999.0 -9999.0 -9999.0 -9999.0 -9999.0 -9999.0 -9999.0 -9999.0 -9999.0 -9999.0 -9999.0 -9999.0 -9999.0 -9999.0 -9999.0 -9999.0 -9999.0 -9999.0 -9999.0 -9999.0 -9999.0 -9999.0 -9999.0 -9999.0 -9999.0 -9999.0 -9999.0 -9999.0 -9999.0 -9999.0 -9999.0 -9999.0 -9999.0 -9999.0 -9999.0 -9999.0 -9999.0 -9999.0 -9999.0 -9999.0
-9999.0 -9999.0 -9999.0 -9999.0 -9999.0 -9999.0 -9999.0 -9999.0 -9999.0 -9999.0 -9999.0 -9999.0 -9999.0 -9999.0 -9999.0 -9999.0 -9999.0 -9999.0 -9999.0 -9999.0 -9999.0 -9999.0 -9999.0 -9999.0 -9999.0 -9999.0 -9999.0 -9999.0 -9999.0 -9999.0 -9999.0 -9999.0 -9999.0 -9999.0 -9999.0 -9999.0 -9999.0 -9999.0 -9999.0 -9999.0 -9999.0 -9999.0 -9999.0 -9999.0 -9999.0 -9999.0 -9999.0 -9999.0 -9999.0 -9999.0 -9999.0 -9999.0 -9999.0 -9999.0 -9999.0 -9999.0 -9999.0 -9999.0 -9999.0 -9999.0 -9999.0 -9999.0 -9999.0 -9999.0 -9999.0 -9999.0 -9999.0 -9999.0 -9999.0 -9999.0 -9999.0 -9999.0 -9999.0 -9999.0 -9999.0 -9999.0 -9999.0 -9999.0 -9999.0 -9999.0
-9999.0 -9999.0 -9999.0 -9999.0 -9999.0 -9999.0 -9999.0 -9999.0 -9999.0 -9999.0 -9999.0 -9999.0 -9999.0 -9999.0 -9999.0 -9999.0 -9999.0 -9999.0 -9999.0 -9999.0 3525.149130 3525.921912 3504.181953 3469.884960 3441.421344 3442.980767 3475.485569 3515.759346 3554.281237 3561.150648 3541.689525 3545.337667 3540.657614 3535.623852 3535.401834 3543.016744 3549.684037 3559.106177 3565.791520 3563.202100 3555.644779 3550.570621 3553.299670 3554.739817 3561.081470 3546.316186 3562.520921 3578.942462 3583.678002 3581.260386 3557.954024 3546.514476 3538.846966 3523.522558 3550.522979 3562.430100 3586.218041 3591.141496 3589.394578 3562.963376 3533.095643 -9999.0 -9999.0 -9999.0 -9999.0 -9999.0 -9999.0 -9999.0 -9999.0 -9999.0 -9999.0 -9999.0 -9999.0 -9999.0 -9999.0 -9999.0 -9999.0 -9999.0 -9999.0 -9999.0
-9999.0 -9999.0 -9999.0 -9999.0 -9999.0 -9999.0 -9999.0 -9999.0 -9999.0 -9999.0 -9999.0 -9999.0 -9999.0 -9999.0 3435.332642 3426.503161 3423.372245 3430.264856 3462.321658 3492.305816 3503.784756 3496.079313 3495.588894 3470.433226 3447.015747 3459.079166 3487.984168 3517.863224 3550.658900 3567.298842 3555.971014 3552.990394 3559.311204 3577.931508 3585.168526 3581.247775 3563.667391 3587.879602 3600.674338 3604.514375 3602.262894 3592.193945 3600.422414 3614.183832 3607.075338 3592.053588 3603.647723 3619.035685 3629.752360 3622.322086 3565.085481 3554.094976 3551.435404 3548.108695 3535.617969 3532.447493 3561.535110 3561.562619 3554.913450 3538.231770 3505.282908 3460.285394 3441.790395 3483.070702 3527.172567 3583.803586 -9999.0 -9999.0 -9999.0 -9999.0 -9999.0 -9999.0 -9999.0 -9999.0 -9999.0 -9999.0 -9999.0 -9999.0 -9999.0 -9999.0
-9999.0 -9999.0 -9999.0 -9999.0 -9999.0 -9999.0 -9999.0 -9999.0 -9999.0 3378.233600 3384.112355 3390.754549 3392.912965 3407.646246 3404.013336 3410.520842 3413.790640 3440.570981 3469.387989 3502.218142 3528.533720 3518.827008 3516.900405 3519.671447 3512.646006 3519.495019 3539.231461 3575.128605 3605.111795 3639.459361 3605.156605 3599.694390 3616.738924 3657.112956 3678.794707 3679.931036 3661.080830 3678.624035 3701.849764 3716.721771 3712.850694 3706.414452 3732.517586 3747.920743 3740.883507 3719.072611 3719.065028 3727.447020 3757.216564 3706.677891 3640.913353 3604.207008 3621.640683 3601.749472 3577.469972 3567.828064 3569.404136 3590.434113 3579.543386 3546.468815 3514.028098 3502.769555 3486.599171 3508.634408 3532.599471 3579.576940 3620.007204 3650.278645 3650.021591 3633.023737 -9999.0 -9999.0 -9999.0 -9999.0 -9999.0 -9999.0 -9999.0 -9999.0 -9999.0 -9999.0
-9999.0 -9999.0 -9999.0 -9999.0 -9999.0 -9999.0 3299.904174 3310.277816 3330.742953 3332.822645 3358.986065 3363.585758 3381.710532 3398.145377 3419.355898 3431.167692 3454.968181 3483.895338 3518.701432 3555.047588 3581.512790 3568.697778 3573.216391 3590.940690 3615.805186 3633.144244 3655.181136 3692.534039 3764.428867 3800.273456 3791.150794 3791.445817 3799.477950 3849.971764 3913.913507 3924.288438 3903.558532 3890.702603 3914.852244 3952.670087 3950.080434 3948.803586 3962.451763 3973.524716 4000.414269 3989.106260 3953.254224 3948.788527 3956.491297 3932.794240 3862.731586 3806.198877 3789.066103 3742.344563 3658.875541 3617.613673 3643.674546 3672.977011 3652.481693 3603.847965 3572.779672 3568.433523 3558.377746 3552.776865 3566.484373 3590.389065 3614.966906 3629.499615 3618.108755 3597.633203 3576.355231 3548.518307 3551.463877 3576.560315 -9999.0 -9999.0 -9999.0 -9999.0 -9999.0 -9999.0
-9999.0 -9999.0 -9999.0 -9999.0 3250.827839 3263.349600 3247.823463 3273.580694 3304.844577 3337.704702 3364.081620 3394.516016 3416.511951 3442.098886 3473.689331 3493.600508 3523.912037 3552.289281 3598.204853 3658.145090 3701.314432 3713.327586 3721.086492 3771.449049 3827.289557 3873.760660 3892.360802 3918.382194 3965.059738 4021.707449 4043.702731 4046.150403 4063.093340 4107.440348 4164.938747 4200.407634 4182.555664 4173.313217 4183.966825 4198.756048 4220.911117 4220.958723 4222.093880 4226.508491 4234.542092 4232.526568 4205.374196 4171.691951 4158.644633 4148.275755 4108.919087 4036.083317 4006.566323 3977.122009 3932.807502 3877.992321 3832.614019 3835.580348 3780.801355 3725.634921 3677.059766 3670.767863 3651.770209 3637.006709 3621.049857 3634.596477 3647.588564 3633.250994 3603.719784 3574.898243 3562.381274 3545.203507 3534.095903 3565.579122 3583.664449 3613.165618 -9999.0 -9999.0 -9999.0 -9999.0
-9999.0 -9999.0 3192.531325 3237.056075 3293.488195 3298.595651 3290.322933 3291.971070 3317.159801 3365.106319 3425.315018 3460.109085 3486.748292 3516.056177 3565.216773 3624.900482 3683.366162 3725.351119 3783.419871 3852.910581 3911.906754 3938.297131 3946.707744 3982.521434 4037.799489 4108.206228 4136.714073 4163.575416 4195.997778 4233.271231 4222.921473 4233.253774 4246.161295 4260.105451 4276.166560 4283.882647 4278.798529 4274.147434 4255.456378 4250.081904 4256.527123 4264.941203 4263.649757 4248.813465 4244.830263 4259.995955 4266.501477 4264.235927 4261.071263 4265.716231 4260.220684 4210.567023 4195.245481 4179.661320 4167.335422 4120.599743 4053.149075 4021.351373 3999.261259 3957.572272 3883.883128 3847.566682 3808.901149 3775.118202 3738.650003 3726.913853 3695.636389 3664.265990 3626.199298 3585.977178 3567.403470 3553.675478 3553.678685 3554.563192 3572.621210 3588.465265 3604.526424 3612.646065 -9999.0 -9999.0
-9999.0 3082.191061 3152.573872 3272.759657 3349.254359 3384.145934 3389.235289 3389.345532 3413.399370 3445.681528 3529.782479 3575.138644 3657.439594 3695.179009 3734.918324 3824.663656 3919.824995 3963.702861 4003.335984 4068.379198 4135.242735 4182.866648 4209.468091 4184.931922 4225.417743 4257.225976 4266.034574 4273.559110 4274.109165 4265.542049 4259.275699 4265.856681 4262.765071 4243.313131 4226.980800 4225.128704 4221.664335 4198.109478 4170.394790 4154.648105 4155.770901 4181.033915 4167.689308 4146.196771 4141.733533 4163.577888 4185.394728 4174.545942 4161.316266 4177.978449 4212.922214 4238.504620 4238.677718 4257.486912 4278.667374 4249.181032 4228.567450 4184.046939 4166.904431 4141.298915 4083.788292 4028.925653 3980.604925 3932.319535 3880.362806 3832.295291 3785.072209 3738.197007 3685.556554 3653.183805 3629.430848 3587.512685 3575.692650 3582.788472 3578.329606 3577.071258 3583.856520 3590.499657 -9999.0 -9999.0
-9999.0 2983.656457 3121.449592 3297.014455 3437.845779 3475.524052 3532.018428 3584.749949 3596.931816 3538.886290 3639.743720 3857.412470 3982.535560 4000.842854 4077.515362 4174.234639 4153.489954 4185.352429 4209.090271 4236.918573 4259.250086 4274.261885 4272.720299 4267.755411 4251.099149 4243.055364 4242.130431 4239.963355 4222.363457 4203.226700 4186.287266 4182.945570 4164.651457 4114.186724 4080.602727 4062.713325 4042.903143 4029.745875 4002.797884 3976.599502 3959.651204 3969.329865 3968.160462 3955.072695 3950.666832 3968.512681 3999.436078 3998.007552 4010.583689 4030.352949 4065.856093 4104.486437 4123.866166 4153.211357 4189.048495 4237.773642 4245.972656 4268.559176 4271.303978 4261.671049 4214.517886 4162.528982 4132.947045 4077.236583 4017.659863 3955.952259 3906.894918 3862.223422 3806.964884 3773.375308 3734.650119 3681.361124 3639.561680 3633.346867 3600.538577 3588.185476 -9999.0 -9999.0 -9999.0 -9999.0
-9999.0 2879.443157 3055.516613 3290.379598 3585.085067 3652.147058 3854.147349 3968.134029 4006.176848 4074.269787 3945.583261 4159.629897 4214.985796 4210.647175 4228.768482 4232.353433 4246.920932 4246.134711 4241.045391 4229.926931 4220.196936 4215.515136 4214.502140 4206.561070 4193.871617 4179.179566 4167.179683 4155.572535 4118.560021 4086.315564 4046.301431 4033.593231 3987.865892 3895.557393 3856.958551 3817.742549 3756.035873 3759.125374 3767.838812 3744.200854 3724.436558 3695.312642 3725.803114 3737.369495 3741.857592 3736.557597 3745.564758 3775.041048 3823.625548 3858.158852 3896.943708 3945.019034 3975.672745 4014.896879 4054.490333 4106.947894 4138.409407 4167.435547 4216.890587 4254.029445 4276.876797 4262.462073 4244.435562 4199.078144 4138.606987 4089.146638 4059.910078 4009.077683 3965.469914 3922.116900 3875.760698 3823.133654 3761.751377 3711.029477 3677.676587 -9999.0 -9999.0 -9999.0 -9999.0 -9999.0
-9999.0 2660.266324 2913.358344 3172.595328 3440.778990 3784.701877 3961.937298 4054.526620 4118.414444 4103.762122 4129.393342 4135.117144 4172.468214 4180.092343 4158.755853 4144.580370 4126.501093 4125.411634 4138.515916 4110.955910 4080.418836 4066.918556 4067.858125 4057.176319 4033.139113 4018.289200 4009.062000 3990.382295 3947.321003 3896.824983 3812.231388 3776.828887 3697.447118 3660.601569 3624.998267 3578.395571 3534.666773 3541.088911 3566.660297 3558.320144 3537.927605 3521.258767 3551.005553 3572.259640 3585.646921 3568.963291 3575.407160 3609.664144 3655.852194 3696.027378 3739.468454 3787.115337 3828.976931 3867.714025 3887.911907 3926.597431 3968.724996 4010.364614 4080.717465 4159.769687 4196.172082 4231.106364 4259.621911 4281.690962 4238.594820 4212.637334 4188.685265 4164.949272 4118.462681 4072.922763 4032.362022 3967.273516 3907.731195 -9999.0 -9999.0 -9999.0 -9999.0 -9999.0 -9999.0 -9999.0
-9999.0 2549.821025 2740.015961 2913.228422 3152.457138 3380.149443 3605.827277 3695.864679 3766.498080 3842.352159 3898.726337 3937.334195 3963.118568 3984.897058 3962.386962 3915.746531 3883.227612 3888.322528 3878.889194 3858.236465 3830.803628 3818.144680 3815.436600 3810.929663 3790.103280 3780.308504 3773.897957 3756.239926 3731.645112 3679.159110 3608.823835 3535.747939 3483.205424 3465.585406 3444.286571 3418.622894 3393.536875 3407.512678 3420.354553 3421.066566 3415.371014 3416.209611 3445.249030 3465.277377 3474.685491 3463.981410 3482.019886 3504.622840 3540.861096 3579.639390 3623.769417 3673.312321 3721.228319 3740.505947 3741.538848 3751.743225 3778.444631 3821.067919 3896.974037 3982.994598 4061.499070 4107.314464 4158.341060 4198.681188 4227.262412 4251.329706 4274.360089 4267.905298 4241.556718 4207.965440 4148.717253 -9999.0 -9999.0 -9999.0 -9999.0 -9999.0 -9999.0 -9999.0 -9999.0 -9999.0
-9999.0 -9999.0 2515.452451 2664.839252 2756.668208 2894.029747 3026.923103 3130.804073 3232.192553 3376.756929 3501.149766 3595.965926 3642.845066 3658.523804 3644.960251 3617.399902 3600.876650 3600.444533 3588.579932 3583.015683 3569.678170 3564.938241 3553.063825 3546.039952 3543.170342 3543.607332 3542.176221 3534.913230 3519.430315 3479.382440 3444.770330 3402.078117 3357.500785 3337.300207 3320.621442 3305.189929 3310.845884 3306.395932 3312.384738 3315.932556 3326.344503 3341.010958 3360.339634 3383.207457 3392.846704 3403.195902 3413.688245 3434.807145 3464.084438 3503.680692 3554.461280 3608.767027 3644.072021 3650.154828 3631.161343 3624.982598 3631.753488 3659.238289 3720.802953 3788.954338 3879.005971 3944.739014 4011.680553 4067.937059 4094.831286 4131.223322 4202.078248 4250.152265 4293.391328 4270.945457 -9999.0 -9999.0 -9999.0 -9999.0 -9999.0 -9999.0 -9999.0 -9999.0 -9999.0 -9999.0
-9999.0 -9999.0 -9999.0 -9999.0 2526.144640 2672.319824 2770.168666 2819.670912 2952.375805 3076.472820 3181.066183 3268.304897 3338.194757 3364.284957 3366.476413 3385.327927 3385.148640 3375.541768 3364.603951 3370.737275 3376.995772 3371.398309 3354.598839 3349.338007 3354.778838 3364.435522 3364.231254 3353.183325 3336.972914 3326.117776 3316.370589 3288.281999 3258.550453 3233.328991 3223.431616 3222.464334 3223.979077 3216.980736 3226.085504 3235.948460 3252.433434 3267.766893 3291.291474 3321.150377 3336.001866 3350.524364 3358.655518 3376.471517 3404.574097 3455.573139 3516.793636 3572.931456 3606.536082 3606.381337 3577.086774 3554.578369 3541.049320 3557.324021 3585.212926 3634.526628 3723.088939 3784.864753 3829.194138 3867.162585 3903.432252 3969.155333 4064.771806 4146.596928 -9999.0 -9999.0 -9999.0 -9999.0 -9999.0 -9999.0 -9999.0 -9999.0 -9999.0 -9999.0 -9999.0 -9999.0
-9999.0 -9999.0 -9999.0 -9999.0 -9999.0 -9999.0 2506.635100 2613.655723 2679.251610 2802.095935 2949.298994 3050.406439 3133.856875 3170.555671 3205.375757 3236.655057 3237.830646 3217.348789 3195.168152 3217.995226 3238.804494 3232.752276 3200.315018 3203.055881 3211.777259 3221.058458 3220.257326 3216.553727 3194.523641 3214.904425 3222.749597 3203.004946 3180.507518 3170.949874 3161.487750 3173.108503 3174.521282 3160.950470 3160.236600 3188.824830 3210.482137 3223.476493 3244.371828 3277.570393 3309.995344 3325.574745 3326.048582 3330.038567 3365.621862 3433.142808 3503.743873 3558.525251 3589.240536 3593.493101 3562.131017 3516.735485 3489.918755 3487.824625 3510.925890 3548.803976 3608.987541 3644.192530 3653.458132 3652.467350 3663.188521 3763.595560 -9999.0 -9999.0 -9999.0 -9999.0 -9999.0 -9999.0 -9999.0 -9999.0 -9999.0 -9999.0 -9999.0 -9999.0 -9999.0 -9999.0
-9999.0 -9999.0 -9999.0 -9999.0 -9999.0 -9999.0 -9999.0 -9999.0 -9999.0 -9999.0 -9999.0 -9999.0 -9999.0 -9999.0 -9999.0 -9999.0 -9999.0 -9999.0 -9999.0 -9999.0 -9999.0 -9999.0 -9999.0 -9999.0 -9999.0 -9999.0 -9999.0 -9999.0 -9999.0 -9999.0 -9999.0 -9999.0 -9999.0 -9999.0 -9999.0 -9999.0 -9999.0 -9999.0 -9999.0 -9999.0 -9999.0 -9999.0 -9999.0 -9999.0 -9999.0 -9999.0 -9999.0 -9999.0 -9999.0 -9999.0 -9999.0 -9999.0 -9999.0 -9999.0 -9999.0 -9999.0 -9999.0 -9999.0 -9999.0 -9999.0 -9999.0 -9999.0 -9999.0 -9999.0 -9999.0 -9999.0 -9999.0 -9999.0 -9999.0 -9999.0 -9999.0 -9999.0 -9999.0 -9999.0 -9999.0 -9999.0 -9999.0 -9999.0 -9999.0 -9999.0
-9999.0 -9999.0 -9999.0 -9999.0 -9999.0 -9999.0 -9999.0 -9999.0 -9999.0 -9999.0 -9999.0 -9999.0 -9999.0 -9999.0 -9999.0 -9999.0 -9999.0 -9999.0 -9999.0 -9999.0 -9999.0 -9999.0 -9999.0 -9999.0 -9999.0 -9999.0 -9999.0 -9999.0 -9999.0 -9999.0 -9999.0 -9999.0 -9999.0 -9999.0 -9999.0 -9999.0 -9999.0 -9999.0 -9999.0 -9999.0 -9999.0 -9999.0 -9999.0 -9999.0 -9999.0 -9999.0 -9999.0 -9999.0 -9999.0 -9999.0 -9999.0 -9999.0 -9999.0 -9999.0 -9999.0 -9999.0 -9999.0 -9999.0 -9999.0 -9999.0 -9999.0 -9999.0 -9999.0 -9999.0 -9999.0 -9999.0 -9999.0 -9999.0 -9999.0 -9999.0 -9999.0 -9999.0 -9999.0 -9999.0 -9999.0 -9999.0 -9999.0 -9999.0 -9999.0 -9999.0