Borden_/Borden1m_014/output_maps/psiliqL0016N0012.asc
ncols         80
nrows         18
xllcorner     620200.000000
yllcorner     5168000.000000
cellsize      1.000000
NODATA_value  -9999.0
-9999.0 -9999.0 -9999.0 -9999.0 -9999.0 -9999.0 -9999.0 -9999.0 -9999.0 -9999.0 -9999.0 -9999.0 -9999.0 -9999.0 -9999.0 -9999.0 -9999.0 -9999.0 -9999.0 -9999.0 -9999.0 -9999.0 -9999.0 -9999.0 -9999.0 -9999.0 -9999.0 -9999.0 -9999.0 -9999.0 -9999.0 -9999.0 -9999.0 -9999.0 -9999.0 -9999.0 -9999.0 -9999.0 -9999.0 -9999.0 -9999.0 -9999.0 -9999.0 -9999.0 -9999.0 -9999.0 -9999.0 -9999.0 -9999.0 -9999.0 -9999.0 -9999.0 -9999.0 -9999.0 -9999.0 -9999.0 -9999.0 -9999.0 -9999.0 -9999.0 -9999.0 -9999.0 -9999.0 -9999.0 -9999.0 -9999.0 -9999.0 -9999.0 -9999.0 -9999.0 -9999.0 -9999.0 -9999.0 -9999.0 -9999.0 -9999.0 -9999.0 -9999.0 -9999.0 -9999.0
-9999.0 -9999.0 -9999.0 -9999.0 -9999.0 -9999.0 -9999.0 -9999.0 -9999.0 -9999.0 -9999.0 -9999.0 -9999.0 -9999.0 -9999.0 -9999.0 -9999.0 -9999.0 -9999.0 -9999.0 -9999.0 -9999.0 -9999.0 -9999.0 -9999.0 -9999.0 -9999.0 -9999.0 -9999.0 -9999.0 -9999.0 -9999.0 -9999.0 -9999.0 -9999.0 -9999.0 -9999.0 -9999.0 -9999.0 -9999.0 -9999.0 -9999.0 -9999.0 -9999.0 -9999.0 -9999.0 -9999.0 -9999.0 -9999.0 -9999.0 -9999.0 -9999.0 -9999.0 -9999.0 -9999.0 -9999.0 -9999.0 -9999.0 -9999.0 -9999.0 -9999.0 -9999.0 -9999.0 -9999.0 -9999.0 -9999.0 -9999.0 -9999.0 -9999.0 -9999.0 -9999.0 -9999.0 -9999.0 -9999.0 -9999.0 -9999.0 -9999.0 -9999.0 -9999.0 -9999.0
-9999.0 -9999.0 -9999.0 -9999.0 -9999.0 -9999.0 -9999.0 -9999.0 -9999.0 -9999.0 -9999.0 -9999.0 -9999.0 -9999.0 -9999.0 -9999.0 -9999.0 -9999.0 -9999.0 -9999.0 1348.513221 1351.419501 1330.461520 1298.112682 1271.809756 1275.769596 1311.692484 1354.084562 1393.597394 1404.088298 1387.399782 1392.178213 1390.428760 1391.877756 1397.004311 1406.530336 1413.113148 1425.153735 1433.734164 1432.946524 1426.359450 1420.897492 1421.175779 1423.647856 1429.076530 1417.741834 1432.181043 1447.288220 1451.420643 1444.811423 1415.626078 1397.483842 1385.574271 1367.352691 1389.772780 1399.204167 1419.640341 1421.669957 1418.155551 1389.915837 1359.052442 -9999.0 -9999.0 -9999.0 -9999.0 -9999.0 -9999.0 -9999.0 -9999.0 -9999.0 -9999.0 -9999.0 -9999.0 -9999.0 -9999.0 -9999.0 -9999.0 -9999.0 -9999.0 -9999.0
-9999.0 -9999.0 -9999.0 -9999.0 -9999.0 -9999.0 -9999.0 -9999.0 -9999.0 -9999.0 -9999.0 -9999.0 -9999.0 -9999.0 1254.281792 1245.663848 1244.103445 1253.722687 1288.573304 1320.082034 1332.680687 1326.432172 1327.961894 1306.047788 1287.361716 1303.611381 1335.393349 1368.114109 1403.101636 1423.439816 1413.496549 1413.684797 1426.712814 1455.757002 1471.853943 1472.116689 1455.117689 1479.998377 1495.518203 1502.754559 1501.166350 1491.752825 1503.092248 1517.867602 1510.902676 1494.758932 1501.945481 1514.772612 1525.928127 1511.137113 1444.995510 1422.398824 1414.244069 1404.931095 1388.499995 1379.957475 1402.990124 1400.341080 1390.135140 1370.664705 1336.620787 1291.539656 1271.577917 1308.998543 1351.289170 1407.182082 -9999.0 -9999.0 -9999.0 -9999.0 -9999.0 -9999.0 -9999.0 -9999.0 -9999.0 -9999.0 -9999.0 -9999.0 -9999.0 -9999.0
-9999.0 -9999.0 -9999.0 -9999.0 -9999.0 -9999.0 -9999.0 -9999.0 -9999.0 1194.312441 1199.722480 1207.933024 1211.416502 1228.098504 1226.399451 1234.788378 1242.871580 1271.588305 1304.284133 1341.157426 1371.519935 1364.436070 1366.646895 1378.267931 1383.856212 1399.398079 1424.025372 1465.241237 1503.232264 1542.717991 1514.358343 1514.894214 1539.894974 1594.442946 1632.079319 1642.264353 1627.086041 1638.626894 1663.177538 1682.593494 1679.728693 1675.238636 1698.624686 1711.694957 1711.565968 1692.880915 1684.933276 1688.016174 1713.485877 1660.141585 1589.054599 1533.052469 1533.273591 1501.561269 1463.247996 1441.228204 1434.699084 1451.386835 1434.117645 1395.282566 1357.470493 1344.135414 1324.498553 1340.007770 1360.321266 1404.756467 1442.293884 1469.360457 1467.416863 1448.933855 -9999.0 -9999.0 -9999.0 -9999.0 -9999.0 -9999.0 -9999.0 -9999.0 -9999.0 -9999.0
-9999.0 -9999.0 -9999.0 -9999.0 -9999.0 -9999.0 1114.659741 1125.127289 1146.448822 1151.550437 1178.147037 1186.438472 1208.185451 1228.723588 1252.105152 1270.065437 1301.359787 1335.986619 1378.861763 1424.711441 1459.826360 1456.539555 1468.715821 1500.890953 1544.065699 1579.519437 1609.442332 1650.150062 1723.290950 1761.737636 1766.427314 1774.059079 1792.321630 1855.184942 1927.983417 1946.989896 1930.459214 1918.161903 1938.118916 1971.524897 1972.878529 1971.610150 1980.995953 1989.718728 2015.596144 2008.208669 1973.357559 1963.595408 1963.417045 1943.671238 1874.163393 1799.397038 1760.363526 1708.223492 1623.719315 1566.434624 1568.098787 1581.709799 1549.940911 1494.111654 1451.251848 1437.176056 1418.714511 1402.929416 1406.979712 1423.858178 1443.861246 1453.078519 1438.143809 1415.292117 1391.242042 1360.965437 1361.463994 1385.605634 -9999.0 -9999.0 -9999.0 -9999.0 -9999.0 -9999.0
-9999.0 -9999.0 -9999.0 -9999.0 1063.827604 1077.706389 1066.190552 1092.694507 1126.610380 1162.073269 1194.849325 1232.697633 1261.280446 1293.307001 1335.545225 1371.589117 1414.889796 1452.441797 1510.344763 1584.121897 1641.018803 1667.344829 1683.967679 1744.827740 1814.294364 1879.147221 1907.420482 1935.518872 1975.386243 2029.366961 2053.077979 2060.335384 2082.769913 2126.831453 2180.304045 2217.080684 2203.698520 2198.073313 2204.829978 2215.130654 2236.104663 2235.626474 2236.419727 2238.564975 2243.687719 2244.386949 2223.291089 2193.226374 2180.327477 2169.520687 2134.928957 2060.180767 2019.292795 1988.850187 1952.362350 1894.394622 1821.572479 1800.695589 1740.769974 1681.694370 1616.941405 1589.605992 1553.876077 1524.370638 1491.898983 1490.410781 1490.821042 1467.553856 1432.579842 1397.941893 1380.674801 1359.737462 1346.692102 1375.192459 1391.469761 1420.783157 -9999.0 -9999.0 -9999.0 -9999.0
-9999.0 -9999.0 1002.797343 1051.960999 1110.390181 1120.738246 1122.351179 1129.809093 1159.895131 1213.653024 1289.486333 1340.423906 1383.283188 1419.753237 1483.041331 1566.127744 1640.359727 1691.217099 1756.381458 1836.219408 1908.109920 1945.047814 1961.989941 2001.888805 2060.195324 2129.594036 2160.712647 2187.116563 2215.350598 2244.911935 2251.228982 2264.437983 2275.131589 2282.323529 2291.311116 2295.349108 2293.037715 2290.094940 2273.274803 2269.619531 2275.909105 2280.921493 2281.852441 2268.552113 2264.982045 2279.416495 2285.139545 2285.983914 2286.336405 2293.031554 2293.901941 2251.884769 2216.663077 2201.254271 2189.225828 2141.616540 2072.698588 2030.675592 2008.315816 1965.206795 1884.146804 1823.600942 1765.947729 1712.483596 1654.243052 1618.886831 1568.508375 1522.355779 1472.554631 1423.140366 1396.211788 1375.013169 1369.616215 1366.934382 1381.260169 1395.143571 1409.455013 1416.712680 -9999.0 -9999.0
-9999.0 898.247162 971.134648 1098.183732 1180.327438 1227.305763 1259.996013 1283.432470 1313.865211 1343.122506 1448.199091 1536.141585 1628.539193 1669.179944 1725.071663 1832.056169 1930.974451 1979.005212 2020.106699 2081.846931 2147.004153 2196.063546 2223.901055 2231.679646 2268.472778 2287.310599 2293.806172 2298.561297 2294.589233 2284.748251 2274.135697 2279.188067 2275.321843 2256.296445 2239.320365 2235.665287 2231.516957 2210.255106 2184.728309 2171.774043 2174.831297 2198.297020 2186.492746 2166.453833 2162.866071 2183.814204 2203.776481 2196.279372 2186.064975 2205.492451 2240.658534 2262.518465 2271.536241 2287.880795 2307.380092 2279.816552 2251.059353 2210.021242 2192.048703 2164.798498 2107.257475 2043.865601 1986.641829 1921.886027 1846.891387 1772.732536 1703.997535 1636.406231 1565.933847 1520.332199 1483.749147 1428.375055 1402.976452 1400.905746 1389.435719 1384.554971 1389.007408 1394.642560 -9999.0 -9999.0
-9999.0 815.900039 958.679670 1144.260194 1295.785223 1358.569739 1462.852706 1542.837259 1571.058831 1542.540225 1652.907957 1878.042522 1986.463208 2006.978638 2082.295156 2176.316756 2194.271972 2227.458735 2250.598414 2263.898655 2274.802944 2285.441887 2283.750569 2278.992390 2266.462475 2261.675973 2263.164755 2262.368367 2245.721591 2224.971438 2203.912120 2196.680607 2175.609307 2127.817176 2089.318290 2067.447134 2050.194720 2033.685093 2005.439089 1981.798744 1968.283932 1984.242093 1978.873630 1963.025697 1959.179984 1980.125352 2011.341817 2008.556750 2019.726724 2045.478718 2089.788091 2131.062871 2153.746114 2183.460675 2219.686149 2263.565580 2278.264857 2300.665329 2305.776653 2288.897602 2246.052440 2194.653206 2161.750923 2100.836717 2027.922931 1948.275207 1878.772369 1807.706147 1732.651464 1679.758838 1622.418004 1554.308091 1492.015014 1463.254084 1420.126451 1398.495211 -9999.0 -9999.0 -9999.0 -9999.0
-9999.0 734.114703 921.978255 1180.288868 1463.960556 1581.166635 1798.256200 1929.946274 1986.583480 2057.318134 2026.808658 2183.666201 2226.682338 2224.521944 2227.796817 2235.072129 2252.263803 2255.742231 2251.631852 2240.750205 2230.361286 2225.014767 2222.941746 2215.961877 2205.569846 2193.404147 2182.908349 2172.678285 2136.484162 2100.301465 2056.522585 2036.020475 1992.525799 1895.503710 1842.925328 1797.784997 1736.891021 1731.980843 1729.527773 1703.871443 1686.035537 1665.539507 1688.812874 1694.529003 1697.069369 1698.840948 1714.477869 1739.904257 1788.244219 1832.116106 1887.453802 1945.637512 1982.666195 2027.250517 2075.093201 2133.208521 2167.918891 2200.206876 2248.812060 2287.685694 2311.414717 2300.928315 2276.453441 2233.609710 2167.159393 2105.976150 2059.651318 1987.591867 1922.855676 1863.298391 1799.877122 1727.991128 1646.185854 1554.297746 1507.800262 -9999.0 -9999.0 -9999.0 -9999.0 -9999.0
-9999.0 549.158685 817.105850 1104.813337 1420.473405 1762.657579 1910.904788 2039.835781 2115.986696 2091.551428 2105.260473 2126.727421 2169.144982 2178.901268 2161.956307 2155.592734 2145.112200 2144.482134 2154.702756 2123.835831 2088.088074 2069.996961 2067.197592 2055.223683 2033.300523 2019.000968 2009.919090 1991.921432 1944.328565 1887.148833 1792.526534 1753.371819 1672.814160 1614.816070 1565.659884 1511.475509 1458.978825 1458.165465 1477.017079 1464.099764 1443.096285 1425.504264 1452.838005 1471.350365 1483.726127 1471.639588 1480.375583 1516.698718 1567.922682 1615.967241 1671.572223 1729.980080 1778.869962 1830.507495 1869.926714 1928.845585 1982.387960 2033.073213 2110.578900 2190.368751 2228.508436 2264.239306 2298.151235 2316.948503 2269.984568 2227.373169 2182.958016 2129.563271 2056.395810 2011.482472 1974.077971 1901.484644 1822.870964 -9999.0 -9999.0 -9999.0 -9999.0 -9999.0 -9999.0 -9999.0
-9999.0 424.247093 640.637364 867.388028 1151.539290 1394.810210 1598.916074 1713.971083 1803.468640 1852.788893 1895.757528 1932.521253 1963.523905 1987.147445 1968.281226 1931.131573 1903.594945 1906.483723 1897.363256 1864.980057 1822.776770 1799.220593 1792.397175 1783.924152 1759.689646 1746.584920 1737.585772 1716.415360 1683.540262 1624.916505 1539.755899 1462.491903 1399.445741 1366.521027 1334.906700 1300.557107 1264.571221 1274.743193 1287.738177 1285.197496 1275.625550 1273.393471 1302.835834 1322.104957 1332.224432 1320.626457 1339.747486 1366.508860 1408.773832 1453.545827 1504.929899 1561.779606 1617.025305 1648.917812 1667.494158 1698.720539 1743.570067 1804.894666 1901.833264 2002.602237 2084.990851 2137.594814 2191.667576 2230.209517 2249.563751 2266.683528 2250.044851 2179.594464 2081.062797 2083.905575 2082.408886 -9999.0 -9999.0 -9999.0 -9999.0 -9999.0 -9999.0 -9999.0 -9999.0 -9999.0
-9999.0 -9999.0 407.726126 583.564697 719.298996 900.007923 1052.698164 1167.151131 1263.169211 1384.646115 1494.959716 1580.898188 1625.425368 1643.292369 1630.513345 1599.185211 1578.494581 1576.995994 1563.133928 1546.425147 1518.808207 1505.186311 1490.896304 1481.351059 1471.332092 1466.474725 1462.004607 1451.407508 1429.625111 1381.829224 1331.323022 1278.209868 1223.833663 1197.317106 1174.414692 1152.148665 1150.484653 1146.509177 1152.384623 1154.327762 1161.649147 1174.571240 1194.850281 1216.965820 1226.743117 1235.545481 1247.992692 1271.796194 1305.218549 1348.187278 1403.045864 1461.605070 1502.398487 1516.802183 1509.833991 1518.148854 1542.014298 1589.443170 1677.021527 1767.832008 1872.803834 1953.967331 2033.026125 2093.889998 2120.070619 2144.103404 2168.985459 2118.526873 1922.312932 2026.560294 -9999.0 -9999.0 -9999.0 -9999.0 -9999.0 -9999.0 -9999.0 -9999.0 -9999.0 -9999.0
-9999.0 -9999.0 -9999.0 -9999.0 442.368764 597.716378 695.806834 780.980120 912.597056 1035.692368 1137.922865 1221.865329 1283.766490 1310.313057 1306.379476 1311.928799 1307.067534 1299.776855 1287.771144 1283.262901 1278.157170 1267.669498 1251.711330 1243.486777 1244.137751 1249.206934 1247.044059 1233.725544 1216.033323 1192.955426 1171.622760 1136.326957 1099.625633 1069.800343 1056.072813 1049.932118 1049.509524 1042.661420 1051.559551 1059.091427 1074.524514 1089.948565 1113.844039 1142.866430 1156.574645 1171.267945 1180.960400 1201.494764 1232.016072 1285.666197 1349.472328 1407.715865 1444.157004 1449.560288 1426.353906 1412.709373 1411.244492 1442.035313 1490.845602 1562.589022 1670.417536 1751.427955 1818.746920 1877.943405 1926.341028 1985.813873 2056.921728 2096.915151 -9999.0 -9999.0 -9999.0 -9999.0 -9999.0 -9999.0 -9999.0 -9999.0 -9999.0 -9999.0 -9999.0 -9999.0
-9999.0 -9999.0 -9999.0 -9999.0 -9999.0 -9999.0 401.312325 503.479547 585.432920 724.614301 855.262812 956.697258 1036.840609 1068.319869 1094.302967 1120.810253 1118.417620 1099.122391 1078.597445 1095.047256 1106.311959 1098.631151 1067.620552 1066.563758 1071.162847 1079.628704 1077.766541 1071.599769 1046.573461 1057.579413 1057.610863 1033.779703 1007.222364 992.890167 980.720663 990.121596 990.290803 976.797679 977.623920 1004.522086 1024.902912 1038.201422 1060.149542 1093.397488 1125.719481 1140.829063 1142.124984 1148.222536 1188.358704 1258.706917 1330.518596 1386.148054 1418.997284 1427.768874 1401.526958 1362.673211 1343.704983 1352.719268 1389.953143 1445.675162 1525.716577 1580.658550 1614.929603 1640.240013 1670.996542 1769.072026 -9999.0 -9999.0 -9999.0 -9999.0 -9999.0 -9999.0 -9999.0 -9999.0 -9999.0 -9999.0 -9999.0 -9999.0 -9999.0 -9999.0
-9999.0 -9999.0 -9999.0 -9999.0 -9999.0 -9999.0 -9999.0 -9999.0 -9999.0 -9999.0 -9999.0 -9999.0 -9999.0 -9999.0 -9999.0 -9999.0 -9999.0 -9999.0 -9999.0 -9999.0 -9999.0 -9999.0 -9999.0 -9999.0 -9999.0 -9999.0 -9999.0 -9999.0 -9999.0 -9999.0 -9999.0 -9999.0 -9999.0 -9999.0 -9999.0 -9999.0 -9999.0 -9999.0 -9999.0 -9999.0 -9999.0 -9999.0 -9999.0 -9999.0 -9999.0 -9999.0 -9999.0 -9999.0 -9999.0 -9999.0 -9999.0 -9999.0 -9999.0 -9999.0 -9999.0 -9999.0 -9999.0 -9999.0 -9999.0 -9999.0 -9999.0 -9999.0 -9999.0 -9999.0 -9999.0 -9999.0 -9999.0 -9999.0 -9999.0 -9999.0 -9999.0 -9999.0 -9999.0 -9999.0 -9999.0 -9999.0 -9999.0 -9999.0 -9999.0 -9999.0
-9999.0 -9999.0 -9999.0 -9999.0 -9999.0 -9999.0 -9999.0 -9999.0 -9999.0 -9999.0 -9999.0 -9999.0 -9999.0 -9999.0 -9999.0 -9999.0 -9999.0 -9999.0 -9999.0 -9999.0 -9999.0 -9999.0 -9999.0 -9999.0 -9999.0 -9999.0 -9999.0 -9999.0 -9999.0 -9999.0 -9999.0 -9999.0 -9999.0 -9999.0 -9999.0 -9999.0 -9999.0 -9999.0 -9999.0 -9999.0 -9999.0 -9999.0 -9999.0 -9999.0 -9999.0 -9999.0 -9999.0 -9999.0 -9999.0 -9999.0 -9999.0 -9999.0 -9999.0 -9999.0 -9999.0 -9999.0 -9999.0 -9999.0 -9999.0 -9999.0 -9999.0 -9999.0 -9999.0 -9999.0 -9999.0 -9999.0 -9999.0 -9999.0 -9999.0 -9999.0 -9999.0 -9999.0 -9999.0 -9999.0 -9999.0 -9999.0 -9999.0 -9999.0 -9999.0 -9999.0