Borden_/Borden1m_014/output_maps/psiliqL0016N0010.asc
ncols         80
nrows         18
xllcorner     620200.000000
yllcorner     5168000.000000
cellsize      1.000000
NODATA_value  -9999.0
-9999.0 -9999.0 -9999.0 -9999.0 -9999.0 -9999.0 -9999.0 -9999.0 -9999.0 -9999.0 -9999.0 -9999.0 -9999.0 -9999.0 -9999.0 -9999.0 -9999.0 -9999.0 -9999.0 -9999.0 -9999.0 -9999.0 -9999.0 -9999.0 -9999.0 -9999.0 -9999.0 -9999.0 -9999.0 -9999.0 -9999.0 -9999.0 -9999.0 -9999.0 -9999.0 -9999.0 -9999.0 -9999.0 -9999.0 -9999.0 -9999.0 -9999.0 -9999.0 -9999.0 -9999.0 -9999.0 -9999.0 -9999.0 -9999.0 -9999.0 -9999.0 -9999.0 -9999.0 -9999.0 -9999.0 -9999.0 -9999.0 -9999.0 -9999.0 -9999.0 -9999.0 -9999.0 -9999.0 -9999.0 -9999.0 -9999.0 -9999.0 -9999.0 -9999.0 -9999.0 -9999.0 -9999.0 -9999.0 -9999.0 -9999.0 -9999.0 -9999.0 -9999.0 -9999.0 -9999.0
-9999.0 -9999.0 -9999.0 -9999.0 -9999.0 -9999.0 -9999.0 -9999.0 -9999.0 -9999.0 -9999.0 -9999.0 -9999.0 -9999.0 -9999.0 -9999.0 -9999.0 -9999.0 -9999.0 -9999.0 -9999.0 -9999.0 -9999.0 -9999.0 -9999.0 -9999.0 -9999.0 -9999.0 -9999.0 -9999.0 -9999.0 -9999.0 -9999.0 -9999.0 -9999.0 -9999.0 -9999.0 -9999.0 -9999.0 -9999.0 -9999.0 -9999.0 -9999.0 -9999.0 -9999.0 -9999.0 -9999.0 -9999.0 -9999.0 -9999.0 -9999.0 -9999.0 -9999.0 -9999.0 -9999.0 -9999.0 -9999.0 -9999.0 -9999.0 -9999.0 -9999.0 -9999.0 -9999.0 -9999.0 -9999.0 -9999.0 -9999.0 -9999.0 -9999.0 -9999.0 -9999.0 -9999.0 -9999.0 -9999.0 -9999.0 -9999.0 -9999.0 -9999.0 -9999.0 -9999.0
-9999.0 -9999.0 -9999.0 -9999.0 -9999.0 -9999.0 -9999.0 -9999.0 -9999.0 -9999.0 -9999.0 -9999.0 -9999.0 -9999.0 -9999.0 -9999.0 -9999.0 -9999.0 -9999.0 -9999.0 1346.170236 1348.946772 1327.755773 1295.104639 1268.493615 1272.227163 1308.066623 1350.475579 1389.997618 1400.399287 1383.479855 1387.884102 1385.703035 1386.907061 1392.273195 1402.286382 1409.347955 1421.759812 1430.596687 1429.978307 1423.497812 1418.087438 1418.361355 1420.776425 1426.089765 1414.559399 1428.688801 1443.355116 1446.975253 1439.920520 1410.566290 1392.714374 1381.334451 1363.640874 1386.469377 1396.170507 1416.782484 1418.917860 1415.451286 1387.214116 1356.343809 -9999.0 -9999.0 -9999.0 -9999.0 -9999.0 -9999.0 -9999.0 -9999.0 -9999.0 -9999.0 -9999.0 -9999.0 -9999.0 -9999.0 -9999.0 -9999.0 -9999.0 -9999.0 -9999.0
-9999.0 -9999.0 -9999.0 -9999.0 -9999.0 -9999.0 -9999.0 -9999.0 -9999.0 -9999.0 -9999.0 -9999.0 -9999.0 -9999.0 1252.364043 1243.627391 1241.918326 1251.379182 1286.067291 1317.441522 1329.997586 1323.573084 1324.791636 1302.443723 1283.293695 1299.230394 1330.981983 1363.823129 1398.875075 1419.089868 1408.783409 1408.331814 1420.511914 1448.968356 1465.682010 1466.945646 1450.776072 1476.200128 1492.052192 1499.491560 1498.026549 1488.667030 1499.987771 1514.685258 1507.583591 1491.212921 1498.015134 1510.258734 1520.659726 1505.106896 1438.566656 1416.461452 1409.160422 1400.608315 1384.690550 1376.428220 1399.611557 1397.061681 1386.899984 1367.419971 1333.354662 1288.225478 1268.449616 1306.115561 1348.631432 1404.683532 -9999.0 -9999.0 -9999.0 -9999.0 -9999.0 -9999.0 -9999.0 -9999.0 -9999.0 -9999.0 -9999.0 -9999.0 -9999.0 -9999.0
-9999.0 -9999.0 -9999.0 -9999.0 -9999.0 -9999.0 -9999.0 -9999.0 -9999.0 1192.965906 1198.304083 1206.364845 1209.622387 1226.035182 1224.128132 1232.276009 1240.157184 1268.684916 1301.172013 1337.842537 1368.065283 1360.746944 1362.496979 1373.375263 1378.100053 1393.130606 1417.929112 1459.546897 1497.741133 1537.022409 1508.011608 1507.307347 1530.403381 1583.359341 1622.851819 1635.374932 1621.799647 1634.251018 1659.294472 1678.983318 1676.273295 1671.842705 1695.193288 1708.156656 1707.851124 1688.884764 1680.432171 1682.673196 1706.882369 1651.985928 1579.711818 1524.659906 1526.491423 1496.042060 1458.429272 1436.656022 1430.182635 1446.949966 1429.717681 1390.824968 1352.992781 1339.881770 1320.644098 1336.552535 1357.195522 1401.882573 1439.556768 1466.841896 1465.117866 1446.790864 -9999.0 -9999.0 -9999.0 -9999.0 -9999.0 -9999.0 -9999.0 -9999.0 -9999.0 -9999.0
-9999.0 -9999.0 -9999.0 -9999.0 -9999.0 -9999.0 1113.153394 1123.593986 1144.895774 1150.004634 1176.500938 1184.584920 1205.998881 1226.078292 1248.924667 1266.384671 1297.410517 1331.826708 1374.390131 1419.901954 1454.938362 1451.496730 1463.046793 1493.951039 1535.498751 1570.174300 1600.861801 1642.612930 1716.254383 1754.434291 1758.138452 1763.819105 1778.716513 1838.240012 1915.290320 1938.638530 1924.678974 1913.710112 1934.340635 1968.097414 1969.634381 1968.438446 1977.802154 1986.412362 2012.074252 2004.324399 1968.842581 1957.998717 1956.014400 1933.629397 1861.540675 1788.172699 1751.699071 1701.374946 1617.637166 1560.297848 1561.659537 1575.340871 1543.595139 1487.478303 1444.405589 1430.907456 1413.307967 1398.243534 1402.809207 1420.084177 1440.414963 1449.978727 1435.374613 1412.801913 1388.960940 1358.981072 1359.769481 1384.116278 -9999.0 -9999.0 -9999.0 -9999.0 -9999.0 -9999.0
-9999.0 -9999.0 -9999.0 -9999.0 1062.257380 1075.998339 1064.412060 1090.853077 1124.726354 1160.124654 1192.730521 1230.251220 1258.288521 1289.470687 1330.570932 1365.548859 1408.649240 1446.108904 1503.492052 1576.624690 1633.920184 1660.581097 1676.661375 1735.762999 1802.805869 1866.998735 1896.998231 1926.923906 1967.792054 2021.827948 2044.847984 2050.651819 2070.849016 2113.190504 2169.213968 2209.199933 2198.028167 2193.690065 2201.152366 2211.835636 2233.009940 2232.614346 2233.391209 2235.420052 2240.299723 2240.600783 2218.872379 2187.712358 2173.064032 2160.056453 2123.672530 2049.797626 2010.792785 1981.719662 1945.582402 1886.905302 1812.967685 1792.072782 1732.002776 1671.921441 1606.087108 1579.961589 1545.967725 1517.658131 1485.883006 1484.926450 1485.810932 1463.130314 1428.714073 1394.562198 1377.756859 1357.291297 1344.688832 1373.569347 1390.154988 1419.685409 -9999.0 -9999.0 -9999.0 -9999.0
-9999.0 -9999.0 1001.587574 1050.517294 1108.617072 1118.592701 1119.913308 1127.258409 1157.321898 1211.006887 1286.597294 1337.067608 1379.090795 1414.077442 1475.019241 1555.713579 1630.420655 1681.894690 1746.491213 1825.319396 1898.765183 1937.128567 1954.212201 1992.995866 2049.690595 2118.587817 2150.839076 2178.589215 2207.628203 2237.292502 2243.274045 2255.768211 2265.438354 2272.056509 2282.269483 2288.206138 2287.493925 2285.653598 2269.511879 2266.254270 2272.764143 2277.875592 2278.800520 2265.394539 2261.594816 2275.633769 2280.705810 2280.490429 2279.283972 2284.171244 2283.794425 2242.342797 2208.473011 2194.062509 2182.276428 2134.184438 2064.439558 2021.865978 1998.378195 1952.823366 1868.914203 1810.289802 1755.298395 1703.232460 1645.458230 1610.524175 1560.579699 1515.491315 1466.663523 1418.017830 1391.903367 1371.521378 1366.879184 1364.867391 1379.716918 1393.992926 1408.604274 1416.013816 -9999.0 -9999.0
-9999.0 897.202101 969.882686 1096.513363 1178.011695 1224.189384 1256.229834 1279.561470 1310.134852 1339.443566 1444.282173 1531.681753 1623.014031 1661.533524 1713.634218 1816.217685 1917.338529 1967.573840 2009.255511 2070.985497 2137.429738 2187.812852 2216.130483 2223.509996 2259.595257 2278.195866 2285.127907 2290.389229 2286.566803 2276.630710 2266.043781 2271.039996 2266.880336 2247.609593 2231.133523 2228.777682 2226.016410 2205.820349 2181.004258 2168.480616 2171.788865 2195.377709 2183.575845 2163.438195 2159.632451 2180.183919 2199.434173 2190.764229 2178.788828 2196.091309 2229.760553 2252.378329 2262.820232 2280.133266 2299.954564 2272.286389 2243.123945 2201.445537 2182.258998 2153.156373 2093.921830 2031.539650 1975.709964 1911.086366 1835.064368 1760.283342 1691.052108 1625.549542 1556.741494 1512.143106 1476.894360 1422.952494 1398.868651 1398.001869 1387.420053 1383.161017 1388.095292 1393.925163 -9999.0 -9999.0
-9999.0 814.816708 957.302067 1142.225193 1292.624696 1353.898395 1456.907580 1536.952635 1565.769129 1537.683655 1647.996338 1872.813062 1980.430744 1999.252140 2071.803434 2162.879361 2181.412690 2215.616680 2239.033771 2252.534630 2264.583975 2276.585252 2275.777659 2271.315847 2258.786244 2254.008908 2255.470304 2254.347847 2236.951275 2215.568991 2194.992336 2188.408036 2167.453972 2119.179330 2080.404929 2059.821620 2044.228932 2028.963030 2001.532731 1978.406292 1965.189002 1981.286010 1975.920869 1959.970669 1955.907725 1976.427627 2006.846518 2002.629359 2011.418673 2033.838531 2075.418487 2118.589173 2143.697645 2174.672408 2211.318241 2255.417725 2270.000128 2291.887803 2296.123233 2278.253693 2234.823009 2183.924050 2151.587276 2090.300638 2015.612862 1932.960557 1860.216737 1792.308910 1719.224875 1666.856840 1611.572282 1545.769660 1485.550607 1459.044461 1417.346804 1396.650051 -9999.0 -9999.0 -9999.0 -9999.0
-9999.0 733.004853 920.497658 1177.938288 1459.991556 1574.884055 1790.001522 1921.969108 1979.848291 2051.665078 2021.572946 2178.280825 2220.703228 2217.401101 2218.973356 2224.438060 2240.885343 2243.720175 2238.620788 2227.232173 2218.284383 2214.916466 2214.382840 2208.355002 2198.476928 2186.449988 2175.571576 2164.224664 2126.081205 2088.217900 2045.791727 2026.999579 1984.179005 1886.435282 1832.862194 1789.383955 1730.598293 1727.093693 1725.507707 1700.407317 1682.883330 1662.530816 1685.797854 1691.405584 1693.733966 1695.099386 1709.934113 1733.791080 1779.254572 1818.547568 1869.359662 1930.958712 1971.332213 2017.061440 2064.994002 2123.826110 2158.873818 2190.808608 2238.794277 2277.189361 2300.869176 2290.872299 2266.842389 2223.888873 2156.341393 2093.136864 2044.638081 1973.127911 1907.611214 1846.101984 1784.720504 1715.379646 1635.920855 1548.569277 1504.013001 -9999.0 -9999.0 -9999.0 -9999.0 -9999.0
-9999.0 548.083880 815.640804 1102.462295 1416.503761 1756.404352 1902.578151 2030.916877 2108.361687 2085.478640 2099.995788 2121.585848 2163.628654 2172.557012 2154.355209 2146.514119 2134.471683 2131.703430 2138.959914 2105.893818 2072.566787 2057.726263 2057.348101 2046.978424 2026.070311 2012.151559 2002.661103 1983.177043 1932.732348 1872.696100 1780.604396 1744.296834 1665.372883 1607.722253 1558.620303 1505.531311 1454.331123 1454.432444 1473.874734 1461.345120 1440.570646 1423.084876 1450.410550 1468.830005 1481.029540 1468.623783 1476.760197 1511.981029 1561.310126 1606.564814 1659.568977 1718.823461 1768.671462 1819.850789 1858.373576 1918.374430 1972.475725 2022.626792 2099.497221 2179.105733 2217.430981 2253.893201 2288.441823 2307.531815 2260.455833 2217.281866 2172.011188 2118.174953 2043.759178 1996.995315 1959.450474 1886.096749 1806.728996 -9999.0 -9999.0 -9999.0 -9999.0 -9999.0 -9999.0 -9999.0
-9999.0 423.234587 639.288937 865.332885 1148.225834 1389.632054 1591.544353 1704.865945 1795.693016 1846.728012 1890.571195 1927.549748 1958.287143 1981.244781 1961.331775 1922.757510 1893.323015 1893.267277 1879.571337 1843.043556 1804.736317 1785.636951 1781.787271 1775.270915 1752.401619 1739.969241 1730.919185 1708.953564 1674.598182 1614.829119 1531.207669 1455.827339 1394.034519 1361.712954 1330.497175 1296.775098 1261.453050 1272.134672 1285.485716 1283.180753 1273.752963 1271.587573 1301.024670 1320.231277 1330.224114 1318.401505 1337.134036 1363.244313 1404.487979 1447.876105 1498.008221 1554.653103 1609.757644 1640.965604 1658.683739 1689.738925 1733.969878 1793.906141 1889.854614 1990.151688 2072.192032 2125.872697 2180.988615 2220.210279 2240.293207 2257.963240 2241.542649 2171.019860 2071.831513 2073.235466 2070.302221 -9999.0 -9999.0 -9999.0 -9999.0 -9999.0 -9999.0 -9999.0 -9999.0 -9999.0
-9999.0 -9999.0 406.456981 581.844700 716.858222 896.539531 1048.031767 1161.483990 1257.610097 1379.596250 1490.166850 1576.135857 1620.376790 1637.666570 1624.026167 1591.516883 1569.285941 1565.849566 1549.663762 1531.472318 1506.022234 1495.137727 1482.931107 1474.806514 1465.752645 1461.401508 1456.999165 1446.089529 1423.783460 1375.739117 1325.933031 1273.753849 1220.128831 1194.101710 1171.567414 1149.678131 1148.370866 1144.684432 1150.773085 1152.861228 1160.271975 1173.235354 1193.510749 1215.580671 1225.266208 1233.912627 1246.108787 1269.526564 1302.399708 1344.688435 1398.899637 1457.053178 1497.450597 1511.273146 1503.616708 1511.301362 1534.206138 1580.159201 1666.134932 1755.274228 1858.439941 1940.688073 2020.725034 2082.021264 2109.690897 2135.296612 2161.433873 2111.625126 1915.712630 2018.777792 -9999.0 -9999.0 -9999.0 -9999.0 -9999.0 -9999.0 -9999.0 -9999.0 -9999.0 -9999.0
-9999.0 -9999.0 -9999.0 -9999.0 440.316786 595.199582 692.831412 777.527920 908.889266 1031.902785 1134.040869 1217.810661 1279.375341 1305.416160 1300.802480 1305.510662 1299.697875 1291.435547 1278.585392 1273.845687 1269.794457 1260.744383 1246.034858 1238.726707 1240.000138 1245.415428 1243.357771 1229.968281 1212.148018 1189.084213 1168.085561 1133.253654 1096.982504 1067.500886 1054.052657 1048.162194 1047.961260 1041.295432 1050.331036 1057.958238 1073.448383 1088.896228 1112.785585 1141.773956 1155.414759 1169.997584 1179.521161 1199.811534 1230.001107 1283.251381 1346.652212 1404.534936 1440.578872 1445.496173 1421.713642 1407.413394 1405.069041 1434.679558 1482.110730 1552.360572 1658.611069 1739.069223 1805.586938 1863.977529 1914.312820 1976.063787 2049.346326 2090.312389 -9999.0 -9999.0 -9999.0 -9999.0 -9999.0 -9999.0 -9999.0 -9999.0 -9999.0 -9999.0 -9999.0 -9999.0
-9999.0 -9999.0 -9999.0 -9999.0 -9999.0 -9999.0 399.035071 500.922727 582.624153 721.548078 851.969944 953.147678 1032.942945 1063.958934 1089.365048 1115.220313 1112.182747 1092.350341 1071.511978 1088.055012 1099.979572 1093.209614 1063.061352 1062.676024 1067.740349 1076.478876 1074.732747 1068.581145 1043.551719 1054.626029 1054.868979 1031.334965 1005.079508 991.012556 979.066704 988.661515 988.998758 975.644561 976.577322 1003.550580 1023.975102 1037.289190 1059.226663 1092.439973 1124.702597 1139.720979 1140.883595 1146.797333 1186.691830 1256.740811 1328.232112 1383.540442 1416.024785 1424.357709 1397.587248 1358.118281 1338.373682 1346.418530 1382.535533 1437.046149 1515.808893 1569.760987 1602.967660 1627.470665 1658.999824 1758.071813 -9999.0 -9999.0 -9999.0 -9999.0 -9999.0 -9999.0 -9999.0 -9999.0 -9999.0 -9999.0 -9999.0 -9999.0 -9999.0 -9999.0
-9999.0 -9999.0 -9999.0 -9999.0 -9999.0 -9999.0 -9999.0 -9999.0 -9999.0 -9999.0 -9999.0 -9999.0 -9999.0 -9999.0 -9999.0 -9999.0 -9999.0 -9999.0 -9999.0 -9999.0 -9999.0 -9999.0 -9999.0 -9999.0 -9999.0 -9999.0 -9999.0 -9999.0 -9999.0 -9999.0 -9999.0 -9999.0 -9999.0 -9999.0 -9999.0 -9999.0 -9999.0 -9999.0 -9999.0 -9999.0 -9999.0 -9999.0 -9999.0 -9999.0 -9999.0 -9999.0 -9999.0 -9999.0 -9999.0 -9999.0 -9999.0 -9999.0 -9999.0 -9999.0 -9999.0 -9999.0 -9999.0 -9999.0 -9999.0 -9999.0 -9999.0 -9999.0 -9999.0 -9999.0 -9999.0 -9999.0 -9999.0 -9999.0 -9999.0 -9999.0 -9999.0 -9999.0 -9999.0 -9999.0 -9999.0 -9999.0 -9999.0 -9999.0 -9999.0 -9999.0
-9999.0 -9999.0 -9999.0 -9999.0 -9999.0 -9999.0 -9999.0 -9999.0 -9999.0 -9999.0 -9999.0 -9999.0 -9999.0 -9999.0 -9999.0 -9999.0 -9999.0 -9999.0 -9999.0 -9999.0 -9999.0 -9999.0 -9999.0 -9999.0 -9999.0 -9999.0 -9999.0 -9999.0 -9999.0 -9999.0 -9999.0 -9999.0 -9999.0 -9999.0 -9999.0 -9999.0 -9999.0 -9999.0 -9999.0 -9999.0 -9999.0 -9999.0 -9999.0 -9999.0 -9999.0 -9999.0 -9999.0 -9999.0 -9999.0 -9999.0 -9999.0 -9999.0 -9999.0 -9999.0 -9999.0 -9999.0 -9999.0 -9999.0 -9999.0 -9999.0 -9999.0 -9999.0 -9999.0 -9999.0 -9999.0 -9999.0 -9999.0 -9999.0 -9999.0 -9999.0 -9999.0 -9999.0 -9999.0 -9999.0 -9999.0 -9999.0 -9999.0 -9999.0 -9999.0 -9999.0