Borden_/Borden1m_014/output_maps/psiliqL0011N0025.asc
ncols         80
nrows         18
xllcorner     620200.000000
yllcorner     5168000.000000
cellsize      1.000000
NODATA_value  -9999.0
-9999.0 -9999.0 -9999.0 -9999.0 -9999.0 -9999.0 -9999.0 -9999.0 -9999.0 -9999.0 -9999.0 -9999.0 -9999.0 -9999.0 -9999.0 -9999.0 -9999.0 -9999.0 -9999.0 -9999.0 -9999.0 -9999.0 -9999.0 -9999.0 -9999.0 -9999.0 -9999.0 -9999.0 -9999.0 -9999.0 -9999.0 -9999.0 -9999.0 -9999.0 -9999.0 -9999.0 -9999.0 -9999.0 -9999.0 -9999.0 -9999.0 -9999.0 -9999.0 -9999.0 -9999.0 -9999.0 -9999.0 -9999.0 -9999.0 -9999.0 -9999.0 -9999.0 -9999.0 -9999.0 -9999.0 -9999.0 -9999.0 -9999.0 -9999.0 -9999.0 -9999.0 -9999.0 -9999.0 -9999.0 -9999.0 -9999.0 -9999.0 -9999.0 -9999.0 -9999.0 -9999.0 -9999.0 -9999.0 -9999.0 -9999.0 -9999.0 -9999.0 -9999.0 -9999.0 -9999.0
-9999.0 -9999.0 -9999.0 -9999.0 -9999.0 -9999.0 -9999.0 -9999.0 -9999.0 -9999.0 -9999.0 -9999.0 -9999.0 -9999.0 -9999.0 -9999.0 -9999.0 -9999.0 -9999.0 -9999.0 -9999.0 -9999.0 -9999.0 -9999.0 -9999.0 -9999.0 -9999.0 -9999.0 -9999.0 -9999.0 -9999.0 -9999.0 -9999.0 -9999.0 -9999.0 -9999.0 -9999.0 -9999.0 -9999.0 -9999.0 -9999.0 -9999.0 -9999.0 -9999.0 -9999.0 -9999.0 -9999.0 -9999.0 -9999.0 -9999.0 -9999.0 -9999.0 -9999.0 -9999.0 -9999.0 -9999.0 -9999.0 -9999.0 -9999.0 -9999.0 -9999.0 -9999.0 -9999.0 -9999.0 -9999.0 -9999.0 -9999.0 -9999.0 -9999.0 -9999.0 -9999.0 -9999.0 -9999.0 -9999.0 -9999.0 -9999.0 -9999.0 -9999.0 -9999.0 -9999.0
-9999.0 -9999.0 -9999.0 -9999.0 -9999.0 -9999.0 -9999.0 -9999.0 -9999.0 -9999.0 -9999.0 -9999.0 -9999.0 -9999.0 -9999.0 -9999.0 -9999.0 -9999.0 -9999.0 -9999.0 338.952386 341.955455 319.952735 286.625787 259.021355 261.744601 297.284092 339.280626 378.390821 389.606966 372.559191 375.321564 371.268614 371.291934 374.628676 381.468523 385.203071 396.892322 405.835443 406.135163 400.644171 395.809512 395.887370 399.454022 404.485444 394.020475 406.954256 421.506743 426.548010 420.262295 391.815096 374.901996 365.145520 349.013204 372.374343 383.620644 405.682472 409.184411 407.033805 379.432787 349.002329 -9999.0 -9999.0 -9999.0 -9999.0 -9999.0 -9999.0 -9999.0 -9999.0 -9999.0 -9999.0 -9999.0 -9999.0 -9999.0 -9999.0 -9999.0 -9999.0 -9999.0 -9999.0 -9999.0
-9999.0 -9999.0 -9999.0 -9999.0 -9999.0 -9999.0 -9999.0 -9999.0 -9999.0 -9999.0 -9999.0 -9999.0 -9999.0 -9999.0 247.025608 237.472526 235.065142 244.123463 278.408140 308.970482 321.546684 314.522156 315.172987 292.407297 272.865093 287.797608 318.334846 351.102053 387.076256 409.039224 398.333842 397.010850 408.271194 435.802720 450.578659 448.630148 428.337848 451.683856 468.552656 478.832849 479.371434 471.959226 486.927714 503.667375 496.747271 478.127540 480.742132 491.419681 503.843558 487.417552 421.137428 399.043300 393.395235 384.877219 369.578439 361.873447 385.909381 385.547199 376.406404 357.649816 324.610144 280.200360 261.561624 299.578951 343.187447 400.421190 -9999.0 -9999.0 -9999.0 -9999.0 -9999.0 -9999.0 -9999.0 -9999.0 -9999.0 -9999.0 -9999.0 -9999.0 -9999.0 -9999.0
-9999.0 -9999.0 -9999.0 -9999.0 -9999.0 -9999.0 -9999.0 -9999.0 -9999.0 188.475119 192.794031 200.374873 202.887039 219.016702 217.431498 225.036466 233.254220 260.596690 292.545968 328.477229 358.092261 349.616216 351.324206 364.071680 370.903864 384.904277 407.935902 451.098244 496.193002 541.300568 515.517038 515.451651 536.786925 587.110779 624.812323 634.879449 615.417266 621.664201 648.794492 675.596771 678.804946 679.261235 706.869418 722.429479 725.771132 703.168355 683.012202 679.588628 703.867925 648.233701 579.050674 523.698852 522.084821 487.149554 443.793840 420.064708 415.466213 435.111017 418.183185 379.148403 341.419266 330.175217 312.312210 328.113913 349.765817 395.761967 433.888666 461.888805 461.291202 443.525441 -9999.0 -9999.0 -9999.0 -9999.0 -9999.0 -9999.0 -9999.0 -9999.0 -9999.0 -9999.0
-9999.0 -9999.0 -9999.0 -9999.0 -9999.0 -9999.0 109.324490 118.672582 138.934213 144.412009 169.642005 177.656310 198.859344 218.959956 240.915334 258.794166 290.636856 324.931794 368.025667 413.718982 448.168913 446.048101 459.625003 496.309918 541.434515 574.958301 602.565302 647.303491 733.426239 784.338908 799.475142 807.922018 819.529046 866.313956 930.260899 950.166381 925.926641 909.372009 928.497959 966.773065 982.238255 986.758599 996.990446 1006.447536 1031.459582 1020.012408 972.259500 952.205548 946.322634 931.473976 874.762590 811.253343 767.403298 710.096380 620.204292 559.171947 559.482205 573.108055 538.614565 480.364504 435.031619 421.884100 404.926001 389.258810 393.397412 411.360984 433.121085 443.453714 429.953193 408.490117 385.019953 355.789509 357.140829 382.185421 -9999.0 -9999.0 -9999.0 -9999.0 -9999.0 -9999.0
-9999.0 -9999.0 -9999.0 -9999.0 59.241464 72.061740 60.470997 85.058267 117.735023 151.898724 184.878341 223.057439 251.526089 283.078150 326.224524 365.202236 411.487038 451.032744 510.860038 584.222526 640.845035 672.012155 695.198207 763.214178 829.292229 882.126509 903.068834 931.620849 978.164252 1046.169703 1076.787847 1085.717084 1103.223274 1134.413505 1179.554445 1212.821010 1195.280891 1187.544129 1192.056898 1203.489630 1229.766515 1232.584528 1234.979805 1236.822958 1239.978746 1238.352259 1212.802143 1178.612182 1164.030739 1155.237419 1129.611116 1062.333053 1013.102451 978.692783 946.473367 897.210456 830.683711 807.637854 743.897063 678.816207 607.081384 578.663745 542.676144 512.082160 478.023141 475.852640 476.238477 454.132983 421.286232 388.083316 372.247441 352.896464 341.867051 371.373743 388.700829 419.199432 -9999.0 -9999.0 -9999.0 -9999.0
-9999.0 -9999.0 0.254130 49.846797 106.449655 115.595344 117.682190 123.801024 152.230223 204.703400 283.851811 338.192704 385.191002 421.188870 486.104788 574.116914 656.237295 713.981647 780.550180 851.681776 913.802147 951.377394 978.078261 1019.887172 1072.135411 1128.970587 1155.100933 1180.592884 1211.061937 1245.023209 1263.536645 1279.056548 1286.444474 1286.338651 1289.884397 1290.442623 1285.851037 1279.560980 1260.941858 1257.574046 1265.205599 1269.829784 1272.410553 1259.708939 1255.767428 1268.392908 1270.634201 1269.629149 1269.646817 1277.527602 1283.892248 1248.269210 1202.669405 1186.275956 1176.621907 1134.653968 1071.827842 1022.973354 996.452809 952.570253 874.782722 820.488767 763.795127 705.346392 643.960599 604.967638 552.322449 506.384961 457.545542 409.881977 384.989370 365.680980 362.503961 362.116054 377.702792 392.859199 407.986298 415.657984 -9999.0 -9999.0
-9999.0 -100.525864 -27.876038 99.454109 179.446781 225.456507 263.733868 291.914900 320.237370 342.849377 454.764732 559.599346 657.096919 698.187031 757.829302 859.628787 958.110943 1005.309974 1043.342909 1095.465434 1151.535305 1197.178950 1226.890039 1248.529985 1279.471999 1286.249137 1287.431596 1289.231688 1284.120770 1277.209448 1268.320588 1275.046969 1272.164449 1254.431532 1239.652322 1236.750699 1229.958147 1203.461420 1173.703836 1158.333500 1160.976036 1182.508132 1171.550765 1151.634178 1148.144412 1168.735740 1186.786364 1179.144297 1168.505118 1187.360743 1222.368677 1244.110764 1257.236636 1272.809701 1293.140306 1269.190466 1238.423043 1196.791347 1176.136108 1146.474774 1085.797934 1023.097439 967.230883 904.103745 835.872703 761.665129 690.007801 622.238830 550.724235 506.221950 472.070044 418.747460 394.690619 394.775858 384.743930 381.420078 387.316236 393.512868 -9999.0 -9999.0
-9999.0 -175.936776 -32.712736 153.168000 302.160933 366.230304 481.724708 567.977598 600.570538 579.472100 698.205284 923.789003 1017.701867 1033.818641 1102.761393 1185.139476 1216.047243 1247.112017 1267.961771 1271.832825 1275.023902 1282.655537 1280.980445 1274.885963 1261.147967 1253.495507 1252.096023 1248.441184 1229.464052 1209.678112 1191.755667 1187.024327 1169.512140 1128.801638 1097.344593 1080.862261 1063.627278 1035.701450 997.443374 968.310249 953.325623 970.068165 961.671527 944.561374 941.144776 964.351764 998.091943 994.878454 1003.284169 1027.501380 1069.568967 1112.466465 1136.473959 1166.791272 1203.532618 1246.756163 1264.379843 1285.206011 1289.969761 1268.548723 1225.363320 1174.417453 1139.128315 1073.514584 999.909108 920.686800 856.411864 794.168881 719.873472 665.025706 610.779257 547.948787 487.047889 457.362162 415.914997 394.446816 -9999.0 -9999.0 -9999.0 -9999.0
-9999.0 -247.391080 -56.946423 206.619205 475.845545 604.516519 813.089605 946.155179 1013.150204 1071.743788 1083.358894 1208.455153 1239.630286 1233.299984 1224.815144 1227.955630 1243.114051 1247.524398 1244.578215 1235.138597 1225.704564 1221.709507 1219.756882 1211.196746 1199.022575 1183.684494 1169.840118 1154.977844 1112.650441 1078.160370 1043.906112 1027.021716 988.469366 898.818663 857.023476 823.398769 766.063104 753.703280 740.121558 706.693511 684.304472 665.387141 685.389660 687.240096 689.085925 696.880726 719.308630 744.028150 790.728077 829.703981 874.941913 928.519872 964.595937 1010.078481 1059.065338 1118.505957 1151.659588 1182.868448 1229.282173 1269.242515 1292.251488 1282.527042 1253.219310 1208.604276 1138.917133 1069.631747 1020.619240 949.863414 884.146478 829.622284 782.229440 724.769078 648.909493 550.417830 504.482704 -9999.0 -9999.0 -9999.0 -9999.0 -9999.0
-9999.0 -412.823420 -144.376711 149.815745 477.527034 805.591615 928.723160 1075.384505 1149.420926 1101.127264 1092.110405 1117.210360 1157.970509 1165.060392 1146.119508 1139.490832 1130.790854 1131.438504 1144.514286 1118.472193 1086.229593 1071.910805 1070.369016 1057.167531 1032.971007 1013.957028 999.262724 976.974100 926.535039 876.507045 798.374540 767.355708 686.650968 618.959600 570.542355 520.090580 466.696866 462.758249 476.911161 459.221270 435.655890 416.464821 442.327718 458.761988 470.504476 461.095487 471.634655 508.778482 560.268434 606.642778 660.846581 722.321866 774.933932 828.863577 864.303147 917.605290 966.460606 1015.622396 1090.891252 1171.795776 1208.695673 1243.775660 1278.445910 1293.581535 1244.197618 1193.975370 1143.840022 1082.492301 995.523970 947.314231 920.423463 879.085648 822.000240 -9999.0 -9999.0 -9999.0 -9999.0 -9999.0 -9999.0 -9999.0
-9999.0 -544.144570 -316.901164 -75.387035 220.376320 462.015035 654.650567 773.975119 857.657591 867.520508 887.039710 917.206470 947.799175 969.939112 948.602411 913.038645 887.184866 891.637353 889.902608 866.308371 836.883247 821.966873 819.593431 810.766668 782.666010 764.247842 749.997182 722.875576 681.640033 621.367998 537.578709 465.274483 400.810101 364.184735 332.725914 298.828851 260.359682 269.965331 283.139227 278.296987 266.142318 261.986340 291.338032 309.971022 320.169281 307.949711 327.120472 354.659574 397.318501 440.764340 490.809648 547.970979 604.452117 638.276670 657.352120 690.882258 739.570282 802.104958 891.104857 988.449764 1066.026845 1118.687894 1170.500660 1203.857071 1218.649465 1235.722926 1213.719365 1132.656951 1002.679211 1000.573536 997.762076 -9999.0 -9999.0 -9999.0 -9999.0 -9999.0 -9999.0 -9999.0 -9999.0 -9999.0
-9999.0 -9999.0 -553.599776 -367.371387 -214.904321 -29.624088 123.202870 234.011546 315.576352 413.497568 508.190469 586.679849 630.176874 648.099398 631.157697 592.953120 568.620868 568.694262 559.224998 546.364723 523.477781 514.308527 503.753755 494.831367 481.283531 472.999160 465.956759 452.656499 427.787093 378.867590 326.123495 273.055948 217.859512 191.711255 169.189644 146.515917 143.342436 140.622725 146.861917 147.956404 153.616827 165.510309 186.036382 207.586225 217.154549 224.870932 237.584050 261.523518 295.007383 336.846150 390.298041 447.480975 487.280496 500.905520 493.201296 501.484686 526.950484 576.186285 668.148601 765.307799 863.809681 937.561364 1011.695614 1065.139564 1085.340369 1107.311996 1126.948197 1057.702679 700.933673 927.159658 -9999.0 -9999.0 -9999.0 -9999.0 -9999.0 -9999.0 -9999.0 -9999.0 -9999.0 -9999.0
-9999.0 -9999.0 -9999.0 -9999.0 -511.599669 -353.874120 -258.501411 -174.627240 -50.588889 62.087958 156.529773 234.999864 290.840015 315.425654 306.406835 304.117637 297.015005 292.591739 283.664768 279.479787 275.061522 267.069321 254.488357 246.493881 245.664282 248.949900 246.089546 232.113324 214.859701 188.469755 165.048340 129.652673 92.567269 63.113424 49.832600 43.135394 43.131293 37.144796 46.383917 52.969838 67.889207 83.240328 107.164092 135.647035 148.572379 162.951768 172.745984 193.599134 223.853640 276.910764 339.570246 396.151455 430.655911 434.559229 409.084166 393.855386 391.628338 421.647695 471.761031 546.586612 655.813822 739.686993 809.606386 860.494429 896.492788 946.888863 1004.127630 1036.892067 -9999.0 -9999.0 -9999.0 -9999.0 -9999.0 -9999.0 -9999.0 -9999.0 -9999.0 -9999.0 -9999.0 -9999.0
-9999.0 -9999.0 -9999.0 -9999.0 -9999.0 -9999.0 -564.140276 -466.737616 -380.488405 -253.140252 -134.338363 -39.913849 36.156398 63.208453 83.267029 106.770924 103.056694 85.811573 68.589704 85.637314 96.274285 90.939824 62.579501 61.166322 64.792132 73.561240 71.824099 65.358487 40.224827 49.017459 47.936580 24.617720 -1.617876 -15.982471 -27.673667 -17.838418 -17.192954 -30.008276 -28.094466 -1.842314 18.014585 31.400507 53.745134 86.887782 118.911733 133.415032 134.500573 140.729211 181.852739 252.088120 322.591996 376.375713 407.414551 414.708855 386.342614 345.525703 324.410758 331.594156 367.227205 422.536285 502.422944 557.011094 592.157178 615.878200 645.649085 746.028412 -9999.0 -9999.0 -9999.0 -9999.0 -9999.0 -9999.0 -9999.0 -9999.0 -9999.0 -9999.0 -9999.0 -9999.0 -9999.0 -9999.0
-9999.0 -9999.0 -9999.0 -9999.0 -9999.0 -9999.0 -9999.0 -9999.0 -9999.0 -9999.0 -9999.0 -9999.0 -9999.0 -9999.0 -9999.0 -9999.0 -9999.0 -9999.0 -9999.0 -9999.0 -9999.0 -9999.0 -9999.0 -9999.0 -9999.0 -9999.0 -9999.0 -9999.0 -9999.0 -9999.0 -9999.0 -9999.0 -9999.0 -9999.0 -9999.0 -9999.0 -9999.0 -9999.0 -9999.0 -9999.0 -9999.0 -9999.0 -9999.0 -9999.0 -9999.0 -9999.0 -9999.0 -9999.0 -9999.0 -9999.0 -9999.0 -9999.0 -9999.0 -9999.0 -9999.0 -9999.0 -9999.0 -9999.0 -9999.0 -9999.0 -9999.0 -9999.0 -9999.0 -9999.0 -9999.0 -9999.0 -9999.0 -9999.0 -9999.0 -9999.0 -9999.0 -9999.0 -9999.0 -9999.0 -9999.0 -9999.0 -9999.0 -9999.0 -9999.0 -9999.0
-9999.0 -9999.0 -9999.0 -9999.0 -9999.0 -9999.0 -9999.0 -9999.0 -9999.0 -9999.0 -9999.0 -9999.0 -9999.0 -9999.0 -9999.0 -9999.0 -9999.0 -9999.0 -9999.0 -9999.0 -9999.0 -9999.0 -9999.0 -9999.0 -9999.0 -9999.0 -9999.0 -9999.0 -9999.0 -9999.0 -9999.0 -9999.0 -9999.0 -9999.0 -9999.0 -9999.0 -9999.0 -9999.0 -9999.0 -9999.0 -9999.0 -9999.0 -9999.0 -9999.0 -9999.0 -9999.0 -9999.0 -9999.0 -9999.0 -9999.0 -9999.0 -9999.0 -9999.0 -9999.0 -9999.0 -9999.0 -9999.0 -9999.0 -9999.0 -9999.0 -9999.0 -9999.0 -9999.0 -9999.0 -9999.0 -9999.0 -9999.0 -9999.0 -9999.0 -9999.0 -9999.0 -9999.0 -9999.0 -9999.0 -9999.0 -9999.0 -9999.0 -9999.0 -9999.0 -9999.0