Borden_/Borden1m_014/output_maps/psiliqL0023N0023.asc
ncols         80
nrows         18
xllcorner     620200.000000
yllcorner     5168000.000000
cellsize      1.000000
NODATA_value  -9999.0
-9999.0 -9999.0 -9999.0 -9999.0 -9999.0 -9999.0 -9999.0 -9999.0 -9999.0 -9999.0 -9999.0 -9999.0 -9999.0 -9999.0 -9999.0 -9999.0 -9999.0 -9999.0 -9999.0 -9999.0 -9999.0 -9999.0 -9999.0 -9999.0 -9999.0 -9999.0 -9999.0 -9999.0 -9999.0 -9999.0 -9999.0 -9999.0 -9999.0 -9999.0 -9999.0 -9999.0 -9999.0 -9999.0 -9999.0 -9999.0 -9999.0 -9999.0 -9999.0 -9999.0 -9999.0 -9999.0 -9999.0 -9999.0 -9999.0 -9999.0 -9999.0 -9999.0 -9999.0 -9999.0 -9999.0 -9999.0 -9999.0 -9999.0 -9999.0 -9999.0 -9999.0 -9999.0 -9999.0 -9999.0 -9999.0 -9999.0 -9999.0 -9999.0 -9999.0 -9999.0 -9999.0 -9999.0 -9999.0 -9999.0 -9999.0 -9999.0 -9999.0 -9999.0 -9999.0 -9999.0
-9999.0 -9999.0 -9999.0 -9999.0 -9999.0 -9999.0 -9999.0 -9999.0 -9999.0 -9999.0 -9999.0 -9999.0 -9999.0 -9999.0 -9999.0 -9999.0 -9999.0 -9999.0 -9999.0 -9999.0 -9999.0 -9999.0 -9999.0 -9999.0 -9999.0 -9999.0 -9999.0 -9999.0 -9999.0 -9999.0 -9999.0 -9999.0 -9999.0 -9999.0 -9999.0 -9999.0 -9999.0 -9999.0 -9999.0 -9999.0 -9999.0 -9999.0 -9999.0 -9999.0 -9999.0 -9999.0 -9999.0 -9999.0 -9999.0 -9999.0 -9999.0 -9999.0 -9999.0 -9999.0 -9999.0 -9999.0 -9999.0 -9999.0 -9999.0 -9999.0 -9999.0 -9999.0 -9999.0 -9999.0 -9999.0 -9999.0 -9999.0 -9999.0 -9999.0 -9999.0 -9999.0 -9999.0 -9999.0 -9999.0 -9999.0 -9999.0 -9999.0 -9999.0 -9999.0 -9999.0
-9999.0 -9999.0 -9999.0 -9999.0 -9999.0 -9999.0 -9999.0 -9999.0 -9999.0 -9999.0 -9999.0 -9999.0 -9999.0 -9999.0 -9999.0 -9999.0 -9999.0 -9999.0 -9999.0 -9999.0 2755.443228 2757.701034 2737.361493 2705.161509 2679.038039 2683.158704 2718.761671 2761.799785 2803.003364 2813.583971 2797.242012 2802.846892 2800.023331 2796.906325 2798.632315 2807.109969 2814.635028 2824.705149 2832.763322 2831.956210 2826.045954 2822.009107 2824.674318 2826.826392 2832.554027 2818.160350 2832.559743 2794.466076 2798.697712 2795.691412 2817.492049 2802.199028 2791.011204 2772.459110 2795.685479 2805.031819 2794.625282 2798.560669 2796.714178 2794.706444 2763.915655 -9999.0 -9999.0 -9999.0 -9999.0 -9999.0 -9999.0 -9999.0 -9999.0 -9999.0 -9999.0 -9999.0 -9999.0 -9999.0 -9999.0 -9999.0 -9999.0 -9999.0 -9999.0 -9999.0
-9999.0 -9999.0 -9999.0 -9999.0 -9999.0 -9999.0 -9999.0 -9999.0 -9999.0 -9999.0 -9999.0 -9999.0 -9999.0 -9999.0 2660.300022 2652.558302 2651.508638 2661.052961 2695.622804 2727.203125 2739.100277 2733.023368 2734.541056 2712.109650 2692.065059 2707.371216 2739.181198 2771.351107 2807.392538 2828.117554 2819.688166 2819.479983 2828.807835 2796.523471 2805.303516 2802.559445 2841.386126 2808.693295 2821.795964 2826.904162 2825.044963 2815.375100 2824.807454 2838.993164 2831.970703 2816.493949 2826.364886 2840.258590 2851.327576 2842.385813 2835.316864 2818.941284 2812.389020 2804.705563 2788.646855 2782.572840 2808.097046 2804.175300 2794.221557 2775.231085 2740.863417 2695.347130 2674.894961 2713.036741 2754.917932 2789.951252 -9999.0 -9999.0 -9999.0 -9999.0 -9999.0 -9999.0 -9999.0 -9999.0 -9999.0 -9999.0 -9999.0 -9999.0 -9999.0 -9999.0
-9999.0 -9999.0 -9999.0 -9999.0 -9999.0 -9999.0 -9999.0 -9999.0 -9999.0 2597.796170 2604.313889 2612.998074 2617.460633 2634.602909 2632.674886 2641.465529 2648.448576 2677.955747 2709.892229 2745.631296 2773.773843 2767.752230 2767.969139 2775.530321 2774.677509 2786.166442 2809.444979 2797.161890 2828.874805 2864.887062 2832.475042 2828.354165 2846.448367 2888.721032 2914.051697 2917.205235 2899.405770 2913.791023 2937.366048 2954.066879 2950.872037 2945.365889 2970.300932 2984.916791 2980.454151 2959.699225 2956.774494 2962.971729 2991.299474 2940.776079 2875.622275 2834.742509 2848.019685 2825.657140 2797.887091 2832.720735 2830.287204 2805.201789 2792.674751 2794.216539 2759.218126 2745.572218 2726.100458 2743.566664 2764.265580 2785.857797 2825.278895 2854.750918 2854.224190 2836.923517 -9999.0 -9999.0 -9999.0 -9999.0 -9999.0 -9999.0 -9999.0 -9999.0 -9999.0 -9999.0
-9999.0 -9999.0 -9999.0 -9999.0 -9999.0 -9999.0 2516.601657 2528.146804 2550.456844 2554.950117 2582.993781 2590.527053 2612.486854 2632.816856 2656.939564 2673.392411 2702.593463 2736.092911 2774.692049 2816.029855 2801.400421 2841.121660 2796.997575 2817.683597 2846.977442 2868.157579 2891.182764 2928.340119 2982.690565 3018.579624 3013.531955 3014.693687 3022.930429 3072.505611 3136.047012 3147.687964 3127.266345 3113.876953 3136.350942 3172.836716 3172.035606 3170.943921 3180.081784 3190.359122 3216.973677 3206.966062 3174.084835 3167.331475 3172.424259 3151.732284 3085.516739 3028.060423 3007.478635 2979.540017 2897.815657 2853.138344 2872.765936 2897.875718 2874.696511 2825.802214 2836.744373 2826.789185 2811.148275 2799.145663 2807.062446 2798.288086 2821.636779 2834.873976 2822.740786 2802.117484 2792.414544 2762.325418 2763.089074 2786.975560 -9999.0 -9999.0 -9999.0 -9999.0 -9999.0 -9999.0
-9999.0 -9999.0 -9999.0 -9999.0 2464.694792 2478.932329 2466.507913 2494.513748 2529.015153 2565.127920 2595.838216 2632.430840 2660.145381 2691.267188 2728.530574 2757.032644 2795.292240 2829.794980 2826.427393 2888.479673 2933.716015 2949.608381 2958.687143 2992.165067 3048.046376 3095.376481 3113.806072 3138.996458 3179.693317 3235.392258 3257.837723 3261.073049 3277.885589 3319.050197 3372.935241 3407.059689 3389.799688 3381.183888 3390.219887 3403.603930 3425.719510 3425.822991 3426.884140 3430.515647 3437.482077 3436.182385 3410.675250 3377.756562 3365.304705 3355.705696 3320.163748 3249.718820 3218.576190 3191.071148 3154.874010 3102.323375 3052.187733 3050.668351 2997.397428 2960.706538 2908.901618 2897.806867 2875.206022 2857.239701 2837.709722 2847.273538 2857.120307 2840.769117 2810.401280 2797.496302 2781.281937 2760.862406 2747.447852 2776.558544 2785.811068 2815.256142 -9999.0 -9999.0 -9999.0 -9999.0
-9999.0 -9999.0 2402.696978 2449.975058 2508.828267 2517.818186 2515.576222 2522.184201 2552.408269 2605.817863 2676.197086 2719.502354 2755.913172 2791.562491 2795.842006 2860.212736 2921.982465 2964.824830 3004.663820 3072.399371 3130.880892 3157.952982 3167.334722 3199.073299 3252.272989 3318.728597 3345.782491 3371.453074 3401.691466 3436.616864 3432.731372 3444.071360 3455.566076 3466.092691 3478.991024 3485.009111 3480.528347 3476.012576 3457.683860 3452.873730 3459.431839 3466.718615 3466.267580 3451.891285 3447.940774 3462.627179 3468.352041 3466.610166 3464.399773 3469.762340 3467.085201 3421.104690 3399.322576 3384.769977 3374.549110 3329.476783 3264.245929 3231.067390 3210.921235 3174.410307 3101.897223 3062.847670 3022.873278 2987.452011 2963.191885 2946.359869 2910.928805 2876.877877 2836.375604 2794.553157 2791.653342 2773.337093 2769.780000 2767.293785 2782.718304 2790.319274 2805.824006 2813.737903 -9999.0 -9999.0
-9999.0 2293.758970 2365.669360 2489.823930 2570.270123 2612.892945 2631.418305 2643.537127 2674.624953 2711.618322 2806.233947 2819.057686 2901.924699 2938.487696 2980.351171 3052.637690 3144.129951 3183.365763 3220.242549 3280.756894 3343.934000 3389.535433 3415.240194 3401.036381 3438.497832 3463.763135 3470.414365 3476.350975 3475.264430 3466.862201 3459.919500 3466.757784 3464.019269 3445.292522 3429.648056 3428.062543 3424.762196 3401.847417 3374.944217 3359.947409 3361.819516 3385.952642 3373.490635 3352.342048 3348.007305 3369.334284 3389.635266 3379.212642 3366.526734 3382.643605 3416.647086 3440.289918 3443.369402 3461.355877 3482.342387 3454.168925 3431.381414 3388.787113 3372.622648 3347.586959 3292.009784 3237.413534 3190.022844 3144.283538 3091.639968 3041.525309 2993.729290 2958.294759 2902.647639 2867.959544 2842.178203 2797.466724 2797.822616 2787.445943 2789.832791 2785.990886 2785.257458 2791.607361 -9999.0 -9999.0
-9999.0 2201.299995 2341.550426 2522.286270 2669.828200 2719.661900 2795.840728 2828.310974 2844.583486 2846.689163 2896.304316 3093.635854 3204.813197 3219.922436 3292.299982 3382.858375 3372.775212 3402.847141 3424.775854 3446.013470 3463.175766 3475.886484 3473.750096 3468.123287 3451.960949 3444.031879 3443.242586 3441.247297 3424.232002 3405.620333 3389.076522 3386.293640 3369.351775 3322.037949 3289.619565 3273.052121 3255.856287 3241.911504 3214.153092 3188.878481 3176.299323 3185.303939 3182.283762 3170.922595 3166.500372 3182.246054 3212.948512 3209.702356 3219.712269 3238.930635 3274.189148 3311.248744 3330.190252 3358.718866 3393.488409 3439.780021 3449.801909 3471.889927 3475.240062 3462.962216 3417.776670 3367.637756 3338.723554 3284.341808 3225.020028 3166.264050 3117.775503 3073.149865 3018.338638 2983.767334 2953.176708 2898.235771 2852.522998 2840.687420 2805.663303 2790.749511 -9999.0 -9999.0 -9999.0 -9999.0
-9999.0 2104.717075 2286.509612 2531.051279 2808.267129 2887.147407 3077.486576 3188.081687 3227.107624 3292.105323 3194.111866 3381.690767 3428.438169 3421.883719 3432.006737 3434.272982 3447.872490 3447.574823 3442.526656 3431.760272 3422.515888 3418.209733 3417.041006 3409.194455 3396.723602 3382.285612 3370.922123 3359.894797 3324.149719 3292.956480 3255.593085 3243.649532 3201.985817 3114.550040 3075.887513 3039.057262 2981.079579 2982.495456 2987.225425 2980.153087 2961.400139 2935.016599 2962.654261 2971.851566 2975.561487 2972.498767 2983.612049 2992.782840 3038.324226 3071.825251 3110.517017 3157.565901 3184.306332 3222.856212 3262.754737 3314.361336 3344.617544 3373.031109 3420.154424 3456.807479 3479.213505 3466.082771 3446.195472 3403.205673 3344.059002 3295.233649 3267.087555 3217.781195 3176.680095 3132.924296 3086.662649 3034.036098 2980.816143 2921.565676 2885.646753 -9999.0 -9999.0 -9999.0 -9999.0 -9999.0
-9999.0 1892.351139 2157.279856 2429.283696 2716.067941 3028.627274 3183.071329 3279.843784 3340.743833 3317.086664 3334.216021 3342.155572 3378.228181 3384.499886 3363.207319 3350.249409 3333.837235 3332.748749 3345.703463 3318.962676 3289.497827 3276.586862 3277.394742 3266.684144 3243.389927 3228.505640 3219.177963 3201.524169 3161.612655 3112.697816 3030.877085 2999.729605 2940.227050 2898.404064 2860.513307 2813.803399 2822.184515 2823.940181 2795.944681 2833.474565 2811.560920 2793.435444 2822.032331 2796.974373 2809.493558 2794.414504 2801.477502 2835.436540 2882.194569 2922.720303 2967.340235 2998.766338 3039.407813 3078.846869 3101.003101 3141.406825 3179.785538 3220.601994 3289.505246 3365.668693 3399.810274 3433.470683 3463.386434 3484.801572 3442.597318 3415.415730 3392.434253 3370.071974 3324.856494 3280.076270 3239.599027 3176.626385 3118.487701 -9999.0 -9999.0 -9999.0 -9999.0 -9999.0 -9999.0 -9999.0
-9999.0 1776.710721 1976.266772 2177.257816 2436.663989 2672.931165 2861.894385 2954.725266 3012.485260 3072.962691 3120.886054 3155.904154 3179.274308 3200.130029 3177.393174 3135.795914 3104.517340 3109.181265 3101.533760 3080.101285 3052.446735 3039.474617 3037.767748 3032.887825 3011.514434 3000.939859 2994.187866 2992.677816 2966.386064 2913.736191 2841.556481 2820.719400 2763.929590 2739.233169 2712.727582 2682.588965 2653.301251 2663.995079 2673.762831 2673.191764 2665.163097 2664.162520 2692.960789 2711.605334 2721.773827 2711.818575 2731.773502 2757.692123 2798.112701 2798.066311 2842.893426 2892.771040 2941.760302 2963.777714 2968.671901 2983.260414 2993.809701 3037.198359 3113.309124 3195.187875 3269.903128 3314.124767 3363.896389 3402.433043 3429.268212 3456.416330 3477.005622 3468.687320 3443.883574 3411.260195 3354.270249 -9999.0 -9999.0 -9999.0 -9999.0 -9999.0 -9999.0 -9999.0 -9999.0 -9999.0
-9999.0 -9999.0 1748.791334 1907.420420 2014.846020 2182.003565 2327.497683 2437.636524 2539.162355 2678.592049 2799.723485 2843.835235 2888.346707 2904.211499 2890.475756 2861.543658 2843.510008 2843.170135 2831.804856 2824.322164 2808.560984 2803.074306 2851.798263 2842.754582 2835.425384 2831.575193 2826.575741 2816.700504 2796.653884 2751.633961 2709.575343 2662.440497 2611.695917 2587.584877 2567.088697 2547.753555 2549.478326 2543.803733 2548.363198 2550.433501 2559.024732 2572.610269 2592.125899 2615.224027 2625.452021 2636.128360 2648.579208 2672.241453 2704.847661 2746.708400 2800.936650 2821.557399 2857.364215 2865.343833 2849.635561 2846.934665 2857.397160 2889.247472 2955.502684 3006.519245 3094.208771 3158.338122 3221.419197 3276.154037 3302.051234 3338.356431 3406.435193 3454.308196 3494.436746 3472.172184 -9999.0 -9999.0 -9999.0 -9999.0 -9999.0 -9999.0 -9999.0 -9999.0 -9999.0 -9999.0
-9999.0 -9999.0 -9999.0 -9999.0 1768.051574 1917.188689 2014.998295 2096.065116 2229.730690 2359.036177 2465.476118 2552.729383 2621.344420 2650.146612 2651.843435 2667.322331 2666.572727 2658.824380 2648.546384 2651.915746 2655.036729 2648.130331 2631.893390 2624.708923 2626.900327 2632.971152 2629.938530 2615.978889 2597.051101 2579.671945 2563.861327 2531.578783 2498.144813 2469.719971 2456.987806 2452.825238 2452.446711 2444.400142 2452.457836 2460.723859 2476.289311 2491.324970 2514.816176 2544.132017 2558.908335 2574.181882 2583.853489 2603.831576 2634.724429 2688.457828 2752.564265 2810.737779 2815.450623 2816.716421 2830.408655 2814.162172 2808.838259 2834.289953 2811.304827 2864.900596 2955.742199 2998.547741 3044.874561 3084.638503 3120.894980 3180.969901 3272.641442 3352.362176 -9999.0 -9999.0 -9999.0 -9999.0 -9999.0 -9999.0 -9999.0 -9999.0 -9999.0 -9999.0 -9999.0 -9999.0
-9999.0 -9999.0 -9999.0 -9999.0 -9999.0 -9999.0 1740.808405 1845.925537 1917.028559 2067.161051 2209.788073 2317.100925 2401.075076 2437.167925 2470.748695 2501.528847 2502.408482 2483.208665 2462.376834 2483.510319 2501.301067 2494.857903 2463.166615 2463.751903 2469.630462 2476.912935 2473.818707 2467.222364 2442.060274 2457.033224 2460.169010 2437.239915 2411.733909 2398.676255 2386.999429 2396.651029 2396.561597 2382.097313 2381.180092 2408.618762 2429.361897 2442.208247 2463.393258 2496.657914 2529.386157 2545.413499 2547.056180 2552.865463 2591.144131 2661.434341 2734.316615 2791.101067 2796.436249 2801.896018 2808.888638 2769.026289 2749.087355 2755.644637 2788.550780 2837.633591 2837.239997 2875.646928 2890.642883 2895.500237 2909.932627 2982.635533 -9999.0 -9999.0 -9999.0 -9999.0 -9999.0 -9999.0 -9999.0 -9999.0 -9999.0 -9999.0 -9999.0 -9999.0 -9999.0 -9999.0
-9999.0 -9999.0 -9999.0 -9999.0 -9999.0 -9999.0 -9999.0 -9999.0 -9999.0 -9999.0 -9999.0 -9999.0 -9999.0 -9999.0 -9999.0 -9999.0 -9999.0 -9999.0 -9999.0 -9999.0 -9999.0 -9999.0 -9999.0 -9999.0 -9999.0 -9999.0 -9999.0 -9999.0 -9999.0 -9999.0 -9999.0 -9999.0 -9999.0 -9999.0 -9999.0 -9999.0 -9999.0 -9999.0 -9999.0 -9999.0 -9999.0 -9999.0 -9999.0 -9999.0 -9999.0 -9999.0 -9999.0 -9999.0 -9999.0 -9999.0 -9999.0 -9999.0 -9999.0 -9999.0 -9999.0 -9999.0 -9999.0 -9999.0 -9999.0 -9999.0 -9999.0 -9999.0 -9999.0 -9999.0 -9999.0 -9999.0 -9999.0 -9999.0 -9999.0 -9999.0 -9999.0 -9999.0 -9999.0 -9999.0 -9999.0 -9999.0 -9999.0 -9999.0 -9999.0 -9999.0
-9999.0 -9999.0 -9999.0 -9999.0 -9999.0 -9999.0 -9999.0 -9999.0 -9999.0 -9999.0 -9999.0 -9999.0 -9999.0 -9999.0 -9999.0 -9999.0 -9999.0 -9999.0 -9999.0 -9999.0 -9999.0 -9999.0 -9999.0 -9999.0 -9999.0 -9999.0 -9999.0 -9999.0 -9999.0 -9999.0 -9999.0 -9999.0 -9999.0 -9999.0 -9999.0 -9999.0 -9999.0 -9999.0 -9999.0 -9999.0 -9999.0 -9999.0 -9999.0 -9999.0 -9999.0 -9999.0 -9999.0 -9999.0 -9999.0 -9999.0 -9999.0 -9999.0 -9999.0 -9999.0 -9999.0 -9999.0 -9999.0 -9999.0 -9999.0 -9999.0 -9999.0 -9999.0 -9999.0 -9999.0 -9999.0 -9999.0 -9999.0 -9999.0 -9999.0 -9999.0 -9999.0 -9999.0 -9999.0 -9999.0 -9999.0 -9999.0 -9999.0 -9999.0 -9999.0 -9999.0