Borden_/Borden1m_014/output_maps/psiliqL0024N0019.asc
ncols         80
nrows         18
xllcorner     620200.000000
yllcorner     5168000.000000
cellsize      1.000000
NODATA_value  -9999.0
-9999.0 -9999.0 -9999.0 -9999.0 -9999.0 -9999.0 -9999.0 -9999.0 -9999.0 -9999.0 -9999.0 -9999.0 -9999.0 -9999.0 -9999.0 -9999.0 -9999.0 -9999.0 -9999.0 -9999.0 -9999.0 -9999.0 -9999.0 -9999.0 -9999.0 -9999.0 -9999.0 -9999.0 -9999.0 -9999.0 -9999.0 -9999.0 -9999.0 -9999.0 -9999.0 -9999.0 -9999.0 -9999.0 -9999.0 -9999.0 -9999.0 -9999.0 -9999.0 -9999.0 -9999.0 -9999.0 -9999.0 -9999.0 -9999.0 -9999.0 -9999.0 -9999.0 -9999.0 -9999.0 -9999.0 -9999.0 -9999.0 -9999.0 -9999.0 -9999.0 -9999.0 -9999.0 -9999.0 -9999.0 -9999.0 -9999.0 -9999.0 -9999.0 -9999.0 -9999.0 -9999.0 -9999.0 -9999.0 -9999.0 -9999.0 -9999.0 -9999.0 -9999.0 -9999.0 -9999.0
-9999.0 -9999.0 -9999.0 -9999.0 -9999.0 -9999.0 -9999.0 -9999.0 -9999.0 -9999.0 -9999.0 -9999.0 -9999.0 -9999.0 -9999.0 -9999.0 -9999.0 -9999.0 -9999.0 -9999.0 -9999.0 -9999.0 -9999.0 -9999.0 -9999.0 -9999.0 -9999.0 -9999.0 -9999.0 -9999.0 -9999.0 -9999.0 -9999.0 -9999.0 -9999.0 -9999.0 -9999.0 -9999.0 -9999.0 -9999.0 -9999.0 -9999.0 -9999.0 -9999.0 -9999.0 -9999.0 -9999.0 -9999.0 -9999.0 -9999.0 -9999.0 -9999.0 -9999.0 -9999.0 -9999.0 -9999.0 -9999.0 -9999.0 -9999.0 -9999.0 -9999.0 -9999.0 -9999.0 -9999.0 -9999.0 -9999.0 -9999.0 -9999.0 -9999.0 -9999.0 -9999.0 -9999.0 -9999.0 -9999.0 -9999.0 -9999.0 -9999.0 -9999.0 -9999.0 -9999.0
-9999.0 -9999.0 -9999.0 -9999.0 -9999.0 -9999.0 -9999.0 -9999.0 -9999.0 -9999.0 -9999.0 -9999.0 -9999.0 -9999.0 -9999.0 -9999.0 -9999.0 -9999.0 -9999.0 -9999.0 2929.831680 2931.108711 2909.461749 2875.544443 2847.474183 2849.448800 2882.639698 2923.266541 2961.906736 2969.651438 2950.807418 2954.505391 2950.182603 2946.195793 2946.886991 2954.628428 2961.160402 2970.923127 2978.012233 2975.910133 2968.675323 2963.569201 2965.685488 2967.444125 2973.557270 2959.724211 2975.389427 2981.096224 2986.017468 2983.297673 2968.599236 2956.008018 2947.701661 2931.999343 2958.092022 2969.667208 2987.048668 2991.869313 2990.286275 2968.319297 2938.344303 -9999.0 -9999.0 -9999.0 -9999.0 -9999.0 -9999.0 -9999.0 -9999.0 -9999.0 -9999.0 -9999.0 -9999.0 -9999.0 -9999.0 -9999.0 -9999.0 -9999.0 -9999.0 -9999.0
-9999.0 -9999.0 -9999.0 -9999.0 -9999.0 -9999.0 -9999.0 -9999.0 -9999.0 -9999.0 -9999.0 -9999.0 -9999.0 -9999.0 2839.297925 2830.440466 2827.603157 2835.063308 2867.666140 2897.850445 2909.517654 2902.066210 2901.907076 2877.374537 2854.907706 2867.705150 2897.003913 2927.143431 2960.313273 2977.822935 2966.697988 2964.206260 2971.587453 2981.850013 2990.074860 2986.401222 2979.850467 2992.208697 3005.361296 3009.994227 3007.908196 2998.055995 3007.172348 3021.235166 3014.208005 2998.895983 3009.259279 3023.981273 3035.259622 3026.881935 2979.286771 2966.227118 2962.890139 2958.550443 2945.500200 2941.560678 2969.503102 2968.946917 2961.612746 2944.536244 2911.539140 2866.651758 2847.966503 2888.391803 2932.178561 2985.151862 -9999.0 -9999.0 -9999.0 -9999.0 -9999.0 -9999.0 -9999.0 -9999.0 -9999.0 -9999.0 -9999.0 -9999.0 -9999.0 -9999.0
-9999.0 -9999.0 -9999.0 -9999.0 -9999.0 -9999.0 -9999.0 -9999.0 -9999.0 2799.025358 2787.617474 2794.459543 2796.691941 2811.812082 2808.607095 2815.449240 2819.808914 2846.840985 2876.345191 2909.846686 2936.660615 2927.520583 2926.074398 2930.686843 2926.345148 2934.666077 2954.957492 2981.701743 3013.063674 3048.176680 3014.786089 3009.796186 3027.040914 3068.491755 3092.397335 3094.703918 3076.105329 3091.376863 3114.672221 3130.733884 3127.221993 3121.410468 3146.824864 3161.643417 3156.549208 3135.557161 3133.218300 3140.106750 3169.083272 3119.088683 3054.250417 3015.265181 3030.402690 3009.121243 2982.621019 2980.893836 2981.240460 2993.377511 2981.955411 2955.394967 2922.263797 2910.900630 2894.194185 2914.807302 2938.114743 2980.528038 3020.657983 3050.739378 3050.658448 3033.689295 -9999.0 -9999.0 -9999.0 -9999.0 -9999.0 -9999.0 -9999.0 -9999.0 -9999.0 -9999.0
-9999.0 -9999.0 -9999.0 -9999.0 -9999.0 -9999.0 2718.133375 2729.781535 2752.117910 2756.335431 2784.500855 2791.528705 2787.337278 2804.464065 2825.902232 2838.961855 2864.355979 2894.307515 2930.359143 2968.316540 2987.377200 2985.387997 2980.877906 3000.693845 3028.083082 3047.469881 3069.477815 3106.328034 3176.335140 3212.239279 3206.103208 3206.976647 3215.077331 3264.784068 3328.338748 3339.634353 3319.100040 3305.814780 3328.675234 3365.461789 3364.186731 3363.037678 3375.337772 3385.830862 3412.513824 3402.163758 3366.500962 3360.337561 3366.102968 3344.741886 3277.685972 3220.600648 3200.911108 3156.596291 3074.896576 3031.627057 3053.714524 3080.968948 3059.280709 3010.501722 2987.180006 2981.261348 2969.803188 2962.196567 2974.026096 2991.354524 3015.824579 3030.000976 3018.600821 2998.284160 2979.276512 2951.035702 2953.498226 2978.449326 -9999.0 -9999.0 -9999.0 -9999.0 -9999.0 -9999.0
-9999.0 -9999.0 -9999.0 -9999.0 2666.256389 2680.612523 2668.041487 2696.215220 2730.678856 2766.695444 2796.567434 2802.692771 2825.696109 2852.449681 2885.894859 2909.163667 2942.080114 2971.915679 3009.046011 3069.792223 3113.743898 3127.558066 3135.783732 3185.086915 3240.921126 3287.893481 3306.238596 3331.546886 3375.811559 3431.758965 3454.085884 3457.119431 3473.959509 3515.913772 3570.697883 3605.360079 3587.953660 3579.180867 3588.620683 3602.355383 3624.480463 3624.569741 3625.668541 3629.495869 3636.729009 3635.250211 3609.312505 3576.201253 3563.388730 3553.602126 3517.115311 3446.082556 3415.355427 3387.250258 3347.045256 3294.042401 3245.244396 3244.993453 3191.382737 3138.854915 3088.601323 3079.850306 3059.319302 3043.259463 3025.457556 3037.257233 3048.941150 3034.039804 3004.627620 2979.114188 2965.847414 2948.016592 2936.677820 2967.575759 2984.000676 3013.760144 -9999.0 -9999.0 -9999.0 -9999.0
-9999.0 -9999.0 2603.908099 2651.088185 2710.221003 2719.153273 2716.479845 2722.940590 2752.997433 2805.957602 2839.246137 2876.790661 2906.844948 2936.929343 2978.013826 3040.586605 3100.380180 3142.144262 3197.494433 3265.588197 3324.040644 3350.836000 3359.870195 3394.704011 3448.429879 3515.861576 3543.268846 3569.230346 3600.247978 3635.762244 3630.260468 3641.348440 3653.196301 3664.577236 3678.266202 3684.710761 3680.079172 3675.529551 3657.108043 3652.156844 3658.686682 3666.257502 3665.594301 3651.102861 3647.144099 3661.950335 3667.872390 3665.999576 3663.546354 3668.731931 3665.350449 3618.451930 3598.285243 3583.472411 3572.492875 3527.012241 3461.237192 3428.414697 3407.770603 3367.881401 3295.232342 3257.061521 3217.618589 3182.684387 3146.011985 3131.892553 3099.017130 3066.832969 3028.178123 2987.613797 2972.525283 2957.540893 2956.726292 2957.005316 2974.405597 2988.752122 3004.754095 3012.856016 -9999.0 -9999.0
-9999.0 2494.299708 2566.172283 2690.222617 2770.683595 2793.676657 2805.055250 2810.416736 2835.444252 2866.251716 2953.939397 2998.055905 3079.894427 3115.485411 3155.852875 3243.694922 3336.034631 3378.144272 3415.807504 3477.440226 3541.527779 3587.831246 3613.760503 3596.992157 3635.209237 3662.109708 3669.299841 3675.633114 3674.957752 3666.514269 3659.740752 3666.514923 3663.686278 3644.778570 3628.962536 3627.310711 3623.969598 3600.892795 3573.565102 3558.380618 3560.049232 3584.700711 3571.802735 3550.547599 3546.179507 3567.654321 3588.554690 3578.025710 3564.975903 3581.456580 3615.697110 3639.824525 3642.177217 3660.369185 3681.404265 3652.902767 3630.658987 3587.581274 3570.946906 3545.757414 3489.710220 3435.059321 3387.438666 3339.188827 3286.867093 3237.498223 3190.060495 3143.960876 3090.642454 3057.944788 3033.590093 2990.528125 2980.795256 2983.670207 2980.387433 2978.587970 2984.067608 2990.705114 -9999.0 -9999.0
-9999.0 2400.448631 2540.496413 2720.932966 2851.223619 2893.364175 2959.781602 3009.956942 3023.570622 2981.920778 3070.202321 3282.777900 3398.974643 3414.870031 3488.300751 3580.670037 3567.921924 3598.456582 3620.837369 3643.721930 3662.175914 3675.463416 3673.475390 3668.013841 3651.727752 3643.769807 3642.944275 3640.906144 3623.744878 3605.002337 3588.360152 3585.436063 3567.938179 3519.827925 3487.129279 3470.240725 3452.397179 3438.653961 3411.097504 3385.471274 3369.756296 3380.985998 3378.423407 3364.578662 3360.146532 3378.475652 3409.252383 3406.561737 3417.202778 3436.554954 3471.864760 3509.306194 3528.365491 3557.091648 3592.357292 3639.259019 3648.824844 3671.037162 3674.235991 3662.619462 3616.940130 3566.104568 3537.034317 3482.321285 3422.938729 3361.534584 3313.204506 3268.831947 3214.189197 3180.049638 3141.442546 3088.125376 3044.506064 3035.574453 3002.047396 2988.489326 -9999.0 -9999.0 -9999.0 -9999.0
-9999.0 2301.834571 2482.961096 2726.217243 2999.003050 3073.247993 3270.531777 3382.921943 3421.670699 3487.137624 3381.717408 3576.144510 3625.060119 3619.058685 3631.178570 3633.776123 3647.617295 3647.197248 3642.138493 3631.283835 3621.917851 3617.517639 3616.387721 3608.517456 3595.991920 3581.488226 3569.737719 3558.568669 3522.497064 3491.052667 3453.039866 3440.916480 3398.129436 3307.606558 3269.091517 3231.796298 3172.717313 3174.633410 3180.565547 3158.050023 3138.947689 3112.281317 3140.591386 3150.175157 3153.918753 3150.387499 3160.740846 3186.444756 3232.749603 3266.384006 3304.947980 3352.207023 3381.914869 3420.636848 3460.449001 3512.254224 3542.817849 3571.375602 3619.316464 3656.092750 3678.611058 3665.157038 3645.735370 3602.152333 3542.452851 3493.473765 3465.089842 3415.428580 3372.393645 3328.939350 3282.778078 3230.317622 3169.807256 3114.782966 3080.656520 -9999.0 -9999.0 -9999.0 -9999.0 -9999.0
-9999.0 2085.604131 2350.313520 2620.767584 2885.156524 3216.705316 3377.637324 3473.331359 3535.016386 3513.586097 3532.823093 3540.196075 3576.771605 3583.380543 3561.880748 3548.598955 3531.770229 3530.682009 3543.675044 3516.731031 3487.000184 3473.943902 3474.785092 3464.083452 3440.605739 3425.732949 3416.429386 3398.407859 3355.786895 3306.612670 3224.267443 3191.851928 3116.527426 3076.504896 3040.040439 2993.944707 2960.084450 2964.937358 2978.946255 2979.373817 2958.872328 2941.903443 2970.840400 2981.257707 2994.079988 2978.451112 2985.084548 3018.953454 3064.868507 3104.587490 3147.962066 3194.049867 3234.985291 3274.080402 3295.566741 3335.372897 3376.781811 3417.804021 3487.054573 3563.944853 3598.879080 3632.859416 3662.424875 3684.005965 3641.577358 3614.703486 3591.480999 3568.642708 3523.138358 3478.179248 3437.680017 3374.186894 3314.760509 -9999.0 -9999.0 -9999.0 -9999.0 -9999.0 -9999.0 -9999.0
-9999.0 1971.304478 2168.711475 2366.495566 2623.492941 2832.466341 3041.011456 3131.276281 3199.610969 3263.473214 3313.293744 3349.348117 3374.959522 3396.049034 3373.341686 3328.608448 3297.027599 3301.824883 3293.766969 3272.578626 3245.036798 3232.195837 3229.979133 3225.244129 3204.059804 3193.735424 3187.033806 3170.560984 3145.042887 3093.278955 3022.306803 2961.349751 2907.771208 2886.979259 2863.787308 2836.524095 2809.214706 2822.318166 2834.952435 2835.042978 2828.290605 2828.241358 2857.280109 2876.555999 2886.074371 2875.082542 2893.299696 2916.748408 2954.042892 2985.005693 3029.046467 3078.417782 3126.176269 3146.404726 3149.160122 3161.554309 3187.980341 3231.059380 3306.893433 3391.894453 3467.556844 3512.157712 3562.252244 3601.473629 3628.747937 3655.127538 3676.332381 3668.484745 3643.302401 3610.434066 3552.782123 -9999.0 -9999.0 -9999.0 -9999.0 -9999.0 -9999.0 -9999.0 -9999.0 -9999.0
-9999.0 -9999.0 1942.064492 2098.619321 2202.609020 2368.568310 2514.237119 2624.933447 2728.927047 2822.518502 2941.364019 3020.986638 3065.954495 3080.995895 3066.909333 3037.853679 3020.115188 3019.821922 3008.512569 3001.790828 2986.999074 2981.809880 2982.371237 2975.043545 2970.346330 2969.348748 2967.126547 2959.341911 2942.559579 2901.137242 2863.222924 2819.094476 2812.287063 2788.284547 2767.782023 2748.500288 2750.375736 2744.287517 2748.657046 2750.788128 2759.686073 2773.508599 2793.023918 2790.576319 2800.045951 2809.937969 2820.894133 2842.594788 2872.565287 2912.416166 2963.628569 3011.246494 3046.448786 3053.065222 3035.356034 3030.751477 3039.390633 3068.680857 3132.480968 3199.990049 3288.100143 3352.512649 3418.725440 3473.851169 3499.994359 3536.355218 3605.332182 3653.266648 3694.190639 3671.875058 -9999.0 -9999.0 -9999.0 -9999.0 -9999.0 -9999.0 -9999.0 -9999.0 -9999.0 -9999.0
-9999.0 -9999.0 -9999.0 -9999.0 1959.984098 2108.633044 2206.845574 2287.951814 2422.510433 2553.224154 2661.049716 2749.347605 2819.072690 2797.165359 2797.130443 2812.250505 2810.825233 2802.089744 2791.362008 2795.354761 2799.411691 2793.536351 2833.632116 2825.949013 2827.718071 2833.451058 2830.032710 2815.886651 2796.800024 2780.197638 2765.006171 2732.903971 2699.966204 2671.520478 2658.700534 2654.591118 2654.022631 2645.679466 2653.576816 2661.971903 2677.633755 2692.714568 2716.248979 2745.543591 2760.571685 2776.048889 2785.869179 2805.889732 2810.663301 2861.839509 2923.405805 2979.499945 3007.502859 3007.638128 2986.338679 2965.505424 2954.373655 2973.240861 2992.488063 3043.774544 3132.636590 3192.890074 3238.633954 3277.759328 3313.919518 3377.776059 3470.492920 3550.780916 -9999.0 -9999.0 -9999.0 -9999.0 -9999.0 -9999.0 -9999.0 -9999.0 -9999.0 -9999.0 -9999.0 -9999.0
-9999.0 -9999.0 -9999.0 -9999.0 -9999.0 -9999.0 1935.283141 2041.116093 2111.091875 2263.313189 2408.036993 2516.590470 2601.355154 2638.091914 2672.894513 2704.468338 2705.927815 2686.717902 2665.675160 2687.179390 2705.467653 2698.681729 2666.525065 2666.775760 2672.310573 2679.023229 2675.517030 2668.770886 2643.577452 2659.096374 2662.581323 2639.624461 2614.104168 2601.049731 2589.322036 2598.847671 2598.578427 2583.878557 2582.682300 2610.152620 2630.996712 2643.858079 2665.028049 2698.394454 2731.293135 2747.578340 2749.421850 2755.366489 2793.419213 2838.797384 2909.343210 2963.988259 2989.892207 2994.371797 2969.974020 2925.865844 2900.608697 2900.731794 2926.419266 2967.484428 3016.353988 3052.616495 3064.481941 3066.492724 3079.230161 3175.449097 -9999.0 -9999.0 -9999.0 -9999.0 -9999.0 -9999.0 -9999.0 -9999.0 -9999.0 -9999.0 -9999.0 -9999.0 -9999.0 -9999.0
-9999.0 -9999.0 -9999.0 -9999.0 -9999.0 -9999.0 -9999.0 -9999.0 -9999.0 -9999.0 -9999.0 -9999.0 -9999.0 -9999.0 -9999.0 -9999.0 -9999.0 -9999.0 -9999.0 -9999.0 -9999.0 -9999.0 -9999.0 -9999.0 -9999.0 -9999.0 -9999.0 -9999.0 -9999.0 -9999.0 -9999.0 -9999.0 -9999.0 -9999.0 -9999.0 -9999.0 -9999.0 -9999.0 -9999.0 -9999.0 -9999.0 -9999.0 -9999.0 -9999.0 -9999.0 -9999.0 -9999.0 -9999.0 -9999.0 -9999.0 -9999.0 -9999.0 -9999.0 -9999.0 -9999.0 -9999.0 -9999.0 -9999.0 -9999.0 -9999.0 -9999.0 -9999.0 -9999.0 -9999.0 -9999.0 -9999.0 -9999.0 -9999.0 -9999.0 -9999.0 -9999.0 -9999.0 -9999.0 -9999.0 -9999.0 -9999.0 -9999.0 -9999.0 -9999.0 -9999.0
-9999.0 -9999.0 -9999.0 -9999.0 -9999.0 -9999.0 -9999.0 -9999.0 -9999.0 -9999.0 -9999.0 -9999.0 -9999.0 -9999.0 -9999.0 -9999.0 -9999.0 -9999.0 -9999.0 -9999.0 -9999.0 -9999.0 -9999.0 -9999.0 -9999.0 -9999.0 -9999.0 -9999.0 -9999.0 -9999.0 -9999.0 -9999.0 -9999.0 -9999.0 -9999.0 -9999.0 -9999.0 -9999.0 -9999.0 -9999.0 -9999.0 -9999.0 -9999.0 -9999.0 -9999.0 -9999.0 -9999.0 -9999.0 -9999.0 -9999.0 -9999.0 -9999.0 -9999.0 -9999.0 -9999.0 -9999.0 -9999.0 -9999.0 -9999.0 -9999.0 -9999.0 -9999.0 -9999.0 -9999.0 -9999.0 -9999.0 -9999.0 -9999.0 -9999.0 -9999.0 -9999.0 -9999.0 -9999.0 -9999.0 -9999.0 -9999.0 -9999.0 -9999.0 -9999.0 -9999.0