Borden_/Borden1m_014/output_maps/psiliqL0018N0027.asc
ncols         80
nrows         18
xllcorner     620200.000000
yllcorner     5168000.000000
cellsize      1.000000
NODATA_value  -9999.0
-9999.0 -9999.0 -9999.0 -9999.0 -9999.0 -9999.0 -9999.0 -9999.0 -9999.0 -9999.0 -9999.0 -9999.0 -9999.0 -9999.0 -9999.0 -9999.0 -9999.0 -9999.0 -9999.0 -9999.0 -9999.0 -9999.0 -9999.0 -9999.0 -9999.0 -9999.0 -9999.0 -9999.0 -9999.0 -9999.0 -9999.0 -9999.0 -9999.0 -9999.0 -9999.0 -9999.0 -9999.0 -9999.0 -9999.0 -9999.0 -9999.0 -9999.0 -9999.0 -9999.0 -9999.0 -9999.0 -9999.0 -9999.0 -9999.0 -9999.0 -9999.0 -9999.0 -9999.0 -9999.0 -9999.0 -9999.0 -9999.0 -9999.0 -9999.0 -9999.0 -9999.0 -9999.0 -9999.0 -9999.0 -9999.0 -9999.0 -9999.0 -9999.0 -9999.0 -9999.0 -9999.0 -9999.0 -9999.0 -9999.0 -9999.0 -9999.0 -9999.0 -9999.0 -9999.0 -9999.0
-9999.0 -9999.0 -9999.0 -9999.0 -9999.0 -9999.0 -9999.0 -9999.0 -9999.0 -9999.0 -9999.0 -9999.0 -9999.0 -9999.0 -9999.0 -9999.0 -9999.0 -9999.0 -9999.0 -9999.0 -9999.0 -9999.0 -9999.0 -9999.0 -9999.0 -9999.0 -9999.0 -9999.0 -9999.0 -9999.0 -9999.0 -9999.0 -9999.0 -9999.0 -9999.0 -9999.0 -9999.0 -9999.0 -9999.0 -9999.0 -9999.0 -9999.0 -9999.0 -9999.0 -9999.0 -9999.0 -9999.0 -9999.0 -9999.0 -9999.0 -9999.0 -9999.0 -9999.0 -9999.0 -9999.0 -9999.0 -9999.0 -9999.0 -9999.0 -9999.0 -9999.0 -9999.0 -9999.0 -9999.0 -9999.0 -9999.0 -9999.0 -9999.0 -9999.0 -9999.0 -9999.0 -9999.0 -9999.0 -9999.0 -9999.0 -9999.0 -9999.0 -9999.0 -9999.0 -9999.0
-9999.0 -9999.0 -9999.0 -9999.0 -9999.0 -9999.0 -9999.0 -9999.0 -9999.0 -9999.0 -9999.0 -9999.0 -9999.0 -9999.0 -9999.0 -9999.0 -9999.0 -9999.0 -9999.0 -9999.0 1752.864009 1755.561699 1734.763781 1702.399730 1676.015145 1679.892285 1715.796825 1758.801197 1799.480311 1810.659570 1794.373371 1799.079768 1796.040439 1794.849314 1797.530423 1805.565714 1811.490776 1822.924229 1831.797348 1831.942104 1826.715879 1822.767691 1824.567558 1827.332341 1832.646802 1819.654491 1832.916065 1846.721456 1849.801330 1843.310994 1815.159554 1798.504460 1787.358010 1769.297732 1792.033397 1801.501813 1822.121232 1824.306718 1820.736019 1792.521148 1761.640909 -9999.0 -9999.0 -9999.0 -9999.0 -9999.0 -9999.0 -9999.0 -9999.0 -9999.0 -9999.0 -9999.0 -9999.0 -9999.0 -9999.0 -9999.0 -9999.0 -9999.0 -9999.0 -9999.0
-9999.0 -9999.0 -9999.0 -9999.0 -9999.0 -9999.0 -9999.0 -9999.0 -9999.0 -9999.0 -9999.0 -9999.0 -9999.0 -9999.0 1658.590009 1650.306070 1648.989210 1658.628618 1693.318218 1724.651726 1736.863541 1730.563787 1732.047734 1709.805149 1690.318338 1705.813742 1737.519108 1770.881772 1807.252845 1828.754952 1819.735233 1819.328213 1829.660903 1854.238341 1866.324645 1864.112419 1845.866878 1870.441130 1886.339033 1894.737877 1895.182790 1887.591477 1899.761203 1914.997532 1907.640103 1890.211408 1896.000072 1907.194805 1916.850076 1902.848831 1838.839026 1819.603807 1812.977290 1804.499239 1788.261625 1780.451779 1804.560076 1802.176584 1792.214788 1772.799728 1738.642386 1693.452040 1673.437333 1711.079220 1753.174573 1808.688615 -9999.0 -9999.0 -9999.0 -9999.0 -9999.0 -9999.0 -9999.0 -9999.0 -9999.0 -9999.0 -9999.0 -9999.0 -9999.0 -9999.0
-9999.0 -9999.0 -9999.0 -9999.0 -9999.0 -9999.0 -9999.0 -9999.0 -9999.0 1596.692481 1602.650950 1611.276183 1615.328668 1632.390434 1630.790678 1639.403260 1647.271389 1676.228907 1708.531800 1744.683695 1774.240081 1767.051224 1768.892823 1778.908505 1781.440001 1794.231573 1817.852620 1859.787480 1899.068761 1940.592792 1912.957485 1912.028312 1932.265410 1978.312900 2008.440850 2014.148021 1996.363457 2008.393333 2033.897645 2055.230042 2055.509371 2053.441028 2079.120136 2093.527868 2091.659060 2070.098614 2060.100755 2060.929192 2085.310355 2032.386844 1964.619536 1916.250250 1921.529364 1892.002635 1855.691467 1835.944245 1831.827509 1849.815903 1833.385705 1794.865880 1757.602621 1744.469608 1725.200683 1741.439743 1761.851505 1806.008376 1843.284201 1870.109936 1867.750863 1849.068309 -9999.0 -9999.0 -9999.0 -9999.0 -9999.0 -9999.0 -9999.0 -9999.0 -9999.0 -9999.0
-9999.0 -9999.0 -9999.0 -9999.0 -9999.0 -9999.0 1515.734269 1526.629659 1548.451560 1553.702781 1580.994812 1589.499890 1611.605805 1632.332942 1656.034671 1673.541376 1704.272897 1738.535222 1779.979202 1823.505225 1856.588547 1851.793565 1863.371968 1892.426060 1929.559100 1957.463105 1984.167248 2026.037066 2103.459999 2146.360710 2151.454066 2157.168953 2167.991867 2218.000766 2282.184293 2295.553218 2275.287165 2261.578227 2283.578914 2321.334754 2326.383509 2328.628678 2341.780332 2352.154392 2377.644799 2366.282919 2325.368177 2312.024231 2311.177045 2291.139102 2226.119624 2162.919272 2131.293447 2079.701862 1995.112146 1942.153874 1951.653124 1970.033831 1940.305399 1885.016255 1843.745268 1831.874324 1815.192552 1801.062798 1806.449155 1823.870012 1843.753439 1852.935343 1837.742535 1814.621622 1790.486320 1760.411781 1761.254956 1785.529636 -9999.0 -9999.0 -9999.0 -9999.0 -9999.0 -9999.0
-9999.0 -9999.0 -9999.0 -9999.0 1464.163911 1478.120160 1466.456214 1493.532923 1527.854490 1563.830049 1596.485452 1634.165985 1662.838626 1694.804541 1735.664953 1768.936517 1810.587508 1847.164735 1902.425863 1971.169210 2022.926202 2046.365234 2062.582729 2121.217944 2183.114733 2235.919096 2258.380748 2287.733296 2334.886567 2396.341682 2424.208251 2431.452031 2449.916293 2488.153692 2538.427152 2573.394090 2556.493206 2548.194374 2555.651867 2568.866032 2593.292354 2595.582675 2598.186350 2601.408614 2606.439706 2604.137692 2577.606000 2542.549557 2526.173202 2515.196632 2481.930544 2410.726699 2371.733973 2339.477539 2300.624691 2246.169873 2185.330415 2172.292457 2113.339447 2053.624302 1992.085401 1971.268423 1940.385131 1914.189106 1884.999507 1885.803656 1887.513286 1864.732128 1829.679054 1795.334015 1778.613492 1758.357841 1745.765058 1774.875785 1791.436058 1820.738537 -9999.0 -9999.0 -9999.0 -9999.0
-9999.0 -9999.0 1402.878051 1451.348602 1509.697054 1519.389089 1519.697408 1526.991817 1557.419400 1611.445992 1685.708154 1734.683589 1775.975003 1812.304863 1873.009768 1949.850323 2021.102942 2070.842884 2133.755797 2206.301861 2269.992824 2303.727037 2321.362972 2362.873087 2419.000673 2484.354487 2512.916443 2540.924803 2575.404411 2611.841561 2618.811590 2632.689012 2642.651799 2648.614322 2657.018845 2660.153754 2654.704661 2648.409141 2629.053931 2624.597544 2631.758202 2638.528595 2639.606412 2626.106212 2622.136078 2635.770009 2639.860548 2637.894894 2635.924716 2642.215991 2643.093164 2600.866176 2568.422996 2551.346395 2537.671411 2491.219475 2424.669296 2383.922341 2359.347018 2313.423930 2234.656529 2184.548490 2134.141426 2086.239503 2033.733686 2003.538103 1956.263296 1912.085694 1863.517841 1815.307081 1790.162601 1771.080664 1767.396172 1765.819025 1781.010789 1795.232842 1809.761088 1817.107715 -9999.0 -9999.0
-9999.0 1297.140146 1369.608701 1495.443144 1576.448752 1620.937610 1648.360537 1668.391442 1699.340773 1730.778091 1832.827504 1912.722866 2004.166402 2045.272373 2096.642423 2194.954910 2291.884752 2341.155202 2382.672968 2443.346024 2507.029730 2557.882807 2588.260215 2591.951557 2628.844703 2647.783337 2652.897070 2657.885474 2656.064124 2648.698939 2640.897478 2647.065670 2642.895481 2623.159493 2606.303003 2602.483199 2595.948865 2569.860031 2538.808335 2522.374789 2523.770851 2547.978527 2534.849020 2514.049507 2510.422596 2532.334183 2553.823109 2545.319475 2533.447267 2552.914813 2588.758316 2612.639588 2620.842277 2638.172430 2658.801872 2631.986690 2605.067286 2561.462128 2539.616122 2509.212273 2449.366648 2388.008286 2332.068386 2270.269350 2203.574219 2136.665286 2072.653948 2009.445597 1942.280450 1899.755935 1867.754653 1817.654246 1797.049678 1798.131992 1788.542059 1784.493701 1789.280987 1795.027994 -9999.0 -9999.0
-9999.0 1211.884398 1353.673691 1537.105508 1685.645240 1741.470337 1833.946155 1909.181083 1936.656889 1904.356350 2012.931551 2233.432711 2345.767766 2367.585078 2443.792269 2538.184279 2549.787897 2584.457209 2609.070122 2625.451560 2638.843290 2651.734949 2651.677528 2647.405782 2633.002283 2625.183238 2623.340091 2619.743837 2601.091045 2580.644731 2561.835069 2556.170493 2534.796338 2487.287564 2452.590428 2433.578147 2414.762261 2394.700793 2362.017120 2333.697003 2316.497201 2330.149637 2325.309006 2309.143428 2305.633490 2327.964142 2360.356537 2358.560538 2370.008677 2392.827705 2433.193444 2474.250124 2498.137193 2529.938308 2568.859734 2615.540792 2630.051945 2652.257158 2655.905778 2638.701125 2592.500420 2537.247021 2501.041323 2436.360927 2362.592445 2282.378239 2215.803429 2151.728676 2080.994097 2034.470531 1987.544827 1930.042726 1877.701854 1857.106494 1817.403585 1797.914545 -9999.0 -9999.0 -9999.0 -9999.0
-9999.0 1125.874819 1311.606486 1564.773496 1847.670004 1949.132687 2155.167125 2283.166102 2338.690845 2409.958945 2362.336779 2530.783672 2577.975294 2577.384206 2584.316202 2591.188404 2608.831376 2613.193452 2610.863159 2601.864828 2593.663615 2590.244002 2589.334109 2581.685569 2568.812012 2552.777264 2537.093201 2522.438302 2482.744335 2447.732283 2408.711449 2392.299399 2349.937822 2255.855534 2212.473553 2174.102228 2114.685405 2109.156810 2105.248490 2076.358716 2056.074151 2032.468430 2056.480941 2063.457156 2066.936125 2068.465153 2084.283406 2111.456635 2158.850334 2196.781792 2241.804585 2295.288615 2332.187362 2376.908832 2423.111201 2479.993521 2514.820773 2547.507396 2597.873156 2637.517991 2661.016377 2648.024109 2620.751059 2570.669816 2495.685391 2426.947997 2374.497879 2298.367621 2232.898298 2179.768183 2133.137544 2081.959824 2017.435651 1943.704085 1902.618151 -9999.0 -9999.0 -9999.0 -9999.0 -9999.0
-9999.0 933.200665 1199.836826 1481.535153 1784.660902 2118.467492 2266.309013 2387.758767 2460.478224 2435.128739 2449.380706 2468.726632 2513.531609 2524.894811 2506.927080 2498.675482 2487.178364 2488.135822 2501.940793 2476.069307 2446.810932 2433.437775 2432.921144 2420.728584 2396.318927 2378.648983 2365.994331 2343.809888 2294.175885 2241.319696 2157.184181 2123.647382 2045.032329 1992.912643 1949.690675 1899.721045 1849.382964 1848.724136 1866.848861 1852.725825 1830.318371 1811.884256 1839.216512 1858.406789 1871.475072 1859.459967 1868.839889 1905.388538 1955.511444 2000.387805 2050.635888 2106.058171 2153.278480 2201.078014 2232.720964 2282.729741 2332.717411 2380.996405 2455.864778 2536.676117 2576.403491 2611.860147 2642.335214 2656.017650 2600.428830 2547.987349 2491.234717 2425.842292 2346.253201 2298.050774 2271.184906 2227.889085 2172.236589 -9999.0 -9999.0 -9999.0 -9999.0 -9999.0 -9999.0 -9999.0
-9999.0 811.100289 1022.389128 1240.891797 1515.640388 1752.473485 1957.173187 2062.889971 2142.456020 2190.898751 2233.406562 2270.743248 2302.828416 2327.733856 2308.683881 2268.813776 2240.420262 2245.530909 2240.470880 2217.663610 2188.663883 2173.953590 2170.758502 2163.510669 2138.941390 2124.268454 2112.876993 2089.168799 2056.326368 2000.074111 1921.580503 1847.508770 1787.481615 1758.007841 1729.303007 1697.360854 1663.436952 1673.479655 1685.143239 1682.071184 1672.264595 1669.937824 1698.952731 1718.278615 1728.583153 1717.788955 1737.495937 1764.194960 1805.797318 1849.559930 1899.215999 1954.790925 2009.108068 2038.319700 2051.712505 2076.316373 2115.837232 2170.109043 2256.447282 2352.200627 2431.873613 2481.302398 2532.465604 2566.459348 2578.413901 2583.550953 2555.074506 2474.349485 2373.621931 2355.690296 2351.998405 -9999.0 -9999.0 -9999.0 -9999.0 -9999.0 -9999.0 -9999.0 -9999.0 -9999.0
-9999.0 -9999.0 791.370009 961.897008 1088.891703 1264.374231 1413.296116 1523.761491 1617.203143 1739.267153 1849.780115 1937.091279 1982.778928 2001.156786 1988.525969 1958.071846 1938.690630 1939.038782 1928.738128 1919.121416 1900.357835 1892.643518 1880.614249 1871.852580 1862.415752 1857.033525 1851.236924 1839.443008 1817.486895 1770.931904 1724.260148 1673.806020 1621.374206 1596.001097 1574.287870 1553.245736 1552.634103 1547.970762 1553.090269 1554.615445 1561.910497 1574.740800 1594.639050 1616.915237 1626.910183 1636.446953 1649.127151 1673.069561 1706.309676 1749.075136 1803.614511 1862.169198 1902.801371 1916.173116 1906.873226 1912.000466 1932.011554 1974.168335 2053.594333 2136.986544 2233.245304 2304.949043 2376.416766 2427.875673 2442.640667 2455.457035 2467.105078 2417.025545 2286.655115 2309.392270 -9999.0 -9999.0 -9999.0 -9999.0 -9999.0 -9999.0 -9999.0 -9999.0 -9999.0 -9999.0
-9999.0 -9999.0 -9999.0 -9999.0 821.675360 974.778369 1072.330192 1155.265560 1285.700922 1408.553498 1510.231282 1594.497454 1658.177418 1685.210267 1682.767909 1691.074507 1687.739231 1681.316906 1671.530871 1671.672697 1671.601992 1664.182938 1649.163921 1641.598660 1642.527749 1647.353095 1644.224356 1629.997830 1611.469266 1589.972430 1570.564876 1536.506478 1500.920382 1471.690722 1458.410804 1452.928075 1452.489292 1445.148965 1453.570488 1461.047918 1476.277930 1491.408289 1515.083878 1544.234939 1558.315588 1573.310022 1583.177898 1603.755823 1634.443035 1688.184406 1752.105497 1810.630088 1847.444633 1852.610597 1828.882288 1814.035558 1810.745423 1838.944334 1883.526013 1950.022637 2051.441909 2124.611482 2180.701537 2224.067787 2255.039864 2298.793573 2346.098166 2377.946392 -9999.0 -9999.0 -9999.0 -9999.0 -9999.0 -9999.0 -9999.0 -9999.0 -9999.0 -9999.0 -9999.0 -9999.0
-9999.0 -9999.0 -9999.0 -9999.0 -9999.0 -9999.0 784.866723 887.352626 965.383576 1106.499802 1239.560726 1341.946118 1422.904784 1455.701677 1483.781660 1511.549046 1510.489996 1492.063079 1472.679446 1491.935666 1506.591114 1500.485707 1469.934207 1469.585790 1474.414453 1482.146780 1479.416549 1472.614882 1447.172947 1459.133307 1460.081454 1436.625499 1410.467831 1396.594219 1384.589229 1394.053212 1394.081592 1380.182019 1380.329017 1407.198340 1427.509299 1440.545430 1462.192383 1495.423543 1527.896517 1543.369254 1544.914823 1551.107646 1590.938911 1661.367828 1733.565624 1789.684691 1822.925531 1831.714136 1805.450655 1766.166650 1746.569096 1754.280517 1789.434970 1841.995951 1917.636047 1966.511948 1991.162076 2002.916188 2019.521449 2109.780727 -9999.0 -9999.0 -9999.0 -9999.0 -9999.0 -9999.0 -9999.0 -9999.0 -9999.0 -9999.0 -9999.0 -9999.0 -9999.0 -9999.0
-9999.0 -9999.0 -9999.0 -9999.0 -9999.0 -9999.0 -9999.0 -9999.0 -9999.0 -9999.0 -9999.0 -9999.0 -9999.0 -9999.0 -9999.0 -9999.0 -9999.0 -9999.0 -9999.0 -9999.0 -9999.0 -9999.0 -9999.0 -9999.0 -9999.0 -9999.0 -9999.0 -9999.0 -9999.0 -9999.0 -9999.0 -9999.0 -9999.0 -9999.0 -9999.0 -9999.0 -9999.0 -9999.0 -9999.0 -9999.0 -9999.0 -9999.0 -9999.0 -9999.0 -9999.0 -9999.0 -9999.0 -9999.0 -9999.0 -9999.0 -9999.0 -9999.0 -9999.0 -9999.0 -9999.0 -9999.0 -9999.0 -9999.0 -9999.0 -9999.0 -9999.0 -9999.0 -9999.0 -9999.0 -9999.0 -9999.0 -9999.0 -9999.0 -9999.0 -9999.0 -9999.0 -9999.0 -9999.0 -9999.0 -9999.0 -9999.0 -9999.0 -9999.0 -9999.0 -9999.0
-9999.0 -9999.0 -9999.0 -9999.0 -9999.0 -9999.0 -9999.0 -9999.0 -9999.0 -9999.0 -9999.0 -9999.0 -9999.0 -9999.0 -9999.0 -9999.0 -9999.0 -9999.0 -9999.0 -9999.0 -9999.0 -9999.0 -9999.0 -9999.0 -9999.0 -9999.0 -9999.0 -9999.0 -9999.0 -9999.0 -9999.0 -9999.0 -9999.0 -9999.0 -9999.0 -9999.0 -9999.0 -9999.0 -9999.0 -9999.0 -9999.0 -9999.0 -9999.0 -9999.0 -9999.0 -9999.0 -9999.0 -9999.0 -9999.0 -9999.0 -9999.0 -9999.0 -9999.0 -9999.0 -9999.0 -9999.0 -9999.0 -9999.0 -9999.0 -9999.0 -9999.0 -9999.0 -9999.0 -9999.0 -9999.0 -9999.0 -9999.0 -9999.0 -9999.0 -9999.0 -9999.0 -9999.0 -9999.0 -9999.0 -9999.0 -9999.0 -9999.0 -9999.0 -9999.0 -9999.0