Borden_/Borden1m_014/output_maps/psiliqL0012N0024.asc
ncols         80
nrows         18
xllcorner     620200.000000
yllcorner     5168000.000000
cellsize      1.000000
NODATA_value  -9999.0
-9999.0 -9999.0 -9999.0 -9999.0 -9999.0 -9999.0 -9999.0 -9999.0 -9999.0 -9999.0 -9999.0 -9999.0 -9999.0 -9999.0 -9999.0 -9999.0 -9999.0 -9999.0 -9999.0 -9999.0 -9999.0 -9999.0 -9999.0 -9999.0 -9999.0 -9999.0 -9999.0 -9999.0 -9999.0 -9999.0 -9999.0 -9999.0 -9999.0 -9999.0 -9999.0 -9999.0 -9999.0 -9999.0 -9999.0 -9999.0 -9999.0 -9999.0 -9999.0 -9999.0 -9999.0 -9999.0 -9999.0 -9999.0 -9999.0 -9999.0 -9999.0 -9999.0 -9999.0 -9999.0 -9999.0 -9999.0 -9999.0 -9999.0 -9999.0 -9999.0 -9999.0 -9999.0 -9999.0 -9999.0 -9999.0 -9999.0 -9999.0 -9999.0 -9999.0 -9999.0 -9999.0 -9999.0 -9999.0 -9999.0 -9999.0 -9999.0 -9999.0 -9999.0 -9999.0 -9999.0
-9999.0 -9999.0 -9999.0 -9999.0 -9999.0 -9999.0 -9999.0 -9999.0 -9999.0 -9999.0 -9999.0 -9999.0 -9999.0 -9999.0 -9999.0 -9999.0 -9999.0 -9999.0 -9999.0 -9999.0 -9999.0 -9999.0 -9999.0 -9999.0 -9999.0 -9999.0 -9999.0 -9999.0 -9999.0 -9999.0 -9999.0 -9999.0 -9999.0 -9999.0 -9999.0 -9999.0 -9999.0 -9999.0 -9999.0 -9999.0 -9999.0 -9999.0 -9999.0 -9999.0 -9999.0 -9999.0 -9999.0 -9999.0 -9999.0 -9999.0 -9999.0 -9999.0 -9999.0 -9999.0 -9999.0 -9999.0 -9999.0 -9999.0 -9999.0 -9999.0 -9999.0 -9999.0 -9999.0 -9999.0 -9999.0 -9999.0 -9999.0 -9999.0 -9999.0 -9999.0 -9999.0 -9999.0 -9999.0 -9999.0 -9999.0 -9999.0 -9999.0 -9999.0 -9999.0 -9999.0
-9999.0 -9999.0 -9999.0 -9999.0 -9999.0 -9999.0 -9999.0 -9999.0 -9999.0 -9999.0 -9999.0 -9999.0 -9999.0 -9999.0 -9999.0 -9999.0 -9999.0 -9999.0 -9999.0 -9999.0 541.284993 544.266612 522.483429 489.356569 461.998118 464.945467 500.587082 542.792572 582.196827 593.498710 576.670389 579.790461 575.949480 575.838135 579.082982 586.071141 590.081489 601.687456 610.571275 610.816671 605.358230 600.662346 600.998733 604.458236 609.530136 598.705170 611.650333 626.080569 630.845270 624.554003 596.174233 579.260557 569.225651 552.728810 575.896152 586.806594 608.610913 611.880737 609.479262 581.751454 551.238191 -9999.0 -9999.0 -9999.0 -9999.0 -9999.0 -9999.0 -9999.0 -9999.0 -9999.0 -9999.0 -9999.0 -9999.0 -9999.0 -9999.0 -9999.0 -9999.0 -9999.0 -9999.0 -9999.0
-9999.0 -9999.0 -9999.0 -9999.0 -9999.0 -9999.0 -9999.0 -9999.0 -9999.0 -9999.0 -9999.0 -9999.0 -9999.0 -9999.0 448.905077 439.569725 437.370609 446.571367 480.966720 511.687177 524.228888 517.358957 518.209295 495.624635 476.197700 491.288976 522.072686 555.030152 591.184363 613.221687 602.937116 601.867038 613.042452 640.065019 654.346889 652.312743 632.347721 655.760937 672.348197 682.231180 682.724775 675.313522 689.830883 706.312893 699.341802 680.938350 684.009990 694.740860 706.739280 690.853572 625.141458 603.484849 597.561067 588.883267 573.325970 565.503135 589.447369 588.723340 579.387107 560.463572 527.214184 482.685830 463.808066 501.703779 545.037041 601.989406 -9999.0 -9999.0 -9999.0 -9999.0 -9999.0 -9999.0 -9999.0 -9999.0 -9999.0 -9999.0 -9999.0 -9999.0 -9999.0 -9999.0
-9999.0 -9999.0 -9999.0 -9999.0 -9999.0 -9999.0 -9999.0 -9999.0 -9999.0 389.808869 394.386384 402.151685 404.927049 421.231558 419.686516 427.498515 435.747618 463.411442 495.514952 531.565986 561.245852 553.059797 554.959174 567.510835 573.883065 587.789777 610.951935 653.937398 698.221582 742.913802 717.171083 717.125704 738.256378 787.569964 823.587344 832.680577 813.715544 820.679384 847.054437 872.399777 874.853141 874.869645 901.773637 916.912794 919.425401 897.276958 879.119507 876.450182 900.565113 846.407234 778.374112 724.426396 723.721918 689.419537 647.091942 623.948984 619.334971 638.567275 621.570953 582.501618 544.730207 533.114348 514.950962 530.705756 552.078640 597.740592 635.707645 663.487219 662.600414 644.684182 -9999.0 -9999.0 -9999.0 -9999.0 -9999.0 -9999.0 -9999.0 -9999.0 -9999.0 -9999.0
-9999.0 -9999.0 -9999.0 -9999.0 -9999.0 -9999.0 310.424875 320.015686 340.524217 345.992245 371.559103 379.713719 401.114120 421.392617 443.706777 461.658017 493.479768 527.952676 570.994502 616.446855 650.674444 648.279500 661.736297 697.510706 741.526763 774.106944 801.314325 845.088924 928.737192 978.073916 991.872935 999.866102 1011.434731 1059.071001 1122.785482 1140.934699 1118.059356 1101.977093 1121.255695 1158.828346 1171.369788 1175.280281 1185.747379 1195.308162 1220.377698 1209.150533 1163.829487 1145.196868 1140.310661 1125.029271 1067.033927 1003.335102 961.579519 905.642895 817.727650 758.462172 760.189207 774.351486 740.478038 682.598390 637.880487 624.810304 607.741023 592.106443 596.236321 613.963406 635.335114 645.411822 631.602081 609.849636 586.247716 556.835068 558.048910 582.932648 -9999.0 -9999.0 -9999.0 -9999.0 -9999.0 -9999.0
-9999.0 -9999.0 -9999.0 -9999.0 260.130925 273.157577 261.610011 286.610822 319.584540 354.080850 387.117199 425.329523 453.956551 485.746924 528.777252 567.097352 612.789282 652.047541 711.235387 783.654893 838.982098 868.492859 890.247217 956.398448 1022.054161 1075.344426 1096.329388 1124.960061 1171.043079 1237.098866 1267.518107 1275.816957 1293.653667 1326.854791 1371.939966 1404.840103 1387.517660 1379.565167 1384.312651 1395.800660 1421.470267 1424.063398 1426.521428 1428.629397 1432.043273 1430.254654 1404.696530 1370.480289 1356.411833 1347.329992 1320.136263 1252.806711 1206.159305 1172.476043 1139.673786 1089.586205 1023.555080 1001.935574 939.226784 875.660882 806.376539 779.305479 744.079452 713.987274 680.514892 678.592259 678.995802 656.655193 623.367591 589.883034 573.795983 554.196414 542.832029 572.184444 589.335463 619.614406 -9999.0 -9999.0 -9999.0 -9999.0
-9999.0 -9999.0 200.755000 250.228241 307.155489 316.501489 318.484952 324.923164 353.773481 406.603314 485.177911 538.877623 585.136935 621.377017 685.740556 771.830604 851.287164 907.067409 972.543203 1044.163968 1106.837919 1143.636106 1167.922047 1209.596482 1263.022798 1321.722119 1346.957929 1373.073415 1404.062681 1438.230532 1455.205122 1470.438802 1478.270700 1479.229389 1483.347780 1484.066336 1479.279965 1472.779323 1453.853476 1450.166710 1457.466538 1461.990033 1464.519260 1451.960191 1448.037016 1460.605507 1463.042501 1462.138316 1462.504445 1470.240577 1475.710133 1439.284045 1395.744124 1379.307687 1369.339320 1326.535545 1263.454355 1216.736603 1190.801767 1146.827888 1068.966669 1014.909618 959.237006 902.838328 843.683502 806.303203 754.568794 708.864982 659.914710 611.956768 586.805606 567.298354 563.827031 563.083559 578.476143 593.410913 608.390404 615.984756 -9999.0 -9999.0
-9999.0 99.247438 171.914205 299.108423 379.404532 425.420237 462.391760 489.614098 518.499080 542.621543 652.960721 753.475844 849.000197 889.674913 947.849040 1049.072397 1146.060093 1193.207054 1231.540763 1285.472332 1343.154690 1389.383197 1419.101719 1438.437048 1470.524557 1479.076856 1480.588580 1482.870594 1478.321389 1471.251890 1462.392723 1469.036035 1465.922751 1448.081914 1433.008481 1429.841341 1422.969579 1396.409053 1366.366715 1350.607136 1352.588690 1373.373927 1362.649399 1343.282290 1339.834541 1360.105740 1378.329057 1371.288807 1361.463776 1380.422565 1415.339725 1437.485364 1450.014255 1465.876444 1486.395722 1461.988697 1431.907603 1390.273171 1369.760282 1339.864330 1279.952500 1217.429054 1161.858264 1099.337761 1031.232977 958.251948 888.556732 822.358628 751.721894 707.315712 673.192183 620.002395 596.063121 595.927073 585.717901 582.129712 587.763615 593.856036 -9999.0 -9999.0
-9999.0 22.452321 165.532821 351.206805 500.374362 563.511651 675.721225 760.060390 791.602695 769.341532 884.581794 1107.534503 1203.807829 1220.963737 1291.382188 1375.594457 1403.751068 1435.498402 1457.057350 1462.965105 1467.931394 1476.230355 1474.846659 1469.421239 1455.492279 1447.652219 1446.124206 1442.429681 1423.675460 1403.696749 1385.351825 1380.549546 1362.304230 1321.008960 1289.242160 1272.322202 1255.020192 1228.722242 1191.133206 1162.014594 1146.642971 1162.612669 1154.711007 1138.073904 1134.688267 1157.505048 1191.110606 1188.439941 1197.663841 1221.883843 1263.480794 1305.330328 1329.207668 1359.737110 1396.908401 1440.584171 1457.896905 1479.042804 1483.596110 1462.519296 1418.545481 1366.805977 1332.255996 1268.069889 1195.031122 1116.264453 1051.816058 989.354859 915.844578 862.462575 809.495572 747.290855 687.219736 658.313696 616.737900 595.316979 -9999.0 -9999.0 -9999.0 -9999.0
-9999.0 -51.056001 138.795407 401.052767 672.314507 796.171121 1003.712226 1135.244036 1198.820642 1260.569915 1262.763383 1393.379315 1427.071644 1421.864147 1415.973009 1419.961362 1435.714972 1440.343810 1437.682821 1428.487898 1419.521750 1415.180204 1413.362984 1406.099218 1393.263011 1377.472065 1363.389647 1348.622892 1307.694130 1273.325273 1238.139352 1221.276309 1182.142606 1092.231514 1050.150689 1015.646385 958.093647 946.638497 934.242501 901.605897 879.631332 860.201271 880.494698 883.093818 885.227871 892.060169 913.420672 938.545027 985.370541 1024.333088 1069.752443 1123.230436 1159.326790 1204.718313 1253.316512 1311.623038 1345.027016 1376.626529 1422.958315 1462.759443 1485.831465 1475.731138 1447.052715 1401.844761 1332.523574 1265.000707 1216.843657 1146.753824 1081.364605 1026.005415 977.189392 919.504696 845.357197 750.563500 705.009682 -9999.0 -9999.0 -9999.0 -9999.0 -9999.0
-9999.0 -220.342443 47.890318 340.492707 664.579602 992.418165 1118.316273 1259.141847 1332.370419 1288.157133 1283.552933 1306.827141 1348.209060 1356.174563 1337.837794 1331.348459 1322.465733 1323.366758 1336.762099 1311.105010 1280.318044 1266.269210 1264.865130 1252.066269 1227.483054 1208.386029 1193.746326 1171.487978 1121.601352 1071.142271 991.704726 960.420340 880.719175 816.403981 769.299913 719.157068 666.269795 662.541966 676.921673 659.555678 636.053899 616.948252 642.922037 659.704707 671.669846 662.011872 672.538770 709.787838 761.143407 807.133178 860.171105 919.786231 971.282719 1024.210476 1059.376320 1112.254888 1161.194691 1210.262305 1285.076131 1364.605781 1402.020006 1437.550658 1472.004766 1487.428641 1437.805531 1388.435204 1339.744393 1281.972601 1197.884991 1148.841517 1119.263447 1074.237044 1015.797755 -9999.0 -9999.0 -9999.0 -9999.0 -9999.0 -9999.0 -9999.0
-9999.0 -350.329351 -125.349709 113.090847 406.090260 646.852006 839.451289 956.081949 1037.834986 1055.085210 1078.608616 1109.516801 1140.236158 1162.798278 1141.976638 1106.179170 1080.137332 1084.841086 1082.761408 1059.330328 1030.073248 1015.106014 1012.520687 1003.806577 976.074941 958.065219 944.063534 917.515816 878.019521 819.303951 736.951102 664.517754 600.618703 564.971175 533.859512 500.160339 462.213230 471.696132 484.491148 479.754070 467.847686 463.914128 493.191404 511.945268 522.200044 510.272700 529.633357 557.200835 599.845363 643.405103 693.411825 750.316513 806.415898 839.411538 857.459358 889.173607 935.954377 997.015308 1085.931061 1182.636707 1260.507401 1312.186922 1364.077532 1398.437274 1413.506911 1430.315778 1409.901987 1333.380046 1210.036472 1209.710653 1201.936112 -9999.0 -9999.0 -9999.0 -9999.0 -9999.0 -9999.0 -9999.0 -9999.0 -9999.0
-9999.0 -9999.0 -361.186856 -177.071919 -28.009155 156.242777 308.876837 419.851248 503.158514 604.492127 701.165481 780.232555 823.461213 841.212868 825.390411 789.045989 765.876385 766.149667 756.735117 744.559326 722.497148 713.610536 702.833000 693.824557 680.718084 672.657527 665.571265 652.268420 627.709808 579.161812 527.278836 474.446560 419.512671 393.344001 370.847683 348.330649 345.426796 342.341184 348.343917 349.434080 355.281382 367.281224 387.701961 409.353478 419.003837 427.022364 439.789681 463.808384 497.357990 539.450710 593.161195 650.616153 690.636132 704.349887 696.572087 704.554367 729.449715 777.692080 867.072084 961.078123 1059.304519 1132.942847 1207.067402 1261.296805 1281.626290 1302.931514 1324.818735 1261.572285 885.692668 1143.176156 -9999.0 -9999.0 -9999.0 -9999.0 -9999.0 -9999.0 -9999.0 -9999.0 -9999.0 -9999.0
-9999.0 -9999.0 -9999.0 -9999.0 -320.376336 -163.325252 -67.429486 16.566286 141.705393 255.859542 351.343298 430.566788 487.513300 512.469185 504.514424 503.876147 497.415909 492.761845 483.758419 480.231217 476.456537 468.521179 455.525337 447.491772 446.783584 450.143225 447.098700 432.944033 415.384572 389.610007 366.680197 331.379907 294.404014 264.899056 251.554594 244.978139 244.859890 238.641783 247.724064 254.407752 269.348713 284.658505 308.547067 337.134687 350.241432 364.730747 374.571898 395.431431 425.796799 479.009633 541.925853 598.866097 633.772083 637.966858 612.904254 597.945494 595.846649 625.900648 675.403597 749.097473 856.658743 938.027248 1005.897577 1056.695759 1093.053819 1143.955587 1204.550664 1243.431765 -9999.0 -9999.0 -9999.0 -9999.0 -9999.0 -9999.0 -9999.0 -9999.0 -9999.0 -9999.0 -9999.0 -9999.0
-9999.0 -9999.0 -9999.0 -9999.0 -9999.0 -9999.0 -370.856795 -272.358974 -187.212017 -57.791098 63.037600 158.661191 235.417556 263.357176 284.619640 308.770974 305.479242 288.099743 270.596304 287.942508 299.125932 293.634160 264.909267 263.563869 267.267845 275.787290 273.815227 267.207760 241.959785 251.105221 250.232450 226.834781 200.556800 186.210556 174.431413 184.163562 184.686684 171.698965 173.338153 199.648331 219.552709 232.883552 255.127272 288.287367 320.385356 335.044845 336.227109 342.492390 383.468716 453.755966 524.550852 578.727918 610.140354 617.721723 589.759076 549.340968 528.664239 536.202698 572.112535 627.422994 706.964034 761.039567 795.086993 817.444248 845.324755 943.087441 -9999.0 -9999.0 -9999.0 -9999.0 -9999.0 -9999.0 -9999.0 -9999.0 -9999.0 -9999.0 -9999.0 -9999.0 -9999.0 -9999.0
-9999.0 -9999.0 -9999.0 -9999.0 -9999.0 -9999.0 -9999.0 -9999.0 -9999.0 -9999.0 -9999.0 -9999.0 -9999.0 -9999.0 -9999.0 -9999.0 -9999.0 -9999.0 -9999.0 -9999.0 -9999.0 -9999.0 -9999.0 -9999.0 -9999.0 -9999.0 -9999.0 -9999.0 -9999.0 -9999.0 -9999.0 -9999.0 -9999.0 -9999.0 -9999.0 -9999.0 -9999.0 -9999.0 -9999.0 -9999.0 -9999.0 -9999.0 -9999.0 -9999.0 -9999.0 -9999.0 -9999.0 -9999.0 -9999.0 -9999.0 -9999.0 -9999.0 -9999.0 -9999.0 -9999.0 -9999.0 -9999.0 -9999.0 -9999.0 -9999.0 -9999.0 -9999.0 -9999.0 -9999.0 -9999.0 -9999.0 -9999.0 -9999.0 -9999.0 -9999.0 -9999.0 -9999.0 -9999.0 -9999.0 -9999.0 -9999.0 -9999.0 -9999.0 -9999.0 -9999.0
-9999.0 -9999.0 -9999.0 -9999.0 -9999.0 -9999.0 -9999.0 -9999.0 -9999.0 -9999.0 -9999.0 -9999.0 -9999.0 -9999.0 -9999.0 -9999.0 -9999.0 -9999.0 -9999.0 -9999.0 -9999.0 -9999.0 -9999.0 -9999.0 -9999.0 -9999.0 -9999.0 -9999.0 -9999.0 -9999.0 -9999.0 -9999.0 -9999.0 -9999.0 -9999.0 -9999.0 -9999.0 -9999.0 -9999.0 -9999.0 -9999.0 -9999.0 -9999.0 -9999.0 -9999.0 -9999.0 -9999.0 -9999.0 -9999.0 -9999.0 -9999.0 -9999.0 -9999.0 -9999.0 -9999.0 -9999.0 -9999.0 -9999.0 -9999.0 -9999.0 -9999.0 -9999.0 -9999.0 -9999.0 -9999.0 -9999.0 -9999.0 -9999.0 -9999.0 -9999.0 -9999.0 -9999.0 -9999.0 -9999.0 -9999.0 -9999.0 -9999.0 -9999.0 -9999.0 -9999.0