Borden_/Borden1m_014/output_maps/psiliqL0009N0033.asc
ncols         80
nrows         18
xllcorner     620200.000000
yllcorner     5168000.000000
cellsize      1.000000
NODATA_value  -9999.0
-9999.0 -9999.0 -9999.0 -9999.0 -9999.0 -9999.0 -9999.0 -9999.0 -9999.0 -9999.0 -9999.0 -9999.0 -9999.0 -9999.0 -9999.0 -9999.0 -9999.0 -9999.0 -9999.0 -9999.0 -9999.0 -9999.0 -9999.0 -9999.0 -9999.0 -9999.0 -9999.0 -9999.0 -9999.0 -9999.0 -9999.0 -9999.0 -9999.0 -9999.0 -9999.0 -9999.0 -9999.0 -9999.0 -9999.0 -9999.0 -9999.0 -9999.0 -9999.0 -9999.0 -9999.0 -9999.0 -9999.0 -9999.0 -9999.0 -9999.0 -9999.0 -9999.0 -9999.0 -9999.0 -9999.0 -9999.0 -9999.0 -9999.0 -9999.0 -9999.0 -9999.0 -9999.0 -9999.0 -9999.0 -9999.0 -9999.0 -9999.0 -9999.0 -9999.0 -9999.0 -9999.0 -9999.0 -9999.0 -9999.0 -9999.0 -9999.0 -9999.0 -9999.0 -9999.0 -9999.0
-9999.0 -9999.0 -9999.0 -9999.0 -9999.0 -9999.0 -9999.0 -9999.0 -9999.0 -9999.0 -9999.0 -9999.0 -9999.0 -9999.0 -9999.0 -9999.0 -9999.0 -9999.0 -9999.0 -9999.0 -9999.0 -9999.0 -9999.0 -9999.0 -9999.0 -9999.0 -9999.0 -9999.0 -9999.0 -9999.0 -9999.0 -9999.0 -9999.0 -9999.0 -9999.0 -9999.0 -9999.0 -9999.0 -9999.0 -9999.0 -9999.0 -9999.0 -9999.0 -9999.0 -9999.0 -9999.0 -9999.0 -9999.0 -9999.0 -9999.0 -9999.0 -9999.0 -9999.0 -9999.0 -9999.0 -9999.0 -9999.0 -9999.0 -9999.0 -9999.0 -9999.0 -9999.0 -9999.0 -9999.0 -9999.0 -9999.0 -9999.0 -9999.0 -9999.0 -9999.0 -9999.0 -9999.0 -9999.0 -9999.0 -9999.0 -9999.0 -9999.0 -9999.0 -9999.0 -9999.0
-9999.0 -9999.0 -9999.0 -9999.0 -9999.0 -9999.0 -9999.0 -9999.0 -9999.0 -9999.0 -9999.0 -9999.0 -9999.0 -9999.0 -9999.0 -9999.0 -9999.0 -9999.0 -9999.0 -9999.0 -65.310858 -62.256926 -84.733415 -118.495434 -146.598610 -144.325147 -108.976880 -67.339053 -28.758575 -17.710495 -35.267664 -33.229574 -37.737507 -37.458820 -33.940928 -27.381641 -24.139308 -12.161277 -2.987763 -2.531037 -8.101128 -13.271663 -13.781081 -10.043688 -5.105270 -14.860222 -1.838156 13.031623 18.629733 12.314886 -16.421375 -33.390909 -42.594157 -58.011418 -34.185816 -22.248096 0.354308 4.303033 2.634591 -24.776275 -55.100124 -9999.0 -9999.0 -9999.0 -9999.0 -9999.0 -9999.0 -9999.0 -9999.0 -9999.0 -9999.0 -9999.0 -9999.0 -9999.0 -9999.0 -9999.0 -9999.0 -9999.0 -9999.0 -9999.0
-9999.0 -9999.0 -9999.0 -9999.0 -9999.0 -9999.0 -9999.0 -9999.0 -9999.0 -9999.0 -9999.0 -9999.0 -9999.0 -9999.0 -156.401745 -166.392103 -169.216537 -160.450320 -126.391666 -96.134961 -83.476603 -90.839113 -90.612030 -113.809192 -133.629612 -119.023838 -88.956872 -56.543371 -20.968654 0.816043 -10.920168 -12.846876 -1.395943 27.410121 43.388562 41.558258 20.593289 44.169583 62.048387 73.417211 74.086478 66.492797 82.307212 99.527865 92.531173 73.465906 75.386539 86.100067 99.439398 81.661243 13.389319 -9.863722 -14.855557 -22.931172 -37.647313 -45.108269 -20.823659 -20.450941 -29.207248 -47.648210 -80.321378 -124.551832 -142.722591 -104.456544 -60.255963 -2.390764 -9999.0 -9999.0 -9999.0 -9999.0 -9999.0 -9999.0 -9999.0 -9999.0 -9999.0 -9999.0 -9999.0 -9999.0 -9999.0 -9999.0
-9999.0 -9999.0 -9999.0 -9999.0 -9999.0 -9999.0 -9999.0 -9999.0 -9999.0 -213.930774 -210.123827 -202.899201 -200.906014 -185.106758 -186.789378 -179.604572 -171.469681 -144.797492 -113.197163 -77.476103 -47.928758 -57.072805 -55.876106 -42.877390 -35.165770 -20.865656 2.060844 45.821767 92.417679 138.441447 111.740834 111.229048 133.273192 187.587187 230.658469 242.566906 222.344691 228.189600 259.056164 290.282374 295.629241 296.723783 324.815385 340.029172 344.591324 322.285355 298.682004 293.551159 317.413157 257.980987 182.463649 122.033336 118.835334 82.918042 37.458427 12.282464 7.682438 28.354142 11.583149 -27.402821 -65.082491 -75.571508 -92.844893 -76.905416 -54.651766 -7.931692 30.556230 59.065723 59.003492 41.431749 -9999.0 -9999.0 -9999.0 -9999.0 -9999.0 -9999.0 -9999.0 -9999.0 -9999.0 -9999.0
-9999.0 -9999.0 -9999.0 -9999.0 -9999.0 -9999.0 -292.710021 -283.833698 -264.034176 -258.540832 -233.969260 -226.251868 -205.439085 -185.701300 -164.491023 -146.812051 -114.989605 -81.167583 -38.022989 8.413130 43.759005 42.128082 55.620706 93.740462 141.588059 178.452734 208.369983 256.989538 346.378861 398.641663 415.232240 422.859640 433.408445 478.950509 540.822663 558.487327 538.079117 524.057871 544.988336 586.419043 610.519976 616.033193 625.328456 634.067171 658.956740 647.666236 592.914003 569.167753 560.567770 545.729374 489.299045 426.370839 380.401351 323.307234 229.323796 161.780625 158.476288 171.433234 135.473719 76.342367 29.419164 16.011105 -0.747937 -16.410750 -12.169307 6.334798 28.911621 39.746790 26.784831 5.825184 -17.441552 -46.329483 -44.686719 -19.283756 -9999.0 -9999.0 -9999.0 -9999.0 -9999.0 -9999.0
-9999.0 -9999.0 -9999.0 -9999.0 -342.429906 -330.028289 -341.727381 -317.971367 -285.859147 -252.342024 -219.510302 -181.434009 -153.352737 -122.385304 -79.079369 -38.658746 9.081832 48.865850 109.961072 187.379493 250.193371 286.057530 311.195959 379.258910 443.481693 495.368721 515.935195 545.402470 593.607150 667.611001 698.632097 705.543925 720.550348 752.759753 790.925464 823.854056 807.013335 804.382710 809.923882 821.884635 849.433225 852.334925 854.542387 855.803976 858.457627 857.316222 831.829946 797.497228 780.357285 772.866653 746.567981 682.803732 627.252490 591.916747 560.839402 511.812493 443.457684 418.311818 355.431100 290.284732 211.190256 178.354414 140.109526 108.634985 73.311656 70.631971 70.926597 49.119459 17.020200 -15.664292 -30.980995 -49.807631 -60.130095 -30.253807 -12.533291 18.463767 -9999.0 -9999.0 -9999.0 -9999.0
-9999.0 -9999.0 -400.632935 -350.824670 -294.874176 -286.177580 -283.966004 -278.551418 -250.976541 -199.252607 -119.066848 -63.348427 -14.704864 20.539804 86.689210 181.026903 272.852682 332.336713 397.196206 465.878629 527.988234 568.856477 602.031214 643.928117 691.802883 747.172772 769.771320 793.284049 826.436422 860.203426 881.553246 896.467617 902.680269 901.256389 901.886938 901.492007 898.008019 893.527282 876.393048 874.210441 882.366837 886.546961 889.529919 876.965743 873.013329 885.366983 887.124105 886.188346 885.843383 893.752094 900.957609 867.499573 817.856325 800.317347 790.829714 752.131533 689.189278 634.175339 607.255573 564.172280 484.503646 429.518824 373.313146 313.949734 248.110553 204.417700 148.652714 101.388884 52.307588 5.213590 -19.062005 -37.863012 -40.323206 -39.895355 -23.845663 -8.195682 7.258942 15.099345 -9999.0 -9999.0
-9999.0 -499.976939 -427.354824 -299.786173 -220.431642 -174.603868 -133.938345 -103.734015 -76.436858 -57.173322 58.251818 174.972032 280.121484 320.534640 380.016023 482.220462 587.612573 632.251998 665.616598 715.013931 766.709169 814.407384 844.315670 870.501383 898.737995 901.763907 901.267619 902.141042 896.652190 889.828846 880.459424 887.007745 884.332469 867.490448 852.717963 849.761111 842.710720 817.744930 789.879237 776.176038 779.933999 801.410490 790.830012 770.907348 767.309009 787.436397 804.440200 796.100488 782.608576 802.081815 836.768303 858.304698 872.652506 887.026107 907.412394 884.566849 852.483021 810.642466 788.524135 760.807971 694.478523 630.574478 575.020664 510.614706 442.474051 368.032434 295.246233 223.088400 147.960871 103.233027 69.064562 15.504397 -8.519369 -7.704450 -17.251543 -19.985060 -13.525380 -7.105364 -9999.0 -9999.0
-9999.0 -572.581384 -429.112316 -242.874942 -94.364652 -28.506278 93.920630 187.387771 224.326690 203.490982 329.300323 562.771110 651.220960 664.278696 728.731084 806.939571 843.258702 871.896743 890.167550 889.864922 889.543171 896.155914 893.699831 887.530661 873.767199 866.030208 864.879971 861.263267 841.828970 822.187196 804.393996 798.113003 782.331216 744.869771 712.916512 695.653691 673.808028 646.508060 609.802953 582.561079 569.141865 587.450000 578.144926 560.121719 556.435713 579.899069 612.970505 607.819685 613.625583 636.915057 680.056553 727.812800 751.840181 779.825152 817.217812 860.238740 878.530058 898.344255 902.909602 880.347791 835.231179 787.005193 751.780031 680.474205 604.540620 523.139757 458.902991 397.491158 324.852479 270.632510 213.652246 148.484471 86.066652 55.269033 14.231497 -7.297140 -9999.0 -9999.0 -9999.0 -9999.0
-9999.0 -639.777373 -448.358176 -182.248375 83.639385 225.265703 431.047469 568.472834 646.616463 695.797544 728.267768 841.893694 867.544917 858.853145 844.844328 845.932716 859.685769 863.320424 859.368954 848.954706 837.820786 833.870750 830.690085 824.489527 812.464373 797.362355 784.200675 768.989081 721.408546 685.685059 652.897390 636.794818 600.585790 511.240811 468.708257 436.328838 380.264755 367.885814 354.029008 321.843363 300.418938 283.082481 302.398097 302.728516 303.747350 312.465043 335.005824 356.976483 401.582295 438.940259 483.863472 538.346890 573.873678 618.436363 669.031990 733.859795 766.660275 795.376120 839.245359 881.347817 903.642692 894.705454 864.417017 820.005927 749.632628 672.030324 617.852545 542.295185 476.771779 426.307526 384.333141 331.866026 257.235910 151.108963 103.948868 -9999.0 -9999.0 -9999.0 -9999.0 -9999.0
-9999.0 -796.948182 -528.860633 -231.547007 104.735674 431.851361 547.858541 710.165694 785.866175 728.734237 708.337316 739.858625 780.038941 786.012759 765.597075 757.891415 749.591576 749.526660 761.328604 732.534200 694.786632 679.188238 677.282798 665.321492 642.332654 623.945601 609.753227 587.829191 535.737012 485.623619 410.148907 381.778740 302.795615 227.796197 174.053846 121.168785 66.205203 62.232400 76.569660 58.666034 35.214192 15.899553 41.739940 57.612474 68.928366 59.658353 69.877532 106.814847 159.313981 208.089345 267.134006 331.687347 383.775466 437.292314 473.086997 528.355350 576.907603 624.926697 700.021607 784.845473 820.414958 855.231181 890.081710 904.042928 855.063895 801.926690 745.376557 668.342642 573.208450 526.838216 506.768096 477.367535 426.369681 -9999.0 -9999.0 -9999.0 -9999.0 -9999.0 -9999.0 -9999.0
-9999.0 -930.150969 -699.588840 -452.351700 -151.305227 92.922607 286.429826 409.143580 500.688067 491.474946 502.250230 532.656335 564.558850 586.749965 564.025002 527.443932 500.919378 504.406676 502.761308 477.715709 446.913460 431.781552 429.956779 422.026278 394.904612 376.793217 363.131292 336.728304 294.164412 229.346389 138.967997 66.100486 0.803887 -37.588461 -69.895626 -104.324967 -143.793805 -133.818701 -119.760365 -124.710752 -137.299791 -141.875802 -112.306068 -93.869158 -83.777302 -96.701053 -77.961034 -50.497612 -7.706653 35.778331 86.439399 144.828968 203.425670 240.301364 262.545720 300.141399 349.879113 412.273222 500.143576 597.949694 674.291156 730.674811 781.583875 810.581184 825.259029 841.292165 816.082479 725.562234 580.747317 567.465083 569.215444 -9999.0 -9999.0 -9999.0 -9999.0 -9999.0 -9999.0 -9999.0 -9999.0 -9999.0
-9999.0 -9999.0 -936.284351 -747.127721 -588.471378 -401.793413 -249.207413 -139.426500 -61.100053 30.274656 122.875393 203.876536 250.468425 269.390383 249.645753 204.928819 176.342422 175.649823 165.462094 150.277572 124.639848 114.478508 104.244000 95.624112 81.396343 72.892716 66.196336 53.250780 28.107181 -21.667772 -76.461096 -129.987433 -185.545290 -211.524931 -234.060171 -257.058458 -260.744501 -262.718611 -255.987015 -254.871154 -249.566140 -237.866417 -217.103990 -195.735661 -186.330060 -179.229113 -166.634689 -142.871971 -109.529373 -68.149158 -15.086348 41.776703 81.476328 95.127952 87.484851 96.262588 122.595980 174.531523 274.774412 375.099210 471.461415 544.369390 616.429914 665.911979 683.569245 707.971997 722.610438 637.440255 368.141335 499.164430 -9999.0 -9999.0 -9999.0 -9999.0 -9999.0 -9999.0 -9999.0 -9999.0 -9999.0 -9999.0
-9999.0 -9999.0 -9999.0 -9999.0 -890.429563 -733.691266 -639.761742 -557.208591 -435.568741 -326.057655 -233.455043 -156.308581 -102.445499 -78.427191 -89.659201 -95.455856 -104.022456 -108.024168 -116.853839 -122.410312 -128.149144 -136.217637 -147.903527 -155.757510 -156.776094 -153.589212 -156.025998 -169.568671 -186.106910 -213.684525 -238.069260 -273.662966 -310.967649 -340.286167 -353.407379 -360.336725 -360.110502 -365.650434 -356.112008 -349.744280 -334.878820 -319.448710 -295.435801 -267.125623 -254.549449 -240.371094 -230.661799 -209.804651 -179.760329 -127.012517 -64.786510 -8.794358 25.038331 28.388326 1.960139 -13.952941 -16.623727 13.282163 64.878841 142.372566 258.089229 345.320077 415.083231 463.190507 496.070856 541.689368 583.520506 598.371081 -9999.0 -9999.0 -9999.0 -9999.0 -9999.0 -9999.0 -9999.0 -9999.0 -9999.0 -9999.0 -9999.0 -9999.0
-9999.0 -9999.0 -9999.0 -9999.0 -9999.0 -9999.0 -945.991392 -851.446137 -764.870599 -642.945263 -529.275974 -437.179223 -362.564289 -337.372588 -319.689585 -297.347477 -301.893671 -318.880229 -335.512290 -319.006209 -309.409609 -314.382964 -341.970113 -343.489179 -340.024751 -330.767827 -332.044367 -338.211225 -363.103466 -354.970213 -356.428575 -379.561647 -405.704824 -420.100641 -431.626638 -421.579151 -420.702679 -433.203763 -430.761917 -404.628905 -384.879079 -371.400258 -348.865577 -315.751540 -283.838099 -269.623189 -268.727920 -262.567725 -221.107722 -150.939772 -80.962974 -27.856711 2.532336 9.303683 -19.928536 -61.670401 -83.795129 -77.415766 -42.409511 12.805860 93.813308 149.423789 186.595567 213.333341 246.951421 349.751837 -9999.0 -9999.0 -9999.0 -9999.0 -9999.0 -9999.0 -9999.0 -9999.0 -9999.0 -9999.0 -9999.0 -9999.0 -9999.0 -9999.0
-9999.0 -9999.0 -9999.0 -9999.0 -9999.0 -9999.0 -9999.0 -9999.0 -9999.0 -9999.0 -9999.0 -9999.0 -9999.0 -9999.0 -9999.0 -9999.0 -9999.0 -9999.0 -9999.0 -9999.0 -9999.0 -9999.0 -9999.0 -9999.0 -9999.0 -9999.0 -9999.0 -9999.0 -9999.0 -9999.0 -9999.0 -9999.0 -9999.0 -9999.0 -9999.0 -9999.0 -9999.0 -9999.0 -9999.0 -9999.0 -9999.0 -9999.0 -9999.0 -9999.0 -9999.0 -9999.0 -9999.0 -9999.0 -9999.0 -9999.0 -9999.0 -9999.0 -9999.0 -9999.0 -9999.0 -9999.0 -9999.0 -9999.0 -9999.0 -9999.0 -9999.0 -9999.0 -9999.0 -9999.0 -9999.0 -9999.0 -9999.0 -9999.0 -9999.0 -9999.0 -9999.0 -9999.0 -9999.0 -9999.0 -9999.0 -9999.0 -9999.0 -9999.0 -9999.0 -9999.0
-9999.0 -9999.0 -9999.0 -9999.0 -9999.0 -9999.0 -9999.0 -9999.0 -9999.0 -9999.0 -9999.0 -9999.0 -9999.0 -9999.0 -9999.0 -9999.0 -9999.0 -9999.0 -9999.0 -9999.0 -9999.0 -9999.0 -9999.0 -9999.0 -9999.0 -9999.0 -9999.0 -9999.0 -9999.0 -9999.0 -9999.0 -9999.0 -9999.0 -9999.0 -9999.0 -9999.0 -9999.0 -9999.0 -9999.0 -9999.0 -9999.0 -9999.0 -9999.0 -9999.0 -9999.0 -9999.0 -9999.0 -9999.0 -9999.0 -9999.0 -9999.0 -9999.0 -9999.0 -9999.0 -9999.0 -9999.0 -9999.0 -9999.0 -9999.0 -9999.0 -9999.0 -9999.0 -9999.0 -9999.0 -9999.0 -9999.0 -9999.0 -9999.0 -9999.0 -9999.0 -9999.0 -9999.0 -9999.0 -9999.0 -9999.0 -9999.0 -9999.0 -9999.0 -9999.0 -9999.0