Borden_/Borden1m_014/output_maps/psiliqL0013N0027.asc
ncols         80
nrows         18
xllcorner     620200.000000
yllcorner     5168000.000000
cellsize      1.000000
NODATA_value  -9999.0
-9999.0 -9999.0 -9999.0 -9999.0 -9999.0 -9999.0 -9999.0 -9999.0 -9999.0 -9999.0 -9999.0 -9999.0 -9999.0 -9999.0 -9999.0 -9999.0 -9999.0 -9999.0 -9999.0 -9999.0 -9999.0 -9999.0 -9999.0 -9999.0 -9999.0 -9999.0 -9999.0 -9999.0 -9999.0 -9999.0 -9999.0 -9999.0 -9999.0 -9999.0 -9999.0 -9999.0 -9999.0 -9999.0 -9999.0 -9999.0 -9999.0 -9999.0 -9999.0 -9999.0 -9999.0 -9999.0 -9999.0 -9999.0 -9999.0 -9999.0 -9999.0 -9999.0 -9999.0 -9999.0 -9999.0 -9999.0 -9999.0 -9999.0 -9999.0 -9999.0 -9999.0 -9999.0 -9999.0 -9999.0 -9999.0 -9999.0 -9999.0 -9999.0 -9999.0 -9999.0 -9999.0 -9999.0 -9999.0 -9999.0 -9999.0 -9999.0 -9999.0 -9999.0 -9999.0 -9999.0
-9999.0 -9999.0 -9999.0 -9999.0 -9999.0 -9999.0 -9999.0 -9999.0 -9999.0 -9999.0 -9999.0 -9999.0 -9999.0 -9999.0 -9999.0 -9999.0 -9999.0 -9999.0 -9999.0 -9999.0 -9999.0 -9999.0 -9999.0 -9999.0 -9999.0 -9999.0 -9999.0 -9999.0 -9999.0 -9999.0 -9999.0 -9999.0 -9999.0 -9999.0 -9999.0 -9999.0 -9999.0 -9999.0 -9999.0 -9999.0 -9999.0 -9999.0 -9999.0 -9999.0 -9999.0 -9999.0 -9999.0 -9999.0 -9999.0 -9999.0 -9999.0 -9999.0 -9999.0 -9999.0 -9999.0 -9999.0 -9999.0 -9999.0 -9999.0 -9999.0 -9999.0 -9999.0 -9999.0 -9999.0 -9999.0 -9999.0 -9999.0 -9999.0 -9999.0 -9999.0 -9999.0 -9999.0 -9999.0 -9999.0 -9999.0 -9999.0 -9999.0 -9999.0 -9999.0 -9999.0
-9999.0 -9999.0 -9999.0 -9999.0 -9999.0 -9999.0 -9999.0 -9999.0 -9999.0 -9999.0 -9999.0 -9999.0 -9999.0 -9999.0 -9999.0 -9999.0 -9999.0 -9999.0 -9999.0 -9999.0 744.061390 747.022698 725.449322 692.517176 665.408086 668.586880 704.346439 746.800953 786.537655 797.908533 781.237852 784.676333 781.044862 780.868655 784.147802 791.428339 795.868784 807.602628 816.693545 817.160779 811.962219 807.563278 808.252225 811.626401 816.692917 805.404624 818.217836 832.322563 836.549971 829.944163 801.324645 784.209044 773.804666 756.892956 779.839466 790.374126 811.892600 814.904949 812.229012 784.335891 753.698602 -9999.0 -9999.0 -9999.0 -9999.0 -9999.0 -9999.0 -9999.0 -9999.0 -9999.0 -9999.0 -9999.0 -9999.0 -9999.0 -9999.0 -9999.0 -9999.0 -9999.0 -9999.0 -9999.0
-9999.0 -9999.0 -9999.0 -9999.0 -9999.0 -9999.0 -9999.0 -9999.0 -9999.0 -9999.0 -9999.0 -9999.0 -9999.0 -9999.0 651.296403 642.187839 640.206209 649.546760 684.037495 714.903967 727.404096 720.687454 721.717399 699.268596 679.921410 695.174043 726.247368 759.464960 795.812576 817.838178 807.821993 806.902201 817.982638 844.670338 858.722859 856.802513 837.298439 861.064322 877.814987 887.787297 888.589802 881.386006 895.592693 911.831001 904.716003 886.416681 889.745879 900.243458 911.443487 895.552318 829.836597 808.321685 802.117704 793.328090 777.468293 769.445893 793.264538 792.169292 782.634694 763.517172 730.004833 685.315565 666.171255 703.910557 746.949002 803.617850 -9999.0 -9999.0 -9999.0 -9999.0 -9999.0 -9999.0 -9999.0 -9999.0 -9999.0 -9999.0 -9999.0 -9999.0 -9999.0 -9999.0
-9999.0 -9999.0 -9999.0 -9999.0 -9999.0 -9999.0 -9999.0 -9999.0 -9999.0 591.515630 596.393375 604.398172 607.487296 624.001917 622.497971 630.531545 638.823228 666.796396 699.022099 735.201318 765.007094 757.137256 759.162244 771.337186 777.097241 790.938721 814.390752 857.396451 900.838792 944.797920 918.639928 918.364573 939.238187 988.024924 1023.153209 1031.717011 1013.264276 1021.341433 1047.962227 1073.020572 1075.441992 1075.354361 1101.838152 1116.491232 1118.040564 1096.297080 1079.667561 1077.197739 1100.498952 1046.465587 978.200882 925.003110 925.485827 892.176950 850.777695 827.975280 823.236116 842.116994 825.142106 786.057926 748.167640 736.124052 717.634870 733.331070 754.404994 799.697852 837.416578 864.899980 863.661443 845.554474 -9999.0 -9999.0 -9999.0 -9999.0 -9999.0 -9999.0 -9999.0 -9999.0 -9999.0 -9999.0
-9999.0 -9999.0 -9999.0 -9999.0 -9999.0 -9999.0 511.709651 521.580343 542.401680 547.934833 573.918935 582.290143 603.960045 624.454547 647.137571 665.187332 697.019950 731.617765 774.512878 819.785798 854.033922 851.542155 864.739232 899.001087 941.431051 973.218445 1000.563119 1044.065774 1125.403188 1172.252846 1183.773046 1191.013947 1202.228829 1250.587982 1314.706652 1331.623289 1310.021507 1294.744454 1315.149831 1353.194190 1364.068303 1367.759240 1378.546631 1388.132536 1413.188298 1402.140076 1358.417717 1340.450114 1335.351998 1318.582178 1258.701869 1194.645961 1155.981281 1102.507187 1015.922793 957.542039 960.334840 975.233124 942.349913 885.033448 840.733631 827.615122 810.440351 794.887539 798.984072 816.404873 837.286933 847.002833 832.807209 810.723130 786.941251 757.377549 758.523560 783.313069 -9999.0 -9999.0 -9999.0 -9999.0 -9999.0 -9999.0
-9999.0 -9999.0 -9999.0 -9999.0 461.127082 474.375479 462.906879 488.373485 521.727885 556.663552 589.867193 628.241931 657.143431 689.188380 732.055908 769.816601 815.144129 853.969820 912.112811 983.725807 1038.600781 1067.328007 1087.626361 1150.357352 1213.933659 1267.214472 1288.883603 1318.028999 1363.833246 1427.990621 1457.288109 1465.695140 1484.121748 1518.081536 1563.953528 1596.686181 1579.505182 1571.484637 1577.445244 1589.716879 1615.329183 1618.042847 1620.559682 1622.843691 1626.502103 1624.654338 1599.036663 1564.434064 1549.203034 1539.168853 1511.161515 1442.880877 1398.673799 1366.006077 1332.202525 1280.699390 1214.843767 1195.078468 1134.619423 1073.188462 1005.445845 979.291446 944.940335 915.639780 882.680354 880.864402 881.123276 858.361773 824.537117 790.777605 774.509434 754.781711 743.226247 772.564608 789.645216 819.780230 -9999.0 -9999.0 -9999.0 -9999.0
-9999.0 -9999.0 401.330851 450.682443 507.937824 517.486335 519.380595 526.216539 555.624240 608.947674 687.092720 740.414292 786.279947 822.741923 886.284152 970.802599 1048.790968 1102.479697 1165.440561 1236.413543 1299.533159 1336.418619 1358.979590 1399.697767 1453.142489 1512.907330 1538.874487 1565.387685 1596.421115 1631.004880 1646.289909 1661.450208 1669.738147 1671.540474 1676.196426 1677.227158 1672.268640 1665.987547 1647.471429 1643.999186 1651.510284 1656.648976 1658.880565 1646.162241 1642.272476 1655.130986 1657.795797 1656.303067 1655.523620 1662.591155 1667.249246 1629.792629 1588.327696 1571.821838 1561.394843 1517.641200 1453.783003 1408.608691 1383.444953 1339.450811 1260.970268 1207.301342 1153.621787 1100.178112 1042.760932 1006.568537 955.421723 909.525798 860.322964 812.209900 787.063361 767.687578 764.255765 763.438586 778.839007 793.688113 808.614840 816.179228 -9999.0 -9999.0
-9999.0 299.070235 371.763931 498.812081 579.402856 625.385826 660.992671 687.434302 717.129867 742.858385 851.896209 948.928900 1043.778473 1084.061337 1139.476667 1239.457701 1335.883793 1382.755098 1420.935231 1475.476219 1533.782858 1581.326167 1611.335704 1627.969513 1660.757590 1671.164505 1673.289445 1676.102985 1671.813465 1664.719118 1656.132634 1662.814371 1659.523594 1641.213913 1625.614982 1622.257142 1615.479464 1589.437430 1559.923069 1544.433085 1546.643888 1568.341146 1556.944731 1537.320281 1533.984603 1554.925406 1573.614350 1565.459344 1554.305411 1572.680230 1607.830885 1630.330367 1642.191743 1658.214039 1678.557375 1653.714817 1624.027628 1582.013940 1561.437109 1531.147217 1471.530708 1409.326714 1353.848187 1291.537012 1223.162716 1151.662613 1084.008436 1018.409250 948.436023 904.639693 871.210230 818.944519 795.886118 796.130642 786.112000 782.482269 788.008056 794.056838 -9999.0 -9999.0
-9999.0 220.900976 363.829952 549.267415 698.537745 760.634265 869.357201 952.531377 983.769803 960.106011 1072.409183 1293.248780 1391.721319 1410.159697 1481.373439 1566.889845 1592.179090 1624.258035 1646.033570 1653.508115 1659.629200 1669.074139 1668.174431 1662.886625 1648.939096 1641.235653 1639.693888 1636.023870 1617.188415 1596.912549 1578.561770 1573.989453 1555.404943 1512.800409 1480.149444 1462.752630 1445.569115 1421.654005 1385.770233 1357.480160 1342.310786 1358.177424 1350.521909 1333.922643 1330.531679 1353.296247 1386.503263 1383.076745 1391.429183 1414.772705 1456.038017 1497.444755 1521.226692 1551.801316 1588.825122 1633.058008 1649.802140 1671.002598 1675.283852 1654.701873 1610.345491 1558.511471 1523.190978 1458.603501 1384.470853 1304.575675 1238.372264 1174.320850 1102.387634 1052.211467 1001.991398 942.187604 884.638760 857.799977 816.729948 795.687563 -9999.0 -9999.0 -9999.0 -9999.0
-9999.0 145.333864 334.572284 595.480589 868.744027 987.996431 1193.325101 1323.712254 1385.058390 1449.268035 1442.440534 1579.090626 1615.146790 1611.396204 1607.876346 1612.325554 1628.338289 1632.804409 1629.981395 1620.633051 1611.702337 1607.930404 1606.654767 1598.990798 1586.323679 1570.748893 1556.679907 1542.041727 1501.666841 1467.035335 1431.265909 1415.078749 1375.856360 1284.897873 1241.885060 1206.591177 1149.749309 1140.315428 1130.337158 1099.644979 1078.643536 1058.887001 1079.602930 1082.834796 1085.154293 1090.874216 1110.470762 1134.653137 1179.967186 1217.820138 1263.339984 1316.979521 1352.780656 1397.553805 1445.540735 1503.308171 1536.589367 1568.164699 1615.357364 1655.052930 1678.110076 1667.385960 1638.280497 1591.342524 1519.733608 1450.213109 1398.264271 1323.514642 1257.311291 1203.970214 1158.326754 1105.834752 1037.182051 948.756705 904.430672 -9999.0 -9999.0 -9999.0 -9999.0 -9999.0
-9999.0 -27.801180 240.188713 531.122157 851.476918 1178.510827 1306.569184 1442.292554 1514.987099 1474.581761 1474.052646 1496.663363 1538.412449 1547.896574 1530.064954 1523.229817 1513.718134 1514.446551 1527.664933 1501.754509 1471.369470 1457.572239 1456.572670 1444.108873 1420.195282 1401.885388 1387.860583 1365.868210 1316.094827 1264.675930 1184.164224 1153.660516 1076.156280 1014.457458 967.835505 917.688227 865.611059 862.608733 877.781096 861.222346 838.047736 819.125796 845.281065 862.412570 874.548768 864.472240 874.641370 911.510315 962.295062 1007.898368 1060.379413 1118.435438 1167.728526 1218.486715 1253.066406 1305.832577 1354.605433 1402.886426 1477.617062 1557.156189 1594.515544 1629.413122 1662.311925 1675.962144 1623.308732 1570.323623 1514.842871 1447.800934 1361.157694 1316.348106 1293.388038 1254.952560 1199.677876 -9999.0 -9999.0 -9999.0 -9999.0 -9999.0 -9999.0 -9999.0
-9999.0 -156.458834 66.248874 301.543725 591.612343 831.280649 1024.049088 1137.170461 1217.713071 1241.333943 1268.795990 1301.365159 1332.804687 1356.294165 1335.654812 1298.793173 1271.879697 1276.369463 1273.483173 1249.652265 1219.971870 1204.835210 1202.299512 1194.327496 1168.195679 1151.633813 1138.785435 1113.666348 1076.061238 1017.916226 936.184645 863.733882 800.774689 766.036005 735.074647 701.526741 664.249549 673.804396 686.415734 681.957468 670.408796 666.748416 695.973376 714.843951 725.125240 713.404619 732.830116 760.268615 802.773251 846.456210 896.602170 953.400517 1009.047696 1041.199940 1058.501799 1088.811646 1133.041248 1191.155863 1279.335487 1375.349024 1452.983300 1503.224443 1553.704832 1585.866630 1597.686440 1608.766515 1578.854055 1488.495469 1358.283673 1363.303030 1367.330810 -9999.0 -9999.0 -9999.0 -9999.0 -9999.0 -9999.0 -9999.0 -9999.0 -9999.0
-9999.0 -9999.0 -168.662967 13.276604 158.883882 341.933337 494.085923 604.832985 689.886739 794.643019 893.757979 974.511452 1018.542464 1036.612372 1021.360409 985.762351 962.977321 963.070232 953.350636 941.427983 919.784103 911.083239 900.239002 891.510448 879.390800 872.050589 865.346193 852.404644 828.282807 779.877023 728.621581 676.052883 621.483783 595.301281 572.784692 550.407155 547.822898 544.437855 550.276168 551.425448 557.506674 569.642969 589.975443 611.732670 621.451711 629.740334 642.513271 666.549631 700.109383 742.452233 796.495944 854.308864 894.580701 908.399080 900.590190 908.284028 932.319386 979.230898 1066.309252 1156.363537 1253.031231 1325.409629 1397.210486 1448.442940 1464.116090 1479.136646 1487.757913 1406.118413 1030.936279 1283.256007 -9999.0 -9999.0 -9999.0 -9999.0 -9999.0 -9999.0 -9999.0 -9999.0 -9999.0 -9999.0
-9999.0 -9999.0 -9999.0 -9999.0 -129.284374 27.248071 123.625047 207.646150 333.839153 449.438762 546.130745 626.405367 684.719740 710.170908 703.104925 703.794745 697.706397 692.655671 683.447381 680.455207 677.246024 669.395441 656.104731 648.208938 647.836809 651.467626 648.403811 634.195398 616.377927 591.163466 568.651909 533.417435 496.561022 467.012024 453.598647 447.142319 446.924373 440.493936 449.443408 456.245117 471.221161 486.495175 510.350868 539.047613 552.333949 566.927862 576.802061 597.653991 628.119746 681.484038 744.685560 802.052083 837.411886 841.923938 817.271282 802.541787 800.447315 830.390640 879.191277 951.434070 1057.349502 1135.405082 1198.362553 1245.667502 1278.314961 1322.804988 1367.731187 1389.972488 -9999.0 -9999.0 -9999.0 -9999.0 -9999.0 -9999.0 -9999.0 -9999.0 -9999.0 -9999.0 -9999.0 -9999.0
-9999.0 -9999.0 -9999.0 -9999.0 -9999.0 -9999.0 -177.202257 -77.982245 6.172058 137.620011 260.511887 357.478643 435.031706 463.851885 486.231205 510.906314 507.920378 490.333747 472.502110 490.090177 501.797485 496.192958 467.203099 466.029783 469.912388 478.270641 476.138290 469.445762 444.103985 453.590052 452.900733 429.407162 403.073059 388.732278 376.850686 386.482071 386.885760 373.726560 375.102244 401.490877 421.452620 434.729116 456.866372 490.034462 522.202904 537.016577 538.288229 544.587214 585.431982 655.782453 726.880881 781.507874 813.347365 821.247565 793.682076 753.604987 733.287436 741.094628 777.190095 832.303331 911.221574 964.012850 995.402663 1014.629916 1038.632638 1131.651966 -9999.0 -9999.0 -9999.0 -9999.0 -9999.0 -9999.0 -9999.0 -9999.0 -9999.0 -9999.0 -9999.0 -9999.0 -9999.0 -9999.0
-9999.0 -9999.0 -9999.0 -9999.0 -9999.0 -9999.0 -9999.0 -9999.0 -9999.0 -9999.0 -9999.0 -9999.0 -9999.0 -9999.0 -9999.0 -9999.0 -9999.0 -9999.0 -9999.0 -9999.0 -9999.0 -9999.0 -9999.0 -9999.0 -9999.0 -9999.0 -9999.0 -9999.0 -9999.0 -9999.0 -9999.0 -9999.0 -9999.0 -9999.0 -9999.0 -9999.0 -9999.0 -9999.0 -9999.0 -9999.0 -9999.0 -9999.0 -9999.0 -9999.0 -9999.0 -9999.0 -9999.0 -9999.0 -9999.0 -9999.0 -9999.0 -9999.0 -9999.0 -9999.0 -9999.0 -9999.0 -9999.0 -9999.0 -9999.0 -9999.0 -9999.0 -9999.0 -9999.0 -9999.0 -9999.0 -9999.0 -9999.0 -9999.0 -9999.0 -9999.0 -9999.0 -9999.0 -9999.0 -9999.0 -9999.0 -9999.0 -9999.0 -9999.0 -9999.0 -9999.0
-9999.0 -9999.0 -9999.0 -9999.0 -9999.0 -9999.0 -9999.0 -9999.0 -9999.0 -9999.0 -9999.0 -9999.0 -9999.0 -9999.0 -9999.0 -9999.0 -9999.0 -9999.0 -9999.0 -9999.0 -9999.0 -9999.0 -9999.0 -9999.0 -9999.0 -9999.0 -9999.0 -9999.0 -9999.0 -9999.0 -9999.0 -9999.0 -9999.0 -9999.0 -9999.0 -9999.0 -9999.0 -9999.0 -9999.0 -9999.0 -9999.0 -9999.0 -9999.0 -9999.0 -9999.0 -9999.0 -9999.0 -9999.0 -9999.0 -9999.0 -9999.0 -9999.0 -9999.0 -9999.0 -9999.0 -9999.0 -9999.0 -9999.0 -9999.0 -9999.0 -9999.0 -9999.0 -9999.0 -9999.0 -9999.0 -9999.0 -9999.0 -9999.0 -9999.0 -9999.0 -9999.0 -9999.0 -9999.0 -9999.0 -9999.0 -9999.0 -9999.0 -9999.0 -9999.0 -9999.0