Borden_/Borden1m_014/output_maps/psiliqL0029N0023.asc
ncols         80
nrows         18
xllcorner     620200.000000
yllcorner     5168000.000000
cellsize      1.000000
NODATA_value  -9999.0
-9999.0 -9999.0 -9999.0 -9999.0 -9999.0 -9999.0 -9999.0 -9999.0 -9999.0 -9999.0 -9999.0 -9999.0 -9999.0 -9999.0 -9999.0 -9999.0 -9999.0 -9999.0 -9999.0 -9999.0 -9999.0 -9999.0 -9999.0 -9999.0 -9999.0 -9999.0 -9999.0 -9999.0 -9999.0 -9999.0 -9999.0 -9999.0 -9999.0 -9999.0 -9999.0 -9999.0 -9999.0 -9999.0 -9999.0 -9999.0 -9999.0 -9999.0 -9999.0 -9999.0 -9999.0 -9999.0 -9999.0 -9999.0 -9999.0 -9999.0 -9999.0 -9999.0 -9999.0 -9999.0 -9999.0 -9999.0 -9999.0 -9999.0 -9999.0 -9999.0 -9999.0 -9999.0 -9999.0 -9999.0 -9999.0 -9999.0 -9999.0 -9999.0 -9999.0 -9999.0 -9999.0 -9999.0 -9999.0 -9999.0 -9999.0 -9999.0 -9999.0 -9999.0 -9999.0 -9999.0
-9999.0 -9999.0 -9999.0 -9999.0 -9999.0 -9999.0 -9999.0 -9999.0 -9999.0 -9999.0 -9999.0 -9999.0 -9999.0 -9999.0 -9999.0 -9999.0 -9999.0 -9999.0 -9999.0 -9999.0 -9999.0 -9999.0 -9999.0 -9999.0 -9999.0 -9999.0 -9999.0 -9999.0 -9999.0 -9999.0 -9999.0 -9999.0 -9999.0 -9999.0 -9999.0 -9999.0 -9999.0 -9999.0 -9999.0 -9999.0 -9999.0 -9999.0 -9999.0 -9999.0 -9999.0 -9999.0 -9999.0 -9999.0 -9999.0 -9999.0 -9999.0 -9999.0 -9999.0 -9999.0 -9999.0 -9999.0 -9999.0 -9999.0 -9999.0 -9999.0 -9999.0 -9999.0 -9999.0 -9999.0 -9999.0 -9999.0 -9999.0 -9999.0 -9999.0 -9999.0 -9999.0 -9999.0 -9999.0 -9999.0 -9999.0 -9999.0 -9999.0 -9999.0 -9999.0 -9999.0
-9999.0 -9999.0 -9999.0 -9999.0 -9999.0 -9999.0 -9999.0 -9999.0 -9999.0 -9999.0 -9999.0 -9999.0 -9999.0 -9999.0 -9999.0 -9999.0 -9999.0 -9999.0 -9999.0 -9999.0 3925.068009 3925.622317 3904.003170 3869.686800 3841.235198 3842.814900 3875.156434 3915.458878 3954.169248 3960.731818 3941.149586 3945.076557 3940.483505 3934.988021 3934.475046 3942.300070 3949.407872 3958.651521 3965.191485 3962.385150 3954.693790 3949.693868 3952.859248 3954.100274 3960.588722 3945.173222 3961.662883 3978.201204 3982.739939 3980.530526 3957.514572 3946.432560 3938.727239 3923.223937 3950.440552 3962.225790 3986.056015 3990.985116 3989.120256 3962.679890 3932.778625 -9999.0 -9999.0 -9999.0 -9999.0 -9999.0 -9999.0 -9999.0 -9999.0 -9999.0 -9999.0 -9999.0 -9999.0 -9999.0 -9999.0 -9999.0 -9999.0 -9999.0 -9999.0 -9999.0
-9999.0 -9999.0 -9999.0 -9999.0 -9999.0 -9999.0 -9999.0 -9999.0 -9999.0 -9999.0 -9999.0 -9999.0 -9999.0 -9999.0 3835.110680 3826.450083 3823.356338 3830.142414 3862.105486 3892.170833 3903.560779 3895.882319 3895.398889 3870.116383 3846.406539 3858.346561 3887.330953 3917.196512 3950.008562 3966.368359 3955.226345 3952.272215 3958.236540 3976.051472 3982.625134 3978.621623 3961.396348 3985.847388 3998.370559 4001.698601 3999.350087 3989.145243 3996.784226 4010.347545 4003.184963 3988.353297 4000.762005 4016.529383 4026.843105 4020.049240 3963.338144 3953.225126 3950.479578 3947.355127 3934.812087 3931.894986 3961.375449 3961.223408 3954.643814 3937.988738 3904.865861 3859.694402 3841.057727 3882.602205 3926.637672 3983.111428 -9999.0 -9999.0 -9999.0 -9999.0 -9999.0 -9999.0 -9999.0 -9999.0 -9999.0 -9999.0 -9999.0 -9999.0 -9999.0 -9999.0
-9999.0 -9999.0 -9999.0 -9999.0 -9999.0 -9999.0 -9999.0 -9999.0 -9999.0 3777.814557 3783.985350 3790.634848 3792.893624 3807.599561 3803.806362 3810.335765 3813.196540 3840.161673 3868.868946 3901.593206 3927.756313 3918.159908 3916.095764 3918.007197 3909.655748 3916.018233 3935.817264 3971.486531 4000.519806 4034.391587 3999.516148 3993.777269 4010.733316 4050.397485 4070.642952 4071.032276 4052.088700 4071.117549 4094.317985 4108.416847 4104.321664 4097.476874 4124.024729 4139.819262 4131.488052 4109.130415 4110.688387 4120.049228 4150.316501 4099.363743 4032.960564 3997.701688 4016.602364 3997.605265 3974.798704 3966.297990 3968.233919 3989.068135 3978.472468 3945.666812 3913.487464 3901.922546 3885.679441 3908.237102 3932.264984 3979.185504 4019.774044 4050.144282 4049.744368 4032.710275 -9999.0 -9999.0 -9999.0 -9999.0 -9999.0 -9999.0 -9999.0 -9999.0 -9999.0 -9999.0
-9999.0 -9999.0 -9999.0 -9999.0 -9999.0 -9999.0 3699.406689 3709.991521 3730.598133 3732.361510 3758.800338 3763.170833 3781.164329 3797.396955 3818.797600 3830.194283 3853.409737 3882.144443 3916.458520 3952.222824 3978.293329 3964.737411 3968.866574 3985.179706 4008.422375 4024.465338 4046.589051 4084.287983 4156.566532 4192.368865 4181.258402 4181.170777 4189.160423 4240.182581 4304.385801 4314.147852 4293.289060 4280.720596 4305.731553 4344.238977 4340.774681 4339.413666 4353.874141 4365.333128 4392.360434 4380.414369 4344.523024 4341.187485 4350.180297 4324.921722 4252.849061 4196.678761 4181.251516 4133.846994 4049.162079 4009.211129 4037.846330 4068.405928 4048.643500 4000.140958 3969.958389 3966.061762 3956.286665 3951.403310 3965.829941 3990.075142 4014.653700 4029.381318 4017.959274 3997.371235 3976.184559 3948.357779 3951.375920 3976.400970 -9999.0 -9999.0 -9999.0 -9999.0 -9999.0 -9999.0
-9999.0 -9999.0 -9999.0 -9999.0 3650.328929 3662.916543 3647.023053 3673.093493 3704.381872 3737.323020 3763.203874 3793.103120 3814.741461 3840.081662 3870.831121 3889.103066 3918.353992 3946.384959 3991.748219 4051.188939 4093.880879 4104.805385 4112.271757 4162.436513 4218.280626 4264.423810 4283.199973 4309.701478 4357.897935 4415.012115 4436.786523 4438.843767 4455.855407 4501.797720 4561.105742 4597.106976 4578.957934 4569.402394 4580.865215 4596.357476 4618.532553 4618.552389 4619.711117 4624.517248 4633.084490 4630.711153 4602.749678 4568.686798 4555.488600 4544.731381 4503.461222 4429.423158 4400.712671 4370.382638 4323.411703 4267.382738 4224.277481 4229.382153 4173.824585 4117.774729 4070.273772 4065.522180 4047.449189 4033.460526 4018.667511 4033.273431 4047.061272 4033.032364 4003.376612 3974.691121 3962.287439 3945.147347 3933.847175 3965.438333 3983.511935 4012.817668 -9999.0 -9999.0 -9999.0 -9999.0
-9999.0 -9999.0 3591.910353 3635.916365 3692.503384 3697.341632 3688.070732 3689.496106 3714.659848 3762.527046 3821.139685 3854.398287 3879.474425 3908.969366 3957.465188 4015.241678 4072.910530 4115.109236 4174.114966 4244.538183 4303.903785 4330.029299 4338.029317 4374.406014 4430.718550 4503.109002 4532.350869 4559.812342 4593.164690 4631.610891 4618.029151 4627.857676 4641.471638 4657.124609 4674.767146 4683.330872 4677.945069 4673.226323 4654.355617 4648.698958 4655.087767 4664.063967 4662.353737 4647.287548 4643.288053 4658.693383 4665.587838 4663.060464 4659.421601 4663.706108 4656.801180 4605.310751 4593.219300 4577.120987 4563.903900 4516.331285 4447.763214 4416.648381 4393.594703 4350.795580 4276.405176 4241.315702 4203.159030 4170.141143 4134.507645 4124.249182 4093.923082 4063.007772 4025.243620 3985.202641 3966.893646 3953.471789 3953.563424 3954.356921 3972.538408 3988.335049 4004.410549 4012.534603 -9999.0 -9999.0
-9999.0 3480.194113 3550.370564 3669.980527 3746.386735 3780.455653 3782.151737 3779.554033 3803.864626 3838.226376 3920.522857 3960.652999 4043.309589 4082.578706 4121.944646 4212.059524 4309.102772 4354.087123 4395.027192 4462.344453 4531.058988 4579.557911 4606.607487 4576.892100 4618.890423 4653.970510 4663.858094 4672.176811 4673.543765 4664.894228 4658.965988 4665.418174 4662.151295 4642.336528 4625.659990 4623.674374 4620.127827 4596.254311 4568.287666 4552.166157 4552.925654 4578.589820 4564.953254 4543.303143 4538.776515 4560.866598 4583.288479 4572.226471 4558.883046 4575.660078 4611.072623 4637.625031 4636.345069 4655.565751 4676.843135 4646.700226 4627.173437 4581.691102 4564.215934 4538.333485 4479.846807 4424.842609 4376.055135 4327.822600 4276.103500 4228.893090 4181.804837 4134.988623 4082.681491 4050.419641 4027.005987 3985.784874 3974.894009 3982.359864 3978.256398 3977.029393 3983.759316 3990.392079 -9999.0 -9999.0
-9999.0 3378.748394 3515.996260 3690.741461 3831.284526 3866.973936 3918.001535 3968.515153 3979.896256 3918.466342 4020.404259 4240.580690 4371.586713 4391.502652 4470.337179 4569.945264 4543.869508 4576.616653 4601.259186 4632.383331 4657.299876 4673.461172 4672.217219 4667.583441 4650.680402 4642.579395 4641.588246 4639.335204 4621.442882 4602.043305 4584.905695 4581.285631 4562.466698 4510.432653 4476.258089 4457.701187 4436.579873 4423.813070 4397.270579 4370.698123 4353.015732 4361.571639 4361.331159 4348.835592 4344.447881 4361.883593 4392.904161 4392.310449 4406.176910 4426.224332 4461.856644 4501.279903 4520.872925 4550.631029 4586.843022 4636.783746 4644.071559 4666.907555 4669.349671 4661.039140 4612.903466 4560.151998 4530.228569 4473.853171 4414.146965 4352.315110 4302.759352 4257.877947 4202.196421 4168.966002 4130.583390 4077.217181 4036.554684 4032.046122 3999.661991 3988.069511 -9999.0 -9999.0 -9999.0 -9999.0
-9999.0 3268.957412 3444.865224 3676.835978 3976.113852 4038.440954 4243.287536 4358.281944 4395.855685 4465.749738 4321.504435 4548.621002 4608.269866 4605.039807 4627.162122 4631.405286 4646.457009 4645.426676 4640.316986 4629.022663 4619.050000 4614.180477 4613.245431 4605.257160 4592.458429 4577.640853 4565.480983 4553.581652 4515.942240 4483.164065 4441.815328 4428.717075 4381.036199 4287.616705 4248.955741 4208.453873 4145.038134 4148.905376 4159.432465 4135.994492 4115.800481 4085.004220 4116.949860 4129.828804 4134.823395 4128.332310 4136.454770 4167.518469 4217.619802 4252.756955 4291.695129 4340.314930 4371.517437 4411.076161 4450.524148 4503.417050 4535.476900 4564.815601 4615.273748 4652.654280 4675.720951 4660.665809 4643.569391 4597.029081 4536.049397 4486.268108 4456.462078 4404.848146 4360.908129 4317.613507 4271.122542 4218.377521 4156.755003 4108.763616 4075.854043 -9999.0 -9999.0 -9999.0 -9999.0 -9999.0
-9999.0 3032.506828 3294.002628 3551.451142 3813.946317 4163.428171 4351.476610 4441.997426 4507.350847 4497.217431 4527.111853 4531.736438 4569.599604 4577.900543 4556.678161 4541.907515 4522.994514 4521.904218 4535.082662 4507.111980 4476.037400 4462.241094 4463.246399 4452.577759 4428.167467 4413.332686 4404.156398 4385.044710 4341.771755 4290.388083 4204.288400 4166.939874 4085.714213 4050.933944 4015.829048 3968.866979 3925.519196 3932.664323 3959.247696 3951.630875 3931.287902 3914.752569 3945.047529 3967.008777 3980.738073 3963.358995 3969.692097 4004.210137 4050.623792 4091.130093 4134.682379 4182.564689 4225.042426 4263.548161 4282.895175 4320.841640 4363.360112 4405.411255 4476.499457 4556.992767 4594.367819 4629.938033 4657.753644 4680.147948 4636.606813 4611.260218 4586.821726 4562.490536 4515.348242 4469.420789 4428.819080 4362.666719 4303.077080 -9999.0 -9999.0 -9999.0 -9999.0 -9999.0 -9999.0 -9999.0
-9999.0 2925.684771 3107.808327 3284.773943 3520.635152 3749.123981 3982.995941 4073.051497 4144.695696 4228.376314 4289.133981 4329.403884 4355.235767 4377.472799 4355.095131 4307.260879 4274.115393 4279.407180 4269.055325 4248.757919 4221.395935 4208.857077 4205.870932 4201.513607 4180.923096 4171.478124 4165.263975 4147.686825 4123.676471 4070.635294 4000.686197 3926.383689 3874.263961 3858.201556 3837.610641 3812.537961 3788.741263 3803.018143 3815.643474 3816.886287 3811.870270 3813.273225 3842.306391 3862.570406 3871.960541 3861.560067 3879.661462 3901.964148 3937.860793 3976.672992 4020.884801 4070.554188 4118.644044 4137.370331 4137.347458 4146.182430 4172.168582 4214.491716 4290.456164 4377.067894 4457.466991 4504.092642 4555.740272 4596.819959 4626.272403 4648.798126 4673.045428 4667.519105 4640.392879 4606.319697 4546.009459 -9999.0 -9999.0 -9999.0 -9999.0 -9999.0 -9999.0 -9999.0 -9999.0 -9999.0
-9999.0 -9999.0 2885.244878 3024.832350 3104.128619 3256.202001 3392.222317 3496.871331 3602.580022 3753.802586 3882.598630 3980.372150 4028.530309 4044.444825 4031.251637 4004.712594 3988.990822 3988.447417 3976.188639 3971.368001 3958.970273 3954.552985 3942.266528 3935.185504 3933.259143 3934.388433 3933.236474 3926.189314 3911.205902 3871.554019 3838.576646 3796.630786 3752.844094 3733.015586 3716.791737 3702.049857 3708.643352 3703.858021 3709.732330 3713.521355 3724.484928 3739.486387 3758.690664 3781.793268 3791.498385 3802.255479 3812.594206 3833.546688 3862.557118 3902.211653 3953.100598 4007.610224 4042.989443 4048.780036 4029.035102 4021.888454 4027.485190 4053.883276 4114.034144 4181.684493 4273.035835 4339.652686 4406.990820 4464.000790 4491.395835 4527.807607 4599.909200 4648.076022 4692.858102 4670.325494 -9999.0 -9999.0 -9999.0 -9999.0 -9999.0 -9999.0 -9999.0 -9999.0 -9999.0 -9999.0
-9999.0 -9999.0 -9999.0 -9999.0 2883.386414 3021.089454 3115.023516 3188.926124 3322.540270 3455.309467 3562.367648 3651.310237 3723.419602 3750.040579 3753.724460 3775.204531 3775.859123 3765.572591 3754.323045 3761.659380 3769.131147 3763.692718 3746.158711 3741.078229 3747.132982 3757.412340 3757.338497 3746.403138 3730.025686 3720.799125 3712.467970 3685.021592 3655.968168 3631.077525 3621.453134 3621.087320 3622.704606 3615.510308 3624.555954 3634.803572 3651.474176 3666.808965 3690.303836 3720.368601 3735.502678 3750.100429 3758.104658 3775.661599 3803.688736 3854.666526 3915.989175 3972.405839 4006.269887 4005.981380 3976.583159 3953.622181 3939.306205 3954.778295 3981.258333 4029.326145 4117.766876 4179.604724 4222.992726 4260.198364 4296.546211 4363.414467 4460.962185 4543.810885 -9999.0 -9999.0 -9999.0 -9999.0 -9999.0 -9999.0 -9999.0 -9999.0 -9999.0 -9999.0 -9999.0 -9999.0
-9999.0 -9999.0 -9999.0 -9999.0 -9999.0 -9999.0 2860.956209 2967.173505 3021.342859 3177.752046 3328.446542 3438.064717 3522.802395 3560.913082 3598.476225 3630.803606 3632.602272 3611.687365 3588.836722 3612.361628 3634.394208 3628.167622 3595.096654 3598.258929 3607.527427 3616.780815 3615.976845 3612.468697 3590.643680 3612.316106 3621.113781 3601.639790 3579.444776 3570.014412 3560.755981 3572.555867 3574.025659 3560.322432 3559.260226 3588.384732 3610.271288 3623.226192 3643.963790 3677.204006 3709.718922 3725.480013 3725.938364 3729.737218 3764.766364 3832.164275 3903.005462 3958.162870 3989.113428 3993.265750 3961.806767 3916.160713 3889.061298 3886.414439 3908.814961 3945.727982 4005.052018 4039.622781 4047.288870 4044.416196 4053.871696 4155.789826 -9999.0 -9999.0 -9999.0 -9999.0 -9999.0 -9999.0 -9999.0 -9999.0 -9999.0 -9999.0 -9999.0 -9999.0 -9999.0 -9999.0
-9999.0 -9999.0 -9999.0 -9999.0 -9999.0 -9999.0 -9999.0 -9999.0 -9999.0 -9999.0 -9999.0 -9999.0 -9999.0 -9999.0 -9999.0 -9999.0 -9999.0 -9999.0 -9999.0 -9999.0 -9999.0 -9999.0 -9999.0 -9999.0 -9999.0 -9999.0 -9999.0 -9999.0 -9999.0 -9999.0 -9999.0 -9999.0 -9999.0 -9999.0 -9999.0 -9999.0 -9999.0 -9999.0 -9999.0 -9999.0 -9999.0 -9999.0 -9999.0 -9999.0 -9999.0 -9999.0 -9999.0 -9999.0 -9999.0 -9999.0 -9999.0 -9999.0 -9999.0 -9999.0 -9999.0 -9999.0 -9999.0 -9999.0 -9999.0 -9999.0 -9999.0 -9999.0 -9999.0 -9999.0 -9999.0 -9999.0 -9999.0 -9999.0 -9999.0 -9999.0 -9999.0 -9999.0 -9999.0 -9999.0 -9999.0 -9999.0 -9999.0 -9999.0 -9999.0 -9999.0
-9999.0 -9999.0 -9999.0 -9999.0 -9999.0 -9999.0 -9999.0 -9999.0 -9999.0 -9999.0 -9999.0 -9999.0 -9999.0 -9999.0 -9999.0 -9999.0 -9999.0 -9999.0 -9999.0 -9999.0 -9999.0 -9999.0 -9999.0 -9999.0 -9999.0 -9999.0 -9999.0 -9999.0 -9999.0 -9999.0 -9999.0 -9999.0 -9999.0 -9999.0 -9999.0 -9999.0 -9999.0 -9999.0 -9999.0 -9999.0 -9999.0 -9999.0 -9999.0 -9999.0 -9999.0 -9999.0 -9999.0 -9999.0 -9999.0 -9999.0 -9999.0 -9999.0 -9999.0 -9999.0 -9999.0 -9999.0 -9999.0 -9999.0 -9999.0 -9999.0 -9999.0 -9999.0 -9999.0 -9999.0 -9999.0 -9999.0 -9999.0 -9999.0 -9999.0 -9999.0 -9999.0 -9999.0 -9999.0 -9999.0 -9999.0 -9999.0 -9999.0 -9999.0 -9999.0 -9999.0