Borden_/Borden1m_014/output_maps/psiliqL0012N0005.asc
ncols         80
nrows         18
xllcorner     620200.000000
yllcorner     5168000.000000
cellsize      1.000000
NODATA_value  -9999.0
-9999.0 -9999.0 -9999.0 -9999.0 -9999.0 -9999.0 -9999.0 -9999.0 -9999.0 -9999.0 -9999.0 -9999.0 -9999.0 -9999.0 -9999.0 -9999.0 -9999.0 -9999.0 -9999.0 -9999.0 -9999.0 -9999.0 -9999.0 -9999.0 -9999.0 -9999.0 -9999.0 -9999.0 -9999.0 -9999.0 -9999.0 -9999.0 -9999.0 -9999.0 -9999.0 -9999.0 -9999.0 -9999.0 -9999.0 -9999.0 -9999.0 -9999.0 -9999.0 -9999.0 -9999.0 -9999.0 -9999.0 -9999.0 -9999.0 -9999.0 -9999.0 -9999.0 -9999.0 -9999.0 -9999.0 -9999.0 -9999.0 -9999.0 -9999.0 -9999.0 -9999.0 -9999.0 -9999.0 -9999.0 -9999.0 -9999.0 -9999.0 -9999.0 -9999.0 -9999.0 -9999.0 -9999.0 -9999.0 -9999.0 -9999.0 -9999.0 -9999.0 -9999.0 -9999.0 -9999.0
-9999.0 -9999.0 -9999.0 -9999.0 -9999.0 -9999.0 -9999.0 -9999.0 -9999.0 -9999.0 -9999.0 -9999.0 -9999.0 -9999.0 -9999.0 -9999.0 -9999.0 -9999.0 -9999.0 -9999.0 -9999.0 -9999.0 -9999.0 -9999.0 -9999.0 -9999.0 -9999.0 -9999.0 -9999.0 -9999.0 -9999.0 -9999.0 -9999.0 -9999.0 -9999.0 -9999.0 -9999.0 -9999.0 -9999.0 -9999.0 -9999.0 -9999.0 -9999.0 -9999.0 -9999.0 -9999.0 -9999.0 -9999.0 -9999.0 -9999.0 -9999.0 -9999.0 -9999.0 -9999.0 -9999.0 -9999.0 -9999.0 -9999.0 -9999.0 -9999.0 -9999.0 -9999.0 -9999.0 -9999.0 -9999.0 -9999.0 -9999.0 -9999.0 -9999.0 -9999.0 -9999.0 -9999.0 -9999.0 -9999.0 -9999.0 -9999.0 -9999.0 -9999.0 -9999.0 -9999.0
-9999.0 -9999.0 -9999.0 -9999.0 -9999.0 -9999.0 -9999.0 -9999.0 -9999.0 -9999.0 -9999.0 -9999.0 -9999.0 -9999.0 -9999.0 -9999.0 -9999.0 -9999.0 -9999.0 -9999.0 532.950128 535.675519 513.474930 479.850298 451.954948 454.252254 489.161336 530.654510 569.291346 579.720561 562.009993 564.250832 559.487780 558.469305 560.944644 567.407876 571.167253 582.652943 591.622691 592.226335 587.163202 582.750965 583.158472 586.659045 591.906623 581.353141 594.352698 608.419507 612.987895 607.307554 580.043061 564.371527 555.609056 540.270793 564.439802 576.121608 598.593617 602.487943 600.666425 573.396170 543.133308 -9999.0 -9999.0 -9999.0 -9999.0 -9999.0 -9999.0 -9999.0 -9999.0 -9999.0 -9999.0 -9999.0 -9999.0 -9999.0 -9999.0 -9999.0 -9999.0 -9999.0 -9999.0 -9999.0
-9999.0 -9999.0 -9999.0 -9999.0 -9999.0 -9999.0 -9999.0 -9999.0 -9999.0 -9999.0 -9999.0 -9999.0 -9999.0 -9999.0 442.638805 432.906032 430.090503 438.526050 472.101592 502.183411 514.538803 507.221454 507.483293 484.157600 463.928296 478.189821 508.145271 540.202148 575.207515 595.870607 584.327740 582.017011 591.868588 617.576587 630.802297 628.135297 608.146867 631.636478 648.832112 660.129953 661.638704 654.696583 668.892369 684.948419 678.023089 660.309028 663.553020 672.808322 683.565612 668.563724 604.577373 584.792397 580.920965 574.082649 559.821404 552.826286 577.505819 577.547109 569.010422 550.745247 517.908762 473.503814 455.097092 493.546198 537.466727 594.851527 -9999.0 -9999.0 -9999.0 -9999.0 -9999.0 -9999.0 -9999.0 -9999.0 -9999.0 -9999.0 -9999.0 -9999.0 -9999.0 -9999.0
-9999.0 -9999.0 -9999.0 -9999.0 -9999.0 -9999.0 -9999.0 -9999.0 -9999.0 385.476081 389.723521 396.966341 399.095135 414.691807 412.584628 419.637686 426.966336 453.561969 484.517483 519.515474 548.329337 539.279503 540.180533 551.326770 556.206685 568.914939 591.026668 632.683040 674.842504 716.603439 688.450346 686.229780 705.219440 753.053328 788.314887 796.741098 778.313228 786.161674 815.643709 847.688772 853.122656 854.005006 879.419108 892.901544 894.829969 874.517058 857.304181 848.659155 867.538167 814.269012 747.911725 696.469904 699.927133 669.450218 629.155366 606.601184 602.565265 622.897961 607.390788 569.566048 532.652919 521.710064 504.297780 520.928578 543.205287 589.661287 628.195247 656.746186 656.626278 639.254203 -9999.0 -9999.0 -9999.0 -9999.0 -9999.0 -9999.0 -9999.0 -9999.0 -9999.0 -9999.0
-9999.0 -9999.0 -9999.0 -9999.0 -9999.0 -9999.0 306.683457 315.969761 336.074210 341.156025 366.161761 373.566793 394.037124 413.182946 434.203638 450.717749 481.005157 513.806807 554.894466 598.349017 630.813942 627.133824 639.117150 671.723597 712.659223 743.758289 770.456737 814.139468 896.871980 941.205611 950.241989 954.646331 963.961009 1013.517360 1082.127800 1101.330830 1078.843849 1064.823001 1096.056459 1160.043098 1179.824357 1185.678429 1195.626109 1203.679300 1227.221074 1217.282641 1172.329839 1134.956709 1117.232301 1095.400847 1031.040044 966.449676 932.216770 882.915482 795.616854 733.338974 733.892465 749.786113 719.030720 663.452931 620.220123 608.245965 592.419195 578.326544 584.102965 603.342782 626.094335 637.491246 624.859711 604.042165 581.156673 552.397327 554.165289 579.427633 -9999.0 -9999.0 -9999.0 -9999.0 -9999.0 -9999.0
-9999.0 -9999.0 -9999.0 -9999.0 256.849564 269.446698 257.417273 281.843932 314.180300 347.930053 379.939835 416.913557 443.976912 473.726015 514.232648 549.954857 593.155192 629.556445 684.715769 753.689917 806.925494 836.218636 858.558135 919.667448 981.766753 1036.531269 1061.908690 1101.085470 1167.388588 1232.556553 1258.107828 1262.768137 1277.107300 1307.009290 1349.354779 1380.001170 1364.154042 1359.464734 1371.318514 1393.598947 1422.405538 1426.259038 1428.681651 1430.120028 1433.291101 1432.811208 1408.798335 1369.890960 1351.499444 1339.976777 1313.257823 1251.781500 1217.110570 1185.575867 1135.081340 1064.594349 989.900679 970.438819 912.413096 849.611970 779.815843 752.818940 718.887089 691.554209 661.422617 662.478328 665.737463 645.916570 614.670705 582.721790 567.751174 549.029655 538.426016 568.449874 586.159093 616.836598 -9999.0 -9999.0 -9999.0 -9999.0
-9999.0 -9999.0 198.430781 247.368982 303.541981 311.962739 312.955513 318.491573 346.350657 397.883051 474.554293 526.586347 570.340794 602.669735 661.572387 743.019519 820.032348 873.575387 933.887917 1004.258446 1071.555206 1118.819952 1159.486922 1203.786327 1253.957330 1309.432921 1334.550293 1363.385955 1400.320085 1433.130747 1446.639751 1459.192542 1464.475253 1463.155288 1465.497200 1465.859297 1463.313827 1461.257717 1447.846869 1448.473676 1456.401584 1461.791211 1463.609433 1449.407909 1446.062063 1461.402525 1466.081214 1464.966825 1463.809767 1469.244666 1473.089435 1438.735601 1402.236434 1387.685146 1371.685494 1323.834389 1264.180948 1226.579990 1201.438782 1139.481073 1043.873451 981.550429 921.896105 867.156168 812.801714 779.921261 733.664941 692.711521 647.349931 601.967556 578.574416 560.361983 558.078772 558.494857 574.856089 590.547779 606.139980 614.051016 -9999.0 -9999.0
-9999.0 97.263361 169.515149 295.793690 374.717812 418.850158 454.000650 480.291519 507.656216 529.863487 637.070325 737.724321 829.591904 863.256367 912.007801 1011.138466 1120.072717 1181.728466 1221.853860 1272.850874 1328.371267 1375.995366 1410.259962 1430.066406 1461.788280 1470.193053 1472.078604 1475.868617 1473.777026 1467.779426 1459.154505 1464.547919 1459.371970 1438.869905 1423.053278 1421.138755 1418.745075 1400.178657 1377.139717 1363.494424 1362.058049 1384.804974 1371.270458 1344.757498 1342.324795 1371.988098 1395.319595 1389.754459 1378.718023 1392.675165 1420.817587 1438.035721 1450.405313 1466.870651 1484.823147 1458.641976 1432.428972 1397.895190 1380.107470 1346.560031 1287.240982 1222.405505 1149.865986 1072.248704 997.324644 920.889300 857.049000 797.802460 732.450555 692.053093 660.603555 609.237480 587.329412 589.517198 581.071869 578.760823 585.393036 591.891899 -9999.0 -9999.0
-9999.0 20.439340 162.864563 347.041028 493.496154 552.809893 662.709921 749.345202 778.463770 754.169638 864.814414 1105.591722 1206.486596 1220.461764 1281.774097 1357.488629 1384.737561 1420.610071 1443.887667 1450.373132 1456.036342 1466.170517 1467.448825 1464.249118 1453.367327 1448.222402 1448.406307 1446.210183 1429.786387 1412.608847 1396.772256 1392.041392 1370.065134 1318.331179 1282.488189 1266.713393 1256.010674 1241.084472 1211.738020 1182.903570 1157.136033 1181.166336 1167.062548 1128.613606 1125.577534 1172.797856 1216.136925 1215.010049 1220.798689 1238.058133 1270.992652 1305.042552 1329.366810 1365.137182 1400.152818 1438.811104 1455.715921 1479.712884 1484.996078 1463.823759 1424.047821 1375.973189 1339.646565 1277.347193 1200.757884 1100.766078 1029.114519 965.083801 891.373453 841.143956 790.278080 728.527579 671.729695 648.439108 610.257219 590.958903 -9999.0 -9999.0 -9999.0 -9999.0
-9999.0 -53.073011 135.826995 395.801787 662.237999 779.009531 989.557030 1139.280143 1199.643777 1262.794891 1260.153524 1392.709054 1428.998222 1423.433538 1413.791325 1410.691912 1422.023681 1426.156829 1424.708298 1418.786004 1414.672269 1414.881292 1416.848817 1413.229075 1405.441990 1394.253726 1382.627630 1367.320508 1323.395410 1288.592161 1254.861163 1238.646111 1191.650775 1071.402335 1015.444828 978.133886 925.056128 920.369085 913.266212 883.482801 860.768258 843.869671 860.984240 857.115149 859.360568 872.581871 895.610470 918.455092 959.979978 993.664415 1036.278744 1090.479118 1136.580294 1203.197790 1255.076969 1308.913797 1344.459758 1381.801835 1427.386840 1464.191943 1486.928779 1477.497410 1451.026261 1412.578683 1350.231202 1287.054795 1243.712201 1172.356432 1089.107651 1022.740684 962.551692 889.690682 816.189359 735.644252 695.798018 -9999.0 -9999.0 -9999.0 -9999.0 -9999.0
-9999.0 -222.193069 44.873120 334.903847 653.594897 977.105724 1110.714702 1247.458673 1315.361245 1279.166520 1284.343579 1312.090553 1361.077917 1371.029496 1347.760401 1327.569094 1310.243242 1308.111327 1321.363539 1299.857884 1277.037250 1268.746066 1271.643468 1263.835636 1245.674531 1231.922733 1218.778513 1188.747252 1113.111592 1049.697791 965.574495 936.744506 859.975717 791.925925 742.835591 693.465181 643.562607 642.729590 659.181691 643.164801 620.047550 601.399400 626.345922 641.606807 653.491445 644.985026 655.419671 690.778101 738.411346 779.469071 826.420458 879.169080 927.396819 983.220874 1021.352697 1079.440607 1143.131539 1212.363209 1292.021408 1373.298056 1408.509249 1440.396351 1474.627219 1493.459291 1450.241561 1410.553420 1373.179666 1325.317159 1248.990209 1205.093681 1160.475179 1056.500223 972.241697 -9999.0 -9999.0 -9999.0 -9999.0 -9999.0 -9999.0 -9999.0
-9999.0 -351.947194 -127.971673 108.405406 396.994249 629.924802 811.463051 917.538829 994.191312 1021.494885 1057.349872 1103.948726 1160.215170 1188.764976 1157.099701 1089.433580 1047.192599 1046.750966 1043.022287 1018.832723 990.643802 977.428046 977.418934 972.299873 949.500988 935.767952 924.141952 897.337236 854.071595 795.409484 714.984574 645.514499 584.244956 549.100499 518.224047 485.288884 448.657884 459.269125 472.853059 468.617183 456.920268 453.032100 481.992962 500.348944 510.474241 498.563147 517.588771 544.130422 584.897881 625.673222 671.963009 724.414666 776.439986 806.642429 822.316541 851.479215 897.403434 961.935434 1061.723425 1182.990818 1265.627872 1315.729686 1372.557492 1409.444159 1427.613934 1452.056764 1440.529351 1372.869676 1263.984946 1287.735794 1288.187053 -9999.0 -9999.0 -9999.0 -9999.0 -9999.0 -9999.0 -9999.0 -9999.0 -9999.0
-9999.0 -9999.0 -363.280661 -180.547537 -33.678786 146.722863 293.939654 398.815995 478.461795 580.312609 679.362007 762.232201 811.651575 830.426769 810.729117 765.580673 737.193805 735.404532 725.585840 713.840506 693.024622 685.711460 676.773189 669.969342 659.472165 653.625659 648.036334 635.573954 611.343229 563.873367 513.346971 462.052030 408.563384 383.200063 361.228261 339.231029 336.927821 334.339586 340.696165 341.993634 347.927714 359.912671 380.190724 401.647715 411.128212 418.957382 431.341273 454.633939 487.055412 527.633620 579.420701 634.500002 672.067654 683.623079 673.840919 679.532008 701.913818 747.563020 833.998263 926.632498 1025.806203 1108.475001 1207.167517 1270.323500 1296.719971 1330.998424 1363.803587 1302.358097 920.723132 1216.201655 -9999.0 -9999.0 -9999.0 -9999.0 -9999.0 -9999.0 -9999.0 -9999.0 -9999.0 -9999.0
-9999.0 -9999.0 -9999.0 -9999.0 -324.527432 -169.110649 -74.945682 6.468724 129.427516 242.004828 337.049530 416.249102 473.750090 498.425092 489.027984 486.174600 478.177091 472.850500 463.823869 460.723585 457.748088 450.812535 438.931146 432.061930 432.522355 436.886862 434.658077 421.196397 404.293762 379.323890 357.242440 322.763992 286.548078 257.666612 244.820312 238.662805 238.906106 232.976621 242.238366 249.010688 263.959213 279.219075 303.011339 331.480995 344.438967 358.727336 368.241865 388.576341 418.145244 470.277904 531.979433 587.550719 620.962774 623.731156 597.295335 580.773108 576.790063 604.414921 650.367589 719.181379 820.535694 896.413570 966.270594 1023.369755 1074.542377 1161.338462 1258.691964 1303.311486 -9999.0 -9999.0 -9999.0 -9999.0 -9999.0 -9999.0 -9999.0 -9999.0 -9999.0 -9999.0 -9999.0 -9999.0
-9999.0 -9999.0 -9999.0 -9999.0 -9999.0 -9999.0 -375.430759 -278.334963 -194.776346 -66.850775 52.531927 147.581294 223.668622 250.902896 271.365323 294.722760 290.828966 273.194006 255.783442 273.416800 285.095032 280.250344 252.284067 251.662643 256.025978 265.134608 263.722841 257.685075 233.058217 242.820557 242.612285 219.920985 194.288511 180.448556 169.062748 179.123183 179.912424 167.129981 168.903602 195.267529 215.144423 228.398601 250.512622 283.519386 315.462959 329.922127 330.806819 336.639736 377.001085 446.388540 516.186483 569.339319 599.630905 606.074748 576.956732 535.194618 512.915321 518.476799 551.776243 603.423687 677.922457 726.890961 758.180304 780.345709 810.573965 912.791513 -9999.0 -9999.0 -9999.0 -9999.0 -9999.0 -9999.0 -9999.0 -9999.0 -9999.0 -9999.0 -9999.0 -9999.0 -9999.0 -9999.0
-9999.0 -9999.0 -9999.0 -9999.0 -9999.0 -9999.0 -9999.0 -9999.0 -9999.0 -9999.0 -9999.0 -9999.0 -9999.0 -9999.0 -9999.0 -9999.0 -9999.0 -9999.0 -9999.0 -9999.0 -9999.0 -9999.0 -9999.0 -9999.0 -9999.0 -9999.0 -9999.0 -9999.0 -9999.0 -9999.0 -9999.0 -9999.0 -9999.0 -9999.0 -9999.0 -9999.0 -9999.0 -9999.0 -9999.0 -9999.0 -9999.0 -9999.0 -9999.0 -9999.0 -9999.0 -9999.0 -9999.0 -9999.0 -9999.0 -9999.0 -9999.0 -9999.0 -9999.0 -9999.0 -9999.0 -9999.0 -9999.0 -9999.0 -9999.0 -9999.0 -9999.0 -9999.0 -9999.0 -9999.0 -9999.0 -9999.0 -9999.0 -9999.0 -9999.0 -9999.0 -9999.0 -9999.0 -9999.0 -9999.0 -9999.0 -9999.0 -9999.0 -9999.0 -9999.0 -9999.0
-9999.0 -9999.0 -9999.0 -9999.0 -9999.0 -9999.0 -9999.0 -9999.0 -9999.0 -9999.0 -9999.0 -9999.0 -9999.0 -9999.0 -9999.0 -9999.0 -9999.0 -9999.0 -9999.0 -9999.0 -9999.0 -9999.0 -9999.0 -9999.0 -9999.0 -9999.0 -9999.0 -9999.0 -9999.0 -9999.0 -9999.0 -9999.0 -9999.0 -9999.0 -9999.0 -9999.0 -9999.0 -9999.0 -9999.0 -9999.0 -9999.0 -9999.0 -9999.0 -9999.0 -9999.0 -9999.0 -9999.0 -9999.0 -9999.0 -9999.0 -9999.0 -9999.0 -9999.0 -9999.0 -9999.0 -9999.0 -9999.0 -9999.0 -9999.0 -9999.0 -9999.0 -9999.0 -9999.0 -9999.0 -9999.0 -9999.0 -9999.0 -9999.0 -9999.0 -9999.0 -9999.0 -9999.0 -9999.0 -9999.0 -9999.0 -9999.0 -9999.0 -9999.0 -9999.0 -9999.0