Borden_/Borden1m_014/output_maps/psiliqL0015N0026.asc
ncols         80
nrows         18
xllcorner     620200.000000
yllcorner     5168000.000000
cellsize      1.000000
NODATA_value  -9999.0
-9999.0 -9999.0 -9999.0 -9999.0 -9999.0 -9999.0 -9999.0 -9999.0 -9999.0 -9999.0 -9999.0 -9999.0 -9999.0 -9999.0 -9999.0 -9999.0 -9999.0 -9999.0 -9999.0 -9999.0 -9999.0 -9999.0 -9999.0 -9999.0 -9999.0 -9999.0 -9999.0 -9999.0 -9999.0 -9999.0 -9999.0 -9999.0 -9999.0 -9999.0 -9999.0 -9999.0 -9999.0 -9999.0 -9999.0 -9999.0 -9999.0 -9999.0 -9999.0 -9999.0 -9999.0 -9999.0 -9999.0 -9999.0 -9999.0 -9999.0 -9999.0 -9999.0 -9999.0 -9999.0 -9999.0 -9999.0 -9999.0 -9999.0 -9999.0 -9999.0 -9999.0 -9999.0 -9999.0 -9999.0 -9999.0 -9999.0 -9999.0 -9999.0 -9999.0 -9999.0 -9999.0 -9999.0 -9999.0 -9999.0 -9999.0 -9999.0 -9999.0 -9999.0 -9999.0 -9999.0
-9999.0 -9999.0 -9999.0 -9999.0 -9999.0 -9999.0 -9999.0 -9999.0 -9999.0 -9999.0 -9999.0 -9999.0 -9999.0 -9999.0 -9999.0 -9999.0 -9999.0 -9999.0 -9999.0 -9999.0 -9999.0 -9999.0 -9999.0 -9999.0 -9999.0 -9999.0 -9999.0 -9999.0 -9999.0 -9999.0 -9999.0 -9999.0 -9999.0 -9999.0 -9999.0 -9999.0 -9999.0 -9999.0 -9999.0 -9999.0 -9999.0 -9999.0 -9999.0 -9999.0 -9999.0 -9999.0 -9999.0 -9999.0 -9999.0 -9999.0 -9999.0 -9999.0 -9999.0 -9999.0 -9999.0 -9999.0 -9999.0 -9999.0 -9999.0 -9999.0 -9999.0 -9999.0 -9999.0 -9999.0 -9999.0 -9999.0 -9999.0 -9999.0 -9999.0 -9999.0 -9999.0 -9999.0 -9999.0 -9999.0 -9999.0 -9999.0 -9999.0 -9999.0 -9999.0 -9999.0
-9999.0 -9999.0 -9999.0 -9999.0 -9999.0 -9999.0 -9999.0 -9999.0 -9999.0 -9999.0 -9999.0 -9999.0 -9999.0 -9999.0 -9999.0 -9999.0 -9999.0 -9999.0 -9999.0 -9999.0 1148.016261 1150.895878 1129.680273 1097.037109 1070.284066 1073.798480 1109.667301 1152.407016 1192.591077 1203.967152 1187.542210 1191.556011 1188.210839 1187.661117 1190.699489 1198.263312 1203.262976 1214.848464 1223.809472 1224.116611 1218.901936 1214.696236 1215.839298 1218.972582 1224.136340 1212.161910 1225.123440 1239.089762 1242.849972 1236.311077 1207.899088 1190.938112 1180.175600 1162.730351 1185.508612 1195.537528 1216.661612 1219.299052 1216.214511 1188.139521 1157.377474 -9999.0 -9999.0 -9999.0 -9999.0 -9999.0 -9999.0 -9999.0 -9999.0 -9999.0 -9999.0 -9999.0 -9999.0 -9999.0 -9999.0 -9999.0 -9999.0 -9999.0 -9999.0 -9999.0
-9999.0 -9999.0 -9999.0 -9999.0 -9999.0 -9999.0 -9999.0 -9999.0 -9999.0 -9999.0 -9999.0 -9999.0 -9999.0 -9999.0 1054.546740 1045.802833 1044.138077 1053.654126 1088.274483 1119.366821 1131.761305 1125.252414 1126.538704 1104.260208 1084.939903 1100.354296 1131.748246 1165.118581 1201.572033 1223.487132 1213.995538 1213.362498 1224.155911 1249.904063 1263.076219 1260.994871 1242.022726 1266.020607 1282.306116 1291.534178 1292.146399 1284.792774 1298.155817 1313.959419 1306.747572 1288.831752 1293.159789 1303.926875 1314.495520 1299.512468 1234.691470 1214.136240 1207.700106 1198.937824 1182.845644 1174.816181 1198.662280 1196.999366 1187.230050 1167.927419 1134.109712 1089.219470 1069.690997 1107.333290 1149.939701 1206.134733 -9999.0 -9999.0 -9999.0 -9999.0 -9999.0 -9999.0 -9999.0 -9999.0 -9999.0 -9999.0 -9999.0 -9999.0 -9999.0 -9999.0
-9999.0 -9999.0 -9999.0 -9999.0 -9999.0 -9999.0 -9999.0 -9999.0 -9999.0 993.824244 999.168146 1007.466558 1010.988503 1027.766950 1026.257167 1034.578681 1042.772120 1071.219204 1103.562070 1139.798593 1169.569120 1162.036678 1164.124913 1175.565906 1180.119003 1193.584308 1217.131054 1259.663723 1301.453223 1344.456043 1317.854970 1317.381578 1337.908457 1385.335593 1418.128988 1425.355684 1407.291216 1416.859082 1442.702483 1465.855094 1467.144224 1466.185776 1492.214106 1506.645223 1506.790376 1485.283509 1471.575810 1470.534931 1494.248555 1441.212636 1373.706239 1322.715422 1325.158736 1293.331736 1254.035816 1232.524168 1227.968253 1246.369309 1229.534031 1190.625677 1152.898229 1140.348628 1121.477435 1137.309299 1158.036609 1202.838454 1240.363499 1267.539529 1265.812469 1247.448897 -9999.0 -9999.0 -9999.0 -9999.0 -9999.0 -9999.0 -9999.0 -9999.0 -9999.0 -9999.0
-9999.0 -9999.0 -9999.0 -9999.0 -9999.0 -9999.0 913.548391 923.856447 945.112904 950.563680 977.124745 985.626263 1007.537689 1028.203548 1051.383266 1069.309031 1100.798839 1135.389339 1177.840126 1222.454196 1256.176315 1252.821301 1265.408673 1297.671349 1337.944998 1368.079561 1395.021899 1437.543449 1516.688548 1561.578692 1570.496327 1577.076899 1588.013059 1637.058369 1701.124044 1716.465069 1695.714567 1681.067335 1701.883858 1739.364552 1747.121967 1750.013707 1761.464995 1771.302853 1796.531708 1785.578275 1743.939691 1728.141905 1724.820804 1706.973720 1645.081042 1581.358987 1545.824796 1493.603848 1408.403337 1352.563732 1358.103401 1374.353242 1342.761367 1286.258323 1243.267077 1230.608113 1213.557034 1198.470018 1202.958396 1220.275865 1240.680240 1250.110814 1235.451434 1212.893991 1188.921858 1159.069467 1160.013014 1184.537498 -9999.0 -9999.0 -9999.0 -9999.0 -9999.0 -9999.0
-9999.0 -9999.0 -9999.0 -9999.0 862.554194 876.130560 864.635660 890.810610 924.625078 960.064115 993.156099 1031.339409 1060.245427 1092.382012 1134.581408 1170.623299 1214.481096 1252.461157 1309.413381 1379.697832 1432.986705 1459.269449 1477.611944 1538.325001 1601.140502 1654.326078 1676.368972 1705.546115 1751.563296 1814.008320 1842.738654 1850.559113 1868.738948 1904.368623 1951.949407 1985.223268 1968.242429 1960.073109 1966.449729 1978.916714 2003.820537 2006.314855 2008.819210 2011.426380 2015.603920 2013.616381 1987.843404 1953.181188 1938.164173 1928.045130 1897.824291 1828.502374 1786.899763 1754.675129 1719.162005 1666.506251 1602.578470 1585.637335 1526.118085 1465.867276 1401.151024 1377.320278 1344.443548 1316.396681 1284.917162 1284.091709 1284.861014 1262.006744 1227.592473 1193.489839 1176.904970 1156.828138 1144.728653 1173.865938 1190.661990 1220.407587 -9999.0 -9999.0 -9999.0 -9999.0
-9999.0 -9999.0 802.095537 851.133827 908.895780 918.604185 919.988092 927.143294 957.099304 1010.853511 1087.541195 1139.190604 1183.242604 1219.707015 1282.009674 1363.222822 1437.865820 1489.603435 1552.168373 1623.828412 1687.319201 1722.812345 1742.761282 1783.348716 1837.867959 1899.852417 1926.965225 1954.124443 1986.475267 2021.576739 2033.536264 2048.119863 2056.947474 2060.323399 2066.432985 2068.255333 2063.074329 2056.677375 2037.700200 2033.747404 2041.113155 2046.967992 2048.689608 2035.513996 2031.519200 2044.690824 2047.970732 2046.381309 2045.454865 2052.435267 2055.583500 2016.182472 1978.338110 1961.541284 1950.227613 1905.404608 1840.736933 1797.942872 1773.261376 1728.930406 1650.474556 1598.127887 1545.911210 1495.038293 1440.228318 1406.723410 1357.304741 1312.125629 1263.096142 1214.782488 1189.448248 1169.963492 1166.208035 1164.898449 1180.064551 1194.564309 1209.256812 1216.695645 -9999.0 -9999.0
-9999.0 698.422842 771.064303 897.696676 978.576327 1024.102781 1056.591664 1080.626082 1110.993831 1139.227641 1245.392072 1335.064259 1427.951690 1468.207777 1521.714353 1620.790933 1716.697276 1764.109286 1803.750219 1860.950433 1921.801136 1970.192749 2000.123028 2011.575662 2046.056911 2059.860127 2063.211197 2066.946032 2063.795074 2056.621243 2048.394212 2054.797772 2051.113455 2032.059968 2015.866188 2012.280179 2005.606356 1979.547883 1949.522471 1933.584186 1935.571706 1958.255116 1946.292819 1925.938157 1922.364910 1943.659781 1963.265448 1955.071412 1944.275712 1963.242359 1998.649167 2021.371386 2031.637823 2048.135923 2068.693365 2043.097021 2014.664330 1972.301770 1951.712717 1921.600585 1862.359894 1800.394674 1744.841527 1683.256508 1615.652003 1546.230262 1480.599389 1416.554356 1347.865787 1304.477758 1271.416148 1219.754180 1197.376220 1197.649255 1187.577240 1183.605446 1188.717132 1194.596820 -9999.0 -9999.0
-9999.0 617.439182 759.964554 944.706184 1093.807884 1153.457673 1255.643412 1335.438840 1365.075839 1338.391300 1448.371481 1667.975092 1771.382389 1790.902769 1864.152476 1952.908983 1972.647498 2005.862695 2029.004549 2040.280703 2049.569244 2060.403609 2059.769654 2054.881948 2040.722730 2032.917485 2031.244593 2027.654497 2009.109601 1988.907567 1970.473181 1965.347654 1946.026476 1901.200800 1867.622711 1849.587098 1831.982921 1809.880701 1775.127118 1746.822508 1731.096137 1746.158057 1739.360630 1722.964378 1719.479864 1741.894026 1774.958076 1772.271356 1781.911992 1805.294521 1846.113450 1886.810302 1910.432675 1941.491740 1979.218043 2024.381916 2040.364966 2062.122173 2066.249092 2047.111293 2002.257173 1949.200715 1913.670654 1849.792733 1776.096583 1696.691825 1630.510544 1566.562364 1495.320543 1446.724982 1397.893022 1338.866742 1283.132435 1258.464137 1217.649966 1197.011281 -9999.0 -9999.0 -9999.0 -9999.0
-9999.0 537.718258 725.615760 983.540042 1260.594036 1372.111108 1577.140793 1705.755222 1764.026126 1832.103057 1809.026140 1957.577704 1997.665198 1995.023459 1995.760779 2001.293960 2018.076640 2022.657421 2020.216075 2011.243651 2002.942645 1999.465725 1998.186667 1990.493065 1977.644170 1961.805565 1947.326367 1932.811682 1893.313674 1858.788142 1821.759489 1805.459957 1764.942626 1672.935113 1629.692017 1593.122342 1535.411453 1527.596887 1519.997586 1490.189573 1469.486406 1448.370416 1470.231142 1474.792174 1477.575644 1481.702520 1499.771784 1525.051076 1571.116692 1609.020466 1654.385411 1707.790938 1743.737564 1788.469559 1835.852158 1892.934253 1926.970372 1959.158686 2007.367385 2046.949110 2070.155365 2058.499167 2030.325896 1982.702285 1910.392559 1842.008993 1790.550405 1715.912692 1650.138020 1596.424313 1549.757855 1497.209657 1430.170089 1347.720472 1304.511453 -9999.0 -9999.0 -9999.0 -9999.0 -9999.0
-9999.0 356.797719 624.288769 911.633340 1224.962629 1553.937492 1688.981139 1817.603979 1889.928648 1856.522244 1863.040967 1884.024600 1926.246176 1936.260018 1918.631972 1911.445471 1901.265577 1902.229262 1915.856274 1890.272295 1860.966895 1847.595577 1846.760410 1834.321360 1810.105587 1791.959229 1778.272347 1756.284062 1707.041609 1655.130567 1573.082252 1541.527814 1464.105700 1406.718488 1361.763423 1311.858332 1260.611789 1258.425745 1274.560888 1258.855873 1235.916422 1217.178362 1243.721838 1261.582658 1274.103824 1263.342565 1273.295479 1310.170893 1360.686674 1405.857639 1457.103122 1513.483008 1561.719234 1611.150588 1644.653661 1696.335996 1745.447084 1793.779923 1868.711540 1948.470914 1986.300680 2021.320842 2053.455749 2067.559533 2014.165302 1962.068543 1907.081152 1842.242390 1758.816967 1712.775590 1687.786249 1645.661827 1589.367646 -9999.0 -9999.0 -9999.0 -9999.0 -9999.0 -9999.0 -9999.0
-9999.0 230.781217 448.954448 677.666428 961.701839 1199.961330 1396.446864 1505.934263 1585.395448 1620.117977 1654.392983 1688.840268 1720.176548 1744.051659 1723.983163 1686.239384 1658.868760 1663.716778 1660.065892 1636.739804 1607.474081 1592.534342 1589.694035 1581.925258 1556.389492 1540.567222 1528.274143 1503.899926 1468.431106 1411.554300 1331.524632 1258.607740 1196.820780 1164.188254 1134.119538 1101.175731 1065.151189 1074.780758 1086.908991 1082.872199 1071.946094 1068.783327 1097.899646 1116.977544 1127.303082 1116.021346 1135.645821 1162.897268 1205.125895 1248.837952 1298.770108 1355.042067 1410.059183 1440.894233 1456.513138 1484.301785 1526.349677 1582.732954 1670.332620 1765.937389 1844.330325 1893.939750 1944.809627 1978.125507 1990.583957 1999.905847 1971.263665 1885.844256 1769.166135 1765.983743 1766.365272 -9999.0 -9999.0 -9999.0 -9999.0 -9999.0 -9999.0 -9999.0 -9999.0 -9999.0
-9999.0 -9999.0 215.663031 393.118482 531.454975 711.675305 862.660607 973.374130 1061.818568 1173.610502 1277.261627 1360.265447 1404.628300 1422.661488 1408.679228 1375.480907 1354.326102 1354.646756 1344.819324 1333.965474 1313.626526 1305.388346 1294.107255 1285.304039 1274.187262 1267.533222 1261.064637 1248.435403 1225.126650 1177.505265 1128.101238 1076.300186 1022.514815 996.568347 974.303486 952.397705 950.527084 946.557071 952.042721 953.278284 959.800561 972.187290 992.329896 1014.290129 1024.137862 1032.963997 1045.753063 1069.820422 1103.333653 1145.949556 1200.274683 1258.417326 1298.879810 1312.586763 1304.281311 1311.052061 1333.621672 1378.593765 1462.213297 1548.999695 1645.423932 1717.602872 1789.475515 1841.594225 1857.541963 1871.650791 1882.489901 1814.970054 1560.565772 1699.687725 -9999.0 -9999.0 -9999.0 -9999.0 -9999.0 -9999.0 -9999.0 -9999.0 -9999.0 -9999.0
-9999.0 -9999.0 -9999.0 -9999.0 251.709864 406.959723 503.957477 587.719968 715.753614 834.319854 933.026198 1014.861890 1075.281366 1101.345868 1096.209198 1100.052751 1095.158486 1089.617083 1080.228930 1078.534799 1076.612648 1068.928726 1054.899718 1047.063639 1047.123895 1051.129908 1047.931097 1033.602921 1015.409189 991.614489 970.277520 935.431425 898.995042 869.502266 856.084458 849.967891 849.613869 842.779374 851.478627 858.517587 873.569935 888.772168 912.552072 941.441787 955.061856 969.839989 979.748108 1000.536891 1031.134949 1084.707211 1148.267155 1206.187473 1242.185034 1247.053263 1222.907012 1208.316198 1205.962862 1235.418636 1282.613506 1352.586523 1456.448591 1532.114413 1592.449837 1638.849886 1671.509591 1716.436961 1764.008440 1791.252726 -9999.0 -9999.0 -9999.0 -9999.0 -9999.0 -9999.0 -9999.0 -9999.0 -9999.0 -9999.0 -9999.0 -9999.0
-9999.0 -9999.0 -9999.0 -9999.0 -9999.0 -9999.0 208.388596 309.013109 390.829603 526.221704 653.207852 752.378012 831.296496 861.749657 886.449335 912.397337 910.224582 892.340178 873.918035 892.174302 905.049709 899.216250 869.552693 868.642962 872.827081 880.849410 878.394399 871.575126 846.122373 856.515360 856.407914 832.868872 806.548856 792.345150 780.367304 789.886083 790.104301 776.623903 777.481887 804.036073 824.118474 837.289102 859.226302 892.423548 924.723050 939.818491 941.229910 947.527572 988.012133 1058.425905 1130.012602 1185.307890 1217.777272 1226.111499 1199.151385 1159.561205 1139.734820 1147.749601 1183.761152 1238.173341 1315.976658 1367.454628 1396.493223 1413.111845 1434.293680 1525.772469 -9999.0 -9999.0 -9999.0 -9999.0 -9999.0 -9999.0 -9999.0 -9999.0 -9999.0 -9999.0 -9999.0 -9999.0 -9999.0 -9999.0
-9999.0 -9999.0 -9999.0 -9999.0 -9999.0 -9999.0 -9999.0 -9999.0 -9999.0 -9999.0 -9999.0 -9999.0 -9999.0 -9999.0 -9999.0 -9999.0 -9999.0 -9999.0 -9999.0 -9999.0 -9999.0 -9999.0 -9999.0 -9999.0 -9999.0 -9999.0 -9999.0 -9999.0 -9999.0 -9999.0 -9999.0 -9999.0 -9999.0 -9999.0 -9999.0 -9999.0 -9999.0 -9999.0 -9999.0 -9999.0 -9999.0 -9999.0 -9999.0 -9999.0 -9999.0 -9999.0 -9999.0 -9999.0 -9999.0 -9999.0 -9999.0 -9999.0 -9999.0 -9999.0 -9999.0 -9999.0 -9999.0 -9999.0 -9999.0 -9999.0 -9999.0 -9999.0 -9999.0 -9999.0 -9999.0 -9999.0 -9999.0 -9999.0 -9999.0 -9999.0 -9999.0 -9999.0 -9999.0 -9999.0 -9999.0 -9999.0 -9999.0 -9999.0 -9999.0 -9999.0
-9999.0 -9999.0 -9999.0 -9999.0 -9999.0 -9999.0 -9999.0 -9999.0 -9999.0 -9999.0 -9999.0 -9999.0 -9999.0 -9999.0 -9999.0 -9999.0 -9999.0 -9999.0 -9999.0 -9999.0 -9999.0 -9999.0 -9999.0 -9999.0 -9999.0 -9999.0 -9999.0 -9999.0 -9999.0 -9999.0 -9999.0 -9999.0 -9999.0 -9999.0 -9999.0 -9999.0 -9999.0 -9999.0 -9999.0 -9999.0 -9999.0 -9999.0 -9999.0 -9999.0 -9999.0 -9999.0 -9999.0 -9999.0 -9999.0 -9999.0 -9999.0 -9999.0 -9999.0 -9999.0 -9999.0 -9999.0 -9999.0 -9999.0 -9999.0 -9999.0 -9999.0 -9999.0 -9999.0 -9999.0 -9999.0 -9999.0 -9999.0 -9999.0 -9999.0 -9999.0 -9999.0 -9999.0 -9999.0 -9999.0 -9999.0 -9999.0 -9999.0 -9999.0 -9999.0 -9999.0