Borden_/Borden1m_014/output_maps/psiliqL0008N0016.asc
ncols         80
nrows         18
xllcorner     620200.000000
yllcorner     5168000.000000
cellsize      1.000000
NODATA_value  -9999.0
-9999.0 -9999.0 -9999.0 -9999.0 -9999.0 -9999.0 -9999.0 -9999.0 -9999.0 -9999.0 -9999.0 -9999.0 -9999.0 -9999.0 -9999.0 -9999.0 -9999.0 -9999.0 -9999.0 -9999.0 -9999.0 -9999.0 -9999.0 -9999.0 -9999.0 -9999.0 -9999.0 -9999.0 -9999.0 -9999.0 -9999.0 -9999.0 -9999.0 -9999.0 -9999.0 -9999.0 -9999.0 -9999.0 -9999.0 -9999.0 -9999.0 -9999.0 -9999.0 -9999.0 -9999.0 -9999.0 -9999.0 -9999.0 -9999.0 -9999.0 -9999.0 -9999.0 -9999.0 -9999.0 -9999.0 -9999.0 -9999.0 -9999.0 -9999.0 -9999.0 -9999.0 -9999.0 -9999.0 -9999.0 -9999.0 -9999.0 -9999.0 -9999.0 -9999.0 -9999.0 -9999.0 -9999.0 -9999.0 -9999.0 -9999.0 -9999.0 -9999.0 -9999.0 -9999.0 -9999.0
-9999.0 -9999.0 -9999.0 -9999.0 -9999.0 -9999.0 -9999.0 -9999.0 -9999.0 -9999.0 -9999.0 -9999.0 -9999.0 -9999.0 -9999.0 -9999.0 -9999.0 -9999.0 -9999.0 -9999.0 -9999.0 -9999.0 -9999.0 -9999.0 -9999.0 -9999.0 -9999.0 -9999.0 -9999.0 -9999.0 -9999.0 -9999.0 -9999.0 -9999.0 -9999.0 -9999.0 -9999.0 -9999.0 -9999.0 -9999.0 -9999.0 -9999.0 -9999.0 -9999.0 -9999.0 -9999.0 -9999.0 -9999.0 -9999.0 -9999.0 -9999.0 -9999.0 -9999.0 -9999.0 -9999.0 -9999.0 -9999.0 -9999.0 -9999.0 -9999.0 -9999.0 -9999.0 -9999.0 -9999.0 -9999.0 -9999.0 -9999.0 -9999.0 -9999.0 -9999.0 -9999.0 -9999.0 -9999.0 -9999.0 -9999.0 -9999.0 -9999.0 -9999.0 -9999.0 -9999.0
-9999.0 -9999.0 -9999.0 -9999.0 -9999.0 -9999.0 -9999.0 -9999.0 -9999.0 -9999.0 -9999.0 -9999.0 -9999.0 -9999.0 -9999.0 -9999.0 -9999.0 -9999.0 -9999.0 -9999.0 -270.045659 -267.034531 -289.985671 -324.414734 -353.269416 -351.501732 -316.183692 -274.775471 -236.829013 -226.309091 -244.420175 -242.836944 -247.648599 -247.312035 -243.825248 -237.480900 -234.563179 -222.788368 -214.174427 -214.471863 -220.818269 -226.707000 -228.017976 -224.469182 -219.433982 -228.335563 -214.573124 -198.929897 -192.472752 -197.911874 -225.951760 -242.421688 -250.953697 -265.663936 -241.053518 -228.416119 -205.288604 -200.953206 -202.179785 -229.303834 -259.476940 -9999.0 -9999.0 -9999.0 -9999.0 -9999.0 -9999.0 -9999.0 -9999.0 -9999.0 -9999.0 -9999.0 -9999.0 -9999.0 -9999.0 -9999.0 -9999.0 -9999.0 -9999.0 -9999.0
-9999.0 -9999.0 -9999.0 -9999.0 -9999.0 -9999.0 -9999.0 -9999.0 -9999.0 -9999.0 -9999.0 -9999.0 -9999.0 -9999.0 -360.609714 -371.021423 -374.331497 -366.014944 -332.147343 -302.004857 -289.281129 -297.063557 -297.297769 -321.282222 -341.880362 -327.582739 -297.794958 -266.102397 -231.740561 -211.005402 -223.670860 -225.992748 -214.278027 -184.468377 -168.240222 -170.374153 -191.654371 -168.316275 -151.513210 -141.796706 -143.030832 -152.036598 -137.040911 -120.236039 -127.082376 -145.142096 -141.399318 -129.122345 -114.221847 -130.546220 -198.256473 -221.506676 -225.639697 -232.672298 -246.190894 -252.899601 -228.031836 -227.120529 -235.403558 -253.351211 -285.691152 -330.107653 -347.960016 -308.881824 -263.874807 -205.439206 -9999.0 -9999.0 -9999.0 -9999.0 -9999.0 -9999.0 -9999.0 -9999.0 -9999.0 -9999.0 -9999.0 -9999.0 -9999.0 -9999.0
-9999.0 -9999.0 -9999.0 -9999.0 -9999.0 -9999.0 -9999.0 -9999.0 -9999.0 -416.896215 -413.530469 -406.752686 -405.345232 -390.012564 -391.999290 -385.372041 -377.734391 -351.742586 -320.492132 -284.951459 -255.736837 -265.879543 -265.588407 -252.931579 -244.819636 -230.452853 -208.594511 -166.910122 -123.007600 -78.932310 -106.511788 -106.349420 -79.980735 -15.506923 30.025858 41.526261 23.143359 28.006614 54.966486 80.451607 78.540717 76.118773 102.476258 117.451612 123.489331 102.615920 85.417194 85.119548 113.692450 55.919287 -18.066654 -87.690147 -94.699097 -130.247022 -173.969217 -197.960658 -202.241859 -181.115687 -197.367954 -235.553870 -272.550253 -282.196247 -298.888554 -282.252806 -259.156728 -211.627350 -172.681618 -143.703688 -143.232003 -160.446051 -9999.0 -9999.0 -9999.0 -9999.0 -9999.0 -9999.0 -9999.0 -9999.0 -9999.0 -9999.0
-9999.0 -9999.0 -9999.0 -9999.0 -9999.0 -9999.0 -494.999177 -486.539594 -467.238892 -462.020050 -438.166519 -431.096095 -411.026411 -392.042671 -371.785692 -354.909995 -323.747978 -290.758136 -248.047945 -201.636829 -167.341085 -170.915684 -159.424408 -120.024843 -61.619179 -18.002353 10.603421 52.901245 140.100788 199.676022 225.441020 245.408074 298.530882 417.763389 487.751818 501.524944 488.018816 477.424286 489.287393 511.426926 512.872022 511.368979 516.042067 520.832043 540.028973 536.186776 511.557010 504.957018 504.693049 495.601019 435.977824 302.208634 193.608298 120.959716 29.782221 -34.900161 -43.163942 -38.583588 -77.151227 -134.906296 -180.136557 -192.612637 -208.730605 -223.588784 -218.336054 -198.783337 -175.130401 -163.486989 -175.716863 -196.077441 -218.958989 -247.607964 -245.764323 -220.136128 -9999.0 -9999.0 -9999.0 -9999.0 -9999.0 -9999.0
-9999.0 -9999.0 -9999.0 -9999.0 -544.258161 -532.284874 -544.292634 -521.330871 -489.984040 -457.420332 -425.558346 -388.525538 -361.672330 -331.851968 -289.230735 -249.335292 -203.973487 -166.417507 -103.536159 -16.133384 46.790112 77.880549 98.607740 192.967816 379.585420 459.964871 476.914580 491.553248 514.373820 554.235742 572.796902 579.835910 601.011333 635.980742 667.999343 690.051712 678.538409 675.199431 677.165752 681.039942 698.051322 697.092534 697.558240 697.848236 699.878384 702.123559 687.609151 668.606226 663.333633 659.768392 642.485396 583.454030 544.547154 523.842707 507.535694 472.596375 388.823761 270.397534 161.926968 89.364154 13.863884 -23.110026 -69.235642 -101.128177 -135.232706 -136.721370 -134.855848 -155.231688 -186.067046 -217.997126 -232.785453 -251.303914 -261.284513 -231.152366 -213.258933 -182.081781 -9999.0 -9999.0 -9999.0 -9999.0
-9999.0 -9999.0 -601.543226 -551.985744 -496.784343 -488.877424 -487.354689 -483.177007 -457.027329 -406.817432 -327.275149 -272.829278 -226.752965 -194.387426 -128.304357 -26.699187 58.655192 119.326343 220.937873 397.273746 476.133142 501.153649 510.842213 542.108863 598.579493 643.950476 657.982465 670.281169 684.288264 704.000156 722.201082 736.870599 744.907768 743.625108 743.979395 741.210051 739.352447 736.712999 721.495254 718.912122 724.462037 726.264371 729.296666 718.047715 714.456239 726.732498 730.115063 733.743517 738.056396 746.821440 754.409097 722.946336 682.191051 674.928928 674.328070 648.522678 604.016661 559.819183 540.205973 514.194719 458.631314 379.928657 202.921535 118.103822 47.399702 -4.511202 -59.352304 -104.350800 -151.535596 -197.442056 -221.038825 -239.578285 -241.702446 -240.929578 -224.683612 -208.852017 -193.293456 -185.406676 -9999.0 -9999.0
-9999.0 -699.759013 -627.509901 -500.525272 -422.357788 -377.806309 -336.986065 -307.418287 -282.855323 -267.122187 -154.164979 -32.742165 64.345559 103.222460 189.587750 389.904045 490.646965 525.063803 557.071992 610.665122 652.167701 679.188037 695.268041 719.527093 747.197369 748.284123 745.311942 744.114106 735.279751 727.187379 717.476308 725.300935 725.192763 712.004028 699.820839 696.615924 691.251629 676.290631 660.408161 653.309411 656.319986 671.788941 664.519210 651.609364 649.206074 662.427243 673.747785 669.254592 663.463012 678.242874 700.801585 713.579069 726.769770 740.419203 759.428555 736.848361 708.761498 679.877819 670.313614 657.186614 626.540849 584.807053 532.368680 484.548857 399.782521 204.162434 102.296826 22.186202 -53.757230 -97.159302 -130.946966 -185.499528 -209.851403 -208.800505 -218.250718 -220.772956 -214.106095 -207.609894 -9999.0 -9999.0
-9999.0 -770.767986 -627.820871 -442.582594 -294.929639 -229.217746 -95.550606 -5.214126 21.118265 -0.641373 131.524973 447.701745 530.343241 538.281895 590.781686 664.385605 696.624521 721.899542 739.693624 738.637725 736.158478 737.633042 732.036673 724.229069 711.600302 705.736898 706.432429 706.363068 694.905492 683.563295 670.905832 669.885271 661.852512 639.439887 618.044559 597.825979 570.785597 554.147578 532.074249 515.593008 506.641176 521.039784 514.928622 503.272478 500.325807 515.268818 538.561873 535.891103 548.774272 584.143394 616.585765 638.794072 649.434832 666.602702 688.346218 715.685592 729.448512 748.445451 752.877411 732.614719 701.776282 672.469811 656.759332 624.181569 578.447750 506.999997 435.776621 295.372019 163.404761 95.613749 31.247564 -46.640677 -113.214559 -145.653247 -186.646078 -208.192750 -9999.0 -9999.0 -9999.0 -9999.0
-9999.0 -835.623555 -644.610108 -379.003654 -114.735113 47.816932 377.321777 501.573277 538.904857 580.546645 597.544595 702.859921 722.153414 710.562127 693.747847 694.565441 707.557903 711.115899 707.741806 700.743029 694.890842 690.857192 687.702038 681.853888 674.381540 666.165780 660.348964 656.701705 636.116873 613.624606 575.700630 558.704750 533.707709 470.582003 431.192988 356.612199 194.859269 169.291984 152.027379 115.990462 94.675585 77.974973 97.800446 97.886679 98.310598 106.642847 131.093142 159.397771 237.332352 386.924247 458.993767 500.247256 524.721813 564.219715 606.308818 642.128969 657.278889 673.329882 701.389294 731.685740 752.172756 745.883477 722.199818 697.554211 659.819892 624.293661 599.458293 545.068350 498.102322 456.932832 380.129468 193.348026 81.339298 -49.014231 -96.890704 -9999.0 -9999.0 -9999.0 -9999.0 -9999.0
-9999.0 -988.475963 -721.289038 -424.961127 -77.086889 357.489115 494.480933 618.186127 676.504604 628.283676 621.131879 635.540435 660.670097 663.077110 650.388222 649.666502 645.832132 646.710282 658.139555 641.857926 621.111277 603.016280 592.782380 578.292685 557.407757 544.496457 537.239385 526.444048 492.763721 435.464071 270.200732 202.052947 101.704745 28.235005 -24.937852 -84.890240 -147.056196 -151.176253 -136.034171 -153.347116 -176.025023 -195.051244 -169.228162 -153.634663 -142.668654 -152.483529 -143.085987 -106.491862 -52.494966 2.990001 64.988363 131.030043 199.905298 319.457600 429.808878 488.032114 521.723609 558.402527 619.901848 670.699464 690.144007 712.167278 744.310040 762.301021 723.530291 690.591854 668.192649 642.880632 602.609150 583.691172 563.789844 511.725655 460.163861 -9999.0 -9999.0 -9999.0 -9999.0 -9999.0 -9999.0 -9999.0
-9999.0 -1122.854894 -890.280291 -641.955559 -340.921443 -89.112444 116.664732 349.882599 443.868773 456.666389 473.775532 492.211160 510.434988 525.401509 511.136530 488.554476 471.710205 476.296287 476.062307 457.100441 421.384249 360.361376 308.336487 272.447674 215.136097 184.853215 166.923157 136.539141 93.046516 28.880472 -69.198829 -144.516819 -209.686520 -246.715995 -278.559384 -313.506490 -353.623910 -342.679783 -327.543918 -332.222534 -344.908855 -349.611109 -319.527697 -301.056554 -291.061370 -304.724649 -286.379695 -259.317317 -216.993171 -174.157791 -124.705214 -68.720601 -12.356284 27.740707 57.240342 96.176411 153.345750 262.620220 439.753599 536.996868 607.481326 640.171732 671.642522 693.405705 702.279993 721.844687 713.031878 663.921210 598.477955 619.731571 628.501700 -9999.0 -9999.0 -9999.0 -9999.0 -9999.0 -9999.0 -9999.0 -9999.0 -9999.0
-9999.0 -9999.0 -1127.245526 -935.984044 -775.122917 -591.778124 -445.098773 -335.711016 -254.845970 -159.795838 -62.753140 14.090284 55.368729 72.126638 53.709418 12.442790 -14.337143 -14.521289 -24.778127 -41.694962 -72.826397 -89.633037 -103.789866 -114.560026 -130.905400 -139.745745 -145.743569 -157.514641 -181.108293 -229.489301 -284.630062 -338.370736 -393.746468 -418.753867 -440.604964 -463.205779 -466.702054 -468.060105 -460.948423 -459.711011 -454.510843 -442.903720 -422.095098 -400.877360 -391.642508 -384.976237 -372.619668 -349.115545 -315.972333 -275.041298 -222.736958 -167.140491 -128.905386 -116.263163 -124.477256 -116.931219 -91.640819 -37.900362 70.824598 202.674296 413.635453 500.668519 563.700542 616.634264 630.850482 642.329248 658.199308 618.233271 398.728465 561.750545 -9999.0 -9999.0 -9999.0 -9999.0 -9999.0 -9999.0 -9999.0 -9999.0 -9999.0 -9999.0
-9999.0 -9999.0 -9999.0 -9999.0 -1078.951049 -922.099957 -829.729920 -749.161192 -631.992104 -526.916852 -436.465782 -360.286331 -307.292511 -283.834197 -296.080050 -302.824310 -311.899173 -315.756392 -324.919926 -331.483813 -338.177897 -346.536658 -357.848215 -365.469611 -366.185494 -362.563893 -364.339154 -377.222887 -392.762001 -420.220201 -444.313661 -479.291962 -516.042058 -544.756667 -557.394023 -564.152857 -563.637948 -568.810492 -559.114539 -552.866147 -538.081686 -522.681954 -498.734733 -470.636721 -458.350862 -444.402041 -434.918359 -414.325976 -384.719674 -332.220563 -270.199291 -214.900288 -181.990153 -179.428710 -206.817138 -223.783588 -227.682442 -199.111328 -148.748376 -70.659516 52.599650 150.330938 273.254776 427.238281 482.891656 523.958784 588.457465 614.097830 -9999.0 -9999.0 -9999.0 -9999.0 -9999.0 -9999.0 -9999.0 -9999.0 -9999.0 -9999.0 -9999.0 -9999.0
-9999.0 -9999.0 -9999.0 -9999.0 -9999.0 -9999.0 -1136.082231 -1042.198550 -954.849045 -836.619913 -727.681038 -638.988484 -567.096368 -543.598272 -527.409266 -505.699609 -510.591009 -527.307104 -543.429455 -527.089967 -517.847596 -522.384514 -549.177989 -550.496475 -546.960519 -537.348313 -538.173109 -543.853543 -568.088892 -559.995109 -561.276064 -583.769158 -609.301001 -623.349185 -634.548810 -624.383813 -623.329958 -635.530124 -632.829015 -606.944570 -587.402808 -573.995043 -551.527442 -518.593075 -486.868823 -472.917469 -472.249971 -466.340995 -425.074423 -355.171468 -285.353493 -232.790560 -203.084289 -196.889093 -226.871456 -269.683122 -293.184168 -288.036034 -254.181175 -200.401099 -120.502573 -65.689346 -23.289643 17.520041 56.880431 167.004922 -9999.0 -9999.0 -9999.0 -9999.0 -9999.0 -9999.0 -9999.0 -9999.0 -9999.0 -9999.0 -9999.0 -9999.0 -9999.0 -9999.0
-9999.0 -9999.0 -9999.0 -9999.0 -9999.0 -9999.0 -9999.0 -9999.0 -9999.0 -9999.0 -9999.0 -9999.0 -9999.0 -9999.0 -9999.0 -9999.0 -9999.0 -9999.0 -9999.0 -9999.0 -9999.0 -9999.0 -9999.0 -9999.0 -9999.0 -9999.0 -9999.0 -9999.0 -9999.0 -9999.0 -9999.0 -9999.0 -9999.0 -9999.0 -9999.0 -9999.0 -9999.0 -9999.0 -9999.0 -9999.0 -9999.0 -9999.0 -9999.0 -9999.0 -9999.0 -9999.0 -9999.0 -9999.0 -9999.0 -9999.0 -9999.0 -9999.0 -9999.0 -9999.0 -9999.0 -9999.0 -9999.0 -9999.0 -9999.0 -9999.0 -9999.0 -9999.0 -9999.0 -9999.0 -9999.0 -9999.0 -9999.0 -9999.0 -9999.0 -9999.0 -9999.0 -9999.0 -9999.0 -9999.0 -9999.0 -9999.0 -9999.0 -9999.0 -9999.0 -9999.0
-9999.0 -9999.0 -9999.0 -9999.0 -9999.0 -9999.0 -9999.0 -9999.0 -9999.0 -9999.0 -9999.0 -9999.0 -9999.0 -9999.0 -9999.0 -9999.0 -9999.0 -9999.0 -9999.0 -9999.0 -9999.0 -9999.0 -9999.0 -9999.0 -9999.0 -9999.0 -9999.0 -9999.0 -9999.0 -9999.0 -9999.0 -9999.0 -9999.0 -9999.0 -9999.0 -9999.0 -9999.0 -9999.0 -9999.0 -9999.0 -9999.0 -9999.0 -9999.0 -9999.0 -9999.0 -9999.0 -9999.0 -9999.0 -9999.0 -9999.0 -9999.0 -9999.0 -9999.0 -9999.0 -9999.0 -9999.0 -9999.0 -9999.0 -9999.0 -9999.0 -9999.0 -9999.0 -9999.0 -9999.0 -9999.0 -9999.0 -9999.0 -9999.0 -9999.0 -9999.0 -9999.0 -9999.0 -9999.0 -9999.0 -9999.0 -9999.0 -9999.0 -9999.0 -9999.0 -9999.0