Borden_/Borden1m_014/output_maps/psiliqL0004N0010.asc
ncols         80
nrows         18
xllcorner     620200.000000
yllcorner     5168000.000000
cellsize      1.000000
NODATA_value  -9999.0
-9999.0 -9999.0 -9999.0 -9999.0 -9999.0 -9999.0 -9999.0 -9999.0 -9999.0 -9999.0 -9999.0 -9999.0 -9999.0 -9999.0 -9999.0 -9999.0 -9999.0 -9999.0 -9999.0 -9999.0 -9999.0 -9999.0 -9999.0 -9999.0 -9999.0 -9999.0 -9999.0 -9999.0 -9999.0 -9999.0 -9999.0 -9999.0 -9999.0 -9999.0 -9999.0 -9999.0 -9999.0 -9999.0 -9999.0 -9999.0 -9999.0 -9999.0 -9999.0 -9999.0 -9999.0 -9999.0 -9999.0 -9999.0 -9999.0 -9999.0 -9999.0 -9999.0 -9999.0 -9999.0 -9999.0 -9999.0 -9999.0 -9999.0 -9999.0 -9999.0 -9999.0 -9999.0 -9999.0 -9999.0 -9999.0 -9999.0 -9999.0 -9999.0 -9999.0 -9999.0 -9999.0 -9999.0 -9999.0 -9999.0 -9999.0 -9999.0 -9999.0 -9999.0 -9999.0 -9999.0
-9999.0 -9999.0 -9999.0 -9999.0 -9999.0 -9999.0 -9999.0 -9999.0 -9999.0 -9999.0 -9999.0 -9999.0 -9999.0 -9999.0 -9999.0 -9999.0 -9999.0 -9999.0 -9999.0 -9999.0 -9999.0 -9999.0 -9999.0 -9999.0 -9999.0 -9999.0 -9999.0 -9999.0 -9999.0 -9999.0 -9999.0 -9999.0 -9999.0 -9999.0 -9999.0 -9999.0 -9999.0 -9999.0 -9999.0 -9999.0 -9999.0 -9999.0 -9999.0 -9999.0 -9999.0 -9999.0 -9999.0 -9999.0 -9999.0 -9999.0 -9999.0 -9999.0 -9999.0 -9999.0 -9999.0 -9999.0 -9999.0 -9999.0 -9999.0 -9999.0 -9999.0 -9999.0 -9999.0 -9999.0 -9999.0 -9999.0 -9999.0 -9999.0 -9999.0 -9999.0 -9999.0 -9999.0 -9999.0 -9999.0 -9999.0 -9999.0 -9999.0 -9999.0 -9999.0 -9999.0
-9999.0 -9999.0 -9999.0 -9999.0 -9999.0 -9999.0 -9999.0 -9999.0 -9999.0 -9999.0 -9999.0 -9999.0 -9999.0 -9999.0 -9999.0 -9999.0 -9999.0 -9999.0 -9999.0 -9999.0 -803.173651 -799.128203 -816.951607 -841.220120 -861.319736 -861.468056 -837.687128 -809.356123 -781.435115 -774.069788 -790.098196 -788.435254 -793.838740 -795.046266 -793.380079 -788.698225 -786.827930 -777.878748 -771.505804 -772.207594 -777.493438 -782.206216 -784.375174 -781.808809 -777.183657 -784.306853 -772.775788 -759.998156 -754.511455 -757.580777 -778.523700 -789.734664 -794.785678 -806.905180 -784.812177 -774.782552 -755.448349 -751.927170 -751.375876 -773.133161 -796.634158 -9999.0 -9999.0 -9999.0 -9999.0 -9999.0 -9999.0 -9999.0 -9999.0 -9999.0 -9999.0 -9999.0 -9999.0 -9999.0 -9999.0 -9999.0 -9999.0 -9999.0 -9999.0 -9999.0
-9999.0 -9999.0 -9999.0 -9999.0 -9999.0 -9999.0 -9999.0 -9999.0 -9999.0 -9999.0 -9999.0 -9999.0 -9999.0 -9999.0 -858.551016 -867.062234 -870.418180 -867.952408 -845.856702 -826.494279 -819.635273 -827.049599 -824.855587 -843.693560 -860.034235 -849.573858 -829.812540 -809.192373 -784.262959 -768.275867 -779.993454 -782.880314 -774.644746 -751.072638 -739.099398 -742.228475 -762.987226 -742.451329 -728.836485 -720.555940 -721.607307 -730.135081 -716.423402 -701.315852 -707.878279 -724.085147 -721.264632 -710.984868 -696.597153 -708.614627 -766.131366 -781.188288 -781.371352 -784.439255 -794.395896 -799.920983 -777.556408 -777.295903 -783.023970 -794.600145 -817.135129 -848.914493 -861.811564 -832.320382 -799.952254 -752.057132 -9999.0 -9999.0 -9999.0 -9999.0 -9999.0 -9999.0 -9999.0 -9999.0 -9999.0 -9999.0 -9999.0 -9999.0 -9999.0 -9999.0
-9999.0 -9999.0 -9999.0 -9999.0 -9999.0 -9999.0 -9999.0 -9999.0 -9999.0 -887.828692 -887.942418 -884.206716 -886.639976 -876.874920 -883.727896 -879.629745 -877.306210 -861.137547 -842.752925 -819.191318 -797.003518 -807.737462 -808.577666 -798.389259 -793.693284 -785.211887 -770.798670 -737.896321 -702.708687 -664.692768 -693.255065 -695.524281 -678.746753 -631.182794 -589.184933 -578.309114 -598.060435 -598.220404 -572.607760 -545.493113 -546.769863 -548.939619 -525.085197 -512.133213 -502.957733 -521.344732 -541.800880 -545.864152 -518.824497 -570.214957 -633.509520 -685.877981 -682.382362 -709.885731 -745.803785 -763.902626 -766.637280 -744.530111 -756.351206 -786.050059 -813.674520 -816.104981 -828.783823 -815.583248 -799.475060 -760.703679 -728.202145 -702.204646 -701.034221 -716.232831 -9999.0 -9999.0 -9999.0 -9999.0 -9999.0 -9999.0 -9999.0 -9999.0 -9999.0 -9999.0
-9999.0 -9999.0 -9999.0 -9999.0 -9999.0 -9999.0 -921.771163 -920.062373 -911.361773 -918.702260 -904.345022 -905.826961 -893.915886 -884.461291 -873.508473 -865.786318 -845.415117 -824.513215 -794.968272 -761.305702 -735.385511 -741.456097 -734.071724 -704.220518 -663.918773 -632.581163 -610.432146 -574.462933 -496.622980 -448.179250 -429.292017 -422.200412 -408.016463 -274.122951 36.807658 62.990746 60.824278 58.262416 61.043536 66.406067 66.362658 65.809632 66.666316 67.407782 72.332256 71.605993 65.662743 64.264623 63.738569 59.040473 -60.649275 -409.978543 -464.974460 -513.690495 -590.351262 -649.718304 -654.498904 -638.363163 -665.798097 -712.391454 -747.934259 -753.990136 -764.168350 -776.098705 -770.654949 -754.161784 -732.982406 -721.716122 -731.361836 -747.266420 -764.079363 -787.406854 -785.069965 -763.279419 -9999.0 -9999.0 -9999.0 -9999.0 -9999.0 -9999.0
-9999.0 -9999.0 -9999.0 -9999.0 -950.719969 -942.797328 -960.509724 -946.103888 -930.923938 -916.192153 -904.475910 -883.158166 -869.789066 -852.119838 -823.429749 -796.936995 -763.557933 -737.442441 -690.597516 -627.395284 -575.613241 -547.671694 -534.971020 -470.906344 -382.056824 -7.028449 55.283414 60.638480 65.046770 73.608252 76.925035 77.287394 80.470848 88.925245 103.467942 110.713921 108.067242 107.757996 108.073187 108.363908 112.261397 111.571258 111.584221 111.326881 111.397645 112.556648 109.935419 105.416264 104.155724 102.882529 96.415777 76.968400 70.510104 67.334670 63.284514 12.649863 -379.446105 -423.799237 -488.214862 -542.005682 -610.753887 -633.823692 -661.963162 -683.207542 -710.165341 -707.387339 -702.358774 -718.307619 -742.593906 -767.895851 -777.280075 -790.809395 -799.566397 -773.116717 -759.150566 -731.471870 -9999.0 -9999.0 -9999.0 -9999.0
-9999.0 -9999.0 -964.519125 -953.120798 -925.475560 -930.569767 -934.306764 -939.033120 -927.211602 -897.580849 -845.677792 -812.306480 -778.793638 -757.739978 -707.765450 -630.212238 -556.247167 -510.811452 -449.765783 -328.086709 15.234764 61.367365 63.880928 68.961233 78.369641 96.967246 102.537028 105.686059 108.371033 111.500269 132.372556 146.782564 151.105481 147.161678 145.322805 143.952481 142.723099 140.147365 124.253428 122.249697 128.555805 130.248373 133.691066 121.972594 118.231832 130.225479 132.609013 134.416297 137.072257 144.945527 153.871410 126.621975 106.569385 105.897970 106.302541 98.379051 79.408837 71.831525 69.885811 59.596287 -142.176152 -401.822679 -472.347441 -527.185335 -578.047127 -606.122560 -647.467093 -681.274744 -718.232961 -755.183075 -772.036963 -784.607436 -783.681516 -783.662694 -769.201447 -755.949651 -741.628186 -734.896274 -9999.0 -9999.0
-9999.0 -985.381562 -979.272961 -924.917286 -895.621467 -873.829581 -850.294878 -831.707584 -816.335873 -813.865232 -723.660242 -619.978357 -537.089664 -514.444045 -460.954994 -248.425596 41.825901 66.473814 72.133919 82.456069 99.302992 107.175955 110.355534 131.217543 152.937165 149.182918 145.882433 144.791414 135.914049 128.011957 118.267447 125.934860 126.079496 111.672422 108.568661 108.879507 109.045945 106.343942 103.188765 102.011674 102.969651 106.936086 105.082706 101.990284 101.335886 104.311556 106.618348 104.977591 102.516890 104.822630 109.613044 112.243832 125.454711 139.033521 157.486453 136.157725 111.355367 105.600473 104.334805 101.085962 89.007316 74.432410 64.949006 5.021253 -381.020687 -479.567909 -538.960176 -589.200268 -645.486587 -676.527679 -700.557131 -745.411006 -763.110429 -758.305243 -765.373854 -766.603138 -760.218474 -754.601835 -9999.0 -9999.0
-9999.0 -1023.878142 -975.229581 -900.948736 -815.579507 -778.543655 -671.987666 -588.647655 -566.922339 -591.484871 -488.730950 23.946578 70.912194 70.932178 81.599249 98.319639 116.146817 138.280278 151.273007 143.196827 137.012352 138.868380 133.768183 125.003232 112.206379 109.857546 110.645020 111.118534 109.060952 106.428889 103.706809 104.217780 102.564551 95.569829 82.388308 78.160193 76.475636 74.424799 69.965978 66.755693 64.772130 68.949356 67.140964 64.225830 63.341354 66.698134 72.056801 69.848949 70.411372 73.915183 82.626603 95.767365 99.382347 102.662392 106.737939 112.812027 126.522328 146.311373 151.612735 128.809354 109.853924 103.069672 100.815776 92.123375 72.387995 23.391964 -300.256757 -417.091440 -490.786662 -537.330166 -582.859760 -635.252112 -687.151203 -707.766413 -741.328574 -756.284020 -9999.0 -9999.0 -9999.0 -9999.0
-9999.0 -1033.523153 -980.497381 -857.848993 -670.367871 -554.134686 -29.323396 64.391375 73.315870 83.438948 89.208061 139.644621 147.522914 132.073433 110.331076 108.847202 111.235259 112.042968 110.098687 108.093662 107.124752 106.964946 106.977836 106.205173 105.136191 103.801857 102.824667 102.485074 97.365924 87.545580 76.404583 74.275026 68.508211 -1.375890 -329.242342 -395.145599 -461.569109 -468.672082 -483.834633 -515.984804 -533.240172 -544.425378 -528.686645 -533.387865 -534.940613 -524.671260 -501.788050 -487.850160 -445.834599 -400.333468 -288.445733 28.106513 64.146068 71.802391 80.229256 96.562963 101.296989 104.479806 110.514476 128.957507 148.236528 141.553514 115.141261 109.193358 100.306802 92.012672 80.206918 68.064977 47.992393 -151.876303 -388.325101 -472.775145 -543.386727 -625.363196 -661.371430 -9999.0 -9999.0 -9999.0 -9999.0 -9999.0
-9999.0 -1094.644445 -992.829340 -879.510276 -617.693114 -39.834635 62.027985 90.929512 125.433562 99.236752 96.357639 99.288659 105.053186 105.009353 101.638000 101.864278 100.676889 99.972871 100.734093 88.007212 80.517461 78.060548 78.574408 76.992049 73.620770 71.669907 70.663967 68.413232 51.349750 -164.216715 -428.364345 -449.563221 -523.525229 -592.812887 -635.509579 -676.372933 -721.354899 -721.976886 -707.465803 -722.447917 -741.046046 -758.046027 -736.210561 -724.373008 -715.358404 -724.531963 -718.399222 -689.508859 -648.138701 -612.739831 -569.482052 -518.063232 -473.493524 -409.906136 -334.104715 14.560850 64.252909 72.477468 92.574580 104.433090 107.036138 111.804034 139.904627 157.829114 121.291228 107.739616 103.270385 99.286356 90.535826 80.297861 68.922536 24.254653 -339.353808 -9999.0 -9999.0 -9999.0 -9999.0 -9999.0 -9999.0 -9999.0
-9999.0 -1130.342105 -1028.505975 -983.956369 -820.585812 -633.794195 -487.720177 -336.337219 28.476398 54.967578 59.280704 62.941183 66.688561 70.258215 66.638322 61.278023 56.877365 56.432856 21.612801 -271.541424 -366.312465 -394.879364 -394.459976 -405.214953 -442.129462 -461.569489 -473.265055 -497.106118 -535.556980 -587.767598 -662.403434 -717.455699 -767.068778 -793.589037 -814.660580 -837.094494 -867.367302 -856.162127 -844.132329 -847.741314 -857.533158 -862.638727 -840.177440 -828.387886 -821.005260 -834.792168 -820.864708 -802.323232 -770.711920 -739.357258 -701.963324 -657.689377 -612.758712 -587.396659 -574.420607 -545.291813 -502.583893 -438.485606 -16.658866 66.638589 81.731253 95.477399 103.369779 107.742780 110.027878 123.439551 128.784047 106.336970 93.283271 95.888030 95.646744 -9999.0 -9999.0 -9999.0 -9999.0 -9999.0 -9999.0 -9999.0 -9999.0 -9999.0
-9999.0 -9999.0 -1152.137313 -1100.483342 -1050.458735 -981.618901 -900.444694 -833.254428 -781.803521 -720.393666 -649.729076 -587.089421 -551.990490 -537.413770 -557.239819 -600.236271 -628.233440 -627.136870 -634.711832 -649.135015 -672.462739 -679.895794 -686.732640 -692.421365 -704.728231 -711.081993 -714.806234 -722.812937 -740.250169 -777.302397 -817.262746 -851.950010 -887.209168 -897.127198 -907.442656 -920.086296 -917.706589 -919.003168 -915.309020 -915.582299 -912.871005 -906.804001 -896.671982 -885.286303 -881.374022 -877.935160 -871.551801 -857.953040 -837.714002 -811.521373 -773.833550 -730.414866 -700.482102 -692.566953 -703.238543 -699.305825 -681.376946 -644.439121 -565.014883 -474.424966 -322.808618 21.747624 71.000714 82.699386 93.712768 98.364936 103.547876 98.821461 63.413992 87.006581 -9999.0 -9999.0 -9999.0 -9999.0 -9999.0 -9999.0 -9999.0 -9999.0 -9999.0 -9999.0
-9999.0 -9999.0 -9999.0 -9999.0 -1167.186328 -1100.041928 -1045.946383 -1038.202434 -988.223847 -945.784604 -902.891140 -860.098235 -828.449974 -812.467890 -825.270821 -831.803260 -837.952724 -838.438350 -843.695842 -848.695734 -852.831190 -857.492934 -863.229627 -868.211220 -868.135520 -865.253438 -865.625037 -873.971398 -880.551987 -897.942171 -908.306885 -924.235836 -939.529440 -952.379680 -954.506410 -956.737677 -954.256310 -957.983975 -951.837150 -952.622638 -946.076235 -940.742553 -930.691004 -917.069446 -914.850071 -907.359338 -903.769461 -892.629876 -879.221676 -847.853885 -805.781947 -764.698522 -739.547131 -738.898904 -763.878013 -778.050572 -782.960344 -762.451982 -726.624871 -669.779182 -580.119320 -510.619028 -434.455299 -334.392933 8.033619 64.785963 87.360669 94.403640 -9999.0 -9999.0 -9999.0 -9999.0 -9999.0 -9999.0 -9999.0 -9999.0 -9999.0 -9999.0 -9999.0 -9999.0
-9999.0 -9999.0 -9999.0 -9999.0 -9999.0 -9999.0 -1145.905973 -1112.639353 -1113.718367 -1080.434039 -1047.113563 -1016.904763 -983.013162 -977.393000 -968.925507 -952.423709 -955.554432 -965.499216 -976.410623 -962.649804 -956.224139 -956.754890 -974.563943 -972.277452 -970.278742 -963.608539 -964.227654 -964.292634 -979.840637 -967.382262 -962.779336 -970.261674 -977.929965 -978.577369 -983.227548 -973.912420 -972.839057 -981.022302 -982.288016 -968.860919 -962.530675 -960.707092 -953.819980 -940.118875 -924.043463 -918.763947 -921.438690 -923.360465 -901.883083 -859.946092 -814.170062 -776.808800 -754.733421 -749.904964 -774.934780 -809.584866 -828.229650 -826.727628 -804.548180 -767.089689 -706.453612 -668.450627 -643.440559 -624.460133 -598.632115 -501.161616 -9999.0 -9999.0 -9999.0 -9999.0 -9999.0 -9999.0 -9999.0 -9999.0 -9999.0 -9999.0 -9999.0 -9999.0 -9999.0 -9999.0
-9999.0 -9999.0 -9999.0 -9999.0 -9999.0 -9999.0 -9999.0 -9999.0 -9999.0 -9999.0 -9999.0 -9999.0 -9999.0 -9999.0 -9999.0 -9999.0 -9999.0 -9999.0 -9999.0 -9999.0 -9999.0 -9999.0 -9999.0 -9999.0 -9999.0 -9999.0 -9999.0 -9999.0 -9999.0 -9999.0 -9999.0 -9999.0 -9999.0 -9999.0 -9999.0 -9999.0 -9999.0 -9999.0 -9999.0 -9999.0 -9999.0 -9999.0 -9999.0 -9999.0 -9999.0 -9999.0 -9999.0 -9999.0 -9999.0 -9999.0 -9999.0 -9999.0 -9999.0 -9999.0 -9999.0 -9999.0 -9999.0 -9999.0 -9999.0 -9999.0 -9999.0 -9999.0 -9999.0 -9999.0 -9999.0 -9999.0 -9999.0 -9999.0 -9999.0 -9999.0 -9999.0 -9999.0 -9999.0 -9999.0 -9999.0 -9999.0 -9999.0 -9999.0 -9999.0 -9999.0
-9999.0 -9999.0 -9999.0 -9999.0 -9999.0 -9999.0 -9999.0 -9999.0 -9999.0 -9999.0 -9999.0 -9999.0 -9999.0 -9999.0 -9999.0 -9999.0 -9999.0 -9999.0 -9999.0 -9999.0 -9999.0 -9999.0 -9999.0 -9999.0 -9999.0 -9999.0 -9999.0 -9999.0 -9999.0 -9999.0 -9999.0 -9999.0 -9999.0 -9999.0 -9999.0 -9999.0 -9999.0 -9999.0 -9999.0 -9999.0 -9999.0 -9999.0 -9999.0 -9999.0 -9999.0 -9999.0 -9999.0 -9999.0 -9999.0 -9999.0 -9999.0 -9999.0 -9999.0 -9999.0 -9999.0 -9999.0 -9999.0 -9999.0 -9999.0 -9999.0 -9999.0 -9999.0 -9999.0 -9999.0 -9999.0 -9999.0 -9999.0 -9999.0 -9999.0 -9999.0 -9999.0 -9999.0 -9999.0 -9999.0 -9999.0 -9999.0 -9999.0 -9999.0 -9999.0 -9999.0