Borden_/Borden1m_014/output_maps/psiliqL0007N0011.asc
ncols         80
nrows         18
xllcorner     620200.000000
yllcorner     5168000.000000
cellsize      1.000000
NODATA_value  -9999.0
-9999.0 -9999.0 -9999.0 -9999.0 -9999.0 -9999.0 -9999.0 -9999.0 -9999.0 -9999.0 -9999.0 -9999.0 -9999.0 -9999.0 -9999.0 -9999.0 -9999.0 -9999.0 -9999.0 -9999.0 -9999.0 -9999.0 -9999.0 -9999.0 -9999.0 -9999.0 -9999.0 -9999.0 -9999.0 -9999.0 -9999.0 -9999.0 -9999.0 -9999.0 -9999.0 -9999.0 -9999.0 -9999.0 -9999.0 -9999.0 -9999.0 -9999.0 -9999.0 -9999.0 -9999.0 -9999.0 -9999.0 -9999.0 -9999.0 -9999.0 -9999.0 -9999.0 -9999.0 -9999.0 -9999.0 -9999.0 -9999.0 -9999.0 -9999.0 -9999.0 -9999.0 -9999.0 -9999.0 -9999.0 -9999.0 -9999.0 -9999.0 -9999.0 -9999.0 -9999.0 -9999.0 -9999.0 -9999.0 -9999.0 -9999.0 -9999.0 -9999.0 -9999.0 -9999.0 -9999.0
-9999.0 -9999.0 -9999.0 -9999.0 -9999.0 -9999.0 -9999.0 -9999.0 -9999.0 -9999.0 -9999.0 -9999.0 -9999.0 -9999.0 -9999.0 -9999.0 -9999.0 -9999.0 -9999.0 -9999.0 -9999.0 -9999.0 -9999.0 -9999.0 -9999.0 -9999.0 -9999.0 -9999.0 -9999.0 -9999.0 -9999.0 -9999.0 -9999.0 -9999.0 -9999.0 -9999.0 -9999.0 -9999.0 -9999.0 -9999.0 -9999.0 -9999.0 -9999.0 -9999.0 -9999.0 -9999.0 -9999.0 -9999.0 -9999.0 -9999.0 -9999.0 -9999.0 -9999.0 -9999.0 -9999.0 -9999.0 -9999.0 -9999.0 -9999.0 -9999.0 -9999.0 -9999.0 -9999.0 -9999.0 -9999.0 -9999.0 -9999.0 -9999.0 -9999.0 -9999.0 -9999.0 -9999.0 -9999.0 -9999.0 -9999.0 -9999.0 -9999.0 -9999.0 -9999.0 -9999.0
-9999.0 -9999.0 -9999.0 -9999.0 -9999.0 -9999.0 -9999.0 -9999.0 -9999.0 -9999.0 -9999.0 -9999.0 -9999.0 -9999.0 -9999.0 -9999.0 -9999.0 -9999.0 -9999.0 -9999.0 -473.562404 -470.575824 -493.596461 -527.805528 -556.455494 -555.064883 -520.744470 -480.434961 -443.375605 -433.219858 -451.581057 -450.642893 -456.159807 -456.458618 -453.601548 -447.905151 -445.539438 -434.043716 -425.631245 -425.947050 -432.216911 -438.103205 -439.704025 -436.150382 -431.181452 -439.656397 -426.088446 -410.553732 -403.839749 -408.709403 -435.717743 -451.157370 -458.684621 -472.463297 -447.514096 -434.372752 -410.883593 -406.088969 -406.784793 -433.422616 -463.176003 -9999.0 -9999.0 -9999.0 -9999.0 -9999.0 -9999.0 -9999.0 -9999.0 -9999.0 -9999.0 -9999.0 -9999.0 -9999.0 -9999.0 -9999.0 -9999.0 -9999.0 -9999.0 -9999.0
-9999.0 -9999.0 -9999.0 -9999.0 -9999.0 -9999.0 -9999.0 -9999.0 -9999.0 -9999.0 -9999.0 -9999.0 -9999.0 -9999.0 -562.306423 -572.830846 -576.324037 -568.330478 -535.224609 -505.906526 -493.458032 -501.435338 -501.961317 -525.920425 -546.461325 -533.039527 -504.644704 -474.188454 -440.928458 -420.944643 -434.242948 -437.416813 -427.122940 -399.310506 -384.210939 -386.970014 -408.804703 -385.987083 -369.351182 -359.457648 -360.582144 -369.601521 -354.436869 -337.528406 -344.440432 -362.554495 -359.190353 -347.196228 -331.963363 -347.590986 -413.638804 -434.521057 -436.673911 -442.386264 -454.748170 -460.702306 -435.437167 -433.729962 -441.288234 -458.504388 -489.996270 -533.477270 -550.643080 -511.925712 -467.032885 -408.590200 -9999.0 -9999.0 -9999.0 -9999.0 -9999.0 -9999.0 -9999.0 -9999.0 -9999.0 -9999.0 -9999.0 -9999.0 -9999.0 -9999.0
-9999.0 -9999.0 -9999.0 -9999.0 -9999.0 -9999.0 -9999.0 -9999.0 -9999.0 -617.668014 -614.559190 -607.973189 -606.803065 -591.764923 -593.789292 -587.474567 -580.074525 -555.036963 -524.939390 -490.749289 -462.552002 -473.326530 -473.743268 -462.059428 -455.462751 -443.148063 -423.045957 -382.780158 -340.151914 -297.690385 -327.330329 -329.661338 -308.978990 -251.747585 -201.155408 -187.738253 -206.480544 -202.953392 -175.564377 -148.940956 -150.340111 -152.600648 -127.391221 -113.608894 -107.154305 -126.372544 -144.245265 -146.070929 -119.140155 -175.512592 -250.939299 -316.420061 -316.098957 -348.198607 -390.284562 -413.048143 -415.747448 -392.641545 -407.190537 -443.880689 -479.552600 -487.975483 -503.627155 -486.820877 -463.443328 -415.703065 -376.671416 -347.319584 -346.307535 -363.152440 -9999.0 -9999.0 -9999.0 -9999.0 -9999.0 -9999.0 -9999.0 -9999.0 -9999.0 -9999.0
-9999.0 -9999.0 -9999.0 -9999.0 -9999.0 -9999.0 -695.233888 -686.983196 -667.941672 -662.706499 -639.293182 -632.395454 -612.707236 -594.190443 -574.796566 -558.719506 -528.819990 -497.573735 -457.122535 -413.691320 -381.506038 -386.245115 -376.661695 -341.793057 -294.809182 -252.771989 -221.504732 -179.131761 -97.552576 -50.065888 -33.457105 -24.685448 0.070337 146.318859 306.814077 332.800778 324.230654 316.033671 325.822695 343.924773 344.525455 342.938107 346.196842 349.475537 365.341834 362.668291 342.944416 337.635202 336.511863 326.329409 246.260036 10.712028 -60.355419 -115.200872 -200.814898 -268.391899 -279.067463 -265.113359 -297.078130 -351.736264 -394.816031 -404.776790 -418.470027 -431.843894 -425.582548 -405.124550 -380.566921 -368.133166 -379.528272 -399.153795 -421.546365 -449.638851 -447.469305 -421.649802 -9999.0 -9999.0 -9999.0 -9999.0 -9999.0 -9999.0
-9999.0 -9999.0 -9999.0 -9999.0 -744.278531 -732.431409 -744.307856 -721.705726 -690.703435 -658.652163 -627.271164 -591.105847 -565.354264 -537.035760 -496.493438 -459.237621 -416.504994 -382.385415 -326.106448 -250.755264 -185.998720 -153.864977 -137.432273 -68.334535 39.151381 256.771522 308.498547 324.887708 341.733170 371.043773 383.157890 385.660132 398.298520 429.456190 468.062553 490.341010 482.411147 480.804298 482.454790 484.826022 496.966697 495.351314 495.350957 495.107333 495.970849 498.390868 489.685178 474.476579 469.890231 465.920442 447.947379 388.139327 362.196345 348.833815 333.414525 272.122963 45.657698 -14.236344 -85.085727 -145.832096 -222.407931 -257.911140 -292.645812 -319.363801 -350.141299 -348.361503 -344.170617 -362.578360 -391.646308 -422.328677 -436.215712 -453.942190 -463.218952 -432.818721 -414.632619 -383.167590 -9999.0 -9999.0 -9999.0 -9999.0
-9999.0 -9999.0 -801.327912 -751.623048 -696.757155 -688.980384 -687.300375 -683.450949 -658.008471 -609.163336 -532.106274 -480.740313 -436.790421 -407.709137 -347.572692 -255.666578 -170.021481 -117.394500 -46.494447 89.772983 280.276158 327.954786 337.146484 356.797880 391.692895 445.087950 463.297141 474.665369 484.993588 496.752627 514.539243 528.400694 533.728476 531.856405 532.701936 531.768840 531.196968 530.288872 515.645265 513.462390 518.812743 520.091749 523.437259 512.087442 508.269960 520.139293 523.562687 526.550388 529.911973 537.548111 544.494860 514.207769 481.028927 476.651056 475.679790 448.477168 394.944730 367.511870 359.146048 336.214177 248.678913 26.418124 -63.703108 -127.993914 -194.706633 -231.148373 -278.311936 -317.987248 -361.485690 -404.850329 -426.651479 -443.778981 -444.825333 -443.135410 -426.360714 -410.076447 -394.190106 -386.133481 -9999.0 -9999.0
-9999.0 -898.824083 -826.534130 -699.533968 -622.131838 -578.773317 -539.368857 -511.406525 -489.159041 -476.927138 -369.025481 -250.239519 -156.795113 -125.914998 -59.650290 189.100409 317.486200 347.815756 367.909641 404.861273 452.116126 478.882635 491.048587 512.410380 536.799138 537.399297 535.997751 535.168799 526.593679 517.518951 507.167805 514.501202 513.562402 499.917105 489.309667 488.631255 488.244849 478.718672 467.245720 462.466249 465.386877 478.263773 472.299270 461.697226 459.538264 469.901930 478.286583 473.331584 466.120771 474.958580 492.663176 502.619782 517.746867 531.117421 549.251776 526.017095 497.851234 477.640153 472.137423 461.263487 430.172562 378.814587 343.248111 273.227775 52.645643 -68.711342 -148.165632 -210.647793 -274.938791 -313.116497 -342.966517 -393.701036 -415.543168 -412.441976 -420.660170 -422.337030 -415.058730 -408.334823 -9999.0 -9999.0
-9999.0 -968.369518 -825.237464 -640.324690 -496.107140 -436.901927 -314.016620 -221.144750 -195.248365 -218.416855 -96.325692 278.596732 358.294160 362.502704 401.719252 464.148385 493.487532 516.646767 531.377361 526.616116 523.545182 526.324946 521.047735 512.968496 500.734180 496.385893 498.252057 499.541299 492.708066 483.464883 472.104684 471.491789 464.044263 439.640864 405.186129 389.082972 381.321094 373.159896 357.552175 345.921460 339.369280 352.134499 346.716158 336.929400 334.172640 345.814592 363.708412 358.011914 361.122121 375.337006 407.129213 440.869337 453.308242 466.204212 482.290425 503.946375 518.631892 538.761228 543.714672 522.599996 495.453763 469.845242 458.074534 426.524714 370.405104 299.713423 129.477138 -2.147435 -88.986420 -145.940322 -206.573791 -268.481614 -327.003105 -352.312640 -390.145323 -410.385959 -9999.0 -9999.0 -9999.0 -9999.0
-9999.0 -1031.080487 -839.445829 -574.166599 -320.982861 -173.017358 214.585205 334.455953 365.962128 400.927918 416.775377 509.564329 525.066340 511.898447 491.492305 490.702397 498.915867 500.667544 495.699320 488.847640 484.009659 482.432779 481.996704 479.081222 474.814501 469.637340 466.049292 464.254002 447.988300 426.780041 385.714180 373.844640 352.424425 264.477202 93.326902 9.622577 -64.196035 -72.943987 -85.047687 -116.217058 -135.122691 -149.838551 -131.557814 -133.064860 -133.411860 -125.089731 -103.380789 -84.464832 -36.684573 19.752210 144.276129 302.161622 340.233508 366.703851 397.639782 442.771379 460.167001 473.643011 496.479513 521.784897 541.071271 534.243580 509.980222 490.844523 458.315184 427.932975 396.276859 354.108097 318.530276 244.423680 30.387849 -77.928652 -168.939884 -262.193207 -302.486893 -9999.0 -9999.0 -9999.0 -9999.0 -9999.0
-9999.0 -1179.942876 -912.535695 -616.167762 -278.141226 195.170319 325.383725 420.407357 481.825657 444.407217 438.474006 450.066900 470.236868 471.385660 460.378225 459.806408 455.595659 453.948406 457.705080 427.852211 399.391953 388.961995 389.270286 383.318097 371.424665 364.179020 360.347850 353.211032 324.081791 251.275310 -4.991724 -50.868249 -132.382175 -205.856127 -262.231911 -313.092451 -365.387013 -366.721744 -350.731339 -367.545128 -389.672889 -408.470563 -383.216590 -368.329578 -357.772290 -367.720125 -359.317945 -325.070209 -276.808466 -234.471198 -180.844635 -115.421321 -61.800990 9.086458 98.602135 284.205916 340.433439 370.654250 429.408240 471.384264 484.416412 501.510151 532.070915 550.062892 513.082314 486.518405 468.611770 450.438802 418.707462 395.197383 356.039092 286.822094 68.541385 -9999.0 -9999.0 -9999.0 -9999.0 -9999.0 -9999.0 -9999.0
-9999.0 -1315.556379 -1080.654831 -829.148838 -530.427230 -295.450719 -119.503409 54.009162 268.552346 298.786082 314.897933 329.682531 343.969120 355.977753 343.913153 325.162223 310.129892 310.212408 289.464337 164.842993 45.700207 8.012673 4.616410 -6.972476 -42.846528 -62.141844 -74.266555 -99.074156 -139.343551 -201.568704 -294.320735 -362.165633 -422.775534 -457.806601 -487.224601 -519.434639 -557.839017 -546.852334 -531.768687 -536.438641 -549.039293 -553.885500 -524.589932 -506.758643 -497.062746 -510.885313 -493.251836 -467.223295 -426.726974 -386.951210 -341.146784 -288.351332 -236.938767 -206.754484 -187.206187 -146.054167 -94.917756 -10.537322 249.924793 350.457023 402.532508 440.714901 468.757326 485.956187 495.094158 515.884374 511.557488 471.087641 421.889807 434.851694 435.525032 -9999.0 -9999.0 -9999.0 -9999.0 -9999.0 -9999.0 -9999.0 -9999.0 -9999.0
-9999.0 -9999.0 -1318.203990 -1124.580343 -959.990350 -775.843473 -632.291773 -534.430211 -467.276774 -381.564305 -286.040410 -208.335543 -168.006798 -152.077230 -171.587058 -215.364982 -246.158101 -247.692003 -260.144329 -281.255807 -309.217471 -318.891946 -327.583095 -334.804584 -348.356282 -355.617789 -360.517012 -371.098938 -393.374025 -439.494443 -491.823868 -542.714042 -595.972276 -619.999947 -641.275143 -663.628395 -667.343228 -668.430162 -661.280212 -660.141147 -655.238998 -643.908188 -623.303931 -602.509014 -593.504067 -587.214264 -575.142810 -552.264734 -520.128231 -480.760985 -430.371107 -376.826621 -340.703407 -330.535623 -341.367091 -336.045321 -314.000036 -267.953395 -169.234583 -63.645090 104.159576 295.954440 365.410998 405.970714 433.376854 449.350384 466.059461 439.155562 281.063306 395.315840 -9999.0 -9999.0 -9999.0 -9999.0 -9999.0 -9999.0 -9999.0 -9999.0 -9999.0 -9999.0
-9999.0 -9999.0 -9999.0 -9999.0 -1267.442236 -1109.851327 -1017.634803 -937.082476 -821.280558 -719.102882 -632.460192 -561.225858 -512.770137 -490.970693 -503.930146 -511.696243 -520.530746 -523.465028 -531.441592 -537.468307 -543.456032 -550.739778 -560.785023 -567.910874 -568.632066 -565.197449 -566.734466 -578.996352 -593.626462 -620.863814 -644.820271 -679.365226 -715.895233 -744.436483 -757.042781 -764.005522 -763.500244 -768.527567 -758.821652 -752.782708 -738.148685 -722.823585 -698.993360 -671.173481 -659.141241 -645.364593 -635.960406 -615.535354 -586.435146 -535.070258 -474.533869 -420.641035 -389.031614 -387.545861 -415.955303 -433.896831 -439.231913 -413.708093 -368.560152 -298.939538 -192.563662 -104.809351 -18.228001 98.387382 276.981951 342.860689 408.798856 432.396603 -9999.0 -9999.0 -9999.0 -9999.0 -9999.0 -9999.0 -9999.0 -9999.0 -9999.0 -9999.0 -9999.0 -9999.0
-9999.0 -9999.0 -9999.0 -9999.0 -9999.0 -9999.0 -1326.158703 -1232.841937 -1144.159499 -1027.802901 -921.004221 -833.795754 -763.315574 -740.983935 -726.123072 -705.260214 -710.319422 -726.477944 -741.958854 -726.088799 -717.494763 -721.799045 -747.918294 -749.384093 -746.121145 -736.543991 -737.301585 -742.944035 -767.009602 -759.517902 -761.171698 -783.601380 -809.125988 -823.307377 -834.543086 -824.457937 -823.410122 -835.503432 -832.621822 -806.939711 -787.554372 -774.163373 -751.688328 -718.901359 -687.370037 -673.606092 -672.982396 -667.084489 -625.932347 -556.908797 -488.469526 -437.093407 -408.360550 -402.888392 -433.437886 -476.568728 -500.614819 -496.934592 -466.043130 -416.700985 -343.216644 -295.166550 -262.804102 -235.372256 -194.335971 -86.208522 -9999.0 -9999.0 -9999.0 -9999.0 -9999.0 -9999.0 -9999.0 -9999.0 -9999.0 -9999.0 -9999.0 -9999.0 -9999.0 -9999.0
-9999.0 -9999.0 -9999.0 -9999.0 -9999.0 -9999.0 -9999.0 -9999.0 -9999.0 -9999.0 -9999.0 -9999.0 -9999.0 -9999.0 -9999.0 -9999.0 -9999.0 -9999.0 -9999.0 -9999.0 -9999.0 -9999.0 -9999.0 -9999.0 -9999.0 -9999.0 -9999.0 -9999.0 -9999.0 -9999.0 -9999.0 -9999.0 -9999.0 -9999.0 -9999.0 -9999.0 -9999.0 -9999.0 -9999.0 -9999.0 -9999.0 -9999.0 -9999.0 -9999.0 -9999.0 -9999.0 -9999.0 -9999.0 -9999.0 -9999.0 -9999.0 -9999.0 -9999.0 -9999.0 -9999.0 -9999.0 -9999.0 -9999.0 -9999.0 -9999.0 -9999.0 -9999.0 -9999.0 -9999.0 -9999.0 -9999.0 -9999.0 -9999.0 -9999.0 -9999.0 -9999.0 -9999.0 -9999.0 -9999.0 -9999.0 -9999.0 -9999.0 -9999.0 -9999.0 -9999.0
-9999.0 -9999.0 -9999.0 -9999.0 -9999.0 -9999.0 -9999.0 -9999.0 -9999.0 -9999.0 -9999.0 -9999.0 -9999.0 -9999.0 -9999.0 -9999.0 -9999.0 -9999.0 -9999.0 -9999.0 -9999.0 -9999.0 -9999.0 -9999.0 -9999.0 -9999.0 -9999.0 -9999.0 -9999.0 -9999.0 -9999.0 -9999.0 -9999.0 -9999.0 -9999.0 -9999.0 -9999.0 -9999.0 -9999.0 -9999.0 -9999.0 -9999.0 -9999.0 -9999.0 -9999.0 -9999.0 -9999.0 -9999.0 -9999.0 -9999.0 -9999.0 -9999.0 -9999.0 -9999.0 -9999.0 -9999.0 -9999.0 -9999.0 -9999.0 -9999.0 -9999.0 -9999.0 -9999.0 -9999.0 -9999.0 -9999.0 -9999.0 -9999.0 -9999.0 -9999.0 -9999.0 -9999.0 -9999.0 -9999.0 -9999.0 -9999.0 -9999.0 -9999.0 -9999.0 -9999.0