Borden_/Borden1m_014/output_maps/psiliqL0012N0025.asc
ncols         80
nrows         18
xllcorner     620200.000000
yllcorner     5168000.000000
cellsize      1.000000
NODATA_value  -9999.0
-9999.0 -9999.0 -9999.0 -9999.0 -9999.0 -9999.0 -9999.0 -9999.0 -9999.0 -9999.0 -9999.0 -9999.0 -9999.0 -9999.0 -9999.0 -9999.0 -9999.0 -9999.0 -9999.0 -9999.0 -9999.0 -9999.0 -9999.0 -9999.0 -9999.0 -9999.0 -9999.0 -9999.0 -9999.0 -9999.0 -9999.0 -9999.0 -9999.0 -9999.0 -9999.0 -9999.0 -9999.0 -9999.0 -9999.0 -9999.0 -9999.0 -9999.0 -9999.0 -9999.0 -9999.0 -9999.0 -9999.0 -9999.0 -9999.0 -9999.0 -9999.0 -9999.0 -9999.0 -9999.0 -9999.0 -9999.0 -9999.0 -9999.0 -9999.0 -9999.0 -9999.0 -9999.0 -9999.0 -9999.0 -9999.0 -9999.0 -9999.0 -9999.0 -9999.0 -9999.0 -9999.0 -9999.0 -9999.0 -9999.0 -9999.0 -9999.0 -9999.0 -9999.0 -9999.0 -9999.0
-9999.0 -9999.0 -9999.0 -9999.0 -9999.0 -9999.0 -9999.0 -9999.0 -9999.0 -9999.0 -9999.0 -9999.0 -9999.0 -9999.0 -9999.0 -9999.0 -9999.0 -9999.0 -9999.0 -9999.0 -9999.0 -9999.0 -9999.0 -9999.0 -9999.0 -9999.0 -9999.0 -9999.0 -9999.0 -9999.0 -9999.0 -9999.0 -9999.0 -9999.0 -9999.0 -9999.0 -9999.0 -9999.0 -9999.0 -9999.0 -9999.0 -9999.0 -9999.0 -9999.0 -9999.0 -9999.0 -9999.0 -9999.0 -9999.0 -9999.0 -9999.0 -9999.0 -9999.0 -9999.0 -9999.0 -9999.0 -9999.0 -9999.0 -9999.0 -9999.0 -9999.0 -9999.0 -9999.0 -9999.0 -9999.0 -9999.0 -9999.0 -9999.0 -9999.0 -9999.0 -9999.0 -9999.0 -9999.0 -9999.0 -9999.0 -9999.0 -9999.0 -9999.0 -9999.0 -9999.0
-9999.0 -9999.0 -9999.0 -9999.0 -9999.0 -9999.0 -9999.0 -9999.0 -9999.0 -9999.0 -9999.0 -9999.0 -9999.0 -9999.0 -9999.0 -9999.0 -9999.0 -9999.0 -9999.0 -9999.0 541.420743 544.404720 522.623628 489.502863 462.153923 465.108009 500.755450 542.978009 582.402837 593.709754 576.872889 579.986395 576.149179 576.062399 579.347729 586.378447 590.428762 602.087959 611.041288 611.362711 605.970559 601.325244 601.697474 605.170703 610.231825 599.375906 612.273770 626.645053 631.336952 624.955441 596.486651 579.507875 569.436120 552.913889 576.062535 586.954796 608.746704 612.006115 609.593447 581.850780 551.323179 -9999.0 -9999.0 -9999.0 -9999.0 -9999.0 -9999.0 -9999.0 -9999.0 -9999.0 -9999.0 -9999.0 -9999.0 -9999.0 -9999.0 -9999.0 -9999.0 -9999.0 -9999.0 -9999.0
-9999.0 -9999.0 -9999.0 -9999.0 -9999.0 -9999.0 -9999.0 -9999.0 -9999.0 -9999.0 -9999.0 -9999.0 -9999.0 -9999.0 449.054150 439.725257 437.534327 446.740524 481.135220 511.855266 524.396013 517.531464 518.384867 495.799956 476.374706 491.472616 522.276296 555.269868 591.451384 613.482866 603.173117 602.083935 613.257742 640.325584 654.686567 652.718135 632.791385 656.268942 672.966701 682.982057 683.584014 676.248148 690.817288 707.310969 700.317945 681.882046 684.883402 695.525179 707.407474 691.368752 625.509526 603.763179 597.816767 589.127906 573.536226 565.676028 589.600505 588.866156 579.519956 560.578703 527.307482 482.769729 463.883621 501.763169 545.088569 602.040921 -9999.0 -9999.0 -9999.0 -9999.0 -9999.0 -9999.0 -9999.0 -9999.0 -9999.0 -9999.0 -9999.0 -9999.0 -9999.0 -9999.0
-9999.0 -9999.0 -9999.0 -9999.0 -9999.0 -9999.0 -9999.0 -9999.0 -9999.0 389.914697 394.506252 402.290245 405.084094 421.402138 419.861987 427.684955 435.947143 463.618335 495.724262 531.787814 561.494864 553.332077 555.235077 567.757315 574.098177 588.021186 611.244268 654.307264 698.610458 743.221453 717.380677 717.280029 738.364940 787.768976 823.994351 833.221505 814.274278 821.325498 847.919046 873.538334 876.190115 876.324438 903.276071 918.371926 920.828879 898.712758 880.474188 877.649847 901.508983 847.068838 778.738731 724.637894 724.002913 689.784639 647.404537 624.174175 619.514133 638.742901 621.754524 582.670653 544.857980 533.213354 515.034180 530.777329 552.140137 597.792983 635.742276 663.501920 662.597452 644.669172 -9999.0 -9999.0 -9999.0 -9999.0 -9999.0 -9999.0 -9999.0 -9999.0 -9999.0 -9999.0
-9999.0 -9999.0 -9999.0 -9999.0 -9999.0 -9999.0 310.480302 320.082870 340.611860 346.104494 371.700013 379.884787 401.313824 421.612270 443.940344 461.914822 493.767749 528.257531 571.303609 616.789538 651.094674 648.778591 662.232796 697.835685 741.669862 774.261536 801.631768 845.571934 929.114474 978.058713 991.551610 999.482628 1010.867959 1058.471659 1122.536139 1140.851361 1118.020465 1102.016242 1121.497258 1159.332262 1172.042416 1176.063540 1186.555068 1196.095827 1221.147586 1209.942074 1164.601111 1145.814936 1140.528157 1124.964620 1066.812551 1002.949680 961.570069 906.088079 818.124979 758.648157 760.267779 774.472145 740.710612 682.872843 638.077526 624.948683 607.862951 592.223925 596.330759 614.029332 635.368767 645.412934 631.577392 609.806164 586.184322 556.765624 557.984313 582.876737 -9999.0 -9999.0 -9999.0 -9999.0 -9999.0 -9999.0
-9999.0 -9999.0 -9999.0 -9999.0 260.168380 273.202446 261.670211 286.689920 319.693661 354.232132 387.317815 425.585547 454.266647 486.082271 529.121637 567.499556 613.301572 652.578144 711.670683 784.094451 839.598093 869.315823 891.020194 956.494943 1021.501431 1074.672968 1096.034104 1124.790271 1170.923299 1236.817964 1266.982040 1275.687668 1293.436763 1325.985150 1371.597599 1404.675925 1387.396341 1379.527478 1384.401954 1396.011538 1421.815698 1424.553585 1426.993326 1429.040725 1432.451599 1430.735114 1405.250654 1371.004206 1356.378421 1347.248274 1320.498293 1252.641416 1205.983679 1172.403856 1139.489053 1089.185391 1022.922709 1001.429262 939.232141 876.005424 806.549579 779.366087 744.181328 714.166592 680.657376 678.678852 679.024174 656.620549 623.291180 589.786388 573.691961 554.097405 542.747514 572.119151 589.285530 619.575684 -9999.0 -9999.0 -9999.0 -9999.0
-9999.0 -9999.0 200.780479 250.255536 307.188732 316.547490 318.551486 325.030834 353.942725 406.841377 485.496433 539.317122 585.719295 621.981246 686.254332 772.406877 852.146072 907.855946 972.842201 1044.110424 1106.776395 1143.757100 1168.048511 1209.392408 1262.357306 1320.707309 1346.985154 1372.895919 1403.762087 1437.946786 1454.889092 1470.220267 1477.998552 1478.811386 1482.989746 1483.830471 1479.072982 1472.709027 1453.907137 1450.324392 1457.851783 1462.772566 1465.160099 1452.348861 1448.403749 1461.169204 1463.687170 1462.579021 1462.403138 1470.087704 1475.683565 1439.083575 1395.492188 1379.070356 1369.140782 1326.293745 1262.945972 1216.136422 1190.313719 1146.404561 1068.352767 1014.254424 958.926620 902.960132 843.785518 806.348616 754.557263 708.724629 659.704426 611.736045 586.600404 567.128249 563.698867 562.993385 578.414255 593.368500 608.361701 615.963068 -9999.0 -9999.0
-9999.0 99.263402 171.937581 299.133703 379.445076 425.478528 462.463696 489.774539 518.782424 543.014108 653.501429 754.242856 850.072920 890.636609 948.209848 1049.166572 1146.328417 1193.587179 1232.123354 1285.643696 1342.977209 1389.252812 1418.941326 1438.091998 1469.996463 1478.594192 1480.314413 1482.596902 1477.978122 1471.013490 1462.290177 1468.922242 1465.822042 1447.750222 1432.602965 1429.495358 1422.702314 1396.345069 1366.466262 1350.875100 1353.303260 1375.070399 1363.915153 1343.891958 1340.395846 1361.174244 1379.620373 1371.929128 1361.347494 1380.241767 1415.377913 1437.311272 1449.752601 1465.620506 1486.042700 1461.636140 1431.408908 1389.670364 1369.158575 1339.345380 1279.556712 1217.065485 1161.260815 1098.570513 1030.298617 957.542676 888.136108 821.785321 751.102439 706.765182 672.729094 619.664596 595.843158 595.793060 585.634216 582.076001 587.731420 593.832631 -9999.0 -9999.0
-9999.0 22.475454 165.558020 351.237095 500.413712 563.565703 675.707567 760.271502 792.072265 769.922976 885.187101 1108.116894 1204.376882 1221.432363 1291.533215 1375.552173 1403.700298 1435.457793 1457.011533 1462.822710 1467.575483 1476.007522 1474.602978 1468.829277 1454.989718 1447.292158 1445.808348 1442.147070 1423.360643 1403.492049 1385.393152 1380.516879 1362.507325 1320.730545 1288.718552 1271.809304 1254.635575 1228.677842 1191.365477 1162.461529 1147.321275 1163.654225 1155.597456 1138.669820 1135.254818 1158.277263 1191.878949 1188.809067 1197.466469 1221.470442 1263.158459 1305.006492 1328.905667 1359.509826 1396.500355 1440.124536 1457.345897 1478.453399 1483.100164 1462.259696 1418.773462 1367.330297 1331.943988 1267.274320 1193.728376 1114.608418 1049.785147 986.942896 913.769993 860.915605 808.309160 746.512194 686.792581 658.108545 616.622823 595.244589 -9999.0 -9999.0 -9999.0 -9999.0
-9999.0 -51.032589 138.820533 401.086659 672.356747 796.141564 1003.164638 1134.816252 1198.588815 1260.589757 1263.038036 1393.833895 1427.403283 1422.077559 1415.981829 1419.811458 1435.472306 1440.025682 1437.278408 1428.008870 1418.980380 1415.134293 1413.359232 1405.035136 1392.609033 1377.110874 1363.105639 1348.365556 1307.327421 1272.930593 1237.903716 1221.186850 1182.200738 1091.905654 1049.547026 1015.057447 957.897293 946.812962 934.781784 902.537760 880.757600 861.421847 881.694806 884.230988 886.347521 893.164349 914.306733 938.998904 985.223531 1023.821460 1069.289448 1122.871907 1158.899023 1204.182588 1252.715141 1311.079024 1344.436796 1375.996593 1422.893404 1462.743910 1485.874312 1475.709386 1446.673942 1401.386133 1331.188527 1262.856004 1213.607719 1142.053347 1076.172718 1021.404609 973.675739 917.424571 844.386507 750.281244 704.862078 -9999.0 -9999.0 -9999.0 -9999.0 -9999.0
-9999.0 -220.309797 47.914586 340.517824 664.545396 992.001462 1117.674060 1258.438828 1331.787939 1287.794481 1283.624394 1307.325938 1348.519187 1356.320867 1337.769195 1331.079314 1322.046592 1322.829314 1336.097154 1310.299845 1279.359436 1265.412680 1264.062754 1251.046844 1226.853135 1208.052423 1193.567571 1171.367883 1121.344695 1070.690005 991.269776 960.364282 881.197365 816.756624 769.448907 719.250224 666.491948 662.890474 677.390404 660.134679 636.684486 617.597445 643.574303 660.348612 672.308176 662.634833 673.096392 710.228397 761.450355 807.418937 860.584213 920.170928 971.209105 1023.690071 1058.812781 1111.847771 1160.782505 1209.697960 1284.881010 1365.056600 1402.200789 1437.312620 1471.470199 1486.455857 1436.142698 1385.769517 1335.034467 1273.502055 1187.339647 1139.809870 1112.982749 1070.583537 1013.175220 -9999.0 -9999.0 -9999.0 -9999.0 -9999.0 -9999.0 -9999.0
-9999.0 -350.294216 -125.323349 113.122562 406.108050 646.797916 839.211744 955.450254 1037.271168 1054.588977 1078.339739 1109.625587 1140.472022 1163.009446 1141.971118 1105.876394 1079.606375 1084.179112 1081.973120 1058.363361 1028.922806 1013.918651 1011.403969 1002.845088 975.554411 957.899368 944.182308 917.935725 878.563660 819.647753 737.132403 664.748678 600.947769 565.242268 534.051394 500.331174 462.423173 471.940602 484.767608 480.058804 468.167884 464.239822 493.516144 512.268674 522.521483 510.585866 529.930771 557.476069 600.103813 643.682095 693.756517 750.721184 806.791714 839.757158 857.876112 889.672210 936.162295 996.650923 1085.531287 1182.395734 1260.159559 1311.715351 1363.449416 1397.082206 1411.347749 1426.993626 1403.618178 1320.945971 1190.919135 1193.006308 1191.655214 -9999.0 -9999.0 -9999.0 -9999.0 -9999.0 -9999.0 -9999.0 -9999.0 -9999.0
-9999.0 -9999.0 -361.135913 -177.019507 -27.943137 156.315940 308.938675 419.825232 503.159779 604.495664 701.300532 780.658879 824.126160 841.942811 825.961893 789.348100 765.989572 766.165155 756.666484 744.392019 722.242062 713.347117 702.621858 693.713946 680.770698 672.843357 665.858102 652.634381 628.082108 579.446528 527.480443 474.638966 419.716899 393.528059 371.005465 348.475681 345.577570 342.502007 348.515994 349.615238 355.468553 367.472348 387.895187 409.547106 419.196543 427.212172 439.973783 463.984113 497.527850 539.632484 593.380100 650.875363 690.919715 704.656634 696.919661 704.942330 729.793708 777.949145 867.347493 960.931691 1058.819348 1132.309242 1206.024327 1259.441922 1278.718743 1298.888306 1316.520211 1243.949141 863.640550 1116.422343 -9999.0 -9999.0 -9999.0 -9999.0 -9999.0 -9999.0 -9999.0 -9999.0 -9999.0 -9999.0
-9999.0 -9999.0 -9999.0 -9999.0 -320.316341 -163.243692 -67.335802 16.670514 141.818934 255.958844 351.504417 430.812042 487.830461 512.814552 504.802611 504.071007 497.538963 492.844088 483.812708 480.258546 476.468627 468.544976 455.582532 447.591902 446.933255 450.333257 447.318588 433.181216 415.615204 389.808979 366.844596 331.523481 294.539241 265.028960 251.677536 245.096887 244.978186 238.762296 247.846393 254.531825 269.472466 284.781183 308.669102 337.258302 350.366456 364.857238 374.699068 395.559908 425.927349 479.141941 542.072304 599.040915 633.970450 638.185076 613.141845 598.198648 596.102993 626.162071 675.694009 749.347232 856.918989 938.013593 1005.059270 1055.171087 1090.838196 1140.442329 1196.413558 1228.348838 -9999.0 -9999.0 -9999.0 -9999.0 -9999.0 -9999.0 -9999.0 -9999.0 -9999.0 -9999.0 -9999.0 -9999.0
-9999.0 -9999.0 -9999.0 -9999.0 -9999.0 -9999.0 -370.734640 -272.268359 -187.080741 -57.668554 63.162174 158.839577 235.621652 263.559272 284.794219 308.907434 305.587111 288.195697 270.688808 288.016650 299.192016 293.712076 265.018188 263.694937 267.417429 275.949724 273.988212 267.385637 242.136401 251.264403 250.374822 226.967286 200.680838 186.325661 174.538648 184.267108 184.788339 171.799560 173.439930 199.752577 219.657395 232.987230 255.227821 288.383632 320.480334 335.140770 336.324032 342.593071 383.578533 453.869273 524.668704 578.867396 610.300418 617.897199 589.943149 549.524729 528.849949 536.400218 572.342354 627.680311 707.239969 761.239622 795.013362 817.099728 844.710901 942.004492 -9999.0 -9999.0 -9999.0 -9999.0 -9999.0 -9999.0 -9999.0 -9999.0 -9999.0 -9999.0 -9999.0 -9999.0 -9999.0 -9999.0
-9999.0 -9999.0 -9999.0 -9999.0 -9999.0 -9999.0 -9999.0 -9999.0 -9999.0 -9999.0 -9999.0 -9999.0 -9999.0 -9999.0 -9999.0 -9999.0 -9999.0 -9999.0 -9999.0 -9999.0 -9999.0 -9999.0 -9999.0 -9999.0 -9999.0 -9999.0 -9999.0 -9999.0 -9999.0 -9999.0 -9999.0 -9999.0 -9999.0 -9999.0 -9999.0 -9999.0 -9999.0 -9999.0 -9999.0 -9999.0 -9999.0 -9999.0 -9999.0 -9999.0 -9999.0 -9999.0 -9999.0 -9999.0 -9999.0 -9999.0 -9999.0 -9999.0 -9999.0 -9999.0 -9999.0 -9999.0 -9999.0 -9999.0 -9999.0 -9999.0 -9999.0 -9999.0 -9999.0 -9999.0 -9999.0 -9999.0 -9999.0 -9999.0 -9999.0 -9999.0 -9999.0 -9999.0 -9999.0 -9999.0 -9999.0 -9999.0 -9999.0 -9999.0 -9999.0 -9999.0
-9999.0 -9999.0 -9999.0 -9999.0 -9999.0 -9999.0 -9999.0 -9999.0 -9999.0 -9999.0 -9999.0 -9999.0 -9999.0 -9999.0 -9999.0 -9999.0 -9999.0 -9999.0 -9999.0 -9999.0 -9999.0 -9999.0 -9999.0 -9999.0 -9999.0 -9999.0 -9999.0 -9999.0 -9999.0 -9999.0 -9999.0 -9999.0 -9999.0 -9999.0 -9999.0 -9999.0 -9999.0 -9999.0 -9999.0 -9999.0 -9999.0 -9999.0 -9999.0 -9999.0 -9999.0 -9999.0 -9999.0 -9999.0 -9999.0 -9999.0 -9999.0 -9999.0 -9999.0 -9999.0 -9999.0 -9999.0 -9999.0 -9999.0 -9999.0 -9999.0 -9999.0 -9999.0 -9999.0 -9999.0 -9999.0 -9999.0 -9999.0 -9999.0 -9999.0 -9999.0 -9999.0 -9999.0 -9999.0 -9999.0 -9999.0 -9999.0 -9999.0 -9999.0 -9999.0 -9999.0