Borden_/Borden1m_014/output_maps/psiliqL0002N0005.asc
ncols         80
nrows         18
xllcorner     620200.000000
yllcorner     5168000.000000
cellsize      1.000000
NODATA_value  -9999.0
-9999.0 -9999.0 -9999.0 -9999.0 -9999.0 -9999.0 -9999.0 -9999.0 -9999.0 -9999.0 -9999.0 -9999.0 -9999.0 -9999.0 -9999.0 -9999.0 -9999.0 -9999.0 -9999.0 -9999.0 -9999.0 -9999.0 -9999.0 -9999.0 -9999.0 -9999.0 -9999.0 -9999.0 -9999.0 -9999.0 -9999.0 -9999.0 -9999.0 -9999.0 -9999.0 -9999.0 -9999.0 -9999.0 -9999.0 -9999.0 -9999.0 -9999.0 -9999.0 -9999.0 -9999.0 -9999.0 -9999.0 -9999.0 -9999.0 -9999.0 -9999.0 -9999.0 -9999.0 -9999.0 -9999.0 -9999.0 -9999.0 -9999.0 -9999.0 -9999.0 -9999.0 -9999.0 -9999.0 -9999.0 -9999.0 -9999.0 -9999.0 -9999.0 -9999.0 -9999.0 -9999.0 -9999.0 -9999.0 -9999.0 -9999.0 -9999.0 -9999.0 -9999.0 -9999.0 -9999.0
-9999.0 -9999.0 -9999.0 -9999.0 -9999.0 -9999.0 -9999.0 -9999.0 -9999.0 -9999.0 -9999.0 -9999.0 -9999.0 -9999.0 -9999.0 -9999.0 -9999.0 -9999.0 -9999.0 -9999.0 -9999.0 -9999.0 -9999.0 -9999.0 -9999.0 -9999.0 -9999.0 -9999.0 -9999.0 -9999.0 -9999.0 -9999.0 -9999.0 -9999.0 -9999.0 -9999.0 -9999.0 -9999.0 -9999.0 -9999.0 -9999.0 -9999.0 -9999.0 -9999.0 -9999.0 -9999.0 -9999.0 -9999.0 -9999.0 -9999.0 -9999.0 -9999.0 -9999.0 -9999.0 -9999.0 -9999.0 -9999.0 -9999.0 -9999.0 -9999.0 -9999.0 -9999.0 -9999.0 -9999.0 -9999.0 -9999.0 -9999.0 -9999.0 -9999.0 -9999.0 -9999.0 -9999.0 -9999.0 -9999.0 -9999.0 -9999.0 -9999.0 -9999.0 -9999.0 -9999.0
-9999.0 -9999.0 -9999.0 -9999.0 -9999.0 -9999.0 -9999.0 -9999.0 -9999.0 -9999.0 -9999.0 -9999.0 -9999.0 -9999.0 -9999.0 -9999.0 -9999.0 -9999.0 -9999.0 -9999.0 -579.082641 -577.552008 -580.845861 -584.660500 -587.953049 -588.371649 -584.702507 -580.563681 -575.910926 -575.057973 -578.822686 -577.844785 -579.335946 -580.241330 -580.353949 -579.281842 -578.722921 -577.270846 -576.363460 -576.833812 -577.976399 -578.760943 -579.471026 -579.259889 -577.945886 -579.774601 -577.185795 -574.704625 -573.879635 -573.841945 -577.122292 -578.465458 -578.970242 -581.974637 -576.597700 -575.103900 -571.302292 -570.961791 -570.234047 -574.489496 -578.771152 -9999.0 -9999.0 -9999.0 -9999.0 -9999.0 -9999.0 -9999.0 -9999.0 -9999.0 -9999.0 -9999.0 -9999.0 -9999.0 -9999.0 -9999.0 -9999.0 -9999.0 -9999.0 -9999.0
-9999.0 -9999.0 -9999.0 -9999.0 -9999.0 -9999.0 -9999.0 -9999.0 -9999.0 -9999.0 -9999.0 -9999.0 -9999.0 -9999.0 -585.183979 -587.049515 -587.925669 -588.505299 -585.188597 -582.640592 -582.596709 -584.505166 -582.917599 -586.639774 -589.997371 -587.982267 -585.151317 -582.902350 -579.203545 -576.432305 -579.023754 -579.673124 -578.307452 -573.508635 -571.523741 -572.576568 -578.360393 -572.864190 -570.233369 -568.578148 -568.795343 -571.391842 -567.893071 -563.819903 -565.918869 -570.235549 -569.270621 -566.838237 -562.927033 -564.752820 -578.523514 -579.747071 -578.978257 -578.625360 -580.612876 -582.037079 -576.615855 -577.423365 -578.271412 -579.158230 -582.277776 -587.506209 -589.892357 -584.369215 -579.646679 -570.253485 -9999.0 -9999.0 -9999.0 -9999.0 -9999.0 -9999.0 -9999.0 -9999.0 -9999.0 -9999.0 -9999.0 -9999.0 -9999.0 -9999.0
-9999.0 -9999.0 -9999.0 -9999.0 -9999.0 -9999.0 -9999.0 -9999.0 -9999.0 -588.246942 -588.765029 -588.242908 -589.509638 -587.860168 -590.684140 -590.032877 -590.580670 -588.254907 -586.442471 -583.333921 -579.220328 -582.275314 -582.693727 -580.579456 -580.464802 -579.799323 -578.092851 -571.675911 -564.767758 -554.054647 -563.724530 -564.314520 -560.212565 -546.266955 -533.531264 -529.805033 -537.266654 -537.275471 -528.140432 -516.754711 -516.600701 -517.438537 -506.721987 -500.666477 -495.550305 -503.606776 -514.468763 -518.503661 -506.155250 -527.182087 -547.411124 -562.540790 -559.293138 -566.114762 -573.882436 -576.708455 -577.753185 -571.730944 -573.922276 -579.354150 -583.888823 -582.401649 -585.037564 -582.423873 -580.694404 -573.509631 -567.265411 -561.330723 -561.058453 -564.840098 -9999.0 -9999.0 -9999.0 -9999.0 -9999.0 -9999.0 -9999.0 -9999.0 -9999.0 -9999.0
-9999.0 -9999.0 -9999.0 -9999.0 -9999.0 -9999.0 -591.561027 -591.793218 -590.710913 -594.245675 -591.786919 -593.524623 -591.764158 -591.029573 -589.866172 -589.880360 -587.042201 -584.573183 -580.453923 -575.169213 -570.372419 -573.198288 -571.983956 -565.365433 -554.898083 -546.391943 -540.449293 -529.036430 -495.127223 -471.169013 -462.207073 -459.096121 -453.535856 -416.445624 -329.578937 -269.782303 -335.655344 -366.447342 -335.338903 -17.757620 10.765601 11.023095 11.243618 11.384523 12.355344 11.997823 -4.207744 -248.648293 -305.863079 -327.594830 -402.208961 -454.772236 -479.370410 -501.878435 -534.809161 -554.251992 -553.328379 -547.302791 -554.998304 -566.739120 -573.827422 -573.627786 -574.990071 -577.748950 -576.348183 -573.496824 -569.157907 -566.434340 -568.478189 -571.262428 -573.320492 -578.035776 -577.257912 -572.709353 -9999.0 -9999.0 -9999.0 -9999.0 -9999.0 -9999.0
-9999.0 -9999.0 -9999.0 -9999.0 -596.970539 -595.341233 -600.257251 -597.481254 -595.375475 -593.797411 -593.866472 -591.150335 -590.452409 -588.543907 -584.548325 -581.721060 -576.475239 -572.572381 -562.188949 -544.496349 -528.090188 -518.184710 -512.738472 -481.942528 -443.100944 -396.817221 -376.256688 -334.343480 -26.934297 12.165296 13.053796 13.090865 13.537055 14.448395 16.072585 17.551096 16.433095 16.154417 16.710160 18.797850 20.184687 20.152843 20.224832 20.121934 20.174723 20.354332 19.370871 16.915926 16.106081 15.755768 14.896930 12.685311 11.708717 9.950528 -184.409093 -371.482584 -445.229054 -461.227053 -490.723394 -516.113022 -540.519912 -546.549906 -554.485016 -559.340189 -566.384289 -564.864262 -562.706044 -566.393066 -571.259370 -575.954358 -576.467969 -578.557418 -581.018528 -574.997858 -573.000614 -566.798975 -9999.0 -9999.0 -9999.0 -9999.0
-9999.0 -9999.0 -597.252489 -597.185565 -592.768330 -595.516415 -597.212784 -599.551519 -598.598676 -594.413690 -586.824054 -583.999026 -579.155488 -576.627002 -566.121736 -545.120121 -520.628185 -499.545234 -471.915247 -427.957014 -366.135445 -288.123220 -19.810342 11.122970 12.825968 14.649275 15.306766 16.372686 18.864477 19.910972 23.073598 38.419444 42.136479 38.422358 35.944423 35.021882 33.092843 29.821444 21.603008 22.236450 29.144603 31.371934 34.614370 22.524921 20.272561 25.311338 27.440371 28.195597 30.191735 38.714458 47.930470 21.353018 18.904186 18.644866 17.534450 15.090759 13.062772 11.882671 10.314396 -226.047906 -407.330754 -452.611627 -486.358060 -509.075932 -528.515084 -537.547110 -550.564436 -558.997359 -567.048875 -574.813806 -577.164931 -578.556316 -577.368119 -578.267900 -575.093180 -572.788469 -569.325705 -568.064287 -9999.0 -9999.0
-9999.0 -598.694071 -600.232556 -592.414611 -591.193396 -589.739173 -588.165723 -586.730716 -584.688523 -587.244030 -568.680483 -542.000109 -508.152159 -499.659956 -476.660919 -410.846040 -165.950130 10.046696 11.938238 13.438318 15.270171 17.125164 19.279124 21.886880 43.965445 40.244711 36.167056 35.640879 27.351168 21.268210 20.001174 20.878755 20.588352 19.754011 19.335838 19.511253 19.560064 18.961545 18.323336 17.929506 17.076815 18.893885 18.235270 15.879590 15.688654 18.121505 19.073731 18.757825 18.218068 18.652498 19.541168 19.880676 20.991590 28.648209 48.359771 26.633898 19.821147 18.781640 18.385349 16.415905 13.859849 10.790727 -212.626327 -391.274914 -446.535238 -489.362007 -513.878149 -532.541194 -550.638558 -558.059422 -562.741751 -573.255312 -575.926375 -573.462248 -574.892613 -575.062650 -573.688768 -572.630213 -9999.0 -9999.0
-9999.0 -606.537254 -599.217316 -590.962025 -581.055239 -580.489284 -556.251495 -527.700847 -519.178676 -530.746280 -490.049463 -43.177630 11.944189 11.972154 13.987206 16.467809 19.131410 32.176275 45.820799 36.414201 30.320628 32.526189 27.673014 20.650573 19.935191 19.771321 19.949913 19.986152 19.404555 18.971690 18.582595 18.687340 18.010653 14.832929 13.597736 13.225620 13.109661 12.714268 11.719326 9.866568 -189.688612 10.035192 -11.928522 -306.141278 -319.595494 -13.910374 11.972548 11.781931 11.827630 12.293140 13.333203 14.455024 15.401924 17.776366 18.816457 19.903960 21.019367 36.172470 42.313147 20.935227 19.404779 18.001215 16.281238 13.516613 -9.367598 -366.158929 -423.561113 -459.658576 -494.633334 -512.967257 -529.989716 -546.747705 -561.124577 -564.112369 -571.775352 -572.830026 -9999.0 -9999.0 -9999.0 -9999.0
-9999.0 -607.306724 -600.132481 -584.683859 -550.694515 -519.560381 -395.940320 -10.167645 12.053411 14.266025 15.323080 31.901541 39.338188 22.895942 19.839606 19.312694 19.675396 19.809970 19.503874 19.258792 19.179538 19.236186 19.326348 19.198459 19.064235 18.787796 18.497771 18.050976 15.114696 13.871980 12.862719 12.474641 -1.257066 -382.451940 -427.988582 -447.798385 -476.875877 -479.920956 -487.786334 -504.260886 -512.543004 -515.298702 -509.677189 -512.789285 -513.613055 -508.193320 -495.795340 -490.522548 -471.797453 -452.045316 -420.615132 -371.552929 -302.509760 0.332782 12.769772 14.618862 16.074086 18.225714 19.478787 21.367154 40.614364 33.750966 20.170651 19.204805 17.298684 13.968312 12.698915 -14.185467 -329.433240 -404.395824 -446.326341 -485.431761 -514.803824 -542.718048 -552.325391 -9999.0 -9999.0 -9999.0 -9999.0 -9999.0
-9999.0 -618.636021 -600.415712 -587.727982 -535.606138 -339.363168 -71.280393 14.518406 23.497005 14.694655 14.154465 15.289265 18.316232 18.605888 17.572304 15.502187 14.673493 14.557597 15.260991 14.353453 13.543354 13.290747 13.490661 13.228573 12.641460 12.258715 11.826855 -5.138934 -344.653032 -406.664701 -463.487906 -471.143622 -504.521190 -533.553670 -546.265537 -557.436243 -568.958153 -568.479679 -563.942516 -567.657373 -571.760901 -576.192725 -570.822510 -568.366457 -566.020721 -568.973147 -568.240845 -561.259481 -550.247164 -540.081044 -525.441912 -505.936183 -487.596121 -456.726424 -431.308196 -380.427707 -257.946818 9.797227 13.966263 18.122367 18.957293 19.782944 29.178351 47.428086 20.802981 19.115179 18.363492 17.333913 13.903069 12.124683 -11.708336 -347.248952 -426.036950 -9999.0 -9999.0 -9999.0 -9999.0 -9999.0 -9999.0 -9999.0
-9999.0 -624.570420 -605.077474 -602.354464 -580.045869 -542.046022 -485.972755 -422.941342 -355.593064 -370.072537 -357.055216 -299.477095 -6.807840 11.323296 -16.329032 -345.063935 -388.366445 -384.836307 -384.144354 -411.359082 -436.682067 -447.763292 -447.287453 -451.771164 -468.415832 -477.505548 -483.116156 -494.928539 -512.577353 -530.705163 -553.961381 -567.426891 -577.373810 -580.797626 -583.372116 -586.177444 -591.809093 -588.597050 -586.187652 -586.763092 -588.534960 -589.885708 -585.603934 -584.126797 -582.798599 -586.638737 -583.941741 -581.605712 -576.373659 -571.126867 -563.811723 -553.201899 -539.824925 -531.669332 -527.357515 -516.951077 -500.035314 -469.062143 -401.473994 -22.660112 13.040378 14.764072 17.970715 19.085300 19.533076 29.062809 37.647155 19.868420 16.677385 17.097620 16.770400 -9999.0 -9999.0 -9999.0 -9999.0 -9999.0 -9999.0 -9999.0 -9999.0 -9999.0
-9999.0 -9999.0 -628.976332 -620.972921 -614.077732 -606.700198 -596.539566 -587.527845 -581.691654 -568.513906 -550.311233 -530.793596 -516.539058 -509.599581 -519.475661 -536.384204 -544.958899 -543.903313 -546.160222 -549.867303 -556.583777 -558.055934 -559.749845 -560.909584 -563.967790 -565.316412 -565.889997 -567.182268 -570.162986 -577.159023 -583.256225 -587.634490 -592.616007 -592.400936 -593.199140 -594.943597 -593.407827 -593.803944 -593.327977 -593.567348 -593.112526 -592.259515 -591.271796 -589.886330 -589.815646 -589.399701 -588.922803 -587.453759 -585.221767 -582.288225 -576.687073 -568.655995 -562.644296 -561.251900 -564.528270 -563.692622 -559.549435 -550.165148 -523.520825 -485.152712 -429.010479 -355.632721 -2.909819 13.302155 14.126821 16.831535 18.502180 18.205453 12.000387 15.850998 -9999.0 -9999.0 -9999.0 -9999.0 -9999.0 -9999.0 -9999.0 -9999.0 -9999.0 -9999.0
-9999.0 -9999.0 -9999.0 -9999.0 -632.704685 -621.220398 -610.767594 -611.734969 -604.108693 -599.295180 -594.870331 -589.740194 -585.552771 -582.888034 -586.074295 -586.623414 -587.200013 -586.737471 -587.444644 -588.206616 -588.489341 -588.992673 -589.560338 -590.326605 -589.972692 -589.195040 -588.984569 -590.301226 -590.323999 -592.764372 -593.017657 -594.484120 -595.913431 -597.609928 -597.242863 -597.389870 -596.626812 -597.452863 -596.215834 -596.926143 -595.973464 -595.547889 -594.408860 -592.545486 -593.216674 -592.150044 -592.103020 -590.730205 -590.183583 -586.521425 -580.681894 -574.065191 -569.642467 -569.857353 -575.531217 -577.900413 -579.338238 -575.732371 -569.786020 -557.171449 -528.874388 -502.842799 -466.587232 -429.650291 -391.945489 -38.295451 14.862610 16.833841 -9999.0 -9999.0 -9999.0 -9999.0 -9999.0 -9999.0 -9999.0 -9999.0 -9999.0 -9999.0 -9999.0 -9999.0
-9999.0 -9999.0 -9999.0 -9999.0 -9999.0 -9999.0 -627.615698 -621.794754 -623.519796 -618.854795 -614.644325 -611.393340 -606.711622 -607.123169 -605.678013 -602.108513 -602.565285 -604.264194 -606.415434 -603.280177 -601.853823 -601.561486 -605.014856 -604.042542 -603.648473 -602.341099 -602.477317 -601.905363 -604.806076 -601.288491 -599.583878 -600.222196 -600.835750 -600.164329 -600.895206 -598.716998 -598.457180 -600.202695 -600.736041 -598.218193 -597.493999 -597.847412 -597.367715 -595.667907 -593.207575 -592.828877 -593.924407 -595.459511 -592.983404 -587.312985 -581.056334 -575.638280 -572.147210 -570.965863 -575.718855 -582.290945 -585.639462 -586.133197 -583.422044 -578.296080 -566.228120 -558.114581 -552.155636 -547.268622 -540.257561 -500.192505 -9999.0 -9999.0 -9999.0 -9999.0 -9999.0 -9999.0 -9999.0 -9999.0 -9999.0 -9999.0 -9999.0 -9999.0 -9999.0 -9999.0
-9999.0 -9999.0 -9999.0 -9999.0 -9999.0 -9999.0 -9999.0 -9999.0 -9999.0 -9999.0 -9999.0 -9999.0 -9999.0 -9999.0 -9999.0 -9999.0 -9999.0 -9999.0 -9999.0 -9999.0 -9999.0 -9999.0 -9999.0 -9999.0 -9999.0 -9999.0 -9999.0 -9999.0 -9999.0 -9999.0 -9999.0 -9999.0 -9999.0 -9999.0 -9999.0 -9999.0 -9999.0 -9999.0 -9999.0 -9999.0 -9999.0 -9999.0 -9999.0 -9999.0 -9999.0 -9999.0 -9999.0 -9999.0 -9999.0 -9999.0 -9999.0 -9999.0 -9999.0 -9999.0 -9999.0 -9999.0 -9999.0 -9999.0 -9999.0 -9999.0 -9999.0 -9999.0 -9999.0 -9999.0 -9999.0 -9999.0 -9999.0 -9999.0 -9999.0 -9999.0 -9999.0 -9999.0 -9999.0 -9999.0 -9999.0 -9999.0 -9999.0 -9999.0 -9999.0 -9999.0
-9999.0 -9999.0 -9999.0 -9999.0 -9999.0 -9999.0 -9999.0 -9999.0 -9999.0 -9999.0 -9999.0 -9999.0 -9999.0 -9999.0 -9999.0 -9999.0 -9999.0 -9999.0 -9999.0 -9999.0 -9999.0 -9999.0 -9999.0 -9999.0 -9999.0 -9999.0 -9999.0 -9999.0 -9999.0 -9999.0 -9999.0 -9999.0 -9999.0 -9999.0 -9999.0 -9999.0 -9999.0 -9999.0 -9999.0 -9999.0 -9999.0 -9999.0 -9999.0 -9999.0 -9999.0 -9999.0 -9999.0 -9999.0 -9999.0 -9999.0 -9999.0 -9999.0 -9999.0 -9999.0 -9999.0 -9999.0 -9999.0 -9999.0 -9999.0 -9999.0 -9999.0 -9999.0 -9999.0 -9999.0 -9999.0 -9999.0 -9999.0 -9999.0 -9999.0 -9999.0 -9999.0 -9999.0 -9999.0 -9999.0 -9999.0 -9999.0 -9999.0 -9999.0 -9999.0 -9999.0