Borden_/Borden1m_014/output_maps/psiliqL0011N0034.asc
ncols         80
nrows         18
xllcorner     620200.000000
yllcorner     5168000.000000
cellsize      1.000000
NODATA_value  -9999.0
-9999.0 -9999.0 -9999.0 -9999.0 -9999.0 -9999.0 -9999.0 -9999.0 -9999.0 -9999.0 -9999.0 -9999.0 -9999.0 -9999.0 -9999.0 -9999.0 -9999.0 -9999.0 -9999.0 -9999.0 -9999.0 -9999.0 -9999.0 -9999.0 -9999.0 -9999.0 -9999.0 -9999.0 -9999.0 -9999.0 -9999.0 -9999.0 -9999.0 -9999.0 -9999.0 -9999.0 -9999.0 -9999.0 -9999.0 -9999.0 -9999.0 -9999.0 -9999.0 -9999.0 -9999.0 -9999.0 -9999.0 -9999.0 -9999.0 -9999.0 -9999.0 -9999.0 -9999.0 -9999.0 -9999.0 -9999.0 -9999.0 -9999.0 -9999.0 -9999.0 -9999.0 -9999.0 -9999.0 -9999.0 -9999.0 -9999.0 -9999.0 -9999.0 -9999.0 -9999.0 -9999.0 -9999.0 -9999.0 -9999.0 -9999.0 -9999.0 -9999.0 -9999.0 -9999.0 -9999.0
-9999.0 -9999.0 -9999.0 -9999.0 -9999.0 -9999.0 -9999.0 -9999.0 -9999.0 -9999.0 -9999.0 -9999.0 -9999.0 -9999.0 -9999.0 -9999.0 -9999.0 -9999.0 -9999.0 -9999.0 -9999.0 -9999.0 -9999.0 -9999.0 -9999.0 -9999.0 -9999.0 -9999.0 -9999.0 -9999.0 -9999.0 -9999.0 -9999.0 -9999.0 -9999.0 -9999.0 -9999.0 -9999.0 -9999.0 -9999.0 -9999.0 -9999.0 -9999.0 -9999.0 -9999.0 -9999.0 -9999.0 -9999.0 -9999.0 -9999.0 -9999.0 -9999.0 -9999.0 -9999.0 -9999.0 -9999.0 -9999.0 -9999.0 -9999.0 -9999.0 -9999.0 -9999.0 -9999.0 -9999.0 -9999.0 -9999.0 -9999.0 -9999.0 -9999.0 -9999.0 -9999.0 -9999.0 -9999.0 -9999.0 -9999.0 -9999.0 -9999.0 -9999.0 -9999.0 -9999.0
-9999.0 -9999.0 -9999.0 -9999.0 -9999.0 -9999.0 -9999.0 -9999.0 -9999.0 -9999.0 -9999.0 -9999.0 -9999.0 -9999.0 -9999.0 -9999.0 -9999.0 -9999.0 -9999.0 -9999.0 340.373656 343.402964 321.422538 288.139502 260.627088 263.446984 299.095419 341.267138 380.539502 391.842962 374.804358 377.590351 373.620820 373.826688 377.400040 384.474667 388.499208 400.591230 410.018913 410.776046 405.632624 401.006202 401.184402 404.756563 409.705353 399.107909 411.860322 426.148154 430.808317 424.013135 394.956733 377.569093 367.510266 351.154729 374.340038 385.418158 407.349315 410.733720 408.461291 380.722928 350.179441 -9999.0 -9999.0 -9999.0 -9999.0 -9999.0 -9999.0 -9999.0 -9999.0 -9999.0 -9999.0 -9999.0 -9999.0 -9999.0 -9999.0 -9999.0 -9999.0 -9999.0 -9999.0 -9999.0
-9999.0 -9999.0 -9999.0 -9999.0 -9999.0 -9999.0 -9999.0 -9999.0 -9999.0 -9999.0 -9999.0 -9999.0 -9999.0 -9999.0 248.295664 238.808148 236.490437 245.632534 279.980661 310.623840 323.236430 316.269666 316.969398 294.246944 274.796675 289.868978 320.628312 353.675227 389.827517 411.854641 401.070138 399.701604 411.056137 438.935758 454.135810 452.445746 432.565315 456.544805 474.268847 485.330552 486.440638 479.291583 494.253840 510.849820 503.730276 485.068618 487.535746 497.832751 509.624235 492.482119 425.090070 402.236016 396.285053 387.581616 372.028746 364.030788 387.868635 387.366840 378.081103 359.151735 325.923108 281.380099 262.617023 300.492034 344.019917 401.216992 -9999.0 -9999.0 -9999.0 -9999.0 -9999.0 -9999.0 -9999.0 -9999.0 -9999.0 -9999.0 -9999.0 -9999.0 -9999.0 -9999.0
-9999.0 -9999.0 -9999.0 -9999.0 -9999.0 -9999.0 -9999.0 -9999.0 -9999.0 189.424745 193.836684 201.547926 204.198310 220.442142 218.920774 226.640366 234.994100 262.446225 294.513808 330.660264 360.539593 352.244133 354.024926 366.741777 373.642460 387.964272 411.500247 455.177571 500.157253 544.969586 518.642237 518.193787 539.483097 590.605554 629.128759 639.078673 620.771822 628.349871 657.213653 685.235126 689.375716 690.071212 716.572959 730.927814 733.727383 712.148009 692.652772 688.580733 711.139370 655.284483 583.960340 527.135480 525.617617 491.025685 447.488298 423.104707 418.111898 437.615069 420.546881 381.292651 343.228622 331.698406 313.611592 329.243494 350.747856 396.608337 434.585206 462.440070 461.667174 443.746470 -9999.0 -9999.0 -9999.0 -9999.0 -9999.0 -9999.0 -9999.0 -9999.0 -9999.0 -9999.0
-9999.0 -9999.0 -9999.0 -9999.0 -9999.0 -9999.0 109.976198 119.422233 139.834208 145.463867 170.876613 179.099682 200.509781 220.787622 242.914748 261.041388 293.172640 327.657464 370.949051 417.143544 452.328826 450.654370 464.165776 500.072433 544.814253 579.007928 607.736377 653.225248 736.433897 784.679860 798.022054 805.073685 815.702223 862.781261 926.021810 942.593550 923.010468 909.208981 930.831007 970.804904 986.667049 991.324046 1001.256864 1010.273225 1035.115752 1024.063037 976.755408 955.879934 948.972119 932.927870 873.845050 809.148463 767.680012 713.793991 625.521785 562.998489 562.446139 576.141917 541.953296 483.814863 437.906549 424.183858 406.870904 390.969141 394.822231 412.471314 433.911334 443.932704 430.150637 408.473005 384.809006 355.516029 356.885114 381.977315 -9999.0 -9999.0 -9999.0 -9999.0 -9999.0 -9999.0
-9999.0 -9999.0 -9999.0 -9999.0 59.735727 72.641313 61.185683 85.946383 118.863405 153.308224 186.616411 225.185723 254.030272 285.838322 329.272180 368.894575 415.974305 455.460616 514.883685 589.066078 647.434579 679.261703 701.122488 764.572490 827.653881 880.714009 902.490003 932.184583 978.283002 1045.053741 1074.336808 1082.378564 1100.054054 1131.146069 1174.943440 1206.874032 1191.011144 1184.437213 1191.427412 1204.294762 1231.153847 1234.214035 1236.624778 1238.334810 1241.388789 1239.722138 1213.866361 1178.610293 1164.622493 1155.282877 1128.362418 1060.576560 1012.269668 979.199142 946.985084 895.764306 827.380766 804.940069 744.621559 682.923470 610.849335 581.351542 545.134752 514.727118 480.368162 477.614467 477.350297 454.585027 421.243173 387.772680 371.821172 352.468255 341.508010 371.118652 388.539310 419.118677 -9999.0 -9999.0 -9999.0 -9999.0
-9999.0 -9999.0 0.608154 50.252789 106.977547 116.301348 118.631600 125.122952 153.998327 206.905014 286.604726 341.869628 389.715276 425.878647 490.695147 579.903325 663.586036 718.714415 780.937511 850.639600 913.971986 952.648000 978.594102 1019.466719 1071.005001 1128.164855 1153.278458 1179.334377 1209.757188 1243.316314 1261.341223 1276.566659 1283.739481 1283.258697 1286.008181 1286.137115 1282.055725 1276.628593 1259.608421 1257.373846 1265.658377 1270.627287 1273.313232 1260.539174 1256.477435 1268.935653 1270.758809 1269.006641 1269.147225 1276.678207 1282.369227 1246.524334 1201.200248 1185.246700 1175.781322 1132.611779 1068.541068 1019.783505 994.597893 951.198032 871.541412 816.197694 761.835129 706.869676 646.790365 607.315352 553.828536 506.728824 457.008135 409.031696 384.106614 364.917038 361.937606 361.744809 377.482627 392.748905 407.953076 415.664795 -9999.0 -9999.0
-9999.0 -100.255757 -27.516914 99.912106 180.141414 226.451630 265.086281 294.160092 323.414709 346.634263 459.304160 565.950828 664.558887 703.968622 759.947967 860.760413 960.011068 1006.179443 1041.984977 1093.244218 1149.238113 1195.643193 1225.413722 1246.958917 1277.652555 1284.425278 1285.403300 1287.397697 1282.194384 1275.077535 1265.886682 1272.743754 1269.606408 1251.467954 1235.926416 1232.492598 1225.740475 1200.164461 1172.363860 1158.433913 1161.969826 1184.002380 1173.134720 1153.061121 1149.380203 1169.713004 1187.083266 1178.291655 1167.673461 1186.020812 1220.463463 1242.100140 1255.283841 1270.862930 1291.197614 1266.938684 1235.693984 1193.856147 1173.633179 1143.517919 1081.411917 1017.774423 962.230581 898.923372 830.020679 757.264582 688.346750 620.505228 548.302401 504.003011 470.180721 417.297050 393.763047 394.257053 384.452605 381.257954 387.258487 393.501463 -9999.0 -9999.0
-9999.0 -175.631837 -32.314323 153.758543 303.139424 367.740343 483.325585 571.866383 606.330600 585.321051 701.627273 926.271868 1019.730943 1035.475018 1103.057236 1184.785114 1215.618172 1246.157872 1266.035373 1269.325501 1272.171237 1279.925525 1278.387562 1272.740847 1258.994760 1251.312725 1249.986598 1246.347437 1227.173210 1207.003801 1188.321761 1184.915894 1167.269274 1125.885084 1092.955987 1075.303634 1057.677885 1032.434697 997.057109 970.272735 956.747707 974.304390 965.798783 948.306992 944.589071 967.416483 1000.009125 995.052480 1001.858845 1024.950209 1066.885522 1110.113375 1134.128331 1164.129172 1200.980735 1244.349308 1261.812118 1282.221432 1286.797344 1265.117960 1221.006713 1169.156896 1133.616542 1066.705083 991.158144 909.916992 843.633503 779.687590 707.959458 657.284935 605.527951 544.525540 485.375070 456.768115 415.626010 394.226872 -9999.0 -9999.0 -9999.0 -9999.0
-9999.0 -247.060832 -56.511994 207.354517 477.364900 605.971348 810.287501 943.963076 1011.496733 1071.452799 1083.332157 1208.542902 1239.595446 1233.355755 1224.382283 1226.956972 1241.757522 1245.698518 1242.041128 1231.789213 1221.783703 1217.545359 1215.744737 1208.659461 1196.506021 1181.307464 1167.754726 1152.957701 1110.322796 1075.140026 1040.532511 1025.062766 987.708240 897.109200 853.360204 818.900942 763.184723 752.960639 741.935938 711.853858 691.740905 673.879582 693.505813 695.254271 696.823134 703.519344 723.634356 745.797928 789.658411 826.923532 872.669656 926.826553 962.331014 1006.870186 1055.999778 1116.088438 1149.163606 1179.336230 1225.537125 1265.663684 1288.216037 1277.828020 1247.782638 1201.694660 1129.623254 1056.328085 1002.130731 925.545288 858.485499 806.064166 762.629371 712.291243 643.959593 550.020021 504.502515 -9999.0 -9999.0 -9999.0 -9999.0 -9999.0
-9999.0 -412.454708 -143.977670 150.531922 478.629838 803.800475 924.714281 1070.304760 1144.598966 1097.373880 1090.024587 1116.300902 1157.317944 1165.110035 1145.829796 1138.264371 1128.976760 1129.026746 1141.155061 1113.507498 1080.454225 1065.781364 1064.470383 1052.484933 1029.499047 1011.561917 997.747663 976.057958 925.371874 874.064139 795.121974 766.480740 690.053666 623.526391 573.684904 522.176250 468.900472 465.462322 480.340003 463.476934 440.455069 421.528246 447.456463 463.933848 475.621276 465.911840 475.954294 512.682010 564.094903 611.035349 666.024372 725.799662 775.267969 826.549993 862.136515 916.502337 964.986504 1012.589598 1087.390924 1168.288440 1204.672758 1239.077477 1272.703060 1286.038531 1233.866439 1179.182238 1121.609764 1048.936524 956.604080 910.462141 889.654642 857.724320 805.570445 -9999.0 -9999.0 -9999.0 -9999.0 -9999.0 -9999.0 -9999.0
-9999.0 -543.776349 -316.527070 -74.762344 221.277914 462.881700 652.815248 769.629832 853.586815 864.349097 885.216774 917.474185 949.609478 972.435304 950.470803 913.204463 885.840753 889.416893 886.678956 861.476102 830.615989 815.047322 812.861745 805.206136 779.355929 762.757910 750.043102 725.013095 686.028584 625.811720 540.476940 467.950454 404.002594 367.241111 335.194905 300.881952 262.380545 272.056056 285.390087 280.740564 268.728537 264.658287 294.066251 312.745044 322.946310 310.655398 329.763913 357.313211 400.158199 444.070529 494.852376 552.602226 609.572383 643.749192 663.258838 696.238607 741.634473 800.370467 888.747610 985.273303 1061.771209 1113.525128 1163.957117 1195.044346 1205.921546 1217.956814 1187.348604 1092.749337 953.335827 951.561713 955.942186 -9999.0 -9999.0 -9999.0 -9999.0 -9999.0 -9999.0 -9999.0 -9999.0 -9999.0
-9999.0 -9999.0 -553.114388 -366.789388 -214.036061 -28.454635 124.484485 234.922162 316.919269 415.011892 511.043096 591.912188 636.970549 655.250772 638.098244 598.441050 572.704613 572.064302 561.889183 548.149555 524.438476 514.934849 504.424184 495.895276 483.016978 475.287307 468.683686 455.818767 431.194836 381.918657 328.510544 275.151775 219.921414 193.620153 170.884927 148.044644 144.802227 142.078192 148.355079 149.501799 155.209854 167.143335 187.702463 209.274392 218.853019 226.566805 239.281173 263.246436 296.835627 338.931727 392.794667 450.462373 490.796328 504.870963 497.489028 505.929536 531.123350 580.285016 672.281602 764.948501 860.883379 933.036913 1004.244181 1054.061940 1069.197547 1085.638864 1093.755870 1006.667103 660.667080 871.274298 -9999.0 -9999.0 -9999.0 -9999.0 -9999.0 -9999.0 -9999.0 -9999.0 -9999.0 -9999.0
-9999.0 -9999.0 -9999.0 -9999.0 -510.689331 -352.941033 -257.263819 -173.236945 -48.930081 63.770818 158.801222 237.971298 294.474303 319.372678 310.198338 307.390426 299.780133 295.034971 285.830010 281.363967 276.724951 268.670199 256.156392 248.291780 247.611346 251.010641 248.235299 234.311202 217.016941 190.445053 166.776051 131.186834 93.963724 64.410913 51.039542 44.268952 44.216180 38.212003 47.441872 54.032618 68.958568 84.324248 108.275521 136.794168 149.747359 164.152462 173.978741 194.882959 225.214815 278.379737 341.270067 398.159665 432.978425 437.135239 411.835081 396.756723 394.672310 425.004769 475.623909 550.432302 659.887220 740.041125 804.286650 851.437368 883.444284 926.522071 967.013811 983.773077 -9999.0 -9999.0 -9999.0 -9999.0 -9999.0 -9999.0 -9999.0 -9999.0 -9999.0 -9999.0 -9999.0 -9999.0
-9999.0 -9999.0 -9999.0 -9999.0 -9999.0 -9999.0 -563.056951 -465.424789 -379.090303 -251.566782 -132.728251 -37.811705 38.458439 65.610918 85.634781 109.010774 105.115874 87.727929 70.413324 87.314820 97.851759 92.497225 64.221119 62.852306 66.503208 75.274110 73.538911 67.054401 41.884801 50.540778 49.324172 25.911610 -0.410350 -14.864930 -26.635549 -16.863652 -16.261282 -29.101239 -27.197398 -0.947089 18.910101 32.298678 54.642559 87.792790 119.847497 134.384405 135.506193 141.794556 183.008938 253.324576 323.976641 377.993384 409.260022 416.733249 388.477598 347.739913 326.737138 334.164426 370.205800 425.945077 506.348051 560.507917 594.275320 616.515688 643.821031 737.964166 -9999.0 -9999.0 -9999.0 -9999.0 -9999.0 -9999.0 -9999.0 -9999.0 -9999.0 -9999.0 -9999.0 -9999.0 -9999.0 -9999.0
-9999.0 -9999.0 -9999.0 -9999.0 -9999.0 -9999.0 -9999.0 -9999.0 -9999.0 -9999.0 -9999.0 -9999.0 -9999.0 -9999.0 -9999.0 -9999.0 -9999.0 -9999.0 -9999.0 -9999.0 -9999.0 -9999.0 -9999.0 -9999.0 -9999.0 -9999.0 -9999.0 -9999.0 -9999.0 -9999.0 -9999.0 -9999.0 -9999.0 -9999.0 -9999.0 -9999.0 -9999.0 -9999.0 -9999.0 -9999.0 -9999.0 -9999.0 -9999.0 -9999.0 -9999.0 -9999.0 -9999.0 -9999.0 -9999.0 -9999.0 -9999.0 -9999.0 -9999.0 -9999.0 -9999.0 -9999.0 -9999.0 -9999.0 -9999.0 -9999.0 -9999.0 -9999.0 -9999.0 -9999.0 -9999.0 -9999.0 -9999.0 -9999.0 -9999.0 -9999.0 -9999.0 -9999.0 -9999.0 -9999.0 -9999.0 -9999.0 -9999.0 -9999.0 -9999.0 -9999.0
-9999.0 -9999.0 -9999.0 -9999.0 -9999.0 -9999.0 -9999.0 -9999.0 -9999.0 -9999.0 -9999.0 -9999.0 -9999.0 -9999.0 -9999.0 -9999.0 -9999.0 -9999.0 -9999.0 -9999.0 -9999.0 -9999.0 -9999.0 -9999.0 -9999.0 -9999.0 -9999.0 -9999.0 -9999.0 -9999.0 -9999.0 -9999.0 -9999.0 -9999.0 -9999.0 -9999.0 -9999.0 -9999.0 -9999.0 -9999.0 -9999.0 -9999.0 -9999.0 -9999.0 -9999.0 -9999.0 -9999.0 -9999.0 -9999.0 -9999.0 -9999.0 -9999.0 -9999.0 -9999.0 -9999.0 -9999.0 -9999.0 -9999.0 -9999.0 -9999.0 -9999.0 -9999.0 -9999.0 -9999.0 -9999.0 -9999.0 -9999.0 -9999.0 -9999.0 -9999.0 -9999.0 -9999.0 -9999.0 -9999.0 -9999.0 -9999.0 -9999.0 -9999.0 -9999.0 -9999.0