Borden_/Borden1m_014/output_maps/psiliqL0025N0014.asc
ncols         80
nrows         18
xllcorner     620200.000000
yllcorner     5168000.000000
cellsize      1.000000
NODATA_value  -9999.0
-9999.0 -9999.0 -9999.0 -9999.0 -9999.0 -9999.0 -9999.0 -9999.0 -9999.0 -9999.0 -9999.0 -9999.0 -9999.0 -9999.0 -9999.0 -9999.0 -9999.0 -9999.0 -9999.0 -9999.0 -9999.0 -9999.0 -9999.0 -9999.0 -9999.0 -9999.0 -9999.0 -9999.0 -9999.0 -9999.0 -9999.0 -9999.0 -9999.0 -9999.0 -9999.0 -9999.0 -9999.0 -9999.0 -9999.0 -9999.0 -9999.0 -9999.0 -9999.0 -9999.0 -9999.0 -9999.0 -9999.0 -9999.0 -9999.0 -9999.0 -9999.0 -9999.0 -9999.0 -9999.0 -9999.0 -9999.0 -9999.0 -9999.0 -9999.0 -9999.0 -9999.0 -9999.0 -9999.0 -9999.0 -9999.0 -9999.0 -9999.0 -9999.0 -9999.0 -9999.0 -9999.0 -9999.0 -9999.0 -9999.0 -9999.0 -9999.0 -9999.0 -9999.0 -9999.0 -9999.0
-9999.0 -9999.0 -9999.0 -9999.0 -9999.0 -9999.0 -9999.0 -9999.0 -9999.0 -9999.0 -9999.0 -9999.0 -9999.0 -9999.0 -9999.0 -9999.0 -9999.0 -9999.0 -9999.0 -9999.0 -9999.0 -9999.0 -9999.0 -9999.0 -9999.0 -9999.0 -9999.0 -9999.0 -9999.0 -9999.0 -9999.0 -9999.0 -9999.0 -9999.0 -9999.0 -9999.0 -9999.0 -9999.0 -9999.0 -9999.0 -9999.0 -9999.0 -9999.0 -9999.0 -9999.0 -9999.0 -9999.0 -9999.0 -9999.0 -9999.0 -9999.0 -9999.0 -9999.0 -9999.0 -9999.0 -9999.0 -9999.0 -9999.0 -9999.0 -9999.0 -9999.0 -9999.0 -9999.0 -9999.0 -9999.0 -9999.0 -9999.0 -9999.0 -9999.0 -9999.0 -9999.0 -9999.0 -9999.0 -9999.0 -9999.0 -9999.0 -9999.0 -9999.0 -9999.0 -9999.0
-9999.0 -9999.0 -9999.0 -9999.0 -9999.0 -9999.0 -9999.0 -9999.0 -9999.0 -9999.0 -9999.0 -9999.0 -9999.0 -9999.0 -9999.0 -9999.0 -9999.0 -9999.0 -9999.0 -9999.0 3125.393914 3126.392102 3104.541981 3070.277943 3041.818515 3043.375905 3076.063017 3116.326088 3154.677840 3161.872335 3142.550017 3145.936812 3141.186976 3136.626093 3136.712567 3144.134592 3150.383667 3159.988677 3166.830551 3164.469436 3157.056118 3151.915426 3154.213302 3155.855582 3162.050543 3147.932057 3163.844102 3179.705712 3184.634860 3182.009739 3158.774760 3146.951881 3139.294293 3124.123103 3150.883811 3162.891881 3186.392412 3191.307819 3189.678749 3163.422568 3133.581448 -9999.0 -9999.0 -9999.0 -9999.0 -9999.0 -9999.0 -9999.0 -9999.0 -9999.0 -9999.0 -9999.0 -9999.0 -9999.0 -9999.0 -9999.0 -9999.0 -9999.0 -9999.0 -9999.0
-9999.0 -9999.0 -9999.0 -9999.0 -9999.0 -9999.0 -9999.0 -9999.0 -9999.0 -9999.0 -9999.0 -9999.0 -9999.0 -9999.0 3035.688069 3026.697952 3023.542797 3030.557097 3062.722724 3092.637762 3104.207320 3096.486809 3096.002963 3070.991109 3047.886372 3060.096085 3088.944636 3118.849643 3151.648411 3168.589258 3157.095823 3154.108776 3160.804886 3179.835830 3187.735094 3183.900275 3166.439190 3189.939418 3203.004010 3207.356787 3205.203016 3195.270480 3204.088711 3218.048485 3210.994148 3195.782113 3206.561273 3221.566777 3232.685280 3224.619317 3167.284808 3155.384828 3152.778574 3149.221018 3136.756066 3133.315807 3161.987168 3162.158562 3155.415661 3138.692046 3105.903226 3061.071717 3042.700811 3083.697720 3127.849124 3184.501500 -9999.0 -9999.0 -9999.0 -9999.0 -9999.0 -9999.0 -9999.0 -9999.0 -9999.0 -9999.0 -9999.0 -9999.0 -9999.0 -9999.0
-9999.0 -9999.0 -9999.0 -9999.0 -9999.0 -9999.0 -9999.0 -9999.0 -9999.0 2980.511684 2984.373247 2991.013770 2993.075064 3007.848925 3004.382169 3010.881355 3014.578270 3041.194020 3070.140665 3103.096815 3129.575682 3119.789895 3118.011765 3121.664403 3115.992992 3123.360236 3143.064424 3178.795541 3209.727323 3244.552216 3210.823592 3205.639362 3222.773694 3263.856845 3286.976037 3288.860130 3270.106212 3286.162071 3309.413930 3325.060023 3321.413880 3315.386741 3341.044858 3356.056919 3350.313804 3329.049499 3327.476494 3334.878690 3364.149180 3314.022717 3248.896724 3210.740560 3226.705115 3205.918653 3180.166476 3169.783285 3170.968613 3191.819558 3180.631567 3147.563148 3114.846349 3103.868274 3087.742217 3109.227762 3133.106610 3179.975256 3220.245700 3250.417482 3250.302519 3233.340391 -9999.0 -9999.0 -9999.0 -9999.0 -9999.0 -9999.0 -9999.0 -9999.0 -9999.0 -9999.0
-9999.0 -9999.0 -9999.0 -9999.0 -9999.0 -9999.0 2901.993944 2912.337901 2932.897546 2935.473967 2961.622590 2966.650815 2982.451298 2999.098058 3020.137961 3032.388986 3056.802846 3085.951655 3121.268630 3158.226595 3184.755787 3173.088080 3177.591716 3196.726036 3223.214472 3241.852010 3263.804578 3300.811609 3372.292740 3408.179522 3401.044751 3401.722491 3409.797175 3459.762699 3523.443012 3534.430814 3513.829810 3500.686429 3523.974791 3561.103100 3559.388133 3558.195485 3571.029635 3581.716550 3608.468350 3597.798405 3561.987421 3556.391517 3562.804210 3540.668584 3472.615830 3415.720591 3396.882339 3350.875216 3268.620666 3226.047358 3249.531268 3277.572364 3256.341965 3207.578999 3175.995186 3171.157401 3160.776655 3154.417404 3167.371571 3190.712620 3215.287170 3229.623635 3218.262807 3197.899706 3176.602604 3148.741658 3151.602046 3176.761768 -9999.0 -9999.0 -9999.0 -9999.0 -9999.0 -9999.0
-9999.0 -9999.0 -9999.0 -9999.0 2852.618764 2865.292695 2850.408173 2876.190406 2907.811540 2940.975163 2968.141179 2996.187186 3018.549200 3044.415969 3076.869392 3098.455248 3129.869196 3158.631823 3204.687817 3265.128149 3308.775901 3321.882284 3329.934037 3380.463206 3436.300071 3483.099228 3501.523482 3527.064873 3572.221619 3628.402855 3650.619015 3653.457119 3670.331354 3713.083060 3768.771837 3803.708305 3786.153406 3777.224052 3787.068447 3801.154632 3823.289694 3823.365070 3824.476647 3828.499737 3835.999697 3834.341985 3807.998729 3774.697116 3761.800752 3751.820212 3714.377032 3642.743552 3612.420047 3583.861629 3542.205231 3488.603710 3440.952222 3441.780064 3387.779673 3333.526296 3283.875561 3276.039628 3256.113719 3240.572141 3223.449059 3235.932587 3248.126415 3233.478019 3204.070018 3175.225651 3162.573059 3145.336143 3134.403508 3165.765460 3183.818539 3213.514515 -9999.0 -9999.0 -9999.0 -9999.0
-9999.0 -9999.0 2794.027793 2839.243079 2895.842724 2901.607812 2894.819456 2897.233948 2923.040263 2971.659561 3029.824823 3066.161015 3094.411842 3123.578749 3172.995845 3234.586563 3293.852157 3335.625813 3392.726392 3461.284583 3519.911471 3546.566820 3555.388151 3590.636935 3644.880505 3713.303537 3741.077363 3767.338581 3798.830870 3834.931573 3827.813798 3838.649875 3850.850955 3863.086297 3877.565976 3884.434425 3879.651992 3875.068547 3856.557142 3851.464854 3857.966482 3865.818442 3864.945779 3850.339385 3846.372476 3861.298529 3867.415118 3865.411392 3862.720929 3867.726357 3863.640192 3815.823297 3797.271665 3782.201657 3770.767032 3724.868285 3658.535014 3626.054439 3604.927896 3564.350896 3491.362829 3453.819202 3414.644595 3380.096546 3342.815865 3329.598131 3297.365431 3265.536971 3227.164802 3186.760231 3168.044036 3153.980679 3153.871608 3154.824153 3172.744716 3188.596786 3204.642976 3212.758048 -9999.0 -9999.0
-9999.0 2693.780409 2765.776978 2876.727892 2953.710756 2987.984527 2996.517594 2999.393683 3023.258238 3053.541811 3139.483027 3189.652492 3271.599128 3307.812582 3347.926270 3437.269547 3530.548953 3573.318838 3611.644847 3674.414021 3739.426564 3786.175398 3812.328709 3792.971746 3831.945066 3860.481445 3868.211058 3874.941412 3874.674568 3866.189874 3859.585413 3866.295191 3863.378850 3844.289736 3828.301612 3826.583037 3823.200845 3799.964649 3772.501995 3757.130133 3758.616237 3783.478014 3770.425439 3749.090486 3744.690640 3766.289257 3787.500980 3776.865416 3763.749567 3780.296822 3814.771808 3839.384212 3841.010370 3859.408075 3880.491617 3851.661842 3829.961466 3786.402779 3769.593011 3744.264434 3687.729858 3633.008771 3585.154790 3536.818051 3484.623578 3435.698727 3388.340649 3341.423766 3288.445886 3255.958740 3231.864581 3189.247461 3176.597629 3183.220785 3178.450544 3177.147567 3183.954600 3190.607775 -9999.0 -9999.0
-9999.0 2598.571957 2738.664874 2904.610846 3044.532621 3084.253817 3146.289829 3201.003508 3213.992719 3159.844606 3259.118057 3474.245902 3593.484619 3610.183289 3684.693797 3778.524026 3763.110411 3794.088209 3816.921359 3841.453819 3861.200299 3875.062600 3873.223381 3867.927384 3851.517898 3843.531336 3842.672618 3840.591510 3823.284035 3804.410097 3787.668840 3784.605513 3766.836299 3717.940884 3684.947450 3667.725543 3649.226496 3635.678759 3608.325262 3582.501139 3566.288718 3577.088333 3574.990007 3561.311787 3556.887790 3575.142015 3605.968234 3603.704725 3614.990541 3634.481642 3669.855620 3707.693054 3726.859485 3755.791767 3791.253971 3838.763542 3847.873756 3870.210800 3873.258288 3862.302961 3816.132310 3764.906053 3735.665600 3680.620076 3621.172840 3559.591016 3511.031788 3466.569975 3411.734150 3377.785265 3338.728499 3285.513793 3242.575318 3234.651554 3201.417888 3188.303216 -9999.0 -9999.0 -9999.0 -9999.0
-9999.0 2497.890318 2678.697246 2905.350018 3194.068862 3265.863514 3465.009009 3577.986242 3616.498178 3682.792576 3569.662311 3770.638802 3821.701729 3816.254546 3830.374846 3833.301583 3847.384858 3846.842750 3841.773799 3830.831200 3821.343876 3816.849798 3815.758852 3807.864983 3795.284808 3780.718282 3768.878469 3757.563500 3721.177891 3689.467148 3650.787614 3638.469468 3594.695839 3503.499992 3464.963134 3427.032891 3367.037580 3369.349167 3376.246763 3352.442440 3333.107914 3305.654801 3334.689974 3344.942818 3348.924804 3344.815570 3354.708042 3382.565212 3429.632787 3463.562334 3502.193996 3549.724832 3579.828128 3618.717669 3658.456597 3710.478823 3741.341996 3770.055578 3818.507430 3855.404613 3878.032646 3864.258341 3845.301735 3801.127210 3741.164656 3692.025244 3663.358141 3613.307269 3570.032586 3526.620989 3480.399469 3427.890276 3366.756091 3313.300391 3279.502523 -9999.0 -9999.0 -9999.0 -9999.0 -9999.0
-9999.0 2277.711408 2542.473462 2795.259063 3067.754411 3405.977533 3572.398347 3667.056270 3729.478141 3710.306878 3731.674897 3738.497917 3775.336828 3782.284147 3760.833614 3747.253304 3730.007751 3728.919129 3741.949252 3714.799921 3684.800353 3671.596098 3672.469938 3661.774964 3638.110840 3623.245794 3613.967682 3595.720131 3552.872176 3503.263668 3420.176020 3386.721876 3309.214278 3270.301358 3234.196886 3187.953628 3144.306506 3149.987310 3174.100586 3165.475299 3145.029682 3128.220331 3157.417502 3177.535366 3190.578799 3174.590937 3181.146163 3215.142142 3261.105944 3300.950263 3344.282224 3391.667379 3432.912780 3471.881393 3492.930322 3532.355089 3574.089960 3615.318050 3684.935558 3762.546689 3797.976347 3832.274699 3861.490181 3883.233979 3840.582829 3814.014452 3790.548806 3767.408046 3721.577144 3676.424756 3635.904988 3571.880332 3512.385743 -9999.0 -9999.0 -9999.0 -9999.0 -9999.0 -9999.0 -9999.0
-9999.0 2164.661013 2360.170160 2555.333410 2786.337852 3011.424776 3228.796936 3318.854212 3388.324278 3456.331464 3508.322290 3545.266079 3571.001630 3592.321517 3569.679007 3524.233946 3492.341574 3497.239598 3488.724770 3467.716701 3440.212989 3427.433942 3425.006516 3420.349875 3399.287506 3389.142783 3382.535836 3364.827111 3339.646445 3287.712902 3216.990877 3145.590298 3092.616111 3073.398757 3051.353900 3025.069256 2998.684545 3012.343057 3025.378544 3025.567486 3019.189643 3019.460547 3048.504255 3068.272024 3077.700489 3066.698507 3084.683229 3107.599031 3144.196707 3182.625329 3226.673699 3276.090091 3323.834480 3343.666240 3345.758123 3357.335192 3384.722275 3427.645779 3503.493802 3588.921385 3665.531229 3710.536375 3760.941933 3800.542421 3828.252423 3853.861288 3875.674752 3868.291492 3842.720555 3809.611182 3751.425065 -9999.0 -9999.0 -9999.0 -9999.0 -9999.0 -9999.0 -9999.0 -9999.0 -9999.0
-9999.0 -9999.0 2134.228832 2289.141616 2390.263045 2556.327469 2704.343341 2817.778738 2867.653329 3000.321038 3120.198191 3211.613449 3257.214945 3272.632512 3258.698812 3230.117884 3212.792744 3212.471327 3201.000330 3194.691917 3180.414067 3175.353608 3164.407224 3157.430404 3153.604513 3153.333685 3151.605891 3144.115698 3128.105169 3087.624162 3051.339358 3007.897236 2966.941581 2945.977826 2928.462321 2912.028448 2916.526340 2912.246201 2918.233014 2921.501605 2931.341593 2945.664771 2965.118242 2984.834303 2994.397324 3004.343818 3014.997595 3036.293847 3065.841521 3105.389154 3156.082196 3209.939135 3245.169446 3251.546513 3233.308308 3228.100293 3236.047915 3264.623618 3327.604280 3396.225909 3484.977919 3549.827209 3616.370372 3671.873408 3698.266819 3734.639104 3804.247298 3852.228509 3893.924549 3871.565417 -9999.0 -9999.0 -9999.0 -9999.0 -9999.0 -9999.0 -9999.0 -9999.0 -9999.0 -9999.0
-9999.0 -9999.0 -9999.0 -9999.0 2151.306477 2300.067785 2399.256125 2481.746128 2618.331665 2752.538746 2805.759653 2891.735730 2959.831700 2979.204382 2979.689067 2995.914611 2994.895543 2985.957938 2975.320080 2980.238752 2985.273244 2979.534867 2969.118102 2963.558661 2968.241043 2977.114693 2976.592707 2965.210507 2948.861699 2936.002653 2924.442389 2895.351727 2864.702483 2838.931319 2828.473660 2826.667216 2827.899230 2820.965198 2830.041426 2839.406632 2855.684435 2871.008708 2894.559186 2924.151083 2938.749775 2953.261924 2961.617285 2979.813776 3005.639337 3056.653476 3117.788972 3173.660744 3206.813407 3206.794441 3177.898536 3155.883377 3143.191628 3160.326776 3189.196520 3239.757901 3328.443770 3390.126534 3435.397309 3474.128743 3510.320344 3574.896275 3668.581477 3749.383004 -9999.0 -9999.0 -9999.0 -9999.0 -9999.0 -9999.0 -9999.0 -9999.0 -9999.0 -9999.0 -9999.0 -9999.0
-9999.0 -9999.0 -9999.0 -9999.0 -9999.0 -9999.0 2129.390127 2236.515568 2306.392037 2461.961974 2609.633353 2720.525001 2806.573591 2844.097028 2818.567732 2848.653115 2849.153253 2828.969126 2807.274587 2829.201923 2848.592789 2842.558279 2810.725174 2812.933056 2820.979527 2830.143047 2829.171056 2825.059427 2802.557110 2821.336382 2827.901285 2807.571755 2784.583145 2800.580366 2788.778886 2798.211539 2797.905574 2783.209273 2782.027358 2791.210990 2812.549188 2825.576706 2846.632339 2879.795909 2912.164875 2927.622524 2928.198889 2932.493386 2968.729274 3034.270592 3104.637031 3159.057341 3189.376478 3193.730977 3162.716616 3117.607569 3091.118937 3089.633231 3113.496317 3152.409398 3212.953757 3248.794534 3259.664074 3260.559184 3272.548821 3371.403121 -9999.0 -9999.0 -9999.0 -9999.0 -9999.0 -9999.0 -9999.0 -9999.0 -9999.0 -9999.0 -9999.0 -9999.0 -9999.0 -9999.0
-9999.0 -9999.0 -9999.0 -9999.0 -9999.0 -9999.0 -9999.0 -9999.0 -9999.0 -9999.0 -9999.0 -9999.0 -9999.0 -9999.0 -9999.0 -9999.0 -9999.0 -9999.0 -9999.0 -9999.0 -9999.0 -9999.0 -9999.0 -9999.0 -9999.0 -9999.0 -9999.0 -9999.0 -9999.0 -9999.0 -9999.0 -9999.0 -9999.0 -9999.0 -9999.0 -9999.0 -9999.0 -9999.0 -9999.0 -9999.0 -9999.0 -9999.0 -9999.0 -9999.0 -9999.0 -9999.0 -9999.0 -9999.0 -9999.0 -9999.0 -9999.0 -9999.0 -9999.0 -9999.0 -9999.0 -9999.0 -9999.0 -9999.0 -9999.0 -9999.0 -9999.0 -9999.0 -9999.0 -9999.0 -9999.0 -9999.0 -9999.0 -9999.0 -9999.0 -9999.0 -9999.0 -9999.0 -9999.0 -9999.0 -9999.0 -9999.0 -9999.0 -9999.0 -9999.0 -9999.0
-9999.0 -9999.0 -9999.0 -9999.0 -9999.0 -9999.0 -9999.0 -9999.0 -9999.0 -9999.0 -9999.0 -9999.0 -9999.0 -9999.0 -9999.0 -9999.0 -9999.0 -9999.0 -9999.0 -9999.0 -9999.0 -9999.0 -9999.0 -9999.0 -9999.0 -9999.0 -9999.0 -9999.0 -9999.0 -9999.0 -9999.0 -9999.0 -9999.0 -9999.0 -9999.0 -9999.0 -9999.0 -9999.0 -9999.0 -9999.0 -9999.0 -9999.0 -9999.0 -9999.0 -9999.0 -9999.0 -9999.0 -9999.0 -9999.0 -9999.0 -9999.0 -9999.0 -9999.0 -9999.0 -9999.0 -9999.0 -9999.0 -9999.0 -9999.0 -9999.0 -9999.0 -9999.0 -9999.0 -9999.0 -9999.0 -9999.0 -9999.0 -9999.0 -9999.0 -9999.0 -9999.0 -9999.0 -9999.0 -9999.0 -9999.0 -9999.0 -9999.0 -9999.0 -9999.0 -9999.0