Borden_/Borden1m_014/output_maps/psiliqL0009N0024.asc
ncols         80
nrows         18
xllcorner     620200.000000
yllcorner     5168000.000000
cellsize      1.000000
NODATA_value  -9999.0
-9999.0 -9999.0 -9999.0 -9999.0 -9999.0 -9999.0 -9999.0 -9999.0 -9999.0 -9999.0 -9999.0 -9999.0 -9999.0 -9999.0 -9999.0 -9999.0 -9999.0 -9999.0 -9999.0 -9999.0 -9999.0 -9999.0 -9999.0 -9999.0 -9999.0 -9999.0 -9999.0 -9999.0 -9999.0 -9999.0 -9999.0 -9999.0 -9999.0 -9999.0 -9999.0 -9999.0 -9999.0 -9999.0 -9999.0 -9999.0 -9999.0 -9999.0 -9999.0 -9999.0 -9999.0 -9999.0 -9999.0 -9999.0 -9999.0 -9999.0 -9999.0 -9999.0 -9999.0 -9999.0 -9999.0 -9999.0 -9999.0 -9999.0 -9999.0 -9999.0 -9999.0 -9999.0 -9999.0 -9999.0 -9999.0 -9999.0 -9999.0 -9999.0 -9999.0 -9999.0 -9999.0 -9999.0 -9999.0 -9999.0 -9999.0 -9999.0 -9999.0 -9999.0 -9999.0 -9999.0
-9999.0 -9999.0 -9999.0 -9999.0 -9999.0 -9999.0 -9999.0 -9999.0 -9999.0 -9999.0 -9999.0 -9999.0 -9999.0 -9999.0 -9999.0 -9999.0 -9999.0 -9999.0 -9999.0 -9999.0 -9999.0 -9999.0 -9999.0 -9999.0 -9999.0 -9999.0 -9999.0 -9999.0 -9999.0 -9999.0 -9999.0 -9999.0 -9999.0 -9999.0 -9999.0 -9999.0 -9999.0 -9999.0 -9999.0 -9999.0 -9999.0 -9999.0 -9999.0 -9999.0 -9999.0 -9999.0 -9999.0 -9999.0 -9999.0 -9999.0 -9999.0 -9999.0 -9999.0 -9999.0 -9999.0 -9999.0 -9999.0 -9999.0 -9999.0 -9999.0 -9999.0 -9999.0 -9999.0 -9999.0 -9999.0 -9999.0 -9999.0 -9999.0 -9999.0 -9999.0 -9999.0 -9999.0 -9999.0 -9999.0 -9999.0 -9999.0 -9999.0 -9999.0 -9999.0 -9999.0
-9999.0 -9999.0 -9999.0 -9999.0 -9999.0 -9999.0 -9999.0 -9999.0 -9999.0 -9999.0 -9999.0 -9999.0 -9999.0 -9999.0 -9999.0 -9999.0 -9999.0 -9999.0 -9999.0 -9999.0 -66.456832 -63.435160 -85.928310 -119.751421 -147.987441 -145.803638 -110.510631 -69.070165 -30.726174 -19.820969 -37.411618 -35.422935 -40.014263 -39.901184 -36.588562 -30.207191 -27.136768 -15.439931 -6.635305 -6.545363 -12.395512 -17.747091 -18.396718 -14.719915 -9.718634 -19.312037 -6.109686 8.963557 14.843362 8.980922 -19.202385 -35.754431 -44.684469 -59.872060 -35.912231 -23.840672 -1.146783 2.900063 1.344979 -25.918707 -56.110803 -9999.0 -9999.0 -9999.0 -9999.0 -9999.0 -9999.0 -9999.0 -9999.0 -9999.0 -9999.0 -9999.0 -9999.0 -9999.0 -9999.0 -9999.0 -9999.0 -9999.0 -9999.0 -9999.0
-9999.0 -9999.0 -9999.0 -9999.0 -9999.0 -9999.0 -9999.0 -9999.0 -9999.0 -9999.0 -9999.0 -9999.0 -9999.0 -9999.0 -157.410818 -167.470363 -170.386910 -161.704608 -127.674887 -97.474426 -84.857367 -92.279200 -92.125406 -115.404472 -135.358897 -120.861813 -91.007228 -58.969311 -23.750326 -2.185175 -13.917608 -15.859352 -4.545539 23.849709 39.312630 37.227169 16.089163 39.207096 56.250951 66.753555 66.796730 58.892278 74.489294 91.670502 84.904673 66.028560 68.270517 79.350361 93.210426 76.335607 9.379483 -13.097776 -17.776504 -25.585385 -39.955097 -47.107541 -22.670859 -22.173216 -30.769658 -49.008701 -81.465058 -125.604147 -143.705671 -105.273592 -61.030176 -3.184468 -9999.0 -9999.0 -9999.0 -9999.0 -9999.0 -9999.0 -9999.0 -9999.0 -9999.0 -9999.0 -9999.0 -9999.0 -9999.0 -9999.0
-9999.0 -9999.0 -9999.0 -9999.0 -9999.0 -9999.0 -9999.0 -9999.0 -9999.0 -214.664431 -210.935290 -203.821383 -201.953833 -186.262200 -188.019128 -180.947979 -172.952652 -146.380329 -114.875455 -79.374028 -50.132571 -59.486635 -58.460846 -45.576815 -38.028158 -24.115550 -1.800509 41.092681 87.272287 133.200313 107.045723 106.880646 128.951407 181.728917 222.939564 234.827348 213.871292 218.482102 246.935179 276.391413 280.207014 280.791534 310.713357 328.003434 333.684734 309.181971 284.466443 280.224567 307.160853 247.427089 175.647536 117.474755 114.089353 78.021857 33.244960 8.964207 4.753910 25.561567 9.035986 -29.590740 -66.826692 -77.023037 -94.074624 -77.983020 -55.619028 -8.823774 29.744550 58.324730 58.406187 40.997689 -9999.0 -9999.0 -9999.0 -9999.0 -9999.0 -9999.0 -9999.0 -9999.0 -9999.0 -9999.0
-9999.0 -9999.0 -9999.0 -9999.0 -9999.0 -9999.0 -293.189897 -284.389120 -264.716502 -259.349716 -234.949137 -227.423657 -206.811256 -187.257420 -166.221615 -148.781118 -117.263502 -83.745622 -40.959788 4.823230 39.209508 36.847182 50.017293 88.755132 136.919223 172.622338 200.607646 247.158649 341.903060 399.095246 418.348408 428.219051 441.125914 485.390472 547.715230 572.685299 543.310092 525.431518 543.387780 582.358896 606.280336 611.609652 621.228496 630.501994 655.584592 643.616449 587.824379 565.145892 558.889155 545.930135 493.151142 432.293895 381.125733 317.108236 220.658417 156.167971 153.889818 166.573842 130.608872 71.857120 25.983640 13.291894 -3.027803 -18.365958 -13.772420 5.046180 27.909596 39.014236 26.310973 5.554036 -17.539069 -46.332102 -44.671921 -19.297902 -9999.0 -9999.0 -9999.0 -9999.0 -9999.0 -9999.0
-9999.0 -9999.0 -9999.0 -9999.0 -342.821135 -330.476465 -342.288718 -318.638872 -286.726538 -253.492977 -220.990596 -183.276446 -155.581659 -124.918751 -82.003468 -42.452583 3.974361 43.343628 104.627981 180.361967 239.824270 274.054902 300.672529 378.285231 448.858335 500.239682 518.928375 546.358264 593.928642 669.098518 700.943408 709.126754 725.989378 756.590846 799.195019 832.817590 814.483689 807.116080 810.720089 821.537704 848.641339 851.234632 853.496357 854.960689 857.668896 856.317718 830.524994 796.574462 782.962081 774.522645 748.506747 685.501968 628.753162 591.972222 561.317146 515.523315 450.550896 424.190501 354.204000 282.156684 204.465232 173.573212 135.942973 104.529848 69.993741 68.140090 69.212476 48.137404 16.550698 -15.844268 -31.002823 -49.754325 -60.066760 -30.242271 -12.566434 18.371448 -9999.0 -9999.0 -9999.0 -9999.0
-9999.0 -9999.0 -400.938301 -351.151015 -295.284675 -286.755421 -284.767056 -279.676313 -252.542741 -201.254271 -121.613940 -67.056740 -19.771422 14.929374 80.934914 172.888232 260.581995 324.565470 398.081306 469.654059 529.442467 567.623270 601.787787 644.997240 695.182905 750.997238 773.634872 798.986181 828.873194 862.182871 883.641758 899.237172 905.972926 904.190857 906.493321 906.192008 902.223920 896.053026 877.749577 874.739748 882.255535 885.509690 888.786804 876.651930 872.767129 884.869221 886.448510 886.019212 887.219538 895.227095 902.723813 869.595346 820.127531 803.858955 793.387699 754.861186 693.687562 638.705974 609.910978 566.325304 490.563136 437.448313 375.978504 308.943190 241.169643 198.866704 144.880180 99.540170 51.702744 5.085712 -18.990702 -37.735478 -40.225749 -39.849806 -23.853917 -8.250146 7.171290 14.994385 -9999.0 -9999.0
-9999.0 -500.234776 -427.680651 -300.139909 -221.071530 -175.566464 -135.232361 -105.994677 -79.804604 -61.290983 52.651251 165.871650 267.792223 311.087253 378.622037 482.861194 586.021841 632.356291 667.460551 718.238122 772.269366 816.159017 845.870844 872.380479 901.393568 904.379095 904.148657 904.907457 899.097912 892.056769 882.619318 889.626933 887.093165 870.491866 856.656635 854.148587 847.588836 820.642049 791.153711 776.229513 778.704941 797.355840 788.201821 769.743405 766.305955 785.417698 801.635764 795.727847 786.041076 804.530210 838.601647 860.446615 874.998018 889.911793 910.082422 887.076457 855.523574 814.072811 792.072530 764.228401 699.664952 636.481915 581.054740 517.713769 451.286782 372.636954 292.527131 220.651051 147.411234 103.116370 69.230988 15.702689 -8.436427 -7.692049 -17.268352 -20.019077 -13.588255 -7.184585 -9999.0 -9999.0
-9999.0 -572.838856 -429.481231 -243.411954 -95.313594 -30.472966 91.784715 180.993853 214.570792 194.011070 324.759313 560.170076 648.996645 662.614938 729.209226 808.135538 844.223301 873.384976 892.468291 892.415251 892.873295 898.410358 896.045725 890.014841 876.266423 868.473858 867.288596 863.675463 844.402647 824.824071 807.065183 803.062991 785.924933 748.455667 718.604051 703.086540 685.357134 650.894478 610.109407 580.244188 565.345856 582.190775 573.605000 556.708293 553.304869 576.302471 610.100687 607.279439 616.201724 641.140442 683.859056 730.840148 754.877421 784.185231 820.507153 862.949178 881.359226 901.472826 906.176350 883.602084 840.135182 789.292660 756.384239 687.508703 614.861311 536.204214 474.647700 415.534269 336.160629 274.080541 214.797156 149.013485 85.863259 54.975807 14.075750 -7.344428 -9999.0 -9999.0 -9999.0 -9999.0
-9999.0 -639.975398 -448.787843 -182.971175 81.481107 221.759551 437.235536 572.396236 649.966141 696.575295 728.549801 842.029157 868.085267 859.345028 845.980522 847.614462 861.598003 865.612661 862.327044 852.584927 842.241102 836.282513 833.086121 827.878490 815.465204 800.032515 786.589490 771.479858 724.612663 689.884942 657.216280 639.686473 601.571075 514.702869 475.572748 444.327873 384.610693 368.743442 351.250600 313.424313 288.762015 270.085423 290.390279 290.763337 291.936939 302.049028 328.389960 354.574985 404.786243 445.753135 489.238749 541.748276 577.678297 623.686242 673.714604 737.066536 769.702326 799.769276 842.669393 883.999210 906.821713 897.936438 868.621941 824.004411 758.353916 686.325410 639.027472 572.530702 508.172658 454.596910 408.022680 345.026175 258.355132 149.343058 103.059188 -9999.0 -9999.0 -9999.0 -9999.0 -9999.0
-9999.0 -796.987249 -529.311168 -232.327683 102.938354 436.224603 554.564933 718.069450 793.250223 734.768163 711.412193 740.881529 781.054623 786.565770 766.821716 760.336989 752.460865 752.900184 765.755111 739.151208 702.390200 686.711255 684.614225 671.752749 646.804061 626.914292 611.675250 589.238708 538.410646 491.066393 417.068208 384.022782 295.991168 219.586528 168.622878 117.453193 62.318019 58.008986 71.870084 53.446846 29.804395 10.449854 36.209931 51.988058 63.249690 54.120269 64.596975 101.656324 153.770027 201.114361 258.008865 325.515661 384.273582 443.546943 478.714136 531.145669 579.224393 629.136877 703.521437 786.048962 823.387540 859.079857 894.947774 910.801236 864.650420 816.210032 769.586228 714.939801 628.081598 574.354746 543.963831 502.870880 446.692390 -9999.0 -9999.0 -9999.0 -9999.0 -9999.0 -9999.0 -9999.0
-9999.0 -930.152782 -699.767498 -453.081304 -152.362048 90.917995 288.755823 416.743678 507.227370 497.172949 506.614671 533.820438 563.314691 584.542142 563.016379 529.280222 504.993111 509.359404 508.783870 486.035217 457.518577 443.290896 441.190927 431.571558 400.199109 379.144906 363.144872 332.898784 285.928210 221.574683 134.423834 62.194662 -3.440610 -41.232619 -72.710188 -106.682328 -146.178998 -136.126578 -122.043239 -126.999814 -139.580652 -144.144882 -114.594028 -96.223246 -86.184725 -99.091405 -80.422582 -53.124513 -10.676769 32.163198 81.689322 138.721163 195.898741 231.666163 252.739372 290.554822 346.387237 416.669998 504.484706 601.825243 679.180035 735.930303 787.788195 820.891109 838.375379 858.742241 844.560731 780.192334 669.318939 641.049607 622.159789 -9999.0 -9999.0 -9999.0 -9999.0 -9999.0 -9999.0 -9999.0 -9999.0 -9999.0
-9999.0 -9999.0 -936.286369 -747.281956 -589.343400 -403.404519 -251.556566 -141.258519 -63.758595 27.997415 118.925240 196.033893 240.008826 258.476774 239.061363 196.969074 170.441025 170.401353 160.943689 146.771764 122.197674 112.331104 102.028169 92.999814 78.050748 69.090141 62.115858 48.919347 23.824811 -25.190855 -79.024643 -132.196142 -187.712659 -213.461710 -235.766254 -258.583880 -262.171214 -264.090910 -257.335755 -256.198598 -250.882247 -239.188921 -218.446408 -197.092805 -187.707831 -180.631242 -168.069162 -144.340919 -111.092582 -70.005204 -17.443695 38.800424 77.760467 90.762539 82.624826 90.847536 116.979229 168.144199 266.654974 376.226210 476.752612 550.159925 625.348712 679.748097 704.310692 731.308549 763.083671 728.207110 466.728548 601.362630 -9999.0 -9999.0 -9999.0 -9999.0 -9999.0 -9999.0 -9999.0 -9999.0 -9999.0 -9999.0
-9999.0 -9999.0 -9999.0 -9999.0 -890.449851 -734.056910 -640.771996 -559.022270 -437.733972 -327.761685 -235.851602 -159.148193 -105.960020 -82.377056 -93.362139 -98.580969 -106.708264 -110.528600 -119.222625 -124.646681 -130.301640 -138.420072 -150.225232 -158.175378 -159.233183 -156.021399 -158.416067 -171.897168 -188.283149 -215.622282 -239.733927 -275.080282 -312.193342 -341.435798 -354.491629 -361.360536 -361.071582 -366.574077 -356.978093 -350.571698 -335.666756 -320.220084 -296.229218 -267.977223 -255.444416 -241.313387 -231.658773 -210.874124 -180.906945 -128.202505 -66.206783 -10.568955 22.922123 25.998834 -0.626951 -16.777365 -19.757592 9.542385 60.012849 136.611447 249.894514 342.726986 422.723694 475.359760 511.733745 564.355283 630.579844 679.862813 -9999.0 -9999.0 -9999.0 -9999.0 -9999.0 -9999.0 -9999.0 -9999.0 -9999.0 -9999.0 -9999.0 -9999.0
-9999.0 -9999.0 -9999.0 -9999.0 -9999.0 -9999.0 -946.001098 -851.516851 -765.251448 -644.122843 -531.097759 -439.176975 -364.490903 -339.304416 -321.583783 -299.210954 -303.692786 -320.678277 -337.402344 -320.788978 -311.145712 -316.146217 -343.912907 -345.426842 -341.901138 -332.537838 -333.738564 -339.818357 -364.672433 -356.348919 -357.670101 -380.743602 -406.810902 -421.108135 -432.551175 -422.431780 -421.501425 -433.961005 -431.489202 -405.331393 -385.559821 -372.065544 -349.504641 -316.373087 -284.497781 -270.329370 -269.475280 -263.388063 -222.055852 -151.932703 -82.057954 -29.215058 0.937466 7.529186 -21.802300 -63.597240 -85.849780 -79.806687 -45.459955 8.902273 88.616332 143.491286 181.110727 208.207273 242.776354 354.114899 -9999.0 -9999.0 -9999.0 -9999.0 -9999.0 -9999.0 -9999.0 -9999.0 -9999.0 -9999.0 -9999.0 -9999.0 -9999.0 -9999.0
-9999.0 -9999.0 -9999.0 -9999.0 -9999.0 -9999.0 -9999.0 -9999.0 -9999.0 -9999.0 -9999.0 -9999.0 -9999.0 -9999.0 -9999.0 -9999.0 -9999.0 -9999.0 -9999.0 -9999.0 -9999.0 -9999.0 -9999.0 -9999.0 -9999.0 -9999.0 -9999.0 -9999.0 -9999.0 -9999.0 -9999.0 -9999.0 -9999.0 -9999.0 -9999.0 -9999.0 -9999.0 -9999.0 -9999.0 -9999.0 -9999.0 -9999.0 -9999.0 -9999.0 -9999.0 -9999.0 -9999.0 -9999.0 -9999.0 -9999.0 -9999.0 -9999.0 -9999.0 -9999.0 -9999.0 -9999.0 -9999.0 -9999.0 -9999.0 -9999.0 -9999.0 -9999.0 -9999.0 -9999.0 -9999.0 -9999.0 -9999.0 -9999.0 -9999.0 -9999.0 -9999.0 -9999.0 -9999.0 -9999.0 -9999.0 -9999.0 -9999.0 -9999.0 -9999.0 -9999.0
-9999.0 -9999.0 -9999.0 -9999.0 -9999.0 -9999.0 -9999.0 -9999.0 -9999.0 -9999.0 -9999.0 -9999.0 -9999.0 -9999.0 -9999.0 -9999.0 -9999.0 -9999.0 -9999.0 -9999.0 -9999.0 -9999.0 -9999.0 -9999.0 -9999.0 -9999.0 -9999.0 -9999.0 -9999.0 -9999.0 -9999.0 -9999.0 -9999.0 -9999.0 -9999.0 -9999.0 -9999.0 -9999.0 -9999.0 -9999.0 -9999.0 -9999.0 -9999.0 -9999.0 -9999.0 -9999.0 -9999.0 -9999.0 -9999.0 -9999.0 -9999.0 -9999.0 -9999.0 -9999.0 -9999.0 -9999.0 -9999.0 -9999.0 -9999.0 -9999.0 -9999.0 -9999.0 -9999.0 -9999.0 -9999.0 -9999.0 -9999.0 -9999.0 -9999.0 -9999.0 -9999.0 -9999.0 -9999.0 -9999.0 -9999.0 -9999.0 -9999.0 -9999.0 -9999.0 -9999.0