Borden_/Borden1m_014/output_maps/psiliqL0003N0006.asc
ncols         80
nrows         18
xllcorner     620200.000000
yllcorner     5168000.000000
cellsize      1.000000
NODATA_value  -9999.0
-9999.0 -9999.0 -9999.0 -9999.0 -9999.0 -9999.0 -9999.0 -9999.0 -9999.0 -9999.0 -9999.0 -9999.0 -9999.0 -9999.0 -9999.0 -9999.0 -9999.0 -9999.0 -9999.0 -9999.0 -9999.0 -9999.0 -9999.0 -9999.0 -9999.0 -9999.0 -9999.0 -9999.0 -9999.0 -9999.0 -9999.0 -9999.0 -9999.0 -9999.0 -9999.0 -9999.0 -9999.0 -9999.0 -9999.0 -9999.0 -9999.0 -9999.0 -9999.0 -9999.0 -9999.0 -9999.0 -9999.0 -9999.0 -9999.0 -9999.0 -9999.0 -9999.0 -9999.0 -9999.0 -9999.0 -9999.0 -9999.0 -9999.0 -9999.0 -9999.0 -9999.0 -9999.0 -9999.0 -9999.0 -9999.0 -9999.0 -9999.0 -9999.0 -9999.0 -9999.0 -9999.0 -9999.0 -9999.0 -9999.0 -9999.0 -9999.0 -9999.0 -9999.0 -9999.0 -9999.0
-9999.0 -9999.0 -9999.0 -9999.0 -9999.0 -9999.0 -9999.0 -9999.0 -9999.0 -9999.0 -9999.0 -9999.0 -9999.0 -9999.0 -9999.0 -9999.0 -9999.0 -9999.0 -9999.0 -9999.0 -9999.0 -9999.0 -9999.0 -9999.0 -9999.0 -9999.0 -9999.0 -9999.0 -9999.0 -9999.0 -9999.0 -9999.0 -9999.0 -9999.0 -9999.0 -9999.0 -9999.0 -9999.0 -9999.0 -9999.0 -9999.0 -9999.0 -9999.0 -9999.0 -9999.0 -9999.0 -9999.0 -9999.0 -9999.0 -9999.0 -9999.0 -9999.0 -9999.0 -9999.0 -9999.0 -9999.0 -9999.0 -9999.0 -9999.0 -9999.0 -9999.0 -9999.0 -9999.0 -9999.0 -9999.0 -9999.0 -9999.0 -9999.0 -9999.0 -9999.0 -9999.0 -9999.0 -9999.0 -9999.0 -9999.0 -9999.0 -9999.0 -9999.0 -9999.0 -9999.0
-9999.0 -9999.0 -9999.0 -9999.0 -9999.0 -9999.0 -9999.0 -9999.0 -9999.0 -9999.0 -9999.0 -9999.0 -9999.0 -9999.0 -9999.0 -9999.0 -9999.0 -9999.0 -9999.0 -9999.0 -699.097931 -696.087691 -704.183609 -714.036218 -722.279574 -722.974466 -713.547651 -702.426617 -690.297688 -687.579102 -696.237474 -694.484083 -697.713986 -699.277612 -699.116165 -696.621605 -695.433597 -691.513719 -688.876254 -689.689749 -692.436848 -694.543932 -696.007382 -695.169747 -692.320469 -696.436876 -690.307291 -684.020962 -681.631253 -682.287298 -691.437173 -695.640048 -697.359972 -704.099063 -691.961066 -687.791159 -678.329160 -677.071742 -675.955259 -686.578433 -697.423215 -9999.0 -9999.0 -9999.0 -9999.0 -9999.0 -9999.0 -9999.0 -9999.0 -9999.0 -9999.0 -9999.0 -9999.0 -9999.0 -9999.0 -9999.0 -9999.0 -9999.0 -9999.0 -9999.0
-9999.0 -9999.0 -9999.0 -9999.0 -9999.0 -9999.0 -9999.0 -9999.0 -9999.0 -9999.0 -9999.0 -9999.0 -9999.0 -9999.0 -717.438520 -721.628519 -723.509824 -724.110741 -715.580623 -708.533604 -707.310698 -711.502120 -708.687019 -717.535565 -725.383210 -720.574351 -712.957436 -705.901432 -695.596212 -688.257298 -694.446326 -695.982342 -692.281478 -680.297284 -674.735087 -676.903641 -689.720035 -677.338336 -670.426245 -666.103500 -666.665389 -672.258392 -664.112961 -654.839113 -659.282990 -669.171759 -667.176147 -661.286662 -652.384057 -658.049430 -690.674854 -695.728190 -694.670831 -694.801751 -699.694476 -702.870100 -690.513138 -691.611643 -694.013581 -697.600911 -706.390717 -719.723455 -725.485241 -712.165962 -699.338391 -676.136026 -9999.0 -9999.0 -9999.0 -9999.0 -9999.0 -9999.0 -9999.0 -9999.0 -9999.0 -9999.0 -9999.0 -9999.0 -9999.0 -9999.0
-9999.0 -9999.0 -9999.0 -9999.0 -9999.0 -9999.0 -9999.0 -9999.0 -9999.0 -726.324577 -727.187628 -725.854063 -728.248904 -724.272253 -729.812625 -728.198076 -728.789679 -722.738038 -717.076697 -708.352881 -698.146405 -704.693943 -705.474804 -700.407832 -699.319491 -696.632698 -691.117715 -674.616754 -656.366612 -632.306285 -652.336720 -653.721180 -643.745204 -612.748871 -586.082930 -578.418932 -593.100539 -592.836003 -574.774550 -553.796978 -554.470638 -556.118506 -537.876055 -527.963396 -520.071647 -533.622145 -550.799129 -555.369313 -534.815755 -572.909898 -614.912010 -648.677987 -643.821683 -660.074231 -679.522843 -687.656490 -689.729386 -676.351321 -682.102936 -696.181345 -708.210121 -706.394474 -712.614058 -706.337868 -700.796556 -682.534452 -666.467155 -652.105151 -651.446434 -660.269929 -9999.0 -9999.0 -9999.0 -9999.0 -9999.0 -9999.0 -9999.0 -9999.0 -9999.0 -9999.0
-9999.0 -9999.0 -9999.0 -9999.0 -9999.0 -9999.0 -735.879003 -736.072473 -733.256472 -740.071647 -734.233378 -737.335761 -732.918025 -730.485053 -727.095719 -726.034127 -718.440377 -711.166555 -699.557182 -684.929775 -672.279220 -677.517807 -674.033124 -657.533612 -633.000232 -613.554706 -600.120309 -576.251230 -517.428474 -481.796051 -468.950097 -464.490073 -456.436018 -406.305269 -256.047722 -48.791017 -270.513571 -333.427164 -258.896001 15.699383 28.081611 28.356783 28.835307 29.174315 31.535528 31.155587 28.157364 26.711614 0.629946 -249.295363 -387.222613 -458.424284 -493.950261 -529.469899 -587.352253 -628.728370 -628.167423 -616.211378 -633.713108 -661.542558 -679.962122 -681.141715 -685.333305 -691.807126 -688.664750 -681.028486 -670.131813 -663.733628 -668.839509 -676.396535 -683.014343 -694.559295 -692.967273 -681.993097 -9999.0 -9999.0 -9999.0 -9999.0 -9999.0 -9999.0
-9999.0 -9999.0 -9999.0 -9999.0 -748.235220 -744.600022 -754.968984 -748.637550 -743.374233 -739.020232 -737.747815 -730.510609 -727.536464 -721.860350 -710.938641 -701.791101 -687.226154 -675.675292 -649.693778 -609.489518 -575.330585 -556.012811 -546.299395 -497.915109 -442.496155 -380.097631 -349.319659 -256.368320 4.397593 31.191599 33.141039 33.230887 34.373126 36.849845 41.865877 47.078374 42.796035 41.605634 43.372998 47.626415 50.462517 50.339097 50.414651 50.252354 50.277854 50.755359 49.400324 46.941946 45.370891 41.400735 38.078991 32.437108 30.154987 28.301054 1.358916 -338.046824 -445.010664 -467.163618 -511.040972 -551.681939 -599.643900 -613.825441 -631.863968 -644.110318 -660.490858 -657.856344 -653.813286 -662.775626 -675.273201 -687.519731 -690.246919 -695.986277 -701.297809 -687.293097 -681.489472 -666.678970 -9999.0 -9999.0 -9999.0 -9999.0
-9999.0 -9999.0 -750.144433 -748.863946 -738.336333 -743.582369 -746.923794 -751.494037 -748.519656 -737.820536 -718.141579 -708.120606 -694.369550 -686.092322 -659.435052 -611.218315 -561.050709 -526.379218 -482.973086 -421.922504 -330.827296 -10.715396 26.516456 29.233670 32.799093 37.296234 39.114847 42.315213 47.452600 49.662572 58.485007 72.960003 77.331014 72.627481 70.991909 69.482891 67.898293 64.745024 52.657109 53.236322 60.243072 62.176721 65.632187 53.663926 50.869995 59.107116 61.315155 62.387046 64.547652 72.274659 81.371396 54.732782 47.451484 47.170097 46.580470 39.035140 33.440355 30.649430 29.569479 -6.115906 -391.925544 -454.957678 -501.183124 -539.337392 -575.543559 -594.732400 -622.781594 -643.161635 -663.566389 -683.051210 -690.114004 -694.742760 -692.844059 -694.140681 -686.598222 -680.478245 -672.471059 -669.177915 -9999.0 -9999.0
-9999.0 -754.778297 -756.807825 -737.700432 -732.195230 -726.947708 -720.994886 -715.763668 -709.915618 -713.287216 -667.008991 -605.634590 -543.082672 -527.313798 -489.766941 -397.413951 -21.996459 27.895770 30.684649 34.377623 39.536588 46.896488 49.194772 55.954868 78.446218 73.607626 70.278343 69.277438 61.376277 53.874921 49.863125 51.497029 50.944810 49.204150 48.270881 48.620120 48.770741 47.503906 46.135983 45.719269 46.246744 48.176127 47.108500 45.360496 44.672482 46.510327 47.853024 47.057852 45.765665 46.711654 48.784166 49.662016 52.147512 63.760789 82.539803 61.088839 49.586931 47.175108 46.579522 44.344597 36.035124 30.699540 -7.411451 -367.910232 -445.917573 -505.980508 -547.416131 -583.560920 -622.150844 -640.573589 -653.306862 -678.596214 -686.405854 -681.927879 -685.484896 -685.993684 -682.676934 -679.955045 -9999.0 -9999.0
-9999.0 -772.231487 -754.697818 -732.506071 -704.259152 -696.165970 -637.482862 -580.489352 -563.656231 -582.870374 -510.467129 -23.099733 30.506291 30.565333 35.476363 41.838026 49.153551 65.712935 78.162998 69.830493 63.447663 65.691069 60.768632 52.184013 49.571359 49.190028 49.521295 49.644375 48.425285 47.321423 46.339419 46.511685 45.054039 37.759420 34.519707 33.541918 33.233055 32.376266 30.314976 28.863671 27.924144 29.899072 28.755302 26.666442 23.610346 28.042110 31.176362 30.152537 30.213973 31.367001 34.069248 37.466237 42.865473 45.358589 47.322564 49.844010 52.437350 71.734161 77.425063 54.013582 48.753638 45.652408 43.757475 35.187018 17.663497 -327.072648 -415.403649 -463.850684 -514.522707 -546.141107 -578.763013 -614.482455 -647.401784 -657.039148 -675.642127 -680.608528 -9999.0 -9999.0 -9999.0 -9999.0
-9999.0 -774.605826 -756.889096 -716.631411 -630.184150 -559.359180 -380.310225 10.249475 30.667792 35.923338 38.585770 65.143146 72.639712 56.906415 49.263664 48.127239 48.936180 49.120637 48.498571 47.986872 47.814756 47.946924 48.083413 47.773791 47.429302 46.786675 46.146745 45.328626 39.000065 35.324452 32.629033 31.718612 21.213283 -356.493989 -421.805186 -448.927680 -490.432531 -495.351166 -507.159851 -531.970560 -545.133403 -552.373759 -541.177116 -545.976373 -547.374546 -538.510762 -520.026634 -510.779733 -481.943357 -454.022417 -411.575085 -338.610148 -11.580878 29.396133 33.171488 37.888156 43.929505 46.297858 48.898978 54.357585 74.053518 67.297488 50.573821 48.150215 43.599092 35.967562 32.707545 18.952107 -241.856172 -389.885716 -446.027213 -500.237360 -549.815934 -606.915837 -629.351178 -9999.0 -9999.0 -9999.0 -9999.0 -9999.0
-9999.0 -800.647333 -758.744464 -724.574312 -597.780373 -298.909099 -44.077600 36.794067 51.333474 37.514298 36.929121 42.721426 46.655763 46.713486 44.383331 40.016283 37.505514 37.130616 38.641497 36.362119 34.308541 33.664436 34.093132 33.464318 32.032122 31.118662 30.288544 23.799924 -280.727717 -392.764262 -470.354760 -482.376345 -535.390516 -586.698595 -614.145211 -639.794143 -666.754530 -666.330807 -656.692987 -665.400707 -675.489718 -685.563153 -673.052690 -666.828347 -661.450363 -667.640158 -665.075409 -648.268396 -622.647616 -599.673451 -569.535843 -533.597349 -502.975282 -459.877210 -425.864392 -351.643774 -7.615591 29.697814 35.993387 45.535052 47.431268 49.475387 64.832094 82.634498 51.388634 47.763139 45.922432 43.699495 36.305454 31.251023 14.144949 -302.401995 -418.565211 -9999.0 -9999.0 -9999.0 -9999.0 -9999.0 -9999.0 -9999.0
-9999.0 -814.644844 -770.463934 -761.372263 -703.684938 -609.793372 -506.425152 -417.673857 -322.824534 -342.323173 -315.951472 -7.709696 27.689188 29.708682 13.405268 -284.823412 -367.421806 -362.876803 -362.200495 -399.873008 -433.747272 -448.749538 -448.248139 -454.510408 -477.959317 -491.350749 -499.747353 -517.481873 -546.431079 -581.546539 -631.402818 -663.772479 -689.269272 -699.765767 -707.595438 -715.760966 -729.407842 -722.566978 -716.900866 -718.368000 -722.669792 -725.594693 -715.355513 -711.138153 -707.848584 -716.098257 -709.567829 -702.674809 -688.693915 -674.265151 -654.998914 -629.059174 -599.429779 -582.081664 -573.139764 -553.338664 -523.228428 -477.954573 -384.818758 -0.011121 33.384013 38.015934 45.272042 47.745774 48.769787 60.392697 67.907736 48.644717 41.587241 42.613279 42.015852 -9999.0 -9999.0 -9999.0 -9999.0 -9999.0 -9999.0 -9999.0 -9999.0 -9999.0
-9999.0 -9999.0 -824.772578 -805.575420 -788.691662 -768.960658 -742.025149 -717.478356 -700.159812 -667.281276 -624.738688 -582.758567 -556.413623 -544.937054 -560.794635 -592.936920 -610.882551 -609.326328 -614.248934 -622.692767 -637.608716 -641.589664 -645.645050 -648.704854 -655.940280 -659.381334 -661.115178 -664.877628 -673.165503 -691.185505 -707.888885 -720.398896 -733.492444 -734.410805 -737.011948 -741.445053 -738.553632 -739.377997 -738.146463 -738.580996 -737.489972 -735.332900 -732.448518 -728.706631 -728.078927 -726.936054 -725.292635 -720.991525 -714.364376 -705.405486 -689.821138 -668.811746 -653.194076 -649.215031 -656.248687 -654.081811 -643.783173 -621.278078 -566.344827 -501.688776 -422.975661 -307.171663 24.525355 34.104780 36.267214 42.694110 46.360061 44.981990 29.141793 39.200734 -9999.0 -9999.0 -9999.0 -9999.0 -9999.0 -9999.0 -9999.0 -9999.0 -9999.0 -9999.0
-9999.0 -9999.0 -9999.0 -9999.0 -833.214219 -806.040550 -782.164730 -783.214576 -764.857523 -752.018117 -739.413024 -725.064150 -713.377606 -706.499501 -713.614769 -715.583882 -717.506102 -716.868274 -718.831477 -720.819692 -721.904907 -723.416520 -725.186216 -727.146576 -726.558740 -724.882774 -724.595764 -727.910388 -728.850094 -735.132307 -736.812445 -741.139132 -745.259866 -749.537642 -749.119667 -749.593443 -748.019303 -749.832154 -747.066151 -748.363479 -746.035616 -744.738808 -741.701032 -737.006875 -737.881107 -735.203699 -734.696746 -731.036919 -728.395065 -717.995784 -701.955291 -684.181552 -672.386763 -672.512366 -686.034870 -692.437189 -695.516708 -685.968650 -669.240084 -637.388077 -576.763122 -528.511639 -474.397754 -424.041085 -369.366115 -9.201502 37.949148 42.257672 -9999.0 -9999.0 -9999.0 -9999.0 -9999.0 -9999.0 -9999.0 -9999.0 -9999.0 -9999.0 -9999.0 -9999.0
-9999.0 -9999.0 -9999.0 -9999.0 -9999.0 -9999.0 -821.738078 -808.074247 -811.413420 -799.884503 -789.198028 -780.543218 -768.851640 -769.020964 -765.542593 -757.479375 -758.603586 -762.649657 -767.607992 -760.611336 -757.404523 -756.947902 -764.891388 -762.919979 -762.008579 -759.019587 -759.323141 -758.314949 -765.005291 -757.507790 -754.034170 -755.894871 -757.720994 -756.602841 -758.330672 -753.616461 -753.058012 -756.904852 -757.965938 -752.247877 -750.349071 -750.775138 -749.241141 -744.869720 -738.911271 -737.670781 -739.833200 -742.670448 -735.950211 -721.055981 -704.020976 -688.967652 -679.324292 -676.612655 -688.693013 -705.064484 -713.455149 -713.961147 -705.813286 -690.588461 -659.233371 -638.010292 -622.989130 -611.102617 -594.949648 -522.573092 -9999.0 -9999.0 -9999.0 -9999.0 -9999.0 -9999.0 -9999.0 -9999.0 -9999.0 -9999.0 -9999.0 -9999.0 -9999.0 -9999.0
-9999.0 -9999.0 -9999.0 -9999.0 -9999.0 -9999.0 -9999.0 -9999.0 -9999.0 -9999.0 -9999.0 -9999.0 -9999.0 -9999.0 -9999.0 -9999.0 -9999.0 -9999.0 -9999.0 -9999.0 -9999.0 -9999.0 -9999.0 -9999.0 -9999.0 -9999.0 -9999.0 -9999.0 -9999.0 -9999.0 -9999.0 -9999.0 -9999.0 -9999.0 -9999.0 -9999.0 -9999.0 -9999.0 -9999.0 -9999.0 -9999.0 -9999.0 -9999.0 -9999.0 -9999.0 -9999.0 -9999.0 -9999.0 -9999.0 -9999.0 -9999.0 -9999.0 -9999.0 -9999.0 -9999.0 -9999.0 -9999.0 -9999.0 -9999.0 -9999.0 -9999.0 -9999.0 -9999.0 -9999.0 -9999.0 -9999.0 -9999.0 -9999.0 -9999.0 -9999.0 -9999.0 -9999.0 -9999.0 -9999.0 -9999.0 -9999.0 -9999.0 -9999.0 -9999.0 -9999.0
-9999.0 -9999.0 -9999.0 -9999.0 -9999.0 -9999.0 -9999.0 -9999.0 -9999.0 -9999.0 -9999.0 -9999.0 -9999.0 -9999.0 -9999.0 -9999.0 -9999.0 -9999.0 -9999.0 -9999.0 -9999.0 -9999.0 -9999.0 -9999.0 -9999.0 -9999.0 -9999.0 -9999.0 -9999.0 -9999.0 -9999.0 -9999.0 -9999.0 -9999.0 -9999.0 -9999.0 -9999.0 -9999.0 -9999.0 -9999.0 -9999.0 -9999.0 -9999.0 -9999.0 -9999.0 -9999.0 -9999.0 -9999.0 -9999.0 -9999.0 -9999.0 -9999.0 -9999.0 -9999.0 -9999.0 -9999.0 -9999.0 -9999.0 -9999.0 -9999.0 -9999.0 -9999.0 -9999.0 -9999.0 -9999.0 -9999.0 -9999.0 -9999.0 -9999.0 -9999.0 -9999.0 -9999.0 -9999.0 -9999.0 -9999.0 -9999.0 -9999.0 -9999.0 -9999.0 -9999.0