Borden_/Borden1m_014/output_maps/psiliqL0024N0031.asc
ncols         80
nrows         18
xllcorner     620200.000000
yllcorner     5168000.000000
cellsize      1.000000
NODATA_value  -9999.0
-9999.0 -9999.0 -9999.0 -9999.0 -9999.0 -9999.0 -9999.0 -9999.0 -9999.0 -9999.0 -9999.0 -9999.0 -9999.0 -9999.0 -9999.0 -9999.0 -9999.0 -9999.0 -9999.0 -9999.0 -9999.0 -9999.0 -9999.0 -9999.0 -9999.0 -9999.0 -9999.0 -9999.0 -9999.0 -9999.0 -9999.0 -9999.0 -9999.0 -9999.0 -9999.0 -9999.0 -9999.0 -9999.0 -9999.0 -9999.0 -9999.0 -9999.0 -9999.0 -9999.0 -9999.0 -9999.0 -9999.0 -9999.0 -9999.0 -9999.0 -9999.0 -9999.0 -9999.0 -9999.0 -9999.0 -9999.0 -9999.0 -9999.0 -9999.0 -9999.0 -9999.0 -9999.0 -9999.0 -9999.0 -9999.0 -9999.0 -9999.0 -9999.0 -9999.0 -9999.0 -9999.0 -9999.0 -9999.0 -9999.0 -9999.0 -9999.0 -9999.0 -9999.0 -9999.0 -9999.0
-9999.0 -9999.0 -9999.0 -9999.0 -9999.0 -9999.0 -9999.0 -9999.0 -9999.0 -9999.0 -9999.0 -9999.0 -9999.0 -9999.0 -9999.0 -9999.0 -9999.0 -9999.0 -9999.0 -9999.0 -9999.0 -9999.0 -9999.0 -9999.0 -9999.0 -9999.0 -9999.0 -9999.0 -9999.0 -9999.0 -9999.0 -9999.0 -9999.0 -9999.0 -9999.0 -9999.0 -9999.0 -9999.0 -9999.0 -9999.0 -9999.0 -9999.0 -9999.0 -9999.0 -9999.0 -9999.0 -9999.0 -9999.0 -9999.0 -9999.0 -9999.0 -9999.0 -9999.0 -9999.0 -9999.0 -9999.0 -9999.0 -9999.0 -9999.0 -9999.0 -9999.0 -9999.0 -9999.0 -9999.0 -9999.0 -9999.0 -9999.0 -9999.0 -9999.0 -9999.0 -9999.0 -9999.0 -9999.0 -9999.0 -9999.0 -9999.0 -9999.0 -9999.0 -9999.0 -9999.0
-9999.0 -9999.0 -9999.0 -9999.0 -9999.0 -9999.0 -9999.0 -9999.0 -9999.0 -9999.0 -9999.0 -9999.0 -9999.0 -9999.0 -9999.0 -9999.0 -9999.0 -9999.0 -9999.0 -9999.0 2932.658248 2934.026745 2912.523119 2878.783969 2850.917294 2853.118911 2886.560046 2927.452614 2966.386106 2974.423774 2955.839610 2959.745795 2955.568448 2951.573948 2952.336596 2960.153479 2966.866313 2976.605472 2983.810615 2981.864570 2974.795309 2969.834148 2972.050153 2973.845175 2979.916374 2965.968553 2981.428854 2982.836034 2987.596160 2984.903873 2973.765416 2960.963236 2952.352883 2936.339751 2962.139095 2973.437362 2988.100605 2992.768243 2991.166689 2971.148274 2941.111556 -9999.0 -9999.0 -9999.0 -9999.0 -9999.0 -9999.0 -9999.0 -9999.0 -9999.0 -9999.0 -9999.0 -9999.0 -9999.0 -9999.0 -9999.0 -9999.0 -9999.0 -9999.0 -9999.0
-9999.0 -9999.0 -9999.0 -9999.0 -9999.0 -9999.0 -9999.0 -9999.0 -9999.0 -9999.0 -9999.0 -9999.0 -9999.0 -9999.0 2841.630789 2832.902637 2830.258642 2837.934091 2870.738054 2901.070758 2912.753861 2905.447154 2905.461691 2881.138270 2858.903473 2871.952947 2901.520934 2931.835991 2965.321733 2983.164388 2972.331819 2970.067095 2977.551357 2983.734306 2991.930440 2988.429878 2986.036531 2994.316217 3007.384542 3012.048277 3009.989460 3000.156045 3009.278006 3023.344639 3016.313013 3000.988200 3011.334673 3025.913425 3037.136946 3028.786087 2985.010247 2971.721939 2968.054440 2963.378769 2950.012716 2945.911270 2973.587714 2972.637927 2965.041592 2947.833162 2914.682195 2869.714468 2850.833524 2891.029519 2934.586765 2985.757355 -9999.0 -9999.0 -9999.0 -9999.0 -9999.0 -9999.0 -9999.0 -9999.0 -9999.0 -9999.0 -9999.0 -9999.0 -9999.0 -9999.0
-9999.0 -9999.0 -9999.0 -9999.0 -9999.0 -9999.0 -9999.0 -9999.0 -9999.0 2798.982962 2789.613849 2796.603757 2798.999393 2814.338575 2811.265546 2818.318242 2822.935176 2850.236849 2879.985945 2913.709420 2940.606663 2931.837340 2930.503624 2935.364185 2931.296557 2939.902904 2960.444079 2983.559209 3014.848160 3050.050385 3016.752308 3011.856621 3029.200327 3070.648552 3094.635102 3096.997535 3078.550731 3093.742128 3117.070680 3133.167559 3129.686334 3123.892065 3149.277190 3164.095518 3158.997309 3137.995941 3135.675493 3142.533269 3171.457297 3121.372491 3056.514791 3017.383764 3032.377442 3011.023860 2984.505383 2986.140485 2986.240012 2994.900233 2983.342855 2959.392548 2926.167903 2914.552156 2897.553688 2917.863384 2940.871467 2981.223502 3021.244283 3051.252235 3051.103817 3034.089442 -9999.0 -9999.0 -9999.0 -9999.0 -9999.0 -9999.0 -9999.0 -9999.0 -9999.0 -9999.0
-9999.0 -9999.0 -9999.0 -9999.0 -9999.0 -9999.0 2717.256939 2729.052448 2751.646797 2756.205478 2784.678506 2791.973446 2790.166194 2807.542753 2829.277856 2842.675631 2868.439222 2898.746460 2934.974456 2973.184976 2989.118626 2990.944158 2982.772383 3002.545888 3030.071771 3049.601776 3071.742962 3108.589592 3176.715611 3212.604478 3206.482877 3207.371201 3215.489080 3265.214571 3328.785905 3340.086759 3319.559782 3306.279499 3329.146256 3365.939205 3364.669658 3363.521043 3375.426853 3385.914545 3412.597507 3402.252851 3366.984180 3360.819158 3366.580833 3345.203585 3278.124400 3221.011322 3201.326653 3158.944092 3077.179368 3033.870108 3055.811424 3082.828396 3061.000147 3012.314360 2992.101623 2985.855362 2973.991266 2965.973011 2977.401665 2992.265279 3016.556743 3030.623544 3019.126769 2998.795594 2980.577994 2952.165810 2954.465264 2979.310324 -9999.0 -9999.0 -9999.0 -9999.0 -9999.0 -9999.0
-9999.0 -9999.0 -9999.0 -9999.0 2665.006044 2679.376415 2666.952892 2695.335791 2730.117168 2766.529629 2796.809153 2806.038362 2829.350733 2856.555149 2890.309937 2914.034121 2947.443396 2977.672869 3010.958273 3071.781893 3115.817392 3129.874774 3138.124568 3185.489817 3241.320440 3288.321057 3306.691346 3332.014887 3375.866282 3431.809365 3454.137651 3457.172371 3474.013694 3515.969414 3570.754367 3605.371073 3587.964112 3579.191414 3588.631402 3602.366284 3624.491467 3624.580780 3625.673694 3629.500975 3636.734132 3635.255411 3609.323618 3576.212988 3563.448121 3553.660619 3517.171753 3446.136664 3415.407636 3387.338200 3347.515450 3294.492552 3245.665473 3245.384691 3191.776861 3141.105106 3090.788611 3081.840091 3061.105372 3044.851476 3026.909951 3038.458777 3049.957263 3034.889149 3005.365009 2980.856723 2967.359432 2949.280046 2937.736509 2968.464556 2984.243822 3013.932524 -9999.0 -9999.0 -9999.0 -9999.0
-9999.0 -9999.0 2602.730030 2649.797369 2708.815178 2717.684803 2715.061843 2721.770129 2752.239349 2805.675750 2843.186240 2881.021332 2911.663039 2942.282604 2979.904040 3042.526471 3102.522419 3144.425418 3197.889260 3265.987915 3324.471267 3351.288500 3360.341291 3394.760679 3448.483369 3515.917771 3543.327369 3569.290168 3600.253689 3635.767279 3630.265553 3641.353556 3653.201440 3664.582401 3678.271388 3684.715285 3680.083694 3675.534084 3657.113311 3652.162111 3658.691980 3666.262047 3665.599520 3651.108139 3647.149395 3661.955612 3667.876999 3666.004198 3663.552403 3668.737192 3665.355633 3618.457032 3598.290271 3583.478342 3572.552650 3527.070518 3461.292949 3428.467928 3407.828415 3368.352992 3295.675275 3257.465646 3217.981968 3183.042480 3147.908911 3133.552635 3100.414484 3068.028443 3029.157311 2988.484672 2974.252787 2959.010763 2957.977474 2957.996375 2975.219366 2988.963613 3004.886559 3012.964429 -9999.0 -9999.0
-9999.0 2493.128224 2564.911270 2688.769994 2768.981361 2795.603336 2807.505470 2813.413349 2839.105939 2870.732376 2958.843408 2999.894118 3081.842856 3117.658855 3158.130304 3244.106733 3336.448482 3378.225427 3415.857377 3477.493110 3541.583085 3587.842328 3613.771374 3596.997207 3635.214375 3662.115005 3669.305261 3675.638616 3674.962549 3666.519063 3659.745521 3666.519642 3663.691637 3644.783863 3628.967719 3627.315798 3623.974620 3600.898495 3573.620454 3558.436413 3560.110027 3584.707269 3571.857375 3550.608678 3546.240874 3567.709699 3588.560595 3578.031469 3565.032624 3581.462478 3615.702339 3639.829843 3642.182573 3660.374596 3681.409657 3652.908101 3630.664251 3587.587177 3571.003481 3545.818491 3489.768279 3435.114853 3387.495027 3339.608028 3287.268278 3237.853920 3190.379569 3145.537932 3091.956857 3059.017732 3034.534270 2991.329011 2982.271771 2984.164797 2981.291663 2979.310253 2984.224178 2990.816449 -9999.0 -9999.0
-9999.0 2399.209677 2539.120142 2719.259222 2852.894170 2895.606542 2962.672173 3011.309687 3025.240452 2987.360740 3072.368183 3283.155271 3399.045692 3414.943900 3488.379394 3580.679906 3567.931414 3598.461396 3620.842118 3643.726875 3662.181025 3675.467988 3673.480044 3668.018529 3651.732511 3643.774622 3642.949861 3640.911704 3623.750404 3605.007750 3588.365417 3585.441875 3567.993021 3519.886484 3487.185292 3470.294497 3452.450023 3438.705636 3411.149220 3385.560162 3370.236332 3381.071597 3378.510472 3365.060583 3360.631410 3378.564310 3409.334931 3406.613475 3417.256994 3436.610039 3471.922234 3509.366095 3528.421939 3557.149280 3592.363314 3639.264430 3648.830327 3671.042734 3674.241547 3662.625010 3616.946328 3566.163369 3537.091010 3482.379365 3422.997882 3361.961320 3313.574209 3269.156898 3214.458316 3180.286255 3142.622378 3089.117993 3045.341709 3036.140642 3002.463840 2988.781027 -9999.0 -9999.0 -9999.0 -9999.0
-9999.0 2300.485777 2481.450935 2724.329162 2999.707719 3074.156264 3270.792583 3382.968729 3421.725474 3487.302792 3381.786789 3576.154000 3625.064389 3619.063196 3631.183948 3633.780877 3647.622139 3647.202140 3642.143464 3631.288867 3621.922926 3617.522742 3616.392854 3608.522609 3595.997085 3581.494121 3569.794626 3558.625266 3522.557375 3491.110302 3453.094376 3440.969140 3398.215621 3308.054456 3269.515390 3232.194884 3173.198643 3175.095575 3180.949663 3160.360054 3141.283955 3114.546162 3142.862003 3152.428927 3156.199881 3152.654526 3163.036163 3186.846015 3233.140297 3266.800087 3305.394673 3352.650398 3381.972231 3420.691935 3460.506232 3512.314667 3542.875145 3571.434576 3619.322716 3656.098352 3678.615988 3665.162730 3645.740953 3602.158430 3542.508810 3493.530339 3465.138390 3415.472125 3372.685566 3329.193762 3283.014989 3230.527645 3170.851370 3115.494895 3081.175868 -9999.0 -9999.0 -9999.0 -9999.0 -9999.0
-9999.0 2084.157241 2348.672713 2618.678097 2887.017786 3216.947822 3377.681060 3473.382036 3535.053608 3513.627976 3532.868616 3540.243504 3576.776456 3583.385610 3561.930055 3548.654406 3531.825748 3530.737462 3543.730277 3516.785847 3487.054440 3473.997599 3474.839218 3464.137076 3440.658760 3425.785259 3416.482336 3398.495179 3356.244723 3307.045455 3224.667909 3192.351952 3118.823968 3078.718820 3042.108631 2995.971264 2965.999196 2970.586526 2980.787838 2984.601662 2964.006518 2946.925007 2975.799147 2983.017488 2995.772746 2980.171413 2986.855426 3020.745192 3066.783368 3106.581439 3150.105265 3194.434138 3235.360650 3274.489768 3296.012317 3335.849686 3376.840664 3417.861168 3487.114972 3564.002221 3598.885234 3632.865035 3662.430539 3684.010818 3641.582724 3614.708418 3591.485576 3568.677152 3523.167554 3478.205833 3437.706940 3374.212915 3314.976371 -9999.0 -9999.0 -9999.0 -9999.0 -9999.0 -9999.0 -9999.0
-9999.0 1969.792536 2166.952327 2364.308550 2620.546876 2835.113998 3042.382471 3132.962225 3200.086490 3263.896044 3313.761493 3349.739172 3375.034595 3396.120591 3373.421352 3329.051251 3297.471791 3302.264885 3294.200375 3273.002662 3245.449524 3232.599113 3230.490760 3225.743997 3204.546701 3194.208801 3187.522238 3172.858623 3147.289276 3095.378395 3024.335246 2966.934903 2913.268899 2892.167824 2868.681953 2841.165088 2813.775265 2826.642408 2838.916899 2839.002507 2832.147785 2832.025636 2861.035552 2880.124446 2889.706600 2878.838891 2897.238798 2920.925174 2958.471306 2986.576585 3030.682083 3080.078767 3128.002059 3148.419634 3151.375182 3163.941893 3188.402714 3231.494419 3307.370803 3391.954901 3467.615487 3512.220621 3562.311072 3601.479744 3628.753193 3655.132309 3676.335622 3668.486839 3643.302517 3610.435006 3552.805528 -9999.0 -9999.0 -9999.0 -9999.0 -9999.0 -9999.0 -9999.0 -9999.0 -9999.0
-9999.0 -9999.0 1940.170619 2096.369320 2199.748809 2365.057666 2510.000034 2620.047433 2723.663051 2827.257532 2946.318543 3023.122776 3068.070073 3083.080407 3069.061767 3040.091300 3022.371787 3022.070597 3010.733911 3003.967458 2989.117212 2983.980517 2989.111185 2981.686465 2976.773509 2975.514468 2973.009829 2965.006329 2947.901142 2906.125851 2867.876757 2823.669259 2809.937421 2786.147977 2765.885957 2746.932293 2749.218693 2743.558748 2748.297079 2750.685448 2759.723252 2773.590841 2793.085590 2793.346547 2802.812050 2812.811779 2823.922747 2845.825939 2875.975596 2915.997747 2967.488011 3012.576835 3047.794413 3054.565636 3037.106495 3032.685946 3041.473937 3071.020070 3134.960251 3200.444748 3288.576549 3352.996806 3418.789294 3473.910779 3500.054563 3536.405484 3605.336200 3653.267579 3694.186883 3671.872724 -9999.0 -9999.0 -9999.0 -9999.0 -9999.0 -9999.0 -9999.0 -9999.0 -9999.0 -9999.0
-9999.0 -9999.0 -9999.0 -9999.0 1957.046250 2105.346351 2203.144436 2283.861395 2418.169255 2548.824340 2656.772055 2745.369830 2815.320058 2802.203068 2802.240201 2817.537326 2816.235796 2807.583219 2796.907090 2800.923568 2804.975015 2799.212531 2826.892329 2820.109453 2822.991177 2829.770668 2827.148287 2813.472752 2794.582820 2778.034305 2762.900783 2730.919988 2698.111936 2669.839947 2657.219779 2653.357692 2653.075398 2645.018405 2653.160159 2661.735426 2677.492409 2692.594304 2716.087798 2745.271217 2760.142222 2775.399804 2784.939042 2804.655545 2813.420854 2864.705977 2926.546187 2982.808438 3008.553905 3008.839542 2990.970400 2970.621286 2960.032860 2979.443304 2994.779276 3046.208971 3135.219633 3193.368839 3239.115586 3278.277892 3314.453908 3377.835656 3470.534851 3550.813382 -9999.0 -9999.0 -9999.0 -9999.0 -9999.0 -9999.0 -9999.0 -9999.0 -9999.0 -9999.0 -9999.0 -9999.0
-9999.0 -9999.0 -9999.0 -9999.0 -9999.0 -9999.0 1931.731480 2037.362120 2107.153648 2259.286557 2404.029315 2512.758705 2597.620768 2634.306241 2668.871182 2699.899143 2700.742331 2680.978773 2659.500807 2680.730497 2698.978994 2692.435284 2660.724047 2661.747283 2668.185080 2675.747718 2672.904813 2666.579579 2641.594481 2657.198428 2660.751386 2637.898847 2612.506435 2599.571568 2588.005433 2597.733534 2597.687250 2583.203339 2582.188660 2609.844991 2630.768756 2643.640978 2664.765325 2698.034064 2730.787280 2746.877781 2748.480753 2754.157610 2791.958460 2841.324964 2912.055348 2966.920869 2990.768882 2995.381268 2974.151615 2930.507685 2905.782261 2906.528472 2932.833053 2974.545266 3018.854620 3055.254599 3067.399363 3069.630936 3082.463507 3175.951000 -9999.0 -9999.0 -9999.0 -9999.0 -9999.0 -9999.0 -9999.0 -9999.0 -9999.0 -9999.0 -9999.0 -9999.0 -9999.0 -9999.0
-9999.0 -9999.0 -9999.0 -9999.0 -9999.0 -9999.0 -9999.0 -9999.0 -9999.0 -9999.0 -9999.0 -9999.0 -9999.0 -9999.0 -9999.0 -9999.0 -9999.0 -9999.0 -9999.0 -9999.0 -9999.0 -9999.0 -9999.0 -9999.0 -9999.0 -9999.0 -9999.0 -9999.0 -9999.0 -9999.0 -9999.0 -9999.0 -9999.0 -9999.0 -9999.0 -9999.0 -9999.0 -9999.0 -9999.0 -9999.0 -9999.0 -9999.0 -9999.0 -9999.0 -9999.0 -9999.0 -9999.0 -9999.0 -9999.0 -9999.0 -9999.0 -9999.0 -9999.0 -9999.0 -9999.0 -9999.0 -9999.0 -9999.0 -9999.0 -9999.0 -9999.0 -9999.0 -9999.0 -9999.0 -9999.0 -9999.0 -9999.0 -9999.0 -9999.0 -9999.0 -9999.0 -9999.0 -9999.0 -9999.0 -9999.0 -9999.0 -9999.0 -9999.0 -9999.0 -9999.0
-9999.0 -9999.0 -9999.0 -9999.0 -9999.0 -9999.0 -9999.0 -9999.0 -9999.0 -9999.0 -9999.0 -9999.0 -9999.0 -9999.0 -9999.0 -9999.0 -9999.0 -9999.0 -9999.0 -9999.0 -9999.0 -9999.0 -9999.0 -9999.0 -9999.0 -9999.0 -9999.0 -9999.0 -9999.0 -9999.0 -9999.0 -9999.0 -9999.0 -9999.0 -9999.0 -9999.0 -9999.0 -9999.0 -9999.0 -9999.0 -9999.0 -9999.0 -9999.0 -9999.0 -9999.0 -9999.0 -9999.0 -9999.0 -9999.0 -9999.0 -9999.0 -9999.0 -9999.0 -9999.0 -9999.0 -9999.0 -9999.0 -9999.0 -9999.0 -9999.0 -9999.0 -9999.0 -9999.0 -9999.0 -9999.0 -9999.0 -9999.0 -9999.0 -9999.0 -9999.0 -9999.0 -9999.0 -9999.0 -9999.0 -9999.0 -9999.0 -9999.0 -9999.0 -9999.0 -9999.0