Borden_/Borden1m_014/output_maps/psiliqL0012N0010.asc
ncols         80
nrows         18
xllcorner     620200.000000
yllcorner     5168000.000000
cellsize      1.000000
NODATA_value  -9999.0
-9999.0 -9999.0 -9999.0 -9999.0 -9999.0 -9999.0 -9999.0 -9999.0 -9999.0 -9999.0 -9999.0 -9999.0 -9999.0 -9999.0 -9999.0 -9999.0 -9999.0 -9999.0 -9999.0 -9999.0 -9999.0 -9999.0 -9999.0 -9999.0 -9999.0 -9999.0 -9999.0 -9999.0 -9999.0 -9999.0 -9999.0 -9999.0 -9999.0 -9999.0 -9999.0 -9999.0 -9999.0 -9999.0 -9999.0 -9999.0 -9999.0 -9999.0 -9999.0 -9999.0 -9999.0 -9999.0 -9999.0 -9999.0 -9999.0 -9999.0 -9999.0 -9999.0 -9999.0 -9999.0 -9999.0 -9999.0 -9999.0 -9999.0 -9999.0 -9999.0 -9999.0 -9999.0 -9999.0 -9999.0 -9999.0 -9999.0 -9999.0 -9999.0 -9999.0 -9999.0 -9999.0 -9999.0 -9999.0 -9999.0 -9999.0 -9999.0 -9999.0 -9999.0 -9999.0 -9999.0
-9999.0 -9999.0 -9999.0 -9999.0 -9999.0 -9999.0 -9999.0 -9999.0 -9999.0 -9999.0 -9999.0 -9999.0 -9999.0 -9999.0 -9999.0 -9999.0 -9999.0 -9999.0 -9999.0 -9999.0 -9999.0 -9999.0 -9999.0 -9999.0 -9999.0 -9999.0 -9999.0 -9999.0 -9999.0 -9999.0 -9999.0 -9999.0 -9999.0 -9999.0 -9999.0 -9999.0 -9999.0 -9999.0 -9999.0 -9999.0 -9999.0 -9999.0 -9999.0 -9999.0 -9999.0 -9999.0 -9999.0 -9999.0 -9999.0 -9999.0 -9999.0 -9999.0 -9999.0 -9999.0 -9999.0 -9999.0 -9999.0 -9999.0 -9999.0 -9999.0 -9999.0 -9999.0 -9999.0 -9999.0 -9999.0 -9999.0 -9999.0 -9999.0 -9999.0 -9999.0 -9999.0 -9999.0 -9999.0 -9999.0 -9999.0 -9999.0 -9999.0 -9999.0 -9999.0 -9999.0
-9999.0 -9999.0 -9999.0 -9999.0 -9999.0 -9999.0 -9999.0 -9999.0 -9999.0 -9999.0 -9999.0 -9999.0 -9999.0 -9999.0 -9999.0 -9999.0 -9999.0 -9999.0 -9999.0 -9999.0 538.286311 541.182585 519.191980 485.818014 458.315564 461.209047 496.773511 538.708985 577.482049 587.995313 570.613330 573.657335 570.356503 571.473636 576.385600 584.940960 590.198917 602.452841 611.284456 610.919200 604.593437 599.015484 598.536860 601.502325 606.615308 596.420255 610.205076 625.128831 629.877731 623.267806 594.213628 576.656614 566.453970 550.138180 573.594673 584.562714 606.237125 609.377335 606.945751 579.232710 548.694880 -9999.0 -9999.0 -9999.0 -9999.0 -9999.0 -9999.0 -9999.0 -9999.0 -9999.0 -9999.0 -9999.0 -9999.0 -9999.0 -9999.0 -9999.0 -9999.0 -9999.0 -9999.0 -9999.0
-9999.0 -9999.0 -9999.0 -9999.0 -9999.0 -9999.0 -9999.0 -9999.0 -9999.0 -9999.0 -9999.0 -9999.0 -9999.0 -9999.0 446.128478 436.636757 434.223720 443.206127 477.475940 508.251888 520.945333 513.971430 514.546360 491.631844 472.128161 487.487441 518.455723 550.943247 585.743443 606.162294 594.797980 593.493415 605.587903 635.069033 652.762398 653.397428 635.594426 659.996691 676.191450 684.610175 683.291589 674.256209 687.141354 702.561110 695.589013 678.689878 683.940681 695.894139 707.847522 691.488016 624.022052 600.532528 594.333643 586.292065 571.350866 563.508528 586.997173 585.945678 576.586298 557.734395 524.427913 479.721489 460.871544 498.957935 542.529736 599.630729 -9999.0 -9999.0 -9999.0 -9999.0 -9999.0 -9999.0 -9999.0 -9999.0 -9999.0 -9999.0 -9999.0 -9999.0 -9999.0 -9999.0
-9999.0 -9999.0 -9999.0 -9999.0 -9999.0 -9999.0 -9999.0 -9999.0 -9999.0 388.245443 392.661867 400.156026 402.578755 418.495364 416.642008 424.149173 432.081376 459.446427 491.424675 527.680459 557.680105 549.335451 550.611615 562.527259 569.251106 584.936112 609.326138 651.204101 691.613190 731.959427 703.490803 702.740869 726.107310 782.832775 829.285257 844.251487 830.423417 839.593574 864.661945 885.876453 883.459533 879.957920 903.125724 915.676050 917.818760 899.653735 888.175624 889.063891 912.954715 857.700262 783.129620 721.207908 719.557470 687.470441 647.146926 623.588403 616.838137 634.978614 618.111690 579.472082 541.744802 529.979613 511.825424 527.801756 549.418620 595.284317 633.420342 661.417651 660.764921 643.020628 -9999.0 -9999.0 -9999.0 -9999.0 -9999.0 -9999.0 -9999.0 -9999.0 -9999.0 -9999.0
-9999.0 -9999.0 -9999.0 -9999.0 -9999.0 -9999.0 309.149679 318.671176 339.080402 344.382984 369.708207 377.499107 398.396293 418.081291 439.825510 457.306141 488.672738 522.638597 565.497573 611.741824 647.383103 644.837028 656.438050 690.195255 736.351502 777.746002 810.711971 852.690287 926.457686 965.020986 972.495129 978.941145 996.176458 1065.245478 1158.956473 1188.511789 1176.445518 1165.422394 1183.128459 1213.403389 1215.372691 1213.762654 1220.570627 1227.583726 1251.816272 1245.991326 1213.701094 1203.032210 1199.327394 1178.018625 1099.039561 1006.517792 961.610320 911.668812 828.951241 766.804521 758.970577 769.387456 736.255183 679.944029 635.263116 621.382792 604.199778 588.864308 593.208073 611.164052 632.823615 643.248483 629.790294 608.315011 584.935348 555.623214 556.902269 581.838309 -9999.0 -9999.0 -9999.0 -9999.0 -9999.0 -9999.0
-9999.0 -9999.0 -9999.0 -9999.0 259.016738 271.961644 260.284589 285.172560 318.033843 352.330211 384.990171 422.697499 450.470108 481.196385 523.282221 561.219893 606.324632 644.074594 702.602431 778.861578 841.697505 872.029117 888.646615 949.454709 1023.648531 1109.399924 1147.561481 1176.359248 1210.786559 1259.795589 1280.649380 1285.867403 1305.080608 1345.260583 1400.052115 1437.784621 1427.496181 1424.093170 1429.421759 1437.391522 1456.897215 1455.881266 1456.248841 1457.237384 1460.656463 1462.051676 1444.116942 1416.660776 1404.859762 1393.155320 1359.124783 1286.234288 1247.897242 1223.034403 1193.279006 1131.906485 1033.002493 1001.192806 940.408131 880.654456 809.024534 776.652671 740.204345 710.627035 676.907696 675.082085 675.954208 654.243395 621.563866 588.471301 572.558377 553.000122 541.657743 571.074587 588.298203 618.635011 -9999.0 -9999.0 -9999.0 -9999.0
-9999.0 -9999.0 199.909838 249.287555 306.148251 315.436239 317.364495 323.687223 352.330399 404.812489 482.838342 536.343130 580.996417 614.825003 677.149227 764.704419 845.358254 898.114828 962.943023 1049.203335 1140.777628 1184.650555 1201.173058 1235.279046 1288.108596 1355.472288 1386.583899 1410.896693 1434.198893 1458.444230 1469.484188 1482.456075 1490.465566 1493.749047 1500.907520 1504.586914 1504.542803 1503.396006 1488.226499 1485.564848 1491.618494 1494.971284 1496.904285 1484.347194 1480.531455 1493.690796 1498.050431 1499.285433 1499.989168 1505.468729 1507.399227 1470.189388 1432.645224 1421.443396 1413.727146 1368.597395 1299.242279 1256.941758 1236.864833 1193.561772 1099.884960 1023.788467 962.554004 905.903600 841.772971 802.488461 750.885340 706.134266 658.294186 610.902952 585.800112 566.154539 562.581908 561.873959 577.371446 592.426568 607.530116 615.193173 -9999.0 -9999.0
-9999.0 98.417616 171.074013 298.235640 378.647112 424.980853 462.651570 490.059093 518.392115 542.010691 651.433509 754.597003 847.074008 882.730886 937.904285 1051.795967 1164.107901 1213.959242 1251.322616 1307.853501 1372.333748 1418.344502 1442.722743 1457.681515 1489.127904 1500.793839 1505.119686 1508.102320 1502.034198 1492.045419 1481.107845 1486.969291 1484.236989 1466.701088 1451.262875 1449.285036 1447.383188 1429.914547 1408.597132 1398.380176 1402.251410 1423.322280 1413.189097 1395.030057 1391.482991 1409.658879 1425.655705 1417.612735 1406.570315 1421.800762 1452.228947 1471.970250 1485.013963 1500.952468 1520.014731 1493.723507 1463.298367 1426.497950 1411.145753 1385.230198 1328.769344 1267.031741 1214.033914 1145.739902 1048.808841 962.908796 887.723699 820.915172 751.891557 707.908214 673.006571 618.969571 594.524613 594.437418 584.421657 581.045732 586.881066 593.061210 -9999.0 -9999.0
-9999.0 21.583572 164.686219 350.518438 500.425937 565.997585 683.929717 769.481771 798.251292 775.316720 888.820828 1130.328473 1229.381346 1243.557510 1308.356976 1391.464245 1421.731782 1453.638930 1474.057880 1480.103723 1486.577591 1495.054517 1492.468577 1486.524967 1474.251358 1469.932359 1472.027422 1471.886623 1456.796066 1437.435969 1418.656745 1414.266089 1397.326911 1353.885276 1313.116931 1292.471670 1279.635692 1265.397218 1239.550564 1219.168590 1208.335695 1225.529543 1218.711110 1203.379800 1199.369258 1218.412010 1246.826675 1240.795162 1246.748742 1267.999855 1309.389042 1353.455010 1377.122006 1404.005844 1435.743951 1474.659625 1489.724722 1510.674584 1515.248534 1495.287663 1456.124652 1411.334188 1384.216601 1328.325908 1253.121469 1167.969730 1079.679344 1003.931001 928.695105 872.329198 813.621602 747.158956 684.789029 656.110848 615.028471 594.019430 -9999.0 -9999.0 -9999.0 -9999.0
-9999.0 -51.957037 137.917123 400.694323 674.677232 808.991932 1043.446901 1177.255372 1232.894437 1296.791989 1295.113738 1426.847396 1459.271786 1452.274626 1444.747409 1447.828746 1462.599135 1465.273947 1459.567817 1448.117776 1439.845479 1436.925082 1436.313007 1430.961429 1422.449715 1412.255186 1403.849927 1395.180827 1360.663438 1322.515911 1280.647620 1263.205571 1225.578378 1127.244611 1055.304151 1005.864430 947.099994 941.769478 936.748033 911.148464 893.892565 876.563200 897.089874 899.935204 901.200208 905.006009 921.694447 942.623981 986.362860 1027.825677 1088.173566 1166.387131 1209.277437 1252.467026 1299.154640 1358.273603 1390.208840 1418.074608 1460.033815 1494.813442 1516.773509 1508.534089 1484.439336 1448.285399 1388.199777 1330.739640 1283.922182 1217.057470 1153.308965 1080.819559 1005.117568 928.375937 842.626136 747.271152 702.621454 -9999.0 -9999.0 -9999.0 -9999.0 -9999.0
-9999.0 -221.401546 46.855736 340.422314 670.282906 1022.353080 1159.215094 1291.229818 1367.755033 1337.056259 1341.964336 1362.685790 1399.208110 1405.160496 1388.003422 1382.690381 1373.168138 1370.030361 1374.665401 1338.122497 1304.530642 1290.357688 1290.232670 1280.748690 1261.915383 1249.343511 1240.871321 1223.760632 1173.141045 1101.263455 996.414762 959.979193 883.313719 819.200576 764.358742 709.977022 657.455160 656.295700 673.802620 659.514626 638.229979 620.286214 646.539180 663.319949 674.741839 663.679601 672.099901 707.054951 756.228890 801.443254 856.660043 920.120303 971.407216 1025.957854 1074.112594 1154.140542 1211.122206 1259.298818 1335.559432 1408.120172 1439.777785 1472.152172 1506.399838 1525.128769 1481.736205 1442.004089 1403.266379 1357.793402 1289.201450 1246.751137 1207.996820 1129.479676 1026.998460 -9999.0 -9999.0 -9999.0 -9999.0 -9999.0 -9999.0 -9999.0
-9999.0 -351.560122 -126.645981 111.971538 406.278847 651.017529 841.810866 964.699466 1073.572796 1115.032292 1149.483819 1180.128509 1207.014064 1227.204271 1207.996621 1174.500299 1148.007487 1146.534096 1127.683452 1071.939098 1024.043497 1001.875921 998.241599 991.059992 966.786307 953.246764 943.741012 921.611085 884.634175 821.714814 733.418085 659.749865 597.119584 561.813981 529.179160 494.562373 456.951074 467.492595 481.582629 478.080146 467.094866 463.720138 493.286169 512.091759 522.082216 509.477844 527.985719 554.552926 596.126613 638.844614 688.517056 745.140702 799.859613 832.165469 853.368977 891.572217 939.697128 1006.551483 1124.099877 1227.369421 1304.930887 1357.849710 1408.430564 1442.702226 1460.735869 1482.304003 1467.010775 1397.410011 1288.534729 1314.356291 1319.812566 -9999.0 -9999.0 -9999.0 -9999.0 -9999.0 -9999.0 -9999.0 -9999.0 -9999.0
-9999.0 -9999.0 -362.796589 -178.883909 -30.004809 154.293888 306.302151 418.409220 509.286552 619.391824 721.925694 802.267052 843.773132 860.057188 844.937797 809.370839 784.750845 781.214211 764.495738 741.387948 712.408986 700.722068 689.671845 681.766021 670.689675 664.950147 660.103895 648.862122 625.603098 576.624654 523.631381 470.472229 415.901528 389.950237 367.300637 344.728185 342.097613 339.495407 346.076812 347.720273 354.013301 366.309078 386.869770 408.510016 417.987631 425.662153 437.956802 461.416283 494.404858 536.039697 589.367850 646.291569 685.525166 698.714883 691.363055 700.308281 725.038308 774.017827 868.128278 962.867325 1073.670870 1171.933955 1253.579290 1313.318573 1343.942851 1369.664670 1392.603373 1324.346702 934.379889 1234.149306 -9999.0 -9999.0 -9999.0 -9999.0 -9999.0 -9999.0 -9999.0 -9999.0 -9999.0 -9999.0
-9999.0 -9999.0 -9999.0 -9999.0 -323.285640 -166.274743 -70.466650 13.408491 140.287557 256.676024 354.541665 434.673126 491.642868 516.313396 508.064248 506.999635 499.361782 492.823262 481.141958 474.497572 468.638868 459.840057 446.882299 439.471230 439.738946 444.185520 442.188663 428.956686 412.032288 386.449324 363.475115 328.174264 291.288721 261.900403 248.660473 242.220981 242.319140 236.375761 245.755043 252.716220 267.890791 283.372741 307.379700 336.013561 349.044057 363.347216 372.899462 393.392594 423.340431 476.158989 538.809540 595.413608 629.875641 633.728591 608.568883 593.541120 591.056303 620.709789 670.064220 742.726052 851.287432 936.299549 1008.662710 1077.889215 1148.790214 1215.362148 1293.613876 1328.986454 -9999.0 -9999.0 -9999.0 -9999.0 -9999.0 -9999.0 -9999.0 -9999.0 -9999.0 -9999.0 -9999.0 -9999.0
-9999.0 -9999.0 -9999.0 -9999.0 -9999.0 -9999.0 -374.362619 -275.906225 -190.735025 -60.298513 61.271395 157.978195 234.816631 262.534003 283.533657 307.347945 303.219958 284.670430 265.897109 282.143063 292.586997 286.783824 258.128733 257.193259 261.478797 270.652727 269.305971 263.246662 238.405518 247.823333 247.128929 223.909893 197.832530 183.659759 172.025836 181.906910 182.603949 169.813599 171.650779 198.133970 218.166219 231.578890 253.859608 287.036368 319.114047 333.653037 334.617802 340.610740 381.277442 451.193271 521.734369 575.662763 606.753366 614.043692 585.852241 545.097828 523.925321 530.987849 566.465511 620.991454 699.907651 754.274914 790.272234 820.326889 860.487940 961.077442 -9999.0 -9999.0 -9999.0 -9999.0 -9999.0 -9999.0 -9999.0 -9999.0 -9999.0 -9999.0 -9999.0 -9999.0 -9999.0 -9999.0
-9999.0 -9999.0 -9999.0 -9999.0 -9999.0 -9999.0 -9999.0 -9999.0 -9999.0 -9999.0 -9999.0 -9999.0 -9999.0 -9999.0 -9999.0 -9999.0 -9999.0 -9999.0 -9999.0 -9999.0 -9999.0 -9999.0 -9999.0 -9999.0 -9999.0 -9999.0 -9999.0 -9999.0 -9999.0 -9999.0 -9999.0 -9999.0 -9999.0 -9999.0 -9999.0 -9999.0 -9999.0 -9999.0 -9999.0 -9999.0 -9999.0 -9999.0 -9999.0 -9999.0 -9999.0 -9999.0 -9999.0 -9999.0 -9999.0 -9999.0 -9999.0 -9999.0 -9999.0 -9999.0 -9999.0 -9999.0 -9999.0 -9999.0 -9999.0 -9999.0 -9999.0 -9999.0 -9999.0 -9999.0 -9999.0 -9999.0 -9999.0 -9999.0 -9999.0 -9999.0 -9999.0 -9999.0 -9999.0 -9999.0 -9999.0 -9999.0 -9999.0 -9999.0 -9999.0 -9999.0
-9999.0 -9999.0 -9999.0 -9999.0 -9999.0 -9999.0 -9999.0 -9999.0 -9999.0 -9999.0 -9999.0 -9999.0 -9999.0 -9999.0 -9999.0 -9999.0 -9999.0 -9999.0 -9999.0 -9999.0 -9999.0 -9999.0 -9999.0 -9999.0 -9999.0 -9999.0 -9999.0 -9999.0 -9999.0 -9999.0 -9999.0 -9999.0 -9999.0 -9999.0 -9999.0 -9999.0 -9999.0 -9999.0 -9999.0 -9999.0 -9999.0 -9999.0 -9999.0 -9999.0 -9999.0 -9999.0 -9999.0 -9999.0 -9999.0 -9999.0 -9999.0 -9999.0 -9999.0 -9999.0 -9999.0 -9999.0 -9999.0 -9999.0 -9999.0 -9999.0 -9999.0 -9999.0 -9999.0 -9999.0 -9999.0 -9999.0 -9999.0 -9999.0 -9999.0 -9999.0 -9999.0 -9999.0 -9999.0 -9999.0 -9999.0 -9999.0 -9999.0 -9999.0 -9999.0 -9999.0