Borden_/Borden1m_014/output_maps/psiliqL0017N0010.asc
ncols         80
nrows         18
xllcorner     620200.000000
yllcorner     5168000.000000
cellsize      1.000000
NODATA_value  -9999.0
-9999.0 -9999.0 -9999.0 -9999.0 -9999.0 -9999.0 -9999.0 -9999.0 -9999.0 -9999.0 -9999.0 -9999.0 -9999.0 -9999.0 -9999.0 -9999.0 -9999.0 -9999.0 -9999.0 -9999.0 -9999.0 -9999.0 -9999.0 -9999.0 -9999.0 -9999.0 -9999.0 -9999.0 -9999.0 -9999.0 -9999.0 -9999.0 -9999.0 -9999.0 -9999.0 -9999.0 -9999.0 -9999.0 -9999.0 -9999.0 -9999.0 -9999.0 -9999.0 -9999.0 -9999.0 -9999.0 -9999.0 -9999.0 -9999.0 -9999.0 -9999.0 -9999.0 -9999.0 -9999.0 -9999.0 -9999.0 -9999.0 -9999.0 -9999.0 -9999.0 -9999.0 -9999.0 -9999.0 -9999.0 -9999.0 -9999.0 -9999.0 -9999.0 -9999.0 -9999.0 -9999.0 -9999.0 -9999.0 -9999.0 -9999.0 -9999.0 -9999.0 -9999.0 -9999.0 -9999.0
-9999.0 -9999.0 -9999.0 -9999.0 -9999.0 -9999.0 -9999.0 -9999.0 -9999.0 -9999.0 -9999.0 -9999.0 -9999.0 -9999.0 -9999.0 -9999.0 -9999.0 -9999.0 -9999.0 -9999.0 -9999.0 -9999.0 -9999.0 -9999.0 -9999.0 -9999.0 -9999.0 -9999.0 -9999.0 -9999.0 -9999.0 -9999.0 -9999.0 -9999.0 -9999.0 -9999.0 -9999.0 -9999.0 -9999.0 -9999.0 -9999.0 -9999.0 -9999.0 -9999.0 -9999.0 -9999.0 -9999.0 -9999.0 -9999.0 -9999.0 -9999.0 -9999.0 -9999.0 -9999.0 -9999.0 -9999.0 -9999.0 -9999.0 -9999.0 -9999.0 -9999.0 -9999.0 -9999.0 -9999.0 -9999.0 -9999.0 -9999.0 -9999.0 -9999.0 -9999.0 -9999.0 -9999.0 -9999.0 -9999.0 -9999.0 -9999.0 -9999.0 -9999.0 -9999.0 -9999.0
-9999.0 -9999.0 -9999.0 -9999.0 -9999.0 -9999.0 -9999.0 -9999.0 -9999.0 -9999.0 -9999.0 -9999.0 -9999.0 -9999.0 -9999.0 -9999.0 -9999.0 -9999.0 -9999.0 -9999.0 1547.679999 1550.405913 1529.372230 1496.840869 1470.380469 1474.254527 1510.106949 1552.585806 1592.255690 1602.586889 1585.726032 1590.404593 1588.404044 1589.498433 1594.851889 1605.128514 1612.575414 1624.967547 1633.777037 1633.080653 1626.550919 1621.174933 1621.636559 1623.921924 1629.293195 1617.431089 1631.673063 1646.316699 1649.721882 1642.648991 1613.336321 1595.551644 1583.997164 1566.053536 1588.826622 1598.308784 1618.717067 1620.662764 1616.999309 1588.691049 1557.771534 -9999.0 -9999.0 -9999.0 -9999.0 -9999.0 -9999.0 -9999.0 -9999.0 -9999.0 -9999.0 -9999.0 -9999.0 -9999.0 -9999.0 -9999.0 -9999.0 -9999.0 -9999.0 -9999.0
-9999.0 -9999.0 -9999.0 -9999.0 -9999.0 -9999.0 -9999.0 -9999.0 -9999.0 -9999.0 -9999.0 -9999.0 -9999.0 -9999.0 1453.556084 1444.975773 1443.394293 1452.919031 1487.658968 1519.136962 1531.641372 1525.309455 1526.625120 1504.332223 1485.165285 1501.142793 1532.997470 1565.842206 1600.898310 1621.022785 1610.916759 1610.596500 1622.684254 1650.790007 1667.148372 1668.426672 1652.521209 1678.173000 1693.938713 1701.145476 1699.643785 1690.194699 1701.132242 1715.674933 1708.541972 1692.287073 1699.502489 1711.864528 1721.966347 1706.687871 1640.420291 1618.803620 1611.390872 1602.845949 1586.799679 1578.568588 1601.816472 1598.982323 1588.703184 1569.144531 1534.949455 1489.729434 1469.775711 1507.415844 1549.739203 1605.556565 -9999.0 -9999.0 -9999.0 -9999.0 -9999.0 -9999.0 -9999.0 -9999.0 -9999.0 -9999.0 -9999.0 -9999.0 -9999.0 -9999.0
-9999.0 -9999.0 -9999.0 -9999.0 -9999.0 -9999.0 -9999.0 -9999.0 -9999.0 1393.866856 1399.400135 1407.555658 1410.974547 1427.469091 1425.519663 1433.770767 1441.565637 1470.302365 1502.822164 1539.499518 1569.676978 1562.522934 1564.268207 1574.757716 1578.836567 1593.558201 1618.332911 1659.848195 1697.424124 1736.447682 1707.236922 1706.464147 1729.425796 1781.573695 1819.655072 1831.513436 1817.865682 1831.095059 1856.163041 1875.514522 1872.733782 1868.063407 1891.432147 1904.523630 1903.595707 1884.400703 1876.795939 1879.443652 1903.866243 1848.998538 1777.017442 1723.376304 1726.167033 1696.269917 1659.438262 1638.196065 1631.962139 1648.585229 1631.393804 1592.534515 1554.805595 1541.475789 1522.071523 1538.075369 1558.583572 1603.046406 1640.658909 1667.832688 1665.895420 1647.456697 -9999.0 -9999.0 -9999.0 -9999.0 -9999.0 -9999.0 -9999.0 -9999.0 -9999.0 -9999.0
-9999.0 -9999.0 -9999.0 -9999.0 -9999.0 -9999.0 1313.902908 1324.540013 1346.023495 1351.045139 1377.774442 1385.849607 1407.320463 1427.420674 1450.450141 1467.791343 1498.611529 1533.001203 1575.318708 1620.493405 1655.293036 1651.457456 1662.885956 1692.925078 1733.308673 1766.602195 1796.828387 1838.557934 1912.289915 1950.483913 1953.280308 1958.781314 1973.320206 2031.858433 2107.166479 2129.305099 2115.007551 2104.128105 2125.331468 2159.679544 2160.967525 2159.861548 2170.002316 2178.939848 2204.770454 2196.566435 2160.439055 2149.839482 2148.580407 2125.821087 2054.089614 1982.756034 1947.757805 1897.126324 1813.147760 1756.900151 1760.264595 1774.857639 1743.573532 1687.656170 1645.065150 1631.831440 1614.305346 1599.488355 1604.306943 1621.584693 1641.718592 1651.178519 1636.373751 1613.591569 1589.690806 1559.600835 1560.313330 1584.544490 -9999.0 -9999.0 -9999.0 -9999.0 -9999.0 -9999.0
-9999.0 -9999.0 -9999.0 -9999.0 1262.838609 1276.724017 1265.091336 1291.845306 1325.894326 1361.475809 1393.943690 1431.294252 1459.273011 1490.438156 1531.136151 1565.209718 1607.657168 1644.846266 1701.827519 1774.253215 1830.546952 1856.296219 1872.166513 1930.998009 1997.152781 2059.093377 2088.054114 2118.117331 2160.264310 2215.036721 2238.289705 2244.087657 2264.371734 2307.259877 2363.749083 2404.397210 2393.069242 2388.540392 2396.463403 2407.652203 2429.020486 2428.718375 2429.588188 2431.853774 2437.040523 2437.098702 2414.679047 2382.942816 2367.550647 2354.328665 2317.297934 2243.116538 2204.319835 2174.485242 2136.832444 2078.293146 2007.545011 1988.601572 1928.493757 1868.231873 1803.561076 1778.802795 1745.511468 1717.722775 1686.682951 1686.211058 1687.330892 1664.602583 1629.899500 1595.593197 1578.672989 1558.070986 1545.227770 1574.032583 1590.491866 1619.844021 -9999.0 -9999.0 -9999.0 -9999.0
-9999.0 -9999.0 1201.859018 1250.626438 1308.954333 1318.968165 1319.969556 1327.400108 1357.665023 1411.489909 1486.316103 1535.867327 1577.057691 1612.160396 1672.688461 1751.774819 1825.293411 1876.391775 1941.251812 2019.446094 2091.099001 2128.470934 2145.458673 2185.243444 2242.612028 2312.095881 2344.543757 2372.837564 2403.222673 2433.893353 2438.457733 2450.776231 2460.811192 2468.235432 2479.187144 2485.634664 2484.755870 2482.790640 2466.435483 2463.021379 2469.576815 2475.089111 2475.762289 2462.185145 2458.384957 2472.600739 2477.882581 2477.403466 2475.764582 2480.520777 2479.541489 2437.140196 2404.606671 2389.630280 2376.714473 2328.161814 2258.206910 2215.927147 2191.960234 2145.630429 2062.616250 2006.191241 1952.197782 1901.174922 1844.500579 1810.784760 1761.494220 1716.614882 1667.779114 1619.008516 1592.795592 1572.389241 1567.619859 1565.385311 1580.150139 1594.274419 1608.793931 1616.155898 -9999.0 -9999.0
-9999.0 1096.775433 1169.416945 1295.824731 1377.424378 1423.317079 1453.683207 1475.747322 1506.651831 1537.150741 1640.731825 1724.616328 1815.633839 1854.773762 1906.289933 2007.699339 2108.164640 2158.955856 2201.485034 2264.309404 2331.336658 2382.772137 2411.695926 2416.862140 2453.896397 2474.141321 2481.625417 2487.364406 2484.089956 2474.172049 2463.733109 2468.579381 2464.148804 2444.575973 2427.934234 2425.529615 2422.642830 2402.013158 2376.444376 2363.493177 2366.599183 2390.866438 2378.546527 2358.080951 2354.238522 2375.199319 2395.276174 2386.501350 2374.171406 2391.952073 2426.089240 2449.248365 2458.984153 2476.565078 2496.493222 2468.518274 2439.847428 2397.367056 2377.291295 2347.707575 2288.007970 2225.787543 2169.623806 2105.201817 2031.398772 1958.501598 1890.293054 1825.041698 1756.522496 1711.993339 1676.888140 1623.191154 1599.405264 1598.543226 1587.940873 1583.551730 1588.312880 1594.075484 -9999.0 -9999.0
-9999.0 1012.975641 1155.242401 1339.784021 1490.049100 1549.961170 1649.371297 1727.996274 1756.513836 1726.769977 1836.830420 2060.728516 2171.106358 2190.899774 2264.806823 2357.905111 2373.589931 2408.285200 2432.299147 2447.544101 2460.912946 2473.679840 2473.187895 2469.010560 2456.389386 2451.525732 2452.829759 2451.542420 2433.821528 2412.191544 2391.401539 2384.448036 2362.539440 2313.322104 2274.723440 2254.072299 2237.831836 2222.572137 2195.245274 2171.653472 2157.676635 2173.397170 2168.623602 2152.526049 2148.471479 2169.304939 2199.826628 2196.096860 2205.721754 2228.156900 2269.650332 2312.836078 2338.167296 2369.740049 2407.301824 2452.301385 2466.592847 2488.668697 2492.771202 2475.497325 2431.318487 2379.232409 2346.156003 2284.081110 2209.642709 2127.154899 2055.928857 1988.940018 1916.226405 1864.592815 1809.870746 1744.350761 1684.906736 1659.262006 1617.611163 1597.114417 -9999.0 -9999.0 -9999.0 -9999.0
-9999.0 929.075113 1115.879736 1371.775560 1655.685982 1766.506677 1980.387221 2112.397655 2170.244733 2243.324765 2205.563522 2368.946219 2413.744967 2411.191791 2414.874480 2420.808160 2437.539948 2440.332034 2435.349600 2424.001560 2414.965467 2411.524304 2411.030588 2404.918747 2394.851140 2382.532935 2370.975636 2359.157949 2320.419828 2282.552885 2239.818006 2220.851941 2177.099395 2078.980841 2027.288268 1984.264425 1925.051010 1921.970300 1921.240321 1896.092871 1878.505403 1857.221749 1881.230929 1887.672143 1890.268572 1890.902663 1905.263235 1930.018534 1976.116339 2015.235760 2064.939634 2125.003856 2165.444039 2211.462038 2259.234195 2318.041716 2353.623438 2386.115641 2435.293375 2474.189460 2498.177935 2487.758750 2463.939433 2419.844658 2350.973110 2287.091605 2238.358100 2166.280714 2100.533325 2040.169324 1980.140670 1911.846907 1833.361777 1748.229220 1703.936299 -9999.0 -9999.0 -9999.0 -9999.0 -9999.0
-9999.0 740.247460 1007.550698 1292.483638 1602.758431 1942.788920 2092.797888 2219.679452 2297.411053 2276.602763 2293.379665 2314.831304 2358.010209 2367.510331 2349.015029 2340.593898 2327.985152 2325.270686 2332.940173 2300.317410 2267.019005 2252.073493 2251.675627 2241.195863 2219.941618 2205.882931 2196.454602 2176.556947 2125.869306 2066.896556 1975.744006 1939.025709 1859.313032 1803.265240 1755.252145 1702.424196 1651.509439 1651.985000 1671.987360 1659.904736 1639.250016 1621.841323 1649.458345 1668.360553 1680.760433 1667.974597 1676.008018 1711.223758 1760.567943 1805.807605 1858.362550 1917.085054 1966.647577 2017.258902 2054.345594 2112.101960 2166.211481 2216.556711 2293.444378 2374.158777 2413.821823 2450.905750 2485.279801 2504.499727 2456.797166 2413.382064 2367.247488 2312.269077 2237.958537 2190.032960 2152.223668 2079.442677 2002.324300 -9999.0 -9999.0 -9999.0 -9999.0 -9999.0 -9999.0 -9999.0
-9999.0 616.714119 830.506131 1053.196088 1332.984544 1573.738414 1778.724229 1890.637704 1980.005381 2034.155979 2080.197060 2118.368472 2149.753822 2173.210904 2153.400747 2113.675997 2083.713258 2083.942493 2070.734996 2036.368584 1999.268862 1980.626305 1976.687750 1970.265242 1947.570386 1935.325440 1926.357973 1904.321044 1870.666009 1811.379601 1728.641235 1652.839556 1591.409097 1559.996769 1529.273368 1495.906285 1461.255865 1472.042565 1485.232625 1483.267518 1474.231503 1472.359930 1501.772772 1521.058574 1531.037860 1519.378141 1538.145580 1564.093987 1605.188743 1648.672939 1698.784375 1755.281822 1810.343696 1841.168684 1858.000962 1887.585441 1930.981940 1989.866646 2083.676360 2183.933862 2266.696708 2320.572424 2376.344744 2416.563313 2437.063034 2453.829255 2437.765522 2368.451834 2273.911658 2268.796419 2263.234495 -9999.0 -9999.0 -9999.0 -9999.0 -9999.0 -9999.0 -9999.0 -9999.0 -9999.0
-9999.0 -9999.0 598.452646 771.584019 902.900538 1081.106095 1232.142638 1345.612506 1443.015417 1567.982290 1680.622914 1768.130772 1812.957173 1830.442567 1817.119564 1785.356355 1763.632475 1760.249213 1744.204225 1727.039453 1702.447817 1691.814834 1679.321719 1671.147315 1662.573847 1658.566205 1654.310148 1643.586795 1621.637975 1573.935472 1525.053556 1473.266025 1419.989740 1394.073743 1371.688121 1350.064905 1349.162528 1345.245555 1351.229571 1353.444172 1361.140168 1374.271487 1394.476137 1416.652215 1426.379765 1435.252705 1447.402415 1470.774680 1503.564813 1545.923173 1600.243896 1658.603112 1699.168867 1712.993828 1705.060371 1712.216694 1734.385565 1779.460572 1863.803224 1951.948123 2054.483495 2135.355628 2215.397240 2276.788090 2304.157597 2329.953503 2357.284458 2313.878532 2160.256718 2222.553497 -9999.0 -9999.0 -9999.0 -9999.0 -9999.0 -9999.0 -9999.0 -9999.0 -9999.0 -9999.0
-9999.0 -9999.0 -9999.0 -9999.0 630.566377 784.799367 882.726478 967.298459 1099.504451 1223.960809 1327.084130 1411.689126 1474.361953 1500.732250 1496.970301 1503.095606 1497.735476 1489.114512 1476.098684 1471.987831 1468.527864 1459.512157 1444.423376 1437.174539 1438.721014 1444.404463 1442.368530 1429.001794 1411.041423 1388.712842 1368.325542 1333.716960 1297.686816 1268.255460 1254.825242 1249.128872 1248.895236 1242.070481 1251.034757 1258.836109 1274.410629 1289.851523 1313.711618 1342.781636 1356.565581 1371.207303 1380.704445 1400.915506 1431.130545 1484.437729 1547.962803 1606.070270 1642.431116 1647.501535 1623.907461 1609.584570 1607.033497 1636.366544 1683.100266 1752.500108 1858.183098 1937.987898 2003.297712 2060.062211 2108.264304 2169.739270 2242.804144 2285.652126 -9999.0 -9999.0 -9999.0 -9999.0 -9999.0 -9999.0 -9999.0 -9999.0 -9999.0 -9999.0 -9999.0 -9999.0
-9999.0 -9999.0 -9999.0 -9999.0 -9999.0 -9999.0 591.603998 694.196096 774.776453 915.694124 1048.210776 1150.460242 1230.944276 1262.728527 1289.218388 1315.609284 1312.864887 1292.755552 1271.483179 1288.241342 1300.653156 1293.716479 1263.232268 1263.020853 1268.308309 1276.970504 1275.155713 1269.024052 1243.995627 1255.573114 1256.138993 1232.599349 1206.365070 1192.380589 1180.406393 1189.973747 1190.249165 1176.766860 1177.482845 1204.588142 1225.113790 1238.401139 1260.250111 1293.470683 1325.778748 1340.908332 1342.101354 1347.967184 1387.634997 1457.684794 1529.373278 1584.959378 1617.718233 1626.230575 1599.728063 1560.419398 1540.838067 1548.898021 1584.894292 1639.064818 1717.509787 1771.070241 1803.307353 1826.331668 1856.113818 1955.228192 -9999.0 -9999.0 -9999.0 -9999.0 -9999.0 -9999.0 -9999.0 -9999.0 -9999.0 -9999.0 -9999.0 -9999.0 -9999.0 -9999.0
-9999.0 -9999.0 -9999.0 -9999.0 -9999.0 -9999.0 -9999.0 -9999.0 -9999.0 -9999.0 -9999.0 -9999.0 -9999.0 -9999.0 -9999.0 -9999.0 -9999.0 -9999.0 -9999.0 -9999.0 -9999.0 -9999.0 -9999.0 -9999.0 -9999.0 -9999.0 -9999.0 -9999.0 -9999.0 -9999.0 -9999.0 -9999.0 -9999.0 -9999.0 -9999.0 -9999.0 -9999.0 -9999.0 -9999.0 -9999.0 -9999.0 -9999.0 -9999.0 -9999.0 -9999.0 -9999.0 -9999.0 -9999.0 -9999.0 -9999.0 -9999.0 -9999.0 -9999.0 -9999.0 -9999.0 -9999.0 -9999.0 -9999.0 -9999.0 -9999.0 -9999.0 -9999.0 -9999.0 -9999.0 -9999.0 -9999.0 -9999.0 -9999.0 -9999.0 -9999.0 -9999.0 -9999.0 -9999.0 -9999.0 -9999.0 -9999.0 -9999.0 -9999.0 -9999.0 -9999.0
-9999.0 -9999.0 -9999.0 -9999.0 -9999.0 -9999.0 -9999.0 -9999.0 -9999.0 -9999.0 -9999.0 -9999.0 -9999.0 -9999.0 -9999.0 -9999.0 -9999.0 -9999.0 -9999.0 -9999.0 -9999.0 -9999.0 -9999.0 -9999.0 -9999.0 -9999.0 -9999.0 -9999.0 -9999.0 -9999.0 -9999.0 -9999.0 -9999.0 -9999.0 -9999.0 -9999.0 -9999.0 -9999.0 -9999.0 -9999.0 -9999.0 -9999.0 -9999.0 -9999.0 -9999.0 -9999.0 -9999.0 -9999.0 -9999.0 -9999.0 -9999.0 -9999.0 -9999.0 -9999.0 -9999.0 -9999.0 -9999.0 -9999.0 -9999.0 -9999.0 -9999.0 -9999.0 -9999.0 -9999.0 -9999.0 -9999.0 -9999.0 -9999.0 -9999.0 -9999.0 -9999.0 -9999.0 -9999.0 -9999.0 -9999.0 -9999.0 -9999.0 -9999.0 -9999.0 -9999.0