Borden_/Borden1m_014/output_maps/psiliqL0008N0033.asc
ncols         80
nrows         18
xllcorner     620200.000000
yllcorner     5168000.000000
cellsize      1.000000
NODATA_value  -9999.0
-9999.0 -9999.0 -9999.0 -9999.0 -9999.0 -9999.0 -9999.0 -9999.0 -9999.0 -9999.0 -9999.0 -9999.0 -9999.0 -9999.0 -9999.0 -9999.0 -9999.0 -9999.0 -9999.0 -9999.0 -9999.0 -9999.0 -9999.0 -9999.0 -9999.0 -9999.0 -9999.0 -9999.0 -9999.0 -9999.0 -9999.0 -9999.0 -9999.0 -9999.0 -9999.0 -9999.0 -9999.0 -9999.0 -9999.0 -9999.0 -9999.0 -9999.0 -9999.0 -9999.0 -9999.0 -9999.0 -9999.0 -9999.0 -9999.0 -9999.0 -9999.0 -9999.0 -9999.0 -9999.0 -9999.0 -9999.0 -9999.0 -9999.0 -9999.0 -9999.0 -9999.0 -9999.0 -9999.0 -9999.0 -9999.0 -9999.0 -9999.0 -9999.0 -9999.0 -9999.0 -9999.0 -9999.0 -9999.0 -9999.0 -9999.0 -9999.0 -9999.0 -9999.0 -9999.0 -9999.0
-9999.0 -9999.0 -9999.0 -9999.0 -9999.0 -9999.0 -9999.0 -9999.0 -9999.0 -9999.0 -9999.0 -9999.0 -9999.0 -9999.0 -9999.0 -9999.0 -9999.0 -9999.0 -9999.0 -9999.0 -9999.0 -9999.0 -9999.0 -9999.0 -9999.0 -9999.0 -9999.0 -9999.0 -9999.0 -9999.0 -9999.0 -9999.0 -9999.0 -9999.0 -9999.0 -9999.0 -9999.0 -9999.0 -9999.0 -9999.0 -9999.0 -9999.0 -9999.0 -9999.0 -9999.0 -9999.0 -9999.0 -9999.0 -9999.0 -9999.0 -9999.0 -9999.0 -9999.0 -9999.0 -9999.0 -9999.0 -9999.0 -9999.0 -9999.0 -9999.0 -9999.0 -9999.0 -9999.0 -9999.0 -9999.0 -9999.0 -9999.0 -9999.0 -9999.0 -9999.0 -9999.0 -9999.0 -9999.0 -9999.0 -9999.0 -9999.0 -9999.0 -9999.0 -9999.0 -9999.0
-9999.0 -9999.0 -9999.0 -9999.0 -9999.0 -9999.0 -9999.0 -9999.0 -9999.0 -9999.0 -9999.0 -9999.0 -9999.0 -9999.0 -9999.0 -9999.0 -9999.0 -9999.0 -9999.0 -9999.0 -268.215742 -265.149204 -287.896125 -321.927128 -350.364717 -348.393867 -313.211756 -271.874716 -233.675464 -222.805165 -240.687019 -239.045378 -243.881847 -243.641793 -240.217725 -233.936481 -231.078472 -219.160553 -210.158296 -209.924868 -215.775931 -221.272949 -222.194941 -218.413689 -213.458803 -222.765882 -209.509913 -194.282554 -188.176258 -194.145924 -222.629782 -239.292975 -247.995153 -262.896593 -238.657500 -226.245330 -203.263966 -199.019215 -200.361862 -227.609449 -257.823565 -9999.0 -9999.0 -9999.0 -9999.0 -9999.0 -9999.0 -9999.0 -9999.0 -9999.0 -9999.0 -9999.0 -9999.0 -9999.0 -9999.0 -9999.0 -9999.0 -9999.0 -9999.0 -9999.0
-9999.0 -9999.0 -9999.0 -9999.0 -9999.0 -9999.0 -9999.0 -9999.0 -9999.0 -9999.0 -9999.0 -9999.0 -9999.0 -9999.0 -358.770883 -369.032013 -372.135529 -363.590792 -329.695061 -299.656568 -286.995795 -294.593683 -294.633334 -318.139136 -338.228623 -323.912611 -294.267626 -262.302666 -227.180852 -205.642256 -217.985138 -220.267859 -208.848473 -179.635252 -163.368148 -165.360116 -186.960402 -163.528996 -145.656693 -134.279729 -134.024440 -142.033641 -125.812450 -108.234580 -115.201213 -134.489563 -132.637353 -121.546631 -107.215539 -125.175915 -193.836745 -217.082626 -221.380450 -228.948634 -243.075284 -250.153984 -225.544352 -224.694949 -233.132223 -251.268004 -283.624222 -327.693112 -345.550295 -307.042599 -262.479251 -204.239021 -9999.0 -9999.0 -9999.0 -9999.0 -9999.0 -9999.0 -9999.0 -9999.0 -9999.0 -9999.0 -9999.0 -9999.0 -9999.0 -9999.0
-9999.0 -9999.0 -9999.0 -9999.0 -9999.0 -9999.0 -9999.0 -9999.0 -9999.0 -415.592648 -412.100234 -405.132656 -403.494181 -387.936054 -389.740227 -382.860952 -374.895154 -348.666758 -317.376954 -281.958367 -252.664815 -262.375788 -261.621558 -248.651485 -240.709107 -226.577417 -204.157239 -160.617697 -113.434167 -66.782889 -94.135928 -94.771936 -72.201228 -15.488875 30.929857 44.184970 22.317470 27.235879 59.747531 93.128661 98.873622 99.904564 129.297100 145.128032 150.716099 127.882964 101.889992 96.312056 121.636197 59.289550 -19.835971 -82.785256 -86.588923 -123.024701 -169.189277 -194.474920 -198.727129 -177.264214 -193.735012 -232.437778 -269.768872 -279.607613 -296.397421 -280.222112 -257.534542 -210.323838 -171.538803 -142.649765 -142.343105 -159.754971 -9999.0 -9999.0 -9999.0 -9999.0 -9999.0 -9999.0 -9999.0 -9999.0 -9999.0 -9999.0
-9999.0 -9999.0 -9999.0 -9999.0 -9999.0 -9999.0 -494.004385 -485.418303 -465.938450 -460.546347 -436.433287 -429.029918 -408.572697 -389.171131 -368.503307 -351.186473 -319.698719 -286.416965 -243.568190 -197.219906 -162.027466 -164.036753 -150.924201 -111.756412 -61.972059 -23.245303 7.581069 58.502931 152.346379 206.886911 225.040591 233.131194 243.718465 287.767805 348.741870 367.070216 346.033646 331.686287 352.321533 394.739694 425.378634 431.127551 439.972621 448.492435 473.498687 462.308313 401.365050 375.822451 366.548711 352.540112 297.817407 236.632607 188.079733 129.031552 30.481456 -40.644464 -45.416748 -32.551205 -69.561530 -129.156935 -176.289013 -189.218236 -205.477493 -220.819671 -216.174267 -197.076328 -173.805449 -162.480827 -174.998928 -195.579908 -218.632360 -247.309081 -245.513846 -219.938403 -9999.0 -9999.0 -9999.0 -9999.0 -9999.0 -9999.0
-9999.0 -9999.0 -9999.0 -9999.0 -543.478900 -531.339252 -543.175121 -519.937568 -488.266095 -455.296103 -422.838871 -385.164097 -357.656241 -327.302581 -284.320857 -243.906434 -196.360886 -156.802927 -94.849784 -15.044978 51.212253 89.568891 116.443816 187.771152 252.750833 303.517598 323.290560 352.401123 401.646268 481.214600 512.506601 519.034831 531.991978 565.096472 600.130258 634.755534 616.159937 615.764612 620.899170 632.395146 660.178482 662.848111 664.886044 665.889498 668.367836 667.606540 642.284481 608.183884 589.180514 584.027985 557.064868 496.330564 435.085674 398.607099 368.126715 320.414715 252.853485 226.591796 161.972298 94.439941 10.173963 -24.721691 -64.225746 -96.085180 -131.610095 -133.821105 -132.894186 -154.020023 -185.372001 -217.585473 -232.520506 -251.043964 -261.020028 -230.980400 -213.095318 -181.869654 -9999.0 -9999.0 -9999.0 -9999.0
-9999.0 -9999.0 -601.143717 -551.340798 -495.815025 -487.504932 -485.455894 -480.700185 -453.924321 -402.965547 -322.865085 -267.461530 -218.954950 -184.579486 -117.846339 -20.284692 77.372349 139.817265 206.726254 274.390875 335.260536 377.236193 416.037398 458.584444 503.824226 559.190864 580.538797 601.760651 636.479960 669.928273 692.604616 707.487756 713.206221 711.204419 710.924699 710.434565 707.150765 702.918969 685.928073 683.852751 691.928907 695.692057 698.811291 686.342994 682.437713 694.734679 696.379048 695.681746 695.308644 703.696206 711.555429 679.344887 627.864289 610.039532 599.688566 564.064268 501.502540 441.555573 413.649343 370.890471 291.537977 237.619432 180.440156 118.256198 48.234007 1.815185 -55.317910 -102.387530 -150.829190 -197.253862 -221.025960 -239.504453 -241.606679 -240.803150 -224.555343 -208.691182 -193.096084 -185.186540 -9999.0 -9999.0
-9999.0 -699.610036 -627.142205 -499.660446 -420.882179 -375.559725 -334.231407 -303.917173 -278.018792 -261.159092 -144.775234 -22.203472 88.169331 129.307167 191.189349 293.808646 404.741232 448.150711 479.316985 528.103912 576.309431 625.324106 655.158000 683.418412 710.371129 711.606041 710.485175 710.720020 704.938274 698.117632 688.533551 695.133023 692.783181 676.577291 662.255128 659.710859 652.743121 627.782005 600.204288 586.820578 590.811370 612.067768 601.637375 581.762700 578.165504 598.133353 614.750482 606.300675 590.795968 611.813558 646.288166 667.643008 682.576385 696.529881 716.802682 694.554399 662.109924 620.401294 596.837392 571.421767 500.921288 436.750996 381.419724 316.671974 249.843634 174.803563 99.225707 23.651165 -53.637810 -98.396919 -132.454662 -186.120451 -210.118088 -208.892382 -218.198424 -220.649197 -213.935348 -207.419872 -9999.0 -9999.0
-9999.0 -770.705906 -627.389690 -441.330674 -293.631336 -227.897322 -101.912255 -5.303315 33.083500 10.977270 144.307814 385.106512 470.270546 481.525848 543.935581 620.076666 658.814883 686.218911 703.440425 701.282962 699.219770 705.206908 702.284053 695.822164 682.115520 674.398161 673.432049 669.937863 650.417407 631.059307 613.428615 605.650273 591.823152 556.336948 524.613348 507.793342 482.920769 453.573558 416.196804 388.822804 375.533862 394.268603 384.592055 366.286322 362.586711 386.316363 419.506169 414.091445 419.444708 442.893299 486.695213 538.502867 562.463833 589.336633 626.699323 669.345557 687.882136 707.363472 711.949869 689.034029 642.797564 597.019350 562.445066 487.197290 411.121981 329.789043 267.333914 208.346781 135.096332 78.431221 17.543553 -50.649220 -114.716172 -145.998077 -186.677844 -208.131857 -9999.0 -9999.0 -9999.0 -9999.0
-9999.0 -835.604100 -644.130779 -377.362685 -113.946504 36.409950 242.763930 381.782005 468.846768 508.920407 553.892545 661.247286 683.699231 673.549004 656.838355 657.000934 670.035309 673.395146 669.227725 658.779912 646.843318 643.243079 639.475266 633.821665 621.947386 606.953059 594.157161 578.914095 526.984462 490.822866 458.988506 442.775927 407.257639 318.737999 277.290146 246.448142 190.107017 176.417189 161.147243 127.644100 105.340550 88.008210 107.615572 107.135827 107.797056 117.641097 141.616215 163.552807 208.994122 246.306014 290.082595 344.383469 379.772754 424.301710 475.636458 544.584965 577.014826 604.510993 646.506898 690.138969 712.177603 703.874570 673.721374 630.496749 561.499586 479.709240 425.376124 350.484212 286.421867 237.842022 197.459106 143.847344 64.853215 -48.897176 -96.591852 -9999.0 -9999.0 -9999.0 -9999.0 -9999.0
-9999.0 -988.475222 -721.006537 -422.946113 -82.150588 247.076814 360.178694 534.771965 610.538408 548.077521 518.171905 554.468224 593.963788 598.946521 577.772031 569.778558 562.075103 561.905527 573.486288 543.724018 501.888353 485.656106 483.517780 471.620453 448.705020 430.155349 415.855069 393.909174 341.097885 292.078149 219.394457 191.015023 109.998369 29.081077 -27.510267 -81.558110 -137.643985 -141.680807 -127.336578 -145.718294 -169.338345 -188.856806 -162.938434 -147.337095 -136.201541 -145.409908 -135.211662 -98.188029 -44.938167 5.229072 67.417131 135.444341 189.248394 244.113559 279.361557 334.606489 382.935741 431.009739 506.203757 594.745442 629.477385 664.350315 699.731099 714.192668 667.237140 615.463211 559.293072 478.073471 381.111988 334.878330 315.415931 287.709565 238.121926 -9999.0 -9999.0 -9999.0 -9999.0 -9999.0 -9999.0 -9999.0
-9999.0 -1122.854890 -890.270272 -641.042221 -338.377573 -92.765429 105.457170 230.912902 329.467147 306.174082 311.161236 340.725396 372.409005 394.315764 371.209757 335.022386 309.076425 312.520544 311.439542 286.713632 256.244371 241.609217 240.029514 232.032671 204.149503 185.106397 170.954407 143.791585 99.049998 30.626085 -63.787135 -136.986026 -202.890471 -241.703287 -273.813839 -308.096765 -347.937400 -337.667003 -323.144826 -328.168064 -340.988153 -345.791755 -316.121419 -297.816339 -287.796412 -301.109823 -282.620636 -255.319484 -212.710601 -169.650758 -119.306384 -60.707018 -0.959376 37.771403 61.727969 102.383329 154.933239 219.749571 306.245312 404.429361 480.609100 540.883694 592.038046 619.213976 636.733101 654.125478 633.236958 547.393829 395.426831 375.155601 375.188258 -9999.0 -9999.0 -9999.0 -9999.0 -9999.0 -9999.0 -9999.0 -9999.0 -9999.0
-9999.0 -9999.0 -1127.245521 -935.976827 -774.480104 -588.865333 -437.884789 -328.841588 -252.697908 -164.137350 -72.568928 9.618867 57.841488 77.395902 55.858478 7.454334 -23.106804 -23.758589 -34.090791 -50.255808 -77.215137 -87.823185 -97.961168 -106.644753 -121.619176 -130.456828 -137.083807 -149.933036 -175.138312 -224.909359 -280.091547 -333.451410 -389.002475 -414.632264 -436.947360 -459.950473 -463.788459 -465.347748 -458.362314 -457.236723 -452.113407 -440.526538 -419.672010 -398.412758 -389.107559 -382.330966 -369.823681 -346.204356 -313.058498 -272.148114 -219.622742 -163.304807 -124.091967 -110.880415 -118.986379 -110.360890 -83.737084 -30.370962 75.949174 181.641886 277.564007 350.295960 422.561621 471.680070 490.601955 520.625216 540.648215 454.154510 225.938407 314.563646 -9999.0 -9999.0 -9999.0 -9999.0 -9999.0 -9999.0 -9999.0 -9999.0 -9999.0 -9999.0
-9999.0 -9999.0 -9999.0 -9999.0 -1078.950380 -922.057950 -829.164407 -747.459242 -628.784606 -521.827686 -430.619653 -354.741652 -302.448946 -278.957678 -291.201840 -298.324803 -307.259043 -310.839586 -319.449608 -325.506966 -331.737801 -339.768689 -351.003672 -358.811904 -359.933717 -356.774155 -358.964811 -372.230767 -388.256677 -416.207434 -440.817819 -476.304954 -513.537380 -542.644794 -555.570218 -562.535575 -562.150037 -567.434839 -557.761182 -551.522251 -536.711504 -521.272315 -497.260716 -469.086702 -456.721476 -442.671789 -433.042689 -412.235247 -382.369574 -329.863979 -268.018708 -212.522712 -179.237345 -176.383717 -203.533823 -220.047941 -223.278286 -193.956603 -142.387203 -63.780717 56.658519 148.904096 222.106691 269.989640 302.664605 349.238190 391.544925 405.149352 -9999.0 -9999.0 -9999.0 -9999.0 -9999.0 -9999.0 -9999.0 -9999.0 -9999.0 -9999.0 -9999.0 -9999.0
-9999.0 -9999.0 -9999.0 -9999.0 -9999.0 -9999.0 -1136.081981 -1042.196136 -954.821658 -836.388242 -726.577775 -636.439907 -563.278626 -539.242570 -522.789510 -500.965286 -505.846003 -522.650746 -538.951700 -522.631420 -513.482530 -518.228171 -545.389803 -546.908053 -543.502140 -533.988012 -534.995294 -540.932988 -565.556431 -557.672043 -559.211913 -582.078096 -607.972758 -622.257665 -633.625695 -623.491567 -622.496735 -634.798710 -632.114043 -606.138519 -586.522294 -573.054272 -550.490606 -517.446000 -485.632041 -471.595281 -470.827238 -464.760887 -423.221061 -353.140426 -283.521595 -230.890934 -200.957993 -194.559946 -224.346753 -266.689604 -289.499490 -283.841242 -249.687652 -195.224886 -114.398424 -58.477390 -19.681225 9.531135 46.809311 156.103756 -9999.0 -9999.0 -9999.0 -9999.0 -9999.0 -9999.0 -9999.0 -9999.0 -9999.0 -9999.0 -9999.0 -9999.0 -9999.0 -9999.0
-9999.0 -9999.0 -9999.0 -9999.0 -9999.0 -9999.0 -9999.0 -9999.0 -9999.0 -9999.0 -9999.0 -9999.0 -9999.0 -9999.0 -9999.0 -9999.0 -9999.0 -9999.0 -9999.0 -9999.0 -9999.0 -9999.0 -9999.0 -9999.0 -9999.0 -9999.0 -9999.0 -9999.0 -9999.0 -9999.0 -9999.0 -9999.0 -9999.0 -9999.0 -9999.0 -9999.0 -9999.0 -9999.0 -9999.0 -9999.0 -9999.0 -9999.0 -9999.0 -9999.0 -9999.0 -9999.0 -9999.0 -9999.0 -9999.0 -9999.0 -9999.0 -9999.0 -9999.0 -9999.0 -9999.0 -9999.0 -9999.0 -9999.0 -9999.0 -9999.0 -9999.0 -9999.0 -9999.0 -9999.0 -9999.0 -9999.0 -9999.0 -9999.0 -9999.0 -9999.0 -9999.0 -9999.0 -9999.0 -9999.0 -9999.0 -9999.0 -9999.0 -9999.0 -9999.0 -9999.0
-9999.0 -9999.0 -9999.0 -9999.0 -9999.0 -9999.0 -9999.0 -9999.0 -9999.0 -9999.0 -9999.0 -9999.0 -9999.0 -9999.0 -9999.0 -9999.0 -9999.0 -9999.0 -9999.0 -9999.0 -9999.0 -9999.0 -9999.0 -9999.0 -9999.0 -9999.0 -9999.0 -9999.0 -9999.0 -9999.0 -9999.0 -9999.0 -9999.0 -9999.0 -9999.0 -9999.0 -9999.0 -9999.0 -9999.0 -9999.0 -9999.0 -9999.0 -9999.0 -9999.0 -9999.0 -9999.0 -9999.0 -9999.0 -9999.0 -9999.0 -9999.0 -9999.0 -9999.0 -9999.0 -9999.0 -9999.0 -9999.0 -9999.0 -9999.0 -9999.0 -9999.0 -9999.0 -9999.0 -9999.0 -9999.0 -9999.0 -9999.0 -9999.0 -9999.0 -9999.0 -9999.0 -9999.0 -9999.0 -9999.0 -9999.0 -9999.0 -9999.0 -9999.0 -9999.0 -9999.0