Borden_/Borden1m_014/output_maps/psiliqL0023N0033.asc
ncols         80
nrows         18
xllcorner     620200.000000
yllcorner     5168000.000000
cellsize      1.000000
NODATA_value  -9999.0
-9999.0 -9999.0 -9999.0 -9999.0 -9999.0 -9999.0 -9999.0 -9999.0 -9999.0 -9999.0 -9999.0 -9999.0 -9999.0 -9999.0 -9999.0 -9999.0 -9999.0 -9999.0 -9999.0 -9999.0 -9999.0 -9999.0 -9999.0 -9999.0 -9999.0 -9999.0 -9999.0 -9999.0 -9999.0 -9999.0 -9999.0 -9999.0 -9999.0 -9999.0 -9999.0 -9999.0 -9999.0 -9999.0 -9999.0 -9999.0 -9999.0 -9999.0 -9999.0 -9999.0 -9999.0 -9999.0 -9999.0 -9999.0 -9999.0 -9999.0 -9999.0 -9999.0 -9999.0 -9999.0 -9999.0 -9999.0 -9999.0 -9999.0 -9999.0 -9999.0 -9999.0 -9999.0 -9999.0 -9999.0 -9999.0 -9999.0 -9999.0 -9999.0 -9999.0 -9999.0 -9999.0 -9999.0 -9999.0 -9999.0 -9999.0 -9999.0 -9999.0 -9999.0 -9999.0 -9999.0
-9999.0 -9999.0 -9999.0 -9999.0 -9999.0 -9999.0 -9999.0 -9999.0 -9999.0 -9999.0 -9999.0 -9999.0 -9999.0 -9999.0 -9999.0 -9999.0 -9999.0 -9999.0 -9999.0 -9999.0 -9999.0 -9999.0 -9999.0 -9999.0 -9999.0 -9999.0 -9999.0 -9999.0 -9999.0 -9999.0 -9999.0 -9999.0 -9999.0 -9999.0 -9999.0 -9999.0 -9999.0 -9999.0 -9999.0 -9999.0 -9999.0 -9999.0 -9999.0 -9999.0 -9999.0 -9999.0 -9999.0 -9999.0 -9999.0 -9999.0 -9999.0 -9999.0 -9999.0 -9999.0 -9999.0 -9999.0 -9999.0 -9999.0 -9999.0 -9999.0 -9999.0 -9999.0 -9999.0 -9999.0 -9999.0 -9999.0 -9999.0 -9999.0 -9999.0 -9999.0 -9999.0 -9999.0 -9999.0 -9999.0 -9999.0 -9999.0 -9999.0 -9999.0 -9999.0 -9999.0
-9999.0 -9999.0 -9999.0 -9999.0 -9999.0 -9999.0 -9999.0 -9999.0 -9999.0 -9999.0 -9999.0 -9999.0 -9999.0 -9999.0 -9999.0 -9999.0 -9999.0 -9999.0 -9999.0 -9999.0 2757.496739 2759.746483 2739.384776 2707.159296 2681.034938 2685.196786 2720.869066 2763.960772 2805.149615 2815.634880 2799.159433 2804.667100 2801.859958 2798.948792 2801.007105 2809.954449 2818.082924 2828.926842 2837.803840 2837.772737 2832.498504 2828.896861 2831.783391 2833.964194 2839.567142 2824.920553 2838.960091 2799.409067 2803.288644 2800.162628 2820.862592 2805.070239 2793.521463 2774.723765 2797.744362 2806.904572 2797.497864 2801.140820 2799.180303 2796.003453 2765.133946 -9999.0 -9999.0 -9999.0 -9999.0 -9999.0 -9999.0 -9999.0 -9999.0 -9999.0 -9999.0 -9999.0 -9999.0 -9999.0 -9999.0 -9999.0 -9999.0 -9999.0 -9999.0 -9999.0
-9999.0 -9999.0 -9999.0 -9999.0 -9999.0 -9999.0 -9999.0 -9999.0 -9999.0 -9999.0 -9999.0 -9999.0 -9999.0 -9999.0 2662.408713 2654.706506 2653.707546 2663.292735 2697.891552 2729.487784 2741.341189 2735.247387 2736.711540 2714.203575 2694.113605 2709.446260 2741.332614 2773.556543 2809.543727 2830.095502 2821.440708 2821.048114 2830.313943 2801.696512 2810.423093 2807.862201 2844.593021 2814.162292 2827.291903 2832.595258 2830.940566 2821.440800 2830.976340 2845.200128 2838.125040 2822.509279 2832.192062 2845.730694 2856.565251 2847.485884 2838.579328 2821.687822 2814.816087 2806.941653 2790.696698 2784.398060 2809.731370 2805.690325 2795.637704 2776.528963 2742.019702 2696.314767 2675.684672 2713.661688 2755.402064 2791.680860 -9999.0 -9999.0 -9999.0 -9999.0 -9999.0 -9999.0 -9999.0 -9999.0 -9999.0 -9999.0 -9999.0 -9999.0 -9999.0 -9999.0
-9999.0 -9999.0 -9999.0 -9999.0 -9999.0 -9999.0 -9999.0 -9999.0 -9999.0 2599.441651 2606.100000 2614.970112 2619.609557 2636.868248 2634.964594 2643.809753 2650.846471 2680.380867 2712.331876 2748.106114 2776.273643 2770.262591 2770.351581 2777.722792 2776.723064 2788.201788 2811.564103 2802.227213 2834.018675 2870.363420 2838.228335 2834.300544 2852.511561 2894.728262 2920.093398 2923.267559 2905.622005 2919.971981 2943.711801 2960.647061 2957.703399 2952.395557 2977.375616 2992.024806 2987.497213 2966.575159 2963.484480 2969.431282 2997.516106 2946.731718 2881.422283 2840.262337 2853.230350 2830.676118 2802.687436 2834.371367 2831.756201 2809.180114 2796.359100 2795.462856 2760.295547 2746.452787 2726.794033 2744.083515 2764.605689 2787.770868 2826.929189 2856.165022 2855.425944 2837.984325 -9999.0 -9999.0 -9999.0 -9999.0 -9999.0 -9999.0 -9999.0 -9999.0 -9999.0 -9999.0
-9999.0 -9999.0 -9999.0 -9999.0 -9999.0 -9999.0 2517.649016 2529.357935 2551.908367 2556.654024 2584.946519 2592.705729 2614.893728 2635.362114 2659.555881 2676.078854 2705.325041 2738.797450 2777.335229 2818.690561 2806.060874 2843.885003 2802.168087 2822.841035 2852.374185 2873.800683 2897.116340 2934.444664 2985.055202 3020.930767 3015.984197 3017.238764 3025.567395 3075.231012 3138.840730 3150.488259 3130.088398 3116.719147 3139.222998 3175.747123 3174.987386 3173.902413 3180.772205 3191.008010 3217.621918 3207.654423 3177.006025 3170.242864 3175.319731 3154.551623 3088.222436 3030.621451 3010.005843 2985.536029 2903.618337 2858.728411 2878.081433 2902.804472 2879.300729 2830.375158 2837.559720 2827.402497 2811.576976 2799.397803 2807.095849 2800.670842 2823.605961 2836.509719 2824.083947 2803.275786 2790.501515 2760.497915 2761.457455 2785.524943 -9999.0 -9999.0 -9999.0 -9999.0 -9999.0 -9999.0
-9999.0 -9999.0 -9999.0 -9999.0 2465.356538 2479.717700 2467.510298 2495.774353 2530.587354 2567.030331 2598.059624 2635.029059 2663.007028 2694.248026 2731.520320 2760.063050 2798.325162 2832.692004 2831.686643 2893.961158 2939.451827 2955.821828 2965.099714 2994.662335 3050.574144 3098.051309 3116.608958 3141.877215 3180.241409 3235.910934 3258.369597 3261.616797 3278.441993 3319.620601 3373.512198 3407.179409 3389.912679 3381.297669 3390.335048 3403.720515 3425.836920 3425.940641 3426.956830 3430.587949 3437.554581 3436.255549 3410.793446 3377.882488 3365.904467 3356.299723 3320.740131 3250.273583 3219.110189 3191.755115 3157.726365 3105.081371 3054.797802 3053.114679 2999.798972 2966.327228 2914.253570 2902.728011 2879.683925 2861.259437 2841.362148 2850.348613 2859.671785 2842.831701 2812.063539 2794.781135 2778.605417 2758.465744 2745.427309 2774.916935 2786.330336 2815.678053 -9999.0 -9999.0 -9999.0 -9999.0
-9999.0 -9999.0 2403.105680 2450.447432 2509.426750 2518.578110 2516.575714 2523.522780 2554.149866 2607.966935 2678.832647 2722.558073 2759.249344 2794.935413 2801.109576 2865.723080 2927.992598 2971.138002 3007.114035 3074.925226 3133.573626 3160.761290 3170.250433 3199.641832 3252.823341 3319.303525 3346.377862 3372.058074 3401.772326 3436.689983 3432.805075 3444.145417 3455.640518 3466.167563 3479.066214 3485.076533 3480.595690 3476.080078 3457.759968 3452.949885 3459.508205 3466.786355 3466.343315 3451.967630 3448.017362 3462.703626 3468.420613 3466.679008 3464.485510 3469.838922 3467.160831 3421.179293 3399.396167 3384.852315 3375.153588 3330.069559 3264.816071 3231.613617 3211.499359 3177.271113 3104.610630 3065.355251 3025.155910 2989.663799 2967.722171 2950.294855 2914.155430 2879.495214 2838.399959 2796.162935 2787.504422 2769.812483 2766.899643 2765.218339 2781.149635 2790.774866 2806.160622 2814.025341 -9999.0 -9999.0
-9999.0 2294.095473 2366.043371 2490.264040 2570.803824 2613.559612 2632.317196 2644.884420 2676.491184 2713.975487 2809.053493 2823.919831 2907.279622 2944.461196 2986.703059 3055.166433 3146.725039 3184.004101 3220.756113 3281.300646 3344.498805 3389.655710 3415.356890 3401.109620 3438.572581 3463.839874 3470.492660 3476.430262 3475.335534 3466.933218 3459.990091 3466.827705 3464.096620 3445.368925 3429.723085 3428.136280 3424.835014 3401.928095 3375.512642 3360.519757 3362.426722 3386.041767 3374.051944 3352.954207 3348.622171 3369.902787 3389.717185 3379.294583 3367.110945 3382.727692 3416.723494 3440.367461 3443.447560 3461.434644 3482.420778 3454.246588 3431.458158 3388.871234 3373.207945 3348.204934 3292.601503 3237.984690 3190.594622 3146.905164 3094.117919 3043.737337 2995.674524 2961.269387 2904.948567 2869.704581 2843.619866 2798.708706 2793.510681 2788.311964 2787.944817 2784.642359 2785.622674 2791.900296 -9999.0 -9999.0
-9999.0 2201.625578 2341.898741 2522.673235 2670.259754 2720.108420 2796.391385 2831.480407 2848.542808 2848.853393 2901.610979 3095.875502 3205.366028 3220.494600 3292.909098 3382.964228 3372.878481 3402.915498 3424.845381 3446.085580 3463.249960 3475.954415 3473.819085 3468.192932 3452.031512 3444.103211 3443.322937 3441.327380 3424.311460 3405.698304 3389.152543 3386.375723 3369.916861 3322.631006 3290.190098 3273.600923 3256.388295 3242.430715 3214.676655 3189.563216 3179.141167 3185.961334 3182.955089 3173.785125 3169.382132 3182.932928 3213.587605 3210.228951 3220.267589 3239.495670 3274.778119 3311.861774 3330.780433 3359.318805 3393.574485 3439.858859 3449.881705 3471.970745 3475.320671 3463.042631 3417.864747 3368.246160 3339.313785 3284.936523 3225.616300 3168.866278 3120.036809 3075.088761 3019.935998 2985.144446 2954.510293 2899.550139 2853.771893 2841.699429 2806.472329 2791.366772 -9999.0 -9999.0 -9999.0 -9999.0
-9999.0 2105.025118 2286.827771 2531.370952 2809.801742 2889.193084 3078.771272 3188.447865 3227.528450 3292.692615 3194.638582 3381.792178 3428.498592 3421.947523 3432.081116 3434.341937 3447.942933 3447.646246 3442.599130 3431.833511 3422.589620 3418.283734 3417.115269 3409.268923 3396.798213 3382.368791 3371.505383 3360.475190 3324.755081 3293.537559 3256.145303 3244.176922 3202.658551 3117.302913 3078.530013 3041.558069 2983.566365 2984.871630 2989.525860 2986.002069 2967.240064 2940.654479 2968.284992 2977.551289 2981.341234 2978.285395 2989.473102 2995.199648 3040.757438 3074.418857 3113.289766 3160.364445 3184.890409 3223.427834 3263.344402 3314.979357 3345.215193 3373.642461 3420.243225 3456.888862 3479.287090 3466.165352 3446.276737 3403.292706 3344.637985 3295.807557 3267.583811 3218.221140 3178.324271 3134.366594 3088.015164 3035.279396 2982.148832 2922.740526 2886.630612 -9999.0 -9999.0 -9999.0 -9999.0 -9999.0
-9999.0 1892.643604 2157.570016 2429.541441 2716.169387 3029.660444 3183.398299 3280.228957 3341.111494 3317.503825 3334.672131 3342.635056 3378.295742 3384.570597 3363.717664 3350.812480 3334.404584 3333.317885 3346.271653 3319.526911 3290.055635 3277.137544 3277.940761 3267.223756 3243.922631 3229.031054 3219.708671 3202.202503 3164.369845 3115.331881 3033.336996 3002.240620 2946.037181 2904.096236 2865.952803 2819.105086 2823.099247 2825.404188 2800.669264 2836.648029 2815.253531 2797.486875 2826.239166 2801.439957 2813.943585 2798.959125 2806.166628 2840.180699 2887.212074 2927.994256 2972.921491 3001.160030 3041.802449 3081.436717 3103.791097 3144.352987 3180.380464 3221.190484 3290.121725 3366.265633 3399.898052 3433.552378 3463.468750 3484.874106 3442.675350 3415.487506 3392.500433 3370.428444 3325.154519 3280.350598 3239.881712 3176.909765 3119.829629 -9999.0 -9999.0 -9999.0 -9999.0 -9999.0 -9999.0 -9999.0
-9999.0 1776.995294 1976.547931 2177.506948 2436.786313 2672.733373 2864.842346 2958.354975 3014.430391 3075.046668 3123.155937 3158.205390 3179.839787 3200.681332 3178.011181 3138.464011 3107.227712 3111.895056 3104.232856 3082.765169 3055.057772 3042.028336 3040.391118 3035.447554 3014.003155 3003.352779 2996.634748 2998.469697 2972.012805 2919.033839 2846.625001 2821.780336 2765.123253 2740.451037 2713.880953 2683.748916 2654.624368 2665.681390 2675.922847 2675.843974 2668.179807 2667.414948 2696.312908 2714.886264 2724.939826 2714.778036 2734.447946 2760.056803 2800.233780 2802.241218 2847.336593 2897.379887 2946.772773 2969.213965 2974.532599 2989.464550 2996.413024 3039.922022 3116.258971 3195.797827 3270.505775 3314.767003 3364.508104 3402.520303 3429.344751 3456.485957 3477.054803 3468.719453 3443.888357 3411.275977 3354.510249 -9999.0 -9999.0 -9999.0 -9999.0 -9999.0 -9999.0 -9999.0 -9999.0 -9999.0
-9999.0 -9999.0 1749.080426 1907.696180 2015.086951 2182.149834 2327.528044 2437.594462 2539.256799 2679.036057 2800.727359 2848.286814 2892.940612 2909.015511 2895.482743 2866.774948 2848.840924 2848.561876 2837.231386 2829.759530 2813.985194 2808.581949 2850.480317 2841.871724 2835.154865 2831.945709 2827.503892 2818.006102 2798.143097 2753.117652 2710.984680 2663.812620 2613.092005 2588.965758 2568.429235 2549.096155 2550.913402 2545.423166 2550.222753 2552.539468 2561.332099 2575.054572 2594.639388 2617.773287 2627.946861 2638.513316 2650.818152 2674.334381 2706.842463 2748.682559 2802.965333 2825.241655 2861.270126 2869.635597 2854.425820 2852.145712 2862.928245 2895.310725 2961.924104 3009.313545 3097.176450 3161.387481 3222.064131 3276.764692 3302.661001 3338.875252 3406.492965 3454.324233 3494.388547 3472.142908 -9999.0 -9999.0 -9999.0 -9999.0 -9999.0 -9999.0 -9999.0 -9999.0 -9999.0 -9999.0
-9999.0 -9999.0 -9999.0 -9999.0 1768.364230 1917.498226 2015.354002 2096.472620 2230.306353 2359.929312 2466.846508 2554.655623 2623.690759 2652.703922 2654.230838 2669.268179 2667.977756 2659.697129 2648.933948 2651.893170 2654.735844 2647.740313 2631.594122 2624.698097 2627.297368 2633.799474 2631.144276 2617.450560 2598.648211 2581.264684 2565.387544 2533.044362 2499.569067 2471.104199 2458.335908 2454.168534 2453.838660 2445.893489 2454.086232 2462.495666 2478.183225 2493.304097 2516.835459 2546.131362 2560.877674 2576.101833 2585.714122 2605.644027 2636.527128 2690.296849 2754.490251 2812.765577 2818.546316 2820.174532 2832.656557 2816.335156 2810.819173 2835.970261 2817.189027 2871.161382 2962.357918 3001.496732 3047.869028 3087.792109 3124.059208 3181.560682 3273.071216 3352.692305 -9999.0 -9999.0 -9999.0 -9999.0 -9999.0 -9999.0 -9999.0 -9999.0 -9999.0 -9999.0 -9999.0 -9999.0
-9999.0 -9999.0 -9999.0 -9999.0 -9999.0 -9999.0 1741.344813 1846.531631 1917.803653 2068.223256 2211.225945 2318.982318 2403.290675 2439.514189 2472.990239 2503.451056 2503.912570 2484.285928 2463.064428 2483.875479 2501.453971 2494.942463 2463.313993 2464.122634 2470.313794 2477.927119 2475.122465 2468.729810 2443.662222 2458.628980 2461.704134 2438.707603 2413.143713 2400.033338 2388.322625 2397.965676 2397.903946 2383.502055 2382.668807 2410.209680 2431.039106 2443.946527 2465.162362 2498.427091 2531.139400 2547.139239 2548.751694 2554.541683 2592.821731 2663.167520 2736.145307 2793.042757 2799.089929 2804.880664 2811.102077 2771.195459 2751.124930 2757.447689 2789.975773 2838.462627 2843.655814 2882.325620 2897.593795 2902.432556 2916.515139 2985.629369 -9999.0 -9999.0 -9999.0 -9999.0 -9999.0 -9999.0 -9999.0 -9999.0 -9999.0 -9999.0 -9999.0 -9999.0 -9999.0 -9999.0
-9999.0 -9999.0 -9999.0 -9999.0 -9999.0 -9999.0 -9999.0 -9999.0 -9999.0 -9999.0 -9999.0 -9999.0 -9999.0 -9999.0 -9999.0 -9999.0 -9999.0 -9999.0 -9999.0 -9999.0 -9999.0 -9999.0 -9999.0 -9999.0 -9999.0 -9999.0 -9999.0 -9999.0 -9999.0 -9999.0 -9999.0 -9999.0 -9999.0 -9999.0 -9999.0 -9999.0 -9999.0 -9999.0 -9999.0 -9999.0 -9999.0 -9999.0 -9999.0 -9999.0 -9999.0 -9999.0 -9999.0 -9999.0 -9999.0 -9999.0 -9999.0 -9999.0 -9999.0 -9999.0 -9999.0 -9999.0 -9999.0 -9999.0 -9999.0 -9999.0 -9999.0 -9999.0 -9999.0 -9999.0 -9999.0 -9999.0 -9999.0 -9999.0 -9999.0 -9999.0 -9999.0 -9999.0 -9999.0 -9999.0 -9999.0 -9999.0 -9999.0 -9999.0 -9999.0 -9999.0
-9999.0 -9999.0 -9999.0 -9999.0 -9999.0 -9999.0 -9999.0 -9999.0 -9999.0 -9999.0 -9999.0 -9999.0 -9999.0 -9999.0 -9999.0 -9999.0 -9999.0 -9999.0 -9999.0 -9999.0 -9999.0 -9999.0 -9999.0 -9999.0 -9999.0 -9999.0 -9999.0 -9999.0 -9999.0 -9999.0 -9999.0 -9999.0 -9999.0 -9999.0 -9999.0 -9999.0 -9999.0 -9999.0 -9999.0 -9999.0 -9999.0 -9999.0 -9999.0 -9999.0 -9999.0 -9999.0 -9999.0 -9999.0 -9999.0 -9999.0 -9999.0 -9999.0 -9999.0 -9999.0 -9999.0 -9999.0 -9999.0 -9999.0 -9999.0 -9999.0 -9999.0 -9999.0 -9999.0 -9999.0 -9999.0 -9999.0 -9999.0 -9999.0 -9999.0 -9999.0 -9999.0 -9999.0 -9999.0 -9999.0 -9999.0 -9999.0 -9999.0 -9999.0 -9999.0 -9999.0