Borden_/Borden1m_014/output_maps/psiliqL0027N0014.asc
ncols         80
nrows         18
xllcorner     620200.000000
yllcorner     5168000.000000
cellsize      1.000000
NODATA_value  -9999.0
-9999.0 -9999.0 -9999.0 -9999.0 -9999.0 -9999.0 -9999.0 -9999.0 -9999.0 -9999.0 -9999.0 -9999.0 -9999.0 -9999.0 -9999.0 -9999.0 -9999.0 -9999.0 -9999.0 -9999.0 -9999.0 -9999.0 -9999.0 -9999.0 -9999.0 -9999.0 -9999.0 -9999.0 -9999.0 -9999.0 -9999.0 -9999.0 -9999.0 -9999.0 -9999.0 -9999.0 -9999.0 -9999.0 -9999.0 -9999.0 -9999.0 -9999.0 -9999.0 -9999.0 -9999.0 -9999.0 -9999.0 -9999.0 -9999.0 -9999.0 -9999.0 -9999.0 -9999.0 -9999.0 -9999.0 -9999.0 -9999.0 -9999.0 -9999.0 -9999.0 -9999.0 -9999.0 -9999.0 -9999.0 -9999.0 -9999.0 -9999.0 -9999.0 -9999.0 -9999.0 -9999.0 -9999.0 -9999.0 -9999.0 -9999.0 -9999.0 -9999.0 -9999.0 -9999.0 -9999.0
-9999.0 -9999.0 -9999.0 -9999.0 -9999.0 -9999.0 -9999.0 -9999.0 -9999.0 -9999.0 -9999.0 -9999.0 -9999.0 -9999.0 -9999.0 -9999.0 -9999.0 -9999.0 -9999.0 -9999.0 -9999.0 -9999.0 -9999.0 -9999.0 -9999.0 -9999.0 -9999.0 -9999.0 -9999.0 -9999.0 -9999.0 -9999.0 -9999.0 -9999.0 -9999.0 -9999.0 -9999.0 -9999.0 -9999.0 -9999.0 -9999.0 -9999.0 -9999.0 -9999.0 -9999.0 -9999.0 -9999.0 -9999.0 -9999.0 -9999.0 -9999.0 -9999.0 -9999.0 -9999.0 -9999.0 -9999.0 -9999.0 -9999.0 -9999.0 -9999.0 -9999.0 -9999.0 -9999.0 -9999.0 -9999.0 -9999.0 -9999.0 -9999.0 -9999.0 -9999.0 -9999.0 -9999.0 -9999.0 -9999.0 -9999.0 -9999.0 -9999.0 -9999.0 -9999.0 -9999.0
-9999.0 -9999.0 -9999.0 -9999.0 -9999.0 -9999.0 -9999.0 -9999.0 -9999.0 -9999.0 -9999.0 -9999.0 -9999.0 -9999.0 -9999.0 -9999.0 -9999.0 -9999.0 -9999.0 -9999.0 3525.148391 3525.921142 3504.181135 3469.884079 3441.420389 3442.979727 3475.484444 3515.758137 3554.279945 3561.149270 3541.688064 3545.336126 3540.655995 3535.622191 3535.400099 3543.014934 3549.682122 3559.104252 3565.789548 3563.200078 3555.642712 3550.568520 3553.297543 3554.737675 3561.079328 3546.314059 3562.518836 3578.942359 3583.677918 3581.260294 3557.952307 3546.512869 3538.845485 3523.521194 3550.521723 3562.428942 3586.217977 3591.141449 3589.394528 3562.962587 3533.094884 -9999.0 -9999.0 -9999.0 -9999.0 -9999.0 -9999.0 -9999.0 -9999.0 -9999.0 -9999.0 -9999.0 -9999.0 -9999.0 -9999.0 -9999.0 -9999.0 -9999.0 -9999.0 -9999.0
-9999.0 -9999.0 -9999.0 -9999.0 -9999.0 -9999.0 -9999.0 -9999.0 -9999.0 -9999.0 -9999.0 -9999.0 -9999.0 -9999.0 3435.332039 3426.502520 3423.371544 3430.264086 3462.320821 3492.304924 3503.783858 3496.078360 3495.587879 3470.432132 3447.014560 3459.077873 3487.982771 3517.861776 3550.657361 3567.297206 3555.969285 3552.988570 3559.309302 3577.931389 3585.168417 3581.247645 3563.665145 3587.879466 3600.674217 3604.514250 3602.262767 3592.193814 3600.422283 3614.183700 3607.075206 3592.053455 3603.647595 3619.035574 3629.752254 3622.321970 3565.083446 3554.093079 3551.433656 3548.107077 3535.616470 3532.446065 3561.533790 3561.561467 3554.912407 3538.230790 3505.281991 3460.284512 3441.789596 3483.069988 3527.171933 3583.803558 -9999.0 -9999.0 -9999.0 -9999.0 -9999.0 -9999.0 -9999.0 -9999.0 -9999.0 -9999.0 -9999.0 -9999.0 -9999.0 -9999.0
-9999.0 -9999.0 -9999.0 -9999.0 -9999.0 -9999.0 -9999.0 -9999.0 -9999.0 3378.224438 3384.111663 3390.753864 3392.912318 3407.645539 3404.012600 3410.520047 3413.789761 3440.570010 3469.386927 3502.216988 3528.532524 3518.825663 3516.899016 3519.669956 3512.644385 3519.493254 3539.229564 3575.128484 3605.111685 3639.459245 3605.156480 3599.694261 3616.738788 3657.112830 3678.794575 3679.930902 3661.080675 3678.623894 3701.849622 3716.721622 3712.850543 3706.414298 3732.517433 3747.920590 3740.883354 3719.072458 3719.064873 3727.446869 3757.216421 3706.677755 3640.913213 3604.206876 3621.640562 3601.749357 3577.469848 3567.826147 3569.402358 3590.434016 3579.543302 3546.467501 3514.026839 3502.768417 3486.598161 3508.633523 3532.598695 3579.576909 3620.007179 3650.278624 3650.021575 3633.023723 -9999.0 -9999.0 -9999.0 -9999.0 -9999.0 -9999.0 -9999.0 -9999.0 -9999.0 -9999.0
-9999.0 -9999.0 -9999.0 -9999.0 -9999.0 -9999.0 3299.896391 3310.269094 3330.733008 3332.811756 3358.973866 3363.572651 3381.709595 3398.144446 3419.354880 3431.166562 3454.966922 3483.893945 3518.699958 3555.045983 3581.512669 3568.695837 3573.216266 3590.940578 3615.805063 3633.144109 3655.180990 3692.533900 3764.428860 3800.273449 3791.150788 3791.445808 3799.477943 3849.971755 3913.913499 3924.288429 3903.558523 3890.702595 3914.852234 3952.670078 3950.080425 3948.803578 3962.451761 3973.524715 4000.414266 3989.106258 3953.254215 3948.788520 3956.491287 3932.794231 3862.731576 3806.198870 3789.066096 3742.344417 3658.875400 3617.613530 3643.674413 3672.976904 3652.481594 3603.847848 3572.777893 3568.431930 3558.376355 3552.775661 3566.483327 3590.389019 3614.966875 3629.499591 3618.108735 3597.633180 3576.354890 3548.518027 3551.463653 3576.560129 -9999.0 -9999.0 -9999.0 -9999.0 -9999.0 -9999.0
-9999.0 -9999.0 -9999.0 -9999.0 3250.821616 3263.342278 3247.814727 3273.570210 3304.832108 3337.690229 3364.065767 3394.514720 3416.510732 3442.097516 3473.687865 3493.598878 3523.910219 3552.287288 3598.204726 3658.144965 3701.314308 3713.327436 3721.086348 3771.449040 3827.289548 3873.760653 3892.360793 3918.382186 3965.059737 4021.707448 4043.702731 4046.150403 4063.093340 4107.440347 4164.938747 4200.407634 4182.555665 4173.313217 4183.966825 4198.756048 4220.911117 4220.958723 4222.093880 4226.508490 4234.542093 4232.526567 4205.374197 4171.691950 4158.644633 4148.275754 4108.919087 4036.083318 4006.566322 3977.122007 3932.807494 3877.992312 3832.614011 3835.580340 3780.801347 3725.634783 3677.059629 3670.767742 3651.770107 3637.006619 3621.049780 3634.596418 3647.588516 3633.250957 3603.719750 3574.897709 3562.380838 3545.203167 3534.095641 3565.578919 3583.664442 3613.165614 -9999.0 -9999.0 -9999.0 -9999.0
-9999.0 -9999.0 3192.526883 3237.051085 3293.481609 3298.587148 3290.311959 3291.957289 3317.142935 3365.086448 3425.313345 3460.107530 3486.746513 3516.054190 3565.216640 3624.900357 3683.366020 3725.350968 3783.419863 3852.910573 3911.906746 3938.297123 3946.707734 3982.521433 4037.799489 4108.206227 4136.714073 4163.575415 4195.997778 4233.271231 4222.921474 4233.253773 4246.161294 4260.105451 4276.166559 4283.882648 4278.798528 4274.147433 4255.456378 4250.081905 4256.527122 4264.941205 4263.649756 4248.813465 4244.830264 4259.995954 4266.501476 4264.235926 4261.071263 4265.716232 4260.220685 4210.567023 4195.245481 4179.661321 4167.335422 4120.599742 4053.149075 4021.351373 3999.261259 3957.572263 3883.883120 3847.566676 3808.901141 3775.118197 3738.649899 3726.913767 3695.636320 3664.265934 3626.199254 3585.977138 3567.402889 3553.675026 3553.678340 3554.562950 3572.621030 3588.465259 3604.526421 3612.646062 -9999.0 -9999.0
-9999.0 3082.137911 3152.512993 3272.753701 3349.246793 3384.145202 3389.234346 3389.344315 3413.397828 3445.679594 3529.780471 3575.138509 3657.439458 3695.178856 3734.918171 3824.663648 3919.824987 3963.702859 4003.335983 4068.379199 4135.242733 4182.866648 4209.468091 4184.931921 4225.417744 4257.225976 4266.034574 4273.559110 4274.109164 4265.542050 4259.275699 4265.856681 4262.765072 4243.313130 4226.980800 4225.128704 4221.664335 4198.109480 4170.394788 4154.648105 4155.770900 4181.033915 4167.689306 4146.196771 4141.733533 4163.577887 4185.394728 4174.545942 4161.316265 4177.978449 4212.922215 4238.504620 4238.677718 4257.486911 4278.667375 4249.181033 4228.567450 4184.046940 4166.904431 4141.298915 4083.788291 4028.925651 3980.604926 3932.319527 3880.362799 3832.295285 3785.072204 3738.196926 3685.556491 3653.183757 3629.430807 3587.512652 3575.692181 3582.788452 3578.329395 3577.071106 3583.856516 3590.499654 -9999.0 -9999.0
-9999.0 2983.596650 3121.384325 3297.007884 3437.845166 3475.523243 3532.017281 3584.749859 3596.931691 3538.883840 3639.743552 3857.412461 3982.535559 4000.842853 4077.515360 4174.234640 4153.489954 4185.352429 4209.090271 4236.918574 4259.250086 4274.261884 4272.720298 4267.755412 4251.099149 4243.055364 4242.130430 4239.963356 4222.363457 4203.226699 4186.287266 4182.945569 4164.651457 4114.186724 4080.602726 4062.713324 4042.903143 4029.745874 4002.797884 3976.599500 3959.651196 3969.329862 3968.160462 3955.072685 3950.666822 3968.512679 3999.436078 3998.007552 4010.583689 4030.352948 4065.856091 4104.486436 4123.866166 4153.211357 4189.048496 4237.773642 4245.972656 4268.559175 4271.303977 4261.671049 4214.517887 4162.528982 4132.947043 4077.236583 4017.659862 3955.952252 3906.894911 3862.223416 3806.964881 3773.375305 3734.650069 3681.361084 3639.561648 3633.346849 3600.538564 3588.185468 -9999.0 -9999.0 -9999.0 -9999.0
-9999.0 2878.862287 3055.437424 3290.372458 3585.084979 3652.147010 3854.147337 3968.134028 4006.176846 4074.269767 3945.583259 4159.629896 4214.985796 4210.647175 4228.768483 4232.353434 4246.920932 4246.134712 4241.045391 4229.926930 4220.196936 4215.515137 4214.502141 4206.561070 4193.871617 4179.179566 4167.179683 4155.572533 4118.560021 4086.315563 4046.301432 4033.593231 3987.865890 3895.557384 3856.958543 3817.742542 3756.035848 3759.125350 3767.838805 3744.200692 3724.436395 3695.312487 3725.802957 3737.369351 3741.857448 3736.557452 3745.564611 3775.041039 3823.625541 3858.158845 3896.943700 3945.019027 3975.672744 4014.896878 4054.490332 4106.947893 4138.409408 4167.435546 4216.890588 4254.029445 4276.876797 4262.462073 4244.435562 4199.078145 4138.606986 4089.146638 4059.910079 4009.077682 3965.469909 3922.116897 3875.760694 3823.133653 3761.751340 3711.029454 3677.676572 -9999.0 -9999.0 -9999.0 -9999.0 -9999.0
-9999.0 2660.731356 2912.634299 3172.574521 3440.778007 3784.701814 3961.937289 4054.526610 4118.414443 4103.762120 4129.393342 4135.117144 4172.468214 4180.092344 4158.755851 4144.580369 4126.501093 4125.411633 4138.515916 4110.955911 4080.418835 4066.918555 4067.858125 4057.176320 4033.139113 4018.289199 4009.062000 3990.382294 3947.320993 3896.824975 3812.231379 3776.828862 3697.446959 3660.601421 3624.998130 3578.395429 3534.664531 3541.086758 3566.660156 3558.318042 3537.925518 3521.256714 3551.003516 3572.259520 3585.646813 3568.963184 3575.407049 3609.664034 3655.852076 3696.027265 3739.468331 3787.115330 3828.976925 3867.714017 3887.911900 3926.597422 3968.724995 4010.364613 4080.717465 4159.769686 4196.172082 4231.106365 4259.621911 4281.690961 4238.594819 4212.637333 4188.685265 4164.949272 4118.462682 4072.922761 4032.362024 3967.273515 3907.731192 -9999.0 -9999.0 -9999.0 -9999.0 -9999.0 -9999.0 -9999.0
-9999.0 2550.254518 2740.907249 2912.247342 3152.390167 3380.135206 3605.825069 3695.862285 3766.497786 3842.352127 3898.726313 3937.334187 3963.118566 3984.897056 3962.386961 3915.746522 3883.227603 3888.322520 3878.889187 3858.236456 3830.803620 3818.144673 3815.436572 3810.929635 3790.103254 3780.308479 3773.897931 3756.239768 3731.644962 3679.158970 3608.823693 3535.745764 3483.203190 3465.583358 3444.284707 3418.621173 3393.535196 3407.511081 3420.353074 3421.065052 3415.369516 3416.208130 3445.247559 3465.276085 3474.684191 3463.980081 3482.018515 3504.621409 3540.859588 3579.639295 3623.769326 3673.312234 3721.228221 3740.505837 3741.538725 3751.743087 3778.444624 3821.067911 3896.974028 3982.994598 4061.499069 4107.314463 4158.341060 4198.681189 4227.262412 4251.329706 4274.360089 4267.905298 4241.556716 4207.965441 4148.717252 -9999.0 -9999.0 -9999.0 -9999.0 -9999.0 -9999.0 -9999.0 -9999.0 -9999.0
-9999.0 -9999.0 2516.389356 2666.529084 2759.382196 2892.330617 3026.597108 3130.481069 3232.142564 3376.752098 3501.147315 3595.965549 3642.844681 3658.523655 3644.960112 3617.399758 3600.876509 3600.444394 3588.579795 3583.015550 3569.678039 3564.938092 3553.061206 3546.037378 3543.167837 3543.604907 3542.173886 3534.910953 3519.428173 3479.380475 3444.768544 3402.076250 3357.476828 3337.278129 3320.601297 3305.171368 3310.828455 3306.379379 3312.368831 3315.916908 3326.329016 3340.995559 3360.324321 3383.206400 3392.845752 3403.194926 3413.687228 3434.806078 3464.083401 3503.679615 3554.460113 3608.766951 3644.071955 3650.154754 3631.161247 3624.982488 3631.753366 3659.238149 3720.802808 3788.954330 3879.005961 3944.739006 4011.680553 4067.937059 4094.831286 4131.223323 4202.078248 4250.152265 4293.391329 4270.945457 -9999.0 -9999.0 -9999.0 -9999.0 -9999.0 -9999.0 -9999.0 -9999.0 -9999.0 -9999.0
-9999.0 -9999.0 -9999.0 -9999.0 2528.603726 2675.685037 2774.423978 2817.469078 2949.990228 3076.105135 3181.011704 3268.271358 3338.159157 3364.279555 3366.474194 3385.325714 3385.146448 3375.539620 3364.601855 3370.735231 3376.993777 3371.396108 3354.568048 3349.307702 3354.749329 3364.406925 3364.203716 3353.157010 3336.948215 3326.095001 3316.349810 3288.263014 3258.532557 3233.311241 3223.415386 3222.449376 3223.965093 3216.967487 3226.072768 3235.937027 3252.422154 3267.755689 3291.280311 3321.139588 3335.990933 3350.513105 3358.643772 3376.459211 3404.573198 3455.572356 3516.792777 3572.930545 3606.536030 3606.381273 3577.085390 3554.576794 3541.047517 3557.321957 3585.212784 3634.526483 3723.088795 3784.864743 3829.194129 3867.162575 3903.432243 3969.155333 4064.771806 4146.596928 -9999.0 -9999.0 -9999.0 -9999.0 -9999.0 -9999.0 -9999.0 -9999.0 -9999.0 -9999.0 -9999.0 -9999.0
-9999.0 -9999.0 -9999.0 -9999.0 -9999.0 -9999.0 2510.153875 2617.889597 2684.819147 2799.689076 2946.771467 3050.028749 3133.475675 3170.162622 3205.342736 3236.624872 3237.800700 3217.319436 3195.139578 3217.967488 3238.777561 3232.725993 3200.288676 3203.030096 3211.752162 3221.034174 3220.234006 3216.531559 3194.502877 3214.885250 3222.732080 3202.988993 3180.491538 3170.772573 3161.322880 3172.955984 3174.378737 3160.815376 3160.107025 3188.814569 3210.473058 3223.467470 3244.362814 3277.561357 3309.986145 3325.565248 3326.038650 3330.028071 3365.610970 3433.142096 3503.743177 3558.524490 3589.240494 3593.493051 3562.129839 3516.734141 3489.917204 3487.822818 3510.923811 3548.801584 3608.987397 3644.192388 3653.457968 3652.467171 3663.188328 3763.595551 -9999.0 -9999.0 -9999.0 -9999.0 -9999.0 -9999.0 -9999.0 -9999.0 -9999.0 -9999.0 -9999.0 -9999.0 -9999.0 -9999.0
-9999.0 -9999.0 -9999.0 -9999.0 -9999.0 -9999.0 -9999.0 -9999.0 -9999.0 -9999.0 -9999.0 -9999.0 -9999.0 -9999.0 -9999.0 -9999.0 -9999.0 -9999.0 -9999.0 -9999.0 -9999.0 -9999.0 -9999.0 -9999.0 -9999.0 -9999.0 -9999.0 -9999.0 -9999.0 -9999.0 -9999.0 -9999.0 -9999.0 -9999.0 -9999.0 -9999.0 -9999.0 -9999.0 -9999.0 -9999.0 -9999.0 -9999.0 -9999.0 -9999.0 -9999.0 -9999.0 -9999.0 -9999.0 -9999.0 -9999.0 -9999.0 -9999.0 -9999.0 -9999.0 -9999.0 -9999.0 -9999.0 -9999.0 -9999.0 -9999.0 -9999.0 -9999.0 -9999.0 -9999.0 -9999.0 -9999.0 -9999.0 -9999.0 -9999.0 -9999.0 -9999.0 -9999.0 -9999.0 -9999.0 -9999.0 -9999.0 -9999.0 -9999.0 -9999.0 -9999.0
-9999.0 -9999.0 -9999.0 -9999.0 -9999.0 -9999.0 -9999.0 -9999.0 -9999.0 -9999.0 -9999.0 -9999.0 -9999.0 -9999.0 -9999.0 -9999.0 -9999.0 -9999.0 -9999.0 -9999.0 -9999.0 -9999.0 -9999.0 -9999.0 -9999.0 -9999.0 -9999.0 -9999.0 -9999.0 -9999.0 -9999.0 -9999.0 -9999.0 -9999.0 -9999.0 -9999.0 -9999.0 -9999.0 -9999.0 -9999.0 -9999.0 -9999.0 -9999.0 -9999.0 -9999.0 -9999.0 -9999.0 -9999.0 -9999.0 -9999.0 -9999.0 -9999.0 -9999.0 -9999.0 -9999.0 -9999.0 -9999.0 -9999.0 -9999.0 -9999.0 -9999.0 -9999.0 -9999.0 -9999.0 -9999.0 -9999.0 -9999.0 -9999.0 -9999.0 -9999.0 -9999.0 -9999.0 -9999.0 -9999.0 -9999.0 -9999.0 -9999.0 -9999.0 -9999.0 -9999.0