Borden_/Borden1m_014/output_maps/psiliqL0028N0001.asc
ncols         80
nrows         18
xllcorner     620200.000000
yllcorner     5168000.000000
cellsize      1.000000
NODATA_value  -9999.0
-9999.0 -9999.0 -9999.0 -9999.0 -9999.0 -9999.0 -9999.0 -9999.0 -9999.0 -9999.0 -9999.0 -9999.0 -9999.0 -9999.0 -9999.0 -9999.0 -9999.0 -9999.0 -9999.0 -9999.0 -9999.0 -9999.0 -9999.0 -9999.0 -9999.0 -9999.0 -9999.0 -9999.0 -9999.0 -9999.0 -9999.0 -9999.0 -9999.0 -9999.0 -9999.0 -9999.0 -9999.0 -9999.0 -9999.0 -9999.0 -9999.0 -9999.0 -9999.0 -9999.0 -9999.0 -9999.0 -9999.0 -9999.0 -9999.0 -9999.0 -9999.0 -9999.0 -9999.0 -9999.0 -9999.0 -9999.0 -9999.0 -9999.0 -9999.0 -9999.0 -9999.0 -9999.0 -9999.0 -9999.0 -9999.0 -9999.0 -9999.0 -9999.0 -9999.0 -9999.0 -9999.0 -9999.0 -9999.0 -9999.0 -9999.0 -9999.0 -9999.0 -9999.0 -9999.0 -9999.0
-9999.0 -9999.0 -9999.0 -9999.0 -9999.0 -9999.0 -9999.0 -9999.0 -9999.0 -9999.0 -9999.0 -9999.0 -9999.0 -9999.0 -9999.0 -9999.0 -9999.0 -9999.0 -9999.0 -9999.0 -9999.0 -9999.0 -9999.0 -9999.0 -9999.0 -9999.0 -9999.0 -9999.0 -9999.0 -9999.0 -9999.0 -9999.0 -9999.0 -9999.0 -9999.0 -9999.0 -9999.0 -9999.0 -9999.0 -9999.0 -9999.0 -9999.0 -9999.0 -9999.0 -9999.0 -9999.0 -9999.0 -9999.0 -9999.0 -9999.0 -9999.0 -9999.0 -9999.0 -9999.0 -9999.0 -9999.0 -9999.0 -9999.0 -9999.0 -9999.0 -9999.0 -9999.0 -9999.0 -9999.0 -9999.0 -9999.0 -9999.0 -9999.0 -9999.0 -9999.0 -9999.0 -9999.0 -9999.0 -9999.0 -9999.0 -9999.0 -9999.0 -9999.0 -9999.0 -9999.0
-9999.0 -9999.0 -9999.0 -9999.0 -9999.0 -9999.0 -9999.0 -9999.0 -9999.0 -9999.0 -9999.0 -9999.0 -9999.0 -9999.0 -9999.0 -9999.0 -9999.0 -9999.0 -9999.0 -9999.0 3725.108079 3725.771604 3704.092021 3669.785296 3641.327637 3642.897140 3675.320253 3715.608303 3754.224379 3760.940309 3741.418573 3745.206077 3740.569472 3735.304820 3734.937279 3742.657199 3749.544677 3758.877567 3765.490190 3762.792281 3755.167905 3750.130846 3753.078038 3754.418612 3760.833667 3745.743283 3762.090508 3778.571772 3783.208919 3780.895399 3757.733156 3746.472450 3738.786116 3723.372342 3750.480934 3762.327175 3786.136987 3791.063279 3789.257385 3762.821112 3732.936635 -9999.0 -9999.0 -9999.0 -9999.0 -9999.0 -9999.0 -9999.0 -9999.0 -9999.0 -9999.0 -9999.0 -9999.0 -9999.0 -9999.0 -9999.0 -9999.0 -9999.0 -9999.0 -9999.0
-9999.0 -9999.0 -9999.0 -9999.0 -9999.0 -9999.0 -9999.0 -9999.0 -9999.0 -9999.0 -9999.0 -9999.0 -9999.0 -9999.0 3635.221262 3626.476196 3623.363825 3630.203122 3662.213018 3692.237731 3703.672170 3695.980185 3695.493215 3670.274074 3646.710353 3658.711997 3687.656626 3717.528897 3750.332696 3766.832494 3755.597516 3752.630069 3758.772583 3776.991420 3783.896763 3779.934619 3762.530364 3786.863411 3799.522374 3803.106409 3800.806415 3790.669510 3798.603243 3812.265608 3805.130070 3790.203356 3802.204790 3817.782464 3828.297666 3821.185590 3764.210446 3753.658780 3750.956324 3747.730832 3735.214024 3732.170291 3761.454397 3761.392250 3754.777939 3738.109608 3705.073778 3659.989314 3641.423539 3682.835983 3726.904705 3783.457489 -9999.0 -9999.0 -9999.0 -9999.0 -9999.0 -9999.0 -9999.0 -9999.0 -9999.0 -9999.0 -9999.0 -9999.0 -9999.0 -9999.0
-9999.0 -9999.0 -9999.0 -9999.0 -9999.0 -9999.0 -9999.0 -9999.0 -9999.0 3578.017167 3584.048393 3590.694244 3592.902864 3607.622432 3603.909354 3610.427775 3613.493004 3640.365676 3669.127757 3701.904901 3728.144220 3718.492556 3716.497152 3718.838317 3711.149784 3717.755436 3737.523082 3773.307494 3802.815731 3836.925404 3802.336293 3796.735753 3813.736034 3853.755145 3874.718744 3875.481575 3856.584668 3874.870701 3898.083792 3912.569215 3908.586086 3901.945566 3928.271061 3943.869910 3936.185686 3914.101420 3914.876608 3923.748028 3953.766449 3903.020733 3836.936877 3800.954262 3819.121447 3799.677300 3776.134259 3767.061740 3768.817836 3789.751061 3779.007875 3746.066937 3713.756939 3702.345298 3686.138635 3708.435171 3732.431719 3779.381207 3819.890606 3850.211449 3849.882972 3832.866997 -9999.0 -9999.0 -9999.0 -9999.0 -9999.0 -9999.0 -9999.0 -9999.0 -9999.0 -9999.0
-9999.0 -9999.0 -9999.0 -9999.0 -9999.0 -9999.0 3499.649635 3510.128128 3530.663039 3532.583823 3558.883895 3563.368257 3581.436803 3597.770538 3619.076068 3630.680229 3654.188113 3683.018955 3717.578985 3753.634121 3779.902982 3766.716282 3771.041404 3788.060132 3812.113704 3828.804705 3850.885000 3888.410925 3960.497695 3996.321155 3986.204598 3986.308288 3994.319183 4045.077166 4109.149653 4119.218136 4098.423790 4085.711599 4110.291889 4148.454526 4145.427553 4144.108624 4158.162950 4169.428924 4196.387345 4184.760314 4148.888621 4144.988006 4153.335788 4128.857976 4057.790313 4001.438817 3985.158808 3938.095688 3854.018718 3813.412316 3840.760354 3870.691407 3850.562532 3801.994391 3771.367838 3767.246575 3757.331275 3752.089287 3766.156461 3790.232077 3814.810285 3829.440454 3818.034005 3797.502205 3776.269676 3748.437864 3751.419756 3776.480528 -9999.0 -9999.0 -9999.0 -9999.0 -9999.0 -9999.0
-9999.0 -9999.0 -9999.0 -9999.0 3450.573814 3463.127659 3447.416726 3473.329186 3504.603742 3537.502778 3563.630546 3593.808692 3615.625882 3641.089351 3672.259233 3691.350678 3721.131784 3749.335765 3794.976459 3854.666935 3897.597580 3909.066393 3916.679037 3966.942775 4022.785084 4069.092235 4087.780381 4114.041834 4161.478835 4218.359779 4240.244627 4242.497087 4259.474376 4304.619031 4363.022246 4398.757305 4380.756804 4371.357804 4382.416019 4397.556762 4419.721835 4419.755555 4420.902498 4425.512867 4433.813295 4431.618859 4404.061939 4370.189371 4357.066618 4346.503565 4306.190156 4232.753240 4203.639492 4173.752319 4128.109602 4072.687524 4028.445745 4032.481244 3977.312964 3921.704740 3873.666688 3868.144944 3849.609642 3835.233559 3819.858641 3833.934913 3847.324886 3833.141657 3803.548176 3774.794335 3762.334080 3745.175211 3733.971376 3765.508595 3783.588191 3812.991639 -9999.0 -9999.0 -9999.0 -9999.0
-9999.0 -9999.0 3392.217641 3436.482602 3492.990960 3497.962330 3489.188582 3490.723108 3515.896871 3563.801297 3623.226220 3657.252629 3683.110145 3712.511410 3761.340900 3820.071006 3878.138254 3920.230085 3978.767412 4048.724376 4107.905266 4134.163214 4142.368522 4178.463721 4234.259022 4305.657614 4334.532475 4361.693877 4394.581235 4432.441062 4420.475316 4430.555721 4443.816465 4458.615030 4475.466852 4483.606764 4478.371796 4473.686876 4454.905996 4449.390435 4455.807440 4464.502591 4463.001746 4448.050507 4444.059162 4459.344666 4466.044656 4463.648193 4460.246431 4464.711173 4458.510933 4407.938888 4394.232391 4378.391157 4365.619661 4318.465509 4250.456145 4218.999878 4196.427982 4154.183919 4080.144145 4044.441194 4006.030079 3972.629672 3936.578758 3925.581468 3894.779694 3863.636848 3825.721432 3785.589890 3767.148180 3753.573343 3753.620836 3754.459905 3772.579695 3788.400157 3804.468484 3812.590333 -9999.0 -9999.0
-9999.0 3281.147339 3351.419756 3471.365772 3547.814987 3582.300308 3585.692887 3584.448966 3608.630952 3641.952640 3725.151296 3767.895740 3850.374508 3888.878764 3928.431385 4018.361586 4114.463877 4158.894990 4199.181585 4265.361830 4333.150857 4381.212279 4408.037788 4380.912009 4422.154087 4455.598241 4464.946333 4472.867960 4473.826462 4465.218142 4459.120842 4465.637426 4462.458187 4442.824827 4426.320394 4424.401537 4420.896083 4397.181900 4369.341224 4353.407132 4354.348274 4379.811868 4366.321277 4344.749960 4340.255023 4362.222241 4384.341605 4373.386208 4360.099655 4376.819267 4411.997422 4438.064824 4437.511394 4456.526328 4477.755255 4447.940632 4427.870445 4382.869023 4365.560183 4339.816200 4281.817549 4226.884125 4178.330035 4130.071062 4078.233147 4030.594185 3983.438521 3936.592768 3884.118986 3851.801692 3828.218391 3786.648762 3775.293034 3782.574157 3778.292870 3777.050229 3783.807917 3790.445864 -9999.0 -9999.0
-9999.0 3181.151514 3318.666821 3493.873193 3634.564755 3671.248457 3725.009213 3776.632498 3788.413959 3728.674637 3830.073888 4048.996570 4177.061137 4196.172754 4273.926265 4372.089955 4348.679730 4380.984538 4405.174730 4434.650954 4458.274981 4473.861526 4472.468757 4467.669429 4450.889776 4442.817379 4441.859338 4439.649283 4421.903168 4402.635000 4385.596480 4382.115598 4363.559078 4312.309691 4278.430406 4260.207253 4239.741506 4226.779469 4200.034234 4173.648810 4156.333468 4165.450745 4164.745816 4151.954135 4147.557348 4165.198134 4196.170125 4195.158999 4208.380298 4228.288636 4263.856364 4302.883167 4322.369550 4351.921194 4387.945761 4437.278693 4445.022107 4467.733363 4470.326822 4461.355095 4413.710679 4361.340492 4331.587802 4275.544877 4215.903414 4154.133683 4104.827128 4060.050679 4004.580652 3971.170651 3932.616728 3879.289125 3838.058161 3832.696484 3800.100277 3788.127488 -9999.0 -9999.0 -9999.0 -9999.0
-9999.0 3073.489825 3250.122935 3483.602627 3780.599399 3845.293978 4048.717439 4163.207986 4201.016264 4270.009753 4133.543847 4354.125448 4411.627830 4407.843491 4427.965304 4431.879361 4446.688971 4445.780698 4440.681186 4429.474794 4419.623468 4414.847809 4413.873789 4405.909115 4393.165020 4378.410212 4366.330334 4354.577090 4317.251134 4284.739812 4244.058385 4231.155154 4184.451043 4091.587044 4052.957144 4013.098208 3950.536991 3954.015360 3963.635638 3940.097572 3920.118416 3890.158338 3921.376385 3933.599063 3938.340409 3932.444862 3941.009671 3971.279752 4020.622674 4055.457900 4094.319417 4142.666981 4173.595087 4212.986519 4252.507238 4305.182468 4336.943159 4366.125572 4416.082169 4453.341863 4476.298874 4461.563941 4444.002476 4398.053618 4337.328187 4287.707376 4258.186080 4206.962913 4163.189016 4119.865204 4073.441612 4020.755591 3959.253169 3909.896535 3876.765306 -9999.0 -9999.0 -9999.0 -9999.0 -9999.0
-9999.0 2840.861780 3102.781030 3362.006280 3627.361965 3974.064980 4156.706946 4248.262014 4312.882643 4300.489772 4328.252600 4333.426792 4371.033910 4378.996447 4357.717001 4343.243941 4324.747806 4323.657925 4336.799288 4309.033949 4278.228116 4264.579823 4265.552262 4254.877042 4230.653293 4215.810941 4206.609200 4187.713506 4144.546369 4093.606530 4008.259885 3971.884365 3891.580564 3855.767668 3820.413567 3773.631189 3730.091452 3736.875152 3762.953907 3754.974087 3734.606351 3718.004286 3748.025175 3769.634136 3783.192424 3766.161079 3772.549560 3806.937076 3853.237918 3893.578670 3937.075337 3984.840009 4027.009677 4065.631085 4085.403539 4123.719529 4166.042551 4207.887931 4278.608463 4358.381226 4395.269950 4430.522202 4458.687776 4480.919451 4437.600816 4411.948772 4387.753498 4363.719904 4316.905466 4271.171772 4230.590557 4164.970115 4105.404135 -9999.0 -9999.0 -9999.0 -9999.0 -9999.0 -9999.0 -9999.0
-9999.0 2731.227573 2917.199277 3097.756036 3336.470772 3564.624344 3794.409940 3884.456313 3955.596689 4035.364216 4093.930143 4133.369037 4159.177167 4181.184924 4158.741048 4111.503700 4078.671494 4083.864851 4073.972259 4053.497184 4026.099777 4013.500876 4010.653747 4006.221615 3985.513172 3975.893297 3969.580948 3951.963276 3927.660702 3874.897112 3804.754932 3731.064333 3678.733179 3661.892092 3640.947346 3615.579265 3591.137933 3605.264335 3617.998021 3618.975414 3613.619642 3614.740430 3643.776730 3663.923027 3673.322154 3662.769853 3680.839759 3703.292535 3739.359937 3778.156130 3822.327052 3871.933202 3919.936120 3938.938070 3939.443079 3948.962743 3975.306603 4017.779815 4093.715095 4180.031247 4259.483030 4305.703551 4357.040664 4397.750575 4426.767408 4450.063915 4473.702759 4467.712201 4440.974793 4407.142571 4347.363353 -9999.0 -9999.0 -9999.0 -9999.0 -9999.0 -9999.0 -9999.0 -9999.0 -9999.0
-9999.0 -9999.0 2692.027843 2835.933519 2919.011202 3072.876810 3209.253379 3313.543379 3417.345471 3565.276302 3691.872551 3788.168792 3835.687437 3851.484223 3838.105861 3811.056156 3794.933652 3794.445888 3782.384198 3777.191762 3764.324139 3759.745522 3747.663388 3740.610973 3738.213040 3738.996239 3737.704770 3730.549735 3715.316661 3675.466907 3641.672285 3599.353195 3555.153952 3535.140894 3518.691097 3503.605633 3509.731249 3505.114308 3511.046398 3514.715055 3525.402975 3540.237027 3559.503579 3582.499667 3592.171915 3602.725046 3613.140549 3634.176214 3663.320091 3702.945458 3753.780167 3808.188576 3843.530692 3849.467390 3830.098164 3823.435459 3829.619262 3856.560699 3917.418455 3985.319412 4076.020894 4142.195849 4209.335688 4265.968926 4293.113561 4329.515467 4400.993723 4449.114144 4493.124718 4470.635475 -9999.0 -9999.0 -9999.0 -9999.0 -9999.0 -9999.0 -9999.0 -9999.0 -9999.0 -9999.0
-9999.0 -9999.0 -9999.0 -9999.0 2691.192758 2832.846781 2926.617695 3001.288362 3134.124663 3265.552354 3371.671904 3459.782206 3530.780146 3557.158879 3560.098948 3580.264751 3580.502411 3570.555736 3559.462084 3566.196951 3573.062111 3567.544022 3550.354860 3545.184596 3550.933037 3560.901821 3560.763647 3549.773007 3533.480374 3523.441034 3514.403405 3486.637305 3457.245666 3432.189741 3422.430034 3421.764471 3423.331228 3416.235497 3425.311118 3435.367415 3451.945339 3467.279552 3490.789321 3520.751445 3535.744121 3550.304000 3558.371327 3576.057365 3604.130825 3655.119317 3716.390840 3772.668048 3806.402954 3806.181316 3776.834049 3754.099226 3740.176562 3756.049772 3783.235543 3831.926295 3920.427819 3982.234731 4026.093425 4063.680465 4099.989228 4166.284901 4262.866996 4345.203904 -9999.0 -9999.0 -9999.0 -9999.0 -9999.0 -9999.0 -9999.0 -9999.0 -9999.0 -9999.0 -9999.0 -9999.0
-9999.0 -9999.0 -9999.0 -9999.0 -9999.0 -9999.0 2665.969702 2771.315424 2831.314928 2986.530788 3135.228635 3243.884558 3327.973521 3365.366054 3401.901014 3433.706500 3435.193790 3414.495825 3391.980718 3415.157270 3436.578732 3430.439762 3397.685562 3400.637560 3409.633040 3418.901005 3418.099241 3414.494302 3392.567860 3413.595698 3421.918413 3402.310278 3379.964044 3370.315893 3360.967758 3372.689839 3374.140571 3360.510632 3359.627751 3388.597111 3410.369961 3423.344634 3444.161129 3477.380508 3509.850325 3525.520349 3525.986121 3529.880117 3565.186034 3632.653074 3703.374210 3758.343560 3789.176954 3793.379398 3761.968111 3716.447209 3689.488998 3687.118328 3709.869040 3747.264377 3807.019691 3841.907571 3850.373397 3848.441667 3858.529986 3959.692687 -9999.0 -9999.0 -9999.0 -9999.0 -9999.0 -9999.0 -9999.0 -9999.0 -9999.0 -9999.0 -9999.0 -9999.0 -9999.0 -9999.0
-9999.0 -9999.0 -9999.0 -9999.0 -9999.0 -9999.0 -9999.0 -9999.0 -9999.0 -9999.0 -9999.0 -9999.0 -9999.0 -9999.0 -9999.0 -9999.0 -9999.0 -9999.0 -9999.0 -9999.0 -9999.0 -9999.0 -9999.0 -9999.0 -9999.0 -9999.0 -9999.0 -9999.0 -9999.0 -9999.0 -9999.0 -9999.0 -9999.0 -9999.0 -9999.0 -9999.0 -9999.0 -9999.0 -9999.0 -9999.0 -9999.0 -9999.0 -9999.0 -9999.0 -9999.0 -9999.0 -9999.0 -9999.0 -9999.0 -9999.0 -9999.0 -9999.0 -9999.0 -9999.0 -9999.0 -9999.0 -9999.0 -9999.0 -9999.0 -9999.0 -9999.0 -9999.0 -9999.0 -9999.0 -9999.0 -9999.0 -9999.0 -9999.0 -9999.0 -9999.0 -9999.0 -9999.0 -9999.0 -9999.0 -9999.0 -9999.0 -9999.0 -9999.0 -9999.0 -9999.0
-9999.0 -9999.0 -9999.0 -9999.0 -9999.0 -9999.0 -9999.0 -9999.0 -9999.0 -9999.0 -9999.0 -9999.0 -9999.0 -9999.0 -9999.0 -9999.0 -9999.0 -9999.0 -9999.0 -9999.0 -9999.0 -9999.0 -9999.0 -9999.0 -9999.0 -9999.0 -9999.0 -9999.0 -9999.0 -9999.0 -9999.0 -9999.0 -9999.0 -9999.0 -9999.0 -9999.0 -9999.0 -9999.0 -9999.0 -9999.0 -9999.0 -9999.0 -9999.0 -9999.0 -9999.0 -9999.0 -9999.0 -9999.0 -9999.0 -9999.0 -9999.0 -9999.0 -9999.0 -9999.0 -9999.0 -9999.0 -9999.0 -9999.0 -9999.0 -9999.0 -9999.0 -9999.0 -9999.0 -9999.0 -9999.0 -9999.0 -9999.0 -9999.0 -9999.0 -9999.0 -9999.0 -9999.0 -9999.0 -9999.0 -9999.0 -9999.0 -9999.0 -9999.0 -9999.0 -9999.0