Borden_/Borden1m_014/output_maps/psiliqL0002N0023.asc
ncols         80
nrows         18
xllcorner     620200.000000
yllcorner     5168000.000000
cellsize      1.000000
NODATA_value  -9999.0
-9999.0 -9999.0 -9999.0 -9999.0 -9999.0 -9999.0 -9999.0 -9999.0 -9999.0 -9999.0 -9999.0 -9999.0 -9999.0 -9999.0 -9999.0 -9999.0 -9999.0 -9999.0 -9999.0 -9999.0 -9999.0 -9999.0 -9999.0 -9999.0 -9999.0 -9999.0 -9999.0 -9999.0 -9999.0 -9999.0 -9999.0 -9999.0 -9999.0 -9999.0 -9999.0 -9999.0 -9999.0 -9999.0 -9999.0 -9999.0 -9999.0 -9999.0 -9999.0 -9999.0 -9999.0 -9999.0 -9999.0 -9999.0 -9999.0 -9999.0 -9999.0 -9999.0 -9999.0 -9999.0 -9999.0 -9999.0 -9999.0 -9999.0 -9999.0 -9999.0 -9999.0 -9999.0 -9999.0 -9999.0 -9999.0 -9999.0 -9999.0 -9999.0 -9999.0 -9999.0 -9999.0 -9999.0 -9999.0 -9999.0 -9999.0 -9999.0 -9999.0 -9999.0 -9999.0 -9999.0
-9999.0 -9999.0 -9999.0 -9999.0 -9999.0 -9999.0 -9999.0 -9999.0 -9999.0 -9999.0 -9999.0 -9999.0 -9999.0 -9999.0 -9999.0 -9999.0 -9999.0 -9999.0 -9999.0 -9999.0 -9999.0 -9999.0 -9999.0 -9999.0 -9999.0 -9999.0 -9999.0 -9999.0 -9999.0 -9999.0 -9999.0 -9999.0 -9999.0 -9999.0 -9999.0 -9999.0 -9999.0 -9999.0 -9999.0 -9999.0 -9999.0 -9999.0 -9999.0 -9999.0 -9999.0 -9999.0 -9999.0 -9999.0 -9999.0 -9999.0 -9999.0 -9999.0 -9999.0 -9999.0 -9999.0 -9999.0 -9999.0 -9999.0 -9999.0 -9999.0 -9999.0 -9999.0 -9999.0 -9999.0 -9999.0 -9999.0 -9999.0 -9999.0 -9999.0 -9999.0 -9999.0 -9999.0 -9999.0 -9999.0 -9999.0 -9999.0 -9999.0 -9999.0 -9999.0 -9999.0
-9999.0 -9999.0 -9999.0 -9999.0 -9999.0 -9999.0 -9999.0 -9999.0 -9999.0 -9999.0 -9999.0 -9999.0 -9999.0 -9999.0 -9999.0 -9999.0 -9999.0 -9999.0 -9999.0 -9999.0 -557.273183 -556.314493 -558.288461 -560.502703 -562.387885 -562.648444 -560.554001 -558.168207 -555.398076 -554.871499 -557.182401 -556.588578 -557.514379 -558.056497 -558.123836 -557.486613 -557.172907 -556.288031 -555.736767 -556.024603 -556.718927 -557.198720 -557.673957 -557.545920 -556.742656 -557.820728 -556.251601 -554.730714 -554.209398 -554.176172 -556.188170 -556.992790 -557.275997 -559.083336 -555.820920 -554.910826 -552.545885 -552.339267 -551.859680 -554.514417 -557.110678 -9999.0 -9999.0 -9999.0 -9999.0 -9999.0 -9999.0 -9999.0 -9999.0 -9999.0 -9999.0 -9999.0 -9999.0 -9999.0 -9999.0 -9999.0 -9999.0 -9999.0 -9999.0 -9999.0
-9999.0 -9999.0 -9999.0 -9999.0 -9999.0 -9999.0 -9999.0 -9999.0 -9999.0 -9999.0 -9999.0 -9999.0 -9999.0 -9999.0 -560.682450 -561.780730 -562.299446 -562.673406 -560.794676 -559.356817 -559.375437 -560.520699 -559.545451 -561.720259 -563.651691 -562.488734 -560.894585 -559.647476 -557.487124 -555.794451 -557.403717 -557.800884 -556.956040 -553.882792 -552.544084 -553.211974 -556.885575 -553.449209 -551.749092 -550.641610 -550.788488 -552.472430 -550.160915 -547.449940 -548.863768 -551.726256 -551.112978 -549.530513 -546.871318 -548.172314 -557.045401 -557.849176 -557.346754 -557.107336 -558.289918 -559.167992 -555.886927 -556.391058 -556.899946 -557.387792 -559.192420 -562.195646 -563.554500 -560.382904 -557.639070 -551.841429 -9999.0 -9999.0 -9999.0 -9999.0 -9999.0 -9999.0 -9999.0 -9999.0 -9999.0 -9999.0 -9999.0 -9999.0 -9999.0 -9999.0
-9999.0 -9999.0 -9999.0 -9999.0 -9999.0 -9999.0 -9999.0 -9999.0 -9999.0 -562.325923 -562.658639 -562.372105 -563.135166 -562.202733 -563.871601 -563.512900 -563.845801 -562.568593 -561.593549 -559.832568 -557.385761 -559.259571 -559.511531 -558.204478 -558.069842 -557.619277 -556.604988 -552.593651 -547.993929 -540.464081 -547.003218 -547.284137 -543.794941 -530.187665 -517.629736 -513.849015 -520.419164 -520.497091 -512.302034 -502.206031 -502.460178 -503.458912 -492.251551 -485.327533 -480.068764 -490.929463 -500.975182 -502.578998 -488.722975 -511.646177 -530.308442 -545.190818 -544.169006 -548.938468 -554.045967 -555.872660 -556.624083 -552.846277 -554.234026 -557.561934 -560.241577 -559.263685 -560.812996 -559.301527 -558.328516 -553.957365 -550.008311 -546.083835 -545.890202 -548.415434 -9999.0 -9999.0 -9999.0 -9999.0 -9999.0 -9999.0 -9999.0 -9999.0 -9999.0 -9999.0
-9999.0 -9999.0 -9999.0 -9999.0 -9999.0 -9999.0 -564.064598 -564.231222 -563.655983 -565.720034 -564.372121 -565.403672 -564.428445 -564.049220 -563.449679 -563.505807 -561.894044 -560.518209 -558.119555 -554.864796 -551.769559 -553.538916 -552.756491 -548.228989 -538.607753 -529.306072 -523.548979 -513.001991 -474.308200 -423.434389 -394.789588 -378.178958 -352.807326 -329.851797 -285.149438 -209.624976 -289.306256 -307.132946 -295.411373 -260.072460 -172.512085 -171.394749 -166.440787 -159.524228 -133.598661 -138.318378 -255.340843 -281.462933 -287.998646 -293.687606 -324.128697 -358.207479 -439.287210 -485.935680 -518.418090 -534.277335 -537.260172 -535.105376 -541.318530 -549.395523 -554.048444 -553.967022 -554.828634 -556.567452 -555.743057 -554.003645 -551.248197 -549.486488 -550.809406 -552.567575 -553.822619 -556.717623 -556.240035 -553.420402 -9999.0 -9999.0 -9999.0 -9999.0 -9999.0 -9999.0
-9999.0 -9999.0 -9999.0 -9999.0 -567.078809 -566.173700 -568.948902 -567.434148 -566.302193 -565.485656 -565.605009 -564.108429 -563.781351 -562.749497 -560.454272 -558.721830 -555.464336 -553.046032 -545.888116 -529.597375 -513.122540 -502.734706 -496.754643 -442.222460 -352.060360 -321.044887 -311.441304 -294.524734 -252.548893 -126.443705 -100.935087 -124.394977 -79.739025 -85.754261 -14.170444 19.449616 0.963024 -4.875368 -3.237939 4.044602 27.213881 27.805930 28.572457 28.605248 30.715504 32.689822 13.329410 -16.578875 -28.391697 -34.371554 -88.746041 -111.382408 -219.559403 -259.421349 -280.087116 -309.093674 -349.404362 -377.672478 -466.720070 -500.520498 -524.724103 -533.128674 -540.800936 -544.460210 -549.362418 -548.436553 -547.026277 -549.480985 -552.597818 -555.519992 -555.790872 -557.042258 -558.531767 -554.860577 -553.637929 -549.666852 -9999.0 -9999.0 -9999.0 -9999.0
-9999.0 -9999.0 -567.117031 -567.145401 -564.741624 -566.342584 -567.285166 -568.645789 -568.186604 -565.922376 -561.616656 -559.918919 -557.049454 -555.568173 -548.565567 -529.421091 -505.522246 -483.764253 -410.785476 -342.485933 -305.822019 -273.300600 -184.060244 -147.397589 -131.943636 -56.029459 -36.631295 -50.802906 6.965484 32.491651 57.358031 72.827877 76.512589 72.589711 71.204299 69.871892 67.750876 63.850007 47.446639 45.248513 52.314655 54.373523 57.915255 45.643575 41.960634 54.089676 56.242210 56.907084 59.025370 67.497259 77.142256 49.578330 -2.671884 -13.385975 -52.630675 -53.565296 -111.310708 -210.041393 -243.421415 -279.319650 -330.926877 -360.296822 -444.613412 -493.310772 -517.411225 -528.185401 -538.390913 -544.478144 -549.899168 -554.846696 -556.267966 -557.087242 -556.332543 -556.894264 -554.951527 -553.520988 -551.319118 -550.510380 -9999.0 -9999.0
-9999.0 -567.711795 -568.673694 -564.428435 -563.926464 -563.192402 -562.160567 -561.276569 -560.192232 -561.988836 -550.176892 -525.763656 -498.345190 -487.109135 -429.288981 -327.896120 -182.156253 -149.658961 -126.304709 -118.853629 -38.698603 -3.250243 23.181291 56.274892 77.595285 73.905674 70.177571 69.099818 60.744800 53.445461 43.586512 51.011145 50.794058 35.794943 23.780901 23.147879 20.612643 -7.838691 -27.820965 -39.536160 -34.266644 -13.573748 -23.439044 -43.425907 -47.176504 -28.059895 -12.889741 -21.246467 -33.387513 -17.689074 12.062401 28.866330 45.105558 59.000149 77.840145 56.718761 24.781367 -10.777805 -58.302105 -47.361899 -152.290852 -215.339987 -267.903010 -318.821944 -356.771210 -450.022175 -501.102940 -522.963174 -538.221234 -543.653735 -546.942714 -553.834297 -555.512976 -553.949397 -554.851668 -554.950300 -554.089070 -553.428254 -9999.0 -9999.0
-9999.0 -571.831155 -567.915586 -563.539883 -558.090876 -557.637516 -537.094940 -516.832261 -509.979710 -520.920626 -462.887623 -176.671461 -152.107583 -115.595350 -64.207772 2.582563 42.832606 64.254474 76.636326 68.651393 62.271517 64.237168 59.542741 51.025344 38.119712 30.169861 30.545337 28.398673 12.452223 -3.996546 -18.954529 -20.112094 -31.420357 -64.454245 -93.846812 -105.377127 -119.048873 -199.039728 -244.388507 -272.380775 -283.538122 -265.600461 -275.053697 -290.302086 -293.378959 -273.798075 -242.481599 -246.558805 -237.857926 -212.223560 -167.680659 -82.655378 -63.753625 -38.834207 -7.701800 29.360204 47.461502 66.703964 72.406258 49.126725 12.068445 -32.153010 -58.781796 -165.347231 -235.350625 -304.515023 -341.109295 -370.240770 -468.318352 -499.640534 -519.507007 -535.244514 -545.783452 -547.929173 -552.912789 -553.556608 -9999.0 -9999.0 -9999.0 -9999.0
-9999.0 -571.932190 -568.100053 -559.614762 -538.049407 -501.668958 -351.936433 -245.811129 -69.336898 -127.961088 -6.387969 63.536589 70.511305 54.687809 28.268414 24.723844 34.098897 36.294710 32.251183 23.090020 13.595649 -17.895366 8.080372 -27.396009 -9.874104 -24.409681 -34.230308 -44.723765 -133.085289 -168.009432 -196.009779 -215.096728 -249.348203 -315.566647 -336.463163 -352.699864 -434.201182 -450.314706 -464.959164 -487.419340 -496.265624 -501.843116 -494.232165 -496.278054 -497.036065 -492.336251 -479.227885 -467.029684 -409.946469 -357.092018 -334.594342 -301.517598 -273.347754 -228.912221 -177.806878 -76.480195 -50.049850 -24.584177 13.811874 49.826950 69.555427 62.371634 34.620183 1.389894 -55.053146 -165.598779 -210.611911 -265.033182 -316.279098 -345.823388 -367.778340 -449.255636 -503.558219 -532.562643 -539.749491 -9999.0 -9999.0 -9999.0 -9999.0 -9999.0
-9999.0 -577.524888 -567.746767 -560.818509 -521.387751 -342.269422 -265.556557 4.021531 55.239732 -12.660921 -131.513029 -48.919177 -65.199169 -15.949438 -40.072537 -48.657240 -54.723228 -55.342401 -42.724785 -69.874981 -146.747068 -165.334952 -167.494921 -181.293749 -206.977105 -227.918853 -243.372400 -263.340166 -305.698352 -332.618300 -374.973658 -423.288173 -491.350319 -518.074768 -530.579151 -541.148167 -550.462561 -550.214103 -547.270714 -549.780913 -552.433724 -555.265388 -551.874157 -550.335528 -548.821322 -550.726974 -550.261479 -545.592003 -537.553687 -528.108132 -512.420615 -488.112084 -446.807138 -360.558980 -340.724279 -307.990517 -272.209530 -223.798615 -149.999628 -30.450291 -6.138101 24.796543 60.610619 78.903395 40.582349 5.606805 -44.639744 -86.835603 -204.961582 -262.679316 -288.555992 -315.986669 -347.888630 -9999.0 -9999.0 -9999.0 -9999.0 -9999.0 -9999.0 -9999.0
-9999.0 -580.761544 -570.092249 -568.503673 -555.887832 -526.028956 -461.938714 -337.979049 -180.251268 -304.212629 -315.927933 -299.767584 -279.204456 -261.359857 -280.290410 -303.572620 -318.378379 -315.066530 -313.200471 -326.910942 -342.475392 -349.473542 -350.549573 -361.306617 -410.912420 -439.683993 -454.075785 -475.197857 -496.808831 -516.902221 -539.658390 -549.361531 -555.839264 -557.956265 -559.513001 -561.167641 -564.474269 -562.604722 -561.191396 -561.549890 -562.604313 -563.426778 -560.960515 -560.142410 -559.368172 -561.683667 -560.117740 -558.771890 -555.632000 -552.381843 -547.580005 -540.159587 -529.970362 -521.875825 -514.978435 -501.796587 -476.506780 -386.266831 -326.533073 -246.956075 -173.225210 -81.087968 -33.606684 -1.373918 18.628898 27.666199 36.145661 17.755415 -48.946565 -184.219974 -225.883946 -9999.0 -9999.0 -9999.0 -9999.0 -9999.0 -9999.0 -9999.0 -9999.0 -9999.0
-9999.0 -9999.0 -582.914369 -578.506454 -574.594210 -570.712522 -565.162954 -557.450337 -551.666873 -543.425702 -530.703210 -515.001598 -503.663746 -497.918271 -505.622288 -519.716118 -527.184191 -526.593521 -528.524359 -532.347072 -538.979730 -541.514534 -543.136740 -544.406898 -546.983419 -548.029714 -548.447429 -549.336153 -551.310755 -555.739383 -559.497231 -561.990980 -564.789296 -564.585472 -565.001444 -565.984835 -565.128461 -565.336331 -565.071082 -565.229672 -565.009228 -564.563961 -564.040703 -563.302678 -563.297855 -563.097504 -562.850084 -562.049881 -560.819082 -559.192164 -555.897996 -550.896237 -546.954644 -545.994988 -548.120128 -547.441302 -544.484478 -537.089001 -509.653597 -441.239651 -344.874059 -295.659960 -226.307087 -172.421778 -122.238589 -85.779724 -28.884789 15.991878 9.706842 -120.928865 -9999.0 -9999.0 -9999.0 -9999.0 -9999.0 -9999.0 -9999.0 -9999.0 -9999.0 -9999.0
-9999.0 -9999.0 -9999.0 -9999.0 -584.660445 -578.560077 -572.989660 -573.577795 -569.605884 -567.292182 -565.129988 -562.462471 -560.249916 -558.745680 -560.713202 -561.157533 -561.531872 -561.205123 -561.592467 -562.108413 -562.352997 -562.655197 -562.927596 -563.365818 -563.185069 -562.761718 -562.634543 -563.374073 -563.323217 -564.743706 -564.881311 -565.662939 -566.428074 -567.349206 -567.125647 -567.227524 -566.796811 -567.248799 -566.557915 -566.998901 -566.495644 -566.286960 -565.686373 -564.688386 -565.130307 -564.552398 -564.548446 -563.795298 -563.570938 -561.574903 -558.246728 -554.291170 -551.541257 -551.681907 -555.260680 -556.679012 -557.528635 -555.304191 -551.426143 -542.567047 -516.353515 -481.885719 -383.865401 -341.294634 -319.205936 -281.550497 -212.932215 -121.360440 -9999.0 -9999.0 -9999.0 -9999.0 -9999.0 -9999.0 -9999.0 -9999.0 -9999.0 -9999.0 -9999.0 -9999.0
-9999.0 -9999.0 -9999.0 -9999.0 -9999.0 -9999.0 -582.073967 -579.065853 -579.939362 -577.772444 -575.880217 -574.394271 -572.025229 -572.419973 -571.764947 -569.841908 -570.124362 -571.021928 -572.161169 -570.456226 -569.736076 -569.543926 -571.404351 -570.868809 -570.686070 -569.962923 -570.037500 -569.705013 -571.306221 -569.394795 -568.472941 -568.802426 -569.116338 -568.735664 -569.141511 -567.933752 -567.790343 -568.750479 -569.034753 -567.671054 -567.307882 -567.534096 -567.298402 -566.399773 -565.057632 -564.884231 -565.526740 -566.431231 -565.086992 -561.958872 -558.419456 -555.236288 -553.108631 -552.354180 -555.310021 -559.252680 -561.197272 -561.491136 -559.934491 -556.894094 -549.142518 -543.463494 -538.472044 -531.021139 -522.625183 -476.612295 -9999.0 -9999.0 -9999.0 -9999.0 -9999.0 -9999.0 -9999.0 -9999.0 -9999.0 -9999.0 -9999.0 -9999.0 -9999.0 -9999.0
-9999.0 -9999.0 -9999.0 -9999.0 -9999.0 -9999.0 -9999.0 -9999.0 -9999.0 -9999.0 -9999.0 -9999.0 -9999.0 -9999.0 -9999.0 -9999.0 -9999.0 -9999.0 -9999.0 -9999.0 -9999.0 -9999.0 -9999.0 -9999.0 -9999.0 -9999.0 -9999.0 -9999.0 -9999.0 -9999.0 -9999.0 -9999.0 -9999.0 -9999.0 -9999.0 -9999.0 -9999.0 -9999.0 -9999.0 -9999.0 -9999.0 -9999.0 -9999.0 -9999.0 -9999.0 -9999.0 -9999.0 -9999.0 -9999.0 -9999.0 -9999.0 -9999.0 -9999.0 -9999.0 -9999.0 -9999.0 -9999.0 -9999.0 -9999.0 -9999.0 -9999.0 -9999.0 -9999.0 -9999.0 -9999.0 -9999.0 -9999.0 -9999.0 -9999.0 -9999.0 -9999.0 -9999.0 -9999.0 -9999.0 -9999.0 -9999.0 -9999.0 -9999.0 -9999.0 -9999.0
-9999.0 -9999.0 -9999.0 -9999.0 -9999.0 -9999.0 -9999.0 -9999.0 -9999.0 -9999.0 -9999.0 -9999.0 -9999.0 -9999.0 -9999.0 -9999.0 -9999.0 -9999.0 -9999.0 -9999.0 -9999.0 -9999.0 -9999.0 -9999.0 -9999.0 -9999.0 -9999.0 -9999.0 -9999.0 -9999.0 -9999.0 -9999.0 -9999.0 -9999.0 -9999.0 -9999.0 -9999.0 -9999.0 -9999.0 -9999.0 -9999.0 -9999.0 -9999.0 -9999.0 -9999.0 -9999.0 -9999.0 -9999.0 -9999.0 -9999.0 -9999.0 -9999.0 -9999.0 -9999.0 -9999.0 -9999.0 -9999.0 -9999.0 -9999.0 -9999.0 -9999.0 -9999.0 -9999.0 -9999.0 -9999.0 -9999.0 -9999.0 -9999.0 -9999.0 -9999.0 -9999.0 -9999.0 -9999.0 -9999.0 -9999.0 -9999.0 -9999.0 -9999.0 -9999.0 -9999.0