Borden_/Borden1m_014/output_maps/psiliqL0006N0037.asc
ncols         80
nrows         18
xllcorner     620200.000000
yllcorner     5168000.000000
cellsize      1.000000
NODATA_value  -9999.0
-9999.0 -9999.0 -9999.0 -9999.0 -9999.0 -9999.0 -9999.0 -9999.0 -9999.0 -9999.0 -9999.0 -9999.0 -9999.0 -9999.0 -9999.0 -9999.0 -9999.0 -9999.0 -9999.0 -9999.0 -9999.0 -9999.0 -9999.0 -9999.0 -9999.0 -9999.0 -9999.0 -9999.0 -9999.0 -9999.0 -9999.0 -9999.0 -9999.0 -9999.0 -9999.0 -9999.0 -9999.0 -9999.0 -9999.0 -9999.0 -9999.0 -9999.0 -9999.0 -9999.0 -9999.0 -9999.0 -9999.0 -9999.0 -9999.0 -9999.0 -9999.0 -9999.0 -9999.0 -9999.0 -9999.0 -9999.0 -9999.0 -9999.0 -9999.0 -9999.0 -9999.0 -9999.0 -9999.0 -9999.0 -9999.0 -9999.0 -9999.0 -9999.0 -9999.0 -9999.0 -9999.0 -9999.0 -9999.0 -9999.0 -9999.0 -9999.0 -9999.0 -9999.0 -9999.0 -9999.0
-9999.0 -9999.0 -9999.0 -9999.0 -9999.0 -9999.0 -9999.0 -9999.0 -9999.0 -9999.0 -9999.0 -9999.0 -9999.0 -9999.0 -9999.0 -9999.0 -9999.0 -9999.0 -9999.0 -9999.0 -9999.0 -9999.0 -9999.0 -9999.0 -9999.0 -9999.0 -9999.0 -9999.0 -9999.0 -9999.0 -9999.0 -9999.0 -9999.0 -9999.0 -9999.0 -9999.0 -9999.0 -9999.0 -9999.0 -9999.0 -9999.0 -9999.0 -9999.0 -9999.0 -9999.0 -9999.0 -9999.0 -9999.0 -9999.0 -9999.0 -9999.0 -9999.0 -9999.0 -9999.0 -9999.0 -9999.0 -9999.0 -9999.0 -9999.0 -9999.0 -9999.0 -9999.0 -9999.0 -9999.0 -9999.0 -9999.0 -9999.0 -9999.0 -9999.0 -9999.0 -9999.0 -9999.0 -9999.0 -9999.0 -9999.0 -9999.0 -9999.0 -9999.0 -9999.0 -9999.0
-9999.0 -9999.0 -9999.0 -9999.0 -9999.0 -9999.0 -9999.0 -9999.0 -9999.0 -9999.0 -9999.0 -9999.0 -9999.0 -9999.0 -9999.0 -9999.0 -9999.0 -9999.0 -9999.0 -9999.0 -646.895016 -643.712176 -666.963210 -701.391263 -730.221153 -728.814328 -694.081514 -653.287210 -615.705378 -605.139692 -623.665690 -622.687651 -628.213680 -628.171539 -625.005498 -619.206552 -616.954353 -605.096555 -596.376876 -596.526112 -602.815379 -608.821157 -610.563407 -606.778153 -601.783063 -610.275040 -596.605653 -580.828583 -573.933190 -579.204929 -607.147512 -623.226840 -631.037828 -645.132856 -620.028863 -606.801007 -583.100422 -578.373465 -579.108418 -606.203778 -636.317511 -9999.0 -9999.0 -9999.0 -9999.0 -9999.0 -9999.0 -9999.0 -9999.0 -9999.0 -9999.0 -9999.0 -9999.0 -9999.0 -9999.0 -9999.0 -9999.0 -9999.0 -9999.0 -9999.0
-9999.0 -9999.0 -9999.0 -9999.0 -9999.0 -9999.0 -9999.0 -9999.0 -9999.0 -9999.0 -9999.0 -9999.0 -9999.0 -9999.0 -736.092769 -746.751027 -750.277948 -742.241774 -708.876233 -679.344076 -666.774358 -674.821812 -675.237270 -699.333450 -719.905242 -706.188989 -677.377735 -646.330043 -612.199619 -591.245077 -604.779220 -607.801845 -596.657478 -566.905057 -550.328975 -552.759498 -575.574286 -552.260919 -534.501858 -523.293165 -523.974593 -532.912537 -516.138227 -497.965653 -504.995876 -524.598238 -522.552962 -510.700033 -494.329975 -512.320134 -581.689134 -604.527742 -607.237682 -613.634459 -626.565156 -632.956237 -607.604703 -605.981899 -613.840588 -631.375154 -663.175717 -706.987856 -724.269121 -685.405110 -640.213768 -581.086576 -9999.0 -9999.0 -9999.0 -9999.0 -9999.0 -9999.0 -9999.0 -9999.0 -9999.0 -9999.0 -9999.0 -9999.0 -9999.0 -9999.0
-9999.0 -9999.0 -9999.0 -9999.0 -9999.0 -9999.0 -9999.0 -9999.0 -9999.0 -791.380535 -788.435797 -781.846490 -780.784675 -765.683829 -767.759819 -761.416102 -753.835503 -728.700161 -698.273706 -663.553613 -634.727700 -645.595863 -645.755683 -633.066625 -625.044658 -611.429752 -590.183500 -547.537104 -500.046581 -451.670661 -481.694147 -482.786099 -458.866339 -394.353227 -337.841486 -321.413305 -347.991546 -344.746954 -307.542645 -270.087071 -264.417836 -264.148393 -232.928720 -216.742690 -209.309670 -232.202440 -261.613299 -267.717007 -239.139000 -306.836090 -397.431419 -468.305492 -472.459998 -509.648143 -556.466436 -581.594715 -585.059788 -561.765327 -577.482438 -615.508962 -652.125773 -660.622764 -676.586349 -659.945340 -636.526043 -588.324934 -548.852116 -518.971403 -518.017554 -535.426830 -9999.0 -9999.0 -9999.0 -9999.0 -9999.0 -9999.0 -9999.0 -9999.0 -9999.0 -9999.0
-9999.0 -9999.0 -9999.0 -9999.0 -9999.0 -9999.0 -868.584137 -860.518309 -841.609315 -836.511939 -813.198670 -806.319496 -786.532708 -767.904547 -748.496216 -732.114335 -701.539020 -669.576110 -627.679264 -581.899631 -547.321061 -550.534659 -538.874055 -498.494618 -443.862012 -399.308022 -365.181938 -308.087581 -207.459407 -150.254956 -130.281238 -121.631766 -111.024926 -71.561142 -12.041318 5.507043 -13.998224 -28.775634 -8.159086 36.109304 85.865677 90.956936 98.375745 106.085308 131.610805 122.310299 42.983922 14.091492 3.621328 -10.116367 -60.939533 -117.694951 -169.665724 -230.302539 -337.458147 -419.688150 -427.781427 -414.050572 -454.194703 -514.831192 -561.743642 -573.296757 -588.328608 -602.924477 -597.350880 -577.086403 -552.411260 -540.092647 -551.947859 -571.988362 -594.749037 -623.222399 -621.130527 -595.077776 -9999.0 -9999.0 -9999.0 -9999.0 -9999.0 -9999.0
-9999.0 -9999.0 -9999.0 -9999.0 -917.655603 -905.802035 -917.821595 -895.322985 -864.408084 -832.486976 -801.012488 -764.493030 -738.416076 -709.595173 -667.692446 -627.716800 -581.139626 -543.273183 -480.384478 -392.726845 -315.675126 -272.981975 -244.715333 -168.482425 -103.622009 -55.930971 -37.075151 -8.776550 41.048378 136.838411 154.414407 171.849925 190.509426 213.724848 256.659203 283.432737 272.445803 266.788921 270.519917 280.468852 307.511306 309.286461 310.840087 311.275818 313.451089 313.865792 290.459669 257.875925 244.714563 219.348775 212.817051 152.727455 73.359771 35.345773 7.715205 -38.299836 -104.152508 -131.329541 -197.435869 -266.884939 -363.613476 -404.355214 -447.718941 -480.209881 -515.752028 -516.342230 -513.662869 -533.568954 -563.705346 -595.211875 -609.453132 -627.485505 -636.900466 -606.355231 -588.098749 -556.109573 -9999.0 -9999.0 -9999.0 -9999.0
-9999.0 -9999.0 -974.055544 -924.674806 -869.986206 -862.357312 -860.362148 -856.556865 -831.152228 -782.161117 -703.483405 -649.211535 -601.209481 -569.583927 -503.152099 -396.528020 -283.481798 -217.753031 -147.799054 -84.758765 -25.492416 17.330983 70.060711 117.358395 163.212902 214.316483 235.405269 243.516480 283.645603 314.733078 337.915637 354.350803 359.756796 353.951802 355.547283 352.577396 350.830957 346.670948 330.103080 328.184662 336.161416 338.731158 342.347513 329.850281 326.176531 338.218923 340.219275 339.564102 341.639091 346.660168 358.274532 328.079745 274.137378 246.632043 252.667799 216.285822 152.078993 77.796228 49.453752 7.935715 -70.850478 -121.277936 -178.209388 -243.871145 -321.921007 -375.412093 -437.219578 -483.977297 -531.165357 -576.403281 -599.125088 -616.892992 -618.180520 -616.670110 -599.927193 -583.564329 -567.500053 -559.359690 -9999.0 -9999.0
-9999.0 -1069.572818 -998.682929 -871.936878 -794.911005 -751.118351 -709.337147 -678.345251 -654.904894 -643.418685 -527.208254 -390.455623 -266.229891 -225.995625 -160.465725 -58.862700 71.129930 104.391645 138.391343 168.976383 233.236508 270.392053 302.261057 334.122303 358.387126 356.907703 355.229328 352.908058 346.285137 339.355953 329.660391 335.970178 335.100087 319.609924 306.157517 303.865920 295.880900 273.220539 247.625110 235.403205 240.409086 261.057344 251.192802 231.114721 227.564825 246.957047 262.922030 253.574003 242.660347 244.981787 290.855435 311.547224 327.492048 339.857655 361.464740 339.161657 306.633070 267.444193 246.829220 222.480085 136.089331 69.400696 15.854568 -49.201672 -111.563045 -184.769105 -263.583663 -347.056796 -431.915992 -476.859910 -510.341531 -564.195749 -587.695903 -585.242140 -594.047709 -595.942538 -588.669009 -581.907470 -9999.0 -9999.0
-9999.0 -1138.159153 -995.892676 -811.537197 -666.505026 -602.346265 -468.797369 -361.802197 -319.811344 -348.071447 -199.148722 63.736987 139.539383 145.131653 201.967621 273.770561 315.495234 338.675549 355.094421 347.278097 345.047834 346.632903 344.536346 336.090263 322.782725 315.854535 315.358068 312.724736 293.510608 275.272675 258.709930 243.596518 242.194542 207.203660 171.433582 152.515895 115.054740 86.755990 51.097030 24.982664 12.783670 32.709864 22.262936 3.265943 -0.560898 23.491802 56.295097 49.502253 53.770153 75.398469 121.441846 187.596099 210.559256 225.150136 271.739584 312.829603 331.224999 351.178414 355.485624 332.824517 290.829509 230.013433 211.026139 121.682592 44.774698 -36.686107 -94.601199 -145.957360 -217.619186 -276.545586 -345.997713 -423.784109 -491.776785 -522.591589 -562.492540 -583.681816 -9999.0 -9999.0 -9999.0 -9999.0
-9999.0 -1197.867685 -1007.829470 -741.928164 -483.548290 -308.862188 -110.021543 30.235622 145.651165 157.293477 234.550431 326.519339 341.749558 328.282901 306.570326 304.494953 315.783432 318.635186 314.318757 303.905461 292.142906 275.564365 285.708634 275.756180 266.479810 252.589171 240.873333 227.014700 160.329702 122.744146 92.992813 77.374473 44.342549 -42.593144 -82.235954 -109.601082 -165.129774 -180.379378 -197.326424 -232.089166 -254.902636 -272.001532 -251.739904 -253.964100 -254.172127 -242.726098 -217.106133 -196.191916 -149.797727 -114.335734 -74.234914 -20.731133 13.963944 57.452672 110.645254 194.076679 225.153723 253.145841 294.372215 333.301500 354.699634 345.552258 317.453492 277.898157 213.078764 114.678289 58.572824 -16.096307 -76.297596 -118.876141 -153.130503 -205.595442 -289.933114 -421.658046 -470.505621 -9999.0 -9999.0 -9999.0 -9999.0 -9999.0
-9999.0 -1343.038200 -1076.798832 -779.808432 -426.993010 -98.334985 5.181821 214.664840 285.675721 215.182618 158.801264 212.714207 246.846592 252.700873 230.000791 219.412266 214.705251 214.649212 225.816848 190.099010 136.083752 117.937688 117.168201 104.558920 82.828018 64.645226 50.551237 29.085242 -24.936157 -71.436494 -136.457568 -163.516503 -246.113901 -338.800943 -404.229856 -462.696945 -521.614804 -525.132486 -510.251753 -529.302917 -552.854826 -572.590786 -546.641080 -531.670927 -520.876117 -530.246205 -520.463445 -483.453723 -427.747806 -372.667502 -301.585850 -228.168675 -172.837616 -117.271233 -84.449553 -29.528110 17.948725 65.630057 141.372972 242.285254 274.462967 307.358840 342.420801 360.059580 317.121033 269.980967 212.060655 114.179631 11.946141 -33.870650 -51.354619 -74.029903 -117.904003 -9999.0 -9999.0 -9999.0 -9999.0 -9999.0 -9999.0 -9999.0
-9999.0 -1478.048295 -1240.995203 -991.274074 -688.763810 -439.165254 -228.417742 -103.109619 20.272761 -41.988269 -47.989161 -19.032476 12.023976 33.861188 10.148528 -25.618751 -50.600140 -47.392156 -47.653886 -72.194376 -101.593905 -114.810417 -115.724649 -123.330840 -151.414117 -171.713923 -186.307498 -213.923696 -260.624310 -336.538901 -444.670582 -518.998289 -584.785445 -623.663561 -655.242246 -689.116144 -729.175626 -718.239484 -702.882422 -707.938726 -721.052581 -726.253856 -696.564321 -678.596387 -668.715396 -682.876745 -664.902812 -638.071241 -596.014600 -554.148579 -504.884920 -445.823844 -381.631849 -337.423117 -309.481473 -262.985985 -207.044020 -138.908818 -58.090412 39.892335 114.856796 185.795499 225.551502 271.828074 286.915610 300.474259 292.466105 224.267075 36.812618 3.923059 1.587393 -9999.0 -9999.0 -9999.0 -9999.0 -9999.0 -9999.0 -9999.0 -9999.0 -9999.0
-9999.0 -9999.0 -1480.820957 -1286.922518 -1120.080482 -932.933446 -779.422729 -679.595350 -611.552470 -530.028032 -437.844391 -348.771992 -295.942999 -275.319838 -300.263932 -358.174538 -394.698530 -394.910643 -406.092560 -425.165946 -456.124422 -467.991589 -478.132909 -486.993702 -503.507055 -512.757146 -518.977230 -531.272349 -555.992015 -605.169198 -660.894777 -713.515360 -767.881989 -792.143908 -813.631331 -836.297943 -840.313262 -841.274200 -834.084310 -833.070084 -828.405076 -817.224555 -796.592021 -775.870992 -766.899565 -760.766238 -748.588732 -725.497358 -692.930341 -653.012442 -601.579349 -546.379804 -508.173880 -496.092623 -505.674910 -497.881034 -471.262552 -414.548344 -291.014123 -177.038270 -86.085603 -15.580986 55.355464 104.030401 119.878420 146.866749 203.179804 100.216773 -71.176338 -44.863111 -9999.0 -9999.0 -9999.0 -9999.0 -9999.0 -9999.0 -9999.0 -9999.0 -9999.0 -9999.0
-9999.0 -9999.0 -9999.0 -9999.0 -1429.803323 -1271.732378 -1179.130133 -1099.477610 -984.584241 -883.605996 -796.731878 -724.284121 -675.321008 -653.038498 -667.224035 -677.362862 -687.280741 -689.995806 -698.193890 -705.236304 -712.363298 -720.070723 -730.102439 -737.523751 -738.675245 -735.556109 -737.220831 -749.727025 -764.429069 -792.568736 -817.126078 -851.874197 -888.546494 -917.129122 -929.702504 -936.866607 -936.332726 -941.306670 -931.551066 -925.805827 -911.302460 -896.077828 -872.338716 -844.675969 -832.884583 -819.150875 -809.732431 -789.197085 -760.076091 -708.454952 -647.367343 -592.722267 -560.375030 -558.459154 -587.083463 -604.755080 -609.249142 -581.491047 -531.065352 -451.005497 -315.551203 -215.162687 -137.524066 -92.788866 -62.807788 -18.585239 24.354753 34.669381 -9999.0 -9999.0 -9999.0 -9999.0 -9999.0 -9999.0 -9999.0 -9999.0 -9999.0 -9999.0 -9999.0 -9999.0
-9999.0 -9999.0 -9999.0 -9999.0 -9999.0 -9999.0 -1487.385194 -1394.921983 -1307.276798 -1193.263777 -1088.738970 -1002.770126 -932.965978 -911.370379 -897.409053 -876.925144 -882.257270 -898.239820 -913.464407 -897.818768 -889.724546 -893.916862 -919.812497 -921.399490 -918.368833 -908.757621 -909.516519 -915.174381 -939.358323 -932.235257 -934.149960 -956.548151 -982.004035 -996.127097 -1007.389794 -997.216183 -996.163308 -1008.266674 -1005.339608 -979.799789 -960.662208 -947.442094 -925.075563 -892.449272 -861.017177 -847.405533 -846.853723 -841.000741 -799.658463 -730.420522 -661.632612 -609.824356 -580.640517 -574.811264 -605.608996 -649.066157 -673.118699 -668.847024 -636.472677 -584.102629 -504.589869 -448.836254 -406.615159 -371.493657 -326.430391 -205.644502 -9999.0 -9999.0 -9999.0 -9999.0 -9999.0 -9999.0 -9999.0 -9999.0 -9999.0 -9999.0 -9999.0 -9999.0 -9999.0 -9999.0
-9999.0 -9999.0 -9999.0 -9999.0 -9999.0 -9999.0 -9999.0 -9999.0 -9999.0 -9999.0 -9999.0 -9999.0 -9999.0 -9999.0 -9999.0 -9999.0 -9999.0 -9999.0 -9999.0 -9999.0 -9999.0 -9999.0 -9999.0 -9999.0 -9999.0 -9999.0 -9999.0 -9999.0 -9999.0 -9999.0 -9999.0 -9999.0 -9999.0 -9999.0 -9999.0 -9999.0 -9999.0 -9999.0 -9999.0 -9999.0 -9999.0 -9999.0 -9999.0 -9999.0 -9999.0 -9999.0 -9999.0 -9999.0 -9999.0 -9999.0 -9999.0 -9999.0 -9999.0 -9999.0 -9999.0 -9999.0 -9999.0 -9999.0 -9999.0 -9999.0 -9999.0 -9999.0 -9999.0 -9999.0 -9999.0 -9999.0 -9999.0 -9999.0 -9999.0 -9999.0 -9999.0 -9999.0 -9999.0 -9999.0 -9999.0 -9999.0 -9999.0 -9999.0 -9999.0 -9999.0
-9999.0 -9999.0 -9999.0 -9999.0 -9999.0 -9999.0 -9999.0 -9999.0 -9999.0 -9999.0 -9999.0 -9999.0 -9999.0 -9999.0 -9999.0 -9999.0 -9999.0 -9999.0 -9999.0 -9999.0 -9999.0 -9999.0 -9999.0 -9999.0 -9999.0 -9999.0 -9999.0 -9999.0 -9999.0 -9999.0 -9999.0 -9999.0 -9999.0 -9999.0 -9999.0 -9999.0 -9999.0 -9999.0 -9999.0 -9999.0 -9999.0 -9999.0 -9999.0 -9999.0 -9999.0 -9999.0 -9999.0 -9999.0 -9999.0 -9999.0 -9999.0 -9999.0 -9999.0 -9999.0 -9999.0 -9999.0 -9999.0 -9999.0 -9999.0 -9999.0 -9999.0 -9999.0 -9999.0 -9999.0 -9999.0 -9999.0 -9999.0 -9999.0 -9999.0 -9999.0 -9999.0 -9999.0 -9999.0 -9999.0 -9999.0 -9999.0 -9999.0 -9999.0 -9999.0 -9999.0