Borden_/Borden1m_014/output_maps/psiliqL0019N0040.asc
ncols         80
nrows         18
xllcorner     620200.000000
yllcorner     5168000.000000
cellsize      1.000000
NODATA_value  -9999.0
-9999.0 -9999.0 -9999.0 -9999.0 -9999.0 -9999.0 -9999.0 -9999.0 -9999.0 -9999.0 -9999.0 -9999.0 -9999.0 -9999.0 -9999.0 -9999.0 -9999.0 -9999.0 -9999.0 -9999.0 -9999.0 -9999.0 -9999.0 -9999.0 -9999.0 -9999.0 -9999.0 -9999.0 -9999.0 -9999.0 -9999.0 -9999.0 -9999.0 -9999.0 -9999.0 -9999.0 -9999.0 -9999.0 -9999.0 -9999.0 -9999.0 -9999.0 -9999.0 -9999.0 -9999.0 -9999.0 -9999.0 -9999.0 -9999.0 -9999.0 -9999.0 -9999.0 -9999.0 -9999.0 -9999.0 -9999.0 -9999.0 -9999.0 -9999.0 -9999.0 -9999.0 -9999.0 -9999.0 -9999.0 -9999.0 -9999.0 -9999.0 -9999.0 -9999.0 -9999.0 -9999.0 -9999.0 -9999.0 -9999.0 -9999.0 -9999.0 -9999.0 -9999.0 -9999.0 -9999.0
-9999.0 -9999.0 -9999.0 -9999.0 -9999.0 -9999.0 -9999.0 -9999.0 -9999.0 -9999.0 -9999.0 -9999.0 -9999.0 -9999.0 -9999.0 -9999.0 -9999.0 -9999.0 -9999.0 -9999.0 -9999.0 -9999.0 -9999.0 -9999.0 -9999.0 -9999.0 -9999.0 -9999.0 -9999.0 -9999.0 -9999.0 -9999.0 -9999.0 -9999.0 -9999.0 -9999.0 -9999.0 -9999.0 -9999.0 -9999.0 -9999.0 -9999.0 -9999.0 -9999.0 -9999.0 -9999.0 -9999.0 -9999.0 -9999.0 -9999.0 -9999.0 -9999.0 -9999.0 -9999.0 -9999.0 -9999.0 -9999.0 -9999.0 -9999.0 -9999.0 -9999.0 -9999.0 -9999.0 -9999.0 -9999.0 -9999.0 -9999.0 -9999.0 -9999.0 -9999.0 -9999.0 -9999.0 -9999.0 -9999.0 -9999.0 -9999.0 -9999.0 -9999.0 -9999.0 -9999.0
-9999.0 -9999.0 -9999.0 -9999.0 -9999.0 -9999.0 -9999.0 -9999.0 -9999.0 -9999.0 -9999.0 -9999.0 -9999.0 -9999.0 -9999.0 -9999.0 -9999.0 -9999.0 -9999.0 -9999.0 1956.800675 1959.434565 1938.767872 1906.502350 1880.281039 1884.358982 1920.365794 1963.509110 2004.347515 2015.403913 1999.091371 2004.018242 2001.185443 2000.007291 2002.916639 2011.541031 2018.318479 2030.265921 2039.667616 2040.206775 2035.267561 2031.530497 2033.545848 2036.115432 2041.390718 2027.967838 2041.206114 2054.697745 2057.155556 2050.159304 2021.507228 2004.480175 1992.860799 1974.360380 1996.901654 2006.022673 2026.260342 2028.134178 2024.263614 1995.893296 1964.889006 -9999.0 -9999.0 -9999.0 -9999.0 -9999.0 -9999.0 -9999.0 -9999.0 -9999.0 -9999.0 -9999.0 -9999.0 -9999.0 -9999.0 -9999.0 -9999.0 -9999.0 -9999.0 -9999.0
-9999.0 -9999.0 -9999.0 -9999.0 -9999.0 -9999.0 -9999.0 -9999.0 -9999.0 -9999.0 -9999.0 -9999.0 -9999.0 -9999.0 1862.103958 1854.023179 1852.893154 1862.648973 1897.437059 1928.907561 1941.034996 1934.792167 1936.298800 1914.040420 1894.523573 1910.131444 1942.029010 1975.382669 2011.638464 2032.855624 2023.821348 2023.399425 2033.649846 2058.147611 2070.264759 2068.472547 2051.052016 2076.562823 2093.021193 2101.676557 2102.390954 2094.826212 2106.542342 2121.473200 2113.964917 2096.626797 2102.794803 2113.880912 2122.811718 2108.544649 2044.055972 2024.720720 2017.704824 2009.148088 1992.717468 1984.834144 2008.869796 2006.064227 1995.906999 1976.337789 1941.938644 1896.475546 1876.135609 1913.643880 1955.468797 2010.644014 -9999.0 -9999.0 -9999.0 -9999.0 -9999.0 -9999.0 -9999.0 -9999.0 -9999.0 -9999.0 -9999.0 -9999.0 -9999.0 -9999.0
-9999.0 -9999.0 -9999.0 -9999.0 -9999.0 -9999.0 -9999.0 -9999.0 -9999.0 1799.416102 1805.683364 1814.562415 1818.935371 1836.196284 1834.607914 1843.389482 1851.226419 1880.420292 1912.775750 1948.980000 1978.479395 1971.399389 1973.001482 1982.415255 1984.255397 1996.919457 2020.675211 2062.473315 2100.636595 2141.347880 2113.003828 2111.663450 2131.776554 2177.615170 2207.252150 2212.954902 2196.035223 2209.837439 2236.139108 2257.561186 2257.923387 2255.576267 2280.919170 2295.137285 2292.501423 2270.897059 2262.123500 2263.315511 2287.467185 2233.883489 2165.192700 2117.066878 2123.021935 2094.274376 2058.872806 2039.423262 2035.260320 2053.011930 2036.635408 1998.115150 1960.914546 1947.419999 1927.847979 1944.081749 1964.271295 2008.031445 2044.987097 2071.463574 2068.667547 2049.711294 -9999.0 -9999.0 -9999.0 -9999.0 -9999.0 -9999.0 -9999.0 -9999.0 -9999.0 -9999.0
-9999.0 -9999.0 -9999.0 -9999.0 -9999.0 -9999.0 1717.760089 1728.995274 1751.207680 1756.589013 1784.318870 1793.000498 1815.342229 1836.203416 1860.156223 1877.619856 1908.173717 1942.336514 1983.425682 2026.694448 2059.739424 2054.327909 2065.372742 2092.994626 2128.959293 2156.215502 2182.993786 2224.627832 2301.204906 2343.001820 2346.289861 2351.219430 2361.690008 2411.924049 2476.221287 2489.126366 2469.949736 2457.768639 2481.286767 2520.005757 2524.783164 2526.975636 2540.795668 2551.165797 2576.651217 2565.121832 2524.019177 2511.232700 2510.928719 2489.524926 2422.749654 2359.276458 2328.776118 2277.321713 2193.004473 2140.684570 2151.193778 2170.185920 2141.118218 2086.320502 2045.425557 2033.628961 2016.892639 2002.953120 2008.532435 2025.809317 2045.265777 2054.077654 2038.425312 2014.863693 1990.373049 1960.171186 1961.037282 1985.311637 -9999.0 -9999.0 -9999.0 -9999.0 -9999.0 -9999.0
-9999.0 -9999.0 -9999.0 -9999.0 1665.649249 1679.855796 1668.336879 1695.948784 1730.709272 1767.136308 1799.908136 1837.714124 1866.495153 1898.470202 1938.892041 1971.332646 2012.306600 2048.291935 2102.906947 2171.241013 2222.639353 2244.997994 2260.120323 2317.630738 2378.865765 2431.417102 2454.065903 2483.398121 2530.737084 2591.530418 2618.596549 2625.030365 2643.064120 2681.832657 2732.814102 2768.723366 2752.691815 2745.600857 2754.639908 2769.057914 2793.974674 2796.478593 2799.092469 2802.385621 2807.608072 2805.158327 2778.267413 2742.892866 2725.458870 2713.745554 2678.831777 2606.649126 2568.292553 2536.055780 2495.976699 2440.647713 2380.516342 2368.723192 2310.155601 2250.742709 2190.111123 2170.024338 2139.603891 2113.926436 2085.436736 2086.573755 2088.278899 2065.154047 2029.562932 1994.912357 1978.074219 1957.835342 1945.252271 1974.567168 1991.236671 2020.531644 -9999.0 -9999.0 -9999.0 -9999.0
-9999.0 -9999.0 1603.808541 1652.176425 1710.867933 1720.724714 1720.912627 1728.572473 1759.521566 1814.010575 1887.903549 1936.337521 1976.868922 2013.079214 2073.276097 2148.677239 2218.869091 2267.516327 2330.340455 2402.964785 2466.614605 2499.310743 2515.789227 2557.429963 2613.683150 2679.948162 2708.983111 2737.185809 2772.573125 2809.108473 2814.004105 2827.147719 2836.988070 2843.332220 2852.110456 2855.564336 2850.626950 2845.547020 2827.403056 2823.908412 2831.837221 2839.404000 2840.370280 2826.638317 2822.507998 2836.117427 2840.235454 2837.865415 2835.245252 2840.864735 2840.529713 2797.096617 2766.340572 2749.203544 2734.273686 2687.018754 2619.443710 2579.226064 2555.096506 2508.491761 2429.418252 2379.739196 2329.741709 2282.805844 2230.746450 2201.405341 2154.459696 2110.204790 2061.478597 2013.213937 1988.260544 1969.644686 1966.410632 1965.184178 1980.740426 1995.111124 2009.757073 2017.158162 -9999.0 -9999.0
-9999.0 1497.300641 1569.767906 1695.439152 1776.623017 1820.968504 1846.982217 1866.111998 1897.768738 1930.790672 2031.992443 2109.249262 2200.274099 2241.341727 2291.587828 2389.378490 2486.522329 2536.231399 2577.737263 2639.107910 2703.417920 2755.038624 2785.155997 2785.915816 2823.354872 2843.886033 2849.598155 2854.979855 2853.471753 2845.843495 2837.992414 2843.819143 2839.123158 2818.620936 2800.927396 2796.704504 2790.597612 2765.737269 2735.651442 2720.426710 2722.678259 2748.516205 2734.825923 2713.731499 2709.823814 2731.584911 2753.529740 2744.391930 2731.401567 2750.878306 2786.513002 2810.556911 2817.942181 2835.493354 2856.064296 2828.604869 2801.897967 2757.786499 2735.269933 2704.760880 2644.141874 2582.551751 2526.020624 2463.445987 2396.723786 2330.197643 2266.184094 2202.692185 2135.835792 2093.735842 2062.550932 2013.725994 1994.606433 1996.837658 1988.018259 1984.329132 1989.265088 1995.072832 -9999.0 -9999.0
-9999.0 1410.614506 1552.208763 1735.302035 1883.810281 1938.503401 2027.928295 2102.225904 2129.680888 2096.055489 2204.992481 2426.464572 2542.036911 2563.998765 2640.316294 2736.317858 2744.687941 2779.159097 2803.494679 2820.952209 2835.318853 2848.564957 2848.487662 2844.339857 2829.836231 2822.087770 2820.335886 2816.809801 2798.056189 2777.450009 2758.517470 2752.651296 2730.040137 2681.190149 2645.367685 2625.550216 2606.545633 2588.320569 2558.171843 2531.390902 2514.664847 2528.659685 2524.939136 2508.487424 2504.677494 2526.751434 2558.062777 2555.885146 2567.525368 2589.491304 2629.468443 2670.581672 2694.423617 2726.282955 2765.821582 2812.877367 2826.680697 2848.835000 2852.207015 2835.415169 2788.196395 2731.039095 2693.901823 2627.935275 2553.100676 2471.203862 2403.685483 2338.829871 2267.798635 2222.331727 2177.131574 2121.595016 2072.017814 2054.449745 2016.122239 1997.542547 -9999.0 -9999.0 -9999.0 -9999.0
-9999.0 1322.498514 1507.552478 1759.212631 2044.229964 2142.377715 2348.671412 2477.053941 2532.528041 2605.623362 2550.750612 2726.875992 2776.227734 2775.650964 2783.781844 2790.253104 2807.465845 2810.966482 2807.771703 2797.913898 2789.231929 2785.638826 2784.851068 2777.428149 2764.799692 2749.023729 2732.912543 2718.447612 2678.635821 2643.409946 2603.782276 2587.498659 2544.841521 2449.555770 2405.652345 2366.332421 2306.538789 2302.675820 2301.281413 2273.849036 2254.850963 2230.918602 2255.907635 2263.819518 2267.284780 2267.356138 2281.844659 2309.177568 2356.523139 2394.120531 2438.818412 2492.105129 2529.287065 2573.757313 2619.327109 2676.143991 2711.047096 2743.492286 2794.461675 2833.676546 2856.532238 2842.211815 2814.226949 2762.009333 2683.888543 2613.285605 2558.626481 2480.129966 2414.078262 2361.555311 2316.322116 2268.078929 2207.030873 2139.362402 2100.348724 -9999.0 -9999.0 -9999.0 -9999.0 -9999.0
-9999.0 1125.886165 1392.279376 1672.155427 1971.919639 2307.264453 2459.293480 2578.645346 2652.123291 2630.237249 2648.069871 2667.615450 2713.794787 2725.216478 2706.119520 2696.634199 2683.879036 2683.925196 2696.718083 2669.652938 2639.701633 2626.118291 2625.813446 2614.051843 2590.055813 2573.102355 2561.586938 2539.780778 2489.978220 2436.930951 2352.181415 2318.154577 2239.174505 2188.866345 2145.861685 2095.556691 2045.517927 2045.909048 2065.570087 2052.846312 2031.299816 2013.407743 2041.224595 2060.977498 2074.094794 2061.356541 2070.168042 2106.180436 2155.969069 2200.714470 2250.626257 2305.798918 2352.361953 2399.392986 2430.215376 2479.372192 2529.440548 2577.128186 2651.312989 2731.897557 2771.612966 2806.125255 2834.777318 2846.616510 2788.104802 2732.909688 2672.860837 2604.581911 2525.209297 2475.756318 2448.843858 2409.347853 2356.737885 -9999.0 -9999.0 -9999.0 -9999.0 -9999.0 -9999.0 -9999.0
-9999.0 1005.074351 1214.109048 1429.236692 1700.882756 1937.113676 2144.428654 2248.857969 2329.085476 2382.654303 2428.858723 2468.120867 2501.052899 2526.240037 2507.194652 2465.622241 2436.070979 2440.382463 2433.868947 2410.269723 2380.710514 2365.835791 2362.602814 2355.874608 2332.140384 2318.442258 2307.944307 2284.857204 2253.366349 2197.383624 2119.271947 2044.741416 1985.464816 1957.047753 1928.628795 1896.871333 1863.724591 1874.179282 1886.083330 1883.852506 1874.822032 1873.052508 1902.178306 1921.572797 1931.800946 1921.028484 1940.597847 1966.981850 2008.348512 2052.292622 2101.998163 2157.377198 2211.516249 2240.174376 2252.695322 2275.911258 2314.081044 2367.038661 2452.224249 2547.384959 2626.188059 2674.323724 2724.114497 2756.331781 2765.425432 2766.047413 2734.690693 2652.172002 2551.163464 2529.337765 2525.947349 -9999.0 -9999.0 -9999.0 -9999.0 -9999.0 -9999.0 -9999.0 -9999.0 -9999.0
-9999.0 -9999.0 983.838315 1152.086413 1275.302964 1449.112088 1597.203986 1707.554116 1802.936270 1929.062990 2042.785069 2132.632244 2179.301461 2197.934373 2185.458731 2155.416920 2135.897188 2135.502587 2124.253511 2114.280298 2095.468074 2087.646654 2075.311543 2066.779827 2058.261944 2053.737477 2048.618428 2037.574200 2016.355776 1970.233888 1924.411052 1874.393767 1822.385655 1797.172788 1775.552635 1754.719479 1754.544620 1749.777325 1754.981303 1756.849110 1764.619344 1777.762678 1797.683896 1820.123649 1830.161961 1839.892394 1852.489640 1876.379268 1909.582649 1952.493698 2007.278079 2066.232642 2107.115029 2120.453216 2110.748334 2115.084295 2133.792243 2174.588036 2252.117986 2333.610993 2428.643031 2498.661759 2568.114428 2616.645657 2628.009730 2637.605033 2645.465431 2595.173359 2475.240351 2484.561712 -9999.0 -9999.0 -9999.0 -9999.0 -9999.0 -9999.0 -9999.0 -9999.0 -9999.0 -9999.0
-9999.0 -9999.0 -9999.0 -9999.0 1012.308500 1164.704145 1262.482026 1345.215238 1476.682539 1601.419480 1704.751243 1790.500694 1855.743183 1883.317566 1881.663765 1891.102838 1887.790919 1880.536158 1870.063434 1870.297782 1870.445182 1862.899719 1847.531086 1840.180256 1841.623508 1846.997894 1844.172160 1830.227662 1811.748050 1791.064078 1772.259376 1738.412952 1703.076142 1673.878554 1660.575663 1655.250986 1654.779945 1647.326297 1655.759567 1663.510982 1678.924100 1694.131715 1717.840333 1747.103196 1761.350612 1776.420898 1786.284159 1806.827404 1837.648270 1891.594353 1955.827294 2014.733948 2052.062234 2057.447616 2033.845028 2018.767723 2014.946358 2042.450068 2085.859270 2150.571838 2250.287216 2321.279005 2373.906744 2413.795653 2441.461971 2481.048247 2523.706416 2554.814572 -9999.0 -9999.0 -9999.0 -9999.0 -9999.0 -9999.0 -9999.0 -9999.0 -9999.0 -9999.0 -9999.0 -9999.0
-9999.0 -9999.0 -9999.0 -9999.0 -9999.0 -9999.0 977.915129 1081.118860 1158.104872 1301.500718 1437.074800 1541.049884 1623.080771 1656.827423 1686.002440 1714.149874 1713.103966 1694.080381 1673.950597 1693.154802 1708.104571 1701.735068 1670.855579 1670.768343 1675.964554 1683.792345 1681.161913 1674.525546 1649.184103 1661.692527 1662.956147 1639.465376 1613.297380 1599.462996 1587.390170 1596.793461 1596.747138 1582.734405 1582.706457 1609.763168 1630.235543 1643.300701 1664.907103 1698.185498 1730.743233 1746.364755 1747.985233 1754.194248 1793.891461 1864.482985 1937.079926 1993.668083 2027.365395 2036.441074 2010.486761 1971.226105 1951.579838 1959.014741 1993.602262 2045.072969 2119.278058 2165.991157 2187.427017 2195.451545 2208.262515 2296.073046 -9999.0 -9999.0 -9999.0 -9999.0 -9999.0 -9999.0 -9999.0 -9999.0 -9999.0 -9999.0 -9999.0 -9999.0 -9999.0 -9999.0
-9999.0 -9999.0 -9999.0 -9999.0 -9999.0 -9999.0 -9999.0 -9999.0 -9999.0 -9999.0 -9999.0 -9999.0 -9999.0 -9999.0 -9999.0 -9999.0 -9999.0 -9999.0 -9999.0 -9999.0 -9999.0 -9999.0 -9999.0 -9999.0 -9999.0 -9999.0 -9999.0 -9999.0 -9999.0 -9999.0 -9999.0 -9999.0 -9999.0 -9999.0 -9999.0 -9999.0 -9999.0 -9999.0 -9999.0 -9999.0 -9999.0 -9999.0 -9999.0 -9999.0 -9999.0 -9999.0 -9999.0 -9999.0 -9999.0 -9999.0 -9999.0 -9999.0 -9999.0 -9999.0 -9999.0 -9999.0 -9999.0 -9999.0 -9999.0 -9999.0 -9999.0 -9999.0 -9999.0 -9999.0 -9999.0 -9999.0 -9999.0 -9999.0 -9999.0 -9999.0 -9999.0 -9999.0 -9999.0 -9999.0 -9999.0 -9999.0 -9999.0 -9999.0 -9999.0 -9999.0
-9999.0 -9999.0 -9999.0 -9999.0 -9999.0 -9999.0 -9999.0 -9999.0 -9999.0 -9999.0 -9999.0 -9999.0 -9999.0 -9999.0 -9999.0 -9999.0 -9999.0 -9999.0 -9999.0 -9999.0 -9999.0 -9999.0 -9999.0 -9999.0 -9999.0 -9999.0 -9999.0 -9999.0 -9999.0 -9999.0 -9999.0 -9999.0 -9999.0 -9999.0 -9999.0 -9999.0 -9999.0 -9999.0 -9999.0 -9999.0 -9999.0 -9999.0 -9999.0 -9999.0 -9999.0 -9999.0 -9999.0 -9999.0 -9999.0 -9999.0 -9999.0 -9999.0 -9999.0 -9999.0 -9999.0 -9999.0 -9999.0 -9999.0 -9999.0 -9999.0 -9999.0 -9999.0 -9999.0 -9999.0 -9999.0 -9999.0 -9999.0 -9999.0 -9999.0 -9999.0 -9999.0 -9999.0 -9999.0 -9999.0 -9999.0 -9999.0 -9999.0 -9999.0 -9999.0 -9999.0