Borden_/Borden1m_014/output_maps/psiliqL0000N0038.asc
ncols         80
nrows         18
xllcorner     620200.000000
yllcorner     5168000.000000
cellsize      1.000000
NODATA_value  -9999.0
-9999.0 -9999.0 -9999.0 -9999.0 -9999.0 -9999.0 -9999.0 -9999.0 -9999.0 -9999.0 -9999.0 -9999.0 -9999.0 -9999.0 -9999.0 -9999.0 -9999.0 -9999.0 -9999.0 -9999.0 -9999.0 -9999.0 -9999.0 -9999.0 -9999.0 -9999.0 -9999.0 -9999.0 -9999.0 -9999.0 -9999.0 -9999.0 -9999.0 -9999.0 -9999.0 -9999.0 -9999.0 -9999.0 -9999.0 -9999.0 -9999.0 -9999.0 -9999.0 -9999.0 -9999.0 -9999.0 -9999.0 -9999.0 -9999.0 -9999.0 -9999.0 -9999.0 -9999.0 -9999.0 -9999.0 -9999.0 -9999.0 -9999.0 -9999.0 -9999.0 -9999.0 -9999.0 -9999.0 -9999.0 -9999.0 -9999.0 -9999.0 -9999.0 -9999.0 -9999.0 -9999.0 -9999.0 -9999.0 -9999.0 -9999.0 -9999.0 -9999.0 -9999.0 -9999.0 -9999.0
-9999.0 -9999.0 -9999.0 -9999.0 -9999.0 -9999.0 -9999.0 -9999.0 -9999.0 -9999.0 -9999.0 -9999.0 -9999.0 -9999.0 -9999.0 -9999.0 -9999.0 -9999.0 -9999.0 -9999.0 -9999.0 -9999.0 -9999.0 -9999.0 -9999.0 -9999.0 -9999.0 -9999.0 -9999.0 -9999.0 -9999.0 -9999.0 -9999.0 -9999.0 -9999.0 -9999.0 -9999.0 -9999.0 -9999.0 -9999.0 -9999.0 -9999.0 -9999.0 -9999.0 -9999.0 -9999.0 -9999.0 -9999.0 -9999.0 -9999.0 -9999.0 -9999.0 -9999.0 -9999.0 -9999.0 -9999.0 -9999.0 -9999.0 -9999.0 -9999.0 -9999.0 -9999.0 -9999.0 -9999.0 -9999.0 -9999.0 -9999.0 -9999.0 -9999.0 -9999.0 -9999.0 -9999.0 -9999.0 -9999.0 -9999.0 -9999.0 -9999.0 -9999.0 -9999.0 -9999.0
-9999.0 -9999.0 -9999.0 -9999.0 -9999.0 -9999.0 -9999.0 -9999.0 -9999.0 -9999.0 -9999.0 -9999.0 -9999.0 -9999.0 -9999.0 -9999.0 -9999.0 -9999.0 -9999.0 -9999.0 -622.645009 -621.747674 -623.803299 -626.140278 -628.070090 -628.284717 -626.093513 -623.506881 -620.528017 -619.853372 -622.177770 -621.674721 -622.581142 -623.012158 -622.995788 -622.368503 -622.100686 -621.109469 -620.456795 -620.691946 -621.402432 -621.935977 -622.422831 -622.227679 -621.452540 -622.478129 -620.889771 -619.262421 -618.638591 -618.735743 -621.049128 -622.054297 -622.418987 -624.184868 -620.969195 -619.927989 -617.402574 -617.114997 -616.701145 -619.551770 -622.319589 -9999.0 -9999.0 -9999.0 -9999.0 -9999.0 -9999.0 -9999.0 -9999.0 -9999.0 -9999.0 -9999.0 -9999.0 -9999.0 -9999.0 -9999.0 -9999.0 -9999.0 -9999.0 -9999.0
-9999.0 -9999.0 -9999.0 -9999.0 -9999.0 -9999.0 -9999.0 -9999.0 -9999.0 -9999.0 -9999.0 -9999.0 -9999.0 -9999.0 -626.647225 -627.708207 -628.190234 -628.434061 -626.472843 -624.893241 -624.739360 -625.841035 -625.002044 -627.164014 -629.028409 -627.869436 -626.164586 -624.666324 -622.250780 -620.372456 -622.049045 -622.457406 -621.497610 -618.171759 -616.585320 -617.227589 -620.962903 -617.486672 -615.554902 -614.256344 -614.408293 -616.107520 -613.593911 -610.681460 -612.109940 -615.174650 -614.655085 -612.966897 -610.086337 -611.818780 -621.247595 -622.434058 -622.024246 -621.937571 -623.169237 -624.052709 -620.802966 -621.187710 -621.774297 -622.495007 -624.515972 -627.632334 -628.973690 -625.825310 -622.817013 -616.674717 -9999.0 -9999.0 -9999.0 -9999.0 -9999.0 -9999.0 -9999.0 -9999.0 -9999.0 -9999.0 -9999.0 -9999.0 -9999.0 -9999.0
-9999.0 -9999.0 -9999.0 -9999.0 -9999.0 -9999.0 -9999.0 -9999.0 -9999.0 -628.506301 -628.795241 -628.499359 -629.159223 -628.232670 -629.679869 -629.319045 -629.509341 -628.192946 -627.023961 -625.063561 -622.510352 -624.314716 -624.527383 -623.132076 -622.784624 -622.137191 -620.886660 -616.479409 -611.099095 -602.778625 -609.516244 -609.779921 -605.960046 -591.587069 -576.820638 -571.597817 -580.020888 -580.113711 -569.529255 -554.994323 -553.348757 -554.366188 -536.737721 -525.043589 -517.139232 -534.564707 -552.412962 -555.177659 -535.769371 -568.765488 -591.743013 -607.482552 -606.839820 -612.262761 -618.034040 -620.242452 -620.973921 -617.146336 -618.711568 -622.349351 -625.269204 -624.509940 -626.054693 -624.566496 -623.378606 -618.698408 -614.346894 -610.076895 -609.853517 -612.561724 -9999.0 -9999.0 -9999.0 -9999.0 -9999.0 -9999.0 -9999.0 -9999.0 -9999.0 -9999.0
-9999.0 -9999.0 -9999.0 -9999.0 -9999.0 -9999.0 -630.462809 -630.582413 -629.994788 -631.721761 -630.438616 -631.266320 -630.273515 -629.787530 -629.123371 -628.988145 -627.232810 -625.644752 -622.922510 -619.232536 -615.755802 -617.333343 -616.366938 -611.178318 -600.911667 -590.873656 -584.021428 -570.074512 -511.710284 -456.114609 -434.145504 -424.616439 -414.117547 -381.284898 -325.717475 -307.997078 -327.265127 -342.418567 -322.997643 -278.467211 -196.446457 -195.198913 -189.460649 -182.740111 -156.213901 -160.229305 -271.507631 -302.545265 -314.267749 -325.390875 -371.760396 -420.091411 -473.596676 -529.427978 -577.364089 -596.223265 -599.253523 -596.489268 -603.776089 -612.821217 -618.111573 -618.299609 -619.363659 -621.203446 -620.432866 -618.519664 -615.524401 -613.669734 -615.122858 -617.125810 -618.717216 -621.760775 -621.314694 -618.368008 -9999.0 -9999.0 -9999.0 -9999.0 -9999.0 -9999.0
-9999.0 -9999.0 -9999.0 -9999.0 -633.276992 -632.452694 -634.864598 -633.490542 -632.372134 -631.500543 -631.364768 -629.754607 -629.216582 -628.020941 -625.472745 -623.267010 -619.526756 -616.568739 -608.453469 -590.885597 -571.037301 -555.946922 -543.287650 -472.974892 -409.794995 -367.937559 -350.982484 -323.757910 -274.911571 -149.169851 -122.305055 -117.560697 -98.103445 -75.901160 -34.579309 -8.520609 -20.361698 -27.572179 -25.871841 -18.723529 4.438466 4.776937 5.639240 5.576534 7.612786 9.620379 -8.985887 -39.201251 -49.694830 -98.470890 -73.517448 -133.450501 -243.461243 -281.410684 -306.519854 -349.655807 -409.833553 -435.201870 -501.709566 -552.454236 -585.104750 -594.477630 -602.996089 -607.426044 -612.845259 -612.080625 -610.793774 -613.511563 -616.973529 -620.206584 -620.722908 -622.127049 -623.554282 -619.842589 -618.407873 -614.193586 -9999.0 -9999.0 -9999.0 -9999.0
-9999.0 -9999.0 -633.496857 -633.309687 -631.012200 -632.329684 -633.049302 -634.182010 -633.643690 -631.361189 -626.794553 -624.520840 -621.125818 -619.247414 -611.418523 -590.671957 -558.605973 -522.099296 -450.483502 -394.563338 -340.817857 -297.566242 -221.961462 -169.889773 -125.474278 -119.762850 -56.672713 -76.591332 -15.232054 9.369305 34.203553 49.179880 58.079836 46.345780 50.501327 43.867115 45.908067 40.105913 23.902971 21.973231 29.451929 30.615180 35.006538 22.411878 18.625995 31.168933 33.452051 33.289072 37.133245 42.848822 55.974039 26.217466 -25.608447 -73.167915 -37.694082 -75.666578 -143.867788 -240.525883 -268.459923 -308.698893 -383.612731 -426.083411 -481.054878 -540.776666 -575.495158 -588.657279 -600.572256 -607.601408 -613.775965 -619.194794 -620.913169 -621.975929 -621.345988 -621.793890 -619.798817 -618.208549 -615.928262 -615.023868 -9999.0 -9999.0
-9999.0 -634.149421 -634.789790 -630.609148 -629.705089 -628.656900 -627.079033 -625.729563 -624.505884 -626.091090 -613.362108 -585.074877 -548.378189 -527.546421 -461.859014 -366.652953 -203.202603 -171.259244 -145.290279 -144.104322 -59.493157 -35.895321 0.826522 32.130595 57.627479 47.930786 49.651413 43.983959 38.430857 29.761442 19.524433 28.000213 25.913345 12.202415 0.988386 1.074906 -4.276194 -25.814769 -50.587626 -62.207341 -56.447064 -36.312301 -45.798078 -65.981853 -69.706094 -50.334743 -35.126133 -44.048368 -55.058240 -74.640183 -9.780077 5.609387 21.883240 35.299951 56.527667 33.176041 1.553486 -41.190795 -46.304376 -69.523380 -183.310388 -249.652575 -302.562859 -366.437128 -420.492509 -487.706664 -552.448816 -581.962832 -600.058336 -606.511620 -610.468016 -617.948357 -619.994677 -618.605593 -619.597245 -619.719698 -618.812017 -618.088991 -9999.0 -9999.0
-9999.0 -637.586940 -633.872617 -629.207867 -623.071051 -621.501559 -599.760563 -576.419579 -564.923656 -578.218089 -493.287015 -196.837871 -136.806307 -137.071321 -87.882159 -20.218800 20.186774 42.768222 52.898557 47.609334 37.792892 42.199915 35.373746 28.479638 14.086768 7.369470 7.369062 5.776011 -10.063942 -27.012670 -42.286421 -42.029837 -54.902946 -87.756215 -129.198433 -150.208304 -202.354485 -231.360954 -267.144456 -292.892273 -304.481924 -283.553886 -295.009183 -314.386272 -318.244023 -293.923361 -261.317166 -268.655595 -265.772197 -244.008488 -197.928432 -106.947679 -86.216498 -94.860438 -29.514158 6.176043 23.921742 43.051041 50.521653 25.369326 -10.500968 -55.130315 -81.768973 -198.301319 -274.667802 -354.401074 -405.147263 -443.293870 -509.243740 -552.647636 -578.703106 -596.823452 -608.788572 -611.705552 -617.132810 -618.248147 -9999.0 -9999.0 -9999.0 -9999.0
-9999.0 -637.428545 -633.649725 -624.651645 -601.285633 -558.310074 -413.180022 -279.080791 -111.269288 -153.276193 -27.019274 40.888826 49.561078 31.679233 5.508706 1.890270 10.934432 12.854502 8.316378 0.694034 -8.418755 -45.325692 -13.764304 -21.370346 -33.341238 -47.936456 -57.930069 -68.435203 -160.107996 -198.160688 -226.696919 -241.471211 -272.735409 -356.689785 -391.586736 -412.983600 -465.715223 -482.880217 -500.689592 -531.943571 -546.380672 -554.638491 -543.693654 -546.395225 -547.265991 -539.730067 -519.418262 -501.480729 -453.931858 -421.616991 -388.897777 -338.840904 -305.144550 -262.078802 -208.763323 -100.665569 -72.938419 -79.160182 -8.185725 26.409618 47.306396 38.941259 11.118411 -21.372431 -77.524514 -204.757653 -260.919757 -333.355850 -387.180341 -421.083517 -445.690215 -493.846353 -558.267428 -594.378381 -602.673062 -9999.0 -9999.0 -9999.0 -9999.0 -9999.0
-9999.0 -641.751646 -632.969682 -625.401476 -582.669502 -396.582296 -306.027007 -38.300230 13.658974 -55.357646 -158.495176 -70.166019 -37.387044 -38.120762 -64.051078 -78.871792 -77.866179 -78.498596 -66.401693 -111.240877 -183.223162 -201.886467 -203.374509 -214.894258 -236.020531 -254.162708 -268.197457 -289.194302 -343.131322 -385.199950 -437.143294 -463.468805 -538.113200 -577.276211 -592.173987 -603.519302 -613.457097 -613.376433 -610.484107 -613.283105 -616.184628 -619.099219 -615.602689 -613.954114 -612.381171 -614.236946 -613.556219 -608.408298 -599.241134 -588.476953 -569.222887 -531.869157 -480.751200 -425.458612 -398.050528 -346.637766 -300.438654 -253.661964 -178.434216 -53.029682 -26.811825 1.683517 37.903714 55.445715 17.848782 -16.982678 -77.536179 -204.442624 -307.391370 -350.123737 -365.547928 -384.701436 -420.782801 -9999.0 -9999.0 -9999.0 -9999.0 -9999.0 -9999.0 -9999.0
-9999.0 -644.789952 -635.139665 -632.728030 -619.334209 -587.045642 -504.238656 -393.314054 -222.008129 -346.047266 -360.109056 -333.386883 -303.198070 -281.964413 -305.805694 -339.871673 -362.908753 -359.759379 -358.882870 -381.195497 -406.637830 -417.013194 -417.483494 -424.400727 -452.482731 -474.203377 -488.788408 -514.695288 -547.937566 -576.074516 -601.517691 -612.369972 -619.629906 -622.302302 -624.176428 -626.083911 -629.473188 -627.773908 -626.369735 -626.780700 -627.886249 -628.696858 -626.251063 -625.348984 -624.550688 -626.761802 -625.183432 -623.609801 -620.140335 -616.442123 -610.982713 -602.512965 -590.664974 -580.612825 -572.450160 -553.707177 -513.342499 -442.413194 -373.657516 -277.914076 -204.656265 -114.765373 -56.737120 -24.175307 -6.412165 -5.007786 6.781108 -21.963925 -280.003284 -315.942105 -318.377611 -9999.0 -9999.0 -9999.0 -9999.0 -9999.0 -9999.0 -9999.0 -9999.0 -9999.0
-9999.0 -9999.0 -646.363615 -642.101827 -637.934056 -633.836335 -628.101196 -620.548113 -614.494042 -606.412820 -592.761231 -574.335289 -559.128375 -550.723786 -561.603714 -579.635577 -588.478973 -587.944967 -590.147334 -594.453299 -601.497546 -603.958519 -605.575745 -606.896647 -609.792932 -611.052442 -611.610949 -612.742301 -615.123402 -620.009574 -624.269420 -627.115995 -630.099489 -630.139519 -630.681960 -631.725688 -631.087262 -631.245526 -630.964997 -631.116456 -630.944090 -630.519176 -629.920643 -629.148966 -629.080311 -628.891109 -628.561272 -627.640811 -626.205546 -624.287154 -620.596002 -615.064981 -610.590906 -609.392557 -611.544273 -610.695278 -607.202456 -598.379291 -564.980629 -479.170067 -399.212224 -333.484119 -263.207714 -217.501538 -202.394935 -178.723978 -64.389255 -215.247690 -368.102755 -357.795641 -9999.0 -9999.0 -9999.0 -9999.0 -9999.0 -9999.0 -9999.0 -9999.0 -9999.0 -9999.0
-9999.0 -9999.0 -9999.0 -9999.0 -647.447731 -642.002129 -637.131901 -637.447427 -633.886408 -631.712667 -629.480678 -626.694863 -624.404452 -622.838962 -624.874279 -625.613055 -626.128513 -625.819731 -626.223254 -626.843248 -627.226664 -627.575155 -627.853002 -628.314603 -628.219791 -627.875776 -627.792089 -628.552318 -628.622583 -630.195946 -630.596612 -631.527604 -632.424088 -633.365752 -633.244485 -633.406808 -633.042342 -633.434636 -632.799105 -633.187462 -632.711537 -632.467889 -631.838395 -630.850491 -631.187529 -630.612118 -630.538453 -629.726409 -629.299080 -627.083763 -623.437375 -619.085984 -616.014989 -616.090855 -619.841356 -621.387842 -622.152103 -619.650514 -615.062700 -604.764085 -574.234987 -521.080244 -440.997008 -402.594265 -376.267806 -334.979106 -293.998471 -286.123419 -9999.0 -9999.0 -9999.0 -9999.0 -9999.0 -9999.0 -9999.0 -9999.0 -9999.0 -9999.0 -9999.0 -9999.0
-9999.0 -9999.0 -9999.0 -9999.0 -9999.0 -9999.0 -645.513335 -642.975686 -643.448953 -641.756832 -640.272377 -638.952147 -636.789631 -637.158176 -636.702799 -635.038547 -635.358452 -636.168053 -637.158529 -635.681632 -635.125462 -634.964755 -636.623473 -636.202347 -636.077951 -635.414258 -635.481636 -635.234232 -636.722081 -635.155391 -634.447129 -634.832042 -635.207442 -634.955468 -635.351053 -634.295908 -634.172783 -635.020645 -635.228964 -634.007169 -633.652649 -633.799713 -633.502457 -632.597615 -631.297508 -631.090595 -631.640277 -632.372267 -630.910290 -627.633724 -623.794174 -620.239874 -617.834256 -617.049393 -620.245358 -624.364630 -626.356286 -626.512674 -624.655496 -621.038150 -612.339469 -605.553054 -599.193130 -591.135288 -580.467180 -512.693027 -9999.0 -9999.0 -9999.0 -9999.0 -9999.0 -9999.0 -9999.0 -9999.0 -9999.0 -9999.0 -9999.0 -9999.0 -9999.0 -9999.0
-9999.0 -9999.0 -9999.0 -9999.0 -9999.0 -9999.0 -9999.0 -9999.0 -9999.0 -9999.0 -9999.0 -9999.0 -9999.0 -9999.0 -9999.0 -9999.0 -9999.0 -9999.0 -9999.0 -9999.0 -9999.0 -9999.0 -9999.0 -9999.0 -9999.0 -9999.0 -9999.0 -9999.0 -9999.0 -9999.0 -9999.0 -9999.0 -9999.0 -9999.0 -9999.0 -9999.0 -9999.0 -9999.0 -9999.0 -9999.0 -9999.0 -9999.0 -9999.0 -9999.0 -9999.0 -9999.0 -9999.0 -9999.0 -9999.0 -9999.0 -9999.0 -9999.0 -9999.0 -9999.0 -9999.0 -9999.0 -9999.0 -9999.0 -9999.0 -9999.0 -9999.0 -9999.0 -9999.0 -9999.0 -9999.0 -9999.0 -9999.0 -9999.0 -9999.0 -9999.0 -9999.0 -9999.0 -9999.0 -9999.0 -9999.0 -9999.0 -9999.0 -9999.0 -9999.0 -9999.0
-9999.0 -9999.0 -9999.0 -9999.0 -9999.0 -9999.0 -9999.0 -9999.0 -9999.0 -9999.0 -9999.0 -9999.0 -9999.0 -9999.0 -9999.0 -9999.0 -9999.0 -9999.0 -9999.0 -9999.0 -9999.0 -9999.0 -9999.0 -9999.0 -9999.0 -9999.0 -9999.0 -9999.0 -9999.0 -9999.0 -9999.0 -9999.0 -9999.0 -9999.0 -9999.0 -9999.0 -9999.0 -9999.0 -9999.0 -9999.0 -9999.0 -9999.0 -9999.0 -9999.0 -9999.0 -9999.0 -9999.0 -9999.0 -9999.0 -9999.0 -9999.0 -9999.0 -9999.0 -9999.0 -9999.0 -9999.0 -9999.0 -9999.0 -9999.0 -9999.0 -9999.0 -9999.0 -9999.0 -9999.0 -9999.0 -9999.0 -9999.0 -9999.0 -9999.0 -9999.0 -9999.0 -9999.0 -9999.0 -9999.0 -9999.0 -9999.0 -9999.0 -9999.0 -9999.0 -9999.0