Borden_/Borden1m_014/output_maps/psiliqL0001N0036.asc
ncols         80
nrows         18
xllcorner     620200.000000
yllcorner     5168000.000000
cellsize      1.000000
NODATA_value  -9999.0
-9999.0 -9999.0 -9999.0 -9999.0 -9999.0 -9999.0 -9999.0 -9999.0 -9999.0 -9999.0 -9999.0 -9999.0 -9999.0 -9999.0 -9999.0 -9999.0 -9999.0 -9999.0 -9999.0 -9999.0 -9999.0 -9999.0 -9999.0 -9999.0 -9999.0 -9999.0 -9999.0 -9999.0 -9999.0 -9999.0 -9999.0 -9999.0 -9999.0 -9999.0 -9999.0 -9999.0 -9999.0 -9999.0 -9999.0 -9999.0 -9999.0 -9999.0 -9999.0 -9999.0 -9999.0 -9999.0 -9999.0 -9999.0 -9999.0 -9999.0 -9999.0 -9999.0 -9999.0 -9999.0 -9999.0 -9999.0 -9999.0 -9999.0 -9999.0 -9999.0 -9999.0 -9999.0 -9999.0 -9999.0 -9999.0 -9999.0 -9999.0 -9999.0 -9999.0 -9999.0 -9999.0 -9999.0 -9999.0 -9999.0 -9999.0 -9999.0 -9999.0 -9999.0 -9999.0 -9999.0
-9999.0 -9999.0 -9999.0 -9999.0 -9999.0 -9999.0 -9999.0 -9999.0 -9999.0 -9999.0 -9999.0 -9999.0 -9999.0 -9999.0 -9999.0 -9999.0 -9999.0 -9999.0 -9999.0 -9999.0 -9999.0 -9999.0 -9999.0 -9999.0 -9999.0 -9999.0 -9999.0 -9999.0 -9999.0 -9999.0 -9999.0 -9999.0 -9999.0 -9999.0 -9999.0 -9999.0 -9999.0 -9999.0 -9999.0 -9999.0 -9999.0 -9999.0 -9999.0 -9999.0 -9999.0 -9999.0 -9999.0 -9999.0 -9999.0 -9999.0 -9999.0 -9999.0 -9999.0 -9999.0 -9999.0 -9999.0 -9999.0 -9999.0 -9999.0 -9999.0 -9999.0 -9999.0 -9999.0 -9999.0 -9999.0 -9999.0 -9999.0 -9999.0 -9999.0 -9999.0 -9999.0 -9999.0 -9999.0 -9999.0 -9999.0 -9999.0 -9999.0 -9999.0 -9999.0 -9999.0
-9999.0 -9999.0 -9999.0 -9999.0 -9999.0 -9999.0 -9999.0 -9999.0 -9999.0 -9999.0 -9999.0 -9999.0 -9999.0 -9999.0 -9999.0 -9999.0 -9999.0 -9999.0 -9999.0 -9999.0 -613.212806 -612.317856 -614.348404 -616.654002 -618.562550 -618.779734 -616.618364 -614.072761 -611.136087 -610.483351 -612.789982 -612.279662 -613.180448 -613.622578 -613.616808 -612.991839 -612.718253 -611.746410 -611.109702 -611.349954 -612.054540 -612.578157 -613.056955 -612.871445 -612.098279 -613.126071 -611.549497 -609.943675 -609.335881 -609.417885 -611.682455 -612.657492 -613.011547 -614.769026 -611.571954 -610.552340 -608.060339 -607.782683 -607.366000 -610.177423 -612.907831 -9999.0 -9999.0 -9999.0 -9999.0 -9999.0 -9999.0 -9999.0 -9999.0 -9999.0 -9999.0 -9999.0 -9999.0 -9999.0 -9999.0 -9999.0 -9999.0 -9999.0 -9999.0 -9999.0
-9999.0 -9999.0 -9999.0 -9999.0 -9999.0 -9999.0 -9999.0 -9999.0 -9999.0 -9999.0 -9999.0 -9999.0 -9999.0 -9999.0 -617.124245 -618.178485 -618.659612 -618.915020 -616.979811 -615.427001 -615.292283 -616.389040 -615.543267 -617.689234 -619.546006 -618.397793 -616.718139 -615.257515 -612.886311 -611.042578 -612.698595 -613.102555 -612.164154 -608.893863 -607.348387 -607.989739 -611.689308 -608.240144 -606.347047 -605.080966 -605.232374 -606.919777 -604.449005 -601.577814 -602.996790 -606.018348 -605.485170 -603.815303 -600.979432 -602.650314 -611.955207 -613.087696 -612.672345 -612.569592 -613.787280 -614.661414 -611.430566 -611.825675 -612.399630 -613.091446 -615.076093 -618.156157 -619.488390 -616.363136 -613.406057 -607.343631 -9999.0 -9999.0 -9999.0 -9999.0 -9999.0 -9999.0 -9999.0 -9999.0 -9999.0 -9999.0 -9999.0 -9999.0 -9999.0 -9999.0
-9999.0 -9999.0 -9999.0 -9999.0 -9999.0 -9999.0 -9999.0 -9999.0 -9999.0 -618.947105 -619.235727 -618.943336 -619.606739 -618.688076 -620.145447 -619.787924 -619.993686 -618.691704 -617.553171 -615.630006 -613.108849 -614.905114 -615.120996 -613.751846 -613.438267 -612.819359 -611.601547 -607.267261 -602.011772 -593.828651 -600.509492 -600.776107 -597.018703 -582.839004 -568.450278 -563.394942 -571.578900 -571.666284 -561.495084 -547.661196 -546.305052 -547.341173 -530.621021 -519.422847 -511.698726 -528.528499 -545.297511 -547.868958 -529.089124 -560.741961 -582.996929 -598.522395 -597.827833 -603.141489 -608.793375 -610.939125 -611.664343 -607.870009 -609.404512 -612.982837 -615.853691 -615.080929 -616.613940 -615.131917 -613.974541 -609.360229 -605.076330 -600.865615 -600.647501 -603.321767 -9999.0 -9999.0 -9999.0 -9999.0 -9999.0 -9999.0 -9999.0 -9999.0 -9999.0 -9999.0
-9999.0 -9999.0 -9999.0 -9999.0 -9999.0 -9999.0 -620.865382 -620.986820 -620.404678 -622.150818 -620.871264 -621.713063 -620.732343 -620.262947 -619.609916 -619.498072 -617.776835 -616.224930 -613.560579 -609.946202 -606.535191 -608.127800 -607.190671 -602.117968 -592.005495 -582.123293 -575.445372 -562.071184 -505.815823 -449.973227 -427.466711 -417.409388 -406.331561 -374.419657 -319.605916 -301.366923 -321.520009 -337.238426 -318.389739 -273.882001 -190.883491 -189.425680 -184.159371 -177.312692 -151.047810 -155.271037 -267.032996 -298.270299 -309.530281 -320.280771 -365.516637 -412.293757 -467.234530 -523.139036 -569.035309 -587.390909 -590.381634 -587.672687 -594.793593 -603.680529 -608.863593 -609.019691 -610.053783 -611.864828 -611.089254 -609.204419 -606.252992 -604.417861 -605.849135 -607.815554 -609.362073 -612.368618 -611.922219 -609.010019 -9999.0 -9999.0 -9999.0 -9999.0 -9999.0 -9999.0
-9999.0 -9999.0 -9999.0 -9999.0 -623.672393 -622.847667 -625.273940 -623.897377 -622.788235 -621.929697 -621.824076 -620.244245 -619.734842 -618.568106 -616.073182 -613.945016 -610.290524 -607.413111 -599.454228 -582.154611 -562.895761 -548.559207 -536.862748 -467.084429 -402.445352 -361.748472 -345.511587 -319.014096 -269.863264 -143.506350 -117.956715 -111.366740 -131.522074 -67.849025 -72.526408 -1.555328 -55.006454 -22.053283 -20.603058 -13.397047 9.653462 10.164089 10.887888 10.904317 12.858697 14.798263 -4.039912 -33.852697 -84.790735 -51.139990 -110.460555 -128.385746 -238.104707 -276.276899 -301.631109 -344.002220 -402.126688 -427.260942 -495.695050 -545.219548 -576.521403 -585.693740 -594.049673 -598.363937 -603.686093 -602.901180 -601.603629 -604.276481 -607.682898 -610.861633 -611.349014 -612.727163 -614.150985 -610.470518 -609.067107 -604.906337 -9999.0 -9999.0 -9999.0 -9999.0
-9999.0 -9999.0 -623.873949 -623.712818 -621.425576 -622.760122 -623.501851 -624.647498 -624.122596 -621.864647 -617.377256 -615.192010 -611.889471 -610.065336 -602.381314 -581.966344 -551.243087 -516.542478 -443.809923 -387.826322 -335.573366 -292.240842 -215.000858 -164.762565 -121.407918 -111.854666 -52.108364 -68.787284 -9.980304 15.041891 39.585085 55.411910 57.837533 55.996231 52.374539 52.185347 49.205499 46.111465 29.575925 27.413260 34.472489 36.454611 40.190753 27.775273 23.953501 36.599540 38.448573 39.095240 40.858332 50.204215 59.500166 31.919074 -20.310643 -30.437577 -72.974139 -70.154440 -135.942711 -234.455583 -263.321663 -303.410618 -376.828821 -417.845683 -474.408443 -534.051881 -567.244638 -579.974924 -591.612996 -598.499811 -604.559972 -609.894798 -611.569393 -612.597769 -611.959505 -612.416082 -610.439981 -608.877135 -606.619897 -605.730801 -9999.0 -9999.0
-9999.0 -624.525305 -625.190539 -621.048244 -620.192399 -619.190996 -617.706551 -616.435022 -615.234135 -616.811855 -604.289099 -576.699196 -541.479368 -521.865499 -455.848183 -361.093653 -198.531951 -165.526325 -142.310810 -137.244302 -56.179739 -17.460870 5.780888 38.017346 60.796499 55.274233 53.578229 50.759525 43.221582 35.029885 25.817848 33.203911 33.200094 17.204756 6.315514 5.572780 -10.469776 -20.161421 -45.278272 -56.895137 -51.498249 -30.820031 -40.488093 -60.721636 -64.682183 -44.934877 -30.129459 -38.647953 -85.472232 -34.877021 -6.815428 10.900670 27.033645 41.538024 60.107291 39.475462 6.854139 -28.182147 -77.325316 -64.250867 -176.959571 -243.504061 -296.620537 -359.856468 -412.441461 -480.894319 -545.204555 -573.499507 -591.150757 -597.456894 -601.318699 -608.687291 -610.675908 -609.276682 -610.249848 -610.368847 -609.472628 -608.760869 -9999.0 -9999.0
-9999.0 -628.014653 -624.321732 -619.735375 -613.721573 -612.292709 -590.861798 -568.017182 -557.192126 -570.145006 -488.057286 -191.753444 -166.673138 -131.616357 -82.459954 -15.172555 25.153814 47.280056 58.927575 51.208977 43.694117 46.430266 40.960529 33.015022 18.955142 13.067643 12.227443 11.301133 -4.890437 -51.994880 -36.427713 -37.023615 -48.577120 -83.019905 -119.665010 -139.447510 -195.311086 -225.039294 -261.568222 -287.926502 -299.941093 -279.292298 -290.353413 -309.837271 -313.664470 -289.201262 -256.331452 -263.490552 -259.814216 -237.652687 -191.752308 -101.638067 -81.573096 -56.271903 -53.330314 11.236821 29.441987 49.018598 54.453074 31.423570 -5.505683 -49.202667 -77.111898 -191.863024 -268.331749 -347.332643 -396.882714 -433.986038 -502.255941 -545.108311 -570.250313 -587.968924 -599.706410 -602.514531 -607.860385 -608.915927 -9999.0 -9999.0 -9999.0 -9999.0
-9999.0 -627.914963 -624.178528 -615.334385 -592.268216 -550.347036 -405.504279 -272.951559 -103.697380 -148.214974 -21.820146 46.759724 53.178744 37.594765 10.786293 7.158189 16.054744 18.008889 14.193994 5.794795 -4.894468 -7.024254 -40.436000 -16.504999 -28.779156 -41.688846 -52.968860 -62.319583 -154.749673 -193.133182 -220.819126 -235.863619 -267.457117 -350.843519 -384.338378 -405.066684 -459.263501 -476.809452 -494.680403 -525.599449 -539.417210 -547.309240 -536.796335 -539.417129 -540.277481 -533.100782 -513.388218 -495.589133 -446.697440 -413.538204 -381.942523 -333.068098 -299.502478 -256.134423 -203.134972 -95.452506 -67.650673 -41.859132 -3.238766 31.971229 51.531203 44.936987 16.281051 -17.693939 -72.425809 -198.148882 -253.636424 -325.181882 -378.064347 -411.480931 -435.861900 -486.130146 -550.515215 -585.488869 -593.620398 -9999.0 -9999.0 -9999.0 -9999.0 -9999.0
-9999.0 -632.371865 -623.589826 -616.178268 -574.088782 -389.682569 -299.498269 -30.733255 20.954008 -47.678203 -153.886982 -64.688897 -81.376687 -32.543510 -58.561827 -70.989371 -72.830827 -73.536464 -61.189115 -100.612122 -176.393916 -194.292576 -196.886277 -208.602748 -230.136710 -248.515559 -262.691783 -283.783652 -337.463526 -378.347197 -428.883539 -456.554409 -531.540097 -568.935347 -583.418992 -594.600509 -604.402254 -604.298745 -601.411216 -604.156039 -607.011906 -609.896111 -606.431242 -604.799092 -603.239487 -605.094138 -604.441840 -599.373757 -590.379101 -579.844344 -561.222597 -525.555182 -474.413163 -417.353509 -390.819236 -340.948066 -295.109512 -247.899959 -172.612797 -47.781974 -28.096369 6.837193 42.813205 60.546011 23.087603 -11.885743 -69.625956 -196.203989 -298.801347 -340.604160 -355.993616 -375.649277 -411.539045 -9999.0 -9999.0 -9999.0 -9999.0 -9999.0 -9999.0 -9999.0
-9999.0 -635.377054 -625.768929 -623.507647 -610.350628 -578.507303 -497.458061 -386.020891 -214.524925 -339.754479 -354.140491 -328.415001 -298.466266 -277.341924 -301.088847 -334.571160 -356.976939 -353.742767 -352.677333 -374.000702 -398.592472 -408.577148 -409.070520 -416.139318 -445.344656 -467.789257 -482.586623 -508.561820 -540.799788 -567.716573 -592.646083 -603.321589 -610.446578 -613.029218 -614.851085 -616.712796 -620.054514 -618.351220 -616.959910 -617.358263 -618.444154 -619.244703 -616.818281 -615.930518 -615.141321 -617.342247 -615.777900 -614.241963 -610.834236 -607.206371 -601.847706 -593.537051 -581.945933 -572.211351 -564.324130 -546.488049 -507.469732 -434.567160 -367.323069 -272.270897 -198.607164 -105.215209 -51.141330 -55.815983 -1.296280 4.978386 13.527355 -13.217760 -271.283570 -306.492422 -308.987633 -9999.0 -9999.0 -9999.0 -9999.0 -9999.0 -9999.0 -9999.0 -9999.0 -9999.0
-9999.0 -9999.0 -637.013315 -632.820376 -628.779276 -624.766442 -619.114968 -611.623032 -605.608654 -597.512341 -584.001868 -565.994620 -551.396405 -543.383216 -553.797633 -571.176634 -579.795368 -579.259629 -581.418933 -585.641963 -592.591189 -595.034574 -596.640260 -597.944399 -600.784576 -602.009792 -602.547835 -603.644529 -605.963096 -610.764543 -614.928526 -617.710329 -620.642470 -620.655122 -621.176700 -622.199642 -621.539012 -621.703129 -621.427582 -621.576573 -621.397090 -620.971704 -620.387061 -619.624233 -619.562080 -619.370521 -619.052977 -618.153881 -616.753370 -614.879579 -611.255597 -605.813602 -601.419556 -600.254829 -602.397713 -601.580376 -598.176125 -589.571381 -557.233938 -472.473774 -392.179512 -327.395174 -256.848055 -209.940621 -191.239524 -143.493398 -55.801638 -206.351732 -358.023888 -347.125355 -9999.0 -9999.0 -9999.0 -9999.0 -9999.0 -9999.0 -9999.0 -9999.0 -9999.0 -9999.0
-9999.0 -9999.0 -9999.0 -9999.0 -638.184014 -632.748898 -627.863352 -628.205382 -624.629512 -622.443159 -620.225952 -617.465697 -615.187526 -613.638046 -615.638527 -616.321844 -616.812621 -616.509556 -616.910224 -617.505712 -617.862952 -618.202404 -618.482138 -618.935934 -618.828925 -618.475574 -618.387352 -619.137906 -619.196643 -620.728617 -621.089242 -621.992145 -622.862358 -623.790579 -623.658670 -623.809208 -623.441170 -623.836877 -623.202577 -623.589386 -623.113991 -622.876002 -622.255477 -621.274331 -621.616424 -621.045581 -620.980384 -620.183510 -619.780949 -617.607376 -614.022223 -609.740740 -606.720636 -606.803410 -610.511800 -612.037541 -612.810305 -610.360798 -605.887531 -595.816458 -566.060801 -515.076545 -432.977688 -394.775111 -368.730429 -326.060915 -285.767361 -277.989837 -9999.0 -9999.0 -9999.0 -9999.0 -9999.0 -9999.0 -9999.0 -9999.0 -9999.0 -9999.0 -9999.0 -9999.0
-9999.0 -9999.0 -9999.0 -9999.0 -9999.0 -9999.0 -636.186847 -633.624715 -634.150033 -632.403938 -630.867144 -629.530302 -627.361257 -627.718355 -627.233259 -625.553050 -625.861524 -626.674592 -627.674254 -626.185142 -625.609682 -625.448742 -627.114883 -626.683795 -626.551021 -625.888484 -625.955926 -625.701262 -627.183535 -625.589792 -624.860942 -625.234781 -625.598404 -625.333515 -625.724879 -624.664459 -624.540329 -625.391649 -625.607778 -624.382052 -624.028355 -624.181775 -623.894408 -622.998518 -621.705938 -621.502872 -622.056548 -622.799889 -621.367457 -618.136463 -614.357346 -610.864427 -608.501716 -607.725980 -610.876360 -614.948276 -616.920812 -617.093639 -615.286977 -611.762182 -603.224380 -596.602713 -590.445824 -582.549603 -572.264251 -506.822561 -9999.0 -9999.0 -9999.0 -9999.0 -9999.0 -9999.0 -9999.0 -9999.0 -9999.0 -9999.0 -9999.0 -9999.0 -9999.0 -9999.0
-9999.0 -9999.0 -9999.0 -9999.0 -9999.0 -9999.0 -9999.0 -9999.0 -9999.0 -9999.0 -9999.0 -9999.0 -9999.0 -9999.0 -9999.0 -9999.0 -9999.0 -9999.0 -9999.0 -9999.0 -9999.0 -9999.0 -9999.0 -9999.0 -9999.0 -9999.0 -9999.0 -9999.0 -9999.0 -9999.0 -9999.0 -9999.0 -9999.0 -9999.0 -9999.0 -9999.0 -9999.0 -9999.0 -9999.0 -9999.0 -9999.0 -9999.0 -9999.0 -9999.0 -9999.0 -9999.0 -9999.0 -9999.0 -9999.0 -9999.0 -9999.0 -9999.0 -9999.0 -9999.0 -9999.0 -9999.0 -9999.0 -9999.0 -9999.0 -9999.0 -9999.0 -9999.0 -9999.0 -9999.0 -9999.0 -9999.0 -9999.0 -9999.0 -9999.0 -9999.0 -9999.0 -9999.0 -9999.0 -9999.0 -9999.0 -9999.0 -9999.0 -9999.0 -9999.0 -9999.0
-9999.0 -9999.0 -9999.0 -9999.0 -9999.0 -9999.0 -9999.0 -9999.0 -9999.0 -9999.0 -9999.0 -9999.0 -9999.0 -9999.0 -9999.0 -9999.0 -9999.0 -9999.0 -9999.0 -9999.0 -9999.0 -9999.0 -9999.0 -9999.0 -9999.0 -9999.0 -9999.0 -9999.0 -9999.0 -9999.0 -9999.0 -9999.0 -9999.0 -9999.0 -9999.0 -9999.0 -9999.0 -9999.0 -9999.0 -9999.0 -9999.0 -9999.0 -9999.0 -9999.0 -9999.0 -9999.0 -9999.0 -9999.0 -9999.0 -9999.0 -9999.0 -9999.0 -9999.0 -9999.0 -9999.0 -9999.0 -9999.0 -9999.0 -9999.0 -9999.0 -9999.0 -9999.0 -9999.0 -9999.0 -9999.0 -9999.0 -9999.0 -9999.0 -9999.0 -9999.0 -9999.0 -9999.0 -9999.0 -9999.0 -9999.0 -9999.0 -9999.0 -9999.0 -9999.0 -9999.0