Borden_/Borden1m_014/output_maps/psiliqL0002N0011.asc
ncols         80
nrows         18
xllcorner     620200.000000
yllcorner     5168000.000000
cellsize      1.000000
NODATA_value  -9999.0
-9999.0 -9999.0 -9999.0 -9999.0 -9999.0 -9999.0 -9999.0 -9999.0 -9999.0 -9999.0 -9999.0 -9999.0 -9999.0 -9999.0 -9999.0 -9999.0 -9999.0 -9999.0 -9999.0 -9999.0 -9999.0 -9999.0 -9999.0 -9999.0 -9999.0 -9999.0 -9999.0 -9999.0 -9999.0 -9999.0 -9999.0 -9999.0 -9999.0 -9999.0 -9999.0 -9999.0 -9999.0 -9999.0 -9999.0 -9999.0 -9999.0 -9999.0 -9999.0 -9999.0 -9999.0 -9999.0 -9999.0 -9999.0 -9999.0 -9999.0 -9999.0 -9999.0 -9999.0 -9999.0 -9999.0 -9999.0 -9999.0 -9999.0 -9999.0 -9999.0 -9999.0 -9999.0 -9999.0 -9999.0 -9999.0 -9999.0 -9999.0 -9999.0 -9999.0 -9999.0 -9999.0 -9999.0 -9999.0 -9999.0 -9999.0 -9999.0 -9999.0 -9999.0 -9999.0 -9999.0
-9999.0 -9999.0 -9999.0 -9999.0 -9999.0 -9999.0 -9999.0 -9999.0 -9999.0 -9999.0 -9999.0 -9999.0 -9999.0 -9999.0 -9999.0 -9999.0 -9999.0 -9999.0 -9999.0 -9999.0 -9999.0 -9999.0 -9999.0 -9999.0 -9999.0 -9999.0 -9999.0 -9999.0 -9999.0 -9999.0 -9999.0 -9999.0 -9999.0 -9999.0 -9999.0 -9999.0 -9999.0 -9999.0 -9999.0 -9999.0 -9999.0 -9999.0 -9999.0 -9999.0 -9999.0 -9999.0 -9999.0 -9999.0 -9999.0 -9999.0 -9999.0 -9999.0 -9999.0 -9999.0 -9999.0 -9999.0 -9999.0 -9999.0 -9999.0 -9999.0 -9999.0 -9999.0 -9999.0 -9999.0 -9999.0 -9999.0 -9999.0 -9999.0 -9999.0 -9999.0 -9999.0 -9999.0 -9999.0 -9999.0 -9999.0 -9999.0 -9999.0 -9999.0 -9999.0 -9999.0
-9999.0 -9999.0 -9999.0 -9999.0 -9999.0 -9999.0 -9999.0 -9999.0 -9999.0 -9999.0 -9999.0 -9999.0 -9999.0 -9999.0 -9999.0 -9999.0 -9999.0 -9999.0 -9999.0 -9999.0 -511.179942 -509.745572 -512.250840 -514.996919 -517.466588 -517.907657 -515.244990 -512.429905 -509.154290 -508.734086 -511.795729 -510.827186 -512.118356 -513.042722 -513.284145 -512.423943 -511.941227 -510.967009 -510.431046 -510.909567 -511.793421 -512.326133 -512.975220 -512.929863 -511.803101 -513.308168 -511.270070 -509.473066 -508.982282 -508.676928 -510.750442 -511.436256 -511.643125 -514.149210 -509.683674 -508.732282 -505.915124 -505.814566 -505.021841 -508.154969 -511.276021 -9999.0 -9999.0 -9999.0 -9999.0 -9999.0 -9999.0 -9999.0 -9999.0 -9999.0 -9999.0 -9999.0 -9999.0 -9999.0 -9999.0 -9999.0 -9999.0 -9999.0 -9999.0 -9999.0
-9999.0 -9999.0 -9999.0 -9999.0 -9999.0 -9999.0 -9999.0 -9999.0 -9999.0 -9999.0 -9999.0 -9999.0 -9999.0 -9999.0 -514.632259 -516.206073 -516.978824 -517.717463 -515.313265 -513.648869 -514.013461 -515.648118 -514.054648 -517.008043 -519.727649 -518.137391 -516.210100 -515.044225 -512.680178 -510.782323 -512.810131 -513.322961 -512.418434 -508.869844 -507.509510 -508.426489 -513.271262 -508.780546 -506.964517 -505.811904 -505.973762 -508.182214 -505.446494 -502.217586 -504.048881 -507.484020 -506.576301 -504.744440 -501.630077 -502.545616 -513.306585 -513.542382 -512.647144 -512.016467 -513.501840 -514.695979 -510.252790 -511.173308 -511.697439 -511.861499 -513.828536 -517.644887 -519.507408 -515.193121 -512.031495 -504.981493 -9999.0 -9999.0 -9999.0 -9999.0 -9999.0 -9999.0 -9999.0 -9999.0 -9999.0 -9999.0 -9999.0 -9999.0 -9999.0 -9999.0
-9999.0 -9999.0 -9999.0 -9999.0 -9999.0 -9999.0 -9999.0 -9999.0 -9999.0 -516.498235 -517.043188 -516.662669 -517.890813 -516.599235 -519.262273 -518.773124 -519.459375 -517.804028 -516.848596 -514.864754 -511.775329 -514.446175 -514.854658 -513.210185 -513.416937 -513.248924 -512.380085 -507.803550 -503.162747 -494.692939 -503.020657 -503.473732 -500.448430 -488.303202 -471.552172 -467.872549 -474.274583 -474.768958 -466.596357 -457.441857 -458.361652 -459.360266 -450.490946 -445.954057 -442.510540 -449.689105 -456.801078 -458.370093 -447.110440 -466.138295 -486.657261 -502.306715 -498.915467 -504.006563 -509.600784 -511.360248 -512.423077 -507.398946 -508.895459 -512.715926 -515.836225 -514.042603 -516.137888 -514.093551 -513.237590 -508.029820 -503.646624 -499.207832 -499.004520 -501.945299 -9999.0 -9999.0 -9999.0 -9999.0 -9999.0 -9999.0 -9999.0 -9999.0 -9999.0 -9999.0
-9999.0 -9999.0 -9999.0 -9999.0 -9999.0 -9999.0 -518.557519 -518.868607 -518.091605 -521.464737 -519.508031 -521.254269 -519.935879 -519.593172 -518.899784 -519.305072 -517.354770 -515.905312 -513.313700 -509.915676 -506.545683 -509.215928 -508.494576 -503.745933 -495.593289 -485.307174 -478.091446 -467.548123 -438.806309 -418.680002 -409.312023 -405.664591 -397.191129 -243.707479 7.524098 11.371844 10.824257 10.293535 10.825170 11.875924 11.856050 11.734976 11.895408 12.024260 13.021752 12.881185 11.711488 11.472082 11.427067 10.918410 -52.761628 -394.043641 -426.047781 -445.657657 -472.097335 -489.760353 -494.764625 -489.778713 -495.697731 -504.490518 -509.496478 -508.768145 -509.478788 -511.658112 -510.496635 -508.577067 -505.423213 -503.299003 -504.774578 -506.577102 -507.538050 -511.106051 -510.403580 -506.891799 -9999.0 -9999.0 -9999.0 -9999.0 -9999.0 -9999.0
-9999.0 -9999.0 -9999.0 -9999.0 -523.056163 -521.673809 -526.057110 -523.749506 -522.157527 -521.114365 -521.676914 -519.794059 -519.711495 -518.606966 -515.956008 -514.573508 -511.072078 -508.899645 -501.474718 -487.258017 -467.939638 -457.875141 -454.320986 -428.399801 -375.667237 -40.731153 9.932315 10.830040 11.607605 13.284626 13.955157 14.025630 14.693457 16.702588 19.289413 20.823775 20.023079 19.934893 20.011618 20.057024 21.096819 20.886916 20.959938 20.794535 20.951023 21.855388 20.427672 19.486558 19.286966 19.151538 18.222115 14.030938 12.687395 12.067734 11.348277 -26.336468 -373.304262 -405.642293 -436.620863 -456.407409 -481.501699 -489.378824 -495.536310 -498.960391 -504.481962 -502.951880 -500.890566 -503.609406 -507.001122 -510.250334 -510.098719 -511.458086 -513.580187 -508.743914 -507.563889 -502.776473 -9999.0 -9999.0 -9999.0 -9999.0
-9999.0 -9999.0 -522.861737 -523.182014 -519.669139 -522.312652 -523.914504 -526.136961 -525.631761 -522.563169 -517.106124 -515.899446 -512.967401 -511.824996 -504.337421 -486.486703 -460.498860 -445.017713 -418.832450 -329.561343 -22.287903 10.970992 11.395446 12.396002 14.324314 18.054517 19.035595 19.606201 20.128281 21.564469 46.039390 61.210507 65.332140 61.089370 59.012039 57.789127 54.863449 52.615129 36.145650 33.905591 40.784559 42.662433 46.345206 34.293831 30.330912 42.568781 45.048698 45.319456 47.599369 56.366082 66.428097 38.531503 19.739367 19.605023 19.746873 18.176159 14.445712 12.951643 12.672119 11.425530 -53.040507 -389.026218 -429.122822 -453.125667 -475.176561 -482.429870 -492.817549 -498.843488 -504.424531 -510.023922 -511.310966 -511.916804 -510.646195 -511.642735 -509.157729 -507.587004 -504.815916 -503.947943 -9999.0 -9999.0
-9999.0 -523.612009 -525.377560 -519.304466 -519.249783 -518.746228 -518.235412 -517.690936 -516.497392 -519.525041 -505.497259 -479.055873 -453.844996 -447.120255 -424.554114 -125.590895 10.256134 12.063670 13.040048 15.165030 18.391172 19.900211 20.598641 43.845996 67.038659 62.170138 58.428586 57.708685 48.661032 40.983781 30.870268 39.180622 37.271446 24.633651 20.194323 20.347580 20.336092 19.675767 19.015408 18.764510 18.968214 19.896945 19.423804 18.777637 18.629714 19.256153 19.837826 19.398742 18.867371 19.373770 20.414069 21.180296 37.420956 50.062230 70.065698 48.675814 20.861918 19.549977 19.365660 18.851760 17.156981 13.613297 11.678198 -35.123387 -374.025571 -433.794745 -462.666797 -478.717135 -493.060832 -498.254995 -501.166663 -509.092814 -510.626081 -508.189753 -509.240415 -509.327725 -508.270934 -507.520945 -9999.0 -9999.0
-9999.0 -530.256120 -524.438273 -518.739848 -512.585747 -514.379104 -492.366956 -469.026730 -463.977596 -475.941603 -433.881623 -16.430352 12.841241 12.762589 14.905091 19.071745 31.115192 51.903810 65.832469 56.715377 49.328309 52.192869 47.372086 38.326585 25.522020 20.606899 20.890511 20.940406 20.306544 19.803428 19.180292 19.340222 18.967459 17.647726 15.125112 14.194522 13.835747 13.426182 12.545912 11.925896 11.527535 12.390531 12.009846 11.436075 11.256937 11.914923 12.994378 12.527430 12.650758 13.394453 15.378131 17.744580 18.334954 18.952930 19.768427 21.694493 38.695578 58.544820 64.149224 40.419863 20.545418 19.069136 18.637049 16.970359 13.204743 -11.709287 -294.149749 -401.684705 -437.978596 -458.782208 -476.371139 -489.663336 -500.747063 -502.005817 -507.715600 -507.620024 -9999.0 -9999.0 -9999.0 -9999.0
-9999.0 -530.646633 -525.125736 -514.065426 -489.727484 -457.841389 -62.403581 11.712793 13.325934 15.296938 16.569091 55.414257 62.896946 46.866745 21.252821 20.401392 22.047430 23.939654 20.823979 20.172923 19.918559 19.892229 19.923523 19.709828 19.470045 19.182081 18.998829 18.990154 18.141240 17.007197 13.971595 13.467872 12.380850 -38.832059 -330.658053 -388.851117 -425.315073 -427.775134 -433.865253 -446.752783 -452.746709 -457.265991 -451.045775 -453.043081 -453.821977 -450.165644 -441.653021 -436.402891 -417.184705 -392.108841 -272.246379 -4.584811 11.546514 12.977294 14.708941 17.846223 18.712603 19.322766 20.604032 41.241291 61.022726 53.917105 26.214136 20.275832 18.503716 16.992077 14.889345 12.420508 10.502568 -54.893979 -380.633441 -430.248008 -463.601520 -486.077924 -493.064249 -9999.0 -9999.0 -9999.0 -9999.0 -9999.0
-9999.0 -539.944363 -524.893281 -516.126977 -472.376937 -73.133558 11.299359 17.164755 43.957684 18.479395 17.712876 18.299073 19.537978 19.533008 18.746357 18.828309 18.590788 18.477321 18.878806 16.672937 14.764441 14.198938 14.312695 13.972858 13.285495 12.904848 12.735342 12.424506 10.715593 -49.970302 -405.259659 -417.896261 -449.006125 -473.102876 -488.350020 -497.298232 -506.281868 -505.626710 -501.695651 -504.537968 -507.572696 -511.199597 -506.927100 -505.189360 -503.326883 -505.888565 -505.678513 -500.466896 -492.135109 -484.470996 -471.955894 -449.221826 -430.455828 -398.107329 -335.929795 -23.559378 11.533694 13.091488 17.063190 19.375481 19.861990 20.955592 51.625104 69.786923 33.293841 19.957549 19.109730 18.401945 16.882984 15.579038 12.693870 -10.306177 -346.312120 -9999.0 -9999.0 -9999.0 -9999.0 -9999.0 -9999.0 -9999.0
-9999.0 -544.765151 -528.391322 -527.064553 -510.891918 -478.343486 -430.426981 -332.688671 -3.032264 9.869622 10.601024 11.255334 11.958054 12.682534 11.963895 10.944568 10.119941 10.191722 -1.923555 -220.806297 -368.522981 -389.222776 -388.768947 -394.995757 -415.096713 -424.179215 -429.086132 -438.921055 -453.360325 -472.813955 -494.798315 -504.808958 -511.826137 -513.714267 -515.212501 -516.901255 -521.275173 -518.438301 -516.496079 -516.916994 -518.292909 -519.468118 -516.090771 -515.171375 -514.170954 -517.526535 -515.441781 -514.078315 -510.534180 -507.181348 -502.289663 -494.597377 -484.215969 -477.857511 -474.058041 -459.310213 -442.047606 -409.389484 -56.357105 12.013421 15.071757 17.638158 19.119820 19.998246 20.437261 30.683161 39.210273 21.323009 17.357792 17.871746 17.762995 -9999.0 -9999.0 -9999.0 -9999.0 -9999.0 -9999.0 -9999.0 -9999.0 -9999.0
-9999.0 -9999.0 -548.373823 -541.952656 -536.595966 -531.461115 -524.316933 -517.731873 -508.813076 -498.309477 -483.597938 -467.337479 -457.318714 -452.727038 -459.137121 -472.969743 -481.652133 -480.958648 -483.448643 -490.359152 -496.606984 -497.635092 -498.879789 -499.652102 -502.024906 -502.957930 -503.240148 -503.952981 -505.835680 -510.880615 -514.919701 -517.629610 -521.136696 -520.452883 -520.835943 -522.124515 -520.634931 -520.988106 -520.642249 -520.881979 -520.524813 -519.892104 -519.292512 -518.349258 -518.456954 -518.184751 -517.986376 -517.109014 -515.814232 -514.210042 -510.630382 -505.104927 -501.025123 -500.244127 -503.009273 -502.349968 -499.337706 -492.461706 -466.630693 -429.654575 -323.520403 -15.973654 12.874857 15.223492 17.278616 18.091872 19.131146 19.123852 12.821733 16.266108 -9999.0 -9999.0 -9999.0 -9999.0 -9999.0 -9999.0 -9999.0 -9999.0 -9999.0 -9999.0
-9999.0 -9999.0 -9999.0 -9999.0 -551.455358 -542.173526 -533.505793 -534.731262 -528.643172 -525.324623 -522.552290 -519.227904 -516.532116 -514.650096 -517.301087 -517.543720 -517.862989 -517.338262 -517.808971 -518.408309 -518.498898 -518.784032 -519.082465 -519.639317 -519.267602 -518.586061 -518.340801 -519.317124 -519.016975 -520.788222 -520.607248 -521.477559 -522.366910 -523.636855 -523.188029 -523.266262 -522.574005 -523.284770 -522.235537 -522.939633 -522.200923 -521.958803 -521.163013 -519.769235 -520.558409 -519.758582 -519.860396 -518.908352 -518.950767 -516.645467 -512.798869 -508.347857 -505.386599 -505.700219 -510.102827 -511.683982 -512.936387 -510.483348 -506.784973 -497.868468 -474.826642 -446.001382 -411.119884 -335.481395 -29.459883 11.598771 15.934953 17.346081 -9999.0 -9999.0 -9999.0 -9999.0 -9999.0 -9999.0 -9999.0 -9999.0 -9999.0 -9999.0 -9999.0 -9999.0
-9999.0 -9999.0 -9999.0 -9999.0 -9999.0 -9999.0 -547.191055 -542.456032 -544.083970 -540.531106 -537.443007 -535.195581 -531.659807 -532.295148 -531.171948 -528.171845 -528.529728 -529.882941 -531.652194 -528.984973 -527.789662 -527.468813 -530.319117 -529.424382 -529.105514 -528.016016 -528.131063 -527.551280 -529.946534 -526.838916 -525.282752 -525.677234 -526.045470 -525.351198 -525.942749 -524.044207 -523.816827 -525.314511 -525.806585 -523.703074 -523.184821 -523.607377 -523.356360 -522.110930 -520.183111 -520.000606 -521.031555 -522.543130 -520.860023 -516.848929 -512.664067 -509.186514 -506.952201 -505.998834 -509.427987 -514.328630 -516.824403 -517.454828 -515.927117 -513.000351 -504.684910 -499.251839 -495.219799 -491.415157 -480.978199 -443.360037 -9999.0 -9999.0 -9999.0 -9999.0 -9999.0 -9999.0 -9999.0 -9999.0 -9999.0 -9999.0 -9999.0 -9999.0 -9999.0 -9999.0
-9999.0 -9999.0 -9999.0 -9999.0 -9999.0 -9999.0 -9999.0 -9999.0 -9999.0 -9999.0 -9999.0 -9999.0 -9999.0 -9999.0 -9999.0 -9999.0 -9999.0 -9999.0 -9999.0 -9999.0 -9999.0 -9999.0 -9999.0 -9999.0 -9999.0 -9999.0 -9999.0 -9999.0 -9999.0 -9999.0 -9999.0 -9999.0 -9999.0 -9999.0 -9999.0 -9999.0 -9999.0 -9999.0 -9999.0 -9999.0 -9999.0 -9999.0 -9999.0 -9999.0 -9999.0 -9999.0 -9999.0 -9999.0 -9999.0 -9999.0 -9999.0 -9999.0 -9999.0 -9999.0 -9999.0 -9999.0 -9999.0 -9999.0 -9999.0 -9999.0 -9999.0 -9999.0 -9999.0 -9999.0 -9999.0 -9999.0 -9999.0 -9999.0 -9999.0 -9999.0 -9999.0 -9999.0 -9999.0 -9999.0 -9999.0 -9999.0 -9999.0 -9999.0 -9999.0 -9999.0
-9999.0 -9999.0 -9999.0 -9999.0 -9999.0 -9999.0 -9999.0 -9999.0 -9999.0 -9999.0 -9999.0 -9999.0 -9999.0 -9999.0 -9999.0 -9999.0 -9999.0 -9999.0 -9999.0 -9999.0 -9999.0 -9999.0 -9999.0 -9999.0 -9999.0 -9999.0 -9999.0 -9999.0 -9999.0 -9999.0 -9999.0 -9999.0 -9999.0 -9999.0 -9999.0 -9999.0 -9999.0 -9999.0 -9999.0 -9999.0 -9999.0 -9999.0 -9999.0 -9999.0 -9999.0 -9999.0 -9999.0 -9999.0 -9999.0 -9999.0 -9999.0 -9999.0 -9999.0 -9999.0 -9999.0 -9999.0 -9999.0 -9999.0 -9999.0 -9999.0 -9999.0 -9999.0 -9999.0 -9999.0 -9999.0 -9999.0 -9999.0 -9999.0 -9999.0 -9999.0 -9999.0 -9999.0 -9999.0 -9999.0 -9999.0 -9999.0 -9999.0 -9999.0 -9999.0 -9999.0