Borden_/Borden1m_014/output_maps/psiliqL0022N0029.asc
ncols         80
nrows         18
xllcorner     620200.000000
yllcorner     5168000.000000
cellsize      1.000000
NODATA_value  -9999.0
-9999.0 -9999.0 -9999.0 -9999.0 -9999.0 -9999.0 -9999.0 -9999.0 -9999.0 -9999.0 -9999.0 -9999.0 -9999.0 -9999.0 -9999.0 -9999.0 -9999.0 -9999.0 -9999.0 -9999.0 -9999.0 -9999.0 -9999.0 -9999.0 -9999.0 -9999.0 -9999.0 -9999.0 -9999.0 -9999.0 -9999.0 -9999.0 -9999.0 -9999.0 -9999.0 -9999.0 -9999.0 -9999.0 -9999.0 -9999.0 -9999.0 -9999.0 -9999.0 -9999.0 -9999.0 -9999.0 -9999.0 -9999.0 -9999.0 -9999.0 -9999.0 -9999.0 -9999.0 -9999.0 -9999.0 -9999.0 -9999.0 -9999.0 -9999.0 -9999.0 -9999.0 -9999.0 -9999.0 -9999.0 -9999.0 -9999.0 -9999.0 -9999.0 -9999.0 -9999.0 -9999.0 -9999.0 -9999.0 -9999.0 -9999.0 -9999.0 -9999.0 -9999.0 -9999.0 -9999.0
-9999.0 -9999.0 -9999.0 -9999.0 -9999.0 -9999.0 -9999.0 -9999.0 -9999.0 -9999.0 -9999.0 -9999.0 -9999.0 -9999.0 -9999.0 -9999.0 -9999.0 -9999.0 -9999.0 -9999.0 -9999.0 -9999.0 -9999.0 -9999.0 -9999.0 -9999.0 -9999.0 -9999.0 -9999.0 -9999.0 -9999.0 -9999.0 -9999.0 -9999.0 -9999.0 -9999.0 -9999.0 -9999.0 -9999.0 -9999.0 -9999.0 -9999.0 -9999.0 -9999.0 -9999.0 -9999.0 -9999.0 -9999.0 -9999.0 -9999.0 -9999.0 -9999.0 -9999.0 -9999.0 -9999.0 -9999.0 -9999.0 -9999.0 -9999.0 -9999.0 -9999.0 -9999.0 -9999.0 -9999.0 -9999.0 -9999.0 -9999.0 -9999.0 -9999.0 -9999.0 -9999.0 -9999.0 -9999.0 -9999.0 -9999.0 -9999.0 -9999.0 -9999.0 -9999.0 -9999.0
-9999.0 -9999.0 -9999.0 -9999.0 -9999.0 -9999.0 -9999.0 -9999.0 -9999.0 -9999.0 -9999.0 -9999.0 -9999.0 -9999.0 -9999.0 -9999.0 -9999.0 -9999.0 -9999.0 -9999.0 2556.373668 2558.727215 2538.300553 2506.073236 2479.918423 2484.034642 2519.756438 2562.837513 2603.946747 2614.618470 2598.242593 2603.641526 2600.811361 2598.358875 2600.499095 2609.173809 2616.591764 2627.490420 2636.174961 2636.020313 2630.649740 2626.923207 2629.568703 2631.870514 2637.434530 2623.146511 2637.030991 2650.771761 2653.179607 2646.890262 2619.378627 2603.465608 2592.064801 2573.456482 2596.448492 2605.631260 2625.413041 2627.236983 2623.253900 2595.238950 2564.366043 -9999.0 -9999.0 -9999.0 -9999.0 -9999.0 -9999.0 -9999.0 -9999.0 -9999.0 -9999.0 -9999.0 -9999.0 -9999.0 -9999.0 -9999.0 -9999.0 -9999.0 -9999.0 -9999.0
-9999.0 -9999.0 -9999.0 -9999.0 -9999.0 -9999.0 -9999.0 -9999.0 -9999.0 -9999.0 -9999.0 -9999.0 -9999.0 -9999.0 2461.432245 2453.614945 2452.553513 2462.147814 2496.757097 2528.292258 2540.223686 2534.102913 2535.595917 2513.164395 2493.213581 2508.582927 2540.427411 2573.097688 2609.150188 2629.942428 2621.292129 2620.964357 2630.526905 2654.129903 2664.952297 2662.635852 2644.859100 2670.614556 2686.135800 2693.570736 2693.845366 2685.939546 2696.658729 2711.322742 2703.818624 2686.896024 2694.544385 2706.424820 2715.072298 2702.187685 2638.428193 2621.099393 2614.350856 2606.433981 2590.230201 2583.456249 2608.461705 2604.953859 2594.928852 2575.704112 2541.296945 2495.736988 2475.253578 2513.172902 2554.944194 2609.422660 -9999.0 -9999.0 -9999.0 -9999.0 -9999.0 -9999.0 -9999.0 -9999.0 -9999.0 -9999.0 -9999.0 -9999.0 -9999.0 -9999.0
-9999.0 -9999.0 -9999.0 -9999.0 -9999.0 -9999.0 -9999.0 -9999.0 -9999.0 2398.678651 2405.214205 2414.017901 2418.528613 2435.743812 2433.900928 2442.696437 2449.894209 2479.302481 2511.303627 2547.131078 2575.803878 2569.328413 2570.070850 2577.965754 2577.685800 2589.426922 2612.908446 2654.998335 2690.254649 2730.142488 2701.108889 2699.498772 2719.445834 2764.032229 2791.190825 2795.389950 2777.745317 2793.091263 2818.605044 2838.222330 2837.771267 2834.491871 2859.538956 2874.285619 2869.831485 2847.715802 2842.492270 2845.618617 2870.963714 2817.341625 2748.348652 2703.006702 2711.661062 2685.832035 2653.066022 2634.794971 2631.779153 2649.845255 2634.020886 2595.556987 2559.698430 2546.039764 2526.490144 2543.588235 2564.042793 2607.325668 2644.549382 2671.246603 2668.331114 2649.402995 -9999.0 -9999.0 -9999.0 -9999.0 -9999.0 -9999.0 -9999.0 -9999.0 -9999.0 -9999.0
-9999.0 -9999.0 -9999.0 -9999.0 -9999.0 -9999.0 2317.129022 2328.651977 2351.022092 2355.830170 2383.863527 2391.852069 2413.971416 2434.480417 2458.564420 2475.261045 2504.776088 2538.373367 2577.713098 2619.561296 2652.679267 2645.307144 2656.517595 2680.456570 2713.752887 2738.865162 2765.502158 2807.152456 2810.205966 2846.686103 2843.681215 2845.981264 2855.179064 2905.427908 2969.564443 2981.593528 2961.442852 2948.137279 2970.492458 3007.037578 3007.109143 3006.302303 2990.403249 3000.220420 3026.765414 3017.337282 3008.745643 3001.144466 3005.405916 2984.703717 2918.288711 2859.140585 2836.620679 2858.362487 2773.856863 2723.997981 2738.726760 2759.864558 2732.208156 2679.187618 2639.027971 2628.466227 2612.497785 2599.951205 2607.153574 2625.261428 2644.859350 2654.112341 2638.559514 2614.959985 2590.852095 2560.794003 2561.703488 2585.783509 -9999.0 -9999.0 -9999.0 -9999.0 -9999.0 -9999.0
-9999.0 -9999.0 -9999.0 -9999.0 2265.036423 2279.300081 2267.168815 2295.155371 2329.822075 2366.128271 2397.577371 2434.501430 2462.574523 2493.937384 2532.188242 2561.606785 2600.479761 2635.274652 2688.610329 2755.878256 2806.353729 2826.895218 2841.300173 2821.609952 2878.547777 2927.581578 2947.257097 2973.216257 2988.607561 3043.942064 3066.631601 3070.179106 3087.081239 3127.584271 3180.646436 3209.726550 3192.564859 3184.112380 3192.754374 3205.797815 3227.910013 3228.031531 3228.778379 3232.213939 3238.915511 3237.797657 3212.998415 3180.326197 3172.901415 3163.420608 3128.662932 3058.606634 3026.836622 3000.456837 2989.163297 2936.052205 2883.222244 2878.941251 2824.890222 2834.634772 2776.355175 2759.045722 2730.440398 2706.468305 2681.340135 2684.510489 2687.740475 2665.441546 2629.897621 2595.409511 2579.025305 2558.834088 2545.835401 2575.165695 2591.487013 2620.332730 -9999.0 -9999.0 -9999.0 -9999.0
-9999.0 -9999.0 2203.012222 2250.568888 2309.406813 2318.673244 2317.107375 2324.077338 2354.613348 2408.477224 2479.708621 2524.606623 2562.127661 2598.044170 2658.145082 2728.910590 2797.134744 2844.527801 2833.787271 2902.566108 2962.619345 2991.009304 3001.909235 3008.666323 3061.327853 3127.036807 3153.926038 3179.415494 3203.882165 3238.167118 3235.903491 3247.498498 3258.643032 3268.318858 3280.429471 3285.965100 3281.634873 3277.153969 3258.980524 3254.311546 3260.898552 3267.839727 3267.660317 3253.402731 3249.462765 3264.030155 3269.500403 3267.891665 3266.046703 3271.518798 3269.538175 3224.466706 3201.059566 3186.819713 3182.338355 3137.546155 3072.651565 3038.892411 3019.368939 3007.486582 2933.582576 2891.771692 2849.193689 2811.920639 2821.945897 2796.173147 2751.547246 2709.420439 2661.649181 2613.753577 2588.773512 2570.652436 2567.449200 2565.711457 2581.336881 2595.274421 2609.767125 2617.094127 -9999.0 -9999.0
-9999.0 2094.657633 2166.719245 2291.245427 2371.930513 2414.901373 2435.281876 2449.345127 2480.699788 2516.617035 2613.248599 2681.638119 2771.724317 2814.798543 2864.139042 2884.265287 2976.361750 2993.782380 3029.529308 3089.222752 3151.701486 3192.212079 3217.670637 3205.774219 3242.497462 3266.145677 3272.271913 3277.821218 3276.266481 3267.905229 3260.789143 3267.684441 3265.087315 3246.530892 3231.045627 3229.514966 3226.246750 3203.549704 3181.871724 3167.065968 3169.342211 3188.002268 3180.644040 3159.913899 3155.637799 3176.550157 3191.466905 3181.158830 3173.803097 3184.609575 3218.322167 3241.490709 3245.304092 3263.090127 3284.023956 3256.172344 3232.832780 3190.772961 3180.010974 3155.258365 3099.906153 3045.156587 2997.867367 2974.364821 2919.261856 2865.799655 2814.705544 2798.774341 2734.001191 2692.300881 2661.589546 2613.362532 2594.903197 2597.299166 2588.445563 2584.803294 2589.336375 2595.026181 -9999.0 -9999.0
-9999.0 2003.636779 2144.227200 2325.550395 2473.250518 2524.173358 2603.532463 2673.692420 2698.750280 2658.444211 2768.155793 2924.657671 3015.161345 3029.703140 3101.348930 3185.894466 3178.474340 3207.877664 3229.375706 3248.990143 3264.880126 3276.972129 3274.698079 3268.914429 3252.884824 3244.991566 3244.304407 3242.349303 3225.473080 3206.978828 3190.515311 3187.912466 3176.272505 3129.857387 3097.508762 3081.061317 3064.337437 3050.070674 3022.135311 2997.857424 3009.332855 2994.971042 2991.600237 3003.799068 2999.562770 2991.605738 3021.948542 3017.815473 3027.462421 3046.653190 3082.082598 3118.993525 3137.753985 3166.205647 3195.416651 3241.048553 3251.537021 3273.509718 3277.010059 3264.067583 3219.429322 3175.113327 3146.153133 3091.994722 3032.582833 2995.755356 2943.690375 2895.234211 2836.985338 2799.622716 2775.245466 2718.608801 2669.918945 2653.997758 2615.699719 2597.954907 -9999.0 -9999.0 -9999.0 -9999.0
-9999.0 1909.162354 2091.767272 2338.132048 2629.711440 2719.211424 2895.083250 2996.213245 3035.999277 3100.225200 3010.845898 3188.044429 3232.381415 3225.307436 3233.515716 3235.420714 3248.793527 3248.629538 3243.602291 3232.931809 3223.814073 3219.605076 3218.400132 3210.579485 3198.164680 3183.854235 3177.800926 3166.853020 3131.524510 3100.355252 3063.374934 3051.342726 3011.327783 2947.067044 2907.120438 2869.433607 2810.496340 2810.447171 2814.399605 2855.256785 2836.019938 2808.223212 2835.158844 2846.216685 2850.636693 2848.167109 2861.431251 2820.716369 2866.360106 2901.212202 2941.679174 2989.615550 2992.063358 3030.467374 3070.637313 3122.310568 3152.228377 3180.656917 3221.814225 3258.295631 3280.535289 3267.793486 3247.428011 3205.066329 3151.318400 3102.423053 3073.779536 3024.182950 2996.439269 2950.361091 2902.826379 2848.788413 2802.653294 2737.779457 2698.720892 -9999.0 -9999.0 -9999.0 -9999.0 -9999.0
-9999.0 1700.731170 1966.023882 2239.936245 2529.624105 2848.190043 2991.051479 3089.495655 3149.905024 3124.468086 3139.868938 3148.654328 3180.302367 3186.267048 3169.504983 3157.218262 3141.264344 3140.195665 3153.106429 3126.534528 3097.277555 3084.446161 3085.154713 3074.375731 3051.201321 3036.237559 3026.902187 3010.165550 2993.007676 2943.086354 2860.161728 2828.245392 2816.204602 2770.774090 2729.227275 2678.758940 2628.193981 2629.749047 2651.356767 2639.694459 2618.006888 2599.974070 2628.436213 2650.296517 2664.092640 2650.377316 2659.084386 2694.168161 2744.143463 2789.274466 2838.687580 2824.795526 2865.943911 2907.522416 2932.153855 2974.762898 2988.237264 3028.945655 3097.782436 3173.220080 3201.555001 3234.856463 3265.130435 3286.306444 3244.359278 3216.808701 3194.003907 3174.985772 3129.369555 3084.553348 3044.181818 2981.672438 2934.498054 -9999.0 -9999.0 -9999.0 -9999.0 -9999.0 -9999.0 -9999.0
-9999.0 1583.799065 1785.713969 1990.219248 2252.566011 2488.591445 2707.875176 2810.642009 2841.601537 2900.172685 2947.699676 2983.709103 2988.188916 3008.771648 2986.461300 2967.682726 2936.969698 2941.547948 2934.196553 2912.212502 2883.975787 2870.316170 2867.655257 2862.074714 2839.911842 2828.443496 2821.333910 2866.887721 2837.561493 2781.073851 2703.776592 2626.631604 2569.683319 2544.186773 2517.264344 2486.804993 2456.431774 2467.225728 2477.908939 2476.877745 2468.701008 2467.554270 2496.436919 2515.450733 2525.583974 2515.331508 2535.049447 2560.874733 2601.436425 2646.128277 2695.581555 2749.437252 2803.381024 2831.028795 2841.904481 2862.621364 2822.878348 2868.415359 2947.055787 3004.064526 3077.939686 3122.163845 3171.511884 3204.200294 3230.514128 3258.367491 3278.160767 3269.192525 3244.501839 3212.223886 3158.096266 -9999.0 -9999.0 -9999.0 -9999.0 -9999.0 -9999.0 -9999.0 -9999.0 -9999.0
-9999.0 -9999.0 1557.545337 1718.553769 1829.902817 1998.691208 2144.823975 2254.974841 2354.559634 2490.431016 2609.802907 2704.072496 2751.192983 2769.843587 2758.236329 2731.269713 2713.754528 2713.871056 2702.734613 2694.572781 2677.700312 2670.537716 2656.567738 2647.832527 2640.502740 2636.780970 2632.012004 2622.402765 2602.160007 2556.846042 2513.824512 2465.765014 2414.912849 2390.523087 2369.764540 2350.095395 2351.416756 2346.043852 2350.833688 2352.931955 2361.368341 2374.866438 2394.487991 2417.342484 2427.488257 2437.871955 2450.278168 2473.895241 2506.548767 2548.783795 2603.178807 2662.760206 2703.593137 2716.396182 2705.576389 2708.393542 2724.080838 2763.112287 2837.937337 2837.950791 2927.600964 2993.224452 3030.017836 3084.211621 3109.851708 3145.419542 3208.068641 3255.495024 3294.209789 3272.185095 -9999.0 -9999.0 -9999.0 -9999.0 -9999.0 -9999.0 -9999.0 -9999.0 -9999.0 -9999.0
-9999.0 -9999.0 -9999.0 -9999.0 1579.099989 1729.036673 1826.851428 1908.301351 2041.441371 2169.674569 2275.318267 2362.438162 2430.302817 2458.751023 2459.565125 2473.443543 2471.915105 2464.162398 2453.738307 2456.260535 2458.617521 2451.587204 2435.555360 2428.483322 2430.687746 2436.779637 2433.958651 2420.120945 2401.337525 2383.109543 2366.519632 2333.832034 2299.840864 2271.222509 2258.353226 2253.918763 2253.552029 2245.697132 2253.892906 2262.072259 2277.628002 2292.718965 2316.261861 2345.592439 2360.213449 2375.403825 2385.083145 2405.176156 2435.949936 2489.692500 2553.797597 2612.332965 2650.287680 2655.473015 2631.780312 2615.870205 2610.807057 2636.739997 2678.679706 2740.531478 2839.742229 2830.269010 2878.504387 2920.323269 2956.873746 2989.527253 3078.970704 3157.155591 -9999.0 -9999.0 -9999.0 -9999.0 -9999.0 -9999.0 -9999.0 -9999.0 -9999.0 -9999.0 -9999.0 -9999.0
-9999.0 -9999.0 -9999.0 -9999.0 -9999.0 -9999.0 1550.135239 1654.781325 1727.370559 1875.845090 2016.784948 2123.316687 2206.864958 2242.448007 2274.869313 2304.889278 2305.168213 2285.906129 2265.168551 2285.767130 2302.835670 2296.448668 2264.988611 2265.541114 2271.408122 2278.978727 2276.121810 2269.590667 2244.405172 2258.742177 2261.378153 2238.285930 2212.598842 2199.350172 2187.559005 2197.154895 2197.095173 2182.769717 2182.098094 2209.476481 2230.170445 2243.078095 2264.362618 2297.615017 2330.278957 2346.178882 2347.785241 2353.662786 2392.311464 2462.635288 2535.427460 2592.188708 2626.019507 2634.996421 2609.682828 2570.032723 2550.106522 2556.752484 2589.960144 2639.418274 2712.985149 2758.828121 2778.920231 2785.739863 2798.954404 2817.000331 -9999.0 -9999.0 -9999.0 -9999.0 -9999.0 -9999.0 -9999.0 -9999.0 -9999.0 -9999.0 -9999.0 -9999.0 -9999.0 -9999.0
-9999.0 -9999.0 -9999.0 -9999.0 -9999.0 -9999.0 -9999.0 -9999.0 -9999.0 -9999.0 -9999.0 -9999.0 -9999.0 -9999.0 -9999.0 -9999.0 -9999.0 -9999.0 -9999.0 -9999.0 -9999.0 -9999.0 -9999.0 -9999.0 -9999.0 -9999.0 -9999.0 -9999.0 -9999.0 -9999.0 -9999.0 -9999.0 -9999.0 -9999.0 -9999.0 -9999.0 -9999.0 -9999.0 -9999.0 -9999.0 -9999.0 -9999.0 -9999.0 -9999.0 -9999.0 -9999.0 -9999.0 -9999.0 -9999.0 -9999.0 -9999.0 -9999.0 -9999.0 -9999.0 -9999.0 -9999.0 -9999.0 -9999.0 -9999.0 -9999.0 -9999.0 -9999.0 -9999.0 -9999.0 -9999.0 -9999.0 -9999.0 -9999.0 -9999.0 -9999.0 -9999.0 -9999.0 -9999.0 -9999.0 -9999.0 -9999.0 -9999.0 -9999.0 -9999.0 -9999.0
-9999.0 -9999.0 -9999.0 -9999.0 -9999.0 -9999.0 -9999.0 -9999.0 -9999.0 -9999.0 -9999.0 -9999.0 -9999.0 -9999.0 -9999.0 -9999.0 -9999.0 -9999.0 -9999.0 -9999.0 -9999.0 -9999.0 -9999.0 -9999.0 -9999.0 -9999.0 -9999.0 -9999.0 -9999.0 -9999.0 -9999.0 -9999.0 -9999.0 -9999.0 -9999.0 -9999.0 -9999.0 -9999.0 -9999.0 -9999.0 -9999.0 -9999.0 -9999.0 -9999.0 -9999.0 -9999.0 -9999.0 -9999.0 -9999.0 -9999.0 -9999.0 -9999.0 -9999.0 -9999.0 -9999.0 -9999.0 -9999.0 -9999.0 -9999.0 -9999.0 -9999.0 -9999.0 -9999.0 -9999.0 -9999.0 -9999.0 -9999.0 -9999.0 -9999.0 -9999.0 -9999.0 -9999.0 -9999.0 -9999.0 -9999.0 -9999.0 -9999.0 -9999.0 -9999.0 -9999.0