Borden_/Borden1m_014/output_maps/psiliqL0020N0025.asc
ncols         80
nrows         18
xllcorner     620200.000000
yllcorner     5168000.000000
cellsize      1.000000
NODATA_value  -9999.0
-9999.0 -9999.0 -9999.0 -9999.0 -9999.0 -9999.0 -9999.0 -9999.0 -9999.0 -9999.0 -9999.0 -9999.0 -9999.0 -9999.0 -9999.0 -9999.0 -9999.0 -9999.0 -9999.0 -9999.0 -9999.0 -9999.0 -9999.0 -9999.0 -9999.0 -9999.0 -9999.0 -9999.0 -9999.0 -9999.0 -9999.0 -9999.0 -9999.0 -9999.0 -9999.0 -9999.0 -9999.0 -9999.0 -9999.0 -9999.0 -9999.0 -9999.0 -9999.0 -9999.0 -9999.0 -9999.0 -9999.0 -9999.0 -9999.0 -9999.0 -9999.0 -9999.0 -9999.0 -9999.0 -9999.0 -9999.0 -9999.0 -9999.0 -9999.0 -9999.0 -9999.0 -9999.0 -9999.0 -9999.0 -9999.0 -9999.0 -9999.0 -9999.0 -9999.0 -9999.0 -9999.0 -9999.0 -9999.0 -9999.0 -9999.0 -9999.0 -9999.0 -9999.0 -9999.0 -9999.0
-9999.0 -9999.0 -9999.0 -9999.0 -9999.0 -9999.0 -9999.0 -9999.0 -9999.0 -9999.0 -9999.0 -9999.0 -9999.0 -9999.0 -9999.0 -9999.0 -9999.0 -9999.0 -9999.0 -9999.0 -9999.0 -9999.0 -9999.0 -9999.0 -9999.0 -9999.0 -9999.0 -9999.0 -9999.0 -9999.0 -9999.0 -9999.0 -9999.0 -9999.0 -9999.0 -9999.0 -9999.0 -9999.0 -9999.0 -9999.0 -9999.0 -9999.0 -9999.0 -9999.0 -9999.0 -9999.0 -9999.0 -9999.0 -9999.0 -9999.0 -9999.0 -9999.0 -9999.0 -9999.0 -9999.0 -9999.0 -9999.0 -9999.0 -9999.0 -9999.0 -9999.0 -9999.0 -9999.0 -9999.0 -9999.0 -9999.0 -9999.0 -9999.0 -9999.0 -9999.0 -9999.0 -9999.0 -9999.0 -9999.0 -9999.0 -9999.0 -9999.0 -9999.0 -9999.0 -9999.0
-9999.0 -9999.0 -9999.0 -9999.0 -9999.0 -9999.0 -9999.0 -9999.0 -9999.0 -9999.0 -9999.0 -9999.0 -9999.0 -9999.0 -9999.0 -9999.0 -9999.0 -9999.0 -9999.0 -9999.0 2154.468449 2157.008072 2136.423932 2104.164327 2077.926384 2081.938980 2117.752836 2160.799803 2201.708328 2212.676698 2196.403417 2201.494939 2198.557520 2196.749745 2199.052414 2207.259219 2213.678963 2224.710137 2233.248100 2233.001950 2227.505971 2223.532601 2225.677151 2228.195407 2233.675173 2220.123789 2233.810604 2247.793074 2250.764607 2244.633522 2217.001239 2200.845070 2189.661003 2171.377148 2194.275312 2203.590687 2223.920223 2225.922627 2222.147464 2193.996912 2163.123689 -9999.0 -9999.0 -9999.0 -9999.0 -9999.0 -9999.0 -9999.0 -9999.0 -9999.0 -9999.0 -9999.0 -9999.0 -9999.0 -9999.0 -9999.0 -9999.0 -9999.0 -9999.0 -9999.0
-9999.0 -9999.0 -9999.0 -9999.0 -9999.0 -9999.0 -9999.0 -9999.0 -9999.0 -9999.0 -9999.0 -9999.0 -9999.0 -9999.0 2059.780476 2051.737429 2050.562008 2060.196868 2094.862002 2126.304019 2138.387578 2132.185147 2133.714338 2111.423066 2091.743459 2107.189218 2138.961045 2172.092618 2208.317902 2229.521354 2220.771673 2220.468513 2230.441854 2254.323268 2265.632445 2263.196009 2245.097739 2269.901730 2285.292882 2292.884529 2292.979060 2285.051843 2296.379157 2311.304963 2303.927657 2286.878187 2293.803244 2305.581265 2315.013145 2301.902259 2238.489415 2220.355156 2213.754994 2205.607364 2189.431533 2182.062363 2206.581785 2203.754698 2193.763735 2174.414708 2140.157508 2094.845515 2074.634753 2112.439395 2154.369919 2209.461818 -9999.0 -9999.0 -9999.0 -9999.0 -9999.0 -9999.0 -9999.0 -9999.0 -9999.0 -9999.0 -9999.0 -9999.0 -9999.0 -9999.0
-9999.0 -9999.0 -9999.0 -9999.0 -9999.0 -9999.0 -9999.0 -9999.0 -9999.0 1997.495802 2003.739913 2012.429446 2016.687891 2033.817284 2032.100468 2040.810582 2048.355271 2077.558551 2109.736785 2145.736247 2174.970144 2168.010225 2169.500571 2178.530635 2179.714989 2191.994002 2215.551858 2257.280000 2294.821980 2335.595506 2307.386631 2306.220470 2326.329530 2371.543925 2399.991307 2404.677641 2386.730585 2400.099169 2425.176332 2445.192670 2444.733608 2441.818737 2466.950503 2481.498021 2478.401350 2456.734025 2449.504665 2451.821838 2477.093569 2424.271149 2356.315297 2309.712684 2316.763052 2288.832274 2254.427953 2235.740039 2232.145045 2250.078638 2233.951507 2195.629178 2158.935059 2145.583513 2126.215092 2142.916584 2163.357654 2207.227317 2244.601302 2271.441039 2268.846965 2250.057634 -9999.0 -9999.0 -9999.0 -9999.0 -9999.0 -9999.0 -9999.0 -9999.0 -9999.0 -9999.0
-9999.0 -9999.0 -9999.0 -9999.0 -9999.0 -9999.0 1916.370947 1927.554689 1949.608755 1954.584743 1982.193160 1990.457531 2012.517224 2033.118950 2057.016066 2074.110635 2104.231387 2138.192949 2178.788829 2221.531456 2254.352822 2248.415539 2259.608385 2286.539505 2321.847440 2348.352792 2374.930728 2416.616617 2493.751692 2536.235502 2539.287118 2544.665295 2555.476558 2606.016588 2670.262634 2681.637016 2661.171304 2647.658499 2670.180672 2708.107372 2711.715169 2713.564440 2728.784200 2739.618795 2765.315814 2753.455872 2711.640971 2700.047303 2701.956520 2680.797238 2614.005109 2551.270240 2521.510863 2468.964296 2384.656570 2333.480669 2345.709841 2365.488356 2336.785542 2282.365307 2241.988659 2230.790374 2214.507871 2201.213582 2207.533410 2225.378670 2245.246647 2254.563361 2239.238835 2215.886388 2191.793172 2161.606923 2162.346228 2186.413328 -9999.0 -9999.0 -9999.0 -9999.0 -9999.0 -9999.0
-9999.0 -9999.0 -9999.0 -9999.0 1864.605324 1878.706614 1866.780242 1894.276059 1928.723280 1964.818394 1996.886733 2034.040078 2062.338317 2093.982654 2133.694938 2165.015380 2205.237149 2240.990794 2295.448642 2363.465991 2414.447321 2436.227336 2451.554849 2509.775914 2571.649414 2624.200762 2646.825224 2676.277508 2725.042571 2786.847925 2814.597496 2821.581872 2840.190342 2880.113912 2932.230560 2851.579123 2833.802883 2825.764140 2833.721287 2846.221401 2868.496446 2868.838377 2870.005479 2873.178850 2879.369918 2878.517488 2854.108059 2822.742056 2920.361409 2909.298692 2874.188479 2801.725731 2763.530647 2730.394245 2688.886248 2633.524482 2574.989488 2564.252363 2504.897797 2444.756397 2384.949628 2366.040840 2336.392805 2311.437419 2284.173926 2286.388236 2289.081652 2266.721687 2231.488899 2197.056193 2180.313477 2159.879474 2146.852029 2175.844284 2192.126602 2221.068312 -9999.0 -9999.0 -9999.0 -9999.0
-9999.0 -9999.0 1802.967407 1850.982423 1909.578126 1919.070800 1918.431607 1925.531518 1955.969651 2009.890191 2082.421694 2129.335862 2168.602482 2204.741716 2264.818639 2338.821565 2408.404136 2457.050527 2521.737454 2595.380145 2659.287739 2691.190179 2707.794674 2751.647286 2809.123926 2876.639529 2906.075693 2934.512241 2847.550145 2880.131041 2881.456195 2893.766189 2904.372312 2912.494550 2923.112941 2926.669214 2922.507884 2917.953196 2901.011462 2896.549186 2903.158562 2908.447146 2909.887806 2895.929237 2892.094146 2906.536373 2910.589089 2909.385780 2910.429048 2915.022007 2914.264452 2870.668631 2843.483359 2830.136586 2932.051440 2884.881686 2817.173530 2777.303999 2753.020595 2704.597118 2625.610843 2576.972043 2527.440653 2481.526883 2429.763848 2401.998971 2356.410957 2313.416299 2265.361181 2217.162625 2191.837907 2172.779482 2168.886237 2166.858935 2181.930893 2195.815875 2210.153830 2217.403688 -9999.0 -9999.0
-9999.0 1695.920390 1768.198441 1893.386409 1974.281581 2017.955263 2041.815747 2058.850431 2089.915784 2123.393856 2222.765312 2296.551402 2386.961566 2428.925168 2479.386496 2577.596548 2675.853257 2728.152257 2771.569530 2834.908035 2900.380615 2834.321345 2859.416917 2854.065506 2890.261147 2911.410260 2917.005843 2922.132525 2918.833273 2910.563705 2902.911279 2909.581424 2907.868857 2889.167165 2873.475065 2871.463402 2867.660979 2845.916527 2934.128569 2917.155112 2917.890914 2830.996906 2928.909354 2907.769714 2904.117080 2926.477227 2833.925976 2824.442468 2929.272854 2829.174547 2861.821331 2884.556898 2890.208104 2907.747188 2928.419859 2901.001341 2876.177866 2835.628286 2935.398323 2904.863431 2844.262244 2783.916691 2727.659333 2664.656759 2599.188478 2534.718999 2471.843607 2408.809627 2342.739269 2300.335571 2268.371804 2218.438741 2198.166835 2199.217276 2189.545379 2185.315248 2189.732276 2195.340932 -9999.0 -9999.0
-9999.0 1607.790911 1749.002633 1931.416025 2079.515288 2132.856568 2218.906486 2291.197056 2317.289964 2281.098419 2389.987978 2612.066527 2731.685042 2755.016242 2832.959397 2824.564101 2823.539895 2853.983655 2875.990768 2893.443701 2907.634642 2918.185031 2916.168877 2910.552199 2895.173752 2887.585999 2888.187558 2886.123770 2869.116987 2850.244165 2833.110203 2830.895653 2930.205922 2881.093980 2845.756957 2826.034955 2805.883781 2786.191318 2754.814431 2725.862930 2706.410173 2718.976007 2716.214652 2699.333732 2695.821807 2719.182768 2750.775713 2750.261911 2764.375493 2786.809944 2827.354388 2869.172270 2893.522170 2925.840204 2841.095625 2884.950626 2896.871783 2918.908970 2922.693605 2908.204738 2865.263289 2934.082925 2897.900467 2833.049679 2760.777712 2680.111165 2614.965984 2551.992505 2481.573707 2435.148625 2387.297026 2328.787300 2276.951887 2257.615692 2217.922671 2198.850828 -9999.0 -9999.0 -9999.0 -9999.0
-9999.0 1517.560539 1701.757930 1951.608399 2238.689997 2334.220383 2542.145745 2671.742113 2726.485216 2799.771398 2736.106165 2830.292615 2871.415089 2865.189668 2872.004829 2873.671501 2887.672555 2888.639478 2884.284569 2874.214967 2865.558876 2861.631190 2860.387969 2852.623906 2840.267837 2827.085284 2933.069680 2918.199144 2877.866139 2842.366486 2801.935303 2785.066625 2741.874575 2645.243776 2602.002924 2562.393544 2501.296821 2496.558880 2494.360565 2464.859229 2444.899816 2418.891970 2444.336074 2453.497283 2457.535479 2457.100545 2471.916129 2501.606827 2550.766791 2589.339574 2634.437948 2688.207020 2727.117597 2772.237254 2817.449506 2874.726401 2910.507159 2943.665486 2867.969295 2903.877939 2925.203273 2914.357869 2892.393845 2850.864006 2894.923733 2828.409569 2778.053802 2703.203583 2637.932929 2584.394679 2535.109105 2481.065083 2414.558600 2343.332638 2302.461763 -9999.0 -9999.0 -9999.0 -9999.0 -9999.0
-9999.0 1317.019609 1583.017201 1860.863070 2157.395607 2495.748675 2654.519804 2773.227667 2847.162959 2826.778460 2845.712801 2863.474532 2816.491605 2823.367406 2902.767442 2893.594392 2881.279407 2882.343658 2896.397375 2870.369508 2840.875106 2827.302113 2826.729458 2814.306014 2789.267755 2771.469561 2759.969529 2737.299625 2686.055285 2632.654186 2547.093481 2511.609650 2430.739817 2382.106118 2339.874292 2289.696813 2239.419398 2239.596726 2258.988266 2245.719690 2223.499290 2205.124374 2232.979939 2253.306098 2266.808474 2254.054491 2263.278172 2299.659756 2349.899460 2394.979411 2444.911939 2500.899907 2547.697700 2595.034600 2625.709481 2674.668051 2726.681880 2775.521920 2850.463012 2932.695273 2847.707018 2880.297877 2911.635880 2930.593176 2888.337219 2856.443916 2828.936687 2837.626094 2762.761059 2711.908335 2679.012103 2629.543063 2570.970243 -9999.0 -9999.0 -9999.0 -9999.0 -9999.0 -9999.0 -9999.0
-9999.0 1197.511077 1404.141026 1615.703638 1884.291994 2120.763626 2332.453733 2436.758596 2517.681516 2574.524280 2621.821494 2660.579669 2692.766394 2717.923601 2700.078419 2658.085948 2629.141208 2634.613065 2628.827814 2606.596035 2577.894277 2563.374474 2559.786843 2552.526040 2528.033449 2513.571634 2502.267663 2478.012788 2446.991281 2390.794163 2313.028112 2237.676424 2178.816866 2151.387880 2123.625649 2092.412826 2060.018122 2070.304389 2081.466971 2079.098042 2069.981286 2068.162966 2097.081072 2116.430719 2126.709509 2116.269851 2136.096023 2162.481887 2203.712924 2247.771134 2297.299997 2352.308639 2406.402915 2434.831832 2446.951937 2469.708398 2508.316260 2562.147594 2648.183072 2746.080727 2827.097727 2877.928315 2931.076914 2849.770464 2872.571339 2898.100216 2907.962837 2885.961856 2846.922569 2819.525803 2768.358580 -9999.0 -9999.0 -9999.0 -9999.0 -9999.0 -9999.0 -9999.0 -9999.0 -9999.0
-9999.0 -9999.0 1174.558011 1340.359115 1459.602508 1631.823808 1779.440785 1889.842068 1986.546391 2115.422176 2230.341454 2320.636824 2366.630821 2385.001108 2373.044695 2344.745141 2326.605006 2327.095846 2316.610504 2307.934834 2290.277482 2282.889645 2270.026519 2261.095008 2252.497610 2247.718604 2242.221442 2231.094728 2209.983750 2164.102586 2119.299352 2069.902623 2018.342150 1993.440973 1972.202621 1951.827169 1952.125356 1947.023903 1951.883322 1953.597783 1961.389037 1974.501058 1994.233524 2016.747798 2026.841860 2036.852603 2049.463125 2073.313423 2106.323587 2148.993011 2203.520422 2262.403901 2303.129512 2316.231625 2306.195724 2310.208276 2328.439988 2369.177216 2446.579562 2529.240876 2626.783718 2699.706873 2773.918444 2827.367366 2845.540164 2864.597255 2837.487963 2864.942464 2868.065430 2856.379453 -9999.0 -9999.0 -9999.0 -9999.0 -9999.0 -9999.0 -9999.0 -9999.0 -9999.0 -9999.0
-9999.0 -9999.0 -9999.0 -9999.0 1200.605753 1352.160484 1449.895741 1532.123685 1663.960014 1789.516903 1893.047446 1978.680989 2044.305000 2071.898946 2071.167045 2082.469277 2080.246058 2073.341652 2063.396160 2064.861320 2066.093268 2058.882761 2043.230874 2035.788266 2037.202271 2042.498571 2039.379113 2025.241243 2006.535482 1986.665233 1968.672172 1935.285080 1900.426342 1871.485886 1858.398549 1853.419074 1852.980348 1845.332270 1853.581873 1861.353603 1876.699454 1891.777448 1915.373847 1944.657373 1959.028648 1974.151418 1983.966156 2004.355769 2035.079926 2088.842244 2152.865028 2211.534192 2248.831991 2254.040068 2230.401330 2215.156871 2211.101105 2238.405501 2281.670821 2346.336060 2447.233076 2521.143779 2576.657420 2620.872241 2654.798432 2704.155471 2761.608827 2803.470888 -9999.0 -9999.0 -9999.0 -9999.0 -9999.0 -9999.0 -9999.0 -9999.0 -9999.0 -9999.0 -9999.0 -9999.0
-9999.0 -9999.0 -9999.0 -9999.0 -9999.0 -9999.0 1167.761947 1271.355990 1346.676352 1491.446636 1628.397863 1732.737212 1814.896034 1849.097332 1879.394307 1908.411514 1908.167600 1889.461546 1869.520488 1889.540725 1905.458486 1899.215758 1868.120952 1868.130484 1873.358852 1880.881747 1877.971531 1871.216365 1845.848995 1858.973392 1860.757309 1837.476893 1811.541116 1797.978604 1786.055605 1795.562621 1795.517596 1781.368145 1781.061413 1808.147193 1828.614665 1841.562089 1863.015562 1896.260953 1928.839983 1944.546116 1946.148817 1952.215971 1991.516180 2061.892199 2134.388440 2190.865866 2224.438742 2233.361385 2207.507760 2168.182418 2148.546034 2155.892355 2190.361709 2241.773998 2316.767406 2365.115770 2388.768444 2399.776013 2416.594976 2509.919464 -9999.0 -9999.0 -9999.0 -9999.0 -9999.0 -9999.0 -9999.0 -9999.0 -9999.0 -9999.0 -9999.0 -9999.0 -9999.0 -9999.0
-9999.0 -9999.0 -9999.0 -9999.0 -9999.0 -9999.0 -9999.0 -9999.0 -9999.0 -9999.0 -9999.0 -9999.0 -9999.0 -9999.0 -9999.0 -9999.0 -9999.0 -9999.0 -9999.0 -9999.0 -9999.0 -9999.0 -9999.0 -9999.0 -9999.0 -9999.0 -9999.0 -9999.0 -9999.0 -9999.0 -9999.0 -9999.0 -9999.0 -9999.0 -9999.0 -9999.0 -9999.0 -9999.0 -9999.0 -9999.0 -9999.0 -9999.0 -9999.0 -9999.0 -9999.0 -9999.0 -9999.0 -9999.0 -9999.0 -9999.0 -9999.0 -9999.0 -9999.0 -9999.0 -9999.0 -9999.0 -9999.0 -9999.0 -9999.0 -9999.0 -9999.0 -9999.0 -9999.0 -9999.0 -9999.0 -9999.0 -9999.0 -9999.0 -9999.0 -9999.0 -9999.0 -9999.0 -9999.0 -9999.0 -9999.0 -9999.0 -9999.0 -9999.0 -9999.0 -9999.0
-9999.0 -9999.0 -9999.0 -9999.0 -9999.0 -9999.0 -9999.0 -9999.0 -9999.0 -9999.0 -9999.0 -9999.0 -9999.0 -9999.0 -9999.0 -9999.0 -9999.0 -9999.0 -9999.0 -9999.0 -9999.0 -9999.0 -9999.0 -9999.0 -9999.0 -9999.0 -9999.0 -9999.0 -9999.0 -9999.0 -9999.0 -9999.0 -9999.0 -9999.0 -9999.0 -9999.0 -9999.0 -9999.0 -9999.0 -9999.0 -9999.0 -9999.0 -9999.0 -9999.0 -9999.0 -9999.0 -9999.0 -9999.0 -9999.0 -9999.0 -9999.0 -9999.0 -9999.0 -9999.0 -9999.0 -9999.0 -9999.0 -9999.0 -9999.0 -9999.0 -9999.0 -9999.0 -9999.0 -9999.0 -9999.0 -9999.0 -9999.0 -9999.0 -9999.0 -9999.0 -9999.0 -9999.0 -9999.0 -9999.0 -9999.0 -9999.0 -9999.0 -9999.0 -9999.0 -9999.0