Borden_/Borden1m_014/output_maps/psiliqL0025N0034.asc
ncols         80
nrows         18
xllcorner     620200.000000
yllcorner     5168000.000000
cellsize      1.000000
NODATA_value  -9999.0
-9999.0 -9999.0 -9999.0 -9999.0 -9999.0 -9999.0 -9999.0 -9999.0 -9999.0 -9999.0 -9999.0 -9999.0 -9999.0 -9999.0 -9999.0 -9999.0 -9999.0 -9999.0 -9999.0 -9999.0 -9999.0 -9999.0 -9999.0 -9999.0 -9999.0 -9999.0 -9999.0 -9999.0 -9999.0 -9999.0 -9999.0 -9999.0 -9999.0 -9999.0 -9999.0 -9999.0 -9999.0 -9999.0 -9999.0 -9999.0 -9999.0 -9999.0 -9999.0 -9999.0 -9999.0 -9999.0 -9999.0 -9999.0 -9999.0 -9999.0 -9999.0 -9999.0 -9999.0 -9999.0 -9999.0 -9999.0 -9999.0 -9999.0 -9999.0 -9999.0 -9999.0 -9999.0 -9999.0 -9999.0 -9999.0 -9999.0 -9999.0 -9999.0 -9999.0 -9999.0 -9999.0 -9999.0 -9999.0 -9999.0 -9999.0 -9999.0 -9999.0 -9999.0 -9999.0 -9999.0
-9999.0 -9999.0 -9999.0 -9999.0 -9999.0 -9999.0 -9999.0 -9999.0 -9999.0 -9999.0 -9999.0 -9999.0 -9999.0 -9999.0 -9999.0 -9999.0 -9999.0 -9999.0 -9999.0 -9999.0 -9999.0 -9999.0 -9999.0 -9999.0 -9999.0 -9999.0 -9999.0 -9999.0 -9999.0 -9999.0 -9999.0 -9999.0 -9999.0 -9999.0 -9999.0 -9999.0 -9999.0 -9999.0 -9999.0 -9999.0 -9999.0 -9999.0 -9999.0 -9999.0 -9999.0 -9999.0 -9999.0 -9999.0 -9999.0 -9999.0 -9999.0 -9999.0 -9999.0 -9999.0 -9999.0 -9999.0 -9999.0 -9999.0 -9999.0 -9999.0 -9999.0 -9999.0 -9999.0 -9999.0 -9999.0 -9999.0 -9999.0 -9999.0 -9999.0 -9999.0 -9999.0 -9999.0 -9999.0 -9999.0 -9999.0 -9999.0 -9999.0 -9999.0 -9999.0 -9999.0
-9999.0 -9999.0 -9999.0 -9999.0 -9999.0 -9999.0 -9999.0 -9999.0 -9999.0 -9999.0 -9999.0 -9999.0 -9999.0 -9999.0 -9999.0 -9999.0 -9999.0 -9999.0 -9999.0 -9999.0 3126.478631 3127.516910 3105.729206 3071.544512 3043.177580 3044.835620 3077.624597 3117.982747 3156.433286 3163.729230 3144.509057 3147.998986 3143.349514 3138.839921 3139.016675 3146.523492 3152.893679 3162.495964 3169.379674 3167.060132 3159.682273 3154.567935 3156.881599 3158.530119 3164.719340 3150.582618 3166.444370 3180.073972 3184.956288 3182.345702 3161.031404 3149.091088 3141.281741 3125.966511 3152.595967 3164.480123 3186.615339 3191.491127 3189.862114 3164.568692 3134.699201 -9999.0 -9999.0 -9999.0 -9999.0 -9999.0 -9999.0 -9999.0 -9999.0 -9999.0 -9999.0 -9999.0 -9999.0 -9999.0 -9999.0 -9999.0 -9999.0 -9999.0 -9999.0 -9999.0
-9999.0 -9999.0 -9999.0 -9999.0 -9999.0 -9999.0 -9999.0 -9999.0 -9999.0 -9999.0 -9999.0 -9999.0 -9999.0 -9999.0 3036.558895 3027.621318 3024.546876 3031.654348 3063.911326 3093.897763 3105.478553 3097.824158 3097.417343 3072.502272 3049.510473 3061.841293 3090.805588 3120.759074 3153.657358 3170.708783 3159.328012 3156.455834 3163.243151 3180.236544 3188.122008 3184.338983 3169.253893 3190.398576 3203.433846 3207.794023 3205.646477 3195.718056 3204.537387 3218.498241 3211.443521 3196.229387 3207.005180 3221.968055 3233.073508 3225.022939 3169.857806 3157.817218 3155.038245 3151.323936 3138.717307 3135.203667 3163.744838 3163.720302 3156.851125 3140.065859 3107.208541 3062.343238 3043.882747 3084.776748 3128.828810 3184.620500 -9999.0 -9999.0 -9999.0 -9999.0 -9999.0 -9999.0 -9999.0 -9999.0 -9999.0 -9999.0 -9999.0 -9999.0 -9999.0 -9999.0
-9999.0 -9999.0 -9999.0 -9999.0 -9999.0 -9999.0 -9999.0 -9999.0 -9999.0 2983.696332 2985.208573 2991.879078 2993.963491 3008.819109 3005.398714 3011.983485 3015.789677 3042.525143 3071.587758 3104.655579 3131.181342 3121.568461 3119.839465 3123.612635 3118.089445 3125.613703 3145.443304 3179.194057 3210.098955 3244.941815 3211.232048 3206.067719 3223.224189 3264.299086 3287.438602 3289.337522 3270.630440 3286.658894 3309.919309 3325.574026 3321.934769 3315.911218 3341.562394 3356.574746 3350.831644 3329.566398 3327.998527 3335.393340 3364.650533 3314.501834 3249.379423 3211.189288 3227.122022 3206.320714 3180.574730 3172.167224 3173.210876 3192.145365 3180.925367 3149.299565 3116.540182 3105.439563 3089.172259 3110.516322 3134.262397 3180.113504 3220.357014 3250.514098 3250.385721 3233.414659 -9999.0 -9999.0 -9999.0 -9999.0 -9999.0 -9999.0 -9999.0 -9999.0 -9999.0 -9999.0
-9999.0 -9999.0 -9999.0 -9999.0 -9999.0 -9999.0 2904.706144 2915.311494 2936.220015 2939.088905 2965.618589 2970.928421 2983.607060 3000.314896 3021.473823 3033.868132 3058.444163 3087.756898 3123.169955 3160.271370 3185.137405 3175.485936 3177.998354 3197.112632 3223.631247 3242.301938 3264.285994 3301.283758 3372.351508 3408.234681 3401.102162 3401.782168 3409.859411 3459.827667 3523.510549 3534.499157 3513.899429 3500.756773 3524.046285 3561.175785 3559.461826 3558.269339 3571.043420 3581.729521 3608.481332 3597.812198 3562.061409 3556.465056 3562.876953 3540.738555 3472.682112 3415.782528 3396.946527 3351.370133 3269.101576 3226.527407 3249.976467 3277.955708 3256.695135 3207.969257 3178.244343 3173.230587 3162.640538 3156.079947 3168.850187 3190.896777 3215.428354 3229.742623 3218.362440 3198.002368 3177.206268 3149.262406 3152.040205 3177.144437 -9999.0 -9999.0 -9999.0 -9999.0 -9999.0 -9999.0
-9999.0 -9999.0 -9999.0 -9999.0 2854.863060 2867.840442 2853.342475 2879.591261 2911.743481 2945.451846 2972.999007 2997.648410 3020.054445 3046.103654 3078.681828 3100.469061 3132.107767 3161.060804 3205.098420 3265.546372 3309.205520 3322.375401 3330.422634 3380.525307 3436.360193 3483.163788 3501.592159 3527.136054 3572.228622 3628.409157 3650.625502 3653.463760 3670.338150 3713.090041 3768.778913 3803.709777 3786.154804 3777.225468 3787.069888 3801.156101 3823.291179 3823.366561 3824.477242 3828.500325 3836.000282 3834.342587 3808.000227 3774.698698 3761.808187 3751.827530 3714.384076 3642.750292 3612.426579 3583.875152 3542.276756 3488.671993 3441.015840 3441.838929 3387.840325 3333.998627 3284.341197 3276.458899 3256.486136 3240.900942 3223.746886 3236.171371 3248.326498 3233.643873 3204.216523 3176.083046 3163.317767 3145.950915 3134.905648 3166.173748 3183.864957 3213.544510 -9999.0 -9999.0 -9999.0 -9999.0
-9999.0 -9999.0 2795.660713 2841.114138 2898.164265 2904.433474 2898.278202 2901.397535 2927.975871 2977.333450 3031.637061 3067.988083 3096.479530 3125.870867 3173.407059 3234.996957 3294.306567 3336.110591 3392.787480 3461.344913 3519.976607 3546.635619 3555.459881 3590.644186 3644.887182 3713.310571 3741.084703 3767.346101 3798.831518 3834.932131 3827.814359 3838.650448 3850.851528 3863.086872 3877.566554 3884.434911 3879.652485 3875.069041 3856.557729 3851.465437 3857.967078 3865.818930 3864.946358 3850.339972 3846.373061 3861.299117 3867.415619 3865.411895 3862.721615 3867.726938 3863.640765 3815.823861 3797.272221 3782.202347 3770.774520 3724.875580 3658.541972 3626.061065 3604.935271 3564.422533 3491.429795 3453.879837 3414.698719 3380.150735 3343.204094 3329.934964 3297.646390 3265.775979 3227.358850 3186.938793 3168.984080 3154.760093 3154.511930 3155.303976 3173.122014 3188.636866 3204.665662 3212.776332 -9999.0 -9999.0
-9999.0 2692.411575 2764.037602 2878.788223 2956.256457 2988.923027 2997.702155 3000.835733 3025.005407 3055.668932 3141.736191 3190.060706 3272.021507 3308.283454 3348.407981 3437.333628 3530.611887 3573.331398 3611.651099 3674.420626 3739.433494 3786.176887 3812.330176 3792.972312 3831.945633 3860.482036 3868.211662 3874.942025 3874.675090 3866.190391 3859.585931 3866.295705 3863.379443 3844.290328 3828.302190 3826.583605 3823.201402 3799.965290 3772.508795 3757.137001 3758.623886 3783.478789 3770.432147 3749.098156 3744.698352 3766.296057 3787.501665 3776.866065 3763.756507 3780.297485 3814.772385 3839.384803 3841.010963 3859.408677 3880.492215 3851.662430 3829.962048 3786.403443 3769.599938 3744.272090 3687.737106 3633.015679 3585.161895 3536.879601 3484.683282 3435.751327 3388.388392 3341.746617 3288.712751 3256.174001 3232.055429 3189.409396 3177.432999 3183.319708 3178.886685 3177.477675 3183.983028 3190.626601 -9999.0 -9999.0
-9999.0 2597.042575 2736.600362 2906.828436 3045.357417 3085.356484 3147.745864 3201.300360 3214.368204 3162.506414 3259.606921 3474.305371 3593.495669 3610.194837 3684.706032 3778.525374 3763.111687 3794.088766 3816.921885 3841.454366 3861.200868 3875.063100 3873.223889 3867.927889 3851.518414 3843.531859 3842.673241 3840.592125 3823.284653 3804.410702 3787.669426 3784.606174 3766.843062 3717.948253 3684.954487 3667.732293 3649.233264 3635.685367 3608.331759 3582.514943 3566.362639 3577.101618 3575.003480 3561.385674 3556.962142 3575.155652 3605.980943 3603.711188 3614.997287 3634.488493 3669.862778 3707.700510 3726.866361 3755.798798 3791.254649 3838.764143 3847.874364 3870.211421 3873.258906 3862.303577 3816.133009 3764.913246 3735.672523 3680.627286 3621.180308 3559.653755 3511.085693 3466.617826 3411.773310 3377.819899 3338.967652 3285.709620 3242.739178 3234.757099 3201.495486 3188.356591 -9999.0 -9999.0 -9999.0 -9999.0
-9999.0 2496.192538 2676.329712 2907.713180 3194.248466 3266.053423 3465.058137 3577.993522 3616.506874 3682.836734 3569.673363 3770.640103 3821.702222 3816.255065 3830.375474 3833.302113 3847.385398 3846.843290 3841.774353 3830.831763 3821.344441 3816.850364 3815.759421 3807.865558 3795.285386 3780.718948 3768.885473 3757.570485 3721.185477 3689.474389 3650.794443 3638.476229 3594.709179 3503.568348 3465.027562 3427.093620 3367.128801 3369.436928 3376.307181 3352.950518 3333.623513 3306.154357 3335.190465 3345.428890 3349.415986 3345.302058 3355.198972 3382.627379 3429.691621 3463.624782 3502.261044 3549.790079 3579.835364 3618.724492 3658.463709 3710.486367 3741.348989 3770.062797 3818.508137 3855.405234 3878.033179 3864.258972 3845.302354 3801.127892 3741.171484 3692.032270 3663.364125 3613.312682 3570.074579 3526.657096 3480.433343 3427.920174 3366.958540 3313.434249 3279.597865 -9999.0 -9999.0 -9999.0 -9999.0 -9999.0
-9999.0 2275.914724 2540.004781 2797.873805 3068.709859 3406.029592 3572.407157 3667.066386 3729.483582 3710.312382 3731.680726 3738.503833 3775.337396 3782.284733 3760.839652 3747.260241 3730.014683 3728.926051 3741.956149 3714.806768 3684.807145 3671.602831 3672.476887 3661.781845 3638.117635 3623.252488 3613.974475 3595.733638 3552.942265 3503.329682 3420.237166 3386.817049 3309.710679 3270.776484 3234.636910 3188.394534 3146.906551 3152.477631 3174.517241 3167.890838 3147.441410 3130.604505 3159.787036 3177.926192 3190.943239 3174.960085 3181.524595 3215.522132 3261.509905 3301.360771 3344.723512 3391.725665 3432.968419 3471.942326 3492.997000 3532.426829 3574.097435 3615.325166 3684.943100 3762.553698 3797.977042 3832.275320 3861.490811 3883.234507 3840.583423 3814.015002 3790.549314 3767.412150 3721.580641 3676.427913 3635.908172 3571.883424 3512.415261 -9999.0 -9999.0 -9999.0 -9999.0 -9999.0 -9999.0 -9999.0
-9999.0 2162.828882 2357.608000 2551.335360 2790.029880 3012.906074 3229.296892 3319.459878 3388.514289 3456.414314 3508.411869 3545.326372 3571.014016 3592.332589 3569.691263 3524.301031 3492.408588 3497.305744 3488.789808 3467.780336 3440.275018 3427.494977 3425.104055 3420.445476 3399.380762 3389.233504 3382.629712 3365.326039 3340.133243 3288.165059 3217.436248 3148.137914 3095.152600 3075.757724 3053.536252 3027.099558 3000.663973 3014.222712 3027.118411 3027.345628 3020.951196 3021.207897 3050.246531 3069.881371 3079.329794 3068.369629 3086.420551 3109.429672 3146.138418 3182.957927 3227.010599 3276.424391 3324.202961 3344.075200 3346.211398 3357.827787 3384.786849 3427.711152 3503.565804 3588.929074 3665.538533 3710.544223 3760.949116 3800.543111 3828.253006 3853.861815 3875.675097 3868.291717 3842.720563 3809.611277 3751.427776 -9999.0 -9999.0 -9999.0 -9999.0 -9999.0 -9999.0 -9999.0 -9999.0 -9999.0
-9999.0 -9999.0 2131.515793 2285.325008 2384.697662 2548.357866 2693.024461 2803.143741 2875.746728 3003.078519 3122.905488 3212.200789 3257.794097 3273.091935 3259.167126 3230.601288 3213.275661 3212.948163 3201.467634 3195.146857 3180.855013 3175.819180 3167.412616 3160.368881 3156.446721 3156.078428 3154.255825 3146.707975 3130.567884 3089.913757 3053.445828 3010.002827 2974.163096 2952.789431 2934.818456 2917.977160 2922.132639 2917.542317 2923.266162 2926.374779 2936.107004 2950.372768 2969.784500 2986.094312 2995.609514 3005.594826 3016.306850 3037.683449 3067.269603 3106.885754 3157.702450 3210.215002 3245.435755 3251.844986 3233.667657 3228.500543 3236.481488 3265.114424 3328.115800 3396.295502 3485.049418 3549.898503 3616.378463 3671.880823 3698.274330 3734.645200 3804.247749 3852.228603 3893.924112 3871.565143 -9999.0 -9999.0 -9999.0 -9999.0 -9999.0 -9999.0 -9999.0 -9999.0 -9999.0 -9999.0
-9999.0 -9999.0 -9999.0 -9999.0 2146.038148 2293.535003 2391.294496 2471.714653 2606.541755 2738.766371 2813.921430 2900.196148 2968.718810 2982.085819 2982.281433 2998.559393 2997.555956 2988.601308 2977.922656 2982.783233 2987.748401 2982.083587 2978.912529 2973.141380 2977.466532 2985.948123 2985.015648 2973.213451 2956.396344 2943.033054 2930.968040 2901.421284 2870.503320 2844.465893 2833.627464 2831.481265 2832.421195 2825.238365 2834.115391 2843.240744 2859.430607 2874.711610 2898.249980 2927.760746 2942.442225 2957.108575 2965.683109 2984.114962 3006.813898 3057.804420 3119.053993 3174.995114 3207.023464 3207.037900 3179.836731 3158.050945 3145.624773 3163.041916 3189.684892 3240.266963 3328.972600 3390.199488 3435.469330 3474.206708 3510.401144 3574.903854 3668.586523 3749.386866 -9999.0 -9999.0 -9999.0 -9999.0 -9999.0 -9999.0 -9999.0 -9999.0 -9999.0 -9999.0 -9999.0 -9999.0
-9999.0 -9999.0 -9999.0 -9999.0 -9999.0 -9999.0 2122.557418 2228.670126 2297.092203 2451.132743 2597.747555 2707.730505 2793.329775 2830.745757 2827.380117 2857.496197 2858.171897 2838.078659 2816.400662 2838.279783 2857.561219 2851.378830 2819.524293 2821.482729 2829.214816 2838.027526 2836.678845 2832.167409 2809.233471 2827.561897 2833.674544 2812.917368 2789.681466 2799.657767 2788.236125 2798.030828 2797.996687 2783.445133 2782.284229 2794.575751 2815.734209 2828.726999 2849.782513 2882.973705 2915.428437 2931.028417 2931.803858 2936.347411 2972.766896 3035.290791 3105.700147 3160.211898 3189.549675 3193.933350 3164.422383 3119.526367 3093.289823 3092.109159 3116.289238 3155.553653 3213.473960 3249.331690 3260.264312 3261.213188 3273.231296 3371.478736 -9999.0 -9999.0 -9999.0 -9999.0 -9999.0 -9999.0 -9999.0 -9999.0 -9999.0 -9999.0 -9999.0 -9999.0 -9999.0 -9999.0
-9999.0 -9999.0 -9999.0 -9999.0 -9999.0 -9999.0 -9999.0 -9999.0 -9999.0 -9999.0 -9999.0 -9999.0 -9999.0 -9999.0 -9999.0 -9999.0 -9999.0 -9999.0 -9999.0 -9999.0 -9999.0 -9999.0 -9999.0 -9999.0 -9999.0 -9999.0 -9999.0 -9999.0 -9999.0 -9999.0 -9999.0 -9999.0 -9999.0 -9999.0 -9999.0 -9999.0 -9999.0 -9999.0 -9999.0 -9999.0 -9999.0 -9999.0 -9999.0 -9999.0 -9999.0 -9999.0 -9999.0 -9999.0 -9999.0 -9999.0 -9999.0 -9999.0 -9999.0 -9999.0 -9999.0 -9999.0 -9999.0 -9999.0 -9999.0 -9999.0 -9999.0 -9999.0 -9999.0 -9999.0 -9999.0 -9999.0 -9999.0 -9999.0 -9999.0 -9999.0 -9999.0 -9999.0 -9999.0 -9999.0 -9999.0 -9999.0 -9999.0 -9999.0 -9999.0 -9999.0
-9999.0 -9999.0 -9999.0 -9999.0 -9999.0 -9999.0 -9999.0 -9999.0 -9999.0 -9999.0 -9999.0 -9999.0 -9999.0 -9999.0 -9999.0 -9999.0 -9999.0 -9999.0 -9999.0 -9999.0 -9999.0 -9999.0 -9999.0 -9999.0 -9999.0 -9999.0 -9999.0 -9999.0 -9999.0 -9999.0 -9999.0 -9999.0 -9999.0 -9999.0 -9999.0 -9999.0 -9999.0 -9999.0 -9999.0 -9999.0 -9999.0 -9999.0 -9999.0 -9999.0 -9999.0 -9999.0 -9999.0 -9999.0 -9999.0 -9999.0 -9999.0 -9999.0 -9999.0 -9999.0 -9999.0 -9999.0 -9999.0 -9999.0 -9999.0 -9999.0 -9999.0 -9999.0 -9999.0 -9999.0 -9999.0 -9999.0 -9999.0 -9999.0 -9999.0 -9999.0 -9999.0 -9999.0 -9999.0 -9999.0 -9999.0 -9999.0 -9999.0 -9999.0 -9999.0 -9999.0