Borden_/Borden1m_014/output_maps/psiliqL0023N0011.asc
ncols         80
nrows         18
xllcorner     620200.000000
yllcorner     5168000.000000
cellsize      1.000000
NODATA_value  -9999.0
-9999.0 -9999.0 -9999.0 -9999.0 -9999.0 -9999.0 -9999.0 -9999.0 -9999.0 -9999.0 -9999.0 -9999.0 -9999.0 -9999.0 -9999.0 -9999.0 -9999.0 -9999.0 -9999.0 -9999.0 -9999.0 -9999.0 -9999.0 -9999.0 -9999.0 -9999.0 -9999.0 -9999.0 -9999.0 -9999.0 -9999.0 -9999.0 -9999.0 -9999.0 -9999.0 -9999.0 -9999.0 -9999.0 -9999.0 -9999.0 -9999.0 -9999.0 -9999.0 -9999.0 -9999.0 -9999.0 -9999.0 -9999.0 -9999.0 -9999.0 -9999.0 -9999.0 -9999.0 -9999.0 -9999.0 -9999.0 -9999.0 -9999.0 -9999.0 -9999.0 -9999.0 -9999.0 -9999.0 -9999.0 -9999.0 -9999.0 -9999.0 -9999.0 -9999.0 -9999.0 -9999.0 -9999.0 -9999.0 -9999.0 -9999.0 -9999.0 -9999.0 -9999.0 -9999.0 -9999.0
-9999.0 -9999.0 -9999.0 -9999.0 -9999.0 -9999.0 -9999.0 -9999.0 -9999.0 -9999.0 -9999.0 -9999.0 -9999.0 -9999.0 -9999.0 -9999.0 -9999.0 -9999.0 -9999.0 -9999.0 -9999.0 -9999.0 -9999.0 -9999.0 -9999.0 -9999.0 -9999.0 -9999.0 -9999.0 -9999.0 -9999.0 -9999.0 -9999.0 -9999.0 -9999.0 -9999.0 -9999.0 -9999.0 -9999.0 -9999.0 -9999.0 -9999.0 -9999.0 -9999.0 -9999.0 -9999.0 -9999.0 -9999.0 -9999.0 -9999.0 -9999.0 -9999.0 -9999.0 -9999.0 -9999.0 -9999.0 -9999.0 -9999.0 -9999.0 -9999.0 -9999.0 -9999.0 -9999.0 -9999.0 -9999.0 -9999.0 -9999.0 -9999.0 -9999.0 -9999.0 -9999.0 -9999.0 -9999.0 -9999.0 -9999.0 -9999.0 -9999.0 -9999.0 -9999.0 -9999.0
-9999.0 -9999.0 -9999.0 -9999.0 -9999.0 -9999.0 -9999.0 -9999.0 -9999.0 -9999.0 -9999.0 -9999.0 -9999.0 -9999.0 -9999.0 -9999.0 -9999.0 -9999.0 -9999.0 -9999.0 2753.685310 2756.046478 2735.840012 2703.867335 2678.095824 2682.543940 2718.142295 2760.605690 2800.816549 2810.379831 2793.491225 2799.426536 2797.995730 2797.225929 2801.772837 2812.958692 2822.839110 2833.845034 2842.120265 2840.764903 2833.825829 2828.628734 2830.306240 2831.937091 2837.777259 2824.084235 2839.404809 2786.086013 2790.762618 2787.781194 2823.261521 2806.540326 2794.163452 2774.888520 2797.630623 2806.518175 2789.515036 2794.028216 2792.371007 2794.292835 2763.414912 -9999.0 -9999.0 -9999.0 -9999.0 -9999.0 -9999.0 -9999.0 -9999.0 -9999.0 -9999.0 -9999.0 -9999.0 -9999.0 -9999.0 -9999.0 -9999.0 -9999.0 -9999.0 -9999.0
-9999.0 -9999.0 -9999.0 -9999.0 -9999.0 -9999.0 -9999.0 -9999.0 -9999.0 -9999.0 -9999.0 -9999.0 -9999.0 -9999.0 2658.070803 2650.269063 2649.200010 2658.826362 2693.629603 2725.566228 2737.738244 2731.923243 2733.639025 2711.568903 2692.169298 2708.183315 2740.207122 2771.463785 2806.090398 2825.359234 2816.086898 2816.170397 2827.034505 2787.398707 2796.107280 2792.840368 2852.918556 2798.700257 2812.011628 2817.054217 2815.142554 2805.443547 2814.887348 2829.076542 2822.074987 2806.630974 2816.522626 2830.764829 2842.001145 2833.093217 2843.607609 2825.186104 2817.092971 2808.631249 2792.064701 2785.532806 2810.229639 2805.293538 2794.835519 2775.676268 2741.155599 2695.521382 2674.736053 2712.570627 2754.241685 2786.751813 -9999.0 -9999.0 -9999.0 -9999.0 -9999.0 -9999.0 -9999.0 -9999.0 -9999.0 -9999.0 -9999.0 -9999.0 -9999.0 -9999.0
-9999.0 -9999.0 -9999.0 -9999.0 -9999.0 -9999.0 -9999.0 -9999.0 -9999.0 2597.289181 2603.615671 2612.037784 2616.179067 2632.981684 2630.727485 2639.398751 2646.383151 2676.037323 2708.352782 2744.728179 2773.437866 2768.071232 2768.423606 2776.542674 2776.928840 2789.970666 2814.122352 2788.261707 2820.106341 2855.703826 2822.829338 2818.209380 2835.773320 2877.804787 2902.778802 2905.725385 2887.514005 2902.091897 2925.598963 2942.241356 2938.996294 2933.478093 2958.581661 2973.225169 2968.785086 2948.043904 2944.975636 2951.205792 2979.651994 2929.434317 2864.520694 2824.311849 2838.298863 2816.347571 2788.879387 2838.829124 2834.954317 2797.830826 2785.896854 2796.530732 2761.432571 2747.198570 2727.056950 2743.981837 2764.312216 2782.199013 2822.042959 2851.885755 2851.705064 2834.638767 -9999.0 -9999.0 -9999.0 -9999.0 -9999.0 -9999.0 -9999.0 -9999.0 -9999.0 -9999.0
-9999.0 -9999.0 -9999.0 -9999.0 -9999.0 -9999.0 2516.998091 2528.552524 2550.783787 2554.991435 2582.825265 2590.051327 2611.654483 2631.632532 2655.498781 2671.915300 2701.226063 2734.996097 2774.155714 2816.643467 2793.231863 2844.239617 2787.926196 2808.504244 2837.095083 2857.595767 2880.057581 2917.070632 2980.631904 3016.563175 3011.441244 3012.521424 3020.656892 3070.113779 3133.550832 3145.152518 3124.686671 3111.263885 3133.705113 3170.161357 3169.336703 3168.240255 3179.666534 3189.965810 3216.580110 3206.550113 3171.377911 3164.634556 3169.744406 3149.141003 3083.061428 3025.765847 3005.214710 2967.912352 2886.525036 2842.186533 2862.446486 2888.477328 2865.978274 2817.029458 2842.561339 2831.331135 2814.404970 2801.414501 2808.647773 2793.537807 2817.628613 2831.418645 2819.781303 2799.372858 2792.820150 2762.458207 2762.907237 2786.573967 -9999.0 -9999.0 -9999.0 -9999.0 -9999.0 -9999.0
-9999.0 -9999.0 -9999.0 -9999.0 2465.396330 2479.859037 2467.531129 2495.657237 2530.194064 2566.226417 2596.718440 2633.110966 2660.458065 2691.201093 2728.155335 2756.831387 2795.428862 2830.319922 2817.233285 2878.665420 2923.344043 2938.346310 2947.075275 2989.978839 3045.822428 3092.990007 3111.278859 3136.377851 3179.412286 3235.126325 3257.564749 3260.794204 3277.600395 3318.757355 3372.636896 3407.012425 3389.754473 3381.138228 3390.173472 3403.556702 3425.671816 3425.775019 3426.860555 3430.492129 3437.458457 3436.158563 3410.626908 3377.705971 3364.989576 3355.396526 3319.865620 3249.432980 3218.301431 3190.659482 3152.233949 3099.804912 3049.835019 3048.481523 2995.245912 2949.416924 2898.062883 2887.826645 2866.148335 2849.075714 2830.212812 2840.857227 2851.616849 2836.101970 2806.383160 2799.392298 2782.766454 2761.718632 2747.706918 2776.364187 2784.427688 2814.192528 -9999.0 -9999.0 -9999.0 -9999.0
-9999.0 -9999.0 2402.964735 2450.612412 2509.973281 2519.585212 2517.932937 2524.916034 2555.357656 2608.927575 2679.476999 2722.392513 2758.403681 2793.703326 2786.967214 2850.783189 2911.585841 2953.722866 3002.528436 3070.176176 3128.480349 3155.435041 3164.707313 3198.782356 3251.991063 3318.432275 3345.473680 3371.136126 3401.665262 3436.593111 3432.707346 3444.047213 3455.541858 3466.068388 3478.966636 3484.987309 3480.506553 3475.990748 3457.659128 3452.849013 3459.407048 3466.696742 3466.242995 3451.866507 3447.915898 3462.602315 3468.329842 3466.587938 3464.371948 3469.737680 3467.060881 3421.080731 3399.298980 3384.743293 3374.232022 3329.168873 3263.951348 3230.786119 3210.624234 3171.760747 3099.414421 3060.578989 3020.829971 2985.485265 2953.230773 2937.561522 2903.409299 2870.376025 2830.955122 2789.845809 2795.303354 2775.702161 2771.044081 2767.537331 2782.455173 2789.108449 2804.999318 2813.058496 -9999.0 -9999.0
-9999.0 2293.830520 2366.032933 2490.887917 2572.395773 2616.792641 2636.841248 2649.567151 2681.131122 2718.868205 2813.529530 2810.587975 2892.751233 2928.227100 2969.256927 3050.409728 3141.828764 3182.989293 3219.980935 3280.478262 3343.641664 3389.487718 3415.192989 3401.012745 3438.473608 3463.738181 3470.388842 3476.325040 3475.241167 3466.838902 3459.896326 3466.734885 3463.993933 3445.267617 3429.623668 3428.038583 3424.738539 3401.821116 3374.641990 3359.644423 3361.495786 3385.923513 3373.192811 3352.017892 3347.681660 3369.032469 3389.608525 3379.186147 3366.216193 3382.616494 3416.622581 3440.265009 3443.344244 3461.330477 3482.317097 3454.143879 3431.356689 3388.759938 3372.314685 3347.263914 3291.703006 3237.121174 3189.732719 3141.860899 3089.372065 3039.516958 2991.958204 2949.725536 2895.393479 2861.899233 2836.861184 2792.962840 2800.840079 2784.675367 2789.821445 2785.557037 2784.328338 2790.910259 -9999.0 -9999.0
-9999.0 2201.450129 2342.128468 2523.952652 2673.716969 2726.547186 2805.402852 2821.751438 2836.776546 2859.435936 2886.352473 3091.585379 3204.482287 3219.576482 3291.929578 3382.816574 3372.734040 3402.825100 3424.753556 3445.990234 3463.151733 3475.864443 3473.727616 3468.100526 3451.937837 3444.008509 3443.216159 3441.221003 3424.205936 3405.594787 3389.051665 3386.266800 3369.054180 3321.728764 3289.324153 3272.768339 3255.579603 3241.640300 3213.880513 3188.462511 3173.597400 3184.902984 3181.876160 3168.208261 3163.770877 3181.829594 3212.556841 3209.428984 3219.425932 3238.639507 3273.885775 3310.931964 3329.884471 3358.405281 3393.460777 3439.754677 3449.776126 3471.863723 3475.213896 3462.936162 3417.748136 3367.317585 3338.416283 3284.034542 3224.715322 3163.784925 3115.625064 3071.286685 3016.786822 2982.421153 2946.325886 2892.372538 2847.611072 2837.245334 2803.164992 2788.994032 -9999.0 -9999.0 -9999.0 -9999.0
-9999.0 2104.910809 2287.241014 2533.105150 2804.858892 2882.377012 3076.196897 3187.866513 3226.855184 3291.567412 3193.789746 3381.650658 3428.418614 3421.862952 3431.982437 3434.250828 3447.849907 3447.551934 3442.503380 3431.736669 3422.492031 3418.185687 3417.016796 3409.170128 3396.699222 3382.258354 3370.611614 3359.587865 3323.830062 3292.651253 3255.304406 3243.374746 3201.584239 3112.054675 3073.535685 3036.855335 2978.742519 2980.249764 2985.151161 2969.365906 2950.548532 2924.469672 2952.057061 2961.106096 2964.663829 2961.627061 2972.519087 2990.592549 3036.137736 3069.492145 3108.008558 3155.012425 3184.011685 3222.566750 3262.453072 3314.042435 3344.307191 3372.710134 3420.125684 3456.781093 3479.189687 3466.055947 3446.169203 3403.177631 3343.754265 3294.933920 3266.830613 3217.556178 3174.927574 3131.391589 3085.265063 3032.823114 2974.440353 2917.222273 2882.457576 -9999.0 -9999.0 -9999.0 -9999.0 -9999.0
-9999.0 1892.506473 2157.971400 2431.464395 2721.256509 3027.535744 3182.881139 3279.614441 3340.559011 3316.872548 3333.979732 3341.903855 3378.206457 3384.477039 3362.939396 3349.956585 3333.544730 3332.457034 3345.413164 3318.674638 3289.212592 3276.304268 3277.112561 3266.404023 3243.112352 3228.231345 3218.901959 3201.116395 3159.048703 3110.281714 3028.651852 2997.320819 2929.125926 2887.652317 2850.398241 2804.162787 2824.190450 2827.012253 2787.640155 2842.063876 2821.856051 2804.804246 2834.043829 2788.861927 2801.451121 2786.211258 2792.984066 2826.709009 2872.753299 2912.581063 2956.350711 2996.663456 3037.298488 3076.548213 3098.503036 3138.724453 3179.484224 3220.301590 3289.186539 3365.356906 3399.781990 3433.444331 3463.359772 3484.778154 3442.572071 3415.392666 3392.413277 3369.883317 3324.702181 3279.935744 3239.457418 3176.494987 3117.206187 -9999.0 -9999.0 -9999.0 -9999.0 -9999.0 -9999.0 -9999.0
-9999.0 1776.785794 1976.769591 2178.780806 2440.282133 2679.629291 2855.301114 2946.536108 3010.576338 3070.865593 3118.563730 3153.696367 3178.930344 3199.792260 3177.021073 3133.293236 3102.015352 3106.706453 3099.103045 3077.733607 3050.153417 3037.249405 3035.304458 3030.486830 3009.173799 2998.659148 2991.857785 2981.687848 2955.598255 2903.560836 2831.923678 2826.387877 2768.252292 2742.109153 2714.028049 2682.805974 2653.502999 2664.949774 2675.910569 2677.188231 2670.432610 2670.242640 2699.422012 2717.694047 2727.479584 2716.832852 2735.921426 2760.993516 2800.958698 2790.362912 2834.623764 2884.140586 2932.285317 2953.355610 2957.285361 2971.047193 2991.502034 3034.767411 3110.630851 3194.878626 3269.594569 3313.792603 3363.576680 3402.405002 3429.243615 3456.393928 3476.990093 3468.677936 3443.884006 3411.256770 3354.141373 -9999.0 -9999.0 -9999.0 -9999.0 -9999.0 -9999.0 -9999.0 -9999.0 -9999.0
-9999.0 -9999.0 1749.184023 1908.415119 2016.795983 2185.386238 2332.748016 2445.512856 2550.781632 2695.375541 2820.119533 2834.161455 2878.627683 2894.126816 2879.965553 2850.486340 2832.194246 2831.758368 2820.448335 2813.173074 2797.763672 2792.429245 2849.393145 2840.571589 2834.400475 2832.275317 2829.210894 2821.362906 2802.137350 2756.574803 2713.095005 2664.771885 2612.831955 2587.924809 2566.690666 2546.901707 2548.650536 2543.437645 2548.750575 2551.714166 2561.057298 2575.162593 2594.947966 2618.157767 2628.159325 2638.390504 2650.271274 2673.367216 2705.557393 2747.106659 2801.429089 2814.909992 2850.318230 2857.509023 2840.752762 2837.187801 2846.918376 2877.546063 2942.815336 3004.038535 3091.543739 3155.554096 3221.092068 3275.840765 3301.734025 3338.082313 3406.417078 3454.304604 3494.456155 3472.184300 -9999.0 -9999.0 -9999.0 -9999.0 -9999.0 -9999.0 -9999.0 -9999.0 -9999.0 -9999.0
-9999.0 -9999.0 -9999.0 -9999.0 1769.413898 1919.287302 2018.086082 2100.829827 2236.752860 2368.730660 2477.798096 2566.144562 2635.357416 2664.647415 2666.188909 2681.049775 2678.815716 2668.585539 2654.954767 2654.605934 2654.467650 2645.362331 2628.157885 2621.074045 2624.044892 2631.299331 2629.566259 2616.750318 2598.421749 2580.966214 2564.604658 2531.704255 2497.794652 2468.927429 2455.843007 2451.508075 2451.214671 2443.498131 2452.052949 2460.885994 2476.948699 2492.337330 2515.996287 2545.230373 2559.834275 2574.813896 2584.110216 2603.713953 2634.284357 2687.783473 2751.809313 2809.919223 2810.027366 2810.581835 2831.053311 2815.689059 2811.436334 2838.217474 2800.062039 2852.632870 2942.355931 2995.940352 3042.179797 3081.730040 3117.880626 3180.665454 3272.412240 3352.183689 -9999.0 -9999.0 -9999.0 -9999.0 -9999.0 -9999.0 -9999.0 -9999.0 -9999.0 -9999.0 -9999.0 -9999.0
-9999.0 -9999.0 -9999.0 -9999.0 -9999.0 -9999.0 1743.095028 1849.185094 1921.900404 2073.991044 2218.331584 2326.942633 2411.541145 2447.643323 2480.990891 2511.061833 2510.571828 2489.296332 2465.845726 2484.205617 2499.580996 2491.477539 2459.032114 2459.646812 2466.128482 2474.345364 2472.272146 2466.552719 2441.906542 2456.959744 2459.847304 2436.561618 2410.730374 2397.380398 2385.534245 2395.140131 2395.164883 2380.964800 2380.407674 2408.294452 2429.418642 2442.536986 2463.856414 2497.103112 2529.698548 2545.488444 2546.820371 2552.294817 2590.252826 2660.290437 2733.031877 2789.758833 2791.880904 2796.709108 2808.466528 2769.198048 2750.035706 2757.581656 2791.575758 2842.074897 2824.588510 2861.908109 2875.492454 2879.279817 2893.276948 2979.814511 -9999.0 -9999.0 -9999.0 -9999.0 -9999.0 -9999.0 -9999.0 -9999.0 -9999.0 -9999.0 -9999.0 -9999.0 -9999.0 -9999.0
-9999.0 -9999.0 -9999.0 -9999.0 -9999.0 -9999.0 -9999.0 -9999.0 -9999.0 -9999.0 -9999.0 -9999.0 -9999.0 -9999.0 -9999.0 -9999.0 -9999.0 -9999.0 -9999.0 -9999.0 -9999.0 -9999.0 -9999.0 -9999.0 -9999.0 -9999.0 -9999.0 -9999.0 -9999.0 -9999.0 -9999.0 -9999.0 -9999.0 -9999.0 -9999.0 -9999.0 -9999.0 -9999.0 -9999.0 -9999.0 -9999.0 -9999.0 -9999.0 -9999.0 -9999.0 -9999.0 -9999.0 -9999.0 -9999.0 -9999.0 -9999.0 -9999.0 -9999.0 -9999.0 -9999.0 -9999.0 -9999.0 -9999.0 -9999.0 -9999.0 -9999.0 -9999.0 -9999.0 -9999.0 -9999.0 -9999.0 -9999.0 -9999.0 -9999.0 -9999.0 -9999.0 -9999.0 -9999.0 -9999.0 -9999.0 -9999.0 -9999.0 -9999.0 -9999.0 -9999.0
-9999.0 -9999.0 -9999.0 -9999.0 -9999.0 -9999.0 -9999.0 -9999.0 -9999.0 -9999.0 -9999.0 -9999.0 -9999.0 -9999.0 -9999.0 -9999.0 -9999.0 -9999.0 -9999.0 -9999.0 -9999.0 -9999.0 -9999.0 -9999.0 -9999.0 -9999.0 -9999.0 -9999.0 -9999.0 -9999.0 -9999.0 -9999.0 -9999.0 -9999.0 -9999.0 -9999.0 -9999.0 -9999.0 -9999.0 -9999.0 -9999.0 -9999.0 -9999.0 -9999.0 -9999.0 -9999.0 -9999.0 -9999.0 -9999.0 -9999.0 -9999.0 -9999.0 -9999.0 -9999.0 -9999.0 -9999.0 -9999.0 -9999.0 -9999.0 -9999.0 -9999.0 -9999.0 -9999.0 -9999.0 -9999.0 -9999.0 -9999.0 -9999.0 -9999.0 -9999.0 -9999.0 -9999.0 -9999.0 -9999.0 -9999.0 -9999.0 -9999.0 -9999.0 -9999.0 -9999.0