Borden_/Borden1m_014/output_maps/psiliqL0016N0019.asc
ncols         80
nrows         18
xllcorner     620200.000000
yllcorner     5168000.000000
cellsize      1.000000
NODATA_value  -9999.0
-9999.0 -9999.0 -9999.0 -9999.0 -9999.0 -9999.0 -9999.0 -9999.0 -9999.0 -9999.0 -9999.0 -9999.0 -9999.0 -9999.0 -9999.0 -9999.0 -9999.0 -9999.0 -9999.0 -9999.0 -9999.0 -9999.0 -9999.0 -9999.0 -9999.0 -9999.0 -9999.0 -9999.0 -9999.0 -9999.0 -9999.0 -9999.0 -9999.0 -9999.0 -9999.0 -9999.0 -9999.0 -9999.0 -9999.0 -9999.0 -9999.0 -9999.0 -9999.0 -9999.0 -9999.0 -9999.0 -9999.0 -9999.0 -9999.0 -9999.0 -9999.0 -9999.0 -9999.0 -9999.0 -9999.0 -9999.0 -9999.0 -9999.0 -9999.0 -9999.0 -9999.0 -9999.0 -9999.0 -9999.0 -9999.0 -9999.0 -9999.0 -9999.0 -9999.0 -9999.0 -9999.0 -9999.0 -9999.0 -9999.0 -9999.0 -9999.0 -9999.0 -9999.0 -9999.0 -9999.0
-9999.0 -9999.0 -9999.0 -9999.0 -9999.0 -9999.0 -9999.0 -9999.0 -9999.0 -9999.0 -9999.0 -9999.0 -9999.0 -9999.0 -9999.0 -9999.0 -9999.0 -9999.0 -9999.0 -9999.0 -9999.0 -9999.0 -9999.0 -9999.0 -9999.0 -9999.0 -9999.0 -9999.0 -9999.0 -9999.0 -9999.0 -9999.0 -9999.0 -9999.0 -9999.0 -9999.0 -9999.0 -9999.0 -9999.0 -9999.0 -9999.0 -9999.0 -9999.0 -9999.0 -9999.0 -9999.0 -9999.0 -9999.0 -9999.0 -9999.0 -9999.0 -9999.0 -9999.0 -9999.0 -9999.0 -9999.0 -9999.0 -9999.0 -9999.0 -9999.0 -9999.0 -9999.0 -9999.0 -9999.0 -9999.0 -9999.0 -9999.0 -9999.0 -9999.0 -9999.0 -9999.0 -9999.0 -9999.0 -9999.0 -9999.0 -9999.0 -9999.0 -9999.0 -9999.0 -9999.0
-9999.0 -9999.0 -9999.0 -9999.0 -9999.0 -9999.0 -9999.0 -9999.0 -9999.0 -9999.0 -9999.0 -9999.0 -9999.0 -9999.0 -9999.0 -9999.0 -9999.0 -9999.0 -9999.0 -9999.0 1350.844489 1353.717778 1332.729315 1300.296013 1273.796341 1277.531782 1313.452280 1356.265178 1396.616540 1408.068227 1391.985889 1396.595422 1393.668291 1393.047245 1395.912072 1403.459675 1408.493791 1419.565292 1427.809799 1427.243482 1421.224544 1416.435975 1417.329090 1420.173413 1425.587038 1413.822648 1427.655133 1442.428027 1446.829768 1441.152236 1413.484943 1396.895176 1385.980063 1368.238017 1390.960817 1400.763462 1421.625568 1423.972581 1420.603784 1392.422076 1361.601306 -9999.0 -9999.0 -9999.0 -9999.0 -9999.0 -9999.0 -9999.0 -9999.0 -9999.0 -9999.0 -9999.0 -9999.0 -9999.0 -9999.0 -9999.0 -9999.0 -9999.0 -9999.0 -9999.0
-9999.0 -9999.0 -9999.0 -9999.0 -9999.0 -9999.0 -9999.0 -9999.0 -9999.0 -9999.0 -9999.0 -9999.0 -9999.0 -9999.0 1256.254845 1247.721184 1246.276732 1255.996112 1290.851965 1322.225842 1334.688933 1328.335471 1329.822463 1307.772930 1288.646380 1304.234842 1335.715261 1368.944976 1405.286032 1427.264427 1418.385914 1418.382480 1429.488728 1454.957928 1467.567035 1465.153945 1446.137182 1469.757047 1484.992548 1492.796735 1492.252345 1483.929225 1496.249116 1511.623666 1504.624303 1487.623622 1493.545348 1505.621491 1517.011872 1503.512534 1439.857351 1420.002042 1413.280206 1404.394126 1388.261735 1380.359189 1404.220320 1402.131701 1392.102965 1372.669922 1338.730199 1293.801746 1274.081983 1311.695606 1354.107832 1410.052793 -9999.0 -9999.0 -9999.0 -9999.0 -9999.0 -9999.0 -9999.0 -9999.0 -9999.0 -9999.0 -9999.0 -9999.0 -9999.0 -9999.0
-9999.0 -9999.0 -9999.0 -9999.0 -9999.0 -9999.0 -9999.0 -9999.0 -9999.0 1195.302201 1200.768106 1209.077400 1212.701909 1229.560103 1228.080539 1236.578161 1244.780340 1273.603698 1306.227591 1342.685177 1372.492671 1365.117165 1367.323372 1378.768087 1383.242741 1396.747427 1420.144234 1461.988944 1502.653284 1545.572043 1519.487857 1519.875777 1541.193161 1588.310544 1619.709044 1625.886280 1607.586682 1617.289307 1641.678976 1662.451264 1661.750641 1659.183427 1684.210036 1698.309299 1698.139228 1677.690098 1666.912585 1668.207077 1693.717388 1642.434145 1576.124739 1526.134721 1528.695878 1497.036209 1458.905698 1438.332347 1433.917442 1451.808915 1434.687007 1395.763462 1358.217273 1345.481488 1326.378911 1342.246570 1362.806590 1407.378632 1444.942884 1472.028534 1470.075644 1451.582290 -9999.0 -9999.0 -9999.0 -9999.0 -9999.0 -9999.0 -9999.0 -9999.0 -9999.0 -9999.0
-9999.0 -9999.0 -9999.0 -9999.0 -9999.0 -9999.0 1115.214883 1125.670807 1147.008560 1152.216626 1178.859477 1187.212291 1209.069970 1229.738446 1253.180011 1271.070768 1302.416326 1337.194983 1379.847637 1424.487129 1457.963405 1453.983991 1466.401554 1498.613279 1539.245511 1569.220682 1595.747194 1637.102704 1714.949158 1759.911407 1768.973953 1776.871916 1789.263464 1838.969651 1902.478872 1916.512681 1895.527112 1880.468802 1900.239981 1935.819585 1940.728792 1942.106892 1953.235223 1963.042592 1988.811163 1978.935498 1939.666512 1926.776861 1926.155050 1909.252489 1847.410588 1783.457875 1747.403001 1694.328507 1609.862137 1555.798054 1562.744591 1578.945328 1546.965969 1490.551745 1448.380559 1436.043836 1418.851047 1403.814374 1408.471224 1425.760273 1445.999992 1455.348636 1440.469363 1417.662303 1393.635241 1363.433681 1363.975713 1388.117926 -9999.0 -9999.0 -9999.0 -9999.0 -9999.0 -9999.0
-9999.0 -9999.0 -9999.0 -9999.0 1064.166864 1077.919985 1066.345445 1092.758598 1126.599665 1161.996740 1194.683700 1232.428499 1261.043797 1293.125114 1335.115930 1370.405126 1413.490943 1451.421933 1508.972721 1579.653182 1632.304933 1657.039160 1674.645708 1736.336439 1801.451600 1855.703351 1877.746565 1905.971713 1951.244666 2013.242760 2042.467430 2051.206105 2070.569802 2107.420197 2155.553891 2188.620825 2171.139273 2162.129289 2167.704251 2179.018055 2202.457938 2203.998631 2206.060568 2208.822680 2213.698397 2212.557627 2188.074180 2155.108152 2141.593026 2132.432894 2102.029223 2031.802278 1990.248073 1957.800907 1922.079795 1869.717117 1806.829593 1789.955231 1728.765585 1668.362374 1605.426627 1582.746824 1549.782540 1521.707018 1490.799810 1490.422475 1491.495717 1468.676319 1433.943215 1399.543120 1382.579198 1361.938108 1349.084229 1377.634255 1393.824321 1423.030862 -9999.0 -9999.0 -9999.0 -9999.0
-9999.0 -9999.0 1003.278643 1052.259119 1110.392104 1120.276733 1121.404656 1128.521198 1158.369845 1211.838636 1287.258176 1337.580222 1380.276560 1416.725367 1479.102595 1559.332213 1632.539058 1684.249772 1749.273137 1823.343782 1887.302830 1921.610556 1940.289744 1981.913130 2038.597597 2102.567797 2130.216174 2157.033147 2189.254851 2224.579193 2235.147798 2250.007089 2259.786702 2264.261493 2270.961025 2272.671878 2266.712944 2259.501112 2239.511705 2234.554613 2241.166663 2246.881063 2248.224940 2234.993968 2231.341404 2245.332145 2249.984722 2249.785386 2250.188868 2258.098045 2261.098732 2220.639704 2184.301593 2167.560279 2156.307122 2111.490407 2046.225553 2003.729334 1978.450024 1934.193593 1856.734807 1805.100051 1751.887799 1700.895546 1646.784976 1614.136011 1565.366485 1520.583602 1471.466490 1422.702036 1396.730623 1376.447072 1371.686679 1369.291273 1383.624718 1397.355616 1411.429504 1418.540897 -9999.0 -9999.0
-9999.0 898.824273 971.543112 1098.162585 1179.450991 1225.054277 1256.191774 1278.726266 1308.747793 1337.420618 1441.463938 1527.230203 1618.935000 1659.662920 1714.098107 1814.446170 1910.805074 1959.476775 2001.672815 2061.839240 2124.333126 2173.193382 2202.892706 2211.889244 2247.661259 2263.463352 2267.390434 2271.350160 2268.481825 2261.208777 2253.105565 2259.491767 2255.815319 2236.738322 2220.223764 2215.925928 2208.264261 2181.129796 2150.048805 2133.484465 2135.058126 2158.045381 2145.923378 2125.541088 2122.182743 2144.065290 2165.029203 2158.290075 2149.212552 2169.625508 2205.748807 2228.694579 2238.114909 2255.050093 2275.933426 2250.070164 2222.171870 2179.466993 2158.796634 2129.423263 2071.313559 2010.071854 1954.169162 1892.827849 1825.752852 1756.502721 1691.189195 1627.636560 1558.863261 1514.812319 1480.810052 1427.913908 1404.265027 1403.064062 1391.835150 1386.846881 1391.011014 1396.482257 -9999.0 -9999.0
-9999.0 816.440087 958.927077 1143.651353 1293.239018 1352.531603 1452.424083 1530.348175 1558.198517 1528.787892 1637.413660 1857.274379 1963.598823 1984.257710 2059.833321 2151.737980 2169.485593 2204.123193 2229.217457 2243.685371 2255.241908 2266.811160 2265.948974 2260.787807 2246.145928 2238.000048 2236.101236 2232.614481 2214.409628 2194.391910 2175.591292 2169.859665 2149.818104 2104.435292 2070.506057 2051.247060 2031.506479 2008.471848 1973.385470 1944.783583 1928.715181 1943.391625 1937.359919 1921.368322 1918.063404 1940.543843 1974.146179 1973.538056 1986.356198 2011.730593 2053.114074 2093.615545 2117.278695 2148.928733 2187.046212 2232.436654 2247.872892 2270.071838 2274.467007 2256.560552 2212.206193 2159.343116 2124.351808 2061.742852 1989.733603 1911.661611 1846.873227 1783.823861 1711.633366 1662.072494 1611.484481 1549.539059 1491.518327 1464.989672 1422.557507 1400.966502 -9999.0 -9999.0 -9999.0 -9999.0
-9999.0 734.650776 922.092960 1179.019017 1459.076176 1568.918183 1776.408126 1904.734076 1960.839304 2029.200757 1997.283247 2152.062094 2194.480697 2192.766810 2196.489180 2203.641315 2221.695782 2227.254407 2226.189990 2218.748385 2211.736267 2208.369886 2206.481196 2197.577925 2183.408583 2166.452631 2151.246083 2136.969193 2098.328646 2064.200331 2026.089213 2008.683376 1966.858453 1874.730822 1831.575367 1793.206955 1732.307289 1723.092337 1715.402297 1685.433083 1664.894999 1643.164817 1665.840333 1671.333335 1674.505568 1678.019566 1696.129355 1723.992200 1773.649019 1814.230043 1860.407163 1913.827354 1950.562799 1996.330352 2043.597662 2100.092253 2134.312974 2167.297586 2216.731445 2256.445724 2280.187251 2268.828981 2242.159656 2195.734032 2125.425582 2060.407782 2012.877288 1941.940707 1877.594013 1822.874600 1772.233499 1713.437886 1641.423491 1555.291953 1510.205992 -9999.0 -9999.0 -9999.0 -9999.0 -9999.0
-9999.0 549.767731 817.282991 1103.448729 1414.732166 1747.576470 1888.581110 2015.189597 2087.111283 2056.218347 2065.161648 2085.140567 2127.728531 2138.110599 2121.242018 2114.917032 2105.460380 2107.557937 2122.594257 2098.613389 2070.946763 2057.622632 2055.759393 2041.415997 2014.726873 1994.760650 1980.334435 1958.368811 1910.080321 1858.573797 1775.290979 1741.361595 1662.155443 1606.647922 1562.445294 1511.811726 1459.378351 1456.400121 1472.351520 1456.834512 1434.079765 1415.559644 1442.446419 1460.840071 1473.691152 1462.769613 1473.141261 1511.154672 1563.254563 1609.677608 1661.007586 1717.255564 1766.638333 1817.663755 1851.328897 1902.256234 1951.834189 2001.528018 2077.586695 2157.681986 2196.358913 2232.297889 2265.395634 2281.686353 2230.706362 2183.085856 2134.274249 2077.361445 1999.726320 1953.093010 1922.484707 1869.832732 1808.329520 -9999.0 -9999.0 -9999.0 -9999.0 -9999.0 -9999.0 -9999.0
-9999.0 424.972761 641.134519 867.021926 1148.924466 1388.068270 1588.495836 1698.431050 1778.132529 1818.018290 1855.204274 1890.021542 1920.876765 1944.881640 1925.890747 1888.913165 1862.524261 1868.561451 1865.578278 1843.709553 1815.576998 1800.599743 1796.408037 1786.528313 1758.326299 1740.330772 1726.742186 1702.096090 1668.013802 1612.193691 1532.795907 1458.743065 1396.804511 1365.126160 1335.432408 1302.358674 1266.272760 1275.396157 1286.962683 1283.046525 1272.474305 1269.651256 1298.821274 1318.104430 1328.569763 1317.676063 1337.739552 1365.477359 1408.325956 1452.713793 1502.885210 1559.218585 1614.760354 1646.070578 1661.369401 1688.152234 1730.239914 1788.322612 1877.285352 1973.761302 2053.797999 2104.563401 2157.620720 2193.970360 2209.704535 2222.677338 2202.547715 2129.593999 2027.138486 2021.400530 2013.872383 -9999.0 -9999.0 -9999.0 -9999.0 -9999.0 -9999.0 -9999.0 -9999.0 -9999.0
-9999.0 -9999.0 408.490488 584.010398 719.128511 898.531626 1049.676488 1161.322871 1252.016779 1367.698776 1473.750022 1557.561648 1601.694085 1619.668524 1606.863090 1575.792921 1556.356269 1557.525438 1548.280741 1538.524503 1519.084828 1510.718984 1498.250172 1487.957350 1475.584750 1467.780302 1460.500620 1447.716824 1425.031721 1378.151993 1329.735911 1278.049612 1224.379533 1198.465087 1176.233062 1154.336394 1152.516622 1147.993767 1153.142314 1154.367321 1161.130039 1173.698760 1193.820295 1215.967327 1225.984228 1235.225615 1248.253184 1272.669940 1306.559947 1349.666315 1404.374108 1462.907371 1503.839234 1517.949455 1509.676302 1516.203909 1538.664868 1584.044457 1667.462319 1754.827597 1853.565325 1927.736046 2002.609625 2058.278943 2077.716408 2096.370573 2117.854197 2069.004787 1878.209151 1972.920333 -9999.0 -9999.0 -9999.0 -9999.0 -9999.0 -9999.0 -9999.0 -9999.0 -9999.0 -9999.0
-9999.0 -9999.0 -9999.0 -9999.0 443.230428 598.133546 695.739336 779.721779 909.067522 1029.481373 1129.367335 1211.886086 1273.226727 1299.657841 1295.862720 1301.871948 1298.116866 1292.734804 1283.554509 1282.717586 1281.443085 1273.532882 1258.535947 1249.919926 1249.297844 1252.724716 1248.959959 1234.382417 1216.067746 1193.139372 1172.445165 1137.703932 1101.349750 1071.784291 1058.260367 1052.170382 1051.584655 1044.403921 1052.885671 1060.005099 1075.107591 1090.319146 1114.128961 1143.197607 1157.085784 1172.084358 1182.176919 1203.147633 1234.066157 1288.007277 1351.988032 1410.382795 1446.944214 1452.275210 1428.646889 1414.366262 1412.261453 1442.094163 1489.272190 1559.320813 1663.946026 1741.044919 1804.178005 1853.670272 1889.346250 1939.237547 1999.825513 2039.629127 -9999.0 -9999.0 -9999.0 -9999.0 -9999.0 -9999.0 -9999.0 -9999.0 -9999.0 -9999.0 -9999.0 -9999.0
-9999.0 -9999.0 -9999.0 -9999.0 -9999.0 -9999.0 402.265392 503.907480 584.774838 722.520781 851.770862 952.130953 1031.738836 1063.118181 1089.273659 1116.268048 1114.837675 1097.014993 1078.429179 1097.125119 1110.543175 1104.334076 1073.879860 1072.560991 1076.333889 1083.709688 1080.760927 1073.719827 1048.190232 1059.098412 1059.306214 1035.696765 1009.308700 995.095593 982.980443 992.335638 992.344602 978.599272 979.125686 1005.725528 1025.869206 1039.019781 1060.919647 1094.220631 1126.694629 1142.054351 1143.679095 1150.145258 1190.645087 1261.316939 1333.391550 1389.230657 1422.226820 1431.036360 1404.678275 1365.595202 1346.332036 1354.884645 1391.382619 1446.158094 1524.552949 1577.227166 1607.950824 1625.876150 1647.576735 1740.119204 -9999.0 -9999.0 -9999.0 -9999.0 -9999.0 -9999.0 -9999.0 -9999.0 -9999.0 -9999.0 -9999.0 -9999.0 -9999.0 -9999.0
-9999.0 -9999.0 -9999.0 -9999.0 -9999.0 -9999.0 -9999.0 -9999.0 -9999.0 -9999.0 -9999.0 -9999.0 -9999.0 -9999.0 -9999.0 -9999.0 -9999.0 -9999.0 -9999.0 -9999.0 -9999.0 -9999.0 -9999.0 -9999.0 -9999.0 -9999.0 -9999.0 -9999.0 -9999.0 -9999.0 -9999.0 -9999.0 -9999.0 -9999.0 -9999.0 -9999.0 -9999.0 -9999.0 -9999.0 -9999.0 -9999.0 -9999.0 -9999.0 -9999.0 -9999.0 -9999.0 -9999.0 -9999.0 -9999.0 -9999.0 -9999.0 -9999.0 -9999.0 -9999.0 -9999.0 -9999.0 -9999.0 -9999.0 -9999.0 -9999.0 -9999.0 -9999.0 -9999.0 -9999.0 -9999.0 -9999.0 -9999.0 -9999.0 -9999.0 -9999.0 -9999.0 -9999.0 -9999.0 -9999.0 -9999.0 -9999.0 -9999.0 -9999.0 -9999.0 -9999.0
-9999.0 -9999.0 -9999.0 -9999.0 -9999.0 -9999.0 -9999.0 -9999.0 -9999.0 -9999.0 -9999.0 -9999.0 -9999.0 -9999.0 -9999.0 -9999.0 -9999.0 -9999.0 -9999.0 -9999.0 -9999.0 -9999.0 -9999.0 -9999.0 -9999.0 -9999.0 -9999.0 -9999.0 -9999.0 -9999.0 -9999.0 -9999.0 -9999.0 -9999.0 -9999.0 -9999.0 -9999.0 -9999.0 -9999.0 -9999.0 -9999.0 -9999.0 -9999.0 -9999.0 -9999.0 -9999.0 -9999.0 -9999.0 -9999.0 -9999.0 -9999.0 -9999.0 -9999.0 -9999.0 -9999.0 -9999.0 -9999.0 -9999.0 -9999.0 -9999.0 -9999.0 -9999.0 -9999.0 -9999.0 -9999.0 -9999.0 -9999.0 -9999.0 -9999.0 -9999.0 -9999.0 -9999.0 -9999.0 -9999.0 -9999.0 -9999.0 -9999.0 -9999.0 -9999.0 -9999.0