Borden_/Borden1m_014/output_maps/psiliqL0025N0027.asc
ncols         80
nrows         18
xllcorner     620200.000000
yllcorner     5168000.000000
cellsize      1.000000
NODATA_value  -9999.0
-9999.0 -9999.0 -9999.0 -9999.0 -9999.0 -9999.0 -9999.0 -9999.0 -9999.0 -9999.0 -9999.0 -9999.0 -9999.0 -9999.0 -9999.0 -9999.0 -9999.0 -9999.0 -9999.0 -9999.0 -9999.0 -9999.0 -9999.0 -9999.0 -9999.0 -9999.0 -9999.0 -9999.0 -9999.0 -9999.0 -9999.0 -9999.0 -9999.0 -9999.0 -9999.0 -9999.0 -9999.0 -9999.0 -9999.0 -9999.0 -9999.0 -9999.0 -9999.0 -9999.0 -9999.0 -9999.0 -9999.0 -9999.0 -9999.0 -9999.0 -9999.0 -9999.0 -9999.0 -9999.0 -9999.0 -9999.0 -9999.0 -9999.0 -9999.0 -9999.0 -9999.0 -9999.0 -9999.0 -9999.0 -9999.0 -9999.0 -9999.0 -9999.0 -9999.0 -9999.0 -9999.0 -9999.0 -9999.0 -9999.0 -9999.0 -9999.0 -9999.0 -9999.0 -9999.0 -9999.0
-9999.0 -9999.0 -9999.0 -9999.0 -9999.0 -9999.0 -9999.0 -9999.0 -9999.0 -9999.0 -9999.0 -9999.0 -9999.0 -9999.0 -9999.0 -9999.0 -9999.0 -9999.0 -9999.0 -9999.0 -9999.0 -9999.0 -9999.0 -9999.0 -9999.0 -9999.0 -9999.0 -9999.0 -9999.0 -9999.0 -9999.0 -9999.0 -9999.0 -9999.0 -9999.0 -9999.0 -9999.0 -9999.0 -9999.0 -9999.0 -9999.0 -9999.0 -9999.0 -9999.0 -9999.0 -9999.0 -9999.0 -9999.0 -9999.0 -9999.0 -9999.0 -9999.0 -9999.0 -9999.0 -9999.0 -9999.0 -9999.0 -9999.0 -9999.0 -9999.0 -9999.0 -9999.0 -9999.0 -9999.0 -9999.0 -9999.0 -9999.0 -9999.0 -9999.0 -9999.0 -9999.0 -9999.0 -9999.0 -9999.0 -9999.0 -9999.0 -9999.0 -9999.0 -9999.0 -9999.0
-9999.0 -9999.0 -9999.0 -9999.0 -9999.0 -9999.0 -9999.0 -9999.0 -9999.0 -9999.0 -9999.0 -9999.0 -9999.0 -9999.0 -9999.0 -9999.0 -9999.0 -9999.0 -9999.0 -9999.0 3126.024505 3127.046569 3105.233581 3071.016913 3042.612895 3044.230398 3076.977561 3117.295447 3155.703408 3162.955931 3143.693415 3147.142743 3142.456129 3137.933000 3138.078872 3145.556170 3151.878985 3161.485267 3168.351220 3166.012313 3158.616635 3153.488177 3155.792863 3157.437964 3163.630679 3149.504303 3165.392339 3179.883660 3184.789539 3182.171344 3160.119200 3148.221931 3140.472253 3125.214586 3151.896894 3163.832226 3186.498551 3191.394629 3189.765531 3164.096588 3134.237362 -9999.0 -9999.0 -9999.0 -9999.0 -9999.0 -9999.0 -9999.0 -9999.0 -9999.0 -9999.0 -9999.0 -9999.0 -9999.0 -9999.0 -9999.0 -9999.0 -9999.0 -9999.0 -9999.0
-9999.0 -9999.0 -9999.0 -9999.0 -9999.0 -9999.0 -9999.0 -9999.0 -9999.0 -9999.0 -9999.0 -9999.0 -9999.0 -9999.0 3036.191679 3027.232431 3024.124926 3031.194562 3063.414866 3093.373015 3104.949711 3097.268814 3096.830993 3071.877289 3048.840918 3061.123868 3090.041390 3119.974802 3152.829599 3169.833307 3158.405757 3155.488732 3162.245803 3180.028287 3187.921212 3184.112490 3168.133454 3190.162311 3203.212496 3207.569056 3205.418361 3195.487812 3204.306536 3218.266888 3211.212496 3195.999603 3206.777277 3221.761647 3232.873531 3224.814878 3168.827971 3156.837885 3154.125941 3150.473972 3137.924069 3134.437832 3163.031695 3163.085689 3156.266249 3139.502846 3106.672959 3061.821380 3043.396728 3084.332128 3128.425367 3184.556959 -9999.0 -9999.0 -9999.0 -9999.0 -9999.0 -9999.0 -9999.0 -9999.0 -9999.0 -9999.0 -9999.0 -9999.0 -9999.0 -9999.0
-9999.0 -9999.0 -9999.0 -9999.0 -9999.0 -9999.0 -9999.0 -9999.0 -9999.0 2982.728808 2984.861676 2991.518660 2993.591864 3008.413174 3004.972904 3011.522395 3015.284035 3041.971214 3070.987777 3104.011871 3130.521340 3120.838011 3119.091126 3122.816939 3117.236705 3124.700852 3144.483848 3178.988042 3209.906639 3244.740111 3211.020492 3205.845944 3222.991398 3264.071062 3287.200994 3289.092918 3270.362722 3286.405275 3309.661709 3325.312236 3321.669508 3315.644083 3341.298648 3356.310923 3350.568004 3329.303480 3327.733277 3335.131752 3364.395307 3314.257212 3249.132345 3210.958892 3226.907644 3206.113619 3180.364621 3171.215893 3172.313084 3191.976495 3180.772653 3148.598844 3115.852887 3104.800491 3088.588983 3109.989432 3133.790044 3180.040057 3220.297598 3250.462382 3250.341034 3233.374644 -9999.0 -9999.0 -9999.0 -9999.0 -9999.0 -9999.0 -9999.0 -9999.0 -9999.0 -9999.0
-9999.0 -9999.0 -9999.0 -9999.0 -9999.0 -9999.0 2903.917728 2914.439467 2935.233621 2938.000497 2964.408242 2969.631119 2983.128508 2999.809703 3020.919551 3033.255457 3057.765957 3087.013284 3122.391361 3159.440037 3184.940037 3174.519756 3177.788335 3196.912967 3223.416463 3242.070779 3264.039443 3301.042659 3372.315939 3408.201308 3401.067453 3401.746091 3409.821776 3459.788390 3523.469748 3534.457876 3513.857392 3500.714327 3524.003203 3561.132050 3559.417534 3558.225044 3571.034600 3581.721258 3608.473067 3597.803379 3562.017093 3556.420881 3562.833189 3540.696369 3472.642063 3415.745047 3396.907706 3351.118618 3268.856514 3226.282300 3249.748372 3277.758593 3256.513205 3207.768158 3177.347795 3172.399597 3161.890794 3155.409307 3168.254118 3190.799757 3215.353514 3229.679343 3218.309232 3197.947605 3176.965239 3149.053612 3151.863802 3176.989668 -9999.0 -9999.0 -9999.0 -9999.0 -9999.0 -9999.0
-9999.0 -9999.0 -9999.0 -9999.0 2854.234285 2867.122232 2852.503337 2878.606028 2910.588869 2944.121098 2971.547145 2997.051108 3019.436223 3045.410596 3077.939302 3099.645640 3131.194691 3160.075052 3204.886782 3265.331131 3308.984915 3322.123051 3330.173101 3380.487706 3436.323789 3483.124769 3501.550751 3527.093302 3572.223872 3628.404891 3650.621117 3653.459272 3670.333555 3713.085321 3768.774129 3803.708741 3786.153821 3777.224475 3787.068878 3801.155072 3823.290140 3823.365520 3824.476804 3828.499894 3835.999850 3834.342145 3807.999180 3774.697589 3761.803158 3751.822573 3714.379299 3642.745718 3612.422143 3583.866491 3542.233804 3488.630835 3440.977402 3441.803305 3387.803611 3333.758141 3284.103064 3276.243490 3256.293945 3240.730560 3223.591787 3236.046432 3248.221457 3233.556500 3204.139170 3175.747026 3163.023712 3145.707371 3134.705514 3166.010140 3183.839558 3213.527889 -9999.0 -9999.0 -9999.0 -9999.0
-9999.0 -9999.0 2795.212417 2840.599390 2897.523885 2903.652126 2897.311873 2900.216148 2926.553044 2975.681906 3030.906253 3067.248649 3095.642066 3124.944345 3173.195965 3234.786191 3294.073547 3335.862741 3392.750519 3461.308427 3519.937298 3546.594172 3555.416809 3590.639268 3644.882655 3713.305810 3741.079740 3767.341031 3798.831039 3834.931719 3827.813944 3838.650027 3850.851106 3863.086448 3877.566128 3884.434550 3879.652122 3875.068677 3856.557296 3851.465005 3857.966639 3865.818567 3864.945930 3850.339538 3846.372627 3861.298684 3867.415250 3865.411524 3862.721109 3867.726507 3863.640341 3815.823444 3797.271809 3782.201838 3770.769460 3724.870642 3658.537255 3626.056567 3604.930258 3564.379496 3491.389362 3453.843079 3414.665775 3380.117614 3343.004539 3329.760863 3297.500629 3265.651426 3227.257339 3186.845150 3168.622542 3154.457742 3154.260857 3155.113983 3172.971355 3188.614851 3204.653000 3212.766066 -9999.0 -9999.0
-9999.0 2692.032852 2763.626866 2878.231157 2955.574420 2988.548824 2997.231232 3000.263644 3024.311310 3054.821669 3140.840126 3189.853403 3271.806831 3308.044172 3348.163292 3437.295038 3530.574025 3573.323357 3611.646858 3674.416150 3739.428811 3786.175842 3812.329152 3792.971895 3831.945214 3860.481601 3868.211217 3874.941573 3874.674706 3866.190009 3859.585550 3866.295327 3863.379005 3844.289893 3828.301764 3826.583187 3823.200990 3799.964815 3772.504219 3757.132368 3758.618731 3783.478218 3770.427621 3749.092974 3744.693143 3766.291471 3787.501160 3776.865585 3763.751833 3780.296993 3814.771957 3839.384366 3841.010524 3859.408233 3880.491772 3851.661994 3829.961617 3786.402951 3769.595265 3744.266912 3687.732192 3633.010981 3585.157045 3536.842382 3484.646977 3435.719166 3388.359082 3341.580945 3288.575075 3256.062390 3231.955744 3189.324070 3177.114348 3183.266625 3178.714249 3177.345718 3183.967281 3190.616039 -9999.0 -9999.0
-9999.0 2596.667191 2736.197940 2906.241207 3045.030187 3084.922586 3147.178093 3201.149108 3214.178063 3161.465327 3259.360892 3474.269791 3593.488614 3610.187505 3684.698277 3778.524427 3763.110794 3794.088357 3816.921496 3841.453961 3861.200448 3875.062732 3873.223515 3867.927516 3851.518034 3843.531474 3842.672783 3840.591671 3823.284198 3804.410257 3787.668994 3784.605687 3766.838510 3717.943281 3684.949734 3667.727733 3649.228709 3635.680918 3608.327355 3582.506132 3566.318570 3577.093126 3574.994854 3561.341489 3556.917680 3575.146918 3605.972846 3603.706799 3614.992702 3634.483839 3669.857917 3707.695452 3726.861700 3755.794046 3791.254147 3838.763699 3847.873915 3870.210964 3873.258450 3862.303122 3816.132492 3764.908393 3735.667837 3680.622388 3621.175214 3559.615874 3511.052935 3466.588581 3411.749183 3377.798412 3338.844679 3285.607482 3242.652529 3234.700471 3201.453454 3188.327397 -9999.0 -9999.0 -9999.0 -9999.0
-9999.0 2495.823759 2675.938677 2907.096344 3194.159676 3265.955590 3465.030143 3577.988830 3616.501331 3682.813533 3569.666365 3770.639190 3821.701860 3816.254684 3830.375012 3833.301721 3847.384999 3846.842889 3841.773945 3830.831349 3821.344024 3816.849946 3815.759000 3807.865135 3795.284961 3780.718456 3768.880764 3757.565780 3721.180359 3689.469500 3650.789826 3638.471672 3594.700649 3503.527329 3464.988756 3427.057013 3367.077253 3369.387376 3376.270855 3352.694486 3333.363539 3305.902400 3334.938029 3345.183495 3349.167924 3345.056064 3354.950916 3382.589855 3429.656009 3463.586949 3502.220437 3549.750656 3579.830422 3618.719838 3658.458872 3710.481250 3741.344254 3770.057927 3818.507614 3855.404775 3878.032785 3864.258506 3845.301897 3801.127385 3741.166869 3692.027498 3663.360040 3613.308958 3570.048983 3526.634885 3480.412344 3427.901392 3366.852495 3313.362791 3279.546391 -9999.0 -9999.0 -9999.0 -9999.0 -9999.0
-9999.0 2275.551940 2539.627208 2797.193953 3068.334604 3406.000565 3572.401897 3667.060425 3729.480024 3710.308667 3731.676776 3738.499820 3775.336976 3782.284299 3760.835571 3747.255542 3730.009981 3728.921355 3741.951472 3714.802127 3684.802547 3671.598278 3672.472211 3661.777215 3638.113061 3623.247979 3613.969889 3595.724997 3552.900282 3503.290003 3420.200349 3386.763093 3309.458676 3270.534116 3234.411585 3188.168624 3145.862493 3151.478100 3174.304917 3166.931056 3146.484363 3129.660398 3158.852048 3177.727181 3190.757130 3174.771350 3181.330795 3215.327320 3261.302452 3301.149594 3344.497073 3391.690071 3432.934473 3471.905237 3492.956527 3532.383489 3574.092337 3615.320325 3684.937986 3762.548963 3797.976528 3832.274860 3861.490347 3883.234118 3840.582984 3814.014596 3790.548935 3767.409339 3721.578204 3676.425704 3635.905938 3571.881228 3512.396522 -9999.0 -9999.0 -9999.0 -9999.0 -9999.0 -9999.0 -9999.0
-9999.0 2162.468921 2357.232722 2550.946935 2789.084555 3012.343101 3229.092192 3319.212907 3388.428955 3456.367751 3508.361407 3545.290187 3571.006209 3592.325510 3569.683382 3524.260630 3492.368073 3497.265676 3488.750372 3467.741745 3440.237424 3427.458031 3425.048825 3420.391377 3399.328041 3389.182242 3382.576486 3365.073136 3339.885852 3287.934648 3217.208927 3147.123067 3094.137891 3074.810411 3052.655732 3026.276585 2999.858240 3013.457837 3026.413503 3026.627345 3020.242155 3020.506203 3049.547740 3069.235893 3078.675748 3067.697524 3085.720412 3108.690816 3145.356630 3182.785243 3226.835392 3276.250725 3324.011866 3343.863632 3345.977692 3357.575208 3384.747572 3427.671490 3503.522337 3588.923833 3665.533568 3710.538903 3760.944261 3800.542600 3828.252574 3853.861425 3875.674840 3868.291546 3842.720550 3809.611197 3751.425887 -9999.0 -9999.0 -9999.0 -9999.0 -9999.0 -9999.0 -9999.0 -9999.0 -9999.0
-9999.0 -9999.0 2131.131158 2284.924820 2384.277281 2547.946943 2692.633626 2802.734612 2873.681889 3002.038881 3121.862619 3211.920895 3257.519489 3272.859528 3258.929461 3230.355249 3213.028898 3212.703589 3201.227158 3194.912099 3180.627020 3175.578716 3166.203073 3159.181676 3155.298543 3154.971418 3153.189858 3145.668660 3129.581951 3088.995953 3052.598345 3009.152892 2972.118928 2950.848263 2932.997843 2916.259964 2920.498477 2915.983263 2921.772372 2924.921461 2934.682459 2948.964742 2968.393339 2985.583295 2995.116077 3005.084845 3015.772221 3037.115390 3066.684679 3106.274232 3157.042780 3210.070436 3245.296018 3251.688739 3233.480312 3228.292549 3236.257154 3264.861479 3327.853421 3396.253172 3485.006035 3549.855433 3616.372943 3671.875774 3698.269225 3734.641064 3804.247412 3852.228526 3893.924417 3871.565334 -9999.0 -9999.0 -9999.0 -9999.0 -9999.0 -9999.0 -9999.0 -9999.0 -9999.0 -9999.0
-9999.0 -9999.0 -9999.0 -9999.0 2145.574512 2293.046718 2390.734950 2471.072452 2605.735686 2737.696648 2811.766874 2897.938098 2966.334439 2980.993869 2981.263098 2997.517834 2996.504231 2987.551230 2976.882903 2981.760353 2986.747059 2981.049302 2976.238028 2970.480601 2974.870090 2983.435635 2982.604653 2970.917942 2954.236122 2941.018907 2929.096909 2899.676378 2868.826672 2842.864033 2832.128122 2830.071114 2831.085685 2823.965950 2832.894154 2842.083413 2858.297598 2873.591395 2897.134746 2926.674535 2941.335536 2955.962029 2964.479793 2982.854987 3006.329458 3057.327741 3118.530762 3174.446109 3206.912449 3206.909638 3179.046602 3157.168378 3144.637868 3161.948262 3189.431647 3240.003856 3328.700497 3390.154944 3435.425467 3474.159384 3510.352342 3574.898674 3668.583081 3749.384216 -9999.0 -9999.0 -9999.0 -9999.0 -9999.0 -9999.0 -9999.0 -9999.0 -9999.0 -9999.0 -9999.0 -9999.0
-9999.0 -9999.0 -9999.0 -9999.0 -9999.0 -9999.0 2121.891008 2227.929554 2296.200951 2449.991276 2596.320489 2705.961335 2791.315197 2828.620823 2824.985074 2855.097010 2855.739378 2835.631082 2813.951049 2835.837192 2855.132404 2848.965128 2817.080176 2819.076588 2826.868624 2835.759468 2834.505807 2830.104517 2807.295026 2825.754756 2831.997475 2811.361097 2788.196981 2798.601624 2787.216416 2797.036282 2797.004091 2782.428393 2781.225924 2793.557063 2814.764850 2827.768212 2848.825111 2882.010464 2914.443171 2930.005664 2930.728328 2935.205758 2971.584704 3034.866270 3105.257134 3159.732572 3189.457598 3193.826104 3163.720672 3118.737988 3092.401365 3091.100534 3115.159617 3154.292077 3213.204050 3249.054077 3259.955606 3260.878730 3272.884910 3371.432831 -9999.0 -9999.0 -9999.0 -9999.0 -9999.0 -9999.0 -9999.0 -9999.0 -9999.0 -9999.0 -9999.0 -9999.0 -9999.0 -9999.0
-9999.0 -9999.0 -9999.0 -9999.0 -9999.0 -9999.0 -9999.0 -9999.0 -9999.0 -9999.0 -9999.0 -9999.0 -9999.0 -9999.0 -9999.0 -9999.0 -9999.0 -9999.0 -9999.0 -9999.0 -9999.0 -9999.0 -9999.0 -9999.0 -9999.0 -9999.0 -9999.0 -9999.0 -9999.0 -9999.0 -9999.0 -9999.0 -9999.0 -9999.0 -9999.0 -9999.0 -9999.0 -9999.0 -9999.0 -9999.0 -9999.0 -9999.0 -9999.0 -9999.0 -9999.0 -9999.0 -9999.0 -9999.0 -9999.0 -9999.0 -9999.0 -9999.0 -9999.0 -9999.0 -9999.0 -9999.0 -9999.0 -9999.0 -9999.0 -9999.0 -9999.0 -9999.0 -9999.0 -9999.0 -9999.0 -9999.0 -9999.0 -9999.0 -9999.0 -9999.0 -9999.0 -9999.0 -9999.0 -9999.0 -9999.0 -9999.0 -9999.0 -9999.0 -9999.0 -9999.0
-9999.0 -9999.0 -9999.0 -9999.0 -9999.0 -9999.0 -9999.0 -9999.0 -9999.0 -9999.0 -9999.0 -9999.0 -9999.0 -9999.0 -9999.0 -9999.0 -9999.0 -9999.0 -9999.0 -9999.0 -9999.0 -9999.0 -9999.0 -9999.0 -9999.0 -9999.0 -9999.0 -9999.0 -9999.0 -9999.0 -9999.0 -9999.0 -9999.0 -9999.0 -9999.0 -9999.0 -9999.0 -9999.0 -9999.0 -9999.0 -9999.0 -9999.0 -9999.0 -9999.0 -9999.0 -9999.0 -9999.0 -9999.0 -9999.0 -9999.0 -9999.0 -9999.0 -9999.0 -9999.0 -9999.0 -9999.0 -9999.0 -9999.0 -9999.0 -9999.0 -9999.0 -9999.0 -9999.0 -9999.0 -9999.0 -9999.0 -9999.0 -9999.0 -9999.0 -9999.0 -9999.0 -9999.0 -9999.0 -9999.0 -9999.0 -9999.0 -9999.0 -9999.0 -9999.0 -9999.0