Borden_/Borden1m_014/output_maps/psiliqL0028N0016.asc
ncols         80
nrows         18
xllcorner     620200.000000
yllcorner     5168000.000000
cellsize      1.000000
NODATA_value  -9999.0
-9999.0 -9999.0 -9999.0 -9999.0 -9999.0 -9999.0 -9999.0 -9999.0 -9999.0 -9999.0 -9999.0 -9999.0 -9999.0 -9999.0 -9999.0 -9999.0 -9999.0 -9999.0 -9999.0 -9999.0 -9999.0 -9999.0 -9999.0 -9999.0 -9999.0 -9999.0 -9999.0 -9999.0 -9999.0 -9999.0 -9999.0 -9999.0 -9999.0 -9999.0 -9999.0 -9999.0 -9999.0 -9999.0 -9999.0 -9999.0 -9999.0 -9999.0 -9999.0 -9999.0 -9999.0 -9999.0 -9999.0 -9999.0 -9999.0 -9999.0 -9999.0 -9999.0 -9999.0 -9999.0 -9999.0 -9999.0 -9999.0 -9999.0 -9999.0 -9999.0 -9999.0 -9999.0 -9999.0 -9999.0 -9999.0 -9999.0 -9999.0 -9999.0 -9999.0 -9999.0 -9999.0 -9999.0 -9999.0 -9999.0 -9999.0 -9999.0 -9999.0 -9999.0 -9999.0 -9999.0
-9999.0 -9999.0 -9999.0 -9999.0 -9999.0 -9999.0 -9999.0 -9999.0 -9999.0 -9999.0 -9999.0 -9999.0 -9999.0 -9999.0 -9999.0 -9999.0 -9999.0 -9999.0 -9999.0 -9999.0 -9999.0 -9999.0 -9999.0 -9999.0 -9999.0 -9999.0 -9999.0 -9999.0 -9999.0 -9999.0 -9999.0 -9999.0 -9999.0 -9999.0 -9999.0 -9999.0 -9999.0 -9999.0 -9999.0 -9999.0 -9999.0 -9999.0 -9999.0 -9999.0 -9999.0 -9999.0 -9999.0 -9999.0 -9999.0 -9999.0 -9999.0 -9999.0 -9999.0 -9999.0 -9999.0 -9999.0 -9999.0 -9999.0 -9999.0 -9999.0 -9999.0 -9999.0 -9999.0 -9999.0 -9999.0 -9999.0 -9999.0 -9999.0 -9999.0 -9999.0 -9999.0 -9999.0 -9999.0 -9999.0 -9999.0 -9999.0 -9999.0 -9999.0 -9999.0 -9999.0
-9999.0 -9999.0 -9999.0 -9999.0 -9999.0 -9999.0 -9999.0 -9999.0 -9999.0 -9999.0 -9999.0 -9999.0 -9999.0 -9999.0 -9999.0 -9999.0 -9999.0 -9999.0 -9999.0 -9999.0 3725.108095 3725.771619 3704.092035 3669.785312 3641.327655 3642.897162 3675.320274 3715.608329 3754.224404 3760.940337 3741.418604 3745.206108 3740.569505 3735.304856 3734.937314 3742.657235 3749.544716 3758.877605 3765.490229 3762.792319 3755.167947 3750.130885 3753.078081 3754.418657 3760.833708 3745.743325 3762.090550 3778.571772 3783.208920 3780.895401 3757.733188 3746.472480 3738.786147 3723.372368 3750.480956 3762.327199 3786.136990 3791.063278 3789.257387 3762.821128 3732.936649 -9999.0 -9999.0 -9999.0 -9999.0 -9999.0 -9999.0 -9999.0 -9999.0 -9999.0 -9999.0 -9999.0 -9999.0 -9999.0 -9999.0 -9999.0 -9999.0 -9999.0 -9999.0 -9999.0
-9999.0 -9999.0 -9999.0 -9999.0 -9999.0 -9999.0 -9999.0 -9999.0 -9999.0 -9999.0 -9999.0 -9999.0 -9999.0 -9999.0 3635.221273 3626.476209 3623.363840 3630.203138 3662.213032 3692.237749 3703.672188 3695.980201 3695.493235 3670.274096 3646.710374 3658.712024 3687.656653 3717.528925 3750.332727 3766.832530 3755.597548 3752.630109 3758.772625 3776.991418 3783.896764 3779.934621 3762.530409 3786.863413 3799.522375 3803.106412 3800.806414 3790.669515 3798.603242 3812.265609 3805.130071 3790.203362 3802.204788 3817.782467 3828.297669 3821.185593 3764.210490 3753.658819 3750.956357 3747.730863 3735.214057 3732.170316 3761.454425 3761.392270 3754.777959 3738.109624 3705.073796 3659.989332 3641.423550 3682.835998 3726.904716 3783.457490 -9999.0 -9999.0 -9999.0 -9999.0 -9999.0 -9999.0 -9999.0 -9999.0 -9999.0 -9999.0 -9999.0 -9999.0 -9999.0 -9999.0
-9999.0 -9999.0 -9999.0 -9999.0 -9999.0 -9999.0 -9999.0 -9999.0 -9999.0 3578.017454 3584.048407 3590.694257 3592.902876 3607.622446 3603.909373 3610.427789 3613.493021 3640.365697 3669.127779 3701.904925 3728.144241 3718.492584 3716.497180 3718.838350 3711.149819 3717.755472 3737.523121 3773.307495 3802.815734 3836.925404 3802.336300 3796.735752 3813.736037 3853.755144 3874.718749 3875.481575 3856.584671 3874.870706 3898.083789 3912.569219 3908.586088 3901.945570 3928.271065 3943.869910 3936.185687 3914.101421 3914.876613 3923.748032 3953.766447 3903.020735 3836.936874 3800.954268 3819.121450 3799.677299 3776.134263 3767.061777 3768.817870 3789.751066 3779.007876 3746.066962 3713.756967 3702.345317 3686.138656 3708.435188 3732.431732 3779.381204 3819.890609 3850.211451 3849.882970 3832.866998 -9999.0 -9999.0 -9999.0 -9999.0 -9999.0 -9999.0 -9999.0 -9999.0 -9999.0 -9999.0
-9999.0 -9999.0 -9999.0 -9999.0 -9999.0 -9999.0 3499.649867 3510.128398 3530.663351 3532.584170 3558.884298 3563.368688 3581.436822 3597.770560 3619.076086 3630.680251 3654.188138 3683.018982 3717.579014 3753.634156 3779.902986 3766.716322 3771.041407 3788.060130 3812.113706 3828.804709 3850.885005 3888.410926 3960.497695 3996.321156 3986.204595 3986.308291 3994.319182 4045.077167 4109.149650 4119.218139 4098.423791 4085.711596 4110.291892 4148.454527 4145.427553 4144.108622 4158.162951 4169.428922 4196.387349 4184.760314 4148.888619 4144.988002 4153.335791 4128.857976 4057.790317 4001.438815 3985.158806 3938.095690 3854.018724 3813.412315 3840.760358 3870.691405 3850.562536 3801.994391 3771.367872 3767.246608 3757.331305 3752.089311 3766.156484 3790.232076 3814.810285 3829.440452 3818.034003 3797.502206 3776.269683 3748.437870 3751.419761 3776.480529 -9999.0 -9999.0 -9999.0 -9999.0 -9999.0 -9999.0
-9999.0 -9999.0 -9999.0 -9999.0 3450.573996 3463.127872 3447.416999 3473.329518 3504.604147 3537.503262 3563.631075 3593.808723 3615.625908 3641.089376 3672.259264 3691.350716 3721.131820 3749.335809 3794.976459 3854.666938 3897.597580 3909.066394 3916.679037 3966.942776 4022.785086 4069.092231 4087.780382 4114.041832 4161.478836 4218.359781 4240.244627 4242.497085 4259.474374 4304.619033 4363.022245 4398.757305 4380.756800 4371.357805 4382.416020 4397.556762 4419.721835 4419.755556 4420.902498 4425.512869 4433.813292 4431.618860 4404.061937 4370.189373 4357.066617 4346.503567 4306.190155 4232.753238 4203.639496 4173.752322 4128.109598 4072.687524 4028.445745 4032.481246 3977.312965 3921.704742 3873.666687 3868.144948 3849.609638 3835.233563 3819.858638 3833.934918 3847.324889 3833.141657 3803.548178 3774.794346 3762.334084 3745.175216 3733.971378 3765.508602 3783.588188 3812.991640 -9999.0 -9999.0 -9999.0 -9999.0
-9999.0 -9999.0 3392.217766 3436.482739 3492.991147 3497.962581 3489.188924 3490.723553 3515.897435 3563.801980 3623.226256 3657.252664 3683.110186 3712.511457 3761.340900 3820.071005 3878.138259 3920.230086 3978.767413 4048.724378 4107.905265 4134.163211 4142.368524 4178.463723 4234.259020 4305.657614 4334.532472 4361.693878 4394.581234 4432.441061 4420.475313 4430.555724 4443.816466 4458.615030 4475.466853 4483.606760 4478.371798 4473.686878 4454.905997 4449.390432 4455.807444 4464.502587 4463.001746 4448.050507 4444.059159 4459.344668 4466.044657 4463.648195 4460.246432 4464.711171 4458.510932 4407.938887 4394.232391 4378.391154 4365.619661 4318.465513 4250.456144 4218.999877 4196.427981 4154.183921 4080.144147 4044.441189 4006.030084 3972.629670 3936.578761 3925.581466 3894.779694 3863.636848 3825.721433 3785.589886 3767.148193 3753.573352 3753.620841 3754.459908 3772.579699 3788.400154 3804.468485 3812.590333 -9999.0 -9999.0
-9999.0 3281.149766 3351.422630 3471.365940 3547.815203 3582.300326 3585.692905 3584.448991 3608.630988 3641.952680 3725.151342 3767.895740 3850.374509 3888.878764 3928.431391 4018.361585 4114.463879 4158.894991 4199.181587 4265.361827 4333.150860 4381.212280 4408.037789 4380.912011 4422.154084 4455.598243 4464.946334 4472.867960 4473.826464 4465.218139 4459.120843 4465.637427 4462.458184 4442.824829 4426.320395 4424.401539 4420.896082 4397.181896 4369.341227 4353.407131 4354.348276 4379.811868 4366.321280 4344.749957 4340.255024 4362.222242 4384.341604 4373.386207 4360.099655 4376.819264 4411.997420 4438.064825 4437.511394 4456.526331 4477.755255 4447.940630 4427.870444 4382.869021 4365.560182 4339.816200 4281.817549 4226.884129 4178.330031 4130.071063 4078.233149 4030.594187 3983.438520 3936.592767 3884.118985 3851.801694 3828.218393 3786.648760 3775.293039 3782.574157 3778.292873 3777.050233 3783.807916 3790.445866 -9999.0 -9999.0
-9999.0 3181.154356 3318.669883 3493.873378 3634.564763 3671.248475 3725.009239 3776.632497 3788.413960 3728.674692 3830.073887 4048.996574 4177.061136 4196.172752 4273.926268 4372.089952 4348.679731 4380.984540 4405.174729 4434.650953 4458.274981 4473.861528 4472.468758 4467.669427 4450.889775 4442.817380 4441.859338 4439.649281 4421.903169 4402.635002 4385.596480 4382.115600 4363.559077 4312.309689 4278.430407 4260.207255 4239.741508 4226.779471 4200.034232 4173.648811 4156.333464 4165.450750 4164.745811 4151.954137 4147.557350 4165.198136 4196.170120 4195.159000 4208.380299 4228.288639 4263.856367 4302.883169 4322.369546 4351.921193 4387.945759 4437.278694 4445.022107 4467.733365 4470.326824 4461.355095 4413.710677 4361.340490 4331.587806 4275.544877 4215.903414 4154.133681 4104.827131 4060.050681 4004.580651 3971.170653 3932.616725 3879.289129 3838.058163 3832.696484 3800.100277 3788.127489 -9999.0 -9999.0 -9999.0 -9999.0
-9999.0 3073.553882 3250.126878 3483.602826 3780.599405 3845.293977 4048.717436 4163.207986 4201.016265 4270.009751 4133.543847 4354.125449 4411.627831 4407.843491 4427.965303 4431.879360 4446.688971 4445.780695 4440.681188 4429.474796 4419.623468 4414.847807 4413.873786 4405.909115 4393.165022 4378.410210 4366.330333 4354.577092 4317.251131 4284.739814 4244.058381 4231.155153 4184.451044 4091.587044 4052.957142 4013.098207 3950.536989 3954.015361 3963.635635 3940.097575 3920.118420 3890.158338 3921.376392 3933.599063 3938.340407 3932.444866 3941.009675 3971.279753 4020.622672 4055.457899 4094.319414 4142.666979 4173.595090 4212.986520 4252.507240 4305.182471 4336.943155 4366.125573 4416.082168 4453.341863 4476.298874 4461.563941 4444.002476 4398.053614 4337.328191 4287.707374 4258.186078 4206.962914 4163.189019 4119.865202 4073.441617 4020.755587 3959.253169 3909.896534 3876.765306 -9999.0 -9999.0 -9999.0 -9999.0 -9999.0
-9999.0 2841.976206 3102.865668 3362.007459 3627.362007 3974.064983 4156.706948 4248.262016 4312.882644 4300.489775 4328.252598 4333.426791 4371.033909 4378.996444 4357.717005 4343.243942 4324.747804 4323.657925 4336.799289 4309.033946 4278.228117 4264.579824 4265.552262 4254.877040 4230.653291 4215.810942 4206.609199 4187.713503 4144.546373 4093.606529 4008.259888 3971.884366 3891.580568 3855.767667 3820.413574 3773.631189 3730.091504 3736.875198 3762.953911 3754.974133 3734.606391 3718.004329 3748.025214 3769.634136 3783.192431 3766.161079 3772.549562 3806.937075 3853.237922 3893.578668 3937.075342 3984.840009 4027.009675 4065.631088 4085.403537 4123.719530 4166.042553 4207.887933 4278.608461 4358.381226 4395.269950 4430.522200 4458.687777 4480.919454 4437.600816 4411.948775 4387.753496 4363.719904 4316.905462 4271.171775 4230.590552 4164.970117 4105.404136 -9999.0 -9999.0 -9999.0 -9999.0 -9999.0 -9999.0 -9999.0
-9999.0 2744.015021 2918.635882 3097.875318 3336.482225 3564.625395 3794.410056 3884.456406 3955.596696 4035.364217 4093.930144 4133.369035 4159.177166 4181.184927 4158.741046 4111.503700 4078.671497 4083.864850 4073.972256 4053.497186 4026.099777 4013.500875 4010.653749 4006.221618 3985.513173 3975.893299 3969.580950 3951.963280 3927.660701 3874.897117 3804.754930 3731.064383 3678.733225 3661.892137 3640.947384 3615.579300 3591.137970 3605.264367 3617.998051 3618.975443 3613.619671 3614.740460 3643.776760 3663.923056 3673.322176 3662.769879 3680.839786 3703.292566 3739.359966 3778.156133 3822.327054 3871.933202 3919.936123 3938.938073 3939.443079 3948.962744 3975.306602 4017.779814 4093.715095 4180.031246 4259.483030 4305.703552 4357.040665 4397.750574 4426.767407 4450.063916 4473.702758 4467.712201 4440.974797 4407.142569 4347.363355 -9999.0 -9999.0 -9999.0 -9999.0 -9999.0 -9999.0 -9999.0 -9999.0 -9999.0
-9999.0 -9999.0 2708.682892 2837.847091 2921.553132 3073.099891 3209.283158 3313.562069 3417.348098 3565.276464 3691.872604 3788.168801 3835.687445 3851.484224 3838.105860 3811.056160 3794.933651 3794.445891 3782.384202 3777.191762 3764.324142 3759.745523 3747.663447 3740.611031 3738.213094 3738.996291 3737.704818 3730.549783 3715.316709 3675.466947 3641.672323 3599.353234 3555.154764 3535.141643 3518.691777 3503.606257 3509.731828 3505.114853 3511.046918 3514.715561 3525.403469 3540.237516 3559.504064 3582.499685 3592.171934 3602.725064 3613.140572 3634.176231 3663.320110 3702.945479 3753.780187 3808.188580 3843.530693 3849.467388 3830.098165 3823.435460 3829.619265 3856.560698 3917.418460 3985.319411 4076.020897 4142.195846 4209.335687 4265.968925 4293.113560 4329.515465 4400.993724 4449.114144 4493.124716 4470.635475 -9999.0 -9999.0 -9999.0 -9999.0 -9999.0 -9999.0 -9999.0 -9999.0 -9999.0 -9999.0
-9999.0 -9999.0 -9999.0 -9999.0 2719.136189 2835.971755 2930.307491 3001.725247 3134.467176 3265.574386 3371.674871 3459.783308 3530.781328 3557.159055 3560.098998 3580.264793 3580.502457 3570.555782 3559.462131 3566.196992 3573.062153 3567.544072 3550.355927 3545.185646 3550.934054 3560.902796 3560.764579 3549.773889 3533.481190 3523.441782 3514.404088 3486.637926 3457.246249 3432.190331 3422.430570 3421.764961 3423.331696 3416.235929 3425.311529 3435.367772 3451.945691 3467.279888 3490.789658 3520.751768 3535.744451 3550.304341 3558.371680 3576.057738 3604.130843 3655.119332 3716.390855 3772.668064 3806.402953 3806.181320 3776.834074 3754.099258 3740.176595 3756.049817 3783.235544 3831.926299 3920.427820 3982.234733 4026.093427 4063.680468 4099.989226 4166.284900 4262.866996 4345.203906 -9999.0 -9999.0 -9999.0 -9999.0 -9999.0 -9999.0 -9999.0 -9999.0 -9999.0 -9999.0 -9999.0 -9999.0
-9999.0 -9999.0 -9999.0 -9999.0 -9999.0 -9999.0 2702.724047 2810.852138 2835.872670 2986.882147 3135.601412 3243.907105 3327.995935 3365.389338 3401.902100 3433.707465 3435.194752 3414.496772 3391.981650 3415.158184 3436.579628 3430.440645 3397.686454 3400.638426 3409.633887 3418.901813 3418.100011 3414.495024 3392.568533 3413.596321 3421.918967 3402.310792 3379.964569 3370.326420 3360.977478 3372.698786 3374.148896 3360.518481 3359.635253 3388.597434 3410.370227 3423.344908 3444.161393 3477.380776 3509.850596 3525.520629 3525.986412 3529.880426 3565.186355 3632.653088 3703.374224 3758.343575 3789.176957 3793.379396 3761.968136 3716.447235 3689.489027 3687.118364 3709.869078 3747.264425 3807.019693 3841.907570 3850.373402 3848.441665 3858.529992 3959.692688 -9999.0 -9999.0 -9999.0 -9999.0 -9999.0 -9999.0 -9999.0 -9999.0 -9999.0 -9999.0 -9999.0 -9999.0 -9999.0 -9999.0
-9999.0 -9999.0 -9999.0 -9999.0 -9999.0 -9999.0 -9999.0 -9999.0 -9999.0 -9999.0 -9999.0 -9999.0 -9999.0 -9999.0 -9999.0 -9999.0 -9999.0 -9999.0 -9999.0 -9999.0 -9999.0 -9999.0 -9999.0 -9999.0 -9999.0 -9999.0 -9999.0 -9999.0 -9999.0 -9999.0 -9999.0 -9999.0 -9999.0 -9999.0 -9999.0 -9999.0 -9999.0 -9999.0 -9999.0 -9999.0 -9999.0 -9999.0 -9999.0 -9999.0 -9999.0 -9999.0 -9999.0 -9999.0 -9999.0 -9999.0 -9999.0 -9999.0 -9999.0 -9999.0 -9999.0 -9999.0 -9999.0 -9999.0 -9999.0 -9999.0 -9999.0 -9999.0 -9999.0 -9999.0 -9999.0 -9999.0 -9999.0 -9999.0 -9999.0 -9999.0 -9999.0 -9999.0 -9999.0 -9999.0 -9999.0 -9999.0 -9999.0 -9999.0 -9999.0 -9999.0
-9999.0 -9999.0 -9999.0 -9999.0 -9999.0 -9999.0 -9999.0 -9999.0 -9999.0 -9999.0 -9999.0 -9999.0 -9999.0 -9999.0 -9999.0 -9999.0 -9999.0 -9999.0 -9999.0 -9999.0 -9999.0 -9999.0 -9999.0 -9999.0 -9999.0 -9999.0 -9999.0 -9999.0 -9999.0 -9999.0 -9999.0 -9999.0 -9999.0 -9999.0 -9999.0 -9999.0 -9999.0 -9999.0 -9999.0 -9999.0 -9999.0 -9999.0 -9999.0 -9999.0 -9999.0 -9999.0 -9999.0 -9999.0 -9999.0 -9999.0 -9999.0 -9999.0 -9999.0 -9999.0 -9999.0 -9999.0 -9999.0 -9999.0 -9999.0 -9999.0 -9999.0 -9999.0 -9999.0 -9999.0 -9999.0 -9999.0 -9999.0 -9999.0 -9999.0 -9999.0 -9999.0 -9999.0 -9999.0 -9999.0 -9999.0 -9999.0 -9999.0 -9999.0 -9999.0 -9999.0