Borden_/Borden1m_014/output_maps/psiliqL0014N0015.asc
ncols         80
nrows         18
xllcorner     620200.000000
yllcorner     5168000.000000
cellsize      1.000000
NODATA_value  -9999.0
-9999.0 -9999.0 -9999.0 -9999.0 -9999.0 -9999.0 -9999.0 -9999.0 -9999.0 -9999.0 -9999.0 -9999.0 -9999.0 -9999.0 -9999.0 -9999.0 -9999.0 -9999.0 -9999.0 -9999.0 -9999.0 -9999.0 -9999.0 -9999.0 -9999.0 -9999.0 -9999.0 -9999.0 -9999.0 -9999.0 -9999.0 -9999.0 -9999.0 -9999.0 -9999.0 -9999.0 -9999.0 -9999.0 -9999.0 -9999.0 -9999.0 -9999.0 -9999.0 -9999.0 -9999.0 -9999.0 -9999.0 -9999.0 -9999.0 -9999.0 -9999.0 -9999.0 -9999.0 -9999.0 -9999.0 -9999.0 -9999.0 -9999.0 -9999.0 -9999.0 -9999.0 -9999.0 -9999.0 -9999.0 -9999.0 -9999.0 -9999.0 -9999.0 -9999.0 -9999.0 -9999.0 -9999.0 -9999.0 -9999.0 -9999.0 -9999.0 -9999.0 -9999.0 -9999.0 -9999.0
-9999.0 -9999.0 -9999.0 -9999.0 -9999.0 -9999.0 -9999.0 -9999.0 -9999.0 -9999.0 -9999.0 -9999.0 -9999.0 -9999.0 -9999.0 -9999.0 -9999.0 -9999.0 -9999.0 -9999.0 -9999.0 -9999.0 -9999.0 -9999.0 -9999.0 -9999.0 -9999.0 -9999.0 -9999.0 -9999.0 -9999.0 -9999.0 -9999.0 -9999.0 -9999.0 -9999.0 -9999.0 -9999.0 -9999.0 -9999.0 -9999.0 -9999.0 -9999.0 -9999.0 -9999.0 -9999.0 -9999.0 -9999.0 -9999.0 -9999.0 -9999.0 -9999.0 -9999.0 -9999.0 -9999.0 -9999.0 -9999.0 -9999.0 -9999.0 -9999.0 -9999.0 -9999.0 -9999.0 -9999.0 -9999.0 -9999.0 -9999.0 -9999.0 -9999.0 -9999.0 -9999.0 -9999.0 -9999.0 -9999.0 -9999.0 -9999.0 -9999.0 -9999.0 -9999.0 -9999.0
-9999.0 -9999.0 -9999.0 -9999.0 -9999.0 -9999.0 -9999.0 -9999.0 -9999.0 -9999.0 -9999.0 -9999.0 -9999.0 -9999.0 -9999.0 -9999.0 -9999.0 -9999.0 -9999.0 -9999.0 947.389433 950.376394 929.094834 896.513430 869.913133 873.592146 909.544855 951.943334 991.438428 1002.437694 985.984391 990.487652 988.471186 989.967016 994.721641 1003.282334 1008.725784 1020.505088 1028.954730 1028.211968 1021.659422 1016.118756 1016.074173 1018.879063 1024.236291 1013.572507 1027.846198 1043.121804 1047.855206 1041.444672 1012.340651 994.172537 982.573713 964.770016 987.278989 997.190743 1018.005595 1020.281887 1016.979814 988.742723 957.905578 -9999.0 -9999.0 -9999.0 -9999.0 -9999.0 -9999.0 -9999.0 -9999.0 -9999.0 -9999.0 -9999.0 -9999.0 -9999.0 -9999.0 -9999.0 -9999.0 -9999.0 -9999.0 -9999.0
-9999.0 -9999.0 -9999.0 -9999.0 -9999.0 -9999.0 -9999.0 -9999.0 -9999.0 -9999.0 -9999.0 -9999.0 -9999.0 -9999.0 853.206621 844.414276 842.825959 852.608051 887.650127 919.112444 931.695341 925.204174 926.557689 904.647333 886.107452 902.199467 933.685810 966.493942 1001.870003 1023.000017 1013.239118 1013.636121 1027.103577 1056.700830 1072.754065 1072.220514 1054.081045 1078.213722 1093.759922 1101.396950 1099.841782 1090.627018 1102.863427 1118.106449 1111.256250 1094.813998 1101.200988 1113.958587 1126.012752 1110.920072 1044.495870 1021.040983 1012.857265 1003.265474 987.025620 978.596499 1001.643354 999.300099 988.943041 969.344306 935.441267 890.571827 870.963742 908.464856 951.159498 1007.494737 -9999.0 -9999.0 -9999.0 -9999.0 -9999.0 -9999.0 -9999.0 -9999.0 -9999.0 -9999.0 -9999.0 -9999.0 -9999.0 -9999.0
-9999.0 -9999.0 -9999.0 -9999.0 -9999.0 -9999.0 -9999.0 -9999.0 -9999.0 793.226842 798.291543 806.402778 809.700834 826.399299 824.984697 833.418688 842.020570 870.784606 903.932021 941.154630 971.539290 964.027604 966.377012 979.355879 986.937440 1002.688240 1026.736810 1068.210322 1108.193356 1149.545002 1122.845398 1124.620674 1150.814555 1206.972189 1245.463174 1255.314237 1239.279645 1248.794475 1273.132558 1293.198737 1290.459939 1286.525224 1310.071867 1323.169373 1324.371890 1305.948745 1296.344567 1298.900804 1324.613109 1271.823145 1201.197574 1142.410082 1139.483797 1105.709635 1065.626893 1043.083834 1036.723452 1052.968388 1034.510059 994.847741 956.582921 943.646875 924.293450 939.605582 960.190127 1005.000292 1042.659815 1069.788704 1068.072073 1049.668361 -9999.0 -9999.0 -9999.0 -9999.0 -9999.0 -9999.0 -9999.0 -9999.0 -9999.0 -9999.0
-9999.0 -9999.0 -9999.0 -9999.0 -9999.0 -9999.0 713.795113 723.903013 744.904274 750.219570 776.420794 784.832007 806.641598 827.383523 850.722591 869.352578 901.648872 937.228737 981.811522 1029.393579 1064.733752 1061.761591 1074.733117 1110.784477 1159.519894 1196.157690 1224.636454 1264.731308 1339.108167 1380.199447 1389.294788 1399.606533 1421.028488 1486.537461 1558.255868 1576.279895 1558.983845 1545.842770 1564.147684 1595.984167 1597.741046 1596.396660 1604.663291 1612.865216 1638.331231 1631.788512 1598.167164 1588.472853 1588.060297 1570.975292 1503.789914 1424.883088 1379.172566 1325.039592 1240.994433 1183.794449 1183.942710 1192.768125 1156.751120 1098.808506 1054.479427 1039.820368 1020.960192 1004.583210 1008.109421 1024.676627 1044.695222 1053.718466 1038.817170 1016.122342 992.082738 961.858761 962.324926 986.547540 -9999.0 -9999.0 -9999.0 -9999.0 -9999.0 -9999.0
-9999.0 -9999.0 -9999.0 -9999.0 663.241039 676.886312 665.508661 691.442545 725.062128 760.220219 793.373664 831.741800 860.703732 893.175507 936.840088 975.527939 1021.083217 1061.003897 1123.013383 1201.621053 1258.999424 1285.435830 1303.260804 1370.116965 1451.048428 1515.477420 1539.715696 1564.779485 1602.020773 1655.629817 1680.329006 1688.940040 1712.051097 1754.296505 1803.858169 1837.351086 1822.956021 1816.865531 1822.099069 1831.003007 1851.489878 1850.889444 1851.648998 1853.454631 1858.033954 1859.237600 1839.611725 1811.307279 1800.486272 1791.660332 1760.589936 1687.650500 1645.563731 1616.458717 1585.220409 1533.416356 1461.119213 1427.638404 1360.156590 1298.322383 1231.293634 1201.267045 1162.959999 1132.083147 1098.192294 1094.534733 1093.289490 1069.146002 1033.978082 999.138302 981.816588 960.894547 948.041256 976.364935 992.592837 1021.999399 -9999.0 -9999.0 -9999.0 -9999.0
-9999.0 -9999.0 602.685731 652.267948 710.369262 720.778228 723.157390 730.506901 760.225618 813.793170 891.420661 944.498159 989.442126 1026.499896 1092.249389 1180.606759 1258.397211 1312.954464 1384.575752 1473.923137 1544.503443 1578.286735 1593.962472 1633.960170 1694.015022 1758.866144 1785.630185 1808.853724 1834.449746 1862.785070 1873.032929 1887.605970 1898.269556 1903.794875 1910.304631 1911.833930 1908.353442 1904.496842 1887.320125 1883.495214 1889.458256 1893.592735 1895.093783 1882.304190 1878.891166 1893.086459 1898.646261 1900.678385 1902.823343 1910.853054 1913.957340 1874.429893 1836.553909 1822.765943 1814.466944 1771.794990 1707.180929 1661.250846 1636.627862 1594.656183 1515.115365 1450.799447 1388.015896 1332.477722 1272.922514 1231.118518 1176.351499 1127.622603 1076.252881 1026.207633 999.009484 977.464074 971.817012 968.846952 982.658981 996.265493 1010.302106 1017.415989 -9999.0 -9999.0
-9999.0 499.465795 572.509836 700.186422 782.397526 830.353772 866.854336 892.965745 922.700019 949.646412 1057.800325 1153.778192 1247.514253 1288.387533 1348.718617 1462.550168 1562.539220 1610.898593 1653.754012 1716.572888 1777.607721 1821.556291 1846.534653 1858.720432 1893.866028 1907.737865 1911.254050 1913.954490 1908.813578 1899.685363 1889.840154 1896.330544 1894.304607 1877.340617 1861.368212 1856.314773 1850.070035 1827.941995 1802.604721 1789.801235 1792.735707 1814.816689 1803.833534 1784.715059 1781.454417 1801.793502 1820.855642 1814.658805 1806.366531 1826.253296 1860.752000 1881.297407 1891.660363 1907.917675 1928.093792 1902.225831 1873.190884 1832.441221 1814.643504 1788.893588 1734.944519 1673.958897 1619.484142 1559.721330 1486.480488 1399.358866 1323.075797 1250.602851 1176.371813 1129.331626 1092.025444 1035.462554 1008.467202 1004.605223 991.678693 985.973401 989.923573 995.364634 -9999.0 -9999.0
-9999.0 419.929049 563.289079 749.966175 902.450994 969.193591 1082.407424 1165.664857 1194.047888 1168.478178 1280.671199 1510.182468 1613.643046 1632.657479 1706.161011 1797.907819 1822.016254 1855.438759 1879.512541 1891.151731 1898.894766 1906.338409 1902.566423 1896.312559 1883.157910 1877.353885 1878.047439 1877.008007 1861.256229 1842.169585 1822.843888 1817.693174 1800.522402 1758.668051 1723.352180 1698.857318 1678.131400 1658.510929 1628.518622 1604.658771 1591.614664 1607.908861 1601.618055 1586.108009 1582.571812 1603.535775 1635.193317 1633.300581 1645.756177 1673.986845 1718.802706 1758.360834 1780.090088 1809.245146 1844.348999 1885.216276 1899.069312 1919.651198 1924.054907 1906.113325 1865.988595 1818.650030 1789.811550 1735.132215 1666.982401 1585.899690 1513.892362 1436.384649 1355.759984 1300.513743 1242.134864 1172.201126 1106.691241 1071.101273 1024.720897 1000.704473 -9999.0 -9999.0 -9999.0 -9999.0
-9999.0 342.304647 531.758738 793.722284 1075.256163 1204.241241 1429.299426 1562.254942 1617.249030 1683.468200 1667.317138 1811.181827 1849.166655 1845.501304 1844.929865 1852.012825 1869.720229 1874.962587 1873.060883 1864.908157 1856.092356 1849.598453 1845.515655 1836.964109 1825.430828 1812.550127 1802.174527 1792.669612 1758.637153 1724.522857 1682.396729 1662.907044 1623.808087 1533.505599 1483.702776 1431.517235 1362.667310 1352.062776 1345.180878 1317.609764 1298.937560 1279.610723 1301.469461 1305.908795 1308.271939 1312.045639 1330.059488 1356.538712 1408.420092 1458.544533 1518.323813 1576.770133 1613.861115 1660.603056 1710.435910 1764.535289 1794.338008 1823.206366 1868.308679 1905.936300 1929.598281 1920.732255 1897.078381 1858.618403 1796.976941 1738.284923 1693.924625 1622.901747 1559.313674 1502.167772 1439.668607 1365.014009 1280.968526 1168.493193 1115.743449 -9999.0 -9999.0 -9999.0 -9999.0 -9999.0
-9999.0 165.060994 433.818458 726.035971 1051.517088 1399.603245 1545.664772 1680.832350 1753.277162 1721.220548 1728.490987 1749.176859 1788.933073 1797.425350 1781.282693 1776.834243 1768.859063 1770.404748 1783.885483 1758.399151 1726.687229 1705.892606 1699.449072 1684.505661 1660.432887 1644.340637 1634.053288 1616.532078 1570.421548 1513.767321 1416.150877 1375.685629 1295.439437 1236.076140 1186.874120 1129.430777 1072.305517 1068.179457 1084.406514 1069.546758 1047.660268 1029.563899 1056.333213 1074.129941 1086.400388 1075.546370 1085.414445 1123.287332 1177.014873 1228.060649 1286.281664 1346.723302 1399.697991 1460.056554 1508.565997 1565.422142 1613.810577 1662.077324 1738.216397 1815.371341 1851.683722 1885.773067 1919.875288 1938.652002 1892.989898 1850.694047 1808.510729 1758.064030 1687.481839 1649.897103 1620.483461 1561.049618 1495.460964 -9999.0 -9999.0 -9999.0 -9999.0 -9999.0 -9999.0 -9999.0
-9999.0 37.409397 258.611579 492.633666 784.525515 1032.952209 1237.899238 1365.491214 1452.725711 1490.741626 1526.767099 1559.848511 1589.035306 1611.541866 1593.068430 1558.854910 1533.902814 1539.019166 1534.898564 1508.533240 1470.325717 1438.648991 1425.830797 1412.295459 1383.046783 1366.277622 1355.005432 1332.470170 1297.985405 1238.906674 1151.493849 1074.147041 1009.948928 975.649421 943.495951 907.547778 868.848664 877.732862 890.271926 886.565039 875.877050 872.883477 902.364969 921.529301 931.850656 920.240356 939.831690 967.740333 1011.479663 1057.435806 1109.952677 1168.233725 1225.939978 1262.381274 1285.514498 1317.690884 1363.286152 1428.803535 1531.985550 1635.063032 1718.725130 1769.166633 1820.352175 1856.276468 1872.597983 1889.284965 1870.859570 1798.046608 1689.386018 1710.993863 1719.669286 -9999.0 -9999.0 -9999.0 -9999.0 -9999.0 -9999.0 -9999.0 -9999.0 -9999.0
-9999.0 -9999.0 23.887925 204.603945 348.362976 533.429823 689.518509 806.832862 898.905112 1012.760164 1118.099160 1200.633406 1243.791864 1261.337243 1248.105901 1215.816301 1195.086250 1195.246314 1184.265330 1170.094600 1143.420464 1126.847502 1110.187115 1098.182576 1084.844253 1077.539348 1071.590711 1059.887019 1037.053854 988.572181 936.147258 882.092691 826.890079 800.240283 777.078046 753.959999 750.994671 747.014079 752.725050 754.154599 760.733575 773.233009 793.650597 815.621461 825.443010 834.006468 846.879873 871.250099 905.452353 948.947531 1004.276417 1063.296152 1104.987671 1120.887030 1115.470664 1124.571015 1150.003083 1200.827369 1294.737294 1393.961796 1509.604847 1591.528800 1669.954550 1730.980930 1753.022406 1772.015094 1791.153727 1723.998656 1363.484861 1630.616146 -9999.0 -9999.0 -9999.0 -9999.0 -9999.0 -9999.0 -9999.0 -9999.0 -9999.0 -9999.0
-9999.0 -9999.0 -9999.0 -9999.0 62.335003 219.539263 317.652299 403.694353 533.555409 653.485593 753.529293 835.692425 895.419428 921.438327 915.968671 919.014360 913.804474 908.110787 897.750085 893.616733 888.298418 877.199538 860.968271 851.543151 850.636877 854.357154 851.544416 837.758221 820.099233 795.469961 772.899147 737.139993 699.945707 670.015218 656.209061 649.532234 648.958105 642.197470 651.047400 658.089472 673.265001 688.660115 712.613975 741.505125 755.012078 769.734313 779.697302 800.691837 831.559909 885.556058 949.604493 1007.932248 1044.428005 1050.209299 1027.083898 1013.625264 1012.929367 1045.340670 1097.729058 1175.142933 1289.725798 1375.181704 1450.872413 1520.055175 1565.842668 1618.951006 1685.803035 1719.934461 -9999.0 -9999.0 -9999.0 -9999.0 -9999.0 -9999.0 -9999.0 -9999.0 -9999.0 -9999.0 -9999.0 -9999.0
-9999.0 -9999.0 -9999.0 -9999.0 -9999.0 -9999.0 16.570041 117.654966 201.891729 337.227661 463.757612 563.068861 641.928424 671.983331 695.981779 721.701700 719.086249 700.820226 681.793305 698.573773 709.332614 701.870177 671.073078 669.130043 672.753656 680.917517 678.817283 672.324243 647.093172 657.026291 656.394558 632.553242 605.934862 591.413826 579.254058 588.622825 588.783260 575.395361 576.527698 603.073439 623.196424 636.524011 658.661348 691.939371 724.248250 739.252399 740.652985 747.068446 787.950437 858.677689 930.506716 985.996764 1018.756818 1027.619782 1001.215907 962.284457 943.394788 953.214559 992.204274 1051.088126 1135.154539 1193.919701 1234.284744 1266.027891 1297.327396 1392.828737 -9999.0 -9999.0 -9999.0 -9999.0 -9999.0 -9999.0 -9999.0 -9999.0 -9999.0 -9999.0 -9999.0 -9999.0 -9999.0 -9999.0
-9999.0 -9999.0 -9999.0 -9999.0 -9999.0 -9999.0 -9999.0 -9999.0 -9999.0 -9999.0 -9999.0 -9999.0 -9999.0 -9999.0 -9999.0 -9999.0 -9999.0 -9999.0 -9999.0 -9999.0 -9999.0 -9999.0 -9999.0 -9999.0 -9999.0 -9999.0 -9999.0 -9999.0 -9999.0 -9999.0 -9999.0 -9999.0 -9999.0 -9999.0 -9999.0 -9999.0 -9999.0 -9999.0 -9999.0 -9999.0 -9999.0 -9999.0 -9999.0 -9999.0 -9999.0 -9999.0 -9999.0 -9999.0 -9999.0 -9999.0 -9999.0 -9999.0 -9999.0 -9999.0 -9999.0 -9999.0 -9999.0 -9999.0 -9999.0 -9999.0 -9999.0 -9999.0 -9999.0 -9999.0 -9999.0 -9999.0 -9999.0 -9999.0 -9999.0 -9999.0 -9999.0 -9999.0 -9999.0 -9999.0 -9999.0 -9999.0 -9999.0 -9999.0 -9999.0 -9999.0
-9999.0 -9999.0 -9999.0 -9999.0 -9999.0 -9999.0 -9999.0 -9999.0 -9999.0 -9999.0 -9999.0 -9999.0 -9999.0 -9999.0 -9999.0 -9999.0 -9999.0 -9999.0 -9999.0 -9999.0 -9999.0 -9999.0 -9999.0 -9999.0 -9999.0 -9999.0 -9999.0 -9999.0 -9999.0 -9999.0 -9999.0 -9999.0 -9999.0 -9999.0 -9999.0 -9999.0 -9999.0 -9999.0 -9999.0 -9999.0 -9999.0 -9999.0 -9999.0 -9999.0 -9999.0 -9999.0 -9999.0 -9999.0 -9999.0 -9999.0 -9999.0 -9999.0 -9999.0 -9999.0 -9999.0 -9999.0 -9999.0 -9999.0 -9999.0 -9999.0 -9999.0 -9999.0 -9999.0 -9999.0 -9999.0 -9999.0 -9999.0 -9999.0 -9999.0 -9999.0 -9999.0 -9999.0 -9999.0 -9999.0 -9999.0 -9999.0 -9999.0 -9999.0 -9999.0 -9999.0