Borden_/Borden1m_014/output_maps/psiliqL0023N0022.asc
ncols         80
nrows         18
xllcorner     620200.000000
yllcorner     5168000.000000
cellsize      1.000000
NODATA_value  -9999.0
-9999.0 -9999.0 -9999.0 -9999.0 -9999.0 -9999.0 -9999.0 -9999.0 -9999.0 -9999.0 -9999.0 -9999.0 -9999.0 -9999.0 -9999.0 -9999.0 -9999.0 -9999.0 -9999.0 -9999.0 -9999.0 -9999.0 -9999.0 -9999.0 -9999.0 -9999.0 -9999.0 -9999.0 -9999.0 -9999.0 -9999.0 -9999.0 -9999.0 -9999.0 -9999.0 -9999.0 -9999.0 -9999.0 -9999.0 -9999.0 -9999.0 -9999.0 -9999.0 -9999.0 -9999.0 -9999.0 -9999.0 -9999.0 -9999.0 -9999.0 -9999.0 -9999.0 -9999.0 -9999.0 -9999.0 -9999.0 -9999.0 -9999.0 -9999.0 -9999.0 -9999.0 -9999.0 -9999.0 -9999.0 -9999.0 -9999.0 -9999.0 -9999.0 -9999.0 -9999.0 -9999.0 -9999.0 -9999.0 -9999.0 -9999.0 -9999.0 -9999.0 -9999.0 -9999.0 -9999.0
-9999.0 -9999.0 -9999.0 -9999.0 -9999.0 -9999.0 -9999.0 -9999.0 -9999.0 -9999.0 -9999.0 -9999.0 -9999.0 -9999.0 -9999.0 -9999.0 -9999.0 -9999.0 -9999.0 -9999.0 -9999.0 -9999.0 -9999.0 -9999.0 -9999.0 -9999.0 -9999.0 -9999.0 -9999.0 -9999.0 -9999.0 -9999.0 -9999.0 -9999.0 -9999.0 -9999.0 -9999.0 -9999.0 -9999.0 -9999.0 -9999.0 -9999.0 -9999.0 -9999.0 -9999.0 -9999.0 -9999.0 -9999.0 -9999.0 -9999.0 -9999.0 -9999.0 -9999.0 -9999.0 -9999.0 -9999.0 -9999.0 -9999.0 -9999.0 -9999.0 -9999.0 -9999.0 -9999.0 -9999.0 -9999.0 -9999.0 -9999.0 -9999.0 -9999.0 -9999.0 -9999.0 -9999.0 -9999.0 -9999.0 -9999.0 -9999.0 -9999.0 -9999.0 -9999.0 -9999.0
-9999.0 -9999.0 -9999.0 -9999.0 -9999.0 -9999.0 -9999.0 -9999.0 -9999.0 -9999.0 -9999.0 -9999.0 -9999.0 -9999.0 -9999.0 -9999.0 -9999.0 -9999.0 -9999.0 -9999.0 2755.436969 2757.700514 2737.370894 2705.184559 2679.074397 2683.202069 2718.803080 2761.833924 2803.037008 2813.633188 2797.319575 2802.953475 2800.145267 2797.014925 2798.707625 2807.133664 2814.592643 2824.570331 2832.519562 2831.593537 2825.568347 2821.434193 2824.031812 2826.158515 2831.909721 2817.585128 2832.079348 2793.953181 2798.217190 2795.217287 2817.542157 2802.300326 2791.135977 2772.594299 2795.832071 2805.190069 2794.311021 2798.278699 2796.443928 2794.873259 2764.086935 -9999.0 -9999.0 -9999.0 -9999.0 -9999.0 -9999.0 -9999.0 -9999.0 -9999.0 -9999.0 -9999.0 -9999.0 -9999.0 -9999.0 -9999.0 -9999.0 -9999.0 -9999.0 -9999.0
-9999.0 -9999.0 -9999.0 -9999.0 -9999.0 -9999.0 -9999.0 -9999.0 -9999.0 -9999.0 -9999.0 -9999.0 -9999.0 -9999.0 2660.202648 2652.465108 2651.424974 2660.985661 2695.576544 2727.176340 2739.088268 2733.021598 2734.554238 2712.145975 2692.125080 2707.443234 2739.248864 2771.401697 2807.439974 2828.187302 2819.797954 2819.630675 2828.983590 2795.951471 2804.741774 2801.981121 2841.378151 2808.108495 2821.216112 2826.309925 2824.434151 2814.749707 2824.172935 2838.354763 2831.336907 2815.872941 2825.760353 2839.687067 2850.774914 2841.840488 2835.411173 2819.083044 2812.541301 2804.858103 2788.811091 2782.759732 2808.295870 2804.366331 2794.406341 2775.418556 2741.058470 2695.554228 2675.104155 2713.244403 2755.122950 2789.756757 -9999.0 -9999.0 -9999.0 -9999.0 -9999.0 -9999.0 -9999.0 -9999.0 -9999.0 -9999.0 -9999.0 -9999.0 -9999.0 -9999.0
-9999.0 -9999.0 -9999.0 -9999.0 -9999.0 -9999.0 -9999.0 -9999.0 -9999.0 2597.757682 2604.255337 2612.916976 2617.359802 2634.491976 2632.566193 2641.362136 2648.356456 2677.884590 2709.848929 2745.611234 2773.764608 2767.754157 2767.991653 2775.594368 2774.787317 2786.299683 2809.573339 2796.605851 2828.308791 2864.280547 2831.833655 2827.687981 2845.767785 2888.049086 2913.379391 2916.535568 2898.724839 2913.122315 2936.687745 2953.371093 2950.155243 2944.631669 2969.563898 2984.176141 2979.719308 2958.980241 2956.069205 2962.287380 2990.633710 2940.130795 2874.986332 2834.133568 2847.444737 2825.104865 2797.357720 2832.967839 2830.548735 2804.760432 2792.266690 2794.443694 2759.458616 2745.818907 2726.343723 2743.803119 2764.497328 2785.640499 2825.088847 2854.585111 2854.080540 2836.794728 -9999.0 -9999.0 -9999.0 -9999.0 -9999.0 -9999.0 -9999.0 -9999.0 -9999.0 -9999.0
-9999.0 -9999.0 -9999.0 -9999.0 -9999.0 -9999.0 2516.645692 2528.175499 2550.459260 2554.918515 2582.931255 2590.436256 2612.368886 2632.687971 2656.812962 2673.273223 2702.488442 2736.018359 2774.661277 2816.033540 2800.894672 2841.141933 2796.433290 2817.116325 2846.379578 2867.531063 2890.524671 2927.663407 2982.475643 3018.367566 3013.311161 3014.464032 3022.691012 3072.256076 3135.789369 3147.428380 3127.003879 3113.612289 3136.083822 3172.566999 3171.763373 3170.671550 3180.029695 3190.310062 3216.924614 3206.913958 3173.813406 3167.060318 3172.153947 3151.469193 3085.265175 3027.823536 3007.244937 2978.872213 2897.170277 2852.513458 2872.169791 2897.323898 2874.182771 2825.291508 2837.065949 2827.112603 2811.457768 2799.437748 2807.346557 2798.014395 2821.407427 2834.679381 2822.577107 2801.971118 2792.770555 2762.673260 2763.415967 2787.281727 -9999.0 -9999.0 -9999.0 -9999.0 -9999.0 -9999.0
-9999.0 -9999.0 -9999.0 -9999.0 2464.777120 2479.010207 2466.569033 2494.552246 2529.020646 2565.093107 2595.762315 2632.308874 2659.993833 2691.109378 2728.386638 2756.903384 2795.180591 2829.723482 2825.852981 2887.879387 2933.088386 2948.927082 2957.980450 2991.937026 3047.814688 3095.129714 3113.546637 3138.729321 3179.654579 3235.355732 3257.800310 3261.034820 3277.846434 3319.009952 3372.894320 3407.052387 3389.792740 3381.176877 3390.212777 3403.596719 3425.712245 3425.815704 3426.880143 3430.511668 3437.478083 3436.178354 3410.667911 3377.748805 3365.261676 3355.663277 3320.122725 3249.679427 3218.538285 3191.019173 3154.606512 3102.065895 3051.945139 3050.441823 2997.174762 2960.072357 2908.296039 2897.247617 2874.695738 2856.780187 2837.289240 2846.915464 2856.817292 2840.517312 2810.191005 2797.928378 2781.712072 2761.267719 2747.815482 2776.883683 2785.740572 2815.199981 -9999.0 -9999.0 -9999.0 -9999.0
-9999.0 -9999.0 2402.783862 2450.067829 2508.925029 2517.915699 2515.663389 2522.242350 2552.421187 2605.777771 2676.090287 2719.343633 2755.721973 2791.376553 2795.274242 2859.615821 2921.328436 2964.132301 3004.440803 3072.168203 3130.633176 3157.694303 3167.065741 3199.033164 3252.234136 3318.687863 3345.740176 3371.409882 3401.687030 3436.612855 3432.727326 3444.067296 3455.561997 3466.088590 3478.986906 3485.005424 3480.524659 3476.008878 3457.679673 3452.869541 3459.427637 3466.714902 3466.263413 3451.887085 3447.936559 3462.622968 3468.348277 3466.606392 3464.395053 3469.758146 3467.081064 3421.100612 3399.318556 3384.765449 3374.505799 3329.434523 3264.205390 3231.028604 3210.880180 3174.141243 3101.642802 3062.613167 3022.660466 2987.245878 2962.659256 2945.890906 2910.534549 2876.545603 2836.107595 2794.330080 2792.224129 2773.856023 2770.239553 2767.666978 2783.031528 2790.257524 2805.779578 2813.700314 -9999.0 -9999.0
-9999.0 2293.848204 2365.763726 2489.930372 2570.393141 2613.037028 2631.563684 2643.637517 2674.656458 2711.571384 2806.110240 2818.536493 2901.350605 2937.842309 2979.657879 3052.407185 3143.892669 3183.317934 3220.206417 3280.718509 3343.893914 3389.528093 3415.233005 3401.032377 3438.493738 3463.758923 3470.410061 3476.346608 3475.260517 3466.858289 3459.915611 3466.753938 3464.015010 3445.288326 3429.643942 3428.058499 3424.758199 3401.842972 3374.903361 3359.906334 3361.775711 3385.947707 3373.450244 3352.298016 3347.963078 3369.293370 3389.630738 3379.208136 3366.484639 3382.638992 3416.642911 3440.285678 3443.365124 3461.351562 3482.338093 3454.164672 3431.377215 3388.782499 3372.580707 3347.542745 3291.967559 3237.372999 3189.982335 3144.035366 3091.405454 3041.315902 2993.543657 2957.890725 2902.318118 2867.696288 2841.953525 2797.275224 2798.438486 2787.320572 2790.185935 2786.275381 2785.208672 2791.568990 -9999.0 -9999.0
-9999.0 2201.394405 2341.654583 2522.412289 2669.993616 2719.875818 2796.078622 2827.959043 2844.147868 2846.668229 2895.724791 3093.428661 3204.771522 3219.879159 3292.253761 3382.851937 3372.768902 3402.843406 3424.772067 3446.009534 3463.171704 3475.882765 3473.746311 3468.119459 3451.957065 3444.027951 3443.238147 3441.242875 3424.227614 3405.616031 3389.072333 3386.289115 3369.311396 3321.995747 3289.579114 3273.013263 3255.818523 3241.874530 3214.115810 3188.826409 3176.032027 3185.253775 3182.232652 3170.653496 3166.229532 3182.193784 3212.899659 3209.664780 3219.672787 3238.890436 3274.147241 3311.205072 3330.148218 3358.675965 3393.483701 3439.775711 3449.797536 3471.885490 3475.235634 3462.957802 3417.771830 3367.594099 3338.681366 3284.299314 3224.977516 3166.012374 3117.555495 3072.958377 3018.178360 2983.627290 2952.926949 2898.010378 2852.324441 2840.537877 2805.548693 2790.664581 -9999.0 -9999.0 -9999.0 -9999.0
-9999.0 2104.819048 2286.624087 2531.194769 2808.093538 2886.913858 3077.363181 3188.054036 3227.075692 3292.056555 3194.071665 3381.684582 3428.434850 3421.880207 3432.002634 3434.269215 3447.868648 3447.570931 3442.522705 3431.756274 3422.511856 3418.205678 3417.036928 3409.190360 3396.719495 3382.281019 3370.880203 3359.853184 3324.106265 3292.914866 3255.553651 3243.611948 3201.935005 3114.294427 3075.643993 3038.828155 2980.849352 2982.275518 2987.013981 2979.522937 2960.777851 2934.420112 2962.059576 2971.248570 2974.947359 2971.879524 2982.977283 2992.558967 3038.098928 3071.584260 3110.258479 3157.304170 3184.265121 3222.815864 3262.712913 3314.317360 3344.574971 3372.987349 3420.149549 3456.803011 3479.209473 3466.078232 3446.191014 3403.200899 3344.017257 3295.192249 3267.051714 3217.749309 3176.505759 3132.770143 3086.519432 3033.907885 2980.583989 2921.386229 2885.505331 -9999.0 -9999.0 -9999.0 -9999.0 -9999.0
-9999.0 1892.458644 2157.402272 2429.441663 2716.296667 3028.527360 3183.046587 3279.814456 3340.717850 3317.056933 3334.183384 3342.121034 3378.224469 3384.495994 3363.170701 3350.209162 3333.796853 3332.708370 3345.663247 3318.922802 3289.458429 3276.547957 3277.356079 3266.645868 3243.352060 3228.468219 3219.140199 3201.472743 3161.354083 3112.452012 3030.648870 2999.494525 2939.575436 2897.766954 2859.903602 2813.209098 2822.228974 2823.877445 2795.432113 2833.220835 2811.282276 2793.148194 2821.747577 2796.506439 2809.025624 2793.932863 2800.974751 2834.920434 2881.641709 2922.135084 2966.717655 2998.545828 3039.186920 3078.607059 3100.743915 3141.131438 3179.743525 3220.560353 3289.461363 3365.626042 3399.805466 3433.466209 3463.381915 3484.797598 3442.593028 3415.411791 3392.430630 3370.045565 3324.834224 3280.055731 3239.578187 3176.606322 3118.350073 -9999.0 -9999.0 -9999.0 -9999.0 -9999.0 -9999.0 -9999.0
-9999.0 1776.820911 1976.393376 2177.415742 2436.878734 2673.229441 2861.554070 2954.305196 3012.300009 3072.763347 3120.668085 3155.684496 3179.230946 3200.087690 3177.346070 3135.543610 3104.262342 3108.926772 3101.281563 3079.853430 3052.204943 3039.239243 3037.522624 3032.649304 3011.282928 3000.715508 2993.959740 2992.030901 2965.759977 2913.146046 2840.990370 2820.916874 2764.090762 2739.373159 2712.846813 2682.663988 2653.309245 2663.928004 2673.631742 2673.013266 2664.964401 2663.958771 2692.761112 2711.420821 2721.605417 2711.677552 2731.680661 2757.670228 2798.166951 2797.608610 2842.405297 2892.263520 2941.205889 2963.174198 2968.020084 2982.568076 2993.569147 3036.946111 3113.033778 3195.144792 3269.860373 3314.078992 3363.852590 3402.428263 3429.264018 3456.412503 3477.002935 3468.685601 3443.883422 3411.259406 3354.251643 -9999.0 -9999.0 -9999.0 -9999.0 -9999.0 -9999.0 -9999.0 -9999.0 -9999.0
-9999.0 -9999.0 1748.922656 1907.575100 2015.040212 2182.244585 2327.792874 2437.987396 2539.547347 2678.997605 2800.123373 2843.344460 2887.845358 2903.687320 2889.925811 2860.962755 2842.911442 2842.558771 2831.184164 2823.695469 2807.932490 2802.433898 2852.504137 2843.327560 2835.835691 2831.830607 2826.715223 2816.784722 2796.735614 2751.738363 2709.693371 2662.553955 2611.788110 2587.662340 2567.149348 2547.786414 2549.472428 2543.756591 2548.280793 2550.326561 2558.905781 2572.488514 2592.006736 2615.107982 2625.348238 2636.044900 2648.527454 2672.232499 2704.885171 2746.783413 2801.037817 2821.155482 2856.937957 2864.874070 2849.109290 2846.360307 2856.783535 2888.569454 2954.779018 3006.260274 3093.932262 3158.051881 3221.373516 3276.110490 3302.007366 3338.318716 3406.432033 3454.307399 3494.439641 3472.173946 -9999.0 -9999.0 -9999.0 -9999.0 -9999.0 -9999.0 -9999.0 -9999.0 -9999.0 -9999.0
-9999.0 -9999.0 -9999.0 -9999.0 1768.243438 1917.404256 2015.243222 2096.343094 2230.033429 2359.351725 2465.788464 2553.018281 2621.613157 2650.409349 2652.140994 2667.683707 2667.004697 2659.322165 2649.100547 2652.509610 2655.640091 2648.702022 2632.398604 2625.116228 2627.191224 2633.152373 2630.036736 2616.031870 2597.094211 2579.724948 2563.924206 2531.641852 2498.201938 2469.767769 2457.023091 2452.841883 2452.439238 2444.367502 2452.403478 2460.653807 2476.211574 2491.246345 2514.741889 2544.067692 2558.855679 2574.144744 2583.836768 2603.838485 2634.757523 2688.516059 2752.642634 2810.829915 2815.115247 2816.340524 2830.582199 2814.362439 2809.076227 2834.575353 2810.646952 2864.193908 2954.986534 2998.273941 3044.593688 3084.338661 3120.588860 3180.927355 3272.609722 3352.337289 -9999.0 -9999.0 -9999.0 -9999.0 -9999.0 -9999.0 -9999.0 -9999.0 -9999.0 -9999.0 -9999.0 -9999.0
-9999.0 -9999.0 -9999.0 -9999.0 -9999.0 -9999.0 1741.034983 1846.170536 1917.291364 2067.436338 2210.064200 2317.364317 2401.327428 2437.421308 2471.024991 2501.851024 2502.783288 2483.632656 2462.841667 2484.001895 2501.794920 2495.322779 2463.576939 2464.079484 2469.863957 2477.058836 2473.897812 2467.263066 2442.089329 2457.067092 2460.210401 2437.283547 2411.774814 2398.712138 2387.026153 2396.663900 2396.557304 2382.075371 2381.142713 2408.567455 2429.304408 2442.150640 2463.340315 2496.613559 2529.352890 2545.393989 2547.053347 2552.881315 2591.178716 2661.486886 2734.386013 2791.183279 2796.150086 2801.573041 2809.043820 2769.208905 2749.304926 2755.904618 2788.857545 2837.997498 2836.511457 2874.874261 2889.817842 2894.650956 2909.094331 2982.347004 -9999.0 -9999.0 -9999.0 -9999.0 -9999.0 -9999.0 -9999.0 -9999.0 -9999.0 -9999.0 -9999.0 -9999.0 -9999.0 -9999.0
-9999.0 -9999.0 -9999.0 -9999.0 -9999.0 -9999.0 -9999.0 -9999.0 -9999.0 -9999.0 -9999.0 -9999.0 -9999.0 -9999.0 -9999.0 -9999.0 -9999.0 -9999.0 -9999.0 -9999.0 -9999.0 -9999.0 -9999.0 -9999.0 -9999.0 -9999.0 -9999.0 -9999.0 -9999.0 -9999.0 -9999.0 -9999.0 -9999.0 -9999.0 -9999.0 -9999.0 -9999.0 -9999.0 -9999.0 -9999.0 -9999.0 -9999.0 -9999.0 -9999.0 -9999.0 -9999.0 -9999.0 -9999.0 -9999.0 -9999.0 -9999.0 -9999.0 -9999.0 -9999.0 -9999.0 -9999.0 -9999.0 -9999.0 -9999.0 -9999.0 -9999.0 -9999.0 -9999.0 -9999.0 -9999.0 -9999.0 -9999.0 -9999.0 -9999.0 -9999.0 -9999.0 -9999.0 -9999.0 -9999.0 -9999.0 -9999.0 -9999.0 -9999.0 -9999.0 -9999.0
-9999.0 -9999.0 -9999.0 -9999.0 -9999.0 -9999.0 -9999.0 -9999.0 -9999.0 -9999.0 -9999.0 -9999.0 -9999.0 -9999.0 -9999.0 -9999.0 -9999.0 -9999.0 -9999.0 -9999.0 -9999.0 -9999.0 -9999.0 -9999.0 -9999.0 -9999.0 -9999.0 -9999.0 -9999.0 -9999.0 -9999.0 -9999.0 -9999.0 -9999.0 -9999.0 -9999.0 -9999.0 -9999.0 -9999.0 -9999.0 -9999.0 -9999.0 -9999.0 -9999.0 -9999.0 -9999.0 -9999.0 -9999.0 -9999.0 -9999.0 -9999.0 -9999.0 -9999.0 -9999.0 -9999.0 -9999.0 -9999.0 -9999.0 -9999.0 -9999.0 -9999.0 -9999.0 -9999.0 -9999.0 -9999.0 -9999.0 -9999.0 -9999.0 -9999.0 -9999.0 -9999.0 -9999.0 -9999.0 -9999.0 -9999.0 -9999.0 -9999.0 -9999.0 -9999.0 -9999.0