Borden_/Borden1m_014/output_maps/psiliqL0021N0017.asc
ncols         80
nrows         18
xllcorner     620200.000000
yllcorner     5168000.000000
cellsize      1.000000
NODATA_value  -9999.0
-9999.0 -9999.0 -9999.0 -9999.0 -9999.0 -9999.0 -9999.0 -9999.0 -9999.0 -9999.0 -9999.0 -9999.0 -9999.0 -9999.0 -9999.0 -9999.0 -9999.0 -9999.0 -9999.0 -9999.0 -9999.0 -9999.0 -9999.0 -9999.0 -9999.0 -9999.0 -9999.0 -9999.0 -9999.0 -9999.0 -9999.0 -9999.0 -9999.0 -9999.0 -9999.0 -9999.0 -9999.0 -9999.0 -9999.0 -9999.0 -9999.0 -9999.0 -9999.0 -9999.0 -9999.0 -9999.0 -9999.0 -9999.0 -9999.0 -9999.0 -9999.0 -9999.0 -9999.0 -9999.0 -9999.0 -9999.0 -9999.0 -9999.0 -9999.0 -9999.0 -9999.0 -9999.0 -9999.0 -9999.0 -9999.0 -9999.0 -9999.0 -9999.0 -9999.0 -9999.0 -9999.0 -9999.0 -9999.0 -9999.0 -9999.0 -9999.0 -9999.0 -9999.0 -9999.0 -9999.0
-9999.0 -9999.0 -9999.0 -9999.0 -9999.0 -9999.0 -9999.0 -9999.0 -9999.0 -9999.0 -9999.0 -9999.0 -9999.0 -9999.0 -9999.0 -9999.0 -9999.0 -9999.0 -9999.0 -9999.0 -9999.0 -9999.0 -9999.0 -9999.0 -9999.0 -9999.0 -9999.0 -9999.0 -9999.0 -9999.0 -9999.0 -9999.0 -9999.0 -9999.0 -9999.0 -9999.0 -9999.0 -9999.0 -9999.0 -9999.0 -9999.0 -9999.0 -9999.0 -9999.0 -9999.0 -9999.0 -9999.0 -9999.0 -9999.0 -9999.0 -9999.0 -9999.0 -9999.0 -9999.0 -9999.0 -9999.0 -9999.0 -9999.0 -9999.0 -9999.0 -9999.0 -9999.0 -9999.0 -9999.0 -9999.0 -9999.0 -9999.0 -9999.0 -9999.0 -9999.0 -9999.0 -9999.0 -9999.0 -9999.0 -9999.0 -9999.0 -9999.0 -9999.0 -9999.0 -9999.0
-9999.0 -9999.0 -9999.0 -9999.0 -9999.0 -9999.0 -9999.0 -9999.0 -9999.0 -9999.0 -9999.0 -9999.0 -9999.0 -9999.0 -9999.0 -9999.0 -9999.0 -9999.0 -9999.0 -9999.0 2361.048919 2363.845868 2343.903140 2312.396560 2286.986553 2291.654436 2327.649703 2370.542249 2411.299147 2422.174145 2406.500305 2413.064468 2411.943677 2411.595488 2415.326118 2424.844071 2432.392346 2443.147414 2450.960815 2449.467536 2442.518472 2437.268914 2438.661442 2440.723010 2446.667994 2433.883977 2449.216437 2464.786003 2468.664218 2462.928865 2435.088605 2418.024226 2405.407001 2385.793740 2407.850666 2416.344219 2435.366059 2436.280831 2431.616169 2403.121538 2372.034358 -9999.0 -9999.0 -9999.0 -9999.0 -9999.0 -9999.0 -9999.0 -9999.0 -9999.0 -9999.0 -9999.0 -9999.0 -9999.0 -9999.0 -9999.0 -9999.0 -9999.0 -9999.0 -9999.0
-9999.0 -9999.0 -9999.0 -9999.0 -9999.0 -9999.0 -9999.0 -9999.0 -9999.0 -9999.0 -9999.0 -9999.0 -9999.0 -9999.0 2263.658001 2256.127759 2255.670153 2266.139603 2301.726501 2334.037179 2346.339834 2340.765301 2343.028507 2321.699728 2303.050784 2319.351760 2351.449118 2383.941306 2419.499452 2440.408648 2432.471757 2433.850467 2445.931173 2472.260486 2485.162157 2483.902431 2466.457326 2491.703086 2506.205954 2512.027138 2510.206344 2500.450901 2510.098894 2524.440873 2517.581598 2502.192667 2511.812781 2525.859846 2536.469295 2524.054394 2459.755085 2440.559436 2432.092516 2422.653625 2405.493032 2397.689691 2421.475484 2416.956266 2405.847205 2385.897761 2351.280868 2306.058122 2285.206945 2322.365469 2363.546620 2417.709346 -9999.0 -9999.0 -9999.0 -9999.0 -9999.0 -9999.0 -9999.0 -9999.0 -9999.0 -9999.0 -9999.0 -9999.0 -9999.0 -9999.0
-9999.0 -9999.0 -9999.0 -9999.0 -9999.0 -9999.0 -9999.0 -9999.0 -9999.0 2200.868074 2207.271672 2216.139007 2220.776647 2238.302376 2236.840240 2246.239972 2254.512284 2284.961758 2318.373251 2355.598167 2385.539252 2379.840605 2382.007024 2392.046321 2394.486151 2408.026216 2432.109561 2473.588458 2508.551778 2548.414228 2520.743845 2521.833628 2545.327672 2593.462255 2623.388238 2628.989134 2611.841600 2626.079822 2650.109995 2667.626292 2664.409053 2658.811970 2681.230790 2695.266555 2692.333565 2672.760789 2670.844023 2676.772496 2704.422935 2652.142365 2582.964344 2534.823773 2539.945130 2511.329948 2476.660368 2456.860272 2452.178578 2468.533300 2450.905602 2411.324720 2374.464341 2360.263445 2339.749004 2355.536756 2375.010394 2417.716687 2454.832492 2480.961166 2477.518106 2458.175455 -9999.0 -9999.0 -9999.0 -9999.0 -9999.0 -9999.0 -9999.0 -9999.0 -9999.0 -9999.0
-9999.0 -9999.0 -9999.0 -9999.0 -9999.0 -9999.0 2120.476369 2131.938368 2154.190017 2158.875780 2186.735860 2195.042754 2217.498854 2238.644872 2263.442620 2281.440827 2312.606791 2348.060558 2390.073064 2434.605231 2469.544481 2464.075429 2476.875313 2504.636180 2542.357583 2570.750841 2598.130748 2638.953882 2713.652168 2754.850339 2757.797893 2766.141274 2781.493302 2836.087502 2902.538860 2914.611400 2894.981644 2881.825376 2903.632468 2939.356753 2939.265594 2938.367291 2812.400825 2821.687535 2848.202199 2839.494895 2942.960586 2935.798996 2941.509027 2920.878687 2852.216808 2786.745592 2753.885459 2697.201729 2612.878136 2561.238896 2572.801036 2590.633365 2560.101530 2505.301720 2463.680863 2451.335543 2433.313290 2418.551046 2423.806369 2440.442588 2458.927999 2467.001408 2450.436166 2426.062461 2401.676433 2370.474147 2370.040686 2393.142796 -9999.0 -9999.0 -9999.0 -9999.0 -9999.0 -9999.0
-9999.0 -9999.0 -9999.0 -9999.0 2068.824070 2083.446632 2071.675250 2099.731202 2134.521209 2170.870030 2202.828842 2240.219110 2268.995565 2301.451027 2341.813833 2373.902042 2415.364119 2452.987903 2510.442530 2581.885246 2635.233070 2657.645927 2673.909830 2735.097039 2801.897135 2857.890948 2881.549495 2909.799086 2810.448529 2865.547210 2888.670933 2892.775541 2910.144383 2950.473480 3003.163293 3013.535003 2996.463498 2988.189795 2996.452498 3009.167582 3031.282239 3031.430782 3031.732300 3034.982327 3041.423516 3040.483737 3016.529271 2984.120255 2996.335948 2986.632406 2952.144036 2881.876121 2848.899715 2821.831087 2930.423165 2873.649098 2813.943193 2800.961353 2738.360601 2676.665920 2616.529738 2596.447530 2564.312263 2537.105158 2508.805899 2509.024199 2509.638022 2485.307813 2447.987434 2411.662344 2393.484531 2371.265296 2356.250293 2383.516477 2398.145183 2425.827784 -9999.0 -9999.0 -9999.0 -9999.0
-9999.0 -9999.0 2005.996715 2054.476323 2114.155401 2124.688236 2124.632990 2132.403607 2163.400798 2217.768445 2290.109933 2336.476355 2375.642031 2413.124345 2475.636987 2550.646456 2622.051370 2672.275085 2743.710051 2823.268087 2890.489890 2922.881174 2939.209287 2831.661315 2884.425233 2950.084149 2977.361462 3003.062824 3007.184648 3040.823103 3040.190375 3052.041245 3062.834096 3071.660600 3082.988617 3088.018738 3083.844993 3079.403803 3061.424434 3056.898480 3063.513887 3070.078488 3070.208135 3056.069891 3052.144807 3066.600360 3071.784391 3070.307283 3068.886529 3074.420218 3073.122060 3028.946046 3003.899819 2989.969309 3006.020816 2961.009037 2895.849840 2860.905039 2841.658761 2951.498413 2872.332469 2822.480621 2769.628796 2722.314186 2665.666637 2635.209718 2586.646928 2541.593026 2490.811136 2439.757197 2411.149308 2389.237764 2382.324950 2376.890969 2389.531525 2401.116597 2413.815885 2420.239041 -9999.0 -9999.0
-9999.0 1897.916440 1970.654231 2096.731479 2179.404371 2225.242560 2249.623194 2266.494299 2298.532581 2334.017936 2432.622458 2504.396281 2594.921828 2639.312630 2692.289821 2795.659472 2897.467401 2815.046690 2851.800417 2911.548882 2974.036852 2996.037938 3021.270652 3011.598239 3047.621609 3069.683919 3075.309954 3080.492045 3078.452067 3070.134615 3062.836749 3069.771219 3067.324633 3048.911291 3033.564467 3032.074987 3028.831402 3006.382822 3004.818917 2990.163960 2992.949381 2991.182852 3003.745260 2983.557741 2979.399960 2999.893458 2994.423958 2984.250520 2997.827963 2987.737287 3021.135063 3043.844305 3048.407996 3066.001145 3086.875886 3059.337052 3035.432728 2993.923173 3003.872929 2979.043335 2923.301397 2867.741520 2819.652439 2920.506341 2852.675528 2786.164451 2718.985340 2649.911643 2580.637929 2534.615857 2499.214677 2444.274998 2418.246428 2413.825874 2399.463384 2392.211343 2393.790131 2398.295344 -9999.0 -9999.0
-9999.0 1808.536975 1950.255252 2134.006635 2285.215136 2341.631003 2428.371525 2501.781107 2528.472655 2490.897919 2601.374619 2826.780755 2835.228174 2849.924623 2921.485608 2989.911658 2985.209973 3013.884714 3035.005408 3053.035155 3067.688132 3079.163330 3076.776848 3070.860286 3054.983419 3047.139574 3046.595007 3044.676249 3027.925930 3009.527431 2993.113120 2990.682231 2998.828715 2952.834775 2919.922909 2903.015367 2886.360561 2871.600176 2843.589613 2819.060651 2942.553079 2816.607772 2813.064818 2937.290586 2934.116284 2813.277880 2843.108316 2839.753918 2849.640341 2869.175236 2905.377439 2942.778246 2961.811393 2990.640341 2998.521921 3043.487736 3054.468088 3076.342013 3079.996054 3066.378859 3022.300766 2999.821036 2970.192833 2915.439414 2854.900347 2946.789093 2879.740325 2813.667422 2740.994353 2690.522624 2634.572453 2567.867143 2507.765215 2478.816278 2431.988345 2408.214602 -9999.0 -9999.0 -9999.0 -9999.0
-9999.0 1716.392241 1900.819002 2151.377338 2445.605038 2544.748343 2761.366648 2811.082776 2852.908063 2917.747704 2837.618356 2995.326250 3037.206130 3029.671062 3036.029096 3037.578160 3050.743212 3050.731511 3045.741406 3035.181707 3026.204315 3022.105746 3020.876585 3013.093055 3000.742192 2986.594727 3001.011678 2989.911901 2954.693230 2922.904904 2885.516395 2872.598628 2832.425300 2882.034908 2836.698243 2792.352483 2725.435795 2718.095847 2715.821589 2685.533989 2667.481505 2639.786967 2666.490446 2678.545169 2683.301159 2681.300102 2696.965944 2732.395350 2788.050700 2833.219348 2882.938744 2939.698697 2813.893837 2852.834622 2893.891054 2946.337938 2976.471916 3005.474117 3024.696985 3061.008747 3083.067640 3070.749700 3049.882195 3008.130333 2975.328310 2925.166008 2894.187223 2842.264732 2919.482819 2864.487358 2808.203056 2741.446074 2659.631824 2571.291009 2521.527693 -9999.0 -9999.0 -9999.0 -9999.0 -9999.0
-9999.0 1511.992985 1778.747118 2057.254769 2355.236923 2704.132567 2804.417970 2906.229347 2968.662745 2942.756469 2957.507812 2968.126825 2983.286242 2988.991619 2990.373727 2978.987977 2963.528942 2962.444469 2975.188535 2948.573786 2919.249800 2906.226315 2906.632013 2895.663062 2872.543366 2857.455716 2848.156595 2830.800367 2925.236108 2869.928451 2779.927023 2739.289850 2653.261038 2605.770699 2561.825531 2508.170870 2453.751535 2452.241229 2471.765476 2459.335580 2437.749650 2419.801726 2448.398908 2470.306567 2484.481769 2471.813018 2482.118691 2520.268306 2574.491046 2624.428414 2678.130192 2739.280043 2788.617834 2840.343887 2873.677493 2923.308457 2810.899233 2852.399422 2922.045836 2997.557432 3004.506441 3037.458350 3068.112262 3089.004507 3047.299657 3019.276431 2996.497862 2991.360410 2943.171683 2897.851375 2857.647706 2794.608017 2843.241998 -9999.0 -9999.0 -9999.0 -9999.0 -9999.0 -9999.0 -9999.0
-9999.0 1393.757221 1599.070973 1809.282942 2078.688207 2320.666212 2542.773440 2652.467389 2740.538042 2806.059515 2858.890149 2899.973364 2807.643257 2828.194747 2806.754950 2901.375277 2873.125185 2879.610249 2874.038045 2852.246051 2822.899206 2805.969279 2797.762831 2785.032833 2755.644911 2738.274015 2725.777179 2700.188894 2671.098096 2613.535262 2533.272880 2453.765385 2393.957630 2366.138375 2337.188701 2304.308393 2270.873304 2279.846390 2289.886623 2288.186079 2279.737645 2278.485337 2307.625075 2326.995095 2337.529289 2327.726413 2348.525912 2376.343421 2419.808830 2467.625721 2520.009370 2576.842318 2634.019697 2665.799953 2680.333060 2704.252227 2744.827085 2802.611000 2893.073761 2827.458438 2901.597094 2946.922328 2996.458078 3007.161282 3032.901624 3061.372512 3080.126921 3070.137372 3045.079442 3013.308638 2970.903971 -9999.0 -9999.0 -9999.0 -9999.0 -9999.0 -9999.0 -9999.0 -9999.0 -9999.0
-9999.0 -9999.0 1370.254860 1535.128928 1652.891982 1826.705369 1977.494996 2091.862514 2193.812209 2330.176485 2450.295056 2544.474809 2590.601137 2609.664676 2599.003838 2573.866571 2557.175400 2558.133183 2547.511554 2538.703984 2520.126019 2510.192004 2492.444375 2479.564492 2468.028894 2461.408808 2455.180690 2444.717387 2423.892829 2377.432257 2331.982233 2281.619958 2228.930108 2203.153247 2181.022270 2159.758741 2159.394275 2153.239517 2157.529042 2159.327372 2167.518007 2180.973710 2200.832244 2223.744529 2234.148544 2244.782209 2258.018757 2282.888677 2317.279134 2361.456063 2417.764806 2479.186784 2522.421946 2538.053495 2530.054987 2535.609612 2554.872632 2598.862786 2680.355732 2769.485872 2875.371435 2955.469288 2854.101345 2908.317604 2933.909471 2967.906429 3010.466961 3056.835030 3093.023152 3071.625072 -9999.0 -9999.0 -9999.0 -9999.0 -9999.0 -9999.0 -9999.0 -9999.0 -9999.0 -9999.0
-9999.0 -9999.0 -9999.0 -9999.0 1397.265466 1549.654498 1649.333600 1733.583125 1868.641621 1998.157212 2104.985699 2192.653349 2260.156282 2288.993012 2289.925293 2303.514287 2302.306586 2295.233267 2284.865501 2286.173733 2286.640465 2277.447406 2258.936107 2249.002920 2248.464712 2252.534510 2248.688979 2234.347169 2215.281867 2195.636959 2177.440663 2143.423131 2108.116418 2078.520329 2064.751342 2059.252450 2058.126990 2049.819398 2057.713333 2065.582873 2081.065148 2096.248747 2119.940657 2149.376058 2164.081286 2179.564704 2189.813336 2210.789104 2242.586974 2297.518204 2362.836718 2422.729874 2462.163138 2469.272969 2447.485831 2433.836229 2431.723530 2461.867695 2509.567225 2578.783366 2686.275528 2769.426182 2832.448173 2884.988874 2925.821602 2812.713709 2898.650294 2972.865180 -9999.0 -9999.0 -9999.0 -9999.0 -9999.0 -9999.0 -9999.0 -9999.0 -9999.0 -9999.0 -9999.0 -9999.0
-9999.0 -9999.0 -9999.0 -9999.0 -9999.0 -9999.0 1368.138791 1473.591394 1549.377078 1698.007237 1838.718048 1945.472014 2029.222513 2064.791722 2096.883620 2127.090681 2127.530763 2108.599597 2087.925835 2107.496501 2122.770798 2114.772130 2081.567397 2079.835436 2083.633977 2089.936673 2086.317346 2079.273557 2053.658654 2066.923406 2068.485658 2044.572144 2018.063090 2003.983551 1991.514527 2000.485335 1999.918690 1985.288915 1984.563143 2011.706762 2032.304185 2045.309122 2066.785378 2100.161822 2132.972239 2149.051967 2151.056062 2157.577354 2197.263630 2268.544595 2342.199788 2399.868614 2434.882215 2445.397284 2421.673847 2384.010042 2366.573996 2376.782085 2414.875894 2470.679882 2552.279383 2607.692019 2639.048433 2657.334406 2679.449081 2776.856530 -9999.0 -9999.0 -9999.0 -9999.0 -9999.0 -9999.0 -9999.0 -9999.0 -9999.0 -9999.0 -9999.0 -9999.0 -9999.0 -9999.0
-9999.0 -9999.0 -9999.0 -9999.0 -9999.0 -9999.0 -9999.0 -9999.0 -9999.0 -9999.0 -9999.0 -9999.0 -9999.0 -9999.0 -9999.0 -9999.0 -9999.0 -9999.0 -9999.0 -9999.0 -9999.0 -9999.0 -9999.0 -9999.0 -9999.0 -9999.0 -9999.0 -9999.0 -9999.0 -9999.0 -9999.0 -9999.0 -9999.0 -9999.0 -9999.0 -9999.0 -9999.0 -9999.0 -9999.0 -9999.0 -9999.0 -9999.0 -9999.0 -9999.0 -9999.0 -9999.0 -9999.0 -9999.0 -9999.0 -9999.0 -9999.0 -9999.0 -9999.0 -9999.0 -9999.0 -9999.0 -9999.0 -9999.0 -9999.0 -9999.0 -9999.0 -9999.0 -9999.0 -9999.0 -9999.0 -9999.0 -9999.0 -9999.0 -9999.0 -9999.0 -9999.0 -9999.0 -9999.0 -9999.0 -9999.0 -9999.0 -9999.0 -9999.0 -9999.0 -9999.0
-9999.0 -9999.0 -9999.0 -9999.0 -9999.0 -9999.0 -9999.0 -9999.0 -9999.0 -9999.0 -9999.0 -9999.0 -9999.0 -9999.0 -9999.0 -9999.0 -9999.0 -9999.0 -9999.0 -9999.0 -9999.0 -9999.0 -9999.0 -9999.0 -9999.0 -9999.0 -9999.0 -9999.0 -9999.0 -9999.0 -9999.0 -9999.0 -9999.0 -9999.0 -9999.0 -9999.0 -9999.0 -9999.0 -9999.0 -9999.0 -9999.0 -9999.0 -9999.0 -9999.0 -9999.0 -9999.0 -9999.0 -9999.0 -9999.0 -9999.0 -9999.0 -9999.0 -9999.0 -9999.0 -9999.0 -9999.0 -9999.0 -9999.0 -9999.0 -9999.0 -9999.0 -9999.0 -9999.0 -9999.0 -9999.0 -9999.0 -9999.0 -9999.0 -9999.0 -9999.0 -9999.0 -9999.0 -9999.0 -9999.0 -9999.0 -9999.0 -9999.0 -9999.0 -9999.0 -9999.0