Borden_/Borden1m_014/output_maps/psiliqL0018N0014.asc
ncols         80
nrows         18
xllcorner     620200.000000
yllcorner     5168000.000000
cellsize      1.000000
NODATA_value  -9999.0
-9999.0 -9999.0 -9999.0 -9999.0 -9999.0 -9999.0 -9999.0 -9999.0 -9999.0 -9999.0 -9999.0 -9999.0 -9999.0 -9999.0 -9999.0 -9999.0 -9999.0 -9999.0 -9999.0 -9999.0 -9999.0 -9999.0 -9999.0 -9999.0 -9999.0 -9999.0 -9999.0 -9999.0 -9999.0 -9999.0 -9999.0 -9999.0 -9999.0 -9999.0 -9999.0 -9999.0 -9999.0 -9999.0 -9999.0 -9999.0 -9999.0 -9999.0 -9999.0 -9999.0 -9999.0 -9999.0 -9999.0 -9999.0 -9999.0 -9999.0 -9999.0 -9999.0 -9999.0 -9999.0 -9999.0 -9999.0 -9999.0 -9999.0 -9999.0 -9999.0 -9999.0 -9999.0 -9999.0 -9999.0 -9999.0 -9999.0 -9999.0 -9999.0 -9999.0 -9999.0 -9999.0 -9999.0 -9999.0 -9999.0 -9999.0 -9999.0 -9999.0 -9999.0 -9999.0 -9999.0
-9999.0 -9999.0 -9999.0 -9999.0 -9999.0 -9999.0 -9999.0 -9999.0 -9999.0 -9999.0 -9999.0 -9999.0 -9999.0 -9999.0 -9999.0 -9999.0 -9999.0 -9999.0 -9999.0 -9999.0 -9999.0 -9999.0 -9999.0 -9999.0 -9999.0 -9999.0 -9999.0 -9999.0 -9999.0 -9999.0 -9999.0 -9999.0 -9999.0 -9999.0 -9999.0 -9999.0 -9999.0 -9999.0 -9999.0 -9999.0 -9999.0 -9999.0 -9999.0 -9999.0 -9999.0 -9999.0 -9999.0 -9999.0 -9999.0 -9999.0 -9999.0 -9999.0 -9999.0 -9999.0 -9999.0 -9999.0 -9999.0 -9999.0 -9999.0 -9999.0 -9999.0 -9999.0 -9999.0 -9999.0 -9999.0 -9999.0 -9999.0 -9999.0 -9999.0 -9999.0 -9999.0 -9999.0 -9999.0 -9999.0 -9999.0 -9999.0 -9999.0 -9999.0 -9999.0 -9999.0
-9999.0 -9999.0 -9999.0 -9999.0 -9999.0 -9999.0 -9999.0 -9999.0 -9999.0 -9999.0 -9999.0 -9999.0 -9999.0 -9999.0 -9999.0 -9999.0 -9999.0 -9999.0 -9999.0 -9999.0 1754.166267 1756.957667 1736.331158 1704.279154 1678.350682 1682.657002 1718.686739 1761.358254 1801.415015 1812.110079 1795.919957 1801.573466 1800.332393 1801.439803 1806.250805 1815.900408 1822.836952 1834.440642 1842.672686 1841.531182 1834.729226 1829.290791 1829.958480 1832.224137 1837.841194 1825.932095 1840.725049 1855.972299 1859.888465 1853.443458 1824.498499 1806.544805 1794.192410 1775.305047 1797.467982 1806.363147 1826.257737 1827.778662 1823.756696 1795.319455 1764.332905 -9999.0 -9999.0 -9999.0 -9999.0 -9999.0 -9999.0 -9999.0 -9999.0 -9999.0 -9999.0 -9999.0 -9999.0 -9999.0 -9999.0 -9999.0 -9999.0 -9999.0 -9999.0 -9999.0
-9999.0 -9999.0 -9999.0 -9999.0 -9999.0 -9999.0 -9999.0 -9999.0 -9999.0 -9999.0 -9999.0 -9999.0 -9999.0 -9999.0 1658.745188 1650.627145 1649.608020 1659.684816 1694.932351 1726.779718 1739.103759 1732.965069 1734.673383 1712.925576 1694.273200 1710.622460 1742.641903 1775.479946 1810.757018 1831.348723 1822.284227 1823.118133 1836.065024 1864.178466 1879.244654 1879.071904 1862.071498 1886.992596 1902.024450 1908.590247 1906.815078 1897.187107 1907.785985 1922.323048 1915.375130 1899.551848 1907.710202 1920.981690 1931.790361 1917.765986 1852.294661 1830.825289 1822.375682 1812.894029 1796.058066 1787.533236 1810.648316 1807.268837 1796.654389 1776.913854 1742.584445 1697.418239 1677.091919 1714.410534 1756.253917 1811.586954 -9999.0 -9999.0 -9999.0 -9999.0 -9999.0 -9999.0 -9999.0 -9999.0 -9999.0 -9999.0 -9999.0 -9999.0 -9999.0 -9999.0
-9999.0 -9999.0 -9999.0 -9999.0 -9999.0 -9999.0 -9999.0 -9999.0 -9999.0 1597.411018 1603.286330 1611.836052 1615.860612 1632.964515 1631.429570 1640.339524 1648.656254 1678.269613 1711.491796 1748.651433 1778.836245 1771.938719 1774.040097 1784.932256 1789.279141 1804.081228 1828.598319 1869.781353 1906.862049 1946.447827 1918.353646 1919.216865 1943.828580 1995.914659 2030.641433 2039.152123 2023.276625 2035.867898 2060.099206 2078.611912 2075.489999 2070.491625 2093.892177 2107.302339 2106.015507 2086.970697 2080.958072 2085.109599 2111.314939 2058.222020 1987.786679 1934.993405 1937.127644 1906.330925 1869.443155 1848.452729 1842.440252 1858.679173 1841.179194 1802.142889 1764.464599 1750.706435 1730.703865 1746.342059 1766.320300 1810.204738 1847.606035 1874.265888 1871.660472 1852.776295 -9999.0 -9999.0 -9999.0 -9999.0 -9999.0 -9999.0 -9999.0 -9999.0 -9999.0 -9999.0
-9999.0 -9999.0 -9999.0 -9999.0 -9999.0 -9999.0 1517.429906 1528.335034 1550.074760 1555.045000 1582.214602 1590.658464 1612.784570 1633.695446 1657.819801 1676.004992 1707.519764 1742.893987 1786.122353 1831.875399 1866.414993 1861.853436 1873.593519 1904.047322 1944.938582 1977.279999 2006.092423 2046.866733 2120.658055 2159.943944 2163.689671 2171.476113 2188.437459 2247.367970 2317.689108 2334.327674 2316.634119 2303.939831 2324.558000 2358.814744 2359.517488 2358.408668 2369.552351 2379.016504 2405.297606 2397.110240 2361.067756 2352.139333 2353.920321 2333.561066 2264.450649 2194.315280 2158.282270 2105.141337 2020.218756 1965.326717 1971.101579 1986.175504 1954.739164 1898.911877 1856.745765 1843.290509 1824.994956 1809.666337 1814.182559 1830.940994 1850.335403 1859.025759 1843.327490 1819.746529 1795.397787 1764.646291 1764.722470 1788.418948 -9999.0 -9999.0 -9999.0 -9999.0 -9999.0 -9999.0
-9999.0 -9999.0 -9999.0 -9999.0 1466.235445 1480.494118 1468.955152 1496.164723 1530.508992 1566.422605 1599.049774 1636.789916 1665.584289 1697.988982 1739.871163 1774.653622 1817.636287 1855.999518 1914.791046 1988.340824 2042.823721 2066.286614 2081.871962 2142.228425 2210.011636 2270.056064 2296.041737 2324.337105 2367.053093 2423.135611 2448.118819 2455.994915 2478.524899 2522.693990 2576.999234 2614.656325 2600.088338 2593.283221 2600.350219 2611.266578 2632.433529 2632.100577 2633.136643 2635.853693 2641.696225 2642.052237 2619.858315 2589.132133 2575.188503 2564.426431 2528.894154 2454.184257 2413.874356 2381.873993 2342.586603 2285.372977 2218.759763 2201.053145 2140.074321 2079.855129 2016.967255 1992.839591 1958.757098 1930.387499 1899.449625 1898.704633 1899.177648 1875.310141 1839.185759 1803.719636 1785.858369 1764.304097 1750.404762 1778.343650 1793.980774 1822.628761 -9999.0 -9999.0 -9999.0 -9999.0
-9999.0 -9999.0 1404.348469 1453.323471 1512.395951 1523.023508 1524.175514 1531.934682 1562.512964 1616.644348 1691.118565 1740.454893 1782.009513 1819.155094 1882.082892 1962.270741 2035.776288 2087.938871 2156.400212 2236.885590 2304.652919 2337.767731 2353.255457 2394.860901 2454.215478 2524.060578 2554.934746 2582.073506 2613.235812 2645.309462 2649.548255 2663.178577 2675.114116 2683.968901 2694.182328 2698.318382 2694.442652 2690.159545 2672.108131 2667.637763 2673.740136 2679.441925 2679.897593 2666.376947 2662.968574 2677.969766 2684.488006 2685.418057 2685.667129 2692.775609 2692.921851 2649.454059 2617.108776 2600.727971 2586.560395 2538.556338 2469.383172 2427.462141 2403.479588 2357.797084 2277.599502 2222.568103 2167.626635 2116.730222 2060.611419 2027.305492 1977.577709 1931.239300 1880.632439 1830.275085 1802.659583 1781.034653 1774.874606 1770.982369 1784.421054 1797.380761 1811.034695 1817.957083 -9999.0 -9999.0
-9999.0 1298.328008 1371.242082 1498.064432 1580.724518 1627.523726 1657.204628 1678.329190 1709.507164 1741.195218 1843.866284 1925.129653 2017.217990 2059.474476 2114.187254 2218.486891 2318.885716 2370.959544 2416.171118 2481.542113 2547.098450 2596.631860 2624.206826 2626.731794 2664.871278 2686.317738 2693.307919 2698.700945 2695.896217 2686.605970 2677.143048 2682.924262 2679.670671 2661.048769 2644.005684 2639.111476 2632.952417 2609.286969 2580.992030 2566.534777 2568.760235 2593.534077 2580.521603 2559.973315 2556.532457 2578.590491 2600.932535 2594.085941 2584.057140 2605.270149 2641.620991 2664.946389 2672.858138 2690.050426 2709.993646 2681.785547 2653.720283 2610.547911 2590.136810 2561.731528 2503.432361 2441.665765 2384.808181 2321.032206 2250.533222 2179.555249 2111.711766 2043.972001 1973.260721 1927.114281 1890.710036 1835.666146 1810.164591 1806.638118 1793.698042 1787.508319 1790.766502 1795.939854 -9999.0 -9999.0
-9999.0 1213.195595 1355.683172 1540.819035 1692.603210 1753.303184 1851.055683 1928.771483 1956.410041 1924.319373 2034.257683 2258.171317 2372.695414 2395.506095 2473.646678 2572.225784 2585.994684 2621.876852 2647.830048 2665.643205 2678.872023 2689.866136 2687.612784 2682.518878 2669.107846 2663.529236 2664.206836 2662.849326 2645.662199 2624.944873 2604.538821 2597.915174 2576.573680 2528.781151 2491.431134 2467.856683 2446.765990 2428.122380 2398.734934 2373.249270 2357.495266 2372.463518 2368.381947 2352.230142 2348.654929 2370.837042 2402.881397 2402.217846 2416.407393 2442.825844 2486.758946 2529.116460 2553.310412 2585.064927 2623.498167 2668.381271 2681.323871 2703.122700 2707.392140 2691.692940 2647.837413 2594.834917 2561.430630 2500.020077 2428.323638 2348.062946 2279.737729 2211.177371 2136.497676 2084.624774 2029.151325 1962.518544 1901.395867 1871.135357 1825.546920 1802.489316 -9999.0 -9999.0 -9999.0 -9999.0
-9999.0 1127.291173 1313.961543 1569.602076 1857.830650 1968.149628 2184.674282 2318.082769 2374.417217 2446.784389 2400.173073 2570.286321 2617.979035 2617.521766 2625.426494 2634.180393 2652.954468 2657.571251 2654.938651 2645.119665 2635.045713 2628.993541 2625.980170 2617.799494 2606.117491 2592.631994 2580.087821 2568.667552 2531.210782 2495.178965 2452.114452 2432.700920 2389.260418 2293.338460 2245.154574 2198.952812 2134.255513 2127.814307 2125.450252 2098.557235 2080.108818 2057.368614 2082.087578 2089.713717 2093.080465 2093.801745 2109.309697 2137.901203 2188.852308 2232.839171 2285.037990 2342.822898 2382.638055 2429.767349 2478.223038 2535.068361 2568.944821 2600.911983 2651.234348 2691.078136 2715.824973 2704.956724 2681.414312 2637.019133 2568.432981 2505.948848 2458.682682 2385.681298 2319.973583 2262.644919 2204.978025 2138.848040 2059.822641 1964.490006 1914.772831 -9999.0 -9999.0 -9999.0 -9999.0 -9999.0
-9999.0 934.568322 1202.227119 1486.665306 1795.854161 2140.589392 2299.286297 2427.074053 2503.072203 2481.278106 2498.285435 2518.729643 2563.245051 2574.242896 2557.086054 2550.151219 2539.424792 2539.912003 2551.867405 2522.743583 2488.724610 2470.364280 2466.472168 2452.985875 2429.139197 2413.569891 2404.042632 2384.712101 2335.797461 2279.815029 2188.487063 2149.657647 2068.421989 2014.934332 1968.412457 1913.450568 1859.459978 1857.761026 1876.582553 1863.788568 1842.586674 1824.918327 1852.799463 1872.445978 1885.488019 1873.083584 1882.321420 1919.595932 1972.014164 2020.885965 2075.866120 2135.075335 2185.519523 2238.544673 2276.769212 2330.332288 2382.256013 2432.132175 2509.418138 2591.908635 2633.521864 2670.620324 2704.093561 2723.067375 2674.601092 2631.086733 2584.545091 2528.809797 2456.390400 2410.884297 2377.643264 2314.760277 2246.885992 -9999.0 -9999.0 -9999.0 -9999.0 -9999.0 -9999.0 -9999.0
-9999.0 812.317810 1024.429275 1244.962736 1523.895541 1767.676084 1980.556813 2094.983947 2181.119798 2235.049816 2281.074586 2319.432984 2351.456031 2376.148397 2358.025319 2319.105525 2291.245397 2295.396591 2287.413523 2259.169571 2222.233109 2199.930361 2191.884748 2182.222354 2156.973165 2143.120771 2133.470924 2111.504043 2079.723921 2021.791596 1939.061298 1861.407572 1799.570839 1768.932838 1738.399663 1704.079673 1668.410408 1677.825794 1689.723689 1687.384096 1678.294143 1676.495611 1705.858245 1725.341574 1735.629402 1724.701816 1744.425600 1771.590398 1814.432584 1860.327111 1912.394208 1970.011965 2026.706755 2059.627784 2077.606401 2105.425000 2147.811096 2207.002206 2300.872217 2403.675700 2489.208400 2542.612839 2597.790596 2637.754781 2656.526120 2670.134667 2652.755727 2583.684773 2492.892152 2485.970912 2483.118743 -9999.0 -9999.0 -9999.0 -9999.0 -9999.0 -9999.0 -9999.0 -9999.0 -9999.0
-9999.0 -9999.0 793.144319 964.843188 1093.881011 1272.677319 1425.836492 1541.401416 1639.475204 1766.052914 1879.783434 1968.479703 2013.994109 2032.381373 2020.577763 1991.319514 1972.235825 1971.546172 1958.622522 1944.612152 1920.011706 1906.848738 1891.073717 1880.403855 1870.331584 1865.317090 1860.536943 1849.974427 1828.700674 1781.518386 1733.055282 1680.894980 1627.305159 1601.093389 1578.406281 1556.289148 1554.892657 1549.917043 1555.137875 1557.025138 1564.722203 1577.883314 1598.009223 1620.410114 1630.425793 1639.937986 1652.672311 1676.894917 1710.766052 1754.508026 1810.237435 1870.058165 1912.212997 1927.716072 1920.949462 1928.259919 1950.599124 1996.898083 2082.812816 2174.449348 2280.963535 2360.872217 2440.810485 2501.834871 2525.368939 2547.020969 2571.170375 2529.938530 2400.885171 2440.426394 -9999.0 -9999.0 -9999.0 -9999.0 -9999.0 -9999.0 -9999.0 -9999.0 -9999.0 -9999.0
-9999.0 -9999.0 -9999.0 -9999.0 825.261102 979.793769 1079.000511 1164.348181 1297.521874 1423.158871 1527.071562 1612.528090 1676.663030 1704.070619 1702.162212 1710.992349 1707.569830 1700.167902 1688.430527 1685.694989 1682.154862 1671.524971 1654.216360 1645.409449 1645.912344 1650.931046 1648.376786 1634.824223 1616.687364 1595.007681 1574.899028 1540.049326 1503.816205 1474.038722 1460.216423 1454.215684 1453.408813 1445.922600 1454.406833 1462.085983 1477.558708 1492.905101 1516.736658 1545.969474 1560.081120 1575.085049 1584.999792 1605.736812 1636.765621 1691.024490 1755.595134 1814.839169 1852.622043 1859.038304 1836.769348 1823.411000 1821.973673 1853.116855 1902.255821 1974.763185 2084.178293 2166.118977 2232.957647 2290.049809 2332.529521 2388.190093 2455.424567 2497.260890 -9999.0 -9999.0 -9999.0 -9999.0 -9999.0 -9999.0 -9999.0 -9999.0 -9999.0 -9999.0 -9999.0 -9999.0
-9999.0 -9999.0 -9999.0 -9999.0 -9999.0 -9999.0 789.252849 892.972651 972.680835 1115.745945 1250.490316 1354.050930 1435.664106 1468.875078 1497.346744 1525.344042 1524.017859 1504.668952 1483.728526 1500.928943 1513.253636 1504.991368 1472.847997 1471.589785 1476.096167 1483.950847 1481.602405 1475.236438 1450.060036 1461.983931 1462.601976 1438.699363 1412.115215 1397.849743 1385.487860 1394.641762 1394.458204 1380.479850 1380.676362 1407.687315 1428.172143 1441.369666 1463.140924 1496.450322 1528.965614 1544.459815 1546.042590 1552.334909 1592.369454 1663.138083 1735.783957 1792.421270 1826.342567 1836.027326 1810.873337 1772.782757 1754.744910 1764.781614 1803.327660 1860.504564 1942.444580 1998.815171 2033.236462 2056.698807 2082.666994 2178.927633 -9999.0 -9999.0 -9999.0 -9999.0 -9999.0 -9999.0 -9999.0 -9999.0 -9999.0 -9999.0 -9999.0 -9999.0 -9999.0 -9999.0
-9999.0 -9999.0 -9999.0 -9999.0 -9999.0 -9999.0 -9999.0 -9999.0 -9999.0 -9999.0 -9999.0 -9999.0 -9999.0 -9999.0 -9999.0 -9999.0 -9999.0 -9999.0 -9999.0 -9999.0 -9999.0 -9999.0 -9999.0 -9999.0 -9999.0 -9999.0 -9999.0 -9999.0 -9999.0 -9999.0 -9999.0 -9999.0 -9999.0 -9999.0 -9999.0 -9999.0 -9999.0 -9999.0 -9999.0 -9999.0 -9999.0 -9999.0 -9999.0 -9999.0 -9999.0 -9999.0 -9999.0 -9999.0 -9999.0 -9999.0 -9999.0 -9999.0 -9999.0 -9999.0 -9999.0 -9999.0 -9999.0 -9999.0 -9999.0 -9999.0 -9999.0 -9999.0 -9999.0 -9999.0 -9999.0 -9999.0 -9999.0 -9999.0 -9999.0 -9999.0 -9999.0 -9999.0 -9999.0 -9999.0 -9999.0 -9999.0 -9999.0 -9999.0 -9999.0 -9999.0
-9999.0 -9999.0 -9999.0 -9999.0 -9999.0 -9999.0 -9999.0 -9999.0 -9999.0 -9999.0 -9999.0 -9999.0 -9999.0 -9999.0 -9999.0 -9999.0 -9999.0 -9999.0 -9999.0 -9999.0 -9999.0 -9999.0 -9999.0 -9999.0 -9999.0 -9999.0 -9999.0 -9999.0 -9999.0 -9999.0 -9999.0 -9999.0 -9999.0 -9999.0 -9999.0 -9999.0 -9999.0 -9999.0 -9999.0 -9999.0 -9999.0 -9999.0 -9999.0 -9999.0 -9999.0 -9999.0 -9999.0 -9999.0 -9999.0 -9999.0 -9999.0 -9999.0 -9999.0 -9999.0 -9999.0 -9999.0 -9999.0 -9999.0 -9999.0 -9999.0 -9999.0 -9999.0 -9999.0 -9999.0 -9999.0 -9999.0 -9999.0 -9999.0 -9999.0 -9999.0 -9999.0 -9999.0 -9999.0 -9999.0 -9999.0 -9999.0 -9999.0 -9999.0 -9999.0 -9999.0