Borden_/Borden1m_014/output_maps/psiliqL0013N0004.asc
ncols         80
nrows         18
xllcorner     620200.000000
yllcorner     5168000.000000
cellsize      1.000000
NODATA_value  -9999.0
-9999.0 -9999.0 -9999.0 -9999.0 -9999.0 -9999.0 -9999.0 -9999.0 -9999.0 -9999.0 -9999.0 -9999.0 -9999.0 -9999.0 -9999.0 -9999.0 -9999.0 -9999.0 -9999.0 -9999.0 -9999.0 -9999.0 -9999.0 -9999.0 -9999.0 -9999.0 -9999.0 -9999.0 -9999.0 -9999.0 -9999.0 -9999.0 -9999.0 -9999.0 -9999.0 -9999.0 -9999.0 -9999.0 -9999.0 -9999.0 -9999.0 -9999.0 -9999.0 -9999.0 -9999.0 -9999.0 -9999.0 -9999.0 -9999.0 -9999.0 -9999.0 -9999.0 -9999.0 -9999.0 -9999.0 -9999.0 -9999.0 -9999.0 -9999.0 -9999.0 -9999.0 -9999.0 -9999.0 -9999.0 -9999.0 -9999.0 -9999.0 -9999.0 -9999.0 -9999.0 -9999.0 -9999.0 -9999.0 -9999.0 -9999.0 -9999.0 -9999.0 -9999.0 -9999.0 -9999.0
-9999.0 -9999.0 -9999.0 -9999.0 -9999.0 -9999.0 -9999.0 -9999.0 -9999.0 -9999.0 -9999.0 -9999.0 -9999.0 -9999.0 -9999.0 -9999.0 -9999.0 -9999.0 -9999.0 -9999.0 -9999.0 -9999.0 -9999.0 -9999.0 -9999.0 -9999.0 -9999.0 -9999.0 -9999.0 -9999.0 -9999.0 -9999.0 -9999.0 -9999.0 -9999.0 -9999.0 -9999.0 -9999.0 -9999.0 -9999.0 -9999.0 -9999.0 -9999.0 -9999.0 -9999.0 -9999.0 -9999.0 -9999.0 -9999.0 -9999.0 -9999.0 -9999.0 -9999.0 -9999.0 -9999.0 -9999.0 -9999.0 -9999.0 -9999.0 -9999.0 -9999.0 -9999.0 -9999.0 -9999.0 -9999.0 -9999.0 -9999.0 -9999.0 -9999.0 -9999.0 -9999.0 -9999.0 -9999.0 -9999.0 -9999.0 -9999.0 -9999.0 -9999.0 -9999.0 -9999.0
-9999.0 -9999.0 -9999.0 -9999.0 -9999.0 -9999.0 -9999.0 -9999.0 -9999.0 -9999.0 -9999.0 -9999.0 -9999.0 -9999.0 -9999.0 -9999.0 -9999.0 -9999.0 -9999.0 -9999.0 732.773934 735.400780 713.321184 679.794149 652.010462 654.369950 689.175201 730.620009 769.339726 779.761742 762.209069 764.734610 760.066705 758.748946 760.908828 767.249561 770.942224 781.828492 789.892769 789.304083 783.269613 778.456666 779.198569 783.133354 788.976811 778.406259 791.671533 806.169229 811.127332 805.986406 779.184570 763.800213 754.972160 739.479420 763.720221 775.374101 797.884811 801.796370 799.934039 772.710234 742.494543 -9999.0 -9999.0 -9999.0 -9999.0 -9999.0 -9999.0 -9999.0 -9999.0 -9999.0 -9999.0 -9999.0 -9999.0 -9999.0 -9999.0 -9999.0 -9999.0 -9999.0 -9999.0 -9999.0
-9999.0 -9999.0 -9999.0 -9999.0 -9999.0 -9999.0 -9999.0 -9999.0 -9999.0 -9999.0 -9999.0 -9999.0 -9999.0 -9999.0 642.573657 632.932308 630.148013 638.541257 672.051776 702.122202 714.360451 707.044938 707.342630 684.076916 663.827702 678.055475 707.960434 739.835265 774.742980 795.542852 784.495512 782.448730 792.145641 817.215379 829.665208 826.517555 806.353577 829.135703 844.448474 852.827299 852.360598 844.722112 859.361406 877.028809 871.321552 854.005665 857.416592 867.750913 879.401150 865.674320 802.659797 783.533057 779.456237 772.529257 758.365352 751.733599 776.728963 776.723341 768.247726 750.063447 717.255669 672.883030 654.448046 692.989096 736.811307 794.057830 -9999.0 -9999.0 -9999.0 -9999.0 -9999.0 -9999.0 -9999.0 -9999.0 -9999.0 -9999.0 -9999.0 -9999.0 -9999.0 -9999.0
-9999.0 -9999.0 -9999.0 -9999.0 -9999.0 -9999.0 -9999.0 -9999.0 -9999.0 585.329432 589.739513 597.024920 599.251749 614.858430 612.647360 619.702888 626.828849 653.523754 684.398238 719.247078 747.825164 738.695087 739.454818 750.332507 754.709686 767.121311 788.914179 829.730010 870.652897 912.962610 885.589323 883.787034 902.667760 949.297529 982.249358 989.002347 970.282557 977.431204 1002.143757 1024.840651 1025.027131 1024.788650 1053.771503 1073.477128 1078.024727 1057.207713 1038.545232 1033.826635 1056.426907 1005.622743 940.950655 890.904301 894.538002 863.815888 824.997544 804.107893 800.852318 821.242175 805.932142 768.369003 731.806799 720.848389 703.464522 720.339938 742.600820 788.969101 827.542991 856.138289 855.966658 838.600923 -9999.0 -9999.0 -9999.0 -9999.0 -9999.0 -9999.0 -9999.0 -9999.0 -9999.0 -9999.0
-9999.0 -9999.0 -9999.0 -9999.0 -9999.0 -9999.0 506.499244 515.931603 536.143134 541.085773 566.245121 573.579225 594.047551 613.148905 634.254063 650.500550 680.414865 713.110861 753.881790 796.799243 828.545350 823.700840 834.772797 867.202636 907.743981 937.850682 963.285215 1004.160730 1082.845709 1130.040893 1140.885600 1146.399326 1155.687928 1203.603677 1267.691431 1282.960006 1261.486896 1245.839935 1266.205849 1304.281221 1312.482120 1317.893691 1338.713838 1362.837781 1393.423557 1380.784110 1327.048477 1301.570219 1293.962634 1277.181508 1216.705095 1153.526519 1118.125961 1065.520117 980.990178 924.014441 928.084214 945.148391 914.906685 859.701096 817.548619 806.161140 790.632734 776.994888 783.154233 802.551910 825.293738 836.799731 824.191841 803.368316 780.578499 751.890555 753.745170 778.999369 -9999.0 -9999.0 -9999.0 -9999.0 -9999.0 -9999.0
-9999.0 -9999.0 -9999.0 -9999.0 456.594590 469.274640 457.151288 481.822499 514.228979 548.025307 579.737933 616.382094 643.403457 673.147848 713.134137 747.662450 789.799452 826.027266 880.873689 948.845215 999.887472 1025.067229 1043.137666 1106.590741 1170.636198 1224.661064 1247.039005 1278.280674 1330.868230 1405.631640 1437.829471 1445.040317 1460.406676 1491.073292 1533.337849 1563.218203 1546.481711 1539.082164 1544.368424 1554.785546 1577.354237 1580.372414 1587.972766 1597.956129 1605.585462 1604.006412 1576.063992 1540.651359 1526.497989 1517.888993 1491.659184 1427.210853 1385.897061 1343.456208 1300.905027 1244.159173 1176.960813 1159.810699 1101.488818 1039.138885 972.597437 947.645620 914.707005 888.308303 859.051467 860.774475 864.504897 844.904000 813.695100 781.927158 767.115141 748.507942 737.884474 768.016368 785.770625 816.388533 -9999.0 -9999.0 -9999.0 -9999.0
-9999.0 -9999.0 398.068613 446.746714 503.013026 511.369437 511.993105 517.565503 545.486959 596.876094 672.225793 722.663239 765.911165 798.731544 857.080962 936.096791 1009.792353 1063.248763 1124.354154 1193.898351 1256.473871 1293.163010 1318.744810 1372.980229 1431.232362 1490.500807 1515.546690 1541.822530 1575.534994 1614.091341 1630.286550 1644.400531 1650.566808 1649.883356 1652.439645 1652.392951 1648.390873 1643.485272 1624.677753 1618.086255 1622.381306 1626.666201 1630.410098 1620.713854 1619.447215 1634.192721 1639.304102 1640.152400 1641.295240 1648.921792 1653.397164 1617.060636 1577.688862 1557.838309 1544.305127 1500.803928 1441.877798 1403.349278 1376.028593 1315.709754 1228.635166 1170.091061 1112.038034 1060.249049 1007.635421 976.306423 930.953704 890.446640 845.520915 800.517613 777.480225 759.593847 757.484694 757.959927 774.467996 790.206971 805.869751 813.816813 -9999.0 -9999.0
-9999.0 296.298325 368.421711 494.321724 573.159763 616.879984 650.363380 675.275415 702.740464 725.449827 829.371909 922.415133 1015.735959 1051.707578 1100.197575 1195.766820 1294.813455 1356.883326 1400.589821 1454.205819 1509.942945 1554.757633 1584.983947 1606.851173 1642.777000 1653.806541 1655.683913 1658.691417 1656.710877 1652.970625 1646.353999 1652.595584 1647.337816 1626.207252 1609.546290 1606.716915 1602.529395 1579.776816 1549.151913 1525.825245 1522.506892 1542.580425 1530.484165 1511.208896 1510.196868 1536.360401 1564.102687 1561.701362 1553.117606 1570.049080 1600.772617 1619.000345 1629.406995 1644.745223 1664.128062 1639.550433 1614.076236 1577.672469 1557.994394 1523.629286 1464.808184 1398.700555 1326.967053 1257.599681 1186.640021 1113.586016 1051.143038 992.431490 928.148597 888.649024 857.941728 807.320390 786.150583 788.725445 780.604811 778.422573 785.122840 791.657806 -9999.0 -9999.0
-9999.0 218.055790 360.151116 543.745475 689.846482 747.738646 853.984079 937.856636 966.147147 938.867765 1043.076377 1264.772770 1375.286690 1395.419467 1460.841502 1539.457022 1562.688659 1600.326741 1625.880088 1634.908677 1641.679862 1651.337483 1651.653905 1649.642200 1638.863349 1632.710764 1631.036945 1627.159019 1611.562008 1595.914072 1580.927353 1576.354915 1553.894047 1502.181815 1466.047706 1449.338722 1436.226077 1416.826775 1377.216323 1331.711939 1308.140427 1323.756981 1312.629506 1293.187934 1291.977889 1325.502485 1378.404360 1383.394993 1392.974845 1413.211494 1448.370561 1483.154871 1506.359981 1541.814829 1579.100048 1620.545131 1637.748520 1661.770018 1666.691787 1645.964625 1605.093772 1554.810568 1516.879498 1454.843027 1378.779195 1285.124871 1216.195289 1152.928187 1081.791322 1034.271352 985.115303 924.428663 868.923616 846.966243 809.248493 790.496237 -9999.0 -9999.0 -9999.0 -9999.0
-9999.0 142.453072 330.540750 588.750095 856.776814 969.138915 1176.442175 1318.897893 1377.875640 1441.472622 1428.078241 1560.148191 1599.871685 1597.706919 1591.793882 1592.125845 1605.744083 1611.449525 1611.160595 1605.516960 1601.066198 1600.655942 1602.021271 1597.772049 1588.467536 1574.432417 1558.325596 1538.647070 1499.437982 1468.388892 1435.684984 1419.811342 1373.103269 1259.576169 1206.767529 1169.646549 1115.308068 1108.840455 1098.247094 1062.768923 1039.542341 1019.687836 1038.471211 1040.395818 1043.389498 1052.465633 1077.525743 1103.121737 1146.587798 1181.569844 1224.130056 1275.928973 1317.173569 1379.287462 1432.243434 1487.497140 1522.647294 1560.339977 1607.610981 1645.127820 1669.157361 1659.924295 1633.493771 1593.253477 1528.488162 1464.200651 1418.860352 1345.715399 1269.170452 1208.974688 1152.196593 1082.599409 1011.105754 933.327324 894.114661 -9999.0 -9999.0 -9999.0 -9999.0 -9999.0
-9999.0 -30.529609 236.121598 524.038845 838.569728 1159.998426 1292.507303 1425.747860 1493.766091 1457.842848 1461.412743 1482.446741 1526.226793 1537.746099 1515.384992 1503.447693 1491.019599 1491.423949 1506.111865 1484.752100 1461.426069 1452.567169 1454.915132 1445.984271 1425.506630 1408.025727 1388.098405 1349.395979 1290.228053 1236.463810 1155.910675 1127.480767 1050.758808 985.640928 937.881523 888.736078 838.867446 837.509023 852.905885 835.557096 811.989780 792.931469 818.283607 834.747018 846.773488 837.194623 847.886839 883.749108 931.833577 973.410335 1020.365109 1072.234226 1118.900491 1172.862593 1209.903132 1264.770591 1321.895153 1387.583780 1467.081788 1546.721711 1586.462235 1622.058466 1657.557863 1676.792330 1632.276309 1590.870057 1550.837073 1500.210797 1424.045140 1381.091408 1338.735084 1243.311989 1164.531686 -9999.0 -9999.0 -9999.0 -9999.0 -9999.0 -9999.0 -9999.0
-9999.0 -158.949166 62.602033 295.419489 580.633299 812.493144 996.102304 1100.479761 1175.136140 1204.450152 1237.678084 1273.905987 1312.518770 1342.964480 1310.988655 1264.199397 1232.275934 1235.483794 1232.868126 1210.271879 1182.970218 1169.989795 1169.520932 1163.797869 1139.991050 1124.480706 1109.943634 1080.504370 1042.559986 987.673974 909.616239 840.399887 779.679995 745.678894 715.416489 682.895347 646.834962 657.222435 670.135022 665.635723 654.022066 650.241132 679.119589 697.630903 707.638982 695.681012 714.661245 741.035891 781.684949 822.622094 868.972836 921.182598 972.741905 1002.221025 1017.103759 1044.513606 1087.668341 1149.143423 1242.364851 1349.229041 1438.673797 1493.616786 1552.413520 1591.082902 1609.625697 1632.052936 1620.476516 1552.271269 1442.955264 1464.711154 1464.199610 -9999.0 -9999.0 -9999.0 -9999.0 -9999.0 -9999.0 -9999.0 -9999.0 -9999.0
-9999.0 -9999.0 -171.896310 8.429149 151.365032 330.121001 476.737612 581.659422 662.511520 766.597334 865.552448 945.491512 989.739230 1008.585080 990.159051 952.285086 928.413777 928.324292 919.176272 908.423962 888.453905 881.339691 871.969109 864.702311 854.019537 847.569595 840.987709 827.926556 805.043654 758.989804 710.107906 659.600589 606.663971 581.534686 559.824864 538.185214 536.280313 533.376439 539.468554 540.700540 546.780251 558.834477 578.973875 600.472828 609.897457 617.818680 630.039454 653.201647 685.489100 726.110776 777.913552 832.989782 870.452381 881.780756 871.599086 876.554545 897.672555 941.545548 1024.411612 1111.947022 1211.913398 1292.943158 1386.524192 1449.560226 1474.355781 1504.063527 1540.041208 1481.717634 1100.941516 1395.621167 -9999.0 -9999.0 -9999.0 -9999.0 -9999.0 -9999.0 -9999.0 -9999.0 -9999.0 -9999.0
-9999.0 -9999.0 -9999.0 -9999.0 -135.136902 19.420460 113.687213 194.884581 318.435649 432.032689 527.211870 605.967821 663.179127 687.940781 679.834378 679.865091 673.508125 668.534001 659.744416 657.461791 655.178823 648.281401 635.899186 628.839549 629.211710 633.410121 630.797465 617.173512 600.400724 576.565454 555.444578 521.464189 485.676606 456.979168 444.251312 438.362046 438.604437 432.511410 441.655437 448.537741 463.507957 478.708204 502.421604 530.920403 543.948398 558.198969 567.590882 587.752451 617.252720 669.348593 731.036793 786.663706 820.149410 822.836895 796.374285 779.600918 775.065272 801.884427 846.300950 913.309070 1014.256807 1089.411250 1156.996381 1211.674807 1256.103831 1326.157954 1427.457059 1477.930586 -9999.0 -9999.0 -9999.0 -9999.0 -9999.0 -9999.0 -9999.0 -9999.0 -9999.0 -9999.0 -9999.0 -9999.0
-9999.0 -9999.0 -9999.0 -9999.0 -9999.0 -9999.0 -184.105845 -86.335975 -4.064447 125.466740 246.517002 342.057436 418.327959 446.209388 467.885779 492.165035 489.035988 471.543493 454.021881 472.046914 484.311937 479.327272 450.972805 450.360661 454.724917 463.515194 461.857707 455.794901 431.314444 441.769558 442.088414 419.577345 394.110978 380.475085 369.160744 379.255887 380.028827 367.146446 368.696828 395.159528 415.107218 428.305277 450.295328 483.261846 515.181832 529.674766 530.515230 536.223632 576.260084 645.527976 715.375647 768.637189 799.000182 805.384298 776.253658 734.428674 712.018243 717.180485 749.824890 800.630368 874.592434 923.117437 953.203788 973.493458 1000.171066 1096.989460 -9999.0 -9999.0 -9999.0 -9999.0 -9999.0 -9999.0 -9999.0 -9999.0 -9999.0 -9999.0 -9999.0 -9999.0 -9999.0 -9999.0
-9999.0 -9999.0 -9999.0 -9999.0 -9999.0 -9999.0 -9999.0 -9999.0 -9999.0 -9999.0 -9999.0 -9999.0 -9999.0 -9999.0 -9999.0 -9999.0 -9999.0 -9999.0 -9999.0 -9999.0 -9999.0 -9999.0 -9999.0 -9999.0 -9999.0 -9999.0 -9999.0 -9999.0 -9999.0 -9999.0 -9999.0 -9999.0 -9999.0 -9999.0 -9999.0 -9999.0 -9999.0 -9999.0 -9999.0 -9999.0 -9999.0 -9999.0 -9999.0 -9999.0 -9999.0 -9999.0 -9999.0 -9999.0 -9999.0 -9999.0 -9999.0 -9999.0 -9999.0 -9999.0 -9999.0 -9999.0 -9999.0 -9999.0 -9999.0 -9999.0 -9999.0 -9999.0 -9999.0 -9999.0 -9999.0 -9999.0 -9999.0 -9999.0 -9999.0 -9999.0 -9999.0 -9999.0 -9999.0 -9999.0 -9999.0 -9999.0 -9999.0 -9999.0 -9999.0 -9999.0
-9999.0 -9999.0 -9999.0 -9999.0 -9999.0 -9999.0 -9999.0 -9999.0 -9999.0 -9999.0 -9999.0 -9999.0 -9999.0 -9999.0 -9999.0 -9999.0 -9999.0 -9999.0 -9999.0 -9999.0 -9999.0 -9999.0 -9999.0 -9999.0 -9999.0 -9999.0 -9999.0 -9999.0 -9999.0 -9999.0 -9999.0 -9999.0 -9999.0 -9999.0 -9999.0 -9999.0 -9999.0 -9999.0 -9999.0 -9999.0 -9999.0 -9999.0 -9999.0 -9999.0 -9999.0 -9999.0 -9999.0 -9999.0 -9999.0 -9999.0 -9999.0 -9999.0 -9999.0 -9999.0 -9999.0 -9999.0 -9999.0 -9999.0 -9999.0 -9999.0 -9999.0 -9999.0 -9999.0 -9999.0 -9999.0 -9999.0 -9999.0 -9999.0 -9999.0 -9999.0 -9999.0 -9999.0 -9999.0 -9999.0 -9999.0 -9999.0 -9999.0 -9999.0 -9999.0 -9999.0