Borden_/Borden1m_014/output_maps/psiliqL0011N0039.asc
ncols         80
nrows         18
xllcorner     620200.000000
yllcorner     5168000.000000
cellsize      1.000000
NODATA_value  -9999.0
-9999.0 -9999.0 -9999.0 -9999.0 -9999.0 -9999.0 -9999.0 -9999.0 -9999.0 -9999.0 -9999.0 -9999.0 -9999.0 -9999.0 -9999.0 -9999.0 -9999.0 -9999.0 -9999.0 -9999.0 -9999.0 -9999.0 -9999.0 -9999.0 -9999.0 -9999.0 -9999.0 -9999.0 -9999.0 -9999.0 -9999.0 -9999.0 -9999.0 -9999.0 -9999.0 -9999.0 -9999.0 -9999.0 -9999.0 -9999.0 -9999.0 -9999.0 -9999.0 -9999.0 -9999.0 -9999.0 -9999.0 -9999.0 -9999.0 -9999.0 -9999.0 -9999.0 -9999.0 -9999.0 -9999.0 -9999.0 -9999.0 -9999.0 -9999.0 -9999.0 -9999.0 -9999.0 -9999.0 -9999.0 -9999.0 -9999.0 -9999.0 -9999.0 -9999.0 -9999.0 -9999.0 -9999.0 -9999.0 -9999.0 -9999.0 -9999.0 -9999.0 -9999.0 -9999.0 -9999.0
-9999.0 -9999.0 -9999.0 -9999.0 -9999.0 -9999.0 -9999.0 -9999.0 -9999.0 -9999.0 -9999.0 -9999.0 -9999.0 -9999.0 -9999.0 -9999.0 -9999.0 -9999.0 -9999.0 -9999.0 -9999.0 -9999.0 -9999.0 -9999.0 -9999.0 -9999.0 -9999.0 -9999.0 -9999.0 -9999.0 -9999.0 -9999.0 -9999.0 -9999.0 -9999.0 -9999.0 -9999.0 -9999.0 -9999.0 -9999.0 -9999.0 -9999.0 -9999.0 -9999.0 -9999.0 -9999.0 -9999.0 -9999.0 -9999.0 -9999.0 -9999.0 -9999.0 -9999.0 -9999.0 -9999.0 -9999.0 -9999.0 -9999.0 -9999.0 -9999.0 -9999.0 -9999.0 -9999.0 -9999.0 -9999.0 -9999.0 -9999.0 -9999.0 -9999.0 -9999.0 -9999.0 -9999.0 -9999.0 -9999.0 -9999.0 -9999.0 -9999.0 -9999.0 -9999.0 -9999.0
-9999.0 -9999.0 -9999.0 -9999.0 -9999.0 -9999.0 -9999.0 -9999.0 -9999.0 -9999.0 -9999.0 -9999.0 -9999.0 -9999.0 -9999.0 -9999.0 -9999.0 -9999.0 -9999.0 -9999.0 341.195126 344.239050 322.275909 289.020666 261.557731 264.443893 300.173645 342.439711 381.804047 393.177475 376.171730 379.013883 375.142247 375.495424 379.220762 386.414571 390.541165 402.757731 412.307252 413.151699 408.064652 403.456664 403.631959 407.190649 412.105998 401.465030 414.186795 428.430186 432.990871 426.028235 396.718101 379.113709 368.903508 352.431637 375.530499 386.533779 408.412500 411.738287 409.394680 381.567898 350.960053 -9999.0 -9999.0 -9999.0 -9999.0 -9999.0 -9999.0 -9999.0 -9999.0 -9999.0 -9999.0 -9999.0 -9999.0 -9999.0 -9999.0 -9999.0 -9999.0 -9999.0 -9999.0 -9999.0
-9999.0 -9999.0 -9999.0 -9999.0 -9999.0 -9999.0 -9999.0 -9999.0 -9999.0 -9999.0 -9999.0 -9999.0 -9999.0 -9999.0 248.979867 239.527028 237.259837 246.457519 280.863865 311.565050 324.193451 317.251605 317.982193 295.303499 275.925368 291.099254 321.980641 355.148091 391.393165 413.501504 402.721027 401.401450 412.909122 441.077141 456.546208 455.005992 435.251910 459.409371 477.287412 488.422960 489.597293 482.440220 497.312788 513.830974 506.639741 487.976133 490.473689 500.726923 512.359982 495.074256 427.298247 404.106633 397.976822 389.144818 373.477837 365.354184 389.103272 388.527448 379.149356 360.116162 326.794455 282.184248 263.350839 301.171897 344.674122 401.882202 -9999.0 -9999.0 -9999.0 -9999.0 -9999.0 -9999.0 -9999.0 -9999.0 -9999.0 -9999.0 -9999.0 -9999.0 -9999.0 -9999.0
-9999.0 -9999.0 -9999.0 -9999.0 -9999.0 -9999.0 -9999.0 -9999.0 -9999.0 189.945196 194.400718 202.174377 204.892260 221.195823 219.712234 227.495460 235.924856 263.453282 295.615410 331.882212 361.862489 353.615005 355.432020 368.210710 375.244100 389.776339 413.538471 457.352649 502.252978 547.066939 520.580426 520.092676 541.587528 593.277689 632.193852 642.276532 624.333797 632.187819 661.009594 688.688700 692.760626 693.324665 719.189550 733.096931 735.775835 714.565174 695.546351 691.489332 713.554862 658.135039 586.653146 529.316497 527.696171 493.092475 449.562395 424.957089 419.795381 439.220853 422.022138 382.610492 344.396033 332.733087 314.528572 330.072014 351.516148 397.354028 435.341435 463.188946 462.331444 444.300823 -9999.0 -9999.0 -9999.0 -9999.0 -9999.0 -9999.0 -9999.0 -9999.0 -9999.0 -9999.0
-9999.0 -9999.0 -9999.0 -9999.0 -9999.0 -9999.0 110.377935 119.873249 140.353319 146.047887 171.542355 179.862642 201.369506 221.740319 243.969475 262.232290 294.503057 329.102550 372.559584 419.025471 454.425876 452.744431 466.166156 501.996667 546.893450 581.506740 610.603903 655.775376 737.531277 784.973060 797.887538 804.550178 815.003092 862.672816 926.132549 942.827398 923.751573 910.678373 932.528172 972.352490 987.807392 992.310948 1001.976261 1010.827553 1035.692409 1024.916459 978.164695 957.511748 949.857059 933.184328 873.774429 808.878366 767.988544 715.038173 628.050907 565.374502 564.517762 578.191613 543.962463 485.749113 439.692987 425.735309 408.211338 392.157528 395.894384 413.443753 434.785301 444.683537 430.738187 408.904243 385.089105 355.710496 357.046632 382.137535 -9999.0 -9999.0 -9999.0 -9999.0 -9999.0 -9999.0
-9999.0 -9999.0 -9999.0 -9999.0 60.050487 73.009418 61.627770 86.484851 119.514573 154.082141 187.541708 226.288636 255.287833 287.234257 330.859413 370.792821 418.093522 457.571773 517.097117 591.720974 650.183884 681.385463 702.295520 764.716712 827.263379 880.529129 902.861072 932.538584 978.251650 1044.672986 1074.218585 1081.748616 1098.576759 1130.592898 1173.398848 1205.441870 1189.795168 1184.697160 1191.742840 1204.562567 1231.291918 1234.285749 1236.581747 1238.237339 1241.311409 1239.797793 1214.375212 1179.673238 1163.620606 1152.568769 1126.429023 1059.608313 1011.810137 979.045706 947.210995 895.730230 826.666790 804.410015 745.069114 684.514865 613.124295 583.377028 546.920268 516.428985 482.014538 479.101078 478.573379 455.488610 421.844099 388.160623 372.078706 352.651325 341.660922 371.274912 388.701718 419.291161 -9999.0 -9999.0 -9999.0 -9999.0
-9999.0 -9999.0 0.826509 50.514701 107.320709 116.751880 119.226640 125.908651 154.980880 208.087129 288.055733 343.703338 391.726935 427.971926 492.969587 582.721442 666.144298 720.051345 781.296594 850.845249 914.239783 952.356658 977.066103 1018.009609 1069.296351 1125.750734 1151.827091 1177.586104 1208.856120 1242.429956 1260.475270 1275.474547 1282.391307 1282.064667 1284.517437 1284.484638 1280.319306 1275.742068 1259.146535 1257.103998 1265.453073 1270.447628 1273.092156 1260.294200 1256.221474 1268.714382 1270.698755 1269.133856 1268.225298 1274.806586 1280.948503 1245.482695 1200.171335 1183.796125 1174.287733 1131.415479 1066.874629 1018.664476 994.259253 951.192823 871.300250 815.524150 761.573875 707.513631 648.459859 609.192176 555.407821 507.888580 457.694882 409.425017 384.360724 365.097977 362.098443 361.910778 377.652328 392.913030 408.105222 415.812404 -9999.0 -9999.0
-9999.0 -100.073623 -27.292366 100.214775 180.581050 227.075069 265.972069 295.469866 325.083123 348.586288 461.559865 568.854822 666.831821 705.497344 760.717720 861.487430 960.517568 1005.940077 1041.142702 1092.276017 1147.840903 1193.921134 1223.919171 1245.563954 1276.289992 1282.954284 1284.276113 1286.168194 1281.177634 1274.038911 1264.947403 1271.512271 1268.260047 1249.977199 1233.897619 1229.737097 1222.190932 1198.282428 1171.505168 1158.110580 1161.924182 1184.088752 1173.212968 1153.118175 1149.390800 1169.676288 1187.096040 1178.391872 1166.129285 1183.225805 1218.910730 1241.010944 1254.233086 1269.597783 1289.960104 1265.781304 1234.471436 1192.911424 1173.309598 1143.009767 1080.701824 1016.651630 961.015419 897.649764 828.675209 756.325690 688.249156 621.011191 548.649273 504.228643 470.404242 417.481414 393.961105 394.494856 384.675355 381.440170 387.407300 393.640077 -9999.0 -9999.0
-9999.0 -175.443659 -32.065765 154.140007 303.783375 368.645612 484.521142 573.868891 608.743794 587.937578 702.978084 927.145482 1019.816373 1035.577504 1102.861580 1184.537136 1215.259635 1245.489092 1264.993601 1268.083331 1270.605707 1278.105767 1277.018374 1271.315789 1257.537077 1249.998620 1248.807512 1245.230823 1226.140281 1206.075377 1188.086150 1183.693627 1165.803566 1124.189333 1089.862491 1070.757056 1052.294893 1030.003712 996.290681 970.460102 957.527736 975.367399 966.832797 949.306573 945.489931 968.089099 1000.377311 995.099944 1001.031590 1023.459287 1065.712863 1109.133467 1133.144740 1162.876993 1199.884763 1243.346223 1260.878831 1281.504723 1286.310905 1264.442979 1220.260830 1168.013256 1132.142617 1064.837413 988.753682 906.994948 840.286069 776.153690 705.037249 655.442429 604.779947 544.343354 485.543025 457.220043 416.022859 394.470909 -9999.0 -9999.0 -9999.0 -9999.0
-9999.0 -246.860507 -56.235683 207.839758 478.346655 606.555666 809.592345 943.152687 1010.485224 1071.159057 1083.236283 1208.438263 1239.158068 1233.016550 1223.916325 1226.333999 1241.087654 1244.823732 1240.739159 1229.845915 1219.356577 1214.567282 1214.274210 1207.122754 1194.899261 1179.926898 1166.542362 1151.891145 1109.330356 1074.089175 1039.588766 1024.104121 987.168603 896.605657 851.949981 816.723319 761.165582 752.099215 742.037787 712.914113 693.588698 676.164714 695.609801 697.335147 698.806145 705.104731 724.618567 746.265829 789.444215 826.323927 872.248451 926.448611 961.756695 1005.970995 1055.144619 1115.337839 1148.557141 1179.012869 1225.349447 1264.941995 1287.150072 1276.406762 1246.014923 1199.480434 1126.739001 1052.500336 997.348426 920.021974 852.661013 800.371246 757.626440 708.862005 642.658692 550.778475 505.350644 -9999.0 -9999.0 -9999.0 -9999.0 -9999.0
-9999.0 -412.253299 -143.708145 151.021328 479.531203 803.585115 923.336612 1068.048195 1142.241234 1095.619680 1089.290759 1115.971810 1156.565847 1164.880500 1145.509278 1137.543868 1128.370376 1128.208412 1139.594027 1110.438699 1077.623617 1063.123112 1062.370129 1050.520163 1027.814241 1010.300347 996.833625 975.452327 924.972152 873.555731 794.325516 766.164147 690.978785 625.616223 575.503373 523.437010 469.973036 466.716874 481.857575 465.238633 442.396682 423.570551 449.528516 466.043962 477.729873 467.920781 477.868578 514.643360 566.262666 613.451522 668.240649 727.056017 775.759385 826.396740 862.004583 916.505803 964.811884 1012.187945 1086.952728 1167.390637 1203.184034 1237.158518 1270.325598 1283.125811 1230.190513 1174.272667 1115.637874 1042.263180 949.479639 902.924943 882.460478 851.876519 800.748790 -9999.0 -9999.0 -9999.0 -9999.0 -9999.0 -9999.0 -9999.0
-9999.0 -543.578018 -316.277571 -74.357504 221.949182 463.667728 652.084221 768.032151 851.821354 863.414594 885.206629 918.218291 950.512133 973.493815 951.505691 913.948137 886.272142 889.513875 886.177488 859.987580 828.702583 812.966964 810.872349 803.437938 778.131016 762.081004 749.809890 725.357711 687.265109 627.838441 542.217073 469.442092 405.563457 368.851072 336.603888 302.062119 263.453845 273.125976 286.508378 281.915472 269.949096 265.911770 295.349417 314.054213 324.267833 311.971027 331.095657 358.731084 401.767642 445.968686 497.071838 555.114031 612.443319 646.662855 665.956957 698.197406 742.500317 800.355738 888.601322 984.580959 1060.275833 1110.965364 1160.636471 1190.827357 1200.680574 1210.549935 1180.067978 1085.136156 945.800682 943.179932 947.563147 -9999.0 -9999.0 -9999.0 -9999.0 -9999.0 -9999.0 -9999.0 -9999.0 -9999.0
-9999.0 -9999.0 -552.852117 -366.453363 -213.530258 -27.753517 125.236178 235.629876 317.824218 416.213552 512.988227 594.602801 639.608403 657.782244 640.933778 601.465692 575.454478 574.550325 564.004987 549.768878 525.666845 515.971904 505.399970 496.903556 484.148188 476.554574 470.061954 457.309652 432.795362 383.509585 329.875105 276.337473 221.031174 194.657513 171.822775 148.890402 145.588530 142.843183 149.121952 150.280862 156.003061 167.951218 188.526244 210.112853 219.705116 227.432791 240.174267 264.196534 297.893756 340.158606 394.258500 452.240932 492.938565 507.235424 499.902701 508.306672 533.463416 582.700429 674.251121 765.352568 860.349480 931.518183 1001.538098 1049.815459 1062.296341 1074.423575 1084.882702 998.953826 654.957251 862.636191 -9999.0 -9999.0 -9999.0 -9999.0 -9999.0 -9999.0 -9999.0 -9999.0 -9999.0 -9999.0
-9999.0 -9999.0 -9999.0 -9999.0 -510.213745 -352.395610 -256.561155 -172.424545 -47.957587 64.878651 160.199801 239.697380 296.401657 321.387798 312.269021 309.416831 301.663629 296.780671 287.411572 282.760004 277.963267 269.818186 257.268505 249.402609 248.738023 252.154139 249.389860 235.466598 218.149071 191.512376 167.738420 132.055638 94.758384 65.141313 51.711271 44.891380 44.803238 38.780733 48.001889 54.592835 69.523866 84.899302 108.863655 137.396132 150.364938 164.788928 174.643864 195.592394 225.990915 279.254731 342.298169 399.389785 434.424631 438.724725 413.480861 398.459622 396.483798 427.033970 477.900816 552.807066 662.036377 740.483188 803.027207 848.936248 879.197982 919.572069 959.253600 976.105026 -9999.0 -9999.0 -9999.0 -9999.0 -9999.0 -9999.0 -9999.0 -9999.0 -9999.0 -9999.0 -9999.0 -9999.0
-9999.0 -9999.0 -9999.0 -9999.0 -9999.0 -9999.0 -562.465577 -464.729972 -378.307397 -250.644888 -131.690978 -36.581649 39.805653 67.044271 87.106055 110.467437 106.512258 89.048177 71.651897 88.469477 98.932253 93.525579 65.227388 63.845458 67.487032 76.246888 74.498948 67.992515 42.791208 51.384774 50.099402 26.627898 0.252669 -14.251689 -26.067230 -16.334858 -15.760591 -28.617155 -26.722537 -0.476710 19.381273 32.774898 55.126662 88.290106 120.361735 134.918797 136.068501 142.397796 183.668690 254.057816 324.827198 378.994830 410.415746 417.997240 389.787673 349.099047 328.190828 335.784966 372.069413 428.122132 508.890175 562.993962 596.452702 618.110952 643.960199 735.165535 -9999.0 -9999.0 -9999.0 -9999.0 -9999.0 -9999.0 -9999.0 -9999.0 -9999.0 -9999.0 -9999.0 -9999.0 -9999.0 -9999.0
-9999.0 -9999.0 -9999.0 -9999.0 -9999.0 -9999.0 -9999.0 -9999.0 -9999.0 -9999.0 -9999.0 -9999.0 -9999.0 -9999.0 -9999.0 -9999.0 -9999.0 -9999.0 -9999.0 -9999.0 -9999.0 -9999.0 -9999.0 -9999.0 -9999.0 -9999.0 -9999.0 -9999.0 -9999.0 -9999.0 -9999.0 -9999.0 -9999.0 -9999.0 -9999.0 -9999.0 -9999.0 -9999.0 -9999.0 -9999.0 -9999.0 -9999.0 -9999.0 -9999.0 -9999.0 -9999.0 -9999.0 -9999.0 -9999.0 -9999.0 -9999.0 -9999.0 -9999.0 -9999.0 -9999.0 -9999.0 -9999.0 -9999.0 -9999.0 -9999.0 -9999.0 -9999.0 -9999.0 -9999.0 -9999.0 -9999.0 -9999.0 -9999.0 -9999.0 -9999.0 -9999.0 -9999.0 -9999.0 -9999.0 -9999.0 -9999.0 -9999.0 -9999.0 -9999.0 -9999.0
-9999.0 -9999.0 -9999.0 -9999.0 -9999.0 -9999.0 -9999.0 -9999.0 -9999.0 -9999.0 -9999.0 -9999.0 -9999.0 -9999.0 -9999.0 -9999.0 -9999.0 -9999.0 -9999.0 -9999.0 -9999.0 -9999.0 -9999.0 -9999.0 -9999.0 -9999.0 -9999.0 -9999.0 -9999.0 -9999.0 -9999.0 -9999.0 -9999.0 -9999.0 -9999.0 -9999.0 -9999.0 -9999.0 -9999.0 -9999.0 -9999.0 -9999.0 -9999.0 -9999.0 -9999.0 -9999.0 -9999.0 -9999.0 -9999.0 -9999.0 -9999.0 -9999.0 -9999.0 -9999.0 -9999.0 -9999.0 -9999.0 -9999.0 -9999.0 -9999.0 -9999.0 -9999.0 -9999.0 -9999.0 -9999.0 -9999.0 -9999.0 -9999.0 -9999.0 -9999.0 -9999.0 -9999.0 -9999.0 -9999.0 -9999.0 -9999.0 -9999.0 -9999.0 -9999.0 -9999.0