Borden_/Borden1m_014/output_maps/psiliqL0011N0030.asc
ncols         80
nrows         18
xllcorner     620200.000000
yllcorner     5168000.000000
cellsize      1.000000
NODATA_value  -9999.0
-9999.0 -9999.0 -9999.0 -9999.0 -9999.0 -9999.0 -9999.0 -9999.0 -9999.0 -9999.0 -9999.0 -9999.0 -9999.0 -9999.0 -9999.0 -9999.0 -9999.0 -9999.0 -9999.0 -9999.0 -9999.0 -9999.0 -9999.0 -9999.0 -9999.0 -9999.0 -9999.0 -9999.0 -9999.0 -9999.0 -9999.0 -9999.0 -9999.0 -9999.0 -9999.0 -9999.0 -9999.0 -9999.0 -9999.0 -9999.0 -9999.0 -9999.0 -9999.0 -9999.0 -9999.0 -9999.0 -9999.0 -9999.0 -9999.0 -9999.0 -9999.0 -9999.0 -9999.0 -9999.0 -9999.0 -9999.0 -9999.0 -9999.0 -9999.0 -9999.0 -9999.0 -9999.0 -9999.0 -9999.0 -9999.0 -9999.0 -9999.0 -9999.0 -9999.0 -9999.0 -9999.0 -9999.0 -9999.0 -9999.0 -9999.0 -9999.0 -9999.0 -9999.0 -9999.0 -9999.0
-9999.0 -9999.0 -9999.0 -9999.0 -9999.0 -9999.0 -9999.0 -9999.0 -9999.0 -9999.0 -9999.0 -9999.0 -9999.0 -9999.0 -9999.0 -9999.0 -9999.0 -9999.0 -9999.0 -9999.0 -9999.0 -9999.0 -9999.0 -9999.0 -9999.0 -9999.0 -9999.0 -9999.0 -9999.0 -9999.0 -9999.0 -9999.0 -9999.0 -9999.0 -9999.0 -9999.0 -9999.0 -9999.0 -9999.0 -9999.0 -9999.0 -9999.0 -9999.0 -9999.0 -9999.0 -9999.0 -9999.0 -9999.0 -9999.0 -9999.0 -9999.0 -9999.0 -9999.0 -9999.0 -9999.0 -9999.0 -9999.0 -9999.0 -9999.0 -9999.0 -9999.0 -9999.0 -9999.0 -9999.0 -9999.0 -9999.0 -9999.0 -9999.0 -9999.0 -9999.0 -9999.0 -9999.0 -9999.0 -9999.0 -9999.0 -9999.0 -9999.0 -9999.0 -9999.0 -9999.0
-9999.0 -9999.0 -9999.0 -9999.0 -9999.0 -9999.0 -9999.0 -9999.0 -9999.0 -9999.0 -9999.0 -9999.0 -9999.0 -9999.0 -9999.0 -9999.0 -9999.0 -9999.0 -9999.0 -9999.0 339.709348 342.726833 320.734401 287.432577 259.881231 262.652521 298.241670 340.337445 379.544455 390.808383 373.765163 376.544327 372.547339 372.689802 376.180448 383.168239 387.066389 398.982759 408.214820 408.804721 403.542389 398.853828 399.011414 402.589672 407.566863 397.005372 409.797759 424.155595 428.938149 422.322700 393.512990 376.327475 366.403332 350.146855 373.410799 384.560733 406.546991 409.982191 407.764630 380.088604 349.592408 -9999.0 -9999.0 -9999.0 -9999.0 -9999.0 -9999.0 -9999.0 -9999.0 -9999.0 -9999.0 -9999.0 -9999.0 -9999.0 -9999.0 -9999.0 -9999.0 -9999.0 -9999.0 -9999.0
-9999.0 -9999.0 -9999.0 -9999.0 -9999.0 -9999.0 -9999.0 -9999.0 -9999.0 -9999.0 -9999.0 -9999.0 -9999.0 -9999.0 247.728943 238.212329 235.853235 244.952728 279.260012 309.856438 322.451722 315.460287 316.136496 293.388316 273.888605 288.885324 319.540983 352.478267 388.562899 410.550454 399.793548 398.444906 409.765345 437.519657 452.575931 450.806707 430.730392 454.423022 471.818984 482.633254 483.565173 476.355557 491.372009 508.045369 500.995882 482.319714 484.775532 495.158733 507.146478 490.198952 423.244898 400.727751 394.934508 386.329308 370.878733 363.000991 386.924566 386.485973 377.268898 358.416238 325.264020 280.779308 262.073411 300.000266 343.557196 400.761841 -9999.0 -9999.0 -9999.0 -9999.0 -9999.0 -9999.0 -9999.0 -9999.0 -9999.0 -9999.0 -9999.0 -9999.0 -9999.0 -9999.0
-9999.0 -9999.0 -9999.0 -9999.0 -9999.0 -9999.0 -9999.0 -9999.0 -9999.0 188.991769 193.365261 201.022220 203.614855 219.809886 218.259896 225.927946 234.219535 261.614386 293.611980 329.652816 359.424026 351.063298 352.811472 365.508696 372.331921 386.484422 409.802440 453.304102 498.368736 543.245336 517.120251 516.812673 538.090085 588.954236 627.266607 637.371828 618.477895 625.472464 653.779909 681.623210 685.550633 686.252986 713.354658 728.220042 731.188817 709.166268 689.231212 685.269869 708.355433 652.179916 581.520629 525.367889 523.933846 489.279735 445.768406 421.642506 416.818429 436.392168 419.409921 380.263229 342.330810 330.919204 312.931264 328.636612 350.198884 396.101250 434.108364 462.001283 461.301786 443.459105 -9999.0 -9999.0 -9999.0 -9999.0 -9999.0 -9999.0 -9999.0 -9999.0 -9999.0 -9999.0
-9999.0 -9999.0 -9999.0 -9999.0 -9999.0 -9999.0 109.658256 119.060386 139.409069 144.978159 170.316748 178.453500 199.778768 219.981061 242.029791 260.045242 292.051409 326.444221 369.616817 415.569196 450.469347 448.687538 462.247056 498.346002 543.060134 576.857811 605.122612 650.557771 735.177635 784.346439 798.330313 805.858196 816.638583 863.889262 927.502795 945.493272 924.146413 909.245481 929.809860 969.282539 985.143429 989.807863 999.926115 1009.128849 1034.000153 1022.724822 975.115031 954.420675 947.486131 931.386309 873.183145 809.373906 767.338674 712.299717 623.038850 561.042436 560.861295 574.579008 540.361504 482.222879 436.502518 423.010309 405.865472 390.076111 394.035329 411.794520 433.346428 443.487723 429.834570 408.268482 384.708047 355.469697 356.855169 381.941174 -9999.0 -9999.0 -9999.0 -9999.0 -9999.0 -9999.0
-9999.0 -9999.0 -9999.0 -9999.0 59.493168 72.355997 60.838118 85.515870 118.327503 152.656845 185.827121 224.234185 252.932247 284.631683 327.925706 367.274217 414.074386 453.574928 513.009414 586.750469 644.573126 676.516299 699.077188 763.917412 827.699965 880.254103 901.488104 931.058239 977.846398 1045.283892 1075.313014 1083.567118 1100.042487 1132.285709 1175.846664 1208.935724 1192.796499 1186.388213 1191.926138 1204.127849 1230.759449 1233.711620 1236.122003 1237.886996 1240.956551 1239.273749 1213.617928 1179.013961 1163.715376 1153.261374 1126.663718 1060.516850 1012.173592 978.316795 945.884207 895.686544 828.173122 805.632690 744.228590 681.277162 608.970044 579.845148 543.801988 513.386656 479.094199 476.536054 476.524776 454.035242 420.929967 387.613250 371.752698 352.445193 341.495161 371.091215 388.493317 419.052070 -9999.0 -9999.0 -9999.0 -9999.0
-9999.0 -9999.0 0.438401 50.052483 106.712380 115.948308 118.159452 124.480637 153.166863 205.887327 285.341380 340.228948 387.817078 423.934802 488.705416 577.388596 660.751252 716.915053 780.330109 850.299295 913.330534 951.978926 978.525290 1019.524878 1070.930720 1126.856874 1151.314443 1177.905207 1209.622010 1243.703195 1262.026234 1277.330586 1284.413334 1284.406027 1287.497476 1287.939043 1283.789724 1278.293050 1260.410309 1257.634405 1265.594874 1270.338677 1272.934249 1260.204258 1256.175137 1268.654873 1270.736802 1269.380793 1268.922832 1275.945715 1282.081628 1246.745575 1201.122473 1183.877736 1174.090180 1132.695847 1069.503320 1020.721761 995.030859 951.351363 872.211955 817.270818 762.271540 706.165004 645.250155 605.813868 552.650794 505.981829 456.675193 408.913563 384.084830 364.932494 361.945402 361.728361 377.443688 392.693194 407.890157 415.598626 -9999.0 -9999.0
-9999.0 -100.392164 -27.690850 99.680425 179.797118 225.957222 264.389360 293.056830 321.923259 344.876190 457.232417 563.155588 661.807320 701.987425 759.079384 860.082372 959.072632 1005.063675 1040.996139 1092.567365 1149.308779 1195.844385 1225.920916 1247.447473 1278.089246 1284.486633 1285.294467 1287.402770 1282.621660 1275.708738 1266.723225 1273.423315 1270.270639 1252.597791 1237.567705 1234.397793 1227.643725 1202.082820 1173.248479 1158.610828 1161.666465 1183.348899 1172.327164 1152.362327 1148.755983 1169.154378 1187.005061 1178.852475 1167.502129 1185.193982 1220.514868 1242.527278 1255.582544 1270.639180 1291.038445 1267.391257 1236.507794 1194.763594 1174.455784 1144.324326 1082.569859 1019.111323 963.603285 900.349456 831.547775 758.270889 688.335285 620.199948 548.304965 504.087173 470.273529 417.388202 393.791909 394.222964 384.399460 381.204603 387.201563 393.441892 -9999.0 -9999.0
-9999.0 -175.775997 -32.506869 153.464079 302.639267 366.988521 482.394053 569.981624 603.755246 582.635844 700.024056 925.011967 1018.927846 1034.811607 1102.882099 1184.834082 1215.705471 1246.285111 1266.318860 1269.768756 1272.898384 1280.644091 1279.313459 1273.361208 1259.630336 1251.956343 1250.544789 1246.919431 1227.873446 1207.940951 1189.972643 1185.478000 1167.166362 1126.760471 1094.830222 1077.673850 1059.955371 1034.124688 997.592127 969.777909 955.517185 972.622962 964.084375 946.735547 943.144431 966.172020 999.334047 995.040979 1002.096366 1025.237502 1067.403925 1110.679230 1134.491289 1163.883409 1201.163708 1244.891852 1262.552340 1283.121367 1287.850297 1266.164814 1222.203042 1170.123319 1135.060171 1068.595160 993.560254 912.813301 846.970597 783.373589 710.964370 659.071031 606.483892 545.045612 485.494400 456.628363 415.487507 394.155550 -9999.0 -9999.0 -9999.0 -9999.0
-9999.0 -247.216784 -56.724164 206.986011 476.595965 605.293964 811.052205 944.563134 1011.963735 1071.216008 1082.838448 1207.844705 1238.934499 1232.932406 1224.346777 1227.225778 1242.187533 1246.295174 1242.901056 1232.918965 1222.965887 1218.192310 1217.105812 1208.917267 1197.225908 1182.152405 1168.479713 1153.615441 1110.969937 1075.974165 1041.570117 1025.460258 987.587249 897.412862 854.550742 820.558939 764.429681 753.563155 741.642909 710.369867 689.293247 670.901295 690.693740 692.489424 694.175393 701.324517 722.280871 745.226771 789.836064 827.471977 873.054780 927.127838 962.757267 1007.381137 1056.566895 1116.659678 1149.834260 1180.306994 1226.890612 1266.848977 1289.432835 1279.061244 1249.236423 1203.473087 1131.980756 1059.593274 1006.492907 931.108362 864.664463 812.185970 768.059166 715.915652 645.239807 549.648556 504.089159 -9999.0 -9999.0 -9999.0 -9999.0 -9999.0
-9999.0 -412.615967 -144.176553 150.168040 478.000910 804.204340 926.054816 1072.157945 1146.350522 1098.458815 1090.023530 1115.537108 1156.215965 1164.341385 1145.561334 1138.497625 1129.437007 1129.733672 1142.299595 1115.345946 1082.357624 1067.608426 1066.431229 1053.955862 1030.693634 1012.447591 998.322290 976.360038 925.579637 874.578397 795.990774 766.614900 688.783115 621.499841 572.169974 521.165305 467.980745 464.408040 479.019833 461.841731 438.581058 419.519016 445.412753 461.864829 473.568613 463.978795 474.189155 510.989472 562.289311 608.926675 663.785024 724.452459 774.871579 826.885885 862.417114 916.559186 965.295076 1013.428461 1088.471601 1169.370672 1205.831733 1240.315359 1274.010642 1287.548332 1236.157400 1182.449246 1126.122481 1055.007412 964.203450 918.934754 897.701706 864.017430 810.645195 -9999.0 -9999.0 -9999.0 -9999.0 -9999.0 -9999.0 -9999.0
-9999.0 -543.937198 -316.711820 -75.070217 220.795585 462.338031 653.501630 771.114260 854.990087 865.088252 885.071592 916.291127 947.840218 970.782625 949.206828 912.579861 885.785008 889.716233 887.407320 862.864532 832.498459 817.161276 814.988960 806.994629 780.481283 763.309839 750.113012 724.400045 684.467909 623.823021 539.020835 466.678653 402.611518 365.867059 334.054066 299.945703 261.511318 271.179522 284.452824 279.724517 267.648168 263.534199 292.909918 311.565400 321.761978 309.492261 328.613003 356.127434 398.846249 442.522443 492.996546 550.509742 607.177629 641.173955 660.642914 694.144253 740.821951 800.731356 889.269296 986.125142 1062.911281 1114.761519 1164.977567 1195.742047 1208.295301 1221.686119 1192.113041 1098.970435 961.295503 961.270955 965.687308 -9999.0 -9999.0 -9999.0 -9999.0 -9999.0 -9999.0 -9999.0 -9999.0 -9999.0
-9999.0 -9999.0 -553.327146 -367.050875 -214.434272 -29.006585 123.872635 234.381725 316.163506 414.046317 509.367883 589.233131 633.903836 652.260876 635.086968 595.781554 570.560591 570.210209 560.339360 546.977981 523.608550 514.269840 503.800368 495.189616 482.134351 474.243414 467.507214 454.498451 429.754368 380.544371 327.385765 274.178077 218.995712 192.763733 170.122318 147.360988 144.162074 141.448620 147.714348 148.839953 154.527037 166.442263 186.985572 208.546018 218.117191 225.826891 238.531045 262.467306 295.985854 337.952826 391.629571 449.066495 489.123183 502.983595 495.495752 503.928464 529.214954 578.331199 670.437027 764.728528 861.434380 934.035071 1005.766954 1056.052376 1072.331874 1090.297882 1099.143025 1013.169350 666.939149 881.591135 -9999.0 -9999.0 -9999.0 -9999.0 -9999.0 -9999.0 -9999.0 -9999.0 -9999.0 -9999.0
-9999.0 -9999.0 -9999.0 -9999.0 -511.081202 -353.364644 -257.830303 -173.882116 -49.718881 62.899412 157.649372 236.488053 292.728087 317.536269 308.394763 305.755302 298.345156 293.740856 284.669135 280.339568 275.814589 267.814489 255.306729 247.419989 246.706658 250.079363 247.283462 233.346693 216.066772 189.558283 165.987365 130.480367 93.322109 63.822649 50.498142 43.765690 43.739030 37.746052 46.980282 53.567893 68.487657 83.843329 107.780703 136.285520 149.226727 163.619620 173.428061 194.303635 224.591400 277.690936 340.467001 397.210927 431.872168 435.907777 410.536954 395.397969 393.235073 423.396702 473.771997 548.493369 657.845469 739.452626 805.261086 853.150381 885.905945 930.436897 972.781695 990.610089 -9999.0 -9999.0 -9999.0 -9999.0 -9999.0 -9999.0 -9999.0 -9999.0 -9999.0 -9999.0 -9999.0 -9999.0
-9999.0 -9999.0 -9999.0 -9999.0 -9999.0 -9999.0 -563.534720 -465.993506 -379.710966 -252.302055 -133.529108 -38.817214 37.353884 64.447018 84.464470 107.879007 104.059502 86.745746 69.491833 86.456985 97.044454 91.718160 63.437940 62.067116 65.718501 74.494822 72.765248 66.293823 41.144887 49.855548 48.697049 25.329839 -0.951004 -15.364041 -27.098151 -17.295197 -16.671504 -29.499744 -27.590356 -1.338015 18.518087 31.903164 54.242777 87.383538 119.422824 133.944266 135.046981 141.306292 182.479802 252.748511 323.318084 377.225956 408.381150 415.767511 387.460438 346.675448 325.601902 332.896982 368.732919 424.216693 504.279964 558.450203 592.402818 614.822856 642.758942 739.092020 -9999.0 -9999.0 -9999.0 -9999.0 -9999.0 -9999.0 -9999.0 -9999.0 -9999.0 -9999.0 -9999.0 -9999.0 -9999.0 -9999.0
-9999.0 -9999.0 -9999.0 -9999.0 -9999.0 -9999.0 -9999.0 -9999.0 -9999.0 -9999.0 -9999.0 -9999.0 -9999.0 -9999.0 -9999.0 -9999.0 -9999.0 -9999.0 -9999.0 -9999.0 -9999.0 -9999.0 -9999.0 -9999.0 -9999.0 -9999.0 -9999.0 -9999.0 -9999.0 -9999.0 -9999.0 -9999.0 -9999.0 -9999.0 -9999.0 -9999.0 -9999.0 -9999.0 -9999.0 -9999.0 -9999.0 -9999.0 -9999.0 -9999.0 -9999.0 -9999.0 -9999.0 -9999.0 -9999.0 -9999.0 -9999.0 -9999.0 -9999.0 -9999.0 -9999.0 -9999.0 -9999.0 -9999.0 -9999.0 -9999.0 -9999.0 -9999.0 -9999.0 -9999.0 -9999.0 -9999.0 -9999.0 -9999.0 -9999.0 -9999.0 -9999.0 -9999.0 -9999.0 -9999.0 -9999.0 -9999.0 -9999.0 -9999.0 -9999.0 -9999.0
-9999.0 -9999.0 -9999.0 -9999.0 -9999.0 -9999.0 -9999.0 -9999.0 -9999.0 -9999.0 -9999.0 -9999.0 -9999.0 -9999.0 -9999.0 -9999.0 -9999.0 -9999.0 -9999.0 -9999.0 -9999.0 -9999.0 -9999.0 -9999.0 -9999.0 -9999.0 -9999.0 -9999.0 -9999.0 -9999.0 -9999.0 -9999.0 -9999.0 -9999.0 -9999.0 -9999.0 -9999.0 -9999.0 -9999.0 -9999.0 -9999.0 -9999.0 -9999.0 -9999.0 -9999.0 -9999.0 -9999.0 -9999.0 -9999.0 -9999.0 -9999.0 -9999.0 -9999.0 -9999.0 -9999.0 -9999.0 -9999.0 -9999.0 -9999.0 -9999.0 -9999.0 -9999.0 -9999.0 -9999.0 -9999.0 -9999.0 -9999.0 -9999.0 -9999.0 -9999.0 -9999.0 -9999.0 -9999.0 -9999.0 -9999.0 -9999.0 -9999.0 -9999.0 -9999.0 -9999.0