Borden_/Borden1m_014/output_maps/psiliqL0003N0022.asc
ncols         80
nrows         18
xllcorner     620200.000000
yllcorner     5168000.000000
cellsize      1.000000
NODATA_value  -9999.0
-9999.0 -9999.0 -9999.0 -9999.0 -9999.0 -9999.0 -9999.0 -9999.0 -9999.0 -9999.0 -9999.0 -9999.0 -9999.0 -9999.0 -9999.0 -9999.0 -9999.0 -9999.0 -9999.0 -9999.0 -9999.0 -9999.0 -9999.0 -9999.0 -9999.0 -9999.0 -9999.0 -9999.0 -9999.0 -9999.0 -9999.0 -9999.0 -9999.0 -9999.0 -9999.0 -9999.0 -9999.0 -9999.0 -9999.0 -9999.0 -9999.0 -9999.0 -9999.0 -9999.0 -9999.0 -9999.0 -9999.0 -9999.0 -9999.0 -9999.0 -9999.0 -9999.0 -9999.0 -9999.0 -9999.0 -9999.0 -9999.0 -9999.0 -9999.0 -9999.0 -9999.0 -9999.0 -9999.0 -9999.0 -9999.0 -9999.0 -9999.0 -9999.0 -9999.0 -9999.0 -9999.0 -9999.0 -9999.0 -9999.0 -9999.0 -9999.0 -9999.0 -9999.0 -9999.0 -9999.0
-9999.0 -9999.0 -9999.0 -9999.0 -9999.0 -9999.0 -9999.0 -9999.0 -9999.0 -9999.0 -9999.0 -9999.0 -9999.0 -9999.0 -9999.0 -9999.0 -9999.0 -9999.0 -9999.0 -9999.0 -9999.0 -9999.0 -9999.0 -9999.0 -9999.0 -9999.0 -9999.0 -9999.0 -9999.0 -9999.0 -9999.0 -9999.0 -9999.0 -9999.0 -9999.0 -9999.0 -9999.0 -9999.0 -9999.0 -9999.0 -9999.0 -9999.0 -9999.0 -9999.0 -9999.0 -9999.0 -9999.0 -9999.0 -9999.0 -9999.0 -9999.0 -9999.0 -9999.0 -9999.0 -9999.0 -9999.0 -9999.0 -9999.0 -9999.0 -9999.0 -9999.0 -9999.0 -9999.0 -9999.0 -9999.0 -9999.0 -9999.0 -9999.0 -9999.0 -9999.0 -9999.0 -9999.0 -9999.0 -9999.0 -9999.0 -9999.0 -9999.0 -9999.0 -9999.0 -9999.0
-9999.0 -9999.0 -9999.0 -9999.0 -9999.0 -9999.0 -9999.0 -9999.0 -9999.0 -9999.0 -9999.0 -9999.0 -9999.0 -9999.0 -9999.0 -9999.0 -9999.0 -9999.0 -9999.0 -9999.0 -551.187281 -549.927847 -552.691426 -555.856891 -558.534009 -558.869244 -555.881411 -552.429352 -548.464481 -547.690508 -550.881613 -550.090071 -551.342566 -552.074165 -552.147917 -551.250987 -550.797465 -549.535039 -548.734157 -549.120357 -550.097613 -550.782551 -551.393293 -551.197063 -550.094422 -551.618694 -549.417835 -547.262003 -546.513021 -546.522354 -549.421135 -550.609896 -551.055177 -553.548427 -549.052446 -547.739580 -544.423392 -544.095574 -543.498805 -547.218796 -550.889064 -9999.0 -9999.0 -9999.0 -9999.0 -9999.0 -9999.0 -9999.0 -9999.0 -9999.0 -9999.0 -9999.0 -9999.0 -9999.0 -9999.0 -9999.0 -9999.0 -9999.0 -9999.0 -9999.0
-9999.0 -9999.0 -9999.0 -9999.0 -9999.0 -9999.0 -9999.0 -9999.0 -9999.0 -9999.0 -9999.0 -9999.0 -9999.0 -9999.0 -556.316240 -557.818060 -558.522809 -558.979126 -556.293580 -554.186254 -554.113065 -555.678636 -554.405465 -557.454074 -560.168903 -558.544106 -556.223957 -554.322718 -551.167887 -548.762808 -550.991520 -551.542590 -550.349710 -546.095297 -544.216180 -545.114942 -550.103735 -545.379399 -542.986937 -541.458634 -541.669758 -543.949138 -540.816302 -537.142428 -539.032485 -542.924606 -542.056505 -539.843320 -536.262876 -538.118918 -550.338149 -551.582757 -550.957278 -550.700310 -552.367656 -553.556072 -549.009207 -549.645663 -550.384728 -551.199735 -553.854563 -558.150349 -560.073673 -555.595828 -551.622897 -543.514746 -9999.0 -9999.0 -9999.0 -9999.0 -9999.0 -9999.0 -9999.0 -9999.0 -9999.0 -9999.0 -9999.0 -9999.0 -9999.0 -9999.0
-9999.0 -9999.0 -9999.0 -9999.0 -9999.0 -9999.0 -9999.0 -9999.0 -9999.0 -558.784998 -559.196986 -558.785910 -559.788665 -558.478462 -560.715199 -560.204314 -560.630249 -558.776993 -557.291071 -554.711051 -551.269622 -553.807656 -554.148839 -552.378367 -552.210069 -551.523659 -549.976663 -544.314561 -537.883125 -527.798520 -536.474699 -536.890145 -532.214802 -514.628035 -498.801696 -494.273660 -502.300851 -502.282310 -492.103841 -479.929526 -480.425167 -481.624725 -468.389746 -460.345007 -454.472805 -466.938790 -478.410023 -480.237209 -464.029818 -491.285529 -514.866957 -534.130204 -532.738637 -539.190761 -546.227765 -548.814163 -549.786113 -544.637957 -546.588702 -551.303282 -555.141284 -553.955013 -556.119923 -553.968311 -552.473656 -546.292380 -540.714415 -535.301379 -535.045850 -538.490434 -9999.0 -9999.0 -9999.0 -9999.0 -9999.0 -9999.0 -9999.0 -9999.0 -9999.0 -9999.0
-9999.0 -9999.0 -9999.0 -9999.0 -9999.0 -9999.0 -561.397679 -561.581805 -560.740573 -563.502566 -561.590690 -562.954655 -561.571249 -560.985764 -560.072397 -560.075054 -557.774214 -555.731021 -552.247390 -547.581460 -543.219209 -545.580194 -544.468990 -538.283651 -525.702497 -513.724234 -506.285856 -492.994291 -447.743427 -393.984898 -364.621470 -347.203431 -318.819267 -296.160664 -253.133225 -182.102337 -257.336123 -274.438621 -263.277400 -229.704419 -147.412829 -145.884083 -140.473848 -133.494036 -107.723058 -113.340605 -225.298203 -249.919738 -255.780203 -261.078849 -290.439200 -324.197978 -410.204130 -460.891276 -499.811065 -520.001129 -523.711605 -520.602237 -528.778526 -539.785615 -546.288539 -546.287381 -547.545717 -549.905659 -548.728654 -546.212795 -542.349210 -539.917128 -541.763883 -544.286497 -546.178899 -550.227394 -549.582542 -545.662738 -9999.0 -9999.0 -9999.0 -9999.0 -9999.0 -9999.0
-9999.0 -9999.0 -9999.0 -9999.0 -565.588653 -564.333872 -568.137357 -566.006446 -564.383584 -563.169336 -563.229011 -561.087103 -560.527068 -558.988965 -555.699304 -553.178912 -548.533125 -544.995265 -535.114025 -513.888109 -493.178534 -480.615027 -473.654643 -413.516665 -318.161132 -287.422593 -278.228230 -262.202480 -222.200336 -100.640582 -101.526863 -68.038376 -79.378553 -26.626542 14.488267 46.819062 27.802553 23.097183 23.770898 31.548360 55.274205 55.912701 56.924929 56.945676 58.972459 60.655678 40.663775 10.355470 -0.123546 -9.204004 -23.757044 -85.002138 -189.369269 -228.666264 -248.253220 -276.016119 -315.215292 -345.116865 -439.260722 -477.877096 -507.573233 -518.182089 -528.072216 -533.029014 -539.613069 -538.351422 -536.466364 -539.833296 -544.228014 -548.370029 -548.879684 -550.689131 -552.726633 -547.642360 -545.850703 -540.378411 -9999.0 -9999.0 -9999.0 -9999.0
-9999.0 -9999.0 -565.779250 -565.735658 -562.338414 -564.479234 -565.802634 -567.640730 -566.925840 -563.668086 -557.576747 -555.017303 -550.910148 -548.633621 -538.899599 -513.885005 -484.362196 -458.760219 -380.857697 -308.713617 -272.932989 -242.242126 -158.341486 -121.949334 -75.833705 -62.296949 -8.959521 -21.081084 34.615187 60.811403 85.471616 101.521542 108.032442 99.815992 101.051227 98.266191 95.759581 93.033343 75.561486 73.691103 81.179093 82.500363 86.859817 74.052389 70.406818 82.859191 84.596676 84.980021 88.221749 94.496438 107.268378 77.276788 24.903570 13.306161 12.224601 -26.407731 -84.418382 -179.022920 -212.569326 -247.327866 -296.727612 -325.762891 -415.560321 -469.194584 -498.109247 -511.391620 -524.622699 -532.859769 -540.384871 -547.308662 -549.402765 -550.645241 -549.676338 -550.385293 -547.678421 -545.639520 -542.617563 -541.475158 -9999.0 -9999.0
-9999.0 -566.826953 -568.026559 -562.032658 -561.077803 -559.930531 -558.512069 -557.280189 -555.652256 -557.781154 -541.344944 -509.661081 -476.045873 -462.750448 -400.361731 -295.487802 -157.779979 -127.048927 -96.574627 -88.968851 -11.120653 24.558585 51.166715 83.197691 108.337598 100.731099 100.069021 96.758459 89.693874 82.551504 71.773296 79.685648 78.059007 63.766524 52.353633 51.396883 49.091430 25.879485 -0.635415 -12.172392 -6.631045 13.192810 4.182215 -16.252128 -19.921750 -0.494920 14.366577 5.884133 -4.726040 8.147069 41.481342 57.136298 73.616460 86.367302 108.163704 85.023240 52.973767 17.445624 -27.815293 -21.100971 -121.222655 -183.443352 -235.703310 -284.809105 -322.123513 -421.051106 -478.222794 -504.794176 -524.417409 -531.825611 -536.430416 -545.899674 -548.301947 -546.237462 -547.479392 -547.624168 -546.429439 -545.495948 -9999.0 -9999.0
-9999.0 -572.708698 -567.191045 -560.837178 -552.796788 -551.730783 -524.378270 -498.500846 -490.311662 -503.448850 -436.435193 -153.835172 -90.599356 -90.266639 -37.514349 29.576366 69.960884 91.467722 107.129223 95.129678 91.760684 92.400216 88.033372 80.275581 66.333963 59.158988 58.725358 56.885593 40.776723 24.220634 8.119301 -21.701865 -6.526083 -37.803432 -65.989892 -78.006632 -89.815469 -169.127848 -214.398824 -241.440191 -252.030034 -234.755794 -243.720428 -258.219217 -261.210320 -242.737042 -212.509257 -216.291828 -206.659761 -180.381514 -136.268720 -55.693163 -36.340787 -37.964407 21.513864 57.618750 75.758240 95.854372 100.895818 77.215279 40.614721 -4.512207 -31.488325 -134.029770 -202.788580 -270.577607 -306.237420 -335.705130 -440.827270 -476.602267 -500.697169 -520.674631 -534.699868 -537.745118 -544.619690 -545.690507 -9999.0 -9999.0 -9999.0 -9999.0
-9999.0 -573.171375 -567.779798 -555.728682 -525.359313 -479.951909 -317.744030 -214.553006 -46.307524 -99.354518 16.539379 89.436807 98.829255 81.848915 56.286669 52.971718 62.492005 64.496715 60.648754 51.571898 42.650028 14.429502 36.305878 29.683870 17.555063 3.678294 -7.196888 -17.704120 -102.325416 -137.211499 -164.664158 -184.168359 -218.529933 -282.304438 -302.398149 -318.778065 -405.361707 -421.906085 -437.439316 -462.552361 -472.903555 -479.613554 -470.546449 -472.832827 -473.674065 -468.237681 -453.278598 -439.598725 -379.554743 -322.475442 -300.115687 -268.405502 -241.193285 -196.986353 -146.784672 -49.596974 -22.828341 2.958594 19.300216 78.068867 99.270742 90.886617 63.269934 29.708049 -27.488044 -133.768320 -177.838800 -230.970882 -281.625792 -310.515126 -332.742096 -420.288506 -481.394071 -517.131966 -526.681069 -9999.0 -9999.0 -9999.0 -9999.0 -9999.0
-9999.0 -581.514499 -567.840042 -557.974825 -505.356553 -309.243343 -233.089182 27.421808 81.340333 12.245822 -99.773686 -22.614314 11.044360 10.665533 -12.898810 -21.118260 -27.490041 -28.336336 -15.529390 -42.096706 -114.876963 -133.018675 -135.067439 -149.446009 -175.953385 -197.539077 -212.975248 -232.228087 -272.473054 -298.453901 -341.958879 -393.700301 -467.414558 -499.515326 -515.433678 -529.226462 -541.638390 -541.302489 -537.297922 -540.679549 -544.362721 -548.227610 -543.525271 -541.320203 -539.232676 -541.823035 -541.110598 -534.673116 -523.841066 -511.619257 -492.071724 -463.095780 -417.732866 -325.887699 -306.101935 -274.688470 -240.378254 -192.289232 -119.523153 -3.334993 24.354207 53.072231 88.486116 107.894441 69.175433 33.081753 -16.564252 -53.364199 -170.198995 -227.454301 -252.997689 -280.813124 -312.520801 -9999.0 -9999.0 -9999.0 -9999.0 -9999.0 -9999.0 -9999.0
-9999.0 -585.974650 -571.301893 -569.236361 -551.564046 -511.394053 -435.467509 -305.055891 -157.775895 -271.827227 -282.458051 -266.788903 -247.083903 -230.188275 -248.341902 -270.610471 -284.853375 -281.556429 -279.716878 -292.880948 -307.752960 -314.756082 -316.005046 -327.748115 -380.950241 -410.637986 -425.740280 -448.754790 -473.561024 -497.989403 -526.928044 -540.207514 -549.269454 -552.325407 -554.598864 -556.999657 -561.572160 -559.002057 -557.043217 -557.519083 -558.960060 -560.050167 -556.589594 -555.365066 -554.272601 -557.408231 -555.202258 -553.219121 -548.728662 -544.045967 -537.265615 -527.093602 -513.668183 -503.496832 -495.150778 -479.243368 -450.039179 -354.146495 -292.676886 -215.612145 -142.330337 -54.178372 -7.390125 26.878904 46.386187 56.806353 64.093823 43.762608 -14.306357 -145.664510 -190.365830 -9999.0 -9999.0 -9999.0 -9999.0 -9999.0 -9999.0 -9999.0 -9999.0 -9999.0
-9999.0 -9999.0 -589.235666 -583.202003 -578.060486 -572.562887 -564.594963 -553.868447 -545.414525 -533.654714 -516.442402 -496.255933 -482.257051 -475.376021 -484.564513 -501.825712 -511.269060 -510.577317 -513.091323 -518.017626 -526.589777 -529.822428 -531.955726 -533.625878 -537.022578 -538.418838 -539.001960 -540.265041 -543.054960 -549.274762 -554.585210 -558.215226 -562.204193 -562.029017 -562.652276 -564.018923 -562.829202 -563.130948 -562.755917 -562.949846 -562.603674 -561.943591 -561.164189 -560.071427 -560.015830 -559.693796 -559.307869 -558.120620 -556.290904 -553.829229 -549.023803 -541.907481 -536.361472 -535.007661 -537.909082 -537.037064 -533.042803 -523.155326 -488.829122 -412.112800 -310.746822 -262.847215 -194.851915 -139.956526 -87.200046 -57.559137 -1.810644 39.955246 24.857625 -63.726822 -9999.0 -9999.0 -9999.0 -9999.0 -9999.0 -9999.0 -9999.0 -9999.0 -9999.0 -9999.0
-9999.0 -9999.0 -9999.0 -9999.0 -591.999988 -583.369268 -575.540324 -576.299293 -570.558547 -566.993708 -563.643849 -559.603989 -556.212741 -554.031391 -556.641185 -557.150746 -557.668486 -557.296706 -557.882486 -558.542077 -558.838270 -559.274795 -559.736614 -560.351756 -560.081131 -559.463908 -559.297157 -560.344458 -560.365772 -562.302728 -562.509574 -563.650001 -564.756103 -566.058231 -565.772034 -565.890744 -565.301790 -565.935521 -564.983449 -565.540715 -564.813230 -564.489902 -563.612747 -562.169608 -562.701069 -561.869851 -561.833436 -560.753379 -560.315451 -557.358860 -552.501125 -546.794135 -542.854151 -543.020908 -547.984880 -550.057762 -551.261293 -548.131639 -542.636064 -530.456487 -496.944737 -456.046139 -351.657978 -306.845744 -285.145486 -249.084393 -180.100759 -83.396949 -9999.0 -9999.0 -9999.0 -9999.0 -9999.0 -9999.0 -9999.0 -9999.0 -9999.0 -9999.0 -9999.0 -9999.0
-9999.0 -9999.0 -9999.0 -9999.0 -9999.0 -9999.0 -588.156439 -583.806188 -585.141826 -581.781082 -578.776171 -576.448286 -572.953613 -573.346771 -572.284067 -569.536347 -569.899626 -571.197697 -572.839018 -570.424187 -569.345779 -569.108126 -571.754429 -571.002664 -570.711747 -569.702215 -569.805874 -569.357915 -571.590102 -568.889986 -567.585435 -568.068435 -568.530530 -568.014980 -568.575787 -566.908620 -566.709936 -568.043267 -568.445863 -566.528278 -565.982998 -566.261568 -565.898561 -564.595445 -562.689802 -562.400155 -563.260526 -564.465603 -562.528366 -558.012123 -552.847721 -548.192544 -545.103497 -544.076537 -548.248156 -553.822779 -556.599772 -556.986068 -554.698525 -550.243227 -539.341060 -531.449266 -524.781507 -515.451190 -504.749852 -450.064153 -9999.0 -9999.0 -9999.0 -9999.0 -9999.0 -9999.0 -9999.0 -9999.0 -9999.0 -9999.0 -9999.0 -9999.0 -9999.0 -9999.0
-9999.0 -9999.0 -9999.0 -9999.0 -9999.0 -9999.0 -9999.0 -9999.0 -9999.0 -9999.0 -9999.0 -9999.0 -9999.0 -9999.0 -9999.0 -9999.0 -9999.0 -9999.0 -9999.0 -9999.0 -9999.0 -9999.0 -9999.0 -9999.0 -9999.0 -9999.0 -9999.0 -9999.0 -9999.0 -9999.0 -9999.0 -9999.0 -9999.0 -9999.0 -9999.0 -9999.0 -9999.0 -9999.0 -9999.0 -9999.0 -9999.0 -9999.0 -9999.0 -9999.0 -9999.0 -9999.0 -9999.0 -9999.0 -9999.0 -9999.0 -9999.0 -9999.0 -9999.0 -9999.0 -9999.0 -9999.0 -9999.0 -9999.0 -9999.0 -9999.0 -9999.0 -9999.0 -9999.0 -9999.0 -9999.0 -9999.0 -9999.0 -9999.0 -9999.0 -9999.0 -9999.0 -9999.0 -9999.0 -9999.0 -9999.0 -9999.0 -9999.0 -9999.0 -9999.0 -9999.0
-9999.0 -9999.0 -9999.0 -9999.0 -9999.0 -9999.0 -9999.0 -9999.0 -9999.0 -9999.0 -9999.0 -9999.0 -9999.0 -9999.0 -9999.0 -9999.0 -9999.0 -9999.0 -9999.0 -9999.0 -9999.0 -9999.0 -9999.0 -9999.0 -9999.0 -9999.0 -9999.0 -9999.0 -9999.0 -9999.0 -9999.0 -9999.0 -9999.0 -9999.0 -9999.0 -9999.0 -9999.0 -9999.0 -9999.0 -9999.0 -9999.0 -9999.0 -9999.0 -9999.0 -9999.0 -9999.0 -9999.0 -9999.0 -9999.0 -9999.0 -9999.0 -9999.0 -9999.0 -9999.0 -9999.0 -9999.0 -9999.0 -9999.0 -9999.0 -9999.0 -9999.0 -9999.0 -9999.0 -9999.0 -9999.0 -9999.0 -9999.0 -9999.0 -9999.0 -9999.0 -9999.0 -9999.0 -9999.0 -9999.0 -9999.0 -9999.0 -9999.0 -9999.0 -9999.0 -9999.0