Borden_/Borden1m_014/output_maps/psiliqL0005N0038.asc
ncols         80
nrows         18
xllcorner     620200.000000
yllcorner     5168000.000000
cellsize      1.000000
NODATA_value  -9999.0
-9999.0 -9999.0 -9999.0 -9999.0 -9999.0 -9999.0 -9999.0 -9999.0 -9999.0 -9999.0 -9999.0 -9999.0 -9999.0 -9999.0 -9999.0 -9999.0 -9999.0 -9999.0 -9999.0 -9999.0 -9999.0 -9999.0 -9999.0 -9999.0 -9999.0 -9999.0 -9999.0 -9999.0 -9999.0 -9999.0 -9999.0 -9999.0 -9999.0 -9999.0 -9999.0 -9999.0 -9999.0 -9999.0 -9999.0 -9999.0 -9999.0 -9999.0 -9999.0 -9999.0 -9999.0 -9999.0 -9999.0 -9999.0 -9999.0 -9999.0 -9999.0 -9999.0 -9999.0 -9999.0 -9999.0 -9999.0 -9999.0 -9999.0 -9999.0 -9999.0 -9999.0 -9999.0 -9999.0 -9999.0 -9999.0 -9999.0 -9999.0 -9999.0 -9999.0 -9999.0 -9999.0 -9999.0 -9999.0 -9999.0 -9999.0 -9999.0 -9999.0 -9999.0 -9999.0 -9999.0
-9999.0 -9999.0 -9999.0 -9999.0 -9999.0 -9999.0 -9999.0 -9999.0 -9999.0 -9999.0 -9999.0 -9999.0 -9999.0 -9999.0 -9999.0 -9999.0 -9999.0 -9999.0 -9999.0 -9999.0 -9999.0 -9999.0 -9999.0 -9999.0 -9999.0 -9999.0 -9999.0 -9999.0 -9999.0 -9999.0 -9999.0 -9999.0 -9999.0 -9999.0 -9999.0 -9999.0 -9999.0 -9999.0 -9999.0 -9999.0 -9999.0 -9999.0 -9999.0 -9999.0 -9999.0 -9999.0 -9999.0 -9999.0 -9999.0 -9999.0 -9999.0 -9999.0 -9999.0 -9999.0 -9999.0 -9999.0 -9999.0 -9999.0 -9999.0 -9999.0 -9999.0 -9999.0 -9999.0 -9999.0 -9999.0 -9999.0 -9999.0 -9999.0 -9999.0 -9999.0 -9999.0 -9999.0 -9999.0 -9999.0 -9999.0 -9999.0 -9999.0 -9999.0 -9999.0 -9999.0
-9999.0 -9999.0 -9999.0 -9999.0 -9999.0 -9999.0 -9999.0 -9999.0 -9999.0 -9999.0 -9999.0 -9999.0 -9999.0 -9999.0 -9999.0 -9999.0 -9999.0 -9999.0 -9999.0 -9999.0 -684.637221 -680.699837 -696.672426 -717.849576 -735.162807 -735.516054 -715.126528 -690.402023 -665.219421 -658.680916 -673.728236 -671.894209 -677.016776 -678.475150 -677.170953 -672.757180 -670.886764 -662.740953 -656.962239 -657.775118 -662.760934 -667.077339 -669.133969 -666.896999 -662.414534 -669.312542 -658.408008 -646.433017 -641.389199 -644.037850 -663.254251 -673.208135 -677.654055 -689.013121 -668.337070 -659.290046 -641.305436 -638.134325 -637.450557 -657.687761 -679.148479 -9999.0 -9999.0 -9999.0 -9999.0 -9999.0 -9999.0 -9999.0 -9999.0 -9999.0 -9999.0 -9999.0 -9999.0 -9999.0 -9999.0 -9999.0 -9999.0 -9999.0 -9999.0 -9999.0
-9999.0 -9999.0 -9999.0 -9999.0 -9999.0 -9999.0 -9999.0 -9999.0 -9999.0 -9999.0 -9999.0 -9999.0 -9999.0 -9999.0 -731.469125 -738.929348 -741.964119 -740.479408 -721.746683 -705.190044 -699.667134 -706.545287 -704.030459 -720.861564 -735.451831 -726.257255 -709.179543 -691.388603 -668.990340 -654.272411 -665.290760 -667.989844 -660.447241 -638.134808 -626.504648 -629.428759 -649.883586 -629.823805 -616.402515 -607.843574 -608.785182 -617.296908 -603.105660 -587.601108 -593.996566 -610.734006 -608.477662 -598.407746 -583.466901 -596.453239 -653.006261 -666.585173 -666.471317 -668.926888 -678.123261 -683.305375 -662.227983 -662.337101 -667.527104 -677.617691 -697.554585 -725.442380 -736.756049 -710.750207 -682.323063 -638.153364 -9999.0 -9999.0 -9999.0 -9999.0 -9999.0 -9999.0 -9999.0 -9999.0 -9999.0 -9999.0 -9999.0 -9999.0 -9999.0 -9999.0
-9999.0 -9999.0 -9999.0 -9999.0 -9999.0 -9999.0 -9999.0 -9999.0 -9999.0 -754.975597 -755.347365 -752.321694 -754.878644 -746.717035 -753.541933 -750.129611 -748.808969 -735.243743 -720.051612 -699.735765 -679.726674 -689.913334 -690.809650 -681.601590 -677.801047 -670.255211 -657.010339 -625.354849 -588.911506 -548.097552 -576.446832 -577.949361 -558.770752 -501.418129 -450.382383 -435.137164 -460.337884 -458.540959 -424.675271 -388.506571 -384.123503 -384.688426 -353.002763 -336.758662 -328.596066 -351.347847 -380.959395 -386.669497 -356.688458 -422.955155 -503.412191 -566.271760 -566.675042 -596.487611 -633.184693 -650.382301 -653.284142 -631.946382 -643.087133 -670.611164 -695.503919 -696.857352 -708.345525 -696.364396 -682.347082 -646.717639 -616.147888 -591.103301 -590.024247 -604.800716 -9999.0 -9999.0 -9999.0 -9999.0 -9999.0 -9999.0 -9999.0 -9999.0 -9999.0 -9999.0
-9999.0 -9999.0 -9999.0 -9999.0 -9999.0 -9999.0 -780.966755 -779.952077 -773.205596 -780.885324 -769.102701 -771.402725 -761.720961 -754.393417 -745.557001 -739.822457 -722.638305 -704.831004 -678.794529 -647.941483 -622.856341 -628.502429 -620.797123 -588.836105 -542.105678 -503.039427 -475.127380 -425.235774 -325.458957 -267.946567 -247.128939 -238.259240 -227.846213 -190.590952 -132.384843 -114.906092 -134.230971 -149.099794 -128.729465 -84.175462 -24.634202 -20.531609 -13.729365 -6.350237 19.603173 11.780871 -77.307868 -107.233994 -118.515822 -131.033750 -180.218349 -234.154116 -286.958104 -347.583350 -450.921059 -522.194222 -530.652816 -517.666672 -550.724079 -600.005664 -635.504326 -641.045344 -650.452914 -661.623868 -656.340203 -640.996574 -620.952096 -610.075984 -619.323958 -634.268792 -649.542156 -671.144383 -668.865138 -648.632810 -9999.0 -9999.0 -9999.0 -9999.0 -9999.0 -9999.0
-9999.0 -9999.0 -9999.0 -9999.0 -804.384068 -797.882375 -813.641908 -801.872234 -790.091464 -778.858526 -770.777833 -753.647796 -743.320537 -728.759811 -704.133030 -681.170599 -649.651493 -623.446920 -574.085307 -499.195411 -431.025179 -390.882926 -363.886164 -285.783697 -221.547510 -176.071351 -157.768279 -129.705220 -80.196077 25.292935 54.509032 59.017505 79.056932 101.323294 143.726609 169.342132 158.503185 149.882420 155.287867 164.521133 190.544492 191.765224 193.042268 193.324764 195.477043 196.442713 174.187111 142.295310 126.719490 97.779645 100.499986 41.110941 -47.965742 -86.295133 -112.735517 -157.648365 -221.908075 -248.700740 -315.185873 -383.820074 -475.052289 -509.901823 -545.941133 -570.562257 -599.055889 -596.460175 -591.373665 -606.932650 -630.145302 -653.781579 -661.973216 -674.204550 -682.554405 -657.898025 -645.186904 -619.003555 -9999.0 -9999.0 -9999.0 -9999.0
-9999.0 -9999.0 -813.348329 -806.167424 -784.459582 -790.054230 -794.106516 -799.276450 -790.496585 -766.536097 -723.161597 -694.967574 -663.709352 -643.256929 -592.147971 -501.718537 -400.629070 -335.917241 -264.377741 -203.815600 -146.671047 -103.522122 -44.423183 4.482586 48.357012 75.237157 117.675826 119.831722 164.973734 196.492202 221.684279 236.088131 243.201639 236.262101 237.609557 233.991204 233.224708 228.076252 212.063340 210.134376 217.830781 219.999091 223.423983 211.270391 207.568635 219.704558 221.523868 221.524182 223.172037 229.427755 241.456502 211.825364 157.643521 123.812731 138.661631 102.794824 36.265014 -44.405501 -72.160761 -113.439257 -191.219971 -239.033786 -295.340990 -361.717598 -438.447386 -484.466019 -534.308337 -570.465561 -607.090952 -642.438464 -657.836226 -669.022377 -667.763691 -668.100939 -654.584136 -642.346677 -628.708342 -622.384936 -9999.0 -9999.0
-9999.0 -827.447111 -825.337005 -784.043799 -762.856501 -746.194347 -727.732956 -712.618500 -698.904945 -698.022419 -609.028566 -492.093685 -381.689493 -343.571815 -276.407156 -176.610717 -36.522569 1.202598 27.190344 48.400619 115.913113 151.399283 185.518052 217.517715 242.129002 236.731991 236.481547 233.670654 227.255926 219.946079 209.941352 217.753037 216.114316 200.988492 188.295146 186.509808 179.514280 154.955718 131.745842 119.933363 125.113255 145.347168 132.954444 115.477783 111.952783 130.785116 144.353341 138.033927 123.978654 122.559298 174.124229 193.532743 209.718159 221.826895 243.563684 221.505013 188.649345 146.471268 135.458221 108.654995 13.588828 -52.762825 -106.377934 -171.262907 -230.848162 -302.150938 -380.916804 -459.415426 -530.518316 -564.994606 -589.782567 -633.492357 -649.759146 -644.675411 -651.227790 -652.339594 -646.359615 -641.130994 -9999.0 -9999.0
-9999.0 -858.159662 -822.278174 -766.940802 -696.770512 -664.578553 -551.445141 -462.906160 -429.197462 -459.354786 -312.332354 -39.027177 28.549259 35.001429 89.237638 159.464732 201.347682 224.734705 239.717722 230.303602 226.887355 228.072532 225.541054 217.630853 204.077405 196.662469 196.558000 194.132441 175.996567 158.038406 142.119073 141.098483 127.245832 92.346085 53.886711 33.445705 -6.887959 -35.394661 -70.981492 -96.850331 -108.739821 -88.440358 -99.582421 -118.469038 -122.306214 -98.333551 -65.768351 -72.508553 -69.146262 -47.426239 -1.146295 72.757081 95.059831 102.188300 154.611035 194.332965 212.715596 231.481136 238.464977 214.288473 174.353416 127.483576 97.019925 -1.268233 -77.967616 -158.995599 -214.429611 -261.172447 -330.946029 -388.786597 -453.875654 -520.267622 -576.439565 -597.060229 -629.351840 -642.655315 -9999.0 -9999.0 -9999.0 -9999.0
-9999.0 -864.734474 -826.870196 -732.647010 -559.630641 -413.560692 -226.533459 -87.763955 43.073638 38.968174 131.822160 216.308114 228.446866 213.915273 190.298771 187.636007 198.207808 200.631123 196.474742 186.616274 174.488350 151.950141 166.721452 162.128122 150.595280 136.015049 124.982956 111.746334 37.464764 -0.473376 -29.903952 -44.772563 -77.156429 -163.134556 -201.316783 -226.524274 -281.038242 -297.069808 -314.650749 -349.817324 -372.414797 -389.077690 -368.899682 -371.834436 -372.444880 -360.667705 -334.697719 -314.214010 -267.303860 -233.021265 -195.409527 -142.846170 -108.531671 -65.494634 -11.996505 78.976454 108.818697 118.092168 176.401865 215.010648 236.012023 227.789576 199.171818 161.544656 99.347163 -7.952834 -64.375778 -138.449083 -196.405337 -235.761587 -266.492047 -317.496325 -401.047190 -513.761704 -551.601606 -9999.0 -9999.0 -9999.0 -9999.0 -9999.0
-9999.0 -912.385915 -835.195407 -751.358598 -504.194595 -212.620335 -113.993611 113.316917 179.647531 108.012456 37.747278 102.140130 135.077491 139.621253 115.531474 103.389679 100.921227 100.549924 111.934211 72.221353 13.259880 -5.533476 -6.706224 -18.147618 -39.594280 -57.722265 -71.736471 -93.019659 -147.193470 -192.220169 -252.725749 -279.322050 -361.855428 -451.889958 -508.034628 -556.804397 -606.086189 -607.323108 -593.457253 -609.175119 -627.747830 -644.571097 -622.941661 -611.494061 -602.578507 -611.525483 -604.876520 -575.284693 -529.673025 -484.418871 -419.903651 -347.319712 -291.854767 -236.354987 -205.296700 -151.257173 -104.245834 -57.469642 18.426547 127.322075 157.380515 189.084803 225.160184 242.287014 201.186579 157.410144 98.385385 -8.258337 -111.338411 -156.235812 -172.882265 -193.939370 -234.897013 -9999.0 -9999.0 -9999.0 -9999.0 -9999.0 -9999.0 -9999.0
-9999.0 -938.618584 -860.481697 -833.055111 -704.176332 -518.429050 -335.010713 -213.653896 -76.298666 -157.973299 -167.616491 -139.272781 -108.586974 -86.963650 -110.798585 -146.068067 -170.385416 -167.212481 -167.074003 -191.064859 -219.245303 -231.493544 -232.212258 -239.527072 -267.579646 -288.435463 -303.149435 -330.721687 -376.856701 -448.599498 -543.319627 -602.177041 -652.480329 -678.093396 -696.950958 -716.359414 -742.787207 -732.288892 -721.664409 -724.702696 -733.137157 -737.734934 -717.986955 -707.854722 -701.302488 -714.182219 -701.685403 -685.484932 -656.735820 -627.327217 -590.429101 -543.593705 -491.256645 -453.992199 -428.373277 -382.218281 -325.813325 -256.320690 -179.495306 -82.097431 -7.879932 68.473652 124.542460 154.215675 171.807804 180.572414 180.853741 123.579037 -84.580370 -119.740422 -122.351421 -9999.0 -9999.0 -9999.0 -9999.0 -9999.0 -9999.0 -9999.0 -9999.0 -9999.0
-9999.0 -9999.0 -956.711088 -919.517369 -885.228817 -837.275283 -770.856998 -700.878386 -650.686603 -597.180178 -526.868671 -454.029459 -407.812611 -388.513213 -412.711427 -465.726079 -497.601712 -496.932805 -506.174904 -522.880533 -550.574917 -560.613431 -568.473113 -575.219708 -589.201794 -596.343273 -600.525005 -609.215759 -627.118315 -663.039621 -699.061986 -728.656346 -758.044211 -765.007275 -772.793923 -782.753174 -779.837244 -781.058370 -778.170566 -778.512065 -776.230339 -771.349201 -763.507158 -754.351699 -751.440331 -748.598456 -743.586860 -732.482726 -715.625106 -693.168840 -659.292130 -618.499614 -589.412744 -581.390543 -591.779981 -586.950999 -567.004452 -522.422338 -409.142310 -294.060894 -206.751087 -137.784262 -66.769318 -20.443215 -5.361422 17.656376 95.514219 -20.410948 -181.852720 -165.407658 -9999.0 -9999.0 -9999.0 -9999.0 -9999.0 -9999.0 -9999.0 -9999.0 -9999.0 -9999.0
-9999.0 -9999.0 -9999.0 -9999.0 -971.019976 -919.891091 -877.446155 -874.568506 -836.898873 -805.512480 -772.630322 -737.459478 -709.533526 -694.820133 -706.914398 -712.620517 -717.818235 -718.084356 -722.679156 -726.871513 -730.146028 -734.037723 -738.878820 -743.072768 -742.713549 -739.967879 -740.100937 -747.125166 -752.043429 -765.994842 -773.285091 -785.246279 -796.504468 -806.228784 -807.230331 -808.696269 -806.432564 -809.550725 -804.574892 -805.641980 -800.597459 -796.774289 -789.214488 -778.554018 -777.480919 -771.498001 -768.964185 -760.144166 -750.029078 -724.133105 -687.629572 -650.355404 -626.844663 -626.334898 -650.123534 -663.258567 -668.119410 -649.197879 -614.431558 -552.728354 -434.081717 -334.290119 -255.034680 -212.513981 -183.967226 -141.300261 -98.509207 -89.233886 -9999.0 -9999.0 -9999.0 -9999.0 -9999.0 -9999.0 -9999.0 -9999.0 -9999.0 -9999.0 -9999.0 -9999.0
-9999.0 -9999.0 -9999.0 -9999.0 -9999.0 -9999.0 -951.537456 -926.050536 -929.851832 -905.900634 -882.166505 -860.960552 -835.275415 -832.061363 -824.992439 -810.774308 -813.163566 -821.250302 -830.395770 -818.454463 -812.825698 -812.915636 -827.662976 -825.201441 -823.492531 -817.995304 -818.514380 -817.985989 -830.568865 -819.162573 -814.546522 -819.785925 -825.050954 -824.736989 -828.246823 -820.462910 -819.555820 -826.222116 -827.546576 -816.915329 -812.300587 -811.488013 -806.718240 -796.395044 -783.723920 -779.828602 -782.493695 -785.021828 -768.303514 -733.875523 -694.634348 -661.270111 -640.982212 -636.380563 -659.685602 -691.417817 -708.180269 -707.307389 -688.018482 -654.242818 -595.116164 -553.421336 -520.580849 -489.790575 -447.660037 -324.657663 -9999.0 -9999.0 -9999.0 -9999.0 -9999.0 -9999.0 -9999.0 -9999.0 -9999.0 -9999.0 -9999.0 -9999.0 -9999.0 -9999.0
-9999.0 -9999.0 -9999.0 -9999.0 -9999.0 -9999.0 -9999.0 -9999.0 -9999.0 -9999.0 -9999.0 -9999.0 -9999.0 -9999.0 -9999.0 -9999.0 -9999.0 -9999.0 -9999.0 -9999.0 -9999.0 -9999.0 -9999.0 -9999.0 -9999.0 -9999.0 -9999.0 -9999.0 -9999.0 -9999.0 -9999.0 -9999.0 -9999.0 -9999.0 -9999.0 -9999.0 -9999.0 -9999.0 -9999.0 -9999.0 -9999.0 -9999.0 -9999.0 -9999.0 -9999.0 -9999.0 -9999.0 -9999.0 -9999.0 -9999.0 -9999.0 -9999.0 -9999.0 -9999.0 -9999.0 -9999.0 -9999.0 -9999.0 -9999.0 -9999.0 -9999.0 -9999.0 -9999.0 -9999.0 -9999.0 -9999.0 -9999.0 -9999.0 -9999.0 -9999.0 -9999.0 -9999.0 -9999.0 -9999.0 -9999.0 -9999.0 -9999.0 -9999.0 -9999.0 -9999.0
-9999.0 -9999.0 -9999.0 -9999.0 -9999.0 -9999.0 -9999.0 -9999.0 -9999.0 -9999.0 -9999.0 -9999.0 -9999.0 -9999.0 -9999.0 -9999.0 -9999.0 -9999.0 -9999.0 -9999.0 -9999.0 -9999.0 -9999.0 -9999.0 -9999.0 -9999.0 -9999.0 -9999.0 -9999.0 -9999.0 -9999.0 -9999.0 -9999.0 -9999.0 -9999.0 -9999.0 -9999.0 -9999.0 -9999.0 -9999.0 -9999.0 -9999.0 -9999.0 -9999.0 -9999.0 -9999.0 -9999.0 -9999.0 -9999.0 -9999.0 -9999.0 -9999.0 -9999.0 -9999.0 -9999.0 -9999.0 -9999.0 -9999.0 -9999.0 -9999.0 -9999.0 -9999.0 -9999.0 -9999.0 -9999.0 -9999.0 -9999.0 -9999.0 -9999.0 -9999.0 -9999.0 -9999.0 -9999.0 -9999.0 -9999.0 -9999.0 -9999.0 -9999.0 -9999.0 -9999.0