Borden_/Borden1m_014/output_maps/psiliqL0018N0028.asc
ncols         80
nrows         18
xllcorner     620200.000000
yllcorner     5168000.000000
cellsize      1.000000
NODATA_value  -9999.0
-9999.0 -9999.0 -9999.0 -9999.0 -9999.0 -9999.0 -9999.0 -9999.0 -9999.0 -9999.0 -9999.0 -9999.0 -9999.0 -9999.0 -9999.0 -9999.0 -9999.0 -9999.0 -9999.0 -9999.0 -9999.0 -9999.0 -9999.0 -9999.0 -9999.0 -9999.0 -9999.0 -9999.0 -9999.0 -9999.0 -9999.0 -9999.0 -9999.0 -9999.0 -9999.0 -9999.0 -9999.0 -9999.0 -9999.0 -9999.0 -9999.0 -9999.0 -9999.0 -9999.0 -9999.0 -9999.0 -9999.0 -9999.0 -9999.0 -9999.0 -9999.0 -9999.0 -9999.0 -9999.0 -9999.0 -9999.0 -9999.0 -9999.0 -9999.0 -9999.0 -9999.0 -9999.0 -9999.0 -9999.0 -9999.0 -9999.0 -9999.0 -9999.0 -9999.0 -9999.0 -9999.0 -9999.0 -9999.0 -9999.0 -9999.0 -9999.0 -9999.0 -9999.0 -9999.0 -9999.0
-9999.0 -9999.0 -9999.0 -9999.0 -9999.0 -9999.0 -9999.0 -9999.0 -9999.0 -9999.0 -9999.0 -9999.0 -9999.0 -9999.0 -9999.0 -9999.0 -9999.0 -9999.0 -9999.0 -9999.0 -9999.0 -9999.0 -9999.0 -9999.0 -9999.0 -9999.0 -9999.0 -9999.0 -9999.0 -9999.0 -9999.0 -9999.0 -9999.0 -9999.0 -9999.0 -9999.0 -9999.0 -9999.0 -9999.0 -9999.0 -9999.0 -9999.0 -9999.0 -9999.0 -9999.0 -9999.0 -9999.0 -9999.0 -9999.0 -9999.0 -9999.0 -9999.0 -9999.0 -9999.0 -9999.0 -9999.0 -9999.0 -9999.0 -9999.0 -9999.0 -9999.0 -9999.0 -9999.0 -9999.0 -9999.0 -9999.0 -9999.0 -9999.0 -9999.0 -9999.0 -9999.0 -9999.0 -9999.0 -9999.0 -9999.0 -9999.0 -9999.0 -9999.0 -9999.0 -9999.0
-9999.0 -9999.0 -9999.0 -9999.0 -9999.0 -9999.0 -9999.0 -9999.0 -9999.0 -9999.0 -9999.0 -9999.0 -9999.0 -9999.0 -9999.0 -9999.0 -9999.0 -9999.0 -9999.0 -9999.0 1753.066037 1755.765891 1734.969328 1702.606056 1676.223857 1680.105964 1716.017370 1759.027722 1799.707752 1810.883481 1794.594331 1799.304753 1796.281914 1795.123545 1797.850081 1805.937849 1811.922498 1823.423707 1832.369275 1832.582117 1827.409995 1823.496414 1825.311026 1828.074110 1833.375280 1820.360035 1833.584490 1847.333273 1850.341370 1843.770710 1815.540039 1798.824908 1787.638268 1769.550772 1792.262822 1801.707229 1822.303721 1824.469599 1820.881708 1792.650664 1761.758165 -9999.0 -9999.0 -9999.0 -9999.0 -9999.0 -9999.0 -9999.0 -9999.0 -9999.0 -9999.0 -9999.0 -9999.0 -9999.0 -9999.0 -9999.0 -9999.0 -9999.0 -9999.0 -9999.0
-9999.0 -9999.0 -9999.0 -9999.0 -9999.0 -9999.0 -9999.0 -9999.0 -9999.0 -9999.0 -9999.0 -9999.0 -9999.0 -9999.0 1658.781341 1650.502350 1649.192100 1658.837847 1693.534183 1724.875644 1737.090279 1730.795778 1732.280724 1710.035198 1690.546910 1706.046285 1737.759949 1771.128108 1807.493250 1828.981344 1819.948399 1819.536144 1829.878570 1854.489708 1866.629551 1864.478909 1846.305212 1870.961476 1886.947578 1895.428091 1895.934921 1888.378887 1900.557712 1915.784488 1908.409643 1890.959777 1896.710950 1907.844709 1917.419003 1903.327248 1839.227187 1819.926809 1813.263923 1804.765617 1788.505338 1780.665792 1804.746039 1802.341067 1792.362330 1772.929542 1738.751224 1693.534241 1673.495358 1711.114641 1753.189275 1808.686449 -9999.0 -9999.0 -9999.0 -9999.0 -9999.0 -9999.0 -9999.0 -9999.0 -9999.0 -9999.0 -9999.0 -9999.0 -9999.0 -9999.0
-9999.0 -9999.0 -9999.0 -9999.0 -9999.0 -9999.0 -9999.0 -9999.0 -9999.0 1596.834938 1602.807594 1611.451640 1615.521994 1632.596143 1631.000436 1639.620447 1647.496592 1676.460296 1708.771003 1744.938392 1774.514567 1767.339968 1769.180404 1779.181149 1781.698925 1794.489955 1818.121167 1860.059864 1899.316305 1940.799166 1913.126894 1912.168176 1932.390542 1978.464506 2008.655792 2014.439086 1996.753286 2008.892029 2034.507298 2055.938469 2056.287410 2054.252212 2079.928903 2094.312545 2092.420725 2070.846288 2060.815700 2061.580938 2085.872111 2032.849364 1964.982184 1916.547573 1921.806117 1892.281435 1855.952975 1836.162189 1832.004077 1849.968015 1833.526860 1794.993083 1757.704246 1744.541589 1725.246219 1741.460756 1761.845601 1805.968639 1843.193284 1869.979307 1867.591770 1848.893218 -9999.0 -9999.0 -9999.0 -9999.0 -9999.0 -9999.0 -9999.0 -9999.0 -9999.0 -9999.0
-9999.0 -9999.0 -9999.0 -9999.0 -9999.0 -9999.0 1515.825206 1526.735089 1548.579238 1553.854649 1581.172390 1589.703711 1611.831904 1632.572800 1656.282637 1673.799700 1704.541124 1738.805396 1780.252144 1823.801917 1856.926514 1852.157885 1863.727758 1892.736648 1929.823959 1957.709707 1984.420909 2026.291548 2103.661394 2146.481003 2151.510104 2157.154713 2167.900035 2217.896938 2282.135735 2295.594706 2275.471036 2261.903571 2284.018516 2321.870060 2326.980772 2329.254143 2342.401526 2352.752896 2378.219127 2366.839216 2325.900665 2312.511651 2311.597340 2291.465849 2226.362516 2163.127277 2131.512273 2079.961915 1995.362887 1942.333287 1951.761227 1970.116179 1940.399919 1885.115890 1843.816591 1831.908397 1815.198812 1801.045472 1806.399417 1823.776535 1843.610147 1852.747387 1837.522275 1814.381375 1790.224412 1760.163267 1761.033623 1785.332351 -9999.0 -9999.0 -9999.0 -9999.0 -9999.0 -9999.0
-9999.0 -9999.0 -9999.0 -9999.0 1464.226303 1478.192869 1466.547175 1493.648591 1528.002955 1564.016833 1596.713948 1634.434714 1663.134659 1695.108351 1735.967679 1769.247617 1810.908852 1847.470315 1902.705538 1971.469095 2023.286497 2046.763611 2062.958343 2121.507026 2183.306868 2236.048310 2258.494239 2287.855284 2334.985533 2396.370197 2424.189153 2431.343305 2449.663585 2487.845900 2538.171714 2573.245397 2556.500109 2548.352954 2555.894605 2569.181560 2593.661149 2595.983755 2598.598787 2601.798782 2606.800321 2604.471869 2577.916315 2542.851322 2526.467768 2515.428324 2482.106000 2410.904845 2371.913872 2339.690515 2300.800839 2246.228980 2185.266387 2172.196323 2113.299245 2053.629022 1992.055341 1971.186656 1940.280034 1914.071782 1884.848210 1885.600778 1887.251675 1864.414102 1829.325367 1794.971393 1778.263973 1758.045214 1745.501109 1774.660939 1791.265487 1820.599762 -9999.0 -9999.0 -9999.0 -9999.0
-9999.0 -9999.0 1402.921353 1451.397485 1509.756876 1519.463608 1519.795737 1527.129741 1557.611096 1611.700788 1686.031421 1735.064230 1776.381205 1812.690100 1873.355060 1950.182469 2021.438069 2071.129047 2133.952586 2206.487091 2270.230241 2303.998643 2321.623524 2363.087981 2419.133906 2484.394017 2512.903679 2540.916257 2575.392692 2611.740752 2618.640751 2632.439182 2642.319183 2648.234294 2656.697910 2659.926209 2654.607306 2648.430211 2629.168039 2624.791766 2632.018832 2638.842191 2639.955142 2626.416956 2622.401172 2635.999203 2640.054061 2638.077327 2636.094568 2642.309772 2643.152147 2600.938030 2568.527721 2551.523415 2537.818360 2491.225873 2424.502863 2383.687786 2359.153531 2313.260700 2234.419571 2184.229467 2133.798919 2085.894926 2033.360109 2003.107115 1955.766706 1911.517609 1862.914159 1814.717778 1789.628460 1770.627725 1767.035508 1765.547899 1780.811052 1795.088495 1809.659819 1817.028476 -9999.0 -9999.0
-9999.0 1297.177331 1369.650402 1495.491796 1576.508205 1621.011709 1648.461627 1668.555463 1699.596225 1731.139737 1833.293846 1913.257181 2004.696796 2045.706466 2096.950003 2195.185834 2292.093554 2341.322368 2382.755713 2443.425908 2507.142909 2557.982472 2588.332461 2592.007640 2628.867979 2647.745393 2652.796188 2657.755247 2655.894085 2648.459316 2640.600304 2646.706003 2642.491636 2622.747268 2605.948320 2602.208022 2595.785077 2569.823961 2538.897935 2522.569555 2524.055778 2548.346001 2535.277527 2514.417433 2510.726720 2532.587803 2554.017594 2545.475739 2533.551312 2552.908831 2588.707869 2612.589177 2620.818786 2638.204144 2658.826349 2631.890559 2604.828933 2561.157715 2539.349792 2508.979372 2449.034077 2387.530324 2331.474052 2269.583778 2202.790393 2135.786071 2071.698930 2008.415890 1941.226388 1898.760265 1866.876984 1816.942286 1796.517216 1797.760660 1788.288115 1784.319518 1789.171795 1794.946118 -9999.0 -9999.0
-9999.0 1211.921938 1353.715052 1537.153402 1685.700223 1741.527947 1834.013847 1909.333090 1936.953109 1904.827888 2013.554066 2234.085483 2346.337401 2367.974380 2444.011513 2538.276484 2549.817733 2584.438620 2608.993096 2625.362625 2638.767264 2651.639739 2651.540187 2647.273816 2632.892169 2625.059289 2623.174102 2619.532782 2600.825487 2580.342484 2561.502827 2555.787161 2534.401507 2486.903514 2452.251727 2433.308120 2414.599741 2394.684917 2362.156365 2333.979726 2316.892530 2330.623279 2325.816570 2309.614537 2306.054524 2328.319972 2360.626963 2358.736242 2370.077918 2392.779413 2433.099114 2474.147027 2498.038624 2529.868753 2568.806218 2615.402284 2629.822206 2651.951866 2655.592168 2638.391880 2592.114924 2536.694071 2500.292240 2435.408724 2361.415600 2280.984394 2214.200077 2149.946575 2079.160605 2032.758863 1986.084788 1928.901689 1876.886550 1856.588663 1817.064951 1797.686427 -9999.0 -9999.0 -9999.0 -9999.0
-9999.0 1125.912294 1311.646726 1564.817561 1847.709389 1949.136521 2155.112843 2283.160778 2338.862862 2410.421035 2363.056370 2531.477801 2578.500488 2577.696272 2584.451291 2591.192563 2608.746751 2613.041865 2610.653875 2601.623734 2593.414552 2589.970732 2588.991870 2581.372699 2568.589035 2552.597312 2536.912886 2522.228567 2482.478469 2447.415739 2408.378179 2391.982142 2349.661990 2255.619423 2212.265582 2173.947139 2114.634519 2109.240593 2105.482949 2076.743215 2056.567744 2033.028878 2057.062605 2064.022720 2067.463655 2068.925956 2084.642543 2111.693863 2158.965306 2196.801009 2241.789444 2295.251759 2332.111292 2376.809797 2423.009411 2479.866144 2514.655487 2547.248299 2597.549276 2637.134033 2660.505191 2647.362511 2619.895740 2569.562410 2494.239707 2425.135004 2372.274198 2295.751699 2230.113496 2177.059975 2130.766931 2080.155888 2016.182439 1943.027186 1902.174748 -9999.0 -9999.0 -9999.0 -9999.0 -9999.0
-9999.0 933.237562 1199.874789 1481.572564 1784.678813 2118.412719 2266.171486 2387.622767 2460.476579 2435.381050 2449.880099 2469.248963 2513.980840 2525.174243 2507.046582 2498.667479 2487.066070 2487.939757 2501.672755 2475.742977 2446.453492 2433.062669 2432.532744 2420.398002 2396.086660 2378.491567 2365.878952 2343.707809 2294.051803 2241.151400 2157.003254 2123.520653 2044.996163 1992.920627 1949.710754 1899.764597 1849.485747 1848.905260 1867.122255 1853.090824 1830.751567 1812.359381 1839.708342 1858.895983 1871.942358 1859.883351 1869.198793 1905.675554 1955.735452 2000.573871 2050.808485 2106.192465 2153.345212 2201.084803 2232.704428 2282.686828 2332.601603 2380.762610 2455.552688 2536.282084 2575.818420 2611.137627 2641.453691 2654.863457 2598.840529 2545.868303 2488.513426 2422.531842 2342.570195 2294.287693 2267.774034 2225.397520 2170.300798 -9999.0 -9999.0 -9999.0 -9999.0 -9999.0 -9999.0 -9999.0
-9999.0 811.136371 1022.426625 1240.928986 1515.664214 1752.452044 1957.079980 2062.762017 2142.394962 2190.992150 2233.677191 2271.103598 2303.200357 2328.038685 2308.881165 2268.886822 2240.384241 2245.406042 2240.269163 2217.393423 2188.347052 2173.620095 2170.440776 2163.258519 2138.787285 2124.205021 2112.887956 2089.238623 2056.417040 2000.143382 1921.625928 1847.571067 1787.581139 1758.126385 1729.424199 1697.490358 1663.593104 1673.675292 1685.386356 1682.361998 1672.592784 1670.290281 1699.316471 1718.641999 1728.935486 1718.118579 1737.794167 1764.460714 1806.039214 1849.794055 1899.455603 1955.027493 2009.325981 2038.517363 2051.894483 2076.455137 2115.867295 2169.995857 2256.223752 2351.838239 2431.323355 2480.603297 2531.600356 2565.283308 2576.706914 2581.193992 2551.976122 2470.547436 2369.313618 2351.013897 2347.546841 -9999.0 -9999.0 -9999.0 -9999.0 -9999.0 -9999.0 -9999.0 -9999.0 -9999.0
-9999.0 -9999.0 791.410020 961.938073 1088.931437 1264.401571 1413.301510 1523.755096 1617.231772 1739.372700 1849.996668 1937.410870 1983.152754 2001.524746 1988.836353 1958.286768 1938.812530 1939.085293 1928.720982 1919.049000 1900.247250 1892.521952 1880.511600 1871.795500 1862.421650 1857.101025 1851.356772 1839.601746 1817.660892 1771.092776 1724.400149 1673.940967 1621.516242 1596.146468 1574.432085 1553.392299 1552.791803 1548.146987 1553.289511 1554.838236 1562.152896 1574.996930 1594.902635 1617.180496 1627.170880 1636.697298 1649.363475 1673.292439 1706.524991 1749.292791 1803.843360 1862.409676 1903.047895 1916.420610 1907.114093 1912.212652 1932.158826 1974.227410 2053.552723 2136.775347 2232.832249 2304.322911 2375.508943 2426.577918 2440.793723 2452.924523 2463.697914 2412.934563 2282.279494 2304.300691 -9999.0 -9999.0 -9999.0 -9999.0 -9999.0 -9999.0 -9999.0 -9999.0 -9999.0 -9999.0
-9999.0 -9999.0 -9999.0 -9999.0 821.722896 974.826509 1072.382282 1155.322004 1285.778762 1408.671535 1510.412438 1594.746293 1658.472948 1685.518360 1683.050106 1691.302700 1687.908238 1681.434226 1671.604341 1671.709935 1671.615645 1664.191315 1649.185500 1641.648304 1642.613996 1647.475863 1644.378233 1630.173311 1611.652097 1590.147243 1570.725692 1536.657737 1501.067384 1471.834669 1458.552029 1453.069251 1452.634989 1445.303437 1453.736420 1461.226034 1476.466725 1491.605045 1515.285386 1544.437866 1558.517074 1573.507486 1583.369968 1603.943451 1634.629790 1688.375889 1752.307904 1810.845979 1847.672497 1852.844850 1829.113743 1814.250624 1810.926002 1839.075839 1883.588361 1949.970186 2051.224376 2124.133696 2179.870854 2222.818906 2253.276066 2296.298807 2342.485897 2373.640167 -9999.0 -9999.0 -9999.0 -9999.0 -9999.0 -9999.0 -9999.0 -9999.0 -9999.0 -9999.0 -9999.0 -9999.0
-9999.0 -9999.0 -9999.0 -9999.0 -9999.0 -9999.0 784.937767 887.429697 965.477061 1106.620489 1239.720220 1342.152963 1423.146568 1455.956453 1484.024534 1511.760273 1510.662119 1492.198121 1472.782403 1492.012194 1506.651194 1500.542915 1470.001814 1469.673280 1474.526803 1482.283974 1479.574853 1472.787239 1447.349683 1459.304336 1460.242287 1436.777335 1410.613109 1396.734469 1384.725878 1394.188609 1394.218891 1380.324202 1380.478127 1407.355282 1427.673330 1440.714866 1462.365085 1495.597473 1528.070234 1543.541445 1545.084934 1551.276711 1591.109478 1661.543646 1733.751377 1789.883329 1823.136337 1831.931988 1805.666997 1766.371241 1746.750184 1754.426945 1789.529762 1842.005335 1917.504928 1966.153048 1990.487247 2001.871359 2018.065714 2107.917647 -9999.0 -9999.0 -9999.0 -9999.0 -9999.0 -9999.0 -9999.0 -9999.0 -9999.0 -9999.0 -9999.0 -9999.0 -9999.0 -9999.0
-9999.0 -9999.0 -9999.0 -9999.0 -9999.0 -9999.0 -9999.0 -9999.0 -9999.0 -9999.0 -9999.0 -9999.0 -9999.0 -9999.0 -9999.0 -9999.0 -9999.0 -9999.0 -9999.0 -9999.0 -9999.0 -9999.0 -9999.0 -9999.0 -9999.0 -9999.0 -9999.0 -9999.0 -9999.0 -9999.0 -9999.0 -9999.0 -9999.0 -9999.0 -9999.0 -9999.0 -9999.0 -9999.0 -9999.0 -9999.0 -9999.0 -9999.0 -9999.0 -9999.0 -9999.0 -9999.0 -9999.0 -9999.0 -9999.0 -9999.0 -9999.0 -9999.0 -9999.0 -9999.0 -9999.0 -9999.0 -9999.0 -9999.0 -9999.0 -9999.0 -9999.0 -9999.0 -9999.0 -9999.0 -9999.0 -9999.0 -9999.0 -9999.0 -9999.0 -9999.0 -9999.0 -9999.0 -9999.0 -9999.0 -9999.0 -9999.0 -9999.0 -9999.0 -9999.0 -9999.0
-9999.0 -9999.0 -9999.0 -9999.0 -9999.0 -9999.0 -9999.0 -9999.0 -9999.0 -9999.0 -9999.0 -9999.0 -9999.0 -9999.0 -9999.0 -9999.0 -9999.0 -9999.0 -9999.0 -9999.0 -9999.0 -9999.0 -9999.0 -9999.0 -9999.0 -9999.0 -9999.0 -9999.0 -9999.0 -9999.0 -9999.0 -9999.0 -9999.0 -9999.0 -9999.0 -9999.0 -9999.0 -9999.0 -9999.0 -9999.0 -9999.0 -9999.0 -9999.0 -9999.0 -9999.0 -9999.0 -9999.0 -9999.0 -9999.0 -9999.0 -9999.0 -9999.0 -9999.0 -9999.0 -9999.0 -9999.0 -9999.0 -9999.0 -9999.0 -9999.0 -9999.0 -9999.0 -9999.0 -9999.0 -9999.0 -9999.0 -9999.0 -9999.0 -9999.0 -9999.0 -9999.0 -9999.0 -9999.0 -9999.0 -9999.0 -9999.0 -9999.0 -9999.0 -9999.0 -9999.0