Borden_/Borden1m_014/output_maps/psiliqL0021N0016.asc
ncols         80
nrows         18
xllcorner     620200.000000
yllcorner     5168000.000000
cellsize      1.000000
NODATA_value  -9999.0
-9999.0 -9999.0 -9999.0 -9999.0 -9999.0 -9999.0 -9999.0 -9999.0 -9999.0 -9999.0 -9999.0 -9999.0 -9999.0 -9999.0 -9999.0 -9999.0 -9999.0 -9999.0 -9999.0 -9999.0 -9999.0 -9999.0 -9999.0 -9999.0 -9999.0 -9999.0 -9999.0 -9999.0 -9999.0 -9999.0 -9999.0 -9999.0 -9999.0 -9999.0 -9999.0 -9999.0 -9999.0 -9999.0 -9999.0 -9999.0 -9999.0 -9999.0 -9999.0 -9999.0 -9999.0 -9999.0 -9999.0 -9999.0 -9999.0 -9999.0 -9999.0 -9999.0 -9999.0 -9999.0 -9999.0 -9999.0 -9999.0 -9999.0 -9999.0 -9999.0 -9999.0 -9999.0 -9999.0 -9999.0 -9999.0 -9999.0 -9999.0 -9999.0 -9999.0 -9999.0 -9999.0 -9999.0 -9999.0 -9999.0 -9999.0 -9999.0 -9999.0 -9999.0 -9999.0 -9999.0
-9999.0 -9999.0 -9999.0 -9999.0 -9999.0 -9999.0 -9999.0 -9999.0 -9999.0 -9999.0 -9999.0 -9999.0 -9999.0 -9999.0 -9999.0 -9999.0 -9999.0 -9999.0 -9999.0 -9999.0 -9999.0 -9999.0 -9999.0 -9999.0 -9999.0 -9999.0 -9999.0 -9999.0 -9999.0 -9999.0 -9999.0 -9999.0 -9999.0 -9999.0 -9999.0 -9999.0 -9999.0 -9999.0 -9999.0 -9999.0 -9999.0 -9999.0 -9999.0 -9999.0 -9999.0 -9999.0 -9999.0 -9999.0 -9999.0 -9999.0 -9999.0 -9999.0 -9999.0 -9999.0 -9999.0 -9999.0 -9999.0 -9999.0 -9999.0 -9999.0 -9999.0 -9999.0 -9999.0 -9999.0 -9999.0 -9999.0 -9999.0 -9999.0 -9999.0 -9999.0 -9999.0 -9999.0 -9999.0 -9999.0 -9999.0 -9999.0 -9999.0 -9999.0 -9999.0 -9999.0
-9999.0 -9999.0 -9999.0 -9999.0 -9999.0 -9999.0 -9999.0 -9999.0 -9999.0 -9999.0 -9999.0 -9999.0 -9999.0 -9999.0 -9999.0 -9999.0 -9999.0 -9999.0 -9999.0 -9999.0 2359.861999 2362.603183 2342.583527 2311.004144 2285.535305 2290.139961 2326.037558 2368.772221 2409.300345 2419.902095 2403.974890 2410.396659 2409.344703 2409.315271 2413.427982 2423.282645 2431.085687 2442.002370 2449.884234 2448.389387 2441.403217 2436.098731 2437.420045 2439.403727 2445.282427 2432.458146 2447.751878 2463.237278 2466.923448 2460.908372 2432.733983 2415.505780 2402.949081 2383.540299 2405.807283 2414.438902 2433.548003 2434.484706 2429.820179 2401.296259 2370.193235 -9999.0 -9999.0 -9999.0 -9999.0 -9999.0 -9999.0 -9999.0 -9999.0 -9999.0 -9999.0 -9999.0 -9999.0 -9999.0 -9999.0 -9999.0 -9999.0 -9999.0 -9999.0 -9999.0
-9999.0 -9999.0 -9999.0 -9999.0 -9999.0 -9999.0 -9999.0 -9999.0 -9999.0 -9999.0 -9999.0 -9999.0 -9999.0 -9999.0 2262.882415 2255.296358 2254.750777 2265.118278 2300.610527 2332.847606 2345.096929 2339.442373 2341.622223 2320.237334 2301.571448 2317.844881 2349.847073 2382.137833 2417.366096 2437.862502 2429.534480 2430.692742 2442.898706 2469.815523 2483.383058 2482.646729 2465.523626 2491.050930 2505.631187 2511.412384 2509.512133 2499.667073 2509.196623 2523.408742 2516.443196 2501.025501 2510.646423 2524.596319 2534.946891 2522.106371 2457.248006 2437.699602 2429.292053 2420.164741 2403.311446 2395.671867 2419.484791 2414.934002 2403.790861 2383.803956 2349.138265 2303.820077 2283.043089 2320.368134 2361.725676 2416.046505 -9999.0 -9999.0 -9999.0 -9999.0 -9999.0 -9999.0 -9999.0 -9999.0 -9999.0 -9999.0 -9999.0 -9999.0 -9999.0 -9999.0
-9999.0 -9999.0 -9999.0 -9999.0 -9999.0 -9999.0 -9999.0 -9999.0 -9999.0 2200.355223 2206.724623 2215.532621 2220.092163 2237.536579 2236.011155 2245.333643 2253.504426 2283.842816 2317.169250 2354.347758 2384.237785 2378.440085 2380.529879 2390.575944 2393.139536 2406.769727 2430.789028 2472.015141 2506.386871 2545.480331 2517.070650 2517.751993 2541.570017 2590.942472 2622.114773 2628.606199 2612.054512 2626.639572 2650.737458 2668.132385 2664.755756 2659.014750 2681.177897 2694.986800 2691.866707 2672.291429 2670.524731 2676.376780 2703.653759 2650.668225 2580.479123 2531.455234 2536.626686 2508.585768 2474.454467 2454.855948 2450.094620 2466.232308 2448.458998 2408.799799 2371.858509 2357.630271 2337.235940 2353.254421 2372.964198 2415.886714 2453.105301 2479.350686 2476.019053 2456.754342 -9999.0 -9999.0 -9999.0 -9999.0 -9999.0 -9999.0 -9999.0 -9999.0 -9999.0 -9999.0
-9999.0 -9999.0 -9999.0 -9999.0 -9999.0 -9999.0 2120.037501 2131.470073 2153.679926 2158.327394 2186.136407 2194.377484 2216.740765 2237.788170 2262.506040 2280.432358 2311.493612 2346.831455 2388.811100 2433.422586 2468.431366 2462.837367 2475.622320 2503.546274 2541.765555 2570.547526 2597.931690 2638.369248 2712.228350 2752.045551 2753.634427 2761.205980 2777.109775 2834.003842 2902.555557 2916.045465 2897.329520 2884.673969 2906.528541 2942.003000 2941.649734 2940.612721 2810.793536 2820.126487 2846.639596 2837.879238 2944.490882 2937.241906 2942.390219 2920.709412 2850.379489 2783.265361 2750.545627 2694.756403 2611.256575 2559.874993 2571.079748 2588.251324 2557.364606 2502.402637 2460.619013 2448.185545 2430.286407 2415.843336 2421.414808 2438.299831 2456.938584 2465.144812 2448.719120 2424.469816 2400.153977 2369.084242 2368.797716 2392.011195 -9999.0 -9999.0 -9999.0 -9999.0 -9999.0 -9999.0
-9999.0 -9999.0 -9999.0 -9999.0 2068.436752 2083.036586 2071.232500 2099.239733 2133.968222 2170.257224 2202.163606 2239.488715 2268.154339 2300.497026 2340.816189 2372.928525 2414.336222 2451.850457 2509.423906 2581.283002 2634.900681 2657.275067 2673.457626 2735.174898 2803.017352 2859.797841 2883.561549 2911.361085 2808.774262 2863.900880 2886.990064 2891.045025 2908.354806 2948.635980 3001.311297 3013.178409 2996.121178 2987.845044 2996.105599 3008.819431 3030.933995 3031.082430 3031.431434 3034.681195 3041.121805 3040.181133 3016.177305 2983.748928 2994.442387 2984.727737 2950.259965 2880.044072 2847.141299 2820.084023 2930.629507 2874.005687 2813.512156 2799.222210 2736.025088 2673.966798 2613.574703 2593.152490 2560.997975 2534.174860 2506.226703 2506.592034 2507.275144 2483.020694 2445.861002 2409.729857 2391.725373 2369.692254 2354.872963 2382.327521 2397.149882 2424.971210 -9999.0 -9999.0 -9999.0 -9999.0
-9999.0 -9999.0 2005.682221 2054.136463 2113.785578 2124.301413 2124.220805 2131.921973 2162.822612 2217.114512 2289.442331 2335.820630 2374.875024 2412.239638 2474.855268 2550.216853 2621.755228 2671.802472 2743.609747 2824.042913 2891.816590 2924.206779 2940.225977 2829.883854 2882.604614 2948.204389 2975.456324 3001.160092 3006.861833 3040.517147 3039.883555 3051.733572 3062.524682 3071.348676 3082.674568 3087.721566 3083.547032 3079.104632 3061.104856 3056.578508 3063.193915 3069.777897 3069.888359 3055.749241 3051.823308 3066.277955 3071.479754 3070.001185 3068.540991 3074.096244 3072.801233 3028.628995 3003.586491 2989.641587 3004.064785 2959.065591 2893.947663 2859.070486 2839.818969 2950.203130 2870.726213 2820.218001 2767.093786 2720.238592 2663.567884 2632.890115 2584.082412 2538.855054 2488.206237 2437.423754 2409.067513 2387.373457 2380.698941 2375.533777 2388.412609 2400.237093 2413.135342 2419.663432 -9999.0 -9999.0
-9999.0 1897.622813 1970.343064 2096.402585 2179.090256 2225.008748 2249.457143 2266.238739 2298.098828 2333.475031 2432.192852 2504.302810 2594.723990 2638.945408 2692.076588 2796.565508 2898.880586 2813.436759 2850.117685 2909.762930 2972.195271 2995.680876 3020.921409 3011.292311 3047.307941 3069.362692 3074.983005 3080.161551 3078.139433 3069.822941 3062.527557 3069.465191 3067.003119 3048.593740 3033.251557 3031.766626 3028.526119 3006.059351 3003.011151 2988.359749 2991.118349 2990.842186 3001.960812 2981.711625 2977.543296 2998.077832 2994.096341 2983.918381 2995.877999 2987.396594 3020.810509 3043.515800 3048.076509 3065.668053 3086.544880 3059.008769 3035.108088 2993.583293 3001.895071 2977.026481 2921.305469 2865.768076 2817.711058 2920.108976 2852.277904 2785.004255 2716.959085 2647.030775 2577.824116 2532.130673 2496.952079 2442.161326 2416.360319 2412.231900 2398.178167 2391.196441 2393.072771 2397.707736 -9999.0 -9999.0
-9999.0 1808.237410 1949.946152 2133.721458 2285.093561 2341.868754 2428.980579 2502.348025 2528.662195 2490.774145 2601.597807 2828.110375 2833.890547 2848.506175 2919.965779 2989.599781 2984.894879 3013.600669 3034.711100 3052.731638 3067.377361 3078.865217 3076.474922 3070.554738 3054.673911 3046.826667 3046.260541 3044.342118 3027.594427 3009.201489 2992.794985 2990.354013 2996.962394 2950.930286 2918.055487 2901.219278 2884.657022 2869.965131 2841.967658 2817.412335 2944.358017 2815.010284 2811.434439 2939.499427 2936.073585 2811.600995 2841.466759 2838.043214 2847.803252 2867.251134 2903.373686 2940.720669 2959.766399 2988.572151 2998.172954 3043.154350 3054.130998 3076.002067 3079.656439 3066.040474 3021.945372 2997.722188 2968.118708 2913.372855 2852.861498 2946.610528 2878.718905 2811.577882 2739.062595 2688.977405 2632.787702 2565.925166 2505.909849 2477.038417 2430.451211 2406.985445 -9999.0 -9999.0 -9999.0 -9999.0
-9999.0 1716.083472 1900.514802 2151.169331 2445.876103 2546.012044 2764.153047 2810.052315 2851.755244 2916.483723 2836.258842 2995.029734 3036.953260 3029.404163 3035.733352 3037.288237 3050.446225 3050.429414 3045.435629 3034.873768 3025.895550 3021.796900 3020.567468 3012.783053 3000.430918 2986.263021 2999.140607 2988.046388 2952.806746 2921.064603 2883.746590 2870.901513 2830.708351 2880.918762 2834.611897 2788.882100 2721.655877 2715.187380 2714.156258 2684.732731 2667.283058 2639.771557 2666.599415 2678.723260 2683.188109 2680.435148 2695.177475 2729.674365 2784.605833 2829.983366 2880.345144 2937.264500 2811.947353 2850.859912 2891.872303 2944.277834 2974.432449 3003.414638 3024.339758 3060.665462 3082.740548 3070.401158 3049.537587 3007.775402 2973.259579 2923.149107 2892.345035 2840.583300 2919.215253 2864.664611 2808.094483 2740.774340 2658.565529 2569.546754 2519.748106 -9999.0 -9999.0 -9999.0 -9999.0 -9999.0
-9999.0 1511.671777 1778.432192 2057.062110 2355.560388 2706.069152 2803.496641 2905.115138 2967.383135 2941.361121 2956.021097 2966.571490 2983.012272 2988.705594 2988.661750 2977.166495 2961.655026 2960.528928 2973.243278 2946.612314 2917.295939 2904.313072 2904.786361 2893.891076 2870.833422 2855.787414 2846.490037 2829.113933 2925.602733 2869.597890 2778.214723 2737.058057 2650.998352 2603.492458 2559.020275 2504.714234 2450.276412 2449.321363 2469.670615 2457.906095 2436.715977 2418.967007 2447.649563 2469.566149 2483.505125 2470.332234 2479.915756 2517.239165 2570.785766 2620.539277 2674.397411 2735.621261 2784.427505 2836.239237 2871.174403 2922.154498 2808.972409 2850.442174 2920.020084 2995.516491 3004.151008 3037.113534 3067.763730 3088.679689 3046.966367 3018.967820 2996.217258 2989.851526 2941.801010 2896.480486 2856.202507 2793.128319 2844.751745 -9999.0 -9999.0 -9999.0 -9999.0 -9999.0 -9999.0 -9999.0
-9999.0 1393.420904 1598.712945 1808.961850 2078.610383 2321.211000 2544.189278 2654.791276 2743.891791 2809.574302 2862.274442 2903.126506 2806.180191 2826.724236 2805.161246 2904.017779 2875.638894 2881.493717 2874.624413 2850.619095 2817.963749 2797.501500 2787.759034 2776.138185 2749.127982 2733.991852 2723.127481 2698.466017 2669.853085 2612.085486 2531.208673 2451.416316 2391.619519 2363.780444 2334.639104 2301.571502 2268.222036 2277.585037 2288.130428 2286.827717 2278.643729 2277.532877 2306.719042 2326.044337 2336.405580 2326.277298 2346.603385 2373.853820 2416.791027 2464.244169 2516.475313 2573.089305 2629.911466 2661.721120 2677.091329 2701.792237 2742.959319 2801.163767 2892.530554 2825.487389 2899.559391 2944.781298 2994.327256 3006.806153 3032.574570 3061.071231 3079.896401 3069.983988 3045.034234 3013.220965 2969.578526 -9999.0 -9999.0 -9999.0 -9999.0 -9999.0 -9999.0 -9999.0 -9999.0 -9999.0
-9999.0 -9999.0 1369.850531 1534.702190 1652.467434 1826.414571 1977.445437 2092.161527 2194.372398 2330.941122 2451.075249 2545.247112 2591.068644 2609.954861 2599.280503 2574.239744 2557.372449 2557.786920 2546.159411 2535.779128 2515.092822 2503.168288 2484.794547 2472.702791 2462.625536 2457.407120 2452.244775 2442.503000 2422.071557 2375.674946 2330.090749 2279.657757 2227.004303 2201.244484 2179.082744 2157.818700 2157.578246 2151.666632 2156.234020 2158.262728 2166.612103 2180.154637 2200.036025 2222.903694 2233.184990 2243.604057 2256.533142 2281.028360 2315.041109 2358.939474 2415.028185 2476.177947 2519.139144 2534.708053 2527.016779 2532.889866 2552.328613 2596.539316 2678.565046 2768.538249 2875.216567 2955.522379 2851.965929 2906.194221 2931.811112 2966.008768 3010.223611 3056.746693 3093.189228 3071.712745 -9999.0 -9999.0 -9999.0 -9999.0 -9999.0 -9999.0 -9999.0 -9999.0 -9999.0 -9999.0
-9999.0 -9999.0 -9999.0 -9999.0 1396.699116 1549.094910 1648.793922 1733.118480 1868.241669 1997.793183 2104.605488 2192.179264 2259.553986 2288.297365 2289.158094 2302.657544 2301.229715 2293.723112 2282.660396 2282.997106 2282.316791 2272.167071 2253.383896 2243.955431 2244.298631 2249.246173 2246.101524 2232.256939 2213.500895 2194.001789 2175.850874 2141.868179 2106.601795 2077.043280 2063.301574 2057.853314 2056.834914 2048.682101 2056.740641 2064.750640 2080.332184 2095.570571 2119.274473 2148.679151 2163.300078 2178.641713 2188.692545 2209.428401 2240.950461 2295.642132 2360.760409 2420.480422 2459.695995 2466.695574 2444.945294 2431.333588 2429.203167 2459.343923 2507.194681 2576.604710 2684.405269 2767.931664 2831.238375 2884.926350 2926.500373 2810.725958 2897.004893 2971.508919 -9999.0 -9999.0 -9999.0 -9999.0 -9999.0 -9999.0 -9999.0 -9999.0 -9999.0 -9999.0 -9999.0 -9999.0
-9999.0 -9999.0 -9999.0 -9999.0 -9999.0 -9999.0 1367.465817 1472.918907 1548.695343 1697.303452 1837.967246 1944.646030 2028.300578 2063.773346 2095.769195 2125.841898 2126.056033 2106.760222 2085.560021 2104.459488 2119.019937 2110.486224 2077.151906 2075.773510 2080.178766 2087.107770 2084.011402 2077.355631 2052.002594 2065.425297 2067.079662 2043.233742 2016.781853 2002.753634 1990.330446 1999.362171 1998.885261 1984.367135 1983.754259 2010.998731 2031.668030 2044.712311 2066.194778 2099.542914 2132.285109 2148.253912 2150.106152 2156.445291 2195.937129 2267.010567 2340.484833 2397.996824 2432.854668 2443.245826 2419.436116 2381.712123 2364.181444 2374.279182 2412.290464 2468.037285 2549.660998 2605.033443 2636.638606 2655.729622 2678.435084 2776.202902 -9999.0 -9999.0 -9999.0 -9999.0 -9999.0 -9999.0 -9999.0 -9999.0 -9999.0 -9999.0 -9999.0 -9999.0 -9999.0 -9999.0
-9999.0 -9999.0 -9999.0 -9999.0 -9999.0 -9999.0 -9999.0 -9999.0 -9999.0 -9999.0 -9999.0 -9999.0 -9999.0 -9999.0 -9999.0 -9999.0 -9999.0 -9999.0 -9999.0 -9999.0 -9999.0 -9999.0 -9999.0 -9999.0 -9999.0 -9999.0 -9999.0 -9999.0 -9999.0 -9999.0 -9999.0 -9999.0 -9999.0 -9999.0 -9999.0 -9999.0 -9999.0 -9999.0 -9999.0 -9999.0 -9999.0 -9999.0 -9999.0 -9999.0 -9999.0 -9999.0 -9999.0 -9999.0 -9999.0 -9999.0 -9999.0 -9999.0 -9999.0 -9999.0 -9999.0 -9999.0 -9999.0 -9999.0 -9999.0 -9999.0 -9999.0 -9999.0 -9999.0 -9999.0 -9999.0 -9999.0 -9999.0 -9999.0 -9999.0 -9999.0 -9999.0 -9999.0 -9999.0 -9999.0 -9999.0 -9999.0 -9999.0 -9999.0 -9999.0 -9999.0
-9999.0 -9999.0 -9999.0 -9999.0 -9999.0 -9999.0 -9999.0 -9999.0 -9999.0 -9999.0 -9999.0 -9999.0 -9999.0 -9999.0 -9999.0 -9999.0 -9999.0 -9999.0 -9999.0 -9999.0 -9999.0 -9999.0 -9999.0 -9999.0 -9999.0 -9999.0 -9999.0 -9999.0 -9999.0 -9999.0 -9999.0 -9999.0 -9999.0 -9999.0 -9999.0 -9999.0 -9999.0 -9999.0 -9999.0 -9999.0 -9999.0 -9999.0 -9999.0 -9999.0 -9999.0 -9999.0 -9999.0 -9999.0 -9999.0 -9999.0 -9999.0 -9999.0 -9999.0 -9999.0 -9999.0 -9999.0 -9999.0 -9999.0 -9999.0 -9999.0 -9999.0 -9999.0 -9999.0 -9999.0 -9999.0 -9999.0 -9999.0 -9999.0 -9999.0 -9999.0 -9999.0 -9999.0 -9999.0 -9999.0 -9999.0 -9999.0 -9999.0 -9999.0 -9999.0 -9999.0