Borden_/Borden1m_014/output_maps/psiliqL0001N0016.asc
ncols         80
nrows         18
xllcorner     620200.000000
yllcorner     5168000.000000
cellsize      1.000000
NODATA_value  -9999.0
-9999.0 -9999.0 -9999.0 -9999.0 -9999.0 -9999.0 -9999.0 -9999.0 -9999.0 -9999.0 -9999.0 -9999.0 -9999.0 -9999.0 -9999.0 -9999.0 -9999.0 -9999.0 -9999.0 -9999.0 -9999.0 -9999.0 -9999.0 -9999.0 -9999.0 -9999.0 -9999.0 -9999.0 -9999.0 -9999.0 -9999.0 -9999.0 -9999.0 -9999.0 -9999.0 -9999.0 -9999.0 -9999.0 -9999.0 -9999.0 -9999.0 -9999.0 -9999.0 -9999.0 -9999.0 -9999.0 -9999.0 -9999.0 -9999.0 -9999.0 -9999.0 -9999.0 -9999.0 -9999.0 -9999.0 -9999.0 -9999.0 -9999.0 -9999.0 -9999.0 -9999.0 -9999.0 -9999.0 -9999.0 -9999.0 -9999.0 -9999.0 -9999.0 -9999.0 -9999.0 -9999.0 -9999.0 -9999.0 -9999.0 -9999.0 -9999.0 -9999.0 -9999.0 -9999.0 -9999.0
-9999.0 -9999.0 -9999.0 -9999.0 -9999.0 -9999.0 -9999.0 -9999.0 -9999.0 -9999.0 -9999.0 -9999.0 -9999.0 -9999.0 -9999.0 -9999.0 -9999.0 -9999.0 -9999.0 -9999.0 -9999.0 -9999.0 -9999.0 -9999.0 -9999.0 -9999.0 -9999.0 -9999.0 -9999.0 -9999.0 -9999.0 -9999.0 -9999.0 -9999.0 -9999.0 -9999.0 -9999.0 -9999.0 -9999.0 -9999.0 -9999.0 -9999.0 -9999.0 -9999.0 -9999.0 -9999.0 -9999.0 -9999.0 -9999.0 -9999.0 -9999.0 -9999.0 -9999.0 -9999.0 -9999.0 -9999.0 -9999.0 -9999.0 -9999.0 -9999.0 -9999.0 -9999.0 -9999.0 -9999.0 -9999.0 -9999.0 -9999.0 -9999.0 -9999.0 -9999.0 -9999.0 -9999.0 -9999.0 -9999.0 -9999.0 -9999.0 -9999.0 -9999.0 -9999.0 -9999.0
-9999.0 -9999.0 -9999.0 -9999.0 -9999.0 -9999.0 -9999.0 -9999.0 -9999.0 -9999.0 -9999.0 -9999.0 -9999.0 -9999.0 -9999.0 -9999.0 -9999.0 -9999.0 -9999.0 -9999.0 -469.582343 -468.302506 -470.243931 -472.284566 -474.193021 -474.612161 -472.606247 -470.620576 -468.257106 -468.067511 -470.540506 -469.666406 -470.757996 -471.597179 -471.868785 -471.185212 -470.790345 -470.113534 -469.791818 -470.226803 -470.910953 -471.284801 -471.858084 -471.885650 -470.948861 -472.157956 -470.558839 -469.240164 -468.942441 -468.545406 -469.885089 -470.222352 -470.274788 -472.338071 -468.670547 -468.048375 -465.937374 -465.959854 -465.201564 -467.534293 -469.853959 -9999.0 -9999.0 -9999.0 -9999.0 -9999.0 -9999.0 -9999.0 -9999.0 -9999.0 -9999.0 -9999.0 -9999.0 -9999.0 -9999.0 -9999.0 -9999.0 -9999.0 -9999.0 -9999.0
-9999.0 -9999.0 -9999.0 -9999.0 -9999.0 -9999.0 -9999.0 -9999.0 -9999.0 -9999.0 -9999.0 -9999.0 -9999.0 -9999.0 -471.520897 -472.852362 -473.525557 -474.285665 -472.478478 -471.351754 -471.872346 -473.251723 -471.784848 -474.153256 -476.367257 -475.085230 -473.716396 -473.128861 -471.567459 -470.226448 -471.818661 -472.222155 -471.579978 -468.786779 -467.917650 -468.709405 -472.654424 -469.034392 -467.788234 -467.000956 -467.125532 -468.934833 -466.793984 -464.267573 -465.777429 -468.483486 -467.728538 -466.362665 -463.891031 -464.297775 -472.561252 -472.462410 -471.614493 -470.923846 -472.052773 -473.044392 -469.443456 -470.330032 -470.661983 -470.484302 -471.760018 -474.632206 -476.113833 -472.683940 -470.485837 -465.124848 -9999.0 -9999.0 -9999.0 -9999.0 -9999.0 -9999.0 -9999.0 -9999.0 -9999.0 -9999.0 -9999.0 -9999.0 -9999.0 -9999.0
-9999.0 -9999.0 -9999.0 -9999.0 -9999.0 -9999.0 -9999.0 -9999.0 -9999.0 -472.665667 -473.198725 -472.914412 -474.050183 -473.017308 -475.423161 -475.046010 -475.738698 -474.515423 -474.017396 -472.692441 -470.320462 -472.595730 -472.961261 -471.640713 -471.864696 -471.858309 -471.485120 -468.222430 -465.059054 -458.347033 -465.016316 -465.213660 -462.074669 -447.167796 -436.915374 -434.535303 -439.503350 -439.475976 -433.121885 -425.803874 -426.929587 -427.903089 -419.558257 -415.194774 -411.943208 -419.272281 -425.536992 -426.589645 -415.300109 -432.688355 -447.288306 -463.394051 -461.685304 -465.621459 -469.725383 -470.800019 -471.773601 -467.744454 -468.797802 -471.546281 -473.769522 -471.985831 -473.665168 -472.057503 -471.667910 -467.818481 -464.718198 -461.422557 -461.268828 -463.523087 -9999.0 -9999.0 -9999.0 -9999.0 -9999.0 -9999.0 -9999.0 -9999.0 -9999.0 -9999.0
-9999.0 -9999.0 -9999.0 -9999.0 -9999.0 -9999.0 -473.944962 -474.289382 -473.721192 -476.821563 -475.239506 -476.876928 -475.852979 -475.713086 -475.290299 -475.829470 -474.413532 -473.529795 -471.816179 -469.442638 -467.078298 -469.452602 -469.028333 -465.324321 -454.445475 -445.542642 -441.354654 -433.880385 -406.815429 -380.611597 -362.972536 -351.602099 -281.426429 -39.395412 2.827367 3.010583 2.815621 2.662130 2.803489 3.090071 3.100200 3.061407 3.113734 3.150495 3.441747 3.387604 3.046499 2.987741 2.993210 2.924921 -20.791273 -267.506603 -389.413494 -414.364726 -438.382011 -451.060634 -453.879745 -454.373075 -459.470079 -466.013761 -469.478986 -468.680403 -469.074025 -470.813003 -469.887415 -468.581370 -466.276321 -464.641593 -465.705440 -466.872929 -467.233791 -469.962587 -469.356476 -466.625657 -9999.0 -9999.0 -9999.0 -9999.0 -9999.0 -9999.0
-9999.0 -9999.0 -9999.0 -9999.0 -477.738560 -476.557897 -480.439689 -478.500864 -477.257516 -476.545914 -477.298130 -475.918295 -476.111723 -475.443550 -473.569507 -472.778504 -470.442788 -469.236511 -463.452893 -446.594941 -433.026186 -425.680668 -422.811479 -388.535156 -73.410491 2.506786 2.706995 2.840807 3.060533 3.580421 3.818820 3.874173 4.183363 4.751434 5.168642 6.812993 5.308994 5.231236 5.285051 5.349289 14.927509 15.352700 16.118269 16.082710 18.079666 20.014694 5.615562 5.130979 5.088978 5.076078 4.878141 3.956657 3.405514 3.192588 3.070666 2.662920 -67.669794 -339.484955 -404.153040 -424.448743 -442.881829 -451.609498 -459.358956 -461.840612 -466.158250 -464.887070 -463.094807 -465.092999 -467.460221 -469.743855 -469.302396 -470.210961 -471.991604 -468.115838 -467.419407 -463.725190 -9999.0 -9999.0 -9999.0 -9999.0
-9999.0 -9999.0 -477.275465 -477.792856 -474.941489 -477.388401 -478.829910 -480.857548 -480.590952 -478.238286 -474.098113 -473.662350 -471.780271 -471.340667 -465.544190 -446.307923 -427.851027 -413.828966 -370.028655 -61.409261 2.661084 2.963731 3.023695 3.382476 4.308478 4.904318 5.043268 5.192565 5.442021 20.007365 45.677023 58.316608 65.955267 58.503013 59.360583 55.663165 55.668640 50.579520 34.947701 32.514628 39.203913 41.825457 44.650808 33.062340 29.017223 41.785312 43.286681 44.609202 46.151191 54.798074 65.599578 36.791239 5.282488 5.210717 5.306029 4.910313 4.344314 3.607706 3.400282 3.135736 2.426775 -76.886937 -390.702682 -419.013095 -438.377800 -449.409961 -457.678295 -462.040369 -465.886995 -469.940507 -470.631097 -470.835447 -469.640733 -470.590880 -468.643780 -467.551814 -465.355574 -464.754005 -9999.0 -9999.0
-9999.0 -477.547115 -479.395768 -474.544281 -475.088317 -475.039781 -474.862653 -474.783596 -474.071836 -477.084737 -466.248701 -443.746438 -423.179244 -416.693060 -381.826411 -69.030762 2.828535 3.231642 3.589983 4.445688 4.964469 5.349906 10.800519 43.803050 64.472792 62.437670 56.913350 57.297730 47.343907 40.662025 30.225969 38.984337 37.072143 22.981815 11.145044 10.168349 7.653118 5.246430 4.993299 4.890029 4.956556 5.389612 5.121725 4.902605 4.842957 5.060991 5.393085 5.133264 4.954622 5.179371 5.698392 16.035800 32.652639 45.891831 66.072753 44.096910 12.205033 5.229261 5.154711 4.994569 4.643457 4.151696 3.293354 2.714592 -65.897047 -392.273196 -425.578643 -445.783892 -457.965329 -461.499457 -463.345059 -469.357890 -470.252194 -468.061956 -468.851134 -468.892749 -468.075401 -467.536214 -9999.0 -9999.0
-9999.0 -483.234637 -478.467373 -474.384264 -470.419798 -472.784459 -451.678997 -435.882155 -432.559110 -443.792868 -400.741696 -7.673342 3.398742 3.354143 3.992990 5.201902 30.640238 51.243328 65.365556 54.843347 49.859984 50.425564 46.537810 37.264955 24.425585 17.591376 17.258394 16.093465 5.626800 5.292722 5.087216 5.218944 5.063166 4.792367 4.551227 4.282304 3.756708 3.573987 3.305780 3.115620 2.992067 3.239537 3.128376 2.973568 2.923816 3.108564 3.435047 3.324589 3.466428 4.132536 4.532541 4.774725 4.861001 5.048236 5.346653 16.808309 34.826296 54.489538 59.852677 36.228223 5.686608 5.093827 4.963733 4.602895 4.094189 2.972137 -33.142441 -305.034667 -404.044143 -423.388622 -440.336961 -454.952715 -463.457984 -463.937693 -468.186575 -467.580067 -9999.0 -9999.0 -9999.0 -9999.0
-9999.0 -483.311389 -478.879740 -470.599384 -452.877616 -420.633902 -54.806037 3.106802 3.520608 4.039049 4.572506 51.708061 59.361255 42.407665 16.053362 12.141657 21.137865 23.155792 18.867777 10.055417 5.651215 5.555873 5.563573 5.358345 5.217145 5.094044 5.026883 5.012799 4.736037 4.488410 3.838660 3.640795 3.381832 2.592691 -9.402230 -104.686279 -387.683595 -394.237714 -401.562926 -415.411145 -421.134816 -425.812478 -419.650335 -421.171767 -421.864355 -418.875800 -410.598223 -404.208536 -371.884515 -72.060412 2.416687 2.948818 3.193030 3.744409 4.390234 4.824383 4.962586 5.122026 5.739287 36.810703 57.073792 49.548358 22.077763 5.510148 4.945634 4.565718 4.363011 3.546234 2.967978 2.452413 -75.864877 -390.435501 -426.009929 -452.152673 -457.271640 -9999.0 -9999.0 -9999.0 -9999.0 -9999.0
-9999.0 -491.051123 -478.203947 -471.812612 -435.844958 -62.088323 3.087955 5.408439 50.905122 5.015438 4.586049 4.774019 5.233978 5.251801 4.912790 4.940245 4.875411 4.861520 5.161718 4.846457 4.585176 4.291873 4.120170 3.900862 3.602378 3.452386 3.384540 3.280231 2.853904 -28.438883 -331.533404 -378.476991 -417.719965 -436.474681 -446.513420 -457.811537 -467.069743 -466.507084 -463.314598 -465.543541 -467.802208 -470.736799 -467.372921 -466.141703 -464.694561 -466.824875 -466.856676 -462.986804 -456.559613 -448.003492 -433.243486 -415.996476 -394.352626 -274.322716 -34.321845 2.772516 3.160417 3.589312 4.508925 5.138899 5.355836 12.386482 47.708605 66.003431 28.647704 5.355839 5.092917 4.881839 4.467650 4.280123 4.051616 3.312441 2.661770 -9999.0 -9999.0 -9999.0 -9999.0 -9999.0 -9999.0 -9999.0
-9999.0 -495.187134 -480.893832 -480.240071 -467.791590 -440.826292 -390.088971 -63.984220 2.618319 2.624255 2.762143 2.924458 3.111241 3.326935 3.117269 2.848532 2.642554 2.727124 2.749014 2.501093 -17.308518 -136.803302 -270.145991 -316.361662 -372.842750 -388.510361 -395.434901 -407.111398 -420.587164 -435.475997 -457.730517 -465.727234 -470.959344 -471.966281 -472.848142 -474.022529 -477.560386 -475.120686 -473.532965 -473.866402 -474.976969 -475.999090 -473.288420 -472.698713 -471.927760 -474.801509 -473.163055 -472.339514 -469.856461 -467.654230 -464.273068 -458.848418 -450.951582 -444.719349 -435.783361 -425.261406 -409.401234 -346.948806 -35.037782 3.315129 4.401571 4.741814 5.107447 5.427022 6.492671 16.142348 25.228275 8.044292 4.671894 4.816278 4.839683 -9999.0 -9999.0 -9999.0 -9999.0 -9999.0 -9999.0 -9999.0 -9999.0 -9999.0
-9999.0 -9999.0 -498.210698 -492.717427 -488.156606 -484.201218 -478.540081 -468.601665 -464.035932 -456.210507 -445.380871 -433.079704 -425.214803 -421.317657 -426.728471 -437.653771 -443.403242 -442.532972 -444.143827 -447.046689 -453.684168 -458.291244 -460.091688 -461.067850 -463.466343 -464.265951 -464.440096 -464.871695 -466.062040 -469.700075 -472.632085 -474.415047 -477.022701 -476.178597 -476.350163 -477.357125 -476.000818 -476.303742 -476.039584 -476.272324 -475.998655 -475.521936 -475.146772 -474.483642 -474.672151 -474.497849 -474.440641 -473.896596 -473.121637 -472.247626 -469.893023 -466.048643 -463.296454 -462.866134 -464.971836 -464.461271 -462.285848 -456.647674 -430.970049 -386.456798 -56.415501 2.859899 3.671780 4.523856 4.654723 4.749612 5.030596 6.231393 4.797932 4.507069 -9999.0 -9999.0 -9999.0 -9999.0 -9999.0 -9999.0 -9999.0 -9999.0 -9999.0 -9999.0
-9999.0 -9999.0 -9999.0 -9999.0 -500.775626 -492.884616 -485.434857 -486.623791 -481.675763 -479.322516 -477.551300 -475.342931 -473.586981 -472.216833 -474.452172 -474.572061 -474.717057 -474.183648 -474.497413 -474.967764 -475.062691 -475.306388 -475.455643 -475.887400 -475.560754 -474.991171 -474.752518 -475.505587 -475.075633 -476.452717 -476.113751 -476.652982 -477.233257 -478.221481 -477.754690 -477.803162 -477.181171 -477.793807 -476.893012 -477.571339 -476.988117 -476.857810 -476.284088 -475.214615 -476.027468 -475.411277 -475.578835 -474.887335 -475.205280 -473.692207 -471.060005 -467.993572 -465.993327 -466.322766 -469.725256 -470.792167 -471.827865 -470.083117 -467.616276 -461.051147 -436.432127 -412.320248 -346.930563 -41.508411 2.676491 3.163758 4.133176 4.532349 -9999.0 -9999.0 -9999.0 -9999.0 -9999.0 -9999.0 -9999.0 -9999.0 -9999.0 -9999.0 -9999.0 -9999.0
-9999.0 -9999.0 -9999.0 -9999.0 -9999.0 -9999.0 -497.125916 -493.128667 -494.593743 -491.813013 -489.495526 -487.882617 -485.109803 -485.837720 -484.978274 -482.451382 -482.754139 -483.854986 -485.325438 -483.053693 -482.066638 -481.749512 -484.133545 -483.337805 -483.084145 -482.160538 -482.258028 -481.712113 -483.732570 -481.020419 -479.634698 -479.884960 -480.108044 -479.434838 -479.926143 -478.258069 -478.057262 -479.357229 -479.801463 -478.019451 -477.644250 -478.090341 -477.974651 -477.033603 -475.487883 -475.422826 -476.366310 -477.776538 -476.568846 -473.608158 -470.704345 -468.421256 -466.976185 -466.212895 -468.719566 -472.434893 -474.337076 -474.960356 -474.060622 -472.342849 -466.428644 -462.865467 -459.532146 -450.331893 -443.894535 -411.631299 -9999.0 -9999.0 -9999.0 -9999.0 -9999.0 -9999.0 -9999.0 -9999.0 -9999.0 -9999.0 -9999.0 -9999.0 -9999.0 -9999.0
-9999.0 -9999.0 -9999.0 -9999.0 -9999.0 -9999.0 -9999.0 -9999.0 -9999.0 -9999.0 -9999.0 -9999.0 -9999.0 -9999.0 -9999.0 -9999.0 -9999.0 -9999.0 -9999.0 -9999.0 -9999.0 -9999.0 -9999.0 -9999.0 -9999.0 -9999.0 -9999.0 -9999.0 -9999.0 -9999.0 -9999.0 -9999.0 -9999.0 -9999.0 -9999.0 -9999.0 -9999.0 -9999.0 -9999.0 -9999.0 -9999.0 -9999.0 -9999.0 -9999.0 -9999.0 -9999.0 -9999.0 -9999.0 -9999.0 -9999.0 -9999.0 -9999.0 -9999.0 -9999.0 -9999.0 -9999.0 -9999.0 -9999.0 -9999.0 -9999.0 -9999.0 -9999.0 -9999.0 -9999.0 -9999.0 -9999.0 -9999.0 -9999.0 -9999.0 -9999.0 -9999.0 -9999.0 -9999.0 -9999.0 -9999.0 -9999.0 -9999.0 -9999.0 -9999.0 -9999.0
-9999.0 -9999.0 -9999.0 -9999.0 -9999.0 -9999.0 -9999.0 -9999.0 -9999.0 -9999.0 -9999.0 -9999.0 -9999.0 -9999.0 -9999.0 -9999.0 -9999.0 -9999.0 -9999.0 -9999.0 -9999.0 -9999.0 -9999.0 -9999.0 -9999.0 -9999.0 -9999.0 -9999.0 -9999.0 -9999.0 -9999.0 -9999.0 -9999.0 -9999.0 -9999.0 -9999.0 -9999.0 -9999.0 -9999.0 -9999.0 -9999.0 -9999.0 -9999.0 -9999.0 -9999.0 -9999.0 -9999.0 -9999.0 -9999.0 -9999.0 -9999.0 -9999.0 -9999.0 -9999.0 -9999.0 -9999.0 -9999.0 -9999.0 -9999.0 -9999.0 -9999.0 -9999.0 -9999.0 -9999.0 -9999.0 -9999.0 -9999.0 -9999.0 -9999.0 -9999.0 -9999.0 -9999.0 -9999.0 -9999.0 -9999.0 -9999.0 -9999.0 -9999.0 -9999.0 -9999.0