Borden_/Borden1m_014/output_maps/psiliqL0009N0013.asc
ncols         80
nrows         18
xllcorner     620200.000000
yllcorner     5168000.000000
cellsize      1.000000
NODATA_value  -9999.0
-9999.0 -9999.0 -9999.0 -9999.0 -9999.0 -9999.0 -9999.0 -9999.0 -9999.0 -9999.0 -9999.0 -9999.0 -9999.0 -9999.0 -9999.0 -9999.0 -9999.0 -9999.0 -9999.0 -9999.0 -9999.0 -9999.0 -9999.0 -9999.0 -9999.0 -9999.0 -9999.0 -9999.0 -9999.0 -9999.0 -9999.0 -9999.0 -9999.0 -9999.0 -9999.0 -9999.0 -9999.0 -9999.0 -9999.0 -9999.0 -9999.0 -9999.0 -9999.0 -9999.0 -9999.0 -9999.0 -9999.0 -9999.0 -9999.0 -9999.0 -9999.0 -9999.0 -9999.0 -9999.0 -9999.0 -9999.0 -9999.0 -9999.0 -9999.0 -9999.0 -9999.0 -9999.0 -9999.0 -9999.0 -9999.0 -9999.0 -9999.0 -9999.0 -9999.0 -9999.0 -9999.0 -9999.0 -9999.0 -9999.0 -9999.0 -9999.0 -9999.0 -9999.0 -9999.0 -9999.0
-9999.0 -9999.0 -9999.0 -9999.0 -9999.0 -9999.0 -9999.0 -9999.0 -9999.0 -9999.0 -9999.0 -9999.0 -9999.0 -9999.0 -9999.0 -9999.0 -9999.0 -9999.0 -9999.0 -9999.0 -9999.0 -9999.0 -9999.0 -9999.0 -9999.0 -9999.0 -9999.0 -9999.0 -9999.0 -9999.0 -9999.0 -9999.0 -9999.0 -9999.0 -9999.0 -9999.0 -9999.0 -9999.0 -9999.0 -9999.0 -9999.0 -9999.0 -9999.0 -9999.0 -9999.0 -9999.0 -9999.0 -9999.0 -9999.0 -9999.0 -9999.0 -9999.0 -9999.0 -9999.0 -9999.0 -9999.0 -9999.0 -9999.0 -9999.0 -9999.0 -9999.0 -9999.0 -9999.0 -9999.0 -9999.0 -9999.0 -9999.0 -9999.0 -9999.0 -9999.0 -9999.0 -9999.0 -9999.0 -9999.0 -9999.0 -9999.0 -9999.0 -9999.0 -9999.0 -9999.0
-9999.0 -9999.0 -9999.0 -9999.0 -9999.0 -9999.0 -9999.0 -9999.0 -9999.0 -9999.0 -9999.0 -9999.0 -9999.0 -9999.0 -9999.0 -9999.0 -9999.0 -9999.0 -9999.0 -9999.0 -67.845528 -64.864119 -87.543408 -121.652404 -150.086592 -147.999593 -112.657111 -71.124965 -32.994861 -22.483004 -40.342059 -38.343224 -42.658412 -41.994306 -38.128809 -31.292182 -27.857301 -16.039234 -7.426338 -7.759648 -14.096325 -19.897275 -20.988413 -17.584880 -12.539101 -21.704416 -7.938413 7.533172 13.608284 7.929275 -20.318263 -37.171973 -46.231299 -61.406124 -37.198137 -25.045975 -2.358320 1.675849 0.168811 -27.041232 -57.270602 -9999.0 -9999.0 -9999.0 -9999.0 -9999.0 -9999.0 -9999.0 -9999.0 -9999.0 -9999.0 -9999.0 -9999.0 -9999.0 -9999.0 -9999.0 -9999.0 -9999.0 -9999.0 -9999.0
-9999.0 -9999.0 -9999.0 -9999.0 -9999.0 -9999.0 -9999.0 -9999.0 -9999.0 -9999.0 -9999.0 -9999.0 -9999.0 -9999.0 -158.797332 -168.952720 -172.014025 -163.503536 -129.545774 -99.247615 -86.524953 -94.074768 -94.087251 -117.707445 -137.884278 -123.265739 -93.182930 -61.273348 -26.843630 -6.258642 -18.506793 -20.437250 -8.367338 21.812143 38.407055 36.855079 16.485278 39.852287 56.321402 65.579330 64.302509 55.338066 69.652377 85.963662 79.112974 61.567072 65.788662 78.010453 92.115193 76.010606 8.696488 -15.053597 -19.985118 -27.418731 -41.376452 -48.454259 -24.104937 -23.689293 -32.197345 -50.334587 -82.898771 -127.344030 -145.441065 -106.703982 -62.110196 -4.084199 -9999.0 -9999.0 -9999.0 -9999.0 -9999.0 -9999.0 -9999.0 -9999.0 -9999.0 -9999.0 -9999.0 -9999.0 -9999.0 -9999.0
-9999.0 -9999.0 -9999.0 -9999.0 -9999.0 -9999.0 -9999.0 -9999.0 -9999.0 -215.552796 -211.911489 -204.935525 -203.238331 -187.724368 -189.621832 -182.728293 -174.966963 -148.608980 -117.142036 -81.381576 -51.962081 -61.587814 -60.995583 -48.482152 -40.607975 -25.380307 -2.687055 38.773806 81.204629 123.471623 95.640429 95.571897 121.238929 186.280141 232.128494 243.992781 226.969142 232.739208 258.406127 281.738181 279.595111 276.827755 300.969855 314.179993 318.619389 300.057701 285.677574 285.981276 312.099523 257.421504 183.806138 114.126973 108.921965 74.781830 32.171389 8.100896 2.668008 22.958519 6.805532 -31.272277 -68.406937 -78.699266 -95.819762 -79.443259 -56.786267 -9.768319 28.909786 57.594540 57.781635 40.452690 -9999.0 -9999.0 -9999.0 -9999.0 -9999.0 -9999.0 -9999.0 -9999.0 -9999.0 -9999.0
-9999.0 -9999.0 -9999.0 -9999.0 -9999.0 -9999.0 -294.074286 -285.318303 -265.673416 -260.395730 -236.111204 -228.799763 -208.447832 -189.193376 -168.446548 -151.274858 -120.018372 -86.718978 -43.857260 2.775326 37.448733 34.077366 45.301962 82.033124 133.829249 180.742880 212.229855 253.444636 331.256931 376.385734 391.547110 403.503476 437.178048 563.671682 646.534019 664.796887 650.755053 639.380256 652.948649 677.723721 679.074209 677.293409 682.347824 687.706945 708.941991 704.906109 677.929846 670.116475 668.739522 655.473141 581.753880 440.440736 371.752868 314.725181 229.655582 164.826484 152.057838 160.596736 125.858065 69.588592 24.853046 11.500961 -4.978478 -20.044252 -15.176665 3.888989 26.989815 38.292394 25.756009 5.118641 -17.890644 -46.703870 -45.032877 -19.621405 -9999.0 -9999.0 -9999.0 -9999.0 -9999.0 -9999.0
-9999.0 -9999.0 -9999.0 -9999.0 -343.740486 -331.507907 -343.540867 -319.981449 -288.047559 -254.872543 -222.654773 -185.318958 -158.110963 -127.898190 -85.122671 -45.188463 0.179964 37.613109 99.107051 184.339612 246.977258 276.242632 293.119540 363.280123 466.930410 592.064166 630.761193 652.079642 677.856447 719.626041 738.156074 744.220340 765.198828 808.945473 849.411150 875.973845 864.226789 860.686890 863.440672 868.122770 884.607549 883.194349 883.527790 883.963208 886.468045 888.978899 875.031253 853.591491 846.565779 840.565522 816.215218 746.357204 708.957095 687.781002 665.591744 608.524151 474.336661 418.919974 346.901507 285.533247 212.384233 172.458443 132.082053 101.616349 67.566396 66.270148 68.039951 47.365099 16.079754 -16.149992 -31.279776 -50.095597 -60.450369 -30.568772 -12.875830 18.061549 -9999.0 -9999.0 -9999.0 -9999.0
-9999.0 -9999.0 -401.536311 -351.948372 -296.118099 -287.790141 -286.095785 -281.281034 -254.293404 -203.340954 -124.096579 -69.462384 -23.518641 9.479850 74.870185 174.056437 256.507818 311.102453 392.885006 550.481779 633.564404 662.439073 672.281374 701.300721 750.712076 812.466172 836.003140 852.851359 869.443727 888.765229 904.469377 918.862977 926.688063 928.573194 930.382852 929.214239 927.645951 925.834714 910.751501 908.122516 913.496611 915.467054 918.274147 906.684713 903.127310 915.716895 919.750051 922.973203 926.428331 934.470813 940.238639 906.449239 866.981557 858.527075 854.942205 818.802050 756.700657 717.810300 702.466534 670.693648 587.012534 460.347906 373.175404 307.865544 238.032514 195.134010 143.356130 98.607442 51.354972 5.075926 -19.047612 -37.958200 -40.543626 -40.190263 -24.173335 -8.551896 6.888295 14.721086 -9999.0 -9999.0
-9999.0 -500.600818 -428.281590 -300.899530 -221.777394 -176.430894 -136.002384 -106.821940 -81.263901 -63.363696 48.586741 165.381921 259.787063 296.065164 367.790919 546.582243 650.901992 688.749904 721.887544 781.277216 829.946786 861.653620 878.391403 898.718907 926.627081 931.644073 932.107418 932.141398 924.500677 915.428595 905.149180 912.346204 911.946649 897.987623 884.681165 880.339639 876.905148 861.798108 844.344960 836.437069 839.923020 857.437632 849.194736 834.415530 831.615288 846.573379 859.398073 853.524110 845.497609 860.129596 887.150030 901.294833 914.256894 928.304725 946.723894 922.062913 891.893966 862.121419 852.062415 834.977418 792.338549 733.022409 684.648032 618.656631 489.441327 376.351430 296.221118 220.099594 147.677276 104.340731 69.760823 15.597955 -8.796265 -8.061012 -17.622104 -20.339879 -13.871762 -7.452033 -9999.0 -9999.0
-9999.0 -573.110140 -430.170554 -244.058827 -95.433635 -28.630495 101.342685 190.198777 216.664088 194.855015 316.345118 605.946425 696.803112 706.960320 764.370206 845.237467 876.197676 902.367276 920.168630 921.680587 920.533129 923.277930 917.801064 910.335670 897.846601 892.986506 894.716238 895.329064 884.472564 870.680636 855.045301 853.083519 842.963866 814.363009 783.891378 753.199766 735.951132 721.603282 698.752503 681.538651 672.308778 688.290900 681.603111 668.453981 665.051988 681.457915 706.371290 701.359817 709.031171 733.975716 781.065209 813.357069 827.662003 847.446905 873.237090 903.138234 916.746665 936.489973 941.420692 921.385773 888.346110 852.013166 832.566386 789.494965 726.580205 658.192461 580.862567 442.784631 345.901088 285.144685 218.866679 149.013004 84.852376 54.282685 13.587130 -7.708160 -9999.0 -9999.0 -9999.0 -9999.0
-9999.0 -640.139259 -449.552385 -183.594129 83.576952 238.187340 531.510875 661.763316 705.308013 754.396953 767.952708 881.060744 904.363138 894.366796 880.097974 882.126392 894.799068 897.658403 893.315940 884.682969 876.074182 871.627212 869.642523 864.489844 857.247114 848.937545 842.934859 838.590998 814.345238 785.996771 741.586779 724.743350 697.770133 623.155387 560.684489 448.521684 364.126054 351.771618 341.229649 311.941139 293.395674 277.341163 296.538949 297.465147 298.082531 304.412916 324.474913 346.818096 399.506577 465.955274 586.394908 654.033923 683.764466 722.561083 773.299466 817.685832 837.291867 856.761915 889.919382 920.948111 941.655114 934.251844 910.267451 882.597616 837.017018 796.425844 764.930394 700.178048 646.510085 579.823851 457.631864 353.358839 257.787989 147.831569 102.288100 -9999.0 -9999.0 -9999.0 -9999.0 -9999.0
-9999.0 -797.007112 -529.918739 -232.991765 110.462343 510.640593 649.742833 781.246575 844.432419 802.089649 797.754162 814.605763 843.694132 847.170145 832.915966 831.127626 825.602237 825.306353 834.555503 807.882464 769.758453 751.277805 748.669470 738.680535 720.804688 709.408123 702.867269 691.409785 652.942127 587.346249 427.074755 376.945076 294.626732 227.213514 172.527167 111.322394 54.007109 50.958363 66.754092 50.520931 28.413240 9.807821 35.570617 51.394334 62.419625 52.335892 61.351193 97.063533 148.327355 197.755495 261.893880 325.099067 380.029096 458.886747 573.741774 644.072183 683.702705 722.551243 792.823369 852.810911 876.959353 900.907469 933.004405 951.116011 911.358631 877.717117 850.587084 817.879530 767.373694 736.610943 698.392493 631.390422 514.647425 -9999.0 -9999.0 -9999.0 -9999.0 -9999.0 -9999.0 -9999.0
-9999.0 -930.153377 -699.889395 -454.427918 -153.076845 96.630143 291.722112 486.321893 589.740519 610.873559 632.901618 655.081728 676.201739 693.034121 677.076471 651.118842 631.300161 634.428789 627.719649 582.898890 486.357570 440.180841 430.959433 417.739014 383.348595 364.241753 352.221694 328.398463 290.568443 228.639391 131.684809 57.219443 -6.670178 -43.207445 -75.442098 -110.602126 -150.245112 -139.628656 -124.877031 -129.307502 -141.581954 -145.950083 -116.044165 -97.468530 -87.449724 -100.781684 -82.337419 -55.316771 -13.164250 29.636652 79.467368 135.190890 189.846682 226.056046 256.223409 294.427054 344.119401 426.828055 593.448013 699.730195 778.489186 817.131755 853.738368 880.013267 891.502158 912.317888 901.157216 844.776968 764.149485 787.014941 792.536693 -9999.0 -9999.0 -9999.0 -9999.0 -9999.0 -9999.0 -9999.0 -9999.0 -9999.0
-9999.0 -9999.0 -936.287026 -747.376113 -590.284236 -406.871181 -255.688955 -144.135107 -60.299341 38.208705 135.901498 212.847494 253.147618 269.241132 252.590490 214.146783 188.632159 187.660940 175.406612 154.662679 118.829754 103.647333 91.998979 83.077400 69.084686 61.560598 56.195990 44.956044 21.853842 -26.480009 -81.542765 -135.358581 -190.622088 -216.032221 -238.255244 -261.043230 -264.419816 -266.124660 -259.135445 -257.806727 -252.332644 -240.534997 -219.756713 -198.419985 -189.106333 -182.163091 -169.778168 -146.229708 -113.053273 -71.852933 -19.224465 36.579140 74.867578 87.633571 80.213519 88.239823 113.114875 164.835091 269.530218 384.618047 570.147664 659.503306 726.403683 786.722551 806.142758 821.400738 839.716257 789.480236 514.908902 720.969605 -9999.0 -9999.0 -9999.0 -9999.0 -9999.0 -9999.0 -9999.0 -9999.0 -9999.0 -9999.0
-9999.0 -9999.0 -9999.0 -9999.0 -890.459053 -734.312559 -641.727745 -561.249851 -441.846984 -331.902920 -237.499560 -160.312948 -106.372206 -82.510657 -93.636333 -98.872974 -107.484337 -111.906740 -121.546869 -128.134574 -135.046617 -143.785048 -155.678917 -163.382713 -163.984403 -160.250149 -162.118198 -175.072173 -190.957955 -217.983157 -242.003789 -277.377369 -314.566914 -343.764056 -356.639442 -363.326948 -362.872188 -368.251310 -358.552161 -352.074183 -337.081256 -321.541961 -297.410058 -269.037244 -256.509792 -242.432844 -232.892343 -212.264903 -182.498009 -129.895236 -67.716973 -12.134704 21.101786 24.016130 -2.611767 -18.921585 -22.273289 6.781557 57.295715 133.974265 253.896878 342.528626 436.009038 577.670903 639.937648 687.712562 759.527427 788.854422 -9999.0 -9999.0 -9999.0 -9999.0 -9999.0 -9999.0 -9999.0 -9999.0 -9999.0 -9999.0 -9999.0 -9999.0
-9999.0 -9999.0 -9999.0 -9999.0 -9999.0 -9999.0 -946.005351 -851.551617 -765.502097 -645.219027 -533.652245 -442.778030 -368.603706 -343.466184 -325.609652 -302.810243 -307.614074 -325.193855 -342.297050 -325.470729 -315.667077 -320.608530 -348.363933 -349.608046 -345.812364 -336.144034 -337.102910 -342.954181 -367.645164 -359.034058 -360.102795 -382.920868 -408.683107 -422.734512 -433.992113 -423.775852 -422.750019 -435.105281 -432.592169 -406.457705 -386.708230 -373.235145 -350.685927 -317.481159 -285.497089 -271.335513 -270.575775 -264.600433 -223.366587 -153.419881 -83.441450 -30.559515 -0.537903 5.926845 -23.503299 -65.643120 -88.402474 -82.584425 -48.088849 6.150232 85.992059 140.046907 179.770695 219.770528 259.640374 361.009991 -9999.0 -9999.0 -9999.0 -9999.0 -9999.0 -9999.0 -9999.0 -9999.0 -9999.0 -9999.0 -9999.0 -9999.0 -9999.0 -9999.0
-9999.0 -9999.0 -9999.0 -9999.0 -9999.0 -9999.0 -9999.0 -9999.0 -9999.0 -9999.0 -9999.0 -9999.0 -9999.0 -9999.0 -9999.0 -9999.0 -9999.0 -9999.0 -9999.0 -9999.0 -9999.0 -9999.0 -9999.0 -9999.0 -9999.0 -9999.0 -9999.0 -9999.0 -9999.0 -9999.0 -9999.0 -9999.0 -9999.0 -9999.0 -9999.0 -9999.0 -9999.0 -9999.0 -9999.0 -9999.0 -9999.0 -9999.0 -9999.0 -9999.0 -9999.0 -9999.0 -9999.0 -9999.0 -9999.0 -9999.0 -9999.0 -9999.0 -9999.0 -9999.0 -9999.0 -9999.0 -9999.0 -9999.0 -9999.0 -9999.0 -9999.0 -9999.0 -9999.0 -9999.0 -9999.0 -9999.0 -9999.0 -9999.0 -9999.0 -9999.0 -9999.0 -9999.0 -9999.0 -9999.0 -9999.0 -9999.0 -9999.0 -9999.0 -9999.0 -9999.0
-9999.0 -9999.0 -9999.0 -9999.0 -9999.0 -9999.0 -9999.0 -9999.0 -9999.0 -9999.0 -9999.0 -9999.0 -9999.0 -9999.0 -9999.0 -9999.0 -9999.0 -9999.0 -9999.0 -9999.0 -9999.0 -9999.0 -9999.0 -9999.0 -9999.0 -9999.0 -9999.0 -9999.0 -9999.0 -9999.0 -9999.0 -9999.0 -9999.0 -9999.0 -9999.0 -9999.0 -9999.0 -9999.0 -9999.0 -9999.0 -9999.0 -9999.0 -9999.0 -9999.0 -9999.0 -9999.0 -9999.0 -9999.0 -9999.0 -9999.0 -9999.0 -9999.0 -9999.0 -9999.0 -9999.0 -9999.0 -9999.0 -9999.0 -9999.0 -9999.0 -9999.0 -9999.0 -9999.0 -9999.0 -9999.0 -9999.0 -9999.0 -9999.0 -9999.0 -9999.0 -9999.0 -9999.0 -9999.0 -9999.0 -9999.0 -9999.0 -9999.0 -9999.0 -9999.0 -9999.0