Borden_/Borden1m_014/output_maps/psiliqL0028N0005.asc
ncols         80
nrows         18
xllcorner     620200.000000
yllcorner     5168000.000000
cellsize      1.000000
NODATA_value  -9999.0
-9999.0 -9999.0 -9999.0 -9999.0 -9999.0 -9999.0 -9999.0 -9999.0 -9999.0 -9999.0 -9999.0 -9999.0 -9999.0 -9999.0 -9999.0 -9999.0 -9999.0 -9999.0 -9999.0 -9999.0 -9999.0 -9999.0 -9999.0 -9999.0 -9999.0 -9999.0 -9999.0 -9999.0 -9999.0 -9999.0 -9999.0 -9999.0 -9999.0 -9999.0 -9999.0 -9999.0 -9999.0 -9999.0 -9999.0 -9999.0 -9999.0 -9999.0 -9999.0 -9999.0 -9999.0 -9999.0 -9999.0 -9999.0 -9999.0 -9999.0 -9999.0 -9999.0 -9999.0 -9999.0 -9999.0 -9999.0 -9999.0 -9999.0 -9999.0 -9999.0 -9999.0 -9999.0 -9999.0 -9999.0 -9999.0 -9999.0 -9999.0 -9999.0 -9999.0 -9999.0 -9999.0 -9999.0 -9999.0 -9999.0 -9999.0 -9999.0 -9999.0 -9999.0 -9999.0 -9999.0
-9999.0 -9999.0 -9999.0 -9999.0 -9999.0 -9999.0 -9999.0 -9999.0 -9999.0 -9999.0 -9999.0 -9999.0 -9999.0 -9999.0 -9999.0 -9999.0 -9999.0 -9999.0 -9999.0 -9999.0 -9999.0 -9999.0 -9999.0 -9999.0 -9999.0 -9999.0 -9999.0 -9999.0 -9999.0 -9999.0 -9999.0 -9999.0 -9999.0 -9999.0 -9999.0 -9999.0 -9999.0 -9999.0 -9999.0 -9999.0 -9999.0 -9999.0 -9999.0 -9999.0 -9999.0 -9999.0 -9999.0 -9999.0 -9999.0 -9999.0 -9999.0 -9999.0 -9999.0 -9999.0 -9999.0 -9999.0 -9999.0 -9999.0 -9999.0 -9999.0 -9999.0 -9999.0 -9999.0 -9999.0 -9999.0 -9999.0 -9999.0 -9999.0 -9999.0 -9999.0 -9999.0 -9999.0 -9999.0 -9999.0 -9999.0 -9999.0 -9999.0 -9999.0 -9999.0 -9999.0
-9999.0 -9999.0 -9999.0 -9999.0 -9999.0 -9999.0 -9999.0 -9999.0 -9999.0 -9999.0 -9999.0 -9999.0 -9999.0 -9999.0 -9999.0 -9999.0 -9999.0 -9999.0 -9999.0 -9999.0 3725.108079 3725.771604 3704.092021 3669.785296 3641.327637 3642.897140 3675.320253 3715.608303 3754.224379 3760.940309 3741.418573 3745.206077 3740.569472 3735.304821 3734.937279 3742.657199 3749.544677 3758.877567 3765.490190 3762.792281 3755.167905 3750.130845 3753.078038 3754.418613 3760.833667 3745.743283 3762.090508 3778.571771 3783.208919 3780.895399 3757.733156 3746.472449 3738.786117 3723.372342 3750.480933 3762.327176 3786.136988 3791.063279 3789.257385 3762.821113 3732.936635 -9999.0 -9999.0 -9999.0 -9999.0 -9999.0 -9999.0 -9999.0 -9999.0 -9999.0 -9999.0 -9999.0 -9999.0 -9999.0 -9999.0 -9999.0 -9999.0 -9999.0 -9999.0 -9999.0
-9999.0 -9999.0 -9999.0 -9999.0 -9999.0 -9999.0 -9999.0 -9999.0 -9999.0 -9999.0 -9999.0 -9999.0 -9999.0 -9999.0 3635.221262 3626.476196 3623.363825 3630.203123 3662.213018 3692.237731 3703.672170 3695.980185 3695.493215 3670.274074 3646.710352 3658.711997 3687.656625 3717.528897 3750.332696 3766.832495 3755.597515 3752.630069 3758.772583 3776.991419 3783.896763 3779.934619 3762.530364 3786.863411 3799.522374 3803.106409 3800.806415 3790.669511 3798.603242 3812.265608 3805.130070 3790.203357 3802.204789 3817.782464 3828.297666 3821.185590 3764.210447 3753.658780 3750.956323 3747.730832 3735.214025 3732.170290 3761.454397 3761.392250 3754.777939 3738.109608 3705.073778 3659.989314 3641.423538 3682.835983 3726.904705 3783.457489 -9999.0 -9999.0 -9999.0 -9999.0 -9999.0 -9999.0 -9999.0 -9999.0 -9999.0 -9999.0 -9999.0 -9999.0 -9999.0 -9999.0
-9999.0 -9999.0 -9999.0 -9999.0 -9999.0 -9999.0 -9999.0 -9999.0 -9999.0 3578.017167 3584.048393 3590.694243 3592.902864 3607.622432 3603.909355 3610.427775 3613.493004 3640.365677 3669.127757 3701.904901 3728.144219 3718.492556 3716.497152 3718.838318 3711.149784 3717.755436 3737.523082 3773.307494 3802.815731 3836.925404 3802.336294 3796.735752 3813.736034 3853.755144 3874.718745 3875.481574 3856.584668 3874.870701 3898.083790 3912.569216 3908.586086 3901.945566 3928.271062 3943.869909 3936.185685 3914.101419 3914.876609 3923.748029 3953.766448 3903.020733 3836.936876 3800.954263 3819.121447 3799.677299 3776.134260 3767.061739 3768.817835 3789.751062 3779.007875 3746.066937 3713.756940 3702.345297 3686.138636 3708.435171 3732.431718 3779.381206 3819.890607 3850.211449 3849.882972 3832.866997 -9999.0 -9999.0 -9999.0 -9999.0 -9999.0 -9999.0 -9999.0 -9999.0 -9999.0 -9999.0
-9999.0 -9999.0 -9999.0 -9999.0 -9999.0 -9999.0 3499.649634 3510.128129 3530.663039 3532.583823 3558.883898 3563.368258 3581.436803 3597.770538 3619.076068 3630.680229 3654.188113 3683.018955 3717.578984 3753.634121 3779.902983 3766.716282 3771.041404 3788.060131 3812.113704 3828.804706 3850.885000 3888.410925 3960.497695 3996.321156 3986.204597 3986.308289 3994.319183 4045.077166 4109.149652 4119.218137 4098.423790 4085.711598 4110.291890 4148.454526 4145.427553 4144.108623 4158.162950 4169.428923 4196.387346 4184.760314 4148.888620 4144.988005 4153.335789 4128.857976 4057.790314 4001.438817 3985.158808 3938.095688 3854.018719 3813.412315 3840.760355 3870.691407 3850.562533 3801.994391 3771.367838 3767.246575 3757.331275 3752.089287 3766.156462 3790.232076 3814.810285 3829.440453 3818.034004 3797.502205 3776.269677 3748.437864 3751.419756 3776.480528 -9999.0 -9999.0 -9999.0 -9999.0 -9999.0 -9999.0
-9999.0 -9999.0 -9999.0 -9999.0 3450.573815 3463.127658 3447.416728 3473.329187 3504.603743 3537.502781 3563.630547 3593.808693 3615.625882 3641.089350 3672.259233 3691.350679 3721.131783 3749.335766 3794.976459 3854.666935 3897.597579 3909.066393 3916.679037 3966.942776 4022.785084 4069.092234 4087.780381 4114.041834 4161.478836 4218.359779 4240.244627 4242.497087 4259.474376 4304.619031 4363.022246 4398.757305 4380.756803 4371.357804 4382.416019 4397.556762 4419.721835 4419.755555 4420.902498 4425.512867 4433.813294 4431.618860 4404.061939 4370.189372 4357.066618 4346.503565 4306.190156 4232.753240 4203.639493 4173.752320 4128.109601 4072.687524 4028.445745 4032.481245 3977.312964 3921.704740 3873.666687 3868.144945 3849.609640 3835.233560 3819.858640 3833.934914 3847.324886 3833.141657 3803.548176 3774.794335 3762.334080 3745.175211 3733.971375 3765.508596 3783.588190 3812.991639 -9999.0 -9999.0 -9999.0 -9999.0
-9999.0 -9999.0 3392.217642 3436.482602 3492.990960 3497.962329 3489.188583 3490.723109 3515.896872 3563.801300 3623.226220 3657.252629 3683.110146 3712.511411 3761.340900 3820.071005 3878.138255 3920.230085 3978.767413 4048.724377 4107.905266 4134.163213 4142.368523 4178.463722 4234.259021 4305.657614 4334.532474 4361.693877 4394.581235 4432.441062 4420.475315 4430.555722 4443.816465 4458.615030 4475.466852 4483.606763 4478.371796 4473.686877 4454.905997 4449.390434 4455.807441 4464.502590 4463.001746 4448.050507 4444.059161 4459.344666 4466.044656 4463.648193 4460.246431 4464.711172 4458.510933 4407.938887 4394.232391 4378.391156 4365.619661 4318.465510 4250.456145 4218.999878 4196.427982 4154.183919 4080.144146 4044.441192 4006.030081 3972.629671 3936.578759 3925.581467 3894.779694 3863.636848 3825.721432 3785.589889 3767.148181 3753.573344 3753.620836 3754.459905 3772.579695 3788.400156 3804.468484 3812.590333 -9999.0 -9999.0
-9999.0 3281.147351 3351.419773 3471.365772 3547.814987 3582.300309 3585.692887 3584.448966 3608.630953 3641.952640 3725.151297 3767.895740 3850.374508 3888.878763 3928.431386 4018.361586 4114.463877 4158.894990 4199.181586 4265.361829 4333.150858 4381.212279 4408.037788 4380.912009 4422.154086 4455.598242 4464.946333 4472.867960 4473.826463 4465.218141 4459.120843 4465.637426 4462.458186 4442.824827 4426.320394 4424.401537 4420.896083 4397.181899 4369.341225 4353.407132 4354.348275 4379.811868 4366.321277 4344.749959 4340.255024 4362.222241 4384.341605 4373.386208 4360.099655 4376.819266 4411.997421 4438.064825 4437.511394 4456.526329 4477.755255 4447.940632 4427.870445 4382.869023 4365.560182 4339.816200 4281.817549 4226.884126 4178.330034 4130.071062 4078.233147 4030.594185 3983.438521 3936.592767 3884.118985 3851.801692 3828.218391 3786.648762 3775.293034 3782.574157 3778.292870 3777.050229 3783.807917 3790.445865 -9999.0 -9999.0
-9999.0 3181.151531 3318.666838 3493.873193 3634.564754 3671.248457 3725.009214 3776.632497 3788.413958 3728.674637 3830.073887 4048.996571 4177.061137 4196.172754 4273.926266 4372.089954 4348.679730 4380.984539 4405.174729 4434.650954 4458.274981 4473.861526 4472.468757 4467.669428 4450.889775 4442.817379 4441.859338 4439.649282 4421.903168 4402.635000 4385.596480 4382.115599 4363.559078 4312.309690 4278.430406 4260.207253 4239.741507 4226.779470 4200.034233 4173.648810 4156.333467 4165.450747 4164.745814 4151.954136 4147.557349 4165.198135 4196.170123 4195.158999 4208.380299 4228.288637 4263.856365 4302.883167 4322.369549 4351.921193 4387.945761 4437.278693 4445.022107 4467.733363 4470.326823 4461.355095 4413.710679 4361.340492 4331.587803 4275.544877 4215.903414 4154.133683 4104.827129 4060.050679 4004.580652 3971.170652 3932.616727 3879.289126 3838.058161 3832.696484 3800.100277 3788.127488 -9999.0 -9999.0 -9999.0 -9999.0
-9999.0 3073.491077 3250.122959 3483.602627 3780.599400 3845.293977 4048.717438 4163.207986 4201.016264 4270.009752 4133.543847 4354.125448 4411.627830 4407.843491 4427.965303 4431.879361 4446.688971 4445.780697 4440.681187 4429.474795 4419.623468 4414.847808 4413.873788 4405.909115 4393.165021 4378.410211 4366.330334 4354.577090 4317.251133 4284.739812 4244.058384 4231.155154 4184.451043 4091.587044 4052.957143 4013.098208 3950.536990 3954.015360 3963.635637 3940.097572 3920.118417 3890.158338 3921.376386 3933.599063 3938.340408 3932.444862 3941.009671 3971.279752 4020.622674 4055.457900 4094.319416 4142.666980 4173.595088 4212.986519 4252.507239 4305.182469 4336.943158 4366.125572 4416.082169 4453.341863 4476.298874 4461.563941 4444.002476 4398.053617 4337.328188 4287.707376 4258.186080 4206.962913 4163.189017 4119.865204 4073.441614 4020.755590 3959.253169 3909.896535 3876.765306 -9999.0 -9999.0 -9999.0 -9999.0 -9999.0
-9999.0 2840.943045 3102.782812 3362.006287 3627.361964 3974.064980 4156.706946 4248.262015 4312.882644 4300.489773 4328.252600 4333.426792 4371.033910 4378.996446 4357.717002 4343.243941 4324.747805 4323.657925 4336.799288 4309.033949 4278.228116 4264.579823 4265.552262 4254.877041 4230.653293 4215.810941 4206.609200 4187.713505 4144.546370 4093.606530 4008.259886 3971.884365 3891.580564 3855.767667 3820.413569 3773.631188 3730.091453 3736.875152 3762.953908 3754.974087 3734.606350 3718.004286 3748.025174 3769.634136 3783.192426 3766.161079 3772.549560 3806.937075 3853.237918 3893.578669 3937.075338 3984.840009 4027.009676 4065.631086 4085.403538 4123.719529 4166.042552 4207.887931 4278.608462 4358.381226 4395.269950 4430.522202 4458.687776 4480.919452 4437.600816 4411.948773 4387.753497 4363.719904 4316.905465 4271.171773 4230.590556 4164.970116 4105.404135 -9999.0 -9999.0 -9999.0 -9999.0 -9999.0 -9999.0 -9999.0
-9999.0 2734.950718 2917.310688 3097.758856 3336.471047 3564.624353 3794.409941 3884.456313 3955.596688 4035.364216 4093.930143 4133.369036 4159.177167 4181.184925 4158.741047 4111.503700 4078.671495 4083.864850 4073.972258 4053.497185 4026.099777 4013.500876 4010.653748 4006.221616 3985.513172 3975.893297 3969.580948 3951.963277 3927.660701 3874.897113 3804.754931 3731.064334 3678.733178 3661.892093 3640.947346 3615.579265 3591.137933 3605.264334 3617.998021 3618.975414 3613.619642 3614.740430 3643.776730 3663.923028 3673.322153 3662.769853 3680.839759 3703.292536 3739.359937 3778.156130 3822.327052 3871.933202 3919.936120 3938.938070 3939.443078 3948.962743 3975.306603 4017.779815 4093.715095 4180.031247 4259.483030 4305.703551 4357.040664 4397.750575 4426.767408 4450.063915 4473.702759 4467.712201 4440.974794 4407.142571 4347.363354 -9999.0 -9999.0 -9999.0 -9999.0 -9999.0 -9999.0 -9999.0 -9999.0 -9999.0
-9999.0 -9999.0 2697.076922 2836.095550 2919.244810 3072.883311 3209.253971 3313.543586 3417.345491 3565.276304 3691.872551 3788.168793 3835.687437 3851.484222 3838.105860 3811.056156 3794.933651 3794.445888 3782.384198 3777.191761 3764.324139 3759.745522 3747.663388 3740.610973 3738.213040 3738.996239 3737.704769 3730.549735 3715.316662 3675.466907 3641.672285 3599.353195 3555.153954 3535.140897 3518.691100 3503.605636 3509.731251 3505.114309 3511.046400 3514.715057 3525.402976 3540.237029 3559.503581 3582.499666 3592.171915 3602.725045 3613.140550 3634.176213 3663.320091 3702.945458 3753.780166 3808.188577 3843.530692 3849.467389 3830.098164 3823.435459 3829.619262 3856.560698 3917.418456 3985.319412 4076.020895 4142.195848 4209.335688 4265.968926 4293.113561 4329.515466 4400.993724 4449.114144 4493.124718 4470.635475 -9999.0 -9999.0 -9999.0 -9999.0 -9999.0 -9999.0 -9999.0 -9999.0 -9999.0 -9999.0
-9999.0 -9999.0 -9999.0 -9999.0 2700.381646 2833.149672 2926.995564 3001.312120 3134.136206 3265.552583 3371.671926 3459.782210 3530.780151 3557.158879 3560.098949 3580.264750 3580.502411 3570.555736 3559.462084 3566.196950 3573.062111 3567.544023 3550.354863 3545.184600 3550.933041 3560.901824 3560.763651 3549.773010 3533.480376 3523.441036 3514.403407 3486.637306 3457.245667 3432.189742 3422.430034 3421.764471 3423.331231 3416.235498 3425.311119 3435.367416 3451.945341 3467.279552 3490.789321 3520.751445 3535.744122 3550.304001 3558.371327 3576.057366 3604.130825 3655.119317 3716.390840 3772.668048 3806.402953 3806.181317 3776.834049 3754.099226 3740.176561 3756.049773 3783.235543 3831.926295 3920.427819 3982.234732 4026.093425 4063.680466 4099.989228 4166.284901 4262.866996 4345.203905 -9999.0 -9999.0 -9999.0 -9999.0 -9999.0 -9999.0 -9999.0 -9999.0 -9999.0 -9999.0 -9999.0 -9999.0
-9999.0 -9999.0 -9999.0 -9999.0 -9999.0 -9999.0 2678.772619 2785.358336 2831.806745 2986.542239 3135.241090 3243.884782 3327.973747 3365.366294 3401.901017 3433.706503 3435.193793 3414.495828 3391.980721 3415.157273 3436.578735 3430.439765 3397.685565 3400.637561 3409.633043 3418.901007 3418.099243 3414.494304 3392.567862 3413.595701 3421.918413 3402.310281 3379.964045 3370.315983 3360.967839 3372.689912 3374.140638 3360.510693 3359.627810 3388.597112 3410.369959 3423.344636 3444.161129 3477.380509 3509.850326 3525.520350 3525.986121 3529.880117 3565.186034 3632.653075 3703.374210 3758.343560 3789.176955 3793.379398 3761.968111 3716.447209 3689.488998 3687.118328 3709.869039 3747.264377 3807.019691 3841.907570 3850.373398 3848.441666 3858.529987 3959.692687 -9999.0 -9999.0 -9999.0 -9999.0 -9999.0 -9999.0 -9999.0 -9999.0 -9999.0 -9999.0 -9999.0 -9999.0 -9999.0 -9999.0
-9999.0 -9999.0 -9999.0 -9999.0 -9999.0 -9999.0 -9999.0 -9999.0 -9999.0 -9999.0 -9999.0 -9999.0 -9999.0 -9999.0 -9999.0 -9999.0 -9999.0 -9999.0 -9999.0 -9999.0 -9999.0 -9999.0 -9999.0 -9999.0 -9999.0 -9999.0 -9999.0 -9999.0 -9999.0 -9999.0 -9999.0 -9999.0 -9999.0 -9999.0 -9999.0 -9999.0 -9999.0 -9999.0 -9999.0 -9999.0 -9999.0 -9999.0 -9999.0 -9999.0 -9999.0 -9999.0 -9999.0 -9999.0 -9999.0 -9999.0 -9999.0 -9999.0 -9999.0 -9999.0 -9999.0 -9999.0 -9999.0 -9999.0 -9999.0 -9999.0 -9999.0 -9999.0 -9999.0 -9999.0 -9999.0 -9999.0 -9999.0 -9999.0 -9999.0 -9999.0 -9999.0 -9999.0 -9999.0 -9999.0 -9999.0 -9999.0 -9999.0 -9999.0 -9999.0 -9999.0
-9999.0 -9999.0 -9999.0 -9999.0 -9999.0 -9999.0 -9999.0 -9999.0 -9999.0 -9999.0 -9999.0 -9999.0 -9999.0 -9999.0 -9999.0 -9999.0 -9999.0 -9999.0 -9999.0 -9999.0 -9999.0 -9999.0 -9999.0 -9999.0 -9999.0 -9999.0 -9999.0 -9999.0 -9999.0 -9999.0 -9999.0 -9999.0 -9999.0 -9999.0 -9999.0 -9999.0 -9999.0 -9999.0 -9999.0 -9999.0 -9999.0 -9999.0 -9999.0 -9999.0 -9999.0 -9999.0 -9999.0 -9999.0 -9999.0 -9999.0 -9999.0 -9999.0 -9999.0 -9999.0 -9999.0 -9999.0 -9999.0 -9999.0 -9999.0 -9999.0 -9999.0 -9999.0 -9999.0 -9999.0 -9999.0 -9999.0 -9999.0 -9999.0 -9999.0 -9999.0 -9999.0 -9999.0 -9999.0 -9999.0 -9999.0 -9999.0 -9999.0 -9999.0 -9999.0 -9999.0