Borden_/Borden1m_014/output_maps/psiliqL0004N0022.asc
ncols         80
nrows         18
xllcorner     620200.000000
yllcorner     5168000.000000
cellsize      1.000000
NODATA_value  -9999.0
-9999.0 -9999.0 -9999.0 -9999.0 -9999.0 -9999.0 -9999.0 -9999.0 -9999.0 -9999.0 -9999.0 -9999.0 -9999.0 -9999.0 -9999.0 -9999.0 -9999.0 -9999.0 -9999.0 -9999.0 -9999.0 -9999.0 -9999.0 -9999.0 -9999.0 -9999.0 -9999.0 -9999.0 -9999.0 -9999.0 -9999.0 -9999.0 -9999.0 -9999.0 -9999.0 -9999.0 -9999.0 -9999.0 -9999.0 -9999.0 -9999.0 -9999.0 -9999.0 -9999.0 -9999.0 -9999.0 -9999.0 -9999.0 -9999.0 -9999.0 -9999.0 -9999.0 -9999.0 -9999.0 -9999.0 -9999.0 -9999.0 -9999.0 -9999.0 -9999.0 -9999.0 -9999.0 -9999.0 -9999.0 -9999.0 -9999.0 -9999.0 -9999.0 -9999.0 -9999.0 -9999.0 -9999.0 -9999.0 -9999.0 -9999.0 -9999.0 -9999.0 -9999.0 -9999.0 -9999.0
-9999.0 -9999.0 -9999.0 -9999.0 -9999.0 -9999.0 -9999.0 -9999.0 -9999.0 -9999.0 -9999.0 -9999.0 -9999.0 -9999.0 -9999.0 -9999.0 -9999.0 -9999.0 -9999.0 -9999.0 -9999.0 -9999.0 -9999.0 -9999.0 -9999.0 -9999.0 -9999.0 -9999.0 -9999.0 -9999.0 -9999.0 -9999.0 -9999.0 -9999.0 -9999.0 -9999.0 -9999.0 -9999.0 -9999.0 -9999.0 -9999.0 -9999.0 -9999.0 -9999.0 -9999.0 -9999.0 -9999.0 -9999.0 -9999.0 -9999.0 -9999.0 -9999.0 -9999.0 -9999.0 -9999.0 -9999.0 -9999.0 -9999.0 -9999.0 -9999.0 -9999.0 -9999.0 -9999.0 -9999.0 -9999.0 -9999.0 -9999.0 -9999.0 -9999.0 -9999.0 -9999.0 -9999.0 -9999.0 -9999.0 -9999.0 -9999.0 -9999.0 -9999.0 -9999.0 -9999.0
-9999.0 -9999.0 -9999.0 -9999.0 -9999.0 -9999.0 -9999.0 -9999.0 -9999.0 -9999.0 -9999.0 -9999.0 -9999.0 -9999.0 -9999.0 -9999.0 -9999.0 -9999.0 -9999.0 -9999.0 -610.067260 -607.372772 -614.359742 -622.758856 -629.766634 -630.411317 -622.447838 -613.032765 -602.600119 -600.326863 -607.977713 -606.347595 -609.228065 -610.722412 -610.674593 -608.473799 -607.395969 -604.036714 -601.807077 -602.591429 -605.014789 -606.829978 -608.151452 -607.488763 -604.927724 -608.604798 -603.189536 -597.695745 -595.652560 -596.090533 -603.921397 -607.411668 -608.828449 -614.767889 -604.053655 -600.485704 -592.193196 -591.140296 -590.076434 -599.376818 -608.774683 -9999.0 -9999.0 -9999.0 -9999.0 -9999.0 -9999.0 -9999.0 -9999.0 -9999.0 -9999.0 -9999.0 -9999.0 -9999.0 -9999.0 -9999.0 -9999.0 -9999.0 -9999.0 -9999.0
-9999.0 -9999.0 -9999.0 -9999.0 -9999.0 -9999.0 -9999.0 -9999.0 -9999.0 -9999.0 -9999.0 -9999.0 -9999.0 -9999.0 -625.359876 -628.964806 -630.603080 -631.236756 -624.044809 -618.124020 -617.242550 -620.927502 -618.350592 -625.993499 -632.780180 -628.675844 -622.276286 -616.474909 -607.754846 -601.445441 -606.899445 -608.249313 -605.094503 -594.547206 -589.641849 -591.620989 -603.164367 -592.052974 -585.969455 -582.159871 -582.682477 -587.807554 -580.490459 -572.072062 -576.188498 -585.182644 -583.243793 -577.917230 -569.795109 -574.784670 -603.983149 -608.119707 -607.036174 -606.960721 -611.182334 -613.973391 -603.050601 -604.141982 -606.178852 -609.072786 -616.508574 -627.854333 -632.780741 -621.365509 -610.499959 -590.237045 -9999.0 -9999.0 -9999.0 -9999.0 -9999.0 -9999.0 -9999.0 -9999.0 -9999.0 -9999.0 -9999.0 -9999.0 -9999.0 -9999.0
-9999.0 -9999.0 -9999.0 -9999.0 -9999.0 -9999.0 -9999.0 -9999.0 -9999.0 -632.752964 -633.511152 -632.396570 -634.496659 -631.132425 -636.006329 -634.657483 -635.290321 -630.226202 -625.610100 -618.320827 -609.537084 -615.368912 -616.099361 -611.764556 -611.020384 -608.780851 -604.138830 -589.710135 -573.535203 -551.090723 -569.446626 -570.447024 -559.995874 -524.812521 -494.694258 -486.602300 -501.013943 -500.707101 -481.982175 -460.779906 -461.685362 -463.601229 -441.441638 -428.108195 -419.104307 -439.102699 -457.779435 -460.701045 -434.536220 -480.519791 -525.482769 -564.330392 -561.873659 -576.823163 -594.034328 -600.999887 -603.036853 -591.063751 -596.055937 -608.237111 -618.478570 -616.613107 -621.993746 -616.539462 -611.949028 -596.109213 -582.003002 -569.133987 -568.549679 -576.511526 -9999.0 -9999.0 -9999.0 -9999.0 -9999.0 -9999.0 -9999.0 -9999.0 -9999.0 -9999.0
-9999.0 -9999.0 -9999.0 -9999.0 -9999.0 -9999.0 -640.699134 -640.877601 -638.519883 -644.433879 -639.512397 -642.276945 -638.588647 -636.637385 -633.871690 -633.185613 -626.877780 -620.883903 -611.163441 -598.629368 -587.481673 -592.391710 -589.412146 -574.517669 -547.828114 -523.887612 -508.908983 -483.494509 -408.372277 -339.967761 -310.266522 -293.294137 -266.471252 -241.550770 -196.216130 -132.198499 -200.584625 -218.181917 -206.358084 -171.892560 -97.733687 -95.205581 -89.313029 -82.025703 -56.288152 -63.293008 -167.427819 -192.233872 -198.105817 -204.063387 -235.456501 -272.337151 -357.964728 -428.986782 -496.260958 -535.824740 -542.796463 -535.120500 -552.751712 -578.178119 -594.488071 -595.328608 -598.880961 -604.529200 -601.686824 -595.038007 -585.418936 -579.666626 -584.196149 -590.788729 -596.366459 -606.450290 -605.014817 -595.378146 -9999.0 -9999.0 -9999.0 -9999.0 -9999.0 -9999.0
-9999.0 -9999.0 -9999.0 -9999.0 -651.115415 -648.051505 -656.884139 -651.546661 -647.158067 -643.574863 -642.732237 -636.771234 -634.496522 -629.882341 -620.804123 -613.296254 -600.801502 -590.944321 -567.023785 -523.364088 -484.395921 -462.221635 -449.854515 -361.910789 -265.331911 -232.219502 -222.251130 -205.255848 -163.930591 -48.851756 -44.307452 -15.321217 -21.363622 26.531373 68.519633 101.414892 82.108581 77.064525 77.960481 86.015384 110.718504 111.588652 112.721918 112.853526 114.929206 116.301378 95.146852 64.476111 53.461080 43.722337 29.659683 -32.219249 -130.688081 -170.300185 -190.892566 -220.220435 -262.301072 -292.634638 -394.991198 -457.113041 -510.613763 -530.857815 -550.920639 -562.472607 -577.432537 -574.862349 -570.983492 -578.976883 -589.999769 -600.651468 -602.782680 -607.683503 -612.406773 -600.092677 -595.121709 -581.986527 -9999.0 -9999.0 -9999.0 -9999.0
-9999.0 -9999.0 -652.637143 -651.647643 -642.833513 -647.380657 -650.346060 -654.374200 -652.018823 -643.140017 -626.758327 -618.552734 -607.157637 -600.260514 -576.244779 -523.942327 -469.577942 -425.805725 -327.628990 -254.779351 -216.435154 -184.646984 -107.802610 -69.524494 -22.680911 -3.571226 43.298901 38.013345 89.194281 116.963862 141.408831 157.495441 163.835553 156.501079 157.643125 155.244233 152.511746 149.408028 131.869084 129.900138 137.403992 138.980751 143.175562 130.447628 126.792746 139.205868 140.938409 141.269254 144.217596 150.660797 163.160492 132.940374 79.996373 67.845621 66.082423 27.498814 -30.887948 -120.232288 -154.015147 -189.628965 -241.892565 -273.722588 -364.191083 -441.965302 -491.809380 -515.914729 -542.967178 -561.675035 -579.906819 -597.088261 -603.032303 -606.836666 -605.006317 -606.256328 -599.625277 -594.308951 -587.171400 -584.275291 -9999.0 -9999.0
-9999.0 -656.494442 -658.261377 -642.352669 -637.993808 -633.902459 -629.257311 -625.237402 -620.496404 -623.985561 -583.013027 -516.638344 -455.907031 -432.587201 -347.951763 -240.787442 -108.899785 -76.195651 -44.524832 -31.081877 41.235783 79.339180 106.705529 138.711813 164.069525 157.108912 156.364158 153.415003 146.516645 139.457855 128.827580 136.428061 134.915802 120.477592 108.882982 107.817453 104.941203 80.890086 53.937984 42.043815 47.305857 67.189390 58.051058 37.818977 34.207896 53.605867 68.696176 60.414106 49.741251 62.637938 96.910567 113.575051 129.895466 142.673310 164.485260 141.466824 109.299112 72.463487 31.531607 32.168901 -62.177730 -124.480513 -177.306053 -228.413438 -269.164094 -370.609388 -456.516105 -503.065130 -542.252261 -559.350200 -570.778768 -593.339837 -599.923361 -595.683629 -598.759895 -599.174269 -596.250186 -593.872500 -9999.0 -9999.0
-9999.0 -671.087345 -656.585366 -638.289614 -614.945213 -608.754153 -547.399987 -496.055419 -481.049053 -502.636462 -394.245266 -107.850812 -41.390740 -39.619685 15.085550 83.368022 124.119912 146.267306 162.206471 151.067375 147.753692 148.895290 144.927761 137.220261 123.333134 116.046492 115.558764 113.487437 96.592205 79.568960 63.254316 37.774645 46.844194 16.416812 -11.503263 -23.753138 -36.928127 -110.378208 -155.630206 -183.153582 -194.196593 -176.824902 -185.770532 -200.599013 -203.662986 -184.640377 -153.937746 -157.571484 -147.751651 -121.410127 -77.257521 -1.777659 18.169257 21.397155 76.860165 114.179006 132.420100 152.351061 157.097332 133.837851 96.285102 50.739143 22.512921 -74.894688 -143.991096 -213.245549 -251.791310 -284.590409 -397.571133 -454.704299 -496.681575 -535.020013 -565.725009 -573.985913 -590.504127 -594.443169 -9999.0 -9999.0 -9999.0 -9999.0
-9999.0 -673.077189 -658.553072 -625.330514 -549.369037 -463.745733 -265.671081 -157.504347 -3.094363 -41.763072 63.429012 141.611034 152.369232 136.188149 111.565765 108.691856 118.620509 120.810045 116.979565 107.730321 98.024762 73.775693 91.669487 85.005562 72.798799 58.715793 47.532709 36.088462 -43.040852 -77.941882 -105.693410 -125.401369 -160.239240 -226.322799 -248.180072 -266.157186 -351.998437 -372.406472 -393.471793 -431.666577 -448.979237 -460.341421 -445.236434 -448.663301 -449.863033 -440.908222 -417.008565 -395.464107 -325.900736 -269.895984 -245.189221 -211.072801 -182.763827 -138.236896 -87.775238 4.312708 31.844089 57.128570 78.605724 134.554585 156.101220 147.794176 119.889237 85.122459 26.432027 -74.613574 -118.870123 -172.874397 -225.341661 -256.979175 -281.977829 -371.362971 -463.273322 -528.172688 -548.854519 -9999.0 -9999.0 -9999.0 -9999.0 -9999.0
-9999.0 -694.810514 -660.214730 -632.205442 -512.617147 -257.636692 -176.108335 71.249256 130.041719 59.099551 -40.785824 28.874438 63.234313 63.645664 40.588037 32.742421 26.289050 25.593857 38.360053 11.620995 -55.956627 -74.146830 -76.071254 -90.429286 -117.033893 -138.631832 -154.139965 -173.775290 -215.411000 -243.463526 -290.257448 -341.105675 -440.295625 -496.430930 -527.412495 -555.644096 -583.093732 -582.590268 -573.699651 -581.544098 -590.520087 -599.565327 -588.327441 -582.779585 -577.911854 -583.640941 -581.467912 -566.237532 -541.928148 -517.382494 -481.450421 -431.598988 -365.871400 -273.425953 -251.713367 -217.905566 -182.109684 -133.503632 -60.554348 50.907561 79.968375 109.696025 145.239318 164.411413 125.033392 86.838756 38.466204 0.176501 -111.506610 -169.241791 -195.584445 -224.791762 -259.393577 -9999.0 -9999.0 -9999.0 -9999.0 -9999.0 -9999.0 -9999.0
-9999.0 -706.273618 -669.843134 -662.879592 -615.391324 -523.903084 -395.937164 -253.912590 -116.109898 -216.698224 -226.846776 -210.123336 -189.553184 -172.219788 -190.764093 -214.141904 -229.363717 -225.888433 -224.144804 -238.274814 -254.684914 -262.395633 -263.701098 -275.509371 -327.104567 -358.623044 -377.529796 -410.325114 -450.434082 -493.593162 -549.285799 -580.126137 -602.844941 -611.598798 -618.158471 -624.971104 -636.541849 -630.520309 -625.650378 -626.860556 -630.488704 -633.007102 -624.245943 -620.712537 -617.902476 -625.165579 -619.559638 -613.835744 -601.897037 -589.437626 -572.354238 -548.639727 -520.319211 -500.952035 -486.710725 -458.956569 -410.683907 -302.039344 -237.074393 -157.119171 -83.306015 -0.003745 46.861883 82.058255 101.429894 114.017257 119.044912 94.778712 32.659360 -86.833873 -131.399849 -9999.0 -9999.0 -9999.0 -9999.0 -9999.0 -9999.0 -9999.0 -9999.0 -9999.0
-9999.0 -9999.0 -714.803168 -699.107122 -685.729688 -670.052083 -647.920799 -621.038850 -598.580510 -570.117094 -532.065969 -492.200868 -466.682826 -454.829255 -470.509197 -501.483761 -519.716349 -518.692922 -523.772835 -533.744010 -551.066561 -557.297579 -561.694341 -565.254346 -572.885094 -576.217811 -577.762135 -581.105636 -588.375617 -604.161663 -618.359372 -628.699336 -639.562427 -640.066279 -642.122069 -645.775392 -643.203080 -643.918842 -642.895040 -643.269918 -642.327903 -640.512548 -638.145743 -635.027296 -634.557996 -633.596291 -632.282168 -628.752745 -623.312016 -615.915122 -602.686719 -584.364608 -570.528869 -567.043972 -573.516441 -571.518376 -562.143882 -539.898442 -475.844761 -360.930191 -256.492933 -205.272418 -136.074695 -80.921872 -31.936734 -2.453236 51.341126 87.323184 54.296372 -14.687085 -9999.0 -9999.0 -9999.0 -9999.0 -9999.0 -9999.0 -9999.0 -9999.0 -9999.0 -9999.0
-9999.0 -9999.0 -9999.0 -9999.0 -722.044552 -699.555326 -679.818678 -680.887802 -665.598288 -655.108940 -644.906593 -633.104774 -623.311541 -617.477037 -623.598522 -625.042886 -626.597126 -626.006769 -627.671768 -629.328413 -630.191809 -631.448948 -632.930895 -634.561104 -633.981603 -632.480286 -632.187430 -634.957269 -635.613758 -640.749049 -641.925278 -645.416883 -648.762383 -652.299077 -651.898581 -652.261581 -650.921737 -652.456649 -650.133310 -651.232674 -649.282428 -648.219009 -645.700385 -641.770139 -642.570067 -640.327725 -639.955513 -636.932239 -634.890780 -626.289623 -612.788360 -597.530447 -587.257603 -587.444605 -599.457918 -605.017873 -607.847565 -599.689387 -585.188832 -555.974080 -490.240919 -419.897752 -299.274237 -252.821957 -229.372916 -191.139542 -121.258642 -28.949623 -9999.0 -9999.0 -9999.0 -9999.0 -9999.0 -9999.0 -9999.0 -9999.0 -9999.0 -9999.0 -9999.0 -9999.0
-9999.0 -9999.0 -9999.0 -9999.0 -9999.0 -9999.0 -712.253759 -700.880521 -703.930473 -694.440734 -685.686722 -678.689677 -669.044469 -669.347987 -666.383802 -659.486655 -660.402599 -663.806899 -668.007992 -662.023671 -659.266342 -658.843144 -665.557884 -663.829799 -663.049215 -660.524075 -660.778648 -659.869808 -665.492040 -659.050215 -656.049134 -657.560055 -659.041738 -658.063508 -659.504178 -655.538680 -655.068759 -658.298528 -659.202501 -654.406373 -652.823309 -653.207636 -651.958309 -648.320683 -643.317434 -642.297998 -644.171856 -646.676066 -641.151647 -628.718061 -614.375300 -601.549093 -593.230915 -590.822399 -601.395947 -615.602647 -622.820814 -623.424741 -616.742141 -604.046485 -576.477429 -557.202366 -541.871412 -524.408598 -503.192585 -409.728832 -9999.0 -9999.0 -9999.0 -9999.0 -9999.0 -9999.0 -9999.0 -9999.0 -9999.0 -9999.0 -9999.0 -9999.0 -9999.0 -9999.0
-9999.0 -9999.0 -9999.0 -9999.0 -9999.0 -9999.0 -9999.0 -9999.0 -9999.0 -9999.0 -9999.0 -9999.0 -9999.0 -9999.0 -9999.0 -9999.0 -9999.0 -9999.0 -9999.0 -9999.0 -9999.0 -9999.0 -9999.0 -9999.0 -9999.0 -9999.0 -9999.0 -9999.0 -9999.0 -9999.0 -9999.0 -9999.0 -9999.0 -9999.0 -9999.0 -9999.0 -9999.0 -9999.0 -9999.0 -9999.0 -9999.0 -9999.0 -9999.0 -9999.0 -9999.0 -9999.0 -9999.0 -9999.0 -9999.0 -9999.0 -9999.0 -9999.0 -9999.0 -9999.0 -9999.0 -9999.0 -9999.0 -9999.0 -9999.0 -9999.0 -9999.0 -9999.0 -9999.0 -9999.0 -9999.0 -9999.0 -9999.0 -9999.0 -9999.0 -9999.0 -9999.0 -9999.0 -9999.0 -9999.0 -9999.0 -9999.0 -9999.0 -9999.0 -9999.0 -9999.0
-9999.0 -9999.0 -9999.0 -9999.0 -9999.0 -9999.0 -9999.0 -9999.0 -9999.0 -9999.0 -9999.0 -9999.0 -9999.0 -9999.0 -9999.0 -9999.0 -9999.0 -9999.0 -9999.0 -9999.0 -9999.0 -9999.0 -9999.0 -9999.0 -9999.0 -9999.0 -9999.0 -9999.0 -9999.0 -9999.0 -9999.0 -9999.0 -9999.0 -9999.0 -9999.0 -9999.0 -9999.0 -9999.0 -9999.0 -9999.0 -9999.0 -9999.0 -9999.0 -9999.0 -9999.0 -9999.0 -9999.0 -9999.0 -9999.0 -9999.0 -9999.0 -9999.0 -9999.0 -9999.0 -9999.0 -9999.0 -9999.0 -9999.0 -9999.0 -9999.0 -9999.0 -9999.0 -9999.0 -9999.0 -9999.0 -9999.0 -9999.0 -9999.0 -9999.0 -9999.0 -9999.0 -9999.0 -9999.0 -9999.0 -9999.0 -9999.0 -9999.0 -9999.0 -9999.0 -9999.0