Borden_/Borden1m_014/output_maps/psiliqL0011N0012.asc
ncols         80
nrows         18
xllcorner     620200.000000
yllcorner     5168000.000000
cellsize      1.000000
NODATA_value  -9999.0
-9999.0 -9999.0 -9999.0 -9999.0 -9999.0 -9999.0 -9999.0 -9999.0 -9999.0 -9999.0 -9999.0 -9999.0 -9999.0 -9999.0 -9999.0 -9999.0 -9999.0 -9999.0 -9999.0 -9999.0 -9999.0 -9999.0 -9999.0 -9999.0 -9999.0 -9999.0 -9999.0 -9999.0 -9999.0 -9999.0 -9999.0 -9999.0 -9999.0 -9999.0 -9999.0 -9999.0 -9999.0 -9999.0 -9999.0 -9999.0 -9999.0 -9999.0 -9999.0 -9999.0 -9999.0 -9999.0 -9999.0 -9999.0 -9999.0 -9999.0 -9999.0 -9999.0 -9999.0 -9999.0 -9999.0 -9999.0 -9999.0 -9999.0 -9999.0 -9999.0 -9999.0 -9999.0 -9999.0 -9999.0 -9999.0 -9999.0 -9999.0 -9999.0 -9999.0 -9999.0 -9999.0 -9999.0 -9999.0 -9999.0 -9999.0 -9999.0 -9999.0 -9999.0 -9999.0 -9999.0
-9999.0 -9999.0 -9999.0 -9999.0 -9999.0 -9999.0 -9999.0 -9999.0 -9999.0 -9999.0 -9999.0 -9999.0 -9999.0 -9999.0 -9999.0 -9999.0 -9999.0 -9999.0 -9999.0 -9999.0 -9999.0 -9999.0 -9999.0 -9999.0 -9999.0 -9999.0 -9999.0 -9999.0 -9999.0 -9999.0 -9999.0 -9999.0 -9999.0 -9999.0 -9999.0 -9999.0 -9999.0 -9999.0 -9999.0 -9999.0 -9999.0 -9999.0 -9999.0 -9999.0 -9999.0 -9999.0 -9999.0 -9999.0 -9999.0 -9999.0 -9999.0 -9999.0 -9999.0 -9999.0 -9999.0 -9999.0 -9999.0 -9999.0 -9999.0 -9999.0 -9999.0 -9999.0 -9999.0 -9999.0 -9999.0 -9999.0 -9999.0 -9999.0 -9999.0 -9999.0 -9999.0 -9999.0 -9999.0 -9999.0 -9999.0 -9999.0 -9999.0 -9999.0 -9999.0 -9999.0
-9999.0 -9999.0 -9999.0 -9999.0 -9999.0 -9999.0 -9999.0 -9999.0 -9999.0 -9999.0 -9999.0 -9999.0 -9999.0 -9999.0 -9999.0 -9999.0 -9999.0 -9999.0 -9999.0 -9999.0 337.263129 340.242279 318.130850 284.658647 257.008816 259.769437 295.320391 337.134664 375.703992 386.270769 368.856270 371.745070 368.390579 369.614020 374.144546 381.950360 386.430122 398.408178 407.083250 406.678552 400.317213 394.651506 393.981412 397.117831 402.241862 392.468169 406.357749 421.638780 427.033904 420.879185 392.087357 374.490802 364.334158 348.120066 371.589678 382.800251 404.703364 408.073679 405.903680 378.333472 347.887832 -9999.0 -9999.0 -9999.0 -9999.0 -9999.0 -9999.0 -9999.0 -9999.0 -9999.0 -9999.0 -9999.0 -9999.0 -9999.0 -9999.0 -9999.0 -9999.0 -9999.0 -9999.0 -9999.0
-9999.0 -9999.0 -9999.0 -9999.0 -9999.0 -9999.0 -9999.0 -9999.0 -9999.0 -9999.0 -9999.0 -9999.0 -9999.0 -9999.0 245.275729 235.624901 233.076124 241.996228 276.254186 306.955665 319.699261 312.637873 313.169919 290.266722 270.841650 286.187761 316.923925 349.202734 383.887481 404.447642 393.008173 391.896216 404.668167 435.165228 452.191257 451.579914 432.597079 456.420271 472.569942 481.173892 479.817261 470.805296 484.159498 499.881499 493.007632 476.014980 481.096079 493.404986 506.401480 490.491789 423.267389 398.996643 392.500592 384.152544 369.220772 361.438607 385.047838 384.379651 375.231957 356.574492 323.489937 278.874321 260.167360 298.321749 342.115544 399.445284 -9999.0 -9999.0 -9999.0 -9999.0 -9999.0 -9999.0 -9999.0 -9999.0 -9999.0 -9999.0 -9999.0 -9999.0 -9999.0 -9999.0
-9999.0 -9999.0 -9999.0 -9999.0 -9999.0 -9999.0 -9999.0 -9999.0 -9999.0 187.529450 191.727278 199.119989 201.406583 217.308078 215.551046 222.987081 230.988847 258.139039 290.094136 326.343570 356.285720 347.704909 349.046669 361.652536 369.471627 385.634840 409.489073 451.019296 492.007239 533.087287 505.332882 505.782348 531.969939 594.300283 638.339889 650.271947 634.492507 642.107510 667.017209 688.621986 686.187000 682.894151 706.251482 718.951687 721.857290 703.836418 691.813022 693.038111 718.280147 664.608381 591.640210 525.527628 520.935384 487.191260 445.622822 421.638419 415.050097 433.624748 416.835817 378.323919 340.730425 329.212520 311.131198 326.988597 348.757674 394.859802 433.095582 461.206949 460.730254 443.054877 -9999.0 -9999.0 -9999.0 -9999.0 -9999.0 -9999.0 -9999.0 -9999.0 -9999.0 -9999.0
-9999.0 -9999.0 -9999.0 -9999.0 -9999.0 -9999.0 108.661687 117.955881 138.138405 143.460918 168.503453 176.259839 197.143927 216.924434 238.650251 256.378064 287.889361 321.796264 364.929634 411.645291 447.256012 444.738977 456.720563 492.472078 542.079025 586.533206 618.492742 659.255157 733.479919 773.744057 784.093834 793.929505 820.722847 914.278394 994.881832 1015.227263 1000.054807 987.880896 1004.073322 1032.749220 1034.511712 1032.767120 1039.019810 1045.622309 1069.300636 1064.229696 1033.606237 1024.288143 1022.508112 1006.332176 933.315711 825.783856 771.498085 718.238945 634.554547 571.627151 561.961355 571.167023 537.215536 481.015151 436.414230 421.912850 404.181641 388.391626 392.510778 410.538440 432.452302 442.961350 429.637810 408.304373 384.940773 355.659671 356.939139 381.942203 -9999.0 -9999.0 -9999.0 -9999.0 -9999.0 -9999.0
-9999.0 -9999.0 -9999.0 -9999.0 58.704262 71.490535 59.775625 84.280681 116.885032 150.884269 183.558652 221.386272 249.304989 280.371323 323.497126 363.123906 408.468003 446.183648 505.982802 585.053581 648.422532 678.686017 695.937113 760.701573 844.603803 940.572035 976.811210 1001.869532 1033.094790 1080.287569 1101.127715 1107.856251 1130.416453 1175.571120 1222.828458 1254.307584 1241.867012 1237.625509 1241.796975 1248.596813 1267.209172 1265.955300 1266.259426 1267.091626 1270.349984 1272.380718 1256.011801 1230.794974 1221.509981 1213.248060 1183.868742 1109.735337 1069.359942 1044.409176 1016.652674 956.884549 850.807209 812.679857 749.152854 690.182281 619.748809 582.666673 542.969008 511.967926 477.401333 475.164062 475.903623 454.089691 421.525626 388.455457 372.553706 353.006793 341.785832 371.181872 388.432932 418.879868 -9999.0 -9999.0 -9999.0 -9999.0
-9999.0 -9999.0 -0.152702 49.431484 106.123546 115.342615 117.454690 123.439126 151.624509 203.734137 282.450925 336.849102 382.547180 417.218370 482.794400 577.334075 657.129372 709.056418 777.429934 875.370976 968.695022 1009.545997 1024.653370 1058.492027 1112.230708 1179.052365 1207.159358 1228.285483 1249.098491 1271.803972 1284.623764 1298.525561 1307.487885 1310.959920 1315.420952 1316.167062 1314.851529 1312.946962 1297.541709 1294.724843 1300.451002 1303.270603 1305.489018 1293.274863 1289.652685 1302.838888 1307.447246 1309.868750 1312.392971 1319.820772 1324.008730 1287.120796 1247.487770 1236.378895 1229.812119 1187.261266 1120.051464 1078.530204 1060.766037 1023.936924 939.420554 845.423057 773.864680 713.338170 646.806692 605.657701 553.500513 507.560968 459.110117 411.586900 386.282368 366.394504 362.740445 362.056595 377.486040 392.562028 407.654547 415.312991 -9999.0 -9999.0
-9999.0 -101.019174 -28.278930 99.219590 179.635099 226.322894 265.660624 293.874683 321.302867 343.215339 453.996449 562.189257 655.956417 693.509340 758.129286 897.652067 999.724869 1041.763602 1076.562706 1132.716175 1193.491179 1235.451131 1257.694416 1274.993598 1305.976781 1315.667086 1318.537856 1320.180849 1313.538371 1303.881543 1292.982152 1299.217076 1297.279007 1280.824826 1265.388391 1262.116017 1259.163560 1241.809882 1221.197840 1211.434019 1215.152661 1235.264437 1225.638946 1208.376778 1205.119990 1222.663961 1238.144495 1231.299199 1222.147220 1238.909619 1270.126476 1287.289426 1299.198674 1313.777627 1332.453718 1306.675574 1276.422263 1241.861028 1228.952448 1207.343989 1156.925321 1093.197396 1039.358296 971.232506 868.306020 776.947768 701.750000 628.425066 556.458398 511.889851 475.880365 420.718314 395.424954 394.906335 384.596521 381.153463 386.995588 393.175911 -9999.0 -9999.0
-9999.0 -176.524123 -33.099657 153.302271 303.709021 371.459161 494.977619 581.371717 608.979897 586.498755 702.315241 954.405373 1051.657098 1065.841650 1131.536525 1218.462126 1247.358207 1275.678344 1294.712644 1298.788903 1302.388534 1308.398419 1304.519282 1298.042057 1285.761699 1281.154541 1283.204144 1283.604512 1270.472852 1253.299185 1234.538006 1230.127123 1214.692420 1174.844544 1135.703825 1112.737925 1098.163709 1083.206414 1057.623206 1037.808266 1027.298176 1044.332459 1037.403972 1022.586994 1018.812154 1037.462307 1065.494211 1060.459116 1068.581136 1094.480720 1142.533874 1179.902561 1197.864201 1221.408410 1251.042371 1287.608694 1302.618761 1323.604779 1329.015623 1309.707179 1272.812934 1229.482491 1203.880382 1151.653171 1081.511829 1006.146131 930.215824 828.542701 744.445241 686.954463 623.087828 553.174900 488.480191 457.571007 415.787413 394.213032 -9999.0 -9999.0 -9999.0 -9999.0
-9999.0 -248.040907 -57.365536 207.239410 480.577788 624.040409 873.496653 1005.685960 1057.340217 1116.565653 1120.724955 1246.818569 1276.890592 1269.506527 1260.788692 1264.990942 1279.233547 1282.131051 1277.507127 1267.484013 1257.619291 1252.771783 1250.818006 1244.982624 1236.510642 1226.717865 1219.306714 1212.889877 1183.298437 1150.254665 1104.693966 1085.094796 1049.115893 954.896329 881.405171 822.212663 757.092163 749.083746 742.057458 715.322830 697.627117 680.725256 700.743813 703.068996 704.225438 708.945803 726.965137 749.154554 797.539332 851.571327 938.818124 1003.844255 1036.772310 1076.706932 1123.139781 1179.440889 1208.504516 1234.597004 1274.769369 1308.850010 1330.433115 1322.066795 1297.706528 1264.030032 1208.805275 1158.447751 1119.335013 1050.159025 990.463402 925.145006 832.311890 744.952029 653.905416 550.537723 504.269969 -9999.0 -9999.0 -9999.0 -9999.0 -9999.0
-9999.0 -413.690194 -145.083594 150.692865 486.569937 850.845424 989.423345 1121.912652 1195.167804 1159.757949 1161.082099 1180.921652 1215.700066 1221.267159 1205.415411 1202.025429 1194.594719 1193.926195 1203.186961 1172.752528 1133.213807 1114.428629 1111.837738 1101.153504 1081.870702 1069.326913 1061.729868 1047.709899 1004.330734 941.169566 816.284730 772.168892 692.647771 626.870697 571.281163 514.644613 459.945807 457.654923 474.282370 459.195217 437.544311 419.349191 445.427096 461.935231 473.293316 462.715025 471.625394 507.442694 558.601527 607.834058 669.812368 731.070118 781.334900 840.703974 898.773688 981.304360 1035.479286 1082.332865 1157.912986 1227.241712 1256.512074 1286.274219 1319.699052 1338.157017 1296.079658 1258.590264 1224.068092 1182.081568 1119.579905 1082.971903 1042.673193 966.287636 859.048253 -9999.0 -9999.0 -9999.0 -9999.0 -9999.0 -9999.0 -9999.0
-9999.0 -544.654697 -318.015162 -75.948498 222.047661 470.137808 662.647539 798.144455 910.170725 945.019849 975.234607 1003.329438 1028.829393 1048.457791 1030.525175 999.876423 976.500114 979.181263 970.710446 928.140287 856.655427 822.550240 814.894961 804.821633 777.173108 761.744585 751.648035 729.859525 694.301010 633.442069 539.746861 463.806462 399.684201 363.421032 330.475902 295.233649 256.571712 266.841341 280.973529 277.059909 265.590351 261.865902 291.526617 310.283046 320.334390 307.608875 326.259284 353.303380 395.655915 439.387204 490.321546 546.678189 601.311145 635.095653 658.904097 698.416129 747.988855 820.350172 949.332900 1053.431245 1130.870001 1180.303208 1226.780798 1258.465387 1274.613552 1296.240045 1281.993216 1215.565127 1113.480609 1141.351676 1148.084879 -9999.0 -9999.0 -9999.0 -9999.0 -9999.0 -9999.0 -9999.0 -9999.0 -9999.0
-9999.0 -9999.0 -554.250323 -369.073847 -216.540871 -30.611314 122.480459 235.574927 324.822341 430.930352 531.558933 610.459269 651.523868 667.946622 652.890249 617.297180 593.574916 592.170930 578.857184 558.259711 523.716577 508.383810 495.793784 486.754989 474.176474 467.554540 462.479704 451.389742 428.486638 379.822647 325.270861 271.132236 215.837019 189.740026 166.990283 144.121060 141.035406 138.600733 145.230667 146.713180 152.695143 164.807744 185.448156 207.008632 216.472563 223.966833 236.398918 260.061821 293.381943 335.250275 388.757446 445.540618 484.681103 498.086424 491.190496 500.521429 526.189963 577.433758 676.140903 776.687580 901.661562 1000.890908 1078.851368 1137.596247 1165.885972 1188.774458 1210.065931 1144.756738 779.896613 1060.390802 -9999.0 -9999.0 -9999.0 -9999.0 -9999.0 -9999.0 -9999.0 -9999.0 -9999.0 -9999.0
-9999.0 -9999.0 -9999.0 -9999.0 -513.099704 -356.706852 -261.109076 -177.462460 -51.466626 63.232353 160.115303 239.394016 295.491979 320.112703 311.258991 309.205785 301.700899 296.290247 285.698286 279.158364 272.004923 262.315559 249.078678 241.144699 240.826558 244.865251 242.848456 229.719814 213.156701 187.026860 163.413612 127.791592 90.572733 61.077494 47.812680 41.168962 41.284916 35.461633 44.896290 51.669334 66.765027 82.262501 106.315653 134.875147 147.769613 162.038347 171.656840 192.298725 222.339035 275.274572 337.964768 394.407946 428.659602 432.457173 407.149175 392.121122 389.932414 420.232237 471.018968 545.912449 658.409566 745.434844 822.831701 903.277090 976.465294 1039.277921 1115.892076 1149.264664 -9999.0 -9999.0 -9999.0 -9999.0 -9999.0 -9999.0 -9999.0 -9999.0 -9999.0 -9999.0 -9999.0 -9999.0
-9999.0 -9999.0 -9999.0 -9999.0 -9999.0 -9999.0 -565.563474 -469.317082 -384.283148 -255.723002 -136.212469 -40.421751 35.857218 62.963860 83.149275 106.829706 102.705086 84.658074 66.533073 82.845602 92.707011 86.770200 58.080594 56.764914 60.706038 69.929293 68.657685 62.631873 37.820459 46.879013 45.916758 22.666244 -3.470914 -17.740636 -29.351494 -19.430321 -18.683569 -31.379408 -29.344946 -2.990047 16.944828 30.386488 52.774234 85.978677 118.044950 132.493769 133.447937 139.517226 180.472941 250.524667 321.019390 374.749042 405.652319 412.869186 384.519873 343.633939 322.361270 329.563902 365.393638 420.606855 500.662521 555.840170 593.877420 627.287749 668.332022 768.697110 -9999.0 -9999.0 -9999.0 -9999.0 -9999.0 -9999.0 -9999.0 -9999.0 -9999.0 -9999.0 -9999.0 -9999.0 -9999.0 -9999.0
-9999.0 -9999.0 -9999.0 -9999.0 -9999.0 -9999.0 -9999.0 -9999.0 -9999.0 -9999.0 -9999.0 -9999.0 -9999.0 -9999.0 -9999.0 -9999.0 -9999.0 -9999.0 -9999.0 -9999.0 -9999.0 -9999.0 -9999.0 -9999.0 -9999.0 -9999.0 -9999.0 -9999.0 -9999.0 -9999.0 -9999.0 -9999.0 -9999.0 -9999.0 -9999.0 -9999.0 -9999.0 -9999.0 -9999.0 -9999.0 -9999.0 -9999.0 -9999.0 -9999.0 -9999.0 -9999.0 -9999.0 -9999.0 -9999.0 -9999.0 -9999.0 -9999.0 -9999.0 -9999.0 -9999.0 -9999.0 -9999.0 -9999.0 -9999.0 -9999.0 -9999.0 -9999.0 -9999.0 -9999.0 -9999.0 -9999.0 -9999.0 -9999.0 -9999.0 -9999.0 -9999.0 -9999.0 -9999.0 -9999.0 -9999.0 -9999.0 -9999.0 -9999.0 -9999.0 -9999.0
-9999.0 -9999.0 -9999.0 -9999.0 -9999.0 -9999.0 -9999.0 -9999.0 -9999.0 -9999.0 -9999.0 -9999.0 -9999.0 -9999.0 -9999.0 -9999.0 -9999.0 -9999.0 -9999.0 -9999.0 -9999.0 -9999.0 -9999.0 -9999.0 -9999.0 -9999.0 -9999.0 -9999.0 -9999.0 -9999.0 -9999.0 -9999.0 -9999.0 -9999.0 -9999.0 -9999.0 -9999.0 -9999.0 -9999.0 -9999.0 -9999.0 -9999.0 -9999.0 -9999.0 -9999.0 -9999.0 -9999.0 -9999.0 -9999.0 -9999.0 -9999.0 -9999.0 -9999.0 -9999.0 -9999.0 -9999.0 -9999.0 -9999.0 -9999.0 -9999.0 -9999.0 -9999.0 -9999.0 -9999.0 -9999.0 -9999.0 -9999.0 -9999.0 -9999.0 -9999.0 -9999.0 -9999.0 -9999.0 -9999.0 -9999.0 -9999.0 -9999.0 -9999.0 -9999.0 -9999.0