Borden_/Borden1m_014/output_maps/psiliqL0010N0039.asc
ncols         80
nrows         18
xllcorner     620200.000000
yllcorner     5168000.000000
cellsize      1.000000
NODATA_value  -9999.0
-9999.0 -9999.0 -9999.0 -9999.0 -9999.0 -9999.0 -9999.0 -9999.0 -9999.0 -9999.0 -9999.0 -9999.0 -9999.0 -9999.0 -9999.0 -9999.0 -9999.0 -9999.0 -9999.0 -9999.0 -9999.0 -9999.0 -9999.0 -9999.0 -9999.0 -9999.0 -9999.0 -9999.0 -9999.0 -9999.0 -9999.0 -9999.0 -9999.0 -9999.0 -9999.0 -9999.0 -9999.0 -9999.0 -9999.0 -9999.0 -9999.0 -9999.0 -9999.0 -9999.0 -9999.0 -9999.0 -9999.0 -9999.0 -9999.0 -9999.0 -9999.0 -9999.0 -9999.0 -9999.0 -9999.0 -9999.0 -9999.0 -9999.0 -9999.0 -9999.0 -9999.0 -9999.0 -9999.0 -9999.0 -9999.0 -9999.0 -9999.0 -9999.0 -9999.0 -9999.0 -9999.0 -9999.0 -9999.0 -9999.0 -9999.0 -9999.0 -9999.0 -9999.0 -9999.0 -9999.0
-9999.0 -9999.0 -9999.0 -9999.0 -9999.0 -9999.0 -9999.0 -9999.0 -9999.0 -9999.0 -9999.0 -9999.0 -9999.0 -9999.0 -9999.0 -9999.0 -9999.0 -9999.0 -9999.0 -9999.0 -9999.0 -9999.0 -9999.0 -9999.0 -9999.0 -9999.0 -9999.0 -9999.0 -9999.0 -9999.0 -9999.0 -9999.0 -9999.0 -9999.0 -9999.0 -9999.0 -9999.0 -9999.0 -9999.0 -9999.0 -9999.0 -9999.0 -9999.0 -9999.0 -9999.0 -9999.0 -9999.0 -9999.0 -9999.0 -9999.0 -9999.0 -9999.0 -9999.0 -9999.0 -9999.0 -9999.0 -9999.0 -9999.0 -9999.0 -9999.0 -9999.0 -9999.0 -9999.0 -9999.0 -9999.0 -9999.0 -9999.0 -9999.0 -9999.0 -9999.0 -9999.0 -9999.0 -9999.0 -9999.0 -9999.0 -9999.0 -9999.0 -9999.0 -9999.0 -9999.0
-9999.0 -9999.0 -9999.0 -9999.0 -9999.0 -9999.0 -9999.0 -9999.0 -9999.0 -9999.0 -9999.0 -9999.0 -9999.0 -9999.0 -9999.0 -9999.0 -9999.0 -9999.0 -9999.0 -9999.0 138.428689 141.490064 119.287707 85.805085 58.067102 60.696727 96.292701 138.325189 177.383918 188.666425 171.423742 173.903450 169.778922 170.191428 173.910962 180.853422 184.587496 196.765541 206.230484 206.974318 201.717519 196.871353 196.741286 200.408206 205.313229 195.069490 207.887311 222.397750 227.401734 220.617973 191.388212 173.931643 164.105626 148.066622 171.446398 182.856432 205.059401 208.657653 206.600174 178.916387 148.403896 -9999.0 -9999.0 -9999.0 -9999.0 -9999.0 -9999.0 -9999.0 -9999.0 -9999.0 -9999.0 -9999.0 -9999.0 -9999.0 -9999.0 -9999.0 -9999.0 -9999.0 -9999.0 -9999.0
-9999.0 -9999.0 -9999.0 -9999.0 -9999.0 -9999.0 -9999.0 -9999.0 -9999.0 -9999.0 -9999.0 -9999.0 -9999.0 -9999.0 46.671446 36.979196 34.475007 43.502191 77.775407 108.302201 120.967191 113.848510 114.365306 91.481362 71.955799 86.928739 117.513442 150.445002 186.499151 208.571813 197.358589 195.789795 207.381040 236.069548 251.995749 250.408115 230.127217 254.112348 272.163571 283.552582 284.616383 277.316696 292.636806 309.470364 302.324622 283.441026 285.597912 295.990729 308.297381 290.624219 222.247064 198.714014 192.965259 184.351804 169.010945 161.088618 185.020690 184.858129 175.709896 156.881049 123.805700 79.338835 60.787819 98.784207 142.615419 200.160851 -9999.0 -9999.0 -9999.0 -9999.0 -9999.0 -9999.0 -9999.0 -9999.0 -9999.0 -9999.0 -9999.0 -9999.0 -9999.0 -9999.0
-9999.0 -9999.0 -9999.0 -9999.0 -9999.0 -9999.0 -9999.0 -9999.0 -9999.0 -11.713907 -7.552940 -0.011524 2.394244 18.488326 16.942606 24.480732 32.832848 60.000626 91.969592 128.079418 157.956677 149.356582 150.959121 163.960122 171.484333 186.099996 209.689152 253.721933 299.545170 345.069182 318.453284 317.967370 339.854959 393.119698 434.170973 445.072624 426.458855 433.512806 463.178653 492.143689 496.912565 497.756954 523.933592 537.988934 541.435058 520.120302 499.392305 494.731104 516.947609 460.530066 387.289823 328.046827 325.490871 290.127521 245.504617 220.317584 215.264011 235.205908 218.062482 178.679815 140.562313 129.352494 111.507803 127.164542 148.953592 195.206616 233.457047 261.643978 261.129321 243.246711 -9999.0 -9999.0 -9999.0 -9999.0 -9999.0 -9999.0 -9999.0 -9999.0 -9999.0 -9999.0
-9999.0 -9999.0 -9999.0 -9999.0 -9999.0 -9999.0 -90.950475 -81.733708 -61.551403 -55.908897 -30.817567 -22.718054 -1.478330 18.657137 40.470875 58.579214 90.790962 125.163292 168.664181 215.404953 251.064860 249.575173 263.142340 300.116236 346.571066 382.586575 412.399281 458.865559 542.457280 591.415710 605.674693 612.578580 622.966528 669.995471 733.152137 750.183116 730.972327 717.781309 739.580464 780.115942 798.902719 803.878395 813.184473 821.877349 846.747710 835.883543 786.195650 764.094836 755.613238 739.453928 681.125760 616.522590 573.796562 519.898238 431.281944 366.165776 363.827107 377.067978 341.898926 283.059516 236.302608 222.326167 204.950875 188.907916 192.736409 210.637212 232.496153 242.762605 229.186359 207.677894 184.038353 154.843841 156.306373 181.549507 -9999.0 -9999.0 -9999.0 -9999.0 -9999.0 -9999.0
-9999.0 -9999.0 -9999.0 -9999.0 -141.014735 -128.298378 -139.784836 -115.412373 -82.759793 -48.621212 -15.339859 23.238039 51.955158 83.578702 127.270097 167.824598 215.731255 255.520654 315.958138 392.288729 452.804086 485.666173 507.822835 571.686257 634.508272 687.446071 709.601279 739.379472 785.709956 854.875974 884.865591 892.398209 908.785842 940.029456 981.564985 1013.580224 997.778125 993.123745 999.996141 1012.588049 1039.712914 1042.701327 1044.903381 1046.341482 1049.193561 1047.863072 1022.445743 987.832267 971.485404 960.124847 935.668465 869.858579 818.994799 785.495700 754.345851 703.465619 633.735912 610.106612 550.144079 488.708580 414.613185 383.130808 345.583069 314.442853 279.387657 276.307968 275.869507 253.102022 219.959820 186.598259 170.790467 151.595080 140.901748 170.637185 188.206857 219.002176 -9999.0 -9999.0 -9999.0 -9999.0
-9999.0 -9999.0 -199.787765 -150.008168 -93.567938 -84.408585 -81.934313 -75.715571 -47.218550 5.370319 85.742055 141.903429 190.585472 226.560057 292.350969 384.869304 471.872839 527.131663 588.900788 657.933264 721.115299 760.137702 787.423925 829.233808 879.614485 934.094947 960.057872 985.146796 1016.750430 1050.186764 1069.767126 1084.949868 1091.426665 1090.314477 1091.988602 1091.652646 1087.568395 1083.106891 1066.737770 1064.829598 1073.186558 1077.833329 1080.637352 1067.944164 1063.896387 1076.301036 1078.078821 1076.674239 1075.918872 1082.533288 1089.669455 1055.305487 1007.990208 991.609671 982.421247 940.450079 875.919495 825.253818 800.451916 757.475928 677.221924 621.123006 566.638743 511.164593 450.223327 409.054082 353.957100 306.051877 255.880247 207.874137 183.025846 163.878789 161.082503 161.164677 177.038785 192.478074 207.785716 215.553811 -9999.0 -9999.0
-9999.0 -299.946380 -227.199799 -99.597474 -19.606186 26.764184 66.838257 97.149665 126.007249 147.740416 262.374955 374.965624 475.395312 514.105283 570.421734 671.947151 773.553318 818.668818 852.776919 902.542549 956.572297 1002.126720 1032.489036 1056.658155 1086.381633 1091.094771 1091.901359 1093.256774 1087.910898 1080.825629 1071.580197 1078.265217 1075.232722 1057.350093 1041.574672 1037.483941 1029.500358 1005.768330 979.364653 966.209387 970.200990 992.122372 981.394669 961.373171 957.660020 977.811697 994.872687 986.181422 973.509900 990.049103 1026.333242 1048.430935 1062.346145 1077.370090 1097.692887 1073.985536 1042.103408 1000.658757 981.331367 951.002669 886.838928 822.330641 766.810353 702.901392 634.024850 561.096795 491.963948 423.302848 349.469479 304.637253 270.462422 217.019572 193.102602 193.670405 183.906987 180.865509 187.042808 193.358092 -9999.0 -9999.0
-9999.0 -373.943198 -230.442668 -44.090164 105.297455 171.115698 290.557268 382.692881 418.934901 398.638514 516.772927 744.330081 834.137897 849.017844 914.791432 994.787665 1028.357121 1057.824084 1076.476078 1077.717112 1078.592388 1085.233116 1084.076554 1078.092081 1064.358007 1056.840591 1055.724083 1052.173428 1032.865818 1012.887539 995.119153 990.979407 973.485654 932.908906 898.466694 879.137088 859.516418 836.398823 802.317367 776.515433 763.815292 782.117474 773.144420 755.336461 751.512929 774.362721 806.712092 801.122967 806.500778 828.890079 871.824969 917.118368 941.329746 970.611257 1007.472049 1050.626587 1068.557471 1088.880872 1093.936712 1071.505918 1027.574851 975.784567 940.200762 871.208936 794.854207 712.850213 646.804920 583.534835 512.422850 461.853665 409.382341 347.121018 286.568371 256.861804 215.504596 193.782723 -9999.0 -9999.0 -9999.0 -9999.0
-9999.0 -443.295111 -252.122674 13.202301 282.032783 416.101477 619.080068 754.614987 826.170837 882.776119 904.672889 1024.133465 1052.105766 1044.976311 1033.403440 1035.075208 1049.363867 1052.980380 1048.699079 1037.569452 1026.440140 1021.003929 1021.347453 1014.285466 1002.116208 987.250148 974.007547 959.189546 914.597033 878.995511 845.241671 829.832015 793.598062 703.419641 658.844837 624.341423 568.995956 559.021390 547.733512 518.010780 498.440402 481.548701 500.548616 501.596189 502.802251 509.897775 530.229626 551.486455 594.586447 631.389622 677.259910 731.814604 767.163402 811.384523 861.210444 923.334235 956.450934 986.289020 1032.373585 1072.176707 1094.281614 1084.054301 1053.609767 1007.941134 935.891274 859.764446 804.359851 727.170144 660.192448 608.601191 566.488001 517.263137 449.168100 352.063723 305.504524 -9999.0 -9999.0 -9999.0 -9999.0 -9999.0
-9999.0 -604.728752 -336.128003 -39.828940 292.940356 616.990922 733.964265 885.683656 960.643404 909.439077 897.797621 926.670525 966.375342 974.380266 954.514904 946.323899 937.752145 937.536656 948.607587 918.319382 883.872164 868.929459 868.167021 856.314368 833.750838 816.147922 802.549780 781.103675 729.936927 678.801285 600.766942 573.114639 497.570747 429.097812 377.105464 324.229338 269.902349 266.282608 281.079531 263.929554 240.852047 221.825039 247.713477 263.942532 275.464865 265.904440 275.967089 312.914545 365.187040 413.376496 469.835400 530.114064 579.560871 630.879716 666.839522 722.088470 770.419965 817.821998 892.877560 974.826211 1010.366778 1044.476583 1078.359355 1091.632871 1040.077043 984.567599 926.069496 850.673747 756.274533 709.293719 689.154593 659.973864 609.407607 -9999.0 -9999.0 -9999.0 -9999.0 -9999.0 -9999.0 -9999.0
-9999.0 -737.221093 -507.922636 -263.035886 36.029511 279.290609 467.920741 586.421808 673.126448 676.123987 693.406265 725.764950 758.004031 780.740660 758.338670 720.941477 693.491337 696.622169 693.708902 667.221541 635.737005 620.049098 618.143051 610.635177 585.011155 568.470614 555.864752 530.980527 491.689988 430.769107 342.742683 269.656714 205.049118 167.373426 134.824705 100.109209 60.959237 70.710909 84.404166 79.620872 67.334443 63.027325 92.541373 111.135227 121.308339 108.723325 127.698679 155.355564 198.471814 242.623840 293.890120 352.463736 410.779025 446.300627 466.817687 500.782088 546.436128 605.422153 693.800299 790.457081 865.996298 918.376969 968.568151 998.774543 1009.507060 1020.728462 992.660978 898.715347 757.194191 749.139841 752.438302 -9999.0 -9999.0 -9999.0 -9999.0 -9999.0 -9999.0 -9999.0 -9999.0 -9999.0
-9999.0 -9999.0 -745.050947 -556.878166 -400.678058 -213.964354 -60.775393 49.396452 129.921580 224.839843 319.995843 401.742990 447.177366 465.456469 447.621850 406.036335 378.598602 377.613337 367.036747 352.038861 326.950166 316.910122 306.462069 297.915351 284.510428 276.512762 269.924527 257.073752 232.219218 182.550120 128.035767 74.280608 18.737618 -7.557925 -30.349608 -53.394793 -56.952662 -59.346963 -52.862439 -51.736851 -46.232434 -34.411767 -13.739733 7.743185 17.254872 24.685683 37.380804 61.321649 94.934349 136.907178 190.705752 248.426558 288.990360 303.234564 295.903051 304.610367 330.479846 381.258923 476.332170 569.942294 665.057950 736.654041 807.054808 855.222439 868.221304 882.005574 896.805581 812.158155 503.798279 673.416940 -9999.0 -9999.0 -9999.0 -9999.0 -9999.0 -9999.0 -9999.0 -9999.0 -9999.0 -9999.0
-9999.0 -9999.0 -9999.0 -9999.0 -701.018740 -543.151582 -447.927095 -364.060378 -240.760826 -129.528405 -35.348516 43.236745 98.744707 123.332836 113.180128 108.761019 100.467445 95.938525 86.748996 81.540477 76.176154 68.015266 55.872873 47.998475 47.134500 50.401724 47.762582 33.982396 16.976875 -10.228681 -34.425330 -70.155833 -107.535814 -137.067531 -150.394743 -157.307952 -157.270289 -163.068242 -153.705183 -147.232747 -132.339495 -116.934412 -92.938177 -64.508927 -51.723502 -37.408573 -27.603179 -6.668669 23.597286 76.667069 139.416682 196.114272 230.722977 234.680058 208.930404 193.576930 191.441170 221.995902 273.668912 350.185526 462.313641 543.089764 607.578597 654.089031 684.844223 725.938406 766.381536 782.297625 -9999.0 -9999.0 -9999.0 -9999.0 -9999.0 -9999.0 -9999.0 -9999.0 -9999.0 -9999.0 -9999.0 -9999.0
-9999.0 -9999.0 -9999.0 -9999.0 -9999.0 -9999.0 -755.237343 -658.779142 -571.812269 -446.495668 -329.790735 -235.977764 -160.384932 -134.088981 -115.194919 -92.368215 -96.653244 -113.908819 -130.946547 -114.329403 -104.338720 -109.557616 -137.500303 -138.972841 -135.447298 -126.475050 -128.020325 -134.400723 -159.485351 -151.203490 -152.645417 -175.996293 -202.299028 -216.794577 -228.500253 -218.642280 -217.938062 -230.629985 -228.470738 -202.289129 -182.488163 -169.050291 -146.604221 -113.457756 -81.454665 -67.054681 -66.010563 -59.733320 -18.331064 51.982164 122.432819 176.175411 207.190823 214.447646 185.771342 144.621316 123.218847 130.403391 166.365168 222.457551 303.944670 359.104645 394.481976 418.513419 447.278955 541.039402 -9999.0 -9999.0 -9999.0 -9999.0 -9999.0 -9999.0 -9999.0 -9999.0 -9999.0 -9999.0 -9999.0 -9999.0 -9999.0 -9999.0
-9999.0 -9999.0 -9999.0 -9999.0 -9999.0 -9999.0 -9999.0 -9999.0 -9999.0 -9999.0 -9999.0 -9999.0 -9999.0 -9999.0 -9999.0 -9999.0 -9999.0 -9999.0 -9999.0 -9999.0 -9999.0 -9999.0 -9999.0 -9999.0 -9999.0 -9999.0 -9999.0 -9999.0 -9999.0 -9999.0 -9999.0 -9999.0 -9999.0 -9999.0 -9999.0 -9999.0 -9999.0 -9999.0 -9999.0 -9999.0 -9999.0 -9999.0 -9999.0 -9999.0 -9999.0 -9999.0 -9999.0 -9999.0 -9999.0 -9999.0 -9999.0 -9999.0 -9999.0 -9999.0 -9999.0 -9999.0 -9999.0 -9999.0 -9999.0 -9999.0 -9999.0 -9999.0 -9999.0 -9999.0 -9999.0 -9999.0 -9999.0 -9999.0 -9999.0 -9999.0 -9999.0 -9999.0 -9999.0 -9999.0 -9999.0 -9999.0 -9999.0 -9999.0 -9999.0 -9999.0
-9999.0 -9999.0 -9999.0 -9999.0 -9999.0 -9999.0 -9999.0 -9999.0 -9999.0 -9999.0 -9999.0 -9999.0 -9999.0 -9999.0 -9999.0 -9999.0 -9999.0 -9999.0 -9999.0 -9999.0 -9999.0 -9999.0 -9999.0 -9999.0 -9999.0 -9999.0 -9999.0 -9999.0 -9999.0 -9999.0 -9999.0 -9999.0 -9999.0 -9999.0 -9999.0 -9999.0 -9999.0 -9999.0 -9999.0 -9999.0 -9999.0 -9999.0 -9999.0 -9999.0 -9999.0 -9999.0 -9999.0 -9999.0 -9999.0 -9999.0 -9999.0 -9999.0 -9999.0 -9999.0 -9999.0 -9999.0 -9999.0 -9999.0 -9999.0 -9999.0 -9999.0 -9999.0 -9999.0 -9999.0 -9999.0 -9999.0 -9999.0 -9999.0 -9999.0 -9999.0 -9999.0 -9999.0 -9999.0 -9999.0 -9999.0 -9999.0 -9999.0 -9999.0 -9999.0 -9999.0