Borden_/Borden1m_014/output_maps/psiliqL0005N0030.asc
ncols         80
nrows         18
xllcorner     620200.000000
yllcorner     5168000.000000
cellsize      1.000000
NODATA_value  -9999.0
-9999.0 -9999.0 -9999.0 -9999.0 -9999.0 -9999.0 -9999.0 -9999.0 -9999.0 -9999.0 -9999.0 -9999.0 -9999.0 -9999.0 -9999.0 -9999.0 -9999.0 -9999.0 -9999.0 -9999.0 -9999.0 -9999.0 -9999.0 -9999.0 -9999.0 -9999.0 -9999.0 -9999.0 -9999.0 -9999.0 -9999.0 -9999.0 -9999.0 -9999.0 -9999.0 -9999.0 -9999.0 -9999.0 -9999.0 -9999.0 -9999.0 -9999.0 -9999.0 -9999.0 -9999.0 -9999.0 -9999.0 -9999.0 -9999.0 -9999.0 -9999.0 -9999.0 -9999.0 -9999.0 -9999.0 -9999.0 -9999.0 -9999.0 -9999.0 -9999.0 -9999.0 -9999.0 -9999.0 -9999.0 -9999.0 -9999.0 -9999.0 -9999.0 -9999.0 -9999.0 -9999.0 -9999.0 -9999.0 -9999.0 -9999.0 -9999.0 -9999.0 -9999.0 -9999.0 -9999.0
-9999.0 -9999.0 -9999.0 -9999.0 -9999.0 -9999.0 -9999.0 -9999.0 -9999.0 -9999.0 -9999.0 -9999.0 -9999.0 -9999.0 -9999.0 -9999.0 -9999.0 -9999.0 -9999.0 -9999.0 -9999.0 -9999.0 -9999.0 -9999.0 -9999.0 -9999.0 -9999.0 -9999.0 -9999.0 -9999.0 -9999.0 -9999.0 -9999.0 -9999.0 -9999.0 -9999.0 -9999.0 -9999.0 -9999.0 -9999.0 -9999.0 -9999.0 -9999.0 -9999.0 -9999.0 -9999.0 -9999.0 -9999.0 -9999.0 -9999.0 -9999.0 -9999.0 -9999.0 -9999.0 -9999.0 -9999.0 -9999.0 -9999.0 -9999.0 -9999.0 -9999.0 -9999.0 -9999.0 -9999.0 -9999.0 -9999.0 -9999.0 -9999.0 -9999.0 -9999.0 -9999.0 -9999.0 -9999.0 -9999.0 -9999.0 -9999.0 -9999.0 -9999.0 -9999.0 -9999.0
-9999.0 -9999.0 -9999.0 -9999.0 -9999.0 -9999.0 -9999.0 -9999.0 -9999.0 -9999.0 -9999.0 -9999.0 -9999.0 -9999.0 -9999.0 -9999.0 -9999.0 -9999.0 -9999.0 -9999.0 -709.880878 -705.766365 -723.859361 -748.383933 -768.586184 -768.762923 -744.889913 -716.240255 -687.756387 -680.287361 -696.750734 -694.973125 -700.505183 -701.853930 -700.226667 -695.396133 -693.401099 -684.276025 -677.781393 -678.560161 -684.014419 -688.828591 -690.996337 -688.417820 -683.628084 -691.064775 -679.170870 -666.013215 -660.408879 -663.500730 -684.929506 -696.293473 -701.434737 -713.849003 -691.212102 -680.983271 -661.109179 -657.503441 -656.930379 -679.294600 -703.314675 -9999.0 -9999.0 -9999.0 -9999.0 -9999.0 -9999.0 -9999.0 -9999.0 -9999.0 -9999.0 -9999.0 -9999.0 -9999.0 -9999.0 -9999.0 -9999.0 -9999.0 -9999.0 -9999.0
-9999.0 -9999.0 -9999.0 -9999.0 -9999.0 -9999.0 -9999.0 -9999.0 -9999.0 -9999.0 -9999.0 -9999.0 -9999.0 -9999.0 -765.628436 -774.151380 -777.533456 -775.165275 -753.041799 -733.536872 -726.664265 -734.206754 -731.928225 -751.011396 -767.555082 -757.041474 -737.120095 -716.288363 -690.910773 -674.573700 -686.593145 -689.545259 -681.163069 -656.870490 -644.298876 -647.441841 -669.053503 -647.719907 -633.365415 -624.396299 -625.486687 -634.450376 -619.630372 -603.376150 -610.085563 -627.618335 -625.040847 -614.277189 -598.640020 -612.201284 -672.450031 -687.853206 -688.014203 -691.074714 -701.252253 -706.865766 -683.888335 -683.691801 -689.530188 -701.283670 -724.189778 -756.309819 -769.313566 -739.536666 -706.759563 -657.713339 -9999.0 -9999.0 -9999.0 -9999.0 -9999.0 -9999.0 -9999.0 -9999.0 -9999.0 -9999.0 -9999.0 -9999.0 -9999.0 -9999.0
-9999.0 -9999.0 -9999.0 -9999.0 -9999.0 -9999.0 -9999.0 -9999.0 -9999.0 -794.667170 -794.787374 -791.100939 -793.582810 -783.882386 -790.877335 -786.809961 -784.633733 -768.473267 -750.093697 -726.345618 -703.809989 -714.788080 -715.681189 -705.449986 -700.897844 -692.198120 -677.322369 -643.080914 -604.601070 -562.265804 -591.882234 -593.611593 -573.819049 -514.910728 -462.832731 -447.478383 -473.198697 -471.611184 -437.762529 -400.230272 -398.319909 -400.037020 -363.001071 -343.357134 -333.389190 -360.262126 -392.807569 -398.138524 -361.409444 -435.369629 -516.829285 -581.428398 -581.548723 -612.575634 -651.287165 -670.031389 -672.967178 -650.162457 -662.341178 -692.764528 -720.836009 -723.248848 -736.124040 -722.640998 -706.309592 -666.658184 -633.113533 -606.040437 -604.859136 -620.737630 -9999.0 -9999.0 -9999.0 -9999.0 -9999.0 -9999.0 -9999.0 -9999.0 -9999.0 -9999.0
-9999.0 -9999.0 -9999.0 -9999.0 -9999.0 -9999.0 -827.775381 -826.157410 -817.676861 -825.254333 -811.081711 -812.756532 -801.010764 -791.722291 -780.848842 -773.297335 -752.974536 -731.970799 -702.094008 -667.630679 -640.480871 -646.465513 -638.408637 -604.871609 -556.454193 -516.156124 -488.073834 -438.828311 -325.921279 -264.087116 -240.759334 -229.545523 -216.377373 -182.293050 -125.170697 -93.251504 -128.324600 -147.043379 -129.566337 -86.102523 -22.477795 -18.631385 -11.767137 -4.207960 21.431838 13.108959 -79.694862 -109.621437 -119.194264 -130.132441 -174.470900 -223.011082 -282.489535 -350.753072 -464.024594 -535.898767 -544.711641 -530.990840 -564.595122 -616.010164 -653.768307 -660.088473 -670.556719 -682.698963 -676.982616 -659.990238 -638.126892 -626.398902 -636.416047 -652.841081 -670.042940 -693.939883 -691.525652 -669.185531 -9999.0 -9999.0 -9999.0 -9999.0 -9999.0 -9999.0
-9999.0 -9999.0 -9999.0 -9999.0 -856.060965 -848.306971 -866.017836 -851.885278 -837.134425 -822.813064 -811.575862 -790.587619 -777.432198 -759.835274 -731.078936 -704.390161 -669.684438 -641.453745 -589.482437 -512.521785 -443.706983 -402.691408 -374.599735 -283.176389 -211.997355 -170.172322 -155.002681 -129.320180 -79.409769 28.140276 56.684352 64.253585 59.336967 103.332202 128.576910 177.674568 161.006496 155.287907 157.391356 166.374632 192.427990 193.607948 194.997214 195.253842 197.347181 198.304966 175.808179 144.275266 131.551115 120.735301 80.833580 43.017734 -46.357515 -85.904859 -113.373152 -153.664520 -210.817778 -237.529271 -313.252386 -393.074011 -488.208308 -523.184783 -559.721052 -584.949181 -614.453675 -611.606869 -606.242519 -622.891424 -648.089435 -674.085621 -683.603386 -697.402596 -706.400880 -679.311711 -665.013142 -636.470474 -9999.0 -9999.0 -9999.0 -9999.0
-9999.0 -9999.0 -868.866157 -858.404848 -831.576862 -836.915180 -840.938110 -845.913497 -834.462160 -805.235828 -753.666485 -720.087708 -685.257376 -662.795797 -608.441562 -515.410613 -415.249602 -341.018691 -258.601570 -196.437060 -144.811383 -102.765627 -34.544149 7.305102 53.404104 98.902467 98.560767 141.414487 169.505655 199.165399 223.542079 239.725109 243.792183 239.210342 238.878102 237.377733 235.722386 231.290152 214.250204 212.229424 219.692409 222.082754 225.510651 213.298879 209.511003 221.832758 223.578367 223.712941 225.539505 232.868304 242.537183 214.020978 160.406066 144.242383 119.257316 104.682321 43.644219 -40.176101 -70.681365 -111.955761 -183.366232 -226.305713 -289.827985 -366.839102 -451.610002 -496.601750 -546.614630 -583.975837 -622.962734 -661.213475 -678.417292 -691.169080 -690.152352 -690.181720 -675.338859 -661.748434 -646.959291 -640.011075 -9999.0 -9999.0
-9999.0 -888.179255 -883.322014 -831.214229 -802.917890 -781.640287 -758.639303 -740.289690 -724.523801 -722.147612 -626.439649 -506.113888 -393.662197 -350.429954 -273.197575 -173.493018 -35.462677 0.710860 16.413897 70.039940 120.635164 158.353099 187.942646 219.470137 244.457622 240.630933 237.133053 237.148550 229.381014 222.349438 212.217620 219.792689 218.431815 203.225081 191.284862 189.744936 185.483460 160.904954 134.276547 121.980526 126.766875 147.376021 137.329644 117.538639 113.826197 133.382918 148.936249 140.663049 128.910168 142.613277 176.052466 195.648154 211.802462 225.082954 244.636657 223.734279 191.027629 152.920015 136.894139 110.824364 17.193255 -48.199765 -101.721942 -163.975933 -218.804721 -296.136360 -388.502503 -471.551977 -542.976910 -578.496190 -604.576367 -651.341137 -669.352286 -664.252618 -671.447966 -672.694491 -666.140880 -660.371987 -9999.0 -9999.0
-9999.0 -925.526947 -879.705557 -808.516931 -723.616005 -685.441669 -564.883635 -473.129218 -441.976735 -473.550314 -313.244291 -37.659162 32.804311 37.062914 92.193644 161.637477 203.257452 226.872635 240.734060 233.547575 228.946852 230.928664 227.736558 218.907640 205.922529 199.501909 198.575216 196.746584 178.242573 160.550156 144.606812 142.969115 127.031759 94.956696 65.174734 49.982997 20.952328 -27.438328 -68.640749 -97.305452 -110.644069 -91.214738 -101.634713 -120.110066 -123.729335 -99.751857 -66.046133 -71.573172 -66.196776 -42.980807 2.412060 75.831310 97.786693 121.557721 156.329999 196.378877 214.815424 234.319837 240.393318 216.557291 176.567738 128.328155 99.685900 3.454364 -71.361835 -149.337950 -200.559508 -243.720181 -323.642357 -392.756077 -463.938288 -532.047449 -590.329390 -612.185520 -646.962568 -662.098856 -9999.0 -9999.0 -9999.0 -9999.0
-9999.0 -934.512384 -885.275798 -766.928853 -573.115727 -418.436792 -215.751544 -82.904613 53.529021 41.471916 133.952955 218.451417 230.662796 216.191037 192.483989 189.929615 200.264534 202.704955 198.728683 189.005273 177.599585 156.931873 171.189117 146.926296 152.135999 139.418034 127.566917 115.288098 39.971176 3.002446 -26.010098 -42.342079 -76.615837 -159.012650 -191.737574 -214.498178 -274.824320 -293.208986 -312.731660 -353.987312 -380.924417 -400.065460 -376.435186 -380.211578 -381.181905 -367.221831 -336.144069 -312.601689 -259.287911 -220.933982 -187.114936 -138.996997 -105.344571 -61.098446 -8.624922 81.811091 111.370825 136.545573 179.447892 217.494734 238.241267 230.388351 201.549074 163.894904 102.974750 -1.126026 -54.037943 -122.864214 -177.596525 -215.747053 -246.173855 -306.636609 -407.124638 -524.048951 -563.512939 -9999.0 -9999.0 -9999.0 -9999.0 -9999.0
-9999.0 -993.615855 -897.037175 -789.307732 -513.317668 -204.361989 -106.727515 125.539807 190.964921 119.188016 41.021335 104.529095 139.656236 141.891645 118.485894 109.528145 103.532404 103.028856 115.300957 84.289231 20.257050 1.210805 -0.097393 -13.264101 -35.607973 -54.744602 -69.466113 -91.131285 -143.816780 -184.242577 -240.114108 -272.596213 -367.371278 -465.238986 -521.630811 -571.743505 -623.167792 -624.402723 -609.725034 -626.289226 -646.094978 -663.949684 -640.896530 -628.556829 -619.087965 -628.563784 -621.492519 -590.346487 -543.262267 -497.867801 -433.275299 -351.079757 -287.813852 -224.451972 -196.150290 -147.748395 -102.271375 -53.972002 21.722535 129.937690 160.257383 191.712529 227.815006 244.296083 204.484409 161.982514 107.726325 4.899320 -92.918092 -133.798466 -151.316847 -175.613923 -216.723002 -9999.0 -9999.0 -9999.0 -9999.0 -9999.0 -9999.0 -9999.0
-9999.0 -1027.089183 -929.995747 -891.002261 -732.499822 -529.751775 -329.199518 -203.125427 -64.797502 -151.732836 -162.719390 -138.513243 -110.071088 -88.866531 -111.724487 -143.923705 -165.567035 -161.987400 -161.041257 -181.427855 -206.347115 -217.143971 -217.956510 -226.236124 -259.388361 -283.339994 -299.471824 -330.315106 -384.341672 -461.023794 -557.640165 -618.977403 -672.947769 -701.164548 -722.743890 -745.370086 -775.649791 -764.246081 -752.145136 -755.689093 -765.426868 -770.498058 -747.880850 -735.965667 -728.501880 -742.488676 -728.380018 -709.651909 -677.436287 -645.066069 -605.595233 -556.853221 -503.871297 -467.467765 -442.252917 -392.919066 -326.120799 -245.917690 -173.373156 -78.602359 -3.539087 76.458069 127.059050 138.864697 175.818900 191.379506 189.330507 136.637610 -65.830742 -96.316667 -99.680143 -9999.0 -9999.0 -9999.0 -9999.0 -9999.0 -9999.0 -9999.0 -9999.0 -9999.0
-9999.0 -9999.0 -1049.044147 -1000.903792 -955.502855 -891.422603 -808.140805 -727.788942 -673.417729 -614.357595 -539.885805 -464.869575 -417.746862 -397.026670 -423.408102 -477.882787 -510.476390 -509.696338 -519.184569 -536.538781 -565.266274 -575.660651 -583.766669 -590.769708 -605.385048 -612.858736 -617.254033 -626.491814 -645.666132 -684.645893 -725.372901 -760.151874 -795.187489 -804.766541 -814.776143 -827.078982 -824.443342 -825.780071 -822.177920 -822.447972 -819.705620 -813.706540 -803.786990 -792.514618 -788.671196 -785.207884 -778.911102 -765.389877 -745.162018 -718.738465 -680.342399 -635.557291 -604.234468 -595.778457 -606.907265 -602.183315 -581.686678 -536.607765 -422.271337 -288.897112 -198.427029 -132.675833 -61.208116 -13.389847 9.116797 66.442458 109.099814 -4.981662 -155.828396 -135.960759 -9999.0 -9999.0 -9999.0 -9999.0 -9999.0 -9999.0 -9999.0 -9999.0 -9999.0 -9999.0
-9999.0 -9999.0 -9999.0 -9999.0 -1065.387095 -1000.931446 -948.729531 -942.705839 -894.908349 -854.262357 -812.495011 -769.776666 -737.115913 -720.552180 -733.700609 -740.382633 -746.579386 -747.154844 -752.523306 -757.420561 -761.442960 -766.112459 -771.958346 -776.905809 -776.707124 -773.691589 -774.016743 -782.319218 -788.805607 -805.755371 -815.600652 -830.988159 -845.640277 -857.978362 -859.832474 -861.855370 -859.353034 -863.032200 -857.050733 -857.899326 -851.566712 -846.484343 -836.792692 -823.498389 -821.425081 -814.065119 -810.610392 -799.687554 -786.530980 -755.238402 -712.746736 -670.763745 -644.819867 -644.185624 -669.999933 -684.605936 -689.800222 -668.884835 -631.337915 -567.293373 -448.347672 -335.529395 -243.694064 -200.651064 -172.769260 -127.108620 -84.033374 -73.375453 -9999.0 -9999.0 -9999.0 -9999.0 -9999.0 -9999.0 -9999.0 -9999.0 -9999.0 -9999.0 -9999.0 -9999.0
-9999.0 -9999.0 -9999.0 -9999.0 -9999.0 -9999.0 -1042.833526 -1010.794861 -1013.649461 -982.334470 -950.964576 -922.536139 -889.838904 -884.598315 -876.049665 -859.526005 -862.504087 -872.312828 -883.155126 -869.378475 -862.856531 -863.304974 -880.897871 -878.452273 -876.423429 -869.862703 -870.470263 -870.360450 -885.555340 -872.880802 -868.049473 -875.084210 -882.234815 -882.556752 -886.981547 -877.823471 -876.762940 -884.746759 -886.103657 -873.100812 -867.085102 -865.513461 -859.039822 -845.851177 -830.183895 -825.065864 -827.802505 -829.914488 -808.943293 -767.303266 -721.188800 -683.108326 -660.434774 -655.459820 -681.206257 -716.624377 -735.594576 -734.218943 -711.901153 -673.856129 -610.450143 -567.540426 -534.808446 -504.298020 -463.186099 -323.684303 -9999.0 -9999.0 -9999.0 -9999.0 -9999.0 -9999.0 -9999.0 -9999.0 -9999.0 -9999.0 -9999.0 -9999.0 -9999.0 -9999.0
-9999.0 -9999.0 -9999.0 -9999.0 -9999.0 -9999.0 -9999.0 -9999.0 -9999.0 -9999.0 -9999.0 -9999.0 -9999.0 -9999.0 -9999.0 -9999.0 -9999.0 -9999.0 -9999.0 -9999.0 -9999.0 -9999.0 -9999.0 -9999.0 -9999.0 -9999.0 -9999.0 -9999.0 -9999.0 -9999.0 -9999.0 -9999.0 -9999.0 -9999.0 -9999.0 -9999.0 -9999.0 -9999.0 -9999.0 -9999.0 -9999.0 -9999.0 -9999.0 -9999.0 -9999.0 -9999.0 -9999.0 -9999.0 -9999.0 -9999.0 -9999.0 -9999.0 -9999.0 -9999.0 -9999.0 -9999.0 -9999.0 -9999.0 -9999.0 -9999.0 -9999.0 -9999.0 -9999.0 -9999.0 -9999.0 -9999.0 -9999.0 -9999.0 -9999.0 -9999.0 -9999.0 -9999.0 -9999.0 -9999.0 -9999.0 -9999.0 -9999.0 -9999.0 -9999.0 -9999.0
-9999.0 -9999.0 -9999.0 -9999.0 -9999.0 -9999.0 -9999.0 -9999.0 -9999.0 -9999.0 -9999.0 -9999.0 -9999.0 -9999.0 -9999.0 -9999.0 -9999.0 -9999.0 -9999.0 -9999.0 -9999.0 -9999.0 -9999.0 -9999.0 -9999.0 -9999.0 -9999.0 -9999.0 -9999.0 -9999.0 -9999.0 -9999.0 -9999.0 -9999.0 -9999.0 -9999.0 -9999.0 -9999.0 -9999.0 -9999.0 -9999.0 -9999.0 -9999.0 -9999.0 -9999.0 -9999.0 -9999.0 -9999.0 -9999.0 -9999.0 -9999.0 -9999.0 -9999.0 -9999.0 -9999.0 -9999.0 -9999.0 -9999.0 -9999.0 -9999.0 -9999.0 -9999.0 -9999.0 -9999.0 -9999.0 -9999.0 -9999.0 -9999.0 -9999.0 -9999.0 -9999.0 -9999.0 -9999.0 -9999.0 -9999.0 -9999.0 -9999.0 -9999.0 -9999.0 -9999.0