Borden_/Borden1m_014/output_maps/psiliqL0016N0035.asc
ncols         80
nrows         18
xllcorner     620200.000000
yllcorner     5168000.000000
cellsize      1.000000
NODATA_value  -9999.0
-9999.0 -9999.0 -9999.0 -9999.0 -9999.0 -9999.0 -9999.0 -9999.0 -9999.0 -9999.0 -9999.0 -9999.0 -9999.0 -9999.0 -9999.0 -9999.0 -9999.0 -9999.0 -9999.0 -9999.0 -9999.0 -9999.0 -9999.0 -9999.0 -9999.0 -9999.0 -9999.0 -9999.0 -9999.0 -9999.0 -9999.0 -9999.0 -9999.0 -9999.0 -9999.0 -9999.0 -9999.0 -9999.0 -9999.0 -9999.0 -9999.0 -9999.0 -9999.0 -9999.0 -9999.0 -9999.0 -9999.0 -9999.0 -9999.0 -9999.0 -9999.0 -9999.0 -9999.0 -9999.0 -9999.0 -9999.0 -9999.0 -9999.0 -9999.0 -9999.0 -9999.0 -9999.0 -9999.0 -9999.0 -9999.0 -9999.0 -9999.0 -9999.0 -9999.0 -9999.0 -9999.0 -9999.0 -9999.0 -9999.0 -9999.0 -9999.0 -9999.0 -9999.0 -9999.0 -9999.0
-9999.0 -9999.0 -9999.0 -9999.0 -9999.0 -9999.0 -9999.0 -9999.0 -9999.0 -9999.0 -9999.0 -9999.0 -9999.0 -9999.0 -9999.0 -9999.0 -9999.0 -9999.0 -9999.0 -9999.0 -9999.0 -9999.0 -9999.0 -9999.0 -9999.0 -9999.0 -9999.0 -9999.0 -9999.0 -9999.0 -9999.0 -9999.0 -9999.0 -9999.0 -9999.0 -9999.0 -9999.0 -9999.0 -9999.0 -9999.0 -9999.0 -9999.0 -9999.0 -9999.0 -9999.0 -9999.0 -9999.0 -9999.0 -9999.0 -9999.0 -9999.0 -9999.0 -9999.0 -9999.0 -9999.0 -9999.0 -9999.0 -9999.0 -9999.0 -9999.0 -9999.0 -9999.0 -9999.0 -9999.0 -9999.0 -9999.0 -9999.0 -9999.0 -9999.0 -9999.0 -9999.0 -9999.0 -9999.0 -9999.0 -9999.0 -9999.0 -9999.0 -9999.0 -9999.0 -9999.0
-9999.0 -9999.0 -9999.0 -9999.0 -9999.0 -9999.0 -9999.0 -9999.0 -9999.0 -9999.0 -9999.0 -9999.0 -9999.0 -9999.0 -9999.0 -9999.0 -9999.0 -9999.0 -9999.0 -9999.0 1351.628255 1354.468759 1333.420749 1300.912018 1274.354207 1278.090019 1314.087704 1357.027585 1397.435670 1408.749868 1392.347962 1396.597589 1393.439903 1392.869250 1396.050412 1404.094265 1409.829102 1421.895545 1431.380885 1432.125304 1427.275781 1423.368073 1424.791841 1427.765126 1432.895753 1420.476587 1433.358213 1446.966340 1450.061607 1443.014765 1414.108358 1396.758314 1385.524287 1367.627420 1390.177123 1399.807750 1420.590829 1422.923583 1419.534578 1391.273751 1360.371198 -9999.0 -9999.0 -9999.0 -9999.0 -9999.0 -9999.0 -9999.0 -9999.0 -9999.0 -9999.0 -9999.0 -9999.0 -9999.0 -9999.0 -9999.0 -9999.0 -9999.0 -9999.0 -9999.0
-9999.0 -9999.0 -9999.0 -9999.0 -9999.0 -9999.0 -9999.0 -9999.0 -9999.0 -9999.0 -9999.0 -9999.0 -9999.0 -9999.0 1257.716991 1249.193938 1247.739975 1257.393350 1292.128507 1323.384135 1335.726438 1329.323198 1330.700592 1308.452581 1289.134857 1304.694009 1336.346563 1369.840608 1406.265952 1427.953844 1418.501695 1417.873826 1428.556442 1454.086836 1467.165377 1465.378346 1447.224628 1472.089238 1488.943942 1498.481296 1499.455209 1492.219590 1505.150224 1520.625561 1513.252336 1495.469388 1500.174983 1510.760428 1520.496862 1505.280258 1440.065497 1419.388722 1412.577668 1403.731109 1387.404354 1379.196624 1402.903120 1400.842269 1390.870260 1371.381364 1337.289539 1292.144996 1272.283959 1309.759925 1352.053393 1407.929573 -9999.0 -9999.0 -9999.0 -9999.0 -9999.0 -9999.0 -9999.0 -9999.0 -9999.0 -9999.0 -9999.0 -9999.0 -9999.0 -9999.0
-9999.0 -9999.0 -9999.0 -9999.0 -9999.0 -9999.0 -9999.0 -9999.0 -9999.0 1196.197334 1201.864349 1210.432303 1214.290479 1231.288578 1229.807111 1238.334226 1246.542957 1275.269990 1307.717310 1344.078501 1373.931283 1366.588131 1368.584709 1379.462704 1383.321621 1396.700515 1420.481667 1462.866605 1503.559768 1545.661542 1518.332744 1517.428305 1537.756100 1584.846638 1616.928505 1623.879502 1606.816891 1618.243405 1644.915755 1668.130026 1669.497480 1668.294606 1693.956058 1708.021847 1707.342834 1686.012765 1673.654765 1672.924128 1696.177849 1642.678228 1574.312044 1523.572451 1526.864705 1495.926184 1457.631556 1436.450650 1431.745339 1449.837117 1433.059726 1394.184605 1356.399137 1343.417831 1324.196752 1339.970056 1360.399253 1404.791786 1441.976318 1468.784678 1466.623816 1448.001198 -9999.0 -9999.0 -9999.0 -9999.0 -9999.0 -9999.0 -9999.0 -9999.0 -9999.0 -9999.0
-9999.0 -9999.0 -9999.0 -9999.0 -9999.0 -9999.0 1115.306997 1125.943213 1147.575989 1153.143871 1180.155059 1188.887545 1211.070906 1231.923716 1255.425418 1273.393174 1304.802000 1339.377843 1381.593094 1426.049727 1459.794318 1456.051719 1468.056326 1498.780928 1537.681610 1567.159205 1594.272082 1636.489676 1714.096197 1757.261823 1764.096319 1769.785535 1780.304292 1829.563918 1893.478313 1908.043028 1888.916835 1876.107767 1898.523775 1936.860838 1943.972340 1946.737150 1958.503022 1968.300456 1993.546189 1982.649714 1941.625434 1926.435739 1923.322107 1904.036899 1840.223832 1776.082258 1742.298075 1691.213611 1606.700219 1551.520777 1557.974180 1574.872974 1544.116841 1488.151891 1445.599589 1432.900532 1415.728119 1400.767031 1405.316291 1422.372439 1442.268636 1451.280459 1436.150615 1413.178121 1388.919586 1358.938783 1359.889877 1384.393616 -9999.0 -9999.0 -9999.0 -9999.0 -9999.0 -9999.0
-9999.0 -9999.0 -9999.0 -9999.0 1063.859373 1077.685601 1066.320729 1093.029130 1127.288984 1163.202531 1196.473660 1234.824982 1263.934256 1296.187729 1338.096305 1373.454623 1416.753594 1454.134175 1510.266744 1580.086641 1633.121323 1658.391218 1675.313405 1734.018377 1795.607080 1848.575582 1871.030142 1900.331085 1946.132007 2007.387434 2035.203562 2042.336507 2060.223298 2096.363491 2144.414304 2177.853353 2162.025423 2155.198294 2163.039839 2176.549517 2201.713423 2204.365188 2206.931068 2209.665840 2214.078984 2212.012411 2186.008207 2151.054801 2135.478556 2124.505339 2092.746585 2022.293303 1981.880617 1950.262073 1913.878345 1860.057555 1796.517091 1781.018271 1722.564475 1663.314757 1599.703670 1576.565242 1544.244364 1516.834356 1485.975222 1485.368853 1486.027142 1462.734290 1427.729496 1393.325185 1376.598743 1356.506144 1344.371192 1373.655637 1390.519926 1420.224934 -9999.0 -9999.0 -9999.0 -9999.0
-9999.0 -9999.0 1002.888322 1051.825032 1109.940418 1119.845693 1121.144724 1128.722367 1159.256525 1213.515371 1289.813855 1341.060924 1384.514539 1420.910695 1482.485677 1562.325746 1635.783093 1686.117498 1747.655672 1819.108246 1882.769830 1917.690649 1936.248238 1976.231265 2030.687026 2093.640549 2121.390699 2148.827306 2181.461493 2216.578249 2226.513265 2240.544448 2249.475068 2253.293399 2259.779927 2261.875926 2257.252458 2251.923830 2233.882117 2230.632793 2238.496305 2245.042975 2246.739615 2233.409144 2229.331586 2242.548201 2245.904020 2243.904950 2242.361374 2248.619116 2250.566023 2209.877183 2173.937184 2157.411192 2145.653652 2099.811519 2033.913190 1991.920616 1967.778616 1923.290067 1844.324651 1792.283523 1740.892657 1691.527838 1637.812602 1605.249755 1556.211316 1510.859516 1461.580862 1413.177396 1388.015325 1368.916438 1365.516053 1364.450647 1379.878453 1394.471149 1409.241658 1416.716237 -9999.0 -9999.0
-9999.0 898.447992 971.107711 1097.602625 1178.726361 1224.143689 1255.259472 1278.516155 1309.673521 1339.452645 1444.593641 1531.429858 1623.962078 1663.840335 1715.635399 1813.951512 1909.910191 1957.305506 1996.800174 2054.532386 2116.141860 2165.019951 2194.808361 2203.363949 2238.414621 2253.895285 2257.910227 2262.084096 2259.284211 2251.894626 2243.634651 2249.821342 2245.758906 2226.065443 2209.186822 2205.268847 2198.968720 2173.943672 2144.938359 2129.939833 2132.472015 2156.124070 2144.239293 2123.649432 2119.880654 2141.116749 2160.805576 2152.012408 2140.503688 2158.950420 2194.069734 2216.886987 2226.427400 2243.313718 2263.940097 2237.646745 2209.384875 2166.639097 2146.031002 2115.692496 2055.799398 1993.395027 1937.373495 1875.580705 1807.874732 1739.085412 1674.045933 1610.108724 1541.769443 1498.938130 1466.781789 1416.391044 1395.422165 1396.676616 1387.226625 1383.493500 1388.696013 1394.613513 -9999.0 -9999.0
-9999.0 816.055959 958.420494 1142.888145 1292.008596 1350.507146 1449.516104 1528.348210 1557.903758 1529.792556 1638.990386 1858.777191 1965.051833 1984.663623 2058.042246 2147.885132 2164.533723 2197.834328 2220.938532 2233.417210 2243.803160 2255.139488 2254.617326 2249.930971 2235.725284 2228.024645 2226.430385 2222.926761 2204.392908 2184.127609 2165.530123 2160.280831 2140.365852 2094.241807 2059.658664 2040.872518 2023.096419 2003.079269 1970.550452 1943.705560 1928.635560 1943.883621 1937.856695 1921.519080 1917.799743 1939.672976 1971.886511 1968.623445 1977.938282 2000.477676 2040.762058 2081.294650 2104.831786 2136.080500 2174.059518 2219.499553 2234.777877 2256.615345 2260.560743 2241.776992 2196.017137 2141.698915 2105.097677 2040.049382 1965.124025 1884.373384 1816.840178 1751.849908 1680.822570 1633.962851 1587.336762 1530.669491 1477.939480 1456.270195 1416.635612 1396.750513 -9999.0 -9999.0 -9999.0 -9999.0
-9999.0 734.253432 921.516253 1178.023735 1457.114755 1564.809982 1769.132609 1897.199521 1954.710220 2024.641074 1993.867538 2149.340390 2192.078622 2189.663762 2191.778384 2197.141650 2213.741091 2217.775365 2214.820430 2205.291579 2196.678564 2193.009318 2191.943513 2184.515639 2171.985928 2156.430050 2141.999257 2127.670300 2088.285695 2053.568103 2015.894709 1999.976566 1959.228389 1866.496837 1822.603765 1785.095479 1727.265641 1721.338455 1716.365065 1688.399189 1668.918174 1647.676746 1670.350666 1675.590210 1678.370677 1681.140797 1697.576025 1722.402461 1767.889843 1805.142998 1850.192455 1903.379557 1939.112771 1983.454031 2030.355161 2087.191499 2121.215378 2153.360753 2201.953390 2241.068634 2263.766744 2250.887331 2221.982297 2172.202944 2097.401020 2026.801092 1972.586247 1895.177500 1828.390077 1775.174773 1730.451854 1681.876378 1619.400369 1543.838818 1502.640137 -9999.0 -9999.0 -9999.0 -9999.0 -9999.0
-9999.0 549.420693 816.695553 1102.289270 1412.146992 1741.749474 1879.727202 2005.056102 2077.533700 2047.726449 2058.037695 2079.492170 2123.211134 2133.322793 2115.014780 2106.792327 2095.558206 2095.914908 2108.915806 2082.516313 2052.843506 2039.296463 2038.708948 2026.794366 2003.166399 1985.830514 1972.980312 1951.413918 1902.422413 1850.088682 1767.275144 1735.730827 1659.030854 1603.790562 1559.129210 1508.940031 1458.185835 1456.993315 1474.451318 1460.011191 1437.829777 1419.558073 1446.478546 1464.754913 1477.337335 1465.883950 1475.227628 1511.586590 1561.638287 1606.563703 1657.358842 1712.779202 1759.900131 1808.111639 1840.820799 1891.827422 1940.603326 1988.238831 2062.687048 2142.115407 2179.659654 2213.893540 2244.343542 2256.683078 2200.282678 2145.252650 2086.392558 2018.132533 1933.423175 1885.886044 1862.302722 1824.790360 1771.860783 -9999.0 -9999.0 -9999.0 -9999.0 -9999.0 -9999.0 -9999.0
-9999.0 424.702253 640.649258 866.083887 1147.056283 1384.404310 1582.463062 1689.830246 1769.209397 1809.408102 1847.634258 1884.263087 1916.713992 1940.957649 1920.687968 1881.543874 1853.055241 1857.293155 1852.438627 1828.480922 1798.691779 1783.533300 1780.671605 1773.561837 1749.168258 1734.554710 1723.322133 1700.008132 1666.044019 1609.590279 1529.946417 1456.792429 1395.882038 1364.360944 1334.538071 1301.732937 1266.398242 1276.333682 1288.600034 1285.188982 1274.902543 1272.201530 1301.375701 1320.574169 1330.856654 1319.632577 1339.145556 1366.109456 1408.119545 1451.943897 1501.955259 1558.055082 1612.775868 1642.959053 1657.732279 1684.030127 1724.184331 1778.702975 1865.161711 1959.709132 2037.498783 2085.848375 2135.469278 2166.973250 2176.432155 2180.959814 2148.498216 2061.049779 1948.201839 1936.434590 1935.945073 -9999.0 -9999.0 -9999.0 -9999.0 -9999.0 -9999.0 -9999.0 -9999.0 -9999.0
-9999.0 -9999.0 408.154637 583.396923 718.093122 896.771638 1046.924230 1157.415506 1247.725915 1363.403732 1470.175015 1555.593107 1601.140993 1619.461398 1605.747415 1572.885339 1551.661148 1551.402408 1540.843251 1529.820673 1509.545727 1501.259805 1489.792669 1481.275477 1471.163854 1465.388579 1459.549103 1447.544908 1424.932244 1377.664593 1328.984827 1277.515118 1224.168573 1198.337952 1176.116278 1154.378939 1152.890649 1148.739851 1154.217012 1155.683584 1162.588577 1175.218206 1195.337450 1217.427748 1227.321651 1236.358497 1249.081693 1273.108664 1306.601245 1349.437094 1404.065817 1462.564988 1503.289110 1517.037601 1508.471735 1514.587782 1535.967864 1579.523390 1661.057988 1745.194180 1840.142697 1910.592131 1980.285432 2029.888526 2042.347603 2051.978380 2058.736231 1995.005999 1800.474787 1876.477936 -9999.0 -9999.0 -9999.0 -9999.0 -9999.0 -9999.0 -9999.0 -9999.0 -9999.0 -9999.0
-9999.0 -9999.0 -9999.0 -9999.0 442.582638 597.212416 694.536408 778.154081 907.231536 1027.551003 1127.773318 1211.045133 1273.044715 1299.628351 1295.311798 1300.316992 1295.525724 1289.294025 1279.395949 1277.956888 1276.372981 1268.634961 1254.275239 1246.647598 1247.189467 1251.669881 1248.672533 1234.510290 1216.258085 1193.163527 1172.325947 1137.610175 1101.354597 1071.853257 1058.383230 1052.400417 1051.982001 1044.989088 1053.638882 1060.885128 1076.058815 1091.290704 1115.077031 1144.084536 1157.874531 1172.734112 1182.644650 1203.403245 1234.107855 1287.871040 1351.749652 1410.111831 1446.600674 1451.752278 1427.866689 1413.244309 1410.559563 1439.545968 1485.676672 1553.935677 1656.034249 1728.897435 1785.372451 1828.316287 1857.433919 1897.715913 1938.828724 1963.815176 -9999.0 -9999.0 -9999.0 -9999.0 -9999.0 -9999.0 -9999.0 -9999.0 -9999.0 -9999.0 -9999.0 -9999.0
-9999.0 -9999.0 -9999.0 -9999.0 -9999.0 -9999.0 401.768703 503.143116 583.915075 721.495449 850.848074 951.527114 1031.452891 1062.853973 1088.656433 1115.026172 1112.957185 1094.614391 1075.607495 1093.945582 1107.219972 1101.192245 1071.222593 1070.557088 1075.051284 1083.078724 1080.621795 1073.864185 1048.417731 1059.258349 1059.389397 1035.769340 1009.405829 995.221548 983.150878 992.585940 992.705647 979.082325 979.723032 1006.416245 1026.612791 1039.773746 1061.642028 1094.873773 1127.252578 1142.495972 1143.983456 1150.299851 1190.652390 1261.186492 1333.144467 1388.925261 1421.861085 1430.518133 1403.897643 1364.495974 1344.807786 1352.788723 1388.550461 1442.213739 1518.822109 1568.310799 1594.216672 1607.261591 1624.423194 1712.464106 -9999.0 -9999.0 -9999.0 -9999.0 -9999.0 -9999.0 -9999.0 -9999.0 -9999.0 -9999.0 -9999.0 -9999.0 -9999.0 -9999.0
-9999.0 -9999.0 -9999.0 -9999.0 -9999.0 -9999.0 -9999.0 -9999.0 -9999.0 -9999.0 -9999.0 -9999.0 -9999.0 -9999.0 -9999.0 -9999.0 -9999.0 -9999.0 -9999.0 -9999.0 -9999.0 -9999.0 -9999.0 -9999.0 -9999.0 -9999.0 -9999.0 -9999.0 -9999.0 -9999.0 -9999.0 -9999.0 -9999.0 -9999.0 -9999.0 -9999.0 -9999.0 -9999.0 -9999.0 -9999.0 -9999.0 -9999.0 -9999.0 -9999.0 -9999.0 -9999.0 -9999.0 -9999.0 -9999.0 -9999.0 -9999.0 -9999.0 -9999.0 -9999.0 -9999.0 -9999.0 -9999.0 -9999.0 -9999.0 -9999.0 -9999.0 -9999.0 -9999.0 -9999.0 -9999.0 -9999.0 -9999.0 -9999.0 -9999.0 -9999.0 -9999.0 -9999.0 -9999.0 -9999.0 -9999.0 -9999.0 -9999.0 -9999.0 -9999.0 -9999.0
-9999.0 -9999.0 -9999.0 -9999.0 -9999.0 -9999.0 -9999.0 -9999.0 -9999.0 -9999.0 -9999.0 -9999.0 -9999.0 -9999.0 -9999.0 -9999.0 -9999.0 -9999.0 -9999.0 -9999.0 -9999.0 -9999.0 -9999.0 -9999.0 -9999.0 -9999.0 -9999.0 -9999.0 -9999.0 -9999.0 -9999.0 -9999.0 -9999.0 -9999.0 -9999.0 -9999.0 -9999.0 -9999.0 -9999.0 -9999.0 -9999.0 -9999.0 -9999.0 -9999.0 -9999.0 -9999.0 -9999.0 -9999.0 -9999.0 -9999.0 -9999.0 -9999.0 -9999.0 -9999.0 -9999.0 -9999.0 -9999.0 -9999.0 -9999.0 -9999.0 -9999.0 -9999.0 -9999.0 -9999.0 -9999.0 -9999.0 -9999.0 -9999.0 -9999.0 -9999.0 -9999.0 -9999.0 -9999.0 -9999.0 -9999.0 -9999.0 -9999.0 -9999.0 -9999.0 -9999.0