Borden_/Borden1m_014/output_maps/psiliqL0005N0024.asc
ncols         80
nrows         18
xllcorner     620200.000000
yllcorner     5168000.000000
cellsize      1.000000
NODATA_value  -9999.0
-9999.0 -9999.0 -9999.0 -9999.0 -9999.0 -9999.0 -9999.0 -9999.0 -9999.0 -9999.0 -9999.0 -9999.0 -9999.0 -9999.0 -9999.0 -9999.0 -9999.0 -9999.0 -9999.0 -9999.0 -9999.0 -9999.0 -9999.0 -9999.0 -9999.0 -9999.0 -9999.0 -9999.0 -9999.0 -9999.0 -9999.0 -9999.0 -9999.0 -9999.0 -9999.0 -9999.0 -9999.0 -9999.0 -9999.0 -9999.0 -9999.0 -9999.0 -9999.0 -9999.0 -9999.0 -9999.0 -9999.0 -9999.0 -9999.0 -9999.0 -9999.0 -9999.0 -9999.0 -9999.0 -9999.0 -9999.0 -9999.0 -9999.0 -9999.0 -9999.0 -9999.0 -9999.0 -9999.0 -9999.0 -9999.0 -9999.0 -9999.0 -9999.0 -9999.0 -9999.0 -9999.0 -9999.0 -9999.0 -9999.0 -9999.0 -9999.0 -9999.0 -9999.0 -9999.0 -9999.0
-9999.0 -9999.0 -9999.0 -9999.0 -9999.0 -9999.0 -9999.0 -9999.0 -9999.0 -9999.0 -9999.0 -9999.0 -9999.0 -9999.0 -9999.0 -9999.0 -9999.0 -9999.0 -9999.0 -9999.0 -9999.0 -9999.0 -9999.0 -9999.0 -9999.0 -9999.0 -9999.0 -9999.0 -9999.0 -9999.0 -9999.0 -9999.0 -9999.0 -9999.0 -9999.0 -9999.0 -9999.0 -9999.0 -9999.0 -9999.0 -9999.0 -9999.0 -9999.0 -9999.0 -9999.0 -9999.0 -9999.0 -9999.0 -9999.0 -9999.0 -9999.0 -9999.0 -9999.0 -9999.0 -9999.0 -9999.0 -9999.0 -9999.0 -9999.0 -9999.0 -9999.0 -9999.0 -9999.0 -9999.0 -9999.0 -9999.0 -9999.0 -9999.0 -9999.0 -9999.0 -9999.0 -9999.0 -9999.0 -9999.0 -9999.0 -9999.0 -9999.0 -9999.0 -9999.0 -9999.0
-9999.0 -9999.0 -9999.0 -9999.0 -9999.0 -9999.0 -9999.0 -9999.0 -9999.0 -9999.0 -9999.0 -9999.0 -9999.0 -9999.0 -9999.0 -9999.0 -9999.0 -9999.0 -9999.0 -9999.0 -736.795569 -732.753704 -753.123832 -781.602529 -805.272860 -805.056720 -776.953134 -743.653137 -711.588056 -703.030554 -720.675836 -719.154427 -724.948941 -725.973595 -723.893711 -718.710166 -716.654656 -706.503494 -699.233029 -699.883894 -705.744402 -711.064622 -713.253315 -710.268147 -705.306820 -713.125336 -700.403995 -686.147113 -679.967197 -683.637784 -707.377110 -720.365599 -726.346805 -739.596411 -715.370645 -703.847819 -682.171778 -678.067196 -677.764791 -702.170681 -728.810006 -9999.0 -9999.0 -9999.0 -9999.0 -9999.0 -9999.0 -9999.0 -9999.0 -9999.0 -9999.0 -9999.0 -9999.0 -9999.0 -9999.0 -9999.0 -9999.0 -9999.0 -9999.0 -9999.0
-9999.0 -9999.0 -9999.0 -9999.0 -9999.0 -9999.0 -9999.0 -9999.0 -9999.0 -9999.0 -9999.0 -9999.0 -9999.0 -9999.0 -804.310711 -813.957558 -817.617388 -813.655459 -787.261052 -764.048063 -755.261983 -763.309009 -761.725105 -783.150310 -801.670962 -789.751725 -766.447556 -741.920702 -713.303814 -695.342467 -708.206679 -711.367136 -702.129008 -676.069361 -662.555582 -665.783713 -688.026290 -665.894753 -650.685546 -641.350123 -642.523215 -651.666982 -636.502291 -619.841865 -626.706276 -644.647918 -641.862327 -630.593545 -614.664459 -628.786580 -691.778823 -709.288728 -709.942362 -713.861951 -724.976279 -730.902408 -706.427712 -705.698109 -712.233202 -726.020469 -752.348264 -789.275358 -804.135331 -770.267211 -732.447354 -678.661941 -9999.0 -9999.0 -9999.0 -9999.0 -9999.0 -9999.0 -9999.0 -9999.0 -9999.0 -9999.0 -9999.0 -9999.0 -9999.0 -9999.0
-9999.0 -9999.0 -9999.0 -9999.0 -9999.0 -9999.0 -9999.0 -9999.0 -9999.0 -841.582458 -841.065112 -836.430936 -838.314618 -826.609563 -832.907864 -827.993845 -824.262319 -804.769451 -782.122563 -754.227782 -729.075368 -740.514381 -741.313438 -730.106585 -724.557057 -714.490233 -697.786429 -661.150141 -621.007196 -577.945023 -607.991552 -609.925934 -589.818587 -530.711578 -478.563594 -463.872655 -488.925751 -487.350117 -453.855783 -416.722197 -417.176099 -419.816611 -381.442304 -359.045561 -346.291123 -377.811699 -410.149234 -414.879302 -373.506822 -451.384448 -532.576364 -597.433102 -597.555415 -629.292166 -669.568615 -689.906885 -692.736120 -669.030038 -682.196923 -715.441683 -746.859112 -751.026017 -765.256742 -750.266845 -731.150351 -687.538200 -651.255210 -622.616755 -621.362914 -638.009176 -9999.0 -9999.0 -9999.0 -9999.0 -9999.0 -9999.0 -9999.0 -9999.0 -9999.0 -9999.0
-9999.0 -9999.0 -9999.0 -9999.0 -9999.0 -9999.0 -886.512208 -883.589041 -872.289597 -878.036671 -860.620126 -860.482682 -845.889316 -833.612737 -819.858089 -809.486550 -785.260274 -760.292804 -726.038753 -687.800787 -658.682377 -664.577734 -656.123143 -621.564487 -572.511402 -531.937493 -503.798718 -455.726093 -332.353329 -260.200036 -233.241261 -218.864422 -199.331204 -168.938389 -116.403186 -61.975666 -120.786249 -140.120814 -125.915126 -87.124417 -22.170619 -18.454788 -11.666384 -3.890201 21.800346 13.077389 -81.927951 -109.148310 -116.037023 -124.224930 -162.364050 -206.066259 -278.623270 -362.332382 -480.014647 -551.675326 -560.459162 -546.295806 -579.880594 -632.560805 -672.309838 -679.690217 -691.308937 -704.260393 -698.247652 -679.649434 -656.212832 -643.868768 -654.531774 -672.368904 -691.695063 -717.753367 -715.308260 -691.021877 -9999.0 -9999.0 -9999.0 -9999.0 -9999.0 -9999.0
-9999.0 -9999.0 -9999.0 -9999.0 -921.676398 -912.291313 -931.096898 -913.817504 -894.379635 -875.037055 -858.199745 -831.791041 -814.408718 -792.802563 -759.117635 -727.986639 -689.906758 -659.645924 -605.746271 -528.211017 -459.662640 -419.585303 -394.073259 -281.390570 -196.622597 -157.968456 -145.657375 -124.570574 -78.110591 29.830773 59.219796 66.323247 82.349204 108.713870 148.412162 182.574537 163.341381 157.120051 159.014755 167.523593 193.526439 194.643770 196.019779 196.360661 198.503263 199.367949 176.760109 145.166236 133.591883 125.412136 84.985006 45.544135 -44.444724 -84.840884 -109.712893 -144.220836 -194.125853 -222.819952 -315.408318 -409.300725 -503.992581 -538.602817 -574.945486 -600.463225 -630.479002 -627.690388 -622.387301 -639.874591 -666.804770 -695.022685 -706.164950 -721.648995 -731.041990 -701.865284 -685.862324 -655.353455 -9999.0 -9999.0 -9999.0 -9999.0
-9999.0 -9999.0 -942.617408 -925.045843 -890.286021 -893.721256 -896.827745 -900.309758 -884.555185 -848.136581 -786.215218 -745.782751 -706.991613 -682.322294 -625.354857 -531.330226 -433.917291 -355.205839 -251.848106 -183.128733 -137.611858 -101.267740 -31.802438 8.539854 39.040271 103.114875 123.794864 146.205128 172.195838 200.640453 225.400449 240.953957 247.191958 240.797156 241.931767 239.244244 238.036587 232.880949 215.815762 213.529756 220.998864 222.754018 226.696153 214.476063 210.764978 223.034162 224.627648 224.783202 227.413117 234.755409 244.830392 215.728532 162.350981 149.040317 123.585523 106.932975 48.348619 -35.054106 -67.953153 -107.445782 -169.331035 -207.706348 -285.296269 -381.322298 -468.002330 -511.187060 -560.690853 -598.820337 -639.685290 -680.382194 -699.489606 -714.023225 -713.545915 -713.015820 -697.020511 -682.094446 -666.421505 -658.894192 -9999.0 -9999.0
-9999.0 -973.178330 -960.489179 -890.179180 -849.282937 -820.883689 -791.411699 -768.870205 -750.737180 -745.880788 -644.447805 -522.626344 -411.453651 -366.791491 -269.905545 -165.607560 -34.550521 3.514256 19.540348 74.672383 124.086209 163.074583 189.495138 221.378949 245.852914 241.438389 240.546987 238.472496 231.664973 224.010782 213.807159 221.615330 220.005558 205.160491 193.133916 191.758144 187.705709 162.637961 135.787498 123.130792 127.609130 144.720924 137.572156 118.559056 114.963418 133.743620 147.039393 141.389783 131.033489 146.610132 178.148145 197.451623 213.588490 227.501986 247.233094 225.481591 193.198860 154.184411 119.185426 112.314342 22.464557 -40.974238 -94.587055 -152.002255 -201.065836 -291.514248 -404.710154 -486.894379 -557.319397 -593.380558 -620.547131 -669.591399 -689.382036 -684.685051 -692.473714 -693.870318 -686.820359 -680.543565 -9999.0 -9999.0
-9999.0 -1020.107772 -956.265322 -857.573858 -752.272989 -706.323360 -580.989179 -487.501988 -458.121271 -489.709850 -317.797097 -37.595076 33.314824 37.285020 94.015408 163.608908 204.859183 228.356875 243.347584 235.333547 231.507608 233.623858 229.070061 221.984833 208.339597 200.738044 200.539189 197.925016 179.736096 162.389856 146.330284 144.958749 130.632248 97.635135 69.155793 56.037699 38.139476 -23.425496 -68.187266 -97.734983 -110.590927 -92.772668 -101.999086 -118.329438 -121.643634 -100.140445 -67.354283 -71.053225 -62.470987 -37.133749 7.063817 78.565925 100.065184 126.177112 159.229663 198.480267 217.222098 235.876187 241.574561 218.217938 178.331726 130.385237 102.463371 9.115244 -61.510135 -135.340240 -181.337563 -220.996215 -321.423481 -405.719134 -478.500124 -546.339745 -605.351964 -628.509802 -665.208553 -682.482939 -9999.0 -9999.0 -9999.0 -9999.0
-9999.0 -1034.600664 -963.257842 -805.769289 -589.298576 -430.010335 -199.279113 -77.005604 61.308562 43.422157 135.111462 219.627385 232.493298 217.408071 194.073558 191.664407 202.146663 204.664634 200.764875 191.185881 180.893778 174.094202 157.266544 166.971828 155.466252 140.916566 129.725577 116.793863 43.381928 7.906762 -20.872945 -39.158153 -74.778075 -149.733573 -176.995302 -198.111788 -270.997838 -291.904600 -315.209821 -366.829798 -396.426377 -416.150125 -390.916832 -395.523588 -396.912705 -381.917552 -345.000622 -315.471726 -250.352113 -202.886010 -172.770934 -131.316085 -99.644724 -54.288479 -2.736366 84.790303 114.136887 140.016735 166.404856 218.442329 240.085985 232.183454 203.214031 150.426602 106.073384 9.652550 -36.757506 -95.168371 -151.561577 -189.994408 -220.575897 -297.653116 -421.227521 -537.354926 -577.776346 -9999.0 -9999.0 -9999.0 -9999.0 -9999.0
-9999.0 -1111.832866 -982.872935 -833.088354 -527.542613 -190.637516 -97.310550 135.372849 200.143911 128.110291 45.279813 106.325768 142.366434 143.346717 120.603286 112.736204 106.215742 105.763780 118.339226 90.447326 27.902668 9.688449 6.672172 -5.909862 -31.431268 -52.026097 -67.466242 -88.720454 -136.204695 -170.496160 -223.220275 -265.648591 -381.654996 -481.559903 -537.648217 -588.206151 -640.794461 -642.144507 -627.051800 -644.119532 -664.896163 -683.405877 -659.359461 -646.222774 -636.369599 -646.092041 -638.621463 -606.374063 -558.521917 -513.485723 -450.433434 -363.755407 -284.722355 -206.493167 -180.658050 -139.547822 -98.392151 -48.543079 24.418033 128.850437 161.852203 193.958307 229.948787 247.064477 207.824172 166.890955 118.844389 67.320700 -36.082431 -94.215225 -121.759581 -152.684232 -193.461985 -9999.0 -9999.0 -9999.0 -9999.0 -9999.0 -9999.0 -9999.0
-9999.0 -1158.439191 -1031.543759 -965.908927 -763.290146 -545.270288 -328.176805 -188.282343 -55.684098 -141.880905 -151.734875 -131.594389 -107.234778 -88.212312 -108.857208 -136.307480 -154.605824 -150.851241 -149.423845 -166.592433 -187.510139 -196.927887 -198.075966 -208.406575 -250.921269 -279.226019 -298.217692 -336.524097 -399.476603 -476.869896 -573.519485 -636.553737 -693.629001 -724.707921 -749.400383 -775.889684 -810.320334 -798.459351 -784.813082 -788.961918 -800.170890 -805.584923 -779.865500 -765.743343 -757.291517 -771.965632 -756.215388 -734.529677 -698.702584 -663.376532 -621.580783 -571.561697 -518.581660 -483.372328 -459.157190 -410.431837 -332.973856 -232.187906 -161.936175 -73.450090 1.493334 80.934685 130.282053 152.285517 182.602344 198.131135 199.822305 168.086796 78.599764 -21.457602 -55.774433 -9999.0 -9999.0 -9999.0 -9999.0 -9999.0 -9999.0 -9999.0 -9999.0 -9999.0
-9999.0 -9999.0 -1184.945499 -1116.175246 -1049.105710 -955.458322 -849.251125 -756.632294 -697.918693 -633.595463 -556.129989 -479.734566 -432.146917 -411.039184 -438.300812 -493.383570 -526.315404 -525.591556 -535.185987 -552.815658 -581.804926 -592.298766 -600.520040 -607.685714 -622.596163 -630.311510 -634.931381 -644.679497 -665.002209 -706.912990 -752.769577 -793.926914 -836.171189 -850.127622 -863.659623 -879.406991 -878.004692 -879.367436 -874.663781 -874.701172 -871.333384 -863.694752 -850.521523 -836.169137 -830.806330 -826.474100 -818.263195 -801.410414 -776.748019 -745.401437 -702.057618 -653.478386 -620.211792 -611.300500 -622.767291 -618.110688 -597.322950 -552.104592 -440.270824 -283.792213 -184.521794 -124.594463 -52.293094 1.071385 39.572095 78.147888 129.369440 155.863151 93.205140 -10.304747 -9999.0 -9999.0 -9999.0 -9999.0 -9999.0 -9999.0 -9999.0 -9999.0 -9999.0 -9999.0
-9999.0 -9999.0 -9999.0 -9999.0 -1200.967663 -1114.844574 -1048.577840 -1033.540524 -968.856796 -912.415177 -856.926320 -804.114030 -765.918967 -747.321116 -761.264761 -769.094881 -776.487215 -777.597046 -783.892616 -789.620646 -794.665379 -800.345664 -807.529073 -813.398455 -813.558125 -810.367874 -811.053256 -820.942424 -829.915109 -850.967125 -865.148517 -886.143795 -906.641164 -923.316152 -927.183160 -930.311391 -927.785551 -932.138376 -924.786020 -924.738217 -916.293162 -908.877815 -895.557054 -878.128224 -873.890189 -864.498334 -859.419872 -845.380158 -827.364626 -788.807496 -739.141100 -692.130363 -663.797797 -662.956227 -690.409582 -706.481037 -711.834688 -688.931159 -648.551591 -582.819668 -465.663569 -344.772506 -229.089475 -182.610557 -155.028365 -109.768772 -40.864785 31.236092 -9999.0 -9999.0 -9999.0 -9999.0 -9999.0 -9999.0 -9999.0 -9999.0 -9999.0 -9999.0 -9999.0 -9999.0
-9999.0 -9999.0 -9999.0 -9999.0 -9999.0 -9999.0 -1177.746711 -1134.908255 -1132.317783 -1086.930874 -1040.994602 -999.062543 -955.193818 -945.856518 -935.381755 -916.478399 -920.321991 -932.439667 -945.286989 -929.780297 -922.356078 -923.641565 -944.775136 -942.941618 -940.525390 -932.633291 -933.336747 -934.388044 -953.073237 -940.034799 -935.843465 -946.293655 -957.174577 -959.438330 -965.422979 -954.733083 -953.511753 -963.232037 -964.248082 -947.682741 -939.038880 -935.568047 -925.761349 -907.679422 -887.399596 -880.128660 -882.478468 -883.101120 -855.645984 -804.176430 -749.504195 -706.079257 -680.907025 -675.640693 -703.728013 -742.803657 -764.079491 -761.895168 -736.058746 -693.403154 -626.173939 -582.296245 -549.766814 -519.863831 -480.500826 -329.755666 -9999.0 -9999.0 -9999.0 -9999.0 -9999.0 -9999.0 -9999.0 -9999.0 -9999.0 -9999.0 -9999.0 -9999.0 -9999.0 -9999.0
-9999.0 -9999.0 -9999.0 -9999.0 -9999.0 -9999.0 -9999.0 -9999.0 -9999.0 -9999.0 -9999.0 -9999.0 -9999.0 -9999.0 -9999.0 -9999.0 -9999.0 -9999.0 -9999.0 -9999.0 -9999.0 -9999.0 -9999.0 -9999.0 -9999.0 -9999.0 -9999.0 -9999.0 -9999.0 -9999.0 -9999.0 -9999.0 -9999.0 -9999.0 -9999.0 -9999.0 -9999.0 -9999.0 -9999.0 -9999.0 -9999.0 -9999.0 -9999.0 -9999.0 -9999.0 -9999.0 -9999.0 -9999.0 -9999.0 -9999.0 -9999.0 -9999.0 -9999.0 -9999.0 -9999.0 -9999.0 -9999.0 -9999.0 -9999.0 -9999.0 -9999.0 -9999.0 -9999.0 -9999.0 -9999.0 -9999.0 -9999.0 -9999.0 -9999.0 -9999.0 -9999.0 -9999.0 -9999.0 -9999.0 -9999.0 -9999.0 -9999.0 -9999.0 -9999.0 -9999.0
-9999.0 -9999.0 -9999.0 -9999.0 -9999.0 -9999.0 -9999.0 -9999.0 -9999.0 -9999.0 -9999.0 -9999.0 -9999.0 -9999.0 -9999.0 -9999.0 -9999.0 -9999.0 -9999.0 -9999.0 -9999.0 -9999.0 -9999.0 -9999.0 -9999.0 -9999.0 -9999.0 -9999.0 -9999.0 -9999.0 -9999.0 -9999.0 -9999.0 -9999.0 -9999.0 -9999.0 -9999.0 -9999.0 -9999.0 -9999.0 -9999.0 -9999.0 -9999.0 -9999.0 -9999.0 -9999.0 -9999.0 -9999.0 -9999.0 -9999.0 -9999.0 -9999.0 -9999.0 -9999.0 -9999.0 -9999.0 -9999.0 -9999.0 -9999.0 -9999.0 -9999.0 -9999.0 -9999.0 -9999.0 -9999.0 -9999.0 -9999.0 -9999.0 -9999.0 -9999.0 -9999.0 -9999.0 -9999.0 -9999.0 -9999.0 -9999.0 -9999.0 -9999.0 -9999.0 -9999.0