Borden_/Borden1m_014/output_maps/psiliqL0024N0005.asc
ncols         80
nrows         18
xllcorner     620200.000000
yllcorner     5168000.000000
cellsize      1.000000
NODATA_value  -9999.0
-9999.0 -9999.0 -9999.0 -9999.0 -9999.0 -9999.0 -9999.0 -9999.0 -9999.0 -9999.0 -9999.0 -9999.0 -9999.0 -9999.0 -9999.0 -9999.0 -9999.0 -9999.0 -9999.0 -9999.0 -9999.0 -9999.0 -9999.0 -9999.0 -9999.0 -9999.0 -9999.0 -9999.0 -9999.0 -9999.0 -9999.0 -9999.0 -9999.0 -9999.0 -9999.0 -9999.0 -9999.0 -9999.0 -9999.0 -9999.0 -9999.0 -9999.0 -9999.0 -9999.0 -9999.0 -9999.0 -9999.0 -9999.0 -9999.0 -9999.0 -9999.0 -9999.0 -9999.0 -9999.0 -9999.0 -9999.0 -9999.0 -9999.0 -9999.0 -9999.0 -9999.0 -9999.0 -9999.0 -9999.0 -9999.0 -9999.0 -9999.0 -9999.0 -9999.0 -9999.0 -9999.0 -9999.0 -9999.0 -9999.0 -9999.0 -9999.0 -9999.0 -9999.0 -9999.0 -9999.0
-9999.0 -9999.0 -9999.0 -9999.0 -9999.0 -9999.0 -9999.0 -9999.0 -9999.0 -9999.0 -9999.0 -9999.0 -9999.0 -9999.0 -9999.0 -9999.0 -9999.0 -9999.0 -9999.0 -9999.0 -9999.0 -9999.0 -9999.0 -9999.0 -9999.0 -9999.0 -9999.0 -9999.0 -9999.0 -9999.0 -9999.0 -9999.0 -9999.0 -9999.0 -9999.0 -9999.0 -9999.0 -9999.0 -9999.0 -9999.0 -9999.0 -9999.0 -9999.0 -9999.0 -9999.0 -9999.0 -9999.0 -9999.0 -9999.0 -9999.0 -9999.0 -9999.0 -9999.0 -9999.0 -9999.0 -9999.0 -9999.0 -9999.0 -9999.0 -9999.0 -9999.0 -9999.0 -9999.0 -9999.0 -9999.0 -9999.0 -9999.0 -9999.0 -9999.0 -9999.0 -9999.0 -9999.0 -9999.0 -9999.0 -9999.0 -9999.0 -9999.0 -9999.0 -9999.0 -9999.0
-9999.0 -9999.0 -9999.0 -9999.0 -9999.0 -9999.0 -9999.0 -9999.0 -9999.0 -9999.0 -9999.0 -9999.0 -9999.0 -9999.0 -9999.0 -9999.0 -9999.0 -9999.0 -9999.0 -9999.0 2925.714146 2926.836426 2904.950072 2870.727418 2842.299480 2843.888320 2876.701331 2916.995278 2955.303953 2962.705945 2943.494384 2946.782718 2942.016821 2937.687615 2937.925600 2945.246233 2951.289723 2960.970295 2967.887928 2965.645434 2958.314761 2953.156864 2955.258492 2957.020731 2963.152895 2949.354619 2965.108812 2980.080665 2985.108520 2982.378765 2959.686274 2947.636168 2939.942967 2924.807674 2951.411267 2963.440806 2986.474200 2991.386740 2989.816133 2963.847771 2934.006981 -9999.0 -9999.0 -9999.0 -9999.0 -9999.0 -9999.0 -9999.0 -9999.0 -9999.0 -9999.0 -9999.0 -9999.0 -9999.0 -9999.0 -9999.0 -9999.0 -9999.0 -9999.0 -9999.0
-9999.0 -9999.0 -9999.0 -9999.0 -9999.0 -9999.0 -9999.0 -9999.0 -9999.0 -9999.0 -9999.0 -9999.0 -9999.0 -9999.0 2836.037256 2826.978821 2823.830657 2830.928371 2863.170320 2893.066897 2904.679809 2896.970983 2896.515653 2871.609202 2848.700197 2861.025420 2889.888897 2919.838361 2952.688507 2969.837891 2958.315542 2955.367003 2962.278751 2980.784761 2989.015827 2985.222024 2968.539028 2990.963649 3004.163850 3008.772248 3006.666686 2996.801926 3005.914859 3019.973893 3012.946824 2997.639805 3008.011682 3022.827747 3034.147570 3025.762788 2969.029477 2956.628606 2953.997101 2950.273685 2937.775293 2934.173213 2962.604848 2962.792923 2955.962834 2939.187786 2906.454652 2861.692445 2843.354731 2884.179376 2928.330736 2984.847270 -9999.0 -9999.0 -9999.0 -9999.0 -9999.0 -9999.0 -9999.0 -9999.0 -9999.0 -9999.0 -9999.0 -9999.0 -9999.0 -9999.0
-9999.0 -9999.0 -9999.0 -9999.0 -9999.0 -9999.0 -9999.0 -9999.0 -9999.0 2789.901133 2784.648386 2791.312348 2793.352593 2808.169961 2804.793452 2811.309097 2815.248089 2841.814212 2870.857002 2903.906493 2930.482207 2920.708422 2919.031294 2923.173598 2918.238644 2925.926956 2945.677895 2980.625926 3012.033352 3047.097584 3013.656863 3008.612365 3025.792025 3067.230813 3091.068224 3093.325429 3074.617663 3089.930507 3113.194584 3129.226767 3125.692315 3119.869270 3145.304591 3160.121351 3155.025642 3134.034779 3131.679305 3138.591819 3167.613269 3117.693335 3052.885455 3014.004139 3029.233623 3007.999075 2981.509195 2971.402159 2972.342225 2992.506958 2981.170551 2948.516959 2915.627889 2904.742943 2888.589166 2909.753616 2933.552498 2980.170964 3020.362259 3050.484398 3050.440674 3033.496553 -9999.0 -9999.0 -9999.0 -9999.0 -9999.0 -9999.0 -9999.0 -9999.0 -9999.0 -9999.0
-9999.0 -9999.0 -9999.0 -9999.0 -9999.0 -9999.0 2709.709993 2720.972487 2742.802495 2746.599488 2774.119401 2780.487645 2783.096461 2799.890001 2820.878428 2833.388860 2858.157728 2887.469946 2923.076635 2960.393913 2986.372792 2975.990538 2979.776110 2999.617192 3026.918470 3046.205991 3068.116855 3104.952574 3176.223355 3212.131324 3205.990451 3206.859516 3214.955454 3264.656811 3328.206380 3339.500612 3318.964040 3305.676917 3328.534586 3365.318065 3364.040383 3362.889798 3375.318295 3385.812200 3412.495120 3402.144199 3366.352362 3360.191400 3365.959097 3344.604261 3277.556526 3220.480097 3200.788999 3155.139664 3073.491973 3030.261542 3052.456761 3079.867856 3058.269430 3009.439396 2978.200413 2973.030992 2962.403284 2955.589659 2968.108523 2990.870410 3015.444265 3029.682802 3018.337208 2998.029738 2976.767268 2948.878281 2951.684255 2976.869143 -9999.0 -9999.0 -9999.0 -9999.0 -9999.0 -9999.0
-9999.0 -9999.0 -9999.0 -9999.0 2658.492507 2672.306104 2659.166450 2686.708628 2720.485177 2755.805217 2785.041750 2797.395705 2820.012630 2846.088873 2879.016657 2901.500952 2933.542498 2962.581446 3007.927150 3068.619178 3112.507395 3126.159424 3134.359441 3184.968902 3240.804041 3287.767154 3306.103377 3331.404695 3375.802464 3431.750470 3454.077065 3457.110383 3473.950265 3515.904317 3570.688284 3605.358624 3587.952264 3579.179454 3588.619243 3602.353908 3624.478966 3624.568226 3625.668026 3629.495355 3636.728497 3635.249689 3609.310978 3576.199681 3563.378711 3553.592341 3517.105910 3446.073580 3415.346820 3387.231167 3346.902512 3293.907903 3245.119915 3244.878604 3191.267440 3137.470934 3087.280529 3078.672065 3058.281595 3042.350726 3024.644327 3036.597023 3048.391752 3033.588040 3004.241354 2975.483838 2962.729555 2945.438094 2934.575975 2965.867258 2983.894008 3013.688003 -9999.0 -9999.0 -9999.0 -9999.0
-9999.0 -9999.0 2597.585044 2644.065988 2702.217464 2710.190223 2706.583638 2712.217555 2741.442331 2793.580974 2832.595692 2869.785413 2898.954610 2928.163920 2976.884814 3039.430243 3099.095883 3140.764334 3197.378282 3265.470288 3323.912442 3350.700187 3359.726790 3394.694586 3448.420922 3515.852093 3543.258908 3569.220057 3600.247411 3635.761741 3630.259958 3641.347920 3653.195780 3664.576715 3678.265679 3684.710312 3680.078718 3675.529099 3657.107519 3652.156326 3658.686157 3666.257060 3665.593786 3651.102341 3647.143580 3661.949811 3667.871935 3665.999121 3663.545757 3668.731417 3665.349942 3618.451431 3598.284753 3583.471821 3572.482733 3527.002454 3461.227889 3428.405883 3407.761116 3367.738601 3295.101195 3256.944126 3217.515131 3182.584525 3144.895849 3130.936670 3098.225969 3066.168121 3027.643228 2987.146717 2968.456999 2954.189212 2953.998507 2954.967934 2972.811169 2988.661199 3004.700534 3012.813463 -9999.0 -9999.0
-9999.0 2488.303514 2559.700387 2682.740303 2761.925141 2790.060399 2800.419823 2804.803178 2828.718386 2858.168393 2945.147951 2996.908397 3078.680005 3114.132222 3154.435970 3243.571071 3335.909566 3378.126571 3415.799192 3477.431342 3541.518380 3587.829757 3613.759000 3596.991654 3635.208725 3662.109175 3669.299295 3675.632558 3674.957265 3666.513784 3659.740266 3666.514442 3663.685736 3644.778034 3628.962014 3627.310199 3623.969097 3600.892231 3573.555501 3558.371054 3560.038800 3584.700058 3571.793412 3550.537241 3546.169088 3567.644849 3588.554101 3578.025150 3564.966121 3581.456006 3615.696603 3639.824004 3642.176692 3660.368651 3681.403735 3652.902244 3630.658470 3587.580696 3570.937204 3545.747088 3489.700543 3435.050236 3387.429632 3339.065979 3286.752660 3237.399307 3189.973827 3143.032169 3089.885015 3057.340823 3033.075951 2990.109816 2977.099658 2983.433648 2978.518237 2977.187100 2984.002710 2990.661240 -9999.0 -9999.0
-9999.0 2394.212962 2533.654789 2712.802711 2847.989507 2888.839976 2953.795235 3009.127673 3022.521682 2971.367364 3068.806390 3282.661235 3398.958921 3414.853263 3488.282756 3580.668705 3567.920625 3598.456094 3620.836900 3643.721439 3662.175402 3675.462954 3673.474918 3668.013368 3651.727269 3643.769319 3642.943708 3640.905584 3623.744320 3605.001791 3588.359623 3585.435479 3567.928623 3519.817860 3487.119710 3470.231556 3452.388073 3438.645104 3411.088864 3385.451677 3369.605815 3380.967301 3378.404517 3364.429709 3359.996627 3378.456412 3409.234053 3406.553226 3417.193878 3436.545895 3471.855287 3509.296261 3528.356052 3557.081875 3592.356705 3639.258487 3648.824302 3671.036607 3674.235437 3662.618912 3616.939518 3566.094488 3537.024782 3482.311725 3422.929231 3361.409027 3313.099049 3268.742192 3214.117924 3179.989496 3140.761005 3087.584439 3044.077140 3035.300718 3001.855114 2988.360391 -9999.0 -9999.0 -9999.0 -9999.0
-9999.0 2295.213797 2475.653545 2717.416437 2998.555167 3072.718279 3270.438460 3382.912205 3421.658660 3487.052671 3381.701599 3576.143240 3625.059691 3619.058228 3631.178023 3633.775655 3647.616818 3647.196767 3642.137998 3631.283331 3621.917341 3617.517126 3616.387205 3608.516936 3595.991399 3581.487636 3569.727761 3558.558884 3522.486720 3491.042838 3453.030611 3440.907489 3398.110536 3307.469756 3268.963989 3231.676691 3172.535947 3174.458602 3180.449311 3156.560671 3137.440238 3110.821802 3139.129226 3148.726911 3152.455845 3148.941676 3159.276971 3186.325842 3232.635073 3266.262677 3304.817661 3352.076324 3381.905726 3420.627976 3460.439633 3512.244184 3542.808196 3571.365492 3619.315848 3656.092193 3678.610567 3665.156471 3645.734818 3602.151740 3542.443395 3493.464454 3465.082096 3415.421997 3372.312946 3328.872221 3282.718124 3230.267998 3169.252479 3114.431862 3080.412609 -9999.0 -9999.0 -9999.0 -9999.0 -9999.0
-9999.0 2078.611475 2342.524764 2611.250203 2881.355543 3216.613535 3377.628353 3473.320450 3535.009873 3513.579175 3532.815595 3540.188225 3576.771131 3583.380045 3561.872411 3548.589676 3531.760987 3530.672782 3543.665824 3516.721832 3486.991015 3473.934772 3474.775740 3464.074185 3440.596605 3425.723992 3416.420426 3398.388773 3355.646164 3306.481512 3224.146930 3191.665692 3115.098331 3075.151694 3038.796487 2992.731275 2950.055532 2955.290192 2977.815212 2969.762683 2949.239865 2932.319306 2961.229002 2980.167145 2993.039960 2977.399862 2984.010698 3017.876321 3063.728245 3103.408660 3146.686727 3193.942113 3234.879499 3273.963748 3295.438079 3335.232348 3376.772343 3417.794673 3487.044502 3563.935093 3598.878475 3632.858864 3662.424312 3684.005483 3641.576829 3614.703006 3591.480574 3568.637383 3523.134340 3478.175720 3437.676440 3374.183712 3314.712486 -9999.0 -9999.0 -9999.0 -9999.0 -9999.0 -9999.0 -9999.0
-9999.0 1964.035980 2160.392756 2356.458812 2610.563601 2827.142532 3040.102321 3130.126429 3199.233038 3263.318404 3313.117817 3349.230677 3374.942871 3396.033525 3373.324794 3328.476245 3296.897181 3301.696790 3293.641230 3272.455491 3244.916338 3232.077218 3229.788823 3225.057286 3203.876903 3193.557221 3186.851961 3169.118427 3143.644962 3091.987782 3021.071078 2951.384107 2898.136258 2878.044917 2855.555421 2828.899954 2801.833815 2815.279000 2828.338026 2828.241577 2821.490869 2821.453999 2850.487218 2870.110999 2879.557340 2868.423787 2886.407756 2909.512120 2946.332437 2984.112723 3028.121405 3077.475543 3125.134241 3145.243415 3147.865388 3160.129648 3187.859654 3230.933269 3306.752089 3391.884676 3467.547211 3512.147223 3562.242269 3601.473034 3628.747426 3655.127076 3676.332082 3668.484587 3643.302473 3610.434055 3552.778942 -9999.0 -9999.0 -9999.0 -9999.0 -9999.0 -9999.0 -9999.0 -9999.0 -9999.0
-9999.0 -9999.0 1933.093263 2088.128424 2189.488273 2352.690127 2495.239784 2603.209922 2705.170280 2812.416425 2930.385452 3019.428947 3064.392804 3079.682124 3065.565046 3036.475285 3018.750389 3018.485232 3007.211594 3000.531267 2985.782977 2980.560186 2971.113313 2964.110129 2959.745985 2959.053234 2957.110460 2949.467064 2933.137364 2892.381233 2855.204307 2811.353456 2795.451116 2771.926551 2751.918193 2733.273341 2735.894309 2730.535676 2735.444942 2737.802803 2746.694935 2760.361633 2779.656774 2785.841049 2795.374165 2805.130234 2815.881086 2837.287603 2866.999974 2906.543570 2957.229477 3010.519957 3045.714431 3052.238609 3034.377084 3029.654457 3038.190585 3067.312184 3131.003284 3199.860128 3287.962312 3352.369756 3418.715175 3473.841485 3499.984485 3536.346914 3605.331820 3653.266631 3694.191166 3671.875400 -9999.0 -9999.0 -9999.0 -9999.0 -9999.0 -9999.0 -9999.0 -9999.0 -9999.0 -9999.0
-9999.0 -9999.0 -9999.0 -9999.0 1946.198883 2093.199839 2189.329780 2268.461955 2401.498682 2531.302336 2638.776569 2727.262564 2797.095877 2786.913559 2786.898862 2801.846334 2800.430928 2791.846011 2781.371733 2785.690728 2790.112099 2784.296838 2807.431920 2801.585984 2805.376408 2812.894520 2810.800397 2797.505683 2778.982467 2762.955198 2748.501692 2717.225616 2684.945107 2657.159271 2644.954338 2641.475425 2641.536475 2633.749910 2642.049134 2650.656648 2666.342401 2681.315902 2704.677718 2733.881491 2748.592827 2763.597009 2772.736278 2791.882213 2806.334340 2857.382873 2918.501791 2974.262823 3006.947764 3006.996173 2978.709604 2957.007992 2944.825392 2962.505472 2991.181414 3042.368217 3131.118218 3192.755787 3238.497292 3277.610075 3313.762553 3377.766649 3470.486247 3550.775994 -9999.0 -9999.0 -9999.0 -9999.0 -9999.0 -9999.0 -9999.0 -9999.0 -9999.0 -9999.0 -9999.0 -9999.0
-9999.0 -9999.0 -9999.0 -9999.0 -9999.0 -9999.0 1917.976823 2022.723758 2091.420755 2242.563605 2386.590095 2494.776896 2579.121997 2615.161762 2648.857247 2678.882054 2678.956795 2658.860412 2637.511774 2659.252850 2678.272112 2672.620409 2641.777621 2643.667336 2650.901009 2659.139197 2656.847594 2651.006639 2626.535767 2642.766386 2647.049570 2624.943041 2600.214915 2587.839408 2576.712731 2586.843832 2587.138249 2572.911735 2572.055872 2599.815238 2620.707592 2633.481335 2654.476856 2687.610758 2720.160062 2735.954091 2737.124383 2742.201618 2779.315522 2834.967843 2905.240626 2959.503112 2989.440400 2993.845309 2963.326691 2918.416368 2892.168224 2891.084909 2915.443120 2955.009258 3014.930385 3051.090872 3062.762571 3064.600840 3077.224875 3175.305167 -9999.0 -9999.0 -9999.0 -9999.0 -9999.0 -9999.0 -9999.0 -9999.0 -9999.0 -9999.0 -9999.0 -9999.0 -9999.0 -9999.0
-9999.0 -9999.0 -9999.0 -9999.0 -9999.0 -9999.0 -9999.0 -9999.0 -9999.0 -9999.0 -9999.0 -9999.0 -9999.0 -9999.0 -9999.0 -9999.0 -9999.0 -9999.0 -9999.0 -9999.0 -9999.0 -9999.0 -9999.0 -9999.0 -9999.0 -9999.0 -9999.0 -9999.0 -9999.0 -9999.0 -9999.0 -9999.0 -9999.0 -9999.0 -9999.0 -9999.0 -9999.0 -9999.0 -9999.0 -9999.0 -9999.0 -9999.0 -9999.0 -9999.0 -9999.0 -9999.0 -9999.0 -9999.0 -9999.0 -9999.0 -9999.0 -9999.0 -9999.0 -9999.0 -9999.0 -9999.0 -9999.0 -9999.0 -9999.0 -9999.0 -9999.0 -9999.0 -9999.0 -9999.0 -9999.0 -9999.0 -9999.0 -9999.0 -9999.0 -9999.0 -9999.0 -9999.0 -9999.0 -9999.0 -9999.0 -9999.0 -9999.0 -9999.0 -9999.0 -9999.0
-9999.0 -9999.0 -9999.0 -9999.0 -9999.0 -9999.0 -9999.0 -9999.0 -9999.0 -9999.0 -9999.0 -9999.0 -9999.0 -9999.0 -9999.0 -9999.0 -9999.0 -9999.0 -9999.0 -9999.0 -9999.0 -9999.0 -9999.0 -9999.0 -9999.0 -9999.0 -9999.0 -9999.0 -9999.0 -9999.0 -9999.0 -9999.0 -9999.0 -9999.0 -9999.0 -9999.0 -9999.0 -9999.0 -9999.0 -9999.0 -9999.0 -9999.0 -9999.0 -9999.0 -9999.0 -9999.0 -9999.0 -9999.0 -9999.0 -9999.0 -9999.0 -9999.0 -9999.0 -9999.0 -9999.0 -9999.0 -9999.0 -9999.0 -9999.0 -9999.0 -9999.0 -9999.0 -9999.0 -9999.0 -9999.0 -9999.0 -9999.0 -9999.0 -9999.0 -9999.0 -9999.0 -9999.0 -9999.0 -9999.0 -9999.0 -9999.0 -9999.0 -9999.0 -9999.0 -9999.0