Borden_/Borden1m_014/output_maps/psiliqL0009N0026.asc
ncols         80
nrows         18
xllcorner     620200.000000
yllcorner     5168000.000000
cellsize      1.000000
NODATA_value  -9999.0
-9999.0 -9999.0 -9999.0 -9999.0 -9999.0 -9999.0 -9999.0 -9999.0 -9999.0 -9999.0 -9999.0 -9999.0 -9999.0 -9999.0 -9999.0 -9999.0 -9999.0 -9999.0 -9999.0 -9999.0 -9999.0 -9999.0 -9999.0 -9999.0 -9999.0 -9999.0 -9999.0 -9999.0 -9999.0 -9999.0 -9999.0 -9999.0 -9999.0 -9999.0 -9999.0 -9999.0 -9999.0 -9999.0 -9999.0 -9999.0 -9999.0 -9999.0 -9999.0 -9999.0 -9999.0 -9999.0 -9999.0 -9999.0 -9999.0 -9999.0 -9999.0 -9999.0 -9999.0 -9999.0 -9999.0 -9999.0 -9999.0 -9999.0 -9999.0 -9999.0 -9999.0 -9999.0 -9999.0 -9999.0 -9999.0 -9999.0 -9999.0 -9999.0 -9999.0 -9999.0 -9999.0 -9999.0 -9999.0 -9999.0 -9999.0 -9999.0 -9999.0 -9999.0 -9999.0 -9999.0
-9999.0 -9999.0 -9999.0 -9999.0 -9999.0 -9999.0 -9999.0 -9999.0 -9999.0 -9999.0 -9999.0 -9999.0 -9999.0 -9999.0 -9999.0 -9999.0 -9999.0 -9999.0 -9999.0 -9999.0 -9999.0 -9999.0 -9999.0 -9999.0 -9999.0 -9999.0 -9999.0 -9999.0 -9999.0 -9999.0 -9999.0 -9999.0 -9999.0 -9999.0 -9999.0 -9999.0 -9999.0 -9999.0 -9999.0 -9999.0 -9999.0 -9999.0 -9999.0 -9999.0 -9999.0 -9999.0 -9999.0 -9999.0 -9999.0 -9999.0 -9999.0 -9999.0 -9999.0 -9999.0 -9999.0 -9999.0 -9999.0 -9999.0 -9999.0 -9999.0 -9999.0 -9999.0 -9999.0 -9999.0 -9999.0 -9999.0 -9999.0 -9999.0 -9999.0 -9999.0 -9999.0 -9999.0 -9999.0 -9999.0 -9999.0 -9999.0 -9999.0 -9999.0 -9999.0 -9999.0
-9999.0 -9999.0 -9999.0 -9999.0 -9999.0 -9999.0 -9999.0 -9999.0 -9999.0 -9999.0 -9999.0 -9999.0 -9999.0 -9999.0 -9999.0 -9999.0 -9999.0 -9999.0 -9999.0 -9999.0 -66.236793 -63.207508 -85.697201 -119.495494 -147.690556 -145.489601 -110.204612 -68.726696 -30.314035 -19.373187 -36.962399 -34.967007 -39.546743 -39.398571 -36.035178 -29.606437 -26.500357 -14.741663 -5.850158 -5.664868 -11.437077 -16.731312 -17.330102 -13.627531 -8.641065 -18.287074 -5.148212 9.856588 15.656166 9.673933 -18.638616 -35.290071 -44.281738 -59.524027 -35.580454 -23.532245 -0.853159 3.174066 1.595255 -25.702238 -55.931542 -9999.0 -9999.0 -9999.0 -9999.0 -9999.0 -9999.0 -9999.0 -9999.0 -9999.0 -9999.0 -9999.0 -9999.0 -9999.0 -9999.0 -9999.0 -9999.0 -9999.0 -9999.0 -9999.0
-9999.0 -9999.0 -9999.0 -9999.0 -9999.0 -9999.0 -9999.0 -9999.0 -9999.0 -9999.0 -9999.0 -9999.0 -9999.0 -9999.0 -157.187428 -167.230670 -170.126624 -161.427706 -127.404901 -97.209813 -84.589584 -91.998939 -91.827880 -115.081740 -135.000652 -120.494368 -90.608714 -58.472775 -23.145272 -1.529534 -13.267545 -15.213482 -3.881682 24.599825 40.189897 38.186583 17.059853 40.245989 57.484203 68.238498 68.468556 60.681364 76.398734 93.627358 86.807255 67.845197 69.926775 80.864497 94.586608 77.420184 10.181639 -12.456003 -17.184252 -25.043015 -39.501126 -46.726747 -22.310654 -21.835113 -30.464460 -48.753803 -81.265572 -125.403666 -143.506633 -105.127678 -60.894733 -3.033662 -9999.0 -9999.0 -9999.0 -9999.0 -9999.0 -9999.0 -9999.0 -9999.0 -9999.0 -9999.0 -9999.0 -9999.0 -9999.0 -9999.0
-9999.0 -9999.0 -9999.0 -9999.0 -9999.0 -9999.0 -9999.0 -9999.0 -9999.0 -214.506767 -210.758473 -203.617818 -201.720563 -186.003491 -187.743761 -180.647457 -172.621864 -146.034780 -114.529388 -78.997559 -49.682738 -58.988077 -57.919436 -45.015268 -37.454935 -23.463795 -1.005166 42.118076 88.474622 134.360559 108.055884 107.787422 129.759810 182.878255 224.691232 236.812681 215.723170 220.463662 249.683533 280.052262 284.437391 285.293663 315.211485 332.149798 337.506298 313.425524 288.538153 283.862293 310.130830 249.794012 176.884595 118.232593 115.041171 79.097808 34.102819 9.610597 5.322260 26.110938 9.552366 -29.153228 -66.508844 -76.766532 -93.857043 -77.793676 -55.443655 -8.652590 29.890195 58.440260 58.491208 41.058039 -9999.0 -9999.0 -9999.0 -9999.0 -9999.0 -9999.0 -9999.0 -9999.0 -9999.0 -9999.0
-9999.0 -9999.0 -9999.0 -9999.0 -9999.0 -9999.0 -293.103207 -284.287922 -264.585877 -259.187846 -234.738999 -227.166059 -206.503337 -186.906135 -165.834213 -148.347339 -116.774498 -83.197114 -40.338532 5.572450 40.172588 38.041652 51.333144 89.841187 137.733787 173.647422 202.108077 249.471124 343.501058 398.954175 417.111744 426.361556 438.668616 483.039543 546.206422 570.412539 541.963201 523.935141 543.080285 583.148775 607.444058 612.974102 622.614979 631.807202 656.808222 644.901849 588.994737 565.355766 558.469673 544.958502 491.114867 429.983353 380.789174 319.061524 222.442103 157.084058 154.618150 167.457313 131.619607 72.804321 26.662979 13.819107 -2.573745 -17.968666 -13.452274 5.296343 28.089690 39.130461 26.378496 5.587019 -17.539256 -46.354815 -44.696073 -19.311026 -9999.0 -9999.0 -9999.0 -9999.0 -9999.0 -9999.0
-9999.0 -9999.0 -9999.0 -9999.0 -342.739946 -330.388173 -342.173113 -318.512873 -286.565283 -253.254778 -220.663891 -182.863068 -155.078275 -124.353467 -81.371481 -41.622783 5.152313 44.647279 105.735700 181.723785 242.107644 277.287395 303.936720 378.434425 446.670871 497.903547 517.030434 545.370256 593.679848 668.373522 698.337870 705.816051 724.904807 753.351458 797.892644 831.578879 812.821269 802.574570 809.678887 821.482518 848.917466 851.738758 853.927805 855.342000 858.020539 856.676141 830.442378 793.337074 780.590172 773.450614 746.995993 684.194046 627.871646 591.119066 559.949562 513.234226 447.837037 422.170473 354.667100 284.405853 205.765158 174.393312 136.743224 105.406128 70.651306 68.601197 69.499383 48.273495 16.597967 -15.843602 -31.031141 -49.798296 -60.109857 -30.264274 -12.575797 18.372803 -9999.0 -9999.0 -9999.0 -9999.0
-9999.0 -9999.0 -400.868593 -351.082470 -295.216566 -286.658093 -284.628573 -279.472469 -252.224200 -200.814262 -121.063814 -66.241264 -18.557528 16.317054 82.259958 174.679961 263.832297 327.024663 397.471463 467.671111 528.177643 567.597445 601.881671 643.640086 692.936133 747.710926 769.578613 796.267650 827.871332 861.548408 882.695447 898.220089 904.901609 903.389448 905.394482 905.410605 900.985847 894.557888 877.219654 874.637784 882.519417 886.389380 888.929833 876.837709 872.999820 885.340085 886.907703 885.218471 886.101388 894.589444 901.818453 868.667091 818.824363 800.599061 790.137548 751.286461 691.645190 637.007431 608.737514 565.107309 488.091601 434.646026 375.189954 310.652171 242.724568 199.968696 145.576820 99.748918 51.687049 5.015796 -19.078436 -37.815222 -40.284982 -39.886905 -23.871554 -8.254799 7.175516 15.003727 -9999.0 -9999.0
-9999.0 -500.174766 -427.605592 -300.083777 -220.946372 -175.377901 -135.014642 -105.594345 -79.132544 -60.402662 53.963791 167.957974 271.262130 314.282730 379.068126 482.339156 586.236600 631.186206 665.602714 715.244875 769.923983 815.393553 845.436196 871.673537 900.319097 903.257427 902.891963 903.977798 898.179481 891.066237 881.815154 888.961254 886.927390 869.996937 855.747262 853.273308 846.479799 819.061831 790.802843 776.359616 779.565680 800.189510 786.736708 769.844580 766.815477 787.000497 803.775361 793.254754 784.799515 803.924794 838.345558 859.808958 874.027351 888.085352 907.929926 885.451689 854.300246 812.830138 790.596843 762.761279 697.550655 634.250358 579.042472 515.394648 448.374236 371.255275 293.297463 220.787562 147.150999 102.832498 68.946062 15.526626 -8.527340 -7.740164 -17.292812 -20.030519 -13.588875 -7.179900 -9999.0 -9999.0
-9999.0 -572.781711 -429.396597 -243.312638 -95.170139 -30.111864 91.995053 182.233312 216.778856 196.211082 326.290508 560.693620 648.635210 662.992430 729.183609 807.887085 843.994621 872.610455 891.359027 891.257665 891.486527 897.800127 895.521117 889.230778 875.465337 867.834522 866.622788 863.060014 843.276923 822.142592 803.587311 801.200136 786.330377 747.929784 717.260110 701.619543 683.664874 650.202667 610.324474 580.960260 566.357852 583.842375 574.472357 557.319099 553.927774 577.442656 611.289877 607.093351 615.129905 639.645101 682.653378 729.849997 753.610464 781.252868 816.553110 861.463182 880.280835 900.353284 904.832380 882.480526 838.909847 788.163942 754.948470 685.535703 611.589712 531.927814 469.302695 409.221636 332.446688 272.780049 213.929834 148.513984 85.706508 54.923622 14.050976 -7.361095 -9999.0 -9999.0 -9999.0 -9999.0
-9999.0 -639.934326 -448.688861 -182.835652 81.831466 222.524330 435.070594 571.085760 649.096369 696.405258 728.641435 841.826124 866.535391 858.863916 845.679012 847.237591 861.115364 864.984194 861.405312 851.602597 841.073968 836.543166 832.574660 826.823947 814.549536 799.402782 786.013252 770.917806 723.482894 688.108276 655.626273 638.951751 601.680855 513.474426 473.296311 441.956729 383.858479 368.991332 352.629666 316.458154 292.407231 273.848950 294.061226 294.406913 295.568304 305.533266 330.934277 355.621201 403.725031 443.303373 487.182803 540.427195 576.210221 621.498583 671.512672 735.794532 768.592964 798.313195 841.511978 883.439003 906.018390 896.924778 867.540809 824.329754 755.628231 681.177960 630.812443 559.774572 495.658191 444.280412 400.045726 341.025193 257.944908 149.525665 103.094511 -9999.0 -9999.0 -9999.0 -9999.0 -9999.0
-9999.0 -796.980382 -529.206695 -232.183044 103.138542 434.563921 552.498757 715.931332 791.401606 733.251798 710.595003 739.765646 774.784129 785.126136 766.242310 759.629189 751.561304 751.891553 764.418957 737.531650 700.137576 684.609894 682.498217 669.683639 645.447277 626.133320 611.224604 588.866097 537.347962 489.036494 414.862515 383.482058 298.350479 221.455810 169.670380 118.151906 63.261698 59.072583 73.056207 54.754917 31.123691 11.749754 37.532343 53.318363 64.589859 55.460110 65.883181 102.836966 154.889490 202.502885 260.177454 327.552453 384.044041 441.194377 476.444516 529.869155 578.323624 627.711846 702.711707 787.269982 823.158383 857.971062 892.996763 908.213702 860.959681 810.235556 757.670470 687.429350 599.275254 553.865879 530.365105 494.640163 440.362197 -9999.0 -9999.0 -9999.0 -9999.0 -9999.0 -9999.0 -9999.0
-9999.0 -930.152513 -699.732564 -452.911082 -152.192060 91.208795 288.432621 414.456126 505.459304 495.307473 504.920657 532.779546 562.081355 584.390957 562.660357 528.105070 503.190262 507.340265 506.499159 483.198536 454.002390 439.575168 437.605579 428.541842 398.665014 378.633079 363.488307 334.561112 288.518730 223.303197 135.302779 63.069949 -2.424193 -40.451400 -72.160601 -106.204563 -145.636425 -135.599647 -121.532098 -126.494813 -139.082677 -143.655818 -114.118030 -95.739230 -85.687519 -98.596911 -79.908017 -52.572982 -10.064042 32.893071 82.661954 140.050972 197.466225 233.442489 254.940194 293.245389 347.702272 415.208324 502.941381 600.906832 677.818270 733.987337 783.657108 815.205091 832.594704 850.954769 829.070702 744.908048 610.300918 601.439513 599.933816 -9999.0 -9999.0 -9999.0 -9999.0 -9999.0 -9999.0 -9999.0 -9999.0 -9999.0
-9999.0 -9999.0 -936.286071 -747.253128 -589.151483 -403.030303 -251.026597 -140.934965 -63.245119 28.339192 119.534245 197.579167 242.415875 261.310005 241.505855 198.489395 171.439256 171.246043 161.622766 147.217510 122.389589 112.511585 102.295867 93.440806 78.763866 69.970523 63.101283 49.989272 24.842582 -24.430863 -78.519652 -131.727016 -187.226891 -213.035816 -235.401347 -258.267154 -261.871407 -263.801360 -257.048853 -255.918497 -250.604879 -238.907004 -218.156574 -196.799078 -187.409679 -180.327218 -167.760045 -144.034419 -110.789412 -69.652070 -16.968552 39.403987 78.485824 91.606160 83.601386 92.011570 118.209672 169.476110 268.673928 375.806724 474.860477 548.106626 621.675102 673.425332 694.120768 720.638211 739.003347 661.698351 394.973051 538.465255 -9999.0 -9999.0 -9999.0 -9999.0 -9999.0 -9999.0 -9999.0 -9999.0 -9999.0 -9999.0
-9999.0 -9999.0 -9999.0 -9999.0 -890.446475 -733.986022 -640.558996 -558.608830 -437.228881 -327.460940 -235.368922 -158.600889 -105.312965 -81.610888 -92.695244 -98.067592 -106.286544 -110.132702 -118.830524 -124.257091 -129.899434 -137.973853 -149.725196 -157.638779 -158.678686 -155.469032 -157.871351 -171.366047 -187.792840 -215.196469 -239.381242 -274.799115 -311.949309 -341.189366 -354.251938 -361.130953 -360.856394 -366.367202 -356.788381 -350.394615 -335.505897 -320.070840 -296.081810 -267.813079 -255.266942 -241.120025 -231.450260 -210.646298 -180.663178 -127.968966 -65.940402 -10.215710 23.341226 26.473151 -0.101373 -16.194925 -19.105480 10.320185 61.038730 137.800703 251.804593 343.719124 420.069875 470.716533 505.328456 554.760625 605.722245 627.415007 -9999.0 -9999.0 -9999.0 -9999.0 -9999.0 -9999.0 -9999.0 -9999.0 -9999.0 -9999.0 -9999.0 -9999.0
-9999.0 -9999.0 -9999.0 -9999.0 -9999.0 -9999.0 -945.999515 -851.504696 -765.179253 -643.873304 -530.674244 -438.722552 -364.085633 -338.932376 -321.248452 -298.904027 -303.390918 -320.343600 -337.008029 -320.434161 -310.803746 -315.780628 -343.468235 -344.981763 -341.474366 -332.145078 -333.365958 -339.465961 -364.319085 -356.043653 -357.394654 -380.474632 -406.557654 -420.878103 -432.340609 -422.237764 -421.320113 -433.789938 -431.325471 -405.173898 -385.408638 -371.919744 -349.370291 -316.255051 -284.377940 -270.198852 -269.337111 -263.232902 -221.857804 -151.728748 -81.859236 -28.951023 1.253112 7.881855 -21.430654 -63.237141 -85.473365 -79.364217 -44.851578 9.715742 89.668004 144.714076 182.021200 208.796190 243.002350 352.568865 -9999.0 -9999.0 -9999.0 -9999.0 -9999.0 -9999.0 -9999.0 -9999.0 -9999.0 -9999.0 -9999.0 -9999.0 -9999.0 -9999.0
-9999.0 -9999.0 -9999.0 -9999.0 -9999.0 -9999.0 -9999.0 -9999.0 -9999.0 -9999.0 -9999.0 -9999.0 -9999.0 -9999.0 -9999.0 -9999.0 -9999.0 -9999.0 -9999.0 -9999.0 -9999.0 -9999.0 -9999.0 -9999.0 -9999.0 -9999.0 -9999.0 -9999.0 -9999.0 -9999.0 -9999.0 -9999.0 -9999.0 -9999.0 -9999.0 -9999.0 -9999.0 -9999.0 -9999.0 -9999.0 -9999.0 -9999.0 -9999.0 -9999.0 -9999.0 -9999.0 -9999.0 -9999.0 -9999.0 -9999.0 -9999.0 -9999.0 -9999.0 -9999.0 -9999.0 -9999.0 -9999.0 -9999.0 -9999.0 -9999.0 -9999.0 -9999.0 -9999.0 -9999.0 -9999.0 -9999.0 -9999.0 -9999.0 -9999.0 -9999.0 -9999.0 -9999.0 -9999.0 -9999.0 -9999.0 -9999.0 -9999.0 -9999.0 -9999.0 -9999.0
-9999.0 -9999.0 -9999.0 -9999.0 -9999.0 -9999.0 -9999.0 -9999.0 -9999.0 -9999.0 -9999.0 -9999.0 -9999.0 -9999.0 -9999.0 -9999.0 -9999.0 -9999.0 -9999.0 -9999.0 -9999.0 -9999.0 -9999.0 -9999.0 -9999.0 -9999.0 -9999.0 -9999.0 -9999.0 -9999.0 -9999.0 -9999.0 -9999.0 -9999.0 -9999.0 -9999.0 -9999.0 -9999.0 -9999.0 -9999.0 -9999.0 -9999.0 -9999.0 -9999.0 -9999.0 -9999.0 -9999.0 -9999.0 -9999.0 -9999.0 -9999.0 -9999.0 -9999.0 -9999.0 -9999.0 -9999.0 -9999.0 -9999.0 -9999.0 -9999.0 -9999.0 -9999.0 -9999.0 -9999.0 -9999.0 -9999.0 -9999.0 -9999.0 -9999.0 -9999.0 -9999.0 -9999.0 -9999.0 -9999.0 -9999.0 -9999.0 -9999.0 -9999.0 -9999.0 -9999.0