Borden_/Borden1m_014/output_maps/psiliqL0026N0028.asc
ncols         80
nrows         18
xllcorner     620200.000000
yllcorner     5168000.000000
cellsize      1.000000
NODATA_value  -9999.0
-9999.0 -9999.0 -9999.0 -9999.0 -9999.0 -9999.0 -9999.0 -9999.0 -9999.0 -9999.0 -9999.0 -9999.0 -9999.0 -9999.0 -9999.0 -9999.0 -9999.0 -9999.0 -9999.0 -9999.0 -9999.0 -9999.0 -9999.0 -9999.0 -9999.0 -9999.0 -9999.0 -9999.0 -9999.0 -9999.0 -9999.0 -9999.0 -9999.0 -9999.0 -9999.0 -9999.0 -9999.0 -9999.0 -9999.0 -9999.0 -9999.0 -9999.0 -9999.0 -9999.0 -9999.0 -9999.0 -9999.0 -9999.0 -9999.0 -9999.0 -9999.0 -9999.0 -9999.0 -9999.0 -9999.0 -9999.0 -9999.0 -9999.0 -9999.0 -9999.0 -9999.0 -9999.0 -9999.0 -9999.0 -9999.0 -9999.0 -9999.0 -9999.0 -9999.0 -9999.0 -9999.0 -9999.0 -9999.0 -9999.0 -9999.0 -9999.0 -9999.0 -9999.0 -9999.0 -9999.0
-9999.0 -9999.0 -9999.0 -9999.0 -9999.0 -9999.0 -9999.0 -9999.0 -9999.0 -9999.0 -9999.0 -9999.0 -9999.0 -9999.0 -9999.0 -9999.0 -9999.0 -9999.0 -9999.0 -9999.0 -9999.0 -9999.0 -9999.0 -9999.0 -9999.0 -9999.0 -9999.0 -9999.0 -9999.0 -9999.0 -9999.0 -9999.0 -9999.0 -9999.0 -9999.0 -9999.0 -9999.0 -9999.0 -9999.0 -9999.0 -9999.0 -9999.0 -9999.0 -9999.0 -9999.0 -9999.0 -9999.0 -9999.0 -9999.0 -9999.0 -9999.0 -9999.0 -9999.0 -9999.0 -9999.0 -9999.0 -9999.0 -9999.0 -9999.0 -9999.0 -9999.0 -9999.0 -9999.0 -9999.0 -9999.0 -9999.0 -9999.0 -9999.0 -9999.0 -9999.0 -9999.0 -9999.0 -9999.0 -9999.0 -9999.0 -9999.0 -9999.0 -9999.0 -9999.0 -9999.0
-9999.0 -9999.0 -9999.0 -9999.0 -9999.0 -9999.0 -9999.0 -9999.0 -9999.0 -9999.0 -9999.0 -9999.0 -9999.0 -9999.0 -9999.0 -9999.0 -9999.0 -9999.0 -9999.0 -9999.0 3325.265196 3326.150228 3304.354523 3270.073172 3241.610582 3243.167615 3275.761911 3316.028587 3354.463613 3361.493943 3342.100947 3345.617484 3340.901817 3336.103492 3336.034679 3343.551903 3350.009016 3359.520876 3366.282696 3363.805384 3356.318112 3351.209046 3353.721304 3355.261747 3361.529886 3347.088586 3363.147331 3379.329487 3384.160762 3381.640058 3358.341335 3346.713139 3339.052615 3323.806587 3350.688849 3362.647516 3386.308966 3391.227535 3389.539739 3363.185875 3333.332493 -9999.0 -9999.0 -9999.0 -9999.0 -9999.0 -9999.0 -9999.0 -9999.0 -9999.0 -9999.0 -9999.0 -9999.0 -9999.0 -9999.0 -9999.0 -9999.0 -9999.0 -9999.0 -9999.0
-9999.0 -9999.0 -9999.0 -9999.0 -9999.0 -9999.0 -9999.0 -9999.0 -9999.0 -9999.0 -9999.0 -9999.0 -9999.0 -9999.0 3235.504395 3226.594224 3223.450557 3230.403245 3262.513673 3292.462612 3303.986862 3296.273014 3295.784943 3270.700068 3247.437541 3259.572256 3288.446804 3318.336490 3351.131493 3367.919772 3356.507474 3353.522428 3360.029090 3378.889636 3386.457278 3382.580812 3365.017291 3388.916663 3401.845372 3405.941812 3403.739192 3393.738434 3402.261731 3416.122291 3409.040853 3393.923967 3405.110622 3420.306387 3431.223872 3423.476504 3366.153844 3354.712481 3352.082113 3348.642118 3336.166496 3332.863344 3361.744288 3361.846081 3355.152117 3338.451885 3305.584475 3260.671004 3242.239666 3283.379857 3327.507445 3384.154517 -9999.0 -9999.0 -9999.0 -9999.0 -9999.0 -9999.0 -9999.0 -9999.0 -9999.0 -9999.0 -9999.0 -9999.0 -9999.0 -9999.0
-9999.0 -9999.0 -9999.0 -9999.0 -9999.0 -9999.0 -9999.0 -9999.0 -9999.0 3178.967965 3184.239842 3190.879026 3192.986234 3207.739004 3204.189207 3210.691902 3214.174244 3240.871110 3269.751752 3302.643532 3329.039258 3319.290964 3317.437018 3320.647241 3314.296666 3321.401919 3341.118000 3376.967831 3407.424381 3442.010706 3407.995181 3402.672199 3419.761977 3460.490121 3482.890954 3484.401467 3465.600611 3482.399275 3505.638108 3520.897172 3517.138536 3510.906792 3536.787273 3551.994809 3545.604604 3524.067038 3523.276890 3531.169019 3560.688968 3510.356207 3444.911515 3407.479818 3424.178513 3403.839542 3378.824274 3368.774797 3370.158828 3391.131825 3380.091963 3346.998102 3314.422539 3303.306956 3287.161431 3308.924202 3332.847678 3379.778367 3420.128152 3450.349571 3450.163381 3433.183275 -9999.0 -9999.0 -9999.0 -9999.0 -9999.0 -9999.0 -9999.0 -9999.0 -9999.0 -9999.0
-9999.0 -9999.0 -9999.0 -9999.0 -9999.0 -9999.0 3100.607343 3110.923777 3131.381216 3133.667796 3159.761135 3164.522806 3182.070910 3198.608703 3219.732789 3231.762748 3255.868010 3284.903950 3319.963604 3356.612494 3383.140255 3370.859932 3375.409879 3393.838415 3419.515242 3437.503947 3459.499006 3496.678195 3568.361825 3604.227402 3596.098713 3596.585135 3604.638583 3654.868301 3718.679376 3729.360770 3708.695346 3695.695700 3719.414729 3756.887824 3754.735530 3753.500780 3766.740972 3777.620889 3804.441570 3793.452605 3757.622069 3752.591264 3759.648984 3736.732589 3667.674826 3610.960772 3592.975344 3546.615593 3463.753798 3421.836750 3446.608741 3475.279361 3454.416200 3405.719217 3374.360511 3369.774147 3359.560490 3353.584396 3366.917877 3390.553789 3415.129148 3429.563449 3418.187357 3397.768376 3376.480742 3348.632589 3351.535894 3376.664065 -9999.0 -9999.0 -9999.0 -9999.0 -9999.0 -9999.0
-9999.0 -9999.0 -9999.0 -9999.0 3051.451088 3063.998308 3048.728816 3074.418934 3105.771465 3138.692772 3165.386837 3195.338146 3217.510797 3243.234933 3275.254966 3296.001025 3326.860366 3355.426080 3401.452045 3461.641970 3505.050231 3517.611127 3525.515758 3575.957204 3631.795812 3678.431011 3696.943283 3722.724707 3768.640790 3825.055250 3847.160972 3849.803862 3866.712449 3910.261813 3966.855400 4002.057994 3984.354556 3975.268659 3985.517661 3999.955365 4022.100431 4022.161923 4023.285272 4027.504123 4035.270900 4033.434285 4006.686487 3973.194562 3960.222806 3950.048098 3911.648167 3839.413537 3809.493289 3780.492086 3737.507558 3683.299160 3636.784186 3638.681190 3584.291574 3529.586131 3480.473774 3473.409401 3453.947112 3438.794097 3422.253817 3435.267904 3447.860395 3433.366995 3403.897334 3375.061330 3362.478843 3345.272484 3334.252861 3365.675431 3383.742452 3413.340618 -9999.0 -9999.0 -9999.0 -9999.0
-9999.0 -9999.0 2993.111300 3037.933000 3094.374701 3099.717781 3092.071663 3093.972741 3119.327777 3167.462290 3227.549657 3263.106256 3290.546163 3319.778374 3369.111790 3429.748559 3488.614712 3530.494276 3588.074193 3657.098583 3715.910190 3742.433120 3751.049134 3786.579301 3841.340098 3910.754991 3938.895829 3965.457116 3997.414332 4034.101409 4025.367640 4035.951834 4048.506133 4061.595882 4076.866276 4084.158539 4079.225268 4074.607998 4056.006768 4050.773385 4057.246813 4065.379826 4064.297776 4049.576433 4045.601375 4060.647251 4066.958305 4064.823667 4061.896106 4066.721300 4061.930445 4013.195167 3996.258580 3980.931497 3969.051343 3922.734129 3855.842152 3823.703008 3802.094694 3760.962779 3687.624103 3650.693957 3611.773786 3577.608321 3540.737935 3528.260514 3496.504824 3464.904974 3426.685018 3386.371870 3367.724217 3353.830510 3353.778792 3354.697213 3372.686300 3388.531862 3404.585120 3412.702395 -9999.0 -9999.0
-9999.0 2884.872398 2955.573629 3074.503827 3151.135686 3186.062640 3192.867891 3194.354410 3218.306199 3249.581004 3334.591946 3382.400890 3464.524305 3501.501190 3541.427247 3630.967705 3725.188015 3768.511097 3807.490514 3871.396708 3937.334758 3984.521049 4010.898426 3988.951843 4028.681410 4058.853719 4067.122825 4074.250269 4074.391874 4065.865966 4059.430563 4066.075944 4063.071966 4043.801442 4027.641214 4025.855879 4022.432596 3999.037069 3971.448496 3955.889222 3957.193690 3982.255975 3969.057477 3947.643746 3943.212207 3964.933676 3986.447862 3975.705687 3962.533021 3979.137642 4013.847017 4038.944425 4039.844052 4058.447503 4079.579503 4050.421443 4029.264464 3985.224866 3968.248824 3942.781793 3885.759187 3830.967321 3782.879966 3734.569784 3682.494196 3633.997899 3586.707266 3539.814901 3487.005192 3454.574655 3430.651030 3388.383115 3376.148779 3383.006681 3378.393849 3377.112627 3383.906132 3390.554066 -9999.0 -9999.0
-9999.0 2787.916952 2926.195830 3100.540563 3241.188395 3279.880996 3339.138341 3392.881038 3405.467534 3349.313009 3449.437087 3665.830233 3788.010308 3805.513299 3881.104821 3976.379354 3958.300205 3989.720328 4013.005821 4039.186202 4060.225200 4074.662250 4072.971847 4067.841402 4051.308530 4043.293357 4042.401533 4040.277439 4022.823755 4003.818408 3986.978061 3983.775551 3965.743979 3916.063917 3882.775198 3865.219540 3846.064930 3832.712426 3805.561673 3779.550597 3762.971205 3773.209368 3771.575501 3758.193492 3753.778570 3771.827618 3802.702403 3800.856240 3812.787220 3832.417403 3867.855969 3906.089861 3925.362925 3954.501666 3990.151241 4038.268601 4046.923214 4069.384998 4072.281142 4061.987013 4015.325106 3963.717624 3934.306428 3878.928440 3819.416468 3757.772649 3708.964234 3664.397519 3609.350196 3575.580911 3536.693203 3483.440795 3441.071536 3434.001115 3400.979713 3388.245374 -9999.0 -9999.0 -9999.0 -9999.0
-9999.0 2691.331807 2863.108886 3097.572046 3389.580897 3459.008291 3659.579242 3773.060285 3811.337695 3878.532271 3757.623014 3965.134373 4018.343770 4013.450868 4029.571672 4032.827514 4047.152902 4046.488736 4041.409603 4030.379074 4020.770414 4016.182474 4015.130502 4007.213035 3994.578222 3979.948931 3968.029180 3956.568125 3919.869072 3887.891470 3848.544625 3836.031459 3791.281130 3699.529821 3660.961904 3622.388730 3561.538559 3564.239048 3572.043865 3548.327821 3528.778678 3500.490098 3530.252990 3541.161934 3545.397005 3540.692314 3550.142048 3578.804229 3626.630159 3660.861640 3699.569973 3747.372980 3777.750552 3816.807378 3856.473576 3908.713477 3939.875802 3968.745671 4017.699017 4054.717037 4077.454728 4063.360215 4044.868657 4000.102682 3939.885926 3890.586047 3861.634200 3811.192561 3767.751964 3724.369560 3678.080683 3625.512498 3564.257316 3512.167354 3478.591295 -9999.0 -9999.0 -9999.0 -9999.0 -9999.0
-9999.0 2467.113197 2730.845732 2983.799315 3254.269052 3595.341980 3767.168224 3860.791902 3923.946425 3907.034598 3930.534213 3936.807621 3973.902529 3981.188251 3959.794827 3945.916944 3928.254527 3927.165488 3940.232690 3912.878018 3882.609699 3869.257431 3870.164144 3859.475752 3835.625085 3820.767607 3811.514952 3793.051478 3750.097764 3700.045429 3616.204736 3581.777340 3503.336629 3465.457257 3429.602992 3383.180501 3339.443461 3345.496084 3370.386667 3361.856045 3341.438554 3324.700690 3354.172316 3374.903276 3388.117821 3371.782103 3378.281747 3412.408207 3458.484459 3498.493932 3541.880779 3589.392377 3630.945789 3669.798732 3690.422230 3729.477458 3771.407597 3812.841443 3882.826626 3961.158292 3997.074224 4031.690538 4060.556055 4082.462479 4039.588832 4013.325902 3989.617041 3966.178720 3920.019963 3874.673809 3834.133549 3769.576970 3710.058982 -9999.0 -9999.0 -9999.0 -9999.0 -9999.0 -9999.0 -9999.0
-9999.0 2355.302094 2547.673544 2737.890956 2969.122066 3195.953572 3417.326726 3507.373156 3577.417875 3649.343921 3703.526262 3741.301216 3767.060388 3788.609513 3766.033227 3719.991365 3687.785716 3692.782162 3683.808055 3662.977630 3635.509323 3622.790319 3620.223554 3615.641738 3594.697321 3584.727532 3578.218882 3560.539641 3535.651898 3483.441758 3412.913502 3340.629017 3287.877334 3269.462820 3247.794568 3221.822634 3196.087996 3209.905845 3222.845530 3223.295851 3217.259573 3217.814927 3246.856923 3266.753842 3276.172104 3265.318935 3283.330332 3306.089625 3342.506502 3381.137424 3425.226340 3474.705595 3522.536182 3542.091327 3543.654192 3554.545218 3581.584584 3624.357947 3700.235121 3785.958113 3863.515262 3908.925541 3959.641605 3999.611813 4027.757425 4052.595505 4075.017424 4068.098398 4042.138639 4008.788310 3950.071200 -9999.0 -9999.0 -9999.0 -9999.0 -9999.0 -9999.0 -9999.0 -9999.0 -9999.0
-9999.0 -9999.0 2322.244224 2473.650313 2568.963702 2731.010510 2851.566450 2956.720283 3048.892074 3188.528877 3310.645725 3403.800352 3450.039932 3465.584858 3451.835935 3423.765502 3406.841323 3406.464450 3394.796438 3388.859811 3375.051815 3370.152407 3358.697780 3351.697779 3348.349915 3348.433779 3346.855936 3339.480647 3323.737085 3283.476401 3248.031375 3204.969486 3161.142818 3140.662049 3123.656409 3107.795738 3112.919243 3108.585693 3114.592984 3118.002653 3128.128263 3142.622188 3162.008438 3184.013021 3193.612422 3203.760250 3214.333329 3235.540897 3264.951493 3304.523029 3355.258441 3409.357435 3444.624388 3450.854718 3432.239998 3426.547129 3433.906729 3461.937625 3524.209816 3592.591342 3681.993147 3747.284250 3814.025589 3869.905347 3896.549168 3932.931303 4003.162779 4051.190388 4093.657931 4071.255433 -9999.0 -9999.0 -9999.0 -9999.0 -9999.0 -9999.0 -9999.0 -9999.0 -9999.0 -9999.0
-9999.0 -9999.0 -9999.0 -9999.0 2334.252899 2480.911237 2578.452795 2658.513605 2793.856070 2896.794201 2992.387704 3078.566384 3147.445990 3171.727618 3173.058359 3190.597429 3190.000383 3180.730019 3169.943316 3175.469612 3181.115677 3175.450253 3160.540000 3155.152889 3160.232696 3169.520450 3169.189246 3158.018139 3141.806962 3130.038309 3119.479458 3090.975662 3060.848164 3035.429967 3025.317372 3023.981878 3025.391543 3018.449423 3027.553677 3037.169693 3053.552165 3068.880902 3092.418962 3122.156853 3136.877733 3151.384263 3159.610613 3177.591555 3205.104142 3256.107097 3317.284498 3373.287916 3406.677974 3406.591674 3377.477748 3355.213379 3342.098832 3358.797821 3387.212169 3437.149393 3525.772943 3587.496927 3632.296946 3670.646990 3706.877672 3772.025925 3866.676717 3947.990025 -9999.0 -9999.0 -9999.0 -9999.0 -9999.0 -9999.0 -9999.0 -9999.0 -9999.0 -9999.0 -9999.0 -9999.0
-9999.0 -9999.0 -9999.0 -9999.0 -9999.0 -9999.0 2312.282401 2418.741161 2485.589700 2641.218709 2789.464307 2866.840130 2950.087605 2986.446295 3010.584679 3041.260991 3042.127440 3021.844112 2999.966350 3022.404023 3042.557100 3036.550743 3004.423790 3006.913271 3015.313861 3024.557463 3023.700967 3019.835608 2997.627741 3017.278611 3024.559826 3004.596055 2981.923639 2976.938654 2967.014776 2978.182559 2979.261326 2965.514621 2964.786351 2989.616403 3011.112529 3024.123269 3045.098032 3078.278785 3110.670413 3126.178933 3126.689027 3130.811041 3166.697599 3233.704524 3304.186188 3358.786080 3389.311238 3393.615265 3362.413535 3317.159348 3290.503443 3288.709475 3312.186249 3350.575239 3410.978115 3446.500486 3456.568798 3456.521586 3467.877201 3567.500647 -9999.0 -9999.0 -9999.0 -9999.0 -9999.0 -9999.0 -9999.0 -9999.0 -9999.0 -9999.0 -9999.0 -9999.0 -9999.0 -9999.0
-9999.0 -9999.0 -9999.0 -9999.0 -9999.0 -9999.0 -9999.0 -9999.0 -9999.0 -9999.0 -9999.0 -9999.0 -9999.0 -9999.0 -9999.0 -9999.0 -9999.0 -9999.0 -9999.0 -9999.0 -9999.0 -9999.0 -9999.0 -9999.0 -9999.0 -9999.0 -9999.0 -9999.0 -9999.0 -9999.0 -9999.0 -9999.0 -9999.0 -9999.0 -9999.0 -9999.0 -9999.0 -9999.0 -9999.0 -9999.0 -9999.0 -9999.0 -9999.0 -9999.0 -9999.0 -9999.0 -9999.0 -9999.0 -9999.0 -9999.0 -9999.0 -9999.0 -9999.0 -9999.0 -9999.0 -9999.0 -9999.0 -9999.0 -9999.0 -9999.0 -9999.0 -9999.0 -9999.0 -9999.0 -9999.0 -9999.0 -9999.0 -9999.0 -9999.0 -9999.0 -9999.0 -9999.0 -9999.0 -9999.0 -9999.0 -9999.0 -9999.0 -9999.0 -9999.0 -9999.0
-9999.0 -9999.0 -9999.0 -9999.0 -9999.0 -9999.0 -9999.0 -9999.0 -9999.0 -9999.0 -9999.0 -9999.0 -9999.0 -9999.0 -9999.0 -9999.0 -9999.0 -9999.0 -9999.0 -9999.0 -9999.0 -9999.0 -9999.0 -9999.0 -9999.0 -9999.0 -9999.0 -9999.0 -9999.0 -9999.0 -9999.0 -9999.0 -9999.0 -9999.0 -9999.0 -9999.0 -9999.0 -9999.0 -9999.0 -9999.0 -9999.0 -9999.0 -9999.0 -9999.0 -9999.0 -9999.0 -9999.0 -9999.0 -9999.0 -9999.0 -9999.0 -9999.0 -9999.0 -9999.0 -9999.0 -9999.0 -9999.0 -9999.0 -9999.0 -9999.0 -9999.0 -9999.0 -9999.0 -9999.0 -9999.0 -9999.0 -9999.0 -9999.0 -9999.0 -9999.0 -9999.0 -9999.0 -9999.0 -9999.0 -9999.0 -9999.0 -9999.0 -9999.0 -9999.0 -9999.0