Borden_/Borden1m_014/output_maps/psiliqL0021N0028.asc
ncols         80
nrows         18
xllcorner     620200.000000
yllcorner     5168000.000000
cellsize      1.000000
NODATA_value  -9999.0
-9999.0 -9999.0 -9999.0 -9999.0 -9999.0 -9999.0 -9999.0 -9999.0 -9999.0 -9999.0 -9999.0 -9999.0 -9999.0 -9999.0 -9999.0 -9999.0 -9999.0 -9999.0 -9999.0 -9999.0 -9999.0 -9999.0 -9999.0 -9999.0 -9999.0 -9999.0 -9999.0 -9999.0 -9999.0 -9999.0 -9999.0 -9999.0 -9999.0 -9999.0 -9999.0 -9999.0 -9999.0 -9999.0 -9999.0 -9999.0 -9999.0 -9999.0 -9999.0 -9999.0 -9999.0 -9999.0 -9999.0 -9999.0 -9999.0 -9999.0 -9999.0 -9999.0 -9999.0 -9999.0 -9999.0 -9999.0 -9999.0 -9999.0 -9999.0 -9999.0 -9999.0 -9999.0 -9999.0 -9999.0 -9999.0 -9999.0 -9999.0 -9999.0 -9999.0 -9999.0 -9999.0 -9999.0 -9999.0 -9999.0 -9999.0 -9999.0 -9999.0 -9999.0 -9999.0 -9999.0
-9999.0 -9999.0 -9999.0 -9999.0 -9999.0 -9999.0 -9999.0 -9999.0 -9999.0 -9999.0 -9999.0 -9999.0 -9999.0 -9999.0 -9999.0 -9999.0 -9999.0 -9999.0 -9999.0 -9999.0 -9999.0 -9999.0 -9999.0 -9999.0 -9999.0 -9999.0 -9999.0 -9999.0 -9999.0 -9999.0 -9999.0 -9999.0 -9999.0 -9999.0 -9999.0 -9999.0 -9999.0 -9999.0 -9999.0 -9999.0 -9999.0 -9999.0 -9999.0 -9999.0 -9999.0 -9999.0 -9999.0 -9999.0 -9999.0 -9999.0 -9999.0 -9999.0 -9999.0 -9999.0 -9999.0 -9999.0 -9999.0 -9999.0 -9999.0 -9999.0 -9999.0 -9999.0 -9999.0 -9999.0 -9999.0 -9999.0 -9999.0 -9999.0 -9999.0 -9999.0 -9999.0 -9999.0 -9999.0 -9999.0 -9999.0 -9999.0 -9999.0 -9999.0 -9999.0 -9999.0
-9999.0 -9999.0 -9999.0 -9999.0 -9999.0 -9999.0 -9999.0 -9999.0 -9999.0 -9999.0 -9999.0 -9999.0 -9999.0 -9999.0 -9999.0 -9999.0 -9999.0 -9999.0 -9999.0 -9999.0 2355.729166 2358.179012 2337.677044 2305.437654 2279.248426 2283.323749 2319.104612 2362.181080 2403.195137 2414.016073 2397.693886 2402.948121 2400.083725 2398.014879 2400.278861 2408.768446 2415.717683 2426.786715 2435.485582 2435.375273 2430.021821 2426.229719 2428.653243 2431.064833 2436.564535 2422.601061 2436.311648 2450.082310 2452.663446 2446.349737 2418.668755 2402.563862 2391.233726 2372.761217 2395.679647 2404.886483 2424.954739 2426.840036 2422.943053 2394.828735 2363.941650 -9999.0 -9999.0 -9999.0 -9999.0 -9999.0 -9999.0 -9999.0 -9999.0 -9999.0 -9999.0 -9999.0 -9999.0 -9999.0 -9999.0 -9999.0 -9999.0 -9999.0 -9999.0 -9999.0
-9999.0 -9999.0 -9999.0 -9999.0 -9999.0 -9999.0 -9999.0 -9999.0 -9999.0 -9999.0 -9999.0 -9999.0 -9999.0 -9999.0 2260.917137 2252.994384 2251.885216 2261.506642 2296.147681 2327.638724 2339.643436 2333.484583 2334.996769 2312.630827 2292.814838 2308.229276 2340.050654 2373.009892 2409.139722 2430.123678 2421.415016 2421.102077 2430.894933 2454.620338 2465.729034 2463.402141 2445.571878 2470.895746 2486.452203 2494.065657 2494.334421 2486.473433 2497.507133 2512.292480 2504.824461 2487.796786 2495.022499 2506.746579 2515.664000 2502.553569 2438.935504 2421.132670 2414.436331 2406.398506 2390.188139 2383.037815 2407.746579 2404.601992 2394.580499 2375.263830 2340.915042 2295.457646 2275.086426 2312.920967 2354.734299 2409.518998 -9999.0 -9999.0 -9999.0 -9999.0 -9999.0 -9999.0 -9999.0 -9999.0 -9999.0 -9999.0 -9999.0 -9999.0 -9999.0 -9999.0
-9999.0 -9999.0 -9999.0 -9999.0 -9999.0 -9999.0 -9999.0 -9999.0 -9999.0 2198.313196 2204.731972 2213.508079 2217.921364 2235.113924 2233.339189 2242.100981 2249.480050 2278.787534 2310.876680 2346.795874 2375.811977 2369.052867 2370.222253 2378.656036 2379.087231 2391.095985 2414.644242 2456.467124 2492.940481 2533.215230 2504.554879 2503.151425 2523.181565 2568.102282 2595.936369 2600.412179 2582.689315 2597.148255 2622.563139 2642.494095 2642.126610 2639.072554 2663.755626 2678.363917 2674.557408 2652.647395 2646.750079 2649.363571 2674.538544 2621.201022 2552.646318 2506.648413 2514.528379 2487.567854 2454.002354 2435.568847 2432.199215 2450.144803 2434.172982 2395.841240 2359.480933 2345.953547 2326.471216 2343.342823 2363.741694 2407.295984 2444.515311 2471.223609 2468.428369 2449.549268 -9999.0 -9999.0 -9999.0 -9999.0 -9999.0 -9999.0 -9999.0 -9999.0 -9999.0 -9999.0
-9999.0 -9999.0 -9999.0 -9999.0 -9999.0 -9999.0 2116.893330 2128.268362 2150.513145 2155.439932 2183.292069 2191.478803 2213.595611 2234.173169 2258.174797 2275.076440 2304.893429 2338.657122 2378.663819 2420.980518 2453.888264 2447.326864 2458.415233 2483.903720 2518.137785 2543.917628 2570.519212 2612.196294 2689.190179 2731.323703 2733.133329 2738.161242 2748.879332 2799.705043 2864.136892 2875.572817 2855.348829 2842.389755 2865.790473 2904.448250 2907.866983 2909.723376 2823.993289 2833.075470 2859.514521 2850.825036 2907.751111 2896.614707 2898.589410 2876.277121 2808.152871 2745.473304 2716.694232 2663.400021 2579.421253 2528.880459 2542.320576 2562.779242 2534.639270 2480.833603 2440.664313 2429.742783 2413.596342 2400.648512 2407.347826 2425.240980 2444.896611 2454.113886 2438.631190 2415.133800 2391.009351 2360.908775 2361.778708 2385.889082 -9999.0 -9999.0 -9999.0 -9999.0 -9999.0 -9999.0
-9999.0 -9999.0 -9999.0 -9999.0 2064.917163 2079.115656 2067.114307 2094.889983 2129.490928 2165.742740 2197.582581 2234.642316 2262.862342 2294.383187 2333.424850 2363.783754 2403.307393 2438.528623 2492.380195 2559.989465 2610.735663 2631.903289 2646.749474 2704.487784 2766.062851 2818.368809 2841.114758 2870.650333 2822.115653 2877.597413 2901.244523 2905.674060 2923.182655 2963.503304 3016.027482 3017.830857 3000.551335 2992.286197 3000.566958 3013.304983 3035.443003 3035.610674 3035.631718 3038.885831 3045.330292 3044.391911 3020.709867 2988.513569 3008.516411 2998.854030 2964.275380 2893.757807 2860.275890 2832.948162 2882.677361 2826.672286 2769.103671 2759.472028 2699.945011 2639.620101 2580.569428 2562.462577 2533.345242 2508.890447 2482.525531 2485.144101 2488.013741 2465.599612 2430.168992 2395.733209 2379.188777 2358.950946 2346.022605 2375.255591 2391.630273 2420.564921 -9999.0 -9999.0 -9999.0 -9999.0
-9999.0 -9999.0 2003.054289 2050.847938 2109.581935 2118.988848 2117.920808 2125.006662 2155.559038 2209.532032 2281.428970 2327.429297 2365.840715 2401.893226 2461.823623 2534.271997 2603.075885 2650.557505 2716.106060 2790.045305 2854.152553 2886.227506 2902.297265 2843.862330 2896.794221 2962.716847 2990.210339 3016.058676 3011.396377 3044.849057 3044.246965 3056.119969 3066.935934 3075.784832 3087.125485 3091.929417 3087.743014 3083.293943 3065.543205 3061.011849 3067.624752 3073.958990 3074.320147 3060.194008 3056.278406 3070.741734 3075.708773 3074.251357 3073.316652 3078.603533 3077.280208 3033.063060 3007.962077 2994.197603 3018.501532 2973.404471 2907.967116 2872.564286 2853.211733 2898.752379 2819.596618 2771.483557 2722.297541 2677.514924 2625.368276 2598.422119 2553.176079 2510.403799 2462.463148 2414.484229 2389.509249 2371.069267 2367.676020 2365.952797 2381.392729 2395.397279 2409.866526 2417.181417 -9999.0 -9999.0
-9999.0 1895.342171 1967.521148 2092.385653 2173.203275 2216.517859 2238.654713 2254.283562 2285.571160 2320.292161 2418.407374 2489.475455 2579.309808 2621.751684 2671.612881 2770.817923 2869.521761 2826.446124 2863.563392 2923.800078 2986.553167 3000.359802 3025.498325 3015.628802 3051.746203 3073.891379 3079.577236 3084.796077 3082.536678 3074.214415 3066.895214 3073.798010 3071.545884 3053.086986 3037.682879 3036.127933 3032.823233 3010.561479 3017.090334 3002.286894 3005.040741 2995.502820 3015.525251 2995.706212 2991.606708 3011.839590 2998.601640 2988.495722 3010.288589 2992.119286 3025.335117 3048.099404 3052.699582 3070.312302 3091.164762 3063.598524 3039.651930 2998.320291 3016.578744 2991.680875 2935.446437 2879.573723 2831.005968 2858.449158 2793.082068 2729.092298 2665.823691 2601.945453 2536.403905 2494.523090 2463.453177 2414.740435 2395.749030 2397.743129 2388.694658 2384.854027 2389.428870 2395.112603 -9999.0 -9999.0
-9999.0 1805.767645 1946.676729 2128.556416 2276.444241 2328.549808 2411.303160 2482.255120 2507.851782 2469.720221 2578.995492 2802.829544 2844.602851 2860.019827 2932.292419 2993.731958 2989.058394 3017.631733 3038.889229 3057.037090 3071.779773 3083.098857 3080.760917 3074.886688 3059.049160 3051.234005 3050.938160 3049.002987 3032.212128 3013.746522 2997.242496 2994.940661 3011.532600 2965.684698 2932.540043 2915.303894 2898.149969 2882.805909 2854.503472 2829.857929 2903.000186 2826.714506 2823.412054 2896.429829 2892.783098 2823.966574 2853.569678 2850.556079 2861.155116 2880.957409 2917.629415 2955.510957 2974.702910 3003.744489 3003.034073 3047.814562 3058.841972 3080.749608 3084.395866 3070.760111 3026.883379 3012.842500 2982.724784 2927.321081 2866.080088 2870.987135 2805.166795 2741.343577 2670.396817 2624.958891 2578.631611 2521.747697 2472.100980 2455.019714 2416.344117 2398.124937 -9999.0 -9999.0 -9999.0 -9999.0
-9999.0 1713.415529 1896.823160 2144.952613 2434.195212 2526.667237 2735.406654 2817.000911 2859.928914 2925.667268 2846.282494 2998.875894 3040.458829 3033.114003 3039.844503 3041.343611 3054.616993 3054.688064 3049.760157 3039.239181 3030.279032 3026.183277 3024.953241 3017.167435 3004.812061 2990.890676 3013.705328 3002.347978 2966.949064 2934.801280 2897.071464 2883.752094 2843.721707 2839.397319 2796.282093 2756.100942 2694.425465 2690.521499 2689.687365 2660.075756 2641.034748 2613.716565 2639.920062 2650.526032 2654.715340 2652.685888 2666.609100 2697.307144 2746.773278 2785.344248 2830.364116 2884.104031 2825.826851 2865.044506 2906.365817 2959.281571 2989.600522 3018.865584 3029.314943 3065.458706 3087.319639 3075.257393 3054.328789 3012.673476 2986.920010 2935.609000 2902.706343 2848.738176 2821.996109 2770.050390 2722.529412 2670.901531 2606.572725 2539.472788 2499.933068 -9999.0 -9999.0 -9999.0 -9999.0 -9999.0
-9999.0 1508.930123 1774.580864 2050.454154 2343.564243 2684.149136 2809.419251 2912.583907 2976.163521 2950.973106 2966.290051 2977.309822 2986.751109 2992.621073 3001.088219 2990.397295 2975.300701 2974.517429 2987.484896 2960.998773 2931.704476 2918.636599 2918.913361 2907.711254 2884.257779 2868.787459 2859.315541 2841.781158 2881.609583 2827.919341 2741.614223 2705.308845 2623.078240 2576.563926 2534.712700 2484.420597 2434.175339 2435.108623 2455.645289 2443.237973 2421.364317 2403.184641 2431.368375 2452.395393 2466.020077 2452.709584 2461.568037 2497.303869 2547.289107 2592.309195 2641.986829 2698.591265 2744.675707 2791.621265 2821.762886 2869.988968 2823.021683 2864.906998 2934.978250 3010.683108 3009.103136 3041.924533 3072.612375 3093.192217 3051.546309 3023.165080 2999.959396 2995.874279 2945.406068 2899.561243 2860.151364 2798.640084 2760.776856 -9999.0 -9999.0 -9999.0 -9999.0 -9999.0 -9999.0 -9999.0
-9999.0 1390.710652 1594.987350 1803.025312 2068.463851 2304.648727 2519.810887 2623.237021 2705.192739 2766.096865 2815.758730 2855.319868 2816.008208 2836.807126 2816.215926 2852.783249 2823.208256 2828.481430 2821.961092 2799.656891 2770.818150 2756.295730 2752.636429 2745.686922 2721.654779 2707.712474 2696.760904 2672.130355 2642.444657 2586.122937 2508.596568 2432.484908 2374.492969 2348.074263 2320.737306 2289.908095 2258.489732 2269.077637 2280.115586 2278.414018 2269.807796 2268.347789 2297.257552 2316.499168 2326.691304 2316.311548 2336.033417 2362.075264 2402.940230 2447.201801 2496.671268 2551.211040 2605.163647 2633.148901 2644.603090 2666.309884 2704.186675 2757.414750 2842.737625 2839.895079 2914.307180 2960.204554 3009.567217 3011.712383 3037.064632 3065.150385 3082.957099 3071.895083 3045.390591 3014.098629 2970.882980 -9999.0 -9999.0 -9999.0 -9999.0 -9999.0 -9999.0 -9999.0 -9999.0 -9999.0
-9999.0 -9999.0 1366.117299 1529.524052 1644.824926 1815.321317 1962.178039 2072.440922 2170.669628 2303.051821 2420.292889 2512.545814 2558.789875 2577.313562 2565.513068 2538.242868 2520.345379 2520.574498 2509.697155 2501.222362 2483.922037 2476.641664 2463.341763 2454.565347 2446.689978 2442.524441 2437.459551 2427.031954 2406.397255 2360.796593 2316.869654 2268.086107 2216.931172 2192.280281 2171.275030 2151.251477 2152.071823 2146.853195 2151.700891 2153.632767 2161.766519 2175.083376 2194.765299 2217.428441 2227.539604 2237.721435 2250.207784 2273.916589 2306.730062 2349.227546 2403.714918 2462.884195 2503.660981 2516.606973 2506.168538 2509.543248 2526.526874 2566.279307 2642.269314 2723.994487 2821.365267 2893.521682 2866.823100 2920.419936 2945.191616 2977.160539 3013.395395 3057.730109 3090.626409 3070.180288 -9999.0 -9999.0 -9999.0 -9999.0 -9999.0 -9999.0 -9999.0 -9999.0 -9999.0 -9999.0
-9999.0 -9999.0 -9999.0 -9999.0 1389.945218 1540.693928 1638.482655 1720.324495 1852.843454 1979.789098 2084.413458 2170.888334 2237.680150 2265.698179 2265.728875 2278.289317 2276.358546 2268.976133 2258.744558 2260.700477 2262.472748 2255.351259 2239.505027 2232.286947 2234.148043 2239.892319 2236.964074 2223.007218 2204.272570 2185.213290 2167.904966 2134.853869 2100.399821 2071.611199 2058.624340 2053.912815 2053.512099 2045.767887 2054.000836 2061.988118 2077.448445 2092.538913 2116.111477 2145.432038 2159.925438 2175.076035 2184.815748 2205.054958 2235.785031 2289.539730 2353.613764 2412.283770 2449.889813 2455.102463 2431.452517 2415.887120 2411.291761 2437.881689 2480.297588 2543.436588 2643.232419 2716.361626 2769.124763 2810.667591 2842.162423 2822.317426 2904.567780 2975.683101 -9999.0 -9999.0 -9999.0 -9999.0 -9999.0 -9999.0 -9999.0 -9999.0 -9999.0 -9999.0 -9999.0 -9999.0
-9999.0 -9999.0 -9999.0 -9999.0 -9999.0 -9999.0 1359.088292 1463.220459 1537.198352 1683.851481 1822.845904 1928.324431 2011.215621 2046.141191 2077.487577 2106.974329 2106.950026 2087.925411 2067.550878 2087.831698 2104.308941 2097.995043 2066.720740 2067.031715 2072.614865 2080.195001 2077.338201 2070.711509 2045.437668 2059.157673 2061.351667 2038.151168 2012.326890 1998.913846 1987.043371 1996.587952 1996.533836 1982.298766 1981.813689 2009.053725 2029.639902 2042.570771 2063.940526 2097.188768 2129.807903 2145.607958 2147.209374 2153.180796 2192.170063 2262.520845 2335.175597 2391.822244 2425.554315 2434.527506 2408.913340 2369.447993 2349.653039 2356.613573 2390.404697 2440.726834 2514.683503 2561.370059 2582.536602 2590.545228 2604.474487 2696.232198 -9999.0 -9999.0 -9999.0 -9999.0 -9999.0 -9999.0 -9999.0 -9999.0 -9999.0 -9999.0 -9999.0 -9999.0 -9999.0 -9999.0
-9999.0 -9999.0 -9999.0 -9999.0 -9999.0 -9999.0 -9999.0 -9999.0 -9999.0 -9999.0 -9999.0 -9999.0 -9999.0 -9999.0 -9999.0 -9999.0 -9999.0 -9999.0 -9999.0 -9999.0 -9999.0 -9999.0 -9999.0 -9999.0 -9999.0 -9999.0 -9999.0 -9999.0 -9999.0 -9999.0 -9999.0 -9999.0 -9999.0 -9999.0 -9999.0 -9999.0 -9999.0 -9999.0 -9999.0 -9999.0 -9999.0 -9999.0 -9999.0 -9999.0 -9999.0 -9999.0 -9999.0 -9999.0 -9999.0 -9999.0 -9999.0 -9999.0 -9999.0 -9999.0 -9999.0 -9999.0 -9999.0 -9999.0 -9999.0 -9999.0 -9999.0 -9999.0 -9999.0 -9999.0 -9999.0 -9999.0 -9999.0 -9999.0 -9999.0 -9999.0 -9999.0 -9999.0 -9999.0 -9999.0 -9999.0 -9999.0 -9999.0 -9999.0 -9999.0 -9999.0
-9999.0 -9999.0 -9999.0 -9999.0 -9999.0 -9999.0 -9999.0 -9999.0 -9999.0 -9999.0 -9999.0 -9999.0 -9999.0 -9999.0 -9999.0 -9999.0 -9999.0 -9999.0 -9999.0 -9999.0 -9999.0 -9999.0 -9999.0 -9999.0 -9999.0 -9999.0 -9999.0 -9999.0 -9999.0 -9999.0 -9999.0 -9999.0 -9999.0 -9999.0 -9999.0 -9999.0 -9999.0 -9999.0 -9999.0 -9999.0 -9999.0 -9999.0 -9999.0 -9999.0 -9999.0 -9999.0 -9999.0 -9999.0 -9999.0 -9999.0 -9999.0 -9999.0 -9999.0 -9999.0 -9999.0 -9999.0 -9999.0 -9999.0 -9999.0 -9999.0 -9999.0 -9999.0 -9999.0 -9999.0 -9999.0 -9999.0 -9999.0 -9999.0 -9999.0 -9999.0 -9999.0 -9999.0 -9999.0 -9999.0 -9999.0 -9999.0 -9999.0 -9999.0 -9999.0 -9999.0