Borden_/Borden1m_014/output_maps/psiliqL0021N0012.asc
ncols         80
nrows         18
xllcorner     620200.000000
yllcorner     5168000.000000
cellsize      1.000000
NODATA_value  -9999.0
-9999.0 -9999.0 -9999.0 -9999.0 -9999.0 -9999.0 -9999.0 -9999.0 -9999.0 -9999.0 -9999.0 -9999.0 -9999.0 -9999.0 -9999.0 -9999.0 -9999.0 -9999.0 -9999.0 -9999.0 -9999.0 -9999.0 -9999.0 -9999.0 -9999.0 -9999.0 -9999.0 -9999.0 -9999.0 -9999.0 -9999.0 -9999.0 -9999.0 -9999.0 -9999.0 -9999.0 -9999.0 -9999.0 -9999.0 -9999.0 -9999.0 -9999.0 -9999.0 -9999.0 -9999.0 -9999.0 -9999.0 -9999.0 -9999.0 -9999.0 -9999.0 -9999.0 -9999.0 -9999.0 -9999.0 -9999.0 -9999.0 -9999.0 -9999.0 -9999.0 -9999.0 -9999.0 -9999.0 -9999.0 -9999.0 -9999.0 -9999.0 -9999.0 -9999.0 -9999.0 -9999.0 -9999.0 -9999.0 -9999.0 -9999.0 -9999.0 -9999.0 -9999.0 -9999.0 -9999.0
-9999.0 -9999.0 -9999.0 -9999.0 -9999.0 -9999.0 -9999.0 -9999.0 -9999.0 -9999.0 -9999.0 -9999.0 -9999.0 -9999.0 -9999.0 -9999.0 -9999.0 -9999.0 -9999.0 -9999.0 -9999.0 -9999.0 -9999.0 -9999.0 -9999.0 -9999.0 -9999.0 -9999.0 -9999.0 -9999.0 -9999.0 -9999.0 -9999.0 -9999.0 -9999.0 -9999.0 -9999.0 -9999.0 -9999.0 -9999.0 -9999.0 -9999.0 -9999.0 -9999.0 -9999.0 -9999.0 -9999.0 -9999.0 -9999.0 -9999.0 -9999.0 -9999.0 -9999.0 -9999.0 -9999.0 -9999.0 -9999.0 -9999.0 -9999.0 -9999.0 -9999.0 -9999.0 -9999.0 -9999.0 -9999.0 -9999.0 -9999.0 -9999.0 -9999.0 -9999.0 -9999.0 -9999.0 -9999.0 -9999.0 -9999.0 -9999.0 -9999.0 -9999.0 -9999.0 -9999.0
-9999.0 -9999.0 -9999.0 -9999.0 -9999.0 -9999.0 -9999.0 -9999.0 -9999.0 -9999.0 -9999.0 -9999.0 -9999.0 -9999.0 -9999.0 -9999.0 -9999.0 -9999.0 -9999.0 -9999.0 2354.448910 2357.048153 2336.770260 2304.874528 2279.142659 2283.608208 2319.405455 2361.934304 2402.035683 2412.025829 2395.447359 2401.367741 2400.158620 2400.449880 2405.161721 2415.719630 2424.169253 2435.633102 2443.890467 2442.620641 2435.737647 2430.436719 2431.687571 2433.566665 2439.338737 2426.404676 2441.546500 2456.773636 2460.127659 2453.747148 2425.215036 2407.867412 2395.414935 2376.201362 2398.614188 2407.327801 2426.678302 2427.982761 2423.744947 2395.529533 2364.592803 -9999.0 -9999.0 -9999.0 -9999.0 -9999.0 -9999.0 -9999.0 -9999.0 -9999.0 -9999.0 -9999.0 -9999.0 -9999.0 -9999.0 -9999.0 -9999.0 -9999.0 -9999.0 -9999.0
-9999.0 -9999.0 -9999.0 -9999.0 -9999.0 -9999.0 -9999.0 -9999.0 -9999.0 -9999.0 -9999.0 -9999.0 -9999.0 -9999.0 2258.958904 2251.030362 2249.960354 2259.721944 2294.652656 2326.538417 2338.828515 2332.973129 2334.798607 2312.957607 2293.946627 2310.161371 2342.213800 2374.416366 2409.182750 2428.916403 2419.755724 2420.277716 2432.303628 2459.659339 2474.126829 2474.368823 2458.098756 2484.244942 2499.234657 2505.244511 2503.432981 2493.563482 2502.983704 2517.056296 2509.971124 2494.448643 2503.899855 2517.542916 2527.444704 2514.072639 2448.718641 2428.916277 2420.634328 2411.746971 2394.997077 2387.252348 2411.098664 2407.043573 2396.527344 2377.042025 2342.606482 2297.161573 2276.490483 2314.010484 2355.591024 2410.189742 -9999.0 -9999.0 -9999.0 -9999.0 -9999.0 -9999.0 -9999.0 -9999.0 -9999.0 -9999.0 -9999.0 -9999.0 -9999.0 -9999.0
-9999.0 -9999.0 -9999.0 -9999.0 -9999.0 -9999.0 -9999.0 -9999.0 -9999.0 2197.838619 2204.055253 2212.578635 2216.742286 2233.727968 2231.764422 2240.526566 2247.987462 2277.510371 2310.052431 2346.664205 2376.334870 2370.156768 2371.720166 2380.994421 2383.012414 2396.826059 2421.270798 2462.526975 2496.407610 2534.406709 2504.771133 2504.538675 2528.231869 2578.597445 2611.289659 2619.241314 2603.842705 2619.230804 2643.823015 2661.469077 2658.167754 2652.368841 2674.382685 2688.009318 2684.749362 2665.074222 2663.106481 2668.553838 2695.151862 2641.261441 2570.034994 2520.327563 2525.670142 2497.921144 2463.779830 2443.887223 2438.911799 2455.530069 2438.826184 2400.146539 2363.570439 2349.498018 2329.337364 2345.638339 2365.646730 2408.962180 2446.365830 2473.110753 2470.304613 2451.394441 -9999.0 -9999.0 -9999.0 -9999.0 -9999.0 -9999.0 -9999.0 -9999.0 -9999.0 -9999.0
-9999.0 -9999.0 -9999.0 -9999.0 -9999.0 -9999.0 2117.666424 2128.982766 2151.042586 2155.565056 2183.139406 2191.044982 2212.922178 2233.376176 2257.414104 2274.518620 2304.558594 2338.683463 2379.461699 2423.158945 2457.708080 2451.880976 2463.681582 2490.271279 2527.524305 2557.125946 2585.867296 2626.937701 2700.190732 2738.495515 2738.342830 2744.636241 2760.498185 2819.218938 2890.136100 2905.731050 2888.538587 2876.912069 2899.390198 2935.167368 2934.884254 2933.778832 2804.189268 2813.728831 2840.243602 2831.261906 2936.751025 2928.983003 2933.120747 2909.967477 2837.764756 2769.252082 2736.830926 2681.732215 2597.742942 2545.174415 2555.481251 2573.557184 2544.438278 2490.722450 2449.577123 2437.282450 2419.722256 2405.680713 2411.644889 2429.096410 2448.495965 2457.551123 2441.910358 2418.238073 2394.142986 2363.543988 2363.799067 2387.448337 -9999.0 -9999.0 -9999.0 -9999.0 -9999.0 -9999.0
-9999.0 -9999.0 -9999.0 -9999.0 2066.189892 2080.602975 2068.622434 2096.420966 2130.926828 2166.971635 2198.562779 2235.415677 2263.460536 2295.026999 2334.444999 2365.482336 2405.514299 2441.277474 2496.695778 2567.134791 2620.701961 2643.185878 2658.504650 2717.838599 2784.128993 2842.848661 2869.385643 2898.751297 2802.089208 2857.386666 2880.399333 2884.294805 2901.353170 2941.350224 2993.868170 3011.934878 2994.922448 2986.635082 2994.885457 3007.592424 3029.705173 3029.852061 3030.401650 3033.649751 3040.088237 3039.145434 3014.936414 2982.444853 2986.733190 2977.047122 2942.753293 2872.820581 2840.207357 2813.181917 2914.538963 2855.463306 2792.940628 2780.037269 2719.505875 2659.174521 2598.775217 2577.893317 2546.092477 2519.714621 2492.081479 2493.531564 2495.605387 2472.707666 2436.762908 2401.595465 2384.239547 2362.922260 2348.899922 2377.200558 2392.838878 2421.308722 -9999.0 -9999.0 -9999.0 -9999.0
-9999.0 -9999.0 2003.880413 2052.090149 2111.391429 2121.512525 2121.049262 2128.420206 2159.019165 2212.981156 2284.869482 2330.732707 2369.058337 2405.472858 2466.838091 2540.980225 2610.891922 2658.707916 2727.173113 2805.729556 2874.278472 2907.844899 2923.813013 2822.922675 2875.486071 2940.769169 2967.825493 2993.480147 3005.762828 3039.473518 3038.836513 3050.685021 3061.472566 3070.289653 3081.607856 3086.710884 3082.531638 3078.083538 3060.011387 3055.482501 3062.096916 3068.747766 3068.791141 3054.649068 3050.720266 3065.172080 3070.436819 3068.955600 3067.362420 3072.995501 3071.713369 3027.554447 3002.524394 2988.531047 2996.287791 2951.418728 2886.545730 2851.947494 2832.652749 2933.368345 2852.419657 2800.053501 2747.001152 2700.076784 2644.020663 2614.907565 2568.094417 2524.588795 2475.554420 2425.991686 2398.690939 2377.995044 2372.509911 2368.932680 2383.156665 2396.286790 2410.208743 2417.270205 -9999.0 -9999.0
-9999.0 1895.950174 1968.482338 2094.150251 2176.267387 2221.455694 2245.251316 2261.582922 2293.102982 2328.127545 2426.461122 2498.049039 2587.747265 2630.907415 2682.846107 2786.097963 2887.060799 2806.988297 2843.416280 2902.656562 2964.855099 2994.441903 3019.705414 3010.253730 3046.242123 3068.269712 3073.868380 3079.032347 3077.069900 3068.755815 3061.469296 3068.419589 3065.907040 3047.514441 3032.189241 3030.718178 3027.485408 3004.953164 2995.623876 2980.949953 2983.559748 2989.674968 2994.581105 2974.083211 2969.885790 2990.613351 2992.976337 2982.785247 2988.063162 2986.240793 3019.712321 3042.403586 3046.952738 3064.538147 3085.422280 3057.896231 3034.008270 2992.430718 2994.053977 2969.075086 2913.528534 2858.172356 2810.267031 2896.440425 2827.531601 2761.701186 2695.821811 2628.337002 2560.810156 2516.108673 2481.353655 2427.800388 2404.171735 2402.736394 2391.336032 2386.238541 2389.889507 2395.235831 -9999.0 -9999.0
-9999.0 1806.479955 1947.927093 2131.133929 2281.578861 2337.249579 2423.407728 2496.128055 2522.186616 2484.215651 2594.773120 2821.012819 2828.430931 2842.731533 2913.784892 2988.517526 2983.800512 3012.643613 3033.719099 3051.707764 3066.326139 3077.853409 3075.446589 3069.511594 3053.615696 3045.755969 3045.114689 3043.197819 3026.460066 3008.087411 2991.708935 2989.235494 2989.523674 2943.410974 2910.781509 2894.282838 2878.015070 2863.479611 2835.429958 2810.691875 2937.327884 2808.434580 2804.719923 2932.847608 2928.984186 2804.760356 2834.847228 2831.240976 2840.605388 2859.781457 2895.538170 2932.600356 2951.661557 2980.361228 2996.994334 3042.026575 3052.987672 3074.846762 3078.501564 3064.891210 3020.740788 2989.457055 2959.983912 2905.308713 2844.953574 2922.305725 2855.123913 2788.933271 2717.242006 2666.867123 2610.483814 2544.548251 2486.926582 2463.157883 2420.678779 2400.343294 -9999.0 -9999.0 -9999.0 -9999.0
-9999.0 1714.209412 1898.310960 2148.234144 2441.583155 2540.109400 2756.539491 2805.876090 2847.068103 2911.327392 2830.692298 2993.996868 3036.094044 3028.496437 3034.728698 3036.307397 3049.444414 3049.412330 3044.407257 3033.838030 3024.854841 3020.751795 3019.517093 3011.726153 2999.367495 2985.127974 2991.596607 2980.497798 2945.169817 2913.657878 2876.688373 2864.171319 2823.938510 2861.675346 2813.341209 2768.567822 2705.161379 2702.469199 2704.303618 2676.992375 2660.555006 2633.600900 2660.548601 2672.423172 2676.318818 2672.512925 2685.561799 2716.987063 2768.306770 2810.743538 2860.966968 2918.209804 2804.358143 2843.157328 2883.940709 2936.107722 2966.295964 2995.165335 3023.127899 3059.499902 3081.630277 3069.218449 3048.371166 3006.578435 2965.078826 2915.211694 2885.163818 2834.147936 2895.774308 2838.439229 2778.358509 2709.919091 2630.437842 2551.066051 2506.407462 -9999.0 -9999.0 -9999.0 -9999.0 -9999.0
-9999.0 1509.698807 1776.073746 2053.861177 2350.907384 2699.124667 2799.797284 2900.617252 2962.173331 2935.641860 2949.901800 2960.142318 2982.084086 2987.735569 2981.609335 2969.684659 2954.001757 2952.788211 2965.518621 2939.018667 2909.950482 2897.256047 2897.963033 2887.221640 2864.252701 2849.241701 2839.858256 2822.350305 2914.550021 2857.638566 2765.046012 2723.423680 2637.084073 2588.384386 2543.101942 2489.792192 2438.104774 2439.490771 2461.802621 2451.496626 2431.120101 2413.807226 2442.588615 2464.260724 2477.687728 2463.602758 2471.731591 2506.965571 2557.878756 2605.247911 2658.021311 2717.950065 2764.767891 2814.052462 2848.134103 2900.797388 2801.357611 2842.673384 2911.934822 2987.340480 3002.950165 3035.947292 3066.583809 3087.581105 3045.840624 3017.929559 2995.281278 2984.008709 2936.640085 2891.446248 2851.006809 2787.933719 2801.210687 -9999.0 -9999.0 -9999.0 -9999.0 -9999.0 -9999.0 -9999.0
-9999.0 1391.385787 1596.242248 1805.669967 2073.855723 2314.240629 2534.350169 2643.076237 2732.945819 2800.503093 2854.552893 2896.057954 2800.149060 2820.675407 2798.615412 2894.931579 2864.914324 2868.105355 2857.282558 2828.227493 2791.299394 2770.550553 2763.509103 2755.563220 2732.187518 2720.033036 2711.349132 2688.201345 2659.993796 2602.065056 2520.843397 2441.105527 2381.189380 2353.097779 2323.910276 2291.570234 2259.561706 2270.410698 2282.289489 2281.877839 2274.274551 2273.476101 2302.739703 2321.945059 2331.926687 2321.123302 2340.411481 2366.233218 2407.456069 2452.974110 2503.872727 2559.222338 2614.153349 2643.928048 2658.277161 2683.346459 2724.923945 2782.817871 2873.646267 2817.674012 2891.452717 2936.247641 2985.823626 3005.611002 3031.473015 3060.056690 3079.126523 3069.490013 3044.927276 3012.970560 2964.737902 -9999.0 -9999.0 -9999.0 -9999.0 -9999.0 -9999.0 -9999.0 -9999.0 -9999.0
-9999.0 -9999.0 1367.224364 1531.438037 1648.075371 1820.591848 1970.001056 2083.590262 2186.032022 2323.317535 2444.075630 2538.572539 2584.397688 2602.969109 2591.694107 2565.674160 2547.381533 2545.730277 2531.308633 2517.720197 2494.634437 2482.734048 2466.536004 2456.885885 2449.291267 2446.190743 2442.623434 2433.907348 2414.053016 2367.868244 2322.328180 2271.953701 2219.462520 2193.804657 2171.860300 2151.130386 2151.685605 2146.640510 2151.980525 2154.581464 2163.311547 2177.058598 2196.983172 2219.724656 2229.713725 2239.637926 2251.836653 2275.358760 2308.213982 2350.963691 2405.941636 2465.721330 2507.153916 2521.213149 2512.525558 2518.018431 2537.062892 2580.084072 2660.284145 2747.080131 2850.821735 2929.912171 2843.550776 2897.786452 2923.447993 2958.415526 3009.414641 3056.481399 3093.827831 3072.069917 -9999.0 -9999.0 -9999.0 -9999.0 -9999.0 -9999.0 -9999.0 -9999.0 -9999.0 -9999.0
-9999.0 -9999.0 -9999.0 -9999.0 1392.346685 1544.029207 1642.985249 1726.712186 1861.748110 1991.499979 2098.520407 2186.183649 2253.440161 2281.843950 2282.147692 2294.830594 2292.280764 2283.310630 2270.490966 2269.057534 2267.225522 2257.179614 2239.541467 2231.685570 2233.701243 2240.140034 2238.177672 2225.179849 2206.975518 2187.798222 2169.844046 2136.023974 2100.903805 2071.532022 2058.053837 2053.009243 2052.510099 2044.904576 2053.453863 2061.849194 2077.692210 2093.070721 2116.800911 2146.123539 2160.525475 2175.502208 2185.033448 2205.100293 2235.764825 2289.554750 2353.766252 2412.581090 2450.591539 2456.452113 2433.782471 2419.439484 2416.352649 2445.003637 2490.465832 2556.800379 2661.329315 2741.871635 2802.795376 2856.032834 2900.296296 2802.829928 2890.422229 2966.108000 -9999.0 -9999.0 -9999.0 -9999.0 -9999.0 -9999.0 -9999.0 -9999.0 -9999.0 -9999.0 -9999.0 -9999.0
-9999.0 -9999.0 -9999.0 -9999.0 -9999.0 -9999.0 1362.333483 1467.523117 1543.157423 1691.757464 1832.439524 1939.075768 2022.550953 2057.694133 2089.159753 2118.498805 2117.764314 2097.323859 2074.872533 2092.637076 2106.550300 2098.140705 2065.563204 2065.351791 2071.035735 2079.140459 2077.009706 2071.081081 2046.238118 2059.999168 2061.892354 2038.246735 2011.984682 1998.175434 1986.011942 1995.379354 1995.298164 1981.185511 1980.935085 2008.483135 2029.357953 2042.509978 2064.005638 2097.272317 2129.824383 2145.485119 2146.906706 2152.701095 2191.551896 2261.848737 2334.526456 2391.243777 2425.178569 2434.597204 2409.768086 2371.189241 2352.548446 2361.041067 2396.798791 2449.687411 2527.807674 2580.028916 2609.027332 2627.246719 2651.489065 2751.500337 -9999.0 -9999.0 -9999.0 -9999.0 -9999.0 -9999.0 -9999.0 -9999.0 -9999.0 -9999.0 -9999.0 -9999.0 -9999.0 -9999.0
-9999.0 -9999.0 -9999.0 -9999.0 -9999.0 -9999.0 -9999.0 -9999.0 -9999.0 -9999.0 -9999.0 -9999.0 -9999.0 -9999.0 -9999.0 -9999.0 -9999.0 -9999.0 -9999.0 -9999.0 -9999.0 -9999.0 -9999.0 -9999.0 -9999.0 -9999.0 -9999.0 -9999.0 -9999.0 -9999.0 -9999.0 -9999.0 -9999.0 -9999.0 -9999.0 -9999.0 -9999.0 -9999.0 -9999.0 -9999.0 -9999.0 -9999.0 -9999.0 -9999.0 -9999.0 -9999.0 -9999.0 -9999.0 -9999.0 -9999.0 -9999.0 -9999.0 -9999.0 -9999.0 -9999.0 -9999.0 -9999.0 -9999.0 -9999.0 -9999.0 -9999.0 -9999.0 -9999.0 -9999.0 -9999.0 -9999.0 -9999.0 -9999.0 -9999.0 -9999.0 -9999.0 -9999.0 -9999.0 -9999.0 -9999.0 -9999.0 -9999.0 -9999.0 -9999.0 -9999.0
-9999.0 -9999.0 -9999.0 -9999.0 -9999.0 -9999.0 -9999.0 -9999.0 -9999.0 -9999.0 -9999.0 -9999.0 -9999.0 -9999.0 -9999.0 -9999.0 -9999.0 -9999.0 -9999.0 -9999.0 -9999.0 -9999.0 -9999.0 -9999.0 -9999.0 -9999.0 -9999.0 -9999.0 -9999.0 -9999.0 -9999.0 -9999.0 -9999.0 -9999.0 -9999.0 -9999.0 -9999.0 -9999.0 -9999.0 -9999.0 -9999.0 -9999.0 -9999.0 -9999.0 -9999.0 -9999.0 -9999.0 -9999.0 -9999.0 -9999.0 -9999.0 -9999.0 -9999.0 -9999.0 -9999.0 -9999.0 -9999.0 -9999.0 -9999.0 -9999.0 -9999.0 -9999.0 -9999.0 -9999.0 -9999.0 -9999.0 -9999.0 -9999.0 -9999.0 -9999.0 -9999.0 -9999.0 -9999.0 -9999.0 -9999.0 -9999.0 -9999.0 -9999.0 -9999.0 -9999.0