Borden_/Borden1m_014/output_maps/psiliqL0001N0032.asc
ncols         80
nrows         18
xllcorner     620200.000000
yllcorner     5168000.000000
cellsize      1.000000
NODATA_value  -9999.0
-9999.0 -9999.0 -9999.0 -9999.0 -9999.0 -9999.0 -9999.0 -9999.0 -9999.0 -9999.0 -9999.0 -9999.0 -9999.0 -9999.0 -9999.0 -9999.0 -9999.0 -9999.0 -9999.0 -9999.0 -9999.0 -9999.0 -9999.0 -9999.0 -9999.0 -9999.0 -9999.0 -9999.0 -9999.0 -9999.0 -9999.0 -9999.0 -9999.0 -9999.0 -9999.0 -9999.0 -9999.0 -9999.0 -9999.0 -9999.0 -9999.0 -9999.0 -9999.0 -9999.0 -9999.0 -9999.0 -9999.0 -9999.0 -9999.0 -9999.0 -9999.0 -9999.0 -9999.0 -9999.0 -9999.0 -9999.0 -9999.0 -9999.0 -9999.0 -9999.0 -9999.0 -9999.0 -9999.0 -9999.0 -9999.0 -9999.0 -9999.0 -9999.0 -9999.0 -9999.0 -9999.0 -9999.0 -9999.0 -9999.0 -9999.0 -9999.0 -9999.0 -9999.0 -9999.0 -9999.0
-9999.0 -9999.0 -9999.0 -9999.0 -9999.0 -9999.0 -9999.0 -9999.0 -9999.0 -9999.0 -9999.0 -9999.0 -9999.0 -9999.0 -9999.0 -9999.0 -9999.0 -9999.0 -9999.0 -9999.0 -9999.0 -9999.0 -9999.0 -9999.0 -9999.0 -9999.0 -9999.0 -9999.0 -9999.0 -9999.0 -9999.0 -9999.0 -9999.0 -9999.0 -9999.0 -9999.0 -9999.0 -9999.0 -9999.0 -9999.0 -9999.0 -9999.0 -9999.0 -9999.0 -9999.0 -9999.0 -9999.0 -9999.0 -9999.0 -9999.0 -9999.0 -9999.0 -9999.0 -9999.0 -9999.0 -9999.0 -9999.0 -9999.0 -9999.0 -9999.0 -9999.0 -9999.0 -9999.0 -9999.0 -9999.0 -9999.0 -9999.0 -9999.0 -9999.0 -9999.0 -9999.0 -9999.0 -9999.0 -9999.0 -9999.0 -9999.0 -9999.0 -9999.0 -9999.0 -9999.0
-9999.0 -9999.0 -9999.0 -9999.0 -9999.0 -9999.0 -9999.0 -9999.0 -9999.0 -9999.0 -9999.0 -9999.0 -9999.0 -9999.0 -9999.0 -9999.0 -9999.0 -9999.0 -9999.0 -9999.0 -602.968114 -602.072380 -604.050193 -606.285297 -608.147112 -608.370700 -606.270943 -603.817691 -600.980878 -600.368653 -602.631857 -602.113129 -603.003686 -603.457693 -603.467450 -602.853586 -602.579477 -601.646059 -601.041064 -601.286589 -601.974119 -602.477564 -602.950504 -602.780969 -602.016432 -603.030821 -601.488789 -599.934625 -599.357312 -599.411306 -601.574478 -602.492045 -602.821235 -604.554887 -601.405623 -600.431077 -598.015553 -597.760359 -597.334136 -600.056928 -602.702329 -9999.0 -9999.0 -9999.0 -9999.0 -9999.0 -9999.0 -9999.0 -9999.0 -9999.0 -9999.0 -9999.0 -9999.0 -9999.0 -9999.0 -9999.0 -9999.0 -9999.0 -9999.0 -9999.0
-9999.0 -9999.0 -9999.0 -9999.0 -9999.0 -9999.0 -9999.0 -9999.0 -9999.0 -9999.0 -9999.0 -9999.0 -9999.0 -9999.0 -606.672424 -607.716688 -608.197073 -608.475679 -606.595532 -605.104735 -605.010416 -606.097074 -605.236204 -607.343254 -609.175433 -608.047416 -606.425893 -605.048798 -602.777161 -601.003103 -602.618069 -603.012868 -602.112340 -598.943881 -597.471050 -598.107471 -601.736683 -598.355413 -596.540802 -595.331819 -595.478945 -597.135729 -594.742699 -591.957108 -593.352739 -596.284443 -595.745677 -594.127968 -591.379272 -592.933965 -601.975764 -603.012638 -602.582691 -602.449759 -603.634651 -604.494985 -601.317694 -601.730872 -602.278464 -602.906369 -604.804942 -607.799511 -609.107857 -606.040814 -603.196254 -597.309191 -9999.0 -9999.0 -9999.0 -9999.0 -9999.0 -9999.0 -9999.0 -9999.0 -9999.0 -9999.0 -9999.0 -9999.0 -9999.0 -9999.0
-9999.0 -9999.0 -9999.0 -9999.0 -9999.0 -9999.0 -9999.0 -9999.0 -9999.0 -608.409005 -608.705020 -608.420583 -609.095249 -608.193132 -609.669764 -609.320093 -609.549245 -608.284197 -607.210424 -605.367210 -602.913388 -604.694602 -604.913814 -603.579079 -603.303920 -602.734831 -601.591660 -597.413933 -592.405922 -584.508874 -591.049845 -591.314657 -587.689374 -573.883681 -560.200370 -555.443189 -563.171130 -563.278870 -553.884824 -541.403348 -540.581002 -541.617113 -526.826873 -516.874523 -509.673433 -524.915253 -539.452833 -541.680088 -524.402475 -553.163120 -574.014277 -589.138861 -588.374542 -593.473711 -598.903639 -600.941712 -601.663056 -597.938719 -599.412543 -602.864897 -605.633548 -604.822055 -606.326967 -604.873157 -603.785723 -599.317893 -595.191130 -591.117342 -590.907122 -593.503554 -9999.0 -9999.0 -9999.0 -9999.0 -9999.0 -9999.0 -9999.0 -9999.0 -9999.0 -9999.0
-9999.0 -9999.0 -9999.0 -9999.0 -9999.0 -9999.0 -610.238969 -610.370853 -609.804935 -611.587207 -610.322709 -611.190599 -610.232250 -609.794247 -609.171230 -609.100132 -607.438238 -605.961439 -603.412521 -599.950876 -596.675320 -598.278923 -597.394629 -592.536443 -582.709058 -573.111711 -566.783161 -554.499002 -503.208337 -447.127615 -423.268969 -411.917414 -398.964435 -369.267225 -315.000215 -290.379919 -317.707993 -335.695854 -318.562108 -274.737739 -188.396724 -187.557719 -182.164226 -175.433215 -149.316696 -153.594598 -268.324659 -299.675038 -310.135833 -319.820725 -361.509030 -404.924549 -463.966346 -519.352125 -560.820434 -578.221727 -581.198676 -578.650992 -585.439362 -593.984131 -598.953949 -599.051855 -600.026880 -601.793394 -601.026966 -599.215557 -596.363235 -594.577966 -595.958978 -597.839800 -599.287936 -602.211400 -601.766377 -598.929880 -9999.0 -9999.0 -9999.0 -9999.0 -9999.0 -9999.0
-9999.0 -9999.0 -9999.0 -9999.0 -613.031920 -612.207348 -614.658588 -613.283926 -612.195706 -611.368557 -611.317112 -609.788861 -609.333369 -608.223951 -605.823981 -603.822701 -600.328486 -597.617950 -589.988794 -573.229054 -555.084798 -542.185335 -532.449950 -464.783990 -396.038763 -357.936177 -343.373859 -318.636398 -269.416693 -142.427279 -116.172929 -111.109416 -130.150529 -69.471908 -28.976644 -1.995537 -14.214026 -21.576054 -18.987473 -12.163675 10.985724 11.285856 12.248171 12.166651 14.192099 16.181034 -2.880343 -32.734563 -43.311862 -51.127771 -107.529803 -127.471722 -237.297528 -276.314569 -301.632869 -341.486926 -395.057936 -419.955608 -493.115878 -539.216747 -567.893420 -576.715089 -584.760448 -588.846562 -593.988451 -593.189415 -591.891052 -594.471341 -597.748814 -600.808960 -601.234676 -602.555554 -603.966267 -600.359103 -599.025756 -594.980595 -9999.0 -9999.0 -9999.0 -9999.0
-9999.0 -9999.0 -613.187601 -613.071604 -610.810370 -612.177457 -612.941859 -614.111697 -613.616005 -611.409396 -607.051966 -605.020467 -601.878388 -600.178300 -592.795473 -573.018997 -544.845556 -514.230157 -439.565121 -382.818601 -334.322393 -291.930749 -205.756726 -163.923313 -150.075592 -74.038832 -50.771579 -69.352883 -8.673212 15.864008 41.299488 55.623238 62.614160 54.286047 55.717435 51.552234 52.001289 46.682102 31.171043 28.555055 35.910568 37.393139 41.343205 28.999449 25.317350 37.820663 39.514482 40.119053 43.067101 49.943352 61.525215 32.760982 -19.199355 -30.008653 -70.220174 -69.606042 -131.257128 -232.165765 -261.929099 -302.534285 -371.744706 -409.602360 -470.622555 -529.312570 -559.337136 -571.279108 -582.374064 -588.964225 -594.776617 -599.926913 -601.510690 -602.470625 -601.816311 -602.289678 -600.359828 -598.857416 -596.652847 -595.798439 -9999.0 -9999.0
-9999.0 -613.798504 -614.517204 -610.440118 -609.690986 -608.770985 -607.399984 -606.226393 -605.082708 -606.702117 -594.582882 -568.271242 -535.944405 -519.056927 -453.082508 -358.782780 -197.481818 -165.413539 -164.631263 -101.914378 -53.380238 -16.796976 6.740392 38.864976 62.459977 55.122183 54.825879 51.352870 44.661003 36.647151 26.394166 34.397705 33.154901 18.902679 7.317937 6.762575 5.008033 -19.537526 -43.632776 -55.715874 -50.044647 -29.874560 -39.330844 -59.473376 -63.276158 -43.724333 -29.268064 -37.550925 -48.622831 -34.916255 -5.295674 11.984869 28.404126 41.751964 62.183245 39.981527 7.951901 -27.714948 -40.132272 -63.339930 -176.000106 -241.144812 -294.218553 -355.558440 -404.677698 -476.845833 -539.369840 -565.233266 -581.989065 -587.980779 -591.643545 -598.780063 -600.665224 -599.254071 -600.195603 -600.307730 -599.435825 -598.749193 -9999.0 -9999.0
-9999.0 -617.327972 -613.665147 -609.228193 -603.480810 -602.307828 -581.409374 -559.527493 -550.008215 -562.191344 -486.693963 -191.221519 -130.671010 -130.936147 -80.839994 -14.064275 26.185610 47.468382 61.590077 50.642559 46.377651 47.031172 42.944774 34.553569 20.879932 13.449694 13.734906 11.729413 -3.525506 -20.452776 -35.934670 -35.774020 -48.618445 -81.063544 -113.948626 -127.327502 -159.709981 -219.784838 -260.335505 -288.153819 -300.822402 -280.442409 -291.766269 -310.652355 -314.325413 -290.153321 -256.905500 -263.565020 -258.983378 -236.035045 -190.421103 -99.932320 -80.126134 -55.809549 -25.016994 12.434728 30.937143 49.318982 56.657579 32.202380 -4.392216 -48.562099 -75.243773 -190.062414 -265.093737 -342.078061 -388.773797 -423.598667 -497.864159 -538.732532 -561.981205 -578.888758 -590.163627 -592.778455 -597.952101 -598.894776 -9999.0 -9999.0 -9999.0 -9999.0
-9999.0 -617.239341 -613.555766 -604.970236 -582.703301 -542.838894 -398.392069 -270.310751 -96.326117 -146.021289 -21.375578 47.180689 55.265958 38.186044 11.830168 8.066017 17.172876 19.157229 15.184953 6.437943 -2.217904 -6.351396 -7.719014 -14.823876 -26.687913 -41.145734 -51.010618 -61.601963 -153.366274 -190.830816 -219.013614 -234.464626 -267.392131 -348.149329 -378.471011 -397.811092 -456.138017 -474.212190 -492.027369 -521.617319 -533.945359 -541.020248 -531.486255 -533.948533 -534.789367 -528.389770 -510.294978 -493.237924 -441.363168 -405.656790 -376.552435 -330.832010 -297.873887 -253.997888 -201.199296 -93.666745 -66.106397 -41.525220 -1.999598 32.818730 53.330013 45.567845 17.873344 -15.119689 -70.982736 -195.012224 -248.660134 -317.129767 -367.887792 -400.450510 -424.376399 -480.189971 -543.647344 -576.390663 -584.181239 -9999.0 -9999.0 -9999.0 -9999.0 -9999.0
-9999.0 -621.781271 -612.972019 -605.812482 -564.977674 -383.989246 -295.661245 -23.259151 27.483358 -40.440785 -150.659249 -64.144865 -31.296389 -31.826736 -56.940284 -67.919818 -71.499782 -72.226078 -59.864376 -94.100329 -172.900623 -191.600973 -193.914968 -205.696922 -228.027859 -246.989760 -261.498107 -282.790045 -335.401799 -373.201788 -420.734453 -451.921378 -526.921621 -560.679093 -574.384764 -585.222809 -594.738973 -594.606102 -591.758953 -594.404875 -597.160995 -599.981204 -596.602165 -595.026882 -593.506940 -595.338483 -594.744826 -589.860610 -581.244654 -571.178533 -553.759030 -521.785169 -471.320919 -409.423298 -384.761284 -338.712649 -293.989400 -246.302144 -171.010966 -46.886197 -20.598025 7.890679 43.310516 62.111242 24.396093 -10.402819 -65.614052 -190.097980 -289.648381 -328.971139 -344.742447 -365.938327 -401.351974 -9999.0 -9999.0 -9999.0 -9999.0 -9999.0 -9999.0 -9999.0
-9999.0 -624.786383 -615.125742 -613.014768 -600.225477 -569.372938 -492.831673 -379.739065 -207.083168 -336.186725 -350.926231 -327.656491 -299.296632 -278.286023 -301.420219 -333.031181 -353.707410 -350.329296 -348.919668 -368.216122 -390.736350 -399.865334 -400.420087 -407.964702 -440.280904 -464.440267 -479.644740 -505.425928 -535.028627 -559.480509 -583.413062 -593.667601 -600.506257 -602.935051 -604.660615 -606.437111 -609.709734 -608.005217 -606.636204 -607.021303 -608.082545 -608.876664 -606.492647 -605.643316 -604.873870 -607.060821 -605.529318 -604.069115 -600.790123 -597.320965 -592.189445 -584.229397 -573.176027 -564.050519 -556.637837 -540.539074 -504.993461 -427.462145 -363.349186 -270.831376 -196.628883 -100.980493 -50.531516 -17.900082 0.293516 7.673120 16.637477 -7.854870 -262.241293 -294.783083 -297.600931 -9999.0 -9999.0 -9999.0 -9999.0 -9999.0 -9999.0 -9999.0 -9999.0 -9999.0
-9999.0 -9999.0 -626.469823 -622.292020 -618.312884 -614.406241 -608.915449 -601.565533 -595.749287 -587.807124 -574.720495 -557.627738 -544.230045 -537.026802 -546.494153 -562.645768 -570.837163 -570.293648 -572.356361 -576.427821 -583.204534 -585.623873 -587.196627 -588.464691 -591.204766 -592.373204 -592.874257 -593.901123 -596.096419 -600.721047 -604.717152 -607.375598 -610.217080 -610.178544 -610.666111 -611.662230 -610.977229 -611.145208 -610.877468 -611.027825 -610.847713 -610.430454 -609.873346 -609.136066 -609.090405 -608.904928 -608.610576 -607.754419 -606.423904 -604.651234 -601.180696 -595.944952 -591.732937 -590.634507 -592.735036 -591.958850 -588.713912 -580.544343 -550.210001 -468.411226 -386.613386 -324.653376 -254.299764 -206.489745 -184.804734 -111.797030 -50.958964 -199.350032 -343.991972 -331.892708 -9999.0 -9999.0 -9999.0 -9999.0 -9999.0 -9999.0 -9999.0 -9999.0 -9999.0 -9999.0
-9999.0 -9999.0 -9999.0 -9999.0 -627.700515 -622.236579 -617.312182 -617.699852 -614.132113 -611.994463 -609.861903 -607.203765 -605.013391 -603.512334 -605.477427 -606.111281 -606.570525 -606.261229 -606.646974 -607.221462 -607.554317 -607.878248 -608.143101 -608.584657 -608.467466 -608.110434 -608.015620 -608.747906 -608.776061 -610.261466 -610.571786 -611.429776 -612.260102 -613.167861 -613.019129 -613.159970 -612.786234 -613.184525 -612.550692 -612.945405 -612.476131 -612.250979 -611.649610 -610.688969 -611.050922 -610.492181 -610.442576 -609.672205 -609.322656 -607.241273 -603.795511 -599.678744 -596.780558 -596.874977 -600.485245 -601.951639 -602.721255 -600.365953 -596.107751 -586.497831 -558.246446 -512.222361 -425.534766 -387.462185 -362.437429 -319.727112 -279.157917 -270.568720 -9999.0 -9999.0 -9999.0 -9999.0 -9999.0 -9999.0 -9999.0 -9999.0 -9999.0 -9999.0 -9999.0 -9999.0
-9999.0 -9999.0 -9999.0 -9999.0 -9999.0 -9999.0 -625.645678 -623.055052 -623.624833 -621.858323 -620.313699 -618.995333 -616.845340 -617.217511 -616.722934 -615.034244 -615.334806 -616.144378 -617.147056 -615.648246 -615.063061 -614.896461 -616.563376 -616.121096 -615.984645 -615.323152 -615.390691 -615.124737 -616.601824 -614.981293 -614.231734 -614.588229 -614.933801 -614.651204 -615.038453 -613.969105 -613.843622 -614.699662 -614.923734 -613.696675 -613.351176 -613.518351 -613.248964 -612.373998 -611.100106 -610.910884 -611.473717 -612.238091 -610.855746 -607.721711 -604.083981 -600.739183 -598.479559 -597.721624 -600.766599 -604.725286 -606.647404 -606.841517 -605.127828 -601.782853 -593.580546 -587.298843 -581.529153 -573.896980 -564.320325 -504.413328 -9999.0 -9999.0 -9999.0 -9999.0 -9999.0 -9999.0 -9999.0 -9999.0 -9999.0 -9999.0 -9999.0 -9999.0 -9999.0 -9999.0
-9999.0 -9999.0 -9999.0 -9999.0 -9999.0 -9999.0 -9999.0 -9999.0 -9999.0 -9999.0 -9999.0 -9999.0 -9999.0 -9999.0 -9999.0 -9999.0 -9999.0 -9999.0 -9999.0 -9999.0 -9999.0 -9999.0 -9999.0 -9999.0 -9999.0 -9999.0 -9999.0 -9999.0 -9999.0 -9999.0 -9999.0 -9999.0 -9999.0 -9999.0 -9999.0 -9999.0 -9999.0 -9999.0 -9999.0 -9999.0 -9999.0 -9999.0 -9999.0 -9999.0 -9999.0 -9999.0 -9999.0 -9999.0 -9999.0 -9999.0 -9999.0 -9999.0 -9999.0 -9999.0 -9999.0 -9999.0 -9999.0 -9999.0 -9999.0 -9999.0 -9999.0 -9999.0 -9999.0 -9999.0 -9999.0 -9999.0 -9999.0 -9999.0 -9999.0 -9999.0 -9999.0 -9999.0 -9999.0 -9999.0 -9999.0 -9999.0 -9999.0 -9999.0 -9999.0 -9999.0
-9999.0 -9999.0 -9999.0 -9999.0 -9999.0 -9999.0 -9999.0 -9999.0 -9999.0 -9999.0 -9999.0 -9999.0 -9999.0 -9999.0 -9999.0 -9999.0 -9999.0 -9999.0 -9999.0 -9999.0 -9999.0 -9999.0 -9999.0 -9999.0 -9999.0 -9999.0 -9999.0 -9999.0 -9999.0 -9999.0 -9999.0 -9999.0 -9999.0 -9999.0 -9999.0 -9999.0 -9999.0 -9999.0 -9999.0 -9999.0 -9999.0 -9999.0 -9999.0 -9999.0 -9999.0 -9999.0 -9999.0 -9999.0 -9999.0 -9999.0 -9999.0 -9999.0 -9999.0 -9999.0 -9999.0 -9999.0 -9999.0 -9999.0 -9999.0 -9999.0 -9999.0 -9999.0 -9999.0 -9999.0 -9999.0 -9999.0 -9999.0 -9999.0 -9999.0 -9999.0 -9999.0 -9999.0 -9999.0 -9999.0 -9999.0 -9999.0 -9999.0 -9999.0 -9999.0 -9999.0