Borden_/Borden1m_014/output_maps/psiliqL0001N0040.asc
ncols         80
nrows         18
xllcorner     620200.000000
yllcorner     5168000.000000
cellsize      1.000000
NODATA_value  -9999.0
-9999.0 -9999.0 -9999.0 -9999.0 -9999.0 -9999.0 -9999.0 -9999.0 -9999.0 -9999.0 -9999.0 -9999.0 -9999.0 -9999.0 -9999.0 -9999.0 -9999.0 -9999.0 -9999.0 -9999.0 -9999.0 -9999.0 -9999.0 -9999.0 -9999.0 -9999.0 -9999.0 -9999.0 -9999.0 -9999.0 -9999.0 -9999.0 -9999.0 -9999.0 -9999.0 -9999.0 -9999.0 -9999.0 -9999.0 -9999.0 -9999.0 -9999.0 -9999.0 -9999.0 -9999.0 -9999.0 -9999.0 -9999.0 -9999.0 -9999.0 -9999.0 -9999.0 -9999.0 -9999.0 -9999.0 -9999.0 -9999.0 -9999.0 -9999.0 -9999.0 -9999.0 -9999.0 -9999.0 -9999.0 -9999.0 -9999.0 -9999.0 -9999.0 -9999.0 -9999.0 -9999.0 -9999.0 -9999.0 -9999.0 -9999.0 -9999.0 -9999.0 -9999.0 -9999.0 -9999.0
-9999.0 -9999.0 -9999.0 -9999.0 -9999.0 -9999.0 -9999.0 -9999.0 -9999.0 -9999.0 -9999.0 -9999.0 -9999.0 -9999.0 -9999.0 -9999.0 -9999.0 -9999.0 -9999.0 -9999.0 -9999.0 -9999.0 -9999.0 -9999.0 -9999.0 -9999.0 -9999.0 -9999.0 -9999.0 -9999.0 -9999.0 -9999.0 -9999.0 -9999.0 -9999.0 -9999.0 -9999.0 -9999.0 -9999.0 -9999.0 -9999.0 -9999.0 -9999.0 -9999.0 -9999.0 -9999.0 -9999.0 -9999.0 -9999.0 -9999.0 -9999.0 -9999.0 -9999.0 -9999.0 -9999.0 -9999.0 -9999.0 -9999.0 -9999.0 -9999.0 -9999.0 -9999.0 -9999.0 -9999.0 -9999.0 -9999.0 -9999.0 -9999.0 -9999.0 -9999.0 -9999.0 -9999.0 -9999.0 -9999.0 -9999.0 -9999.0 -9999.0 -9999.0 -9999.0 -9999.0
-9999.0 -9999.0 -9999.0 -9999.0 -9999.0 -9999.0 -9999.0 -9999.0 -9999.0 -9999.0 -9999.0 -9999.0 -9999.0 -9999.0 -9999.0 -9999.0 -9999.0 -9999.0 -9999.0 -9999.0 -621.724122 -620.829852 -622.905942 -625.272677 -627.222076 -627.433835 -625.218687 -622.593053 -619.570282 -618.882584 -621.226423 -620.723454 -621.633002 -622.064753 -622.045488 -621.410980 -621.137922 -620.132930 -619.468852 -619.704451 -620.423659 -620.964678 -621.448489 -621.249125 -620.468636 -621.507833 -619.901644 -618.251469 -617.617415 -617.723731 -620.075626 -621.100314 -621.475860 -623.253869 -620.015695 -618.957293 -616.399757 -616.102785 -615.694450 -618.581811 -621.385307 -9999.0 -9999.0 -9999.0 -9999.0 -9999.0 -9999.0 -9999.0 -9999.0 -9999.0 -9999.0 -9999.0 -9999.0 -9999.0 -9999.0 -9999.0 -9999.0 -9999.0 -9999.0 -9999.0
-9999.0 -9999.0 -9999.0 -9999.0 -9999.0 -9999.0 -9999.0 -9999.0 -9999.0 -9999.0 -9999.0 -9999.0 -9999.0 -9999.0 -625.814378 -626.877613 -627.359606 -627.595246 -625.611986 -624.005410 -623.835779 -624.941385 -624.108569 -626.288557 -628.167174 -627.001096 -625.270755 -623.737615 -621.280241 -619.376375 -621.067630 -621.479439 -620.508253 -617.149985 -615.541068 -616.186042 -619.946070 -616.438981 -614.477358 -613.160345 -613.315037 -615.028582 -612.488573 -609.541771 -610.980438 -614.081467 -613.555489 -611.841022 -608.927773 -610.703640 -620.235871 -621.451780 -621.049306 -620.972835 -622.218804 -623.104856 -619.828099 -620.207467 -620.804173 -621.551257 -623.610341 -626.764822 -628.118161 -624.941750 -621.887242 -615.674348 -9999.0 -9999.0 -9999.0 -9999.0 -9999.0 -9999.0 -9999.0 -9999.0 -9999.0 -9999.0 -9999.0 -9999.0 -9999.0 -9999.0
-9999.0 -9999.0 -9999.0 -9999.0 -9999.0 -9999.0 -9999.0 -9999.0 -9999.0 -627.711567 -627.994118 -627.694805 -628.349038 -627.415752 -628.857479 -628.493029 -628.678806 -627.344453 -626.149663 -624.157014 -621.577579 -623.386776 -623.599745 -622.200789 -621.853658 -621.191210 -619.908458 -615.438314 -609.962397 -601.521699 -608.328047 -608.595570 -604.717615 -590.168152 -575.046887 -569.671360 -578.346997 -578.404777 -567.394270 -552.174445 -550.234095 -551.233414 -532.743338 -520.626694 -512.625427 -530.544789 -549.374749 -552.311701 -532.346083 -566.617806 -590.352920 -606.270612 -605.642023 -611.147484 -616.996260 -619.235860 -619.964477 -616.110851 -617.697690 -621.384412 -624.343710 -623.604528 -625.162003 -623.655428 -622.437510 -617.697311 -613.278946 -608.951202 -608.726372 -611.467183 -9999.0 -9999.0 -9999.0 -9999.0 -9999.0 -9999.0 -9999.0 -9999.0 -9999.0 -9999.0
-9999.0 -9999.0 -9999.0 -9999.0 -9999.0 -9999.0 -629.705420 -629.818268 -629.222098 -630.939169 -629.645894 -630.466109 -629.465607 -628.969041 -628.289895 -628.142876 -626.369781 -624.752561 -621.988094 -618.241467 -614.712565 -616.293298 -615.308433 -610.043803 -599.667371 -589.505520 -582.474164 -567.926358 -507.667873 -452.349608 -430.882466 -421.816300 -411.773273 -377.955047 -321.385195 -303.728692 -322.881130 -337.567031 -317.759090 -273.344409 -193.491752 -191.963869 -186.052314 -179.246811 -152.516805 -156.648846 -266.362662 -297.164230 -309.028041 -320.528868 -367.951021 -417.737134 -470.051677 -525.705776 -575.582620 -594.930786 -597.937373 -595.090564 -602.521062 -611.714251 -617.084411 -617.291688 -618.377032 -620.226279 -619.443048 -617.495213 -614.459101 -612.581542 -614.055811 -616.095557 -617.726640 -620.804424 -620.356909 -617.379841 -9999.0 -9999.0 -9999.0 -9999.0 -9999.0 -9999.0
-9999.0 -9999.0 -9999.0 -9999.0 -632.526665 -631.701017 -634.108857 -632.729317 -631.601558 -630.715790 -630.563947 -628.938895 -628.382793 -627.166069 -624.588369 -622.349602 -618.554211 -615.528014 -607.277997 -589.455910 -569.011649 -553.188651 -539.616193 -469.008300 -407.042677 -364.160378 -346.544919 -318.986108 -270.333565 -145.163383 -119.037092 -113.259642 -131.516356 -71.489897 -71.697224 -4.440837 -55.248966 -23.749333 -21.627801 -14.701558 8.602136 8.927992 9.816453 9.802764 11.826505 13.736777 -4.976946 -35.201862 -45.925442 -53.158923 -109.667224 -130.027764 -238.808242 -276.266041 -301.542117 -345.426767 -407.413776 -432.969563 -497.812994 -549.546964 -583.521199 -593.061585 -601.718272 -606.240774 -611.724401 -610.953555 -609.657638 -612.410048 -615.926864 -619.207252 -619.747903 -621.175386 -622.610407 -618.867075 -617.403446 -613.144044 -9999.0 -9999.0 -9999.0 -9999.0
-9999.0 -9999.0 -632.766249 -632.567644 -630.256677 -631.565014 -632.288190 -633.414323 -632.863959 -630.560178 -625.958619 -623.639118 -620.194665 -618.260207 -610.310447 -589.281630 -555.858879 -517.705253 -447.201498 -391.134252 -336.148348 -293.246356 -225.116057 -167.107976 -152.277902 -75.965507 -93.158631 -34.739982 -11.100597 13.762521 38.491917 53.515330 59.618955 52.348683 52.672446 49.282177 49.094191 44.385695 28.562230 26.126223 33.480950 35.267136 38.998125 26.694705 22.951818 35.278117 37.557550 37.653405 40.454091 47.913248 59.136123 30.333617 -21.623023 -32.215945 -72.086228 -71.910147 -143.888710 -237.019963 -264.288272 -304.113208 -380.251010 -424.068673 -477.741117 -537.353072 -573.507476 -587.077475 -599.244509 -606.399491 -612.674326 -618.167140 -619.919996 -621.007498 -620.383252 -620.825217 -618.809525 -617.194852 -614.892786 -613.974025 -9999.0 -9999.0
-9999.0 -633.450705 -634.073225 -629.872941 -628.926358 -627.854689 -626.271474 -624.914479 -623.663051 -625.204900 -612.324633 -583.470057 -545.261367 -523.292896 -458.078577 -362.343843 -199.644610 -167.624389 -165.953640 -103.948646 -56.308402 -18.914352 5.101817 36.693058 60.085309 53.462676 52.228331 49.477161 42.106298 34.103279 24.218022 32.147712 30.842573 16.092039 5.162567 5.048966 -17.127501 -21.889207 -46.321620 -58.223390 -52.501506 -32.015723 -41.683967 -61.832983 -65.730139 -46.269854 -31.031111 -40.039131 -51.448699 -36.978808 -8.593457 9.657855 26.057632 39.564474 59.914846 37.763346 5.878798 -29.102231 -78.396444 -66.020392 -179.121565 -245.072784 -298.499518 -362.910372 -418.265142 -484.502426 -549.462687 -580.178010 -598.708802 -605.301261 -609.339315 -616.907372 -618.985137 -617.596730 -618.597024 -618.721951 -617.804946 -617.071675 -9999.0 -9999.0
-9999.0 -636.910792 -633.189107 -628.473816 -622.229511 -620.575776 -598.673549 -574.894893 -562.743326 -576.461098 -488.912328 -193.447824 -166.202421 -133.275515 -84.511013 -16.296200 24.149360 45.274757 59.541386 48.918666 43.489418 45.092901 40.138470 32.226912 18.391390 11.255931 11.521611 9.693602 -6.069724 -23.032254 -37.976023 -38.059602 -50.991046 -84.434268 -136.704259 -152.634007 -199.360272 -227.179618 -262.636644 -288.021444 -299.298139 -278.243261 -289.722323 -309.170999 -313.077437 -288.928404 -256.570070 -263.930714 -261.168424 -239.387736 -193.326824 -103.845053 -82.600352 -58.219131 -27.905818 10.355103 28.584972 48.188774 53.802879 29.695825 -34.837803 -50.720485 -78.167018 -193.674685 -270.974044 -351.349078 -403.163640 -442.287590 -506.277760 -550.007704 -576.930274 -595.454296 -607.610447 -610.589076 -616.082013 -617.234849 -9999.0 -9999.0 -9999.0 -9999.0
-9999.0 -636.800848 -633.016861 -623.948316 -600.190604 -556.300616 -410.763869 -275.475522 -111.700428 -149.296121 -23.572700 45.025601 52.794798 35.953984 9.623099 6.133289 14.997715 16.985058 12.865928 4.980061 -5.215758 -8.571549 -41.485646 -17.280131 -29.412320 -44.122493 -54.009026 -65.108127 -155.693998 -193.693513 -222.073724 -236.700838 -268.240928 -352.552345 -388.791726 -410.848734 -462.418016 -479.153109 -496.815879 -528.246030 -543.227718 -551.869368 -540.491887 -543.230802 -544.095812 -536.266695 -515.505008 -497.478979 -451.119840 -419.436626 -385.669843 -334.611427 -300.784014 -257.605951 -204.250068 -96.955159 -68.553676 -42.873309 -31.509405 30.367818 50.845028 43.491561 15.436096 -18.700554 -73.746856 -201.291587 -258.411561 -331.385367 -385.981009 -420.368810 -445.195977 -491.561778 -555.834981 -592.998286 -601.439384 -9999.0 -9999.0 -9999.0 -9999.0 -9999.0
-9999.0 -641.193297 -632.421981 -624.793292 -581.590499 -393.682631 -302.702698 -38.922239 14.705215 -55.341320 -154.289157 -66.428037 -80.437945 -34.200812 -60.647551 -76.853363 -74.151578 -74.731803 -63.106368 -119.737869 -181.262584 -197.437211 -198.960358 -210.189648 -231.913398 -249.973127 -263.847561 -284.750665 -338.815755 -381.895732 -435.234123 -460.475809 -534.701686 -575.509310 -590.822835 -602.341050 -612.399724 -612.323358 -609.402292 -612.235097 -615.178557 -618.118469 -614.578888 -612.897901 -611.304161 -613.177615 -612.472432 -607.242466 -597.903301 -586.899291 -566.989529 -528.066667 -477.093690 -423.258817 -395.045103 -342.330863 -295.893322 -249.242458 -173.981377 -49.423920 -33.529245 5.742193 41.325096 59.660093 21.905981 -13.324277 -78.458786 -203.325321 -305.807987 -349.202271 -364.702788 -383.491277 -419.745114 -9999.0 -9999.0 -9999.0 -9999.0 -9999.0 -9999.0 -9999.0
-9999.0 -644.203747 -634.623591 -632.235689 -618.757840 -586.027496 -501.471207 -390.920853 -222.645610 -342.549924 -356.032561 -328.364633 -297.636509 -276.682102 -300.709185 -335.285523 -358.800286 -355.738955 -355.109125 -378.498845 -404.563107 -415.286966 -415.751470 -422.543771 -449.690527 -470.750791 -485.122775 -510.903253 -544.952445 -574.303287 -600.260957 -611.312000 -618.689166 -621.408809 -623.314867 -625.250930 -628.653576 -626.950733 -625.539763 -625.949690 -627.057199 -627.863590 -625.399807 -624.478659 -623.672301 -625.885566 -624.292576 -622.690960 -619.172102 -615.407320 -609.851069 -601.225760 -589.119259 -578.757108 -570.330429 -550.715142 -509.254555 -440.096652 -369.915492 -273.712555 -200.908055 -113.876129 -52.681961 -57.173783 -2.705435 -4.283446 8.468328 -27.777054 -278.762164 -314.921936 -317.317628 -9999.0 -9999.0 -9999.0 -9999.0 -9999.0 -9999.0 -9999.0 -9999.0 -9999.0
-9999.0 -9999.0 -645.804080 -641.590967 -637.491829 -633.383528 -627.584423 -619.953812 -613.770847 -605.544692 -591.648360 -572.727572 -556.867469 -548.077204 -559.400375 -578.073390 -587.123872 -586.594010 -588.849596 -593.219772 -600.335203 -602.806656 -604.445808 -605.784535 -608.710475 -609.985624 -610.556843 -611.715921 -614.144276 -619.100732 -623.410836 -626.299933 -629.311544 -629.368151 -629.919113 -630.965673 -630.325207 -630.486175 -630.203784 -630.351762 -630.172709 -629.740143 -629.131689 -628.346607 -628.270328 -628.073475 -627.735889 -626.799502 -625.338227 -623.376742 -619.620255 -614.001276 -609.450408 -608.227291 -610.405188 -609.549146 -605.999846 -596.990683 -562.540380 -475.905748 -396.084432 -329.719149 -259.438354 -214.109304 -199.599862 -177.236319 -67.918637 -214.603008 -367.485946 -357.696577 -9999.0 -9999.0 -9999.0 -9999.0 -9999.0 -9999.0 -9999.0 -9999.0 -9999.0 -9999.0
-9999.0 -9999.0 -9999.0 -9999.0 -646.927430 -641.505992 -636.644942 -636.949671 -633.362698 -631.133168 -628.841796 -625.991676 -623.635779 -622.043399 -624.075474 -624.802825 -625.321267 -625.023590 -625.437341 -626.051172 -626.429764 -626.782887 -627.075675 -627.540245 -627.442025 -627.091708 -627.009142 -627.775754 -627.860863 -629.433627 -629.837449 -630.779144 -631.683717 -632.629948 -632.511942 -632.670748 -632.307078 -632.701022 -632.065700 -632.446391 -631.965480 -631.716584 -631.079480 -630.080310 -630.405939 -629.824426 -629.745956 -628.926000 -628.477864 -626.224071 -622.518021 -618.094682 -614.969964 -615.042581 -618.834734 -620.411487 -621.186755 -618.655882 -613.994331 -603.508228 -572.191293 -517.067977 -438.849162 -400.261733 -373.814413 -333.914352 -292.515335 -284.404351 -9999.0 -9999.0 -9999.0 -9999.0 -9999.0 -9999.0 -9999.0 -9999.0 -9999.0 -9999.0 -9999.0 -9999.0
-9999.0 -9999.0 -9999.0 -9999.0 -9999.0 -9999.0 -644.973866 -642.430688 -642.920422 -641.188764 -639.656443 -638.302197 -636.114058 -636.458711 -635.981087 -634.306219 -634.621786 -635.438754 -636.437053 -634.954438 -634.386639 -634.230335 -635.897708 -635.475605 -635.345811 -634.681631 -634.749068 -634.503674 -635.992070 -634.419093 -633.706877 -634.095590 -634.474597 -634.224061 -634.619280 -633.565035 -633.441888 -634.290238 -634.500028 -633.274142 -632.913398 -633.055632 -632.753054 -631.838874 -630.529511 -630.314668 -630.861094 -631.587265 -630.111077 -626.795253 -622.893485 -619.272828 -616.821522 -616.030573 -619.271334 -623.440785 -625.457117 -625.611463 -623.723941 -620.043328 -611.214463 -604.285307 -597.766852 -589.589732 -578.560103 -508.672778 -9999.0 -9999.0 -9999.0 -9999.0 -9999.0 -9999.0 -9999.0 -9999.0 -9999.0 -9999.0 -9999.0 -9999.0 -9999.0 -9999.0
-9999.0 -9999.0 -9999.0 -9999.0 -9999.0 -9999.0 -9999.0 -9999.0 -9999.0 -9999.0 -9999.0 -9999.0 -9999.0 -9999.0 -9999.0 -9999.0 -9999.0 -9999.0 -9999.0 -9999.0 -9999.0 -9999.0 -9999.0 -9999.0 -9999.0 -9999.0 -9999.0 -9999.0 -9999.0 -9999.0 -9999.0 -9999.0 -9999.0 -9999.0 -9999.0 -9999.0 -9999.0 -9999.0 -9999.0 -9999.0 -9999.0 -9999.0 -9999.0 -9999.0 -9999.0 -9999.0 -9999.0 -9999.0 -9999.0 -9999.0 -9999.0 -9999.0 -9999.0 -9999.0 -9999.0 -9999.0 -9999.0 -9999.0 -9999.0 -9999.0 -9999.0 -9999.0 -9999.0 -9999.0 -9999.0 -9999.0 -9999.0 -9999.0 -9999.0 -9999.0 -9999.0 -9999.0 -9999.0 -9999.0 -9999.0 -9999.0 -9999.0 -9999.0 -9999.0 -9999.0
-9999.0 -9999.0 -9999.0 -9999.0 -9999.0 -9999.0 -9999.0 -9999.0 -9999.0 -9999.0 -9999.0 -9999.0 -9999.0 -9999.0 -9999.0 -9999.0 -9999.0 -9999.0 -9999.0 -9999.0 -9999.0 -9999.0 -9999.0 -9999.0 -9999.0 -9999.0 -9999.0 -9999.0 -9999.0 -9999.0 -9999.0 -9999.0 -9999.0 -9999.0 -9999.0 -9999.0 -9999.0 -9999.0 -9999.0 -9999.0 -9999.0 -9999.0 -9999.0 -9999.0 -9999.0 -9999.0 -9999.0 -9999.0 -9999.0 -9999.0 -9999.0 -9999.0 -9999.0 -9999.0 -9999.0 -9999.0 -9999.0 -9999.0 -9999.0 -9999.0 -9999.0 -9999.0 -9999.0 -9999.0 -9999.0 -9999.0 -9999.0 -9999.0 -9999.0 -9999.0 -9999.0 -9999.0 -9999.0 -9999.0 -9999.0 -9999.0 -9999.0 -9999.0 -9999.0 -9999.0