Borden_/Borden1m_014/output_maps/psiliqL0029N0031.asc
ncols         80
nrows         18
xllcorner     620200.000000
yllcorner     5168000.000000
cellsize      1.000000
NODATA_value  -9999.0
-9999.0 -9999.0 -9999.0 -9999.0 -9999.0 -9999.0 -9999.0 -9999.0 -9999.0 -9999.0 -9999.0 -9999.0 -9999.0 -9999.0 -9999.0 -9999.0 -9999.0 -9999.0 -9999.0 -9999.0 -9999.0 -9999.0 -9999.0 -9999.0 -9999.0 -9999.0 -9999.0 -9999.0 -9999.0 -9999.0 -9999.0 -9999.0 -9999.0 -9999.0 -9999.0 -9999.0 -9999.0 -9999.0 -9999.0 -9999.0 -9999.0 -9999.0 -9999.0 -9999.0 -9999.0 -9999.0 -9999.0 -9999.0 -9999.0 -9999.0 -9999.0 -9999.0 -9999.0 -9999.0 -9999.0 -9999.0 -9999.0 -9999.0 -9999.0 -9999.0 -9999.0 -9999.0 -9999.0 -9999.0 -9999.0 -9999.0 -9999.0 -9999.0 -9999.0 -9999.0 -9999.0 -9999.0 -9999.0 -9999.0 -9999.0 -9999.0 -9999.0 -9999.0 -9999.0 -9999.0
-9999.0 -9999.0 -9999.0 -9999.0 -9999.0 -9999.0 -9999.0 -9999.0 -9999.0 -9999.0 -9999.0 -9999.0 -9999.0 -9999.0 -9999.0 -9999.0 -9999.0 -9999.0 -9999.0 -9999.0 -9999.0 -9999.0 -9999.0 -9999.0 -9999.0 -9999.0 -9999.0 -9999.0 -9999.0 -9999.0 -9999.0 -9999.0 -9999.0 -9999.0 -9999.0 -9999.0 -9999.0 -9999.0 -9999.0 -9999.0 -9999.0 -9999.0 -9999.0 -9999.0 -9999.0 -9999.0 -9999.0 -9999.0 -9999.0 -9999.0 -9999.0 -9999.0 -9999.0 -9999.0 -9999.0 -9999.0 -9999.0 -9999.0 -9999.0 -9999.0 -9999.0 -9999.0 -9999.0 -9999.0 -9999.0 -9999.0 -9999.0 -9999.0 -9999.0 -9999.0 -9999.0 -9999.0 -9999.0 -9999.0 -9999.0 -9999.0 -9999.0 -9999.0 -9999.0 -9999.0
-9999.0 -9999.0 -9999.0 -9999.0 -9999.0 -9999.0 -9999.0 -9999.0 -9999.0 -9999.0 -9999.0 -9999.0 -9999.0 -9999.0 -9999.0 -9999.0 -9999.0 -9999.0 -9999.0 -9999.0 3925.068034 3925.622342 3904.003196 3869.686829 3841.235228 3842.814935 3875.156469 3915.458919 3954.169290 3960.731863 3941.149633 3945.076607 3940.483557 3934.988076 3934.475101 3942.300128 3949.407935 3958.651583 3965.191548 3962.385214 3954.693857 3949.693934 3952.859317 3954.100343 3960.588789 3945.173290 3961.662949 3978.201208 3982.739942 3980.530530 3957.514627 3946.432612 3938.727288 3923.223981 3950.440592 3962.225828 3986.056019 3990.985117 3989.120258 3962.679916 3932.778650 -9999.0 -9999.0 -9999.0 -9999.0 -9999.0 -9999.0 -9999.0 -9999.0 -9999.0 -9999.0 -9999.0 -9999.0 -9999.0 -9999.0 -9999.0 -9999.0 -9999.0 -9999.0 -9999.0
-9999.0 -9999.0 -9999.0 -9999.0 -9999.0 -9999.0 -9999.0 -9999.0 -9999.0 -9999.0 -9999.0 -9999.0 -9999.0 -9999.0 3835.110700 3826.450104 3823.356361 3830.142439 3862.105512 3892.170862 3903.560809 3895.882349 3895.398922 3870.116420 3846.406577 3858.346603 3887.330997 3917.196558 3950.008611 3966.368412 3955.226398 3952.272274 3958.236602 3976.051475 3982.625138 3978.621628 3961.396418 3985.847394 3998.370563 4001.698607 3999.350091 3989.145249 3996.784230 4010.347549 4003.184968 3988.353304 4000.762008 4016.529388 4026.843110 4020.049246 3963.338210 3953.225187 3950.479633 3947.355178 3934.812137 3931.895031 3961.375493 3961.223443 3954.643848 3937.988769 3904.865891 3859.694432 3841.057751 3882.602230 3926.637693 3983.111430 -9999.0 -9999.0 -9999.0 -9999.0 -9999.0 -9999.0 -9999.0 -9999.0 -9999.0 -9999.0 -9999.0 -9999.0 -9999.0 -9999.0
-9999.0 -9999.0 -9999.0 -9999.0 -9999.0 -9999.0 -9999.0 -9999.0 -9999.0 3777.814825 3783.985375 3790.634871 3792.893644 3807.599584 3803.806388 3810.335789 3813.196569 3840.161706 3868.868981 3901.593244 3927.756350 3918.159952 3916.095809 3918.007245 3909.655801 3916.018290 3935.817324 3971.486536 4000.519811 4034.391591 3999.516155 3993.777273 4010.733322 4050.397489 4070.642958 4071.032280 4052.088706 4071.117556 4094.317988 4108.416854 4104.321669 4097.476881 4124.024736 4139.819266 4131.488057 4109.130420 4110.688394 4120.049235 4150.316505 4099.363748 4032.960567 3997.701695 4016.602370 3997.605268 3974.798711 3966.298050 3968.233974 3989.068141 3978.472472 3945.666854 3913.487507 3901.922582 3885.679475 3908.237132 3932.265009 3979.185503 4019.774046 4050.144284 4049.744368 4032.710277 -9999.0 -9999.0 -9999.0 -9999.0 -9999.0 -9999.0 -9999.0 -9999.0 -9999.0 -9999.0
-9999.0 -9999.0 -9999.0 -9999.0 -9999.0 -9999.0 3699.406917 3709.991778 3730.598425 3732.361830 3758.800699 3763.171212 3781.164360 3797.396987 3818.797631 3830.194319 3853.409778 3882.144487 3916.458567 3952.222876 3978.293335 3964.737472 3968.866579 3985.179708 4008.422379 4024.465344 4046.589058 4084.287988 4156.566532 4192.368866 4181.258400 4181.170780 4189.160423 4240.182582 4304.385800 4314.147854 4293.289061 4280.720595 4305.731555 4344.238977 4340.774682 4339.413666 4353.874142 4365.333127 4392.360436 4380.414369 4344.523024 4341.187483 4350.180299 4324.921722 4252.849064 4196.678760 4181.251515 4133.846999 4049.162087 4009.211133 4037.846336 4068.405930 4048.643505 4000.140962 3969.958445 3966.061814 3956.286711 3951.403349 3965.829976 3990.075143 4014.653701 4029.381319 4017.959274 3997.371236 3976.184571 3948.357790 3951.375929 3976.400975 -9999.0 -9999.0 -9999.0 -9999.0 -9999.0 -9999.0
-9999.0 -9999.0 -9999.0 -9999.0 3650.329114 3662.916757 3647.023313 3673.093803 3704.382239 3737.323447 3763.204333 3793.103166 3814.741500 3840.081704 3870.831168 3889.103120 3918.354049 3946.385022 3991.748224 4051.188944 4093.880883 4104.805390 4112.271761 4162.436514 4218.280628 4264.423809 4283.199974 4309.701477 4357.897935 4415.012116 4436.786523 4438.843766 4455.855406 4501.797721 4561.105741 4597.106976 4578.957932 4569.402394 4580.865215 4596.357476 4618.532553 4618.552390 4619.711117 4624.517249 4633.084488 4630.711154 4602.749677 4568.686799 4555.488599 4544.731382 4503.461221 4429.423157 4400.712673 4370.382639 4323.411701 4267.382738 4224.277481 4229.382154 4173.824587 4117.774734 4070.273776 4065.522186 4047.449190 4033.460531 4018.667512 4033.273435 4047.061276 4033.032365 4003.376615 3974.691139 3962.287452 3945.147358 3933.847184 3965.438342 3983.511934 4012.817669 -9999.0 -9999.0 -9999.0 -9999.0
-9999.0 -9999.0 3591.910494 3635.916513 3692.503576 3697.341879 3688.071053 3689.496507 3714.660340 3762.527623 3821.139742 3854.398337 3879.474482 3908.969430 3957.465193 4015.241681 4072.910537 4115.109241 4174.114967 4244.538184 4303.903784 4330.029298 4338.029318 4374.406015 4430.718550 4503.109002 4532.350868 4559.812343 4593.164690 4631.610891 4618.029149 4627.857678 4641.471638 4657.124609 4674.767147 4683.330870 4677.945070 4673.226324 4654.355617 4648.698956 4655.087768 4664.063965 4662.353737 4647.287549 4643.288051 4658.693385 4665.587838 4663.060464 4659.421601 4663.706107 4656.801179 4605.310751 4593.219300 4577.120986 4563.903900 4516.331287 4447.763214 4416.648381 4393.594702 4350.795582 4276.405177 4241.315700 4203.159033 4170.141142 4134.507649 4124.249184 4093.923084 4063.007774 4025.243622 3985.202641 3966.893667 3953.471805 3953.563436 3954.356929 3972.538415 3988.335048 4004.410550 4012.534603 -9999.0 -9999.0
-9999.0 3480.195609 3550.372267 3669.980710 3746.386954 3780.455681 3782.151768 3779.554074 3803.864679 3838.226438 3920.522921 3960.653003 4043.309593 4082.578711 4121.944653 4212.059524 4309.102773 4354.087124 4395.027193 4462.344451 4531.058989 4579.557911 4606.607488 4576.892101 4618.890422 4653.970511 4663.858094 4672.176811 4673.543766 4664.894226 4658.965989 4665.418175 4662.151294 4642.336529 4625.659990 4623.674375 4620.127827 4596.254309 4568.287667 4552.166157 4552.925655 4578.589820 4564.953256 4543.303142 4538.776516 4560.866598 4583.288478 4572.226471 4558.883047 4575.660077 4611.072622 4637.625032 4636.345069 4655.565752 4676.843134 4646.700225 4627.173437 4581.691101 4564.215934 4538.333485 4479.846807 4424.842612 4376.055133 4327.822601 4276.103501 4228.893091 4181.804837 4134.988625 4082.681493 4050.419644 4027.005990 3985.784874 3974.894024 3982.359865 3978.256405 3977.029399 3983.759315 3990.392080 -9999.0 -9999.0
-9999.0 3378.750208 3515.998091 3690.741663 3831.284546 3866.973964 3918.001573 3968.515156 3979.896262 3918.466420 4020.404264 4240.580692 4371.586713 4391.502651 4470.337181 4569.945262 4543.869509 4576.616654 4601.259186 4632.383330 4657.299876 4673.461173 4672.217219 4667.583440 4650.680402 4642.579395 4641.588246 4639.335203 4621.442883 4602.043306 4584.905695 4581.285632 4562.466697 4510.432652 4476.258089 4457.701188 4436.579874 4423.813071 4397.270578 4370.698124 4353.015730 4361.571641 4361.331157 4348.835593 4344.447882 4361.883594 4392.904159 4392.310450 4406.176911 4426.224333 4461.856646 4501.279904 4520.872923 4550.631029 4586.843022 4636.783746 4644.071559 4666.907556 4669.349672 4661.039140 4612.903465 4560.151997 4530.228570 4473.853171 4414.146965 4352.315109 4302.759354 4257.877948 4202.196420 4168.966003 4130.583390 4077.217184 4036.554687 4032.046123 3999.661991 3988.069511 -9999.0 -9999.0 -9999.0 -9999.0
-9999.0 3268.977976 3444.867734 3676.836201 3976.113858 4038.440955 4243.287535 4358.281944 4395.855686 4465.749738 4321.504435 4548.621003 4608.269867 4605.039806 4627.162122 4631.405285 4646.457009 4645.426674 4640.316987 4629.022665 4619.050000 4614.180476 4613.245430 4605.257160 4592.458430 4577.640852 4565.480983 4553.581654 4515.942239 4483.164066 4441.815326 4428.717075 4381.036200 4287.616705 4248.955741 4208.453872 4145.038134 4148.905377 4159.432464 4135.994498 4115.800488 4085.004225 4116.949868 4129.828808 4134.823398 4128.332316 4136.454777 4167.518470 4217.619801 4252.756955 4291.695128 4340.314929 4371.517438 4411.076161 4450.524149 4503.417052 4535.476898 4564.815602 4615.273747 4652.654280 4675.720950 4660.665809 4643.569391 4597.029079 4536.049398 4486.268107 4456.462077 4404.848147 4360.908131 4317.613506 4271.122544 4218.377519 4156.755004 4108.763616 4075.854044 -9999.0 -9999.0 -9999.0 -9999.0 -9999.0
-9999.0 3032.665869 3294.029973 3551.452151 3813.946380 4163.428177 4351.476611 4441.997428 4507.350847 4497.217432 4527.111852 4531.736437 4569.599604 4577.900542 4556.678163 4541.907516 4522.994513 4521.904219 4535.082662 4507.111979 4476.037400 4462.241095 4463.246399 4452.577758 4428.167466 4413.332686 4404.156398 4385.044709 4341.771757 4290.388083 4204.288402 4166.939876 4085.714220 4050.933948 4015.829056 3968.866984 3925.519268 3932.664391 3959.247702 3951.630942 3931.287966 3914.752635 3945.047591 3967.008781 3980.738079 3963.358998 3969.692102 4004.210140 4050.623798 4091.130096 4134.682385 4182.564689 4225.042425 4263.548163 4282.895175 4320.841641 4363.360113 4405.411257 4476.499457 4556.992767 4594.367820 4629.938031 4657.753645 4680.147949 4636.606814 4611.260220 4586.821725 4562.490535 4515.348240 4469.420790 4428.819077 4362.666720 4303.077081 -9999.0 -9999.0 -9999.0 -9999.0 -9999.0 -9999.0 -9999.0
-9999.0 2926.221081 3108.014312 3284.811283 3520.640654 3749.124810 3982.996082 4073.051614 4144.695713 4228.376316 4289.133983 4329.403883 4355.235767 4377.472800 4355.095131 4307.260880 4274.115394 4279.407180 4269.055325 4248.757920 4221.395936 4208.857076 4205.870934 4201.513610 4180.923098 4171.478126 4165.263978 4147.686832 4123.676475 4070.635300 4000.686200 3926.383759 3874.264034 3858.201625 3837.610702 3812.538017 3788.741320 3803.018195 3815.643522 3816.886336 3811.870319 3813.273274 3842.306441 3862.570449 3871.960581 3861.560109 3879.661506 3901.964195 3937.860841 3976.672997 4020.884805 4070.554191 4118.644049 4137.370336 4137.347462 4146.182434 4172.168582 4214.491716 4290.456164 4377.067894 4457.466992 4504.092643 4555.740273 4596.819958 4626.272403 4648.798127 4673.045427 4667.519106 4640.392881 4606.319696 4546.009460 -9999.0 -9999.0 -9999.0 -9999.0 -9999.0 -9999.0 -9999.0 -9999.0 -9999.0
-9999.0 -9999.0 2885.927662 3025.095249 3104.469959 3256.268438 3392.236852 3496.881370 3602.582109 3753.802801 3882.598718 3980.372168 4028.530327 4044.444831 4031.251642 4004.712601 3988.990826 3988.447422 3976.188645 3971.368006 3958.970278 3954.552990 3942.266615 3935.185590 3933.259226 3934.388513 3933.236551 3926.189389 3911.205975 3871.554084 3838.576706 3796.630850 3752.844792 3733.016236 3716.792331 3702.050404 3708.643863 3703.858505 3709.732795 3713.521811 3724.485378 3739.486834 3758.691106 3781.793304 3791.498417 3802.255512 3812.594242 3833.546722 3862.557151 3902.211688 3953.100634 4007.610229 4042.989446 4048.780037 4029.035106 4021.888458 4027.485196 4053.883280 4114.034151 4181.684493 4273.035837 4339.652685 4406.990819 4464.000789 4491.395834 4527.807606 4599.909200 4648.076022 4692.858101 4670.325494 -9999.0 -9999.0 -9999.0 -9999.0 -9999.0 -9999.0 -9999.0 -9999.0 -9999.0 -9999.0
-9999.0 -9999.0 -9999.0 -9999.0 2884.507190 3021.508366 3115.508697 3189.046029 3322.635162 3455.321281 3562.369940 3651.311273 3723.420687 3750.040805 3753.724539 3775.204604 3775.859198 3765.572665 3754.323118 3761.659448 3769.131214 3763.692796 3746.159618 3741.079125 3747.133852 3757.413180 3757.339305 3746.403909 3730.026407 3720.799791 3712.468579 3685.022148 3655.968696 3631.078075 3621.453637 3621.087783 3622.705045 3615.510719 3624.556348 3634.803909 3651.474509 3666.809289 3690.304161 3720.368913 3735.502996 3750.100757 3758.105000 3775.661957 3803.688769 3854.666552 3915.989202 3972.405868 4006.269889 4005.981385 3976.583203 3953.622233 3939.306262 3954.778363 3981.258339 4029.326151 4117.766881 4179.604725 4222.992727 4260.198366 4296.546210 4363.414466 4460.962185 4543.810885 -9999.0 -9999.0 -9999.0 -9999.0 -9999.0 -9999.0 -9999.0 -9999.0 -9999.0 -9999.0 -9999.0 -9999.0
-9999.0 -9999.0 -9999.0 -9999.0 -9999.0 -9999.0 2862.456412 2968.755596 3021.926896 3177.849416 3328.544561 3438.076418 3522.813605 3560.924599 3598.477246 3630.804488 3632.603149 3611.688227 3588.837566 3612.362449 3634.395007 3628.168403 3595.097440 3598.259694 3607.528174 3616.781533 3615.977534 3612.469349 3590.644292 3612.316674 3621.114294 3601.640263 3579.445275 3570.019708 3560.760929 3572.560441 3574.029930 3560.326472 3559.264076 3588.385053 3610.271551 3623.226460 3643.964052 3677.204271 3709.719192 3725.480291 3725.938655 3729.737527 3764.766681 3832.164300 3903.005485 3958.162895 3989.113430 3993.265751 3961.806807 3916.160757 3889.061348 3886.414499 3908.815027 3945.728059 4005.052024 4039.622786 4047.288878 4044.416201 4053.871705 4155.789827 -9999.0 -9999.0 -9999.0 -9999.0 -9999.0 -9999.0 -9999.0 -9999.0 -9999.0 -9999.0 -9999.0 -9999.0 -9999.0 -9999.0
-9999.0 -9999.0 -9999.0 -9999.0 -9999.0 -9999.0 -9999.0 -9999.0 -9999.0 -9999.0 -9999.0 -9999.0 -9999.0 -9999.0 -9999.0 -9999.0 -9999.0 -9999.0 -9999.0 -9999.0 -9999.0 -9999.0 -9999.0 -9999.0 -9999.0 -9999.0 -9999.0 -9999.0 -9999.0 -9999.0 -9999.0 -9999.0 -9999.0 -9999.0 -9999.0 -9999.0 -9999.0 -9999.0 -9999.0 -9999.0 -9999.0 -9999.0 -9999.0 -9999.0 -9999.0 -9999.0 -9999.0 -9999.0 -9999.0 -9999.0 -9999.0 -9999.0 -9999.0 -9999.0 -9999.0 -9999.0 -9999.0 -9999.0 -9999.0 -9999.0 -9999.0 -9999.0 -9999.0 -9999.0 -9999.0 -9999.0 -9999.0 -9999.0 -9999.0 -9999.0 -9999.0 -9999.0 -9999.0 -9999.0 -9999.0 -9999.0 -9999.0 -9999.0 -9999.0 -9999.0
-9999.0 -9999.0 -9999.0 -9999.0 -9999.0 -9999.0 -9999.0 -9999.0 -9999.0 -9999.0 -9999.0 -9999.0 -9999.0 -9999.0 -9999.0 -9999.0 -9999.0 -9999.0 -9999.0 -9999.0 -9999.0 -9999.0 -9999.0 -9999.0 -9999.0 -9999.0 -9999.0 -9999.0 -9999.0 -9999.0 -9999.0 -9999.0 -9999.0 -9999.0 -9999.0 -9999.0 -9999.0 -9999.0 -9999.0 -9999.0 -9999.0 -9999.0 -9999.0 -9999.0 -9999.0 -9999.0 -9999.0 -9999.0 -9999.0 -9999.0 -9999.0 -9999.0 -9999.0 -9999.0 -9999.0 -9999.0 -9999.0 -9999.0 -9999.0 -9999.0 -9999.0 -9999.0 -9999.0 -9999.0 -9999.0 -9999.0 -9999.0 -9999.0 -9999.0 -9999.0 -9999.0 -9999.0 -9999.0 -9999.0 -9999.0 -9999.0 -9999.0 -9999.0 -9999.0 -9999.0