Borden_/Borden1m_014/output_maps/psiliqL0014N0002.asc
ncols         80
nrows         18
xllcorner     620200.000000
yllcorner     5168000.000000
cellsize      1.000000
NODATA_value  -9999.0
-9999.0 -9999.0 -9999.0 -9999.0 -9999.0 -9999.0 -9999.0 -9999.0 -9999.0 -9999.0 -9999.0 -9999.0 -9999.0 -9999.0 -9999.0 -9999.0 -9999.0 -9999.0 -9999.0 -9999.0 -9999.0 -9999.0 -9999.0 -9999.0 -9999.0 -9999.0 -9999.0 -9999.0 -9999.0 -9999.0 -9999.0 -9999.0 -9999.0 -9999.0 -9999.0 -9999.0 -9999.0 -9999.0 -9999.0 -9999.0 -9999.0 -9999.0 -9999.0 -9999.0 -9999.0 -9999.0 -9999.0 -9999.0 -9999.0 -9999.0 -9999.0 -9999.0 -9999.0 -9999.0 -9999.0 -9999.0 -9999.0 -9999.0 -9999.0 -9999.0 -9999.0 -9999.0 -9999.0 -9999.0 -9999.0 -9999.0 -9999.0 -9999.0 -9999.0 -9999.0 -9999.0 -9999.0 -9999.0 -9999.0 -9999.0 -9999.0 -9999.0 -9999.0 -9999.0 -9999.0
-9999.0 -9999.0 -9999.0 -9999.0 -9999.0 -9999.0 -9999.0 -9999.0 -9999.0 -9999.0 -9999.0 -9999.0 -9999.0 -9999.0 -9999.0 -9999.0 -9999.0 -9999.0 -9999.0 -9999.0 -9999.0 -9999.0 -9999.0 -9999.0 -9999.0 -9999.0 -9999.0 -9999.0 -9999.0 -9999.0 -9999.0 -9999.0 -9999.0 -9999.0 -9999.0 -9999.0 -9999.0 -9999.0 -9999.0 -9999.0 -9999.0 -9999.0 -9999.0 -9999.0 -9999.0 -9999.0 -9999.0 -9999.0 -9999.0 -9999.0 -9999.0 -9999.0 -9999.0 -9999.0 -9999.0 -9999.0 -9999.0 -9999.0 -9999.0 -9999.0 -9999.0 -9999.0 -9999.0 -9999.0 -9999.0 -9999.0 -9999.0 -9999.0 -9999.0 -9999.0 -9999.0 -9999.0 -9999.0 -9999.0 -9999.0 -9999.0 -9999.0 -9999.0 -9999.0 -9999.0
-9999.0 -9999.0 -9999.0 -9999.0 -9999.0 -9999.0 -9999.0 -9999.0 -9999.0 -9999.0 -9999.0 -9999.0 -9999.0 -9999.0 -9999.0 -9999.0 -9999.0 -9999.0 -9999.0 -9999.0 928.920895 931.317518 909.123065 875.383326 847.359847 849.378111 883.577797 924.326295 962.351712 972.030671 954.217295 956.920256 952.478396 951.139999 953.335120 959.940062 963.994235 974.814153 982.652732 981.605894 974.969958 969.430316 969.364889 972.170208 977.600729 967.005421 981.263873 996.745817 1002.299352 997.697150 971.321624 956.332039 947.761796 932.614794 957.399049 969.392469 992.257672 996.510881 994.957212 968.102180 938.143163 -9999.0 -9999.0 -9999.0 -9999.0 -9999.0 -9999.0 -9999.0 -9999.0 -9999.0 -9999.0 -9999.0 -9999.0 -9999.0 -9999.0 -9999.0 -9999.0 -9999.0 -9999.0 -9999.0
-9999.0 -9999.0 -9999.0 -9999.0 -9999.0 -9999.0 -9999.0 -9999.0 -9999.0 -9999.0 -9999.0 -9999.0 -9999.0 -9999.0 839.311466 829.606767 826.592038 834.634825 867.811051 897.702707 909.840400 902.332719 902.334156 878.700096 858.026621 871.812144 901.141413 932.095084 965.912167 985.740042 974.683198 972.902274 982.738155 1007.625176 1019.843015 1016.782936 997.024872 1019.984076 1034.838206 1042.219599 1040.685932 1031.547500 1043.738545 1059.000751 1052.390373 1036.032663 1042.098657 1054.694692 1067.427049 1054.708737 992.300249 973.714025 969.782821 963.621157 950.235515 944.362514 969.938054 970.192002 962.220631 944.605983 912.188927 867.994169 849.847245 888.845222 932.898926 990.235796 -9999.0 -9999.0 -9999.0 -9999.0 -9999.0 -9999.0 -9999.0 -9999.0 -9999.0 -9999.0 -9999.0 -9999.0 -9999.0 -9999.0
-9999.0 -9999.0 -9999.0 -9999.0 -9999.0 -9999.0 -9999.0 -9999.0 -9999.0 782.630442 786.971066 793.964579 795.943023 811.302993 808.919223 815.722402 822.239052 848.556632 878.959662 913.408302 941.556895 932.005294 932.045873 941.848256 945.235231 957.031564 978.057392 1017.274381 1055.626604 1096.061149 1068.855516 1067.889210 1087.467770 1133.878669 1165.697903 1171.891160 1153.619083 1161.681418 1185.478176 1205.755404 1203.458029 1199.802888 1223.415430 1236.905962 1238.887509 1220.399474 1209.475326 1210.877375 1236.628281 1187.007895 1122.593863 1072.944421 1077.009962 1048.273657 1012.129696 993.119032 990.569813 1011.112036 996.658513 960.343673 924.886930 914.453885 897.650422 915.313408 938.046253 984.746662 1023.687184 1052.778686 1052.989505 1035.934099 -9999.0 -9999.0 -9999.0 -9999.0 -9999.0 -9999.0 -9999.0 -9999.0 -9999.0 -9999.0
-9999.0 -9999.0 -9999.0 -9999.0 -9999.0 -9999.0 704.352230 713.666323 733.640534 738.128027 763.020763 769.769036 789.693652 808.327913 829.191328 844.672511 873.418752 905.020697 944.838800 987.043981 1018.009806 1011.709316 1020.953423 1051.067690 1090.741455 1120.194211 1144.629360 1182.761628 1256.519750 1299.444748 1311.688817 1319.876158 1330.997175 1379.500093 1442.190778 1456.131879 1435.745165 1420.826318 1439.695449 1473.478065 1476.527933 1475.940899 1485.162104 1495.114801 1522.806267 1515.218684 1477.742088 1464.989042 1463.429245 1447.941367 1387.055442 1321.756286 1284.625878 1236.012550 1156.245496 1103.092692 1108.979964 1126.139277 1097.489660 1045.140004 1005.584265 995.727522 981.535944 969.288901 976.641799 996.953798 1020.383408 1032.681623 1020.724982 1000.427855 978.182532 950.001856 952.296297 977.762819 -9999.0 -9999.0 -9999.0 -9999.0 -9999.0 -9999.0
-9999.0 -9999.0 -9999.0 -9999.0 654.882669 667.298531 654.629376 679.041938 711.008595 744.298042 775.019777 810.444140 836.383659 865.439847 904.465882 936.990338 976.417785 1009.917134 1063.421522 1131.238299 1181.268348 1203.391115 1216.946744 1275.494013 1341.396392 1397.112289 1418.895231 1445.590017 1488.630254 1554.221577 1593.750534 1606.749698 1625.732726 1659.264497 1703.134164 1733.489101 1716.654047 1708.880106 1713.884562 1723.392737 1744.259105 1744.001959 1745.311243 1748.053074 1753.455649 1753.751225 1731.956215 1701.395208 1689.140502 1680.270353 1650.594299 1577.964129 1527.282522 1493.875408 1461.276592 1409.836260 1343.211208 1323.005777 1266.360715 1211.594842 1150.840395 1128.979559 1099.130762 1075.250810 1048.127259 1051.831252 1057.238869 1038.967642 1008.784165 978.035572 964.092702 946.219582 936.082239 966.699491 984.769985 1015.493339 -9999.0 -9999.0 -9999.0 -9999.0
-9999.0 -9999.0 596.918370 645.042664 700.889045 708.457397 707.791022 712.470266 739.749926 790.286992 863.429050 910.883501 951.124006 983.317671 1041.022315 1116.862095 1184.519240 1230.537894 1290.770988 1364.167546 1427.169822 1459.273671 1475.462074 1518.476849 1585.329950 1652.455279 1680.319561 1705.634806 1735.377070 1770.379236 1787.837003 1804.870923 1814.194211 1816.645699 1820.865840 1820.774732 1815.091119 1808.372930 1789.440184 1784.762148 1790.223253 1794.261296 1795.804862 1783.236229 1779.847535 1793.199936 1797.395135 1797.580516 1798.087813 1805.699226 1809.876700 1770.189243 1728.096627 1711.387685 1701.837211 1658.262424 1591.169552 1538.538873 1512.290560 1470.187463 1392.559912 1336.674984 1285.061900 1238.245522 1188.678910 1161.166565 1118.725083 1080.517093 1037.653566 994.309786 972.716746 956.158367 955.065996 956.236599 973.325316 989.391901 1005.314523 1013.386873 -9999.0 -9999.0
-9999.0 494.758598 566.538092 691.584383 769.455439 811.310535 841.111110 862.778614 889.833331 912.799996 1013.099189 1097.805363 1185.434080 1222.204102 1272.164357 1365.316531 1453.784924 1498.537256 1542.954944 1610.107954 1672.749820 1717.689359 1743.607391 1757.694731 1797.311510 1813.842760 1818.734725 1822.820132 1819.598708 1812.610129 1804.114444 1810.389350 1807.417381 1789.836703 1774.397606 1769.969567 1761.230969 1732.089073 1701.043765 1685.180779 1686.897619 1708.698036 1697.139142 1677.339980 1673.697494 1693.867741 1712.365380 1704.162723 1693.794352 1714.025680 1752.590042 1775.130285 1784.753697 1800.310311 1821.355170 1797.432529 1768.345949 1723.855101 1704.030067 1675.985093 1616.370512 1543.867016 1483.720078 1421.795493 1353.334184 1287.639496 1229.576444 1174.483402 1114.165604 1077.476633 1049.087432 1000.964114 982.063284 986.161715 979.082878 977.468176 984.533296 991.217947 -9999.0 -9999.0
-9999.0 415.078045 556.567857 738.860964 883.079138 936.688993 1034.665571 1111.682098 1140.641280 1112.406278 1213.155135 1423.426501 1524.248312 1548.643314 1622.589949 1705.811610 1722.668224 1753.140909 1778.876635 1795.123494 1806.069373 1815.359911 1812.129538 1805.733246 1792.978111 1787.611886 1788.482483 1787.535190 1771.650509 1751.224596 1728.409464 1720.469650 1701.237070 1658.792807 1626.759805 1608.266703 1587.315633 1555.830770 1516.098652 1487.398108 1472.838724 1489.158105 1481.710645 1464.612076 1460.383468 1481.828827 1513.542678 1508.315350 1516.360612 1543.318334 1594.551999 1637.340045 1659.908178 1690.303644 1729.674368 1776.899722 1794.123454 1815.679846 1821.690882 1803.903095 1760.799957 1705.560107 1669.306274 1604.754938 1522.485578 1441.917236 1377.881391 1319.684625 1256.761945 1214.477680 1168.924233 1112.624813 1061.313797 1042.809960 1006.702518 989.148863 -9999.0 -9999.0 -9999.0 -9999.0
-9999.0 337.384991 524.315356 779.785964 1047.061709 1150.057286 1345.084510 1473.590655 1539.444432 1609.096814 1587.612815 1720.527916 1755.722252 1754.875366 1756.088328 1760.388429 1774.305471 1777.670462 1776.735267 1771.757579 1766.582663 1763.145424 1759.042808 1746.858600 1729.854183 1713.701823 1701.527369 1690.725215 1655.284258 1619.021704 1571.983299 1549.814247 1508.756163 1417.744284 1375.167957 1339.330163 1282.002824 1272.036115 1263.527074 1235.552825 1217.106435 1198.168498 1219.154961 1222.356458 1223.796352 1226.674328 1242.319861 1262.989401 1304.714915 1341.158775 1388.446065 1440.909568 1474.787807 1520.303628 1574.640186 1639.496582 1676.279435 1710.645968 1762.621570 1803.180004 1827.377558 1816.490734 1789.798336 1745.993721 1675.592714 1610.703766 1558.517835 1487.513911 1427.860120 1375.168318 1321.958803 1262.327428 1198.219763 1127.288139 1090.252916 -9999.0 -9999.0 -9999.0 -9999.0 -9999.0
-9999.0 160.559533 426.452679 711.252234 1019.122329 1333.210827 1454.146648 1583.986747 1658.240729 1627.193067 1631.893356 1648.217493 1686.475995 1695.458969 1678.743022 1671.803846 1661.083779 1661.370675 1675.545762 1652.902926 1626.971493 1613.804167 1609.072236 1588.297651 1552.919879 1530.708621 1517.664997 1498.711319 1452.607688 1401.140230 1316.458805 1285.909027 1212.805212 1158.450504 1116.373810 1068.925102 1019.287700 1017.883772 1034.810160 1020.465555 999.028043 981.126058 1007.355522 1024.256395 1035.620465 1023.657956 1031.275030 1064.737333 1111.182146 1152.211882 1199.416629 1250.271275 1292.911595 1339.324750 1374.115117 1428.614658 1478.983060 1531.880906 1617.791434 1700.267130 1741.506957 1777.924804 1812.507007 1831.755219 1785.905645 1743.058136 1698.704819 1648.099256 1576.705200 1531.260158 1485.621816 1410.985733 1344.808420 -9999.0 -9999.0 -9999.0 -9999.0 -9999.0 -9999.0 -9999.0
-9999.0 33.537558 252.386508 480.916292 761.054983 988.471467 1169.108098 1271.419013 1346.700936 1379.947461 1413.141953 1444.512646 1473.455731 1495.792399 1474.698797 1436.657398 1408.621851 1412.775749 1409.437163 1386.344005 1357.441700 1341.658957 1336.736111 1325.230793 1295.967549 1279.682652 1269.500420 1248.967475 1217.721645 1164.939500 1087.331713 1018.151715 959.834100 929.898032 902.238081 871.138533 836.186753 847.020250 860.468182 857.246018 846.847103 843.881846 872.994949 891.594942 901.224908 888.666710 906.559473 931.622713 971.019988 1011.125405 1056.854775 1108.047898 1157.629854 1184.016322 1196.674244 1221.776980 1260.240539 1314.703134 1404.732177 1503.116099 1590.580598 1644.401571 1699.567571 1742.311346 1764.270041 1786.621055 1774.991850 1709.072630 1605.216889 1618.596458 1609.371397 -9999.0 -9999.0 -9999.0 -9999.0 -9999.0 -9999.0 -9999.0 -9999.0 -9999.0
-9999.0 -9999.0 18.799014 196.264596 334.484473 510.156832 654.287083 758.267234 840.210197 946.646214 1046.086068 1124.516998 1165.324259 1181.348602 1166.542337 1132.806727 1111.197939 1111.459758 1101.866781 1090.891726 1070.371401 1061.900167 1050.422290 1041.103582 1029.507895 1023.657040 1019.155433 1009.270133 989.041379 944.485100 897.142669 847.740414 796.269112 772.541957 752.025035 731.366309 730.312662 727.565987 733.980800 735.775162 742.502773 754.958074 775.126772 796.696342 805.976803 813.764728 825.417727 847.910753 879.419322 919.399607 970.544817 1024.884923 1061.290985 1071.191762 1059.508293 1062.685320 1080.975803 1121.013838 1199.672895 1281.138418 1375.935049 1448.436825 1526.949304 1596.500980 1626.340368 1656.803339 1693.986252 1643.477687 1307.153158 1561.651253 -9999.0 -9999.0 -9999.0 -9999.0 -9999.0 -9999.0 -9999.0 -9999.0 -9999.0 -9999.0
-9999.0 -9999.0 -9999.0 -9999.0 52.820173 205.930392 299.676456 379.942105 503.509782 617.667615 712.655137 790.876350 847.726159 871.810530 865.069736 867.266626 861.811015 856.542754 847.351481 845.208592 842.900007 835.343116 821.880371 814.333304 814.813555 819.689262 818.028522 805.611430 789.725913 767.380341 747.495722 714.384409 679.531543 651.578602 639.458385 634.220596 634.783974 628.842295 638.194411 645.494814 660.740727 676.058815 699.793769 728.350291 741.403844 755.494079 764.545957 784.217691 813.232881 864.808611 925.953883 981.035928 1013.897339 1015.710695 988.390103 970.468618 964.214294 988.743027 1030.049538 1092.955478 1189.433060 1258.747709 1318.329553 1372.182234 1415.627531 1481.051903 1576.844045 1629.592318 -9999.0 -9999.0 -9999.0 -9999.0 -9999.0 -9999.0 -9999.0 -9999.0 -9999.0 -9999.0 -9999.0 -9999.0
-9999.0 -9999.0 -9999.0 -9999.0 -9999.0 -9999.0 5.513846 103.457975 183.807245 314.428883 436.614141 532.191865 608.282985 636.421326 659.084056 683.956504 681.204627 663.449411 645.390720 663.387124 675.823379 670.349627 641.394053 640.829048 645.520064 654.593897 653.445069 648.071636 624.233939 635.726243 636.866467 614.864126 589.950331 576.911285 566.012222 576.420377 577.425950 564.684442 566.229457 592.975446 613.146338 626.401438 648.337785 681.289178 713.158498 727.597560 728.237007 733.583500 772.969273 841.717924 911.166387 964.018901 993.861080 999.532149 969.690068 927.028522 903.508384 907.009543 937.392458 985.125762 1055.494833 1099.949874 1125.251979 1142.608583 1166.743250 1261.557414 -9999.0 -9999.0 -9999.0 -9999.0 -9999.0 -9999.0 -9999.0 -9999.0 -9999.0 -9999.0 -9999.0 -9999.0 -9999.0 -9999.0
-9999.0 -9999.0 -9999.0 -9999.0 -9999.0 -9999.0 -9999.0 -9999.0 -9999.0 -9999.0 -9999.0 -9999.0 -9999.0 -9999.0 -9999.0 -9999.0 -9999.0 -9999.0 -9999.0 -9999.0 -9999.0 -9999.0 -9999.0 -9999.0 -9999.0 -9999.0 -9999.0 -9999.0 -9999.0 -9999.0 -9999.0 -9999.0 -9999.0 -9999.0 -9999.0 -9999.0 -9999.0 -9999.0 -9999.0 -9999.0 -9999.0 -9999.0 -9999.0 -9999.0 -9999.0 -9999.0 -9999.0 -9999.0 -9999.0 -9999.0 -9999.0 -9999.0 -9999.0 -9999.0 -9999.0 -9999.0 -9999.0 -9999.0 -9999.0 -9999.0 -9999.0 -9999.0 -9999.0 -9999.0 -9999.0 -9999.0 -9999.0 -9999.0 -9999.0 -9999.0 -9999.0 -9999.0 -9999.0 -9999.0 -9999.0 -9999.0 -9999.0 -9999.0 -9999.0 -9999.0
-9999.0 -9999.0 -9999.0 -9999.0 -9999.0 -9999.0 -9999.0 -9999.0 -9999.0 -9999.0 -9999.0 -9999.0 -9999.0 -9999.0 -9999.0 -9999.0 -9999.0 -9999.0 -9999.0 -9999.0 -9999.0 -9999.0 -9999.0 -9999.0 -9999.0 -9999.0 -9999.0 -9999.0 -9999.0 -9999.0 -9999.0 -9999.0 -9999.0 -9999.0 -9999.0 -9999.0 -9999.0 -9999.0 -9999.0 -9999.0 -9999.0 -9999.0 -9999.0 -9999.0 -9999.0 -9999.0 -9999.0 -9999.0 -9999.0 -9999.0 -9999.0 -9999.0 -9999.0 -9999.0 -9999.0 -9999.0 -9999.0 -9999.0 -9999.0 -9999.0 -9999.0 -9999.0 -9999.0 -9999.0 -9999.0 -9999.0 -9999.0 -9999.0 -9999.0 -9999.0 -9999.0 -9999.0 -9999.0 -9999.0 -9999.0 -9999.0 -9999.0 -9999.0 -9999.0 -9999.0