Borden_/Borden1m_014/output_maps/psiliqL0015N0040.asc
ncols         80
nrows         18
xllcorner     620200.000000
yllcorner     5168000.000000
cellsize      1.000000
NODATA_value  -9999.0
-9999.0 -9999.0 -9999.0 -9999.0 -9999.0 -9999.0 -9999.0 -9999.0 -9999.0 -9999.0 -9999.0 -9999.0 -9999.0 -9999.0 -9999.0 -9999.0 -9999.0 -9999.0 -9999.0 -9999.0 -9999.0 -9999.0 -9999.0 -9999.0 -9999.0 -9999.0 -9999.0 -9999.0 -9999.0 -9999.0 -9999.0 -9999.0 -9999.0 -9999.0 -9999.0 -9999.0 -9999.0 -9999.0 -9999.0 -9999.0 -9999.0 -9999.0 -9999.0 -9999.0 -9999.0 -9999.0 -9999.0 -9999.0 -9999.0 -9999.0 -9999.0 -9999.0 -9999.0 -9999.0 -9999.0 -9999.0 -9999.0 -9999.0 -9999.0 -9999.0 -9999.0 -9999.0 -9999.0 -9999.0 -9999.0 -9999.0 -9999.0 -9999.0 -9999.0 -9999.0 -9999.0 -9999.0 -9999.0 -9999.0 -9999.0 -9999.0 -9999.0 -9999.0 -9999.0 -9999.0
-9999.0 -9999.0 -9999.0 -9999.0 -9999.0 -9999.0 -9999.0 -9999.0 -9999.0 -9999.0 -9999.0 -9999.0 -9999.0 -9999.0 -9999.0 -9999.0 -9999.0 -9999.0 -9999.0 -9999.0 -9999.0 -9999.0 -9999.0 -9999.0 -9999.0 -9999.0 -9999.0 -9999.0 -9999.0 -9999.0 -9999.0 -9999.0 -9999.0 -9999.0 -9999.0 -9999.0 -9999.0 -9999.0 -9999.0 -9999.0 -9999.0 -9999.0 -9999.0 -9999.0 -9999.0 -9999.0 -9999.0 -9999.0 -9999.0 -9999.0 -9999.0 -9999.0 -9999.0 -9999.0 -9999.0 -9999.0 -9999.0 -9999.0 -9999.0 -9999.0 -9999.0 -9999.0 -9999.0 -9999.0 -9999.0 -9999.0 -9999.0 -9999.0 -9999.0 -9999.0 -9999.0 -9999.0 -9999.0 -9999.0 -9999.0 -9999.0 -9999.0 -9999.0 -9999.0 -9999.0
-9999.0 -9999.0 -9999.0 -9999.0 -9999.0 -9999.0 -9999.0 -9999.0 -9999.0 -9999.0 -9999.0 -9999.0 -9999.0 -9999.0 -9999.0 -9999.0 -9999.0 -9999.0 -9999.0 -9999.0 1150.774839 1153.680596 1132.499219 1099.913926 1073.269334 1076.937983 1112.987132 1155.900497 1196.195328 1207.608925 1191.175196 1195.234541 1192.064037 1191.843461 1195.296269 1203.312217 1208.860058 1221.090462 1230.710855 1231.579300 1226.765073 1222.763800 1223.937630 1226.998543 1232.045255 1219.942555 1232.714133 1246.339414 1249.576527 1242.370625 1213.171009 1195.533984 1184.300953 1166.523569 1189.027718 1198.794008 1219.686175 1222.119252 1218.839398 1190.572306 1159.666439 -9999.0 -9999.0 -9999.0 -9999.0 -9999.0 -9999.0 -9999.0 -9999.0 -9999.0 -9999.0 -9999.0 -9999.0 -9999.0 -9999.0 -9999.0 -9999.0 -9999.0 -9999.0 -9999.0
-9999.0 -9999.0 -9999.0 -9999.0 -9999.0 -9999.0 -9999.0 -9999.0 -9999.0 -9999.0 -9999.0 -9999.0 -9999.0 -9999.0 1057.042908 1048.389600 1046.852412 1056.500162 1091.250045 1122.460447 1134.865851 1128.398065 1129.710611 1107.466744 1088.251856 1103.860931 1135.492589 1169.043498 1205.515507 1227.348060 1217.712607 1217.027430 1227.982921 1254.152413 1267.831144 1266.239587 1247.971858 1272.815932 1289.944863 1299.842826 1300.911824 1293.725963 1306.966122 1322.550018 1315.173999 1297.236579 1301.482325 1311.892708 1321.823210 1306.120477 1240.320357 1218.938959 1212.058934 1203.053836 1186.718694 1178.368291 1201.926971 1200.043948 1190.076739 1170.564196 1136.525602 1091.424272 1071.671188 1109.109676 1151.557654 1207.649815 -9999.0 -9999.0 -9999.0 -9999.0 -9999.0 -9999.0 -9999.0 -9999.0 -9999.0 -9999.0 -9999.0 -9999.0 -9999.0 -9999.0
-9999.0 -9999.0 -9999.0 -9999.0 -9999.0 -9999.0 -9999.0 -9999.0 -9999.0 995.774348 1001.270477 1009.778655 1013.512286 1030.460121 1029.033891 1037.505089 1045.866887 1074.464378 1106.973377 1143.430257 1173.396120 1165.946992 1167.990879 1179.336046 1183.938253 1197.683578 1221.581575 1264.239207 1305.642191 1348.139344 1321.014239 1320.197070 1340.753211 1388.684997 1422.017208 1429.638721 1412.716341 1423.572466 1450.533640 1474.413682 1476.156455 1475.240189 1500.728371 1514.581431 1514.511731 1493.342537 1479.919906 1478.542702 1501.385753 1447.750110 1379.086604 1327.093012 1329.360024 1297.722593 1258.444021 1236.514205 1231.546011 1249.734313 1232.770490 1193.694405 1155.690124 1142.823587 1123.660389 1139.246455 1159.751680 1204.330987 1241.580307 1268.468255 1266.443965 1247.852362 -9999.0 -9999.0 -9999.0 -9999.0 -9999.0 -9999.0 -9999.0 -9999.0 -9999.0 -9999.0
-9999.0 -9999.0 -9999.0 -9999.0 -9999.0 -9999.0 914.981904 925.466198 946.972111 952.665730 979.499145 988.298480 1010.485856 1031.376444 1054.762726 1072.950248 1104.681752 1139.398214 1181.994505 1226.952689 1261.045901 1257.731279 1269.957704 1301.602590 1341.597113 1372.059893 1399.479001 1441.870013 1519.563389 1563.017532 1570.845392 1576.566900 1587.084209 1636.284158 1700.382814 1715.543084 1696.656172 1683.963475 1706.217059 1744.582447 1752.663997 1755.599046 1766.762636 1776.275101 1801.421492 1790.747771 1749.452216 1733.453940 1729.386117 1710.579169 1647.393227 1582.838414 1547.925119 1496.992464 1412.606336 1356.247267 1361.137147 1377.292949 1345.967202 1289.673461 1246.472231 1233.390420 1215.987702 1200.644418 1204.856944 1221.829342 1241.827036 1250.823681 1235.751270 1212.849811 1188.519392 1158.561617 1159.538444 1184.137246 -9999.0 -9999.0 -9999.0 -9999.0 -9999.0 -9999.0
-9999.0 -9999.0 -9999.0 -9999.0 863.633175 877.374074 866.127977 892.613314 926.794197 962.622938 996.143982 1034.790504 1064.070204 1096.441388 1138.874547 1175.313843 1219.454940 1257.224250 1313.887414 1384.420890 1438.137265 1464.169748 1481.377028 1540.310903 1601.968444 1655.181057 1677.686216 1706.927801 1752.135265 1813.590610 1841.584287 1848.599000 1866.282699 1901.688404 1948.947910 1981.973376 1966.398603 1960.070234 1967.690933 1981.051725 2006.451817 2009.168603 2011.662360 2014.151393 2018.279635 2016.367802 1990.706499 1956.002311 1940.569786 1929.600369 1898.479592 1828.575566 1787.369976 1755.984466 1720.681576 1667.162435 1602.194357 1585.426667 1527.220000 1468.288567 1403.741444 1379.450537 1346.368916 1318.354909 1286.754065 1285.531884 1285.727262 1262.221465 1227.244447 1192.788800 1176.041002 1155.992757 1144.043367 1173.375065 1190.347149 1220.222951 -9999.0 -9999.0 -9999.0 -9999.0
-9999.0 -9999.0 802.850826 852.010758 909.988315 919.968391 921.720601 929.382440 959.898608 1014.204035 1091.493171 1143.850931 1188.321751 1224.757614 1286.937559 1368.468170 1443.150212 1493.654648 1554.611050 1625.641743 1689.255972 1724.441538 1743.388225 1783.082467 1836.985839 1898.899176 1926.251435 1953.360696 1985.266238 2019.826225 2031.335780 2045.434673 2053.868745 2056.807248 2062.459942 2064.024998 2059.623476 2054.742057 2037.166259 2034.343583 2042.484612 2048.788385 2050.695374 2037.453372 2033.346330 2046.383537 2049.468052 2047.587507 2046.162461 2052.454471 2054.984752 2015.249974 1977.623151 1961.336911 1949.972388 1904.436975 1838.702820 1795.962345 1772.095872 1728.345590 1649.443819 1596.554463 1544.734535 1494.748727 1440.451234 1406.794246 1356.889869 1310.995240 1261.342598 1212.794996 1187.554405 1168.374788 1165.039477 1164.152347 1179.636629 1194.350945 1209.189344 1216.701266 -9999.0 -9999.0
-9999.0 699.067933 771.814562 898.628565 979.791683 1025.660687 1058.607218 1083.444823 1114.638265 1143.516084 1250.211028 1340.678186 1433.640283 1472.946504 1525.082999 1623.595293 1719.267091 1765.850952 1804.260579 1860.703662 1921.288979 1969.194106 1998.634382 2009.739389 2044.000000 2057.790837 2061.262575 2064.967344 2061.625469 2054.199024 2045.740193 2051.905500 2047.806280 2028.192649 2011.195962 2007.100221 2000.814682 1976.584574 1948.482619 1934.135796 1937.273684 1960.668087 1949.053292 1928.552108 1924.740260 1945.678405 1964.749823 1955.942990 1944.286315 1962.488389 1997.354560 2019.843232 2030.138996 2046.771259 2067.202974 2041.148614 2012.116437 1969.616895 1949.271615 1919.241118 1859.451498 1796.801103 1740.825308 1678.873509 1610.778637 1541.234876 1475.810554 1411.571323 1342.675713 1299.642741 1267.315495 1216.604157 1195.267284 1196.467757 1186.964060 1183.298319 1188.619797 1194.587119 -9999.0 -9999.0
-9999.0 618.102587 760.749277 945.733124 1095.179442 1155.061513 1257.399701 1338.175286 1368.776740 1342.580093 1452.082029 1671.612644 1774.806054 1793.558019 1865.674770 1953.657566 1972.903246 2005.431803 2027.646294 2038.141242 2047.026221 2057.574552 2056.855941 2052.014633 2037.934907 2030.265969 2028.776701 2025.258257 2006.680218 1986.412529 1967.924582 1962.814116 1943.144102 1897.703887 1862.826181 1843.938202 1826.624381 1806.918652 1774.724934 1748.626983 1734.500811 1750.481228 1743.923782 1727.392958 1723.585052 1745.382982 1777.462298 1773.592925 1781.953036 1804.389033 1844.802407 1885.349479 1908.834686 1939.754085 1977.352720 2022.219052 2037.846428 2059.333545 2063.316394 2043.949564 1998.560069 1944.810096 1908.160785 1842.860056 1767.425489 1686.282770 1618.513041 1553.385680 1482.454104 1435.504819 1388.886450 1332.340465 1279.097188 1256.624382 1216.819070 1196.558069 -9999.0 -9999.0 -9999.0 -9999.0
-9999.0 538.399280 726.428794 984.634491 1261.997219 1372.968126 1576.477523 1704.896782 1763.542104 1832.552057 1810.116508 1959.248905 1999.578658 1996.493703 1996.387183 2001.098824 2017.231581 2021.031190 2017.567270 2007.525793 1998.728308 1995.102235 1994.078660 1986.815792 1974.415041 1959.012132 1944.961086 1930.720335 1891.299290 1856.627729 1819.584043 1803.824500 1763.859860 1671.637039 1627.284903 1590.033106 1532.929568 1526.889536 1521.428984 1493.834814 1474.826476 1454.665994 1476.661847 1481.141397 1483.597412 1486.930894 1503.725749 1527.598267 1572.284172 1609.323782 1654.490783 1707.642534 1743.018076 1787.169903 1834.352955 1891.324484 1925.011598 1956.652182 2004.415228 2043.501704 2065.989738 2053.389591 2023.841960 1974.278544 1899.382773 1827.846846 1772.990712 1695.330299 1628.259563 1575.250321 1531.360447 1483.719054 1421.871586 1345.001859 1303.494807 -9999.0 -9999.0 -9999.0 -9999.0 -9999.0
-9999.0 357.477420 625.082171 912.668043 1226.074287 1553.729097 1687.015538 1814.615390 1887.052008 1854.742656 1862.804426 1885.172659 1928.251149 1938.080401 1919.686563 1911.509406 1900.524844 1900.535163 1912.838266 1885.664599 1855.780538 1842.357746 1841.878734 1830.152379 1806.867975 1789.634544 1776.765350 1755.461669 1706.589361 1654.527520 1572.330383 1541.677025 1465.801095 1409.098475 1363.570771 1313.062366 1261.919396 1260.453135 1277.609685 1262.987684 1240.895928 1222.669479 1249.395174 1267.284861 1279.660561 1268.510122 1277.907722 1314.279786 1364.494804 1409.643606 1460.816150 1516.365906 1563.435226 1611.861716 1645.084988 1696.599391 1744.938256 1792.185448 1866.343449 1945.269962 1982.011590 2015.773810 2046.324487 2057.985118 2001.238099 1944.996370 1885.505316 1816.307615 1729.874422 1683.008791 1660.693412 1625.480211 1573.525761 -9999.0 -9999.0 -9999.0 -9999.0 -9999.0 -9999.0 -9999.0
-9999.0 231.438915 449.723196 678.635282 962.801858 1200.575189 1395.443028 1503.724002 1583.232191 1619.053926 1654.961736 1691.153322 1723.661488 1747.702668 1727.082876 1688.293560 1659.824443 1663.600020 1658.660805 1633.837416 1603.629208 1588.349506 1585.718457 1578.689114 1554.341327 1539.692731 1528.484187 1505.271330 1470.871231 1414.359007 1333.982842 1261.098882 1199.707913 1167.173032 1136.752731 1103.456300 1067.386229 1077.251686 1089.788711 1086.206871 1075.659559 1072.752847 1102.005007 1121.132582 1131.418518 1120.003278 1139.467596 1166.636122 1208.951146 1252.947535 1303.234855 1359.685498 1414.761822 1445.508210 1460.941708 1488.008046 1528.465368 1583.131574 1669.650272 1763.817375 1840.599824 1888.465838 1937.397602 1967.534259 1975.678704 1979.911323 1946.464773 1856.451403 1736.572540 1730.095488 1731.657297 -9999.0 -9999.0 -9999.0 -9999.0 -9999.0 -9999.0 -9999.0 -9999.0 -9999.0
-9999.0 -9999.0 216.460251 394.060188 532.599526 712.875164 863.622402 974.103549 1062.856972 1175.356746 1280.340705 1364.927484 1410.277089 1428.562216 1414.410593 1380.504764 1358.395126 1357.827767 1347.044086 1335.165841 1314.053716 1305.464005 1294.223785 1285.789148 1275.276870 1269.246187 1263.351119 1251.262661 1228.351554 1180.746633 1131.034457 1079.037759 1025.210368 999.159870 976.685557 954.591611 952.656723 948.752570 954.393779 955.819205 962.514990 975.034642 995.264219 1017.270936 1027.126021 1035.930119 1048.702004 1072.807105 1106.465527 1149.362130 1204.077787 1262.645394 1303.511306 1317.476191 1309.232289 1315.792344 1337.835718 1382.197579 1464.896942 1549.470293 1643.760230 1713.536955 1782.372124 1830.612014 1841.499178 1849.576228 1855.161531 1784.018948 1531.188253 1661.622913 -9999.0 -9999.0 -9999.0 -9999.0 -9999.0 -9999.0 -9999.0 -9999.0 -9999.0 -9999.0
-9999.0 -9999.0 -9999.0 -9999.0 252.886279 408.268578 505.445602 589.364826 717.729362 836.766985 936.270134 1019.026647 1080.130818 1106.487634 1101.284399 1104.721375 1099.254746 1093.143758 1083.174897 1080.909101 1078.544277 1070.638132 1056.599862 1048.916029 1049.226327 1053.499269 1050.544339 1036.411534 1018.309128 994.437651 972.901875 937.872898 901.299831 871.675346 858.118675 851.888263 851.477993 844.652300 853.407607 860.528445 875.665116 890.941750 914.781071 943.714255 957.364167 972.166613 982.112291 1002.977555 1033.716137 1087.510697 1151.390631 1209.691165 1246.063861 1251.203972 1227.190512 1212.622319 1210.218626 1239.626439 1286.637497 1355.879798 1458.478353 1531.266958 1587.847190 1630.365663 1658.304436 1696.812625 1735.876699 1758.491914 -9999.0 -9999.0 -9999.0 -9999.0 -9999.0 -9999.0 -9999.0 -9999.0 -9999.0 -9999.0 -9999.0 -9999.0
-9999.0 -9999.0 -9999.0 -9999.0 -9999.0 -9999.0 209.992146 310.792805 392.896917 528.686276 656.160325 755.951777 835.327412 866.015474 890.712628 916.443924 913.920749 895.650587 876.842595 894.727429 907.313348 901.322614 871.639881 870.797661 875.099580 883.251593 880.914370 874.173220 848.730960 859.033615 858.779329 835.095140 808.643366 794.314069 782.220806 791.647725 791.813195 778.322755 779.204233 805.802536 825.935841 839.155033 861.133430 894.367589 926.704976 941.841213 943.308031 949.694421 990.315765 1060.922241 1132.780509 1188.404900 1221.199835 1229.781464 1202.962644 1163.447702 1143.682859 1151.788102 1187.862721 1242.132541 1319.399616 1369.317796 1395.958207 1409.646244 1426.946406 1513.712000 -9999.0 -9999.0 -9999.0 -9999.0 -9999.0 -9999.0 -9999.0 -9999.0 -9999.0 -9999.0 -9999.0 -9999.0 -9999.0 -9999.0
-9999.0 -9999.0 -9999.0 -9999.0 -9999.0 -9999.0 -9999.0 -9999.0 -9999.0 -9999.0 -9999.0 -9999.0 -9999.0 -9999.0 -9999.0 -9999.0 -9999.0 -9999.0 -9999.0 -9999.0 -9999.0 -9999.0 -9999.0 -9999.0 -9999.0 -9999.0 -9999.0 -9999.0 -9999.0 -9999.0 -9999.0 -9999.0 -9999.0 -9999.0 -9999.0 -9999.0 -9999.0 -9999.0 -9999.0 -9999.0 -9999.0 -9999.0 -9999.0 -9999.0 -9999.0 -9999.0 -9999.0 -9999.0 -9999.0 -9999.0 -9999.0 -9999.0 -9999.0 -9999.0 -9999.0 -9999.0 -9999.0 -9999.0 -9999.0 -9999.0 -9999.0 -9999.0 -9999.0 -9999.0 -9999.0 -9999.0 -9999.0 -9999.0 -9999.0 -9999.0 -9999.0 -9999.0 -9999.0 -9999.0 -9999.0 -9999.0 -9999.0 -9999.0 -9999.0 -9999.0
-9999.0 -9999.0 -9999.0 -9999.0 -9999.0 -9999.0 -9999.0 -9999.0 -9999.0 -9999.0 -9999.0 -9999.0 -9999.0 -9999.0 -9999.0 -9999.0 -9999.0 -9999.0 -9999.0 -9999.0 -9999.0 -9999.0 -9999.0 -9999.0 -9999.0 -9999.0 -9999.0 -9999.0 -9999.0 -9999.0 -9999.0 -9999.0 -9999.0 -9999.0 -9999.0 -9999.0 -9999.0 -9999.0 -9999.0 -9999.0 -9999.0 -9999.0 -9999.0 -9999.0 -9999.0 -9999.0 -9999.0 -9999.0 -9999.0 -9999.0 -9999.0 -9999.0 -9999.0 -9999.0 -9999.0 -9999.0 -9999.0 -9999.0 -9999.0 -9999.0 -9999.0 -9999.0 -9999.0 -9999.0 -9999.0 -9999.0 -9999.0 -9999.0 -9999.0 -9999.0 -9999.0 -9999.0 -9999.0 -9999.0 -9999.0 -9999.0 -9999.0 -9999.0 -9999.0 -9999.0