Borden_/Borden1m_014/output_maps/psiliqL0009N0017.asc
ncols         80
nrows         18
xllcorner     620200.000000
yllcorner     5168000.000000
cellsize      1.000000
NODATA_value  -9999.0
-9999.0 -9999.0 -9999.0 -9999.0 -9999.0 -9999.0 -9999.0 -9999.0 -9999.0 -9999.0 -9999.0 -9999.0 -9999.0 -9999.0 -9999.0 -9999.0 -9999.0 -9999.0 -9999.0 -9999.0 -9999.0 -9999.0 -9999.0 -9999.0 -9999.0 -9999.0 -9999.0 -9999.0 -9999.0 -9999.0 -9999.0 -9999.0 -9999.0 -9999.0 -9999.0 -9999.0 -9999.0 -9999.0 -9999.0 -9999.0 -9999.0 -9999.0 -9999.0 -9999.0 -9999.0 -9999.0 -9999.0 -9999.0 -9999.0 -9999.0 -9999.0 -9999.0 -9999.0 -9999.0 -9999.0 -9999.0 -9999.0 -9999.0 -9999.0 -9999.0 -9999.0 -9999.0 -9999.0 -9999.0 -9999.0 -9999.0 -9999.0 -9999.0 -9999.0 -9999.0 -9999.0 -9999.0 -9999.0 -9999.0 -9999.0 -9999.0 -9999.0 -9999.0 -9999.0 -9999.0
-9999.0 -9999.0 -9999.0 -9999.0 -9999.0 -9999.0 -9999.0 -9999.0 -9999.0 -9999.0 -9999.0 -9999.0 -9999.0 -9999.0 -9999.0 -9999.0 -9999.0 -9999.0 -9999.0 -9999.0 -9999.0 -9999.0 -9999.0 -9999.0 -9999.0 -9999.0 -9999.0 -9999.0 -9999.0 -9999.0 -9999.0 -9999.0 -9999.0 -9999.0 -9999.0 -9999.0 -9999.0 -9999.0 -9999.0 -9999.0 -9999.0 -9999.0 -9999.0 -9999.0 -9999.0 -9999.0 -9999.0 -9999.0 -9999.0 -9999.0 -9999.0 -9999.0 -9999.0 -9999.0 -9999.0 -9999.0 -9999.0 -9999.0 -9999.0 -9999.0 -9999.0 -9999.0 -9999.0 -9999.0 -9999.0 -9999.0 -9999.0 -9999.0 -9999.0 -9999.0 -9999.0 -9999.0 -9999.0 -9999.0 -9999.0 -9999.0 -9999.0 -9999.0 -9999.0 -9999.0
-9999.0 -9999.0 -9999.0 -9999.0 -9999.0 -9999.0 -9999.0 -9999.0 -9999.0 -9999.0 -9999.0 -9999.0 -9999.0 -9999.0 -9999.0 -9999.0 -9999.0 -9999.0 -9999.0 -9999.0 -66.318822 -63.280242 -85.864469 -119.866605 -148.218828 -146.012847 -110.516737 -68.860359 -30.511294 -19.717356 -37.345339 -35.119398 -39.291317 -38.668310 -34.955068 -28.282302 -24.983947 -13.220380 -4.603533 -4.919474 -11.253886 -17.038558 -18.056142 -14.560738 -9.460738 -18.659243 -4.868636 10.707551 16.893522 11.219185 -17.104372 -34.044857 -43.346924 -58.785376 -34.758497 -22.697640 -0.052276 3.857794 2.174013 -25.224881 -55.567318 -9999.0 -9999.0 -9999.0 -9999.0 -9999.0 -9999.0 -9999.0 -9999.0 -9999.0 -9999.0 -9999.0 -9999.0 -9999.0 -9999.0 -9999.0 -9999.0 -9999.0 -9999.0 -9999.0
-9999.0 -9999.0 -9999.0 -9999.0 -9999.0 -9999.0 -9999.0 -9999.0 -9999.0 -9999.0 -9999.0 -9999.0 -9999.0 -9999.0 -157.800774 -167.882257 -170.811256 -162.107149 -127.910828 -97.439679 -84.677144 -92.120259 -91.962916 -115.346072 -135.295627 -120.548432 -90.389226 -58.324526 -23.448676 -2.197356 -13.912861 -15.335736 -2.890261 26.725704 42.646180 40.685444 20.039988 43.281008 59.776833 69.168110 67.984996 59.133142 73.717665 90.336896 83.708685 65.935039 69.872393 82.107099 96.488748 80.421416 13.404904 -10.061827 -15.666024 -23.800592 -38.182280 -45.397271 -21.034632 -20.814279 -29.656813 -48.087508 -80.813462 -125.300221 -143.546569 -104.892918 -60.377791 -2.362176 -9999.0 -9999.0 -9999.0 -9999.0 -9999.0 -9999.0 -9999.0 -9999.0 -9999.0 -9999.0 -9999.0 -9999.0 -9999.0 -9999.0
-9999.0 -9999.0 -9999.0 -9999.0 -9999.0 -9999.0 -9999.0 -9999.0 -9999.0 -214.926759 -211.230271 -204.164105 -202.355013 -186.701048 -188.487341 -181.426213 -173.434758 -146.760948 -114.938813 -78.890964 -49.306382 -58.715668 -57.697775 -44.401912 -35.677909 -20.831953 1.558907 43.399894 87.427634 132.478182 106.896177 108.918687 136.188801 193.560504 234.229087 244.329437 226.330263 231.592452 257.351967 281.633764 280.163490 277.793261 303.584471 318.743252 324.741265 304.184201 287.215448 287.069681 314.714835 259.838479 190.085637 127.231972 118.608861 81.353653 37.383745 13.291472 8.502280 28.347885 11.122712 -27.778971 -65.288620 -75.750473 -93.158447 -77.039006 -54.569707 -7.659974 30.983585 59.524740 59.522483 42.042023 -9999.0 -9999.0 -9999.0 -9999.0 -9999.0 -9999.0 -9999.0 -9999.0 -9999.0 -9999.0
-9999.0 -9999.0 -9999.0 -9999.0 -9999.0 -9999.0 -293.509741 -284.707722 -265.010290 -259.679963 -235.298663 -227.846241 -207.306635 -187.811728 -166.766361 -149.245328 -117.578087 -83.714646 -40.057134 7.064791 41.740319 38.835774 51.379397 91.372512 146.977844 186.900777 214.544753 255.993820 341.581929 401.176736 428.188199 450.623533 492.997572 542.594331 597.736683 611.050625 592.661582 579.213716 594.262016 623.228303 628.997495 628.325160 635.415123 644.139235 670.923466 664.403620 627.280385 616.418181 615.817130 606.749007 556.328810 486.753411 397.522499 324.582766 234.332445 171.951415 167.299486 174.668001 134.881653 75.966164 30.634576 17.461121 -0.029971 -15.942162 -11.568880 7.042041 29.754853 40.701961 27.824605 6.918278 -16.269304 -45.297597 -43.798518 -18.485737 -9999.0 -9999.0 -9999.0 -9999.0 -9999.0 -9999.0
-9999.0 -9999.0 -9999.0 -9999.0 -343.245997 -330.919015 -342.863927 -319.183623 -287.156177 -253.866624 -221.420630 -183.774367 -156.198917 -125.526318 -82.171487 -41.786424 4.259898 43.317585 107.197430 190.015722 249.286820 279.080768 300.546900 386.588644 499.227545 560.993261 578.741482 598.546915 632.289091 692.681997 724.613395 739.492282 773.815407 808.837595 841.763717 865.937235 851.657444 846.718892 849.451158 855.434525 874.819814 874.243184 875.285018 876.746019 880.594927 882.158332 864.293890 841.814597 835.512667 831.520838 811.125766 736.474954 678.058891 645.008935 620.535224 578.844455 510.694564 461.906847 365.806983 293.589733 221.239300 188.329821 143.481372 109.896823 74.811959 72.030647 72.582296 51.066383 19.063018 -13.684184 -29.158647 -48.298893 -58.944474 -29.285352 -11.777748 19.021124 -9999.0 -9999.0 -9999.0 -9999.0
-9999.0 -9999.0 -401.272857 -351.524614 -295.504838 -286.956073 -285.001934 -279.975657 -252.823793 -201.560809 -121.833004 -66.937368 -20.276340 13.938957 80.987200 177.548427 259.441097 319.964884 411.943445 517.882433 581.898557 610.775760 627.533425 670.240401 739.019227 806.221601 826.566095 842.727855 861.948962 888.245859 908.953249 926.144224 937.361089 937.041577 936.970036 934.348962 930.863044 926.936387 910.632834 907.493771 913.198459 915.335465 918.322055 906.823139 903.681580 916.505316 920.462661 924.099347 928.976857 938.528825 945.865821 910.416189 864.305942 852.372930 848.334020 814.275042 748.921605 696.373386 667.184385 629.673287 562.627798 503.272212 400.534050 322.896270 255.471898 207.628795 151.812962 105.465150 56.505282 9.175584 -15.550214 -35.082774 -38.240251 -38.432065 -22.839507 -7.541409 7.644713 15.345834 -9999.0 -9999.0
-9999.0 -500.475417 -428.030589 -300.330834 -220.875460 -174.964223 -133.937386 -104.392488 -78.482932 -60.098328 52.767214 166.915810 263.168028 303.742110 382.394750 515.454741 605.346521 648.601551 694.883186 758.819309 818.646297 853.439645 874.056251 899.156836 932.043880 938.153042 937.610250 936.758009 929.224707 921.584882 912.591558 920.435601 919.853607 905.208281 890.708482 886.168386 877.854131 857.050268 835.506663 825.040072 827.542540 845.349986 836.706562 821.352419 818.730526 835.361691 850.597328 846.552239 841.839003 860.659231 889.535155 906.488237 919.268526 933.348425 952.353261 928.464059 896.837714 862.056306 847.964881 827.949906 778.768942 717.557564 654.314115 592.653324 519.985126 400.593422 309.863141 236.231385 158.076614 112.172249 76.997752 21.323186 -4.524087 -5.184379 -15.712362 -19.071369 -13.063640 -6.820586 -9999.0 -9999.0
-9999.0 -573.030538 -429.877521 -243.276927 -93.951236 -26.472151 101.886447 191.031400 219.980721 200.044161 323.991159 570.844484 663.054414 677.987769 749.483077 836.660370 869.275769 898.085896 920.540779 925.097416 927.750745 931.706953 927.120223 919.684685 906.535723 900.305584 900.613390 899.640566 886.023628 870.885092 854.973947 850.917735 837.776818 806.967358 774.031651 750.461994 719.119334 689.987889 655.996865 631.476202 619.322853 637.184928 628.955429 613.505289 610.155026 631.203986 663.772723 662.575516 679.964640 718.528078 765.121478 805.767694 823.683434 847.844415 875.215880 908.518362 922.652781 942.031655 946.618071 926.505099 891.410306 853.456342 828.533226 773.357520 704.299915 620.917865 556.325499 483.963800 365.968228 298.375387 237.475107 162.795588 94.411535 59.488762 16.594710 -5.919963 -9999.0 -9999.0 -9999.0 -9999.0
-9999.0 -640.096732 -449.237678 -182.490239 85.180182 235.245361 487.953200 622.953962 683.632417 742.141508 763.797272 871.817081 895.756993 887.404288 876.642403 881.045550 895.526931 900.260866 898.430907 892.632837 887.165463 884.491283 882.279532 871.922502 858.625790 845.917892 836.916714 829.648459 800.340511 765.498829 722.538366 696.483959 657.360612 576.833630 537.854520 495.971490 395.135337 371.055518 352.714602 316.652089 295.077820 278.357454 297.778208 298.359557 299.334407 307.936107 333.037834 362.875819 433.398372 511.615241 562.911540 612.355785 648.964544 704.621547 754.360036 808.714967 831.165254 853.776797 889.976576 925.582672 947.978026 941.457311 916.753612 885.087027 834.685164 779.400453 739.217121 673.299243 606.794083 555.142364 498.417995 386.169360 281.989967 157.242992 107.124455 -9999.0 -9999.0 -9999.0 -9999.0 -9999.0
-9999.0 -797.003129 -529.712445 -231.763948 110.358209 476.100347 609.210950 760.887146 829.870223 784.364303 773.880464 797.324743 828.940817 833.851764 819.557770 817.308554 812.096048 813.578915 826.841961 808.961051 784.132823 771.879234 770.202678 739.809224 701.060765 677.264968 663.709538 646.068163 603.597285 555.057458 460.810121 402.580100 303.996316 232.540541 182.118608 125.857951 64.406133 58.595360 72.571349 54.936838 32.092197 13.210731 38.995001 54.854659 66.086716 56.653587 66.939580 104.866809 160.719850 215.098899 272.464202 337.352832 406.790208 508.405616 551.565802 599.344045 641.768738 692.894585 770.025368 845.070502 875.221218 904.710714 939.497413 957.940456 916.934979 879.025757 849.108108 813.210852 750.071284 714.757536 685.895994 615.272227 545.772211 -9999.0 -9999.0 -9999.0 -9999.0 -9999.0 -9999.0 -9999.0
-9999.0 -930.153287 -699.860824 -453.863293 -150.963149 98.639824 298.233379 458.189968 541.764577 552.241447 572.047308 597.712027 623.192124 643.257915 623.966377 593.848182 572.190197 577.413045 577.771111 558.406045 533.877056 519.349464 511.501339 480.420437 420.439993 387.536477 367.983595 337.254289 294.508714 233.570631 142.333918 65.796014 -0.875257 -38.325141 -70.460327 -105.901587 -146.464226 -136.505755 -122.201238 -126.953370 -139.412285 -143.858759 -113.984236 -95.393370 -85.278621 -98.351014 -79.526729 -51.773391 -8.301138 35.991607 86.154346 143.387901 202.234095 244.203880 267.072326 302.284282 358.233639 453.786607 564.139482 663.927449 749.521461 802.635326 850.380639 880.470384 893.555301 914.992290 904.180269 847.942767 765.199180 788.201472 796.292005 -9999.0 -9999.0 -9999.0 -9999.0 -9999.0 -9999.0 -9999.0 -9999.0 -9999.0
-9999.0 -9999.0 -936.286926 -747.354997 -589.989839 -405.168395 -251.310080 -138.128705 -56.665428 39.399846 135.179142 212.000945 253.153882 270.191461 252.835711 213.929889 188.745182 188.937240 179.420125 164.740861 138.001760 125.455013 112.457325 99.584091 80.823419 70.282738 63.081842 50.378371 26.233326 -22.509450 -77.587667 -131.976108 -187.906413 -213.673696 -236.119816 -259.207962 -262.871618 -264.772805 -257.905281 -256.665789 -251.244641 -239.458042 -218.634723 -197.224033 -187.825747 -180.759152 -168.163981 -144.277556 -110.631523 -68.871744 -15.667152 41.001242 80.560421 94.638614 87.036501 95.166236 121.654479 176.549594 278.532797 398.331126 537.201698 617.019987 699.064940 764.998937 789.389837 812.056809 835.635681 791.337977 517.392678 725.146875 -9999.0 -9999.0 -9999.0 -9999.0 -9999.0 -9999.0 -9999.0 -9999.0 -9999.0 -9999.0
-9999.0 -9999.0 -9999.0 -9999.0 -890.457274 -734.249572 -641.442984 -560.508383 -440.012495 -328.824135 -234.479063 -157.027385 -103.055776 -79.094137 -90.011759 -95.040604 -103.326509 -107.389292 -116.540294 -122.437671 -128.694323 -137.457552 -149.906220 -158.471197 -159.901543 -156.751683 -159.050383 -172.376586 -188.587466 -215.904540 -240.179063 -275.806462 -313.201457 -342.581070 -355.610135 -362.419750 -362.049769 -367.496943 -357.819183 -351.350347 -336.354155 -320.811122 -296.683782 -268.307579 -255.740428 -241.592523 -231.939687 -211.124542 -181.070117 -128.080985 -65.525220 -9.458465 24.362480 27.788366 1.378039 -14.666355 -17.405944 12.797345 64.524687 143.760268 262.784861 357.894916 467.079079 549.216434 591.928301 644.826603 727.539874 784.102178 -9999.0 -9999.0 -9999.0 -9999.0 -9999.0 -9999.0 -9999.0 -9999.0 -9999.0 -9999.0 -9999.0 -9999.0
-9999.0 -9999.0 -9999.0 -9999.0 -9999.0 -9999.0 -946.004533 -851.544596 -765.441884 -644.905606 -532.753082 -441.206087 -366.377940 -340.946220 -322.912968 -300.019211 -304.705397 -322.261936 -339.476085 -322.633366 -312.915397 -318.102662 -346.226224 -347.653645 -343.972731 -334.381986 -335.435208 -341.397911 -366.256396 -357.741929 -358.944970 -381.958853 -407.909290 -422.085503 -433.432614 -423.247801 -422.260039 -434.664654 -432.162898 -405.994904 -386.212205 -372.708712 -350.114118 -316.875135 -284.879048 -270.677824 -269.849409 -263.770399 -222.339780 -152.053316 -81.751035 -28.526620 1.871183 8.673374 -20.548002 -62.452949 -84.793813 -78.312980 -42.840610 12.981748 94.709880 152.006943 196.349863 232.237488 268.332422 374.380740 -9999.0 -9999.0 -9999.0 -9999.0 -9999.0 -9999.0 -9999.0 -9999.0 -9999.0 -9999.0 -9999.0 -9999.0 -9999.0 -9999.0
-9999.0 -9999.0 -9999.0 -9999.0 -9999.0 -9999.0 -9999.0 -9999.0 -9999.0 -9999.0 -9999.0 -9999.0 -9999.0 -9999.0 -9999.0 -9999.0 -9999.0 -9999.0 -9999.0 -9999.0 -9999.0 -9999.0 -9999.0 -9999.0 -9999.0 -9999.0 -9999.0 -9999.0 -9999.0 -9999.0 -9999.0 -9999.0 -9999.0 -9999.0 -9999.0 -9999.0 -9999.0 -9999.0 -9999.0 -9999.0 -9999.0 -9999.0 -9999.0 -9999.0 -9999.0 -9999.0 -9999.0 -9999.0 -9999.0 -9999.0 -9999.0 -9999.0 -9999.0 -9999.0 -9999.0 -9999.0 -9999.0 -9999.0 -9999.0 -9999.0 -9999.0 -9999.0 -9999.0 -9999.0 -9999.0 -9999.0 -9999.0 -9999.0 -9999.0 -9999.0 -9999.0 -9999.0 -9999.0 -9999.0 -9999.0 -9999.0 -9999.0 -9999.0 -9999.0 -9999.0
-9999.0 -9999.0 -9999.0 -9999.0 -9999.0 -9999.0 -9999.0 -9999.0 -9999.0 -9999.0 -9999.0 -9999.0 -9999.0 -9999.0 -9999.0 -9999.0 -9999.0 -9999.0 -9999.0 -9999.0 -9999.0 -9999.0 -9999.0 -9999.0 -9999.0 -9999.0 -9999.0 -9999.0 -9999.0 -9999.0 -9999.0 -9999.0 -9999.0 -9999.0 -9999.0 -9999.0 -9999.0 -9999.0 -9999.0 -9999.0 -9999.0 -9999.0 -9999.0 -9999.0 -9999.0 -9999.0 -9999.0 -9999.0 -9999.0 -9999.0 -9999.0 -9999.0 -9999.0 -9999.0 -9999.0 -9999.0 -9999.0 -9999.0 -9999.0 -9999.0 -9999.0 -9999.0 -9999.0 -9999.0 -9999.0 -9999.0 -9999.0 -9999.0 -9999.0 -9999.0 -9999.0 -9999.0 -9999.0 -9999.0 -9999.0 -9999.0 -9999.0 -9999.0 -9999.0 -9999.0