Borden_/Borden1m_014/output_maps/psiliqL0001N0025.asc
ncols         80
nrows         18
xllcorner     620200.000000
yllcorner     5168000.000000
cellsize      1.000000
NODATA_value  -9999.0
-9999.0 -9999.0 -9999.0 -9999.0 -9999.0 -9999.0 -9999.0 -9999.0 -9999.0 -9999.0 -9999.0 -9999.0 -9999.0 -9999.0 -9999.0 -9999.0 -9999.0 -9999.0 -9999.0 -9999.0 -9999.0 -9999.0 -9999.0 -9999.0 -9999.0 -9999.0 -9999.0 -9999.0 -9999.0 -9999.0 -9999.0 -9999.0 -9999.0 -9999.0 -9999.0 -9999.0 -9999.0 -9999.0 -9999.0 -9999.0 -9999.0 -9999.0 -9999.0 -9999.0 -9999.0 -9999.0 -9999.0 -9999.0 -9999.0 -9999.0 -9999.0 -9999.0 -9999.0 -9999.0 -9999.0 -9999.0 -9999.0 -9999.0 -9999.0 -9999.0 -9999.0 -9999.0 -9999.0 -9999.0 -9999.0 -9999.0 -9999.0 -9999.0 -9999.0 -9999.0 -9999.0 -9999.0 -9999.0 -9999.0 -9999.0 -9999.0 -9999.0 -9999.0 -9999.0 -9999.0
-9999.0 -9999.0 -9999.0 -9999.0 -9999.0 -9999.0 -9999.0 -9999.0 -9999.0 -9999.0 -9999.0 -9999.0 -9999.0 -9999.0 -9999.0 -9999.0 -9999.0 -9999.0 -9999.0 -9999.0 -9999.0 -9999.0 -9999.0 -9999.0 -9999.0 -9999.0 -9999.0 -9999.0 -9999.0 -9999.0 -9999.0 -9999.0 -9999.0 -9999.0 -9999.0 -9999.0 -9999.0 -9999.0 -9999.0 -9999.0 -9999.0 -9999.0 -9999.0 -9999.0 -9999.0 -9999.0 -9999.0 -9999.0 -9999.0 -9999.0 -9999.0 -9999.0 -9999.0 -9999.0 -9999.0 -9999.0 -9999.0 -9999.0 -9999.0 -9999.0 -9999.0 -9999.0 -9999.0 -9999.0 -9999.0 -9999.0 -9999.0 -9999.0 -9999.0 -9999.0 -9999.0 -9999.0 -9999.0 -9999.0 -9999.0 -9999.0 -9999.0 -9999.0 -9999.0 -9999.0
-9999.0 -9999.0 -9999.0 -9999.0 -9999.0 -9999.0 -9999.0 -9999.0 -9999.0 -9999.0 -9999.0 -9999.0 -9999.0 -9999.0 -9999.0 -9999.0 -9999.0 -9999.0 -9999.0 -9999.0 -577.415753 -576.513306 -578.379883 -580.466948 -582.235586 -582.475897 -580.501969 -578.246510 -575.627260 -575.106961 -577.279886 -576.738663 -577.610250 -578.094682 -578.140824 -577.549360 -577.272532 -576.424166 -575.890578 -576.149674 -576.800676 -577.259556 -577.721422 -577.588370 -576.839897 -577.828515 -576.359220 -574.919274 -574.411215 -574.399580 -576.334418 -577.122204 -577.395113 -579.083671 -576.028018 -575.154403 -572.908832 -572.705639 -572.255635 -574.780436 -577.240028 -9999.0 -9999.0 -9999.0 -9999.0 -9999.0 -9999.0 -9999.0 -9999.0 -9999.0 -9999.0 -9999.0 -9999.0 -9999.0 -9999.0 -9999.0 -9999.0 -9999.0 -9999.0 -9999.0
-9999.0 -9999.0 -9999.0 -9999.0 -9999.0 -9999.0 -9999.0 -9999.0 -9999.0 -9999.0 -9999.0 -9999.0 -9999.0 -9999.0 -580.664141 -581.693862 -582.176726 -582.511607 -580.743499 -579.385573 -579.384447 -580.455279 -579.553329 -581.585899 -583.376862 -582.285909 -580.786220 -579.593635 -577.540776 -575.920720 -577.447734 -577.823171 -577.006210 -574.060234 -572.750328 -573.376079 -576.857749 -573.620703 -571.981890 -570.898424 -571.035038 -572.625547 -570.399551 -567.801606 -569.143144 -571.880982 -571.334916 -569.836511 -567.277934 -568.578117 -577.036753 -577.856878 -577.390711 -577.186523 -578.301434 -579.134864 -576.065038 -576.522599 -577.011233 -577.493075 -579.202832 -582.021329 -583.285779 -580.328458 -577.726957 -572.224659 -9999.0 -9999.0 -9999.0 -9999.0 -9999.0 -9999.0 -9999.0 -9999.0 -9999.0 -9999.0 -9999.0 -9999.0 -9999.0 -9999.0
-9999.0 -9999.0 -9999.0 -9999.0 -9999.0 -9999.0 -9999.0 -9999.0 -9999.0 -582.214931 -582.530776 -582.262292 -582.969413 -582.097518 -583.632567 -583.297829 -583.583485 -582.392394 -581.459630 -579.788272 -577.475902 -579.232876 -579.461304 -578.198684 -578.010725 -577.553233 -576.577911 -572.747445 -568.281706 -561.011449 -567.241543 -567.497413 -564.146110 -551.061136 -538.681605 -534.744727 -541.390416 -541.518833 -533.361698 -523.098916 -523.100073 -524.073875 -512.524423 -505.184121 -499.547155 -511.062846 -521.774491 -523.478923 -509.281018 -532.716776 -551.143815 -565.475632 -564.583967 -569.214344 -574.159282 -575.955422 -576.672341 -573.098075 -574.435349 -577.608575 -580.155701 -579.248796 -580.699024 -579.300253 -578.368870 -574.222291 -570.453378 -566.696756 -566.505057 -568.921036 -9999.0 -9999.0 -9999.0 -9999.0 -9999.0 -9999.0 -9999.0 -9999.0 -9999.0 -9999.0
-9999.0 -9999.0 -9999.0 -9999.0 -9999.0 -9999.0 -583.855066 -584.013025 -583.479539 -585.365566 -584.122812 -585.060407 -584.144345 -583.774864 -583.215322 -583.237965 -581.699585 -580.385725 -578.088992 -574.965222 -571.991614 -573.621506 -572.851796 -568.452386 -559.194242 -550.176455 -544.520557 -534.011340 -493.591795 -440.487897 -413.036175 -398.027573 -377.466385 -352.846657 -304.175732 -226.816756 -308.214674 -327.338507 -314.277472 -275.779827 -185.642514 -184.701152 -179.859159 -172.918991 -147.071672 -151.395791 -270.374815 -298.702444 -306.469957 -313.350203 -346.786213 -383.048080 -456.628271 -506.082792 -539.367271 -554.990761 -557.921659 -555.794870 -561.881116 -569.670801 -574.164701 -574.128558 -574.970232 -576.640470 -575.891843 -574.245455 -571.617715 -569.946071 -571.211539 -572.895692 -574.117256 -576.859338 -576.415235 -573.743544 -9999.0 -9999.0 -9999.0 -9999.0 -9999.0 -9999.0
-9999.0 -9999.0 -9999.0 -9999.0 -586.645744 -585.811969 -588.351651 -586.964778 -585.913251 -585.150424 -585.224569 -583.800862 -583.465803 -582.479237 -580.280919 -578.559982 -575.415280 -573.069128 -566.164292 -550.471469 -534.229819 -523.657654 -517.126044 -459.170661 -376.222236 -343.450127 -332.684389 -313.506865 -268.124120 -139.701525 -114.528200 -108.128747 -91.175371 -101.950511 -27.868483 5.854403 -13.008528 -19.074890 -17.395346 -10.244489 12.788180 13.351109 14.039450 14.127384 16.103287 18.134539 -0.888998 -30.692106 -41.912720 -48.457495 -65.561762 -125.100278 -235.305401 -275.546266 -298.131946 -330.220904 -374.010608 -400.456229 -485.233415 -521.385603 -545.698175 -553.897851 -561.342509 -564.938323 -569.684592 -568.855845 -567.554974 -569.921502 -572.902923 -575.695498 -575.978250 -577.171775 -578.560046 -575.105474 -573.931158 -570.146365 -9999.0 -9999.0 -9999.0 -9999.0
-9999.0 -9999.0 -586.692811 -586.684468 -584.459581 -585.918438 -586.745354 -587.985079 -587.551063 -585.438912 -581.342942 -579.650831 -576.855935 -575.428195 -568.699815 -550.215020 -526.242438 -503.353078 -429.133834 -365.788669 -325.922252 -290.125647 -197.691776 -161.548045 -117.954957 -108.050693 -49.370803 -29.494852 -7.385096 18.130787 42.893639 58.172305 63.927113 57.433421 56.700396 54.243623 53.040244 48.936049 32.694367 30.426102 37.530101 39.836990 43.143050 31.013442 27.212800 39.703938 41.492553 42.159056 44.479063 52.523274 63.525259 34.903985 -17.184568 -27.796907 -30.094156 -67.345064 -126.051481 -226.921332 -259.179475 -297.576507 -354.465522 -385.886005 -462.341986 -513.930781 -538.455934 -549.106876 -559.112231 -565.038979 -570.278525 -575.009326 -576.386376 -577.190589 -576.495214 -577.010310 -575.179629 -573.813226 -571.725501 -570.950685 -9999.0 -9999.0
-9999.0 -587.210694 -588.070642 -584.103358 -583.596599 -582.857137 -581.736961 -580.781659 -579.760110 -581.490067 -570.218328 -546.328441 -518.809311 -506.865585 -446.297234 -348.544131 -195.082203 -163.354010 -137.665366 -99.018643 -52.190723 -14.401270 8.949160 41.142502 64.487351 58.668738 56.174334 54.451548 45.502161 38.374207 28.473128 36.541229 35.311695 20.299129 8.861342 9.010565 6.075447 -17.104836 -42.058916 -53.803992 -48.413319 -27.424326 -37.529436 -57.417446 -61.312906 -41.811102 -27.065581 -35.473823 -47.203156 -32.304989 -1.682775 13.968513 30.216917 43.885034 64.004909 42.100954 9.968384 -25.143579 -38.342297 -61.257647 -169.635109 -233.404722 -286.606515 -341.239522 -382.079780 -468.065973 -521.992154 -543.885322 -558.878100 -564.180326 -567.391748 -574.000796 -575.649989 -574.204687 -575.075652 -575.172085 -574.353680 -573.723573 -9999.0 -9999.0
-9999.0 -590.884911 -587.250008 -583.118670 -577.944110 -577.349305 -557.592061 -537.672260 -530.434929 -541.251559 -480.596835 -188.804906 -128.762856 -128.671398 -77.841945 -11.567510 28.484917 49.473196 63.434031 53.407209 47.522140 49.346630 44.347975 36.227631 23.103259 15.800050 15.708221 14.354543 -1.933951 -18.654943 -33.507010 -33.567821 -46.156211 -79.392328 -109.117004 -119.313032 -137.044392 -214.341808 -259.278228 -288.514914 -300.745658 -282.026706 -292.086721 -308.577279 -311.827233 -290.340468 -257.604846 -262.146986 -254.874786 -229.988391 -185.103368 -97.097749 -78.218851 -53.625697 -21.610432 14.257608 32.609817 51.865169 58.584609 34.206916 -2.325448 -46.332607 -72.747811 -183.069008 -254.732395 -326.562423 -366.105695 -396.446208 -487.383285 -520.662043 -540.577489 -555.959129 -566.215408 -568.389339 -573.167990 -573.847390 -9999.0 -9999.0 -9999.0 -9999.0
-9999.0 -590.822271 -587.222955 -579.160504 -558.693649 -522.751367 -376.860968 -263.674253 -83.571401 -143.281150 -18.910877 49.600825 57.213485 40.455616 14.024794 10.412836 19.281130 21.230348 16.818976 8.419601 -0.904554 -3.967055 -6.064199 -13.279016 -24.315447 -38.288443 -48.582896 -57.969394 -149.749892 -185.524166 -213.030305 -230.895062 -265.331042 -336.914828 -360.193839 -377.040041 -450.592628 -467.818932 -483.661208 -507.716376 -517.021770 -522.676726 -514.937535 -517.059335 -517.834087 -512.891835 -498.940856 -485.562446 -428.945167 -382.574406 -358.575610 -321.911897 -291.869332 -247.374224 -195.470663 -91.107681 -64.369262 -38.964996 0.135855 34.978456 55.176382 47.726731 19.978915 -13.489279 -68.551305 -184.158121 -231.106062 -288.551247 -340.525596 -372.132925 -394.905005 -468.052751 -524.644248 -553.464005 -560.488766 -9999.0 -9999.0 -9999.0 -9999.0 -9999.0
-9999.0 -595.639661 -586.645633 -580.009289 -541.940593 -365.643881 -285.301222 -10.344944 39.519572 -27.783679 -145.821756 -61.662030 -29.331503 -29.522873 -53.918130 -62.790797 -69.004678 -69.853574 -57.727115 -85.049672 -164.966267 -182.993359 -185.336525 -199.547133 -223.548990 -243.890787 -259.206483 -280.087471 -326.344787 -356.086287 -398.824663 -441.423604 -511.726807 -539.083770 -551.387971 -561.550198 -570.470430 -570.275173 -567.520838 -569.953815 -572.490736 -575.175849 -571.980361 -570.534764 -569.104288 -570.883400 -570.416939 -565.942486 -558.154265 -548.978594 -533.513987 -508.405273 -464.309865 -386.156059 -365.220510 -328.927301 -289.907419 -241.106289 -166.175008 -44.624219 -18.674684 9.828064 45.297594 63.725457 26.551532 -7.878248 -59.489605 -136.234784 -238.389621 -289.390334 -314.073104 -341.035158 -374.430045 -9999.0 -9999.0 -9999.0 -9999.0 -9999.0 -9999.0 -9999.0
-9999.0 -598.686470 -588.761918 -586.996548 -574.946595 -546.264892 -480.967943 -361.226261 -194.212104 -324.747394 -337.818109 -319.790681 -296.742708 -277.969891 -298.489102 -324.155964 -340.485791 -337.090112 -335.255588 -350.416993 -367.865920 -375.299116 -376.162188 -385.633959 -429.156538 -457.063809 -472.089840 -494.719621 -517.666928 -537.969237 -560.097850 -569.420628 -575.637212 -577.731398 -579.245528 -580.838463 -583.978841 -582.256203 -580.927685 -581.284893 -582.297417 -583.083148 -580.777526 -580.010762 -579.281852 -581.452068 -579.985513 -578.692044 -575.696363 -572.585423 -567.970472 -560.793714 -550.851420 -542.824808 -536.061452 -522.712297 -495.715460 -408.611704 -349.051722 -264.699229 -190.665657 -96.102333 -48.498512 -38.913985 4.685459 12.503374 21.570398 4.021558 -153.475780 -232.637852 -254.644181 -9999.0 -9999.0 -9999.0 -9999.0 -9999.0 -9999.0 -9999.0 -9999.0 -9999.0
-9999.0 -9999.0 -600.513048 -596.313803 -592.432884 -588.722238 -583.515602 -576.350920 -570.980178 -563.398415 -551.266142 -535.920337 -524.557208 -518.698045 -526.543103 -540.633916 -548.009933 -547.444937 -549.318739 -553.067251 -559.480184 -561.881075 -563.404196 -564.609938 -567.124996 -568.164971 -568.585328 -569.460457 -571.386895 -575.624662 -579.255833 -581.648172 -584.305274 -584.147864 -584.561115 -585.504828 -584.754883 -584.933939 -584.681621 -584.836596 -584.652674 -584.249803 -583.751224 -583.065957 -583.058051 -582.884669 -582.641470 -581.877385 -580.698555 -579.148194 -576.016745 -571.247517 -567.455956 -566.509085 -568.508305 -567.817123 -564.914232 -557.664158 -530.640493 -459.190993 -368.630646 -315.535802 -245.219595 -193.627728 -153.474072 -100.928659 -43.655388 -69.859967 -238.833029 -249.871761 -9999.0 -9999.0 -9999.0 -9999.0 -9999.0 -9999.0 -9999.0 -9999.0 -9999.0 -9999.0
-9999.0 -9999.0 -9999.0 -9999.0 -601.911881 -596.297510 -591.208182 -591.711350 -588.113578 -586.061130 -584.098841 -581.648163 -579.637985 -578.235944 -580.134853 -580.660527 -581.050523 -580.724914 -581.079646 -581.609487 -581.888736 -582.180343 -582.414104 -582.831338 -582.689355 -582.320177 -582.209233 -582.905742 -582.863829 -584.254346 -584.449983 -585.211792 -585.957108 -586.826652 -586.635952 -586.754875 -586.363000 -586.772337 -586.132217 -586.550226 -586.090008 -585.892818 -585.330044 -584.407159 -584.819203 -584.282865 -584.269212 -583.553095 -583.323084 -581.436960 -578.290608 -574.538321 -571.916902 -572.038978 -575.431445 -576.765493 -577.531971 -575.385539 -571.608179 -563.002933 -537.413622 -501.524440 -406.247876 -365.849159 -342.472084 -301.331756 -238.305352 -194.751730 -9999.0 -9999.0 -9999.0 -9999.0 -9999.0 -9999.0 -9999.0 -9999.0 -9999.0 -9999.0 -9999.0 -9999.0
-9999.0 -9999.0 -9999.0 -9999.0 -9999.0 -9999.0 -599.682782 -596.983429 -597.673070 -595.829086 -594.240125 -592.944205 -590.807450 -591.217528 -590.692185 -588.961381 -589.246733 -590.058948 -591.082384 -589.541040 -588.924738 -588.743170 -590.433678 -589.959268 -589.811956 -589.144531 -589.213130 -588.917369 -590.401031 -588.695863 -587.887406 -588.206855 -588.513273 -588.184132 -588.566161 -587.461729 -587.331393 -588.209548 -588.455892 -587.210395 -586.880567 -587.082956 -586.853495 -586.018056 -584.774106 -584.615325 -585.205741 -586.027748 -584.747493 -581.808850 -578.472210 -575.454844 -573.427940 -572.709193 -575.518682 -579.234713 -581.053216 -581.298488 -579.789318 -576.846124 -569.397621 -563.860954 -558.895048 -551.677940 -543.340124 -495.624520 -9999.0 -9999.0 -9999.0 -9999.0 -9999.0 -9999.0 -9999.0 -9999.0 -9999.0 -9999.0 -9999.0 -9999.0 -9999.0 -9999.0
-9999.0 -9999.0 -9999.0 -9999.0 -9999.0 -9999.0 -9999.0 -9999.0 -9999.0 -9999.0 -9999.0 -9999.0 -9999.0 -9999.0 -9999.0 -9999.0 -9999.0 -9999.0 -9999.0 -9999.0 -9999.0 -9999.0 -9999.0 -9999.0 -9999.0 -9999.0 -9999.0 -9999.0 -9999.0 -9999.0 -9999.0 -9999.0 -9999.0 -9999.0 -9999.0 -9999.0 -9999.0 -9999.0 -9999.0 -9999.0 -9999.0 -9999.0 -9999.0 -9999.0 -9999.0 -9999.0 -9999.0 -9999.0 -9999.0 -9999.0 -9999.0 -9999.0 -9999.0 -9999.0 -9999.0 -9999.0 -9999.0 -9999.0 -9999.0 -9999.0 -9999.0 -9999.0 -9999.0 -9999.0 -9999.0 -9999.0 -9999.0 -9999.0 -9999.0 -9999.0 -9999.0 -9999.0 -9999.0 -9999.0 -9999.0 -9999.0 -9999.0 -9999.0 -9999.0 -9999.0
-9999.0 -9999.0 -9999.0 -9999.0 -9999.0 -9999.0 -9999.0 -9999.0 -9999.0 -9999.0 -9999.0 -9999.0 -9999.0 -9999.0 -9999.0 -9999.0 -9999.0 -9999.0 -9999.0 -9999.0 -9999.0 -9999.0 -9999.0 -9999.0 -9999.0 -9999.0 -9999.0 -9999.0 -9999.0 -9999.0 -9999.0 -9999.0 -9999.0 -9999.0 -9999.0 -9999.0 -9999.0 -9999.0 -9999.0 -9999.0 -9999.0 -9999.0 -9999.0 -9999.0 -9999.0 -9999.0 -9999.0 -9999.0 -9999.0 -9999.0 -9999.0 -9999.0 -9999.0 -9999.0 -9999.0 -9999.0 -9999.0 -9999.0 -9999.0 -9999.0 -9999.0 -9999.0 -9999.0 -9999.0 -9999.0 -9999.0 -9999.0 -9999.0 -9999.0 -9999.0 -9999.0 -9999.0 -9999.0 -9999.0 -9999.0 -9999.0 -9999.0 -9999.0 -9999.0 -9999.0