Borden_/Borden1m_014/output_maps/psiliqL0016N0021.asc
ncols         80
nrows         18
xllcorner     620200.000000
yllcorner     5168000.000000
cellsize      1.000000
NODATA_value  -9999.0
-9999.0 -9999.0 -9999.0 -9999.0 -9999.0 -9999.0 -9999.0 -9999.0 -9999.0 -9999.0 -9999.0 -9999.0 -9999.0 -9999.0 -9999.0 -9999.0 -9999.0 -9999.0 -9999.0 -9999.0 -9999.0 -9999.0 -9999.0 -9999.0 -9999.0 -9999.0 -9999.0 -9999.0 -9999.0 -9999.0 -9999.0 -9999.0 -9999.0 -9999.0 -9999.0 -9999.0 -9999.0 -9999.0 -9999.0 -9999.0 -9999.0 -9999.0 -9999.0 -9999.0 -9999.0 -9999.0 -9999.0 -9999.0 -9999.0 -9999.0 -9999.0 -9999.0 -9999.0 -9999.0 -9999.0 -9999.0 -9999.0 -9999.0 -9999.0 -9999.0 -9999.0 -9999.0 -9999.0 -9999.0 -9999.0 -9999.0 -9999.0 -9999.0 -9999.0 -9999.0 -9999.0 -9999.0 -9999.0 -9999.0 -9999.0 -9999.0 -9999.0 -9999.0 -9999.0 -9999.0
-9999.0 -9999.0 -9999.0 -9999.0 -9999.0 -9999.0 -9999.0 -9999.0 -9999.0 -9999.0 -9999.0 -9999.0 -9999.0 -9999.0 -9999.0 -9999.0 -9999.0 -9999.0 -9999.0 -9999.0 -9999.0 -9999.0 -9999.0 -9999.0 -9999.0 -9999.0 -9999.0 -9999.0 -9999.0 -9999.0 -9999.0 -9999.0 -9999.0 -9999.0 -9999.0 -9999.0 -9999.0 -9999.0 -9999.0 -9999.0 -9999.0 -9999.0 -9999.0 -9999.0 -9999.0 -9999.0 -9999.0 -9999.0 -9999.0 -9999.0 -9999.0 -9999.0 -9999.0 -9999.0 -9999.0 -9999.0 -9999.0 -9999.0 -9999.0 -9999.0 -9999.0 -9999.0 -9999.0 -9999.0 -9999.0 -9999.0 -9999.0 -9999.0 -9999.0 -9999.0 -9999.0 -9999.0 -9999.0 -9999.0 -9999.0 -9999.0 -9999.0 -9999.0 -9999.0 -9999.0
-9999.0 -9999.0 -9999.0 -9999.0 -9999.0 -9999.0 -9999.0 -9999.0 -9999.0 -9999.0 -9999.0 -9999.0 -9999.0 -9999.0 -9999.0 -9999.0 -9999.0 -9999.0 -9999.0 -9999.0 1349.391772 1352.224050 1331.175482 1298.661583 1272.064486 1275.714502 1311.583130 1354.376676 1394.709643 1406.086106 1389.841381 1394.215338 1391.034139 1390.211818 1392.954792 1400.437824 1405.456286 1416.614896 1425.057373 1424.771313 1419.056994 1414.539651 1415.627072 1418.534087 1423.842050 1411.809927 1425.292051 1439.720368 1443.815142 1437.880669 1410.063471 1393.506133 1382.736806 1365.138426 1387.956495 1397.849824 1418.841260 1421.331822 1418.086540 1389.983626 1359.209678 -9999.0 -9999.0 -9999.0 -9999.0 -9999.0 -9999.0 -9999.0 -9999.0 -9999.0 -9999.0 -9999.0 -9999.0 -9999.0 -9999.0 -9999.0 -9999.0 -9999.0 -9999.0 -9999.0
-9999.0 -9999.0 -9999.0 -9999.0 -9999.0 -9999.0 -9999.0 -9999.0 -9999.0 -9999.0 -9999.0 -9999.0 -9999.0 -9999.0 1255.352944 1246.765875 1245.232637 1254.831469 1289.541267 1320.775855 1333.157540 1326.737956 1328.143153 1305.969480 1286.684090 1302.153221 1333.602625 1366.883976 1403.280092 1425.187570 1416.087732 1415.755603 1426.511991 1451.748908 1464.279520 1461.848804 1442.819398 1466.545944 1482.048485 1490.248857 1490.133395 1482.184062 1494.786011 1510.267402 1503.137001 1485.756978 1491.160707 1502.751972 1513.735007 1499.878280 1436.022864 1416.239749 1409.759362 1401.054513 1384.991026 1377.139207 1401.113818 1399.199184 1389.333257 1370.000239 1336.112458 1291.177493 1271.511403 1309.178590 1351.631970 1407.614860 -9999.0 -9999.0 -9999.0 -9999.0 -9999.0 -9999.0 -9999.0 -9999.0 -9999.0 -9999.0 -9999.0 -9999.0 -9999.0 -9999.0
-9999.0 -9999.0 -9999.0 -9999.0 -9999.0 -9999.0 -9999.0 -9999.0 -9999.0 1194.455803 1199.930137 1208.241439 1211.854086 1228.680458 1227.149901 1235.570432 1243.668800 1272.344837 1304.773408 1341.042134 1370.735168 1363.291459 1365.399430 1376.618593 1380.754750 1394.050490 1417.470616 1459.531948 1500.423581 1543.247874 1516.785886 1516.618916 1537.339198 1584.145264 1615.569265 1621.843978 1603.526516 1613.343015 1638.116383 1659.506258 1659.468613 1657.444718 1682.896346 1697.170600 1696.825437 1675.799599 1664.200922 1664.779206 1689.713370 1637.880339 1571.264992 1521.474438 1524.568186 1493.200382 1455.047271 1434.423256 1430.116879 1448.274672 1431.421653 1392.620449 1355.117453 1342.437338 1323.443759 1339.409259 1360.042806 1404.674198 1442.226530 1469.371840 1467.498804 1449.068163 -9999.0 -9999.0 -9999.0 -9999.0 -9999.0 -9999.0 -9999.0 -9999.0 -9999.0 -9999.0
-9999.0 -9999.0 -9999.0 -9999.0 -9999.0 -9999.0 1114.283826 1124.724246 1146.058537 1151.298873 1177.962005 1186.327350 1208.181869 1228.811992 1252.169448 1269.947372 1301.173409 1335.756251 1378.089997 1422.427388 1455.784088 1451.805329 1464.160905 1495.980973 1535.869885 1565.424976 1592.004252 1633.790722 1712.126405 1756.931317 1765.376510 1772.428282 1783.922716 1833.295521 1896.957516 1911.244847 1890.244637 1875.281798 1895.462294 1931.776450 1937.495995 1939.466061 1950.983739 1960.898177 1986.428596 1975.916641 1935.697665 1921.961515 1920.608268 1903.072591 1840.881271 1777.268262 1742.192586 1689.554803 1604.872121 1550.589019 1557.656218 1574.335600 1542.893355 1486.625465 1444.420674 1432.152085 1415.180463 1400.335706 1405.124327 1422.534247 1442.868477 1452.323331 1437.562675 1414.867589 1390.921571 1360.929198 1361.710211 1386.033098 -9999.0 -9999.0 -9999.0 -9999.0 -9999.0 -9999.0
-9999.0 -9999.0 -9999.0 -9999.0 1063.242670 1076.928091 1065.310112 1091.689163 1125.524290 1160.950195 1193.682048 1231.461180 1260.092849 1292.125485 1333.961182 1369.064996 1412.058947 1449.753470 1506.692044 1576.751457 1629.249593 1654.145474 1671.847074 1732.982047 1796.800882 1850.361545 1872.375915 1901.091379 1946.997180 2009.194186 2038.128941 2046.306121 2065.023427 2101.642513 2149.866794 2183.198513 2165.844242 2157.010812 2162.853249 2174.635942 2198.604685 2200.536353 2202.812119 2205.584029 2210.236149 2208.617455 2183.493103 2149.906830 2135.678888 2125.930872 2095.109146 2024.980873 1983.830761 1951.405859 1915.296527 1862.661998 1799.922832 1783.755418 1723.458269 1663.127842 1599.954509 1577.364634 1544.909215 1517.195573 1486.480284 1486.304910 1487.543884 1464.884827 1430.341236 1396.146138 1379.420344 1359.093146 1346.584452 1375.464897 1391.968833 1421.409572 -9999.0 -9999.0 -9999.0 -9999.0
-9999.0 -9999.0 1002.535178 1051.405974 1109.380980 1119.095312 1120.084234 1127.143373 1157.018276 1210.572711 1286.099315 1336.473222 1379.228930 1415.634318 1477.706013 1557.563396 1630.735038 1682.163056 1746.048286 1818.967383 1882.608580 1917.176366 1936.199642 1977.655091 2033.541737 2097.036003 2124.588508 2151.746999 2184.338057 2219.828623 2230.288989 2244.851274 2254.316241 2258.671971 2265.492292 2267.475404 2261.769038 2254.768594 2234.913896 2230.132867 2236.950925 2242.814937 2244.196796 2230.891796 2227.045061 2240.713739 2245.019596 2244.367238 2244.119956 2251.446039 2254.062154 2213.568618 2177.322313 2160.473002 2148.911978 2103.953114 2038.751120 1996.503090 1971.460138 1926.896949 1848.973881 1797.485980 1745.177565 1694.688355 1640.812789 1608.554081 1560.058546 1515.505565 1466.702060 1418.268303 1392.685188 1372.882578 1368.650065 1366.782953 1381.582757 1395.712417 1410.135752 1417.433911 -9999.0 -9999.0
-9999.0 898.176858 970.783986 1097.205469 1178.202547 1223.459075 1254.289678 1276.750395 1306.904969 1335.784554 1440.054271 1525.838140 1617.606331 1658.276195 1712.095113 1811.653129 1907.868953 1956.247258 1997.470936 2056.669397 2118.814425 2167.788999 2197.776448 2206.850929 2242.390216 2257.983994 2261.867374 2265.914726 2263.153812 2255.924816 2247.785404 2254.036375 2250.238837 2231.149069 2214.819220 2210.921578 2203.743930 2176.911049 2145.845772 2129.185466 2130.680205 2153.622243 2141.382050 2120.856320 2117.331327 2139.022834 2159.893300 2152.778410 2142.869150 2162.613167 2198.337780 2221.262016 2230.717883 2247.556697 2268.315412 2242.464306 2214.596754 2171.869222 2151.056533 2121.256309 2062.541044 2001.113342 1945.430211 1884.087720 1817.160542 1748.607156 1683.706616 1620.480466 1552.256771 1508.692559 1475.252988 1423.124264 1400.317102 1399.958798 1389.418895 1384.986789 1389.658580 1395.356308 -9999.0 -9999.0
-9999.0 815.775629 958.108675 1142.522430 1291.607808 1350.219062 1449.427188 1527.263948 1555.489218 1526.476906 1635.409362 1854.963983 1960.984742 1981.534966 2056.663573 2147.946227 2165.384926 2199.649399 2224.038270 2237.787294 2248.925597 2260.476141 2259.919521 2255.082175 2240.609373 2232.528255 2230.623910 2227.030139 2208.665066 2188.568462 2169.823088 2164.117355 2144.074766 2098.687912 2064.988621 2046.370618 2027.561320 2005.083827 1969.995785 1941.088134 1924.711475 1939.203430 1932.998639 1916.839938 1913.440918 1935.902360 1969.455123 1968.319627 1980.015575 2004.313284 2045.221494 2085.776385 2109.450320 2140.936468 2178.989149 2224.550811 2240.022851 2262.035319 2266.159095 2248.007304 2203.229188 2150.129722 2114.929391 2051.828713 1979.402651 1901.210723 1836.344910 1773.555634 1702.226269 1653.232145 1603.422838 1542.768051 1486.115758 1461.027060 1419.567729 1398.693153 -9999.0 -9999.0 -9999.0 -9999.0
-9999.0 733.973774 921.223411 1177.725241 1457.009835 1565.670199 1771.832157 1899.909797 1956.532113 2025.315191 1993.638436 2148.332458 2190.561249 2188.686699 2192.074321 2198.773388 2216.450760 2221.590027 2219.931967 2211.800214 2204.223237 2200.796301 2199.415747 2191.197110 2177.607799 2161.026935 2145.875091 2131.335704 2092.260546 2057.934848 2020.037429 2003.047155 1961.435857 1869.248690 1826.293446 1788.762316 1729.298371 1720.969753 1713.487525 1683.268388 1662.382983 1640.422869 1662.956826 1668.325977 1671.442826 1674.964428 1692.952425 1720.130445 1768.341495 1807.499915 1853.063673 1906.411135 1942.906285 1988.137454 2035.223213 2091.892835 2126.078425 2158.634683 2207.642706 2247.477180 2271.170367 2259.700843 2232.736088 2185.718459 2114.729601 2049.035652 2000.850359 1929.416472 1864.926575 1810.190622 1760.361033 1703.655373 1633.670278 1550.375450 1506.493657 -9999.0 -9999.0 -9999.0 -9999.0 -9999.0
-9999.0 549.123805 816.421945 1102.096491 1412.461509 1743.840600 1883.676140 2009.885502 2082.007754 2051.188613 2060.126475 2080.108927 2122.664611 2132.922676 2115.730163 2108.975337 2099.097270 2100.761643 2115.245070 2090.546315 2062.199719 2048.915270 2047.728020 2034.446728 2008.912357 1989.778645 1975.620281 1953.392717 1904.564963 1852.826811 1769.946624 1736.869572 1658.260170 1602.815741 1558.778668 1508.728128 1457.143831 1454.707400 1470.817847 1455.174339 1432.212688 1413.526622 1440.305442 1458.609450 1471.394060 1460.409008 1470.599297 1508.118354 1559.351825 1604.938223 1655.858116 1711.897451 1760.630553 1810.499387 1843.634682 1894.527562 1943.888746 1992.761712 2068.098660 2148.396108 2187.108150 2223.047824 2255.889128 2271.666255 2220.116849 2171.846348 2122.240598 2064.337994 1985.675944 1938.041648 1907.431306 1856.754139 1796.614501 -9999.0 -9999.0 -9999.0 -9999.0 -9999.0 -9999.0 -9999.0
-9999.0 424.390888 640.350258 865.833490 1147.077209 1385.300928 1584.885620 1693.803902 1773.231468 1812.769045 1849.708855 1884.542077 1915.462196 1939.399506 1920.082150 1882.602632 1855.747983 1861.391786 1857.986244 1835.631587 1807.125685 1792.300904 1788.808099 1780.133175 1753.426823 1736.614127 1723.590107 1698.909698 1664.414519 1608.333233 1529.113270 1455.548606 1393.960624 1362.414009 1332.909165 1300.194759 1264.526889 1273.925656 1285.587918 1281.626138 1270.954051 1268.030513 1297.114097 1316.320593 1326.709533 1315.719868 1335.602502 1363.012305 1405.391885 1449.315678 1499.167062 1555.240550 1610.320316 1640.957338 1655.854615 1682.463063 1724.091392 1780.917607 1868.889161 1965.027195 2044.612973 2095.101429 2147.735092 2183.547421 2198.882156 2211.493514 2190.822440 2117.112347 2013.596198 2005.864742 1996.949881 -9999.0 -9999.0 -9999.0 -9999.0 -9999.0 -9999.0 -9999.0 -9999.0 -9999.0
-9999.0 -9999.0 407.771217 583.020142 717.740876 896.622000 1047.214283 1158.253457 1248.509907 1363.803402 1469.536438 1553.320659 1597.495509 1615.400132 1602.313507 1570.827609 1551.015165 1551.910611 1542.435453 1532.491450 1513.019732 1504.907992 1492.974223 1483.457938 1471.979424 1464.894588 1457.994932 1445.253500 1422.408523 1375.421590 1327.116174 1275.687189 1222.230318 1196.457034 1174.385359 1152.701912 1151.096013 1146.721337 1151.931858 1153.147325 1159.861988 1172.369684 1192.429212 1214.513019 1224.455650 1233.598125 1246.475768 1270.669372 1304.267856 1347.063967 1401.493981 1459.770306 1500.376131 1514.089026 1505.491669 1511.753543 1533.787712 1578.378934 1661.049949 1747.606381 1845.165432 1918.496297 1992.408550 2047.254853 2066.351498 2084.949107 2106.165469 2057.178827 1866.659148 1958.620432 -9999.0 -9999.0 -9999.0 -9999.0 -9999.0 -9999.0 -9999.0 -9999.0 -9999.0 -9999.0
-9999.0 -9999.0 -9999.0 -9999.0 442.082114 596.696431 693.995202 777.640115 906.595484 1026.659690 1126.240250 1208.607527 1269.848448 1296.156503 1292.171579 1297.943896 1293.991150 1288.481934 1279.226583 1278.364144 1277.162132 1269.464060 1254.806264 1246.629810 1246.481659 1250.300003 1246.770846 1232.271924 1213.943779 1191.015782 1170.411852 1135.830138 1099.633418 1070.202321 1056.809784 1050.857726 1050.398708 1043.309973 1051.838136 1058.963023 1074.041731 1089.211979 1112.968993 1141.974775 1155.786605 1170.688281 1180.653218 1201.456355 1232.167198 1285.872542 1349.600052 1407.745774 1444.038843 1449.066273 1425.131814 1410.560830 1408.090000 1437.409217 1484.009629 1553.348101 1657.052546 1733.114268 1794.628762 1842.879543 1878.140860 1928.008316 1987.788849 2027.362671 -9999.0 -9999.0 -9999.0 -9999.0 -9999.0 -9999.0 -9999.0 -9999.0 -9999.0 -9999.0 -9999.0 -9999.0
-9999.0 -9999.0 -9999.0 -9999.0 -9999.0 -9999.0 400.894554 502.277495 582.860468 720.241038 849.213607 949.324412 1028.799099 1060.048572 1086.048426 1112.872693 1111.326246 1093.453431 1074.857563 1093.568274 1107.069071 1101.036744 1070.838199 1069.818723 1073.898777 1081.533313 1078.760041 1071.810581 1046.323712 1057.274440 1057.562786 1034.065978 1007.795461 993.695755 981.692899 991.156838 991.262644 977.590540 978.158463 1004.770954 1024.903605 1038.025537 1059.881849 1093.122874 1125.519402 1140.784764 1142.293235 1148.612519 1188.932344 1259.399898 1331.238102 1386.831945 1419.578939 1428.111885 1401.455553 1362.090939 1342.496730 1350.609186 1386.569601 1440.713838 1518.321613 1569.989340 1599.387387 1616.332908 1637.811629 1730.664224 -9999.0 -9999.0 -9999.0 -9999.0 -9999.0 -9999.0 -9999.0 -9999.0 -9999.0 -9999.0 -9999.0 -9999.0 -9999.0 -9999.0
-9999.0 -9999.0 -9999.0 -9999.0 -9999.0 -9999.0 -9999.0 -9999.0 -9999.0 -9999.0 -9999.0 -9999.0 -9999.0 -9999.0 -9999.0 -9999.0 -9999.0 -9999.0 -9999.0 -9999.0 -9999.0 -9999.0 -9999.0 -9999.0 -9999.0 -9999.0 -9999.0 -9999.0 -9999.0 -9999.0 -9999.0 -9999.0 -9999.0 -9999.0 -9999.0 -9999.0 -9999.0 -9999.0 -9999.0 -9999.0 -9999.0 -9999.0 -9999.0 -9999.0 -9999.0 -9999.0 -9999.0 -9999.0 -9999.0 -9999.0 -9999.0 -9999.0 -9999.0 -9999.0 -9999.0 -9999.0 -9999.0 -9999.0 -9999.0 -9999.0 -9999.0 -9999.0 -9999.0 -9999.0 -9999.0 -9999.0 -9999.0 -9999.0 -9999.0 -9999.0 -9999.0 -9999.0 -9999.0 -9999.0 -9999.0 -9999.0 -9999.0 -9999.0 -9999.0 -9999.0
-9999.0 -9999.0 -9999.0 -9999.0 -9999.0 -9999.0 -9999.0 -9999.0 -9999.0 -9999.0 -9999.0 -9999.0 -9999.0 -9999.0 -9999.0 -9999.0 -9999.0 -9999.0 -9999.0 -9999.0 -9999.0 -9999.0 -9999.0 -9999.0 -9999.0 -9999.0 -9999.0 -9999.0 -9999.0 -9999.0 -9999.0 -9999.0 -9999.0 -9999.0 -9999.0 -9999.0 -9999.0 -9999.0 -9999.0 -9999.0 -9999.0 -9999.0 -9999.0 -9999.0 -9999.0 -9999.0 -9999.0 -9999.0 -9999.0 -9999.0 -9999.0 -9999.0 -9999.0 -9999.0 -9999.0 -9999.0 -9999.0 -9999.0 -9999.0 -9999.0 -9999.0 -9999.0 -9999.0 -9999.0 -9999.0 -9999.0 -9999.0 -9999.0 -9999.0 -9999.0 -9999.0 -9999.0 -9999.0 -9999.0 -9999.0 -9999.0 -9999.0 -9999.0 -9999.0 -9999.0