Borden_/Borden1m_014/output_maps/psiliqL0002N0035.asc
ncols         80
nrows         18
xllcorner     620200.000000
yllcorner     5168000.000000
cellsize      1.000000
NODATA_value  -9999.0
-9999.0 -9999.0 -9999.0 -9999.0 -9999.0 -9999.0 -9999.0 -9999.0 -9999.0 -9999.0 -9999.0 -9999.0 -9999.0 -9999.0 -9999.0 -9999.0 -9999.0 -9999.0 -9999.0 -9999.0 -9999.0 -9999.0 -9999.0 -9999.0 -9999.0 -9999.0 -9999.0 -9999.0 -9999.0 -9999.0 -9999.0 -9999.0 -9999.0 -9999.0 -9999.0 -9999.0 -9999.0 -9999.0 -9999.0 -9999.0 -9999.0 -9999.0 -9999.0 -9999.0 -9999.0 -9999.0 -9999.0 -9999.0 -9999.0 -9999.0 -9999.0 -9999.0 -9999.0 -9999.0 -9999.0 -9999.0 -9999.0 -9999.0 -9999.0 -9999.0 -9999.0 -9999.0 -9999.0 -9999.0 -9999.0 -9999.0 -9999.0 -9999.0 -9999.0 -9999.0 -9999.0 -9999.0 -9999.0 -9999.0 -9999.0 -9999.0 -9999.0 -9999.0 -9999.0 -9999.0
-9999.0 -9999.0 -9999.0 -9999.0 -9999.0 -9999.0 -9999.0 -9999.0 -9999.0 -9999.0 -9999.0 -9999.0 -9999.0 -9999.0 -9999.0 -9999.0 -9999.0 -9999.0 -9999.0 -9999.0 -9999.0 -9999.0 -9999.0 -9999.0 -9999.0 -9999.0 -9999.0 -9999.0 -9999.0 -9999.0 -9999.0 -9999.0 -9999.0 -9999.0 -9999.0 -9999.0 -9999.0 -9999.0 -9999.0 -9999.0 -9999.0 -9999.0 -9999.0 -9999.0 -9999.0 -9999.0 -9999.0 -9999.0 -9999.0 -9999.0 -9999.0 -9999.0 -9999.0 -9999.0 -9999.0 -9999.0 -9999.0 -9999.0 -9999.0 -9999.0 -9999.0 -9999.0 -9999.0 -9999.0 -9999.0 -9999.0 -9999.0 -9999.0 -9999.0 -9999.0 -9999.0 -9999.0 -9999.0 -9999.0 -9999.0 -9999.0 -9999.0 -9999.0 -9999.0 -9999.0
-9999.0 -9999.0 -9999.0 -9999.0 -9999.0 -9999.0 -9999.0 -9999.0 -9999.0 -9999.0 -9999.0 -9999.0 -9999.0 -9999.0 -9999.0 -9999.0 -9999.0 -9999.0 -9999.0 -9999.0 -599.837800 -598.911051 -601.043298 -603.477761 -605.492228 -605.717480 -603.439593 -600.748286 -597.646699 -596.967378 -599.391280 -598.849786 -599.790157 -600.266998 -600.268172 -599.604078 -599.301457 -598.283436 -597.616543 -597.874333 -598.619314 -599.168504 -599.653248 -599.462950 -598.647764 -599.749697 -598.083546 -596.391130 -595.757706 -595.841757 -598.218073 -599.237210 -599.615080 -601.465658 -598.103547 -597.032462 -594.414168 -594.119403 -593.692171 -596.644031 -599.517920 -9999.0 -9999.0 -9999.0 -9999.0 -9999.0 -9999.0 -9999.0 -9999.0 -9999.0 -9999.0 -9999.0 -9999.0 -9999.0 -9999.0 -9999.0 -9999.0 -9999.0 -9999.0 -9999.0
-9999.0 -9999.0 -9999.0 -9999.0 -9999.0 -9999.0 -9999.0 -9999.0 -9999.0 -9999.0 -9999.0 -9999.0 -9999.0 -9999.0 -603.994574 -605.096916 -605.600858 -605.866350 -603.824280 -602.177309 -602.028651 -603.178739 -602.297153 -604.561300 -606.527962 -605.322065 -603.541672 -601.989755 -599.483496 -597.551951 -599.284081 -599.707406 -598.731420 -595.326587 -593.726234 -594.398774 -598.257354 -594.636852 -592.659817 -591.351853 -591.514216 -593.280485 -590.719430 -587.730915 -589.210788 -592.358908 -591.772856 -590.012137 -587.069526 -588.797920 -598.520911 -599.694143 -599.267045 -599.159646 -600.442488 -601.350125 -597.945430 -598.359978 -598.963309 -599.701738 -601.806922 -605.064696 -606.475117 -603.170592 -600.048088 -593.685325 -9999.0 -9999.0 -9999.0 -9999.0 -9999.0 -9999.0 -9999.0 -9999.0 -9999.0 -9999.0 -9999.0 -9999.0 -9999.0 -9999.0
-9999.0 -9999.0 -9999.0 -9999.0 -9999.0 -9999.0 -9999.0 -9999.0 -9999.0 -605.938921 -606.229283 -605.919793 -606.609474 -605.641245 -607.172226 -606.793830 -607.018865 -605.634101 -604.425571 -602.392537 -599.743399 -601.621634 -601.851993 -600.443834 -600.156847 -599.516294 -598.223694 -593.678538 -588.207874 -579.714976 -586.672976 -586.961887 -583.051342 -568.400088 -553.680711 -548.554758 -556.910234 -556.943878 -546.587557 -532.665028 -531.439867 -532.508532 -515.769499 -504.612793 -496.956021 -513.731806 -530.309177 -532.830277 -513.955150 -545.807567 -568.607484 -584.632367 -583.867651 -589.373493 -595.238599 -597.456987 -598.200559 -594.236028 -595.837297 -599.592473 -602.612046 -601.825474 -603.440958 -601.861484 -600.629358 -595.776691 -591.274651 -586.869762 -586.647473 -589.440030 -9999.0 -9999.0 -9999.0 -9999.0 -9999.0 -9999.0 -9999.0 -9999.0 -9999.0 -9999.0
-9999.0 -9999.0 -9999.0 -9999.0 -9999.0 -9999.0 -607.983892 -608.100459 -607.478195 -609.316306 -607.955407 -608.841640 -607.809682 -607.314868 -606.612948 -606.499755 -604.699197 -603.059369 -600.259526 -596.470168 -592.902288 -594.586705 -593.615881 -588.363496 -577.909050 -567.738136 -560.860587 -547.205239 -490.827496 -434.770107 -412.021590 -401.706849 -390.274104 -358.772365 -304.144217 -285.488610 -306.296716 -322.358955 -303.847050 -259.395316 -177.755503 -176.209950 -170.587160 -163.817066 -137.568285 -142.234689 -252.591367 -283.802642 -294.903618 -305.473105 -350.119007 -396.218754 -451.960684 -508.126625 -554.337709 -573.157848 -576.160330 -573.312591 -580.663548 -589.919446 -595.321400 -595.480497 -596.561522 -598.434835 -597.595543 -595.598765 -592.502443 -590.576074 -592.076191 -594.146636 -595.778211 -598.936091 -598.466767 -595.412190 -9999.0 -9999.0 -9999.0 -9999.0 -9999.0 -9999.0
-9999.0 -9999.0 -9999.0 -9999.0 -610.944203 -610.072936 -612.636622 -611.172635 -609.996569 -609.080250 -608.971771 -607.317186 -606.780305 -605.548643 -602.939208 -600.741664 -596.928008 -593.908791 -585.609882 -567.704992 -548.003670 -533.572437 -522.002621 -452.061870 -386.534664 -346.368709 -330.461584 -304.259077 -254.901402 -131.003796 -133.777274 -97.064581 -114.452904 -57.582491 -15.679652 10.353762 -39.177035 -7.646833 -7.347070 0.652481 23.851016 24.303368 25.332089 25.250311 27.280829 29.112095 10.108672 -21.054195 -30.727385 -75.394002 -54.717656 -115.599270 -223.136456 -261.393020 -286.959953 -328.963599 -386.040722 -411.069710 -480.606716 -530.174447 -561.895539 -571.290215 -579.906405 -584.367186 -589.873070 -589.020010 -587.643309 -590.425375 -594.001903 -597.338266 -597.858079 -599.310565 -600.809283 -596.942248 -595.461979 -591.111429 -9999.0 -9999.0 -9999.0 -9999.0
-9999.0 -9999.0 -611.175783 -611.011732 -608.589085 -609.994777 -610.807843 -612.016514 -611.455007 -609.064939 -604.376750 -602.106094 -598.675092 -596.737138 -588.713980 -567.615446 -536.484811 -501.826152 -428.383532 -372.171201 -320.628780 -277.402690 -197.734072 -167.796896 -107.231396 -98.472888 -39.279775 -55.099730 2.470161 28.906829 53.666822 70.362414 76.621054 66.904305 69.793678 64.712994 63.322780 61.334655 43.323882 41.932689 49.004031 50.520240 54.632552 42.031835 38.442766 50.996290 53.166074 52.804038 56.465213 62.522705 75.292337 45.539628 -6.391949 -17.924474 -18.431902 -57.258225 -121.248995 -219.027412 -247.843894 -288.471373 -361.108621 -401.460996 -458.972779 -518.882654 -552.314777 -565.293418 -577.274910 -584.420602 -590.743532 -596.331097 -598.090099 -599.169591 -598.503847 -598.979388 -596.900455 -595.257848 -592.894426 -591.961304 -9999.0 -9999.0
-9999.0 -611.925028 -612.617672 -608.258317 -607.331364 -606.288214 -604.829039 -603.573930 -602.292547 -603.852956 -590.771838 -562.524404 -526.778280 -507.218337 -440.870063 -346.178102 -186.266287 -153.068940 -126.724573 -123.457104 -40.675615 -13.966841 19.726098 51.162435 76.606623 67.895813 67.785576 66.121380 56.061950 50.346945 39.651039 47.155888 45.812116 31.824080 20.806333 19.926708 18.348374 -5.460514 -65.154824 -43.142007 -38.227106 -52.704452 -26.876262 -47.120033 -50.816835 -31.156960 -15.994353 -25.745255 -35.821680 -51.887424 9.644551 25.025753 41.851762 54.364701 76.221624 53.072934 21.124847 -14.413394 -26.828828 -51.462531 -161.909796 -228.037265 -281.264574 -344.148776 -396.065496 -465.339168 -529.987389 -558.666281 -576.836950 -583.389441 -587.412509 -595.094933 -597.157026 -595.686783 -596.695433 -596.819892 -595.881531 -595.134046 -9999.0 -9999.0
-9999.0 -615.710260 -611.820548 -606.982699 -600.616109 -599.137271 -576.978025 -553.537362 -542.744284 -555.912890 -473.708794 -180.568617 -118.506202 -119.216607 -69.059832 -1.758784 38.743509 60.693212 75.313154 62.908715 60.426009 60.132143 55.151848 48.903826 34.222041 27.001438 26.760306 25.037833 7.634663 -7.204286 -23.151040 -55.012560 -36.561810 -69.015126 -103.253588 -120.695414 -166.311555 -207.923767 -246.380542 -273.141522 -285.348392 -264.625126 -275.857393 -295.286243 -299.085313 -274.632234 -241.540777 -248.536259 -244.589916 -222.203744 -176.430729 -88.226576 -67.232069 -43.658931 -9.829390 25.834334 43.244522 63.085807 70.548287 45.077654 8.984985 -35.813118 -63.428977 -176.847586 -252.756787 -331.356802 -380.373931 -417.121542 -486.791992 -529.863835 -555.365118 -573.596268 -585.739042 -588.622258 -594.201031 -595.298434 -9999.0 -9999.0 -9999.0 -9999.0
-9999.0 -615.765926 -611.858449 -602.603852 -578.267282 -535.443693 -389.508126 -257.717447 -90.738030 -132.463252 -10.667822 59.387669 68.448473 50.797138 24.756225 21.235733 30.610945 32.387889 28.796453 19.854725 11.307598 -23.735440 3.604229 -1.038671 -13.955903 -28.305923 -38.898956 -49.555226 -139.272113 -176.758762 -205.210943 -220.183870 -252.534983 -335.654819 -368.463599 -388.958720 -444.070916 -461.761648 -479.631633 -510.570412 -524.379910 -532.361597 -521.752846 -524.337244 -525.187101 -518.058936 -498.413963 -480.556738 -430.912568 -397.191031 -366.073736 -317.800041 -284.292616 -240.551352 -187.347826 -81.741632 -86.433707 -28.396200 11.622172 46.200575 67.099109 58.851373 30.728486 -2.096926 -58.666322 -182.516571 -237.635204 -308.628674 -361.093423 -394.387896 -418.785806 -470.312466 -535.342972 -570.966396 -579.377869 -9999.0 -9999.0 -9999.0 -9999.0 -9999.0
-9999.0 -620.767268 -611.505381 -603.778336 -560.165012 -374.357328 -284.042225 -17.961824 34.928820 -33.988457 -137.114481 -52.329601 -18.516745 -19.652543 -44.987016 -56.867817 -58.934723 -59.877875 -47.246157 -85.431074 -160.635967 -179.350385 -180.937568 -192.826602 -214.796345 -233.317307 -247.578134 -268.749342 -322.272856 -362.570019 -412.595838 -441.075374 -516.630092 -554.238502 -569.096058 -580.686435 -590.879786 -590.748618 -587.702437 -590.540226 -593.528221 -596.541420 -592.893675 -591.156856 -589.515370 -591.473928 -590.790628 -585.489857 -576.135912 -565.245167 -546.215709 -510.410569 -459.038125 -400.959206 -374.811842 -325.737561 -280.066304 -232.717496 -156.651984 -34.290794 -7.242090 21.048720 56.594446 75.644414 37.460172 1.749043 -55.406049 -179.858772 -281.975019 -323.283842 -338.715758 -358.737481 -394.630304 -9999.0 -9999.0 -9999.0 -9999.0 -9999.0 -9999.0 -9999.0
-9999.0 -623.864605 -613.873196 -611.705633 -598.017179 -564.859881 -482.640384 -370.619302 -202.072656 -324.543762 -338.865601 -313.504437 -283.690979 -262.790626 -286.482552 -319.650756 -341.723678 -338.441226 -337.321123 -358.175333 -382.359648 -392.176236 -392.692270 -399.860675 -429.713454 -452.529210 -467.442697 -493.519917 -525.712030 -552.946341 -578.598191 -589.763639 -597.216475 -599.888172 -601.790705 -603.740324 -607.216457 -605.416902 -603.959622 -604.360426 -605.480397 -606.300808 -603.743665 -602.793932 -601.962984 -604.260728 -602.610513 -600.994356 -597.414725 -593.595402 -587.976436 -579.313098 -567.320198 -557.359386 -549.347748 -531.382521 -492.436840 -418.449538 -351.794516 -257.164600 -182.940584 -90.983596 -37.851548 -4.856638 12.836988 19.538703 27.506546 -1.263891 -254.408468 -289.102416 -291.670752 -9999.0 -9999.0 -9999.0 -9999.0 -9999.0 -9999.0 -9999.0 -9999.0 -9999.0
-9999.0 -9999.0 -625.723548 -621.444177 -617.438618 -613.280288 -607.319989 -599.400965 -592.947778 -584.237545 -570.055493 -551.446699 -536.578803 -528.509079 -538.991995 -556.638054 -565.459838 -564.916093 -567.155852 -571.488526 -578.646749 -581.171696 -582.855620 -584.215589 -587.138845 -588.391897 -588.945086 -590.086261 -592.499884 -597.526647 -601.858310 -604.777687 -607.850639 -607.864384 -608.405374 -609.463147 -608.739238 -608.923467 -608.635751 -608.782751 -608.572925 -608.110188 -607.492092 -606.674922 -606.602286 -606.383812 -606.049520 -605.100072 -603.622157 -601.630239 -597.799066 -592.072891 -587.468335 -586.259643 -588.519113 -587.701496 -584.194462 -575.298131 -542.258938 -457.052250 -376.311301 -311.997458 -241.351430 -193.369910 -173.713409 -114.563125 -42.542832 -189.756928 -340.330834 -329.057753 -9999.0 -9999.0 -9999.0 -9999.0 -9999.0 -9999.0 -9999.0 -9999.0 -9999.0 -9999.0
-9999.0 -9999.0 -9999.0 -9999.0 -627.140063 -621.428554 -616.258398 -616.629214 -612.784899 -610.359411 -607.930846 -604.941427 -602.447302 -600.795518 -602.840520 -603.468148 -603.958387 -603.668220 -604.103692 -604.688140 -605.023126 -605.377476 -605.701106 -606.174119 -606.041005 -605.647335 -605.551568 -606.340474 -606.416800 -607.978167 -608.317903 -609.256511 -610.158817 -611.130407 -610.986050 -611.124650 -610.734517 -611.158274 -610.491936 -610.882476 -610.372527 -610.117792 -609.459635 -608.413065 -608.756219 -608.149273 -608.080934 -607.245347 -606.810593 -604.503741 -600.707084 -596.183344 -592.998795 -593.087476 -596.978301 -598.602973 -599.440993 -596.891574 -592.239008 -581.770717 -551.156283 -499.995322 -416.767395 -378.565212 -352.687338 -309.692593 -269.439350 -261.525644 -9999.0 -9999.0 -9999.0 -9999.0 -9999.0 -9999.0 -9999.0 -9999.0 -9999.0 -9999.0 -9999.0 -9999.0
-9999.0 -9999.0 -9999.0 -9999.0 -9999.0 -9999.0 -624.911992 -622.155215 -622.800902 -620.810832 -619.030106 -617.529558 -615.180021 -615.497030 -614.907671 -613.096346 -613.400109 -614.276205 -615.356937 -613.760592 -613.109007 -612.947732 -614.730706 -614.262893 -614.102613 -613.403999 -613.475221 -613.202592 -614.761146 -613.037153 -612.237707 -612.627015 -613.004705 -612.714080 -613.121322 -611.999067 -611.867007 -612.769494 -613.008882 -611.703929 -611.319590 -611.478631 -611.176171 -610.223953 -608.853936 -608.629147 -609.209754 -609.993322 -608.492185 -605.074968 -601.067370 -597.364956 -594.867213 -594.058912 -597.372226 -601.666411 -603.756785 -603.953403 -602.063424 -598.370723 -589.443177 -582.553165 -576.219411 -568.134818 -557.621786 -491.812540 -9999.0 -9999.0 -9999.0 -9999.0 -9999.0 -9999.0 -9999.0 -9999.0 -9999.0 -9999.0 -9999.0 -9999.0 -9999.0 -9999.0
-9999.0 -9999.0 -9999.0 -9999.0 -9999.0 -9999.0 -9999.0 -9999.0 -9999.0 -9999.0 -9999.0 -9999.0 -9999.0 -9999.0 -9999.0 -9999.0 -9999.0 -9999.0 -9999.0 -9999.0 -9999.0 -9999.0 -9999.0 -9999.0 -9999.0 -9999.0 -9999.0 -9999.0 -9999.0 -9999.0 -9999.0 -9999.0 -9999.0 -9999.0 -9999.0 -9999.0 -9999.0 -9999.0 -9999.0 -9999.0 -9999.0 -9999.0 -9999.0 -9999.0 -9999.0 -9999.0 -9999.0 -9999.0 -9999.0 -9999.0 -9999.0 -9999.0 -9999.0 -9999.0 -9999.0 -9999.0 -9999.0 -9999.0 -9999.0 -9999.0 -9999.0 -9999.0 -9999.0 -9999.0 -9999.0 -9999.0 -9999.0 -9999.0 -9999.0 -9999.0 -9999.0 -9999.0 -9999.0 -9999.0 -9999.0 -9999.0 -9999.0 -9999.0 -9999.0 -9999.0
-9999.0 -9999.0 -9999.0 -9999.0 -9999.0 -9999.0 -9999.0 -9999.0 -9999.0 -9999.0 -9999.0 -9999.0 -9999.0 -9999.0 -9999.0 -9999.0 -9999.0 -9999.0 -9999.0 -9999.0 -9999.0 -9999.0 -9999.0 -9999.0 -9999.0 -9999.0 -9999.0 -9999.0 -9999.0 -9999.0 -9999.0 -9999.0 -9999.0 -9999.0 -9999.0 -9999.0 -9999.0 -9999.0 -9999.0 -9999.0 -9999.0 -9999.0 -9999.0 -9999.0 -9999.0 -9999.0 -9999.0 -9999.0 -9999.0 -9999.0 -9999.0 -9999.0 -9999.0 -9999.0 -9999.0 -9999.0 -9999.0 -9999.0 -9999.0 -9999.0 -9999.0 -9999.0 -9999.0 -9999.0 -9999.0 -9999.0 -9999.0 -9999.0 -9999.0 -9999.0 -9999.0 -9999.0 -9999.0 -9999.0 -9999.0 -9999.0 -9999.0 -9999.0 -9999.0 -9999.0