Borden_/Borden1m_014/output_maps/psiliqL0002N0002.asc
ncols         80
nrows         18
xllcorner     620200.000000
yllcorner     5168000.000000
cellsize      1.000000
NODATA_value  -9999.0
-9999.0 -9999.0 -9999.0 -9999.0 -9999.0 -9999.0 -9999.0 -9999.0 -9999.0 -9999.0 -9999.0 -9999.0 -9999.0 -9999.0 -9999.0 -9999.0 -9999.0 -9999.0 -9999.0 -9999.0 -9999.0 -9999.0 -9999.0 -9999.0 -9999.0 -9999.0 -9999.0 -9999.0 -9999.0 -9999.0 -9999.0 -9999.0 -9999.0 -9999.0 -9999.0 -9999.0 -9999.0 -9999.0 -9999.0 -9999.0 -9999.0 -9999.0 -9999.0 -9999.0 -9999.0 -9999.0 -9999.0 -9999.0 -9999.0 -9999.0 -9999.0 -9999.0 -9999.0 -9999.0 -9999.0 -9999.0 -9999.0 -9999.0 -9999.0 -9999.0 -9999.0 -9999.0 -9999.0 -9999.0 -9999.0 -9999.0 -9999.0 -9999.0 -9999.0 -9999.0 -9999.0 -9999.0 -9999.0 -9999.0 -9999.0 -9999.0 -9999.0 -9999.0 -9999.0 -9999.0
-9999.0 -9999.0 -9999.0 -9999.0 -9999.0 -9999.0 -9999.0 -9999.0 -9999.0 -9999.0 -9999.0 -9999.0 -9999.0 -9999.0 -9999.0 -9999.0 -9999.0 -9999.0 -9999.0 -9999.0 -9999.0 -9999.0 -9999.0 -9999.0 -9999.0 -9999.0 -9999.0 -9999.0 -9999.0 -9999.0 -9999.0 -9999.0 -9999.0 -9999.0 -9999.0 -9999.0 -9999.0 -9999.0 -9999.0 -9999.0 -9999.0 -9999.0 -9999.0 -9999.0 -9999.0 -9999.0 -9999.0 -9999.0 -9999.0 -9999.0 -9999.0 -9999.0 -9999.0 -9999.0 -9999.0 -9999.0 -9999.0 -9999.0 -9999.0 -9999.0 -9999.0 -9999.0 -9999.0 -9999.0 -9999.0 -9999.0 -9999.0 -9999.0 -9999.0 -9999.0 -9999.0 -9999.0 -9999.0 -9999.0 -9999.0 -9999.0 -9999.0 -9999.0 -9999.0 -9999.0
-9999.0 -9999.0 -9999.0 -9999.0 -9999.0 -9999.0 -9999.0 -9999.0 -9999.0 -9999.0 -9999.0 -9999.0 -9999.0 -9999.0 -9999.0 -9999.0 -9999.0 -9999.0 -9999.0 -9999.0 -711.067587 -708.744728 -715.431139 -723.642146 -730.430199 -730.905160 -723.084187 -713.715914 -703.534375 -701.139560 -708.181001 -706.877187 -709.442183 -710.563498 -710.318260 -708.296669 -707.366717 -704.043983 -701.761338 -702.351577 -704.607935 -706.386270 -707.517056 -706.743072 -704.481545 -707.807365 -702.801469 -697.545368 -695.475397 -696.193089 -704.050251 -707.745180 -709.276666 -714.682321 -704.914462 -701.340702 -693.426897 -692.286625 -691.489368 -700.396748 -709.463332 -9999.0 -9999.0 -9999.0 -9999.0 -9999.0 -9999.0 -9999.0 -9999.0 -9999.0 -9999.0 -9999.0 -9999.0 -9999.0 -9999.0 -9999.0 -9999.0 -9999.0 -9999.0 -9999.0
-9999.0 -9999.0 -9999.0 -9999.0 -9999.0 -9999.0 -9999.0 -9999.0 -9999.0 -9999.0 -9999.0 -9999.0 -9999.0 -9999.0 -726.981032 -730.316797 -731.786390 -732.048235 -724.967996 -718.992951 -717.720281 -721.038343 -718.986868 -726.139524 -732.401596 -728.514174 -722.130530 -715.976981 -707.209099 -701.001323 -706.092426 -707.346408 -704.189979 -694.143289 -689.306566 -691.015039 -701.383237 -691.345245 -685.452869 -681.751887 -682.229217 -686.759219 -679.974334 -672.270529 -675.920499 -684.124522 -682.523183 -677.576653 -670.142142 -675.230718 -702.331854 -707.015347 -706.342752 -706.701576 -710.781980 -713.337210 -703.361971 -704.079416 -706.138971 -709.420328 -716.914491 -727.949892 -732.617355 -721.808388 -710.965088 -691.659912 -9999.0 -9999.0 -9999.0 -9999.0 -9999.0 -9999.0 -9999.0 -9999.0 -9999.0 -9999.0 -9999.0 -9999.0 -9999.0 -9999.0
-9999.0 -9999.0 -9999.0 -9999.0 -9999.0 -9999.0 -9999.0 -9999.0 -9999.0 -734.636985 -735.232872 -734.131695 -735.890299 -732.661539 -736.790239 -735.473656 -735.731860 -730.701189 -725.755083 -718.338507 -709.907758 -715.072019 -715.640165 -711.443784 -710.274070 -707.775329 -702.922559 -689.018184 -673.342988 -653.181927 -669.636436 -670.776173 -662.250079 -635.906988 -613.329573 -607.332564 -619.136775 -618.695895 -603.384081 -587.285830 -588.557944 -590.085690 -574.782768 -566.886256 -561.063526 -572.800930 -585.575948 -587.546322 -569.201715 -601.823575 -637.652079 -666.334523 -662.819908 -676.598265 -693.087023 -700.165325 -701.810627 -690.980305 -695.886384 -707.742344 -717.856711 -716.798433 -721.841432 -716.760389 -711.910415 -696.648763 -683.028319 -670.898341 -670.336561 -677.744229 -9999.0 -9999.0 -9999.0 -9999.0 -9999.0 -9999.0 -9999.0 -9999.0 -9999.0 -9999.0
-9999.0 -9999.0 -9999.0 -9999.0 -9999.0 -9999.0 -742.910681 -742.947227 -740.596316 -745.570249 -740.893432 -743.057605 -739.436959 -737.267467 -734.344531 -733.147797 -726.761029 -720.496065 -710.576571 -698.062915 -687.280438 -691.252960 -688.218126 -674.232280 -653.402578 -636.673771 -625.034607 -604.560085 -556.142920 -527.914224 -515.748650 -511.338158 -503.580964 -463.906117 -402.209175 -382.218936 -404.798472 -422.290307 -406.566851 -369.816910 -360.304304 -360.741542 -354.035057 -342.925898 -288.208409 -300.164725 -364.307680 -386.539840 -394.740990 -401.810096 -450.944877 -507.267223 -537.851287 -567.323228 -615.674975 -649.309025 -649.088724 -639.222986 -654.239726 -677.835246 -693.558728 -694.943736 -698.645484 -704.004500 -701.514708 -695.057754 -685.901746 -680.580011 -684.902160 -691.392969 -697.271994 -706.858423 -705.612181 -696.537733 -9999.0 -9999.0 -9999.0 -9999.0 -9999.0 -9999.0
-9999.0 -9999.0 -9999.0 -9999.0 -752.718214 -749.894779 -757.699889 -752.759314 -748.438170 -744.735416 -743.212644 -737.134685 -734.335389 -729.438551 -720.185212 -712.048420 -699.589561 -689.576850 -667.538984 -633.220402 -603.820968 -587.757264 -580.728072 -541.068443 -493.673154 -446.190495 -429.737413 -407.941997 -371.834127 -248.338831 10.717751 12.298312 12.886368 13.750989 15.049117 16.203353 15.374956 15.176210 15.384654 15.646480 16.541809 16.393889 16.472593 16.552956 16.927083 17.028798 16.040306 14.932017 14.636557 14.465314 13.713388 -4.443513 -325.765848 -361.680963 -381.345933 -427.593937 -495.947984 -514.932809 -551.840333 -584.630457 -624.497203 -636.964357 -652.459919 -663.129479 -676.992696 -675.060930 -671.946991 -679.563039 -690.200318 -700.576375 -703.173812 -708.065768 -712.281421 -700.870755 -695.844652 -683.508233 -9999.0 -9999.0 -9999.0 -9999.0
-9999.0 -9999.0 -754.731443 -753.229473 -744.732718 -748.495508 -750.893286 -754.153027 -751.542922 -742.782446 -726.398147 -717.356075 -705.617026 -698.337935 -675.736274 -634.645385 -593.057668 -565.639764 -528.885018 -476.343055 -422.956973 -390.499266 -374.365255 -325.013036 -0.350992 13.582095 14.322638 15.009281 15.909593 17.451047 19.913596 25.497212 29.369234 25.217668 23.465460 22.093348 21.474751 20.658622 19.470975 19.335287 21.199167 23.113696 26.572358 19.500455 19.046559 20.387004 21.091307 21.020148 20.844740 22.290193 32.249311 19.610522 15.820743 15.256914 15.198231 13.773344 5.030302 -320.419475 -346.253951 -387.050253 -457.492175 -504.521103 -540.666487 -572.367021 -603.766680 -620.641822 -644.799356 -662.442708 -679.985302 -696.428949 -702.599823 -706.730728 -705.403040 -706.284859 -700.089296 -694.894371 -688.298166 -685.490459 -9999.0 -9999.0
-9999.0 -758.981207 -759.843921 -744.205472 -738.871399 -734.054568 -728.431090 -723.659937 -718.734591 -720.821517 -682.300395 -632.598731 -581.964488 -567.713212 -531.400920 -458.356025 -380.168589 -333.799794 -244.520814 11.025582 14.158913 15.538836 16.173241 17.796832 30.152242 26.062974 22.821438 22.043046 20.505850 19.993836 19.144047 19.671653 19.600226 19.068476 18.721162 18.803708 18.563296 16.361701 14.980301 14.425260 14.499501 15.463901 14.969444 14.222093 14.078065 14.807085 15.552299 15.116158 14.619468 15.470796 18.307122 18.972390 19.724600 20.311541 30.023576 20.094599 18.680992 15.682489 15.086475 14.267774 10.874759 -316.115899 -389.590347 -444.182711 -495.862262 -543.236115 -579.263840 -610.754192 -644.000504 -660.055616 -671.243425 -692.514615 -699.359705 -696.016105 -699.018012 -699.473626 -696.726348 -694.429805 -9999.0 -9999.0
-9999.0 -772.417685 -758.175773 -739.231957 -714.928671 -706.567492 -657.301905 -614.091056 -598.979580 -612.037579 -550.177013 -372.059650 -214.216353 -1.330039 13.065798 15.623355 16.891866 18.593983 30.552401 22.911506 20.939796 23.078347 20.476244 19.457470 18.849372 18.696106 18.864768 18.969888 18.574921 18.014824 16.202428 15.758285 15.067911 13.746532 12.858199 12.405835 10.670492 -250.391421 -342.159150 -375.171156 -386.336784 -356.662426 -372.772076 -397.262808 -402.598979 -375.147283 -329.417839 -347.602122 -350.313781 -315.915537 8.306703 13.169018 13.739496 14.654489 16.602214 18.881548 19.739837 21.902629 27.999949 19.734226 18.310103 15.159625 14.076751 9.211655 -351.872438 -429.756931 -473.515386 -510.458593 -550.888821 -578.239600 -606.654594 -637.565947 -665.766873 -674.589565 -690.276694 -694.999956 -9999.0 -9999.0 -9999.0 -9999.0
-9999.0 -774.575211 -759.699072 -725.666880 -652.216367 -589.903626 -451.379749 -313.633163 8.042734 13.586632 14.472163 18.157499 25.092669 19.762096 18.923277 18.673580 19.017632 18.966293 18.737197 18.643088 18.615449 18.605725 18.521198 18.048598 16.165268 15.426671 15.022866 14.803080 13.614674 11.400133 -226.543281 -290.152387 -343.393955 -440.392913 -476.706703 -498.942958 -534.801238 -539.802766 -548.983372 -568.583575 -579.177832 -586.764058 -576.323227 -578.796708 -579.791147 -574.054526 -560.025072 -551.547478 -526.638974 -503.799554 -470.161847 -427.876252 -400.866053 -353.234233 -167.498891 12.332311 14.161661 15.268482 18.312958 19.807396 27.902296 21.048287 19.135836 18.037910 14.346278 11.185469 -218.275818 -355.927401 -407.476933 -454.583325 -496.140336 -538.262082 -581.401207 -631.520389 -651.074866 -9999.0 -9999.0 -9999.0 -9999.0 -9999.0
-9999.0 -794.451888 -761.565496 -731.821598 -624.099936 -402.854848 -322.158058 10.619895 17.124891 13.877519 13.198341 13.580323 14.945763 15.230979 14.487957 14.318817 13.912807 13.852695 14.573080 13.749400 12.956783 12.629512 12.512031 10.102795 -284.073936 -325.756522 -344.052863 -365.397606 -415.040515 -456.674757 -518.159293 -528.449271 -573.403582 -613.619736 -637.276167 -659.260316 -681.966344 -681.799615 -673.965908 -681.261135 -689.726914 -697.977424 -687.704648 -682.465234 -678.021357 -683.004678 -680.706418 -666.504582 -644.638786 -624.746478 -598.587207 -567.353294 -541.191932 -507.524256 -481.490186 -434.324190 -392.724536 -334.144660 10.745204 15.130441 17.733956 18.782835 20.387956 28.913343 19.593347 18.033726 15.941330 14.360481 12.300293 -9.522969 -328.447582 -409.467900 -468.081844 -9999.0 -9999.0 -9999.0 -9999.0 -9999.0 -9999.0 -9999.0
-9999.0 -805.380570 -771.641245 -762.338805 -713.585253 -633.584028 -546.964149 -470.425531 -413.234896 -425.286328 -417.924392 -395.697905 -363.593358 -337.842831 -373.362669 -413.031642 -439.491892 -436.552153 -435.657916 -459.532194 -485.790404 -498.670677 -498.390007 -504.411383 -524.570566 -535.603718 -542.258314 -556.434638 -578.898561 -609.242496 -652.070685 -679.573050 -701.092157 -710.255742 -717.092134 -724.134606 -735.265563 -730.009101 -725.446038 -726.692835 -730.230326 -732.543944 -724.265917 -720.680579 -717.976293 -724.451762 -719.135647 -713.186630 -701.362211 -688.997530 -672.460234 -650.172021 -624.686224 -609.565126 -601.698334 -584.521398 -559.510371 -523.662147 -455.326025 -364.348714 -0.245149 13.174563 15.093594 17.941080 18.652970 20.481584 25.981327 18.192247 15.980837 16.096668 13.932178 -9999.0 -9999.0 -9999.0 -9999.0 -9999.0 -9999.0 -9999.0 -9999.0 -9999.0
-9999.0 -9999.0 -812.748910 -797.734831 -783.699262 -766.590134 -744.163438 -723.831389 -709.476896 -682.254607 -646.453050 -611.051721 -590.446388 -581.548914 -593.677443 -619.136824 -634.318650 -633.155171 -637.368904 -644.624459 -657.302504 -660.817175 -664.263406 -666.920510 -673.055242 -676.014509 -677.548739 -680.841291 -688.014301 -703.245178 -717.510910 -728.237541 -739.178210 -740.387625 -742.730183 -746.421615 -744.403916 -745.012238 -743.977742 -744.299417 -743.447711 -741.688503 -739.188032 -736.044375 -735.410523 -734.466608 -732.987967 -729.278276 -723.547689 -715.773487 -702.500190 -684.682690 -671.277596 -667.738619 -673.469595 -671.534997 -662.636773 -643.198018 -595.914626 -542.847792 -479.171819 -423.413745 -340.654503 10.298456 12.846018 13.995733 17.470893 17.314618 11.412240 15.324999 -9999.0 -9999.0 -9999.0 -9999.0 -9999.0 -9999.0 -9999.0 -9999.0 -9999.0 -9999.0
-9999.0 -9999.0 -9999.0 -9999.0 -818.635658 -797.983379 -779.688388 -779.565618 -764.965168 -754.168052 -743.380865 -731.278117 -721.517715 -715.863633 -721.558775 -723.428696 -725.179377 -724.761754 -726.415854 -728.123100 -729.176674 -730.493520 -732.014089 -733.638232 -733.274570 -732.007683 -731.846782 -734.576108 -735.603345 -740.881044 -742.650648 -746.450995 -750.060932 -753.599995 -753.453991 -753.899608 -752.726860 -754.124125 -751.965115 -752.867146 -750.979101 -749.832152 -747.266888 -743.400009 -743.878380 -741.685542 -741.149721 -738.071157 -735.537250 -726.675177 -713.109551 -698.064176 -688.012917 -688.024627 -699.208146 -704.604684 -706.995625 -698.867889 -684.338648 -656.979730 -604.951346 -563.086676 -520.323081 -479.398041 -444.980621 -384.996481 11.935451 15.998678 -9999.0 -9999.0 -9999.0 -9999.0 -9999.0 -9999.0 -9999.0 -9999.0 -9999.0 -9999.0 -9999.0 -9999.0
-9999.0 -9999.0 -9999.0 -9999.0 -9999.0 -9999.0 -810.598917 -800.319502 -802.147775 -793.055975 -784.417810 -777.222886 -767.866135 -767.696018 -765.014175 -758.863799 -759.781120 -762.965729 -766.794966 -761.490851 -759.044368 -758.774535 -764.938855 -763.531905 -762.826228 -760.506990 -760.737563 -760.084728 -765.296084 -759.732714 -757.196529 -758.827600 -760.449871 -759.765991 -761.141956 -757.542936 -757.112421 -760.091067 -760.845378 -756.360441 -754.756662 -754.939281 -753.550663 -749.908195 -745.074035 -743.965367 -745.568377 -747.571586 -741.895310 -729.471245 -715.093863 -702.270344 -694.019842 -691.790172 -701.935867 -715.498152 -722.404880 -722.621597 -715.564487 -702.388836 -675.740926 -657.307240 -644.161035 -633.715010 -619.533890 -559.234836 -9999.0 -9999.0 -9999.0 -9999.0 -9999.0 -9999.0 -9999.0 -9999.0 -9999.0 -9999.0 -9999.0 -9999.0 -9999.0 -9999.0
-9999.0 -9999.0 -9999.0 -9999.0 -9999.0 -9999.0 -9999.0 -9999.0 -9999.0 -9999.0 -9999.0 -9999.0 -9999.0 -9999.0 -9999.0 -9999.0 -9999.0 -9999.0 -9999.0 -9999.0 -9999.0 -9999.0 -9999.0 -9999.0 -9999.0 -9999.0 -9999.0 -9999.0 -9999.0 -9999.0 -9999.0 -9999.0 -9999.0 -9999.0 -9999.0 -9999.0 -9999.0 -9999.0 -9999.0 -9999.0 -9999.0 -9999.0 -9999.0 -9999.0 -9999.0 -9999.0 -9999.0 -9999.0 -9999.0 -9999.0 -9999.0 -9999.0 -9999.0 -9999.0 -9999.0 -9999.0 -9999.0 -9999.0 -9999.0 -9999.0 -9999.0 -9999.0 -9999.0 -9999.0 -9999.0 -9999.0 -9999.0 -9999.0 -9999.0 -9999.0 -9999.0 -9999.0 -9999.0 -9999.0 -9999.0 -9999.0 -9999.0 -9999.0 -9999.0 -9999.0
-9999.0 -9999.0 -9999.0 -9999.0 -9999.0 -9999.0 -9999.0 -9999.0 -9999.0 -9999.0 -9999.0 -9999.0 -9999.0 -9999.0 -9999.0 -9999.0 -9999.0 -9999.0 -9999.0 -9999.0 -9999.0 -9999.0 -9999.0 -9999.0 -9999.0 -9999.0 -9999.0 -9999.0 -9999.0 -9999.0 -9999.0 -9999.0 -9999.0 -9999.0 -9999.0 -9999.0 -9999.0 -9999.0 -9999.0 -9999.0 -9999.0 -9999.0 -9999.0 -9999.0 -9999.0 -9999.0 -9999.0 -9999.0 -9999.0 -9999.0 -9999.0 -9999.0 -9999.0 -9999.0 -9999.0 -9999.0 -9999.0 -9999.0 -9999.0 -9999.0 -9999.0 -9999.0 -9999.0 -9999.0 -9999.0 -9999.0 -9999.0 -9999.0 -9999.0 -9999.0 -9999.0 -9999.0 -9999.0 -9999.0 -9999.0 -9999.0 -9999.0 -9999.0 -9999.0 -9999.0