Borden_/Borden1m_014/output_maps/psiliqL0019N0029.asc
ncols         80
nrows         18
xllcorner     620200.000000
yllcorner     5168000.000000
cellsize      1.000000
NODATA_value  -9999.0
-9999.0 -9999.0 -9999.0 -9999.0 -9999.0 -9999.0 -9999.0 -9999.0 -9999.0 -9999.0 -9999.0 -9999.0 -9999.0 -9999.0 -9999.0 -9999.0 -9999.0 -9999.0 -9999.0 -9999.0 -9999.0 -9999.0 -9999.0 -9999.0 -9999.0 -9999.0 -9999.0 -9999.0 -9999.0 -9999.0 -9999.0 -9999.0 -9999.0 -9999.0 -9999.0 -9999.0 -9999.0 -9999.0 -9999.0 -9999.0 -9999.0 -9999.0 -9999.0 -9999.0 -9999.0 -9999.0 -9999.0 -9999.0 -9999.0 -9999.0 -9999.0 -9999.0 -9999.0 -9999.0 -9999.0 -9999.0 -9999.0 -9999.0 -9999.0 -9999.0 -9999.0 -9999.0 -9999.0 -9999.0 -9999.0 -9999.0 -9999.0 -9999.0 -9999.0 -9999.0 -9999.0 -9999.0 -9999.0 -9999.0 -9999.0 -9999.0 -9999.0 -9999.0 -9999.0 -9999.0
-9999.0 -9999.0 -9999.0 -9999.0 -9999.0 -9999.0 -9999.0 -9999.0 -9999.0 -9999.0 -9999.0 -9999.0 -9999.0 -9999.0 -9999.0 -9999.0 -9999.0 -9999.0 -9999.0 -9999.0 -9999.0 -9999.0 -9999.0 -9999.0 -9999.0 -9999.0 -9999.0 -9999.0 -9999.0 -9999.0 -9999.0 -9999.0 -9999.0 -9999.0 -9999.0 -9999.0 -9999.0 -9999.0 -9999.0 -9999.0 -9999.0 -9999.0 -9999.0 -9999.0 -9999.0 -9999.0 -9999.0 -9999.0 -9999.0 -9999.0 -9999.0 -9999.0 -9999.0 -9999.0 -9999.0 -9999.0 -9999.0 -9999.0 -9999.0 -9999.0 -9999.0 -9999.0 -9999.0 -9999.0 -9999.0 -9999.0 -9999.0 -9999.0 -9999.0 -9999.0 -9999.0 -9999.0 -9999.0 -9999.0 -9999.0 -9999.0 -9999.0 -9999.0 -9999.0 -9999.0
-9999.0 -9999.0 -9999.0 -9999.0 -9999.0 -9999.0 -9999.0 -9999.0 -9999.0 -9999.0 -9999.0 -9999.0 -9999.0 -9999.0 -9999.0 -9999.0 -9999.0 -9999.0 -9999.0 -9999.0 1954.398760 1957.022339 1936.335162 1904.027241 1877.728090 1881.697192 1917.589295 1960.646540 2001.451007 2012.514812 1996.217977 2001.112746 1998.157477 1996.754448 1999.373043 2007.649373 2013.999628 2025.467925 2034.418781 2034.602891 2029.433941 2025.600591 2027.630121 2030.270890 2035.626453 2022.279739 2035.630484 2049.339515 2052.129560 2045.557750 2017.398313 2000.793649 1989.495025 1971.229753 1993.965200 2003.272211 2023.692358 2025.727948 2022.004051 1993.765455 1962.851575 -9999.0 -9999.0 -9999.0 -9999.0 -9999.0 -9999.0 -9999.0 -9999.0 -9999.0 -9999.0 -9999.0 -9999.0 -9999.0 -9999.0 -9999.0 -9999.0 -9999.0 -9999.0 -9999.0
-9999.0 -9999.0 -9999.0 -9999.0 -9999.0 -9999.0 -9999.0 -9999.0 -9999.0 -9999.0 -9999.0 -9999.0 -9999.0 -9999.0 1859.898452 1851.753252 1850.530976 1860.188819 1894.883381 1926.286572 1938.433009 1932.188134 1933.694210 1911.415505 1891.829907 1907.321597 1939.099890 1972.393959 2008.685305 2029.994368 2021.056750 2020.663293 2030.823647 2055.105021 2066.932458 2064.780617 2046.851700 2071.788821 2087.722610 2095.993475 2096.480628 2088.854295 2100.647733 2115.706670 2108.289022 2090.985178 2097.223649 2108.515266 2117.798425 2103.959163 2039.984117 2021.087681 2014.357086 2005.975225 1989.697232 1982.002489 2006.227341 2003.581989 1993.562954 1974.127329 1939.859761 1894.536239 1874.350028 1911.999687 1953.940325 2009.200175 -9999.0 -9999.0 -9999.0 -9999.0 -9999.0 -9999.0 -9999.0 -9999.0 -9999.0 -9999.0 -9999.0 -9999.0 -9999.0 -9999.0
-9999.0 -9999.0 -9999.0 -9999.0 -9999.0 -9999.0 -9999.0 -9999.0 -9999.0 1797.636617 1803.788346 1812.510672 1816.728355 1833.868861 1832.225693 1840.913805 1848.646973 1877.743998 1909.999907 1946.103666 1975.550127 1968.479398 1970.146336 1979.615634 1981.429153 1993.974032 2017.611805 2059.424809 2097.809331 2138.825622 2110.763824 2109.594270 2129.708441 2175.386464 2204.797363 2210.171314 2192.598254 2205.635476 2231.284167 2252.284971 2252.436286 2250.081776 2275.588495 2290.016025 2287.471668 2265.813683 2257.031021 2258.409355 2282.955237 2229.781589 2161.598509 2113.895399 2120.001657 2091.242810 2055.858597 2036.583323 2032.625706 2050.520774 2034.229409 1995.800369 1958.729851 1945.401156 1926.000904 1942.389686 1962.720889 2006.634536 2043.794658 2070.494780 2067.922362 2049.132814 -9999.0 -9999.0 -9999.0 -9999.0 -9999.0 -9999.0 -9999.0 -9999.0 -9999.0 -9999.0
-9999.0 -9999.0 -9999.0 -9999.0 -9999.0 -9999.0 1716.413905 1727.504370 1749.516527 1754.707562 1782.237730 1790.716017 1812.874456 1833.593853 1857.431291 1874.768886 1905.221352 1939.330159 1980.358244 2023.519852 2056.495614 2051.179701 2062.462790 2090.339939 2126.415883 2153.592270 2180.279399 2222.049282 2299.151472 2341.565872 2345.375535 2350.678800 2361.339084 2411.615527 2475.910858 2488.599898 2468.616034 2455.418373 2478.079867 2516.266807 2520.817909 2523.002612 2537.052299 2547.608576 2573.148620 2561.516712 2520.272750 2507.651217 2507.811171 2486.901428 2420.625962 2357.447638 2326.816243 2274.991595 2190.487216 2138.321713 2149.073939 2168.137790 2138.987293 2084.118269 2043.273910 2031.636947 2015.070005 2001.274663 2007.004251 2024.478491 2044.184506 2053.281278 2037.913181 2014.609642 1990.417451 1960.322086 1961.194142 1985.436327 -9999.0 -9999.0 -9999.0 -9999.0 -9999.0 -9999.0
-9999.0 -9999.0 -9999.0 -9999.0 1664.633259 1678.703406 1666.976123 1694.344354 1728.827067 1764.969741 1797.454800 1834.982243 1863.563660 1895.421738 1935.751773 1968.079843 2009.023890 2045.124591 2099.864186 2168.199917 2219.610764 2242.223715 2257.856655 2315.964276 2377.563389 2430.164856 2452.768323 2482.183921 2529.977103 2591.341270 2618.895215 2625.735997 2644.079371 2683.118063 2734.350876 2770.524061 2753.848255 2745.688176 2753.723845 2767.440511 2791.979236 2794.338586 2796.980786 2800.356643 2805.622124 2803.162441 2776.298584 2741.126190 2723.990805 2712.719241 2678.171177 2606.129634 2567.582173 2535.017769 2494.826636 2439.743964 2379.903560 2368.052643 2309.101698 2249.302748 2188.573082 2168.603882 2138.282551 2112.653167 2084.254279 2085.580331 2087.576828 2064.808292 2029.547164 1995.140243 1978.445125 1958.218745 1945.560882 1974.761207 1991.320497 2020.536241 -9999.0 -9999.0 -9999.0 -9999.0
-9999.0 -9999.0 1603.088662 1651.355810 1709.874617 1719.525796 1719.441689 1726.753044 1757.317761 1811.426264 1884.946226 1933.057523 1973.446434 2009.689101 2069.965133 2145.386832 2215.748465 2264.846780 2328.222385 2401.147575 2464.947300 2497.912864 2514.926558 2557.167923 2613.737885 2680.105707 2709.165548 2737.388540 2773.117139 2810.002001 2815.216566 2828.658173 2838.822348 2845.585753 2854.809470 2858.518681 2853.156634 2847.063576 2827.800401 2823.415923 2830.751848 2837.996772 2838.850908 2825.143146 2821.093328 2834.830162 2839.179008 2837.171123 2835.000562 2841.062062 2840.980251 2797.611753 2766.742425 2749.455525 2734.467263 2687.473042 2620.185999 2579.897823 2555.448575 2508.492146 2429.437310 2379.905253 2329.900055 2282.874790 2230.724053 2201.503264 2154.814754 2110.927154 2062.499895 2014.365964 1989.361761 1970.566129 1967.074004 1965.563856 1980.907859 1995.135137 2009.692414 2017.052446 -9999.0 -9999.0
-9999.0 1496.670279 1569.063440 1694.604110 1775.601512 1819.721276 1845.430960 1864.107250 1895.269308 1927.845839 2028.697639 2105.668339 2196.744218 2238.158533 2288.845860 2386.965303 2484.463198 2534.819081 2576.972040 2638.806054 2703.384275 2755.448221 2785.936614 2786.980170 2824.558140 2845.124469 2850.819562 2856.165005 2854.734662 2847.250452 2839.554690 2845.541443 2841.136273 2821.145055 2804.107180 2800.291342 2793.901783 2767.899336 2736.366396 2720.041379 2721.473706 2746.819187 2732.870094 2711.786038 2708.023091 2730.057660 2752.514261 2743.945783 2731.524417 2751.504724 2787.352253 2811.454383 2818.840787 2836.414381 2857.078901 2829.837782 2803.368164 2759.292048 2736.564235 2705.978470 2645.536182 2584.256104 2527.926120 2465.473295 2398.990033 2332.782437 2268.981680 2205.660411 2138.932997 2096.705241 2065.160969 2015.759380 1995.964554 1997.564052 1988.324236 1984.417431 1989.217170 1994.973556 -9999.0 -9999.0
-9999.0 1409.979064 1551.497379 1734.448347 1882.781139 1937.348644 2026.618375 2100.485713 2127.416381 2093.322791 2202.064175 2423.443869 2539.267752 2561.669812 2638.549200 2735.196834 2744.066784 2779.137547 2804.123925 2822.135943 2836.816921 2850.253721 2850.309647 2846.211042 2831.672613 2823.828908 2821.939740 2818.288233 2799.474895 2778.876261 2759.966577 2754.077279 2731.580288 2683.193476 2648.129193 2628.810606 2609.571944 2590.149402 2558.513154 2530.374335 2512.594462 2525.963878 2522.057547 2505.606605 2501.984671 2524.490946 2556.372914 2554.903747 2567.248571 2589.685989 2629.885493 2671.127626 2695.128249 2727.164995 2766.904028 2814.133203 2828.160245 2850.501871 2853.976686 2837.335877 2790.446467 2733.670758 2697.007752 2631.682600 2557.717254 2476.583713 2409.783199 2345.494619 2274.659511 2228.713445 2182.446233 2125.634336 2074.683939 2055.740248 2016.652246 1997.734641 -9999.0 -9999.0 -9999.0 -9999.0
-9999.0 1321.859428 1506.838578 1758.368126 2043.295990 2141.638878 2348.343680 2476.835830 2531.970048 2604.409500 2548.975382 2724.809212 2774.230170 2773.959816 2782.616819 2789.687621 2807.467743 2811.619189 2809.183110 2800.046208 2791.720054 2788.201533 2787.363109 2779.773705 2766.898475 2750.826069 2734.343148 2719.605888 2679.590690 2644.286071 2604.584085 2588.084376 2545.299179 2450.158542 2406.776941 2367.830070 2307.816914 2303.075568 2300.499616 2271.863610 2251.984044 2227.473154 2252.264846 2260.199876 2263.851123 2264.295514 2279.327649 2307.308324 2355.224187 2393.191334 2438.081638 2491.587160 2529.139783 2573.920084 2619.659756 2676.678985 2711.916691 2744.739556 2796.114421 2835.679287 2859.053778 2845.371465 2818.193517 2767.061740 2690.267189 2621.076422 2567.894640 2490.708925 2425.048486 2372.245018 2325.804985 2275.393697 2211.904432 2141.341423 2101.169429 -9999.0 -9999.0 -9999.0 -9999.0 -9999.0
-9999.0 1125.251486 1391.577536 1671.350825 1971.116812 2306.899327 2459.668501 2579.418882 2652.676637 2629.998025 2646.883690 2665.776103 2711.762993 2723.271806 2704.560936 2695.661856 2683.541198 2684.329269 2698.020331 2671.851784 2642.333903 2628.820538 2628.373805 2616.295168 2591.847127 2574.392585 2562.400766 2540.128971 2489.921148 2436.723628 2351.887208 2317.569384 2238.188918 2187.802349 2145.062903 2095.016912 2044.897925 2044.861133 2063.865189 2050.438395 2028.333371 2010.064001 2037.709377 2057.427391 2070.644779 2058.131673 2067.244216 2103.539732 2153.524255 2198.360092 2248.367132 2303.813711 2350.690185 2398.054678 2429.116651 2478.569276 2529.228970 2577.515343 2652.192417 2733.376567 2773.985840 2809.431052 2839.193278 2852.554711 2795.889299 2742.800116 2684.776175 2618.070527 2539.655449 2490.556553 2462.730134 2420.055023 2365.161101 -9999.0 -9999.0 -9999.0 -9999.0 -9999.0 -9999.0 -9999.0
-9999.0 1004.446490 1213.415606 1428.454845 1700.078203 1936.562714 2144.436339 2249.216342 2329.281331 2382.087932 2427.278133 2465.664963 2498.080838 2523.200696 2504.508560 2463.480395 2434.568429 2439.616588 2433.948583 2411.192768 2382.165063 2367.485359 2364.174682 2357.140397 2332.920914 2318.676518 2307.627524 2283.971311 2252.055200 2195.838921 2117.701057 2043.099994 1983.709866 1955.292088 1927.042143 1895.460828 1862.333718 1872.605650 1884.184043 1881.589673 1872.245752 1870.251162 1899.253860 1918.611624 1928.871331 1918.186907 1937.860422 1964.306995 2005.653391 2049.491646 2099.072666 2154.376363 2208.505381 2237.244405 2249.944280 2273.531135 2312.327324 2365.986406 2451.826627 2547.962365 2627.823843 2677.207192 2728.422732 2762.763504 2774.216969 2777.437799 2748.313657 2667.507867 2567.704190 2547.183230 2543.436672 -9999.0 -9999.0 -9999.0 -9999.0 -9999.0 -9999.0 -9999.0 -9999.0 -9999.0
-9999.0 -9999.0 983.125973 1151.299684 1274.427349 1448.248774 1596.445806 1706.814195 1801.919119 1927.461779 2040.371937 2129.400323 2175.552707 2194.030822 2181.689295 2152.050389 2133.070764 2133.282352 2122.693032 2113.367040 2095.025611 2087.432964 2075.090000 2066.388044 2057.575476 2052.706361 2047.242168 2035.879894 2014.414127 1968.189266 1922.411483 1872.455745 1820.485980 1795.343305 1773.847232 1753.129292 1752.991339 1748.157773 1753.216886 1754.908331 1762.513379 1775.527344 1795.364307 1817.757631 1827.786834 1837.529829 1850.134591 1873.992692 1907.098453 1949.842387 2004.413171 2063.137064 2103.825334 2117.065289 2107.389216 2111.900825 2130.910564 2172.107270 2250.198160 2332.655891 2428.868882 2500.349276 2571.767330 2622.590739 2636.672353 2649.213676 2659.837750 2610.987922 2491.622012 2503.198021 -9999.0 -9999.0 -9999.0 -9999.0 -9999.0 -9999.0 -9999.0 -9999.0 -9999.0 -9999.0
-9999.0 -9999.0 -9999.0 -9999.0 1011.358674 1163.696272 1261.363246 1343.957813 1475.143923 1599.433222 1702.171205 1787.318625 1852.137603 1879.519353 1877.903257 1887.587934 1884.655036 1877.839784 1867.834123 1868.515822 1869.011378 1861.667509 1846.356055 1838.937097 1840.228837 1845.414758 1842.399395 1828.291931 1809.706293 1789.006516 1770.267632 1736.510970 1701.260453 1672.155185 1658.952088 1653.710785 1653.278202 1645.806594 1654.175815 1661.838161 1677.159567 1692.288171 1715.938274 1745.163763 1759.385396 1774.432808 1784.260786 1804.736965 1835.438939 1889.210686 1953.221715 2011.883870 2048.970530 2054.191103 2030.524040 2015.468654 2011.728501 2039.364998 2083.040219 2148.276800 2248.876404 2321.385734 2375.900179 2417.993426 2448.223464 2491.181792 2537.700343 2570.572840 -9999.0 -9999.0 -9999.0 -9999.0 -9999.0 -9999.0 -9999.0 -9999.0 -9999.0 -9999.0 -9999.0 -9999.0
-9999.0 -9999.0 -9999.0 -9999.0 -9999.0 -9999.0 976.634766 1079.700705 1156.430477 1299.451154 1434.567618 1538.067265 1619.742628 1653.306416 1682.476493 1710.786162 1710.021019 1691.338272 1671.569073 1691.115051 1706.339224 1700.144299 1669.336334 1669.226027 1674.335842 1682.047659 1679.299960 1672.569946 1647.181233 1659.706036 1661.038420 1637.637943 1611.563863 1597.824061 1585.839269 1595.313112 1595.305144 1581.292458 1581.231886 1608.233973 1628.645016 1641.653043 1663.212407 1696.453926 1728.978564 1744.564014 1746.134416 1752.266220 1791.846958 1862.269427 1934.653054 1991.005240 2024.465699 2033.361509 2007.303139 1968.002275 1948.348124 1955.800872 1990.479647 2042.216384 2117.021769 2164.834762 2187.811776 2197.728593 2212.737587 2302.732741 -9999.0 -9999.0 -9999.0 -9999.0 -9999.0 -9999.0 -9999.0 -9999.0 -9999.0 -9999.0 -9999.0 -9999.0 -9999.0 -9999.0
-9999.0 -9999.0 -9999.0 -9999.0 -9999.0 -9999.0 -9999.0 -9999.0 -9999.0 -9999.0 -9999.0 -9999.0 -9999.0 -9999.0 -9999.0 -9999.0 -9999.0 -9999.0 -9999.0 -9999.0 -9999.0 -9999.0 -9999.0 -9999.0 -9999.0 -9999.0 -9999.0 -9999.0 -9999.0 -9999.0 -9999.0 -9999.0 -9999.0 -9999.0 -9999.0 -9999.0 -9999.0 -9999.0 -9999.0 -9999.0 -9999.0 -9999.0 -9999.0 -9999.0 -9999.0 -9999.0 -9999.0 -9999.0 -9999.0 -9999.0 -9999.0 -9999.0 -9999.0 -9999.0 -9999.0 -9999.0 -9999.0 -9999.0 -9999.0 -9999.0 -9999.0 -9999.0 -9999.0 -9999.0 -9999.0 -9999.0 -9999.0 -9999.0 -9999.0 -9999.0 -9999.0 -9999.0 -9999.0 -9999.0 -9999.0 -9999.0 -9999.0 -9999.0 -9999.0 -9999.0
-9999.0 -9999.0 -9999.0 -9999.0 -9999.0 -9999.0 -9999.0 -9999.0 -9999.0 -9999.0 -9999.0 -9999.0 -9999.0 -9999.0 -9999.0 -9999.0 -9999.0 -9999.0 -9999.0 -9999.0 -9999.0 -9999.0 -9999.0 -9999.0 -9999.0 -9999.0 -9999.0 -9999.0 -9999.0 -9999.0 -9999.0 -9999.0 -9999.0 -9999.0 -9999.0 -9999.0 -9999.0 -9999.0 -9999.0 -9999.0 -9999.0 -9999.0 -9999.0 -9999.0 -9999.0 -9999.0 -9999.0 -9999.0 -9999.0 -9999.0 -9999.0 -9999.0 -9999.0 -9999.0 -9999.0 -9999.0 -9999.0 -9999.0 -9999.0 -9999.0 -9999.0 -9999.0 -9999.0 -9999.0 -9999.0 -9999.0 -9999.0 -9999.0 -9999.0 -9999.0 -9999.0 -9999.0 -9999.0 -9999.0 -9999.0 -9999.0 -9999.0 -9999.0 -9999.0 -9999.0