Borden_/Borden1m_014/output_maps/psiliqL0007N0003.asc
ncols         80
nrows         18
xllcorner     620200.000000
yllcorner     5168000.000000
cellsize      1.000000
NODATA_value  -9999.0
-9999.0 -9999.0 -9999.0 -9999.0 -9999.0 -9999.0 -9999.0 -9999.0 -9999.0 -9999.0 -9999.0 -9999.0 -9999.0 -9999.0 -9999.0 -9999.0 -9999.0 -9999.0 -9999.0 -9999.0 -9999.0 -9999.0 -9999.0 -9999.0 -9999.0 -9999.0 -9999.0 -9999.0 -9999.0 -9999.0 -9999.0 -9999.0 -9999.0 -9999.0 -9999.0 -9999.0 -9999.0 -9999.0 -9999.0 -9999.0 -9999.0 -9999.0 -9999.0 -9999.0 -9999.0 -9999.0 -9999.0 -9999.0 -9999.0 -9999.0 -9999.0 -9999.0 -9999.0 -9999.0 -9999.0 -9999.0 -9999.0 -9999.0 -9999.0 -9999.0 -9999.0 -9999.0 -9999.0 -9999.0 -9999.0 -9999.0 -9999.0 -9999.0 -9999.0 -9999.0 -9999.0 -9999.0 -9999.0 -9999.0 -9999.0 -9999.0 -9999.0 -9999.0 -9999.0 -9999.0
-9999.0 -9999.0 -9999.0 -9999.0 -9999.0 -9999.0 -9999.0 -9999.0 -9999.0 -9999.0 -9999.0 -9999.0 -9999.0 -9999.0 -9999.0 -9999.0 -9999.0 -9999.0 -9999.0 -9999.0 -9999.0 -9999.0 -9999.0 -9999.0 -9999.0 -9999.0 -9999.0 -9999.0 -9999.0 -9999.0 -9999.0 -9999.0 -9999.0 -9999.0 -9999.0 -9999.0 -9999.0 -9999.0 -9999.0 -9999.0 -9999.0 -9999.0 -9999.0 -9999.0 -9999.0 -9999.0 -9999.0 -9999.0 -9999.0 -9999.0 -9999.0 -9999.0 -9999.0 -9999.0 -9999.0 -9999.0 -9999.0 -9999.0 -9999.0 -9999.0 -9999.0 -9999.0 -9999.0 -9999.0 -9999.0 -9999.0 -9999.0 -9999.0 -9999.0 -9999.0 -9999.0 -9999.0 -9999.0 -9999.0 -9999.0 -9999.0 -9999.0 -9999.0 -9999.0 -9999.0
-9999.0 -9999.0 -9999.0 -9999.0 -9999.0 -9999.0 -9999.0 -9999.0 -9999.0 -9999.0 -9999.0 -9999.0 -9999.0 -9999.0 -9999.0 -9999.0 -9999.0 -9999.0 -9999.0 -9999.0 -474.037916 -471.079419 -494.031717 -528.139598 -556.726362 -555.370122 -521.228371 -481.229030 -444.564956 -434.610447 -452.875503 -452.010447 -457.561106 -457.971797 -455.276133 -449.751830 -447.485536 -436.254484 -428.094307 -428.513407 -434.744259 -440.573362 -442.208956 -438.768680 -433.884294 -442.166909 -428.784068 -413.464196 -406.747825 -411.276767 -437.584614 -452.629828 -459.932259 -473.480124 -448.629980 -435.498087 -412.102460 -407.238264 -407.814582 -434.186978 -463.731491 -9999.0 -9999.0 -9999.0 -9999.0 -9999.0 -9999.0 -9999.0 -9999.0 -9999.0 -9999.0 -9999.0 -9999.0 -9999.0 -9999.0 -9999.0 -9999.0 -9999.0 -9999.0 -9999.0
-9999.0 -9999.0 -9999.0 -9999.0 -9999.0 -9999.0 -9999.0 -9999.0 -9999.0 -9999.0 -9999.0 -9999.0 -9999.0 -9999.0 -562.454436 -572.973458 -576.476782 -568.519062 -535.522999 -506.346689 -493.974882 -501.951436 -502.511272 -526.402822 -546.899814 -533.599649 -505.478570 -475.441669 -442.760368 -423.260221 -436.463594 -439.702784 -429.769476 -402.929982 -388.946201 -392.039708 -413.312738 -391.334441 -375.695167 -366.639518 -367.925148 -376.698591 -362.435343 -346.498042 -353.092698 -370.210935 -366.778488 -355.104297 -340.234835 -354.251579 -417.215678 -437.084959 -438.912186 -444.287907 -456.282293 -461.999523 -436.823305 -435.004273 -442.362461 -459.326002 -490.547149 -533.811776 -550.890942 -512.249180 -467.478012 -409.251518 -9999.0 -9999.0 -9999.0 -9999.0 -9999.0 -9999.0 -9999.0 -9999.0 -9999.0 -9999.0 -9999.0 -9999.0 -9999.0 -9999.0
-9999.0 -9999.0 -9999.0 -9999.0 -9999.0 -9999.0 -9999.0 -9999.0 -9999.0 -617.726165 -614.627045 -608.057592 -606.902004 -591.895539 -593.925836 -587.637637 -580.277963 -555.344127 -525.425189 -491.524112 -463.662513 -474.476504 -475.021979 -463.633530 -457.372579 -445.609915 -426.408776 -387.952363 -347.953748 -307.817427 -336.711013 -339.277463 -320.672043 -270.973724 -232.617569 -223.377545 -242.324262 -239.552909 -214.742124 -190.651960 -192.020184 -194.266287 -171.089734 -157.104593 -144.991058 -163.706634 -185.803448 -188.670473 -163.664424 -212.211865 -275.277742 -328.834821 -326.494862 -355.965390 -395.404572 -416.649048 -418.715407 -395.668909 -409.587537 -445.457776 -480.552287 -488.755208 -504.204864 -487.391688 -464.050781 -416.479233 -377.614012 -348.321900 -347.164615 -363.816944 -9999.0 -9999.0 -9999.0 -9999.0 -9999.0 -9999.0 -9999.0 -9999.0 -9999.0 -9999.0
-9999.0 -9999.0 -9999.0 -9999.0 -9999.0 -9999.0 -695.247340 -687.001630 -667.972217 -662.745683 -639.358736 -632.482932 -612.839531 -594.381061 -575.070744 -559.106163 -529.448815 -498.581582 -458.805238 -416.506834 -385.872220 -391.267109 -382.689912 -350.331493 -307.902992 -275.790246 -252.898687 -216.059292 -141.467375 -92.472164 -76.366112 -70.249950 -60.105952 -9.889091 61.868519 83.786407 57.496849 37.826474 58.054591 103.177492 114.774465 115.603919 128.984585 162.576341 308.966747 299.464000 128.242570 87.969618 77.428722 65.159405 3.960353 -65.714710 -111.909526 -159.586516 -236.461665 -294.668145 -295.094476 -278.582743 -307.556792 -358.392774 -398.723947 -407.667656 -420.605511 -433.427767 -426.922555 -406.405015 -381.828552 -369.255342 -380.361046 -399.730569 -421.935582 -449.877746 -447.658064 -421.847045 -9999.0 -9999.0 -9999.0 -9999.0 -9999.0 -9999.0
-9999.0 -9999.0 -9999.0 -9999.0 -744.282530 -732.437854 -744.314558 -721.719481 -690.734770 -658.719235 -627.405253 -591.369550 -565.791479 -537.728940 -497.699404 -461.329598 -420.244748 -388.116355 -335.720222 -268.061614 -216.884203 -191.984278 -179.016511 -118.542968 -48.177830 10.375622 31.997362 62.331117 127.435493 322.242262 358.824464 363.432385 371.919100 387.652523 410.950939 429.000408 417.164804 413.093041 415.864299 421.437801 435.191818 434.503805 436.943756 443.363444 461.547586 461.799363 432.933098 410.336277 403.788317 400.753046 387.674759 338.218537 223.070799 130.288755 91.231619 32.143412 -47.657703 -76.019026 -133.711871 -185.626735 -249.687345 -273.738468 -303.435938 -326.650517 -354.684854 -351.850781 -346.900696 -364.436247 -392.796043 -423.019056 -436.677981 -454.236173 -463.418824 -433.014090 -414.809096 -383.353205 -9999.0 -9999.0 -9999.0 -9999.0
-9999.0 -9999.0 -801.328523 -751.625693 -696.768951 -689.001692 -687.334637 -683.507290 -658.121736 -609.431474 -532.930551 -482.720445 -440.280070 -412.573204 -355.833014 -274.187318 -202.970685 -156.728301 -95.386755 -24.078857 40.753944 80.154504 107.747186 208.685948 339.891608 385.152762 398.616243 412.722191 433.595922 469.030048 485.064199 496.346413 499.962402 495.465644 493.788491 491.261168 489.343880 486.622918 474.179214 471.314389 475.276429 476.603253 480.219247 470.873328 470.369252 478.238472 478.479311 479.849822 483.023723 493.253214 502.809057 476.497588 435.841467 419.646913 414.971630 389.991098 350.626386 286.380559 160.902145 91.245215 2.193894 -60.948399 -118.675795 -165.962712 -214.936623 -243.727422 -286.054196 -322.673956 -364.075323 -406.224741 -427.485704 -444.285899 -445.169397 -443.375241 -426.551642 -410.231521 -394.314055 -386.238788 -9999.0 -9999.0
-9999.0 -898.824111 -826.534467 -699.543132 -622.190186 -578.959224 -539.930895 -512.713402 -491.167326 -479.622678 -376.612695 -274.785253 -182.201674 -153.979623 -104.818949 -9.249099 90.800207 179.151058 320.086977 365.406235 397.068743 420.741336 435.230455 460.386041 495.196228 496.062723 493.849771 493.710593 489.621498 488.506229 483.107860 487.170381 483.917291 473.964594 467.046056 467.504426 465.984349 450.316482 418.559388 402.823277 402.133356 416.335511 408.590471 395.772427 393.916198 407.438159 421.400112 415.857415 412.151201 438.740976 461.966935 470.982283 478.247872 485.821613 504.970085 485.234208 467.321733 439.766000 418.448444 400.001916 365.700866 297.849865 105.538690 23.385501 -53.905538 -121.177758 -174.832021 -226.274996 -284.535458 -318.717687 -346.138350 -395.164198 -416.312308 -412.918228 -420.938203 -422.510811 -415.170872 -408.424202 -9999.0 -9999.0
-9999.0 -968.369521 -825.237872 -640.359194 -496.541533 -438.914390 -326.832257 -245.954070 -217.469835 -241.486094 -140.156206 101.676849 315.914661 338.947013 376.557466 418.109321 436.258309 460.745636 492.006000 491.545439 487.912464 490.328682 486.278449 482.417120 475.984811 471.432246 471.152010 471.495840 465.447603 459.237793 451.683795 447.315087 420.814600 390.132144 372.210348 365.134309 358.588475 331.530388 179.901081 111.761265 91.871006 123.800575 105.172890 76.485385 70.972172 106.182139 170.149456 150.578343 164.177835 308.197725 356.919148 379.755738 390.894442 412.220324 447.622696 471.713547 481.208939 495.560821 500.284172 483.141535 462.290727 431.802857 398.304767 346.511231 165.736445 48.594699 -14.298057 -76.571415 -136.340179 -177.323273 -222.350659 -276.586761 -330.233958 -353.607017 -390.686218 -410.652171 -9999.0 -9999.0 -9999.0 -9999.0
-9999.0 -1031.080488 -839.446388 -574.295151 -324.969560 -207.738631 -11.751789 252.707043 331.848648 373.504125 384.229278 449.555259 479.768832 474.589116 463.253390 459.819986 465.160059 467.095783 467.475473 465.432302 463.859194 463.774475 463.831055 460.550439 452.545454 431.679830 416.716632 408.652321 388.542043 373.335715 354.715319 330.793725 172.734004 29.840766 -19.515131 -51.155114 -102.535921 -111.380939 -130.379435 -161.194714 -178.561369 -191.342366 -175.227529 -177.231395 -177.758486 -170.054348 -149.621035 -134.995212 -97.658475 -57.925085 -9.160235 43.794697 82.741864 165.081319 334.305267 381.492520 399.754865 423.164691 460.099289 483.193494 502.794241 496.171924 476.344486 455.044359 406.255330 368.253953 331.417876 149.558395 60.717551 -0.168369 -61.726958 -124.443879 -186.823899 -266.090417 -304.040701 -9999.0 -9999.0 -9999.0 -9999.0 -9999.0
-9999.0 -1179.942876 -912.535944 -616.327118 -290.371010 11.542325 143.063256 356.228783 413.849868 380.666898 373.922276 384.391103 410.112788 415.537688 401.366683 395.569377 388.394765 388.104211 398.519286 385.712279 372.317071 367.416753 368.782662 361.209670 335.642644 230.285793 163.386235 123.640435 60.031055 7.433248 -73.342906 -96.039828 -170.288936 -235.215394 -279.134121 -324.148936 -372.853442 -373.824275 -358.332807 -374.176782 -395.251035 -413.361760 -388.961816 -374.652407 -364.602050 -374.384167 -366.728555 -334.679080 -289.749522 -251.090648 -205.546306 -157.079145 -117.721130 -68.930501 -23.975635 34.408069 92.569310 195.269289 354.844127 416.361052 450.894099 470.402014 492.164904 510.782686 480.672704 458.329139 438.535725 401.327904 358.937866 322.370667 187.596902 35.742629 -40.521990 -9999.0 -9999.0 -9999.0 -9999.0 -9999.0 -9999.0 -9999.0
-9999.0 -1315.556379 -1080.654831 -829.151168 -530.909613 -309.101300 -157.778067 -51.844371 21.111710 23.387744 41.230114 71.877442 114.049192 150.156308 104.868087 53.612561 20.853091 23.960948 23.437643 -3.340458 -34.258825 -50.001873 -50.708864 -58.933779 -88.090836 -110.063081 -123.492296 -145.253657 -178.767811 -229.023790 -307.418204 -369.762546 -427.110541 -460.468874 -488.911573 -520.517921 -558.515342 -547.548358 -532.536435 -537.135710 -549.630191 -554.436245 -525.326939 -507.645941 -498.053395 -511.799205 -494.381071 -468.753398 -429.031227 -390.423671 -346.766771 -297.703632 -250.060374 -223.575141 -209.817997 -183.165742 -145.207695 -89.872984 9.253755 141.150281 338.744031 382.400473 419.439480 453.891785 466.486001 487.404818 486.881138 448.306965 399.182934 406.906292 389.316870 -9999.0 -9999.0 -9999.0 -9999.0 -9999.0 -9999.0 -9999.0 -9999.0 -9999.0
-9999.0 -9999.0 -1318.203990 -1124.580343 -959.993666 -776.086001 -632.918641 -536.161558 -472.321167 -392.937361 -310.789257 -242.278883 -205.602840 -190.727103 -209.363459 -249.598250 -275.641998 -275.004093 -283.357881 -297.071287 -320.783038 -329.133745 -337.234773 -343.978592 -356.669102 -363.381471 -367.735020 -377.309107 -397.986308 -442.210718 -493.269044 -543.458450 -596.329544 -620.221137 -641.417496 -663.719168 -667.419520 -668.500489 -661.354991 -660.214127 -655.314943 -643.996245 -623.421460 -602.663991 -593.681479 -587.411239 -575.382445 -552.597986 -520.646395 -481.619460 -431.875693 -379.460411 -344.696762 -335.531340 -346.957858 -343.253645 -324.228630 -284.251946 -202.678489 -120.250253 -21.915736 55.357057 184.058734 345.927546 373.983773 397.063579 439.697853 421.814936 270.875161 380.732409 -9999.0 -9999.0 -9999.0 -9999.0 -9999.0 -9999.0 -9999.0 -9999.0 -9999.0 -9999.0
-9999.0 -9999.0 -9999.0 -9999.0 -1267.442236 -1109.851384 -1017.636195 -937.094486 -821.322616 -719.246423 -632.913203 -562.272010 -514.581870 -493.269041 -505.963286 -513.410285 -521.938567 -524.751211 -532.577698 -538.479797 -544.359797 -551.555819 -561.503441 -568.562389 -569.248449 -565.802493 -567.293068 -579.447705 -593.962278 -621.072925 -644.947934 -679.429249 -715.923862 -744.450702 -757.052331 -764.012914 -763.507059 -768.533256 -758.828250 -752.789989 -738.158275 -722.836480 -699.013718 -671.207040 -659.183614 -645.418871 -636.026405 -615.628843 -586.583585 -535.367269 -475.158226 -421.774397 -390.698340 -389.490925 -417.796363 -435.790913 -441.438929 -417.032825 -374.659902 -311.582676 -216.515255 -149.704368 -86.353228 -23.546618 24.343941 116.331567 359.175416 410.987569 -9999.0 -9999.0 -9999.0 -9999.0 -9999.0 -9999.0 -9999.0 -9999.0 -9999.0 -9999.0 -9999.0 -9999.0
-9999.0 -9999.0 -9999.0 -9999.0 -9999.0 -9999.0 -1326.158703 -1232.841937 -1144.159504 -1027.802966 -921.004921 -833.801041 -763.338686 -741.023860 -726.172443 -705.327395 -710.379059 -726.521495 -741.990498 -726.129442 -717.541550 -721.840691 -747.942774 -749.406899 -746.144676 -736.570895 -737.326466 -742.964354 -767.020922 -759.529556 -761.181656 -783.606715 -809.128564 -823.308972 -834.544154 -824.459181 -823.411293 -835.504231 -832.622632 -806.941200 -787.556683 -774.166488 -751.693422 -718.911468 -687.388702 -673.630992 -673.009386 -667.117249 -625.998868 -557.080078 -488.874351 -437.838180 -409.440407 -404.170391 -434.598807 -477.510889 -501.508014 -498.070303 -467.927510 -420.254741 -350.832420 -308.224279 -281.455763 -261.404286 -234.620893 -141.056818 -9999.0 -9999.0 -9999.0 -9999.0 -9999.0 -9999.0 -9999.0 -9999.0 -9999.0 -9999.0 -9999.0 -9999.0 -9999.0 -9999.0
-9999.0 -9999.0 -9999.0 -9999.0 -9999.0 -9999.0 -9999.0 -9999.0 -9999.0 -9999.0 -9999.0 -9999.0 -9999.0 -9999.0 -9999.0 -9999.0 -9999.0 -9999.0 -9999.0 -9999.0 -9999.0 -9999.0 -9999.0 -9999.0 -9999.0 -9999.0 -9999.0 -9999.0 -9999.0 -9999.0 -9999.0 -9999.0 -9999.0 -9999.0 -9999.0 -9999.0 -9999.0 -9999.0 -9999.0 -9999.0 -9999.0 -9999.0 -9999.0 -9999.0 -9999.0 -9999.0 -9999.0 -9999.0 -9999.0 -9999.0 -9999.0 -9999.0 -9999.0 -9999.0 -9999.0 -9999.0 -9999.0 -9999.0 -9999.0 -9999.0 -9999.0 -9999.0 -9999.0 -9999.0 -9999.0 -9999.0 -9999.0 -9999.0 -9999.0 -9999.0 -9999.0 -9999.0 -9999.0 -9999.0 -9999.0 -9999.0 -9999.0 -9999.0 -9999.0 -9999.0
-9999.0 -9999.0 -9999.0 -9999.0 -9999.0 -9999.0 -9999.0 -9999.0 -9999.0 -9999.0 -9999.0 -9999.0 -9999.0 -9999.0 -9999.0 -9999.0 -9999.0 -9999.0 -9999.0 -9999.0 -9999.0 -9999.0 -9999.0 -9999.0 -9999.0 -9999.0 -9999.0 -9999.0 -9999.0 -9999.0 -9999.0 -9999.0 -9999.0 -9999.0 -9999.0 -9999.0 -9999.0 -9999.0 -9999.0 -9999.0 -9999.0 -9999.0 -9999.0 -9999.0 -9999.0 -9999.0 -9999.0 -9999.0 -9999.0 -9999.0 -9999.0 -9999.0 -9999.0 -9999.0 -9999.0 -9999.0 -9999.0 -9999.0 -9999.0 -9999.0 -9999.0 -9999.0 -9999.0 -9999.0 -9999.0 -9999.0 -9999.0 -9999.0 -9999.0 -9999.0 -9999.0 -9999.0 -9999.0 -9999.0 -9999.0 -9999.0 -9999.0 -9999.0 -9999.0 -9999.0