Borden_/Borden1m_014/output_maps/psiliqL0001N0015.asc
ncols         80
nrows         18
xllcorner     620200.000000
yllcorner     5168000.000000
cellsize      1.000000
NODATA_value  -9999.0
-9999.0 -9999.0 -9999.0 -9999.0 -9999.0 -9999.0 -9999.0 -9999.0 -9999.0 -9999.0 -9999.0 -9999.0 -9999.0 -9999.0 -9999.0 -9999.0 -9999.0 -9999.0 -9999.0 -9999.0 -9999.0 -9999.0 -9999.0 -9999.0 -9999.0 -9999.0 -9999.0 -9999.0 -9999.0 -9999.0 -9999.0 -9999.0 -9999.0 -9999.0 -9999.0 -9999.0 -9999.0 -9999.0 -9999.0 -9999.0 -9999.0 -9999.0 -9999.0 -9999.0 -9999.0 -9999.0 -9999.0 -9999.0 -9999.0 -9999.0 -9999.0 -9999.0 -9999.0 -9999.0 -9999.0 -9999.0 -9999.0 -9999.0 -9999.0 -9999.0 -9999.0 -9999.0 -9999.0 -9999.0 -9999.0 -9999.0 -9999.0 -9999.0 -9999.0 -9999.0 -9999.0 -9999.0 -9999.0 -9999.0 -9999.0 -9999.0 -9999.0 -9999.0 -9999.0 -9999.0
-9999.0 -9999.0 -9999.0 -9999.0 -9999.0 -9999.0 -9999.0 -9999.0 -9999.0 -9999.0 -9999.0 -9999.0 -9999.0 -9999.0 -9999.0 -9999.0 -9999.0 -9999.0 -9999.0 -9999.0 -9999.0 -9999.0 -9999.0 -9999.0 -9999.0 -9999.0 -9999.0 -9999.0 -9999.0 -9999.0 -9999.0 -9999.0 -9999.0 -9999.0 -9999.0 -9999.0 -9999.0 -9999.0 -9999.0 -9999.0 -9999.0 -9999.0 -9999.0 -9999.0 -9999.0 -9999.0 -9999.0 -9999.0 -9999.0 -9999.0 -9999.0 -9999.0 -9999.0 -9999.0 -9999.0 -9999.0 -9999.0 -9999.0 -9999.0 -9999.0 -9999.0 -9999.0 -9999.0 -9999.0 -9999.0 -9999.0 -9999.0 -9999.0 -9999.0 -9999.0 -9999.0 -9999.0 -9999.0 -9999.0 -9999.0 -9999.0 -9999.0 -9999.0 -9999.0 -9999.0
-9999.0 -9999.0 -9999.0 -9999.0 -9999.0 -9999.0 -9999.0 -9999.0 -9999.0 -9999.0 -9999.0 -9999.0 -9999.0 -9999.0 -9999.0 -9999.0 -9999.0 -9999.0 -9999.0 -9999.0 -472.475283 -471.201468 -473.150099 -475.205235 -477.123416 -477.539228 -475.519508 -473.512757 -471.130730 -470.933333 -473.408174 -472.537745 -473.627660 -474.463582 -474.731585 -474.046248 -473.650537 -472.967718 -472.640267 -473.073366 -473.759675 -474.136467 -474.707319 -474.732028 -473.795379 -475.006891 -473.403427 -472.077387 -471.775551 -471.385207 -472.741920 -473.090491 -473.149286 -475.213399 -471.545023 -470.914920 -468.795313 -468.812705 -468.060580 -470.403537 -472.735894 -9999.0 -9999.0 -9999.0 -9999.0 -9999.0 -9999.0 -9999.0 -9999.0 -9999.0 -9999.0 -9999.0 -9999.0 -9999.0 -9999.0 -9999.0 -9999.0 -9999.0 -9999.0 -9999.0
-9999.0 -9999.0 -9999.0 -9999.0 -9999.0 -9999.0 -9999.0 -9999.0 -9999.0 -9999.0 -9999.0 -9999.0 -9999.0 -9999.0 -474.472814 -475.802791 -476.473824 -477.224180 -475.403635 -474.260576 -474.768121 -476.146229 -474.687541 -477.061669 -479.280268 -477.994898 -476.611286 -476.002025 -474.420062 -473.069615 -474.665618 -475.070959 -474.429671 -471.640080 -470.756405 -471.545153 -475.490714 -471.868368 -470.614325 -469.823752 -469.947464 -471.755419 -469.618365 -467.095080 -468.604563 -471.305049 -470.546541 -469.177100 -466.715476 -467.123140 -475.406327 -475.314637 -474.464537 -473.781080 -474.915142 -475.906598 -472.301863 -473.181871 -473.518789 -473.357502 -474.653065 -477.544066 -479.030746 -475.589677 -473.367297 -467.986764 -9999.0 -9999.0 -9999.0 -9999.0 -9999.0 -9999.0 -9999.0 -9999.0 -9999.0 -9999.0 -9999.0 -9999.0 -9999.0 -9999.0
-9999.0 -9999.0 -9999.0 -9999.0 -9999.0 -9999.0 -9999.0 -9999.0 -9999.0 -475.647533 -476.174852 -475.887742 -477.015694 -475.979119 -478.372791 -477.992967 -478.677890 -477.443284 -476.926247 -475.582218 -473.199578 -475.470895 -475.835248 -474.515274 -474.770360 -474.739320 -474.344670 -471.061046 -467.897765 -461.247821 -467.958130 -468.215132 -465.477045 -450.690447 -440.189888 -437.805553 -442.712292 -442.727440 -436.470807 -429.320114 -430.400410 -431.346906 -423.340994 -419.218410 -416.126959 -423.045877 -429.069809 -430.121102 -419.317236 -436.062051 -450.730189 -466.871540 -464.572789 -468.454249 -472.557385 -473.649129 -474.640344 -470.578927 -471.634782 -474.401179 -476.643657 -474.876474 -476.559534 -474.945955 -474.538617 -470.667629 -467.547572 -464.244694 -464.091099 -466.346360 -9999.0 -9999.0 -9999.0 -9999.0 -9999.0 -9999.0 -9999.0 -9999.0 -9999.0 -9999.0
-9999.0 -9999.0 -9999.0 -9999.0 -9999.0 -9999.0 -476.960865 -477.298883 -476.723936 -479.804516 -478.217046 -479.842336 -478.812080 -478.661925 -478.227899 -478.754457 -477.324950 -476.422066 -474.687365 -472.310434 -469.924868 -472.290816 -471.864069 -468.268092 -459.225124 -449.058089 -444.632711 -437.237123 -411.445013 -388.452963 -374.503786 -366.960446 -329.977553 -51.763050 2.783029 2.988773 2.798269 2.645515 2.786464 3.071681 3.077983 3.038623 3.088791 3.123925 3.413654 3.362742 3.026557 2.967382 2.967967 2.876988 -34.418697 -324.053348 -396.625127 -418.470552 -441.574814 -454.299955 -458.358035 -457.507215 -462.314507 -468.837897 -472.326350 -471.540214 -471.922612 -473.662138 -472.733889 -471.414635 -469.098942 -467.461746 -468.530467 -469.710812 -470.092071 -472.830557 -472.225906 -469.488763 -9999.0 -9999.0 -9999.0 -9999.0 -9999.0 -9999.0
-9999.0 -9999.0 -9999.0 -9999.0 -480.754050 -479.574147 -483.442251 -481.502082 -480.251112 -479.526639 -480.258952 -478.864905 -479.041096 -478.356650 -476.464715 -475.665921 -473.305175 -472.087136 -466.419607 -450.202221 -436.475600 -429.229989 -426.549284 -396.998793 -80.493534 2.445494 2.676746 2.815258 3.027728 3.528240 3.751676 3.795320 4.060077 4.699019 5.141832 5.988654 5.286075 5.214563 5.266849 5.315580 12.478746 12.782710 13.667790 13.680599 15.604408 17.691681 5.532899 5.112237 5.070364 5.048192 4.824886 3.823454 3.353402 3.160612 3.043189 2.619297 -75.712262 -360.666754 -409.285872 -428.073947 -446.596220 -456.516846 -462.260121 -464.671802 -468.994641 -467.689824 -465.901086 -467.903907 -470.286199 -472.586633 -472.161163 -473.080611 -474.860250 -470.979058 -470.269718 -466.569289 -9999.0 -9999.0 -9999.0 -9999.0
-9999.0 -9999.0 -480.314638 -480.812985 -477.952410 -480.382728 -481.817441 -483.833991 -483.555637 -481.186143 -477.019088 -476.557546 -474.654433 -474.199935 -468.470002 -449.665812 -431.320237 -418.005845 -380.563218 -66.487081 2.629255 2.937803 2.988775 3.324244 4.262687 4.861547 5.018522 5.164279 5.394555 17.169962 42.258988 56.179341 66.840926 53.687097 58.565147 51.626745 54.274948 47.405150 32.809252 29.668172 37.598078 38.279559 43.115225 30.047076 27.117012 38.390692 41.990568 41.004366 45.280883 50.603266 64.315838 34.140277 5.243932 5.183691 5.276876 4.882654 4.301719 3.525934 3.350978 3.036727 -28.809295 -292.689496 -399.195961 -423.200363 -442.985379 -452.382273 -460.495829 -464.835403 -468.693009 -472.766217 -473.473733 -473.692034 -472.504982 -473.448942 -471.497041 -470.396423 -468.198568 -467.592918 -9999.0 -9999.0
-9999.0 -480.615388 -482.436398 -477.562966 -478.063331 -477.989287 -477.804930 -477.703638 -476.975053 -479.958998 -469.133617 -446.876357 -426.693401 -420.627226 -389.685920 -73.133977 2.796522 3.197368 3.536866 4.415103 4.943912 5.313758 8.254079 39.628290 66.045208 54.745521 57.871166 51.723937 46.447591 37.760684 27.186755 36.035493 33.295788 20.312797 8.558054 7.955835 5.850129 5.214423 4.976130 4.875484 4.943274 5.362690 5.106564 4.888313 4.830102 5.044067 5.364008 5.109081 4.926247 5.121928 5.599028 13.820850 30.071763 43.153511 65.011667 41.210449 9.883842 5.189740 5.124798 4.952887 4.529163 3.773306 3.210602 2.663071 -70.891059 -400.099926 -429.754816 -449.159589 -460.802352 -464.321615 -466.189175 -472.179228 -473.086745 -470.905050 -471.697189 -471.740457 -470.921225 -470.378780 -9999.0 -9999.0
-9999.0 -486.298908 -481.519131 -477.381509 -473.340374 -475.692385 -454.912857 -439.039045 -435.738664 -446.769729 -405.839422 -11.003601 3.371393 3.326365 3.950422 5.162659 28.616538 47.134334 65.105800 51.000096 48.386792 47.763832 44.842647 35.787897 21.702642 14.903147 14.916754 13.252546 5.544616 5.265750 5.059750 5.188053 5.037005 4.759146 4.447763 3.954723 3.685256 3.532858 3.274604 3.092038 2.972067 3.220735 3.108795 2.953705 2.903511 3.086171 3.406575 3.283661 3.376794 3.743633 4.413996 4.734344 4.831958 5.015631 5.310892 14.321552 33.026298 50.350105 59.391034 33.498998 5.594797 5.036798 4.929132 4.578891 4.062435 2.902708 -44.141093 -341.331693 -409.419471 -427.696427 -446.017165 -457.891235 -466.288422 -466.747384 -471.007203 -470.424003 -9999.0 -9999.0 -9999.0 -9999.0
-9999.0 -486.396425 -481.947376 -473.593271 -455.813279 -424.663833 -57.200072 3.087520 3.499066 4.022583 4.531256 48.618420 57.935205 39.369470 13.675810 9.685337 18.497920 20.937616 16.256385 8.230690 5.529444 5.466364 5.487435 5.312710 5.183632 5.067246 5.004320 4.992317 4.720018 4.455689 3.759689 3.590401 3.347529 2.503179 -45.495579 -300.779614 -395.985220 -400.045304 -406.603857 -419.457732 -424.868489 -429.329897 -423.429686 -424.928552 -425.604885 -422.726281 -414.915053 -409.201032 -383.793313 -296.850590 -33.395391 2.838788 3.132617 3.610751 4.339105 4.798206 4.939710 5.094774 5.639647 34.575987 55.710118 47.037028 19.620070 5.470728 4.923134 4.542186 4.316514 3.435062 2.868033 -18.100874 -225.882946 -399.393464 -430.427004 -455.011923 -460.079492 -9999.0 -9999.0 -9999.0 -9999.0 -9999.0
-9999.0 -494.149824 -481.310621 -474.852400 -439.158437 -65.131119 3.051324 5.232282 46.496413 4.980739 4.577998 4.761546 5.213987 5.229312 4.898674 4.925769 4.860785 4.845817 5.135949 4.814226 4.488634 3.981275 3.958729 3.797826 3.540327 3.406443 3.346794 3.249019 2.814289 -36.280203 -354.957325 -386.776023 -421.629495 -439.926633 -450.414006 -462.161690 -469.992380 -469.389260 -466.186868 -468.399722 -470.660460 -473.592135 -470.226899 -468.988152 -467.538954 -469.667126 -469.698271 -465.831669 -459.523548 -452.922687 -437.315182 -420.178184 -401.104640 -329.710761 -48.192992 2.717539 3.121521 3.519739 4.476182 5.114431 5.324739 9.854573 44.783191 64.433460 26.116570 5.327466 5.071191 4.851534 4.429517 4.184039 3.771323 3.222762 2.615029 -9999.0 -9999.0 -9999.0 -9999.0 -9999.0 -9999.0 -9999.0
-9999.0 -498.280736 -484.019677 -483.334648 -470.820050 -444.133700 -396.191353 -67.332467 2.590619 2.608452 2.747422 2.909125 3.094691 3.309066 3.100071 2.831765 2.625114 2.707719 2.722333 2.415165 -50.448966 -310.151068 -324.007884 -344.010108 -382.466407 -395.152176 -401.111578 -411.675246 -424.401427 -439.057839 -460.882046 -468.655846 -473.838491 -474.865157 -475.773402 -476.954342 -480.485380 -478.048161 -476.458286 -476.792059 -477.904498 -478.923762 -476.205765 -475.605287 -474.830491 -477.699458 -476.054839 -475.214760 -472.711257 -470.503001 -467.104563 -461.669010 -453.852721 -448.312050 -439.754128 -429.022372 -414.120360 -364.591533 -42.127993 3.258554 4.375701 4.720280 5.082132 5.397775 5.555259 15.301637 24.435222 7.248581 4.642194 4.776190 4.778809 -9999.0 -9999.0 -9999.0 -9999.0 -9999.0 -9999.0 -9999.0 -9999.0 -9999.0
-9999.0 -9999.0 -501.307383 -495.820845 -491.263000 -487.286223 -481.656064 -472.175008 -467.247460 -459.395391 -448.570837 -436.393131 -428.710242 -424.943599 -430.187064 -440.920984 -446.689357 -445.844036 -447.465602 -450.636893 -458.028584 -462.470001 -463.558503 -464.267073 -466.417836 -467.168093 -467.328527 -467.747941 -468.940532 -472.596694 -475.538662 -477.345808 -479.973935 -479.148133 -479.330618 -480.342843 -478.993395 -479.296129 -479.030126 -479.260317 -478.984336 -478.503229 -478.118782 -477.446289 -477.627697 -477.449214 -477.384541 -476.827800 -476.033327 -475.132170 -472.745832 -468.871565 -466.101154 -465.673598 -467.798357 -467.283527 -465.120690 -459.709448 -434.699138 -393.956393 -60.955323 2.815622 3.599361 4.491692 4.637516 4.735727 5.018479 5.860565 4.458045 4.475980 -9999.0 -9999.0 -9999.0 -9999.0 -9999.0 -9999.0 -9999.0 -9999.0 -9999.0 -9999.0
-9999.0 -9999.0 -9999.0 -9999.0 -503.876216 -495.990112 -488.549119 -489.738488 -484.763841 -482.374972 -480.562300 -478.315633 -476.530488 -475.150005 -477.380471 -477.500493 -477.652553 -477.125563 -477.444559 -477.922505 -478.029541 -478.256011 -478.405725 -478.836860 -478.507495 -477.936708 -477.699862 -478.457192 -478.038844 -479.423306 -479.096883 -479.650245 -480.243137 -481.237984 -480.777884 -480.827748 -480.208703 -480.820378 -479.920646 -480.592463 -480.005942 -479.869826 -479.288577 -478.211019 -479.012633 -478.392008 -478.553473 -477.853911 -478.152002 -476.611197 -473.944888 -470.846966 -468.827605 -469.153559 -472.564075 -473.642385 -474.679163 -472.925925 -470.454310 -463.963864 -440.199419 -416.918564 -365.119818 -48.644589 2.637726 3.133434 4.122815 4.523884 -9999.0 -9999.0 -9999.0 -9999.0 -9999.0 -9999.0 -9999.0 -9999.0 -9999.0 -9999.0 -9999.0 -9999.0
-9999.0 -9999.0 -9999.0 -9999.0 -9999.0 -9999.0 -500.229683 -496.231972 -497.691026 -494.891012 -492.548613 -490.912209 -488.121662 -488.834820 -487.967356 -485.438848 -485.741372 -486.845714 -488.318653 -486.047658 -485.058423 -484.744307 -487.130761 -486.337614 -486.082492 -485.159026 -485.256593 -484.714704 -486.735746 -484.029410 -482.648944 -482.905695 -483.135690 -482.469129 -482.961235 -481.298186 -481.098134 -482.395337 -482.837501 -481.055688 -480.675539 -481.114529 -480.991287 -480.041733 -478.489906 -478.418001 -479.355500 -480.755388 -479.532448 -476.543813 -473.603530 -471.287902 -469.823825 -469.060323 -471.580421 -475.313128 -477.225382 -477.843730 -476.924770 -475.176021 -469.249843 -465.678487 -462.582335 -454.026177 -447.275543 -416.124936 -9999.0 -9999.0 -9999.0 -9999.0 -9999.0 -9999.0 -9999.0 -9999.0 -9999.0 -9999.0 -9999.0 -9999.0 -9999.0 -9999.0
-9999.0 -9999.0 -9999.0 -9999.0 -9999.0 -9999.0 -9999.0 -9999.0 -9999.0 -9999.0 -9999.0 -9999.0 -9999.0 -9999.0 -9999.0 -9999.0 -9999.0 -9999.0 -9999.0 -9999.0 -9999.0 -9999.0 -9999.0 -9999.0 -9999.0 -9999.0 -9999.0 -9999.0 -9999.0 -9999.0 -9999.0 -9999.0 -9999.0 -9999.0 -9999.0 -9999.0 -9999.0 -9999.0 -9999.0 -9999.0 -9999.0 -9999.0 -9999.0 -9999.0 -9999.0 -9999.0 -9999.0 -9999.0 -9999.0 -9999.0 -9999.0 -9999.0 -9999.0 -9999.0 -9999.0 -9999.0 -9999.0 -9999.0 -9999.0 -9999.0 -9999.0 -9999.0 -9999.0 -9999.0 -9999.0 -9999.0 -9999.0 -9999.0 -9999.0 -9999.0 -9999.0 -9999.0 -9999.0 -9999.0 -9999.0 -9999.0 -9999.0 -9999.0 -9999.0 -9999.0
-9999.0 -9999.0 -9999.0 -9999.0 -9999.0 -9999.0 -9999.0 -9999.0 -9999.0 -9999.0 -9999.0 -9999.0 -9999.0 -9999.0 -9999.0 -9999.0 -9999.0 -9999.0 -9999.0 -9999.0 -9999.0 -9999.0 -9999.0 -9999.0 -9999.0 -9999.0 -9999.0 -9999.0 -9999.0 -9999.0 -9999.0 -9999.0 -9999.0 -9999.0 -9999.0 -9999.0 -9999.0 -9999.0 -9999.0 -9999.0 -9999.0 -9999.0 -9999.0 -9999.0 -9999.0 -9999.0 -9999.0 -9999.0 -9999.0 -9999.0 -9999.0 -9999.0 -9999.0 -9999.0 -9999.0 -9999.0 -9999.0 -9999.0 -9999.0 -9999.0 -9999.0 -9999.0 -9999.0 -9999.0 -9999.0 -9999.0 -9999.0 -9999.0 -9999.0 -9999.0 -9999.0 -9999.0 -9999.0 -9999.0 -9999.0 -9999.0 -9999.0 -9999.0 -9999.0 -9999.0