Borden_/Borden1m_014/output_maps/psiliqL0018N0031.asc
ncols         80
nrows         18
xllcorner     620200.000000
yllcorner     5168000.000000
cellsize      1.000000
NODATA_value  -9999.0
-9999.0 -9999.0 -9999.0 -9999.0 -9999.0 -9999.0 -9999.0 -9999.0 -9999.0 -9999.0 -9999.0 -9999.0 -9999.0 -9999.0 -9999.0 -9999.0 -9999.0 -9999.0 -9999.0 -9999.0 -9999.0 -9999.0 -9999.0 -9999.0 -9999.0 -9999.0 -9999.0 -9999.0 -9999.0 -9999.0 -9999.0 -9999.0 -9999.0 -9999.0 -9999.0 -9999.0 -9999.0 -9999.0 -9999.0 -9999.0 -9999.0 -9999.0 -9999.0 -9999.0 -9999.0 -9999.0 -9999.0 -9999.0 -9999.0 -9999.0 -9999.0 -9999.0 -9999.0 -9999.0 -9999.0 -9999.0 -9999.0 -9999.0 -9999.0 -9999.0 -9999.0 -9999.0 -9999.0 -9999.0 -9999.0 -9999.0 -9999.0 -9999.0 -9999.0 -9999.0 -9999.0 -9999.0 -9999.0 -9999.0 -9999.0 -9999.0 -9999.0 -9999.0 -9999.0 -9999.0
-9999.0 -9999.0 -9999.0 -9999.0 -9999.0 -9999.0 -9999.0 -9999.0 -9999.0 -9999.0 -9999.0 -9999.0 -9999.0 -9999.0 -9999.0 -9999.0 -9999.0 -9999.0 -9999.0 -9999.0 -9999.0 -9999.0 -9999.0 -9999.0 -9999.0 -9999.0 -9999.0 -9999.0 -9999.0 -9999.0 -9999.0 -9999.0 -9999.0 -9999.0 -9999.0 -9999.0 -9999.0 -9999.0 -9999.0 -9999.0 -9999.0 -9999.0 -9999.0 -9999.0 -9999.0 -9999.0 -9999.0 -9999.0 -9999.0 -9999.0 -9999.0 -9999.0 -9999.0 -9999.0 -9999.0 -9999.0 -9999.0 -9999.0 -9999.0 -9999.0 -9999.0 -9999.0 -9999.0 -9999.0 -9999.0 -9999.0 -9999.0 -9999.0 -9999.0 -9999.0 -9999.0 -9999.0 -9999.0 -9999.0 -9999.0 -9999.0 -9999.0 -9999.0 -9999.0 -9999.0
-9999.0 -9999.0 -9999.0 -9999.0 -9999.0 -9999.0 -9999.0 -9999.0 -9999.0 -9999.0 -9999.0 -9999.0 -9999.0 -9999.0 -9999.0 -9999.0 -9999.0 -9999.0 -9999.0 -9999.0 1753.718905 1756.417439 1735.615932 1703.248189 1676.870932 1680.771163 1716.709637 1759.743817 1800.428813 1811.588669 1795.272801 1799.965544 1796.953655 1795.845904 1798.658090 1806.869789 1813.032915 1824.753799 1833.927520 1834.342076 1829.319453 1825.490666 1827.329978 1830.077015 1835.341916 1822.278159 1835.427206 1849.053417 1851.897707 1845.137256 1816.707147 1799.834366 1788.539724 1770.377464 1793.025878 1802.407289 1822.944356 1825.059934 1821.427997 1793.156198 1762.233231 -9999.0 -9999.0 -9999.0 -9999.0 -9999.0 -9999.0 -9999.0 -9999.0 -9999.0 -9999.0 -9999.0 -9999.0 -9999.0 -9999.0 -9999.0 -9999.0 -9999.0 -9999.0 -9999.0
-9999.0 -9999.0 -9999.0 -9999.0 -9999.0 -9999.0 -9999.0 -9999.0 -9999.0 -9999.0 -9999.0 -9999.0 -9999.0 -9999.0 1659.403656 1651.143380 1649.859206 1659.530303 1694.249137 1725.607510 1737.814017 1731.516125 1732.986501 1710.720685 1691.225435 1706.742819 1738.491103 1771.884117 1808.236292 1829.678589 1820.584097 1820.121740 1830.451649 1855.098925 1867.313733 1865.286748 1847.341003 1872.281680 1888.557693 1897.284843 1897.965814 1890.495816 1902.678921 1917.864694 1910.443050 1892.954229 1898.635606 1909.636622 1919.024075 1904.723373 1840.393495 1820.919308 1814.161746 1805.612585 1789.301089 1781.393809 1805.410062 1802.956011 1792.937266 1773.461992 1739.234272 1693.959511 1673.860941 1711.424757 1753.451364 1808.911684 -9999.0 -9999.0 -9999.0 -9999.0 -9999.0 -9999.0 -9999.0 -9999.0 -9999.0 -9999.0 -9999.0 -9999.0 -9999.0 -9999.0
-9999.0 -9999.0 -9999.0 -9999.0 -9999.0 -9999.0 -9999.0 -9999.0 -9999.0 1597.325716 1603.337404 1612.034102 1616.155665 1633.267340 1631.685688 1640.334471 1648.242908 1677.232382 1709.566693 1745.763765 1775.363285 1768.187874 1769.986173 1779.918803 1782.392523 1795.197555 1818.879368 1860.841611 1900.032879 1941.392764 1913.577365 1912.492528 1932.645352 1978.713613 2008.925852 2014.796529 1997.446199 2010.009723 2036.023102 2057.766911 2058.321200 2056.369519 2082.012344 2096.311116 2094.358599 2072.769979 2062.685390 2063.299596 2087.370973 2034.130597 1966.000772 1917.382638 1922.600368 1893.100206 1856.764618 1836.900534 1832.669893 1850.594768 1834.136307 1795.572826 1758.224723 1744.988613 1725.623761 1741.776413 1762.100057 1806.152904 1843.280725 1869.977918 1867.515106 1848.766940 -9999.0 -9999.0 -9999.0 -9999.0 -9999.0 -9999.0 -9999.0 -9999.0 -9999.0 -9999.0
-9999.0 -9999.0 -9999.0 -9999.0 -9999.0 -9999.0 1516.169140 1527.125153 1549.035139 1554.375717 1581.762334 1590.365912 1612.559077 1633.346757 1657.092638 1674.654633 1705.436950 1739.715077 1781.167649 1824.750421 1857.920137 1853.140653 1864.602566 1893.426645 1930.373843 1958.250539 1985.037167 2026.929994 2104.148433 2146.732057 2151.508071 2156.919072 2167.506207 2217.389313 2281.489768 2294.919598 2275.288474 2262.331027 2284.945489 2323.160408 2328.491615 2330.856872 2343.968956 2354.241968 2379.644997 2368.233449 2327.234800 2313.676126 2312.556322 2292.217583 2226.867490 2163.498392 2131.953487 2080.560520 1996.033940 1942.926256 1952.274185 1970.628404 1940.966201 1885.706485 1844.347983 1832.346663 1815.560095 1801.345704 1806.628598 1823.913277 1843.638683 1852.667733 1837.349750 1814.136404 1789.901377 1759.831009 1760.725393 1785.053254 -9999.0 -9999.0 -9999.0 -9999.0 -9999.0 -9999.0
-9999.0 -9999.0 -9999.0 -9999.0 1464.471398 1478.477208 1466.894377 1494.073047 1528.519148 1564.629928 1597.429959 1635.258570 1664.043060 1696.059283 1736.946360 1770.277563 1811.977709 1848.495233 1903.653544 1972.401372 2024.256931 2047.700347 2063.691599 2121.874100 2183.375895 2236.045989 2258.589428 2288.014880 2335.071285 2396.271379 2423.850719 2430.758529 2448.916721 2486.914960 2537.005342 2571.947303 2555.644161 2548.127237 2556.165898 2569.823474 2594.553273 2597.006125 2599.615679 2602.749056 2607.673199 2605.254856 2578.554498 2543.281820 2526.814829 2515.674653 2482.193368 2410.904402 2371.956834 2339.826840 2300.991834 2246.331933 2185.317288 2172.326050 2113.609685 2054.056905 1992.427455 1971.441781 1940.472769 1914.237405 1884.952516 1885.600298 1887.120345 1864.143276 1828.943502 1794.525621 1777.797722 1757.608037 1745.123213 1774.352120 1791.022100 1820.404599 -9999.0 -9999.0 -9999.0 -9999.0
-9999.0 -9999.0 1403.088118 1451.589967 1509.995836 1519.760842 1520.174682 1527.622444 1558.234448 1612.455787 1686.927368 1736.111698 1777.528070 1813.829781 1874.447053 1951.283145 2022.536145 2072.054338 2134.622372 2206.982870 2270.684247 2304.421020 2321.869261 2363.008689 2418.778444 2483.957647 2512.582597 2540.668498 2575.140758 2611.412204 2618.185487 2631.824219 2641.549110 2647.272622 2655.498504 2658.643451 2653.591656 2647.907832 2629.103868 2625.117076 2632.653766 2639.669894 2640.774480 2627.151739 2623.030042 2636.486174 2640.338933 2638.132961 2636.063914 2642.242366 2642.988275 2600.683241 2568.230884 2551.206907 2537.578169 2490.947214 2424.266887 2383.577335 2359.185052 2313.300831 2234.306410 2183.955368 2133.497172 2085.621823 2033.064945 2002.712696 1955.239812 1910.828030 1862.109512 1813.886400 1788.847695 1769.952275 1766.495718 1765.147834 1780.522292 1794.884264 1809.519421 1816.920459 -9999.0 -9999.0
-9999.0 1297.319848 1369.812542 1495.687531 1576.754417 1621.321228 1648.861228 1669.112053 1700.330376 1732.029922 1834.332495 1914.479861 2006.005057 2046.883452 2097.898293 2195.994793 2292.814230 2341.825747 2383.004936 2443.419393 2507.006907 2557.770290 2588.031609 2591.548765 2628.249556 2647.089443 2652.245216 2657.288948 2655.475158 2648.034194 2640.156662 2646.220472 2641.913209 2621.966795 2604.914168 2601.051052 2594.772443 2569.238680 2538.806671 2522.916695 2524.783840 2549.344853 2536.252013 2515.282269 2511.457368 2533.132832 2554.274055 2545.432936 2533.393997 2552.727634 2588.472399 2612.257106 2620.413750 2637.759571 2658.437786 2631.531680 2604.552687 2561.009259 2539.277487 2508.784699 2448.599672 2386.838536 2330.627347 2268.614862 2201.653436 2134.485639 2070.277811 2006.855886 1939.586994 1897.184285 1865.471705 1815.798292 1795.673531 1797.194291 1787.916471 1784.071303 1789.019511 1794.833858 -9999.0 -9999.0
-9999.0 1212.065742 1353.878161 1537.352827 1685.945721 1741.805160 1834.325323 1909.809091 1937.632196 1905.664697 2014.484773 2235.161877 2347.461075 2368.925671 2444.680949 2538.697231 2550.078846 2584.506244 2608.835675 2624.966768 2638.201726 2651.002862 2650.900844 2646.616942 2632.180085 2624.360641 2622.575646 2619.028105 2600.375684 2579.899231 2561.104905 2555.462551 2534.084720 2486.405453 2451.478444 2432.361799 2413.730413 2394.232123 2362.224153 2334.561097 2317.896739 2331.891641 2327.090633 2310.803139 2307.113189 2329.160923 2361.169668 2358.938391 2370.038200 2392.621642 2432.881522 2473.863827 2497.675456 2529.444435 2568.433490 2615.096948 2629.599787 2651.816372 2655.454972 2638.077832 2591.524125 2535.784378 2499.121574 2433.932193 2359.517527 2278.673149 2211.497439 2146.903655 2075.999809 2029.792108 1983.546464 1926.919140 1875.500226 1855.766613 1816.563810 1797.360459 -9999.0 -9999.0 -9999.0 -9999.0
-9999.0 1126.056345 1311.808496 1565.010849 1847.920019 1949.269649 2155.072198 2283.112108 2338.950173 2410.728521 2363.607594 2532.312245 2579.424455 2578.456223 2584.924533 2591.402854 2608.753065 2612.846713 2610.230938 2600.950428 2592.539019 2589.020840 2588.123321 2580.603048 2567.848897 2551.939110 2536.399920 2521.836287 2482.158552 2447.112871 2408.128699 2391.865695 2349.643024 2255.499356 2211.927785 2173.480405 2114.268310 2109.203704 2105.889092 2077.621456 2057.811451 2034.495230 2058.567467 2065.479806 2068.811322 2070.077703 2085.508718 2112.233026 2159.239104 2196.926875 2241.862618 2295.255834 2331.986032 2376.587265 2422.812412 2479.728955 2514.565400 2547.184845 2597.418866 2636.790981 2659.877071 2646.382485 2618.563406 2567.806317 2491.861974 2422.071939 2368.447153 2291.184496 2225.178344 2172.170094 2126.405069 2076.795613 2013.882864 1941.908293 1901.511977 -9999.0 -9999.0 -9999.0 -9999.0 -9999.0
-9999.0 933.379253 1200.030111 1481.747709 1784.831475 2118.388737 2265.895065 2387.229546 2460.166406 2435.331602 2450.219770 2469.995072 2514.894737 2525.970922 2507.569077 2498.908411 2487.055645 2487.692635 2501.169032 2474.956537 2445.434217 2431.940260 2431.470263 2419.488266 2395.352592 2377.962408 2365.557983 2343.570942 2294.031439 2241.144178 2157.018689 2123.685887 2045.353875 1993.292151 1949.957254 1899.919466 1849.689615 1849.282860 1867.755411 1854.001633 1831.883021 1813.629224 1841.024693 1860.202667 1873.186455 1861.007514 1870.158145 1906.467138 1956.407606 2001.199820 2051.417391 2106.699869 2153.697838 2201.307769 2232.907506 2282.893397 2332.733559 2380.782922 2455.435431 2535.945633 2575.191123 2610.115607 2639.993566 2652.870907 2596.147687 2542.293161 2483.891643 2416.846431 2336.121605 2287.514570 2261.450155 2220.619484 2166.538022 -9999.0 -9999.0 -9999.0 -9999.0 -9999.0 -9999.0 -9999.0
-9999.0 811.274819 1022.578605 1241.097846 1515.822398 1752.506972 1956.930321 2062.475124 2142.155397 2190.978163 2234.025252 2271.861118 2304.216589 2329.046359 2309.684139 2269.402253 2240.621675 2245.387852 2239.991028 2216.841447 2187.565802 2172.725571 2169.578415 2162.549949 2138.310629 2123.981337 2112.911196 2089.496804 2056.834522 2000.599472 1922.054829 1848.034046 1788.111072 1758.653929 1729.884167 1697.896586 1664.013010 1674.176401 1686.015324 1683.132423 1673.481416 1671.257787 1700.319278 1719.645078 1729.909673 1719.036035 1738.639600 1765.242340 1806.790973 1850.560706 1900.259952 1955.843317 2010.126206 2039.299735 2052.669220 2077.163089 2116.385735 2170.280491 2256.300852 2351.608871 2430.746089 2479.591231 2530.079293 2563.122565 2573.782168 2577.279829 2546.853630 2464.201422 2361.944168 2342.774399 2339.445638 -9999.0 -9999.0 -9999.0 -9999.0 -9999.0 -9999.0 -9999.0 -9999.0 -9999.0
-9999.0 -9999.0 791.567821 962.111385 1089.120867 1264.576422 1413.429498 1523.855415 1617.401840 1739.702473 1850.598793 1938.349610 1984.332002 2002.756602 1989.962065 1959.187550 1939.468067 1939.519289 1928.943045 1919.063238 1900.092210 1892.281388 1880.287475 1871.668279 1862.446757 1857.293404 1851.708117 1840.090987 1818.239022 1771.682012 1724.952703 1674.474633 1622.049662 1596.661568 1574.909607 1553.841164 1553.243041 1548.634166 1553.836763 1555.454105 1562.829542 1575.717442 1595.647196 1617.931896 1627.912852 1637.417352 1650.057344 1673.968594 1707.205334 1750.005554 1804.609548 1863.232020 1903.918469 1917.327372 1908.037412 1913.105349 1932.955516 1974.892355 2054.038696 2136.909071 2232.560100 2303.555068 2374.103087 2424.464393 2437.847521 2448.908055 2458.264753 2406.344037 2274.958144 2295.557297 -9999.0 -9999.0 -9999.0 -9999.0 -9999.0 -9999.0 -9999.0 -9999.0 -9999.0 -9999.0
-9999.0 -9999.0 -9999.0 -9999.0 821.933085 975.050926 1072.634280 1155.603840 1286.131802 1409.141817 1511.064427 1595.611764 1659.503198 1686.610071 1684.093047 1692.211195 1688.652604 1682.020791 1672.042761 1672.012288 1671.811851 1664.333012 1649.330422 1641.845712 1642.895611 1647.851391 1644.841783 1630.707192 1612.224505 1590.716542 1571.265803 1537.169952 1501.558684 1472.303461 1458.996480 1453.496637 1453.061030 1445.745547 1454.207613 1461.732185 1477.005712 1492.169650 1515.866152 1545.025343 1559.104287 1574.089768 1583.947351 1604.522821 1635.225037 1689.004664 1752.987368 1811.584314 1848.470271 1853.689486 1829.984536 1815.120539 1811.766684 1839.868404 1884.292463 1950.483728 2051.440297 2123.824208 2178.888185 2221.120058 2250.754923 2292.575098 2336.942654 2367.007414 -9999.0 -9999.0 -9999.0 -9999.0 -9999.0 -9999.0 -9999.0 -9999.0 -9999.0 -9999.0 -9999.0 -9999.0
-9999.0 -9999.0 -9999.0 -9999.0 -9999.0 -9999.0 785.239663 887.765266 965.878271 1107.119368 1240.347784 1342.932061 1424.042464 1456.902708 1484.947663 1512.599376 1511.386851 1492.804860 1473.278161 1492.408686 1506.972555 1500.825280 1470.284143 1469.988063 1474.894594 1482.711577 1480.058049 1473.312098 1447.893844 1459.841058 1460.755205 1437.264224 1411.076339 1397.175213 1385.146778 1394.596126 1394.623465 1380.737121 1380.908154 1407.807322 1428.146972 1441.206174 1462.868419 1496.107564 1528.583859 1544.056758 1545.603215 1551.803826 1591.655398 1662.121716 1734.375851 1790.563060 1823.872871 1832.714832 1806.478758 1767.192630 1747.565744 1755.225623 1790.286645 1842.658542 1917.950981 1966.213133 1990.017030 2000.803807 2016.320776 2105.445779 -9999.0 -9999.0 -9999.0 -9999.0 -9999.0 -9999.0 -9999.0 -9999.0 -9999.0 -9999.0 -9999.0 -9999.0 -9999.0 -9999.0
-9999.0 -9999.0 -9999.0 -9999.0 -9999.0 -9999.0 -9999.0 -9999.0 -9999.0 -9999.0 -9999.0 -9999.0 -9999.0 -9999.0 -9999.0 -9999.0 -9999.0 -9999.0 -9999.0 -9999.0 -9999.0 -9999.0 -9999.0 -9999.0 -9999.0 -9999.0 -9999.0 -9999.0 -9999.0 -9999.0 -9999.0 -9999.0 -9999.0 -9999.0 -9999.0 -9999.0 -9999.0 -9999.0 -9999.0 -9999.0 -9999.0 -9999.0 -9999.0 -9999.0 -9999.0 -9999.0 -9999.0 -9999.0 -9999.0 -9999.0 -9999.0 -9999.0 -9999.0 -9999.0 -9999.0 -9999.0 -9999.0 -9999.0 -9999.0 -9999.0 -9999.0 -9999.0 -9999.0 -9999.0 -9999.0 -9999.0 -9999.0 -9999.0 -9999.0 -9999.0 -9999.0 -9999.0 -9999.0 -9999.0 -9999.0 -9999.0 -9999.0 -9999.0 -9999.0 -9999.0
-9999.0 -9999.0 -9999.0 -9999.0 -9999.0 -9999.0 -9999.0 -9999.0 -9999.0 -9999.0 -9999.0 -9999.0 -9999.0 -9999.0 -9999.0 -9999.0 -9999.0 -9999.0 -9999.0 -9999.0 -9999.0 -9999.0 -9999.0 -9999.0 -9999.0 -9999.0 -9999.0 -9999.0 -9999.0 -9999.0 -9999.0 -9999.0 -9999.0 -9999.0 -9999.0 -9999.0 -9999.0 -9999.0 -9999.0 -9999.0 -9999.0 -9999.0 -9999.0 -9999.0 -9999.0 -9999.0 -9999.0 -9999.0 -9999.0 -9999.0 -9999.0 -9999.0 -9999.0 -9999.0 -9999.0 -9999.0 -9999.0 -9999.0 -9999.0 -9999.0 -9999.0 -9999.0 -9999.0 -9999.0 -9999.0 -9999.0 -9999.0 -9999.0 -9999.0 -9999.0 -9999.0 -9999.0 -9999.0 -9999.0 -9999.0 -9999.0 -9999.0 -9999.0 -9999.0 -9999.0