Borden_/Borden1m_014/output_maps/psiliqL0006N0005.asc
ncols         80
nrows         18
xllcorner     620200.000000
yllcorner     5168000.000000
cellsize      1.000000
NODATA_value  -9999.0
-9999.0 -9999.0 -9999.0 -9999.0 -9999.0 -9999.0 -9999.0 -9999.0 -9999.0 -9999.0 -9999.0 -9999.0 -9999.0 -9999.0 -9999.0 -9999.0 -9999.0 -9999.0 -9999.0 -9999.0 -9999.0 -9999.0 -9999.0 -9999.0 -9999.0 -9999.0 -9999.0 -9999.0 -9999.0 -9999.0 -9999.0 -9999.0 -9999.0 -9999.0 -9999.0 -9999.0 -9999.0 -9999.0 -9999.0 -9999.0 -9999.0 -9999.0 -9999.0 -9999.0 -9999.0 -9999.0 -9999.0 -9999.0 -9999.0 -9999.0 -9999.0 -9999.0 -9999.0 -9999.0 -9999.0 -9999.0 -9999.0 -9999.0 -9999.0 -9999.0 -9999.0 -9999.0 -9999.0 -9999.0 -9999.0 -9999.0 -9999.0 -9999.0 -9999.0 -9999.0 -9999.0 -9999.0 -9999.0 -9999.0 -9999.0 -9999.0 -9999.0 -9999.0 -9999.0 -9999.0
-9999.0 -9999.0 -9999.0 -9999.0 -9999.0 -9999.0 -9999.0 -9999.0 -9999.0 -9999.0 -9999.0 -9999.0 -9999.0 -9999.0 -9999.0 -9999.0 -9999.0 -9999.0 -9999.0 -9999.0 -9999.0 -9999.0 -9999.0 -9999.0 -9999.0 -9999.0 -9999.0 -9999.0 -9999.0 -9999.0 -9999.0 -9999.0 -9999.0 -9999.0 -9999.0 -9999.0 -9999.0 -9999.0 -9999.0 -9999.0 -9999.0 -9999.0 -9999.0 -9999.0 -9999.0 -9999.0 -9999.0 -9999.0 -9999.0 -9999.0 -9999.0 -9999.0 -9999.0 -9999.0 -9999.0 -9999.0 -9999.0 -9999.0 -9999.0 -9999.0 -9999.0 -9999.0 -9999.0 -9999.0 -9999.0 -9999.0 -9999.0 -9999.0 -9999.0 -9999.0 -9999.0 -9999.0 -9999.0 -9999.0 -9999.0 -9999.0 -9999.0 -9999.0 -9999.0 -9999.0
-9999.0 -9999.0 -9999.0 -9999.0 -9999.0 -9999.0 -9999.0 -9999.0 -9999.0 -9999.0 -9999.0 -9999.0 -9999.0 -9999.0 -9999.0 -9999.0 -9999.0 -9999.0 -9999.0 -9999.0 -649.012706 -645.959782 -668.962423 -703.059049 -731.649604 -730.303037 -696.094461 -656.118239 -619.558247 -609.483383 -627.685344 -626.947583 -632.537240 -632.751431 -629.936039 -624.512965 -622.443940 -611.153827 -602.947171 -603.272906 -609.434697 -615.286755 -617.112316 -613.591711 -608.779510 -616.762520 -603.525093 -588.284048 -581.491185 -586.088203 -612.466350 -627.642714 -634.916686 -648.375172 -623.626888 -610.444726 -587.077650 -582.213331 -582.731175 -609.083315 -638.603775 -9999.0 -9999.0 -9999.0 -9999.0 -9999.0 -9999.0 -9999.0 -9999.0 -9999.0 -9999.0 -9999.0 -9999.0 -9999.0 -9999.0 -9999.0 -9999.0 -9999.0 -9999.0 -9999.0
-9999.0 -9999.0 -9999.0 -9999.0 -9999.0 -9999.0 -9999.0 -9999.0 -9999.0 -9999.0 -9999.0 -9999.0 -9999.0 -9999.0 -737.359463 -747.952275 -751.472052 -743.468434 -710.433880 -681.297007 -668.888641 -676.876772 -677.440890 -701.274689 -721.642499 -708.292079 -680.215202 -650.191180 -617.556481 -597.980297 -611.253664 -614.511416 -604.461315 -577.377165 -563.189560 -566.246452 -587.592588 -565.813717 -550.152413 -540.940380 -542.177795 -550.842198 -536.415791 -520.522016 -527.065670 -544.132435 -541.059606 -529.617639 -514.660902 -528.796599 -591.655041 -611.824939 -613.590366 -619.032086 -630.981012 -636.797847 -611.804742 -609.901757 -617.278656 -634.240847 -665.375542 -708.558507 -725.573887 -687.049035 -642.251718 -583.966124 -9999.0 -9999.0 -9999.0 -9999.0 -9999.0 -9999.0 -9999.0 -9999.0 -9999.0 -9999.0 -9999.0 -9999.0 -9999.0 -9999.0
-9999.0 -9999.0 -9999.0 -9999.0 -9999.0 -9999.0 -9999.0 -9999.0 -9999.0 -792.549216 -789.572387 -783.006345 -781.894855 -766.877021 -768.837322 -762.559248 -755.021449 -730.170901 -700.208944 -666.272344 -638.361451 -649.222544 -649.713201 -637.966956 -631.148515 -619.212860 -600.111506 -561.748541 -521.705331 -482.077918 -510.496208 -513.040595 -494.890957 -446.370615 -408.521061 -399.086965 -417.691619 -415.679913 -391.246921 -366.287779 -367.096208 -368.984660 -344.894009 -331.012589 -322.317535 -340.892780 -361.354492 -365.195824 -340.051773 -388.703114 -449.752639 -502.355505 -500.361390 -529.783634 -569.558917 -591.179372 -593.366125 -570.257000 -584.245083 -620.165454 -655.342270 -663.403077 -678.814062 -662.229366 -638.917417 -591.330425 -552.546891 -523.303261 -522.072626 -538.696998 -9999.0 -9999.0 -9999.0 -9999.0 -9999.0 -9999.0 -9999.0 -9999.0 -9999.0 -9999.0
-9999.0 -9999.0 -9999.0 -9999.0 -9999.0 -9999.0 -870.034762 -861.882113 -842.915514 -837.551308 -814.286024 -807.310855 -787.602600 -769.056883 -749.831905 -733.688688 -703.782562 -672.845493 -632.894530 -590.447502 -559.792734 -564.891141 -556.243257 -523.630380 -481.429110 -449.949229 -428.154267 -392.816874 -317.631056 -270.688046 -255.189956 -249.446308 -238.914375 -181.538148 -72.596006 -19.506678 -77.874369 -111.911397 -66.488075 163.366372 198.817727 202.142995 205.388901 207.776667 219.364904 214.739719 177.402769 15.749240 -38.474844 -67.237665 -161.789407 -241.329949 -285.420644 -334.101089 -411.605747 -468.498276 -469.622109 -453.460564 -482.011670 -532.294050 -572.732292 -581.790837 -594.790542 -607.888300 -601.686531 -581.319166 -556.746217 -544.249523 -555.321441 -574.627841 -596.866037 -624.809346 -622.620671 -596.778416 -9999.0 -9999.0 -9999.0 -9999.0 -9999.0 -9999.0
-9999.0 -9999.0 -9999.0 -9999.0 -919.068220 -907.253103 -918.970049 -896.513233 -865.540720 -833.562365 -802.033315 -765.756275 -740.026244 -711.864927 -671.492787 -634.459603 -593.037113 -560.963984 -508.989346 -442.952591 -393.208342 -368.158200 -354.924632 -292.267295 -222.962622 -155.347029 -124.272924 -64.306325 158.075442 218.143175 229.809207 230.862543 236.776378 248.962197 269.178893 285.326638 274.366990 271.363985 278.378447 299.777824 315.336704 316.020550 316.580353 316.240007 316.433895 317.130719 306.764574 280.297440 270.084250 265.078735 253.849132 226.026269 211.962333 192.160529 54.389403 -116.823572 -222.542217 -249.377580 -307.291906 -361.835060 -425.270375 -448.527544 -477.692798 -500.757037 -528.979133 -526.516590 -521.849046 -539.435675 -567.685199 -597.942578 -611.643188 -629.214157 -638.311207 -607.953580 -589.743128 -558.201823 -9999.0 -9999.0 -9999.0 -9999.0
-9999.0 -9999.0 -976.059614 -926.130211 -871.342323 -863.458625 -861.356633 -857.433949 -832.040300 -783.320626 -706.127361 -655.291151 -612.283475 -584.861912 -528.498090 -447.940261 -378.028362 -331.463467 -272.545356 -198.005977 -110.279847 -19.305889 162.092278 205.288776 227.475279 250.920343 260.253751 274.225629 300.912730 314.718420 324.333107 337.462428 340.978157 336.591031 334.566979 332.762129 331.382968 329.929447 320.524184 322.365181 328.502081 331.098015 334.192119 321.216583 318.017517 327.583569 330.362226 331.301409 333.140894 340.345083 348.275153 322.872396 302.550135 297.826848 285.488325 257.362167 230.834043 214.769160 197.631406 29.133157 -161.835133 -234.899228 -295.000202 -343.190200 -391.187036 -419.394180 -461.149311 -497.475779 -538.783597 -580.925457 -602.278016 -619.202683 -620.121899 -618.286501 -601.516404 -585.175128 -569.263701 -561.190212 -9999.0 -9999.0
-9999.0 -1072.989588 -1000.615893 -873.331033 -795.940850 -752.347421 -711.842456 -683.459061 -662.068388 -651.492182 -548.331586 -446.508803 -360.651890 -334.541180 -283.228332 -174.017219 58.385168 192.897594 215.223028 235.561198 259.399043 282.670348 306.121715 321.301395 343.710932 340.477940 337.066384 336.883170 330.846235 324.817782 319.298338 323.217042 322.120608 313.830532 308.373864 309.111950 309.392228 302.469967 294.073190 288.652904 281.466794 299.018691 291.792020 267.916428 265.987465 290.956535 302.237754 299.479459 293.614881 298.978164 310.028511 315.047301 323.205698 334.138973 351.344359 328.673191 313.946427 300.714660 294.376566 272.468398 241.050733 204.724763 40.326255 -135.053123 -222.476774 -298.395847 -352.290923 -402.026134 -459.085531 -492.836035 -520.208369 -569.440677 -590.973627 -587.735617 -595.908104 -597.493303 -590.128624 -583.377267 -9999.0 -9999.0
-9999.0 -1141.266231 -997.900568 -812.619081 -668.678653 -610.227014 -496.298045 -416.941412 -393.277065 -416.651889 -314.951842 130.167137 213.199265 215.817895 241.761334 273.883420 298.704108 325.414694 341.342474 334.403789 329.246803 332.180469 328.962573 322.397906 317.075248 315.263517 316.236529 316.306100 309.689937 303.754109 298.448185 298.409826 289.255430 254.495371 237.903513 232.388565 229.972441 224.454104 211.409944 191.542058 70.692275 192.540797 169.432585 -28.056901 -40.033279 169.599320 214.037347 212.559221 213.704972 220.250029 234.075423 248.813334 261.384291 286.954020 301.186695 315.306530 323.282821 342.083920 347.015764 324.961382 309.340367 290.451733 270.197676 236.661390 179.546737 -95.176938 -185.026839 -246.699845 -311.768737 -352.911866 -396.892112 -450.167856 -504.009735 -528.064114 -565.308825 -585.603074 -9999.0 -9999.0 -9999.0 -9999.0
-9999.0 -1202.104251 -1009.845111 -743.375580 -496.210593 -377.908370 -164.224695 164.306510 213.347270 240.994709 252.682567 320.775835 335.252633 322.317009 310.441604 305.377481 309.268543 310.795540 309.237158 306.912007 305.781981 306.190912 306.964693 305.671654 303.580397 299.868301 295.859885 289.272569 257.752764 241.130717 227.464615 221.384153 182.614342 -122.630522 -194.749963 -229.582355 -282.133959 -289.518305 -304.218862 -336.491740 -354.436040 -365.990216 -350.458020 -353.680668 -354.448150 -345.153422 -322.126750 -306.774580 -267.354080 -230.793843 -180.978555 -109.817582 -24.735095 187.993723 226.572093 250.844710 269.185278 293.095432 310.481579 325.486764 344.933263 338.513791 319.275553 306.228559 280.722969 242.928031 224.804087 171.020215 -60.914201 -163.302308 -229.145780 -297.592879 -360.239514 -440.234563 -478.279387 -9999.0 -9999.0 -9999.0 -9999.0 -9999.0
-9999.0 -1347.476398 -1079.840818 -782.091763 -453.855765 -117.950320 110.058891 241.495237 278.428424 247.702079 243.751971 258.838461 291.464718 295.668777 283.063862 261.894032 251.529668 250.142662 257.463057 246.917821 236.637451 233.285218 235.199363 231.929796 224.315908 218.971976 212.977603 179.610822 -70.067189 -161.325654 -252.310018 -273.085664 -345.150773 -410.712987 -453.042158 -496.537320 -544.600075 -545.766227 -530.735341 -546.736188 -567.696834 -585.783759 -561.727176 -547.804037 -537.965580 -547.397415 -539.755320 -508.102749 -463.925077 -426.518302 -382.761135 -334.806042 -294.625004 -239.462206 -197.333122 -121.893868 9.050475 197.359189 242.977395 290.735854 303.291267 314.623865 335.008561 353.195154 322.572374 305.500916 294.050695 278.406175 238.304153 215.577459 170.960923 -96.010715 -208.264574 -9999.0 -9999.0 -9999.0 -9999.0 -9999.0 -9999.0 -9999.0
-9999.0 -1484.170177 -1247.232074 -992.772309 -692.056159 -470.934311 -323.578181 -215.380783 -122.849826 -128.588958 -103.415151 -30.497375 173.100747 204.624568 163.936112 -77.311853 -140.667519 -138.477449 -139.252301 -175.361782 -211.870147 -228.959091 -229.032222 -236.625516 -264.952886 -282.487816 -294.608042 -318.766440 -355.131652 -404.533801 -480.553002 -541.283817 -598.416629 -632.346558 -661.048853 -692.886627 -731.432752 -720.597943 -705.493442 -710.322650 -723.111207 -728.162997 -699.056906 -681.484357 -671.887797 -685.762265 -668.379195 -642.638035 -602.819324 -564.337961 -520.974581 -472.525818 -425.899572 -400.105542 -387.160008 -360.855992 -322.241921 -261.988095 -148.096327 163.772644 230.221795 253.525980 289.396593 304.562103 310.969481 331.351575 332.348990 299.907521 265.269112 272.190870 269.218562 -9999.0 -9999.0 -9999.0 -9999.0 -9999.0 -9999.0 -9999.0 -9999.0 -9999.0
-9999.0 -9999.0 -1485.292646 -1289.601730 -1121.618834 -936.461202 -792.979079 -696.465963 -634.328271 -558.355989 -479.395317 -413.970928 -377.859066 -362.730777 -382.507762 -423.011278 -448.637072 -447.922764 -455.820424 -469.409776 -492.865738 -501.083202 -508.769525 -515.269353 -528.096806 -534.953146 -539.344179 -548.915776 -569.671167 -613.904450 -665.601447 -716.091609 -769.313290 -793.363837 -814.756728 -837.358410 -841.468026 -842.401601 -835.205598 -834.170046 -829.512102 -818.340036 -797.711185 -777.047664 -768.094283 -762.002837 -749.907601 -727.052204 -694.988133 -655.997770 -606.338513 -554.112902 -519.531458 -510.357537 -521.498980 -517.524500 -498.353021 -458.989531 -379.853119 -295.015393 -194.186168 -83.671442 185.384448 233.093938 245.222519 274.208002 294.716515 280.611980 179.289820 251.124964 -9999.0 -9999.0 -9999.0 -9999.0 -9999.0 -9999.0 -9999.0 -9999.0 -9999.0 -9999.0
-9999.0 -9999.0 -9999.0 -9999.0 -1432.371981 -1274.130410 -1181.980024 -1101.193866 -986.133246 -885.281591 -799.777782 -729.877040 -683.179013 -662.094690 -675.435749 -684.029585 -692.916298 -695.429034 -703.113903 -709.537858 -715.943782 -723.205222 -732.846675 -739.981400 -740.934055 -737.759416 -739.305155 -751.505707 -765.943714 -793.763206 -818.255280 -853.015737 -889.806054 -918.477439 -931.197461 -938.420328 -937.958674 -942.898637 -933.167409 -927.296570 -912.745958 -897.424696 -873.588931 -845.872149 -833.972505 -820.240992 -810.793415 -790.283180 -761.198196 -709.975095 -649.819418 -596.584279 -565.661634 -564.414872 -592.655228 -610.445764 -615.762158 -591.089840 -548.377232 -485.681272 -393.712555 -327.698616 -258.657200 -196.764126 -133.646778 146.354712 247.846984 272.315725 -9999.0 -9999.0 -9999.0 -9999.0 -9999.0 -9999.0 -9999.0 -9999.0 -9999.0 -9999.0 -9999.0 -9999.0
-9999.0 -9999.0 -9999.0 -9999.0 -9999.0 -9999.0 -1492.475604 -1399.654752 -1309.804156 -1195.066872 -1090.014655 -1003.704631 -933.810149 -912.123676 -898.175801 -877.787587 -883.111653 -899.064149 -914.239473 -898.683286 -890.630159 -894.852591 -920.677391 -922.325508 -919.302173 -909.715666 -910.469302 -916.191873 -940.337156 -933.409810 -935.477520 -958.019935 -983.674094 -998.043344 -1009.357152 -999.340392 -998.309289 -1010.338184 -1007.299733 -981.755299 -962.470298 -949.062792 -926.520707 -893.756997 -862.273728 -848.595727 -847.967635 -841.992269 -800.631958 -731.654060 -663.557744 -612.698036 -584.421429 -579.119157 -609.491985 -652.280512 -676.151279 -672.478794 -642.059664 -594.079984 -524.739827 -482.611664 -456.139018 -436.734956 -411.459991 -319.077390 -9999.0 -9999.0 -9999.0 -9999.0 -9999.0 -9999.0 -9999.0 -9999.0 -9999.0 -9999.0 -9999.0 -9999.0 -9999.0 -9999.0
-9999.0 -9999.0 -9999.0 -9999.0 -9999.0 -9999.0 -9999.0 -9999.0 -9999.0 -9999.0 -9999.0 -9999.0 -9999.0 -9999.0 -9999.0 -9999.0 -9999.0 -9999.0 -9999.0 -9999.0 -9999.0 -9999.0 -9999.0 -9999.0 -9999.0 -9999.0 -9999.0 -9999.0 -9999.0 -9999.0 -9999.0 -9999.0 -9999.0 -9999.0 -9999.0 -9999.0 -9999.0 -9999.0 -9999.0 -9999.0 -9999.0 -9999.0 -9999.0 -9999.0 -9999.0 -9999.0 -9999.0 -9999.0 -9999.0 -9999.0 -9999.0 -9999.0 -9999.0 -9999.0 -9999.0 -9999.0 -9999.0 -9999.0 -9999.0 -9999.0 -9999.0 -9999.0 -9999.0 -9999.0 -9999.0 -9999.0 -9999.0 -9999.0 -9999.0 -9999.0 -9999.0 -9999.0 -9999.0 -9999.0 -9999.0 -9999.0 -9999.0 -9999.0 -9999.0 -9999.0
-9999.0 -9999.0 -9999.0 -9999.0 -9999.0 -9999.0 -9999.0 -9999.0 -9999.0 -9999.0 -9999.0 -9999.0 -9999.0 -9999.0 -9999.0 -9999.0 -9999.0 -9999.0 -9999.0 -9999.0 -9999.0 -9999.0 -9999.0 -9999.0 -9999.0 -9999.0 -9999.0 -9999.0 -9999.0 -9999.0 -9999.0 -9999.0 -9999.0 -9999.0 -9999.0 -9999.0 -9999.0 -9999.0 -9999.0 -9999.0 -9999.0 -9999.0 -9999.0 -9999.0 -9999.0 -9999.0 -9999.0 -9999.0 -9999.0 -9999.0 -9999.0 -9999.0 -9999.0 -9999.0 -9999.0 -9999.0 -9999.0 -9999.0 -9999.0 -9999.0 -9999.0 -9999.0 -9999.0 -9999.0 -9999.0 -9999.0 -9999.0 -9999.0 -9999.0 -9999.0 -9999.0 -9999.0 -9999.0 -9999.0 -9999.0 -9999.0 -9999.0 -9999.0 -9999.0 -9999.0