Borden_/Borden1m_014/output_maps/psiliqL0001N0038.asc
ncols         80
nrows         18
xllcorner     620200.000000
yllcorner     5168000.000000
cellsize      1.000000
NODATA_value  -9999.0
-9999.0 -9999.0 -9999.0 -9999.0 -9999.0 -9999.0 -9999.0 -9999.0 -9999.0 -9999.0 -9999.0 -9999.0 -9999.0 -9999.0 -9999.0 -9999.0 -9999.0 -9999.0 -9999.0 -9999.0 -9999.0 -9999.0 -9999.0 -9999.0 -9999.0 -9999.0 -9999.0 -9999.0 -9999.0 -9999.0 -9999.0 -9999.0 -9999.0 -9999.0 -9999.0 -9999.0 -9999.0 -9999.0 -9999.0 -9999.0 -9999.0 -9999.0 -9999.0 -9999.0 -9999.0 -9999.0 -9999.0 -9999.0 -9999.0 -9999.0 -9999.0 -9999.0 -9999.0 -9999.0 -9999.0 -9999.0 -9999.0 -9999.0 -9999.0 -9999.0 -9999.0 -9999.0 -9999.0 -9999.0 -9999.0 -9999.0 -9999.0 -9999.0 -9999.0 -9999.0 -9999.0 -9999.0 -9999.0 -9999.0 -9999.0 -9999.0 -9999.0 -9999.0 -9999.0 -9999.0
-9999.0 -9999.0 -9999.0 -9999.0 -9999.0 -9999.0 -9999.0 -9999.0 -9999.0 -9999.0 -9999.0 -9999.0 -9999.0 -9999.0 -9999.0 -9999.0 -9999.0 -9999.0 -9999.0 -9999.0 -9999.0 -9999.0 -9999.0 -9999.0 -9999.0 -9999.0 -9999.0 -9999.0 -9999.0 -9999.0 -9999.0 -9999.0 -9999.0 -9999.0 -9999.0 -9999.0 -9999.0 -9999.0 -9999.0 -9999.0 -9999.0 -9999.0 -9999.0 -9999.0 -9999.0 -9999.0 -9999.0 -9999.0 -9999.0 -9999.0 -9999.0 -9999.0 -9999.0 -9999.0 -9999.0 -9999.0 -9999.0 -9999.0 -9999.0 -9999.0 -9999.0 -9999.0 -9999.0 -9999.0 -9999.0 -9999.0 -9999.0 -9999.0 -9999.0 -9999.0 -9999.0 -9999.0 -9999.0 -9999.0 -9999.0 -9999.0 -9999.0 -9999.0 -9999.0 -9999.0
-9999.0 -9999.0 -9999.0 -9999.0 -9999.0 -9999.0 -9999.0 -9999.0 -9999.0 -9999.0 -9999.0 -9999.0 -9999.0 -9999.0 -9999.0 -9999.0 -9999.0 -9999.0 -9999.0 -9999.0 -617.646011 -616.751406 -618.805520 -621.142740 -623.072401 -623.286773 -621.097608 -618.510616 -615.529395 -614.858584 -617.184495 -616.677960 -617.583291 -618.020078 -618.007344 -617.377432 -617.104106 -616.115120 -615.464263 -615.702125 -616.414285 -616.946901 -617.428301 -617.235638 -616.458664 -617.492381 -615.900462 -614.271685 -613.650315 -613.744865 -616.054593 -617.055294 -617.420459 -619.188578 -615.970205 -614.930524 -612.404598 -612.116951 -611.704573 -614.555301 -617.323539 -9999.0 -9999.0 -9999.0 -9999.0 -9999.0 -9999.0 -9999.0 -9999.0 -9999.0 -9999.0 -9999.0 -9999.0 -9999.0 -9999.0 -9999.0 -9999.0 -9999.0 -9999.0 -9999.0
-9999.0 -9999.0 -9999.0 -9999.0 -9999.0 -9999.0 -9999.0 -9999.0 -9999.0 -9999.0 -9999.0 -9999.0 -9999.0 -9999.0 -621.649990 -622.708860 -623.190421 -623.435579 -621.475532 -619.894914 -619.742145 -620.843481 -620.004403 -622.167956 -624.036004 -622.878572 -621.172728 -619.674634 -617.258884 -615.384060 -617.058324 -617.466353 -616.511011 -613.195257 -611.617111 -612.260414 -615.991254 -612.512072 -610.583697 -609.291539 -609.444701 -611.145627 -608.639387 -605.729412 -607.158567 -610.220902 -609.691155 -607.998224 -605.122702 -606.847188 -616.269403 -617.444900 -617.036165 -616.946964 -618.179285 -619.059591 -615.804939 -616.191931 -616.777650 -617.498029 -619.521170 -622.639707 -623.982835 -620.831154 -617.823689 -611.683368 -9999.0 -9999.0 -9999.0 -9999.0 -9999.0 -9999.0 -9999.0 -9999.0 -9999.0 -9999.0 -9999.0 -9999.0 -9999.0 -9999.0
-9999.0 -9999.0 -9999.0 -9999.0 -9999.0 -9999.0 -9999.0 -9999.0 -9999.0 -623.511368 -623.796817 -623.500844 -624.159454 -623.233242 -624.682444 -624.321346 -624.516753 -623.198046 -622.030432 -620.071353 -617.520050 -619.323032 -619.537418 -618.152854 -617.821976 -617.180621 -615.929306 -611.524933 -606.156494 -597.841971 -604.586748 -604.853883 -601.035114 -586.671011 -571.922533 -566.709049 -575.133287 -575.207540 -564.623400 -550.098132 -548.455368 -549.477906 -531.843880 -520.144855 -512.256673 -529.688982 -547.517667 -550.270129 -530.855620 -563.856913 -586.842421 -602.563867 -601.902797 -607.314562 -613.067429 -615.261546 -615.988519 -612.163409 -613.724953 -617.359354 -620.275941 -619.520509 -621.066173 -619.571448 -618.382775 -613.703300 -609.349808 -605.078574 -604.856982 -607.565642 -9999.0 -9999.0 -9999.0 -9999.0 -9999.0 -9999.0 -9999.0 -9999.0 -9999.0 -9999.0
-9999.0 -9999.0 -9999.0 -9999.0 -9999.0 -9999.0 -625.468884 -625.585830 -624.996412 -626.727321 -625.440708 -626.271258 -625.280327 -624.796870 -624.130333 -624.000294 -622.252270 -620.666615 -617.950521 -614.267818 -610.796044 -612.382815 -611.421309 -606.250328 -596.003951 -585.982140 -579.128827 -565.177585 -506.808563 -451.213417 -429.269159 -419.744877 -409.246516 -376.407262 -320.836571 -303.123835 -322.393495 -337.543342 -318.111652 -273.572600 -192.213767 -190.866654 -185.105901 -178.371390 -151.863864 -156.004126 -266.616771 -297.640278 -309.346636 -320.489282 -366.883927 -415.210412 -468.694358 -524.534195 -572.485505 -591.328295 -594.326374 -591.546405 -598.824065 -607.867552 -613.146810 -613.329230 -614.389774 -616.220596 -615.441030 -613.523587 -610.528315 -608.671212 -610.124726 -612.129084 -613.719344 -616.762778 -616.315790 -613.369997 -9999.0 -9999.0 -9999.0 -9999.0 -9999.0 -9999.0
-9999.0 -9999.0 -9999.0 -9999.0 -628.283116 -627.457973 -629.874442 -628.496437 -627.377683 -626.505040 -626.375438 -624.772246 -624.238693 -623.046133 -620.508448 -618.323201 -614.596201 -611.642510 -603.534175 -585.972547 -566.130218 -551.053447 -538.397831 -468.087549 -404.907606 -363.054270 -346.096995 -318.866419 -270.001093 -144.876013 -117.926518 -113.282796 -93.715242 -71.536339 -30.171909 -4.148156 -15.937757 -23.201705 -21.383392 -14.175680 9.032553 9.353346 10.291574 10.251143 12.261905 14.216159 -4.441277 -34.702209 -45.362554 -93.515195 -69.260051 -129.150133 -238.534414 -276.494927 -301.637301 -344.788427 -404.937759 -430.279347 -496.796775 -547.552486 -580.189572 -589.543200 -598.050100 -602.470370 -607.875037 -607.097162 -605.800364 -608.514295 -611.977818 -615.209165 -615.724074 -617.127746 -618.557387 -614.844346 -613.409779 -609.197935 -9999.0 -9999.0 -9999.0 -9999.0
-9999.0 -9999.0 -628.504540 -628.323844 -626.024390 -627.345203 -628.077251 -629.212687 -628.674619 -626.393050 -621.846716 -619.592199 -616.216711 -614.335966 -606.515416 -585.792690 -553.736666 -517.227317 -445.599814 -389.667993 -335.917894 -292.669590 -217.521425 -165.593050 -121.337755 -114.826565 -52.412996 -71.638370 -10.801555 13.969134 39.615912 53.417762 61.431622 52.170277 54.527040 49.450062 50.299360 45.069013 28.822873 26.640770 34.030440 35.490345 39.505335 27.060300 23.472299 35.753070 38.111580 38.180033 41.332643 48.196318 60.132226 31.094616 -21.070462 -68.199669 -33.362893 -71.253530 -139.401541 -235.584670 -263.530755 -303.783601 -378.706205 -421.161548 -476.126655 -535.838879 -570.546936 -583.690586 -595.593671 -602.617135 -608.787910 -614.204475 -615.919532 -616.978468 -616.347424 -616.796465 -614.799849 -613.210177 -610.929711 -610.025261 -9999.0 -9999.0
-9999.0 -629.173264 -629.816035 -625.643780 -624.740796 -623.703017 -622.167562 -620.851937 -619.625042 -621.184247 -608.477819 -580.255946 -543.554812 -522.703923 -457.021182 -361.810505 -199.115082 -167.009985 -141.263569 -139.179757 -55.194087 -31.214987 5.521173 37.265519 61.265433 53.528522 53.465768 49.446235 42.717509 34.703271 24.466720 32.696480 31.181720 16.954461 5.824023 5.277938 0.285526 -21.353841 -46.066732 -57.691685 -51.948232 -31.810642 -41.387385 -61.485251 -65.203832 -45.846955 -30.698049 -39.533087 -50.649661 -69.669163 -5.225223 10.394611 26.966891 39.901491 60.817455 38.328716 6.285334 -36.508303 -41.801442 -65.136188 -178.359657 -244.703613 -297.619732 -361.493339 -415.545750 -482.749191 -547.489658 -577.002936 -595.094274 -601.546171 -605.498326 -612.969954 -615.004652 -613.610951 -614.598157 -614.720219 -613.813232 -613.090336 -9999.0 -9999.0
-9999.0 -632.647034 -628.939397 -624.286161 -618.153057 -616.608422 -594.935755 -571.622512 -560.136598 -573.473297 -488.528756 -192.960310 -133.006664 -132.819571 -83.489311 -15.764000 24.646169 45.886293 60.499224 48.787635 44.887278 44.888400 41.466061 32.634748 18.968313 11.778659 11.933416 10.280767 -5.441729 -22.418337 -37.708792 -37.488272 -50.388397 -83.298775 -124.653753 -145.628532 -197.433526 -226.435114 -262.213547 -287.966040 -299.564867 -278.650864 -290.094549 -309.464236 -313.321760 -289.006224 -256.398815 -263.726808 -260.827282 -239.060096 -192.978425 -102.513352 -81.733831 -89.892693 -24.952171 10.776298 28.751382 48.018110 55.014871 30.474824 -5.909244 -50.599370 -77.362971 -193.343611 -269.711714 -349.446538 -400.198957 -438.348188 -504.303346 -547.702752 -573.753939 -591.875250 -603.826159 -606.721811 -612.143767 -613.249596 -9999.0 -9999.0 -9999.0 -9999.0
-9999.0 -632.542152 -628.781190 -619.820812 -596.397772 -553.481399 -408.315769 -274.203942 -107.544412 -148.382693 -23.144862 45.442325 53.647175 36.341338 10.176589 6.475915 15.564204 17.551181 13.599698 5.406728 -3.900846 -40.342375 -9.328596 -16.818530 -28.776820 -43.371283 -53.394339 -63.991675 -155.140718 -193.200082 -221.752995 -236.532163 -267.820780 -351.789043 -386.686771 -408.099709 -460.852694 -478.007967 -495.794671 -527.046148 -541.488621 -549.767344 -538.804317 -541.489482 -542.353916 -534.832881 -514.532134 -496.574761 -449.006929 -416.684515 -383.963384 -333.899705 -300.196492 -257.126561 -203.812900 -96.233394 -68.443235 -74.192931 -3.611410 31.185710 51.757573 43.581780 16.120559 -16.831192 -73.170743 -199.793634 -255.962857 -328.408719 -382.237363 -416.139809 -440.748192 -488.905805 -553.329882 -589.406704 -597.695844 -9999.0 -9999.0 -9999.0 -9999.0 -9999.0
-9999.0 -636.964974 -628.189543 -620.665363 -578.004894 -391.848217 -301.157766 -34.661803 17.793416 -51.386324 -153.523695 -65.934945 -33.150257 -33.724247 -59.605200 -74.344060 -73.442985 -74.065900 -61.994434 -106.683880 -178.277930 -196.944936 -198.432155 -209.951740 -231.082677 -249.224665 -263.258777 -284.261021 -338.200688 -380.280411 -432.242581 -458.592418 -533.259859 -572.397054 -587.288600 -598.638407 -608.571403 -608.481704 -605.576762 -608.366685 -611.267590 -614.180513 -610.677130 -609.019748 -607.442530 -609.306998 -608.627655 -603.476471 -594.306487 -583.538168 -564.282711 -526.926040 -475.800381 -420.510685 -393.113237 -341.709714 -295.505715 -248.723881 -173.486941 -48.580332 -22.243259 6.082221 41.678092 60.453552 22.420080 -12.690079 -73.194699 -199.473358 -302.430300 -345.167511 -360.592215 -379.759021 -415.840978 -9999.0 -9999.0 -9999.0 -9999.0 -9999.0 -9999.0 -9999.0
-9999.0 -639.972415 -630.380315 -628.053140 -614.730176 -582.433158 -499.524007 -388.599175 -218.427297 -341.221963 -355.228961 -328.486011 -298.296605 -277.057217 -300.896842 -334.977743 -358.022656 -354.870820 -354.005794 -376.313979 -401.755426 -412.129289 -412.603065 -419.518427 -447.597483 -469.313757 -483.896333 -509.802200 -543.037172 -571.181061 -596.619409 -607.486989 -614.741637 -617.394566 -619.259846 -621.159944 -624.533105 -622.830063 -621.428599 -621.832929 -622.929984 -623.733538 -621.287822 -620.382800 -619.584728 -621.792047 -620.212890 -618.643011 -615.177814 -611.479202 -606.018769 -597.547440 -585.697276 -575.652018 -567.502550 -548.776685 -508.420949 -437.495396 -368.738989 -272.988160 -199.706666 -110.223843 -52.246350 -19.779739 -2.011214 -0.362766 11.114919 -18.541194 -275.017832 -310.962677 -313.411459 -9999.0 -9999.0 -9999.0 -9999.0 -9999.0 -9999.0 -9999.0 -9999.0 -9999.0
-9999.0 -9999.0 -641.589654 -637.386930 -633.316194 -629.254232 -623.527150 -615.965013 -609.863196 -601.699664 -587.993080 -569.530205 -554.307304 -545.899771 -556.775070 -574.794166 -583.627543 -583.094928 -585.302223 -589.598893 -596.631393 -599.088332 -600.710667 -602.032284 -604.916780 -606.167638 -606.722657 -607.851312 -610.226172 -615.107396 -619.346811 -622.184056 -625.157240 -625.192656 -625.729449 -626.764586 -626.114462 -626.276936 -625.997852 -626.146301 -625.967044 -625.537945 -624.940969 -624.166626 -624.097149 -623.902848 -623.574931 -622.656550 -621.224621 -619.305499 -615.612992 -610.079440 -605.604438 -604.409741 -606.570849 -605.733954 -602.255808 -593.446226 -560.065237 -474.260940 -394.286850 -328.547698 -258.266336 -212.550742 -197.437878 -173.766675 -60.537735 -210.273643 -363.109420 -352.803390 -9999.0 -9999.0 -9999.0 -9999.0 -9999.0 -9999.0 -9999.0 -9999.0 -9999.0 -9999.0
-9999.0 -9999.0 -9999.0 -9999.0 -642.735453 -637.308443 -632.436364 -632.758876 -629.177542 -626.968856 -624.713304 -621.906670 -619.588473 -618.016921 -620.033642 -620.739560 -621.244595 -620.944310 -621.351731 -621.956688 -622.324938 -622.671438 -622.957911 -623.417268 -623.314798 -622.963019 -622.877723 -623.636570 -623.708954 -625.261999 -625.645002 -626.568001 -627.456028 -628.393561 -628.268911 -628.423740 -628.058011 -628.452768 -627.817987 -628.201560 -627.723318 -627.479656 -626.850534 -625.860064 -626.193567 -625.617210 -625.545122 -624.736306 -624.310132 -622.095083 -618.447416 -614.092539 -611.018315 -611.095854 -614.847629 -616.399768 -617.173863 -614.682301 -610.112130 -599.829089 -569.301511 -516.145994 -436.074525 -397.681317 -371.353881 -330.050867 -289.046091 -281.158245 -9999.0 -9999.0 -9999.0 -9999.0 -9999.0 -9999.0 -9999.0 -9999.0 -9999.0 -9999.0 -9999.0 -9999.0
-9999.0 -9999.0 -9999.0 -9999.0 -9999.0 -9999.0 -640.761423 -638.209606 -638.716249 -636.977863 -635.443528 -634.097759 -631.919021 -632.269616 -631.788426 -630.111125 -630.423246 -631.238270 -632.237134 -630.751529 -630.180081 -630.021564 -631.688202 -631.261818 -631.130597 -630.467268 -630.534701 -630.284876 -631.770190 -630.187385 -629.467247 -629.848808 -630.220427 -629.963057 -630.356396 -629.299302 -629.175697 -630.025389 -630.238190 -629.012480 -628.655118 -628.802676 -628.507392 -627.602030 -626.300794 -626.091606 -626.641472 -627.375841 -625.920784 -622.645944 -618.803393 -615.244391 -612.835845 -612.052234 -615.249392 -619.371793 -621.366979 -621.530271 -619.681849 -616.076560 -607.388661 -600.610173 -594.270244 -586.235924 -575.583638 -507.790599 -9999.0 -9999.0 -9999.0 -9999.0 -9999.0 -9999.0 -9999.0 -9999.0 -9999.0 -9999.0 -9999.0 -9999.0 -9999.0 -9999.0
-9999.0 -9999.0 -9999.0 -9999.0 -9999.0 -9999.0 -9999.0 -9999.0 -9999.0 -9999.0 -9999.0 -9999.0 -9999.0 -9999.0 -9999.0 -9999.0 -9999.0 -9999.0 -9999.0 -9999.0 -9999.0 -9999.0 -9999.0 -9999.0 -9999.0 -9999.0 -9999.0 -9999.0 -9999.0 -9999.0 -9999.0 -9999.0 -9999.0 -9999.0 -9999.0 -9999.0 -9999.0 -9999.0 -9999.0 -9999.0 -9999.0 -9999.0 -9999.0 -9999.0 -9999.0 -9999.0 -9999.0 -9999.0 -9999.0 -9999.0 -9999.0 -9999.0 -9999.0 -9999.0 -9999.0 -9999.0 -9999.0 -9999.0 -9999.0 -9999.0 -9999.0 -9999.0 -9999.0 -9999.0 -9999.0 -9999.0 -9999.0 -9999.0 -9999.0 -9999.0 -9999.0 -9999.0 -9999.0 -9999.0 -9999.0 -9999.0 -9999.0 -9999.0 -9999.0 -9999.0
-9999.0 -9999.0 -9999.0 -9999.0 -9999.0 -9999.0 -9999.0 -9999.0 -9999.0 -9999.0 -9999.0 -9999.0 -9999.0 -9999.0 -9999.0 -9999.0 -9999.0 -9999.0 -9999.0 -9999.0 -9999.0 -9999.0 -9999.0 -9999.0 -9999.0 -9999.0 -9999.0 -9999.0 -9999.0 -9999.0 -9999.0 -9999.0 -9999.0 -9999.0 -9999.0 -9999.0 -9999.0 -9999.0 -9999.0 -9999.0 -9999.0 -9999.0 -9999.0 -9999.0 -9999.0 -9999.0 -9999.0 -9999.0 -9999.0 -9999.0 -9999.0 -9999.0 -9999.0 -9999.0 -9999.0 -9999.0 -9999.0 -9999.0 -9999.0 -9999.0 -9999.0 -9999.0 -9999.0 -9999.0 -9999.0 -9999.0 -9999.0 -9999.0 -9999.0 -9999.0 -9999.0 -9999.0 -9999.0 -9999.0 -9999.0 -9999.0 -9999.0 -9999.0 -9999.0 -9999.0