Borden_/Borden1m_014/output_maps/psiliqL0018N0029.asc
ncols         80
nrows         18
xllcorner     620200.000000
yllcorner     5168000.000000
cellsize      1.000000
NODATA_value  -9999.0
-9999.0 -9999.0 -9999.0 -9999.0 -9999.0 -9999.0 -9999.0 -9999.0 -9999.0 -9999.0 -9999.0 -9999.0 -9999.0 -9999.0 -9999.0 -9999.0 -9999.0 -9999.0 -9999.0 -9999.0 -9999.0 -9999.0 -9999.0 -9999.0 -9999.0 -9999.0 -9999.0 -9999.0 -9999.0 -9999.0 -9999.0 -9999.0 -9999.0 -9999.0 -9999.0 -9999.0 -9999.0 -9999.0 -9999.0 -9999.0 -9999.0 -9999.0 -9999.0 -9999.0 -9999.0 -9999.0 -9999.0 -9999.0 -9999.0 -9999.0 -9999.0 -9999.0 -9999.0 -9999.0 -9999.0 -9999.0 -9999.0 -9999.0 -9999.0 -9999.0 -9999.0 -9999.0 -9999.0 -9999.0 -9999.0 -9999.0 -9999.0 -9999.0 -9999.0 -9999.0 -9999.0 -9999.0 -9999.0 -9999.0 -9999.0 -9999.0 -9999.0 -9999.0 -9999.0 -9999.0
-9999.0 -9999.0 -9999.0 -9999.0 -9999.0 -9999.0 -9999.0 -9999.0 -9999.0 -9999.0 -9999.0 -9999.0 -9999.0 -9999.0 -9999.0 -9999.0 -9999.0 -9999.0 -9999.0 -9999.0 -9999.0 -9999.0 -9999.0 -9999.0 -9999.0 -9999.0 -9999.0 -9999.0 -9999.0 -9999.0 -9999.0 -9999.0 -9999.0 -9999.0 -9999.0 -9999.0 -9999.0 -9999.0 -9999.0 -9999.0 -9999.0 -9999.0 -9999.0 -9999.0 -9999.0 -9999.0 -9999.0 -9999.0 -9999.0 -9999.0 -9999.0 -9999.0 -9999.0 -9999.0 -9999.0 -9999.0 -9999.0 -9999.0 -9999.0 -9999.0 -9999.0 -9999.0 -9999.0 -9999.0 -9999.0 -9999.0 -9999.0 -9999.0 -9999.0 -9999.0 -9999.0 -9999.0 -9999.0 -9999.0 -9999.0 -9999.0 -9999.0 -9999.0 -9999.0 -9999.0
-9999.0 -9999.0 -9999.0 -9999.0 -9999.0 -9999.0 -9999.0 -9999.0 -9999.0 -9999.0 -9999.0 -9999.0 -9999.0 -9999.0 -9999.0 -9999.0 -9999.0 -9999.0 -9999.0 -9999.0 1753.277045 1755.977516 1735.180473 1702.816666 1676.437075 1680.326497 1716.248426 1759.268124 1799.950580 1811.120057 1794.818589 1799.518375 1796.497746 1795.362110 1798.128256 1806.267822 1812.316850 1823.892658 1832.917015 1833.202145 1828.085291 1824.204628 1826.031250 1828.792297 1834.084998 1821.058071 1834.261974 1847.972282 1850.921628 1844.275150 1815.959550 1799.175725 1787.941611 1769.821973 1792.508513 1801.929522 1822.504837 1824.653186 1821.050002 1792.804415 1761.900708 -9999.0 -9999.0 -9999.0 -9999.0 -9999.0 -9999.0 -9999.0 -9999.0 -9999.0 -9999.0 -9999.0 -9999.0 -9999.0 -9999.0 -9999.0 -9999.0 -9999.0 -9999.0 -9999.0
-9999.0 -9999.0 -9999.0 -9999.0 -9999.0 -9999.0 -9999.0 -9999.0 -9999.0 -9999.0 -9999.0 -9999.0 -9999.0 -9999.0 1658.981035 1650.707602 1649.404797 1659.057311 1693.759546 1725.106393 1737.320756 1731.027086 1732.508836 1710.257612 1690.768126 1706.275709 1738.003523 1771.381547 1807.743059 1829.214238 1820.154533 1819.715280 1830.048556 1854.680751 1866.864219 1864.772265 1846.679445 1871.428304 1887.513159 1896.083983 1896.657967 1889.138103 1901.323964 1916.541845 1909.157217 1891.703073 1897.441723 1908.539848 1918.050645 1903.872229 1839.664691 1820.279343 1813.567414 1805.042511 1788.760060 1780.895777 1804.953741 1802.532282 1792.540184 1773.092168 1738.894911 1693.654794 1673.592637 1711.190368 1753.246204 1808.728868 -9999.0 -9999.0 -9999.0 -9999.0 -9999.0 -9999.0 -9999.0 -9999.0 -9999.0 -9999.0 -9999.0 -9999.0 -9999.0 -9999.0
-9999.0 -9999.0 -9999.0 -9999.0 -9999.0 -9999.0 -9999.0 -9999.0 -9999.0 1596.992916 1602.977082 1611.637115 1615.723408 1632.809497 1631.218685 1639.847822 1647.733618 1676.703831 1709.019693 1745.195447 1774.780455 1767.607806 1769.436521 1779.415760 1781.920354 1794.721468 1818.375824 1860.322830 1899.557286 1940.996327 1913.264183 1912.239547 1932.427957 1978.521387 2008.757141 2014.604012 1997.033321 2009.298835 2035.042574 2056.589187 2057.021540 2055.026580 2080.700173 2095.062410 2093.160547 2071.600042 2061.578824 2062.322270 2086.552679 2033.435074 1965.419973 1916.867890 1922.080022 1892.548505 1856.211128 1836.395173 1832.212674 1850.164566 1833.718884 1795.173719 1757.860456 1744.667855 1725.344822 1741.534944 1761.895508 1805.990555 1843.176001 1869.928360 1867.514043 1848.798760 -9999.0 -9999.0 -9999.0 -9999.0 -9999.0 -9999.0 -9999.0 -9999.0 -9999.0 -9999.0
-9999.0 -9999.0 -9999.0 -9999.0 -9999.0 -9999.0 1515.935736 1526.859530 1548.722955 1554.017386 1581.354682 1589.907938 1612.057157 1632.813779 1656.536402 1674.069503 1704.825299 1739.092877 1780.537592 1824.095292 1857.234709 1852.463888 1864.000268 1892.948974 1929.991612 1957.889223 1984.643398 2026.513465 2103.826783 2146.563544 2151.486479 2157.006177 2167.687495 2217.699095 2281.957782 2295.470695 2275.513379 2262.103368 2284.356143 2322.334010 2327.537136 2329.859103 2343.004059 2353.337708 2378.799585 2367.444974 2326.547140 2313.177345 2312.248469 2292.033004 2226.733816 2163.338625 2131.684218 2080.162565 1995.579158 1942.527523 1951.928382 1970.284382 1940.588786 1885.309460 1843.979601 1832.029660 1815.287025 1801.108081 1806.432710 1823.772852 1843.564489 1852.661754 1837.404369 1814.239953 1790.057895 1759.998499 1760.882695 1785.195581 -9999.0 -9999.0 -9999.0 -9999.0 -9999.0 -9999.0
-9999.0 -9999.0 -9999.0 -9999.0 1464.303982 1478.282852 1466.656516 1493.779772 1528.157883 1564.195069 1596.918522 1634.672835 1663.403785 1695.394084 1736.266011 1769.569058 1811.251387 1847.803159 1903.010852 1971.768265 2023.596920 2047.054962 2063.181092 2121.610567 2183.313721 2236.068424 2258.594479 2287.936431 2335.015347 2396.331728 2424.039194 2431.043676 2449.317812 2487.531429 2537.854607 2572.978925 2556.395472 2548.375635 2556.019857 2569.425441 2594.014828 2596.409673 2599.024653 2602.203405 2607.197316 2604.892782 2578.399004 2543.419409 2527.112387 2516.043470 2482.492097 2411.068012 2371.988766 2339.764322 2300.881010 2246.298280 2185.314142 2172.269082 2113.433774 2053.791065 1992.175387 1971.245769 1940.305013 1914.079859 1884.826749 1885.535511 1887.135450 1864.246351 1829.119590 1794.746977 1778.038021 1757.836826 1745.321214 1774.512227 1791.146057 1820.501701 -9999.0 -9999.0 -9999.0 -9999.0
-9999.0 -9999.0 1402.973379 1451.457617 1509.831606 1519.555532 1519.909850 1527.271782 1557.779784 1611.891308 1686.252066 1735.338753 1776.705045 1813.017355 1873.671601 1950.517239 2021.797418 2071.455319 2134.206270 2206.698890 2270.425081 2304.136804 2321.685140 2363.049962 2419.008442 2484.307561 2512.947824 2540.895121 2575.310216 2611.623251 2618.467987 2632.158286 2641.973455 2647.890007 2656.330114 2659.587297 2654.362716 2648.296616 2629.158091 2624.928990 2632.308291 2639.246258 2640.338457 2626.752480 2622.708625 2636.310479 2640.418320 2638.537814 2636.662398 2642.891295 2643.516922 2601.066076 2568.537902 2551.506982 2537.806398 2491.238261 2424.521913 2383.745927 2359.252042 2313.331394 2234.401050 2184.118248 2133.653192 2085.744902 2033.187109 2002.886900 1955.491286 1911.179300 1862.536047 1814.336214 1789.274035 1770.321634 1766.788714 1765.360947 1780.672181 1794.986894 1809.587165 1816.970654 -9999.0 -9999.0
-9999.0 1297.221334 1369.700663 1495.552334 1576.583454 1621.102874 1648.571080 1668.694908 1699.757626 1731.306252 1833.481369 1913.529242 2005.050476 2046.022187 2097.189935 2195.402546 2292.324450 2341.536335 2382.924081 2443.562711 2507.242173 2557.958831 2588.226572 2591.839661 2628.641770 2647.553790 2652.702257 2657.636493 2655.750214 2648.307154 2640.449519 2646.508696 2642.241777 2622.457478 2605.609102 2601.860232 2595.485949 2569.627285 2538.866019 2522.718371 2524.395673 2548.852531 2535.730836 2514.795198 2511.054301 2532.891902 2554.341957 2545.871190 2534.038991 2553.447408 2589.059011 2612.706845 2620.816010 2638.176931 2658.802104 2631.899883 2604.880681 2561.274701 2539.473923 2509.026423 2448.962180 2387.311669 2331.152946 2269.191300 2202.312928 2135.228784 2071.082415 2007.738238 1940.519288 1898.083350 1866.273495 1816.448598 1796.147449 1797.504443 1788.113263 1784.198396 1789.093887 1794.886457 -9999.0 -9999.0
-9999.0 1211.966316 1353.765294 1537.214151 1685.772389 1741.601384 1834.076703 1909.408602 1937.027075 1904.870368 2013.583053 2234.227448 2346.609827 2368.184620 2444.116409 2538.322481 2549.851919 2584.448841 2608.954120 2625.287501 2638.639835 2651.434840 2651.333308 2647.061417 2632.637672 2624.821834 2622.998593 2619.372793 2600.664352 2580.176507 2561.373070 2555.655321 2534.252402 2486.713196 2451.997031 2433.021204 2414.349475 2394.549721 2362.190469 2334.206602 2317.299234 2331.159419 2326.337512 2310.082429 2306.475878 2328.696392 2360.972013 2359.070790 2370.417089 2393.094172 2433.298317 2474.212824 2498.034367 2529.858616 2568.801501 2615.424102 2629.904000 2652.107894 2655.735001 2638.435330 2592.047604 2536.441122 2499.887570 2434.864611 2360.674363 2280.051435 2213.095136 2148.697981 2077.863756 2031.540783 1985.039595 1928.081242 1876.303779 1856.227898 1816.833670 1797.530204 -9999.0 -9999.0 -9999.0 -9999.0
-9999.0 1125.956637 1311.696160 1564.875305 1847.767240 1949.155039 2155.039618 2283.019255 2338.659495 2410.161699 2362.821431 2531.456512 2578.652362 2577.795298 2584.448275 2591.127077 2608.648295 2612.901145 2610.448993 2601.359369 2593.091684 2589.621544 2588.733726 2581.163967 2568.340000 2552.359786 2536.732443 2522.089377 2482.359074 2447.297545 2408.282527 2391.921805 2349.629119 2255.562495 2212.151093 2173.806193 2114.538146 2109.248546 2105.638826 2077.068552 2057.032573 2033.583464 2057.627536 2064.565416 2067.970346 2069.380186 2085.030582 2112.016794 2159.230914 2197.017028 2241.945242 2295.335579 2332.131598 2376.805540 2423.011405 2479.903614 2514.756996 2547.411530 2597.677077 2637.127206 2660.377174 2647.069789 2619.449592 2568.959765 2493.340435 2423.921625 2370.730266 2293.899751 2228.114334 2175.087469 2129.015437 2078.809432 2015.251733 1942.548150 1901.873149 -9999.0 -9999.0 -9999.0 -9999.0 -9999.0
-9999.0 933.281092 1199.921896 1481.623901 1784.716456 2118.375701 2266.016724 2387.365365 2460.141657 2435.011157 2449.598986 2469.225167 2514.162939 2525.290159 2507.048923 2498.597712 2486.941703 2487.754037 2501.407678 2475.394625 2446.032224 2432.616088 2432.143313 2420.072029 2395.802992 2378.277334 2365.748217 2343.647245 2294.029504 2241.127680 2156.984484 2123.553113 2045.099443 1993.034652 1949.790805 1899.823202 1849.567799 1849.046131 1867.350058 1853.416676 1831.157779 1812.817345 1840.182693 1859.366629 1872.393494 1860.300364 1869.572372 1906.007901 1956.037117 2000.857615 2051.070369 2106.398826 2153.482495 2201.174990 2232.790469 2282.788983 2332.711168 2380.857690 2455.572417 2536.190627 2575.635109 2610.789539 2640.934314 2654.165269 2597.825474 2544.452692 2486.643643 2420.215571 2339.948169 2291.552859 2265.243389 2223.506568 2168.816714 -9999.0 -9999.0 -9999.0 -9999.0 -9999.0 -9999.0 -9999.0
-9999.0 811.178831 1022.472756 1240.978868 1515.705902 1752.448661 1956.985760 2062.576547 2142.147721 2190.727983 2233.485819 2271.097904 2303.363906 2328.208979 2308.993063 2268.928894 2240.356130 2245.305391 2240.085982 2217.122620 2188.000715 2173.240514 2170.085926 2162.964885 2138.576946 2124.091946 2112.873385 2089.313838 2056.547281 2000.280464 1921.749612 1847.707784 1787.745976 1758.295458 1729.575675 1697.629047 1663.740582 1673.851751 1685.607000 1682.632245 1672.905018 1670.630842 1699.669552 1718.995337 1729.279915 1718.446288 1738.101834 1764.751533 1806.322015 1850.079492 1899.745928 1955.310596 2009.593581 2038.774976 2052.151692 2076.696666 2116.050646 2170.094756 2256.227706 2351.716589 2431.082538 2480.198228 2531.009289 2564.504504 2575.585887 2579.623714 2549.879271 2467.935039 2366.291023 2347.659590 2344.282194 -9999.0 -9999.0 -9999.0 -9999.0 -9999.0 -9999.0 -9999.0 -9999.0 -9999.0
-9999.0 -9999.0 791.458354 961.990432 1088.986718 1264.446814 1413.319814 1523.740610 1617.200742 1739.341245 1850.017635 1937.548443 1983.405940 2001.814627 1989.107296 1958.499072 1938.956678 1939.163496 1928.731594 1918.991818 1900.134052 1892.382403 1880.383379 1871.706465 1862.391897 1857.138049 1851.457682 1839.755940 1817.846378 1771.279033 1724.571764 1674.107212 1621.685921 1596.313535 1574.589829 1553.543452 1552.946216 1548.314970 1553.478725 1555.051511 1562.387451 1575.246822 1595.160851 1617.441081 1627.428468 1636.948096 1649.606461 1673.530253 1706.763685 1749.539832 1804.103887 1862.683056 1903.331360 1916.712591 1907.410750 1912.498637 1932.407899 1974.420323 2053.666112 2136.749373 2232.658483 2303.967503 2374.919621 2425.735375 2439.596074 2451.263822 2461.433223 2410.181943 2279.250916 2300.707543 -9999.0 -9999.0 -9999.0 -9999.0 -9999.0 -9999.0 -9999.0 -9999.0 -9999.0 -9999.0
-9999.0 -9999.0 -9999.0 -9999.0 821.786118 974.892468 1072.452935 1155.392260 1285.854385 1408.760340 1510.539596 1594.939070 1658.730313 1685.806697 1683.332812 1691.549985 1688.108124 1681.586093 1671.709204 1671.770779 1671.642054 1664.201223 1649.199551 1641.684239 1642.683874 1647.583860 1644.521768 1630.344313 1611.837071 1590.330159 1570.897927 1536.821175 1501.225669 1471.987639 1458.698970 1453.212381 1452.779253 1445.454244 1453.897801 1461.399735 1476.651794 1491.798837 1515.484539 1544.639079 1558.717979 1573.706546 1583.567166 1604.140838 1634.831358 1688.586522 1752.532485 1811.086563 1847.929018 1853.113718 1829.388475 1814.521369 1811.179911 1839.301989 1883.768571 1950.067983 2051.205854 2123.917215 2179.395022 2222.063383 2252.180642 2294.705336 2340.131667 2370.821748 -9999.0 -9999.0 -9999.0 -9999.0 -9999.0 -9999.0 -9999.0 -9999.0 -9999.0 -9999.0 -9999.0 -9999.0
-9999.0 -9999.0 -9999.0 -9999.0 -9999.0 -9999.0 785.029264 887.527568 965.587950 1106.750382 1239.879711 1342.356511 1423.390242 1456.221568 1484.287502 1512.000437 1510.868331 1492.367990 1472.917294 1492.115304 1506.730452 1500.610798 1470.072036 1469.757511 1474.632790 1482.414359 1479.727681 1472.956471 1447.526197 1459.478006 1460.407650 1436.934425 1410.763473 1396.878830 1384.865105 1394.324755 1394.355259 1380.464314 1380.624662 1407.509656 1427.835147 1440.882574 1462.536599 1495.770891 1528.244436 1543.715755 1545.259642 1551.453540 1591.291332 1661.734344 1733.955133 1790.102772 1823.371637 1832.179575 1805.920648 1766.623381 1746.992916 1754.653035 1789.727150 1842.150316 1917.560027 1966.052228 1990.172644 2001.315315 2017.236305 2106.801134 -9999.0 -9999.0 -9999.0 -9999.0 -9999.0 -9999.0 -9999.0 -9999.0 -9999.0 -9999.0 -9999.0 -9999.0 -9999.0 -9999.0
-9999.0 -9999.0 -9999.0 -9999.0 -9999.0 -9999.0 -9999.0 -9999.0 -9999.0 -9999.0 -9999.0 -9999.0 -9999.0 -9999.0 -9999.0 -9999.0 -9999.0 -9999.0 -9999.0 -9999.0 -9999.0 -9999.0 -9999.0 -9999.0 -9999.0 -9999.0 -9999.0 -9999.0 -9999.0 -9999.0 -9999.0 -9999.0 -9999.0 -9999.0 -9999.0 -9999.0 -9999.0 -9999.0 -9999.0 -9999.0 -9999.0 -9999.0 -9999.0 -9999.0 -9999.0 -9999.0 -9999.0 -9999.0 -9999.0 -9999.0 -9999.0 -9999.0 -9999.0 -9999.0 -9999.0 -9999.0 -9999.0 -9999.0 -9999.0 -9999.0 -9999.0 -9999.0 -9999.0 -9999.0 -9999.0 -9999.0 -9999.0 -9999.0 -9999.0 -9999.0 -9999.0 -9999.0 -9999.0 -9999.0 -9999.0 -9999.0 -9999.0 -9999.0 -9999.0 -9999.0
-9999.0 -9999.0 -9999.0 -9999.0 -9999.0 -9999.0 -9999.0 -9999.0 -9999.0 -9999.0 -9999.0 -9999.0 -9999.0 -9999.0 -9999.0 -9999.0 -9999.0 -9999.0 -9999.0 -9999.0 -9999.0 -9999.0 -9999.0 -9999.0 -9999.0 -9999.0 -9999.0 -9999.0 -9999.0 -9999.0 -9999.0 -9999.0 -9999.0 -9999.0 -9999.0 -9999.0 -9999.0 -9999.0 -9999.0 -9999.0 -9999.0 -9999.0 -9999.0 -9999.0 -9999.0 -9999.0 -9999.0 -9999.0 -9999.0 -9999.0 -9999.0 -9999.0 -9999.0 -9999.0 -9999.0 -9999.0 -9999.0 -9999.0 -9999.0 -9999.0 -9999.0 -9999.0 -9999.0 -9999.0 -9999.0 -9999.0 -9999.0 -9999.0 -9999.0 -9999.0 -9999.0 -9999.0 -9999.0 -9999.0 -9999.0 -9999.0 -9999.0 -9999.0 -9999.0 -9999.0