Borden_/Borden1m_014/output_maps/psiliqL0011N0005.asc
ncols         80
nrows         18
xllcorner     620200.000000
yllcorner     5168000.000000
cellsize      1.000000
NODATA_value  -9999.0
-9999.0 -9999.0 -9999.0 -9999.0 -9999.0 -9999.0 -9999.0 -9999.0 -9999.0 -9999.0 -9999.0 -9999.0 -9999.0 -9999.0 -9999.0 -9999.0 -9999.0 -9999.0 -9999.0 -9999.0 -9999.0 -9999.0 -9999.0 -9999.0 -9999.0 -9999.0 -9999.0 -9999.0 -9999.0 -9999.0 -9999.0 -9999.0 -9999.0 -9999.0 -9999.0 -9999.0 -9999.0 -9999.0 -9999.0 -9999.0 -9999.0 -9999.0 -9999.0 -9999.0 -9999.0 -9999.0 -9999.0 -9999.0 -9999.0 -9999.0 -9999.0 -9999.0 -9999.0 -9999.0 -9999.0 -9999.0 -9999.0 -9999.0 -9999.0 -9999.0 -9999.0 -9999.0 -9999.0 -9999.0 -9999.0 -9999.0 -9999.0 -9999.0 -9999.0 -9999.0 -9999.0 -9999.0 -9999.0 -9999.0 -9999.0 -9999.0 -9999.0 -9999.0 -9999.0 -9999.0
-9999.0 -9999.0 -9999.0 -9999.0 -9999.0 -9999.0 -9999.0 -9999.0 -9999.0 -9999.0 -9999.0 -9999.0 -9999.0 -9999.0 -9999.0 -9999.0 -9999.0 -9999.0 -9999.0 -9999.0 -9999.0 -9999.0 -9999.0 -9999.0 -9999.0 -9999.0 -9999.0 -9999.0 -9999.0 -9999.0 -9999.0 -9999.0 -9999.0 -9999.0 -9999.0 -9999.0 -9999.0 -9999.0 -9999.0 -9999.0 -9999.0 -9999.0 -9999.0 -9999.0 -9999.0 -9999.0 -9999.0 -9999.0 -9999.0 -9999.0 -9999.0 -9999.0 -9999.0 -9999.0 -9999.0 -9999.0 -9999.0 -9999.0 -9999.0 -9999.0 -9999.0 -9999.0 -9999.0 -9999.0 -9999.0 -9999.0 -9999.0 -9999.0 -9999.0 -9999.0 -9999.0 -9999.0 -9999.0 -9999.0 -9999.0 -9999.0 -9999.0 -9999.0 -9999.0 -9999.0
-9999.0 -9999.0 -9999.0 -9999.0 -9999.0 -9999.0 -9999.0 -9999.0 -9999.0 -9999.0 -9999.0 -9999.0 -9999.0 -9999.0 -9999.0 -9999.0 -9999.0 -9999.0 -9999.0 -9999.0 331.498265 334.267547 311.877913 278.094967 250.008232 252.112966 286.933856 328.251509 366.641777 377.048882 359.205694 361.180096 356.267129 355.402479 357.961949 364.267440 367.733269 379.215621 388.086893 388.549320 383.275595 378.585256 378.622162 382.166040 387.366823 377.212930 390.290675 404.591219 409.547592 404.017659 376.796444 361.136830 352.597907 337.553552 361.886607 373.875427 396.567641 400.656087 399.059483 371.909376 341.727323 -9999.0 -9999.0 -9999.0 -9999.0 -9999.0 -9999.0 -9999.0 -9999.0 -9999.0 -9999.0 -9999.0 -9999.0 -9999.0 -9999.0 -9999.0 -9999.0 -9999.0 -9999.0 -9999.0
-9999.0 -9999.0 -9999.0 -9999.0 -9999.0 -9999.0 -9999.0 -9999.0 -9999.0 -9999.0 -9999.0 -9999.0 -9999.0 -9999.0 241.447889 231.542361 228.575791 236.919538 270.419609 300.376120 312.774425 305.318974 305.413071 281.939324 261.627054 275.736181 305.436085 337.277938 372.074557 392.683324 380.827905 378.356755 388.307712 414.394241 427.931095 425.251802 404.951980 428.195973 445.327575 456.653800 457.899362 450.740038 465.122195 481.261734 474.383865 456.643767 459.684687 469.023321 480.330646 465.265003 401.153408 381.114244 377.530039 370.843448 356.878647 350.046113 374.843136 375.227664 366.871659 348.775039 316.158303 271.894964 253.734787 292.280737 336.444910 394.069498 -9999.0 -9999.0 -9999.0 -9999.0 -9999.0 -9999.0 -9999.0 -9999.0 -9999.0 -9999.0 -9999.0 -9999.0 -9999.0 -9999.0
-9999.0 -9999.0 -9999.0 -9999.0 -9999.0 -9999.0 -9999.0 -9999.0 -9999.0 184.635167 188.647025 195.745709 197.667814 213.149713 211.060322 217.961062 225.305191 251.613277 282.444917 317.345734 346.087194 336.720321 337.414258 348.746379 354.042354 366.741714 388.533271 430.014642 472.482638 514.338427 486.190391 483.956687 502.986584 551.410541 587.805617 596.814109 578.068252 584.904030 614.539203 648.037183 653.677729 654.566838 679.774675 693.107730 695.715238 675.647652 657.510431 647.585218 666.164973 613.014021 546.689278 494.439975 497.373411 466.656376 425.824738 403.012634 399.164379 419.963777 404.607974 366.915849 330.138467 319.643049 302.559142 319.239676 341.768153 388.506133 427.132745 455.828547 455.945754 438.699229 -9999.0 -9999.0 -9999.0 -9999.0 -9999.0 -9999.0 -9999.0 -9999.0 -9999.0 -9999.0
-9999.0 -9999.0 -9999.0 -9999.0 -9999.0 -9999.0 106.032755 115.090154 134.970815 140.078394 164.777890 172.076350 192.402130 211.435022 232.156159 248.623391 278.917228 311.531974 352.643963 396.185872 428.581375 424.906811 436.758945 469.849342 511.461048 543.096095 569.590472 613.273813 697.192373 741.984582 751.905437 756.400583 765.799228 815.910227 886.883501 908.098274 883.877310 868.742257 901.994152 975.632441 998.265058 1004.251583 1013.406049 1020.804809 1043.573609 1033.934615 988.224530 943.005429 921.574352 899.139234 833.609322 768.031540 732.819438 683.561563 595.701294 532.070976 531.476876 547.129194 516.262006 460.866988 417.566988 405.848652 390.336159 376.315273 382.145730 401.601690 424.686128 436.279384 423.908987 403.341518 380.557983 351.935211 353.790484 379.171172 -9999.0 -9999.0 -9999.0 -9999.0 -9999.0 -9999.0
-9999.0 -9999.0 -9999.0 -9999.0 56.384609 68.791362 56.725878 80.742561 112.800930 146.241216 178.185192 215.080955 241.971340 271.521387 312.171575 348.423638 391.867482 428.136534 483.323948 552.480780 605.979325 636.032170 659.387801 721.012586 783.378300 838.763804 864.678878 906.367341 981.255043 1047.365051 1072.168673 1076.474568 1090.129427 1118.423996 1159.118698 1188.901631 1173.032336 1168.494718 1180.500648 1204.209296 1232.847200 1236.461528 1238.631961 1239.669494 1242.343160 1242.061907 1218.889144 1179.660804 1161.357353 1150.214162 1124.981429 1066.026859 1032.677953 1001.232007 945.341654 868.849996 791.016434 770.397500 712.420666 649.023877 578.083925 550.591363 516.585384 489.358531 459.191948 460.283232 463.668808 444.150107 413.356931 381.662484 366.900163 348.375978 338.045121 368.154467 385.968585 416.806133 -9999.0 -9999.0 -9999.0 -9999.0
-9999.0 -9999.0 -1.691063 47.380907 103.264471 111.500477 112.566583 117.725842 145.143243 196.272341 273.293368 325.679033 369.906987 401.785259 460.747929 543.189083 621.434595 675.694166 735.752016 806.046250 874.656428 925.763149 974.975784 1020.023713 1068.132781 1120.809284 1144.520577 1172.679128 1210.031177 1241.538044 1255.682483 1268.191625 1273.069667 1270.973849 1272.545288 1272.463396 1270.179997 1268.453133 1255.702625 1256.857393 1264.539162 1269.546320 1271.516702 1257.232908 1253.797936 1268.879270 1273.323465 1272.391385 1271.620061 1277.193847 1281.708794 1248.908820 1212.517797 1198.741589 1182.258164 1134.893775 1077.571222 1041.286609 1016.021621 947.415460 845.908484 781.621989 720.545404 664.858950 610.354819 577.178284 531.054023 490.513659 445.583982 400.615726 377.511702 359.490293 357.447057 358.125525 374.578329 390.396476 406.053282 413.996858 -9999.0 -9999.0
-9999.0 -102.142522 -29.883984 96.549204 175.198528 219.236761 255.433715 282.439281 309.035301 329.528097 437.421869 541.765036 633.992168 666.737762 715.606137 816.002029 931.607369 998.505143 1037.935141 1086.198061 1139.131334 1185.383093 1219.908628 1241.300065 1271.566344 1277.838585 1278.850120 1282.076302 1279.658672 1273.744692 1265.155085 1270.644257 1265.941609 1246.307709 1231.446688 1230.005901 1228.105089 1210.734364 1189.106583 1176.072162 1173.642211 1196.594331 1183.245804 1155.463971 1152.972365 1183.700037 1206.533223 1201.222334 1190.429001 1203.557412 1230.159781 1246.051145 1258.768097 1274.837200 1292.350270 1266.488083 1240.897530 1208.344073 1191.419469 1157.663995 1099.514441 1035.415469 957.038349 873.404084 796.611737 718.116110 654.331423 595.697055 530.747676 490.934809 459.895404 408.671053 386.732910 389.083376 380.689116 378.512532 385.282658 391.830704 -9999.0 -9999.0
-9999.0 -177.553527 -34.965445 149.430744 295.590857 355.278715 467.641983 556.274549 585.397208 561.924931 673.445416 925.012438 1024.772452 1037.405876 1095.646188 1167.690805 1197.388236 1233.263021 1255.782311 1260.091030 1263.908329 1272.969338 1273.840230 1270.218743 1259.701740 1254.857421 1255.246865 1253.328003 1237.593987 1221.435802 1206.633270 1202.565157 1181.339477 1129.589651 1094.737511 1079.963354 1070.477462 1056.367339 1028.036655 999.072590 968.688868 997.810949 982.210264 934.655940 931.164827 987.545656 1032.497111 1031.259172 1036.274572 1052.548818 1083.990149 1116.555849 1140.565565 1176.794946 1210.331825 1246.678648 1263.224355 1286.931176 1292.123929 1270.393800 1232.636707 1186.876919 1151.077916 1089.932417 1013.074344 903.530790 829.699131 765.494058 691.042302 640.696147 590.044835 528.682870 471.836248 448.205775 410.131069 390.654435 -9999.0 -9999.0 -9999.0 -9999.0
-9999.0 -248.965226 -59.472714 201.744635 465.515226 584.864202 797.717472 957.601721 1018.826134 1079.257197 1082.590644 1208.602493 1242.414311 1235.961748 1224.391605 1220.238477 1230.724212 1234.724573 1233.171158 1227.517939 1223.698594 1223.974952 1225.849595 1222.471369 1215.322182 1204.919882 1194.027702 1179.061696 1134.560672 1100.609717 1068.606689 1053.105901 1005.536925 875.047493 816.525041 779.491476 727.079707 722.159823 714.259044 684.150690 660.947254 645.586096 661.968875 656.255100 658.071225 672.963931 696.663168 718.642394 759.541615 793.133366 836.095321 891.439516 940.968021 1016.051178 1068.362610 1120.365480 1155.129245 1192.461568 1235.801514 1270.974513 1293.266657 1284.363516 1258.186416 1222.186849 1162.593087 1100.186547 1058.521207 987.535858 896.202748 826.584378 765.238545 690.578861 617.042358 535.694375 495.975288 -9999.0 -9999.0 -9999.0 -9999.0 -9999.0
-9999.0 -414.033568 -146.927944 144.596925 466.088791 789.785665 926.062468 1066.314185 1132.683267 1094.704657 1097.712008 1125.637766 1174.827338 1184.446849 1161.175016 1139.265468 1121.752484 1119.454236 1132.396283 1111.603448 1089.717246 1081.868337 1084.781369 1077.351130 1060.111087 1047.063257 1034.207882 1002.512842 916.768940 850.447389 766.131372 738.293350 662.023667 591.492436 541.997509 492.942331 442.967504 441.983271 458.139868 441.874847 418.792913 400.214774 425.028313 439.900726 451.498860 443.153558 453.416234 488.457364 535.902564 576.768678 623.637881 676.311334 724.659934 782.052198 821.058136 880.807780 949.081581 1025.353252 1104.225797 1184.452806 1217.824620 1247.900194 1281.535107 1300.360059 1258.615458 1220.596429 1185.950155 1141.084699 1066.543999 1023.640599 977.124826 861.556415 773.354209 -9999.0 -9999.0 -9999.0 -9999.0 -9999.0 -9999.0 -9999.0
-9999.0 -544.745341 -318.956018 -79.496842 211.565403 444.068023 622.481740 729.193131 806.184945 829.333498 863.506606 912.338525 977.250333 1006.959224 973.100792 895.446144 850.411793 849.540341 846.085071 821.110135 792.405763 778.887426 778.920920 773.637990 750.553765 736.596677 724.917252 697.850248 653.010276 594.340793 513.703863 445.080536 383.867260 348.204543 317.312399 284.350863 247.264209 257.949266 271.844287 267.486010 255.560914 251.480902 280.548165 298.811505 308.866579 296.603331 315.413494 341.946849 382.766239 423.367488 469.418002 521.572079 573.259365 603.499364 619.324668 648.922113 695.516347 761.483968 863.842909 995.487597 1078.177671 1126.930724 1183.552180 1219.010294 1236.241661 1261.674872 1251.338614 1186.648803 1083.454616 1107.316209 1107.783902 -9999.0 -9999.0 -9999.0 -9999.0 -9999.0 -9999.0 -9999.0 -9999.0 -9999.0
-9999.0 -9999.0 -554.363501 -370.026977 -219.743916 -38.421963 108.588400 212.627990 289.972333 388.206300 484.808486 566.336580 616.080358 634.847659 614.362405 567.288460 538.175754 536.510307 526.876903 514.623435 493.165616 485.601521 476.819829 470.012727 459.025864 452.911977 447.377914 435.083196 410.867320 363.491478 312.383480 260.983242 207.381303 182.169890 160.263965 138.140250 135.561923 133.297449 139.854283 141.138496 146.890295 158.781828 179.175821 200.536409 209.929778 217.451783 229.786496 253.028029 285.444609 325.855266 377.442251 432.202981 469.426618 480.734398 470.839226 476.467810 498.850582 544.552368 631.659747 725.944759 825.513609 910.933928 1019.182183 1082.810686 1108.829838 1144.688680 1178.007240 1120.166692 764.333985 1038.703512 -9999.0 -9999.0 -9999.0 -9999.0 -9999.0 -9999.0 -9999.0 -9999.0 -9999.0 -9999.0
-9999.0 -9999.0 -9999.0 -9999.0 -513.447485 -358.474325 -264.821499 -183.603744 -61.801500 48.987482 142.733534 220.720548 276.817242 301.063887 290.818253 286.702479 278.406192 273.514826 264.669830 260.964066 257.359570 250.321775 238.767052 231.820645 232.034076 236.212967 234.108416 220.838960 204.320068 178.827062 156.299812 121.713751 85.370822 56.553545 43.792115 37.517804 37.859262 32.140307 41.533654 48.193132 63.115434 78.421242 102.260602 130.640648 143.427372 157.620865 167.114067 187.483464 216.989179 269.016918 330.546862 385.828051 418.875865 421.395867 394.604053 377.816533 373.635944 401.006464 446.960752 515.837998 616.951097 692.865237 764.667219 822.880320 876.582839 974.411037 1076.970760 1121.245669 -9999.0 -9999.0 -9999.0 -9999.0 -9999.0 -9999.0 -9999.0 -9999.0 -9999.0 -9999.0 -9999.0 -9999.0
-9999.0 -9999.0 -9999.0 -9999.0 -9999.0 -9999.0 -565.831689 -470.160014 -386.464447 -260.945123 -143.858307 -50.099370 25.102583 51.410590 70.805086 93.759639 89.629062 72.233268 55.155956 72.495489 83.590100 78.823493 51.123813 50.326520 54.496149 63.756447 62.516650 56.596776 32.092082 41.497359 41.071807 18.457657 -7.134624 -21.005781 -32.320766 -22.175328 -21.285947 -33.915897 -31.884523 -5.593793 14.222714 27.528579 49.740358 82.732393 114.617569 128.941525 129.759342 135.598893 176.163689 245.534854 315.106599 367.943965 397.929638 404.164925 374.742019 332.646338 309.963441 315.176536 348.151385 399.590863 473.798257 522.348468 553.899718 576.593634 607.603428 711.065458 -9999.0 -9999.0 -9999.0 -9999.0 -9999.0 -9999.0 -9999.0 -9999.0 -9999.0 -9999.0 -9999.0 -9999.0 -9999.0 -9999.0
-9999.0 -9999.0 -9999.0 -9999.0 -9999.0 -9999.0 -9999.0 -9999.0 -9999.0 -9999.0 -9999.0 -9999.0 -9999.0 -9999.0 -9999.0 -9999.0 -9999.0 -9999.0 -9999.0 -9999.0 -9999.0 -9999.0 -9999.0 -9999.0 -9999.0 -9999.0 -9999.0 -9999.0 -9999.0 -9999.0 -9999.0 -9999.0 -9999.0 -9999.0 -9999.0 -9999.0 -9999.0 -9999.0 -9999.0 -9999.0 -9999.0 -9999.0 -9999.0 -9999.0 -9999.0 -9999.0 -9999.0 -9999.0 -9999.0 -9999.0 -9999.0 -9999.0 -9999.0 -9999.0 -9999.0 -9999.0 -9999.0 -9999.0 -9999.0 -9999.0 -9999.0 -9999.0 -9999.0 -9999.0 -9999.0 -9999.0 -9999.0 -9999.0 -9999.0 -9999.0 -9999.0 -9999.0 -9999.0 -9999.0 -9999.0 -9999.0 -9999.0 -9999.0 -9999.0 -9999.0
-9999.0 -9999.0 -9999.0 -9999.0 -9999.0 -9999.0 -9999.0 -9999.0 -9999.0 -9999.0 -9999.0 -9999.0 -9999.0 -9999.0 -9999.0 -9999.0 -9999.0 -9999.0 -9999.0 -9999.0 -9999.0 -9999.0 -9999.0 -9999.0 -9999.0 -9999.0 -9999.0 -9999.0 -9999.0 -9999.0 -9999.0 -9999.0 -9999.0 -9999.0 -9999.0 -9999.0 -9999.0 -9999.0 -9999.0 -9999.0 -9999.0 -9999.0 -9999.0 -9999.0 -9999.0 -9999.0 -9999.0 -9999.0 -9999.0 -9999.0 -9999.0 -9999.0 -9999.0 -9999.0 -9999.0 -9999.0 -9999.0 -9999.0 -9999.0 -9999.0 -9999.0 -9999.0 -9999.0 -9999.0 -9999.0 -9999.0 -9999.0 -9999.0 -9999.0 -9999.0 -9999.0 -9999.0 -9999.0 -9999.0 -9999.0 -9999.0 -9999.0 -9999.0 -9999.0 -9999.0