Borden_/Borden1m_014/output_maps/psiliqL0011N0008.asc
ncols         80
nrows         18
xllcorner     620200.000000
yllcorner     5168000.000000
cellsize      1.000000
NODATA_value  -9999.0
-9999.0 -9999.0 -9999.0 -9999.0 -9999.0 -9999.0 -9999.0 -9999.0 -9999.0 -9999.0 -9999.0 -9999.0 -9999.0 -9999.0 -9999.0 -9999.0 -9999.0 -9999.0 -9999.0 -9999.0 -9999.0 -9999.0 -9999.0 -9999.0 -9999.0 -9999.0 -9999.0 -9999.0 -9999.0 -9999.0 -9999.0 -9999.0 -9999.0 -9999.0 -9999.0 -9999.0 -9999.0 -9999.0 -9999.0 -9999.0 -9999.0 -9999.0 -9999.0 -9999.0 -9999.0 -9999.0 -9999.0 -9999.0 -9999.0 -9999.0 -9999.0 -9999.0 -9999.0 -9999.0 -9999.0 -9999.0 -9999.0 -9999.0 -9999.0 -9999.0 -9999.0 -9999.0 -9999.0 -9999.0 -9999.0 -9999.0 -9999.0 -9999.0 -9999.0 -9999.0 -9999.0 -9999.0 -9999.0 -9999.0 -9999.0 -9999.0 -9999.0 -9999.0 -9999.0 -9999.0
-9999.0 -9999.0 -9999.0 -9999.0 -9999.0 -9999.0 -9999.0 -9999.0 -9999.0 -9999.0 -9999.0 -9999.0 -9999.0 -9999.0 -9999.0 -9999.0 -9999.0 -9999.0 -9999.0 -9999.0 -9999.0 -9999.0 -9999.0 -9999.0 -9999.0 -9999.0 -9999.0 -9999.0 -9999.0 -9999.0 -9999.0 -9999.0 -9999.0 -9999.0 -9999.0 -9999.0 -9999.0 -9999.0 -9999.0 -9999.0 -9999.0 -9999.0 -9999.0 -9999.0 -9999.0 -9999.0 -9999.0 -9999.0 -9999.0 -9999.0 -9999.0 -9999.0 -9999.0 -9999.0 -9999.0 -9999.0 -9999.0 -9999.0 -9999.0 -9999.0 -9999.0 -9999.0 -9999.0 -9999.0 -9999.0 -9999.0 -9999.0 -9999.0 -9999.0 -9999.0 -9999.0 -9999.0 -9999.0 -9999.0 -9999.0 -9999.0 -9999.0 -9999.0 -9999.0 -9999.0
-9999.0 -9999.0 -9999.0 -9999.0 -9999.0 -9999.0 -9999.0 -9999.0 -9999.0 -9999.0 -9999.0 -9999.0 -9999.0 -9999.0 -9999.0 -9999.0 -9999.0 -9999.0 -9999.0 -9999.0 334.376229 337.227664 314.900290 281.156014 253.178491 255.553889 290.783452 332.472075 371.024316 381.506841 363.855898 366.285448 362.251155 362.761932 367.011127 374.766369 379.259519 391.387978 400.396506 400.407909 394.461517 389.138012 388.689515 391.950500 397.116000 387.261854 400.947810 415.866221 420.815842 414.323976 385.508945 368.448988 358.937828 343.250229 367.129431 378.657571 400.871008 404.539698 402.614932 375.218393 344.860168 -9999.0 -9999.0 -9999.0 -9999.0 -9999.0 -9999.0 -9999.0 -9999.0 -9999.0 -9999.0 -9999.0 -9999.0 -9999.0 -9999.0 -9999.0 -9999.0 -9999.0 -9999.0 -9999.0
-9999.0 -9999.0 -9999.0 -9999.0 -9999.0 -9999.0 -9999.0 -9999.0 -9999.0 -9999.0 -9999.0 -9999.0 -9999.0 -9999.0 243.330224 233.542202 230.775389 239.398365 273.283943 303.654488 316.274571 309.007076 309.213555 285.820658 265.720952 280.311235 310.665598 343.032598 377.868288 398.363947 386.589641 384.701482 396.089251 424.909271 442.237064 442.246984 423.545105 447.602572 464.243116 473.380589 472.548793 463.947514 477.470168 493.248269 486.415113 469.385974 474.138709 485.784334 497.828840 480.999709 413.285163 390.535507 385.471001 378.046137 363.635454 356.184217 380.212844 379.975348 371.181108 352.749530 319.797232 275.258064 256.785504 295.120001 339.102529 396.571646 -9999.0 -9999.0 -9999.0 -9999.0 -9999.0 -9999.0 -9999.0 -9999.0 -9999.0 -9999.0 -9999.0 -9999.0 -9999.0 -9999.0
-9999.0 -9999.0 -9999.0 -9999.0 -9999.0 -9999.0 -9999.0 -9999.0 -9999.0 186.085799 190.209135 197.464738 199.558383 215.216556 213.257144 220.397316 228.063358 254.786010 286.202827 321.889258 351.456314 342.552645 343.321623 354.762392 360.592756 374.465596 397.897574 440.654628 482.381612 523.352532 494.865711 493.494024 515.548724 571.225359 619.994350 635.792286 621.321230 629.368154 655.458143 678.007948 676.359385 673.581802 697.060313 709.762970 712.654489 694.615912 682.072066 681.995866 704.719880 647.175603 569.172914 509.406397 509.356521 477.851623 437.168759 413.372832 407.447444 426.892535 410.810031 372.664264 335.271182 324.191347 306.593815 322.850480 344.999761 391.411982 429.814407 458.223904 458.062436 440.615535 -9999.0 -9999.0 -9999.0 -9999.0 -9999.0 -9999.0 -9999.0 -9999.0 -9999.0 -9999.0
-9999.0 -9999.0 -9999.0 -9999.0 -9999.0 -9999.0 107.173427 116.378137 136.466428 141.751762 166.670716 174.218373 194.794673 214.128501 235.253944 252.280413 283.239676 316.515567 358.665107 404.081916 439.146277 436.447430 447.454152 480.177919 523.213889 558.778062 591.184103 639.341308 717.115135 757.170078 765.539147 771.179511 786.407602 854.597555 963.050288 998.234288 987.796272 977.247621 994.575290 1024.196223 1026.744749 1025.561197 1032.101032 1038.796880 1062.389967 1057.030209 1025.676754 1014.453150 1007.666352 977.693275 877.809627 792.699503 751.787673 703.505178 620.733088 556.375966 547.325026 558.971989 526.787200 470.982893 426.216926 413.167390 396.744714 381.820638 386.818633 405.609352 428.135523 439.232528 426.431723 405.509357 382.445618 353.515106 355.104883 380.313906 -9999.0 -9999.0 -9999.0 -9999.0 -9999.0 -9999.0
-9999.0 -9999.0 -9999.0 -9999.0 57.292161 69.870293 57.992479 82.292054 114.705511 148.527847 180.920272 218.323386 245.658869 275.779056 317.368370 355.026462 399.889323 436.787510 494.073196 568.970280 633.047211 664.780012 681.003723 739.064549 804.240857 871.307966 916.047437 971.031076 1015.301512 1065.729506 1086.128117 1090.496262 1107.736938 1145.241360 1201.415500 1239.730015 1230.452572 1227.782709 1233.029839 1240.729488 1260.069458 1259.354348 1259.968787 1260.898907 1263.968521 1265.555610 1248.607495 1221.787316 1209.047124 1193.965994 1155.489421 1088.034631 1053.361640 1030.386677 1000.944572 934.789983 822.302715 790.301665 731.109389 670.751136 595.536614 564.290048 528.671635 499.321299 467.129596 466.862916 469.011436 448.495795 416.941340 384.614346 369.326283 350.338110 339.604324 369.395541 386.959134 417.628000 -9999.0 -9999.0 -9999.0 -9999.0
-9999.0 -9999.0 -1.109585 48.160046 104.379207 113.020820 114.545736 120.192451 148.141214 199.929771 277.990716 331.597259 376.382758 409.040824 469.996130 556.645212 639.004198 691.686965 754.482732 839.699083 945.188275 994.035989 1010.552313 1041.030345 1086.626011 1143.262486 1174.097886 1206.315223 1233.393549 1257.832430 1269.996983 1282.598155 1289.246905 1291.035169 1298.068338 1302.070626 1302.831834 1302.422468 1288.060937 1286.107561 1292.507683 1295.815889 1298.310642 1286.210051 1282.544512 1295.361020 1299.246938 1300.256616 1300.321170 1304.177894 1304.991152 1269.722169 1232.788885 1222.557100 1214.914815 1169.749232 1100.953938 1060.967586 1041.732814 993.076354 880.773576 807.167736 746.153127 685.588083 625.719890 589.912120 540.596677 497.860370 451.539570 405.339823 381.247691 362.426596 359.667291 359.741715 375.749009 391.253764 406.679547 414.508608 -9999.0 -9999.0
-9999.0 -101.723279 -29.274278 97.576468 176.920000 221.966349 259.308093 287.209917 314.642571 336.315210 446.125420 552.990416 645.394866 679.085758 731.675671 842.956770 967.268383 1020.390062 1056.172860 1109.707188 1175.077513 1220.930755 1244.208575 1259.573083 1287.822568 1295.010639 1298.395435 1303.061669 1298.213464 1288.966129 1278.101841 1283.653215 1280.015320 1262.098014 1248.640490 1248.611660 1248.290290 1232.681787 1213.228018 1204.313588 1208.648362 1229.173853 1219.751257 1202.524328 1199.137843 1216.269991 1230.894805 1222.464072 1210.618127 1223.512362 1250.995377 1269.350383 1282.680788 1297.918706 1316.116493 1289.740903 1260.330412 1226.346831 1211.979679 1184.916324 1125.238014 1064.878063 1005.684769 915.323720 826.551914 746.534299 673.190646 609.421062 542.375427 499.800319 466.624121 413.891816 390.448961 391.509078 382.273403 379.560878 385.953476 392.354260 -9999.0 -9999.0
-9999.0 -177.178033 -34.254033 150.959446 298.891575 361.704014 477.230702 566.421973 596.050675 574.227637 688.956608 941.723914 1039.802243 1052.042568 1111.849217 1188.237876 1220.634452 1252.120803 1272.323172 1277.402111 1284.004694 1292.821214 1290.471131 1284.260613 1272.194840 1267.700672 1269.775575 1270.120563 1255.723667 1236.726830 1219.139946 1214.559680 1195.386454 1147.713601 1110.907469 1094.922536 1085.664845 1073.403593 1049.300436 1030.466917 1020.590008 1038.005846 1031.148094 1016.245248 1012.262712 1030.454246 1057.439338 1050.220926 1053.948030 1071.987239 1109.953174 1154.938519 1178.862723 1204.060703 1232.860616 1268.735555 1284.730816 1306.386980 1311.046958 1290.246805 1252.146718 1208.930611 1180.129481 1119.939672 1050.253316 965.686275 865.683891 791.497909 717.354731 659.452969 603.672142 539.912555 479.225302 452.208822 412.458604 392.075801 -9999.0 -9999.0 -9999.0 -9999.0
-9999.0 -248.621535 -58.655312 204.059433 472.419599 602.844488 823.156074 976.833939 1036.757964 1099.167011 1105.817951 1232.645255 1263.194267 1254.888585 1243.574810 1241.917678 1251.438345 1252.484771 1248.534842 1241.471237 1237.156530 1236.726783 1237.427166 1233.070851 1225.550828 1216.078804 1208.059193 1199.290748 1163.626155 1122.120321 1083.371809 1066.244537 1023.209625 904.865388 837.116794 794.873129 740.655294 736.671701 731.503891 706.015772 689.036758 672.547250 692.412958 694.473512 695.374965 699.689265 716.519543 735.816922 777.045457 815.079832 873.405801 965.123354 1012.463675 1053.798727 1095.916247 1151.096591 1186.878794 1215.415744 1254.726043 1289.029365 1311.263835 1303.451822 1278.566575 1243.337772 1187.276262 1132.980114 1086.191527 1021.812809 953.699187 864.569660 792.935971 718.972621 634.039022 542.189295 499.454282 -9999.0 -9999.0 -9999.0 -9999.0 -9999.0
-9999.0 -413.928156 -146.216153 147.418524 477.860489 832.490812 958.265121 1090.768781 1164.191563 1131.812668 1142.012295 1166.694482 1203.092698 1207.707411 1187.703856 1174.325096 1150.894549 1143.158795 1152.062131 1127.215511 1102.466474 1093.022588 1095.060411 1087.137052 1069.934114 1058.253274 1049.890621 1031.600327 974.119352 884.795693 784.344159 751.316098 674.256260 604.778200 552.569771 501.658069 450.973579 450.509501 468.004246 453.522901 432.279733 414.285765 440.261482 456.570068 467.702743 456.822165 464.981970 499.162549 547.034491 590.008564 642.762879 706.637681 757.595315 809.672718 852.570723 931.118000 1005.671779 1056.364561 1127.064892 1203.501674 1236.419369 1268.302914 1301.617526 1319.507039 1277.386178 1240.527297 1205.186234 1163.528299 1096.776728 1051.587373 1014.382955 932.348040 813.653535 -9999.0 -9999.0 -9999.0 -9999.0 -9999.0 -9999.0 -9999.0
-9999.0 -544.723581 -318.632732 -78.042683 216.631764 457.961866 639.670957 756.057847 863.269738 898.211957 949.954420 987.876508 1016.154516 1034.717560 1010.660705 961.316427 897.705837 886.276891 876.415084 842.836144 807.970601 791.599200 790.626644 784.764627 761.336703 748.081500 738.452660 715.577587 676.263298 610.744533 524.265637 452.781147 390.456656 354.411183 322.733986 289.160418 251.824221 262.795833 277.297394 273.634807 262.339540 258.682017 288.251922 306.887042 316.801114 303.865175 322.120046 348.427550 389.431992 430.898307 478.979000 534.291113 587.737733 618.235098 636.476764 672.301853 722.881831 785.972265 892.492115 1019.095878 1102.754923 1158.557199 1207.455200 1238.474866 1254.542620 1279.211666 1267.322918 1202.213767 1099.694474 1124.542732 1129.716453 -9999.0 -9999.0 -9999.0 -9999.0 -9999.0 -9999.0 -9999.0 -9999.0 -9999.0
-9999.0 -9999.0 -554.336269 -369.717744 -218.562113 -35.198659 114.096176 221.581602 305.921020 410.459347 514.510226 596.827411 639.001430 654.670833 636.619819 594.016125 559.189399 553.310706 540.699895 525.420660 501.725069 492.970530 483.663251 476.628999 465.606082 459.811616 454.955318 443.620880 420.049071 371.002894 318.124463 265.435661 211.066855 185.467192 163.272711 140.968620 138.341457 136.199659 143.007852 144.594162 150.638164 162.778435 183.401262 204.900531 214.267579 221.612395 233.780839 256.994966 289.616194 330.524840 382.924815 438.779969 476.940172 488.929944 480.137790 487.674104 511.805507 558.502116 648.507196 746.828190 859.095425 970.625006 1053.160481 1107.264651 1133.211178 1166.368831 1194.879549 1133.420525 772.593500 1049.783231 -9999.0 -9999.0 -9999.0 -9999.0 -9999.0 -9999.0 -9999.0 -9999.0 -9999.0 -9999.0
-9999.0 -9999.0 -9999.0 -9999.0 -513.354366 -357.883126 -263.481050 -181.352860 -57.587014 55.624049 152.048799 231.535498 287.423326 311.495385 301.463465 297.433510 287.625505 281.268601 271.213291 266.484274 262.121136 254.608836 242.792514 235.761257 236.023603 240.365444 238.467241 225.356958 208.779127 182.780588 159.656763 124.538446 87.740984 58.597854 45.639204 39.259811 39.582253 33.911063 43.426803 50.240188 65.334351 80.803528 104.806261 133.316399 146.147430 160.327934 169.794843 190.188668 219.831987 272.188293 334.234152 390.069063 423.659398 426.694155 400.518723 384.542276 381.232637 409.540074 457.177910 529.028363 635.936659 720.706776 790.277529 851.494192 914.103736 1005.466604 1097.606916 1136.574551 -9999.0 -9999.0 -9999.0 -9999.0 -9999.0 -9999.0 -9999.0 -9999.0 -9999.0 -9999.0 -9999.0 -9999.0
-9999.0 -9999.0 -9999.0 -9999.0 -9999.0 -9999.0 -565.762847 -469.909331 -385.744822 -258.885536 -140.350315 -45.211319 30.651740 57.248591 76.783044 99.668077 94.952115 76.830354 59.117363 76.077605 86.888223 81.886073 53.972524 53.135226 57.356868 66.721020 65.537883 59.590357 34.911605 44.086451 43.358423 20.421160 -5.423961 -19.465154 -30.890925 -20.822050 -19.953193 -32.558775 -30.469260 -4.084075 15.845744 29.258895 51.582888 84.694653 116.675228 131.038414 131.871161 137.764390 178.463312 248.088860 318.072338 371.326387 401.717203 408.371705 379.416293 337.840870 315.732481 321.740501 355.931858 409.131945 486.203599 538.294460 571.427235 596.802719 632.354688 737.760600 -9999.0 -9999.0 -9999.0 -9999.0 -9999.0 -9999.0 -9999.0 -9999.0 -9999.0 -9999.0 -9999.0 -9999.0 -9999.0 -9999.0
-9999.0 -9999.0 -9999.0 -9999.0 -9999.0 -9999.0 -9999.0 -9999.0 -9999.0 -9999.0 -9999.0 -9999.0 -9999.0 -9999.0 -9999.0 -9999.0 -9999.0 -9999.0 -9999.0 -9999.0 -9999.0 -9999.0 -9999.0 -9999.0 -9999.0 -9999.0 -9999.0 -9999.0 -9999.0 -9999.0 -9999.0 -9999.0 -9999.0 -9999.0 -9999.0 -9999.0 -9999.0 -9999.0 -9999.0 -9999.0 -9999.0 -9999.0 -9999.0 -9999.0 -9999.0 -9999.0 -9999.0 -9999.0 -9999.0 -9999.0 -9999.0 -9999.0 -9999.0 -9999.0 -9999.0 -9999.0 -9999.0 -9999.0 -9999.0 -9999.0 -9999.0 -9999.0 -9999.0 -9999.0 -9999.0 -9999.0 -9999.0 -9999.0 -9999.0 -9999.0 -9999.0 -9999.0 -9999.0 -9999.0 -9999.0 -9999.0 -9999.0 -9999.0 -9999.0 -9999.0
-9999.0 -9999.0 -9999.0 -9999.0 -9999.0 -9999.0 -9999.0 -9999.0 -9999.0 -9999.0 -9999.0 -9999.0 -9999.0 -9999.0 -9999.0 -9999.0 -9999.0 -9999.0 -9999.0 -9999.0 -9999.0 -9999.0 -9999.0 -9999.0 -9999.0 -9999.0 -9999.0 -9999.0 -9999.0 -9999.0 -9999.0 -9999.0 -9999.0 -9999.0 -9999.0 -9999.0 -9999.0 -9999.0 -9999.0 -9999.0 -9999.0 -9999.0 -9999.0 -9999.0 -9999.0 -9999.0 -9999.0 -9999.0 -9999.0 -9999.0 -9999.0 -9999.0 -9999.0 -9999.0 -9999.0 -9999.0 -9999.0 -9999.0 -9999.0 -9999.0 -9999.0 -9999.0 -9999.0 -9999.0 -9999.0 -9999.0 -9999.0 -9999.0 -9999.0 -9999.0 -9999.0 -9999.0 -9999.0 -9999.0 -9999.0 -9999.0 -9999.0 -9999.0 -9999.0 -9999.0