Borden_/Borden1m_014/output_maps/psiliqL0008N0019.asc
ncols         80
nrows         18
xllcorner     620200.000000
yllcorner     5168000.000000
cellsize      1.000000
NODATA_value  -9999.0
-9999.0 -9999.0 -9999.0 -9999.0 -9999.0 -9999.0 -9999.0 -9999.0 -9999.0 -9999.0 -9999.0 -9999.0 -9999.0 -9999.0 -9999.0 -9999.0 -9999.0 -9999.0 -9999.0 -9999.0 -9999.0 -9999.0 -9999.0 -9999.0 -9999.0 -9999.0 -9999.0 -9999.0 -9999.0 -9999.0 -9999.0 -9999.0 -9999.0 -9999.0 -9999.0 -9999.0 -9999.0 -9999.0 -9999.0 -9999.0 -9999.0 -9999.0 -9999.0 -9999.0 -9999.0 -9999.0 -9999.0 -9999.0 -9999.0 -9999.0 -9999.0 -9999.0 -9999.0 -9999.0 -9999.0 -9999.0 -9999.0 -9999.0 -9999.0 -9999.0 -9999.0 -9999.0 -9999.0 -9999.0 -9999.0 -9999.0 -9999.0 -9999.0 -9999.0 -9999.0 -9999.0 -9999.0 -9999.0 -9999.0 -9999.0 -9999.0 -9999.0 -9999.0 -9999.0 -9999.0
-9999.0 -9999.0 -9999.0 -9999.0 -9999.0 -9999.0 -9999.0 -9999.0 -9999.0 -9999.0 -9999.0 -9999.0 -9999.0 -9999.0 -9999.0 -9999.0 -9999.0 -9999.0 -9999.0 -9999.0 -9999.0 -9999.0 -9999.0 -9999.0 -9999.0 -9999.0 -9999.0 -9999.0 -9999.0 -9999.0 -9999.0 -9999.0 -9999.0 -9999.0 -9999.0 -9999.0 -9999.0 -9999.0 -9999.0 -9999.0 -9999.0 -9999.0 -9999.0 -9999.0 -9999.0 -9999.0 -9999.0 -9999.0 -9999.0 -9999.0 -9999.0 -9999.0 -9999.0 -9999.0 -9999.0 -9999.0 -9999.0 -9999.0 -9999.0 -9999.0 -9999.0 -9999.0 -9999.0 -9999.0 -9999.0 -9999.0 -9999.0 -9999.0 -9999.0 -9999.0 -9999.0 -9999.0 -9999.0 -9999.0 -9999.0 -9999.0 -9999.0 -9999.0 -9999.0 -9999.0
-9999.0 -9999.0 -9999.0 -9999.0 -9999.0 -9999.0 -9999.0 -9999.0 -9999.0 -9999.0 -9999.0 -9999.0 -9999.0 -9999.0 -9999.0 -9999.0 -9999.0 -9999.0 -9999.0 -9999.0 -269.485694 -266.462832 -289.326347 -323.652576 -352.444289 -350.610404 -315.265456 -273.925785 -236.036539 -225.434474 -243.364132 -241.758400 -246.599678 -246.430049 -243.146232 -237.004060 -234.228040 -222.659865 -214.140623 -214.365160 -220.546186 -226.282752 -227.489948 -223.911802 -218.919096 -227.816895 -214.314846 -198.895717 -192.495457 -197.836586 -225.466771 -241.641747 -250.099288 -264.777596 -240.362869 -227.822095 -204.820176 -200.487420 -201.704332 -228.743400 -258.847230 -9999.0 -9999.0 -9999.0 -9999.0 -9999.0 -9999.0 -9999.0 -9999.0 -9999.0 -9999.0 -9999.0 -9999.0 -9999.0 -9999.0 -9999.0 -9999.0 -9999.0 -9999.0 -9999.0
-9999.0 -9999.0 -9999.0 -9999.0 -9999.0 -9999.0 -9999.0 -9999.0 -9999.0 -9999.0 -9999.0 -9999.0 -9999.0 -9999.0 -360.146095 -370.529242 -373.787436 -365.389942 -331.441799 -301.290750 -288.588036 -296.304905 -296.478501 -320.309172 -340.770937 -326.433608 -296.744389 -265.185100 -230.844449 -209.908536 -222.280547 -224.551031 -213.232726 -184.563296 -169.025526 -171.390539 -192.803203 -169.819174 -153.048945 -143.068028 -143.889833 -152.558343 -137.266862 -120.254249 -126.992543 -145.407427 -142.338182 -130.478443 -115.654312 -131.913854 -198.664993 -220.887610 -224.864287 -231.966575 -245.470530 -252.139065 -227.454720 -226.507781 -234.747411 -252.642151 -284.903547 -329.251021 -347.156805 -308.151547 -263.262981 -205.025053 -9999.0 -9999.0 -9999.0 -9999.0 -9999.0 -9999.0 -9999.0 -9999.0 -9999.0 -9999.0 -9999.0 -9999.0 -9999.0 -9999.0
-9999.0 -9999.0 -9999.0 -9999.0 -9999.0 -9999.0 -9999.0 -9999.0 -9999.0 -416.600966 -413.206788 -406.384290 -404.925503 -389.527060 -391.470035 -384.770452 -377.033385 -350.917175 -319.579578 -284.122763 -255.106965 -265.095654 -264.674970 -252.008072 -244.155309 -230.506909 -209.207009 -167.563032 -122.524818 -76.694390 -103.445005 -103.392453 -79.321042 -24.520298 17.118205 28.754062 8.203720 12.035455 39.555279 67.520169 68.908232 67.954407 96.825216 113.980793 121.347496 97.150567 73.997085 71.229258 100.298101 41.267786 -28.965486 -89.143128 -94.559217 -130.813852 -174.904950 -198.577361 -202.378416 -180.951363 -196.999778 -234.893802 -271.608664 -281.214253 -297.908710 -281.420233 -258.480317 -211.214575 -172.425552 -143.490820 -143.014652 -160.210737 -9999.0 -9999.0 -9999.0 -9999.0 -9999.0 -9999.0 -9999.0 -9999.0 -9999.0 -9999.0
-9999.0 -9999.0 -9999.0 -9999.0 -9999.0 -9999.0 -494.800997 -486.311697 -466.964708 -461.709809 -437.790109 -430.646277 -410.477005 -391.374085 -370.976748 -353.946375 -322.686599 -289.676939 -247.266829 -201.934616 -168.241322 -171.670574 -159.865936 -120.595026 -68.247051 -31.212358 -4.487768 39.448886 135.907966 206.720040 233.907575 249.430000 272.718375 313.549556 369.672463 396.103248 364.390744 346.822592 362.417927 396.420797 422.303591 426.462282 434.666981 443.349678 468.765057 458.176745 400.759271 380.565236 376.790311 367.224095 321.698961 262.906789 189.118932 111.223757 15.511242 -47.217366 -51.043556 -40.213677 -77.786074 -135.885449 -180.910390 -192.737413 -208.367969 -223.099821 -217.959268 -198.544271 -174.981307 -163.341708 -175.523048 -195.813638 -218.629218 -247.211992 -245.408245 -219.856936 -9999.0 -9999.0 -9999.0 -9999.0 -9999.0 -9999.0
-9999.0 -9999.0 -9999.0 -9999.0 -544.122165 -532.112284 -544.095465 -521.067184 -489.633354 -456.964207 -424.949252 -387.731750 -360.709083 -330.734331 -288.099468 -248.718713 -203.866096 -166.184779 -103.880121 -25.793013 33.101097 65.540238 90.175278 183.332826 276.506663 327.122885 343.195901 365.341518 407.297099 485.925968 516.745825 524.191315 546.797676 573.497182 617.603949 650.350278 631.464275 618.917648 626.551348 636.229968 662.515024 664.461583 666.188214 667.227321 669.904570 669.546638 644.965894 608.530161 600.583998 588.972363 571.177011 507.569523 443.089238 405.749514 381.340863 342.417740 282.104904 247.473709 153.780335 75.868803 -0.626519 -31.424242 -71.077411 -102.560827 -136.371809 -137.278247 -135.176693 -155.350207 -186.002962 -217.714508 -232.412875 -250.868102 -260.865706 -230.857428 -213.032351 -181.910674 -9999.0 -9999.0 -9999.0 -9999.0
-9999.0 -9999.0 -601.485744 -551.875333 -496.581577 -488.579428 -486.938125 -482.634570 -456.331421 -405.897643 -326.205503 -272.058234 -226.262992 -193.804099 -127.894270 -33.573439 51.406590 115.867556 211.759934 294.776752 350.545361 383.800958 418.380150 460.322390 517.042404 569.026258 592.884859 614.270783 643.211262 675.903730 698.560392 713.943429 721.698392 718.825651 720.654595 719.551711 715.593814 708.517242 691.224796 688.198515 695.725678 698.996896 702.121475 689.701867 685.930600 698.462374 700.541130 699.675237 702.674205 710.300571 719.825272 687.171679 634.958315 615.049687 612.012324 575.452727 515.809870 456.770609 424.628707 385.671096 319.306525 268.584535 184.955387 103.135231 34.296299 -8.831078 -61.506969 -105.321415 -152.106970 -197.657033 -220.925675 -239.219350 -241.344028 -240.604205 -224.440601 -208.658718 -193.130258 -185.253488 -9999.0 -9999.0
-9999.0 -699.743472 -627.460444 -500.344129 -421.961993 -377.106724 -336.012210 -306.500850 -282.032077 -266.389669 -154.358630 -38.083030 60.618755 102.587935 188.083210 305.068079 404.652960 445.694922 485.678970 533.332879 589.169745 632.242647 660.898929 689.138906 717.877099 718.897372 718.291640 718.383011 711.608180 704.882808 695.245613 702.372736 700.412110 684.444120 671.014455 668.517755 661.617063 633.619389 605.229305 591.249014 595.107680 615.870638 605.755648 586.367236 582.914070 602.478386 618.678721 607.375213 602.616339 618.294301 655.613449 676.013899 690.413209 703.993468 725.239667 702.929447 671.103278 630.110154 609.214886 583.024845 520.433874 459.346191 402.870205 343.537314 280.727859 181.209964 87.875741 16.181959 -56.756019 -99.810723 -132.941364 -186.295004 -210.064291 -208.788768 -218.076707 -220.565592 -213.922278 -207.441743 -9999.0 -9999.0
-9999.0 -770.762869 -627.762108 -442.260992 -294.513073 -230.226482 -102.983619 -15.167062 14.799896 -7.291287 127.981586 381.454819 467.449764 479.390508 546.783696 625.961872 663.360642 690.720949 709.917207 708.499348 708.290593 713.057310 710.202400 702.936154 689.105920 681.327698 680.193520 677.175807 658.491354 639.745115 621.724355 616.616419 601.694247 567.096184 538.714800 523.361107 502.902900 460.672607 419.735886 392.525831 380.145701 397.523199 389.137020 373.291669 369.916436 390.673940 422.033631 419.445978 433.118250 461.938603 504.666865 550.582101 572.676281 597.900302 636.712839 678.108054 696.336043 716.230269 721.784019 698.987594 657.658375 608.065583 576.580203 509.484762 440.773233 364.722668 308.323621 251.046072 145.417537 76.043582 15.660535 -51.691955 -115.791952 -146.489641 -186.787370 -208.057523 -9999.0 -9999.0 -9999.0 -9999.0
-9999.0 -835.622229 -644.545708 -378.494542 -116.662527 30.595651 270.387931 400.521099 480.062763 513.633761 556.530394 664.535783 686.754562 677.106683 661.880567 663.360028 676.738427 680.646617 677.637987 669.414964 661.502154 655.135964 652.390826 643.510014 630.327827 614.597363 601.422634 587.705892 540.423405 507.493198 475.056479 454.166872 416.514056 338.445868 304.666114 273.263636 193.455092 169.641119 146.792503 104.874775 80.898814 63.563174 83.627261 83.090405 83.583394 93.710092 121.597938 152.016004 220.564638 276.311202 317.576980 363.762119 397.548858 445.360834 494.533396 556.843044 587.202952 615.786757 662.971227 700.680575 722.454526 713.831261 685.199271 645.167846 580.589508 510.194317 467.857455 408.228095 345.776677 297.150637 251.166536 164.097963 61.469779 -52.015867 -97.615116 -9999.0 -9999.0 -9999.0 -9999.0 -9999.0
-9999.0 -988.475924 -721.257125 -424.383487 -83.424320 268.837448 385.824095 556.828582 628.511701 564.735312 531.304459 562.374017 597.657041 604.397547 585.352603 580.010239 573.019279 573.679419 587.177316 563.710068 532.701755 513.244155 508.576577 491.779483 462.054793 439.225056 423.607121 403.631706 359.007314 317.702268 244.583513 197.748831 91.729521 14.276101 -35.583746 -87.759609 -146.131881 -150.427242 -136.097528 -154.157112 -177.141736 -196.172466 -170.577652 -155.126084 -144.164832 -153.644467 -143.815212 -106.976111 -53.752922 -5.839117 50.180171 118.123476 189.910490 272.555443 307.796578 354.104796 397.408912 450.475613 530.604876 608.036857 641.470490 675.180962 711.304356 728.508017 684.196584 638.344078 595.515916 551.750937 469.165746 418.998343 389.225383 345.170692 290.459037 -9999.0 -9999.0 -9999.0 -9999.0 -9999.0 -9999.0 -9999.0
-9999.0 -1122.854894 -890.279662 -641.825192 -339.973814 -95.504691 103.859952 257.100566 347.266980 328.354102 334.376907 357.508116 382.380759 401.653834 382.351892 353.360269 332.527998 337.326582 338.141086 318.862088 295.052224 281.679078 278.152590 262.669618 216.841485 185.705328 163.824071 127.932907 79.659877 16.812590 -70.863171 -144.183350 -209.623182 -246.281934 -277.246547 -311.718145 -352.054318 -341.345227 -326.400611 -331.180578 -343.888422 -348.600715 -318.657044 -300.292129 -290.328182 -303.798843 -285.438970 -258.385666 -216.408593 -174.406971 -125.765539 -69.994812 -13.722072 23.115490 44.405423 81.850561 142.394060 238.615327 330.206363 422.262053 499.145375 555.834054 607.123028 641.723709 659.161326 679.444266 670.034333 617.731394 529.239016 495.578456 467.252570 -9999.0 -9999.0 -9999.0 -9999.0 -9999.0 -9999.0 -9999.0 -9999.0 -9999.0
-9999.0 -9999.0 -1127.245526 -935.983572 -775.029101 -591.284669 -443.342193 -332.888274 -256.652530 -167.150550 -75.845456 -2.074609 39.836889 57.427586 37.945422 -4.125194 -30.394848 -30.200594 -39.242857 -53.688234 -79.583398 -91.126367 -102.285532 -112.284631 -128.883965 -138.446049 -145.210300 -157.748456 -181.753728 -229.442975 -283.322443 -336.909008 -392.535123 -417.747399 -439.755152 -462.504090 -466.094660 -467.499865 -460.403944 -459.183193 -453.988903 -442.370391 -421.524209 -400.266925 -390.999291 -384.293069 -371.865449 -348.255511 -315.008461 -274.109083 -222.226789 -166.996792 -128.854025 -116.496631 -125.373762 -118.039764 -92.580247 -40.364145 59.392883 185.471896 301.621365 371.745259 447.873652 504.570136 533.059072 555.398595 591.861526 574.443158 369.682009 493.949725 -9999.0 -9999.0 -9999.0 -9999.0 -9999.0 -9999.0 -9999.0 -9999.0 -9999.0 -9999.0
-9999.0 -9999.0 -9999.0 -9999.0 -1078.950999 -922.096450 -829.667797 -748.910133 -631.479735 -525.842410 -434.885569 -358.597639 -306.165622 -283.094796 -295.030774 -301.566047 -310.324521 -313.992813 -322.885954 -329.230894 -335.800589 -344.200149 -355.706018 -363.559236 -364.492288 -361.035773 -362.948936 -375.962087 -391.636293 -419.252062 -443.516465 -478.672111 -515.572446 -544.394136 -557.095240 -563.895272 -563.401670 -568.594723 -558.895241 -552.642390 -537.841767 -522.422311 -498.444753 -470.311652 -457.999379 -444.017690 -434.491680 -413.822218 -384.091801 -331.451795 -269.462384 -214.391176 -181.628976 -179.114937 -206.407203 -223.191748 -226.954953 -198.810332 -149.466053 -72.853419 40.516951 137.318524 245.323083 306.181925 340.681385 387.983165 459.789339 522.277650 -9999.0 -9999.0 -9999.0 -9999.0 -9999.0 -9999.0 -9999.0 -9999.0 -9999.0 -9999.0 -9999.0 -9999.0
-9999.0 -9999.0 -9999.0 -9999.0 -9999.0 -9999.0 -1136.082216 -1042.198380 -954.846909 -836.599105 -727.557087 -638.618180 -566.421047 -542.768903 -526.481338 -504.683069 -509.590990 -526.388726 -542.607621 -526.243965 -517.012698 -521.620466 -548.547979 -549.906589 -546.385495 -536.771447 -537.624343 -543.353340 -567.680923 -559.612432 -560.938985 -583.511758 -609.113140 -623.201037 -634.427544 -624.264197 -623.218118 -635.434591 -632.734619 -606.830647 -587.271331 -573.848707 -551.354758 -518.382212 -486.621958 -472.644584 -471.955353 -466.008102 -424.640303 -354.568826 -284.697067 -232.214316 -202.600019 -196.421748 -226.215614 -268.658958 -291.865715 -286.562648 -253.009032 -200.287978 -121.773068 -67.862737 -28.319793 0.717573 35.243703 148.625091 -9999.0 -9999.0 -9999.0 -9999.0 -9999.0 -9999.0 -9999.0 -9999.0 -9999.0 -9999.0 -9999.0 -9999.0 -9999.0 -9999.0
-9999.0 -9999.0 -9999.0 -9999.0 -9999.0 -9999.0 -9999.0 -9999.0 -9999.0 -9999.0 -9999.0 -9999.0 -9999.0 -9999.0 -9999.0 -9999.0 -9999.0 -9999.0 -9999.0 -9999.0 -9999.0 -9999.0 -9999.0 -9999.0 -9999.0 -9999.0 -9999.0 -9999.0 -9999.0 -9999.0 -9999.0 -9999.0 -9999.0 -9999.0 -9999.0 -9999.0 -9999.0 -9999.0 -9999.0 -9999.0 -9999.0 -9999.0 -9999.0 -9999.0 -9999.0 -9999.0 -9999.0 -9999.0 -9999.0 -9999.0 -9999.0 -9999.0 -9999.0 -9999.0 -9999.0 -9999.0 -9999.0 -9999.0 -9999.0 -9999.0 -9999.0 -9999.0 -9999.0 -9999.0 -9999.0 -9999.0 -9999.0 -9999.0 -9999.0 -9999.0 -9999.0 -9999.0 -9999.0 -9999.0 -9999.0 -9999.0 -9999.0 -9999.0 -9999.0 -9999.0
-9999.0 -9999.0 -9999.0 -9999.0 -9999.0 -9999.0 -9999.0 -9999.0 -9999.0 -9999.0 -9999.0 -9999.0 -9999.0 -9999.0 -9999.0 -9999.0 -9999.0 -9999.0 -9999.0 -9999.0 -9999.0 -9999.0 -9999.0 -9999.0 -9999.0 -9999.0 -9999.0 -9999.0 -9999.0 -9999.0 -9999.0 -9999.0 -9999.0 -9999.0 -9999.0 -9999.0 -9999.0 -9999.0 -9999.0 -9999.0 -9999.0 -9999.0 -9999.0 -9999.0 -9999.0 -9999.0 -9999.0 -9999.0 -9999.0 -9999.0 -9999.0 -9999.0 -9999.0 -9999.0 -9999.0 -9999.0 -9999.0 -9999.0 -9999.0 -9999.0 -9999.0 -9999.0 -9999.0 -9999.0 -9999.0 -9999.0 -9999.0 -9999.0 -9999.0 -9999.0 -9999.0 -9999.0 -9999.0 -9999.0 -9999.0 -9999.0 -9999.0 -9999.0 -9999.0 -9999.0