Borden_/Borden1m_014/output_maps/psiliqL0014N0040.asc
ncols         80
nrows         18
xllcorner     620200.000000
yllcorner     5168000.000000
cellsize      1.000000
NODATA_value  -9999.0
-9999.0 -9999.0 -9999.0 -9999.0 -9999.0 -9999.0 -9999.0 -9999.0 -9999.0 -9999.0 -9999.0 -9999.0 -9999.0 -9999.0 -9999.0 -9999.0 -9999.0 -9999.0 -9999.0 -9999.0 -9999.0 -9999.0 -9999.0 -9999.0 -9999.0 -9999.0 -9999.0 -9999.0 -9999.0 -9999.0 -9999.0 -9999.0 -9999.0 -9999.0 -9999.0 -9999.0 -9999.0 -9999.0 -9999.0 -9999.0 -9999.0 -9999.0 -9999.0 -9999.0 -9999.0 -9999.0 -9999.0 -9999.0 -9999.0 -9999.0 -9999.0 -9999.0 -9999.0 -9999.0 -9999.0 -9999.0 -9999.0 -9999.0 -9999.0 -9999.0 -9999.0 -9999.0 -9999.0 -9999.0 -9999.0 -9999.0 -9999.0 -9999.0 -9999.0 -9999.0 -9999.0 -9999.0 -9999.0 -9999.0 -9999.0 -9999.0 -9999.0 -9999.0 -9999.0 -9999.0
-9999.0 -9999.0 -9999.0 -9999.0 -9999.0 -9999.0 -9999.0 -9999.0 -9999.0 -9999.0 -9999.0 -9999.0 -9999.0 -9999.0 -9999.0 -9999.0 -9999.0 -9999.0 -9999.0 -9999.0 -9999.0 -9999.0 -9999.0 -9999.0 -9999.0 -9999.0 -9999.0 -9999.0 -9999.0 -9999.0 -9999.0 -9999.0 -9999.0 -9999.0 -9999.0 -9999.0 -9999.0 -9999.0 -9999.0 -9999.0 -9999.0 -9999.0 -9999.0 -9999.0 -9999.0 -9999.0 -9999.0 -9999.0 -9999.0 -9999.0 -9999.0 -9999.0 -9999.0 -9999.0 -9999.0 -9999.0 -9999.0 -9999.0 -9999.0 -9999.0 -9999.0 -9999.0 -9999.0 -9999.0 -9999.0 -9999.0 -9999.0 -9999.0 -9999.0 -9999.0 -9999.0 -9999.0 -9999.0 -9999.0 -9999.0 -9999.0 -9999.0 -9999.0 -9999.0 -9999.0
-9999.0 -9999.0 -9999.0 -9999.0 -9999.0 -9999.0 -9999.0 -9999.0 -9999.0 -9999.0 -9999.0 -9999.0 -9999.0 -9999.0 -9999.0 -9999.0 -9999.0 -9999.0 -9999.0 -9999.0 948.710935 951.664691 930.315827 897.600839 870.795614 874.310030 910.319408 953.118467 993.227274 1004.678556 988.153797 991.947139 988.645767 988.614985 992.175084 1000.014275 1005.234818 1017.490637 1027.131251 1028.041781 1023.211488 1019.102415 1020.049377 1023.237439 1028.239482 1016.484863 1029.193621 1042.914872 1046.418387 1039.211476 1009.922195 992.210498 981.153868 963.634021 986.212174 996.225586 1017.318596 1019.939343 1016.857145 988.669467 957.818414 -9999.0 -9999.0 -9999.0 -9999.0 -9999.0 -9999.0 -9999.0 -9999.0 -9999.0 -9999.0 -9999.0 -9999.0 -9999.0 -9999.0 -9999.0 -9999.0 -9999.0 -9999.0 -9999.0
-9999.0 -9999.0 -9999.0 -9999.0 -9999.0 -9999.0 -9999.0 -9999.0 -9999.0 -9999.0 -9999.0 -9999.0 -9999.0 -9999.0 855.300199 846.471948 844.787556 854.360546 889.058376 920.171622 932.640982 926.086632 927.296349 904.997717 885.800463 901.355577 932.861049 966.385692 1002.861625 1024.812021 1014.960228 1014.162284 1025.281840 1051.937661 1066.052735 1064.498544 1045.936258 1070.620831 1087.937129 1098.158322 1099.302276 1092.179914 1105.809750 1121.589516 1114.253833 1096.151191 1099.933483 1110.232501 1120.487562 1104.395211 1038.150067 1016.264059 1009.478146 1000.430809 984.185281 975.812767 999.343479 997.734261 987.865026 968.422582 934.521584 889.526884 869.967087 907.452596 950.122112 1006.465032 -9999.0 -9999.0 -9999.0 -9999.0 -9999.0 -9999.0 -9999.0 -9999.0 -9999.0 -9999.0 -9999.0 -9999.0 -9999.0 -9999.0
-9999.0 -9999.0 -9999.0 -9999.0 -9999.0 -9999.0 -9999.0 -9999.0 -9999.0 794.514337 799.776028 808.136842 811.656495 828.478178 827.063903 835.407747 843.841672 872.228665 904.712233 941.180752 971.205377 963.626839 965.691597 977.460101 982.722958 996.716276 1020.633770 1063.584380 1105.817276 1148.833559 1121.964339 1121.256167 1141.987160 1190.636842 1225.106306 1233.262751 1216.247942 1226.371036 1253.627991 1278.284313 1280.510598 1279.973142 1305.466561 1319.264650 1319.852054 1298.737606 1284.084327 1282.045056 1304.602192 1250.768248 1181.789738 1128.641167 1129.932077 1097.568448 1057.260399 1034.641700 1029.543964 1047.942078 1030.865289 991.655141 953.526549 940.884574 921.892660 937.397321 958.071252 1002.910556 1040.300046 1067.371045 1065.598366 1047.128367 -9999.0 -9999.0 -9999.0 -9999.0 -9999.0 -9999.0 -9999.0 -9999.0 -9999.0 -9999.0
-9999.0 -9999.0 -9999.0 -9999.0 -9999.0 -9999.0 713.997220 724.258476 745.540516 751.268430 777.814993 786.558172 808.636917 829.461723 852.630619 870.925792 902.885021 937.666189 980.558200 1025.935448 1060.369055 1057.534382 1070.098192 1102.745117 1143.846871 1175.224563 1202.934770 1245.744817 1324.049985 1368.218050 1377.268766 1383.191015 1393.716161 1442.636234 1506.685010 1522.240055 1503.389259 1490.599412 1512.640328 1551.147904 1560.490486 1563.733585 1574.479169 1583.810255 1608.869462 1598.265174 1556.262367 1539.305684 1534.415901 1516.209586 1453.854335 1389.017511 1352.773202 1301.604856 1216.984417 1159.359678 1162.808699 1178.275373 1146.307011 1089.602549 1045.714519 1032.340405 1014.825975 999.213054 1003.201947 1020.212801 1040.450065 1049.588598 1034.735808 1012.054878 987.813668 957.967667 959.008964 983.713537 -9999.0 -9999.0 -9999.0 -9999.0 -9999.0 -9999.0
-9999.0 -9999.0 -9999.0 -9999.0 662.883682 676.462484 665.227398 691.360034 725.315355 760.902913 794.503251 833.278746 862.594909 894.967803 937.805986 975.214029 1020.186786 1058.411314 1115.698477 1187.009169 1241.590553 1268.721815 1286.651779 1346.179675 1408.011872 1461.356429 1483.831838 1513.137964 1558.179946 1620.300405 1648.651102 1655.760147 1673.325754 1707.876955 1754.215902 1786.826865 1771.384805 1765.316720 1772.621068 1785.782816 1811.432356 1814.229549 1816.697495 1818.983604 1822.839609 1821.028697 1795.541941 1760.949994 1745.725154 1734.932714 1704.691531 1635.322268 1592.970082 1561.502732 1527.167165 1474.079094 1407.914502 1389.805400 1331.505226 1272.444893 1206.612607 1181.116148 1147.279965 1118.662424 1086.336303 1084.592548 1084.489830 1060.978389 1026.237076 991.896553 975.249695 955.308821 943.564023 972.938239 990.007188 1020.047314 -9999.0 -9999.0 -9999.0 -9999.0
-9999.0 -9999.0 602.442068 651.762298 709.496406 719.417877 721.452538 728.989973 759.268230 813.400780 891.482105 944.777034 990.211223 1026.672591 1089.498743 1172.802908 1249.085950 1300.189681 1360.983798 1431.677366 1495.338177 1531.134362 1551.037225 1590.731923 1644.061773 1704.826010 1731.727694 1758.576015 1790.087264 1824.310843 1837.497461 1851.808713 1859.891324 1861.979770 1866.876882 1867.979957 1863.712563 1858.903453 1841.475686 1838.829881 1847.036478 1853.023355 1855.149087 1842.025432 1837.926042 1850.817199 1853.634831 1851.870001 1850.723551 1857.202416 1860.459690 1821.666503 1782.205670 1766.033924 1755.142523 1710.089097 1644.678655 1600.975833 1577.113916 1533.697670 1454.676283 1400.971713 1348.644934 1297.827018 1242.653176 1207.798099 1157.051998 1110.743718 1060.885912 1012.317332 987.044563 967.781747 964.475298 963.717402 979.230145 994.057044 1008.967208 1016.519917 -9999.0 -9999.0
-9999.0 499.364366 572.146289 699.184794 780.244835 826.401968 860.978768 887.135783 918.100031 945.830206 1054.021503 1148.245807 1241.984903 1280.977764 1333.715204 1432.634438 1528.476192 1574.700843 1612.338396 1667.496703 1727.129944 1774.453359 1803.838868 1817.562026 1850.986510 1863.036017 1865.927734 1869.193829 1865.408361 1858.048422 1849.450949 1855.712837 1851.767270 1832.420962 1815.609626 1811.527504 1805.097132 1781.005931 1753.150444 1739.017028 1742.340896 1765.389237 1754.023384 1733.644900 1729.858640 1750.613596 1769.233411 1760.494500 1748.917305 1767.055241 1801.796887 1824.007515 1835.033732 1851.402005 1871.794960 1846.127018 1816.476775 1774.239068 1754.026596 1724.067614 1664.137665 1601.265397 1545.365214 1483.181133 1414.778027 1344.516163 1278.604375 1213.898618 1144.363728 1101.031275 1068.355852 1017.111286 995.196072 996.164701 986.524281 982.919202 988.371798 994.394705 -9999.0 -9999.0
-9999.0 419.812738 562.678357 748.053579 897.676536 958.877483 1064.526227 1147.191377 1178.731110 1154.198717 1264.382903 1484.175014 1584.692072 1602.689538 1673.663516 1760.033938 1782.106834 1814.128008 1835.736320 1844.399132 1851.845325 1861.666543 1860.779176 1855.758739 1841.766107 1834.102288 1832.667202 1829.113876 1810.469647 1790.247654 1771.889433 1766.969789 1747.680616 1703.133061 1668.391320 1649.629652 1632.454835 1612.252466 1579.665250 1553.683523 1539.950127 1556.422875 1549.344591 1532.599285 1528.788356 1550.733520 1582.863211 1578.621108 1586.363081 1608.851561 1649.533569 1690.310972 1713.843713 1744.495916 1781.913804 1826.346146 1842.435381 1863.702152 1867.825517 1847.839182 1802.795326 1749.624332 1713.098165 1647.662449 1572.080198 1490.828515 1423.152809 1358.064075 1287.101566 1239.662042 1192.405629 1135.282556 1080.874126 1057.008799 1016.807632 996.155615 -9999.0 -9999.0 -9999.0 -9999.0
-9999.0 342.194755 530.919448 790.691051 1066.292009 1180.948736 1384.128113 1513.352905 1573.406524 1641.035244 1626.874979 1769.828823 1807.883682 1804.091534 1801.808101 1806.001333 1821.829963 1825.651057 1822.049502 1811.832796 1802.848161 1799.093848 1797.987285 1790.809970 1778.471207 1763.146778 1749.292119 1734.999375 1695.277963 1660.581747 1624.158816 1608.495650 1569.282516 1477.521930 1433.019171 1396.244360 1339.665380 1332.977026 1326.432956 1298.598509 1279.614619 1260.235384 1281.527034 1285.292889 1287.502401 1291.554977 1308.958984 1332.170979 1376.342613 1413.326207 1458.698314 1511.992144 1547.253346 1591.391237 1638.992216 1696.336033 1729.838167 1761.227317 1808.462964 1847.675999 1870.120247 1858.017810 1828.163203 1779.280872 1704.864349 1632.981341 1578.050931 1500.445911 1433.144305 1380.166836 1336.537674 1288.816808 1226.343273 1146.495064 1104.150263 -9999.0 -9999.0 -9999.0 -9999.0 -9999.0
-9999.0 165.174128 433.045508 722.506562 1039.503519 1365.764078 1495.161898 1625.877282 1698.474003 1663.116282 1668.274747 1691.432150 1733.962364 1743.379590 1724.836575 1716.807731 1706.242697 1706.201455 1718.281273 1690.800381 1660.623432 1647.107429 1646.545400 1634.822743 1611.695805 1594.379498 1581.331334 1560.055277 1510.980781 1459.086562 1377.511169 1347.570077 1272.136655 1213.661733 1167.268169 1116.533407 1064.934174 1063.005788 1079.609702 1064.516168 1042.273459 1023.930874 1050.420324 1067.934393 1080.134432 1069.349715 1078.889477 1115.335755 1165.781486 1211.238231 1262.988513 1319.022982 1366.316643 1415.200985 1449.067522 1501.270127 1549.505635 1596.724352 1670.913148 1749.796551 1786.220286 1819.969329 1851.136679 1862.909126 1806.820623 1750.425770 1691.037195 1621.077184 1532.984554 1486.588282 1464.939342 1430.879062 1379.088812 -9999.0 -9999.0 -9999.0 -9999.0 -9999.0 -9999.0 -9999.0
-9999.0 37.813176 258.378456 490.651493 777.941605 1016.417709 1208.860473 1318.604393 1398.509800 1429.251996 1462.148415 1497.548855 1530.010880 1553.760541 1532.811504 1494.421344 1466.152586 1469.768488 1465.188083 1439.981495 1409.533611 1394.134969 1391.641201 1384.526519 1359.987090 1345.047414 1333.611971 1310.180259 1275.015341 1218.116251 1136.841388 1064.143130 1002.188917 968.603642 937.677081 904.014072 867.265873 877.028724 889.737821 885.877245 874.965604 871.775591 901.064159 920.092179 930.373475 918.769019 938.180320 965.510924 1008.050179 1052.127609 1102.618411 1159.400068 1214.872352 1246.304933 1262.578252 1290.735297 1331.941708 1387.215577 1474.169642 1568.579460 1644.974379 1693.160333 1742.201243 1772.146165 1780.350519 1785.733201 1752.191403 1659.919215 1532.479089 1531.178745 1534.456090 -9999.0 -9999.0 -9999.0 -9999.0 -9999.0 -9999.0 -9999.0 -9999.0 -9999.0
-9999.0 -9999.0 24.318254 204.193548 346.449506 528.256575 679.657503 790.167317 877.274399 986.300116 1089.138884 1172.682408 1217.756821 1235.958504 1221.268335 1186.256717 1163.345572 1162.692786 1151.981953 1139.557077 1117.784965 1108.957877 1097.916794 1089.488361 1078.451720 1072.037176 1065.971098 1053.689326 1030.365357 982.349153 931.636197 879.188371 824.932563 798.728755 776.096778 753.739018 751.415783 747.767272 753.544086 754.885687 761.327049 773.698207 794.010429 815.913312 825.712220 834.264390 847.052734 871.173856 904.895560 947.707611 1002.345926 1060.824279 1101.691877 1115.794342 1107.862061 1114.936324 1137.770927 1183.190196 1267.570607 1353.331432 1447.683548 1517.665541 1586.704136 1634.883918 1645.923299 1654.446089 1659.814625 1581.126998 1240.253315 1454.714826 -9999.0 -9999.0 -9999.0 -9999.0 -9999.0 -9999.0 -9999.0 -9999.0 -9999.0 -9999.0
-9999.0 -9999.0 -9999.0 -9999.0 62.492586 218.560107 315.493545 399.597206 527.084133 644.624084 743.137103 825.123084 885.166447 911.205983 905.060679 906.945218 900.904446 895.076474 885.235439 882.348319 879.357785 871.374408 857.693582 849.947757 849.994724 854.022580 851.076509 836.950077 818.990694 794.370348 772.208171 736.951760 700.140822 670.468142 656.899568 650.486707 650.128612 643.486506 652.343540 659.322560 674.400814 689.699764 713.570932 742.408239 755.896427 770.615498 780.556883 801.468142 832.154089 885.859349 949.587155 1007.649758 1043.746569 1048.750909 1024.528431 1009.957505 1007.786545 1037.593963 1085.592011 1156.122147 1259.866575 1333.599959 1391.403049 1434.730285 1463.085773 1501.698041 1540.362912 1561.084804 -9999.0 -9999.0 -9999.0 -9999.0 -9999.0 -9999.0 -9999.0 -9999.0 -9999.0 -9999.0 -9999.0 -9999.0
-9999.0 -9999.0 -9999.0 -9999.0 -9999.0 -9999.0 17.318627 117.448757 200.733860 334.549928 459.939173 558.627750 637.295656 667.165273 690.716131 715.836838 712.941532 694.862286 676.394171 693.976367 705.999397 700.130899 670.781498 669.780831 673.890987 682.162367 679.939892 673.219435 647.800409 657.615570 657.046196 633.370907 606.900940 592.492911 580.439416 589.912608 590.160691 576.819918 577.945669 604.444008 624.502273 637.764093 659.836065 693.054371 725.329343 740.330326 741.735319 748.132141 788.941467 859.517778 931.142268 986.452436 1018.953790 1027.338994 1000.239685 960.527645 940.594292 948.719550 985.022199 1039.901531 1118.062436 1168.954181 1197.138704 1212.564669 1231.512680 1318.637777 -9999.0 -9999.0 -9999.0 -9999.0 -9999.0 -9999.0 -9999.0 -9999.0 -9999.0 -9999.0 -9999.0 -9999.0 -9999.0 -9999.0
-9999.0 -9999.0 -9999.0 -9999.0 -9999.0 -9999.0 -9999.0 -9999.0 -9999.0 -9999.0 -9999.0 -9999.0 -9999.0 -9999.0 -9999.0 -9999.0 -9999.0 -9999.0 -9999.0 -9999.0 -9999.0 -9999.0 -9999.0 -9999.0 -9999.0 -9999.0 -9999.0 -9999.0 -9999.0 -9999.0 -9999.0 -9999.0 -9999.0 -9999.0 -9999.0 -9999.0 -9999.0 -9999.0 -9999.0 -9999.0 -9999.0 -9999.0 -9999.0 -9999.0 -9999.0 -9999.0 -9999.0 -9999.0 -9999.0 -9999.0 -9999.0 -9999.0 -9999.0 -9999.0 -9999.0 -9999.0 -9999.0 -9999.0 -9999.0 -9999.0 -9999.0 -9999.0 -9999.0 -9999.0 -9999.0 -9999.0 -9999.0 -9999.0 -9999.0 -9999.0 -9999.0 -9999.0 -9999.0 -9999.0 -9999.0 -9999.0 -9999.0 -9999.0 -9999.0 -9999.0
-9999.0 -9999.0 -9999.0 -9999.0 -9999.0 -9999.0 -9999.0 -9999.0 -9999.0 -9999.0 -9999.0 -9999.0 -9999.0 -9999.0 -9999.0 -9999.0 -9999.0 -9999.0 -9999.0 -9999.0 -9999.0 -9999.0 -9999.0 -9999.0 -9999.0 -9999.0 -9999.0 -9999.0 -9999.0 -9999.0 -9999.0 -9999.0 -9999.0 -9999.0 -9999.0 -9999.0 -9999.0 -9999.0 -9999.0 -9999.0 -9999.0 -9999.0 -9999.0 -9999.0 -9999.0 -9999.0 -9999.0 -9999.0 -9999.0 -9999.0 -9999.0 -9999.0 -9999.0 -9999.0 -9999.0 -9999.0 -9999.0 -9999.0 -9999.0 -9999.0 -9999.0 -9999.0 -9999.0 -9999.0 -9999.0 -9999.0 -9999.0 -9999.0 -9999.0 -9999.0 -9999.0 -9999.0 -9999.0 -9999.0 -9999.0 -9999.0 -9999.0 -9999.0 -9999.0 -9999.0