Borden_/Borden1m_014/output_maps/psiliqL0010N0035.asc
ncols         80
nrows         18
xllcorner     620200.000000
yllcorner     5168000.000000
cellsize      1.000000
NODATA_value  -9999.0
-9999.0 -9999.0 -9999.0 -9999.0 -9999.0 -9999.0 -9999.0 -9999.0 -9999.0 -9999.0 -9999.0 -9999.0 -9999.0 -9999.0 -9999.0 -9999.0 -9999.0 -9999.0 -9999.0 -9999.0 -9999.0 -9999.0 -9999.0 -9999.0 -9999.0 -9999.0 -9999.0 -9999.0 -9999.0 -9999.0 -9999.0 -9999.0 -9999.0 -9999.0 -9999.0 -9999.0 -9999.0 -9999.0 -9999.0 -9999.0 -9999.0 -9999.0 -9999.0 -9999.0 -9999.0 -9999.0 -9999.0 -9999.0 -9999.0 -9999.0 -9999.0 -9999.0 -9999.0 -9999.0 -9999.0 -9999.0 -9999.0 -9999.0 -9999.0 -9999.0 -9999.0 -9999.0 -9999.0 -9999.0 -9999.0 -9999.0 -9999.0 -9999.0 -9999.0 -9999.0 -9999.0 -9999.0 -9999.0 -9999.0 -9999.0 -9999.0 -9999.0 -9999.0 -9999.0 -9999.0
-9999.0 -9999.0 -9999.0 -9999.0 -9999.0 -9999.0 -9999.0 -9999.0 -9999.0 -9999.0 -9999.0 -9999.0 -9999.0 -9999.0 -9999.0 -9999.0 -9999.0 -9999.0 -9999.0 -9999.0 -9999.0 -9999.0 -9999.0 -9999.0 -9999.0 -9999.0 -9999.0 -9999.0 -9999.0 -9999.0 -9999.0 -9999.0 -9999.0 -9999.0 -9999.0 -9999.0 -9999.0 -9999.0 -9999.0 -9999.0 -9999.0 -9999.0 -9999.0 -9999.0 -9999.0 -9999.0 -9999.0 -9999.0 -9999.0 -9999.0 -9999.0 -9999.0 -9999.0 -9999.0 -9999.0 -9999.0 -9999.0 -9999.0 -9999.0 -9999.0 -9999.0 -9999.0 -9999.0 -9999.0 -9999.0 -9999.0 -9999.0 -9999.0 -9999.0 -9999.0 -9999.0 -9999.0 -9999.0 -9999.0 -9999.0 -9999.0 -9999.0 -9999.0 -9999.0 -9999.0
-9999.0 -9999.0 -9999.0 -9999.0 -9999.0 -9999.0 -9999.0 -9999.0 -9999.0 -9999.0 -9999.0 -9999.0 -9999.0 -9999.0 -9999.0 -9999.0 -9999.0 -9999.0 -9999.0 -9999.0 137.815300 140.863907 118.648870 85.145662 57.368989 59.946866 95.477126 137.427932 176.400763 187.617201 170.348814 172.786164 168.592713 168.898446 172.507782 179.365587 183.029468 195.110397 204.475316 205.146645 199.841299 194.976430 194.837958 198.504522 203.433311 193.232092 206.076881 220.615503 225.690988 219.041087 190.022402 172.737703 163.030511 147.085970 170.532155 181.997655 204.233158 207.874387 205.872907 178.266626 147.810265 -9999.0 -9999.0 -9999.0 -9999.0 -9999.0 -9999.0 -9999.0 -9999.0 -9999.0 -9999.0 -9999.0 -9999.0 -9999.0 -9999.0 -9999.0 -9999.0 -9999.0 -9999.0 -9999.0
-9999.0 -9999.0 -9999.0 -9999.0 -9999.0 -9999.0 -9999.0 -9999.0 -9999.0 -9999.0 -9999.0 -9999.0 -9999.0 -9999.0 46.172898 36.453242 33.908842 42.891702 77.118791 107.597556 120.246910 113.106036 113.594407 90.672282 71.087069 85.977677 116.459121 149.277768 185.227972 207.203734 195.983065 194.377221 205.851327 234.300885 250.008445 248.311566 227.952290 251.786716 269.692005 281.000906 281.991331 274.685348 290.056151 306.930671 299.849550 280.988221 283.135873 293.567110 306.003302 288.448666 220.432284 197.190955 191.592192 183.097614 167.865272 160.050499 184.049009 183.943984 174.873716 156.133908 123.137130 78.724809 60.228987 98.265875 142.112451 199.635931 -9999.0 -9999.0 -9999.0 -9999.0 -9999.0 -9999.0 -9999.0 -9999.0 -9999.0 -9999.0 -9999.0 -9999.0 -9999.0 -9999.0
-9999.0 -9999.0 -9999.0 -9999.0 -9999.0 -9999.0 -9999.0 -9999.0 -9999.0 -12.087173 -7.959075 -0.465127 1.888129 17.935237 16.358382 23.845380 32.135524 59.240752 91.130986 127.137869 156.924266 148.276781 149.834754 162.764784 170.162941 184.591244 207.971468 251.837020 297.658660 343.088344 316.611720 316.170550 337.884221 390.625655 431.374902 442.189360 423.250139 430.083924 459.848812 489.214059 494.010291 494.944123 521.774243 536.263492 539.833908 518.154823 496.957988 492.302641 515.074592 458.010839 384.828181 326.068471 323.604024 288.298651 243.721771 218.757589 213.848618 233.849511 216.836451 177.610323 139.631198 128.532819 110.786051 126.515324 148.352236 194.613490 232.835320 261.002018 260.551832 242.769447 -9999.0 -9999.0 -9999.0 -9999.0 -9999.0 -9999.0 -9999.0 -9999.0 -9999.0 -9999.0
-9999.0 -9999.0 -9999.0 -9999.0 -9999.0 -9999.0 -91.238844 -82.058298 -61.926120 -56.332335 -31.303503 -23.280533 -2.118517 17.940610 39.670039 57.663983 89.751750 124.016371 167.362080 213.842712 249.288098 247.783399 261.385473 298.360772 344.612597 380.189019 409.641833 456.438081 541.582856 591.271400 605.870790 613.249407 623.810660 670.393599 733.428552 750.066354 730.495172 716.827897 738.336046 778.987809 798.174633 803.267714 812.801305 821.632128 846.480831 835.379720 785.179580 762.872698 755.293568 739.488917 681.712620 617.145612 573.747475 518.887362 428.879995 363.907082 361.844722 375.098062 340.032970 281.332583 234.748149 220.991901 203.812579 187.914130 191.852184 209.836071 231.766911 242.125285 228.685254 207.308561 183.791976 154.670412 156.160865 181.404942 -9999.0 -9999.0 -9999.0 -9999.0 -9999.0 -9999.0
-9999.0 -9999.0 -9999.0 -9999.0 -141.241311 -128.565135 -140.106375 -115.806603 -83.239999 -49.196596 -16.037397 22.394394 50.977669 82.475104 125.990014 166.249506 213.920279 253.678364 313.974557 389.776157 450.253511 483.808103 506.900174 571.658837 634.962950 687.490898 709.138003 738.814851 785.719841 855.156764 884.276280 893.030760 909.598082 941.106610 984.060754 1014.488372 998.276007 993.551756 1000.002103 1012.545237 1039.686454 1042.718568 1045.072477 1046.568403 1049.419895 1047.986692 1022.214299 986.840005 973.302146 962.534845 938.767453 871.163448 819.538391 785.651610 754.429485 703.680167 634.662205 610.889472 549.972840 487.308617 412.376967 381.133811 343.846837 312.833683 277.878990 274.963850 274.769872 252.296056 219.424912 186.248690 170.550569 151.421367 140.758617 170.493767 188.062323 218.849133 -9999.0 -9999.0 -9999.0 -9999.0
-9999.0 -9999.0 -199.943803 -150.196870 -93.820492 -84.746551 -82.387503 -76.320067 -47.979187 4.448650 84.584178 140.393318 188.901312 224.745852 290.307972 382.207976 469.541640 526.126274 588.935293 657.653885 720.886491 760.615339 789.343564 829.975136 880.534084 934.863273 960.303762 985.191758 1017.163088 1050.947307 1070.550866 1085.858728 1092.894503 1091.460879 1093.819322 1093.052941 1089.263354 1084.182590 1066.961363 1065.002149 1072.987796 1077.569640 1080.831648 1068.240759 1064.243819 1076.665775 1078.367435 1076.683296 1077.303397 1084.331310 1091.494794 1056.399032 1008.850844 992.671949 984.798769 941.864224 877.834932 826.640564 801.244737 757.731866 677.648403 621.982429 567.001675 510.559489 448.472871 407.079455 352.330043 304.867608 255.170704 207.452276 182.742230 163.676113 160.913044 161.005330 176.885161 192.334896 207.655506 215.428207 -9999.0 -9999.0
-9999.0 -300.074634 -227.361841 -99.821112 -19.942247 26.270223 66.112042 96.047243 124.594113 146.076153 260.380646 372.286388 473.654074 512.953962 569.965065 671.460271 773.273321 819.266996 854.115345 901.363130 957.071864 1003.462461 1033.885395 1057.837298 1087.448611 1092.125923 1092.637651 1094.082925 1088.688065 1081.880409 1072.646792 1079.347375 1076.665493 1058.870760 1043.703947 1040.215399 1033.138131 1007.442337 978.361140 965.823033 968.420332 989.774881 981.011484 961.385850 957.788836 978.017586 994.992000 985.666636 975.592620 992.294138 1027.947915 1049.509774 1063.279354 1078.360660 1099.174538 1075.159970 1043.391382 1002.057718 982.678526 951.890315 887.769934 823.647071 767.994841 704.064905 635.288332 561.916595 491.835925 422.435376 348.791492 304.147993 270.043919 216.716078 192.847583 193.424842 183.699915 180.705043 186.916960 193.242676 -9999.0 -9999.0
-9999.0 -374.075207 -230.624548 -44.382028 104.764021 170.303141 289.410301 380.718436 416.614166 396.092106 515.748465 744.068411 835.630426 849.476641 915.198088 995.119389 1028.765691 1058.568188 1077.716026 1078.361261 1079.839840 1086.590264 1085.015884 1079.313162 1065.528550 1057.946662 1056.718882 1053.130909 1033.784411 1014.040024 996.123833 991.069420 975.163214 934.808837 901.927084 883.941226 864.454812 838.705959 802.812885 776.272474 762.767412 780.816333 772.269499 754.574966 750.860320 773.947334 806.600877 801.230380 807.659221 830.402696 873.057584 918.102433 942.213571 971.535183 1008.635868 1051.572515 1069.245258 1089.961568 1095.192621 1072.530911 1028.759706 977.544153 941.661383 872.757005 796.860340 715.343480 649.713502 586.618546 514.824516 463.142979 409.558803 346.865998 286.165999 256.352466 215.124220 193.562096 -9999.0 -9999.0 -9999.0 -9999.0
-9999.0 -443.437423 -252.328826 12.810777 281.084141 415.554939 619.877226 755.481125 827.359731 883.176075 904.891644 1024.631690 1053.605609 1045.718142 1033.996073 1035.734808 1050.039960 1053.801048 1049.942774 1039.313449 1028.485505 1022.482563 1021.549564 1015.396085 1003.383556 988.436956 975.073730 960.154937 915.539305 880.108892 846.432985 830.759287 794.392746 704.106463 660.419073 626.623311 570.940916 559.950019 547.782589 517.169905 496.813042 479.505365 498.785855 499.855159 501.140191 508.624675 529.550520 551.287738 595.093663 632.215478 677.844495 732.287129 767.782627 812.283045 862.124253 923.835491 955.580926 987.452897 1033.566991 1073.300316 1095.630229 1085.577373 1055.154606 1009.743351 938.177255 862.915813 808.388914 731.833328 665.111997 613.431698 570.758644 520.118609 450.006057 351.100653 304.629534 -9999.0 -9999.0 -9999.0 -9999.0 -9999.0
-9999.0 -604.862351 -336.327226 -40.232409 292.039763 617.293143 735.335792 887.955976 963.014321 911.288165 898.677921 927.567034 968.953210 975.241127 955.067572 947.219399 938.415799 938.312581 950.124679 921.601237 886.583300 871.138386 869.895774 858.038979 835.236362 817.278478 803.384473 781.687074 730.366794 679.408985 601.762534 573.618964 496.843448 427.043428 375.285297 322.959978 268.830900 265.092116 279.685625 262.361456 239.162362 220.074293 245.938315 262.124565 273.633929 264.150574 274.272440 311.129644 363.141370 411.035808 467.749126 529.091142 579.313392 631.299701 667.199451 722.187544 770.504656 818.635912 893.831661 975.972848 1012.089930 1046.344119 1080.515924 1094.353665 1043.143243 988.668621 931.202645 856.318218 762.175401 715.545983 695.153443 664.920225 613.549373 -9999.0 -9999.0 -9999.0 -9999.0 -9999.0 -9999.0 -9999.0
-9999.0 -737.276725 -508.112356 -263.356106 35.437909 278.428049 468.683922 588.019069 674.954198 677.106742 693.577599 725.394288 757.850147 780.143875 757.606831 720.433554 693.242328 696.631940 694.249438 668.747103 637.623220 622.051255 620.068136 612.358127 586.202750 569.155160 556.164102 530.756861 490.570701 428.751524 341.037372 268.262110 203.651938 165.971036 133.615586 99.103995 60.051315 69.821278 83.489092 78.675275 66.365852 62.042006 91.533456 110.104383 120.263162 107.677010 126.629448 154.200810 197.133132 241.004356 291.938594 350.173402 408.068154 443.548483 464.303093 499.050109 545.817029 605.783165 694.234376 791.318356 867.626142 921.011246 971.950942 1003.520151 1014.313452 1027.539988 998.990293 905.336248 763.454765 756.009455 759.271646 -9999.0 -9999.0 -9999.0 -9999.0 -9999.0 -9999.0 -9999.0 -9999.0 -9999.0
-9999.0 -9999.0 -745.118932 -557.142851 -401.086210 -214.584081 -61.520487 48.666072 128.994885 223.691161 318.162182 399.251185 444.929911 463.334985 445.109125 403.211724 376.006144 375.224797 364.954158 350.391980 325.652769 315.773278 305.385413 296.822911 283.334816 275.249288 268.598197 255.688054 230.781130 181.162544 126.878407 73.296378 17.830830 -8.392095 -31.098605 -54.069087 -57.575484 -59.947546 -53.457652 -52.334395 -46.834221 -35.019986 -14.357961 7.114370 16.614294 24.032084 36.703034 60.596269 94.118602 135.948385 189.537464 246.961457 287.170293 301.197922 293.814457 302.518689 328.358367 378.981397 474.532413 569.798573 665.761955 738.189915 809.696562 859.444995 874.852487 893.449236 904.838712 818.777142 508.641934 680.587152 -9999.0 -9999.0 -9999.0 -9999.0 -9999.0 -9999.0 -9999.0 -9999.0 -9999.0 -9999.0
-9999.0 -9999.0 -9999.0 -9999.0 -701.218623 -543.602642 -448.517958 -364.756798 -241.595710 -130.447111 -36.492226 41.830009 97.172423 121.685825 111.484205 107.102173 98.923039 94.491250 85.419735 80.347935 75.101970 67.006363 54.890340 47.020111 46.154486 49.423402 46.790995 33.026221 16.057272 -11.081632 -35.185496 -70.836687 -108.152186 -137.628985 -150.908723 -157.783103 -157.716488 -163.498258 -154.124414 -147.648364 -132.755430 -117.355509 -93.368150 -64.948791 -52.175669 -37.875968 -28.093885 -7.194311 23.020292 76.013132 138.636808 195.160934 229.579599 233.414954 207.623787 192.213592 189.964760 220.292093 271.675297 347.985534 460.253018 542.774716 608.890331 656.448054 688.662103 732.300775 773.071371 788.709271 -9999.0 -9999.0 -9999.0 -9999.0 -9999.0 -9999.0 -9999.0 -9999.0 -9999.0 -9999.0 -9999.0 -9999.0
-9999.0 -9999.0 -9999.0 -9999.0 -9999.0 -9999.0 -755.399745 -659.172353 -572.428966 -447.215567 -330.582707 -236.917971 -161.407306 -135.180851 -116.317682 -93.483442 -97.729699 -114.937122 -131.924789 -115.256155 -105.218499 -110.402926 -138.332453 -139.792119 -136.252340 -127.261790 -128.787637 -135.140990 -160.193873 -151.853833 -153.237467 -176.541444 -202.802622 -217.257877 -228.928414 -219.038706 -218.311907 -230.989827 -228.821219 -202.632849 -182.829603 -169.393390 -146.951651 -113.815008 -81.824905 -67.440510 -66.418196 -60.172963 -18.814101 51.444406 121.800668 175.418013 206.303363 213.471508 184.765910 143.578267 122.092650 129.126943 164.859558 220.627862 301.676530 356.741404 392.239824 416.650131 446.644280 543.336194 -9999.0 -9999.0 -9999.0 -9999.0 -9999.0 -9999.0 -9999.0 -9999.0 -9999.0 -9999.0 -9999.0 -9999.0 -9999.0 -9999.0
-9999.0 -9999.0 -9999.0 -9999.0 -9999.0 -9999.0 -9999.0 -9999.0 -9999.0 -9999.0 -9999.0 -9999.0 -9999.0 -9999.0 -9999.0 -9999.0 -9999.0 -9999.0 -9999.0 -9999.0 -9999.0 -9999.0 -9999.0 -9999.0 -9999.0 -9999.0 -9999.0 -9999.0 -9999.0 -9999.0 -9999.0 -9999.0 -9999.0 -9999.0 -9999.0 -9999.0 -9999.0 -9999.0 -9999.0 -9999.0 -9999.0 -9999.0 -9999.0 -9999.0 -9999.0 -9999.0 -9999.0 -9999.0 -9999.0 -9999.0 -9999.0 -9999.0 -9999.0 -9999.0 -9999.0 -9999.0 -9999.0 -9999.0 -9999.0 -9999.0 -9999.0 -9999.0 -9999.0 -9999.0 -9999.0 -9999.0 -9999.0 -9999.0 -9999.0 -9999.0 -9999.0 -9999.0 -9999.0 -9999.0 -9999.0 -9999.0 -9999.0 -9999.0 -9999.0 -9999.0
-9999.0 -9999.0 -9999.0 -9999.0 -9999.0 -9999.0 -9999.0 -9999.0 -9999.0 -9999.0 -9999.0 -9999.0 -9999.0 -9999.0 -9999.0 -9999.0 -9999.0 -9999.0 -9999.0 -9999.0 -9999.0 -9999.0 -9999.0 -9999.0 -9999.0 -9999.0 -9999.0 -9999.0 -9999.0 -9999.0 -9999.0 -9999.0 -9999.0 -9999.0 -9999.0 -9999.0 -9999.0 -9999.0 -9999.0 -9999.0 -9999.0 -9999.0 -9999.0 -9999.0 -9999.0 -9999.0 -9999.0 -9999.0 -9999.0 -9999.0 -9999.0 -9999.0 -9999.0 -9999.0 -9999.0 -9999.0 -9999.0 -9999.0 -9999.0 -9999.0 -9999.0 -9999.0 -9999.0 -9999.0 -9999.0 -9999.0 -9999.0 -9999.0 -9999.0 -9999.0 -9999.0 -9999.0 -9999.0 -9999.0 -9999.0 -9999.0 -9999.0 -9999.0 -9999.0 -9999.0