Borden_/Borden1m_014/output_maps/psiliqL0011N0038.asc
ncols         80
nrows         18
xllcorner     620200.000000
yllcorner     5168000.000000
cellsize      1.000000
NODATA_value  -9999.0
-9999.0 -9999.0 -9999.0 -9999.0 -9999.0 -9999.0 -9999.0 -9999.0 -9999.0 -9999.0 -9999.0 -9999.0 -9999.0 -9999.0 -9999.0 -9999.0 -9999.0 -9999.0 -9999.0 -9999.0 -9999.0 -9999.0 -9999.0 -9999.0 -9999.0 -9999.0 -9999.0 -9999.0 -9999.0 -9999.0 -9999.0 -9999.0 -9999.0 -9999.0 -9999.0 -9999.0 -9999.0 -9999.0 -9999.0 -9999.0 -9999.0 -9999.0 -9999.0 -9999.0 -9999.0 -9999.0 -9999.0 -9999.0 -9999.0 -9999.0 -9999.0 -9999.0 -9999.0 -9999.0 -9999.0 -9999.0 -9999.0 -9999.0 -9999.0 -9999.0 -9999.0 -9999.0 -9999.0 -9999.0 -9999.0 -9999.0 -9999.0 -9999.0 -9999.0 -9999.0 -9999.0 -9999.0 -9999.0 -9999.0 -9999.0 -9999.0 -9999.0 -9999.0 -9999.0 -9999.0
-9999.0 -9999.0 -9999.0 -9999.0 -9999.0 -9999.0 -9999.0 -9999.0 -9999.0 -9999.0 -9999.0 -9999.0 -9999.0 -9999.0 -9999.0 -9999.0 -9999.0 -9999.0 -9999.0 -9999.0 -9999.0 -9999.0 -9999.0 -9999.0 -9999.0 -9999.0 -9999.0 -9999.0 -9999.0 -9999.0 -9999.0 -9999.0 -9999.0 -9999.0 -9999.0 -9999.0 -9999.0 -9999.0 -9999.0 -9999.0 -9999.0 -9999.0 -9999.0 -9999.0 -9999.0 -9999.0 -9999.0 -9999.0 -9999.0 -9999.0 -9999.0 -9999.0 -9999.0 -9999.0 -9999.0 -9999.0 -9999.0 -9999.0 -9999.0 -9999.0 -9999.0 -9999.0 -9999.0 -9999.0 -9999.0 -9999.0 -9999.0 -9999.0 -9999.0 -9999.0 -9999.0 -9999.0 -9999.0 -9999.0 -9999.0 -9999.0 -9999.0 -9999.0 -9999.0 -9999.0
-9999.0 -9999.0 -9999.0 -9999.0 -9999.0 -9999.0 -9999.0 -9999.0 -9999.0 -9999.0 -9999.0 -9999.0 -9999.0 -9999.0 -9999.0 -9999.0 -9999.0 -9999.0 -9999.0 -9999.0 341.037219 344.079354 322.114091 288.854282 261.382345 264.255365 299.967737 342.212154 381.552025 392.903124 375.882705 378.706889 374.811322 375.132847 378.827955 385.999660 390.111245 402.310337 411.844338 412.680688 407.588334 402.981355 403.160125 406.723035 411.646259 401.015158 413.742199 427.992158 432.569313 425.636540 396.373136 378.808383 368.626010 352.176182 375.291078 386.307885 408.195314 411.531846 409.202300 381.394047 350.799763 -9999.0 -9999.0 -9999.0 -9999.0 -9999.0 -9999.0 -9999.0 -9999.0 -9999.0 -9999.0 -9999.0 -9999.0 -9999.0 -9999.0 -9999.0 -9999.0 -9999.0 -9999.0 -9999.0
-9999.0 -9999.0 -9999.0 -9999.0 -9999.0 -9999.0 -9999.0 -9999.0 -9999.0 -9999.0 -9999.0 -9999.0 -9999.0 -9999.0 248.844207 239.384930 237.108188 246.295205 280.690582 311.382113 324.010079 317.065994 317.792562 295.106237 275.714809 290.868984 321.725577 354.865750 391.082562 413.160179 402.364569 401.025869 412.498122 440.606419 456.025383 454.455523 434.687757 458.823554 476.688036 487.823347 488.995423 481.845628 496.738168 513.271559 506.095268 487.435002 489.926228 500.183265 511.840755 494.580853 426.873734 403.741914 397.643398 388.835389 373.190550 365.090161 388.854736 388.292144 378.931912 359.919491 326.616338 282.019558 263.200686 301.032567 344.539484 401.743754 -9999.0 -9999.0 -9999.0 -9999.0 -9999.0 -9999.0 -9999.0 -9999.0 -9999.0 -9999.0 -9999.0 -9999.0 -9999.0 -9999.0
-9999.0 -9999.0 -9999.0 -9999.0 -9999.0 -9999.0 -9999.0 -9999.0 -9999.0 189.840278 194.287091 202.048434 204.753250 221.045410 219.555027 227.326074 235.740651 263.253641 295.397648 331.644057 361.611251 353.360918 355.174849 367.941047 374.949130 389.441438 413.159457 456.943475 501.836695 546.618750 520.130283 519.637796 541.102292 592.678445 631.547861 641.577721 623.606249 631.429180 660.300374 688.073817 692.178606 692.772649 718.757111 732.741827 735.441086 714.169430 695.060302 690.982729 713.111308 657.620163 586.159506 528.905077 527.295259 492.690657 449.161656 424.595442 419.463617 438.901140 421.726649 382.345170 344.158610 332.521226 314.340836 329.902860 351.358921 397.199343 435.181316 463.027435 462.186934 444.178743 -9999.0 -9999.0 -9999.0 -9999.0 -9999.0 -9999.0 -9999.0 -9999.0 -9999.0 -9999.0
-9999.0 -9999.0 -9999.0 -9999.0 -9999.0 -9999.0 110.296677 119.782199 140.248751 145.930316 171.408344 179.709416 201.197453 221.550225 243.759321 261.995018 294.237343 328.811110 372.234116 418.653179 454.034681 452.373225 465.820730 501.648559 546.506879 581.036338 610.062250 655.301245 737.279851 784.820135 797.735299 804.458773 815.092429 862.566510 926.122624 942.545276 923.634537 910.339754 932.186759 972.080139 987.636018 992.157128 1001.894730 1010.779239 1035.637842 1024.798291 977.914970 957.169058 949.528155 933.026466 873.823509 808.965775 767.941087 714.787645 627.586197 564.928550 564.128022 577.800922 543.575693 485.370496 439.331189 425.415524 407.935758 391.916156 395.677405 413.244840 434.603033 444.523594 430.610677 408.808825 385.025412 355.665021 357.008595 382.100664 -9999.0 -9999.0 -9999.0 -9999.0 -9999.0 -9999.0
-9999.0 -9999.0 -9999.0 -9999.0 59.986513 72.934688 61.538180 86.376125 119.383647 153.926447 187.355324 226.067177 255.036920 286.956486 330.542665 370.413306 417.667236 457.126755 516.615300 591.161513 649.706681 681.086724 702.202866 764.708117 827.280244 880.440608 902.604007 932.229365 977.949305 1044.507202 1073.911674 1081.443019 1099.249906 1130.572885 1174.315553 1205.344737 1190.610093 1184.508072 1191.617851 1204.511920 1231.277816 1234.242184 1236.540450 1238.253900 1241.334841 1239.730921 1214.184741 1179.340968 1163.203787 1152.558278 1126.789305 1059.862205 1011.851293 978.788747 947.093864 895.762696 826.866624 804.562824 745.037702 684.241434 612.666288 582.949159 546.547905 516.086609 481.688936 478.803857 478.324498 455.300721 421.715784 388.075261 372.019739 352.607740 341.623961 371.238213 388.664540 419.252187 -9999.0 -9999.0 -9999.0 -9999.0
-9999.0 -9999.0 0.782410 50.461494 107.251265 116.661009 119.106947 125.751786 154.785141 207.849985 287.763559 343.335438 391.326745 427.558735 492.514681 582.156122 665.624747 719.675856 781.010164 850.461368 914.168675 952.552261 977.608271 1018.229946 1069.312991 1125.641300 1151.407789 1176.903768 1207.927059 1242.207805 1260.425097 1275.434292 1282.701668 1282.261861 1284.944814 1284.656914 1280.754315 1275.840550 1259.176619 1257.143105 1265.466882 1270.288480 1272.719851 1260.163247 1256.141264 1268.392817 1270.279835 1268.825127 1267.971241 1274.830777 1281.171788 1245.671804 1200.055477 1182.710159 1174.174365 1131.665785 1067.390072 1019.039188 994.490289 951.220085 871.245645 815.548661 761.570183 707.384013 648.156189 608.838318 555.103498 507.658139 457.551575 409.338887 384.301512 365.053361 362.058362 361.870405 377.612647 392.875631 408.070862 415.779152 -9999.0 -9999.0
-9999.0 -100.110632 -27.337682 100.153474 180.492352 226.949761 265.794294 295.214335 324.759736 348.200369 461.103329 568.261552 666.357157 705.194188 760.547683 861.289439 960.281767 1005.650511 1040.714038 1091.014215 1147.841990 1194.290864 1224.237231 1245.798190 1276.488573 1283.084574 1284.298821 1286.091853 1281.051579 1274.062411 1264.965575 1271.647094 1268.651441 1250.397373 1234.337111 1230.275781 1222.857117 1198.251078 1171.533758 1158.137134 1161.851534 1183.617498 1171.912911 1152.633037 1149.032795 1168.703835 1185.793984 1177.841349 1165.765760 1183.174193 1218.999385 1241.160814 1254.248962 1269.211832 1289.972022 1266.017564 1234.829300 1193.222019 1173.654466 1143.110433 1080.581554 1016.649003 961.119241 897.804257 828.897184 756.510161 688.302771 620.936121 548.581540 504.178827 470.349673 417.432832 393.910914 394.437215 384.622397 381.398058 387.373559 393.608848 -9999.0 -9999.0
-9999.0 -175.481821 -32.115945 154.062825 303.653427 368.467542 484.284657 573.510258 608.318229 587.443295 702.672308 926.831576 1019.520065 1035.453837 1102.866272 1184.538516 1215.243164 1245.480490 1265.095321 1267.965033 1270.896467 1278.296895 1276.933110 1271.408388 1257.832939 1250.282450 1249.092999 1245.426004 1226.269759 1206.152050 1188.061077 1183.912502 1166.580756 1124.808270 1090.552454 1071.689845 1052.911316 1030.202066 996.347245 970.407579 957.357487 975.022470 966.266573 948.977700 945.224301 967.680123 999.954438 994.922613 1000.988250 1023.554345 1065.831244 1109.271131 1133.024394 1161.869631 1199.691173 1243.477985 1261.074552 1281.606825 1286.292464 1264.368071 1220.014425 1167.927679 1132.205286 1064.957885 989.117793 907.539884 840.944354 776.839978 705.604851 655.812618 604.925527 544.364959 485.497253 457.115799 415.930988 394.414055 -9999.0 -9999.0 -9999.0 -9999.0
-9999.0 -246.900811 -56.291604 207.740916 478.149309 606.457108 809.717204 943.324474 1010.707314 1071.204414 1083.168876 1208.310615 1239.043294 1232.991014 1223.980855 1226.438665 1241.200835 1245.003086 1241.139241 1230.440481 1219.942185 1214.561601 1213.385677 1206.867254 1195.165832 1180.258319 1166.891170 1152.140550 1109.521175 1074.205054 1039.633182 1024.218505 987.457349 896.818921 852.254993 817.143272 761.422693 752.173823 741.984313 712.723157 693.269817 675.751305 695.195553 696.970733 698.474373 704.811742 724.414735 746.168314 789.455643 826.397226 872.301736 926.500650 961.761334 1005.811239 1055.150218 1115.455771 1148.606653 1178.624764 1224.799668 1264.772805 1287.112658 1276.487792 1246.147688 1199.531397 1127.123314 1053.215142 998.325611 921.121978 853.772769 801.432475 758.545578 709.495572 642.911008 550.616044 505.163161 -9999.0 -9999.0 -9999.0 -9999.0 -9999.0
-9999.0 -412.293672 -143.763347 150.920966 479.343278 803.610752 923.594203 1068.499465 1142.710726 1095.948484 1089.351226 1115.836010 1156.309266 1164.780934 1145.550990 1137.700840 1128.504301 1128.440216 1140.205002 1111.710465 1078.467514 1063.489024 1062.386157 1050.700875 1028.183357 1010.632597 997.095580 975.623970 925.068787 873.616498 794.406518 766.188229 690.854784 625.259582 575.156398 523.177703 469.726212 466.440425 481.543436 464.892344 442.026488 423.185435 449.137749 465.655356 477.346327 467.552422 477.512290 514.272231 565.846343 612.994661 667.843936 726.829010 775.641712 826.355208 861.990572 916.510905 964.843712 1012.153457 1086.761294 1167.424277 1203.377258 1237.526125 1270.838633 1283.519614 1230.783655 1175.184888 1116.919986 1043.680072 950.867285 904.318147 883.768732 852.942427 801.631513 -9999.0 -9999.0 -9999.0 -9999.0 -9999.0 -9999.0 -9999.0
-9999.0 -543.617573 -316.328434 -74.439731 221.810338 463.504808 652.219305 768.334633 852.170184 863.575080 885.155669 917.992544 950.208048 973.247966 951.305219 913.802017 886.176295 889.508920 886.376611 860.494757 829.181781 813.355996 811.189507 803.750622 778.405624 762.262741 749.901190 725.334718 687.071393 627.465880 541.862476 469.137622 405.263451 368.540434 336.323705 301.820949 263.229654 272.903452 286.280158 281.681328 269.710716 265.670510 295.105061 313.807995 324.021046 311.725028 330.844682 358.460143 401.455758 445.598966 496.641129 554.623402 611.884811 646.109821 665.469084 697.864479 742.356695 800.344234 888.583949 984.723089 1060.638835 1111.660762 1161.692363 1191.496099 1201.499151 1211.747085 1181.543061 1086.812547 947.292504 944.725315 949.078558 -9999.0 -9999.0 -9999.0 -9999.0 -9999.0 -9999.0 -9999.0 -9999.0 -9999.0
-9999.0 -9999.0 -552.904369 -366.521257 -213.632046 -27.894755 125.086103 235.484765 317.640646 415.960289 512.586764 594.078342 639.111236 657.325110 640.420927 600.889793 574.913437 574.066465 563.614416 549.499551 525.458594 515.781353 505.213624 496.716884 483.948376 476.328408 469.810125 457.032776 432.494154 383.202283 329.603688 276.100233 220.811764 194.451965 171.634980 148.719274 145.428263 142.687504 148.967233 150.125678 155.847085 167.794122 188.367503 209.952468 219.542753 227.267662 240.002964 264.012397 297.686497 339.916508 393.967780 451.884910 492.510033 506.767986 499.433880 507.851266 533.015616 582.243986 673.908546 765.310910 860.519351 931.940697 1002.245374 1050.570669 1063.276475 1075.755664 1086.499790 1000.533135 656.045513 864.204530 -9999.0 -9999.0 -9999.0 -9999.0 -9999.0 -9999.0 -9999.0 -9999.0 -9999.0 -9999.0
-9999.0 -9999.0 -9999.0 -9999.0 -510.307998 -352.505605 -256.700897 -172.588181 -48.153428 64.651186 159.913837 239.350036 296.021679 320.995407 311.865122 309.015464 301.286702 296.432919 287.101920 282.493520 277.729233 269.601698 257.059818 249.195201 248.527807 251.938744 249.169802 235.244355 217.929614 191.303488 167.548307 131.883171 94.600141 64.995257 51.576316 44.765782 44.684458 38.665828 47.889205 54.480864 69.411754 84.786186 108.748902 137.279397 150.245497 164.665752 174.514623 195.453605 225.837763 279.080424 342.092067 399.141319 434.131851 438.404991 413.153899 398.125011 396.130527 426.642522 477.471435 552.371966 661.687934 740.472536 803.335571 849.422384 879.934394 920.716446 960.756471 977.669656 -9999.0 -9999.0 -9999.0 -9999.0 -9999.0 -9999.0 -9999.0 -9999.0 -9999.0 -9999.0 -9999.0 -9999.0
-9999.0 -9999.0 -9999.0 -9999.0 -9999.0 -9999.0 -562.583439 -464.867805 -378.464363 -250.829743 -131.903005 -36.830466 39.533053 66.755427 86.810191 110.174639 106.231197 88.783001 71.405270 88.242344 98.721962 93.326956 65.034309 63.655267 67.298089 76.058879 74.312153 67.808973 42.613169 51.218115 49.945695 26.485766 0.120934 -14.373593 -26.180468 -16.440565 -15.860834 -28.713931 -26.817254 -0.570334 19.287814 32.680806 55.031323 88.192574 120.261304 134.814439 135.958346 142.279072 183.538068 253.911187 324.655918 378.791835 410.180779 417.741298 389.525257 348.829724 327.905160 335.469781 371.712045 427.710753 508.421433 562.547363 596.075809 617.853804 643.988609 735.723593 -9999.0 -9999.0 -9999.0 -9999.0 -9999.0 -9999.0 -9999.0 -9999.0 -9999.0 -9999.0 -9999.0 -9999.0 -9999.0 -9999.0
-9999.0 -9999.0 -9999.0 -9999.0 -9999.0 -9999.0 -9999.0 -9999.0 -9999.0 -9999.0 -9999.0 -9999.0 -9999.0 -9999.0 -9999.0 -9999.0 -9999.0 -9999.0 -9999.0 -9999.0 -9999.0 -9999.0 -9999.0 -9999.0 -9999.0 -9999.0 -9999.0 -9999.0 -9999.0 -9999.0 -9999.0 -9999.0 -9999.0 -9999.0 -9999.0 -9999.0 -9999.0 -9999.0 -9999.0 -9999.0 -9999.0 -9999.0 -9999.0 -9999.0 -9999.0 -9999.0 -9999.0 -9999.0 -9999.0 -9999.0 -9999.0 -9999.0 -9999.0 -9999.0 -9999.0 -9999.0 -9999.0 -9999.0 -9999.0 -9999.0 -9999.0 -9999.0 -9999.0 -9999.0 -9999.0 -9999.0 -9999.0 -9999.0 -9999.0 -9999.0 -9999.0 -9999.0 -9999.0 -9999.0 -9999.0 -9999.0 -9999.0 -9999.0 -9999.0 -9999.0
-9999.0 -9999.0 -9999.0 -9999.0 -9999.0 -9999.0 -9999.0 -9999.0 -9999.0 -9999.0 -9999.0 -9999.0 -9999.0 -9999.0 -9999.0 -9999.0 -9999.0 -9999.0 -9999.0 -9999.0 -9999.0 -9999.0 -9999.0 -9999.0 -9999.0 -9999.0 -9999.0 -9999.0 -9999.0 -9999.0 -9999.0 -9999.0 -9999.0 -9999.0 -9999.0 -9999.0 -9999.0 -9999.0 -9999.0 -9999.0 -9999.0 -9999.0 -9999.0 -9999.0 -9999.0 -9999.0 -9999.0 -9999.0 -9999.0 -9999.0 -9999.0 -9999.0 -9999.0 -9999.0 -9999.0 -9999.0 -9999.0 -9999.0 -9999.0 -9999.0 -9999.0 -9999.0 -9999.0 -9999.0 -9999.0 -9999.0 -9999.0 -9999.0 -9999.0 -9999.0 -9999.0 -9999.0 -9999.0 -9999.0 -9999.0 -9999.0 -9999.0 -9999.0 -9999.0 -9999.0