Borden_/Borden1m_014/output_maps/psiliqL0015N0025.asc
ncols         80
nrows         18
xllcorner     620200.000000
yllcorner     5168000.000000
cellsize      1.000000
NODATA_value  -9999.0
-9999.0 -9999.0 -9999.0 -9999.0 -9999.0 -9999.0 -9999.0 -9999.0 -9999.0 -9999.0 -9999.0 -9999.0 -9999.0 -9999.0 -9999.0 -9999.0 -9999.0 -9999.0 -9999.0 -9999.0 -9999.0 -9999.0 -9999.0 -9999.0 -9999.0 -9999.0 -9999.0 -9999.0 -9999.0 -9999.0 -9999.0 -9999.0 -9999.0 -9999.0 -9999.0 -9999.0 -9999.0 -9999.0 -9999.0 -9999.0 -9999.0 -9999.0 -9999.0 -9999.0 -9999.0 -9999.0 -9999.0 -9999.0 -9999.0 -9999.0 -9999.0 -9999.0 -9999.0 -9999.0 -9999.0 -9999.0 -9999.0 -9999.0 -9999.0 -9999.0 -9999.0 -9999.0 -9999.0 -9999.0 -9999.0 -9999.0 -9999.0 -9999.0 -9999.0 -9999.0 -9999.0 -9999.0 -9999.0 -9999.0 -9999.0 -9999.0 -9999.0 -9999.0 -9999.0 -9999.0
-9999.0 -9999.0 -9999.0 -9999.0 -9999.0 -9999.0 -9999.0 -9999.0 -9999.0 -9999.0 -9999.0 -9999.0 -9999.0 -9999.0 -9999.0 -9999.0 -9999.0 -9999.0 -9999.0 -9999.0 -9999.0 -9999.0 -9999.0 -9999.0 -9999.0 -9999.0 -9999.0 -9999.0 -9999.0 -9999.0 -9999.0 -9999.0 -9999.0 -9999.0 -9999.0 -9999.0 -9999.0 -9999.0 -9999.0 -9999.0 -9999.0 -9999.0 -9999.0 -9999.0 -9999.0 -9999.0 -9999.0 -9999.0 -9999.0 -9999.0 -9999.0 -9999.0 -9999.0 -9999.0 -9999.0 -9999.0 -9999.0 -9999.0 -9999.0 -9999.0 -9999.0 -9999.0 -9999.0 -9999.0 -9999.0 -9999.0 -9999.0 -9999.0 -9999.0 -9999.0 -9999.0 -9999.0 -9999.0 -9999.0 -9999.0 -9999.0 -9999.0 -9999.0 -9999.0 -9999.0
-9999.0 -9999.0 -9999.0 -9999.0 -9999.0 -9999.0 -9999.0 -9999.0 -9999.0 -9999.0 -9999.0 -9999.0 -9999.0 -9999.0 -9999.0 -9999.0 -9999.0 -9999.0 -9999.0 -9999.0 1147.839687 1150.718718 1129.503505 1096.859839 1070.102711 1073.609457 1109.466170 1152.188600 1192.358609 1203.730873 1187.309199 1191.324698 1187.972204 1187.399492 1190.402497 1197.925795 1202.877272 1214.399444 1223.278685 1223.498690 1218.209176 1213.950252 1215.064217 1218.194354 1223.378852 1211.445274 1224.469005 1238.515889 1242.367317 1235.923757 1207.597231 1190.692384 1179.958370 1162.530520 1185.326378 1195.374658 1216.514875 1219.164540 1216.090554 1188.026882 1157.274761 -9999.0 -9999.0 -9999.0 -9999.0 -9999.0 -9999.0 -9999.0 -9999.0 -9999.0 -9999.0 -9999.0 -9999.0 -9999.0 -9999.0 -9999.0 -9999.0 -9999.0 -9999.0 -9999.0
-9999.0 -9999.0 -9999.0 -9999.0 -9999.0 -9999.0 -9999.0 -9999.0 -9999.0 -9999.0 -9999.0 -9999.0 -9999.0 -9999.0 1054.355436 1045.606385 1043.935454 1053.448123 1088.068367 1119.160062 1131.557085 1125.045601 1126.333056 1104.059729 1084.740531 1100.146033 1131.519644 1164.863405 1201.303482 1223.225179 1213.750533 1213.132850 1223.929133 1249.654037 1262.785889 1260.663512 1241.635947 1265.553721 1281.719620 1290.818283 1291.325946 1283.904832 1297.237738 1313.047560 1305.867592 1287.997837 1292.403537 1303.276032 1313.965814 1299.111499 1234.408518 1213.915471 1207.489620 1198.726721 1182.651933 1174.649524 1198.515567 1196.863393 1187.101206 1167.809261 1134.006847 1089.131097 1069.615620 1107.272634 1149.892281 1206.097922 -9999.0 -9999.0 -9999.0 -9999.0 -9999.0 -9999.0 -9999.0 -9999.0 -9999.0 -9999.0 -9999.0 -9999.0 -9999.0 -9999.0
-9999.0 -9999.0 -9999.0 -9999.0 -9999.0 -9999.0 -9999.0 -9999.0 -9999.0 993.680835 999.008451 1007.285449 1010.787161 1027.551853 1026.039182 1034.352457 1042.537679 1070.983082 1103.327815 1139.557171 1169.310156 1161.762186 1163.853886 1175.320772 1179.893793 1193.348657 1216.858842 1259.345662 1301.135512 1344.186264 1317.645806 1317.229419 1337.792813 1385.205385 1417.964437 1425.170544 1407.030527 1416.482988 1442.118766 1465.054694 1466.187066 1465.141668 1491.151330 1505.618623 1505.816389 1484.348662 1470.735233 1469.847800 1493.738967 1440.886116 1373.565267 1322.632340 1325.019277 1293.129518 1253.842839 1232.375635 1227.846500 1246.249239 1229.404268 1190.497186 1152.790200 1140.261123 1121.404498 1137.250626 1157.997524 1202.826352 1240.393501 1267.604521 1265.902247 1247.551688 -9999.0 -9999.0 -9999.0 -9999.0 -9999.0 -9999.0 -9999.0 -9999.0 -9999.0 -9999.0
-9999.0 -9999.0 -9999.0 -9999.0 -9999.0 -9999.0 913.467040 923.758691 944.989318 950.411503 976.942584 985.412977 1007.296484 1027.943092 1051.110824 1069.020876 1100.496931 1135.095569 1177.566573 1222.170881 1255.844730 1252.442431 1265.041644 1297.398458 1337.754316 1367.893695 1394.789420 1437.231072 1516.417750 1561.448926 1570.513431 1577.230467 1588.255875 1637.332321 1701.460909 1716.885260 1696.019090 1681.239636 1701.740541 1738.932454 1746.513501 1749.314391 1760.740630 1770.606571 1795.892375 1785.008660 1743.492670 1727.898395 1724.751401 1707.111227 1645.439680 1581.682595 1545.945038 1493.542558 1408.333631 1352.567563 1358.131672 1374.346568 1342.685803 1286.144629 1243.179337 1230.547806 1213.503230 1198.422418 1202.940128 1220.303773 1240.761991 1250.240888 1235.612836 1213.069898 1189.112774 1159.243713 1160.159747 1184.661146 -9999.0 -9999.0 -9999.0 -9999.0 -9999.0 -9999.0
-9999.0 -9999.0 -9999.0 -9999.0 862.503933 876.069236 864.554165 890.701939 924.479710 959.876150 992.922318 1031.057527 1059.921303 1092.034207 1134.224642 1170.241485 1214.074063 1252.112004 1309.177984 1379.486835 1432.681052 1458.849977 1477.217841 1538.169547 1601.192846 1654.453213 1676.526075 1705.574589 1751.517676 1814.025349 1842.904283 1850.877016 1869.072655 1904.720821 1952.462524 1985.825871 1968.885905 1960.711812 1966.661669 1978.794274 2003.512984 2005.917905 2008.399096 2011.027559 2015.265771 2013.371328 1987.760808 1953.370353 1938.448675 1928.481452 1898.517168 1829.045517 1787.293880 1755.057338 1719.614621 1667.027955 1603.053803 1585.999539 1526.286570 1465.907010 1401.231297 1377.429491 1344.509329 1316.419817 1284.974516 1284.223847 1285.079427 1262.305429 1227.932076 1193.826171 1177.210574 1157.082458 1144.926268 1174.013160 1190.771435 1220.490875 -9999.0 -9999.0 -9999.0 -9999.0
-9999.0 -9999.0 802.064306 851.097869 908.848867 918.541496 919.900014 927.010918 956.908946 1010.603309 1087.229735 1138.810096 1182.799117 1219.242988 1281.580660 1362.787416 1437.410964 1489.359485 1552.281150 1624.101424 1687.505127 1722.801944 1742.696771 1783.403672 1838.039922 1900.126043 1927.450340 1954.450932 1986.618363 2021.695314 2033.695521 2048.338295 2057.228029 2060.655761 2066.891698 2068.769635 2063.623090 2057.170955 2037.906269 2033.702271 2040.915690 2046.702757 2048.429742 2035.254901 2031.311918 2044.569871 2047.991586 2046.626352 2045.795561 2052.887848 2056.171127 2016.728566 1978.910195 1962.350085 1951.151391 1906.319670 1841.432730 1798.528296 1773.784938 1729.470004 1651.113664 1598.762173 1546.362299 1495.327267 1440.545292 1407.148336 1357.857376 1312.815923 1263.835399 1215.470117 1190.026683 1170.409200 1166.526432 1165.112495 1180.205434 1194.656234 1209.315268 1216.737724 -9999.0 -9999.0
-9999.0 698.399041 771.035135 897.661421 978.528866 1024.039680 1056.505248 1080.467877 1110.744583 1138.905985 1245.016304 1334.638534 1427.485458 1467.738191 1521.399995 1620.585629 1716.574515 1764.320369 1804.349604 1861.687217 1922.423777 1970.533225 2000.322359 2011.752629 2046.267378 2060.123800 2063.531355 2067.201502 2064.013188 2056.865598 2048.616202 2054.988127 2051.302323 2032.321118 2016.245373 2012.712963 2006.039100 1979.897015 1949.617501 1933.463827 1935.321090 1957.968645 1946.086362 1925.672959 1922.125661 1943.494506 1963.253451 1955.351236 1944.628758 1963.676387 1999.147220 2021.860522 2032.179774 2048.863669 2069.481102 2043.820986 2015.284039 1972.927740 1952.421692 1922.449313 1863.383612 1801.445935 1745.755675 1684.160488 1616.708462 1547.450185 1481.990383 1418.169521 1349.499864 1305.919249 1272.571346 1220.589876 1197.928110 1197.986239 1187.779981 1183.727216 1188.783169 1194.641428 -9999.0 -9999.0
-9999.0 617.413456 759.935302 944.670908 1093.765363 1153.415641 1255.621061 1335.313120 1364.821247 1338.080733 1448.115194 1667.868734 1771.443554 1790.824988 1864.055930 1952.867081 1972.695975 2006.124872 2029.487931 2040.866318 2050.145932 2060.855506 2060.125752 2055.137805 2040.994015 2033.194167 2031.507864 2027.902484 2009.416962 1989.346716 1970.863638 1965.577717 1946.155026 1901.408673 1867.965043 1849.979126 1832.316606 1810.037568 1775.032348 1746.504892 1730.637482 1745.634733 1738.860137 1722.482815 1719.052283 1741.548874 1774.769295 1772.349234 1782.192221 1805.712525 1846.566622 1887.248916 1910.952929 1942.227287 1979.947573 2024.950829 2040.868149 2062.690672 2066.975196 2048.019500 2003.440759 1950.519574 1914.890944 1851.161469 1777.870938 1699.049591 1633.568130 1570.215789 1498.910298 1449.760585 1400.217719 1340.451385 1284.107726 1258.990467 1217.947663 1197.185722 -9999.0 -9999.0 -9999.0 -9999.0
-9999.0 537.691952 725.587461 983.507849 1260.568377 1372.151637 1577.362950 1705.958101 1764.144381 1832.149076 1809.095285 1957.812818 1998.116466 1995.241625 1995.836644 2001.371913 2018.225784 2022.928048 2020.626689 2011.756613 2003.520289 2000.038639 1998.719926 1990.781001 1977.959019 1962.100077 1947.565745 1933.026089 1893.574782 1859.133288 1822.065075 1805.609870 1764.973084 1673.050971 1629.939100 1593.392300 1535.541872 1527.528550 1519.688358 1489.634214 1468.777477 1447.592764 1469.450226 1474.035435 1476.873567 1481.100923 1499.356908 1524.901690 1571.230665 1609.299295 1654.676773 1708.066353 1744.103289 1788.982084 1836.356613 1893.335355 1927.347472 1959.639410 2008.048741 2047.725897 2071.130134 2059.667452 2031.682878 1984.473239 1912.887600 1845.662467 1795.785458 1722.678815 1657.049843 1602.396035 1554.306873 1500.140471 1431.899101 1348.467034 1304.929114 -9999.0 -9999.0 -9999.0 -9999.0 -9999.0
-9999.0 356.769726 624.262648 911.609904 1224.977246 1554.109512 1689.304967 1817.988192 1890.277262 1856.821831 1863.351742 1884.521757 1927.084854 1936.657935 1918.781140 1911.585036 1901.483363 1902.545467 1916.291992 1890.828029 1861.634347 1848.301036 1847.428962 1834.832112 1810.515977 1792.240820 1778.430376 1756.366686 1707.144169 1655.316892 1573.266407 1541.540963 1463.905163 1406.527478 1361.663524 1311.792106 1260.481737 1258.196331 1274.212376 1258.389761 1235.373562 1216.597945 1243.132215 1261.004451 1273.557734 1262.855199 1272.902848 1309.898191 1360.519428 1405.731222 1456.950936 1513.367013 1561.777169 1611.383136 1644.897903 1696.514664 1745.650936 1794.122319 1869.205523 1949.087413 1987.137924 2022.460400 2055.092731 2069.901557 2017.556387 1967.265335 1915.067835 1853.250309 1770.315622 1722.701176 1695.234184 1650.078993 1592.396021 -9999.0 -9999.0 -9999.0 -9999.0 -9999.0 -9999.0 -9999.0
-9999.0 230.753374 448.926978 677.638706 961.691707 1200.017367 1396.629354 1506.254957 1585.709792 1620.401745 1654.641241 1689.082779 1720.460701 1744.109435 1723.961528 1686.303324 1659.059554 1664.017311 1660.478458 1637.274741 1608.120459 1593.223084 1590.345393 1582.447877 1556.728776 1540.718576 1528.252493 1503.723520 1468.184888 1411.369214 1331.398492 1258.443826 1196.589546 1163.968169 1133.943345 1101.018529 1064.971162 1074.560518 1086.639521 1082.554288 1071.593831 1068.412276 1097.522837 1116.605707 1126.946948 1115.693307 1135.356820 1162.651662 1204.911674 1248.624384 1298.526601 1354.782180 1409.828077 1440.691099 1456.287906 1484.064315 1526.247138 1582.864019 1670.616608 1766.401631 1845.074608 1895.138496 1946.836005 1981.157572 1994.957604 2006.671893 1982.037904 1900.984390 1784.991949 1780.292395 1777.422157 -9999.0 -9999.0 -9999.0 -9999.0 -9999.0 -9999.0 -9999.0 -9999.0 -9999.0
-9999.0 -9999.0 215.627290 393.080508 531.413997 711.642614 862.654564 973.411474 1061.843081 1173.614238 1277.198822 1360.096675 1404.365092 1422.299679 1408.336594 1375.260550 1354.230988 1354.645165 1344.900355 1334.127878 1313.854992 1305.636319 1294.325650 1285.448038 1274.224816 1267.463552 1260.900590 1248.197268 1224.862515 1177.276005 1127.913834 1076.118007 1022.322345 996.385146 974.138874 952.242893 950.366104 946.380413 951.845508 953.060610 959.567144 971.944100 992.082767 1014.044424 1023.898960 1032.737134 1045.542184 1069.625932 1103.148675 1145.758518 1200.061331 1258.180234 1298.629180 1312.323549 1303.996717 1310.757264 1333.371604 1378.423620 1462.130893 1549.183417 1645.934675 1718.587049 1791.331849 1844.686223 1862.438094 1879.494026 1895.732443 1833.509631 1576.082967 1716.922533 -9999.0 -9999.0 -9999.0 -9999.0 -9999.0 -9999.0 -9999.0 -9999.0 -9999.0 -9999.0
-9999.0 -9999.0 -9999.0 -9999.0 251.662380 406.904025 503.892577 587.652848 715.671075 834.220437 932.876603 1014.644907 1075.004754 1101.033315 1095.922162 1099.836189 1095.014772 1089.530343 1080.188503 1078.534447 1076.638967 1068.957225 1054.906381 1047.031022 1047.040982 1050.996894 1047.755072 1033.397062 1015.195841 991.417528 970.102777 935.269572 898.839131 869.353469 855.943954 849.832100 849.476797 842.636200 851.326952 858.357034 873.402475 888.600332 912.378232 941.267913 954.890129 969.672315 979.585718 1000.378955 1030.978134 1084.545912 1148.091817 1205.992064 1241.971471 1246.823907 1222.663333 1208.064845 1205.719145 1235.192303 1282.417749 1352.497747 1456.543566 1532.651239 1593.816203 1641.334197 1675.681579 1723.715652 1777.875586 1810.923433 -9999.0 -9999.0 -9999.0 -9999.0 -9999.0 -9999.0 -9999.0 -9999.0 -9999.0 -9999.0 -9999.0 -9999.0
-9999.0 -9999.0 -9999.0 -9999.0 -9999.0 -9999.0 208.302930 308.926724 390.722763 526.097317 653.056251 752.177841 831.062492 861.504878 886.224436 912.213385 910.084398 892.235346 873.840673 892.122294 905.012202 899.176139 869.493600 868.558736 872.714375 880.709258 878.230742 871.396128 845.939502 856.342181 856.248072 832.719074 806.406834 792.210692 780.239544 789.762101 789.980638 776.497607 777.350841 803.899566 823.977751 837.146013 859.082978 892.281450 924.582218 939.679134 941.092215 947.389903 987.871460 1058.280603 1129.857515 1185.135849 1217.588234 1225.908476 1198.938745 1159.344964 1139.519721 1147.537372 1183.558854 1238.019973 1315.946330 1367.723655 1397.321983 1414.734231 1437.012464 1529.834791 -9999.0 -9999.0 -9999.0 -9999.0 -9999.0 -9999.0 -9999.0 -9999.0 -9999.0 -9999.0 -9999.0 -9999.0 -9999.0 -9999.0
-9999.0 -9999.0 -9999.0 -9999.0 -9999.0 -9999.0 -9999.0 -9999.0 -9999.0 -9999.0 -9999.0 -9999.0 -9999.0 -9999.0 -9999.0 -9999.0 -9999.0 -9999.0 -9999.0 -9999.0 -9999.0 -9999.0 -9999.0 -9999.0 -9999.0 -9999.0 -9999.0 -9999.0 -9999.0 -9999.0 -9999.0 -9999.0 -9999.0 -9999.0 -9999.0 -9999.0 -9999.0 -9999.0 -9999.0 -9999.0 -9999.0 -9999.0 -9999.0 -9999.0 -9999.0 -9999.0 -9999.0 -9999.0 -9999.0 -9999.0 -9999.0 -9999.0 -9999.0 -9999.0 -9999.0 -9999.0 -9999.0 -9999.0 -9999.0 -9999.0 -9999.0 -9999.0 -9999.0 -9999.0 -9999.0 -9999.0 -9999.0 -9999.0 -9999.0 -9999.0 -9999.0 -9999.0 -9999.0 -9999.0 -9999.0 -9999.0 -9999.0 -9999.0 -9999.0 -9999.0
-9999.0 -9999.0 -9999.0 -9999.0 -9999.0 -9999.0 -9999.0 -9999.0 -9999.0 -9999.0 -9999.0 -9999.0 -9999.0 -9999.0 -9999.0 -9999.0 -9999.0 -9999.0 -9999.0 -9999.0 -9999.0 -9999.0 -9999.0 -9999.0 -9999.0 -9999.0 -9999.0 -9999.0 -9999.0 -9999.0 -9999.0 -9999.0 -9999.0 -9999.0 -9999.0 -9999.0 -9999.0 -9999.0 -9999.0 -9999.0 -9999.0 -9999.0 -9999.0 -9999.0 -9999.0 -9999.0 -9999.0 -9999.0 -9999.0 -9999.0 -9999.0 -9999.0 -9999.0 -9999.0 -9999.0 -9999.0 -9999.0 -9999.0 -9999.0 -9999.0 -9999.0 -9999.0 -9999.0 -9999.0 -9999.0 -9999.0 -9999.0 -9999.0 -9999.0 -9999.0 -9999.0 -9999.0 -9999.0 -9999.0 -9999.0 -9999.0 -9999.0 -9999.0 -9999.0 -9999.0