Borden_/Borden1m_014/output_maps/psiliqL0026N0032.asc
ncols         80
nrows         18
xllcorner     620200.000000
yllcorner     5168000.000000
cellsize      1.000000
NODATA_value  -9999.0
-9999.0 -9999.0 -9999.0 -9999.0 -9999.0 -9999.0 -9999.0 -9999.0 -9999.0 -9999.0 -9999.0 -9999.0 -9999.0 -9999.0 -9999.0 -9999.0 -9999.0 -9999.0 -9999.0 -9999.0 -9999.0 -9999.0 -9999.0 -9999.0 -9999.0 -9999.0 -9999.0 -9999.0 -9999.0 -9999.0 -9999.0 -9999.0 -9999.0 -9999.0 -9999.0 -9999.0 -9999.0 -9999.0 -9999.0 -9999.0 -9999.0 -9999.0 -9999.0 -9999.0 -9999.0 -9999.0 -9999.0 -9999.0 -9999.0 -9999.0 -9999.0 -9999.0 -9999.0 -9999.0 -9999.0 -9999.0 -9999.0 -9999.0 -9999.0 -9999.0 -9999.0 -9999.0 -9999.0 -9999.0 -9999.0 -9999.0 -9999.0 -9999.0 -9999.0 -9999.0 -9999.0 -9999.0 -9999.0 -9999.0 -9999.0 -9999.0 -9999.0 -9999.0 -9999.0 -9999.0
-9999.0 -9999.0 -9999.0 -9999.0 -9999.0 -9999.0 -9999.0 -9999.0 -9999.0 -9999.0 -9999.0 -9999.0 -9999.0 -9999.0 -9999.0 -9999.0 -9999.0 -9999.0 -9999.0 -9999.0 -9999.0 -9999.0 -9999.0 -9999.0 -9999.0 -9999.0 -9999.0 -9999.0 -9999.0 -9999.0 -9999.0 -9999.0 -9999.0 -9999.0 -9999.0 -9999.0 -9999.0 -9999.0 -9999.0 -9999.0 -9999.0 -9999.0 -9999.0 -9999.0 -9999.0 -9999.0 -9999.0 -9999.0 -9999.0 -9999.0 -9999.0 -9999.0 -9999.0 -9999.0 -9999.0 -9999.0 -9999.0 -9999.0 -9999.0 -9999.0 -9999.0 -9999.0 -9999.0 -9999.0 -9999.0 -9999.0 -9999.0 -9999.0 -9999.0 -9999.0 -9999.0 -9999.0 -9999.0 -9999.0 -9999.0 -9999.0 -9999.0 -9999.0 -9999.0 -9999.0
-9999.0 -9999.0 -9999.0 -9999.0 -9999.0 -9999.0 -9999.0 -9999.0 -9999.0 -9999.0 -9999.0 -9999.0 -9999.0 -9999.0 -9999.0 -9999.0 -9999.0 -9999.0 -9999.0 -9999.0 3325.304092 3326.190601 3304.397190 3270.118761 3241.659591 3243.220359 3275.818433 3316.088608 3354.527252 3361.561290 3342.172038 3345.692387 3340.980475 3336.183928 3336.118580 3343.639089 3350.101068 3359.612652 3366.376074 3363.900339 3356.414393 3351.306301 3353.819150 3355.359859 3361.627847 3347.185938 3363.242649 3379.341178 3384.170633 3381.650677 3358.423817 3346.791376 3339.125193 3323.873829 3350.751233 3362.705191 3386.316218 3391.233325 3389.545653 3363.227095 3333.372737 -9999.0 -9999.0 -9999.0 -9999.0 -9999.0 -9999.0 -9999.0 -9999.0 -9999.0 -9999.0 -9999.0 -9999.0 -9999.0 -9999.0 -9999.0 -9999.0 -9999.0 -9999.0 -9999.0
-9999.0 -9999.0 -9999.0 -9999.0 -9999.0 -9999.0 -9999.0 -9999.0 -9999.0 -9999.0 -9999.0 -9999.0 -9999.0 -9999.0 3235.535615 3226.627345 3223.486612 3230.442700 3262.556476 3292.508049 3304.032709 3296.321319 3295.836091 3270.754799 3247.496479 3259.635733 3288.514616 3318.405888 3351.204528 3367.996850 3356.588681 3353.607886 3360.117783 3378.902570 3386.469489 3382.595032 3365.120407 3388.931553 3401.858983 3405.955663 3403.753246 3393.752626 3402.275960 3416.136560 3409.055116 3393.938169 3405.124709 3420.318788 3431.235851 3423.489301 3366.248158 3354.801671 3352.164847 3348.719044 3336.238174 3332.932481 3361.808415 3361.902696 3355.204025 3338.501714 3305.631735 3260.716964 3242.282259 3283.418617 3327.542460 3384.158222 -9999.0 -9999.0 -9999.0 -9999.0 -9999.0 -9999.0 -9999.0 -9999.0 -9999.0 -9999.0 -9999.0 -9999.0 -9999.0 -9999.0
-9999.0 -9999.0 -9999.0 -9999.0 -9999.0 -9999.0 -9999.0 -9999.0 -9999.0 3179.128804 3184.272068 3190.911555 3193.018374 3207.774069 3204.225892 3210.731686 3214.218020 3240.919282 3269.804200 3302.700133 3329.097466 3319.355811 3317.503490 3320.718186 3314.373174 3321.484376 3341.205051 3376.980696 3407.436081 3442.022973 3408.008050 3402.685699 3419.776178 3460.503758 3482.905230 3484.416221 3465.617199 3482.414653 3505.653756 3520.913102 3517.154687 3510.923060 3536.803323 3552.010874 3545.620680 3524.083092 3523.293109 3531.184992 3560.704507 3510.371038 3444.926776 3407.493993 3424.191671 3403.852251 3378.837480 3368.862432 3370.241072 3391.142361 3380.101405 3347.061290 3314.484407 3303.364164 3287.213299 3308.970763 3332.889220 3379.782688 3420.131498 3450.352466 3450.165866 3433.185490 -9999.0 -9999.0 -9999.0 -9999.0 -9999.0 -9999.0 -9999.0 -9999.0 -9999.0 -9999.0
-9999.0 -9999.0 -9999.0 -9999.0 -9999.0 -9999.0 3100.745944 3111.076425 3131.552380 3133.853854 3159.966487 3164.740655 3182.114212 3198.653034 3219.781423 3231.816625 3255.927865 3284.969870 3320.032887 3356.686991 3383.152827 3370.947592 3375.422995 3393.850573 3419.528362 3437.518137 3459.514214 3496.692801 3568.363498 3604.228938 3596.100312 3596.586798 3604.640317 3654.870108 3718.681255 3729.362673 3708.697289 3695.697659 3719.416723 3756.889854 3754.737589 3753.502842 3766.741383 3777.621275 3804.441958 3793.453015 3757.624137 3752.593319 3759.651016 3736.734539 3667.676674 3610.962497 3592.977171 3546.630929 3463.768724 3421.851941 3446.622804 3475.291187 3454.427084 3405.731800 3374.443015 3369.850084 3359.628464 3353.644774 3366.971280 3390.559573 3415.133413 3429.567031 3418.190349 3397.771640 3376.502214 3348.651072 3351.551357 3376.677505 -9999.0 -9999.0 -9999.0 -9999.0 -9999.0 -9999.0
-9999.0 -9999.0 -9999.0 -9999.0 3051.565422 3064.129272 3048.880758 3074.596397 3105.977833 3138.928464 3165.640594 3195.394471 3217.566206 3243.297016 3275.321360 3296.074813 3326.942491 3355.515105 3401.465283 3461.655144 3505.063513 3517.626708 3525.530874 3575.958970 3631.797485 3678.432808 3696.945200 3722.726691 3768.640970 3825.055409 3847.161135 3849.804028 3866.712619 3910.261989 3966.855577 4002.058034 3984.354593 3975.268698 3985.517700 3999.955404 4022.100471 4022.161964 4023.285286 4027.504138 4035.270913 4033.434300 4006.686527 3973.194605 3960.222993 3950.048282 3911.648343 3839.413705 3809.493454 3780.492488 3737.509551 3683.301065 3636.785958 3638.682825 3584.293296 3529.600754 3480.488479 3473.422607 3453.958802 3438.804388 3422.263127 3435.275191 3447.866479 3433.372023 3403.901874 3375.092033 3362.505592 3345.294435 3334.270665 3365.689781 3383.743911 3413.341493 -9999.0 -9999.0 -9999.0 -9999.0
-9999.0 -9999.0 2993.195394 3038.027663 3094.494048 3099.864731 3092.253941 3094.194296 3119.592155 3167.766564 3227.620008 3263.173934 3290.622751 3319.863082 3369.125112 3429.761523 3488.629075 3530.509587 3588.075937 3657.100263 3715.912002 3742.435041 3751.051136 3786.579487 3841.340265 3910.755168 3938.896013 3965.457305 3997.414347 4034.101421 4025.367653 4035.951848 4048.506146 4061.595895 4076.866289 4084.158549 4079.225280 4074.608009 4056.006781 4050.773397 4057.246827 4065.379836 4064.297789 4049.576446 4045.601387 4060.647265 4066.958316 4064.823679 4061.896122 4066.721313 4061.930458 4013.195179 3996.258593 3980.931513 3969.051531 3922.734313 3855.842326 3823.703173 3802.094883 3760.964775 3687.625969 3650.695640 3611.775285 3577.609848 3540.749847 3528.270834 3496.513405 3464.912271 3426.690925 3386.377517 3367.758106 3353.858482 3353.801652 3354.714138 3372.699490 3388.533120 3404.585779 3412.702922 -9999.0 -9999.0
-9999.0 2885.094483 2955.816169 3074.611731 3151.267699 3186.098401 3192.912474 3194.408889 3218.372549 3249.662261 3334.675962 3382.414162 3464.537742 3501.516171 3541.442232 3630.969534 3725.189772 3768.511473 3807.490671 3871.396873 3937.334932 3984.521089 4010.898466 3988.951856 4028.681423 4058.853733 4067.122839 4074.250283 4074.391886 4065.865977 4059.430575 4066.075955 4063.071979 4043.801456 4027.641227 4025.855893 4022.432608 3999.037083 3971.448664 3955.889391 3957.193883 3982.255994 3969.057643 3947.643938 3943.212401 3964.933844 3986.447878 3975.705702 3962.533191 3979.137657 4013.847030 4038.944438 4039.844065 4058.447517 4079.579516 4050.421456 4029.264477 3985.224881 3968.248994 3942.781985 3885.759368 3830.967494 3782.880145 3734.571455 3682.495847 3633.999351 3586.708604 3539.824791 3487.013355 3454.581213 3430.656948 3388.388205 3376.178590 3383.009842 3378.409108 3377.124087 3383.906999 3390.554610 -9999.0 -9999.0
-9999.0 2788.152319 2926.451446 3100.657363 3241.219616 3279.921364 3339.191961 3392.890623 3405.479846 3349.412777 3449.453036 3665.831945 3788.010639 3805.513646 3881.105187 3976.379390 3958.300239 3989.720342 4013.005833 4039.186214 4060.225213 4074.662262 4072.971859 4067.841413 4051.308541 4043.293369 4042.401547 4040.277452 4022.823769 4003.818422 3986.978074 3983.775567 3965.744146 3916.064102 3882.775375 3865.219710 3846.065105 3832.712597 3805.561836 3779.551010 3762.973276 3773.209767 3771.575902 3758.195559 3753.780650 3771.828023 3802.702779 3800.856403 3812.787389 3832.417575 3867.856149 3906.090048 3925.363092 3954.501838 3990.151256 4038.268614 4046.923228 4069.385012 4072.281157 4061.987027 4015.325122 3963.717799 3934.306598 3878.928620 3819.416658 3757.774353 3708.965696 3664.398838 3609.351270 3575.581874 3536.700486 3483.446722 3441.076565 3434.004261 3400.982060 3388.246983 -9999.0 -9999.0 -9999.0 -9999.0
-9999.0 2691.540238 2863.390494 3097.697542 3389.587566 3459.014244 3659.580868 3773.060506 3811.337963 3878.534005 3757.623353 3965.134409 4018.343782 4013.450880 4029.571687 4032.827526 4047.152914 4046.488747 4041.409616 4030.379088 4020.770426 4016.182486 4015.130514 4007.213048 3994.578236 3979.948946 3968.029352 3956.568298 3919.869262 3887.891652 3848.544796 3836.031635 3791.281528 3699.531732 3660.963703 3622.390432 3561.541571 3564.241948 3572.045607 3548.343987 3528.795109 3500.506009 3530.268922 3541.177089 3545.412310 3540.707465 3550.157307 3578.806001 3626.631794 3660.863372 3699.571832 3747.374752 3777.750736 3816.807548 3856.473753 3908.713667 3939.875973 3968.745849 4017.699033 4054.717051 4077.454740 4063.360230 4044.868671 4000.102697 3939.886094 3890.586221 3861.634348 3811.192697 3767.753096 3724.370529 3678.081607 3625.513318 3564.263391 3512.171348 3478.594120 -9999.0 -9999.0 -9999.0 -9999.0 -9999.0
-9999.0 2467.318028 2731.058620 2983.957898 3254.306010 3595.344153 3767.168638 3860.792373 3923.946602 3907.034748 3930.534365 3936.807770 3973.902542 3981.188265 3959.794976 3945.917119 3928.254700 3927.165661 3940.232863 3912.878189 3882.609870 3869.257600 3870.164324 3859.475930 3835.625260 3820.767780 3811.515128 3793.051881 3750.099727 3700.047275 3616.206453 3581.780492 3503.352403 3465.472341 3429.616934 3383.194796 3339.539709 3345.588364 3370.400523 3361.945915 3341.528548 3324.789649 3354.260498 3374.915972 3388.129357 3371.793779 3378.293710 3412.420184 3458.497175 3498.506580 3541.894350 3589.394021 3630.947324 3669.800417 3690.424078 3729.479449 3771.407789 3812.841622 3882.826815 3961.158464 3997.074240 4031.690551 4060.556070 4082.462492 4039.588846 4013.325916 3989.617052 3966.178818 3920.020048 3874.673887 3834.133626 3769.577046 3710.059769 -9999.0 -9999.0 -9999.0 -9999.0 -9999.0 -9999.0 -9999.0
-9999.0 2355.505236 2547.884973 2738.109943 2969.349644 3196.032630 3417.357488 3507.409646 3577.427495 3649.346876 3703.529257 3741.302940 3767.060793 3788.609846 3766.033592 3719.993236 3687.787584 3692.784002 3683.809862 3662.979399 3635.511048 3622.792027 3620.226812 3615.644937 3594.700441 3584.730566 3578.222027 3560.555505 3535.667378 3483.456116 3412.927959 3340.723437 3287.973423 3269.551950 3247.876762 3221.898954 3196.162594 3209.976721 3222.911020 3223.363067 3217.326227 3217.881058 3246.922812 3266.813186 3276.232093 3265.380394 3283.394133 3306.156730 3342.577392 3381.148091 3425.236884 3474.715820 3522.547459 3542.103868 3543.668129 3554.560379 3581.586414 3624.359766 3700.237123 3785.958309 3863.515445 3908.925738 3959.641781 3999.611829 4027.757438 4052.595517 4075.017432 4068.098404 4042.138640 4008.788312 3950.071265 -9999.0 -9999.0 -9999.0 -9999.0 -9999.0 -9999.0 -9999.0 -9999.0 -9999.0
-9999.0 -9999.0 2322.460768 2473.875799 2569.201442 2731.243961 2852.415949 2957.698496 3049.380968 3188.652001 3310.749655 3403.822788 3450.061982 3465.599733 3451.850827 3423.780847 3406.856620 3406.479525 3394.811192 3388.874164 3375.065731 3370.167539 3358.811120 3351.808969 3348.457592 3348.537855 3346.956451 3339.578972 3323.830387 3283.562967 3248.110866 3205.051002 3161.523567 3141.019669 3123.987457 3108.103789 3113.209125 3108.860114 3114.854997 3118.257963 3128.379269 3142.870975 3162.254542 3184.061535 3193.657788 3203.807007 3214.382200 3235.592663 3265.003431 3304.577155 3355.316879 3409.366227 3444.632506 3450.863832 3432.251252 3426.559698 3433.920359 3461.953089 3524.225575 3592.593317 3681.995134 3747.286187 3814.025795 3869.905532 3896.549356 3932.931451 4003.162789 4051.190390 4093.657920 4071.255427 -9999.0 -9999.0 -9999.0 -9999.0 -9999.0 -9999.0 -9999.0 -9999.0 -9999.0 -9999.0
-9999.0 -9999.0 -9999.0 -9999.0 2334.514485 2481.188681 2578.774088 2658.881714 2794.310176 2897.864574 2992.891623 3079.055115 3147.958456 3171.858865 3173.157329 3190.697761 3190.100982 3180.829646 3170.041146 3175.565100 3181.208517 3175.548511 3161.046592 3155.651074 3160.714179 3169.983659 3169.632910 3158.441042 3142.205125 3130.408497 3119.820998 3091.291310 3061.149718 3035.723458 3025.589060 3024.234478 3025.628410 3018.673523 3027.768003 3037.366990 3053.745668 3069.072687 3092.610197 3122.342421 3137.066963 3151.580648 3159.817297 3177.808648 3205.148702 3256.148524 3317.329989 3373.335632 3406.684513 3406.599327 3377.547619 3355.291931 3342.187317 3358.896669 3387.227914 3437.165455 3525.789192 3587.498994 3632.298948 3670.649164 3706.879929 3772.026119 3866.676839 3947.990119 -9999.0 -9999.0 -9999.0 -9999.0 -9999.0 -9999.0 -9999.0 -9999.0 -9999.0 -9999.0 -9999.0 -9999.0
-9999.0 -9999.0 -9999.0 -9999.0 -9999.0 -9999.0 2312.664167 2419.164864 2486.096934 2641.870571 2790.272506 2868.004987 2951.310821 2987.708681 3011.081945 3041.740634 3042.611576 3022.327563 3000.445040 3022.875069 3043.018513 3037.002348 3004.875959 3007.353368 3015.739170 3024.966300 3024.091730 3020.206465 2997.976070 3017.602526 3024.858735 3004.871274 2982.192463 2977.688482 2967.727595 2978.852891 2979.895159 2966.118332 2965.362132 2989.792609 3011.274370 3024.283671 3045.258508 3078.440392 3110.835957 3126.351111 3126.870569 3131.004379 3166.897911 3233.742095 3304.224207 3358.827275 3389.316615 3393.621611 3362.474897 3317.228723 3290.582199 3288.799613 3312.287993 3350.689872 3410.994519 3446.516985 3456.587291 3456.541807 3467.898344 3567.502760 -9999.0 -9999.0 -9999.0 -9999.0 -9999.0 -9999.0 -9999.0 -9999.0 -9999.0 -9999.0 -9999.0 -9999.0 -9999.0 -9999.0
-9999.0 -9999.0 -9999.0 -9999.0 -9999.0 -9999.0 -9999.0 -9999.0 -9999.0 -9999.0 -9999.0 -9999.0 -9999.0 -9999.0 -9999.0 -9999.0 -9999.0 -9999.0 -9999.0 -9999.0 -9999.0 -9999.0 -9999.0 -9999.0 -9999.0 -9999.0 -9999.0 -9999.0 -9999.0 -9999.0 -9999.0 -9999.0 -9999.0 -9999.0 -9999.0 -9999.0 -9999.0 -9999.0 -9999.0 -9999.0 -9999.0 -9999.0 -9999.0 -9999.0 -9999.0 -9999.0 -9999.0 -9999.0 -9999.0 -9999.0 -9999.0 -9999.0 -9999.0 -9999.0 -9999.0 -9999.0 -9999.0 -9999.0 -9999.0 -9999.0 -9999.0 -9999.0 -9999.0 -9999.0 -9999.0 -9999.0 -9999.0 -9999.0 -9999.0 -9999.0 -9999.0 -9999.0 -9999.0 -9999.0 -9999.0 -9999.0 -9999.0 -9999.0 -9999.0 -9999.0
-9999.0 -9999.0 -9999.0 -9999.0 -9999.0 -9999.0 -9999.0 -9999.0 -9999.0 -9999.0 -9999.0 -9999.0 -9999.0 -9999.0 -9999.0 -9999.0 -9999.0 -9999.0 -9999.0 -9999.0 -9999.0 -9999.0 -9999.0 -9999.0 -9999.0 -9999.0 -9999.0 -9999.0 -9999.0 -9999.0 -9999.0 -9999.0 -9999.0 -9999.0 -9999.0 -9999.0 -9999.0 -9999.0 -9999.0 -9999.0 -9999.0 -9999.0 -9999.0 -9999.0 -9999.0 -9999.0 -9999.0 -9999.0 -9999.0 -9999.0 -9999.0 -9999.0 -9999.0 -9999.0 -9999.0 -9999.0 -9999.0 -9999.0 -9999.0 -9999.0 -9999.0 -9999.0 -9999.0 -9999.0 -9999.0 -9999.0 -9999.0 -9999.0 -9999.0 -9999.0 -9999.0 -9999.0 -9999.0 -9999.0 -9999.0 -9999.0 -9999.0 -9999.0 -9999.0 -9999.0