Borden_/Borden1m_014/output_maps/psiliqL0007N0033.asc
ncols         80
nrows         18
xllcorner     620200.000000
yllcorner     5168000.000000
cellsize      1.000000
NODATA_value  -9999.0
-9999.0 -9999.0 -9999.0 -9999.0 -9999.0 -9999.0 -9999.0 -9999.0 -9999.0 -9999.0 -9999.0 -9999.0 -9999.0 -9999.0 -9999.0 -9999.0 -9999.0 -9999.0 -9999.0 -9999.0 -9999.0 -9999.0 -9999.0 -9999.0 -9999.0 -9999.0 -9999.0 -9999.0 -9999.0 -9999.0 -9999.0 -9999.0 -9999.0 -9999.0 -9999.0 -9999.0 -9999.0 -9999.0 -9999.0 -9999.0 -9999.0 -9999.0 -9999.0 -9999.0 -9999.0 -9999.0 -9999.0 -9999.0 -9999.0 -9999.0 -9999.0 -9999.0 -9999.0 -9999.0 -9999.0 -9999.0 -9999.0 -9999.0 -9999.0 -9999.0 -9999.0 -9999.0 -9999.0 -9999.0 -9999.0 -9999.0 -9999.0 -9999.0 -9999.0 -9999.0 -9999.0 -9999.0 -9999.0 -9999.0 -9999.0 -9999.0 -9999.0 -9999.0 -9999.0 -9999.0
-9999.0 -9999.0 -9999.0 -9999.0 -9999.0 -9999.0 -9999.0 -9999.0 -9999.0 -9999.0 -9999.0 -9999.0 -9999.0 -9999.0 -9999.0 -9999.0 -9999.0 -9999.0 -9999.0 -9999.0 -9999.0 -9999.0 -9999.0 -9999.0 -9999.0 -9999.0 -9999.0 -9999.0 -9999.0 -9999.0 -9999.0 -9999.0 -9999.0 -9999.0 -9999.0 -9999.0 -9999.0 -9999.0 -9999.0 -9999.0 -9999.0 -9999.0 -9999.0 -9999.0 -9999.0 -9999.0 -9999.0 -9999.0 -9999.0 -9999.0 -9999.0 -9999.0 -9999.0 -9999.0 -9999.0 -9999.0 -9999.0 -9999.0 -9999.0 -9999.0 -9999.0 -9999.0 -9999.0 -9999.0 -9999.0 -9999.0 -9999.0 -9999.0 -9999.0 -9999.0 -9999.0 -9999.0 -9999.0 -9999.0 -9999.0 -9999.0 -9999.0 -9999.0 -9999.0 -9999.0
-9999.0 -9999.0 -9999.0 -9999.0 -9999.0 -9999.0 -9999.0 -9999.0 -9999.0 -9999.0 -9999.0 -9999.0 -9999.0 -9999.0 -9999.0 -9999.0 -9999.0 -9999.0 -9999.0 -9999.0 -471.077576 -467.994056 -490.995843 -525.252338 -553.946208 -552.300292 -517.384480 -476.431003 -438.686318 -428.040114 -446.268602 -445.031122 -450.236149 -450.099856 -446.830099 -440.847512 -438.357618 -426.525508 -417.748926 -417.797529 -423.958831 -429.795093 -431.188628 -427.415633 -422.435554 -431.247750 -417.714220 -402.121893 -395.506236 -401.024911 -429.119433 -445.375553 -453.520911 -467.868158 -443.184224 -430.291430 -406.925881 -402.384519 -403.382895 -430.455795 -460.540303 -9999.0 -9999.0 -9999.0 -9999.0 -9999.0 -9999.0 -9999.0 -9999.0 -9999.0 -9999.0 -9999.0 -9999.0 -9999.0 -9999.0 -9999.0 -9999.0 -9999.0 -9999.0 -9999.0
-9999.0 -9999.0 -9999.0 -9999.0 -9999.0 -9999.0 -9999.0 -9999.0 -9999.0 -9999.0 -9999.0 -9999.0 -9999.0 -9999.0 -560.883415 -571.368811 -574.727791 -566.459593 -532.862037 -503.114937 -490.491297 -498.330835 -498.643456 -522.466669 -542.833389 -528.874484 -499.746608 -468.395126 -433.941900 -412.799034 -425.818754 -428.516591 -417.234164 -387.762832 -371.411641 -373.682069 -395.941149 -372.628101 -354.937793 -343.762164 -344.114522 -352.712445 -336.139959 -318.174478 -325.149272 -344.666760 -342.646850 -331.032741 -315.534752 -333.449816 -402.244451 -425.178343 -428.583213 -435.461110 -448.832291 -455.440075 -430.459124 -429.123803 -437.195845 -454.959876 -486.943893 -530.830459 -548.352258 -509.619841 -464.707921 -406.093490 -9999.0 -9999.0 -9999.0 -9999.0 -9999.0 -9999.0 -9999.0 -9999.0 -9999.0 -9999.0 -9999.0 -9999.0 -9999.0 -9999.0
-9999.0 -9999.0 -9999.0 -9999.0 -9999.0 -9999.0 -9999.0 -9999.0 -9999.0 -616.889833 -613.688404 -606.952441 -605.631235 -590.349572 -592.271267 -585.721347 -577.985511 -552.366985 -521.549281 -486.567647 -457.641556 -467.998000 -467.800148 -455.046835 -447.075362 -433.312629 -411.665951 -368.746903 -321.328735 -274.017369 -302.494213 -303.343461 -280.142298 -220.219111 -169.365349 -154.387535 -178.681089 -174.768060 -139.983604 -103.893791 -98.171173 -97.503226 -66.170412 -49.506233 -42.721352 -66.291612 -94.922246 -100.826773 -73.029415 -139.582228 -223.841439 -290.012468 -294.103773 -330.898392 -377.356477 -402.344271 -406.105136 -383.691004 -399.692367 -437.920534 -474.721711 -483.809937 -500.065312 -483.615376 -460.483277 -412.774026 -373.683862 -344.385054 -343.700441 -360.962373 -9999.0 -9999.0 -9999.0 -9999.0 -9999.0 -9999.0 -9999.0 -9999.0 -9999.0 -9999.0
-9999.0 -9999.0 -9999.0 -9999.0 -9999.0 -9999.0 -694.890760 -686.561231 -667.364606 -662.023185 -638.353764 -631.226681 -611.163220 -592.196630 -572.229622 -555.438318 -524.517261 -492.053326 -449.826254 -403.906348 -369.233188 -372.051691 -359.727141 -319.655417 -267.563922 -226.448163 -194.467373 -140.519360 -40.628293 16.357312 36.134992 44.832389 55.575707 97.371394 157.044855 176.166999 154.340506 139.529099 159.689128 203.096729 242.936852 248.567199 256.812682 265.027000 290.243480 279.564035 209.782065 182.342831 172.478810 159.453250 106.996531 48.618463 -2.845782 -64.210659 -169.249690 -245.000755 -251.317918 -238.246340 -276.478060 -336.437953 -383.304673 -395.386657 -410.901505 -425.731103 -420.509415 -400.712385 -376.668350 -364.796856 -376.845020 -397.026904 -419.848177 -448.315343 -446.356992 -420.594363 -9999.0 -9999.0 -9999.0 -9999.0 -9999.0 -9999.0
-9999.0 -9999.0 -9999.0 -9999.0 -744.118088 -732.205754 -744.069294 -721.317021 -690.046878 -657.599456 -625.611358 -588.554332 -561.840556 -532.389541 -490.127090 -450.244283 -403.671318 -364.858165 -302.128047 -219.184043 -148.205804 -106.892315 -78.322969 -2.583726 63.371259 112.296530 131.022401 159.455159 209.663300 297.129609 328.332924 334.413176 343.668714 379.241038 409.472367 447.581627 425.500021 428.925351 433.523886 444.332071 472.025005 474.287987 476.099714 476.818945 479.150258 478.938899 454.118929 420.495354 398.057030 397.130001 367.765230 312.080283 242.848395 205.226781 175.513183 129.485001 63.679224 36.651424 -30.261949 -100.901952 -192.170989 -229.473609 -270.479281 -302.522253 -337.882286 -339.141268 -337.207825 -357.458202 -387.945856 -419.624316 -434.132286 -452.333793 -461.953083 -431.718967 -413.662343 -382.197576 -9999.0 -9999.0 -9999.0 -9999.0
-9999.0 -9999.0 -801.287673 -751.502949 -696.425586 -688.457610 -686.532567 -682.358080 -656.321216 -606.353822 -526.989374 -472.619863 -425.073203 -392.109362 -325.034038 -223.689827 -118.514447 -52.262701 17.676932 83.758719 142.669068 185.618121 232.278101 275.396922 316.458323 373.197699 393.270459 410.362662 447.905499 480.618497 504.425272 519.250157 524.391162 521.893665 520.676179 520.200047 517.149968 513.196695 496.339431 494.340625 502.257540 505.556455 508.801046 496.430084 492.582200 504.849831 506.454174 506.090829 505.674615 514.628788 523.055712 492.155984 439.206388 421.380608 408.661970 377.908576 315.720061 248.848657 219.891117 177.664107 99.249217 47.465729 -10.846178 -76.599372 -152.350518 -202.118665 -260.774055 -307.219802 -354.605642 -400.133058 -423.247944 -441.305190 -442.976329 -441.756891 -425.281262 -409.191543 -393.449023 -385.469774 -9999.0 -9999.0
-9999.0 -898.820085 -826.507462 -699.251331 -621.189840 -576.656528 -535.009975 -504.863798 -480.769784 -466.741746 -350.466330 -221.565889 -103.802973 -61.733858 3.406903 105.901256 224.972766 266.350206 293.997960 343.153337 385.948749 437.713738 467.138687 497.154340 522.713187 522.161480 520.515965 520.023772 513.965472 507.075396 497.244601 503.946563 501.966927 486.465565 472.648844 470.674913 464.066305 439.178858 412.007318 399.025160 403.300772 424.349423 414.070152 394.227177 390.615107 410.414518 426.607854 418.026285 398.952720 422.967789 456.924921 477.895284 493.357133 506.965625 527.041529 505.358451 472.701537 431.419908 405.180527 384.036797 307.173889 242.753056 187.770627 122.963421 58.537333 -16.857009 -96.257765 -176.679590 -256.803902 -301.302908 -334.867124 -388.344633 -412.048590 -410.203585 -419.193630 -421.329401 -414.348231 -407.735637 -9999.0 -9999.0
-9999.0 -968.368860 -825.205281 -639.634297 -493.209665 -428.592216 -299.011185 -198.638249 -158.782860 -183.609378 -39.815989 211.323674 292.183110 301.125275 361.027792 434.863119 475.556764 501.460992 517.480024 513.545971 509.708913 515.078948 511.602949 504.790046 491.160141 483.468703 482.760352 479.488934 460.119864 441.210081 423.790643 413.184414 402.929569 369.596434 337.838255 321.771263 292.312309 260.471624 222.436662 194.939070 181.793527 200.971326 190.914614 172.328769 168.611735 192.586064 225.873629 220.177273 225.090341 248.670186 293.140400 350.990944 374.644800 400.209328 437.299676 479.334253 497.988752 517.210699 521.823600 498.615689 450.292754 408.437306 374.923130 293.666356 217.522482 136.528741 76.724808 21.516036 -52.622093 -112.569005 -178.837445 -251.052968 -316.694601 -347.701698 -387.741126 -409.000709 -9999.0 -9999.0 -9999.0 -9999.0
-9999.0 -1031.080371 -839.405843 -572.553607 -312.449720 -150.909401 55.800984 195.499419 295.709266 322.241274 382.380942 482.468600 501.273434 489.471411 469.970151 469.117363 481.284807 484.307812 479.920241 469.628416 456.737071 453.959149 449.612899 444.546745 432.832964 417.951411 405.683330 390.679239 332.348147 295.709952 264.927514 248.622930 213.887049 126.558175 86.842435 58.114933 1.334293 -13.809848 -30.525589 -65.743274 -89.245273 -106.929503 -86.504441 -87.934963 -87.713198 -76.559447 -50.810614 -28.785393 18.060610 55.213778 96.929249 150.497273 185.573226 230.014730 282.073708 357.146540 388.948702 415.023561 453.735919 499.770475 521.434265 513.737213 483.885586 442.238078 375.310178 287.082662 232.585865 158.656787 96.850985 51.108698 13.252981 -41.684477 -126.531108 -249.566871 -297.375666 -9999.0 -9999.0 -9999.0 -9999.0 -9999.0
-9999.0 -1179.942863 -912.518186 -614.276490 -268.997008 63.509224 172.724344 363.988190 438.441614 370.913770 327.916558 371.557923 410.081051 413.890757 391.804098 383.370830 376.433880 376.152205 387.531319 356.583417 308.818161 291.912856 289.574073 277.753152 254.912885 236.208752 221.831901 199.942293 146.521790 99.236449 30.654033 2.015393 -81.890448 -170.600424 -230.888139 -286.520862 -343.983357 -347.843627 -333.238128 -352.072000 -375.783750 -395.478842 -369.441965 -354.110965 -343.148113 -352.443905 -342.383450 -305.318275 -251.173591 -199.204227 -132.699378 -59.979417 -4.023358 52.501924 86.456603 141.018844 188.890789 236.986803 312.193424 406.372622 439.584339 474.362875 510.138746 525.220737 480.689810 431.148507 375.305403 287.636472 188.734418 143.205575 124.595384 98.783487 51.434508 -9999.0 -9999.0 -9999.0 -9999.0 -9999.0 -9999.0 -9999.0
-9999.0 -1315.556372 -1080.654744 -829.020717 -526.121264 -279.430453 -73.117423 54.284009 163.640835 121.609084 120.327541 148.899424 180.153103 201.789474 178.382289 142.807317 117.714711 121.148142 120.700740 96.669296 67.040112 53.249989 51.962384 43.952493 15.101376 -5.125103 -19.825415 -47.871969 -95.229554 -168.680060 -268.717345 -342.271657 -408.579254 -447.186223 -478.661858 -512.543184 -552.452555 -541.811668 -526.808684 -531.805658 -544.744877 -549.736074 -520.075755 -501.977799 -492.075255 -505.797816 -487.677568 -460.720088 -418.535125 -376.217054 -326.598587 -268.039292 -206.866885 -165.783196 -139.751030 -95.149677 -38.989793 29.068700 112.788657 210.901783 286.792894 352.772413 404.053663 427.857310 449.934752 467.806897 452.777482 374.811457 209.432235 182.689179 181.169824 -9999.0 -9999.0 -9999.0 -9999.0 -9999.0 -9999.0 -9999.0 -9999.0 -9999.0
-9999.0 -9999.0 -1318.203986 -1124.580275 -959.834611 -773.196130 -625.743594 -520.310750 -446.946119 -360.597326 -269.463484 -185.066966 -134.364055 -113.836206 -137.663892 -190.942589 -223.975604 -224.437238 -235.020398 -252.392109 -281.021730 -292.178962 -302.252987 -311.021007 -326.829172 -335.948306 -342.401341 -355.024816 -380.052753 -429.382631 -484.452292 -537.293174 -592.297710 -617.281345 -639.217715 -662.091674 -666.026785 -667.205553 -660.034358 -658.924268 -654.007922 -642.583688 -621.756954 -600.722279 -591.570223 -585.147515 -572.810031 -549.463753 -516.640590 -476.346026 -424.555713 -368.993023 -330.502723 -318.005229 -326.919788 -318.801193 -292.209128 -237.511869 -122.945659 -10.086291 84.549773 156.365933 228.623006 277.209716 297.422020 334.939293 362.397200 270.217148 78.501969 129.798572 -9999.0 -9999.0 -9999.0 -9999.0 -9999.0 -9999.0 -9999.0 -9999.0 -9999.0 -9999.0
-9999.0 -9999.0 -9999.0 -9999.0 -1267.442219 -1109.848300 -1017.575788 -936.585044 -820.051431 -716.364394 -627.431363 -553.657737 -503.369930 -480.650306 -493.778064 -502.054049 -511.288848 -514.438598 -522.816323 -529.356979 -536.029075 -543.923311 -554.548444 -562.147338 -563.263653 -560.088131 -561.958607 -574.781442 -590.109563 -618.213039 -642.895855 -678.116426 -715.153344 -743.978727 -756.704505 -763.730319 -763.246176 -768.306151 -758.577012 -752.520125 -737.831616 -722.437785 -698.482580 -670.494088 -658.360010 -644.459644 -634.927715 -614.247317 -584.719833 -532.648943 -471.294237 -416.393085 -383.728769 -381.445545 -409.409013 -426.630891 -430.634722 -402.302974 -351.488930 -272.232693 -145.357670 -46.404955 31.098145 78.003906 109.812944 156.879825 199.411004 211.482981 -9999.0 -9999.0 -9999.0 -9999.0 -9999.0 -9999.0 -9999.0 -9999.0 -9999.0 -9999.0 -9999.0 -9999.0
-9999.0 -9999.0 -9999.0 -9999.0 -9999.0 -9999.0 -1326.158696 -1232.841875 -1144.158882 -1027.797166 -920.957296 -833.538534 -762.509234 -739.793132 -724.707734 -703.537547 -708.704838 -725.150043 -740.895315 -724.875004 -716.215357 -720.647861 -747.122650 -748.642573 -745.375257 -735.739026 -736.544833 -742.292358 -766.579889 -759.092333 -760.802824 -783.372412 -808.996057 -823.218728 -834.478583 -824.387073 -823.343144 -835.453256 -832.571011 -806.859677 -787.442747 -774.023021 -751.487226 -718.583376 -686.909365 -673.055651 -672.389420 -666.398997 -624.890151 -555.186545 -486.041256 -433.955257 -404.516150 -398.503686 -428.851942 -471.787825 -495.307933 -490.502953 -457.524427 -404.373873 -324.409527 -268.719029 -228.430619 -196.504364 -155.143576 -36.913051 -9999.0 -9999.0 -9999.0 -9999.0 -9999.0 -9999.0 -9999.0 -9999.0 -9999.0 -9999.0 -9999.0 -9999.0 -9999.0 -9999.0
-9999.0 -9999.0 -9999.0 -9999.0 -9999.0 -9999.0 -9999.0 -9999.0 -9999.0 -9999.0 -9999.0 -9999.0 -9999.0 -9999.0 -9999.0 -9999.0 -9999.0 -9999.0 -9999.0 -9999.0 -9999.0 -9999.0 -9999.0 -9999.0 -9999.0 -9999.0 -9999.0 -9999.0 -9999.0 -9999.0 -9999.0 -9999.0 -9999.0 -9999.0 -9999.0 -9999.0 -9999.0 -9999.0 -9999.0 -9999.0 -9999.0 -9999.0 -9999.0 -9999.0 -9999.0 -9999.0 -9999.0 -9999.0 -9999.0 -9999.0 -9999.0 -9999.0 -9999.0 -9999.0 -9999.0 -9999.0 -9999.0 -9999.0 -9999.0 -9999.0 -9999.0 -9999.0 -9999.0 -9999.0 -9999.0 -9999.0 -9999.0 -9999.0 -9999.0 -9999.0 -9999.0 -9999.0 -9999.0 -9999.0 -9999.0 -9999.0 -9999.0 -9999.0 -9999.0 -9999.0
-9999.0 -9999.0 -9999.0 -9999.0 -9999.0 -9999.0 -9999.0 -9999.0 -9999.0 -9999.0 -9999.0 -9999.0 -9999.0 -9999.0 -9999.0 -9999.0 -9999.0 -9999.0 -9999.0 -9999.0 -9999.0 -9999.0 -9999.0 -9999.0 -9999.0 -9999.0 -9999.0 -9999.0 -9999.0 -9999.0 -9999.0 -9999.0 -9999.0 -9999.0 -9999.0 -9999.0 -9999.0 -9999.0 -9999.0 -9999.0 -9999.0 -9999.0 -9999.0 -9999.0 -9999.0 -9999.0 -9999.0 -9999.0 -9999.0 -9999.0 -9999.0 -9999.0 -9999.0 -9999.0 -9999.0 -9999.0 -9999.0 -9999.0 -9999.0 -9999.0 -9999.0 -9999.0 -9999.0 -9999.0 -9999.0 -9999.0 -9999.0 -9999.0 -9999.0 -9999.0 -9999.0 -9999.0 -9999.0 -9999.0 -9999.0 -9999.0 -9999.0 -9999.0 -9999.0 -9999.0