Borden_/Borden1m_014/output_maps/psiliqL0028N0006.asc
ncols         80
nrows         18
xllcorner     620200.000000
yllcorner     5168000.000000
cellsize      1.000000
NODATA_value  -9999.0
-9999.0 -9999.0 -9999.0 -9999.0 -9999.0 -9999.0 -9999.0 -9999.0 -9999.0 -9999.0 -9999.0 -9999.0 -9999.0 -9999.0 -9999.0 -9999.0 -9999.0 -9999.0 -9999.0 -9999.0 -9999.0 -9999.0 -9999.0 -9999.0 -9999.0 -9999.0 -9999.0 -9999.0 -9999.0 -9999.0 -9999.0 -9999.0 -9999.0 -9999.0 -9999.0 -9999.0 -9999.0 -9999.0 -9999.0 -9999.0 -9999.0 -9999.0 -9999.0 -9999.0 -9999.0 -9999.0 -9999.0 -9999.0 -9999.0 -9999.0 -9999.0 -9999.0 -9999.0 -9999.0 -9999.0 -9999.0 -9999.0 -9999.0 -9999.0 -9999.0 -9999.0 -9999.0 -9999.0 -9999.0 -9999.0 -9999.0 -9999.0 -9999.0 -9999.0 -9999.0 -9999.0 -9999.0 -9999.0 -9999.0 -9999.0 -9999.0 -9999.0 -9999.0 -9999.0 -9999.0
-9999.0 -9999.0 -9999.0 -9999.0 -9999.0 -9999.0 -9999.0 -9999.0 -9999.0 -9999.0 -9999.0 -9999.0 -9999.0 -9999.0 -9999.0 -9999.0 -9999.0 -9999.0 -9999.0 -9999.0 -9999.0 -9999.0 -9999.0 -9999.0 -9999.0 -9999.0 -9999.0 -9999.0 -9999.0 -9999.0 -9999.0 -9999.0 -9999.0 -9999.0 -9999.0 -9999.0 -9999.0 -9999.0 -9999.0 -9999.0 -9999.0 -9999.0 -9999.0 -9999.0 -9999.0 -9999.0 -9999.0 -9999.0 -9999.0 -9999.0 -9999.0 -9999.0 -9999.0 -9999.0 -9999.0 -9999.0 -9999.0 -9999.0 -9999.0 -9999.0 -9999.0 -9999.0 -9999.0 -9999.0 -9999.0 -9999.0 -9999.0 -9999.0 -9999.0 -9999.0 -9999.0 -9999.0 -9999.0 -9999.0 -9999.0 -9999.0 -9999.0 -9999.0 -9999.0 -9999.0
-9999.0 -9999.0 -9999.0 -9999.0 -9999.0 -9999.0 -9999.0 -9999.0 -9999.0 -9999.0 -9999.0 -9999.0 -9999.0 -9999.0 -9999.0 -9999.0 -9999.0 -9999.0 -9999.0 -9999.0 3725.108080 3725.771604 3704.092020 3669.785296 3641.327637 3642.897140 3675.320253 3715.608303 3754.224379 3760.940309 3741.418573 3745.206077 3740.569472 3735.304821 3734.937279 3742.657199 3749.544678 3758.877567 3765.490190 3762.792281 3755.167906 3750.130845 3753.078038 3754.418613 3760.833667 3745.743283 3762.090508 3778.571771 3783.208919 3780.895399 3757.733156 3746.472449 3738.786117 3723.372342 3750.480933 3762.327176 3786.136988 3791.063279 3789.257386 3762.821113 3732.936635 -9999.0 -9999.0 -9999.0 -9999.0 -9999.0 -9999.0 -9999.0 -9999.0 -9999.0 -9999.0 -9999.0 -9999.0 -9999.0 -9999.0 -9999.0 -9999.0 -9999.0 -9999.0 -9999.0
-9999.0 -9999.0 -9999.0 -9999.0 -9999.0 -9999.0 -9999.0 -9999.0 -9999.0 -9999.0 -9999.0 -9999.0 -9999.0 -9999.0 3635.221262 3626.476196 3623.363826 3630.203123 3662.213018 3692.237731 3703.672170 3695.980184 3695.493215 3670.274074 3646.710352 3658.711997 3687.656625 3717.528897 3750.332696 3766.832495 3755.597515 3752.630070 3758.772584 3776.991419 3783.896763 3779.934619 3762.530364 3786.863411 3799.522374 3803.106410 3800.806415 3790.669511 3798.603242 3812.265608 3805.130070 3790.203357 3802.204789 3817.782464 3828.297666 3821.185591 3764.210447 3753.658781 3750.956323 3747.730832 3735.214025 3732.170290 3761.454398 3761.392249 3754.777939 3738.109607 3705.073778 3659.989314 3641.423538 3682.835983 3726.904705 3783.457489 -9999.0 -9999.0 -9999.0 -9999.0 -9999.0 -9999.0 -9999.0 -9999.0 -9999.0 -9999.0 -9999.0 -9999.0 -9999.0 -9999.0
-9999.0 -9999.0 -9999.0 -9999.0 -9999.0 -9999.0 -9999.0 -9999.0 -9999.0 3578.017168 3584.048393 3590.694243 3592.902864 3607.622432 3603.909356 3610.427774 3613.493004 3640.365677 3669.127757 3701.904901 3728.144219 3718.492556 3716.497152 3718.838318 3711.149784 3717.755436 3737.523082 3773.307494 3802.815731 3836.925404 3802.336295 3796.735752 3813.736034 3853.755144 3874.718745 3875.481574 3856.584668 3874.870702 3898.083790 3912.569216 3908.586086 3901.945566 3928.271062 3943.869909 3936.185685 3914.101419 3914.876609 3923.748029 3953.766447 3903.020733 3836.936875 3800.954264 3819.121447 3799.677299 3776.134260 3767.061739 3768.817835 3789.751062 3779.007875 3746.066937 3713.756940 3702.345297 3686.138636 3708.435171 3732.431718 3779.381206 3819.890607 3850.211449 3849.882972 3832.866997 -9999.0 -9999.0 -9999.0 -9999.0 -9999.0 -9999.0 -9999.0 -9999.0 -9999.0 -9999.0
-9999.0 -9999.0 -9999.0 -9999.0 -9999.0 -9999.0 3499.649635 3510.128130 3530.663040 3532.583825 3558.883900 3563.368260 3581.436803 3597.770539 3619.076067 3630.680229 3654.188113 3683.018955 3717.578984 3753.634122 3779.902983 3766.716282 3771.041404 3788.060131 3812.113704 3828.804706 3850.885001 3888.410925 3960.497695 3996.321156 3986.204597 3986.308289 3994.319183 4045.077166 4109.149652 4119.218137 4098.423790 4085.711598 4110.291890 4148.454526 4145.427553 4144.108623 4158.162950 4169.428923 4196.387346 4184.760314 4148.888620 4144.988005 4153.335789 4128.857976 4057.790314 4001.438816 3985.158807 3938.095688 3854.018719 3813.412315 3840.760355 3870.691406 3850.562533 3801.994391 3771.367837 3767.246576 3757.331276 3752.089287 3766.156462 3790.232076 3814.810285 3829.440453 3818.034004 3797.502205 3776.269677 3748.437865 3751.419757 3776.480528 -9999.0 -9999.0 -9999.0 -9999.0 -9999.0 -9999.0
-9999.0 -9999.0 -9999.0 -9999.0 3450.573816 3463.127659 3447.416730 3473.329189 3504.603745 3537.502783 3563.630549 3593.808693 3615.625882 3641.089350 3672.259233 3691.350679 3721.131783 3749.335766 3794.976459 3854.666935 3897.597579 3909.066393 3916.679036 3966.942776 4022.785085 4069.092234 4087.780381 4114.041834 4161.478836 4218.359780 4240.244627 4242.497087 4259.474376 4304.619031 4363.022246 4398.757305 4380.756802 4371.357805 4382.416019 4397.556762 4419.721835 4419.755555 4420.902498 4425.512868 4433.813294 4431.618860 4404.061939 4370.189372 4357.066618 4346.503566 4306.190156 4232.753240 4203.639493 4173.752320 4128.109601 4072.687524 4028.445745 4032.481245 3977.312964 3921.704740 3873.666687 3868.144945 3849.609640 3835.233560 3819.858640 3833.934915 3847.324887 3833.141657 3803.548176 3774.794335 3762.334079 3745.175211 3733.971375 3765.508596 3783.588190 3812.991640 -9999.0 -9999.0 -9999.0 -9999.0
-9999.0 -9999.0 3392.217643 3436.482603 3492.990961 3497.962330 3489.188585 3490.723111 3515.896875 3563.801304 3623.226220 3657.252630 3683.110146 3712.511411 3761.340900 3820.071005 3878.138255 3920.230085 3978.767413 4048.724377 4107.905266 4134.163213 4142.368523 4178.463722 4234.259021 4305.657614 4334.532474 4361.693877 4394.581235 4432.441062 4420.475315 4430.555722 4443.816465 4458.615030 4475.466852 4483.606763 4478.371796 4473.686877 4454.905997 4449.390434 4455.807442 4464.502589 4463.001746 4448.050507 4444.059161 4459.344666 4466.044656 4463.648193 4460.246431 4464.711172 4458.510933 4407.938887 4394.232391 4378.391156 4365.619661 4318.465510 4250.456145 4218.999877 4196.427982 4154.183919 4080.144146 4044.441192 4006.030081 3972.629671 3936.578759 3925.581467 3894.779694 3863.636848 3825.721432 3785.589888 3767.148181 3753.573344 3753.620836 3754.459905 3772.579695 3788.400156 3804.468484 3812.590333 -9999.0 -9999.0
-9999.0 3281.147370 3351.419797 3471.365773 3547.814987 3582.300309 3585.692887 3584.448966 3608.630953 3641.952640 3725.151297 3767.895739 3850.374508 3888.878763 3928.431386 4018.361586 4114.463877 4158.894990 4199.181586 4265.361829 4333.150858 4381.212279 4408.037788 4380.912009 4422.154086 4455.598242 4464.946333 4472.867960 4473.826463 4465.218141 4459.120843 4465.637426 4462.458186 4442.824828 4426.320394 4424.401537 4420.896083 4397.181899 4369.341225 4353.407131 4354.348275 4379.811868 4366.321278 4344.749959 4340.255024 4362.222241 4384.341604 4373.386207 4360.099655 4376.819266 4411.997421 4438.064825 4437.511394 4456.526329 4477.755255 4447.940632 4427.870445 4382.869023 4365.560182 4339.816200 4281.817549 4226.884126 4178.330034 4130.071062 4078.233147 4030.594185 3983.438521 3936.592767 3884.118985 3851.801693 3828.218391 3786.648762 3775.293033 3782.574157 3778.292870 3777.050229 3783.807916 3790.445865 -9999.0 -9999.0
-9999.0 3181.151554 3318.666864 3493.873194 3634.564754 3671.248458 3725.009214 3776.632497 3788.413958 3728.674637 3830.073887 4048.996571 4177.061137 4196.172754 4273.926266 4372.089954 4348.679730 4380.984539 4405.174729 4434.650954 4458.274981 4473.861527 4472.468757 4467.669428 4450.889775 4442.817379 4441.859338 4439.649282 4421.903168 4402.635001 4385.596480 4382.115599 4363.559078 4312.309690 4278.430406 4260.207254 4239.741507 4226.779470 4200.034233 4173.648810 4156.333467 4165.450747 4164.745814 4151.954136 4147.557349 4165.198135 4196.170123 4195.158999 4208.380299 4228.288637 4263.856365 4302.883167 4322.369548 4351.921193 4387.945760 4437.278693 4445.022107 4467.733363 4470.326823 4461.355095 4413.710679 4361.340492 4331.587803 4275.544877 4215.903414 4154.133682 4104.827129 4060.050679 4004.580652 3971.170652 3932.616727 3879.289126 3838.058161 3832.696484 3800.100277 3788.127488 -9999.0 -9999.0 -9999.0 -9999.0
-9999.0 3073.492342 3250.122992 3483.602627 3780.599401 3845.293977 4048.717438 4163.207986 4201.016264 4270.009752 4133.543847 4354.125448 4411.627831 4407.843491 4427.965303 4431.879361 4446.688971 4445.780697 4440.681187 4429.474795 4419.623468 4414.847808 4413.873788 4405.909115 4393.165021 4378.410211 4366.330334 4354.577091 4317.251133 4284.739813 4244.058383 4231.155154 4184.451043 4091.587044 4052.957143 4013.098207 3950.536990 3954.015360 3963.635637 3940.097572 3920.118417 3890.158337 3921.376386 3933.599063 3938.340408 3932.444862 3941.009671 3971.279752 4020.622673 4055.457900 4094.319416 4142.666980 4173.595088 4212.986519 4252.507239 4305.182469 4336.943158 4366.125572 4416.082169 4453.341863 4476.298874 4461.563941 4444.002476 4398.053617 4337.328188 4287.707376 4258.186080 4206.962913 4163.189017 4119.865203 4073.441614 4020.755590 3959.253169 3909.896534 3876.765306 -9999.0 -9999.0 -9999.0 -9999.0 -9999.0
-9999.0 2840.992396 3102.784535 3362.006297 3627.361964 3974.064980 4156.706946 4248.262015 4312.882644 4300.489773 4328.252600 4333.426792 4371.033910 4378.996446 4357.717003 4343.243941 4324.747805 4323.657925 4336.799288 4309.033948 4278.228117 4264.579823 4265.552262 4254.877041 4230.653292 4215.810941 4206.609200 4187.713505 4144.546370 4093.606530 4008.259886 3971.884365 3891.580565 3855.767667 3820.413569 3773.631188 3730.091453 3736.875152 3762.953908 3754.974088 3734.606350 3718.004287 3748.025174 3769.634136 3783.192426 3766.161078 3772.549560 3806.937075 3853.237918 3893.578669 3937.075338 3984.840009 4027.009676 4065.631086 4085.403538 4123.719530 4166.042552 4207.887932 4278.608462 4358.381226 4395.269950 4430.522201 4458.687776 4480.919452 4437.600816 4411.948773 4387.753497 4363.719904 4316.905465 4271.171773 4230.590556 4164.970116 4105.404135 -9999.0 -9999.0 -9999.0 -9999.0 -9999.0 -9999.0 -9999.0
-9999.0 2735.818248 2917.374937 3097.761420 3336.471290 3564.624364 3794.409942 3884.456313 3955.596688 4035.364217 4093.930143 4133.369036 4159.177167 4181.184925 4158.741047 4111.503700 4078.671495 4083.864850 4073.972258 4053.497185 4026.099777 4013.500876 4010.653748 4006.221616 3985.513172 3975.893297 3969.580948 3951.963277 3927.660701 3874.897113 3804.754931 3731.064334 3678.733178 3661.892093 3640.947346 3615.579264 3591.137933 3605.264334 3617.998021 3618.975414 3613.619642 3614.740430 3643.776730 3663.923028 3673.322153 3662.769853 3680.839759 3703.292536 3739.359937 3778.156131 3822.327052 3871.933202 3919.936120 3938.938071 3939.443078 3948.962743 3975.306603 4017.779815 4093.715095 4180.031246 4259.483030 4305.703551 4357.040664 4397.750575 4426.767408 4450.063915 4473.702759 4467.712201 4440.974794 4407.142571 4347.363354 -9999.0 -9999.0 -9999.0 -9999.0 -9999.0 -9999.0 -9999.0 -9999.0 -9999.0
-9999.0 -9999.0 2698.145481 2836.182569 2919.362715 3072.888648 3209.254504 3313.543816 3417.345516 3565.276304 3691.872551 3788.168793 3835.687437 3851.484222 3838.105860 3811.056157 3794.933651 3794.445888 3782.384198 3777.191761 3764.324139 3759.745522 3747.663388 3740.610973 3738.213040 3738.996239 3737.704769 3730.549735 3715.316662 3675.466907 3641.672285 3599.353195 3555.153958 3535.140901 3518.691104 3503.605639 3509.731253 3505.114312 3511.046402 3514.715059 3525.402979 3540.237032 3559.503584 3582.499666 3592.171915 3602.725045 3613.140550 3634.176213 3663.320091 3702.945458 3753.780166 3808.188577 3843.530692 3849.467389 3830.098164 3823.435459 3829.619262 3856.560698 3917.418456 3985.319411 4076.020895 4142.195848 4209.335688 4265.968926 4293.113561 4329.515466 4400.993724 4449.114144 4493.124718 4470.635475 -9999.0 -9999.0 -9999.0 -9999.0 -9999.0 -9999.0 -9999.0 -9999.0 -9999.0 -9999.0
-9999.0 -9999.0 -9999.0 -9999.0 2702.041458 2833.296190 2927.170794 3001.326174 3134.144970 3265.552845 3371.671953 3459.782216 3530.780157 3557.158879 3560.098950 3580.264750 3580.502411 3570.555737 3559.462085 3566.196950 3573.062111 3567.544023 3550.354869 3545.184605 3550.933046 3560.901829 3560.763655 3549.773014 3533.480380 3523.441039 3514.403411 3486.637309 3457.245670 3432.189744 3422.430037 3421.764473 3423.331234 3416.235500 3425.311121 3435.367418 3451.945343 3467.279553 3490.789323 3520.751446 3535.744124 3550.304003 3558.371328 3576.057367 3604.130825 3655.119317 3716.390840 3772.668047 3806.402953 3806.181317 3776.834049 3754.099226 3740.176561 3756.049773 3783.235543 3831.926296 3920.427819 3982.234732 4026.093425 4063.680466 4099.989228 4166.284900 4262.866996 4345.203905 -9999.0 -9999.0 -9999.0 -9999.0 -9999.0 -9999.0 -9999.0 -9999.0 -9999.0 -9999.0 -9999.0 -9999.0
-9999.0 -9999.0 -9999.0 -9999.0 -9999.0 -9999.0 2681.078983 2787.924157 2832.028001 2986.551121 3135.250668 3243.885043 3327.974009 3365.366571 3401.901023 3433.706508 3435.193798 3414.495833 3391.980726 3415.157278 3436.578740 3430.439770 3397.685570 3400.637565 3409.633048 3418.901011 3418.099247 3414.494307 3392.567865 3413.595704 3421.918415 3402.310283 3379.964048 3370.316102 3360.967947 3372.690011 3374.140728 3360.510775 3359.627888 3388.597113 3410.369960 3423.344637 3444.161130 3477.380510 3509.850327 3525.520351 3525.986122 3529.880119 3565.186035 3632.653075 3703.374211 3758.343560 3789.176955 3793.379397 3761.968112 3716.447209 3689.488998 3687.118328 3709.869039 3747.264377 3807.019691 3841.907570 3850.373398 3848.441666 3858.529987 3959.692687 -9999.0 -9999.0 -9999.0 -9999.0 -9999.0 -9999.0 -9999.0 -9999.0 -9999.0 -9999.0 -9999.0 -9999.0 -9999.0 -9999.0
-9999.0 -9999.0 -9999.0 -9999.0 -9999.0 -9999.0 -9999.0 -9999.0 -9999.0 -9999.0 -9999.0 -9999.0 -9999.0 -9999.0 -9999.0 -9999.0 -9999.0 -9999.0 -9999.0 -9999.0 -9999.0 -9999.0 -9999.0 -9999.0 -9999.0 -9999.0 -9999.0 -9999.0 -9999.0 -9999.0 -9999.0 -9999.0 -9999.0 -9999.0 -9999.0 -9999.0 -9999.0 -9999.0 -9999.0 -9999.0 -9999.0 -9999.0 -9999.0 -9999.0 -9999.0 -9999.0 -9999.0 -9999.0 -9999.0 -9999.0 -9999.0 -9999.0 -9999.0 -9999.0 -9999.0 -9999.0 -9999.0 -9999.0 -9999.0 -9999.0 -9999.0 -9999.0 -9999.0 -9999.0 -9999.0 -9999.0 -9999.0 -9999.0 -9999.0 -9999.0 -9999.0 -9999.0 -9999.0 -9999.0 -9999.0 -9999.0 -9999.0 -9999.0 -9999.0 -9999.0
-9999.0 -9999.0 -9999.0 -9999.0 -9999.0 -9999.0 -9999.0 -9999.0 -9999.0 -9999.0 -9999.0 -9999.0 -9999.0 -9999.0 -9999.0 -9999.0 -9999.0 -9999.0 -9999.0 -9999.0 -9999.0 -9999.0 -9999.0 -9999.0 -9999.0 -9999.0 -9999.0 -9999.0 -9999.0 -9999.0 -9999.0 -9999.0 -9999.0 -9999.0 -9999.0 -9999.0 -9999.0 -9999.0 -9999.0 -9999.0 -9999.0 -9999.0 -9999.0 -9999.0 -9999.0 -9999.0 -9999.0 -9999.0 -9999.0 -9999.0 -9999.0 -9999.0 -9999.0 -9999.0 -9999.0 -9999.0 -9999.0 -9999.0 -9999.0 -9999.0 -9999.0 -9999.0 -9999.0 -9999.0 -9999.0 -9999.0 -9999.0 -9999.0 -9999.0 -9999.0 -9999.0 -9999.0 -9999.0 -9999.0 -9999.0 -9999.0 -9999.0 -9999.0 -9999.0 -9999.0