Borden_/Borden1m_014/output_maps/psiliqL0023N0015.asc
ncols         80
nrows         18
xllcorner     620200.000000
yllcorner     5168000.000000
cellsize      1.000000
NODATA_value  -9999.0
-9999.0 -9999.0 -9999.0 -9999.0 -9999.0 -9999.0 -9999.0 -9999.0 -9999.0 -9999.0 -9999.0 -9999.0 -9999.0 -9999.0 -9999.0 -9999.0 -9999.0 -9999.0 -9999.0 -9999.0 -9999.0 -9999.0 -9999.0 -9999.0 -9999.0 -9999.0 -9999.0 -9999.0 -9999.0 -9999.0 -9999.0 -9999.0 -9999.0 -9999.0 -9999.0 -9999.0 -9999.0 -9999.0 -9999.0 -9999.0 -9999.0 -9999.0 -9999.0 -9999.0 -9999.0 -9999.0 -9999.0 -9999.0 -9999.0 -9999.0 -9999.0 -9999.0 -9999.0 -9999.0 -9999.0 -9999.0 -9999.0 -9999.0 -9999.0 -9999.0 -9999.0 -9999.0 -9999.0 -9999.0 -9999.0 -9999.0 -9999.0 -9999.0 -9999.0 -9999.0 -9999.0 -9999.0 -9999.0 -9999.0 -9999.0 -9999.0 -9999.0 -9999.0 -9999.0 -9999.0
-9999.0 -9999.0 -9999.0 -9999.0 -9999.0 -9999.0 -9999.0 -9999.0 -9999.0 -9999.0 -9999.0 -9999.0 -9999.0 -9999.0 -9999.0 -9999.0 -9999.0 -9999.0 -9999.0 -9999.0 -9999.0 -9999.0 -9999.0 -9999.0 -9999.0 -9999.0 -9999.0 -9999.0 -9999.0 -9999.0 -9999.0 -9999.0 -9999.0 -9999.0 -9999.0 -9999.0 -9999.0 -9999.0 -9999.0 -9999.0 -9999.0 -9999.0 -9999.0 -9999.0 -9999.0 -9999.0 -9999.0 -9999.0 -9999.0 -9999.0 -9999.0 -9999.0 -9999.0 -9999.0 -9999.0 -9999.0 -9999.0 -9999.0 -9999.0 -9999.0 -9999.0 -9999.0 -9999.0 -9999.0 -9999.0 -9999.0 -9999.0 -9999.0 -9999.0 -9999.0 -9999.0 -9999.0 -9999.0 -9999.0 -9999.0 -9999.0 -9999.0 -9999.0 -9999.0 -9999.0
-9999.0 -9999.0 -9999.0 -9999.0 -9999.0 -9999.0 -9999.0 -9999.0 -9999.0 -9999.0 -9999.0 -9999.0 -9999.0 -9999.0 -9999.0 -9999.0 -9999.0 -9999.0 -9999.0 -9999.0 2759.277170 2761.706483 2741.660926 2709.925198 2684.395735 2689.033042 2724.811379 2767.542455 2808.219806 2818.448137 2802.339332 2809.017616 2808.058063 2807.141915 2811.105707 2821.422244 2830.455862 2840.672148 2848.403891 2846.703185 2839.577341 2834.321754 2836.041700 2837.783275 2843.777787 2830.278889 2845.833130 2789.309086 2793.808002 2790.803464 2831.189442 2814.453281 2801.830648 2782.209502 2804.651563 2813.343496 2791.356855 2795.644452 2793.913796 2799.958919 2768.997458 -9999.0 -9999.0 -9999.0 -9999.0 -9999.0 -9999.0 -9999.0 -9999.0 -9999.0 -9999.0 -9999.0 -9999.0 -9999.0 -9999.0 -9999.0 -9999.0 -9999.0 -9999.0 -9999.0
-9999.0 -9999.0 -9999.0 -9999.0 -9999.0 -9999.0 -9999.0 -9999.0 -9999.0 -9999.0 -9999.0 -9999.0 -9999.0 -9999.0 2662.569934 2655.124703 2654.569029 2664.758067 2700.052092 2732.238643 2744.214081 2738.446633 2740.332228 2718.560706 2699.446816 2715.597507 2747.699937 2779.087994 2814.218605 2834.290328 2825.991276 2827.031864 2838.558434 2790.779023 2799.596292 2796.607906 2861.097011 2802.651260 2815.876707 2820.928079 2819.007816 2809.288961 2818.701199 2832.874709 2825.868337 2810.433414 2820.348561 2834.471769 2845.643883 2836.704127 2852.316581 2833.950192 2825.596238 2816.764061 2799.937748 2793.432918 2818.061855 2812.589731 2801.666535 2782.213274 2747.572940 2702.086800 2681.204489 2718.841887 2760.296650 2787.865649 -9999.0 -9999.0 -9999.0 -9999.0 -9999.0 -9999.0 -9999.0 -9999.0 -9999.0 -9999.0 -9999.0 -9999.0 -9999.0 -9999.0
-9999.0 -9999.0 -9999.0 -9999.0 -9999.0 -9999.0 -9999.0 -9999.0 -9999.0 2600.188697 2606.671899 2615.432558 2620.067093 2637.441742 2635.694344 2644.975306 2652.654354 2683.049255 2716.030937 2752.828599 2781.434462 2776.274409 2776.701563 2785.241984 2786.012146 2799.044868 2823.047804 2791.598152 2823.330311 2859.019023 2826.276304 2821.849795 2839.681072 2881.920188 2907.146785 2910.262853 2892.285327 2906.816207 2930.353356 2946.992262 2943.724281 2938.167435 2963.164632 2977.777951 2973.334487 2952.621894 2949.664347 2955.916432 2984.319298 2933.946781 2868.873589 2828.326092 2842.000296 2819.882694 2792.298002 2848.724772 2844.920260 2800.546322 2788.384197 2804.550999 2769.339917 2754.993750 2734.661838 2751.346033 2771.427608 2783.491302 2823.180853 2852.888374 2852.581108 2835.428589 -9999.0 -9999.0 -9999.0 -9999.0 -9999.0 -9999.0 -9999.0 -9999.0 -9999.0 -9999.0
-9999.0 -9999.0 -9999.0 -9999.0 -9999.0 -9999.0 2519.829708 2531.496220 2553.869083 2558.189202 2586.287916 2593.884776 2616.127175 2636.890959 2661.624144 2678.983309 2709.278608 2744.093841 2784.092704 2827.272104 2796.293176 2854.813591 2791.317374 2811.931467 2840.825561 2861.653057 2884.374486 2921.435513 2981.155123 3017.075084 3011.970724 3013.069741 3021.230036 3070.719175 3134.187945 3145.803896 3125.352920 3111.941853 3134.395189 3170.862679 3170.046697 3168.954430 3179.754081 3190.049444 3216.663850 3206.637894 3172.092993 3165.342324 3170.443194 3149.810738 3083.689956 3026.349873 3005.791622 2972.445833 2890.920019 2846.411113 2866.364410 2892.006074 2869.249820 2820.339410 2852.560381 2841.180092 2824.039797 2810.805762 2817.796673 2795.255578 2819.067391 2832.652229 2820.830626 2800.342801 2798.691008 2767.870198 2767.785772 2791.022945 -9999.0 -9999.0 -9999.0 -9999.0 -9999.0 -9999.0
-9999.0 -9999.0 -9999.0 -9999.0 2468.134353 2482.793008 2470.636432 2498.967933 2533.722070 2569.995183 2600.796414 2637.807156 2666.000975 2697.838402 2735.962948 2765.940143 2805.811659 2842.054465 2820.683663 2882.391813 2927.320173 2942.671959 2951.517621 2990.531508 3046.383724 3093.595880 3111.926349 3137.055665 3179.464382 3235.176126 3257.616180 3260.846777 3277.654000 3318.812168 3372.692719 3407.019883 3389.761651 3381.145479 3390.180869 3403.564274 3425.679500 3425.782788 3426.863720 3430.495295 3437.461641 3436.161770 3410.634744 3377.714038 3365.048536 3355.454027 3319.920908 3249.485923 3218.352205 3190.745134 3152.918695 3100.451233 3050.433391 3049.035704 2995.791065 2953.808919 2902.257714 2891.644174 2869.577838 2852.145808 2833.013631 2843.239002 2853.650217 2837.818908 2807.855218 2807.184362 2789.976800 2768.248788 2753.496789 2781.368225 2784.885051 2814.534845 -9999.0 -9999.0 -9999.0 -9999.0
-9999.0 -9999.0 2405.190372 2453.115844 2512.861808 2522.880626 2521.617741 2528.927062 2559.663075 2613.553241 2684.624081 2728.165858 2765.215660 2801.871725 2790.325361 2854.369028 2915.547595 2957.953483 3003.067756 3070.738641 3129.092736 3156.082112 3165.386994 3198.836306 3252.043483 3318.487524 3345.531484 3371.195923 3401.668802 3436.596342 3432.710632 3444.050523 3455.545174 3466.071705 3478.969957 3484.990268 3480.509504 3475.993693 3457.662461 3452.852333 3459.410375 3466.699671 3466.246294 3451.869832 3447.919238 3462.605659 3468.332822 3466.590917 3464.375681 3469.740979 3467.064136 3421.083935 3399.302126 3384.746876 3374.291503 3329.226283 3264.006098 3230.838214 3210.678951 3172.444468 3100.046918 3061.150203 3021.339050 2985.969723 2957.072102 2940.930592 2906.278285 2872.850687 2833.012140 2791.622655 2804.813273 2784.378194 2778.866261 2773.793828 2787.618140 2789.504232 2805.258711 2813.267333 -9999.0 -9999.0
-9999.0 2295.913745 2368.319582 2493.603670 2575.697576 2620.915879 2641.650808 2654.769319 2686.666039 2724.802732 2819.800190 2813.889343 2896.301916 2932.183476 2973.542888 3050.980289 3142.420006 3183.067379 3220.029438 3280.530114 3343.696397 3389.495330 3415.200646 3401.015940 3438.476898 3463.741579 3470.392322 3476.328584 3475.244354 3466.842104 3459.899517 3466.738034 3463.997411 3445.271024 3429.626996 3428.041846 3424.741750 3401.824671 3374.699556 3359.701820 3361.557131 3385.927414 3373.249059 3352.078935 3347.743015 3369.089556 3389.612116 3379.189679 3366.275074 3382.620113 3416.625850 3440.268339 3443.347613 3461.333885 3482.320494 3454.147245 3431.360010 3388.763586 3372.372821 3347.324373 3291.759900 3237.174801 3189.785255 3142.473126 3089.936352 3040.010068 2992.387314 2953.121202 2898.261576 2864.284166 2838.924413 2794.670004 2812.129938 2785.664604 2796.196502 2790.380618 2784.624814 2791.125334 -9999.0 -9999.0
-9999.0 2203.626181 2344.574108 2526.984397 2677.739695 2731.728914 2811.514119 2824.424854 2839.930402 2866.583832 2890.344503 3092.123549 3204.551782 3219.649856 3292.008351 3382.823242 3372.740661 3402.828082 3424.756562 3445.993382 3463.155003 3475.867452 3473.730694 3468.103649 3451.941011 3444.011716 3443.219783 3441.224599 3424.209496 3405.598274 3389.055054 3386.270456 3369.110852 3321.787134 3289.379716 3272.821741 3255.631842 3241.691430 3213.931492 3188.550197 3174.319041 3184.987275 3181.961586 3168.930012 3164.496147 3181.916835 3212.639601 3209.479610 3219.478829 3238.693192 3273.941688 3310.990522 3329.941315 3358.464018 3393.464463 3439.758073 3449.779599 3471.867264 3475.217435 3462.939679 3417.751977 3367.377904 3338.473521 3284.091008 3224.770453 3164.412007 3116.160350 3071.743177 3017.159872 2982.737095 2949.116559 2894.685604 2849.486978 2838.506128 2804.045006 2789.589287 -9999.0 -9999.0 -9999.0 -9999.0
-9999.0 2107.222882 2289.875828 2536.428805 2806.238579 2884.367705 3076.545169 3187.909826 3226.907410 3291.733892 3193.857911 3381.657023 3428.421237 3421.865760 3431.985735 3434.253800 3447.852938 3447.555012 3442.506525 3431.739873 3422.495282 3418.188974 3417.020109 3409.173455 3396.702548 3382.262063 3370.671045 3359.646190 3323.890469 3292.708711 3255.358657 3243.426310 3201.667845 3112.696127 3074.133848 3037.414830 2979.375026 2980.862507 2985.691329 2973.687386 2954.949557 2928.777246 2956.400853 2965.510420 2969.110479 2966.015870 2976.953462 2991.156612 3036.694545 3070.082011 3108.642378 3155.661817 3184.064884 3222.619385 3262.508383 3314.101412 3344.365132 3372.770636 3420.129551 3456.784660 3479.192911 3466.059578 3446.172740 3403.181378 3343.811091 3294.988937 3266.876883 3217.595404 3175.360701 3131.760397 3085.591176 3033.093643 2976.970976 2918.851263 2883.605207 -9999.0 -9999.0 -9999.0 -9999.0 -9999.0
-9999.0 1894.944025 2160.785503 2435.112904 2726.359680 3027.841748 3182.918238 3279.660466 3340.591890 3316.911388 3334.022938 3341.950331 3378.209322 3384.480075 3362.989424 3350.010815 3333.598607 3332.510659 3345.466613 3318.727907 3289.265687 3276.357224 3277.165814 3266.457024 3243.164863 3228.283082 3218.953677 3201.201577 3159.718098 3110.906416 3029.223469 2997.974709 2933.414525 2891.767585 2854.208061 2807.740128 2835.115069 2836.061216 2790.810750 2848.000263 2827.151478 2809.733358 2838.890053 2792.110735 2804.649137 2789.439411 2796.282473 2830.054604 2876.347889 2916.449647 2960.591208 2997.184508 3037.822190 3077.120996 3099.130108 3139.405536 3179.538935 3220.356730 3289.245651 3365.415377 3399.785783 3433.447876 3463.363371 3484.781309 3442.575460 3415.395728 3392.415992 3369.916691 3324.727678 3279.958343 3239.480085 3176.514749 3117.479810 -9999.0 -9999.0 -9999.0 -9999.0 -9999.0 -9999.0 -9999.0
-9999.0 1779.312781 1979.756279 2182.590687 2445.575521 2687.187241 2857.980091 2949.903440 3011.086368 3071.441173 3119.211247 3154.272274 3179.001296 3199.862548 3177.097576 3133.938708 3102.652086 3107.329399 3099.709089 3078.319525 3050.719547 3037.801023 3035.955515 3031.126163 3009.802618 2999.276586 2992.490951 2985.981132 2959.840653 2907.540872 2835.635844 2836.699800 2778.718319 2752.699226 2724.408353 2692.260742 2661.742845 2671.780686 2681.422206 2681.951294 2674.680602 2674.216286 2703.332984 2721.682785 2731.829300 2721.824648 2741.906154 2768.367117 2809.986134 2793.233950 2837.719062 2887.379786 2935.848075 2957.297991 2961.642677 2975.777463 2992.079358 3035.379914 3111.312051 3194.934925 3269.651240 3313.854134 3363.636470 3402.408742 3429.246892 3456.396897 3476.992094 3468.678983 3443.883572 3411.256885 3354.162378 -9999.0 -9999.0 -9999.0 -9999.0 -9999.0 -9999.0 -9999.0 -9999.0 -9999.0
-9999.0 -9999.0 1752.393706 1912.302824 2021.871529 2191.874430 2340.790460 2454.659352 2559.889777 2703.862645 2827.973558 2838.224911 2882.686744 2898.324744 2884.319688 2855.044421 2836.814889 2836.346485 2824.908595 2817.414582 2801.725334 2796.225737 2865.957182 2854.786930 2846.453610 2842.642401 2838.418454 2829.940506 2810.379449 2764.687861 2721.137404 2672.815632 2620.607315 2595.502335 2573.908316 2553.468321 2554.386353 2548.318734 2552.888836 2555.317162 2564.309797 2578.231223 2597.981125 2621.336023 2631.626768 2642.344845 2654.950907 2679.032080 2712.430728 2755.121860 2810.619064 2817.341217 2852.897820 2860.395556 2844.060179 2840.849269 2850.880600 2882.008812 2947.712308 3004.656591 3092.211401 3156.258690 3221.151345 3275.897868 3301.792169 3338.132812 3406.419361 3454.304767 3494.452881 3472.182179 -9999.0 -9999.0 -9999.0 -9999.0 -9999.0 -9999.0 -9999.0 -9999.0 -9999.0 -9999.0
-9999.0 -9999.0 -9999.0 -9999.0 1774.572986 1925.174230 2024.730810 2108.085325 2244.104053 2375.861233 2484.705377 2572.928922 2642.278726 2672.001135 2674.256783 2690.151445 2689.294987 2680.771530 2668.979534 2670.059872 2670.217230 2660.129229 2641.276150 2632.577874 2634.024515 2640.044270 2637.414534 2624.010918 2605.312970 2587.616449 2571.053185 2537.952866 2503.878541 2474.740909 2461.293527 2456.464953 2455.594431 2447.303020 2455.360078 2463.810417 2479.619911 2494.877074 2518.514511 2547.818766 2562.639571 2577.981196 2587.793315 2608.048205 2639.558896 2694.023986 2759.011577 2817.880495 2811.969797 2812.794576 2842.477195 2827.892505 2824.687727 2852.966453 2804.292014 2857.291038 2947.499807 2996.582734 3042.847339 3082.456575 3118.643874 3180.720063 3272.453696 3352.215214 -9999.0 -9999.0 -9999.0 -9999.0 -9999.0 -9999.0 -9999.0 -9999.0 -9999.0 -9999.0 -9999.0 -9999.0
-9999.0 -9999.0 -9999.0 -9999.0 -9999.0 -9999.0 1749.173600 1855.520833 1928.370401 2080.438164 2224.731831 2333.380350 2418.187924 2454.671852 2488.673237 2519.636274 2520.259824 2500.251203 2478.037419 2497.260859 2512.747521 2503.961684 2470.436347 2469.757989 2475.013766 2482.216422 2479.382119 2473.131351 2448.120669 2462.906471 2465.555049 2442.023555 2415.934988 2402.272492 2390.088905 2399.285476 2398.860883 2384.224727 2383.296644 2410.863275 2431.782111 2444.797157 2466.108000 2499.438560 2532.227381 2548.329476 2550.098882 2556.125526 2594.706167 2665.588525 2739.167748 2796.661782 2793.488087 2798.552066 2818.580815 2780.209487 2762.260300 2771.540578 2807.924190 2861.293928 2829.362379 2867.152117 2881.366030 2885.703362 2900.019352 2980.522572 -9999.0 -9999.0 -9999.0 -9999.0 -9999.0 -9999.0 -9999.0 -9999.0 -9999.0 -9999.0 -9999.0 -9999.0 -9999.0 -9999.0
-9999.0 -9999.0 -9999.0 -9999.0 -9999.0 -9999.0 -9999.0 -9999.0 -9999.0 -9999.0 -9999.0 -9999.0 -9999.0 -9999.0 -9999.0 -9999.0 -9999.0 -9999.0 -9999.0 -9999.0 -9999.0 -9999.0 -9999.0 -9999.0 -9999.0 -9999.0 -9999.0 -9999.0 -9999.0 -9999.0 -9999.0 -9999.0 -9999.0 -9999.0 -9999.0 -9999.0 -9999.0 -9999.0 -9999.0 -9999.0 -9999.0 -9999.0 -9999.0 -9999.0 -9999.0 -9999.0 -9999.0 -9999.0 -9999.0 -9999.0 -9999.0 -9999.0 -9999.0 -9999.0 -9999.0 -9999.0 -9999.0 -9999.0 -9999.0 -9999.0 -9999.0 -9999.0 -9999.0 -9999.0 -9999.0 -9999.0 -9999.0 -9999.0 -9999.0 -9999.0 -9999.0 -9999.0 -9999.0 -9999.0 -9999.0 -9999.0 -9999.0 -9999.0 -9999.0 -9999.0
-9999.0 -9999.0 -9999.0 -9999.0 -9999.0 -9999.0 -9999.0 -9999.0 -9999.0 -9999.0 -9999.0 -9999.0 -9999.0 -9999.0 -9999.0 -9999.0 -9999.0 -9999.0 -9999.0 -9999.0 -9999.0 -9999.0 -9999.0 -9999.0 -9999.0 -9999.0 -9999.0 -9999.0 -9999.0 -9999.0 -9999.0 -9999.0 -9999.0 -9999.0 -9999.0 -9999.0 -9999.0 -9999.0 -9999.0 -9999.0 -9999.0 -9999.0 -9999.0 -9999.0 -9999.0 -9999.0 -9999.0 -9999.0 -9999.0 -9999.0 -9999.0 -9999.0 -9999.0 -9999.0 -9999.0 -9999.0 -9999.0 -9999.0 -9999.0 -9999.0 -9999.0 -9999.0 -9999.0 -9999.0 -9999.0 -9999.0 -9999.0 -9999.0 -9999.0 -9999.0 -9999.0 -9999.0 -9999.0 -9999.0 -9999.0 -9999.0 -9999.0 -9999.0 -9999.0 -9999.0