Borden_/Borden1m_014/output_maps/psiliqL0014N0030.asc
ncols         80
nrows         18
xllcorner     620200.000000
yllcorner     5168000.000000
cellsize      1.000000
NODATA_value  -9999.0
-9999.0 -9999.0 -9999.0 -9999.0 -9999.0 -9999.0 -9999.0 -9999.0 -9999.0 -9999.0 -9999.0 -9999.0 -9999.0 -9999.0 -9999.0 -9999.0 -9999.0 -9999.0 -9999.0 -9999.0 -9999.0 -9999.0 -9999.0 -9999.0 -9999.0 -9999.0 -9999.0 -9999.0 -9999.0 -9999.0 -9999.0 -9999.0 -9999.0 -9999.0 -9999.0 -9999.0 -9999.0 -9999.0 -9999.0 -9999.0 -9999.0 -9999.0 -9999.0 -9999.0 -9999.0 -9999.0 -9999.0 -9999.0 -9999.0 -9999.0 -9999.0 -9999.0 -9999.0 -9999.0 -9999.0 -9999.0 -9999.0 -9999.0 -9999.0 -9999.0 -9999.0 -9999.0 -9999.0 -9999.0 -9999.0 -9999.0 -9999.0 -9999.0 -9999.0 -9999.0 -9999.0 -9999.0 -9999.0 -9999.0 -9999.0 -9999.0 -9999.0 -9999.0 -9999.0 -9999.0
-9999.0 -9999.0 -9999.0 -9999.0 -9999.0 -9999.0 -9999.0 -9999.0 -9999.0 -9999.0 -9999.0 -9999.0 -9999.0 -9999.0 -9999.0 -9999.0 -9999.0 -9999.0 -9999.0 -9999.0 -9999.0 -9999.0 -9999.0 -9999.0 -9999.0 -9999.0 -9999.0 -9999.0 -9999.0 -9999.0 -9999.0 -9999.0 -9999.0 -9999.0 -9999.0 -9999.0 -9999.0 -9999.0 -9999.0 -9999.0 -9999.0 -9999.0 -9999.0 -9999.0 -9999.0 -9999.0 -9999.0 -9999.0 -9999.0 -9999.0 -9999.0 -9999.0 -9999.0 -9999.0 -9999.0 -9999.0 -9999.0 -9999.0 -9999.0 -9999.0 -9999.0 -9999.0 -9999.0 -9999.0 -9999.0 -9999.0 -9999.0 -9999.0 -9999.0 -9999.0 -9999.0 -9999.0 -9999.0 -9999.0 -9999.0 -9999.0 -9999.0 -9999.0 -9999.0 -9999.0
-9999.0 -9999.0 -9999.0 -9999.0 -9999.0 -9999.0 -9999.0 -9999.0 -9999.0 -9999.0 -9999.0 -9999.0 -9999.0 -9999.0 -9999.0 -9999.0 -9999.0 -9999.0 -9999.0 -9999.0 946.785120 949.716613 928.334797 895.564822 868.665428 872.052431 907.916195 950.573300 990.575428 1001.963561 985.416202 989.155002 985.718672 985.457969 988.748712 996.316095 1001.216439 1013.100808 1022.381003 1023.011143 1017.997054 1013.815472 1014.780984 1018.028625 1023.101229 1011.405438 1024.181671 1038.046584 1041.811083 1034.973628 1006.178574 988.914200 978.177882 960.888294 983.649768 993.834169 1015.074651 1017.832030 1014.889384 986.844314 956.097272 -9999.0 -9999.0 -9999.0 -9999.0 -9999.0 -9999.0 -9999.0 -9999.0 -9999.0 -9999.0 -9999.0 -9999.0 -9999.0 -9999.0 -9999.0 -9999.0 -9999.0 -9999.0 -9999.0
-9999.0 -9999.0 -9999.0 -9999.0 -9999.0 -9999.0 -9999.0 -9999.0 -9999.0 -9999.0 -9999.0 -9999.0 -9999.0 -9999.0 853.607078 844.711438 842.930066 852.398139 886.988258 918.003968 930.460933 923.873002 925.046765 902.690327 883.378795 898.761465 930.074049 963.450695 999.877595 1021.824332 1012.028867 1011.231844 1022.205409 1048.540287 1062.307721 1060.463504 1041.479899 1065.670820 1082.542023 1092.468764 1093.425762 1086.280765 1100.065377 1116.019166 1108.787606 1090.653676 1094.393861 1104.816171 1115.381485 1099.632052 1034.006074 1012.698780 1006.241433 997.383552 981.304776 973.149376 996.871930 995.416269 985.699070 966.416719 932.669595 887.804823 868.389147 905.998129 948.752176 1005.135342 -9999.0 -9999.0 -9999.0 -9999.0 -9999.0 -9999.0 -9999.0 -9999.0 -9999.0 -9999.0 -9999.0 -9999.0 -9999.0 -9999.0
-9999.0 -9999.0 -9999.0 -9999.0 -9999.0 -9999.0 -9999.0 -9999.0 -9999.0 793.181835 798.343366 806.565267 809.942551 826.645996 825.167971 833.398458 841.702318 869.963207 902.298968 938.585012 968.465473 960.831238 962.896083 974.649555 979.773988 993.487154 1017.117321 1059.981337 1102.487365 1145.767350 1119.204909 1118.692259 1139.338962 1187.570179 1221.656196 1229.618846 1211.857205 1221.227423 1247.977777 1272.488260 1274.626442 1274.210718 1300.268054 1314.553333 1315.274640 1293.799889 1278.723337 1276.719367 1299.702303 1245.900901 1177.568309 1125.176186 1126.653569 1094.196216 1053.830036 1031.496686 1026.687446 1045.242680 1028.298477 989.242387 951.310129 938.882611 920.091025 935.756497 956.557694 1001.499582 1038.988130 1066.198657 1064.618657 1046.321240 -9999.0 -9999.0 -9999.0 -9999.0 -9999.0 -9999.0 -9999.0 -9999.0 -9999.0 -9999.0
-9999.0 -9999.0 -9999.0 -9999.0 -9999.0 -9999.0 712.982743 723.124556 744.241083 749.813234 776.178673 784.721706 806.613883 827.276983 850.284227 868.374214 900.144361 934.799865 977.517274 1022.580438 1056.751510 1053.946054 1066.747244 1099.674087 1140.744982 1171.704379 1199.033720 1242.103504 1321.729824 1366.922485 1376.677630 1383.208576 1393.961848 1442.742474 1506.711360 1522.514602 1502.449897 1488.480213 1509.718624 1547.904462 1557.301050 1560.653161 1571.681993 1581.262513 1606.333510 1595.410977 1552.932419 1535.856163 1531.182172 1513.373073 1451.945952 1387.844195 1351.210869 1299.048063 1213.523807 1156.210642 1160.128779 1175.676584 1143.588982 1086.775160 1042.997174 1029.910681 1012.660005 997.233470 1001.385415 1018.584823 1039.048417 1048.455889 1033.897836 1011.487259 987.526493 957.816875 958.899310 983.596555 -9999.0 -9999.0 -9999.0 -9999.0 -9999.0 -9999.0
-9999.0 -9999.0 -9999.0 -9999.0 662.103458 675.562724 664.153541 690.068512 723.771581 759.092451 792.395235 830.851445 859.918865 892.113301 934.737257 971.809408 1016.580329 1054.929367 1112.284891 1183.265204 1237.604730 1265.186611 1284.084731 1344.744542 1407.099826 1460.127346 1482.198263 1511.601158 1557.419431 1620.254600 1649.051891 1656.836273 1674.575845 1709.348617 1755.794201 1788.826016 1772.576078 1765.526468 1772.064396 1784.750346 1810.198935 1812.915917 1815.422060 1817.793378 1821.643211 1819.684394 1793.971335 1759.212570 1743.843750 1733.293857 1703.853832 1635.098816 1592.511940 1560.365720 1525.780401 1473.404273 1408.059815 1389.807431 1330.509715 1270.336974 1204.090087 1178.854218 1145.194478 1116.559398 1084.236454 1082.694954 1082.957040 1059.897963 1025.594334 991.573385 975.126541 955.270108 943.524737 972.851559 989.870274 1019.870259 -9999.0 -9999.0 -9999.0 -9999.0
-9999.0 -9999.0 601.895276 651.121220 708.690659 718.403443 720.158674 727.324487 757.204109 810.941394 888.584417 941.371042 986.581494 1023.062260 1085.875649 1168.841385 1245.251607 1297.407407 1359.268865 1430.234954 1493.780259 1530.062587 1550.934385 1591.045671 1644.418080 1704.818677 1731.450033 1758.508954 1790.526951 1825.167389 1838.611063 1853.299767 1861.667576 1864.174779 1869.439268 1870.894260 1866.242922 1860.549661 1842.219978 1838.865418 1846.590412 1852.285343 1854.282719 1841.197284 1837.133543 1850.027768 1852.892086 1851.191344 1850.097130 1856.794905 1860.573852 1822.119442 1782.482940 1765.798057 1755.042093 1710.807320 1646.196632 1602.282711 1577.717749 1533.773627 1454.923670 1401.540369 1348.870364 1297.255075 1241.353562 1206.388178 1155.908893 1110.064903 1060.721235 1012.456456 987.285004 968.000774 964.588500 963.698071 979.116102 993.891349 1008.778634 1016.320473 -9999.0 -9999.0
-9999.0 498.896862 571.597535 698.488661 779.315735 825.185416 859.373463 884.901974 915.257590 942.501734 1050.306584 1143.960560 1238.001692 1277.813681 1331.484762 1430.698469 1526.762030 1573.566903 1611.943982 1667.482213 1727.230293 1775.081964 1804.904844 1818.757952 1852.145976 1864.047247 1866.799002 1870.171090 1866.602952 1859.435391 1850.911762 1857.323002 1853.717739 1834.976736 1818.989040 1815.459021 1808.945634 1783.557758 1754.342571 1739.115114 1741.638210 1764.176392 1752.577742 1732.260453 1728.586656 1749.499778 1768.467746 1760.099720 1748.841340 1767.143694 1802.381222 1824.843928 1835.828530 1852.018499 1872.548279 1847.360471 1818.141115 1775.922049 1755.513233 1725.385967 1665.698264 1603.094051 1547.388212 1485.316693 1417.018767 1346.552964 1280.155241 1215.245398 1145.846362 1102.440719 1069.500668 1017.931912 995.630283 996.235032 986.414826 982.757412 988.190312 994.203526 -9999.0 -9999.0
-9999.0 419.331835 562.095764 747.260108 896.560225 957.517137 1062.941654 1144.785340 1175.624955 1150.707114 1261.491539 1481.528875 1582.572735 1601.077092 1672.780003 1759.598061 1782.000238 1814.480004 1836.636161 1845.746887 1853.376453 1863.408083 1862.622853 1857.503461 1843.474589 1835.721736 1834.147293 1830.558332 1811.948451 1791.804015 1773.369397 1768.359824 1749.292035 1705.505655 1672.204638 1654.299048 1637.028758 1614.949218 1580.483145 1552.937147 1538.047797 1553.838103 1546.584969 1529.920737 1526.311588 1548.647159 1581.432072 1577.895876 1586.306938 1609.238576 1650.195081 1691.104749 1714.672169 1745.333906 1782.860963 1827.563652 1843.895498 1865.287654 1869.516138 1849.647613 1804.891737 1751.811488 1715.931824 1651.259950 1576.566421 1496.171993 1429.220779 1364.581826 1293.231212 1244.705291 1196.139783 1137.776210 1082.156942 1057.201789 1016.629977 995.973045 -9999.0 -9999.0 -9999.0 -9999.0
-9999.0 341.697848 530.304512 789.808559 1065.045753 1180.122934 1384.487712 1513.876719 1573.730185 1640.500514 1625.787948 1768.368314 1806.491014 1803.082116 1801.416536 1806.162780 1822.385492 1826.714514 1823.815736 1814.352986 1805.542762 1801.755713 1800.575096 1792.913745 1780.479605 1764.980377 1750.856906 1736.351462 1696.488348 1661.834129 1625.353979 1609.296673 1569.710158 1478.205724 1434.767519 1398.694976 1341.804859 1333.880240 1325.882491 1296.532319 1276.323488 1256.230177 1277.471719 1281.291311 1283.710627 1288.306499 1306.551007 1330.584284 1375.527306 1412.951243 1458.403188 1511.882396 1547.473776 1591.933728 1639.653150 1697.118444 1730.820500 1762.485146 1810.135959 1849.602087 1872.429468 1860.726610 1831.565738 1783.661475 1710.574595 1640.330330 1587.078043 1510.863518 1444.156126 1390.913030 1345.987311 1295.718186 1230.207696 1146.943337 1103.768952 -9999.0 -9999.0 -9999.0 -9999.0 -9999.0
-9999.0 164.679005 432.441679 721.653248 1038.440645 1365.735805 1496.527684 1628.105172 1700.623343 1664.251108 1667.980803 1690.101912 1732.338800 1741.954293 1724.023011 1716.714761 1706.588196 1707.165138 1720.266717 1694.122390 1664.078408 1650.382410 1649.580843 1637.396530 1613.797328 1595.958212 1582.382531 1560.602305 1511.151293 1459.255672 1377.810499 1347.265898 1270.684019 1211.495337 1165.549094 1115.398082 1063.880323 1061.546402 1077.525044 1061.759446 1038.971674 1020.291074 1046.663227 1064.144450 1076.416339 1065.858512 1075.690331 1112.314594 1162.757025 1208.083199 1259.948968 1316.750970 1364.848821 1414.391976 1448.422599 1500.766307 1549.519614 1597.396703 1672.081149 1751.493754 1788.586763 1822.999724 1854.904291 1867.891544 1813.597306 1759.407262 1702.103213 1633.909717 1547.047186 1501.321881 1478.795516 1441.730065 1387.806356 -9999.0 -9999.0 -9999.0 -9999.0 -9999.0 -9999.0 -9999.0
-9999.0 37.338114 257.800548 489.875382 776.957367 1015.683675 1209.507981 1320.178193 1400.037280 1429.719251 1461.170606 1495.240723 1527.078709 1550.875229 1530.329536 1492.606466 1465.026379 1469.357685 1465.736048 1441.710935 1411.864046 1396.648560 1394.051115 1386.524715 1361.282510 1345.618399 1333.496099 1309.250954 1273.149686 1215.695252 1134.651972 1062.038025 999.878930 966.218018 935.575523 902.233757 865.600321 875.268563 887.755958 883.636595 872.502064 869.155554 898.354135 917.338694 927.626388 916.077878 935.536922 962.827614 1005.186113 1048.955728 1099.127426 1155.708290 1210.990619 1242.426196 1258.904715 1287.763574 1330.180358 1386.587666 1474.168678 1569.511099 1646.938442 1696.181796 1746.091371 1777.658728 1788.384697 1796.719129 1764.923934 1674.164024 1547.656414 1548.155361 1551.447926 -9999.0 -9999.0 -9999.0 -9999.0 -9999.0 -9999.0 -9999.0 -9999.0 -9999.0
-9999.0 -9999.0 23.731563 203.473565 345.526091 527.213956 678.738201 789.358204 876.173950 984.576040 1086.303392 1168.683430 1213.291139 1231.476562 1216.789192 1182.057272 1159.721151 1159.647862 1149.617957 1137.958627 1116.744658 1108.182556 1097.178543 1088.597438 1077.259373 1070.513966 1064.131887 1051.523420 1027.907242 979.822398 929.337346 877.080628 822.903149 796.797240 774.335860 752.141242 749.901662 746.245286 751.950181 753.192318 759.537511 771.830662 792.086829 813.953702 823.734830 832.279446 845.044033 869.089677 902.651181 945.207684 999.511626 1057.607804 1098.081782 1111.939827 1103.965652 1111.197297 1134.327374 1180.025900 1265.026149 1352.392532 1448.106196 1519.554923 1590.254988 1640.617438 1654.803767 1667.113975 1673.770213 1595.554185 1252.511062 1472.079633 -9999.0 -9999.0 -9999.0 -9999.0 -9999.0 -9999.0 -9999.0 -9999.0 -9999.0 -9999.0
-9999.0 -9999.0 -9999.0 -9999.0 61.578110 217.524294 314.292723 398.242005 525.448569 642.609461 740.516033 821.848386 881.469328 907.344897 901.196082 903.274882 897.574867 892.108689 882.661313 880.176886 877.504108 869.697663 856.069041 848.282905 848.231342 852.143915 849.087163 834.867144 816.862781 792.295709 770.279875 735.169346 698.475713 668.913333 655.457454 649.141063 648.841959 642.214246 651.052714 657.992877 673.025837 688.280471 712.112144 740.916487 754.376079 769.064747 778.959861 799.792078 830.350251 883.866746 947.331012 1005.076679 1040.853201 1045.630651 1021.302088 1006.686598 1004.470734 1034.173652 1082.134381 1152.963205 1257.378978 1333.033233 1393.069591 1438.527116 1469.592787 1511.812843 1553.846330 1575.812857 -9999.0 -9999.0 -9999.0 -9999.0 -9999.0 -9999.0 -9999.0 -9999.0 -9999.0 -9999.0 -9999.0 -9999.0
-9999.0 -9999.0 -9999.0 -9999.0 -9999.0 -9999.0 16.108625 116.079344 199.147554 332.655598 457.689819 555.947518 634.315204 664.021022 687.540958 712.762176 710.068458 692.229694 674.014407 691.844279 704.069229 698.328060 669.027289 668.025965 672.105791 680.336650 678.075332 671.333785 645.927371 655.815222 655.355161 631.789846 605.422398 591.112661 579.150114 588.699358 588.997248 575.676992 576.800276 603.281001 623.313406 636.546470 658.590082 691.778463 724.020318 738.983158 740.335643 746.653520 787.348197 857.767048 929.171413 984.216810 1016.454344 1024.641445 997.429428 957.634704 937.592942 945.546969 981.645294 1036.375683 1114.558684 1166.132792 1195.434297 1212.334100 1233.615834 1323.986949 -9999.0 -9999.0 -9999.0 -9999.0 -9999.0 -9999.0 -9999.0 -9999.0 -9999.0 -9999.0 -9999.0 -9999.0 -9999.0 -9999.0
-9999.0 -9999.0 -9999.0 -9999.0 -9999.0 -9999.0 -9999.0 -9999.0 -9999.0 -9999.0 -9999.0 -9999.0 -9999.0 -9999.0 -9999.0 -9999.0 -9999.0 -9999.0 -9999.0 -9999.0 -9999.0 -9999.0 -9999.0 -9999.0 -9999.0 -9999.0 -9999.0 -9999.0 -9999.0 -9999.0 -9999.0 -9999.0 -9999.0 -9999.0 -9999.0 -9999.0 -9999.0 -9999.0 -9999.0 -9999.0 -9999.0 -9999.0 -9999.0 -9999.0 -9999.0 -9999.0 -9999.0 -9999.0 -9999.0 -9999.0 -9999.0 -9999.0 -9999.0 -9999.0 -9999.0 -9999.0 -9999.0 -9999.0 -9999.0 -9999.0 -9999.0 -9999.0 -9999.0 -9999.0 -9999.0 -9999.0 -9999.0 -9999.0 -9999.0 -9999.0 -9999.0 -9999.0 -9999.0 -9999.0 -9999.0 -9999.0 -9999.0 -9999.0 -9999.0 -9999.0
-9999.0 -9999.0 -9999.0 -9999.0 -9999.0 -9999.0 -9999.0 -9999.0 -9999.0 -9999.0 -9999.0 -9999.0 -9999.0 -9999.0 -9999.0 -9999.0 -9999.0 -9999.0 -9999.0 -9999.0 -9999.0 -9999.0 -9999.0 -9999.0 -9999.0 -9999.0 -9999.0 -9999.0 -9999.0 -9999.0 -9999.0 -9999.0 -9999.0 -9999.0 -9999.0 -9999.0 -9999.0 -9999.0 -9999.0 -9999.0 -9999.0 -9999.0 -9999.0 -9999.0 -9999.0 -9999.0 -9999.0 -9999.0 -9999.0 -9999.0 -9999.0 -9999.0 -9999.0 -9999.0 -9999.0 -9999.0 -9999.0 -9999.0 -9999.0 -9999.0 -9999.0 -9999.0 -9999.0 -9999.0 -9999.0 -9999.0 -9999.0 -9999.0 -9999.0 -9999.0 -9999.0 -9999.0 -9999.0 -9999.0 -9999.0 -9999.0 -9999.0 -9999.0 -9999.0 -9999.0