Borden_/Borden1m_014/output_maps/psiliqL0020N0020.asc
ncols         80
nrows         18
xllcorner     620200.000000
yllcorner     5168000.000000
cellsize      1.000000
NODATA_value  -9999.0
-9999.0 -9999.0 -9999.0 -9999.0 -9999.0 -9999.0 -9999.0 -9999.0 -9999.0 -9999.0 -9999.0 -9999.0 -9999.0 -9999.0 -9999.0 -9999.0 -9999.0 -9999.0 -9999.0 -9999.0 -9999.0 -9999.0 -9999.0 -9999.0 -9999.0 -9999.0 -9999.0 -9999.0 -9999.0 -9999.0 -9999.0 -9999.0 -9999.0 -9999.0 -9999.0 -9999.0 -9999.0 -9999.0 -9999.0 -9999.0 -9999.0 -9999.0 -9999.0 -9999.0 -9999.0 -9999.0 -9999.0 -9999.0 -9999.0 -9999.0 -9999.0 -9999.0 -9999.0 -9999.0 -9999.0 -9999.0 -9999.0 -9999.0 -9999.0 -9999.0 -9999.0 -9999.0 -9999.0 -9999.0 -9999.0 -9999.0 -9999.0 -9999.0 -9999.0 -9999.0 -9999.0 -9999.0 -9999.0 -9999.0 -9999.0 -9999.0 -9999.0 -9999.0 -9999.0 -9999.0
-9999.0 -9999.0 -9999.0 -9999.0 -9999.0 -9999.0 -9999.0 -9999.0 -9999.0 -9999.0 -9999.0 -9999.0 -9999.0 -9999.0 -9999.0 -9999.0 -9999.0 -9999.0 -9999.0 -9999.0 -9999.0 -9999.0 -9999.0 -9999.0 -9999.0 -9999.0 -9999.0 -9999.0 -9999.0 -9999.0 -9999.0 -9999.0 -9999.0 -9999.0 -9999.0 -9999.0 -9999.0 -9999.0 -9999.0 -9999.0 -9999.0 -9999.0 -9999.0 -9999.0 -9999.0 -9999.0 -9999.0 -9999.0 -9999.0 -9999.0 -9999.0 -9999.0 -9999.0 -9999.0 -9999.0 -9999.0 -9999.0 -9999.0 -9999.0 -9999.0 -9999.0 -9999.0 -9999.0 -9999.0 -9999.0 -9999.0 -9999.0 -9999.0 -9999.0 -9999.0 -9999.0 -9999.0 -9999.0 -9999.0 -9999.0 -9999.0 -9999.0 -9999.0 -9999.0 -9999.0
-9999.0 -9999.0 -9999.0 -9999.0 -9999.0 -9999.0 -9999.0 -9999.0 -9999.0 -9999.0 -9999.0 -9999.0 -9999.0 -9999.0 -9999.0 -9999.0 -9999.0 -9999.0 -9999.0 -9999.0 2154.858555 2157.429165 2136.897666 2104.710965 2078.547186 2082.603653 2118.416213 2161.436226 2202.356307 2213.434135 2197.356793 2202.664052 2199.877301 2198.083110 2200.273994 2208.277805 2214.416809 2225.036214 2233.044163 2232.195779 2226.110295 2221.638452 2223.437200 2225.826637 2231.428382 2218.233869 2232.440785 2247.059866 2250.703698 2245.227740 2218.154149 2202.273822 2191.183037 2172.925277 2195.856717 2205.200014 2225.492619 2227.443021 2223.630441 2195.494887 2164.636373 -9999.0 -9999.0 -9999.0 -9999.0 -9999.0 -9999.0 -9999.0 -9999.0 -9999.0 -9999.0 -9999.0 -9999.0 -9999.0 -9999.0 -9999.0 -9999.0 -9999.0 -9999.0 -9999.0
-9999.0 -9999.0 -9999.0 -9999.0 -9999.0 -9999.0 -9999.0 -9999.0 -9999.0 -9999.0 -9999.0 -9999.0 -9999.0 -9999.0 2059.643282 2051.628279 2050.509053 2060.235649 2095.018488 2126.570313 2138.737553 2132.587879 2134.195449 2112.030327 2092.484964 2107.999868 2139.747380 2172.798826 2209.011115 2230.369267 2221.901595 2221.905748 2232.096461 2256.005345 2267.153868 2264.458903 2246.043619 2270.378692 2285.139938 2291.995196 2291.370985 2282.842216 2293.745204 2308.513595 2301.286487 2284.684277 2292.288441 2304.844168 2315.075290 2302.732351 2239.925419 2222.048935 2215.462637 2207.286075 2191.157081 2183.867513 2208.393180 2205.485408 2195.413807 2176.047366 2141.819248 2096.572371 2076.370744 2114.167683 2156.082634 2211.134076 -9999.0 -9999.0 -9999.0 -9999.0 -9999.0 -9999.0 -9999.0 -9999.0 -9999.0 -9999.0 -9999.0 -9999.0 -9999.0 -9999.0
-9999.0 -9999.0 -9999.0 -9999.0 -9999.0 -9999.0 -9999.0 -9999.0 -9999.0 1997.582709 2003.734724 2012.316760 2016.486724 2033.580016 2031.893846 2040.643713 2048.254686 2077.574448 2109.907750 2146.034565 2175.326067 2168.406492 2170.009274 2179.286616 2180.756371 2193.173234 2216.671707 2258.224964 2295.692151 2336.735155 2309.003977 2308.344753 2328.821312 2374.081304 2402.282488 2406.612101 2388.278491 2401.106841 2425.413063 2444.501888 2443.148546 2439.504671 2464.099539 2478.462152 2475.553732 2454.448150 2448.125324 2451.421445 2477.686173 2425.792063 2358.507917 2312.098579 2318.953738 2290.859577 2256.531953 2238.003316 2234.437645 2252.226483 2235.913092 2197.534512 2160.888660 2147.574357 2128.185787 2144.849459 2165.263017 2209.107519 2246.559768 2273.445849 2270.881212 2252.110318 -9999.0 -9999.0 -9999.0 -9999.0 -9999.0 -9999.0 -9999.0 -9999.0 -9999.0 -9999.0
-9999.0 -9999.0 -9999.0 -9999.0 -9999.0 -9999.0 1916.851804 1927.966599 1949.897601 1954.707696 1982.160155 1990.274747 2012.213131 2032.772147 2056.700769 2073.850460 2104.052132 2138.185792 2179.043027 2221.984725 2254.844384 2248.893778 2260.230664 2287.626289 2323.526924 2350.330463 2376.828044 2418.232777 2495.194602 2538.094625 2541.862690 2547.968577 2559.318138 2609.940485 2673.872459 2684.765017 2663.842326 2649.733517 2671.415718 2708.331139 2710.984818 2712.118414 2726.830516 2737.516323 2763.438418 2752.193580 2711.379748 2700.845237 2703.930936 2683.754906 2617.605152 2554.895539 2524.624844 2471.699151 2387.564373 2336.665428 2348.945631 2368.438688 2339.343701 2284.810451 2244.508957 2233.348030 2216.980900 2203.579400 2209.848390 2227.670556 2247.564434 2256.917829 2241.617223 2218.289576 2194.289989 2164.007385 2164.574389 2188.487446 -9999.0 -9999.0 -9999.0 -9999.0 -9999.0 -9999.0
-9999.0 -9999.0 -9999.0 -9999.0 1865.255931 1879.351640 1867.357312 1894.751868 1929.039728 1964.928240 1996.768781 2033.693685 2061.829986 2093.447821 2133.261404 2164.691208 2205.012174 2241.032836 2296.010338 2364.446760 2415.493054 2437.168554 2452.631132 2511.564419 2574.409771 2627.484816 2650.073390 2679.188082 2727.647261 2789.687222 2818.007866 2825.582338 2844.652290 2884.677648 2936.553983 2845.590477 2828.041096 2820.080954 2828.063970 2840.520732 2862.697552 2862.946856 2864.083817 2867.235855 2873.460412 2872.704351 2848.398624 2817.023048 2923.553170 2913.264162 2878.688869 2806.247323 2767.688685 2734.353246 2693.160786 2638.152149 2579.664539 2568.472507 2508.476150 2448.197128 2388.564644 2369.706410 2339.831160 2314.641576 2287.310808 2289.482762 2292.179552 2269.859626 2234.621976 2200.141881 2183.298402 2162.647097 2149.331882 2178.014445 2193.974098 2222.684175 -9999.0 -9999.0 -9999.0 -9999.0
-9999.0 -9999.0 1803.593150 1851.660804 1910.311305 1919.849285 1919.191152 1926.160129 1956.367665 2009.997905 2082.195845 2128.798110 2167.847689 2204.020495 2264.389690 2338.667616 2408.410175 2457.448523 2523.079752 2597.520958 2661.645988 2693.349600 2709.959532 2754.395284 2812.661278 2880.642166 2910.070518 2938.256066 2841.283774 2873.792110 2874.967362 2887.207722 2897.806683 2905.960762 2916.626593 2920.396076 2916.355085 2911.936206 2894.967125 2890.556731 2897.163223 2902.549663 2903.841465 2889.873067 2886.045243 2900.513066 2904.733838 2903.553598 2904.331018 2909.031043 2908.241446 2864.662549 2837.588043 2824.260924 2937.162227 2890.286812 2822.681778 2782.543339 2757.943927 2709.594656 2630.963391 2582.404745 2532.503501 2486.307466 2434.378332 2406.519477 2360.899013 2317.987192 2269.869292 2221.483889 2195.836962 2176.345922 2171.947816 2169.373211 2183.985717 2197.465197 2211.475730 2218.556210 -9999.0 -9999.0
-9999.0 1696.530268 1768.857797 1894.148917 1975.190129 2019.028018 2042.959684 2059.820296 2090.545021 2123.624964 2222.579368 2295.976504 2386.136400 2428.288543 2479.380017 2578.212440 2676.804380 2729.675617 2774.004150 2838.180070 2904.021858 2828.240406 2853.249073 2847.741664 2883.827896 2904.938707 2910.520113 2915.624333 2912.422825 2904.103263 2896.426006 2903.112922 2901.309791 2882.670330 2867.049155 2865.147348 2861.521696 2839.868183 2935.628059 2918.266360 2918.803180 2825.290855 2929.799287 2908.770121 2905.236149 2927.773201 2828.225976 2818.655418 2933.289515 2823.162817 2855.813834 2878.436971 2884.031347 2901.549851 2922.222076 2894.797716 2870.014417 2829.456617 2941.082928 2910.825740 2850.728751 2790.742768 2734.545423 2671.554904 2606.190082 2541.773530 2478.880354 2415.809882 2349.583707 2306.823920 2274.332109 2223.542179 2202.281983 2202.380799 2191.953623 2187.186574 2191.112525 2196.512179 -9999.0 -9999.0
-9999.0 1608.427478 1749.721236 1932.310695 2080.705046 2134.421498 2220.752479 2292.880168 2318.523508 2281.833041 2390.320198 2612.103785 2731.658945 2755.336591 2834.010402 2819.095831 2817.871134 2848.078475 2869.885838 2887.208402 2901.302643 2911.889233 2909.771580 2904.083037 2888.690204 2881.140394 2881.678457 2879.715180 2862.815452 2844.026770 2826.973830 2824.727268 2934.202703 2885.248368 2849.872159 2829.604927 2808.429969 2787.654863 2755.538476 2726.178976 2706.583099 2719.135272 2716.522674 2699.764982 2696.344519 2719.887694 2751.951533 2752.518261 2768.090729 2791.681807 2832.786823 2874.752118 2899.256361 2931.766070 2834.824514 2878.686112 2890.515263 2912.518163 2916.331302 2901.910899 2858.963753 2941.356783 2905.643573 2841.443677 2769.976762 2689.882219 2625.336469 2562.872914 2492.589169 2445.620658 2396.476529 2336.373226 2282.858422 2261.781924 2220.947559 2201.105922 -9999.0 -9999.0 -9999.0 -9999.0
-9999.0 1518.232096 1702.537795 1952.637097 2240.205851 2336.441479 2545.150824 2674.995243 2729.373312 2802.178308 2738.104241 2825.771763 2866.707022 2860.144942 2866.550759 2868.073665 2881.843995 2882.623769 2878.137770 2867.996671 2859.311537 2855.366163 2854.113403 2846.372358 2834.086187 2820.883490 2936.847538 2922.060567 2882.065524 2846.791723 2806.166794 2788.815577 2745.326472 2648.736349 2605.431939 2565.227981 2503.000301 2497.137874 2494.117880 2464.204538 2444.175183 2418.162675 2443.688001 2452.984896 2457.126366 2456.848203 2472.150092 2502.906855 2553.503086 2593.272826 2638.969200 2693.010325 2732.413768 2778.047612 2823.470492 2880.710516 2916.572769 2950.048188 2861.528594 2897.450903 2918.865261 2907.934899 2886.165824 2844.897838 2905.286634 2840.129931 2791.539897 2718.711942 2654.123121 2600.345722 2549.432239 2492.513030 2423.105622 2348.590021 2306.270062 -9999.0 -9999.0 -9999.0 -9999.0 -9999.0
-9999.0 1317.706556 1583.831787 1861.966318 2159.046307 2498.313849 2658.057021 2777.235559 2851.111161 2830.480705 2849.095581 2866.597527 2811.964920 2818.561212 2906.338165 2897.890454 2886.327927 2888.151045 2903.053546 2877.954150 2849.158458 2835.507290 2834.189226 2820.568934 2794.116680 2775.148126 2763.030284 2740.273082 2689.331609 2636.202472 2550.483383 2514.398052 2432.967806 2384.282266 2341.967355 2291.367007 2240.331732 2239.806921 2258.631849 2245.082946 2222.793593 2204.435590 2232.342706 2252.731220 2266.329889 2253.754082 2263.374329 2300.457899 2351.588676 2397.414516 2447.761667 2504.121839 2551.511910 2599.617126 2630.686382 2679.751357 2732.118092 2781.630470 2857.093943 2939.559604 2841.322368 2873.929084 2905.306120 2924.651191 2882.787930 2851.730575 2825.400754 2857.054947 2784.564587 2734.486867 2699.873609 2645.495045 2583.874675 -9999.0 -9999.0 -9999.0 -9999.0 -9999.0 -9999.0 -9999.0
-9999.0 1198.195374 1404.952796 1616.763636 1885.778952 2122.866404 2335.252996 2440.223273 2521.466922 2578.371309 2625.515504 2663.928692 2695.729654 2720.885756 2703.542715 2662.333177 2634.107928 2640.280767 2635.210120 2613.686179 2585.452003 2570.798338 2566.473249 2558.005102 2532.049325 2516.295808 2504.138710 2479.568915 2448.754737 2392.833084 2315.083136 2239.428192 2180.281550 2152.745432 2124.877575 2093.396715 2060.586880 2070.462874 2081.307933 2078.760499 2069.589363 2067.783949 2096.746828 2116.162936 2126.533775 2116.245853 2136.340009 2163.132840 2204.839372 2249.322677 2299.118738 2354.349825 2408.851621 2437.764767 2450.188475 2473.147115 2512.227757 2567.005310 2653.833507 2752.425507 2834.033346 2885.528725 2939.560813 2843.807705 2867.195775 2893.619946 2905.096856 2885.418675 2849.111641 2821.486579 2795.417425 -9999.0 -9999.0 -9999.0 -9999.0 -9999.0 -9999.0 -9999.0 -9999.0 -9999.0
-9999.0 -9999.0 1175.374389 1341.348571 1460.871698 1633.441537 1781.460380 1892.281489 1989.237288 2118.256566 2233.134130 2323.161052 2368.846254 2387.193473 2375.595302 2347.925528 2330.392748 2331.419885 2321.420366 2313.158927 2295.701351 2288.119706 2274.638732 2264.859376 2255.270998 2249.603047 2243.491052 2232.101584 2211.035915 2165.312533 2120.567042 2071.072707 2019.369778 1994.377453 1973.040922 1952.497257 1952.567034 1947.240689 1951.926140 1953.538142 1961.294044 1974.415011 1994.180981 2016.743097 2026.915476 2037.045585 2049.836621 2073.931448 2107.215357 2150.125651 2204.831778 2263.881628 2304.849819 2318.237895 2308.440263 2312.681973 2331.303823 2372.705356 2450.792971 2534.278775 2632.791995 2706.728276 2782.428151 2837.500875 2857.281943 2878.276445 2835.088642 2865.888510 2874.516494 2861.650155 -9999.0 -9999.0 -9999.0 -9999.0 -9999.0 -9999.0 -9999.0 -9999.0 -9999.0 -9999.0
-9999.0 -9999.0 -9999.0 -9999.0 1201.812739 1353.536893 1451.472758 1533.929196 1665.954173 1791.636015 1895.172893 1980.686213 2046.190868 2073.799096 2073.306061 2085.000255 2083.177769 2076.618304 2066.956137 2068.623814 2069.903088 2062.509814 2046.458104 2038.453796 2039.230129 2043.949766 2040.415847 2026.070161 2007.339685 1987.531991 1969.575191 1936.153918 1901.226834 1872.216365 1859.046359 1853.952578 1853.375838 1845.594357 1853.738743 1861.444252 1876.767126 1891.856423 1915.488708 1944.827962 1959.273459 1974.493960 1984.436033 2004.979269 2035.872781 2089.801107 2153.968231 2212.760283 2250.210109 2255.618093 2232.212827 2217.196015 2213.454899 2241.188086 2284.958868 2350.240018 2451.942376 2527.037579 2584.178532 2630.002094 2665.279591 2716.889012 2779.403389 2825.257057 -9999.0 -9999.0 -9999.0 -9999.0 -9999.0 -9999.0 -9999.0 -9999.0 -9999.0 -9999.0 -9999.0 -9999.0
-9999.0 -9999.0 -9999.0 -9999.0 -9999.0 -9999.0 1169.162680 1272.895900 1348.344740 1493.235732 1630.227623 1734.531524 1816.653325 1850.903373 1881.377940 1910.673907 1910.714881 1892.246825 1872.487668 1892.622345 1908.533272 1902.121168 1870.710565 1870.290994 1875.047887 1882.144313 1878.918363 1871.987593 1846.569306 1859.712395 1861.513880 1838.216044 1812.238935 1798.626313 1786.636287 1796.054548 1795.908837 1781.663492 1781.278005 1808.305752 1828.752333 1841.710727 1863.200467 1896.502839 1929.155321 1944.951074 1946.661140 1952.850021 1992.277988 2062.784468 2135.410436 2192.000649 2225.690729 2234.786321 2209.172511 2170.072016 2150.710678 2158.400110 2193.267790 2245.171478 2320.863648 2370.241487 2395.279214 2407.542125 2425.195018 2519.039022 -9999.0 -9999.0 -9999.0 -9999.0 -9999.0 -9999.0 -9999.0 -9999.0 -9999.0 -9999.0 -9999.0 -9999.0 -9999.0 -9999.0
-9999.0 -9999.0 -9999.0 -9999.0 -9999.0 -9999.0 -9999.0 -9999.0 -9999.0 -9999.0 -9999.0 -9999.0 -9999.0 -9999.0 -9999.0 -9999.0 -9999.0 -9999.0 -9999.0 -9999.0 -9999.0 -9999.0 -9999.0 -9999.0 -9999.0 -9999.0 -9999.0 -9999.0 -9999.0 -9999.0 -9999.0 -9999.0 -9999.0 -9999.0 -9999.0 -9999.0 -9999.0 -9999.0 -9999.0 -9999.0 -9999.0 -9999.0 -9999.0 -9999.0 -9999.0 -9999.0 -9999.0 -9999.0 -9999.0 -9999.0 -9999.0 -9999.0 -9999.0 -9999.0 -9999.0 -9999.0 -9999.0 -9999.0 -9999.0 -9999.0 -9999.0 -9999.0 -9999.0 -9999.0 -9999.0 -9999.0 -9999.0 -9999.0 -9999.0 -9999.0 -9999.0 -9999.0 -9999.0 -9999.0 -9999.0 -9999.0 -9999.0 -9999.0 -9999.0 -9999.0
-9999.0 -9999.0 -9999.0 -9999.0 -9999.0 -9999.0 -9999.0 -9999.0 -9999.0 -9999.0 -9999.0 -9999.0 -9999.0 -9999.0 -9999.0 -9999.0 -9999.0 -9999.0 -9999.0 -9999.0 -9999.0 -9999.0 -9999.0 -9999.0 -9999.0 -9999.0 -9999.0 -9999.0 -9999.0 -9999.0 -9999.0 -9999.0 -9999.0 -9999.0 -9999.0 -9999.0 -9999.0 -9999.0 -9999.0 -9999.0 -9999.0 -9999.0 -9999.0 -9999.0 -9999.0 -9999.0 -9999.0 -9999.0 -9999.0 -9999.0 -9999.0 -9999.0 -9999.0 -9999.0 -9999.0 -9999.0 -9999.0 -9999.0 -9999.0 -9999.0 -9999.0 -9999.0 -9999.0 -9999.0 -9999.0 -9999.0 -9999.0 -9999.0 -9999.0 -9999.0 -9999.0 -9999.0 -9999.0 -9999.0 -9999.0 -9999.0 -9999.0 -9999.0 -9999.0 -9999.0