Borden_/Borden1m_014/output_maps/psiliqL0001N0009.asc
ncols         80
nrows         18
xllcorner     620200.000000
yllcorner     5168000.000000
cellsize      1.000000
NODATA_value  -9999.0
-9999.0 -9999.0 -9999.0 -9999.0 -9999.0 -9999.0 -9999.0 -9999.0 -9999.0 -9999.0 -9999.0 -9999.0 -9999.0 -9999.0 -9999.0 -9999.0 -9999.0 -9999.0 -9999.0 -9999.0 -9999.0 -9999.0 -9999.0 -9999.0 -9999.0 -9999.0 -9999.0 -9999.0 -9999.0 -9999.0 -9999.0 -9999.0 -9999.0 -9999.0 -9999.0 -9999.0 -9999.0 -9999.0 -9999.0 -9999.0 -9999.0 -9999.0 -9999.0 -9999.0 -9999.0 -9999.0 -9999.0 -9999.0 -9999.0 -9999.0 -9999.0 -9999.0 -9999.0 -9999.0 -9999.0 -9999.0 -9999.0 -9999.0 -9999.0 -9999.0 -9999.0 -9999.0 -9999.0 -9999.0 -9999.0 -9999.0 -9999.0 -9999.0 -9999.0 -9999.0 -9999.0 -9999.0 -9999.0 -9999.0 -9999.0 -9999.0 -9999.0 -9999.0 -9999.0 -9999.0
-9999.0 -9999.0 -9999.0 -9999.0 -9999.0 -9999.0 -9999.0 -9999.0 -9999.0 -9999.0 -9999.0 -9999.0 -9999.0 -9999.0 -9999.0 -9999.0 -9999.0 -9999.0 -9999.0 -9999.0 -9999.0 -9999.0 -9999.0 -9999.0 -9999.0 -9999.0 -9999.0 -9999.0 -9999.0 -9999.0 -9999.0 -9999.0 -9999.0 -9999.0 -9999.0 -9999.0 -9999.0 -9999.0 -9999.0 -9999.0 -9999.0 -9999.0 -9999.0 -9999.0 -9999.0 -9999.0 -9999.0 -9999.0 -9999.0 -9999.0 -9999.0 -9999.0 -9999.0 -9999.0 -9999.0 -9999.0 -9999.0 -9999.0 -9999.0 -9999.0 -9999.0 -9999.0 -9999.0 -9999.0 -9999.0 -9999.0 -9999.0 -9999.0 -9999.0 -9999.0 -9999.0 -9999.0 -9999.0 -9999.0 -9999.0 -9999.0 -9999.0 -9999.0 -9999.0 -9999.0
-9999.0 -9999.0 -9999.0 -9999.0 -9999.0 -9999.0 -9999.0 -9999.0 -9999.0 -9999.0 -9999.0 -9999.0 -9999.0 -9999.0 -9999.0 -9999.0 -9999.0 -9999.0 -9999.0 -9999.0 -498.409207 -497.167507 -499.123490 -501.197267 -503.115027 -503.516141 -501.485055 -499.431122 -496.992833 -496.763435 -499.232100 -498.379827 -499.453015 -500.270219 -500.521990 -499.832691 -499.432650 -498.728809 -498.374365 -498.794967 -499.487998 -499.874881 -500.426037 -500.436850 -499.506005 -500.725060 -499.110939 -497.751590 -497.427854 -497.078518 -498.516070 -498.912773 -498.998918 -501.052212 -497.407528 -496.748293 -494.592290 -494.583512 -493.862435 -496.253482 -498.625872 -9999.0 -9999.0 -9999.0 -9999.0 -9999.0 -9999.0 -9999.0 -9999.0 -9999.0 -9999.0 -9999.0 -9999.0 -9999.0 -9999.0 -9999.0 -9999.0 -9999.0 -9999.0 -9999.0
-9999.0 -9999.0 -9999.0 -9999.0 -9999.0 -9999.0 -9999.0 -9999.0 -9999.0 -9999.0 -9999.0 -9999.0 -9999.0 -9999.0 -500.561800 -501.867565 -502.521273 -503.237731 -501.405726 -500.226921 -500.688333 -502.046831 -500.627508 -502.991832 -505.193711 -503.916839 -502.503243 -501.820705 -500.159255 -498.764950 -500.364773 -500.772400 -500.118668 -497.404266 -496.454588 -497.214204 -501.165161 -497.552462 -496.217619 -495.361624 -495.478469 -497.283153 -495.125989 -492.566104 -494.069519 -496.789901 -496.041643 -494.643499 -492.180885 -492.685898 -501.140665 -501.006699 -500.186591 -499.546763 -500.701255 -501.684131 -498.082584 -498.932782 -499.291960 -499.202738 -500.561766 -503.481160 -504.963613 -501.531447 -499.249524 -493.805649 -9999.0 -9999.0 -9999.0 -9999.0 -9999.0 -9999.0 -9999.0 -9999.0 -9999.0 -9999.0 -9999.0 -9999.0 -9999.0 -9999.0
-9999.0 -9999.0 -9999.0 -9999.0 -9999.0 -9999.0 -9999.0 -9999.0 -9999.0 -501.794383 -502.298051 -502.006277 -503.098883 -502.066678 -504.400095 -504.015263 -504.675767 -503.424135 -502.860850 -501.470224 -499.069856 -501.302469 -501.657895 -500.345908 -500.618667 -500.668633 -500.190059 -496.746356 -493.402311 -486.706880 -493.551087 -493.902575 -491.647610 -482.522130 -468.558532 -465.249435 -470.687913 -471.481278 -464.512282 -456.657209 -457.409821 -458.254163 -450.880759 -447.162151 -444.219732 -450.130416 -456.152189 -457.649624 -448.312913 -464.349000 -482.998726 -493.195861 -490.071699 -493.977093 -498.200571 -499.412429 -500.300112 -496.206610 -497.303200 -500.152912 -502.458718 -500.771793 -502.453485 -500.833413 -500.364063 -496.415607 -493.170393 -489.768814 -489.612493 -491.915173 -9999.0 -9999.0 -9999.0 -9999.0 -9999.0 -9999.0 -9999.0 -9999.0 -9999.0 -9999.0
-9999.0 -9999.0 -9999.0 -9999.0 -9999.0 -9999.0 -503.166288 -503.482282 -502.897434 -505.890225 -504.307713 -505.884769 -504.854483 -504.684794 -504.223635 -504.713205 -503.266075 -502.310026 -500.503980 -498.115046 -495.664357 -497.947261 -497.460189 -493.889240 -487.699636 -481.997571 -474.905929 -465.397883 -441.350259 -425.252381 -418.061213 -415.417063 -410.201655 -351.541874 -25.482895 2.778576 2.675022 2.534476 2.678790 2.963868 2.961933 2.922462 2.965325 2.995593 3.276935 3.231689 2.911970 2.841539 2.774663 -11.587326 -308.253476 -409.983879 -431.118095 -446.866620 -468.679669 -483.577632 -487.271598 -483.056602 -487.616547 -494.361408 -498.065386 -497.231461 -497.649788 -499.391912 -498.451159 -497.069411 -494.686381 -493.020745 -494.131509 -495.396132 -495.887768 -498.660208 -498.064693 -495.312153 -9999.0 -9999.0 -9999.0 -9999.0 -9999.0 -9999.0
-9999.0 -9999.0 -9999.0 -9999.0 -506.896974 -505.734524 -509.513036 -507.595196 -506.347401 -505.602675 -506.285701 -504.880725 -505.011952 -504.289575 -502.365415 -501.605570 -499.109552 -497.731254 -492.193459 -481.348793 -465.983231 -457.146747 -454.187941 -432.960968 -398.166461 -303.384474 -34.801385 2.576274 2.855623 3.304262 3.477042 3.480612 3.632877 4.016364 4.870719 5.513657 5.157572 5.114477 5.158331 5.178833 5.603804 5.493063 5.540528 5.439294 5.533459 5.895419 5.301372 5.001175 4.930129 4.815917 4.215383 3.417590 3.137364 2.995539 2.794534 -44.195432 -395.286112 -415.686072 -439.691217 -456.073758 -478.949493 -482.930614 -487.606552 -490.127695 -494.410645 -493.081293 -491.320967 -493.396752 -495.897443 -498.292148 -497.949293 -498.911560 -500.677285 -496.795342 -496.026501 -492.279868 -9999.0 -9999.0 -9999.0 -9999.0
-9999.0 -9999.0 -506.525323 -506.974815 -504.132052 -506.488886 -507.891124 -509.849977 -509.548450 -507.174998 -503.009688 -502.506837 -500.482678 -499.905277 -494.330945 -481.136763 -459.289402 -446.290373 -425.615335 -373.783557 -44.556598 2.678371 2.810503 3.044368 3.470208 4.146637 4.733827 4.999316 5.179115 5.491463 25.289766 39.456495 44.672917 39.009415 38.528999 36.108319 35.197322 31.164650 15.165632 12.906564 19.930097 21.923697 25.371431 13.218551 9.574082 21.985113 24.065313 25.001706 26.989827 35.582830 44.888718 16.953641 5.050779 5.040722 5.097842 4.599250 3.558985 3.191232 3.101134 -3.709513 -315.685100 -406.747891 -434.012709 -455.538000 -471.859581 -477.383299 -485.564777 -490.049892 -494.143113 -498.366754 -499.168885 -499.457817 -498.313269 -499.229349 -497.262933 -496.122143 -493.911270 -493.278773 -9999.0 -9999.0
-9999.0 -506.920137 -508.633937 -503.787098 -504.181714 -504.050435 -503.968844 -503.742047 -502.929522 -505.737672 -494.945396 -473.894687 -453.142161 -447.895291 -430.882707 -338.981785 -23.550828 2.909721 3.201054 3.694531 4.642231 5.110968 5.323532 22.625063 44.226531 40.601508 36.761831 36.101658 27.637839 20.400728 10.388291 18.262181 16.986930 5.536651 5.212386 5.350860 5.347528 5.086953 4.879107 4.793078 4.859670 5.225310 5.012923 4.807257 4.751144 4.951927 5.210153 4.993904 4.801911 4.954146 5.275480 5.523078 14.538763 28.529350 47.517541 26.521529 5.410034 5.004340 4.946671 4.716703 3.902300 3.290680 2.808925 -56.729645 -397.229175 -438.783202 -462.068026 -474.598653 -485.882676 -489.669858 -491.612583 -497.737633 -498.736982 -496.615441 -497.423739 -497.477677 -496.651684 -496.092498 -9999.0 -9999.0
-9999.0 -512.525530 -507.790378 -503.600286 -499.400054 -501.848438 -486.803514 -465.453290 -461.377307 -471.725839 -437.007477 -30.753678 3.194423 3.158219 3.700650 4.527622 8.890181 30.509453 42.860237 34.859741 28.195943 30.396067 25.412883 16.910229 5.653603 5.387635 5.582540 5.587941 5.263367 5.068154 4.897244 5.003270 4.857757 4.446641 3.699759 3.521943 3.470331 3.366696 3.133344 2.972589 2.863414 3.115507 3.001159 2.844140 2.792250 2.969620 3.272941 3.122294 3.131536 3.291974 3.695061 4.460703 4.660658 4.841064 5.073278 5.568661 16.408517 35.758217 41.735399 17.592472 5.249485 4.839734 4.726089 4.247248 3.168991 -40.932813 -364.404029 -413.358350 -441.740048 -460.704692 -472.714905 -483.057347 -491.625574 -492.193715 -496.582949 -496.142400 -9999.0 -9999.0 -9999.0 -9999.0
-9999.0 -512.723775 -508.308904 -499.932454 -481.857889 -459.836410 -295.777236 2.511927 3.294557 3.892382 4.307151 32.700256 39.274617 23.232296 5.670328 5.352989 5.592228 5.870038 5.412341 5.198248 5.137443 5.156816 5.202602 5.111253 5.032126 4.950143 4.892279 4.866904 4.518987 3.866048 3.423969 3.349213 3.047270 -61.600906 -375.307102 -403.802544 -430.458267 -432.245805 -437.215157 -447.885546 -452.803934 -456.445132 -451.338064 -453.243587 -453.965804 -450.720156 -443.575412 -439.481201 -424.372552 -406.961226 -359.889109 -35.312277 2.793715 3.187586 3.586714 4.503963 4.762822 4.924154 5.278790 18.150541 38.238175 31.299024 5.861991 5.210932 4.690167 4.248550 3.581048 2.957255 -27.739344 -316.225030 -400.872493 -435.512608 -462.408606 -480.028428 -485.297343 -9999.0 -9999.0 -9999.0 -9999.0 -9999.0
-9999.0 -520.452681 -507.859835 -501.416886 -467.736268 -90.036435 2.366057 4.244379 22.205030 4.785027 4.507085 4.670191 5.075251 5.080056 4.784915 4.769466 4.584423 4.265189 4.385363 3.908414 3.604809 3.504990 3.572694 3.482817 3.312529 3.218593 3.170179 3.019826 -22.754430 -319.951415 -417.998400 -424.403741 -449.457941 -470.693466 -482.061527 -488.768984 -495.716665 -495.103761 -491.879955 -494.104322 -496.422312 -499.338955 -495.955221 -494.671902 -493.198109 -495.301862 -495.269049 -491.284937 -484.893886 -479.075803 -469.568891 -451.212962 -435.309063 -410.783781 -378.329811 -46.511764 2.800399 3.183345 3.926979 4.869206 5.067870 5.445665 31.997039 49.677377 12.315323 5.138747 4.898097 4.687133 4.176890 3.490977 3.020196 -36.656588 -379.262607 -9999.0 -9999.0 -9999.0 -9999.0 -9999.0 -9999.0 -9999.0
-9999.0 -524.480006 -510.602673 -509.897086 -497.539862 -472.761727 -433.763269 -370.656174 -26.233749 2.396981 2.622117 2.796303 2.980127 3.181240 2.950611 2.577493 -24.918496 -195.272692 -240.917903 -352.135326 -391.620098 -403.957729 -403.439816 -407.646455 -422.465531 -429.493764 -433.362719 -441.377897 -453.923013 -471.604796 -486.931971 -494.472371 -499.685657 -500.891374 -501.821348 -502.954865 -506.444492 -504.047262 -502.476953 -502.804229 -503.902089 -504.894943 -502.190617 -501.563296 -500.782330 -503.600021 -501.948427 -501.053818 -498.464580 -496.119972 -492.617587 -486.893987 -478.798753 -473.860254 -471.075120 -459.641058 -444.444521 -421.351647 -295.015719 2.537870 3.629373 4.423866 4.870560 5.146955 5.288223 14.901449 24.030442 6.874720 4.506747 4.588392 4.551411 -9999.0 -9999.0 -9999.0 -9999.0 -9999.0 -9999.0 -9999.0 -9999.0 -9999.0
-9999.0 -9999.0 -527.487703 -522.152456 -517.744131 -513.859067 -508.447835 -503.758732 -497.232886 -489.319511 -477.516514 -464.269471 -456.049285 -452.248504 -457.618220 -469.494242 -478.740071 -479.037164 -480.691215 -483.824986 -488.299089 -488.958515 -489.898755 -490.430209 -492.252453 -492.935973 -493.094892 -493.537323 -494.840890 -498.624304 -501.505804 -503.370857 -506.015074 -505.244494 -505.445489 -506.448164 -505.124503 -505.427633 -505.163944 -505.381776 -505.098835 -504.611030 -504.214060 -503.527485 -503.688373 -503.496306 -503.415737 -502.834188 -501.993847 -501.007553 -498.499449 -494.450014 -491.497641 -491.004432 -493.249986 -492.780675 -490.506126 -485.420440 -467.199299 -434.457750 -372.458605 -40.880334 3.123951 3.703192 4.304769 4.576616 4.914756 5.638134 4.206444 4.346377 -9999.0 -9999.0 -9999.0 -9999.0 -9999.0 -9999.0 -9999.0 -9999.0 -9999.0 -9999.0
-9999.0 -9999.0 -9999.0 -9999.0 -530.058138 -522.338058 -515.046486 -516.253012 -511.331469 -508.882339 -506.961861 -504.598904 -502.700856 -501.280135 -503.477356 -503.620231 -503.841908 -503.349935 -503.674595 -504.107875 -504.125214 -504.309077 -504.479248 -504.909212 -504.576953 -504.007981 -503.779210 -504.539331 -504.158212 -505.528549 -505.221784 -505.793454 -506.398350 -507.391102 -506.951350 -506.998886 -506.396592 -506.997966 -506.115215 -506.757500 -506.170164 -506.022506 -505.433558 -504.352071 -505.113985 -504.491087 -504.637228 -503.930142 -504.177991 -502.584351 -499.834177 -496.615600 -494.487482 -494.791178 -498.244058 -499.375861 -500.409076 -498.604564 -496.106694 -489.513081 -471.561612 -448.171457 -420.005107 -378.746994 -58.705718 2.771597 4.007577 4.446389 -9999.0 -9999.0 -9999.0 -9999.0 -9999.0 -9999.0 -9999.0 -9999.0 -9999.0 -9999.0 -9999.0 -9999.0
-9999.0 -9999.0 -9999.0 -9999.0 -9999.0 -9999.0 -526.465198 -522.526285 -523.959158 -521.118583 -518.711713 -517.025529 -514.229050 -514.880848 -513.987723 -511.489720 -511.780854 -512.878012 -514.338699 -512.100274 -511.109070 -510.809050 -513.167381 -512.388313 -512.129159 -511.222969 -511.320149 -510.793417 -512.780059 -510.119286 -508.765622 -509.031347 -509.271812 -508.628943 -509.114154 -507.490811 -507.296140 -508.565563 -508.998797 -507.243423 -506.854553 -507.268491 -507.130528 -506.176834 -504.634896 -504.546644 -505.454331 -506.810030 -505.577330 -502.565583 -499.549571 -497.120938 -495.565968 -494.800298 -497.382098 -501.160660 -503.088353 -503.683104 -502.697084 -500.793663 -494.689338 -490.852956 -487.976689 -485.421446 -479.046547 -445.804256 -9999.0 -9999.0 -9999.0 -9999.0 -9999.0 -9999.0 -9999.0 -9999.0 -9999.0 -9999.0 -9999.0 -9999.0 -9999.0 -9999.0
-9999.0 -9999.0 -9999.0 -9999.0 -9999.0 -9999.0 -9999.0 -9999.0 -9999.0 -9999.0 -9999.0 -9999.0 -9999.0 -9999.0 -9999.0 -9999.0 -9999.0 -9999.0 -9999.0 -9999.0 -9999.0 -9999.0 -9999.0 -9999.0 -9999.0 -9999.0 -9999.0 -9999.0 -9999.0 -9999.0 -9999.0 -9999.0 -9999.0 -9999.0 -9999.0 -9999.0 -9999.0 -9999.0 -9999.0 -9999.0 -9999.0 -9999.0 -9999.0 -9999.0 -9999.0 -9999.0 -9999.0 -9999.0 -9999.0 -9999.0 -9999.0 -9999.0 -9999.0 -9999.0 -9999.0 -9999.0 -9999.0 -9999.0 -9999.0 -9999.0 -9999.0 -9999.0 -9999.0 -9999.0 -9999.0 -9999.0 -9999.0 -9999.0 -9999.0 -9999.0 -9999.0 -9999.0 -9999.0 -9999.0 -9999.0 -9999.0 -9999.0 -9999.0 -9999.0 -9999.0
-9999.0 -9999.0 -9999.0 -9999.0 -9999.0 -9999.0 -9999.0 -9999.0 -9999.0 -9999.0 -9999.0 -9999.0 -9999.0 -9999.0 -9999.0 -9999.0 -9999.0 -9999.0 -9999.0 -9999.0 -9999.0 -9999.0 -9999.0 -9999.0 -9999.0 -9999.0 -9999.0 -9999.0 -9999.0 -9999.0 -9999.0 -9999.0 -9999.0 -9999.0 -9999.0 -9999.0 -9999.0 -9999.0 -9999.0 -9999.0 -9999.0 -9999.0 -9999.0 -9999.0 -9999.0 -9999.0 -9999.0 -9999.0 -9999.0 -9999.0 -9999.0 -9999.0 -9999.0 -9999.0 -9999.0 -9999.0 -9999.0 -9999.0 -9999.0 -9999.0 -9999.0 -9999.0 -9999.0 -9999.0 -9999.0 -9999.0 -9999.0 -9999.0 -9999.0 -9999.0 -9999.0 -9999.0 -9999.0 -9999.0 -9999.0 -9999.0 -9999.0 -9999.0 -9999.0 -9999.0