Borden_/Borden1m_014/output_maps/psiliqL0011N0033.asc
ncols         80
nrows         18
xllcorner     620200.000000
yllcorner     5168000.000000
cellsize      1.000000
NODATA_value  -9999.0
-9999.0 -9999.0 -9999.0 -9999.0 -9999.0 -9999.0 -9999.0 -9999.0 -9999.0 -9999.0 -9999.0 -9999.0 -9999.0 -9999.0 -9999.0 -9999.0 -9999.0 -9999.0 -9999.0 -9999.0 -9999.0 -9999.0 -9999.0 -9999.0 -9999.0 -9999.0 -9999.0 -9999.0 -9999.0 -9999.0 -9999.0 -9999.0 -9999.0 -9999.0 -9999.0 -9999.0 -9999.0 -9999.0 -9999.0 -9999.0 -9999.0 -9999.0 -9999.0 -9999.0 -9999.0 -9999.0 -9999.0 -9999.0 -9999.0 -9999.0 -9999.0 -9999.0 -9999.0 -9999.0 -9999.0 -9999.0 -9999.0 -9999.0 -9999.0 -9999.0 -9999.0 -9999.0 -9999.0 -9999.0 -9999.0 -9999.0 -9999.0 -9999.0 -9999.0 -9999.0 -9999.0 -9999.0 -9999.0 -9999.0 -9999.0 -9999.0 -9999.0 -9999.0 -9999.0 -9999.0
-9999.0 -9999.0 -9999.0 -9999.0 -9999.0 -9999.0 -9999.0 -9999.0 -9999.0 -9999.0 -9999.0 -9999.0 -9999.0 -9999.0 -9999.0 -9999.0 -9999.0 -9999.0 -9999.0 -9999.0 -9999.0 -9999.0 -9999.0 -9999.0 -9999.0 -9999.0 -9999.0 -9999.0 -9999.0 -9999.0 -9999.0 -9999.0 -9999.0 -9999.0 -9999.0 -9999.0 -9999.0 -9999.0 -9999.0 -9999.0 -9999.0 -9999.0 -9999.0 -9999.0 -9999.0 -9999.0 -9999.0 -9999.0 -9999.0 -9999.0 -9999.0 -9999.0 -9999.0 -9999.0 -9999.0 -9999.0 -9999.0 -9999.0 -9999.0 -9999.0 -9999.0 -9999.0 -9999.0 -9999.0 -9999.0 -9999.0 -9999.0 -9999.0 -9999.0 -9999.0 -9999.0 -9999.0 -9999.0 -9999.0 -9999.0 -9999.0 -9999.0 -9999.0 -9999.0 -9999.0
-9999.0 -9999.0 -9999.0 -9999.0 -9999.0 -9999.0 -9999.0 -9999.0 -9999.0 -9999.0 -9999.0 -9999.0 -9999.0 -9999.0 -9999.0 -9999.0 -9999.0 -9999.0 -9999.0 -9999.0 340.204617 343.230626 321.246517 287.958057 260.435489 263.242341 298.874801 341.027056 380.281640 391.573118 374.531479 377.312611 373.333548 373.521359 377.072060 384.125608 388.125385 400.181994 409.568614 410.291024 405.122835 400.483245 400.656177 404.227577 409.180596 398.590650 411.352509 425.658978 430.349777 423.595091 394.595401 377.255421 367.229374 350.898678 374.103530 385.199248 407.143505 410.540690 408.282148 380.559779 350.028058 -9999.0 -9999.0 -9999.0 -9999.0 -9999.0 -9999.0 -9999.0 -9999.0 -9999.0 -9999.0 -9999.0 -9999.0 -9999.0 -9999.0 -9999.0 -9999.0 -9999.0 -9999.0 -9999.0
-9999.0 -9999.0 -9999.0 -9999.0 -9999.0 -9999.0 -9999.0 -9999.0 -9999.0 -9999.0 -9999.0 -9999.0 -9999.0 -9999.0 248.154447 238.659616 236.331418 245.462529 279.799820 310.431117 323.039224 316.066038 316.759145 294.029037 274.565436 289.617969 320.351559 353.372008 389.505841 411.519722 400.739412 399.366698 410.706061 438.550694 453.705698 451.991737 432.082611 456.013194 473.670112 484.682415 485.755646 478.594373 493.569704 510.180998 503.075895 484.413852 486.885828 497.216200 509.058108 491.947346 424.644706 401.864716 395.949724 387.269893 371.741070 363.771604 387.629949 387.143757 377.875256 358.964839 325.754163 281.224543 262.474922 300.361353 343.895424 401.092933 -9999.0 -9999.0 -9999.0 -9999.0 -9999.0 -9999.0 -9999.0 -9999.0 -9999.0 -9999.0 -9999.0 -9999.0 -9999.0 -9999.0
-9999.0 -9999.0 -9999.0 -9999.0 -9999.0 -9999.0 -9999.0 -9999.0 -9999.0 189.317378 193.719901 201.417719 204.053758 220.285362 218.756710 226.463531 234.802119 262.240266 294.290922 330.412711 360.267275 351.956548 353.728310 366.437259 373.315497 387.594706 411.079666 454.720992 499.722291 544.548472 518.275230 517.816680 539.079869 590.147993 628.562859 638.503969 620.142453 627.678133 656.434963 684.436541 688.537421 689.236593 715.879394 730.344722 733.180260 711.518923 691.957407 687.968534 710.639577 654.640957 583.407919 526.722800 525.218399 490.607870 447.069673 422.743228 417.789995 437.310386 420.264241 381.036865 343.002893 331.499494 313.435214 329.083885 350.601025 396.469556 434.450398 462.312093 461.557358 443.657429 -9999.0 -9999.0 -9999.0 -9999.0 -9999.0 -9999.0 -9999.0 -9999.0 -9999.0 -9999.0
-9999.0 -9999.0 -9999.0 -9999.0 -9999.0 -9999.0 109.895437 119.330842 139.727744 145.342951 170.737523 178.939011 200.327922 220.587114 242.695101 260.795338 292.898420 327.363606 370.630446 416.773060 451.899115 450.204370 463.725695 499.666462 544.382685 578.476569 607.098292 652.606351 736.184843 784.693311 798.298199 805.237318 815.783962 863.077165 925.985090 942.614574 922.994763 909.418351 930.707281 970.516741 986.371356 991.020085 1000.998407 1010.053855 1034.910969 1023.853956 976.601508 955.990824 948.874005 932.669853 873.702738 809.250787 767.648559 713.466834 624.935631 562.521821 562.057305 575.761335 541.569868 483.435154 437.564757 423.892531 406.616702 390.739830 394.615327 412.287890 433.752700 443.802471 430.053377 408.405338 384.768967 355.491194 356.865613 381.956893 -9999.0 -9999.0 -9999.0 -9999.0 -9999.0 -9999.0
-9999.0 -9999.0 -9999.0 -9999.0 59.673513 72.568269 61.097257 85.837439 118.729120 153.145963 186.419368 224.946812 253.754270 285.536149 328.937198 368.497430 415.521499 455.016953 514.459034 588.567263 646.852997 678.737318 700.753974 764.470347 827.588720 880.522097 902.097460 931.717350 978.249074 1045.442415 1075.522946 1082.859637 1099.665952 1132.176456 1174.239247 1206.210735 1190.559169 1185.693726 1191.881802 1204.386459 1231.128838 1234.145549 1236.555332 1238.277854 1241.362095 1239.793937 1214.324706 1179.840638 1164.232122 1154.671668 1127.521248 1060.589593 1012.299105 978.861118 946.620250 895.733318 827.585072 805.133530 744.564436 682.590744 610.427070 581.002835 544.814847 514.398549 480.043397 477.327736 477.122058 454.424245 421.143127 387.713569 371.786783 352.447212 341.491458 371.099944 388.517323 419.093350 -9999.0 -9999.0 -9999.0 -9999.0
-9999.0 -9999.0 0.564860 50.201278 106.909472 116.211193 118.511563 124.961348 153.791477 206.651875 286.286266 341.454152 389.240399 425.393264 490.197471 579.289111 662.935914 718.272632 780.828831 850.697156 913.981440 952.725696 978.756538 1019.503917 1070.370374 1127.471908 1152.103696 1177.751080 1209.592023 1243.588764 1261.904232 1276.735689 1283.786657 1283.714228 1286.068573 1286.149741 1282.303909 1277.459275 1260.030103 1257.557354 1265.709982 1270.620139 1273.285459 1260.520088 1256.503855 1269.045303 1271.187648 1269.932232 1269.470178 1276.700655 1282.433399 1246.706016 1201.109742 1184.197824 1174.700112 1132.572307 1068.872407 1020.107142 994.687532 951.307191 871.801265 816.571592 762.011446 706.752445 646.427717 606.929088 553.513471 506.512097 456.894111 408.975551 384.077667 364.900774 361.922873 361.726823 377.461306 392.725654 407.930321 415.642215 -9999.0 -9999.0
-9999.0 -100.291122 -27.561348 99.852439 180.053604 226.326049 264.907992 293.884008 323.048452 346.200177 458.784706 565.249718 663.916242 703.493386 759.711584 860.563888 959.705565 1005.513277 1041.446141 1093.140302 1149.021095 1196.046523 1225.786610 1247.243282 1277.737723 1284.374053 1285.215726 1287.173034 1282.352276 1275.401481 1266.392351 1272.855315 1269.664053 1251.765625 1236.238703 1232.787000 1225.924150 1201.026581 1172.789976 1158.596885 1161.970407 1183.924129 1173.029208 1152.968240 1149.340911 1169.774058 1187.505768 1179.244560 1167.496985 1185.846678 1220.624032 1242.357702 1255.418769 1270.646451 1291.121663 1267.141681 1236.036830 1194.142461 1173.290798 1143.756636 1081.905592 1018.538856 962.778510 899.339320 830.381352 757.484559 688.336372 620.395024 548.257039 503.984846 470.167661 417.289737 393.747350 394.230268 384.424963 381.233697 387.236733 393.480463 -9999.0 -9999.0
-9999.0 -175.668665 -32.363460 153.683113 303.011381 367.552254 483.083600 571.406927 605.728091 584.682595 701.246046 925.986841 1019.650620 1035.291589 1102.960112 1184.777620 1215.630532 1246.116166 1266.134683 1269.627349 1272.624584 1280.559471 1278.827102 1273.142480 1259.274370 1251.522281 1250.153615 1246.484602 1227.436880 1207.503002 1189.437698 1184.282674 1166.638593 1125.997663 1093.317651 1075.566730 1056.925110 1032.690308 997.274737 970.248704 956.527793 973.974289 965.452772 947.981530 944.307324 967.231536 1000.068559 995.438675 1002.158551 1025.166908 1067.145811 1110.367214 1134.233518 1163.753609 1201.085883 1244.646940 1262.215767 1282.722754 1287.175185 1265.537229 1221.165740 1170.266085 1134.391053 1067.317206 991.750122 910.570894 844.366925 780.484577 708.615143 657.679934 605.714379 544.606275 485.372444 456.707113 415.571311 394.195052 -9999.0 -9999.0 -9999.0 -9999.0
-9999.0 -247.100409 -56.566295 207.259694 477.168962 605.818742 810.449833 944.105021 1011.632149 1071.426268 1083.249969 1208.415679 1239.515980 1233.214502 1224.304209 1226.980534 1241.853649 1245.858359 1242.319866 1232.222978 1222.322946 1218.325203 1216.067052 1209.131203 1196.861237 1181.576520 1167.974273 1153.105935 1110.499307 1075.435038 1041.016933 1025.074109 987.604099 897.173834 853.614563 819.196272 763.211269 753.090808 741.934814 711.590552 691.247306 673.255807 692.911694 694.664077 696.261575 703.074923 723.405002 745.787250 789.807745 827.109404 872.806682 926.949969 962.478771 1007.000150 1056.251988 1116.399686 1149.604528 1179.988701 1225.782450 1266.192644 1288.758893 1278.603438 1248.415859 1202.233072 1130.193273 1057.069387 1003.091511 926.746160 859.819421 807.394598 763.813832 713.091914 644.245389 549.896642 504.369121 -9999.0 -9999.0 -9999.0 -9999.0 -9999.0
-9999.0 -412.494925 -144.029360 150.437563 478.461570 803.873301 925.018713 1070.752221 1145.038959 1097.663885 1090.080580 1116.257734 1157.430863 1164.980284 1145.711537 1138.268676 1129.060437 1129.196620 1141.457719 1114.034573 1081.064805 1066.496464 1065.061667 1053.037808 1029.885054 1011.810231 997.900359 976.126473 925.412909 874.181806 795.355636 766.524150 689.788801 623.057801 573.314336 521.916304 468.654992 465.223069 480.048919 463.110384 440.026748 421.062722 446.977292 463.443683 475.132479 465.452205 475.537214 512.286485 563.669078 610.533550 665.517475 725.514336 775.192181 826.640668 862.246627 916.609175 965.244420 1013.109203 1087.910486 1168.768103 1205.066057 1239.606276 1273.202009 1286.413169 1234.398804 1179.926232 1122.620495 1050.249094 958.211803 912.259692 891.385496 859.109364 806.699519 -9999.0 -9999.0 -9999.0 -9999.0 -9999.0 -9999.0 -9999.0
-9999.0 -543.816294 -316.574982 -74.841421 221.150646 462.733891 652.973643 769.972103 853.926279 864.516465 885.166082 917.195141 949.245208 972.026949 950.123786 912.996257 885.770223 889.441895 886.821674 861.790896 831.064629 815.576904 813.378416 805.656931 779.637956 762.892888 750.063748 724.881863 685.681236 625.332849 540.114444 467.637072 403.668862 366.908420 334.916208 300.654448 262.173732 271.852873 285.172494 280.501789 268.471240 264.387534 293.784895 312.455527 322.653455 310.365813 329.476242 357.015928 399.827768 443.680808 494.390937 552.084762 608.983043 643.131941 662.665105 695.812020 741.531927 800.575383 889.003777 985.587658 1062.138618 1113.979133 1164.299985 1194.780397 1206.409177 1218.861804 1188.438357 1094.101795 954.999383 953.581218 957.991916 -9999.0 -9999.0 -9999.0 -9999.0 -9999.0 -9999.0 -9999.0 -9999.0 -9999.0
-9999.0 -9999.0 -553.167253 -366.855424 -214.136631 -28.594598 124.330434 234.780703 316.727527 414.760632 510.613895 591.252373 636.249395 654.552342 637.382443 597.771011 572.145901 571.575371 561.476677 547.831260 524.205838 514.747544 504.249412 495.707207 482.789583 475.022549 468.389216 455.492863 430.840987 381.575234 328.225891 274.906510 219.691589 193.408659 170.697592 147.878277 144.648379 141.928008 148.201972 149.342545 155.044237 166.971937 187.525721 209.093185 218.668281 226.379386 239.089661 263.046168 296.616309 338.679541 392.495769 450.104783 490.369345 504.395837 496.998570 505.450485 530.675766 579.841410 671.901125 764.932078 861.044424 933.338501 1004.678535 1054.474261 1069.972190 1086.884677 1095.004172 1008.053300 661.957830 873.389828 -9999.0 -9999.0 -9999.0 -9999.0 -9999.0 -9999.0 -9999.0 -9999.0 -9999.0 -9999.0
-9999.0 -9999.0 -9999.0 -9999.0 -510.786063 -353.048312 -257.405919 -173.399758 -49.128594 63.547008 158.508222 237.595259 294.037402 318.916821 309.747054 306.971946 299.406487 294.694776 285.522738 281.090719 276.480788 268.441611 255.932166 248.065400 247.379497 250.774057 247.995137 234.069116 216.778733 190.221715 166.576727 131.008352 93.802006 64.263599 50.905097 44.145100 44.099612 38.098548 47.329229 53.918634 68.842299 84.204769 108.152058 136.666770 149.616172 164.017238 173.837972 194.733863 225.053418 278.200444 341.061445 397.913381 432.691765 436.819683 411.505761 396.416445 394.315388 424.609047 475.174288 549.959058 659.411052 739.921643 804.514086 851.801493 883.998051 927.435768 968.257337 985.186655 -9999.0 -9999.0 -9999.0 -9999.0 -9999.0 -9999.0 -9999.0 -9999.0 -9999.0 -9999.0 -9999.0 -9999.0
-9999.0 -9999.0 -9999.0 -9999.0 -9999.0 -9999.0 -563.175932 -465.565651 -379.246117 -251.752523 -132.934382 -38.065865 38.178295 65.314654 85.335295 108.719214 104.841396 87.471187 70.172150 87.088868 97.638455 92.292081 64.017586 62.650160 66.302594 75.075776 73.342862 66.862273 41.698472 50.367689 49.165611 25.765108 -0.545878 -14.989552 -26.750562 -16.970400 -16.362338 -29.199250 -27.294056 -1.043420 18.813098 32.200252 54.542297 87.689399 119.739889 134.272400 135.388681 141.669070 182.872354 253.174603 323.804751 377.793276 409.031036 416.482783 388.216058 347.467904 326.447679 333.842374 369.833119 425.506717 505.826150 559.986910 593.789717 616.068694 643.547441 738.226094 -9999.0 -9999.0 -9999.0 -9999.0 -9999.0 -9999.0 -9999.0 -9999.0 -9999.0 -9999.0 -9999.0 -9999.0 -9999.0 -9999.0
-9999.0 -9999.0 -9999.0 -9999.0 -9999.0 -9999.0 -9999.0 -9999.0 -9999.0 -9999.0 -9999.0 -9999.0 -9999.0 -9999.0 -9999.0 -9999.0 -9999.0 -9999.0 -9999.0 -9999.0 -9999.0 -9999.0 -9999.0 -9999.0 -9999.0 -9999.0 -9999.0 -9999.0 -9999.0 -9999.0 -9999.0 -9999.0 -9999.0 -9999.0 -9999.0 -9999.0 -9999.0 -9999.0 -9999.0 -9999.0 -9999.0 -9999.0 -9999.0 -9999.0 -9999.0 -9999.0 -9999.0 -9999.0 -9999.0 -9999.0 -9999.0 -9999.0 -9999.0 -9999.0 -9999.0 -9999.0 -9999.0 -9999.0 -9999.0 -9999.0 -9999.0 -9999.0 -9999.0 -9999.0 -9999.0 -9999.0 -9999.0 -9999.0 -9999.0 -9999.0 -9999.0 -9999.0 -9999.0 -9999.0 -9999.0 -9999.0 -9999.0 -9999.0 -9999.0 -9999.0
-9999.0 -9999.0 -9999.0 -9999.0 -9999.0 -9999.0 -9999.0 -9999.0 -9999.0 -9999.0 -9999.0 -9999.0 -9999.0 -9999.0 -9999.0 -9999.0 -9999.0 -9999.0 -9999.0 -9999.0 -9999.0 -9999.0 -9999.0 -9999.0 -9999.0 -9999.0 -9999.0 -9999.0 -9999.0 -9999.0 -9999.0 -9999.0 -9999.0 -9999.0 -9999.0 -9999.0 -9999.0 -9999.0 -9999.0 -9999.0 -9999.0 -9999.0 -9999.0 -9999.0 -9999.0 -9999.0 -9999.0 -9999.0 -9999.0 -9999.0 -9999.0 -9999.0 -9999.0 -9999.0 -9999.0 -9999.0 -9999.0 -9999.0 -9999.0 -9999.0 -9999.0 -9999.0 -9999.0 -9999.0 -9999.0 -9999.0 -9999.0 -9999.0 -9999.0 -9999.0 -9999.0 -9999.0 -9999.0 -9999.0 -9999.0 -9999.0 -9999.0 -9999.0 -9999.0 -9999.0