Borden_/Borden1m_014/output_maps/psiliqL0001N0007.asc
ncols         80
nrows         18
xllcorner     620200.000000
yllcorner     5168000.000000
cellsize      1.000000
NODATA_value  -9999.0
-9999.0 -9999.0 -9999.0 -9999.0 -9999.0 -9999.0 -9999.0 -9999.0 -9999.0 -9999.0 -9999.0 -9999.0 -9999.0 -9999.0 -9999.0 -9999.0 -9999.0 -9999.0 -9999.0 -9999.0 -9999.0 -9999.0 -9999.0 -9999.0 -9999.0 -9999.0 -9999.0 -9999.0 -9999.0 -9999.0 -9999.0 -9999.0 -9999.0 -9999.0 -9999.0 -9999.0 -9999.0 -9999.0 -9999.0 -9999.0 -9999.0 -9999.0 -9999.0 -9999.0 -9999.0 -9999.0 -9999.0 -9999.0 -9999.0 -9999.0 -9999.0 -9999.0 -9999.0 -9999.0 -9999.0 -9999.0 -9999.0 -9999.0 -9999.0 -9999.0 -9999.0 -9999.0 -9999.0 -9999.0 -9999.0 -9999.0 -9999.0 -9999.0 -9999.0 -9999.0 -9999.0 -9999.0 -9999.0 -9999.0 -9999.0 -9999.0 -9999.0 -9999.0 -9999.0 -9999.0
-9999.0 -9999.0 -9999.0 -9999.0 -9999.0 -9999.0 -9999.0 -9999.0 -9999.0 -9999.0 -9999.0 -9999.0 -9999.0 -9999.0 -9999.0 -9999.0 -9999.0 -9999.0 -9999.0 -9999.0 -9999.0 -9999.0 -9999.0 -9999.0 -9999.0 -9999.0 -9999.0 -9999.0 -9999.0 -9999.0 -9999.0 -9999.0 -9999.0 -9999.0 -9999.0 -9999.0 -9999.0 -9999.0 -9999.0 -9999.0 -9999.0 -9999.0 -9999.0 -9999.0 -9999.0 -9999.0 -9999.0 -9999.0 -9999.0 -9999.0 -9999.0 -9999.0 -9999.0 -9999.0 -9999.0 -9999.0 -9999.0 -9999.0 -9999.0 -9999.0 -9999.0 -9999.0 -9999.0 -9999.0 -9999.0 -9999.0 -9999.0 -9999.0 -9999.0 -9999.0 -9999.0 -9999.0 -9999.0 -9999.0 -9999.0 -9999.0 -9999.0 -9999.0 -9999.0 -9999.0
-9999.0 -9999.0 -9999.0 -9999.0 -9999.0 -9999.0 -9999.0 -9999.0 -9999.0 -9999.0 -9999.0 -9999.0 -9999.0 -9999.0 -9999.0 -9999.0 -9999.0 -9999.0 -9999.0 -9999.0 -511.792700 -510.598000 -512.556153 -514.656541 -516.579607 -516.960507 -514.906591 -512.791691 -510.300558 -510.028648 -512.466057 -511.651239 -512.697354 -513.474176 -513.699107 -513.015176 -512.622411 -511.893788 -511.509754 -511.908879 -512.601257 -512.999960 -513.531294 -513.521847 -512.610415 -513.813864 -512.207068 -510.826649 -510.477771 -510.180228 -511.698850 -512.159251 -512.278596 -514.298388 -510.713756 -510.020614 -507.846450 -507.807807 -507.130349 -509.547019 -511.948738 -9999.0 -9999.0 -9999.0 -9999.0 -9999.0 -9999.0 -9999.0 -9999.0 -9999.0 -9999.0 -9999.0 -9999.0 -9999.0 -9999.0 -9999.0 -9999.0 -9999.0 -9999.0 -9999.0
-9999.0 -9999.0 -9999.0 -9999.0 -9999.0 -9999.0 -9999.0 -9999.0 -9999.0 -9999.0 -9999.0 -9999.0 -9999.0 -9999.0 -514.150183 -515.428939 -516.063578 -516.732030 -514.879500 -513.652357 -514.044999 -515.373310 -514.017675 -516.364402 -518.541119 -517.270853 -515.814937 -515.034034 -513.284467 -511.847808 -513.438291 -513.843588 -513.163719 -510.427517 -509.490836 -510.222096 -514.124325 -510.558633 -509.175707 -508.266236 -508.378550 -510.146463 -507.995657 -505.447399 -506.911151 -509.613766 -508.897031 -507.498889 -505.066341 -505.666898 -514.058769 -514.047307 -513.286336 -512.710462 -513.874621 -514.840207 -511.284898 -512.083469 -512.466603 -512.470732 -513.905814 -516.858684 -518.335416 -514.917662 -512.557237 -507.085861 -9999.0 -9999.0 -9999.0 -9999.0 -9999.0 -9999.0 -9999.0 -9999.0 -9999.0 -9999.0 -9999.0 -9999.0 -9999.0 -9999.0
-9999.0 -9999.0 -9999.0 -9999.0 -9999.0 -9999.0 -9999.0 -9999.0 -9999.0 -515.452437 -515.932197 -515.637089 -516.687956 -515.661402 -517.914106 -517.525712 -518.144374 -516.870911 -516.235481 -514.775736 -512.362791 -514.535987 -514.876118 -513.568832 -513.792845 -513.781707 -513.254989 -509.756823 -506.258231 -499.575616 -506.273432 -506.625590 -504.344967 -495.583818 -483.956812 -480.109670 -486.786238 -489.644138 -480.451620 -470.943518 -471.442691 -472.229996 -464.863232 -461.019411 -457.846064 -463.740520 -470.162010 -472.104778 -463.405404 -479.742928 -496.339700 -505.886222 -502.915847 -506.863445 -511.166115 -512.468314 -513.268599 -509.243523 -510.376108 -513.292485 -515.664894 -514.094066 -515.764741 -514.149491 -513.597209 -509.591266 -506.264626 -502.834498 -502.677065 -504.977331 -9999.0 -9999.0 -9999.0 -9999.0 -9999.0 -9999.0 -9999.0 -9999.0 -9999.0 -9999.0
-9999.0 -9999.0 -9999.0 -9999.0 -9999.0 -9999.0 -516.879745 -517.177425 -516.587734 -519.481268 -517.909976 -519.424248 -518.389896 -518.187236 -517.692471 -518.117722 -516.633860 -515.600457 -513.692870 -511.186159 -508.720776 -510.903588 -510.360545 -506.718947 -500.541548 -495.383773 -491.652405 -481.202001 -455.765317 -439.243121 -432.292005 -429.831872 -425.374454 -385.821506 -41.073724 2.576972 -26.925505 -288.321504 -28.518660 2.808056 2.893250 2.870819 2.917695 2.949862 3.231212 3.185915 2.864006 2.786654 2.679282 -30.811227 -368.090772 -425.682558 -445.159332 -460.991503 -483.122671 -500.488479 -500.115756 -495.854168 -500.432779 -507.252337 -511.018532 -510.290295 -510.770175 -512.501059 -511.571056 -510.138360 -507.719665 -506.057325 -507.188668 -508.518929 -509.126964 -511.910266 -511.333238 -508.586227 -9999.0 -9999.0 -9999.0 -9999.0 -9999.0 -9999.0
-9999.0 -9999.0 -9999.0 -9999.0 -520.546071 -519.403310 -523.093600 -521.202029 -519.956533 -519.190057 -519.799832 -518.365183 -518.423608 -517.640308 -515.646019 -514.755094 -512.182093 -510.642089 -504.988340 -494.331701 -483.155782 -472.173080 -468.398045 -447.004710 -415.441734 -365.705055 -324.592331 -36.944572 2.693605 3.228572 3.399075 3.399337 3.536026 3.861642 4.761195 5.341586 4.941742 4.534280 4.954212 5.085484 5.498010 5.413345 5.457651 5.375597 5.456883 5.711196 5.252609 4.955574 4.873803 4.718512 4.020982 3.321940 3.062654 2.880611 -8.342020 -302.499535 -416.913598 -430.614039 -453.671073 -470.581282 -492.179969 -495.694248 -500.390372 -502.961834 -507.220848 -505.953905 -504.263494 -506.366331 -508.937555 -511.402093 -511.160624 -512.167714 -513.894867 -510.049382 -509.216781 -505.473079 -9999.0 -9999.0 -9999.0 -9999.0
-9999.0 -9999.0 -520.219031 -520.631395 -517.816370 -520.094855 -521.451366 -523.345784 -523.010559 -520.615588 -516.399267 -515.750194 -513.582841 -512.854283 -507.163504 -494.328890 -473.630286 -460.145957 -439.767912 -400.764524 -289.740745 -18.930546 2.685618 2.958343 3.351616 3.887003 4.156986 4.793333 5.079924 5.330671 18.055426 32.705395 36.895993 32.549641 30.621497 29.480352 27.717092 23.951965 8.631347 8.169852 15.256630 17.320143 20.754569 8.641522 5.895698 17.078027 19.179059 19.774819 21.865646 30.120923 40.378342 12.531744 4.971839 4.954165 4.930693 4.105541 3.419709 3.108258 3.007077 -21.744964 -370.847159 -423.129921 -448.955045 -470.835520 -484.578272 -490.115177 -498.240682 -502.833829 -507.054524 -511.355042 -512.255722 -512.629299 -511.549076 -512.413698 -510.453538 -509.277266 -507.085142 -506.433632 -9999.0 -9999.0
-9999.0 -520.641998 -522.297844 -517.491854 -517.766197 -517.537395 -517.353591 -517.050629 -516.163695 -518.773395 -507.961592 -487.905434 -466.705629 -461.296364 -444.588190 -377.835450 -38.303371 2.815074 3.111666 3.529384 4.173286 4.945562 5.204640 14.951929 37.783335 33.189168 29.611395 28.459198 20.390368 12.845823 5.388288 11.330830 9.548052 5.293573 5.113577 5.243066 5.253901 5.017591 4.823709 4.749614 4.820892 5.177982 4.976156 4.774156 4.720375 4.915557 5.159544 4.951221 4.757711 4.896531 5.190530 5.344233 7.746097 21.480769 40.693181 19.527958 5.282969 4.940747 4.884538 4.622744 3.717858 3.129055 -21.388629 -345.561335 -417.283955 -456.192402 -474.906192 -487.239844 -498.566354 -502.433167 -504.514308 -510.679838 -511.773852 -509.751398 -510.569291 -510.632608 -509.807156 -509.236055 -9999.0 -9999.0
-9999.0 -526.167403 -521.486640 -517.247662 -512.822903 -514.920172 -500.425455 -479.349522 -474.754482 -484.591426 -451.376024 -39.544732 3.117298 3.094273 3.634714 4.383074 5.784221 23.605141 36.281244 27.481063 21.070272 23.131251 18.169293 9.570021 5.403129 5.287621 5.433966 5.453965 5.185562 4.995314 4.838849 4.914681 4.711814 3.932432 3.542974 3.432772 3.406536 3.308813 3.079209 2.922350 2.816418 3.069695 2.955484 2.797810 2.745889 2.922961 3.223814 3.069711 3.066759 3.198151 3.512260 3.953577 4.488402 4.744907 4.976704 5.360543 9.639307 29.002861 35.068481 11.446388 5.151870 4.757126 4.559829 3.657919 2.611517 -278.332619 -395.705993 -428.886503 -457.088231 -473.905180 -485.414639 -495.819036 -504.372900 -505.135291 -509.568261 -509.294051 -9999.0 -9999.0 -9999.0 -9999.0
-9999.0 -526.396462 -522.025994 -513.598335 -495.272976 -476.652936 -359.886786 -4.441971 3.143592 3.751776 4.137173 24.360945 31.447822 15.233671 5.484011 5.264811 5.418457 5.539809 5.264660 5.105115 5.060238 5.085959 5.134828 5.057972 4.999246 4.915933 4.851667 4.815611 4.433432 3.690540 3.337482 3.241112 2.500936 -332.407042 -400.872475 -419.748801 -444.123158 -445.997383 -451.227092 -462.156341 -467.267804 -470.502001 -465.679404 -468.176668 -469.042937 -465.005443 -457.447937 -453.464163 -438.848967 -423.006492 -392.922047 -301.809892 -19.458518 3.015720 3.407504 3.968561 4.587850 4.834905 5.171803 11.814948 31.679405 24.482334 5.494233 5.070902 4.541953 3.795495 3.403114 2.828203 -46.844172 -370.670750 -417.905686 -452.759241 -475.214993 -492.813098 -498.196062 -9999.0 -9999.0 -9999.0 -9999.0 -9999.0
-9999.0 -534.078786 -521.647935 -515.186151 -484.374965 -247.133324 -47.302027 3.925730 15.799827 4.029585 3.953709 4.491537 4.965359 4.989136 4.705694 4.575297 3.950726 3.860452 4.082492 3.756843 3.511375 3.432592 3.505344 3.421605 3.259370 3.166082 3.110960 2.923048 -41.150160 -373.510740 -433.022082 -438.573480 -463.416714 -486.797569 -495.066469 -501.674463 -508.601266 -508.041871 -504.896729 -507.130062 -509.477006 -512.348101 -508.990266 -507.690470 -506.226610 -508.260101 -508.154157 -504.129151 -497.685428 -491.793506 -482.505714 -468.481841 -450.659915 -426.476052 -403.967512 -324.270140 -19.554008 3.021927 3.712741 4.759191 4.982789 5.291686 24.122981 42.021783 6.172484 5.032746 4.832872 4.630200 4.082301 3.272107 2.551111 -237.277166 -402.774890 -9999.0 -9999.0 -9999.0 -9999.0 -9999.0 -9999.0 -9999.0
-9999.0 -538.064943 -524.373758 -523.644391 -511.283579 -489.238794 -448.886939 -396.145030 -294.567933 -318.664465 -238.354115 -7.440255 2.854588 3.094608 2.777690 -39.579942 -348.257687 -347.522510 -347.363578 -383.752780 -409.781598 -419.829589 -419.321162 -423.017242 -436.706587 -443.579240 -447.500214 -455.678211 -469.935801 -485.022129 -499.783550 -507.417804 -512.753819 -514.099061 -515.090158 -516.300508 -519.777722 -517.442513 -515.891833 -516.220493 -517.312240 -518.279245 -515.592159 -514.928993 -514.144093 -516.888892 -515.237114 -514.267482 -511.591222 -509.116505 -505.468840 -499.676037 -491.529788 -486.532224 -483.877279 -476.299615 -459.344520 -436.673627 -364.575204 -15.449734 3.442004 4.096288 4.746087 5.039752 5.163200 14.734305 23.849378 6.744924 4.455359 4.513689 4.443252 -9999.0 -9999.0 -9999.0 -9999.0 -9999.0 -9999.0 -9999.0 -9999.0 -9999.0
-9999.0 -9999.0 -541.072140 -535.785728 -531.419670 -527.522150 -522.007208 -517.364979 -514.368009 -507.091956 -495.647161 -479.497743 -470.347979 -466.322556 -472.059226 -485.842697 -494.142021 -493.203495 -494.599074 -496.962253 -501.226811 -501.895103 -502.851850 -503.405381 -505.219273 -505.921996 -506.112462 -506.611957 -508.023572 -511.819846 -514.807993 -516.781548 -519.473942 -518.784465 -519.018830 -520.024886 -518.744840 -519.042621 -518.778190 -518.986479 -518.703674 -518.212957 -517.795677 -517.092249 -517.227495 -517.025906 -516.919582 -516.298289 -515.388276 -514.288152 -511.647279 -507.472048 -504.410173 -503.858914 -506.065432 -505.634017 -503.320485 -498.135435 -480.657911 -449.090214 -400.506139 -201.726099 2.752706 3.516576 3.761824 4.427431 4.858295 5.554269 4.115385 4.294088 -9999.0 -9999.0 -9999.0 -9999.0 -9999.0 -9999.0 -9999.0 -9999.0 -9999.0 -9999.0
-9999.0 -9999.0 -9999.0 -9999.0 -543.650161 -535.975689 -528.756294 -529.916821 -525.069590 -522.574855 -520.579459 -518.089631 -516.078382 -514.622852 -516.786043 -516.982538 -517.177036 -516.707602 -517.045207 -517.472736 -517.506160 -517.706900 -517.901286 -518.336296 -518.018644 -517.462823 -517.247931 -518.013662 -517.684019 -519.063202 -518.808970 -519.413158 -520.039783 -521.031560 -520.612120 -520.661591 -520.074602 -520.664689 -519.798087 -520.418353 -519.834529 -519.678035 -519.082834 -518.001049 -518.722606 -518.098438 -518.224567 -517.504096 -517.680597 -516.005910 -513.146365 -509.811718 -507.598823 -507.874116 -511.321642 -512.498465 -513.508082 -511.643999 -508.986240 -502.249204 -484.519008 -465.293606 -434.808698 -402.499713 -347.321609 -23.633378 3.895805 4.406440 -9999.0 -9999.0 -9999.0 -9999.0 -9999.0 -9999.0 -9999.0 -9999.0 -9999.0 -9999.0 -9999.0 -9999.0
-9999.0 -9999.0 -9999.0 -9999.0 -9999.0 -9999.0 -540.067760 -536.148919 -537.567952 -534.710715 -532.273830 -530.550239 -527.742035 -528.343214 -527.444586 -524.983095 -525.270204 -526.360548 -527.806346 -525.604361 -524.625215 -524.339617 -526.669409 -525.909648 -525.651755 -524.759430 -524.855640 -524.347591 -526.308024 -523.701498 -522.380756 -522.655377 -522.904280 -522.281005 -522.759756 -521.168806 -520.978347 -522.223882 -522.648384 -520.920651 -520.530676 -520.926507 -520.777441 -519.822698 -518.293471 -518.191204 -519.068673 -520.373872 -519.113965 -516.055241 -512.937715 -510.386302 -508.747196 -507.989319 -510.611954 -514.417194 -516.357583 -516.908732 -515.822611 -513.733096 -507.440068 -503.487251 -500.452860 -497.928164 -493.707632 -460.302121 -9999.0 -9999.0 -9999.0 -9999.0 -9999.0 -9999.0 -9999.0 -9999.0 -9999.0 -9999.0 -9999.0 -9999.0 -9999.0 -9999.0
-9999.0 -9999.0 -9999.0 -9999.0 -9999.0 -9999.0 -9999.0 -9999.0 -9999.0 -9999.0 -9999.0 -9999.0 -9999.0 -9999.0 -9999.0 -9999.0 -9999.0 -9999.0 -9999.0 -9999.0 -9999.0 -9999.0 -9999.0 -9999.0 -9999.0 -9999.0 -9999.0 -9999.0 -9999.0 -9999.0 -9999.0 -9999.0 -9999.0 -9999.0 -9999.0 -9999.0 -9999.0 -9999.0 -9999.0 -9999.0 -9999.0 -9999.0 -9999.0 -9999.0 -9999.0 -9999.0 -9999.0 -9999.0 -9999.0 -9999.0 -9999.0 -9999.0 -9999.0 -9999.0 -9999.0 -9999.0 -9999.0 -9999.0 -9999.0 -9999.0 -9999.0 -9999.0 -9999.0 -9999.0 -9999.0 -9999.0 -9999.0 -9999.0 -9999.0 -9999.0 -9999.0 -9999.0 -9999.0 -9999.0 -9999.0 -9999.0 -9999.0 -9999.0 -9999.0 -9999.0
-9999.0 -9999.0 -9999.0 -9999.0 -9999.0 -9999.0 -9999.0 -9999.0 -9999.0 -9999.0 -9999.0 -9999.0 -9999.0 -9999.0 -9999.0 -9999.0 -9999.0 -9999.0 -9999.0 -9999.0 -9999.0 -9999.0 -9999.0 -9999.0 -9999.0 -9999.0 -9999.0 -9999.0 -9999.0 -9999.0 -9999.0 -9999.0 -9999.0 -9999.0 -9999.0 -9999.0 -9999.0 -9999.0 -9999.0 -9999.0 -9999.0 -9999.0 -9999.0 -9999.0 -9999.0 -9999.0 -9999.0 -9999.0 -9999.0 -9999.0 -9999.0 -9999.0 -9999.0 -9999.0 -9999.0 -9999.0 -9999.0 -9999.0 -9999.0 -9999.0 -9999.0 -9999.0 -9999.0 -9999.0 -9999.0 -9999.0 -9999.0 -9999.0 -9999.0 -9999.0 -9999.0 -9999.0 -9999.0 -9999.0 -9999.0 -9999.0 -9999.0 -9999.0 -9999.0 -9999.0