Borden_/Borden1m_014/output_maps/psiliqL0025N0002.asc
ncols         80
nrows         18
xllcorner     620200.000000
yllcorner     5168000.000000
cellsize      1.000000
NODATA_value  -9999.0
-9999.0 -9999.0 -9999.0 -9999.0 -9999.0 -9999.0 -9999.0 -9999.0 -9999.0 -9999.0 -9999.0 -9999.0 -9999.0 -9999.0 -9999.0 -9999.0 -9999.0 -9999.0 -9999.0 -9999.0 -9999.0 -9999.0 -9999.0 -9999.0 -9999.0 -9999.0 -9999.0 -9999.0 -9999.0 -9999.0 -9999.0 -9999.0 -9999.0 -9999.0 -9999.0 -9999.0 -9999.0 -9999.0 -9999.0 -9999.0 -9999.0 -9999.0 -9999.0 -9999.0 -9999.0 -9999.0 -9999.0 -9999.0 -9999.0 -9999.0 -9999.0 -9999.0 -9999.0 -9999.0 -9999.0 -9999.0 -9999.0 -9999.0 -9999.0 -9999.0 -9999.0 -9999.0 -9999.0 -9999.0 -9999.0 -9999.0 -9999.0 -9999.0 -9999.0 -9999.0 -9999.0 -9999.0 -9999.0 -9999.0 -9999.0 -9999.0 -9999.0 -9999.0 -9999.0 -9999.0
-9999.0 -9999.0 -9999.0 -9999.0 -9999.0 -9999.0 -9999.0 -9999.0 -9999.0 -9999.0 -9999.0 -9999.0 -9999.0 -9999.0 -9999.0 -9999.0 -9999.0 -9999.0 -9999.0 -9999.0 -9999.0 -9999.0 -9999.0 -9999.0 -9999.0 -9999.0 -9999.0 -9999.0 -9999.0 -9999.0 -9999.0 -9999.0 -9999.0 -9999.0 -9999.0 -9999.0 -9999.0 -9999.0 -9999.0 -9999.0 -9999.0 -9999.0 -9999.0 -9999.0 -9999.0 -9999.0 -9999.0 -9999.0 -9999.0 -9999.0 -9999.0 -9999.0 -9999.0 -9999.0 -9999.0 -9999.0 -9999.0 -9999.0 -9999.0 -9999.0 -9999.0 -9999.0 -9999.0 -9999.0 -9999.0 -9999.0 -9999.0 -9999.0 -9999.0 -9999.0 -9999.0 -9999.0 -9999.0 -9999.0 -9999.0 -9999.0 -9999.0 -9999.0 -9999.0 -9999.0
-9999.0 -9999.0 -9999.0 -9999.0 -9999.0 -9999.0 -9999.0 -9999.0 -9999.0 -9999.0 -9999.0 -9999.0 -9999.0 -9999.0 -9999.0 -9999.0 -9999.0 -9999.0 -9999.0 -9999.0 3125.228531 3126.219723 3104.358851 3070.081102 3041.605321 3043.144288 3075.812181 3116.057108 3154.390338 3161.566406 3142.226226 3145.595395 3140.828219 3136.256133 3136.324966 3143.729643 3149.956244 3159.556848 3166.387465 3164.014842 3156.591446 3151.442962 3153.735604 3155.374822 3161.569669 3147.454624 3163.374527 3179.683474 3184.615867 3181.990026 3158.389735 3146.592843 3138.963384 3123.818103 3150.602552 3162.631763 3186.379914 3191.297764 3189.668780 3163.244997 3133.410858 -9999.0 -9999.0 -9999.0 -9999.0 -9999.0 -9999.0 -9999.0 -9999.0 -9999.0 -9999.0 -9999.0 -9999.0 -9999.0 -9999.0 -9999.0 -9999.0 -9999.0 -9999.0 -9999.0
-9999.0 -9999.0 -9999.0 -9999.0 -9999.0 -9999.0 -9999.0 -9999.0 -9999.0 -9999.0 -9999.0 -9999.0 -9999.0 -9999.0 3035.553192 3026.554746 3023.386533 3030.385532 3062.535926 3092.438784 3104.006707 3096.274177 3095.776643 3070.747656 3047.622364 3059.808978 3088.634391 3118.526832 3151.305939 3168.225825 3156.712009 3153.704745 3160.381951 3179.811262 3187.711660 3183.873620 3165.934091 3189.911494 3202.977832 3207.329853 3205.175402 3195.242338 3204.060294 3218.019807 3210.965400 3195.753564 3206.533138 3221.541726 3232.661365 3224.594657 3166.828580 3154.960805 3152.387470 3148.858747 3136.420566 3132.996853 3161.691839 3161.899233 3155.180707 3138.472547 3105.697826 3060.874327 3042.521180 3083.537500 3127.705940 3184.495677 -9999.0 -9999.0 -9999.0 -9999.0 -9999.0 -9999.0 -9999.0 -9999.0 -9999.0 -9999.0 -9999.0 -9999.0 -9999.0 -9999.0
-9999.0 -9999.0 -9999.0 -9999.0 -9999.0 -9999.0 -9999.0 -9999.0 -9999.0 2978.647572 2984.237702 2990.872633 2992.930810 3007.691316 3004.218638 3010.704131 3014.382780 3040.978141 3069.904705 3102.840581 3129.308564 3119.491272 3117.702128 3121.332594 3115.632939 3122.968242 3142.641887 3178.770390 3209.703522 3244.526858 3210.796763 3205.611204 3222.744210 3263.828130 3286.946151 3288.829482 3270.072596 3286.130191 3309.381212 3325.026348 3321.379372 3315.351670 3341.010085 3356.021867 3350.278602 3329.014449 3327.441304 3334.844458 3364.116291 3313.991719 3248.865811 3210.712014 3226.678714 3205.893406 3180.140944 3169.354159 3170.570611 3191.799860 3180.614103 3147.267922 3114.565926 3103.613991 3087.516585 3109.029657 3132.932134 3179.968301 3220.240305 3250.412957 3250.298776 3233.337165 -9999.0 -9999.0 -9999.0 -9999.0 -9999.0 -9999.0 -9999.0 -9999.0 -9999.0 -9999.0
-9999.0 -9999.0 -9999.0 -9999.0 -9999.0 -9999.0 2900.395115 2910.559140 2930.885195 2933.283248 2959.174849 2964.007092 2982.254620 2998.891758 3019.912002 3032.138700 3056.523977 3085.643330 3120.941297 3157.869095 3184.731964 3172.654356 3177.565912 3196.701410 3223.187707 3241.822831 3263.772876 3300.779767 3372.291185 3408.178029 3401.043173 3401.720836 3409.795461 3459.760927 3523.441195 3534.429002 3513.827983 3500.684592 3523.972912 3561.101176 3559.386166 3558.193487 3571.029380 3581.716303 3608.468097 3597.798148 3561.985403 3556.389553 3562.802274 3540.666739 3472.614088 3415.718977 3396.880674 3350.841788 3268.588669 3226.015878 3249.502447 3277.547842 3256.319651 3207.554694 3175.597195 3170.801844 3160.465762 3154.147718 3167.136421 3190.702879 3215.280038 3229.617853 3218.258189 3197.895117 3176.525052 3148.678136 3151.551274 3176.719196 -9999.0 -9999.0 -9999.0 -9999.0 -9999.0 -9999.0
-9999.0 -9999.0 -9999.0 -9999.0 2851.319555 2863.776361 2848.619458 2874.067261 2905.312146 2938.097653 2964.976381 2995.926052 3018.279872 3044.113290 3076.544585 3098.094723 3129.466522 3158.189739 3204.661184 3265.100946 3308.747694 3321.849434 3329.900888 3380.461565 3436.298467 3483.097493 3501.521610 3527.062892 3572.221539 3628.402780 3650.618938 3653.457040 3670.331273 3713.082974 3768.771753 3803.708292 3786.153397 3777.224040 3787.068435 3801.154619 3823.289681 3823.365056 3824.476643 3828.499733 3835.999697 3834.341981 3807.998717 3774.697101 3761.800667 3751.820126 3714.376952 3642.743477 3612.419971 3583.861375 3542.203284 3488.601884 3440.950540 3441.778525 3387.778106 3333.494787 3283.845436 3276.013258 3256.090986 3240.552677 3223.432019 3235.919382 3248.115741 3233.469536 3204.062875 3175.104051 3162.474023 3145.258815 3134.343976 3165.719402 3183.816946 3213.513558 -9999.0 -9999.0 -9999.0 -9999.0
-9999.0 -9999.0 2793.144741 2838.189164 2894.466706 2899.845510 2892.575814 2894.455157 2919.680839 2967.720820 3029.486805 3065.816735 3094.018641 3123.139184 3172.968042 3234.558991 3293.821458 3335.592646 3392.724757 3461.282960 3519.909705 3546.564945 3555.386148 3590.636851 3644.880428 3713.303453 3741.077278 3767.338489 3798.830867 3834.931571 3827.813797 3838.649869 3850.850951 3863.086294 3877.565972 3884.434425 3879.651987 3875.068543 3856.557138 3851.464853 3857.966477 3865.818443 3864.945776 3850.339382 3846.372476 3861.298524 3867.415115 3865.411388 3862.720925 3867.726356 3863.640189 3815.823295 3797.271662 3782.201655 3770.766944 3724.868197 3658.534935 3626.054365 3604.927816 3564.348942 3491.361060 3453.817649 3414.643248 3380.095250 3342.792114 3329.578319 3297.349531 3265.524074 3227.154872 3186.751620 3167.911841 3153.878031 3153.793078 3154.768856 3172.703563 3188.595467 3204.642292 3212.757521 -9999.0 -9999.0
-9999.0 2684.580338 2755.350994 2875.531463 2952.117151 2987.834526 2996.316739 2999.134402 3022.930901 3053.132803 3139.038264 3189.623967 3271.569277 3307.778949 3347.891642 3437.267769 3530.547198 3573.318594 3611.644773 3674.413946 3739.426478 3786.175385 3812.328694 3792.971742 3831.945066 3860.481441 3868.211054 3874.941408 3874.674563 3866.189873 3859.585409 3866.295187 3863.378849 3844.289731 3828.301609 3826.583033 3823.200844 3799.964649 3772.501910 3757.130052 3758.616145 3783.478010 3770.425358 3749.090399 3744.690550 3766.289176 3787.500977 3776.865414 3763.749484 3780.296821 3814.771808 3839.384208 3841.010367 3859.408070 3880.491615 3851.661841 3829.961464 3786.402778 3769.592928 3744.264345 3687.729775 3633.008691 3585.154717 3536.816452 3484.622096 3435.697477 3388.339569 3341.405198 3288.431466 3255.947853 3231.855610 3189.240418 3176.490108 3183.217034 3178.402287 3177.112744 3183.953715 3190.607228 -9999.0 -9999.0
-9999.0 2588.969488 2727.538562 2903.280521 3044.405612 3084.072378 3146.032874 3200.984531 3213.967077 3159.301757 3259.082784 3474.244228 3593.484404 3610.183054 3684.693539 3778.524016 3763.110399 3794.088204 3816.921357 3841.453818 3861.200296 3875.062596 3873.223377 3867.927383 3851.517896 3843.531334 3842.672615 3840.591508 3823.284031 3804.410092 3787.668837 3784.605508 3766.836216 3717.940796 3684.947364 3667.725461 3649.226412 3635.678677 3608.325190 3582.500877 3566.286658 3577.088085 3574.989765 3561.309774 3556.885761 3575.141764 3605.967995 3603.704654 3614.990467 3634.481564 3669.855538 3707.692968 3726.859408 3755.791685 3791.253969 3838.763538 3847.873753 3870.210796 3873.258283 3862.302957 3816.132309 3764.905967 3735.665517 3680.619995 3621.172760 3559.589392 3511.030467 3466.568884 3411.733340 3377.784606 3338.716728 3285.504972 3242.568601 3234.647571 3201.415134 3188.301422 -9999.0 -9999.0 -9999.0 -9999.0
-9999.0 2487.747640 2666.815241 2903.916042 3194.056067 3265.853048 3465.007135 3577.986113 3616.498007 3682.789789 3569.662083 3770.638790 3821.701726 3816.254544 3830.374843 3833.301582 3847.384856 3846.842750 3841.773794 3830.831196 3821.343872 3816.849797 3815.758851 3807.864980 3795.284804 3780.718280 3768.878383 3757.563414 3721.177803 3689.467061 3650.787537 3638.469387 3594.695580 3503.498061 3464.961343 3427.031209 3367.033554 3369.345315 3376.245143 3352.406834 3333.072250 3305.620699 3334.655999 3344.909849 3348.891451 3344.782543 3354.674398 3382.563607 3429.631279 3463.560732 3502.192270 3549.723122 3579.828050 3618.717596 3658.456517 3710.478735 3741.341917 3770.055490 3818.507428 3855.404610 3878.032644 3864.258338 3845.301732 3801.127210 3741.164574 3692.025168 3663.358080 3613.307218 3570.031687 3526.620287 3480.398843 3427.889785 3366.747664 3313.295285 3279.499095 -9999.0 -9999.0 -9999.0 -9999.0 -9999.0
-9999.0 2267.097855 2530.075895 2793.687398 3067.609168 3405.975409 3572.397963 3667.055788 3729.478038 3710.306809 3731.674832 3738.497851 3775.336825 3782.284146 3760.833540 3747.253223 3730.007672 3728.919047 3741.949170 3714.799842 3684.800270 3671.596016 3672.469850 3661.774880 3638.110759 3623.245712 3613.967602 3595.719879 3552.870227 3503.261864 3420.174356 3386.717840 3309.179645 3270.268842 3234.167157 3187.923823 3143.809872 3149.509176 3174.072561 3165.005223 3144.563152 3127.760872 3156.959531 3177.510218 3190.555513 3174.567334 3181.121960 3215.117891 3261.080316 3300.924396 3344.254236 3391.665969 3432.911423 3471.879871 3492.928623 3532.353201 3574.089878 3615.317970 3684.935473 3762.546605 3797.976343 3832.274698 3861.490177 3883.233974 3840.582825 3814.014447 3790.548805 3767.408008 3721.577123 3676.424734 3635.904969 3571.880311 3512.385303 -9999.0 -9999.0 -9999.0 -9999.0 -9999.0 -9999.0 -9999.0
-9999.0 2153.716301 2347.033931 2538.361069 2784.014990 3011.127872 3228.654106 3318.673890 3388.299729 3456.327927 3508.318635 3545.264489 3571.001363 3592.321312 3569.678790 3524.232163 3492.339811 3497.237858 3488.723047 3467.714991 3440.211302 3427.432267 3425.002201 3420.345651 3399.283401 3389.138823 3382.531876 3364.792652 3339.613396 3287.682593 3216.961134 3145.107718 3092.142198 3072.964931 3050.958531 3024.704131 2998.328870 3012.003761 3025.062424 3025.243583 3018.868537 3019.142815 3048.188511 3067.981596 3077.407667 3066.399907 3084.375360 3107.278438 3143.858138 3182.605560 3226.653816 3276.070247 3323.812362 3343.641302 3345.729945 3357.303694 3384.720663 3427.644105 3503.491890 3588.921302 3665.531147 3710.536284 3760.941847 3800.542419 3828.252421 3853.861285 3875.674751 3868.291490 3842.720553 3809.611184 3751.425045 -9999.0 -9999.0 -9999.0 -9999.0 -9999.0 -9999.0 -9999.0 -9999.0 -9999.0
-9999.0 -9999.0 2120.093440 2271.735122 2367.449426 2527.192848 2667.204078 2773.401268 2861.779579 2999.702114 3119.695891 3211.558804 3257.158906 3272.602428 3258.668537 3230.086868 3212.762145 3212.441320 3200.970900 3194.663048 3180.385755 3175.323141 3163.855684 3156.889002 3153.076255 3152.821090 3151.110993 3143.632290 3127.650125 3087.206594 3050.960091 3007.521279 2962.182825 2941.605200 2924.467331 2908.342665 2913.058616 2908.942038 2915.043870 2918.350201 2928.210271 2942.541478 2961.994746 2984.619231 2994.192866 3004.134108 3014.779969 3036.065167 3065.609409 3105.147288 3155.819328 3209.923649 3245.154441 3251.529445 3233.287354 3228.076480 3236.021495 3264.592969 3327.571417 3396.224164 3484.976084 3549.825324 3616.370286 3671.873329 3698.266736 3734.639038 3804.247296 3852.228509 3893.924555 3871.565419 -9999.0 -9999.0 -9999.0 -9999.0 -9999.0 -9999.0 -9999.0 -9999.0 -9999.0 -9999.0
-9999.0 -9999.0 -9999.0 -9999.0 2127.937084 2273.061478 2367.863114 2445.245337 2577.446815 2706.948373 2799.711205 2885.333850 2953.010754 2978.519024 2979.223666 2995.446671 2994.433553 2985.506424 2974.880416 2979.810795 2984.856071 2979.099003 2963.079246 2957.631893 2962.454021 2971.484075 2971.145867 2959.982181 2943.934864 2931.446817 2920.279730 2891.546217 2861.135373 2835.578037 2825.406223 2823.836368 2825.247806 2818.444896 2827.608507 2837.089162 2853.388489 2868.720527 2892.274629 2921.926967 2936.495454 2950.942198 2959.199713 2977.274534 3005.457318 3056.477914 3117.596086 3173.454948 3206.802153 3206.781141 3177.587247 3155.531020 3142.788438 3159.865247 3189.167180 3239.726766 3328.410658 3390.124759 3435.395528 3474.126782 3510.318273 3574.896199 3668.581427 3749.382970 -9999.0 -9999.0 -9999.0 -9999.0 -9999.0 -9999.0 -9999.0 -9999.0 -9999.0 -9999.0 -9999.0 -9999.0
-9999.0 -9999.0 -9999.0 -9999.0 -9999.0 -9999.0 2099.308548 2203.731646 2269.801594 2421.161486 2565.266204 2672.520133 2755.849969 2791.819519 2812.297917 2842.538565 2843.092814 2823.043668 2801.530930 2823.656633 2843.238041 2837.355526 2805.549071 2807.864928 2816.036093 2825.342521 2824.541926 2820.640706 2798.403247 2817.490157 2824.380953 2804.364295 2781.560391 2775.677603 2765.596296 2776.673701 2777.739273 2764.086001 2763.591677 2789.254193 2810.684800 2823.718599 2844.771537 2877.928130 2910.262731 2925.659935 2926.148649 2930.329134 2966.466233 3034.119624 3104.480620 3158.885818 3189.367544 3193.720334 3162.452520 3117.307148 3090.772663 3089.230726 3113.032175 3151.874702 3212.922720 3248.761940 3259.627003 3260.518076 3272.504885 3371.401273 -9999.0 -9999.0 -9999.0 -9999.0 -9999.0 -9999.0 -9999.0 -9999.0 -9999.0 -9999.0 -9999.0 -9999.0 -9999.0 -9999.0
-9999.0 -9999.0 -9999.0 -9999.0 -9999.0 -9999.0 -9999.0 -9999.0 -9999.0 -9999.0 -9999.0 -9999.0 -9999.0 -9999.0 -9999.0 -9999.0 -9999.0 -9999.0 -9999.0 -9999.0 -9999.0 -9999.0 -9999.0 -9999.0 -9999.0 -9999.0 -9999.0 -9999.0 -9999.0 -9999.0 -9999.0 -9999.0 -9999.0 -9999.0 -9999.0 -9999.0 -9999.0 -9999.0 -9999.0 -9999.0 -9999.0 -9999.0 -9999.0 -9999.0 -9999.0 -9999.0 -9999.0 -9999.0 -9999.0 -9999.0 -9999.0 -9999.0 -9999.0 -9999.0 -9999.0 -9999.0 -9999.0 -9999.0 -9999.0 -9999.0 -9999.0 -9999.0 -9999.0 -9999.0 -9999.0 -9999.0 -9999.0 -9999.0 -9999.0 -9999.0 -9999.0 -9999.0 -9999.0 -9999.0 -9999.0 -9999.0 -9999.0 -9999.0 -9999.0 -9999.0
-9999.0 -9999.0 -9999.0 -9999.0 -9999.0 -9999.0 -9999.0 -9999.0 -9999.0 -9999.0 -9999.0 -9999.0 -9999.0 -9999.0 -9999.0 -9999.0 -9999.0 -9999.0 -9999.0 -9999.0 -9999.0 -9999.0 -9999.0 -9999.0 -9999.0 -9999.0 -9999.0 -9999.0 -9999.0 -9999.0 -9999.0 -9999.0 -9999.0 -9999.0 -9999.0 -9999.0 -9999.0 -9999.0 -9999.0 -9999.0 -9999.0 -9999.0 -9999.0 -9999.0 -9999.0 -9999.0 -9999.0 -9999.0 -9999.0 -9999.0 -9999.0 -9999.0 -9999.0 -9999.0 -9999.0 -9999.0 -9999.0 -9999.0 -9999.0 -9999.0 -9999.0 -9999.0 -9999.0 -9999.0 -9999.0 -9999.0 -9999.0 -9999.0 -9999.0 -9999.0 -9999.0 -9999.0 -9999.0 -9999.0 -9999.0 -9999.0 -9999.0 -9999.0 -9999.0 -9999.0