Borden_/Borden1m_014/output_maps/psiliqL0006N0033.asc
ncols         80
nrows         18
xllcorner     620200.000000
yllcorner     5168000.000000
cellsize      1.000000
NODATA_value  -9999.0
-9999.0 -9999.0 -9999.0 -9999.0 -9999.0 -9999.0 -9999.0 -9999.0 -9999.0 -9999.0 -9999.0 -9999.0 -9999.0 -9999.0 -9999.0 -9999.0 -9999.0 -9999.0 -9999.0 -9999.0 -9999.0 -9999.0 -9999.0 -9999.0 -9999.0 -9999.0 -9999.0 -9999.0 -9999.0 -9999.0 -9999.0 -9999.0 -9999.0 -9999.0 -9999.0 -9999.0 -9999.0 -9999.0 -9999.0 -9999.0 -9999.0 -9999.0 -9999.0 -9999.0 -9999.0 -9999.0 -9999.0 -9999.0 -9999.0 -9999.0 -9999.0 -9999.0 -9999.0 -9999.0 -9999.0 -9999.0 -9999.0 -9999.0 -9999.0 -9999.0 -9999.0 -9999.0 -9999.0 -9999.0 -9999.0 -9999.0 -9999.0 -9999.0 -9999.0 -9999.0 -9999.0 -9999.0 -9999.0 -9999.0 -9999.0 -9999.0 -9999.0 -9999.0 -9999.0 -9999.0
-9999.0 -9999.0 -9999.0 -9999.0 -9999.0 -9999.0 -9999.0 -9999.0 -9999.0 -9999.0 -9999.0 -9999.0 -9999.0 -9999.0 -9999.0 -9999.0 -9999.0 -9999.0 -9999.0 -9999.0 -9999.0 -9999.0 -9999.0 -9999.0 -9999.0 -9999.0 -9999.0 -9999.0 -9999.0 -9999.0 -9999.0 -9999.0 -9999.0 -9999.0 -9999.0 -9999.0 -9999.0 -9999.0 -9999.0 -9999.0 -9999.0 -9999.0 -9999.0 -9999.0 -9999.0 -9999.0 -9999.0 -9999.0 -9999.0 -9999.0 -9999.0 -9999.0 -9999.0 -9999.0 -9999.0 -9999.0 -9999.0 -9999.0 -9999.0 -9999.0 -9999.0 -9999.0 -9999.0 -9999.0 -9999.0 -9999.0 -9999.0 -9999.0 -9999.0 -9999.0 -9999.0 -9999.0 -9999.0 -9999.0 -9999.0 -9999.0 -9999.0 -9999.0 -9999.0 -9999.0
-9999.0 -9999.0 -9999.0 -9999.0 -9999.0 -9999.0 -9999.0 -9999.0 -9999.0 -9999.0 -9999.0 -9999.0 -9999.0 -9999.0 -9999.0 -9999.0 -9999.0 -9999.0 -9999.0 -9999.0 -647.519180 -644.371497 -667.579440 -701.956697 -730.744960 -729.347627 -694.713466 -654.054439 -616.640525 -606.155541 -624.628062 -623.699832 -629.234367 -629.229366 -626.115732 -620.374091 -618.147572 -606.372085 -597.733061 -597.921813 -604.208408 -610.205225 -611.971735 -608.232186 -603.261882 -611.660973 -598.036991 -582.320122 -575.427785 -580.591198 -608.301242 -624.244304 -631.968719 -645.945336 -620.901836 -607.670743 -584.026544 -579.275478 -579.984300 -606.946745 -636.956473 -9999.0 -9999.0 -9999.0 -9999.0 -9999.0 -9999.0 -9999.0 -9999.0 -9999.0 -9999.0 -9999.0 -9999.0 -9999.0 -9999.0 -9999.0 -9999.0 -9999.0 -9999.0 -9999.0
-9999.0 -9999.0 -9999.0 -9999.0 -9999.0 -9999.0 -9999.0 -9999.0 -9999.0 -9999.0 -9999.0 -9999.0 -9999.0 -9999.0 -736.608261 -747.247729 -750.769843 -742.726090 -709.422632 -679.954731 -667.399017 -675.431738 -675.893311 -699.943101 -720.474585 -706.837212 -678.156702 -647.275937 -613.396417 -592.681143 -606.184167 -609.251053 -598.271129 -568.888679 -552.639479 -555.160538 -577.768334 -554.647380 -537.213618 -526.336444 -527.179629 -536.129288 -519.682898 -501.814749 -508.735045 -527.993492 -525.748518 -513.900029 -497.663699 -515.135454 -583.578058 -606.030933 -608.586959 -614.817859 -627.570846 -633.854225 -608.561061 -606.882649 -614.661996 -632.112318 -663.810026 -707.513454 -724.737436 -685.940254 -640.802754 -581.840374 -9999.0 -9999.0 -9999.0 -9999.0 -9999.0 -9999.0 -9999.0 -9999.0 -9999.0 -9999.0 -9999.0 -9999.0 -9999.0 -9999.0
-9999.0 -9999.0 -9999.0 -9999.0 -9999.0 -9999.0 -9999.0 -9999.0 -9999.0 -791.923910 -788.959258 -782.371748 -781.281533 -766.197690 -768.219141 -761.890655 -754.307140 -729.229612 -698.881923 -664.295999 -635.631113 -646.498693 -646.727664 -634.219516 -626.406465 -613.046652 -592.116529 -550.109799 -503.567057 -456.278788 -485.956707 -487.138065 -463.623860 -400.469737 -344.859734 -328.009703 -355.254567 -352.302756 -314.969532 -275.920268 -270.938382 -270.969496 -237.103237 -219.453263 -211.396808 -235.898134 -267.027861 -273.093648 -241.630581 -313.559586 -403.500865 -472.697717 -476.538125 -512.904252 -558.791313 -583.387468 -586.677328 -563.418355 -578.863511 -616.553962 -652.934697 -661.372569 -677.229583 -660.591433 -637.168637 -589.072662 -549.738336 -520.029348 -519.040088 -536.273382 -9999.0 -9999.0 -9999.0 -9999.0 -9999.0 -9999.0 -9999.0 -9999.0 -9999.0 -9999.0
-9999.0 -9999.0 -9999.0 -9999.0 -9999.0 -9999.0 -869.315376 -861.202566 -842.253649 -837.020829 -813.713180 -806.778863 -787.004351 -768.380831 -749.005203 -732.662096 -702.223605 -670.451115 -628.888796 -583.626177 -549.640850 -553.162957 -541.964912 -502.342608 -448.581532 -405.080120 -372.153594 -315.109585 -207.935289 -148.921147 -127.646434 -118.234186 -107.086578 -68.363187 -10.297897 9.613085 -12.977437 -28.424112 -8.948823 35.140814 86.515239 91.449662 98.961384 106.783208 132.278505 122.746473 41.810163 12.729647 2.481605 -9.540034 -59.183500 -113.790293 -168.092338 -231.713239 -344.715074 -424.990172 -432.799145 -419.332075 -458.405546 -517.766237 -563.769745 -574.958012 -589.679176 -604.018204 -598.323127 -578.025514 -553.372966 -541.045112 -552.761455 -572.668907 -595.341407 -623.708434 -621.604490 -595.620079 -9999.0 -9999.0 -9999.0 -9999.0 -9999.0 -9999.0
-9999.0 -9999.0 -9999.0 -9999.0 -918.389717 -906.550355 -918.422145 -895.935794 -864.975984 -833.004953 -801.469720 -764.992199 -738.975847 -710.288177 -668.682609 -629.234022 -583.523143 -546.411772 -484.597542 -398.991011 -322.892949 -278.576025 -248.792507 -167.715207 -100.641511 -54.366760 -36.821296 -9.347545 41.296800 138.699966 169.211154 174.968605 178.354453 218.688951 242.043356 286.089588 258.138171 267.439132 271.341789 281.272332 308.326237 310.044218 311.606187 312.048740 314.272117 314.726906 290.925318 258.119293 230.153321 235.936214 201.543465 153.444783 74.174835 35.730058 7.079899 -37.093734 -100.151946 -127.298101 -196.802841 -270.913369 -370.338157 -409.813633 -452.025373 -483.571122 -518.123398 -518.246173 -515.248524 -534.761100 -564.581472 -595.878037 -610.039880 -627.995243 -637.343059 -606.857679 -588.630164 -556.807316 -9999.0 -9999.0 -9999.0 -9999.0
-9999.0 -9999.0 -975.112812 -925.433218 -870.671904 -862.911401 -860.858486 -856.988663 -831.565693 -782.627594 -704.262275 -650.624260 -603.448464 -572.419055 -507.092141 -403.202962 -290.349748 -219.745790 -145.895313 -82.072418 -25.751858 17.669357 74.104374 117.493223 152.520746 212.718497 232.008621 242.395952 284.459426 315.784662 340.356354 355.151713 359.691592 356.826162 354.808326 354.404048 351.643667 347.903345 331.144847 329.185449 336.882506 339.722939 343.075252 330.797467 327.005974 339.271635 340.909335 340.965367 340.621562 350.050634 358.916910 329.153975 275.546307 258.451974 240.923738 217.182357 155.273916 79.743331 49.996721 8.443310 -68.170011 -116.687345 -176.142283 -245.796263 -328.571243 -381.626155 -441.198870 -486.350313 -532.579595 -577.337308 -599.850513 -617.489737 -618.726970 -617.151900 -600.422959 -584.099307 -568.120070 -560.015922 -9999.0 -9999.0
-9999.0 -1071.407356 -999.715811 -872.642315 -795.387527 -751.601738 -710.062468 -679.560542 -656.515848 -645.169243 -530.669480 -397.784411 -271.647930 -228.648739 -159.551962 -58.143159 71.388774 109.947380 132.372300 183.601306 218.690602 275.207024 303.653664 334.813504 359.087513 356.926635 354.995274 353.797878 347.472139 340.435538 330.352991 337.272178 335.614320 320.781719 307.460169 306.156179 300.301051 275.581109 248.910832 236.379395 240.977023 261.851166 251.712103 231.880673 228.232131 247.877532 263.643708 255.006358 230.392583 259.370817 292.350970 312.626234 328.480103 341.931594 361.762728 340.455674 307.800376 267.486667 236.825160 222.513351 137.153347 72.526284 17.988218 -46.393658 -107.226378 -182.498229 -266.387831 -352.886722 -435.724378 -479.369315 -512.064447 -565.245493 -588.447287 -585.884333 -594.582130 -596.433371 -589.182170 -582.442922 -9999.0 -9999.0
-9999.0 -1139.879377 -996.962066 -812.054579 -667.152761 -603.874090 -471.737815 -367.928529 -327.258303 -356.021229 -199.855312 63.939434 139.453297 145.798855 202.916470 274.506564 316.191984 340.534308 355.349905 349.967027 344.615890 349.388546 345.346904 338.154164 324.633443 316.962297 316.559814 313.591049 294.782912 276.479512 259.353234 244.141432 239.793303 208.190309 175.940497 161.039211 125.534044 91.047925 52.485528 24.916206 11.937133 31.545441 21.111678 2.293673 -1.437312 22.710609 56.038434 50.065099 54.650423 78.235235 123.238254 189.005675 211.992624 236.449620 272.726929 313.814049 332.414529 351.545755 356.283621 332.813490 281.203050 244.994887 212.968937 123.708042 47.611379 -32.663566 -89.045976 -139.126128 -214.190520 -277.648091 -350.651052 -427.381147 -493.889149 -523.761189 -563.193678 -584.239890 -9999.0 -9999.0 -9999.0 -9999.0
-9999.0 -1200.226189 -1008.907947 -742.501343 -485.922124 -311.596571 -106.216166 32.310933 149.829108 158.464908 235.650211 327.630428 342.785935 329.381651 307.390430 305.580534 316.825729 319.505436 314.913525 305.043400 291.142201 289.805318 285.193464 280.440693 268.866658 254.074507 242.466825 228.134634 161.517861 124.490833 94.686692 78.397819 44.438210 -41.325382 -78.675385 -104.815613 -162.064431 -178.609125 -196.580488 -233.741684 -258.670063 -277.205423 -255.262404 -257.757646 -258.047396 -245.501519 -217.789624 -195.614292 -146.866960 -110.033974 -71.362390 -19.294547 15.284845 59.589959 112.185310 195.276070 226.114323 251.035864 284.489386 333.959411 355.173257 347.898905 318.483393 278.780056 214.661010 117.774850 63.189825 -9.507865 -68.358088 -110.448506 -144.797267 -200.832058 -292.088080 -425.117557 -472.274749 -9999.0 -9999.0 -9999.0 -9999.0 -9999.0
-9999.0 -1345.611888 -1078.442939 -780.581896 -430.476985 -95.651456 8.318829 219.973977 290.751089 219.969565 160.618149 214.306990 251.501815 254.102109 231.055319 222.044380 216.004031 215.606657 226.834227 194.652193 139.333294 121.866857 119.410705 107.652246 84.891169 66.076591 51.663822 29.922022 -23.764086 -68.680424 -131.888177 -161.064146 -248.349339 -346.117496 -410.078783 -467.110854 -525.183663 -528.432746 -513.550676 -532.271265 -555.497208 -575.014627 -549.289068 -534.459775 -523.802366 -533.172040 -523.623612 -487.251992 -432.867720 -379.416720 -308.104515 -229.741166 -171.512177 -113.190276 -81.357513 -28.373787 18.786841 66.850443 141.966673 243.589006 274.430885 308.897115 344.835288 360.632574 318.554982 272.242205 216.588376 120.124407 19.734483 -24.426779 -42.039784 -66.030658 -110.300314 -9999.0 -9999.0 -9999.0 -9999.0 -9999.0 -9999.0 -9999.0
-9999.0 -1481.664649 -1244.442282 -992.075925 -689.704895 -442.903862 -226.017051 -98.914912 25.132832 -39.455246 -46.361170 -19.007290 11.558297 32.978314 9.446528 -25.238096 -49.216630 -45.777727 -45.599887 -68.538288 -96.680106 -109.294250 -110.287803 -118.226002 -148.150709 -169.697740 -184.913997 -213.812058 -263.862104 -343.404367 -449.436850 -522.360467 -587.297572 -625.510358 -656.621558 -690.142166 -729.884294 -718.972261 -703.661201 -708.664720 -721.707835 -726.869549 -697.296126 -679.390901 -669.561255 -683.663913 -665.800934 -639.152559 -597.458808 -556.110152 -507.731600 -450.205050 -388.166707 -344.812380 -316.664028 -267.577964 -207.242522 -135.322267 -56.033327 41.275212 116.726664 190.105217 241.321200 259.723800 288.431047 305.188556 296.968520 230.549304 44.749156 13.699599 11.241601 -9999.0 -9999.0 -9999.0 -9999.0 -9999.0 -9999.0 -9999.0 -9999.0 -9999.0
-9999.0 -9999.0 -1483.501639 -1288.485795 -1120.946357 -934.004061 -781.706309 -681.584761 -614.456045 -533.160536 -442.096557 -355.391837 -301.641924 -279.832360 -306.399580 -365.066609 -400.522476 -400.615537 -411.466340 -430.059618 -460.423438 -472.144055 -482.128603 -490.860229 -507.152880 -516.196008 -522.221520 -534.229965 -558.490049 -606.988212 -662.062166 -714.297922 -768.421390 -792.659187 -814.142212 -836.804358 -840.871166 -841.820563 -834.622923 -833.598100 -828.933275 -817.747564 -797.095584 -776.374003 -767.395336 -761.268573 -749.099776 -726.046847 -693.564845 -653.798365 -602.651161 -547.928468 -510.325585 -498.700873 -508.475486 -501.193939 -475.435486 -420.537864 -296.864280 -175.448169 -83.280832 -13.402048 58.561501 106.579864 127.780015 174.172259 210.722735 107.132175 -61.419413 -33.035882 -9999.0 -9999.0 -9999.0 -9999.0 -9999.0 -9999.0 -9999.0 -9999.0 -9999.0 -9999.0
-9999.0 -9999.0 -9999.0 -9999.0 -1431.360075 -1273.131494 -1180.729576 -1100.404509 -985.343320 -884.273802 -797.628661 -725.674238 -677.060980 -654.937551 -669.022560 -678.912868 -688.655686 -691.347418 -699.461193 -706.393846 -713.384347 -721.004708 -730.956342 -738.312136 -739.416214 -736.281127 -737.917735 -750.352643 -765.004630 -793.073874 -817.644686 -852.433391 -889.187052 -917.828988 -930.481961 -937.678963 -937.181277 -942.140321 -932.392679 -926.581968 -912.048732 -896.769216 -872.970913 -845.265732 -833.413702 -819.671433 -810.230999 -789.687193 -760.541663 -708.979873 -648.046045 -593.634078 -561.522470 -559.710869 -588.273497 -605.991363 -610.645059 -583.387632 -534.076690 -455.989685 -322.567592 -215.699759 -133.442296 -88.413604 -58.213038 -11.568310 30.724203 41.250311 -9999.0 -9999.0 -9999.0 -9999.0 -9999.0 -9999.0 -9999.0 -9999.0 -9999.0 -9999.0 -9999.0 -9999.0
-9999.0 -9999.0 -9999.0 -9999.0 -9999.0 -9999.0 -1490.423509 -1397.695193 -1308.763610 -1194.302923 -1089.456323 -1003.280712 -933.407977 -911.755790 -897.797518 -877.353119 -882.685060 -898.660698 -913.866660 -898.261267 -890.184615 -894.394657 -920.264749 -921.883864 -918.856010 -909.253974 -910.010702 -915.703992 -939.877077 -932.852657 -934.846407 -957.326977 -982.894708 -997.150296 -1008.444541 -998.346228 -997.303905 -1009.375350 -1006.389649 -980.835274 -961.613917 -948.293173 -925.828791 -893.120367 -861.648604 -847.996739 -847.406209 -841.488767 -800.109503 -730.900224 -662.222480 -610.568847 -581.536706 -575.798981 -606.527779 -649.888503 -673.929676 -669.774455 -637.734119 -586.039807 -507.939707 -453.848661 -413.005247 -378.768512 -333.820569 -204.905677 -9999.0 -9999.0 -9999.0 -9999.0 -9999.0 -9999.0 -9999.0 -9999.0 -9999.0 -9999.0 -9999.0 -9999.0 -9999.0 -9999.0
-9999.0 -9999.0 -9999.0 -9999.0 -9999.0 -9999.0 -9999.0 -9999.0 -9999.0 -9999.0 -9999.0 -9999.0 -9999.0 -9999.0 -9999.0 -9999.0 -9999.0 -9999.0 -9999.0 -9999.0 -9999.0 -9999.0 -9999.0 -9999.0 -9999.0 -9999.0 -9999.0 -9999.0 -9999.0 -9999.0 -9999.0 -9999.0 -9999.0 -9999.0 -9999.0 -9999.0 -9999.0 -9999.0 -9999.0 -9999.0 -9999.0 -9999.0 -9999.0 -9999.0 -9999.0 -9999.0 -9999.0 -9999.0 -9999.0 -9999.0 -9999.0 -9999.0 -9999.0 -9999.0 -9999.0 -9999.0 -9999.0 -9999.0 -9999.0 -9999.0 -9999.0 -9999.0 -9999.0 -9999.0 -9999.0 -9999.0 -9999.0 -9999.0 -9999.0 -9999.0 -9999.0 -9999.0 -9999.0 -9999.0 -9999.0 -9999.0 -9999.0 -9999.0 -9999.0 -9999.0
-9999.0 -9999.0 -9999.0 -9999.0 -9999.0 -9999.0 -9999.0 -9999.0 -9999.0 -9999.0 -9999.0 -9999.0 -9999.0 -9999.0 -9999.0 -9999.0 -9999.0 -9999.0 -9999.0 -9999.0 -9999.0 -9999.0 -9999.0 -9999.0 -9999.0 -9999.0 -9999.0 -9999.0 -9999.0 -9999.0 -9999.0 -9999.0 -9999.0 -9999.0 -9999.0 -9999.0 -9999.0 -9999.0 -9999.0 -9999.0 -9999.0 -9999.0 -9999.0 -9999.0 -9999.0 -9999.0 -9999.0 -9999.0 -9999.0 -9999.0 -9999.0 -9999.0 -9999.0 -9999.0 -9999.0 -9999.0 -9999.0 -9999.0 -9999.0 -9999.0 -9999.0 -9999.0 -9999.0 -9999.0 -9999.0 -9999.0 -9999.0 -9999.0 -9999.0 -9999.0 -9999.0 -9999.0 -9999.0 -9999.0 -9999.0 -9999.0 -9999.0 -9999.0 -9999.0 -9999.0