Borden_/Borden1m_014/output_maps/psiliqL0024N0025.asc
ncols         80
nrows         18
xllcorner     620200.000000
yllcorner     5168000.000000
cellsize      1.000000
NODATA_value  -9999.0
-9999.0 -9999.0 -9999.0 -9999.0 -9999.0 -9999.0 -9999.0 -9999.0 -9999.0 -9999.0 -9999.0 -9999.0 -9999.0 -9999.0 -9999.0 -9999.0 -9999.0 -9999.0 -9999.0 -9999.0 -9999.0 -9999.0 -9999.0 -9999.0 -9999.0 -9999.0 -9999.0 -9999.0 -9999.0 -9999.0 -9999.0 -9999.0 -9999.0 -9999.0 -9999.0 -9999.0 -9999.0 -9999.0 -9999.0 -9999.0 -9999.0 -9999.0 -9999.0 -9999.0 -9999.0 -9999.0 -9999.0 -9999.0 -9999.0 -9999.0 -9999.0 -9999.0 -9999.0 -9999.0 -9999.0 -9999.0 -9999.0 -9999.0 -9999.0 -9999.0 -9999.0 -9999.0 -9999.0 -9999.0 -9999.0 -9999.0 -9999.0 -9999.0 -9999.0 -9999.0 -9999.0 -9999.0 -9999.0 -9999.0 -9999.0 -9999.0 -9999.0 -9999.0 -9999.0 -9999.0
-9999.0 -9999.0 -9999.0 -9999.0 -9999.0 -9999.0 -9999.0 -9999.0 -9999.0 -9999.0 -9999.0 -9999.0 -9999.0 -9999.0 -9999.0 -9999.0 -9999.0 -9999.0 -9999.0 -9999.0 -9999.0 -9999.0 -9999.0 -9999.0 -9999.0 -9999.0 -9999.0 -9999.0 -9999.0 -9999.0 -9999.0 -9999.0 -9999.0 -9999.0 -9999.0 -9999.0 -9999.0 -9999.0 -9999.0 -9999.0 -9999.0 -9999.0 -9999.0 -9999.0 -9999.0 -9999.0 -9999.0 -9999.0 -9999.0 -9999.0 -9999.0 -9999.0 -9999.0 -9999.0 -9999.0 -9999.0 -9999.0 -9999.0 -9999.0 -9999.0 -9999.0 -9999.0 -9999.0 -9999.0 -9999.0 -9999.0 -9999.0 -9999.0 -9999.0 -9999.0 -9999.0 -9999.0 -9999.0 -9999.0 -9999.0 -9999.0 -9999.0 -9999.0 -9999.0 -9999.0
-9999.0 -9999.0 -9999.0 -9999.0 -9999.0 -9999.0 -9999.0 -9999.0 -9999.0 -9999.0 -9999.0 -9999.0 -9999.0 -9999.0 -9999.0 -9999.0 -9999.0 -9999.0 -9999.0 -9999.0 2931.312056 2932.638367 2911.068891 2877.247998 2849.287291 2851.382735 2884.705639 2925.472616 2964.269185 2972.172623 2953.471279 2957.283797 2953.039175 2949.046406 2949.767654 2957.538031 2964.149974 2973.885114 2981.015997 2978.976186 2971.810798 2966.767427 2968.927978 2970.703511 2976.798184 2962.913602 2978.485941 2981.912006 2986.757561 2984.052039 2971.317989 2958.623578 2950.162642 2934.299307 2960.239731 2971.672698 2987.540731 2992.288364 2990.696800 2969.831279 2939.823494 -9999.0 -9999.0 -9999.0 -9999.0 -9999.0 -9999.0 -9999.0 -9999.0 -9999.0 -9999.0 -9999.0 -9999.0 -9999.0 -9999.0 -9999.0 -9999.0 -9999.0 -9999.0 -9999.0
-9999.0 -9999.0 -9999.0 -9999.0 -9999.0 -9999.0 -9999.0 -9999.0 -9999.0 -9999.0 -9999.0 -9999.0 -9999.0 -9999.0 2840.506134 2831.717386 2828.983149 2836.558772 2869.270082 2899.534824 2911.212499 2903.839077 2903.774486 2879.356385 2857.015755 2869.947911 2899.388462 2929.621693 2962.960592 2980.652173 2969.689677 2967.324808 2974.766106 2982.731606 2990.945449 2987.357675 2983.108708 2993.204638 3006.315142 3010.960774 3008.885080 2999.039317 3008.156448 3022.220420 3015.191971 2999.876125 3010.234537 3024.890463 3036.144319 3027.780675 2982.310053 2969.137589 2965.630242 2961.114499 2947.899656 2943.876824 2971.682946 2970.919752 2963.446309 2946.298025 2913.221615 2868.295571 2849.509243 2889.815106 2933.483008 2985.433768 -9999.0 -9999.0 -9999.0 -9999.0 -9999.0 -9999.0 -9999.0 -9999.0 -9999.0 -9999.0 -9999.0 -9999.0 -9999.0 -9999.0
-9999.0 -9999.0 -9999.0 -9999.0 -9999.0 -9999.0 -9999.0 -9999.0 -9999.0 2797.963894 2788.653758 2795.569666 2797.884660 2813.119146 2809.984587 2816.938647 2821.435532 2848.612548 2878.249350 2911.870474 2938.731192 2929.786913 2928.406567 2933.157697 2928.967990 2937.442885 2957.867989 2982.572657 3013.897205 3049.049839 3015.701742 3010.757295 3028.052126 3069.505849 3093.454312 3095.790547 3077.267517 3092.500601 3115.811009 3131.886983 3128.386395 3122.579988 3147.978089 3162.795753 3157.700728 3136.707248 3134.381411 3141.258641 3170.211914 3120.174142 3055.325677 3016.268533 3031.336311 3010.019660 2983.512350 2983.700075 2983.918546 2994.094780 2982.607834 2957.538072 2924.356985 2912.863075 2896.004098 2916.458262 2939.610415 2980.853342 3020.932211 3050.979645 3050.867410 3033.877221 -9999.0 -9999.0 -9999.0 -9999.0 -9999.0 -9999.0 -9999.0 -9999.0 -9999.0 -9999.0
-9999.0 -9999.0 -9999.0 -9999.0 -9999.0 -9999.0 2716.585159 2728.284325 2750.737812 2755.148972 2783.473154 2790.641919 2788.802165 2806.058804 2827.654512 2840.893915 2866.485325 2896.629344 2932.782160 2970.879310 2988.194048 2988.318451 2981.766648 3001.563469 3029.019852 3048.477251 3070.549735 3107.397928 3176.487302 3212.384976 3206.254571 3207.133942 3215.241704 3264.956429 3328.518366 3339.816491 3319.285465 3306.002472 3328.865695 3365.654964 3364.382128 3363.233488 3375.370441 3385.861686 3412.544663 3402.196471 3366.697204 3360.532803 3366.296468 3344.928405 3277.862524 3220.765569 3201.078072 3157.714806 3075.983143 3032.694632 3054.710243 3081.849041 3060.093536 3011.359814 2989.830910 2983.739296 2972.067155 2964.243271 2975.864284 2991.783274 3016.168900 3030.294253 3018.848999 2998.527241 2980.044738 2951.708148 2954.077048 2978.965771 -9999.0 -9999.0 -9999.0 -9999.0 -9999.0 -9999.0
-9999.0 -9999.0 -9999.0 -9999.0 2664.560624 2678.856470 2666.304765 2694.536284 2729.136470 2765.358141 2795.462652 2804.429596 2827.589858 2854.581133 2888.194825 2911.707206 2944.887806 2974.941630 3009.943208 3070.728302 3114.721182 3128.651940 3136.889424 3185.248139 3241.080975 3288.065159 3306.420898 3331.735965 3375.830249 3431.776201 3454.103610 3457.137560 3473.978056 3515.932815 3570.717248 3605.363564 3587.956990 3579.184230 3588.624107 3602.358872 3624.483990 3624.573286 3625.670045 3629.497361 3636.730507 3635.251731 3609.316076 3576.204995 3563.409151 3553.622174 3517.134620 3446.101043 3415.373251 3387.282473 3347.235755 3294.224034 3245.413752 3245.150483 3191.540996 3139.928642 3089.643985 3080.797223 3060.167677 3044.014771 3026.145696 3037.826036 3049.422754 3034.443241 3004.979460 2980.143709 2966.748893 2948.776231 2937.316557 2968.112646 2984.116336 3013.841377 -9999.0 -9999.0 -9999.0 -9999.0
-9999.0 -9999.0 2602.439169 2649.465320 2708.404425 2717.174018 2714.408213 2720.920531 2751.160308 2804.372752 2841.301712 2878.990036 2909.349540 2939.720741 2978.898863 3041.495907 3101.385912 3143.218173 3197.652383 3265.748342 3324.213699 3351.018182 3360.060336 3394.723358 3448.448150 3515.880810 3543.288919 3569.250942 3600.249640 3635.763711 3630.261952 3641.349934 3653.197800 3664.578741 3678.267713 3684.712077 3680.080488 3675.530868 3657.109576 3652.158376 3658.688223 3666.258821 3665.595819 3651.104396 3647.145639 3661.951871 3667.873729 3666.000917 3663.548114 3668.733456 3665.351952 3618.453408 3598.286698 3583.474140 3572.513430 3527.032212 3461.256264 3428.432877 3407.790322 3368.072404 3295.410924 3257.223841 3217.763997 3182.827232 3146.919904 3132.686122 3099.686061 3067.406520 3028.649549 2988.035470 2973.583919 2958.442868 2957.492171 2957.609265 2974.899967 2988.852646 3004.816253 3012.906654 -9999.0 -9999.0
-9999.0 2492.880956 2564.640566 2688.453720 2768.603629 2794.710708 2806.364035 2812.007866 2837.376860 2868.605601 2956.509075 2998.924178 3080.812554 3116.509254 3156.926839 3243.860349 3336.201119 3378.173898 3415.824513 3477.458299 3541.546745 3587.834769 3613.763988 3596.993624 3635.210732 3662.111252 3669.301423 3675.634722 3674.959154 3666.515671 3659.742148 3666.516303 3663.687845 3644.780115 3628.964047 3627.312194 3623.971060 3600.894456 3573.584240 3558.399863 3560.070246 3584.702627 3571.821586 3550.568650 3546.200660 3567.673433 3588.556416 3578.027381 3564.995501 3581.458290 3615.698623 3639.826065 3642.178770 3660.370756 3681.405830 3652.904315 3630.660514 3587.582988 3570.966391 3545.778387 3489.730089 3435.078230 3387.457784 3339.357908 3287.028191 3237.640429 3190.187831 3144.728800 3091.284359 3058.470749 3034.053407 2990.920209 2981.723386 2983.909813 2980.939850 2979.026915 2984.141561 2990.757156 -9999.0 -9999.0
-9999.0 2398.967818 2538.862042 2718.970604 2852.127034 2894.574315 2961.339951 3010.604605 3024.368490 2984.800131 3071.235519 3282.930934 3399.000690 3414.897258 3488.329791 3580.673176 3567.924952 3598.457986 3620.838746 3643.723366 3662.177402 3675.464748 3673.476748 3668.015210 3651.729143 3643.771215 3642.945910 3640.907769 3623.746493 3605.003919 3588.361689 3585.437760 3567.957105 3519.848059 3487.148495 3470.259166 3452.415365 3438.671754 3411.115232 3385.503962 3369.952444 3381.017481 3378.455376 3364.775184 3360.344222 3378.508183 3409.282839 3406.579434 3417.221284 3436.573757 3471.884380 3509.326671 3528.384813 3557.111446 3592.359036 3639.260587 3648.826437 3671.038783 3674.237608 3662.621075 3616.941931 3566.124817 3537.053749 3482.341115 3422.958822 3361.707491 3313.353697 3268.962845 3214.297258 3180.144388 3142.032709 3088.617355 3044.916599 3035.849366 3002.248047 2988.628717 -9999.0 -9999.0 -9999.0 -9999.0
-9999.0 2300.253193 2481.208337 2724.075484 2999.342646 3073.685354 3270.641743 3382.938952 3421.690824 3487.210828 3381.743082 3576.147526 3625.061364 3619.060004 3631.180145 3633.777501 3647.618699 3647.198665 3642.139936 3631.285298 3621.919328 3617.519127 3616.389219 3608.518961 3595.993428 3581.489948 3569.757415 3558.588199 3522.517854 3491.072498 3453.058595 3440.934589 3398.160981 3307.787493 3269.261929 3231.956228 3172.918933 3174.827236 3180.720602 3159.151130 3140.062302 3113.362978 3141.676540 3151.251649 3155.007922 3151.468703 3161.836090 3186.606500 3232.906589 3266.551103 3305.127539 3352.385688 3381.934296 3420.655534 3460.468493 3512.274883 3542.837486 3571.395903 3619.318281 3656.094379 3678.612491 3665.158695 3645.736991 3602.154100 3542.472084 3493.493117 3465.106357 3415.443265 3372.512949 3329.042771 3282.873666 3230.401186 3170.326745 3115.130856 3080.907693 -9999.0 -9999.0 -9999.0 -9999.0 -9999.0
-9999.0 2083.933293 2348.445763 2618.457868 2886.173893 3216.809683 3377.653238 3473.349975 3535.029187 3513.600424 3532.838673 3540.212347 3576.773014 3583.382017 3561.897697 3548.617954 3531.789202 3530.700932 3543.693883 3516.749734 3487.018716 3473.962271 3474.803690 3464.101900 3440.623991 3425.750954 3416.447571 3398.439858 3355.972758 3306.787675 3224.428894 3192.061717 3117.619505 3077.554362 3041.017804 2994.900353 2963.231827 2967.925918 2979.815968 2982.096661 2961.533792 2944.499515 2973.403463 2982.093255 2994.882059 2979.265401 2985.921965 3019.801144 3065.775137 3105.532170 3148.980581 3194.203019 3235.135010 3274.244056 3295.745395 3335.564987 3376.801779 3417.823472 3487.075234 3563.964561 3598.880865 3632.861046 3662.426522 3684.007374 3641.578916 3614.704913 3591.482313 3568.654432 3523.148129 3478.188088 3437.688923 3374.195289 3314.845709 -9999.0 -9999.0 -9999.0 -9999.0 -9999.0 -9999.0 -9999.0
-9999.0 1969.573233 2166.731143 2364.097733 2620.395278 2833.913240 3041.674044 3132.093210 3199.823700 3263.652033 3313.492510 3349.507395 3374.987246 3396.075383 3373.370819 3328.787935 3297.206809 3302.001865 3293.940844 3272.748355 3245.201731 3232.356901 3230.193330 3225.453414 3204.263811 3193.933943 3187.238531 3171.654200 3146.111474 3094.276614 3023.269276 2964.333742 2910.702393 2889.743720 2866.394453 2838.991868 2811.628533 2824.594179 2837.026607 2837.101227 2830.287394 2830.195701 2859.218379 2878.399234 2887.955323 2877.035628 2895.359217 2918.946024 2956.387553 2985.745146 3029.816223 3079.200189 3127.037470 3147.357036 3150.209425 3162.689055 3188.149262 3231.233730 3307.085727 3391.914976 3467.576826 3512.179229 3562.272445 3601.475400 3628.749458 3655.128918 3676.333309 3668.485321 3643.302375 3610.434284 3552.789992 -9999.0 -9999.0 -9999.0 -9999.0 -9999.0 -9999.0 -9999.0 -9999.0 -9999.0
-9999.0 -9999.0 1939.945130 2096.146730 2199.537554 2364.887785 2509.887640 2619.965110 2723.508639 2825.081111 2944.032349 3022.024455 3066.980520 3081.998365 3067.943252 3038.927132 3021.195750 3020.896190 3009.570820 3002.824386 2988.001194 2982.834630 2986.056013 2978.654911 2973.818680 2972.658324 2970.267111 2962.354266 2945.397160 2903.789144 2865.698728 2821.528232 2809.021021 2785.245347 2765.012360 2746.065809 2748.307286 2742.544956 2747.141469 2749.378084 2758.286660 2772.063230 2791.510448 2792.009733 2801.479396 2811.432807 2822.477045 2844.292282 2874.363480 2914.311842 2965.676379 3011.869384 3047.078099 3053.768225 3036.178728 3031.662289 3040.374206 3069.788297 3133.658719 3200.171897 3288.291193 3352.707691 3418.747102 3473.871458 3500.014930 3536.372458 3605.333328 3653.266869 3694.189439 3671.874302 -9999.0 -9999.0 -9999.0 -9999.0 -9999.0 -9999.0 -9999.0 -9999.0 -9999.0 -9999.0
-9999.0 -9999.0 -9999.0 -9999.0 1956.796063 2105.092797 2202.854964 2283.533187 2417.733909 2548.192514 2655.846965 2744.106397 2813.796027 2799.841680 2799.850690 2815.078254 2813.733817 2805.056481 2794.368437 2798.383468 2802.442495 2796.631350 2826.908769 2819.980112 2822.646000 2829.191316 2826.358246 2812.528186 2793.559277 2777.006606 2761.909311 2729.966253 2697.186885 2668.942288 2656.347954 2652.494164 2652.187956 2644.072923 2652.132626 2660.617105 2676.293834 2691.337478 2714.801679 2744.002713 2758.890053 2774.175712 2783.748511 2803.490760 2812.117814 2863.352563 2925.066081 2981.253552 3007.992028 3008.198566 2988.803358 2968.229912 2957.394880 2976.564675 2993.569328 3044.926951 3133.864234 3193.080987 3238.826721 3277.967931 3314.136004 3377.796297 3470.507262 3550.791990 -9999.0 -9999.0 -9999.0 -9999.0 -9999.0 -9999.0 -9999.0 -9999.0 -9999.0 -9999.0 -9999.0 -9999.0
-9999.0 -9999.0 -9999.0 -9999.0 -9999.0 -9999.0 1931.338781 2036.923090 2106.609097 2258.560001 2403.072074 2511.521310 2596.169380 2632.761657 2667.367612 2698.572197 2699.657791 2680.147760 2658.904870 2680.332070 2698.716260 2692.227819 2660.503963 2661.413909 2667.684268 2675.064777 2672.058277 2665.613982 2640.569909 2656.173472 2659.760433 2636.948780 2611.593126 2598.692870 2587.149265 2596.886050 2596.826555 2582.307256 2581.243247 2608.834522 2629.701639 2642.531744 2663.632689 2696.897998 2729.658067 2745.763130 2747.382505 2753.069020 2790.869687 2840.131793 2910.775784 2965.539989 2990.298585 2994.840813 2972.193151 2928.333810 2903.365748 2903.829505 2929.860876 2971.291677 3017.536150 3053.869297 3065.875504 3068.001891 3080.797142 3175.651545 -9999.0 -9999.0 -9999.0 -9999.0 -9999.0 -9999.0 -9999.0 -9999.0 -9999.0 -9999.0 -9999.0 -9999.0 -9999.0 -9999.0
-9999.0 -9999.0 -9999.0 -9999.0 -9999.0 -9999.0 -9999.0 -9999.0 -9999.0 -9999.0 -9999.0 -9999.0 -9999.0 -9999.0 -9999.0 -9999.0 -9999.0 -9999.0 -9999.0 -9999.0 -9999.0 -9999.0 -9999.0 -9999.0 -9999.0 -9999.0 -9999.0 -9999.0 -9999.0 -9999.0 -9999.0 -9999.0 -9999.0 -9999.0 -9999.0 -9999.0 -9999.0 -9999.0 -9999.0 -9999.0 -9999.0 -9999.0 -9999.0 -9999.0 -9999.0 -9999.0 -9999.0 -9999.0 -9999.0 -9999.0 -9999.0 -9999.0 -9999.0 -9999.0 -9999.0 -9999.0 -9999.0 -9999.0 -9999.0 -9999.0 -9999.0 -9999.0 -9999.0 -9999.0 -9999.0 -9999.0 -9999.0 -9999.0 -9999.0 -9999.0 -9999.0 -9999.0 -9999.0 -9999.0 -9999.0 -9999.0 -9999.0 -9999.0 -9999.0 -9999.0
-9999.0 -9999.0 -9999.0 -9999.0 -9999.0 -9999.0 -9999.0 -9999.0 -9999.0 -9999.0 -9999.0 -9999.0 -9999.0 -9999.0 -9999.0 -9999.0 -9999.0 -9999.0 -9999.0 -9999.0 -9999.0 -9999.0 -9999.0 -9999.0 -9999.0 -9999.0 -9999.0 -9999.0 -9999.0 -9999.0 -9999.0 -9999.0 -9999.0 -9999.0 -9999.0 -9999.0 -9999.0 -9999.0 -9999.0 -9999.0 -9999.0 -9999.0 -9999.0 -9999.0 -9999.0 -9999.0 -9999.0 -9999.0 -9999.0 -9999.0 -9999.0 -9999.0 -9999.0 -9999.0 -9999.0 -9999.0 -9999.0 -9999.0 -9999.0 -9999.0 -9999.0 -9999.0 -9999.0 -9999.0 -9999.0 -9999.0 -9999.0 -9999.0 -9999.0 -9999.0 -9999.0 -9999.0 -9999.0 -9999.0 -9999.0 -9999.0 -9999.0 -9999.0 -9999.0 -9999.0