Borden_/Borden1m_014/output_maps/psiliqL0011N0028.asc
ncols         80
nrows         18
xllcorner     620200.000000
yllcorner     5168000.000000
cellsize      1.000000
NODATA_value  -9999.0
-9999.0 -9999.0 -9999.0 -9999.0 -9999.0 -9999.0 -9999.0 -9999.0 -9999.0 -9999.0 -9999.0 -9999.0 -9999.0 -9999.0 -9999.0 -9999.0 -9999.0 -9999.0 -9999.0 -9999.0 -9999.0 -9999.0 -9999.0 -9999.0 -9999.0 -9999.0 -9999.0 -9999.0 -9999.0 -9999.0 -9999.0 -9999.0 -9999.0 -9999.0 -9999.0 -9999.0 -9999.0 -9999.0 -9999.0 -9999.0 -9999.0 -9999.0 -9999.0 -9999.0 -9999.0 -9999.0 -9999.0 -9999.0 -9999.0 -9999.0 -9999.0 -9999.0 -9999.0 -9999.0 -9999.0 -9999.0 -9999.0 -9999.0 -9999.0 -9999.0 -9999.0 -9999.0 -9999.0 -9999.0 -9999.0 -9999.0 -9999.0 -9999.0 -9999.0 -9999.0 -9999.0 -9999.0 -9999.0 -9999.0 -9999.0 -9999.0 -9999.0 -9999.0 -9999.0 -9999.0
-9999.0 -9999.0 -9999.0 -9999.0 -9999.0 -9999.0 -9999.0 -9999.0 -9999.0 -9999.0 -9999.0 -9999.0 -9999.0 -9999.0 -9999.0 -9999.0 -9999.0 -9999.0 -9999.0 -9999.0 -9999.0 -9999.0 -9999.0 -9999.0 -9999.0 -9999.0 -9999.0 -9999.0 -9999.0 -9999.0 -9999.0 -9999.0 -9999.0 -9999.0 -9999.0 -9999.0 -9999.0 -9999.0 -9999.0 -9999.0 -9999.0 -9999.0 -9999.0 -9999.0 -9999.0 -9999.0 -9999.0 -9999.0 -9999.0 -9999.0 -9999.0 -9999.0 -9999.0 -9999.0 -9999.0 -9999.0 -9999.0 -9999.0 -9999.0 -9999.0 -9999.0 -9999.0 -9999.0 -9999.0 -9999.0 -9999.0 -9999.0 -9999.0 -9999.0 -9999.0 -9999.0 -9999.0 -9999.0 -9999.0 -9999.0 -9999.0 -9999.0 -9999.0 -9999.0 -9999.0
-9999.0 -9999.0 -9999.0 -9999.0 -9999.0 -9999.0 -9999.0 -9999.0 -9999.0 -9999.0 -9999.0 -9999.0 -9999.0 -9999.0 -9999.0 -9999.0 -9999.0 -9999.0 -9999.0 -9999.0 339.389393 342.401630 320.405516 287.096261 259.526265 262.277376 297.842790 339.899964 379.074108 390.321712 373.277829 376.051056 372.031308 372.127735 375.562337 382.495684 386.322640 398.143074 407.262340 407.747411 402.407029 397.673658 397.812193 401.391856 406.387439 395.852160 408.681745 423.098219 427.968612 421.468766 392.796003 375.716241 365.859865 349.654019 372.959295 384.149026 406.167256 409.631457 407.443020 379.798391 349.327505 -9999.0 -9999.0 -9999.0 -9999.0 -9999.0 -9999.0 -9999.0 -9999.0 -9999.0 -9999.0 -9999.0 -9999.0 -9999.0 -9999.0 -9999.0 -9999.0 -9999.0 -9999.0 -9999.0
-9999.0 -9999.0 -9999.0 -9999.0 -9999.0 -9999.0 -9999.0 -9999.0 -9999.0 -9999.0 -9999.0 -9999.0 -9999.0 -9999.0 247.446307 237.914408 235.534253 244.613903 278.905937 309.483213 322.070524 315.067460 315.735476 292.982218 273.466503 288.435091 319.042022 351.918324 387.968699 409.947987 399.214211 397.876180 409.169245 436.838187 451.803783 449.986614 429.794382 453.324071 470.514610 481.147202 481.950219 474.685867 489.714238 506.428255 499.424697 480.749660 483.228376 493.697194 505.839730 489.057872 422.354800 400.004425 394.277746 385.714128 370.319107 362.506140 386.475971 386.071089 376.888385 358.075453 324.967021 280.515550 261.840205 299.800553 343.377633 400.593435 -9999.0 -9999.0 -9999.0 -9999.0 -9999.0 -9999.0 -9999.0 -9999.0 -9999.0 -9999.0 -9999.0 -9999.0 -9999.0 -9999.0
-9999.0 -9999.0 -9999.0 -9999.0 -9999.0 -9999.0 -9999.0 -9999.0 -9999.0 188.781430 193.134373 200.762188 203.323643 219.492592 217.927556 225.568503 233.827506 261.195631 293.164942 329.156471 358.869347 350.471336 352.210962 364.927969 371.750287 385.842811 409.050730 452.436505 497.537469 542.493187 516.509404 516.290791 537.562235 588.229021 626.410951 636.648237 617.351330 623.946703 651.821490 679.381546 683.101414 683.762775 711.158625 726.329053 729.426085 707.142540 687.015018 683.200299 706.737443 650.629360 580.452763 524.610711 523.151043 488.423086 444.940748 420.948436 416.208547 435.815462 418.867085 379.770979 341.916461 330.573522 312.639695 328.385684 349.983756 395.919305 433.960939 461.887822 461.228579 443.421086 -9999.0 -9999.0 -9999.0 -9999.0 -9999.0 -9999.0 -9999.0 -9999.0 -9999.0 -9999.0
-9999.0 -9999.0 -9999.0 -9999.0 -9999.0 -9999.0 109.513100 118.893343 139.208696 144.744626 170.043318 178.133254 199.411246 219.572777 241.581064 259.537338 291.472825 325.818306 368.943623 414.783714 449.517220 447.644394 461.242958 497.558540 542.408404 576.108875 604.107919 649.354131 734.647657 784.429081 798.885820 806.727407 817.711693 864.859887 928.971237 948.301204 925.086643 909.203625 929.190808 968.300112 984.094448 988.743743 998.961867 1008.295057 1033.211451 1021.822017 974.058422 953.533132 946.970445 931.392419 873.578246 809.919402 767.348009 711.596632 621.917486 560.180611 560.161127 573.857710 539.576711 481.413537 435.832539 422.480612 405.422700 389.689416 393.714580 411.545643 433.169483 443.380895 429.792087 408.276438 384.761114 355.539371 356.923448 382.001062 -9999.0 -9999.0 -9999.0 -9999.0 -9999.0 -9999.0
-9999.0 -9999.0 -9999.0 -9999.0 59.383455 72.227259 60.679562 85.318688 118.076881 152.345339 185.443458 223.761114 252.370596 284.011004 327.236609 366.432226 413.039024 452.550714 512.063999 585.629183 643.023789 674.838381 697.762101 763.741974 828.334766 881.151269 902.117781 931.391888 978.091145 1045.797792 1076.281704 1084.646697 1101.185230 1133.395391 1177.825945 1211.177886 1193.705934 1186.721178 1191.917180 1203.874258 1230.374734 1233.262145 1235.745486 1237.586465 1240.697077 1239.019866 1213.348568 1178.835988 1163.616697 1154.374607 1127.431201 1061.079672 1012.591208 978.763566 946.249712 896.094887 828.848641 806.133223 743.966350 680.248808 608.044700 579.198181 543.223567 512.769355 478.544275 476.119693 476.253505 453.910609 420.919021 387.669268 371.842464 352.542284 341.582014 371.159161 388.542173 419.082860 -9999.0 -9999.0 -9999.0 -9999.0
-9999.0 -9999.0 0.359444 49.962050 106.594044 115.790000 117.947256 124.186299 152.776028 205.404779 284.737297 339.404449 386.780851 422.868522 487.660530 576.056597 659.042605 715.876036 780.200556 850.615809 913.212782 951.654844 978.412694 1019.762600 1071.347481 1128.634099 1153.103342 1179.441800 1210.362376 1244.310467 1262.762062 1278.132191 1285.264913 1285.253344 1288.645133 1289.213274 1284.718792 1278.803443 1260.627179 1257.598550 1265.320444 1269.860899 1272.690053 1260.079985 1256.124429 1268.705963 1270.799518 1269.519481 1269.134039 1276.450135 1282.527830 1247.252302 1201.966657 1185.761111 1175.735295 1133.482636 1070.187781 1021.227279 995.125745 951.417419 872.749821 818.141578 762.645690 705.749176 644.524842 605.210107 552.235676 505.823377 456.722606 409.046607 384.245627 365.086170 362.068503 361.816841 377.503320 392.730037 407.908899 415.607629 -9999.0 -9999.0
-9999.0 -100.452695 -27.771305 99.577382 179.641049 225.734056 264.088050 292.557439 321.221266 344.053197 456.242887 561.691610 659.986459 700.620511 758.562092 859.785999 958.688471 1005.285501 1041.470929 1093.837638 1149.811116 1196.290587 1226.254556 1247.914711 1278.746086 1285.534440 1286.248553 1288.333704 1283.249148 1276.280659 1267.345599 1274.077598 1271.111401 1253.370433 1238.458396 1235.485645 1228.737479 1202.711700 1173.481140 1158.470233 1161.094719 1182.255402 1171.846910 1152.118763 1148.639850 1169.217350 1187.081736 1178.967528 1167.432667 1185.145392 1220.519806 1242.901962 1256.297565 1271.916502 1292.156614 1268.009197 1236.998127 1195.106165 1174.074544 1144.537255 1083.187258 1020.275180 964.623948 901.321995 832.674150 759.079250 688.496486 620.354772 548.649235 504.423407 470.583234 417.650705 393.971825 394.333237 384.470336 381.251469 387.226186 393.455550 -9999.0 -9999.0
-9999.0 -175.843762 -32.596309 153.330792 302.416827 366.642996 482.031727 569.107298 602.468677 581.371026 699.297424 924.264270 1018.053274 1034.224822 1102.721921 1184.847630 1215.746431 1246.504670 1266.711102 1270.471704 1273.491704 1281.387393 1279.736093 1273.827643 1260.231936 1252.640483 1251.171865 1247.504552 1228.368732 1208.460800 1190.567483 1186.125711 1168.498868 1127.636006 1095.816765 1079.098794 1061.769697 1034.973576 997.679041 969.261200 954.554600 971.340362 963.089783 945.915655 942.442524 965.630808 999.008974 995.005909 1002.383812 1025.707956 1067.803644 1111.182760 1135.311265 1165.503728 1202.244082 1245.520061 1263.037764 1283.640651 1288.085282 1266.458758 1222.663504 1171.715653 1136.231269 1069.699113 995.147849 914.840824 849.354670 786.051438 713.126949 660.393826 607.367410 545.661977 485.793015 456.736297 415.550212 394.212672 -9999.0 -9999.0 -9999.0 -9999.0
-9999.0 -247.291119 -56.822043 206.819991 476.246768 604.932165 811.663859 945.059785 1012.371358 1071.344664 1082.800780 1207.540869 1238.824724 1232.828351 1224.382046 1227.392471 1242.430568 1246.633112 1243.362040 1233.651348 1223.945739 1219.836961 1217.554767 1209.347553 1197.805144 1182.731660 1168.983579 1154.069325 1111.442262 1076.564352 1042.289420 1025.992704 987.957936 897.828040 855.357542 821.614855 765.210864 753.794536 741.264540 709.201447 687.556224 668.880625 688.836868 690.686431 692.455963 699.886650 721.371585 744.861137 790.076949 828.052941 873.483871 927.482860 963.348318 1008.384864 1057.410083 1117.219014 1150.379957 1181.262988 1227.281910 1267.164070 1289.827803 1279.948479 1250.133932 1204.273831 1133.442072 1061.864015 1009.651321 935.217142 869.170357 816.559946 771.877695 718.413446 646.176568 549.686254 504.073370 -9999.0 -9999.0 -9999.0 -9999.0 -9999.0
-9999.0 -412.697583 -144.265336 150.005593 477.741101 804.584805 926.948109 1073.306140 1147.468754 1099.321542 1090.258789 1115.017688 1156.466776 1164.358457 1145.596319 1138.724547 1129.797956 1130.216632 1142.953105 1116.418484 1083.715607 1069.175458 1067.581024 1054.939713 1031.487811 1013.019262 998.693812 976.578553 925.822206 875.094574 796.721535 766.845147 688.053819 620.462909 571.458086 520.706831 467.513137 463.818272 478.258174 460.883236 437.488220 418.359728 444.252321 460.701590 472.422903 462.907836 473.230969 510.118111 561.424575 607.915888 662.571008 723.663554 774.807735 827.430923 862.890537 916.745527 965.535151 1013.987135 1088.881277 1169.672133 1206.033204 1241.076473 1275.145544 1289.001168 1237.868616 1184.748294 1129.380412 1059.615869 970.116060 925.342152 903.532506 868.327139 814.046381 -9999.0 -9999.0 -9999.0 -9999.0 -9999.0 -9999.0 -9999.0
-9999.0 -544.019061 -316.794978 -75.210968 220.593138 462.145579 653.936556 772.097701 855.930248 865.841576 885.470502 916.081910 947.482370 970.234790 948.755658 912.504049 886.052498 890.183399 888.098657 863.937911 833.932903 818.765521 816.484989 808.245891 781.251614 763.682583 750.147981 723.963720 683.488883 622.815142 538.379393 466.094773 401.904911 365.181096 333.497995 299.486432 261.062295 270.713199 283.948098 279.173900 267.063377 262.929092 292.292992 310.938565 321.135171 308.882705 328.016857 355.527414 398.201971 441.769143 492.072734 549.460694 606.017896 639.920717 659.266334 692.882912 740.311778 801.019130 889.599330 986.570243 1063.504057 1115.839014 1166.656486 1198.082590 1210.474615 1224.300197 1195.590840 1103.786749 967.737397 969.016327 973.166751 -9999.0 -9999.0 -9999.0 -9999.0 -9999.0 -9999.0 -9999.0 -9999.0 -9999.0
-9999.0 -9999.0 -553.435128 -367.179325 -214.627155 -29.266083 123.589945 234.184886 315.877183 413.738464 508.757893 588.054330 632.366632 650.626727 633.479061 594.525244 569.635856 569.451858 559.744141 546.587107 523.413216 514.157597 503.671723 494.973758 481.769631 473.753809 466.918311 453.808862 429.001216 379.866955 326.857633 273.716590 218.539142 192.338282 169.742595 147.017494 143.833862 141.120882 147.377663 148.490862 154.166777 166.072954 186.609088 208.164683 217.733601 225.443911 238.147322 262.076812 295.569811 337.476768 391.061242 448.391947 488.329513 502.084832 494.516930 502.908639 528.253035 577.362189 669.408644 764.691092 861.925681 934.934872 1007.329737 1058.189865 1074.719047 1093.310320 1103.191023 1018.522471 672.180702 890.089918 -9999.0 -9999.0 -9999.0 -9999.0 -9999.0 -9999.0 -9999.0 -9999.0 -9999.0 -9999.0
-9999.0 -9999.0 -9999.0 -9999.0 -511.283571 -353.570707 -258.107600 -174.189609 -50.085189 62.533374 157.155054 235.833989 291.914107 316.643203 307.532626 305.015240 297.724361 293.196028 284.190303 279.927270 275.455605 267.472068 254.948542 247.031399 246.283208 249.629154 246.813127 232.863423 215.590818 189.121711 165.605045 130.139847 93.012043 63.534337 50.229186 43.512435 43.496159 37.506717 46.742704 53.328944 68.246798 83.598586 107.528854 136.025100 148.959878 163.347074 173.148241 194.012162 224.282207 277.356815 340.080003 396.756617 431.348614 435.326677 409.914185 394.739438 392.542584 422.626894 472.873540 547.581191 656.839589 739.283231 806.266392 854.768869 887.952077 933.433704 977.620583 996.643814 -9999.0 -9999.0 -9999.0 -9999.0 -9999.0 -9999.0 -9999.0 -9999.0 -9999.0 -9999.0 -9999.0 -9999.0
-9999.0 -9999.0 -9999.0 -9999.0 -9999.0 -9999.0 -563.775725 -466.284948 -380.019891 -252.652396 -133.883516 -39.282188 36.842756 63.910873 83.934052 107.376213 103.599157 86.320610 69.089811 86.088220 96.698781 91.378162 63.079597 61.698086 65.342927 74.117919 72.387232 65.919541 40.778260 49.519171 48.390640 25.043672 -1.218787 -15.612691 -27.330015 -17.513250 -16.880333 -29.703607 -27.792147 -1.539228 18.316760 31.701094 54.040566 87.178739 119.209927 133.723327 134.817634 141.063453 182.217220 252.467990 323.003232 376.860268 407.965769 415.312227 386.979109 346.174080 325.074331 332.312170 368.052394 423.429698 503.352813 557.587432 591.767212 614.361994 642.606463 740.122044 -9999.0 -9999.0 -9999.0 -9999.0 -9999.0 -9999.0 -9999.0 -9999.0 -9999.0 -9999.0 -9999.0 -9999.0 -9999.0 -9999.0
-9999.0 -9999.0 -9999.0 -9999.0 -9999.0 -9999.0 -9999.0 -9999.0 -9999.0 -9999.0 -9999.0 -9999.0 -9999.0 -9999.0 -9999.0 -9999.0 -9999.0 -9999.0 -9999.0 -9999.0 -9999.0 -9999.0 -9999.0 -9999.0 -9999.0 -9999.0 -9999.0 -9999.0 -9999.0 -9999.0 -9999.0 -9999.0 -9999.0 -9999.0 -9999.0 -9999.0 -9999.0 -9999.0 -9999.0 -9999.0 -9999.0 -9999.0 -9999.0 -9999.0 -9999.0 -9999.0 -9999.0 -9999.0 -9999.0 -9999.0 -9999.0 -9999.0 -9999.0 -9999.0 -9999.0 -9999.0 -9999.0 -9999.0 -9999.0 -9999.0 -9999.0 -9999.0 -9999.0 -9999.0 -9999.0 -9999.0 -9999.0 -9999.0 -9999.0 -9999.0 -9999.0 -9999.0 -9999.0 -9999.0 -9999.0 -9999.0 -9999.0 -9999.0 -9999.0 -9999.0
-9999.0 -9999.0 -9999.0 -9999.0 -9999.0 -9999.0 -9999.0 -9999.0 -9999.0 -9999.0 -9999.0 -9999.0 -9999.0 -9999.0 -9999.0 -9999.0 -9999.0 -9999.0 -9999.0 -9999.0 -9999.0 -9999.0 -9999.0 -9999.0 -9999.0 -9999.0 -9999.0 -9999.0 -9999.0 -9999.0 -9999.0 -9999.0 -9999.0 -9999.0 -9999.0 -9999.0 -9999.0 -9999.0 -9999.0 -9999.0 -9999.0 -9999.0 -9999.0 -9999.0 -9999.0 -9999.0 -9999.0 -9999.0 -9999.0 -9999.0 -9999.0 -9999.0 -9999.0 -9999.0 -9999.0 -9999.0 -9999.0 -9999.0 -9999.0 -9999.0 -9999.0 -9999.0 -9999.0 -9999.0 -9999.0 -9999.0 -9999.0 -9999.0 -9999.0 -9999.0 -9999.0 -9999.0 -9999.0 -9999.0 -9999.0 -9999.0 -9999.0 -9999.0 -9999.0 -9999.0