Borden_/Borden1m_014/output_maps/psiliqL0001N0033.asc
ncols         80
nrows         18
xllcorner     620200.000000
yllcorner     5168000.000000
cellsize      1.000000
NODATA_value  -9999.0
-9999.0 -9999.0 -9999.0 -9999.0 -9999.0 -9999.0 -9999.0 -9999.0 -9999.0 -9999.0 -9999.0 -9999.0 -9999.0 -9999.0 -9999.0 -9999.0 -9999.0 -9999.0 -9999.0 -9999.0 -9999.0 -9999.0 -9999.0 -9999.0 -9999.0 -9999.0 -9999.0 -9999.0 -9999.0 -9999.0 -9999.0 -9999.0 -9999.0 -9999.0 -9999.0 -9999.0 -9999.0 -9999.0 -9999.0 -9999.0 -9999.0 -9999.0 -9999.0 -9999.0 -9999.0 -9999.0 -9999.0 -9999.0 -9999.0 -9999.0 -9999.0 -9999.0 -9999.0 -9999.0 -9999.0 -9999.0 -9999.0 -9999.0 -9999.0 -9999.0 -9999.0 -9999.0 -9999.0 -9999.0 -9999.0 -9999.0 -9999.0 -9999.0 -9999.0 -9999.0 -9999.0 -9999.0 -9999.0 -9999.0 -9999.0 -9999.0 -9999.0 -9999.0 -9999.0 -9999.0
-9999.0 -9999.0 -9999.0 -9999.0 -9999.0 -9999.0 -9999.0 -9999.0 -9999.0 -9999.0 -9999.0 -9999.0 -9999.0 -9999.0 -9999.0 -9999.0 -9999.0 -9999.0 -9999.0 -9999.0 -9999.0 -9999.0 -9999.0 -9999.0 -9999.0 -9999.0 -9999.0 -9999.0 -9999.0 -9999.0 -9999.0 -9999.0 -9999.0 -9999.0 -9999.0 -9999.0 -9999.0 -9999.0 -9999.0 -9999.0 -9999.0 -9999.0 -9999.0 -9999.0 -9999.0 -9999.0 -9999.0 -9999.0 -9999.0 -9999.0 -9999.0 -9999.0 -9999.0 -9999.0 -9999.0 -9999.0 -9999.0 -9999.0 -9999.0 -9999.0 -9999.0 -9999.0 -9999.0 -9999.0 -9999.0 -9999.0 -9999.0 -9999.0 -9999.0 -9999.0 -9999.0 -9999.0 -9999.0 -9999.0 -9999.0 -9999.0 -9999.0 -9999.0 -9999.0 -9999.0
-9999.0 -9999.0 -9999.0 -9999.0 -9999.0 -9999.0 -9999.0 -9999.0 -9999.0 -9999.0 -9999.0 -9999.0 -9999.0 -9999.0 -9999.0 -9999.0 -9999.0 -9999.0 -9999.0 -9999.0 -605.733075 -604.837568 -606.829323 -609.083021 -610.957095 -611.178964 -609.063018 -606.585380 -603.722112 -603.099138 -605.373859 -604.857366 -605.750625 -606.201479 -606.207121 -605.590320 -605.316349 -604.372745 -603.759337 -604.003467 -604.695524 -605.204315 -605.678804 -605.505037 -604.738213 -605.756153 -604.204962 -602.637076 -602.051666 -602.113088 -604.303184 -605.235988 -605.571770 -607.311702 -604.149808 -603.163300 -600.727436 -600.466269 -600.042569 -602.788942 -605.456895 -9999.0 -9999.0 -9999.0 -9999.0 -9999.0 -9999.0 -9999.0 -9999.0 -9999.0 -9999.0 -9999.0 -9999.0 -9999.0 -9999.0 -9999.0 -9999.0 -9999.0 -9999.0 -9999.0
-9999.0 -9999.0 -9999.0 -9999.0 -9999.0 -9999.0 -9999.0 -9999.0 -9999.0 -9999.0 -9999.0 -9999.0 -9999.0 -9999.0 -609.492204 -610.539028 -611.019564 -611.291978 -609.397368 -607.890203 -607.785173 -608.874457 -608.017631 -610.134877 -611.973425 -610.840151 -609.203331 -607.804161 -605.506177 -603.713648 -605.339504 -605.736733 -604.826176 -601.630727 -600.138674 -600.776467 -604.424351 -601.025019 -599.189629 -597.965636 -598.113936 -599.778888 -597.365423 -594.557236 -595.959160 -598.914540 -598.377000 -596.745369 -593.973707 -595.558798 -604.670479 -605.732635 -605.306547 -605.181610 -606.375184 -607.239156 -604.047692 -604.456078 -605.010661 -605.655510 -607.576859 -610.593927 -611.908493 -608.826244 -605.951949 -600.018304 -9999.0 -9999.0 -9999.0 -9999.0 -9999.0 -9999.0 -9999.0 -9999.0 -9999.0 -9999.0 -9999.0 -9999.0 -9999.0 -9999.0
-9999.0 -9999.0 -9999.0 -9999.0 -9999.0 -9999.0 -9999.0 -9999.0 -9999.0 -611.251596 -611.545605 -611.259079 -611.930668 -611.024245 -612.495592 -612.143872 -612.366787 -611.092061 -610.001198 -608.136893 -605.665288 -607.450452 -607.668776 -606.324953 -606.039643 -605.457400 -604.294479 -600.075266 -595.002208 -587.030025 -593.607914 -593.873309 -590.213576 -576.312949 -562.453717 -557.622255 -565.463398 -565.566686 -555.984789 -543.170249 -542.219461 -543.258740 -527.980081 -517.688239 -510.329435 -526.016584 -541.119968 -543.430577 -525.751027 -555.255210 -576.450416 -591.677280 -590.930707 -596.086246 -601.574596 -603.641169 -604.363518 -600.620508 -602.110448 -605.596238 -608.391918 -607.590717 -609.103008 -607.641788 -606.535842 -602.029140 -597.860509 -593.750146 -593.537815 -596.155049 -9999.0 -9999.0 -9999.0 -9999.0 -9999.0 -9999.0 -9999.0 -9999.0 -9999.0 -9999.0
-9999.0 -9999.0 -9999.0 -9999.0 -9999.0 -9999.0 -613.104948 -613.234010 -612.663826 -614.436186 -613.167850 -614.028672 -613.064497 -612.618201 -611.987283 -611.905382 -610.227890 -608.731275 -606.151848 -602.649760 -599.338330 -600.939249 -600.041137 -595.126716 -585.225423 -575.555424 -569.139089 -556.590289 -503.963119 -447.890466 -424.402386 -413.424991 -401.044549 -370.738350 -316.538406 -295.150192 -318.962019 -336.185812 -318.589200 -274.491616 -188.929122 -188.068275 -182.534719 -175.886309 -149.715529 -153.851192 -267.892499 -299.218382 -309.869596 -319.930448 -362.677713 -406.996714 -464.830836 -520.457605 -563.066007 -580.705148 -583.685700 -581.094587 -587.969183 -596.603931 -601.630124 -601.743392 -602.734067 -604.512406 -603.743540 -601.912610 -599.033875 -597.235280 -598.629701 -600.533328 -602.007628 -604.953159 -604.507773 -601.651161 -9999.0 -9999.0 -9999.0 -9999.0 -9999.0 -9999.0
-9999.0 -9999.0 -9999.0 -9999.0 -615.901228 -615.076754 -617.520869 -616.145945 -615.052310 -614.216907 -614.151042 -612.609274 -612.139526 -611.015014 -608.590036 -606.555256 -603.018808 -600.264477 -592.548363 -575.650599 -557.233571 -543.981715 -533.756593 -465.400142 -397.859817 -359.070202 -344.057808 -318.796749 -269.458411 -142.514195 -116.289377 -110.170212 -128.923098 -67.726406 -69.858310 -1.232579 -53.524812 -21.314865 -19.998344 -12.504683 10.668654 10.959111 11.972540 11.836641 13.876920 15.964274 -3.217713 -32.541185 -82.592446 -50.473810 -108.244905 -127.890711 -237.434108 -276.180290 -301.600798 -342.233655 -397.045903 -421.967690 -493.822367 -540.915873 -570.240362 -579.148720 -587.273283 -591.418915 -596.608204 -595.812715 -594.514453 -597.119424 -600.431274 -603.522973 -603.965057 -605.301126 -606.715293 -603.088702 -601.736735 -597.660738 -9999.0 -9999.0 -9999.0 -9999.0
-9999.0 -9999.0 -616.069237 -615.941109 -613.673259 -615.031430 -615.789653 -616.952851 -616.449478 -614.229564 -609.838097 -607.766043 -604.581795 -602.849135 -595.386952 -575.446442 -546.650157 -514.965115 -440.722329 -384.267619 -334.682025 -291.922449 -206.242375 -163.848136 -150.484678 -73.800435 -52.149721 -69.901288 -9.125266 15.812471 41.171530 56.271619 59.525581 55.886358 52.988172 52.287577 50.799787 46.812472 30.157112 28.220639 35.375494 37.205432 40.797582 28.746938 25.042875 37.361848 39.135445 40.388496 41.589190 50.687665 60.762000 32.362717 -19.579447 -30.218550 -71.422519 -69.676492 -131.620463 -232.716728 -262.481653 -302.768172 -373.217341 -411.905016 -471.616393 -530.677649 -561.504700 -573.639206 -584.872615 -591.540648 -597.418951 -602.618418 -604.226314 -605.204403 -604.554348 -605.023260 -603.081127 -601.562645 -599.344024 -598.480368 -9999.0 -9999.0
-9999.0 -616.691032 -617.395106 -613.301168 -612.523639 -611.582098 -610.181153 -608.981710 -607.823009 -609.431265 -597.206099 -570.570750 -537.537014 -519.939059 -453.832677 -359.505265 -197.260319 -166.205976 -164.913079 -100.544938 -92.948306 -16.361191 6.920514 38.950117 61.132261 55.381076 53.651084 51.404117 44.093101 36.584046 25.910618 34.130532 32.488850 19.069079 6.790107 7.142297 4.648196 -19.368501 -44.657866 -56.058483 -50.584812 -30.060232 -39.877730 -59.730522 -63.553560 -44.166269 -29.433890 -37.330681 -83.207706 -34.249499 -5.569692 11.776236 28.085802 41.743350 61.473279 39.923351 7.874490 -27.218008 -76.508265 -64.050241 -176.277711 -241.366369 -294.860131 -356.794625 -406.853084 -477.903466 -541.018643 -567.484836 -584.467896 -590.541806 -594.257113 -601.455451 -603.368098 -601.960079 -602.910024 -603.023975 -602.145602 -601.452283 -9999.0 -9999.0
-9999.0 -620.208976 -616.538728 -612.062423 -606.244684 -605.004243 -583.965495 -561.837951 -551.994020 -564.368879 -487.099859 -191.254928 -131.222323 -130.936733 -81.012767 -13.844785 26.434920 47.496944 59.881131 52.080657 44.675471 47.547676 42.277787 34.219723 21.135229 13.443069 13.808043 11.602706 -4.027300 -20.507867 -36.286142 -70.152747 -49.352936 -80.919526 -116.191923 -126.598168 -180.768052 -221.271330 -260.532483 -288.037682 -300.544056 -279.997625 -291.323399 -310.474324 -314.196530 -289.878882 -256.663903 -263.263733 -258.900895 -235.980495 -190.425313 -100.249836 -80.476564 -55.990238 -25.012754 12.495857 30.494747 49.954502 56.194224 31.584807 -32.748481 -48.738841 -75.981525 -190.275456 -265.962671 -343.557505 -391.025903 -426.441947 -499.009657 -540.506458 -564.234237 -581.346109 -592.742215 -595.408099 -600.627713 -601.600387 -9999.0 -9999.0 -9999.0 -9999.0
-9999.0 -620.117462 -616.420317 -607.766801 -585.287651 -544.900168 -400.398063 -270.998278 -98.145207 -146.320669 -21.442267 47.113269 54.723028 38.188483 11.718344 8.079054 17.187365 19.180760 14.092157 6.195003 -10.258227 -5.847251 -8.386745 -15.159144 -26.423361 -41.165415 -50.933291 -61.811607 -153.612035 -190.866743 -219.094993 -234.640749 -267.314159 -348.973029 -380.133868 -399.819572 -456.915896 -474.893669 -492.761160 -522.784248 -535.511637 -542.793921 -533.007992 -535.513158 -536.360286 -529.757656 -511.200350 -493.889860 -442.797105 -407.870220 -378.114249 -331.491056 -298.320564 -254.430236 -201.459846 -93.609402 -66.575926 -41.084341 -29.502276 32.619356 52.792226 45.437198 17.226875 -16.606974 -71.410572 -195.785929 -250.026482 -319.425948 -370.712952 -403.463841 -427.501568 -481.725980 -545.549580 -578.851693 -586.731635 -9999.0 -9999.0 -9999.0 -9999.0 -9999.0
-9999.0 -624.635394 -615.835449 -608.609429 -567.444265 -385.620271 -296.703137 -25.103233 25.827136 -42.232161 -151.103373 -64.218221 -31.850831 -31.829341 -57.110663 -67.921261 -71.493352 -72.212288 -61.203223 -95.946500 -173.707308 -191.782149 -194.305301 -205.963212 -228.488503 -247.366395 -261.795277 -283.055703 -336.029486 -374.695370 -422.982600 -453.157271 -528.258426 -562.937414 -576.834441 -587.759942 -597.350918 -597.225642 -594.367567 -597.039482 -599.821946 -602.659076 -599.257333 -597.666899 -596.136385 -597.974214 -597.365234 -592.432414 -583.717352 -573.533053 -555.821008 -522.891052 -472.137239 -411.650601 -386.503966 -339.388823 -294.260305 -246.522147 -171.614903 -47.076502 -25.124087 7.897695 43.481860 61.525244 24.003522 -10.836331 -66.517322 -191.749094 -292.294598 -332.292792 -347.871099 -368.587718 -404.136005 -9999.0 -9999.0 -9999.0 -9999.0 -9999.0 -9999.0 -9999.0
-9999.0 -627.639731 -617.995694 -615.844556 -602.958767 -571.845946 -494.065912 -381.487025 -208.920218 -337.187397 -351.893383 -327.909333 -299.121450 -278.041445 -301.381095 -333.552491 -354.709694 -351.362023 -350.031783 -369.846007 -392.934387 -402.288114 -402.822850 -410.220864 -441.622879 -465.318687 -480.429143 -506.318529 -536.665588 -561.731077 -585.911559 -596.276964 -603.191070 -605.660224 -607.411191 -609.210144 -612.500806 -610.796768 -609.421945 -609.810533 -610.878232 -611.673991 -609.278917 -608.419447 -607.644799 -609.835346 -608.295219 -606.814994 -603.501894 -599.990593 -594.798801 -586.746553 -575.555114 -566.278152 -558.753397 -542.228868 -505.709833 -429.419350 -364.518317 -271.131598 -197.048017 -101.012808 -50.435557 -53.428400 -0.241766 6.944930 15.909129 -9.019979 -264.858155 -298.195793 -300.873622 -9999.0 -9999.0 -9999.0 -9999.0 -9999.0 -9999.0 -9999.0 -9999.0 -9999.0
-9999.0 -9999.0 -629.309940 -625.129202 -621.134378 -617.200288 -611.668341 -604.283190 -598.414128 -590.430461 -577.232646 -559.909696 -546.218563 -538.811470 -548.517889 -564.968773 -573.267390 -572.726041 -574.813149 -578.923463 -585.744570 -588.169495 -589.750432 -591.027658 -593.794420 -594.977877 -595.488625 -596.533807 -598.761472 -603.432779 -607.473216 -610.164201 -613.029455 -613.004518 -613.501074 -614.504200 -613.825803 -613.992726 -613.722943 -613.872913 -613.692996 -613.273627 -612.709255 -611.965266 -611.915224 -611.728151 -611.427667 -610.560187 -609.211199 -607.411805 -603.900619 -598.609998 -594.349506 -593.233543 -595.345541 -594.558736 -591.272215 -582.989733 -552.165011 -469.492748 -388.215910 -325.426697 -254.799094 -207.386259 -185.805871 -114.915645 -51.993075 -201.243134 -348.187680 -336.365657 -9999.0 -9999.0 -9999.0 -9999.0 -9999.0 -9999.0 -9999.0 -9999.0 -9999.0 -9999.0
-9999.0 -9999.0 -9999.0 -9999.0 -630.524066 -625.069455 -620.156771 -620.532065 -616.962920 -614.812668 -612.657947 -609.973079 -607.759736 -606.246002 -608.220306 -608.867133 -609.334682 -609.027047 -609.416710 -609.996728 -610.336008 -610.664008 -610.932766 -611.377524 -611.263043 -610.907025 -610.813969 -611.551032 -611.587295 -613.084915 -613.408589 -614.278436 -615.119298 -616.032389 -615.888197 -616.031618 -615.659478 -616.057005 -615.423157 -615.815675 -615.344835 -615.116275 -614.509869 -613.543886 -613.900483 -613.338591 -613.284835 -612.507500 -612.143896 -610.038234 -606.555674 -602.395219 -599.464592 -599.555927 -603.192337 -604.674490 -605.444943 -603.064666 -598.749610 -589.018769 -560.394677 -513.055682 -427.577668 -389.526622 -364.232417 -321.378373 -281.052925 -272.774615 -9999.0 -9999.0 -9999.0 -9999.0 -9999.0 -9999.0 -9999.0 -9999.0 -9999.0 -9999.0 -9999.0 -9999.0
-9999.0 -9999.0 -9999.0 -9999.0 -9999.0 -9999.0 -628.485423 -625.903210 -626.460802 -624.700246 -623.158125 -621.835156 -619.680592 -620.048696 -619.556772 -617.870682 -618.173297 -618.983635 -619.985295 -618.489380 -617.906908 -617.741845 -619.408218 -618.969016 -618.833577 -618.171936 -618.239436 -617.976547 -619.454722 -617.841682 -617.097811 -617.458894 -617.809253 -617.531479 -617.919762 -616.853027 -616.727932 -617.582538 -617.804427 -616.577952 -616.230300 -616.393740 -616.119567 -615.239136 -613.960439 -613.767541 -614.327842 -615.086486 -613.690999 -610.531541 -606.856509 -603.472457 -601.185437 -600.422760 -603.495766 -607.484440 -609.419838 -609.608301 -607.870056 -604.477469 -596.186169 -589.815430 -583.945587 -576.248776 -566.497314 -505.098533 -9999.0 -9999.0 -9999.0 -9999.0 -9999.0 -9999.0 -9999.0 -9999.0 -9999.0 -9999.0 -9999.0 -9999.0 -9999.0 -9999.0
-9999.0 -9999.0 -9999.0 -9999.0 -9999.0 -9999.0 -9999.0 -9999.0 -9999.0 -9999.0 -9999.0 -9999.0 -9999.0 -9999.0 -9999.0 -9999.0 -9999.0 -9999.0 -9999.0 -9999.0 -9999.0 -9999.0 -9999.0 -9999.0 -9999.0 -9999.0 -9999.0 -9999.0 -9999.0 -9999.0 -9999.0 -9999.0 -9999.0 -9999.0 -9999.0 -9999.0 -9999.0 -9999.0 -9999.0 -9999.0 -9999.0 -9999.0 -9999.0 -9999.0 -9999.0 -9999.0 -9999.0 -9999.0 -9999.0 -9999.0 -9999.0 -9999.0 -9999.0 -9999.0 -9999.0 -9999.0 -9999.0 -9999.0 -9999.0 -9999.0 -9999.0 -9999.0 -9999.0 -9999.0 -9999.0 -9999.0 -9999.0 -9999.0 -9999.0 -9999.0 -9999.0 -9999.0 -9999.0 -9999.0 -9999.0 -9999.0 -9999.0 -9999.0 -9999.0 -9999.0
-9999.0 -9999.0 -9999.0 -9999.0 -9999.0 -9999.0 -9999.0 -9999.0 -9999.0 -9999.0 -9999.0 -9999.0 -9999.0 -9999.0 -9999.0 -9999.0 -9999.0 -9999.0 -9999.0 -9999.0 -9999.0 -9999.0 -9999.0 -9999.0 -9999.0 -9999.0 -9999.0 -9999.0 -9999.0 -9999.0 -9999.0 -9999.0 -9999.0 -9999.0 -9999.0 -9999.0 -9999.0 -9999.0 -9999.0 -9999.0 -9999.0 -9999.0 -9999.0 -9999.0 -9999.0 -9999.0 -9999.0 -9999.0 -9999.0 -9999.0 -9999.0 -9999.0 -9999.0 -9999.0 -9999.0 -9999.0 -9999.0 -9999.0 -9999.0 -9999.0 -9999.0 -9999.0 -9999.0 -9999.0 -9999.0 -9999.0 -9999.0 -9999.0 -9999.0 -9999.0 -9999.0 -9999.0 -9999.0 -9999.0 -9999.0 -9999.0 -9999.0 -9999.0 -9999.0 -9999.0