Borden_/Borden1m_014/output_maps/psiliqL0030N0034.asc
ncols         80
nrows         18
xllcorner     620200.000000
yllcorner     5168000.000000
cellsize      1.000000
NODATA_value  -9999.0
-9999.0 -9999.0 -9999.0 -9999.0 -9999.0 -9999.0 -9999.0 -9999.0 -9999.0 -9999.0 -9999.0 -9999.0 -9999.0 -9999.0 -9999.0 -9999.0 -9999.0 -9999.0 -9999.0 -9999.0 -9999.0 -9999.0 -9999.0 -9999.0 -9999.0 -9999.0 -9999.0 -9999.0 -9999.0 -9999.0 -9999.0 -9999.0 -9999.0 -9999.0 -9999.0 -9999.0 -9999.0 -9999.0 -9999.0 -9999.0 -9999.0 -9999.0 -9999.0 -9999.0 -9999.0 -9999.0 -9999.0 -9999.0 -9999.0 -9999.0 -9999.0 -9999.0 -9999.0 -9999.0 -9999.0 -9999.0 -9999.0 -9999.0 -9999.0 -9999.0 -9999.0 -9999.0 -9999.0 -9999.0 -9999.0 -9999.0 -9999.0 -9999.0 -9999.0 -9999.0 -9999.0 -9999.0 -9999.0 -9999.0 -9999.0 -9999.0 -9999.0 -9999.0 -9999.0 -9999.0
-9999.0 -9999.0 -9999.0 -9999.0 -9999.0 -9999.0 -9999.0 -9999.0 -9999.0 -9999.0 -9999.0 -9999.0 -9999.0 -9999.0 -9999.0 -9999.0 -9999.0 -9999.0 -9999.0 -9999.0 -9999.0 -9999.0 -9999.0 -9999.0 -9999.0 -9999.0 -9999.0 -9999.0 -9999.0 -9999.0 -9999.0 -9999.0 -9999.0 -9999.0 -9999.0 -9999.0 -9999.0 -9999.0 -9999.0 -9999.0 -9999.0 -9999.0 -9999.0 -9999.0 -9999.0 -9999.0 -9999.0 -9999.0 -9999.0 -9999.0 -9999.0 -9999.0 -9999.0 -9999.0 -9999.0 -9999.0 -9999.0 -9999.0 -9999.0 -9999.0 -9999.0 -9999.0 -9999.0 -9999.0 -9999.0 -9999.0 -9999.0 -9999.0 -9999.0 -9999.0 -9999.0 -9999.0 -9999.0 -9999.0 -9999.0 -9999.0 -9999.0 -9999.0 -9999.0 -9999.0
-9999.0 -9999.0 -9999.0 -9999.0 -9999.0 -9999.0 -9999.0 -9999.0 -9999.0 -9999.0 -9999.0 -9999.0 -9999.0 -9999.0 -9999.0 -9999.0 -9999.0 -9999.0 -9999.0 -9999.0 4125.027932 4125.473023 4103.914314 4069.588298 4041.142751 4042.732651 4074.992606 4115.309443 4154.114108 4160.523317 4140.880585 4144.947025 4140.397525 4134.671206 4134.012798 4141.942926 4149.271051 4158.425459 4164.892764 4161.978005 4154.219657 4149.256874 4152.640440 4153.781917 4160.343761 4144.603144 4161.235240 4177.830638 4182.270958 4180.165652 4157.295976 4146.392658 4138.668349 4123.075522 4150.400162 4162.124395 4185.975041 4190.906953 4188.983125 4162.538661 4132.620609 -9999.0 -9999.0 -9999.0 -9999.0 -9999.0 -9999.0 -9999.0 -9999.0 -9999.0 -9999.0 -9999.0 -9999.0 -9999.0 -9999.0 -9999.0 -9999.0 -9999.0 -9999.0 -9999.0
-9999.0 -9999.0 -9999.0 -9999.0 -9999.0 -9999.0 -9999.0 -9999.0 -9999.0 -9999.0 -9999.0 -9999.0 -9999.0 -9999.0 4035.000094 4026.423964 4023.348844 4030.081698 4061.997948 4092.103927 4103.449381 4095.784448 4095.304555 4069.958684 4046.102718 4057.981113 4087.005269 4116.864116 4149.684416 4165.904208 4154.855163 4151.914345 4157.700480 4175.111525 4181.353504 4177.308625 4160.262314 4184.831365 4197.218742 4200.290791 4197.893760 4187.620972 4194.965211 4208.429481 4201.239856 4186.503234 4199.319223 4215.276300 4225.388543 4218.912889 4162.465823 4152.791455 4150.002819 4146.979410 4134.410134 4131.619673 4161.296488 4161.054559 4154.509681 4137.867863 4104.657937 4059.399482 4040.691911 4082.368420 4126.370635 4182.765367 -9999.0 -9999.0 -9999.0 -9999.0 -9999.0 -9999.0 -9999.0 -9999.0 -9999.0 -9999.0 -9999.0 -9999.0 -9999.0 -9999.0
-9999.0 -9999.0 -9999.0 -9999.0 -9999.0 -9999.0 -9999.0 -9999.0 -9999.0 3977.611843 3983.922300 3990.575447 3992.884379 4007.576684 4003.703362 4010.243749 4012.900070 4039.957661 4068.610126 4101.281501 4127.368399 4117.827248 4115.694366 4117.176062 4108.161698 4114.281016 4134.111431 4169.665568 4198.223879 4231.857771 4196.695998 4190.818788 4207.730596 4247.039827 4266.567157 4266.582977 4247.592731 4267.364394 4290.552181 4304.264477 4300.057241 4293.008181 4319.778395 4335.768614 4326.790418 4304.159411 4306.500163 4316.350425 4346.866556 4295.706752 4228.984254 4194.449111 4214.083279 4195.533231 4173.463147 4165.534225 4167.649989 4188.385206 4177.937060 4145.266678 4113.217977 4101.499788 4085.220237 4108.039027 4132.098245 4178.989803 4219.657479 4250.077115 4249.605766 4232.553553 -9999.0 -9999.0 -9999.0 -9999.0 -9999.0 -9999.0 -9999.0 -9999.0 -9999.0 -9999.0
-9999.0 -9999.0 -9999.0 -9999.0 -9999.0 -9999.0 3899.163659 3909.854814 3930.533113 3932.139072 3958.716633 3962.973254 3980.891847 3997.023363 4018.519126 4029.708329 4052.631352 4081.269921 4115.338044 4150.811512 4176.683673 4162.758524 4166.691742 4182.299281 4204.731044 4220.125969 4242.293100 4280.165041 4352.635369 4388.416575 4376.312207 4376.033264 4384.001663 4435.287995 4499.621952 4509.077565 4488.154330 4475.729596 4501.171214 4540.023427 4536.121810 4534.718710 4549.585332 4561.237333 4588.333520 4576.068424 4540.157429 4537.386966 4547.024803 4520.985467 4447.907806 4391.918706 4377.344225 4329.598299 4244.305437 4205.009944 4234.932304 4266.120450 4246.724464 4198.287525 4168.548927 4164.876936 4155.242042 4150.717323 4165.503410 4189.918207 4214.497115 4229.322184 4217.884545 4197.240265 4176.099439 4148.277691 4151.332082 4176.321412 -9999.0 -9999.0 -9999.0 -9999.0 -9999.0 -9999.0
-9999.0 -9999.0 -9999.0 -9999.0 3850.083974 3862.705349 3846.629277 3872.857679 3904.159855 3937.143085 3962.777014 3992.397534 4013.857028 4039.073964 4069.402997 4086.855437 4115.576187 4143.434135 4188.519980 4247.710940 4290.164178 4300.544376 4307.864478 4357.930250 4413.776167 4459.755389 4478.619564 4505.361123 4554.317035 4611.664450 4633.328419 4635.190448 4652.236440 4698.976407 4759.189238 4795.456647 4777.159067 4767.446983 4779.314410 4795.158190 4817.343271 4817.349223 4818.519735 4823.521627 4832.355687 4829.803447 4801.437417 4767.184223 4753.910582 4742.959195 4700.732289 4626.093078 4597.785847 4567.012955 4518.713806 4462.077951 4420.109216 4426.283061 4370.336206 4313.844718 4266.880858 4262.899414 4245.288739 4231.687490 4217.476384 4232.611945 4246.797657 4232.923071 4203.205048 4174.587901 4162.240797 4145.119481 4133.722974 4165.368067 4183.435681 4212.643696 -9999.0 -9999.0 -9999.0 -9999.0
-9999.0 -9999.0 3791.603014 3835.350077 3892.015738 3896.720842 3886.952757 3888.268944 3913.422622 3961.252550 4019.053135 4051.543931 4075.838688 4105.427301 4153.589477 4210.412352 4267.682803 4309.988387 4369.462518 4440.351990 4499.902304 4525.895386 4533.690109 4570.348306 4627.178081 4700.560389 4730.169266 4757.930806 4791.748145 4830.780721 4815.582988 4825.159629 4839.126810 4855.634188 4874.067440 4883.054982 4877.518340 4872.765769 4853.805237 4848.007483 4854.368090 4863.625347 4861.705727 4846.524590 4842.516946 4858.042099 4865.131019 4862.472733 4858.596770 4862.701046 4855.091427 4802.682615 4792.206209 4775.850820 4762.188139 4714.197058 4645.070284 4614.296885 4590.761425 4547.407241 4472.666205 4438.190213 4400.287977 4367.652615 4332.436530 4322.916898 4293.066470 4262.378697 4224.765807 4184.815395 4166.639105 4153.370231 4153.506010 4154.253936 4172.497118 4188.269943 4204.352614 4212.478874 -9999.0 -9999.0
-9999.0 3679.240064 3749.320404 3868.595217 3944.958403 3978.610990 3978.610580 3974.659091 3999.098285 4034.500096 4115.894399 4153.410259 4236.244670 4276.278649 4315.457903 4405.757462 4503.741666 4549.279256 4590.872798 4659.327079 4728.967116 4777.903543 4805.177186 4772.872190 4815.626762 4852.342778 4862.769854 4871.485662 4873.261066 4864.570315 4858.811133 4865.198921 4861.844406 4841.848228 4824.999585 4822.947210 4819.359573 4795.326726 4767.234106 4750.925183 4751.503031 4777.367773 4763.585230 4741.856328 4737.298007 4759.510954 4782.235354 4771.066735 4757.666437 4774.500892 4810.147826 4837.185237 4835.178745 4854.605172 4875.931014 4845.459821 4826.476430 4780.513182 4762.871685 4736.850770 4677.876065 4622.801091 4573.780238 4525.574138 4473.973851 4427.191994 4380.171154 4333.384480 4281.243998 4249.037589 4225.793582 4184.920987 4174.494983 4182.145572 4178.219925 4177.008555 4183.710715 4190.338292 -9999.0 -9999.0
-9999.0 3576.344278 3713.324667 3887.609658 4028.004295 4062.699407 4110.993846 4160.397810 4171.378554 4108.258025 4210.734631 4432.164807 4566.112290 4586.832551 4666.748090 4767.800575 4739.059286 4772.248765 4797.343643 4830.115708 4856.324771 4873.060816 4871.965679 4867.497455 4850.471028 4842.341410 4841.317154 4839.021128 4820.982595 4801.451609 4784.214910 4780.455662 4761.374318 4708.555616 4674.085770 4655.195119 4633.418239 4620.846669 4594.506925 4567.747435 4549.697999 4557.692529 4557.916506 4545.717047 4541.338411 4558.569051 4589.638201 4589.461898 4603.973521 4624.160025 4659.856922 4699.676638 4719.376303 4749.340865 4785.740285 4836.288798 4843.121011 4866.081745 4868.372519 4860.723186 4812.096255 4758.963505 4728.869333 4672.161465 4612.390516 4550.496539 4500.691574 4455.705213 4399.812190 4366.761352 4328.550053 4275.145234 4235.051206 4231.395760 4199.223705 4188.011533 -9999.0 -9999.0 -9999.0 -9999.0
-9999.0 3464.405239 3639.606115 3870.069253 4171.628301 4231.587930 4437.857635 4553.355901 4590.695105 4661.489725 4509.465023 4743.116556 4804.911902 4802.236122 4826.358942 4830.931211 4846.225047 4845.072656 4839.952785 4828.570531 4818.476532 4813.513147 4812.617075 4804.605205 4791.751836 4776.871496 4764.631633 4752.586213 4714.633349 4681.588317 4639.572274 4626.278997 4577.621354 4483.646366 4444.954340 4403.809538 4339.539278 4343.795391 4355.229295 4331.891410 4311.482544 4279.850103 4312.523330 4326.058546 4331.306383 4324.219756 4331.899868 4363.757185 4414.616932 4450.056011 4489.070842 4537.962881 4569.439784 4609.165802 4648.541056 4701.651630 4734.010644 4763.505630 4814.465327 4851.966698 4875.143027 4859.767676 4843.136306 4796.004547 4734.770604 4684.828842 4654.738076 4602.733378 4558.627241 4515.361811 4468.803468 4415.999454 4354.256837 4307.630698 4274.942781 -9999.0 -9999.0 -9999.0 -9999.0 -9999.0
-9999.0 3223.844024 3485.197635 3740.895508 4000.530647 4352.791361 4546.246272 4635.732837 4701.819049 4693.945087 4725.971108 4730.046084 4768.165298 4776.804642 4755.639317 4740.571089 4721.241224 4720.150511 4733.366035 4705.190014 4673.846683 4659.902364 4660.940536 4650.278478 4625.681643 4610.854430 4601.703597 4582.375917 4538.997138 4487.169638 4400.316912 4361.995383 4279.847859 4246.100221 4211.244526 4164.102771 4120.946919 4128.453476 4155.541482 4148.287644 4127.969437 4111.500834 4142.069867 4164.383418 4178.283716 4160.556911 4166.834634 4201.483199 4248.009664 4288.681518 4332.289419 4380.289368 4423.075176 4461.465235 4480.386813 4517.963750 4560.677671 4602.934578 4674.390453 4755.604307 4793.465689 4829.353865 4856.819511 4879.376442 4835.612811 4810.571662 4785.889956 4761.261167 4713.791020 4667.669804 4627.047606 4560.363322 4500.750025 -9999.0 -9999.0 -9999.0 -9999.0 -9999.0 -9999.0 -9999.0
-9999.0 3117.008613 3298.012494 3471.754718 3704.794753 3933.623172 4171.581886 4261.646642 4333.794700 4421.388411 4484.337818 4525.438732 4551.294368 4573.760671 4551.449216 4503.018058 4469.559289 4474.949511 4464.138394 4444.018651 4416.692094 4404.213279 4401.088115 4396.805598 4376.333020 4367.062950 4360.947001 4343.410372 4319.692242 4266.373472 4196.617463 4121.703023 4069.794726 4054.511002 4034.273922 4009.496644 3986.344578 4000.771938 4013.288915 4014.797148 4010.120886 4011.806007 4040.836040 4061.217771 4070.598921 4060.350271 4078.483154 4100.635746 4136.361638 4175.189851 4219.442548 4269.175174 4317.351967 4335.802590 4335.251838 4343.402116 4369.030562 4411.203618 4487.197232 4574.104542 4655.450953 4702.481732 4754.439879 4795.889343 4825.777398 4847.532337 4872.388097 4867.326009 4839.810962 4805.496825 4744.655563 -9999.0 -9999.0 -9999.0 -9999.0 -9999.0 -9999.0 -9999.0 -9999.0 -9999.0
-9999.0 -9999.0 3074.404716 3213.206655 3288.547963 3439.458599 3575.180021 3680.192944 3787.813528 3942.328798 4073.324687 4172.575504 4221.373178 4237.405427 4224.397414 4198.369030 4183.047993 4182.448944 4169.993077 4165.544242 4153.616405 4149.360448 4136.869645 4129.760011 4128.305225 4129.780606 4128.768160 4121.828874 4107.095122 4067.641115 4035.480992 3993.908361 3950.533944 3930.890007 3914.892132 3900.493855 3907.555248 3902.601537 3908.418073 3912.327470 3923.566701 3938.735567 3957.877570 3981.086863 3990.824847 4001.785905 4012.047852 4032.917155 4061.794137 4101.477839 4152.421022 4207.031870 4242.448195 4248.092683 4227.972041 4220.341449 4225.351116 4251.205854 4310.649829 4378.049574 4470.050774 4537.109526 4604.645953 4662.032655 4689.678109 4726.099749 4798.824676 4847.037900 4892.591488 4870.015513 -9999.0 -9999.0 -9999.0 -9999.0 -9999.0 -9999.0 -9999.0 -9999.0 -9999.0 -9999.0
-9999.0 -9999.0 -9999.0 -9999.0 3068.819283 3208.474081 3302.416130 3376.406407 3510.853429 3645.059120 3753.062219 3842.837855 3916.058618 3942.922206 3947.349951 3970.144295 3971.215817 3960.589428 3949.183987 3957.121793 3965.200165 3959.841393 3941.962184 3936.971487 3943.332564 3953.922510 3953.913011 3943.032950 3926.570705 3918.156947 3910.532286 3883.405654 3854.690459 3829.965093 3820.476036 3820.409988 3822.077808 3814.784958 3823.800636 3834.239598 3851.002881 3866.338255 3889.818228 3919.985638 3935.261113 3949.896731 3957.837860 3975.265695 4003.246640 4054.213729 4115.587503 4172.143624 4206.136820 4205.781442 4176.332260 4153.145123 4138.435835 4153.506798 4179.281123 4226.725992 4315.105933 4376.974716 4419.892026 4456.716261 4493.103194 4560.544034 4659.057374 4742.417864 -9999.0 -9999.0 -9999.0 -9999.0 -9999.0 -9999.0 -9999.0 -9999.0 -9999.0 -9999.0 -9999.0 -9999.0
-9999.0 -9999.0 -9999.0 -9999.0 -9999.0 -9999.0 3046.915253 3153.366653 3210.121666 3368.868261 3521.556231 3632.237398 3717.624015 3756.452593 3795.051031 3827.900359 3830.010403 3808.878561 3785.692389 3809.565656 3832.209362 3825.895165 3792.507425 3795.879988 3805.421508 3814.660334 3813.854170 3810.442831 3788.719256 3811.036286 3820.308949 3800.969112 3778.925312 3769.709543 3760.541068 3772.419006 3773.908056 3760.131695 3758.890274 3788.172231 3810.172519 3823.107646 3843.766354 3877.027403 3909.587417 3925.439571 3925.890498 3929.594203 3964.346576 4031.675469 4102.636707 4157.982173 4189.049899 4193.152103 4161.645413 4115.874207 4088.633586 4085.710535 4107.760867 4144.191567 4203.084344 4237.337993 4244.204341 4240.390728 4249.213403 4351.886965 -9999.0 -9999.0 -9999.0 -9999.0 -9999.0 -9999.0 -9999.0 -9999.0 -9999.0 -9999.0 -9999.0 -9999.0 -9999.0 -9999.0
-9999.0 -9999.0 -9999.0 -9999.0 -9999.0 -9999.0 -9999.0 -9999.0 -9999.0 -9999.0 -9999.0 -9999.0 -9999.0 -9999.0 -9999.0 -9999.0 -9999.0 -9999.0 -9999.0 -9999.0 -9999.0 -9999.0 -9999.0 -9999.0 -9999.0 -9999.0 -9999.0 -9999.0 -9999.0 -9999.0 -9999.0 -9999.0 -9999.0 -9999.0 -9999.0 -9999.0 -9999.0 -9999.0 -9999.0 -9999.0 -9999.0 -9999.0 -9999.0 -9999.0 -9999.0 -9999.0 -9999.0 -9999.0 -9999.0 -9999.0 -9999.0 -9999.0 -9999.0 -9999.0 -9999.0 -9999.0 -9999.0 -9999.0 -9999.0 -9999.0 -9999.0 -9999.0 -9999.0 -9999.0 -9999.0 -9999.0 -9999.0 -9999.0 -9999.0 -9999.0 -9999.0 -9999.0 -9999.0 -9999.0 -9999.0 -9999.0 -9999.0 -9999.0 -9999.0 -9999.0
-9999.0 -9999.0 -9999.0 -9999.0 -9999.0 -9999.0 -9999.0 -9999.0 -9999.0 -9999.0 -9999.0 -9999.0 -9999.0 -9999.0 -9999.0 -9999.0 -9999.0 -9999.0 -9999.0 -9999.0 -9999.0 -9999.0 -9999.0 -9999.0 -9999.0 -9999.0 -9999.0 -9999.0 -9999.0 -9999.0 -9999.0 -9999.0 -9999.0 -9999.0 -9999.0 -9999.0 -9999.0 -9999.0 -9999.0 -9999.0 -9999.0 -9999.0 -9999.0 -9999.0 -9999.0 -9999.0 -9999.0 -9999.0 -9999.0 -9999.0 -9999.0 -9999.0 -9999.0 -9999.0 -9999.0 -9999.0 -9999.0 -9999.0 -9999.0 -9999.0 -9999.0 -9999.0 -9999.0 -9999.0 -9999.0 -9999.0 -9999.0 -9999.0 -9999.0 -9999.0 -9999.0 -9999.0 -9999.0 -9999.0 -9999.0 -9999.0 -9999.0 -9999.0 -9999.0 -9999.0