Borden_/Borden1m_014/output_maps/psiliqL0027N0015.asc
ncols         80
nrows         18
xllcorner     620200.000000
yllcorner     5168000.000000
cellsize      1.000000
NODATA_value  -9999.0
-9999.0 -9999.0 -9999.0 -9999.0 -9999.0 -9999.0 -9999.0 -9999.0 -9999.0 -9999.0 -9999.0 -9999.0 -9999.0 -9999.0 -9999.0 -9999.0 -9999.0 -9999.0 -9999.0 -9999.0 -9999.0 -9999.0 -9999.0 -9999.0 -9999.0 -9999.0 -9999.0 -9999.0 -9999.0 -9999.0 -9999.0 -9999.0 -9999.0 -9999.0 -9999.0 -9999.0 -9999.0 -9999.0 -9999.0 -9999.0 -9999.0 -9999.0 -9999.0 -9999.0 -9999.0 -9999.0 -9999.0 -9999.0 -9999.0 -9999.0 -9999.0 -9999.0 -9999.0 -9999.0 -9999.0 -9999.0 -9999.0 -9999.0 -9999.0 -9999.0 -9999.0 -9999.0 -9999.0 -9999.0 -9999.0 -9999.0 -9999.0 -9999.0 -9999.0 -9999.0 -9999.0 -9999.0 -9999.0 -9999.0 -9999.0 -9999.0 -9999.0 -9999.0 -9999.0 -9999.0
-9999.0 -9999.0 -9999.0 -9999.0 -9999.0 -9999.0 -9999.0 -9999.0 -9999.0 -9999.0 -9999.0 -9999.0 -9999.0 -9999.0 -9999.0 -9999.0 -9999.0 -9999.0 -9999.0 -9999.0 -9999.0 -9999.0 -9999.0 -9999.0 -9999.0 -9999.0 -9999.0 -9999.0 -9999.0 -9999.0 -9999.0 -9999.0 -9999.0 -9999.0 -9999.0 -9999.0 -9999.0 -9999.0 -9999.0 -9999.0 -9999.0 -9999.0 -9999.0 -9999.0 -9999.0 -9999.0 -9999.0 -9999.0 -9999.0 -9999.0 -9999.0 -9999.0 -9999.0 -9999.0 -9999.0 -9999.0 -9999.0 -9999.0 -9999.0 -9999.0 -9999.0 -9999.0 -9999.0 -9999.0 -9999.0 -9999.0 -9999.0 -9999.0 -9999.0 -9999.0 -9999.0 -9999.0 -9999.0 -9999.0 -9999.0 -9999.0 -9999.0 -9999.0 -9999.0 -9999.0
-9999.0 -9999.0 -9999.0 -9999.0 -9999.0 -9999.0 -9999.0 -9999.0 -9999.0 -9999.0 -9999.0 -9999.0 -9999.0 -9999.0 -9999.0 -9999.0 -9999.0 -9999.0 -9999.0 -9999.0 3525.148481 3525.921236 3504.181235 3469.884187 3441.420507 3442.979856 3475.484583 3515.758287 3554.280106 3561.149443 3541.688247 3545.336319 3540.656198 3535.622398 3535.400314 3543.015159 3549.682359 3559.104491 3565.789793 3563.200329 3555.642969 3550.568782 3553.297809 3554.737943 3561.079596 3546.314325 3562.519096 3578.942370 3583.677927 3581.260303 3557.952520 3546.513068 3538.845669 3523.521363 3550.521878 3562.429085 3586.217984 3591.141454 3589.394533 3562.962684 3533.094977 -9999.0 -9999.0 -9999.0 -9999.0 -9999.0 -9999.0 -9999.0 -9999.0 -9999.0 -9999.0 -9999.0 -9999.0 -9999.0 -9999.0 -9999.0 -9999.0 -9999.0 -9999.0 -9999.0
-9999.0 -9999.0 -9999.0 -9999.0 -9999.0 -9999.0 -9999.0 -9999.0 -9999.0 -9999.0 -9999.0 -9999.0 -9999.0 -9999.0 3435.332113 3426.502599 3423.371631 3430.264181 3462.320925 3492.305034 3503.783969 3496.078478 3495.588004 3470.432267 3447.014707 3459.078034 3487.982945 3517.861957 3550.657555 3567.297412 3555.969504 3552.988801 3559.309542 3577.931402 3585.168429 3581.247659 3563.665426 3587.879480 3600.674230 3604.514263 3602.262780 3592.193828 3600.422297 3614.183714 3607.075220 3592.053469 3603.647608 3619.035586 3629.752266 3622.321983 3565.083700 3554.093316 3551.433874 3548.107279 3535.616657 3532.446243 3561.533954 3561.561610 3554.912536 3538.230911 3505.282104 3460.284620 3441.789693 3483.070075 3527.172009 3583.803561 -9999.0 -9999.0 -9999.0 -9999.0 -9999.0 -9999.0 -9999.0 -9999.0 -9999.0 -9999.0 -9999.0 -9999.0 -9999.0 -9999.0
-9999.0 -9999.0 -9999.0 -9999.0 -9999.0 -9999.0 -9999.0 -9999.0 -9999.0 3378.225763 3384.111749 3390.753949 3392.912398 3407.645627 3404.012692 3410.520146 3413.789871 3440.570131 3469.387059 3502.217132 3528.532673 3518.825831 3516.899190 3519.670143 3512.644589 3519.493475 3539.229803 3575.128497 3605.111697 3639.459257 3605.156494 3599.694275 3616.738803 3657.112844 3678.794589 3679.930916 3661.080692 3678.623909 3701.849637 3716.721638 3712.850559 3706.414315 3732.517450 3747.920607 3740.883370 3719.072475 3719.064890 3727.446886 3757.216436 3706.677770 3640.913228 3604.206890 3621.640575 3601.749369 3577.469861 3567.826388 3569.402581 3590.434027 3579.543311 3546.467665 3514.026996 3502.768557 3486.598285 3508.633632 3532.598790 3579.576912 3620.007182 3650.278626 3650.021576 3633.023724 -9999.0 -9999.0 -9999.0 -9999.0 -9999.0 -9999.0 -9999.0 -9999.0 -9999.0 -9999.0
-9999.0 -9999.0 -9999.0 -9999.0 -9999.0 -9999.0 3299.897501 3310.270346 3330.734444 3332.813336 3358.975645 3363.574570 3381.709713 3398.144563 3419.355008 3431.166704 3454.967080 3483.894121 3518.700144 3555.046185 3581.512682 3568.696082 3573.216280 3590.940590 3615.805077 3633.144124 3655.181006 3692.533915 3764.428860 3800.273449 3791.150788 3791.445809 3799.477944 3849.971756 3913.913500 3924.288430 3903.558524 3890.702596 3914.852235 3952.670079 3950.080426 3948.803578 3962.451761 3973.524715 4000.414267 3989.106258 3953.254215 3948.788520 3956.491288 3932.794232 3862.731577 3806.198870 3789.066096 3742.344433 3658.875415 3617.613545 3643.674428 3672.976916 3652.481605 3603.847861 3572.778116 3568.432129 3558.376528 3552.775810 3566.483456 3590.389024 3614.966878 3629.499593 3618.108737 3597.633182 3576.354929 3548.518060 3551.463679 3576.560150 -9999.0 -9999.0 -9999.0 -9999.0 -9999.0 -9999.0
-9999.0 -9999.0 -9999.0 -9999.0 3250.822490 3263.343314 3247.815976 3273.571722 3304.833920 3337.692344 3364.068098 3394.514884 3416.510887 3442.097690 3473.688051 3493.599085 3523.910449 3552.287541 3598.204740 3658.144979 3701.314322 3713.327452 3721.086364 3771.449041 3827.289549 3873.760653 3892.360794 3918.382187 3965.059737 4021.707448 4043.702731 4046.150403 4063.093340 4107.440347 4164.938747 4200.407634 4182.555665 4173.313217 4183.966825 4198.756048 4220.911117 4220.958723 4222.093880 4226.508490 4234.542092 4232.526567 4205.374197 4171.691950 4158.644633 4148.275754 4108.919087 4036.083318 4006.566322 3977.122007 3932.807495 3877.992313 3832.614012 3835.580341 3780.801348 3725.634798 3677.059644 3670.767755 3651.770117 3637.006629 3621.049788 3634.596424 3647.588521 3633.250961 3603.719754 3574.897773 3562.380889 3545.203206 3534.095671 3565.578941 3583.664442 3613.165614 -9999.0 -9999.0 -9999.0 -9999.0
-9999.0 -9999.0 3192.527494 3237.051777 3293.482533 3298.588355 3290.313535 3291.959289 3317.145405 3365.089379 3425.313558 3460.107728 3486.746741 3516.054445 3565.216654 3624.900371 3683.366036 3725.350984 3783.419863 3852.910574 3911.906747 3938.297124 3946.707735 3982.521433 4037.799489 4108.206227 4136.714073 4163.575416 4195.997778 4233.271231 4222.921474 4233.253773 4246.161295 4260.105451 4276.166559 4283.882648 4278.798528 4274.147433 4255.456378 4250.081905 4256.527122 4264.941204 4263.649756 4248.813465 4244.830264 4259.995954 4266.501477 4264.235926 4261.071263 4265.716232 4260.220684 4210.567023 4195.245481 4179.661321 4167.335422 4120.599742 4053.149075 4021.351373 3999.261259 3957.572264 3883.883120 3847.566677 3808.901142 3775.118197 3738.649910 3726.913776 3695.636327 3664.265940 3626.199259 3585.977142 3567.402957 3553.675078 3553.678379 3554.562977 3572.621050 3588.465259 3604.526421 3612.646063 -9999.0 -9999.0
-9999.0 3082.146478 3152.522881 3272.754527 3349.247857 3384.145291 3389.234462 3389.344467 3413.398023 3445.679840 3529.780728 3575.138523 3657.439473 3695.178872 3734.918188 3824.663649 3919.824987 3963.702859 4003.335983 4068.379199 4135.242734 4182.866648 4209.468091 4184.931922 4225.417744 4257.225976 4266.034574 4273.559110 4274.109164 4265.542050 4259.275699 4265.856681 4262.765072 4243.313130 4226.980800 4225.128704 4221.664335 4198.109479 4170.394789 4154.648105 4155.770900 4181.033915 4167.689307 4146.196771 4141.733533 4163.577887 4185.394728 4174.545942 4161.316265 4177.978449 4212.922215 4238.504620 4238.677718 4257.486911 4278.667374 4249.181033 4228.567450 4184.046939 4166.904431 4141.298915 4083.788291 4028.925651 3980.604926 3932.319528 3880.362800 3832.295285 3785.072204 3738.196934 3685.556497 3653.183762 3629.430811 3587.512655 3575.692235 3582.788454 3578.329419 3577.071123 3583.856516 3590.499654 -9999.0 -9999.0
-9999.0 2983.606292 3121.394915 3297.008795 3437.845239 3475.523342 3532.017424 3584.749869 3596.931705 3538.884155 3639.743571 3857.412462 3982.535559 4000.842853 4077.515360 4174.234639 4153.489954 4185.352429 4209.090271 4236.918574 4259.250086 4274.261884 4272.720298 4267.755412 4251.099149 4243.055364 4242.130430 4239.963356 4222.363457 4203.226699 4186.287266 4182.945570 4164.651457 4114.186724 4080.602727 4062.713324 4042.903143 4029.745874 4002.797884 3976.599501 3959.651196 3969.329863 3968.160462 3955.072686 3950.666823 3968.512679 3999.436078 3998.007552 4010.583689 4030.352948 4065.856092 4104.486436 4123.866166 4153.211357 4189.048496 4237.773642 4245.972656 4268.559175 4271.303977 4261.671049 4214.517887 4162.528982 4132.947044 4077.236583 4017.659862 3955.952253 3906.894912 3862.223417 3806.964881 3773.375305 3734.650074 3681.361088 3639.561651 3633.346851 3600.538566 3588.185469 -9999.0 -9999.0 -9999.0 -9999.0
-9999.0 2878.979754 3055.450270 3290.373445 3585.084989 3652.147015 3854.147338 3968.134029 4006.176847 4074.269769 3945.583259 4159.629896 4214.985796 4210.647175 4228.768483 4232.353433 4246.920932 4246.134712 4241.045391 4229.926930 4220.196936 4215.515137 4214.502141 4206.561070 4193.871617 4179.179566 4167.179683 4155.572534 4118.560021 4086.315563 4046.301432 4033.593231 3987.865890 3895.557385 3856.958544 3817.742543 3756.035851 3759.125353 3767.838806 3744.200710 3724.436413 3695.312504 3725.802974 3737.369367 3741.857463 3736.557468 3745.564627 3775.041040 3823.625542 3858.158845 3896.943701 3945.019028 3975.672744 4014.896878 4054.490333 4106.947893 4138.409408 4167.435546 4216.890588 4254.029445 4276.876797 4262.462073 4244.435562 4199.078145 4138.606986 4089.146638 4059.910079 4009.077682 3965.469910 3922.116897 3875.760694 3823.133653 3761.751344 3711.029457 3677.676573 -9999.0 -9999.0 -9999.0 -9999.0 -9999.0
-9999.0 2661.289913 2912.782478 3172.577720 3440.778134 3784.701822 3961.937290 4054.526611 4118.414443 4103.762120 4129.393342 4135.117144 4172.468214 4180.092344 4158.755851 4144.580369 4126.501093 4125.411633 4138.515916 4110.955911 4080.418835 4066.918555 4067.858125 4057.176319 4033.139113 4018.289199 4009.062000 3990.382294 3947.320994 3896.824976 3812.231380 3776.828864 3697.446977 3660.601437 3624.998145 3578.395444 3534.664818 3541.087034 3566.660171 3558.318309 3537.925782 3521.256972 3551.003772 3572.259532 3585.646824 3568.963195 3575.407061 3609.664046 3655.852089 3696.027277 3739.468344 3787.115331 3828.976925 3867.714018 3887.911901 3926.597423 3968.724995 4010.364613 4080.717465 4159.769686 4196.172082 4231.106365 4259.621911 4281.690961 4238.594819 4212.637333 4188.685265 4164.949272 4118.462682 4072.922762 4032.362023 3967.273515 3907.731192 -9999.0 -9999.0 -9999.0 -9999.0 -9999.0 -9999.0 -9999.0
-9999.0 2550.847844 2741.589039 2912.451016 3152.402755 3380.137492 3605.825383 3695.862621 3766.497823 3842.352131 3898.726315 3937.334188 3963.118566 3984.897056 3962.386961 3915.746523 3883.227604 3888.322521 3878.889188 3858.236457 3830.803620 3818.144673 3815.436575 3810.929638 3790.103257 3780.308481 3773.897934 3756.239786 3731.644978 3679.158985 3608.823708 3535.746042 3483.203474 3465.583618 3444.284943 3418.621391 3393.535409 3407.511283 3420.353261 3421.065242 3415.369703 3416.208315 3445.247743 3465.276246 3474.684352 3463.980247 3482.018686 3504.621588 3540.859777 3579.639305 3623.769335 3673.312243 3721.228232 3740.505849 3741.538738 3751.743102 3778.444624 3821.067912 3896.974029 3982.994598 4061.499069 4107.314463 4158.341060 4198.681189 4227.262412 4251.329706 4274.360089 4267.905298 4241.556717 4207.965440 4148.717252 -9999.0 -9999.0 -9999.0 -9999.0 -9999.0 -9999.0 -9999.0 -9999.0 -9999.0
-9999.0 -9999.0 2517.151227 2667.422194 2760.485647 2892.689379 3026.653747 3130.535065 3232.150203 3376.752748 3501.147622 3595.965594 3642.844727 3658.523671 3644.960127 3617.399773 3600.876524 3600.444409 3588.579810 3583.015565 3569.678054 3564.938108 3553.061542 3546.037708 3543.168157 3543.605216 3542.174182 3534.911242 3519.428444 3479.380723 3444.768769 3402.076485 3357.480348 3337.281365 3320.604245 3305.174084 3310.831006 3306.381802 3312.371158 3315.919194 3326.331275 3340.997802 3360.326550 3383.206530 3392.845869 3403.195046 3413.687354 3434.806210 3464.083529 3503.679748 3554.460257 3608.766959 3644.071962 3650.154762 3631.161257 3624.982500 3631.753379 3659.238164 3720.802823 3788.954330 3879.005962 3944.739007 4011.680553 4067.937059 4094.831286 4131.223322 4202.078248 4250.152265 4293.391328 4270.945457 -9999.0 -9999.0 -9999.0 -9999.0 -9999.0 -9999.0 -9999.0 -9999.0 -9999.0 -9999.0
-9999.0 -9999.0 -9999.0 -9999.0 2529.799570 2676.978772 2775.816886 2817.934943 2950.499332 3076.167216 3181.020126 3268.276213 3338.164333 3364.280291 3366.474470 3385.325989 3385.146721 3375.539888 3364.602117 3370.735488 3376.994029 3371.396386 3354.572577 3349.312166 3354.753680 3364.411141 3364.207770 3353.160875 3336.951833 3326.098330 3316.352842 3288.265781 3258.535162 3233.313822 3223.417743 3222.451547 3223.967122 3216.969409 3226.074614 3235.938682 3252.423784 3267.757306 3291.281920 3321.141141 3335.992505 3350.514724 3358.645459 3376.460979 3404.573308 3455.572452 3516.792882 3572.930657 3606.536035 3606.381280 3577.085561 3554.576989 3541.047740 3557.322215 3585.212799 3634.526499 3723.088810 3784.864744 3829.194130 3867.162576 3903.432244 3969.155333 4064.771806 4146.596928 -9999.0 -9999.0 -9999.0 -9999.0 -9999.0 -9999.0 -9999.0 -9999.0 -9999.0 -9999.0 -9999.0 -9999.0
-9999.0 -9999.0 -9999.0 -9999.0 -9999.0 -9999.0 2511.554605 2619.312555 2686.246354 2800.199058 2947.309293 3050.092849 3133.540503 3170.229525 3205.347510 3236.629225 3237.805011 3217.323657 3195.143690 3217.971489 3238.781461 3232.729815 3200.292521 3203.033870 3211.755839 3221.037731 3220.237417 3216.534796 3194.505901 3214.888037 3222.734622 3202.991305 3180.493852 3170.802379 3161.350542 3172.981568 3174.402671 3160.838100 3160.128879 3188.816046 3210.474362 3223.468764 3244.364105 3277.562650 3309.987459 3325.566604 3326.040067 3330.029567 3365.612523 3433.142183 3503.743262 3558.524583 3589.240499 3593.493056 3562.129984 3516.734306 3489.917395 3487.823041 3510.924069 3548.801883 3608.987412 3644.192403 3653.457986 3652.467190 3663.188349 3763.595552 -9999.0 -9999.0 -9999.0 -9999.0 -9999.0 -9999.0 -9999.0 -9999.0 -9999.0 -9999.0 -9999.0 -9999.0 -9999.0 -9999.0
-9999.0 -9999.0 -9999.0 -9999.0 -9999.0 -9999.0 -9999.0 -9999.0 -9999.0 -9999.0 -9999.0 -9999.0 -9999.0 -9999.0 -9999.0 -9999.0 -9999.0 -9999.0 -9999.0 -9999.0 -9999.0 -9999.0 -9999.0 -9999.0 -9999.0 -9999.0 -9999.0 -9999.0 -9999.0 -9999.0 -9999.0 -9999.0 -9999.0 -9999.0 -9999.0 -9999.0 -9999.0 -9999.0 -9999.0 -9999.0 -9999.0 -9999.0 -9999.0 -9999.0 -9999.0 -9999.0 -9999.0 -9999.0 -9999.0 -9999.0 -9999.0 -9999.0 -9999.0 -9999.0 -9999.0 -9999.0 -9999.0 -9999.0 -9999.0 -9999.0 -9999.0 -9999.0 -9999.0 -9999.0 -9999.0 -9999.0 -9999.0 -9999.0 -9999.0 -9999.0 -9999.0 -9999.0 -9999.0 -9999.0 -9999.0 -9999.0 -9999.0 -9999.0 -9999.0 -9999.0
-9999.0 -9999.0 -9999.0 -9999.0 -9999.0 -9999.0 -9999.0 -9999.0 -9999.0 -9999.0 -9999.0 -9999.0 -9999.0 -9999.0 -9999.0 -9999.0 -9999.0 -9999.0 -9999.0 -9999.0 -9999.0 -9999.0 -9999.0 -9999.0 -9999.0 -9999.0 -9999.0 -9999.0 -9999.0 -9999.0 -9999.0 -9999.0 -9999.0 -9999.0 -9999.0 -9999.0 -9999.0 -9999.0 -9999.0 -9999.0 -9999.0 -9999.0 -9999.0 -9999.0 -9999.0 -9999.0 -9999.0 -9999.0 -9999.0 -9999.0 -9999.0 -9999.0 -9999.0 -9999.0 -9999.0 -9999.0 -9999.0 -9999.0 -9999.0 -9999.0 -9999.0 -9999.0 -9999.0 -9999.0 -9999.0 -9999.0 -9999.0 -9999.0 -9999.0 -9999.0 -9999.0 -9999.0 -9999.0 -9999.0 -9999.0 -9999.0 -9999.0 -9999.0 -9999.0 -9999.0