Borden_/Borden1m_014/output_maps/psiliqL0021N0004.asc
ncols         80
nrows         18
xllcorner     620200.000000
yllcorner     5168000.000000
cellsize      1.000000
NODATA_value  -9999.0
-9999.0 -9999.0 -9999.0 -9999.0 -9999.0 -9999.0 -9999.0 -9999.0 -9999.0 -9999.0 -9999.0 -9999.0 -9999.0 -9999.0 -9999.0 -9999.0 -9999.0 -9999.0 -9999.0 -9999.0 -9999.0 -9999.0 -9999.0 -9999.0 -9999.0 -9999.0 -9999.0 -9999.0 -9999.0 -9999.0 -9999.0 -9999.0 -9999.0 -9999.0 -9999.0 -9999.0 -9999.0 -9999.0 -9999.0 -9999.0 -9999.0 -9999.0 -9999.0 -9999.0 -9999.0 -9999.0 -9999.0 -9999.0 -9999.0 -9999.0 -9999.0 -9999.0 -9999.0 -9999.0 -9999.0 -9999.0 -9999.0 -9999.0 -9999.0 -9999.0 -9999.0 -9999.0 -9999.0 -9999.0 -9999.0 -9999.0 -9999.0 -9999.0 -9999.0 -9999.0 -9999.0 -9999.0 -9999.0 -9999.0 -9999.0 -9999.0 -9999.0 -9999.0 -9999.0 -9999.0
-9999.0 -9999.0 -9999.0 -9999.0 -9999.0 -9999.0 -9999.0 -9999.0 -9999.0 -9999.0 -9999.0 -9999.0 -9999.0 -9999.0 -9999.0 -9999.0 -9999.0 -9999.0 -9999.0 -9999.0 -9999.0 -9999.0 -9999.0 -9999.0 -9999.0 -9999.0 -9999.0 -9999.0 -9999.0 -9999.0 -9999.0 -9999.0 -9999.0 -9999.0 -9999.0 -9999.0 -9999.0 -9999.0 -9999.0 -9999.0 -9999.0 -9999.0 -9999.0 -9999.0 -9999.0 -9999.0 -9999.0 -9999.0 -9999.0 -9999.0 -9999.0 -9999.0 -9999.0 -9999.0 -9999.0 -9999.0 -9999.0 -9999.0 -9999.0 -9999.0 -9999.0 -9999.0 -9999.0 -9999.0 -9999.0 -9999.0 -9999.0 -9999.0 -9999.0 -9999.0 -9999.0 -9999.0 -9999.0 -9999.0 -9999.0 -9999.0 -9999.0 -9999.0 -9999.0 -9999.0
-9999.0 -9999.0 -9999.0 -9999.0 -9999.0 -9999.0 -9999.0 -9999.0 -9999.0 -9999.0 -9999.0 -9999.0 -9999.0 -9999.0 -9999.0 -9999.0 -9999.0 -9999.0 -9999.0 -9999.0 2338.488863 2340.507766 2319.361779 2286.353991 2259.299645 2262.420234 2297.182247 2339.228566 2379.199811 2389.003234 2371.658796 2375.825991 2371.794176 2368.525384 2369.503979 2376.729450 2382.415974 2392.369547 2399.810413 2398.449595 2392.110848 2387.877166 2390.543021 2393.772807 2400.302976 2387.253177 2401.673317 2416.338612 2420.014049 2415.219083 2389.263836 2374.887016 2365.288893 2348.429308 2372.816771 2383.339784 2404.930352 2408.051148 2405.145876 2377.656161 2347.177461 -9999.0 -9999.0 -9999.0 -9999.0 -9999.0 -9999.0 -9999.0 -9999.0 -9999.0 -9999.0 -9999.0 -9999.0 -9999.0 -9999.0 -9999.0 -9999.0 -9999.0 -9999.0 -9999.0
-9999.0 -9999.0 -9999.0 -9999.0 -9999.0 -9999.0 -9999.0 -9999.0 -9999.0 -9999.0 -9999.0 -9999.0 -9999.0 -9999.0 2247.069847 2238.404302 2236.226179 2244.679376 2278.212365 2308.846202 2320.617877 2313.795466 2314.558757 2291.368832 2270.648931 2285.074720 2315.857789 2347.841776 2382.958317 2402.970105 2393.266992 2391.839617 2400.383731 2422.586879 2432.237992 2428.574078 2409.592078 2433.612046 2447.761336 2453.957213 2453.132621 2444.957688 2456.682140 2472.907892 2466.914619 2450.878375 2458.574624 2470.746255 2480.568084 2469.032192 2407.445506 2391.516291 2386.632862 2380.214564 2365.470401 2359.571113 2385.516484 2383.720618 2374.830465 2356.387252 2322.662124 2277.487712 2257.915311 2296.768435 2339.625589 2395.465753 -9999.0 -9999.0 -9999.0 -9999.0 -9999.0 -9999.0 -9999.0 -9999.0 -9999.0 -9999.0 -9999.0 -9999.0 -9999.0 -9999.0
-9999.0 -9999.0 -9999.0 -9999.0 -9999.0 -9999.0 -9999.0 -9999.0 -9999.0 2188.221519 2194.042869 2201.842536 2205.053356 2221.012557 2218.286612 2225.842959 2231.872708 2259.819277 2290.614142 2325.332402 2353.388132 2345.444627 2345.789830 2353.408087 2352.954378 2363.990503 2386.494283 2427.095512 2462.795974 2502.382927 2472.930029 2470.428502 2489.065875 2532.406996 2558.643582 2561.628340 2542.704662 2555.906309 2579.843988 2598.201776 2596.626969 2593.551436 2619.861849 2637.087123 2635.483040 2614.575532 2608.652217 2611.027149 2636.729840 2584.835228 2518.193998 2474.159388 2483.826269 2458.216029 2425.963750 2408.889540 2406.684162 2425.894709 2411.164943 2373.989382 2338.431572 2325.732373 2307.285609 2325.377030 2347.086072 2392.213282 2430.762541 2459.044388 2457.687739 2439.772783 -9999.0 -9999.0 -9999.0 -9999.0 -9999.0 -9999.0 -9999.0 -9999.0 -9999.0 -9999.0
-9999.0 -9999.0 -9999.0 -9999.0 -9999.0 -9999.0 2108.332999 2119.118928 2140.530497 2144.652337 2171.472443 2178.445448 2199.069148 2218.014885 2240.336891 2255.450145 2283.524783 2315.720537 2354.319989 2395.075239 2426.167012 2418.285672 2428.217363 2453.298514 2486.986654 2512.079918 2537.912981 2578.919615 2655.486992 2697.941923 2699.639155 2703.814107 2713.160144 2762.448324 2825.277415 2834.914193 2813.562996 2799.541970 2821.666552 2858.828719 2860.989251 2863.153843 2790.954960 2800.872116 2827.412824 2818.083339 2871.887391 2859.523832 2861.733310 2840.371525 2773.584080 2712.426194 2684.933154 2632.130027 2548.721605 2498.925302 2513.383369 2535.084587 2508.083363 2455.116991 2415.947023 2405.941404 2390.893021 2379.352649 2387.685921 2407.557870 2429.297869 2440.623587 2427.042579 2405.073092 2382.154356 2353.066995 2354.799937 2379.495039 -9999.0 -9999.0 -9999.0 -9999.0 -9999.0 -9999.0
-9999.0 -9999.0 -9999.0 -9999.0 2057.435048 2070.956937 2058.138408 2084.949590 2118.394322 2153.341542 2183.706707 2218.993898 2245.316058 2274.720761 2311.491421 2339.502144 2377.014131 2410.735713 2462.995116 2528.856658 2577.791859 2597.535431 2611.824317 2669.896691 2732.020920 2784.526387 2807.347055 2837.340214 2789.707039 2845.131949 2868.016144 2871.785492 2888.617631 2928.235285 2980.333108 3010.484623 2993.518013 2985.214069 2993.440093 3006.120695 3028.215753 3028.347892 3029.320186 3032.560783 3038.994008 3038.051841 3013.421930 2980.882876 2971.884012 2962.606532 2928.868279 2859.444155 2827.254291 2800.301063 2853.142053 2796.723345 2739.759660 2731.234347 2672.232340 2611.765032 2552.724681 2534.848841 2506.272317 2483.092744 2458.577002 2463.688234 2469.399259 2449.854769 2416.984441 2384.625886 2369.549013 2350.465057 2338.532020 2368.668024 2385.994458 2415.611179 -9999.0 -9999.0 -9999.0 -9999.0
-9999.0 -9999.0 1997.247439 2044.285144 2101.902682 2110.100111 2107.785936 2113.563618 2142.571581 2194.723130 2264.435264 2308.366213 2344.683329 2378.288650 2434.996797 2504.655857 2571.687344 2618.691004 2683.493237 2756.461324 2819.430898 2850.576606 2867.357503 2810.142316 2862.548794 2927.275629 2953.785044 2979.015101 3004.589157 3038.341891 3037.690442 3049.535590 3060.324877 3069.143373 3080.460440 3085.627975 3081.448023 3076.998558 3058.850547 3054.321197 3060.934781 3067.656805 3067.626771 3053.480306 3049.546303 3063.993347 3069.326963 3067.846624 3066.114534 3071.834658 3070.566029 3026.420490 3001.405989 2987.366646 2981.520429 2937.140870 2872.833741 2838.729796 2819.414692 2873.918866 2792.878159 2743.233562 2692.799809 2648.459416 2598.186156 2573.764716 2531.818443 2492.576183 2447.747648 2402.182239 2378.880437 2361.489778 2359.088887 2358.569053 2375.151047 2390.337446 2405.820580 2413.673441 -9999.0 -9999.0
-9999.0 1890.031064 1961.637058 2085.382890 2164.643485 2206.124951 2226.659604 2240.832402 2270.250290 2302.633101 2398.257213 2467.018866 2555.195794 2595.345605 2642.194539 2738.181328 2836.219800 2795.491201 2831.472203 2890.009363 2951.559410 2992.970916 3018.233770 3009.138498 3045.091472 3067.088593 3072.663369 3077.807387 3075.902206 3067.582634 3060.301315 3067.267245 3064.705180 3046.339486 3031.037340 3029.583212 3026.362529 3003.766038 2980.762658 2965.992101 2968.198273 2988.454384 2979.621225 2958.687440 2954.442145 2975.512965 2991.797604 2981.589558 2972.662407 2985.021845 3018.556286 3041.230989 3045.764982 3063.341067 3084.231145 3056.714101 3032.838135 2991.205266 2979.060601 2954.154428 2899.283491 2844.540571 2797.266372 2832.340276 2767.347698 2705.359548 2644.991591 2584.695324 2522.199518 2482.469609 2452.440807 2403.894890 2385.510250 2388.856383 2381.477021 2379.071482 2385.191420 2391.543973 -9999.0 -9999.0
-9999.0 1800.263076 1940.447786 2120.831439 2266.473135 2316.255572 2397.429824 2467.158524 2490.883443 2450.346213 2556.999804 2779.162119 2818.031216 2831.811228 2902.286281 2987.256385 2982.512644 3011.638076 3032.666693 3050.612648 3065.193382 3076.754515 3074.321878 3068.365139 3052.450715 3044.579633 3043.859238 3041.949096 3025.224613 3006.873372 2990.524622 2988.019163 2975.422339 2929.538245 2897.521013 2881.448445 2865.381998 2850.844415 2822.519788 2797.335733 2870.045260 2795.359792 2791.448643 2860.012265 2857.656935 2791.284665 2821.836098 2818.012985 2826.940175 2846.016424 2881.368743 2917.856340 2936.729360 2965.044962 2995.756490 3040.834031 3051.769759 3073.609787 3077.263100 3063.662117 3019.458913 2973.978529 2945.071644 2890.975217 2831.375865 2856.124187 2792.328015 2731.508976 2663.950175 2618.986324 2570.297418 2510.604766 2459.830295 2444.084500 2407.352139 2391.105103 -9999.0 -9999.0 -9999.0 -9999.0
-9999.0 1707.646167 1890.190059 2136.512041 2422.779054 2512.465580 2719.790697 2799.078673 2839.015599 2902.115337 2820.426430 2992.794224 3035.198161 3027.540625 3033.669586 3035.279868 3048.397408 3048.345671 3043.319682 3032.730697 3023.729770 3019.611410 3018.364197 3010.563836 2998.200848 2983.889305 2976.562821 2965.686580 2930.477371 2899.639224 2863.396720 2851.591341 2811.595059 2817.140513 2770.995394 2729.786477 2668.438796 2664.698921 2662.534506 2630.285722 2609.201850 2580.650487 2605.892853 2615.902974 2620.604438 2620.149710 2635.935157 2668.032498 2717.435716 2754.885980 2798.165245 2850.498222 2791.125331 2829.560828 2869.866822 2921.350269 2951.237748 2979.604062 3021.839268 3058.252380 3080.438564 3067.950259 3047.129578 3005.318813 2950.240619 2901.250725 2872.977504 2823.689399 2833.238337 2779.174467 2724.815939 2662.460080 2592.627675 2526.715563 2488.862158 -9999.0 -9999.0 -9999.0 -9999.0 -9999.0
-9999.0 1502.940556 1767.619783 2041.503627 2331.597553 2668.606089 2794.250769 2893.550102 2953.546886 2925.729322 2938.869134 2948.142071 2981.139398 2986.738533 2968.445808 2956.203256 2940.676503 2939.640766 2952.571120 2926.272972 2897.346123 2884.700320 2885.379203 2874.557656 2851.498815 2836.440537 2826.963460 2809.476621 2859.645623 2806.109870 2720.573558 2684.616511 2601.292883 2553.178710 2510.177355 2459.762360 2410.102201 2411.310370 2431.277790 2417.665917 2394.807803 2375.891336 2403.421717 2423.739135 2437.301684 2424.370802 2433.632654 2469.294734 2518.242826 2561.429587 2608.837297 2662.840314 2707.643381 2755.089343 2786.131912 2835.504649 2787.947568 2828.669977 2897.194499 2972.232818 3001.680423 3034.706700 3065.324241 3086.410491 3044.648683 3016.846402 2994.335627 2974.145114 2928.674618 2884.132095 2843.804102 2781.705138 2745.332662 -9999.0 -9999.0 -9999.0 -9999.0 -9999.0 -9999.0 -9999.0
-9999.0 1384.582450 1587.772662 1793.895079 2056.291113 2288.638121 2499.594453 2599.494737 2678.564082 2739.153290 2789.325702 2829.387037 2789.039840 2809.521948 2786.852999 2822.469824 2791.334733 2796.236452 2790.439316 2769.714603 2742.940714 2730.433164 2728.516212 2722.947773 2699.724799 2685.619211 2673.381425 2646.984842 2617.255877 2561.911484 2485.826070 2410.953020 2353.474117 2327.096721 2299.858732 2269.389845 2238.368795 2249.299405 2260.398724 2258.143929 2249.060667 2247.196063 2275.749572 2294.829640 2304.783812 2294.162119 2313.485755 2338.761053 2378.347563 2420.538165 2467.652351 2519.828157 2571.686287 2598.316808 2608.859437 2630.047086 2668.158755 2722.917878 2810.017087 2804.045526 2877.199567 2921.000150 2970.371878 3004.356767 3030.317155 3058.998947 3078.350234 3069.065408 3044.990211 3012.866731 2957.575038 -9999.0 -9999.0 -9999.0 -9999.0 -9999.0 -9999.0 -9999.0 -9999.0 -9999.0
-9999.0 -9999.0 1358.489938 1520.376629 1633.104256 1800.683135 1944.337615 2051.613041 2147.501395 2278.422005 2394.888338 2486.486132 2532.315433 2550.239194 2537.067222 2508.362773 2489.606879 2489.705381 2479.360035 2471.935055 2455.979326 2450.044240 2437.940752 2430.033906 2422.756925 2418.790322 2413.576631 2403.016145 2382.977828 2338.634116 2296.193270 2248.695001 2198.561328 2174.582986 2154.158287 2134.704077 2136.024204 2131.181101 2136.198703 2138.047287 2146.014875 2159.125789 2178.564642 2200.900745 2210.665923 2220.411047 2232.287250 2255.113228 2286.709018 2327.730756 2380.313201 2437.067064 2475.594583 2486.603103 2474.457401 2476.347805 2492.205608 2530.995666 2606.210092 2687.936078 2787.313706 2863.522675 2829.173060 2883.300872 2908.777622 2944.792391 3008.622514 3056.342454 3094.813549 3072.684613 -9999.0 -9999.0 -9999.0 -9999.0 -9999.0 -9999.0 -9999.0 -9999.0 -9999.0 -9999.0
-9999.0 -9999.0 -9999.0 -9999.0 1378.014859 1527.094406 1622.853460 1702.600637 1833.192223 1958.564460 2061.865514 2147.271853 2213.150461 2240.296185 2239.393798 2251.182432 2248.848320 2241.489162 2231.672354 2234.346570 2237.004972 2230.771444 2215.674083 2209.081189 2211.441695 2217.542360 2214.919106 2201.431123 2183.562928 2165.718998 2149.741131 2117.910222 2084.446593 2056.483054 2044.196189 2040.095365 2040.201993 2032.835004 2041.289906 2049.348604 2064.772646 2079.753955 2103.168736 2132.315951 2146.485394 2161.170504 2170.281491 2189.693482 2219.277450 2271.655985 2334.119275 2391.112954 2426.617018 2429.807648 2404.121161 2386.701867 2380.175658 2404.763664 2444.973305 2506.313617 2605.417395 2680.203354 2737.024194 2785.510348 2826.590913 2789.264524 2878.620980 2956.498933 -9999.0 -9999.0 -9999.0 -9999.0 -9999.0 -9999.0 -9999.0 -9999.0 -9999.0 -9999.0 -9999.0 -9999.0
-9999.0 -9999.0 -9999.0 -9999.0 -9999.0 -9999.0 1344.245388 1447.167118 1519.580172 1664.666227 1802.234223 1906.427550 1988.225406 2022.275002 2052.866031 2081.810340 2081.541587 2062.588026 2042.563580 2063.399679 2080.548348 2074.912015 2044.221677 2045.059360 2051.100508 2059.094274 2056.698059 2050.713735 2026.360297 2041.221700 2044.636172 2022.590401 1997.765847 1985.197548 1974.025658 1984.172637 1984.614517 1970.753503 1970.513480 1997.891845 2018.493687 2031.350878 2052.577038 2085.617207 2117.907975 2133.245580 2134.234471 2139.430862 2177.475513 2246.562499 2317.754396 2372.865801 2404.835791 2411.829523 2383.902744 2342.450068 2320.493451 2325.081115 2356.338677 2404.269344 2476.434764 2522.891885 2546.198363 2558.643768 2578.614390 2677.349305 -9999.0 -9999.0 -9999.0 -9999.0 -9999.0 -9999.0 -9999.0 -9999.0 -9999.0 -9999.0 -9999.0 -9999.0 -9999.0 -9999.0
-9999.0 -9999.0 -9999.0 -9999.0 -9999.0 -9999.0 -9999.0 -9999.0 -9999.0 -9999.0 -9999.0 -9999.0 -9999.0 -9999.0 -9999.0 -9999.0 -9999.0 -9999.0 -9999.0 -9999.0 -9999.0 -9999.0 -9999.0 -9999.0 -9999.0 -9999.0 -9999.0 -9999.0 -9999.0 -9999.0 -9999.0 -9999.0 -9999.0 -9999.0 -9999.0 -9999.0 -9999.0 -9999.0 -9999.0 -9999.0 -9999.0 -9999.0 -9999.0 -9999.0 -9999.0 -9999.0 -9999.0 -9999.0 -9999.0 -9999.0 -9999.0 -9999.0 -9999.0 -9999.0 -9999.0 -9999.0 -9999.0 -9999.0 -9999.0 -9999.0 -9999.0 -9999.0 -9999.0 -9999.0 -9999.0 -9999.0 -9999.0 -9999.0 -9999.0 -9999.0 -9999.0 -9999.0 -9999.0 -9999.0 -9999.0 -9999.0 -9999.0 -9999.0 -9999.0 -9999.0
-9999.0 -9999.0 -9999.0 -9999.0 -9999.0 -9999.0 -9999.0 -9999.0 -9999.0 -9999.0 -9999.0 -9999.0 -9999.0 -9999.0 -9999.0 -9999.0 -9999.0 -9999.0 -9999.0 -9999.0 -9999.0 -9999.0 -9999.0 -9999.0 -9999.0 -9999.0 -9999.0 -9999.0 -9999.0 -9999.0 -9999.0 -9999.0 -9999.0 -9999.0 -9999.0 -9999.0 -9999.0 -9999.0 -9999.0 -9999.0 -9999.0 -9999.0 -9999.0 -9999.0 -9999.0 -9999.0 -9999.0 -9999.0 -9999.0 -9999.0 -9999.0 -9999.0 -9999.0 -9999.0 -9999.0 -9999.0 -9999.0 -9999.0 -9999.0 -9999.0 -9999.0 -9999.0 -9999.0 -9999.0 -9999.0 -9999.0 -9999.0 -9999.0 -9999.0 -9999.0 -9999.0 -9999.0 -9999.0 -9999.0 -9999.0 -9999.0 -9999.0 -9999.0 -9999.0 -9999.0