Borden_/Borden1m_014/output_maps/psiliqL0023N0024.asc
ncols         80
nrows         18
xllcorner     620200.000000
yllcorner     5168000.000000
cellsize      1.000000
NODATA_value  -9999.0
-9999.0 -9999.0 -9999.0 -9999.0 -9999.0 -9999.0 -9999.0 -9999.0 -9999.0 -9999.0 -9999.0 -9999.0 -9999.0 -9999.0 -9999.0 -9999.0 -9999.0 -9999.0 -9999.0 -9999.0 -9999.0 -9999.0 -9999.0 -9999.0 -9999.0 -9999.0 -9999.0 -9999.0 -9999.0 -9999.0 -9999.0 -9999.0 -9999.0 -9999.0 -9999.0 -9999.0 -9999.0 -9999.0 -9999.0 -9999.0 -9999.0 -9999.0 -9999.0 -9999.0 -9999.0 -9999.0 -9999.0 -9999.0 -9999.0 -9999.0 -9999.0 -9999.0 -9999.0 -9999.0 -9999.0 -9999.0 -9999.0 -9999.0 -9999.0 -9999.0 -9999.0 -9999.0 -9999.0 -9999.0 -9999.0 -9999.0 -9999.0 -9999.0 -9999.0 -9999.0 -9999.0 -9999.0 -9999.0 -9999.0 -9999.0 -9999.0 -9999.0 -9999.0 -9999.0 -9999.0
-9999.0 -9999.0 -9999.0 -9999.0 -9999.0 -9999.0 -9999.0 -9999.0 -9999.0 -9999.0 -9999.0 -9999.0 -9999.0 -9999.0 -9999.0 -9999.0 -9999.0 -9999.0 -9999.0 -9999.0 -9999.0 -9999.0 -9999.0 -9999.0 -9999.0 -9999.0 -9999.0 -9999.0 -9999.0 -9999.0 -9999.0 -9999.0 -9999.0 -9999.0 -9999.0 -9999.0 -9999.0 -9999.0 -9999.0 -9999.0 -9999.0 -9999.0 -9999.0 -9999.0 -9999.0 -9999.0 -9999.0 -9999.0 -9999.0 -9999.0 -9999.0 -9999.0 -9999.0 -9999.0 -9999.0 -9999.0 -9999.0 -9999.0 -9999.0 -9999.0 -9999.0 -9999.0 -9999.0 -9999.0 -9999.0 -9999.0 -9999.0 -9999.0 -9999.0 -9999.0 -9999.0 -9999.0 -9999.0 -9999.0 -9999.0 -9999.0 -9999.0 -9999.0 -9999.0 -9999.0
-9999.0 -9999.0 -9999.0 -9999.0 -9999.0 -9999.0 -9999.0 -9999.0 -9999.0 -9999.0 -9999.0 -9999.0 -9999.0 -9999.0 -9999.0 -9999.0 -9999.0 -9999.0 -9999.0 -9999.0 2755.551217 2757.805257 2737.458741 2705.249705 2679.119327 2683.239666 2718.849380 2761.896130 2803.099552 2813.664456 2797.295916 2802.875758 2800.043339 2796.947293 2798.713236 2807.245988 2814.837363 2824.997462 2833.161953 2832.470172 2826.668905 2822.721244 2825.446321 2827.620856 2833.330320 2818.880353 2833.198277 2794.973771 2799.172019 2796.157692 2817.623806 2802.277111 2791.062351 2772.498880 2795.715375 2805.051345 2794.931954 2798.835868 2796.977731 2794.704137 2763.907055 -9999.0 -9999.0 -9999.0 -9999.0 -9999.0 -9999.0 -9999.0 -9999.0 -9999.0 -9999.0 -9999.0 -9999.0 -9999.0 -9999.0 -9999.0 -9999.0 -9999.0 -9999.0 -9999.0
-9999.0 -9999.0 -9999.0 -9999.0 -9999.0 -9999.0 -9999.0 -9999.0 -9999.0 -9999.0 -9999.0 -9999.0 -9999.0 -9999.0 2660.467756 2652.725606 2651.673621 2661.211510 2695.771490 2727.341760 2739.226893 2733.143236 2734.649103 2712.200334 2692.141079 2707.444545 2739.264393 2771.448199 2807.487944 2828.187074 2819.716488 2819.468627 2828.776287 2797.082052 2805.852967 2803.125799 2841.558572 2809.268224 2822.367812 2827.491842 2825.650515 2815.996266 2825.438465 2839.628304 2832.601038 2817.110857 2826.964216 2840.823779 2851.872356 2842.921324 2835.416195 2818.988726 2812.419931 2804.735270 2788.669221 2782.579570 2808.094490 2804.175331 2794.223571 2775.227783 2740.848771 2695.317906 2674.854991 2712.988701 2754.864113 2790.140191 -9999.0 -9999.0 -9999.0 -9999.0 -9999.0 -9999.0 -9999.0 -9999.0 -9999.0 -9999.0 -9999.0 -9999.0 -9999.0 -9999.0
-9999.0 -9999.0 -9999.0 -9999.0 -9999.0 -9999.0 -9999.0 -9999.0 -9999.0 2597.914357 2604.452228 2613.160351 2617.643665 2634.796184 2632.864528 2641.654008 2648.634060 2678.132092 2710.054893 2745.784361 2773.922618 2767.897186 2768.093249 2775.619760 2774.735613 2786.216479 2809.509009 2797.706014 2829.428797 2865.480074 2833.101232 2829.003674 2847.111417 2889.376088 2914.707896 2917.859905 2900.072393 2914.447250 2938.033521 2954.753573 2951.581231 2946.093669 2971.032480 2985.652234 2981.183564 2960.412074 2957.472217 2963.646790 2991.953934 2941.408196 2876.243361 2835.336584 2848.580841 2826.196687 2798.403937 2832.695357 2830.254000 2805.632090 2793.072744 2794.210312 2759.194345 2745.530482 2726.047189 2743.505814 2764.197412 2786.068763 2825.463122 2854.911217 2854.362632 2837.047303 -9999.0 -9999.0 -9999.0 -9999.0 -9999.0 -9999.0 -9999.0 -9999.0 -9999.0 -9999.0
-9999.0 -9999.0 -9999.0 -9999.0 -9999.0 -9999.0 2516.635867 2528.200827 2550.542282 2555.071687 2583.150156 2590.714090 2612.702966 2633.045277 2657.167362 2673.618322 2702.814872 2736.298156 2774.871033 2816.194745 2801.896348 2841.290183 2797.550515 2818.238479 2847.561213 2868.769003 2891.825333 2929.001409 2982.910190 3018.796722 3013.758130 3014.928858 3023.175273 3072.760313 3136.309539 3147.952135 3127.533201 3114.145909 3136.622398 3173.110961 3172.312654 3171.221205 3180.136998 3190.411093 3217.025641 3207.021262 3174.360650 3167.606905 3172.698749 3151.999529 3085.772532 3028.301590 3007.716572 2980.191425 2898.445334 2853.747260 2873.346474 2898.413444 2875.197576 2826.300162 2836.693633 2826.714625 2811.062800 2799.055485 2806.963039 2798.553678 2821.858974 2835.061920 2822.898279 2802.257431 2792.181839 2762.097159 2762.876538 2786.779171 -9999.0 -9999.0 -9999.0 -9999.0 -9999.0 -9999.0
-9999.0 -9999.0 -9999.0 -9999.0 2464.684163 2478.932028 2466.530994 2494.567372 2529.109909 2565.270084 2596.027632 2632.674698 2660.424619 2691.555495 2728.805020 2757.298009 2795.549461 2830.026524 2826.990587 2889.067698 2934.330915 2950.275716 2959.378844 2992.397863 3048.282733 3095.627873 3114.070167 3139.268288 3179.735003 3235.431577 3257.878004 3261.114213 3277.927749 3319.093514 3372.979248 3407.067757 3389.807353 3381.191618 3390.227724 3403.611874 3425.727512 3425.831016 3426.888645 3430.520131 3437.486577 3436.186926 3410.683330 3377.765116 3365.350884 3355.751264 3320.207847 3249.761184 3218.616957 3191.126210 3155.145569 3102.585035 3052.434526 3050.898983 2997.624054 2961.324484 2909.491093 2898.350679 2875.702025 2857.686223 2838.118011 2847.620787 2857.413423 2841.011812 2810.602899 2797.196050 2780.979934 2760.580617 2747.197505 2776.343216 2785.877251 2815.308941 -9999.0 -9999.0 -9999.0 -9999.0
-9999.0 -9999.0 2402.669772 2449.948090 2508.806460 2517.806389 2515.586524 2522.234765 2552.514446 2605.986509 2676.443757 2719.814312 2756.268301 2791.917544 2796.400818 2860.799522 2922.624926 2965.504097 3004.891623 3072.635228 3131.133346 3158.216536 3167.608717 3199.116500 3252.314809 3318.772412 3345.827977 3371.499461 3401.696468 3436.621385 3432.735931 3444.075939 3455.570676 3466.097314 3478.995669 3485.013269 3480.532506 3476.016747 3457.688579 3452.878452 3459.436576 3466.722803 3466.272277 3451.896020 3447.945525 3462.631924 3468.356286 3466.614423 3464.405094 3469.767072 3467.089869 3421.109292 3399.327114 3384.775082 3374.595609 3329.522197 3264.289519 3231.109107 3210.965395 3174.683358 3102.155601 3063.085987 3023.089709 2987.661696 2963.707746 2946.813422 2911.309015 2877.196931 2836.631614 2794.764780 2791.214850 2772.947328 2769.444190 2767.034045 2782.508261 2790.377179 2805.865722 2813.773165 -9999.0 -9999.0
-9999.0 2293.726839 2365.636323 2489.787784 2570.230588 2612.851339 2631.392962 2643.568163 2674.733316 2711.812288 2806.514400 2819.571834 2902.491134 2939.123308 2981.032210 3052.873032 3144.372072 3183.416555 3220.281459 3280.798209 3343.977104 3389.543541 3415.248119 3401.040898 3438.502450 3463.767883 3470.419215 3476.355895 3475.268838 3466.866608 3459.923880 3466.762117 3464.024066 3445.297250 3429.652694 3428.067102 3424.766701 3401.852426 3374.988027 3359.991466 3361.866462 3385.958199 3373.533941 3352.389265 3348.054732 3369.378151 3389.640367 3379.217723 3366.571869 3382.648809 3416.651799 3440.294703 3443.374230 3461.360745 3482.347232 3454.173722 3431.386153 3388.792318 3372.667668 3347.634443 3292.055164 3237.457149 3190.066461 3144.535206 3091.877876 3041.737833 2993.917518 2958.679853 2902.959951 2868.207386 2842.388481 2797.645605 2797.339911 2787.563273 2789.587264 2785.802268 2785.303208 2791.643359 -9999.0 -9999.0
-9999.0 2201.264590 2341.510740 2522.236532 2669.760067 2719.570993 2795.746945 2828.654176 2845.009921 2846.860991 2896.874059 3093.846666 3204.857394 3219.968295 3292.348934 3382.865488 3372.782177 3402.851355 3424.780130 3446.017912 3463.180347 3475.890678 3473.754363 3468.127599 3451.965323 3444.036303 3443.247585 3441.252277 3424.236943 3405.625179 3389.081241 3386.298738 3369.395127 3322.083299 3289.663065 3273.093916 3255.896880 3241.951222 3214.193143 3188.933613 3176.570281 3185.357017 3182.337862 3171.195377 3166.774947 3182.301391 3213.000182 3209.742727 3219.754719 3238.973861 3274.234210 3311.295692 3330.235433 3358.764942 3393.493724 3439.784886 3449.806842 3471.894930 3475.245055 3462.967194 3417.782127 3367.684616 3338.768879 3284.387485 3225.065765 3166.518460 3117.997818 3073.343019 3018.500006 2983.908058 2953.406346 2898.444094 2852.707442 2840.827262 2805.770782 2790.829278 -9999.0 -9999.0 -9999.0 -9999.0
-9999.0 2104.676875 2286.462836 2530.988386 2808.435019 2887.373165 3077.611170 3188.111029 3227.141457 3292.155901 3194.154403 3381.697600 3428.441912 3421.887677 3432.011359 3434.277235 3447.876828 3447.579218 3442.531117 3431.764784 3422.520436 3418.214306 3417.045602 3409.199070 3396.728229 3382.290785 3370.967078 3359.939447 3324.196344 3293.001153 3255.635441 3243.689914 3202.039704 3114.810129 3076.135711 3039.291072 2981.313896 2982.719256 2987.440870 2980.774338 2962.014550 2935.606031 2963.241982 2972.447325 2976.167846 2973.109491 2984.236576 2993.010600 3038.553526 3072.070387 3110.779823 3157.831785 3184.350728 3222.899669 3262.799741 3314.408620 3344.663298 3373.078092 3420.159922 3456.812517 3479.218053 3466.087888 3446.200500 3403.211061 3344.103799 3295.278098 3267.126059 3217.815475 3176.854131 3133.078028 3086.805653 3034.164633 2981.029403 2921.732834 2885.779290 -9999.0 -9999.0 -9999.0 -9999.0 -9999.0
-9999.0 1892.307439 2157.227673 2429.210053 2715.947724 3028.727949 3183.097585 3279.874852 3340.771822 3317.118628 3334.251078 3342.192624 3378.232370 3384.504274 3363.246620 3350.292643 3333.880652 3332.792193 3345.746752 3319.005609 3289.540248 3276.628747 3277.436339 3266.725306 3243.430628 3228.545845 3219.218545 3201.578671 3161.875152 3112.947621 3031.109316 2999.968252 2940.862625 2899.025683 2861.108089 2814.383497 2822.244400 2824.090444 2796.449130 2833.820671 2811.941383 2793.833239 2822.436856 2797.437312 2809.956256 2794.890097 2801.972728 2835.943043 2882.735218 2923.291418 2967.947082 2998.991031 3039.632850 3079.091003 3101.266736 3141.686618 3179.830786 3220.646814 3289.552424 3365.714507 3399.815700 3433.475731 3463.391531 3484.806056 3442.602156 3415.420176 3392.438349 3370.100273 3324.880384 3280.098314 3239.621445 3176.648122 3118.625746 -9999.0 -9999.0 -9999.0 -9999.0 -9999.0 -9999.0 -9999.0
-9999.0 1776.665420 1976.212423 2177.184939 2436.554569 2672.763392 2862.223517 2955.131626 3012.672680 3073.164117 3121.106069 3156.126237 3179.320167 3200.174780 3177.443046 3136.051565 3104.776045 3109.439692 3101.790107 3080.353500 3052.693077 3039.714688 3038.016824 3033.130318 3011.749847 3001.167979 2994.419664 2993.309895 2966.997900 2914.312375 2842.108693 2820.684325 2763.929228 2739.245868 2712.744966 2682.629585 2653.389830 2664.146721 2673.976032 2673.458679 2665.458809 2664.471522 2693.272811 2711.906034 2722.059490 2712.075022 2731.981671 2757.836391 2798.194991 2798.513798 2843.370444 2893.266835 2942.301466 2964.366418 2969.307731 2983.935738 2994.054676 3037.455147 3113.589005 3195.234275 3269.949132 3314.173978 3363.943432 3402.438438 3429.272948 3456.420649 3477.008661 3468.689280 3443.883786 3411.261121 3354.290126 -9999.0 -9999.0 -9999.0 -9999.0 -9999.0 -9999.0 -9999.0 -9999.0 -9999.0
-9999.0 -9999.0 1748.735399 1907.351604 2014.755501 2181.885804 2327.349720 2437.461033 2538.984450 2678.436154 2799.620638 2844.313809 2888.836517 2904.723499 2891.012072 2862.108876 2844.091115 2843.762546 2832.405324 2824.927596 2809.167643 2803.692249 2851.335249 2842.389873 2835.189337 2831.465460 2826.565216 2816.744075 2796.706638 2751.669033 2709.596517 2662.464038 2611.734707 2587.630325 2567.139593 2547.819269 2549.571392 2543.931110 2548.524442 2550.622558 2559.231316 2572.825474 2592.343387 2615.441753 2625.659783 2636.317367 2648.739490 2672.365690 2704.936544 2746.773086 2800.990025 2821.950395 2857.781078 2865.803037 2850.149782 2847.495867 2857.996306 2889.908872 2956.208031 3006.782902 3094.490013 3158.628876 3221.468388 3276.200878 3302.098356 3338.396881 3406.438770 3454.309127 3494.433555 3472.170250 -9999.0 -9999.0 -9999.0 -9999.0 -9999.0 -9999.0 -9999.0 -9999.0 -9999.0 -9999.0
-9999.0 -9999.0 -9999.0 -9999.0 1767.966503 1917.092652 2014.891872 2095.947699 2229.614221 2358.936706 2465.413383 2552.715183 2621.363772 2650.170792 2651.821710 2667.226852 2666.401559 2658.587639 2648.255890 2651.584896 2654.686924 2647.792161 2631.596179 2624.482088 2626.762309 2632.920252 2629.957169 2616.039348 2597.124192 2579.738118 2563.917411 2531.631466 2498.198998 2469.776672 2457.048751 2452.896102 2452.534236 2444.508191 2452.586298 2460.869531 2476.446141 2491.486902 2514.977768 2544.286612 2559.054495 2574.315956 2583.971487 2603.931732 2634.806618 2688.526290 2752.626291 2810.799471 2815.778759 2817.084033 2830.464601 2814.213542 2808.874386 2834.297890 2811.946610 2865.589424 2956.477954 2998.826513 3045.160064 3084.942612 3121.204594 3181.015630 3272.675420 3352.388793 -9999.0 -9999.0 -9999.0 -9999.0 -9999.0 -9999.0 -9999.0 -9999.0 -9999.0 -9999.0 -9999.0 -9999.0
-9999.0 -9999.0 -9999.0 -9999.0 -9999.0 -9999.0 1740.720228 1845.833224 1916.939228 2067.084583 2209.735246 2317.081121 2401.076419 2437.166397 2470.716618 2501.444086 2502.267105 2483.017366 2462.145525 2483.250972 2501.031782 2494.602018 2462.944755 2463.588507 2469.537424 2476.888336 2473.849177 2467.287266 2442.137813 2457.107736 2460.235687 2437.301482 2411.793767 2398.735837 2387.062023 2396.720964 2396.643125 2382.192828 2381.289484 2408.741915 2429.493418 2442.343166 2463.527122 2496.786750 2529.507660 2545.525312 2547.156102 2552.952557 2591.219275 2661.500829 2734.378787 2791.163564 2796.716312 2802.211966 2808.948723 2769.080620 2749.129539 2755.666098 2788.541776 2837.576885 2837.950046 2876.398623 2891.443400 2896.322169 2910.741985 2982.927668 -9999.0 -9999.0 -9999.0 -9999.0 -9999.0 -9999.0 -9999.0 -9999.0 -9999.0 -9999.0 -9999.0 -9999.0 -9999.0 -9999.0
-9999.0 -9999.0 -9999.0 -9999.0 -9999.0 -9999.0 -9999.0 -9999.0 -9999.0 -9999.0 -9999.0 -9999.0 -9999.0 -9999.0 -9999.0 -9999.0 -9999.0 -9999.0 -9999.0 -9999.0 -9999.0 -9999.0 -9999.0 -9999.0 -9999.0 -9999.0 -9999.0 -9999.0 -9999.0 -9999.0 -9999.0 -9999.0 -9999.0 -9999.0 -9999.0 -9999.0 -9999.0 -9999.0 -9999.0 -9999.0 -9999.0 -9999.0 -9999.0 -9999.0 -9999.0 -9999.0 -9999.0 -9999.0 -9999.0 -9999.0 -9999.0 -9999.0 -9999.0 -9999.0 -9999.0 -9999.0 -9999.0 -9999.0 -9999.0 -9999.0 -9999.0 -9999.0 -9999.0 -9999.0 -9999.0 -9999.0 -9999.0 -9999.0 -9999.0 -9999.0 -9999.0 -9999.0 -9999.0 -9999.0 -9999.0 -9999.0 -9999.0 -9999.0 -9999.0 -9999.0
-9999.0 -9999.0 -9999.0 -9999.0 -9999.0 -9999.0 -9999.0 -9999.0 -9999.0 -9999.0 -9999.0 -9999.0 -9999.0 -9999.0 -9999.0 -9999.0 -9999.0 -9999.0 -9999.0 -9999.0 -9999.0 -9999.0 -9999.0 -9999.0 -9999.0 -9999.0 -9999.0 -9999.0 -9999.0 -9999.0 -9999.0 -9999.0 -9999.0 -9999.0 -9999.0 -9999.0 -9999.0 -9999.0 -9999.0 -9999.0 -9999.0 -9999.0 -9999.0 -9999.0 -9999.0 -9999.0 -9999.0 -9999.0 -9999.0 -9999.0 -9999.0 -9999.0 -9999.0 -9999.0 -9999.0 -9999.0 -9999.0 -9999.0 -9999.0 -9999.0 -9999.0 -9999.0 -9999.0 -9999.0 -9999.0 -9999.0 -9999.0 -9999.0 -9999.0 -9999.0 -9999.0 -9999.0 -9999.0 -9999.0 -9999.0 -9999.0 -9999.0 -9999.0 -9999.0 -9999.0