Borden_/Borden1m_014/output_maps/psiliqL0012N0028.asc
ncols         80
nrows         18
xllcorner     620200.000000
yllcorner     5168000.000000
cellsize      1.000000
NODATA_value  -9999.0
-9999.0 -9999.0 -9999.0 -9999.0 -9999.0 -9999.0 -9999.0 -9999.0 -9999.0 -9999.0 -9999.0 -9999.0 -9999.0 -9999.0 -9999.0 -9999.0 -9999.0 -9999.0 -9999.0 -9999.0 -9999.0 -9999.0 -9999.0 -9999.0 -9999.0 -9999.0 -9999.0 -9999.0 -9999.0 -9999.0 -9999.0 -9999.0 -9999.0 -9999.0 -9999.0 -9999.0 -9999.0 -9999.0 -9999.0 -9999.0 -9999.0 -9999.0 -9999.0 -9999.0 -9999.0 -9999.0 -9999.0 -9999.0 -9999.0 -9999.0 -9999.0 -9999.0 -9999.0 -9999.0 -9999.0 -9999.0 -9999.0 -9999.0 -9999.0 -9999.0 -9999.0 -9999.0 -9999.0 -9999.0 -9999.0 -9999.0 -9999.0 -9999.0 -9999.0 -9999.0 -9999.0 -9999.0 -9999.0 -9999.0 -9999.0 -9999.0 -9999.0 -9999.0 -9999.0 -9999.0
-9999.0 -9999.0 -9999.0 -9999.0 -9999.0 -9999.0 -9999.0 -9999.0 -9999.0 -9999.0 -9999.0 -9999.0 -9999.0 -9999.0 -9999.0 -9999.0 -9999.0 -9999.0 -9999.0 -9999.0 -9999.0 -9999.0 -9999.0 -9999.0 -9999.0 -9999.0 -9999.0 -9999.0 -9999.0 -9999.0 -9999.0 -9999.0 -9999.0 -9999.0 -9999.0 -9999.0 -9999.0 -9999.0 -9999.0 -9999.0 -9999.0 -9999.0 -9999.0 -9999.0 -9999.0 -9999.0 -9999.0 -9999.0 -9999.0 -9999.0 -9999.0 -9999.0 -9999.0 -9999.0 -9999.0 -9999.0 -9999.0 -9999.0 -9999.0 -9999.0 -9999.0 -9999.0 -9999.0 -9999.0 -9999.0 -9999.0 -9999.0 -9999.0 -9999.0 -9999.0 -9999.0 -9999.0 -9999.0 -9999.0 -9999.0 -9999.0 -9999.0 -9999.0 -9999.0 -9999.0
-9999.0 -9999.0 -9999.0 -9999.0 -9999.0 -9999.0 -9999.0 -9999.0 -9999.0 -9999.0 -9999.0 -9999.0 -9999.0 -9999.0 -9999.0 -9999.0 -9999.0 -9999.0 -9999.0 -9999.0 541.889292 544.881468 523.106631 489.999806 462.678702 465.659938 501.337829 543.616493 583.094479 594.423910 577.586191 580.707194 576.903910 576.894211 580.284621 587.420406 591.580789 603.389528 612.537656 613.062187 607.836273 603.302562 603.736375 607.218454 612.239829 601.309850 614.093766 628.311015 632.809924 626.197630 597.491648 580.338234 570.163413 553.568977 576.657662 587.489438 609.233514 612.453440 610.002920 582.218095 551.652419 -9999.0 -9999.0 -9999.0 -9999.0 -9999.0 -9999.0 -9999.0 -9999.0 -9999.0 -9999.0 -9999.0 -9999.0 -9999.0 -9999.0 -9999.0 -9999.0 -9999.0 -9999.0 -9999.0
-9999.0 -9999.0 -9999.0 -9999.0 -9999.0 -9999.0 -9999.0 -9999.0 -9999.0 -9999.0 -9999.0 -9999.0 -9999.0 -9999.0 449.511655 440.202667 438.037202 447.262962 481.666742 512.402528 524.952617 518.108438 518.974617 496.394572 476.987283 492.120742 522.991950 556.080237 592.316359 614.344511 603.996281 602.884835 614.087051 641.284431 655.827004 653.997019 634.197931 657.880507 674.903836 685.268267 686.135994 678.951129 693.571908 710.032441 702.959815 684.466822 687.332823 697.754238 709.339254 692.948157 626.686125 604.690010 598.666954 589.941200 574.263479 566.298175 590.152498 589.374790 579.990300 560.997884 527.662127 483.076659 464.147253 501.971155 545.258852 602.185858 -9999.0 -9999.0 -9999.0 -9999.0 -9999.0 -9999.0 -9999.0 -9999.0 -9999.0 -9999.0 -9999.0 -9999.0 -9999.0 -9999.0
-9999.0 -9999.0 -9999.0 -9999.0 -9999.0 -9999.0 -9999.0 -9999.0 -9999.0 390.249406 394.877731 402.712141 405.557587 421.915643 420.393754 428.251034 436.551645 464.245958 496.369988 532.488644 562.285429 554.195150 556.116460 568.589708 574.904104 588.902331 612.281126 655.525213 699.799103 744.236834 718.197646 717.945891 738.972053 788.641116 825.244239 834.633047 815.895999 823.303895 850.553821 876.841342 879.949080 880.275623 907.090177 921.897499 924.166465 902.237822 883.970788 880.780874 904.010092 849.081625 779.937339 725.429059 724.926258 690.907354 648.439070 624.976280 620.177979 639.370330 622.374763 583.246755 545.323899 533.583486 515.334267 531.019605 552.322141 597.904320 635.753279 663.428281 662.457189 644.487385 -9999.0 -9999.0 -9999.0 -9999.0 -9999.0 -9999.0 -9999.0 -9999.0 -9999.0 -9999.0
-9999.0 -9999.0 -9999.0 -9999.0 -9999.0 -9999.0 310.686345 320.324254 340.910720 346.466073 372.133118 380.396635 401.902107 422.260216 444.638049 462.685516 494.622165 529.144230 572.198548 617.804452 652.357955 650.254279 663.696697 698.941211 742.502951 775.206651 802.883436 847.188618 930.131958 978.204617 991.126731 998.562372 1009.491539 1057.318282 1121.509248 1139.508007 1117.440218 1102.044572 1122.295971 1160.861860 1173.911277 1178.073718 1188.564108 1197.999069 1222.958523 1211.770715 1166.366805 1147.164501 1141.287005 1125.056781 1066.020537 1002.023901 961.594503 907.263471 819.454802 759.430512 760.753300 775.009953 741.464604 683.737569 638.746526 625.436203 608.262718 592.565888 596.564411 614.127410 635.323082 645.239169 631.312654 609.489633 585.821973 556.422863 557.687887 582.623181 -9999.0 -9999.0 -9999.0 -9999.0 -9999.0 -9999.0
-9999.0 -9999.0 -9999.0 -9999.0 260.317776 273.377931 261.891570 286.970503 320.060518 354.704520 387.909740 426.317252 455.135697 487.032483 530.134827 568.691668 614.744141 653.948533 712.731448 785.271342 841.362254 871.587225 893.060636 957.027331 1020.891606 1073.968873 1095.366146 1124.662033 1170.875276 1236.487093 1266.477405 1274.745412 1291.881522 1324.909093 1370.122626 1403.246904 1386.125378 1378.854571 1384.370572 1396.488668 1422.536335 1425.365244 1427.891349 1429.935250 1433.294473 1431.511984 1405.889270 1371.345325 1356.228882 1346.616727 1318.961638 1251.612507 1205.542511 1172.448842 1139.317641 1088.290308 1021.461297 1000.217398 939.185137 876.942858 807.156107 779.640207 744.486990 714.604179 680.961320 678.748699 678.851736 656.217611 622.749450 589.208457 573.140086 553.619958 542.364238 571.826994 589.065832 619.408765 -9999.0 -9999.0 -9999.0 -9999.0
-9999.0 -9999.0 200.887778 250.375019 307.339559 316.747440 318.821907 325.423336 354.493968 407.547774 486.383705 540.494879 587.212834 623.535334 687.678025 774.088806 854.403351 909.390219 972.680088 1043.361850 1106.374605 1144.033487 1168.379705 1209.315627 1261.767421 1320.193421 1345.452413 1371.953984 1403.126939 1437.261810 1454.120385 1469.318183 1476.912535 1477.731611 1481.803012 1482.655237 1478.026924 1472.018881 1453.668723 1450.437751 1458.090855 1462.979415 1465.586539 1452.854076 1448.885031 1461.586416 1463.941941 1462.557094 1462.019480 1469.183708 1474.496235 1438.137519 1394.823174 1378.585102 1368.432889 1325.212148 1261.437235 1214.536898 1189.057241 1145.292999 1066.590631 1012.253824 957.778553 902.892948 843.813335 806.110186 754.033773 707.791525 658.553949 610.608366 585.609904 566.337310 563.116830 562.589811 578.141222 593.187091 608.247316 615.883100 -9999.0 -9999.0
-9999.0 99.342694 172.043194 299.261075 379.633384 425.739858 462.799338 490.374776 519.693877 544.130107 654.834538 756.032567 852.416432 892.647070 948.990798 1049.489016 1146.891346 1193.616418 1230.748731 1284.238150 1341.505929 1388.433429 1418.348142 1437.510741 1469.325517 1477.881066 1479.277055 1481.755378 1477.135371 1470.087991 1461.309538 1467.943675 1464.777509 1446.681878 1431.432267 1428.282658 1421.577420 1395.665252 1366.311410 1351.092049 1353.563113 1375.091722 1364.376657 1344.512071 1341.012424 1361.744312 1379.986042 1371.852344 1360.567724 1378.576914 1413.786853 1436.171763 1448.837615 1464.747646 1485.081342 1460.468717 1429.995661 1388.022325 1367.291239 1337.463040 1277.118417 1214.425428 1158.755752 1095.908321 1027.254341 954.769076 885.922060 819.205428 748.414079 704.414609 670.796775 618.229985 594.884706 595.195180 585.260708 581.842723 587.601953 593.745759 -9999.0 -9999.0
-9999.0 22.569613 165.673333 351.393936 500.647730 563.897188 675.943606 761.122154 793.526459 771.425040 886.133764 1108.602621 1204.745558 1221.848036 1291.581179 1375.356471 1403.447144 1434.898848 1455.885338 1461.513629 1466.123240 1474.761470 1473.407094 1467.816292 1454.106673 1446.461873 1444.934403 1441.255113 1422.315888 1402.305449 1384.216167 1379.566183 1361.500748 1319.608847 1287.321804 1270.257185 1253.129865 1228.087883 1191.637445 1163.401588 1148.556900 1164.956969 1157.044652 1140.085000 1136.606489 1159.549001 1192.778127 1188.988168 1196.754283 1219.987043 1261.625171 1303.817523 1327.798043 1358.284861 1395.248933 1438.889014 1455.993099 1476.871082 1481.230725 1460.174267 1416.160623 1364.630484 1328.998579 1263.493603 1189.002567 1108.780103 1042.728026 978.826722 906.548479 855.424573 804.133680 743.653606 685.120972 657.238449 616.113937 594.922109 -9999.0 -9999.0 -9999.0 -9999.0
-9999.0 -50.931888 138.941947 401.269729 672.665299 796.349384 1002.066191 1133.902093 1197.954923 1260.245410 1262.569414 1393.069333 1426.712442 1421.689399 1415.625229 1419.318423 1434.834388 1439.164997 1436.097503 1426.549106 1417.274375 1413.322095 1411.341617 1403.409007 1391.456628 1376.196589 1362.297009 1347.523833 1306.234481 1271.509303 1236.464897 1220.231641 1181.685424 1091.079557 1048.217064 1013.651281 957.203077 946.940980 935.830662 904.688796 883.539024 864.428522 884.699518 887.226123 889.254640 895.746322 916.112308 939.771771 984.799267 1022.592851 1068.151324 1121.999954 1157.811942 1202.708167 1251.238320 1309.853363 1343.176432 1374.411634 1420.933033 1460.656615 1483.437493 1473.051211 1443.457321 1396.957373 1325.475831 1254.891559 1202.559049 1127.657012 1061.321883 1008.307438 963.285025 910.793671 841.025566 749.142700 704.228985 -9999.0 -9999.0 -9999.0 -9999.0 -9999.0
-9999.0 -220.195365 48.026247 340.682959 664.682232 991.229361 1116.204030 1256.681870 1330.128607 1286.270091 1282.066938 1305.508127 1347.227757 1355.721142 1337.333935 1330.425083 1321.150501 1321.689509 1334.628367 1308.391077 1277.053369 1262.914984 1261.549683 1249.035344 1225.486738 1207.182307 1193.043179 1171.015477 1120.771985 1069.584998 989.995847 959.964532 882.198913 817.863886 770.120810 719.705867 667.142049 663.806826 678.619391 661.696977 638.444173 619.440091 645.449838 662.232447 674.156833 664.360093 674.584233 711.428781 762.420310 808.412183 861.870429 921.168741 971.124821 1022.629502 1057.727166 1111.123835 1159.923063 1208.205589 1283.001131 1362.979431 1399.606240 1434.528581 1467.987789 1481.615236 1429.394334 1375.987720 1320.197357 1251.522323 1163.063317 1118.296291 1096.198164 1059.884188 1005.342990 -9999.0 -9999.0 -9999.0 -9999.0 -9999.0 -9999.0 -9999.0
-9999.0 -350.187167 -125.214383 113.281561 406.280820 646.820080 838.545622 953.917256 1035.809151 1053.192103 1077.072364 1108.725329 1140.234219 1163.297659 1142.165108 1105.511451 1078.723393 1082.976508 1080.432441 1056.333895 1026.413950 1011.201800 1008.780130 1000.734951 974.341293 957.413717 944.315632 918.800914 879.962730 820.738107 737.752570 665.421873 601.886539 566.126882 534.751342 500.935542 463.076023 472.662514 485.577374 480.961287 469.133800 465.239502 494.532691 513.293945 523.536304 511.557021 530.843104 558.331360 600.943769 644.607997 694.884507 751.999295 808.070643 841.043067 859.339948 891.163584 936.692729 995.790607 1084.219209 1180.635359 1257.751237 1308.828985 1359.474681 1391.186026 1402.868188 1414.917246 1384.907989 1292.873346 1158.566286 1162.775034 1167.444171 -9999.0 -9999.0 -9999.0 -9999.0 -9999.0 -9999.0 -9999.0 -9999.0 -9999.0
-9999.0 -9999.0 -360.984785 -176.843241 -27.704169 156.598641 309.195158 419.891006 503.308500 604.631893 701.723468 781.729698 825.863681 843.982424 827.832325 790.614852 766.770074 766.683901 756.948569 744.396303 721.991102 713.014135 702.360656 693.677485 681.070152 673.423294 666.662960 653.639819 629.162375 580.352690 528.163981 475.263239 420.364165 394.134412 371.544936 348.970876 346.070714 343.012718 349.055848 350.185697 356.063618 368.085187 388.519706 410.176827 419.823436 427.826701 440.570045 464.562541 498.108637 540.269112 594.130334 651.749508 691.900505 705.736972 698.108146 706.194719 730.888746 778.844189 868.153622 960.312412 1057.094578 1129.714396 1201.696536 1252.597107 1268.337882 1284.464599 1292.822862 1208.045829 836.990353 1081.234963 -9999.0 -9999.0 -9999.0 -9999.0 -9999.0 -9999.0 -9999.0 -9999.0 -9999.0 -9999.0
-9999.0 -9999.0 -9999.0 -9999.0 -320.105947 -162.971735 -66.994477 17.037611 142.241279 256.362416 352.072214 431.601583 488.855763 513.970792 505.875838 504.924532 498.197305 493.379369 484.251467 480.603935 476.748382 468.824321 455.918512 448.016219 447.458897 450.942984 447.994016 433.900013 416.327930 390.450330 367.396859 332.015152 294.996714 265.462382 252.085824 245.486546 245.359821 239.146141 248.235045 254.928070 269.873995 285.187671 309.082645 337.681690 350.795783 365.289641 375.132958 395.998725 426.377910 479.612635 542.602132 599.655854 634.664056 638.945504 613.956941 599.051986 596.959013 627.033682 676.608952 750.050837 857.420756 937.204790 1001.729583 1049.466580 1082.163270 1126.665412 1170.402111 1190.437445 -9999.0 -9999.0 -9999.0 -9999.0 -9999.0 -9999.0 -9999.0 -9999.0 -9999.0 -9999.0 -9999.0 -9999.0
-9999.0 -9999.0 -9999.0 -9999.0 -9999.0 -9999.0 -370.376041 -271.917253 -186.655848 -57.213769 63.625317 159.462843 236.321477 264.286265 285.484330 309.521640 306.121690 288.677106 271.138255 288.410733 299.554004 294.084098 265.445605 264.165289 267.924098 276.481969 274.542168 267.949286 242.695319 251.778178 250.841894 227.403652 201.090634 186.708379 174.897259 184.608992 185.120510 172.127871 173.769882 200.087014 219.994629 233.325632 255.563905 288.717306 320.819062 335.486232 336.675434 342.957424 383.966576 454.274202 525.107162 579.372354 610.867770 618.513544 590.590179 550.181544 529.511945 537.090530 573.086540 628.412713 707.874915 761.353436 794.007530 814.742877 840.562853 935.112048 -9999.0 -9999.0 -9999.0 -9999.0 -9999.0 -9999.0 -9999.0 -9999.0 -9999.0 -9999.0 -9999.0 -9999.0 -9999.0 -9999.0
-9999.0 -9999.0 -9999.0 -9999.0 -9999.0 -9999.0 -9999.0 -9999.0 -9999.0 -9999.0 -9999.0 -9999.0 -9999.0 -9999.0 -9999.0 -9999.0 -9999.0 -9999.0 -9999.0 -9999.0 -9999.0 -9999.0 -9999.0 -9999.0 -9999.0 -9999.0 -9999.0 -9999.0 -9999.0 -9999.0 -9999.0 -9999.0 -9999.0 -9999.0 -9999.0 -9999.0 -9999.0 -9999.0 -9999.0 -9999.0 -9999.0 -9999.0 -9999.0 -9999.0 -9999.0 -9999.0 -9999.0 -9999.0 -9999.0 -9999.0 -9999.0 -9999.0 -9999.0 -9999.0 -9999.0 -9999.0 -9999.0 -9999.0 -9999.0 -9999.0 -9999.0 -9999.0 -9999.0 -9999.0 -9999.0 -9999.0 -9999.0 -9999.0 -9999.0 -9999.0 -9999.0 -9999.0 -9999.0 -9999.0 -9999.0 -9999.0 -9999.0 -9999.0 -9999.0 -9999.0
-9999.0 -9999.0 -9999.0 -9999.0 -9999.0 -9999.0 -9999.0 -9999.0 -9999.0 -9999.0 -9999.0 -9999.0 -9999.0 -9999.0 -9999.0 -9999.0 -9999.0 -9999.0 -9999.0 -9999.0 -9999.0 -9999.0 -9999.0 -9999.0 -9999.0 -9999.0 -9999.0 -9999.0 -9999.0 -9999.0 -9999.0 -9999.0 -9999.0 -9999.0 -9999.0 -9999.0 -9999.0 -9999.0 -9999.0 -9999.0 -9999.0 -9999.0 -9999.0 -9999.0 -9999.0 -9999.0 -9999.0 -9999.0 -9999.0 -9999.0 -9999.0 -9999.0 -9999.0 -9999.0 -9999.0 -9999.0 -9999.0 -9999.0 -9999.0 -9999.0 -9999.0 -9999.0 -9999.0 -9999.0 -9999.0 -9999.0 -9999.0 -9999.0 -9999.0 -9999.0 -9999.0 -9999.0 -9999.0 -9999.0 -9999.0 -9999.0 -9999.0 -9999.0 -9999.0 -9999.0