Borden_/Borden1m_014/output_maps/psiliqL0010N0030.asc
ncols         80
nrows         18
xllcorner     620200.000000
yllcorner     5168000.000000
cellsize      1.000000
NODATA_value  -9999.0
-9999.0 -9999.0 -9999.0 -9999.0 -9999.0 -9999.0 -9999.0 -9999.0 -9999.0 -9999.0 -9999.0 -9999.0 -9999.0 -9999.0 -9999.0 -9999.0 -9999.0 -9999.0 -9999.0 -9999.0 -9999.0 -9999.0 -9999.0 -9999.0 -9999.0 -9999.0 -9999.0 -9999.0 -9999.0 -9999.0 -9999.0 -9999.0 -9999.0 -9999.0 -9999.0 -9999.0 -9999.0 -9999.0 -9999.0 -9999.0 -9999.0 -9999.0 -9999.0 -9999.0 -9999.0 -9999.0 -9999.0 -9999.0 -9999.0 -9999.0 -9999.0 -9999.0 -9999.0 -9999.0 -9999.0 -9999.0 -9999.0 -9999.0 -9999.0 -9999.0 -9999.0 -9999.0 -9999.0 -9999.0 -9999.0 -9999.0 -9999.0 -9999.0 -9999.0 -9999.0 -9999.0 -9999.0 -9999.0 -9999.0 -9999.0 -9999.0 -9999.0 -9999.0 -9999.0 -9999.0
-9999.0 -9999.0 -9999.0 -9999.0 -9999.0 -9999.0 -9999.0 -9999.0 -9999.0 -9999.0 -9999.0 -9999.0 -9999.0 -9999.0 -9999.0 -9999.0 -9999.0 -9999.0 -9999.0 -9999.0 -9999.0 -9999.0 -9999.0 -9999.0 -9999.0 -9999.0 -9999.0 -9999.0 -9999.0 -9999.0 -9999.0 -9999.0 -9999.0 -9999.0 -9999.0 -9999.0 -9999.0 -9999.0 -9999.0 -9999.0 -9999.0 -9999.0 -9999.0 -9999.0 -9999.0 -9999.0 -9999.0 -9999.0 -9999.0 -9999.0 -9999.0 -9999.0 -9999.0 -9999.0 -9999.0 -9999.0 -9999.0 -9999.0 -9999.0 -9999.0 -9999.0 -9999.0 -9999.0 -9999.0 -9999.0 -9999.0 -9999.0 -9999.0 -9999.0 -9999.0 -9999.0 -9999.0 -9999.0 -9999.0 -9999.0 -9999.0 -9999.0 -9999.0 -9999.0 -9999.0
-9999.0 -9999.0 -9999.0 -9999.0 -9999.0 -9999.0 -9999.0 -9999.0 -9999.0 -9999.0 -9999.0 -9999.0 -9999.0 -9999.0 -9999.0 -9999.0 -9999.0 -9999.0 -9999.0 -9999.0 137.048755 140.081081 117.851105 84.324498 56.496692 59.014237 94.471179 136.319037 175.195642 186.347567 169.062215 171.473105 167.226348 167.435678 170.932952 177.692231 181.234743 193.138403 202.299824 202.796402 197.367295 192.436845 192.267688 195.931474 200.893121 190.744485 203.637777 218.247663 223.453327 217.015843 188.298220 171.252317 161.704467 145.882203 169.422101 180.970779 203.265062 206.964987 205.031131 177.508289 147.114706 -9999.0 -9999.0 -9999.0 -9999.0 -9999.0 -9999.0 -9999.0 -9999.0 -9999.0 -9999.0 -9999.0 -9999.0 -9999.0 -9999.0 -9999.0 -9999.0 -9999.0 -9999.0 -9999.0
-9999.0 -9999.0 -9999.0 -9999.0 -9999.0 -9999.0 -9999.0 -9999.0 -9999.0 -9999.0 -9999.0 -9999.0 -9999.0 -9999.0 45.534097 35.778167 33.182126 42.111678 76.289343 106.708273 119.332859 112.158889 112.611658 89.650801 69.998250 84.793480 115.139716 147.803052 183.634761 205.522536 194.315741 192.701299 204.085462 232.312835 247.782261 245.985223 225.447777 248.979519 266.512990 277.542034 278.323992 270.949873 286.370867 303.318564 296.334072 277.475365 279.617445 290.139202 302.801661 285.497819 218.087074 195.281421 189.884811 181.533262 166.447640 158.788073 182.887393 182.859135 173.880333 155.244164 122.347651 78.008027 59.578974 97.676782 141.550738 199.069665 -9999.0 -9999.0 -9999.0 -9999.0 -9999.0 -9999.0 -9999.0 -9999.0 -9999.0 -9999.0 -9999.0 -9999.0 -9999.0 -9999.0
-9999.0 -9999.0 -9999.0 -9999.0 -9999.0 -9999.0 -9999.0 -9999.0 -9999.0 -12.567975 -8.484171 -1.053489 1.230378 17.217614 15.602627 23.024615 31.234959 58.265855 90.063449 125.930284 155.572109 146.833062 148.327193 161.200975 168.474984 182.671821 205.750423 249.329356 295.183652 340.590733 314.366482 314.045795 335.635894 387.810601 428.089516 439.136716 419.472078 425.640945 454.824164 484.191555 488.741879 489.697123 517.547832 532.841985 536.683613 514.262817 492.301940 487.753709 511.399147 453.590704 381.290253 323.535135 321.204814 285.893917 241.416001 216.830401 212.137175 232.223327 215.351687 176.300720 138.509418 127.565226 109.945693 125.766688 147.672551 193.973256 232.208528 260.393015 260.027276 242.352717 -9999.0 -9999.0 -9999.0 -9999.0 -9999.0 -9999.0 -9999.0 -9999.0 -9999.0 -9999.0
-9999.0 -9999.0 -9999.0 -9999.0 -9999.0 -9999.0 -91.592251 -82.461139 -62.400685 -56.876009 -31.933982 -24.014838 -2.957830 17.004040 38.630769 56.478963 88.393562 122.512678 165.669882 211.800451 246.832174 245.155614 258.754247 295.923582 342.068430 377.050325 405.789299 452.509893 540.024300 591.088592 606.595033 614.534442 625.335128 671.728432 735.053973 754.142526 731.904529 716.555892 736.881706 777.072770 796.519971 801.658677 811.478556 820.554044 845.416281 833.959931 783.145444 760.983596 753.397370 737.864496 680.985371 617.834211 573.533494 516.911385 425.106223 360.967742 359.407964 372.665166 337.658538 279.080384 232.824743 219.401809 202.465931 186.736825 190.826348 208.949439 231.010122 241.507801 228.230153 206.996631 183.609147 154.561475 156.076600 181.313058 -9999.0 -9999.0 -9999.0 -9999.0 -9999.0 -9999.0
-9999.0 -9999.0 -9999.0 -9999.0 -141.512588 -128.885223 -140.496379 -116.290611 -83.847715 -49.941732 -16.951399 21.278479 49.666898 81.008686 124.313452 164.167650 211.392836 251.087235 311.291165 386.364181 445.996983 479.807568 503.965955 571.101050 635.638520 687.652530 708.352133 737.910150 785.418335 855.717530 886.129834 894.458718 909.994078 941.551198 983.997333 1017.566932 1001.466159 995.300211 1000.448024 1012.430794 1039.513574 1042.461725 1044.795786 1046.340896 1049.182213 1047.668718 1021.978657 987.494074 972.209771 961.616004 935.739140 871.053775 819.574854 784.769923 752.893112 703.708090 636.044480 612.089996 549.414440 484.736937 409.346977 378.711641 341.762091 310.823991 276.032120 273.413396 273.575780 251.484005 218.933508 185.962748 170.385743 151.324332 140.686400 170.410184 187.962283 218.725897 -9999.0 -9999.0 -9999.0 -9999.0
-9999.0 -9999.0 -200.134839 -150.421716 -94.124550 -85.158717 -82.944972 -77.081452 -48.967763 3.234540 83.046279 138.312326 186.406946 222.139033 287.551336 378.517510 465.347515 523.659570 588.316415 657.834236 720.374490 759.925972 789.655898 831.194060 881.828950 935.911052 959.204191 985.873802 1017.671009 1051.615748 1071.448769 1086.917099 1093.503155 1092.662385 1095.064941 1095.233214 1091.327749 1085.938533 1068.206916 1065.608560 1073.615330 1078.010974 1080.783296 1068.158935 1064.151918 1076.533046 1078.400605 1077.204940 1076.971272 1084.044617 1090.952695 1056.761111 1009.079192 991.479148 981.730235 941.917621 879.194600 827.742592 801.373412 757.727005 678.600714 623.653309 567.661194 509.361434 445.809415 404.505351 350.346361 303.572487 254.510151 207.118207 182.563773 163.577279 160.833881 160.921039 176.788908 192.228400 207.549161 215.322363 -9999.0 -9999.0
-9999.0 -300.224210 -227.559889 -100.088257 -20.354858 25.660352 65.231329 94.620304 122.657205 143.790314 257.575787 368.176478 469.533544 510.227610 569.064295 670.789416 772.179343 817.742118 852.505552 902.754660 958.519203 1004.526350 1034.753274 1058.702549 1088.357787 1092.848012 1092.952580 1094.649405 1089.468707 1082.624756 1073.471995 1080.286509 1077.295018 1060.051200 1045.417472 1042.430992 1035.654883 1010.007047 981.319973 966.919893 970.175783 991.611165 980.759602 960.884420 957.290247 977.532415 995.032372 986.931406 975.447587 992.750022 1028.183926 1050.132660 1063.846137 1078.463574 1098.796964 1075.737055 1044.339477 1002.706111 982.490809 952.434138 888.933703 825.106434 769.716653 706.016660 637.481489 563.202027 491.293918 421.264089 348.185449 303.775709 269.788783 216.571532 192.711897 193.276558 183.568932 180.596050 186.818800 193.147463 -9999.0 -9999.0
-9999.0 -374.234421 -230.846907 -44.736221 104.119332 169.246494 288.024557 377.792694 412.688768 392.065527 513.733060 742.382967 833.860872 848.584318 915.204173 995.393646 1029.029601 1058.775328 1077.956391 1079.469086 1081.088979 1087.977903 1086.441034 1080.117919 1066.509169 1058.894274 1057.555048 1053.975300 1034.714196 1014.902836 997.160151 992.890301 974.703214 935.679963 904.277963 887.381483 868.990363 841.194101 803.844091 775.859147 761.729376 779.245999 770.344696 752.754248 749.162560 772.448169 805.761721 801.263801 807.959709 831.163007 873.876392 918.947517 942.846560 971.555742 1008.835476 1052.304442 1070.348572 1090.603553 1095.545690 1073.314780 1029.559410 977.727737 943.163044 875.132694 799.985687 719.155883 654.154135 591.545398 518.522122 464.834532 409.993822 346.893654 285.900728 255.955512 214.841977 193.414395 -9999.0 -9999.0 -9999.0 -9999.0
-9999.0 -443.615344 -252.578992 12.345518 279.923896 414.449025 621.229963 756.505738 828.386494 883.122616 904.565419 1023.875660 1052.353479 1045.247054 1034.165635 1036.277284 1050.695636 1054.636083 1051.056277 1040.894411 1030.405082 1024.949693 1024.200053 1015.521236 1004.441939 989.593938 976.095667 961.092477 916.423355 881.170485 847.572615 831.413327 794.024543 704.393716 662.061325 629.019693 572.834436 560.773200 547.447898 515.174828 493.508331 475.451403 495.067935 496.164481 497.570469 505.700818 527.843888 550.654085 595.593336 633.367666 678.640141 732.847366 768.493380 813.170935 862.960460 924.900098 957.876760 987.686273 1034.012712 1074.175834 1096.624198 1086.690507 1056.786354 1011.836006 941.064383 866.987173 813.908210 739.008397 673.127437 621.393473 577.865607 524.687072 451.070909 350.116124 303.846389 -9999.0 -9999.0 -9999.0 -9999.0 -9999.0
-9999.0 -605.025013 -336.556334 -40.707385 291.036331 618.040444 737.404445 890.847710 965.828119 913.229233 898.988149 926.607714 966.690752 974.209277 954.959218 947.840375 939.153135 939.335588 951.719287 924.290497 889.276836 873.939713 872.657555 860.048394 836.909050 818.507078 804.217010 782.171121 730.770437 680.328238 603.268385 574.015834 494.908450 423.710397 372.734420 321.193357 267.262528 263.395034 277.725251 260.096491 236.686751 217.482122 243.306872 259.443648 270.946369 261.588864 271.869008 308.722900 360.445257 407.799247 464.321866 527.233060 578.974789 632.155674 667.871339 722.417853 771.112804 819.368149 894.613214 976.969046 1013.188592 1047.702990 1082.004439 1095.839189 1045.822183 992.621035 936.719115 863.863999 771.804452 726.402410 705.505895 673.113851 620.253016 -9999.0 -9999.0 -9999.0 -9999.0 -9999.0 -9999.0 -9999.0
-9999.0 -737.336845 -508.352718 -263.744162 34.766423 277.448020 469.761190 590.351057 677.226250 678.408615 693.686208 723.962346 755.362069 778.018905 756.064885 719.785862 693.357324 697.184184 695.359879 670.822483 640.417604 625.207750 623.215452 615.056859 587.911602 570.037623 556.398270 529.999695 488.271649 425.623222 338.797968 266.393302 201.679259 164.065016 132.036360 97.798940 58.842161 68.633642 82.267707 77.403003 65.054688 60.702725 90.159538 108.697519 118.840936 106.267270 125.209157 152.703594 195.434746 238.953566 289.405001 347.201181 404.504129 439.647499 460.336984 495.953501 544.758086 606.443149 694.866864 792.318334 868.987660 922.624501 973.019231 1003.168598 1017.028912 1032.303629 1004.814615 912.956546 773.478915 768.313558 771.574470 -9999.0 -9999.0 -9999.0 -9999.0 -9999.0 -9999.0 -9999.0 -9999.0 -9999.0
-9999.0 -9999.0 -745.191856 -557.476980 -401.600266 -215.359444 -62.491406 47.777875 127.782439 222.285096 315.758774 395.361184 440.584202 459.210251 440.814043 399.290685 372.797736 372.362380 362.479909 348.426986 324.165619 314.508001 304.188826 295.553445 281.872691 273.620865 266.847122 253.803677 228.795006 179.313607 125.399200 72.038753 16.646483 -9.476295 -32.064776 -54.938671 -58.385180 -60.732331 -54.238871 -53.122383 -47.631120 -35.827797 -15.179750 6.280293 15.768547 23.175674 35.826370 59.676954 93.103350 134.759959 188.094480 245.181511 284.967038 298.670853 291.128846 299.766260 325.621638 375.981953 471.578908 569.556944 666.599243 739.528507 811.631280 861.782770 879.092785 900.387930 911.733643 826.937227 516.881827 693.894812 -9999.0 -9999.0 -9999.0 -9999.0 -9999.0 -9999.0 -9999.0 -9999.0 -9999.0 -9999.0
-9999.0 -9999.0 -9999.0 -9999.0 -701.445020 -544.177108 -449.279467 -365.623238 -242.657346 -131.556553 -37.942578 39.990839 94.985645 119.374656 109.203161 105.023130 97.079811 92.797268 83.870788 78.950442 73.833557 65.796272 53.686126 45.798597 44.913572 48.175607 45.543448 31.788393 14.863089 -12.180624 -36.155088 -71.698819 -108.925127 -138.332826 -151.556519 -158.385768 -158.285084 -164.048476 -154.660089 -148.178750 -133.285118 -117.892417 -93.920972 -65.519067 -52.762040 -38.479848 -28.723262 -7.861805 22.298510 75.214077 137.689605 194.020204 228.225954 231.902409 206.023795 190.519532 188.130185 218.162101 269.092502 345.090214 456.967042 541.848316 610.349218 658.805286 691.953319 737.577104 780.418923 797.277008 -9999.0 -9999.0 -9999.0 -9999.0 -9999.0 -9999.0 -9999.0 -9999.0 -9999.0 -9999.0 -9999.0 -9999.0
-9999.0 -9999.0 -9999.0 -9999.0 -9999.0 -9999.0 -755.575181 -659.635337 -573.203954 -448.127885 -331.509393 -238.100586 -162.682162 -136.529610 -117.686211 -94.828890 -99.004581 -116.141127 -133.077425 -116.349207 -106.263757 -111.419648 -139.359282 -140.814494 -137.261054 -128.247324 -129.751096 -136.073065 -161.092108 -152.672536 -153.980949 -177.231316 -203.443336 -217.846744 -229.472701 -219.543931 -218.789444 -231.450060 -229.270133 -203.073326 -183.265991 -169.829920 -147.389911 -114.264347 -82.295187 -67.931312 -66.933865 -60.726295 -19.419250 50.786633 121.039432 174.516386 205.257768 212.316874 183.553749 142.306444 120.720773 127.562635 162.984155 218.328813 298.744989 353.608782 389.135447 413.589946 444.320339 544.521838 -9999.0 -9999.0 -9999.0 -9999.0 -9999.0 -9999.0 -9999.0 -9999.0 -9999.0 -9999.0 -9999.0 -9999.0 -9999.0 -9999.0
-9999.0 -9999.0 -9999.0 -9999.0 -9999.0 -9999.0 -9999.0 -9999.0 -9999.0 -9999.0 -9999.0 -9999.0 -9999.0 -9999.0 -9999.0 -9999.0 -9999.0 -9999.0 -9999.0 -9999.0 -9999.0 -9999.0 -9999.0 -9999.0 -9999.0 -9999.0 -9999.0 -9999.0 -9999.0 -9999.0 -9999.0 -9999.0 -9999.0 -9999.0 -9999.0 -9999.0 -9999.0 -9999.0 -9999.0 -9999.0 -9999.0 -9999.0 -9999.0 -9999.0 -9999.0 -9999.0 -9999.0 -9999.0 -9999.0 -9999.0 -9999.0 -9999.0 -9999.0 -9999.0 -9999.0 -9999.0 -9999.0 -9999.0 -9999.0 -9999.0 -9999.0 -9999.0 -9999.0 -9999.0 -9999.0 -9999.0 -9999.0 -9999.0 -9999.0 -9999.0 -9999.0 -9999.0 -9999.0 -9999.0 -9999.0 -9999.0 -9999.0 -9999.0 -9999.0 -9999.0
-9999.0 -9999.0 -9999.0 -9999.0 -9999.0 -9999.0 -9999.0 -9999.0 -9999.0 -9999.0 -9999.0 -9999.0 -9999.0 -9999.0 -9999.0 -9999.0 -9999.0 -9999.0 -9999.0 -9999.0 -9999.0 -9999.0 -9999.0 -9999.0 -9999.0 -9999.0 -9999.0 -9999.0 -9999.0 -9999.0 -9999.0 -9999.0 -9999.0 -9999.0 -9999.0 -9999.0 -9999.0 -9999.0 -9999.0 -9999.0 -9999.0 -9999.0 -9999.0 -9999.0 -9999.0 -9999.0 -9999.0 -9999.0 -9999.0 -9999.0 -9999.0 -9999.0 -9999.0 -9999.0 -9999.0 -9999.0 -9999.0 -9999.0 -9999.0 -9999.0 -9999.0 -9999.0 -9999.0 -9999.0 -9999.0 -9999.0 -9999.0 -9999.0 -9999.0 -9999.0 -9999.0 -9999.0 -9999.0 -9999.0 -9999.0 -9999.0 -9999.0 -9999.0 -9999.0 -9999.0