Borden_/Borden1m_014/output_maps/psiliqL0002N0008.asc
ncols         80
nrows         18
xllcorner     620200.000000
yllcorner     5168000.000000
cellsize      1.000000
NODATA_value  -9999.0
-9999.0 -9999.0 -9999.0 -9999.0 -9999.0 -9999.0 -9999.0 -9999.0 -9999.0 -9999.0 -9999.0 -9999.0 -9999.0 -9999.0 -9999.0 -9999.0 -9999.0 -9999.0 -9999.0 -9999.0 -9999.0 -9999.0 -9999.0 -9999.0 -9999.0 -9999.0 -9999.0 -9999.0 -9999.0 -9999.0 -9999.0 -9999.0 -9999.0 -9999.0 -9999.0 -9999.0 -9999.0 -9999.0 -9999.0 -9999.0 -9999.0 -9999.0 -9999.0 -9999.0 -9999.0 -9999.0 -9999.0 -9999.0 -9999.0 -9999.0 -9999.0 -9999.0 -9999.0 -9999.0 -9999.0 -9999.0 -9999.0 -9999.0 -9999.0 -9999.0 -9999.0 -9999.0 -9999.0 -9999.0 -9999.0 -9999.0 -9999.0 -9999.0 -9999.0 -9999.0 -9999.0 -9999.0 -9999.0 -9999.0 -9999.0 -9999.0 -9999.0 -9999.0 -9999.0 -9999.0
-9999.0 -9999.0 -9999.0 -9999.0 -9999.0 -9999.0 -9999.0 -9999.0 -9999.0 -9999.0 -9999.0 -9999.0 -9999.0 -9999.0 -9999.0 -9999.0 -9999.0 -9999.0 -9999.0 -9999.0 -9999.0 -9999.0 -9999.0 -9999.0 -9999.0 -9999.0 -9999.0 -9999.0 -9999.0 -9999.0 -9999.0 -9999.0 -9999.0 -9999.0 -9999.0 -9999.0 -9999.0 -9999.0 -9999.0 -9999.0 -9999.0 -9999.0 -9999.0 -9999.0 -9999.0 -9999.0 -9999.0 -9999.0 -9999.0 -9999.0 -9999.0 -9999.0 -9999.0 -9999.0 -9999.0 -9999.0 -9999.0 -9999.0 -9999.0 -9999.0 -9999.0 -9999.0 -9999.0 -9999.0 -9999.0 -9999.0 -9999.0 -9999.0 -9999.0 -9999.0 -9999.0 -9999.0 -9999.0 -9999.0 -9999.0 -9999.0 -9999.0 -9999.0 -9999.0 -9999.0
-9999.0 -9999.0 -9999.0 -9999.0 -9999.0 -9999.0 -9999.0 -9999.0 -9999.0 -9999.0 -9999.0 -9999.0 -9999.0 -9999.0 -9999.0 -9999.0 -9999.0 -9999.0 -9999.0 -9999.0 -537.141842 -535.682773 -538.360642 -541.323802 -543.954258 -544.393976 -541.532639 -538.440374 -534.851938 -534.330637 -537.558345 -536.584016 -537.920572 -538.842122 -539.054956 -538.143807 -537.639644 -536.554054 -535.927441 -536.403069 -537.349559 -537.941081 -538.601349 -538.517055 -537.344374 -538.929541 -536.758633 -534.791912 -534.218191 -533.983524 -536.352858 -537.194319 -537.470392 -540.093583 -535.416836 -534.340316 -531.282767 -531.122197 -530.345310 -533.756524 -537.148003 -9999.0 -9999.0 -9999.0 -9999.0 -9999.0 -9999.0 -9999.0 -9999.0 -9999.0 -9999.0 -9999.0 -9999.0 -9999.0 -9999.0 -9999.0 -9999.0 -9999.0 -9999.0 -9999.0
-9999.0 -9999.0 -9999.0 -9999.0 -9999.0 -9999.0 -9999.0 -9999.0 -9999.0 -9999.0 -9999.0 -9999.0 -9999.0 -9999.0 -541.116266 -542.749111 -543.542597 -544.261348 -541.680769 -539.839497 -540.123802 -541.818920 -540.218596 -543.334984 -546.186808 -544.508043 -542.394528 -540.994423 -538.318756 -536.209366 -538.368685 -538.913876 -537.898444 -534.049902 -532.567245 -533.508177 -538.606604 -533.877833 -531.821619 -530.499545 -530.670674 -532.982815 -530.039411 -526.568301 -528.475383 -532.154912 -531.234009 -529.243056 -525.914322 -527.099427 -538.646102 -539.096264 -538.238998 -537.674928 -539.281368 -540.529024 -535.852343 -536.749688 -537.352361 -537.684601 -539.906819 -544.019845 -545.989502 -541.425114 -537.930749 -530.322974 -9999.0 -9999.0 -9999.0 -9999.0 -9999.0 -9999.0 -9999.0 -9999.0 -9999.0 -9999.0 -9999.0 -9999.0 -9999.0 -9999.0
-9999.0 -9999.0 -9999.0 -9999.0 -9999.0 -9999.0 -9999.0 -9999.0 -9999.0 -543.183464 -543.729748 -543.322424 -544.569486 -543.208952 -545.924886 -545.401538 -546.073470 -544.287269 -543.168625 -540.951123 -537.633014 -540.389223 -540.800165 -539.050837 -539.190559 -538.939169 -537.900721 -532.830747 -527.528432 -518.365444 -527.125930 -527.623498 -524.300585 -512.117553 -496.680482 -492.166426 -499.954068 -501.929201 -491.554348 -480.333496 -480.986554 -481.973303 -472.504113 -467.532398 -463.580326 -471.045778 -479.267686 -481.518445 -470.243520 -490.897599 -513.080343 -526.351378 -522.909691 -528.510510 -534.703749 -536.771135 -537.765388 -532.488317 -534.165014 -538.382055 -541.828445 -540.100664 -542.316609 -540.145579 -539.098210 -533.418943 -528.548619 -523.688424 -523.465521 -526.648270 -9999.0 -9999.0 -9999.0 -9999.0 -9999.0 -9999.0 -9999.0 -9999.0 -9999.0 -9999.0
-9999.0 -9999.0 -9999.0 -9999.0 -9999.0 -9999.0 -545.427461 -545.733564 -544.906187 -548.351290 -546.295974 -548.064881 -546.665462 -546.260467 -545.479651 -545.820536 -543.696472 -542.035857 -539.104162 -535.257149 -531.576106 -534.257512 -533.383656 -528.118508 -519.393134 -512.030581 -506.460208 -492.666977 -460.870188 -440.470843 -432.050051 -429.023481 -423.379443 -371.751901 -25.760835 10.854680 10.528397 10.017391 10.567499 11.634708 11.629105 11.518414 11.679574 11.809091 12.806397 12.665387 11.484707 11.197644 10.869244 -15.131813 -344.980194 -423.866285 -447.725913 -467.634781 -496.329494 -517.972097 -518.388863 -512.858019 -519.344026 -529.040909 -534.613527 -534.001184 -534.875549 -537.195988 -535.970339 -533.817340 -530.353626 -528.065496 -529.697970 -531.762108 -533.001863 -536.846661 -536.125341 -532.367345 -9999.0 -9999.0 -9999.0 -9999.0 -9999.0 -9999.0
-9999.0 -9999.0 -9999.0 -9999.0 -550.099876 -548.663908 -553.184450 -550.780065 -549.102863 -547.974567 -548.479506 -546.448834 -546.261921 -545.001708 -542.074126 -540.389038 -536.482389 -533.842773 -525.590779 -510.552669 -494.112420 -481.524665 -476.890485 -450.054452 -411.362938 -343.067043 -231.480040 -9.297473 11.037728 12.903185 13.529579 13.562912 14.100868 15.451983 18.727846 20.465182 19.788870 19.724583 19.810265 19.867391 20.806781 20.616732 20.655836 20.545649 20.626125 21.059749 20.250166 19.294497 19.002458 18.481936 16.065007 13.319433 12.287528 11.730561 10.881203 -44.768288 -411.736075 -429.873981 -458.123362 -479.631869 -507.175773 -512.413556 -519.090181 -522.980690 -528.900067 -527.369052 -525.276270 -528.273698 -532.068400 -535.688870 -535.702386 -537.233775 -539.438807 -534.321965 -532.944037 -527.790587 -9999.0 -9999.0 -9999.0 -9999.0
-9999.0 -9999.0 -549.951683 -550.243914 -546.566849 -549.265074 -550.902212 -553.169072 -552.593499 -549.321916 -543.464702 -541.951322 -538.566359 -537.064429 -528.779754 -510.756884 -483.949399 -466.546421 -441.123023 -390.796333 -43.965158 10.514648 11.064860 11.926808 13.444306 15.606766 16.992239 18.914868 19.758351 20.470055 36.616936 52.532761 54.061756 52.707814 48.452058 49.202980 46.009844 43.593955 27.211465 25.138138 32.019900 34.150748 37.470859 25.462835 22.892009 35.198421 37.608605 38.064305 40.840047 47.869519 58.767680 30.206951 19.398467 19.316148 19.416049 17.714206 13.810975 12.472992 12.077230 -6.747144 -349.358554 -420.600276 -451.883343 -478.552425 -496.832158 -504.647737 -515.934886 -522.730938 -529.041540 -535.225242 -536.785135 -537.582205 -536.330756 -537.310426 -534.657322 -532.906755 -529.956859 -528.985872 -9999.0 -9999.0
-9999.0 -550.797425 -552.574621 -546.211002 -546.006789 -545.346007 -544.692497 -543.964900 -542.569899 -545.465198 -530.349892 -503.536743 -475.351848 -468.010401 -446.845867 -361.534425 -24.511740 11.379420 12.515388 14.290521 17.926462 19.594389 20.215148 34.005220 55.081250 52.996935 47.444800 48.118429 38.982717 31.858086 22.106776 29.745735 28.253973 20.305910 19.785974 20.010077 20.069571 19.472401 18.836214 18.601458 18.812947 19.726870 19.273172 18.634242 18.494351 19.112872 19.665120 19.222965 18.661110 19.097615 20.046622 20.575508 26.431613 40.024899 59.970567 37.859785 20.359263 19.222337 18.983305 18.150766 14.923159 12.661721 -1.265473 -299.154577 -412.983574 -458.257681 -483.715576 -500.438433 -516.165692 -522.065653 -525.488837 -534.134262 -535.960607 -533.521353 -534.667544 -534.777568 -533.643196 -532.815585 -9999.0 -9999.0
-9999.0 -557.713138 -551.631590 -545.554037 -538.702752 -540.068797 -519.753592 -492.287499 -485.903231 -497.892397 -455.925642 -28.117360 12.453193 12.398812 14.424185 17.259902 20.886492 41.333655 55.346931 45.128979 40.068994 41.323049 36.845083 28.028624 20.391398 20.134640 20.396147 20.501668 19.942994 19.365026 18.850304 18.994268 18.459936 15.958856 14.180914 13.674359 13.511706 13.152017 12.296189 11.697217 11.311112 12.182928 11.799239 11.221803 11.040935 11.696086 12.760474 12.259545 12.290984 12.840555 14.237803 17.197047 17.980750 18.617446 19.381300 20.566303 28.471706 47.896600 53.344920 29.562294 19.946996 18.616047 18.002294 15.015175 12.170981 -41.600602 -383.139260 -427.429795 -461.195274 -482.547577 -498.067570 -512.606249 -524.715875 -526.479869 -532.733351 -532.937115 -9999.0 -9999.0 -9999.0 -9999.0
-9999.0 -558.185989 -552.397221 -540.637712 -513.987315 -485.754126 -335.796785 9.546289 12.713388 14.843681 16.095309 43.057563 50.764134 34.161618 20.414882 19.887020 20.215831 20.414863 19.940955 19.619038 19.523914 19.561405 19.625266 19.452853 19.268179 19.010804 18.809519 18.716553 17.457219 14.799752 13.317094 12.943231 10.637622 -268.457780 -392.363769 -416.752340 -446.464477 -448.912441 -455.345178 -468.985033 -475.587564 -479.835807 -473.605478 -476.357522 -477.301082 -472.579502 -463.075166 -457.897659 -439.831531 -420.371611 -380.018728 -36.908172 10.878698 12.383760 13.734411 16.295170 18.170019 18.903299 20.017318 30.148834 50.323065 42.840672 20.906091 19.784619 18.095482 16.457044 13.818331 11.520047 -30.971485 -349.101419 -414.105214 -454.021489 -484.399472 -508.787461 -516.665732 -9999.0 -9999.0 -9999.0 -9999.0 -9999.0
-9999.0 -567.949341 -552.267702 -542.972250 -498.581000 -91.340824 -2.788015 15.820993 32.702627 16.988724 17.238283 17.972895 19.237006 19.218239 18.408117 18.017324 15.979534 15.608380 16.186275 14.972110 13.986665 13.666772 13.848052 13.566170 12.957959 12.605730 12.411177 11.794619 -25.330948 -352.274644 -432.633730 -439.964047 -470.917221 -500.192354 -511.871568 -521.292951 -530.966998 -530.362659 -526.259641 -529.347994 -532.675579 -536.500031 -531.946195 -530.026292 -528.029574 -530.679175 -530.315920 -524.586450 -515.405086 -506.900862 -494.015932 -474.491722 -453.416451 -424.527638 -395.871936 -226.453731 8.729695 12.312013 14.959803 18.701225 19.418125 20.443442 43.197272 61.652881 23.972334 19.632708 18.808239 18.068790 16.147064 13.368666 11.733776 -37.301044 -392.906809 -9999.0 -9999.0 -9999.0 -9999.0 -9999.0 -9999.0 -9999.0
-9999.0 -572.982712 -555.971438 -554.515979 -537.371240 -504.794650 -453.130381 -387.926860 -85.740904 -148.022839 7.073378 10.820851 11.647474 12.346654 11.313145 -19.034438 -304.972502 -311.477849 -313.237740 -370.199918 -404.314631 -416.786930 -416.259070 -420.852028 -437.481655 -445.889348 -450.741189 -460.861877 -477.698877 -498.011834 -518.489261 -529.493396 -537.280699 -539.578863 -541.264149 -543.181601 -547.810049 -544.889176 -542.854509 -543.303776 -544.756149 -545.966204 -542.403057 -541.370543 -540.298379 -543.759769 -541.538969 -539.962097 -536.017605 -532.174463 -526.607183 -518.063679 -506.596847 -499.568694 -495.826681 -485.481660 -464.815890 -437.034341 -338.806529 1.589069 14.001865 17.145914 18.760896 19.596184 19.963616 30.251341 38.854568 20.988861 17.100627 17.503345 17.434961 -9999.0 -9999.0 -9999.0 -9999.0 -9999.0 -9999.0 -9999.0 -9999.0 -9999.0
-9999.0 -9999.0 -576.784260 -570.075717 -564.484493 -559.060709 -551.387814 -544.652129 -539.605625 -529.225726 -511.641067 -492.172649 -480.308603 -475.024612 -482.449056 -499.119941 -510.417733 -509.385918 -511.345074 -514.733836 -520.616242 -521.717464 -523.101929 -523.978406 -526.522151 -527.566029 -527.929886 -528.805732 -531.017727 -536.526514 -541.002997 -544.053269 -547.840711 -547.224095 -547.670540 -549.035212 -547.512388 -547.880261 -547.514615 -547.755577 -547.377100 -546.704022 -546.045491 -545.025543 -545.106141 -544.804294 -544.560013 -543.574789 -542.098207 -540.212985 -536.161117 -529.987133 -525.358776 -524.395107 -527.317221 -526.669073 -523.289122 -515.671310 -491.767888 -452.288729 -389.552343 -40.159433 12.169184 14.185352 15.253186 17.501894 18.863319 18.876828 12.617566 16.080853 -9999.0 -9999.0 -9999.0 -9999.0 -9999.0 -9999.0 -9999.0 -9999.0 -9999.0 -9999.0
-9999.0 -9999.0 -9999.0 -9999.0 -580.041818 -570.315795 -561.268501 -562.497101 -556.184244 -552.627016 -549.566662 -545.868014 -542.834551 -540.772396 -543.542699 -543.872102 -544.242701 -543.725564 -544.235947 -544.821371 -544.934359 -545.261464 -545.613692 -546.211914 -545.837697 -545.132892 -544.892164 -545.935855 -545.687850 -547.573477 -547.446076 -548.404269 -549.367474 -550.706203 -550.256381 -550.340086 -549.627997 -550.364916 -549.277049 -549.992527 -549.216415 -548.950193 -548.102802 -546.630078 -547.414693 -546.567721 -546.650984 -545.627514 -545.580195 -543.021835 -538.757445 -533.796291 -530.458351 -530.744479 -535.472234 -537.248223 -538.546842 -535.810081 -531.552530 -521.538405 -496.903572 -469.859053 -434.856238 -394.577494 -303.744652 -4.201899 15.486500 17.139448 -9999.0 -9999.0 -9999.0 -9999.0 -9999.0 -9999.0 -9999.0 -9999.0 -9999.0 -9999.0 -9999.0 -9999.0
-9999.0 -9999.0 -9999.0 -9999.0 -9999.0 -9999.0 -575.568877 -570.600495 -572.287661 -568.506287 -565.199839 -562.779689 -559.036715 -559.640756 -558.444328 -555.323400 -555.694887 -557.114396 -558.963327 -556.193458 -554.944184 -554.623673 -557.596322 -556.674874 -556.338677 -555.207029 -555.327426 -554.737585 -557.230719 -554.015375 -552.410840 -552.837082 -553.235586 -552.527085 -553.143180 -551.180229 -550.945509 -552.496618 -553.005421 -550.818381 -550.268391 -550.691577 -550.413347 -549.097713 -547.077616 -546.867681 -547.919920 -549.455489 -547.644894 -543.334420 -538.733088 -534.815317 -532.270411 -531.258416 -535.014395 -540.301868 -542.983059 -543.585726 -541.792630 -538.329596 -528.999346 -522.794790 -518.116790 -514.218996 -507.908517 -465.721273 -9999.0 -9999.0 -9999.0 -9999.0 -9999.0 -9999.0 -9999.0 -9999.0 -9999.0 -9999.0 -9999.0 -9999.0 -9999.0 -9999.0
-9999.0 -9999.0 -9999.0 -9999.0 -9999.0 -9999.0 -9999.0 -9999.0 -9999.0 -9999.0 -9999.0 -9999.0 -9999.0 -9999.0 -9999.0 -9999.0 -9999.0 -9999.0 -9999.0 -9999.0 -9999.0 -9999.0 -9999.0 -9999.0 -9999.0 -9999.0 -9999.0 -9999.0 -9999.0 -9999.0 -9999.0 -9999.0 -9999.0 -9999.0 -9999.0 -9999.0 -9999.0 -9999.0 -9999.0 -9999.0 -9999.0 -9999.0 -9999.0 -9999.0 -9999.0 -9999.0 -9999.0 -9999.0 -9999.0 -9999.0 -9999.0 -9999.0 -9999.0 -9999.0 -9999.0 -9999.0 -9999.0 -9999.0 -9999.0 -9999.0 -9999.0 -9999.0 -9999.0 -9999.0 -9999.0 -9999.0 -9999.0 -9999.0 -9999.0 -9999.0 -9999.0 -9999.0 -9999.0 -9999.0 -9999.0 -9999.0 -9999.0 -9999.0 -9999.0 -9999.0
-9999.0 -9999.0 -9999.0 -9999.0 -9999.0 -9999.0 -9999.0 -9999.0 -9999.0 -9999.0 -9999.0 -9999.0 -9999.0 -9999.0 -9999.0 -9999.0 -9999.0 -9999.0 -9999.0 -9999.0 -9999.0 -9999.0 -9999.0 -9999.0 -9999.0 -9999.0 -9999.0 -9999.0 -9999.0 -9999.0 -9999.0 -9999.0 -9999.0 -9999.0 -9999.0 -9999.0 -9999.0 -9999.0 -9999.0 -9999.0 -9999.0 -9999.0 -9999.0 -9999.0 -9999.0 -9999.0 -9999.0 -9999.0 -9999.0 -9999.0 -9999.0 -9999.0 -9999.0 -9999.0 -9999.0 -9999.0 -9999.0 -9999.0 -9999.0 -9999.0 -9999.0 -9999.0 -9999.0 -9999.0 -9999.0 -9999.0 -9999.0 -9999.0 -9999.0 -9999.0 -9999.0 -9999.0 -9999.0 -9999.0 -9999.0 -9999.0 -9999.0 -9999.0 -9999.0 -9999.0