Borden_/Borden1m_014/output_maps/psiliqL0006N0006.asc
ncols         80
nrows         18
xllcorner     620200.000000
yllcorner     5168000.000000
cellsize      1.000000
NODATA_value  -9999.0
-9999.0 -9999.0 -9999.0 -9999.0 -9999.0 -9999.0 -9999.0 -9999.0 -9999.0 -9999.0 -9999.0 -9999.0 -9999.0 -9999.0 -9999.0 -9999.0 -9999.0 -9999.0 -9999.0 -9999.0 -9999.0 -9999.0 -9999.0 -9999.0 -9999.0 -9999.0 -9999.0 -9999.0 -9999.0 -9999.0 -9999.0 -9999.0 -9999.0 -9999.0 -9999.0 -9999.0 -9999.0 -9999.0 -9999.0 -9999.0 -9999.0 -9999.0 -9999.0 -9999.0 -9999.0 -9999.0 -9999.0 -9999.0 -9999.0 -9999.0 -9999.0 -9999.0 -9999.0 -9999.0 -9999.0 -9999.0 -9999.0 -9999.0 -9999.0 -9999.0 -9999.0 -9999.0 -9999.0 -9999.0 -9999.0 -9999.0 -9999.0 -9999.0 -9999.0 -9999.0 -9999.0 -9999.0 -9999.0 -9999.0 -9999.0 -9999.0 -9999.0 -9999.0 -9999.0 -9999.0
-9999.0 -9999.0 -9999.0 -9999.0 -9999.0 -9999.0 -9999.0 -9999.0 -9999.0 -9999.0 -9999.0 -9999.0 -9999.0 -9999.0 -9999.0 -9999.0 -9999.0 -9999.0 -9999.0 -9999.0 -9999.0 -9999.0 -9999.0 -9999.0 -9999.0 -9999.0 -9999.0 -9999.0 -9999.0 -9999.0 -9999.0 -9999.0 -9999.0 -9999.0 -9999.0 -9999.0 -9999.0 -9999.0 -9999.0 -9999.0 -9999.0 -9999.0 -9999.0 -9999.0 -9999.0 -9999.0 -9999.0 -9999.0 -9999.0 -9999.0 -9999.0 -9999.0 -9999.0 -9999.0 -9999.0 -9999.0 -9999.0 -9999.0 -9999.0 -9999.0 -9999.0 -9999.0 -9999.0 -9999.0 -9999.0 -9999.0 -9999.0 -9999.0 -9999.0 -9999.0 -9999.0 -9999.0 -9999.0 -9999.0 -9999.0 -9999.0 -9999.0 -9999.0 -9999.0 -9999.0
-9999.0 -9999.0 -9999.0 -9999.0 -9999.0 -9999.0 -9999.0 -9999.0 -9999.0 -9999.0 -9999.0 -9999.0 -9999.0 -9999.0 -9999.0 -9999.0 -9999.0 -9999.0 -9999.0 -9999.0 -649.009925 -645.956716 -668.960317 -703.057925 -731.648944 -730.302270 -696.092621 -656.113456 -619.547527 -609.469242 -627.674062 -626.935446 -632.525511 -632.739085 -629.922521 -624.497776 -622.427983 -611.134186 -602.924090 -603.249075 -609.412419 -615.265949 -617.091144 -613.568372 -608.753963 -616.740668 -603.499090 -588.252799 -581.458582 -586.060075 -612.449561 -627.631187 -634.907720 -648.368951 -623.618229 -610.434926 -587.064770 -582.200809 -582.720201 -609.076918 -638.600365 -9999.0 -9999.0 -9999.0 -9999.0 -9999.0 -9999.0 -9999.0 -9999.0 -9999.0 -9999.0 -9999.0 -9999.0 -9999.0 -9999.0 -9999.0 -9999.0 -9999.0 -9999.0 -9999.0
-9999.0 -9999.0 -9999.0 -9999.0 -9999.0 -9999.0 -9999.0 -9999.0 -9999.0 -9999.0 -9999.0 -9999.0 -9999.0 -9999.0 -737.359146 -747.952006 -751.471773 -743.468047 -710.432950 -681.295080 -668.886064 -676.874404 -677.438333 -701.272933 -721.641216 -708.290130 -680.211173 -650.182654 -617.538598 -597.952123 -611.228722 -614.486101 -604.429753 -577.327169 -563.123819 -566.179993 -587.542322 -565.747660 -550.065837 -540.829863 -542.060801 -550.730838 -536.271564 -520.336023 -526.883880 -543.989622 -540.930613 -529.487561 -514.517657 -528.691468 -591.614296 -611.799568 -613.568876 -619.015308 -630.969308 -636.788574 -611.792088 -609.889982 -617.269560 -634.235138 -665.372864 -708.557522 -725.573306 -687.047871 -642.249167 -583.959730 -9999.0 -9999.0 -9999.0 -9999.0 -9999.0 -9999.0 -9999.0 -9999.0 -9999.0 -9999.0 -9999.0 -9999.0 -9999.0 -9999.0
-9999.0 -9999.0 -9999.0 -9999.0 -9999.0 -9999.0 -9999.0 -9999.0 -9999.0 -792.549162 -789.572319 -783.006248 -781.894736 -766.876822 -768.837117 -762.558979 -755.021075 -730.170112 -700.207129 -666.268042 -638.353202 -649.214893 -649.704542 -637.954420 -631.131519 -619.188069 -600.072817 -561.671357 -521.536306 -481.752792 -510.225179 -512.762901 -494.539327 -445.744273 -407.366350 -397.456097 -416.599208 -414.653033 -389.637994 -362.783626 -363.239351 -365.073396 -340.334996 -326.306444 -317.879059 -336.816980 -357.458861 -361.785288 -337.036136 -387.228758 -449.111285 -502.044802 -500.097646 -529.630981 -569.488925 -591.138427 -593.331471 -570.215405 -584.215963 -620.151737 -655.336338 -663.398936 -678.811555 -662.226472 -638.913580 -591.322994 -552.535306 -523.289013 -522.060933 -538.689191 -9999.0 -9999.0 -9999.0 -9999.0 -9999.0 -9999.0 -9999.0 -9999.0 -9999.0 -9999.0
-9999.0 -9999.0 -9999.0 -9999.0 -9999.0 -9999.0 -870.034758 -861.882108 -842.915501 -837.551289 -814.285976 -807.310781 -787.602443 -769.056579 -749.831326 -733.687682 -703.780211 -672.839994 -632.880023 -590.412195 -559.728415 -564.817196 -556.141947 -523.435404 -481.050841 -449.331054 -427.269275 -391.178799 -312.988111 -265.946482 -250.639542 -244.891513 -233.780648 -169.494645 -14.889299 119.948487 -23.173002 -80.527118 -8.959510 181.503480 203.621109 205.385681 208.229434 210.499819 222.362177 220.160952 204.408366 196.315382 165.544730 -2.100602 -145.695212 -235.375571 -280.069967 -329.405212 -409.413180 -467.821384 -469.146241 -452.978377 -481.722293 -532.174178 -572.679703 -581.754767 -594.767336 -607.873269 -601.673475 -581.304956 -556.730294 -544.234877 -555.311884 -574.622429 -596.863200 -624.808120 -622.619761 -596.777270 -9999.0 -9999.0 -9999.0 -9999.0 -9999.0 -9999.0
-9999.0 -9999.0 -9999.0 -9999.0 -919.068220 -907.253102 -918.970048 -896.513230 -865.540710 -833.562326 -802.033184 -765.755829 -740.025147 -711.862356 -671.485437 -634.440271 -592.984977 -560.854569 -508.739272 -442.349771 -391.988435 -365.589390 -350.968089 -287.071689 -216.279301 -140.654490 -100.499110 -8.697346 172.794554 220.983205 231.692084 232.658456 238.898799 252.526295 277.738444 300.862011 283.523208 278.179284 286.728575 305.364261 319.530927 319.610315 319.918713 319.552167 319.760875 321.275940 314.655728 301.607322 292.783132 275.500193 258.395680 228.960487 215.700034 205.160995 166.074189 -82.559882 -214.458618 -243.337312 -302.010581 -358.438427 -424.335053 -447.999371 -477.419234 -500.609863 -528.902429 -526.458670 -521.804013 -539.409342 -567.672396 -597.936891 -611.640100 -629.212650 -638.310359 -607.952540 -589.742095 -558.200512 -9999.0 -9999.0 -9999.0 -9999.0
-9999.0 -9999.0 -976.059614 -926.130211 -871.342320 -863.458618 -861.356621 -857.433925 -832.040222 -783.320251 -706.124089 -655.274913 -612.226480 -584.764799 -528.287326 -447.284698 -375.312992 -327.332448 -267.728776 -188.420900 -73.752053 155.003036 195.941405 211.002551 230.443534 254.212679 264.573763 280.814625 304.289589 316.731295 328.721532 341.724643 345.610656 341.296116 340.381382 339.376778 337.720025 336.064014 325.047100 327.193769 334.356859 336.108525 339.422571 327.600880 323.838958 333.661032 336.512652 338.640383 340.375286 345.722873 352.808666 326.802938 305.606011 303.004197 298.707317 264.139772 234.390729 218.820055 211.914163 160.860113 -139.554110 -226.938352 -288.768395 -341.231448 -390.298862 -418.943156 -460.944082 -497.384591 -538.747895 -580.911914 -602.271568 -619.199631 -620.120035 -618.285290 -601.515364 -585.174226 -569.262948 -561.189575 -9999.0 -9999.0
-9999.0 -1072.989588 -1000.615893 -873.331031 -795.940801 -752.347104 -711.840307 -683.444795 -662.040541 -651.460148 -548.164399 -445.093954 -357.705298 -331.120829 -278.991734 -156.217629 143.455050 203.275965 218.643822 239.090857 266.612462 300.679460 313.463822 326.465871 348.282539 344.482741 341.401823 341.271373 334.882202 327.623395 320.830296 324.813136 323.698479 315.577042 310.285120 311.280796 311.771530 305.313825 297.904515 295.484875 298.116646 307.545834 302.319444 292.945146 289.245475 299.194591 306.297735 302.639837 296.367956 301.347900 312.392283 317.976943 327.610286 340.118033 357.556935 334.185868 316.960137 303.924444 299.753430 287.165751 248.232873 219.128077 162.586340 -107.440269 -214.218166 -295.311305 -350.934040 -401.360294 -458.852971 -492.737370 -520.163392 -569.426951 -590.968003 -587.732310 -595.906434 -597.492357 -590.128038 -583.376809 -9999.0 -9999.0
-9999.0 -1141.266231 -997.900568 -812.619061 -668.676818 -610.208457 -496.018948 -415.237145 -391.167776 -414.726739 -309.222208 135.953662 215.759419 218.088647 244.291413 278.450865 308.990021 331.407381 345.288316 338.522186 333.799051 337.762180 333.391642 325.254641 318.831994 316.856159 317.906804 318.182447 311.717943 305.324901 299.657525 299.613380 291.011364 257.495040 240.019759 234.265888 231.946455 227.062565 216.075929 208.024168 203.207952 212.676584 206.944991 195.636466 182.115202 203.311486 219.780061 215.402820 216.082953 222.654708 237.404756 255.653165 279.595299 293.452433 304.882400 318.853760 327.887589 347.992114 352.866072 330.350130 313.064433 295.697761 283.871025 243.306822 190.951960 -63.251607 -173.986805 -240.400260 -308.890837 -351.736182 -396.340010 -450.003485 -503.969416 -528.050761 -565.304609 -585.601401 -9999.0 -9999.0 -9999.0 -9999.0
-9999.0 -1202.104251 -1009.845111 -743.375282 -496.156524 -376.799972 -149.450824 169.940002 215.403985 243.074616 255.869507 327.105012 340.327784 326.853991 313.097102 308.380946 312.607077 313.390559 311.243333 308.662743 307.511526 308.023783 308.616008 307.063192 304.812157 301.134659 297.429730 292.077328 263.162421 244.023940 229.201346 223.272490 189.476184 -100.124604 -185.849385 -223.906028 -277.803395 -284.872383 -298.860584 -331.309677 -349.911388 -362.115641 -346.181681 -350.572421 -351.582905 -340.740702 -317.199389 -301.205291 -261.004609 -223.998422 -169.289473 -74.778431 157.540874 211.826277 232.434685 257.933151 285.412907 298.902727 313.912277 329.526011 349.136402 342.920244 323.159105 309.251030 283.786990 247.434210 228.798780 187.251479 -0.484972 -148.173467 -223.093112 -295.401316 -359.733662 -440.163594 -478.258171 -9999.0 -9999.0 -9999.0 -9999.0 -9999.0
-9999.0 -1347.476398 -1079.840818 -782.090630 -453.593276 -88.980573 121.139461 244.690901 283.415616 252.337019 251.514526 277.783336 298.416098 299.370199 287.056400 268.120845 255.731557 253.657358 260.492857 249.163731 238.396323 234.876237 236.726701 233.391783 225.744225 220.559773 215.574376 192.268893 -22.855532 -146.473393 -246.822428 -268.322384 -341.518549 -409.465449 -452.428710 -496.200099 -544.419078 -545.602800 -530.569008 -546.620243 -567.616735 -585.719964 -561.644806 -547.713180 -537.861529 -547.289642 -539.614960 -507.881663 -463.506904 -425.817247 -381.628620 -332.716677 -289.713018 -232.235476 -187.065974 -89.706919 161.451751 214.054127 248.114737 293.643288 305.606892 317.278495 340.189018 357.994584 324.825002 307.645971 296.189703 281.793398 244.891438 219.400834 181.072538 -63.016383 -201.833271 -9999.0 -9999.0 -9999.0 -9999.0 -9999.0 -9999.0 -9999.0
-9999.0 -1484.170177 -1247.232074 -992.772309 -692.054017 -470.644305 -320.955608 -208.399623 -97.720522 -103.877037 -61.284106 154.716898 200.684857 210.847633 178.396856 -30.849367 -120.726830 -120.084537 -121.756226 -164.642510 -205.208555 -223.455485 -223.514066 -231.290123 -259.946846 -277.193356 -289.102438 -313.850954 -352.926999 -403.517214 -480.155891 -541.107022 -598.346117 -632.319642 -661.036432 -692.881166 -731.430677 -720.595657 -705.490598 -710.320369 -723.109611 -728.161631 -699.054348 -681.480612 -671.883130 -685.758510 -668.373465 -642.627549 -602.795480 -564.288938 -520.871904 -472.300833 -425.433914 -399.326160 -386.109810 -359.084415 -317.476112 -255.072534 -130.313152 171.088882 233.499625 258.471644 292.638916 306.992761 313.292978 334.097624 334.766017 302.136708 267.094578 273.748686 271.406941 -9999.0 -9999.0 -9999.0 -9999.0 -9999.0 -9999.0 -9999.0 -9999.0 -9999.0
-9999.0 -9999.0 -1485.292646 -1289.601730 -1121.618833 -936.458876 -792.935019 -696.370056 -634.148035 -558.138580 -478.901734 -412.512986 -374.824360 -359.241760 -379.636032 -421.895580 -447.963139 -447.278468 -455.232328 -468.930243 -492.506781 -500.765359 -508.480729 -515.008251 -527.884005 -534.771751 -539.189415 -548.800551 -569.603451 -613.875249 -665.592477 -716.089085 -769.312706 -793.363593 -814.756616 -837.358361 -841.467989 -842.401568 -835.205559 -834.170008 -829.512061 -818.339978 -797.711081 -777.047477 -768.094040 -762.002542 -749.907177 -727.051406 -694.986277 -655.992862 -606.324186 -554.076358 -519.461653 -510.261556 -521.397108 -517.391851 -498.130230 -458.479707 -378.278686 -289.654852 -183.900937 -46.330932 196.839224 236.889142 249.738544 278.639159 297.553398 282.674321 180.331235 252.107476 -9999.0 -9999.0 -9999.0 -9999.0 -9999.0 -9999.0 -9999.0 -9999.0 -9999.0 -9999.0
-9999.0 -9999.0 -9999.0 -9999.0 -1432.371981 -1274.130410 -1181.980017 -1101.193783 -986.133027 -885.281034 -799.775315 -729.867994 -683.157962 -662.065222 -675.414765 -684.018049 -692.908201 -695.421358 -703.107416 -709.532578 -715.939791 -723.201971 -732.844151 -739.979355 -740.932337 -737.757801 -739.303760 -751.504766 -765.943163 -793.762986 -818.255192 -853.015712 -889.806048 -918.477437 -931.197460 -938.420327 -937.958673 -942.898636 -933.167409 -927.296569 -912.745957 -897.424693 -873.588926 -845.872136 -833.972486 -820.240961 -810.793371 -790.283093 -761.197982 -709.974257 -649.815851 -596.573208 -565.640811 -564.389863 -592.635468 -610.428022 -615.741982 -591.050943 -548.277870 -485.353072 -392.586010 -324.967669 -252.788811 -186.903410 -109.975519 161.703945 252.503653 274.939646 -9999.0 -9999.0 -9999.0 -9999.0 -9999.0 -9999.0 -9999.0 -9999.0 -9999.0 -9999.0 -9999.0 -9999.0
-9999.0 -9999.0 -9999.0 -9999.0 -9999.0 -9999.0 -1492.475604 -1399.654752 -1309.804156 -1195.066872 -1090.014655 -1003.704629 -933.810141 -912.123659 -898.175785 -877.787566 -883.111636 -899.064138 -914.239466 -898.683277 -890.630147 -894.852582 -920.677387 -922.325505 -919.302170 -909.715662 -910.469298 -916.191870 -940.337155 -933.409809 -935.477519 -958.019935 -983.674093 -998.043344 -1009.357152 -999.340392 -998.309289 -1010.338184 -1007.299733 -981.755299 -962.470298 -949.062791 -926.520707 -893.756996 -862.273723 -848.595719 -847.967626 -841.992257 -800.631909 -731.653713 -663.555885 -612.692073 -584.410151 -579.104957 -609.481794 -652.275059 -676.147231 -672.473279 -642.046465 -594.039779 -524.600600 -482.295561 -455.544444 -435.819189 -409.933188 -313.359596 -9999.0 -9999.0 -9999.0 -9999.0 -9999.0 -9999.0 -9999.0 -9999.0 -9999.0 -9999.0 -9999.0 -9999.0 -9999.0 -9999.0
-9999.0 -9999.0 -9999.0 -9999.0 -9999.0 -9999.0 -9999.0 -9999.0 -9999.0 -9999.0 -9999.0 -9999.0 -9999.0 -9999.0 -9999.0 -9999.0 -9999.0 -9999.0 -9999.0 -9999.0 -9999.0 -9999.0 -9999.0 -9999.0 -9999.0 -9999.0 -9999.0 -9999.0 -9999.0 -9999.0 -9999.0 -9999.0 -9999.0 -9999.0 -9999.0 -9999.0 -9999.0 -9999.0 -9999.0 -9999.0 -9999.0 -9999.0 -9999.0 -9999.0 -9999.0 -9999.0 -9999.0 -9999.0 -9999.0 -9999.0 -9999.0 -9999.0 -9999.0 -9999.0 -9999.0 -9999.0 -9999.0 -9999.0 -9999.0 -9999.0 -9999.0 -9999.0 -9999.0 -9999.0 -9999.0 -9999.0 -9999.0 -9999.0 -9999.0 -9999.0 -9999.0 -9999.0 -9999.0 -9999.0 -9999.0 -9999.0 -9999.0 -9999.0 -9999.0 -9999.0
-9999.0 -9999.0 -9999.0 -9999.0 -9999.0 -9999.0 -9999.0 -9999.0 -9999.0 -9999.0 -9999.0 -9999.0 -9999.0 -9999.0 -9999.0 -9999.0 -9999.0 -9999.0 -9999.0 -9999.0 -9999.0 -9999.0 -9999.0 -9999.0 -9999.0 -9999.0 -9999.0 -9999.0 -9999.0 -9999.0 -9999.0 -9999.0 -9999.0 -9999.0 -9999.0 -9999.0 -9999.0 -9999.0 -9999.0 -9999.0 -9999.0 -9999.0 -9999.0 -9999.0 -9999.0 -9999.0 -9999.0 -9999.0 -9999.0 -9999.0 -9999.0 -9999.0 -9999.0 -9999.0 -9999.0 -9999.0 -9999.0 -9999.0 -9999.0 -9999.0 -9999.0 -9999.0 -9999.0 -9999.0 -9999.0 -9999.0 -9999.0 -9999.0 -9999.0 -9999.0 -9999.0 -9999.0 -9999.0 -9999.0 -9999.0 -9999.0 -9999.0 -9999.0 -9999.0 -9999.0