Borden_/Borden1m_014/output_maps/psiliqL0024N0013.asc
ncols         80
nrows         18
xllcorner     620200.000000
yllcorner     5168000.000000
cellsize      1.000000
NODATA_value  -9999.0
-9999.0 -9999.0 -9999.0 -9999.0 -9999.0 -9999.0 -9999.0 -9999.0 -9999.0 -9999.0 -9999.0 -9999.0 -9999.0 -9999.0 -9999.0 -9999.0 -9999.0 -9999.0 -9999.0 -9999.0 -9999.0 -9999.0 -9999.0 -9999.0 -9999.0 -9999.0 -9999.0 -9999.0 -9999.0 -9999.0 -9999.0 -9999.0 -9999.0 -9999.0 -9999.0 -9999.0 -9999.0 -9999.0 -9999.0 -9999.0 -9999.0 -9999.0 -9999.0 -9999.0 -9999.0 -9999.0 -9999.0 -9999.0 -9999.0 -9999.0 -9999.0 -9999.0 -9999.0 -9999.0 -9999.0 -9999.0 -9999.0 -9999.0 -9999.0 -9999.0 -9999.0 -9999.0 -9999.0 -9999.0 -9999.0 -9999.0 -9999.0 -9999.0 -9999.0 -9999.0 -9999.0 -9999.0 -9999.0 -9999.0 -9999.0 -9999.0 -9999.0 -9999.0 -9999.0 -9999.0
-9999.0 -9999.0 -9999.0 -9999.0 -9999.0 -9999.0 -9999.0 -9999.0 -9999.0 -9999.0 -9999.0 -9999.0 -9999.0 -9999.0 -9999.0 -9999.0 -9999.0 -9999.0 -9999.0 -9999.0 -9999.0 -9999.0 -9999.0 -9999.0 -9999.0 -9999.0 -9999.0 -9999.0 -9999.0 -9999.0 -9999.0 -9999.0 -9999.0 -9999.0 -9999.0 -9999.0 -9999.0 -9999.0 -9999.0 -9999.0 -9999.0 -9999.0 -9999.0 -9999.0 -9999.0 -9999.0 -9999.0 -9999.0 -9999.0 -9999.0 -9999.0 -9999.0 -9999.0 -9999.0 -9999.0 -9999.0 -9999.0 -9999.0 -9999.0 -9999.0 -9999.0 -9999.0 -9999.0 -9999.0 -9999.0 -9999.0 -9999.0 -9999.0 -9999.0 -9999.0 -9999.0 -9999.0 -9999.0 -9999.0 -9999.0 -9999.0 -9999.0 -9999.0 -9999.0 -9999.0
-9999.0 -9999.0 -9999.0 -9999.0 -9999.0 -9999.0 -9999.0 -9999.0 -9999.0 -9999.0 -9999.0 -9999.0 -9999.0 -9999.0 -9999.0 -9999.0 -9999.0 -9999.0 -9999.0 -9999.0 2927.840875 2929.046318 2907.285948 2873.223286 2844.986625 2846.789070 2879.817140 2920.300591 2958.790043 2966.368430 2947.340130 2950.836958 2946.311535 2942.195535 2942.724341 2950.328442 2956.692149 2966.471451 2973.534689 2971.417175 2964.177629 2959.073624 2961.195253 2962.956844 2969.071440 2955.239199 2970.928004 2980.466126 2985.449943 2982.721815 2964.521321 2952.140402 2944.099666 2928.651506 2954.971300 2966.747326 2986.685535 2991.563137 2989.987307 2966.165200 2936.243733 -9999.0 -9999.0 -9999.0 -9999.0 -9999.0 -9999.0 -9999.0 -9999.0 -9999.0 -9999.0 -9999.0 -9999.0 -9999.0 -9999.0 -9999.0 -9999.0 -9999.0 -9999.0 -9999.0
-9999.0 -9999.0 -9999.0 -9999.0 -9999.0 -9999.0 -9999.0 -9999.0 -9999.0 -9999.0 -9999.0 -9999.0 -9999.0 -9999.0 2837.737310 2828.781155 2825.792546 2833.077212 2865.507251 2895.557629 2907.202314 2899.635608 2899.337303 2874.626030 2851.953655 2864.544389 2893.663213 2923.734050 2956.760433 2974.092888 2962.764246 2960.044658 2967.214947 2981.186931 2989.413171 2985.664004 2974.819819 2991.431284 3004.616002 3009.237769 3007.143792 2997.287397 3006.404255 3020.466552 3013.439859 2998.129523 3008.495241 3023.270843 3034.571002 3026.186037 2974.645882 2961.838326 2958.807283 2954.745480 2941.937180 2938.130743 2966.279236 2966.049958 2958.937236 2941.983813 2909.094230 2864.246111 2845.705561 2886.304038 2930.254646 2984.952956 -9999.0 -9999.0 -9999.0 -9999.0 -9999.0 -9999.0 -9999.0 -9999.0 -9999.0 -9999.0 -9999.0 -9999.0 -9999.0 -9999.0
-9999.0 -9999.0 -9999.0 -9999.0 -9999.0 -9999.0 -9999.0 -9999.0 -9999.0 2798.829202 2786.232474 2792.993184 2795.131882 2810.103966 2806.805366 2813.487078 2817.644066 2844.452296 2873.736859 2907.032354 2933.751116 2924.331971 2922.779264 2927.164249 2922.546620 2930.598775 2950.687021 2981.037864 3012.431965 3047.518713 3014.098976 3009.074616 3026.276389 3067.716177 3091.577616 3093.852223 3075.185700 3090.483991 3113.764017 3129.813133 3126.292907 3120.478796 3145.908451 3160.728262 3155.633817 3134.640670 3132.288312 3139.185856 3168.184430 3118.231107 3053.408992 3014.487655 3029.682424 3008.429560 2981.934540 2976.569750 2977.146774 2992.835895 2981.465522 2952.170638 2919.121022 2907.949963 2891.475439 2912.326214 2935.852002 2980.295798 3020.464044 3050.570809 3050.513197 3033.559759 -9999.0 -9999.0 -9999.0 -9999.0 -9999.0 -9999.0 -9999.0 -9999.0 -9999.0 -9999.0
-9999.0 -9999.0 -9999.0 -9999.0 -9999.0 -9999.0 2718.477750 2730.205190 2752.595805 2756.720354 2784.947212 2791.946703 2785.386102 2802.349105 2823.567067 2836.363614 2861.462713 2891.110536 2926.949987 2964.625241 2986.755121 2981.099670 2980.199186 3000.030434 3027.365017 3046.691072 3068.642634 3105.490399 3176.254352 3212.161682 3206.022466 3206.892854 3214.989979 3264.692519 3328.243146 3339.537343 3319.001146 3305.714441 3328.572957 3365.357491 3364.080765 3362.930890 3375.322895 3385.816669 3412.499610 3402.148837 3366.393796 3360.231774 3365.998704 3344.642059 3277.592080 3220.513236 3200.822507 3155.712271 3074.041019 3030.791699 3052.942901 3080.292339 3058.657720 3009.844434 2983.011528 2977.384486 2966.270523 2959.000524 2971.130443 2991.042304 3015.576911 3029.791897 3018.425776 2998.113447 2977.924034 2949.850112 2952.482155 2977.551782 -9999.0 -9999.0 -9999.0 -9999.0 -9999.0 -9999.0
-9999.0 -9999.0 -9999.0 -9999.0 2666.805845 2681.400250 2668.980637 2697.377662 2732.053939 2768.246860 2798.170435 2800.307073 2823.131852 2849.566175 2882.756562 2905.655678 2938.170219 2967.638909 3008.359408 3069.071902 3112.986453 3126.705180 3134.919652 3185.001580 3240.836586 3287.802326 3306.141147 3331.444772 3375.804260 3431.752171 3454.078851 3457.112225 3473.952151 3515.906242 3570.690231 3605.358879 3587.952507 3579.179702 3588.619494 3602.354166 3624.479228 3624.568493 3625.668098 3629.495428 3636.728568 3635.249763 3609.311247 3576.199955 3563.380697 3553.594278 3517.107769 3446.075347 3415.348501 3387.235703 3346.942390 3293.945240 3245.154385 3244.910287 3191.299047 3138.010871 3087.789029 3079.120332 3058.671636 3042.687775 3024.941766 3036.835025 3048.586702 3033.745474 3004.373010 2977.219542 2964.182352 2946.608069 2935.503868 2966.604179 2983.924946 3013.708394 -9999.0 -9999.0 -9999.0 -9999.0
-9999.0 -9999.0 2604.012313 2651.548963 2711.173896 2720.680302 2718.619127 2725.584805 2756.095214 2809.527307 2836.301004 2873.703596 2903.365808 2933.048978 2977.329759 3039.883830 3099.600670 3141.308804 3197.410668 3265.503197 3323.948272 3350.738226 3359.767339 3394.696451 3448.422714 3515.854005 3543.260918 3569.222151 3600.247491 3635.761812 3630.260029 3641.347995 3653.195856 3664.576790 3678.265755 3684.710375 3680.078784 3675.529164 3657.107593 3652.156398 3658.686231 3666.257120 3665.593858 3651.102413 3647.143651 3661.949885 3667.871999 3665.999185 3663.545841 3668.731488 3665.350013 3618.451500 3598.284821 3583.471903 3572.484759 3527.004402 3461.229730 3428.407613 3407.762962 3367.778545 3295.137418 3256.976186 3217.542993 3182.611008 3145.312626 3131.288048 3098.511937 3066.403785 3027.828459 2987.303930 2970.376925 2955.725083 2955.209109 2955.847167 2973.482448 2988.687007 3004.715294 3012.824997 -9999.0 -9999.0
-9999.0 2494.199749 2566.339771 2691.069049 2772.460924 2791.950822 2802.893805 2807.860614 2832.442237 2862.701091 2950.130141 2997.367213 3079.168189 3114.677242 3155.005787 3243.606070 3335.944967 3378.130853 3415.800850 3477.433127 3541.520283 3587.830020 3613.759271 3596.991726 3635.208797 3662.109251 3669.299373 3675.632638 3674.957335 3666.513853 3659.740336 3666.514511 3663.685813 3644.778111 3628.962089 3627.310272 3623.969167 3600.892309 3573.557445 3558.372969 3560.040879 3584.700149 3571.795267 3550.539288 3546.171150 3567.646737 3588.554183 3578.025226 3564.968090 3581.456084 3615.696672 3639.824077 3642.176765 3660.368727 3681.403809 3652.902316 3630.658542 3587.580775 3570.939162 3545.749150 3489.702458 3435.052012 3387.431366 3339.099595 3286.783400 3237.425410 3189.996210 3143.367775 3090.151621 3057.546961 3033.245561 2990.242870 2978.749558 2983.504249 2979.303520 2977.765427 2984.020730 2990.673146 -9999.0 -9999.0
-9999.0 2400.411714 2540.841286 2722.275313 2849.657265 2891.227595 2957.022872 3009.443102 3022.932425 2977.374810 3069.367666 3282.694273 3398.962736 3414.857415 3488.287246 3580.668942 3567.920859 3598.456165 3620.836966 3643.721508 3662.175475 3675.463021 3673.474986 3668.013435 3651.727339 3643.769389 3642.943789 3640.905663 3623.744400 3605.001869 3588.359698 3585.435562 3567.930585 3519.819910 3487.121655 3470.233412 3452.389924 3438.646885 3411.090555 3385.456346 3369.648074 3380.971691 3378.408930 3364.471031 3360.038267 3378.460926 3409.238425 3406.554866 3417.195602 3436.547660 3471.857143 3509.298218 3528.357926 3557.083834 3592.356786 3639.258562 3648.824378 3671.036686 3674.235516 3662.618990 3616.939603 3566.096527 3537.026686 3482.313600 3422.931057 3361.443285 3313.127133 3268.765331 3214.135519 3180.003747 3140.988120 3087.757694 3044.208636 3035.381925 3001.910823 2988.397078 -9999.0 -9999.0 -9999.0 -9999.0
-9999.0 2301.810408 2483.422730 2727.900202 2998.721554 3072.905520 3270.466754 3382.914454 3421.661557 3487.084918 3381.705499 3576.143463 3625.059752 3619.058294 3631.178102 3633.775721 3647.616885 3647.196834 3642.138069 3631.283404 3621.917414 3617.517199 3616.387277 3608.517010 3595.991473 3581.487718 3569.729795 3558.560868 3522.488802 3491.044811 3453.032462 3440.909298 3398.115113 3307.508771 3269.000210 3231.710666 3172.595554 3174.515896 3180.481669 3157.158128 3138.041913 3111.400951 3139.707514 3149.299324 3153.034404 3149.514062 3159.858512 3186.358342 3232.666393 3266.295851 3304.853296 3352.112251 3381.907473 3420.629688 3460.441465 3512.246170 3542.810126 3571.367537 3619.315934 3656.092272 3678.610637 3665.156551 3645.734895 3602.151821 3542.445286 3493.466273 3465.083568 3415.423182 3372.333012 3328.888242 3282.732053 3230.278985 3169.421673 3114.535805 3080.483325 -9999.0 -9999.0 -9999.0 -9999.0 -9999.0
-9999.0 2085.524526 2350.700329 2622.535132 2883.306707 3216.641184 3377.630387 3473.323018 3535.011264 3513.580543 3532.817060 3540.189754 3576.771196 3583.380114 3561.874077 3548.591526 3531.762835 3530.674636 3543.667688 3516.723700 3486.992882 3473.936632 3474.777660 3464.076076 3440.598454 3425.725789 3416.422206 3398.393336 3355.685833 3306.518311 3224.180751 3191.725902 3115.666761 3075.685581 3039.284971 2993.209116 2955.559687 2960.660105 2978.262775 2975.290616 2954.809000 2937.875166 2966.809174 2980.590441 2993.443077 2977.807786 2984.427556 3018.293237 3064.167025 3103.859118 3147.172858 3193.970803 3234.907793 3273.995234 3295.473114 3335.271044 3376.774167 3417.796499 3487.046498 3563.937059 3598.878560 3632.858940 3662.424392 3684.005552 3641.576903 3614.703073 3591.480629 3568.638345 3523.134968 3478.176254 3437.677000 3374.184191 3314.722563 -9999.0 -9999.0 -9999.0 -9999.0 -9999.0 -9999.0 -9999.0
-9999.0 1971.144161 2168.931467 2367.620621 2626.649781 2829.878767 3040.451888 3130.577683 3199.406908 3263.365854 3313.172633 3349.262499 3374.946853 3396.037143 3373.328705 3328.512536 3296.932863 3301.731927 3293.675967 3272.489861 3244.950319 3232.110934 3229.851484 3225.118897 3203.937146 3193.615659 3186.910782 3169.692795 3144.196530 3092.493920 3021.554974 2956.845131 2903.382722 2882.866804 2859.963669 2832.983140 2805.824126 2819.136807 2832.015410 2832.071039 2825.347059 2825.315164 2854.352112 2873.766964 2883.236862 2872.154909 2890.227259 2913.465727 2950.492395 2984.447084 3028.465962 3077.826522 3125.523724 3145.679635 3148.354820 3160.673691 3187.892219 3230.967716 3306.791217 3391.886571 3467.549102 3512.149305 3562.244274 3601.473116 3628.747496 3655.127139 3676.332121 3668.484603 3643.302453 3610.434045 3552.779428 -9999.0 -9999.0 -9999.0 -9999.0 -9999.0 -9999.0 -9999.0 -9999.0 -9999.0
-9999.0 -9999.0 1942.181012 2099.289245 2204.132838 2371.440336 2519.084396 2632.228869 2739.569863 2817.937111 2936.515510 3020.072873 3065.046948 3080.186568 3066.079059 3036.998122 3019.263007 3018.984537 3007.697932 3001.005465 2986.246303 2981.043607 2977.005694 2969.918144 2965.473735 2964.694262 2962.645746 2954.943730 2938.342981 2897.179513 2859.561458 2815.533600 2813.763512 2789.074183 2767.877913 2748.088067 2749.869835 2744.092007 2749.040507 2751.876569 2761.355126 2775.564259 2795.270831 2788.475697 2797.957881 2807.769001 2818.603668 2840.133474 2869.944801 2909.617538 2960.564497 3010.785564 3045.983355 3052.542712 3034.739481 3030.063794 3038.642322 3067.831886 3131.569348 3199.895300 3287.999973 3352.409277 3418.717155 3473.843366 3499.986408 3536.348529 3605.331866 3653.266623 3694.191070 3671.875337 -9999.0 -9999.0 -9999.0 -9999.0 -9999.0 -9999.0 -9999.0 -9999.0 -9999.0 -9999.0
-9999.0 -9999.0 -9999.0 -9999.0 1960.962215 2110.313647 2209.401022 2292.053484 2428.442111 2561.319813 2671.607896 2760.957865 2831.340000 2792.595155 2792.521946 2807.485132 2805.966414 2797.204170 2786.513852 2790.606150 2794.820791 2789.003348 2829.850339 2822.167495 2824.768663 2831.820381 2829.809182 2816.823416 2798.290238 2781.564374 2765.811076 2733.102516 2699.756880 2670.860714 2657.668345 2653.338723 2652.787297 2644.692028 2652.992486 2661.855566 2677.912067 2693.255354 2716.889292 2746.015595 2760.859885 2776.066559 2785.570136 2805.317166 2808.592434 2859.681596 2921.017794 2976.946316 3007.147561 3007.228524 2982.652877 2961.425241 2949.820040 2968.153561 2991.670417 3042.897057 3131.693002 3192.791691 3238.534055 3277.650432 3313.805235 3377.768412 3470.487480 3550.776836 -9999.0 -9999.0 -9999.0 -9999.0 -9999.0 -9999.0 -9999.0 -9999.0 -9999.0 -9999.0 -9999.0 -9999.0
-9999.0 -9999.0 -9999.0 -9999.0 -9999.0 -9999.0 1936.944091 2043.614406 2114.975220 2268.880090 2415.034116 2524.856917 2610.291797 2647.101976 2681.990322 2713.147442 2713.622789 2692.803225 2669.569421 2688.510093 2704.277058 2695.540955 2662.366683 2662.530357 2668.703322 2676.462860 2674.083928 2668.263519 2643.573339 2659.128525 2662.319521 2638.966836 2613.080821 2599.639564 2587.712669 2597.158156 2596.961560 2582.475291 2581.577586 2609.469149 2630.625114 2643.688119 2664.932802 2698.235571 2730.976623 2747.022878 2748.580453 2754.242872 2792.039322 2836.926637 2907.325869 2961.779951 2989.601004 2994.033561 2966.730287 2922.248337 2896.533292 2896.094119 2921.159143 2961.525304 3015.460666 3051.661759 3063.408886 3065.315294 3077.987911 3175.343518 -9999.0 -9999.0 -9999.0 -9999.0 -9999.0 -9999.0 -9999.0 -9999.0 -9999.0 -9999.0 -9999.0 -9999.0 -9999.0 -9999.0
-9999.0 -9999.0 -9999.0 -9999.0 -9999.0 -9999.0 -9999.0 -9999.0 -9999.0 -9999.0 -9999.0 -9999.0 -9999.0 -9999.0 -9999.0 -9999.0 -9999.0 -9999.0 -9999.0 -9999.0 -9999.0 -9999.0 -9999.0 -9999.0 -9999.0 -9999.0 -9999.0 -9999.0 -9999.0 -9999.0 -9999.0 -9999.0 -9999.0 -9999.0 -9999.0 -9999.0 -9999.0 -9999.0 -9999.0 -9999.0 -9999.0 -9999.0 -9999.0 -9999.0 -9999.0 -9999.0 -9999.0 -9999.0 -9999.0 -9999.0 -9999.0 -9999.0 -9999.0 -9999.0 -9999.0 -9999.0 -9999.0 -9999.0 -9999.0 -9999.0 -9999.0 -9999.0 -9999.0 -9999.0 -9999.0 -9999.0 -9999.0 -9999.0 -9999.0 -9999.0 -9999.0 -9999.0 -9999.0 -9999.0 -9999.0 -9999.0 -9999.0 -9999.0 -9999.0 -9999.0
-9999.0 -9999.0 -9999.0 -9999.0 -9999.0 -9999.0 -9999.0 -9999.0 -9999.0 -9999.0 -9999.0 -9999.0 -9999.0 -9999.0 -9999.0 -9999.0 -9999.0 -9999.0 -9999.0 -9999.0 -9999.0 -9999.0 -9999.0 -9999.0 -9999.0 -9999.0 -9999.0 -9999.0 -9999.0 -9999.0 -9999.0 -9999.0 -9999.0 -9999.0 -9999.0 -9999.0 -9999.0 -9999.0 -9999.0 -9999.0 -9999.0 -9999.0 -9999.0 -9999.0 -9999.0 -9999.0 -9999.0 -9999.0 -9999.0 -9999.0 -9999.0 -9999.0 -9999.0 -9999.0 -9999.0 -9999.0 -9999.0 -9999.0 -9999.0 -9999.0 -9999.0 -9999.0 -9999.0 -9999.0 -9999.0 -9999.0 -9999.0 -9999.0 -9999.0 -9999.0 -9999.0 -9999.0 -9999.0 -9999.0 -9999.0 -9999.0 -9999.0 -9999.0 -9999.0 -9999.0