Borden_/Borden1m_014/output_maps/psiliqL0009N0022.asc
ncols         80
nrows         18
xllcorner     620200.000000
yllcorner     5168000.000000
cellsize      1.000000
NODATA_value  -9999.0
-9999.0 -9999.0 -9999.0 -9999.0 -9999.0 -9999.0 -9999.0 -9999.0 -9999.0 -9999.0 -9999.0 -9999.0 -9999.0 -9999.0 -9999.0 -9999.0 -9999.0 -9999.0 -9999.0 -9999.0 -9999.0 -9999.0 -9999.0 -9999.0 -9999.0 -9999.0 -9999.0 -9999.0 -9999.0 -9999.0 -9999.0 -9999.0 -9999.0 -9999.0 -9999.0 -9999.0 -9999.0 -9999.0 -9999.0 -9999.0 -9999.0 -9999.0 -9999.0 -9999.0 -9999.0 -9999.0 -9999.0 -9999.0 -9999.0 -9999.0 -9999.0 -9999.0 -9999.0 -9999.0 -9999.0 -9999.0 -9999.0 -9999.0 -9999.0 -9999.0 -9999.0 -9999.0 -9999.0 -9999.0 -9999.0 -9999.0 -9999.0 -9999.0 -9999.0 -9999.0 -9999.0 -9999.0 -9999.0 -9999.0 -9999.0 -9999.0 -9999.0 -9999.0 -9999.0 -9999.0
-9999.0 -9999.0 -9999.0 -9999.0 -9999.0 -9999.0 -9999.0 -9999.0 -9999.0 -9999.0 -9999.0 -9999.0 -9999.0 -9999.0 -9999.0 -9999.0 -9999.0 -9999.0 -9999.0 -9999.0 -9999.0 -9999.0 -9999.0 -9999.0 -9999.0 -9999.0 -9999.0 -9999.0 -9999.0 -9999.0 -9999.0 -9999.0 -9999.0 -9999.0 -9999.0 -9999.0 -9999.0 -9999.0 -9999.0 -9999.0 -9999.0 -9999.0 -9999.0 -9999.0 -9999.0 -9999.0 -9999.0 -9999.0 -9999.0 -9999.0 -9999.0 -9999.0 -9999.0 -9999.0 -9999.0 -9999.0 -9999.0 -9999.0 -9999.0 -9999.0 -9999.0 -9999.0 -9999.0 -9999.0 -9999.0 -9999.0 -9999.0 -9999.0 -9999.0 -9999.0 -9999.0 -9999.0 -9999.0 -9999.0 -9999.0 -9999.0 -9999.0 -9999.0 -9999.0 -9999.0
-9999.0 -9999.0 -9999.0 -9999.0 -9999.0 -9999.0 -9999.0 -9999.0 -9999.0 -9999.0 -9999.0 -9999.0 -9999.0 -9999.0 -9999.0 -9999.0 -9999.0 -9999.0 -9999.0 -9999.0 -66.605437 -63.591295 -86.097192 -119.966288 -148.253724 -146.083770 -110.758342 -69.321253 -31.049451 -20.181937 -37.757168 -35.762130 -40.345909 -40.252748 -36.983120 -30.650436 -27.616051 -15.995226 -7.288952 -7.303121 -13.239051 -18.658719 -19.378218 -15.746227 -10.735561 -20.249301 -6.970501 8.181555 14.148755 8.419780 -19.614174 -36.054612 -44.929728 -60.069710 -36.108082 -24.027804 -1.339753 2.718614 1.184400 -26.037898 -56.189859 -9999.0 -9999.0 -9999.0 -9999.0 -9999.0 -9999.0 -9999.0 -9999.0 -9999.0 -9999.0 -9999.0 -9999.0 -9999.0 -9999.0 -9999.0 -9999.0 -9999.0 -9999.0 -9999.0
-9999.0 -9999.0 -9999.0 -9999.0 -9999.0 -9999.0 -9999.0 -9999.0 -9999.0 -9999.0 -9999.0 -9999.0 -9999.0 -9999.0 -157.616849 -167.692257 -170.627901 -161.959572 -127.910380 -97.678732 -85.050190 -92.485696 -92.350279 -115.670237 -135.667391 -121.162095 -91.303854 -59.351134 -24.270513 -2.760564 -14.472691 -16.387110 -5.064815 23.257675 38.600829 36.421714 15.281022 38.337404 55.197926 65.432762 65.256579 57.188898 72.588000 89.662980 82.934229 64.214303 66.723481 78.000269 91.985899 75.444334 8.756279 -13.569519 -18.225684 -25.992726 -40.258558 -47.334869 -22.905842 -22.398776 -30.965067 -49.149085 -81.567067 -125.751291 -143.865054 -105.358607 -61.077188 -3.265036 -9999.0 -9999.0 -9999.0 -9999.0 -9999.0 -9999.0 -9999.0 -9999.0 -9999.0 -9999.0 -9999.0 -9999.0 -9999.0 -9999.0
-9999.0 -9999.0 -9999.0 -9999.0 -9999.0 -9999.0 -9999.0 -9999.0 -9999.0 -214.794800 -211.085636 -204.000268 -202.163552 -186.500504 -188.274532 -181.227945 -173.261039 -146.696575 -115.167493 -79.654378 -50.471893 -59.866745 -58.884482 -46.016617 -38.445438 -24.611173 -2.456782 40.171959 86.072424 132.095351 106.084786 106.110126 128.479561 180.952977 221.529539 233.017685 212.307480 216.811209 244.531606 272.879338 275.973744 276.135815 305.450800 322.675869 328.602883 304.148814 280.308185 276.667386 303.875932 245.342779 174.841447 117.049672 113.272327 77.003602 32.510479 8.467564 4.329895 25.125638 8.612441 -29.911541 -67.010628 -77.163055 -94.200699 -78.073834 -55.693411 -8.924603 29.651329 58.258069 58.365446 40.976511 -9999.0 -9999.0 -9999.0 -9999.0 -9999.0 -9999.0 -9999.0 -9999.0 -9999.0 -9999.0
-9999.0 -9999.0 -9999.0 -9999.0 -9999.0 -9999.0 -293.254381 -284.461093 -264.807429 -259.466784 -235.119765 -227.644811 -207.091441 -187.585588 -166.584271 -149.182377 -117.701793 -84.217890 -41.480425 4.186796 38.368883 35.762913 48.769390 87.767123 136.453002 171.914017 199.396026 244.907332 339.469134 399.070028 419.288743 430.258537 444.638553 488.556777 549.948426 574.694967 545.073928 527.217935 544.460668 582.163769 605.356315 610.379430 619.765626 628.976284 654.140132 642.385616 587.264518 565.645504 559.942664 547.702528 496.808720 435.713759 381.420544 314.436974 219.023639 155.614218 153.535603 165.918101 129.646884 70.988557 25.416759 12.883740 -3.378061 -18.661302 -14.003210 4.860565 27.775023 38.931833 26.271461 5.554071 -17.492728 -46.247780 -44.587524 -19.232786 -9999.0 -9999.0 -9999.0 -9999.0 -9999.0 -9999.0
-9999.0 -9999.0 -9999.0 -9999.0 -342.902189 -330.559405 -342.402673 -318.747706 -286.841419 -253.675864 -221.277541 -183.657059 -156.054313 -125.444037 -82.552674 -43.174178 2.848617 41.978585 103.571028 179.182016 237.705507 270.838120 296.983054 378.010928 451.997072 502.805309 521.165508 547.257143 594.136013 669.257312 698.948515 708.688924 725.665695 757.060302 800.921287 834.202070 815.761360 808.130211 811.391077 821.848410 848.690789 851.212233 853.363299 854.755343 857.530266 856.407717 831.071528 797.740178 783.859311 774.733812 754.019112 687.775067 629.816670 592.682459 563.316878 518.510760 454.240534 426.689619 352.970810 279.655737 203.394705 173.057487 135.308132 103.755613 69.432264 67.742654 68.963747 48.007092 16.498038 -15.828924 -30.933530 -49.650772 -59.961981 -30.166770 -12.512026 18.409597 -9999.0 -9999.0 -9999.0 -9999.0
-9999.0 -9999.0 -401.012053 -351.221037 -295.326231 -286.810877 -284.849780 -279.807259 -252.783405 -201.650846 -122.115518 -67.777272 -20.961945 13.508797 79.651585 171.285401 257.146146 320.701785 398.409640 471.476259 530.468368 567.966188 601.815081 646.072535 698.658752 749.171041 773.604762 796.268364 828.781779 862.759686 884.120004 899.859128 906.844995 905.207496 907.576288 907.360676 902.887270 896.824775 878.290229 875.177101 882.727358 886.372880 889.436342 877.001358 873.228085 885.702548 887.718085 887.323863 888.259206 895.993859 904.790806 870.956166 821.171865 805.207544 797.855088 757.167297 695.669108 640.424035 610.690275 567.840217 494.009248 441.348536 376.801022 306.837207 239.715478 197.789681 144.190218 99.278299 51.608108 5.082876 -18.918392 -37.622670 -40.115537 -39.758017 -23.788833 -8.204605 7.203933 15.020198 -9999.0 -9999.0
-9999.0 -500.298318 -427.760633 -300.171588 -221.161078 -175.712548 -135.365447 -106.252997 -80.321609 -62.072655 51.249487 163.739708 263.693248 306.912686 378.091941 484.008811 585.470407 630.469842 668.590646 715.697248 770.054390 816.148760 846.523426 873.299835 902.692101 904.942866 904.616199 905.196310 899.534226 892.772058 883.544161 890.264787 887.793117 871.445728 857.748287 855.254230 848.580343 821.397802 791.558288 776.644399 779.613774 800.228484 789.983586 770.556173 767.251087 787.386392 804.774896 797.561085 787.286730 804.865569 840.742236 861.911672 876.097431 890.668256 911.494569 888.276578 856.605669 815.040219 792.523224 765.408920 702.354677 639.966193 583.938205 520.996648 455.050068 373.707396 291.152462 220.071854 147.190454 103.086998 69.340984 15.801667 -8.348852 -7.617187 -17.202699 -19.964459 -13.548536 -7.152926 -9999.0 -9999.0
-9999.0 -572.895809 -429.571193 -243.469498 -95.356424 -30.667511 91.956062 180.090542 212.543828 191.681028 322.014142 558.989743 647.604431 661.640378 729.334191 808.857171 844.684157 873.545480 893.173221 892.703959 893.005231 899.256721 897.474762 891.046215 877.254920 869.379716 868.036396 864.430193 845.142023 825.388188 808.013394 801.441043 785.385374 749.546386 720.325800 704.906921 687.045234 651.257258 609.883401 580.041933 565.538210 582.768660 574.120640 557.291499 553.942542 576.750915 610.530070 608.041924 617.995741 643.673617 686.627351 732.635101 756.045196 783.216439 821.353737 863.913531 882.132827 902.185782 906.692411 884.788936 842.700756 793.264405 758.951966 690.803906 618.684369 540.582015 479.638353 420.684242 337.463138 273.872627 215.072163 149.272051 85.957597 55.035418 14.131460 -7.288660 -9999.0 -9999.0 -9999.0 -9999.0
-9999.0 -640.014296 -448.893274 -183.068934 81.326348 221.439012 440.552637 574.433725 650.993408 696.311185 727.548416 841.555090 867.377893 859.255619 846.467590 848.470173 862.544886 866.594201 863.466692 853.882857 843.579649 837.511762 837.444200 829.577302 816.676249 801.062128 787.438609 772.475069 726.188474 691.878443 659.460859 640.867543 602.227550 517.071636 478.999601 447.589182 385.132061 367.739493 348.842069 309.559550 284.949457 266.596983 286.684769 287.047440 288.191094 298.170460 325.044706 352.829587 406.278068 449.534503 492.776805 544.129330 579.939479 626.148674 675.943573 738.527672 770.460335 799.572093 843.276237 885.534455 908.689431 899.910944 870.664169 828.480250 761.246311 690.084532 644.136666 579.403638 515.284824 462.068797 414.974767 348.206568 258.408787 149.205293 103.098235 -9999.0 -9999.0 -9999.0 -9999.0 -9999.0
-9999.0 -796.993071 -529.419985 -232.418254 103.059620 438.883623 557.491317 720.797583 795.400868 736.451680 712.209353 741.100806 779.956926 786.615373 767.669887 761.751108 754.120464 754.704074 767.780748 741.729757 705.678998 690.332992 688.567065 674.625941 648.708470 628.034915 612.380441 590.075463 540.444198 494.283650 420.346450 384.961270 293.353922 218.010730 167.926446 116.992462 61.341608 56.842108 70.582106 52.102375 28.539213 9.261461 34.990386 50.762689 62.006811 52.822624 63.298478 100.504320 152.873424 200.078509 256.105835 323.015455 384.570967 447.044068 482.212422 533.410361 580.636071 630.856238 705.807516 789.856298 826.045065 860.710721 896.287519 913.102231 866.904513 819.053836 773.962487 723.403731 638.168904 585.167729 553.638111 510.607330 453.695460 -9999.0 -9999.0 -9999.0 -9999.0 -9999.0 -9999.0 -9999.0
-9999.0 -930.152988 -699.799165 -453.263815 -152.457191 90.850394 288.570045 419.842887 509.494500 499.934518 509.377848 535.713375 563.967551 585.108435 564.391259 531.749428 508.188659 512.788946 512.486893 490.411121 462.688804 448.699816 446.374499 435.709529 402.118165 379.467445 362.158869 330.312736 283.136716 220.168157 133.878193 61.449211 -4.376205 -41.850161 -73.086659 -107.077971 -146.708663 -136.642934 -122.527453 -127.463798 -140.029617 -144.576684 -114.984449 -96.603021 -86.573776 -99.493310 -80.838775 -53.568579 -11.179888 31.570963 80.893471 137.550542 194.536496 230.236738 250.865875 287.818445 344.433278 418.699934 507.249313 604.458595 681.739636 737.554883 788.467398 824.459936 841.362969 861.646510 848.454488 787.031082 683.171332 658.510565 634.385828 -9999.0 -9999.0 -9999.0 -9999.0 -9999.0 -9999.0 -9999.0 -9999.0 -9999.0
-9999.0 -9999.0 -936.286597 -747.307408 -589.533522 -403.798864 -252.012178 -141.458834 -64.033045 27.921532 118.808183 194.929350 237.826671 255.851867 237.071872 195.966196 169.965858 170.082492 160.809897 146.908049 122.561731 112.589569 102.082851 92.750706 77.406121 68.198334 61.073573 47.798342 22.859072 -25.818090 -79.378595 -132.603949 -188.160569 -213.837370 -236.065843 -258.831721 -262.413309 -264.326323 -257.568781 -256.420161 -251.099086 -239.415571 -218.693245 -197.350338 -187.971956 -180.904255 -168.347527 -144.608594 -111.326325 -70.239851 -17.804969 38.308520 77.181506 90.109910 81.845404 89.854872 115.875091 167.073715 264.803191 376.958852 479.609276 552.557214 628.235855 684.127646 710.026567 735.029958 767.440059 734.706531 475.928631 633.827451 -9999.0 -9999.0 -9999.0 -9999.0 -9999.0 -9999.0 -9999.0 -9999.0 -9999.0 -9999.0
-9999.0 -9999.0 -9999.0 -9999.0 -890.452637 -734.121224 -640.976537 -559.442413 -438.267276 -327.988892 -236.192237 -159.557025 -106.376074 -82.870954 -93.749922 -98.832315 -106.900452 -110.720126 -119.445881 -124.897004 -130.598915 -138.794509 -150.678518 -158.681953 -159.769751 -156.562977 -158.951906 -172.414713 -188.745513 -215.999213 -240.017365 -275.291291 -312.406737 -341.679219 -354.735523 -361.596605 -361.292031 -366.785697 -357.168557 -350.745898 -335.816968 -320.348145 -296.337666 -268.089244 -255.567114 -241.455203 -231.819579 -211.063988 -181.118027 -128.386320 -66.370734 -10.826332 22.602161 25.636887 -1.023463 -17.212956 -20.258868 8.913747 59.139491 135.630197 248.060466 340.948144 425.424691 479.807003 516.244108 568.078645 637.170916 691.646392 -9999.0 -9999.0 -9999.0 -9999.0 -9999.0 -9999.0 -9999.0 -9999.0 -9999.0 -9999.0 -9999.0 -9999.0
-9999.0 -9999.0 -9999.0 -9999.0 -9999.0 -9999.0 -946.002393 -851.527062 -765.316082 -644.363631 -531.540482 -439.651384 -364.891607 -339.639620 -321.849943 -299.401741 -303.897933 -320.968601 -337.795622 -321.121766 -311.457175 -316.500207 -344.383478 -345.895510 -342.344916 -332.935291 -334.111031 -340.169367 -365.033874 -356.658026 -357.950651 -381.022684 -407.073839 -421.346492 -432.769269 -422.632367 -421.688480 -434.137171 -431.657394 -405.492407 -385.713596 -372.212909 -349.636541 -316.474053 -284.580446 -270.413793 -269.563341 -263.486528 -222.209450 -152.102688 -82.176395 -29.384095 0.713540 7.276790 -22.047165 -63.800777 -86.078852 -80.077011 -45.869750 8.224907 87.694543 142.337060 180.261680 207.408239 241.407188 352.117499 -9999.0 -9999.0 -9999.0 -9999.0 -9999.0 -9999.0 -9999.0 -9999.0 -9999.0 -9999.0 -9999.0 -9999.0 -9999.0 -9999.0
-9999.0 -9999.0 -9999.0 -9999.0 -9999.0 -9999.0 -9999.0 -9999.0 -9999.0 -9999.0 -9999.0 -9999.0 -9999.0 -9999.0 -9999.0 -9999.0 -9999.0 -9999.0 -9999.0 -9999.0 -9999.0 -9999.0 -9999.0 -9999.0 -9999.0 -9999.0 -9999.0 -9999.0 -9999.0 -9999.0 -9999.0 -9999.0 -9999.0 -9999.0 -9999.0 -9999.0 -9999.0 -9999.0 -9999.0 -9999.0 -9999.0 -9999.0 -9999.0 -9999.0 -9999.0 -9999.0 -9999.0 -9999.0 -9999.0 -9999.0 -9999.0 -9999.0 -9999.0 -9999.0 -9999.0 -9999.0 -9999.0 -9999.0 -9999.0 -9999.0 -9999.0 -9999.0 -9999.0 -9999.0 -9999.0 -9999.0 -9999.0 -9999.0 -9999.0 -9999.0 -9999.0 -9999.0 -9999.0 -9999.0 -9999.0 -9999.0 -9999.0 -9999.0 -9999.0 -9999.0
-9999.0 -9999.0 -9999.0 -9999.0 -9999.0 -9999.0 -9999.0 -9999.0 -9999.0 -9999.0 -9999.0 -9999.0 -9999.0 -9999.0 -9999.0 -9999.0 -9999.0 -9999.0 -9999.0 -9999.0 -9999.0 -9999.0 -9999.0 -9999.0 -9999.0 -9999.0 -9999.0 -9999.0 -9999.0 -9999.0 -9999.0 -9999.0 -9999.0 -9999.0 -9999.0 -9999.0 -9999.0 -9999.0 -9999.0 -9999.0 -9999.0 -9999.0 -9999.0 -9999.0 -9999.0 -9999.0 -9999.0 -9999.0 -9999.0 -9999.0 -9999.0 -9999.0 -9999.0 -9999.0 -9999.0 -9999.0 -9999.0 -9999.0 -9999.0 -9999.0 -9999.0 -9999.0 -9999.0 -9999.0 -9999.0 -9999.0 -9999.0 -9999.0 -9999.0 -9999.0 -9999.0 -9999.0 -9999.0 -9999.0 -9999.0 -9999.0 -9999.0 -9999.0 -9999.0 -9999.0