Borden_/Borden1m_014/output_maps/psiliqL0003N0011.asc
ncols         80
nrows         18
xllcorner     620200.000000
yllcorner     5168000.000000
cellsize      1.000000
NODATA_value  -9999.0
-9999.0 -9999.0 -9999.0 -9999.0 -9999.0 -9999.0 -9999.0 -9999.0 -9999.0 -9999.0 -9999.0 -9999.0 -9999.0 -9999.0 -9999.0 -9999.0 -9999.0 -9999.0 -9999.0 -9999.0 -9999.0 -9999.0 -9999.0 -9999.0 -9999.0 -9999.0 -9999.0 -9999.0 -9999.0 -9999.0 -9999.0 -9999.0 -9999.0 -9999.0 -9999.0 -9999.0 -9999.0 -9999.0 -9999.0 -9999.0 -9999.0 -9999.0 -9999.0 -9999.0 -9999.0 -9999.0 -9999.0 -9999.0 -9999.0 -9999.0 -9999.0 -9999.0 -9999.0 -9999.0 -9999.0 -9999.0 -9999.0 -9999.0 -9999.0 -9999.0 -9999.0 -9999.0 -9999.0 -9999.0 -9999.0 -9999.0 -9999.0 -9999.0 -9999.0 -9999.0 -9999.0 -9999.0 -9999.0 -9999.0 -9999.0 -9999.0 -9999.0 -9999.0 -9999.0 -9999.0
-9999.0 -9999.0 -9999.0 -9999.0 -9999.0 -9999.0 -9999.0 -9999.0 -9999.0 -9999.0 -9999.0 -9999.0 -9999.0 -9999.0 -9999.0 -9999.0 -9999.0 -9999.0 -9999.0 -9999.0 -9999.0 -9999.0 -9999.0 -9999.0 -9999.0 -9999.0 -9999.0 -9999.0 -9999.0 -9999.0 -9999.0 -9999.0 -9999.0 -9999.0 -9999.0 -9999.0 -9999.0 -9999.0 -9999.0 -9999.0 -9999.0 -9999.0 -9999.0 -9999.0 -9999.0 -9999.0 -9999.0 -9999.0 -9999.0 -9999.0 -9999.0 -9999.0 -9999.0 -9999.0 -9999.0 -9999.0 -9999.0 -9999.0 -9999.0 -9999.0 -9999.0 -9999.0 -9999.0 -9999.0 -9999.0 -9999.0 -9999.0 -9999.0 -9999.0 -9999.0 -9999.0 -9999.0 -9999.0 -9999.0 -9999.0 -9999.0 -9999.0 -9999.0 -9999.0 -9999.0
-9999.0 -9999.0 -9999.0 -9999.0 -9999.0 -9999.0 -9999.0 -9999.0 -9999.0 -9999.0 -9999.0 -9999.0 -9999.0 -9999.0 -9999.0 -9999.0 -9999.0 -9999.0 -9999.0 -9999.0 -574.151338 -572.111013 -576.614506 -581.878285 -586.407565 -586.957671 -581.900730 -576.174839 -569.775271 -568.582593 -573.697734 -572.393180 -574.411883 -575.629963 -575.771416 -574.309396 -573.550097 -571.553176 -570.302002 -570.935814 -572.496893 -573.577841 -574.539243 -574.244334 -572.461101 -574.947818 -571.413358 -568.018333 -566.881036 -566.848890 -571.361381 -573.224602 -573.936407 -578.009711 -570.711358 -568.645663 -563.452782 -562.967877 -562.012208 -567.819578 -573.682760 -9999.0 -9999.0 -9999.0 -9999.0 -9999.0 -9999.0 -9999.0 -9999.0 -9999.0 -9999.0 -9999.0 -9999.0 -9999.0 -9999.0 -9999.0 -9999.0 -9999.0 -9999.0 -9999.0
-9999.0 -9999.0 -9999.0 -9999.0 -9999.0 -9999.0 -9999.0 -9999.0 -9999.0 -9999.0 -9999.0 -9999.0 -9999.0 -9999.0 -582.768587 -585.292907 -586.473597 -587.200308 -582.621965 -579.073233 -578.942680 -581.526666 -579.423821 -584.510715 -589.101974 -586.354366 -582.437882 -579.287520 -574.186684 -570.391777 -573.927404 -574.812737 -572.947778 -566.408070 -563.588791 -564.987527 -572.856898 -565.412408 -561.786679 -559.500214 -559.806629 -563.323509 -558.598041 -553.111448 -555.967846 -561.813988 -560.441122 -557.120522 -551.848708 -554.385990 -573.184633 -574.911648 -573.875801 -573.421719 -576.120755 -578.046697 -570.678503 -571.738540 -572.906752 -574.182143 -578.511850 -585.701543 -588.968476 -581.411524 -574.878503 -562.050426 -9999.0 -9999.0 -9999.0 -9999.0 -9999.0 -9999.0 -9999.0 -9999.0 -9999.0 -9999.0 -9999.0 -9999.0 -9999.0 -9999.0
-9999.0 -9999.0 -9999.0 -9999.0 -9999.0 -9999.0 -9999.0 -9999.0 -9999.0 -587.131897 -587.793680 -587.070441 -588.734011 -586.474396 -590.222917 -589.330690 -590.025394 -586.811370 -584.247856 -579.933313 -574.310270 -578.442214 -579.008656 -576.153951 -576.004296 -575.053921 -572.635414 -563.815801 -554.360370 -540.013379 -552.976362 -553.786734 -548.209769 -528.784754 -505.434225 -499.717477 -509.710470 -510.497568 -497.622636 -483.507671 -484.523426 -485.853269 -472.969179 -466.161399 -461.122242 -471.367441 -482.085266 -484.470452 -468.902676 -496.741811 -528.759949 -551.291348 -547.018827 -556.194981 -566.732970 -570.682576 -572.152994 -563.989082 -566.974248 -574.403011 -580.628026 -578.687324 -582.276069 -578.694265 -576.258700 -566.422986 -557.890798 -549.841115 -549.474717 -554.584978 -9999.0 -9999.0 -9999.0 -9999.0 -9999.0 -9999.0 -9999.0 -9999.0 -9999.0 -9999.0
-9999.0 -9999.0 -9999.0 -9999.0 -9999.0 -9999.0 -591.901596 -592.164942 -590.645264 -595.286127 -591.919607 -594.188613 -591.760900 -590.695498 -589.060130 -589.012286 -585.097343 -581.658991 -575.978731 -568.718462 -562.088077 -565.840102 -564.171698 -555.221229 -541.020621 -527.335055 -516.259081 -498.902593 -456.683856 -428.259741 -415.858772 -411.071112 -400.601302 -229.622156 22.209993 28.585442 27.275130 26.005261 27.301693 29.843957 29.801024 29.525798 29.921882 30.252897 32.628857 32.295681 29.473954 28.876239 28.768826 27.508110 -38.362341 -398.892508 -438.491236 -466.326458 -505.843192 -534.195166 -538.728845 -530.901550 -541.203676 -557.040883 -566.830618 -566.607646 -568.484575 -572.209527 -570.290671 -566.361034 -560.435303 -556.736605 -559.516708 -563.334480 -566.197638 -572.625454 -571.578769 -565.377220 -9999.0 -9999.0 -9999.0 -9999.0 -9999.0 -9999.0
-9999.0 -9999.0 -9999.0 -9999.0 -599.249840 -597.048180 -603.613670 -599.837018 -596.915772 -594.682492 -594.636510 -590.867309 -589.825795 -587.157344 -581.656069 -577.731029 -570.402630 -565.051225 -550.948610 -526.856683 -499.690760 -484.518294 -478.527014 -441.905567 -376.157332 -26.346730 25.108491 27.301906 29.244767 33.319063 34.939230 35.134092 36.768929 41.643816 47.829808 51.104844 49.582119 49.412610 49.558166 49.665781 51.721705 51.335555 51.395346 51.188544 51.323749 52.423748 50.487279 48.316271 47.816432 47.468472 45.246413 35.191239 31.880365 30.335863 28.543200 -11.925618 -373.023064 -411.447124 -452.804293 -481.970401 -519.661078 -529.836960 -540.486919 -547.152512 -556.676793 -554.609080 -551.690902 -556.670315 -563.303466 -569.720086 -570.472461 -573.351244 -576.676344 -568.492714 -565.723040 -557.301897 -9999.0 -9999.0 -9999.0 -9999.0
-9999.0 -9999.0 -599.838404 -599.570588 -593.510538 -597.109611 -599.375594 -602.486963 -601.119810 -595.330934 -584.883439 -580.758803 -574.183561 -570.684575 -556.374577 -527.077818 -488.622697 -465.095774 -428.877652 -321.611055 -7.500810 27.656102 28.709946 31.177443 35.896802 44.845969 47.216566 48.581604 49.809235 52.003524 75.868026 90.921869 95.069464 90.889336 88.921128 87.584796 84.928700 82.832849 66.586278 64.370418 71.043237 72.798277 76.486711 64.559123 60.615575 72.755226 75.296350 75.919447 78.363242 87.018149 96.836721 69.028263 48.927372 48.573469 48.846262 45.159726 36.202228 32.541762 31.798985 28.759256 -38.476599 -392.572566 -442.938367 -476.581409 -506.056143 -518.074244 -535.341301 -546.667016 -557.578933 -568.146105 -571.378431 -573.309323 -571.726247 -572.902744 -568.581387 -565.414730 -560.720416 -558.993741 -9999.0 -9999.0
-9999.0 -602.044595 -603.880686 -593.081506 -591.093960 -588.978965 -586.736842 -584.670143 -581.902476 -585.314445 -559.706419 -517.730187 -478.381101 -467.616916 -436.634518 -111.038006 25.960543 30.330795 32.744741 37.937057 45.676404 49.264813 50.822623 73.921546 96.969990 92.314853 88.660548 87.832214 78.789596 70.989227 60.917078 69.155734 67.414244 54.797564 49.911865 50.079109 50.101275 48.722362 47.194834 46.624567 47.091127 49.079270 48.125277 46.631145 46.307980 47.753313 48.937039 48.087418 46.901606 48.072928 50.460516 51.867399 68.033647 80.700064 100.444028 78.957906 51.339892 48.465883 47.983674 46.775319 42.695409 34.156362 29.421079 -20.105415 -374.030487 -448.815548 -486.795289 -511.415745 -535.337189 -545.425120 -551.797453 -566.034112 -569.678076 -566.353511 -568.288531 -568.516219 -566.643633 -565.195379 -9999.0 -9999.0
-9999.0 -612.625303 -602.569800 -590.926243 -577.060078 -575.958837 -540.657308 -502.392610 -493.426646 -509.143239 -450.665248 -2.264756 32.157730 32.055160 37.274886 47.273631 60.966990 81.723029 95.577783 86.639489 79.427748 82.111944 77.176241 68.190873 55.450571 50.594545 51.033653 51.246850 50.167627 49.039668 47.595670 47.847986 47.033959 43.885996 37.843033 35.554160 34.636563 33.638746 31.505982 29.987692 29.031685 31.062875 30.176304 28.792253 28.367712 29.961420 32.540088 31.469482 31.797683 33.625859 38.445563 44.110552 45.551796 47.043039 48.987695 52.481353 69.143901 89.014597 94.497421 71.032752 50.762158 47.339673 46.270995 42.243250 33.167543 3.647169 -282.012793 -406.527651 -454.869433 -483.979423 -508.067575 -530.252018 -549.566484 -553.616412 -563.990515 -565.482985 -9999.0 -9999.0 -9999.0 -9999.0
-9999.0 -613.786010 -603.889413 -582.405578 -535.822392 -487.223209 -49.215871 29.383144 33.332786 38.049539 40.926171 84.876799 92.577913 76.709567 51.311961 50.199880 52.338539 54.189496 50.910071 49.801179 49.246566 49.148589 49.158485 48.741578 48.212410 47.543652 47.104485 47.071853 45.064702 42.311348 35.011484 33.740327 31.074863 -24.037706 -322.729947 -390.296703 -437.039508 -440.789646 -449.483963 -467.811764 -476.831563 -483.086423 -474.332999 -477.221305 -478.261002 -472.676532 -460.180502 -452.538607 -426.468536 -394.284111 -258.781945 10.516845 29.094161 32.596821 36.833075 44.358870 46.458501 47.941316 50.891384 71.664458 91.314670 84.296422 57.005053 50.181931 45.985072 42.303415 37.231447 31.225913 26.532434 -40.264334 -382.020033 -444.162300 -488.470348 -524.955922 -537.733756 -9999.0 -9999.0 -9999.0 -9999.0 -9999.0
-9999.0 -629.259278 -604.534124 -586.722863 -511.541857 -60.845791 28.368036 42.392673 72.634342 45.650829 44.042210 45.442535 48.259530 48.229728 46.521957 46.696516 46.160811 45.905919 46.730832 41.557944 36.955550 35.573078 35.791752 34.985470 33.316492 32.380300 31.953689 31.182290 27.045439 -35.431199 -412.958276 -428.038925 -471.371239 -508.069592 -529.335504 -544.595957 -560.258287 -559.584049 -553.412373 -558.392690 -563.974274 -569.998575 -562.674646 -559.325836 -556.150394 -560.129795 -559.146444 -549.676111 -534.859570 -521.314896 -501.624948 -470.918895 -444.308039 -401.645208 -328.323835 -8.517845 29.056966 32.889989 42.482624 48.044605 49.208141 51.552976 82.031405 100.146441 63.813356 49.432264 47.385488 45.647146 41.962861 38.806259 31.875055 4.373840 -339.556423 -9999.0 -9999.0 -9999.0 -9999.0 -9999.0 -9999.0 -9999.0
-9999.0 -637.367041 -610.994522 -607.005389 -576.244077 -520.100518 -447.941927 -327.587617 10.022681 24.845405 26.661872 28.296201 30.028196 31.749123 30.037823 27.552035 25.544273 25.696639 12.307531 -206.116647 -365.819194 -390.501235 -390.035002 -397.974280 -423.855290 -436.120457 -443.017763 -456.879627 -478.236875 -507.119637 -539.911603 -558.153241 -571.724083 -576.509201 -580.121319 -584.006719 -591.674727 -587.323726 -584.036628 -584.815052 -587.223919 -589.036052 -583.186855 -581.121388 -579.305528 -584.490938 -580.809386 -577.570147 -570.396490 -563.201919 -553.224869 -538.826661 -520.991318 -510.265342 -504.387628 -485.812407 -460.891584 -418.800504 -41.602993 30.250475 37.700641 43.879807 47.446372 49.497511 50.519510 61.852767 69.270283 49.867604 42.898014 44.227418 44.021678 -9999.0 -9999.0 -9999.0 -9999.0 -9999.0 -9999.0 -9999.0 -9999.0 -9999.0
-9999.0 -9999.0 -643.417719 -632.415178 -623.053158 -612.809174 -598.709766 -585.858870 -572.480778 -553.764979 -527.982880 -501.017594 -484.776378 -477.623025 -487.506171 -509.007675 -523.157313 -522.327808 -525.963672 -533.899706 -543.389594 -545.466181 -547.754288 -549.345127 -553.491824 -555.302507 -556.071177 -557.830482 -561.956195 -571.604662 -579.976611 -586.039837 -592.904055 -592.718816 -593.866577 -596.268866 -594.237015 -594.768798 -594.106399 -594.414368 -593.780604 -592.592360 -591.182802 -589.238615 -589.096532 -588.507893 -587.814220 -585.748323 -582.620299 -578.510919 -570.782146 -559.795653 -551.608871 -549.722293 -554.160429 -552.990678 -547.321590 -534.673854 -496.880082 -443.912029 -314.562612 -0.688873 32.348833 38.063223 42.995790 44.983356 47.424986 45.863364 29.822666 39.993132 -9999.0 -9999.0 -9999.0 -9999.0 -9999.0 -9999.0 -9999.0 -9999.0 -9999.0 -9999.0
-9999.0 -9999.0 -9999.0 -9999.0 -648.551449 -632.749014 -618.577143 -619.790052 -609.227054 -602.466776 -596.206071 -589.000231 -583.141856 -579.496197 -583.762434 -584.535694 -585.398150 -584.810831 -585.803280 -586.853083 -587.238927 -587.937699 -588.752481 -589.800712 -589.318789 -588.251986 -587.974869 -589.779401 -589.881453 -593.220772 -593.642297 -595.729988 -597.769219 -600.123892 -599.683013 -599.896374 -598.884435 -599.997268 -598.326647 -599.236792 -597.917008 -597.290520 -595.681922 -593.089557 -593.912996 -592.434275 -592.326901 -590.412441 -589.539710 -584.408591 -576.312150 -567.200551 -561.134106 -561.418101 -569.143802 -572.418838 -574.390056 -569.481925 -561.337029 -544.115835 -506.274156 -466.308232 -418.688481 -328.111757 -14.568208 29.237247 39.756665 43.090942 -9999.0 -9999.0 -9999.0 -9999.0 -9999.0 -9999.0 -9999.0 -9999.0 -9999.0 -9999.0 -9999.0 -9999.0
-9999.0 -9999.0 -9999.0 -9999.0 -9999.0 -9999.0 -641.564387 -633.547002 -635.880265 -629.382111 -623.491860 -618.912793 -612.409118 -612.893055 -610.880824 -606.002001 -606.626817 -608.964908 -611.910209 -607.636742 -605.686007 -605.310054 -610.028507 -608.724317 -608.182154 -606.399380 -606.583504 -605.836117 -609.795039 -605.057139 -602.789038 -603.713460 -604.610120 -603.761753 -604.765891 -601.849401 -601.502861 -603.850422 -604.550883 -601.132831 -600.106852 -600.525140 -599.806425 -597.424318 -594.031886 -593.464257 -594.909602 -596.919906 -593.449107 -585.574655 -576.881070 -569.374569 -564.559301 -562.961443 -569.468504 -578.464031 -583.061879 -583.719624 -579.975633 -572.922309 -556.467014 -545.368670 -537.295837 -530.504438 -517.000850 -461.616126 -9999.0 -9999.0 -9999.0 -9999.0 -9999.0 -9999.0 -9999.0 -9999.0 -9999.0 -9999.0 -9999.0 -9999.0 -9999.0 -9999.0
-9999.0 -9999.0 -9999.0 -9999.0 -9999.0 -9999.0 -9999.0 -9999.0 -9999.0 -9999.0 -9999.0 -9999.0 -9999.0 -9999.0 -9999.0 -9999.0 -9999.0 -9999.0 -9999.0 -9999.0 -9999.0 -9999.0 -9999.0 -9999.0 -9999.0 -9999.0 -9999.0 -9999.0 -9999.0 -9999.0 -9999.0 -9999.0 -9999.0 -9999.0 -9999.0 -9999.0 -9999.0 -9999.0 -9999.0 -9999.0 -9999.0 -9999.0 -9999.0 -9999.0 -9999.0 -9999.0 -9999.0 -9999.0 -9999.0 -9999.0 -9999.0 -9999.0 -9999.0 -9999.0 -9999.0 -9999.0 -9999.0 -9999.0 -9999.0 -9999.0 -9999.0 -9999.0 -9999.0 -9999.0 -9999.0 -9999.0 -9999.0 -9999.0 -9999.0 -9999.0 -9999.0 -9999.0 -9999.0 -9999.0 -9999.0 -9999.0 -9999.0 -9999.0 -9999.0 -9999.0
-9999.0 -9999.0 -9999.0 -9999.0 -9999.0 -9999.0 -9999.0 -9999.0 -9999.0 -9999.0 -9999.0 -9999.0 -9999.0 -9999.0 -9999.0 -9999.0 -9999.0 -9999.0 -9999.0 -9999.0 -9999.0 -9999.0 -9999.0 -9999.0 -9999.0 -9999.0 -9999.0 -9999.0 -9999.0 -9999.0 -9999.0 -9999.0 -9999.0 -9999.0 -9999.0 -9999.0 -9999.0 -9999.0 -9999.0 -9999.0 -9999.0 -9999.0 -9999.0 -9999.0 -9999.0 -9999.0 -9999.0 -9999.0 -9999.0 -9999.0 -9999.0 -9999.0 -9999.0 -9999.0 -9999.0 -9999.0 -9999.0 -9999.0 -9999.0 -9999.0 -9999.0 -9999.0 -9999.0 -9999.0 -9999.0 -9999.0 -9999.0 -9999.0 -9999.0 -9999.0 -9999.0 -9999.0 -9999.0 -9999.0 -9999.0 -9999.0 -9999.0 -9999.0 -9999.0 -9999.0