Borden_/Borden1m_014/output_maps/psiliqL0023N0032.asc
ncols         80
nrows         18
xllcorner     620200.000000
yllcorner     5168000.000000
cellsize      1.000000
NODATA_value  -9999.0
-9999.0 -9999.0 -9999.0 -9999.0 -9999.0 -9999.0 -9999.0 -9999.0 -9999.0 -9999.0 -9999.0 -9999.0 -9999.0 -9999.0 -9999.0 -9999.0 -9999.0 -9999.0 -9999.0 -9999.0 -9999.0 -9999.0 -9999.0 -9999.0 -9999.0 -9999.0 -9999.0 -9999.0 -9999.0 -9999.0 -9999.0 -9999.0 -9999.0 -9999.0 -9999.0 -9999.0 -9999.0 -9999.0 -9999.0 -9999.0 -9999.0 -9999.0 -9999.0 -9999.0 -9999.0 -9999.0 -9999.0 -9999.0 -9999.0 -9999.0 -9999.0 -9999.0 -9999.0 -9999.0 -9999.0 -9999.0 -9999.0 -9999.0 -9999.0 -9999.0 -9999.0 -9999.0 -9999.0 -9999.0 -9999.0 -9999.0 -9999.0 -9999.0 -9999.0 -9999.0 -9999.0 -9999.0 -9999.0 -9999.0 -9999.0 -9999.0 -9999.0 -9999.0 -9999.0 -9999.0
-9999.0 -9999.0 -9999.0 -9999.0 -9999.0 -9999.0 -9999.0 -9999.0 -9999.0 -9999.0 -9999.0 -9999.0 -9999.0 -9999.0 -9999.0 -9999.0 -9999.0 -9999.0 -9999.0 -9999.0 -9999.0 -9999.0 -9999.0 -9999.0 -9999.0 -9999.0 -9999.0 -9999.0 -9999.0 -9999.0 -9999.0 -9999.0 -9999.0 -9999.0 -9999.0 -9999.0 -9999.0 -9999.0 -9999.0 -9999.0 -9999.0 -9999.0 -9999.0 -9999.0 -9999.0 -9999.0 -9999.0 -9999.0 -9999.0 -9999.0 -9999.0 -9999.0 -9999.0 -9999.0 -9999.0 -9999.0 -9999.0 -9999.0 -9999.0 -9999.0 -9999.0 -9999.0 -9999.0 -9999.0 -9999.0 -9999.0 -9999.0 -9999.0 -9999.0 -9999.0 -9999.0 -9999.0 -9999.0 -9999.0 -9999.0 -9999.0 -9999.0 -9999.0 -9999.0 -9999.0
-9999.0 -9999.0 -9999.0 -9999.0 -9999.0 -9999.0 -9999.0 -9999.0 -9999.0 -9999.0 -9999.0 -9999.0 -9999.0 -9999.0 -9999.0 -9999.0 -9999.0 -9999.0 -9999.0 -9999.0 2757.257616 2759.506111 2739.142816 2706.914492 2680.784781 2684.939291 2720.605059 2763.694807 2804.887721 2815.381494 2798.916093 2804.431493 2801.625090 2798.702958 2800.740640 2809.654514 2817.735767 2828.520032 2837.338438 2837.257762 2831.947909 2828.325888 2831.204334 2833.382887 2838.982912 2824.330691 2838.366366 2798.928385 2802.843426 2799.731729 2820.428914 2804.684455 2793.173428 2774.402264 2797.444264 2806.624154 2797.225643 2800.896035 2798.946691 2795.805513 2764.944754 -9999.0 -9999.0 -9999.0 -9999.0 -9999.0 -9999.0 -9999.0 -9999.0 -9999.0 -9999.0 -9999.0 -9999.0 -9999.0 -9999.0 -9999.0 -9999.0 -9999.0 -9999.0 -9999.0
-9999.0 -9999.0 -9999.0 -9999.0 -9999.0 -9999.0 -9999.0 -9999.0 -9999.0 -9999.0 -9999.0 -9999.0 -9999.0 -9999.0 2662.195408 2654.486779 2653.478112 2663.052450 2697.640518 2729.228471 2741.082400 2734.987261 2736.451640 2713.942712 2693.847775 2709.171821 2741.050726 2773.275998 2809.272588 2829.839045 2821.200241 2820.821250 2830.093370 2801.216515 2809.945918 2807.365974 2844.260406 2813.641910 2826.763846 2832.045161 2830.368792 2820.851902 2830.377666 2844.598419 2837.528811 2821.926494 2831.627788 2845.201466 2856.060683 2846.997690 2838.128312 2821.292419 2814.459172 2806.607918 2790.381672 2784.103343 2809.460218 2805.444608 2795.412883 2776.321694 2741.827076 2696.137066 2675.522949 2713.514694 2755.266866 2791.519984 -9999.0 -9999.0 -9999.0 -9999.0 -9999.0 -9999.0 -9999.0 -9999.0 -9999.0 -9999.0 -9999.0 -9999.0 -9999.0 -9999.0
-9999.0 -9999.0 -9999.0 -9999.0 -9999.0 -9999.0 -9999.0 -9999.0 -9999.0 2599.263394 2605.911773 2614.768149 2619.394074 2636.642572 2634.734563 2643.570641 2650.596152 2680.119219 2712.058725 2747.821445 2775.983820 2769.969078 2770.064700 2777.439917 2776.436538 2787.903876 2811.255426 2801.753389 2833.539265 2869.856000 2837.698057 2833.754637 2851.956091 2894.177300 2919.538288 2922.708000 2905.043581 2919.390247 2943.108928 2960.017834 2957.047979 2951.720511 2976.696572 2991.343489 2986.822537 2965.916193 2962.841535 2968.813496 2996.924066 2946.167582 2880.876732 2839.745439 2852.742750 2830.205625 2802.237606 2834.058764 2831.468726 2808.808452 2796.014496 2795.245852 2760.093317 2746.267794 2726.626875 2743.932829 2764.469395 2787.594476 2826.778444 2856.037444 2855.319015 2837.891040 -9999.0 -9999.0 -9999.0 -9999.0 -9999.0 -9999.0 -9999.0 -9999.0 -9999.0 -9999.0
-9999.0 -9999.0 -9999.0 -9999.0 -9999.0 -9999.0 2517.514018 2529.207826 2551.737725 2556.464945 2584.739049 2592.482910 2614.654994 2635.111381 2659.294949 2675.805114 2705.038419 2738.500814 2777.030103 2818.372263 2805.620894 2843.556921 2801.682892 2822.359447 2851.872350 2873.276578 2896.565401 2933.878862 2984.804627 3020.680581 3015.723167 3016.968342 3025.288311 3074.944024 3138.547793 3150.195473 3129.793682 3116.422234 3138.922423 3175.441593 3174.676419 3173.590390 3180.689576 3190.930405 3217.544445 3207.572230 3176.699854 3169.938246 3175.017421 3154.257395 3087.939610 3030.352978 3009.740900 2984.980337 2903.079226 2858.210350 2877.589955 2902.348443 2878.873801 2829.951199 2837.354866 2827.213739 2811.406968 2799.245582 2806.960844 2800.453469 2823.427912 2836.363966 2823.966369 2803.177243 2790.527800 2760.530410 2761.488502 2785.551723 -9999.0 -9999.0 -9999.0 -9999.0 -9999.0 -9999.0
-9999.0 -9999.0 -9999.0 -9999.0 2465.256918 2479.604115 2467.374959 2495.613903 2530.398870 2566.815141 2597.822083 2634.767528 2662.730298 2693.961079 2731.224584 2759.752712 2798.001890 2832.363624 2831.193868 2893.447980 2938.914678 2955.241702 2964.503960 2994.398462 3050.307773 3097.770626 3116.315414 3141.575925 3180.173685 3235.846652 3258.303625 3261.549343 3278.373033 3319.550040 3373.441072 3407.163233 3389.897477 3381.282377 3390.319584 3403.704869 3425.821161 3425.924854 3426.946473 3430.577651 3437.544259 3436.245137 3410.777615 3377.865561 3365.831042 3356.226812 3320.669260 3250.205276 3219.044425 3191.673829 3157.430185 3104.794201 3054.525363 3052.858723 2999.547874 2965.811463 2913.762772 2902.277875 2879.275224 2860.893316 2841.030921 2850.071664 2859.444959 2842.651873 2811.922505 2794.826478 2778.663243 2758.522416 2745.474960 2774.952084 2786.288697 2815.643538 -9999.0 -9999.0 -9999.0 -9999.0
-9999.0 -9999.0 2403.036204 2450.368376 2509.330858 2518.461675 2516.431833 2523.344337 2553.934084 2607.717478 2678.550601 2722.257304 2758.940320 2794.623759 2800.612921 2865.205189 2927.429936 2970.550656 3006.854523 3074.658645 3133.290349 3160.466115 3169.944428 3199.571539 3252.755293 3319.232599 3346.304542 3371.983756 3401.760796 3436.679545 3432.794554 3444.134843 3455.629883 3466.156866 3479.055476 3485.066894 3480.586071 3476.070441 3457.749133 3452.939044 3459.497336 3466.776689 3466.332534 3451.956761 3448.006461 3462.692750 3468.410839 3466.669190 3464.473320 3469.828001 3467.150038 3421.168642 3399.385659 3384.840602 3375.079568 3329.996756 3264.745948 3231.546386 3211.428227 3176.974934 3104.329200 3065.094854 3024.918477 2989.433822 2967.318754 2949.947410 2913.875306 2879.274356 2838.234842 2796.036863 2787.626895 2769.918357 2766.984684 2765.271661 2781.183029 2790.738154 2806.132736 2814.001254 -9999.0 -9999.0
-9999.0 2294.034479 2365.976340 2490.185308 2570.708593 2613.440653 2632.166399 2644.687552 2676.246196 2713.690793 2808.745634 2823.459232 2906.773614 2943.900356 2986.110757 3054.898739 3146.450942 3183.927514 3220.692459 3281.233405 3344.429195 3389.639455 3415.341191 3401.099151 3438.561906 3463.828928 3470.481502 3476.418974 3475.325400 3466.923101 3459.980033 3466.817734 3464.085600 3445.358026 3429.712375 3428.125756 3424.824627 3401.916619 3375.443039 3360.449600 3362.352558 3386.029135 3373.983265 3352.879303 3348.546940 3369.833244 3389.705561 3379.282928 3367.039603 3382.715718 3416.712587 3440.356395 3443.436411 3461.423412 3482.409599 3454.235509 3431.447206 3388.859250 3373.136255 3348.129217 3292.528933 3237.914438 3190.524294 3146.635619 3093.863417 3043.510595 2995.476803 2961.032375 2904.773796 2869.578901 2843.519985 2798.621795 2793.660819 2788.246928 2787.989779 2784.666674 2785.592742 2791.875792 -9999.0 -9999.0
-9999.0 2201.564710 2341.832378 2522.595831 2670.165242 2719.996861 2796.255696 2831.184449 2848.172083 2848.568765 2901.114217 3095.640432 3205.299909 3220.426274 3292.836526 3382.949890 3372.864523 3402.905724 3424.835426 3446.075267 3463.239363 3475.944708 3473.809236 3468.182996 3452.021453 3444.093046 3443.311515 3441.315996 3424.300166 3405.687217 3389.141725 3386.364048 3369.847458 3322.558015 3290.119732 3273.533169 3256.322685 3242.366793 3214.612192 3189.481770 3178.845884 3185.883297 3182.875272 3173.487387 3169.082418 3182.851267 3213.511817 3210.164278 3220.199260 3239.426219 3274.705743 3311.786487 3330.707903 3359.245252 3393.562209 3439.847606 3449.870326 3471.959230 3475.309190 3463.031174 3417.852214 3368.171761 3339.241477 3284.863752 3225.543358 3168.603950 3119.810527 3074.897788 3019.781344 2985.012919 2954.438716 2899.469819 2853.687801 2841.625126 2806.410058 2791.317814 -9999.0 -9999.0 -9999.0 -9999.0
-9999.0 2104.964636 2286.762447 2531.297125 2809.658953 2889.004782 3078.639852 3188.404233 3227.478376 3292.625800 3194.576091 3381.778476 3428.489985 3421.938441 3432.070543 3434.332087 3447.932862 3447.636029 3442.588763 3431.823039 3422.579085 3418.273172 3417.104678 3409.258311 3396.787586 3382.356971 3371.433990 3360.404054 3324.680986 3293.466350 3256.077512 3244.112087 3202.578287 3117.015510 3078.252848 3041.294828 2983.306083 2984.622678 2989.283527 2985.454286 2966.687492 2940.117403 2967.747520 2977.007765 2980.791997 2977.738576 2988.923800 2994.946296 3040.502523 3074.147915 3113.000828 3160.073423 3184.818319 3223.357269 3263.271818 3314.903402 3345.141736 3373.567531 3420.230580 3456.877267 3479.276592 3466.153596 3446.265161 3403.280324 3344.567567 3295.737928 3267.523827 3218.168356 3178.173421 3134.235514 3087.891016 3035.162199 2982.069622 2922.657370 2886.555974 -9999.0 -9999.0 -9999.0 -9999.0 -9999.0
-9999.0 1892.583687 2157.506102 2429.471132 2716.097517 3029.555072 3183.359444 3280.183282 3341.066190 3317.452631 3334.616270 3342.576567 3378.286138 3384.560549 3363.655200 3350.743440 3334.334864 3333.247827 3346.201621 3319.457306 3289.986792 3277.069573 3277.873418 3267.157244 3243.857032 3228.966416 3219.643342 3202.121764 3164.083643 3115.057575 3033.079891 3001.979475 2945.505175 2903.573990 2865.454453 2818.620309 2823.031165 2825.298343 2800.228506 2836.395360 2814.948786 2797.142025 2825.872615 2801.010607 2813.516813 2798.525733 2805.722780 2839.735252 2886.744048 2927.503971 2972.404505 3000.908454 3041.551069 3081.165606 3103.500014 3144.046541 3180.307049 3221.117908 3290.045973 3366.192418 3399.885542 3433.540729 3463.457029 3484.863767 3442.664262 3415.477313 3392.491055 3370.386447 3325.119955 3280.318923 3239.848626 3176.875608 3119.702287 -9999.0 -9999.0 -9999.0 -9999.0 -9999.0 -9999.0 -9999.0
-9999.0 1776.935671 1976.484230 2177.438282 2436.716168 2672.676435 2864.575612 2958.027782 3014.230471 3074.832842 3122.923429 3157.968903 3179.772961 3200.616181 3177.937858 3138.188267 3106.946829 3111.613438 3103.952317 3082.487748 3054.785212 3041.761061 3040.118433 3035.180947 3013.743530 3003.100834 2996.379610 2997.938738 2971.494496 2918.545193 2846.157974 2821.606498 2764.947171 2740.282801 2713.731161 2683.615834 2654.495663 2665.531320 2675.735128 2675.616271 2667.918240 2667.128430 2696.012517 2714.585552 2724.640985 2714.484418 2734.159694 2759.770896 2799.945183 2801.848838 2846.919500 2896.947990 2946.304529 2968.707593 2973.988089 2988.890636 2996.140084 3039.637020 3115.952081 3195.722586 3270.431626 3314.688212 3364.433265 3402.507881 3429.333864 3456.476082 3477.047828 3468.714906 3443.887654 3411.273768 3354.483414 -9999.0 -9999.0 -9999.0 -9999.0 -9999.0 -9999.0 -9999.0 -9999.0 -9999.0
-9999.0 -9999.0 1749.014851 1907.625877 2015.010089 2182.070866 2327.446252 2437.502262 2539.132508 2678.857053 2800.485852 2847.867194 2892.504626 2908.559717 2895.009869 2866.284756 2848.345535 2848.064779 2836.734805 2829.265383 2813.494858 2808.086206 2850.433789 2841.815332 2835.079376 2831.844740 2827.374769 2817.851699 2797.967399 2752.932130 2710.800754 2663.633532 2612.918115 2588.798376 2568.271490 2548.946374 2550.764486 2545.265147 2550.048357 2552.346114 2561.121310 2574.830213 2594.406427 2617.533308 2627.706135 2638.273833 2650.579220 2674.092731 2706.593019 2748.422535 2802.689677 2824.893054 2860.900729 2869.230767 2853.975732 2851.658134 2862.413838 2894.750630 2961.334854 3009.021548 3096.867647 3161.072042 3221.984837 3276.689984 3302.586904 3338.812742 3406.484800 3454.321947 3494.395235 3472.147020 -9999.0 -9999.0 -9999.0 -9999.0 -9999.0 -9999.0 -9999.0 -9999.0 -9999.0 -9999.0
-9999.0 -9999.0 -9999.0 -9999.0 1768.280199 1917.408121 2015.250128 2096.351190 2230.154361 2359.731510 2466.591880 2554.347974 2623.347460 2652.342992 2653.878450 2668.945643 2667.696373 2659.460041 2648.740034 2651.737750 2654.609653 2647.631655 2631.493947 2624.592784 2627.179195 2633.663947 2630.990252 2617.280328 2598.467007 2581.080517 2565.207430 2532.870871 2499.402067 2470.944119 2458.182856 2454.020754 2453.692026 2445.742831 2453.927446 2462.326642 2478.004148 2493.116757 2516.642717 2545.937374 2560.682308 2575.905131 2585.514900 2605.439737 2636.311404 2690.066602 2754.242066 2812.500401 2818.251231 2819.845924 2832.343619 2816.019985 2810.503344 2835.654372 2816.644765 2870.586871 2961.756633 3001.189480 3047.559730 3087.470104 3123.740984 3181.489158 3273.020296 3352.654135 -9999.0 -9999.0 -9999.0 -9999.0 -9999.0 -9999.0 -9999.0 -9999.0 -9999.0 -9999.0 -9999.0 -9999.0
-9999.0 -9999.0 -9999.0 -9999.0 -9999.0 -9999.0 1741.226061 1846.398245 1917.642532 2068.021206 2210.977668 2318.686911 2402.962664 2439.172700 2472.654062 2503.137777 2503.632735 2484.043299 2462.858312 2483.701895 2501.305695 2494.810411 2463.189983 2463.996084 2470.177848 2477.778145 2474.959886 2468.555936 2443.481822 2458.448309 2461.528354 2438.538951 2412.982448 2399.879468 2388.174605 2397.821927 2397.761677 2383.358025 2382.520412 2410.054638 2430.877271 2443.778800 2464.990322 2498.252483 2530.962683 2546.960179 2548.569029 2554.353148 2592.624864 2662.955426 2735.915218 2792.794507 2798.835727 2804.595699 2810.803713 2770.892081 2750.817374 2757.136543 2789.665739 2838.164569 2843.069333 2881.723431 2896.978286 2901.832387 2915.961646 2985.327890 -9999.0 -9999.0 -9999.0 -9999.0 -9999.0 -9999.0 -9999.0 -9999.0 -9999.0 -9999.0 -9999.0 -9999.0 -9999.0 -9999.0
-9999.0 -9999.0 -9999.0 -9999.0 -9999.0 -9999.0 -9999.0 -9999.0 -9999.0 -9999.0 -9999.0 -9999.0 -9999.0 -9999.0 -9999.0 -9999.0 -9999.0 -9999.0 -9999.0 -9999.0 -9999.0 -9999.0 -9999.0 -9999.0 -9999.0 -9999.0 -9999.0 -9999.0 -9999.0 -9999.0 -9999.0 -9999.0 -9999.0 -9999.0 -9999.0 -9999.0 -9999.0 -9999.0 -9999.0 -9999.0 -9999.0 -9999.0 -9999.0 -9999.0 -9999.0 -9999.0 -9999.0 -9999.0 -9999.0 -9999.0 -9999.0 -9999.0 -9999.0 -9999.0 -9999.0 -9999.0 -9999.0 -9999.0 -9999.0 -9999.0 -9999.0 -9999.0 -9999.0 -9999.0 -9999.0 -9999.0 -9999.0 -9999.0 -9999.0 -9999.0 -9999.0 -9999.0 -9999.0 -9999.0 -9999.0 -9999.0 -9999.0 -9999.0 -9999.0 -9999.0
-9999.0 -9999.0 -9999.0 -9999.0 -9999.0 -9999.0 -9999.0 -9999.0 -9999.0 -9999.0 -9999.0 -9999.0 -9999.0 -9999.0 -9999.0 -9999.0 -9999.0 -9999.0 -9999.0 -9999.0 -9999.0 -9999.0 -9999.0 -9999.0 -9999.0 -9999.0 -9999.0 -9999.0 -9999.0 -9999.0 -9999.0 -9999.0 -9999.0 -9999.0 -9999.0 -9999.0 -9999.0 -9999.0 -9999.0 -9999.0 -9999.0 -9999.0 -9999.0 -9999.0 -9999.0 -9999.0 -9999.0 -9999.0 -9999.0 -9999.0 -9999.0 -9999.0 -9999.0 -9999.0 -9999.0 -9999.0 -9999.0 -9999.0 -9999.0 -9999.0 -9999.0 -9999.0 -9999.0 -9999.0 -9999.0 -9999.0 -9999.0 -9999.0 -9999.0 -9999.0 -9999.0 -9999.0 -9999.0 -9999.0 -9999.0 -9999.0 -9999.0 -9999.0 -9999.0 -9999.0