Borden_/Borden1m_014/output_maps/psiliqL0022N0022.asc
ncols         80
nrows         18
xllcorner     620200.000000
yllcorner     5168000.000000
cellsize      1.000000
NODATA_value  -9999.0
-9999.0 -9999.0 -9999.0 -9999.0 -9999.0 -9999.0 -9999.0 -9999.0 -9999.0 -9999.0 -9999.0 -9999.0 -9999.0 -9999.0 -9999.0 -9999.0 -9999.0 -9999.0 -9999.0 -9999.0 -9999.0 -9999.0 -9999.0 -9999.0 -9999.0 -9999.0 -9999.0 -9999.0 -9999.0 -9999.0 -9999.0 -9999.0 -9999.0 -9999.0 -9999.0 -9999.0 -9999.0 -9999.0 -9999.0 -9999.0 -9999.0 -9999.0 -9999.0 -9999.0 -9999.0 -9999.0 -9999.0 -9999.0 -9999.0 -9999.0 -9999.0 -9999.0 -9999.0 -9999.0 -9999.0 -9999.0 -9999.0 -9999.0 -9999.0 -9999.0 -9999.0 -9999.0 -9999.0 -9999.0 -9999.0 -9999.0 -9999.0 -9999.0 -9999.0 -9999.0 -9999.0 -9999.0 -9999.0 -9999.0 -9999.0 -9999.0 -9999.0 -9999.0 -9999.0 -9999.0
-9999.0 -9999.0 -9999.0 -9999.0 -9999.0 -9999.0 -9999.0 -9999.0 -9999.0 -9999.0 -9999.0 -9999.0 -9999.0 -9999.0 -9999.0 -9999.0 -9999.0 -9999.0 -9999.0 -9999.0 -9999.0 -9999.0 -9999.0 -9999.0 -9999.0 -9999.0 -9999.0 -9999.0 -9999.0 -9999.0 -9999.0 -9999.0 -9999.0 -9999.0 -9999.0 -9999.0 -9999.0 -9999.0 -9999.0 -9999.0 -9999.0 -9999.0 -9999.0 -9999.0 -9999.0 -9999.0 -9999.0 -9999.0 -9999.0 -9999.0 -9999.0 -9999.0 -9999.0 -9999.0 -9999.0 -9999.0 -9999.0 -9999.0 -9999.0 -9999.0 -9999.0 -9999.0 -9999.0 -9999.0 -9999.0 -9999.0 -9999.0 -9999.0 -9999.0 -9999.0 -9999.0 -9999.0 -9999.0 -9999.0 -9999.0 -9999.0 -9999.0 -9999.0 -9999.0 -9999.0
-9999.0 -9999.0 -9999.0 -9999.0 -9999.0 -9999.0 -9999.0 -9999.0 -9999.0 -9999.0 -9999.0 -9999.0 -9999.0 -9999.0 -9999.0 -9999.0 -9999.0 -9999.0 -9999.0 -9999.0 2555.247774 2557.613409 2537.214932 2505.025887 2478.895331 2482.999849 2518.675676 2561.707128 2602.814997 2613.558166 2597.295097 2602.781768 2599.941783 2597.320941 2599.177486 2607.477135 2614.440641 2624.770716 2632.814310 2632.006713 2626.058014 2621.894565 2624.278919 2626.510703 2632.187386 2618.175865 2632.470113 2646.830315 2649.934696 2644.373667 2617.562610 2602.056977 2590.911199 2572.464080 2595.594765 2604.906738 2624.790965 2626.689842 2622.771030 2594.840015 2564.022389 -9999.0 -9999.0 -9999.0 -9999.0 -9999.0 -9999.0 -9999.0 -9999.0 -9999.0 -9999.0 -9999.0 -9999.0 -9999.0 -9999.0 -9999.0 -9999.0 -9999.0 -9999.0 -9999.0
-9999.0 -9999.0 -9999.0 -9999.0 -9999.0 -9999.0 -9999.0 -9999.0 -9999.0 -9999.0 -9999.0 -9999.0 -9999.0 -9999.0 2460.110204 2452.279781 2451.209184 2460.812603 2495.445386 2527.004953 2538.981088 2532.881250 2534.427305 2512.080873 2492.199452 2507.573711 2539.361483 2571.965235 2608.034453 2628.959341 2620.501535 2620.337775 2629.950150 2653.420407 2663.921573 2661.174354 2642.867790 2667.980180 2682.745464 2689.401690 2688.998897 2680.597330 2691.028680 2705.631581 2698.263746 2681.655370 2689.814456 2702.374895 2711.814760 2699.755896 2636.753281 2619.842594 2613.301371 2605.494332 2589.420259 2582.811910 2607.943406 2604.490352 2594.504519 2575.347553 2541.037558 2495.614339 2475.243094 2513.262339 2555.121604 2609.664025 -9999.0 -9999.0 -9999.0 -9999.0 -9999.0 -9999.0 -9999.0 -9999.0 -9999.0 -9999.0 -9999.0 -9999.0 -9999.0 -9999.0
-9999.0 -9999.0 -9999.0 -9999.0 -9999.0 -9999.0 -9999.0 -9999.0 -9999.0 2397.714379 2404.135950 2412.794375 2417.170834 2434.304184 2432.454740 2441.231475 2448.421617 2477.855769 2509.902139 2545.748885 2574.412440 2567.938135 2568.782218 2576.868223 2576.764373 2588.552402 2611.963810 2653.959959 2689.255391 2729.428478 2700.776823 2699.507198 2719.618494 2764.079618 2790.868382 2794.561725 2776.287928 2790.861723 2815.461542 2834.138360 2832.889912 2829.047516 2853.747295 2868.447449 2864.155214 2842.387349 2837.793955 2841.706502 2867.978949 2815.305606 2747.135389 2702.238164 2710.954640 2685.109560 2652.441986 2634.376299 2631.496487 2649.602584 2633.741412 2595.311669 2559.574125 2546.049386 2526.610461 2543.810191 2564.379386 2607.823477 2645.336181 2672.259585 2669.506259 2650.669446 -9999.0 -9999.0 -9999.0 -9999.0 -9999.0 -9999.0 -9999.0 -9999.0 -9999.0 -9999.0
-9999.0 -9999.0 -9999.0 -9999.0 -9999.0 -9999.0 2316.650327 2328.056757 2350.247649 2354.853123 2382.691164 2390.492017 2412.436714 2432.847905 2456.898207 2473.570464 2503.086738 2536.760104 2576.223850 2618.124737 2651.179896 2643.793320 2655.167896 2679.504469 2713.210673 2738.465187 2765.005274 2806.534986 2805.060222 2841.295532 2838.011787 2840.144261 2849.277630 2899.535063 2963.710660 2975.856694 2955.759554 2942.453064 2964.726199 3001.105431 3000.965295 3000.039911 2988.032631 2997.960569 3024.510385 3014.983316 3002.807830 2995.344406 2999.701996 2979.128865 2912.841255 2853.861378 2831.507633 2858.114524 2773.726071 2724.137455 2739.053833 2760.142822 2732.302828 2679.269377 2639.229305 2628.809466 2612.936275 2600.478561 2607.831123 2626.193172 2646.073796 2655.586055 2640.216135 2616.732712 2592.820006 2562.658719 2563.372020 2587.279110 -9999.0 -9999.0 -9999.0 -9999.0 -9999.0 -9999.0
-9999.0 -9999.0 -9999.0 -9999.0 2264.832905 2279.023721 2266.747047 2294.554711 2328.993614 2365.045121 2396.230941 2432.862560 2460.720237 2491.998105 2530.267677 2559.692656 2598.595648 2633.561364 2687.216180 2754.679081 2805.109018 2825.592804 2840.214437 2816.275240 2873.115029 2921.989735 2941.487231 2967.272519 2986.382540 3041.768344 3064.398780 3067.895381 3084.748073 3125.202486 3178.247213 3209.195238 3192.063021 3183.607908 3192.245497 3205.284359 3227.393507 3227.513480 3228.383086 3231.819204 3238.519970 3237.400378 3212.478704 3179.773705 3170.453901 3160.987329 3126.287631 3056.310501 3024.631458 2998.112320 2983.581519 2930.591417 2877.944078 2873.909849 2820.077596 2835.441672 2777.325160 2760.195180 2731.627163 2707.700891 2682.865084 2686.346901 2689.935636 2667.996232 2632.645897 2598.167906 2581.680914 2561.206038 2547.849202 2576.821552 2592.787011 2621.397105 -9999.0 -9999.0 -9999.0 -9999.0
-9999.0 -9999.0 2202.947263 2250.482407 2309.263073 2318.450034 2316.742143 2323.481020 2353.721519 2407.267265 2478.123407 2522.657418 2559.922702 2595.819255 2656.084619 2726.964608 2795.289499 2842.985617 2828.489185 2897.110279 2956.926310 2985.102953 2995.747339 3006.352777 3059.030489 3124.650371 3151.468256 3176.924525 3203.447061 3237.763085 3235.496553 3247.089680 3258.232084 3267.905529 3280.014431 3285.583057 3281.253314 3276.771967 3258.562424 3253.893394 3260.480038 3267.456997 3267.243184 3252.983454 3249.042293 3263.609468 3269.113008 3267.502578 3265.585615 3271.096251 3269.119805 3224.053345 3200.651667 3186.380697 3179.862396 3135.109388 3070.296175 3036.630970 3017.043863 3001.951317 2928.313337 2886.834998 2844.635853 2807.618594 2824.972234 2799.595571 2755.460421 2714.041157 2666.469461 2618.380881 2592.821948 2574.083329 2570.233087 2567.786137 2582.913952 2596.398263 2610.576151 2617.746788 -9999.0 -9999.0
-9999.0 2094.632531 2166.683880 2291.200565 2371.871106 2414.816985 2435.089395 2448.855507 2479.829078 2515.366143 2611.603906 2679.506243 2769.298287 2812.532299 2862.340166 2878.821893 2970.678808 2991.546249 3027.379405 3086.952379 3149.354171 3191.678432 3217.152771 3205.370138 3242.084048 3265.722359 3271.841032 3277.385549 3275.864685 3267.503972 3260.390297 3267.289239 3264.661586 3246.110410 3230.631888 3229.107945 3225.844982 3203.115809 3179.499157 3164.688410 3166.885129 3187.538395 3178.310828 3157.437060 3153.150163 3174.187218 3191.030433 3180.717311 3171.360238 3184.155727 3217.899441 3241.062134 3244.871772 3262.655113 3283.591353 3255.743250 3232.408391 3190.318622 3177.554809 3152.731464 3097.475743 3042.799100 2995.549634 2969.343548 2914.639829 2861.730063 2811.310470 2806.828709 2742.183456 2700.018765 2668.601428 2618.998298 2599.025541 2600.200501 2590.381906 2586.190447 2590.208867 2595.698405 -9999.0 -9999.0
-9999.0 2003.625306 2144.222754 2325.570270 2473.330974 2524.353174 2603.721413 2673.590882 2698.205345 2657.469906 2766.866397 2920.096260 3013.246536 3027.702250 3099.219611 3185.426477 3178.010357 3207.503185 3228.989366 3248.590613 3264.470146 3276.587563 3274.308005 3268.520089 3252.485740 3244.588665 3243.863388 3241.909686 3225.037297 3206.550612 3190.097173 3187.470953 3173.895461 3127.412656 3095.143497 3078.780270 3062.137485 3047.934311 3019.993922 2995.522674 3003.817344 2992.739657 2989.317692 2998.287853 2994.006519 2989.266918 3019.739475 3015.657461 3025.177641 3044.321544 3079.653733 3116.467423 3135.265042 3163.677364 3194.951178 3240.612941 3251.096158 3273.064213 3276.565462 3263.624591 3218.954482 3172.562351 3143.675818 3089.551843 3030.187974 2991.285252 2939.982925 2892.376238 2834.908464 2798.021661 2786.540731 2727.431715 2676.392948 2658.152488 2618.393621 2599.741141 -9999.0 -9999.0 -9999.0 -9999.0
-9999.0 1909.170909 2091.796837 2338.225057 2629.999865 2719.840691 2892.845496 2994.941793 3034.532686 3098.535822 3009.026050 3187.599850 3232.051983 3224.959123 3233.119375 3235.041116 3248.404686 3248.233960 3243.200854 3232.526373 3223.406342 3219.196299 3217.990490 3210.169100 3197.753785 3183.407492 3175.365235 3164.436839 3129.063353 3097.983708 3061.108988 3049.181150 3009.000225 2941.415335 2901.560813 2864.041878 2805.301994 2805.509075 2809.635856 2852.636182 2832.909344 2804.770002 2831.615069 2842.772432 2847.399130 2845.290247 2859.165495 2815.868791 2861.365153 2895.962395 2936.151048 2983.954749 2989.685425 3028.089934 3068.193479 3119.762425 3149.709142 3178.085257 3221.335767 3257.846426 3280.118055 3267.337914 3246.979034 3204.595911 3148.906697 3100.098803 3071.771740 3022.450607 2995.109019 2949.347020 2901.751341 2847.476005 2811.974980 2743.234772 2702.327246 -9999.0 -9999.0 -9999.0 -9999.0 -9999.0
-9999.0 1700.754754 1966.080168 2240.085821 2530.002894 2846.456629 2989.950744 3088.162004 3148.387646 3122.769272 3138.021165 3146.708585 3179.941521 3185.889120 3167.371721 3154.914017 3138.927332 3137.838464 3150.743495 3124.181589 3094.948709 3082.147980 3082.888148 3072.141994 3049.003227 3034.075815 3024.731783 3007.836576 2987.612309 2937.860873 2855.155634 2823.368188 2816.345066 2770.892993 2729.378613 2678.744247 2627.669703 2628.677569 2649.582224 2637.323631 2615.276578 2597.022977 2625.400600 2647.242315 2661.183872 2647.761970 2656.951758 2692.680381 2743.302423 2788.906734 2838.571225 2819.914191 2860.941768 2902.197257 2926.525782 2968.900279 2985.825865 3026.509654 3095.242755 3170.702697 3201.080564 3234.405742 3264.675884 3285.894856 3243.928463 3216.412753 3193.643701 3173.552278 3128.226651 3083.500673 3043.069857 2980.511575 2932.982008 -9999.0 -9999.0 -9999.0 -9999.0 -9999.0 -9999.0 -9999.0
-9999.0 1583.828985 1785.776857 1990.362847 2252.897025 2489.274737 2709.090034 2812.291526 2838.141117 2896.457014 2943.752325 2979.602819 2986.277807 3006.879462 2984.357922 2962.674162 2931.799160 2936.282138 2928.861090 2906.836222 2878.588000 2864.942322 2862.299398 2856.804872 2834.774250 2823.483020 2816.490480 2866.685124 2837.326125 2780.959615 2703.717044 2626.384497 2569.275728 2543.724108 2516.799675 2486.246828 2455.633999 2466.080940 2476.377182 2474.982745 2466.561630 2465.272647 2494.106102 2513.173449 2523.406819 2513.334362 2533.322271 2559.478548 2600.347361 2645.277986 2694.841833 2748.763063 2802.912033 2830.783527 2841.788070 2862.639922 2817.597784 2862.834214 2941.148480 3001.593660 3075.446479 3119.521054 3168.939262 3203.728931 3230.091786 3257.982619 3277.879887 3269.011571 3244.469054 3212.135194 3157.199746 -9999.0 -9999.0 -9999.0 -9999.0 -9999.0 -9999.0 -9999.0 -9999.0 -9999.0
-9999.0 -9999.0 1557.605906 1718.664816 1830.106812 1999.045439 2145.370099 2255.699156 2355.292247 2491.058461 2610.127664 2703.864892 2750.464577 2768.958822 2757.624008 2731.266417 2714.373358 2715.059146 2704.436895 2696.717676 2680.128090 2672.973158 2658.625746 2649.385714 2641.398540 2637.018018 2631.709205 2621.777261 2601.431580 2556.180923 2513.238675 2465.179159 2414.268457 2389.858192 2369.092472 2349.369139 2350.561805 2345.004965 2349.591195 2351.501929 2359.800540 2373.215486 2392.803381 2415.655888 2425.858698 2436.347909 2448.903904 2472.693352 2505.499812 2547.828356 2602.249978 2661.835438 2702.722198 2715.599392 2704.845069 2707.786688 2723.745182 2763.297308 2838.744254 2832.357570 2921.673787 2987.153767 3027.413151 3081.705867 3107.381539 3143.283979 3207.757551 3255.401795 3294.460873 3272.334696 -9999.0 -9999.0 -9999.0 -9999.0 -9999.0 -9999.0 -9999.0 -9999.0 -9999.0 -9999.0
-9999.0 -9999.0 -9999.0 -9999.0 1579.248324 1729.231020 1827.078117 1908.573844 2041.688757 2169.803695 2275.202581 2361.970101 2429.541011 2457.866858 2458.846831 2473.099919 2472.003962 2464.658059 2454.590332 2457.397239 2459.915400 2452.868839 2436.644175 2429.221909 2430.978251 2436.621588 2433.430784 2419.356282 2400.486306 2382.287782 2365.760950 2333.108614 2299.125682 2270.511507 2257.639383 2253.172733 2252.733282 2244.774651 2252.854621 2260.925040 2276.398560 2291.440600 2314.969168 2344.324399 2358.985319 2374.235947 2383.992585 2404.165542 2435.005390 2488.783425 2552.884507 2611.394249 2649.320341 2654.511622 2630.868554 2615.051029 2610.183558 2636.425154 2678.868533 2741.438135 2841.711883 2824.469629 2872.713281 2914.606949 2951.583304 2987.212579 3077.245477 3155.870361 -9999.0 -9999.0 -9999.0 -9999.0 -9999.0 -9999.0 -9999.0 -9999.0 -9999.0 -9999.0 -9999.0 -9999.0
-9999.0 -9999.0 -9999.0 -9999.0 -9999.0 -9999.0 1550.212915 1654.862441 1727.403731 1875.766358 2016.516964 2122.791044 2206.133117 2241.648073 2274.183179 2304.472190 2305.078194 2286.131314 2265.666866 2286.475809 2303.652242 2297.239097 2265.628633 2265.903010 2271.424898 2278.652396 2275.512019 2268.796381 2243.537929 2257.891041 2260.578225 2237.528842 2211.868042 2198.636935 2186.847719 2196.422642 2196.315435 2181.922258 2181.174485 2208.473389 2229.108830 2241.983010 2263.259774 2296.528521 2329.223093 2345.166006 2346.823696 2352.751559 2391.439398 2461.775769 2534.553165 2591.279203 2625.062387 2634.025729 2608.755519 2569.183745 2549.410723 2556.301262 2589.878107 2639.906245 2714.544359 2762.078688 2784.636487 2794.427423 2810.676802 2811.958890 -9999.0 -9999.0 -9999.0 -9999.0 -9999.0 -9999.0 -9999.0 -9999.0 -9999.0 -9999.0 -9999.0 -9999.0 -9999.0 -9999.0
-9999.0 -9999.0 -9999.0 -9999.0 -9999.0 -9999.0 -9999.0 -9999.0 -9999.0 -9999.0 -9999.0 -9999.0 -9999.0 -9999.0 -9999.0 -9999.0 -9999.0 -9999.0 -9999.0 -9999.0 -9999.0 -9999.0 -9999.0 -9999.0 -9999.0 -9999.0 -9999.0 -9999.0 -9999.0 -9999.0 -9999.0 -9999.0 -9999.0 -9999.0 -9999.0 -9999.0 -9999.0 -9999.0 -9999.0 -9999.0 -9999.0 -9999.0 -9999.0 -9999.0 -9999.0 -9999.0 -9999.0 -9999.0 -9999.0 -9999.0 -9999.0 -9999.0 -9999.0 -9999.0 -9999.0 -9999.0 -9999.0 -9999.0 -9999.0 -9999.0 -9999.0 -9999.0 -9999.0 -9999.0 -9999.0 -9999.0 -9999.0 -9999.0 -9999.0 -9999.0 -9999.0 -9999.0 -9999.0 -9999.0 -9999.0 -9999.0 -9999.0 -9999.0 -9999.0 -9999.0
-9999.0 -9999.0 -9999.0 -9999.0 -9999.0 -9999.0 -9999.0 -9999.0 -9999.0 -9999.0 -9999.0 -9999.0 -9999.0 -9999.0 -9999.0 -9999.0 -9999.0 -9999.0 -9999.0 -9999.0 -9999.0 -9999.0 -9999.0 -9999.0 -9999.0 -9999.0 -9999.0 -9999.0 -9999.0 -9999.0 -9999.0 -9999.0 -9999.0 -9999.0 -9999.0 -9999.0 -9999.0 -9999.0 -9999.0 -9999.0 -9999.0 -9999.0 -9999.0 -9999.0 -9999.0 -9999.0 -9999.0 -9999.0 -9999.0 -9999.0 -9999.0 -9999.0 -9999.0 -9999.0 -9999.0 -9999.0 -9999.0 -9999.0 -9999.0 -9999.0 -9999.0 -9999.0 -9999.0 -9999.0 -9999.0 -9999.0 -9999.0 -9999.0 -9999.0 -9999.0 -9999.0 -9999.0 -9999.0 -9999.0 -9999.0 -9999.0 -9999.0 -9999.0 -9999.0 -9999.0