Borden_/Borden1m_014/output_maps/psiliqL0002N0039.asc
ncols         80
nrows         18
xllcorner     620200.000000
yllcorner     5168000.000000
cellsize      1.000000
NODATA_value  -9999.0
-9999.0 -9999.0 -9999.0 -9999.0 -9999.0 -9999.0 -9999.0 -9999.0 -9999.0 -9999.0 -9999.0 -9999.0 -9999.0 -9999.0 -9999.0 -9999.0 -9999.0 -9999.0 -9999.0 -9999.0 -9999.0 -9999.0 -9999.0 -9999.0 -9999.0 -9999.0 -9999.0 -9999.0 -9999.0 -9999.0 -9999.0 -9999.0 -9999.0 -9999.0 -9999.0 -9999.0 -9999.0 -9999.0 -9999.0 -9999.0 -9999.0 -9999.0 -9999.0 -9999.0 -9999.0 -9999.0 -9999.0 -9999.0 -9999.0 -9999.0 -9999.0 -9999.0 -9999.0 -9999.0 -9999.0 -9999.0 -9999.0 -9999.0 -9999.0 -9999.0 -9999.0 -9999.0 -9999.0 -9999.0 -9999.0 -9999.0 -9999.0 -9999.0 -9999.0 -9999.0 -9999.0 -9999.0 -9999.0 -9999.0 -9999.0 -9999.0 -9999.0 -9999.0 -9999.0 -9999.0
-9999.0 -9999.0 -9999.0 -9999.0 -9999.0 -9999.0 -9999.0 -9999.0 -9999.0 -9999.0 -9999.0 -9999.0 -9999.0 -9999.0 -9999.0 -9999.0 -9999.0 -9999.0 -9999.0 -9999.0 -9999.0 -9999.0 -9999.0 -9999.0 -9999.0 -9999.0 -9999.0 -9999.0 -9999.0 -9999.0 -9999.0 -9999.0 -9999.0 -9999.0 -9999.0 -9999.0 -9999.0 -9999.0 -9999.0 -9999.0 -9999.0 -9999.0 -9999.0 -9999.0 -9999.0 -9999.0 -9999.0 -9999.0 -9999.0 -9999.0 -9999.0 -9999.0 -9999.0 -9999.0 -9999.0 -9999.0 -9999.0 -9999.0 -9999.0 -9999.0 -9999.0 -9999.0 -9999.0 -9999.0 -9999.0 -9999.0 -9999.0 -9999.0 -9999.0 -9999.0 -9999.0 -9999.0 -9999.0 -9999.0 -9999.0 -9999.0 -9999.0 -9999.0 -9999.0 -9999.0
-9999.0 -9999.0 -9999.0 -9999.0 -9999.0 -9999.0 -9999.0 -9999.0 -9999.0 -9999.0 -9999.0 -9999.0 -9999.0 -9999.0 -9999.0 -9999.0 -9999.0 -9999.0 -9999.0 -9999.0 -608.478528 -607.555600 -609.729630 -612.221589 -614.273127 -614.491759 -612.163833 -609.395630 -606.211980 -605.497470 -607.953225 -607.421395 -608.368007 -608.832153 -608.818874 -608.146773 -607.845688 -606.795559 -606.101582 -606.353555 -607.111721 -607.677707 -608.166139 -607.961653 -607.141357 -608.251857 -606.559558 -604.825268 -604.165860 -604.275613 -606.737544 -607.806466 -608.206129 -610.072503 -606.677557 -605.568446 -602.888489 -602.574021 -602.157077 -605.180687 -608.123434 -9999.0 -9999.0 -9999.0 -9999.0 -9999.0 -9999.0 -9999.0 -9999.0 -9999.0 -9999.0 -9999.0 -9999.0 -9999.0 -9999.0 -9999.0 -9999.0 -9999.0 -9999.0 -9999.0
-9999.0 -9999.0 -9999.0 -9999.0 -9999.0 -9999.0 -9999.0 -9999.0 -9999.0 -9999.0 -9999.0 -9999.0 -9999.0 -9999.0 -612.813481 -613.921754 -614.424912 -614.668234 -612.581452 -610.882249 -610.696586 -611.852254 -610.987612 -613.280619 -615.264006 -614.043090 -612.214295 -610.589759 -607.999559 -606.010104 -607.774141 -608.204437 -607.196648 -603.709010 -602.046096 -602.720308 -606.630659 -602.960270 -600.916470 -599.558369 -599.723758 -601.512246 -598.885576 -595.825831 -597.322074 -600.544931 -599.968367 -598.165654 -595.149729 -596.984628 -606.918901 -608.177500 -607.765681 -607.686801 -608.995637 -609.912930 -606.470458 -606.866775 -607.492460 -608.287681 -610.465700 -613.792364 -615.220631 -611.872424 -608.655835 -602.152721 -9999.0 -9999.0 -9999.0 -9999.0 -9999.0 -9999.0 -9999.0 -9999.0 -9999.0 -9999.0 -9999.0 -9999.0 -9999.0 -9999.0
-9999.0 -9999.0 -9999.0 -9999.0 -9999.0 -9999.0 -9999.0 -9999.0 -9999.0 -614.831182 -615.114009 -614.798130 -615.475597 -614.494940 -616.003864 -615.619319 -615.822100 -614.407246 -613.142335 -611.041561 -608.338833 -610.224580 -610.451037 -609.015779 -608.693881 -608.008816 -606.650964 -601.975545 -596.287078 -587.545203 -594.615847 -594.904632 -590.877392 -575.875433 -560.431688 -554.989310 -563.827963 -563.831591 -552.643308 -537.335855 -535.522450 -536.553911 -518.041210 -505.942815 -497.992013 -515.893858 -534.542009 -537.427459 -517.357369 -551.838573 -576.111028 -592.506178 -591.814526 -597.508054 -603.564439 -605.875762 -606.620467 -602.605698 -604.257670 -608.116385 -611.220550 -610.472803 -612.109061 -610.508541 -609.215572 -604.244159 -599.612838 -595.096688 -594.867933 -597.722937 -9999.0 -9999.0 -9999.0 -9999.0 -9999.0 -9999.0 -9999.0 -9999.0 -9999.0 -9999.0
-9999.0 -9999.0 -9999.0 -9999.0 -9999.0 -9999.0 -616.950394 -617.057328 -616.422108 -618.222722 -616.851728 -617.711695 -616.662030 -616.139689 -615.412055 -615.261414 -613.411333 -611.706916 -608.809164 -604.890810 -601.208520 -602.874806 -601.856198 -596.415510 -585.710486 -575.271618 -568.040756 -553.212894 -492.767006 -437.237671 -415.613746 -406.346541 -396.094041 -362.654960 -306.552625 -288.778556 -308.020800 -322.924240 -303.282701 -258.769308 -180.148658 -178.082665 -172.652975 -165.762440 -139.228144 -143.689061 -251.833445 -282.703768 -294.547231 -305.893656 -352.869704 -402.041988 -454.864582 -510.815798 -561.037481 -580.843885 -583.853856 -580.868578 -588.527841 -598.081906 -603.666184 -603.879493 -605.011792 -606.919703 -606.074942 -604.017304 -600.840505 -598.874918 -600.416200 -602.558351 -604.275061 -607.498846 -607.029883 -603.915842 -9999.0 -9999.0 -9999.0 -9999.0 -9999.0 -9999.0
-9999.0 -9999.0 -9999.0 -9999.0 -619.915843 -619.046588 -621.581612 -620.119511 -618.927505 -617.985058 -617.827242 -616.129763 -615.544481 -614.263294 -611.573923 -609.265261 -605.313570 -602.145190 -593.561625 -575.152928 -554.276911 -538.356832 -524.886606 -454.055754 -391.486294 -349.066514 -331.769321 -304.364144 -255.518074 -131.865184 -105.782220 -97.245482 -83.381031 -56.122195 -20.707480 11.293918 -4.599625 -10.418146 -7.738311 -0.721391 22.752746 23.314809 24.035023 24.054628 26.055337 27.939393 8.537389 -21.232081 -32.623669 -78.805534 -56.495496 -116.722830 -223.991542 -261.801942 -286.998115 -330.578344 -391.664708 -417.093892 -482.786193 -534.651707 -569.041981 -578.798449 -587.710208 -592.379571 -598.040619 -597.205168 -595.834335 -598.692592 -602.375593 -605.809722 -606.384850 -607.885377 -609.391066 -605.469547 -603.929659 -599.487567 -9999.0 -9999.0 -9999.0 -9999.0
-9999.0 -9999.0 -620.187377 -619.983783 -617.543996 -618.916730 -619.707131 -620.890565 -620.303584 -617.872514 -613.077852 -610.670850 -607.099390 -605.049755 -596.768502 -575.079127 -541.259842 -503.099884 -431.944757 -375.832932 -321.450822 -278.380789 -208.757544 -153.486209 -108.406084 -100.003405 -39.876379 -55.268129 2.937679 28.102308 52.557315 69.965566 72.995751 68.298322 65.232426 65.576370 62.846978 58.438472 43.045188 40.559156 47.459551 49.924366 53.258605 41.184408 37.418488 49.725654 51.438109 52.234640 54.986463 61.594735 74.028493 44.528770 -7.847890 -18.567439 -20.071934 -58.471122 -128.250312 -221.469476 -249.040895 -289.210449 -364.861061 -408.083668 -462.393498 -522.313604 -558.718332 -572.538701 -585.047189 -592.457168 -598.989351 -604.727549 -606.564420 -607.703614 -607.055119 -607.513409 -605.398964 -603.706277 -601.302521 -600.340670 -9999.0 -9999.0
-9999.0 -620.969445 -621.614072 -617.207645 -616.186351 -615.071274 -613.511180 -612.168846 -610.837584 -612.353715 -598.933805 -569.462415 -530.729608 -508.773684 -443.200290 -347.620932 -187.259656 -153.420755 -131.466290 -88.104736 -43.541095 -18.657205 19.169683 50.355114 75.463169 67.156330 67.192463 63.625045 56.863225 48.647905 38.648667 46.314438 45.108181 30.469232 19.603254 19.068361 12.316943 -8.322929 -32.335922 -44.325899 -39.141001 -18.001561 -28.076552 -47.970764 -51.871848 -32.431854 -17.704643 -25.976061 -37.688006 -54.890215 8.379087 24.063701 40.439174 53.769311 74.998269 51.961962 20.052448 -15.808710 -28.177168 -52.691690 -163.146616 -230.101735 -283.272237 -347.440879 -402.267777 -469.032892 -534.377567 -565.482538 -584.532502 -591.370287 -595.568836 -603.439702 -605.590203 -604.136344 -605.170675 -605.301064 -604.343545 -603.575489 -9999.0 -9999.0
-9999.0 -624.710324 -620.803591 -615.844064 -609.251321 -607.536256 -584.942243 -560.578400 -548.451262 -562.378106 -474.641561 -180.926851 -122.199535 -120.325113 -70.900181 -2.880861 37.747072 60.573462 71.479794 65.238471 57.444015 58.252181 55.359706 46.066970 32.358705 26.767529 25.799638 24.770816 8.453908 -8.934097 -24.048825 -24.493030 -37.205973 -70.701148 -113.499141 -135.097452 -184.005388 -211.936058 -247.611689 -273.216350 -284.679702 -263.742568 -275.247143 -294.568281 -298.448206 -274.305556 -241.805617 -249.101999 -246.447377 -224.737723 -178.389837 -89.903031 -68.702205 -44.275717 -11.028253 24.680501 42.919685 61.835685 69.222501 43.890505 7.277727 -36.958000 -64.905627 -178.457669 -255.521283 -335.605692 -387.011726 -425.841239 -490.879043 -534.903882 -562.192465 -581.223748 -593.776490 -596.832299 -602.550294 -603.748022 -9999.0 -9999.0 -9999.0 -9999.0
-9999.0 -624.755104 -620.810658 -611.346989 -586.345435 -541.563882 -395.125947 -260.243179 -98.300332 -134.119761 -10.969742 59.086570 66.103593 49.720497 23.674530 20.172625 29.316812 31.167541 26.408858 19.028598 8.169554 -25.376069 4.216600 -3.898049 -15.980641 -28.687219 -40.240892 -50.065293 -140.483399 -178.582139 -207.050933 -221.898047 -253.436863 -337.521018 -373.161063 -395.009457 -447.239620 -464.148656 -481.836211 -513.347603 -528.344432 -537.079395 -525.602494 -528.304412 -529.157944 -521.370180 -500.635594 -482.506060 -435.516301 -403.475276 -370.118513 -319.470119 -285.682326 -242.546939 -189.163283 -83.259227 -54.791899 -29.806048 10.234967 44.982030 65.389616 57.783599 29.519098 -3.425808 -60.205576 -185.669183 -242.334812 -315.129070 -369.457192 -403.712994 -428.560299 -475.859450 -540.807446 -578.626547 -587.343324 -9999.0 -9999.0 -9999.0 -9999.0 -9999.0
-9999.0 -629.670132 -620.452731 -612.519544 -567.844598 -378.685832 -287.367827 -25.724917 28.657346 -41.324835 -138.913654 -52.693802 -21.360784 -20.790658 -46.864211 -62.144811 -60.523292 -61.296836 -50.504823 -99.509236 -165.345344 -182.711398 -183.768787 -195.637745 -217.121605 -234.855625 -248.763330 -269.718891 -323.751443 -366.431343 -419.302084 -445.135982 -519.929437 -560.968301 -576.648368 -588.563748 -599.000347 -598.898750 -595.826409 -598.749256 -601.821227 -604.884074 -601.168363 -599.384911 -597.712142 -599.684649 -598.947060 -593.490185 -583.796968 -572.439848 -552.126589 -513.041538 -461.795537 -407.260525 -379.394547 -327.277338 -280.940617 -234.334210 -158.117943 -35.563586 -9.057482 19.985556 55.292291 74.267797 36.048463 0.041055 -62.477460 -186.433739 -289.296391 -332.451475 -347.936560 -366.967555 -403.238243 -9999.0 -9999.0 -9999.0 -9999.0 -9999.0 -9999.0 -9999.0
-9999.0 -632.761504 -622.836415 -620.541629 -606.555715 -572.548601 -486.751233 -375.781089 -209.765097 -327.484596 -341.052457 -313.759356 -283.333675 -262.166614 -286.085751 -320.477011 -343.821858 -340.708500 -339.993449 -362.839772 -388.689984 -399.281212 -399.761597 -406.617716 -434.207785 -455.566552 -470.046685 -495.952907 -530.014633 -559.685053 -586.348369 -597.880209 -605.578698 -608.388149 -610.374517 -612.397328 -615.926795 -614.133980 -612.660588 -613.072404 -614.211698 -615.035480 -612.446961 -611.464546 -610.617988 -612.921070 -611.245749 -609.564597 -605.877914 -601.924658 -596.112583 -587.140255 -574.634641 -564.043616 -555.496644 -535.756071 -494.295868 -424.289700 -354.645238 -258.602451 -185.585372 -97.995549 -39.346227 -6.759985 11.057962 11.760937 22.767033 -12.058801 -261.968027 -298.104410 -300.569205 -9999.0 -9999.0 -9999.0 -9999.0 -9999.0 -9999.0 -9999.0 -9999.0 -9999.0
-9999.0 -9999.0 -634.575504 -630.290782 -626.238363 -621.992486 -615.893796 -607.850694 -601.238242 -592.416663 -577.863422 -558.342495 -542.216991 -533.367480 -544.760114 -563.691346 -572.943028 -572.406802 -574.742276 -579.218670 -586.533353 -589.081185 -590.796160 -592.189191 -595.194857 -596.497392 -597.084344 -598.288646 -600.811867 -605.988091 -610.461782 -613.486421 -616.634190 -616.695189 -617.265884 -618.345336 -617.645516 -617.825758 -617.531683 -617.677064 -617.468363 -616.999461 -616.357880 -615.519544 -615.431949 -615.208482 -614.853782 -613.867476 -612.329283 -610.249898 -606.289491 -600.392693 -595.635253 -594.368067 -596.657931 -595.801594 -592.150766 -582.850145 -547.708311 -460.603781 -380.525675 -314.347245 -244.291415 -198.803389 -183.924512 -160.761026 -52.087582 -197.482364 -350.575300 -340.478990 -9999.0 -9999.0 -9999.0 -9999.0 -9999.0 -9999.0 -9999.0 -9999.0 -9999.0 -9999.0
-9999.0 -9999.0 -9999.0 -9999.0 -635.936620 -630.260954 -625.135610 -625.465172 -621.622443 -619.158698 -616.658523 -613.582559 -611.013131 -609.320828 -611.392585 -612.065095 -612.583277 -612.299997 -612.748079 -613.350083 -613.706753 -614.074600 -614.411262 -614.894212 -614.770948 -614.381826 -614.292461 -615.095912 -615.200386 -616.800068 -617.184962 -618.161986 -619.098037 -620.085567 -619.956604 -620.103536 -619.719420 -620.139845 -619.474717 -619.857315 -619.343193 -619.077633 -618.403942 -617.341578 -617.665825 -617.049484 -616.967116 -616.109596 -615.627288 -613.242021 -609.328329 -604.667532 -601.381388 -601.458956 -605.426685 -607.100618 -607.938578 -605.310649 -600.472081 -589.593595 -557.429010 -502.071445 -422.947390 -384.389018 -357.952164 -317.363058 -275.968761 -267.915049 -9999.0 -9999.0 -9999.0 -9999.0 -9999.0 -9999.0 -9999.0 -9999.0 -9999.0 -9999.0 -9999.0 -9999.0
-9999.0 -9999.0 -9999.0 -9999.0 -9999.0 -9999.0 -633.763079 -631.036624 -631.642184 -629.674552 -627.904686 -626.390582 -624.028720 -624.330971 -623.751515 -621.952276 -622.262530 -623.139770 -624.215252 -622.631525 -621.990357 -621.834670 -623.612719 -623.156204 -622.999639 -622.301732 -622.372693 -622.110988 -623.670591 -621.974891 -621.196017 -621.599903 -621.992741 -621.718470 -622.128401 -621.016645 -620.886090 -621.782275 -622.014071 -620.713463 -620.322893 -620.469406 -620.151696 -619.183132 -617.799788 -617.563099 -618.133927 -618.896336 -617.353357 -613.856597 -609.730708 -605.903561 -603.319117 -602.497157 -605.896423 -610.280843 -612.411141 -612.587263 -610.617004 -606.769964 -597.560737 -590.364521 -583.664985 -575.306185 -564.044290 -493.719113 -9999.0 -9999.0 -9999.0 -9999.0 -9999.0 -9999.0 -9999.0 -9999.0 -9999.0 -9999.0 -9999.0 -9999.0 -9999.0 -9999.0
-9999.0 -9999.0 -9999.0 -9999.0 -9999.0 -9999.0 -9999.0 -9999.0 -9999.0 -9999.0 -9999.0 -9999.0 -9999.0 -9999.0 -9999.0 -9999.0 -9999.0 -9999.0 -9999.0 -9999.0 -9999.0 -9999.0 -9999.0 -9999.0 -9999.0 -9999.0 -9999.0 -9999.0 -9999.0 -9999.0 -9999.0 -9999.0 -9999.0 -9999.0 -9999.0 -9999.0 -9999.0 -9999.0 -9999.0 -9999.0 -9999.0 -9999.0 -9999.0 -9999.0 -9999.0 -9999.0 -9999.0 -9999.0 -9999.0 -9999.0 -9999.0 -9999.0 -9999.0 -9999.0 -9999.0 -9999.0 -9999.0 -9999.0 -9999.0 -9999.0 -9999.0 -9999.0 -9999.0 -9999.0 -9999.0 -9999.0 -9999.0 -9999.0 -9999.0 -9999.0 -9999.0 -9999.0 -9999.0 -9999.0 -9999.0 -9999.0 -9999.0 -9999.0 -9999.0 -9999.0
-9999.0 -9999.0 -9999.0 -9999.0 -9999.0 -9999.0 -9999.0 -9999.0 -9999.0 -9999.0 -9999.0 -9999.0 -9999.0 -9999.0 -9999.0 -9999.0 -9999.0 -9999.0 -9999.0 -9999.0 -9999.0 -9999.0 -9999.0 -9999.0 -9999.0 -9999.0 -9999.0 -9999.0 -9999.0 -9999.0 -9999.0 -9999.0 -9999.0 -9999.0 -9999.0 -9999.0 -9999.0 -9999.0 -9999.0 -9999.0 -9999.0 -9999.0 -9999.0 -9999.0 -9999.0 -9999.0 -9999.0 -9999.0 -9999.0 -9999.0 -9999.0 -9999.0 -9999.0 -9999.0 -9999.0 -9999.0 -9999.0 -9999.0 -9999.0 -9999.0 -9999.0 -9999.0 -9999.0 -9999.0 -9999.0 -9999.0 -9999.0 -9999.0 -9999.0 -9999.0 -9999.0 -9999.0 -9999.0 -9999.0 -9999.0 -9999.0 -9999.0 -9999.0 -9999.0 -9999.0