Borden_/Borden1m_014/output_maps/psiliqL0026N0011.asc
ncols         80
nrows         18
xllcorner     620200.000000
yllcorner     5168000.000000
cellsize      1.000000
NODATA_value  -9999.0
-9999.0 -9999.0 -9999.0 -9999.0 -9999.0 -9999.0 -9999.0 -9999.0 -9999.0 -9999.0 -9999.0 -9999.0 -9999.0 -9999.0 -9999.0 -9999.0 -9999.0 -9999.0 -9999.0 -9999.0 -9999.0 -9999.0 -9999.0 -9999.0 -9999.0 -9999.0 -9999.0 -9999.0 -9999.0 -9999.0 -9999.0 -9999.0 -9999.0 -9999.0 -9999.0 -9999.0 -9999.0 -9999.0 -9999.0 -9999.0 -9999.0 -9999.0 -9999.0 -9999.0 -9999.0 -9999.0 -9999.0 -9999.0 -9999.0 -9999.0 -9999.0 -9999.0 -9999.0 -9999.0 -9999.0 -9999.0 -9999.0 -9999.0 -9999.0 -9999.0 -9999.0 -9999.0 -9999.0 -9999.0 -9999.0 -9999.0 -9999.0 -9999.0 -9999.0 -9999.0 -9999.0 -9999.0 -9999.0 -9999.0 -9999.0 -9999.0 -9999.0 -9999.0 -9999.0 -9999.0
-9999.0 -9999.0 -9999.0 -9999.0 -9999.0 -9999.0 -9999.0 -9999.0 -9999.0 -9999.0 -9999.0 -9999.0 -9999.0 -9999.0 -9999.0 -9999.0 -9999.0 -9999.0 -9999.0 -9999.0 -9999.0 -9999.0 -9999.0 -9999.0 -9999.0 -9999.0 -9999.0 -9999.0 -9999.0 -9999.0 -9999.0 -9999.0 -9999.0 -9999.0 -9999.0 -9999.0 -9999.0 -9999.0 -9999.0 -9999.0 -9999.0 -9999.0 -9999.0 -9999.0 -9999.0 -9999.0 -9999.0 -9999.0 -9999.0 -9999.0 -9999.0 -9999.0 -9999.0 -9999.0 -9999.0 -9999.0 -9999.0 -9999.0 -9999.0 -9999.0 -9999.0 -9999.0 -9999.0 -9999.0 -9999.0 -9999.0 -9999.0 -9999.0 -9999.0 -9999.0 -9999.0 -9999.0 -9999.0 -9999.0 -9999.0 -9999.0 -9999.0 -9999.0 -9999.0 -9999.0
-9999.0 -9999.0 -9999.0 -9999.0 -9999.0 -9999.0 -9999.0 -9999.0 -9999.0 -9999.0 -9999.0 -9999.0 -9999.0 -9999.0 -9999.0 -9999.0 -9999.0 -9999.0 -9999.0 -9999.0 3325.191034 3326.073121 3304.272863 3269.985693 3241.516234 3243.065697 3275.652331 3315.911969 3354.339837 3361.362888 3341.962524 3345.471429 3340.748012 3335.945151 3335.868697 3343.378629 3349.825803 3359.337191 3366.095311 3363.614461 3356.124274 3351.013104 3353.524069 3355.063837 3361.332114 3346.891898 3362.954091 3379.313151 3384.147086 3381.625368 3358.177083 3346.558522 3338.909659 3323.674453 3350.566554 3362.534428 3386.299079 3391.219710 3389.531758 3363.106522 3333.255482 -9999.0 -9999.0 -9999.0 -9999.0 -9999.0 -9999.0 -9999.0 -9999.0 -9999.0 -9999.0 -9999.0 -9999.0 -9999.0 -9999.0 -9999.0 -9999.0 -9999.0 -9999.0 -9999.0
-9999.0 -9999.0 -9999.0 -9999.0 -9999.0 -9999.0 -9999.0 -9999.0 -9999.0 -9999.0 -9999.0 -9999.0 -9999.0 -9999.0 3235.444755 3226.530906 3223.381522 3230.327539 3262.431345 3292.375014 3303.898454 3296.179636 3295.685862 3270.593790 3247.322706 3259.448057 3288.313609 3318.199573 3350.987307 3367.767595 3356.347118 3353.353470 3359.852701 3378.871607 3386.440298 3382.560932 3364.807497 3388.895789 3401.826305 3405.922339 3403.719379 3393.718377 3402.241592 3416.102061 3409.020612 3393.903817 3405.090668 3420.288912 3431.207060 3423.458580 3365.963285 3354.533727 3351.916826 3348.488700 3336.023860 3332.726534 3361.617514 3361.734456 3355.050258 3338.355105 3305.493105 3260.582478 3242.158144 3283.306176 3327.441085 3384.149674 -9999.0 -9999.0 -9999.0 -9999.0 -9999.0 -9999.0 -9999.0 -9999.0 -9999.0 -9999.0 -9999.0 -9999.0 -9999.0 -9999.0
-9999.0 -9999.0 -9999.0 -9999.0 -9999.0 -9999.0 -9999.0 -9999.0 -9999.0 3178.479465 3184.176997 3190.815615 3192.923892 3207.670980 3204.118260 3210.614948 3214.089428 3240.777567 3269.649631 3302.532921 3328.924842 3319.163290 3317.305590 3320.506683 3314.144552 3321.237168 3340.942663 3376.949726 3407.407873 3441.993342 3407.976933 3402.653061 3419.741843 3460.470806 3482.870699 3484.380531 3465.577012 3482.377390 3505.615770 3520.874349 3517.115329 3510.883362 3536.764134 3551.971608 3545.581360 3524.043834 3523.253471 3531.146035 3560.666712 3510.335074 3444.889855 3407.459762 3424.159929 3403.821657 3378.805681 3368.597114 3369.992943 3391.117156 3380.078892 3346.872440 3314.300850 3303.195221 3287.060901 3308.834650 3332.768078 3379.772673 3420.123793 3450.345832 3450.160208 3433.180472 -9999.0 -9999.0 -9999.0 -9999.0 -9999.0 -9999.0 -9999.0 -9999.0 -9999.0 -9999.0
-9999.0 -9999.0 -9999.0 -9999.0 -9999.0 -9999.0 3100.182055 3110.454460 3130.854632 3133.097076 3159.129227 3163.848552 3181.985441 3198.521508 3219.637168 3231.656755 3255.750046 3284.773727 3319.826021 3356.463418 3383.122594 3370.682213 3375.391386 3393.821271 3419.496691 3437.483806 3459.477299 3496.657195 3568.360034 3604.225751 3596.096992 3596.583336 3604.636715 3654.866356 3718.677361 3729.358730 3708.693268 3695.693608 3719.412588 3756.885642 3754.733311 3753.498547 3766.740572 3777.620510 3804.441184 3793.452205 3757.619824 3752.589050 3759.646796 3736.730499 3667.672846 3610.958935 3592.973397 3546.593473 3463.732388 3421.815056 3446.588753 3475.262639 3454.400864 3405.701543 3374.194019 3369.622626 3359.426024 3353.465945 3366.813543 3390.546049 3415.123525 3429.558775 3418.183503 3397.764191 3376.441014 3348.598907 3351.508100 3376.640180 -9999.0 -9999.0 -9999.0 -9999.0 -9999.0 -9999.0
-9999.0 -9999.0 -9999.0 -9999.0 3051.098952 3063.592566 3048.256593 3073.865431 3105.126552 3137.955845 3164.588461 3195.224960 3217.399826 3243.110506 3275.121685 3295.852840 3326.695113 3355.245937 3401.433266 3461.623267 3505.031318 3517.588812 3525.493993 3575.955316 3631.794021 3678.429086 3696.941217 3722.722554 3768.640638 3825.055115 3847.160835 3849.803722 3866.712307 3910.261662 3966.855250 4002.057963 3984.354530 3975.268628 3985.517630 3999.955334 4022.100399 4022.161890 4023.285262 4027.504112 4035.270894 4033.434275 4006.686456 3973.194526 3960.222650 3950.047941 3911.648020 3839.413398 3809.493147 3780.491693 3737.505403 3683.297112 3636.782289 3638.679444 3584.289739 3529.565134 3480.452869 3473.390792 3453.930793 3438.779858 3422.241079 3435.258035 3447.852235 3433.360328 3403.891381 3375.002607 3362.428789 3345.232012 3334.220564 3365.649725 3383.740706 3413.339593 -9999.0 -9999.0 -9999.0 -9999.0
-9999.0 -9999.0 2992.855011 3037.642319 3094.003457 3099.253919 3091.491534 3093.264532 3118.480952 3166.482600 3227.406042 3262.967965 3290.389294 3319.604230 3369.092672 3429.729994 3488.594097 3530.472194 3588.072323 3657.096780 3715.908239 3742.431048 3751.046957 3786.579142 3841.339959 3910.754841 3938.895675 3965.456953 3997.414323 4034.101401 4025.367635 4035.951822 4048.506123 4061.595872 4076.866266 4084.158536 4079.225258 4074.607988 4056.006758 4050.773379 4057.246800 4065.379823 4064.297766 4049.576424 4045.601369 4060.647240 4066.958296 4064.823658 4061.896094 4066.721294 4061.930437 4013.195159 3996.258572 3980.931487 3969.051183 3922.733971 3855.842005 3823.702869 3802.094538 3760.960617 3687.622104 3650.692174 3611.772205 3577.606732 3540.721261 3528.246250 3496.493088 3464.895132 3426.677158 3386.364460 3367.659212 3353.777910 3353.736722 3354.666587 3372.662787 3388.530373 3404.584361 3412.701795 -9999.0 -9999.0
-9999.0 2883.501156 2954.045616 3074.167981 3150.714764 3185.992246 3192.778789 3194.243692 3218.169965 3249.413286 3334.416944 3382.381575 3464.504717 3501.479302 3541.405315 3630.965723 3725.186107 3768.510729 3807.490379 3871.396572 3937.334607 3984.521017 4010.898393 3988.951832 4028.681404 4058.853709 4067.122814 4074.250259 4074.391864 4065.865961 4059.430554 4066.075934 4063.071960 4043.801431 4027.641204 4025.855868 4022.432589 3999.037064 3971.448350 3955.889079 3957.193524 3982.255963 3969.057333 3947.643585 3943.212042 3964.933532 3986.447852 3975.705678 3962.532875 3979.137635 4013.847011 4038.944414 4039.844043 4058.447491 4079.579494 4050.421436 4029.264457 3985.224858 3968.248680 3942.781630 3885.759034 3830.967172 3782.879821 3734.568002 3682.492459 3633.996390 3586.705894 3539.801251 3486.994119 3454.565906 3430.643290 3388.376597 3376.092550 3383.002775 3378.366420 3377.092330 3383.905121 3390.553445 -9999.0 -9999.0
-9999.0 2786.441583 2924.569630 3100.171648 3241.127326 3279.800567 3339.029139 3392.867410 3405.449690 3349.102095 3449.413594 3665.828358 3788.009983 3805.512955 3881.104452 3976.379327 3958.300177 3989.720317 4013.005814 4039.186195 4060.225191 4074.662241 4072.971838 4067.841397 4051.308522 4043.293349 4042.401523 4040.277432 4022.823744 4003.818396 3986.978051 3983.775539 3965.743837 3916.063761 3882.775046 3865.219393 3846.064778 3832.712276 3805.561537 3779.550191 3762.968942 3773.208976 3771.575114 3758.191245 3753.776307 3771.827224 3802.702037 3800.856103 3812.787078 3832.417257 3867.855816 3906.089703 3925.362787 3954.501521 3990.151232 4038.268590 4046.923204 4069.384986 4072.281131 4061.987003 4015.325097 3963.717475 3934.306281 3878.928289 3819.416312 3757.770834 3708.962699 3664.396158 3609.349115 3575.579960 3536.683504 3483.433105 3441.065181 3433.997242 3400.976870 3388.243458 -9999.0 -9999.0 -9999.0 -9999.0
-9999.0 2691.490537 2861.274396 3097.173292 3389.570714 3459.000136 3659.577257 3773.060072 3811.337429 3878.529819 3757.622673 3965.134343 4018.343761 4013.450860 4029.571663 4032.827507 4047.152894 4046.488731 4041.409593 4030.379063 4020.770404 4016.182466 4015.130495 4007.213025 3994.578211 3979.948923 3968.029033 3956.567975 3919.868912 3887.891313 3848.544484 3836.031309 3791.280737 3699.527738 3660.959957 3622.386888 3561.534750 3564.235379 3572.041986 3548.304164 3528.754721 3500.466969 3530.229853 3541.139956 3545.374810 3540.670356 3550.119871 3578.802336 3626.628421 3660.859800 3699.567998 3747.371087 3777.750398 3816.807237 3856.473425 3908.713315 3939.875662 3968.745519 4017.699008 4054.717028 4077.454720 4063.360206 4044.868647 4000.102677 3939.885781 3890.585903 3861.634079 3811.192451 3767.750804 3724.368596 3678.079773 3625.511721 3564.249572 3512.162410 3478.587860 -9999.0 -9999.0 -9999.0 -9999.0 -9999.0
-9999.0 2467.261660 2731.413762 2983.212787 3254.195847 3595.338713 3767.167639 3860.791215 3923.946242 3907.034466 3930.534087 3936.807498 3973.902520 3981.188244 3959.794697 3945.916796 3928.254382 3927.165341 3940.232544 3912.877876 3882.609553 3869.257286 3870.163988 3859.475600 3835.624936 3820.767456 3811.514802 3793.051088 3750.095626 3700.043433 3616.202881 3581.773399 3503.313707 3465.435510 3429.582991 3383.159980 3339.245773 3345.306128 3370.366687 3361.669333 3341.251869 3324.516129 3353.988789 3374.885144 3388.101412 3371.765511 3378.264765 3412.391224 3458.466476 3498.476109 3541.861588 3589.390660 3630.944183 3669.796956 3690.420274 3729.475326 3771.407437 3812.841292 3882.826469 3961.158146 3997.074213 4031.690531 4060.556044 4082.462468 4039.588822 4013.325890 3989.617035 3966.178640 3920.019901 3874.673748 3834.133496 3769.576913 3710.058250 -9999.0 -9999.0 -9999.0 -9999.0 -9999.0 -9999.0 -9999.0
-9999.0 2355.409944 2548.170082 2739.225442 2968.283844 3195.687373 3417.245303 3507.275226 3577.399439 3649.340082 3703.522517 3741.299351 3767.059967 3788.609186 3766.032877 3719.989356 3687.783721 3692.780202 3683.806130 3662.975737 3635.507474 3622.788483 3620.219441 3615.637696 3594.693378 3584.723699 3578.214951 3560.516603 3535.629554 3483.421126 3412.892759 3340.434982 3287.680962 3269.281701 3247.628498 3221.668995 3195.938183 3209.763218 3222.713051 3223.159657 3217.124242 3217.680577 3246.723073 3266.633359 3276.050492 3265.194676 3283.201802 3305.955027 3342.364286 3381.122643 3425.211783 3474.691449 3522.520527 3542.073838 3543.634641 3554.523736 3581.582655 3624.356020 3700.232974 3785.957950 3863.515109 3908.925374 3959.641454 3999.611804 4027.757416 4052.595496 4075.017420 4068.098394 4042.138636 4008.788312 3950.071149 -9999.0 -9999.0 -9999.0 -9999.0 -9999.0 -9999.0 -9999.0 -9999.0 -9999.0
-9999.0 -9999.0 2322.724730 2474.716615 2570.838279 2734.181695 2845.753305 2949.916867 3047.150520 3188.242379 3310.429803 3403.763118 3450.002777 3465.563389 3451.814661 3423.743663 3406.819676 3406.443204 3394.775691 3388.839638 3375.032230 3370.130984 3358.468355 3351.472866 3348.131397 3348.221964 3346.650991 3339.279900 3323.546903 3283.300645 3247.870789 3204.805379 3159.932741 3139.536926 3122.622019 3106.838708 3112.020875 3107.734411 3113.776980 3117.202369 3127.337082 3141.835028 3161.225439 3183.916274 3193.522500 3203.667805 3214.237035 3235.439257 3264.850034 3304.417242 3355.143853 3409.345465 3444.613352 3450.842276 3432.224525 3426.529741 3433.887719 3461.915898 3524.187475 3592.589260 3681.991037 3747.282179 3814.025420 3869.905194 3896.549011 3932.931180 4003.162772 4051.190387 4093.657941 4071.255438 -9999.0 -9999.0 -9999.0 -9999.0 -9999.0 -9999.0 -9999.0 -9999.0 -9999.0 -9999.0
-9999.0 -9999.0 -9999.0 -9999.0 2335.830559 2483.195416 2581.587066 2663.302411 2800.434169 2889.486040 2990.583013 3076.928353 3145.719682 3171.417269 3172.856536 3190.393864 3189.797641 3180.530576 3169.748599 3175.280392 3180.932214 3175.255474 3158.955063 3153.601602 3158.731615 3168.071984 3167.796540 3156.685687 3140.550709 3128.872344 3118.408357 3089.990984 3059.915330 3034.524499 3024.484264 3023.210999 3024.670382 3017.766788 3026.898659 3036.565711 3052.956787 3068.288858 3091.827781 3121.582219 3136.292879 3150.779025 3158.975584 3176.923566 3205.018178 3256.027817 3317.197392 3373.195915 3406.669205 3406.581346 3377.341230 3355.059507 3341.924442 3358.601076 3387.190309 3437.126968 3525.750086 3587.494765 3632.294842 3670.644693 3706.875273 3772.025766 3866.676617 3947.989949 -9999.0 -9999.0 -9999.0 -9999.0 -9999.0 -9999.0 -9999.0 -9999.0 -9999.0 -9999.0 -9999.0 -9999.0
-9999.0 -9999.0 -9999.0 -9999.0 -9999.0 -9999.0 2314.899147 2422.202571 2490.509762 2647.916121 2797.492902 2859.224599 2942.202249 2978.301938 3008.949388 3039.699774 3040.562941 3020.295806 2998.448337 3020.924997 3041.121383 3035.155482 3003.036302 3005.564587 3014.009245 3023.300175 3022.495365 3018.688144 2996.548758 3016.276525 3023.638312 3003.751697 2981.100027 2972.735453 2963.069312 2974.508708 2975.821233 2962.264184 2961.690196 2989.081921 3010.621710 3023.635235 3044.609141 3077.786751 3110.167245 3125.656910 3126.140146 3130.227834 3166.090075 3233.633192 3304.114254 3358.707753 3389.304108 3393.606800 3362.295292 3317.025358 3290.350420 3288.533214 3311.985488 3350.346848 3410.955397 3446.477512 3456.542886 3456.493068 3467.847085 3567.498425 -9999.0 -9999.0 -9999.0 -9999.0 -9999.0 -9999.0 -9999.0 -9999.0 -9999.0 -9999.0 -9999.0 -9999.0 -9999.0 -9999.0
-9999.0 -9999.0 -9999.0 -9999.0 -9999.0 -9999.0 -9999.0 -9999.0 -9999.0 -9999.0 -9999.0 -9999.0 -9999.0 -9999.0 -9999.0 -9999.0 -9999.0 -9999.0 -9999.0 -9999.0 -9999.0 -9999.0 -9999.0 -9999.0 -9999.0 -9999.0 -9999.0 -9999.0 -9999.0 -9999.0 -9999.0 -9999.0 -9999.0 -9999.0 -9999.0 -9999.0 -9999.0 -9999.0 -9999.0 -9999.0 -9999.0 -9999.0 -9999.0 -9999.0 -9999.0 -9999.0 -9999.0 -9999.0 -9999.0 -9999.0 -9999.0 -9999.0 -9999.0 -9999.0 -9999.0 -9999.0 -9999.0 -9999.0 -9999.0 -9999.0 -9999.0 -9999.0 -9999.0 -9999.0 -9999.0 -9999.0 -9999.0 -9999.0 -9999.0 -9999.0 -9999.0 -9999.0 -9999.0 -9999.0 -9999.0 -9999.0 -9999.0 -9999.0 -9999.0 -9999.0
-9999.0 -9999.0 -9999.0 -9999.0 -9999.0 -9999.0 -9999.0 -9999.0 -9999.0 -9999.0 -9999.0 -9999.0 -9999.0 -9999.0 -9999.0 -9999.0 -9999.0 -9999.0 -9999.0 -9999.0 -9999.0 -9999.0 -9999.0 -9999.0 -9999.0 -9999.0 -9999.0 -9999.0 -9999.0 -9999.0 -9999.0 -9999.0 -9999.0 -9999.0 -9999.0 -9999.0 -9999.0 -9999.0 -9999.0 -9999.0 -9999.0 -9999.0 -9999.0 -9999.0 -9999.0 -9999.0 -9999.0 -9999.0 -9999.0 -9999.0 -9999.0 -9999.0 -9999.0 -9999.0 -9999.0 -9999.0 -9999.0 -9999.0 -9999.0 -9999.0 -9999.0 -9999.0 -9999.0 -9999.0 -9999.0 -9999.0 -9999.0 -9999.0 -9999.0 -9999.0 -9999.0 -9999.0 -9999.0 -9999.0 -9999.0 -9999.0 -9999.0 -9999.0 -9999.0 -9999.0