Borden_/Borden1m_014/output_maps/psiliqL0001N0008.asc
ncols         80
nrows         18
xllcorner     620200.000000
yllcorner     5168000.000000
cellsize      1.000000
NODATA_value  -9999.0
-9999.0 -9999.0 -9999.0 -9999.0 -9999.0 -9999.0 -9999.0 -9999.0 -9999.0 -9999.0 -9999.0 -9999.0 -9999.0 -9999.0 -9999.0 -9999.0 -9999.0 -9999.0 -9999.0 -9999.0 -9999.0 -9999.0 -9999.0 -9999.0 -9999.0 -9999.0 -9999.0 -9999.0 -9999.0 -9999.0 -9999.0 -9999.0 -9999.0 -9999.0 -9999.0 -9999.0 -9999.0 -9999.0 -9999.0 -9999.0 -9999.0 -9999.0 -9999.0 -9999.0 -9999.0 -9999.0 -9999.0 -9999.0 -9999.0 -9999.0 -9999.0 -9999.0 -9999.0 -9999.0 -9999.0 -9999.0 -9999.0 -9999.0 -9999.0 -9999.0 -9999.0 -9999.0 -9999.0 -9999.0 -9999.0 -9999.0 -9999.0 -9999.0 -9999.0 -9999.0 -9999.0 -9999.0 -9999.0 -9999.0 -9999.0 -9999.0 -9999.0 -9999.0 -9999.0 -9999.0
-9999.0 -9999.0 -9999.0 -9999.0 -9999.0 -9999.0 -9999.0 -9999.0 -9999.0 -9999.0 -9999.0 -9999.0 -9999.0 -9999.0 -9999.0 -9999.0 -9999.0 -9999.0 -9999.0 -9999.0 -9999.0 -9999.0 -9999.0 -9999.0 -9999.0 -9999.0 -9999.0 -9999.0 -9999.0 -9999.0 -9999.0 -9999.0 -9999.0 -9999.0 -9999.0 -9999.0 -9999.0 -9999.0 -9999.0 -9999.0 -9999.0 -9999.0 -9999.0 -9999.0 -9999.0 -9999.0 -9999.0 -9999.0 -9999.0 -9999.0 -9999.0 -9999.0 -9999.0 -9999.0 -9999.0 -9999.0 -9999.0 -9999.0 -9999.0 -9999.0 -9999.0 -9999.0 -9999.0 -9999.0 -9999.0 -9999.0 -9999.0 -9999.0 -9999.0 -9999.0 -9999.0 -9999.0 -9999.0 -9999.0 -9999.0 -9999.0 -9999.0 -9999.0 -9999.0 -9999.0
-9999.0 -9999.0 -9999.0 -9999.0 -9999.0 -9999.0 -9999.0 -9999.0 -9999.0 -9999.0 -9999.0 -9999.0 -9999.0 -9999.0 -9999.0 -9999.0 -9999.0 -9999.0 -9999.0 -9999.0 -504.755219 -503.535830 -505.485424 -507.560179 -509.471249 -509.863543 -507.832912 -505.764146 -503.313515 -503.068018 -505.516400 -504.681314 -505.740151 -506.538835 -506.779247 -506.094115 -505.697848 -504.986699 -504.621138 -505.031689 -505.722377 -506.112623 -506.653791 -506.656529 -505.736173 -506.945521 -505.339191 -503.975078 -503.642095 -503.315291 -504.781472 -505.202468 -505.301519 -507.335169 -503.726094 -503.055815 -500.898853 -500.877944 -500.176569 -502.571341 -504.947586 -9999.0 -9999.0 -9999.0 -9999.0 -9999.0 -9999.0 -9999.0 -9999.0 -9999.0 -9999.0 -9999.0 -9999.0 -9999.0 -9999.0 -9999.0 -9999.0 -9999.0 -9999.0 -9999.0
-9999.0 -9999.0 -9999.0 -9999.0 -9999.0 -9999.0 -9999.0 -9999.0 -9999.0 -9999.0 -9999.0 -9999.0 -9999.0 -9999.0 -506.972831 -508.263171 -508.907036 -509.604118 -507.772903 -506.581315 -507.015472 -508.357453 -506.966902 -509.315519 -511.499260 -510.229682 -508.805893 -508.087888 -506.396564 -504.989287 -506.579958 -506.985367 -506.323091 -503.608487 -502.666848 -503.412717 -507.333179 -503.758725 -502.397503 -501.520436 -501.634968 -503.420169 -501.270143 -498.719409 -500.202979 -502.910623 -502.177566 -500.781654 -498.335818 -498.881649 -507.291999 -507.206332 -506.413460 -505.801270 -506.956354 -507.929436 -504.357113 -505.184516 -505.552346 -505.500413 -506.884056 -509.804829 -511.279225 -507.866050 -505.563128 -500.125288 -9999.0 -9999.0 -9999.0 -9999.0 -9999.0 -9999.0 -9999.0 -9999.0 -9999.0 -9999.0 -9999.0 -9999.0 -9999.0 -9999.0
-9999.0 -9999.0 -9999.0 -9999.0 -9999.0 -9999.0 -9999.0 -9999.0 -9999.0 -508.221198 -508.714851 -508.423189 -509.497299 -508.471685 -510.768159 -510.383247 -511.027056 -509.772738 -509.185945 -507.774754 -505.377951 -507.579242 -507.927460 -506.621905 -506.875174 -506.903020 -506.424230 -502.949480 -499.543836 -492.860229 -499.634737 -499.986445 -497.725622 -488.807361 -475.652688 -472.171531 -477.946426 -479.465106 -471.743208 -463.384370 -464.038323 -464.860379 -457.469539 -453.684411 -450.628019 -456.544550 -462.765895 -464.436205 -455.310355 -471.469907 -489.487110 -499.271644 -496.211994 -500.130898 -504.379585 -505.639826 -506.473423 -502.418392 -503.527289 -506.395991 -508.720704 -507.084746 -508.756466 -507.143823 -506.644214 -502.684912 -499.413528 -496.005591 -495.849048 -498.147192 -9999.0 -9999.0 -9999.0 -9999.0 -9999.0 -9999.0 -9999.0 -9999.0 -9999.0 -9999.0
-9999.0 -9999.0 -9999.0 -9999.0 -9999.0 -9999.0 -509.599010 -509.908555 -509.325712 -512.275218 -510.703243 -512.253776 -511.226870 -511.047500 -510.576391 -511.041531 -509.587122 -508.605612 -506.766293 -504.338110 -501.898286 -504.123692 -503.613116 -500.019071 -493.852301 -488.547943 -484.191688 -472.799383 -448.099751 -431.876482 -424.865449 -422.344433 -417.619299 -370.666307 -32.954133 2.732442 2.639947 2.499519 2.646851 2.935659 2.937039 2.900182 2.943866 2.974869 3.256450 3.211596 2.891167 2.817543 2.728840 -22.401642 -345.900199 -417.724063 -437.736523 -453.509646 -475.476733 -491.790571 -493.451310 -489.179195 -493.745412 -500.516743 -504.239510 -503.450456 -503.892889 -505.625424 -504.691104 -503.292371 -500.900292 -499.239426 -500.356824 -501.646150 -502.184354 -504.952905 -504.366506 -501.624922 -9999.0 -9999.0 -9999.0 -9999.0 -9999.0 -9999.0
-9999.0 -9999.0 -9999.0 -9999.0 -513.290343 -512.138978 -515.874812 -513.973446 -512.733568 -511.986434 -512.644599 -511.236239 -511.341913 -510.600281 -508.657393 -507.851017 -505.332287 -503.888643 -498.311786 -487.594533 -473.889905 -464.130994 -460.879032 -439.576199 -406.903433 -344.782100 -236.831530 -16.519533 2.766195 3.265194 3.438588 3.442075 3.583795 3.939762 4.823456 5.456227 5.122831 5.084668 5.127578 5.150525 5.549478 5.446992 5.488732 5.401187 5.491384 5.806381 5.282802 4.983350 4.907267 4.767208 4.108289 3.369347 3.101794 2.956715 2.728436 -51.742752 -406.256601 -422.862557 -446.263897 -462.932275 -485.372556 -489.042046 -493.722014 -496.270984 -500.529222 -499.228910 -497.501316 -499.585655 -502.111178 -504.528717 -504.228198 -505.205287 -506.950555 -503.095173 -502.303086 -498.566915 -9999.0 -9999.0 -9999.0 -9999.0
-9999.0 -9999.0 -512.929230 -513.370640 -510.551403 -512.874617 -514.256443 -516.186431 -515.875627 -513.505481 -509.341183 -508.788444 -506.712584 -506.073321 -500.463145 -487.499021 -466.079382 -452.809886 -432.345269 -387.765250 -51.145715 2.630505 2.777696 3.002856 3.403173 3.985308 4.356183 4.876976 5.123541 5.401977 21.610056 37.675544 39.087553 37.875844 33.392767 34.267085 30.888241 28.375630 11.863742 9.771463 16.754041 18.957024 22.251755 10.172850 7.635563 19.999691 22.380133 22.671164 25.412178 32.493660 43.647064 14.903106 5.012389 5.000069 5.043501 4.539974 3.499419 3.148999 3.050386 -14.102826 -349.982455 -414.853451 -441.085029 -463.722536 -477.945013 -483.470138 -491.629422 -496.161595 -500.305328 -504.552418 -505.393394 -505.715767 -504.600441 -505.493897 -503.535667 -502.383951 -500.186281 -499.547419 -9999.0 -9999.0
-9999.0 -513.325195 -515.020937 -510.216132 -510.575654 -510.412358 -510.299723 -510.046430 -509.205865 -511.923766 -501.156531 -480.562196 -459.541783 -454.204557 -437.417699 -361.476526 -31.795700 2.860018 3.159095 3.626266 4.598827 5.073350 5.270613 18.890729 40.020932 38.059868 32.347293 33.063364 23.866082 16.823079 7.079426 14.729564 13.196365 5.388934 5.159543 5.300803 5.306151 5.061190 4.857246 4.773990 4.841384 5.200768 4.994861 4.791725 4.738203 4.937674 5.190314 4.976401 4.783658 4.928060 5.239693 5.449001 10.971859 24.626528 44.712923 22.614281 5.342605 4.970854 4.913106 4.664139 3.794631 3.195155 -8.777188 -302.733454 -408.169415 -446.584657 -468.199793 -480.633679 -491.949493 -495.774170 -497.774969 -503.906048 -504.942072 -502.867278 -503.677403 -503.735292 -502.911969 -502.349428 -9999.0 -9999.0
-9999.0 -518.885541 -514.193705 -510.020070 -505.761195 -508.073279 -493.437472 -472.033542 -467.716994 -477.853529 -443.752688 -35.042738 3.157490 3.126875 3.667403 4.446050 6.143331 26.435534 40.456466 30.097190 25.002600 26.250185 21.842096 13.018526 5.493992 5.335659 5.503158 5.521697 5.226097 5.032193 4.865820 4.951420 4.760219 4.072970 3.602490 3.473837 3.439628 3.340450 3.109040 2.949919 2.842091 3.094812 2.980635 2.823469 2.771698 2.948960 3.250918 3.097999 3.100480 3.246864 3.616065 4.407949 4.615270 4.796225 5.020683 5.443424 13.179018 32.590761 38.116935 14.236728 5.196358 4.792775 4.622135 3.817337 3.064384 -49.028868 -380.990584 -420.849442 -448.823833 -467.060098 -478.777919 -489.161801 -497.720350 -498.372633 -502.772515 -502.402123 -9999.0 -9999.0 -9999.0 -9999.0
-9999.0 -519.094197 -514.722138 -506.384236 -488.266378 -467.554594 -336.649286 2.367848 3.221340 3.821144 4.233434 28.136383 35.751439 19.013519 5.570892 5.305055 5.470377 5.660167 5.327437 5.147437 5.099311 5.120611 5.167952 5.084107 5.016397 4.934978 4.875756 4.846584 4.478186 3.769757 3.378302 3.282853 2.656569 -273.090846 -390.018766 -411.664376 -436.910321 -438.720163 -443.798621 -454.592371 -459.598229 -463.081556 -458.080322 -460.192188 -460.956477 -457.434712 -450.097400 -446.053555 -431.231309 -414.852186 -378.199196 -44.247376 2.719922 3.124101 3.481648 4.164888 4.666820 4.872528 5.218303 14.913233 35.147902 27.567459 5.619876 5.139132 4.645802 4.204262 3.508255 2.895137 -38.299294 -349.846841 -409.353308 -443.037565 -468.499924 -486.138683 -491.463284 -9999.0 -9999.0 -9999.0 -9999.0 -9999.0
-9999.0 -526.787641 -514.299345 -507.910866 -475.258148 -97.385796 -9.909729 4.103628 18.793181 4.420085 4.405319 4.616739 5.031381 5.040507 4.745747 4.640770 4.080831 3.975041 4.186734 3.820709 3.554002 3.466646 3.537376 3.451218 3.286116 3.193833 3.144076 2.976183 -32.684854 -352.650844 -425.297141 -431.109039 -456.042660 -479.507533 -488.325328 -494.945257 -501.867979 -501.279327 -498.095152 -500.319496 -502.644577 -505.534783 -502.170094 -500.881847 -499.414668 -501.484890 -501.420421 -497.424116 -491.012647 -485.159533 -475.788982 -459.399834 -442.423920 -418.406630 -393.111536 -232.054247 1.319209 3.101496 3.800104 4.812360 5.029648 5.380892 27.973438 46.489320 8.631938 5.103113 4.871885 4.661981 4.132228 3.389606 2.956018 -44.408380 -390.749677 -9999.0 -9999.0 -9999.0 -9999.0 -9999.0 -9999.0 -9999.0
-9999.0 -530.785138 -517.019857 -516.332179 -504.057826 -480.218676 -440.876087 -384.768478 -92.149214 -153.474323 0.207880 2.721030 2.941713 3.143706 2.849942 -26.230549 -308.020937 -314.991797 -316.760727 -370.106423 -400.846549 -411.764761 -411.246887 -415.128232 -429.229275 -436.133263 -440.008958 -448.085942 -461.187366 -478.090069 -493.083028 -500.653468 -505.906214 -507.178251 -508.114113 -509.271501 -512.742224 -510.377044 -508.820901 -509.146979 -510.237573 -511.216614 -508.529546 -507.891521 -507.111776 -509.891130 -508.245013 -507.324626 -504.708513 -502.315607 -498.757988 -493.019983 -484.881589 -479.908980 -477.227117 -468.781485 -451.436689 -428.800465 -340.291395 -5.975646 3.548370 4.385402 4.836012 5.101839 5.216154 14.818022 23.950410 6.833844 4.486392 4.562986 4.526427 -9999.0 -9999.0 -9999.0 -9999.0 -9999.0 -9999.0 -9999.0 -9999.0 -9999.0
-9999.0 -9999.0 -533.788149 -528.492165 -524.124520 -520.268707 -514.846092 -510.257520 -506.078549 -499.110487 -485.398725 -471.342343 -462.797635 -458.886328 -464.423937 -477.004553 -487.021942 -486.170089 -487.585327 -490.151327 -494.492051 -495.148385 -496.095229 -496.634376 -498.447161 -499.137108 -499.309306 -499.775458 -501.121331 -504.900289 -507.811700 -509.709683 -512.359404 -511.619128 -511.829361 -512.827566 -511.522203 -511.822985 -511.560859 -511.774470 -511.492470 -511.005970 -510.605405 -509.916778 -510.068523 -509.873532 -509.784892 -509.192188 -508.330161 -507.304299 -504.751362 -500.659864 -497.665069 -497.146785 -499.373058 -498.939002 -496.633243 -491.508688 -473.747874 -441.396871 -386.583742 -47.551153 3.066104 3.607466 3.884594 4.479710 4.881877 5.595424 4.165765 4.327945 -9999.0 -9999.0 -9999.0 -9999.0 -9999.0 -9999.0 -9999.0 -9999.0 -9999.0 -9999.0
-9999.0 -9999.0 -9999.0 -9999.0 -536.360136 -528.680715 -521.436851 -522.630840 -517.776687 -515.332690 -513.378982 -510.974110 -509.038970 -507.608905 -509.784934 -509.947745 -510.163033 -509.676914 -510.004215 -510.429863 -510.451454 -510.640676 -510.819169 -511.249214 -510.923066 -510.360897 -510.137977 -510.897036 -510.535203 -511.901053 -511.611045 -512.188632 -512.794775 -513.781181 -513.348182 -513.395122 -512.799935 -513.395309 -512.521692 -513.154930 -512.571909 -512.423320 -511.836659 -510.761291 -511.507774 -510.887634 -511.027172 -510.319468 -510.543165 -508.928109 -506.147359 -502.892698 -500.734796 -501.025756 -504.467484 -505.614477 -506.635102 -504.811346 -502.254503 -495.606707 -477.757511 -455.538899 -427.073453 -392.076160 -307.070097 -11.737333 3.937252 4.423707 -9999.0 -9999.0 -9999.0 -9999.0 -9999.0 -9999.0 -9999.0 -9999.0 -9999.0 -9999.0 -9999.0 -9999.0
-9999.0 -9999.0 -9999.0 -9999.0 -9999.0 -9999.0 -532.775588 -528.854341 -530.283915 -527.446141 -525.037245 -523.346337 -520.557813 -521.189842 -520.296770 -517.820771 -518.108605 -519.198858 -520.649126 -518.431393 -517.447458 -517.153272 -519.492584 -518.722172 -518.464189 -517.566655 -517.663277 -517.143978 -519.113311 -516.479133 -515.140262 -515.405959 -515.645973 -515.009929 -515.490487 -513.883763 -513.691234 -514.947745 -515.377424 -513.638699 -513.252376 -513.660246 -513.521358 -512.573793 -511.044453 -510.952960 -511.846989 -513.181116 -511.946871 -508.933773 -505.893085 -503.424729 -501.839962 -501.079400 -503.670345 -507.447015 -509.372447 -509.948309 -508.926227 -506.952629 -500.781690 -496.897049 -493.951767 -491.441300 -486.868369 -452.690537 -9999.0 -9999.0 -9999.0 -9999.0 -9999.0 -9999.0 -9999.0 -9999.0 -9999.0 -9999.0 -9999.0 -9999.0 -9999.0 -9999.0
-9999.0 -9999.0 -9999.0 -9999.0 -9999.0 -9999.0 -9999.0 -9999.0 -9999.0 -9999.0 -9999.0 -9999.0 -9999.0 -9999.0 -9999.0 -9999.0 -9999.0 -9999.0 -9999.0 -9999.0 -9999.0 -9999.0 -9999.0 -9999.0 -9999.0 -9999.0 -9999.0 -9999.0 -9999.0 -9999.0 -9999.0 -9999.0 -9999.0 -9999.0 -9999.0 -9999.0 -9999.0 -9999.0 -9999.0 -9999.0 -9999.0 -9999.0 -9999.0 -9999.0 -9999.0 -9999.0 -9999.0 -9999.0 -9999.0 -9999.0 -9999.0 -9999.0 -9999.0 -9999.0 -9999.0 -9999.0 -9999.0 -9999.0 -9999.0 -9999.0 -9999.0 -9999.0 -9999.0 -9999.0 -9999.0 -9999.0 -9999.0 -9999.0 -9999.0 -9999.0 -9999.0 -9999.0 -9999.0 -9999.0 -9999.0 -9999.0 -9999.0 -9999.0 -9999.0 -9999.0
-9999.0 -9999.0 -9999.0 -9999.0 -9999.0 -9999.0 -9999.0 -9999.0 -9999.0 -9999.0 -9999.0 -9999.0 -9999.0 -9999.0 -9999.0 -9999.0 -9999.0 -9999.0 -9999.0 -9999.0 -9999.0 -9999.0 -9999.0 -9999.0 -9999.0 -9999.0 -9999.0 -9999.0 -9999.0 -9999.0 -9999.0 -9999.0 -9999.0 -9999.0 -9999.0 -9999.0 -9999.0 -9999.0 -9999.0 -9999.0 -9999.0 -9999.0 -9999.0 -9999.0 -9999.0 -9999.0 -9999.0 -9999.0 -9999.0 -9999.0 -9999.0 -9999.0 -9999.0 -9999.0 -9999.0 -9999.0 -9999.0 -9999.0 -9999.0 -9999.0 -9999.0 -9999.0 -9999.0 -9999.0 -9999.0 -9999.0 -9999.0 -9999.0 -9999.0 -9999.0 -9999.0 -9999.0 -9999.0 -9999.0 -9999.0 -9999.0 -9999.0 -9999.0 -9999.0 -9999.0