Borden_/Borden1m_014/output_maps/psiliqL0030N0033.asc
ncols         80
nrows         18
xllcorner     620200.000000
yllcorner     5168000.000000
cellsize      1.000000
NODATA_value  -9999.0
-9999.0 -9999.0 -9999.0 -9999.0 -9999.0 -9999.0 -9999.0 -9999.0 -9999.0 -9999.0 -9999.0 -9999.0 -9999.0 -9999.0 -9999.0 -9999.0 -9999.0 -9999.0 -9999.0 -9999.0 -9999.0 -9999.0 -9999.0 -9999.0 -9999.0 -9999.0 -9999.0 -9999.0 -9999.0 -9999.0 -9999.0 -9999.0 -9999.0 -9999.0 -9999.0 -9999.0 -9999.0 -9999.0 -9999.0 -9999.0 -9999.0 -9999.0 -9999.0 -9999.0 -9999.0 -9999.0 -9999.0 -9999.0 -9999.0 -9999.0 -9999.0 -9999.0 -9999.0 -9999.0 -9999.0 -9999.0 -9999.0 -9999.0 -9999.0 -9999.0 -9999.0 -9999.0 -9999.0 -9999.0 -9999.0 -9999.0 -9999.0 -9999.0 -9999.0 -9999.0 -9999.0 -9999.0 -9999.0 -9999.0 -9999.0 -9999.0 -9999.0 -9999.0 -9999.0 -9999.0
-9999.0 -9999.0 -9999.0 -9999.0 -9999.0 -9999.0 -9999.0 -9999.0 -9999.0 -9999.0 -9999.0 -9999.0 -9999.0 -9999.0 -9999.0 -9999.0 -9999.0 -9999.0 -9999.0 -9999.0 -9999.0 -9999.0 -9999.0 -9999.0 -9999.0 -9999.0 -9999.0 -9999.0 -9999.0 -9999.0 -9999.0 -9999.0 -9999.0 -9999.0 -9999.0 -9999.0 -9999.0 -9999.0 -9999.0 -9999.0 -9999.0 -9999.0 -9999.0 -9999.0 -9999.0 -9999.0 -9999.0 -9999.0 -9999.0 -9999.0 -9999.0 -9999.0 -9999.0 -9999.0 -9999.0 -9999.0 -9999.0 -9999.0 -9999.0 -9999.0 -9999.0 -9999.0 -9999.0 -9999.0 -9999.0 -9999.0 -9999.0 -9999.0 -9999.0 -9999.0 -9999.0 -9999.0 -9999.0 -9999.0 -9999.0 -9999.0 -9999.0 -9999.0 -9999.0 -9999.0
-9999.0 -9999.0 -9999.0 -9999.0 -9999.0 -9999.0 -9999.0 -9999.0 -9999.0 -9999.0 -9999.0 -9999.0 -9999.0 -9999.0 -9999.0 -9999.0 -9999.0 -9999.0 -9999.0 -9999.0 4125.027931 4125.473023 4103.914313 4069.588297 4041.142750 4042.732650 4074.992605 4115.309442 4154.114107 4160.523316 4140.880584 4144.947024 4140.397523 4134.671205 4134.012797 4141.942925 4149.271049 4158.425457 4164.892763 4161.978004 4154.219655 4149.256873 4152.640439 4153.781915 4160.343760 4144.603143 4161.235239 4177.830638 4182.270958 4180.165652 4157.295975 4146.392657 4138.668348 4123.075521 4150.400161 4162.124394 4185.975041 4190.906953 4188.983125 4162.538661 4132.620608 -9999.0 -9999.0 -9999.0 -9999.0 -9999.0 -9999.0 -9999.0 -9999.0 -9999.0 -9999.0 -9999.0 -9999.0 -9999.0 -9999.0 -9999.0 -9999.0 -9999.0 -9999.0 -9999.0
-9999.0 -9999.0 -9999.0 -9999.0 -9999.0 -9999.0 -9999.0 -9999.0 -9999.0 -9999.0 -9999.0 -9999.0 -9999.0 -9999.0 4035.000094 4026.423964 4023.348844 4030.081697 4061.997948 4092.103927 4103.449380 4095.784447 4095.304554 4069.958683 4046.102717 4057.981112 4087.005268 4116.864115 4149.684415 4165.904207 4154.855163 4151.914343 4157.700479 4175.111525 4181.353504 4177.308625 4160.262312 4184.831364 4197.218742 4200.290791 4197.893760 4187.620972 4194.965211 4208.429481 4201.239856 4186.503233 4199.319223 4215.276300 4225.388542 4218.912889 4162.465822 4152.791454 4150.002818 4146.979409 4134.410133 4131.619672 4161.296487 4161.054558 4154.509680 4137.867862 4104.657936 4059.399481 4040.691911 4082.368420 4126.370635 4182.765367 -9999.0 -9999.0 -9999.0 -9999.0 -9999.0 -9999.0 -9999.0 -9999.0 -9999.0 -9999.0 -9999.0 -9999.0 -9999.0 -9999.0
-9999.0 -9999.0 -9999.0 -9999.0 -9999.0 -9999.0 -9999.0 -9999.0 -9999.0 3977.611837 3983.922300 3990.575446 3992.884378 4007.576683 4003.703361 4010.243749 4012.900069 4039.957660 4068.610125 4101.281500 4127.368399 4117.827247 4115.694365 4117.176061 4108.161696 4114.281015 4134.111430 4169.665568 4198.223879 4231.857771 4196.695998 4190.818788 4207.730596 4247.039827 4266.567156 4266.582977 4247.592730 4267.364393 4290.552181 4304.264477 4300.057240 4293.008180 4319.778395 4335.768614 4326.790418 4304.159410 4306.500163 4316.350425 4346.866556 4295.706752 4228.984254 4194.449110 4214.083279 4195.533231 4173.463147 4165.534224 4167.649988 4188.385206 4177.937060 4145.266677 4113.217976 4101.499787 4085.220236 4108.039026 4132.098244 4178.989803 4219.657479 4250.077114 4249.605766 4232.553553 -9999.0 -9999.0 -9999.0 -9999.0 -9999.0 -9999.0 -9999.0 -9999.0 -9999.0 -9999.0
-9999.0 -9999.0 -9999.0 -9999.0 -9999.0 -9999.0 3899.163654 3909.854808 3930.533107 3932.139065 3958.716625 3962.973246 3980.891846 3997.023362 4018.519125 4029.708328 4052.631351 4081.269920 4115.338044 4150.811511 4176.683672 4162.758522 4166.691742 4182.299281 4204.731044 4220.125968 4242.293100 4280.165041 4352.635369 4388.416575 4376.312208 4376.033264 4384.001663 4435.287995 4499.621952 4509.077565 4488.154330 4475.729596 4501.171214 4540.023427 4536.121810 4534.718711 4549.585332 4561.237333 4588.333520 4576.068424 4540.157429 4537.386967 4547.024803 4520.985467 4447.907806 4391.918706 4377.344225 4329.598299 4244.305436 4205.009944 4234.932304 4266.120450 4246.724464 4198.287525 4168.548926 4164.876935 4155.242041 4150.717322 4165.503409 4189.918207 4214.497116 4229.322184 4217.884545 4197.240265 4176.099439 4148.277691 4151.332082 4176.321412 -9999.0 -9999.0 -9999.0 -9999.0 -9999.0 -9999.0
-9999.0 -9999.0 -9999.0 -9999.0 3850.083969 3862.705345 3846.629271 3872.857672 3904.159848 3937.143076 3962.777005 3992.397533 4013.857028 4039.073963 4069.402996 4086.855436 4115.576186 4143.434133 4188.519980 4247.710940 4290.164178 4300.544376 4307.864478 4357.930250 4413.776167 4459.755389 4478.619564 4505.361123 4554.317034 4611.664450 4633.328419 4635.190448 4652.236440 4698.976407 4759.189238 4795.456647 4777.159067 4767.446982 4779.314410 4795.158190 4817.343271 4817.349223 4818.519735 4823.521627 4832.355687 4829.803447 4801.437417 4767.184223 4753.910582 4742.959195 4700.732289 4626.093078 4597.785847 4567.012954 4518.713806 4462.077951 4420.109216 4426.283061 4370.336206 4313.844718 4266.880858 4262.899414 4245.288739 4231.687490 4217.476384 4232.611944 4246.797656 4232.923071 4203.205047 4174.587901 4162.240797 4145.119480 4133.722974 4165.368066 4183.435681 4212.643696 -9999.0 -9999.0 -9999.0 -9999.0
-9999.0 -9999.0 3791.603011 3835.350074 3892.015734 3896.720837 3886.952750 3888.268936 3913.422612 3961.252537 4019.053134 4051.543930 4075.838686 4105.427300 4153.589477 4210.412352 4267.682803 4309.988387 4369.462518 4440.351989 4499.902304 4525.895387 4533.690109 4570.348305 4627.178081 4700.560389 4730.169267 4757.930806 4791.748145 4830.780721 4815.582988 4825.159629 4839.126810 4855.634187 4874.067440 4883.054982 4877.518340 4872.765769 4853.805237 4848.007483 4854.368090 4863.625347 4861.705727 4846.524590 4842.516946 4858.042099 4865.131018 4862.472733 4858.596770 4862.701046 4855.091427 4802.682615 4792.206209 4775.850820 4762.188139 4714.197058 4645.070284 4614.296885 4590.761425 4547.407241 4472.666205 4438.190214 4400.287977 4367.652615 4332.436529 4322.916898 4293.066470 4262.378697 4224.765807 4184.815395 4166.639104 4153.370230 4153.506009 4154.253936 4172.497118 4188.269944 4204.352614 4212.478874 -9999.0 -9999.0
-9999.0 3679.240032 3749.320368 3868.595213 3944.958399 3978.610990 3978.610579 3974.659090 3999.098283 4034.500095 4115.894397 4153.410259 4236.244670 4276.278649 4315.457903 4405.757462 4503.741666 4549.279256 4590.872798 4659.327079 4728.967116 4777.903543 4805.177186 4772.872190 4815.626762 4852.342778 4862.769854 4871.485662 4873.261066 4864.570315 4858.811133 4865.198921 4861.844406 4841.848228 4824.999585 4822.947210 4819.359573 4795.326726 4767.234106 4750.925183 4751.503031 4777.367773 4763.585230 4741.856328 4737.298007 4759.510954 4782.235354 4771.066735 4757.666437 4774.500892 4810.147827 4837.185237 4835.178745 4854.605172 4875.931014 4845.459821 4826.476430 4780.513182 4762.871685 4736.850770 4677.876065 4622.801090 4573.780238 4525.574137 4473.973851 4427.191994 4380.171154 4333.384480 4281.243998 4249.037589 4225.793582 4184.920987 4174.494983 4182.145572 4178.219924 4177.008555 4183.710716 4190.338292 -9999.0 -9999.0
-9999.0 3576.344237 3713.324629 3887.609654 4028.004294 4062.699406 4110.993845 4160.397810 4171.378554 4108.258023 4210.734631 4432.164806 4566.112290 4586.832551 4666.748090 4767.800575 4739.059286 4772.248765 4797.343643 4830.115708 4856.324771 4873.060816 4871.965679 4867.497455 4850.471028 4842.341410 4841.317154 4839.021128 4820.982595 4801.451609 4784.214910 4780.455662 4761.374318 4708.555616 4674.085770 4655.195119 4633.418239 4620.846669 4594.506925 4567.747435 4549.697999 4557.692528 4557.916506 4545.717047 4541.338411 4558.569051 4589.638201 4589.461898 4603.973521 4624.160024 4659.856922 4699.676638 4719.376303 4749.340865 4785.740285 4836.288798 4843.121011 4866.081745 4868.372519 4860.723186 4812.096255 4758.963505 4728.869333 4672.161465 4612.390516 4550.496539 4500.691574 4455.705213 4399.812190 4366.761352 4328.550053 4275.145234 4235.051206 4231.395760 4199.223705 4188.011533 -9999.0 -9999.0 -9999.0 -9999.0
-9999.0 3464.404767 3639.606058 3870.069248 4171.628301 4231.587930 4437.857635 4553.355901 4590.695105 4661.489725 4509.465023 4743.116556 4804.911902 4802.236122 4826.358942 4830.931211 4846.225047 4845.072656 4839.952785 4828.570531 4818.476532 4813.513147 4812.617075 4804.605205 4791.751836 4776.871496 4764.631633 4752.586213 4714.633349 4681.588316 4639.572275 4626.278997 4577.621354 4483.646366 4444.954340 4403.809538 4339.539278 4343.795391 4355.229295 4331.891410 4311.482543 4279.850103 4312.523330 4326.058546 4331.306383 4324.219756 4331.899868 4363.757185 4414.616932 4450.056011 4489.070843 4537.962882 4569.439784 4609.165802 4648.541056 4701.651630 4734.010644 4763.505630 4814.465327 4851.966698 4875.143027 4859.767676 4843.136306 4796.004548 4734.770603 4684.828843 4654.738076 4602.733378 4558.627241 4515.361811 4468.803468 4415.999454 4354.256837 4307.630698 4274.942781 -9999.0 -9999.0 -9999.0 -9999.0 -9999.0
-9999.0 3223.839702 3485.196988 3740.895482 4000.530646 4352.791361 4546.246272 4635.732837 4701.819049 4693.945087 4725.971108 4730.046084 4768.165298 4776.804642 4755.639317 4740.571089 4721.241224 4720.150511 4733.366035 4705.190014 4673.846683 4659.902364 4660.940536 4650.278478 4625.681644 4610.854430 4601.703597 4582.375917 4538.997138 4487.169638 4400.316912 4361.995383 4279.847859 4246.100221 4211.244525 4164.102771 4120.946917 4128.453474 4155.541482 4148.287642 4127.969436 4111.500832 4142.069866 4164.383418 4178.283716 4160.556911 4166.834634 4201.483199 4248.009664 4288.681518 4332.289418 4380.289368 4423.075176 4461.465235 4480.386813 4517.963750 4560.677671 4602.934577 4674.390453 4755.604307 4793.465689 4829.353866 4856.819511 4879.376442 4835.612811 4810.571662 4785.889956 4761.261167 4713.791020 4667.669803 4627.047606 4560.363322 4500.750025 -9999.0 -9999.0 -9999.0 -9999.0 -9999.0 -9999.0 -9999.0
-9999.0 3116.983698 3298.006721 3471.753837 3704.794590 3933.623149 4171.581882 4261.646639 4333.794699 4421.388411 4484.337818 4525.438732 4551.294368 4573.760671 4551.449216 4503.018058 4469.559289 4474.949511 4464.138394 4444.018651 4416.692094 4404.213279 4401.088115 4396.805597 4376.333020 4367.062950 4360.947001 4343.410372 4319.692242 4266.373472 4196.617463 4121.703022 4069.794724 4054.511001 4034.273921 4009.496643 3986.344577 4000.771937 4013.288914 4014.797147 4010.120885 4011.806006 4040.836039 4061.217770 4070.598920 4060.350270 4078.483153 4100.635745 4136.361637 4175.189851 4219.442548 4269.175174 4317.351967 4335.802590 4335.251838 4343.402116 4369.030562 4411.203619 4487.197232 4574.104542 4655.450953 4702.481732 4754.439878 4795.889343 4825.777398 4847.532337 4872.388097 4867.326009 4839.810962 4805.496825 4744.655563 -9999.0 -9999.0 -9999.0 -9999.0 -9999.0 -9999.0 -9999.0 -9999.0 -9999.0
-9999.0 -9999.0 3074.372472 3213.199461 3288.538528 3439.457031 3575.179644 3680.192718 3787.813476 3942.328793 4073.324685 4172.575503 4221.373178 4237.405426 4224.397414 4198.369029 4183.047993 4182.448944 4169.993077 4165.544242 4153.616405 4149.360448 4136.869643 4129.760009 4128.305223 4129.780604 4128.768158 4121.828872 4107.095121 4067.641113 4035.480990 3993.908359 3950.533930 3930.889993 3914.892119 3900.493843 3907.555237 3902.601527 3908.418063 3912.327460 3923.566691 3938.735557 3957.877560 3981.086862 3990.824846 4001.785904 4012.047851 4032.917155 4061.794136 4101.477838 4152.421021 4207.031869 4242.448195 4248.092683 4227.972040 4220.341449 4225.351116 4251.205854 4310.649829 4378.049575 4470.050774 4537.109526 4604.645953 4662.032655 4689.678109 4726.099749 4798.824676 4847.037900 4892.591488 4870.015513 -9999.0 -9999.0 -9999.0 -9999.0 -9999.0 -9999.0 -9999.0 -9999.0 -9999.0 -9999.0
-9999.0 -9999.0 -9999.0 -9999.0 3068.765116 3208.462486 3302.402621 3376.402986 3510.851218 3645.058854 3753.062162 3842.837833 3916.058594 3942.922200 3947.349949 3970.144293 3971.215815 3960.589426 3949.183985 3957.121791 3965.200164 3959.841391 3941.962165 3936.971468 3943.332545 3953.922492 3953.912993 3943.032934 3926.570689 3918.156933 3910.532273 3883.405643 3854.690448 3829.965081 3820.476025 3820.409979 3822.077798 3814.784949 3823.800627 3834.239590 3851.002874 3866.338248 3889.818221 3919.985632 3935.261106 3949.896724 3957.837853 3975.265688 4003.246639 4054.213728 4115.587503 4172.143624 4206.136820 4205.781441 4176.332259 4153.145122 4138.435834 4153.506796 4179.281123 4226.725992 4315.105933 4376.974716 4419.892026 4456.716261 4493.103194 4560.544034 4659.057374 4742.417864 -9999.0 -9999.0 -9999.0 -9999.0 -9999.0 -9999.0 -9999.0 -9999.0 -9999.0 -9999.0 -9999.0 -9999.0
-9999.0 -9999.0 -9999.0 -9999.0 -9999.0 -9999.0 3046.841892 3153.288695 3210.105290 3368.865988 3521.554013 3632.237141 3717.623776 3756.452348 3795.051008 3827.900341 3830.010384 3808.878542 3785.692371 3809.565639 3832.209345 3825.895148 3792.507408 3795.879972 3805.421492 3814.660318 3813.854156 3810.442818 3788.719242 3811.036273 3820.308939 3800.969101 3778.925301 3769.709430 3760.540962 3772.418908 3773.907965 3760.131609 3758.890192 3788.172224 3810.172514 3823.107640 3843.766348 3877.027397 3909.587412 3925.439565 3925.890492 3929.594197 3964.346569 4031.675468 4102.636707 4157.982172 4189.049899 4193.152103 4161.645412 4115.874206 4088.633585 4085.710534 4107.760865 4144.191565 4203.084344 4237.337993 4244.204340 4240.390728 4249.213402 4351.886965 -9999.0 -9999.0 -9999.0 -9999.0 -9999.0 -9999.0 -9999.0 -9999.0 -9999.0 -9999.0 -9999.0 -9999.0 -9999.0 -9999.0
-9999.0 -9999.0 -9999.0 -9999.0 -9999.0 -9999.0 -9999.0 -9999.0 -9999.0 -9999.0 -9999.0 -9999.0 -9999.0 -9999.0 -9999.0 -9999.0 -9999.0 -9999.0 -9999.0 -9999.0 -9999.0 -9999.0 -9999.0 -9999.0 -9999.0 -9999.0 -9999.0 -9999.0 -9999.0 -9999.0 -9999.0 -9999.0 -9999.0 -9999.0 -9999.0 -9999.0 -9999.0 -9999.0 -9999.0 -9999.0 -9999.0 -9999.0 -9999.0 -9999.0 -9999.0 -9999.0 -9999.0 -9999.0 -9999.0 -9999.0 -9999.0 -9999.0 -9999.0 -9999.0 -9999.0 -9999.0 -9999.0 -9999.0 -9999.0 -9999.0 -9999.0 -9999.0 -9999.0 -9999.0 -9999.0 -9999.0 -9999.0 -9999.0 -9999.0 -9999.0 -9999.0 -9999.0 -9999.0 -9999.0 -9999.0 -9999.0 -9999.0 -9999.0 -9999.0 -9999.0
-9999.0 -9999.0 -9999.0 -9999.0 -9999.0 -9999.0 -9999.0 -9999.0 -9999.0 -9999.0 -9999.0 -9999.0 -9999.0 -9999.0 -9999.0 -9999.0 -9999.0 -9999.0 -9999.0 -9999.0 -9999.0 -9999.0 -9999.0 -9999.0 -9999.0 -9999.0 -9999.0 -9999.0 -9999.0 -9999.0 -9999.0 -9999.0 -9999.0 -9999.0 -9999.0 -9999.0 -9999.0 -9999.0 -9999.0 -9999.0 -9999.0 -9999.0 -9999.0 -9999.0 -9999.0 -9999.0 -9999.0 -9999.0 -9999.0 -9999.0 -9999.0 -9999.0 -9999.0 -9999.0 -9999.0 -9999.0 -9999.0 -9999.0 -9999.0 -9999.0 -9999.0 -9999.0 -9999.0 -9999.0 -9999.0 -9999.0 -9999.0 -9999.0 -9999.0 -9999.0 -9999.0 -9999.0 -9999.0 -9999.0 -9999.0 -9999.0 -9999.0 -9999.0 -9999.0 -9999.0