Borden_/Borden1m_014/output_maps/psiliqL0024N0035.asc
ncols         80
nrows         18
xllcorner     620200.000000
yllcorner     5168000.000000
cellsize      1.000000
NODATA_value  -9999.0
-9999.0 -9999.0 -9999.0 -9999.0 -9999.0 -9999.0 -9999.0 -9999.0 -9999.0 -9999.0 -9999.0 -9999.0 -9999.0 -9999.0 -9999.0 -9999.0 -9999.0 -9999.0 -9999.0 -9999.0 -9999.0 -9999.0 -9999.0 -9999.0 -9999.0 -9999.0 -9999.0 -9999.0 -9999.0 -9999.0 -9999.0 -9999.0 -9999.0 -9999.0 -9999.0 -9999.0 -9999.0 -9999.0 -9999.0 -9999.0 -9999.0 -9999.0 -9999.0 -9999.0 -9999.0 -9999.0 -9999.0 -9999.0 -9999.0 -9999.0 -9999.0 -9999.0 -9999.0 -9999.0 -9999.0 -9999.0 -9999.0 -9999.0 -9999.0 -9999.0 -9999.0 -9999.0 -9999.0 -9999.0 -9999.0 -9999.0 -9999.0 -9999.0 -9999.0 -9999.0 -9999.0 -9999.0 -9999.0 -9999.0 -9999.0 -9999.0 -9999.0 -9999.0 -9999.0 -9999.0
-9999.0 -9999.0 -9999.0 -9999.0 -9999.0 -9999.0 -9999.0 -9999.0 -9999.0 -9999.0 -9999.0 -9999.0 -9999.0 -9999.0 -9999.0 -9999.0 -9999.0 -9999.0 -9999.0 -9999.0 -9999.0 -9999.0 -9999.0 -9999.0 -9999.0 -9999.0 -9999.0 -9999.0 -9999.0 -9999.0 -9999.0 -9999.0 -9999.0 -9999.0 -9999.0 -9999.0 -9999.0 -9999.0 -9999.0 -9999.0 -9999.0 -9999.0 -9999.0 -9999.0 -9999.0 -9999.0 -9999.0 -9999.0 -9999.0 -9999.0 -9999.0 -9999.0 -9999.0 -9999.0 -9999.0 -9999.0 -9999.0 -9999.0 -9999.0 -9999.0 -9999.0 -9999.0 -9999.0 -9999.0 -9999.0 -9999.0 -9999.0 -9999.0 -9999.0 -9999.0 -9999.0 -9999.0 -9999.0 -9999.0 -9999.0 -9999.0 -9999.0 -9999.0 -9999.0 -9999.0
-9999.0 -9999.0 -9999.0 -9999.0 -9999.0 -9999.0 -9999.0 -9999.0 -9999.0 -9999.0 -9999.0 -9999.0 -9999.0 -9999.0 -9999.0 -9999.0 -9999.0 -9999.0 -9999.0 -9999.0 2933.520363 2934.914302 2913.450258 2879.760430 2851.951117 2854.218132 2887.732077 2928.701001 2967.716190 2975.832581 2957.316466 2961.277470 2957.141138 2953.147285 2953.941165 2961.795772 2968.584608 2978.340080 2985.605773 2983.729871 2976.728373 2971.822251 2974.073348 2975.879287 2981.934351 2967.945692 2983.331870 2983.502287 2988.200463 2985.515260 2975.324744 2962.449837 2953.741401 2937.632188 2963.341732 2974.553090 2988.502227 2993.113864 2991.504778 2971.979716 2941.925005 -9999.0 -9999.0 -9999.0 -9999.0 -9999.0 -9999.0 -9999.0 -9999.0 -9999.0 -9999.0 -9999.0 -9999.0 -9999.0 -9999.0 -9999.0 -9999.0 -9999.0 -9999.0 -9999.0
-9999.0 -9999.0 -9999.0 -9999.0 -9999.0 -9999.0 -9999.0 -9999.0 -9999.0 -9999.0 -9999.0 -9999.0 -9999.0 -9999.0 2842.356774 2833.666300 2831.078333 2838.815628 2871.677025 2902.051872 2913.737696 2906.471159 2906.532645 2882.265545 2860.094667 2873.216171 2902.862457 2933.224917 2966.796772 2984.726377 2973.967562 2971.759774 2979.266498 2984.451626 2992.634093 2989.192360 2987.869008 2995.107130 3008.149180 3012.828562 3010.784813 3000.962812 3010.090023 3024.159049 3017.124269 3001.790893 3012.125716 3026.647498 3037.847207 3029.502840 2986.718203 2973.351973 2969.580602 2964.803930 2951.342876 2947.191227 2974.783498 2973.716072 2966.042958 2948.798212 2915.599358 2870.602542 2851.660421 2891.786279 2935.272595 2985.989542 -9999.0 -9999.0 -9999.0 -9999.0 -9999.0 -9999.0 -9999.0 -9999.0 -9999.0 -9999.0 -9999.0 -9999.0 -9999.0 -9999.0
-9999.0 -9999.0 -9999.0 -9999.0 -9999.0 -9999.0 -9999.0 -9999.0 -9999.0 2799.690405 2790.235440 2797.272936 2799.720074 2815.124692 2812.089524 2819.203243 2823.894266 2851.272548 2881.090756 2914.877589 2941.796011 2933.134155 2931.824290 2936.747952 2932.752623 2941.439125 2962.049579 2984.264256 3015.530110 3050.768772 3017.506327 3012.643748 3030.018968 3071.460472 3095.470598 3097.849707 3079.454670 3094.618900 3117.962444 3134.077535 3130.613758 3124.831239 3150.209332 3165.028671 3159.927081 3138.917342 3136.596603 3143.436879 3172.337599 3122.218632 3057.353775 3018.172204 3033.114791 3011.736361 2985.208296 2987.659370 2987.683200 2995.472405 2983.866069 2960.547339 2927.296405 2915.602980 2898.515915 2918.734270 2941.650500 2981.487395 3021.466335 3051.445302 3051.270490 3034.238556 -9999.0 -9999.0 -9999.0 -9999.0 -9999.0 -9999.0 -9999.0 -9999.0 -9999.0 -9999.0
-9999.0 -9999.0 -9999.0 -9999.0 -9999.0 -9999.0 2717.797554 2729.648373 2752.317837 2756.946290 2785.490549 2792.842626 2791.042984 2808.494178 2830.315021 2843.810214 2869.679074 2900.084986 2936.356394 2974.634802 2989.780135 2992.586197 2983.491331 3003.246765 3030.818953 3050.397660 3072.586168 3109.431875 3176.909737 3212.791846 3206.677909 3207.573753 3215.699738 3265.433501 3329.011891 3340.314402 3319.790389 3306.512132 3329.381775 3366.177950 3364.911483 3363.762733 3375.480080 3385.964244 3412.647162 3402.305954 3367.224384 3361.059049 3366.819104 3345.434533 3278.344844 3221.218846 3201.536422 3159.805943 3078.019376 3034.694923 3056.585661 3083.519647 3061.641195 3012.987989 2993.500831 2987.158851 2975.174521 2967.034910 2978.342033 2992.606011 3016.830694 3030.854966 3019.320942 2998.980579 2980.874025 2952.416725 2954.676501 2979.497628 -9999.0 -9999.0 -9999.0 -9999.0 -9999.0 -9999.0
-9999.0 -9999.0 -9999.0 -9999.0 2665.408594 2679.831833 2667.489797 2695.962998 2730.843462 2767.351280 2797.710502 2807.067865 2830.475728 2857.810577 2891.648972 2915.501912 2949.049117 2979.379765 3011.683479 3072.532379 3116.596982 3130.742181 3138.999624 3185.694993 3241.523548 3288.537289 3306.919237 3332.249180 3375.902511 3431.842748 3454.171906 3457.207405 3474.049553 3516.006208 3570.791572 3605.379267 3587.971841 3579.199201 3588.639299 3602.374297 3624.499546 3624.588866 3625.677992 3629.505227 3636.738397 3635.259740 3609.331743 3576.221658 3563.486975 3553.699078 3517.208974 3446.172419 3415.442172 3387.390644 3347.749275 3294.717985 3245.877499 3245.582437 3191.975814 3141.926936 3091.588827 3082.570076 3061.762744 3045.438484 3027.446418 3038.902687 3050.330685 3035.198742 3005.629975 2981.250422 2967.691335 2949.550439 2937.961149 2968.653314 2984.330747 3013.995494 -9999.0 -9999.0 -9999.0 -9999.0
-9999.0 -9999.0 2603.012403 2650.117442 2709.200578 2718.146770 2715.622088 2722.449399 2753.044429 2806.593362 2844.384711 2882.312826 2913.128151 2943.894882 2980.625145 3043.264439 3103.334251 3145.283901 3198.090579 3266.191096 3324.688959 3351.516580 3360.577749 3394.798223 3448.518802 3515.954870 3543.365884 3569.329317 3600.258474 3635.771496 3630.269806 3641.357834 3653.205742 3664.586729 3678.275734 3684.719087 3680.087490 3675.537891 3657.117719 3652.166523 3658.696415 3666.265869 3665.603890 3651.112560 3647.153831 3661.960026 3667.880867 3666.008082 3663.557464 3668.741617 3665.359995 3618.461330 3598.294510 3583.483290 3572.591759 3527.108858 3461.329732 3428.503117 3407.866673 3368.587387 3295.897042 3257.669148 3218.166024 3183.224599 3148.593401 3134.152152 3100.915997 3068.453584 3029.501316 2988.785258 2974.597990 2959.303108 2958.228787 2958.200065 2975.389576 2989.039348 3004.935397 3013.004790 -9999.0 -9999.0
-9999.0 2493.377057 2565.182782 2689.087374 2769.358896 2796.165454 2808.223956 2814.299633 2840.197584 2872.074509 2960.314265 3000.583808 3082.577323 3118.477646 3158.985280 3244.315461 3336.657659 3378.274236 3415.890508 3477.528126 3541.619497 3587.850568 3613.779364 3597.001451 3635.218685 3662.119438 3669.309791 3675.643206 3674.966554 3666.523061 3659.749496 3666.523581 3663.696108 3644.788288 3628.972058 3627.320057 3623.978826 3600.903256 3573.656455 3558.472822 3560.149515 3584.712715 3571.892980 3550.648519 3546.280897 3567.745768 3588.565502 3578.036297 3565.069487 3581.467432 3615.706746 3639.834319 3642.187077 3660.379141 3681.414186 3652.912584 3630.668678 3587.592131 3571.040449 3545.858534 3489.806509 3435.151680 3387.532548 3339.817184 3287.469633 3238.033498 3190.540548 3146.077853 3092.401734 3059.376196 3034.847998 2991.596422 2982.539494 2984.334270 2981.476989 2979.462090 2984.281057 2990.857835 -9999.0 -9999.0
-9999.0 2399.457803 2539.388560 2719.568582 2853.374690 2896.249641 2963.498448 3011.801637 3025.850690 2988.956088 3073.162541 3283.343332 3399.088159 3414.987710 3488.425874 3580.687248 3567.938440 3598.465423 3620.846121 3643.731034 3662.185311 3675.471822 3673.483937 3668.022447 3651.736482 3643.778641 3642.954508 3640.916335 3623.755007 3605.012263 3588.369812 3585.446721 3568.028825 3519.924908 3487.222176 3470.329938 3452.484681 3438.739478 3411.183272 3385.612953 3370.472108 3381.122369 3378.562258 3365.298079 3360.870431 3378.617100 3409.383663 3406.647575 3417.292851 3436.646448 3471.960214 3509.405605 3528.459142 3557.187061 3592.368383 3639.268983 3648.834928 3671.047401 3674.246199 3662.629661 3616.951521 3566.201769 3537.128267 3482.417668 3423.037105 3362.171556 3313.757048 3269.317193 3214.591034 3180.402845 3142.993997 3089.438597 3045.618120 3036.333759 3002.608600 2988.884384 -9999.0 -9999.0 -9999.0 -9999.0
-9999.0 2300.732320 2481.715244 2724.625343 2999.961185 3074.481742 3270.914039 3382.996902 3421.758004 3487.375322 3381.827592 3576.161056 3625.067954 3619.066951 3631.188414 3633.784879 3647.626220 3647.206263 3642.147649 3631.293097 3621.927185 3617.527016 3616.397146 3608.526913 3596.001397 3581.499033 3569.831594 3558.662187 3522.596727 3491.148009 3453.130127 3441.003651 3398.267172 3308.278614 3269.729378 3232.396944 3173.426839 3175.314362 3181.142657 3161.210056 3142.143795 3115.378844 3143.695901 3153.257632 3157.038725 3153.489172 3163.878836 3187.047638 3233.337526 3267.010069 3305.619595 3352.872722 3382.010541 3420.728680 3460.544179 3512.354558 3542.912858 3571.473143 3619.327956 3656.103046 3678.620126 3665.167494 3645.745638 3602.163551 3542.545348 3493.567431 3465.170365 3415.500979 3372.823886 3329.314950 3283.129245 3230.631546 3171.185492 3115.733917 3081.354923 -9999.0 -9999.0 -9999.0 -9999.0 -9999.0
-9999.0 2084.402089 2348.932000 2618.961627 2887.537296 3217.056895 3377.707296 3473.412062 3535.078020 3513.655536 3532.898546 3540.274550 3576.780514 3583.389843 3561.962326 3548.690856 3531.862392 3530.774154 3543.766869 3516.822170 3487.090360 3474.033093 3474.874787 3464.172257 3440.693500 3425.819519 3416.517117 3398.547279 3356.471755 3307.261569 3224.869006 3192.587906 3119.668676 3079.538775 3042.879091 2996.728997 2967.679747 2972.212165 2981.477354 2986.170230 2965.570298 2948.469495 2977.327874 2983.673358 2996.406086 2980.815629 2987.518768 3021.414305 3067.496182 3107.322240 3150.895924 3194.630513 3235.552206 3274.697814 3296.237632 3336.088798 3376.879891 3417.899130 3487.154797 3564.039837 3598.890404 3632.869756 3662.435285 3684.014896 3641.587222 3614.712563 3591.489446 3568.699575 3523.186780 3478.223425 3437.724956 3374.230997 3315.084481 -9999.0 -9999.0 -9999.0 -9999.0 -9999.0 -9999.0 -9999.0
-9999.0 1970.036904 2167.212213 2364.586533 2620.829443 2835.843951 3042.870507 3133.558686 3200.290405 3264.092302 3313.976894 3349.931388 3375.078784 3396.162849 3373.468914 3329.270878 3297.693847 3302.485912 3294.419034 3273.217455 3245.659276 3232.804451 3230.732808 3225.980634 3204.777074 3194.432566 3187.753206 3173.703172 3148.116194 3096.152839 3025.085297 2968.529694 2914.846580 2893.659555 2870.088722 2842.501063 2815.098086 2827.911819 2840.099004 2840.203586 2833.333096 2833.198740 2862.203792 2881.234130 2890.829829 2879.989828 2898.431179 2922.173362 2959.778281 2987.168716 3031.298808 3080.703712 3128.686690 3149.171781 3152.198013 3164.822302 3188.617311 3231.714751 3307.610309 3391.995158 3467.654347 3512.262077 3562.349624 3601.484886 3628.757615 3655.136316 3676.338370 3668.488674 3643.302775 3610.435928 3552.820642 -9999.0 -9999.0 -9999.0 -9999.0 -9999.0 -9999.0 -9999.0 -9999.0 -9999.0
-9999.0 -9999.0 1940.438863 2096.655489 2200.060037 2365.375388 2510.319388 2620.388547 2724.091294 2828.597933 2947.738541 3023.879685 3068.823699 3083.833658 3069.840848 3040.902312 3023.191538 3022.890166 3011.546983 3004.768367 2989.901467 2984.786737 2990.938156 2983.506909 2978.556407 2977.247954 2974.684770 2966.635513 2949.446320 2907.571696 2869.226093 2824.995959 2810.625988 2786.815799 2766.519651 2747.535440 2749.814448 2744.180432 2748.972089 2751.426582 2760.528132 2774.447262 2793.975602 2794.210381 2803.672166 2813.698109 2824.847290 2846.801963 2876.998474 2917.064646 2968.631393 3013.083971 3048.308727 3055.136767 3037.768219 3033.414169 3042.252986 3071.888941 3135.873925 3200.675538 3288.817164 3353.239326 3418.831797 3473.950230 3500.094114 3536.438252 3605.339610 3653.268489 3694.184057 3671.870982 -9999.0 -9999.0 -9999.0 -9999.0 -9999.0 -9999.0 -9999.0 -9999.0 -9999.0 -9999.0
-9999.0 -9999.0 -9999.0 -9999.0 1957.387032 2105.708538 2203.556047 2284.329209 2418.737489 2549.549394 2657.705434 2746.512761 2816.613179 2803.705018 2803.754890 2819.085662 2817.799015 2809.149677 2798.469316 2802.476305 2806.515228 2800.775171 2827.312433 2820.549937 2823.484342 2830.333904 2827.783721 2814.169039 2795.318652 2778.779915 2763.630637 2731.623703 2698.788733 2670.486886 2657.834896 2653.946789 2653.654355 2645.607944 2653.778107 2662.392446 2678.189766 2693.326322 2716.843922 2746.032156 2760.911370 2776.176124 2785.725830 2805.460461 2814.253030 2865.570072 2927.489577 2983.797003 3008.959818 3009.301163 2992.335128 2972.121918 2961.678899 2981.227192 2995.635665 3047.112038 3136.168646 3193.612657 3239.358934 3278.537077 3314.717054 3377.875011 3470.562081 3550.834321 -9999.0 -9999.0 -9999.0 -9999.0 -9999.0 -9999.0 -9999.0 -9999.0 -9999.0 -9999.0 -9999.0 -9999.0
-9999.0 -9999.0 -9999.0 -9999.0 -9999.0 -9999.0 1932.206294 2037.886273 2107.772189 2260.050122 2404.959153 2513.871091 2598.867882 2635.620195 2670.188054 2701.149143 2701.879967 2681.982069 2660.365354 2681.466391 2699.610694 2692.996819 2661.245428 2662.276026 2668.750224 2676.364009 2673.574057 2667.292228 2642.331952 2657.936871 2661.470814 2638.589426 2613.165114 2600.195451 2588.601076 2598.306110 2598.248513 2583.767693 2582.768045 2610.451627 2631.404361 2644.302917 2665.447795 2698.730112 2731.494639 2747.596511 2749.214857 2754.915037 2792.745609 2842.089784 2912.875083 2967.803582 2991.110344 2995.772442 2975.391345 2931.878895 2907.298193 2908.211502 2934.672892 2976.542661 3019.783986 3056.223744 3068.455018 3070.746695 3083.589636 3176.199866 -9999.0 -9999.0 -9999.0 -9999.0 -9999.0 -9999.0 -9999.0 -9999.0 -9999.0 -9999.0 -9999.0 -9999.0 -9999.0 -9999.0
-9999.0 -9999.0 -9999.0 -9999.0 -9999.0 -9999.0 -9999.0 -9999.0 -9999.0 -9999.0 -9999.0 -9999.0 -9999.0 -9999.0 -9999.0 -9999.0 -9999.0 -9999.0 -9999.0 -9999.0 -9999.0 -9999.0 -9999.0 -9999.0 -9999.0 -9999.0 -9999.0 -9999.0 -9999.0 -9999.0 -9999.0 -9999.0 -9999.0 -9999.0 -9999.0 -9999.0 -9999.0 -9999.0 -9999.0 -9999.0 -9999.0 -9999.0 -9999.0 -9999.0 -9999.0 -9999.0 -9999.0 -9999.0 -9999.0 -9999.0 -9999.0 -9999.0 -9999.0 -9999.0 -9999.0 -9999.0 -9999.0 -9999.0 -9999.0 -9999.0 -9999.0 -9999.0 -9999.0 -9999.0 -9999.0 -9999.0 -9999.0 -9999.0 -9999.0 -9999.0 -9999.0 -9999.0 -9999.0 -9999.0 -9999.0 -9999.0 -9999.0 -9999.0 -9999.0 -9999.0
-9999.0 -9999.0 -9999.0 -9999.0 -9999.0 -9999.0 -9999.0 -9999.0 -9999.0 -9999.0 -9999.0 -9999.0 -9999.0 -9999.0 -9999.0 -9999.0 -9999.0 -9999.0 -9999.0 -9999.0 -9999.0 -9999.0 -9999.0 -9999.0 -9999.0 -9999.0 -9999.0 -9999.0 -9999.0 -9999.0 -9999.0 -9999.0 -9999.0 -9999.0 -9999.0 -9999.0 -9999.0 -9999.0 -9999.0 -9999.0 -9999.0 -9999.0 -9999.0 -9999.0 -9999.0 -9999.0 -9999.0 -9999.0 -9999.0 -9999.0 -9999.0 -9999.0 -9999.0 -9999.0 -9999.0 -9999.0 -9999.0 -9999.0 -9999.0 -9999.0 -9999.0 -9999.0 -9999.0 -9999.0 -9999.0 -9999.0 -9999.0 -9999.0 -9999.0 -9999.0 -9999.0 -9999.0 -9999.0 -9999.0 -9999.0 -9999.0 -9999.0 -9999.0 -9999.0 -9999.0