Borden_/Borden1m_014/output_maps/psiliqL0006N0030.asc
ncols         80
nrows         18
xllcorner     620200.000000
yllcorner     5168000.000000
cellsize      1.000000
NODATA_value  -9999.0
-9999.0 -9999.0 -9999.0 -9999.0 -9999.0 -9999.0 -9999.0 -9999.0 -9999.0 -9999.0 -9999.0 -9999.0 -9999.0 -9999.0 -9999.0 -9999.0 -9999.0 -9999.0 -9999.0 -9999.0 -9999.0 -9999.0 -9999.0 -9999.0 -9999.0 -9999.0 -9999.0 -9999.0 -9999.0 -9999.0 -9999.0 -9999.0 -9999.0 -9999.0 -9999.0 -9999.0 -9999.0 -9999.0 -9999.0 -9999.0 -9999.0 -9999.0 -9999.0 -9999.0 -9999.0 -9999.0 -9999.0 -9999.0 -9999.0 -9999.0 -9999.0 -9999.0 -9999.0 -9999.0 -9999.0 -9999.0 -9999.0 -9999.0 -9999.0 -9999.0 -9999.0 -9999.0 -9999.0 -9999.0 -9999.0 -9999.0 -9999.0 -9999.0 -9999.0 -9999.0 -9999.0 -9999.0 -9999.0 -9999.0 -9999.0 -9999.0 -9999.0 -9999.0 -9999.0 -9999.0
-9999.0 -9999.0 -9999.0 -9999.0 -9999.0 -9999.0 -9999.0 -9999.0 -9999.0 -9999.0 -9999.0 -9999.0 -9999.0 -9999.0 -9999.0 -9999.0 -9999.0 -9999.0 -9999.0 -9999.0 -9999.0 -9999.0 -9999.0 -9999.0 -9999.0 -9999.0 -9999.0 -9999.0 -9999.0 -9999.0 -9999.0 -9999.0 -9999.0 -9999.0 -9999.0 -9999.0 -9999.0 -9999.0 -9999.0 -9999.0 -9999.0 -9999.0 -9999.0 -9999.0 -9999.0 -9999.0 -9999.0 -9999.0 -9999.0 -9999.0 -9999.0 -9999.0 -9999.0 -9999.0 -9999.0 -9999.0 -9999.0 -9999.0 -9999.0 -9999.0 -9999.0 -9999.0 -9999.0 -9999.0 -9999.0 -9999.0 -9999.0 -9999.0 -9999.0 -9999.0 -9999.0 -9999.0 -9999.0 -9999.0 -9999.0 -9999.0 -9999.0 -9999.0 -9999.0 -9999.0
-9999.0 -9999.0 -9999.0 -9999.0 -9999.0 -9999.0 -9999.0 -9999.0 -9999.0 -9999.0 -9999.0 -9999.0 -9999.0 -9999.0 -9999.0 -9999.0 -9999.0 -9999.0 -9999.0 -9999.0 -647.902190 -644.777260 -667.951315 -702.284649 -731.037724 -729.648587 -695.091294 -654.539057 -617.253134 -606.829152 -625.262403 -624.369178 -629.910964 -629.935222 -626.861577 -621.162694 -618.955141 -607.241180 -598.660049 -598.874274 -605.154645 -611.141283 -612.923453 -609.217061 -604.265903 -612.599379 -599.013234 -583.344901 -576.457932 -581.543658 -609.081389 -624.921291 -632.580410 -646.471669 -621.472574 -608.241823 -584.638813 -579.870252 -580.557662 -607.423660 -637.355899 -9999.0 -9999.0 -9999.0 -9999.0 -9999.0 -9999.0 -9999.0 -9999.0 -9999.0 -9999.0 -9999.0 -9999.0 -9999.0 -9999.0 -9999.0 -9999.0 -9999.0 -9999.0 -9999.0
-9999.0 -9999.0 -9999.0 -9999.0 -9999.0 -9999.0 -9999.0 -9999.0 -9999.0 -9999.0 -9999.0 -9999.0 -9999.0 -9999.0 -736.884514 -747.511097 -751.030654 -742.987718 -709.734741 -680.320582 -667.781066 -675.803889 -676.293649 -700.307171 -720.808207 -707.227296 -678.646800 -647.894381 -614.202316 -593.663306 -607.143480 -610.243846 -599.390942 -570.288379 -554.281324 -556.875133 -579.323368 -556.338234 -539.135241 -528.505444 -529.459019 -538.416091 -522.235452 -504.610737 -511.460672 -530.446290 -528.033723 -516.186692 -500.075400 -517.129929 -584.906956 -607.071307 -609.510234 -615.617740 -628.242191 -634.449011 -609.198712 -607.481345 -615.201407 -632.585500 -664.201916 -707.819539 -725.001714 -686.256488 -641.167368 -582.324424 -9999.0 -9999.0 -9999.0 -9999.0 -9999.0 -9999.0 -9999.0 -9999.0 -9999.0 -9999.0 -9999.0 -9999.0 -9999.0 -9999.0
-9999.0 -9999.0 -9999.0 -9999.0 -9999.0 -9999.0 -9999.0 -9999.0 -9999.0 -792.195103 -789.221776 -782.637580 -781.533832 -766.464249 -768.457545 -762.140280 -754.560051 -729.527416 -699.244688 -664.763175 -636.217631 -647.084807 -647.362576 -634.986083 -627.330191 -614.163574 -593.469170 -551.940825 -506.176675 -459.746996 -489.196900 -490.468594 -467.264550 -405.156121 -350.821937 -333.971027 -361.162780 -358.410180 -321.818423 -282.117104 -277.893740 -278.243305 -242.072975 -222.887738 -214.056439 -240.389683 -273.019181 -278.974221 -244.742062 -319.955811 -408.095668 -476.039205 -479.608553 -515.305422 -560.444878 -584.653542 -587.812219 -564.572016 -579.814306 -617.255174 -653.459169 -661.847714 -677.627224 -660.993979 -637.576037 -589.558802 -550.320514 -520.723419 -519.706933 -536.820513 -9999.0 -9999.0 -9999.0 -9999.0 -9999.0 -9999.0 -9999.0 -9999.0 -9999.0 -9999.0
-9999.0 -9999.0 -9999.0 -9999.0 -9999.0 -9999.0 -869.660323 -861.525812 -842.561492 -837.264843 -813.965845 -807.006233 -787.244374 -768.631116 -749.283372 -732.973961 -702.636217 -671.006371 -629.696180 -584.821379 -551.272735 -555.039439 -544.209012 -505.236352 -452.144292 -409.431235 -377.596030 -321.740279 -208.768635 -147.816272 -125.679715 -115.132064 -102.895772 -65.314611 -6.400839 22.335505 -9.363776 -27.516040 -9.262292 34.138561 86.485664 91.411881 99.033563 107.012287 132.454131 122.617358 40.592636 11.665553 2.362682 -9.711171 -57.200069 -109.866592 -166.766318 -233.786701 -350.922546 -428.941618 -436.609202 -423.372014 -461.547972 -519.895281 -565.203282 -576.120451 -590.608053 -604.758157 -598.976186 -578.656498 -554.017307 -541.677702 -553.295210 -573.107827 -595.714812 -624.005328 -621.890949 -595.943673 -9999.0 -9999.0 -9999.0 -9999.0 -9999.0 -9999.0
-9999.0 -9999.0 -9999.0 -9999.0 -918.726404 -906.896222 -918.694853 -896.217970 -865.243444 -833.255692 -801.699569 -765.259584 -739.293601 -710.704764 -669.317367 -630.254565 -585.197136 -548.708472 -487.764575 -403.761204 -329.487415 -284.657768 -253.822016 -167.126805 -97.059409 -52.292701 -36.083192 -8.949062 41.302900 139.274043 168.963819 176.706099 178.316098 216.187546 247.295546 291.074291 274.875018 269.257939 271.974969 281.719916 308.766650 310.448048 312.033425 312.510537 314.690847 315.059743 291.213121 258.867438 245.263888 233.718320 200.498184 154.302708 74.625859 35.427786 6.621793 -35.477059 -96.140466 -123.428991 -196.542751 -275.619912 -375.726139 -413.992490 -455.268136 -486.035582 -519.805279 -519.572262 -516.340587 -535.576204 -565.171579 -596.314684 -610.414009 -628.310358 -637.610689 -607.162071 -588.942722 -557.210363 -9999.0 -9999.0 -9999.0 -9999.0
-9999.0 -9999.0 -975.592491 -925.780280 -870.994097 -863.171308 -861.092547 -857.192998 -831.767678 -782.874163 -704.737307 -651.558438 -605.022125 -574.469922 -510.033805 -408.271966 -297.462522 -222.431558 -144.203609 -79.676000 -24.804226 17.392304 75.897035 118.560669 165.410112 211.253678 218.915834 255.130363 285.234805 316.414553 340.508944 356.527464 360.884968 356.874322 356.831941 355.783065 353.655020 349.026678 331.891447 329.813304 337.463128 340.183507 343.536559 331.262775 327.426705 339.729154 341.364529 341.260798 342.630074 349.819655 359.145712 329.929676 276.231966 258.607423 239.976932 217.872067 156.767831 81.154711 51.116990 9.025278 -65.229377 -112.177531 -174.406818 -248.605466 -334.662015 -386.513621 -444.093898 -488.020875 -533.572141 -577.981597 -600.336440 -617.875460 -619.070703 -617.449186 -600.723641 -584.407090 -568.473202 -560.392735 -9999.0 -9999.0
-9999.0 -1072.228794 -1000.177785 -872.973969 -795.625071 -751.863066 -710.509282 -680.359339 -657.603023 -646.357773 -533.213584 -403.379464 -277.683866 -232.091440 -158.726402 -57.012985 71.333545 110.206261 131.853941 182.134046 234.015561 274.140571 304.151951 335.211497 360.829073 358.012993 355.005976 355.288805 348.065495 341.114698 331.146294 338.600319 336.810825 321.390427 308.923541 307.124464 301.965705 276.861880 249.698351 236.938159 241.401415 262.083144 251.923955 232.165217 228.494899 248.154079 264.044632 255.883526 243.997715 258.070458 292.735844 313.274603 329.177210 342.438371 362.107138 341.152225 308.455093 269.046596 251.772977 224.327202 139.070064 73.762311 19.778572 -43.571155 -102.881856 -180.567634 -270.060202 -357.934114 -438.618151 -481.212377 -513.292306 -565.979255 -588.952746 -586.300367 -594.916751 -596.727967 -589.469665 -582.742920 -9999.0 -9999.0
-9999.0 -1140.621896 -997.442277 -812.307599 -667.548699 -604.963632 -473.897778 -372.901108 -334.069588 -362.628878 -200.791686 63.893609 139.636605 146.139125 203.777071 275.083408 316.631879 341.335968 356.087965 350.116964 346.282493 348.982466 346.208426 337.742156 324.762947 317.995970 317.042390 314.715932 295.568995 277.288421 261.009570 258.715959 241.612300 209.084366 179.359313 163.830181 137.470704 93.938729 53.154569 24.491069 10.938030 30.044781 19.902547 1.487032 -2.138575 21.866642 55.622088 50.296208 55.901274 79.138199 124.258565 189.967507 212.789880 237.044150 273.116595 314.264101 332.870665 352.290889 358.263073 334.518647 293.209373 243.540588 213.733698 125.420113 50.394596 -28.721563 -83.718937 -132.644455 -211.528946 -279.896525 -354.789551 -430.147425 -495.422734 -524.552826 -563.650790 -584.588720 -9999.0 -9999.0 -9999.0 -9999.0
-9999.0 -1201.240327 -1009.389738 -742.812025 -487.586653 -315.036867 -102.400588 34.025625 152.767546 159.020873 236.153820 328.083765 343.167559 329.948130 308.102657 306.306835 317.441860 320.165877 316.139626 306.106022 294.189615 278.493648 287.404056 268.561001 268.375650 255.273268 243.092554 229.567361 162.477056 125.696958 96.029630 79.697018 44.692162 -39.736544 -75.124030 -100.477435 -159.781952 -177.396648 -196.346674 -236.290172 -263.293264 -283.035698 -259.578557 -262.348445 -262.724489 -249.141363 -219.086220 -195.412421 -144.223392 -105.769388 -68.333254 -17.795844 16.532087 60.970277 113.224644 195.918274 226.568206 252.128676 296.395347 335.525844 356.666865 348.468501 319.337593 279.878540 216.194599 120.557115 67.514259 -2.849910 -60.636362 -102.528671 -137.019766 -196.827552 -295.231363 -427.639782 -473.461507 -9999.0 -9999.0 -9999.0 -9999.0 -9999.0
-9999.0 -1346.662157 -1079.172484 -781.017155 -433.040781 -92.772797 11.163969 223.990156 294.605740 223.434909 161.483413 214.629734 250.977376 254.381969 231.844717 223.407749 216.840523 216.471674 228.604279 198.192049 141.789181 123.138802 121.843800 108.644788 86.218726 67.173658 52.465612 30.610681 -22.458572 -65.722906 -127.463786 -158.942986 -251.423256 -352.391326 -414.542991 -470.485155 -527.898160 -530.912503 -516.004242 -534.437947 -557.396182 -576.739568 -551.192329 -536.463933 -525.905885 -535.294860 -525.953152 -490.082915 -436.733629 -384.738280 -314.471025 -232.001011 -170.368215 -109.036438 -78.062677 -27.064099 19.468433 67.917224 143.708158 244.700958 276.926659 309.579155 345.602551 361.446923 319.846736 274.063192 219.705001 125.532310 27.979668 -14.619752 -32.878737 -58.559830 -103.255866 -9999.0 -9999.0 -9999.0 -9999.0 -9999.0 -9999.0 -9999.0
-9999.0 -1483.106280 -1245.942749 -992.432344 -690.289243 -445.765239 -224.289917 -94.987595 28.774450 -37.065929 -44.474591 -18.805228 10.536473 31.969490 8.999650 -24.367576 -47.279451 -43.652751 -43.151753 -64.873477 -91.827804 -103.953684 -104.947299 -113.392353 -145.290250 -168.011791 -183.868655 -214.297181 -267.935472 -349.390529 -453.055367 -524.901790 -589.121753 -626.781117 -657.540556 -690.794984 -730.307358 -719.411131 -704.135130 -709.102058 -722.094904 -727.230917 -697.742837 -679.887724 -670.096252 -684.158299 -666.376769 -639.867580 -598.446613 -557.482352 -509.751810 -453.411463 -393.207213 -351.033377 -323.334738 -272.778151 -207.916372 -131.850874 -53.729269 42.797793 118.359328 191.265767 241.986663 259.952663 289.866646 307.693821 299.836138 234.942607 53.214450 24.420523 21.488989 -9999.0 -9999.0 -9999.0 -9999.0 -9999.0 -9999.0 -9999.0 -9999.0 -9999.0
-9999.0 -9999.0 -1484.545569 -1289.115884 -1121.309295 -934.628782 -783.436640 -683.051437 -616.619305 -535.546439 -445.217749 -360.859059 -307.494417 -284.915635 -312.492497 -370.529707 -404.896432 -404.928711 -415.520574 -433.768355 -463.720116 -475.355362 -485.222646 -493.844146 -509.936014 -518.793742 -524.651934 -536.415892 -560.290013 -608.244637 -662.827355 -714.772338 -768.716639 -792.926275 -814.397434 -837.049983 -841.140746 -842.083968 -834.884129 -833.854188 -829.190536 -818.005122 -797.349385 -776.634623 -767.655928 -761.535455 -749.377504 -726.358598 -693.946558 -654.300005 -603.369338 -548.993337 -511.815332 -500.523385 -510.457153 -503.588611 -478.536220 -425.125060 -302.851503 -173.968284 -80.289665 -11.493732 60.550207 108.789326 130.842289 179.586641 214.592196 113.417671 -50.167346 -19.722357 -9999.0 -9999.0 -9999.0 -9999.0 -9999.0 -9999.0 -9999.0 -9999.0 -9999.0 -9999.0
-9999.0 -9999.0 -9999.0 -9999.0 -1431.954396 -1273.694906 -1181.406605 -1100.803134 -985.693075 -884.619193 -798.163929 -726.573835 -678.252070 -656.264346 -670.257324 -679.948699 -689.563511 -692.235347 -700.284454 -707.135832 -714.025592 -721.580216 -731.471628 -738.780315 -739.850931 -736.705441 -738.322377 -750.707069 -765.319195 -793.335469 -817.902313 -852.700962 -889.485667 -918.149405 -930.838225 -938.049559 -937.569407 -942.520234 -932.778511 -926.937361 -912.392550 -897.089300 -873.266744 -845.547638 -833.668944 -819.925692 -810.476718 -789.934553 -760.786916 -709.281605 -648.471555 -594.235532 -562.295920 -560.562028 -589.082763 -606.830764 -611.599709 -584.714708 -536.254780 -459.737232 -329.084212 -216.743940 -129.541889 -84.039406 -54.109748 -6.943939 36.751392 48.458085 -9999.0 -9999.0 -9999.0 -9999.0 -9999.0 -9999.0 -9999.0 -9999.0 -9999.0 -9999.0 -9999.0 -9999.0
-9999.0 -9999.0 -9999.0 -9999.0 -9999.0 -9999.0 -1491.615256 -1398.811364 -1309.355921 -1194.727203 -1089.757237 -1003.500934 -933.606309 -911.931265 -897.976084 -877.553642 -882.884309 -898.853807 -914.048630 -898.464326 -890.397256 -894.614867 -920.468756 -922.102632 -919.076514 -909.480270 -910.235803 -915.944816 -940.108598 -933.131251 -935.162087 -957.677666 -983.293181 -997.608259 -1008.914692 -998.854696 -997.817688 -1009.870782 -1006.858089 -981.303060 -962.046165 -948.680096 -926.173264 -893.431220 -861.945776 -848.277288 -847.668658 -841.721729 -800.333408 -731.162144 -662.579421 -611.046341 -582.126878 -576.455818 -607.134382 -650.419454 -674.446513 -670.376195 -638.586549 -587.404695 -510.354796 -457.586492 -417.900620 -384.485130 -340.430409 -204.925405 -9999.0 -9999.0 -9999.0 -9999.0 -9999.0 -9999.0 -9999.0 -9999.0 -9999.0 -9999.0 -9999.0 -9999.0 -9999.0 -9999.0
-9999.0 -9999.0 -9999.0 -9999.0 -9999.0 -9999.0 -9999.0 -9999.0 -9999.0 -9999.0 -9999.0 -9999.0 -9999.0 -9999.0 -9999.0 -9999.0 -9999.0 -9999.0 -9999.0 -9999.0 -9999.0 -9999.0 -9999.0 -9999.0 -9999.0 -9999.0 -9999.0 -9999.0 -9999.0 -9999.0 -9999.0 -9999.0 -9999.0 -9999.0 -9999.0 -9999.0 -9999.0 -9999.0 -9999.0 -9999.0 -9999.0 -9999.0 -9999.0 -9999.0 -9999.0 -9999.0 -9999.0 -9999.0 -9999.0 -9999.0 -9999.0 -9999.0 -9999.0 -9999.0 -9999.0 -9999.0 -9999.0 -9999.0 -9999.0 -9999.0 -9999.0 -9999.0 -9999.0 -9999.0 -9999.0 -9999.0 -9999.0 -9999.0 -9999.0 -9999.0 -9999.0 -9999.0 -9999.0 -9999.0 -9999.0 -9999.0 -9999.0 -9999.0 -9999.0 -9999.0
-9999.0 -9999.0 -9999.0 -9999.0 -9999.0 -9999.0 -9999.0 -9999.0 -9999.0 -9999.0 -9999.0 -9999.0 -9999.0 -9999.0 -9999.0 -9999.0 -9999.0 -9999.0 -9999.0 -9999.0 -9999.0 -9999.0 -9999.0 -9999.0 -9999.0 -9999.0 -9999.0 -9999.0 -9999.0 -9999.0 -9999.0 -9999.0 -9999.0 -9999.0 -9999.0 -9999.0 -9999.0 -9999.0 -9999.0 -9999.0 -9999.0 -9999.0 -9999.0 -9999.0 -9999.0 -9999.0 -9999.0 -9999.0 -9999.0 -9999.0 -9999.0 -9999.0 -9999.0 -9999.0 -9999.0 -9999.0 -9999.0 -9999.0 -9999.0 -9999.0 -9999.0 -9999.0 -9999.0 -9999.0 -9999.0 -9999.0 -9999.0 -9999.0 -9999.0 -9999.0 -9999.0 -9999.0 -9999.0 -9999.0 -9999.0 -9999.0 -9999.0 -9999.0 -9999.0 -9999.0