Borden_/Borden1m_014/output_maps/psiliqL0022N0024.asc
ncols         80
nrows         18
xllcorner     620200.000000
yllcorner     5168000.000000
cellsize      1.000000
NODATA_value  -9999.0
-9999.0 -9999.0 -9999.0 -9999.0 -9999.0 -9999.0 -9999.0 -9999.0 -9999.0 -9999.0 -9999.0 -9999.0 -9999.0 -9999.0 -9999.0 -9999.0 -9999.0 -9999.0 -9999.0 -9999.0 -9999.0 -9999.0 -9999.0 -9999.0 -9999.0 -9999.0 -9999.0 -9999.0 -9999.0 -9999.0 -9999.0 -9999.0 -9999.0 -9999.0 -9999.0 -9999.0 -9999.0 -9999.0 -9999.0 -9999.0 -9999.0 -9999.0 -9999.0 -9999.0 -9999.0 -9999.0 -9999.0 -9999.0 -9999.0 -9999.0 -9999.0 -9999.0 -9999.0 -9999.0 -9999.0 -9999.0 -9999.0 -9999.0 -9999.0 -9999.0 -9999.0 -9999.0 -9999.0 -9999.0 -9999.0 -9999.0 -9999.0 -9999.0 -9999.0 -9999.0 -9999.0 -9999.0 -9999.0 -9999.0 -9999.0 -9999.0 -9999.0 -9999.0 -9999.0 -9999.0
-9999.0 -9999.0 -9999.0 -9999.0 -9999.0 -9999.0 -9999.0 -9999.0 -9999.0 -9999.0 -9999.0 -9999.0 -9999.0 -9999.0 -9999.0 -9999.0 -9999.0 -9999.0 -9999.0 -9999.0 -9999.0 -9999.0 -9999.0 -9999.0 -9999.0 -9999.0 -9999.0 -9999.0 -9999.0 -9999.0 -9999.0 -9999.0 -9999.0 -9999.0 -9999.0 -9999.0 -9999.0 -9999.0 -9999.0 -9999.0 -9999.0 -9999.0 -9999.0 -9999.0 -9999.0 -9999.0 -9999.0 -9999.0 -9999.0 -9999.0 -9999.0 -9999.0 -9999.0 -9999.0 -9999.0 -9999.0 -9999.0 -9999.0 -9999.0 -9999.0 -9999.0 -9999.0 -9999.0 -9999.0 -9999.0 -9999.0 -9999.0 -9999.0 -9999.0 -9999.0 -9999.0 -9999.0 -9999.0 -9999.0 -9999.0 -9999.0 -9999.0 -9999.0 -9999.0 -9999.0
-9999.0 -9999.0 -9999.0 -9999.0 -9999.0 -9999.0 -9999.0 -9999.0 -9999.0 -9999.0 -9999.0 -9999.0 -9999.0 -9999.0 -9999.0 -9999.0 -9999.0 -9999.0 -9999.0 -9999.0 2555.363039 2557.719424 2537.304446 2505.093182 2478.942854 2483.040324 2518.725037 2561.772654 2602.881371 2613.593569 2597.275669 2602.708287 2599.843944 2597.254162 2599.184377 2607.591240 2614.688881 2625.199472 2633.458803 2632.886479 2627.162606 2623.186319 2625.698787 2627.978714 2633.613473 2619.475465 2633.584613 2647.687244 2650.522768 2644.699886 2617.655127 2602.037917 2590.841645 2572.372910 2595.482218 2604.771862 2624.650897 2626.547527 2622.624979 2594.674908 2563.845958 -9999.0 -9999.0 -9999.0 -9999.0 -9999.0 -9999.0 -9999.0 -9999.0 -9999.0 -9999.0 -9999.0 -9999.0 -9999.0 -9999.0 -9999.0 -9999.0 -9999.0 -9999.0 -9999.0
-9999.0 -9999.0 -9999.0 -9999.0 -9999.0 -9999.0 -9999.0 -9999.0 -9999.0 -9999.0 -9999.0 -9999.0 -9999.0 -9999.0 2460.375247 2452.540450 2451.458358 2461.039319 2495.641438 2527.171730 2539.121355 2533.005004 2534.524704 2512.137978 2492.218343 2507.578252 2539.380814 2572.014648 2608.086003 2628.961243 2620.419804 2620.173089 2629.739129 2653.226785 2663.818514 2661.201160 2643.048982 2668.362898 2683.380560 2690.319027 2690.184385 2682.003586 2692.588427 2707.247632 2699.828253 2683.063615 2690.976319 2703.240311 2712.369027 2700.010351 2636.763278 2619.746458 2613.180711 2605.374543 2589.281500 2582.636437 2607.747804 2604.302606 2594.325449 2575.161034 2540.832062 2495.382409 2474.998318 2513.010791 2554.866798 2609.416756 -9999.0 -9999.0 -9999.0 -9999.0 -9999.0 -9999.0 -9999.0 -9999.0 -9999.0 -9999.0 -9999.0 -9999.0 -9999.0 -9999.0
-9999.0 -9999.0 -9999.0 -9999.0 -9999.0 -9999.0 -9999.0 -9999.0 -9999.0 2397.872124 2404.332892 2413.037788 2417.454667 2434.608484 2432.753357 2441.524039 2448.700477 2478.104965 2510.109998 2545.924313 2574.573550 2568.085331 2568.887914 2576.895088 2576.711066 2588.467025 2611.900318 2653.948369 2689.257704 2729.332802 2700.527393 2699.106456 2719.125017 2763.604041 2790.512288 2794.372290 2776.283697 2791.090739 2815.991750 2835.011228 2834.083796 2830.500532 2855.392738 2870.156831 2865.801170 2843.842662 2838.926099 2842.478549 2868.380257 2815.358302 2746.926564 2701.934357 2710.697509 2684.905741 2652.225029 2634.104726 2631.200858 2649.329212 2633.508873 2595.081238 2559.315055 2545.765797 2526.318679 2543.517540 2564.083761 2607.524936 2645.001004 2671.892816 2669.113170 2650.258134 -9999.0 -9999.0 -9999.0 -9999.0 -9999.0 -9999.0 -9999.0 -9999.0 -9999.0 -9999.0
-9999.0 -9999.0 -9999.0 -9999.0 -9999.0 -9999.0 2316.642447 2328.083719 2350.331928 2355.007292 2382.910997 2390.772849 2412.771661 2433.206214 2457.253944 2473.917608 2503.416335 2537.043424 2576.435573 2618.286671 2651.338253 2643.945166 2655.261276 2679.448542 2712.987004 2738.171034 2764.745299 2806.348885 2806.604965 2842.918116 2839.724350 2841.912282 2851.067653 2901.321306 2965.481130 2977.586827 2957.466957 2944.152813 2966.441334 3002.861149 3002.777287 3001.884160 2988.685795 2998.582465 3025.131431 3015.633565 3004.562444 2997.063780 3001.401751 2980.799066 2914.480751 2855.453348 2833.048450 2857.748686 2773.329313 2723.660042 2738.543112 2759.693168 2731.952512 2678.936202 2638.857677 2628.409696 2612.540452 2600.096684 2607.447232 2625.794108 2645.644849 2655.122517 2639.722638 2616.210427 2592.238598 2562.088114 2562.837656 2586.781402 -9999.0 -9999.0 -9999.0 -9999.0 -9999.0 -9999.0
-9999.0 -9999.0 -9999.0 -9999.0 2264.743162 2278.948447 2266.711427 2294.572048 2329.085188 2365.225208 2396.502632 2433.231082 2461.154246 2492.447596 2530.690213 2560.091251 2598.970181 2633.865877 2687.379900 2754.735166 2805.155604 2825.651182 2840.202657 2817.877959 2874.753194 2923.678131 2943.227906 2969.064988 2986.994095 3042.363433 3065.009150 3068.519719 3085.386947 3125.856269 3178.907802 3209.328603 3192.189336 3183.735015 3192.373792 3205.413819 3227.523648 3227.643959 3228.479102 3231.915103 3238.616106 3237.496990 3212.609868 3179.913009 3171.132781 3161.661401 3126.944857 3056.945058 3025.240862 2998.765212 2985.270960 2932.246888 2879.546850 2875.436641 2821.535688 2834.898258 2776.713377 2759.539902 2731.007677 2707.127398 2682.270490 2685.734070 2689.291270 2667.307012 2631.928918 2597.437768 2580.954477 2560.524467 2547.236812 2576.288214 2592.343233 2621.014151 -9999.0 -9999.0 -9999.0 -9999.0
-9999.0 -9999.0 2202.836751 2250.366144 2309.147631 2318.342360 2316.666292 2323.475222 2353.818778 2407.484844 2478.482167 2523.136757 2560.479668 2596.366483 2656.545134 2727.354915 2795.640263 2843.242480 2830.077050 2898.749238 2958.636879 2986.876806 2997.601229 3006.988424 3059.661958 3125.307656 3152.145968 3177.612082 3203.552702 3237.861026 3235.595153 3247.188690 3258.331584 3268.005624 3280.115002 3285.675586 3281.345835 3276.864688 3258.664163 3253.995182 3260.581932 3267.550006 3267.344724 3253.085512 3249.144661 3263.711926 3269.207236 3267.597195 3265.697993 3271.198988 3269.221447 3224.153723 3200.750732 3186.487528 3180.549207 3135.784146 3070.947819 3037.256469 3017.687493 3003.637363 2929.921261 2888.345155 2846.031399 2808.939124 2823.995475 2798.605232 2754.439191 2712.923555 2665.334055 2617.273489 2591.799764 2573.167407 2569.442849 2567.153516 2582.399817 2596.001409 2610.264113 2617.477614 -9999.0 -9999.0
-9999.0 2094.515874 2166.560900 2291.061432 2371.710158 2414.633133 2434.919833 2448.784373 2479.907413 2515.613696 2612.020472 2680.094159 2769.970936 2813.121540 2862.722635 2880.448220 2972.380253 2992.162691 3027.968796 3087.576197 3150.000730 3191.812269 3217.282913 3205.468013 3242.184259 3265.825077 3271.945678 3277.491443 3275.962258 3267.601416 3260.487115 3267.385102 3264.764932 3246.212392 3230.732185 3229.206636 3225.942488 3203.221419 3180.155054 3165.345677 3167.566310 3187.651711 3178.957116 3158.123260 3153.839402 3174.841920 3191.136925 3180.824940 3172.038603 3184.266221 3218.002153 3241.166264 3244.976841 3262.760860 3283.696495 3255.847498 3232.511464 3190.429135 3178.235759 3153.432688 3098.150636 3043.453092 2996.193475 2970.898704 2916.082345 2863.015915 2812.405515 2805.009041 2740.373749 2698.279893 2666.946299 2617.585740 2597.917046 2599.367446 2589.776995 2585.723963 2589.880065 2595.424007 -9999.0 -9999.0
-9999.0 2003.500708 2144.083275 2325.396792 2473.096778 2524.044012 2603.385108 2673.361653 2698.177784 2657.665713 2767.256346 2921.453351 3013.775555 3028.254618 3099.808250 3185.543504 3178.126539 3207.593775 3229.082819 3248.687336 3264.569500 3276.680712 3274.402549 3268.615719 3252.582593 3244.686507 3243.970718 3242.016708 3225.143410 3206.654850 3190.198886 3187.578383 3174.551360 3128.086576 3095.794494 3079.407256 3062.742119 3048.522387 3020.584132 2996.171027 3005.453559 2993.360683 2989.952360 2999.919029 2995.653201 2989.917347 3020.354003 3016.255030 3025.809876 3044.967769 3080.327164 3117.167839 3135.954370 3164.378374 3195.064336 3240.718742 3251.203295 3273.172535 3276.673594 3263.732329 3219.070099 3173.271340 3144.364504 3090.233058 3030.857587 2992.727969 2941.213594 2893.372198 2835.679792 2798.643268 2783.939855 2725.274730 2674.705531 2657.002886 2617.596433 2599.172401 -9999.0 -9999.0 -9999.0 -9999.0
-9999.0 1909.035232 2091.640162 2338.017621 2629.673544 2719.349600 2893.529093 2995.296770 3034.940869 3099.005649 3009.532300 3187.711460 3232.132081 3225.043812 3233.215818 3235.133228 3248.498943 3248.329778 3243.298061 3232.624558 3223.505124 3219.295396 3218.089860 3210.268729 3197.853621 3183.516281 3176.039012 3165.105292 3129.745606 3098.640820 3061.735878 3049.778203 3009.645988 2943.127799 2903.246074 2865.674859 2806.867997 2806.988286 2811.053199 2853.327819 2833.671984 2805.575919 2832.420639 2843.540977 2848.118077 2845.919063 2859.597611 2817.317484 2862.868559 2897.550291 2937.826221 2985.671511 2990.343363 3028.747395 3068.870391 3120.468363 3150.406322 3178.797827 3221.452180 3257.955653 3280.219403 3267.448773 3247.088285 3204.710572 3149.582545 3100.753657 3072.341869 3022.949157 2995.740575 2949.868302 2902.258187 2848.007298 2809.540558 2741.744920 2701.292090 -9999.0 -9999.0 -9999.0 -9999.0 -9999.0
-9999.0 1700.611880 1965.911630 2239.855498 2529.650440 2846.987220 2990.259210 3088.534800 3148.808768 3123.241367 3138.535215 3147.251240 3180.029549 3185.981295 3167.964029 3155.553316 3139.574896 3138.490869 3151.396813 3124.831580 3095.591534 3082.781742 3083.512674 3072.757254 3049.608828 3034.671932 3025.330458 3008.484222 2989.243742 2939.441918 2856.670448 2824.840775 2815.975971 2770.541735 2729.042642 2678.518161 2627.676526 2628.899414 2650.038244 2637.928610 2615.945152 2597.717593 2626.099115 2647.940529 2661.845435 2648.342657 2657.370345 2692.846086 2743.182389 2788.562462 2838.112181 2821.385333 2862.452853 2903.809963 2928.231128 2970.677500 2986.492604 3027.183016 3095.946249 3171.400397 3201.195937 3234.515305 3264.786501 3285.994984 3244.033589 3216.509538 3193.732096 3173.973245 3128.572423 3083.822330 3043.404382 2980.850498 2933.576170 -9999.0 -9999.0 -9999.0 -9999.0 -9999.0 -9999.0 -9999.0
-9999.0 1583.683605 1785.605188 1990.138089 2252.573540 2488.801956 2708.423370 2811.460119 2839.197637 2897.586365 2944.946280 2980.839801 2986.813472 3007.408669 2984.945539 2964.188279 2933.368118 2937.886561 2930.492893 2908.486330 2880.246027 2866.597378 2863.945489 2858.418563 2836.339003 2824.985178 2817.950801 2866.497583 2837.097090 2780.649827 2703.387756 2626.146170 2569.113778 2543.595715 2516.694705 2486.209771 2455.717017 2466.303433 2476.727652 2475.431447 2467.059031 2465.788090 2494.620581 2513.666635 2523.869243 2513.739978 2533.629967 2559.648017 2600.371234 2645.170166 2694.664354 2748.547656 2802.600072 2830.369020 2841.332568 2862.177192 2819.191438 2864.524372 2942.944920 3002.277055 3076.137310 3120.254714 3169.654850 3203.843761 3230.194800 3258.076814 3277.948821 3269.056438 3244.477786 3212.158078 3157.485122 -9999.0 -9999.0 -9999.0 -9999.0 -9999.0 -9999.0 -9999.0 -9999.0 -9999.0
-9999.0 -9999.0 1557.431188 1718.453200 1829.833208 1998.693176 2144.925691 2255.163861 2354.723974 2490.494086 2609.627887 2703.501156 2750.221406 2768.715130 2757.241238 2730.648337 2713.532688 2714.022800 2703.228473 2695.368458 2678.706702 2671.593122 2657.438865 2648.438244 2640.747406 2636.652685 2631.562543 2621.740483 2601.404459 2556.110126 2513.139148 2465.092616 2414.219294 2389.830554 2369.085710 2349.404490 2350.663996 2345.183509 2349.839448 2351.802646 2360.130667 2373.556860 2393.144151 2415.990585 2426.171343 2436.621897 2449.117892 2472.828780 2505.553481 2547.818579 2602.202022 2661.756974 2702.594831 2715.419622 2704.635002 2707.553094 2723.456397 2762.871687 2838.165894 2834.058872 2923.486639 2989.024314 3028.137012 3082.405719 3108.076066 3143.890109 3207.834213 3255.425227 3294.399699 3272.298993 -9999.0 -9999.0 -9999.0 -9999.0 -9999.0 -9999.0 -9999.0 -9999.0 -9999.0 -9999.0
-9999.0 -9999.0 -9999.0 -9999.0 1578.988274 1728.935664 1826.742452 1908.191869 2041.280494 2169.396525 2274.835227 2361.676237 2429.305043 2457.637082 2458.533668 2472.645573 2471.400880 2463.922171 2453.743026 2456.468199 2458.956493 2451.953343 2435.842093 2428.592215 2430.555905 2436.397617 2433.360324 2419.372850 2400.523839 2382.306108 2365.757766 2333.102072 2299.128022 2270.525453 2257.669282 2253.230408 2252.831076 2244.917461 2253.038901 2261.141504 2276.633373 2291.681131 2315.205097 2344.545360 2359.186672 2374.410061 2384.130364 2404.261043 2435.056440 2488.795951 2552.870888 2611.365338 2649.272148 2654.434421 2630.755024 2614.906247 2609.985991 2636.147851 2678.480848 2740.901784 2840.961065 2826.252329 2874.519573 2916.426241 2953.318158 2987.868221 3077.746496 3156.256223 -9999.0 -9999.0 -9999.0 -9999.0 -9999.0 -9999.0 -9999.0 -9999.0 -9999.0 -9999.0 -9999.0 -9999.0
-9999.0 -9999.0 -9999.0 -9999.0 -9999.0 -9999.0 1549.921038 1654.545946 1727.071249 1875.431245 2016.203812 2122.522936 2205.898182 2241.408340 2273.886605 2304.075542 2304.571974 2285.526578 2264.981870 2285.735857 2302.899733 2296.529365 2265.011196 2265.426484 2271.111380 2278.493164 2275.473088 2268.829034 2243.593728 2257.937815 2260.608785 2237.551696 2211.891797 2198.665563 2186.887947 2196.483378 2196.404246 2182.042055 2181.323262 2208.648133 2229.297608 2242.175056 2263.446033 2296.701407 2329.377846 2345.297787 2346.927513 2352.824468 2391.481964 2461.791634 2534.548142 2591.261798 2625.036545 2633.977835 2608.666119 2569.060661 2549.241220 2556.069397 2589.568248 2639.486438 2713.933550 2761.161353 2783.282528 2792.660195 2808.625734 2813.622006 -9999.0 -9999.0 -9999.0 -9999.0 -9999.0 -9999.0 -9999.0 -9999.0 -9999.0 -9999.0 -9999.0 -9999.0 -9999.0 -9999.0
-9999.0 -9999.0 -9999.0 -9999.0 -9999.0 -9999.0 -9999.0 -9999.0 -9999.0 -9999.0 -9999.0 -9999.0 -9999.0 -9999.0 -9999.0 -9999.0 -9999.0 -9999.0 -9999.0 -9999.0 -9999.0 -9999.0 -9999.0 -9999.0 -9999.0 -9999.0 -9999.0 -9999.0 -9999.0 -9999.0 -9999.0 -9999.0 -9999.0 -9999.0 -9999.0 -9999.0 -9999.0 -9999.0 -9999.0 -9999.0 -9999.0 -9999.0 -9999.0 -9999.0 -9999.0 -9999.0 -9999.0 -9999.0 -9999.0 -9999.0 -9999.0 -9999.0 -9999.0 -9999.0 -9999.0 -9999.0 -9999.0 -9999.0 -9999.0 -9999.0 -9999.0 -9999.0 -9999.0 -9999.0 -9999.0 -9999.0 -9999.0 -9999.0 -9999.0 -9999.0 -9999.0 -9999.0 -9999.0 -9999.0 -9999.0 -9999.0 -9999.0 -9999.0 -9999.0 -9999.0
-9999.0 -9999.0 -9999.0 -9999.0 -9999.0 -9999.0 -9999.0 -9999.0 -9999.0 -9999.0 -9999.0 -9999.0 -9999.0 -9999.0 -9999.0 -9999.0 -9999.0 -9999.0 -9999.0 -9999.0 -9999.0 -9999.0 -9999.0 -9999.0 -9999.0 -9999.0 -9999.0 -9999.0 -9999.0 -9999.0 -9999.0 -9999.0 -9999.0 -9999.0 -9999.0 -9999.0 -9999.0 -9999.0 -9999.0 -9999.0 -9999.0 -9999.0 -9999.0 -9999.0 -9999.0 -9999.0 -9999.0 -9999.0 -9999.0 -9999.0 -9999.0 -9999.0 -9999.0 -9999.0 -9999.0 -9999.0 -9999.0 -9999.0 -9999.0 -9999.0 -9999.0 -9999.0 -9999.0 -9999.0 -9999.0 -9999.0 -9999.0 -9999.0 -9999.0 -9999.0 -9999.0 -9999.0 -9999.0 -9999.0 -9999.0 -9999.0 -9999.0 -9999.0 -9999.0 -9999.0