Borden_/Borden1m_014/output_maps/psiliqL0020N0014.asc
ncols         80
nrows         18
xllcorner     620200.000000
yllcorner     5168000.000000
cellsize      1.000000
NODATA_value  -9999.0
-9999.0 -9999.0 -9999.0 -9999.0 -9999.0 -9999.0 -9999.0 -9999.0 -9999.0 -9999.0 -9999.0 -9999.0 -9999.0 -9999.0 -9999.0 -9999.0 -9999.0 -9999.0 -9999.0 -9999.0 -9999.0 -9999.0 -9999.0 -9999.0 -9999.0 -9999.0 -9999.0 -9999.0 -9999.0 -9999.0 -9999.0 -9999.0 -9999.0 -9999.0 -9999.0 -9999.0 -9999.0 -9999.0 -9999.0 -9999.0 -9999.0 -9999.0 -9999.0 -9999.0 -9999.0 -9999.0 -9999.0 -9999.0 -9999.0 -9999.0 -9999.0 -9999.0 -9999.0 -9999.0 -9999.0 -9999.0 -9999.0 -9999.0 -9999.0 -9999.0 -9999.0 -9999.0 -9999.0 -9999.0 -9999.0 -9999.0 -9999.0 -9999.0 -9999.0 -9999.0 -9999.0 -9999.0 -9999.0 -9999.0 -9999.0 -9999.0 -9999.0 -9999.0 -9999.0 -9999.0
-9999.0 -9999.0 -9999.0 -9999.0 -9999.0 -9999.0 -9999.0 -9999.0 -9999.0 -9999.0 -9999.0 -9999.0 -9999.0 -9999.0 -9999.0 -9999.0 -9999.0 -9999.0 -9999.0 -9999.0 -9999.0 -9999.0 -9999.0 -9999.0 -9999.0 -9999.0 -9999.0 -9999.0 -9999.0 -9999.0 -9999.0 -9999.0 -9999.0 -9999.0 -9999.0 -9999.0 -9999.0 -9999.0 -9999.0 -9999.0 -9999.0 -9999.0 -9999.0 -9999.0 -9999.0 -9999.0 -9999.0 -9999.0 -9999.0 -9999.0 -9999.0 -9999.0 -9999.0 -9999.0 -9999.0 -9999.0 -9999.0 -9999.0 -9999.0 -9999.0 -9999.0 -9999.0 -9999.0 -9999.0 -9999.0 -9999.0 -9999.0 -9999.0 -9999.0 -9999.0 -9999.0 -9999.0 -9999.0 -9999.0 -9999.0 -9999.0 -9999.0 -9999.0 -9999.0 -9999.0
-9999.0 -9999.0 -9999.0 -9999.0 -9999.0 -9999.0 -9999.0 -9999.0 -9999.0 -9999.0 -9999.0 -9999.0 -9999.0 -9999.0 -9999.0 -9999.0 -9999.0 -9999.0 -9999.0 -9999.0 2156.495371 2159.150487 2138.771590 2106.870788 2081.139359 2085.621977 2121.583392 2164.295485 2204.584311 2215.078168 2198.925646 2205.017805 2203.953067 2204.539293 2209.137091 2219.157146 2226.806652 2238.129451 2246.198721 2244.844234 2237.912136 2232.532089 2233.586857 2235.617680 2241.376271 2228.833368 2243.918605 2259.233537 2262.865614 2256.549645 2227.918017 2210.334125 2197.818295 2178.581601 2200.784892 2209.434724 2228.895151 2230.139220 2225.851936 2197.462157 2166.465908 -9999.0 -9999.0 -9999.0 -9999.0 -9999.0 -9999.0 -9999.0 -9999.0 -9999.0 -9999.0 -9999.0 -9999.0 -9999.0 -9999.0 -9999.0 -9999.0 -9999.0 -9999.0 -9999.0
-9999.0 -9999.0 -9999.0 -9999.0 -9999.0 -9999.0 -9999.0 -9999.0 -9999.0 -9999.0 -9999.0 -9999.0 -9999.0 -9999.0 2060.585861 2052.743781 2051.920256 2062.049070 2097.314749 2129.291089 2141.470418 2135.469128 2137.253343 2115.485958 2096.655550 2112.959619 2145.062316 2177.660538 2212.820889 2233.154183 2224.379202 2225.312533 2237.824703 2265.285454 2279.696681 2279.477037 2262.711536 2288.113504 2302.911789 2308.971386 2307.096179 2297.277411 2307.093169 2321.349267 2314.354845 2298.787870 2307.881415 2321.500388 2331.831737 2318.388255 2253.211260 2232.867835 2224.435372 2215.204621 2198.301042 2190.155292 2213.639694 2209.713877 2199.006694 2179.297971 2144.845825 2099.549974 2078.968672 2116.361154 2157.949299 2212.753095 -9999.0 -9999.0 -9999.0 -9999.0 -9999.0 -9999.0 -9999.0 -9999.0 -9999.0 -9999.0 -9999.0 -9999.0 -9999.0 -9999.0
-9999.0 -9999.0 -9999.0 -9999.0 -9999.0 -9999.0 -9999.0 -9999.0 -9999.0 1998.782201 2004.966061 2013.627318 2017.916941 2035.139070 2033.503410 2042.560086 2050.621948 2080.539220 2113.653900 2150.654815 2180.518854 2173.969639 2175.731252 2185.582535 2188.422709 2202.532481 2226.988274 2268.201552 2303.562348 2342.501626 2313.842882 2314.350791 2338.456508 2389.097149 2421.988710 2429.607911 2413.615943 2427.725836 2451.953815 2469.738689 2466.423267 2460.873707 2483.667459 2497.276110 2494.728900 2475.315265 2471.779550 2476.920808 2503.611417 2450.262622 2379.626640 2329.141698 2333.369215 2304.292812 2269.149734 2248.980412 2243.593133 2259.890100 2242.684147 2203.750104 2166.632670 2152.626635 2132.464052 2148.470937 2168.376142 2211.827625 2249.197663 2275.750976 2272.815632 2253.769070 -9999.0 -9999.0 -9999.0 -9999.0 -9999.0 -9999.0 -9999.0 -9999.0 -9999.0 -9999.0
-9999.0 -9999.0 -9999.0 -9999.0 -9999.0 -9999.0 1918.600086 1929.834236 1951.856785 1956.584751 1984.124848 1992.385873 2014.548091 2035.407577 2059.771368 2077.596274 2108.586886 2143.692064 2185.932574 2230.713145 2265.116203 2259.522916 2271.074768 2299.105582 2337.545444 2367.772421 2396.272191 2437.221284 2511.020963 2550.174981 2551.911038 2559.135474 2575.331200 2633.400339 2703.308416 2717.946660 2699.995105 2687.581474 2709.167639 2744.302406 2744.303903 2743.252709 2756.954824 2766.960924 2793.429077 2784.438028 2746.416922 2738.349467 2742.579562 2720.807774 2650.262948 2581.869068 2548.333693 2493.995345 2409.370026 2356.229305 2365.217191 2382.131288 2351.893501 2297.046502 2255.568175 2242.842115 2224.980788 2210.436570 2215.816783 2232.896581 2252.106417 2260.772161 2244.817944 2220.926973 2196.592319 2165.733627 2165.721992 2189.224789 -9999.0 -9999.0 -9999.0 -9999.0 -9999.0 -9999.0
-9999.0 -9999.0 -9999.0 -9999.0 1867.155462 1881.607149 1869.860023 1897.561844 1932.116373 1968.230082 2000.338666 2037.650038 2066.195556 2098.367765 2139.063893 2171.814266 2213.446188 2250.921107 2308.508910 2380.551650 2434.073769 2456.209754 2471.269862 2530.917000 2597.500286 2655.894940 2681.604984 2710.446241 2755.571040 2812.478071 2837.502728 2845.146453 2867.733687 2913.298569 2969.355126 2835.132807 2817.920632 2810.014918 2818.054298 2830.556430 2852.748302 2852.992482 2854.147019 2857.285664 2863.503831 2862.739790 2838.372249 2806.643417 2968.363244 2957.044390 2919.494897 2843.641609 2803.998680 2770.784170 2728.089792 2670.064370 2606.765433 2592.168173 2531.087784 2470.407019 2409.183835 2387.434766 2354.956708 2327.951814 2299.077878 2299.639710 2300.878615 2277.246224 2240.788378 2205.137713 2187.287074 2165.615089 2151.349621 2179.217945 2194.583972 2222.882920 -9999.0 -9999.0 -9999.0 -9999.0
-9999.0 -9999.0 1804.785009 1853.359291 1912.747185 1923.235089 1923.499719 1931.166582 1961.901982 2016.068214 2088.923732 2136.187875 2175.864969 2212.918530 2275.099926 2351.825996 2423.619487 2474.323058 2543.962456 2623.844735 2691.240726 2722.799777 2738.000144 2782.583493 2843.121594 2914.875251 2946.612001 2974.541383 2830.544838 2863.242159 2864.304659 2876.428583 2886.914114 2894.997792 2905.673252 2909.823228 2905.907999 2901.611243 2884.452862 2880.117930 2886.767906 2892.446792 2893.447023 2879.458632 2875.601397 2890.021678 2894.454719 2893.149540 2893.175129 2898.069351 2897.239100 2853.732231 2826.819894 2813.365137 2979.129069 2930.254024 2859.922354 2818.694778 2794.965653 2745.756106 2665.310998 2612.816842 2559.569377 2511.295008 2455.767041 2425.075180 2376.920084 2331.806733 2281.630409 2231.279103 2203.533681 2182.173143 2176.048715 2171.822872 2185.253822 2197.890550 2211.372228 2218.208460 -9999.0 -9999.0
-9999.0 1697.427880 1770.178418 1896.408654 1978.991428 2025.008630 2051.050531 2069.239904 2100.791840 2134.741675 2234.686450 2309.530499 2400.522368 2443.740766 2496.966194 2599.768091 2701.213500 2756.867846 2803.728730 2871.260342 2938.649106 2817.672457 2842.760626 2837.046365 2872.906779 2893.873052 2899.388894 2904.473262 2901.569287 2893.257961 2885.603753 2892.318223 2890.235874 2871.640150 2856.133095 2854.447992 2851.096033 2829.397971 2975.777745 2960.825351 2962.522237 2814.939271 2974.574067 2953.650435 2950.156612 2972.642859 2817.829176 2808.003302 2978.847850 2811.917009 2844.657965 2867.150243 2872.684118 2890.175838 2910.878315 2883.484056 2858.792140 2818.095958 2983.940075 2954.837419 2895.266762 2834.553576 2777.242614 2711.233476 2642.408206 2574.775859 2508.068230 2440.170917 2370.789179 2325.107645 2289.521599 2235.270950 2210.507248 2207.376520 2194.479135 2188.249184 2191.160424 2196.206945 -9999.0 -9999.0
-9999.0 1609.442007 1751.362709 1935.480928 2086.755908 2144.540636 2235.039293 2309.807223 2336.521391 2300.579848 2410.751601 2635.147603 2757.469026 2782.124709 2861.948764 2809.759270 2808.216191 2837.986320 2859.396431 2876.410690 2890.323375 2901.117869 2898.954443 2893.221766 2877.795801 2870.239504 2870.501977 2868.597598 2851.787038 2833.121352 2816.242360 2813.885502 2970.807715 2921.042374 2882.944815 2858.953391 2836.674790 2818.363228 2790.554670 2764.440687 2745.904013 2760.316845 2758.509572 2740.994382 2737.398413 2761.247585 2792.244151 2792.548949 2809.219944 2834.713147 2878.641729 2922.072927 2947.069648 2979.510955 2823.079801 2867.168929 2878.939263 2900.919358 2904.756668 2890.354102 2847.118650 2989.190237 2955.069274 2892.322325 2821.186079 2738.513852 2670.842230 2603.639075 2530.297846 2479.377438 2423.911361 2358.027376 2298.859636 2270.987282 2225.806409 2203.301870 -9999.0 -9999.0 -9999.0 -9999.0
-9999.0 1519.343794 1704.461664 1956.654845 2248.734903 2351.770802 2568.703731 2704.549660 2760.735908 2835.165815 2772.478142 2817.462906 2858.277218 2851.214938 2856.865038 2858.159823 2871.527740 2871.985226 2867.253230 2856.954369 2848.226133 2844.343867 2843.207275 2835.598867 2823.443167 2810.058871 2975.034253 2963.028316 2924.423972 2887.702497 2843.497567 2823.747797 2779.364151 2679.872424 2632.295090 2586.324677 2520.915397 2515.529226 2514.943005 2487.320749 2469.485423 2444.089697 2470.300471 2480.476654 2484.390941 2482.804331 2497.203594 2528.262981 2580.410356 2623.995315 2674.965918 2732.738490 2775.413097 2822.872544 2870.120254 2927.713832 2962.898113 2995.487617 2849.634531 2885.693545 2907.301588 2895.995507 2874.323464 2833.008216 2962.063247 2899.092793 2851.244576 2777.700212 2710.439660 2653.672350 2596.289089 2530.715618 2451.794017 2362.763903 2314.196894 -9999.0 -9999.0 -9999.0 -9999.0 -9999.0
-9999.0 1318.805389 1585.790728 1866.172566 2167.906112 2515.593273 2685.018499 2810.150594 2887.656029 2870.542211 2891.964873 2911.509950 2803.207770 2809.397948 2952.179862 2944.038356 2932.230148 2932.570100 2944.479722 2914.847711 2880.395985 2861.863460 2857.994336 2844.400231 2820.056934 2804.458700 2796.337536 2776.295832 2724.710844 2668.508727 2577.216033 2537.175206 2453.505882 2403.572420 2358.243724 2303.765091 2250.245017 2249.599838 2269.875314 2258.136583 2237.211744 2219.634077 2248.097663 2269.065795 2282.542966 2269.322796 2278.295334 2315.063441 2367.290043 2415.903456 2469.973928 2529.981979 2579.405989 2631.124010 2667.063261 2719.245342 2774.109366 2824.545296 2901.658474 2985.746776 2829.342500 2862.023824 2893.322495 2913.164728 2871.439719 2841.271197 2816.095987 2923.469044 2853.554452 2805.701246 2769.856102 2705.346625 2635.279741 -9999.0 -9999.0 -9999.0 -9999.0 -9999.0 -9999.0 -9999.0
-9999.0 1199.205936 1406.678338 1620.197825 1892.624605 2135.150198 2354.181417 2465.729944 2553.339082 2615.181240 2665.748725 2705.933541 2739.192260 2764.577678 2747.663102 2705.673933 2676.829924 2681.073836 2672.224734 2644.725425 2608.900431 2587.659564 2579.639847 2570.288124 2545.461830 2532.045174 2522.559423 2499.766688 2469.928043 2412.191386 2330.811515 2252.132855 2191.651411 2162.971280 2133.370687 2099.949843 2065.994183 2075.727390 2087.160253 2085.688616 2077.383699 2076.149048 2105.431663 2124.873190 2135.105443 2124.500349 2144.295333 2171.062994 2213.450039 2259.672732 2311.550508 2368.488582 2424.889508 2456.691889 2472.797885 2498.548206 2539.899298 2597.957690 2689.987768 2795.124387 2881.461951 2936.000644 2992.358431 2831.850073 2856.012385 2883.472055 2897.113034 2880.164062 2847.215455 2818.440241 2878.771832 -9999.0 -9999.0 -9999.0 -9999.0 -9999.0 -9999.0 -9999.0 -9999.0 -9999.0
-9999.0 -9999.0 1176.971814 1343.977830 1465.294779 1640.635804 1792.169986 1907.037418 2007.944702 2141.103796 2259.123581 2351.276827 2397.224745 2415.853523 2404.668890 2377.593373 2359.479713 2358.716350 2345.488990 2332.503435 2309.418522 2296.977697 2280.462839 2269.835977 2260.798960 2256.530179 2252.150666 2242.407356 2221.961967 2175.440617 2128.980405 2078.000284 2025.230840 1999.404290 1977.124537 1955.661171 1955.187228 1949.787948 1954.777710 1956.919956 1965.170488 1978.654295 1998.635872 2021.290945 2031.398518 2041.369635 2054.016450 2078.132199 2111.767977 2155.384850 2211.129262 2271.440057 2313.802669 2329.059964 2321.500955 2327.695545 2348.025438 2392.527684 2475.517545 2565.522800 2671.522761 2751.460061 2833.609519 2894.535168 2918.790448 2942.678701 2827.296251 2862.766118 2879.042401 2863.922853 -9999.0 -9999.0 -9999.0 -9999.0 -9999.0 -9999.0 -9999.0 -9999.0 -9999.0 -9999.0
-9999.0 -9999.0 -9999.0 -9999.0 1205.240911 1358.239130 1457.686080 1542.286798 1676.763324 1805.028659 1910.836095 1997.740345 2063.976998 2092.121119 2091.902261 2103.602814 2101.118098 2093.068430 2081.023209 2079.511958 2077.271670 2066.873227 2048.941319 2040.316718 2041.377354 2046.945508 2044.474005 2031.068447 2012.747541 1992.656139 1973.939456 1939.740320 1904.199282 1874.639410 1860.938252 1855.388218 1854.552074 1846.752277 1855.081306 1863.091209 1878.716995 1894.038490 1917.800351 1947.149754 1961.543380 1976.670040 1986.529996 2007.085634 2038.186891 2092.499847 2157.217622 2216.644544 2255.058555 2261.623086 2239.512700 2225.823511 2223.666791 2253.855599 2301.591838 2371.687966 2479.551110 2561.603782 2625.758070 2680.377194 2722.468525 2780.203090 2849.425793 2895.637902 -9999.0 -9999.0 -9999.0 -9999.0 -9999.0 -9999.0 -9999.0 -9999.0 -9999.0 -9999.0 -9999.0 -9999.0
-9999.0 -9999.0 -9999.0 -9999.0 -9999.0 -9999.0 1173.637122 1278.489216 1355.569131 1502.320371 1641.007723 1746.608039 1829.521014 1864.171878 1894.836049 1923.985318 1923.350318 1903.583242 1881.919720 1899.695420 1913.122495 1904.610795 1871.873771 1870.957249 1875.884478 1883.578576 1881.110284 1874.837734 1849.743131 1862.792986 1864.188821 1840.397937 1813.968346 1799.934316 1787.590458 1796.736217 1796.447553 1782.209556 1781.962261 1809.218090 1829.889624 1843.021783 1864.609434 1897.927117 1930.541791 1946.266829 1947.910419 1954.087902 1993.607506 2064.366955 2137.359643 2194.405485 2228.748124 2238.683313 2214.113537 2176.089306 2158.133639 2167.895064 2205.747993 2261.589265 2342.651032 2397.831540 2429.871731 2450.277413 2474.198998 2571.619838 -9999.0 -9999.0 -9999.0 -9999.0 -9999.0 -9999.0 -9999.0 -9999.0 -9999.0 -9999.0 -9999.0 -9999.0 -9999.0 -9999.0
-9999.0 -9999.0 -9999.0 -9999.0 -9999.0 -9999.0 -9999.0 -9999.0 -9999.0 -9999.0 -9999.0 -9999.0 -9999.0 -9999.0 -9999.0 -9999.0 -9999.0 -9999.0 -9999.0 -9999.0 -9999.0 -9999.0 -9999.0 -9999.0 -9999.0 -9999.0 -9999.0 -9999.0 -9999.0 -9999.0 -9999.0 -9999.0 -9999.0 -9999.0 -9999.0 -9999.0 -9999.0 -9999.0 -9999.0 -9999.0 -9999.0 -9999.0 -9999.0 -9999.0 -9999.0 -9999.0 -9999.0 -9999.0 -9999.0 -9999.0 -9999.0 -9999.0 -9999.0 -9999.0 -9999.0 -9999.0 -9999.0 -9999.0 -9999.0 -9999.0 -9999.0 -9999.0 -9999.0 -9999.0 -9999.0 -9999.0 -9999.0 -9999.0 -9999.0 -9999.0 -9999.0 -9999.0 -9999.0 -9999.0 -9999.0 -9999.0 -9999.0 -9999.0 -9999.0 -9999.0
-9999.0 -9999.0 -9999.0 -9999.0 -9999.0 -9999.0 -9999.0 -9999.0 -9999.0 -9999.0 -9999.0 -9999.0 -9999.0 -9999.0 -9999.0 -9999.0 -9999.0 -9999.0 -9999.0 -9999.0 -9999.0 -9999.0 -9999.0 -9999.0 -9999.0 -9999.0 -9999.0 -9999.0 -9999.0 -9999.0 -9999.0 -9999.0 -9999.0 -9999.0 -9999.0 -9999.0 -9999.0 -9999.0 -9999.0 -9999.0 -9999.0 -9999.0 -9999.0 -9999.0 -9999.0 -9999.0 -9999.0 -9999.0 -9999.0 -9999.0 -9999.0 -9999.0 -9999.0 -9999.0 -9999.0 -9999.0 -9999.0 -9999.0 -9999.0 -9999.0 -9999.0 -9999.0 -9999.0 -9999.0 -9999.0 -9999.0 -9999.0 -9999.0 -9999.0 -9999.0 -9999.0 -9999.0 -9999.0 -9999.0 -9999.0 -9999.0 -9999.0 -9999.0 -9999.0 -9999.0