Borden_/Borden1m_014/output_maps/psiliqL0006N0027.asc
ncols         80
nrows         18
xllcorner     620200.000000
yllcorner     5168000.000000
cellsize      1.000000
NODATA_value  -9999.0
-9999.0 -9999.0 -9999.0 -9999.0 -9999.0 -9999.0 -9999.0 -9999.0 -9999.0 -9999.0 -9999.0 -9999.0 -9999.0 -9999.0 -9999.0 -9999.0 -9999.0 -9999.0 -9999.0 -9999.0 -9999.0 -9999.0 -9999.0 -9999.0 -9999.0 -9999.0 -9999.0 -9999.0 -9999.0 -9999.0 -9999.0 -9999.0 -9999.0 -9999.0 -9999.0 -9999.0 -9999.0 -9999.0 -9999.0 -9999.0 -9999.0 -9999.0 -9999.0 -9999.0 -9999.0 -9999.0 -9999.0 -9999.0 -9999.0 -9999.0 -9999.0 -9999.0 -9999.0 -9999.0 -9999.0 -9999.0 -9999.0 -9999.0 -9999.0 -9999.0 -9999.0 -9999.0 -9999.0 -9999.0 -9999.0 -9999.0 -9999.0 -9999.0 -9999.0 -9999.0 -9999.0 -9999.0 -9999.0 -9999.0 -9999.0 -9999.0 -9999.0 -9999.0 -9999.0 -9999.0
-9999.0 -9999.0 -9999.0 -9999.0 -9999.0 -9999.0 -9999.0 -9999.0 -9999.0 -9999.0 -9999.0 -9999.0 -9999.0 -9999.0 -9999.0 -9999.0 -9999.0 -9999.0 -9999.0 -9999.0 -9999.0 -9999.0 -9999.0 -9999.0 -9999.0 -9999.0 -9999.0 -9999.0 -9999.0 -9999.0 -9999.0 -9999.0 -9999.0 -9999.0 -9999.0 -9999.0 -9999.0 -9999.0 -9999.0 -9999.0 -9999.0 -9999.0 -9999.0 -9999.0 -9999.0 -9999.0 -9999.0 -9999.0 -9999.0 -9999.0 -9999.0 -9999.0 -9999.0 -9999.0 -9999.0 -9999.0 -9999.0 -9999.0 -9999.0 -9999.0 -9999.0 -9999.0 -9999.0 -9999.0 -9999.0 -9999.0 -9999.0 -9999.0 -9999.0 -9999.0 -9999.0 -9999.0 -9999.0 -9999.0 -9999.0 -9999.0 -9999.0 -9999.0 -9999.0 -9999.0
-9999.0 -9999.0 -9999.0 -9999.0 -9999.0 -9999.0 -9999.0 -9999.0 -9999.0 -9999.0 -9999.0 -9999.0 -9999.0 -9999.0 -9999.0 -9999.0 -9999.0 -9999.0 -9999.0 -9999.0 -648.213938 -645.108164 -668.248864 -702.536405 -731.253845 -729.873403 -695.391577 -654.946797 -617.787377 -607.423732 -625.819470 -624.958771 -630.508955 -630.563853 -627.530852 -621.874425 -619.685893 -608.033363 -599.508039 -599.744086 -606.014478 -611.987732 -613.782931 -610.108128 -605.176185 -613.448637 -599.903783 -584.287278 -577.408611 -582.419837 -609.786875 -625.523220 -633.117248 -646.927388 -621.970390 -608.741897 -585.177889 -580.392277 -581.056447 -607.830609 -637.687875 -9999.0 -9999.0 -9999.0 -9999.0 -9999.0 -9999.0 -9999.0 -9999.0 -9999.0 -9999.0 -9999.0 -9999.0 -9999.0 -9999.0 -9999.0 -9999.0 -9999.0 -9999.0 -9999.0
-9999.0 -9999.0 -9999.0 -9999.0 -9999.0 -9999.0 -9999.0 -9999.0 -9999.0 -9999.0 -9999.0 -9999.0 -9999.0 -9999.0 -737.077459 -747.693160 -751.211229 -743.173239 -709.970311 -680.611520 -668.091975 -676.106370 -676.618684 -700.596555 -721.068577 -707.540314 -679.058608 -648.434476 -614.925846 -594.557954 -608.015282 -611.148983 -600.426188 -571.608079 -555.839264 -558.505877 -580.797302 -557.944756 -540.955229 -530.559628 -531.607998 -540.568733 -524.662802 -507.288144 -514.084403 -532.788698 -530.199725 -518.355169 -502.389650 -519.015658 -586.159766 -608.033207 -610.353839 -616.339976 -628.841510 -634.976031 -609.766546 -608.012833 -615.674327 -632.990579 -664.524383 -708.056228 -725.199247 -686.504299 -641.467203 -582.736123 -9999.0 -9999.0 -9999.0 -9999.0 -9999.0 -9999.0 -9999.0 -9999.0 -9999.0 -9999.0 -9999.0 -9999.0 -9999.0 -9999.0
-9999.0 -9999.0 -9999.0 -9999.0 -9999.0 -9999.0 -9999.0 -9999.0 -9999.0 -792.369108 -789.391148 -782.811053 -781.699580 -766.643820 -768.618954 -762.312031 -754.738400 -729.749067 -699.532683 -665.155552 -636.725856 -647.593165 -647.916404 -635.665762 -628.166438 -615.194950 -594.735006 -553.674975 -508.742795 -463.208079 -492.476381 -493.867694 -470.990797 -409.871126 -357.221891 -341.052360 -367.278431 -364.631871 -329.515716 -290.333256 -287.143794 -287.933142 -249.664294 -228.670821 -218.693109 -247.436011 -281.368195 -287.028604 -249.764661 -327.367296 -412.641189 -479.446917 -482.686917 -517.654922 -562.017062 -585.851264 -588.877216 -565.648462 -580.688851 -617.883998 -653.913872 -662.249529 -677.955095 -661.328200 -637.920385 -589.979493 -550.828896 -521.325457 -520.280734 -537.288085 -9999.0 -9999.0 -9999.0 -9999.0 -9999.0 -9999.0 -9999.0 -9999.0 -9999.0 -9999.0
-9999.0 -9999.0 -9999.0 -9999.0 -9999.0 -9999.0 -869.866807 -861.720430 -842.750284 -837.414736 -814.125296 -807.151699 -787.403232 -768.803492 -749.484031 -733.209873 -702.967815 -671.476589 -630.415037 -585.927522 -552.803058 -556.814559 -546.362037 -508.134072 -455.732843 -413.746385 -383.047677 -329.454272 -210.591586 -146.460229 -123.155846 -111.290800 -96.661791 -60.573030 -1.866135 40.020411 -6.123979 -26.150745 -9.025855 33.023208 86.105227 91.164266 98.679873 106.895940 132.408549 122.291734 39.108508 10.826490 2.337400 -8.926331 -53.192145 -104.459783 -165.320603 -237.648641 -357.520001 -432.837771 -440.457618 -427.450801 -464.654990 -521.945000 -566.560969 -577.208426 -591.461275 -605.427015 -599.562386 -579.223212 -554.594043 -542.237679 -553.761400 -573.483992 -596.026553 -624.245177 -622.119162 -596.203487 -9999.0 -9999.0 -9999.0 -9999.0 -9999.0 -9999.0
-9999.0 -9999.0 -9999.0 -9999.0 -918.921834 -907.098590 -918.851967 -896.383485 -865.404358 -833.411520 -801.849877 -765.448370 -739.533531 -711.038976 -669.860408 -631.171067 -586.749919 -550.931110 -490.939349 -408.495283 -336.812735 -292.816750 -261.428595 -166.567005 -92.083279 -48.078940 -32.936691 -7.626139 41.421997 139.359929 156.944128 175.118089 195.598956 221.819250 262.276161 295.985201 276.296772 266.459245 272.187402 282.038641 309.066337 310.857489 312.253696 312.882401 315.130825 315.470742 291.470722 259.192677 242.241487 221.327375 215.497233 155.703171 75.145434 35.763307 7.638794 -32.792638 -90.637962 -118.401378 -196.803514 -282.420555 -381.229010 -418.209498 -458.513659 -488.428054 -521.398949 -520.811063 -517.348964 -536.323787 -565.703526 -596.696944 -610.731540 -628.568814 -637.825017 -607.406443 -589.193448 -557.526366 -9999.0 -9999.0 -9999.0 -9999.0
-9999.0 -9999.0 -975.866298 -925.981164 -871.186376 -863.327522 -861.233733 -857.317433 -831.895955 -783.046289 -705.124233 -652.384194 -606.480529 -576.429414 -512.957275 -413.269969 -306.572484 -227.145392 -141.923922 -75.482722 -23.332505 17.389046 77.234098 119.537224 166.635878 217.302356 235.093150 260.308425 283.751343 316.853572 340.666600 356.623937 362.963393 358.302121 358.851417 357.239287 354.551449 349.118575 332.534460 330.379696 337.827238 340.531084 343.453130 331.697129 327.928669 340.360215 341.889240 342.028978 342.523082 349.527359 360.419951 330.460321 277.191162 263.317398 255.342172 219.359142 158.977365 83.122667 51.989571 9.924848 -60.919618 -105.974466 -172.474890 -253.519834 -341.537443 -391.465144 -446.863953 -489.595962 -534.510063 -578.577991 -600.772323 -618.208325 -619.358104 -617.692347 -600.965995 -584.652517 -568.740252 -560.672555 -9999.0 -9999.0
-9999.0 -1072.687810 -1000.437600 -873.171785 -795.777763 -752.049051 -710.878048 -681.060630 -658.575308 -647.432765 -535.701775 -408.862778 -286.157625 -237.898052 -157.799611 -54.955629 71.644218 113.062692 141.351730 186.981467 232.214738 276.862360 305.063664 336.342448 361.400822 359.912618 356.640204 356.957381 348.485619 341.774939 331.730770 339.575742 337.656960 322.351509 309.739018 308.266398 303.205937 276.507453 250.304524 237.391040 241.433622 261.147135 248.403351 232.117954 228.898321 248.730979 264.516206 256.442120 241.595691 247.622929 291.071809 313.737076 329.994906 344.087435 363.836758 341.902242 309.448133 269.897427 252.434525 224.566464 139.569409 76.586212 22.512693 -39.570620 -96.944797 -178.407293 -275.734702 -363.434806 -441.538132 -483.016533 -514.469481 -566.668294 -589.408154 -586.659526 -595.194408 -596.964689 -589.692238 -582.965880 -9999.0 -9999.0
-9999.0 -1141.021362 -997.713390 -812.466540 -667.871097 -605.994051 -476.024886 -377.932047 -341.658801 -369.511969 -202.443047 62.722868 135.435783 145.574337 204.439174 276.004209 317.436330 342.363184 357.045776 351.975584 346.652117 350.938117 347.231413 339.425141 325.692499 318.855466 317.916510 315.510996 296.085909 277.266941 258.999633 259.377571 242.321585 210.203029 180.870030 166.949187 146.181978 96.080487 53.503707 23.859038 9.984108 28.418609 18.499938 1.042576 -2.380508 21.182651 55.226941 50.350896 56.812973 80.699494 125.460445 191.058284 214.003821 240.838142 274.489332 315.135334 333.609614 352.875519 358.834625 334.610561 291.213370 246.620935 215.353413 127.443017 54.275030 -23.328798 -76.609389 -124.168920 -208.960384 -283.995055 -359.362249 -432.955762 -496.906046 -525.272053 -564.049296 -584.877147 -9999.0 -9999.0 -9999.0 -9999.0
-9999.0 -1201.781670 -1009.660279 -743.032674 -489.119461 -319.886437 -97.168701 36.183122 155.603753 158.639717 235.717462 327.908869 342.737754 330.231836 308.735760 307.157193 318.379639 321.084763 316.677599 307.368602 295.584740 291.792231 289.986679 282.328545 270.163466 256.201341 244.004628 230.462367 163.708552 127.250589 97.901560 81.292384 45.448002 -36.979885 -70.263450 -94.866846 -157.689311 -176.463056 -196.846695 -240.971868 -270.267357 -291.004603 -266.160423 -269.262256 -269.756398 -255.123611 -221.942917 -195.897456 -141.017104 -99.871368 -63.884395 -15.467725 18.504709 63.659961 115.064459 197.041594 226.705185 252.483876 296.469118 335.827907 356.946306 349.576666 320.251275 278.832284 217.649635 124.603728 74.040925 7.251854 -50.090647 -92.203762 -127.049984 -192.323076 -300.146334 -430.014233 -474.509727 -9999.0 -9999.0 -9999.0 -9999.0 -9999.0
-9999.0 -1347.192290 -1079.577004 -781.344783 -435.425315 -88.654734 14.755318 228.242973 298.574335 226.806836 161.506408 214.382132 247.942409 254.459086 232.615880 224.889041 218.136383 217.731007 229.619811 201.498726 145.002142 127.190491 125.168625 112.104549 88.109363 68.421008 53.353641 31.432891 -20.301849 -61.354299 -121.622820 -156.396824 -256.618542 -359.078681 -419.012360 -473.923788 -530.630650 -533.377568 -518.418393 -536.527963 -559.202041 -578.365523 -553.005396 -538.372215 -527.907566 -537.333558 -528.228538 -492.884023 -440.596947 -390.162782 -322.095644 -236.153680 -169.118683 -103.241003 -73.225549 -24.826904 20.462357 69.621351 144.215708 244.594687 277.475327 310.814076 346.782442 363.108992 321.320320 276.212686 223.696582 134.226957 42.512055 0.385634 -20.367333 -49.025150 -94.294978 -9999.0 -9999.0 -9999.0 -9999.0 -9999.0 -9999.0 -9999.0
-9999.0 -1483.813655 -1246.750333 -992.632384 -690.772977 -448.620939 -222.999816 -89.879959 32.609732 -33.745002 -41.273717 -17.245516 10.355662 31.449395 9.197084 -22.395747 -43.993154 -40.191168 -39.409548 -59.790733 -85.251310 -96.767537 -97.877436 -107.048610 -141.931881 -166.210044 -183.049200 -215.992923 -274.256851 -355.832297 -456.707711 -527.459178 -590.872850 -627.943706 -658.357695 -691.348549 -730.644098 -719.761328 -704.519560 -709.453516 -722.400043 -727.514168 -698.107212 -680.303204 -670.548674 -684.573759 -666.870135 -640.498857 -599.348639 -558.766540 -511.660494 -456.501704 -398.247179 -357.631914 -330.926546 -280.148679 -209.682465 -127.304316 -50.339656 44.602567 120.398731 193.615677 244.101224 273.904529 292.336577 310.604041 303.521262 241.231507 69.094275 43.213713 37.743486 -9999.0 -9999.0 -9999.0 -9999.0 -9999.0 -9999.0 -9999.0 -9999.0 -9999.0
-9999.0 -9999.0 -1485.047030 -1289.431570 -1121.500503 -935.125673 -785.191519 -684.506457 -618.762261 -537.987477 -448.252097 -366.436953 -314.705498 -291.924429 -319.818946 -375.994538 -409.193558 -409.193560 -419.542876 -437.495559 -467.108279 -478.684715 -488.429834 -496.917577 -512.758882 -521.396623 -527.065226 -538.554525 -562.004817 -609.398829 -663.496647 -715.155623 -768.930889 -793.107725 -814.562908 -837.203458 -841.307840 -842.246833 -835.046801 -834.013753 -829.351615 -818.168559 -797.515205 -776.810709 -767.835203 -761.721396 -749.576281 -726.592889 -694.252335 -654.727549 -604.012385 -549.973129 -513.195089 -502.224338 -512.328566 -505.885078 -481.594391 -429.747552 -310.440303 -172.197331 -75.952258 -8.671073 63.758905 113.056322 134.988128 184.190671 219.859617 125.195565 -28.627477 4.050418 -9999.0 -9999.0 -9999.0 -9999.0 -9999.0 -9999.0 -9999.0 -9999.0 -9999.0 -9999.0
-9999.0 -9999.0 -9999.0 -9999.0 -1432.235519 -1273.977288 -1181.764211 -1101.021227 -985.901919 -884.858105 -798.596689 -727.350592 -679.328819 -657.488910 -671.378370 -680.873440 -690.365480 -693.015054 -700.999018 -707.770707 -714.562241 -722.052272 -731.885445 -739.150363 -740.190242 -737.035768 -738.634832 -750.973886 -765.546570 -793.513084 -818.068045 -852.864928 -889.662838 -918.335727 -931.044150 -938.263147 -937.793588 -942.738865 -933.001933 -927.143135 -912.593093 -897.277490 -873.443728 -845.720078 -833.826604 -820.085084 -810.632612 -790.096131 -760.955948 -709.511366 -648.826972 -594.764521 -562.991998 -561.335796 -589.818758 -607.592416 -612.471555 -585.955007 -538.351668 -463.479459 -336.592157 -219.107509 -124.419889 -77.804396 -47.988179 0.034536 48.804610 64.146175 -9999.0 -9999.0 -9999.0 -9999.0 -9999.0 -9999.0 -9999.0 -9999.0 -9999.0 -9999.0 -9999.0 -9999.0
-9999.0 -9999.0 -9999.0 -9999.0 -9999.0 -9999.0 -1492.191332 -1399.366208 -1309.649183 -1194.943749 -1089.916120 -1003.621501 -933.720092 -912.034115 -898.081821 -877.674753 -883.003741 -898.967510 -914.154084 -898.583674 -890.523151 -894.744656 -920.586175 -922.228532 -919.203696 -909.611811 -910.366510 -916.084210 -940.240168 -933.291043 -935.343376 -957.877100 -983.517801 -997.866034 -1009.178061 -999.142122 -998.108423 -1010.148868 -1007.120747 -981.568936 -962.293539 -948.902115 -926.372532 -893.613948 -862.124672 -848.448135 -847.828425 -841.864153 -800.476971 -731.349891 -662.866040 -611.453759 -582.644531 -577.037950 -607.668696 -650.877354 -674.886547 -670.897891 -639.355925 -588.689930 -512.684893 -461.295846 -422.891273 -390.379286 -347.807196 -205.701063 -9999.0 -9999.0 -9999.0 -9999.0 -9999.0 -9999.0 -9999.0 -9999.0 -9999.0 -9999.0 -9999.0 -9999.0 -9999.0 -9999.0
-9999.0 -9999.0 -9999.0 -9999.0 -9999.0 -9999.0 -9999.0 -9999.0 -9999.0 -9999.0 -9999.0 -9999.0 -9999.0 -9999.0 -9999.0 -9999.0 -9999.0 -9999.0 -9999.0 -9999.0 -9999.0 -9999.0 -9999.0 -9999.0 -9999.0 -9999.0 -9999.0 -9999.0 -9999.0 -9999.0 -9999.0 -9999.0 -9999.0 -9999.0 -9999.0 -9999.0 -9999.0 -9999.0 -9999.0 -9999.0 -9999.0 -9999.0 -9999.0 -9999.0 -9999.0 -9999.0 -9999.0 -9999.0 -9999.0 -9999.0 -9999.0 -9999.0 -9999.0 -9999.0 -9999.0 -9999.0 -9999.0 -9999.0 -9999.0 -9999.0 -9999.0 -9999.0 -9999.0 -9999.0 -9999.0 -9999.0 -9999.0 -9999.0 -9999.0 -9999.0 -9999.0 -9999.0 -9999.0 -9999.0 -9999.0 -9999.0 -9999.0 -9999.0 -9999.0 -9999.0
-9999.0 -9999.0 -9999.0 -9999.0 -9999.0 -9999.0 -9999.0 -9999.0 -9999.0 -9999.0 -9999.0 -9999.0 -9999.0 -9999.0 -9999.0 -9999.0 -9999.0 -9999.0 -9999.0 -9999.0 -9999.0 -9999.0 -9999.0 -9999.0 -9999.0 -9999.0 -9999.0 -9999.0 -9999.0 -9999.0 -9999.0 -9999.0 -9999.0 -9999.0 -9999.0 -9999.0 -9999.0 -9999.0 -9999.0 -9999.0 -9999.0 -9999.0 -9999.0 -9999.0 -9999.0 -9999.0 -9999.0 -9999.0 -9999.0 -9999.0 -9999.0 -9999.0 -9999.0 -9999.0 -9999.0 -9999.0 -9999.0 -9999.0 -9999.0 -9999.0 -9999.0 -9999.0 -9999.0 -9999.0 -9999.0 -9999.0 -9999.0 -9999.0 -9999.0 -9999.0 -9999.0 -9999.0 -9999.0 -9999.0 -9999.0 -9999.0 -9999.0 -9999.0 -9999.0 -9999.0