Borden_/Borden1m_014/output_maps/psiliqL0027N0001.asc
ncols         80
nrows         18
xllcorner     620200.000000
yllcorner     5168000.000000
cellsize      1.000000
NODATA_value  -9999.0
-9999.0 -9999.0 -9999.0 -9999.0 -9999.0 -9999.0 -9999.0 -9999.0 -9999.0 -9999.0 -9999.0 -9999.0 -9999.0 -9999.0 -9999.0 -9999.0 -9999.0 -9999.0 -9999.0 -9999.0 -9999.0 -9999.0 -9999.0 -9999.0 -9999.0 -9999.0 -9999.0 -9999.0 -9999.0 -9999.0 -9999.0 -9999.0 -9999.0 -9999.0 -9999.0 -9999.0 -9999.0 -9999.0 -9999.0 -9999.0 -9999.0 -9999.0 -9999.0 -9999.0 -9999.0 -9999.0 -9999.0 -9999.0 -9999.0 -9999.0 -9999.0 -9999.0 -9999.0 -9999.0 -9999.0 -9999.0 -9999.0 -9999.0 -9999.0 -9999.0 -9999.0 -9999.0 -9999.0 -9999.0 -9999.0 -9999.0 -9999.0 -9999.0 -9999.0 -9999.0 -9999.0 -9999.0 -9999.0 -9999.0 -9999.0 -9999.0 -9999.0 -9999.0 -9999.0 -9999.0
-9999.0 -9999.0 -9999.0 -9999.0 -9999.0 -9999.0 -9999.0 -9999.0 -9999.0 -9999.0 -9999.0 -9999.0 -9999.0 -9999.0 -9999.0 -9999.0 -9999.0 -9999.0 -9999.0 -9999.0 -9999.0 -9999.0 -9999.0 -9999.0 -9999.0 -9999.0 -9999.0 -9999.0 -9999.0 -9999.0 -9999.0 -9999.0 -9999.0 -9999.0 -9999.0 -9999.0 -9999.0 -9999.0 -9999.0 -9999.0 -9999.0 -9999.0 -9999.0 -9999.0 -9999.0 -9999.0 -9999.0 -9999.0 -9999.0 -9999.0 -9999.0 -9999.0 -9999.0 -9999.0 -9999.0 -9999.0 -9999.0 -9999.0 -9999.0 -9999.0 -9999.0 -9999.0 -9999.0 -9999.0 -9999.0 -9999.0 -9999.0 -9999.0 -9999.0 -9999.0 -9999.0 -9999.0 -9999.0 -9999.0 -9999.0 -9999.0 -9999.0 -9999.0 -9999.0 -9999.0
-9999.0 -9999.0 -9999.0 -9999.0 -9999.0 -9999.0 -9999.0 -9999.0 -9999.0 -9999.0 -9999.0 -9999.0 -9999.0 -9999.0 -9999.0 -9999.0 -9999.0 -9999.0 -9999.0 -9999.0 3525.148156 3525.920897 3504.180874 3469.883796 3441.420081 3442.979388 3475.484077 3515.757737 3554.279516 3561.148808 3541.687570 3545.335605 3540.655449 3535.621632 3535.399523 3543.014338 3549.681495 3559.103625 3565.788907 3563.199421 3555.642035 3550.567833 3553.296842 3554.736966 3561.078622 3546.313356 3562.518146 3578.942337 3583.677900 3581.260273 3557.951747 3546.512347 3538.845004 3523.520754 3550.521320 3562.428569 3586.217962 3591.141440 3589.394516 3562.962340 3533.094649 -9999.0 -9999.0 -9999.0 -9999.0 -9999.0 -9999.0 -9999.0 -9999.0 -9999.0 -9999.0 -9999.0 -9999.0 -9999.0 -9999.0 -9999.0 -9999.0 -9999.0 -9999.0 -9999.0
-9999.0 -9999.0 -9999.0 -9999.0 -9999.0 -9999.0 -9999.0 -9999.0 -9999.0 -9999.0 -9999.0 -9999.0 -9999.0 -9999.0 3435.331847 3426.502313 3423.371318 3430.263837 3462.320553 3492.304634 3503.783567 3496.078053 3495.587547 3470.431772 3447.014170 3459.077442 3487.982306 3517.861289 3550.656838 3567.296642 3555.968691 3552.987936 3559.308640 3577.931364 3585.168392 3581.247616 3563.664392 3587.879435 3600.674190 3604.514220 3602.262741 3592.193782 3600.422256 3614.183671 3607.075177 3592.053421 3603.647569 3619.035548 3629.752229 3622.321943 3565.082764 3554.092447 3551.433077 3548.106545 3535.615975 3532.445600 3561.533356 3561.561095 3554.912070 3538.230480 3505.281701 3460.284234 3441.789350 3483.069767 3527.171741 3583.803551 -9999.0 -9999.0 -9999.0 -9999.0 -9999.0 -9999.0 -9999.0 -9999.0 -9999.0 -9999.0 -9999.0 -9999.0 -9999.0 -9999.0
-9999.0 -9999.0 -9999.0 -9999.0 -9999.0 -9999.0 -9999.0 -9999.0 -9999.0 3378.219845 3384.111441 3390.753642 3392.912107 3407.645308 3404.012356 3410.519787 3413.789472 3440.569687 3469.386575 3502.216604 3528.532129 3518.825213 3516.898548 3519.669449 3512.643832 3519.492649 3539.228910 3575.128456 3605.111658 3639.459219 3605.156446 3599.694232 3616.738755 3657.112802 3678.794541 3679.930872 3661.080638 3678.623858 3701.849592 3716.721586 3712.850509 3706.414261 3732.517396 3747.920556 3740.883319 3719.072424 3719.064834 3727.446832 3757.216391 3706.677724 3640.913184 3604.206842 3621.640532 3601.749332 3577.469818 3567.825499 3569.401760 3590.433992 3579.543283 3546.467068 3514.026426 3502.768052 3486.597838 3508.633245 3532.598456 3579.576905 3620.007172 3650.278618 3650.021573 3633.023719 -9999.0 -9999.0 -9999.0 -9999.0 -9999.0 -9999.0 -9999.0 -9999.0 -9999.0 -9999.0
-9999.0 -9999.0 -9999.0 -9999.0 -9999.0 -9999.0 3299.892634 3310.264803 3330.728019 3332.806216 3358.967555 3363.565781 3381.709282 3398.144130 3419.354538 3431.166180 3454.966495 3483.893473 3518.699456 3555.045430 3581.512640 3568.695164 3573.216236 3590.940554 3615.805035 3633.144076 3655.180953 3692.533866 3764.428859 3800.273447 3791.150790 3791.445803 3799.477942 3849.971753 3913.913500 3924.288425 3903.558521 3890.702596 3914.852230 3952.670076 3950.080424 3948.803578 3962.451760 3973.524717 4000.414262 3989.106259 3953.254215 3948.788522 3956.491283 3932.794230 3862.731571 3806.198870 3789.066097 3742.344383 3658.875363 3617.613499 3643.674381 3672.976882 3652.481569 3603.847823 3572.777295 3568.431399 3558.375896 3552.775272 3566.482991 3590.389010 3614.966869 3629.499587 3618.108733 3597.633176 3576.354796 3548.517952 3551.463595 3576.560085 -9999.0 -9999.0 -9999.0 -9999.0 -9999.0 -9999.0
-9999.0 -9999.0 -9999.0 -9999.0 3250.818750 3263.338824 3247.810473 3273.564961 3304.825709 3337.682656 3364.057337 3394.514277 3416.510312 3442.097043 3473.687353 3493.598305 3523.909583 3552.286585 3598.204697 3658.144934 3701.314280 3713.327401 3721.086315 3771.449039 3827.289545 3873.760654 3892.360791 3918.382187 3965.059736 4021.707446 4043.702731 4046.150405 4063.093342 4107.440345 4164.938748 4200.407634 4182.555668 4173.313216 4183.966824 4198.756048 4220.911117 4220.958722 4222.093880 4226.508489 4234.542096 4232.526567 4205.374198 4171.691947 4158.644634 4148.275752 4108.919088 4036.083319 4006.566318 3977.122004 3932.807496 3877.992310 3832.614010 3835.580338 3780.801345 3725.634751 3677.059600 3670.767712 3651.770088 3637.006597 3621.049766 3634.596402 3647.588503 3633.250950 3603.719742 3574.897554 3562.380720 3545.203076 3534.095575 3565.578864 3583.664443 3613.165612 -9999.0 -9999.0 -9999.0 -9999.0
-9999.0 -9999.0 3192.524966 3237.048873 3293.478581 3298.583086 3290.306515 3291.950213 3317.134026 3365.075709 3425.312765 3460.106982 3486.745880 3516.053472 3565.216610 3624.900330 3683.365983 3725.350933 3783.419860 3852.910571 3911.906746 3938.297125 3946.707731 3982.521431 4037.799491 4108.206227 4136.714076 4163.575414 4195.997779 4233.271232 4222.921476 4233.253770 4246.161294 4260.105451 4276.166558 4283.882651 4278.798526 4274.147432 4255.456377 4250.081908 4256.527119 4264.941208 4263.649756 4248.813465 4244.830267 4259.995952 4266.501476 4264.235925 4261.071263 4265.716234 4260.220685 4210.567023 4195.245481 4179.661323 4167.335422 4120.599738 4053.149075 4021.351373 3999.261260 3957.572259 3883.883117 3847.566679 3808.901135 3775.118198 3738.649874 3726.913750 3695.636305 3664.265923 3626.199245 3585.977133 3567.402722 3553.674902 3553.678249 3554.562889 3572.620985 3588.465260 3604.526420 3612.646063 -9999.0 -9999.0
-9999.0 3082.101080 3152.469555 3272.751061 3349.243290 3384.144972 3389.234041 3389.343906 3413.397292 3445.678914 3529.779751 3575.138478 3657.439426 3695.178820 3734.918130 3824.663647 3919.824984 3963.702858 4003.335981 4068.379202 4135.242731 4182.866648 4209.468090 4184.931920 4225.417746 4257.225974 4266.034573 4273.559109 4274.109163 4265.542052 4259.275698 4265.856679 4262.765075 4243.313128 4226.980799 4225.128702 4221.664337 4198.109483 4170.394786 4154.648105 4155.770898 4181.033916 4167.689304 4146.196773 4141.733532 4163.577886 4185.394729 4174.545943 4161.316264 4177.978451 4212.922217 4238.504619 4238.677718 4257.486909 4278.667375 4249.181035 4228.567451 4184.046942 4166.904431 4141.298915 4083.788291 4028.925647 3980.604929 3932.319525 3880.362796 3832.295282 3785.072204 3738.196910 3685.556478 3653.183745 3629.430797 3587.512648 3575.692058 3582.788449 3578.329343 3577.071068 3583.856516 3590.499652 -9999.0 -9999.0
-9999.0 2983.555275 3121.338026 3297.004974 3437.844983 3475.522986 3532.016902 3584.749840 3596.931661 3538.882949 3639.743514 3857.412456 3982.535559 4000.842854 4077.515356 4174.234642 4153.489953 4185.352427 4209.090272 4236.918576 4259.250086 4274.261883 4272.720297 4267.755414 4251.099149 4243.055364 4242.130430 4239.963358 4222.363456 4203.226697 4186.287265 4182.945568 4164.651457 4114.186726 4080.602725 4062.713322 4042.903141 4029.745871 4002.797886 3976.599499 3959.651198 3969.329858 3968.160466 3955.072681 3950.666819 3968.512677 3999.436081 3998.007551 4010.583688 4030.352945 4065.856088 4104.486434 4123.866169 4153.211357 4189.048497 4237.773641 4245.972655 4268.559174 4271.303976 4261.671049 4214.517889 4162.528984 4132.947041 4077.236583 4017.659862 3955.952253 3906.894908 3862.223414 3806.964882 3773.375303 3734.650062 3681.361074 3639.561641 3633.346846 3600.538562 3588.185466 -9999.0 -9999.0 -9999.0 -9999.0
-9999.0 2878.034240 3055.381540 3290.369327 3585.084953 3652.147000 3854.147338 3968.134028 4006.176845 4074.269764 3945.583259 4159.629895 4214.985795 4210.647176 4228.768484 4232.353435 4246.920932 4246.134715 4241.045389 4229.926928 4220.196936 4215.515138 4214.502143 4206.561070 4193.871614 4179.179568 4167.179684 4155.572531 4118.560024 4086.315562 4046.301435 4033.593232 3987.865888 3895.557383 3856.958544 3817.742542 3756.035845 3759.125345 3767.838806 3744.200653 3724.436355 3695.312453 3725.802917 3737.369320 3741.857418 3736.557417 3745.564574 3775.041037 3823.625543 3858.158844 3896.943701 3945.019028 3975.672742 4014.896878 4054.490331 4106.947891 4138.409412 4167.435544 4216.890589 4254.029446 4276.876797 4262.462073 4244.435561 4199.078149 4138.606982 4089.146640 4059.910080 4009.077681 3965.469906 3922.116898 3875.760689 3823.133656 3761.751334 3711.029452 3677.676569 -9999.0 -9999.0 -9999.0 -9999.0 -9999.0
-9999.0 2649.450638 2911.575767 3172.561756 3440.777627 3784.701789 3961.937285 4054.526605 4118.414442 4103.762118 4129.393344 4135.117145 4172.468215 4180.092346 4158.755847 4144.580368 4126.501095 4125.411632 4138.515915 4110.955914 4080.418834 4066.918554 4067.858125 4057.176322 4033.139115 4018.289198 4009.062001 3990.382297 3947.320988 3896.824975 3812.231375 3776.828856 3697.446919 3660.601388 3624.998093 3578.395396 3534.663726 3541.085994 3566.660122 3558.317314 3537.924808 3521.256017 3551.002830 3572.259494 3585.646784 3568.963161 3575.407024 3609.664012 3655.852047 3696.027242 3739.468300 3787.115329 3828.976925 3867.714014 3887.911900 3926.597420 3968.724994 4010.364610 4080.717466 4159.769686 4196.172081 4231.106368 4259.621909 4281.690959 4238.594819 4212.637330 4188.685267 4164.949272 4118.462685 4072.922759 4032.362028 3967.273514 3907.731191 -9999.0 -9999.0 -9999.0 -9999.0 -9999.0 -9999.0 -9999.0
-9999.0 2538.527911 2726.928622 2910.761173 3152.309496 3380.125009 3605.823982 3695.861155 3766.497682 3842.352119 3898.726306 3937.334187 3963.118566 3984.897053 3962.386962 3915.746521 3883.227600 3888.322520 3878.889188 3858.236453 3830.803619 3818.144673 3815.436565 3810.929627 3790.103248 3780.308472 3773.897923 3756.239730 3731.644929 3679.158935 3608.823663 3535.744995 3483.202407 3465.582642 3444.284059 3418.620577 3393.534615 3407.510535 3420.352576 3421.064548 3415.369022 3416.207645 3445.247079 3465.275661 3474.683769 3463.979646 3482.018064 3504.620935 3540.859088 3579.639272 3623.769305 3673.312215 3721.228198 3740.505811 3741.538698 3751.743056 3778.444623 3821.067912 3896.974027 3982.994598 4061.499069 4107.314462 4158.341058 4198.681190 4227.262412 4251.329705 4274.360090 4267.905297 4241.556713 4207.965442 4148.717250 -9999.0 -9999.0 -9999.0 -9999.0 -9999.0 -9999.0 -9999.0 -9999.0 -9999.0
-9999.0 -9999.0 2501.072789 2647.548668 2734.682593 2889.595280 3026.291628 3130.219431 3232.111619 3376.750073 3501.146487 3595.965439 3642.844567 3658.523620 3644.960082 3617.399722 3600.876478 3600.444361 3588.579761 3583.015520 3569.678007 3564.938058 3553.060265 3546.036460 3543.166952 3543.604059 3542.173077 3534.910170 3519.427438 3479.379806 3444.767935 3402.075615 3357.464000 3337.266384 3320.590622 3305.161561 3310.819281 3306.370723 3312.360591 3315.908878 3326.321141 3340.987788 3360.316615 3383.206068 3392.845451 3403.194617 3413.686903 3434.805742 3464.083070 3503.679269 3554.459738 3608.766933 3644.071941 3650.154740 3631.161226 3624.982463 3631.753337 3659.238119 3720.802771 3788.954329 3879.005957 3944.739008 4011.680554 4067.937060 4094.831286 4131.223324 4202.078248 4250.152265 4293.391331 4270.945456 -9999.0 -9999.0 -9999.0 -9999.0 -9999.0 -9999.0 -9999.0 -9999.0 -9999.0 -9999.0
-9999.0 -9999.0 -9999.0 -9999.0 2502.711271 2645.630386 2739.547356 2813.750322 2945.775251 3075.799936 3180.976935 3268.254452 3338.140986 3364.277228 3366.473456 3385.324979 3385.145712 3375.538895 3364.601139 3370.734531 3376.993087 3371.395342 3354.551254 3349.291209 3354.733331 3364.391530 3364.189019 3353.143087 3336.935253 3326.083118 3316.339005 3288.253165 3258.523302 3233.302098 3223.407062 3222.441738 3223.957975 3216.960793 3226.066385 3235.931347 3252.416594 3267.750215 3291.274886 3321.134366 3335.985646 3350.507657 3358.638080 3376.453223 3404.572920 3455.572113 3516.792509 3572.930260 3606.536019 3606.381257 3577.084944 3554.576281 3541.046926 3557.321267 3585.212753 3634.526449 3723.088762 3784.864741 3829.194126 3867.162571 3903.432243 3969.155333 4064.771807 4146.596926 -9999.0 -9999.0 -9999.0 -9999.0 -9999.0 -9999.0 -9999.0 -9999.0 -9999.0 -9999.0 -9999.0 -9999.0
-9999.0 -9999.0 -9999.0 -9999.0 -9999.0 -9999.0 2475.903880 2580.695895 2642.958267 2795.375993 2942.079345 3049.709070 3133.149144 3169.823686 3205.326073 3236.609627 3237.785541 3217.304512 3195.124937 3217.953130 3238.763469 3232.712111 3200.274684 3203.016391 3211.738859 3221.021386 3220.221822 3216.520077 3194.492202 3214.875446 3222.723171 3202.980897 3180.483443 3170.619474 3161.181479 3172.825603 3174.257152 3160.700402 3159.996782 3188.809572 3210.468692 3223.463151 3244.358531 3277.557079 3309.981797 3325.560757 3326.033949 3330.023093 3365.605782 3433.141879 3503.742964 3558.524255 3589.240484 3593.493043 3562.129465 3516.733713 3489.916706 3487.822228 3510.923127 3548.800786 3608.987365 3644.192357 3653.457929 3652.467133 3663.188281 3763.595549 -9999.0 -9999.0 -9999.0 -9999.0 -9999.0 -9999.0 -9999.0 -9999.0 -9999.0 -9999.0 -9999.0 -9999.0 -9999.0 -9999.0
-9999.0 -9999.0 -9999.0 -9999.0 -9999.0 -9999.0 -9999.0 -9999.0 -9999.0 -9999.0 -9999.0 -9999.0 -9999.0 -9999.0 -9999.0 -9999.0 -9999.0 -9999.0 -9999.0 -9999.0 -9999.0 -9999.0 -9999.0 -9999.0 -9999.0 -9999.0 -9999.0 -9999.0 -9999.0 -9999.0 -9999.0 -9999.0 -9999.0 -9999.0 -9999.0 -9999.0 -9999.0 -9999.0 -9999.0 -9999.0 -9999.0 -9999.0 -9999.0 -9999.0 -9999.0 -9999.0 -9999.0 -9999.0 -9999.0 -9999.0 -9999.0 -9999.0 -9999.0 -9999.0 -9999.0 -9999.0 -9999.0 -9999.0 -9999.0 -9999.0 -9999.0 -9999.0 -9999.0 -9999.0 -9999.0 -9999.0 -9999.0 -9999.0 -9999.0 -9999.0 -9999.0 -9999.0 -9999.0 -9999.0 -9999.0 -9999.0 -9999.0 -9999.0 -9999.0 -9999.0
-9999.0 -9999.0 -9999.0 -9999.0 -9999.0 -9999.0 -9999.0 -9999.0 -9999.0 -9999.0 -9999.0 -9999.0 -9999.0 -9999.0 -9999.0 -9999.0 -9999.0 -9999.0 -9999.0 -9999.0 -9999.0 -9999.0 -9999.0 -9999.0 -9999.0 -9999.0 -9999.0 -9999.0 -9999.0 -9999.0 -9999.0 -9999.0 -9999.0 -9999.0 -9999.0 -9999.0 -9999.0 -9999.0 -9999.0 -9999.0 -9999.0 -9999.0 -9999.0 -9999.0 -9999.0 -9999.0 -9999.0 -9999.0 -9999.0 -9999.0 -9999.0 -9999.0 -9999.0 -9999.0 -9999.0 -9999.0 -9999.0 -9999.0 -9999.0 -9999.0 -9999.0 -9999.0 -9999.0 -9999.0 -9999.0 -9999.0 -9999.0 -9999.0 -9999.0 -9999.0 -9999.0 -9999.0 -9999.0 -9999.0 -9999.0 -9999.0 -9999.0 -9999.0 -9999.0 -9999.0