Borden_/Borden1m_014/output_maps/psiliqL0006N0007.asc
ncols         80
nrows         18
xllcorner     620200.000000
yllcorner     5168000.000000
cellsize      1.000000
NODATA_value  -9999.0
-9999.0 -9999.0 -9999.0 -9999.0 -9999.0 -9999.0 -9999.0 -9999.0 -9999.0 -9999.0 -9999.0 -9999.0 -9999.0 -9999.0 -9999.0 -9999.0 -9999.0 -9999.0 -9999.0 -9999.0 -9999.0 -9999.0 -9999.0 -9999.0 -9999.0 -9999.0 -9999.0 -9999.0 -9999.0 -9999.0 -9999.0 -9999.0 -9999.0 -9999.0 -9999.0 -9999.0 -9999.0 -9999.0 -9999.0 -9999.0 -9999.0 -9999.0 -9999.0 -9999.0 -9999.0 -9999.0 -9999.0 -9999.0 -9999.0 -9999.0 -9999.0 -9999.0 -9999.0 -9999.0 -9999.0 -9999.0 -9999.0 -9999.0 -9999.0 -9999.0 -9999.0 -9999.0 -9999.0 -9999.0 -9999.0 -9999.0 -9999.0 -9999.0 -9999.0 -9999.0 -9999.0 -9999.0 -9999.0 -9999.0 -9999.0 -9999.0 -9999.0 -9999.0 -9999.0 -9999.0
-9999.0 -9999.0 -9999.0 -9999.0 -9999.0 -9999.0 -9999.0 -9999.0 -9999.0 -9999.0 -9999.0 -9999.0 -9999.0 -9999.0 -9999.0 -9999.0 -9999.0 -9999.0 -9999.0 -9999.0 -9999.0 -9999.0 -9999.0 -9999.0 -9999.0 -9999.0 -9999.0 -9999.0 -9999.0 -9999.0 -9999.0 -9999.0 -9999.0 -9999.0 -9999.0 -9999.0 -9999.0 -9999.0 -9999.0 -9999.0 -9999.0 -9999.0 -9999.0 -9999.0 -9999.0 -9999.0 -9999.0 -9999.0 -9999.0 -9999.0 -9999.0 -9999.0 -9999.0 -9999.0 -9999.0 -9999.0 -9999.0 -9999.0 -9999.0 -9999.0 -9999.0 -9999.0 -9999.0 -9999.0 -9999.0 -9999.0 -9999.0 -9999.0 -9999.0 -9999.0 -9999.0 -9999.0 -9999.0 -9999.0 -9999.0 -9999.0 -9999.0 -9999.0 -9999.0 -9999.0
-9999.0 -9999.0 -9999.0 -9999.0 -9999.0 -9999.0 -9999.0 -9999.0 -9999.0 -9999.0 -9999.0 -9999.0 -9999.0 -9999.0 -9999.0 -9999.0 -9999.0 -9999.0 -9999.0 -9999.0 -649.005601 -645.951980 -668.956992 -703.056106 -731.647856 -730.301013 -696.089698 -656.106166 -619.532019 -609.449198 -627.657742 -626.918021 -632.508628 -632.721357 -629.903161 -624.476108 -622.405207 -611.106338 -602.891224 -603.214571 -609.379569 -615.234894 -617.059499 -613.533792 -608.716563 -616.708414 -603.461336 -588.208307 -581.412797 -586.020719 -612.425416 -627.614196 -634.894269 -648.359384 -623.605257 -610.420459 -587.046274 -582.182870 -582.704372 -609.067311 -638.595010 -9999.0 -9999.0 -9999.0 -9999.0 -9999.0 -9999.0 -9999.0 -9999.0 -9999.0 -9999.0 -9999.0 -9999.0 -9999.0 -9999.0 -9999.0 -9999.0 -9999.0 -9999.0 -9999.0
-9999.0 -9999.0 -9999.0 -9999.0 -9999.0 -9999.0 -9999.0 -9999.0 -9999.0 -9999.0 -9999.0 -9999.0 -9999.0 -9999.0 -737.358608 -747.951548 -751.471299 -743.467398 -710.431439 -681.292038 -668.882041 -676.870682 -677.434329 -701.270144 -721.639160 -708.287056 -680.204990 -650.170000 -617.513225 -597.913504 -611.194308 -614.451286 -604.387087 -577.261268 -563.036467 -566.089663 -587.473565 -565.658465 -549.947158 -540.675132 -541.896240 -550.573654 -536.073716 -520.089261 -526.645894 -543.798890 -540.753037 -529.305592 -514.319767 -528.549960 -591.558093 -611.763728 -613.538079 -618.990825 -630.951868 -636.774655 -611.773680 -609.872826 -617.256082 -634.226415 -665.368598 -708.555889 -725.572323 -687.045947 -642.245112 -583.950291 -9999.0 -9999.0 -9999.0 -9999.0 -9999.0 -9999.0 -9999.0 -9999.0 -9999.0 -9999.0 -9999.0 -9999.0 -9999.0 -9999.0
-9999.0 -9999.0 -9999.0 -9999.0 -9999.0 -9999.0 -9999.0 -9999.0 -9999.0 -792.549063 -789.572196 -783.006077 -781.894527 -766.876480 -768.836768 -762.558524 -755.020449 -730.168825 -700.204258 -666.261492 -638.341070 -649.203471 -649.691628 -637.936156 -631.107266 -619.153500 -600.020001 -561.568395 -521.318897 -481.366772 -509.899985 -512.431323 -494.123900 -444.995504 -405.547000 -395.035947 -414.890181 -413.263599 -387.152195 -359.068883 -359.437246 -361.274200 -336.091709 -321.985250 -313.763182 -332.902648 -353.479473 -357.598286 -332.029222 -384.714366 -448.303762 -501.660747 -499.767495 -529.427951 -569.390522 -591.081161 -593.283304 -570.158622 -584.175309 -620.131614 -655.327219 -663.392482 -678.807554 -662.221894 -638.907621 -591.312092 -552.518937 -523.269230 -522.044477 -538.677865 -9999.0 -9999.0 -9999.0 -9999.0 -9999.0 -9999.0 -9999.0 -9999.0 -9999.0 -9999.0
-9999.0 -9999.0 -9999.0 -9999.0 -9999.0 -9999.0 -870.034751 -861.882096 -842.915476 -837.551253 -814.285889 -807.310650 -787.602173 -769.056070 -749.830379 -733.686063 -703.776514 -672.831622 -632.859171 -590.364262 -559.642426 -564.714409 -556.003601 -523.187635 -480.598468 -448.597144 -426.179682 -388.795761 -308.371034 -261.331583 -245.904353 -239.914186 -227.450002 -148.043026 143.640923 192.074875 158.182906 -8.788934 159.125658 203.873427 207.892172 207.501835 210.046300 212.340558 224.311368 222.363366 207.433734 202.867404 198.066165 156.124141 -117.576480 -228.244074 -275.174340 -325.039028 -406.864803 -466.934838 -468.570156 -452.410187 -481.359534 -532.011419 -572.607322 -581.704769 -594.734491 -607.851583 -601.654670 -581.284835 -556.708107 -544.214451 -555.298164 -574.614312 -596.858708 -624.806039 -622.618179 -596.775314 -9999.0 -9999.0 -9999.0 -9999.0 -9999.0 -9999.0
-9999.0 -9999.0 -9999.0 -9999.0 -919.068219 -907.253100 -918.970046 -896.513225 -865.540690 -833.562256 -802.032957 -765.755088 -740.023381 -711.858365 -671.474533 -634.412598 -592.911690 -560.710635 -508.431912 -441.643396 -390.403466 -362.138120 -346.925957 -282.300521 -208.553680 -120.328646 -58.107260 149.788552 200.129218 225.435154 233.873105 234.712766 241.729608 258.532840 295.532981 314.194466 304.412948 291.292283 305.176567 311.587379 322.283384 321.547946 321.795962 321.600217 321.997173 323.761065 317.533466 305.825140 301.103807 293.090529 265.228270 232.204040 217.884211 207.838262 177.752135 -39.815555 -205.308856 -237.394468 -297.241122 -354.847720 -423.195455 -447.364314 -477.068079 -500.419799 -528.801208 -526.382193 -521.744374 -539.373446 -567.654119 -597.928261 -611.635187 -629.210120 -638.308872 -607.950751 -589.740328 -558.198322 -9999.0 -9999.0 -9999.0 -9999.0
-9999.0 -9999.0 -976.059614 -926.130210 -871.342314 -863.458606 -861.356599 -857.433880 -832.040085 -783.319627 -706.119031 -655.250545 -612.150354 -584.640520 -528.028145 -446.488865 -372.465232 -323.489821 -262.957137 -176.495345 -25.704963 168.256046 198.778214 213.114074 232.945724 258.357776 272.082707 297.324328 310.492928 319.513338 332.853186 346.025468 350.191221 346.607395 347.124689 346.153152 345.259744 342.636242 330.076521 330.221827 336.644288 338.327443 341.976757 330.722240 327.439009 338.483574 341.171945 343.518802 345.987879 352.162701 358.162158 331.069892 307.696053 305.068883 301.720500 269.376017 236.907109 220.680690 213.946085 167.532595 -118.823248 -219.212403 -283.186151 -339.009556 -389.305330 -418.425694 -460.694776 -497.266755 -538.698968 -580.892212 -602.261702 -619.194706 -620.116931 -618.283217 -601.513578 -585.172674 -569.261643 -561.188454 -9999.0 -9999.0
-9999.0 -1072.989588 -1000.615893 -873.331027 -795.940711 -752.346562 -711.836855 -683.424375 -662.003098 -651.416465 -547.948895 -443.499359 -354.873297 -327.888035 -274.743587 -139.620708 149.151117 205.146386 220.469770 241.928139 272.252187 303.782804 315.501068 330.621093 352.435466 348.970756 346.644012 347.402289 340.027564 331.768745 322.753247 329.006467 327.659708 317.844045 312.571142 313.583470 314.159033 307.577223 299.993971 297.333243 299.970957 309.780791 305.465021 297.745743 296.155587 303.536342 309.252658 305.120097 298.833261 303.912715 314.919304 320.661967 330.755768 344.289761 361.730373 338.428553 318.872896 305.494835 301.325119 289.247929 251.304187 221.834232 171.383882 -78.445133 -205.090050 -291.688133 -349.449160 -400.611213 -458.557579 -492.607602 -520.101931 -569.406730 -590.959273 -587.727055 -595.903660 -597.490727 -590.126999 -583.375982 -9999.0 -9999.0
-9999.0 -1141.266231 -997.900568 -812.619022 -668.673856 -610.180933 -495.657520 -413.499934 -389.093148 -412.764803 -304.060023 140.336163 217.555664 219.703388 246.030584 281.207697 310.981255 334.181137 348.170663 341.480516 337.065555 340.733689 336.127361 328.001503 320.299565 318.346446 319.807016 320.820186 315.327788 307.607481 301.091163 301.097434 293.061664 261.365220 242.494035 236.191072 233.629726 228.725951 217.784602 209.790006 205.170856 215.191832 210.945423 203.614676 201.463915 209.935104 222.999737 217.725410 218.286553 225.152226 240.922026 261.714439 283.518409 296.088367 307.133653 321.190361 331.275659 351.401394 356.221618 333.796264 314.874164 297.430710 286.277741 248.022193 202.297723 -9.265531 -159.422184 -233.209088 -304.108017 -350.272926 -395.707709 -449.793559 -503.913125 -528.031296 -565.298040 -585.598629 -9999.0 -9999.0 -9999.0 -9999.0
-9999.0 -1202.104251 -1009.845111 -743.374772 -496.083032 -375.373232 -129.488283 176.630028 217.718316 245.185102 258.616994 331.435337 344.325320 330.701882 315.480123 311.788561 314.909161 315.247505 312.857764 310.109953 308.869285 309.267698 309.764588 308.148085 305.794322 302.292455 299.355677 296.954768 279.800502 249.449146 231.430173 225.198538 195.415674 -68.758810 -174.713287 -217.472603 -273.633037 -280.597183 -294.122610 -326.501922 -345.379142 -358.129650 -341.593628 -345.678423 -346.687832 -336.031824 -312.549675 -296.241861 -255.368593 -216.610429 -154.286100 -28.385548 172.426024 215.850708 235.734352 262.710494 288.209548 300.782700 315.793908 332.915470 352.455994 346.157711 325.109312 311.402025 286.739829 253.790807 233.929204 205.847604 140.181849 -122.109570 -215.281376 -292.445839 -359.093766 -440.071262 -478.228471 -9999.0 -9999.0 -9999.0 -9999.0 -9999.0
-9999.0 -1347.476398 -1079.840818 -782.088662 -453.202957 -37.984270 138.071433 248.946523 289.831639 258.215563 260.138282 282.418697 301.100307 302.123509 292.677821 285.386245 262.307874 257.974060 264.041547 251.648236 240.181786 236.364760 238.113999 234.697056 226.989854 222.084176 218.840441 209.725826 147.699811 -121.032870 -240.811098 -263.822952 -338.094621 -408.073287 -451.728629 -495.799177 -544.195024 -545.396351 -530.352130 -546.458872 -567.499737 -585.626317 -561.525004 -547.581455 -537.713112 -547.138204 -539.425931 -507.594497 -462.999227 -425.026622 -380.350912 -330.022912 -283.123982 -224.552982 -174.918343 -53.399308 171.970405 216.942074 251.393641 295.932652 307.573368 319.832862 344.778558 362.373800 326.795476 309.688076 298.581617 286.726493 259.468526 226.033585 195.308833 3.319477 -191.742374 -9999.0 -9999.0 -9999.0 -9999.0 -9999.0 -9999.0 -9999.0
-9999.0 -1484.170177 -1247.232074 -992.772307 -692.050380 -470.225656 -318.272278 -198.926615 -59.831991 -66.027066 14.385025 175.273189 204.873921 215.278955 201.693511 145.043856 -86.259855 -94.338108 -98.028966 -150.705776 -197.220243 -217.208338 -217.348545 -225.558047 -255.207138 -272.534685 -284.319372 -309.238153 -349.916056 -402.355299 -479.684272 -540.885646 -598.250965 -632.281301 -661.018189 -692.872871 -731.427399 -720.592035 -705.486088 -710.316706 -723.107015 -728.159400 -699.050267 -681.474739 -671.875861 -685.752560 -668.364498 -642.611588 -602.761186 -564.222278 -520.738749 -472.019756 -424.864700 -398.440518 -384.921330 -356.954181 -312.471930 -248.442698 -108.338188 178.729751 237.371906 267.307468 295.912792 309.021732 314.958120 335.605375 336.332201 304.111495 269.993869 276.102527 274.571950 -9999.0 -9999.0 -9999.0 -9999.0 -9999.0 -9999.0 -9999.0 -9999.0 -9999.0
-9999.0 -9999.0 -1485.292646 -1289.601730 -1121.618830 -936.454921 -792.877409 -696.246593 -633.889851 -557.835811 -478.197021 -410.313533 -371.595038 -355.795219 -376.586250 -420.319037 -447.131512 -446.508164 -454.533183 -468.369518 -492.084141 -500.389338 -508.135284 -514.692140 -527.620571 -534.541499 -538.987935 -548.645604 -569.510887 -613.834033 -665.578923 -716.085068 -769.311721 -793.363169 -814.756418 -837.358272 -841.467919 -842.401506 -835.205488 -834.169939 -829.511985 -818.339875 -797.710897 -777.047155 -768.093624 -762.002038 -749.906455 -727.050073 -694.983265 -655.985265 -606.303575 -554.026795 -519.369869 -510.137321 -521.264746 -517.218890 -497.839161 -457.865171 -376.558634 -284.719324 -169.942227 42.479407 206.819046 240.282370 253.539088 280.759882 298.860299 283.823188 181.235145 253.273053 -9999.0 -9999.0 -9999.0 -9999.0 -9999.0 -9999.0 -9999.0 -9999.0 -9999.0 -9999.0
-9999.0 -9999.0 -9999.0 -9999.0 -1432.371981 -1274.130410 -1181.980004 -1101.193664 -986.132688 -885.280172 -799.771472 -729.853181 -683.125833 -662.022189 -675.382670 -684.000643 -692.896202 -695.410085 -703.097853 -709.524725 -715.933739 -723.196975 -732.840214 -739.976116 -740.929561 -737.755159 -739.301455 -751.503190 -765.942227 -793.762601 -818.255032 -853.015665 -889.806035 -918.477433 -931.197458 -938.420325 -937.958672 -942.898635 -933.167407 -927.296567 -912.745954 -897.424689 -873.588916 -845.872111 -833.972449 -820.240902 -810.793289 -790.282935 -761.197607 -709.972857 -649.810274 -596.557217 -565.611929 -564.355400 -592.607539 -610.402447 -615.712764 -590.996670 -548.146075 -484.945775 -391.345154 -321.711670 -246.846630 -175.417781 -81.774873 170.095154 254.311275 276.012064 -9999.0 -9999.0 -9999.0 -9999.0 -9999.0 -9999.0 -9999.0 -9999.0 -9999.0 -9999.0 -9999.0 -9999.0
-9999.0 -9999.0 -9999.0 -9999.0 -9999.0 -9999.0 -1492.475604 -1399.654752 -1309.804156 -1195.066872 -1090.014654 -1003.704626 -933.810125 -912.123628 -898.175757 -877.787527 -883.111604 -899.064118 -914.239454 -898.683259 -890.630125 -894.852564 -920.677380 -922.325498 -919.302163 -909.715653 -910.469290 -916.191864 -940.337152 -933.409806 -935.477517 -958.019934 -983.674093 -998.043344 -1009.357152 -999.340391 -998.309289 -1010.338184 -1007.299732 -981.755299 -962.470297 -949.062791 -926.520706 -893.756992 -862.273713 -848.595702 -847.967607 -841.992233 -800.631815 -731.653112 -663.552869 -612.683095 -584.393932 -579.084780 -609.466787 -652.266587 -676.140810 -672.464623 -642.026624 -593.983528 -524.420427 -481.903862 -454.838672 -434.755979 -408.139321 -308.099220 -9999.0 -9999.0 -9999.0 -9999.0 -9999.0 -9999.0 -9999.0 -9999.0 -9999.0 -9999.0 -9999.0 -9999.0 -9999.0 -9999.0
-9999.0 -9999.0 -9999.0 -9999.0 -9999.0 -9999.0 -9999.0 -9999.0 -9999.0 -9999.0 -9999.0 -9999.0 -9999.0 -9999.0 -9999.0 -9999.0 -9999.0 -9999.0 -9999.0 -9999.0 -9999.0 -9999.0 -9999.0 -9999.0 -9999.0 -9999.0 -9999.0 -9999.0 -9999.0 -9999.0 -9999.0 -9999.0 -9999.0 -9999.0 -9999.0 -9999.0 -9999.0 -9999.0 -9999.0 -9999.0 -9999.0 -9999.0 -9999.0 -9999.0 -9999.0 -9999.0 -9999.0 -9999.0 -9999.0 -9999.0 -9999.0 -9999.0 -9999.0 -9999.0 -9999.0 -9999.0 -9999.0 -9999.0 -9999.0 -9999.0 -9999.0 -9999.0 -9999.0 -9999.0 -9999.0 -9999.0 -9999.0 -9999.0 -9999.0 -9999.0 -9999.0 -9999.0 -9999.0 -9999.0 -9999.0 -9999.0 -9999.0 -9999.0 -9999.0 -9999.0
-9999.0 -9999.0 -9999.0 -9999.0 -9999.0 -9999.0 -9999.0 -9999.0 -9999.0 -9999.0 -9999.0 -9999.0 -9999.0 -9999.0 -9999.0 -9999.0 -9999.0 -9999.0 -9999.0 -9999.0 -9999.0 -9999.0 -9999.0 -9999.0 -9999.0 -9999.0 -9999.0 -9999.0 -9999.0 -9999.0 -9999.0 -9999.0 -9999.0 -9999.0 -9999.0 -9999.0 -9999.0 -9999.0 -9999.0 -9999.0 -9999.0 -9999.0 -9999.0 -9999.0 -9999.0 -9999.0 -9999.0 -9999.0 -9999.0 -9999.0 -9999.0 -9999.0 -9999.0 -9999.0 -9999.0 -9999.0 -9999.0 -9999.0 -9999.0 -9999.0 -9999.0 -9999.0 -9999.0 -9999.0 -9999.0 -9999.0 -9999.0 -9999.0 -9999.0 -9999.0 -9999.0 -9999.0 -9999.0 -9999.0 -9999.0 -9999.0 -9999.0 -9999.0 -9999.0 -9999.0