Borden_/Borden1m_014/output_maps/psiliqL0009N0027.asc
ncols         80
nrows         18
xllcorner     620200.000000
yllcorner     5168000.000000
cellsize      1.000000
NODATA_value  -9999.0
-9999.0 -9999.0 -9999.0 -9999.0 -9999.0 -9999.0 -9999.0 -9999.0 -9999.0 -9999.0 -9999.0 -9999.0 -9999.0 -9999.0 -9999.0 -9999.0 -9999.0 -9999.0 -9999.0 -9999.0 -9999.0 -9999.0 -9999.0 -9999.0 -9999.0 -9999.0 -9999.0 -9999.0 -9999.0 -9999.0 -9999.0 -9999.0 -9999.0 -9999.0 -9999.0 -9999.0 -9999.0 -9999.0 -9999.0 -9999.0 -9999.0 -9999.0 -9999.0 -9999.0 -9999.0 -9999.0 -9999.0 -9999.0 -9999.0 -9999.0 -9999.0 -9999.0 -9999.0 -9999.0 -9999.0 -9999.0 -9999.0 -9999.0 -9999.0 -9999.0 -9999.0 -9999.0 -9999.0 -9999.0 -9999.0 -9999.0 -9999.0 -9999.0 -9999.0 -9999.0 -9999.0 -9999.0 -9999.0 -9999.0 -9999.0 -9999.0 -9999.0 -9999.0 -9999.0 -9999.0
-9999.0 -9999.0 -9999.0 -9999.0 -9999.0 -9999.0 -9999.0 -9999.0 -9999.0 -9999.0 -9999.0 -9999.0 -9999.0 -9999.0 -9999.0 -9999.0 -9999.0 -9999.0 -9999.0 -9999.0 -9999.0 -9999.0 -9999.0 -9999.0 -9999.0 -9999.0 -9999.0 -9999.0 -9999.0 -9999.0 -9999.0 -9999.0 -9999.0 -9999.0 -9999.0 -9999.0 -9999.0 -9999.0 -9999.0 -9999.0 -9999.0 -9999.0 -9999.0 -9999.0 -9999.0 -9999.0 -9999.0 -9999.0 -9999.0 -9999.0 -9999.0 -9999.0 -9999.0 -9999.0 -9999.0 -9999.0 -9999.0 -9999.0 -9999.0 -9999.0 -9999.0 -9999.0 -9999.0 -9999.0 -9999.0 -9999.0 -9999.0 -9999.0 -9999.0 -9999.0 -9999.0 -9999.0 -9999.0 -9999.0 -9999.0 -9999.0 -9999.0 -9999.0 -9999.0 -9999.0
-9999.0 -9999.0 -9999.0 -9999.0 -9999.0 -9999.0 -9999.0 -9999.0 -9999.0 -9999.0 -9999.0 -9999.0 -9999.0 -9999.0 -9999.0 -9999.0 -9999.0 -9999.0 -9999.0 -9999.0 -66.115583 -63.082603 -85.571162 -119.361479 -147.539268 -145.328959 -110.041768 -68.541059 -30.099557 -19.142876 -36.728518 -34.727286 -39.296958 -39.129105 -35.741012 -29.290988 -26.168146 -14.380139 -5.446292 -5.215221 -10.950840 -16.220036 -16.799045 -13.087845 -8.109021 -17.775535 -4.662630 10.312762 16.075038 10.036833 -18.338628 -35.037679 -44.060294 -59.329141 -35.399653 -23.366583 -0.698318 3.318313 1.727953 -25.584066 -55.828295 -9999.0 -9999.0 -9999.0 -9999.0 -9999.0 -9999.0 -9999.0 -9999.0 -9999.0 -9999.0 -9999.0 -9999.0 -9999.0 -9999.0 -9999.0 -9999.0 -9999.0 -9999.0 -9999.0
-9999.0 -9999.0 -9999.0 -9999.0 -9999.0 -9999.0 -9999.0 -9999.0 -9999.0 -9999.0 -9999.0 -9999.0 -9999.0 -9999.0 -157.075568 -167.110904 -169.996865 -161.289715 -127.267288 -97.069113 -84.444456 -91.847378 -91.668192 -114.912863 -134.816082 -120.300541 -90.392874 -58.211400 -22.842079 -1.204800 -12.944083 -14.886088 -3.535173 24.995197 40.650955 38.688194 17.564145 40.791311 58.126765 68.995670 69.308577 61.566800 77.321439 94.560672 87.713774 68.725803 70.756124 81.639322 95.291374 78.000144 10.612578 -12.112750 -16.872678 -24.758592 -39.257362 -46.518517 -22.119196 -21.656418 -30.301648 -48.612649 -81.150451 -125.297056 -143.405489 -105.048737 -60.820661 -2.960305 -9999.0 -9999.0 -9999.0 -9999.0 -9999.0 -9999.0 -9999.0 -9999.0 -9999.0 -9999.0 -9999.0 -9999.0 -9999.0 -9999.0
-9999.0 -9999.0 -9999.0 -9999.0 -9999.0 -9999.0 -9999.0 -9999.0 -9999.0 -214.425247 -210.668107 -203.515014 -201.603514 -185.874663 -187.606548 -180.498045 -172.457823 -145.862410 -114.351492 -78.798148 -49.448054 -58.728180 -57.640102 -44.726734 -37.152707 -23.119555 -0.593074 42.629995 89.033476 134.908305 108.534050 108.246574 130.244208 183.574004 225.679308 237.931910 216.754490 221.578344 251.118865 281.813026 286.422637 287.365458 317.116963 333.812862 339.022334 315.220730 290.422029 285.620509 311.462721 251.005913 177.613398 118.679959 115.540623 79.642831 34.553986 9.955665 5.623507 26.398204 9.818445 -28.922746 -66.330031 -76.621037 -93.736238 -77.689402 -55.351921 -8.574617 29.948246 58.482148 58.516392 41.069023 -9999.0 -9999.0 -9999.0 -9999.0 -9999.0 -9999.0 -9999.0 -9999.0 -9999.0 -9999.0
-9999.0 -9999.0 -9999.0 -9999.0 -9999.0 -9999.0 -293.053518 -284.229823 -264.512563 -259.099352 -234.630255 -227.035596 -206.350681 -186.733342 -165.643209 -148.131783 -116.527924 -82.918157 -40.025065 5.947876 40.652605 38.623131 51.957216 90.370832 138.212260 174.267096 202.952809 250.625445 343.994871 398.764285 416.483680 425.751791 437.990136 482.727620 546.041931 570.049038 541.792575 523.975037 543.269154 583.646883 607.992693 613.560233 623.160041 632.313857 657.303300 645.488062 589.751151 566.268123 558.608390 544.382385 490.668953 429.066598 380.642027 319.935026 223.455141 157.685330 155.075769 167.947302 132.132443 73.287021 27.019080 14.094767 -2.343880 -17.773641 -13.301614 5.403983 28.156639 39.162764 26.384692 5.577257 -17.561296 -46.379009 -44.717461 -19.327723 -9999.0 -9999.0 -9999.0 -9999.0 -9999.0 -9999.0
-9999.0 -9999.0 -9999.0 -9999.0 -342.698237 -330.341283 -342.113398 -318.443712 -286.473794 -253.128744 -220.501904 -182.664321 -154.837246 -124.078737 -81.054705 -41.207554 5.725296 45.272978 106.304216 182.448623 243.229949 278.756298 305.320893 378.620099 446.230689 497.641457 516.987881 545.504669 593.216212 667.756842 696.587556 706.718484 726.028440 755.874893 798.608421 831.547435 812.938037 804.081581 809.835650 821.530484 848.963659 851.772672 853.979173 855.444186 858.158573 856.888029 831.128280 796.829074 780.533922 769.870991 748.350397 683.728151 627.636750 591.575314 560.327732 513.062538 446.930967 421.349730 354.783310 285.396965 206.451337 174.851962 137.153480 105.823510 70.960642 68.804491 69.609701 48.302399 16.578497 -15.881337 -31.073919 -49.837506 -60.141688 -30.285740 -12.589285 18.366815 -9999.0 -9999.0 -9999.0 -9999.0
-9999.0 -9999.0 -400.834462 -351.047600 -295.175170 -286.599072 -284.546125 -279.354821 -252.054920 -200.601975 -120.813605 -65.867047 -18.013569 16.939364 82.882873 175.569115 265.371043 328.218419 397.497402 467.262773 527.623795 567.582040 602.125539 644.689342 695.512811 750.088830 772.218248 797.874008 826.191132 860.787979 882.073293 898.009756 905.048156 903.447960 905.425956 905.162999 900.816774 894.638597 877.152531 874.556348 882.298632 885.993892 888.777043 876.780985 873.015262 885.423812 887.133197 886.182411 885.847611 893.211257 901.323927 868.213492 818.904868 802.660053 793.195572 753.234060 691.474968 636.371331 608.389890 564.505969 487.007485 433.471113 374.769698 311.259078 243.429152 200.456717 145.864539 99.807039 51.621529 4.921884 -19.168990 -37.887101 -40.335948 -39.919683 -23.890859 -8.264102 7.174190 15.006994 -9999.0 -9999.0
-9999.0 -500.145661 -427.569020 -300.048684 -220.877870 -175.276695 -134.889802 -105.373644 -78.797566 -60.015859 54.420389 168.744724 272.576185 315.435979 379.160739 482.142895 586.560757 632.624330 667.196127 716.554653 768.446598 814.852303 845.170465 871.546035 900.357634 903.675478 902.945728 904.080221 897.541510 890.740202 881.392021 888.680950 886.117975 869.478885 855.369968 852.832754 846.057345 819.157597 790.721225 776.275271 779.165873 799.174351 787.607953 769.861244 766.861410 787.165178 804.333060 796.240822 783.596049 800.057700 835.962667 859.020071 873.789971 888.602327 908.492972 885.569715 853.862119 812.376094 792.010077 761.745144 696.056601 633.273804 578.084703 514.225461 446.992357 370.447641 293.464311 220.793495 146.955552 102.639986 68.757876 15.386138 -8.611989 -7.790367 -17.321128 -20.045346 -13.593076 -7.179293 -9999.0 -9999.0
-9999.0 -572.753123 -429.355269 -243.255633 -95.077098 -29.905675 92.168785 182.872270 217.760778 196.917833 326.053564 559.871820 647.270609 662.777406 728.942900 807.568859 843.797421 872.778775 891.238887 891.201146 890.748233 897.276076 895.340468 888.854843 875.072703 867.580407 866.298589 862.760069 842.968281 822.652476 804.396032 801.762641 784.069282 746.949122 716.526947 700.744785 682.567463 649.843275 610.367634 581.241693 566.604470 583.920093 574.778359 557.619492 554.286129 577.914009 611.756871 607.557152 614.542676 638.345089 681.426860 729.243424 753.454577 782.515260 818.161263 861.178194 879.403906 899.411985 904.384083 881.287470 836.943670 788.152698 754.102185 683.837955 609.780232 529.833369 466.849733 406.468025 330.643740 272.074283 213.486481 148.222486 85.591766 54.869359 14.016813 -7.383926 -9999.0 -9999.0 -9999.0 -9999.0
-9999.0 -639.913088 -448.640642 -182.760264 82.048329 222.953641 434.203925 570.452562 648.307013 695.087096 726.723251 840.500479 866.099935 858.578442 845.372059 846.894529 860.781305 864.597757 860.926900 851.036655 840.205044 835.748317 834.272717 826.575037 814.088686 799.045136 785.652848 770.558093 723.016734 687.564486 654.959797 638.577280 601.117961 512.836661 472.366172 440.949155 383.401441 368.965903 353.070207 317.641826 293.941783 275.452553 295.601771 296.003145 297.176353 306.984429 331.894823 355.997709 403.247095 442.242947 486.274476 539.877102 575.683993 620.985724 670.852151 734.926452 766.815087 796.203233 841.954608 882.463240 904.922292 896.278511 866.386263 821.552507 753.640093 678.668953 627.385957 555.257605 490.971458 440.068981 396.549415 339.074952 257.658077 149.594485 103.101511 -9999.0 -9999.0 -9999.0 -9999.0 -9999.0
-9999.0 -796.976558 -529.155733 -232.100820 103.310334 433.944570 551.609516 714.876399 790.228487 731.665183 708.314973 738.447616 776.954184 785.242074 765.968850 759.198311 751.095006 751.299746 763.731708 736.619855 698.984235 683.328914 681.703874 668.848911 644.890105 625.774625 610.993688 588.689406 536.957580 488.244700 413.878457 383.156946 299.218316 222.378084 170.248887 118.546925 63.713355 59.571054 73.611671 55.373755 31.758446 12.380533 38.175601 53.979323 65.261800 56.119810 66.506956 103.422423 155.478515 203.236406 261.233562 328.354244 383.925094 440.282643 475.527045 529.234049 577.479332 626.441879 701.376562 785.468012 822.147109 857.239816 892.345826 906.891737 859.104202 807.803475 754.136582 681.745659 591.559275 546.832665 524.825894 490.957955 437.484148 -9999.0 -9999.0 -9999.0 -9999.0 -9999.0 -9999.0 -9999.0
-9999.0 -930.152353 -699.713983 -452.828658 -152.089081 91.395959 288.158161 413.434248 504.518822 494.189514 503.579147 531.860580 562.176298 584.523187 562.619515 527.700032 502.516972 506.559625 505.601862 482.030642 452.528350 437.967178 436.092489 427.276624 397.996392 378.355541 363.526834 335.126920 289.625834 224.185832 135.773174 63.494842 -1.937881 -40.045974 -71.855950 -105.948866 -145.366451 -135.337781 -121.274496 -126.237551 -138.827432 -143.403192 -113.864996 -95.477287 -85.417762 -98.330136 -79.632890 -52.282096 -9.743457 33.275968 83.168662 140.718276 198.269218 234.368891 256.036155 294.412928 348.046903 414.403357 501.973607 599.787568 676.838400 733.401583 784.325376 815.504181 830.161805 848.051527 825.085986 738.756097 600.674781 591.523738 591.916991 -9999.0 -9999.0 -9999.0 -9999.0 -9999.0 -9999.0 -9999.0 -9999.0 -9999.0
-9999.0 -9999.0 -936.285893 -747.237498 -589.055023 -402.847986 -250.759328 -140.756551 -62.984327 28.480099 119.773638 198.254334 243.598201 262.621253 242.728718 199.311489 172.019279 171.754127 162.051591 147.533036 122.579678 112.671858 102.480703 93.695312 79.128198 70.400492 63.570805 50.494347 25.338884 -24.038946 -78.244301 -131.485916 -186.982884 -212.818219 -235.210624 -258.097822 -261.712450 -263.648233 -256.897847 -255.770031 -250.457652 -238.758804 -218.006067 -196.647012 -187.255372 -180.170351 -167.600510 -143.874148 -110.624159 -69.456159 -16.717654 39.717475 78.868988 92.055225 84.109777 92.593106 118.800749 170.122741 269.556759 375.456244 473.948592 547.167325 620.380953 671.195867 690.169816 716.919589 733.752971 653.428224 386.350936 526.721533 -9999.0 -9999.0 -9999.0 -9999.0 -9999.0 -9999.0 -9999.0 -9999.0 -9999.0 -9999.0
-9999.0 -9999.0 -9999.0 -9999.0 -890.444554 -733.948234 -640.449682 -558.404542 -436.983082 -327.288941 -235.118546 -158.328197 -104.961525 -81.195896 -92.315617 -97.759989 -106.027209 -109.890418 -118.598462 -124.034739 -129.680516 -137.742493 -149.473459 -157.370849 -158.403065 -155.195171 -157.601705 -171.102822 -187.547306 -214.979124 -239.195797 -274.644487 -311.817987 -341.063734 -354.131977 -361.016947 -360.749392 -366.264330 -356.692862 -350.304276 -335.421397 -319.989425 -295.998040 -267.720761 -255.168834 -241.015867 -231.339857 -210.528006 -180.537497 -127.843396 -65.791046 -10.028107 23.562011 26.722136 0.170341 -15.893876 -18.773420 10.708641 61.535869 138.361651 252.649220 343.895250 418.756308 468.585150 502.445056 550.838032 598.255996 616.918931 -9999.0 -9999.0 -9999.0 -9999.0 -9999.0 -9999.0 -9999.0 -9999.0 -9999.0 -9999.0 -9999.0 -9999.0
-9999.0 -9999.0 -9999.0 -9999.0 -9999.0 -9999.0 -945.998608 -851.497872 -765.140404 -643.745644 -530.467918 -438.499006 -363.878548 -338.732033 -321.057472 -298.717943 -303.211048 -320.159260 -336.805925 -320.246361 -310.620808 -315.591189 -343.250668 -344.763989 -341.264181 -331.948656 -333.178496 -339.288323 -364.143766 -355.890869 -357.257050 -380.342082 -406.433154 -420.764843 -432.236829 -422.142076 -421.230575 -433.705283 -431.244308 -405.095643 -385.333189 -371.846533 -349.301322 -316.190154 -284.308641 -270.123576 -269.257373 -263.144541 -221.753423 -151.621900 -81.745444 -28.807165 1.421144 8.068600 -21.232038 -63.035667 -85.263434 -79.121701 -44.539846 10.098295 90.145933 145.220242 182.345390 208.922218 242.887862 351.355836 -9999.0 -9999.0 -9999.0 -9999.0 -9999.0 -9999.0 -9999.0 -9999.0 -9999.0 -9999.0 -9999.0 -9999.0 -9999.0 -9999.0
-9999.0 -9999.0 -9999.0 -9999.0 -9999.0 -9999.0 -9999.0 -9999.0 -9999.0 -9999.0 -9999.0 -9999.0 -9999.0 -9999.0 -9999.0 -9999.0 -9999.0 -9999.0 -9999.0 -9999.0 -9999.0 -9999.0 -9999.0 -9999.0 -9999.0 -9999.0 -9999.0 -9999.0 -9999.0 -9999.0 -9999.0 -9999.0 -9999.0 -9999.0 -9999.0 -9999.0 -9999.0 -9999.0 -9999.0 -9999.0 -9999.0 -9999.0 -9999.0 -9999.0 -9999.0 -9999.0 -9999.0 -9999.0 -9999.0 -9999.0 -9999.0 -9999.0 -9999.0 -9999.0 -9999.0 -9999.0 -9999.0 -9999.0 -9999.0 -9999.0 -9999.0 -9999.0 -9999.0 -9999.0 -9999.0 -9999.0 -9999.0 -9999.0 -9999.0 -9999.0 -9999.0 -9999.0 -9999.0 -9999.0 -9999.0 -9999.0 -9999.0 -9999.0 -9999.0 -9999.0
-9999.0 -9999.0 -9999.0 -9999.0 -9999.0 -9999.0 -9999.0 -9999.0 -9999.0 -9999.0 -9999.0 -9999.0 -9999.0 -9999.0 -9999.0 -9999.0 -9999.0 -9999.0 -9999.0 -9999.0 -9999.0 -9999.0 -9999.0 -9999.0 -9999.0 -9999.0 -9999.0 -9999.0 -9999.0 -9999.0 -9999.0 -9999.0 -9999.0 -9999.0 -9999.0 -9999.0 -9999.0 -9999.0 -9999.0 -9999.0 -9999.0 -9999.0 -9999.0 -9999.0 -9999.0 -9999.0 -9999.0 -9999.0 -9999.0 -9999.0 -9999.0 -9999.0 -9999.0 -9999.0 -9999.0 -9999.0 -9999.0 -9999.0 -9999.0 -9999.0 -9999.0 -9999.0 -9999.0 -9999.0 -9999.0 -9999.0 -9999.0 -9999.0 -9999.0 -9999.0 -9999.0 -9999.0 -9999.0 -9999.0 -9999.0 -9999.0 -9999.0 -9999.0 -9999.0 -9999.0