Borden_/Borden1m_014/output_maps/psiliqL0019N0024.asc
ncols         80
nrows         18
xllcorner     620200.000000
yllcorner     5168000.000000
cellsize      1.000000
NODATA_value  -9999.0
-9999.0 -9999.0 -9999.0 -9999.0 -9999.0 -9999.0 -9999.0 -9999.0 -9999.0 -9999.0 -9999.0 -9999.0 -9999.0 -9999.0 -9999.0 -9999.0 -9999.0 -9999.0 -9999.0 -9999.0 -9999.0 -9999.0 -9999.0 -9999.0 -9999.0 -9999.0 -9999.0 -9999.0 -9999.0 -9999.0 -9999.0 -9999.0 -9999.0 -9999.0 -9999.0 -9999.0 -9999.0 -9999.0 -9999.0 -9999.0 -9999.0 -9999.0 -9999.0 -9999.0 -9999.0 -9999.0 -9999.0 -9999.0 -9999.0 -9999.0 -9999.0 -9999.0 -9999.0 -9999.0 -9999.0 -9999.0 -9999.0 -9999.0 -9999.0 -9999.0 -9999.0 -9999.0 -9999.0 -9999.0 -9999.0 -9999.0 -9999.0 -9999.0 -9999.0 -9999.0 -9999.0 -9999.0 -9999.0 -9999.0 -9999.0 -9999.0 -9999.0 -9999.0 -9999.0 -9999.0
-9999.0 -9999.0 -9999.0 -9999.0 -9999.0 -9999.0 -9999.0 -9999.0 -9999.0 -9999.0 -9999.0 -9999.0 -9999.0 -9999.0 -9999.0 -9999.0 -9999.0 -9999.0 -9999.0 -9999.0 -9999.0 -9999.0 -9999.0 -9999.0 -9999.0 -9999.0 -9999.0 -9999.0 -9999.0 -9999.0 -9999.0 -9999.0 -9999.0 -9999.0 -9999.0 -9999.0 -9999.0 -9999.0 -9999.0 -9999.0 -9999.0 -9999.0 -9999.0 -9999.0 -9999.0 -9999.0 -9999.0 -9999.0 -9999.0 -9999.0 -9999.0 -9999.0 -9999.0 -9999.0 -9999.0 -9999.0 -9999.0 -9999.0 -9999.0 -9999.0 -9999.0 -9999.0 -9999.0 -9999.0 -9999.0 -9999.0 -9999.0 -9999.0 -9999.0 -9999.0 -9999.0 -9999.0 -9999.0 -9999.0 -9999.0 -9999.0 -9999.0 -9999.0 -9999.0 -9999.0
-9999.0 -9999.0 -9999.0 -9999.0 -9999.0 -9999.0 -9999.0 -9999.0 -9999.0 -9999.0 -9999.0 -9999.0 -9999.0 -9999.0 -9999.0 -9999.0 -9999.0 -9999.0 -9999.0 -9999.0 1953.415487 1956.038994 1935.359392 1903.062337 1876.761658 1880.706571 1916.555435 1959.569788 2000.363578 2011.460447 1995.217558 2000.143774 1997.153234 1995.618708 1998.028405 2006.043756 2012.082014 2023.175731 2031.705840 2031.473284 2025.953503 2021.874912 2023.776201 2026.398609 2031.825243 2018.625355 2032.208854 2046.259340 2049.468477 2043.357552 2015.643735 1999.357578 1988.262972 1970.133299 1992.985056 2002.402935 2022.918669 2025.026839 2021.363463 1993.185835 1962.320071 -9999.0 -9999.0 -9999.0 -9999.0 -9999.0 -9999.0 -9999.0 -9999.0 -9999.0 -9999.0 -9999.0 -9999.0 -9999.0 -9999.0 -9999.0 -9999.0 -9999.0 -9999.0 -9999.0
-9999.0 -9999.0 -9999.0 -9999.0 -9999.0 -9999.0 -9999.0 -9999.0 -9999.0 -9999.0 -9999.0 -9999.0 -9999.0 -9999.0 1858.879258 1850.713717 1849.466740 1859.107580 1893.791780 1925.185078 1937.344399 1931.097629 1932.624493 1910.387067 1890.827836 1906.301314 1938.024332 1971.268531 2007.573135 2028.968263 2020.146920 2019.840835 2030.001101 2054.150327 2065.738219 2063.289634 2044.996904 2069.493372 2084.916297 2092.679493 2092.751422 2084.851832 2096.520404 2111.583567 2104.253374 2087.097899 2093.590905 2105.262256 2115.031468 2101.728202 2038.271022 2019.722139 2013.165849 2004.878192 1988.708904 1981.146016 2005.480207 2002.902521 1992.930502 1973.553582 1939.366534 1894.149674 1874.060491 1911.802138 1953.828545 2009.159860 -9999.0 -9999.0 -9999.0 -9999.0 -9999.0 -9999.0 -9999.0 -9999.0 -9999.0 -9999.0 -9999.0 -9999.0 -9999.0 -9999.0
-9999.0 -9999.0 -9999.0 -9999.0 -9999.0 -9999.0 -9999.0 -9999.0 -9999.0 1796.864176 1802.941344 1811.564722 1815.688641 1832.766237 1831.108311 1839.765386 1847.469242 1876.556411 1908.810582 1944.889091 1974.291329 1967.195403 1968.915582 1978.510640 1980.429694 1992.976765 2016.536643 2058.290477 2096.752547 2137.986127 2110.181653 2109.224179 2129.421134 2174.974782 2204.115303 2209.152405 2191.127225 2203.609373 2228.609368 2248.972987 2248.626040 2245.968562 2271.361553 2285.834783 2283.395886 2261.866646 2253.350909 2255.158422 2280.290102 2227.750618 2160.184107 2112.855103 2119.031954 2090.244436 2054.936753 2035.830311 2032.009022 2049.956684 2033.661611 1995.261038 1958.284998 1945.072729 1925.776325 1942.264431 1962.711060 2006.778215 2044.178327 2071.066511 2068.627198 2049.910108 -9999.0 -9999.0 -9999.0 -9999.0 -9999.0 -9999.0 -9999.0 -9999.0 -9999.0 -9999.0
-9999.0 -9999.0 -9999.0 -9999.0 -9999.0 -9999.0 1715.947724 1726.958883 1748.851799 1753.912783 1781.312623 1789.655972 1811.693568 1832.334610 1856.128425 1873.418405 1903.836121 1937.968050 1979.048409 2022.194565 2055.074872 2049.703984 2061.105952 2089.296397 2125.661670 2152.901687 2179.484665 2221.188146 2298.467550 2341.277746 2345.520147 2351.190194 2362.062351 2412.292856 2476.383883 2488.743150 2468.206567 2454.354193 2476.289048 2513.786573 2517.823756 2519.710998 2533.683692 2544.289871 2569.929614 2558.410597 2517.375116 2505.154981 2505.937390 2485.693957 2420.052274 2357.187041 2326.431284 2274.366228 2189.902536 2137.966479 2148.906363 2167.969896 2138.689765 2083.764366 2043.016105 2031.516033 2015.048670 2001.347372 2007.227563 2024.917863 2044.870766 2054.189085 2038.973950 2015.757088 1991.670542 1961.495582 1962.221790 1986.338361 -9999.0 -9999.0 -9999.0 -9999.0 -9999.0 -9999.0
-9999.0 -9999.0 -9999.0 -9999.0 1664.345174 1678.358764 1666.529941 1693.772948 1728.100150 1764.071382 1796.371719 1833.699920 1862.118688 1893.901063 1934.213357 1966.498779 2007.414034 2043.636643 2098.606243 2167.031800 2218.340423 2240.863646 2256.691303 2315.368265 2377.519194 2430.295728 2452.795156 2482.130256 2530.035741 2591.709807 2619.638078 2626.812113 2645.373746 2684.446662 2735.608204 2771.596619 2754.440180 2745.671663 2753.023244 2766.095721 2790.142440 2792.194632 2794.740754 2798.162053 2803.517783 2801.160466 2774.464406 2739.589195 2722.935581 2712.201070 2678.209986 2606.462369 2567.849674 2535.142083 2495.074499 2440.278569 2380.674918 2368.764600 2309.510997 2249.522783 2188.904941 2169.098233 2138.829694 2113.249507 2085.045624 2086.657288 2088.978256 2066.516755 2031.426603 1997.027564 1980.224323 1959.771260 1946.838485 1975.774469 1992.107758 2021.164390 -9999.0 -9999.0 -9999.0 -9999.0
-9999.0 -9999.0 1602.911565 1651.151381 1709.614080 1719.193996 1718.998817 1726.139885 1756.497214 1810.390093 1883.669114 1931.508607 1971.686964 2007.911188 2068.301075 2143.766834 2214.151610 2263.549022 2327.489215 2400.761962 2464.589505 2497.442521 2514.573987 2557.279697 2614.321103 2680.840570 2709.804029 2738.014029 2773.870246 2810.921434 2816.330500 2829.987333 2840.330197 2847.179504 2856.399958 2859.944330 2854.191122 2847.524372 2827.590670 2822.586212 2829.416808 2836.309065 2837.074660 2823.451237 2819.512238 2833.361165 2837.910793 2836.229447 2834.520139 2841.063449 2841.453391 2798.368840 2767.540343 2750.233427 2735.373916 2688.619459 2621.600776 2581.375506 2556.831404 2509.818675 2430.983381 2381.647987 2331.640929 2284.651529 2232.724977 2203.899574 2157.659852 2114.237765 2065.992928 2017.706021 1992.290166 1972.967605 1968.924091 1966.903254 1981.863866 1995.803136 2010.149631 2017.404484 -9999.0 -9999.0
-9999.0 1496.526548 1568.899951 1694.412462 1775.368229 1819.436331 1845.052434 1863.513668 1894.413628 1926.756487 2027.371445 2104.027555 2194.874562 2236.411666 2287.480437 2385.885803 2483.543028 2534.298223 2577.016638 2639.251670 2704.016668 2756.155913 2786.677560 2787.882657 2825.650379 2846.244383 2851.863893 2857.216747 2855.871964 2848.472327 2840.808055 2846.873612 2842.591714 2822.734379 2805.763987 2801.837694 2795.080995 2768.437794 2736.083399 2719.098506 2719.980995 2744.891128 2730.869886 2709.921552 2706.304435 2728.482685 2751.243887 2743.153101 2731.329279 2751.794638 2788.054508 2812.429026 2819.934098 2837.576775 2858.399701 2831.347466 2805.110954 2761.206206 2738.577044 2708.121362 2647.985301 2587.078098 2531.076010 2469.030458 2403.196393 2337.795023 2274.720788 2211.992294 2145.429875 2102.747530 2070.339407 2019.797168 1998.856031 1999.499809 1989.586093 1985.250946 1989.716923 1995.339097 -9999.0 -9999.0
-9999.0 1409.837169 1551.343623 1734.278655 1882.607307 1937.208672 2026.509922 2100.182089 2126.838587 2092.544021 2201.173374 2422.353425 2538.055418 2560.609408 2637.880958 2734.989066 2744.146325 2779.587788 2805.045234 2823.437288 2838.367958 2851.860584 2851.852051 2847.693977 2833.080799 2825.120716 2823.123901 2819.466087 2800.744250 2780.218875 2761.225405 2755.261386 2732.757886 2684.505792 2649.571057 2630.175358 2610.526411 2590.357174 2557.867373 2528.938579 2510.548110 2523.523532 2519.563356 2503.224406 2499.762793 2522.530157 2554.850913 2554.040190 2567.115835 2590.130636 2630.675681 2672.119055 2696.285920 2728.460989 2768.372335 2815.727342 2829.924848 2852.480192 2856.208315 2839.816016 2793.269725 2737.036999 2701.098693 2636.830047 2564.388837 2484.898676 2419.833953 2357.085547 2286.768410 2239.819020 2191.474695 2132.372039 2079.316464 2058.568065 2018.415300 1998.859837 -9999.0 -9999.0 -9999.0 -9999.0
-9999.0 1321.722109 1506.697750 1758.234289 2043.235574 2141.812329 2348.908357 2477.530628 2532.544871 2604.798554 2549.161040 2724.681573 2773.894933 2773.665180 2782.608374 2790.053325 2808.185519 2812.725169 2810.729590 2802.000413 2793.976039 2790.528578 2789.541232 2781.716738 2768.523438 2752.138906 2735.397878 2720.577897 2680.625133 2645.418308 2605.637800 2588.894760 2545.926948 2450.830082 2407.580261 2368.553460 2308.099073 2302.670928 2299.300013 2269.896931 2249.493316 2224.664172 2249.373934 2257.376463 2261.189756 2261.928467 2277.457522 2306.135297 2354.772690 2393.264287 2438.413346 2492.109874 2529.983086 2575.042020 2620.926617 2678.009702 2713.418760 2746.527965 2798.287556 2838.216318 2862.064501 2849.090786 2823.013520 2773.532189 2699.143296 2632.841150 2583.274851 2509.728118 2444.959854 2390.818443 2341.134351 2286.336142 2219.129515 2145.132793 2103.560345 -9999.0 -9999.0 -9999.0 -9999.0 -9999.0
-9999.0 1125.118166 1391.449555 1671.252571 1971.157329 2307.339348 2460.641566 2580.697502 2653.967259 2631.108691 2647.658117 2666.124557 2711.731980 2723.162938 2704.678014 2696.157957 2684.463344 2685.688271 2699.841640 2674.131821 2644.972952 2631.574994 2630.956643 2618.480282 2593.478544 2575.485727 2563.082025 2540.560696 2490.304316 2437.213849 2352.348441 2317.718712 2237.960546 2187.532729 2144.886556 2094.812774 2044.424280 2043.984406 2062.495556 2048.592718 2026.150106 2007.677875 2035.247825 2054.978965 2068.305346 2056.008019 2065.456892 2102.169526 2152.546119 2197.634963 2247.766041 2303.428474 2350.665432 2398.387573 2429.608701 2479.150604 2530.146613 2578.924659 2654.074942 2735.732820 2777.022533 2813.416063 2844.610496 2860.194698 2806.804025 2758.303389 2706.327564 2645.376686 2569.401708 2519.061939 2486.575626 2435.718398 2376.448551 -9999.0 -9999.0 -9999.0 -9999.0 -9999.0 -9999.0 -9999.0
-9999.0 1004.315430 1213.286968 1428.348261 1700.067740 1936.804946 2145.075482 2250.197335 2330.357064 2383.026444 2427.868335 2465.746328 2497.672167 2522.619471 2504.147448 2463.559491 2435.120210 2440.622434 2435.402235 2413.084122 2384.397659 2369.831667 2366.353157 2358.894868 2334.068573 2319.216281 2307.644866 2283.589243 2251.533907 2195.387757 2117.319692 2042.611767 1983.066016 1954.625894 1926.428778 1894.842886 1861.590807 1871.651791 1882.970979 1880.120179 1870.583124 1868.468678 1897.422171 1916.793206 1927.117214 1916.554484 1936.401832 1963.044673 2004.554789 2048.477890 2098.072406 2153.417190 2207.674785 2236.548158 2249.320921 2273.045567 2312.270728 2366.575467 2453.019489 2549.930308 2630.687373 2681.276608 2734.228757 2771.456679 2787.025166 2796.144573 2775.377647 2703.178534 2607.929221 2587.603389 2576.921740 -9999.0 -9999.0 -9999.0 -9999.0 -9999.0 -9999.0 -9999.0 -9999.0 -9999.0
-9999.0 -9999.0 982.983436 1151.163550 1274.314384 1448.216043 1596.548746 1707.051262 1802.154859 1927.587921 2040.207585 2128.775569 2174.487046 2192.791692 2180.606626 2151.372787 2132.827653 2133.428093 2123.194278 2114.192809 2096.087455 2088.559006 2076.070487 2067.070968 2057.850968 2052.568811 2046.749135 2035.130809 2013.561113 1967.382662 1921.686026 1871.741109 1819.741480 1794.605384 1773.139088 1752.422416 1752.228767 1747.292987 1752.224054 1753.787047 1761.289313 1774.235600 1794.040613 1816.432783 1826.493558 1836.297734 1848.985591 1872.930001 1906.097276 1948.854713 2003.393433 2062.080318 2102.762123 2116.010132 2106.349609 2110.950985 2130.216971 2171.823964 2250.430836 2333.741839 2431.035581 2503.961971 2577.714802 2631.813360 2650.457779 2669.438186 2690.835193 2651.755939 2536.038317 2552.382296 -9999.0 -9999.0 -9999.0 -9999.0 -9999.0 -9999.0 -9999.0 -9999.0 -9999.0 -9999.0
-9999.0 -9999.0 -9999.0 -9999.0 1011.195350 1163.537373 1261.195747 1343.797531 1474.938236 1599.121496 1701.642530 1786.485098 1851.032445 1878.296190 1876.775850 1886.717569 1884.083958 1877.544729 1867.783119 1868.671788 1869.304624 1861.988283 1846.586448 1838.981091 1840.026852 1844.962108 1841.731708 1827.474908 1808.830477 1788.158565 1769.479293 1735.762346 1700.530948 1671.446155 1658.263538 1653.025386 1652.567398 1645.044970 1653.348516 1660.943079 1676.208142 1691.298450 1714.930284 1744.157187 1758.394375 1773.469954 1783.333704 1803.842412 1834.560459 1888.321132 1952.290478 2010.896400 2047.930566 2053.117346 2029.445128 2014.437607 2010.832633 2038.694580 2082.723190 2148.552818 2250.066343 2324.156435 2381.024849 2426.213308 2460.560626 2510.582532 2569.619999 2611.760449 -9999.0 -9999.0 -9999.0 -9999.0 -9999.0 -9999.0 -9999.0 -9999.0 -9999.0 -9999.0 -9999.0 -9999.0
-9999.0 -9999.0 -9999.0 -9999.0 -9999.0 -9999.0 976.349764 1079.398497 1156.064549 1298.983208 1433.938907 1537.220812 1618.715892 1652.206507 1681.440902 1709.924014 1709.373506 1690.896633 1671.308065 1691.003360 1706.319711 1700.136571 1669.259470 1669.015356 1673.954619 1681.493189 1678.597195 1671.766219 1646.338024 1658.881810 1660.259113 1636.899259 1610.855746 1597.141860 1585.176183 1594.655294 1594.634092 1580.591378 1580.490008 1607.447487 1627.820885 1640.803380 1662.351173 1695.593841 1728.127527 1743.728146 1745.316215 1751.460681 1791.041525 1861.445043 1933.786831 1990.080340 2023.480021 2032.333168 2006.264237 1966.995911 1947.430780 1955.037000 1989.969598 2042.153301 2117.760587 2166.933293 2191.933315 2204.417477 2222.436677 2315.642526 -9999.0 -9999.0 -9999.0 -9999.0 -9999.0 -9999.0 -9999.0 -9999.0 -9999.0 -9999.0 -9999.0 -9999.0 -9999.0 -9999.0
-9999.0 -9999.0 -9999.0 -9999.0 -9999.0 -9999.0 -9999.0 -9999.0 -9999.0 -9999.0 -9999.0 -9999.0 -9999.0 -9999.0 -9999.0 -9999.0 -9999.0 -9999.0 -9999.0 -9999.0 -9999.0 -9999.0 -9999.0 -9999.0 -9999.0 -9999.0 -9999.0 -9999.0 -9999.0 -9999.0 -9999.0 -9999.0 -9999.0 -9999.0 -9999.0 -9999.0 -9999.0 -9999.0 -9999.0 -9999.0 -9999.0 -9999.0 -9999.0 -9999.0 -9999.0 -9999.0 -9999.0 -9999.0 -9999.0 -9999.0 -9999.0 -9999.0 -9999.0 -9999.0 -9999.0 -9999.0 -9999.0 -9999.0 -9999.0 -9999.0 -9999.0 -9999.0 -9999.0 -9999.0 -9999.0 -9999.0 -9999.0 -9999.0 -9999.0 -9999.0 -9999.0 -9999.0 -9999.0 -9999.0 -9999.0 -9999.0 -9999.0 -9999.0 -9999.0 -9999.0
-9999.0 -9999.0 -9999.0 -9999.0 -9999.0 -9999.0 -9999.0 -9999.0 -9999.0 -9999.0 -9999.0 -9999.0 -9999.0 -9999.0 -9999.0 -9999.0 -9999.0 -9999.0 -9999.0 -9999.0 -9999.0 -9999.0 -9999.0 -9999.0 -9999.0 -9999.0 -9999.0 -9999.0 -9999.0 -9999.0 -9999.0 -9999.0 -9999.0 -9999.0 -9999.0 -9999.0 -9999.0 -9999.0 -9999.0 -9999.0 -9999.0 -9999.0 -9999.0 -9999.0 -9999.0 -9999.0 -9999.0 -9999.0 -9999.0 -9999.0 -9999.0 -9999.0 -9999.0 -9999.0 -9999.0 -9999.0 -9999.0 -9999.0 -9999.0 -9999.0 -9999.0 -9999.0 -9999.0 -9999.0 -9999.0 -9999.0 -9999.0 -9999.0 -9999.0 -9999.0 -9999.0 -9999.0 -9999.0 -9999.0 -9999.0 -9999.0 -9999.0 -9999.0 -9999.0 -9999.0