Borden_/Borden1m_014/output_maps/psiliqL0016N0020.asc
ncols         80
nrows         18
xllcorner     620200.000000
yllcorner     5168000.000000
cellsize      1.000000
NODATA_value  -9999.0
-9999.0 -9999.0 -9999.0 -9999.0 -9999.0 -9999.0 -9999.0 -9999.0 -9999.0 -9999.0 -9999.0 -9999.0 -9999.0 -9999.0 -9999.0 -9999.0 -9999.0 -9999.0 -9999.0 -9999.0 -9999.0 -9999.0 -9999.0 -9999.0 -9999.0 -9999.0 -9999.0 -9999.0 -9999.0 -9999.0 -9999.0 -9999.0 -9999.0 -9999.0 -9999.0 -9999.0 -9999.0 -9999.0 -9999.0 -9999.0 -9999.0 -9999.0 -9999.0 -9999.0 -9999.0 -9999.0 -9999.0 -9999.0 -9999.0 -9999.0 -9999.0 -9999.0 -9999.0 -9999.0 -9999.0 -9999.0 -9999.0 -9999.0 -9999.0 -9999.0 -9999.0 -9999.0 -9999.0 -9999.0 -9999.0 -9999.0 -9999.0 -9999.0 -9999.0 -9999.0 -9999.0 -9999.0 -9999.0 -9999.0 -9999.0 -9999.0 -9999.0 -9999.0 -9999.0 -9999.0
-9999.0 -9999.0 -9999.0 -9999.0 -9999.0 -9999.0 -9999.0 -9999.0 -9999.0 -9999.0 -9999.0 -9999.0 -9999.0 -9999.0 -9999.0 -9999.0 -9999.0 -9999.0 -9999.0 -9999.0 -9999.0 -9999.0 -9999.0 -9999.0 -9999.0 -9999.0 -9999.0 -9999.0 -9999.0 -9999.0 -9999.0 -9999.0 -9999.0 -9999.0 -9999.0 -9999.0 -9999.0 -9999.0 -9999.0 -9999.0 -9999.0 -9999.0 -9999.0 -9999.0 -9999.0 -9999.0 -9999.0 -9999.0 -9999.0 -9999.0 -9999.0 -9999.0 -9999.0 -9999.0 -9999.0 -9999.0 -9999.0 -9999.0 -9999.0 -9999.0 -9999.0 -9999.0 -9999.0 -9999.0 -9999.0 -9999.0 -9999.0 -9999.0 -9999.0 -9999.0 -9999.0 -9999.0 -9999.0 -9999.0 -9999.0 -9999.0 -9999.0 -9999.0 -9999.0 -9999.0
-9999.0 -9999.0 -9999.0 -9999.0 -9999.0 -9999.0 -9999.0 -9999.0 -9999.0 -9999.0 -9999.0 -9999.0 -9999.0 -9999.0 -9999.0 -9999.0 -9999.0 -9999.0 -9999.0 -9999.0 1349.801336 1352.643424 1331.608697 1299.114375 1272.542892 1276.215747 1312.097698 1354.895288 1395.235337 1406.645974 1390.468845 1394.929156 1391.829527 1391.058566 1393.817605 1401.294042 1406.288077 1417.383944 1425.721393 1425.301079 1419.447301 1414.806957 1415.803521 1418.674458 1424.018031 1412.092113 1425.717949 1440.295454 1444.535235 1438.740996 1411.029746 1394.503876 1383.711609 1366.083387 1388.886544 1398.764518 1419.723256 1422.173708 1418.894162 1390.772178 1359.986982 -9999.0 -9999.0 -9999.0 -9999.0 -9999.0 -9999.0 -9999.0 -9999.0 -9999.0 -9999.0 -9999.0 -9999.0 -9999.0 -9999.0 -9999.0 -9999.0 -9999.0 -9999.0 -9999.0
-9999.0 -9999.0 -9999.0 -9999.0 -9999.0 -9999.0 -9999.0 -9999.0 -9999.0 -9999.0 -9999.0 -9999.0 -9999.0 -9999.0 1255.567951 1246.995584 1245.488623 1255.126257 1289.885473 1321.166875 1333.576266 1327.172311 1328.597569 1306.459765 1287.222783 1302.725216 1334.176150 1367.432430 1403.812533 1425.765328 1416.766822 1416.560070 1427.431566 1452.726315 1465.252446 1462.795729 1443.739290 1467.393675 1482.757140 1490.769069 1490.457750 1482.338724 1494.809548 1510.233429 1503.146767 1485.916352 1491.530675 1503.325342 1514.492863 1500.828483 1437.114527 1417.356477 1410.815053 1402.061255 1385.993930 1378.145397 1402.094358 1400.126949 1390.209718 1370.848847 1336.948238 1292.013310 1272.333238 1309.991215 1352.439141 1408.412524 -9999.0 -9999.0 -9999.0 -9999.0 -9999.0 -9999.0 -9999.0 -9999.0 -9999.0 -9999.0 -9999.0 -9999.0 -9999.0 -9999.0
-9999.0 -9999.0 -9999.0 -9999.0 -9999.0 -9999.0 -9999.0 -9999.0 -9999.0 1194.690553 1200.153162 1208.450971 1212.053995 1228.880154 1227.362585 1235.804056 1243.933462 1272.658736 1305.154085 1341.480899 1371.198465 1363.760060 1365.889346 1377.184388 1381.438329 1394.797004 1418.189345 1460.157627 1500.983394 1543.901957 1517.633297 1517.682119 1538.603452 1585.489324 1616.864035 1623.068991 1604.724374 1614.458627 1639.026019 1660.123521 1659.788172 1657.521103 1682.778748 1696.963556 1696.674896 1675.870647 1664.594667 1665.456136 1690.627471 1639.093115 1572.707368 1522.915341 1525.827713 1494.348254 1456.221532 1435.645182 1431.319212 1449.384226 1432.430391 1393.590265 1356.083956 1343.394303 1324.371690 1340.312712 1360.929533 1405.545438 1443.103951 1470.239743 1468.353442 1449.912925 -9999.0 -9999.0 -9999.0 -9999.0 -9999.0 -9999.0 -9999.0 -9999.0 -9999.0 -9999.0
-9999.0 -9999.0 -9999.0 -9999.0 -9999.0 -9999.0 1114.570266 1125.008805 1146.333885 1151.551742 1178.193685 1186.538516 1208.377227 1229.006810 1252.384897 1270.194053 1301.455766 1336.108367 1378.556797 1422.982307 1456.342431 1452.321898 1464.676101 1496.645257 1536.817532 1566.522380 1593.055431 1634.652713 1712.848823 1757.849704 1766.641518 1774.000378 1785.784399 1835.254671 1898.833946 1913.006056 1891.976744 1876.931703 1896.856526 1932.825761 1938.197289 1939.914982 1951.264791 1961.122790 1986.727583 1976.437292 1936.550842 1923.106283 1921.984364 1904.813359 1842.953244 1779.311887 1743.865769 1691.020370 1606.423767 1552.259697 1559.310621 1575.802516 1544.130332 1487.801449 1445.629253 1433.359115 1416.323171 1401.419458 1406.172203 1423.550452 1443.864069 1453.299145 1438.517210 1415.804117 1391.851181 1361.805680 1362.517810 1386.785675 -9999.0 -9999.0 -9999.0 -9999.0 -9999.0 -9999.0
-9999.0 -9999.0 -9999.0 -9999.0 1063.541761 1077.242254 1065.628109 1092.006091 1125.828128 1161.226163 1193.922668 1231.669667 1260.275010 1292.308815 1334.192587 1369.351853 1412.367650 1450.154886 1507.338168 1577.596365 1630.075494 1654.836982 1672.463925 1733.824891 1798.161879 1852.019067 1874.026399 1902.500806 1948.233420 2010.517981 2039.718008 2048.019081 2066.893347 2103.603774 2151.810564 2185.044169 2167.622187 2158.672062 2164.244235 2175.795442 2199.541800 2201.315120 2203.508550 2206.276042 2210.992894 2209.513471 2184.562919 2151.124095 2136.978459 2127.615440 2097.268042 2027.248201 1985.965637 1953.504759 1917.505774 1864.992945 1802.245810 1785.784863 1725.075465 1664.693170 1601.644984 1579.061029 1546.435083 1518.588445 1487.815180 1487.583605 1488.783323 1466.092161 1431.508435 1397.269962 1380.488319 1360.074942 1347.463295 1376.240275 1392.641763 1422.006245 -9999.0 -9999.0 -9999.0 -9999.0
-9999.0 -9999.0 1002.793030 1051.693972 1109.711119 1119.469479 1120.489113 1127.546921 1157.388974 1210.888132 1286.354832 1336.691715 1379.402319 1415.804151 1477.992562 1557.980105 1631.151734 1682.699592 1747.071123 1820.395166 1884.046039 1918.429602 1937.264888 1978.738109 2034.942914 2098.711903 2126.299686 2153.236210 2185.776648 2221.329431 2231.930226 2246.612342 2256.147942 2260.554882 2267.340684 2269.220110 2263.398539 2256.242642 2236.174205 2231.226464 2237.959424 2243.777611 2245.158453 2231.910353 2228.118474 2241.842178 2246.175196 2245.648421 2245.533959 2253.184799 2256.180813 2215.855843 2179.637389 2162.818847 2151.276376 2106.347309 2041.204880 1998.840829 1973.652256 1929.192836 1851.491887 1799.988609 1747.348582 1696.648211 1642.696446 1610.308952 1561.730867 1517.124776 1468.239677 1419.721797 1394.035242 1374.091940 1369.696324 1367.661526 1382.311815 1396.313845 1410.625683 1417.864487 -9999.0 -9999.0
-9999.0 898.408755 971.049168 1097.528263 1178.608532 1223.962274 1254.874916 1277.327780 1307.404391 1336.183884 1440.354595 1526.134314 1617.870854 1658.543260 1712.625025 1812.490254 1908.757334 1957.244169 1998.863023 2058.391471 2120.541414 2169.418590 2199.239309 2208.232094 2243.862814 2259.594810 2263.503137 2267.479454 2264.738398 2257.541751 2249.423219 2255.775969 2252.029951 2232.988429 2216.619133 2212.569975 2205.173998 2178.116671 2146.827458 2130.075294 2131.650228 2154.643115 2142.450121 2122.054452 2118.580111 2140.236846 2161.006175 2154.055402 2144.359685 2164.429006 2200.481341 2223.588562 2233.126896 2250.044135 2270.825409 2244.953484 2217.077822 2174.305570 2153.540010 2123.877827 2065.408891 2004.062190 1948.329177 1887.002363 1820.033765 1751.211075 1686.143247 1622.821080 1554.422163 1510.716217 1477.112353 1424.740588 1401.659035 1401.024179 1390.262110 1385.653715 1390.166433 1395.792900 -9999.0 -9999.0
-9999.0 816.012851 958.394000 1142.901883 1292.139680 1350.959253 1450.378746 1528.194344 1556.254624 1527.083707 1635.916428 1855.654532 1961.837553 1982.403020 2057.680677 2149.191154 2166.754999 2201.180911 2225.868642 2239.859216 2251.098339 2262.562407 2261.759205 2256.696455 2242.120720 2234.074357 2232.206265 2228.664900 2210.401103 2190.327050 2171.489519 2165.877121 2145.843149 2100.541880 2066.813869 2047.962282 2028.761657 2005.974189 1970.738734 1941.844159 1925.581912 1940.161505 1934.046499 1917.987383 1914.608948 1937.011561 1970.506611 1969.587561 1981.700582 2006.453096 2047.618070 2088.238275 2111.975913 2143.574823 2181.679530 2227.175759 2242.623447 2264.745988 2269.005029 2250.891334 2206.220909 2153.140710 2118.051822 2055.163410 1982.915295 1904.773444 1839.945612 1777.078312 1705.424618 1656.246000 1606.192163 1545.095654 1487.964502 1462.374873 1420.590717 1399.486570 -9999.0 -9999.0 -9999.0 -9999.0
-9999.0 734.216479 921.526242 1178.159654 1457.690034 1566.737584 1773.350859 1901.479787 1957.920437 2026.558201 1994.819508 2149.616630 2191.981411 2190.134224 2193.590881 2200.429378 2218.251401 2223.579402 2222.191152 2214.350428 2207.002912 2203.482518 2201.681037 2193.018713 2179.134797 2162.508840 2147.394461 2132.989833 2094.131248 2059.913021 2021.921520 2004.809452 1963.115024 1871.008007 1828.031834 1790.200881 1730.158759 1721.410769 1713.743073 1683.540024 1662.767813 1640.901945 1663.501401 1668.926490 1672.051176 1675.537123 1693.546758 1721.016321 1769.821345 1809.543114 1855.346552 1908.736535 1945.366286 1990.845937 2038.026030 2094.615642 2128.793218 2161.669257 2210.967357 2250.661131 2274.262941 2262.724303 2235.835077 2189.036807 2118.337062 2052.914071 2005.001897 1933.796451 1869.395445 1814.713146 1764.617454 1707.141627 1636.394340 1552.053693 1507.750556 -9999.0 -9999.0 -9999.0 -9999.0 -9999.0
-9999.0 549.353505 816.721043 1102.553680 1413.221834 1745.098701 1885.312389 2011.679306 2083.751164 2052.918643 2061.878406 2081.909488 2124.540022 2134.801208 2117.651138 2111.016187 2101.295611 2103.156273 2117.910979 2093.574173 2065.576682 2052.159865 2050.523511 2036.679067 2010.615947 1991.171270 1976.916442 1954.805180 1906.241538 1854.661634 1771.668131 1738.270382 1659.396886 1603.953597 1559.894465 1509.644209 1457.722552 1455.041583 1471.043313 1455.409918 1432.512603 1413.889126 1440.712840 1459.051821 1471.853679 1460.877705 1471.126679 1508.841656 1560.412648 1606.301936 1657.351058 1713.460660 1762.485219 1812.832965 1846.185997 1897.093145 1946.570734 1995.886799 2071.558053 2151.715043 2190.301136 2226.096636 2258.934661 2274.944968 2223.644610 2175.639026 2126.370864 2068.902609 1990.699119 1943.506932 1912.924761 1861.522279 1800.875142 -9999.0 -9999.0 -9999.0 -9999.0 -9999.0 -9999.0 -9999.0
-9999.0 424.596441 640.621812 866.234967 1147.687393 1386.205474 1586.057440 1695.380356 1774.926667 1814.599304 1851.631231 1886.460349 1917.361152 1941.286409 1922.047686 1884.737269 1858.067486 1863.890190 1860.698213 1838.604472 1810.306756 1795.372808 1791.516355 1782.292174 1754.946939 1737.641193 1724.359463 1699.668046 1665.367358 1609.455660 1530.226023 1456.494419 1394.768860 1363.191815 1333.641921 1300.805121 1264.974114 1274.254496 1285.862950 1281.902864 1271.260588 1268.373042 1297.490298 1316.725831 1327.139529 1316.178545 1336.121910 1363.649987 1406.196019 1450.273413 1500.217688 1556.367248 1611.619773 1642.512460 1657.558621 1684.235757 1726.087745 1783.493899 1871.871270 1968.090373 2047.733942 2098.152305 2150.786843 2186.905357 2202.445689 2215.222025 2194.810863 2121.474549 2018.471702 2011.575949 2003.162216 -9999.0 -9999.0 -9999.0 -9999.0 -9999.0 -9999.0 -9999.0 -9999.0 -9999.0
-9999.0 -9999.0 408.016015 583.350986 718.194718 897.236776 1048.005936 1159.265830 1249.676681 1365.104767 1470.936398 1554.700677 1598.830232 1616.729851 1603.731893 1572.402230 1552.744608 1553.766740 1544.415406 1534.590016 1515.167108 1506.945032 1494.767380 1484.913388 1473.057599 1465.669909 1458.601050 1445.834182 1423.074598 1376.175236 1327.872815 1276.368950 1222.841813 1197.031254 1174.916801 1153.163849 1151.478762 1147.044644 1152.225939 1153.439078 1160.167893 1172.696430 1192.778101 1214.884351 1224.852153 1234.026957 1246.954578 1271.223973 1304.920072 1347.814942 1402.324695 1460.672705 1501.383712 1515.233524 1506.748839 1513.108926 1535.321325 1580.238722 1663.187176 1750.027225 1847.948265 1921.474820 1995.661534 2050.845986 2070.079021 2088.713251 2110.108092 2061.283636 1870.829998 1963.952621 -9999.0 -9999.0 -9999.0 -9999.0 -9999.0 -9999.0 -9999.0 -9999.0 -9999.0 -9999.0
-9999.0 -9999.0 -9999.0 -9999.0 442.457614 597.158606 694.556459 778.309998 907.392149 1027.568499 1127.234176 1209.626991 1270.878199 1297.211825 1293.289643 1299.152684 1295.282722 1289.834970 1280.627506 1279.798389 1278.585971 1270.805177 1256.003552 1247.643253 1247.299883 1250.957502 1247.330835 1232.803311 1214.497320 1191.598767 1170.991765 1136.371824 1100.130068 1070.661543 1057.231562 1051.235620 1050.732577 1043.609912 1052.119241 1059.239659 1074.325613 1089.510854 1113.288070 1142.317849 1156.157287 1171.091947 1181.098818 1201.955490 1232.731156 1286.509182 1350.312857 1408.529279 1444.901523 1450.025887 1426.194324 1411.725278 1409.387389 1438.890053 1485.678717 1555.234696 1659.201298 1735.571808 1797.670831 1846.371796 1881.753406 1931.623525 1991.816016 2031.558688 -9999.0 -9999.0 -9999.0 -9999.0 -9999.0 -9999.0 -9999.0 -9999.0 -9999.0 -9999.0 -9999.0 -9999.0
-9999.0 -9999.0 -9999.0 -9999.0 -9999.0 -9999.0 401.328012 502.804205 583.465734 720.964509 850.010454 950.182282 1029.678367 1060.960652 1087.013922 1113.904409 1112.407176 1094.561166 1075.980769 1094.701716 1108.182962 1102.085055 1071.782833 1070.642585 1074.600102 1082.132410 1079.291220 1072.311349 1046.821023 1057.776300 1058.056718 1034.536747 1008.238384 994.110471 982.076835 991.506777 991.580383 977.883125 978.435026 1005.040004 1025.174700 1038.306790 1060.180198 1093.445151 1125.871177 1141.170034 1142.717405 1149.083453 1189.457635 1259.985596 1331.896084 1387.561683 1420.380539 1428.999245 1402.442109 1363.173879 1343.691032 1351.946767 1388.068633 1442.387567 1520.213617 1572.185190 1602.030904 1619.285765 1640.778010 1733.459111 -9999.0 -9999.0 -9999.0 -9999.0 -9999.0 -9999.0 -9999.0 -9999.0 -9999.0 -9999.0 -9999.0 -9999.0 -9999.0 -9999.0
-9999.0 -9999.0 -9999.0 -9999.0 -9999.0 -9999.0 -9999.0 -9999.0 -9999.0 -9999.0 -9999.0 -9999.0 -9999.0 -9999.0 -9999.0 -9999.0 -9999.0 -9999.0 -9999.0 -9999.0 -9999.0 -9999.0 -9999.0 -9999.0 -9999.0 -9999.0 -9999.0 -9999.0 -9999.0 -9999.0 -9999.0 -9999.0 -9999.0 -9999.0 -9999.0 -9999.0 -9999.0 -9999.0 -9999.0 -9999.0 -9999.0 -9999.0 -9999.0 -9999.0 -9999.0 -9999.0 -9999.0 -9999.0 -9999.0 -9999.0 -9999.0 -9999.0 -9999.0 -9999.0 -9999.0 -9999.0 -9999.0 -9999.0 -9999.0 -9999.0 -9999.0 -9999.0 -9999.0 -9999.0 -9999.0 -9999.0 -9999.0 -9999.0 -9999.0 -9999.0 -9999.0 -9999.0 -9999.0 -9999.0 -9999.0 -9999.0 -9999.0 -9999.0 -9999.0 -9999.0
-9999.0 -9999.0 -9999.0 -9999.0 -9999.0 -9999.0 -9999.0 -9999.0 -9999.0 -9999.0 -9999.0 -9999.0 -9999.0 -9999.0 -9999.0 -9999.0 -9999.0 -9999.0 -9999.0 -9999.0 -9999.0 -9999.0 -9999.0 -9999.0 -9999.0 -9999.0 -9999.0 -9999.0 -9999.0 -9999.0 -9999.0 -9999.0 -9999.0 -9999.0 -9999.0 -9999.0 -9999.0 -9999.0 -9999.0 -9999.0 -9999.0 -9999.0 -9999.0 -9999.0 -9999.0 -9999.0 -9999.0 -9999.0 -9999.0 -9999.0 -9999.0 -9999.0 -9999.0 -9999.0 -9999.0 -9999.0 -9999.0 -9999.0 -9999.0 -9999.0 -9999.0 -9999.0 -9999.0 -9999.0 -9999.0 -9999.0 -9999.0 -9999.0 -9999.0 -9999.0 -9999.0 -9999.0 -9999.0 -9999.0 -9999.0 -9999.0 -9999.0 -9999.0 -9999.0 -9999.0