Borden_/Borden1m_014/output_maps/psiliqL0026N0005.asc
ncols         80
nrows         18
xllcorner     620200.000000
yllcorner     5168000.000000
cellsize      1.000000
NODATA_value  -9999.0
-9999.0 -9999.0 -9999.0 -9999.0 -9999.0 -9999.0 -9999.0 -9999.0 -9999.0 -9999.0 -9999.0 -9999.0 -9999.0 -9999.0 -9999.0 -9999.0 -9999.0 -9999.0 -9999.0 -9999.0 -9999.0 -9999.0 -9999.0 -9999.0 -9999.0 -9999.0 -9999.0 -9999.0 -9999.0 -9999.0 -9999.0 -9999.0 -9999.0 -9999.0 -9999.0 -9999.0 -9999.0 -9999.0 -9999.0 -9999.0 -9999.0 -9999.0 -9999.0 -9999.0 -9999.0 -9999.0 -9999.0 -9999.0 -9999.0 -9999.0 -9999.0 -9999.0 -9999.0 -9999.0 -9999.0 -9999.0 -9999.0 -9999.0 -9999.0 -9999.0 -9999.0 -9999.0 -9999.0 -9999.0 -9999.0 -9999.0 -9999.0 -9999.0 -9999.0 -9999.0 -9999.0 -9999.0 -9999.0 -9999.0 -9999.0 -9999.0 -9999.0 -9999.0 -9999.0 -9999.0
-9999.0 -9999.0 -9999.0 -9999.0 -9999.0 -9999.0 -9999.0 -9999.0 -9999.0 -9999.0 -9999.0 -9999.0 -9999.0 -9999.0 -9999.0 -9999.0 -9999.0 -9999.0 -9999.0 -9999.0 -9999.0 -9999.0 -9999.0 -9999.0 -9999.0 -9999.0 -9999.0 -9999.0 -9999.0 -9999.0 -9999.0 -9999.0 -9999.0 -9999.0 -9999.0 -9999.0 -9999.0 -9999.0 -9999.0 -9999.0 -9999.0 -9999.0 -9999.0 -9999.0 -9999.0 -9999.0 -9999.0 -9999.0 -9999.0 -9999.0 -9999.0 -9999.0 -9999.0 -9999.0 -9999.0 -9999.0 -9999.0 -9999.0 -9999.0 -9999.0 -9999.0 -9999.0 -9999.0 -9999.0 -9999.0 -9999.0 -9999.0 -9999.0 -9999.0 -9999.0 -9999.0 -9999.0 -9999.0 -9999.0 -9999.0 -9999.0 -9999.0 -9999.0 -9999.0 -9999.0
-9999.0 -9999.0 -9999.0 -9999.0 -9999.0 -9999.0 -9999.0 -9999.0 -9999.0 -9999.0 -9999.0 -9999.0 -9999.0 -9999.0 -9999.0 -9999.0 -9999.0 -9999.0 -9999.0 -9999.0 3325.188338 3326.070301 3304.269849 3269.982430 3241.512675 3243.061804 3275.648085 3315.907374 3354.334872 3361.357547 3341.956829 3345.465416 3340.741727 3335.938756 3335.862089 3343.371813 3349.818665 3359.330031 3366.087974 3363.606914 3356.116522 3351.005178 3353.516007 3355.055683 3361.323939 3346.883790 3362.946142 3379.312907 3384.146885 3381.625151 3358.170629 3346.552509 3338.904129 3323.669379 3350.561897 3362.530137 3386.298940 3391.219603 3389.531650 3363.103672 3333.252760 -9999.0 -9999.0 -9999.0 -9999.0 -9999.0 -9999.0 -9999.0 -9999.0 -9999.0 -9999.0 -9999.0 -9999.0 -9999.0 -9999.0 -9999.0 -9999.0 -9999.0 -9999.0 -9999.0
-9999.0 -9999.0 -9999.0 -9999.0 -9999.0 -9999.0 -9999.0 -9999.0 -9999.0 -9999.0 -9999.0 -9999.0 -9999.0 -9999.0 3235.442517 3226.528524 3223.378915 3230.324669 3262.428216 3292.371679 3303.895105 3296.176073 3295.682046 3270.589654 3247.318192 3259.443118 3288.308239 3318.193947 3350.981268 3367.761104 3356.340205 3353.346172 3359.845090 3378.871314 3386.440028 3382.560619 3364.798877 3388.895466 3401.826012 3405.922038 3403.719072 3393.718062 3402.241276 3416.101740 3409.020290 3393.903495 3405.090354 3420.288638 3431.206799 3423.458302 3365.955461 3354.526457 3351.910138 3348.482533 3336.018178 3332.721143 3361.612531 3361.730120 3355.046359 3338.351493 3305.489753 3260.579276 3242.155266 3283.303642 3327.438852 3384.149615 -9999.0 -9999.0 -9999.0 -9999.0 -9999.0 -9999.0 -9999.0 -9999.0 -9999.0 -9999.0 -9999.0 -9999.0 -9999.0 -9999.0
-9999.0 -9999.0 -9999.0 -9999.0 -9999.0 -9999.0 -9999.0 -9999.0 -9999.0 3178.427576 3184.174581 3190.813138 3192.921449 3207.668294 3204.115476 3210.611927 3214.086085 3240.773862 3269.645576 3302.528510 3328.920250 3319.158116 3317.300202 3320.500867 3314.138199 3321.230220 3340.935132 3376.949425 3407.407592 3441.993040 3407.976608 3402.652720 3419.741484 3460.470466 3482.870348 3484.380177 3465.576618 3482.377026 3505.615401 3520.873968 3517.114940 3510.882966 3536.763741 3551.971211 3545.580961 3524.043436 3523.253070 3531.145647 3560.666341 3510.334723 3444.889498 3407.459430 3424.159625 3403.821370 3378.805383 3368.589619 3369.986012 3391.116929 3380.078695 3346.867418 3314.296117 3303.190982 3287.057190 3308.831443 3332.765295 3379.772603 3420.123740 3450.345789 3450.160174 3433.180443 -9999.0 -9999.0 -9999.0 -9999.0 -9999.0 -9999.0 -9999.0 -9999.0 -9999.0 -9999.0
-9999.0 -9999.0 -9999.0 -9999.0 -9999.0 -9999.0 3100.139567 3110.406150 3130.798655 3133.035042 3159.058777 3163.771764 3181.981916 3198.517888 3219.633193 3231.652340 3255.745113 3284.768256 3319.820214 3356.457062 3383.122304 3370.674453 3375.391076 3393.820983 3419.496372 3437.483455 3459.476916 3496.656817 3568.360022 3604.225738 3596.096981 3596.583320 3604.636701 3654.866340 3718.677347 3729.358714 3708.693252 3695.693594 3719.412572 3756.885626 3754.733295 3753.498532 3766.740570 3777.620509 3804.441181 3793.452203 3757.619808 3752.589036 3759.646780 3736.730484 3667.672831 3610.958923 3592.973385 3546.593086 3463.732018 3421.814689 3446.588416 3475.262363 3454.400612 3405.701260 3374.187079 3369.616504 3359.420751 3353.461447 3366.809679 3390.545946 3415.123454 3429.558720 3418.183461 3397.764147 3376.439942 3348.598059 3351.507447 3376.639649 -9999.0 -9999.0 -9999.0 -9999.0 -9999.0 -9999.0
-9999.0 -9999.0 -9999.0 -9999.0 3051.066459 3063.553529 3048.208842 3073.806789 3105.055428 3137.872038 3164.495009 3195.220089 3217.394978 3243.105010 3275.115777 3295.846276 3326.687768 3355.237836 3401.432942 3461.622942 3505.030988 3517.588418 3525.493602 3575.955302 3631.794007 3678.429073 3696.941201 3722.722539 3768.640638 3825.055113 3847.160834 3849.803722 3866.712307 3910.261660 3966.855250 4002.057963 3984.354532 3975.268628 3985.517630 3999.955333 4022.100399 4022.161889 4023.285262 4027.504111 4035.270895 4033.434274 4006.686457 3973.194525 3960.222650 3950.047940 3911.648020 3839.413398 3809.493146 3780.491690 3737.505389 3683.297097 3636.782275 3638.679432 3584.289726 3529.564770 3480.452519 3473.390487 3453.930537 3438.779639 3422.240893 3435.257894 3447.852124 3433.360243 3403.891309 3375.000826 3362.427394 3345.230965 3334.219790 3365.649145 3383.740694 3413.339585 -9999.0 -9999.0 -9999.0 -9999.0
-9999.0 -9999.0 2992.833850 3037.617155 3093.969196 3099.208205 3091.430758 3093.186092 3118.382829 3166.364729 3227.399631 3262.961660 3290.382001 3319.595988 3369.092327 3429.729661 3488.593722 3530.471790 3588.072309 3657.096766 3715.908226 3742.431034 3751.046940 3786.579141 3841.339959 3910.754840 3938.895676 3965.456952 3997.414323 4034.101401 4025.367636 4035.951820 4048.506123 4061.595872 4076.866265 4084.158537 4079.225257 4074.607988 4056.006758 4050.773380 4057.246799 4065.379824 4064.297766 4049.576424 4045.601371 4060.647239 4066.958296 4064.823657 4061.896094 4066.721294 4061.930437 4013.195159 3996.258572 3980.931488 3969.051183 3922.733969 3855.842005 3823.702869 3802.094538 3760.960601 3687.622089 3650.692163 3611.772193 3577.606723 3540.720996 3528.246035 3496.492919 3464.894999 3426.677059 3386.364376 3367.657317 3353.776495 3353.735685 3354.665886 3372.662284 3388.530363 3404.584356 3412.701792 -9999.0 -9999.0
-9999.0 2883.127250 2953.609823 3074.138739 3150.675193 3185.989736 3192.775346 3194.239065 3218.163938 3249.405597 3334.408661 3382.381224 3464.504353 3501.478885 3541.404887 3630.965708 3725.186091 3768.510727 3807.490377 3871.396573 3937.334605 3984.521017 4010.898392 3988.951831 4028.681405 4058.853708 4067.122814 4074.250259 4074.391863 4065.865962 4059.430554 4066.075934 4063.071961 4043.801430 4027.641204 4025.855868 4022.432590 3999.037065 3971.448349 3955.889079 3957.193522 3982.255963 3969.057331 3947.643586 3943.212041 3964.933531 3986.447853 3975.705678 3962.532874 3979.137636 4013.847012 4038.944414 4039.844043 4058.447490 4079.579495 4050.421437 4029.264457 3985.224859 3968.248679 3942.781630 3885.759033 3830.967170 3782.879822 3734.567989 3682.492446 3633.996380 3586.705886 3539.801055 3486.993973 3454.565801 3430.643205 3388.376533 3376.091114 3383.002742 3378.365827 3377.091914 3383.905115 3390.553441 -9999.0 -9999.0
-9999.0 2786.037041 2924.105154 3100.139436 3241.125287 3279.797640 3339.024793 3392.867186 3405.449371 3349.091854 3449.413150 3665.828343 3788.009981 3805.512954 3881.104449 3976.379328 3958.300176 3989.720316 4013.005815 4039.186196 4060.225191 4074.662240 4072.971838 4067.841398 4051.308522 4043.293349 4042.401523 4040.277433 4022.823744 4003.818395 3986.978051 3983.775538 3965.743836 3916.063761 3882.775045 3865.219392 3846.064777 3832.712275 3805.561537 3779.550188 3762.968927 3773.208972 3771.575114 3758.191228 3753.776290 3771.827221 3802.702037 3800.856102 3812.787078 3832.417255 3867.855814 3906.089701 3925.362788 3954.501521 3990.151233 4038.268590 4046.923204 4069.384985 4072.281130 4061.987003 4015.325098 3963.717475 3934.306280 3878.928289 3819.416311 3757.770822 3708.962688 3664.396149 3609.349110 3575.579955 3536.683396 3483.433025 3441.065122 3433.997209 3400.976848 3388.243444 -9999.0 -9999.0 -9999.0 -9999.0
-9999.0 2686.144689 2860.747380 3097.138881 3389.570513 3459.000025 3659.577236 3773.060071 3811.337427 3878.529777 3757.622671 3965.134343 4018.343761 4013.450860 4029.571663 4032.827508 4047.152894 4046.488732 4041.409592 4030.379062 4020.770404 4016.182467 4015.130496 4007.213025 3994.578210 3979.948924 3968.029033 3956.567973 3919.868913 3887.891312 3848.544485 3836.031309 3791.280735 3699.527722 3660.959943 3622.386875 3561.534699 3564.235330 3572.041974 3548.303745 3528.754304 3500.466577 3530.229461 3541.139585 3545.374434 3540.669981 3550.119488 3578.802322 3626.628410 3660.859788 3699.567985 3747.371075 3777.750396 3816.807237 3856.473424 3908.713314 3939.875664 3968.745518 4017.699008 4054.717028 4077.454721 4063.360206 4044.868647 4000.102679 3939.885779 3890.585904 3861.634080 3811.192450 3767.750798 3724.368592 3678.079767 3625.511719 3564.249500 3512.162368 3478.587832 -9999.0 -9999.0 -9999.0 -9999.0 -9999.0
-9999.0 2461.605005 2724.841396 2983.129936 3254.193390 3595.338607 3767.167625 3860.791197 3923.946240 3907.034464 3930.534087 3936.807498 3973.902520 3981.188245 3959.794695 3945.916796 3928.254383 3927.165340 3940.232543 3912.877877 3882.609553 3869.257285 3870.163987 3859.475600 3835.624937 3820.767455 3811.514801 3793.051087 3750.095609 3700.043419 3616.202866 3581.773348 3503.313284 3465.435116 3429.582628 3383.159611 3339.236491 3345.297294 3370.366344 3361.660963 3341.243674 3324.508146 3353.980878 3374.884857 3388.101151 3371.765249 3378.264493 3412.390952 3458.466184 3498.475820 3541.861270 3589.390649 3630.944174 3669.796943 3690.420261 3729.475311 3771.407436 3812.841291 3882.826469 3961.158146 3997.074212 4031.690533 4060.556044 4082.462467 4039.588822 4013.325889 3989.617035 3966.178640 3920.019903 3874.673747 3834.133497 3769.576913 3710.058247 -9999.0 -9999.0 -9999.0 -9999.0 -9999.0 -9999.0 -9999.0
-9999.0 2349.542794 2541.171050 2730.235556 2968.166885 3195.637323 3417.238702 3507.266912 3577.398718 3649.340024 3703.522471 3741.299338 3767.059964 3788.609183 3766.032876 3719.989342 3687.783706 3692.780188 3683.806117 3662.975722 3635.507460 3622.788470 3620.219384 3615.637640 3594.693325 3584.723648 3578.214901 3560.516193 3535.629164 3483.420767 3412.892400 3340.426106 3287.672078 3269.273594 3247.621134 3221.662218 3195.931613 3209.757027 3222.707390 3223.153943 3217.118655 3217.675107 3246.717673 3266.628515 3276.045603 3265.189663 3283.196599 3305.949576 3342.358498 3381.122418 3425.211562 3474.691232 3522.520282 3542.073559 3543.634323 3554.523376 3581.582643 3624.356008 3700.232959 3785.957950 3863.515108 3908.925373 3959.641453 3999.611804 4027.757416 4052.595495 4075.017420 4068.098394 4042.138634 4008.788313 3950.071148 -9999.0 -9999.0 -9999.0 -9999.0 -9999.0 -9999.0 -9999.0 -9999.0 -9999.0
-9999.0 -9999.0 2315.150661 2465.425385 2558.805497 2718.887540 2843.857783 2947.586093 3046.917419 3188.225277 3310.420895 3403.762125 3450.001739 3465.563026 3451.814311 3423.743297 3406.819313 3406.442843 3394.775333 3388.839286 3375.031883 3370.130602 3358.457697 3351.462472 3348.121356 3348.212341 3346.641818 3339.271024 3323.538606 3283.293059 3247.863902 3204.798354 3159.790724 3139.406986 3122.503778 3106.729876 3111.918729 3107.637667 3113.684539 3117.112000 3127.248268 3141.747282 3161.138279 3183.912617 3193.519125 3203.664328 3214.233403 3235.435421 3264.846203 3304.413244 3355.139492 3409.345293 3444.613192 3450.842093 3432.224292 3426.529473 3433.887418 3461.915546 3524.187097 3592.589246 3681.991021 3747.282165 3814.025420 3869.905194 3896.549011 3932.931181 4003.162772 4051.190387 4093.657943 4071.255438 -9999.0 -9999.0 -9999.0 -9999.0 -9999.0 -9999.0 -9999.0 -9999.0 -9999.0 -9999.0
-9999.0 -9999.0 -9999.0 -9999.0 2323.388577 2468.814496 2564.821254 2643.370143 2777.613255 2886.814566 2990.325575 3076.747059 3145.523962 3171.397246 3172.848362 3190.385617 3189.789431 3180.522469 3169.740605 3175.272511 3180.924450 3175.247068 3158.770636 3153.419807 3158.554394 3167.900732 3167.632627 3156.530229 3140.405898 3128.739571 3118.287586 3089.880791 3059.811953 3034.424927 3024.393526 3023.127557 3024.592558 3017.693314 3026.828388 3036.501337 3052.893683 3068.226559 3091.766030 3121.522598 3136.232526 3150.716829 3158.910617 3176.855235 3205.015125 3256.025012 3317.194294 3373.192599 3406.669087 3406.581201 3377.336055 3355.053590 3341.917590 3358.593124 3387.189969 3437.126610 3525.749712 3587.494751 3632.294828 3670.644677 3706.875258 3772.025766 3866.676617 3947.989949 -9999.0 -9999.0 -9999.0 -9999.0 -9999.0 -9999.0 -9999.0 -9999.0 -9999.0 -9999.0 -9999.0 -9999.0
-9999.0 -9999.0 -9999.0 -9999.0 -9999.0 -9999.0 2298.505646 2404.204187 2470.101969 2624.886470 2772.568688 2856.345474 2939.190949 2975.194446 3008.771064 3039.532097 3040.396968 3020.132909 2998.288693 3020.768198 3040.966948 3035.002676 3002.881844 3005.412494 3013.861016 3023.157100 3022.358719 3018.559155 2996.428789 3016.166353 3023.538004 3003.660591 2981.011569 2971.343739 2961.779005 2973.310738 2974.693893 2961.186195 2960.643645 2989.026856 3010.571722 3023.585866 3044.560062 3077.737738 3110.117407 3125.605437 3126.086267 3130.170864 3166.030602 3233.630766 3304.111803 3358.705047 3389.304015 3393.606689 3362.290987 3317.020413 3290.344650 3288.526417 3311.977561 3350.337613 3410.955045 3446.477151 3456.542470 3456.492607 3467.846587 3567.498411 -9999.0 -9999.0 -9999.0 -9999.0 -9999.0 -9999.0 -9999.0 -9999.0 -9999.0 -9999.0 -9999.0 -9999.0 -9999.0 -9999.0
-9999.0 -9999.0 -9999.0 -9999.0 -9999.0 -9999.0 -9999.0 -9999.0 -9999.0 -9999.0 -9999.0 -9999.0 -9999.0 -9999.0 -9999.0 -9999.0 -9999.0 -9999.0 -9999.0 -9999.0 -9999.0 -9999.0 -9999.0 -9999.0 -9999.0 -9999.0 -9999.0 -9999.0 -9999.0 -9999.0 -9999.0 -9999.0 -9999.0 -9999.0 -9999.0 -9999.0 -9999.0 -9999.0 -9999.0 -9999.0 -9999.0 -9999.0 -9999.0 -9999.0 -9999.0 -9999.0 -9999.0 -9999.0 -9999.0 -9999.0 -9999.0 -9999.0 -9999.0 -9999.0 -9999.0 -9999.0 -9999.0 -9999.0 -9999.0 -9999.0 -9999.0 -9999.0 -9999.0 -9999.0 -9999.0 -9999.0 -9999.0 -9999.0 -9999.0 -9999.0 -9999.0 -9999.0 -9999.0 -9999.0 -9999.0 -9999.0 -9999.0 -9999.0 -9999.0 -9999.0
-9999.0 -9999.0 -9999.0 -9999.0 -9999.0 -9999.0 -9999.0 -9999.0 -9999.0 -9999.0 -9999.0 -9999.0 -9999.0 -9999.0 -9999.0 -9999.0 -9999.0 -9999.0 -9999.0 -9999.0 -9999.0 -9999.0 -9999.0 -9999.0 -9999.0 -9999.0 -9999.0 -9999.0 -9999.0 -9999.0 -9999.0 -9999.0 -9999.0 -9999.0 -9999.0 -9999.0 -9999.0 -9999.0 -9999.0 -9999.0 -9999.0 -9999.0 -9999.0 -9999.0 -9999.0 -9999.0 -9999.0 -9999.0 -9999.0 -9999.0 -9999.0 -9999.0 -9999.0 -9999.0 -9999.0 -9999.0 -9999.0 -9999.0 -9999.0 -9999.0 -9999.0 -9999.0 -9999.0 -9999.0 -9999.0 -9999.0 -9999.0 -9999.0 -9999.0 -9999.0 -9999.0 -9999.0 -9999.0 -9999.0 -9999.0 -9999.0 -9999.0 -9999.0 -9999.0 -9999.0