Borden_/Borden1m_014/output_maps/psiliqL0029N0019.asc
ncols         80
nrows         18
xllcorner     620200.000000
yllcorner     5168000.000000
cellsize      1.000000
NODATA_value  -9999.0
-9999.0 -9999.0 -9999.0 -9999.0 -9999.0 -9999.0 -9999.0 -9999.0 -9999.0 -9999.0 -9999.0 -9999.0 -9999.0 -9999.0 -9999.0 -9999.0 -9999.0 -9999.0 -9999.0 -9999.0 -9999.0 -9999.0 -9999.0 -9999.0 -9999.0 -9999.0 -9999.0 -9999.0 -9999.0 -9999.0 -9999.0 -9999.0 -9999.0 -9999.0 -9999.0 -9999.0 -9999.0 -9999.0 -9999.0 -9999.0 -9999.0 -9999.0 -9999.0 -9999.0 -9999.0 -9999.0 -9999.0 -9999.0 -9999.0 -9999.0 -9999.0 -9999.0 -9999.0 -9999.0 -9999.0 -9999.0 -9999.0 -9999.0 -9999.0 -9999.0 -9999.0 -9999.0 -9999.0 -9999.0 -9999.0 -9999.0 -9999.0 -9999.0 -9999.0 -9999.0 -9999.0 -9999.0 -9999.0 -9999.0 -9999.0 -9999.0 -9999.0 -9999.0 -9999.0 -9999.0
-9999.0 -9999.0 -9999.0 -9999.0 -9999.0 -9999.0 -9999.0 -9999.0 -9999.0 -9999.0 -9999.0 -9999.0 -9999.0 -9999.0 -9999.0 -9999.0 -9999.0 -9999.0 -9999.0 -9999.0 -9999.0 -9999.0 -9999.0 -9999.0 -9999.0 -9999.0 -9999.0 -9999.0 -9999.0 -9999.0 -9999.0 -9999.0 -9999.0 -9999.0 -9999.0 -9999.0 -9999.0 -9999.0 -9999.0 -9999.0 -9999.0 -9999.0 -9999.0 -9999.0 -9999.0 -9999.0 -9999.0 -9999.0 -9999.0 -9999.0 -9999.0 -9999.0 -9999.0 -9999.0 -9999.0 -9999.0 -9999.0 -9999.0 -9999.0 -9999.0 -9999.0 -9999.0 -9999.0 -9999.0 -9999.0 -9999.0 -9999.0 -9999.0 -9999.0 -9999.0 -9999.0 -9999.0 -9999.0 -9999.0 -9999.0 -9999.0 -9999.0 -9999.0 -9999.0 -9999.0
-9999.0 -9999.0 -9999.0 -9999.0 -9999.0 -9999.0 -9999.0 -9999.0 -9999.0 -9999.0 -9999.0 -9999.0 -9999.0 -9999.0 -9999.0 -9999.0 -9999.0 -9999.0 -9999.0 -9999.0 3925.068005 3925.622313 3904.003167 3869.686797 3841.235194 3842.814896 3875.156429 3915.458873 3954.169243 3960.731813 3941.149579 3945.076551 3940.483498 3934.988013 3934.475038 3942.300062 3949.407864 3958.651513 3965.191477 3962.385143 3954.693781 3949.693859 3952.859239 3954.100264 3960.588714 3945.173213 3961.662874 3978.201204 3982.739938 3980.530526 3957.514566 3946.432554 3938.727233 3923.223932 3950.440547 3962.225785 3986.056014 3990.985116 3989.120255 3962.679887 3932.778622 -9999.0 -9999.0 -9999.0 -9999.0 -9999.0 -9999.0 -9999.0 -9999.0 -9999.0 -9999.0 -9999.0 -9999.0 -9999.0 -9999.0 -9999.0 -9999.0 -9999.0 -9999.0 -9999.0
-9999.0 -9999.0 -9999.0 -9999.0 -9999.0 -9999.0 -9999.0 -9999.0 -9999.0 -9999.0 -9999.0 -9999.0 -9999.0 -9999.0 3835.110678 3826.450080 3823.356335 3830.142410 3862.105483 3892.170829 3903.560776 3895.882316 3895.398885 3870.116379 3846.406535 3858.346555 3887.330947 3917.196506 3950.008556 3966.368351 3955.226339 3952.272207 3958.236532 3976.051472 3982.625133 3978.621622 3961.396339 3985.847388 3998.370558 4001.698600 3999.350087 3989.145241 3996.784226 4010.347545 4003.184963 3988.353295 4000.762006 4016.529382 4026.843104 4020.049240 3963.338135 3953.225117 3950.479571 3947.355121 3934.812079 3931.894981 3961.375443 3961.223404 3954.643810 3937.988735 3904.865857 3859.694398 3841.057724 3882.602202 3926.637670 3983.111428 -9999.0 -9999.0 -9999.0 -9999.0 -9999.0 -9999.0 -9999.0 -9999.0 -9999.0 -9999.0 -9999.0 -9999.0 -9999.0 -9999.0
-9999.0 -9999.0 -9999.0 -9999.0 -9999.0 -9999.0 -9999.0 -9999.0 -9999.0 3777.814512 3783.985346 3790.634845 3792.893621 3807.599558 3803.806358 3810.335762 3813.196537 3840.161669 3868.868941 3901.593201 3927.756309 3918.159902 3916.095758 3918.007190 3909.655741 3916.018226 3935.817256 3971.486531 4000.519805 4034.391587 3999.516146 3993.777270 4010.733315 4050.397486 4070.642951 4071.032276 4052.088699 4071.117547 4094.317986 4108.416846 4104.321663 4097.476873 4124.024728 4139.819262 4131.488052 4109.130415 4110.688386 4120.049227 4150.316502 4099.363743 4032.960565 3997.701687 4016.602363 3997.605265 3974.798703 3966.297982 3968.233912 3989.068134 3978.472468 3945.666807 3913.487458 3901.922542 3885.679436 3908.237098 3932.264981 3979.185505 4019.774043 4050.144282 4049.744369 4032.710275 -9999.0 -9999.0 -9999.0 -9999.0 -9999.0 -9999.0 -9999.0 -9999.0 -9999.0 -9999.0
-9999.0 -9999.0 -9999.0 -9999.0 -9999.0 -9999.0 3699.406652 3709.991478 3730.598083 3732.361456 3758.800276 3763.170767 3781.164325 3797.396950 3818.797597 3830.194279 3853.409732 3882.144438 3916.458514 3952.222817 3978.293328 3964.737403 3968.866573 3985.179706 4008.422374 4024.465337 4046.589050 4084.287983 4156.566532 4192.368865 4181.258402 4181.170776 4189.160423 4240.182581 4304.385802 4314.147851 4293.289060 4280.720597 4305.731552 4344.238977 4340.774682 4339.413667 4353.874141 4365.333128 4392.360433 4380.414369 4344.523025 4341.187486 4350.180296 4324.921722 4252.849060 4196.678761 4181.251516 4133.846993 4049.162078 4009.211130 4037.846329 4068.405928 4048.643499 4000.140958 3969.958382 3966.061755 3956.286659 3951.403305 3965.829936 3990.075142 4014.653700 4029.381319 4017.959275 3997.371235 3976.184558 3948.357778 3951.375919 3976.400970 -9999.0 -9999.0 -9999.0 -9999.0 -9999.0 -9999.0
-9999.0 -9999.0 -9999.0 -9999.0 3650.328898 3662.916508 3647.023008 3673.093441 3704.381810 3737.322945 3763.203795 3793.103113 3814.741455 3840.081657 3870.831115 3889.103058 3918.353985 3946.384950 3991.748219 4051.188938 4093.880879 4104.805384 4112.271757 4162.436513 4218.280626 4264.423811 4283.199972 4309.701479 4357.897935 4415.012115 4436.786523 4438.843767 4455.855408 4501.797719 4561.105742 4597.106976 4578.957935 4569.402393 4580.865215 4596.357476 4618.532553 4618.552389 4619.711117 4624.517247 4633.084490 4630.711153 4602.749678 4568.686797 4555.488600 4544.731380 4503.461222 4429.423159 4400.712670 4370.382637 4323.411704 4267.382738 4224.277481 4229.382153 4173.824585 4117.774729 4070.273772 4065.522179 4047.449190 4033.460525 4018.667512 4033.273429 4047.061271 4033.032364 4003.376612 3974.691118 3962.287438 3945.147345 3933.847175 3965.438331 3983.511936 4012.817668 -9999.0 -9999.0 -9999.0 -9999.0
-9999.0 -9999.0 3591.910330 3635.916342 3692.503353 3697.341592 3688.070678 3689.496038 3714.659762 3762.526944 3821.139677 3854.398280 3879.474417 3908.969356 3957.465188 4015.241679 4072.910529 4115.109236 4174.114965 4244.538183 4303.903785 4330.029300 4338.029316 4374.406014 4430.718551 4503.109001 4532.350870 4559.812342 4593.164690 4631.610891 4618.029152 4627.857675 4641.471637 4657.124609 4674.767146 4683.330873 4677.945068 4673.226323 4654.355617 4648.698958 4655.087766 4664.063968 4662.353737 4647.287548 4643.288054 4658.693383 4665.587837 4663.060463 4659.421600 4663.706109 4656.801180 4605.310751 4593.219300 4577.120988 4563.903900 4516.331284 4447.763214 4416.648381 4393.594703 4350.795580 4276.405175 4241.315703 4203.159029 4170.141143 4134.507644 4124.249183 4093.923082 4063.007772 4025.243619 3985.202642 3966.893643 3953.471787 3953.563423 3954.356920 3972.538407 3988.335050 4004.410549 4012.534603 -9999.0 -9999.0
-9999.0 3480.193800 3550.370200 3669.980497 3746.386700 3780.455649 3782.151733 3779.554028 3803.864619 3838.226368 3920.522848 3960.652999 4043.309589 4082.578706 4121.944645 4212.059524 4309.102772 4354.087123 4395.027192 4462.344454 4531.058987 4579.557911 4606.607487 4576.892100 4618.890424 4653.970510 4663.858094 4672.176811 4673.543764 4664.894228 4658.965988 4665.418174 4662.151296 4642.336528 4625.659990 4623.674374 4620.127828 4596.254313 4568.287665 4552.166157 4552.925653 4578.589821 4564.953254 4543.303144 4538.776515 4560.866597 4583.288479 4572.226471 4558.883046 4575.660079 4611.072624 4637.625031 4636.345069 4655.565751 4676.843135 4646.700226 4627.173438 4581.691102 4564.215934 4538.333485 4479.846807 4424.842608 4376.055136 4327.822600 4276.103499 4228.893090 4181.804838 4134.988623 4082.681491 4050.419641 4027.005987 3985.784874 3974.894008 3982.359864 3978.256397 3977.029392 3983.759316 3990.392078 -9999.0 -9999.0
-9999.0 3378.748011 3515.995871 3690.741429 3831.284524 3866.973932 3918.001530 3968.515153 3979.896256 3918.466331 4020.404259 4240.580689 4371.586714 4391.502652 4470.337178 4569.945265 4543.869508 4576.616652 4601.259186 4632.383331 4657.299876 4673.461171 4672.217218 4667.583442 4650.680402 4642.579395 4641.588246 4639.335205 4621.442882 4602.043305 4584.905695 4581.285630 4562.466698 4510.432653 4476.258088 4457.701186 4436.579873 4423.813069 4397.270579 4370.698123 4353.015733 4361.571638 4361.331160 4348.835591 4344.447880 4361.883593 4392.904162 4392.310449 4406.176910 4426.224331 4461.856644 4501.279902 4520.872926 4550.631029 4586.843023 4636.783746 4644.071559 4666.907554 4669.349671 4661.039140 4612.903467 4560.151998 4530.228568 4473.853171 4414.146965 4352.315111 4302.759351 4257.877946 4202.196421 4168.966002 4130.583390 4077.217180 4036.554683 4032.046122 3999.661991 3988.069510 -9999.0 -9999.0 -9999.0 -9999.0
-9999.0 3268.951328 3444.864688 3676.835943 3976.113850 4038.440954 4243.287536 4358.281944 4395.855684 4465.749738 4321.504435 4548.621002 4608.269866 4605.039807 4627.162123 4631.405286 4646.457009 4645.426676 4640.316986 4629.022663 4619.050000 4614.180477 4613.245432 4605.257160 4592.458428 4577.640854 4565.480983 4553.581652 4515.942241 4483.164064 4441.815329 4428.717075 4381.036198 4287.616705 4248.955742 4208.453873 4145.038134 4148.905376 4159.432466 4135.994491 4115.800480 4085.004220 4116.949858 4129.828804 4134.823396 4128.332309 4136.454769 4167.518468 4217.619803 4252.756955 4291.695129 4340.314931 4371.517436 4411.076161 4450.524147 4503.417050 4535.476901 4564.815601 4615.273748 4652.654280 4675.720951 4660.665809 4643.569391 4597.029082 4536.049396 4486.268109 4456.462078 4404.848146 4360.908129 4317.613507 4271.122541 4218.377522 4156.755003 4108.763616 4075.854043 -9999.0 -9999.0 -9999.0 -9999.0 -9999.0
-9999.0 3032.437850 3293.994457 3551.450937 3813.946306 4163.428170 4351.476609 4441.997426 4507.350846 4497.217430 4527.111854 4531.736438 4569.599604 4577.900544 4556.678160 4541.907515 4522.994515 4521.904218 4535.082661 4507.111981 4476.037399 4462.241094 4463.246399 4452.577760 4428.167468 4413.332685 4404.156398 4385.044711 4341.771754 4290.388084 4204.288399 4166.939874 4085.714212 4050.933944 4015.829047 3968.866979 3925.519186 3932.664314 3959.247695 3951.630865 3931.287894 3914.752560 3945.047521 3967.008777 3980.738071 3963.358995 3969.692097 4004.210137 4050.623791 4091.130094 4134.682378 4182.564689 4225.042426 4263.548160 4282.895175 4320.841640 4363.360112 4405.411254 4476.499458 4556.992767 4594.367819 4629.938034 4657.753644 4680.147947 4636.606813 4611.260217 4586.821727 4562.490536 4515.348243 4469.420788 4428.819081 4362.666719 4303.077080 -9999.0 -9999.0 -9999.0 -9999.0 -9999.0 -9999.0 -9999.0
-9999.0 2925.353607 3107.718265 3284.762671 3520.633583 3749.123802 3982.995915 4073.051478 4144.695694 4228.376314 4289.133981 4329.403884 4355.235768 4377.472798 4355.095132 4307.260879 4274.115392 4279.407181 4269.055326 4248.757918 4221.395936 4208.857077 4205.870931 4201.513607 4180.923096 4171.478124 4165.263975 4147.686824 4123.676471 4070.635292 4000.686197 3926.383678 3874.263952 3858.201547 3837.610634 3812.537954 3788.741256 3803.018136 3815.643468 3816.886281 3811.870264 3813.273218 3842.306385 3862.570399 3871.960537 3861.560061 3879.661456 3901.964141 3937.860787 3976.672991 4020.884800 4070.554188 4118.644043 4137.370330 4137.347458 4146.182430 4172.168582 4214.491717 4290.456164 4377.067894 4457.466991 4504.092641 4555.740271 4596.819959 4626.272403 4648.798126 4673.045428 4667.519105 4640.392878 4606.319698 4546.009458 -9999.0 -9999.0 -9999.0 -9999.0 -9999.0 -9999.0 -9999.0 -9999.0 -9999.0
-9999.0 -9999.0 2884.824421 3024.717395 3103.977961 3256.181643 3392.218534 3496.869042 3602.579602 3753.802552 3882.598618 3980.372148 4028.530307 4044.444824 4031.251637 4004.712593 3988.990822 3988.447416 3976.188637 3971.368001 3958.970272 3954.552985 3942.266516 3935.185492 3933.259132 3934.388422 3933.236464 3926.189304 3911.205892 3871.554010 3838.576638 3796.630778 3752.843972 3733.015472 3716.791634 3702.049762 3708.643264 3703.857937 3709.732249 3713.521276 3724.484851 3739.486310 3758.690587 3781.793264 3791.498381 3802.255475 3812.594200 3833.546684 3862.557114 3902.211648 3953.100594 4007.610223 4042.989443 4048.780036 4029.035102 4021.888454 4027.485189 4053.883276 4114.034142 4181.684493 4273.035834 4339.652687 4406.990820 4464.000790 4491.395835 4527.807608 4599.909200 4648.076022 4692.858103 4670.325494 -9999.0 -9999.0 -9999.0 -9999.0 -9999.0 -9999.0 -9999.0 -9999.0 -9999.0 -9999.0
-9999.0 -9999.0 -9999.0 -9999.0 2882.701152 3020.905161 3114.808637 3188.884460 3322.510673 3455.306770 3562.367181 3651.310059 3723.419413 3750.040544 3753.724449 3775.204522 3775.859114 3765.572582 3754.323035 3761.659371 3769.131138 3763.692708 3746.158553 3741.078072 3747.132830 3757.412194 3757.338355 3746.403003 3730.025562 3720.799011 3712.467864 3685.021496 3655.968078 3631.077431 3621.453048 3621.087242 3622.704530 3615.510238 3624.555887 3634.803515 3651.474119 3666.808911 3690.303782 3720.368549 3735.502625 3750.100374 3758.104602 3775.661539 3803.688732 3854.666523 3915.989171 3972.405836 4006.269887 4005.981379 3976.583154 3953.622174 3939.306198 3954.778285 3981.258333 4029.326143 4117.766876 4179.604724 4222.992726 4260.198363 4296.546211 4363.414467 4460.962185 4543.810884 -9999.0 -9999.0 -9999.0 -9999.0 -9999.0 -9999.0 -9999.0 -9999.0 -9999.0 -9999.0 -9999.0 -9999.0
-9999.0 -9999.0 -9999.0 -9999.0 -9999.0 -9999.0 2860.049440 2966.216468 3021.082646 3177.721705 3328.415748 3438.062037 3522.799822 3560.910426 3598.476050 3630.803455 3632.602122 3611.687218 3588.836578 3612.361488 3634.394072 3628.167488 3595.096518 3598.258798 3607.527298 3616.780691 3615.976726 3612.468586 3590.643575 3612.316009 3621.113695 3601.639709 3579.444691 3570.013211 3560.754865 3572.554837 3574.024698 3560.321525 3559.259358 3588.384678 3610.271245 3623.226147 3643.963747 3677.203962 3709.718877 3725.479966 3725.938316 3729.737167 3764.766312 3832.164271 3903.005459 3958.162866 3989.113427 3993.265750 3961.806762 3916.160708 3889.061292 3886.414431 3908.814953 3945.727972 4005.052017 4039.622781 4047.288869 4044.416197 4053.871695 4155.789826 -9999.0 -9999.0 -9999.0 -9999.0 -9999.0 -9999.0 -9999.0 -9999.0 -9999.0 -9999.0 -9999.0 -9999.0 -9999.0 -9999.0
-9999.0 -9999.0 -9999.0 -9999.0 -9999.0 -9999.0 -9999.0 -9999.0 -9999.0 -9999.0 -9999.0 -9999.0 -9999.0 -9999.0 -9999.0 -9999.0 -9999.0 -9999.0 -9999.0 -9999.0 -9999.0 -9999.0 -9999.0 -9999.0 -9999.0 -9999.0 -9999.0 -9999.0 -9999.0 -9999.0 -9999.0 -9999.0 -9999.0 -9999.0 -9999.0 -9999.0 -9999.0 -9999.0 -9999.0 -9999.0 -9999.0 -9999.0 -9999.0 -9999.0 -9999.0 -9999.0 -9999.0 -9999.0 -9999.0 -9999.0 -9999.0 -9999.0 -9999.0 -9999.0 -9999.0 -9999.0 -9999.0 -9999.0 -9999.0 -9999.0 -9999.0 -9999.0 -9999.0 -9999.0 -9999.0 -9999.0 -9999.0 -9999.0 -9999.0 -9999.0 -9999.0 -9999.0 -9999.0 -9999.0 -9999.0 -9999.0 -9999.0 -9999.0 -9999.0 -9999.0
-9999.0 -9999.0 -9999.0 -9999.0 -9999.0 -9999.0 -9999.0 -9999.0 -9999.0 -9999.0 -9999.0 -9999.0 -9999.0 -9999.0 -9999.0 -9999.0 -9999.0 -9999.0 -9999.0 -9999.0 -9999.0 -9999.0 -9999.0 -9999.0 -9999.0 -9999.0 -9999.0 -9999.0 -9999.0 -9999.0 -9999.0 -9999.0 -9999.0 -9999.0 -9999.0 -9999.0 -9999.0 -9999.0 -9999.0 -9999.0 -9999.0 -9999.0 -9999.0 -9999.0 -9999.0 -9999.0 -9999.0 -9999.0 -9999.0 -9999.0 -9999.0 -9999.0 -9999.0 -9999.0 -9999.0 -9999.0 -9999.0 -9999.0 -9999.0 -9999.0 -9999.0 -9999.0 -9999.0 -9999.0 -9999.0 -9999.0 -9999.0 -9999.0 -9999.0 -9999.0 -9999.0 -9999.0 -9999.0 -9999.0 -9999.0 -9999.0 -9999.0 -9999.0 -9999.0 -9999.0