Borden_/Borden1m_014/output_maps/psiliqL0000N0005.asc
ncols         80
nrows         18
xllcorner     620200.000000
yllcorner     5168000.000000
cellsize      1.000000
NODATA_value  -9999.0
-9999.0 -9999.0 -9999.0 -9999.0 -9999.0 -9999.0 -9999.0 -9999.0 -9999.0 -9999.0 -9999.0 -9999.0 -9999.0 -9999.0 -9999.0 -9999.0 -9999.0 -9999.0 -9999.0 -9999.0 -9999.0 -9999.0 -9999.0 -9999.0 -9999.0 -9999.0 -9999.0 -9999.0 -9999.0 -9999.0 -9999.0 -9999.0 -9999.0 -9999.0 -9999.0 -9999.0 -9999.0 -9999.0 -9999.0 -9999.0 -9999.0 -9999.0 -9999.0 -9999.0 -9999.0 -9999.0 -9999.0 -9999.0 -9999.0 -9999.0 -9999.0 -9999.0 -9999.0 -9999.0 -9999.0 -9999.0 -9999.0 -9999.0 -9999.0 -9999.0 -9999.0 -9999.0 -9999.0 -9999.0 -9999.0 -9999.0 -9999.0 -9999.0 -9999.0 -9999.0 -9999.0 -9999.0 -9999.0 -9999.0 -9999.0 -9999.0 -9999.0 -9999.0 -9999.0 -9999.0
-9999.0 -9999.0 -9999.0 -9999.0 -9999.0 -9999.0 -9999.0 -9999.0 -9999.0 -9999.0 -9999.0 -9999.0 -9999.0 -9999.0 -9999.0 -9999.0 -9999.0 -9999.0 -9999.0 -9999.0 -9999.0 -9999.0 -9999.0 -9999.0 -9999.0 -9999.0 -9999.0 -9999.0 -9999.0 -9999.0 -9999.0 -9999.0 -9999.0 -9999.0 -9999.0 -9999.0 -9999.0 -9999.0 -9999.0 -9999.0 -9999.0 -9999.0 -9999.0 -9999.0 -9999.0 -9999.0 -9999.0 -9999.0 -9999.0 -9999.0 -9999.0 -9999.0 -9999.0 -9999.0 -9999.0 -9999.0 -9999.0 -9999.0 -9999.0 -9999.0 -9999.0 -9999.0 -9999.0 -9999.0 -9999.0 -9999.0 -9999.0 -9999.0 -9999.0 -9999.0 -9999.0 -9999.0 -9999.0 -9999.0 -9999.0 -9999.0 -9999.0 -9999.0 -9999.0 -9999.0
-9999.0 -9999.0 -9999.0 -9999.0 -9999.0 -9999.0 -9999.0 -9999.0 -9999.0 -9999.0 -9999.0 -9999.0 -9999.0 -9999.0 -9999.0 -9999.0 -9999.0 -9999.0 -9999.0 -9999.0 -531.003682 -529.792822 -531.898123 -534.205262 -536.291493 -536.665929 -534.411066 -532.041744 -529.300126 -528.947753 -531.507558 -530.694728 -531.776336 -532.544336 -532.742763 -532.022961 -531.620226 -530.804335 -530.353518 -530.749766 -531.486431 -531.930339 -532.475004 -532.433772 -531.490671 -532.747134 -531.045810 -529.547559 -529.139410 -528.889969 -530.622574 -531.205128 -531.379127 -533.487276 -529.741840 -528.950147 -526.606737 -526.526318 -525.861466 -528.470285 -531.079757 -9999.0 -9999.0 -9999.0 -9999.0 -9999.0 -9999.0 -9999.0 -9999.0 -9999.0 -9999.0 -9999.0 -9999.0 -9999.0 -9999.0 -9999.0 -9999.0 -9999.0 -9999.0 -9999.0
-9999.0 -9999.0 -9999.0 -9999.0 -9999.0 -9999.0 -9999.0 -9999.0 -9999.0 -9999.0 -9999.0 -9999.0 -9999.0 -9999.0 -533.889021 -535.224701 -535.878526 -536.507388 -534.470721 -533.069597 -533.379603 -534.758405 -533.407731 -535.899000 -538.195491 -536.841327 -535.209824 -534.222536 -532.230004 -530.636177 -532.327301 -532.757054 -531.991560 -529.030459 -528.000077 -528.776741 -532.811575 -529.051397 -527.563917 -526.605811 -526.719263 -528.546018 -526.263628 -523.578698 -525.071385 -527.913045 -527.214365 -525.741527 -523.171089 -523.893221 -532.757758 -532.932749 -532.194353 -531.671606 -532.927389 -533.936379 -530.210160 -530.985936 -531.427383 -531.563944 -533.212971 -536.436249 -538.014079 -534.364390 -531.706851 -525.824131 -9999.0 -9999.0 -9999.0 -9999.0 -9999.0 -9999.0 -9999.0 -9999.0 -9999.0 -9999.0 -9999.0 -9999.0 -9999.0 -9999.0
-9999.0 -9999.0 -9999.0 -9999.0 -9999.0 -9999.0 -9999.0 -9999.0 -9999.0 -535.448468 -535.920452 -535.595734 -536.647740 -535.548433 -537.819366 -537.398518 -537.979365 -536.571286 -535.760560 -534.081555 -531.477283 -533.720392 -534.060755 -532.658008 -532.808166 -532.694839 -532.013863 -528.230989 -524.394190 -517.377776 -524.237001 -524.605256 -522.160443 -513.167690 -504.629475 -501.858991 -507.349265 -507.584302 -501.262428 -491.357204 -490.964700 -491.583476 -483.961266 -479.763427 -476.142785 -481.967748 -489.641752 -494.479174 -485.636170 -500.625019 -513.991718 -523.762743 -520.855292 -525.078404 -529.758567 -531.187392 -531.997776 -527.803226 -529.056380 -532.257586 -534.891027 -533.378327 -535.149713 -533.432895 -532.717132 -528.360301 -524.725484 -521.067094 -520.898484 -523.323118 -9999.0 -9999.0 -9999.0 -9999.0 -9999.0 -9999.0 -9999.0 -9999.0 -9999.0 -9999.0
-9999.0 -9999.0 -9999.0 -9999.0 -9999.0 -9999.0 -537.162935 -537.439376 -536.783083 -539.681709 -538.010546 -539.507370 -538.379517 -538.088980 -537.496634 -537.832510 -536.166206 -534.931603 -532.733118 -529.884618 -527.167403 -529.422429 -528.801318 -524.831765 -518.293623 -513.010264 -509.404431 -501.956528 -475.804990 -458.006411 -451.071273 -448.667515 -444.435312 -413.197089 -333.837165 -276.692240 -339.606762 -368.468093 -338.362511 -27.509541 0.026103 0.034072 0.039369 0.039083 0.071820 0.051687 -14.009920 -255.189863 -311.351120 -332.084008 -400.567908 -445.077821 -464.093544 -480.405450 -504.955988 -518.744768 -517.762650 -513.432248 -518.238097 -525.504097 -529.557140 -528.927706 -529.523621 -531.362229 -530.398475 -528.808883 -526.194595 -524.439586 -525.661481 -527.153553 -527.952984 -530.937825 -530.348713 -527.420624 -9999.0 -9999.0 -9999.0 -9999.0 -9999.0 -9999.0
-9999.0 -9999.0 -9999.0 -9999.0 -541.012539 -539.823456 -543.596243 -541.615464 -540.258142 -539.372180 -539.856690 -538.241538 -538.163589 -537.214765 -534.949916 -533.772020 -530.930572 -529.077449 -522.949936 -511.821971 -501.085819 -494.047246 -488.691173 -465.969107 -435.527284 -395.840906 -377.363049 -337.423161 -36.896535 0.046979 0.069391 0.066147 0.072521 0.085848 0.119468 0.263339 0.130800 0.112801 0.138874 0.165815 0.345742 0.308408 0.352522 0.286136 0.366851 0.470440 0.193556 0.125796 0.122078 0.125460 0.097872 0.052804 0.040320 0.001017 -192.151702 -372.156301 -437.419517 -450.106751 -472.703084 -492.389049 -509.739182 -513.208388 -518.159437 -520.873251 -525.373237 -524.121956 -522.431622 -524.687127 -527.497189 -530.209436 -530.087914 -531.226876 -533.012607 -528.957925 -527.981811 -524.005121 -9999.0 -9999.0 -9999.0 -9999.0
-9999.0 -9999.0 -540.812651 -541.112076 -538.107068 -540.382183 -541.737428 -543.639037 -543.203035 -540.574644 -535.911986 -534.968322 -532.417904 -531.451490 -525.261695 -512.024683 -494.808649 -478.874909 -458.529209 -422.990648 -368.012833 -293.509267 -29.623555 0.025866 0.052311 0.090475 0.106198 0.125586 0.168372 0.238371 2.973353 18.675925 21.942966 18.988397 15.995104 15.598300 13.417758 9.973513 1.715542 2.249815 9.242420 11.549261 14.718752 2.684851 0.503662 5.295095 7.370418 8.166833 9.954944 18.697388 27.896035 1.025190 0.158822 0.157940 0.166736 0.092412 0.060164 0.042350 0.006141 -233.161100 -404.595463 -443.268292 -471.059710 -488.350343 -501.752725 -507.406383 -515.810182 -520.738344 -525.337671 -529.996306 -531.084458 -531.601623 -530.539277 -531.384598 -529.304641 -528.001237 -525.695705 -524.979555 -9999.0 -9999.0
-9999.0 -541.400890 -542.964925 -537.769658 -537.760787 -537.314232 -536.868481 -536.384398 -535.332148 -537.870463 -526.343685 -507.623717 -484.687927 -479.187902 -462.703812 -407.803476 -174.231097 0.002073 0.040731 0.064206 0.097136 0.145525 0.183316 1.673849 23.803567 20.670055 16.011993 15.898486 7.285018 1.132800 0.249209 0.836963 0.560524 0.271069 0.213416 0.294465 0.290625 0.196275 0.149382 0.114423 0.120330 0.248022 0.156977 0.101476 0.085747 0.141197 0.272752 0.178747 0.120007 0.160651 0.237665 0.287761 0.750407 8.288253 28.445640 6.361651 0.239306 0.163980 0.154900 0.112639 0.065914 0.012448 -220.282532 -390.456729 -438.508150 -474.312640 -492.007944 -504.447572 -516.122187 -520.268132 -522.622703 -529.204700 -530.502936 -528.482654 -529.369765 -529.448320 -528.568149 -527.944313 -9999.0 -9999.0
-9999.0 -547.122802 -542.111035 -537.275195 -532.070952 -533.698458 -518.501615 -497.683190 -492.412821 -501.807444 -471.246984 -52.395651 0.054241 0.041737 0.075395 0.146782 0.641896 12.521013 26.081390 16.461976 10.634765 12.565442 7.869697 0.683774 0.358467 0.309534 0.395643 0.385654 0.244968 0.204793 0.167778 0.218957 0.148064 0.091854 0.074644 0.074032 0.079739 0.065731 0.041618 0.000462 -196.520219 0.002441 -21.708228 -310.597224 -323.340265 -23.792602 0.063423 0.049750 0.044481 0.054029 0.070943 0.092433 0.098664 0.128058 0.171794 0.273272 0.850998 15.782146 22.229171 0.658780 0.199813 0.131107 0.109510 0.060589 -19.540950 -366.923209 -419.356376 -449.224509 -478.000670 -491.173731 -502.614935 -513.296384 -522.287818 -523.338614 -528.087738 -528.019202 -9999.0 -9999.0 -9999.0 -9999.0
-9999.0 -547.404156 -542.643568 -533.215554 -513.293726 -494.946517 -392.942707 -19.556790 0.051417 0.125001 0.215975 12.496523 19.303516 2.674415 0.448260 0.369015 0.472152 0.523738 0.354127 0.258260 0.232438 0.246249 0.284969 0.244605 0.225230 0.201237 0.183496 0.161308 0.100716 0.083855 0.066840 0.061378 -11.122998 -381.547595 -423.002724 -439.378080 -462.474384 -464.499446 -470.198524 -482.321606 -489.641547 -490.046111 -486.295226 -490.515262 -491.240341 -485.336903 -476.198241 -472.490578 -458.368741 -442.946646 -416.817985 -373.068332 -307.399313 -9.808572 0.052703 0.089438 0.109478 0.136078 0.201279 1.127921 20.526193 13.536044 0.303679 0.186228 0.112553 0.073390 0.057703 -24.212074 -332.833311 -402.560060 -438.448608 -471.153724 -492.313385 -510.291330 -516.001039 -9999.0 -9999.0 -9999.0 -9999.0 -9999.0
-9999.0 -555.392520 -542.332431 -534.921127 -502.912043 -341.482948 -80.987518 0.144520 6.831284 0.162952 0.070338 0.092675 0.196627 0.221391 0.136513 0.119860 0.094040 0.082077 0.161958 0.094957 0.075752 0.067876 0.098978 0.079891 0.065696 0.059555 0.050312 -15.085998 -346.913285 -404.429139 -452.150959 -457.515999 -482.185823 -504.502835 -512.630288 -519.535987 -526.835344 -526.316135 -523.100958 -525.493068 -528.025690 -531.011716 -527.487023 -526.069621 -524.528457 -526.625063 -526.413874 -522.126713 -515.328410 -509.145125 -499.682626 -486.243470 -472.753802 -446.792624 -425.951280 -380.949227 -264.431823 -0.335017 0.062629 0.135302 0.182071 0.243962 9.048504 27.038542 0.644159 0.200385 0.176820 0.136782 0.077962 0.047995 -21.640739 -350.436280 -423.227429 -9999.0 -9999.0 -9999.0 -9999.0 -9999.0 -9999.0 -9999.0
-9999.0 -559.617454 -545.313402 -544.138899 -530.411335 -507.720575 -467.890556 -417.763338 -357.573662 -371.095515 -359.166439 -304.047239 -16.525737 0.044184 -26.038907 -347.173172 -388.231751 -385.094144 -384.481364 -408.663258 -430.293344 -439.436663 -438.955764 -442.484442 -455.667065 -462.548298 -466.666742 -475.466347 -490.213007 -502.462193 -517.515089 -525.651004 -531.473889 -533.065626 -534.271394 -535.703249 -539.438056 -537.036673 -535.393865 -535.758617 -536.934848 -537.940663 -535.077970 -534.307323 -533.460158 -536.297117 -534.530081 -533.374692 -530.391756 -527.593945 -523.558936 -517.343942 -508.917361 -503.755680 -501.034399 -493.905484 -481.393356 -456.348826 -398.473365 -32.651991 0.058188 0.084396 0.131870 0.198208 0.235556 8.778243 18.128528 1.260551 0.224532 0.197521 0.171291 -9999.0 -9999.0 -9999.0 -9999.0 -9999.0 -9999.0 -9999.0 -9999.0 -9999.0
-9999.0 -9999.0 -562.725362 -557.086605 -552.310033 -547.862827 -541.728279 -536.567477 -533.684553 -525.758751 -514.395623 -501.562904 -490.082725 -485.252044 -492.320015 -506.066679 -511.873193 -510.922113 -512.360330 -514.673225 -519.052880 -519.791553 -520.809752 -521.421914 -523.345482 -524.121764 -524.365715 -524.967197 -526.526001 -530.643677 -534.029330 -536.336581 -539.336327 -538.758304 -539.090432 -540.201046 -538.933050 -539.234056 -538.939788 -539.148617 -538.851425 -538.317193 -537.811952 -537.015887 -537.111164 -536.883804 -536.715728 -535.969842 -534.868062 -533.511278 -530.503353 -525.905570 -522.540454 -521.891783 -524.161358 -523.685964 -521.257936 -515.698320 -498.076838 -468.625256 -423.802394 -357.244519 -13.039998 0.065717 0.079014 0.105430 0.176181 0.717372 0.859866 0.360632 -9999.0 -9999.0 -9999.0 -9999.0 -9999.0 -9999.0 -9999.0 -9999.0 -9999.0 -9999.0
-9999.0 -9999.0 -9999.0 -9999.0 -565.353656 -557.260800 -549.711310 -550.769802 -545.603531 -542.793875 -540.456014 -537.662755 -535.384800 -533.778464 -536.069279 -536.306220 -536.542045 -536.081279 -536.464638 -536.944829 -537.030850 -537.277332 -537.520034 -537.998686 -537.692631 -537.125533 -536.920420 -537.755691 -537.495649 -539.030689 -538.892835 -539.639132 -540.398369 -541.487848 -541.097897 -541.170707 -540.574674 -541.184076 -540.280686 -540.897879 -540.269364 -540.068507 -539.394651 -538.212328 -538.900951 -538.220682 -538.309648 -537.496067 -537.538963 -535.585225 -532.342036 -528.620179 -526.161652 -526.418099 -530.076690 -531.386241 -532.420989 -530.345424 -527.293897 -520.031175 -501.763197 -483.832064 -454.455823 -424.384983 -390.189629 -48.190597 0.069659 0.156070 -9999.0 -9999.0 -9999.0 -9999.0 -9999.0 -9999.0 -9999.0 -9999.0 -9999.0 -9999.0 -9999.0 -9999.0
-9999.0 -9999.0 -9999.0 -9999.0 -9999.0 -9999.0 -561.678921 -557.575548 -558.955481 -555.906332 -553.266085 -551.337943 -548.300068 -548.856230 -547.912719 -545.351126 -545.664949 -546.821729 -548.336195 -546.053435 -545.041601 -544.764139 -547.206876 -546.441618 -546.173825 -545.238322 -545.338317 -544.840331 -546.902863 -544.241231 -542.909992 -543.245857 -543.558017 -542.955170 -543.464950 -541.826497 -541.630695 -542.921017 -543.345643 -541.538612 -541.102622 -541.474249 -541.266662 -540.209606 -538.567454 -538.420288 -539.304220 -540.600178 -539.161641 -535.756335 -532.232775 -529.327330 -527.471099 -526.674811 -529.523869 -533.628927 -535.727266 -536.246351 -534.932342 -532.443157 -525.524121 -521.163623 -517.889243 -515.173834 -511.084423 -480.923719 -9999.0 -9999.0 -9999.0 -9999.0 -9999.0 -9999.0 -9999.0 -9999.0 -9999.0 -9999.0 -9999.0 -9999.0 -9999.0 -9999.0
-9999.0 -9999.0 -9999.0 -9999.0 -9999.0 -9999.0 -9999.0 -9999.0 -9999.0 -9999.0 -9999.0 -9999.0 -9999.0 -9999.0 -9999.0 -9999.0 -9999.0 -9999.0 -9999.0 -9999.0 -9999.0 -9999.0 -9999.0 -9999.0 -9999.0 -9999.0 -9999.0 -9999.0 -9999.0 -9999.0 -9999.0 -9999.0 -9999.0 -9999.0 -9999.0 -9999.0 -9999.0 -9999.0 -9999.0 -9999.0 -9999.0 -9999.0 -9999.0 -9999.0 -9999.0 -9999.0 -9999.0 -9999.0 -9999.0 -9999.0 -9999.0 -9999.0 -9999.0 -9999.0 -9999.0 -9999.0 -9999.0 -9999.0 -9999.0 -9999.0 -9999.0 -9999.0 -9999.0 -9999.0 -9999.0 -9999.0 -9999.0 -9999.0 -9999.0 -9999.0 -9999.0 -9999.0 -9999.0 -9999.0 -9999.0 -9999.0 -9999.0 -9999.0 -9999.0 -9999.0
-9999.0 -9999.0 -9999.0 -9999.0 -9999.0 -9999.0 -9999.0 -9999.0 -9999.0 -9999.0 -9999.0 -9999.0 -9999.0 -9999.0 -9999.0 -9999.0 -9999.0 -9999.0 -9999.0 -9999.0 -9999.0 -9999.0 -9999.0 -9999.0 -9999.0 -9999.0 -9999.0 -9999.0 -9999.0 -9999.0 -9999.0 -9999.0 -9999.0 -9999.0 -9999.0 -9999.0 -9999.0 -9999.0 -9999.0 -9999.0 -9999.0 -9999.0 -9999.0 -9999.0 -9999.0 -9999.0 -9999.0 -9999.0 -9999.0 -9999.0 -9999.0 -9999.0 -9999.0 -9999.0 -9999.0 -9999.0 -9999.0 -9999.0 -9999.0 -9999.0 -9999.0 -9999.0 -9999.0 -9999.0 -9999.0 -9999.0 -9999.0 -9999.0 -9999.0 -9999.0 -9999.0 -9999.0 -9999.0 -9999.0 -9999.0 -9999.0 -9999.0 -9999.0 -9999.0 -9999.0