Borden_/Borden1m_014/output_maps/psiliqL0026N0026.asc
ncols         80
nrows         18
xllcorner     620200.000000
yllcorner     5168000.000000
cellsize      1.000000
NODATA_value  -9999.0
-9999.0 -9999.0 -9999.0 -9999.0 -9999.0 -9999.0 -9999.0 -9999.0 -9999.0 -9999.0 -9999.0 -9999.0 -9999.0 -9999.0 -9999.0 -9999.0 -9999.0 -9999.0 -9999.0 -9999.0 -9999.0 -9999.0 -9999.0 -9999.0 -9999.0 -9999.0 -9999.0 -9999.0 -9999.0 -9999.0 -9999.0 -9999.0 -9999.0 -9999.0 -9999.0 -9999.0 -9999.0 -9999.0 -9999.0 -9999.0 -9999.0 -9999.0 -9999.0 -9999.0 -9999.0 -9999.0 -9999.0 -9999.0 -9999.0 -9999.0 -9999.0 -9999.0 -9999.0 -9999.0 -9999.0 -9999.0 -9999.0 -9999.0 -9999.0 -9999.0 -9999.0 -9999.0 -9999.0 -9999.0 -9999.0 -9999.0 -9999.0 -9999.0 -9999.0 -9999.0 -9999.0 -9999.0 -9999.0 -9999.0 -9999.0 -9999.0 -9999.0 -9999.0 -9999.0 -9999.0
-9999.0 -9999.0 -9999.0 -9999.0 -9999.0 -9999.0 -9999.0 -9999.0 -9999.0 -9999.0 -9999.0 -9999.0 -9999.0 -9999.0 -9999.0 -9999.0 -9999.0 -9999.0 -9999.0 -9999.0 -9999.0 -9999.0 -9999.0 -9999.0 -9999.0 -9999.0 -9999.0 -9999.0 -9999.0 -9999.0 -9999.0 -9999.0 -9999.0 -9999.0 -9999.0 -9999.0 -9999.0 -9999.0 -9999.0 -9999.0 -9999.0 -9999.0 -9999.0 -9999.0 -9999.0 -9999.0 -9999.0 -9999.0 -9999.0 -9999.0 -9999.0 -9999.0 -9999.0 -9999.0 -9999.0 -9999.0 -9999.0 -9999.0 -9999.0 -9999.0 -9999.0 -9999.0 -9999.0 -9999.0 -9999.0 -9999.0 -9999.0 -9999.0 -9999.0 -9999.0 -9999.0 -9999.0 -9999.0 -9999.0 -9999.0 -9999.0 -9999.0 -9999.0 -9999.0 -9999.0
-9999.0 -9999.0 -9999.0 -9999.0 -9999.0 -9999.0 -9999.0 -9999.0 -9999.0 -9999.0 -9999.0 -9999.0 -9999.0 -9999.0 -9999.0 -9999.0 -9999.0 -9999.0 -9999.0 -9999.0 3325.249066 3326.133477 3304.336807 3270.054227 3241.590193 3243.145649 3275.738358 3316.003574 3354.437102 3361.465895 3342.071336 3345.586258 3340.868976 3336.069804 3335.999462 3343.515242 3349.970295 3359.482205 3366.243339 3363.765371 3356.277559 3351.168106 3353.680133 3355.220466 3361.488654 3347.047581 3363.107106 3379.325131 3384.157096 3381.636115 3358.306625 3346.680298 3339.022181 3323.778409 3350.662723 3362.623350 3386.306287 3391.225404 3389.537563 3363.168688 3333.315744 -9999.0 -9999.0 -9999.0 -9999.0 -9999.0 -9999.0 -9999.0 -9999.0 -9999.0 -9999.0 -9999.0 -9999.0 -9999.0 -9999.0 -9999.0 -9999.0 -9999.0 -9999.0 -9999.0
-9999.0 -9999.0 -9999.0 -9999.0 -9999.0 -9999.0 -9999.0 -9999.0 -9999.0 -9999.0 -9999.0 -9999.0 -9999.0 -9999.0 3235.491465 3226.580501 3223.435608 3230.386870 3262.495890 3292.443714 3303.967789 3296.252902 3295.763633 3270.677245 3247.412934 3259.545720 3288.418433 3318.307430 3351.100928 3367.887533 3356.473509 3353.486657 3359.991864 3378.884829 3386.452741 3382.575511 3364.973599 3388.911103 3401.840294 3405.936640 3403.733940 3393.733130 3402.256412 3416.116955 3409.035517 3393.918653 3405.105351 3420.301754 3431.219402 3423.471731 3366.113974 3354.674879 3352.047271 3348.609737 3336.136339 3332.834306 3361.717355 3361.822314 3355.130354 3338.431062 3305.564746 3260.651829 3242.221921 3283.363733 3327.492880 3384.153168 -9999.0 -9999.0 -9999.0 -9999.0 -9999.0 -9999.0 -9999.0 -9999.0 -9999.0 -9999.0 -9999.0 -9999.0 -9999.0 -9999.0
-9999.0 -9999.0 -9999.0 -9999.0 -9999.0 -9999.0 -9999.0 -9999.0 -9999.0 3178.892336 3184.226398 3190.865468 3192.972868 3207.724421 3204.173962 3210.675365 3214.156033 3240.851050 3269.729885 3302.619897 3329.014901 3319.263822 3317.409154 3320.617476 3314.264522 3321.367219 3341.081280 3376.963033 3407.420019 3442.006131 3407.990380 3402.667162 3419.756675 3460.485027 3482.885612 3484.395942 3465.594389 3482.393506 3505.632232 3520.891185 3517.132463 3510.900673 3536.781236 3551.988763 3545.598552 3524.060993 3523.270782 3531.163007 3560.683127 3510.350642 3444.905798 3407.474515 3424.173594 3403.834799 3378.819342 3368.737709 3370.124073 3391.127906 3380.088457 3346.971501 3314.396581 3303.282992 3287.139742 3308.904766 3332.830340 3379.776788 3420.126934 3450.348519 3450.162481 3433.182475 -9999.0 -9999.0 -9999.0 -9999.0 -9999.0 -9999.0 -9999.0 -9999.0 -9999.0 -9999.0
-9999.0 -9999.0 -9999.0 -9999.0 -9999.0 -9999.0 3100.541787 3110.851617 3131.300392 3133.580105 3159.664336 3164.419980 3182.052806 3198.590197 3219.712483 3231.740243 3255.842989 3284.876364 3319.934543 3356.581153 3383.135568 3370.822902 3375.404985 3393.833878 3419.510341 3437.498638 3459.493304 3496.672708 3568.361266 3604.226888 3596.098178 3596.584578 3604.638003 3654.867696 3718.678747 3729.360133 3708.694696 3695.695044 3719.414060 3756.887143 3754.734839 3753.500086 3766.740841 3777.620764 3804.441445 3793.452473 3757.621372 3752.590573 3759.648302 3736.731936 3667.674207 3610.960197 3592.974734 3546.609818 3463.748188 3421.831048 3446.603472 3475.274940 3454.412137 3405.714521 3374.325612 3369.742125 3359.531885 3353.559035 3366.895452 3390.551664 3415.127589 3429.562143 3418.186270 3397.767190 3376.471783 3348.624904 3351.529482 3376.658507 -9999.0 -9999.0 -9999.0 -9999.0 -9999.0 -9999.0
-9999.0 -9999.0 -9999.0 -9999.0 3051.396790 3063.936091 3048.656691 3074.334748 3105.673661 3138.581189 3165.266580 3195.314461 3217.487547 3243.208877 3275.227074 3295.970010 3326.825819 3355.388550 3401.447097 3461.637043 3505.045258 3517.605281 3525.510077 3575.956614 3631.795253 3678.430410 3696.942641 3722.724040 3768.640736 3825.055203 3847.160923 3849.803812 3866.712398 3910.261760 3966.855346 4002.057983 3984.354545 3975.268648 3985.517649 3999.955353 4022.100419 4022.161911 4023.285268 4027.504119 4035.270897 4033.434281 4006.686475 3973.194549 3960.222750 3950.048042 3911.648114 3839.413487 3809.493239 3780.491957 3737.506888 3683.298521 3636.783593 3638.680644 3584.290999 3529.580632 3480.468262 3473.404465 3453.942756 3438.790273 3422.250371 3435.265216 3447.858156 3433.365150 3403.895673 3375.048401 3362.467642 3345.263318 3334.245453 3365.669476 3383.741932 3413.340309 -9999.0 -9999.0 -9999.0 -9999.0
-9999.0 -9999.0 2993.071335 3037.887992 3094.317853 3099.647618 3091.984595 3093.866982 3119.201711 3167.317164 3227.519918 3263.077672 3290.513808 3319.742544 3369.106795 3429.743701 3488.609325 3530.488522 3588.073610 3657.098021 3715.909582 3742.432475 3751.048461 3786.579245 3841.340048 3910.754938 3938.895774 3965.457059 3997.414328 4034.101405 4025.367637 4035.951830 4048.506129 4061.595878 4076.866272 4084.158536 4079.225265 4074.607995 4056.006764 4050.773382 4057.246809 4065.379823 4064.297772 4049.576429 4045.601371 4060.647248 4066.958302 4064.823664 4061.896102 4066.721297 4061.930442 4013.195163 3996.258577 3980.931492 3969.051286 3922.734074 3855.842099 3823.702958 3802.094638 3760.962108 3687.623478 3650.693395 3611.773288 3577.607815 3540.733488 3528.256677 3496.501643 3464.902280 3426.682844 3386.369798 3367.709889 3353.818741 3353.769227 3354.690160 3372.680824 3388.531416 3404.584889 3412.702211 -9999.0 -9999.0
-9999.0 2884.757834 2955.448250 3074.452317 3151.072361 3186.047573 3192.849057 3194.331321 3218.278043 3249.546518 3334.556219 3382.395884 3464.519237 3501.495538 3541.421591 3630.967090 3725.187424 3768.510977 3807.490466 3871.396659 3937.334705 3984.521037 4010.898414 3988.951839 4028.681407 4058.853716 4067.122821 4074.250265 4074.391871 4065.865964 4059.430560 4066.075940 4063.071962 4043.801438 4027.641210 4025.855876 4022.432593 3999.037066 3971.448445 3955.889171 3957.193631 3982.255970 3969.057427 3947.643688 3943.212148 3964.933625 3986.447858 3975.705683 3962.532969 3979.137639 4013.847014 4038.944421 4039.844048 4058.447499 4079.579499 4050.421439 4029.264461 3985.224862 3968.248773 3942.781735 3885.759132 3830.967269 3782.879913 3734.569225 3682.493647 3633.997419 3586.706825 3539.811215 3487.002165 3454.572233 3430.648856 3388.381257 3376.136181 3383.005540 3378.387491 3377.107873 3383.905826 3390.553876 -9999.0 -9999.0
-9999.0 2787.795275 2926.063523 3100.484565 3241.175238 3279.863914 3339.115527 3392.877439 3405.462888 3349.270334 3449.431040 3665.829655 3788.010201 3805.513187 3881.104703 3976.379343 3958.300195 3989.720324 4013.005818 4039.186199 4060.225197 4074.662247 4072.971844 4067.841400 4051.308527 4043.293354 4042.401529 4040.277435 4022.823751 4003.818404 3986.978057 3983.775547 3965.743929 3916.063861 3882.775145 3865.219488 3846.064877 3832.712374 3805.561624 3779.550464 3762.970505 3773.209240 3771.575372 3758.192795 3753.777868 3771.827488 3802.702282 3800.856191 3812.787169 3832.417352 3867.855915 3906.089805 3925.362875 3954.501615 3990.151237 4038.268597 4046.923211 4069.384994 4072.281138 4061.987009 4015.325102 3963.717571 3934.306377 3878.928386 3819.416412 3757.772079 3708.963748 3664.397083 3609.349843 3575.580597 3536.690505 3483.438620 3441.069706 3433.999982 3400.978872 3388.244802 -9999.0 -9999.0 -9999.0 -9999.0
-9999.0 2691.266057 2862.962559 3097.511747 3389.578325 3459.006076 3659.578667 3773.060214 3811.337608 3878.531626 3757.622904 3965.134362 4018.343767 4013.450864 4029.571668 4032.827511 4047.152899 4046.488733 4041.409600 4030.379071 4020.770410 4016.182470 4015.130498 4007.213031 3994.578218 3979.948927 3968.029128 3956.568072 3919.869014 3887.891415 3848.544574 3836.031406 3791.281002 3699.529177 3660.961300 3622.388159 3561.537486 3564.238015 3572.043280 3548.321702 3528.772464 3500.484084 3530.246968 3541.156210 3545.391226 3540.686596 3550.136284 3578.803636 3626.629613 3660.861062 3699.569352 3747.372387 3777.750497 3816.807328 3856.473522 3908.713420 3939.875751 3968.745618 4017.699013 4054.717033 4077.454725 4063.360211 4044.868653 4000.102679 3939.885875 3890.585994 3861.634156 3811.192521 3767.751589 3724.369243 3678.080382 3625.512235 3564.255095 3512.165911 3478.590282 -9999.0 -9999.0 -9999.0 -9999.0 -9999.0
-9999.0 2467.050761 2730.784356 2983.722114 3254.253399 3595.341167 3767.168073 3860.791727 3923.946368 3907.034552 3930.534168 3936.807577 3973.902525 3981.188248 3959.794782 3945.916892 3928.254475 3927.165435 3940.232638 3912.877967 3882.609648 3869.257380 3870.164090 3859.475698 3835.625032 3820.767554 3811.514898 3793.051349 3750.097103 3700.044809 3616.204160 3581.776221 3503.330679 3465.451585 3429.597761 3383.175136 3339.402703 3345.456989 3370.381453 3361.817836 3341.400298 3324.662857 3354.134759 3374.898505 3388.113495 3371.777727 3378.277266 3412.403722 3458.479702 3498.489207 3541.875701 3589.391832 3630.945280 3669.798172 3690.421614 3729.476791 3771.407540 3812.841390 3882.826570 3961.158240 3997.074219 4031.690534 4060.556051 4082.462476 4039.588829 4013.325899 3989.617038 3966.178690 3920.019939 3874.673787 3834.133527 3769.576949 3710.058731 -9999.0 -9999.0 -9999.0 -9999.0 -9999.0 -9999.0 -9999.0
-9999.0 2355.241530 2547.614930 2737.839339 2969.011001 3195.917503 3417.312939 3507.356754 3577.413902 3649.342855 3703.525195 3741.300635 3767.060255 3788.609406 3766.033110 3719.990737 3687.785092 3692.781548 3683.807452 3662.977039 3635.508746 3622.789747 3620.222395 3615.640600 3594.696210 3584.726451 3578.217766 3560.533655 3535.646069 3483.436360 3412.908071 3340.588964 3287.836645 3269.425142 3247.759886 3221.790481 3196.056616 3209.876019 3222.817917 3223.267490 3217.231419 3217.786977 3246.829066 3266.728753 3276.146753 3265.292982 3283.303418 3306.061344 3342.476603 3381.133461 3425.222429 3474.701799 3522.531991 3542.086659 3543.648993 3554.539542 3581.583975 3624.357341 3700.234450 3785.958054 3863.515207 3908.925482 3959.641552 3999.611809 4027.757421 4052.595501 4075.017422 4068.098397 4042.138639 4008.788310 3950.071181 -9999.0 -9999.0 -9999.0 -9999.0 -9999.0 -9999.0 -9999.0 -9999.0 -9999.0
-9999.0 -9999.0 2322.185868 2473.596944 2568.919629 2730.987112 2851.117076 2956.201928 3048.653577 3188.474832 3310.601254 3403.791489 3450.031182 3465.579242 3451.830333 3423.759739 3406.835591 3406.458812 3394.790929 3388.854457 3375.046627 3370.146758 3358.649905 3351.650867 3348.304461 3348.389812 3346.813439 3339.439039 3323.697600 3283.439799 3247.997815 3204.935112 3160.961184 3140.491886 3123.499146 3107.649644 3112.781950 3108.455826 3114.469007 3117.881775 3128.009338 3142.504245 3161.891595 3183.992610 3193.593374 3203.740632 3214.312842 3235.519213 3264.929768 3304.500368 3355.233937 3409.354189 3444.621393 3450.851351 3432.235829 3426.542464 3433.901655 3461.931854 3524.203918 3592.590685 3681.992484 3747.283602 3814.025528 3869.905291 3896.549111 3932.931259 4003.162776 4051.190388 4093.657934 4071.255435 -9999.0 -9999.0 -9999.0 -9999.0 -9999.0 -9999.0 -9999.0 -9999.0 -9999.0 -9999.0
-9999.0 -9999.0 -9999.0 -9999.0 2334.199887 2480.862285 2578.398940 2658.460201 2793.784273 2896.233360 2992.142545 3078.329985 3147.197941 3171.669899 3173.016306 3190.554852 3189.957771 3180.687903 3169.902046 3175.429409 3181.076657 3175.408954 3160.298112 3154.915610 3160.003615 3169.300179 3168.978273 3157.816965 3141.617511 3129.862205 3119.317108 3090.825790 3060.705300 3035.290963 3025.188892 3023.862599 3025.279827 3018.343806 3027.452677 3037.076787 3053.460982 3068.790480 3092.328765 3122.069244 3136.788385 3151.291528 3159.512993 3177.488862 3205.085556 3256.089865 3317.265567 3373.268004 3406.675573 3406.588858 3377.448476 3355.180457 3342.061682 3358.756189 3387.206317 3437.143411 3525.766874 3587.496242 3632.296281 3670.646266 3706.876918 3772.025867 3866.676680 3947.989998 -9999.0 -9999.0 -9999.0 -9999.0 -9999.0 -9999.0 -9999.0 -9999.0 -9999.0 -9999.0 -9999.0 -9999.0
-9999.0 -9999.0 -9999.0 -9999.0 -9999.0 -9999.0 2312.198568 2418.650179 2485.478662 2641.061532 2789.248941 2866.237482 2949.456656 2985.794854 3010.345241 3041.030468 3041.894912 3021.612172 2999.737037 3022.178771 3042.336888 3036.335646 3004.209006 3006.704517 3015.112323 3024.363835 3023.515920 3019.659959 2997.462741 3017.125206 3024.418352 3004.465927 2981.796525 2976.550050 2966.645974 2977.836238 2978.934549 2965.204265 2964.491131 2989.533544 3011.036497 3024.047871 3045.022570 3078.202776 3110.592540 3126.097928 3126.603598 3130.720027 3166.603057 3233.688925 3304.170421 3358.768964 3389.309271 3393.612939 3362.387939 3317.130399 3290.470523 3288.671724 3312.143503 3350.526914 3410.972022 3446.494344 3456.561896 3456.514017 3467.869253 3567.499944 -9999.0 -9999.0 -9999.0 -9999.0 -9999.0 -9999.0 -9999.0 -9999.0 -9999.0 -9999.0 -9999.0 -9999.0 -9999.0 -9999.0
-9999.0 -9999.0 -9999.0 -9999.0 -9999.0 -9999.0 -9999.0 -9999.0 -9999.0 -9999.0 -9999.0 -9999.0 -9999.0 -9999.0 -9999.0 -9999.0 -9999.0 -9999.0 -9999.0 -9999.0 -9999.0 -9999.0 -9999.0 -9999.0 -9999.0 -9999.0 -9999.0 -9999.0 -9999.0 -9999.0 -9999.0 -9999.0 -9999.0 -9999.0 -9999.0 -9999.0 -9999.0 -9999.0 -9999.0 -9999.0 -9999.0 -9999.0 -9999.0 -9999.0 -9999.0 -9999.0 -9999.0 -9999.0 -9999.0 -9999.0 -9999.0 -9999.0 -9999.0 -9999.0 -9999.0 -9999.0 -9999.0 -9999.0 -9999.0 -9999.0 -9999.0 -9999.0 -9999.0 -9999.0 -9999.0 -9999.0 -9999.0 -9999.0 -9999.0 -9999.0 -9999.0 -9999.0 -9999.0 -9999.0 -9999.0 -9999.0 -9999.0 -9999.0 -9999.0 -9999.0
-9999.0 -9999.0 -9999.0 -9999.0 -9999.0 -9999.0 -9999.0 -9999.0 -9999.0 -9999.0 -9999.0 -9999.0 -9999.0 -9999.0 -9999.0 -9999.0 -9999.0 -9999.0 -9999.0 -9999.0 -9999.0 -9999.0 -9999.0 -9999.0 -9999.0 -9999.0 -9999.0 -9999.0 -9999.0 -9999.0 -9999.0 -9999.0 -9999.0 -9999.0 -9999.0 -9999.0 -9999.0 -9999.0 -9999.0 -9999.0 -9999.0 -9999.0 -9999.0 -9999.0 -9999.0 -9999.0 -9999.0 -9999.0 -9999.0 -9999.0 -9999.0 -9999.0 -9999.0 -9999.0 -9999.0 -9999.0 -9999.0 -9999.0 -9999.0 -9999.0 -9999.0 -9999.0 -9999.0 -9999.0 -9999.0 -9999.0 -9999.0 -9999.0 -9999.0 -9999.0 -9999.0 -9999.0 -9999.0 -9999.0 -9999.0 -9999.0 -9999.0 -9999.0 -9999.0 -9999.0