Borden_/Borden1m_014/output_maps/psiliqL0025N0011.asc
ncols         80
nrows         18
xllcorner     620200.000000
yllcorner     5168000.000000
cellsize      1.000000
NODATA_value  -9999.0
-9999.0 -9999.0 -9999.0 -9999.0 -9999.0 -9999.0 -9999.0 -9999.0 -9999.0 -9999.0 -9999.0 -9999.0 -9999.0 -9999.0 -9999.0 -9999.0 -9999.0 -9999.0 -9999.0 -9999.0 -9999.0 -9999.0 -9999.0 -9999.0 -9999.0 -9999.0 -9999.0 -9999.0 -9999.0 -9999.0 -9999.0 -9999.0 -9999.0 -9999.0 -9999.0 -9999.0 -9999.0 -9999.0 -9999.0 -9999.0 -9999.0 -9999.0 -9999.0 -9999.0 -9999.0 -9999.0 -9999.0 -9999.0 -9999.0 -9999.0 -9999.0 -9999.0 -9999.0 -9999.0 -9999.0 -9999.0 -9999.0 -9999.0 -9999.0 -9999.0 -9999.0 -9999.0 -9999.0 -9999.0 -9999.0 -9999.0 -9999.0 -9999.0 -9999.0 -9999.0 -9999.0 -9999.0 -9999.0 -9999.0 -9999.0 -9999.0 -9999.0 -9999.0 -9999.0 -9999.0
-9999.0 -9999.0 -9999.0 -9999.0 -9999.0 -9999.0 -9999.0 -9999.0 -9999.0 -9999.0 -9999.0 -9999.0 -9999.0 -9999.0 -9999.0 -9999.0 -9999.0 -9999.0 -9999.0 -9999.0 -9999.0 -9999.0 -9999.0 -9999.0 -9999.0 -9999.0 -9999.0 -9999.0 -9999.0 -9999.0 -9999.0 -9999.0 -9999.0 -9999.0 -9999.0 -9999.0 -9999.0 -9999.0 -9999.0 -9999.0 -9999.0 -9999.0 -9999.0 -9999.0 -9999.0 -9999.0 -9999.0 -9999.0 -9999.0 -9999.0 -9999.0 -9999.0 -9999.0 -9999.0 -9999.0 -9999.0 -9999.0 -9999.0 -9999.0 -9999.0 -9999.0 -9999.0 -9999.0 -9999.0 -9999.0 -9999.0 -9999.0 -9999.0 -9999.0 -9999.0 -9999.0 -9999.0 -9999.0 -9999.0 -9999.0 -9999.0 -9999.0 -9999.0 -9999.0 -9999.0
-9999.0 -9999.0 -9999.0 -9999.0 -9999.0 -9999.0 -9999.0 -9999.0 -9999.0 -9999.0 -9999.0 -9999.0 -9999.0 -9999.0 -9999.0 -9999.0 -9999.0 -9999.0 -9999.0 -9999.0 3125.314483 3126.309445 3104.454386 3070.184048 3041.717091 3043.266060 3075.944585 3116.199860 3154.543900 3161.730753 3142.400729 3145.779328 3141.020709 3136.453221 3136.529903 3143.942399 3150.179871 3159.782465 3166.619330 3164.253635 3156.836681 3151.693465 3153.989901 3155.631506 3161.826711 3147.709550 3163.624795 3179.692576 3184.623623 3181.998079 3158.592628 3146.781882 3139.137551 3123.978439 3150.750129 3162.768113 3186.384962 3191.301805 3189.672771 3163.336904 3133.498826 -9999.0 -9999.0 -9999.0 -9999.0 -9999.0 -9999.0 -9999.0 -9999.0 -9999.0 -9999.0 -9999.0 -9999.0 -9999.0 -9999.0 -9999.0 -9999.0 -9999.0 -9999.0 -9999.0
-9999.0 -9999.0 -9999.0 -9999.0 -9999.0 -9999.0 -9999.0 -9999.0 -9999.0 -9999.0 -9999.0 -9999.0 -9999.0 -9999.0 3035.624071 3026.630045 3023.468772 3030.475896 3062.634336 3092.543565 3104.112128 3096.386098 3095.896041 3070.876398 3047.762255 3059.961440 3088.799732 3118.699830 3151.490769 3168.423296 3156.921389 3153.925159 3160.612044 3179.821664 3187.721498 3183.884731 3166.201500 3189.923038 3202.988628 3207.340967 3205.186813 3195.253993 3204.072089 3218.031743 3210.977384 3195.765459 3206.544835 3221.552121 3232.671276 3224.604881 3167.071609 3155.186595 3152.595710 3149.051399 3136.598597 3133.165828 3161.848239 3162.036169 3155.304318 3138.587393 3105.804800 3060.976746 3042.613807 3083.619525 3127.778796 3184.497943 -9999.0 -9999.0 -9999.0 -9999.0 -9999.0 -9999.0 -9999.0 -9999.0 -9999.0 -9999.0 -9999.0 -9999.0 -9999.0 -9999.0
-9999.0 -9999.0 -9999.0 -9999.0 -9999.0 -9999.0 -9999.0 -9999.0 -9999.0 2979.912886 2984.309067 2990.947346 2993.007403 3007.775207 3004.305564 3010.798368 3014.486835 3041.093165 3070.030460 3102.977153 3129.450960 3119.650897 3117.868045 3121.510795 3115.826594 3123.179337 3142.870259 3178.781091 3209.713705 3244.537794 3210.808409 3205.623459 3222.757027 3263.840555 3286.958980 3288.842528 3270.086809 3286.143635 3309.394992 3325.040541 3321.393938 3315.366506 3341.024815 3356.036760 3350.293588 3329.029358 3327.456247 3334.858949 3364.130196 3314.004831 3248.878891 3210.724093 3226.689856 3205.904019 3180.151645 3169.585290 3170.784673 3191.808056 3180.621330 3147.424974 3114.714191 3103.747582 3087.634258 3109.132156 3133.021793 3179.971038 3220.242405 3250.414696 3250.300190 3233.338368 -9999.0 -9999.0 -9999.0 -9999.0 -9999.0 -9999.0 -9999.0 -9999.0 -9999.0 -9999.0
-9999.0 -9999.0 -9999.0 -9999.0 -9999.0 -9999.0 2901.452608 2911.747586 2932.244938 2934.776409 2960.855374 2965.830616 2982.360376 2999.003005 3020.033941 3032.273819 3056.674693 3085.810181 3121.118447 3158.062752 3184.742048 3172.890238 3177.576896 3196.711941 3223.199211 3241.835407 3263.786568 3300.793588 3372.291716 3408.178543 3401.043718 3401.721413 3409.796059 3459.761545 3523.441825 3534.429627 3513.828610 3500.685219 3523.973553 3561.101830 3559.386832 3558.194164 3571.029460 3581.716380 3608.468178 3597.798228 3561.986088 3556.390217 3562.802933 3540.667367 3472.614683 3415.719525 3396.881235 3350.856142 3268.602360 3226.029301 3249.514718 3277.558259 3256.329086 3207.564910 3175.811129 3170.991543 3160.630340 3154.289283 3167.258973 3190.706784 3215.282856 3229.620104 3218.259954 3197.896838 3176.562106 3148.707929 3151.574641 3176.738504 -9999.0 -9999.0 -9999.0 -9999.0 -9999.0 -9999.0
-9999.0 -9999.0 -9999.0 -9999.0 2852.152551 2864.761559 2849.801768 2875.492792 2907.013362 2940.076863 2967.170056 2996.067837 3018.426951 3044.279146 3076.722627 3098.292265 3129.687401 3158.432895 3204.672643 3265.112667 3308.759859 3321.863612 3329.915278 3380.462126 3436.299021 3483.098093 3501.522261 3527.063581 3572.221561 3628.402801 3650.618959 3653.457061 3670.331295 3713.082999 3768.771776 3803.708296 3786.153398 3777.224043 3787.068438 3801.154623 3823.289684 3823.365060 3824.476644 3828.499734 3835.999695 3834.341982 3807.998719 3774.697106 3761.800690 3751.820151 3714.376974 3642.743497 3612.419993 3583.861456 3542.203949 3488.602508 3440.951113 3441.779046 3387.778634 3333.508316 3283.858272 3276.024417 3256.100522 3240.560769 3223.439037 3235.924768 3248.120039 3233.472897 3204.065646 3175.163923 3162.521759 3145.295334 3134.371516 3165.740332 3183.817488 3213.513876 -9999.0 -9999.0 -9999.0 -9999.0
-9999.0 -9999.0 2793.690549 2838.849908 2895.345918 2900.993175 2894.065527 2896.334799 2921.988438 2970.457812 3029.671822 3066.006432 3094.236598 3123.383981 3172.980153 3234.570998 3293.834836 3335.607139 3392.725318 3461.283521 3519.910315 3546.565592 3555.386843 3590.636874 3644.880449 3713.303476 3741.077301 3767.338515 3798.830867 3834.931571 3827.813796 3838.649872 3850.850952 3863.086294 3877.565973 3884.434423 3879.651989 3875.068544 3856.557139 3851.464852 3857.966479 3865.818441 3864.945777 3850.339383 3846.372474 3861.298526 3867.415116 3865.411390 3862.720927 3867.726355 3863.640190 3815.823295 3797.271663 3782.201654 3770.766968 3724.868223 3658.534956 3626.054385 3604.927837 3564.349612 3491.361663 3453.818172 3414.643700 3380.095678 3342.802093 3329.586547 3297.356046 3265.529266 3227.158784 3186.754925 3167.976129 3153.926914 3153.829651 3154.794087 3172.721996 3188.595909 3204.642515 3212.757689 -9999.0 -9999.0
-9999.0 2692.102268 2763.954591 2876.280533 2953.134439 2987.911099 2996.421790 2999.273186 3023.109110 3053.357957 3139.285087 3189.636372 3271.582350 3307.793789 3347.907017 3437.268387 3530.547809 3573.318673 3611.644794 3674.413965 3739.426503 3786.175389 3812.328699 3792.971744 3831.945065 3860.481442 3868.211055 3874.941409 3874.674565 3866.189872 3859.585411 3866.295189 3863.378848 3844.289733 3828.301610 3826.583034 3823.200843 3799.964647 3772.501935 3757.130074 3758.616172 3783.478011 3770.425381 3749.090422 3744.690575 3766.289199 3787.500977 3776.865414 3763.749507 3780.296820 3814.771807 3839.384210 3841.010368 3859.408072 3880.491615 3851.661840 3829.961464 3786.402777 3769.592951 3744.264369 3687.729798 3633.008714 3585.154735 3536.816995 3484.622592 3435.697891 3388.339919 3341.412786 3288.437215 3255.952084 3231.859009 3189.243018 3176.540508 3183.218357 3178.423946 3177.128140 3183.954006 3190.607404 -9999.0 -9999.0
-9999.0 2596.822504 2736.729380 2904.111119 3044.469037 3084.165239 3146.167800 3200.992562 3213.978165 3159.604345 3259.098269 3474.244807 3593.484473 3610.183130 3684.693625 3778.524017 3763.110403 3794.088206 3816.921357 3841.453817 3861.200297 3875.062598 3873.223379 3867.927382 3851.517896 3843.531334 3842.672616 3840.591508 3823.284033 3804.410094 3787.668837 3784.605510 3766.836239 3717.940820 3684.947388 3667.725484 3649.226436 3635.678701 3608.325209 3582.500960 3566.287360 3577.088164 3574.989839 3561.310458 3556.886450 3575.141843 3605.968068 3603.704673 3614.990487 3634.481586 3669.855561 3707.692992 3726.859428 3755.791707 3791.253969 3838.763539 3847.873754 3870.210797 3873.258285 3862.302958 3816.132308 3764.905991 3735.665541 3680.620017 3621.172781 3559.589941 3511.030907 3466.569237 3411.733591 3377.784804 3338.721218 3285.508257 3242.571035 3234.648980 3201.416087 3188.302031 -9999.0 -9999.0 -9999.0 -9999.0
-9999.0 2496.026585 2676.621414 2904.807278 3194.061591 3265.857243 3465.007851 3577.986153 3616.498063 3682.790993 3569.662158 3770.638794 3821.701727 3816.254544 3830.374843 3833.301582 3847.384856 3846.842749 3841.773796 3830.831198 3821.343873 3816.849796 3815.758850 3807.864981 3795.284806 3780.718280 3768.878407 3757.563439 3721.177826 3689.467086 3650.787556 3638.469409 3594.695664 3503.498734 3464.961965 3427.031791 3367.035166 3369.346847 3376.245689 3352.422104 3333.087446 3305.635131 3334.670343 3344.923790 3348.905573 3344.796548 3354.688732 3382.564142 3429.631783 3463.561270 3502.192853 3549.723703 3579.828072 3618.717616 3658.456539 3710.478760 3741.341937 3770.055515 3818.507428 3855.404611 3878.032644 3864.258339 3845.301733 3801.127208 3741.164598 3692.025188 3663.358096 3613.307232 3570.031965 3526.620495 3480.399030 3427.889925 3366.750722 3313.297096 3279.500289 -9999.0 -9999.0 -9999.0 -9999.0 -9999.0
-9999.0 2275.736936 2540.257233 2794.660985 3067.680566 3405.976225 3572.398133 3667.056005 3729.478074 3710.306829 3731.674849 3738.497869 3775.336825 3782.284145 3760.833563 3747.253246 3730.007693 3728.919070 3741.949193 3714.799863 3684.800294 3671.596039 3672.469875 3661.774903 3638.110781 3623.245735 3613.967624 3595.719957 3552.870898 3503.262482 3420.174926 3386.719434 3309.194788 3270.283034 3234.180121 3187.936794 3144.086653 3149.774537 3174.084503 3165.262032 3144.816292 3128.008833 3157.206115 3177.520653 3190.565182 3174.577158 3181.132072 3215.128057 3261.091102 3300.935325 3344.266104 3391.666437 3432.911874 3471.880382 3492.929197 3532.353845 3574.089901 3615.317993 3684.935495 3762.546629 3797.976344 3832.274697 3861.490179 3883.233976 3840.582826 3814.014449 3790.548804 3767.408017 3721.577125 3676.424739 3635.904971 3571.880316 3512.385427 -9999.0 -9999.0 -9999.0 -9999.0 -9999.0 -9999.0 -9999.0
-9999.0 2162.602519 2357.774777 2552.363574 2785.471967 3011.288019 3228.741109 3318.785019 3388.312138 3456.329333 3508.320049 3545.265028 3571.001453 3592.321377 3569.678858 3524.232776 3492.340421 3497.238462 3488.723647 3467.715589 3440.211891 3427.432849 3425.003943 3420.347348 3399.285038 3389.140392 3382.533427 3364.807515 3339.627614 3287.695623 3216.973924 3145.374194 3092.403443 3073.203588 3051.175738 3024.904558 2998.523802 3012.188893 3025.233641 3025.417802 3019.040156 3019.311740 3048.355812 3068.135245 3077.562698 3066.558369 3084.539208 3107.449396 3144.039038 3182.613744 3226.662066 3276.078504 3323.821606 3343.651789 3345.741870 3357.317113 3384.721202 3427.644669 3503.492543 3588.921324 3665.531170 3710.536310 3760.941871 3800.542419 3828.252421 3853.861286 3875.674751 3868.291491 3842.720555 3809.611183 3751.425050 -9999.0 -9999.0 -9999.0 -9999.0 -9999.0 -9999.0 -9999.0 -9999.0 -9999.0
-9999.0 -9999.0 2131.629167 2286.018980 2386.234549 2551.229353 2697.924699 2810.454094 2865.638765 3000.048406 3119.960452 3211.584392 3257.185447 3272.615116 3258.681318 3230.100042 3212.775207 3212.454208 3200.983624 3194.675603 3180.398114 3175.336450 3164.164134 3157.191256 3153.370188 3153.104809 3151.383200 3143.896767 3127.897900 3087.433340 3051.165916 3007.725453 2965.482820 2944.630608 2927.229092 2910.893528 2915.464013 2911.237022 2917.258197 2920.535724 2930.377311 2944.697843 2964.148110 2984.731182 2994.299256 3004.243440 3014.893701 3036.184916 3065.731148 3105.274123 3155.957363 3209.929965 3245.160593 3251.536484 3233.296041 3228.086409 3236.032581 3264.605936 3327.585458 3396.224749 3484.976706 3549.825967 3616.370309 3671.873350 3698.266758 3734.639055 3804.247296 3852.228509 3893.924553 3871.565419 -9999.0 -9999.0 -9999.0 -9999.0 -9999.0 -9999.0 -9999.0 -9999.0 -9999.0 -9999.0
-9999.0 -9999.0 -9999.0 -9999.0 2147.152656 2295.348106 2393.966170 2475.957252 2612.512020 2746.890609 2803.747355 2889.647920 2957.636686 2978.911970 2979.469652 2995.694097 2994.678043 2985.746200 2975.115452 2980.041587 2985.083000 2979.337841 2967.279206 2961.777943 2966.515580 2975.435342 2974.956614 2963.622248 2947.345874 2934.586417 2923.141115 2894.159560 2863.583391 2837.877058 2827.507749 2825.776642 2827.067052 2820.175142 2829.277986 2838.677050 2854.958465 2870.281495 2893.829468 2923.436723 2938.023211 2952.512125 2960.833012 2978.987079 3005.551097 3056.568443 3117.695695 3173.561492 3206.806678 3206.786529 3177.750604 3155.716682 3143.002114 3160.111540 3189.179451 3239.739874 3328.424707 3390.125350 3435.396123 3474.127440 3510.318968 3574.896218 3668.581440 3749.382979 -9999.0 -9999.0 -9999.0 -9999.0 -9999.0 -9999.0 -9999.0 -9999.0 -9999.0 -9999.0 -9999.0 -9999.0
-9999.0 -9999.0 -9999.0 -9999.0 -9999.0 -9999.0 2124.476971 2231.419506 2301.200835 2456.817638 2604.549564 2715.407803 2801.271785 2838.497248 2816.497730 2846.607888 2847.101404 2826.950004 2805.323577 2827.344403 2846.839446 2840.899120 2809.114648 2811.381377 2819.478128 2828.685626 2827.757427 2823.696759 2801.261837 2820.125700 2826.786469 2806.552617 2783.621387 2796.835319 2785.300223 2795.068054 2795.124519 2780.771346 2779.863120 2790.583880 2811.948471 2824.975094 2846.026851 2879.185221 2911.540740 2926.976574 2927.521680 2931.775236 2967.975203 3034.196562 3104.560474 3158.973675 3189.371086 3193.724584 3162.589749 3117.463898 3090.954394 3089.443267 3113.278753 3152.160457 3212.935694 3248.775634 3259.642646 3260.535472 3272.523518 3371.401882 -9999.0 -9999.0 -9999.0 -9999.0 -9999.0 -9999.0 -9999.0 -9999.0 -9999.0 -9999.0 -9999.0 -9999.0 -9999.0 -9999.0
-9999.0 -9999.0 -9999.0 -9999.0 -9999.0 -9999.0 -9999.0 -9999.0 -9999.0 -9999.0 -9999.0 -9999.0 -9999.0 -9999.0 -9999.0 -9999.0 -9999.0 -9999.0 -9999.0 -9999.0 -9999.0 -9999.0 -9999.0 -9999.0 -9999.0 -9999.0 -9999.0 -9999.0 -9999.0 -9999.0 -9999.0 -9999.0 -9999.0 -9999.0 -9999.0 -9999.0 -9999.0 -9999.0 -9999.0 -9999.0 -9999.0 -9999.0 -9999.0 -9999.0 -9999.0 -9999.0 -9999.0 -9999.0 -9999.0 -9999.0 -9999.0 -9999.0 -9999.0 -9999.0 -9999.0 -9999.0 -9999.0 -9999.0 -9999.0 -9999.0 -9999.0 -9999.0 -9999.0 -9999.0 -9999.0 -9999.0 -9999.0 -9999.0 -9999.0 -9999.0 -9999.0 -9999.0 -9999.0 -9999.0 -9999.0 -9999.0 -9999.0 -9999.0 -9999.0 -9999.0
-9999.0 -9999.0 -9999.0 -9999.0 -9999.0 -9999.0 -9999.0 -9999.0 -9999.0 -9999.0 -9999.0 -9999.0 -9999.0 -9999.0 -9999.0 -9999.0 -9999.0 -9999.0 -9999.0 -9999.0 -9999.0 -9999.0 -9999.0 -9999.0 -9999.0 -9999.0 -9999.0 -9999.0 -9999.0 -9999.0 -9999.0 -9999.0 -9999.0 -9999.0 -9999.0 -9999.0 -9999.0 -9999.0 -9999.0 -9999.0 -9999.0 -9999.0 -9999.0 -9999.0 -9999.0 -9999.0 -9999.0 -9999.0 -9999.0 -9999.0 -9999.0 -9999.0 -9999.0 -9999.0 -9999.0 -9999.0 -9999.0 -9999.0 -9999.0 -9999.0 -9999.0 -9999.0 -9999.0 -9999.0 -9999.0 -9999.0 -9999.0 -9999.0 -9999.0 -9999.0 -9999.0 -9999.0 -9999.0 -9999.0 -9999.0 -9999.0 -9999.0 -9999.0 -9999.0 -9999.0