Borden_/Borden1m_014/output_maps/psiliqL0025N0026.asc
ncols         80
nrows         18
xllcorner     620200.000000
yllcorner     5168000.000000
cellsize      1.000000
NODATA_value  -9999.0
-9999.0 -9999.0 -9999.0 -9999.0 -9999.0 -9999.0 -9999.0 -9999.0 -9999.0 -9999.0 -9999.0 -9999.0 -9999.0 -9999.0 -9999.0 -9999.0 -9999.0 -9999.0 -9999.0 -9999.0 -9999.0 -9999.0 -9999.0 -9999.0 -9999.0 -9999.0 -9999.0 -9999.0 -9999.0 -9999.0 -9999.0 -9999.0 -9999.0 -9999.0 -9999.0 -9999.0 -9999.0 -9999.0 -9999.0 -9999.0 -9999.0 -9999.0 -9999.0 -9999.0 -9999.0 -9999.0 -9999.0 -9999.0 -9999.0 -9999.0 -9999.0 -9999.0 -9999.0 -9999.0 -9999.0 -9999.0 -9999.0 -9999.0 -9999.0 -9999.0 -9999.0 -9999.0 -9999.0 -9999.0 -9999.0 -9999.0 -9999.0 -9999.0 -9999.0 -9999.0 -9999.0 -9999.0 -9999.0 -9999.0 -9999.0 -9999.0 -9999.0 -9999.0 -9999.0 -9999.0
-9999.0 -9999.0 -9999.0 -9999.0 -9999.0 -9999.0 -9999.0 -9999.0 -9999.0 -9999.0 -9999.0 -9999.0 -9999.0 -9999.0 -9999.0 -9999.0 -9999.0 -9999.0 -9999.0 -9999.0 -9999.0 -9999.0 -9999.0 -9999.0 -9999.0 -9999.0 -9999.0 -9999.0 -9999.0 -9999.0 -9999.0 -9999.0 -9999.0 -9999.0 -9999.0 -9999.0 -9999.0 -9999.0 -9999.0 -9999.0 -9999.0 -9999.0 -9999.0 -9999.0 -9999.0 -9999.0 -9999.0 -9999.0 -9999.0 -9999.0 -9999.0 -9999.0 -9999.0 -9999.0 -9999.0 -9999.0 -9999.0 -9999.0 -9999.0 -9999.0 -9999.0 -9999.0 -9999.0 -9999.0 -9999.0 -9999.0 -9999.0 -9999.0 -9999.0 -9999.0 -9999.0 -9999.0 -9999.0 -9999.0 -9999.0 -9999.0 -9999.0 -9999.0 -9999.0 -9999.0
-9999.0 -9999.0 -9999.0 -9999.0 -9999.0 -9999.0 -9999.0 -9999.0 -9999.0 -9999.0 -9999.0 -9999.0 -9999.0 -9999.0 -9999.0 -9999.0 -9999.0 -9999.0 -9999.0 -9999.0 3125.964764 3126.984642 3105.168246 3070.947257 3042.538222 3044.150272 3076.891879 3117.204503 3155.606934 3162.853769 3143.585595 3147.029351 3142.337489 3137.812031 3137.953436 3145.426547 3151.743067 3161.349818 3168.213642 3165.872517 3158.474871 3153.344895 3155.648637 3157.293361 3163.486425 3149.361138 3165.252113 3179.861996 3184.770603 3182.151527 3159.996863 3148.105618 3140.364008 3125.114082 3151.803470 3163.745540 3186.485358 3191.383774 3189.754666 3164.033654 3134.175898 -9999.0 -9999.0 -9999.0 -9999.0 -9999.0 -9999.0 -9999.0 -9999.0 -9999.0 -9999.0 -9999.0 -9999.0 -9999.0 -9999.0 -9999.0 -9999.0 -9999.0 -9999.0 -9999.0
-9999.0 -9999.0 -9999.0 -9999.0 -9999.0 -9999.0 -9999.0 -9999.0 -9999.0 -9999.0 -9999.0 -9999.0 -9999.0 -9999.0 3036.143689 3027.181557 3024.069633 3031.134184 3063.349525 3093.303818 3104.879913 3097.195430 3096.753410 3071.794447 3048.751985 3061.028428 3089.939689 3119.870429 3152.719608 3169.717076 3158.283260 3155.360033 3162.112500 3180.004659 3187.898396 3184.086624 3167.981951 3190.135261 3203.187198 3207.543352 3205.392319 3195.461552 3204.280228 3218.240526 3211.186156 3195.973372 3206.751222 3221.738067 3232.850688 3224.791098 3168.689030 3156.706100 3154.003305 3150.359760 3137.817485 3134.335070 3162.935941 3163.000494 3156.187827 3139.427609 3106.601398 3061.751607 3043.331760 3084.272708 3128.371366 3184.549869 -9999.0 -9999.0 -9999.0 -9999.0 -9999.0 -9999.0 -9999.0 -9999.0 -9999.0 -9999.0 -9999.0 -9999.0 -9999.0 -9999.0
-9999.0 -9999.0 -9999.0 -9999.0 -9999.0 -9999.0 -9999.0 -9999.0 -9999.0 2982.586980 2984.815946 2991.471258 2993.543126 3008.359930 3004.917060 3011.461855 3015.217526 3041.898190 3070.908481 3103.926583 3130.433642 3120.740914 3118.991412 3122.710696 3117.122539 3124.578365 3144.354807 3178.964583 3209.884785 3244.717215 3210.996489 3205.820760 3222.964895 3264.045037 3287.173773 3289.064828 3270.331879 3286.376064 3309.632024 3325.282080 3321.638983 3315.613375 3341.268362 3356.280632 3350.537712 3329.273227 3327.702698 3335.101567 3364.365862 3314.229037 3249.103927 3210.932463 3226.883089 3206.089937 3180.340561 3171.087005 3172.191607 3191.957259 3180.755296 3148.504369 3115.760497 3104.714627 3088.510670 3109.918721 3133.726549 3180.031823 3220.290955 3250.456605 3250.336048 3233.370185 -9999.0 -9999.0 -9999.0 -9999.0 -9999.0 -9999.0 -9999.0 -9999.0 -9999.0 -9999.0
-9999.0 -9999.0 -9999.0 -9999.0 -9999.0 -9999.0 2903.801385 2914.310901 2935.088377 2937.840492 2964.230189 2969.439943 2983.065374 2999.743155 3020.846474 3033.174562 3057.676243 3086.914684 3122.287699 3159.328856 3184.917560 3174.389882 3177.764404 3196.890208 3223.391922 3242.044292 3264.011128 3301.014929 3372.312477 3408.198064 3401.064078 3401.742583 3409.818114 3459.784563 3523.465765 3534.453841 3513.853279 3500.710169 3523.998977 3561.127755 3559.413182 3558.220683 3571.033802 3581.720506 3608.472315 3597.802580 3562.012721 3556.416535 3562.828889 3540.692234 3472.638149 3415.741392 3396.903917 3351.089541 3268.828243 3226.254047 3249.722149 3277.736008 3256.492391 3207.745135 3177.226028 3172.287011 3161.789325 3155.318600 3168.173353 3190.788802 3215.345098 3229.672233 3218.303263 3197.941432 3176.931788 3149.024641 3151.839332 3176.968229 -9999.0 -9999.0 -9999.0 -9999.0 -9999.0 -9999.0
-9999.0 -9999.0 -9999.0 -9999.0 2854.140958 2867.015659 2852.379030 2878.460251 2910.418207 2943.924518 2971.332473 2996.971724 3019.354330 3045.318739 3077.840673 3099.536085 3131.072982 3159.943172 3204.862634 3265.306532 3308.959662 3322.094083 3330.144421 3380.484046 3436.320246 3483.120961 3501.546699 3527.089101 3572.223475 3628.404534 3650.620749 3653.458896 3670.333171 3713.084926 3768.773728 3803.708660 3786.153744 3777.224397 3787.068798 3801.154990 3823.290057 3823.365437 3824.476773 3828.499862 3835.999819 3834.342113 3807.999096 3774.697501 3761.802736 3751.822158 3714.378900 3642.745336 3612.421773 3583.865708 3542.229577 3488.626803 3440.973647 3441.799832 3387.800030 3333.730350 3284.075619 3276.218741 3256.271930 3240.711093 3223.574125 3236.032248 3248.209545 3233.546600 3204.130395 3175.699975 3162.982622 3145.673317 3134.677576 3165.987336 3183.836730 3213.526060 -9999.0 -9999.0 -9999.0 -9999.0
-9999.0 -9999.0 2795.145745 2840.522810 2897.428525 2903.535647 2897.167862 2900.040299 2926.341461 2975.436181 3030.808336 3067.149867 3095.530234 3124.820394 3173.171852 3234.762112 3294.046886 3335.834300 3392.746921 3461.304871 3519.933457 3546.590114 3555.412578 3590.638857 3644.882277 3713.305412 3741.079324 3767.340604 3798.831005 3834.931690 3827.813914 3838.649997 3850.851076 3863.086417 3877.566098 3884.434524 3879.652096 3875.068651 3856.557265 3851.464974 3857.966608 3865.818541 3864.945900 3850.339507 3846.372596 3861.298653 3867.415223 3865.411497 3862.721072 3867.726477 3863.640310 3815.823414 3797.271780 3782.201801 3770.769035 3724.870228 3658.536861 3626.056192 3604.929840 3564.375263 3491.385405 3453.839498 3414.662578 3380.114413 3342.981558 3329.740884 3297.483924 3265.637174 3227.245730 3186.834421 3168.571116 3154.414880 3154.225443 3155.087305 3172.950281 3188.612405 3204.651615 3212.764949 -9999.0 -9999.0
-9999.0 2691.999613 2763.590916 2878.147939 2955.472201 2988.498046 2997.167325 3000.186030 3024.217350 3054.707272 3140.719108 3189.829504 3271.782120 3308.016627 3348.135106 3437.291262 3530.570317 3573.322631 3611.646505 3674.415776 3739.428418 3786.175760 3812.329070 3792.971865 3831.945184 3860.481570 3868.211185 3874.941541 3874.674679 3866.189982 3859.585523 3866.295300 3863.378973 3844.289861 3828.301734 3826.583157 3823.200961 3799.964781 3772.503832 3757.131977 3758.618296 3783.478177 3770.427240 3749.092538 3744.692705 3766.291084 3787.501123 3776.865550 3763.751439 3780.296958 3814.771926 3839.384335 3841.010493 3859.408201 3880.491741 3851.661963 3829.961586 3786.402916 3769.594871 3744.266478 3687.731781 3633.010590 3585.156643 3536.838742 3484.643445 3435.716055 3388.356255 3341.561710 3288.559118 3256.049466 3231.944239 3189.314272 3177.068582 3183.260608 3178.689986 3177.327256 3183.965544 3190.614889 -9999.0 -9999.0
-9999.0 2596.635266 2736.164712 2906.153053 3044.985584 3084.863253 3147.100113 3201.131610 3214.156011 3161.323188 3259.332278 3474.266280 3593.487975 3610.186836 3684.697568 3778.524353 3763.110724 3794.088328 3816.921468 3841.453932 3861.200418 3875.062706 3873.223488 3867.927489 3851.518007 3843.531446 3842.672750 3840.591638 3823.284166 3804.410225 3787.668963 3784.605652 3766.838126 3717.942863 3684.949335 3667.727350 3649.228325 3635.680542 3608.326986 3582.505332 3566.314197 3577.092356 3574.994072 3561.337118 3556.913281 3575.146128 3605.972108 3603.706432 3614.992320 3634.483451 3669.857512 3707.695029 3726.861310 3755.793647 3791.254111 3838.763667 3847.873883 3870.210931 3873.258418 3862.303089 3816.132455 3764.907984 3735.667445 3680.621979 3621.174791 3559.612157 3511.049740 3466.585740 3411.746854 3377.796347 3338.830253 3285.595633 3242.642583 3234.694053 3201.448727 3188.324142 -9999.0 -9999.0 -9999.0 -9999.0
-9999.0 2495.793973 2675.908634 2907.003321 3194.149185 3265.944310 3465.027232 3577.988408 3616.500827 3682.810953 3569.665724 3770.639118 3821.701833 3816.254656 3830.374979 3833.301693 3847.384970 3846.842861 3841.773915 3830.831319 3821.343994 3816.849916 3815.758970 3807.865104 3795.284931 3780.718421 3768.880366 3757.565383 3721.179928 3689.469089 3650.789438 3638.471288 3594.699877 3503.523297 3464.984959 3427.053436 3367.071887 3369.382214 3376.267289 3352.664747 3333.333350 3305.873136 3334.908701 3345.155013 3349.139140 3345.027548 3354.922136 3382.586183 3429.652536 3463.583261 3502.216477 3549.746801 3579.830013 3618.719452 3658.458470 3710.480823 3741.343857 3770.057517 3818.507577 3855.404742 3878.032757 3864.258473 3845.301864 3801.127349 3741.166481 3692.027099 3663.359701 3613.308651 3570.046472 3526.632724 3480.410317 3427.899605 3366.840192 3313.354647 3279.540585 -9999.0 -9999.0 -9999.0 -9999.0 -9999.0
-9999.0 2275.523935 2539.600064 2797.091100 3068.283059 3405.997474 3572.401393 3667.059846 3729.479714 3710.308354 3731.676445 3738.499484 3775.336946 3782.284268 3760.835229 3747.255149 3730.009588 3728.920963 3741.951081 3714.801739 3684.802163 3671.597897 3672.471816 3661.776824 3638.112675 3623.247599 3613.969503 3595.724214 3552.896141 3503.286105 3420.196741 3386.757485 3309.429542 3270.506207 3234.385721 3188.142715 3145.721649 3151.343410 3174.280478 3166.801481 3146.355206 3129.532909 3158.725542 3177.704234 3190.735727 3174.749666 3181.308554 3215.304966 3261.278659 3301.125394 3344.471052 3391.686631 3432.931189 3471.901640 3492.952590 3532.379250 3574.091914 3615.319923 3684.937559 3762.548565 3797.976491 3832.274827 3861.490313 3883.234090 3840.582953 3814.014567 3790.548908 3767.409106 3721.578006 3676.425525 3635.905759 3571.881055 3512.394758 -9999.0 -9999.0 -9999.0 -9999.0 -9999.0 -9999.0 -9999.0
-9999.0 2162.441841 2357.206824 2550.925328 2788.940090 3012.265209 3229.066433 3319.181734 3388.418447 3456.362858 3508.356107 3545.286613 3571.005489 3592.324867 3569.682672 3524.256660 3492.364111 3497.261767 3488.746532 3467.737992 3440.233769 3427.454437 3425.043081 3420.385750 3399.322553 3389.176903 3382.570956 3365.043867 3339.857270 3287.908078 3217.182743 3146.985501 3094.000695 3074.682586 3052.537200 3026.166102 2999.750440 3013.355619 3026.319199 3026.531249 3020.147200 3020.412162 3049.454034 3069.149323 3078.588016 3067.607379 3085.626487 3108.591628 3145.251375 3182.765597 3226.815483 3276.230971 3323.990096 3343.839480 3345.950942 3357.546170 3384.743760 3427.667632 3503.518084 3588.923398 3665.533155 3710.538458 3760.943854 3800.542563 3828.252543 3853.861397 3875.674822 3868.291534 3842.720550 3809.611193 3751.425733 -9999.0 -9999.0 -9999.0 -9999.0 -9999.0 -9999.0 -9999.0 -9999.0 -9999.0
-9999.0 -9999.0 2131.104978 2284.901337 2384.259061 2547.941198 2692.649855 2802.774203 2873.363885 3001.894791 3121.718551 3211.887106 3257.486270 3272.832501 3258.901883 3230.326756 3213.000398 3212.675421 3201.199539 3194.885209 3180.600971 3175.551242 3166.039065 3159.021270 3155.143642 3154.822173 3153.046123 3145.528395 3129.448812 3088.872070 3052.484147 3009.038545 2971.809181 2950.554722 2932.722732 2916.000757 2920.252411 2915.749584 2921.549900 2924.706462 2934.472975 2948.758583 2968.189974 2985.515121 2995.050364 3005.016921 3015.700996 3037.039657 3066.606715 3106.192526 3156.954405 3210.054103 3245.280258 3251.671081 3233.459062 3228.268900 3236.231554 3264.832521 3327.823269 3396.249064 3485.001813 3549.851221 3616.372485 3671.875354 3698.268799 3734.640718 3804.247388 3852.228521 3893.924441 3871.565349 -9999.0 -9999.0 -9999.0 -9999.0 -9999.0 -9999.0 -9999.0 -9999.0 -9999.0 -9999.0
-9999.0 -9999.0 -9999.0 -9999.0 2145.550041 2293.025084 2390.712909 2471.055806 2605.716862 2737.670889 2811.442093 2897.599847 2965.978367 2980.843667 2981.124149 2997.375757 2996.360883 2987.408303 2976.741649 2981.621716 2986.611716 2980.909671 2975.824154 2970.070218 2974.471134 2983.051324 2982.237591 2970.569937 2953.909710 2940.715184 2928.815048 2899.413762 2868.574703 2842.623361 2831.903103 2829.859798 2830.886075 2823.776544 2832.713313 2841.913141 2858.131733 2873.428008 2896.972395 2926.516371 2941.174107 2955.794262 2964.303035 2982.669098 3006.265092 3057.264548 3118.461315 3174.372970 3206.899997 3206.895212 3178.940757 3157.050085 3144.505270 3161.800661 3189.402783 3239.973779 3328.669269 3390.150636 3435.421212 3474.154772 3510.347554 3574.898244 3668.582794 3749.383996 -9999.0 -9999.0 -9999.0 -9999.0 -9999.0 -9999.0 -9999.0 -9999.0 -9999.0 -9999.0 -9999.0 -9999.0
-9999.0 -9999.0 -9999.0 -9999.0 -9999.0 -9999.0 2121.849761 2227.887026 2296.152876 2449.928700 2596.233670 2705.837849 2791.156183 2828.439455 2824.627745 2854.737691 2855.373006 2835.260334 2813.578013 2835.463513 2854.759582 2848.594010 2816.704670 2818.707649 2826.510076 2835.414279 2834.176499 2829.793140 2807.003368 2825.483433 2831.746010 2811.127992 2787.974636 2798.454879 2787.072560 2796.892933 2796.857490 2782.274936 2781.063843 2793.407481 2814.623317 2827.628672 2848.686010 2881.870522 2914.299810 2929.856437 2930.570862 2935.038038 2971.410317 3034.810116 3105.198576 3159.669049 3189.447320 3193.814100 3163.627160 3118.632862 3092.282599 3090.965301 3115.007434 3154.121200 3213.173281 3249.022307 3259.920101 3260.840045 3272.844554 3371.428351 -9999.0 -9999.0 -9999.0 -9999.0 -9999.0 -9999.0 -9999.0 -9999.0 -9999.0 -9999.0 -9999.0 -9999.0 -9999.0 -9999.0
-9999.0 -9999.0 -9999.0 -9999.0 -9999.0 -9999.0 -9999.0 -9999.0 -9999.0 -9999.0 -9999.0 -9999.0 -9999.0 -9999.0 -9999.0 -9999.0 -9999.0 -9999.0 -9999.0 -9999.0 -9999.0 -9999.0 -9999.0 -9999.0 -9999.0 -9999.0 -9999.0 -9999.0 -9999.0 -9999.0 -9999.0 -9999.0 -9999.0 -9999.0 -9999.0 -9999.0 -9999.0 -9999.0 -9999.0 -9999.0 -9999.0 -9999.0 -9999.0 -9999.0 -9999.0 -9999.0 -9999.0 -9999.0 -9999.0 -9999.0 -9999.0 -9999.0 -9999.0 -9999.0 -9999.0 -9999.0 -9999.0 -9999.0 -9999.0 -9999.0 -9999.0 -9999.0 -9999.0 -9999.0 -9999.0 -9999.0 -9999.0 -9999.0 -9999.0 -9999.0 -9999.0 -9999.0 -9999.0 -9999.0 -9999.0 -9999.0 -9999.0 -9999.0 -9999.0 -9999.0
-9999.0 -9999.0 -9999.0 -9999.0 -9999.0 -9999.0 -9999.0 -9999.0 -9999.0 -9999.0 -9999.0 -9999.0 -9999.0 -9999.0 -9999.0 -9999.0 -9999.0 -9999.0 -9999.0 -9999.0 -9999.0 -9999.0 -9999.0 -9999.0 -9999.0 -9999.0 -9999.0 -9999.0 -9999.0 -9999.0 -9999.0 -9999.0 -9999.0 -9999.0 -9999.0 -9999.0 -9999.0 -9999.0 -9999.0 -9999.0 -9999.0 -9999.0 -9999.0 -9999.0 -9999.0 -9999.0 -9999.0 -9999.0 -9999.0 -9999.0 -9999.0 -9999.0 -9999.0 -9999.0 -9999.0 -9999.0 -9999.0 -9999.0 -9999.0 -9999.0 -9999.0 -9999.0 -9999.0 -9999.0 -9999.0 -9999.0 -9999.0 -9999.0 -9999.0 -9999.0 -9999.0 -9999.0 -9999.0 -9999.0 -9999.0 -9999.0 -9999.0 -9999.0 -9999.0 -9999.0