Borden_/Borden1m_014/output_maps/psiliqL0021N0007.asc
ncols         80
nrows         18
xllcorner     620200.000000
yllcorner     5168000.000000
cellsize      1.000000
NODATA_value  -9999.0
-9999.0 -9999.0 -9999.0 -9999.0 -9999.0 -9999.0 -9999.0 -9999.0 -9999.0 -9999.0 -9999.0 -9999.0 -9999.0 -9999.0 -9999.0 -9999.0 -9999.0 -9999.0 -9999.0 -9999.0 -9999.0 -9999.0 -9999.0 -9999.0 -9999.0 -9999.0 -9999.0 -9999.0 -9999.0 -9999.0 -9999.0 -9999.0 -9999.0 -9999.0 -9999.0 -9999.0 -9999.0 -9999.0 -9999.0 -9999.0 -9999.0 -9999.0 -9999.0 -9999.0 -9999.0 -9999.0 -9999.0 -9999.0 -9999.0 -9999.0 -9999.0 -9999.0 -9999.0 -9999.0 -9999.0 -9999.0 -9999.0 -9999.0 -9999.0 -9999.0 -9999.0 -9999.0 -9999.0 -9999.0 -9999.0 -9999.0 -9999.0 -9999.0 -9999.0 -9999.0 -9999.0 -9999.0 -9999.0 -9999.0 -9999.0 -9999.0 -9999.0 -9999.0 -9999.0 -9999.0
-9999.0 -9999.0 -9999.0 -9999.0 -9999.0 -9999.0 -9999.0 -9999.0 -9999.0 -9999.0 -9999.0 -9999.0 -9999.0 -9999.0 -9999.0 -9999.0 -9999.0 -9999.0 -9999.0 -9999.0 -9999.0 -9999.0 -9999.0 -9999.0 -9999.0 -9999.0 -9999.0 -9999.0 -9999.0 -9999.0 -9999.0 -9999.0 -9999.0 -9999.0 -9999.0 -9999.0 -9999.0 -9999.0 -9999.0 -9999.0 -9999.0 -9999.0 -9999.0 -9999.0 -9999.0 -9999.0 -9999.0 -9999.0 -9999.0 -9999.0 -9999.0 -9999.0 -9999.0 -9999.0 -9999.0 -9999.0 -9999.0 -9999.0 -9999.0 -9999.0 -9999.0 -9999.0 -9999.0 -9999.0 -9999.0 -9999.0 -9999.0 -9999.0 -9999.0 -9999.0 -9999.0 -9999.0 -9999.0 -9999.0 -9999.0 -9999.0 -9999.0 -9999.0 -9999.0 -9999.0
-9999.0 -9999.0 -9999.0 -9999.0 -9999.0 -9999.0 -9999.0 -9999.0 -9999.0 -9999.0 -9999.0 -9999.0 -9999.0 -9999.0 -9999.0 -9999.0 -9999.0 -9999.0 -9999.0 -9999.0 2346.129358 2348.365502 2327.450330 2294.663246 2267.896870 2271.431219 2306.677204 2349.102489 2389.234910 2399.033755 2381.776332 2386.423085 2383.474453 2381.940725 2385.119609 2394.578582 2402.434240 2414.366989 2424.005155 2424.671636 2419.750404 2416.061103 2418.410721 2420.857678 2426.710577 2413.429985 2427.887520 2442.128925 2444.414787 2437.262334 2408.591266 2392.085535 2380.929803 2362.979490 2386.422066 2395.978096 2416.337989 2418.479624 2414.850154 2386.921342 2356.126653 -9999.0 -9999.0 -9999.0 -9999.0 -9999.0 -9999.0 -9999.0 -9999.0 -9999.0 -9999.0 -9999.0 -9999.0 -9999.0 -9999.0 -9999.0 -9999.0 -9999.0 -9999.0 -9999.0
-9999.0 -9999.0 -9999.0 -9999.0 -9999.0 -9999.0 -9999.0 -9999.0 -9999.0 -9999.0 -9999.0 -9999.0 -9999.0 -9999.0 2252.956203 2244.624933 2242.951188 2251.990516 2286.156628 2317.392217 2329.434626 2323.059166 2324.111395 2301.120724 2280.701439 2295.656927 2327.109072 2359.543176 2394.702208 2414.445934 2404.601151 2403.627283 2413.530861 2438.412481 2451.282635 2450.517252 2433.720233 2460.301754 2477.169255 2485.790074 2486.482298 2478.557506 2489.245132 2503.941386 2496.918660 2480.947100 2489.464904 2501.766315 2510.129226 2495.495725 2429.906387 2411.161996 2404.491281 2397.023439 2381.294737 2374.289511 2399.002980 2395.972814 2386.203039 2367.115623 2332.834540 2287.271583 2266.934371 2304.951234 2347.054456 2402.204767 -9999.0 -9999.0 -9999.0 -9999.0 -9999.0 -9999.0 -9999.0 -9999.0 -9999.0 -9999.0 -9999.0 -9999.0 -9999.0 -9999.0
-9999.0 -9999.0 -9999.0 -9999.0 -9999.0 -9999.0 -9999.0 -9999.0 -9999.0 2192.994977 2199.084438 2207.295596 2210.972808 2227.380051 2224.953795 2233.051368 2239.743359 2268.395665 2299.981213 2335.653689 2364.666925 2357.734372 2358.395437 2366.048397 2365.853833 2377.666362 2401.356443 2443.168954 2478.498979 2517.041314 2486.763999 2484.566469 2505.213673 2552.514023 2583.817417 2591.045026 2575.028111 2590.901088 2618.319330 2639.754534 2639.837440 2636.490347 2660.041577 2674.380155 2671.155951 2650.892151 2647.662952 2651.234310 2675.433526 2619.205886 2546.937157 2498.682273 2506.291170 2480.128669 2446.857661 2427.737351 2423.736845 2441.515105 2425.764207 2387.646912 2351.235399 2337.515932 2317.947299 2334.927333 2355.633326 2399.741189 2437.607820 2465.114035 2463.055258 2444.657473 -9999.0 -9999.0 -9999.0 -9999.0 -9999.0 -9999.0 -9999.0 -9999.0 -9999.0 -9999.0
-9999.0 -9999.0 -9999.0 -9999.0 -9999.0 -9999.0 2112.353038 2123.504865 2145.420251 2149.978966 2177.347058 2184.882451 2206.112324 2225.691245 2248.719953 2264.731645 2293.750697 2326.797431 2366.341800 2408.615606 2441.917987 2435.645341 2446.312875 2470.704449 2504.344845 2530.588165 2558.578279 2601.538094 2677.751206 2717.535169 2716.949726 2720.841773 2732.686434 2787.599322 2858.008048 2873.655315 2855.752375 2844.436949 2871.026852 2912.039107 2916.050764 2917.736828 2795.573853 2805.400094 2831.931799 2822.677685 2920.915683 2910.797553 2911.449413 2884.333235 2809.663370 2743.028375 2713.686218 2660.623660 2576.703820 2524.152220 2535.673325 2555.442034 2527.463618 2473.882968 2433.035695 2421.391645 2404.740245 2391.628506 2398.548742 2417.062695 2437.611806 2447.861091 2433.312011 2410.512325 2386.955770 2357.163022 2358.251369 2382.512216 -9999.0 -9999.0 -9999.0 -9999.0 -9999.0 -9999.0
-9999.0 -9999.0 -9999.0 -9999.0 2060.819783 2074.760815 2062.464904 2089.917705 2124.135416 2159.945184 2191.233582 2227.506905 2254.638496 2284.863867 2322.632820 2351.985255 2390.799797 2425.380645 2478.871699 2547.107054 2599.450314 2622.131677 2637.101553 2693.546849 2754.694786 2808.466414 2834.513615 2867.631025 2793.931326 2849.444309 2872.436514 2876.243406 2893.086015 2932.724104 2984.862870 3010.845303 2993.864044 2985.562842 2993.797391 3006.490049 3028.595011 3028.735552 3029.559434 3032.803347 3039.238911 3038.296277 3013.813065 2981.278644 2976.928087 2967.481121 2933.583765 2864.048621 2831.745640 2804.736675 2889.337111 2829.089010 2767.958744 2757.271807 2697.853011 2637.047830 2576.066663 2555.927489 2525.292791 2499.941093 2473.448101 2476.592758 2480.560266 2459.527895 2425.265005 2391.553330 2375.360796 2355.252678 2342.426875 2371.830159 2388.491232 2417.680586 -9999.0 -9999.0 -9999.0 -9999.0
-9999.0 -9999.0 1999.684021 2047.153082 2105.434191 2114.413043 2112.978055 2119.734519 2149.916244 2203.499114 2274.922272 2320.248057 2357.457784 2391.946110 2450.249875 2521.782764 2590.551643 2637.769467 2703.669068 2779.443840 2847.125228 2882.624801 2899.908973 2814.586600 2867.042216 2931.909499 2958.577381 2983.995856 3004.863078 3038.609613 3037.964499 3049.811787 3060.600524 3069.417321 3080.732443 3085.882688 3081.700586 3077.248834 3059.115522 3054.583706 3061.195906 3067.901547 3067.887891 3053.742934 3049.810958 3064.259857 3069.578465 3068.098189 3066.398411 3072.100175 3070.829988 3026.681371 3001.661671 2987.630827 2986.675055 2942.098749 2877.628012 2843.379958 2824.051230 2906.137738 2823.035947 2771.105385 2718.845203 2672.004627 2618.194804 2591.245345 2547.050856 2506.079661 2459.403292 2411.844087 2386.574557 2367.664221 2363.965260 2362.285307 2378.002132 2392.460792 2407.393887 2414.970243 -9999.0 -9999.0
-9999.0 1892.169376 1964.103077 2088.507237 2168.752978 2211.542831 2233.422916 2248.956206 2280.072785 2314.732842 2412.891714 2484.105273 2572.809305 2613.497453 2661.670105 2760.354945 2860.543861 2799.496228 2835.650848 2894.410907 2956.169579 2993.352658 3018.621927 3009.399488 3045.363290 3067.368793 3072.949258 3078.098132 3076.180630 3067.864122 3060.582805 3067.545172 3064.994416 3046.621249 3031.312347 3029.852375 3026.626081 3004.040414 2986.009797 2971.242728 2973.571992 2988.722103 2984.795102 2963.979296 2959.768978 2980.791301 2992.060014 2981.858096 2978.171442 2985.299924 3018.821858 3041.501051 3046.038490 3063.616966 3084.506310 3056.988056 3033.109442 2991.488324 2984.419736 2959.427285 2904.257065 2849.244721 2801.660425 2861.587239 2793.458338 2728.999015 2666.143880 2603.279332 2538.611499 2496.109997 2463.462973 2412.543923 2392.023882 2393.626795 2384.875245 2381.567234 2386.859745 2392.870043 -9999.0 -9999.0
-9999.0 1802.478685 1943.079042 2124.374060 2271.549229 2323.232709 2406.208541 2477.761970 2503.660995 2466.029768 2576.634219 2803.111856 2821.667569 2835.653732 2906.321389 2987.584719 2982.851669 3011.872743 3032.914782 3050.872669 3065.462973 3077.016409 3074.590244 3068.639278 3052.729599 3044.860766 3044.158092 3042.245443 3025.517836 3007.162243 2990.806704 2988.308290 2980.517963 2934.487798 2902.237306 2886.023146 2869.889806 2855.337070 2827.063875 2801.973208 2924.734563 2799.798156 2795.898815 2921.022363 2916.837326 2795.874866 2826.367682 2822.683448 2831.769336 2850.841274 2886.270414 2922.916216 2941.882422 2970.391037 2996.040546 3041.109980 3052.053059 3073.898492 3077.552617 3063.949306 3019.757482 2979.459236 2950.276152 2895.889765 2835.953517 2884.235003 2818.939933 2756.771721 2687.456740 2638.549408 2585.346708 2522.526355 2468.893143 2450.391907 2411.785608 2394.241476 -9999.0 -9999.0 -9999.0 -9999.0
-9999.0 1709.953617 1892.995465 2140.449536 2428.893008 2521.249949 2731.269460 2801.208591 2841.610346 2905.126567 2823.836410 2993.100100 3035.400607 3027.759677 3033.914564 3035.518888 3048.642430 3048.597271 3043.578480 3032.996001 3024.000089 3019.885337 3018.640552 3010.841398 2998.477708 2984.180797 2982.047228 2971.006174 2935.683687 2904.605755 2868.145478 2856.096253 2815.966559 2834.442863 2787.960902 2747.039903 2687.456507 2687.496357 2691.143019 2665.142566 2649.255907 2622.696824 2649.656226 2661.248953 2664.720983 2660.208118 2671.949343 2700.550134 2747.458827 2783.826267 2828.163865 2883.453301 2795.526286 2834.166624 2874.676932 2926.423383 2956.483239 2985.104739 3022.138928 3058.544819 3080.719073 3068.248286 3047.419646 3005.610363 2955.416432 2906.035545 2877.078437 2827.087926 2862.055411 2803.688491 2744.776126 2678.714743 2604.793939 2534.551312 2494.556259 -9999.0 -9999.0 -9999.0 -9999.0 -9999.0
-9999.0 1505.297716 1770.518998 2045.638781 2337.915296 2678.391438 2795.863882 2895.695567 2956.203329 2928.817793 2942.380893 2952.073633 2981.346965 2986.960587 2972.905565 2960.680054 2945.059647 2943.989252 2956.931479 2930.676711 2901.812570 2889.236273 2889.982608 2879.221392 2856.199506 2841.128175 2831.611098 2814.002791 2888.689075 2830.318718 2739.984577 2701.035958 2616.168566 2567.517389 2523.920940 2473.412876 2424.609937 2427.788452 2451.306922 2441.728116 2421.711231 2404.545079 2433.259906 2454.653227 2467.682251 2452.950776 2459.939072 2493.226709 2540.934161 2583.942426 2632.471096 2689.423236 2736.266766 2784.566222 2816.456256 2867.684736 2792.465502 2833.489695 2902.334200 2977.567519 3001.975539 3034.996765 3065.619616 3086.684903 3044.926333 3017.095209 2994.545796 2977.409857 2931.127137 2886.303861 2845.903292 2783.341582 2762.712547 -9999.0 -9999.0 -9999.0 -9999.0 -9999.0 -9999.0 -9999.0
-9999.0 1386.947116 1590.672699 1797.846932 2062.059352 2296.871473 2510.528666 2613.340945 2697.166732 2763.265692 2820.080763 2866.214945 2792.640967 2813.194266 2790.672304 2855.680874 2818.691327 2818.336948 2808.783204 2785.487680 2757.197950 2744.125830 2742.421960 2737.736279 2716.121177 2704.373979 2694.842809 2669.942935 2639.613272 2581.056287 2501.579737 2424.230425 2365.535461 2338.339705 2310.495901 2279.850952 2249.371049 2261.418617 2274.164992 2274.145892 2266.737946 2265.976757 2295.154023 2314.213032 2323.888452 2312.582844 2331.031787 2355.499492 2394.703811 2437.215637 2485.273467 2538.861049 2592.467538 2620.502731 2632.573297 2655.756729 2696.011359 2751.811193 2840.041417 2808.718381 2882.126344 2926.300818 2975.800272 3004.646962 3030.584492 3059.241208 3078.521547 3069.141201 3044.935636 3012.856101 2959.749906 -9999.0 -9999.0 -9999.0 -9999.0 -9999.0 -9999.0 -9999.0 -9999.0 -9999.0
-9999.0 -9999.0 1361.476701 1524.110042 1638.085210 1807.217433 1952.695986 2062.193868 2161.092373 2296.207544 2417.371125 2513.856105 2561.447052 2579.426680 2565.078046 2533.879734 2511.009824 2507.364467 2494.235455 2484.899598 2467.818445 2461.479950 2449.589969 2442.349551 2436.138690 2433.502786 2429.588733 2419.859674 2399.136008 2352.900869 2308.412072 2259.353929 2208.091674 2183.361712 2162.406178 2142.719980 2144.201956 2139.878819 2145.709497 2148.560365 2157.382344 2171.108168 2190.932136 2213.498680 2223.232730 2232.770327 2244.365284 2266.965618 2298.514961 2339.679305 2392.930941 2450.938657 2490.857322 2503.223228 2492.574948 2496.194432 2513.607373 2554.043934 2631.116381 2714.853117 2815.575138 2892.829500 2834.066500 2888.264948 2913.817953 2949.499493 3008.790584 3056.340450 3094.512059 3072.487449 -9999.0 -9999.0 -9999.0 -9999.0 -9999.0 -9999.0 -9999.0 -9999.0 -9999.0 -9999.0
-9999.0 -9999.0 -9999.0 -9999.0 1382.819924 1532.751080 1629.624542 1710.891647 1843.574007 1971.701274 2078.233728 2166.441880 2233.992182 2261.644619 2259.989334 2269.940398 2265.073197 2255.317878 2243.633312 2245.020133 2246.947344 2240.504112 2225.691397 2219.623983 2222.712366 2229.597123 2227.582187 2214.241414 2195.778252 2176.765625 2159.491353 2126.551345 2092.250644 2063.643801 2050.898930 2046.551456 2046.653073 2039.506882 2048.358936 2056.910495 2072.791377 2088.123554 2111.754170 2140.948549 2155.145850 2169.824259 2178.920431 2198.365546 2228.119088 2280.802366 2343.813689 2401.515903 2438.132206 2442.512026 2418.178394 2402.181591 2397.213560 2423.465336 2465.715540 2528.938211 2629.939685 2706.820959 2765.094307 2815.732301 2859.498649 2793.819817 2882.662250 2959.757858 -9999.0 -9999.0 -9999.0 -9999.0 -9999.0 -9999.0 -9999.0 -9999.0 -9999.0 -9999.0 -9999.0 -9999.0
-9999.0 -9999.0 -9999.0 -9999.0 -9999.0 -9999.0 1350.465111 1454.333123 1528.316261 1675.520497 1815.451916 1921.859899 2005.087993 2039.532552 2069.609100 2097.238517 2095.196122 2074.501566 2053.071730 2072.939889 2089.556079 2083.793228 2053.340899 2054.620698 2061.221995 2069.755136 2067.693505 2061.659437 2036.777488 2050.759580 2053.185019 2030.235106 2004.675054 1991.534284 1979.958989 1989.859789 1990.227616 1976.453308 1976.423017 2004.092250 2024.984094 2038.079723 2059.470660 2092.598192 2124.959241 2140.358469 2141.415895 2146.712288 2184.910906 2254.323689 2326.020221 2381.763352 2414.571703 2422.647692 2396.135537 2355.994564 2335.510932 2341.725814 2374.760020 2424.588467 2498.903955 2547.504915 2573.065179 2588.219931 2611.182331 2712.489210 -9999.0 -9999.0 -9999.0 -9999.0 -9999.0 -9999.0 -9999.0 -9999.0 -9999.0 -9999.0 -9999.0 -9999.0 -9999.0 -9999.0
-9999.0 -9999.0 -9999.0 -9999.0 -9999.0 -9999.0 -9999.0 -9999.0 -9999.0 -9999.0 -9999.0 -9999.0 -9999.0 -9999.0 -9999.0 -9999.0 -9999.0 -9999.0 -9999.0 -9999.0 -9999.0 -9999.0 -9999.0 -9999.0 -9999.0 -9999.0 -9999.0 -9999.0 -9999.0 -9999.0 -9999.0 -9999.0 -9999.0 -9999.0 -9999.0 -9999.0 -9999.0 -9999.0 -9999.0 -9999.0 -9999.0 -9999.0 -9999.0 -9999.0 -9999.0 -9999.0 -9999.0 -9999.0 -9999.0 -9999.0 -9999.0 -9999.0 -9999.0 -9999.0 -9999.0 -9999.0 -9999.0 -9999.0 -9999.0 -9999.0 -9999.0 -9999.0 -9999.0 -9999.0 -9999.0 -9999.0 -9999.0 -9999.0 -9999.0 -9999.0 -9999.0 -9999.0 -9999.0 -9999.0 -9999.0 -9999.0 -9999.0 -9999.0 -9999.0 -9999.0
-9999.0 -9999.0 -9999.0 -9999.0 -9999.0 -9999.0 -9999.0 -9999.0 -9999.0 -9999.0 -9999.0 -9999.0 -9999.0 -9999.0 -9999.0 -9999.0 -9999.0 -9999.0 -9999.0 -9999.0 -9999.0 -9999.0 -9999.0 -9999.0 -9999.0 -9999.0 -9999.0 -9999.0 -9999.0 -9999.0 -9999.0 -9999.0 -9999.0 -9999.0 -9999.0 -9999.0 -9999.0 -9999.0 -9999.0 -9999.0 -9999.0 -9999.0 -9999.0 -9999.0 -9999.0 -9999.0 -9999.0 -9999.0 -9999.0 -9999.0 -9999.0 -9999.0 -9999.0 -9999.0 -9999.0 -9999.0 -9999.0 -9999.0 -9999.0 -9999.0 -9999.0 -9999.0 -9999.0 -9999.0 -9999.0 -9999.0 -9999.0 -9999.0 -9999.0 -9999.0 -9999.0 -9999.0 -9999.0 -9999.0 -9999.0 -9999.0 -9999.0 -9999.0 -9999.0 -9999.0