Borden_/Borden1m_014/output_maps/psiliqL0029N0032.asc
ncols         80
nrows         18
xllcorner     620200.000000
yllcorner     5168000.000000
cellsize      1.000000
NODATA_value  -9999.0
-9999.0 -9999.0 -9999.0 -9999.0 -9999.0 -9999.0 -9999.0 -9999.0 -9999.0 -9999.0 -9999.0 -9999.0 -9999.0 -9999.0 -9999.0 -9999.0 -9999.0 -9999.0 -9999.0 -9999.0 -9999.0 -9999.0 -9999.0 -9999.0 -9999.0 -9999.0 -9999.0 -9999.0 -9999.0 -9999.0 -9999.0 -9999.0 -9999.0 -9999.0 -9999.0 -9999.0 -9999.0 -9999.0 -9999.0 -9999.0 -9999.0 -9999.0 -9999.0 -9999.0 -9999.0 -9999.0 -9999.0 -9999.0 -9999.0 -9999.0 -9999.0 -9999.0 -9999.0 -9999.0 -9999.0 -9999.0 -9999.0 -9999.0 -9999.0 -9999.0 -9999.0 -9999.0 -9999.0 -9999.0 -9999.0 -9999.0 -9999.0 -9999.0 -9999.0 -9999.0 -9999.0 -9999.0 -9999.0 -9999.0 -9999.0 -9999.0 -9999.0 -9999.0 -9999.0 -9999.0
-9999.0 -9999.0 -9999.0 -9999.0 -9999.0 -9999.0 -9999.0 -9999.0 -9999.0 -9999.0 -9999.0 -9999.0 -9999.0 -9999.0 -9999.0 -9999.0 -9999.0 -9999.0 -9999.0 -9999.0 -9999.0 -9999.0 -9999.0 -9999.0 -9999.0 -9999.0 -9999.0 -9999.0 -9999.0 -9999.0 -9999.0 -9999.0 -9999.0 -9999.0 -9999.0 -9999.0 -9999.0 -9999.0 -9999.0 -9999.0 -9999.0 -9999.0 -9999.0 -9999.0 -9999.0 -9999.0 -9999.0 -9999.0 -9999.0 -9999.0 -9999.0 -9999.0 -9999.0 -9999.0 -9999.0 -9999.0 -9999.0 -9999.0 -9999.0 -9999.0 -9999.0 -9999.0 -9999.0 -9999.0 -9999.0 -9999.0 -9999.0 -9999.0 -9999.0 -9999.0 -9999.0 -9999.0 -9999.0 -9999.0 -9999.0 -9999.0 -9999.0 -9999.0 -9999.0 -9999.0
-9999.0 -9999.0 -9999.0 -9999.0 -9999.0 -9999.0 -9999.0 -9999.0 -9999.0 -9999.0 -9999.0 -9999.0 -9999.0 -9999.0 -9999.0 -9999.0 -9999.0 -9999.0 -9999.0 -9999.0 3925.068040 3925.622349 3904.003203 3869.686836 3841.235236 3842.814944 3875.156478 3915.458929 3954.169300 3960.731874 3941.149645 3945.076619 3940.483571 3934.988089 3934.475115 3942.300143 3949.407951 3958.651599 3965.191564 3962.385231 3954.693874 3949.693950 3952.859334 3954.100361 3960.588806 3945.173307 3961.662966 3978.201209 3982.739943 3980.530531 3957.514641 3946.432625 3938.727300 3923.223993 3950.440602 3962.225838 3986.056020 3990.985117 3989.120259 3962.679923 3932.778656 -9999.0 -9999.0 -9999.0 -9999.0 -9999.0 -9999.0 -9999.0 -9999.0 -9999.0 -9999.0 -9999.0 -9999.0 -9999.0 -9999.0 -9999.0 -9999.0 -9999.0 -9999.0 -9999.0
-9999.0 -9999.0 -9999.0 -9999.0 -9999.0 -9999.0 -9999.0 -9999.0 -9999.0 -9999.0 -9999.0 -9999.0 -9999.0 -9999.0 3835.110705 3826.450109 3823.356367 3830.142446 3862.105518 3892.170870 3903.560816 3895.882357 3895.398931 3870.116429 3846.406586 3858.346614 3887.331009 3917.196570 3950.008624 3966.368426 3955.226412 3952.272289 3958.236617 3976.051476 3982.625139 3978.621629 3961.396436 3985.847396 3998.370564 4001.698608 3999.350092 3989.145251 3996.784231 4010.347551 4003.184969 3988.353306 4000.762009 4016.529389 4026.843111 4020.049247 3963.338226 3953.225202 3950.479647 3947.355191 3934.812149 3931.895043 3961.375504 3961.223453 3954.643857 3937.988777 3904.865899 3859.694439 3841.057758 3882.602236 3926.637698 3983.111431 -9999.0 -9999.0 -9999.0 -9999.0 -9999.0 -9999.0 -9999.0 -9999.0 -9999.0 -9999.0 -9999.0 -9999.0 -9999.0 -9999.0
-9999.0 -9999.0 -9999.0 -9999.0 -9999.0 -9999.0 -9999.0 -9999.0 -9999.0 3777.814885 3783.985381 3790.634877 3792.893650 3807.599589 3803.806395 3810.335796 3813.196576 3840.161714 3868.868990 3901.593254 3927.756360 3918.159963 3916.095821 3918.007258 3909.655814 3916.018304 3935.817339 3971.486537 4000.519812 4034.391592 3999.516157 3993.777274 4010.733323 4050.397490 4070.642960 4071.032281 4052.088708 4071.117557 4094.317989 4108.416856 4104.321670 4097.476883 4124.024738 4139.819268 4131.488059 4109.130422 4110.688396 4120.049236 4150.316506 4099.363750 4032.960569 3997.701697 4016.602371 3997.605269 3974.798712 3966.298065 3968.233988 3989.068142 3978.472473 3945.666865 3913.487518 3901.922591 3885.679483 3908.237139 3932.265015 3979.185503 4019.774046 4050.144285 4049.744368 4032.710277 -9999.0 -9999.0 -9999.0 -9999.0 -9999.0 -9999.0 -9999.0 -9999.0 -9999.0 -9999.0
-9999.0 -9999.0 -9999.0 -9999.0 -9999.0 -9999.0 3699.406968 3709.991836 3730.598490 3732.361901 3758.800778 3763.171295 3781.164368 3797.396994 3818.797640 3830.194328 3853.409788 3882.144498 3916.458578 3952.222889 3978.293336 3964.737487 3968.866581 3985.179710 4008.422381 4024.465346 4046.589060 4084.287990 4156.566532 4192.368866 4181.258400 4181.170780 4189.160423 4240.182583 4304.385800 4314.147854 4293.289061 4280.720595 4305.731555 4344.238978 4340.774682 4339.413666 4353.874142 4365.333127 4392.360437 4380.414369 4344.523024 4341.187483 4350.180299 4324.921722 4252.849064 4196.678760 4181.251515 4133.847000 4049.162088 4009.211135 4037.846338 4068.405931 4048.643506 4000.140963 3969.958459 3966.061827 3956.286723 3951.403359 3965.829985 3990.075144 4014.653701 4029.381319 4017.959274 3997.371237 3976.184574 3948.357792 3951.375931 3976.400977 -9999.0 -9999.0 -9999.0 -9999.0 -9999.0 -9999.0
-9999.0 -9999.0 -9999.0 -9999.0 3650.329155 3662.916805 3647.023371 3673.093871 3704.382320 3737.323541 3763.204433 3793.103178 3814.741510 3840.081714 3870.831179 3889.103133 3918.354063 3946.385038 3991.748225 4051.188946 4093.880884 4104.805391 4112.271763 4162.436514 4218.280628 4264.423809 4283.199974 4309.701477 4357.897936 4415.012117 4436.786523 4438.843766 4455.855406 4501.797721 4561.105741 4597.106976 4578.957932 4569.402394 4580.865215 4596.357476 4618.532553 4618.552390 4619.711117 4624.517249 4633.084488 4630.711154 4602.749677 4568.686799 4555.488599 4544.731382 4503.461221 4429.423157 4400.712673 4370.382640 4323.411701 4267.382738 4224.277481 4229.382154 4173.824587 4117.774736 4070.273777 4065.522188 4047.449191 4033.460532 4018.667513 4033.273436 4047.061276 4033.032366 4003.376615 3974.691144 3962.287456 3945.147361 3933.847186 3965.438345 3983.511934 4012.817669 -9999.0 -9999.0 -9999.0 -9999.0
-9999.0 -9999.0 3591.910526 3635.916546 3692.503620 3697.341934 3688.071124 3689.496596 3714.660448 3762.527749 3821.139756 3854.398350 3879.474496 3908.969446 3957.465194 4015.241682 4072.910539 4115.109243 4174.114967 4244.538185 4303.903784 4330.029298 4338.029318 4374.406015 4430.718550 4503.109002 4532.350868 4559.812343 4593.164690 4631.610891 4618.029149 4627.857678 4641.471638 4657.124609 4674.767147 4683.330869 4677.945070 4673.226324 4654.355617 4648.698956 4655.087769 4664.063965 4662.353737 4647.287549 4643.288051 4658.693385 4665.587838 4663.060465 4659.421601 4663.706107 4656.801179 4605.310750 4593.219300 4577.120986 4563.903900 4516.331287 4447.763214 4416.648381 4393.594702 4350.795582 4276.405177 4241.315700 4203.159033 4170.141142 4134.507650 4124.249185 4093.923085 4063.007775 4025.243622 3985.202641 3966.893672 3953.471809 3953.563439 3954.356932 3972.538416 3988.335048 4004.410550 4012.534603 -9999.0 -9999.0
-9999.0 3480.195904 3550.372599 3669.980752 3746.387003 3780.455688 3782.151776 3779.554084 3803.864691 3838.226454 3920.522937 3960.653004 4043.309595 4082.578712 4121.944655 4212.059524 4309.102774 4354.087124 4395.027193 4462.344451 4531.058989 4579.557911 4606.607488 4576.892101 4618.890422 4653.970511 4663.858095 4672.176811 4673.543766 4664.894226 4658.965989 4665.418175 4662.151294 4642.336529 4625.659990 4623.674375 4620.127826 4596.254309 4568.287667 4552.166156 4552.925655 4578.589820 4564.953256 4543.303141 4538.776516 4560.866599 4583.288478 4572.226471 4558.883047 4575.660077 4611.072622 4637.625032 4636.345069 4655.565752 4676.843134 4646.700224 4627.173437 4581.691100 4564.215934 4538.333485 4479.846807 4424.842612 4376.055133 4327.822601 4276.103501 4228.893092 4181.804837 4134.988626 4082.681494 4050.419645 4027.005990 3985.784874 3974.894028 3982.359865 3978.256407 3977.029401 3983.759315 3990.392080 -9999.0 -9999.0
-9999.0 3378.750564 3515.998449 3690.741708 3831.284552 3866.973971 3918.001583 3968.515157 3979.896263 3918.466439 4020.404265 4240.580693 4371.586713 4391.502651 4470.337181 4569.945262 4543.869509 4576.616654 4601.259186 4632.383330 4657.299876 4673.461173 4672.217219 4667.583440 4650.680402 4642.579395 4641.588246 4639.335203 4621.442883 4602.043306 4584.905695 4581.285632 4562.466697 4510.432652 4476.258089 4457.701188 4436.579874 4423.813072 4397.270577 4370.698124 4353.015730 4361.571641 4361.331156 4348.835594 4344.447882 4361.883594 4392.904159 4392.310450 4406.176911 4426.224333 4461.856646 4501.279904 4520.872923 4550.631029 4586.843022 4636.783746 4644.071559 4666.907556 4669.349673 4661.039140 4612.903465 4560.151997 4530.228571 4473.853171 4414.146965 4352.315109 4302.759354 4257.877948 4202.196420 4168.966004 4130.583390 4077.217185 4036.554687 4032.046123 3999.661992 3988.069511 -9999.0 -9999.0 -9999.0 -9999.0
-9999.0 3268.981340 3444.868223 3676.836252 3976.113860 4038.440955 4243.287535 4358.281944 4395.855686 4465.749738 4321.504435 4548.621003 4608.269867 4605.039806 4627.162122 4631.405285 4646.457009 4645.426674 4640.316987 4629.022665 4619.050000 4614.180476 4613.245430 4605.257160 4592.458430 4577.640852 4565.480983 4553.581654 4515.942239 4483.164066 4441.815326 4428.717075 4381.036200 4287.616706 4248.955741 4208.453872 4145.038134 4148.905378 4159.432464 4135.994500 4115.800490 4085.004226 4116.949870 4129.828810 4134.823399 4128.332318 4136.454779 4167.518470 4217.619801 4252.756955 4291.695128 4340.314929 4371.517438 4411.076161 4450.524149 4503.417052 4535.476897 4564.815602 4615.273747 4652.654280 4675.720950 4660.665809 4643.569391 4597.029078 4536.049399 4486.268107 4456.462077 4404.848147 4360.908131 4317.613506 4271.122545 4218.377519 4156.755005 4108.763617 4075.854045 -9999.0 -9999.0 -9999.0 -9999.0 -9999.0
-9999.0 3032.687226 3294.034423 3551.452353 3813.946395 4163.428178 4351.476612 4441.997428 4507.350848 4497.217432 4527.111852 4531.736437 4569.599603 4577.900542 4556.678163 4541.907516 4522.994513 4521.904219 4535.082662 4507.111978 4476.037401 4462.241095 4463.246399 4452.577758 4428.167466 4413.332687 4404.156398 4385.044708 4341.771757 4290.388083 4204.288402 4166.939876 4085.714222 4050.933949 4015.829058 3968.866986 3925.519286 3932.664408 3959.247704 3951.630959 3931.287982 3914.752651 3945.047607 3967.008782 3980.738081 3963.358999 3969.692103 4004.210141 4050.623799 4091.130097 4134.682387 4182.564689 4225.042425 4263.548163 4282.895175 4320.841641 4363.360113 4405.411257 4476.499457 4556.992767 4594.367820 4629.938031 4657.753645 4680.147949 4636.606814 4611.260220 4586.821725 4562.490535 4515.348239 4469.420790 4428.819077 4362.666720 4303.077081 -9999.0 -9999.0 -9999.0 -9999.0 -9999.0 -9999.0 -9999.0
-9999.0 2926.284223 3108.041838 3284.817330 3520.641584 3749.124973 3982.996113 4073.051640 4144.695717 4228.376317 4289.133983 4329.403883 4355.235768 4377.472800 4355.095131 4307.260880 4274.115394 4279.407180 4269.055325 4248.757920 4221.395936 4208.857076 4205.870934 4201.513611 4180.923098 4171.478126 4165.263978 4147.686834 4123.676477 4070.635302 4000.686202 3926.383776 3874.264053 3858.201642 3837.610717 3812.538031 3788.741334 3803.018209 3815.643534 3816.886349 3811.870331 3813.273287 3842.306453 3862.570459 3871.960591 3861.560120 3879.661517 3901.964206 3937.860853 3976.672998 4020.884806 4070.554192 4118.644050 4137.370337 4137.347463 4146.182436 4172.168582 4214.491716 4290.456165 4377.067894 4457.466992 4504.092643 4555.740273 4596.819958 4626.272403 4648.798127 4673.045427 4667.519106 4640.392881 4606.319696 4546.009460 -9999.0 -9999.0 -9999.0 -9999.0 -9999.0 -9999.0 -9999.0 -9999.0 -9999.0
-9999.0 -9999.0 2886.007584 3025.130398 3104.515336 3256.279129 3392.239437 3496.883272 3602.582534 3753.802850 3882.598739 3980.372173 4028.530332 4044.444832 4031.251643 4004.712603 3988.990827 3988.447424 3976.188647 3971.368007 3958.970280 3954.552992 3942.266637 3935.185611 3933.259247 3934.388533 3933.236570 3926.189408 3911.205993 3871.554100 3838.576721 3796.630867 3752.844945 3733.016378 3716.792461 3702.050524 3708.643976 3703.858611 3709.732897 3713.521911 3724.485477 3739.486932 3758.691204 3781.793313 3791.498425 3802.255520 3812.594251 3833.546731 3862.557160 3902.211697 3953.100644 4007.610230 4042.989446 4048.780038 4029.035107 4021.888460 4027.485197 4053.883281 4114.034152 4181.684493 4273.035837 4339.652685 4406.990819 4464.000789 4491.395834 4527.807606 4599.909200 4648.076022 4692.858101 4670.325494 -9999.0 -9999.0 -9999.0 -9999.0 -9999.0 -9999.0 -9999.0 -9999.0 -9999.0 -9999.0
-9999.0 -9999.0 -9999.0 -9999.0 2884.637369 3021.564192 3115.573112 3189.064328 3322.650323 3455.323516 3562.370405 3651.311500 3723.420924 3750.040857 3753.724558 3775.204622 3775.859217 3765.572683 3754.323136 3761.659465 3769.131231 3763.692816 3746.159816 3741.079322 3747.134043 3757.413364 3757.339482 3746.404078 3730.026566 3720.799937 3712.468713 3685.022271 3655.968813 3631.078197 3621.453749 3621.087886 3622.705142 3615.510810 3624.556436 3634.803984 3651.474582 3666.809361 3690.304234 3720.368983 3735.503067 3750.100830 3758.105076 3775.662037 3803.688777 3854.666559 3915.989209 3972.405875 4006.269889 4005.981386 3976.583214 3953.622246 3939.306277 3954.778380 3981.258341 4029.326153 4117.766883 4179.604725 4222.992728 4260.198366 4296.546210 4363.414466 4460.962185 4543.810886 -9999.0 -9999.0 -9999.0 -9999.0 -9999.0 -9999.0 -9999.0 -9999.0 -9999.0 -9999.0 -9999.0 -9999.0
-9999.0 -9999.0 -9999.0 -9999.0 -9999.0 -9999.0 2862.631476 2968.940105 3022.004293 3177.864996 3328.560186 3438.078631 3522.815724 3560.926772 3598.477471 3630.804682 3632.603343 3611.688418 3588.837753 3612.362631 3634.395183 3628.168575 3595.097614 3598.259863 3607.528338 3616.781691 3615.977686 3612.469494 3590.644427 3612.316799 3621.114407 3601.640368 3579.445386 3570.020721 3560.761878 3572.561320 3574.030750 3560.327249 3559.264814 3588.385125 3610.271611 3623.226519 3643.964111 3677.204331 3709.719252 3725.480354 3725.938720 3729.737596 3764.766752 3832.164306 3903.005491 3958.162901 3989.113431 3993.265751 3961.806817 3916.160768 3889.061360 3886.414514 3908.815043 3945.728078 4005.052025 4039.622787 4047.288880 4044.416203 4053.871707 4155.789827 -9999.0 -9999.0 -9999.0 -9999.0 -9999.0 -9999.0 -9999.0 -9999.0 -9999.0 -9999.0 -9999.0 -9999.0 -9999.0 -9999.0
-9999.0 -9999.0 -9999.0 -9999.0 -9999.0 -9999.0 -9999.0 -9999.0 -9999.0 -9999.0 -9999.0 -9999.0 -9999.0 -9999.0 -9999.0 -9999.0 -9999.0 -9999.0 -9999.0 -9999.0 -9999.0 -9999.0 -9999.0 -9999.0 -9999.0 -9999.0 -9999.0 -9999.0 -9999.0 -9999.0 -9999.0 -9999.0 -9999.0 -9999.0 -9999.0 -9999.0 -9999.0 -9999.0 -9999.0 -9999.0 -9999.0 -9999.0 -9999.0 -9999.0 -9999.0 -9999.0 -9999.0 -9999.0 -9999.0 -9999.0 -9999.0 -9999.0 -9999.0 -9999.0 -9999.0 -9999.0 -9999.0 -9999.0 -9999.0 -9999.0 -9999.0 -9999.0 -9999.0 -9999.0 -9999.0 -9999.0 -9999.0 -9999.0 -9999.0 -9999.0 -9999.0 -9999.0 -9999.0 -9999.0 -9999.0 -9999.0 -9999.0 -9999.0 -9999.0 -9999.0
-9999.0 -9999.0 -9999.0 -9999.0 -9999.0 -9999.0 -9999.0 -9999.0 -9999.0 -9999.0 -9999.0 -9999.0 -9999.0 -9999.0 -9999.0 -9999.0 -9999.0 -9999.0 -9999.0 -9999.0 -9999.0 -9999.0 -9999.0 -9999.0 -9999.0 -9999.0 -9999.0 -9999.0 -9999.0 -9999.0 -9999.0 -9999.0 -9999.0 -9999.0 -9999.0 -9999.0 -9999.0 -9999.0 -9999.0 -9999.0 -9999.0 -9999.0 -9999.0 -9999.0 -9999.0 -9999.0 -9999.0 -9999.0 -9999.0 -9999.0 -9999.0 -9999.0 -9999.0 -9999.0 -9999.0 -9999.0 -9999.0 -9999.0 -9999.0 -9999.0 -9999.0 -9999.0 -9999.0 -9999.0 -9999.0 -9999.0 -9999.0 -9999.0 -9999.0 -9999.0 -9999.0 -9999.0 -9999.0 -9999.0 -9999.0 -9999.0 -9999.0 -9999.0 -9999.0 -9999.0