Borden_/Borden1m_014/output_maps/psiliqL0004N0006.asc
ncols         80
nrows         18
xllcorner     620200.000000
yllcorner     5168000.000000
cellsize      1.000000
NODATA_value  -9999.0
-9999.0 -9999.0 -9999.0 -9999.0 -9999.0 -9999.0 -9999.0 -9999.0 -9999.0 -9999.0 -9999.0 -9999.0 -9999.0 -9999.0 -9999.0 -9999.0 -9999.0 -9999.0 -9999.0 -9999.0 -9999.0 -9999.0 -9999.0 -9999.0 -9999.0 -9999.0 -9999.0 -9999.0 -9999.0 -9999.0 -9999.0 -9999.0 -9999.0 -9999.0 -9999.0 -9999.0 -9999.0 -9999.0 -9999.0 -9999.0 -9999.0 -9999.0 -9999.0 -9999.0 -9999.0 -9999.0 -9999.0 -9999.0 -9999.0 -9999.0 -9999.0 -9999.0 -9999.0 -9999.0 -9999.0 -9999.0 -9999.0 -9999.0 -9999.0 -9999.0 -9999.0 -9999.0 -9999.0 -9999.0 -9999.0 -9999.0 -9999.0 -9999.0 -9999.0 -9999.0 -9999.0 -9999.0 -9999.0 -9999.0 -9999.0 -9999.0 -9999.0 -9999.0 -9999.0 -9999.0
-9999.0 -9999.0 -9999.0 -9999.0 -9999.0 -9999.0 -9999.0 -9999.0 -9999.0 -9999.0 -9999.0 -9999.0 -9999.0 -9999.0 -9999.0 -9999.0 -9999.0 -9999.0 -9999.0 -9999.0 -9999.0 -9999.0 -9999.0 -9999.0 -9999.0 -9999.0 -9999.0 -9999.0 -9999.0 -9999.0 -9999.0 -9999.0 -9999.0 -9999.0 -9999.0 -9999.0 -9999.0 -9999.0 -9999.0 -9999.0 -9999.0 -9999.0 -9999.0 -9999.0 -9999.0 -9999.0 -9999.0 -9999.0 -9999.0 -9999.0 -9999.0 -9999.0 -9999.0 -9999.0 -9999.0 -9999.0 -9999.0 -9999.0 -9999.0 -9999.0 -9999.0 -9999.0 -9999.0 -9999.0 -9999.0 -9999.0 -9999.0 -9999.0 -9999.0 -9999.0 -9999.0 -9999.0 -9999.0 -9999.0 -9999.0 -9999.0 -9999.0 -9999.0 -9999.0 -9999.0
-9999.0 -9999.0 -9999.0 -9999.0 -9999.0 -9999.0 -9999.0 -9999.0 -9999.0 -9999.0 -9999.0 -9999.0 -9999.0 -9999.0 -9999.0 -9999.0 -9999.0 -9999.0 -9999.0 -9999.0 -860.592704 -857.298202 -880.206011 -913.889338 -942.146206 -940.927760 -907.071321 -867.602339 -831.445276 -821.341385 -839.506230 -838.818866 -844.502403 -844.574105 -841.679376 -836.364645 -834.509709 -823.207562 -814.998483 -815.252067 -821.336989 -827.191419 -829.282366 -825.705743 -820.933840 -828.602160 -815.514098 -800.384203 -793.536376 -798.148335 -824.480779 -839.663327 -846.810074 -860.224340 -835.515208 -822.393654 -799.133172 -794.336516 -794.701202 -820.946519 -850.277700 -9999.0 -9999.0 -9999.0 -9999.0 -9999.0 -9999.0 -9999.0 -9999.0 -9999.0 -9999.0 -9999.0 -9999.0 -9999.0 -9999.0 -9999.0 -9999.0 -9999.0 -9999.0 -9999.0
-9999.0 -9999.0 -9999.0 -9999.0 -9999.0 -9999.0 -9999.0 -9999.0 -9999.0 -9999.0 -9999.0 -9999.0 -9999.0 -9999.0 -947.098376 -957.763998 -961.352976 -953.700726 -921.113943 -892.483438 -880.357953 -888.414617 -888.746768 -912.405793 -932.561916 -919.213551 -891.518666 -861.917552 -829.576464 -809.964120 -823.336173 -826.611478 -816.436732 -788.992126 -774.546010 -777.600383 -799.256865 -777.513319 -761.768306 -752.319615 -753.506254 -762.164286 -747.406099 -731.380092 -737.966109 -755.165647 -752.474091 -741.221994 -725.992437 -740.335420 -803.527772 -823.901610 -825.508046 -830.906333 -842.791198 -848.772716 -823.919422 -822.046058 -829.396660 -846.103696 -876.790655 -919.474096 -936.301446 -898.157138 -853.832442 -795.687847 -9999.0 -9999.0 -9999.0 -9999.0 -9999.0 -9999.0 -9999.0 -9999.0 -9999.0 -9999.0 -9999.0 -9999.0 -9999.0 -9999.0
-9999.0 -9999.0 -9999.0 -9999.0 -9999.0 -9999.0 -9999.0 -9999.0 -9999.0 -1000.535937 -997.984281 -991.590621 -990.899461 -976.114080 -978.544895 -972.377041 -965.009247 -940.653096 -911.234826 -877.697004 -849.860454 -860.896230 -861.353825 -849.175059 -841.798344 -829.785022 -810.922328 -772.575615 -732.222157 -692.351539 -720.732099 -723.163268 -705.074919 -656.371667 -617.865360 -607.845009 -626.620118 -625.588870 -601.340383 -576.095350 -577.266989 -579.250678 -556.866830 -544.786449 -536.388748 -553.344827 -572.490499 -575.817784 -550.603860 -598.801325 -659.002622 -712.210117 -710.665188 -740.484732 -780.942054 -803.013478 -805.438102 -782.087541 -796.167056 -832.064456 -867.133234 -874.660664 -889.996984 -873.752462 -850.805236 -803.406127 -764.834657 -735.614432 -734.301768 -750.959949 -9999.0 -9999.0 -9999.0 -9999.0 -9999.0 -9999.0 -9999.0 -9999.0 -9999.0 -9999.0
-9999.0 -9999.0 -9999.0 -9999.0 -9999.0 -9999.0 -1074.563423 -1067.158845 -1049.057876 -1045.001459 -1022.321842 -1016.015724 -996.637367 -978.551419 -959.879505 -944.047455 -914.258424 -883.682836 -843.895854 -801.463384 -770.743953 -775.623591 -766.838471 -733.588240 -690.662101 -658.695925 -637.293680 -602.880816 -530.611787 -488.046274 -472.110816 -466.286250 -455.334218 -390.523836 -213.920203 -16.585904 -228.405465 -298.542158 -214.992082 47.530919 63.129374 63.742054 64.779735 65.540977 70.438336 69.627237 63.336066 60.258219 32.297524 -205.509299 -366.383332 -458.543062 -502.787419 -546.469989 -619.846951 -677.466409 -679.884165 -664.117097 -692.905959 -743.194927 -783.958050 -793.055148 -806.075126 -819.564685 -813.717208 -793.634361 -769.099871 -756.673288 -767.715117 -786.867905 -808.918557 -836.790368 -834.598162 -808.769813 -9999.0 -9999.0 -9999.0 -9999.0 -9999.0 -9999.0
-9999.0 -9999.0 -9999.0 -9999.0 -1122.457024 -1110.798968 -1123.655242 -1101.687544 -1071.833243 -1041.124397 -1010.810293 -975.054188 -949.873531 -922.103546 -881.782644 -844.387414 -802.708241 -770.723644 -718.648484 -652.635657 -603.108173 -577.792375 -565.750107 -507.894635 -438.210016 -357.346845 -318.137978 -212.676599 36.785607 69.784237 73.923305 74.161185 76.585385 81.870496 92.375801 102.854707 94.397419 91.957231 95.625374 104.255918 110.020420 109.859538 109.978437 109.731403 109.731011 110.536812 107.958782 102.830153 99.469308 91.413937 84.405868 72.544563 67.614545 63.632737 32.812112 -305.712860 -440.743382 -468.954057 -522.842985 -572.294674 -635.419226 -658.925680 -688.341008 -711.668405 -740.542170 -738.523726 -734.146372 -751.901014 -780.018835 -810.232376 -823.768305 -841.212549 -850.291570 -819.968239 -801.916709 -770.263782 -9999.0 -9999.0 -9999.0 -9999.0
-9999.0 -9999.0 -1174.610930 -1128.773960 -1076.033234 -1069.518332 -1067.586192 -1064.435500 -1039.889138 -992.063720 -915.144354 -864.395864 -820.965095 -793.949135 -737.460179 -656.166758 -586.357562 -543.636361 -489.672882 -411.026169 -295.874117 21.013390 59.904774 65.701388 73.277554 82.761116 86.667704 93.379241 103.870123 108.540532 118.198626 132.232156 136.421433 131.760869 130.183104 128.698875 127.139228 124.435759 112.643426 113.598273 120.543555 122.345732 125.808240 113.954407 110.908096 119.496740 121.847810 123.311427 125.472367 132.599654 141.232823 115.050158 104.003723 103.306938 101.940926 86.517230 74.666724 68.711006 66.307785 25.727090 -372.968869 -453.306992 -508.184752 -554.694911 -602.215631 -630.699668 -672.988998 -709.522408 -750.938841 -793.125309 -814.446284 -831.338690 -832.153127 -830.407996 -813.707548 -797.429381 -781.486012 -773.445154 -9999.0 -9999.0
-9999.0 -1260.146642 -1197.973515 -1076.857818 -1003.300682 -960.666380 -919.386911 -890.123810 -869.118511 -860.112863 -756.302877 -650.976940 -569.063785 -546.953149 -498.225924 -380.448819 9.550639 62.813746 68.756846 76.635151 87.562006 102.647672 107.527497 115.956282 138.053449 133.284950 129.908288 129.039604 121.454845 114.005274 109.218644 111.526774 110.924568 107.660865 105.711535 106.307528 106.602539 104.032555 101.172933 100.299439 101.384550 105.272181 103.149950 99.491541 98.040215 101.909242 104.635157 103.085732 100.457434 102.416211 106.727405 108.620919 113.057173 124.787258 143.154352 121.311499 108.436066 103.393032 102.049079 97.294284 80.169025 68.822185 25.143385 -341.023869 -440.695274 -511.860532 -564.134186 -613.195411 -670.361637 -704.081297 -731.526521 -781.193120 -803.077834 -799.852686 -808.196300 -809.783755 -802.394356 -795.662189 -9999.0 -9999.0
-9999.0 -1325.372151 -1193.323436 -1017.414585 -876.633933 -818.340940 -701.476276 -620.411024 -598.111548 -619.669388 -525.807494 6.942469 68.170217 68.498305 78.856323 92.304085 106.672754 124.596573 137.296816 129.150833 122.987447 125.494121 120.610986 112.082817 108.483872 107.727000 108.294928 108.531740 106.068731 103.727944 101.647965 101.893577 98.782675 83.830730 76.939433 74.812558 74.077088 72.244686 67.901663 64.809375 62.849221 66.899482 64.545670 60.123396 53.655404 63.056514 69.624297 67.577424 67.751300 70.230087 75.979175 83.197706 94.215124 99.519183 103.715813 108.998946 113.204405 132.646250 138.065159 114.928527 106.752288 100.191122 96.045490 78.366371 51.003711 -289.836760 -401.548029 -463.131025 -522.960948 -563.163948 -607.136203 -660.436420 -715.126903 -739.928294 -777.440031 -797.860987 -9999.0 -9999.0 -9999.0 -9999.0
-9999.0 -1375.141412 -1202.229282 -945.943238 -703.371859 -582.669517 -363.125630 40.741903 68.406292 79.407825 84.908610 123.584787 132.072019 116.892075 107.416023 105.199107 106.824652 107.132091 106.066138 105.073992 104.709563 104.960870 105.207978 104.596752 103.849299 102.490725 101.129919 99.320543 86.399534 78.624211 72.861342 70.834143 53.408838 -327.497485 -410.496484 -446.491562 -499.337378 -505.902638 -519.453562 -548.320757 -564.501073 -575.119873 -560.306837 -564.130306 -565.422764 -556.278850 -535.341819 -522.594506 -486.661604 -451.647799 -396.622528 -303.656089 20.859393 66.050527 74.067461 84.082845 96.462586 101.527047 107.063493 114.936194 134.526524 127.997707 110.541797 105.448636 95.786915 80.040343 72.994052 51.478851 -198.158927 -369.607994 -441.524061 -505.576333 -568.577106 -651.152238 -689.648386 -9999.0 -9999.0 -9999.0 -9999.0 -9999.0
-9999.0 -1506.655796 -1260.812181 -979.887824 -650.699175 -268.995922 -12.540647 81.048509 101.906926 82.942996 81.986158 93.838827 102.043633 102.205021 97.353706 88.490816 83.249467 82.462620 85.484659 80.771581 76.444377 75.073632 75.916976 74.600547 71.574502 69.616473 67.811074 56.187135 -237.507976 -372.768378 -472.908722 -489.940580 -555.865916 -619.707815 -661.520283 -704.533438 -752.726815 -754.178659 -739.531854 -755.899220 -776.846454 -795.067084 -771.259357 -757.745335 -748.065748 -757.223920 -749.622023 -718.134723 -674.145621 -637.216489 -594.061919 -546.929520 -508.566043 -458.276433 -415.185913 -320.259988 24.752161 66.725079 80.098782 99.806584 103.949963 108.275408 125.485656 143.245599 111.729413 104.669856 100.665396 95.779926 80.427964 69.824734 46.443481 -264.937467 -404.330507 -9999.0 -9999.0 -9999.0 -9999.0 -9999.0 -9999.0 -9999.0
-9999.0 -1624.275533 -1403.230159 -1180.681644 -886.150106 -665.979210 -523.377173 -410.305829 -292.011745 -312.596210 -279.564709 23.382019 62.238594 66.425826 45.066850 -243.211524 -340.786410 -335.496421 -334.945662 -382.609066 -426.543741 -445.977998 -445.658465 -453.981013 -483.527864 -500.000488 -510.129955 -531.146435 -565.465096 -613.600718 -689.330960 -749.192515 -806.311740 -840.710793 -869.444454 -901.173856 -940.178297 -929.309947 -914.152267 -919.207318 -932.255519 -937.669036 -908.728617 -891.542968 -882.004259 -896.201737 -878.925814 -853.337442 -813.609631 -775.382805 -732.224628 -683.910910 -637.388263 -611.614896 -598.687078 -572.435533 -535.134754 -481.763143 -363.789430 32.695762 74.500764 84.370500 99.292648 104.576581 106.785868 120.950534 126.675397 104.389214 91.016102 93.284303 92.101742 -9999.0 -9999.0 -9999.0 -9999.0 -9999.0 -9999.0 -9999.0 -9999.0 -9999.0
-9999.0 -9999.0 -1634.027708 -1460.449614 -1303.113139 -1126.091217 -985.529786 -890.480614 -830.316104 -758.480362 -682.097962 -618.399135 -583.706322 -569.622129 -588.656818 -629.674392 -655.646076 -654.757432 -662.375274 -676.337099 -700.276653 -708.578335 -715.998217 -722.400841 -735.692878 -742.859991 -747.332506 -756.919171 -777.788458 -822.026863 -874.125618 -924.287827 -977.121807 -1000.413275 -1021.311339 -1043.674904 -1047.579892 -1048.419121 -1041.395339 -1040.607124 -1036.329041 -1025.635092 -1005.640639 -985.634388 -977.057115 -971.319873 -959.493364 -937.053288 -905.452053 -867.094928 -817.943003 -766.049759 -731.606429 -722.345906 -733.200507 -728.755920 -709.053580 -669.430669 -590.742431 -510.714541 -411.963256 -266.975446 57.654763 75.975583 80.696537 93.857764 101.518264 97.355606 62.412527 85.708235 -9999.0 -9999.0 -9999.0 -9999.0 -9999.0 -9999.0 -9999.0 -9999.0 -9999.0 -9999.0
-9999.0 -9999.0 -9999.0 -9999.0 -1596.458500 -1446.844513 -1356.173521 -1285.695488 -1176.786307 -1081.715161 -999.756396 -932.037127 -887.127377 -866.466619 -880.657121 -890.490614 -899.671811 -901.705498 -909.127448 -916.116251 -923.020557 -930.237317 -939.329708 -946.469306 -947.650058 -944.762396 -946.288630 -958.385028 -972.237053 -1000.352020 -1024.563211 -1058.315799 -1093.756469 -1121.350373 -1133.077681 -1140.090581 -1139.317486 -1144.188438 -1134.583849 -1129.726625 -1115.919296 -1101.510241 -1078.777611 -1052.163303 -1041.274894 -1027.964651 -1018.898311 -998.829595 -970.736861 -920.530852 -861.209088 -808.545985 -777.929120 -776.661438 -804.864319 -822.310359 -827.258517 -802.295251 -759.118599 -696.044322 -604.799671 -540.901777 -477.351389 -413.497207 -343.208403 23.497207 83.814382 92.823395 -9999.0 -9999.0 -9999.0 -9999.0 -9999.0 -9999.0 -9999.0 -9999.0 -9999.0 -9999.0 -9999.0 -9999.0
-9999.0 -9999.0 -9999.0 -9999.0 -9999.0 -9999.0 -1635.825383 -1552.848459 -1481.416190 -1378.645157 -1282.834057 -1202.234128 -1135.250846 -1115.480330 -1102.803077 -1082.869142 -1088.390901 -1103.864575 -1118.619750 -1103.214798 -1095.737755 -1099.559527 -1124.843601 -1126.276962 -1123.556244 -1114.031325 -1114.788236 -1120.072869 -1143.978095 -1136.698344 -1138.326833 -1159.583499 -1183.535496 -1196.322041 -1207.067948 -1196.647994 -1195.560011 -1207.482468 -1204.965973 -1180.458660 -1162.673958 -1150.634377 -1129.582982 -1098.434681 -1068.070627 -1055.169310 -1054.938249 -1049.661369 -1009.263097 -941.624294 -874.684957 -824.570634 -796.637548 -791.270122 -821.467644 -863.933304 -887.512670 -883.699622 -853.261897 -805.189242 -735.624701 -693.418777 -666.482211 -646.632945 -621.622913 -533.012783 -9999.0 -9999.0 -9999.0 -9999.0 -9999.0 -9999.0 -9999.0 -9999.0 -9999.0 -9999.0 -9999.0 -9999.0 -9999.0 -9999.0
-9999.0 -9999.0 -9999.0 -9999.0 -9999.0 -9999.0 -9999.0 -9999.0 -9999.0 -9999.0 -9999.0 -9999.0 -9999.0 -9999.0 -9999.0 -9999.0 -9999.0 -9999.0 -9999.0 -9999.0 -9999.0 -9999.0 -9999.0 -9999.0 -9999.0 -9999.0 -9999.0 -9999.0 -9999.0 -9999.0 -9999.0 -9999.0 -9999.0 -9999.0 -9999.0 -9999.0 -9999.0 -9999.0 -9999.0 -9999.0 -9999.0 -9999.0 -9999.0 -9999.0 -9999.0 -9999.0 -9999.0 -9999.0 -9999.0 -9999.0 -9999.0 -9999.0 -9999.0 -9999.0 -9999.0 -9999.0 -9999.0 -9999.0 -9999.0 -9999.0 -9999.0 -9999.0 -9999.0 -9999.0 -9999.0 -9999.0 -9999.0 -9999.0 -9999.0 -9999.0 -9999.0 -9999.0 -9999.0 -9999.0 -9999.0 -9999.0 -9999.0 -9999.0 -9999.0 -9999.0
-9999.0 -9999.0 -9999.0 -9999.0 -9999.0 -9999.0 -9999.0 -9999.0 -9999.0 -9999.0 -9999.0 -9999.0 -9999.0 -9999.0 -9999.0 -9999.0 -9999.0 -9999.0 -9999.0 -9999.0 -9999.0 -9999.0 -9999.0 -9999.0 -9999.0 -9999.0 -9999.0 -9999.0 -9999.0 -9999.0 -9999.0 -9999.0 -9999.0 -9999.0 -9999.0 -9999.0 -9999.0 -9999.0 -9999.0 -9999.0 -9999.0 -9999.0 -9999.0 -9999.0 -9999.0 -9999.0 -9999.0 -9999.0 -9999.0 -9999.0 -9999.0 -9999.0 -9999.0 -9999.0 -9999.0 -9999.0 -9999.0 -9999.0 -9999.0 -9999.0 -9999.0 -9999.0 -9999.0 -9999.0 -9999.0 -9999.0 -9999.0 -9999.0 -9999.0 -9999.0 -9999.0 -9999.0 -9999.0 -9999.0 -9999.0 -9999.0 -9999.0 -9999.0 -9999.0 -9999.0