Borden_/Borden1m_014/output_maps/psiliqL0012N0015.asc
ncols         80
nrows         18
xllcorner     620200.000000
yllcorner     5168000.000000
cellsize      1.000000
NODATA_value  -9999.0
-9999.0 -9999.0 -9999.0 -9999.0 -9999.0 -9999.0 -9999.0 -9999.0 -9999.0 -9999.0 -9999.0 -9999.0 -9999.0 -9999.0 -9999.0 -9999.0 -9999.0 -9999.0 -9999.0 -9999.0 -9999.0 -9999.0 -9999.0 -9999.0 -9999.0 -9999.0 -9999.0 -9999.0 -9999.0 -9999.0 -9999.0 -9999.0 -9999.0 -9999.0 -9999.0 -9999.0 -9999.0 -9999.0 -9999.0 -9999.0 -9999.0 -9999.0 -9999.0 -9999.0 -9999.0 -9999.0 -9999.0 -9999.0 -9999.0 -9999.0 -9999.0 -9999.0 -9999.0 -9999.0 -9999.0 -9999.0 -9999.0 -9999.0 -9999.0 -9999.0 -9999.0 -9999.0 -9999.0 -9999.0 -9999.0 -9999.0 -9999.0 -9999.0 -9999.0 -9999.0 -9999.0 -9999.0 -9999.0 -9999.0 -9999.0 -9999.0 -9999.0 -9999.0 -9999.0 -9999.0
-9999.0 -9999.0 -9999.0 -9999.0 -9999.0 -9999.0 -9999.0 -9999.0 -9999.0 -9999.0 -9999.0 -9999.0 -9999.0 -9999.0 -9999.0 -9999.0 -9999.0 -9999.0 -9999.0 -9999.0 -9999.0 -9999.0 -9999.0 -9999.0 -9999.0 -9999.0 -9999.0 -9999.0 -9999.0 -9999.0 -9999.0 -9999.0 -9999.0 -9999.0 -9999.0 -9999.0 -9999.0 -9999.0 -9999.0 -9999.0 -9999.0 -9999.0 -9999.0 -9999.0 -9999.0 -9999.0 -9999.0 -9999.0 -9999.0 -9999.0 -9999.0 -9999.0 -9999.0 -9999.0 -9999.0 -9999.0 -9999.0 -9999.0 -9999.0 -9999.0 -9999.0 -9999.0 -9999.0 -9999.0 -9999.0 -9999.0 -9999.0 -9999.0 -9999.0 -9999.0 -9999.0 -9999.0 -9999.0 -9999.0 -9999.0 -9999.0 -9999.0 -9999.0 -9999.0 -9999.0
-9999.0 -9999.0 -9999.0 -9999.0 -9999.0 -9999.0 -9999.0 -9999.0 -9999.0 -9999.0 -9999.0 -9999.0 -9999.0 -9999.0 -9999.0 -9999.0 -9999.0 -9999.0 -9999.0 -9999.0 542.078214 545.084788 523.314717 490.237286 463.044451 466.212767 501.998611 544.119223 583.164512 594.102539 577.250583 580.909972 578.204768 579.615247 584.169651 592.102822 596.772731 608.590108 617.133041 616.579218 610.129832 604.507318 604.083738 607.152940 612.378049 602.315969 616.358730 631.696285 636.922627 630.661550 601.688273 583.754351 572.897545 555.949164 578.926966 589.598400 611.047901 613.919905 611.218308 583.300459 552.657180 -9999.0 -9999.0 -9999.0 -9999.0 -9999.0 -9999.0 -9999.0 -9999.0 -9999.0 -9999.0 -9999.0 -9999.0 -9999.0 -9999.0 -9999.0 -9999.0 -9999.0 -9999.0 -9999.0
-9999.0 -9999.0 -9999.0 -9999.0 -9999.0 -9999.0 -9999.0 -9999.0 -9999.0 -9999.0 -9999.0 -9999.0 -9999.0 -9999.0 448.957446 439.690646 437.617065 447.023852 481.753621 512.856234 525.525856 518.700638 519.618980 497.259184 478.377761 494.085063 525.134906 557.721857 592.918863 614.069257 603.603405 603.403172 616.779673 647.037135 663.510321 662.689191 643.808948 667.620517 683.512731 691.760559 690.315006 681.262753 694.337639 709.988630 703.165979 686.321614 691.832139 704.376615 717.171940 701.529807 634.562190 610.397520 602.847022 593.651978 578.031725 569.941450 593.280370 591.794749 581.940088 562.737515 529.257991 484.552028 465.459042 503.301270 546.645763 603.591367 -9999.0 -9999.0 -9999.0 -9999.0 -9999.0 -9999.0 -9999.0 -9999.0 -9999.0 -9999.0 -9999.0 -9999.0 -9999.0 -9999.0
-9999.0 -9999.0 -9999.0 -9999.0 -9999.0 -9999.0 -9999.0 -9999.0 -9999.0 390.086881 394.633093 402.362673 405.113000 421.424120 419.916153 427.873651 436.325221 464.337172 497.080199 533.997363 564.183369 556.046126 558.005771 571.380521 579.985853 595.923591 619.616002 661.263201 702.558940 744.716590 718.308664 720.140225 747.148687 806.505316 847.372778 857.912262 841.688559 849.754707 874.378210 895.435436 892.891178 889.458538 913.131092 926.214955 928.656070 910.296927 898.944456 900.765450 926.503089 873.332408 801.932224 739.073508 733.630342 698.710079 657.167359 633.828911 627.582108 644.544436 626.288912 586.811823 548.697919 536.523592 517.820494 533.317363 554.542774 600.079298 638.060274 665.689181 664.633494 646.598351 -9999.0 -9999.0 -9999.0 -9999.0 -9999.0 -9999.0 -9999.0 -9999.0 -9999.0 -9999.0
-9999.0 -9999.0 -9999.0 -9999.0 -9999.0 -9999.0 310.988414 320.602629 341.116231 346.493346 372.023360 380.150311 401.531821 421.872856 444.439107 462.848622 495.076171 530.203752 574.812183 622.848056 658.306694 655.584973 668.572304 706.683794 759.736776 799.130735 827.827490 867.997056 943.535864 986.525564 998.757079 1010.757723 1036.822630 1112.272909 1185.843283 1204.094798 1187.411931 1174.447884 1191.299163 1221.244387 1223.200072 1221.700947 1228.813477 1236.179694 1260.710785 1255.005911 1222.968677 1213.485840 1212.553192 1197.124658 1129.730437 1039.843163 985.288665 929.021732 844.738437 785.729392 782.553468 788.247452 750.549492 692.248694 647.181708 632.369323 613.730783 597.350656 600.969519 618.081416 638.978450 648.641642 634.490347 612.479091 588.751941 558.991830 559.846541 584.479129 -9999.0 -9999.0 -9999.0 -9999.0 -9999.0 -9999.0
-9999.0 -9999.0 -9999.0 -9999.0 260.795302 273.961441 262.461690 287.550588 320.595081 355.109309 388.156762 426.443882 455.045484 487.023221 530.946132 570.985966 617.204697 657.180482 720.545503 802.681183 861.813393 889.453861 908.037132 979.760342 1075.863327 1145.401770 1169.119173 1192.102937 1225.862196 1276.942170 1300.614794 1309.148735 1332.501036 1374.501955 1421.093121 1452.447526 1438.539819 1433.140725 1437.427081 1444.993402 1464.721137 1463.883202 1464.492584 1465.778460 1469.588053 1471.224989 1453.230280 1426.825478 1417.375324 1409.644730 1381.084253 1309.021166 1266.504336 1239.280168 1212.125848 1163.232274 1086.063546 1037.744316 964.533666 901.448199 832.033974 798.254915 757.532134 725.724885 691.005604 686.881800 685.820857 662.393987 628.323505 594.224697 577.547127 557.278564 545.266458 574.072444 590.797194 620.749757 -9999.0 -9999.0 -9999.0 -9999.0
-9999.0 -9999.0 201.185058 250.893713 308.232674 318.097996 320.585985 327.257202 356.133733 408.978331 487.745903 542.179138 588.199061 624.529006 691.446004 784.660941 864.688714 920.372373 996.446977 1098.664420 1172.094411 1204.928645 1219.536560 1258.132650 1318.746749 1380.583008 1404.905586 1425.626670 1448.264982 1474.023465 1486.860847 1501.666911 1511.601167 1515.484817 1520.091866 1520.318855 1517.321314 1514.028938 1497.565192 1494.167609 1499.994349 1503.274479 1505.316023 1492.968965 1489.513304 1503.114737 1508.088404 1510.671178 1513.610529 1521.856821 1526.299226 1488.882154 1448.963660 1436.834638 1430.918951 1391.575939 1330.032844 1282.362476 1258.481814 1219.035631 1139.722877 1064.838490 993.020674 933.567496 871.259452 825.003151 768.834119 720.109238 669.298276 620.095164 593.641259 572.725192 567.937549 565.975810 580.438135 594.699799 609.193069 616.543400 -9999.0 -9999.0
-9999.0 99.462572 172.406530 300.195131 381.594450 429.318970 468.437302 496.357209 524.786484 548.748926 659.410147 763.838751 858.313913 898.366376 963.417362 1089.894101 1190.697805 1236.650803 1277.687272 1339.557951 1397.143912 1437.456069 1460.138805 1476.509195 1509.806383 1519.693410 1521.557204 1522.898862 1516.644421 1507.607149 1497.608843 1504.501219 1503.207506 1487.414984 1472.245816 1467.205110 1461.292716 1440.867278 1417.659860 1406.266947 1409.512968 1430.308294 1420.179246 1402.208974 1399.054789 1417.910479 1435.088132 1429.074528 1421.124789 1439.937770 1472.575173 1491.174448 1502.571246 1518.074686 1537.968353 1513.041099 1483.800089 1445.330855 1429.372389 1406.076996 1355.645082 1295.557600 1242.439486 1184.511211 1107.790484 1004.378449 922.415100 846.827504 771.218217 724.381662 687.267283 630.683597 603.864514 600.906999 588.772791 583.935746 588.690786 594.451571 -9999.0 -9999.0
-9999.0 22.623365 166.195171 353.105161 505.055371 573.859601 695.198782 780.919666 808.897576 785.731519 901.089536 1141.755428 1240.593538 1256.981304 1326.676814 1415.454086 1443.879621 1475.161136 1497.530827 1505.499550 1509.993532 1515.380123 1510.797969 1504.014899 1491.118012 1485.426104 1486.359276 1485.764199 1471.280856 1453.689457 1435.362365 1431.273597 1416.444955 1378.826901 1345.090778 1319.188260 1298.277267 1279.087712 1250.328188 1228.056584 1216.164184 1232.875696 1226.065494 1210.963578 1207.423730 1227.398437 1257.631938 1254.917975 1266.628545 1295.454924 1340.799635 1378.127317 1397.744064 1424.459085 1457.058368 1494.753182 1508.620613 1528.564835 1533.049068 1514.167460 1476.444064 1432.517286 1406.877309 1356.943299 1292.287045 1210.927940 1136.797604 1048.452684 961.410953 903.443047 842.358208 770.453231 703.765679 667.159748 621.663601 598.068231 -9999.0 -9999.0 -9999.0 -9999.0
-9999.0 -50.932284 139.593173 403.984688 681.544994 822.067162 1061.024511 1194.256400 1246.697647 1307.881974 1305.628799 1437.444094 1470.129153 1464.229880 1458.735516 1464.426816 1480.944978 1485.781436 1483.478592 1475.613133 1467.221164 1460.671732 1456.606387 1448.619804 1437.977188 1426.168070 1417.066724 1409.166483 1377.918465 1345.424921 1302.994233 1283.525280 1247.695751 1161.508693 1109.889675 1048.204215 972.893942 959.848504 950.789070 922.391304 903.620707 885.615776 906.290962 909.438165 911.216944 916.123409 935.251905 961.015998 1014.781318 1071.835815 1141.392039 1200.971063 1236.467956 1282.408969 1332.663986 1384.044493 1410.619576 1436.739909 1478.317464 1513.995829 1536.743249 1528.672938 1505.073816 1470.460256 1413.818388 1359.485161 1318.599995 1249.465949 1187.897276 1130.425541 1059.980149 974.615859 886.751550 765.567653 712.676523 -9999.0 -9999.0 -9999.0 -9999.0 -9999.0
-9999.0 -220.573984 48.471031 343.852520 677.833745 1036.166432 1179.453602 1317.657929 1387.291760 1349.764033 1351.826861 1371.770670 1408.386302 1415.091839 1399.281295 1395.919183 1389.082543 1390.480083 1403.694615 1379.568737 1348.590332 1325.938691 1318.837034 1304.135867 1280.835812 1265.354936 1255.711271 1239.792395 1195.517081 1137.331829 1029.117306 984.901254 903.328745 840.880860 790.036857 730.542118 671.637245 666.867239 682.340381 666.668329 644.550736 626.218481 652.539784 669.562562 681.384024 671.035636 680.886006 718.526663 772.520014 824.680792 885.311665 947.121469 1002.197487 1070.076826 1130.570471 1190.028020 1236.112418 1282.631376 1357.393061 1429.952101 1462.708709 1494.067044 1527.798114 1546.433524 1502.796009 1462.599259 1424.784340 1379.429642 1313.834823 1280.272088 1251.275927 1193.775873 1130.479469 -9999.0 -9999.0 -9999.0 -9999.0 -9999.0 -9999.0 -9999.0
-9999.0 -350.980662 -125.384900 114.633792 412.067542 663.216845 866.398773 1009.583676 1099.212821 1129.227047 1159.707962 1189.178675 1216.086725 1236.918555 1218.813851 1187.103242 1163.756651 1168.777121 1165.689058 1139.355772 1097.929581 1055.737210 1039.922573 1024.402168 992.183734 973.606514 961.450589 938.160130 902.247825 842.084046 751.048656 673.661484 608.614128 572.901215 540.297846 503.946349 464.248269 473.366695 486.540011 482.415389 471.042027 467.488306 497.076676 516.013230 526.252647 514.101286 533.372277 561.236816 604.890446 650.379289 702.622349 760.675034 818.426749 856.632455 883.032074 917.524797 965.297395 1037.222545 1152.166273 1256.435078 1339.061830 1386.587261 1434.005708 1467.205079 1481.932684 1500.360662 1483.259533 1412.860174 1304.819710 1335.168871 1346.846474 -9999.0 -9999.0 -9999.0 -9999.0 -9999.0 -9999.0 -9999.0 -9999.0 -9999.0
-9999.0 -9999.0 -362.060623 -177.269694 -26.994232 160.010133 316.440537 434.219567 523.112379 630.731057 732.313977 812.118133 853.955607 870.930030 856.660097 822.504229 800.440753 800.508002 789.773337 774.632100 746.048952 727.602154 711.221083 699.341596 684.855188 676.835394 670.686947 658.790812 635.479232 586.613974 532.521296 477.985818 422.353543 395.871142 372.813304 349.538621 346.142877 342.929531 349.070046 350.409924 356.512584 368.720087 389.295457 411.034683 420.691956 428.662657 441.431058 465.617630 499.631624 542.531055 597.172958 655.350883 696.276708 711.756902 706.395210 715.729793 741.928405 794.767254 893.776416 999.553472 1128.607994 1212.731985 1289.672046 1350.792987 1371.932503 1389.749840 1407.698734 1336.679565 943.275194 1247.400569 -9999.0 -9999.0 -9999.0 -9999.0 -9999.0 -9999.0 -9999.0 -9999.0 -9999.0 -9999.0
-9999.0 -9999.0 -9999.0 -9999.0 -321.655627 -163.565481 -66.569495 18.785932 146.472663 263.210849 361.181259 441.567023 499.007478 524.226316 516.717634 516.616915 510.207732 505.075931 495.064201 489.963907 483.766383 472.922834 457.905968 448.798891 447.700799 451.188959 448.576865 434.962968 417.812280 391.998451 368.543250 332.678330 295.301598 265.530235 251.955793 245.155111 244.895838 238.642245 247.794724 254.601221 269.688716 285.138043 309.158268 337.845040 350.990924 365.487565 375.342644 396.281397 426.845817 480.439671 543.913255 601.380224 636.856718 641.841368 617.717746 603.536532 602.391193 634.470246 687.601586 766.742327 884.723464 972.846173 1056.084109 1139.446251 1188.903951 1240.870868 1309.796354 1341.617482 -9999.0 -9999.0 -9999.0 -9999.0 -9999.0 -9999.0 -9999.0 -9999.0 -9999.0 -9999.0 -9999.0 -9999.0
-9999.0 -9999.0 -9999.0 -9999.0 -9999.0 -9999.0 -372.788621 -273.359915 -187.542326 -56.274211 65.919226 162.967331 240.312010 268.595004 290.213835 314.710831 311.264682 293.309449 275.031291 291.616588 301.757340 295.048125 265.321590 263.479581 267.048413 275.700236 273.978315 267.643196 242.560195 251.775548 250.791515 227.210455 200.786534 186.325131 174.437594 184.084613 184.551510 171.551803 173.232593 199.618546 219.603421 233.010317 255.332206 288.584610 320.761095 335.451906 336.647015 342.962611 384.074501 454.592593 525.790737 580.397105 612.243270 620.336749 592.931136 553.008409 532.989779 541.814212 579.908829 638.309817 722.356836 781.193191 823.927570 860.555063 895.119910 991.816790 -9999.0 -9999.0 -9999.0 -9999.0 -9999.0 -9999.0 -9999.0 -9999.0 -9999.0 -9999.0 -9999.0 -9999.0 -9999.0 -9999.0
-9999.0 -9999.0 -9999.0 -9999.0 -9999.0 -9999.0 -9999.0 -9999.0 -9999.0 -9999.0 -9999.0 -9999.0 -9999.0 -9999.0 -9999.0 -9999.0 -9999.0 -9999.0 -9999.0 -9999.0 -9999.0 -9999.0 -9999.0 -9999.0 -9999.0 -9999.0 -9999.0 -9999.0 -9999.0 -9999.0 -9999.0 -9999.0 -9999.0 -9999.0 -9999.0 -9999.0 -9999.0 -9999.0 -9999.0 -9999.0 -9999.0 -9999.0 -9999.0 -9999.0 -9999.0 -9999.0 -9999.0 -9999.0 -9999.0 -9999.0 -9999.0 -9999.0 -9999.0 -9999.0 -9999.0 -9999.0 -9999.0 -9999.0 -9999.0 -9999.0 -9999.0 -9999.0 -9999.0 -9999.0 -9999.0 -9999.0 -9999.0 -9999.0 -9999.0 -9999.0 -9999.0 -9999.0 -9999.0 -9999.0 -9999.0 -9999.0 -9999.0 -9999.0 -9999.0 -9999.0
-9999.0 -9999.0 -9999.0 -9999.0 -9999.0 -9999.0 -9999.0 -9999.0 -9999.0 -9999.0 -9999.0 -9999.0 -9999.0 -9999.0 -9999.0 -9999.0 -9999.0 -9999.0 -9999.0 -9999.0 -9999.0 -9999.0 -9999.0 -9999.0 -9999.0 -9999.0 -9999.0 -9999.0 -9999.0 -9999.0 -9999.0 -9999.0 -9999.0 -9999.0 -9999.0 -9999.0 -9999.0 -9999.0 -9999.0 -9999.0 -9999.0 -9999.0 -9999.0 -9999.0 -9999.0 -9999.0 -9999.0 -9999.0 -9999.0 -9999.0 -9999.0 -9999.0 -9999.0 -9999.0 -9999.0 -9999.0 -9999.0 -9999.0 -9999.0 -9999.0 -9999.0 -9999.0 -9999.0 -9999.0 -9999.0 -9999.0 -9999.0 -9999.0 -9999.0 -9999.0 -9999.0 -9999.0 -9999.0 -9999.0 -9999.0 -9999.0 -9999.0 -9999.0 -9999.0 -9999.0