Borden_/Borden1m_014/output_maps/psiliqL0015N0013.asc
ncols         80
nrows         18
xllcorner     620200.000000
yllcorner     5168000.000000
cellsize      1.000000
NODATA_value  -9999.0
-9999.0 -9999.0 -9999.0 -9999.0 -9999.0 -9999.0 -9999.0 -9999.0 -9999.0 -9999.0 -9999.0 -9999.0 -9999.0 -9999.0 -9999.0 -9999.0 -9999.0 -9999.0 -9999.0 -9999.0 -9999.0 -9999.0 -9999.0 -9999.0 -9999.0 -9999.0 -9999.0 -9999.0 -9999.0 -9999.0 -9999.0 -9999.0 -9999.0 -9999.0 -9999.0 -9999.0 -9999.0 -9999.0 -9999.0 -9999.0 -9999.0 -9999.0 -9999.0 -9999.0 -9999.0 -9999.0 -9999.0 -9999.0 -9999.0 -9999.0 -9999.0 -9999.0 -9999.0 -9999.0 -9999.0 -9999.0 -9999.0 -9999.0 -9999.0 -9999.0 -9999.0 -9999.0 -9999.0 -9999.0 -9999.0 -9999.0 -9999.0 -9999.0 -9999.0 -9999.0 -9999.0 -9999.0 -9999.0 -9999.0 -9999.0 -9999.0 -9999.0 -9999.0 -9999.0 -9999.0
-9999.0 -9999.0 -9999.0 -9999.0 -9999.0 -9999.0 -9999.0 -9999.0 -9999.0 -9999.0 -9999.0 -9999.0 -9999.0 -9999.0 -9999.0 -9999.0 -9999.0 -9999.0 -9999.0 -9999.0 -9999.0 -9999.0 -9999.0 -9999.0 -9999.0 -9999.0 -9999.0 -9999.0 -9999.0 -9999.0 -9999.0 -9999.0 -9999.0 -9999.0 -9999.0 -9999.0 -9999.0 -9999.0 -9999.0 -9999.0 -9999.0 -9999.0 -9999.0 -9999.0 -9999.0 -9999.0 -9999.0 -9999.0 -9999.0 -9999.0 -9999.0 -9999.0 -9999.0 -9999.0 -9999.0 -9999.0 -9999.0 -9999.0 -9999.0 -9999.0 -9999.0 -9999.0 -9999.0 -9999.0 -9999.0 -9999.0 -9999.0 -9999.0 -9999.0 -9999.0 -9999.0 -9999.0 -9999.0 -9999.0 -9999.0 -9999.0 -9999.0 -9999.0 -9999.0 -9999.0
-9999.0 -9999.0 -9999.0 -9999.0 -9999.0 -9999.0 -9999.0 -9999.0 -9999.0 -9999.0 -9999.0 -9999.0 -9999.0 -9999.0 -9999.0 -9999.0 -9999.0 -9999.0 -9999.0 -9999.0 1147.658783 1150.596507 1129.463751 1096.985558 1070.531684 1074.367533 1110.322421 1152.724284 1192.216527 1202.945152 1186.376964 1191.046977 1189.225533 1190.782876 1195.785275 1204.849657 1210.850917 1222.732399 1231.210952 1230.412983 1223.819073 1218.298189 1218.394746 1221.018233 1226.409757 1215.423163 1229.784061 1244.965030 1249.374935 1242.840731 1213.663790 1195.472143 1183.710225 1165.698261 1188.147145 1197.788940 1218.403236 1220.588047 1217.231975 1189.037577 1158.210949 -9999.0 -9999.0 -9999.0 -9999.0 -9999.0 -9999.0 -9999.0 -9999.0 -9999.0 -9999.0 -9999.0 -9999.0 -9999.0 -9999.0 -9999.0 -9999.0 -9999.0 -9999.0 -9999.0
-9999.0 -9999.0 -9999.0 -9999.0 -9999.0 -9999.0 -9999.0 -9999.0 -9999.0 -9999.0 -9999.0 -9999.0 -9999.0 -9999.0 1053.624111 1044.893603 1043.278014 1052.931313 1087.836275 1119.296233 1131.870688 1125.470934 1126.866908 1104.894155 1086.239454 1102.455898 1134.151111 1166.938101 1202.084895 1222.753780 1212.864444 1213.163452 1226.477246 1255.939961 1272.135745 1272.056465 1254.498038 1278.963352 1294.441083 1301.825375 1300.217480 1290.873016 1302.619019 1317.593823 1310.685461 1294.428436 1301.236421 1314.016485 1325.577387 1310.605451 1244.269595 1221.171210 1213.024350 1203.603198 1187.247071 1178.680517 1201.655200 1199.233436 1189.071284 1169.627498 1135.696815 1090.724196 1070.949427 1108.417477 1150.922769 1207.056812 -9999.0 -9999.0 -9999.0 -9999.0 -9999.0 -9999.0 -9999.0 -9999.0 -9999.0 -9999.0 -9999.0 -9999.0 -9999.0 -9999.0
-9999.0 -9999.0 -9999.0 -9999.0 -9999.0 -9999.0 -9999.0 -9999.0 -9999.0 993.708392 998.948552 1007.109898 1010.494395 1027.167251 1025.580588 1033.954257 1042.247251 1070.937202 1103.829045 1140.865532 1171.186284 1163.788876 1165.914456 1177.962961 1184.301523 1200.137180 1224.708085 1266.109967 1304.977755 1345.162980 1317.456373 1318.513830 1344.130077 1399.812108 1438.187324 1448.356390 1432.792176 1443.284195 1467.652267 1487.309170 1484.450232 1480.185736 1503.573984 1516.589631 1517.123049 1498.656461 1489.934200 1492.734970 1518.220946 1465.092382 1394.036777 1336.455274 1335.305966 1302.737817 1263.508346 1240.968910 1234.253875 1250.979167 1233.480863 1194.474723 1156.531761 1143.416625 1123.944326 1139.374839 1159.852046 1204.529824 1242.170271 1269.297298 1267.474472 1249.025321 -9999.0 -9999.0 -9999.0 -9999.0 -9999.0 -9999.0 -9999.0 -9999.0 -9999.0 -9999.0
-9999.0 -9999.0 -9999.0 -9999.0 -9999.0 -9999.0 914.146961 924.434897 945.599536 950.816328 977.220155 985.574684 1007.345271 1027.964269 1051.288750 1069.536570 1101.271407 1136.330712 1180.086128 1226.882440 1261.953578 1258.537295 1270.638115 1303.866377 1348.672268 1385.487419 1415.524494 1456.195386 1529.674688 1568.870327 1575.266897 1583.888057 1603.551776 1668.419816 1741.397386 1760.266504 1743.416223 1730.671167 1749.782066 1782.382505 1783.877220 1782.512912 1791.265366 1799.718311 1825.444568 1818.544028 1784.352352 1774.568228 1774.104762 1755.384455 1686.400903 1609.107951 1567.495379 1514.887674 1430.458854 1372.299584 1372.132415 1384.433693 1351.678355 1295.387813 1251.988655 1237.623001 1219.025422 1202.988050 1206.828874 1223.718263 1243.879337 1253.073287 1238.167042 1215.368475 1191.268476 1160.994745 1161.479794 1185.677684 -9999.0 -9999.0 -9999.0 -9999.0 -9999.0 -9999.0
-9999.0 -9999.0 -9999.0 -9999.0 863.452421 877.206981 865.759019 891.976612 925.747404 961.064748 994.034986 1032.142690 1060.900874 1093.112022 1136.000881 1173.302434 1217.655003 1256.357413 1316.472292 1393.091669 1449.781007 1475.433247 1491.626979 1553.255782 1624.852336 1691.888204 1720.350400 1747.839224 1786.533423 1840.167792 1864.171895 1871.985866 1894.839192 1938.566414 1990.601979 2025.929347 2012.080643 2006.224919 2012.212394 2021.784230 2042.431946 2041.843484 2042.601062 2044.589906 2049.489735 2050.508600 2030.209959 2000.983513 1989.050769 1979.005357 1945.717401 1871.398739 1829.965611 1800.064315 1765.272482 1707.906810 1632.252964 1608.365813 1547.343796 1488.031301 1422.301045 1393.449031 1356.673710 1326.556836 1293.414372 1291.391163 1291.425108 1267.906118 1232.861403 1198.074700 1180.713092 1159.752417 1146.817597 1175.282406 1191.591845 1221.014403 -9999.0 -9999.0 -9999.0 -9999.0
-9999.0 -9999.0 802.685448 852.040405 910.283565 920.641736 922.624044 930.027542 959.937376 1013.604047 1090.318081 1142.314512 1186.180978 1222.847217 1287.171844 1372.739306 1448.626547 1501.264985 1569.924832 1655.732557 1725.961401 1760.181639 1775.530521 1814.198214 1871.976999 1940.333446 1970.560529 1996.033695 2023.089682 2051.968060 2060.156900 2074.027432 2084.811815 2091.519955 2099.485713 2102.275132 2099.362677 2095.988684 2079.014063 2075.286018 2081.393901 2085.962846 2087.176826 2074.141130 2070.676401 2085.038552 2090.716391 2092.134385 2093.315567 2100.586351 2102.404451 2061.424755 2024.750228 2009.870398 1999.005406 1952.327431 1883.952050 1841.268102 1819.064199 1776.937867 1696.055369 1632.900947 1573.354397 1518.730649 1459.470810 1422.651069 1371.312606 1324.275829 1273.744205 1223.911425 1196.716398 1175.291392 1169.812993 1167.140993 1181.378276 1195.276136 1209.574118 1216.825802 -9999.0 -9999.0
-9999.0 698.810321 771.763272 899.092907 981.225650 1028.632788 1063.166505 1087.928564 1118.025844 1146.132484 1252.666570 1344.500394 1437.469463 1478.001777 1535.652441 1645.692070 1745.122249 1793.346252 1835.651079 1898.695273 1961.328346 2007.123449 2033.002518 2042.486893 2078.091401 2094.921708 2100.458749 2104.537661 2100.086415 2090.556739 2080.270735 2086.085476 2083.344891 2065.664284 2049.296568 2044.557404 2039.214102 2017.521876 1992.167135 1979.360019 1982.427212 2005.227266 1993.866848 1974.268961 1970.845033 1991.517929 2011.001511 2004.073932 1994.725234 2014.300398 2049.240796 2070.436652 2080.026426 2096.145814 2115.642078 2088.261041 2058.764495 2018.221587 2000.835589 1974.395855 1918.142689 1855.104940 1798.553271 1734.383221 1658.014988 1581.585630 1511.549465 1442.138795 1369.904597 1323.363033 1286.102879 1230.069282 1203.998854 1201.466175 1189.666202 1184.678858 1189.122698 1194.754124 -9999.0 -9999.0
-9999.0 617.870991 760.916131 946.987239 1098.881585 1163.463935 1271.955926 1353.525172 1381.871268 1354.868757 1465.878440 1692.799961 1798.754029 1818.510687 1892.861440 1985.657758 2006.599096 2039.798402 2063.326976 2075.805915 2084.744336 2093.551550 2090.738037 2085.215616 2072.434508 2067.405758 2068.769154 2068.037926 2051.889084 2031.849988 2011.540227 2005.489982 1986.825248 1942.560315 1905.781122 1881.370752 1862.072513 1844.053405 1815.050194 1791.475258 1778.373377 1794.597551 1788.747235 1773.068210 1769.357184 1790.271071 1821.661247 1819.088351 1830.499863 1857.243147 1902.224515 1942.950696 1965.183838 1994.655067 2030.465969 2072.544867 2086.481736 2108.004321 2112.950323 2095.617720 2053.949006 2004.103209 1972.549753 1913.537257 1841.936933 1763.436547 1693.748135 1619.344946 1541.657885 1487.058230 1428.405773 1359.371681 1295.702082 1264.872211 1220.987596 1198.733408 -9999.0 -9999.0 -9999.0 -9999.0
-9999.0 538.167653 726.788821 986.830185 1269.177135 1391.679816 1611.890370 1744.158928 1800.157318 1868.892623 1845.723688 1996.131900 2036.752363 2033.904625 2035.228990 2042.316778 2059.546603 2063.573397 2060.049959 2049.797444 2039.463867 2033.693994 2031.029185 2023.652312 2013.028995 2000.807452 1990.634312 1980.876043 1945.675558 1910.230879 1867.050978 1847.379068 1806.833920 1714.210074 1663.435329 1612.619882 1547.715365 1540.251550 1535.934801 1509.701311 1491.671812 1471.905491 1494.470310 1499.513707 1501.934034 1504.635505 1521.241877 1546.731311 1595.971570 1642.045140 1700.159823 1758.970351 1796.026573 1841.892247 1891.717324 1947.547724 1979.294404 2009.716198 2056.744964 2095.236575 2119.021611 2109.117970 2084.673440 2043.564428 1979.281374 1919.928250 1874.799908 1802.590569 1737.470891 1677.246052 1612.055595 1538.597774 1455.331168 1357.585267 1309.555141 -9999.0 -9999.0 -9999.0 -9999.0 -9999.0
-9999.0 357.084042 625.380904 915.221750 1235.406864 1579.487760 1726.060340 1858.167139 1932.592979 1904.615493 1915.330361 1936.619101 1977.846965 1987.046014 1970.484156 1964.960544 1955.449405 1955.365315 1966.145899 1936.083363 1900.497428 1881.959290 1878.535398 1866.007459 1843.753124 1829.076347 1819.700181 1802.109806 1755.201442 1697.919402 1601.642689 1562.488576 1483.090703 1425.148159 1376.182924 1319.598592 1264.671669 1262.311876 1280.022237 1266.321179 1245.011710 1227.248249 1254.310463 1272.445793 1284.746395 1273.234087 1282.432779 1319.337836 1371.466069 1420.669686 1477.671416 1536.939934 1587.415581 1643.287793 1688.941221 1746.142379 1796.104771 1845.120303 1922.304454 2001.447466 2039.165794 2073.905848 2107.594311 2126.206758 2079.850509 2037.578673 1994.218039 1941.700246 1868.667709 1825.706412 1789.654863 1719.322522 1641.364214 -9999.0 -9999.0 -9999.0 -9999.0 -9999.0 -9999.0 -9999.0
-9999.0 230.818019 449.560536 679.854563 967.636709 1212.950737 1416.810536 1537.743565 1626.044839 1669.903589 1709.623040 1744.744346 1774.969638 1798.104457 1779.383013 1743.601594 1717.065014 1720.425447 1712.295468 1679.819458 1636.132748 1610.918355 1603.247500 1593.730212 1568.240160 1554.138937 1544.534453 1523.085596 1489.591243 1430.731359 1344.419971 1267.367940 1204.091131 1170.730513 1138.914636 1103.583859 1066.195674 1075.773318 1088.630575 1085.592352 1075.531338 1072.961119 1102.436651 1121.658301 1131.871471 1120.249214 1139.566925 1166.837604 1209.737570 1254.991839 1306.887420 1364.273025 1420.455041 1454.551419 1475.985064 1507.279008 1551.692253 1614.305049 1714.617911 1817.522535 1901.680946 1952.819664 2004.973485 2042.174521 2059.883823 2076.720437 2059.040336 1986.915317 1882.579338 1893.709532 1895.903707 -9999.0 -9999.0 -9999.0 -9999.0 -9999.0 -9999.0 -9999.0 -9999.0 -9999.0
-9999.0 -9999.0 215.788828 394.001040 533.647247 716.345197 870.495133 986.254112 1080.332316 1198.082742 1305.984838 1390.264506 1434.146248 1451.875010 1438.900667 1407.071319 1386.217602 1385.154609 1371.895536 1355.017914 1326.541868 1312.198907 1297.676300 1287.639117 1276.561343 1270.900824 1265.969687 1255.007415 1232.806733 1184.691762 1133.212950 1079.679046 1024.979795 998.460863 975.448817 952.730619 950.419310 946.478695 952.323437 954.057625 961.044894 973.778790 994.136333 1016.179495 1025.973531 1034.645586 1047.288254 1071.348819 1105.123316 1148.307910 1203.330037 1261.972811 1303.030717 1318.087576 1311.973407 1320.518116 1344.885449 1393.775271 1484.745559 1580.469935 1691.974626 1772.450822 1850.418843 1911.821676 1935.491753 1956.542668 1978.387669 1919.363927 1657.226793 1825.687228 -9999.0 -9999.0 -9999.0 -9999.0 -9999.0 -9999.0 -9999.0 -9999.0 -9999.0 -9999.0
-9999.0 -9999.0 -9999.0 -9999.0 252.281628 408.469226 506.507819 592.079730 722.818912 844.355359 945.534706 1028.618181 1089.451071 1115.750601 1111.066419 1115.350340 1110.237271 1103.554536 1092.017695 1087.181842 1081.552390 1070.895571 1055.097330 1046.549614 1046.654819 1051.224998 1048.863915 1035.400262 1017.777369 993.939749 971.981134 936.455856 899.520610 869.656091 855.896299 849.490799 849.007467 842.231802 851.137302 858.452760 873.778389 889.201925 913.133570 942.092645 955.697004 970.396647 980.212540 1000.959777 1031.626835 1085.405889 1149.263631 1207.443508 1243.777935 1249.265573 1226.049031 1212.419816 1211.247267 1242.804733 1293.539871 1368.481888 1480.113751 1562.586179 1633.579858 1698.960998 1745.142551 1800.546079 1869.393066 1906.392010 -9999.0 -9999.0 -9999.0 -9999.0 -9999.0 -9999.0 -9999.0 -9999.0 -9999.0 -9999.0 -9999.0 -9999.0
-9999.0 -9999.0 -9999.0 -9999.0 -9999.0 -9999.0 208.898312 310.486168 393.577079 530.823974 659.410715 759.805180 839.314855 870.096034 895.094060 921.194531 918.646872 899.771543 879.832357 896.219799 907.057194 899.489603 868.686821 867.299703 871.515332 879.916113 878.004126 871.725391 846.631243 857.106964 856.801656 832.962973 806.374831 791.949008 779.786948 789.176933 789.357007 775.940539 776.943524 803.684149 823.950464 837.273148 859.319619 892.581879 924.893249 939.943046 941.281409 947.523483 988.007493 1058.500372 1130.254062 1185.724218 1218.420600 1227.136290 1200.734761 1161.782919 1142.800573 1152.191090 1190.347455 1247.768242 1329.883059 1386.354443 1423.451421 1452.459352 1483.023555 1579.104217 -9999.0 -9999.0 -9999.0 -9999.0 -9999.0 -9999.0 -9999.0 -9999.0 -9999.0 -9999.0 -9999.0 -9999.0 -9999.0 -9999.0
-9999.0 -9999.0 -9999.0 -9999.0 -9999.0 -9999.0 -9999.0 -9999.0 -9999.0 -9999.0 -9999.0 -9999.0 -9999.0 -9999.0 -9999.0 -9999.0 -9999.0 -9999.0 -9999.0 -9999.0 -9999.0 -9999.0 -9999.0 -9999.0 -9999.0 -9999.0 -9999.0 -9999.0 -9999.0 -9999.0 -9999.0 -9999.0 -9999.0 -9999.0 -9999.0 -9999.0 -9999.0 -9999.0 -9999.0 -9999.0 -9999.0 -9999.0 -9999.0 -9999.0 -9999.0 -9999.0 -9999.0 -9999.0 -9999.0 -9999.0 -9999.0 -9999.0 -9999.0 -9999.0 -9999.0 -9999.0 -9999.0 -9999.0 -9999.0 -9999.0 -9999.0 -9999.0 -9999.0 -9999.0 -9999.0 -9999.0 -9999.0 -9999.0 -9999.0 -9999.0 -9999.0 -9999.0 -9999.0 -9999.0 -9999.0 -9999.0 -9999.0 -9999.0 -9999.0 -9999.0
-9999.0 -9999.0 -9999.0 -9999.0 -9999.0 -9999.0 -9999.0 -9999.0 -9999.0 -9999.0 -9999.0 -9999.0 -9999.0 -9999.0 -9999.0 -9999.0 -9999.0 -9999.0 -9999.0 -9999.0 -9999.0 -9999.0 -9999.0 -9999.0 -9999.0 -9999.0 -9999.0 -9999.0 -9999.0 -9999.0 -9999.0 -9999.0 -9999.0 -9999.0 -9999.0 -9999.0 -9999.0 -9999.0 -9999.0 -9999.0 -9999.0 -9999.0 -9999.0 -9999.0 -9999.0 -9999.0 -9999.0 -9999.0 -9999.0 -9999.0 -9999.0 -9999.0 -9999.0 -9999.0 -9999.0 -9999.0 -9999.0 -9999.0 -9999.0 -9999.0 -9999.0 -9999.0 -9999.0 -9999.0 -9999.0 -9999.0 -9999.0 -9999.0 -9999.0 -9999.0 -9999.0 -9999.0 -9999.0 -9999.0 -9999.0 -9999.0 -9999.0 -9999.0 -9999.0 -9999.0