Borden_/Borden1m_014/output_maps/psiliqL0011N0013.asc
ncols         80
nrows         18
xllcorner     620200.000000
yllcorner     5168000.000000
cellsize      1.000000
NODATA_value  -9999.0
-9999.0 -9999.0 -9999.0 -9999.0 -9999.0 -9999.0 -9999.0 -9999.0 -9999.0 -9999.0 -9999.0 -9999.0 -9999.0 -9999.0 -9999.0 -9999.0 -9999.0 -9999.0 -9999.0 -9999.0 -9999.0 -9999.0 -9999.0 -9999.0 -9999.0 -9999.0 -9999.0 -9999.0 -9999.0 -9999.0 -9999.0 -9999.0 -9999.0 -9999.0 -9999.0 -9999.0 -9999.0 -9999.0 -9999.0 -9999.0 -9999.0 -9999.0 -9999.0 -9999.0 -9999.0 -9999.0 -9999.0 -9999.0 -9999.0 -9999.0 -9999.0 -9999.0 -9999.0 -9999.0 -9999.0 -9999.0 -9999.0 -9999.0 -9999.0 -9999.0 -9999.0 -9999.0 -9999.0 -9999.0 -9999.0 -9999.0 -9999.0 -9999.0 -9999.0 -9999.0 -9999.0 -9999.0 -9999.0 -9999.0 -9999.0 -9999.0 -9999.0 -9999.0 -9999.0 -9999.0
-9999.0 -9999.0 -9999.0 -9999.0 -9999.0 -9999.0 -9999.0 -9999.0 -9999.0 -9999.0 -9999.0 -9999.0 -9999.0 -9999.0 -9999.0 -9999.0 -9999.0 -9999.0 -9999.0 -9999.0 -9999.0 -9999.0 -9999.0 -9999.0 -9999.0 -9999.0 -9999.0 -9999.0 -9999.0 -9999.0 -9999.0 -9999.0 -9999.0 -9999.0 -9999.0 -9999.0 -9999.0 -9999.0 -9999.0 -9999.0 -9999.0 -9999.0 -9999.0 -9999.0 -9999.0 -9999.0 -9999.0 -9999.0 -9999.0 -9999.0 -9999.0 -9999.0 -9999.0 -9999.0 -9999.0 -9999.0 -9999.0 -9999.0 -9999.0 -9999.0 -9999.0 -9999.0 -9999.0 -9999.0 -9999.0 -9999.0 -9999.0 -9999.0 -9999.0 -9999.0 -9999.0 -9999.0 -9999.0 -9999.0 -9999.0 -9999.0 -9999.0 -9999.0 -9999.0 -9999.0
-9999.0 -9999.0 -9999.0 -9999.0 -9999.0 -9999.0 -9999.0 -9999.0 -9999.0 -9999.0 -9999.0 -9999.0 -9999.0 -9999.0 -9999.0 -9999.0 -9999.0 -9999.0 -9999.0 -9999.0 337.891554 340.875368 318.781642 285.336415 257.718407 260.523837 296.132795 338.007474 376.658031 387.337168 370.047879 373.069527 369.831295 371.109527 375.591284 383.294920 387.661499 399.546618 408.154276 407.700957 401.305687 395.625116 394.963001 398.117433 403.258198 393.497840 407.416549 422.742548 428.180024 422.038102 393.233675 375.590464 365.350105 349.050691 372.447507 383.608517 405.471904 408.797587 406.580754 378.975286 348.510612 -9999.0 -9999.0 -9999.0 -9999.0 -9999.0 -9999.0 -9999.0 -9999.0 -9999.0 -9999.0 -9999.0 -9999.0 -9999.0 -9999.0 -9999.0 -9999.0 -9999.0 -9999.0 -9999.0
-9999.0 -9999.0 -9999.0 -9999.0 -9999.0 -9999.0 -9999.0 -9999.0 -9999.0 -9999.0 -9999.0 -9999.0 -9999.0 -9999.0 245.763484 236.148648 233.658479 242.659589 277.014747 307.783264 320.496927 313.427026 313.977912 291.125150 271.766198 287.168168 317.950026 350.293075 385.100751 405.843783 394.599431 393.696124 406.673965 437.254954 454.129452 453.333190 434.179882 457.897887 473.983502 482.542144 481.147402 472.123532 485.516038 501.284192 494.433868 477.431011 482.530366 494.902105 507.979507 492.085448 424.862517 400.534472 393.860156 385.344914 370.302636 362.465885 386.033141 385.295707 376.068308 357.350601 324.235197 279.618963 260.882777 299.017039 342.791994 400.112360 -9999.0 -9999.0 -9999.0 -9999.0 -9999.0 -9999.0 -9999.0 -9999.0 -9999.0 -9999.0 -9999.0 -9999.0 -9999.0 -9999.0
-9999.0 -9999.0 -9999.0 -9999.0 -9999.0 -9999.0 -9999.0 -9999.0 -9999.0 187.834305 192.058687 199.496568 201.841756 217.810050 216.108122 223.619438 231.722556 259.022381 291.181767 327.620802 357.541644 348.895977 350.253020 362.997042 371.024118 387.219376 411.031359 452.653699 493.937291 535.462587 508.138170 509.017208 535.649231 597.943872 641.321812 652.815923 636.747527 644.199968 669.031094 690.594953 688.114833 684.829767 708.312838 721.144167 724.116538 706.003648 693.935175 695.253883 720.705478 667.098461 594.452970 528.497805 523.331549 489.108838 447.295115 423.279951 416.701883 435.107756 418.100215 379.439318 341.773230 330.208622 312.066136 327.873269 349.605680 395.685907 433.928114 461.982506 461.422239 443.679353 -9999.0 -9999.0 -9999.0 -9999.0 -9999.0 -9999.0 -9999.0 -9999.0 -9999.0 -9999.0
-9999.0 -9999.0 -9999.0 -9999.0 -9999.0 -9999.0 108.938198 118.252443 138.459574 143.804668 168.889942 176.710310 197.679494 217.565578 239.417348 257.302389 289.017150 323.274694 367.042889 414.567808 449.859331 446.906607 458.827090 495.040527 545.471299 589.580602 621.045245 661.829487 736.743216 778.228616 789.697470 800.504676 828.114111 919.122447 998.018587 1017.613703 1002.024560 989.596197 1005.634076 1034.228386 1035.971294 1034.259261 1040.604011 1047.305730 1071.060451 1065.974088 1035.296581 1026.065500 1024.528574 1008.858563 937.310438 832.122784 776.042470 721.462129 637.320819 574.740121 565.612985 574.185025 539.482191 482.872258 438.126297 423.568118 405.672297 389.760858 393.804306 411.755317 433.584963 443.962058 430.484865 409.018873 385.559871 356.183076 357.383926 382.335998 -9999.0 -9999.0 -9999.0 -9999.0 -9999.0 -9999.0
-9999.0 -9999.0 -9999.0 -9999.0 58.954838 71.776862 60.095848 84.644157 117.290168 151.337417 184.092620 222.032492 250.090980 281.344183 324.732350 364.691267 410.404577 449.062438 511.241250 594.454384 654.972800 682.961989 699.676993 765.780568 852.533787 945.297863 979.552358 1004.130538 1035.606368 1083.458825 1104.945694 1112.222750 1135.061268 1179.467329 1225.928007 1256.840086 1243.918260 1239.356367 1243.316689 1250.015893 1268.667192 1267.501655 1267.932948 1268.889279 1272.280907 1274.311453 1257.736946 1232.585811 1223.526640 1215.668747 1186.948327 1113.576712 1072.597442 1047.208491 1019.772621 962.010126 859.493061 819.113063 753.236861 693.310218 622.888184 586.094884 545.816938 514.480736 479.769930 477.283926 477.781072 455.653877 422.764064 389.435530 373.350695 353.658845 342.318975 371.617572 388.791855 419.184195 -9999.0 -9999.0 -9999.0 -9999.0
-9999.0 -9999.0 0.021841 49.654627 106.419202 115.725745 117.933325 123.991549 152.233754 204.428794 283.311601 337.891607 383.815080 418.840870 484.995367 580.129236 660.433258 714.506353 790.146249 905.917643 983.332837 1015.710684 1028.398553 1062.201923 1116.582305 1182.327821 1209.544929 1230.402849 1251.361302 1274.650482 1287.943703 1302.264909 1311.428375 1315.225153 1319.378249 1319.550996 1317.486015 1315.142128 1299.434170 1296.446713 1302.109343 1304.939735 1307.197440 1295.076190 1291.551462 1304.817458 1309.476234 1312.120991 1314.926399 1322.760217 1327.157497 1290.445792 1250.401429 1239.141495 1232.776138 1190.967451 1124.752137 1082.465159 1063.854605 1027.012417 943.960834 852.724513 779.342701 718.150020 651.788658 609.762147 556.988265 510.328100 461.154257 413.130666 387.505652 367.371307 363.511763 362.635992 377.916250 392.882961 407.892651 415.509208 -9999.0 -9999.0
-9999.0 -100.875583 -28.094295 99.495971 180.048869 226.941767 266.540001 294.893112 322.380706 344.397301 455.483219 563.957690 658.060692 696.245281 761.999580 900.935139 1002.964444 1046.233503 1084.329991 1146.069804 1201.959155 1240.272474 1261.100420 1278.244929 1309.179282 1318.619338 1321.042958 1322.564094 1315.917077 1306.565596 1296.075391 1302.781232 1301.627400 1286.363336 1271.634238 1266.770052 1262.295275 1244.060001 1222.956082 1212.917556 1216.498775 1236.563301 1226.949819 1209.748706 1206.588940 1224.278761 1239.987490 1233.524584 1224.881471 1242.128999 1273.426790 1290.672723 1302.524118 1317.285356 1336.159550 1310.348423 1279.827573 1244.783938 1231.536431 1210.023644 1160.263443 1097.656237 1044.045139 977.849949 878.578906 784.619102 708.346366 633.723956 560.069347 514.579961 478.071527 422.451309 396.771059 395.809143 385.194201 381.551768 387.251418 393.376530 -9999.0 -9999.0
-9999.0 -176.388213 -32.890724 153.669803 304.389054 372.650021 496.825635 583.393264 610.924741 588.461172 704.840588 956.639813 1053.632380 1068.026497 1134.144598 1221.111708 1250.484536 1279.576385 1299.738754 1305.266303 1307.736029 1312.536468 1307.932124 1301.115537 1288.600983 1283.774025 1285.537507 1285.748156 1272.492704 1255.582057 1237.340001 1233.652697 1220.002826 1184.306689 1150.067450 1121.459294 1102.887445 1086.168907 1059.773824 1039.510290 1028.772876 1045.713468 1038.799712 1024.044068 1020.379914 1039.234731 1067.647908 1063.266152 1072.413242 1099.280815 1146.776392 1183.753006 1201.895862 1226.354871 1257.149336 1292.621851 1306.446145 1326.747402 1331.806200 1312.590964 1275.872086 1232.933018 1207.719787 1156.556364 1088.165909 1013.259918 938.969048 837.760005 750.498816 691.719830 627.593279 556.815392 491.430956 459.160984 416.698958 394.762128 -9999.0 -9999.0 -9999.0 -9999.0
-9999.0 -247.905849 -57.130489 207.717430 481.657697 626.230696 876.404881 1009.294817 1060.096392 1118.620193 1122.674220 1248.819178 1278.774279 1271.552051 1263.008012 1267.361041 1282.093883 1285.505995 1281.446806 1271.896467 1262.079963 1256.753573 1254.291151 1248.007846 1239.121320 1228.995313 1221.330626 1214.786928 1185.290121 1152.827092 1108.277888 1089.420375 1056.302986 972.036834 914.757303 838.101941 764.118277 753.264413 745.100658 717.674885 699.641333 682.597033 702.671299 705.072333 706.345361 711.308836 729.867576 753.074835 803.493564 859.864451 944.787496 1008.683653 1042.477462 1085.759855 1137.536474 1188.349904 1213.546740 1238.182511 1277.934391 1312.316624 1334.263091 1326.014517 1301.723163 1268.286391 1213.669184 1163.843552 1125.496769 1056.187039 995.600785 931.358740 841.641154 753.078968 662.057188 553.375751 505.689311 -9999.0 -9999.0 -9999.0 -9999.0 -9999.0
-9999.0 -413.615592 -144.860034 151.214897 487.882391 853.497605 994.197691 1131.233439 1200.457384 1162.442747 1162.899864 1182.530962 1217.259497 1222.919369 1207.207669 1204.009408 1196.929988 1196.724916 1206.701438 1177.501551 1139.463666 1120.147661 1116.862899 1105.425743 1085.296226 1072.131433 1064.138739 1049.910750 1006.717667 944.706513 821.974166 777.299064 697.653100 634.122966 581.406087 520.718796 463.263344 459.819815 475.939326 460.554422 438.738559 420.471542 446.577613 463.145216 474.592583 464.165439 473.373208 509.725807 561.797942 612.170261 674.441893 736.226688 789.071924 856.752841 932.545715 997.411039 1042.629152 1087.230975 1162.144438 1232.108138 1262.675085 1291.757580 1324.723478 1343.039951 1300.709896 1262.904218 1228.294354 1185.997348 1123.239760 1087.433673 1049.651024 978.797978 883.125968 -9999.0 -9999.0 -9999.0 -9999.0 -9999.0 -9999.0 -9999.0
-9999.0 -544.628848 -317.853156 -75.557270 223.039897 472.820384 670.761755 822.876036 919.451598 948.499533 977.222940 1004.958106 1030.420173 1050.127747 1032.319999 1001.860856 978.805807 981.988610 974.596053 934.840375 867.959659 832.155900 823.232941 811.830045 782.436395 765.861556 755.077583 732.749522 696.902794 636.074355 542.518220 466.252669 401.976801 366.032636 333.377489 297.374024 258.023326 267.923954 281.860701 277.830943 266.294982 262.543746 292.215702 311.001346 321.105041 308.475841 327.280504 354.583695 397.346341 441.579860 492.906480 549.750867 605.545614 642.110823 670.264682 706.369556 754.020671 827.046087 955.459071 1061.740632 1144.450645 1189.857444 1234.251709 1265.907350 1280.338432 1300.458791 1285.351201 1218.373180 1115.971201 1144.236475 1152.013981 -9999.0 -9999.0 -9999.0 -9999.0 -9999.0 -9999.0 -9999.0 -9999.0 -9999.0
-9999.0 -9999.0 -554.217993 -368.889888 -216.136180 -29.684469 124.617465 240.182148 328.087303 433.281531 533.609967 612.361168 653.485381 670.019382 655.060393 619.623200 596.226862 595.201224 582.441752 562.630939 528.553729 512.643540 499.509535 489.924552 476.745838 469.689698 464.328176 453.022430 429.977233 381.251090 326.624357 272.345236 216.943802 190.832068 168.049660 145.001531 141.734976 139.175281 145.726135 147.159572 153.113055 165.214730 185.863349 207.447520 216.949867 224.506022 237.036930 260.849652 294.373691 336.481874 390.237029 447.302081 486.891966 501.057186 495.027311 503.994125 529.542328 581.558168 682.223095 789.609602 931.717696 1017.407200 1091.510695 1153.746901 1175.875809 1194.262126 1213.403796 1147.072247 781.264496 1062.266387 -9999.0 -9999.0 -9999.0 -9999.0 -9999.0 -9999.0 -9999.0 -9999.0 -9999.0 -9999.0
-9999.0 -9999.0 -9999.0 -9999.0 -513.010521 -356.382268 -260.583888 -176.631148 -50.433352 64.375906 161.260841 240.606313 296.795904 321.499708 312.760365 310.843550 303.497121 298.232754 287.777320 281.353885 274.184462 264.300247 250.839078 242.685061 242.160565 246.039566 243.903511 230.679326 214.041626 187.855399 164.180769 128.489071 91.210842 61.667227 48.352719 41.642729 41.694704 35.819457 45.221260 51.974256 67.061031 82.557184 106.614463 135.182990 148.099344 162.405757 172.084557 192.817165 222.983377 276.071748 338.913598 395.518564 429.970055 434.010701 408.923912 393.950114 391.918142 422.726654 474.721228 552.486614 670.424262 757.041002 840.438251 939.090755 994.381827 1047.108995 1119.728795 1151.782643 -9999.0 -9999.0 -9999.0 -9999.0 -9999.0 -9999.0 -9999.0 -9999.0 -9999.0 -9999.0 -9999.0 -9999.0
-9999.0 -9999.0 -9999.0 -9999.0 -9999.0 -9999.0 -565.490850 -469.127171 -383.881422 -255.122082 -135.460789 -39.623923 36.755257 63.962959 84.246546 108.025966 103.988158 85.995601 67.897930 84.233519 94.054851 88.011737 59.188123 57.755763 61.598307 70.743787 69.407655 63.325415 38.458577 47.476490 46.468468 23.162952 -3.026210 -17.339524 -28.989616 -19.104332 -18.392721 -31.119764 -29.106145 -2.760914 17.172128 30.617627 53.017047 86.237717 118.321335 132.797712 133.795331 139.925711 180.968510 251.142503 321.756687 375.599919 406.627181 413.971649 385.737485 344.958849 323.866105 331.425606 367.937772 424.418518 506.397156 562.655793 603.373832 641.558598 678.757937 776.459263 -9999.0 -9999.0 -9999.0 -9999.0 -9999.0 -9999.0 -9999.0 -9999.0 -9999.0 -9999.0 -9999.0 -9999.0 -9999.0 -9999.0
-9999.0 -9999.0 -9999.0 -9999.0 -9999.0 -9999.0 -9999.0 -9999.0 -9999.0 -9999.0 -9999.0 -9999.0 -9999.0 -9999.0 -9999.0 -9999.0 -9999.0 -9999.0 -9999.0 -9999.0 -9999.0 -9999.0 -9999.0 -9999.0 -9999.0 -9999.0 -9999.0 -9999.0 -9999.0 -9999.0 -9999.0 -9999.0 -9999.0 -9999.0 -9999.0 -9999.0 -9999.0 -9999.0 -9999.0 -9999.0 -9999.0 -9999.0 -9999.0 -9999.0 -9999.0 -9999.0 -9999.0 -9999.0 -9999.0 -9999.0 -9999.0 -9999.0 -9999.0 -9999.0 -9999.0 -9999.0 -9999.0 -9999.0 -9999.0 -9999.0 -9999.0 -9999.0 -9999.0 -9999.0 -9999.0 -9999.0 -9999.0 -9999.0 -9999.0 -9999.0 -9999.0 -9999.0 -9999.0 -9999.0 -9999.0 -9999.0 -9999.0 -9999.0 -9999.0 -9999.0
-9999.0 -9999.0 -9999.0 -9999.0 -9999.0 -9999.0 -9999.0 -9999.0 -9999.0 -9999.0 -9999.0 -9999.0 -9999.0 -9999.0 -9999.0 -9999.0 -9999.0 -9999.0 -9999.0 -9999.0 -9999.0 -9999.0 -9999.0 -9999.0 -9999.0 -9999.0 -9999.0 -9999.0 -9999.0 -9999.0 -9999.0 -9999.0 -9999.0 -9999.0 -9999.0 -9999.0 -9999.0 -9999.0 -9999.0 -9999.0 -9999.0 -9999.0 -9999.0 -9999.0 -9999.0 -9999.0 -9999.0 -9999.0 -9999.0 -9999.0 -9999.0 -9999.0 -9999.0 -9999.0 -9999.0 -9999.0 -9999.0 -9999.0 -9999.0 -9999.0 -9999.0 -9999.0 -9999.0 -9999.0 -9999.0 -9999.0 -9999.0 -9999.0 -9999.0 -9999.0 -9999.0 -9999.0 -9999.0 -9999.0 -9999.0 -9999.0 -9999.0 -9999.0 -9999.0 -9999.0