Borden_/Borden1m_014/output_maps/psiliqL0005N0011.asc
ncols         80
nrows         18
xllcorner     620200.000000
yllcorner     5168000.000000
cellsize      1.000000
NODATA_value  -9999.0
-9999.0 -9999.0 -9999.0 -9999.0 -9999.0 -9999.0 -9999.0 -9999.0 -9999.0 -9999.0 -9999.0 -9999.0 -9999.0 -9999.0 -9999.0 -9999.0 -9999.0 -9999.0 -9999.0 -9999.0 -9999.0 -9999.0 -9999.0 -9999.0 -9999.0 -9999.0 -9999.0 -9999.0 -9999.0 -9999.0 -9999.0 -9999.0 -9999.0 -9999.0 -9999.0 -9999.0 -9999.0 -9999.0 -9999.0 -9999.0 -9999.0 -9999.0 -9999.0 -9999.0 -9999.0 -9999.0 -9999.0 -9999.0 -9999.0 -9999.0 -9999.0 -9999.0 -9999.0 -9999.0 -9999.0 -9999.0 -9999.0 -9999.0 -9999.0 -9999.0 -9999.0 -9999.0 -9999.0 -9999.0 -9999.0 -9999.0 -9999.0 -9999.0 -9999.0 -9999.0 -9999.0 -9999.0 -9999.0 -9999.0 -9999.0 -9999.0 -9999.0 -9999.0 -9999.0 -9999.0
-9999.0 -9999.0 -9999.0 -9999.0 -9999.0 -9999.0 -9999.0 -9999.0 -9999.0 -9999.0 -9999.0 -9999.0 -9999.0 -9999.0 -9999.0 -9999.0 -9999.0 -9999.0 -9999.0 -9999.0 -9999.0 -9999.0 -9999.0 -9999.0 -9999.0 -9999.0 -9999.0 -9999.0 -9999.0 -9999.0 -9999.0 -9999.0 -9999.0 -9999.0 -9999.0 -9999.0 -9999.0 -9999.0 -9999.0 -9999.0 -9999.0 -9999.0 -9999.0 -9999.0 -9999.0 -9999.0 -9999.0 -9999.0 -9999.0 -9999.0 -9999.0 -9999.0 -9999.0 -9999.0 -9999.0 -9999.0 -9999.0 -9999.0 -9999.0 -9999.0 -9999.0 -9999.0 -9999.0 -9999.0 -9999.0 -9999.0 -9999.0 -9999.0 -9999.0 -9999.0 -9999.0 -9999.0 -9999.0 -9999.0 -9999.0 -9999.0 -9999.0 -9999.0 -9999.0 -9999.0
-9999.0 -9999.0 -9999.0 -9999.0 -9999.0 -9999.0 -9999.0 -9999.0 -9999.0 -9999.0 -9999.0 -9999.0 -9999.0 -9999.0 -9999.0 -9999.0 -9999.0 -9999.0 -9999.0 -9999.0 -773.842175 -770.711813 -793.762342 -827.859084 -856.458666 -855.122230 -820.858706 -780.887617 -744.376608 -734.206660 -752.386621 -751.730620 -757.354690 -757.430910 -754.527429 -749.166832 -747.233295 -735.885024 -727.631960 -727.892703 -734.016246 -739.893043 -741.858462 -738.276635 -733.505218 -741.291511 -728.134304 -712.920783 -706.063882 -710.722330 -737.197812 -752.484767 -759.745179 -773.158844 -748.455727 -735.231655 -711.860908 -706.997444 -707.471674 -733.839233 -763.363151 -9999.0 -9999.0 -9999.0 -9999.0 -9999.0 -9999.0 -9999.0 -9999.0 -9999.0 -9999.0 -9999.0 -9999.0 -9999.0 -9999.0 -9999.0 -9999.0 -9999.0 -9999.0 -9999.0
-9999.0 -9999.0 -9999.0 -9999.0 -9999.0 -9999.0 -9999.0 -9999.0 -9999.0 -9999.0 -9999.0 -9999.0 -9999.0 -9999.0 -862.131878 -872.784698 -876.320496 -868.293538 -835.227358 -806.116121 -793.686967 -801.691511 -802.247492 -826.052538 -846.338726 -832.945093 -804.891538 -774.866843 -742.234422 -722.566842 -735.908504 -739.178148 -729.016939 -701.668729 -687.262144 -690.294398 -711.782032 -690.056281 -674.289659 -664.886887 -666.091596 -674.731030 -660.077033 -644.073548 -650.614527 -667.795097 -664.985081 -653.646626 -638.513158 -652.899699 -716.007008 -736.444345 -738.174652 -743.672307 -755.609113 -761.509538 -736.617529 -734.663727 -742.063174 -759.029894 -790.113282 -833.251549 -850.228124 -811.771732 -766.946486 -708.572877 -9999.0 -9999.0 -9999.0 -9999.0 -9999.0 -9999.0 -9999.0 -9999.0 -9999.0 -9999.0 -9999.0 -9999.0 -9999.0 -9999.0
-9999.0 -9999.0 -9999.0 -9999.0 -9999.0 -9999.0 -9999.0 -9999.0 -9999.0 -917.244622 -914.362642 -907.799860 -906.731933 -891.703585 -893.634989 -887.363261 -879.706676 -854.913403 -824.923029 -790.953140 -762.984731 -773.894206 -774.344905 -762.325310 -755.097886 -743.014925 -723.935797 -685.477756 -645.035440 -605.057588 -633.347596 -635.790461 -617.531601 -567.803402 -526.086456 -515.309517 -534.826433 -533.663745 -507.588029 -480.121580 -481.147424 -483.194473 -457.766234 -443.428464 -434.355953 -454.401686 -475.413015 -479.004034 -451.469593 -505.379779 -570.012259 -624.791058 -623.422441 -653.270723 -693.596809 -715.587358 -717.890123 -694.687755 -708.773544 -744.792494 -780.058588 -788.009699 -803.405532 -786.975948 -763.684123 -716.053597 -677.287138 -648.028173 -646.749262 -663.392817 -9999.0 -9999.0 -9999.0 -9999.0 -9999.0 -9999.0 -9999.0 -9999.0 -9999.0 -9999.0
-9999.0 -9999.0 -9999.0 -9999.0 -9999.0 -9999.0 -994.656576 -986.583438 -967.670819 -962.250599 -939.069630 -932.043910 -912.289511 -893.688114 -874.526860 -858.263994 -828.174634 -797.180275 -757.074914 -714.441187 -683.642500 -688.513467 -679.729252 -646.546621 -603.408966 -570.008053 -546.886917 -509.420065 -427.211076 -372.665200 -351.113181 -342.133595 -320.878950 -115.155568 104.267595 120.470948 115.955678 111.609928 116.345360 125.393484 125.419748 124.520517 126.039487 127.420701 135.635171 134.385464 124.421201 122.080324 121.669581 116.857144 42.628079 -318.472832 -390.254070 -445.769334 -527.689403 -587.333580 -591.966977 -576.325427 -605.417501 -655.948652 -696.726002 -705.915685 -719.001757 -732.332050 -726.346874 -706.073764 -681.477145 -669.021951 -680.095639 -699.379681 -721.651167 -749.617152 -747.446632 -721.561225 -9999.0 -9999.0 -9999.0 -9999.0 -9999.0 -9999.0
-9999.0 -9999.0 -9999.0 -9999.0 -1043.697597 -1031.896966 -1043.545643 -1021.180279 -990.225365 -958.287581 -926.629781 -890.183419 -864.352940 -836.119074 -795.484091 -757.944660 -716.166902 -683.941420 -631.616524 -564.561060 -511.194181 -482.625553 -468.155056 -397.851755 -280.858146 54.425353 108.161687 116.174097 123.773846 138.380690 144.261478 145.189262 151.240414 168.197058 189.128329 200.137752 195.684679 195.055425 195.627769 196.281146 202.639145 201.591326 201.603955 201.279826 201.488299 203.314504 198.926279 191.407444 189.453615 187.944102 179.652133 145.884864 133.472549 127.456456 120.454379 69.079448 -273.394824 -339.912575 -416.377893 -476.147437 -545.641264 -571.030671 -600.915294 -624.389609 -653.059420 -650.912146 -646.470808 -664.180329 -692.417622 -722.736253 -736.468434 -754.056250 -763.104326 -732.753995 -714.533182 -682.893870 -9999.0 -9999.0 -9999.0 -9999.0
-9999.0 -9999.0 -1100.569557 -1050.553123 -995.825488 -987.897923 -985.503620 -981.534995 -956.145040 -907.403971 -829.700844 -778.390620 -734.862411 -707.490247 -650.805586 -568.248416 -493.209912 -443.761899 -373.104820 -205.937908 75.309045 117.558105 121.666539 130.932549 148.208605 178.246194 186.939669 192.035519 196.599584 202.348372 223.642407 238.186843 242.602088 238.983078 237.785478 236.227856 234.611751 233.118555 217.719084 215.570000 221.493582 222.846448 226.493283 214.980543 211.104829 222.948353 225.798965 227.725184 230.753070 238.955184 247.679671 219.626983 193.929709 192.340630 192.738846 179.562496 149.499385 136.044172 132.674767 121.528531 43.415472 -304.976873 -398.281850 -459.439289 -513.046697 -542.696776 -585.207689 -621.824902 -663.303570 -705.543085 -726.983539 -744.004066 -744.941916 -743.084304 -726.338396 -709.972347 -694.044916 -685.965406 -9999.0 -9999.0
-9999.0 -1196.913661 -1124.675408 -997.247542 -919.895376 -876.061937 -834.510213 -805.271097 -783.955533 -774.066259 -670.201136 -562.485465 -475.322085 -448.445332 -386.793841 -23.605244 111.849003 127.312996 136.559012 155.338721 181.408242 194.315439 199.866688 222.319665 245.221035 242.015566 238.956558 237.839039 228.877430 220.547238 210.523246 218.438716 217.267747 204.539905 197.504402 197.551071 197.593729 192.999790 187.567344 185.468632 187.028131 193.580364 190.546781 185.332493 184.246937 189.300753 193.249159 190.646312 186.762877 190.938462 199.396049 203.927740 219.732922 232.571060 251.384399 229.354730 202.078926 192.270483 190.181430 185.553764 170.705809 141.860007 124.440024 64.183470 -272.440934 -405.693263 -472.283383 -524.647590 -582.690812 -616.680512 -644.226876 -693.751885 -715.584257 -712.445030 -720.734394 -722.329433 -714.940506 -708.180834 -9999.0 -9999.0
-9999.0 -1264.339877 -1120.936134 -935.494501 -791.487330 -732.423794 -614.610412 -532.293665 -508.732790 -531.947812 -419.130269 77.434180 133.243495 133.903328 152.905440 187.092916 207.805179 228.893540 242.692793 234.900671 228.851057 231.081409 225.780269 217.090386 204.596094 199.975495 201.058374 201.879627 198.692946 194.585323 189.314569 189.665541 186.603774 175.104322 155.164993 146.830233 143.165383 139.414887 131.746431 126.143582 122.784237 129.623418 126.688832 121.781085 120.328320 126.057863 135.121935 131.746713 133.143806 140.004436 156.944104 175.840646 181.383734 187.045518 194.285019 204.900521 220.372692 240.322954 245.414641 223.014672 200.563983 188.365783 183.845020 169.034211 138.172950 89.527238 -158.264310 -330.296269 -420.687274 -471.493597 -519.005210 -573.289630 -627.819243 -652.446932 -689.874354 -710.405374 -9999.0 -9999.0 -9999.0 -9999.0
-9999.0 -1323.704668 -1131.265118 -863.984730 -618.029995 -491.855611 24.782157 122.619252 137.369083 154.223236 163.767287 229.370971 239.019150 223.983383 199.946857 198.266521 202.696333 204.416270 200.424322 197.132021 195.053329 194.513024 194.393230 193.031886 191.124494 188.718636 187.100611 186.720601 179.321937 169.202693 144.957027 139.795623 129.735085 58.890198 -205.102506 -305.722415 -387.747183 -396.504189 -412.666791 -447.454488 -466.490102 -479.240764 -462.263737 -466.131898 -467.288943 -456.988585 -432.662136 -415.551898 -366.184299 -306.191638 -135.759639 94.919235 123.163180 136.073493 151.521116 176.728840 184.640443 190.396579 201.024199 222.916465 242.155580 235.398359 209.683119 198.518878 183.276709 169.442429 152.243595 130.749040 113.483868 41.567002 -291.227074 -403.742682 -480.446243 -563.962006 -602.367349 -9999.0 -9999.0 -9999.0 -9999.0 -9999.0
-9999.0 -1466.587384 -1198.920922 -900.323958 -567.221283 8.984092 118.776939 168.043018 212.527584 179.921358 175.374969 180.631641 190.414880 190.511831 184.854344 185.129099 183.212364 182.361002 184.708534 167.722391 151.976164 146.861098 147.357026 144.451731 138.447157 134.968442 133.278573 130.192062 115.476763 46.266131 -340.920724 -374.839220 -458.411997 -529.128984 -574.046191 -617.965541 -666.457448 -667.855205 -653.137176 -669.435554 -690.449709 -708.603564 -684.684414 -670.977599 -661.230995 -670.452743 -662.741212 -631.079850 -586.680702 -548.918519 -503.656516 -449.115975 -398.050593 -319.180813 -207.646219 75.806450 123.030601 137.410971 170.075383 190.211819 195.147297 203.210961 233.224699 251.201672 215.178269 196.075422 188.268483 181.125261 167.171031 155.737857 132.708842 86.115591 -229.564354 -9999.0 -9999.0 -9999.0 -9999.0 -9999.0 -9999.0 -9999.0
-9999.0 -1603.871378 -1365.412004 -1109.424963 -806.994982 -583.098935 -429.021137 -227.369670 83.213523 105.684318 112.798445 119.268247 125.841863 131.877485 125.813263 116.735491 109.442522 109.761184 91.873612 -91.918997 -265.214815 -306.215947 -306.981425 -320.815377 -364.849606 -387.305891 -401.027640 -428.146207 -469.586680 -524.125067 -602.466468 -663.012298 -720.456872 -754.921908 -783.847222 -815.867845 -854.828235 -844.074149 -828.895276 -833.890909 -846.895415 -852.128890 -823.010477 -805.512225 -795.907155 -809.892391 -792.522495 -766.687809 -726.752510 -688.266706 -644.880103 -596.294005 -549.260828 -522.698365 -508.672164 -477.924502 -431.627997 -351.533635 41.455212 127.623286 154.347513 175.275399 188.395592 196.037367 199.973181 215.719451 218.337520 191.547249 169.870131 175.173404 174.789411 -9999.0 -9999.0 -9999.0 -9999.0 -9999.0 -9999.0 -9999.0 -9999.0 -9999.0
-9999.0 -9999.0 -1604.099925 -1407.129116 -1236.852184 -1050.880870 -906.976495 -808.885333 -743.237267 -671.360705 -594.422583 -528.347062 -490.918997 -475.355107 -495.995471 -539.269186 -566.808788 -566.282959 -574.332074 -589.408597 -613.778507 -622.256685 -629.810364 -636.334821 -649.611713 -656.743530 -661.251519 -670.948907 -691.928611 -736.329026 -788.546234 -839.266937 -892.746642 -916.895026 -938.419227 -961.232010 -965.615714 -966.447216 -959.217174 -958.259905 -953.773858 -942.708189 -922.048991 -901.456639 -892.529813 -886.566827 -874.428413 -851.525429 -819.382338 -780.413511 -730.779739 -678.585995 -643.984619 -634.707049 -645.649441 -641.358018 -621.723577 -581.664946 -498.836794 -399.912078 -194.519282 84.972958 135.160043 155.764842 171.953548 179.421168 187.973586 178.298731 114.002449 158.370530 -9999.0 -9999.0 -9999.0 -9999.0 -9999.0 -9999.0 -9999.0 -9999.0 -9999.0 -9999.0
-9999.0 -9999.0 -9999.0 -9999.0 -1549.859063 -1391.161417 -1298.990331 -1218.181886 -1103.661056 -1003.726710 -918.834120 -849.446523 -803.418700 -782.468315 -796.306945 -805.747958 -814.900797 -817.197392 -824.785214 -831.587186 -838.370494 -845.680557 -855.104372 -862.295743 -863.436824 -860.452854 -862.036329 -874.272669 -888.648586 -916.974389 -941.890891 -976.833829 -1013.812817 -1042.574804 -1055.358466 -1062.760572 -1062.319838 -1067.203640 -1057.449184 -1051.715901 -1037.229065 -1021.921639 -998.090325 -970.446505 -958.653418 -944.947827 -935.468596 -914.882641 -885.785640 -834.562352 -774.434151 -721.270063 -690.410871 -689.126190 -717.364178 -735.021570 -740.100637 -715.173451 -671.999798 -608.669004 -514.898230 -440.419131 -351.323502 -208.253749 69.064444 123.942164 160.357422 172.163468 -9999.0 -9999.0 -9999.0 -9999.0 -9999.0 -9999.0 -9999.0 -9999.0 -9999.0 -9999.0 -9999.0 -9999.0
-9999.0 -9999.0 -9999.0 -9999.0 -9999.0 -9999.0 -1610.660585 -1518.224324 -1427.797393 -1314.297296 -1210.553279 -1124.924196 -1055.447609 -1034.226085 -1020.921637 -1000.847385 -1006.365612 -1022.184443 -1037.155805 -1021.804477 -1014.127435 -1018.289586 -1043.925460 -1045.695593 -1042.841664 -1033.242398 -1033.995241 -1039.768247 -1063.983053 -1057.429183 -1059.771172 -1082.377985 -1108.100388 -1122.570822 -1133.934861 -1123.943254 -1122.920904 -1134.916235 -1131.781249 -1106.332130 -1087.137188 -1073.743169 -1051.175572 -1018.443127 -986.994720 -973.383964 -972.763236 -966.748274 -925.226936 -856.210883 -788.187109 -737.435610 -709.221978 -703.882906 -734.246195 -776.977476 -800.768314 -796.928772 -766.292828 -718.013187 -648.347749 -605.870704 -578.568904 -557.907651 -529.906896 -427.621415 -9999.0 -9999.0 -9999.0 -9999.0 -9999.0 -9999.0 -9999.0 -9999.0 -9999.0 -9999.0 -9999.0 -9999.0 -9999.0 -9999.0
-9999.0 -9999.0 -9999.0 -9999.0 -9999.0 -9999.0 -9999.0 -9999.0 -9999.0 -9999.0 -9999.0 -9999.0 -9999.0 -9999.0 -9999.0 -9999.0 -9999.0 -9999.0 -9999.0 -9999.0 -9999.0 -9999.0 -9999.0 -9999.0 -9999.0 -9999.0 -9999.0 -9999.0 -9999.0 -9999.0 -9999.0 -9999.0 -9999.0 -9999.0 -9999.0 -9999.0 -9999.0 -9999.0 -9999.0 -9999.0 -9999.0 -9999.0 -9999.0 -9999.0 -9999.0 -9999.0 -9999.0 -9999.0 -9999.0 -9999.0 -9999.0 -9999.0 -9999.0 -9999.0 -9999.0 -9999.0 -9999.0 -9999.0 -9999.0 -9999.0 -9999.0 -9999.0 -9999.0 -9999.0 -9999.0 -9999.0 -9999.0 -9999.0 -9999.0 -9999.0 -9999.0 -9999.0 -9999.0 -9999.0 -9999.0 -9999.0 -9999.0 -9999.0 -9999.0 -9999.0
-9999.0 -9999.0 -9999.0 -9999.0 -9999.0 -9999.0 -9999.0 -9999.0 -9999.0 -9999.0 -9999.0 -9999.0 -9999.0 -9999.0 -9999.0 -9999.0 -9999.0 -9999.0 -9999.0 -9999.0 -9999.0 -9999.0 -9999.0 -9999.0 -9999.0 -9999.0 -9999.0 -9999.0 -9999.0 -9999.0 -9999.0 -9999.0 -9999.0 -9999.0 -9999.0 -9999.0 -9999.0 -9999.0 -9999.0 -9999.0 -9999.0 -9999.0 -9999.0 -9999.0 -9999.0 -9999.0 -9999.0 -9999.0 -9999.0 -9999.0 -9999.0 -9999.0 -9999.0 -9999.0 -9999.0 -9999.0 -9999.0 -9999.0 -9999.0 -9999.0 -9999.0 -9999.0 -9999.0 -9999.0 -9999.0 -9999.0 -9999.0 -9999.0 -9999.0 -9999.0 -9999.0 -9999.0 -9999.0 -9999.0 -9999.0 -9999.0 -9999.0 -9999.0 -9999.0 -9999.0