Borden_/Borden1m_014/output_maps/psiliqL0009N0016.asc
ncols         80
nrows         18
xllcorner     620200.000000
yllcorner     5168000.000000
cellsize      1.000000
NODATA_value  -9999.0
-9999.0 -9999.0 -9999.0 -9999.0 -9999.0 -9999.0 -9999.0 -9999.0 -9999.0 -9999.0 -9999.0 -9999.0 -9999.0 -9999.0 -9999.0 -9999.0 -9999.0 -9999.0 -9999.0 -9999.0 -9999.0 -9999.0 -9999.0 -9999.0 -9999.0 -9999.0 -9999.0 -9999.0 -9999.0 -9999.0 -9999.0 -9999.0 -9999.0 -9999.0 -9999.0 -9999.0 -9999.0 -9999.0 -9999.0 -9999.0 -9999.0 -9999.0 -9999.0 -9999.0 -9999.0 -9999.0 -9999.0 -9999.0 -9999.0 -9999.0 -9999.0 -9999.0 -9999.0 -9999.0 -9999.0 -9999.0 -9999.0 -9999.0 -9999.0 -9999.0 -9999.0 -9999.0 -9999.0 -9999.0 -9999.0 -9999.0 -9999.0 -9999.0 -9999.0 -9999.0 -9999.0 -9999.0 -9999.0 -9999.0 -9999.0 -9999.0 -9999.0 -9999.0 -9999.0 -9999.0
-9999.0 -9999.0 -9999.0 -9999.0 -9999.0 -9999.0 -9999.0 -9999.0 -9999.0 -9999.0 -9999.0 -9999.0 -9999.0 -9999.0 -9999.0 -9999.0 -9999.0 -9999.0 -9999.0 -9999.0 -9999.0 -9999.0 -9999.0 -9999.0 -9999.0 -9999.0 -9999.0 -9999.0 -9999.0 -9999.0 -9999.0 -9999.0 -9999.0 -9999.0 -9999.0 -9999.0 -9999.0 -9999.0 -9999.0 -9999.0 -9999.0 -9999.0 -9999.0 -9999.0 -9999.0 -9999.0 -9999.0 -9999.0 -9999.0 -9999.0 -9999.0 -9999.0 -9999.0 -9999.0 -9999.0 -9999.0 -9999.0 -9999.0 -9999.0 -9999.0 -9999.0 -9999.0 -9999.0 -9999.0 -9999.0 -9999.0 -9999.0 -9999.0 -9999.0 -9999.0 -9999.0 -9999.0 -9999.0 -9999.0 -9999.0 -9999.0 -9999.0 -9999.0 -9999.0 -9999.0
-9999.0 -9999.0 -9999.0 -9999.0 -9999.0 -9999.0 -9999.0 -9999.0 -9999.0 -9999.0 -9999.0 -9999.0 -9999.0 -9999.0 -9999.0 -9999.0 -9999.0 -9999.0 -9999.0 -9999.0 -66.681985 -63.660014 -86.267886 -120.296324 -148.672934 -146.495992 -111.032122 -69.419421 -31.154156 -20.459436 -38.163406 -36.001717 -40.181237 -39.467231 -35.653020 -28.906469 -25.555983 -13.763891 -5.144225 -5.475445 -11.826702 -17.628608 -18.674253 -15.215437 -10.144678 -19.334731 -5.534077 10.019193 16.164353 10.444866 -17.922598 -34.896389 -44.137383 -59.482098 -35.392790 -23.296534 -0.639588 3.285085 1.629248 -25.729590 -56.041927 -9999.0 -9999.0 -9999.0 -9999.0 -9999.0 -9999.0 -9999.0 -9999.0 -9999.0 -9999.0 -9999.0 -9999.0 -9999.0 -9999.0 -9999.0 -9999.0 -9999.0 -9999.0 -9999.0
-9999.0 -9999.0 -9999.0 -9999.0 -9999.0 -9999.0 -9999.0 -9999.0 -9999.0 -9999.0 -9999.0 -9999.0 -9999.0 -9999.0 -158.037953 -168.136100 -171.095008 -162.434259 -128.286135 -97.845038 -85.093399 -92.565141 -92.445215 -115.870864 -135.850615 -121.110684 -90.965558 -58.965140 -24.255578 -3.252894 -15.177245 -16.768241 -4.338555 25.857854 42.253333 40.497706 19.935089 43.332252 59.898779 69.243630 67.969897 59.033328 73.564442 90.071391 83.271330 65.542896 69.690545 82.029120 96.361279 80.096477 12.548553 -11.361374 -16.825586 -24.711786 -38.929507 -46.079934 -21.726384 -21.517458 -30.318477 -48.691513 -81.379542 -125.864983 -144.074596 -105.385759 -60.844870 -2.826370 -9999.0 -9999.0 -9999.0 -9999.0 -9999.0 -9999.0 -9999.0 -9999.0 -9999.0 -9999.0 -9999.0 -9999.0 -9999.0 -9999.0
-9999.0 -9999.0 -9999.0 -9999.0 -9999.0 -9999.0 -9999.0 -9999.0 -9999.0 -215.077047 -211.394268 -204.350225 -202.568395 -186.947702 -188.758549 -181.733638 -173.792003 -147.180864 -115.412151 -79.376796 -49.802542 -59.264187 -58.321800 -45.079705 -36.205614 -21.134430 1.306538 43.088594 86.635019 130.594362 104.017611 105.260505 132.759446 196.082551 239.978412 251.033445 233.485521 239.234670 265.257713 289.123434 287.036213 284.429019 309.721845 323.948154 328.815053 309.019021 293.755377 294.225926 321.613778 265.916438 193.106646 124.960471 116.605012 80.333837 36.781503 12.760751 7.758036 27.299581 10.130658 -28.630698 -66.068415 -76.515242 -93.863962 -77.669437 -55.142356 -8.204900 30.448330 59.021726 59.064183 41.621414 -9999.0 -9999.0 -9999.0 -9999.0 -9999.0 -9999.0 -9999.0 -9999.0 -9999.0 -9999.0
-9999.0 -9999.0 -9999.0 -9999.0 -9999.0 -9999.0 -293.643052 -284.851629 -265.167047 -259.850511 -235.493958 -228.076060 -207.582587 -188.144341 -167.158631 -149.687604 -118.072531 -84.290563 -40.676637 6.716351 41.641032 38.665060 51.104879 91.488627 150.475947 193.003240 221.373738 262.771402 345.686630 399.339724 421.096071 439.212924 483.063599 583.467082 654.643737 669.998161 655.037981 643.339168 656.883199 681.861319 683.617318 682.076062 687.497110 693.159222 714.470247 710.046585 682.560973 674.870866 674.396644 663.610115 601.511651 485.878108 396.196672 328.396824 239.693715 176.996718 170.080460 173.330946 133.669603 75.177819 29.739976 16.293806 -1.174424 -16.879808 -12.364927 6.312741 29.085240 40.092324 27.288812 6.450136 -16.686915 -45.657288 -44.112400 -18.772688 -9999.0 -9999.0 -9999.0 -9999.0 -9999.0 -9999.0
-9999.0 -9999.0 -9999.0 -9999.0 -343.366788 -331.061015 -343.028100 -319.373398 -287.366186 -254.106652 -221.716203 -184.131985 -156.631261 -126.035189 -82.705909 -42.131993 3.955404 42.841879 107.091275 194.236435 256.212878 286.350507 307.152033 395.147976 546.066958 623.032868 642.095389 659.317150 685.814004 730.271940 751.147197 759.181380 781.904324 819.413431 856.169966 881.266589 868.641579 864.579992 867.143924 872.106881 890.140282 889.168492 889.664660 890.202275 892.679029 894.797265 879.380621 857.834216 851.417336 846.826530 826.195057 761.986313 720.221839 696.720839 677.088934 637.334585 555.198107 464.544774 368.211710 298.742459 225.931062 190.108605 142.656060 109.217876 74.152855 71.122325 71.679473 50.200044 18.325005 -14.293630 -29.677041 -48.736730 -59.310634 -29.597121 -12.042750 18.789806 -9999.0 -9999.0 -9999.0 -9999.0
-9999.0 -9999.0 -401.340395 -351.628907 -295.647845 -287.148177 -285.252142 -280.275859 -253.166715 -201.976111 -122.253746 -67.171945 -20.624816 13.368125 80.766982 181.249455 265.306183 324.816655 417.973780 564.275973 641.868897 670.085230 681.829638 716.727414 776.230914 827.444021 844.435677 859.164041 875.800696 897.303393 914.209271 929.094958 937.684981 937.860368 939.130711 937.040433 934.698466 931.899585 916.344285 913.547997 919.133614 921.253226 924.065295 912.566735 909.022502 921.629190 925.498390 929.047065 933.290652 942.179476 949.021641 915.954174 874.532551 865.666774 863.775702 833.579541 783.033939 736.521753 714.914467 684.733620 622.459148 547.625913 407.781146 328.980445 259.907960 207.563922 151.014812 104.145128 55.402022 8.314631 -16.270966 -35.700562 -38.738907 -38.825278 -23.145893 -7.779270 7.462345 15.192347 -9999.0 -9999.0
-9999.0 -500.509888 -428.095882 -300.463418 -221.073869 -175.221926 -134.060970 -104.535122 -78.808962 -60.568275 52.745279 170.688072 267.049800 306.641313 386.276749 556.755130 658.167335 697.119035 732.978406 790.310123 837.632957 869.206877 887.517471 910.058519 939.486097 942.675481 940.736668 939.940941 931.666614 923.286914 913.524088 921.146164 920.892555 907.187192 894.356479 890.618932 884.648773 867.530603 849.007942 840.469244 843.659711 861.062771 852.811773 838.096153 835.416300 850.631020 863.948661 859.081415 852.901579 869.747659 895.686631 909.854079 922.405059 936.476687 955.705434 932.621492 904.243693 871.999006 860.388802 844.376526 808.117853 760.691073 705.389237 652.192026 569.099286 410.494921 314.213605 234.129248 156.758168 111.639793 76.432598 20.483985 -5.203511 -5.717005 -16.107527 -19.354620 -13.256017 -6.975804 -9999.0 -9999.0
-9999.0 -573.053501 -429.953656 -243.450901 -94.024121 -25.799717 106.522680 195.623852 222.353875 201.046529 327.750937 613.138483 701.934825 712.597221 771.740253 851.582692 883.836356 910.920140 930.087262 931.630522 930.939523 933.423409 928.009201 920.482649 907.778400 901.891757 902.579711 902.362576 890.037635 876.662015 862.037631 860.156042 850.138624 823.181727 798.239801 776.282384 749.420594 730.676697 705.630662 686.869572 676.811817 692.424735 685.805556 672.756038 669.567825 686.520344 712.691075 710.306563 724.213125 760.041560 796.459104 822.796177 835.954808 856.293550 881.673188 912.239657 925.923344 945.052034 949.502586 929.736821 897.376973 863.447652 844.242603 805.684772 753.025885 676.765588 603.812847 484.855116 369.485856 304.909917 241.552396 162.753819 94.225224 58.868675 16.068112 -6.289087 -9999.0 -9999.0 -9999.0 -9999.0
-9999.0 -640.109479 -449.320368 -182.679593 86.326301 245.524886 538.451512 667.506538 710.485424 758.785668 773.020853 886.092239 909.182905 899.188851 885.429787 887.807255 901.893365 905.910402 902.968856 895.948035 889.551267 884.880275 881.245884 874.421177 865.619215 855.985494 849.007808 844.076376 819.930554 793.957685 753.937451 735.425051 706.620554 635.388340 592.952416 525.170586 394.961831 371.070819 355.787203 322.401870 301.888803 284.955829 304.717052 305.793360 306.674599 314.023751 336.912240 365.211389 437.203171 554.582702 623.009284 669.049606 697.142283 739.949108 785.386361 826.505544 845.135769 864.459010 897.064208 928.808054 949.930036 943.352649 919.768819 892.293980 848.269045 806.452980 776.561495 716.910291 664.639259 618.788820 546.054859 396.179711 289.813947 157.133425 106.481677 -9999.0 -9999.0 -9999.0 -9999.0 -9999.0
-9999.0 -797.004418 -529.769741 -231.994265 114.035068 517.695981 658.117688 790.659271 852.732534 806.695136 801.315885 817.886952 846.911985 850.464169 836.449132 835.049877 830.397220 831.561235 844.036916 825.405007 801.765123 782.630278 772.548308 756.846872 734.105750 719.652365 711.249306 698.596706 660.819197 602.875920 461.339854 401.190140 307.693503 237.868889 185.873540 126.020797 62.440375 56.997124 71.674144 54.538065 31.882748 13.010405 38.905328 54.869279 66.069762 56.303451 66.113493 103.580270 159.082815 216.303346 277.589224 341.619200 406.262148 507.352820 597.259219 655.987944 694.229126 735.072488 802.023628 860.498348 884.233064 909.277850 941.817060 959.961453 919.943547 884.767330 857.685574 826.344264 778.096759 755.571957 733.363612 677.394263 619.721358 -9999.0 -9999.0 -9999.0 -9999.0 -9999.0 -9999.0 -9999.0
-9999.0 -930.153319 -699.869668 -454.011851 -151.005322 102.805849 308.096843 505.275707 598.716305 615.894939 636.747556 658.654387 679.861661 696.858482 680.996954 655.265820 636.164879 641.104761 640.404616 619.222627 582.853751 531.869483 492.350659 461.893810 412.831235 385.914818 369.529927 341.545363 300.673810 237.826891 141.075347 64.165583 -1.826076 -38.969795 -71.229862 -106.903188 -147.479102 -137.334375 -122.861743 -127.498620 -139.902990 -144.328076 -114.413323 -95.812070 -85.729108 -98.900555 -80.216219 -52.688294 -9.542966 34.685011 85.224420 142.096146 199.628867 240.698104 270.209185 307.899797 362.365450 458.534280 610.401004 711.496965 787.347423 825.369363 862.347689 887.948502 898.631859 918.440014 906.746224 850.490350 770.645583 796.783451 807.947716 -9999.0 -9999.0 -9999.0 -9999.0 -9999.0 -9999.0 -9999.0 -9999.0 -9999.0
-9999.0 -9999.0 -936.286961 -747.361607 -590.073579 -405.602355 -252.130830 -137.320548 -54.180900 44.075197 141.633656 218.750761 259.765701 276.388458 259.449897 220.698785 195.588980 195.552237 185.395523 169.459010 139.740803 122.312744 106.327104 94.205819 77.421379 68.184738 61.754612 49.611132 25.784608 -23.038317 -78.432498 -132.799258 -188.591944 -214.261439 -236.661759 -259.694459 -263.284768 -265.129289 -258.225422 -256.958080 -251.520753 -239.730396 -218.917313 -197.524824 -188.151327 -181.125229 -168.599239 -144.816361 -111.294254 -69.655894 -16.572436 39.869819 79.097093 92.971544 86.028448 94.461767 120.716642 175.676326 282.974547 406.751053 584.414133 671.511830 740.925796 797.629288 814.212421 827.884204 844.780769 793.817006 518.115168 726.359776 -9999.0 -9999.0 -9999.0 -9999.0 -9999.0 -9999.0 -9999.0 -9999.0 -9999.0 -9999.0
-9999.0 -9999.0 -9999.0 -9999.0 -890.457854 -734.268750 -641.525223 -560.715710 -440.482028 -329.530411 -235.105062 -157.480982 -103.319980 -79.361942 -90.297765 -95.334843 -103.683500 -107.852451 -117.186578 -123.343162 -129.995972 -139.227399 -151.801123 -160.077290 -161.148962 -157.745829 -159.872115 -173.071757 -189.187537 -216.432457 -240.644454 -276.201939 -313.542484 -342.879249 -355.872449 -362.652493 -362.260197 -367.688843 -358.003330 -351.530043 -336.532213 -320.988316 -296.860144 -268.488646 -255.934292 -241.808210 -232.188845 -211.431099 -181.463825 -128.574709 -66.109395 -10.169373 23.502049 26.832926 0.469153 -15.575490 -18.424301 11.645543 63.735942 143.552665 266.887668 362.383834 471.701064 597.413878 651.410909 697.002832 765.029957 793.167533 -9999.0 -9999.0 -9999.0 -9999.0 -9999.0 -9999.0 -9999.0 -9999.0 -9999.0 -9999.0 -9999.0 -9999.0
-9999.0 -9999.0 -9999.0 -9999.0 -9999.0 -9999.0 -946.004799 -851.546856 -765.460287 -644.996331 -532.996617 -441.605868 -366.921185 -341.550154 -323.549928 -300.667857 -305.386887 -322.968678 -340.179788 -323.355436 -313.642995 -318.789146 -346.810740 -348.181429 -344.460523 -334.840748 -335.861809 -341.791086 -366.607343 -358.066684 -359.236573 -382.204036 -408.109010 -422.254327 -433.579006 -423.385605 -422.387586 -434.779244 -432.273854 -406.112920 -386.337102 -372.839917 -350.254510 -317.021906 -285.030547 -270.841958 -270.032539 -263.982515 -222.609427 -152.420603 -82.199066 -29.059307 1.249221 7.986114 -21.255183 -63.198265 -85.622293 -79.255859 -43.889737 11.799203 93.754232 150.805776 195.137892 236.517237 275.125496 379.857585 -9999.0 -9999.0 -9999.0 -9999.0 -9999.0 -9999.0 -9999.0 -9999.0 -9999.0 -9999.0 -9999.0 -9999.0 -9999.0 -9999.0
-9999.0 -9999.0 -9999.0 -9999.0 -9999.0 -9999.0 -9999.0 -9999.0 -9999.0 -9999.0 -9999.0 -9999.0 -9999.0 -9999.0 -9999.0 -9999.0 -9999.0 -9999.0 -9999.0 -9999.0 -9999.0 -9999.0 -9999.0 -9999.0 -9999.0 -9999.0 -9999.0 -9999.0 -9999.0 -9999.0 -9999.0 -9999.0 -9999.0 -9999.0 -9999.0 -9999.0 -9999.0 -9999.0 -9999.0 -9999.0 -9999.0 -9999.0 -9999.0 -9999.0 -9999.0 -9999.0 -9999.0 -9999.0 -9999.0 -9999.0 -9999.0 -9999.0 -9999.0 -9999.0 -9999.0 -9999.0 -9999.0 -9999.0 -9999.0 -9999.0 -9999.0 -9999.0 -9999.0 -9999.0 -9999.0 -9999.0 -9999.0 -9999.0 -9999.0 -9999.0 -9999.0 -9999.0 -9999.0 -9999.0 -9999.0 -9999.0 -9999.0 -9999.0 -9999.0 -9999.0
-9999.0 -9999.0 -9999.0 -9999.0 -9999.0 -9999.0 -9999.0 -9999.0 -9999.0 -9999.0 -9999.0 -9999.0 -9999.0 -9999.0 -9999.0 -9999.0 -9999.0 -9999.0 -9999.0 -9999.0 -9999.0 -9999.0 -9999.0 -9999.0 -9999.0 -9999.0 -9999.0 -9999.0 -9999.0 -9999.0 -9999.0 -9999.0 -9999.0 -9999.0 -9999.0 -9999.0 -9999.0 -9999.0 -9999.0 -9999.0 -9999.0 -9999.0 -9999.0 -9999.0 -9999.0 -9999.0 -9999.0 -9999.0 -9999.0 -9999.0 -9999.0 -9999.0 -9999.0 -9999.0 -9999.0 -9999.0 -9999.0 -9999.0 -9999.0 -9999.0 -9999.0 -9999.0 -9999.0 -9999.0 -9999.0 -9999.0 -9999.0 -9999.0 -9999.0 -9999.0 -9999.0 -9999.0 -9999.0 -9999.0 -9999.0 -9999.0 -9999.0 -9999.0 -9999.0 -9999.0