Borden_/Borden1m_014/output_maps/psiliqL0000N0020.asc
ncols         80
nrows         18
xllcorner     620200.000000
yllcorner     5168000.000000
cellsize      1.000000
NODATA_value  -9999.0
-9999.0 -9999.0 -9999.0 -9999.0 -9999.0 -9999.0 -9999.0 -9999.0 -9999.0 -9999.0 -9999.0 -9999.0 -9999.0 -9999.0 -9999.0 -9999.0 -9999.0 -9999.0 -9999.0 -9999.0 -9999.0 -9999.0 -9999.0 -9999.0 -9999.0 -9999.0 -9999.0 -9999.0 -9999.0 -9999.0 -9999.0 -9999.0 -9999.0 -9999.0 -9999.0 -9999.0 -9999.0 -9999.0 -9999.0 -9999.0 -9999.0 -9999.0 -9999.0 -9999.0 -9999.0 -9999.0 -9999.0 -9999.0 -9999.0 -9999.0 -9999.0 -9999.0 -9999.0 -9999.0 -9999.0 -9999.0 -9999.0 -9999.0 -9999.0 -9999.0 -9999.0 -9999.0 -9999.0 -9999.0 -9999.0 -9999.0 -9999.0 -9999.0 -9999.0 -9999.0 -9999.0 -9999.0 -9999.0 -9999.0 -9999.0 -9999.0 -9999.0 -9999.0 -9999.0 -9999.0
-9999.0 -9999.0 -9999.0 -9999.0 -9999.0 -9999.0 -9999.0 -9999.0 -9999.0 -9999.0 -9999.0 -9999.0 -9999.0 -9999.0 -9999.0 -9999.0 -9999.0 -9999.0 -9999.0 -9999.0 -9999.0 -9999.0 -9999.0 -9999.0 -9999.0 -9999.0 -9999.0 -9999.0 -9999.0 -9999.0 -9999.0 -9999.0 -9999.0 -9999.0 -9999.0 -9999.0 -9999.0 -9999.0 -9999.0 -9999.0 -9999.0 -9999.0 -9999.0 -9999.0 -9999.0 -9999.0 -9999.0 -9999.0 -9999.0 -9999.0 -9999.0 -9999.0 -9999.0 -9999.0 -9999.0 -9999.0 -9999.0 -9999.0 -9999.0 -9999.0 -9999.0 -9999.0 -9999.0 -9999.0 -9999.0 -9999.0 -9999.0 -9999.0 -9999.0 -9999.0 -9999.0 -9999.0 -9999.0 -9999.0 -9999.0 -9999.0 -9999.0 -9999.0 -9999.0 -9999.0
-9999.0 -9999.0 -9999.0 -9999.0 -9999.0 -9999.0 -9999.0 -9999.0 -9999.0 -9999.0 -9999.0 -9999.0 -9999.0 -9999.0 -9999.0 -9999.0 -9999.0 -9999.0 -9999.0 -9999.0 -548.872144 -547.926185 -549.715066 -551.685492 -553.399442 -553.670227 -551.784368 -549.706004 -547.283907 -546.864414 -548.993001 -548.405379 -549.284358 -549.821698 -549.914933 -549.334458 -549.049316 -548.282545 -547.824462 -548.108769 -548.732414 -549.148756 -549.618084 -549.527123 -548.774621 -549.756881 -548.335674 -547.000246 -546.565790 -546.466839 -548.165233 -548.811294 -549.018358 -550.706301 -547.667171 -546.896184 -544.801342 -544.661547 -544.162602 -546.508251 -548.806861 -9999.0 -9999.0 -9999.0 -9999.0 -9999.0 -9999.0 -9999.0 -9999.0 -9999.0 -9999.0 -9999.0 -9999.0 -9999.0 -9999.0 -9999.0 -9999.0 -9999.0 -9999.0 -9999.0
-9999.0 -9999.0 -9999.0 -9999.0 -9999.0 -9999.0 -9999.0 -9999.0 -9999.0 -9999.0 -9999.0 -9999.0 -9999.0 -9999.0 -551.646831 -552.697699 -553.201916 -553.619270 -551.928606 -550.694063 -550.813767 -551.903391 -550.914773 -552.923276 -554.723534 -553.639037 -552.244329 -551.252278 -549.418220 -547.943796 -549.409844 -549.773056 -549.034382 -546.270538 -545.125921 -545.756978 -549.170993 -546.014757 -544.552626 -543.591869 -543.717182 -545.272683 -543.180659 -540.740212 -542.048894 -544.631266 -544.073202 -542.691505 -540.290751 -541.311729 -549.282271 -549.851417 -549.318668 -549.013379 -550.074170 -550.905366 -547.872717 -548.404506 -548.832115 -549.135662 -550.655194 -553.344577 -554.597275 -551.676683 -549.299872 -544.117517 -9999.0 -9999.0 -9999.0 -9999.0 -9999.0 -9999.0 -9999.0 -9999.0 -9999.0 -9999.0 -9999.0 -9999.0 -9999.0 -9999.0
-9999.0 -9999.0 -9999.0 -9999.0 -9999.0 -9999.0 -9999.0 -9999.0 -9999.0 -553.020241 -553.375168 -553.116721 -553.891414 -553.024849 -554.688161 -554.360212 -554.723489 -553.584930 -552.798647 -551.289971 -549.079164 -550.869361 -551.116849 -549.894214 -549.797948 -549.465511 -548.682184 -545.182405 -541.260992 -534.550831 -540.544144 -540.777559 -537.619363 -524.942930 -513.755842 -510.623980 -516.254325 -516.389455 -509.225369 -500.501908 -501.066791 -501.978788 -492.445779 -486.834413 -482.465878 -491.367412 -499.604065 -500.998911 -488.989736 -508.658077 -524.982128 -538.821765 -537.855773 -542.057413 -546.552506 -548.098978 -548.842424 -545.343863 -546.547147 -549.459934 -551.806271 -550.736000 -552.166504 -550.794812 -550.037554 -546.173995 -542.764571 -539.322047 -539.148033 -541.393237 -9999.0 -9999.0 -9999.0 -9999.0 -9999.0 -9999.0 -9999.0 -9999.0 -9999.0 -9999.0
-9999.0 -9999.0 -9999.0 -9999.0 -9999.0 -9999.0 -554.487776 -554.685588 -554.173131 -556.253764 -554.994382 -556.050728 -555.151886 -554.852527 -554.354771 -554.493412 -553.051750 -551.901002 -549.849953 -547.058169 -544.380990 -546.091742 -545.440747 -541.445347 -532.445925 -523.899192 -518.904795 -509.859012 -477.667778 -436.283589 -406.964898 -387.313220 -347.040654 -327.386329 -291.332049 -218.392369 -295.138244 -309.351706 -300.227752 -272.555339 -187.205753 -186.653857 -182.042814 -175.098950 -149.295656 -153.527737 -268.763432 -289.392909 -294.198907 -297.408654 -322.085147 -351.831650 -450.227085 -486.940949 -514.535979 -528.545220 -531.438582 -529.976609 -535.420974 -542.475699 -546.496240 -546.284508 -546.981037 -548.589536 -547.846691 -546.369866 -543.957242 -542.386889 -543.536370 -545.008298 -545.965795 -548.561613 -548.103614 -545.557609 -9999.0 -9999.0 -9999.0 -9999.0 -9999.0 -9999.0
-9999.0 -9999.0 -9999.0 -9999.0 -557.381229 -556.505448 -559.244409 -557.793827 -556.747733 -556.036028 -556.263204 -554.912265 -554.714119 -553.847139 -551.822612 -550.388748 -547.582838 -545.627940 -539.398451 -524.420082 -509.796395 -500.851438 -496.321146 -452.859299 -347.155442 -319.650386 -312.117178 -299.445632 -266.482281 -141.583622 -116.737995 -142.776401 -126.215789 -68.847346 -38.910206 2.202416 -24.163955 -21.671908 -55.742725 -12.822481 10.022432 10.299899 11.236691 11.165214 13.097504 15.247143 -3.580324 -33.429249 -83.996539 -51.164743 -104.102655 -127.712265 -235.495100 -271.244851 -286.452013 -309.598698 -343.797185 -379.635737 -472.333825 -499.083962 -520.163341 -527.952874 -535.021612 -538.137872 -542.532802 -541.654802 -540.318858 -542.473672 -545.149670 -547.678057 -547.778447 -548.844334 -550.250913 -546.877580 -545.876221 -542.313377 -9999.0 -9999.0 -9999.0 -9999.0
-9999.0 -9999.0 -557.297176 -557.413966 -555.150884 -556.773747 -557.698175 -559.067476 -558.693491 -556.621119 -552.691933 -551.362105 -548.905145 -547.788146 -541.655668 -524.101012 -503.320607 -485.521952 -422.238655 -339.275003 -308.408138 -283.427772 -198.295512 -164.434929 -148.867765 -72.096468 -87.725788 -32.048985 -9.912358 14.969000 41.433185 52.493335 63.070928 53.128985 54.892260 50.566736 51.175626 45.471574 30.268804 27.297550 34.960053 36.215601 40.463915 27.754274 24.621705 36.097932 39.146385 38.839466 41.568847 49.231955 60.879269 31.560702 -20.102716 -30.640737 -71.317731 -70.384496 -127.584050 -223.690642 -256.674124 -286.227895 -327.119380 -352.742645 -454.585269 -493.237553 -514.182983 -524.059252 -533.050638 -538.276505 -542.905055 -547.227887 -548.375607 -549.001772 -548.226853 -548.815544 -547.054227 -545.823067 -543.821838 -543.129195 -9999.0 -9999.0
-9999.0 -557.707686 -558.771341 -554.780917 -554.552151 -554.003532 -553.123216 -552.388208 -551.492482 -553.463741 -542.862917 -520.803688 -496.997914 -488.153070 -440.996469 -329.508325 -196.916057 -166.226802 -166.909499 -101.062149 -92.032445 -16.731354 5.835781 39.307904 59.114220 58.441093 51.344953 52.806111 42.292481 36.043947 24.943054 34.816139 31.611951 17.713376 6.579121 5.289373 2.894082 -19.696034 -81.321444 -56.510112 -50.982526 -30.203117 -78.430529 -60.152617 -63.980078 -82.766511 -29.914505 -38.268227 -84.370707 -35.120240 -30.909123 10.997081 27.301645 40.476222 61.407759 38.586558 6.781495 -55.752685 -41.756137 -64.135205 -165.702491 -225.188652 -275.543552 -317.492544 -349.956979 -459.080692 -500.093803 -519.583084 -532.954145 -537.526987 -540.238675 -546.360836 -547.757732 -546.218113 -547.028454 -547.107340 -546.331530 -545.755809 -9999.0 -9999.0
-9999.0 -561.668311 -557.926001 -554.003472 -549.368312 -549.483244 -530.455610 -512.518043 -507.088981 -516.963377 -468.242529 -190.882150 -171.040064 -131.009854 -79.855414 -13.811226 25.832412 46.532768 61.458875 49.721615 44.427621 46.257970 41.735100 32.172613 19.136390 13.149121 12.479065 11.660057 -4.222339 -21.028040 -36.210255 -36.449271 -48.837583 -81.424580 -109.109997 -121.376791 -132.395099 -217.372432 -260.291178 -283.084543 -291.507282 -275.976517 -283.921319 -296.382422 -299.010602 -283.515340 -257.379766 -260.976504 -250.580888 -222.716600 -180.489363 -99.207599 -81.005881 -56.489152 -49.990311 11.583429 29.314770 49.766104 53.781636 31.496353 -30.963616 -49.535709 -75.585688 -177.796442 -242.340503 -304.823789 -335.134754 -362.442744 -473.313243 -498.411401 -516.006461 -530.167670 -539.427574 -541.099364 -545.502339 -545.854414 -9999.0 -9999.0 -9999.0 -9999.0
-9999.0 -561.590974 -557.946910 -550.199423 -531.528304 -498.788099 -344.699243 -253.714726 -77.826520 -145.547714 -20.956131 46.792862 55.069044 37.521064 11.305908 7.463487 16.399082 18.400104 14.387024 5.463299 0.249659 -6.292398 -8.866053 -44.924982 -28.260961 -40.257668 -51.443538 -59.854612 -147.191784 -180.590078 -209.234817 -229.384635 -261.511403 -316.066971 -332.628943 -347.529561 -446.749872 -458.824446 -470.139412 -488.127629 -495.367714 -500.118314 -493.590833 -495.451521 -496.171610 -492.207578 -481.485749 -472.475208 -421.066547 -349.928048 -330.121322 -304.221732 -281.106971 -238.232090 -190.045340 -93.101136 -67.564516 -67.953540 0.038586 31.041098 52.057848 44.025603 16.205676 -42.326736 -71.407886 -176.802513 -217.853491 -266.665128 -313.054770 -337.411641 -357.477957 -457.166910 -501.673318 -527.726510 -533.915648 -9999.0 -9999.0 -9999.0 -9999.0 -9999.0
-9999.0 -566.835337 -557.285279 -551.004621 -515.416018 -337.321981 -268.225797 -4.503660 44.389247 -22.372262 -143.328322 -64.083417 -78.722850 -31.969478 -55.834007 -64.044162 -70.864746 -71.849041 -60.380774 -84.208883 -136.412416 -170.904305 -176.801340 -193.209219 -222.239069 -243.891451 -258.146988 -274.253406 -307.537194 -329.403588 -373.962275 -434.484306 -491.143732 -513.974736 -525.001186 -534.681185 -543.241426 -542.976139 -540.276323 -542.531238 -544.865955 -547.469801 -544.410543 -543.101193 -541.748364 -543.506051 -543.184325 -539.105164 -532.123316 -523.635611 -509.542840 -489.103572 -457.112030 -353.199060 -335.345595 -309.378210 -280.598679 -232.847790 -155.813590 -47.587227 -47.188826 6.304809 42.040453 61.053447 23.186397 -10.684772 -61.289330 -89.747162 -208.213139 -260.757323 -283.620256 -310.875608 -338.931376 -9999.0 -9999.0 -9999.0 -9999.0 -9999.0 -9999.0 -9999.0
-9999.0 -570.059620 -559.414896 -557.941180 -546.315036 -519.620262 -464.757979 -331.877590 -188.304236 -306.540480 -315.241447 -302.256004 -285.613743 -271.105943 -286.996461 -305.538739 -317.399742 -314.435560 -312.517350 -323.507387 -335.328844 -341.503221 -343.050100 -358.233477 -423.055096 -450.165184 -461.565980 -478.100278 -495.670747 -512.981108 -533.759037 -542.184285 -547.823854 -549.572542 -550.870179 -552.289522 -555.389045 -553.583027 -552.255756 -552.595907 -553.590039 -554.399999 -552.111242 -551.426636 -550.724176 -552.955330 -551.521386 -550.398835 -547.671727 -544.936406 -540.866372 -534.509519 -525.656169 -518.519888 -511.907143 -500.359310 -480.085392 -389.580480 -324.694406 -257.226819 -186.434075 -97.741988 -51.147446 -28.329548 0.990591 9.877550 19.205637 2.290418 -41.379856 -180.437600 -224.748094 -9999.0 -9999.0 -9999.0 -9999.0 -9999.0 -9999.0 -9999.0 -9999.0 -9999.0
-9999.0 -9999.0 -572.082400 -567.671297 -563.696213 -560.057061 -554.976435 -547.634819 -542.732779 -535.515671 -524.394823 -510.733554 -501.048284 -496.153348 -502.801253 -515.206255 -521.794222 -521.184020 -522.874606 -526.276020 -532.395483 -534.914708 -536.470555 -537.682863 -540.024529 -540.943493 -541.281241 -542.000136 -543.651634 -547.529545 -550.829786 -552.970357 -555.497842 -555.189084 -555.529790 -556.450781 -555.602518 -555.798465 -555.554430 -555.723295 -555.533340 -555.136586 -554.690627 -554.046988 -554.086809 -553.926573 -553.737443 -553.060831 -552.031834 -550.717641 -547.928597 -543.629839 -540.289208 -539.512705 -541.422478 -540.802187 -538.224787 -531.835732 -507.065071 -451.059050 -340.878865 -299.682516 -236.375468 -181.831922 -122.938094 -102.066521 -44.930298 1.094934 1.021832 -72.386649 -9999.0 -9999.0 -9999.0 -9999.0 -9999.0 -9999.0 -9999.0 -9999.0 -9999.0 -9999.0
-9999.0 -9999.0 -9999.0 -9999.0 -573.675316 -567.683959 -562.219002 -562.871308 -559.120644 -557.123139 -555.319164 -553.059895 -551.232521 -549.913102 -551.814259 -552.249098 -552.572332 -552.205830 -552.529974 -553.034395 -553.269247 -553.533496 -553.729217 -554.132867 -553.961088 -553.569553 -553.435329 -554.112849 -553.979072 -555.318273 -555.393111 -556.071381 -556.747627 -557.606717 -557.360639 -557.463290 -557.035561 -557.471912 -556.799320 -557.265071 -556.800225 -556.629531 -556.092176 -555.182743 -555.674321 -555.146343 -555.175328 -554.497470 -554.407763 -552.701582 -549.833929 -546.438902 -544.105007 -544.267426 -547.481794 -548.679092 -549.460133 -547.508926 -544.226239 -536.599774 -512.991711 -484.384592 -387.268783 -336.067586 -317.160430 -287.258665 -221.909700 -116.694415 -9999.0 -9999.0 -9999.0 -9999.0 -9999.0 -9999.0 -9999.0 -9999.0 -9999.0 -9999.0 -9999.0 -9999.0
-9999.0 -9999.0 -9999.0 -9999.0 -9999.0 -9999.0 -571.199548 -568.291554 -569.122784 -567.160553 -565.502337 -564.207021 -562.021726 -562.507380 -561.946457 -560.111303 -560.394859 -561.235765 -562.315144 -560.672499 -560.007827 -559.799612 -561.574886 -561.048234 -560.887753 -560.188114 -560.260482 -559.919552 -561.468227 -559.610105 -558.709481 -558.998913 -559.272618 -558.878975 -559.270923 -558.083535 -557.942710 -558.879658 -559.158816 -557.846763 -557.525625 -557.777982 -557.586611 -556.767896 -555.514375 -555.388586 -556.034796 -556.956311 -555.749077 -552.947059 -549.881710 -547.195541 -545.413944 -544.722042 -547.311234 -550.834003 -552.578798 -552.894513 -551.594693 -549.076855 -542.377535 -537.620802 -533.396813 -526.200055 -518.847351 -480.575815 -9999.0 -9999.0 -9999.0 -9999.0 -9999.0 -9999.0 -9999.0 -9999.0 -9999.0 -9999.0 -9999.0 -9999.0 -9999.0 -9999.0
-9999.0 -9999.0 -9999.0 -9999.0 -9999.0 -9999.0 -9999.0 -9999.0 -9999.0 -9999.0 -9999.0 -9999.0 -9999.0 -9999.0 -9999.0 -9999.0 -9999.0 -9999.0 -9999.0 -9999.0 -9999.0 -9999.0 -9999.0 -9999.0 -9999.0 -9999.0 -9999.0 -9999.0 -9999.0 -9999.0 -9999.0 -9999.0 -9999.0 -9999.0 -9999.0 -9999.0 -9999.0 -9999.0 -9999.0 -9999.0 -9999.0 -9999.0 -9999.0 -9999.0 -9999.0 -9999.0 -9999.0 -9999.0 -9999.0 -9999.0 -9999.0 -9999.0 -9999.0 -9999.0 -9999.0 -9999.0 -9999.0 -9999.0 -9999.0 -9999.0 -9999.0 -9999.0 -9999.0 -9999.0 -9999.0 -9999.0 -9999.0 -9999.0 -9999.0 -9999.0 -9999.0 -9999.0 -9999.0 -9999.0 -9999.0 -9999.0 -9999.0 -9999.0 -9999.0 -9999.0
-9999.0 -9999.0 -9999.0 -9999.0 -9999.0 -9999.0 -9999.0 -9999.0 -9999.0 -9999.0 -9999.0 -9999.0 -9999.0 -9999.0 -9999.0 -9999.0 -9999.0 -9999.0 -9999.0 -9999.0 -9999.0 -9999.0 -9999.0 -9999.0 -9999.0 -9999.0 -9999.0 -9999.0 -9999.0 -9999.0 -9999.0 -9999.0 -9999.0 -9999.0 -9999.0 -9999.0 -9999.0 -9999.0 -9999.0 -9999.0 -9999.0 -9999.0 -9999.0 -9999.0 -9999.0 -9999.0 -9999.0 -9999.0 -9999.0 -9999.0 -9999.0 -9999.0 -9999.0 -9999.0 -9999.0 -9999.0 -9999.0 -9999.0 -9999.0 -9999.0 -9999.0 -9999.0 -9999.0 -9999.0 -9999.0 -9999.0 -9999.0 -9999.0 -9999.0 -9999.0 -9999.0 -9999.0 -9999.0 -9999.0 -9999.0 -9999.0 -9999.0 -9999.0 -9999.0 -9999.0