Borden_/Borden1m_014/output_maps/psiliqL0024N0017.asc
ncols         80
nrows         18
xllcorner     620200.000000
yllcorner     5168000.000000
cellsize      1.000000
NODATA_value  -9999.0
-9999.0 -9999.0 -9999.0 -9999.0 -9999.0 -9999.0 -9999.0 -9999.0 -9999.0 -9999.0 -9999.0 -9999.0 -9999.0 -9999.0 -9999.0 -9999.0 -9999.0 -9999.0 -9999.0 -9999.0 -9999.0 -9999.0 -9999.0 -9999.0 -9999.0 -9999.0 -9999.0 -9999.0 -9999.0 -9999.0 -9999.0 -9999.0 -9999.0 -9999.0 -9999.0 -9999.0 -9999.0 -9999.0 -9999.0 -9999.0 -9999.0 -9999.0 -9999.0 -9999.0 -9999.0 -9999.0 -9999.0 -9999.0 -9999.0 -9999.0 -9999.0 -9999.0 -9999.0 -9999.0 -9999.0 -9999.0 -9999.0 -9999.0 -9999.0 -9999.0 -9999.0 -9999.0 -9999.0 -9999.0 -9999.0 -9999.0 -9999.0 -9999.0 -9999.0 -9999.0 -9999.0 -9999.0 -9999.0 -9999.0 -9999.0 -9999.0 -9999.0 -9999.0 -9999.0 -9999.0
-9999.0 -9999.0 -9999.0 -9999.0 -9999.0 -9999.0 -9999.0 -9999.0 -9999.0 -9999.0 -9999.0 -9999.0 -9999.0 -9999.0 -9999.0 -9999.0 -9999.0 -9999.0 -9999.0 -9999.0 -9999.0 -9999.0 -9999.0 -9999.0 -9999.0 -9999.0 -9999.0 -9999.0 -9999.0 -9999.0 -9999.0 -9999.0 -9999.0 -9999.0 -9999.0 -9999.0 -9999.0 -9999.0 -9999.0 -9999.0 -9999.0 -9999.0 -9999.0 -9999.0 -9999.0 -9999.0 -9999.0 -9999.0 -9999.0 -9999.0 -9999.0 -9999.0 -9999.0 -9999.0 -9999.0 -9999.0 -9999.0 -9999.0 -9999.0 -9999.0 -9999.0 -9999.0 -9999.0 -9999.0 -9999.0 -9999.0 -9999.0 -9999.0 -9999.0 -9999.0 -9999.0 -9999.0 -9999.0 -9999.0 -9999.0 -9999.0 -9999.0 -9999.0 -9999.0 -9999.0
-9999.0 -9999.0 -9999.0 -9999.0 -9999.0 -9999.0 -9999.0 -9999.0 -9999.0 -9999.0 -9999.0 -9999.0 -9999.0 -9999.0 -9999.0 -9999.0 -9999.0 -9999.0 -9999.0 -9999.0 2929.186229 2930.440690 2908.758240 2874.796498 2846.676431 2848.599177 2881.738316 2922.314725 2960.898678 2968.582027 2949.675504 2953.314416 2948.942489 2944.938240 2945.602259 2953.321138 2959.816698 2969.591897 2976.675276 2974.565860 2967.323859 2962.211581 2964.323300 2966.078919 2972.192021 2958.362273 2974.040916 2980.856958 2985.801098 2983.077449 2967.340058 2954.798044 2946.563470 2930.934809 2957.095361 2968.731540 2986.907984 2991.750312 2990.169905 2967.610155 2937.650438 -9999.0 -9999.0 -9999.0 -9999.0 -9999.0 -9999.0 -9999.0 -9999.0 -9999.0 -9999.0 -9999.0 -9999.0 -9999.0 -9999.0 -9999.0 -9999.0 -9999.0 -9999.0 -9999.0
-9999.0 -9999.0 -9999.0 -9999.0 -9999.0 -9999.0 -9999.0 -9999.0 -9999.0 -9999.0 -9999.0 -9999.0 -9999.0 -9999.0 2838.791213 2829.903116 2827.019060 2834.425503 2866.976256 2897.120585 2908.779616 2901.292379 2901.089955 2876.503881 2853.977875 2866.715998 2895.959468 2926.069662 2959.181842 2976.622768 2965.426783 2962.868391 2970.202790 2981.595673 2989.821727 2986.120322 2978.374393 2991.913824 3005.079085 3009.708411 3007.619879 2997.766444 3006.883167 3020.945874 3013.918851 2998.607268 3008.971115 3023.712599 3034.998381 3026.617028 2977.880472 2964.876466 2961.620191 2957.360870 2944.382691 2940.481085 2968.482778 2968.020850 2960.751219 2943.709649 2910.744439 2865.868142 2847.225797 2887.703646 2931.541554 2985.073063 -9999.0 -9999.0 -9999.0 -9999.0 -9999.0 -9999.0 -9999.0 -9999.0 -9999.0 -9999.0 -9999.0 -9999.0 -9999.0 -9999.0
-9999.0 -9999.0 -9999.0 -9999.0 -9999.0 -9999.0 -9999.0 -9999.0 -9999.0 2801.204834 2787.172910 2793.989227 2796.191716 2811.265225 2808.030093 2814.823127 2819.121333 2846.086357 2875.526443 2908.969356 2935.756466 2926.532481 2925.052830 2929.598869 2925.182153 2933.431794 2953.667501 2981.448455 3012.822846 3047.925788 3014.523772 3009.520405 3026.748780 3068.196053 3092.085997 3094.381487 3075.758158 3091.040450 3114.330831 3130.388530 3126.874106 3121.062002 3146.482193 3161.301316 3156.206995 3135.214333 3132.870085 3139.761145 3168.744849 3118.764457 3053.930974 3014.969096 3030.128158 3008.857489 2982.359013 2979.574280 2979.980118 2993.169120 2981.766566 2954.379351 2921.269434 2909.960589 2893.321223 2914.005055 2937.379424 2980.436237 3020.580911 3050.672057 3050.600124 3033.637035 -9999.0 -9999.0 -9999.0 -9999.0 -9999.0 -9999.0 -9999.0 -9999.0 -9999.0 -9999.0
-9999.0 -9999.0 -9999.0 -9999.0 -9999.0 -9999.0 2720.710366 2732.550343 2755.086550 2759.327155 2787.769849 2795.006399 2786.721870 2803.798208 2825.169720 2838.151378 2863.458444 2893.321470 2929.315785 2967.199677 2987.139202 2984.102992 2980.618737 3000.440200 3027.808631 3047.173044 3069.160772 3106.011314 3176.300884 3212.206471 3206.069122 3206.941259 3215.040372 3264.745258 3328.298185 3339.593149 3319.058019 3305.772161 3328.631862 3365.417663 3364.141996 3362.992700 3375.331173 3385.824590 3412.507545 3402.157144 3366.455830 3360.292870 3366.058831 3344.699538 3277.646084 3220.563504 3200.873477 3156.262241 3074.572629 3031.309628 3053.420162 3080.710247 3059.042285 3010.249826 2985.905278 2980.063808 2968.701898 2961.192927 2973.112279 2991.231744 3015.726593 3029.917809 3018.530748 2998.215398 2978.826256 2950.636298 2953.151317 2978.139276 -9999.0 -9999.0 -9999.0 -9999.0 -9999.0 -9999.0
-9999.0 -9999.0 -9999.0 -9999.0 2668.897616 2683.651209 2671.392358 2699.987488 2734.880235 2771.291950 2801.418619 2801.956477 2824.905310 2851.562489 2884.933435 2908.096537 2940.897755 2970.630556 3008.784148 3069.517704 3113.456029 3127.234828 3135.456777 3185.050674 3240.885207 3287.854773 3306.197298 3331.503770 3375.808167 3431.755819 3454.082636 3457.116106 3473.956112 3515.910291 3570.694343 3605.359502 3587.953106 3579.180307 3588.620112 3602.354799 3624.479871 3624.569144 3625.668318 3629.495647 3636.728787 3635.249986 3609.311903 3576.200629 3563.385002 3553.598480 3517.111806 3446.079204 3415.352203 3387.243789 3347.001792 3294.001231 3245.206195 3244.958126 3191.347153 3138.534383 3088.291315 3079.570250 3059.069683 3043.038123 3025.256840 3037.092099 3048.801803 3033.923427 3004.526269 2978.508470 2965.308264 2947.554180 2936.286281 2967.246089 2983.968925 3013.738269 -9999.0 -9999.0 -9999.0 -9999.0
-9999.0 -9999.0 2605.698222 2653.441631 2713.350750 2723.144087 2721.381058 2728.644611 2759.453447 2813.165867 2838.360799 2875.862523 2905.799079 2935.765437 2977.755040 3040.320424 3100.085100 3141.828175 3197.458889 3265.552123 3324.001499 3350.794644 3359.826824 3394.700500 3448.426556 3515.858070 3543.265177 3569.226561 3600.247733 3635.762027 3630.260248 3641.348217 3653.196078 3664.577012 3678.265977 3684.710567 3680.078977 3675.529356 3657.107816 3652.156619 3658.686455 3666.257309 3665.594078 3651.102635 3647.143873 3661.950108 3667.872193 3665.999379 3663.546095 3668.731707 3665.350229 3618.451713 3598.285030 3583.472155 3572.489116 3527.008605 3461.233728 3428.411403 3407.767043 3367.837904 3295.192018 3257.025136 3217.586228 3182.652831 3145.742064 3131.657950 3098.819988 3066.664440 3028.039845 2987.490170 2971.858193 2956.968107 2956.239996 2956.623941 2974.095164 2988.724642 3004.737570 3012.842744 -9999.0 -9999.0
-9999.0 2495.791768 2568.071868 2693.099369 2774.854238 2793.172646 2804.429977 2809.675083 2834.569088 2865.214832 2952.828784 2997.797650 3079.622185 3115.182280 3155.534845 3243.657382 3335.996776 3378.138321 3415.804416 3477.436937 3541.524312 3587.830658 3613.759915 3596.991940 3635.209015 3662.109479 3669.299607 3675.632875 3674.957543 3666.514060 3659.740544 3666.514717 3663.686045 3644.778340 3628.962312 3627.310491 3623.969381 3600.892550 3573.561568 3558.377080 3560.045366 3584.700427 3571.799275 3550.543744 3546.175632 3567.650810 3588.554435 3578.025465 3564.972294 3581.456329 3615.696889 3639.824299 3642.176989 3660.368954 3681.404035 3652.902540 3630.658762 3587.581022 3570.943328 3545.753584 3489.706614 3435.055914 3387.435250 3339.150787 3286.831208 3237.466839 3190.032627 3143.729955 3090.449833 3057.787155 3033.451966 2990.412337 2980.172597 2983.601382 2980.032544 2978.310644 2984.047692 2990.691440 -9999.0 -9999.0
-9999.0 2402.080779 2542.687963 2724.484345 2850.771956 2892.765351 2959.018271 3009.762009 3023.330291 2980.635540 3069.890542 3282.742725 3398.969376 3414.864476 3488.294812 3580.669513 3567.921415 3598.456373 3620.837166 3643.721718 3662.175694 3675.463218 3673.475187 3668.013637 3651.727545 3643.769597 3642.944031 3640.905902 3623.744638 3605.002102 3588.359924 3585.435811 3567.934683 3519.824226 3487.125758 3470.237347 3452.393832 3438.650691 3411.094275 3385.464659 3369.710842 3380.979641 3378.416967 3364.533318 3360.100928 3378.469104 3409.246202 3406.558534 3417.199434 3436.551556 3471.861214 3509.302485 3528.361979 3557.088029 3592.357036 3639.258788 3648.824610 3671.036923 3674.235752 3662.619224 3616.939864 3566.100853 3537.030778 3482.317705 3422.935139 3361.495620 3313.171253 3268.803088 3214.165701 3180.029333 3141.261467 3087.976833 3044.384173 3035.494605 3001.990242 2988.450451 -9999.0 -9999.0 -9999.0 -9999.0
-9999.0 2303.599844 2485.413290 2730.288058 2998.897359 3073.116153 3270.504885 3382.918582 3421.666641 3487.117329 3381.712161 3576.144008 3625.059934 3619.058488 3631.178335 3633.775920 3647.617089 3647.197040 3642.138280 3631.283619 3621.917632 3617.517418 3616.387498 3608.517232 3595.991695 3581.487970 3569.734071 3558.565069 3522.493244 3491.049032 3453.036439 3440.913159 3398.123089 3307.565318 3269.052925 3231.760124 3172.667802 3174.585687 3180.530157 3157.717153 3138.609798 3111.952800 3140.261484 3149.848146 3153.588318 3150.060554 3160.410117 3186.408108 3232.714238 3266.346471 3304.907635 3352.166712 3381.911404 3420.633501 3460.445488 3512.250480 3542.814269 3571.371875 3619.316197 3656.092509 3678.610846 3665.156793 3645.735131 3602.152074 3542.449344 3493.470273 3465.086899 3415.426019 3372.367225 3328.916824 3282.757600 3230.300179 3169.649605 3114.680613 3080.584156 -9999.0 -9999.0 -9999.0 -9999.0 -9999.0
-9999.0 2087.434410 2352.850157 2625.149076 2884.637516 3216.678939 3377.634192 3473.327628 3535.014027 3513.583508 3532.820278 3540.193128 3576.771398 3583.380326 3561.877654 3548.595503 3531.766792 3530.678584 3543.671632 3516.727636 3486.996809 3473.940546 3474.781670 3464.080054 3440.602378 3425.729641 3416.426059 3398.401416 3355.744292 3306.572795 3224.230787 3191.800509 3116.202119 3076.193986 3039.752686 2993.664459 2958.706068 2963.637694 2978.688587 2978.174091 2957.689454 2940.738562 2969.680561 2981.006869 2993.840129 2978.208388 2984.835954 3018.702606 3064.600786 3104.308606 3147.660023 3194.015938 3234.952069 3274.043961 3295.526768 3335.329575 3376.778236 3417.800515 3487.050822 3563.941247 3598.878817 3632.859176 3662.424631 3684.005757 3641.577129 3614.703278 3591.480811 3568.640644 3523.136713 3478.177784 3437.678546 3374.185557 3314.743092 -9999.0 -9999.0 -9999.0 -9999.0 -9999.0 -9999.0 -9999.0
-9999.0 1973.148218 2171.272886 2370.491550 2630.336295 2831.743274 3040.803634 3131.018722 3199.542748 3263.429089 3313.244246 3349.311729 3374.953899 3396.043732 3373.335879 3328.567670 3296.987188 3301.785168 3293.728085 3272.540751 3245.000001 3232.159833 3229.926949 3225.193053 3204.009878 3193.686720 3186.983674 3170.234342 3144.723748 3092.982004 3022.021671 2959.992922 2906.443667 2885.730158 2862.615568 2835.426273 2808.156674 2821.327188 2834.045572 2834.138457 2827.404049 2827.365739 2856.406381 2875.721763 2885.221250 2874.194786 2892.359165 2915.736197 2952.948151 2984.790345 3028.822341 3078.189591 3125.924605 3146.125473 3148.850940 3161.217847 3187.942668 3231.020312 3306.850020 3391.890772 3467.553239 3512.153808 3562.248554 3601.473370 3628.747714 3655.127336 3676.332248 3668.484670 3643.302421 3610.434049 3552.780809 -9999.0 -9999.0 -9999.0 -9999.0 -9999.0 -9999.0 -9999.0 -9999.0 -9999.0
-9999.0 -9999.0 1944.747905 2102.348993 2208.026917 2376.176320 2524.636248 2638.198302 2745.330987 2821.259247 2940.045474 3020.654535 3065.625738 3080.690931 3066.595808 3037.529498 3019.790719 3019.501472 3008.199272 3001.487430 2986.707448 2981.513310 2980.644912 2973.385576 2968.780805 2967.874904 2965.732180 2957.997007 2941.280414 2899.933467 2862.098086 2817.991460 2821.286101 2796.466482 2775.111119 2754.970206 2756.120189 2749.512828 2753.628288 2755.805453 2764.826830 2778.778759 2798.407825 2789.927245 2799.397257 2809.259350 2820.171959 2841.814415 2871.733384 2911.529535 2962.663949 3011.067376 3046.267897 3052.862445 3035.117466 3030.486315 3039.103042 3068.355530 3132.132758 3199.949529 3288.057390 3352.468687 3418.721566 3473.847527 3499.990651 3536.352101 3605.332019 3653.266629 3694.190844 3671.875189 -9999.0 -9999.0 -9999.0 -9999.0 -9999.0 -9999.0 -9999.0 -9999.0 -9999.0 -9999.0
-9999.0 -9999.0 -9999.0 -9999.0 1965.075392 2114.900524 2214.454710 2297.413854 2433.812812 2566.519952 2676.629344 2765.982299 2836.505291 2795.853683 2795.802746 2810.870826 2809.406920 2800.645806 2789.903939 2793.894123 2797.962604 2792.070277 2845.884943 2836.612747 2837.123806 2842.181345 2838.555553 2824.403479 2805.112530 2787.961457 2771.983316 2739.120586 2705.723877 2676.657029 2663.245383 2658.579892 2657.546611 2648.882340 2656.629885 2665.033751 2680.767494 2695.929003 2719.512946 2748.687609 2763.765453 2779.368731 2789.425197 2809.818186 2809.989837 2861.138347 2922.632820 2978.676757 3007.363981 3007.478317 2985.177928 2964.227899 2952.958230 2971.676553 2992.172899 3043.436797 3132.274265 3192.847829 3238.591121 3277.712714 3313.870734 3377.772464 3470.490362 3550.778975 -9999.0 -9999.0 -9999.0 -9999.0 -9999.0 -9999.0 -9999.0 -9999.0 -9999.0 -9999.0 -9999.0 -9999.0
-9999.0 -9999.0 -9999.0 -9999.0 -9999.0 -9999.0 1941.793927 2048.603352 2120.030110 2273.901276 2420.029544 2529.891774 2615.493840 2652.569657 2687.897568 2719.712258 2721.127347 2701.576796 2679.901374 2700.485449 2717.569538 2709.387038 2676.005361 2674.954879 2679.513291 2685.687747 2681.981084 2675.160589 2649.779836 2664.896832 2667.807937 2644.244826 2618.177326 2604.518723 2592.365246 2601.502878 2600.917929 2586.005989 2584.717360 2612.231362 2633.133402 2646.056027 2667.270553 2700.651970 2733.599330 2749.983664 2752.007240 2758.235259 2796.597247 2838.179967 2908.679089 2963.264516 2989.777927 2994.239305 2968.934075 2924.712915 2899.320339 2899.280782 2924.794665 2965.670319 3016.008781 3052.248174 3064.068875 3066.040954 3078.755775 3175.403827 -9999.0 -9999.0 -9999.0 -9999.0 -9999.0 -9999.0 -9999.0 -9999.0 -9999.0 -9999.0 -9999.0 -9999.0 -9999.0 -9999.0
-9999.0 -9999.0 -9999.0 -9999.0 -9999.0 -9999.0 -9999.0 -9999.0 -9999.0 -9999.0 -9999.0 -9999.0 -9999.0 -9999.0 -9999.0 -9999.0 -9999.0 -9999.0 -9999.0 -9999.0 -9999.0 -9999.0 -9999.0 -9999.0 -9999.0 -9999.0 -9999.0 -9999.0 -9999.0 -9999.0 -9999.0 -9999.0 -9999.0 -9999.0 -9999.0 -9999.0 -9999.0 -9999.0 -9999.0 -9999.0 -9999.0 -9999.0 -9999.0 -9999.0 -9999.0 -9999.0 -9999.0 -9999.0 -9999.0 -9999.0 -9999.0 -9999.0 -9999.0 -9999.0 -9999.0 -9999.0 -9999.0 -9999.0 -9999.0 -9999.0 -9999.0 -9999.0 -9999.0 -9999.0 -9999.0 -9999.0 -9999.0 -9999.0 -9999.0 -9999.0 -9999.0 -9999.0 -9999.0 -9999.0 -9999.0 -9999.0 -9999.0 -9999.0 -9999.0 -9999.0
-9999.0 -9999.0 -9999.0 -9999.0 -9999.0 -9999.0 -9999.0 -9999.0 -9999.0 -9999.0 -9999.0 -9999.0 -9999.0 -9999.0 -9999.0 -9999.0 -9999.0 -9999.0 -9999.0 -9999.0 -9999.0 -9999.0 -9999.0 -9999.0 -9999.0 -9999.0 -9999.0 -9999.0 -9999.0 -9999.0 -9999.0 -9999.0 -9999.0 -9999.0 -9999.0 -9999.0 -9999.0 -9999.0 -9999.0 -9999.0 -9999.0 -9999.0 -9999.0 -9999.0 -9999.0 -9999.0 -9999.0 -9999.0 -9999.0 -9999.0 -9999.0 -9999.0 -9999.0 -9999.0 -9999.0 -9999.0 -9999.0 -9999.0 -9999.0 -9999.0 -9999.0 -9999.0 -9999.0 -9999.0 -9999.0 -9999.0 -9999.0 -9999.0 -9999.0 -9999.0 -9999.0 -9999.0 -9999.0 -9999.0 -9999.0 -9999.0 -9999.0 -9999.0 -9999.0 -9999.0