Borden_/Borden1m_014/output_maps/psiliqL0018N0011.asc
ncols         80
nrows         18
xllcorner     620200.000000
yllcorner     5168000.000000
cellsize      1.000000
NODATA_value  -9999.0
-9999.0 -9999.0 -9999.0 -9999.0 -9999.0 -9999.0 -9999.0 -9999.0 -9999.0 -9999.0 -9999.0 -9999.0 -9999.0 -9999.0 -9999.0 -9999.0 -9999.0 -9999.0 -9999.0 -9999.0 -9999.0 -9999.0 -9999.0 -9999.0 -9999.0 -9999.0 -9999.0 -9999.0 -9999.0 -9999.0 -9999.0 -9999.0 -9999.0 -9999.0 -9999.0 -9999.0 -9999.0 -9999.0 -9999.0 -9999.0 -9999.0 -9999.0 -9999.0 -9999.0 -9999.0 -9999.0 -9999.0 -9999.0 -9999.0 -9999.0 -9999.0 -9999.0 -9999.0 -9999.0 -9999.0 -9999.0 -9999.0 -9999.0 -9999.0 -9999.0 -9999.0 -9999.0 -9999.0 -9999.0 -9999.0 -9999.0 -9999.0 -9999.0 -9999.0 -9999.0 -9999.0 -9999.0 -9999.0 -9999.0 -9999.0 -9999.0 -9999.0 -9999.0 -9999.0 -9999.0
-9999.0 -9999.0 -9999.0 -9999.0 -9999.0 -9999.0 -9999.0 -9999.0 -9999.0 -9999.0 -9999.0 -9999.0 -9999.0 -9999.0 -9999.0 -9999.0 -9999.0 -9999.0 -9999.0 -9999.0 -9999.0 -9999.0 -9999.0 -9999.0 -9999.0 -9999.0 -9999.0 -9999.0 -9999.0 -9999.0 -9999.0 -9999.0 -9999.0 -9999.0 -9999.0 -9999.0 -9999.0 -9999.0 -9999.0 -9999.0 -9999.0 -9999.0 -9999.0 -9999.0 -9999.0 -9999.0 -9999.0 -9999.0 -9999.0 -9999.0 -9999.0 -9999.0 -9999.0 -9999.0 -9999.0 -9999.0 -9999.0 -9999.0 -9999.0 -9999.0 -9999.0 -9999.0 -9999.0 -9999.0 -9999.0 -9999.0 -9999.0 -9999.0 -9999.0 -9999.0 -9999.0 -9999.0 -9999.0 -9999.0 -9999.0 -9999.0 -9999.0 -9999.0 -9999.0 -9999.0
-9999.0 -9999.0 -9999.0 -9999.0 -9999.0 -9999.0 -9999.0 -9999.0 -9999.0 -9999.0 -9999.0 -9999.0 -9999.0 -9999.0 -9999.0 -9999.0 -9999.0 -9999.0 -9999.0 -9999.0 1750.331405 1753.099889 1732.387716 1700.189244 1674.091565 1678.242671 1714.112863 1756.562021 1796.265337 1806.456061 1789.648019 1794.653939 1792.903434 1793.898218 1799.141621 1809.517023 1817.190822 1829.404480 1838.072470 1837.214288 1830.573833 1825.194573 1825.835737 1828.016626 1833.512543 1821.448307 1836.031671 1851.003293 1854.622563 1847.924048 1818.827346 1800.930150 1788.833748 1770.277568 1792.733683 1801.848450 1821.949732 1823.674466 1819.832396 1791.507834 1760.574446 -9999.0 -9999.0 -9999.0 -9999.0 -9999.0 -9999.0 -9999.0 -9999.0 -9999.0 -9999.0 -9999.0 -9999.0 -9999.0 -9999.0 -9999.0 -9999.0 -9999.0 -9999.0 -9999.0
-9999.0 -9999.0 -9999.0 -9999.0 -9999.0 -9999.0 -9999.0 -9999.0 -9999.0 -9999.0 -9999.0 -9999.0 -9999.0 -9999.0 1655.598538 1647.226939 1645.842048 1655.506412 1690.378305 1722.035912 1734.543673 1728.440377 1730.076028 1708.148885 1689.292267 1705.513996 1737.429564 1770.059015 1804.907896 1824.832690 1814.925541 1814.833709 1826.979324 1854.854396 1870.703721 1871.702199 1855.769390 1881.471910 1897.022635 1903.906437 1902.302605 1892.725343 1903.272298 1917.697034 1910.612624 1894.631048 1902.561857 1915.510726 1925.935705 1911.546489 1845.801060 1824.316816 1816.191698 1807.131875 1790.618123 1782.269264 1805.533464 1802.398974 1792.050543 1772.500200 1738.243316 1692.979194 1672.738397 1710.209261 1752.214102 1807.687275 -9999.0 -9999.0 -9999.0 -9999.0 -9999.0 -9999.0 -9999.0 -9999.0 -9999.0 -9999.0 -9999.0 -9999.0 -9999.0 -9999.0
-9999.0 -9999.0 -9999.0 -9999.0 -9999.0 -9999.0 -9999.0 -9999.0 -9999.0 1595.433923 1601.169991 1609.460450 1613.118405 1629.795451 1627.887212 1636.342334 1644.141844 1673.173202 1705.813472 1742.591513 1772.811706 1766.020993 1768.083941 1778.708841 1782.756355 1797.554002 1822.154813 1863.173155 1899.676563 1938.249342 1908.850320 1908.214872 1931.411170 1983.085531 2019.502014 2030.142108 2015.956920 2029.672264 2054.587185 2073.485926 2070.553606 2065.593070 2088.904349 2102.159974 2100.706486 2081.496838 2075.232789 2078.978039 2104.620384 2050.891966 1979.793059 1926.703970 1929.296763 1899.113928 1862.577276 1841.636051 1835.631320 1852.194155 1835.177973 1796.515723 1759.011225 1745.347977 1725.521483 1741.369238 1761.550334 1805.627787 1843.097057 1870.057209 1867.808523 1849.187565 -9999.0 -9999.0 -9999.0 -9999.0 -9999.0 -9999.0 -9999.0 -9999.0 -9999.0 -9999.0
-9999.0 -9999.0 -9999.0 -9999.0 -9999.0 -9999.0 1515.512953 1526.335680 1547.971387 1552.853605 1579.818476 1587.929436 1609.569778 1629.858031 1653.270592 1670.691843 1701.428859 1735.877374 1778.037456 1823.008154 1857.727366 1853.680650 1865.513362 1895.543161 1935.941536 1968.678646 1998.082218 2038.937976 2112.019438 2149.898904 2151.805664 2157.456452 2172.305121 2230.648365 2303.951882 2323.920900 2308.629301 2297.445896 2318.950418 2353.684749 2354.597356 2353.524373 2364.570605 2373.865164 2399.949358 2391.555592 2355.212730 2345.781550 2346.772642 2325.374154 2254.996410 2183.991783 2148.550497 2096.240546 2011.517211 1956.194149 1961.539785 1977.166555 1946.640644 1891.419203 1849.491922 1836.141228 1818.102877 1803.050832 1807.811286 1824.876050 1844.654658 1853.872273 1838.739295 1815.630727 1791.579251 1761.228410 1761.711486 1785.719533 -9999.0 -9999.0 -9999.0 -9999.0 -9999.0 -9999.0
-9999.0 -9999.0 -9999.0 -9999.0 1464.377338 1478.480665 1466.808277 1493.860733 1528.042184 1563.761779 1596.086850 1633.354377 1661.454628 1692.902025 1733.603312 1767.184847 1809.114238 1846.064221 1902.822040 1974.821412 2030.267584 2055.247423 2071.452710 2131.303617 2198.443911 2259.676319 2287.031600 2315.873910 2358.155383 2413.000313 2436.286283 2442.216352 2462.949361 2506.662907 2563.117834 2603.797297 2591.665802 2586.533125 2594.639962 2606.126554 2627.532673 2627.245234 2628.192436 2630.731435 2636.334684 2636.421550 2613.868968 2582.497704 2567.558342 2555.655317 2518.932541 2443.541692 2403.604692 2372.035963 2332.414488 2273.985975 2206.217681 2189.357100 2129.776350 2070.308457 2007.375644 1983.002094 1949.165881 1921.031689 1890.248799 1889.947024 1891.086850 1868.140958 1832.991031 1798.344745 1781.096575 1760.106994 1746.783296 1775.312230 1791.479818 1820.543082 -9999.0 -9999.0 -9999.0 -9999.0
-9999.0 -9999.0 1402.868844 1451.625815 1510.387613 1520.658615 1521.472948 1528.960835 1559.316445 1613.187209 1687.258371 1735.999855 1776.626416 1812.371874 1873.416467 1951.841871 2024.274925 2074.760941 2140.185563 2218.258136 2288.369315 2324.565078 2341.711938 2383.609951 2442.957810 2513.882273 2545.947648 2573.646706 2604.579556 2635.665466 2638.521411 2650.575699 2661.031532 2669.249817 2680.544227 2686.889454 2685.312083 2682.851880 2666.042523 2662.307423 2668.780852 2674.617481 2675.034260 2661.347091 2657.659053 2672.262861 2678.177372 2678.153987 2677.095274 2682.806036 2681.865652 2638.110179 2606.168146 2590.066096 2575.615242 2526.829378 2457.039495 2415.759059 2392.680680 2347.151858 2266.126549 2209.991737 2154.968853 2103.809588 2047.366209 2014.478933 1965.612614 1920.792676 1871.804459 1822.689923 1795.951431 1775.065524 1769.751857 1766.933467 1781.352511 1795.124422 1809.405880 1816.647769 -9999.0 -9999.0
-9999.0 1296.987841 1369.718429 1496.173746 1578.287063 1624.411276 1653.461173 1674.167356 1705.117628 1736.582179 1838.859230 1919.513914 2010.563808 2051.097563 2103.448202 2205.605020 2305.462628 2356.461128 2399.568083 2463.399808 2530.683775 2583.022298 2612.482946 2615.846847 2654.502385 2676.827229 2684.649971 2690.436717 2687.432968 2677.340033 2666.691579 2671.040451 2666.159442 2646.196367 2629.129779 2626.197621 2622.699244 2601.297948 2574.607067 2561.096055 2563.864445 2588.899914 2575.900261 2555.189524 2551.416494 2572.926111 2594.320267 2586.017080 2573.964831 2593.192810 2628.248838 2651.705766 2660.230147 2677.696888 2697.621839 2669.507180 2641.784676 2599.335516 2579.457947 2550.908040 2491.724928 2428.725814 2370.893661 2305.510118 2233.153712 2161.832022 2094.441015 2029.122536 1960.886360 1916.286009 1880.634028 1826.300945 1802.013946 1800.522878 1789.440418 1784.630213 1788.982675 1794.584444 -9999.0 -9999.0
-9999.0 1211.799402 1354.027520 1538.604671 1689.484111 1749.042941 1845.714334 1922.771133 1950.342561 1918.356506 2028.145964 2251.782730 2365.591367 2387.025511 2463.260638 2559.955027 2572.849572 2607.675605 2632.042816 2648.797171 2663.009271 2676.018940 2675.556403 2671.701805 2659.238336 2654.551861 2655.901645 2654.818539 2637.394420 2615.866201 2594.250271 2586.132436 2562.608263 2512.336811 2473.652399 2452.364976 2434.853538 2419.173049 2391.827672 2367.606807 2352.570136 2367.862177 2363.819585 2347.495209 2343.542226 2364.985183 2395.755760 2393.061380 2404.425336 2427.649227 2469.692778 2512.793214 2537.932003 2569.784796 2608.312926 2654.267325 2668.606027 2691.514255 2696.343687 2680.504668 2635.992118 2582.016967 2547.547759 2484.366446 2410.312895 2328.078293 2258.533712 2192.465452 2120.624966 2069.880528 2014.223621 1947.433311 1887.472061 1861.539703 1819.226014 1798.477360 -9999.0 -9999.0 -9999.0 -9999.0
-9999.0 1125.828577 1312.163278 1567.049093 1853.947523 1962.493916 2177.177948 2309.301440 2366.067553 2439.422961 2393.433843 2563.726434 2611.101329 2609.752771 2616.291393 2623.538833 2640.940256 2643.878590 2639.164139 2627.777338 2618.077392 2613.843991 2612.848985 2606.390589 2596.124114 2583.742178 2571.887363 2560.661280 2522.840103 2485.839863 2441.471307 2420.770975 2375.273317 2276.201607 2225.816755 2182.412057 2121.949823 2118.749752 2118.525345 2093.007796 2075.296616 2052.902381 2077.662005 2085.101358 2088.056832 2088.010807 2102.174521 2128.456633 2176.040985 2216.089066 2265.773513 2324.572965 2365.060506 2411.305257 2458.989587 2517.970376 2554.427613 2587.995456 2639.071180 2678.673485 2702.779770 2691.366113 2667.233980 2621.853959 2551.753908 2487.854962 2439.715380 2368.150820 2303.624186 2245.303659 2184.570779 2115.116036 2035.664910 1950.622963 1905.681761 -9999.0 -9999.0 -9999.0 -9999.0 -9999.0
-9999.0 933.075048 1200.347620 1483.922955 1791.543898 2133.858552 2289.547448 2415.067484 2492.339203 2472.742700 2491.216885 2512.294038 2556.826509 2567.268043 2549.070043 2540.823445 2528.355079 2526.352937 2534.999925 2502.890005 2468.736980 2452.594932 2451.309368 2440.155787 2418.287346 2404.197487 2395.597006 2376.613057 2327.394068 2270.494126 2178.036043 2138.687848 2056.751091 2001.830257 1954.510013 1901.425359 1850.233828 1850.722732 1871.067999 1859.277069 1838.641532 1821.242950 1849.153747 1868.630630 1881.311261 1868.260895 1876.407548 1911.938158 1961.851235 2007.790661 2060.551793 2119.119311 2168.461711 2218.963107 2255.339694 2311.549237 2366.491460 2417.843303 2495.413127 2577.138367 2617.721849 2654.636182 2688.176976 2707.180437 2658.849096 2615.542410 2569.292252 2514.269287 2441.845519 2394.011773 2355.174372 2281.912502 2205.547618 -9999.0 -9999.0 -9999.0 -9999.0 -9999.0 -9999.0 -9999.0
-9999.0 810.825691 1022.546638 1242.272109 1519.684829 1760.926387 1970.137604 2081.303847 2169.417680 2226.194959 2274.000545 2313.148177 2345.306534 2369.616045 2350.669394 2310.493660 2280.836028 2282.194015 2270.203256 2237.933147 2200.693880 2181.094992 2176.011445 2168.938345 2145.925084 2133.736788 2125.163566 2103.779251 2072.071688 2013.852872 1930.798947 1853.145225 1791.217884 1760.263148 1729.743594 1696.447377 1662.211173 1672.884382 1685.731354 1684.019022 1675.304989 1673.688191 1703.071529 1722.437938 1732.453308 1721.047878 1740.004619 1766.019932 1807.292083 1851.314690 1901.779539 1958.324094 2013.586641 2044.454468 2060.960760 2089.664719 2133.102395 2192.258340 2285.372024 2386.018158 2469.046470 2522.464548 2578.202364 2619.032877 2639.591214 2655.284547 2639.740994 2571.965742 2481.442078 2472.701003 2465.695772 -9999.0 -9999.0 -9999.0 -9999.0 -9999.0 -9999.0 -9999.0 -9999.0 -9999.0
-9999.0 -9999.0 791.230902 962.349865 1090.346188 1267.574629 1418.648725 1532.427675 1631.071092 1758.854828 1873.465644 1962.586896 2008.106424 2026.147983 2013.690323 1983.421724 1962.889996 1960.180245 1944.709331 1928.492565 1903.909862 1892.521191 1878.860647 1870.031822 1861.536482 1857.717742 1853.737833 1843.638866 1822.569599 1775.431481 1727.010039 1674.989966 1621.549500 1595.438422 1572.997251 1551.463868 1550.809987 1546.527867 1552.298867 1554.568275 1562.501383 1575.776229 1595.909308 1618.215333 1628.026569 1637.194892 1649.404861 1672.883764 1705.789661 1748.434246 1803.091665 1861.895000 1902.885585 1917.050884 1909.265043 1916.403917 1938.526757 1983.741479 2067.490345 2155.232361 2257.601118 2337.184125 2417.101042 2478.264477 2504.981192 2530.597099 2558.530507 2519.592806 2391.837846 2430.670676 -9999.0 -9999.0 -9999.0 -9999.0 -9999.0 -9999.0 -9999.0 -9999.0 -9999.0 -9999.0
-9999.0 -9999.0 -9999.0 -9999.0 822.014513 975.817905 1074.213999 1158.788017 1291.868608 1417.750111 1521.900319 1607.436622 1671.435287 1698.498521 1696.040880 1704.101900 1699.679701 1691.067025 1678.042137 1674.394428 1670.985340 1661.337675 1645.271508 1637.628771 1639.141897 1644.948640 1642.950082 1629.757279 1611.841656 1590.310988 1570.353211 1535.687831 1499.646716 1470.073094 1456.517553 1450.895028 1450.523032 1443.448145 1452.268669 1460.191543 1475.817134 1491.235360 1515.065989 1544.227434 1558.185669 1572.938647 1582.485747 1602.721961 1633.105651 1686.631374 1750.450913 1808.944252 1845.855576 1851.359421 1828.304500 1814.379264 1812.188194 1841.945453 1888.723114 1957.728736 2063.257989 2142.772271 2207.110094 2262.660926 2308.843589 2369.638947 2442.020836 2486.427494 -9999.0 -9999.0 -9999.0 -9999.0 -9999.0 -9999.0 -9999.0 -9999.0 -9999.0 -9999.0 -9999.0 -9999.0
-9999.0 -9999.0 -9999.0 -9999.0 -9999.0 -9999.0 785.448237 888.827958 968.338554 1111.324621 1246.027277 1349.505446 1430.911256 1463.778261 1491.756645 1519.119626 1517.043965 1496.890904 1475.215881 1491.988707 1504.462495 1496.839849 1465.538456 1465.120317 1470.369800 1478.817711 1476.904760 1470.841955 1445.880387 1457.974778 1458.767411 1435.061376 1408.686067 1394.644626 1382.533681 1391.981195 1392.112056 1378.429281 1378.870633 1406.064731 1426.664369 1439.912871 1461.675753 1494.918867 1527.303019 1542.589551 1543.876227 1549.777091 1589.322316 1659.509922 1731.545590 1787.560939 1820.787442 1829.732766 1803.844233 1765.069884 1746.129918 1754.759108 1791.163964 1845.405781 1923.941132 1977.408770 2009.014639 2030.869765 2058.888395 2157.836014 -9999.0 -9999.0 -9999.0 -9999.0 -9999.0 -9999.0 -9999.0 -9999.0 -9999.0 -9999.0 -9999.0 -9999.0 -9999.0 -9999.0
-9999.0 -9999.0 -9999.0 -9999.0 -9999.0 -9999.0 -9999.0 -9999.0 -9999.0 -9999.0 -9999.0 -9999.0 -9999.0 -9999.0 -9999.0 -9999.0 -9999.0 -9999.0 -9999.0 -9999.0 -9999.0 -9999.0 -9999.0 -9999.0 -9999.0 -9999.0 -9999.0 -9999.0 -9999.0 -9999.0 -9999.0 -9999.0 -9999.0 -9999.0 -9999.0 -9999.0 -9999.0 -9999.0 -9999.0 -9999.0 -9999.0 -9999.0 -9999.0 -9999.0 -9999.0 -9999.0 -9999.0 -9999.0 -9999.0 -9999.0 -9999.0 -9999.0 -9999.0 -9999.0 -9999.0 -9999.0 -9999.0 -9999.0 -9999.0 -9999.0 -9999.0 -9999.0 -9999.0 -9999.0 -9999.0 -9999.0 -9999.0 -9999.0 -9999.0 -9999.0 -9999.0 -9999.0 -9999.0 -9999.0 -9999.0 -9999.0 -9999.0 -9999.0 -9999.0 -9999.0
-9999.0 -9999.0 -9999.0 -9999.0 -9999.0 -9999.0 -9999.0 -9999.0 -9999.0 -9999.0 -9999.0 -9999.0 -9999.0 -9999.0 -9999.0 -9999.0 -9999.0 -9999.0 -9999.0 -9999.0 -9999.0 -9999.0 -9999.0 -9999.0 -9999.0 -9999.0 -9999.0 -9999.0 -9999.0 -9999.0 -9999.0 -9999.0 -9999.0 -9999.0 -9999.0 -9999.0 -9999.0 -9999.0 -9999.0 -9999.0 -9999.0 -9999.0 -9999.0 -9999.0 -9999.0 -9999.0 -9999.0 -9999.0 -9999.0 -9999.0 -9999.0 -9999.0 -9999.0 -9999.0 -9999.0 -9999.0 -9999.0 -9999.0 -9999.0 -9999.0 -9999.0 -9999.0 -9999.0 -9999.0 -9999.0 -9999.0 -9999.0 -9999.0 -9999.0 -9999.0 -9999.0 -9999.0 -9999.0 -9999.0 -9999.0 -9999.0 -9999.0 -9999.0 -9999.0 -9999.0