Borden_/Borden1m_014/output_maps/psiliqL0019N0039.asc
ncols         80
nrows         18
xllcorner     620200.000000
yllcorner     5168000.000000
cellsize      1.000000
NODATA_value  -9999.0
-9999.0 -9999.0 -9999.0 -9999.0 -9999.0 -9999.0 -9999.0 -9999.0 -9999.0 -9999.0 -9999.0 -9999.0 -9999.0 -9999.0 -9999.0 -9999.0 -9999.0 -9999.0 -9999.0 -9999.0 -9999.0 -9999.0 -9999.0 -9999.0 -9999.0 -9999.0 -9999.0 -9999.0 -9999.0 -9999.0 -9999.0 -9999.0 -9999.0 -9999.0 -9999.0 -9999.0 -9999.0 -9999.0 -9999.0 -9999.0 -9999.0 -9999.0 -9999.0 -9999.0 -9999.0 -9999.0 -9999.0 -9999.0 -9999.0 -9999.0 -9999.0 -9999.0 -9999.0 -9999.0 -9999.0 -9999.0 -9999.0 -9999.0 -9999.0 -9999.0 -9999.0 -9999.0 -9999.0 -9999.0 -9999.0 -9999.0 -9999.0 -9999.0 -9999.0 -9999.0 -9999.0 -9999.0 -9999.0 -9999.0 -9999.0 -9999.0 -9999.0 -9999.0 -9999.0 -9999.0
-9999.0 -9999.0 -9999.0 -9999.0 -9999.0 -9999.0 -9999.0 -9999.0 -9999.0 -9999.0 -9999.0 -9999.0 -9999.0 -9999.0 -9999.0 -9999.0 -9999.0 -9999.0 -9999.0 -9999.0 -9999.0 -9999.0 -9999.0 -9999.0 -9999.0 -9999.0 -9999.0 -9999.0 -9999.0 -9999.0 -9999.0 -9999.0 -9999.0 -9999.0 -9999.0 -9999.0 -9999.0 -9999.0 -9999.0 -9999.0 -9999.0 -9999.0 -9999.0 -9999.0 -9999.0 -9999.0 -9999.0 -9999.0 -9999.0 -9999.0 -9999.0 -9999.0 -9999.0 -9999.0 -9999.0 -9999.0 -9999.0 -9999.0 -9999.0 -9999.0 -9999.0 -9999.0 -9999.0 -9999.0 -9999.0 -9999.0 -9999.0 -9999.0 -9999.0 -9999.0 -9999.0 -9999.0 -9999.0 -9999.0 -9999.0 -9999.0 -9999.0 -9999.0 -9999.0 -9999.0
-9999.0 -9999.0 -9999.0 -9999.0 -9999.0 -9999.0 -9999.0 -9999.0 -9999.0 -9999.0 -9999.0 -9999.0 -9999.0 -9999.0 -9999.0 -9999.0 -9999.0 -9999.0 -9999.0 -9999.0 1956.590915 1959.221631 1938.548304 1906.272044 1880.036227 1884.097876 1920.089659 1963.221695 2004.052856 2015.104566 1998.787938 2003.707575 2000.861511 1999.665069 2002.556922 2011.166709 2017.928560 2029.857180 2039.240776 2039.766327 2034.819666 2031.081523 2033.100192 2035.674150 2040.952011 2027.528623 2040.764842 2054.257235 2056.724006 2049.748641 2021.130682 2004.138670 1992.548688 1974.070295 1996.628901 2005.765791 2026.018997 2027.907106 2024.049757 1995.691128 1964.694399 -9999.0 -9999.0 -9999.0 -9999.0 -9999.0 -9999.0 -9999.0 -9999.0 -9999.0 -9999.0 -9999.0 -9999.0 -9999.0 -9999.0 -9999.0 -9999.0 -9999.0 -9999.0 -9999.0
-9999.0 -9999.0 -9999.0 -9999.0 -9999.0 -9999.0 -9999.0 -9999.0 -9999.0 -9999.0 -9999.0 -9999.0 -9999.0 -9999.0 1861.912381 1853.825698 1852.687033 1862.433256 1897.211898 1928.675437 1940.803771 1934.557046 1936.056148 1913.785488 1894.252051 1909.842180 1941.725665 1975.072850 2011.328986 2032.548625 2023.516554 2023.093075 2033.333267 2057.813381 2069.915216 2068.114030 2050.680275 2076.173789 2092.614118 2101.255342 2101.961614 2094.395986 2106.116671 2121.052859 2113.545182 2096.200557 2102.358090 2113.435747 2122.365967 2108.111950 2043.657756 2024.362995 2017.379021 2008.843159 1992.428984 1984.563917 2008.617972 2005.828587 1995.685298 1976.128406 1941.739531 1896.285879 1875.956961 1913.475508 1955.308394 2010.488824 -9999.0 -9999.0 -9999.0 -9999.0 -9999.0 -9999.0 -9999.0 -9999.0 -9999.0 -9999.0 -9999.0 -9999.0 -9999.0 -9999.0
-9999.0 -9999.0 -9999.0 -9999.0 -9999.0 -9999.0 -9999.0 -9999.0 -9999.0 1799.261204 1805.518817 1814.384741 1818.744562 1835.995035 1834.401369 1843.174098 1851.000664 1880.183460 1912.526624 1948.718262 1978.208905 1971.122307 1972.716436 1982.116946 1983.938645 1996.584439 2020.330549 2062.133465 2100.316201 2141.045796 2112.715843 2111.387188 2131.497895 2177.320951 2206.946252 2212.654045 2195.728358 2209.517131 2235.804905 2257.214258 2257.567663 2255.218847 2280.565655 2294.789248 2292.149261 2270.526420 2261.725000 2262.886942 2287.013248 2233.423615 2164.765900 2116.694192 2122.685027 2093.951932 2058.561706 2039.135792 2034.998744 2052.769943 2036.406695 1997.896952 1960.705756 1947.221986 1927.662188 1943.907588 1964.107133 2007.876798 2044.844283 2071.336067 2068.557796 2049.615922 -9999.0 -9999.0 -9999.0 -9999.0 -9999.0 -9999.0 -9999.0 -9999.0 -9999.0 -9999.0
-9999.0 -9999.0 -9999.0 -9999.0 -9999.0 -9999.0 1717.640123 1728.863799 1751.060128 1756.425760 1784.138686 1792.802925 1815.129045 1835.978001 1859.920153 1877.371633 1907.913965 1942.065447 1983.139429 2026.387415 2059.414650 2053.998309 2065.037949 2092.651582 2128.602630 2155.848449 2182.631171 2224.291449 2300.916809 2342.750192 2346.060351 2351.022584 2361.506547 2411.730202 2476.014191 2488.945027 2469.772193 2457.587604 2481.102693 2519.806424 2524.568537 2526.751316 2540.571418 2550.938879 2576.411454 2564.850005 2523.689605 2510.835960 2510.457331 2489.026331 2422.303716 2358.916163 2328.457300 2277.002537 2192.689931 2140.404807 2150.957260 2169.973262 2140.911651 2086.113612 2045.219165 2033.429990 2016.705235 2002.777418 2008.367935 2025.657872 2045.130929 2053.963513 2038.334068 2014.795097 1990.331865 1960.142132 1961.011989 1985.286064 -9999.0 -9999.0 -9999.0 -9999.0 -9999.0 -9999.0
-9999.0 -9999.0 -9999.0 -9999.0 1665.556056 1679.751498 1668.215940 1695.808718 1730.547045 1766.950189 1799.696636 1837.477627 1866.241367 1898.206619 1938.619620 1971.048783 2012.015499 2047.996113 2102.598015 2170.902526 2222.274619 2244.631581 2259.760380 2317.276895 2378.518411 2431.085789 2453.763741 2483.128806 2530.517611 2591.336250 2618.408841 2624.891272 2642.955011 2681.726365 2732.688277 2768.649008 2752.617155 2745.543775 2754.625221 2769.033256 2793.915076 2796.384826 2798.970887 2802.248519 2807.453664 2804.971432 2778.014833 2742.524297 2724.942768 2713.173720 2678.341939 2606.286015 2567.980226 2535.734258 2495.691216 2440.438272 2380.383987 2368.619534 2310.042257 2250.604572 2189.955929 2169.867125 2139.452632 2113.781823 2085.299739 2086.449082 2088.174271 2065.075229 2029.509712 1994.880001 1978.056043 1957.821697 1945.236435 1974.545797 1991.210070 2020.501601 -9999.0 -9999.0 -9999.0 -9999.0
-9999.0 -9999.0 1603.740631 1652.099727 1710.776680 1720.616877 1720.783665 1728.417330 1759.336491 1813.792555 1887.649662 1936.051191 1976.568864 2012.783600 2072.986159 2148.386291 2218.584749 2267.242808 2330.070145 2402.654944 2466.250556 2498.935129 2515.420854 2557.074791 2613.352269 2679.670621 2708.769686 2737.010646 2772.449841 2809.006130 2813.907142 2827.094662 2836.985483 2843.373779 2852.182697 2855.692138 2850.750435 2845.658934 2827.517116 2823.976533 2831.838642 2839.346204 2840.265180 2826.511419 2822.366390 2835.955178 2840.027758 2837.567601 2834.821185 2840.376117 2840.121926 2796.795660 2766.058453 2748.881621 2734.021561 2686.883063 2619.416684 2579.239374 2555.109109 2508.474195 2429.386487 2379.698965 2329.701750 2282.767317 2230.704000 2201.370890 2154.442880 2110.211876 2061.505112 2013.249862 1988.293784 1969.666991 1966.416995 1965.172993 1980.717316 1995.081825 2009.725633 2017.126125 -9999.0 -9999.0
-9999.0 1497.240288 1569.701056 1695.360882 1776.529229 1820.857387 1846.849141 1865.948231 1897.568847 1930.550193 2031.710699 2108.927249 2199.948787 2241.052631 2291.338725 2389.151438 2486.309311 2536.032020 2577.547067 2638.864541 2703.080312 2754.675356 2784.808775 2785.589105 2823.066290 2843.672936 2849.455548 2854.878514 2853.403809 2845.800694 2837.954766 2843.811648 2839.196671 2818.779136 2801.160143 2796.958082 2790.812075 2765.899331 2735.791081 2720.494202 2722.659838 2748.422215 2734.668359 2713.553393 2709.638325 2731.396243 2753.327623 2744.138500 2731.070664 2750.485997 2786.210228 2810.345750 2817.750179 2835.279284 2855.896497 2828.535896 2801.925369 2757.873645 2735.372808 2704.850878 2644.221339 2582.610923 2526.097431 2463.548008 2396.854794 2330.361440 2266.367343 2202.879889 2136.023021 2093.907306 2062.692026 2013.824653 1994.658050 1996.845861 1988.000042 1984.300916 1989.233919 1995.041022 -9999.0 -9999.0
-9999.0 1410.553431 1552.140772 1735.221365 1883.715277 1938.401145 2027.818884 2102.095297 2129.517080 2095.845571 2204.742089 2426.167056 2541.728174 2563.748969 2640.137355 2736.200191 2744.602671 2779.099116 2803.452478 2820.874606 2835.132153 2848.302519 2848.205799 2844.051080 2829.579429 2821.911141 2820.227042 2816.739963 2798.010366 2777.425680 2758.484962 2752.629006 2730.111695 2681.354592 2645.626472 2625.819590 2606.780178 2588.493417 2558.272970 2531.394538 2514.568435 2528.487342 2524.721917 2508.250025 2504.439060 2526.523213 2557.839859 2555.651971 2567.267445 2589.234164 2629.268158 2670.436215 2694.297360 2726.154062 2765.717284 2812.831620 2826.698031 2848.913001 2852.332492 2835.555321 2788.333419 2731.135942 2694.044024 2628.151722 2553.407774 2471.588619 2404.131895 2339.307985 2268.272879 2222.755789 2177.466820 2121.834811 2072.159294 2054.491795 2016.112014 1997.515309 -9999.0 -9999.0 -9999.0 -9999.0
-9999.0 1322.436648 1507.483414 1759.131280 2044.141170 2142.309813 2348.643734 2477.053704 2532.513192 2605.546024 2550.596025 2726.638495 2775.953344 2775.436258 2783.654125 2790.194854 2807.455392 2811.006727 2807.863945 2798.011211 2789.215111 2785.495974 2784.655909 2777.189998 2764.574612 2748.873437 2732.822565 2718.379023 2678.568133 2643.346404 2603.717082 2587.437872 2544.826629 2449.595476 2405.757634 2366.461577 2306.652599 2302.741346 2301.274249 2273.752281 2254.679061 2230.687630 2255.644499 2263.543895 2267.009798 2267.091279 2281.592889 2308.933269 2356.281341 2393.891366 2438.621905 2491.944377 2529.151178 2573.633141 2619.222915 2676.071465 2711.015800 2743.517322 2794.563417 2833.800366 2856.664849 2842.338748 2814.406302 2762.297153 2684.327180 2613.870019 2559.343141 2480.926814 2414.859097 2362.282192 2316.945681 2268.548628 2207.329037 2139.449184 2100.350086 -9999.0 -9999.0 -9999.0 -9999.0 -9999.0
-9999.0 1125.824177 1392.210453 1672.075710 1971.837886 2307.220909 2459.319659 2578.720621 2652.190496 2630.229363 2647.951976 2667.395993 2713.515710 2724.985426 2705.971750 2696.554890 2683.855586 2683.972515 2696.853248 2669.840969 2639.806407 2626.089913 2625.695335 2613.883509 2589.890499 2572.980297 2561.496394 2539.692818 2489.871874 2436.814983 2352.063689 2318.033411 2239.055044 2188.763615 2145.793300 2095.512886 2045.474461 2045.842224 2065.460321 2052.684608 2031.092473 2013.165054 2040.960508 2060.702179 2073.817401 2061.083034 2069.898889 2105.910027 2155.693921 2200.440523 2250.368622 2305.567733 2352.151030 2399.200449 2430.042166 2479.224403 2529.335827 2577.077154 2651.318435 2731.947689 2771.704412 2806.243681 2834.937935 2846.917436 2788.623511 2733.669067 2673.826610 2605.634985 2526.256516 2476.763580 2449.758667 2410.048718 2357.285224 -9999.0 -9999.0 -9999.0 -9999.0 -9999.0 -9999.0 -9999.0
-9999.0 1005.012612 1214.040509 1429.158689 1700.800405 1937.052586 2144.418762 2248.884273 2329.104084 2382.601184 2428.702748 2467.871144 2500.748580 2525.956324 2506.965419 2465.444832 2435.943550 2440.321039 2433.887306 2410.344103 2380.754129 2365.804200 2362.508126 2355.743967 2332.003411 2318.317369 2307.824116 2284.722576 2253.206674 2197.203399 2119.088562 2044.561777 1985.291020 1956.885734 1928.488231 1896.750052 1863.610498 1874.056134 1885.938354 1883.681342 1874.626478 1872.837560 1901.950423 1921.337550 1931.562160 1920.788118 1940.354358 1966.730373 2008.084409 2052.014858 2101.711667 2157.085012 2211.221140 2239.885344 2252.423080 2275.667224 2313.877377 2366.885786 2452.129665 2547.364317 2626.227026 2674.408086 2724.232688 2756.621588 2765.988660 2766.908990 2735.802514 2653.399585 2552.370736 2530.541887 2527.088716 -9999.0 -9999.0 -9999.0 -9999.0 -9999.0 -9999.0 -9999.0 -9999.0 -9999.0
-9999.0 -9999.0 983.767972 1152.008409 1275.215669 1449.025291 1597.127262 1707.480437 1802.840401 1928.914450 2042.563992 2132.342421 2178.975139 2197.609105 2185.151129 2155.136409 2135.652792 2135.306888 2124.114342 2114.184785 2095.374709 2087.527760 2075.165470 2066.617818 2058.095681 2053.573157 2048.452614 2037.399405 2016.167252 1970.036171 1924.215518 1874.206233 1822.207589 1797.006145 1775.400495 1754.580196 1754.411703 1749.642162 1754.837082 1756.692910 1764.451278 1777.584607 1797.498316 1819.932355 1829.966534 1839.692867 1852.283970 1876.163425 1909.351988 1952.244915 2007.009242 2065.941937 2106.806007 2120.136298 2110.435462 2114.784707 2133.512444 2174.339506 2251.920500 2333.488628 2428.599921 2498.698500 2568.245151 2616.957704 2628.579824 2638.463338 2646.616659 2596.424154 2476.422799 2485.811594 -9999.0 -9999.0 -9999.0 -9999.0 -9999.0 -9999.0 -9999.0 -9999.0 -9999.0 -9999.0
-9999.0 -9999.0 -9999.0 -9999.0 1012.214717 1164.605265 1262.373964 1345.095384 1476.538678 1601.236426 1704.518055 1790.220054 1855.432973 1882.997483 1881.347445 1890.800991 1887.513973 1880.292890 1869.857998 1870.123770 1870.284408 1862.737201 1847.362209 1840.006595 1841.448300 1846.822627 1843.995183 1830.046374 1811.561794 1790.876373 1772.076138 1738.237741 1702.910200 1673.722736 1660.430373 1655.114620 1654.648753 1647.195636 1655.625649 1663.371731 1678.778984 1693.981190 1717.685277 1746.944351 1761.187850 1776.253251 1786.109511 1806.642437 1837.448449 1891.375684 1955.586436 2014.469194 2051.774526 2057.145769 2033.539049 2018.463746 2014.648071 2042.163683 2085.599180 2150.356682 2250.139916 2321.232793 2373.983647 2414.045675 2441.937254 2481.820870 2524.821042 2556.073325 -9999.0 -9999.0 -9999.0 -9999.0 -9999.0 -9999.0 -9999.0 -9999.0 -9999.0 -9999.0 -9999.0 -9999.0
-9999.0 -9999.0 -9999.0 -9999.0 -9999.0 -9999.0 977.793110 1080.984857 1157.948623 1301.312168 1436.847975 1540.785833 1622.790460 1656.524402 1685.698284 1713.855208 1712.828254 1693.830580 1673.729533 1692.958884 1707.924168 1701.560784 1670.682394 1670.594750 1675.790741 1683.618242 1680.986536 1674.348038 1649.005092 1661.514846 1662.783475 1639.300188 1613.140812 1599.315533 1587.251322 1596.661783 1596.620038 1582.608849 1582.579890 1609.633899 1630.102824 1643.164435 1664.767476 1698.042570 1730.596454 1746.212900 1747.826234 1754.025201 1793.708692 1864.281795 1936.856848 1993.421548 2027.096145 2036.156033 2010.194013 1970.930878 1951.284561 1958.722918 1993.321973 2044.817510 2119.070730 2165.864231 2187.413833 2195.594255 2208.598741 2296.599213 -9999.0 -9999.0 -9999.0 -9999.0 -9999.0 -9999.0 -9999.0 -9999.0 -9999.0 -9999.0 -9999.0 -9999.0 -9999.0 -9999.0
-9999.0 -9999.0 -9999.0 -9999.0 -9999.0 -9999.0 -9999.0 -9999.0 -9999.0 -9999.0 -9999.0 -9999.0 -9999.0 -9999.0 -9999.0 -9999.0 -9999.0 -9999.0 -9999.0 -9999.0 -9999.0 -9999.0 -9999.0 -9999.0 -9999.0 -9999.0 -9999.0 -9999.0 -9999.0 -9999.0 -9999.0 -9999.0 -9999.0 -9999.0 -9999.0 -9999.0 -9999.0 -9999.0 -9999.0 -9999.0 -9999.0 -9999.0 -9999.0 -9999.0 -9999.0 -9999.0 -9999.0 -9999.0 -9999.0 -9999.0 -9999.0 -9999.0 -9999.0 -9999.0 -9999.0 -9999.0 -9999.0 -9999.0 -9999.0 -9999.0 -9999.0 -9999.0 -9999.0 -9999.0 -9999.0 -9999.0 -9999.0 -9999.0 -9999.0 -9999.0 -9999.0 -9999.0 -9999.0 -9999.0 -9999.0 -9999.0 -9999.0 -9999.0 -9999.0 -9999.0
-9999.0 -9999.0 -9999.0 -9999.0 -9999.0 -9999.0 -9999.0 -9999.0 -9999.0 -9999.0 -9999.0 -9999.0 -9999.0 -9999.0 -9999.0 -9999.0 -9999.0 -9999.0 -9999.0 -9999.0 -9999.0 -9999.0 -9999.0 -9999.0 -9999.0 -9999.0 -9999.0 -9999.0 -9999.0 -9999.0 -9999.0 -9999.0 -9999.0 -9999.0 -9999.0 -9999.0 -9999.0 -9999.0 -9999.0 -9999.0 -9999.0 -9999.0 -9999.0 -9999.0 -9999.0 -9999.0 -9999.0 -9999.0 -9999.0 -9999.0 -9999.0 -9999.0 -9999.0 -9999.0 -9999.0 -9999.0 -9999.0 -9999.0 -9999.0 -9999.0 -9999.0 -9999.0 -9999.0 -9999.0 -9999.0 -9999.0 -9999.0 -9999.0 -9999.0 -9999.0 -9999.0 -9999.0 -9999.0 -9999.0 -9999.0 -9999.0 -9999.0 -9999.0 -9999.0 -9999.0