Borden_/Borden1m_014/output_maps/psiliqL0023N0017.asc
ncols         80
nrows         18
xllcorner     620200.000000
yllcorner     5168000.000000
cellsize      1.000000
NODATA_value  -9999.0
-9999.0 -9999.0 -9999.0 -9999.0 -9999.0 -9999.0 -9999.0 -9999.0 -9999.0 -9999.0 -9999.0 -9999.0 -9999.0 -9999.0 -9999.0 -9999.0 -9999.0 -9999.0 -9999.0 -9999.0 -9999.0 -9999.0 -9999.0 -9999.0 -9999.0 -9999.0 -9999.0 -9999.0 -9999.0 -9999.0 -9999.0 -9999.0 -9999.0 -9999.0 -9999.0 -9999.0 -9999.0 -9999.0 -9999.0 -9999.0 -9999.0 -9999.0 -9999.0 -9999.0 -9999.0 -9999.0 -9999.0 -9999.0 -9999.0 -9999.0 -9999.0 -9999.0 -9999.0 -9999.0 -9999.0 -9999.0 -9999.0 -9999.0 -9999.0 -9999.0 -9999.0 -9999.0 -9999.0 -9999.0 -9999.0 -9999.0 -9999.0 -9999.0 -9999.0 -9999.0 -9999.0 -9999.0 -9999.0 -9999.0 -9999.0 -9999.0 -9999.0 -9999.0 -9999.0 -9999.0
-9999.0 -9999.0 -9999.0 -9999.0 -9999.0 -9999.0 -9999.0 -9999.0 -9999.0 -9999.0 -9999.0 -9999.0 -9999.0 -9999.0 -9999.0 -9999.0 -9999.0 -9999.0 -9999.0 -9999.0 -9999.0 -9999.0 -9999.0 -9999.0 -9999.0 -9999.0 -9999.0 -9999.0 -9999.0 -9999.0 -9999.0 -9999.0 -9999.0 -9999.0 -9999.0 -9999.0 -9999.0 -9999.0 -9999.0 -9999.0 -9999.0 -9999.0 -9999.0 -9999.0 -9999.0 -9999.0 -9999.0 -9999.0 -9999.0 -9999.0 -9999.0 -9999.0 -9999.0 -9999.0 -9999.0 -9999.0 -9999.0 -9999.0 -9999.0 -9999.0 -9999.0 -9999.0 -9999.0 -9999.0 -9999.0 -9999.0 -9999.0 -9999.0 -9999.0 -9999.0 -9999.0 -9999.0 -9999.0 -9999.0 -9999.0 -9999.0 -9999.0 -9999.0 -9999.0 -9999.0
-9999.0 -9999.0 -9999.0 -9999.0 -9999.0 -9999.0 -9999.0 -9999.0 -9999.0 -9999.0 -9999.0 -9999.0 -9999.0 -9999.0 -9999.0 -9999.0 -9999.0 -9999.0 -9999.0 -9999.0 2761.856100 2764.467148 2744.686630 2713.216650 2687.878190 2692.615499 2728.468373 2771.337173 2812.282229 2822.875955 2807.122731 2814.000909 2812.938645 2811.530293 2814.934210 2824.741263 2833.379739 2843.347969 2850.962048 2849.246011 2842.164646 2836.989058 2838.814185 2840.666153 2846.752963 2833.320982 2848.947355 2790.931782 2795.352160 2792.347789 2835.691703 2819.172407 2806.511264 2786.689559 2808.939863 2817.526572 2792.351998 2796.523703 2794.754003 2803.644597 2772.638104 -9999.0 -9999.0 -9999.0 -9999.0 -9999.0 -9999.0 -9999.0 -9999.0 -9999.0 -9999.0 -9999.0 -9999.0 -9999.0 -9999.0 -9999.0 -9999.0 -9999.0 -9999.0 -9999.0
-9999.0 -9999.0 -9999.0 -9999.0 -9999.0 -9999.0 -9999.0 -9999.0 -9999.0 -9999.0 -9999.0 -9999.0 -9999.0 -9999.0 2664.187615 2656.863572 2656.497889 2666.913398 2702.438264 2734.838330 2746.996137 2741.521347 2743.758298 2722.317451 2703.399459 2719.594554 2751.710929 2783.199780 2818.674025 2839.255101 2831.465692 2832.802288 2844.218465 2792.545570 2801.389961 2798.514343 2863.844203 2804.616440 2817.793074 2822.845451 2820.920591 2811.193694 2820.593727 2834.762822 2827.756579 2812.327824 2822.256934 2836.328234 2847.479052 2838.539060 2857.271309 2839.296362 2830.898186 2821.764210 2804.675739 2798.127369 2822.777303 2817.156031 2806.072422 2786.510141 2751.839026 2706.475556 2685.452713 2722.823153 2764.008820 2788.495412 -9999.0 -9999.0 -9999.0 -9999.0 -9999.0 -9999.0 -9999.0 -9999.0 -9999.0 -9999.0 -9999.0 -9999.0 -9999.0 -9999.0
-9999.0 -9999.0 -9999.0 -9999.0 -9999.0 -9999.0 -9999.0 -9999.0 -9999.0 2601.274520 2607.821431 2616.702536 2621.498466 2639.045950 2637.441489 2646.903155 2654.814073 2685.472237 2718.703340 2755.729281 2784.591928 2779.890917 2780.774529 2789.743968 2790.680892 2803.606620 2827.484101 2793.334269 2825.015346 2860.766585 2828.108085 2823.788882 2841.746750 2884.057916 2909.371798 2912.538554 2894.650596 2909.143346 2932.686705 2949.321001 2946.042256 2940.469264 2965.419873 2980.022771 2975.580506 2954.882986 2951.980601 2958.250192 2986.645821 2936.219362 2871.096617 2830.405994 2843.931241 2821.733359 2794.099314 2854.129086 2850.455371 2802.022477 2789.733594 2809.851855 2774.688124 2760.299487 2739.712140 2756.004442 2775.712512 2784.223747 2823.832251 2853.467233 2853.091691 2835.893018 -9999.0 -9999.0 -9999.0 -9999.0 -9999.0 -9999.0 -9999.0 -9999.0 -9999.0 -9999.0
-9999.0 -9999.0 -9999.0 -9999.0 -9999.0 -9999.0 2520.794001 2532.518179 2554.971608 2559.365190 2587.574032 2595.301735 2617.744157 2638.727959 2663.670463 2681.252416 2711.828785 2746.957913 2787.181414 2830.518654 2797.911974 2858.937568 2793.118912 2813.768717 2842.822216 2863.787452 2886.605368 2923.670485 2981.488152 3017.399659 3012.306298 3013.418334 3021.596090 3071.106665 3134.594580 3146.218545 3125.775965 3112.371097 3134.830051 3171.302154 3170.489482 3169.397811 3179.816563 3190.108759 3216.723213 3206.700504 3172.537661 3165.785358 3170.883175 3150.235290 3084.090698 3026.722829 3006.159366 2974.793218 2893.213131 2848.651053 2868.478669 2893.919438 2871.013409 2822.113813 2859.318191 2847.926438 2830.417202 2816.587543 2823.045095 2796.227993 2819.888865 2833.362351 2821.441324 2800.915469 2801.919948 2770.820661 2770.414693 2793.408388 -9999.0 -9999.0 -9999.0 -9999.0 -9999.0 -9999.0
-9999.0 -9999.0 -9999.0 -9999.0 2469.009666 2483.729009 2471.645368 2500.074157 2534.946246 2571.343772 2602.270208 2639.470924 2667.917797 2700.030817 2738.365952 2768.534299 2808.695250 2845.290799 2822.501264 2884.352208 2929.398388 2944.926126 2953.841901 2990.885748 3046.744558 3093.984531 3112.338933 3137.483605 3179.504699 3235.214341 3257.655437 3260.886858 3277.694955 3318.854208 3372.735614 3407.026213 3389.767730 3381.151622 3390.187124 3403.570653 3425.685953 3425.789291 3426.866677 3430.498247 3437.464608 3436.164760 3410.641296 3377.720851 3365.093991 3355.498493 3319.963703 3249.526914 3218.391590 3190.806800 3153.350708 3100.862137 3050.815872 3049.390379 2996.140193 2956.127539 2904.493450 2893.711298 2871.456055 2853.844443 2834.581130 2844.582761 2854.804446 2838.801311 2808.707615 2811.405968 2793.872544 2771.713011 2756.496221 2783.941354 2785.184291 2814.761968 -9999.0 -9999.0 -9999.0 -9999.0
-9999.0 -9999.0 2405.902575 2453.899465 2513.742760 2523.855733 2522.698094 2530.148666 2561.054644 2615.110350 2686.335152 2730.029196 2767.369401 2804.341452 2792.036513 2856.200310 2917.578464 2960.137488 3003.414154 3071.100163 3129.484025 3156.492703 3165.815355 3198.878001 3252.083893 3318.530060 3345.575905 3371.241661 3401.672089 3436.599329 3432.713660 3444.053567 3455.548224 3466.074762 3478.973022 3484.993006 3480.512239 3475.996430 3457.665563 3452.855431 3459.413482 3466.702409 3466.249375 3451.872937 3447.922357 3462.608777 3468.335603 3466.593699 3464.379166 3469.744061 3467.067174 3421.086927 3399.305070 3384.750216 3374.337192 3329.270523 3264.048351 3230.878517 3210.721460 3172.877693 3100.451851 3061.519060 3021.670542 2986.288446 2959.203224 2942.812947 2907.890382 2874.253289 2834.193672 2792.664610 2809.780795 2788.758676 2782.619613 2776.789745 2790.096206 2789.767985 2805.433718 2813.409086 -9999.0 -9999.0
-9999.0 2296.586060 2369.040779 2494.412936 2576.598926 2621.875464 2642.680268 2655.996385 2688.152290 2726.512949 2821.581409 2815.538036 2898.078662 2934.168693 2975.696628 3051.342843 3142.794933 3183.123644 3220.066896 3280.570055 3343.738414 3389.501736 3415.207026 3401.018904 3438.479941 3463.744717 3470.395533 3476.331851 3475.247287 3466.845046 3459.902445 3466.740925 3464.000608 3445.274160 3429.630063 3428.044859 3424.744722 3401.827975 3374.743387 3359.745705 3361.604079 3385.931066 3373.292202 3352.125855 3347.790151 3369.133278 3389.615470 3379.192990 3366.320018 3382.623500 3416.628908 3440.271449 3443.350758 3461.337062 3482.323658 3454.150379 3431.363104 3388.766986 3372.417259 3347.370857 3291.803897 3237.216553 3189.826519 3142.869188 3090.306273 3040.336911 2992.675169 2955.019175 2899.890728 2865.672856 2840.166623 2795.730544 2816.943167 2786.308932 2799.015388 2792.624987 2784.824904 2791.271411 -9999.0 -9999.0
-9999.0 2204.322292 2345.323456 2527.812737 2678.587659 2732.477872 2812.158114 2825.773278 2841.508749 2868.202551 2892.320257 3092.459618 3204.601442 3219.701924 3292.064165 3382.828850 3372.746202 3402.830844 3424.759351 3445.996294 3463.158022 3475.870224 3473.733527 3468.106520 3451.943928 3444.014665 3443.223118 3441.227915 3424.212781 3405.601492 3389.058184 3386.273834 3369.153868 3321.831672 3289.422187 3272.862546 3255.671718 3241.730565 3213.970781 3188.612821 3174.765004 3185.047700 3182.022957 3169.378104 3164.946520 3181.979480 3212.698652 3209.518898 3219.519886 3238.734881 3273.985114 3311.035924 3329.985214 3358.509152 3393.467911 3439.761240 3449.782828 3471.870550 3475.220718 3462.942945 3417.755551 3367.424054 3338.517641 3284.134941 3224.813791 3164.819277 3116.513124 3072.048561 3017.414193 2982.957520 2950.795636 2896.123880 2850.689598 2839.332800 2804.631009 2789.989211 -9999.0 -9999.0 -9999.0 -9999.0
-9999.0 2107.956672 2290.659788 2537.262418 2806.957389 2885.387377 3076.765695 3187.941863 3226.945251 3291.828561 3193.906472 3381.662401 3428.423684 3421.868367 3431.988789 3434.256567 3447.855758 3447.557872 3442.509437 3431.742832 3422.498279 3418.191999 3417.023159 3409.176522 3396.705620 3382.265496 3370.716079 3359.690607 3323.936659 3292.752738 3255.400246 3243.465866 3201.727918 3113.103114 3074.515792 3037.771151 2979.763963 2981.236622 2986.029592 2975.838378 2957.121877 2930.895143 2958.532844 2967.673722 2971.304016 2968.202388 2979.189407 2991.513722 3037.050040 3070.461440 3109.051271 3156.078997 3184.106773 3222.660609 3262.551470 3314.147105 3344.409738 3372.816925 3420.133150 3456.787969 3479.195899 3466.062944 3446.176028 3403.184878 3343.854888 3295.031809 3266.913420 3217.627097 3175.652453 3132.015197 3085.822244 3033.292463 2978.595627 2919.920816 2884.370400 -9999.0 -9999.0 -9999.0 -9999.0 -9999.0
-9999.0 1895.717193 2161.617236 2435.984106 2727.054757 3028.033729 3182.946462 3279.694786 3340.618108 3316.941986 3334.056813 3341.986554 3378.212025 3384.482925 3363.028041 3350.052882 3333.640510 3332.552366 3345.508070 3318.769029 3289.306442 3276.397678 3277.206332 3266.497332 3243.204867 3228.322635 3218.993428 3201.262703 3160.138668 3111.301589 3029.586012 2998.377186 2935.650610 2893.940302 2856.252817 2809.673782 2841.515634 2841.523139 2792.439794 2851.139099 2829.748712 2812.021620 2841.065413 2793.724444 2806.247545 2791.069429 2797.973303 2831.804035 2878.262151 2918.529073 2962.858515 2997.525252 3038.164067 3077.494111 3099.537138 3139.843677 3179.581853 3220.399662 3289.291363 3365.460251 3399.789318 3433.451173 3463.366711 3484.784240 3442.578616 3415.398598 3392.418577 3369.943453 3324.749158 3279.977722 3239.499500 3176.532297 3117.690625 -9999.0 -9999.0 -9999.0 -9999.0 -9999.0 -9999.0 -9999.0
-9999.0 1780.119105 1980.658468 2183.598049 2446.605934 2687.992303 2859.380904 2951.642252 3011.410218 3071.799097 3119.608604 3154.638201 3179.053012 3199.913457 3177.153394 3134.351426 3103.063507 3107.735151 3100.105974 3078.703945 3051.089409 3038.157905 3036.363748 3031.523220 3010.189916 2999.654877 2992.878506 2988.168327 2961.997815 2909.577266 2837.557064 2841.550931 2783.453145 2757.409971 2729.301041 2697.260579 2666.516960 2675.870614 2684.665694 2684.625613 2676.951501 2676.264192 2705.311344 2723.725526 2734.141384 2724.635587 2745.462333 2772.870760 2815.444088 2794.786713 2839.394063 2889.131291 2937.777822 2959.432079 2963.979573 2978.279787 2992.454009 3035.775046 3111.748902 3194.978981 3269.695322 3313.901729 3363.682428 3402.412238 3429.249958 3456.399685 3476.994006 3468.680080 3443.883380 3411.257185 3354.180258 -9999.0 -9999.0 -9999.0 -9999.0 -9999.0 -9999.0 -9999.0 -9999.0 -9999.0
-9999.0 -9999.0 1753.378088 1913.412626 2023.166847 2193.265334 2342.196296 2455.942137 2561.009147 2704.737839 2828.863696 2840.233972 2884.693483 2900.400742 2886.479147 2857.316624 2839.143196 2838.700471 2827.259653 2819.729829 2803.962944 2798.405625 2878.462630 2866.018312 2855.673046 2849.917987 2844.171961 2834.650922 2814.475815 2768.566466 2725.017353 2676.691975 2624.297995 2599.100918 2577.475326 2556.948640 2557.610882 2551.137065 2555.268886 2557.343170 2566.088564 2579.872028 2599.584567 2623.020601 2633.509460 2644.571536 2657.677006 2682.385980 2716.449539 2759.594620 2815.485287 2818.667796 2854.308958 2861.972345 2845.852460 2842.813430 2852.989641 2884.370112 2950.288857 3005.059498 3092.645447 3156.713401 3221.197861 3275.942523 3301.837521 3338.172120 3406.421575 3454.305103 3494.450212 3472.180484 -9999.0 -9999.0 -9999.0 -9999.0 -9999.0 -9999.0 -9999.0 -9999.0 -9999.0 -9999.0
-9999.0 -9999.0 -9999.0 -9999.0 1776.006504 1926.698271 2026.341773 2109.718184 2245.747437 2377.521815 2486.416343 2574.816665 2644.358563 2674.250919 2676.732141 2692.929164 2692.566728 2684.818916 2674.129810 2676.617314 2678.287724 2669.320029 2650.674599 2641.159553 2641.313917 2646.032048 2642.328469 2628.138150 2608.921480 2590.928736 2574.201519 2540.970520 2506.794385 2477.545305 2464.003242 2459.047285 2457.972362 2449.415535 2457.200962 2465.420698 2481.066160 2496.231243 2519.846155 2549.190238 2564.146651 2579.718042 2589.850908 2610.489406 2642.506937 2697.402215 2762.754525 2821.869092 2813.038390 2814.009209 2847.339744 2832.884592 2829.915752 2858.458930 2806.556279 2859.786372 2950.251507 2997.005626 3043.285760 3082.932047 3119.139391 3180.763343 3272.486460 3352.240619 -9999.0 -9999.0 -9999.0 -9999.0 -9999.0 -9999.0 -9999.0 -9999.0 -9999.0 -9999.0 -9999.0 -9999.0
-9999.0 -9999.0 -9999.0 -9999.0 -9999.0 -9999.0 1750.847648 1857.235744 1930.139394 2082.274736 2226.665617 2335.449973 2420.432107 2457.112804 2491.357053 2522.653859 2523.757682 2504.422399 2483.083400 2503.324778 2519.797085 2511.669842 2478.261949 2476.982071 2481.274996 2487.476667 2483.784723 2476.878491 2451.407245 2465.892006 2468.339161 2444.648542 2418.423775 2404.630978 2392.336929 2401.401879 2400.808226 2385.977440 2384.861080 2412.250953 2433.045836 2445.992177 2467.290352 2500.666001 2533.568795 2549.857287 2551.882357 2558.214889 2597.108270 2668.377294 2742.292671 2800.069122 2794.375330 2799.567170 2822.920102 2784.771201 2767.130698 2776.780816 2813.541155 2867.298580 2831.946742 2869.990270 2884.533975 2889.135804 2903.576148 2980.985219 -9999.0 -9999.0 -9999.0 -9999.0 -9999.0 -9999.0 -9999.0 -9999.0 -9999.0 -9999.0 -9999.0 -9999.0 -9999.0 -9999.0
-9999.0 -9999.0 -9999.0 -9999.0 -9999.0 -9999.0 -9999.0 -9999.0 -9999.0 -9999.0 -9999.0 -9999.0 -9999.0 -9999.0 -9999.0 -9999.0 -9999.0 -9999.0 -9999.0 -9999.0 -9999.0 -9999.0 -9999.0 -9999.0 -9999.0 -9999.0 -9999.0 -9999.0 -9999.0 -9999.0 -9999.0 -9999.0 -9999.0 -9999.0 -9999.0 -9999.0 -9999.0 -9999.0 -9999.0 -9999.0 -9999.0 -9999.0 -9999.0 -9999.0 -9999.0 -9999.0 -9999.0 -9999.0 -9999.0 -9999.0 -9999.0 -9999.0 -9999.0 -9999.0 -9999.0 -9999.0 -9999.0 -9999.0 -9999.0 -9999.0 -9999.0 -9999.0 -9999.0 -9999.0 -9999.0 -9999.0 -9999.0 -9999.0 -9999.0 -9999.0 -9999.0 -9999.0 -9999.0 -9999.0 -9999.0 -9999.0 -9999.0 -9999.0 -9999.0 -9999.0
-9999.0 -9999.0 -9999.0 -9999.0 -9999.0 -9999.0 -9999.0 -9999.0 -9999.0 -9999.0 -9999.0 -9999.0 -9999.0 -9999.0 -9999.0 -9999.0 -9999.0 -9999.0 -9999.0 -9999.0 -9999.0 -9999.0 -9999.0 -9999.0 -9999.0 -9999.0 -9999.0 -9999.0 -9999.0 -9999.0 -9999.0 -9999.0 -9999.0 -9999.0 -9999.0 -9999.0 -9999.0 -9999.0 -9999.0 -9999.0 -9999.0 -9999.0 -9999.0 -9999.0 -9999.0 -9999.0 -9999.0 -9999.0 -9999.0 -9999.0 -9999.0 -9999.0 -9999.0 -9999.0 -9999.0 -9999.0 -9999.0 -9999.0 -9999.0 -9999.0 -9999.0 -9999.0 -9999.0 -9999.0 -9999.0 -9999.0 -9999.0 -9999.0 -9999.0 -9999.0 -9999.0 -9999.0 -9999.0 -9999.0 -9999.0 -9999.0 -9999.0 -9999.0 -9999.0 -9999.0