Borden_/Borden1m_014/output_maps/psiliqL0013N0008.asc
ncols         80
nrows         18
xllcorner     620200.000000
yllcorner     5168000.000000
cellsize      1.000000
NODATA_value  -9999.0
-9999.0 -9999.0 -9999.0 -9999.0 -9999.0 -9999.0 -9999.0 -9999.0 -9999.0 -9999.0 -9999.0 -9999.0 -9999.0 -9999.0 -9999.0 -9999.0 -9999.0 -9999.0 -9999.0 -9999.0 -9999.0 -9999.0 -9999.0 -9999.0 -9999.0 -9999.0 -9999.0 -9999.0 -9999.0 -9999.0 -9999.0 -9999.0 -9999.0 -9999.0 -9999.0 -9999.0 -9999.0 -9999.0 -9999.0 -9999.0 -9999.0 -9999.0 -9999.0 -9999.0 -9999.0 -9999.0 -9999.0 -9999.0 -9999.0 -9999.0 -9999.0 -9999.0 -9999.0 -9999.0 -9999.0 -9999.0 -9999.0 -9999.0 -9999.0 -9999.0 -9999.0 -9999.0 -9999.0 -9999.0 -9999.0 -9999.0 -9999.0 -9999.0 -9999.0 -9999.0 -9999.0 -9999.0 -9999.0 -9999.0 -9999.0 -9999.0 -9999.0 -9999.0 -9999.0 -9999.0
-9999.0 -9999.0 -9999.0 -9999.0 -9999.0 -9999.0 -9999.0 -9999.0 -9999.0 -9999.0 -9999.0 -9999.0 -9999.0 -9999.0 -9999.0 -9999.0 -9999.0 -9999.0 -9999.0 -9999.0 -9999.0 -9999.0 -9999.0 -9999.0 -9999.0 -9999.0 -9999.0 -9999.0 -9999.0 -9999.0 -9999.0 -9999.0 -9999.0 -9999.0 -9999.0 -9999.0 -9999.0 -9999.0 -9999.0 -9999.0 -9999.0 -9999.0 -9999.0 -9999.0 -9999.0 -9999.0 -9999.0 -9999.0 -9999.0 -9999.0 -9999.0 -9999.0 -9999.0 -9999.0 -9999.0 -9999.0 -9999.0 -9999.0 -9999.0 -9999.0 -9999.0 -9999.0 -9999.0 -9999.0 -9999.0 -9999.0 -9999.0 -9999.0 -9999.0 -9999.0 -9999.0 -9999.0 -9999.0 -9999.0 -9999.0 -9999.0 -9999.0 -9999.0 -9999.0 -9999.0
-9999.0 -9999.0 -9999.0 -9999.0 -9999.0 -9999.0 -9999.0 -9999.0 -9999.0 -9999.0 -9999.0 -9999.0 -9999.0 -9999.0 -9999.0 -9999.0 -9999.0 -9999.0 -9999.0 -9999.0 738.364337 741.157755 719.247059 685.881760 658.368845 661.204076 696.643991 738.670622 777.693068 788.209105 770.868635 774.023284 770.639763 771.349479 776.004576 784.616426 790.109976 802.412031 811.528942 811.550225 805.677432 800.579232 800.617675 803.662280 808.943156 798.434405 812.218421 826.890400 831.094306 824.120861 794.875811 777.393408 767.105234 750.607423 774.010718 784.784139 806.400719 809.537058 807.061019 779.361459 748.811582 -9999.0 -9999.0 -9999.0 -9999.0 -9999.0 -9999.0 -9999.0 -9999.0 -9999.0 -9999.0 -9999.0 -9999.0 -9999.0 -9999.0 -9999.0 -9999.0 -9999.0 -9999.0 -9999.0
-9999.0 -9999.0 -9999.0 -9999.0 -9999.0 -9999.0 -9999.0 -9999.0 -9999.0 -9999.0 -9999.0 -9999.0 -9999.0 -9999.0 646.536268 637.144664 634.755951 643.650613 677.774736 708.479371 721.052110 714.109220 714.672714 691.612618 671.754613 686.735859 717.650379 750.402178 785.548655 806.069715 794.939380 793.577370 805.187249 833.789792 850.953595 851.585522 834.025291 858.696595 875.199112 883.922499 883.147565 874.534681 887.359980 902.797041 895.922666 879.193806 884.683034 896.362773 907.375092 890.618748 823.037420 800.417309 794.420519 786.498358 771.399295 763.524928 787.170882 786.078353 776.807725 757.978923 724.567263 679.764231 660.739641 698.758821 742.135827 799.053061 -9999.0 -9999.0 -9999.0 -9999.0 -9999.0 -9999.0 -9999.0 -9999.0 -9999.0 -9999.0 -9999.0 -9999.0 -9999.0 -9999.0
-9999.0 -9999.0 -9999.0 -9999.0 -9999.0 -9999.0 -9999.0 -9999.0 -9999.0 588.447064 593.078617 600.675862 603.241088 619.185790 617.228370 624.742800 632.458407 659.840820 691.612136 727.635170 757.475003 749.249525 750.382581 761.403385 766.429901 780.405691 804.469859 847.298873 888.160764 928.698552 900.148096 898.986144 921.288490 975.624632 1020.343455 1035.088621 1021.324326 1031.354217 1057.091483 1078.687315 1076.943080 1073.803748 1097.376754 1110.241616 1111.903661 1093.567400 1082.572966 1083.132209 1105.758916 1048.656391 972.867550 915.310745 916.153796 885.082845 845.476639 822.278524 815.984506 834.345949 817.864428 779.413077 741.743598 729.740715 711.415104 727.458974 748.984827 794.732846 832.867067 860.886839 860.168103 842.417262 -9999.0 -9999.0 -9999.0 -9999.0 -9999.0 -9999.0 -9999.0 -9999.0 -9999.0 -9999.0
-9999.0 -9999.0 -9999.0 -9999.0 -9999.0 -9999.0 509.066454 518.771895 539.365786 544.643123 570.241003 578.062289 598.998130 618.628215 640.425880 657.619766 688.602949 722.299526 764.551397 809.994314 845.161042 842.365725 853.550138 885.104173 926.517791 960.447746 992.042685 1038.505875 1115.465036 1155.167251 1161.749861 1167.227313 1181.798664 1244.459925 1334.528367 1364.379904 1352.435998 1341.710938 1360.950076 1393.156061 1395.914807 1395.055841 1402.928788 1410.682733 1435.563087 1429.151961 1395.445443 1383.516902 1377.624329 1350.406511 1266.258249 1188.910042 1150.843241 1102.139050 1018.931110 957.334420 952.742884 965.267375 933.379576 877.342669 832.994147 819.528963 802.442895 787.301405 792.089094 810.325748 832.055243 842.635420 829.206129 807.693081 784.354011 755.059371 756.385271 781.291261 -9999.0 -9999.0 -9999.0 -9999.0 -9999.0 -9999.0
-9999.0 -9999.0 -9999.0 -9999.0 458.762997 471.779251 460.039650 485.217389 518.251070 552.777671 585.380346 622.970294 650.678953 681.237260 722.583726 759.164432 803.412043 840.602511 897.792181 971.763775 1032.751920 1062.584768 1078.680928 1136.109039 1199.570379 1261.232895 1297.314920 1340.902397 1385.602438 1439.415705 1461.722859 1466.799417 1485.299456 1524.890035 1581.111065 1620.765304 1610.860956 1607.672506 1614.228674 1623.761338 1644.595779 1644.370219 1645.274364 1646.799091 1650.732252 1651.733845 1632.261518 1602.716582 1588.316350 1572.952587 1534.812395 1464.202206 1427.159286 1401.116837 1368.237269 1305.620487 1215.724407 1189.579481 1130.535848 1070.229128 998.851749 969.610219 934.387059 905.111000 873.118542 872.727250 874.517843 853.277135 820.696717 787.730672 771.898748 752.389729 740.984606 770.486500 787.740301 818.019130 -9999.0 -9999.0 -9999.0 -9999.0
-9999.0 -9999.0 399.550955 448.620236 505.501136 514.614085 516.064261 522.503623 551.424925 604.143211 681.455855 734.095155 777.952393 811.565415 872.288782 956.125514 1034.882362 1086.991252 1149.947666 1230.808291 1317.139167 1361.181499 1378.414163 1412.311074 1461.998721 1522.767896 1554.301260 1586.133169 1615.724078 1643.608010 1653.789836 1666.272187 1673.910804 1677.483621 1686.059984 1691.297829 1691.832333 1691.119887 1676.354933 1674.235948 1681.077929 1685.406531 1687.444896 1674.871932 1671.166595 1684.462180 1688.607258 1688.661632 1687.587113 1691.104577 1690.839239 1652.728992 1616.216317 1603.777103 1593.941319 1546.555382 1477.441013 1435.895623 1414.467941 1366.937427 1270.566627 1205.137198 1146.688770 1089.521830 1031.357174 996.485236 947.230814 903.723797 856.499684 809.373832 784.545894 765.176574 761.751242 761.108312 776.771989 791.902196 807.106553 814.824187 -9999.0 -9999.0
-9999.0 297.475765 369.962457 496.603979 576.654991 622.014307 657.189409 683.512130 712.498308 737.623296 845.812741 944.538833 1036.519365 1072.007840 1123.651456 1228.576445 1337.943377 1389.209267 1427.898861 1485.494932 1551.713269 1600.459939 1626.666058 1639.245887 1670.372035 1681.660251 1686.543228 1692.101539 1688.273334 1679.038563 1668.227954 1673.217760 1668.776332 1649.700811 1635.037138 1634.556936 1633.687383 1616.265282 1594.607583 1584.306599 1588.598392 1610.784937 1600.474571 1581.798236 1578.175506 1596.947396 1613.434691 1604.408048 1591.891667 1606.120211 1636.115335 1656.299135 1668.637996 1684.704259 1703.373288 1676.215524 1646.701422 1609.174170 1592.533516 1563.632452 1503.075686 1440.329332 1381.149419 1304.460794 1224.979533 1149.067845 1078.629426 1014.628143 946.949274 903.492552 869.526031 816.406214 792.805669 793.239302 783.644732 780.475702 786.446597 792.690021 -9999.0 -9999.0
-9999.0 219.251446 361.911510 546.834377 695.488498 757.311448 867.083584 952.409499 982.262727 958.726702 1071.294538 1306.204587 1407.659386 1422.673742 1488.040056 1570.164245 1596.457263 1629.049142 1650.983846 1660.187003 1669.833454 1680.787562 1679.642488 1674.369047 1661.970211 1657.068590 1658.822298 1658.537488 1642.496374 1621.959848 1602.601431 1596.543205 1575.495448 1526.620900 1489.456383 1472.441207 1461.351464 1448.027622 1422.266676 1401.583178 1390.603893 1407.952773 1401.514013 1385.951556 1381.846530 1401.206664 1429.929217 1423.394156 1428.425930 1447.842386 1487.069937 1530.780931 1555.627441 1583.831674 1616.274241 1656.092928 1672.204799 1694.445122 1699.178431 1679.354690 1638.130055 1590.371248 1558.360568 1496.258625 1424.088108 1341.383876 1258.821298 1188.930415 1115.565893 1060.299123 1005.201863 940.869874 880.469627 853.834739 813.527007 793.236757 -9999.0 -9999.0 -9999.0 -9999.0
-9999.0 143.650243 332.533090 592.933585 866.256720 988.477660 1201.646272 1342.116426 1401.991711 1469.852681 1463.801441 1603.327397 1639.359306 1633.082782 1626.081796 1625.941842 1637.053081 1638.366709 1634.515676 1626.918678 1621.985937 1621.389059 1622.246320 1617.441228 1608.861022 1598.068318 1588.654061 1578.241456 1540.443443 1500.046325 1459.481953 1440.920614 1396.763333 1289.224741 1231.304420 1190.793094 1136.246399 1133.134552 1129.843136 1105.007505 1088.070693 1070.289609 1091.482379 1094.910358 1096.340067 1099.371684 1115.100319 1135.637352 1177.624420 1214.875969 1267.739137 1340.656775 1384.137182 1427.804489 1472.689707 1529.467032 1565.798446 1597.080828 1641.029022 1678.011461 1701.128495 1692.273294 1666.960383 1627.255365 1565.360145 1506.464983 1459.023576 1390.755997 1323.427585 1250.339123 1185.623892 1114.641155 1032.893710 943.392034 900.141818 -9999.0 -9999.0 -9999.0 -9999.0 -9999.0
-9999.0 -29.528598 238.074586 528.818969 851.712522 1192.473830 1323.179391 1454.113727 1528.676465 1500.113555 1513.279298 1538.766624 1578.851047 1585.175553 1564.280651 1550.580799 1529.414785 1522.609499 1532.110696 1506.452541 1480.340629 1470.151941 1472.110640 1463.531747 1444.779929 1431.940335 1422.617326 1403.092531 1348.277651 1275.700260 1181.267144 1147.245138 1069.206079 1004.251361 953.933458 902.954147 852.793621 852.941141 871.421912 857.914453 836.986300 819.294566 845.790940 862.881181 874.386436 862.841807 870.830994 905.136224 953.072710 996.329691 1048.531747 1109.632189 1159.790450 1210.640948 1249.861058 1316.280408 1379.782995 1431.182844 1505.414574 1584.683828 1621.222152 1655.932315 1690.044808 1708.091831 1663.601307 1623.556824 1583.457037 1535.402231 1462.788224 1417.211199 1380.032931 1301.863159 1206.183004 -9999.0 -9999.0 -9999.0 -9999.0 -9999.0 -9999.0 -9999.0
-9999.0 -158.225769 64.068179 298.725864 588.391461 828.568399 1016.509511 1128.812696 1222.343356 1263.590506 1311.879945 1351.440224 1382.191926 1402.608906 1378.246737 1330.617933 1281.279140 1273.569165 1264.048880 1234.490205 1202.280713 1187.003897 1185.950476 1180.512353 1157.907126 1145.259667 1135.862454 1113.175288 1075.388144 1012.184243 927.079540 854.046965 791.650759 756.734592 725.278338 691.912017 655.675857 666.705698 680.867996 677.823371 667.339200 664.319739 693.814007 712.661426 722.572969 710.055297 728.378272 754.419389 795.239273 837.128797 885.745257 941.438194 995.393016 1025.815704 1043.271431 1076.470814 1124.316751 1185.324056 1283.998321 1396.240806 1480.492877 1535.974645 1588.258789 1622.885123 1640.759413 1663.331119 1649.447543 1579.473698 1468.818366 1491.005213 1494.724961 -9999.0 -9999.0 -9999.0 -9999.0 -9999.0 -9999.0 -9999.0 -9999.0 -9999.0
-9999.0 -9999.0 -170.959511 10.336091 154.924731 336.578811 486.186722 595.345362 683.561091 795.014834 902.489993 987.016597 1030.530151 1046.683179 1029.429209 989.042674 957.312956 951.411214 938.221520 923.984928 901.555517 893.208373 883.502790 876.476896 866.534318 861.437757 856.715010 845.325414 821.888920 772.887389 721.098137 668.533574 614.353941 588.442424 566.111409 544.075655 542.083431 539.424077 546.015395 547.845731 554.458759 566.935481 587.411288 609.122868 618.594866 626.419691 638.527335 661.710520 694.268035 735.527418 788.448931 845.057366 883.961016 896.497089 887.974402 895.509764 919.324185 965.550475 1053.255411 1147.501474 1254.709349 1348.245405 1428.840335 1485.763184 1511.911046 1542.798994 1571.141254 1506.029775 1116.420541 1414.702927 -9999.0 -9999.0 -9999.0 -9999.0 -9999.0 -9999.0 -9999.0 -9999.0 -9999.0 -9999.0
-9999.0 -9999.0 -9999.0 -9999.0 -133.272123 22.469182 117.938814 200.898638 327.394058 444.534946 543.642151 625.319030 683.723466 708.469592 700.150090 698.686141 689.434109 681.875250 671.076102 667.233315 663.883546 656.419854 643.883234 637.002010 637.810302 642.626799 640.633331 627.307263 610.068181 585.075427 562.694149 527.637587 491.020790 461.725550 448.584905 442.448700 442.617008 436.606986 445.967770 453.132311 468.392407 483.852945 507.798027 536.478926 549.613066 563.916477 573.354910 593.630711 623.386603 675.962357 738.390127 794.907114 829.334740 832.982016 807.650811 792.311623 789.441682 818.257247 865.767943 937.168100 1043.692023 1125.774881 1192.823355 1250.388972 1303.997768 1380.284015 1465.813382 1506.243182 -9999.0 -9999.0 -9999.0 -9999.0 -9999.0 -9999.0 -9999.0 -9999.0 -9999.0 -9999.0 -9999.0 -9999.0
-9999.0 -9999.0 -9999.0 -9999.0 -9999.0 -9999.0 -182.097367 -83.254463 0.369501 132.120289 255.511981 353.189188 430.728553 459.077297 480.683760 504.248164 499.759467 480.829836 462.111292 479.321575 491.050721 485.751937 457.270410 456.784627 461.432528 470.564197 469.140577 463.057744 438.184549 448.009760 447.598999 424.393821 398.367105 384.312323 372.699287 382.602721 383.298040 370.438975 372.095264 398.722165 418.854969 432.230432 454.392343 487.524605 519.585273 534.177659 535.106409 540.955875 581.245020 650.923504 721.376002 775.330822 806.437839 813.634091 785.430433 744.658721 723.496862 730.299226 765.233117 819.015943 896.707907 949.322573 981.798602 1005.671083 1038.546713 1141.187348 -9999.0 -9999.0 -9999.0 -9999.0 -9999.0 -9999.0 -9999.0 -9999.0 -9999.0 -9999.0 -9999.0 -9999.0 -9999.0 -9999.0
-9999.0 -9999.0 -9999.0 -9999.0 -9999.0 -9999.0 -9999.0 -9999.0 -9999.0 -9999.0 -9999.0 -9999.0 -9999.0 -9999.0 -9999.0 -9999.0 -9999.0 -9999.0 -9999.0 -9999.0 -9999.0 -9999.0 -9999.0 -9999.0 -9999.0 -9999.0 -9999.0 -9999.0 -9999.0 -9999.0 -9999.0 -9999.0 -9999.0 -9999.0 -9999.0 -9999.0 -9999.0 -9999.0 -9999.0 -9999.0 -9999.0 -9999.0 -9999.0 -9999.0 -9999.0 -9999.0 -9999.0 -9999.0 -9999.0 -9999.0 -9999.0 -9999.0 -9999.0 -9999.0 -9999.0 -9999.0 -9999.0 -9999.0 -9999.0 -9999.0 -9999.0 -9999.0 -9999.0 -9999.0 -9999.0 -9999.0 -9999.0 -9999.0 -9999.0 -9999.0 -9999.0 -9999.0 -9999.0 -9999.0 -9999.0 -9999.0 -9999.0 -9999.0 -9999.0 -9999.0
-9999.0 -9999.0 -9999.0 -9999.0 -9999.0 -9999.0 -9999.0 -9999.0 -9999.0 -9999.0 -9999.0 -9999.0 -9999.0 -9999.0 -9999.0 -9999.0 -9999.0 -9999.0 -9999.0 -9999.0 -9999.0 -9999.0 -9999.0 -9999.0 -9999.0 -9999.0 -9999.0 -9999.0 -9999.0 -9999.0 -9999.0 -9999.0 -9999.0 -9999.0 -9999.0 -9999.0 -9999.0 -9999.0 -9999.0 -9999.0 -9999.0 -9999.0 -9999.0 -9999.0 -9999.0 -9999.0 -9999.0 -9999.0 -9999.0 -9999.0 -9999.0 -9999.0 -9999.0 -9999.0 -9999.0 -9999.0 -9999.0 -9999.0 -9999.0 -9999.0 -9999.0 -9999.0 -9999.0 -9999.0 -9999.0 -9999.0 -9999.0 -9999.0 -9999.0 -9999.0 -9999.0 -9999.0 -9999.0 -9999.0 -9999.0 -9999.0 -9999.0 -9999.0 -9999.0 -9999.0