Borden_/Borden1m_014/output_maps/psiliqL0016N0029.asc
ncols         80
nrows         18
xllcorner     620200.000000
yllcorner     5168000.000000
cellsize      1.000000
NODATA_value  -9999.0
-9999.0 -9999.0 -9999.0 -9999.0 -9999.0 -9999.0 -9999.0 -9999.0 -9999.0 -9999.0 -9999.0 -9999.0 -9999.0 -9999.0 -9999.0 -9999.0 -9999.0 -9999.0 -9999.0 -9999.0 -9999.0 -9999.0 -9999.0 -9999.0 -9999.0 -9999.0 -9999.0 -9999.0 -9999.0 -9999.0 -9999.0 -9999.0 -9999.0 -9999.0 -9999.0 -9999.0 -9999.0 -9999.0 -9999.0 -9999.0 -9999.0 -9999.0 -9999.0 -9999.0 -9999.0 -9999.0 -9999.0 -9999.0 -9999.0 -9999.0 -9999.0 -9999.0 -9999.0 -9999.0 -9999.0 -9999.0 -9999.0 -9999.0 -9999.0 -9999.0 -9999.0 -9999.0 -9999.0 -9999.0 -9999.0 -9999.0 -9999.0 -9999.0 -9999.0 -9999.0 -9999.0 -9999.0 -9999.0 -9999.0 -9999.0 -9999.0 -9999.0 -9999.0 -9999.0 -9999.0
-9999.0 -9999.0 -9999.0 -9999.0 -9999.0 -9999.0 -9999.0 -9999.0 -9999.0 -9999.0 -9999.0 -9999.0 -9999.0 -9999.0 -9999.0 -9999.0 -9999.0 -9999.0 -9999.0 -9999.0 -9999.0 -9999.0 -9999.0 -9999.0 -9999.0 -9999.0 -9999.0 -9999.0 -9999.0 -9999.0 -9999.0 -9999.0 -9999.0 -9999.0 -9999.0 -9999.0 -9999.0 -9999.0 -9999.0 -9999.0 -9999.0 -9999.0 -9999.0 -9999.0 -9999.0 -9999.0 -9999.0 -9999.0 -9999.0 -9999.0 -9999.0 -9999.0 -9999.0 -9999.0 -9999.0 -9999.0 -9999.0 -9999.0 -9999.0 -9999.0 -9999.0 -9999.0 -9999.0 -9999.0 -9999.0 -9999.0 -9999.0 -9999.0 -9999.0 -9999.0 -9999.0 -9999.0 -9999.0 -9999.0 -9999.0 -9999.0 -9999.0 -9999.0 -9999.0 -9999.0
-9999.0 -9999.0 -9999.0 -9999.0 -9999.0 -9999.0 -9999.0 -9999.0 -9999.0 -9999.0 -9999.0 -9999.0 -9999.0 -9999.0 -9999.0 -9999.0 -9999.0 -9999.0 -9999.0 -9999.0 1350.359123 1353.191077 1332.132613 1299.604945 1273.007224 1276.682822 1312.611307 1355.493107 1395.878948 1407.205441 1390.833638 1395.091839 1391.893374 1391.222890 1394.260102 1402.113439 1407.572395 1419.299924 1428.441746 1428.899374 1423.849544 1419.841082 1421.251055 1424.258611 1429.437687 1417.067318 1430.027271 1443.788044 1447.118921 1440.366461 1411.798427 1394.735378 1383.701408 1365.945015 1388.612800 1398.359644 1419.249177 1421.674195 1418.369301 1390.186929 1359.341845 -9999.0 -9999.0 -9999.0 -9999.0 -9999.0 -9999.0 -9999.0 -9999.0 -9999.0 -9999.0 -9999.0 -9999.0 -9999.0 -9999.0 -9999.0 -9999.0 -9999.0 -9999.0 -9999.0
-9999.0 -9999.0 -9999.0 -9999.0 -9999.0 -9999.0 -9999.0 -9999.0 -9999.0 -9999.0 -9999.0 -9999.0 -9999.0 -9999.0 1256.565232 1248.002047 1246.490577 1256.083329 1290.758156 1321.961385 1334.303281 1327.887469 1329.261959 1307.009381 1287.657100 1303.143517 1334.708162 1368.146147 1404.593443 1426.351243 1416.988732 1416.411495 1427.070948 1452.498538 1465.435578 1463.463174 1444.946277 1469.357312 1485.768453 1494.965670 1495.718680 1488.402763 1501.386110 1516.957630 1509.649963 1491.872595 1496.612757 1507.358168 1517.377407 1502.478520 1437.668514 1417.326288 1410.696677 1401.946687 1385.715176 1377.639845 1401.470763 1399.506560 1389.617336 1370.212480 1336.208817 1291.151348 1271.384731 1308.945991 1351.307827 1407.231263 -9999.0 -9999.0 -9999.0 -9999.0 -9999.0 -9999.0 -9999.0 -9999.0 -9999.0 -9999.0 -9999.0 -9999.0 -9999.0 -9999.0
-9999.0 -9999.0 -9999.0 -9999.0 -9999.0 -9999.0 -9999.0 -9999.0 -9999.0 1195.281714 1200.880034 1209.354478 1213.119961 1230.045714 1228.531132 1236.994481 1245.129764 1273.789102 1306.161390 1342.428567 1372.203019 1364.832616 1366.862877 1377.798915 1381.656240 1394.941535 1418.601198 1460.954776 1501.830000 1544.177761 1517.092684 1516.347515 1536.725197 1583.764398 1615.795543 1622.662835 1605.013144 1615.730243 1641.774138 1664.585323 1665.725722 1664.493713 1690.357849 1704.646872 1704.049592 1682.604743 1670.161795 1669.601696 1693.228343 1640.023557 1572.114787 1521.750339 1525.110790 1494.095284 1455.781059 1434.756387 1430.214148 1448.395965 1431.669053 1392.856196 1355.176780 1342.321859 1323.218519 1339.090576 1359.609674 1404.095992 1441.398422 1468.335598 1466.304692 1447.779736 -9999.0 -9999.0 -9999.0 -9999.0 -9999.0 -9999.0 -9999.0 -9999.0 -9999.0 -9999.0
-9999.0 -9999.0 -9999.0 -9999.0 -9999.0 -9999.0 1114.631144 1125.183767 1146.699371 1152.155668 1179.044079 1187.645988 1209.711383 1230.471288 1253.890004 1271.752412 1303.063423 1337.585888 1379.736561 1424.055301 1457.652120 1453.900707 1466.069851 1497.063320 1536.102491 1565.497610 1592.465946 1634.722955 1712.855403 1756.593678 1763.885502 1769.886501 1780.637755 1830.112323 1894.332889 1909.159912 1889.116703 1875.247114 1896.777384 1934.581429 1941.475536 1944.200677 1956.092819 1966.032127 1991.317704 1980.328902 1939.232971 1924.243827 1921.488635 1902.615546 1839.226496 1775.360325 1741.358421 1689.823678 1605.003056 1550.001413 1556.682385 1573.618151 1542.763530 1486.721090 1444.246231 1431.708259 1414.669130 1399.801663 1404.451042 1421.641530 1441.703602 1450.898074 1435.944967 1413.123529 1389.023356 1359.101027 1360.052566 1384.534890 -9999.0 -9999.0 -9999.0 -9999.0 -9999.0 -9999.0
-9999.0 -9999.0 -9999.0 -9999.0 1063.355513 1077.104147 1065.620935 1092.182178 1126.269336 1162.002112 1195.081084 1233.235210 1262.193297 1294.358821 1336.183808 1371.400307 1414.602331 1452.065338 1508.294056 1578.031611 1630.897151 1656.240829 1673.594260 1732.983453 1795.030646 1848.075852 1870.450368 1899.676066 1945.752398 2007.436329 2035.604665 2042.960949 2061.123825 2097.701570 2146.210705 2180.040386 2163.559297 2155.779136 2162.673686 2175.566768 2200.433388 2202.958843 2205.523536 2208.308958 2212.748554 2210.685165 2184.773863 2150.114142 2134.758263 2124.153631 2092.542804 2022.253373 1981.687272 1949.774729 1913.210115 1859.661073 1796.416408 1780.836415 1721.939069 1662.270087 1598.623133 1575.656859 1543.408549 1515.976963 1485.144521 1484.679130 1485.556517 1462.522096 1427.751672 1393.508195 1376.871074 1356.789994 1344.613247 1373.832124 1390.633112 1420.290144 -9999.0 -9999.0 -9999.0 -9999.0
-9999.0 -9999.0 1002.538588 1051.418828 1109.434542 1119.214210 1120.341146 1127.682863 1157.953014 1211.951176 1287.980293 1338.944624 1382.245967 1418.673211 1480.313735 1560.072005 1633.546221 1684.329393 1746.410609 1818.160203 1881.781730 1916.725295 1935.634882 1976.091401 2030.874436 2094.005392 2121.819609 2149.121258 2181.784451 2217.093274 2227.236893 2241.411390 2250.541146 2254.788532 2261.689258 2264.053718 2259.075628 2253.040870 2234.184368 2230.304127 2237.807817 2244.123946 2245.705094 2232.372390 2228.336287 2241.637135 2245.203326 2243.563278 2242.306979 2248.887467 2250.935845 2210.320054 2174.335220 2157.717943 2145.768035 2100.145621 2034.475769 1992.398867 1967.936867 1923.302741 1844.531095 1792.693113 1741.175266 1691.508323 1637.592783 1605.075899 1556.215241 1511.138347 1462.116784 1413.835422 1388.672885 1369.486230 1365.943785 1364.725401 1380.035369 1394.547559 1409.263963 1416.711920 -9999.0 -9999.0
-9999.0 898.148427 970.762150 1097.175945 1178.174886 1223.436462 1254.336784 1277.229125 1307.995656 1337.451523 1442.332448 1528.866695 1621.382477 1661.639633 1713.940504 1812.508735 1908.630612 1956.408300 1996.367978 2054.627665 2116.366785 2165.230617 2195.153576 2203.917796 2239.115099 2254.665606 2258.701729 2262.770179 2259.927254 2252.572736 2244.411658 2250.630080 2246.700922 2227.402174 2210.984598 2207.376982 2200.959215 2175.272353 2145.415762 2129.664512 2131.756340 2155.063015 2142.946626 2122.330726 2118.641281 2140.058097 2160.115216 2151.832498 2140.665613 2159.492051 2194.682338 2217.523407 2227.077479 2243.987716 2264.532097 2238.345135 2210.204259 2167.416743 2146.619590 2116.393956 2056.808079 1994.680745 1938.758834 1877.027302 1809.424327 1740.670651 1675.593877 1611.762176 1543.552724 1500.653052 1468.278836 1417.567589 1396.221021 1397.125084 1387.456265 1383.605914 1388.729285 1394.614343 -9999.0 -9999.0
-9999.0 815.750562 958.063492 1142.428997 1291.406524 1349.793319 1448.689925 1527.083715 1556.158699 1527.726923 1636.942314 1856.698879 1963.075918 1983.078795 2056.963768 2147.197025 2164.118996 2197.738474 2221.204402 2234.092109 2244.676575 2256.086393 2255.650815 2251.009389 2236.787594 2229.019335 2227.341652 2223.716511 2205.085887 2184.755187 2166.185162 2160.814534 2140.889466 2095.170241 2061.172010 2042.827268 2025.070228 2004.214702 1970.650310 1942.866472 1927.132145 1941.957866 1935.785889 1919.470382 1915.885008 1938.042566 1970.729878 1968.067190 1977.911537 2000.837182 2041.223176 2081.798097 2105.436313 2136.828413 2174.776206 2220.260241 2235.649596 2257.532701 2261.449482 2242.839807 2197.401571 2143.405521 2107.111164 2042.473326 1968.047142 1887.815227 1820.799488 1756.254666 1685.255410 1637.960257 1590.641950 1533.134030 1479.500934 1456.993781 1416.958959 1396.919576 -9999.0 -9999.0 -9999.0 -9999.0
-9999.0 733.942771 921.151362 1177.548551 1456.526237 1564.381581 1769.149907 1897.186168 1954.378145 2023.777771 1992.611593 2147.842551 2190.568307 2188.437374 2190.986125 2196.772420 2213.720121 2218.107875 2215.542429 2206.427091 2198.084379 2194.576791 2193.561777 2186.018038 2173.282924 2157.494814 2142.845289 2128.330774 2088.828733 2054.081778 2016.385176 2000.201064 1959.209810 1866.648672 1823.231167 1786.060905 1728.109056 1721.538321 1715.711741 1686.855180 1666.683823 1645.028001 1667.615330 1672.886153 1675.812070 1678.913151 1695.867777 1721.276642 1767.288838 1804.858599 1849.977539 1903.272212 1939.240263 1983.822251 2030.773540 2087.675636 2121.906872 2154.191816 2202.864237 2242.173624 2265.203703 2252.728194 2224.294491 2175.140074 2101.084294 2031.421992 1978.306348 1901.979750 1835.789905 1782.539240 1737.026956 1686.847906 1622.559660 1544.929812 1503.060343 -9999.0 -9999.0 -9999.0 -9999.0 -9999.0
-9999.0 549.112986 816.340653 1101.843761 1411.678155 1741.701519 1880.261372 2005.852824 2078.119725 2047.695292 2057.269243 2078.180941 2121.673393 2131.928322 2114.003867 2106.257052 2095.451551 2096.237311 2109.725836 2083.857735 2054.500717 2041.104544 2040.506356 2028.396062 2004.415777 1986.695349 1973.493096 1951.610272 1902.407750 1850.060752 1767.265381 1735.387038 1658.166194 1602.741094 1558.333304 1508.404005 1457.639333 1456.162820 1473.187504 1458.277729 1435.718647 1417.209223 1444.041810 1462.309483 1474.965420 1463.688921 1473.281528 1509.873601 1560.067450 1605.012713 1655.828435 1711.530531 1759.032996 1807.573196 1840.385065 1891.503407 1940.624839 1988.630334 2063.292979 2143.011085 2180.973277 2215.703646 2246.731813 2259.858212 2204.401709 2150.585911 2093.167189 2026.428729 1942.949936 1896.051032 1871.897097 1832.189010 1777.755431 -9999.0 -9999.0 -9999.0 -9999.0 -9999.0 -9999.0 -9999.0
-9999.0 424.403505 640.304595 865.663185 1146.592566 1384.121549 1582.707149 1690.406540 1769.634208 1809.260090 1846.716929 1882.621686 1914.654729 1938.891757 1918.923662 1880.276619 1852.304201 1857.016800 1852.664384 1829.249475 1799.866673 1784.912925 1782.041886 1774.707923 1749.895106 1734.833420 1723.172770 1699.404994 1665.031347 1608.419400 1528.876055 1455.693121 1394.636957 1363.090119 1333.416218 1300.762080 1265.454279 1275.287157 1287.367000 1283.743582 1273.275674 1270.449199 1299.558320 1318.737682 1329.044690 1317.887956 1337.483382 1364.499655 1406.490221 1450.211513 1500.091303 1556.129391 1610.824036 1641.024073 1655.862340 1682.439580 1723.167343 1778.259309 1865.071134 1960.119880 2038.471225 2087.437900 2137.752065 2170.259386 2180.870090 2186.830847 2155.927133 2070.097609 1958.697206 1948.420251 1947.990980 -9999.0 -9999.0 -9999.0 -9999.0 -9999.0 -9999.0 -9999.0 -9999.0 -9999.0
-9999.0 -9999.0 407.799954 582.984607 717.603375 896.264260 1046.493485 1157.022572 1247.140066 1362.431379 1468.584608 1553.326040 1598.471390 1616.714179 1603.133313 1570.631147 1549.853386 1549.998268 1539.840323 1529.226510 1509.280464 1501.170862 1489.720384 1481.082379 1470.742553 1464.714087 1458.631622 1446.394844 1423.604102 1376.305552 1327.727508 1276.326651 1222.997510 1197.211712 1175.079939 1153.424366 1151.964288 1147.781163 1153.182413 1154.554963 1161.372471 1173.934658 1194.011017 1216.080453 1225.974267 1235.026132 1247.763791 1271.781698 1305.218701 1347.942743 1402.417648 1460.752697 1501.318937 1514.959559 1506.365892 1512.572201 1534.158895 1577.933540 1659.768678 1744.622590 1840.287458 1911.556026 1982.239169 2032.969341 2046.756305 2058.063322 2066.550548 2004.190861 1810.224071 1888.909170 -9999.0 -9999.0 -9999.0 -9999.0 -9999.0 -9999.0 -9999.0 -9999.0 -9999.0 -9999.0
-9999.0 -9999.0 -9999.0 -9999.0 442.069966 596.646951 693.891433 777.423441 906.326740 1026.387398 1126.223057 1209.072324 1270.772883 1297.244645 1292.986134 1298.202190 1293.691021 1287.732430 1278.099732 1276.913323 1275.531464 1267.907498 1253.570321 1245.890448 1246.330173 1250.692914 1247.582675 1233.325500 1215.020351 1191.943366 1171.178309 1136.533950 1100.334721 1070.890511 1057.481793 1051.549334 1051.154779 1044.154916 1052.774119 1059.976681 1075.105196 1090.297766 1114.054219 1143.042017 1156.820368 1171.672164 1181.569820 1202.298415 1232.944197 1286.612811 1350.358872 1408.566919 1444.901138 1449.935282 1425.987587 1411.353098 1408.685538 1437.681381 1483.861210 1552.356615 1654.873339 1728.677512 1786.317306 1830.392402 1860.821845 1902.967835 1946.629167 1973.009966 -9999.0 -9999.0 -9999.0 -9999.0 -9999.0 -9999.0 -9999.0 -9999.0 -9999.0 -9999.0 -9999.0 -9999.0
-9999.0 -9999.0 -9999.0 -9999.0 -9999.0 -9999.0 401.064162 502.352311 582.980473 720.353931 849.451988 949.836940 1029.548915 1060.850414 1086.670582 1113.160966 1111.273608 1093.125849 1074.308336 1092.821808 1106.235198 1100.290030 1070.342167 1069.653199 1074.095259 1082.060134 1079.543354 1072.741820 1047.281112 1058.150641 1058.338633 1034.778929 1008.471987 994.342756 982.323034 991.798415 991.940272 978.318700 978.944627 1005.612569 1025.780473 1038.914580 1060.760670 1093.974198 1126.336593 1141.563648 1143.028896 1149.308810 1189.603628 1260.053823 1331.896005 1387.540045 1420.338234 1428.885462 1402.195214 1362.752199 1343.028172 1350.957305 1386.670139 1440.353691 1517.119421 1567.110812 1593.754732 1607.654380 1625.945992 1715.407106 -9999.0 -9999.0 -9999.0 -9999.0 -9999.0 -9999.0 -9999.0 -9999.0 -9999.0 -9999.0 -9999.0 -9999.0 -9999.0 -9999.0
-9999.0 -9999.0 -9999.0 -9999.0 -9999.0 -9999.0 -9999.0 -9999.0 -9999.0 -9999.0 -9999.0 -9999.0 -9999.0 -9999.0 -9999.0 -9999.0 -9999.0 -9999.0 -9999.0 -9999.0 -9999.0 -9999.0 -9999.0 -9999.0 -9999.0 -9999.0 -9999.0 -9999.0 -9999.0 -9999.0 -9999.0 -9999.0 -9999.0 -9999.0 -9999.0 -9999.0 -9999.0 -9999.0 -9999.0 -9999.0 -9999.0 -9999.0 -9999.0 -9999.0 -9999.0 -9999.0 -9999.0 -9999.0 -9999.0 -9999.0 -9999.0 -9999.0 -9999.0 -9999.0 -9999.0 -9999.0 -9999.0 -9999.0 -9999.0 -9999.0 -9999.0 -9999.0 -9999.0 -9999.0 -9999.0 -9999.0 -9999.0 -9999.0 -9999.0 -9999.0 -9999.0 -9999.0 -9999.0 -9999.0 -9999.0 -9999.0 -9999.0 -9999.0 -9999.0 -9999.0
-9999.0 -9999.0 -9999.0 -9999.0 -9999.0 -9999.0 -9999.0 -9999.0 -9999.0 -9999.0 -9999.0 -9999.0 -9999.0 -9999.0 -9999.0 -9999.0 -9999.0 -9999.0 -9999.0 -9999.0 -9999.0 -9999.0 -9999.0 -9999.0 -9999.0 -9999.0 -9999.0 -9999.0 -9999.0 -9999.0 -9999.0 -9999.0 -9999.0 -9999.0 -9999.0 -9999.0 -9999.0 -9999.0 -9999.0 -9999.0 -9999.0 -9999.0 -9999.0 -9999.0 -9999.0 -9999.0 -9999.0 -9999.0 -9999.0 -9999.0 -9999.0 -9999.0 -9999.0 -9999.0 -9999.0 -9999.0 -9999.0 -9999.0 -9999.0 -9999.0 -9999.0 -9999.0 -9999.0 -9999.0 -9999.0 -9999.0 -9999.0 -9999.0 -9999.0 -9999.0 -9999.0 -9999.0 -9999.0 -9999.0 -9999.0 -9999.0 -9999.0 -9999.0 -9999.0 -9999.0