Borden_/Borden1m_014/output_maps/psiliqL0024N0022.asc
ncols         80
nrows         18
xllcorner     620200.000000
yllcorner     5168000.000000
cellsize      1.000000
NODATA_value  -9999.0
-9999.0 -9999.0 -9999.0 -9999.0 -9999.0 -9999.0 -9999.0 -9999.0 -9999.0 -9999.0 -9999.0 -9999.0 -9999.0 -9999.0 -9999.0 -9999.0 -9999.0 -9999.0 -9999.0 -9999.0 -9999.0 -9999.0 -9999.0 -9999.0 -9999.0 -9999.0 -9999.0 -9999.0 -9999.0 -9999.0 -9999.0 -9999.0 -9999.0 -9999.0 -9999.0 -9999.0 -9999.0 -9999.0 -9999.0 -9999.0 -9999.0 -9999.0 -9999.0 -9999.0 -9999.0 -9999.0 -9999.0 -9999.0 -9999.0 -9999.0 -9999.0 -9999.0 -9999.0 -9999.0 -9999.0 -9999.0 -9999.0 -9999.0 -9999.0 -9999.0 -9999.0 -9999.0 -9999.0 -9999.0 -9999.0 -9999.0 -9999.0 -9999.0 -9999.0 -9999.0 -9999.0 -9999.0 -9999.0 -9999.0 -9999.0 -9999.0 -9999.0 -9999.0 -9999.0 -9999.0
-9999.0 -9999.0 -9999.0 -9999.0 -9999.0 -9999.0 -9999.0 -9999.0 -9999.0 -9999.0 -9999.0 -9999.0 -9999.0 -9999.0 -9999.0 -9999.0 -9999.0 -9999.0 -9999.0 -9999.0 -9999.0 -9999.0 -9999.0 -9999.0 -9999.0 -9999.0 -9999.0 -9999.0 -9999.0 -9999.0 -9999.0 -9999.0 -9999.0 -9999.0 -9999.0 -9999.0 -9999.0 -9999.0 -9999.0 -9999.0 -9999.0 -9999.0 -9999.0 -9999.0 -9999.0 -9999.0 -9999.0 -9999.0 -9999.0 -9999.0 -9999.0 -9999.0 -9999.0 -9999.0 -9999.0 -9999.0 -9999.0 -9999.0 -9999.0 -9999.0 -9999.0 -9999.0 -9999.0 -9999.0 -9999.0 -9999.0 -9999.0 -9999.0 -9999.0 -9999.0 -9999.0 -9999.0 -9999.0 -9999.0 -9999.0 -9999.0 -9999.0 -9999.0 -9999.0 -9999.0
-9999.0 -9999.0 -9999.0 -9999.0 -9999.0 -9999.0 -9999.0 -9999.0 -9999.0 -9999.0 -9999.0 -9999.0 -9999.0 -9999.0 -9999.0 -9999.0 -9999.0 -9999.0 -9999.0 -9999.0 2930.604603 2931.907547 2910.301368 2876.434891 2848.422265 2850.459949 2883.719109 2924.418092 2963.139269 2970.967295 2952.199330 2955.959128 2951.678692 2947.689834 2948.395617 2956.149921 2962.719529 2972.464022 2979.568803 2977.492119 2970.286481 2965.207058 2967.342251 2969.108179 2975.213283 2961.357813 2976.981444 2981.488938 2986.373551 2983.660751 2970.025334 2957.382612 2948.997201 2933.211792 2959.225996 2970.728345 2987.284467 2992.069708 2990.482570 2969.123364 2939.131156 -9999.0 -9999.0 -9999.0 -9999.0 -9999.0 -9999.0 -9999.0 -9999.0 -9999.0 -9999.0 -9999.0 -9999.0 -9999.0 -9999.0 -9999.0 -9999.0 -9999.0 -9999.0 -9999.0
-9999.0 -9999.0 -9999.0 -9999.0 -9999.0 -9999.0 -9999.0 -9999.0 -9999.0 -9999.0 -9999.0 -9999.0 -9999.0 -9999.0 2839.923268 2831.101759 2828.318548 2835.839644 2868.500101 2898.727434 2910.401159 2902.990792 2902.881569 2878.409738 2856.009778 2868.877749 2898.249625 2928.437254 2961.694408 2979.299744 2968.261840 2965.839151 2973.254746 2982.272603 2990.493110 2986.862213 2981.552941 2992.689782 3005.821687 3010.460446 3008.378878 2998.529229 3007.645506 3021.708718 3014.681136 2999.367816 3009.729481 3024.419833 3035.686521 3027.315699 2980.873914 2967.757464 2964.332540 2959.901496 2946.766479 2942.784213 2970.656753 2969.992781 2962.585553 2945.470831 2912.433028 2867.526467 2848.789021 2889.152361 2932.877692 2985.286363 -9999.0 -9999.0 -9999.0 -9999.0 -9999.0 -9999.0 -9999.0 -9999.0 -9999.0 -9999.0 -9999.0 -9999.0 -9999.0 -9999.0
-9999.0 -9999.0 -9999.0 -9999.0 -9999.0 -9999.0 -9999.0 -9999.0 -9999.0 2797.654785 2788.156189 2795.034748 2797.308419 2812.487355 2809.319217 2816.219818 2820.651384 2847.759931 2877.334683 2910.899745 2937.739310 2928.700719 2927.290544 2931.977369 2927.717250 2936.119364 2956.480301 2982.119953 3013.462971 3048.594219 3015.223620 3010.255806 3027.525651 3068.979255 3092.907038 3095.229078 3076.668232 3091.921322 3115.224024 3131.292185 3127.785046 3121.975268 3147.381159 3162.199075 3157.104743 3136.112770 3133.781293 3140.665034 3169.630493 3119.614597 3054.770794 3015.749828 3030.853168 3009.554477 2983.051192 2982.376820 2982.657325 2993.722643 2982.269018 2956.530950 2923.373671 2911.943271 2895.157687 2915.688100 2938.915183 2980.683666 3020.789104 3050.854283 3050.758386 3033.779163 -9999.0 -9999.0 -9999.0 -9999.0 -9999.0 -9999.0 -9999.0 -9999.0 -9999.0 -9999.0
-9999.0 -9999.0 -9999.0 -9999.0 -9999.0 -9999.0 2716.521092 2728.165536 2750.531264 2754.838673 2783.064269 2790.150262 2788.093954 2805.286965 2826.807046 2839.960408 2865.457710 2895.510929 2931.618585 2969.651367 2987.769699 2986.915081 2981.304947 3001.111796 3028.534050 3047.955742 3069.995326 3106.844520 3176.401784 3212.303048 3206.169440 3207.045459 3215.149260 3264.859577 3328.417556 3339.714346 3319.181547 3305.897349 3328.759097 3365.546915 3364.272875 3363.124086 3375.351481 3385.843831 3412.526802 3402.177491 3366.587634 3360.423673 3366.188224 3344.823938 3277.763496 3220.672965 3200.984341 3157.138410 3075.422964 3032.144049 3054.195946 3081.393658 3059.672714 3010.915848 2988.585690 2982.577130 2971.007414 2963.287280 2975.008745 2991.560436 3015.989750 3030.141680 3018.719891 2998.401109 2979.706831 2951.414976 2953.826902 2978.743819 -9999.0 -9999.0 -9999.0 -9999.0 -9999.0 -9999.0
-9999.0 -9999.0 -9999.0 -9999.0 2664.625748 2678.894549 2666.278317 2694.426738 2728.914552 2765.006249 2794.986911 2803.590444 2826.672101 2853.548316 2887.082391 2910.478514 2943.533072 2973.485113 3009.477129 3070.242755 3114.214847 3128.085730 3136.317145 3185.157521 3240.991131 3287.968775 3306.318683 3331.630126 3375.819093 3431.765924 3454.093050 3457.126761 3473.967004 3515.921464 3570.705708 3605.361434 3587.954958 3579.182178 3588.622018 3602.356745 3624.481842 3624.571128 3625.669101 3629.496425 3636.729567 3635.250778 3609.313903 3576.202712 3563.396985 3553.610218 3517.123098 3446.090007 3415.362607 3387.263752 3347.129190 3294.122242 3245.318705 3245.062280 3191.452105 3139.375569 3089.106504 3080.308521 3059.729297 3043.624162 3025.789466 3037.531329 3049.173214 3034.234260 3004.797436 2979.686585 2966.351899 2948.445142 2937.040429 2967.882201 2984.056147 3013.798889 -9999.0 -9999.0 -9999.0 -9999.0
-9999.0 -9999.0 2602.547875 2649.576243 2708.504610 2717.248649 2714.425650 2720.831417 2750.922713 2803.973028 2840.310713 2877.925440 2908.135479 2938.368969 2978.438906 3041.023544 3100.863830 3142.661362 3197.563615 3265.658382 3324.116610 3350.916065 3359.953886 3394.711810 3448.437248 3515.869341 3543.276958 3569.238686 3600.248596 3635.762790 3630.261021 3641.348997 3653.196860 3664.577797 3678.266764 3684.711250 3680.079661 3675.530040 3657.108613 3652.157413 3658.687255 3666.257991 3665.594865 3651.103431 3647.144671 3661.950906 3667.872887 3666.000074 3663.547008 3668.732497 3665.351007 3618.452478 3598.285782 3583.473054 3572.501187 3527.020303 3461.244884 3428.422022 3407.778541 3367.965517 3295.310766 3257.132632 3217.682141 3182.746680 3146.452403 3132.277029 3099.341217 3067.110892 3028.406755 2987.818697 2973.121384 2958.051315 2957.161231 2957.349909 2974.688726 2988.800299 3004.783653 3012.880017 -9999.0 -9999.0
-9999.0 2493.004801 2564.768904 2688.594171 2768.758196 2794.227455 2805.748219 2811.253965 2836.454573 2867.475375 2955.270693 2998.475258 3080.337254 3115.978987 3156.370725 3243.767578 3336.107808 3378.156674 3415.814359 3477.447517 3541.535444 3587.832618 3613.761867 3596.992702 3635.209793 3662.110283 3669.300430 3675.633713 3674.958275 3666.514792 3659.741273 3666.515438 3663.686862 3644.779146 3628.963099 3627.311263 3623.970142 3600.893413 3573.572869 3558.388417 3560.057753 3584.701424 3571.810372 3550.556121 3546.188071 3567.662066 3588.555333 3578.026330 3564.983850 3581.457214 3615.697671 3639.825096 3642.177794 3660.369768 3681.404846 3652.903342 3630.659554 3587.581911 3570.954796 3545.765889 3489.718232 3435.066924 3387.446333 3339.263032 3286.937576 3237.560257 3190.115921 3144.335792 3090.956010 3058.201987 3033.816604 2990.719487 2981.325551 2983.786417 2980.703576 2978.839996 2984.102910 2990.729793 -9999.0 -9999.0
-9999.0 2399.102828 2539.011250 2719.152547 2851.708060 2894.009900 2960.610418 3010.271778 3023.958192 2983.421904 3070.703932 3282.845450 3398.985572 3414.881492 3488.312987 3580.671261 3567.923106 3598.457105 3620.837880 3643.722464 3662.176468 3675.463912 3673.475896 3668.014352 3651.728271 3643.770332 3642.944885 3640.906750 3623.745480 3605.002927 3588.360724 3585.436696 3567.945856 3519.836075 3487.137049 3470.248181 3452.404546 3438.661167 3411.104663 3385.485004 3369.843191 3380.999216 3378.436818 3364.665607 3360.233986 3378.489294 3409.265194 3406.568870 3417.210231 3436.562525 3471.872661 3509.314446 3528.373287 3557.099651 3592.357938 3639.259601 3648.825436 3671.037765 3674.236593 3662.620062 3616.940799 3566.112765 3537.042161 3482.329267 3422.946789 3361.610571 3313.269859 3268.889133 3214.236237 3180.090739 3141.733803 3088.367027 3044.706778 3035.708022 3002.144442 2988.556401 -9999.0 -9999.0 -9999.0 -9999.0
-9999.0 2300.405531 2481.380263 2724.297688 2999.169052 3073.461085 3270.581430 3382.929031 3421.679143 3487.171973 3381.728230 3576.145684 3625.060582 3619.059177 3631.179158 3633.776634 3647.617816 3647.197774 3642.139029 3631.284379 3621.918401 3617.518193 3616.388279 3608.518017 3595.992482 3581.488867 3569.745719 3558.576588 3522.505485 3491.060691 3453.047440 3440.923808 3398.142654 3307.686200 3269.166340 3231.866464 3172.808244 3174.720902 3180.633817 3158.584777 3139.489508 3112.807533 3141.119528 3150.698907 3154.448481 3150.912857 3161.272928 3186.515842 3232.818459 3266.457243 3305.026702 3352.285467 3381.922655 3420.644346 3460.456840 3512.262550 3542.825779 3571.383820 3619.317139 3656.093356 3678.611590 3665.157654 3645.735972 3602.152988 3542.460621 3493.481556 3465.096463 3415.434427 3372.445990 3328.984520 3282.819618 3230.353633 3170.062945 3114.952593 3080.778302 -9999.0 -9999.0 -9999.0 -9999.0 -9999.0
-9999.0 2084.099212 2348.636627 2618.712685 2885.705065 3216.753029 3377.643953 3473.339162 3535.021571 3513.591869 3532.829371 3540.202638 3576.772127 3583.381090 3561.887599 3548.606620 3531.777874 3530.689630 3543.682632 3516.738568 3487.007659 3473.951319 3474.792621 3464.090924 3440.613133 3425.740240 3416.436739 3398.421272 3355.868905 3306.689720 3224.338419 3191.946555 3117.056052 3077.011968 3040.511742 2994.404914 2961.724827 2966.489058 2979.366086 2980.779049 2960.244966 2943.242749 2972.163912 2981.662869 2994.468410 2978.845092 2985.489285 3019.362986 3065.306447 3105.043863 3148.454909 3194.116683 3235.050642 3274.151923 3295.644950 3335.457221 3376.789823 3417.811843 3487.062905 3563.952822 3598.879743 3632.860021 3662.425487 3684.006488 3641.577936 3614.704015 3591.481483 3568.647395 3523.142210 3478.182715 3437.683504 3374.190135 3314.797013 -9999.0 -9999.0 -9999.0 -9999.0 -9999.0 -9999.0 -9999.0
-9999.0 1969.746528 2166.933552 2364.356612 2620.765967 2833.242662 3041.335648 3131.676564 3199.711875 3263.554160 3313.383988 3349.418423 3374.971184 3396.060092 3373.353867 3328.687483 3297.106301 3301.902468 3293.843083 3272.652843 3245.108875 3232.266233 3230.075589 3225.338403 3204.151767 3193.824977 3187.126110 3171.090489 3145.560467 3093.761810 3022.772083 2962.916608 2909.308785 2888.429020 2865.153899 2837.815175 2810.472550 2823.500061 2836.027048 2836.106800 2829.322236 2829.251395 2858.282527 2877.510206 2887.049299 2876.096641 2894.372012 2917.896827 2955.273151 2985.361589 3029.416888 3078.794471 3126.591159 3146.864013 3149.666892 3162.103388 3188.054192 3231.135714 3306.977854 3391.902692 3467.564883 3512.166387 3562.260408 3601.474285 3628.748500 3655.128049 3676.332723 3668.484951 3643.302377 3610.434134 3552.785221 -9999.0 -9999.0 -9999.0 -9999.0 -9999.0 -9999.0 -9999.0 -9999.0 -9999.0
-9999.0 -9999.0 1940.157538 2096.401418 2199.863695 2365.298070 2510.398541 2620.568967 2724.147494 2823.882472 2942.782063 3021.496838 3066.458636 3081.484821 3067.413124 3038.376131 3020.640282 3020.343003 3009.024799 3002.289906 2987.481740 2982.302657 2984.335353 2976.959432 2972.179151 2971.087326 2968.770764 2960.916709 2944.044312 2902.527372 2864.522411 2820.372209 2808.968479 2785.173433 2764.917800 2745.920563 2748.077708 2742.214402 2746.714270 2748.873678 2757.734875 2771.489996 2790.934106 2791.321589 2800.791708 2810.717080 2821.721152 2843.484226 2873.509349 2913.414142 2964.708135 3011.545289 3046.750493 3053.402611 3035.751549 3031.189816 3039.864660 3069.215347 3133.050473 3200.069534 3288.183778 3352.598250 3418.734128 3473.859320 3500.002637 3536.362166 3605.332602 3653.266718 3694.190168 3671.874758 -9999.0 -9999.0 -9999.0 -9999.0 -9999.0 -9999.0 -9999.0 -9999.0 -9999.0 -9999.0
-9999.0 -9999.0 -9999.0 -9999.0 1957.114071 2105.448617 2203.249820 2283.970597 2418.180930 2548.604576 2656.172714 2744.308408 2813.907972 2798.580725 2798.569723 2813.749706 2812.370785 2803.669418 2792.965552 2796.972124 2801.030491 2795.188671 2827.850281 2820.708454 2823.106403 2829.392045 2826.354358 2812.403026 2793.397783 2776.864350 2761.795564 2729.862921 2697.081637 2668.827210 2656.215738 2652.327876 2651.969117 2643.792187 2651.792265 2660.227762 2675.874125 2690.905566 2714.373747 2743.601995 2758.516288 2773.838345 2783.457999 2803.250188 2811.430077 2862.637001 2924.281486 2980.426399 3007.736671 3007.906356 2987.641441 2966.944723 2955.970141 2974.999218 2993.008852 3044.330517 3133.230131 3192.973344 3238.718177 3277.850686 3314.014649 3377.784165 3470.498679 3550.785341 -9999.0 -9999.0 -9999.0 -9999.0 -9999.0 -9999.0 -9999.0 -9999.0 -9999.0 -9999.0 -9999.0 -9999.0
-9999.0 -9999.0 -9999.0 -9999.0 -9999.0 -9999.0 1931.685577 2037.287501 2106.974812 2258.898322 2403.354052 2511.714391 2596.302890 2632.894431 2667.573806 2698.922573 2700.169977 2680.807571 2659.685151 2681.195123 2699.603864 2693.067095 2661.238344 2661.964859 2668.017874 2675.189748 2672.017855 2665.472147 2640.392063 2656.005163 2659.614831 2636.817220 2611.465087 2598.564020 2587.008090 2596.719809 2596.623743 2582.062241 2580.958205 2608.507696 2629.351874 2642.174200 2663.280593 2696.563090 2729.346897 2745.482357 2747.138290 2752.863919 2790.701038 2839.502482 2910.099982 2964.808647 2990.085969 2994.595719 2971.147454 2927.170144 2902.065912 2902.369333 2928.240123 2969.500682 3016.923760 3053.221664 3065.157007 3067.226209 3079.994614 3175.537832 -9999.0 -9999.0 -9999.0 -9999.0 -9999.0 -9999.0 -9999.0 -9999.0 -9999.0 -9999.0 -9999.0 -9999.0 -9999.0 -9999.0
-9999.0 -9999.0 -9999.0 -9999.0 -9999.0 -9999.0 -9999.0 -9999.0 -9999.0 -9999.0 -9999.0 -9999.0 -9999.0 -9999.0 -9999.0 -9999.0 -9999.0 -9999.0 -9999.0 -9999.0 -9999.0 -9999.0 -9999.0 -9999.0 -9999.0 -9999.0 -9999.0 -9999.0 -9999.0 -9999.0 -9999.0 -9999.0 -9999.0 -9999.0 -9999.0 -9999.0 -9999.0 -9999.0 -9999.0 -9999.0 -9999.0 -9999.0 -9999.0 -9999.0 -9999.0 -9999.0 -9999.0 -9999.0 -9999.0 -9999.0 -9999.0 -9999.0 -9999.0 -9999.0 -9999.0 -9999.0 -9999.0 -9999.0 -9999.0 -9999.0 -9999.0 -9999.0 -9999.0 -9999.0 -9999.0 -9999.0 -9999.0 -9999.0 -9999.0 -9999.0 -9999.0 -9999.0 -9999.0 -9999.0 -9999.0 -9999.0 -9999.0 -9999.0 -9999.0 -9999.0
-9999.0 -9999.0 -9999.0 -9999.0 -9999.0 -9999.0 -9999.0 -9999.0 -9999.0 -9999.0 -9999.0 -9999.0 -9999.0 -9999.0 -9999.0 -9999.0 -9999.0 -9999.0 -9999.0 -9999.0 -9999.0 -9999.0 -9999.0 -9999.0 -9999.0 -9999.0 -9999.0 -9999.0 -9999.0 -9999.0 -9999.0 -9999.0 -9999.0 -9999.0 -9999.0 -9999.0 -9999.0 -9999.0 -9999.0 -9999.0 -9999.0 -9999.0 -9999.0 -9999.0 -9999.0 -9999.0 -9999.0 -9999.0 -9999.0 -9999.0 -9999.0 -9999.0 -9999.0 -9999.0 -9999.0 -9999.0 -9999.0 -9999.0 -9999.0 -9999.0 -9999.0 -9999.0 -9999.0 -9999.0 -9999.0 -9999.0 -9999.0 -9999.0 -9999.0 -9999.0 -9999.0 -9999.0 -9999.0 -9999.0 -9999.0 -9999.0 -9999.0 -9999.0 -9999.0 -9999.0