Borden_/Borden1m_014/output_maps/psiliqL0012N0016.asc
ncols         80
nrows         18
xllcorner     620200.000000
yllcorner     5168000.000000
cellsize      1.000000
NODATA_value  -9999.0
-9999.0 -9999.0 -9999.0 -9999.0 -9999.0 -9999.0 -9999.0 -9999.0 -9999.0 -9999.0 -9999.0 -9999.0 -9999.0 -9999.0 -9999.0 -9999.0 -9999.0 -9999.0 -9999.0 -9999.0 -9999.0 -9999.0 -9999.0 -9999.0 -9999.0 -9999.0 -9999.0 -9999.0 -9999.0 -9999.0 -9999.0 -9999.0 -9999.0 -9999.0 -9999.0 -9999.0 -9999.0 -9999.0 -9999.0 -9999.0 -9999.0 -9999.0 -9999.0 -9999.0 -9999.0 -9999.0 -9999.0 -9999.0 -9999.0 -9999.0 -9999.0 -9999.0 -9999.0 -9999.0 -9999.0 -9999.0 -9999.0 -9999.0 -9999.0 -9999.0 -9999.0 -9999.0 -9999.0 -9999.0 -9999.0 -9999.0 -9999.0 -9999.0 -9999.0 -9999.0 -9999.0 -9999.0 -9999.0 -9999.0 -9999.0 -9999.0 -9999.0 -9999.0 -9999.0 -9999.0
-9999.0 -9999.0 -9999.0 -9999.0 -9999.0 -9999.0 -9999.0 -9999.0 -9999.0 -9999.0 -9999.0 -9999.0 -9999.0 -9999.0 -9999.0 -9999.0 -9999.0 -9999.0 -9999.0 -9999.0 -9999.0 -9999.0 -9999.0 -9999.0 -9999.0 -9999.0 -9999.0 -9999.0 -9999.0 -9999.0 -9999.0 -9999.0 -9999.0 -9999.0 -9999.0 -9999.0 -9999.0 -9999.0 -9999.0 -9999.0 -9999.0 -9999.0 -9999.0 -9999.0 -9999.0 -9999.0 -9999.0 -9999.0 -9999.0 -9999.0 -9999.0 -9999.0 -9999.0 -9999.0 -9999.0 -9999.0 -9999.0 -9999.0 -9999.0 -9999.0 -9999.0 -9999.0 -9999.0 -9999.0 -9999.0 -9999.0 -9999.0 -9999.0 -9999.0 -9999.0 -9999.0 -9999.0 -9999.0 -9999.0 -9999.0 -9999.0 -9999.0 -9999.0 -9999.0 -9999.0
-9999.0 -9999.0 -9999.0 -9999.0 -9999.0 -9999.0 -9999.0 -9999.0 -9999.0 -9999.0 -9999.0 -9999.0 -9999.0 -9999.0 -9999.0 -9999.0 -9999.0 -9999.0 -9999.0 -9999.0 542.808265 545.876789 524.203601 491.230829 464.113633 467.310897 503.103664 545.242214 584.349740 595.383798 578.625865 582.358392 579.671389 581.007267 585.449064 593.279063 597.873902 609.655000 618.190050 617.642218 611.203068 605.600671 605.213117 608.317503 613.560352 603.495787 617.550800 632.929287 638.214345 631.999556 603.067440 585.152420 574.239028 557.222023 580.164280 590.829816 612.268792 615.081415 612.282912 584.270276 553.571820 -9999.0 -9999.0 -9999.0 -9999.0 -9999.0 -9999.0 -9999.0 -9999.0 -9999.0 -9999.0 -9999.0 -9999.0 -9999.0 -9999.0 -9999.0 -9999.0 -9999.0 -9999.0 -9999.0
-9999.0 -9999.0 -9999.0 -9999.0 -9999.0 -9999.0 -9999.0 -9999.0 -9999.0 -9999.0 -9999.0 -9999.0 -9999.0 -9999.0 449.403393 440.173022 438.158769 447.643519 482.462719 513.648306 526.379775 519.667581 520.750376 498.581391 479.838695 495.554191 526.564572 559.164095 594.484945 615.841062 605.574300 605.543337 618.992930 649.027670 665.233939 664.216246 645.208527 668.974770 684.874041 693.152221 691.731171 682.719684 695.881298 711.612206 704.817879 687.930010 693.419199 706.016883 718.927319 703.364044 636.535095 612.492230 604.744884 595.339122 579.614060 571.518685 594.873528 593.310666 583.298373 563.950441 530.393751 485.689876 466.533118 504.307314 547.594018 604.504270 -9999.0 -9999.0 -9999.0 -9999.0 -9999.0 -9999.0 -9999.0 -9999.0 -9999.0 -9999.0 -9999.0 -9999.0 -9999.0 -9999.0
-9999.0 -9999.0 -9999.0 -9999.0 -9999.0 -9999.0 -9999.0 -9999.0 -9999.0 390.377783 394.947465 402.715657 405.515109 421.884227 420.424956 428.448881 436.989064 465.115895 497.990318 535.030502 565.354281 557.432551 559.734352 573.568700 582.514184 598.332977 621.821893 663.478320 705.127123 747.885834 722.039668 724.400710 751.764284 810.081247 850.039063 860.097958 843.617534 851.598340 876.258857 897.415383 894.928527 891.582836 915.481448 928.769291 931.282772 912.746760 901.256746 903.155154 929.190138 876.215163 805.505816 743.473532 737.155468 701.451492 659.563550 636.242688 630.137578 647.009677 628.406229 588.640158 550.408988 538.191701 519.310381 534.637250 555.739723 601.189532 639.124614 666.658793 665.505819 647.404238 -9999.0 -9999.0 -9999.0 -9999.0 -9999.0 -9999.0 -9999.0 -9999.0 -9999.0 -9999.0
-9999.0 -9999.0 -9999.0 -9999.0 -9999.0 -9999.0 311.254297 320.886381 341.423256 346.822909 372.393557 380.577566 402.033244 422.466184 445.138263 463.665591 496.045397 531.383872 576.245601 624.452648 660.119369 657.785493 671.503583 710.772926 764.596724 803.320519 831.310079 871.395070 947.840316 992.400322 1006.090699 1019.530565 1046.934721 1118.226297 1189.094101 1206.301803 1189.193809 1176.052339 1192.859192 1222.851755 1224.904511 1223.496079 1230.731256 1238.200445 1262.762461 1256.980495 1224.871606 1215.504908 1214.977187 1200.509462 1135.780210 1049.759863 992.028478 933.495187 848.334518 789.487018 786.985866 792.840086 754.258167 695.394619 650.357307 635.744538 616.419563 599.478693 602.775136 619.662807 640.370033 649.858347 635.553913 613.430110 589.636641 559.774091 560.528060 585.091017 -9999.0 -9999.0 -9999.0 -9999.0 -9999.0 -9999.0
-9999.0 -9999.0 -9999.0 -9999.0 261.042102 274.239061 262.770038 287.895279 320.978750 355.544757 388.671522 427.059778 455.792427 487.942463 532.075746 572.296723 618.783925 659.234175 723.226579 805.397618 864.632342 892.829023 912.702293 986.840218 1083.394401 1150.865247 1173.025658 1195.382601 1229.330956 1281.130565 1305.553074 1314.738479 1338.410643 1378.764025 1424.069933 1454.773268 1440.460046 1434.810500 1438.972344 1446.560206 1466.462257 1465.728157 1466.400271 1467.739542 1471.562323 1473.155291 1455.056958 1428.774628 1419.692879 1412.671277 1385.388309 1314.757086 1271.168822 1243.050541 1215.748733 1167.569210 1092.197377 1045.987464 970.847083 906.940613 838.869015 807.239092 763.351615 729.567846 694.003567 689.405855 687.940646 664.196738 629.859204 595.568124 578.739458 558.289664 546.098515 574.757719 591.372447 621.245251 -9999.0 -9999.0 -9999.0 -9999.0
-9999.0 -9999.0 201.363141 251.113847 308.511085 318.449349 321.015001 327.751721 356.694244 409.640069 488.570842 543.172034 589.435048 626.132332 693.545592 786.891595 867.296440 923.968001 1001.482386 1102.389310 1175.122666 1208.176837 1223.674059 1263.598905 1324.627312 1385.400864 1408.567857 1428.687180 1451.205451 1477.329110 1490.521951 1505.525408 1515.523402 1519.001449 1523.312160 1523.283918 1519.867151 1516.168504 1499.428043 1495.925604 1501.734802 1505.061075 1507.099177 1494.809845 1491.383020 1505.055158 1510.123702 1512.995774 1516.410165 1525.273060 1530.045919 1492.870475 1452.519535 1440.136395 1434.344143 1395.543016 1334.900566 1288.035889 1263.879547 1225.936551 1153.204498 1088.753205 1005.023350 940.084477 876.150059 829.251760 772.335185 723.123796 671.828556 622.330744 595.649103 574.337047 569.157284 566.881078 581.119188 595.221436 609.594192 616.882914 -9999.0 -9999.0
-9999.0 99.615136 172.591643 300.455197 381.968900 429.857299 469.151009 497.176212 525.703557 549.835575 660.856834 765.511496 860.407473 901.189295 967.303276 1092.844806 1193.283335 1239.582573 1281.178345 1342.708871 1400.139690 1440.728790 1464.051240 1481.041988 1514.404302 1523.939370 1524.983919 1525.959053 1519.420478 1510.525158 1500.724444 1507.717902 1506.510121 1490.890015 1476.234052 1471.614046 1464.772186 1443.455521 1419.703204 1408.003185 1411.088665 1431.825618 1421.688809 1403.761697 1400.687004 1419.714757 1437.225832 1431.856078 1425.003294 1445.025893 1477.081005 1495.084960 1506.096644 1521.493493 1541.427871 1516.769555 1487.813123 1449.446638 1433.560015 1411.255196 1363.759074 1307.347327 1250.315716 1190.185393 1113.365763 1010.834954 928.169775 852.396972 775.801989 728.624727 691.382384 633.714091 605.903173 602.245931 589.679560 584.565973 589.117967 594.798154 -9999.0 -9999.0
-9999.0 22.778187 166.403367 353.438978 505.625310 574.782335 696.438972 782.258673 810.361268 787.442188 903.543975 1143.851501 1242.524953 1259.158419 1329.250279 1417.831264 1446.326544 1477.887558 1500.556686 1508.705251 1513.456826 1519.240878 1514.930541 1508.234601 1495.184532 1489.097196 1489.515647 1488.572022 1473.834034 1456.406904 1438.389930 1434.318371 1419.578044 1382.757265 1351.275430 1328.027020 1304.035647 1282.870359 1253.089891 1230.202203 1217.972384 1234.535035 1227.722088 1212.671533 1209.258281 1229.531886 1260.415796 1259.081859 1273.712922 1306.677901 1348.565275 1383.082395 1401.762041 1428.380914 1460.668749 1498.287443 1512.155960 1532.101903 1536.612687 1518.123427 1481.225196 1438.258844 1411.802665 1361.308117 1296.850573 1216.394923 1143.878738 1058.321578 969.507613 911.865165 852.075152 776.755183 707.430637 669.228367 622.938007 598.898504 -9999.0 -9999.0 -9999.0 -9999.0
-9999.0 -50.777552 139.826824 404.412408 682.398878 823.603968 1062.603911 1195.657221 1248.090267 1309.294108 1307.301626 1439.186333 1471.869767 1466.099632 1460.760751 1466.512793 1483.205296 1488.335878 1486.445983 1479.122651 1471.584033 1466.058674 1461.910196 1453.393979 1442.098067 1429.663444 1420.046019 1411.831860 1380.599088 1348.752090 1307.297373 1287.505890 1251.346003 1166.516192 1120.280660 1066.791720 982.380371 965.379244 954.680153 925.260709 905.949211 887.711392 908.428028 911.637690 913.567660 918.882787 938.989534 967.039537 1026.911259 1095.715106 1154.857347 1207.870973 1242.045333 1288.499695 1337.331311 1387.694542 1413.977294 1440.102013 1481.561131 1517.347724 1540.291187 1532.540221 1508.821405 1474.001298 1417.454002 1363.527952 1323.611296 1256.139448 1195.909675 1143.536540 1080.824262 986.516480 892.902410 768.546455 714.464747 -9999.0 -9999.0 -9999.0 -9999.0 -9999.0
-9999.0 -220.433937 48.709184 344.309373 678.786623 1037.750224 1181.283313 1319.268134 1388.856137 1351.060315 1353.100523 1373.093551 1409.769834 1416.569943 1400.863421 1397.616511 1390.983411 1392.731804 1406.581565 1383.747915 1355.457454 1336.281061 1328.047848 1311.453295 1286.432206 1269.745551 1259.298203 1242.890764 1198.717886 1141.932448 1036.210289 990.698025 907.329990 844.602969 795.055034 737.091524 675.859440 669.708801 684.478873 668.354236 645.973998 627.520426 653.847695 670.920534 682.850146 672.735587 683.091660 721.807306 778.079640 833.571523 892.316076 953.040683 1009.523413 1080.424626 1137.243572 1194.377489 1240.113077 1287.003574 1361.095473 1433.232065 1465.819582 1497.307062 1531.076182 1549.608739 1505.924117 1465.705542 1428.254463 1383.726307 1319.426988 1288.779570 1263.170701 1203.009513 1136.914989 -9999.0 -9999.0 -9999.0 -9999.0 -9999.0 -9999.0 -9999.0
-9999.0 -350.860888 -125.181096 115.009519 412.829426 664.712104 868.928999 1011.539527 1100.707617 1130.501874 1160.947527 1190.478235 1217.488802 1238.423027 1220.391719 1188.776144 1165.626048 1171.026441 1168.756592 1144.578589 1108.968575 1075.982251 1055.892028 1035.911194 1000.239323 979.614899 966.199744 941.930614 905.425261 845.266499 754.531895 676.562255 610.835954 574.900199 542.455670 506.221451 466.019996 474.742641 487.658956 483.358717 471.876701 468.270074 497.853072 516.815258 527.117745 515.092044 534.593683 562.877584 607.239472 653.567414 705.782618 763.934407 822.442245 861.734205 887.488936 921.681950 970.324501 1043.949322 1157.159777 1260.504179 1342.458360 1389.806333 1437.254829 1470.195206 1484.692602 1502.951579 1485.875587 1415.790039 1308.396049 1340.301625 1354.150248 -9999.0 -9999.0 -9999.0 -9999.0 -9999.0 -9999.0 -9999.0 -9999.0 -9999.0
-9999.0 -9999.0 -361.905866 -177.001824 -26.547717 160.774644 317.639824 435.654795 524.500770 632.130982 733.746173 813.670391 855.690685 872.806782 858.554621 824.416123 802.494714 802.853422 792.655102 778.572480 751.863068 735.469526 718.091699 704.764330 688.980984 680.067047 673.313652 660.960030 637.338542 588.328619 534.167248 479.419315 423.555418 396.952782 373.861831 350.542310 347.009253 343.663863 349.702621 350.968116 357.022750 369.207133 389.782968 411.542232 421.240345 429.282303 442.167640 466.536554 500.806006 543.980450 598.772194 657.137807 698.389786 714.226419 708.891822 718.335654 745.010747 798.661500 898.000511 1004.654115 1132.842702 1216.809281 1294.153442 1354.414274 1374.820822 1392.236719 1409.861149 1338.753306 945.101924 1250.425593 -9999.0 -9999.0 -9999.0 -9999.0 -9999.0 -9999.0 -9999.0 -9999.0 -9999.0 -9999.0
-9999.0 -9999.0 -9999.0 -9999.0 -321.339033 -163.124505 -65.994699 19.508293 147.285469 264.122971 362.146909 442.631075 500.169269 525.470300 518.034852 518.020939 511.745120 506.796514 497.039396 492.303659 486.563176 476.064975 460.832535 451.315203 449.791968 452.932586 450.052076 436.227665 418.921156 393.001209 369.465300 333.504614 296.035631 266.196529 252.575428 245.729972 245.413702 239.103032 248.209179 254.980971 270.045665 285.483330 309.502635 338.200483 351.372417 365.913492 375.836041 396.871343 427.562528 481.299357 544.899004 602.504678 638.150003 643.297791 619.273241 605.224247 604.323718 636.779045 690.334783 770.151151 888.712173 978.130359 1063.267387 1144.525854 1192.533412 1243.959593 1311.930378 1343.447403 -9999.0 -9999.0 -9999.0 -9999.0 -9999.0 -9999.0 -9999.0 -9999.0 -9999.0 -9999.0 -9999.0 -9999.0
-9999.0 -9999.0 -9999.0 -9999.0 -9999.0 -9999.0 -372.457553 -272.921674 -187.016485 -55.665969 66.633009 163.729793 241.168501 269.532529 291.225863 315.802126 312.460056 294.626548 276.484716 293.231357 303.518281 296.867101 267.041900 265.029781 268.407393 276.882795 275.009492 268.549682 243.365710 252.508921 251.462255 227.814786 201.328863 186.818652 174.892486 184.505603 184.936186 171.899642 173.550675 199.916944 219.889778 233.291978 255.617581 288.880614 321.075855 335.799080 337.042231 343.423719 384.622925 455.247794 526.552757 581.270004 613.235787 621.445012 594.141045 554.337189 534.490068 543.556168 581.966849 640.817442 725.462895 785.162912 828.841029 865.138906 899.449709 996.596187 -9999.0 -9999.0 -9999.0 -9999.0 -9999.0 -9999.0 -9999.0 -9999.0 -9999.0 -9999.0 -9999.0 -9999.0 -9999.0 -9999.0
-9999.0 -9999.0 -9999.0 -9999.0 -9999.0 -9999.0 -9999.0 -9999.0 -9999.0 -9999.0 -9999.0 -9999.0 -9999.0 -9999.0 -9999.0 -9999.0 -9999.0 -9999.0 -9999.0 -9999.0 -9999.0 -9999.0 -9999.0 -9999.0 -9999.0 -9999.0 -9999.0 -9999.0 -9999.0 -9999.0 -9999.0 -9999.0 -9999.0 -9999.0 -9999.0 -9999.0 -9999.0 -9999.0 -9999.0 -9999.0 -9999.0 -9999.0 -9999.0 -9999.0 -9999.0 -9999.0 -9999.0 -9999.0 -9999.0 -9999.0 -9999.0 -9999.0 -9999.0 -9999.0 -9999.0 -9999.0 -9999.0 -9999.0 -9999.0 -9999.0 -9999.0 -9999.0 -9999.0 -9999.0 -9999.0 -9999.0 -9999.0 -9999.0 -9999.0 -9999.0 -9999.0 -9999.0 -9999.0 -9999.0 -9999.0 -9999.0 -9999.0 -9999.0 -9999.0 -9999.0
-9999.0 -9999.0 -9999.0 -9999.0 -9999.0 -9999.0 -9999.0 -9999.0 -9999.0 -9999.0 -9999.0 -9999.0 -9999.0 -9999.0 -9999.0 -9999.0 -9999.0 -9999.0 -9999.0 -9999.0 -9999.0 -9999.0 -9999.0 -9999.0 -9999.0 -9999.0 -9999.0 -9999.0 -9999.0 -9999.0 -9999.0 -9999.0 -9999.0 -9999.0 -9999.0 -9999.0 -9999.0 -9999.0 -9999.0 -9999.0 -9999.0 -9999.0 -9999.0 -9999.0 -9999.0 -9999.0 -9999.0 -9999.0 -9999.0 -9999.0 -9999.0 -9999.0 -9999.0 -9999.0 -9999.0 -9999.0 -9999.0 -9999.0 -9999.0 -9999.0 -9999.0 -9999.0 -9999.0 -9999.0 -9999.0 -9999.0 -9999.0 -9999.0 -9999.0 -9999.0 -9999.0 -9999.0 -9999.0 -9999.0 -9999.0 -9999.0 -9999.0 -9999.0 -9999.0 -9999.0