Borden_/Borden1m_014/output_maps/psiliqL0025N0038.asc
ncols         80
nrows         18
xllcorner     620200.000000
yllcorner     5168000.000000
cellsize      1.000000
NODATA_value  -9999.0
-9999.0 -9999.0 -9999.0 -9999.0 -9999.0 -9999.0 -9999.0 -9999.0 -9999.0 -9999.0 -9999.0 -9999.0 -9999.0 -9999.0 -9999.0 -9999.0 -9999.0 -9999.0 -9999.0 -9999.0 -9999.0 -9999.0 -9999.0 -9999.0 -9999.0 -9999.0 -9999.0 -9999.0 -9999.0 -9999.0 -9999.0 -9999.0 -9999.0 -9999.0 -9999.0 -9999.0 -9999.0 -9999.0 -9999.0 -9999.0 -9999.0 -9999.0 -9999.0 -9999.0 -9999.0 -9999.0 -9999.0 -9999.0 -9999.0 -9999.0 -9999.0 -9999.0 -9999.0 -9999.0 -9999.0 -9999.0 -9999.0 -9999.0 -9999.0 -9999.0 -9999.0 -9999.0 -9999.0 -9999.0 -9999.0 -9999.0 -9999.0 -9999.0 -9999.0 -9999.0 -9999.0 -9999.0 -9999.0 -9999.0 -9999.0 -9999.0 -9999.0 -9999.0 -9999.0 -9999.0
-9999.0 -9999.0 -9999.0 -9999.0 -9999.0 -9999.0 -9999.0 -9999.0 -9999.0 -9999.0 -9999.0 -9999.0 -9999.0 -9999.0 -9999.0 -9999.0 -9999.0 -9999.0 -9999.0 -9999.0 -9999.0 -9999.0 -9999.0 -9999.0 -9999.0 -9999.0 -9999.0 -9999.0 -9999.0 -9999.0 -9999.0 -9999.0 -9999.0 -9999.0 -9999.0 -9999.0 -9999.0 -9999.0 -9999.0 -9999.0 -9999.0 -9999.0 -9999.0 -9999.0 -9999.0 -9999.0 -9999.0 -9999.0 -9999.0 -9999.0 -9999.0 -9999.0 -9999.0 -9999.0 -9999.0 -9999.0 -9999.0 -9999.0 -9999.0 -9999.0 -9999.0 -9999.0 -9999.0 -9999.0 -9999.0 -9999.0 -9999.0 -9999.0 -9999.0 -9999.0 -9999.0 -9999.0 -9999.0 -9999.0 -9999.0 -9999.0 -9999.0 -9999.0 -9999.0 -9999.0
-9999.0 -9999.0 -9999.0 -9999.0 -9999.0 -9999.0 -9999.0 -9999.0 -9999.0 -9999.0 -9999.0 -9999.0 -9999.0 -9999.0 -9999.0 -9999.0 -9999.0 -9999.0 -9999.0 -9999.0 3126.762644 3127.810735 3106.038324 3071.872926 3043.528386 3045.211068 3078.025786 3118.409079 3156.886286 3164.209152 3145.014701 3148.528661 3143.900578 3139.396842 3139.591164 3147.115354 3153.515413 3163.115488 3170.011844 3167.706412 3160.341737 3155.237933 3157.558301 3159.209229 3165.395690 3151.251203 3167.093877 3180.213077 3185.078445 3182.473170 3161.590094 3149.624513 3141.778812 3126.428404 3153.025457 3164.877585 3186.701097 3191.562325 3189.933329 3164.859383 3134.984116 -9999.0 -9999.0 -9999.0 -9999.0 -9999.0 -9999.0 -9999.0 -9999.0 -9999.0 -9999.0 -9999.0 -9999.0 -9999.0 -9999.0 -9999.0 -9999.0 -9999.0 -9999.0 -9999.0
-9999.0 -9999.0 -9999.0 -9999.0 -9999.0 -9999.0 -9999.0 -9999.0 -9999.0 -9999.0 -9999.0 -9999.0 -9999.0 -9999.0 3036.790350 3027.866109 3024.811927 3031.942440 3064.221595 3094.225001 3105.808014 3098.169586 3097.781395 3072.889428 3049.924226 3062.283817 3091.276662 3121.242260 3154.167828 3171.248792 3159.896282 3157.050349 3163.853281 3180.388816 3188.268646 3184.503472 3169.932461 3190.569846 3203.594784 3207.957767 3205.812779 3195.886167 3204.706141 3218.667398 3211.612311 3196.397003 3207.171057 3222.118352 3233.219033 3225.174088 3170.483859 3158.414079 3155.594754 3151.842626 3139.201445 3135.671768 3164.180273 3164.107802 3157.208732 3140.411462 3107.537330 3062.663260 3044.180780 3085.049409 3129.075725 3184.667635 -9999.0 -9999.0 -9999.0 -9999.0 -9999.0 -9999.0 -9999.0 -9999.0 -9999.0 -9999.0 -9999.0 -9999.0 -9999.0 -9999.0
-9999.0 -9999.0 -9999.0 -9999.0 -9999.0 -9999.0 -9999.0 -9999.0 -9999.0 2984.233306 2985.425317 2992.104812 2994.196941 3009.073955 3005.665991 3012.272453 3016.105852 3042.870574 3071.960816 3105.054711 3131.589224 3122.019543 3120.300136 3124.101139 3118.611321 3126.170977 3146.027367 3179.344206 3210.239484 3245.089359 3211.386837 3206.229775 3223.393763 3264.464759 3287.610532 3289.514082 3270.823037 3286.841551 3310.104860 3325.762831 3322.126416 3316.104541 3341.753528 3356.765974 3351.022571 3329.756447 3328.189769 3335.581616 3364.834135 3314.678009 3249.557500 3211.355783 3227.277194 3206.470919 3180.726819 3172.741856 3173.753841 3192.268228 3181.036744 3149.725060 3116.958978 3105.829131 3089.528014 3110.837787 3134.549980 3180.167695 3220.400946 3250.552311 3250.418729 3233.444222 -9999.0 -9999.0 -9999.0 -9999.0 -9999.0 -9999.0 -9999.0 -9999.0 -9999.0 -9999.0
-9999.0 -9999.0 -9999.0 -9999.0 -9999.0 -9999.0 2905.142369 2915.793873 2936.765508 2939.690831 2966.286228 2971.641523 2983.905534 3000.630410 3021.819494 3034.249476 3058.865283 3088.217271 3123.649702 3160.781005 3185.281252 3176.074540 3178.151346 3197.257988 3223.787124 3242.469169 3264.463955 3301.457577 3372.382154 3408.263506 3401.132145 3401.813323 3409.891872 3459.861460 3523.545558 3534.534514 3513.935383 3500.793042 3524.083062 3561.213099 3559.499619 3558.307068 3571.051668 3581.737210 3608.489016 3597.820432 3562.099051 3556.502662 3562.914250 3540.774581 3472.716410 3415.814713 3396.979825 3351.550323 3269.277578 3226.703493 3250.140766 3278.098250 3256.826919 3208.114735 3178.783813 3173.731979 3163.093374 3156.485219 3169.209572 3190.967795 3215.483327 3229.789077 3218.401496 3198.042231 3177.346723 3149.383982 3152.142880 3177.234641 -9999.0 -9999.0 -9999.0 -9999.0 -9999.0 -9999.0
-9999.0 -9999.0 -9999.0 -9999.0 2855.209390 2868.235747 2853.804583 2880.133638 2912.378615 2946.182899 2973.794303 2998.017841 3020.438127 3046.533232 3079.140683 3100.976782 3132.669383 3161.664308 3205.252377 3265.702662 3309.365461 3322.557773 3330.602730 3380.557685 3436.391539 3483.197283 3501.627607 3527.172503 3572.233419 3628.413465 3650.629926 3653.468286 3670.342785 3713.094801 3768.783725 3803.710895 3786.155861 3777.226534 3787.070971 3801.157202 3823.292290 3823.367673 3824.477754 3828.500830 3836.000786 3834.343103 3808.001345 3774.699889 3761.813231 3751.832517 3714.388891 3642.754909 3612.431059 3583.883243 3542.313281 3488.707151 3441.048775 3441.869521 3387.871825 3334.170836 3284.512140 3276.613969 3256.624884 3241.024232 3223.859458 3236.262287 3248.402922 3233.707392 3204.272537 3176.276856 3163.487600 3146.091332 3135.021197 3166.268368 3183.883576 3213.556859 -9999.0 -9999.0 -9999.0 -9999.0
-9999.0 -9999.0 2795.907611 2841.397210 2898.515567 2904.860997 2898.806225 2902.042687 2928.752053 2978.232012 3032.084869 3068.442616 3096.994206 3126.438625 3173.560664 3235.150242 3294.475718 3336.289815 3392.819314 3461.376307 3520.010326 3546.671103 3555.496633 3590.649153 3644.891755 3713.315370 3741.089697 3767.351182 3798.832083 3834.932616 3827.814849 3838.650941 3850.852024 3863.087371 3877.567056 3884.435338 3879.652913 3875.069470 3856.558238 3851.465946 3857.967592 3865.819359 3864.946861 3850.340483 3846.373573 3861.299626 3867.416055 3865.412333 3862.722210 3867.727448 3863.641267 3815.824354 3797.272708 3782.202944 3770.779592 3724.880549 3658.546727 3626.065607 3604.940336 3564.459124 3491.464353 3453.911376 3414.727099 3380.179357 3343.347071 3330.060086 3297.751133 3265.865465 3227.431662 3187.005625 3169.188096 3154.931313 3154.654945 3155.412836 3173.208757 3188.653032 3204.675123 3212.784042 -9999.0 -9999.0
-9999.0 2692.666818 2764.312289 2879.092999 2956.627673 2989.149044 2997.986554 3001.181365 3025.425770 3056.183436 3142.280015 3190.210066 3272.176495 3308.456140 3348.584350 3437.366723 3530.644310 3573.338936 3611.655390 3674.425147 3739.438203 3786.178014 3812.331271 3792.972804 3831.946129 3860.482547 3868.212186 3874.942556 3874.675541 3866.190839 3859.586378 3866.296148 3863.379957 3844.290840 3828.302691 3826.584096 3823.201886 3799.965849 3772.513365 3757.141641 3758.629030 3783.479455 3770.436674 3749.103346 3744.703567 3766.300645 3787.502255 3776.866632 3763.761171 3780.298066 3814.772891 3839.385318 3841.011480 3859.409200 3880.492736 3851.662946 3829.962556 3786.404023 3769.604619 3744.277288 3687.742054 3633.020435 3585.166818 3536.911381 3484.714426 3435.779053 3388.413681 3341.863509 3288.809857 3256.252621 3232.125762 3189.469858 3177.610239 3183.357835 3178.985257 3177.553654 3183.994687 3190.634528 -9999.0 -9999.0
-9999.0 2597.298176 2736.873943 2907.147794 3045.553973 3085.616064 3148.083650 3201.408536 3214.503994 3163.129940 3259.782256 3474.335596 3593.502260 3610.201643 3684.713214 3778.526393 3763.112644 3794.089244 3816.922344 3841.454844 3861.201362 3875.063532 3873.224328 3867.928329 3851.518860 3843.532311 3842.673777 3840.592659 3823.285185 3804.411223 3787.669933 3784.606745 3766.847614 3717.953243 3684.959268 3667.736882 3649.237822 3635.689818 3608.336197 3582.523148 3566.399815 3577.109525 3575.011530 3561.423056 3556.999761 3575.163809 3605.988455 3603.715615 3615.001920 3634.493193 3669.867685 3707.705609 3726.871059 3755.803568 3791.255243 3838.764668 3847.874893 3870.211959 3873.259441 3862.304114 3816.133618 3764.918105 3735.677236 3680.632225 3621.185466 3559.685918 3511.113629 3466.642788 3411.793975 3377.838338 3339.052584 3285.781075 3242.800517 3234.797798 3201.525953 3188.377955 -9999.0 -9999.0 -9999.0 -9999.0
-9999.0 2496.448396 2676.601785 2908.046709 3194.310715 3266.123434 3465.080666 3577.997930 3616.512020 3682.854310 3569.679819 3770.641085 3821.702647 3816.255511 3830.376012 3833.302576 3847.385870 3846.843764 3841.774836 3830.832250 3821.344931 3816.850856 3815.759915 3807.866054 3795.285884 3780.719526 3768.890169 3757.575193 3721.190600 3689.479291 3650.799080 3638.480791 3594.717154 3503.603303 3465.060803 3427.125038 3367.170438 3369.476926 3376.338205 3353.133315 3333.809283 3306.334359 3335.370748 3345.604355 3349.593381 3345.478108 3355.376229 3382.659481 3429.722191 3463.657266 3502.295870 3549.823800 3579.840389 3618.729221 3658.468602 3710.491526 3741.353756 3770.067675 3818.508752 3855.405773 3878.033643 3864.259520 3845.302892 3801.128491 3741.176107 3692.037068 3663.368247 3613.316462 3570.096058 3526.675846 3480.451202 3427.936387 3367.032598 3313.485258 3279.635058 -9999.0 -9999.0 -9999.0 -9999.0 -9999.0
-9999.0 2276.170992 2540.274333 2798.239894 3068.932883 3406.052372 3572.411848 3667.071644 3729.487052 3710.316100 3731.684694 3738.507862 3775.337887 3782.285241 3760.843745 3747.264969 3730.019426 3728.930794 3741.960875 3714.811458 3684.811785 3671.607421 3672.481571 3661.786480 3638.122211 3623.256999 3613.979076 3595.741709 3552.977889 3503.363501 3420.268636 3386.860643 3309.891185 3270.950874 3234.799588 3188.557767 3147.537668 3153.082975 3174.670281 3168.472836 3148.022785 3131.178158 3160.354072 3178.069533 3191.077681 3175.096524 3181.664803 3215.662962 3261.659835 3301.513475 3344.886662 3391.756473 3432.997778 3471.974317 3493.031803 3532.463892 3574.102611 3615.330069 3684.948255 3762.558451 3797.977649 3832.275864 3861.491357 3883.234964 3840.583940 3814.015480 3790.549764 3767.414973 3721.583116 3676.430167 3635.910467 3571.885732 3512.431584 -9999.0 -9999.0 -9999.0 -9999.0 -9999.0 -9999.0 -9999.0
-9999.0 2163.086052 2357.880439 2551.625801 2790.531511 3013.237836 3229.432553 3319.622942 3388.572867 3456.451459 3508.452119 3545.356972 3571.021179 3592.339162 3569.698640 3524.335393 3492.443215 3497.340081 3488.823672 3467.813527 3440.307386 3427.526793 3425.148633 3420.489151 3399.423304 3389.274851 3382.672741 3365.507034 3340.310652 3288.330597 3217.599721 3148.749229 3095.765712 3076.331409 3054.070748 3027.600501 3001.156329 3014.690979 3027.549951 3027.785971 3021.385910 3021.638125 3050.674879 3070.277038 3079.730506 3068.781204 3086.848887 3109.881043 3146.614200 3183.083789 3227.138459 3276.550976 3324.341991 3344.228762 3346.380543 3358.009691 3384.820704 3427.745272 3503.602969 3588.934392 3665.543554 3710.549582 3760.953988 3800.543714 3828.253515 3853.862275 3875.675403 3868.291926 3842.720590 3809.611383 3751.429677 -9999.0 -9999.0 -9999.0 -9999.0 -9999.0 -9999.0 -9999.0 -9999.0 -9999.0
-9999.0 -9999.0 2131.797153 2285.623530 2385.019888 2548.684213 2693.344707 2803.473064 2876.827766 3003.690882 3123.522073 3212.393043 3257.982543 3273.257382 3259.336656 3230.777092 3213.452394 3213.123774 3201.640758 3195.316323 3181.020042 3175.993226 3168.138704 3161.084631 3157.140390 3156.748160 3154.901115 3147.337076 3131.164665 3090.469786 3053.960282 3010.519604 2975.247956 2953.821586 2935.786437 2918.889998 2923.002414 2918.375441 2924.069580 2927.162022 2936.883861 2951.144601 2970.548751 2986.409488 2995.914430 3005.909763 3016.636715 3038.033469 3067.630020 3107.261444 3158.106399 3210.321141 3245.538586 3251.959706 3233.804621 3228.652204 3236.644373 3265.297388 3328.304778 3396.331972 3485.086696 3549.935326 3616.384063 3671.885930 3698.279468 3734.649346 3804.248149 3852.228705 3893.923779 3871.564935 -9999.0 -9999.0 -9999.0 -9999.0 -9999.0 -9999.0 -9999.0 -9999.0 -9999.0 -9999.0
-9999.0 -9999.0 -9999.0 -9999.0 2146.386154 2293.900177 2391.700472 2472.165237 2607.075691 2739.428312 2815.083027 2901.421765 2970.016434 2982.736781 2982.893288 2999.184903 2998.187542 2989.232240 2978.548065 2983.399488 2988.353031 2982.708348 2980.302049 2974.527104 2978.822753 2987.265965 2986.286344 2974.429158 2957.545520 2944.108182 2931.968979 2902.356037 2871.402853 2845.325100 2834.432083 2832.238470 2833.139543 2825.925219 2834.778039 2843.873143 2860.053174 2875.329904 2898.867228 2928.362417 2943.054756 2957.741836 2966.345899 2984.806615 3007.113584 3058.100087 3119.378045 3175.333632 3207.105626 3207.132532 3180.320474 3158.590770 3146.226436 3163.704878 3189.868899 3240.457446 3329.168674 3390.237983 3435.507081 3474.247206 3510.442566 3574.909093 3668.589974 3749.389519 -9999.0 -9999.0 -9999.0 -9999.0 -9999.0 -9999.0 -9999.0 -9999.0 -9999.0 -9999.0 -9999.0 -9999.0
-9999.0 -9999.0 -9999.0 -9999.0 -9999.0 -9999.0 2123.019314 2229.172372 2297.672798 2451.838906 2598.592322 2708.734020 2794.452435 2831.940362 2828.687166 2858.800522 2859.486290 2839.392328 2817.706493 2839.573607 2858.841050 2852.646299 2820.806511 2822.745968 2830.449667 2839.225681 2837.831819 2833.266870 2810.270890 2828.532200 2834.577046 2813.756215 2790.481533 2800.251709 2788.801856 2798.571335 2798.522178 2783.968791 2782.816976 2795.134426 2816.269315 2829.258358 2850.314466 2883.509453 2915.976132 2931.595955 2932.399290 2936.977975 2973.417799 3035.554821 3105.975913 3160.509331 3189.618179 3194.012889 3164.854710 3120.011602 3093.834846 3092.725487 3116.975350 3156.314730 3213.669877 3249.532202 3260.485844 3261.451441 3273.475749 3371.517898 -9999.0 -9999.0 -9999.0 -9999.0 -9999.0 -9999.0 -9999.0 -9999.0 -9999.0 -9999.0 -9999.0 -9999.0 -9999.0 -9999.0
-9999.0 -9999.0 -9999.0 -9999.0 -9999.0 -9999.0 -9999.0 -9999.0 -9999.0 -9999.0 -9999.0 -9999.0 -9999.0 -9999.0 -9999.0 -9999.0 -9999.0 -9999.0 -9999.0 -9999.0 -9999.0 -9999.0 -9999.0 -9999.0 -9999.0 -9999.0 -9999.0 -9999.0 -9999.0 -9999.0 -9999.0 -9999.0 -9999.0 -9999.0 -9999.0 -9999.0 -9999.0 -9999.0 -9999.0 -9999.0 -9999.0 -9999.0 -9999.0 -9999.0 -9999.0 -9999.0 -9999.0 -9999.0 -9999.0 -9999.0 -9999.0 -9999.0 -9999.0 -9999.0 -9999.0 -9999.0 -9999.0 -9999.0 -9999.0 -9999.0 -9999.0 -9999.0 -9999.0 -9999.0 -9999.0 -9999.0 -9999.0 -9999.0 -9999.0 -9999.0 -9999.0 -9999.0 -9999.0 -9999.0 -9999.0 -9999.0 -9999.0 -9999.0 -9999.0 -9999.0
-9999.0 -9999.0 -9999.0 -9999.0 -9999.0 -9999.0 -9999.0 -9999.0 -9999.0 -9999.0 -9999.0 -9999.0 -9999.0 -9999.0 -9999.0 -9999.0 -9999.0 -9999.0 -9999.0 -9999.0 -9999.0 -9999.0 -9999.0 -9999.0 -9999.0 -9999.0 -9999.0 -9999.0 -9999.0 -9999.0 -9999.0 -9999.0 -9999.0 -9999.0 -9999.0 -9999.0 -9999.0 -9999.0 -9999.0 -9999.0 -9999.0 -9999.0 -9999.0 -9999.0 -9999.0 -9999.0 -9999.0 -9999.0 -9999.0 -9999.0 -9999.0 -9999.0 -9999.0 -9999.0 -9999.0 -9999.0 -9999.0 -9999.0 -9999.0 -9999.0 -9999.0 -9999.0 -9999.0 -9999.0 -9999.0 -9999.0 -9999.0 -9999.0 -9999.0 -9999.0 -9999.0 -9999.0 -9999.0 -9999.0 -9999.0 -9999.0 -9999.0 -9999.0 -9999.0 -9999.0