Borden_/Borden1m_014/output_maps/psiliqL0014N0036.asc
ncols         80
nrows         18
xllcorner     620200.000000
yllcorner     5168000.000000
cellsize      1.000000
NODATA_value  -9999.0
-9999.0 -9999.0 -9999.0 -9999.0 -9999.0 -9999.0 -9999.0 -9999.0 -9999.0 -9999.0 -9999.0 -9999.0 -9999.0 -9999.0 -9999.0 -9999.0 -9999.0 -9999.0 -9999.0 -9999.0 -9999.0 -9999.0 -9999.0 -9999.0 -9999.0 -9999.0 -9999.0 -9999.0 -9999.0 -9999.0 -9999.0 -9999.0 -9999.0 -9999.0 -9999.0 -9999.0 -9999.0 -9999.0 -9999.0 -9999.0 -9999.0 -9999.0 -9999.0 -9999.0 -9999.0 -9999.0 -9999.0 -9999.0 -9999.0 -9999.0 -9999.0 -9999.0 -9999.0 -9999.0 -9999.0 -9999.0 -9999.0 -9999.0 -9999.0 -9999.0 -9999.0 -9999.0 -9999.0 -9999.0 -9999.0 -9999.0 -9999.0 -9999.0 -9999.0 -9999.0 -9999.0 -9999.0 -9999.0 -9999.0 -9999.0 -9999.0 -9999.0 -9999.0 -9999.0 -9999.0
-9999.0 -9999.0 -9999.0 -9999.0 -9999.0 -9999.0 -9999.0 -9999.0 -9999.0 -9999.0 -9999.0 -9999.0 -9999.0 -9999.0 -9999.0 -9999.0 -9999.0 -9999.0 -9999.0 -9999.0 -9999.0 -9999.0 -9999.0 -9999.0 -9999.0 -9999.0 -9999.0 -9999.0 -9999.0 -9999.0 -9999.0 -9999.0 -9999.0 -9999.0 -9999.0 -9999.0 -9999.0 -9999.0 -9999.0 -9999.0 -9999.0 -9999.0 -9999.0 -9999.0 -9999.0 -9999.0 -9999.0 -9999.0 -9999.0 -9999.0 -9999.0 -9999.0 -9999.0 -9999.0 -9999.0 -9999.0 -9999.0 -9999.0 -9999.0 -9999.0 -9999.0 -9999.0 -9999.0 -9999.0 -9999.0 -9999.0 -9999.0 -9999.0 -9999.0 -9999.0 -9999.0 -9999.0 -9999.0 -9999.0 -9999.0 -9999.0 -9999.0 -9999.0 -9999.0 -9999.0
-9999.0 -9999.0 -9999.0 -9999.0 -9999.0 -9999.0 -9999.0 -9999.0 -9999.0 -9999.0 -9999.0 -9999.0 -9999.0 -9999.0 -9999.0 -9999.0 -9999.0 -9999.0 -9999.0 -9999.0 947.960503 950.904574 929.539145 896.796365 869.947841 873.405878 909.352247 952.089531 992.144544 1003.553870 987.000871 990.750381 987.371356 987.228240 990.671612 998.411199 1003.539802 1015.702221 1025.265290 1026.127286 1021.272409 1017.165055 1018.132757 1021.346272 1026.374047 1014.639430 1027.363061 1041.116698 1044.690142 1037.592602 1008.463184 990.905132 979.964404 962.531361 985.177207 995.251730 1016.396746 1019.068792 1016.042371 987.913787 957.105144 -9999.0 -9999.0 -9999.0 -9999.0 -9999.0 -9999.0 -9999.0 -9999.0 -9999.0 -9999.0 -9999.0 -9999.0 -9999.0 -9999.0 -9999.0 -9999.0 -9999.0 -9999.0 -9999.0
-9999.0 -9999.0 -9999.0 -9999.0 -9999.0 -9999.0 -9999.0 -9999.0 -9999.0 -9999.0 -9999.0 -9999.0 -9999.0 -9999.0 854.649195 845.794470 844.071531 853.601639 888.255196 919.330993 931.797645 925.231335 926.422399 904.090822 884.838731 900.319629 931.747316 965.211317 1001.651987 1023.573510 1013.713489 1012.885164 1023.911726 1050.407989 1064.368090 1062.704064 1044.034253 1068.609542 1085.857055 1096.057580 1097.194808 1090.098820 1103.796336 1119.636628 1112.335774 1094.224352 1097.982241 1108.299467 1118.627941 1102.616626 1036.548503 1014.851465 1008.183573 999.211605 983.028773 974.732850 998.332012 996.780963 986.973773 967.597188 933.755658 888.808400 869.302809 906.833130 949.530460 1005.881507 -9999.0 -9999.0 -9999.0 -9999.0 -9999.0 -9999.0 -9999.0 -9999.0 -9999.0 -9999.0 -9999.0 -9999.0 -9999.0 -9999.0
-9999.0 -9999.0 -9999.0 -9999.0 -9999.0 -9999.0 -9999.0 -9999.0 -9999.0 794.001764 799.226266 807.535576 811.001941 827.778158 826.337643 834.636966 843.019973 871.355168 903.778625 940.180211 970.161162 962.570942 964.630127 976.371265 981.561746 995.441086 1019.254450 1062.180761 1104.487538 1147.544980 1120.727429 1120.044717 1140.682621 1189.110355 1223.381844 1231.434509 1214.263116 1224.258226 1251.529754 1276.299150 1278.596643 1278.149365 1303.846750 1317.800038 1318.423253 1297.193324 1282.379743 1280.304347 1302.937658 1249.046442 1180.184601 1127.259578 1128.617695 1096.236012 1055.905363 1033.375048 1028.377585 1046.834674 1029.816938 990.673875 952.616528 940.051159 921.134943 936.701254 957.419559 1002.286603 1039.695301 1066.806439 1065.105692 1046.705762 -9999.0 -9999.0 -9999.0 -9999.0 -9999.0 -9999.0 -9999.0 -9999.0 -9999.0 -9999.0
-9999.0 -9999.0 -9999.0 -9999.0 -9999.0 -9999.0 713.597484 723.814666 745.036142 750.707171 777.186426 785.855928 807.866638 828.630067 851.735174 869.952280 901.843051 936.571993 979.389997 1024.655645 1059.028338 1056.242179 1068.892897 1101.598464 1142.654732 1173.876591 1201.472169 1244.422465 1323.155925 1367.575278 1376.729219 1382.803819 1393.322007 1442.053746 1505.856515 1521.347153 1502.368343 1489.383889 1511.424722 1550.038990 1559.530799 1562.868353 1573.729448 1583.146697 1608.199596 1597.471380 1555.253400 1538.153523 1533.215651 1515.144640 1453.093001 1388.497830 1352.128279 1300.629504 1215.673968 1158.107161 1161.712374 1177.208108 1145.211906 1088.481487 1044.611442 1031.327956 1013.914882 998.380675 1002.429361 1019.499419 1039.808015 1049.039624 1034.299995 1011.729627 987.606986 957.823114 958.888249 983.595726 -9999.0 -9999.0 -9999.0 -9999.0 -9999.0 -9999.0
-9999.0 -9999.0 -9999.0 -9999.0 662.570302 676.103305 664.802812 690.854430 724.716474 760.203250 793.690499 832.350261 861.583039 893.890642 936.642995 973.931554 1018.856424 1057.121223 1114.410105 1185.608456 1240.197474 1267.603142 1285.908467 1345.779627 1407.768485 1461.009913 1483.337748 1512.645525 1557.885372 1620.087928 1648.326514 1655.610693 1673.197027 1707.708271 1753.839357 1786.535219 1771.067221 1764.769327 1772.168247 1785.410091 1811.101659 1813.919617 1816.439312 1818.778372 1822.636429 1820.755838 1795.107383 1760.271689 1744.696136 1734.128194 1704.325875 1635.219154 1592.748731 1560.997602 1526.624560 1473.796273 1407.939485 1389.763330 1331.118754 1271.671415 1205.602577 1180.149484 1146.387180 1117.791341 1085.465928 1083.777017 1083.795489 1060.445218 1025.870064 991.658507 975.096827 955.198061 943.462942 972.828094 989.886516 1019.918293 -9999.0 -9999.0 -9999.0 -9999.0
-9999.0 -9999.0 602.220194 651.502434 709.172445 719.013646 720.941761 728.342223 758.471991 812.446252 890.351487 943.468949 988.860807 1025.342890 1088.147352 1171.347417 1247.782650 1299.277565 1360.409620 1431.143828 1494.773749 1530.896475 1551.221299 1591.127835 1644.542367 1705.224280 1732.044055 1758.766166 1790.301704 1824.516814 1837.635823 1852.054958 1860.242114 1862.456379 1867.365073 1868.523592 1864.118774 1859.023987 1841.537192 1838.828338 1846.932422 1852.843064 1854.995576 1841.938005 1837.874784 1850.767839 1853.535538 1851.674467 1850.431497 1857.042902 1860.569884 1821.871121 1782.238837 1765.737228 1755.059825 1710.435557 1645.393494 1601.539773 1577.350240 1533.709104 1454.675425 1401.042063 1348.633303 1297.591676 1242.145284 1207.204709 1156.533551 1110.368004 1060.686417 1012.235293 987.006921 967.747090 964.414484 963.619518 979.109654 993.930171 1008.843169 1016.397468 -9999.0 -9999.0
-9999.0 499.172384 571.922839 698.902257 779.871413 825.918389 860.344576 886.279716 917.020646 944.527316 1052.525572 1146.558926 1240.522184 1279.884459 1332.928857 1431.946421 1527.951908 1574.474254 1612.407706 1667.586550 1727.130432 1774.815370 1804.336974 1818.133604 1851.614225 1863.681625 1866.481604 1869.707810 1865.851462 1858.376511 1849.720002 1856.041398 1852.376272 1833.327762 1816.809743 1812.743700 1806.001634 1781.397673 1753.364858 1739.036437 1742.120663 1764.992093 1753.655960 1733.365604 1729.653646 1750.480200 1769.148112 1760.406962 1748.796771 1767.032014 1802.080834 1824.373228 1835.315686 1851.551002 1872.066292 1846.675135 1817.220306 1774.949753 1754.561158 1724.561815 1664.725298 1601.882115 1546.040247 1483.912140 1415.547986 1345.232282 1279.167698 1214.319043 1144.773893 1101.402765 1068.620635 1017.264405 995.226095 996.075622 986.386492 982.782973 988.248076 994.275236 -9999.0 -9999.0
-9999.0 419.615529 562.440419 747.730552 897.226598 958.343402 1063.897433 1146.309697 1177.606074 1152.795659 1263.045694 1482.893726 1583.642645 1602.073801 1673.392772 1759.940161 1782.162833 1814.401397 1836.237533 1845.086056 1852.498000 1862.423935 1861.415816 1856.347531 1842.438726 1834.820768 1833.322867 1829.712547 1810.900549 1790.373148 1771.969216 1767.060451 1748.214193 1704.136491 1670.039264 1651.315801 1633.647875 1612.859498 1579.851569 1553.470159 1539.376281 1555.623872 1548.553236 1531.870527 1528.151656 1550.245085 1582.549014 1578.466294 1586.384014 1609.019403 1649.829838 1690.640043 1714.135923 1744.730186 1782.141733 1826.822463 1843.034014 1864.331471 1868.430016 1848.553324 1803.740804 1750.527594 1714.173059 1649.013015 1573.755534 1492.816008 1425.377286 1360.361336 1289.205612 1241.364347 1193.589771 1136.006551 1081.185240 1056.930578 1016.611877 995.990581 -9999.0 -9999.0 -9999.0 -9999.0
-9999.0 341.991017 530.666587 790.328090 1065.786062 1180.640675 1384.219953 1513.546273 1573.495085 1640.576646 1625.974120 1768.867282 1807.118238 1803.696253 1801.730910 1806.153308 1822.123326 1826.168722 1822.909764 1813.070025 1804.057959 1800.267590 1798.733113 1791.343345 1779.130713 1763.857721 1749.929677 1735.553889 1695.679799 1660.834355 1624.363290 1608.617564 1569.467849 1477.861450 1433.757270 1397.118894 1340.274715 1333.184844 1326.237777 1297.974188 1278.614936 1259.008852 1280.307482 1284.105639 1286.391697 1290.616916 1308.250567 1331.671390 1376.054370 1413.161897 1458.578507 1511.938853 1547.287774 1591.515295 1639.176128 1696.634068 1730.218713 1761.726913 1809.045959 1848.382326 1871.058367 1859.130943 1829.560632 1781.083068 1707.192641 1635.933732 1581.558654 1504.254118 1436.951745 1383.762260 1339.637973 1291.073283 1227.588025 1146.488131 1103.834201 -9999.0 -9999.0 -9999.0 -9999.0 -9999.0
-9999.0 164.970648 432.794112 722.148779 1039.042833 1365.687574 1495.624412 1626.704516 1699.233022 1663.311043 1667.700405 1690.492654 1733.045141 1742.820751 1724.613794 1716.879762 1706.426369 1706.641979 1719.238477 1692.457147 1662.158456 1648.395171 1647.507990 1635.576219 1612.376782 1594.951201 1581.749644 1560.305405 1511.053600 1459.073523 1377.517823 1347.419892 1271.681910 1212.936071 1166.650974 1116.080174 1064.479701 1062.419654 1078.835366 1063.542691 1041.132470 1022.683668 1049.139901 1066.644898 1078.866569 1068.147496 1077.755413 1114.218166 1164.627313 1210.041433 1261.887005 1318.187888 1365.715073 1414.807384 1448.766081 1501.068939 1549.485652 1596.913473 1671.251723 1750.397323 1787.164695 1821.286377 1852.823270 1865.135079 1809.831917 1754.369582 1695.696232 1626.042548 1537.916943 1491.469191 1469.447528 1434.436710 1381.964199 -9999.0 -9999.0 -9999.0 -9999.0 -9999.0 -9999.0 -9999.0
-9999.0 37.616001 258.137687 490.327548 777.520958 1016.082782 1209.061864 1319.150688 1399.035462 1429.258924 1461.492668 1496.441875 1528.825463 1552.731615 1531.951725 1493.753092 1465.671330 1469.557529 1465.409512 1440.733727 1410.421088 1394.980213 1392.360359 1385.090341 1360.359679 1345.215190 1333.576310 1309.895714 1274.409773 1217.243436 1135.990164 1063.335491 1001.342926 967.726585 936.885443 903.327395 866.618233 876.352545 888.992672 885.052486 874.071123 870.831233 900.090743 919.103025 929.382161 917.787192 937.196792 964.487360 1006.936557 1050.889416 1101.265649 1157.959302 1213.350428 1244.816267 1261.227924 1289.678702 1331.277252 1386.905421 1474.098195 1568.915687 1645.815832 1694.593337 1744.073617 1774.738430 1784.133665 1790.871719 1757.823811 1665.691786 1537.876984 1536.758564 1539.915499 -9999.0 -9999.0 -9999.0 -9999.0 -9999.0 -9999.0 -9999.0 -9999.0 -9999.0
-9999.0 -9999.0 24.076208 203.896249 346.068339 527.825314 679.275304 789.815863 876.803508 985.542718 1087.936285 1171.119514 1216.151922 1234.413408 1219.697508 1184.681975 1161.905628 1161.452631 1151.017765 1138.905785 1117.317641 1108.554174 1097.505370 1089.027371 1077.910797 1071.406083 1065.251820 1052.875928 1029.456783 981.397859 930.750299 878.376944 824.162444 797.996886 775.424985 753.125582 750.834203 747.185922 752.940996 754.251599 760.662397 773.008088 793.301048 815.189775 824.978450 833.520703 846.289053 870.367473 904.014195 946.717974 1001.219245 1059.536280 1100.243801 1114.265780 1106.344882 1113.494019 1136.425628 1181.951142 1266.626855 1352.985203 1447.912556 1518.581861 1588.382910 1637.599820 1650.163072 1660.432774 1666.044412 1586.973191 1244.583276 1460.368595 -9999.0 -9999.0 -9999.0 -9999.0 -9999.0 -9999.0 -9999.0 -9999.0 -9999.0 -9999.0
-9999.0 -9999.0 -9999.0 -9999.0 62.114487 218.135920 315.008428 399.047401 526.421761 643.798276 742.077005 823.839253 883.768392 909.768322 903.604848 905.516772 899.568334 893.864302 884.175791 881.448676 878.575860 870.654398 856.993616 849.240786 849.265356 853.265407 850.292425 836.143697 818.174561 793.572452 771.461943 736.261667 699.498168 669.868950 656.343728 649.968090 649.633613 642.998932 651.851310 658.818284 673.881730 689.165665 713.022925 741.847507 755.322699 770.025872 779.943042 800.815693 831.442968 885.065018 948.680930 1006.608680 1042.572466 1047.491655 1023.239996 1008.660158 1006.471717 1036.244805 1084.255489 1154.925938 1259.016140 1333.534081 1392.240092 1436.544773 1466.201968 1506.405495 1546.206099 1567.084638 -9999.0 -9999.0 -9999.0 -9999.0 -9999.0 -9999.0 -9999.0 -9999.0 -9999.0 -9999.0 -9999.0 -9999.0
-9999.0 -9999.0 -9999.0 -9999.0 -9999.0 -9999.0 16.831316 116.898693 200.096695 333.789637 459.035598 557.572168 636.136047 665.946485 689.476570 714.617771 711.781894 693.785325 675.413511 693.092513 705.194089 699.376234 670.050906 669.057232 673.164555 681.429520 679.201150 672.480381 647.071426 656.915317 656.387976 632.756615 606.328141 591.958838 579.940986 589.444268 589.712588 576.381096 577.507598 604.000946 624.050645 637.302144 659.363112 692.569268 724.830339 739.813775 741.193888 747.554363 788.312267 858.818202 930.347453 985.544452 1017.935156 1026.242875 999.106645 959.368642 939.395911 947.460626 983.698504 1038.539854 1116.753033 1167.955739 1196.648119 1212.808543 1232.890639 1321.399361 -9999.0 -9999.0 -9999.0 -9999.0 -9999.0 -9999.0 -9999.0 -9999.0 -9999.0 -9999.0 -9999.0 -9999.0 -9999.0 -9999.0
-9999.0 -9999.0 -9999.0 -9999.0 -9999.0 -9999.0 -9999.0 -9999.0 -9999.0 -9999.0 -9999.0 -9999.0 -9999.0 -9999.0 -9999.0 -9999.0 -9999.0 -9999.0 -9999.0 -9999.0 -9999.0 -9999.0 -9999.0 -9999.0 -9999.0 -9999.0 -9999.0 -9999.0 -9999.0 -9999.0 -9999.0 -9999.0 -9999.0 -9999.0 -9999.0 -9999.0 -9999.0 -9999.0 -9999.0 -9999.0 -9999.0 -9999.0 -9999.0 -9999.0 -9999.0 -9999.0 -9999.0 -9999.0 -9999.0 -9999.0 -9999.0 -9999.0 -9999.0 -9999.0 -9999.0 -9999.0 -9999.0 -9999.0 -9999.0 -9999.0 -9999.0 -9999.0 -9999.0 -9999.0 -9999.0 -9999.0 -9999.0 -9999.0 -9999.0 -9999.0 -9999.0 -9999.0 -9999.0 -9999.0 -9999.0 -9999.0 -9999.0 -9999.0 -9999.0 -9999.0
-9999.0 -9999.0 -9999.0 -9999.0 -9999.0 -9999.0 -9999.0 -9999.0 -9999.0 -9999.0 -9999.0 -9999.0 -9999.0 -9999.0 -9999.0 -9999.0 -9999.0 -9999.0 -9999.0 -9999.0 -9999.0 -9999.0 -9999.0 -9999.0 -9999.0 -9999.0 -9999.0 -9999.0 -9999.0 -9999.0 -9999.0 -9999.0 -9999.0 -9999.0 -9999.0 -9999.0 -9999.0 -9999.0 -9999.0 -9999.0 -9999.0 -9999.0 -9999.0 -9999.0 -9999.0 -9999.0 -9999.0 -9999.0 -9999.0 -9999.0 -9999.0 -9999.0 -9999.0 -9999.0 -9999.0 -9999.0 -9999.0 -9999.0 -9999.0 -9999.0 -9999.0 -9999.0 -9999.0 -9999.0 -9999.0 -9999.0 -9999.0 -9999.0 -9999.0 -9999.0 -9999.0 -9999.0 -9999.0 -9999.0 -9999.0 -9999.0 -9999.0 -9999.0 -9999.0 -9999.0