Borden_/Borden1m_014/output_maps/psiliqL0026N0024.asc
ncols         80
nrows         18
xllcorner     620200.000000
yllcorner     5168000.000000
cellsize      1.000000
NODATA_value  -9999.0
-9999.0 -9999.0 -9999.0 -9999.0 -9999.0 -9999.0 -9999.0 -9999.0 -9999.0 -9999.0 -9999.0 -9999.0 -9999.0 -9999.0 -9999.0 -9999.0 -9999.0 -9999.0 -9999.0 -9999.0 -9999.0 -9999.0 -9999.0 -9999.0 -9999.0 -9999.0 -9999.0 -9999.0 -9999.0 -9999.0 -9999.0 -9999.0 -9999.0 -9999.0 -9999.0 -9999.0 -9999.0 -9999.0 -9999.0 -9999.0 -9999.0 -9999.0 -9999.0 -9999.0 -9999.0 -9999.0 -9999.0 -9999.0 -9999.0 -9999.0 -9999.0 -9999.0 -9999.0 -9999.0 -9999.0 -9999.0 -9999.0 -9999.0 -9999.0 -9999.0 -9999.0 -9999.0 -9999.0 -9999.0 -9999.0 -9999.0 -9999.0 -9999.0 -9999.0 -9999.0 -9999.0 -9999.0 -9999.0 -9999.0 -9999.0 -9999.0 -9999.0 -9999.0 -9999.0 -9999.0
-9999.0 -9999.0 -9999.0 -9999.0 -9999.0 -9999.0 -9999.0 -9999.0 -9999.0 -9999.0 -9999.0 -9999.0 -9999.0 -9999.0 -9999.0 -9999.0 -9999.0 -9999.0 -9999.0 -9999.0 -9999.0 -9999.0 -9999.0 -9999.0 -9999.0 -9999.0 -9999.0 -9999.0 -9999.0 -9999.0 -9999.0 -9999.0 -9999.0 -9999.0 -9999.0 -9999.0 -9999.0 -9999.0 -9999.0 -9999.0 -9999.0 -9999.0 -9999.0 -9999.0 -9999.0 -9999.0 -9999.0 -9999.0 -9999.0 -9999.0 -9999.0 -9999.0 -9999.0 -9999.0 -9999.0 -9999.0 -9999.0 -9999.0 -9999.0 -9999.0 -9999.0 -9999.0 -9999.0 -9999.0 -9999.0 -9999.0 -9999.0 -9999.0 -9999.0 -9999.0 -9999.0 -9999.0 -9999.0 -9999.0 -9999.0 -9999.0 -9999.0 -9999.0 -9999.0 -9999.0
-9999.0 -9999.0 -9999.0 -9999.0 -9999.0 -9999.0 -9999.0 -9999.0 -9999.0 -9999.0 -9999.0 -9999.0 -9999.0 -9999.0 -9999.0 -9999.0 -9999.0 -9999.0 -9999.0 -9999.0 3325.235102 3326.118969 3304.321458 3270.037802 3241.572505 3243.126578 3275.717896 3315.981840 3354.414069 3361.441531 3342.045612 3345.559119 3340.840403 3336.040433 3335.968711 3343.483185 3349.936421 3359.448329 3366.208847 3363.730298 3356.242016 3351.132229 3353.644058 3355.184294 3361.452518 3347.011631 3363.071799 3379.321643 3384.154166 3381.632965 3358.276259 3346.651619 3338.995627 3323.753837 3350.639950 3362.602285 3386.304156 3391.223712 3389.535836 3363.153766 3333.301221 -9999.0 -9999.0 -9999.0 -9999.0 -9999.0 -9999.0 -9999.0 -9999.0 -9999.0 -9999.0 -9999.0 -9999.0 -9999.0 -9999.0 -9999.0 -9999.0 -9999.0 -9999.0 -9999.0
-9999.0 -9999.0 -9999.0 -9999.0 -9999.0 -9999.0 -9999.0 -9999.0 -9999.0 -9999.0 -9999.0 -9999.0 -9999.0 -9999.0 3235.480275 3226.568623 3223.422662 3230.372682 3262.480469 3292.427318 3303.951237 3296.235440 3295.745121 3270.657408 3247.391528 3259.522615 3288.393713 3318.282091 3351.074284 3367.859439 3356.443914 3353.455474 3359.959355 3378.880986 3386.449114 3382.571267 3364.935182 3388.906647 3401.836224 3405.932491 3403.729726 3393.728870 3402.252139 3416.112667 3409.031228 3393.914382 3405.101115 3420.298037 3431.215819 3423.467907 3366.078978 3354.641941 3352.016775 3348.581407 3336.109966 3332.808945 3361.693835 3361.801569 3355.111378 3338.412949 3305.547599 3260.635175 3242.206527 3283.349765 3327.480267 3384.152106 -9999.0 -9999.0 -9999.0 -9999.0 -9999.0 -9999.0 -9999.0 -9999.0 -9999.0 -9999.0 -9999.0 -9999.0 -9999.0 -9999.0
-9999.0 -9999.0 -9999.0 -9999.0 -9999.0 -9999.0 -9999.0 -9999.0 -9999.0 3178.820202 3184.214704 3190.853680 3192.961262 3207.711760 3204.160735 3210.661014 3214.140222 3240.833623 3269.710873 3302.599330 3328.993672 3319.240162 3317.384839 3320.591489 3314.236432 3321.336859 3341.049096 3376.959188 3407.416521 3442.002460 3407.986528 3402.663121 3419.752420 3460.480939 3482.881321 3484.391502 3465.589383 3482.388864 3505.627500 3520.886360 3517.127564 3510.895735 3536.776364 3551.983883 3545.593665 3524.056112 3523.265850 3531.158157 3560.678420 3510.346165 3444.901202 3407.470257 3424.169647 3403.830995 3378.815386 3368.705136 3370.093586 3391.124772 3380.085659 3346.948237 3314.373934 3303.262113 3287.120875 3308.887884 3332.815289 3379.775543 3420.125977 3450.347695 3450.161777 3433.181851 -9999.0 -9999.0 -9999.0 -9999.0 -9999.0 -9999.0 -9999.0 -9999.0 -9999.0 -9999.0
-9999.0 -9999.0 -9999.0 -9999.0 -9999.0 -9999.0 3100.479000 3110.782527 3131.223066 3133.496325 3159.571848 3164.321649 3182.037026 3198.574082 3219.694803 3231.720643 3255.821187 3284.852311 3319.909166 3356.553731 3383.131813 3370.790404 3375.401060 3393.830241 3419.506408 3437.494372 3459.488716 3496.668284 3568.360850 3604.226506 3596.097780 3596.584163 3604.637571 3654.867246 3718.678280 3729.359660 3708.694213 3695.694558 3719.413563 3756.886637 3754.734324 3753.499569 3766.740746 3777.620675 3804.441354 3793.452378 3757.620852 3752.590060 3759.647795 3736.731451 3667.673748 3610.959769 3592.974281 3546.605158 3463.743669 3421.826458 3446.599237 3475.271392 3454.408878 3405.710758 3374.294985 3369.714092 3359.506887 3353.536907 3366.875897 3390.549981 3415.126359 3429.561116 3418.185418 3397.766261 3376.464040 3348.618281 3351.523971 3376.653740 -9999.0 -9999.0 -9999.0 -9999.0 -9999.0 -9999.0
-9999.0 -9999.0 -9999.0 -9999.0 3051.344639 3063.876312 3048.587430 3074.253937 3105.579840 3138.474234 3165.151232 3195.293732 3217.467221 3243.186097 3275.202674 3295.942874 3326.795576 3355.355650 3401.443123 3461.633086 3505.041260 3517.600573 3525.505497 3575.956176 3631.794838 3678.429964 3696.942163 3722.723542 3768.640699 3825.055170 3847.160890 3849.803777 3866.712363 3910.261723 3966.855309 4002.057975 3984.354538 3975.268640 3985.517642 3999.955345 4022.100411 4022.161903 4023.285266 4027.504117 4035.270895 4033.434279 4006.686468 3973.194541 3960.222712 3950.048004 3911.648078 3839.413452 3809.493205 3780.491864 3737.506388 3683.298047 3636.783153 3638.680239 3584.290572 3529.576200 3480.463831 3473.400506 3453.939270 3438.787221 3422.247627 3435.263081 3447.856383 3433.363694 3403.894364 3375.037144 3362.457934 3345.255396 3334.239071 3365.664358 3383.741533 3413.340072 -9999.0 -9999.0 -9999.0 -9999.0
-9999.0 -9999.0 2993.032939 3037.844730 3094.263133 3099.579959 3091.900603 3093.765001 3119.080241 3167.177309 3227.493793 3263.052566 3290.485381 3319.711041 3369.102772 3429.739790 3488.604986 3530.483882 3588.073177 3657.097603 3715.909131 3742.431996 3751.047959 3786.579206 3841.340014 3910.754901 3938.895736 3965.457019 3997.414326 4034.101403 4025.367636 4035.951827 4048.506127 4061.595876 4076.866270 4084.158535 4079.225263 4074.607993 4056.006762 4050.773380 4057.246806 4065.379822 4064.297770 4049.576427 4045.601370 4060.647245 4066.958300 4064.823662 4061.896099 4066.721295 4061.930439 4013.195161 3996.258575 3980.931490 3969.051247 3922.734035 3855.842063 3823.702924 3802.094599 3760.961608 3687.623014 3650.692980 3611.772919 3577.607443 3540.729926 3528.253614 3496.499110 3464.900142 3426.681125 3386.368164 3367.697393 3353.808518 3353.760956 3354.684082 3372.676119 3388.531073 3404.584713 3412.702071 -9999.0 -9999.0
-9999.0 2884.639705 2955.318799 3074.402662 3151.011094 3186.034399 3192.832547 3194.311022 3218.253252 3249.516139 3334.524693 3382.391836 3464.515139 3501.490965 3541.417013 3630.966633 3725.186984 3768.510890 3807.490433 3871.396625 3937.334669 3984.521029 4010.898406 3988.951837 4028.681405 4058.853713 4067.122818 4074.250263 4074.391869 4065.865962 4059.430558 4066.075938 4063.071961 4043.801436 4027.641208 4025.855873 4022.432591 3999.037064 3971.448410 3955.889136 3957.193591 3982.255967 3969.057392 3947.643648 3943.212108 3964.933590 3986.447855 3975.705681 3962.532934 3979.137636 4013.847012 4038.944418 4039.844046 4058.447496 4079.579497 4050.421437 4029.264459 3985.224860 3968.248737 3942.781695 3885.759095 3830.967233 3782.879876 3734.568811 3682.493242 3633.997065 3586.706502 3539.808272 3486.999757 3454.570315 3430.647144 3388.379801 3376.125213 3383.004655 3378.382016 3377.103792 3383.905593 3390.553732 -9999.0 -9999.0
-9999.0 2787.669603 2925.926797 3100.430415 3241.163737 3279.848931 3339.095431 3392.874545 3405.459134 3349.232534 3449.426135 3665.829223 3788.010124 3805.513106 3881.104616 3976.379336 3958.300188 3989.720322 4013.005816 4039.186197 4060.225194 4074.662245 4072.971842 4067.841398 4051.308525 4043.293352 4042.401526 4040.277433 4022.823749 4003.818401 3986.978055 3983.775544 3965.743894 3916.063822 3882.775107 3865.219453 3846.064840 3832.712338 3805.561590 3779.550368 3762.969982 3773.209147 3771.575279 3758.192275 3753.777345 3771.827395 3802.702195 3800.856158 3812.787134 3832.417316 3867.855878 3906.089766 3925.362840 3954.501579 3990.151234 4038.268594 4046.923208 4069.384991 4072.281135 4061.987007 4015.325099 3963.717534 3934.306341 3878.928349 3819.416373 3757.771656 3708.963390 3664.396763 3609.349587 3575.580370 3536.688368 3483.436908 3441.068277 3433.999103 3400.978223 3388.244362 -9999.0 -9999.0 -9999.0 -9999.0
-9999.0 2691.256422 2862.810900 3097.453354 3389.576216 3459.004311 3659.578225 3773.060163 3811.337545 3878.531107 3757.622823 3965.134355 4018.343765 4013.450862 4029.571665 4032.827509 4047.152897 4046.488731 4041.409597 4030.379068 4020.770408 4016.182468 4015.130496 4007.213029 3994.578216 3979.948925 3968.029092 3956.568036 3919.868974 3887.891376 3848.544539 3836.031369 3791.280909 3699.528697 3660.960850 3622.387733 3561.536652 3564.237211 3572.042844 3548.316744 3528.767433 3500.479217 3530.242098 3541.151582 3545.386552 3540.681973 3550.131622 3578.803196 3626.629208 3660.860634 3699.568892 3747.371947 3777.750459 3816.807293 3856.473485 3908.713381 3939.875716 3968.745581 4017.699010 4054.717031 4077.454723 4063.360209 4044.868650 4000.102677 3939.885840 3890.585959 3861.634126 3811.192493 3767.751315 3724.369012 3678.080164 3625.512046 3564.253355 3512.164790 3478.589498 -9999.0 -9999.0 -9999.0 -9999.0 -9999.0
-9999.0 2467.047018 2730.785212 2983.646469 3254.239671 3595.340509 3767.167952 3860.791587 3923.946325 3907.034520 3930.534136 3936.807546 3973.902523 3981.188246 3959.794750 3945.916856 3928.254439 3927.165399 3940.232602 3912.877931 3882.609612 3869.257345 3870.164051 3859.475660 3835.624995 3820.767517 3811.514862 3793.051256 3750.096609 3700.044347 3616.203731 3581.775353 3503.325872 3465.447012 3429.593548 3383.170816 3339.366862 3345.422594 3370.377246 3361.784125 3341.366548 3324.629469 3354.101584 3374.894662 3388.110014 3371.774207 3378.273664 3412.400119 3458.475884 3498.485417 3541.871624 3589.391431 3630.944905 3669.797758 3690.421159 3729.476296 3771.407501 3812.841353 3882.826531 3961.158205 3997.074216 4031.690532 4060.556049 4082.462473 4039.588826 4013.325896 3989.617036 3966.178670 3920.019922 3874.673772 3834.133513 3769.576935 3710.058552 -9999.0 -9999.0 -9999.0 -9999.0 -9999.0 -9999.0 -9999.0
-9999.0 2355.241131 2547.620696 2737.858800 2968.902062 3195.883712 3417.300178 3507.341539 3577.410460 3649.342020 3703.524366 3741.300202 3767.060157 3788.609328 3766.033026 3719.990271 3687.784629 3692.781092 3683.807005 3662.976601 3635.508319 3622.789323 3620.221495 3615.639715 3594.695346 3584.725611 3578.216901 3560.528818 3535.641364 3483.432009 3412.903695 3340.553713 3287.800880 3269.392066 3247.729482 3221.762323 3196.029157 3209.849907 3222.793705 3223.242607 3217.206698 3217.762425 3246.804593 3266.706713 3276.124488 3265.270207 3283.279819 3306.036572 3342.450407 3381.130297 3425.219308 3474.698769 3522.528642 3542.082925 3543.644828 3554.534983 3581.583525 3624.356893 3700.233953 3785.958014 3863.515170 3908.925441 3959.641515 3999.611806 4027.757419 4052.595499 4075.017421 4068.098396 4042.138639 4008.788310 3950.071169 -9999.0 -9999.0 -9999.0 -9999.0 -9999.0 -9999.0 -9999.0 -9999.0 -9999.0
-9999.0 -9999.0 2322.194122 2473.614855 2568.952632 2731.042135 2850.647295 2955.659319 3048.419972 3188.425963 3310.561911 3403.784075 3450.023837 3465.574707 3451.825820 3423.755103 3406.830987 3406.454289 3394.786513 3388.850169 3375.042472 3370.142226 3358.607932 3351.609759 3348.264606 3348.351231 3346.776120 3339.402479 3323.662907 3283.407661 3247.968385 3204.904994 3160.786289 3140.328345 3123.348191 3107.509589 3112.650449 3108.331477 3114.350259 3117.765885 3127.895213 3142.390976 3161.779247 3183.974748 3193.576729 3203.723499 3214.294966 3235.500306 3264.910847 3304.480624 3355.212568 3409.351608 3444.619014 3450.848674 3432.232507 3426.538740 3433.897597 3461.927229 3524.199179 3592.590199 3681.991994 3747.283121 3814.025486 3869.905254 3896.549073 3932.931228 4003.162774 4051.190388 4093.657936 4071.255436 -9999.0 -9999.0 -9999.0 -9999.0 -9999.0 -9999.0 -9999.0 -9999.0 -9999.0 -9999.0
-9999.0 -9999.0 -9999.0 -9999.0 2334.224869 2480.890102 2578.418414 2658.472192 2793.766772 2895.650238 2991.902651 3078.099758 3146.956205 3171.617586 3172.979276 3190.517404 3189.920348 3180.650977 3169.865918 3175.394266 3181.042590 3175.372890 3160.065360 3154.687692 3159.783698 3169.088742 3168.775698 3157.623687 3141.435423 3129.692957 3119.161167 3090.681957 3060.568415 3035.157816 3025.065965 3023.748596 3025.173136 3018.242970 3027.356223 3036.988068 3053.373833 3068.704001 3092.242465 3121.985363 3136.702843 3151.202757 3159.419557 3177.390487 3205.069409 3256.074922 3317.249148 3373.250703 3406.673672 3406.586624 3377.422968 3355.151756 3342.029256 3358.719767 3387.201641 3437.138624 3525.762009 3587.495736 3632.295790 3670.645731 3706.876359 3772.025827 3866.676655 3947.989979 -9999.0 -9999.0 -9999.0 -9999.0 -9999.0 -9999.0 -9999.0 -9999.0 -9999.0 -9999.0 -9999.0 -9999.0
-9999.0 -9999.0 -9999.0 -9999.0 -9999.0 -9999.0 2312.187345 2418.627296 2485.425228 2640.947654 2789.066404 2865.616461 2948.807981 2985.124949 3010.112821 3040.807065 3041.669755 3021.387860 2999.515597 3021.961618 3042.124970 3036.129008 3004.003092 3006.504581 3014.919408 3024.178516 3023.338774 3019.491742 2997.304675 3016.978251 3024.282888 3004.341422 2981.674905 2976.151169 2966.267889 2977.481601 2978.600493 2964.887714 2964.190630 2989.454508 3010.963995 3023.975924 3044.950534 3078.130208 3110.518193 3126.020597 3126.522052 3130.633147 3166.512657 3233.675421 3304.156783 3358.754141 3389.307719 3393.611099 3362.365706 3317.105244 3290.441879 3288.638831 3312.106178 3350.484620 3410.967157 3446.489433 3456.556368 3456.507944 3467.862858 3567.499424 -9999.0 -9999.0 -9999.0 -9999.0 -9999.0 -9999.0 -9999.0 -9999.0 -9999.0 -9999.0 -9999.0 -9999.0 -9999.0 -9999.0
-9999.0 -9999.0 -9999.0 -9999.0 -9999.0 -9999.0 -9999.0 -9999.0 -9999.0 -9999.0 -9999.0 -9999.0 -9999.0 -9999.0 -9999.0 -9999.0 -9999.0 -9999.0 -9999.0 -9999.0 -9999.0 -9999.0 -9999.0 -9999.0 -9999.0 -9999.0 -9999.0 -9999.0 -9999.0 -9999.0 -9999.0 -9999.0 -9999.0 -9999.0 -9999.0 -9999.0 -9999.0 -9999.0 -9999.0 -9999.0 -9999.0 -9999.0 -9999.0 -9999.0 -9999.0 -9999.0 -9999.0 -9999.0 -9999.0 -9999.0 -9999.0 -9999.0 -9999.0 -9999.0 -9999.0 -9999.0 -9999.0 -9999.0 -9999.0 -9999.0 -9999.0 -9999.0 -9999.0 -9999.0 -9999.0 -9999.0 -9999.0 -9999.0 -9999.0 -9999.0 -9999.0 -9999.0 -9999.0 -9999.0 -9999.0 -9999.0 -9999.0 -9999.0 -9999.0 -9999.0
-9999.0 -9999.0 -9999.0 -9999.0 -9999.0 -9999.0 -9999.0 -9999.0 -9999.0 -9999.0 -9999.0 -9999.0 -9999.0 -9999.0 -9999.0 -9999.0 -9999.0 -9999.0 -9999.0 -9999.0 -9999.0 -9999.0 -9999.0 -9999.0 -9999.0 -9999.0 -9999.0 -9999.0 -9999.0 -9999.0 -9999.0 -9999.0 -9999.0 -9999.0 -9999.0 -9999.0 -9999.0 -9999.0 -9999.0 -9999.0 -9999.0 -9999.0 -9999.0 -9999.0 -9999.0 -9999.0 -9999.0 -9999.0 -9999.0 -9999.0 -9999.0 -9999.0 -9999.0 -9999.0 -9999.0 -9999.0 -9999.0 -9999.0 -9999.0 -9999.0 -9999.0 -9999.0 -9999.0 -9999.0 -9999.0 -9999.0 -9999.0 -9999.0 -9999.0 -9999.0 -9999.0 -9999.0 -9999.0 -9999.0 -9999.0 -9999.0 -9999.0 -9999.0 -9999.0 -9999.0