Borden_/Borden1m_014/output_maps/psiliqL0017N0009.asc
ncols         80
nrows         18
xllcorner     620200.000000
yllcorner     5168000.000000
cellsize      1.000000
NODATA_value  -9999.0
-9999.0 -9999.0 -9999.0 -9999.0 -9999.0 -9999.0 -9999.0 -9999.0 -9999.0 -9999.0 -9999.0 -9999.0 -9999.0 -9999.0 -9999.0 -9999.0 -9999.0 -9999.0 -9999.0 -9999.0 -9999.0 -9999.0 -9999.0 -9999.0 -9999.0 -9999.0 -9999.0 -9999.0 -9999.0 -9999.0 -9999.0 -9999.0 -9999.0 -9999.0 -9999.0 -9999.0 -9999.0 -9999.0 -9999.0 -9999.0 -9999.0 -9999.0 -9999.0 -9999.0 -9999.0 -9999.0 -9999.0 -9999.0 -9999.0 -9999.0 -9999.0 -9999.0 -9999.0 -9999.0 -9999.0 -9999.0 -9999.0 -9999.0 -9999.0 -9999.0 -9999.0 -9999.0 -9999.0 -9999.0 -9999.0 -9999.0 -9999.0 -9999.0 -9999.0 -9999.0 -9999.0 -9999.0 -9999.0 -9999.0 -9999.0 -9999.0 -9999.0 -9999.0 -9999.0 -9999.0
-9999.0 -9999.0 -9999.0 -9999.0 -9999.0 -9999.0 -9999.0 -9999.0 -9999.0 -9999.0 -9999.0 -9999.0 -9999.0 -9999.0 -9999.0 -9999.0 -9999.0 -9999.0 -9999.0 -9999.0 -9999.0 -9999.0 -9999.0 -9999.0 -9999.0 -9999.0 -9999.0 -9999.0 -9999.0 -9999.0 -9999.0 -9999.0 -9999.0 -9999.0 -9999.0 -9999.0 -9999.0 -9999.0 -9999.0 -9999.0 -9999.0 -9999.0 -9999.0 -9999.0 -9999.0 -9999.0 -9999.0 -9999.0 -9999.0 -9999.0 -9999.0 -9999.0 -9999.0 -9999.0 -9999.0 -9999.0 -9999.0 -9999.0 -9999.0 -9999.0 -9999.0 -9999.0 -9999.0 -9999.0 -9999.0 -9999.0 -9999.0 -9999.0 -9999.0 -9999.0 -9999.0 -9999.0 -9999.0 -9999.0 -9999.0 -9999.0 -9999.0 -9999.0 -9999.0 -9999.0
-9999.0 -9999.0 -9999.0 -9999.0 -9999.0 -9999.0 -9999.0 -9999.0 -9999.0 -9999.0 -9999.0 -9999.0 -9999.0 -9999.0 -9999.0 -9999.0 -9999.0 -9999.0 -9999.0 -9999.0 1546.293620 1548.941267 1527.770920 1495.055761 1468.390225 1472.090215 1507.860235 1550.344339 1590.052947 1600.402514 1583.507375 1588.088732 1585.945933 1586.904168 1592.187862 1602.453122 1609.926836 1622.390065 1631.307317 1630.740688 1624.347308 1619.098036 1619.662988 1622.021063 1627.427468 1615.552243 1629.722315 1644.227905 1647.446293 1640.194773 1610.808759 1593.136730 1581.763675 1563.985168 1586.887653 1596.477842 1617.000572 1619.055924 1615.480263 1587.223881 1556.325293 -9999.0 -9999.0 -9999.0 -9999.0 -9999.0 -9999.0 -9999.0 -9999.0 -9999.0 -9999.0 -9999.0 -9999.0 -9999.0 -9999.0 -9999.0 -9999.0 -9999.0 -9999.0 -9999.0
-9999.0 -9999.0 -9999.0 -9999.0 -9999.0 -9999.0 -9999.0 -9999.0 -9999.0 -9999.0 -9999.0 -9999.0 -9999.0 -9999.0 1452.596798 1443.950680 1442.269361 1451.675668 1486.291481 1517.660636 1530.102928 1523.655058 1524.787440 1502.233243 1482.754702 1498.472197 1530.267581 1563.199117 1598.364463 1618.540759 1608.400660 1607.954277 1619.848273 1647.780442 1664.132597 1665.491586 1649.678625 1675.442085 1691.341455 1698.692774 1697.335493 1688.015460 1699.053033 1713.662439 1706.556660 1690.271743 1697.373085 1709.516138 1719.294389 1703.658278 1637.209704 1615.848434 1608.777195 1600.489040 1584.604692 1576.481118 1599.835785 1597.116460 1586.928669 1567.417218 1533.226079 1487.945567 1468.018051 1505.726487 1548.148081 1604.062223 -9999.0 -9999.0 -9999.0 -9999.0 -9999.0 -9999.0 -9999.0 -9999.0 -9999.0 -9999.0 -9999.0 -9999.0 -9999.0 -9999.0
-9999.0 -9999.0 -9999.0 -9999.0 -9999.0 -9999.0 -9999.0 -9999.0 -9999.0 1393.034653 1398.551527 1406.668073 1410.023625 1426.437348 1424.419793 1432.561216 1440.227436 1468.822887 1501.193240 1537.728229 1567.787084 1560.471300 1561.944880 1571.986679 1575.456808 1589.654945 1614.495265 1656.350685 1694.227876 1733.380191 1704.131329 1703.163350 1725.804678 1777.686958 1815.957106 1828.135327 1814.736112 1828.159833 1853.413417 1872.938370 1870.316800 1865.780426 1889.249066 1902.401854 1901.487406 1882.231721 1874.440274 1876.715241 1900.504632 1844.783430 1772.199813 1719.240411 1722.786368 1693.353909 1656.742899 1635.594021 1629.447178 1646.185387 1629.079816 1590.239393 1552.496009 1539.192099 1519.857863 1535.969665 1556.639668 1601.292501 1639.052407 1666.420196 1664.653523 1646.324086 -9999.0 -9999.0 -9999.0 -9999.0 -9999.0 -9999.0 -9999.0 -9999.0 -9999.0 -9999.0
-9999.0 -9999.0 -9999.0 -9999.0 -9999.0 -9999.0 1312.961435 1323.569877 1345.033426 1350.073775 1376.779309 1384.800615 1406.180232 1426.145980 1449.003719 1466.147865 1496.788260 1531.001339 1573.124671 1618.111183 1652.791741 1648.795658 1659.837404 1689.088060 1728.201280 1760.282462 1791.073082 1833.825136 1908.256426 1946.721773 1949.476304 1954.700211 1968.767246 2026.923766 2102.790572 2125.631588 2111.816585 2101.250538 2122.690682 2157.234009 2158.687422 2157.716615 2167.967130 2176.962034 2202.789589 2194.487326 2158.092523 2146.959274 2144.683605 2120.300298 2047.121363 1977.188614 1943.523201 1893.590898 1809.839514 1753.578565 1756.933843 1771.628001 1740.384176 1684.345791 1641.623210 1628.480005 1611.094711 1596.453232 1601.568295 1619.217339 1639.704975 1649.477820 1634.922976 1612.323805 1588.548573 1558.598251 1559.437462 1583.756289 -9999.0 -9999.0 -9999.0 -9999.0 -9999.0 -9999.0
-9999.0 -9999.0 -9999.0 -9999.0 1261.900851 1275.686578 1263.982815 1290.674971 1324.682020 1360.232245 1392.648397 1429.910463 1457.743478 1488.672365 1529.035070 1562.744301 1604.955039 1641.947277 1698.669212 1770.857989 1827.179401 1852.910490 1868.376587 1926.059480 1990.067733 2049.678114 2080.269739 2112.394435 2155.760363 2211.005233 2234.289328 2239.875174 2259.826760 2302.520260 2359.441245 2400.739868 2389.939755 2385.787656 2393.986985 2405.387020 2426.921544 2426.748004 2427.709364 2430.019755 2435.191059 2435.139722 2412.454633 2380.197607 2363.890197 2349.451907 2311.481503 2238.024302 2200.098823 2170.735935 2133.144148 2074.380539 2003.370880 1984.434143 1924.193935 1863.417954 1798.185511 1773.649423 1740.615242 1713.061962 1682.553613 1682.773274 1684.526188 1662.309297 1627.989938 1593.971696 1577.283661 1556.889865 1544.231475 1573.194189 1589.787626 1619.236456 -9999.0 -9999.0 -9999.0 -9999.0
-9999.0 -9999.0 1201.147752 1249.774311 1307.893131 1317.650195 1318.423461 1325.759688 1355.991173 1409.777313 1484.527531 1533.956217 1574.930497 1609.629858 1669.503722 1747.864489 1821.119998 1872.109421 1936.742032 2014.771991 2086.862756 2124.604564 2141.463748 2180.431630 2236.345110 2304.482241 2337.836350 2367.473268 2398.766192 2429.785950 2434.354806 2446.511865 2456.339161 2463.689528 2474.953789 2481.930202 2481.581716 2480.040314 2464.002414 2460.819407 2467.545622 2473.183104 2473.935625 2460.390917 2456.567445 2470.674579 2475.714456 2474.801544 2472.497096 2476.461034 2474.922235 2432.721865 2400.565558 2385.790350 2372.838377 2324.086536 2253.886698 2211.393361 2186.866812 2139.339453 2054.949209 1998.928845 1945.211682 1894.302383 1838.452688 1805.849219 1757.519807 1713.395924 1665.095458 1616.724169 1590.885992 1570.815020 1566.342545 1564.372942 1579.352137 1593.647923 1608.307558 1615.742663 -9999.0 -9999.0
-9999.0 1096.151832 1168.674429 1294.829818 1376.012848 1421.327350 1451.151363 1473.178883 1504.191023 1534.738243 1638.267376 1722.012999 1812.744816 1851.274850 1901.719869 2001.798900 2101.989668 2152.861785 2195.599455 2258.809541 2326.562865 2378.619072 2407.725109 2412.572053 2448.964791 2468.667051 2476.457519 2482.721974 2479.765608 2469.928780 2459.473350 2464.203083 2459.591955 2439.948736 2423.529755 2421.659070 2419.386567 2399.268281 2374.072467 2361.371945 2364.652815 2389.046847 2376.789911 2356.337542 2352.458228 2373.308922 2393.152636 2383.981264 2371.079680 2388.220338 2421.889231 2445.029532 2454.870522 2472.481119 2492.342680 2464.241379 2435.403726 2392.647962 2371.993341 2341.465247 2280.704639 2218.213152 2161.577075 2096.704678 2023.624085 1952.011758 1884.878965 1820.583353 1752.673550 1708.582448 1674.049910 1620.910676 1597.620276 1597.209286 1586.953493 1582.821312 1587.799415 1593.653819 -9999.0 -9999.0
-9999.0 1012.319594 1154.412960 1338.547288 1488.044189 1546.743155 1644.850076 1723.813155 1752.923586 1723.518307 1833.639771 2057.454973 2167.525073 2186.581051 2259.187844 2350.480955 2365.032132 2399.401375 2423.978672 2440.452781 2455.223951 2469.074984 2469.172812 2465.151378 2452.443417 2447.441066 2448.750930 2447.422027 2429.474870 2407.604203 2386.864593 2379.901009 2357.778748 2308.358171 2269.846454 2249.830288 2234.377845 2219.751140 2192.862251 2169.556559 2155.761460 2171.594435 2166.866288 2150.762145 2146.655398 2167.363803 2197.639008 2193.490763 2202.502790 2224.206069 2265.135058 2308.326787 2333.757613 2365.290179 2402.753311 2447.667926 2461.789165 2483.529079 2487.143930 2469.405429 2424.735384 2372.204377 2338.518455 2275.954729 2201.898301 2120.117792 2049.431575 1983.217167 1910.858778 1859.424963 1805.615358 1740.975361 1682.290222 1657.443520 1616.321036 1596.191093 -9999.0 -9999.0 -9999.0 -9999.0
-9999.0 928.386881 1114.968248 1370.309557 1653.050914 1761.770144 1973.009022 2106.183600 2165.450334 2239.324747 2201.844608 2365.175229 2409.569108 2406.021848 2407.894383 2411.266572 2425.510593 2427.094968 2423.053561 2414.258319 2407.830362 2406.264663 2406.869088 2401.304374 2391.461324 2379.160453 2367.439958 2355.174460 2315.658595 2277.156006 2234.778606 2216.122108 2172.309404 2073.909121 2022.185659 1979.905799 1921.606390 1919.206038 1918.924091 1894.065054 1876.645543 1855.456451 1879.491164 1885.907808 1888.439494 1888.946140 1903.064012 1927.385585 1972.814630 2011.072572 2060.046038 2120.191036 2160.736310 2206.572248 2254.078640 2312.843402 2348.231489 2380.173301 2428.700378 2467.663386 2491.799407 2481.286201 2457.105343 2412.686826 2343.959111 2280.508312 2232.137079 2160.307905 2094.161275 2033.273870 1974.365387 1907.102870 1829.503634 1745.875599 1702.258689 -9999.0 -9999.0 -9999.0 -9999.0 -9999.0
-9999.0 739.557501 1006.623294 1291.000248 1600.191542 1938.447080 2086.548438 2213.700028 2292.355174 2272.291964 2289.406308 2310.822475 2353.506099 2361.681915 2340.565579 2328.329873 2311.330681 2306.018434 2315.112197 2287.021278 2258.019259 2245.936696 2247.162403 2237.550493 2216.740043 2202.809328 2193.180521 2172.647679 2120.816206 2060.886501 1970.569771 1934.565231 1855.106374 1799.062165 1751.260621 1699.031565 1648.788162 1649.765719 1670.108802 1658.246563 1637.722590 1620.382564 1648.012474 1666.885189 1679.220563 1666.319616 1674.149160 1709.026940 1757.867156 1802.463976 1854.415074 1912.855364 1962.135457 2012.241023 2048.825558 2106.515963 2160.223062 2209.381002 2284.884132 2366.438083 2407.052644 2444.504323 2478.725601 2497.656733 2449.998224 2407.076714 2361.516999 2306.873860 2232.382855 2184.076430 2146.584919 2073.809402 1996.661836 -9999.0 -9999.0 -9999.0 -9999.0 -9999.0 -9999.0 -9999.0
-9999.0 616.041589 829.616104 1051.857302 1330.842255 1570.406149 1774.107604 1885.485787 1975.205010 2029.868663 2076.167481 2114.299607 2145.163135 2167.233833 2144.650350 2100.379644 2064.787945 2061.194456 2049.645354 2021.348963 1989.588269 1974.261076 1972.126049 1966.678718 1944.532955 1932.517783 1923.495821 1901.116158 1866.865662 1807.169253 1724.871802 1649.520014 1588.309551 1557.017924 1526.527897 1493.543079 1459.294651 1470.402514 1483.821948 1482.004121 1473.057013 1471.229653 1500.648002 1519.909803 1529.834681 1518.080510 1536.692638 1562.402833 1603.160393 1646.214083 1695.885543 1752.020301 1806.691007 1837.019041 1853.340110 1882.507818 1925.014484 1981.933680 2073.308725 2175.117572 2259.272340 2313.724108 2369.309199 2408.987538 2429.339310 2446.878097 2431.944082 2363.516150 2269.435388 2264.211403 2258.411704 -9999.0 -9999.0 -9999.0 -9999.0 -9999.0 -9999.0 -9999.0 -9999.0 -9999.0
-9999.0 -9999.0 597.570612 770.397226 901.205110 1078.729573 1229.023550 1341.946070 1439.162063 1564.176775 1676.834276 1764.266369 1808.685977 1825.154577 1809.896712 1775.136001 1750.034445 1744.738872 1729.933278 1716.406675 1695.234957 1686.904750 1675.768717 1668.338793 1660.183380 1656.370363 1652.132393 1641.279336 1619.119337 1571.299821 1522.576742 1470.983350 1417.848219 1392.053451 1369.842061 1348.448407 1347.779068 1344.057001 1350.184731 1352.493792 1360.246062 1373.403752 1393.609339 1415.763591 1425.445389 1434.242138 1446.273871 1469.474609 1502.032658 1544.105567 1598.112486 1656.148107 1696.362163 1709.790461 1701.440815 1708.157504 1729.611405 1773.410544 1856.280511 1944.608439 2047.268374 2128.110557 2207.400793 2267.506901 2294.312170 2321.323000 2350.664082 2308.825321 2156.533759 2218.911958 -9999.0 -9999.0 -9999.0 -9999.0 -9999.0 -9999.0 -9999.0 -9999.0 -9999.0 -9999.0
-9999.0 -9999.0 -9999.0 -9999.0 629.030547 782.914495 880.465981 964.662584 1096.572660 1220.869874 1323.880334 1408.364800 1470.743558 1496.482538 1491.624339 1496.219710 1489.338607 1480.042517 1467.750581 1465.387616 1463.703035 1456.018413 1441.790688 1435.045645 1436.879697 1442.707498 1440.714808 1427.321521 1409.306091 1386.956417 1366.629690 1332.107105 1296.160466 1266.822953 1253.513754 1247.960823 1247.870328 1241.168053 1250.224491 1258.087760 1273.697611 1289.152111 1313.007483 1342.056559 1355.801148 1370.381024 1379.786890 1399.869971 1429.912953 1483.007596 1546.293086 1604.144289 1640.216546 1644.973106 1621.048312 1606.374713 1603.349309 1631.984686 1677.916337 1746.904466 1852.016116 1930.925738 1994.641908 2049.293098 2096.414890 2159.419611 2235.147633 2279.614269 -9999.0 -9999.0 -9999.0 -9999.0 -9999.0 -9999.0 -9999.0 -9999.0 -9999.0 -9999.0 -9999.0 -9999.0
-9999.0 -9999.0 -9999.0 -9999.0 -9999.0 -9999.0 589.681811 692.047609 772.365085 913.064218 1045.423251 1147.526022 1227.780452 1259.143549 1284.954918 1310.490909 1307.002097 1286.659752 1265.857574 1283.582201 1297.038645 1290.959028 1261.075186 1261.239160 1266.747325 1275.526570 1273.760861 1267.637225 1242.602804 1254.185043 1254.787073 1231.302880 1205.132833 1191.225393 1179.344265 1189.016049 1189.394725 1176.001797 1176.786351 1203.939138 1224.491034 1237.786288 1259.626941 1292.824435 1325.094393 1340.168125 1341.282179 1347.040682 1386.567348 1456.437600 1527.920262 1583.284674 1615.795865 1624.036696 1597.243311 1557.639140 1537.701328 1545.298001 1580.751162 1634.380528 1712.049172 1764.460382 1794.983502 1815.930450 1844.346641 1943.772419 -9999.0 -9999.0 -9999.0 -9999.0 -9999.0 -9999.0 -9999.0 -9999.0 -9999.0 -9999.0 -9999.0 -9999.0 -9999.0 -9999.0
-9999.0 -9999.0 -9999.0 -9999.0 -9999.0 -9999.0 -9999.0 -9999.0 -9999.0 -9999.0 -9999.0 -9999.0 -9999.0 -9999.0 -9999.0 -9999.0 -9999.0 -9999.0 -9999.0 -9999.0 -9999.0 -9999.0 -9999.0 -9999.0 -9999.0 -9999.0 -9999.0 -9999.0 -9999.0 -9999.0 -9999.0 -9999.0 -9999.0 -9999.0 -9999.0 -9999.0 -9999.0 -9999.0 -9999.0 -9999.0 -9999.0 -9999.0 -9999.0 -9999.0 -9999.0 -9999.0 -9999.0 -9999.0 -9999.0 -9999.0 -9999.0 -9999.0 -9999.0 -9999.0 -9999.0 -9999.0 -9999.0 -9999.0 -9999.0 -9999.0 -9999.0 -9999.0 -9999.0 -9999.0 -9999.0 -9999.0 -9999.0 -9999.0 -9999.0 -9999.0 -9999.0 -9999.0 -9999.0 -9999.0 -9999.0 -9999.0 -9999.0 -9999.0 -9999.0 -9999.0
-9999.0 -9999.0 -9999.0 -9999.0 -9999.0 -9999.0 -9999.0 -9999.0 -9999.0 -9999.0 -9999.0 -9999.0 -9999.0 -9999.0 -9999.0 -9999.0 -9999.0 -9999.0 -9999.0 -9999.0 -9999.0 -9999.0 -9999.0 -9999.0 -9999.0 -9999.0 -9999.0 -9999.0 -9999.0 -9999.0 -9999.0 -9999.0 -9999.0 -9999.0 -9999.0 -9999.0 -9999.0 -9999.0 -9999.0 -9999.0 -9999.0 -9999.0 -9999.0 -9999.0 -9999.0 -9999.0 -9999.0 -9999.0 -9999.0 -9999.0 -9999.0 -9999.0 -9999.0 -9999.0 -9999.0 -9999.0 -9999.0 -9999.0 -9999.0 -9999.0 -9999.0 -9999.0 -9999.0 -9999.0 -9999.0 -9999.0 -9999.0 -9999.0 -9999.0 -9999.0 -9999.0 -9999.0 -9999.0 -9999.0 -9999.0 -9999.0 -9999.0 -9999.0 -9999.0 -9999.0