Borden_/Borden1m_014/output_maps/psiliqL0013N0031.asc
ncols         80
nrows         18
xllcorner     620200.000000
yllcorner     5168000.000000
cellsize      1.000000
NODATA_value  -9999.0
-9999.0 -9999.0 -9999.0 -9999.0 -9999.0 -9999.0 -9999.0 -9999.0 -9999.0 -9999.0 -9999.0 -9999.0 -9999.0 -9999.0 -9999.0 -9999.0 -9999.0 -9999.0 -9999.0 -9999.0 -9999.0 -9999.0 -9999.0 -9999.0 -9999.0 -9999.0 -9999.0 -9999.0 -9999.0 -9999.0 -9999.0 -9999.0 -9999.0 -9999.0 -9999.0 -9999.0 -9999.0 -9999.0 -9999.0 -9999.0 -9999.0 -9999.0 -9999.0 -9999.0 -9999.0 -9999.0 -9999.0 -9999.0 -9999.0 -9999.0 -9999.0 -9999.0 -9999.0 -9999.0 -9999.0 -9999.0 -9999.0 -9999.0 -9999.0 -9999.0 -9999.0 -9999.0 -9999.0 -9999.0 -9999.0 -9999.0 -9999.0 -9999.0 -9999.0 -9999.0 -9999.0 -9999.0 -9999.0 -9999.0 -9999.0 -9999.0 -9999.0 -9999.0 -9999.0 -9999.0
-9999.0 -9999.0 -9999.0 -9999.0 -9999.0 -9999.0 -9999.0 -9999.0 -9999.0 -9999.0 -9999.0 -9999.0 -9999.0 -9999.0 -9999.0 -9999.0 -9999.0 -9999.0 -9999.0 -9999.0 -9999.0 -9999.0 -9999.0 -9999.0 -9999.0 -9999.0 -9999.0 -9999.0 -9999.0 -9999.0 -9999.0 -9999.0 -9999.0 -9999.0 -9999.0 -9999.0 -9999.0 -9999.0 -9999.0 -9999.0 -9999.0 -9999.0 -9999.0 -9999.0 -9999.0 -9999.0 -9999.0 -9999.0 -9999.0 -9999.0 -9999.0 -9999.0 -9999.0 -9999.0 -9999.0 -9999.0 -9999.0 -9999.0 -9999.0 -9999.0 -9999.0 -9999.0 -9999.0 -9999.0 -9999.0 -9999.0 -9999.0 -9999.0 -9999.0 -9999.0 -9999.0 -9999.0 -9999.0 -9999.0 -9999.0 -9999.0 -9999.0 -9999.0 -9999.0 -9999.0
-9999.0 -9999.0 -9999.0 -9999.0 -9999.0 -9999.0 -9999.0 -9999.0 -9999.0 -9999.0 -9999.0 -9999.0 -9999.0 -9999.0 -9999.0 -9999.0 -9999.0 -9999.0 -9999.0 -9999.0 744.782703 747.751995 726.184268 693.262066 666.179411 669.395395 705.203796 747.720887 787.502988 798.889818 782.212422 785.654111 782.061156 781.974210 785.375314 792.791945 797.414403 809.379795 818.728859 819.433014 814.412555 810.115441 810.837832 814.196168 819.216373 807.868372 820.590884 834.551283 838.576237 831.722159 802.821631 785.482733 774.934436 757.922426 780.783467 791.233366 812.679306 815.629036 812.893732 784.940494 754.255256 -9999.0 -9999.0 -9999.0 -9999.0 -9999.0 -9999.0 -9999.0 -9999.0 -9999.0 -9999.0 -9999.0 -9999.0 -9999.0 -9999.0 -9999.0 -9999.0 -9999.0 -9999.0 -9999.0
-9999.0 -9999.0 -9999.0 -9999.0 -9999.0 -9999.0 -9999.0 -9999.0 -9999.0 -9999.0 -9999.0 -9999.0 -9999.0 -9999.0 651.955259 642.875116 640.932698 650.310583 684.834396 715.737630 728.248039 721.550593 722.587849 700.137827 680.809113 696.112319 727.270215 760.577019 796.954403 818.961412 808.889245 807.929545 819.033177 845.845180 860.061363 858.280014 839.044543 863.161736 880.306910 890.624843 891.674181 884.579946 898.760217 914.910694 907.711637 889.394074 892.661395 902.979060 913.892822 897.692635 831.551067 809.727110 803.387134 794.527880 778.576762 770.431671 794.151818 792.986735 783.389526 764.200998 730.607301 685.844175 666.627808 704.297027 747.282619 803.915322 -9999.0 -9999.0 -9999.0 -9999.0 -9999.0 -9999.0 -9999.0 -9999.0 -9999.0 -9999.0 -9999.0 -9999.0 -9999.0 -9999.0
-9999.0 -9999.0 -9999.0 -9999.0 -9999.0 -9999.0 -9999.0 -9999.0 -9999.0 592.014998 596.940041 605.010201 608.165629 624.732430 623.253603 631.336408 639.685782 667.706047 699.982206 736.246189 766.150080 758.340119 760.359505 772.471462 778.209378 792.138893 815.761432 858.906951 902.243056 946.013871 919.627715 919.156388 939.953257 988.907334 1024.218652 1032.774094 1014.943728 1023.718086 1051.005695 1076.558346 1079.312574 1079.306952 1105.495212 1119.793979 1121.179204 1099.649564 1083.149509 1080.430471 1103.224657 1048.941856 980.004830 926.353397 926.829930 893.647994 852.227116 829.203650 824.299045 843.112413 826.099146 786.949091 748.932441 736.761030 718.167649 733.780628 754.775833 799.986190 837.603479 864.991304 863.662414 845.489076 -9999.0 -9999.0 -9999.0 -9999.0 -9999.0 -9999.0 -9999.0 -9999.0 -9999.0 -9999.0
-9999.0 -9999.0 -9999.0 -9999.0 -9999.0 -9999.0 512.053017 521.975198 542.873435 548.484116 574.557650 583.028873 604.793028 625.361216 648.112058 666.260817 698.202646 732.856621 775.804569 821.241150 855.734820 853.370197 866.464365 900.365303 942.556221 974.455415 1002.137792 1045.820380 1126.466918 1172.572996 1183.546410 1190.215585 1200.978329 1249.218884 1313.010615 1329.097448 1309.218255 1295.352461 1316.548351 1355.135811 1366.231198 1369.991274 1380.661498 1390.054215 1415.005254 1404.020768 1360.340175 1342.063774 1336.663185 1319.557629 1258.980847 1194.642579 1156.472088 1103.793658 1017.604356 958.808469 961.303538 976.207670 943.481327 886.254894 841.774885 828.434368 811.118188 795.475793 799.459546 816.740876 837.471178 847.038555 832.714261 810.533469 786.660796 757.079553 758.247140 783.066760 -9999.0 -9999.0 -9999.0 -9999.0 -9999.0 -9999.0
-9999.0 -9999.0 -9999.0 -9999.0 461.379915 474.672148 463.272610 488.831580 522.305882 557.376521 590.736014 629.288996 658.345452 690.474388 733.423619 771.383646 816.938169 855.694458 913.670326 985.456747 1040.807461 1069.715339 1089.558766 1151.023710 1213.648957 1266.769133 1288.833270 1318.278595 1364.086375 1427.845470 1456.894258 1464.595314 1482.462619 1516.009113 1561.476326 1593.793817 1578.022757 1571.535942 1577.891811 1590.507847 1616.357460 1619.213380 1621.713934 1623.853436 1627.393101 1625.452579 1599.644139 1564.631386 1549.507273 1539.631228 1511.105799 1442.792894 1398.715708 1366.293363 1332.574844 1280.448949 1214.168970 1194.623365 1135.063868 1074.433587 1006.529931 980.007638 945.568242 916.334071 883.298029 881.281691 881.302114 858.290739 824.270255 790.402329 774.092465 754.383465 742.883921 772.290674 789.434893 819.620111 -9999.0 -9999.0 -9999.0 -9999.0
-9999.0 -9999.0 401.508156 450.887933 508.200969 517.828621 519.834405 526.843972 556.460566 609.998792 688.405743 742.080452 788.217779 824.656330 888.084644 972.851796 1051.171852 1104.160852 1166.070583 1236.570241 1299.993223 1337.167054 1359.454552 1399.531892 1452.355152 1511.680522 1538.091530 1564.695407 1596.310901 1630.576468 1645.618275 1660.414439 1668.427135 1669.906190 1674.291325 1675.214065 1670.869143 1665.459719 1647.378483 1644.309901 1652.204101 1657.677237 1659.943198 1646.933703 1642.836921 1655.519118 1657.917802 1656.071734 1655.381092 1662.556893 1667.053479 1629.479450 1587.907330 1571.207834 1561.031148 1516.680259 1452.833535 1407.936111 1383.348642 1339.491141 1260.390355 1206.253377 1152.953305 1100.244042 1043.102570 1006.776232 955.404978 909.164247 859.683127 811.476140 786.347747 767.063334 763.765344 763.082143 778.588697 793.517042 808.504718 816.100975 -9999.0 -9999.0
-9999.0 299.214732 371.941385 499.037455 579.718304 625.816142 661.571968 688.361436 718.449974 744.499230 853.893366 951.497966 1046.642082 1086.309871 1140.692430 1240.316367 1336.802334 1383.183515 1420.824996 1474.675898 1533.068772 1580.953683 1610.960192 1627.421066 1659.958179 1670.155991 1672.440127 1675.307338 1671.204706 1663.992800 1655.328014 1661.878796 1658.475585 1639.901230 1624.022719 1620.505072 1613.958026 1588.721387 1559.759312 1544.845396 1547.668731 1570.032717 1558.745679 1538.480869 1534.784018 1555.457419 1573.733630 1565.034301 1553.924481 1572.558869 1607.687437 1629.875077 1641.576530 1657.503279 1678.078155 1653.036325 1623.369322 1581.616817 1561.484737 1531.043305 1470.771051 1407.913473 1352.175887 1289.707007 1221.078633 1149.765710 1082.582428 1016.892752 946.754081 903.080407 869.855090 817.859444 795.120724 795.640769 785.794781 782.272542 787.884619 793.971467 -9999.0 -9999.0
-9999.0 221.055348 364.020938 549.533183 698.933281 761.159215 869.911947 953.728115 985.642578 962.336031 1074.527193 1295.411161 1393.752932 1411.549360 1481.993937 1567.105263 1592.250361 1624.071212 1645.555540 1652.654240 1658.662347 1668.158341 1667.286015 1662.041582 1648.049558 1640.283196 1638.800676 1635.170227 1616.350191 1596.015230 1577.677907 1573.114204 1554.620279 1511.734963 1478.605428 1460.811433 1443.551111 1420.733180 1385.839411 1358.452161 1343.994753 1360.368296 1352.699968 1335.763883 1332.110577 1354.575090 1387.245299 1383.153106 1391.054873 1414.153750 1455.428217 1496.786453 1520.438212 1550.799402 1588.341717 1632.575411 1649.428298 1670.775437 1675.138770 1654.356717 1609.618360 1557.228395 1521.319108 1456.170274 1381.200931 1300.569655 1233.726125 1169.144336 1097.613179 1048.399142 998.991740 939.998332 883.309753 857.134664 816.341490 795.415981 -9999.0 -9999.0 -9999.0 -9999.0
-9999.0 145.497023 334.774177 595.782212 869.220207 988.343318 1192.709467 1323.253064 1385.074686 1450.199157 1444.123988 1580.846012 1616.633700 1612.315016 1608.207021 1612.237461 1628.004299 1632.240106 1629.151583 1619.447766 1610.280719 1606.512921 1605.248874 1597.803856 1585.267972 1569.776182 1555.826824 1541.259979 1500.833194 1466.042670 1430.282992 1414.404536 1375.595120 1284.404503 1240.836452 1205.273976 1148.816558 1140.165156 1131.092244 1101.474793 1081.284180 1061.961194 1082.618964 1085.734179 1087.873426 1093.172227 1112.018218 1135.383213 1179.925347 1217.337453 1262.947857 1316.621670 1352.178074 1396.685471 1444.923249 1502.966167 1536.635766 1568.350072 1615.323169 1654.617607 1677.174331 1665.934698 1636.369299 1589.010520 1516.190926 1445.289134 1391.824074 1315.542644 1248.617677 1195.499704 1150.951629 1100.641321 1034.336659 947.895681 904.013000 -9999.0 -9999.0 -9999.0 -9999.0 -9999.0
-9999.0 -27.633977 240.379572 531.402019 851.798434 1178.117484 1305.442497 1440.887535 1513.878517 1474.300630 1474.937132 1498.181071 1539.885663 1548.883112 1530.480361 1523.114287 1513.246206 1513.680999 1526.551439 1500.125557 1469.377597 1455.451968 1454.517666 1442.399009 1418.907357 1400.974923 1387.276992 1365.536616 1315.781981 1264.079109 1183.415565 1153.515920 1077.068497 1015.655811 968.653413 918.220127 866.220144 863.486010 879.022409 862.873589 840.006359 821.253704 847.442012 864.561288 876.630604 866.382374 876.289429 912.914561 963.572970 1009.257990 1061.907568 1119.538938 1168.057008 1218.197064 1252.848350 1305.879885 1354.643602 1402.655566 1477.309418 1556.708193 1593.419882 1627.774486 1660.180861 1673.266263 1619.480072 1565.003619 1507.626423 1438.285094 1349.658622 1304.131420 1282.273055 1246.781780 1193.288630 -9999.0 -9999.0 -9999.0 -9999.0 -9999.0 -9999.0 -9999.0
-9999.0 -156.303874 66.431596 301.799320 591.920136 831.433531 1023.456824 1135.982219 1216.688783 1240.854530 1269.145770 1302.571593 1334.439449 1357.821748 1336.742909 1299.216835 1271.730925 1275.833119 1272.549130 1248.181217 1218.023709 1202.666165 1200.194260 1192.602441 1167.124719 1151.144433 1138.813051 1114.307967 1077.280056 1019.140909 937.050962 864.596275 801.855823 767.120167 735.978376 702.293363 665.019390 674.650820 687.385748 683.067399 671.630288 668.039794 697.297325 716.177594 726.439651 714.661717 734.017642 761.410453 803.939182 847.752384 898.105655 955.018560 1010.719531 1042.925137 1060.340816 1090.493159 1133.903337 1191.110288 1279.041657 1374.665077 1451.699021 1501.395351 1551.205195 1582.817875 1593.459091 1602.911995 1570.956043 1478.131593 1345.576082 1348.469710 1352.941418 -9999.0 -9999.0 -9999.0 -9999.0 -9999.0 -9999.0 -9999.0 -9999.0 -9999.0
-9999.0 -9999.0 -168.460195 13.524705 159.211263 342.310300 494.413961 605.045866 690.253969 795.231838 894.925952 976.495586 1021.054239 1039.185814 1023.733626 987.590228 964.285687 964.048592 954.025169 941.760626 919.813608 910.974406 900.154097 891.598104 879.757993 872.677138 866.196974 853.470703 829.486969 781.000845 729.547258 676.891086 622.321716 596.097514 573.504059 551.066774 548.468193 545.103742 550.985406 552.186381 558.313044 570.482734 590.835934 612.602412 622.318571 630.592796 643.349373 667.382111 700.974210 743.407016 797.592489 855.559135 895.987392 909.941928 902.233521 909.933448 933.799564 980.562953 1067.497884 1156.418100 1252.232266 1323.896401 1394.746409 1445.026327 1459.410020 1472.641694 1478.885341 1395.037427 1020.723243 1267.333523 -9999.0 -9999.0 -9999.0 -9999.0 -9999.0 -9999.0 -9999.0 -9999.0 -9999.0 -9999.0
-9999.0 -9999.0 -9999.0 -9999.0 -128.974275 27.618575 124.078996 208.145996 334.446203 450.146832 547.112330 627.731745 686.326062 711.876470 704.722860 705.175329 698.841366 693.607395 684.239663 681.093742 677.763638 669.865210 656.597843 648.773861 648.498947 652.220850 649.234571 635.084738 617.281666 592.011619 569.409410 534.105981 497.204171 467.616206 454.164370 447.678633 447.447448 441.020502 449.982878 456.803466 471.797959 487.088763 510.959772 539.669128 552.962700 567.560112 577.439016 598.304281 628.799087 682.214321 745.507368 802.987746 838.462930 843.070714 818.483856 803.790624 801.704424 831.688117 880.545542 952.617755 1058.317581 1135.239376 1196.618296 1242.737341 1274.117843 1316.510870 1357.833150 1377.796059 -9999.0 -9999.0 -9999.0 -9999.0 -9999.0 -9999.0 -9999.0 -9999.0 -9999.0 -9999.0 -9999.0 -9999.0
-9999.0 -9999.0 -9999.0 -9999.0 -9999.0 -9999.0 -176.747398 -77.478485 6.752721 138.298476 261.289999 358.466756 436.151347 465.027000 487.378384 511.962149 508.857652 491.165373 473.246435 490.745565 502.388612 496.761874 467.796577 466.658542 470.580917 478.974687 476.872935 470.197402 444.852085 454.294486 453.550770 430.013697 403.642525 389.266254 377.353260 386.960606 387.351102 374.189426 375.570272 401.968193 421.939835 435.225216 457.368816 490.543752 522.722757 537.546402 538.829321 545.148129 586.024718 656.414554 727.579478 782.297089 814.226741 822.199737 794.681419 754.632636 734.340674 742.202505 778.378714 833.531784 912.439259 964.843681 995.548888 1014.080903 1037.123453 1128.398150 -9999.0 -9999.0 -9999.0 -9999.0 -9999.0 -9999.0 -9999.0 -9999.0 -9999.0 -9999.0 -9999.0 -9999.0 -9999.0 -9999.0
-9999.0 -9999.0 -9999.0 -9999.0 -9999.0 -9999.0 -9999.0 -9999.0 -9999.0 -9999.0 -9999.0 -9999.0 -9999.0 -9999.0 -9999.0 -9999.0 -9999.0 -9999.0 -9999.0 -9999.0 -9999.0 -9999.0 -9999.0 -9999.0 -9999.0 -9999.0 -9999.0 -9999.0 -9999.0 -9999.0 -9999.0 -9999.0 -9999.0 -9999.0 -9999.0 -9999.0 -9999.0 -9999.0 -9999.0 -9999.0 -9999.0 -9999.0 -9999.0 -9999.0 -9999.0 -9999.0 -9999.0 -9999.0 -9999.0 -9999.0 -9999.0 -9999.0 -9999.0 -9999.0 -9999.0 -9999.0 -9999.0 -9999.0 -9999.0 -9999.0 -9999.0 -9999.0 -9999.0 -9999.0 -9999.0 -9999.0 -9999.0 -9999.0 -9999.0 -9999.0 -9999.0 -9999.0 -9999.0 -9999.0 -9999.0 -9999.0 -9999.0 -9999.0 -9999.0 -9999.0
-9999.0 -9999.0 -9999.0 -9999.0 -9999.0 -9999.0 -9999.0 -9999.0 -9999.0 -9999.0 -9999.0 -9999.0 -9999.0 -9999.0 -9999.0 -9999.0 -9999.0 -9999.0 -9999.0 -9999.0 -9999.0 -9999.0 -9999.0 -9999.0 -9999.0 -9999.0 -9999.0 -9999.0 -9999.0 -9999.0 -9999.0 -9999.0 -9999.0 -9999.0 -9999.0 -9999.0 -9999.0 -9999.0 -9999.0 -9999.0 -9999.0 -9999.0 -9999.0 -9999.0 -9999.0 -9999.0 -9999.0 -9999.0 -9999.0 -9999.0 -9999.0 -9999.0 -9999.0 -9999.0 -9999.0 -9999.0 -9999.0 -9999.0 -9999.0 -9999.0 -9999.0 -9999.0 -9999.0 -9999.0 -9999.0 -9999.0 -9999.0 -9999.0 -9999.0 -9999.0 -9999.0 -9999.0 -9999.0 -9999.0 -9999.0 -9999.0 -9999.0 -9999.0 -9999.0 -9999.0