Borden_/Borden1m_014/output_maps/psiliqL0017N0018.asc
ncols         80
nrows         18
xllcorner     620200.000000
yllcorner     5168000.000000
cellsize      1.000000
NODATA_value  -9999.0
-9999.0 -9999.0 -9999.0 -9999.0 -9999.0 -9999.0 -9999.0 -9999.0 -9999.0 -9999.0 -9999.0 -9999.0 -9999.0 -9999.0 -9999.0 -9999.0 -9999.0 -9999.0 -9999.0 -9999.0 -9999.0 -9999.0 -9999.0 -9999.0 -9999.0 -9999.0 -9999.0 -9999.0 -9999.0 -9999.0 -9999.0 -9999.0 -9999.0 -9999.0 -9999.0 -9999.0 -9999.0 -9999.0 -9999.0 -9999.0 -9999.0 -9999.0 -9999.0 -9999.0 -9999.0 -9999.0 -9999.0 -9999.0 -9999.0 -9999.0 -9999.0 -9999.0 -9999.0 -9999.0 -9999.0 -9999.0 -9999.0 -9999.0 -9999.0 -9999.0 -9999.0 -9999.0 -9999.0 -9999.0 -9999.0 -9999.0 -9999.0 -9999.0 -9999.0 -9999.0 -9999.0 -9999.0 -9999.0 -9999.0 -9999.0 -9999.0 -9999.0 -9999.0 -9999.0 -9999.0
-9999.0 -9999.0 -9999.0 -9999.0 -9999.0 -9999.0 -9999.0 -9999.0 -9999.0 -9999.0 -9999.0 -9999.0 -9999.0 -9999.0 -9999.0 -9999.0 -9999.0 -9999.0 -9999.0 -9999.0 -9999.0 -9999.0 -9999.0 -9999.0 -9999.0 -9999.0 -9999.0 -9999.0 -9999.0 -9999.0 -9999.0 -9999.0 -9999.0 -9999.0 -9999.0 -9999.0 -9999.0 -9999.0 -9999.0 -9999.0 -9999.0 -9999.0 -9999.0 -9999.0 -9999.0 -9999.0 -9999.0 -9999.0 -9999.0 -9999.0 -9999.0 -9999.0 -9999.0 -9999.0 -9999.0 -9999.0 -9999.0 -9999.0 -9999.0 -9999.0 -9999.0 -9999.0 -9999.0 -9999.0 -9999.0 -9999.0 -9999.0 -9999.0 -9999.0 -9999.0 -9999.0 -9999.0 -9999.0 -9999.0 -9999.0 -9999.0 -9999.0 -9999.0 -9999.0 -9999.0
-9999.0 -9999.0 -9999.0 -9999.0 -9999.0 -9999.0 -9999.0 -9999.0 -9999.0 -9999.0 -9999.0 -9999.0 -9999.0 -9999.0 -9999.0 -9999.0 -9999.0 -9999.0 -9999.0 -9999.0 1554.686289 1557.598194 1536.908530 1504.773786 1478.617050 1482.651951 1518.677930 1561.593753 1602.111952 1613.565870 1597.731582 1602.929371 1600.560308 1600.189258 1603.334673 1611.351359 1616.904453 1627.973608 1636.073274 1635.198435 1628.850725 1623.847284 1624.764396 1627.454516 1633.071884 1621.282051 1635.614260 1650.701727 1655.121506 1649.516360 1621.794413 1604.971333 1593.525715 1575.209252 1597.605539 1606.931930 1627.305874 1629.190669 1625.400317 1597.000331 1566.048695 -9999.0 -9999.0 -9999.0 -9999.0 -9999.0 -9999.0 -9999.0 -9999.0 -9999.0 -9999.0 -9999.0 -9999.0 -9999.0 -9999.0 -9999.0 -9999.0 -9999.0 -9999.0 -9999.0
-9999.0 -9999.0 -9999.0 -9999.0 -9999.0 -9999.0 -9999.0 -9999.0 -9999.0 -9999.0 -9999.0 -9999.0 -9999.0 -9999.0 1459.047968 1450.792592 1449.667181 1459.678966 1494.822035 1526.496879 1538.981064 1532.847584 1534.596645 1512.814464 1493.923582 1509.779211 1541.478326 1574.687314 1610.934043 1632.791794 1624.285211 1624.788628 1636.303417 1661.941392 1674.621773 1672.473286 1653.915328 1677.768565 1692.724070 1699.931444 1698.920881 1690.144926 1701.827362 1716.975978 1710.125720 1693.710091 1700.663958 1713.375357 1724.792485 1711.698451 1648.122888 1628.289277 1621.030811 1611.851579 1595.352175 1587.227348 1610.851490 1608.162801 1597.755156 1578.065357 1543.901123 1498.931282 1478.902669 1516.297617 1558.329401 1613.890968 -9999.0 -9999.0 -9999.0 -9999.0 -9999.0 -9999.0 -9999.0 -9999.0 -9999.0 -9999.0 -9999.0 -9999.0 -9999.0 -9999.0
-9999.0 -9999.0 -9999.0 -9999.0 -9999.0 -9999.0 -9999.0 -9999.0 -9999.0 1397.465445 1403.181579 1411.684529 1415.600870 1432.681217 1431.266756 1440.047099 1448.394214 1477.695085 1510.649743 1547.419460 1577.421403 1570.399555 1572.774025 1584.084310 1588.330998 1601.999472 1625.601827 1667.182629 1706.776760 1749.058430 1722.835175 1723.635593 1745.604502 1792.963679 1823.952062 1829.909761 1811.934447 1822.525364 1846.630939 1866.396572 1864.811718 1861.387226 1885.994702 1900.045386 1899.479713 1879.623037 1870.873219 1873.475755 1899.692036 1848.550146 1781.869125 1732.184599 1735.114224 1703.855296 1666.417807 1646.095080 1641.435206 1658.747058 1641.359362 1602.275477 1564.675667 1551.547947 1532.030918 1547.732205 1567.915038 1612.057098 1649.501176 1676.259017 1673.842531 1655.052283 -9999.0 -9999.0 -9999.0 -9999.0 -9999.0 -9999.0 -9999.0 -9999.0 -9999.0 -9999.0
-9999.0 -9999.0 -9999.0 -9999.0 -9999.0 -9999.0 1317.244899 1327.969071 1349.567547 1354.715936 1381.674541 1390.137347 1412.204980 1433.075469 1456.907524 1474.946174 1506.382304 1541.457694 1584.267088 1629.096826 1662.806485 1658.663427 1671.026312 1702.565844 1742.811535 1772.652843 1799.376462 1840.426994 1917.239678 1961.053041 1968.930099 1977.185641 1990.411078 2041.154877 2105.113960 2118.672664 2098.118776 2083.479687 2103.439502 2138.612420 2141.934724 2142.521647 2153.830754 2163.799821 2190.032509 2180.810277 2142.858163 2131.630720 2132.497421 2115.165083 2052.049972 1987.688292 1952.365358 1899.284127 1814.774988 1761.283127 1769.079473 1785.452745 1753.644843 1697.354051 1655.472736 1643.029991 1625.495577 1610.342478 1614.914683 1631.878824 1651.627125 1660.540235 1645.113258 1621.789296 1597.506892 1566.825895 1566.899557 1590.637403 -9999.0 -9999.0 -9999.0 -9999.0 -9999.0 -9999.0
-9999.0 -9999.0 -9999.0 -9999.0 1265.956804 1279.982490 1268.480895 1295.347680 1329.500003 1365.198592 1397.871016 1435.602322 1464.334112 1496.607571 1538.474545 1573.271637 1616.099026 1654.082124 1711.721859 1782.727343 1835.526894 1859.683408 1876.807358 1938.087806 2003.647676 2058.507292 2081.008969 2109.223641 2154.339322 2215.423546 2244.241235 2253.228044 2273.357049 2311.581758 2360.867223 2394.548407 2377.275690 2368.337068 2374.117375 2385.279630 2408.019290 2409.043641 2410.907185 2413.918258 2419.452050 2418.915675 2395.116710 2362.893269 2349.767396 2340.861076 2309.386129 2238.176056 2197.141952 2164.559984 2127.627486 2074.319655 2012.011614 1995.940672 1934.663865 1874.313532 1812.157605 1790.001213 1757.070937 1729.099614 1698.457435 1698.082534 1698.942359 1675.624335 1640.122798 1605.072205 1587.495692 1566.154004 1552.483858 1580.432909 1596.049359 1624.734704 -9999.0 -9999.0 -9999.0 -9999.0
-9999.0 -9999.0 1204.443976 1253.429047 1312.039891 1322.256443 1323.362855 1330.817710 1361.056045 1414.820135 1489.609530 1539.236699 1581.273381 1618.011031 1680.274241 1759.662494 1832.372080 1883.998760 1949.791401 2025.151741 2089.926427 2123.949088 2141.960396 2184.119803 2241.959253 2307.661380 2336.044184 2363.199005 2395.739675 2431.012384 2439.670841 2454.403716 2464.839353 2470.373565 2477.907606 2480.029148 2474.017906 2466.920959 2446.818083 2441.563039 2447.851243 2453.630316 2454.696011 2441.452933 2438.131671 2452.799344 2458.430642 2458.945311 2459.865130 2468.237999 2470.644458 2429.060414 2394.332625 2377.422455 2365.332636 2319.694983 2253.643082 2211.665328 2186.438972 2141.706386 2064.096254 2012.876657 1959.760701 1909.426818 1855.491368 1823.251185 1774.526126 1729.406903 1679.688278 1630.125571 1603.280085 1582.107167 1576.322371 1572.829041 1586.335863 1599.289909 1612.758291 1619.550683 -9999.0 -9999.0
-9999.0 1099.162327 1171.986251 1298.662643 1380.492626 1426.396096 1456.491371 1478.187268 1508.687017 1538.634216 1641.499747 1724.238867 1815.797619 1857.207668 1911.297721 2012.066971 2109.414060 2159.295191 2202.874227 2265.162392 2329.293126 2379.264283 2409.179653 2415.662329 2452.521998 2470.362669 2475.121454 2479.651502 2477.131616 2469.446993 2461.182924 2467.330205 2463.457054 2444.092830 2427.199077 2422.562298 2414.740727 2387.630983 2356.468049 2339.886355 2341.254283 2364.616132 2352.269826 2331.892862 2328.792665 2351.207791 2373.237367 2367.204807 2358.845587 2380.290419 2416.943846 2440.168128 2448.773697 2465.927290 2486.691835 2460.210444 2432.703111 2389.588919 2368.791073 2339.581757 2281.671189 2220.801583 2164.682912 2103.164664 2036.073240 1967.244035 1901.984732 1837.929836 1768.778195 1723.996326 1689.080448 1635.113494 1610.349623 1607.765848 1595.355772 1589.314762 1592.481439 1597.536509 -9999.0 -9999.0
-9999.0 1015.394345 1157.851855 1342.618185 1492.821645 1551.940817 1649.741811 1726.996088 1754.357040 1723.118508 1831.339226 2051.628166 2161.181585 2183.114934 2260.247946 2354.747462 2370.366124 2406.035056 2432.303918 2449.276085 2462.854538 2475.507183 2474.870676 2469.692864 2454.827195 2446.737886 2445.015302 2441.808710 2423.680145 2403.273240 2383.957909 2377.682222 2356.777514 2310.206377 2275.472656 2255.287607 2234.579732 2212.131366 2178.019394 2149.731438 2133.391345 2147.670743 2142.432210 2126.700382 2123.596721 2146.311699 2180.133981 2180.556837 2195.012778 2221.331296 2263.285705 2304.053278 2327.876677 2359.856464 2398.141526 2443.855131 2458.666451 2481.006545 2485.419465 2468.553212 2424.371040 2371.414505 2336.632053 2274.226798 2202.586768 2124.344030 2059.292155 1995.825969 1923.374655 1873.581157 1821.885277 1758.108270 1698.705462 1670.863862 1626.889489 1604.250114 -9999.0 -9999.0 -9999.0 -9999.0
-9999.0 931.540888 1118.532287 1374.500234 1657.640504 1765.786115 1975.380771 2104.705484 2159.877402 2229.145111 2188.987829 2350.585332 2395.736029 2395.215610 2401.593930 2409.788795 2428.617401 2434.561863 2434.074042 2427.272547 2420.923035 2418.074392 2416.229881 2406.726179 2391.941182 2374.700566 2359.334051 2345.347866 2306.848672 2272.262255 2232.861732 2214.760121 2171.883186 2078.590287 2034.748906 1994.935559 1932.657837 1923.897799 1917.601935 1888.294385 1868.153295 1845.713364 1869.262437 1875.747488 1879.336589 1882.203367 1899.921457 1929.023406 1980.069228 2021.896973 2068.942922 2122.960015 2160.438808 2206.670746 2253.739406 2310.141700 2344.562538 2377.708796 2427.886425 2468.061146 2492.572066 2481.495257 2455.916541 2409.606229 2339.528101 2275.144583 2227.856806 2156.806100 2092.644488 2037.746296 1985.589235 1924.254049 1849.777514 1762.044451 1715.454033 -9999.0 -9999.0 -9999.0 -9999.0 -9999.0
-9999.0 742.748430 1010.270756 1295.219028 1604.308894 1940.588121 2087.900169 2213.149086 2285.394607 2257.360074 2269.112186 2288.908169 2332.665406 2343.972486 2327.637102 2321.431472 2311.918659 2314.351424 2329.800927 2306.140231 2278.872692 2265.853307 2263.798293 2248.631453 2220.924647 2200.606929 2186.531586 2164.735490 2116.410059 2064.170082 1979.367295 1943.982601 1863.949124 1809.692939 1765.426005 1713.997217 1661.167242 1658.333310 1674.904872 1660.080744 1637.670508 1619.367477 1646.635158 1665.609192 1678.800544 1667.669085 1678.189382 1716.651357 1769.489808 1816.910864 1868.866760 1925.535722 1975.152414 2026.401854 2060.034588 2110.717133 2160.764250 2210.648425 2287.021669 2368.156800 2408.275231 2445.289349 2478.814280 2496.052275 2445.557676 2399.000902 2350.633068 2294.350188 2218.797987 2172.406058 2140.897702 2083.967362 2019.903700 -9999.0 -9999.0 -9999.0 -9999.0 -9999.0 -9999.0 -9999.0
-9999.0 619.246849 833.380270 1056.419039 1336.200483 1576.275991 1781.020920 1890.705493 1971.173392 2016.291044 2056.818847 2093.099854 2124.600327 2149.337207 2131.073324 2093.780175 2067.314520 2073.648159 2070.362035 2048.792420 2020.787309 2005.768518 2000.895717 1990.175256 1961.235825 1942.976855 1929.556612 1905.307809 1872.155778 1816.156410 1736.546202 1661.400792 1599.556788 1568.465139 1538.722915 1505.459142 1469.623830 1478.598629 1489.903755 1486.356247 1476.244951 1473.783574 1502.997905 1522.449238 1533.029225 1522.480160 1542.862986 1570.867307 1614.156583 1659.348746 1710.170186 1766.959620 1823.009162 1854.626178 1869.878485 1896.103880 1937.748017 1995.657700 2085.074840 2182.711335 2264.475388 2316.472888 2370.803257 2408.535383 2425.370984 2438.190404 2419.125665 2348.281626 2252.035149 2243.519815 2236.915735 -9999.0 -9999.0 -9999.0 -9999.0 -9999.0 -9999.0 -9999.0 -9999.0 -9999.0
-9999.0 -9999.0 601.507050 775.098400 907.067732 1085.746965 1237.169757 1349.624849 1442.807260 1562.735727 1671.834205 1757.693611 1802.688974 1821.114126 1809.039362 1779.140788 1760.470153 1761.746020 1752.350509 1742.917566 1723.797648 1715.264888 1701.960214 1690.894295 1678.275441 1670.325852 1663.018641 1650.475887 1628.169356 1581.357899 1533.385213 1481.677539 1428.055057 1401.958747 1379.541625 1357.580698 1355.890384 1350.936786 1355.866825 1357.183607 1364.242572 1377.013364 1397.114728 1419.439913 1429.606902 1439.236033 1452.455799 1477.162918 1511.406123 1555.082856 1610.422865 1669.690802 1711.328622 1726.010779 1718.017172 1724.537427 1746.737549 1792.041575 1875.234110 1962.771778 2063.175449 2138.963886 2215.373439 2272.404769 2292.770821 2312.177941 2334.721059 2291.527549 2141.059836 2199.620493 -9999.0 -9999.0 -9999.0 -9999.0 -9999.0 -9999.0 -9999.0 -9999.0 -9999.0 -9999.0
-9999.0 -9999.0 -9999.0 -9999.0 635.141089 789.786267 888.079717 972.415721 1103.256588 1225.817324 1327.391803 1411.272317 1474.086449 1501.124909 1498.454235 1506.143755 1503.025985 1497.379435 1488.006067 1487.627163 1486.718222 1478.543139 1462.751493 1453.665982 1452.773461 1456.038644 1452.033527 1437.347392 1418.782398 1396.394272 1376.031541 1341.225031 1304.854094 1275.095771 1261.352764 1255.232970 1254.419518 1246.927386 1255.238528 1262.483751 1277.659642 1292.878243 1316.693041 1345.899490 1360.019287 1375.209748 1385.465743 1406.616899 1437.898377 1492.286852 1556.818180 1615.886652 1653.253880 1659.242230 1636.301406 1622.472818 1620.708784 1651.022187 1698.518390 1768.877555 1874.590111 1952.899152 2016.568922 2067.015546 2103.698957 2154.553929 2216.274208 2257.343558 -9999.0 -9999.0 -9999.0 -9999.0 -9999.0 -9999.0 -9999.0 -9999.0 -9999.0 -9999.0 -9999.0 -9999.0
-9999.0 -9999.0 -9999.0 -9999.0 -9999.0 -9999.0 596.898299 699.506693 779.704238 919.973487 1051.886730 1153.854684 1234.552889 1266.981310 1294.454954 1322.201624 1321.220033 1303.212022 1284.217652 1303.069471 1316.821808 1310.190035 1279.048480 1277.470221 1281.020063 1287.942038 1284.653872 1277.451136 1251.772883 1263.013317 1263.334293 1239.491632 1212.900579 1198.555416 1186.212721 1195.360753 1195.149706 1181.148784 1181.372985 1208.058945 1228.288336 1241.418376 1263.254185 1296.608672 1329.205985 1344.792370 1346.608805 1353.244752 1393.799440 1464.813389 1537.461866 1593.983237 1627.694951 1637.154591 1611.556457 1573.104950 1554.574224 1563.903146 1601.270922 1656.900475 1736.411750 1790.300653 1821.764041 1840.189817 1861.946748 1954.985872 -9999.0 -9999.0 -9999.0 -9999.0 -9999.0 -9999.0 -9999.0 -9999.0 -9999.0 -9999.0 -9999.0 -9999.0 -9999.0 -9999.0
-9999.0 -9999.0 -9999.0 -9999.0 -9999.0 -9999.0 -9999.0 -9999.0 -9999.0 -9999.0 -9999.0 -9999.0 -9999.0 -9999.0 -9999.0 -9999.0 -9999.0 -9999.0 -9999.0 -9999.0 -9999.0 -9999.0 -9999.0 -9999.0 -9999.0 -9999.0 -9999.0 -9999.0 -9999.0 -9999.0 -9999.0 -9999.0 -9999.0 -9999.0 -9999.0 -9999.0 -9999.0 -9999.0 -9999.0 -9999.0 -9999.0 -9999.0 -9999.0 -9999.0 -9999.0 -9999.0 -9999.0 -9999.0 -9999.0 -9999.0 -9999.0 -9999.0 -9999.0 -9999.0 -9999.0 -9999.0 -9999.0 -9999.0 -9999.0 -9999.0 -9999.0 -9999.0 -9999.0 -9999.0 -9999.0 -9999.0 -9999.0 -9999.0 -9999.0 -9999.0 -9999.0 -9999.0 -9999.0 -9999.0 -9999.0 -9999.0 -9999.0 -9999.0 -9999.0 -9999.0
-9999.0 -9999.0 -9999.0 -9999.0 -9999.0 -9999.0 -9999.0 -9999.0 -9999.0 -9999.0 -9999.0 -9999.0 -9999.0 -9999.0 -9999.0 -9999.0 -9999.0 -9999.0 -9999.0 -9999.0 -9999.0 -9999.0 -9999.0 -9999.0 -9999.0 -9999.0 -9999.0 -9999.0 -9999.0 -9999.0 -9999.0 -9999.0 -9999.0 -9999.0 -9999.0 -9999.0 -9999.0 -9999.0 -9999.0 -9999.0 -9999.0 -9999.0 -9999.0 -9999.0 -9999.0 -9999.0 -9999.0 -9999.0 -9999.0 -9999.0 -9999.0 -9999.0 -9999.0 -9999.0 -9999.0 -9999.0 -9999.0 -9999.0 -9999.0 -9999.0 -9999.0 -9999.0 -9999.0 -9999.0 -9999.0 -9999.0 -9999.0 -9999.0 -9999.0 -9999.0 -9999.0 -9999.0 -9999.0 -9999.0 -9999.0 -9999.0 -9999.0 -9999.0 -9999.0 -9999.0