Borden_/Borden1m_014/output_maps/psiliqL0013N0036.asc
ncols         80
nrows         18
xllcorner     620200.000000
yllcorner     5168000.000000
cellsize      1.000000
NODATA_value  -9999.0
-9999.0 -9999.0 -9999.0 -9999.0 -9999.0 -9999.0 -9999.0 -9999.0 -9999.0 -9999.0 -9999.0 -9999.0 -9999.0 -9999.0 -9999.0 -9999.0 -9999.0 -9999.0 -9999.0 -9999.0 -9999.0 -9999.0 -9999.0 -9999.0 -9999.0 -9999.0 -9999.0 -9999.0 -9999.0 -9999.0 -9999.0 -9999.0 -9999.0 -9999.0 -9999.0 -9999.0 -9999.0 -9999.0 -9999.0 -9999.0 -9999.0 -9999.0 -9999.0 -9999.0 -9999.0 -9999.0 -9999.0 -9999.0 -9999.0 -9999.0 -9999.0 -9999.0 -9999.0 -9999.0 -9999.0 -9999.0 -9999.0 -9999.0 -9999.0 -9999.0 -9999.0 -9999.0 -9999.0 -9999.0 -9999.0 -9999.0 -9999.0 -9999.0 -9999.0 -9999.0 -9999.0 -9999.0 -9999.0 -9999.0 -9999.0 -9999.0 -9999.0 -9999.0 -9999.0 -9999.0
-9999.0 -9999.0 -9999.0 -9999.0 -9999.0 -9999.0 -9999.0 -9999.0 -9999.0 -9999.0 -9999.0 -9999.0 -9999.0 -9999.0 -9999.0 -9999.0 -9999.0 -9999.0 -9999.0 -9999.0 -9999.0 -9999.0 -9999.0 -9999.0 -9999.0 -9999.0 -9999.0 -9999.0 -9999.0 -9999.0 -9999.0 -9999.0 -9999.0 -9999.0 -9999.0 -9999.0 -9999.0 -9999.0 -9999.0 -9999.0 -9999.0 -9999.0 -9999.0 -9999.0 -9999.0 -9999.0 -9999.0 -9999.0 -9999.0 -9999.0 -9999.0 -9999.0 -9999.0 -9999.0 -9999.0 -9999.0 -9999.0 -9999.0 -9999.0 -9999.0 -9999.0 -9999.0 -9999.0 -9999.0 -9999.0 -9999.0 -9999.0 -9999.0 -9999.0 -9999.0 -9999.0 -9999.0 -9999.0 -9999.0 -9999.0 -9999.0 -9999.0 -9999.0 -9999.0 -9999.0
-9999.0 -9999.0 -9999.0 -9999.0 -9999.0 -9999.0 -9999.0 -9999.0 -9999.0 -9999.0 -9999.0 -9999.0 -9999.0 -9999.0 -9999.0 -9999.0 -9999.0 -9999.0 -9999.0 -9999.0 745.720342 748.702897 727.152487 694.257320 667.222161 670.501220 706.382146 748.972648 788.808066 800.222005 783.546339 787.006630 783.473087 783.496186 787.029378 794.581174 799.371601 811.543360 821.104395 821.979722 817.075468 812.831019 813.554951 816.890958 821.880122 810.506071 823.196740 837.079925 840.957763 833.894369 804.713680 787.129902 776.411782 759.278233 782.041951 792.400973 813.770375 816.650252 813.843825 785.817092 755.077893 -9999.0 -9999.0 -9999.0 -9999.0 -9999.0 -9999.0 -9999.0 -9999.0 -9999.0 -9999.0 -9999.0 -9999.0 -9999.0 -9999.0 -9999.0 -9999.0 -9999.0 -9999.0 -9999.0
-9999.0 -9999.0 -9999.0 -9999.0 -9999.0 -9999.0 -9999.0 -9999.0 -9999.0 -9999.0 -9999.0 -9999.0 -9999.0 -9999.0 652.768730 643.723610 641.831390 651.263059 685.842579 716.800901 729.324765 722.650767 723.710326 701.290623 682.021234 697.414291 728.675883 762.066255 798.467932 820.470236 810.352420 809.383806 820.558797 847.546435 861.950542 860.316411 841.313360 865.720366 883.155388 893.674343 894.858055 887.793064 901.889950 917.946067 910.692469 892.407991 895.712783 905.958702 916.670834 900.260690 833.727947 811.561909 805.041137 796.078462 780.032672 771.764502 795.380196 794.133634 784.455541 765.181964 731.505806 686.675004 667.385352 704.991742 747.935305 804.548851 -9999.0 -9999.0 -9999.0 -9999.0 -9999.0 -9999.0 -9999.0 -9999.0 -9999.0 -9999.0 -9999.0 -9999.0 -9999.0 -9999.0
-9999.0 -9999.0 -9999.0 -9999.0 -9999.0 -9999.0 -9999.0 -9999.0 -9999.0 592.648909 597.623524 605.763412 608.991461 625.619421 624.174763 632.318384 640.738422 668.826475 701.184407 737.557455 767.558143 759.794504 761.823775 773.946118 779.762553 793.853122 817.646426 860.858996 904.020319 947.617926 921.013697 920.426137 941.261193 990.492546 1026.025137 1034.661887 1017.306203 1026.555211 1054.233647 1079.917141 1082.770117 1082.708128 1108.496993 1122.460965 1123.763052 1102.522430 1086.349689 1083.602688 1106.019525 1051.742713 982.348923 928.202616 928.580182 895.461974 854.075464 830.870796 825.794885 844.518054 827.424786 788.184276 750.051628 737.759217 719.057988 734.587051 755.515182 800.671276 838.239321 865.559707 864.134039 845.870944 -9999.0 -9999.0 -9999.0 -9999.0 -9999.0 -9999.0 -9999.0 -9999.0 -9999.0 -9999.0
-9999.0 -9999.0 -9999.0 -9999.0 -9999.0 -9999.0 512.532261 522.512994 543.492555 549.179603 575.343418 583.917682 605.781124 626.437470 649.278543 667.546394 699.605481 734.339062 777.396253 823.041685 857.738502 855.393834 868.367288 902.098106 944.309645 976.477541 1004.408141 1047.954335 1127.631937 1172.976712 1183.395389 1189.699341 1200.215256 1248.590296 1312.273407 1328.148813 1309.174132 1296.072887 1317.963788 1356.876800 1367.970867 1371.682476 1382.178725 1391.433609 1416.400926 1405.658127 1362.343343 1344.153092 1338.364516 1320.894809 1259.740234 1194.981498 1157.133509 1105.156265 1019.635952 960.643422 962.825559 977.662512 944.986448 887.818817 843.248985 829.723512 812.254544 796.510915 800.402427 817.575024 838.179357 847.602321 833.122880 810.803721 786.793830 757.144511 758.291745 783.116653 -9999.0 -9999.0 -9999.0 -9999.0 -9999.0 -9999.0
-9999.0 -9999.0 -9999.0 -9999.0 461.747419 475.098630 463.784442 489.451565 523.051500 558.253236 591.762533 630.487603 659.690152 691.929687 735.014844 773.203324 818.931499 857.638896 915.591547 987.656475 1043.277675 1071.942431 1091.159536 1151.855350 1214.092042 1267.379941 1289.625794 1319.008036 1364.285050 1427.463156 1456.026571 1463.384181 1480.790961 1514.441473 1559.569053 1591.970305 1576.663582 1570.646350 1577.821485 1590.926028 1616.942119 1619.846222 1622.337442 1624.473728 1628.061093 1626.267597 1600.703501 1565.881017 1550.240002 1539.915429 1511.107024 1442.679240 1398.773303 1366.728114 1333.219294 1280.897740 1213.984767 1194.423333 1135.500086 1075.680263 1008.038395 981.308297 946.761124 917.557862 884.521461 882.369412 882.165208 858.887037 824.617459 790.574867 774.158027 754.401134 742.897608 772.326476 789.495474 819.701650 -9999.0 -9999.0 -9999.0 -9999.0
-9999.0 -9999.0 401.764373 451.190076 508.586554 518.321664 520.471206 527.674903 557.493344 611.218685 689.843209 743.821855 790.132125 826.596209 890.067042 975.145194 1053.525168 1105.854869 1167.024138 1237.402223 1301.036250 1337.889858 1359.510667 1399.608664 1452.436690 1511.848610 1538.228172 1564.585528 1595.843733 1629.778380 1644.537368 1659.156742 1666.978066 1668.361888 1672.504016 1673.238205 1668.966022 1663.935253 1646.644520 1644.141443 1652.318702 1657.910536 1660.273498 1647.336529 1643.281237 1656.029504 1658.521192 1656.738594 1655.674419 1662.488898 1666.818149 1629.117475 1587.560690 1570.997354 1560.755668 1516.806191 1452.144210 1407.064414 1382.718053 1339.294504 1260.083625 1205.703065 1152.727760 1100.674552 1044.086703 1007.812384 956.247756 909.694580 859.875402 811.474143 786.269385 766.976136 763.717174 763.089559 778.638176 793.591097 808.589435 816.190840 -9999.0 -9999.0
-9999.0 299.430511 372.199850 499.371526 580.177848 626.433982 662.402074 689.556266 719.968133 746.214044 855.746116 953.736467 1048.776255 1087.984202 1141.775909 1241.298413 1337.842879 1384.134874 1421.299998 1475.073525 1533.612646 1580.875854 1610.382356 1626.793613 1659.411563 1669.718795 1671.916421 1674.681943 1670.365520 1662.924276 1654.130729 1660.548583 1657.075291 1638.350341 1622.074393 1618.019551 1611.037684 1586.493837 1558.731286 1544.639205 1547.901502 1570.456554 1559.342904 1539.172567 1535.485777 1556.141615 1574.392202 1565.674405 1553.971199 1572.183390 1607.249542 1629.348669 1641.004128 1656.905791 1677.376362 1652.459276 1622.420751 1580.350360 1559.955928 1530.041735 1469.864467 1406.757217 1350.965929 1288.500396 1219.850009 1148.768140 1082.038395 1016.505347 946.214365 902.533668 869.400646 817.523985 794.947756 795.622133 785.847085 782.343987 787.964936 794.056363 -9999.0 -9999.0
-9999.0 221.278407 364.298546 549.925506 699.517160 761.909286 870.794778 955.184360 987.480172 964.163713 1075.577684 1296.196577 1394.332481 1412.103807 1482.279429 1567.248636 1592.327031 1624.032452 1645.208263 1652.198048 1658.112315 1667.339097 1666.098726 1660.826409 1647.021735 1639.431088 1637.978881 1634.325396 1615.347573 1594.724303 1576.526480 1571.801714 1553.370998 1510.309021 1476.484354 1457.829411 1439.984022 1418.542073 1385.126401 1358.815451 1345.035108 1361.753830 1354.208048 1337.289113 1333.570676 1355.861181 1388.225147 1383.794193 1391.132630 1413.833984 1455.007510 1496.284304 1519.856020 1550.102000 1587.310481 1631.708620 1648.407671 1669.474603 1673.697712 1653.233014 1608.777706 1556.038565 1519.786717 1454.286797 1378.867611 1297.782505 1230.534064 1165.653499 1094.401837 1045.907879 997.237309 938.864560 882.775509 857.106388 816.449615 795.500302 -9999.0 -9999.0 -9999.0 -9999.0
-9999.0 145.729744 335.070494 596.232970 869.927259 988.832326 1192.334132 1322.791134 1384.567750 1449.851578 1443.663002 1580.555953 1616.491906 1612.369956 1608.189809 1612.056145 1627.676930 1631.706339 1628.294027 1618.283754 1608.986233 1605.070574 1603.282835 1595.961415 1583.887639 1568.731845 1554.958128 1540.485166 1500.032721 1465.057366 1429.237506 1413.559986 1375.147916 1283.965619 1239.806436 1203.684805 1147.239277 1139.402360 1131.312873 1102.694253 1083.274465 1064.375577 1085.031960 1088.142753 1090.185831 1095.157399 1113.471803 1136.325872 1180.312894 1217.402529 1263.014650 1316.588713 1351.899675 1396.132020 1444.235480 1502.297501 1535.738400 1566.996652 1613.836444 1653.317770 1675.955624 1664.517791 1634.663540 1586.868322 1513.447467 1441.710636 1387.294960 1310.073063 1242.634588 1189.558152 1145.681184 1096.866194 1032.405598 947.828190 904.287369 -9999.0 -9999.0 -9999.0 -9999.0 -9999.0
-9999.0 -27.401846 240.667601 531.837242 852.384532 1178.012650 1304.477391 1439.375904 1512.264963 1472.940629 1473.965507 1497.646444 1539.595270 1549.067062 1530.675520 1523.054562 1512.982731 1513.127188 1525.522010 1498.456976 1467.569211 1453.596225 1452.538830 1440.584617 1417.550207 1400.038154 1386.666919 1365.205200 1315.607876 1263.785020 1182.931314 1153.455120 1077.910412 1017.085127 969.792426 918.941179 866.829055 864.319276 880.216847 864.448281 841.876412 823.299659 849.549144 866.699239 878.743715 868.374937 878.121534 914.659129 965.342543 1011.154813 1063.776581 1120.832530 1168.742993 1218.392170 1252.968552 1305.982983 1354.370039 1401.820575 1476.225525 1555.555800 1592.084032 1626.253430 1658.419302 1670.878532 1616.377214 1560.911396 1502.439249 1431.891463 1342.176946 1295.988349 1274.506654 1240.662666 1188.363141 -9999.0 -9999.0 -9999.0 -9999.0 -9999.0 -9999.0 -9999.0
-9999.0 -156.086121 66.704434 302.186975 592.442051 831.852737 1022.968275 1134.870828 1215.523332 1240.112224 1268.981203 1303.096541 1335.435640 1359.089441 1337.974340 1300.111626 1272.216065 1275.946734 1272.189481 1247.200318 1216.629860 1201.075459 1198.580055 1191.206255 1166.231609 1150.736361 1138.829022 1114.841427 1078.442927 1020.640506 938.297007 865.758736 803.167677 768.492143 737.174644 703.288906 665.934720 675.605416 688.449221 684.258232 672.928120 669.412251 698.716550 717.624494 727.888910 716.085090 735.419835 762.840313 805.479127 849.486075 900.052499 957.096140 1012.943893 1045.191003 1062.526106 1092.227316 1134.764678 1191.157742 1278.788944 1374.006365 1450.617747 1499.969928 1549.594946 1580.060655 1589.773643 1597.955203 1565.167166 1471.298459 1337.671295 1339.156704 1343.489790 -9999.0 -9999.0 -9999.0 -9999.0 -9999.0 -9999.0 -9999.0 -9999.0 -9999.0
-9999.0 -9999.0 -168.182853 13.875625 159.683616 342.874125 494.931428 605.483290 690.829386 796.050422 896.303641 978.571702 1023.456331 1041.683399 1026.321836 990.015500 966.342479 965.793926 955.422939 942.753384 920.471801 911.457480 900.593142 892.113659 880.455216 873.564370 867.255870 854.708461 830.884155 782.409202 730.783417 678.005438 623.398780 597.123074 574.434793 551.905854 549.257140 545.889984 551.801264 553.045786 559.214948 571.420019 591.800437 613.585759 623.312384 631.591574 644.360844 668.432169 702.108546 744.680327 799.052165 857.234718 897.899765 912.016996 904.358077 911.987503 935.691188 982.341435 1068.996292 1156.888730 1251.998282 1322.997689 1393.087479 1442.277779 1455.259542 1466.582122 1472.436297 1388.109283 1014.602117 1257.772729 -9999.0 -9999.0 -9999.0 -9999.0 -9999.0 -9999.0 -9999.0 -9999.0 -9999.0 -9999.0
-9999.0 -9999.0 -9999.0 -9999.0 -128.523098 28.143462 124.708908 208.855748 335.296091 451.151014 548.413166 629.382228 688.233197 713.903398 706.768199 707.104868 700.575633 695.157494 685.598733 682.256093 678.762851 670.772285 657.478299 649.675742 649.452397 653.230864 650.296464 636.189041 618.400796 593.089610 570.397176 535.011488 498.046953 468.401376 454.891327 448.355298 448.091691 441.654019 450.620794 457.456009 472.469022 487.779625 511.670094 540.396600 553.705204 568.318108 578.219927 599.123683 629.680334 683.187770 746.615766 804.261119 839.907937 844.642638 820.121455 805.465176 803.421667 833.506025 882.466968 954.468601 1059.957380 1135.768200 1195.903752 1241.044623 1271.258384 1311.893682 1351.543585 1370.741648 -9999.0 -9999.0 -9999.0 -9999.0 -9999.0 -9999.0 -9999.0 -9999.0 -9999.0 -9999.0 -9999.0 -9999.0
-9999.0 -9999.0 -9999.0 -9999.0 -9999.0 -9999.0 -176.144884 -76.786839 7.545148 139.237208 262.381177 359.782068 437.618714 466.585256 488.958036 513.492263 510.285143 492.476706 474.442236 491.828474 503.378250 497.692839 468.708789 467.572246 471.507535 479.916640 477.828879 471.157931 445.800819 455.197807 454.392988 430.799278 404.376678 389.950215 377.990931 387.559063 387.923014 374.748768 376.127735 402.530840 422.512039 435.809211 457.965228 491.154998 523.351475 538.194283 539.502696 545.859699 586.791198 657.254376 728.527187 783.377422 815.441224 823.517547 796.060820 756.062152 735.839712 743.819679 780.158052 835.477826 914.522363 966.698963 996.977941 1014.973109 1037.003194 1126.446145 -9999.0 -9999.0 -9999.0 -9999.0 -9999.0 -9999.0 -9999.0 -9999.0 -9999.0 -9999.0 -9999.0 -9999.0 -9999.0 -9999.0
-9999.0 -9999.0 -9999.0 -9999.0 -9999.0 -9999.0 -9999.0 -9999.0 -9999.0 -9999.0 -9999.0 -9999.0 -9999.0 -9999.0 -9999.0 -9999.0 -9999.0 -9999.0 -9999.0 -9999.0 -9999.0 -9999.0 -9999.0 -9999.0 -9999.0 -9999.0 -9999.0 -9999.0 -9999.0 -9999.0 -9999.0 -9999.0 -9999.0 -9999.0 -9999.0 -9999.0 -9999.0 -9999.0 -9999.0 -9999.0 -9999.0 -9999.0 -9999.0 -9999.0 -9999.0 -9999.0 -9999.0 -9999.0 -9999.0 -9999.0 -9999.0 -9999.0 -9999.0 -9999.0 -9999.0 -9999.0 -9999.0 -9999.0 -9999.0 -9999.0 -9999.0 -9999.0 -9999.0 -9999.0 -9999.0 -9999.0 -9999.0 -9999.0 -9999.0 -9999.0 -9999.0 -9999.0 -9999.0 -9999.0 -9999.0 -9999.0 -9999.0 -9999.0 -9999.0 -9999.0
-9999.0 -9999.0 -9999.0 -9999.0 -9999.0 -9999.0 -9999.0 -9999.0 -9999.0 -9999.0 -9999.0 -9999.0 -9999.0 -9999.0 -9999.0 -9999.0 -9999.0 -9999.0 -9999.0 -9999.0 -9999.0 -9999.0 -9999.0 -9999.0 -9999.0 -9999.0 -9999.0 -9999.0 -9999.0 -9999.0 -9999.0 -9999.0 -9999.0 -9999.0 -9999.0 -9999.0 -9999.0 -9999.0 -9999.0 -9999.0 -9999.0 -9999.0 -9999.0 -9999.0 -9999.0 -9999.0 -9999.0 -9999.0 -9999.0 -9999.0 -9999.0 -9999.0 -9999.0 -9999.0 -9999.0 -9999.0 -9999.0 -9999.0 -9999.0 -9999.0 -9999.0 -9999.0 -9999.0 -9999.0 -9999.0 -9999.0 -9999.0 -9999.0 -9999.0 -9999.0 -9999.0 -9999.0 -9999.0 -9999.0 -9999.0 -9999.0 -9999.0 -9999.0 -9999.0 -9999.0