Borden_/Borden1m_014/output_maps/psiliqL0000N0007.asc
ncols         80
nrows         18
xllcorner     620200.000000
yllcorner     5168000.000000
cellsize      1.000000
NODATA_value  -9999.0
-9999.0 -9999.0 -9999.0 -9999.0 -9999.0 -9999.0 -9999.0 -9999.0 -9999.0 -9999.0 -9999.0 -9999.0 -9999.0 -9999.0 -9999.0 -9999.0 -9999.0 -9999.0 -9999.0 -9999.0 -9999.0 -9999.0 -9999.0 -9999.0 -9999.0 -9999.0 -9999.0 -9999.0 -9999.0 -9999.0 -9999.0 -9999.0 -9999.0 -9999.0 -9999.0 -9999.0 -9999.0 -9999.0 -9999.0 -9999.0 -9999.0 -9999.0 -9999.0 -9999.0 -9999.0 -9999.0 -9999.0 -9999.0 -9999.0 -9999.0 -9999.0 -9999.0 -9999.0 -9999.0 -9999.0 -9999.0 -9999.0 -9999.0 -9999.0 -9999.0 -9999.0 -9999.0 -9999.0 -9999.0 -9999.0 -9999.0 -9999.0 -9999.0 -9999.0 -9999.0 -9999.0 -9999.0 -9999.0 -9999.0 -9999.0 -9999.0 -9999.0 -9999.0 -9999.0 -9999.0
-9999.0 -9999.0 -9999.0 -9999.0 -9999.0 -9999.0 -9999.0 -9999.0 -9999.0 -9999.0 -9999.0 -9999.0 -9999.0 -9999.0 -9999.0 -9999.0 -9999.0 -9999.0 -9999.0 -9999.0 -9999.0 -9999.0 -9999.0 -9999.0 -9999.0 -9999.0 -9999.0 -9999.0 -9999.0 -9999.0 -9999.0 -9999.0 -9999.0 -9999.0 -9999.0 -9999.0 -9999.0 -9999.0 -9999.0 -9999.0 -9999.0 -9999.0 -9999.0 -9999.0 -9999.0 -9999.0 -9999.0 -9999.0 -9999.0 -9999.0 -9999.0 -9999.0 -9999.0 -9999.0 -9999.0 -9999.0 -9999.0 -9999.0 -9999.0 -9999.0 -9999.0 -9999.0 -9999.0 -9999.0 -9999.0 -9999.0 -9999.0 -9999.0 -9999.0 -9999.0 -9999.0 -9999.0 -9999.0 -9999.0 -9999.0 -9999.0 -9999.0 -9999.0 -9999.0 -9999.0
-9999.0 -9999.0 -9999.0 -9999.0 -9999.0 -9999.0 -9999.0 -9999.0 -9999.0 -9999.0 -9999.0 -9999.0 -9999.0 -9999.0 -9999.0 -9999.0 -9999.0 -9999.0 -9999.0 -9999.0 -513.552441 -512.320572 -514.312944 -516.441971 -518.399225 -518.793713 -516.706179 -514.572010 -512.057093 -511.790754 -514.275678 -513.438391 -514.510680 -515.307657 -515.541337 -514.846241 -514.448741 -513.714046 -513.331051 -513.740416 -514.442632 -514.844694 -515.394712 -515.389086 -514.458196 -515.679673 -514.047506 -512.653075 -512.305050 -511.989999 -513.510522 -513.963810 -514.075092 -516.138433 -512.477363 -511.782875 -509.582159 -509.552541 -508.850168 -511.295224 -513.726545 -9999.0 -9999.0 -9999.0 -9999.0 -9999.0 -9999.0 -9999.0 -9999.0 -9999.0 -9999.0 -9999.0 -9999.0 -9999.0 -9999.0 -9999.0 -9999.0 -9999.0 -9999.0 -9999.0
-9999.0 -9999.0 -9999.0 -9999.0 -9999.0 -9999.0 -9999.0 -9999.0 -9999.0 -9999.0 -9999.0 -9999.0 -9999.0 -9999.0 -515.886155 -517.199146 -517.851739 -518.546962 -516.664371 -515.430242 -515.849880 -517.211357 -515.811491 -518.205405 -520.427733 -519.129145 -517.658674 -516.891720 -515.137006 -513.686662 -515.306051 -515.718964 -515.031738 -512.253301 -511.309770 -512.056660 -516.042130 -512.413493 -511.019388 -510.099833 -510.211688 -512.013151 -509.825689 -507.239308 -508.731223 -511.475421 -510.750654 -509.342475 -506.872168 -507.454556 -515.973790 -515.932612 -515.142826 -514.540739 -515.722104 -516.712304 -513.087019 -513.913194 -514.296506 -514.273236 -515.708770 -518.704844 -520.210291 -516.726230 -514.347276 -508.797377 -9999.0 -9999.0 -9999.0 -9999.0 -9999.0 -9999.0 -9999.0 -9999.0 -9999.0 -9999.0 -9999.0 -9999.0 -9999.0 -9999.0
-9999.0 -9999.0 -9999.0 -9999.0 -9999.0 -9999.0 -9999.0 -9999.0 -9999.0 -517.187028 -517.687251 -517.387131 -518.473520 -517.424472 -519.745769 -519.350023 -519.989596 -518.698829 -518.071382 -516.603600 -514.150122 -516.378968 -516.727973 -515.387096 -515.615558 -515.619026 -515.110660 -511.577564 -508.066000 -501.298875 -508.109679 -508.462460 -506.169654 -497.314052 -485.339716 -481.452526 -488.178065 -491.300669 -481.827852 -472.280001 -472.802627 -473.599306 -466.199876 -462.367256 -459.190023 -465.097603 -471.525250 -473.470611 -464.680137 -481.127937 -498.065451 -507.729768 -504.681052 -508.670648 -513.023445 -514.334674 -515.160445 -511.051455 -512.193194 -515.139246 -517.536907 -515.901407 -517.605561 -515.964782 -515.428249 -511.374085 -508.027118 -504.565307 -504.405080 -506.733191 -9999.0 -9999.0 -9999.0 -9999.0 -9999.0 -9999.0 -9999.0 -9999.0 -9999.0 -9999.0
-9999.0 -9999.0 -9999.0 -9999.0 -9999.0 -9999.0 -518.617794 -518.931029 -518.333184 -521.317450 -519.712433 -521.275956 -520.219843 -520.021478 -519.528111 -519.976093 -518.467751 -517.434860 -515.517195 -512.999792 -510.518300 -512.750937 -512.207846 -508.525711 -502.279625 -497.074515 -493.317018 -482.593482 -457.052668 -440.587135 -433.630531 -431.176235 -426.741866 -386.939674 -43.433114 0.021958 -29.300398 -289.411595 -30.924777 0.037619 0.049862 0.040842 0.045463 0.044103 0.079656 0.066622 0.040628 0.037884 0.029555 -33.201540 -369.209414 -426.999127 -446.482831 -462.295000 -484.517609 -502.234721 -501.902284 -497.583691 -502.195643 -509.069057 -512.865029 -512.097232 -512.568544 -514.338032 -513.396440 -511.961125 -509.519355 -507.836007 -508.975800 -510.303179 -510.885562 -513.710333 -513.118798 -510.327011 -9999.0 -9999.0 -9999.0 -9999.0 -9999.0 -9999.0
-9999.0 -9999.0 -9999.0 -9999.0 -522.380555 -521.207028 -525.003287 -523.065282 -521.794220 -521.020212 -521.661600 -520.200438 -520.277548 -519.493100 -517.472149 -516.588124 -513.993484 -512.472369 -506.779932 -496.042048 -484.749827 -473.501524 -469.741712 -448.310041 -416.761702 -367.099954 -325.847107 -39.338735 0.023983 0.058116 0.077671 0.072313 0.079136 0.095473 0.150880 0.364411 0.171683 0.133347 0.174627 0.194135 0.397909 0.335374 0.377748 0.302258 0.388300 0.606505 0.243818 0.173724 0.169885 0.160989 0.109875 0.060224 0.050806 0.040967 -10.728993 -303.775473 -418.215736 -431.946604 -455.023924 -471.934980 -493.907252 -497.437540 -502.165679 -504.743007 -509.061576 -507.769591 -506.044071 -508.167918 -510.750961 -513.233364 -512.959547 -513.970211 -515.737176 -511.817820 -510.992724 -507.193333 -9999.0 -9999.0 -9999.0 -9999.0
-9999.0 -9999.0 -522.024583 -522.458877 -519.578235 -521.928985 -523.317463 -525.269526 -524.936590 -522.496439 -518.195392 -517.569252 -515.386187 -514.690510 -508.952787 -495.985283 -474.953125 -461.460172 -441.092967 -402.075082 -291.142284 -21.337195 0.026993 0.040855 0.061572 0.101255 0.120370 0.157236 0.198213 0.299864 12.757274 28.582012 31.063680 28.748648 25.169530 25.079445 22.352614 19.353611 3.538565 3.039173 10.119759 12.330136 15.645500 3.507759 0.783174 12.017838 14.026519 15.068426 16.880280 25.981838 34.888477 6.842397 0.176687 0.186074 0.198264 0.105179 0.066883 0.052772 0.050853 -24.163869 -371.968551 -424.451211 -450.292095 -472.476269 -486.305251 -491.856022 -500.041869 -504.643098 -508.874389 -513.214331 -514.103768 -514.462089 -513.345859 -514.240738 -512.247928 -511.064915 -508.835176 -508.181117 -9999.0 -9999.0
-9999.0 -522.424605 -524.144695 -519.222370 -519.545771 -519.332273 -519.142961 -518.831740 -517.947924 -520.677523 -509.701989 -489.256423 -467.984822 -462.634433 -445.952057 -379.003657 -40.699331 0.034227 0.050073 0.071774 0.110372 0.176435 0.226210 10.013382 32.263843 28.963692 24.180646 24.029720 15.170414 7.874269 0.365226 5.865982 4.841228 0.328526 0.237114 0.338956 0.330878 0.217216 0.164500 0.133113 0.151696 0.317840 0.198662 0.145857 0.121651 0.176303 0.321200 0.190623 0.126146 0.170115 0.257759 0.327656 2.571849 16.313937 36.218754 14.165637 0.276739 0.183728 0.186370 0.136604 0.081975 0.048463 -23.859950 -346.786050 -418.614391 -457.801819 -476.629276 -488.989566 -500.376632 -504.233461 -506.291790 -512.533589 -513.625520 -511.546761 -512.378527 -512.441026 -511.602447 -511.026398 -9999.0 -9999.0
-9999.0 -528.074280 -523.271902 -518.962656 -514.522582 -516.758102 -502.032265 -480.610965 -476.051876 -486.056160 -452.506098 -41.828005 0.062614 0.046125 0.079579 0.154504 0.868348 18.246936 31.745832 22.137200 16.557507 17.997820 13.431977 4.705526 0.432064 0.348141 0.464671 0.457091 0.277051 0.216836 0.171986 0.230530 0.155281 0.098599 0.079003 0.078333 0.085729 0.074635 0.056643 0.046664 0.034167 0.072942 0.052212 0.038821 0.031471 0.045687 0.086400 0.054948 0.048716 0.058783 0.076946 0.103885 0.123293 0.153398 0.194471 0.327766 4.609895 24.309966 29.890364 5.852293 0.231834 0.152816 0.128591 0.070233 0.006528 -279.826446 -397.052329 -430.244150 -458.470341 -475.583381 -487.135213 -497.572814 -506.195334 -506.919142 -511.403041 -511.081661 -9999.0 -9999.0 -9999.0 -9999.0
-9999.0 -528.252467 -523.765908 -515.167607 -496.760391 -478.100665 -360.912666 -6.771310 0.056316 0.130817 0.240481 19.814383 26.267133 10.116952 0.529286 0.401966 0.503418 0.623990 0.394668 0.278507 0.248309 0.263336 0.303667 0.254896 0.230866 0.208337 0.195847 0.185865 0.125380 0.090753 0.070957 0.066155 0.005242 -333.673326 -402.211384 -421.073351 -445.461360 -447.307402 -452.528476 -463.466681 -468.566563 -471.832846 -466.975930 -469.481776 -470.358371 -466.328115 -458.771330 -454.807363 -440.182616 -424.366772 -394.283930 -303.179782 -21.925812 0.044200 0.067544 0.102794 0.132696 0.160334 0.236239 6.754218 26.574535 19.907576 0.401714 0.203685 0.119876 0.085741 0.071778 0.034148 -49.251149 -371.835074 -419.264508 -454.304115 -476.892394 -494.531477 -499.918621 -9999.0 -9999.0 -9999.0 -9999.0 -9999.0
-9999.0 -536.050591 -523.279746 -516.692308 -485.487638 -248.567967 -49.685180 0.162029 11.526006 0.184017 0.083763 0.120521 0.241272 0.263251 0.154718 0.149439 0.102853 0.088478 0.171679 0.099735 0.079369 0.070998 0.103332 0.083691 0.069525 0.064696 0.061583 0.043250 -43.566363 -374.615264 -434.369742 -439.841155 -464.695661 -488.397464 -496.732498 -503.372755 -510.377380 -509.802841 -506.605698 -508.873673 -511.244814 -514.170399 -510.763328 -509.462984 -507.981100 -510.049558 -509.960790 -505.903900 -499.422433 -493.527573 -484.215344 -470.106739 -452.034204 -427.837944 -405.333061 -325.564113 -22.010381 0.041513 0.076732 0.145975 0.194842 0.290342 18.925651 37.304646 1.056651 0.213969 0.192405 0.159405 0.102938 0.057575 0.006379 -239.025510 -404.342663 -9999.0 -9999.0 -9999.0 -9999.0 -9999.0 -9999.0 -9999.0
-9999.0 -540.167937 -526.045326 -525.260270 -512.637352 -490.398740 -449.921649 -397.244960 -295.997472 -319.955729 -239.803216 -9.798858 0.042188 0.074970 0.032570 -41.945616 -349.405058 -348.962511 -348.818637 -385.121976 -411.122906 -421.167085 -420.644719 -424.323706 -438.012612 -444.877515 -448.785750 -456.960788 -471.229833 -486.626874 -501.494215 -509.161694 -514.539416 -515.884707 -516.872405 -518.087819 -521.649187 -519.253920 -517.666713 -518.006494 -519.127659 -520.126576 -517.383079 -516.721123 -515.922543 -518.741713 -517.059199 -516.091039 -513.391860 -510.918971 -507.271431 -501.465125 -493.277118 -488.268859 -485.605823 -477.945483 -460.694616 -437.996427 -365.750412 -17.931286 0.064261 0.098139 0.146663 0.218557 0.250888 9.562741 18.881566 2.026802 0.245826 0.205662 0.177224 -9999.0 -9999.0 -9999.0 -9999.0 -9999.0 -9999.0 -9999.0 -9999.0 -9999.0
-9999.0 -9999.0 -543.213935 -537.741180 -533.182752 -529.186716 -523.574568 -518.887194 -515.899121 -508.625038 -497.060276 -480.675431 -471.551127 -467.538002 -473.272076 -487.133128 -495.763354 -494.800050 -496.200099 -498.593009 -502.913368 -503.576321 -504.533732 -505.082870 -506.924422 -507.635950 -507.822316 -508.313420 -509.724021 -513.558879 -516.579988 -518.566156 -521.306441 -520.582526 -520.815960 -521.848643 -520.536764 -520.839656 -520.569350 -520.787389 -520.504292 -520.007977 -519.588488 -518.878880 -519.025581 -518.826619 -518.724743 -518.101643 -517.192011 -516.105300 -513.459349 -509.262486 -506.197959 -505.655837 -507.893082 -507.450870 -505.113244 -499.909094 -482.299676 -450.418989 -401.735196 -203.528023 0.020867 0.074156 0.087277 0.112712 0.187134 1.114780 1.292852 0.373136 -9999.0 -9999.0 -9999.0 -9999.0 -9999.0 -9999.0 -9999.0 -9999.0 -9999.0 -9999.0
-9999.0 -9999.0 -9999.0 -9999.0 -545.802708 -537.917588 -530.506145 -531.706694 -526.760636 -524.258541 -522.269647 -519.775112 -517.775763 -516.306948 -518.536468 -518.756803 -518.957914 -518.463423 -518.799741 -519.246987 -519.287953 -519.489553 -519.673405 -520.117644 -519.795758 -519.231887 -519.010173 -519.790903 -519.437402 -520.858258 -520.596595 -521.208513 -521.846114 -522.861762 -522.428029 -522.483540 -521.879550 -522.484212 -521.592971 -522.238919 -521.643985 -521.488265 -520.883742 -519.782919 -520.536465 -519.900856 -520.034983 -519.301566 -519.503264 -517.820131 -514.941886 -511.590113 -509.373197 -509.659384 -513.157914 -514.334942 -515.359967 -513.474122 -510.815418 -504.046742 -486.209818 -466.799753 -436.143843 -403.845038 -348.521940 -26.112335 0.075669 0.164094 -9999.0 -9999.0 -9999.0 -9999.0 -9999.0 -9999.0 -9999.0 -9999.0 -9999.0 -9999.0 -9999.0 -9999.0
-9999.0 -9999.0 -9999.0 -9999.0 -9999.0 -9999.0 -542.161646 -538.154697 -539.587352 -536.706129 -534.262632 -532.531536 -529.676660 -530.319740 -529.423580 -526.908892 -527.209491 -528.321088 -529.796337 -527.542657 -526.551205 -526.253261 -528.636107 -527.857920 -527.599637 -526.683572 -526.782356 -526.259088 -528.272668 -525.604604 -524.253722 -524.532956 -524.785933 -524.144900 -524.637786 -523.001952 -522.806288 -524.085782 -524.519902 -522.748720 -522.354476 -522.766065 -522.617704 -521.645490 -520.082430 -519.985396 -520.890654 -522.237512 -520.955113 -517.849535 -514.708197 -512.155054 -510.518889 -509.746215 -512.394357 -516.252752 -518.221163 -518.788589 -517.702309 -515.619261 -509.286231 -505.345308 -502.311497 -499.784621 -495.543187 -461.722605 -9999.0 -9999.0 -9999.0 -9999.0 -9999.0 -9999.0 -9999.0 -9999.0 -9999.0 -9999.0 -9999.0 -9999.0 -9999.0 -9999.0
-9999.0 -9999.0 -9999.0 -9999.0 -9999.0 -9999.0 -9999.0 -9999.0 -9999.0 -9999.0 -9999.0 -9999.0 -9999.0 -9999.0 -9999.0 -9999.0 -9999.0 -9999.0 -9999.0 -9999.0 -9999.0 -9999.0 -9999.0 -9999.0 -9999.0 -9999.0 -9999.0 -9999.0 -9999.0 -9999.0 -9999.0 -9999.0 -9999.0 -9999.0 -9999.0 -9999.0 -9999.0 -9999.0 -9999.0 -9999.0 -9999.0 -9999.0 -9999.0 -9999.0 -9999.0 -9999.0 -9999.0 -9999.0 -9999.0 -9999.0 -9999.0 -9999.0 -9999.0 -9999.0 -9999.0 -9999.0 -9999.0 -9999.0 -9999.0 -9999.0 -9999.0 -9999.0 -9999.0 -9999.0 -9999.0 -9999.0 -9999.0 -9999.0 -9999.0 -9999.0 -9999.0 -9999.0 -9999.0 -9999.0 -9999.0 -9999.0 -9999.0 -9999.0 -9999.0 -9999.0
-9999.0 -9999.0 -9999.0 -9999.0 -9999.0 -9999.0 -9999.0 -9999.0 -9999.0 -9999.0 -9999.0 -9999.0 -9999.0 -9999.0 -9999.0 -9999.0 -9999.0 -9999.0 -9999.0 -9999.0 -9999.0 -9999.0 -9999.0 -9999.0 -9999.0 -9999.0 -9999.0 -9999.0 -9999.0 -9999.0 -9999.0 -9999.0 -9999.0 -9999.0 -9999.0 -9999.0 -9999.0 -9999.0 -9999.0 -9999.0 -9999.0 -9999.0 -9999.0 -9999.0 -9999.0 -9999.0 -9999.0 -9999.0 -9999.0 -9999.0 -9999.0 -9999.0 -9999.0 -9999.0 -9999.0 -9999.0 -9999.0 -9999.0 -9999.0 -9999.0 -9999.0 -9999.0 -9999.0 -9999.0 -9999.0 -9999.0 -9999.0 -9999.0 -9999.0 -9999.0 -9999.0 -9999.0 -9999.0 -9999.0 -9999.0 -9999.0 -9999.0 -9999.0 -9999.0 -9999.0