Borden_/Borden1m_014/output_maps/psiliqL0013N0039.asc
ncols         80
nrows         18
xllcorner     620200.000000
yllcorner     5168000.000000
cellsize      1.000000
NODATA_value  -9999.0
-9999.0 -9999.0 -9999.0 -9999.0 -9999.0 -9999.0 -9999.0 -9999.0 -9999.0 -9999.0 -9999.0 -9999.0 -9999.0 -9999.0 -9999.0 -9999.0 -9999.0 -9999.0 -9999.0 -9999.0 -9999.0 -9999.0 -9999.0 -9999.0 -9999.0 -9999.0 -9999.0 -9999.0 -9999.0 -9999.0 -9999.0 -9999.0 -9999.0 -9999.0 -9999.0 -9999.0 -9999.0 -9999.0 -9999.0 -9999.0 -9999.0 -9999.0 -9999.0 -9999.0 -9999.0 -9999.0 -9999.0 -9999.0 -9999.0 -9999.0 -9999.0 -9999.0 -9999.0 -9999.0 -9999.0 -9999.0 -9999.0 -9999.0 -9999.0 -9999.0 -9999.0 -9999.0 -9999.0 -9999.0 -9999.0 -9999.0 -9999.0 -9999.0 -9999.0 -9999.0 -9999.0 -9999.0 -9999.0 -9999.0 -9999.0 -9999.0 -9999.0 -9999.0 -9999.0 -9999.0
-9999.0 -9999.0 -9999.0 -9999.0 -9999.0 -9999.0 -9999.0 -9999.0 -9999.0 -9999.0 -9999.0 -9999.0 -9999.0 -9999.0 -9999.0 -9999.0 -9999.0 -9999.0 -9999.0 -9999.0 -9999.0 -9999.0 -9999.0 -9999.0 -9999.0 -9999.0 -9999.0 -9999.0 -9999.0 -9999.0 -9999.0 -9999.0 -9999.0 -9999.0 -9999.0 -9999.0 -9999.0 -9999.0 -9999.0 -9999.0 -9999.0 -9999.0 -9999.0 -9999.0 -9999.0 -9999.0 -9999.0 -9999.0 -9999.0 -9999.0 -9999.0 -9999.0 -9999.0 -9999.0 -9999.0 -9999.0 -9999.0 -9999.0 -9999.0 -9999.0 -9999.0 -9999.0 -9999.0 -9999.0 -9999.0 -9999.0 -9999.0 -9999.0 -9999.0 -9999.0 -9999.0 -9999.0 -9999.0 -9999.0 -9999.0 -9999.0 -9999.0 -9999.0 -9999.0 -9999.0
-9999.0 -9999.0 -9999.0 -9999.0 -9999.0 -9999.0 -9999.0 -9999.0 -9999.0 -9999.0 -9999.0 -9999.0 -9999.0 -9999.0 -9999.0 -9999.0 -9999.0 -9999.0 -9999.0 -9999.0 746.261253 749.250781 727.711051 694.834013 667.828844 671.148430 707.076939 749.717092 789.597955 801.047637 784.394131 787.888934 784.416097 784.528458 788.155593 795.787996 800.650651 812.896438 822.518979 823.431989 818.547383 814.302200 815.011153 818.328374 823.295805 811.901681 824.575974 838.429516 842.247567 835.095532 805.787938 788.087694 777.284224 760.085974 782.799511 793.113761 814.446981 817.289977 814.441565 786.367962 755.594746 -9999.0 -9999.0 -9999.0 -9999.0 -9999.0 -9999.0 -9999.0 -9999.0 -9999.0 -9999.0 -9999.0 -9999.0 -9999.0 -9999.0 -9999.0 -9999.0 -9999.0 -9999.0 -9999.0
-9999.0 -9999.0 -9999.0 -9999.0 -9999.0 -9999.0 -9999.0 -9999.0 -9999.0 -9999.0 -9999.0 -9999.0 -9999.0 -9999.0 653.231297 644.206348 642.343456 651.807592 686.420764 717.408635 729.936108 723.271081 724.343256 701.945879 682.715955 698.165720 729.490910 762.935553 799.373020 821.406057 811.295443 810.353686 821.607145 848.732035 863.269115 861.731265 842.816445 867.317402 884.812967 895.347634 896.538102 889.451203 903.488389 919.492537 912.205264 893.923001 897.241272 907.459026 918.091397 901.609748 834.928591 812.615321 806.009242 796.989751 780.895257 772.567747 796.133875 794.845342 785.119157 765.792484 732.068025 687.199805 667.868185 705.440833 748.364837 804.975581 -9999.0 -9999.0 -9999.0 -9999.0 -9999.0 -9999.0 -9999.0 -9999.0 -9999.0 -9999.0 -9999.0 -9999.0 -9999.0 -9999.0
-9999.0 -9999.0 -9999.0 -9999.0 -9999.0 -9999.0 -9999.0 -9999.0 -9999.0 593.010038 598.011891 606.189891 609.457623 626.120082 624.695999 632.874443 641.334341 669.462340 701.867198 738.294052 768.330814 760.575540 762.606208 774.746472 780.619631 794.808328 818.700814 861.949373 905.056945 948.631230 921.978624 921.379115 942.301255 991.737209 1027.433614 1036.175213 1018.959100 1028.334922 1056.011421 1081.578511 1084.367754 1084.223294 1109.795388 1123.600088 1124.860096 1103.727550 1087.696025 1084.940515 1107.208934 1052.991158 983.533183 929.225362 929.576401 896.483847 855.126578 831.850775 826.700691 845.384299 828.241915 788.941002 750.744900 738.387371 719.624095 735.104106 755.997945 801.135335 838.695241 865.992349 864.513983 846.195001 -9999.0 -9999.0 -9999.0 -9999.0 -9999.0 -9999.0 -9999.0 -9999.0 -9999.0 -9999.0
-9999.0 -9999.0 -9999.0 -9999.0 -9999.0 -9999.0 512.814174 522.827094 543.850759 549.578991 575.792579 584.422385 606.338006 627.042906 649.935847 668.268553 700.385263 735.160876 778.279248 824.019614 858.766888 856.375364 869.264298 902.933849 945.183245 977.510592 1005.583722 1049.014747 1128.258592 1173.350833 1183.660927 1189.874046 1200.391772 1248.930855 1312.743280 1328.725040 1309.796213 1296.919487 1318.928528 1357.777556 1368.724127 1372.346875 1382.708941 1391.873999 1416.838423 1406.193616 1363.041120 1344.879121 1338.925924 1321.192413 1259.898460 1195.063207 1157.426316 1105.796553 1020.666325 961.651956 963.722870 978.554568 945.903155 888.746833 844.148944 830.534829 812.974785 797.163050 801.003796 818.128291 838.677458 848.028964 833.460584 811.054784 786.954545 757.256823 758.385284 783.207919 -9999.0 -9999.0 -9999.0 -9999.0 -9999.0 -9999.0
-9999.0 -9999.0 -9999.0 -9999.0 461.968729 475.353998 464.087969 489.815829 523.485663 558.762911 592.358733 631.174627 660.444580 692.740883 735.903631 774.204119 819.979603 858.643550 916.593581 988.758237 1044.338281 1072.718106 1091.545454 1151.883960 1213.943008 1267.360008 1289.857743 1319.287095 1364.391484 1427.471448 1456.150512 1463.544746 1480.927054 1514.612403 1559.661407 1592.085513 1576.499778 1570.710016 1578.094016 1591.221041 1617.196548 1620.067932 1622.471674 1624.543041 1628.114674 1626.360402 1600.873358 1566.092828 1550.351403 1539.399419 1510.692525 1442.312365 1398.621199 1366.828372 1333.445654 1280.964059 1213.826174 1194.365320 1135.803705 1076.356630 1008.940656 982.146671 947.524354 918.301315 885.263890 883.061424 882.750337 859.332951 824.922273 790.772981 774.287048 754.494086 742.979727 772.413383 789.588576 819.800456 -9999.0 -9999.0 -9999.0 -9999.0
-9999.0 -9999.0 401.919918 451.373916 508.819077 518.616557 520.849689 528.162123 558.096752 611.945018 690.711476 744.841831 791.187620 827.643457 891.149590 976.349978 1054.570890 1106.462489 1167.295043 1237.604414 1301.118731 1337.644267 1358.834571 1398.793484 1451.514939 1511.004032 1537.717342 1564.267432 1595.561695 1629.502490 1644.308596 1658.912515 1666.633949 1667.939538 1671.962234 1672.692472 1668.376455 1663.614580 1646.567585 1644.164260 1652.408386 1658.049575 1660.327809 1647.307395 1643.202251 1655.931965 1658.410853 1656.607877 1655.374669 1661.775251 1666.116874 1628.547574 1587.176434 1570.854101 1560.600602 1516.340586 1451.440541 1406.587728 1382.638660 1339.328655 1260.056650 1205.544504 1152.675705 1100.882197 1044.598864 1008.416377 956.778133 910.089880 860.102385 811.589409 786.337083 767.029219 763.780090 763.172620 778.733130 793.687720 808.681977 816.281546 -9999.0 -9999.0
-9999.0 299.563945 372.357521 499.575144 580.454992 626.803451 662.900541 690.250350 720.850705 747.279885 856.974488 955.145689 1049.944236 1088.801104 1142.307460 1241.749850 1338.107348 1384.015602 1420.972896 1474.794601 1532.928355 1579.897926 1609.489199 1625.907426 1658.491105 1668.852056 1671.283069 1674.137302 1669.945331 1662.667727 1653.879381 1660.239980 1656.603149 1637.641150 1621.090482 1616.920087 1610.065145 1585.935535 1558.519711 1544.644493 1548.095768 1570.791093 1559.574397 1539.295099 1535.525739 1556.108990 1574.282207 1565.513501 1553.668409 1571.330139 1606.482404 1628.730303 1640.511990 1656.521251 1676.956171 1651.869854 1621.766724 1579.888859 1559.975885 1529.799616 1469.404139 1406.101960 1350.312994 1287.848742 1219.194632 1148.212009 1081.688200 1016.327507 946.031294 902.360876 869.292494 817.474567 794.968557 795.714405 785.962015 782.449530 788.056990 794.144090 -9999.0 -9999.0
-9999.0 221.415869 364.468564 550.165507 699.871225 762.349137 871.334306 955.989032 988.505964 965.430064 1076.698657 1297.219740 1395.137331 1412.475330 1482.366865 1567.211289 1592.158247 1623.639206 1644.614013 1651.429483 1657.128366 1666.187245 1665.278617 1660.034364 1646.138250 1638.584405 1637.277727 1633.744184 1615.009956 1594.849970 1576.542816 1571.756680 1553.117165 1509.585859 1475.173993 1456.273570 1438.843846 1417.948037 1384.970031 1359.013714 1345.524046 1362.411977 1354.799861 1337.804941 1333.995635 1356.144323 1388.332093 1383.718068 1390.792496 1413.219242 1454.423806 1495.791306 1519.464861 1549.874659 1587.126887 1631.240813 1647.882814 1669.035973 1673.435996 1652.775061 1608.060498 1555.010652 1518.753162 1453.126123 1377.489874 1296.177024 1228.755057 1163.826815 1092.773521 1044.658079 996.441626 938.422037 882.627306 857.227985 816.628005 795.633444 -9999.0 -9999.0 -9999.0 -9999.0
-9999.0 145.872804 335.253690 596.512706 870.358346 989.087085 1192.197495 1322.592277 1384.461455 1450.280092 1444.481121 1581.322898 1616.993917 1612.541782 1608.129487 1611.831747 1627.355586 1631.208747 1627.500356 1617.104503 1607.569148 1603.493162 1602.656709 1595.375377 1583.055761 1567.911086 1554.275019 1539.929819 1499.637725 1464.844294 1429.012959 1413.390557 1375.010740 1283.716087 1239.202800 1202.885343 1146.679663 1139.208707 1131.476294 1103.227869 1084.126801 1065.409894 1086.016184 1089.086740 1091.057871 1095.861499 1113.946283 1136.585134 1180.329982 1217.277779 1262.908988 1316.476003 1351.730314 1395.902495 1443.975752 1501.954866 1535.379819 1566.630288 1613.614176 1652.833251 1675.171549 1663.436887 1633.387085 1585.345179 1511.568422 1439.364638 1384.530567 1307.066199 1239.603214 1186.674352 1143.186604 1095.078179 1031.492874 947.947038 904.604453 -9999.0 -9999.0 -9999.0 -9999.0 -9999.0
-9999.0 -27.258953 240.849233 532.114180 852.777001 1178.034639 1304.018456 1438.596139 1511.552511 1472.743700 1474.483055 1498.428125 1540.338842 1549.401953 1530.737562 1522.878852 1512.757924 1512.722623 1524.685598 1496.951850 1466.075146 1452.180550 1451.515362 1439.685952 1416.695600 1399.356199 1386.182163 1364.898623 1315.457471 1263.701545 1182.797157 1153.477318 1078.281637 1017.776948 970.397595 919.377039 867.255062 864.849689 880.892677 865.271464 842.819453 824.313662 850.576453 867.729496 879.754765 869.326876 879.012467 915.536910 966.258453 1012.123071 1064.665756 1121.450554 1169.127408 1218.571706 1253.087998 1306.049238 1354.308521 1401.624857 1475.999161 1555.044084 1591.225236 1624.986468 1656.766958 1668.913953 1613.887767 1557.736616 1498.778243 1428.022534 1338.302320 1292.095873 1270.878514 1237.772691 1186.014927 -9999.0 -9999.0 -9999.0 -9999.0 -9999.0 -9999.0 -9999.0
-9999.0 -155.949409 66.876501 302.431123 592.783175 832.150604 1022.750021 1134.337739 1215.000192 1240.050349 1269.491792 1303.967146 1336.326449 1359.835879 1338.607129 1300.597670 1272.556814 1276.086651 1271.987503 1246.530169 1215.774368 1200.164445 1197.750983 1190.492240 1165.709145 1150.445708 1138.753035 1115.009003 1078.925615 1021.391919 939.004976 866.411877 803.860239 769.221137 737.832203 703.855084 666.466204 676.154569 689.044802 684.906233 673.620726 670.135622 699.457389 718.375314 728.640267 716.827429 736.162595 763.616074 806.333066 850.454594 901.134361 958.269946 1014.211355 1046.438941 1063.655192 1093.077711 1135.238359 1191.313224 1278.788222 1373.645825 1449.774675 1498.485680 1547.519682 1577.686747 1586.486170 1593.551154 1560.650733 1466.792822 1333.475097 1334.744604 1339.144219 -9999.0 -9999.0 -9999.0 -9999.0 -9999.0 -9999.0 -9999.0 -9999.0 -9999.0
-9999.0 -9999.0 -168.010838 14.093312 159.975816 343.224108 495.255289 605.785098 691.232958 796.679799 897.310406 979.883527 1024.761910 1042.926508 1027.621680 991.350666 967.568319 966.869249 956.285683 943.355211 920.888429 911.781633 900.899095 892.449908 880.863941 874.062510 867.836300 855.368973 831.621419 783.174831 731.479496 678.632306 623.992139 597.687020 574.951831 552.377121 549.702586 546.332700 552.256508 553.519894 559.707729 571.928494 592.321155 614.115752 623.849259 632.135073 644.918664 669.022012 702.757128 745.416999 799.904587 858.228265 899.039819 913.234662 905.573004 913.147315 936.782751 983.374108 1069.786749 1157.107408 1251.701189 1322.055320 1391.375640 1439.739774 1451.381883 1461.060442 1467.275203 1383.518167 1011.382957 1253.300376 -9999.0 -9999.0 -9999.0 -9999.0 -9999.0 -9999.0 -9999.0 -9999.0 -9999.0 -9999.0
-9999.0 -9999.0 -9999.0 -9999.0 -128.241343 28.466254 125.088430 209.289401 335.818326 451.791321 549.233753 630.379523 689.317437 715.019657 707.905893 708.225117 701.624502 696.116763 686.447094 682.981983 679.388593 671.337936 658.019866 650.219397 650.014685 653.817752 650.905521 636.813705 619.028509 593.696973 570.958136 535.525687 498.523366 468.844235 455.301430 448.737366 448.455470 442.011042 450.979223 457.821183 472.843180 488.163498 512.063470 540.798928 554.116853 568.741106 578.660362 599.592105 630.191780 683.761667 747.276996 805.030700 840.786955 845.592254 821.095913 806.452079 804.434008 834.569982 883.555568 955.475726 1060.699086 1135.778093 1195.084125 1239.428897 1268.566185 1307.843813 1346.809990 1366.036241 -9999.0 -9999.0 -9999.0 -9999.0 -9999.0 -9999.0 -9999.0 -9999.0 -9999.0 -9999.0 -9999.0 -9999.0
-9999.0 -9999.0 -9999.0 -9999.0 -9999.0 -9999.0 -175.781963 -76.372115 8.022296 139.803906 263.048618 360.563400 438.476821 467.489839 489.881287 514.402955 511.154334 493.289106 475.188612 492.506410 503.996922 498.270449 469.266039 468.122668 472.059420 480.472727 478.388107 471.714694 446.346569 455.716990 454.876831 431.248477 404.793964 390.338410 378.352484 387.897855 388.246305 375.064469 376.441677 402.846944 422.833148 436.136976 458.300475 491.499049 523.705720 538.561195 539.887510 546.270754 587.239347 657.753331 729.097830 784.035397 816.185775 824.322726 796.894100 756.917818 736.732929 744.774506 781.188411 836.575552 915.631636 967.593204 997.494188 1014.938026 1036.047052 1124.239406 -9999.0 -9999.0 -9999.0 -9999.0 -9999.0 -9999.0 -9999.0 -9999.0 -9999.0 -9999.0 -9999.0 -9999.0 -9999.0 -9999.0
-9999.0 -9999.0 -9999.0 -9999.0 -9999.0 -9999.0 -9999.0 -9999.0 -9999.0 -9999.0 -9999.0 -9999.0 -9999.0 -9999.0 -9999.0 -9999.0 -9999.0 -9999.0 -9999.0 -9999.0 -9999.0 -9999.0 -9999.0 -9999.0 -9999.0 -9999.0 -9999.0 -9999.0 -9999.0 -9999.0 -9999.0 -9999.0 -9999.0 -9999.0 -9999.0 -9999.0 -9999.0 -9999.0 -9999.0 -9999.0 -9999.0 -9999.0 -9999.0 -9999.0 -9999.0 -9999.0 -9999.0 -9999.0 -9999.0 -9999.0 -9999.0 -9999.0 -9999.0 -9999.0 -9999.0 -9999.0 -9999.0 -9999.0 -9999.0 -9999.0 -9999.0 -9999.0 -9999.0 -9999.0 -9999.0 -9999.0 -9999.0 -9999.0 -9999.0 -9999.0 -9999.0 -9999.0 -9999.0 -9999.0 -9999.0 -9999.0 -9999.0 -9999.0 -9999.0 -9999.0
-9999.0 -9999.0 -9999.0 -9999.0 -9999.0 -9999.0 -9999.0 -9999.0 -9999.0 -9999.0 -9999.0 -9999.0 -9999.0 -9999.0 -9999.0 -9999.0 -9999.0 -9999.0 -9999.0 -9999.0 -9999.0 -9999.0 -9999.0 -9999.0 -9999.0 -9999.0 -9999.0 -9999.0 -9999.0 -9999.0 -9999.0 -9999.0 -9999.0 -9999.0 -9999.0 -9999.0 -9999.0 -9999.0 -9999.0 -9999.0 -9999.0 -9999.0 -9999.0 -9999.0 -9999.0 -9999.0 -9999.0 -9999.0 -9999.0 -9999.0 -9999.0 -9999.0 -9999.0 -9999.0 -9999.0 -9999.0 -9999.0 -9999.0 -9999.0 -9999.0 -9999.0 -9999.0 -9999.0 -9999.0 -9999.0 -9999.0 -9999.0 -9999.0 -9999.0 -9999.0 -9999.0 -9999.0 -9999.0 -9999.0 -9999.0 -9999.0 -9999.0 -9999.0 -9999.0 -9999.0