Borden_/Borden1m_014/output_maps/psiliqL0019N0021.asc
ncols         80
nrows         18
xllcorner     620200.000000
yllcorner     5168000.000000
cellsize      1.000000
NODATA_value  -9999.0
-9999.0 -9999.0 -9999.0 -9999.0 -9999.0 -9999.0 -9999.0 -9999.0 -9999.0 -9999.0 -9999.0 -9999.0 -9999.0 -9999.0 -9999.0 -9999.0 -9999.0 -9999.0 -9999.0 -9999.0 -9999.0 -9999.0 -9999.0 -9999.0 -9999.0 -9999.0 -9999.0 -9999.0 -9999.0 -9999.0 -9999.0 -9999.0 -9999.0 -9999.0 -9999.0 -9999.0 -9999.0 -9999.0 -9999.0 -9999.0 -9999.0 -9999.0 -9999.0 -9999.0 -9999.0 -9999.0 -9999.0 -9999.0 -9999.0 -9999.0 -9999.0 -9999.0 -9999.0 -9999.0 -9999.0 -9999.0 -9999.0 -9999.0 -9999.0 -9999.0 -9999.0 -9999.0 -9999.0 -9999.0 -9999.0 -9999.0 -9999.0 -9999.0 -9999.0 -9999.0 -9999.0 -9999.0 -9999.0 -9999.0 -9999.0 -9999.0 -9999.0 -9999.0 -9999.0 -9999.0
-9999.0 -9999.0 -9999.0 -9999.0 -9999.0 -9999.0 -9999.0 -9999.0 -9999.0 -9999.0 -9999.0 -9999.0 -9999.0 -9999.0 -9999.0 -9999.0 -9999.0 -9999.0 -9999.0 -9999.0 -9999.0 -9999.0 -9999.0 -9999.0 -9999.0 -9999.0 -9999.0 -9999.0 -9999.0 -9999.0 -9999.0 -9999.0 -9999.0 -9999.0 -9999.0 -9999.0 -9999.0 -9999.0 -9999.0 -9999.0 -9999.0 -9999.0 -9999.0 -9999.0 -9999.0 -9999.0 -9999.0 -9999.0 -9999.0 -9999.0 -9999.0 -9999.0 -9999.0 -9999.0 -9999.0 -9999.0 -9999.0 -9999.0 -9999.0 -9999.0 -9999.0 -9999.0 -9999.0 -9999.0 -9999.0 -9999.0 -9999.0 -9999.0 -9999.0 -9999.0 -9999.0 -9999.0 -9999.0 -9999.0 -9999.0 -9999.0 -9999.0 -9999.0 -9999.0 -9999.0
-9999.0 -9999.0 -9999.0 -9999.0 -9999.0 -9999.0 -9999.0 -9999.0 -9999.0 -9999.0 -9999.0 -9999.0 -9999.0 -9999.0 -9999.0 -9999.0 -9999.0 -9999.0 -9999.0 -9999.0 1953.422701 1956.058482 1935.400647 1903.134645 1876.864810 1880.824909 1916.665762 1959.657638 2000.448528 2011.596534 1995.449304 2000.476338 1997.546626 1995.995247 1998.316687 2006.194170 2012.051720 2022.894190 2031.104094 2030.511160 2024.641915 2020.267642 2021.959765 2024.498892 2029.991198 2017.000213 2030.898322 2045.334534 2048.947036 2043.227464 2015.840454 1999.731926 1988.706976 1970.606382 1993.491656 2002.941322 2023.460185 2025.557616 2021.887384 1993.724059 1962.872732 -9999.0 -9999.0 -9999.0 -9999.0 -9999.0 -9999.0 -9999.0 -9999.0 -9999.0 -9999.0 -9999.0 -9999.0 -9999.0 -9999.0 -9999.0 -9999.0 -9999.0 -9999.0 -9999.0
-9999.0 -9999.0 -9999.0 -9999.0 -9999.0 -9999.0 -9999.0 -9999.0 -9999.0 -9999.0 -9999.0 -9999.0 -9999.0 -9999.0 1858.626917 1850.469663 1849.243264 1858.924398 1893.665426 1925.113057 1937.315458 1931.091132 1932.654829 1910.480792 1890.987286 1906.488386 1938.187489 1971.378434 2007.667944 2029.144597 2020.470408 2020.318878 2030.579025 2054.714858 2066.183977 2063.565146 2045.069757 2069.281772 2084.321287 2091.638358 2091.279974 2083.020612 2094.430247 2109.391637 2102.145527 2085.256911 2092.165058 2104.313967 2114.566257 2101.723682 2038.624954 2020.238826 2013.695416 2005.394553 1989.264911 1981.762864 2006.118570 2003.515760 1993.513344 1974.137326 1939.974198 1894.791854 1874.713450 1912.460084 1954.486931 2009.807620 -9999.0 -9999.0 -9999.0 -9999.0 -9999.0 -9999.0 -9999.0 -9999.0 -9999.0 -9999.0 -9999.0 -9999.0 -9999.0 -9999.0
-9999.0 -9999.0 -9999.0 -9999.0 -9999.0 -9999.0 -9999.0 -9999.0 -9999.0 1796.766038 1802.786599 1811.340452 1815.404447 1832.452128 1830.804515 1839.472406 1847.199174 1876.338888 1908.670995 1944.812093 1974.236893 1967.152723 1968.933107 1978.670467 1980.746461 1993.355427 2016.863534 2058.506822 2096.928338 2138.323183 2110.783786 2110.101946 2130.491739 2176.039457 2205.006139 2209.814464 2191.547803 2203.695886 2228.219885 2248.011474 2247.122956 2244.026561 2269.095136 2283.449612 2281.121992 2259.938744 2251.990654 2254.421704 2280.160271 2228.171281 2160.997181 2113.773216 2119.811440 2090.900529 2055.644837 2036.653813 2032.872387 2050.755268 2034.364991 1995.941786 1959.004571 1945.824884 1926.527919 1943.005279 1963.446877 2007.513533 2044.958535 2071.882292 2069.472154 2050.775883 -9999.0 -9999.0 -9999.0 -9999.0 -9999.0 -9999.0 -9999.0 -9999.0 -9999.0 -9999.0
-9999.0 -9999.0 -9999.0 -9999.0 -9999.0 -9999.0 1716.085152 1727.051236 1748.865988 1753.825043 1781.125859 1789.371841 1811.328825 1831.934033 1855.734148 1873.037670 1903.478935 1937.692510 1978.916917 2022.168904 2055.056132 2049.663660 2061.155963 2089.642001 2126.352582 2153.738828 2180.250339 2221.775301 2298.971953 2342.042065 2346.686189 2352.774716 2363.957913 2414.210700 2478.096809 2490.167360 2469.340973 2455.115424 2476.547206 2513.438924 2516.916270 2518.382698 2532.062086 2542.572559 2568.350997 2557.224933 2516.829879 2505.324155 2506.804554 2487.081962 2421.749674 2358.839299 2327.716926 2275.368829 2191.003464 2139.269514 2150.269204 2169.175718 2139.660308 2084.666132 2043.984513 2032.529545 2016.027238 2002.273601 2008.136240 2025.828456 2045.808427 2055.162734 2039.979184 2016.794835 1992.773977 1962.574220 1963.232873 1987.283163 -9999.0 -9999.0 -9999.0 -9999.0 -9999.0 -9999.0
-9999.0 -9999.0 -9999.0 -9999.0 1664.588273 1678.590353 1666.713826 1693.888193 1728.111522 1763.949914 1796.103348 1833.283608 1861.589563 1893.343819 1933.704925 1966.029439 2006.964218 2043.323832 2098.607855 2167.281679 2218.614281 2241.069443 2257.002982 2316.161615 2378.877341 2431.915038 2454.372950 2483.507889 2531.244641 2593.037122 2621.245174 2628.770177 2647.610827 2686.724541 2737.736853 2773.464108 2755.983525 2746.817479 2753.762733 2766.380686 2790.025919 2791.786826 2794.131375 2797.489606 2802.978108 2800.991024 2774.918558 2740.782331 2724.701411 2714.291633 2680.452065 2608.591238 2569.685860 2536.804968 2496.925177 2442.392447 2382.844321 2370.662414 2310.999099 2250.914925 2190.439391 2170.696547 2140.299956 2114.575759 2086.333320 2087.935542 2090.274169 2067.853345 2032.784876 1998.388113 1981.562018 1961.027275 1947.971517 1976.767967 1992.958629 2021.910073 -9999.0 -9999.0 -9999.0 -9999.0
-9999.0 -9999.0 1603.164355 1651.423840 1709.902490 1719.492285 1719.269882 1726.317168 1756.520546 1810.222958 1883.287298 1930.917419 1970.933621 2007.169466 2067.741539 2143.352176 2213.779027 2263.396936 2327.920365 2401.688676 2465.653596 2498.439922 2515.623779 2558.697747 2616.129390 2682.841112 2711.792962 2739.883942 2775.631352 2812.710616 2818.236589 2832.041605 2842.527814 2849.411584 2858.541055 2861.859085 2855.767727 2848.705847 2828.408178 2823.099270 2829.725497 2836.505702 2837.145283 2823.462837 2819.624630 2833.780334 2838.885010 2837.868252 2836.711760 2843.568003 2844.048050 2800.832092 2769.790111 2752.362705 2737.657366 2691.129839 2624.166707 2583.764208 2559.000315 2512.068636 2433.504388 2384.253900 2334.006720 2286.793804 2234.780677 2205.902999 2159.645064 2116.269084 2068.012996 2019.664319 1994.128844 1974.619924 1970.343068 1968.067524 1982.810875 1996.566017 2010.763952 2017.942012 -9999.0 -9999.0
-9999.0 1496.777797 1569.171173 1694.727972 1775.746077 1819.882492 1845.517201 1863.851587 1894.523771 1926.605530 2026.947613 2103.341321 2193.985554 2235.645757 2287.153531 2385.951205 2483.775924 2534.828303 2578.069074 2640.798925 2705.797209 2758.057540 2788.622907 2789.934552 2827.794637 2848.401321 2853.976763 2859.283911 2857.925647 2850.561705 2842.918503 2848.954872 2844.676643 2824.860449 2807.853644 2803.700724 2796.528370 2769.400539 2736.615992 2719.421283 2720.246394 2745.228560 2731.104397 2710.099174 2706.541418 2728.937701 2752.245371 2744.817266 2733.621295 2754.520982 2790.915648 2815.167811 2822.530113 2840.099825 2860.954833 2833.991828 2807.754839 2763.752049 2741.064505 2710.831623 2651.068927 2590.419889 2534.429632 2472.369987 2406.588222 2341.152890 2278.021176 2215.277821 2148.630171 2105.794365 2073.155533 2022.220985 2000.808133 2000.986371 1990.710452 1986.116767 1990.358553 1995.885573 -9999.0 -9999.0
-9999.0 1410.099674 1551.644195 1734.662174 1883.132971 1937.922348 2027.371285 2100.915310 2127.273518 2092.664841 2201.040068 2422.032871 2537.605149 2560.384470 2638.153757 2735.832920 2745.311617 2781.085058 2806.997433 2825.873106 2841.097822 2854.681203 2854.617990 2850.311736 2835.510210 2827.354153 2825.229256 2821.571263 2802.949994 2782.521212 2763.491735 2757.333198 2734.704877 2686.511222 2651.574791 2631.898298 2611.672882 2590.861320 2557.901868 2528.726524 2510.274063 2523.283779 2519.340874 2502.991216 2499.576422 2522.517179 2555.231645 2555.132898 2569.070446 2592.707464 2633.493832 2674.912830 2699.081202 2731.293570 2771.155772 2818.463929 2832.594474 2855.096973 2858.828888 2842.661126 2796.459782 2740.593664 2704.892091 2640.939970 2568.906019 2489.714457 2424.936956 2362.403260 2292.051058 2244.858587 2195.984188 2136.114276 2082.201544 2060.559857 2019.838792 1999.909618 -9999.0 -9999.0 -9999.0 -9999.0
-9999.0 1321.999391 1507.027779 1758.688542 2043.940271 2142.905965 2350.441857 2479.150047 2533.935763 2605.909430 2550.036191 2725.340621 2774.341111 2774.258605 2783.647591 2791.591094 2810.130922 2815.071251 2813.552861 2805.354914 2797.712914 2794.305273 2793.120435 2784.875859 2771.185041 2754.347444 2737.324617 2722.504729 2682.738934 2647.692131 2607.827198 2590.753084 2547.541913 2452.475121 2409.233323 2369.894795 2308.774696 2302.655807 2298.751660 2269.054262 2248.589494 2223.761215 2248.484703 2256.522916 2260.385442 2261.242914 2277.117642 2306.494017 2356.020367 2395.204307 2440.646017 2494.434403 2532.539414 2577.848518 2623.775883 2680.748179 2716.076357 2749.210163 2801.026310 2841.155306 2865.261998 2852.614450 2826.905519 2777.912929 2704.182773 2638.567775 2589.831772 2517.157639 2452.782598 2398.679068 2348.349271 2292.173204 2223.489663 2147.694364 2105.369999 -9999.0 -9999.0 -9999.0 -9999.0 -9999.0
-9999.0 1125.397018 1391.792009 1671.743401 1971.947650 2308.643116 2462.453255 2582.758315 2655.985937 2632.994434 2649.375344 2667.634353 2712.837663 2724.299970 2706.252361 2698.213983 2686.986584 2688.663909 2703.317423 2678.160550 2649.421543 2636.016172 2635.037313 2621.908160 2596.110704 2577.402793 2564.564048 2541.937804 2491.853179 2438.956773 2354.017690 2318.995931 2238.853425 2188.398988 2145.750813 2095.465157 2044.638216 2043.763144 2061.917221 2047.814613 2025.314820 2006.842933 2034.424610 2054.175756 2067.547209 2055.354619 2065.050593 2102.199003 2153.108978 2198.612854 2248.939208 2304.772966 2352.370737 2400.529005 2431.910827 2481.411728 2532.465238 2581.490269 2656.878284 2738.770171 2780.295765 2817.007991 2848.635433 2864.751980 2812.050145 2764.440420 2713.711763 2654.270740 2579.498334 2529.893609 2496.857000 2443.875172 2383.215941 -9999.0 -9999.0 -9999.0 -9999.0 -9999.0 -9999.0 -9999.0
-9999.0 1004.586801 1213.617898 1428.801252 1700.739520 1937.808146 2146.457114 2251.973871 2332.294062 2384.993764 2429.741060 2467.372231 2498.962420 2523.854540 2505.692770 2465.596823 2437.616898 2443.546374 2438.759069 2416.878539 2388.493966 2373.879822 2370.007042 2361.860999 2336.173738 2320.529718 2308.400126 2284.097893 2252.141201 2196.190467 2118.163149 2043.274092 1983.539922 1955.056406 1926.833006 1895.117528 1861.631696 1871.451844 1882.576881 1879.607464 1870.027516 1867.911107 1896.879440 1916.277772 1926.644455 1916.161417 1936.159535 1963.035193 2004.812283 2048.954487 2098.666587 2154.112384 2208.587748 2237.711080 2250.594558 2274.352265 2313.777094 2368.564271 2455.421500 2552.746706 2633.895225 2684.921789 2738.428950 2776.286368 2792.528878 2802.481034 2783.078376 2712.752068 2619.664256 2601.385981 2589.938377 -9999.0 -9999.0 -9999.0 -9999.0 -9999.0 -9999.0 -9999.0 -9999.0 -9999.0
-9999.0 -9999.0 983.302270 1151.561908 1274.839390 1448.911348 1597.451049 1708.188844 1803.424470 1928.926746 2041.498725 2129.864997 2175.333352 2193.585969 2181.620169 2152.775463 2134.607947 2135.535695 2125.600000 2116.861214 2098.895744 2091.273718 2078.447100 2068.954017 2059.146715 2053.325807 2047.118607 2035.318857 2013.774969 1967.714468 1922.079580 1872.088489 1820.013338 1794.843104 1773.344689 1752.551271 1752.236938 1747.175361 1752.003971 1753.501747 1760.976785 1773.921054 1793.737769 1816.150332 1826.246470 1836.108461 1848.888783 1872.961180 1906.269996 1949.145321 2003.758900 2062.511879 2103.303515 2116.677752 2107.099678 2111.768784 2131.200909 2173.130004 2252.080796 2335.871580 2433.722349 2507.235592 2581.824160 2636.707340 2656.026317 2675.714290 2698.633706 2661.362786 2547.964837 2568.129552 -9999.0 -9999.0 -9999.0 -9999.0 -9999.0 -9999.0 -9999.0 -9999.0 -9999.0 -9999.0
-9999.0 -9999.0 -9999.0 -9999.0 1011.669444 1164.086263 1261.834549 1344.549307 1475.780700 1600.021716 1702.523268 1787.265607 1851.709865 1878.964100 1877.584292 1887.763807 1885.371467 1879.037928 1869.447455 1870.464720 1871.137402 1863.724003 1848.093735 1840.166540 1840.846252 1845.447250 1841.972469 1827.591780 1808.940059 1788.323455 1769.688068 1735.969461 1700.712734 1671.604080 1658.391946 1653.103979 1652.578064 1644.985515 1653.230541 1660.785706 1676.034228 1691.126558 1714.773647 1744.025870 1758.296608 1773.416783 1783.340224 1803.922249 1834.720348 1888.556408 1952.585277 2011.237282 2048.331085 2053.596296 2030.007922 2015.082351 2011.602601 2039.649705 2083.900420 2150.036728 2251.958917 2326.677205 2384.464729 2430.474880 2465.413264 2516.264204 2577.355435 2620.988143 -9999.0 -9999.0 -9999.0 -9999.0 -9999.0 -9999.0 -9999.0 -9999.0 -9999.0 -9999.0 -9999.0 -9999.0
-9999.0 -9999.0 -9999.0 -9999.0 -9999.0 -9999.0 976.876046 1079.997867 1156.716251 1299.689964 1434.648349 1537.885659 1619.336823 1652.844465 1682.182505 1710.829783 1710.444809 1692.104786 1672.622889 1692.391505 1707.712507 1701.437541 1670.380463 1669.895860 1674.572418 1681.873086 1678.800214 1671.872666 1646.423894 1658.994059 1660.400513 1637.048900 1610.998218 1597.271273 1585.282886 1594.724836 1594.656697 1580.566268 1580.422992 1607.348267 1627.707753 1640.693178 1662.257554 1695.527462 1728.095305 1743.736301 1745.372261 1751.570529 1791.206980 1861.666717 1934.061782 1990.396500 2023.839106 2032.757565 2006.778130 1967.597579 1948.139340 1955.880227 1990.969700 2043.361663 2119.285003 2168.967333 2194.691677 2207.787935 2226.139500 2319.499971 -9999.0 -9999.0 -9999.0 -9999.0 -9999.0 -9999.0 -9999.0 -9999.0 -9999.0 -9999.0 -9999.0 -9999.0 -9999.0 -9999.0
-9999.0 -9999.0 -9999.0 -9999.0 -9999.0 -9999.0 -9999.0 -9999.0 -9999.0 -9999.0 -9999.0 -9999.0 -9999.0 -9999.0 -9999.0 -9999.0 -9999.0 -9999.0 -9999.0 -9999.0 -9999.0 -9999.0 -9999.0 -9999.0 -9999.0 -9999.0 -9999.0 -9999.0 -9999.0 -9999.0 -9999.0 -9999.0 -9999.0 -9999.0 -9999.0 -9999.0 -9999.0 -9999.0 -9999.0 -9999.0 -9999.0 -9999.0 -9999.0 -9999.0 -9999.0 -9999.0 -9999.0 -9999.0 -9999.0 -9999.0 -9999.0 -9999.0 -9999.0 -9999.0 -9999.0 -9999.0 -9999.0 -9999.0 -9999.0 -9999.0 -9999.0 -9999.0 -9999.0 -9999.0 -9999.0 -9999.0 -9999.0 -9999.0 -9999.0 -9999.0 -9999.0 -9999.0 -9999.0 -9999.0 -9999.0 -9999.0 -9999.0 -9999.0 -9999.0 -9999.0
-9999.0 -9999.0 -9999.0 -9999.0 -9999.0 -9999.0 -9999.0 -9999.0 -9999.0 -9999.0 -9999.0 -9999.0 -9999.0 -9999.0 -9999.0 -9999.0 -9999.0 -9999.0 -9999.0 -9999.0 -9999.0 -9999.0 -9999.0 -9999.0 -9999.0 -9999.0 -9999.0 -9999.0 -9999.0 -9999.0 -9999.0 -9999.0 -9999.0 -9999.0 -9999.0 -9999.0 -9999.0 -9999.0 -9999.0 -9999.0 -9999.0 -9999.0 -9999.0 -9999.0 -9999.0 -9999.0 -9999.0 -9999.0 -9999.0 -9999.0 -9999.0 -9999.0 -9999.0 -9999.0 -9999.0 -9999.0 -9999.0 -9999.0 -9999.0 -9999.0 -9999.0 -9999.0 -9999.0 -9999.0 -9999.0 -9999.0 -9999.0 -9999.0 -9999.0 -9999.0 -9999.0 -9999.0 -9999.0 -9999.0 -9999.0 -9999.0 -9999.0 -9999.0 -9999.0 -9999.0