Borden_/Borden1m_014/output_maps/psiliqL0022N0037.asc
ncols         80
nrows         18
xllcorner     620200.000000
yllcorner     5168000.000000
cellsize      1.000000
NODATA_value  -9999.0
-9999.0 -9999.0 -9999.0 -9999.0 -9999.0 -9999.0 -9999.0 -9999.0 -9999.0 -9999.0 -9999.0 -9999.0 -9999.0 -9999.0 -9999.0 -9999.0 -9999.0 -9999.0 -9999.0 -9999.0 -9999.0 -9999.0 -9999.0 -9999.0 -9999.0 -9999.0 -9999.0 -9999.0 -9999.0 -9999.0 -9999.0 -9999.0 -9999.0 -9999.0 -9999.0 -9999.0 -9999.0 -9999.0 -9999.0 -9999.0 -9999.0 -9999.0 -9999.0 -9999.0 -9999.0 -9999.0 -9999.0 -9999.0 -9999.0 -9999.0 -9999.0 -9999.0 -9999.0 -9999.0 -9999.0 -9999.0 -9999.0 -9999.0 -9999.0 -9999.0 -9999.0 -9999.0 -9999.0 -9999.0 -9999.0 -9999.0 -9999.0 -9999.0 -9999.0 -9999.0 -9999.0 -9999.0 -9999.0 -9999.0 -9999.0 -9999.0 -9999.0 -9999.0 -9999.0 -9999.0
-9999.0 -9999.0 -9999.0 -9999.0 -9999.0 -9999.0 -9999.0 -9999.0 -9999.0 -9999.0 -9999.0 -9999.0 -9999.0 -9999.0 -9999.0 -9999.0 -9999.0 -9999.0 -9999.0 -9999.0 -9999.0 -9999.0 -9999.0 -9999.0 -9999.0 -9999.0 -9999.0 -9999.0 -9999.0 -9999.0 -9999.0 -9999.0 -9999.0 -9999.0 -9999.0 -9999.0 -9999.0 -9999.0 -9999.0 -9999.0 -9999.0 -9999.0 -9999.0 -9999.0 -9999.0 -9999.0 -9999.0 -9999.0 -9999.0 -9999.0 -9999.0 -9999.0 -9999.0 -9999.0 -9999.0 -9999.0 -9999.0 -9999.0 -9999.0 -9999.0 -9999.0 -9999.0 -9999.0 -9999.0 -9999.0 -9999.0 -9999.0 -9999.0 -9999.0 -9999.0 -9999.0 -9999.0 -9999.0 -9999.0 -9999.0 -9999.0 -9999.0 -9999.0 -9999.0 -9999.0
-9999.0 -9999.0 -9999.0 -9999.0 -9999.0 -9999.0 -9999.0 -9999.0 -9999.0 -9999.0 -9999.0 -9999.0 -9999.0 -9999.0 -9999.0 -9999.0 -9999.0 -9999.0 -9999.0 -9999.0 2558.214934 2560.572891 2540.154198 2507.946977 2481.835399 2486.016203 2521.803798 2564.922637 2606.023439 2616.649677 2600.220830 2605.600337 2602.817977 2600.503335 2602.843759 2611.793207 2619.569761 2630.900783 2640.000763 2640.186951 2635.049517 2631.439535 2634.103422 2636.366004 2641.872239 2627.518212 2641.304042 2654.840344 2656.957847 2650.308636 2622.384099 2606.167128 2594.526261 2575.740560 2598.586407 2607.634355 2627.269791 2628.972066 2624.882556 2596.773472 2565.841427 -9999.0 -9999.0 -9999.0 -9999.0 -9999.0 -9999.0 -9999.0 -9999.0 -9999.0 -9999.0 -9999.0 -9999.0 -9999.0 -9999.0 -9999.0 -9999.0 -9999.0 -9999.0 -9999.0
-9999.0 -9999.0 -9999.0 -9999.0 -9999.0 -9999.0 -9999.0 -9999.0 -9999.0 -9999.0 -9999.0 -9999.0 -9999.0 -9999.0 2463.133076 2455.362739 2454.368117 2464.032678 2498.707874 2530.288545 2542.202801 2536.079881 2537.563019 2515.130242 2495.209219 2510.641911 2542.551592 2575.240648 2611.241197 2631.929318 2623.167019 2622.770068 2632.338532 2656.030664 2667.032350 2664.999090 2647.665024 2673.925064 2689.937661 2697.756795 2698.275749 2690.469377 2701.172456 2715.761718 2708.193073 2691.227581 2698.787703 2710.471415 2718.806178 2705.544290 2641.363576 2623.727304 2616.764955 2608.709085 2592.386237 2585.474273 2610.344695 2606.722193 2596.599606 2577.280551 2542.780464 2497.113477 2476.514692 2514.326170 2556.007823 2610.410758 -9999.0 -9999.0 -9999.0 -9999.0 -9999.0 -9999.0 -9999.0 -9999.0 -9999.0 -9999.0 -9999.0 -9999.0 -9999.0 -9999.0
-9999.0 -9999.0 -9999.0 -9999.0 -9999.0 -9999.0 -9999.0 -9999.0 -9999.0 2400.049686 2406.669273 2415.589234 2420.217067 2437.522654 2435.721235 2444.582677 2451.852441 2481.326812 2513.393798 2549.285574 2577.986531 2571.508744 2572.192562 2580.029948 2579.740639 2591.535976 2615.079714 2657.156262 2692.265889 2731.904515 2702.618523 2700.823158 2720.694023 2765.309572 2792.583957 2797.052261 2779.947161 2795.958512 2822.088700 2842.154311 2841.962389 2838.765000 2863.787156 2878.420724 2873.900226 2851.779296 2846.469396 2849.392127 2874.379136 2820.358483 2750.947708 2705.295928 2713.823704 2687.951737 2655.151935 2636.759499 2633.618836 2651.579845 2635.698674 2597.163446 2561.211988 2547.436142 2527.763843 2544.747887 2565.096926 2608.248932 2645.293149 2671.806149 2668.718266 2649.667405 -9999.0 -9999.0 -9999.0 -9999.0 -9999.0 -9999.0 -9999.0 -9999.0 -9999.0 -9999.0
-9999.0 -9999.0 -9999.0 -9999.0 -9999.0 -9999.0 2318.158728 2329.791393 2352.313276 2357.266271 2385.446548 2393.574827 2415.832184 2436.444576 2460.607614 2477.386088 2506.965097 2540.595461 2579.970103 2621.882959 2655.066805 2647.635225 2658.687826 2682.449938 2715.633713 2740.766482 2767.457096 2809.051733 2815.342520 2852.019607 2849.237580 2851.662130 2860.900114 2911.136483 2975.242184 2987.184097 2967.058240 2953.849386 2976.376209 3013.155550 3013.479414 3012.796336 2993.341281 3003.028967 3029.562950 3020.237361 3014.886672 3007.128718 3011.242572 2990.352319 2923.753302 2864.407337 2841.723780 2860.062570 2775.599099 2725.640698 2740.229042 2761.319732 2733.704484 2680.681247 2640.467673 2629.796823 2613.711512 2601.058889 2608.147493 2626.089713 2645.487715 2654.519560 2638.755168 2614.966959 2590.622357 2560.507554 2561.429149 2585.544515 -9999.0 -9999.0 -9999.0 -9999.0 -9999.0 -9999.0
-9999.0 -9999.0 -9999.0 -9999.0 2265.802678 2280.167779 2268.194585 2296.361362 2331.231429 2367.740695 2399.382217 2436.510325 2464.726469 2496.173184 2534.478090 2563.960637 2602.849127 2637.583971 2690.860671 2758.135674 2808.633598 2829.050656 2843.164286 2826.929140 2883.927906 2933.106855 2952.964667 2979.084299 2991.361603 3046.654860 3069.424267 3073.032768 3089.985234 3130.532410 3183.594659 3210.544311 3193.333831 3184.884096 3193.532400 3206.583289 3228.701814 3228.826677 3229.429440 3232.863919 3239.566075 3238.449817 3213.791913 3181.169657 3175.876181 3166.384923 3131.561754 3061.415100 3029.534746 3003.280322 2994.669622 2941.424935 2888.392011 2883.872746 2829.624750 2835.670577 2777.397859 2759.994964 2731.312224 2707.281908 2682.015842 2685.026204 2688.030267 2665.458749 2629.675974 2595.010005 2578.530301 2558.350143 2545.426853 2574.862214 2591.296649 2620.218153 -9999.0 -9999.0 -9999.0 -9999.0
-9999.0 -9999.0 2203.552571 2251.180803 2310.143246 2319.557067 2318.185739 2325.401372 2356.206405 2410.328915 2481.828055 2526.932926 2564.561068 2600.479287 2660.543028 2731.303899 2799.425415 2846.593482 2839.100106 2908.016564 2968.300917 2996.893467 3008.004312 3011.531929 3064.169846 3129.974983 3156.944769 3182.466868 3204.597140 3238.834487 3236.576581 3248.175304 3259.323457 3269.002560 3281.114840 3286.597180 3282.264471 3277.782966 3259.664730 3254.995535 3261.583067 3268.469074 3268.343174 3254.089158 3250.150756 3264.717678 3270.135442 3268.529314 3266.796795 3272.210079 3270.223641 3225.144676 3201.728360 3187.535803 3185.337288 3140.509106 3075.519848 3041.647852 3022.197002 3012.855367 2938.680999 2896.519821 2853.562956 2816.019844 2821.859476 2795.956822 2751.104181 2708.595155 2660.598545 2612.616236 2587.716733 2569.744453 2566.736271 2565.251001 2581.052819 2595.139869 2609.724649 2617.094903 -9999.0 -9999.0
-9999.0 2095.132674 2167.241975 2291.855043 2372.661744 2415.791519 2436.386643 2450.768498 2482.466283 2518.689643 2615.560867 2684.167488 2774.267476 2817.164611 2866.271032 2889.749406 2982.055795 2996.537916 3032.207491 3092.034791 3154.590978 3193.035594 3218.467425 3206.442325 3243.179826 3266.842660 3272.979973 3278.535966 3276.927732 3268.565719 3261.446391 3268.336744 3265.787971 3247.224013 3231.728268 3230.186234 3226.908166 3204.258927 3184.773438 3169.979525 3172.335076 3188.753956 3183.495616 3162.939353 3158.674980 3179.433523 3192.176069 3181.876819 3176.758164 3185.348800 3219.014116 3242.192365 3246.011584 3263.801736 3284.732001 3256.875258 3233.528453 3191.514536 3182.986362 3158.311646 3102.836318 3048.003562 3000.652872 2979.031482 2923.487029 2869.418554 2817.584873 2796.444214 2731.541523 2689.890257 2659.314752 2611.533003 2593.635722 2596.526774 2588.046891 2584.591502 2589.275984 2595.021158 -9999.0 -9999.0
-9999.0 2004.111505 2144.745705 2326.152275 2473.964830 2524.983876 2604.492518 2674.997476 2700.440911 2660.465525 2770.336403 2929.307508 3017.515011 3032.165852 3103.957928 3186.621678 3179.193796 3208.498529 3230.016005 3249.650877 3265.556561 3277.608072 3275.342503 3269.565372 3253.542576 3245.654631 3245.025947 3243.067844 3226.184717 3207.678493 3191.199661 3188.634066 3179.184123 3132.857023 3100.419364 3083.875777 3067.054259 3052.704853 3024.775613 3000.691313 3014.950392 2997.672488 2994.371090 3009.476034 3005.267397 2994.440196 3024.621587 3020.449179 3030.251471 3049.485126 3085.028411 3122.056231 3140.780336 3169.269955 3196.176849 3241.762338 3252.258785 3274.238329 3277.736663 3264.791256 3220.201695 3178.177710 3149.124894 3094.896575 3035.398333 2999.523194 2946.609161 2897.197734 2838.117110 2800.317477 2771.151000 2715.378532 2667.609457 2652.725975 2615.057101 2597.635568 -9999.0 -9999.0 -9999.0 -9999.0
-9999.0 1909.635016 2092.278809 2338.708541 2630.337044 2719.756484 2897.268571 2997.734276 3037.768026 3102.267151 3013.044318 3188.727719 3232.921307 3225.878493 3234.163638 3236.044984 3249.434211 3249.282279 3244.265022 3233.600893 3224.486345 3220.278374 3219.074289 3211.254038 3198.839056 3184.583238 3180.768736 3169.798501 3134.509775 3103.234133 3066.134935 3053.986403 3014.149350 2952.548775 2912.496379 2874.634318 2815.540926 2815.311886 2819.175499 2856.870948 2838.229828 2810.887954 2838.003831 2849.050078 2853.336411 2850.606825 2863.490606 2825.609902 2871.339533 2906.399252 2947.118701 2995.167234 2994.961320 3033.368312 3073.606708 3125.404989 3155.295880 3183.776723 3222.594492 3259.029806 3281.219265 3268.536082 3248.158991 3205.826876 3154.133429 3105.083659 3076.009955 3026.007109 2996.384668 2950.055822 2902.737384 2849.187661 2798.966453 2735.950661 2697.772525 -9999.0 -9999.0 -9999.0 -9999.0 -9999.0
-9999.0 1701.199485 1966.524747 2240.483291 2530.165550 2849.882816 2992.354220 3091.084118 3151.739323 3126.518435 3142.096526 3150.987395 3180.887261 3186.880300 3172.090395 3160.012703 3144.103728 3143.063923 3155.985093 3129.403350 3100.119516 3087.255427 3087.930960 3077.115995 3053.899310 3038.888963 3029.566528 3012.975038 2998.284435 2948.202346 2865.063020 2833.039986 2816.955467 2771.476746 2729.739364 2679.104681 2628.643230 2630.482451 2652.588197 2641.477281 2620.198188 2602.462959 2631.073066 2652.993577 2666.712514 2652.818661 2661.277904 2696.123319 2745.914591 2790.949545 2840.300833 2829.673356 2870.914550 2912.781986 2937.697101 2980.514058 2991.180708 3031.919820 3100.864670 3176.269346 3202.328797 3235.592537 3265.870196 3286.976248 3245.052711 3217.440203 3194.566668 3176.373044 3130.333945 3085.403179 3045.155185 2982.827904 2935.058125 -9999.0 -9999.0 -9999.0 -9999.0 -9999.0 -9999.0 -9999.0
-9999.0 1584.264532 1786.212231 1990.754627 2253.096748 2488.975416 2707.942049 2810.523866 2844.944595 2903.814867 2951.629875 2987.844721 2990.463649 3011.037303 2988.983439 2972.680864 2942.080462 2946.694657 2939.353216 2917.352018 2889.081906 2875.388123 2872.725150 2867.095002 2844.855391 2833.270988 2826.090278 2867.648649 2838.533330 2782.171995 2704.900670 2627.812216 2570.884537 2545.356853 2518.319285 2487.749948 2457.362637 2468.310969 2479.273686 2478.546249 2470.630611 2469.674268 2498.660710 2517.690318 2527.793554 2517.464850 2537.085367 2562.832198 2603.367018 2648.097873 2697.614863 2751.544956 2805.496032 2833.096160 2843.864895 2864.378728 2828.118448 2873.902478 2952.800035 3007.072217 3080.957812 3125.342971 3174.585779 3204.962383 3231.193297 3258.977911 3278.597655 3269.454601 3244.517444 3212.319372 3158.669673 -9999.0 -9999.0 -9999.0 -9999.0 -9999.0 -9999.0 -9999.0 -9999.0 -9999.0
-9999.0 -9999.0 1558.058008 1719.101782 1830.493093 1999.270914 2145.369646 2255.542937 2355.341396 2491.603847 2611.484831 2706.336682 2753.865368 2772.665485 2760.967848 2733.676855 2715.761335 2715.442525 2703.854127 2695.256884 2678.044111 2670.699139 2656.755311 2648.134135 2641.010152 2637.536293 2633.014158 2623.602253 2603.516594 2558.268119 2515.227630 2467.127410 2416.242501 2391.800027 2370.958925 2351.217961 2352.524420 2347.217380 2352.136435 2354.388191 2362.967435 2376.576940 2396.269651 2419.169790 2429.318129 2439.681243 2452.063675 2475.679003 2508.374699 2550.697955 2605.214082 2664.948782 2705.898284 2718.760683 2707.923364 2710.629490 2726.150087 2764.913174 2839.399865 2843.399729 2933.290803 2998.945378 3033.132306 3087.157747 3112.687813 3147.784801 3208.543651 3255.611638 3293.770580 3271.898615 -9999.0 -9999.0 -9999.0 -9999.0 -9999.0 -9999.0 -9999.0 -9999.0 -9999.0 -9999.0
-9999.0 -9999.0 -9999.0 -9999.0 1579.749155 1729.719809 1827.617124 1909.168644 2042.508566 2171.061706 2277.125314 2364.671817 2432.847431 2461.465553 2462.252996 2475.939649 2474.123488 2466.042403 2455.279511 2457.482659 2459.584635 2452.398201 2436.308653 2429.289658 2431.615564 2437.861269 2435.195163 2421.486874 2402.787384 2384.578963 2367.953751 2335.209959 2301.160338 2272.477896 2259.540534 2255.051591 2254.665742 2246.837142 2255.096846 2263.360227 2279.000211 2294.161672 2317.753189 2347.105545 2361.741022 2376.940994 2386.635200 2406.761739 2437.609195 2491.460989 2555.704886 2614.384839 2652.509314 2657.806311 2634.156556 2618.230084 2613.106093 2638.936369 2680.666236 2742.192130 2840.852763 2835.785593 2883.837711 2925.359517 2961.230209 2992.103462 3080.702438 3158.248653 -9999.0 -9999.0 -9999.0 -9999.0 -9999.0 -9999.0 -9999.0 -9999.0 -9999.0 -9999.0 -9999.0 -9999.0
-9999.0 -9999.0 -9999.0 -9999.0 -9999.0 -9999.0 1551.027725 1655.768602 1728.542820 1877.297612 2018.575241 2125.465215 2209.284082 2245.007359 2277.432282 2307.319145 2307.374157 2287.844756 2266.829867 2287.169315 2304.028444 2297.504891 2265.982164 2266.558658 2272.506169 2280.184237 2277.436076 2270.992965 2245.856909 2260.194094 2262.789694 2239.637977 2213.886038 2200.570027 2188.719378 2198.268811 2198.187902 2183.871777 2183.235236 2210.668436 2231.420729 2244.380360 2265.704782 2298.983870 2331.668942 2347.589453 2349.223900 2355.146155 2393.862623 2464.299366 2537.231489 2594.140128 2628.134683 2637.238270 2612.004610 2572.377118 2552.443924 2559.053881 2592.171424 2641.425743 2714.526222 2759.613862 2778.628785 2784.149057 2795.995023 2821.074666 -9999.0 -9999.0 -9999.0 -9999.0 -9999.0 -9999.0 -9999.0 -9999.0 -9999.0 -9999.0 -9999.0 -9999.0 -9999.0 -9999.0
-9999.0 -9999.0 -9999.0 -9999.0 -9999.0 -9999.0 -9999.0 -9999.0 -9999.0 -9999.0 -9999.0 -9999.0 -9999.0 -9999.0 -9999.0 -9999.0 -9999.0 -9999.0 -9999.0 -9999.0 -9999.0 -9999.0 -9999.0 -9999.0 -9999.0 -9999.0 -9999.0 -9999.0 -9999.0 -9999.0 -9999.0 -9999.0 -9999.0 -9999.0 -9999.0 -9999.0 -9999.0 -9999.0 -9999.0 -9999.0 -9999.0 -9999.0 -9999.0 -9999.0 -9999.0 -9999.0 -9999.0 -9999.0 -9999.0 -9999.0 -9999.0 -9999.0 -9999.0 -9999.0 -9999.0 -9999.0 -9999.0 -9999.0 -9999.0 -9999.0 -9999.0 -9999.0 -9999.0 -9999.0 -9999.0 -9999.0 -9999.0 -9999.0 -9999.0 -9999.0 -9999.0 -9999.0 -9999.0 -9999.0 -9999.0 -9999.0 -9999.0 -9999.0 -9999.0 -9999.0
-9999.0 -9999.0 -9999.0 -9999.0 -9999.0 -9999.0 -9999.0 -9999.0 -9999.0 -9999.0 -9999.0 -9999.0 -9999.0 -9999.0 -9999.0 -9999.0 -9999.0 -9999.0 -9999.0 -9999.0 -9999.0 -9999.0 -9999.0 -9999.0 -9999.0 -9999.0 -9999.0 -9999.0 -9999.0 -9999.0 -9999.0 -9999.0 -9999.0 -9999.0 -9999.0 -9999.0 -9999.0 -9999.0 -9999.0 -9999.0 -9999.0 -9999.0 -9999.0 -9999.0 -9999.0 -9999.0 -9999.0 -9999.0 -9999.0 -9999.0 -9999.0 -9999.0 -9999.0 -9999.0 -9999.0 -9999.0 -9999.0 -9999.0 -9999.0 -9999.0 -9999.0 -9999.0 -9999.0 -9999.0 -9999.0 -9999.0 -9999.0 -9999.0 -9999.0 -9999.0 -9999.0 -9999.0 -9999.0 -9999.0 -9999.0 -9999.0 -9999.0 -9999.0 -9999.0 -9999.0