Borden_/Borden1m_014/output_maps/psiliqL0005N0039.asc
ncols         80
nrows         18
xllcorner     620200.000000
yllcorner     5168000.000000
cellsize      1.000000
NODATA_value  -9999.0
-9999.0 -9999.0 -9999.0 -9999.0 -9999.0 -9999.0 -9999.0 -9999.0 -9999.0 -9999.0 -9999.0 -9999.0 -9999.0 -9999.0 -9999.0 -9999.0 -9999.0 -9999.0 -9999.0 -9999.0 -9999.0 -9999.0 -9999.0 -9999.0 -9999.0 -9999.0 -9999.0 -9999.0 -9999.0 -9999.0 -9999.0 -9999.0 -9999.0 -9999.0 -9999.0 -9999.0 -9999.0 -9999.0 -9999.0 -9999.0 -9999.0 -9999.0 -9999.0 -9999.0 -9999.0 -9999.0 -9999.0 -9999.0 -9999.0 -9999.0 -9999.0 -9999.0 -9999.0 -9999.0 -9999.0 -9999.0 -9999.0 -9999.0 -9999.0 -9999.0 -9999.0 -9999.0 -9999.0 -9999.0 -9999.0 -9999.0 -9999.0 -9999.0 -9999.0 -9999.0 -9999.0 -9999.0 -9999.0 -9999.0 -9999.0 -9999.0 -9999.0 -9999.0 -9999.0 -9999.0
-9999.0 -9999.0 -9999.0 -9999.0 -9999.0 -9999.0 -9999.0 -9999.0 -9999.0 -9999.0 -9999.0 -9999.0 -9999.0 -9999.0 -9999.0 -9999.0 -9999.0 -9999.0 -9999.0 -9999.0 -9999.0 -9999.0 -9999.0 -9999.0 -9999.0 -9999.0 -9999.0 -9999.0 -9999.0 -9999.0 -9999.0 -9999.0 -9999.0 -9999.0 -9999.0 -9999.0 -9999.0 -9999.0 -9999.0 -9999.0 -9999.0 -9999.0 -9999.0 -9999.0 -9999.0 -9999.0 -9999.0 -9999.0 -9999.0 -9999.0 -9999.0 -9999.0 -9999.0 -9999.0 -9999.0 -9999.0 -9999.0 -9999.0 -9999.0 -9999.0 -9999.0 -9999.0 -9999.0 -9999.0 -9999.0 -9999.0 -9999.0 -9999.0 -9999.0 -9999.0 -9999.0 -9999.0 -9999.0 -9999.0 -9999.0 -9999.0 -9999.0 -9999.0 -9999.0 -9999.0
-9999.0 -9999.0 -9999.0 -9999.0 -9999.0 -9999.0 -9999.0 -9999.0 -9999.0 -9999.0 -9999.0 -9999.0 -9999.0 -9999.0 -9999.0 -9999.0 -9999.0 -9999.0 -9999.0 -9999.0 -682.182716 -678.274055 -694.036955 -714.898746 -731.942360 -732.305300 -712.238454 -687.882263 -663.024067 -656.573378 -671.465171 -669.634315 -674.708377 -676.167986 -674.890504 -670.521920 -668.667107 -660.618720 -654.909966 -655.721642 -660.656669 -664.922769 -666.963734 -664.758237 -660.313470 -667.149460 -656.353347 -644.503063 -639.515896 -642.126374 -661.121989 -670.942291 -675.324090 -686.566253 -666.106788 -657.175831 -639.389657 -636.260457 -635.573123 -655.587533 -676.789020 -9999.0 -9999.0 -9999.0 -9999.0 -9999.0 -9999.0 -9999.0 -9999.0 -9999.0 -9999.0 -9999.0 -9999.0 -9999.0 -9999.0 -9999.0 -9999.0 -9999.0 -9999.0 -9999.0
-9999.0 -9999.0 -9999.0 -9999.0 -9999.0 -9999.0 -9999.0 -9999.0 -9999.0 -9999.0 -9999.0 -9999.0 -9999.0 -9999.0 -728.220223 -735.575484 -738.572863 -737.151754 -718.728196 -702.440212 -697.031023 -703.835095 -701.315239 -717.922076 -732.316470 -723.251117 -706.438336 -688.926805 -666.818725 -652.264770 -663.173582 -665.844587 -658.385935 -636.284754 -624.748947 -627.643650 -647.955007 -628.047547 -614.723231 -606.207187 -607.128617 -615.580101 -601.467640 -586.054851 -592.410684 -609.050343 -606.832200 -596.842521 -581.994395 -594.922596 -651.055551 -664.464097 -664.333356 -666.739965 -675.834973 -680.968126 -660.103110 -660.232971 -665.359294 -675.297419 -694.951958 -722.434969 -733.584999 -707.947016 -679.932721 -636.269900 -9999.0 -9999.0 -9999.0 -9999.0 -9999.0 -9999.0 -9999.0 -9999.0 -9999.0 -9999.0 -9999.0 -9999.0 -9999.0 -9999.0
-9999.0 -9999.0 -9999.0 -9999.0 -9999.0 -9999.0 -9999.0 -9999.0 -9999.0 -751.260476 -751.645180 -748.676528 -751.223940 -743.201262 -749.979628 -746.626351 -745.366848 -732.035465 -717.122905 -697.124661 -677.368156 -687.459518 -688.351873 -679.249283 -675.513145 -668.073411 -654.984691 -623.598196 -587.377377 -546.746703 -574.928403 -576.406030 -557.299958 -500.142877 -449.224699 -434.036742 -459.110967 -457.274175 -423.450767 -387.563217 -382.966612 -383.427666 -352.320495 -336.345057 -328.299987 -350.761897 -380.061409 -385.793165 -356.442487 -421.850909 -502.144742 -564.788359 -565.238944 -594.911330 -631.382724 -648.428048 -651.319757 -630.160072 -641.193522 -668.418792 -692.996834 -694.273238 -705.619710 -693.790735 -679.988184 -644.773205 -614.522149 -589.711442 -588.644835 -603.290334 -9999.0 -9999.0 -9999.0 -9999.0 -9999.0 -9999.0 -9999.0 -9999.0 -9999.0 -9999.0
-9999.0 -9999.0 -9999.0 -9999.0 -9999.0 -9999.0 -776.679466 -775.705300 -769.100701 -776.739724 -765.169265 -767.494250 -757.993096 -750.827084 -742.165212 -736.576163 -719.678157 -702.161882 -676.490419 -645.996323 -621.123680 -626.712730 -619.039844 -587.258841 -540.744182 -501.823595 -473.897976 -424.004671 -325.520849 -268.329346 -247.676475 -238.993111 -228.804316 -191.107679 -132.798260 -114.914833 -134.490969 -148.942204 -128.487623 -84.017852 -25.024421 -20.657446 -14.153786 -6.712899 19.293802 11.539264 -77.151669 -106.952597 -118.360388 -131.050596 -180.698125 -235.114753 -287.425530 -347.486504 -449.683569 -520.900602 -529.315227 -516.414268 -549.403890 -598.435105 -633.692831 -639.169504 -648.474616 -659.539543 -654.307273 -639.135153 -619.290653 -608.515070 -617.677732 -632.466630 -647.550927 -668.911624 -666.651029 -646.642703 -9999.0 -9999.0 -9999.0 -9999.0 -9999.0 -9999.0
-9999.0 -9999.0 -9999.0 -9999.0 -799.668039 -793.280257 -808.824374 -797.266899 -785.732506 -774.749848 -766.907067 -750.110000 -740.015819 -725.722764 -701.479328 -678.860000 -647.653854 -621.653210 -572.580712 -497.935461 -429.855403 -389.968511 -363.229165 -286.084532 -222.381054 -176.509127 -157.856224 -129.655677 -80.127760 25.412043 54.269846 62.221989 75.519527 104.137088 138.911017 172.262461 154.802246 151.451043 155.544875 164.384078 190.339679 191.702680 192.808108 193.097020 195.231834 196.235657 173.881547 142.346726 126.777537 97.654163 100.195615 40.642667 -48.132563 -85.826662 -112.660099 -157.932707 -222.920368 -249.739017 -315.457672 -383.211406 -473.810286 -508.656200 -544.630245 -569.185361 -597.553844 -595.003735 -589.965962 -605.401579 -628.397668 -651.785208 -659.855444 -671.931911 -680.204223 -655.812622 -643.259278 -617.338896 -9999.0 -9999.0 -9999.0 -9999.0
-9999.0 -9999.0 -808.360826 -801.408039 -780.132267 -785.705893 -789.735323 -794.885873 -786.320219 -762.820008 -720.187821 -692.473114 -661.560306 -641.300136 -590.541313 -500.408271 -399.387134 -335.630505 -264.879932 -204.127367 -146.828269 -103.957932 -47.818757 3.801894 48.566707 75.332718 117.863759 121.423624 167.553734 196.763887 221.073360 237.697482 241.535051 237.355280 235.315630 235.059885 231.926066 227.752597 212.154752 209.964524 217.362534 220.180209 223.472813 211.257719 207.423900 219.736376 221.328518 221.563437 223.044758 229.103551 241.312203 211.450352 158.001676 145.008457 139.441242 102.360225 34.475267 -45.018470 -72.470712 -113.579359 -191.773871 -240.134881 -295.932146 -361.527163 -437.259655 -483.330826 -533.167707 -569.195044 -605.558153 -640.585783 -655.804244 -666.841109 -665.571759 -665.929032 -652.556420 -640.458985 -626.952480 -620.696007 -9999.0 -9999.0
-9999.0 -822.085665 -820.129227 -779.716712 -759.074738 -742.789825 -724.711607 -709.878897 -696.364862 -695.586148 -607.310999 -490.747643 -380.783432 -343.159598 -276.719863 -176.761461 -36.649008 1.706962 26.407382 71.063860 115.681925 150.196802 185.158562 216.941281 242.253561 236.472755 236.339401 233.820950 227.430616 219.733696 209.812127 217.302863 215.737397 200.379428 187.878160 186.102020 177.485158 156.356198 131.944316 119.777375 124.692565 145.831897 135.669869 115.791491 111.979473 131.552452 146.804611 138.355285 124.013796 122.462024 173.977361 193.165400 209.393693 223.032200 243.706147 221.126159 188.395580 149.793635 135.398689 108.147182 13.845548 -52.965533 -106.778404 -171.863139 -231.914513 -302.809834 -380.537740 -458.335476 -529.372067 -563.730124 -588.377250 -631.734396 -647.825586 -642.764763 -649.249048 -650.347898 -644.430642 -639.259230 -9999.0 -9999.0
-9999.0 -852.211992 -817.123759 -763.044796 -694.158370 -662.495408 -550.245052 -462.021595 -428.019285 -457.950713 -312.255946 -38.692301 28.151634 34.828762 88.781307 159.114226 201.037928 225.147615 237.980957 232.380250 225.919957 227.519692 225.528895 217.119695 203.486430 197.026645 196.239312 194.311622 176.037875 157.784240 142.016431 140.514932 126.430343 91.448780 51.950867 30.689215 -8.164072 -35.599659 -71.130679 -96.858496 -108.593781 -88.160558 -99.152125 -118.260630 -122.145375 -98.161382 -65.602176 -72.569464 -69.467333 -47.854753 -1.405504 72.202644 95.316203 120.964277 155.307753 194.148770 212.680821 231.731156 238.544119 213.845744 174.080821 127.486193 96.539445 -1.308429 -78.562446 -159.893673 -215.741925 -262.844318 -331.836146 -388.790708 -453.077367 -519.225366 -575.124914 -595.624788 -627.632581 -640.763033 -9999.0 -9999.0 -9999.0 -9999.0
-9999.0 -858.615673 -821.629620 -729.386130 -558.434187 -413.373062 -227.478589 -88.345487 41.627142 38.639860 132.114823 216.636053 227.876308 213.697226 189.994977 187.380640 197.920183 200.237430 195.449727 186.056939 173.065712 152.029365 169.171743 161.951277 149.966493 136.461795 124.538152 111.993156 37.250346 -0.719088 -30.053554 -44.983254 -77.553853 -163.490107 -202.212628 -227.731983 -281.730726 -297.509640 -314.933725 -349.672697 -371.880054 -388.251479 -368.439568 -371.304998 -371.888592 -360.323802 -334.737921 -314.466706 -268.105606 -234.080097 -196.075475 -143.166303 -108.775129 -65.250523 -12.132953 78.683253 109.256068 134.073517 177.288048 214.860531 235.672273 227.738747 198.750475 161.479386 99.162911 -8.690352 -65.589066 -139.925538 -198.170853 -237.702811 -268.471579 -318.701678 -400.832047 -512.892324 -550.554790 -9999.0 -9999.0 -9999.0 -9999.0 -9999.0
-9999.0 -905.287331 -829.717519 -747.771399 -503.526653 -213.288753 -114.732492 111.688049 178.265914 106.548945 37.488531 102.468301 134.692140 139.443237 115.046844 102.334134 100.543410 100.050555 110.410190 67.135168 11.463264 -6.096319 -6.734423 -18.582499 -40.326488 -58.132979 -72.052696 -93.249044 -147.467616 -192.848796 -253.877948 -280.021172 -361.606997 -450.633493 -506.762786 -555.379738 -604.400725 -605.645245 -591.883237 -607.500949 -625.935717 -642.635268 -621.172234 -609.819488 -600.968113 -609.847451 -603.240732 -573.824612 -528.381252 -483.129222 -418.742102 -347.183955 -292.278863 -237.374126 -206.025240 -151.513537 -104.424141 -57.469766 18.885095 127.078064 156.976343 188.837440 224.648036 242.097296 200.979071 156.968584 96.381815 -10.083057 -113.036772 -158.203904 -174.868588 -195.717740 -236.666357 -9999.0 -9999.0 -9999.0 -9999.0 -9999.0 -9999.0 -9999.0
-9999.0 -930.931785 -854.423359 -827.795921 -701.438753 -517.506666 -335.742866 -214.665102 -77.840828 -158.569464 -167.913298 -139.162398 -108.283236 -86.761105 -110.676144 -146.155289 -170.654124 -167.540332 -167.559845 -192.111714 -220.461284 -232.824850 -233.550804 -240.795760 -268.445010 -288.995504 -303.576820 -330.915340 -376.437076 -447.465358 -541.954301 -600.532296 -650.442867 -675.803790 -694.402642 -713.514170 -739.567002 -729.177132 -718.698708 -721.690017 -729.999815 -734.545049 -715.076933 -705.107744 -698.644604 -711.394800 -699.059498 -683.096019 -654.692005 -625.584754 -588.957162 -542.335970 -490.050223 -452.697031 -427.096581 -381.469912 -325.914105 -257.274493 -179.944473 -82.451657 -8.541884 67.265006 123.471063 153.890618 171.444977 178.974237 179.311671 120.370619 -86.447046 -121.717720 -124.298104 -9999.0 -9999.0 -9999.0 -9999.0 -9999.0 -9999.0 -9999.0 -9999.0 -9999.0
-9999.0 -9999.0 -948.666357 -912.344857 -878.914151 -832.203427 -767.220329 -698.265794 -648.490758 -595.562656 -525.716615 -453.060176 -407.004451 -387.909060 -411.805363 -464.597892 -496.419147 -495.772109 -504.992782 -521.629337 -549.192309 -559.184164 -567.013789 -573.730186 -587.631410 -594.735754 -598.897910 -607.534237 -625.303768 -660.907800 -696.471635 -725.591864 -754.470857 -761.232582 -768.839291 -778.599247 -775.684067 -776.891015 -774.062738 -774.406527 -772.165734 -767.380112 -759.708475 -750.733350 -747.895567 -745.107548 -740.202922 -729.308590 -712.749864 -690.655453 -657.219036 -616.844265 -587.999328 -580.016682 -590.307535 -585.463768 -565.578892 -521.038861 -408.075258 -294.580990 -207.455150 -138.378405 -67.658590 -21.462155 -6.618133 15.875370 92.804008 -22.477106 -183.919701 -167.771709 -9999.0 -9999.0 -9999.0 -9999.0 -9999.0 -9999.0 -9999.0 -9999.0 -9999.0 -9999.0
-9999.0 -9999.0 -9999.0 -9999.0 -962.740010 -912.732382 -871.143924 -868.447635 -831.608810 -800.959959 -768.808908 -734.298806 -706.823878 -692.289246 -704.265435 -709.873022 -714.981795 -715.226218 -719.749712 -723.876500 -727.087024 -730.909757 -735.662773 -739.787535 -739.419748 -736.704821 -736.824890 -743.732170 -748.525932 -762.214984 -769.307609 -780.993560 -791.984297 -801.496272 -802.443751 -803.868742 -801.634049 -804.699678 -799.813873 -800.885215 -795.946599 -792.219546 -784.830107 -774.388721 -773.380827 -767.515308 -765.051592 -756.409344 -746.537698 -721.116030 -685.170657 -648.362977 -625.104045 -624.602361 -648.163741 -661.147857 -665.965717 -647.245184 -612.754574 -551.303769 -432.777432 -334.339568 -256.111391 -213.608015 -185.096886 -143.121344 -100.256745 -90.882239 -9999.0 -9999.0 -9999.0 -9999.0 -9999.0 -9999.0 -9999.0 -9999.0 -9999.0 -9999.0 -9999.0 -9999.0
-9999.0 -9999.0 -9999.0 -9999.0 -9999.0 -9999.0 -943.592431 -918.657666 -922.466628 -899.093218 -875.950255 -855.298317 -830.190181 -827.116748 -820.180507 -806.187579 -808.526946 -816.460992 -825.448305 -813.690693 -808.149834 -808.218038 -822.704590 -820.257931 -818.578689 -813.178779 -813.689344 -813.140084 -825.489707 -814.231977 -809.659381 -814.763102 -819.888006 -819.542762 -822.977925 -815.325340 -814.433176 -820.979767 -822.292292 -811.866000 -807.359533 -806.593570 -801.950521 -791.857104 -779.438573 -775.638262 -778.282902 -780.820599 -764.456304 -730.661443 -692.050125 -659.139772 -639.091259 -634.531664 -657.580956 -688.935953 -705.478853 -704.643291 -685.637959 -652.276522 -593.599962 -552.026048 -519.154383 -488.328549 -446.152268 -324.977436 -9999.0 -9999.0 -9999.0 -9999.0 -9999.0 -9999.0 -9999.0 -9999.0 -9999.0 -9999.0 -9999.0 -9999.0 -9999.0 -9999.0
-9999.0 -9999.0 -9999.0 -9999.0 -9999.0 -9999.0 -9999.0 -9999.0 -9999.0 -9999.0 -9999.0 -9999.0 -9999.0 -9999.0 -9999.0 -9999.0 -9999.0 -9999.0 -9999.0 -9999.0 -9999.0 -9999.0 -9999.0 -9999.0 -9999.0 -9999.0 -9999.0 -9999.0 -9999.0 -9999.0 -9999.0 -9999.0 -9999.0 -9999.0 -9999.0 -9999.0 -9999.0 -9999.0 -9999.0 -9999.0 -9999.0 -9999.0 -9999.0 -9999.0 -9999.0 -9999.0 -9999.0 -9999.0 -9999.0 -9999.0 -9999.0 -9999.0 -9999.0 -9999.0 -9999.0 -9999.0 -9999.0 -9999.0 -9999.0 -9999.0 -9999.0 -9999.0 -9999.0 -9999.0 -9999.0 -9999.0 -9999.0 -9999.0 -9999.0 -9999.0 -9999.0 -9999.0 -9999.0 -9999.0 -9999.0 -9999.0 -9999.0 -9999.0 -9999.0 -9999.0
-9999.0 -9999.0 -9999.0 -9999.0 -9999.0 -9999.0 -9999.0 -9999.0 -9999.0 -9999.0 -9999.0 -9999.0 -9999.0 -9999.0 -9999.0 -9999.0 -9999.0 -9999.0 -9999.0 -9999.0 -9999.0 -9999.0 -9999.0 -9999.0 -9999.0 -9999.0 -9999.0 -9999.0 -9999.0 -9999.0 -9999.0 -9999.0 -9999.0 -9999.0 -9999.0 -9999.0 -9999.0 -9999.0 -9999.0 -9999.0 -9999.0 -9999.0 -9999.0 -9999.0 -9999.0 -9999.0 -9999.0 -9999.0 -9999.0 -9999.0 -9999.0 -9999.0 -9999.0 -9999.0 -9999.0 -9999.0 -9999.0 -9999.0 -9999.0 -9999.0 -9999.0 -9999.0 -9999.0 -9999.0 -9999.0 -9999.0 -9999.0 -9999.0 -9999.0 -9999.0 -9999.0 -9999.0 -9999.0 -9999.0 -9999.0 -9999.0 -9999.0 -9999.0 -9999.0 -9999.0