Borden_/Borden1m_014/output_maps/psiliqL0004N0032.asc
ncols         80
nrows         18
xllcorner     620200.000000
yllcorner     5168000.000000
cellsize      1.000000
NODATA_value  -9999.0
-9999.0 -9999.0 -9999.0 -9999.0 -9999.0 -9999.0 -9999.0 -9999.0 -9999.0 -9999.0 -9999.0 -9999.0 -9999.0 -9999.0 -9999.0 -9999.0 -9999.0 -9999.0 -9999.0 -9999.0 -9999.0 -9999.0 -9999.0 -9999.0 -9999.0 -9999.0 -9999.0 -9999.0 -9999.0 -9999.0 -9999.0 -9999.0 -9999.0 -9999.0 -9999.0 -9999.0 -9999.0 -9999.0 -9999.0 -9999.0 -9999.0 -9999.0 -9999.0 -9999.0 -9999.0 -9999.0 -9999.0 -9999.0 -9999.0 -9999.0 -9999.0 -9999.0 -9999.0 -9999.0 -9999.0 -9999.0 -9999.0 -9999.0 -9999.0 -9999.0 -9999.0 -9999.0 -9999.0 -9999.0 -9999.0 -9999.0 -9999.0 -9999.0 -9999.0 -9999.0 -9999.0 -9999.0 -9999.0 -9999.0 -9999.0 -9999.0 -9999.0 -9999.0 -9999.0 -9999.0
-9999.0 -9999.0 -9999.0 -9999.0 -9999.0 -9999.0 -9999.0 -9999.0 -9999.0 -9999.0 -9999.0 -9999.0 -9999.0 -9999.0 -9999.0 -9999.0 -9999.0 -9999.0 -9999.0 -9999.0 -9999.0 -9999.0 -9999.0 -9999.0 -9999.0 -9999.0 -9999.0 -9999.0 -9999.0 -9999.0 -9999.0 -9999.0 -9999.0 -9999.0 -9999.0 -9999.0 -9999.0 -9999.0 -9999.0 -9999.0 -9999.0 -9999.0 -9999.0 -9999.0 -9999.0 -9999.0 -9999.0 -9999.0 -9999.0 -9999.0 -9999.0 -9999.0 -9999.0 -9999.0 -9999.0 -9999.0 -9999.0 -9999.0 -9999.0 -9999.0 -9999.0 -9999.0 -9999.0 -9999.0 -9999.0 -9999.0 -9999.0 -9999.0 -9999.0 -9999.0 -9999.0 -9999.0 -9999.0 -9999.0 -9999.0 -9999.0 -9999.0 -9999.0 -9999.0 -9999.0
-9999.0 -9999.0 -9999.0 -9999.0 -9999.0 -9999.0 -9999.0 -9999.0 -9999.0 -9999.0 -9999.0 -9999.0 -9999.0 -9999.0 -9999.0 -9999.0 -9999.0 -9999.0 -9999.0 -9999.0 -602.920935 -600.917093 -606.632380 -613.608895 -619.338583 -619.759565 -613.181534 -605.254982 -596.544351 -594.515507 -600.627224 -599.463661 -601.707450 -602.750604 -602.597827 -600.842590 -600.016720 -597.183644 -595.259022 -595.816103 -597.779985 -599.305099 -600.321922 -599.702519 -597.704940 -600.605278 -596.246602 -591.705632 -589.942303 -590.478724 -597.160375 -600.242924 -601.521962 -606.192416 -597.729573 -594.676816 -587.824237 -586.854614 -586.136815 -593.840691 -601.619726 -9999.0 -9999.0 -9999.0 -9999.0 -9999.0 -9999.0 -9999.0 -9999.0 -9999.0 -9999.0 -9999.0 -9999.0 -9999.0 -9999.0 -9999.0 -9999.0 -9999.0 -9999.0 -9999.0
-9999.0 -9999.0 -9999.0 -9999.0 -9999.0 -9999.0 -9999.0 -9999.0 -9999.0 -9999.0 -9999.0 -9999.0 -9999.0 -9999.0 -616.369306 -619.178472 -620.422366 -620.675791 -614.726776 -609.683633 -608.652979 -611.510312 -609.718252 -615.833689 -621.193186 -617.919961 -612.558229 -607.448392 -600.055282 -594.769234 -599.184953 -600.270344 -597.610631 -588.914426 -584.701388 -586.227518 -595.408626 -586.543668 -581.396416 -578.129678 -578.562136 -582.642985 -576.587838 -569.639547 -572.900980 -580.318160 -578.877136 -574.482226 -567.744528 -572.330882 -596.212155 -600.058458 -599.371885 -599.556902 -602.999828 -605.194685 -596.533486 -597.208199 -598.950403 -601.664632 -608.017978 -617.351394 -621.297665 -612.140394 -602.964298 -586.298071 -9999.0 -9999.0 -9999.0 -9999.0 -9999.0 -9999.0 -9999.0 -9999.0 -9999.0 -9999.0 -9999.0 -9999.0 -9999.0 -9999.0
-9999.0 -9999.0 -9999.0 -9999.0 -9999.0 -9999.0 -9999.0 -9999.0 -9999.0 -622.818714 -623.302613 -622.381765 -623.850791 -621.146668 -624.641104 -623.546812 -623.812430 -619.620637 -615.526378 -609.313021 -602.133980 -606.635847 -607.161986 -603.657623 -602.827244 -600.740945 -596.646354 -584.618853 -570.648584 -551.657363 -566.474566 -567.192065 -558.200246 -528.553966 -500.968321 -492.213643 -506.859730 -506.388022 -487.597628 -464.517287 -463.382432 -464.902797 -439.148840 -423.765783 -414.736452 -436.701111 -460.274333 -463.893858 -436.567997 -486.171568 -529.358311 -561.846317 -560.756786 -573.558747 -588.100904 -594.109382 -595.657237 -586.154668 -590.357309 -600.499164 -609.045557 -608.012333 -612.309726 -607.929637 -603.859049 -590.758368 -578.943209 -568.248847 -567.759416 -574.322991 -9999.0 -9999.0 -9999.0 -9999.0 -9999.0 -9999.0 -9999.0 -9999.0 -9999.0 -9999.0
-9999.0 -9999.0 -9999.0 -9999.0 -9999.0 -9999.0 -629.731139 -629.751164 -627.793545 -631.929403 -628.034927 -629.871531 -626.864882 -625.083155 -622.686585 -621.789408 -616.503266 -611.310711 -603.023639 -592.378947 -582.975314 -586.600588 -583.980901 -571.189730 -548.538236 -528.326980 -514.502575 -488.554736 -407.398604 -348.211824 -324.907378 -313.968491 -301.433394 -269.409125 -213.853722 -190.330904 -216.634964 -234.317380 -216.533415 -172.488819 -99.998657 -97.222940 -91.090215 -83.908964 -57.998746 -64.708892 -166.092446 -196.935350 -207.098870 -217.552315 -261.097191 -307.602720 -365.906425 -428.581618 -502.105879 -538.697245 -543.809580 -537.323741 -553.170086 -574.796258 -588.602984 -589.677829 -592.803971 -597.362777 -595.122581 -589.531764 -581.551510 -576.848519 -580.627395 -586.235688 -591.197945 -599.452643 -598.361170 -590.502002 -9999.0 -9999.0 -9999.0 -9999.0 -9999.0 -9999.0
-9999.0 -9999.0 -9999.0 -9999.0 -637.794488 -635.462114 -641.945587 -637.852668 -634.300812 -631.256985 -630.086999 -625.093758 -622.860774 -618.843949 -611.182511 -604.501734 -593.862040 -585.171207 -564.707796 -527.274901 -490.511194 -466.077843 -447.958270 -366.459508 -297.546533 -257.300556 -241.987076 -216.651746 -166.800319 -51.613892 -23.480346 -19.443469 -28.647020 22.142807 64.167130 90.715830 79.367381 70.719053 75.398283 83.411946 108.427905 109.242104 110.408196 110.511591 112.599888 114.007884 92.738804 62.067147 50.826081 42.287645 -4.628061 -36.729492 -134.311923 -173.352410 -199.699221 -240.616506 -296.650819 -322.336392 -395.822741 -460.055008 -515.450582 -533.448195 -551.316360 -561.690513 -574.232635 -572.369083 -569.415530 -576.083292 -585.330025 -594.243418 -596.340276 -600.498282 -604.159658 -594.299121 -589.997313 -579.238702 -9999.0 -9999.0 -9999.0 -9999.0
-9999.0 -9999.0 -639.407689 -638.240492 -631.273510 -634.413586 -636.494502 -639.311783 -637.218467 -629.972803 -616.436015 -608.938552 -599.099791 -592.915943 -572.588768 -528.073356 -472.992256 -420.991710 -341.913676 -282.984456 -232.265813 -189.699743 -115.223459 -72.824675 -49.927279 19.101838 42.284933 34.310037 86.580531 114.169166 139.333057 153.772925 160.060994 153.122464 154.459358 150.869722 150.724593 145.263885 129.643390 127.173615 134.696055 136.571410 140.387424 128.016668 124.264038 136.703544 138.158572 138.711041 141.312018 148.324809 158.896437 130.007583 77.091215 64.728491 33.540136 23.381552 -38.159070 -128.886382 -158.667491 -199.871786 -271.106017 -311.860316 -372.969974 -442.084956 -496.478393 -520.533878 -544.989059 -561.197070 -576.663618 -590.933228 -596.094451 -599.495052 -598.254170 -599.049231 -593.689116 -589.214602 -583.443533 -581.000805 -9999.0 -9999.0
-9999.0 -642.768298 -643.642760 -630.933911 -626.560136 -622.706911 -618.279536 -614.505684 -610.430230 -612.582720 -578.655991 -521.373828 -458.390083 -428.487030 -355.743704 -258.944033 -111.260836 -75.712746 -66.316503 -9.129923 40.357527 78.496238 103.920048 135.911641 159.772590 154.144961 153.652423 150.374296 143.983333 136.312448 126.050238 133.959903 132.408176 117.878901 105.850672 104.920896 101.782934 75.892308 51.684578 39.351892 44.649874 64.969963 55.349582 35.284026 31.505413 50.976505 64.189238 57.689442 46.856824 61.274114 91.965042 110.559084 126.915545 140.463815 160.367419 138.566917 106.260452 68.960133 55.076964 29.499203 -72.408214 -137.565868 -191.024255 -253.278411 -305.659719 -379.306179 -458.054117 -507.641008 -543.927411 -559.056879 -569.071930 -587.704269 -593.394997 -590.289586 -592.830887 -593.193686 -590.807135 -588.824032 -9999.0 -9999.0
-9999.0 -653.672656 -642.376858 -627.034157 -606.896342 -600.100212 -549.766969 -504.086900 -486.587988 -506.994442 -392.322100 -109.614591 -43.161587 -41.276323 11.514822 79.816482 121.162030 143.630466 158.012498 148.685086 144.712638 146.129786 142.169312 134.141750 120.442716 112.960995 113.044662 110.700208 93.822142 76.224161 59.023922 59.758157 44.633333 12.999245 -19.005542 -33.029541 -62.797124 -116.677876 -157.118670 -185.018546 -197.862343 -177.783440 -188.805332 -207.628372 -211.317563 -187.184410 -154.011229 -160.292956 -155.378873 -132.358498 -86.850922 -6.262480 15.162822 40.416557 72.383928 111.241817 129.902696 148.545261 155.542915 130.999075 91.059664 47.205772 18.176420 -86.333755 -161.594799 -239.497058 -288.839140 -327.877718 -403.465793 -459.212043 -502.470487 -537.892320 -564.364920 -571.885887 -585.540241 -589.329933 -9999.0 -9999.0 -9999.0 -9999.0
-9999.0 -655.281048 -643.818460 -616.245567 -552.246714 -472.434522 -300.703722 -169.260526 -18.409729 -44.496118 60.956740 138.981946 149.654412 133.655982 108.687695 105.539895 115.400257 117.635548 113.589519 104.290943 94.568183 90.107238 87.051740 81.347209 69.521311 55.026096 44.491348 32.268791 -49.406077 -86.897814 -115.580706 -131.045425 -164.664938 -246.639298 -278.687270 -299.840233 -358.222933 -376.374061 -395.084380 -431.556608 -451.482374 -464.280109 -447.887763 -451.122959 -452.104636 -441.866200 -416.429992 -395.590039 -343.460660 -307.199444 -275.469669 -227.918484 -194.466765 -150.334791 -97.624220 -0.040980 29.173173 54.845743 95.323671 131.817432 152.461205 144.796504 116.516605 80.962299 21.525854 -91.305207 -145.182590 -214.740522 -267.681819 -302.812495 -329.663227 -386.258064 -468.327784 -532.817178 -550.869059 -9999.0 -9999.0 -9999.0 -9999.0 -9999.0
-9999.0 -671.474203 -645.374862 -621.861054 -521.332351 -287.756045 -194.493657 53.693840 113.775678 42.865633 -47.100954 25.692041 60.660506 61.021323 36.652138 26.463086 21.903232 21.325542 33.431813 0.007497 -69.480016 -88.095241 -90.432246 -102.230237 -124.703200 -143.657899 -158.158129 -179.614250 -232.626766 -272.299137 -324.181155 -355.172778 -441.018873 -502.342527 -531.088302 -555.253259 -578.358224 -578.198682 -571.202111 -577.823125 -585.320638 -592.600668 -583.477036 -578.857535 -574.893656 -579.396017 -577.321987 -564.524433 -543.383849 -521.032566 -485.879663 -430.146058 -372.289212 -310.829770 -284.173126 -236.218276 -190.822777 -142.867848 -67.424092 47.284671 76.005984 106.539125 142.245331 160.403917 120.892418 81.223876 26.070224 -86.568504 -186.609540 -227.216396 -243.475240 -265.515995 -303.488644 -9999.0 -9999.0 -9999.0 -9999.0 -9999.0 -9999.0 -9999.0
-9999.0 -680.099339 -652.968338 -646.676508 -607.495722 -530.427897 -403.724138 -284.862966 -132.946907 -236.875357 -249.927298 -225.587053 -196.713676 -175.649625 -198.877794 -231.271470 -252.781299 -249.337551 -248.235743 -268.419034 -292.507776 -302.566171 -303.209781 -310.924887 -342.895283 -366.628753 -382.227817 -410.845275 -453.562278 -499.881314 -549.630908 -576.060426 -595.353752 -603.128521 -608.854216 -614.727725 -624.019756 -619.483438 -615.616281 -616.621982 -619.551006 -621.476236 -614.478202 -611.448988 -609.159802 -614.725225 -610.214729 -605.263175 -595.249247 -584.653397 -570.129420 -549.747296 -524.406054 -505.387066 -491.220893 -460.950618 -408.448599 -330.244992 -261.786380 -167.812283 -93.068241 -6.483697 44.751315 77.341251 94.299992 105.935164 108.516736 66.374570 -159.011694 -191.724407 -194.696284 -9999.0 -9999.0 -9999.0 -9999.0 -9999.0 -9999.0 -9999.0 -9999.0 -9999.0
-9999.0 -9999.0 -686.379881 -674.496286 -664.097418 -651.210838 -632.703668 -610.271371 -591.918866 -569.173277 -537.085152 -500.041416 -473.409313 -460.300257 -477.145198 -508.132967 -524.911184 -524.165442 -528.756288 -537.304564 -551.636972 -556.751897 -560.496886 -563.595003 -570.117356 -573.018052 -574.458228 -577.507589 -583.902672 -597.152116 -609.183670 -618.057286 -627.086516 -627.963618 -629.838223 -632.839890 -631.086540 -631.606751 -630.756987 -631.013170 -630.273678 -628.796020 -626.729561 -624.101073 -623.576791 -622.767887 -621.553105 -618.480057 -613.730765 -607.245597 -596.007819 -580.639720 -568.908119 -565.824364 -571.011186 -569.227156 -561.040774 -540.984896 -479.319055 -371.457475 -286.140376 -221.815575 -150.915114 -102.730875 -81.167885 -18.144824 32.702469 -96.183616 -244.999273 -230.749130 -9999.0 -9999.0 -9999.0 -9999.0 -9999.0 -9999.0 -9999.0 -9999.0 -9999.0 -9999.0
-9999.0 -9999.0 -9999.0 -9999.0 -691.637923 -674.779679 -660.056865 -660.464558 -648.632290 -639.997331 -631.298512 -621.303363 -612.993864 -608.151714 -612.985422 -614.385303 -615.794555 -615.446079 -616.853438 -618.230492 -619.052247 -620.148796 -621.450127 -622.788504 -622.417268 -621.286037 -621.121978 -623.381771 -624.189487 -628.442665 -629.763329 -632.831165 -635.740390 -638.616577 -638.465079 -638.803530 -637.833200 -638.986679 -637.217558 -637.954696 -636.399999 -635.462326 -633.356195 -630.153131 -630.540609 -628.714113 -628.280618 -625.739882 -623.667627 -616.281725 -604.845727 -591.989598 -583.307600 -583.366927 -593.153021 -597.828435 -600.016665 -593.178316 -580.691088 -555.318760 -494.681509 -417.051328 -328.284036 -288.058451 -261.599492 -217.489602 -176.122243 -167.038051 -9999.0 -9999.0 -9999.0 -9999.0 -9999.0 -9999.0 -9999.0 -9999.0 -9999.0 -9999.0 -9999.0 -9999.0
-9999.0 -9999.0 -9999.0 -9999.0 -9999.0 -9999.0 -684.486772 -676.004828 -678.086633 -670.850041 -664.026596 -658.370074 -650.735492 -650.714145 -648.435126 -643.220912 -643.961947 -646.613606 -649.815976 -645.327347 -643.260039 -643.009561 -648.145321 -646.926308 -646.337346 -644.406353 -644.597927 -644.015378 -648.334898 -643.635244 -641.505454 -642.814138 -644.104226 -643.507087 -644.633057 -641.686351 -641.338227 -643.763742 -644.395439 -640.737422 -639.440764 -639.602410 -638.481889 -635.500780 -631.505205 -630.580928 -631.912367 -633.607103 -628.938740 -618.584803 -606.449951 -595.515101 -588.422874 -586.479480 -595.272018 -606.915001 -612.805557 -613.096202 -607.299338 -596.354697 -573.191240 -556.270384 -541.817963 -526.141577 -505.322177 -407.196272 -9999.0 -9999.0 -9999.0 -9999.0 -9999.0 -9999.0 -9999.0 -9999.0 -9999.0 -9999.0 -9999.0 -9999.0 -9999.0 -9999.0
-9999.0 -9999.0 -9999.0 -9999.0 -9999.0 -9999.0 -9999.0 -9999.0 -9999.0 -9999.0 -9999.0 -9999.0 -9999.0 -9999.0 -9999.0 -9999.0 -9999.0 -9999.0 -9999.0 -9999.0 -9999.0 -9999.0 -9999.0 -9999.0 -9999.0 -9999.0 -9999.0 -9999.0 -9999.0 -9999.0 -9999.0 -9999.0 -9999.0 -9999.0 -9999.0 -9999.0 -9999.0 -9999.0 -9999.0 -9999.0 -9999.0 -9999.0 -9999.0 -9999.0 -9999.0 -9999.0 -9999.0 -9999.0 -9999.0 -9999.0 -9999.0 -9999.0 -9999.0 -9999.0 -9999.0 -9999.0 -9999.0 -9999.0 -9999.0 -9999.0 -9999.0 -9999.0 -9999.0 -9999.0 -9999.0 -9999.0 -9999.0 -9999.0 -9999.0 -9999.0 -9999.0 -9999.0 -9999.0 -9999.0 -9999.0 -9999.0 -9999.0 -9999.0 -9999.0 -9999.0
-9999.0 -9999.0 -9999.0 -9999.0 -9999.0 -9999.0 -9999.0 -9999.0 -9999.0 -9999.0 -9999.0 -9999.0 -9999.0 -9999.0 -9999.0 -9999.0 -9999.0 -9999.0 -9999.0 -9999.0 -9999.0 -9999.0 -9999.0 -9999.0 -9999.0 -9999.0 -9999.0 -9999.0 -9999.0 -9999.0 -9999.0 -9999.0 -9999.0 -9999.0 -9999.0 -9999.0 -9999.0 -9999.0 -9999.0 -9999.0 -9999.0 -9999.0 -9999.0 -9999.0 -9999.0 -9999.0 -9999.0 -9999.0 -9999.0 -9999.0 -9999.0 -9999.0 -9999.0 -9999.0 -9999.0 -9999.0 -9999.0 -9999.0 -9999.0 -9999.0 -9999.0 -9999.0 -9999.0 -9999.0 -9999.0 -9999.0 -9999.0 -9999.0 -9999.0 -9999.0 -9999.0 -9999.0 -9999.0 -9999.0 -9999.0 -9999.0 -9999.0 -9999.0 -9999.0 -9999.0