Borden_/Borden1m_014/output_maps/psiliqL0017N0002.asc
ncols         80
nrows         18
xllcorner     620200.000000
yllcorner     5168000.000000
cellsize      1.000000
NODATA_value  -9999.0
-9999.0 -9999.0 -9999.0 -9999.0 -9999.0 -9999.0 -9999.0 -9999.0 -9999.0 -9999.0 -9999.0 -9999.0 -9999.0 -9999.0 -9999.0 -9999.0 -9999.0 -9999.0 -9999.0 -9999.0 -9999.0 -9999.0 -9999.0 -9999.0 -9999.0 -9999.0 -9999.0 -9999.0 -9999.0 -9999.0 -9999.0 -9999.0 -9999.0 -9999.0 -9999.0 -9999.0 -9999.0 -9999.0 -9999.0 -9999.0 -9999.0 -9999.0 -9999.0 -9999.0 -9999.0 -9999.0 -9999.0 -9999.0 -9999.0 -9999.0 -9999.0 -9999.0 -9999.0 -9999.0 -9999.0 -9999.0 -9999.0 -9999.0 -9999.0 -9999.0 -9999.0 -9999.0 -9999.0 -9999.0 -9999.0 -9999.0 -9999.0 -9999.0 -9999.0 -9999.0 -9999.0 -9999.0 -9999.0 -9999.0 -9999.0 -9999.0 -9999.0 -9999.0 -9999.0 -9999.0
-9999.0 -9999.0 -9999.0 -9999.0 -9999.0 -9999.0 -9999.0 -9999.0 -9999.0 -9999.0 -9999.0 -9999.0 -9999.0 -9999.0 -9999.0 -9999.0 -9999.0 -9999.0 -9999.0 -9999.0 -9999.0 -9999.0 -9999.0 -9999.0 -9999.0 -9999.0 -9999.0 -9999.0 -9999.0 -9999.0 -9999.0 -9999.0 -9999.0 -9999.0 -9999.0 -9999.0 -9999.0 -9999.0 -9999.0 -9999.0 -9999.0 -9999.0 -9999.0 -9999.0 -9999.0 -9999.0 -9999.0 -9999.0 -9999.0 -9999.0 -9999.0 -9999.0 -9999.0 -9999.0 -9999.0 -9999.0 -9999.0 -9999.0 -9999.0 -9999.0 -9999.0 -9999.0 -9999.0 -9999.0 -9999.0 -9999.0 -9999.0 -9999.0 -9999.0 -9999.0 -9999.0 -9999.0 -9999.0 -9999.0 -9999.0 -9999.0 -9999.0 -9999.0 -9999.0 -9999.0
-9999.0 -9999.0 -9999.0 -9999.0 -9999.0 -9999.0 -9999.0 -9999.0 -9999.0 -9999.0 -9999.0 -9999.0 -9999.0 -9999.0 -9999.0 -9999.0 -9999.0 -9999.0 -9999.0 -9999.0 1529.936791 1532.074397 1510.175995 1476.561662 1448.738178 1450.964367 1485.070183 1525.986175 1564.421055 1573.809497 1556.036411 1559.383662 1555.272608 1553.385971 1555.259314 1562.273924 1567.076044 1577.639484 1585.262841 1583.900652 1577.079379 1571.654081 1572.217140 1574.696985 1580.333912 1568.777030 1583.455878 1599.060723 1604.197011 1599.734222 1573.591930 1558.910154 1550.033898 1534.385642 1559.275178 1570.886324 1593.582535 1597.637067 1595.743090 1568.766660 1538.693932 -9999.0 -9999.0 -9999.0 -9999.0 -9999.0 -9999.0 -9999.0 -9999.0 -9999.0 -9999.0 -9999.0 -9999.0 -9999.0 -9999.0 -9999.0 -9999.0 -9999.0 -9999.0 -9999.0
-9999.0 -9999.0 -9999.0 -9999.0 -9999.0 -9999.0 -9999.0 -9999.0 -9999.0 -9999.0 -9999.0 -9999.0 -9999.0 -9999.0 1439.957088 1430.583152 1427.741110 1435.753225 1468.907409 1499.008617 1511.002114 1503.641699 1503.793832 1480.147968 1459.246239 1473.054851 1502.678783 1533.728870 1567.650979 1587.183156 1576.596992 1575.085013 1584.593349 1608.453681 1619.760071 1616.624104 1597.440009 1620.805416 1635.239184 1641.826889 1640.142384 1630.775353 1641.974697 1656.854044 1650.115767 1634.099409 1641.485984 1654.636571 1666.658300 1654.743060 1592.930793 1575.476651 1571.218701 1565.170085 1551.519843 1545.834075 1571.773796 1571.509426 1563.436176 1545.704561 1512.915508 1468.405945 1449.885922 1489.088829 1532.873808 1589.839169 -9999.0 -9999.0 -9999.0 -9999.0 -9999.0 -9999.0 -9999.0 -9999.0 -9999.0 -9999.0 -9999.0 -9999.0 -9999.0 -9999.0
-9999.0 -9999.0 -9999.0 -9999.0 -9999.0 -9999.0 -9999.0 -9999.0 -9999.0 1382.773453 1387.622053 1394.760397 1397.048049 1412.499652 1409.915674 1416.868248 1422.922529 1449.675286 1480.061344 1514.489517 1542.533792 1533.344399 1533.350855 1542.017107 1543.586557 1554.863461 1576.184962 1615.212827 1652.023307 1691.572806 1663.328892 1662.024805 1681.619864 1727.020823 1756.635336 1761.639290 1743.283929 1753.591785 1777.239492 1796.216026 1793.542950 1789.204030 1813.191957 1827.006598 1826.779681 1807.622891 1799.508587 1802.520491 1829.022937 1778.783902 1713.464992 1666.099992 1672.604849 1645.298046 1611.331217 1593.806837 1591.588028 1611.648796 1597.422704 1561.292049 1526.045049 1514.944385 1497.782636 1515.973536 1538.572283 1584.973140 1623.994777 1653.067916 1652.928918 1635.734436 -9999.0 -9999.0 -9999.0 -9999.0 -9999.0 -9999.0 -9999.0 -9999.0 -9999.0 -9999.0
-9999.0 -9999.0 -9999.0 -9999.0 -9999.0 -9999.0 1304.209203 1313.967496 1334.319072 1338.450062 1363.916450 1370.510306 1390.428162 1408.964536 1430.279657 1445.320067 1473.379124 1504.869129 1544.073682 1585.520159 1616.103202 1608.868148 1617.733953 1645.616661 1682.558627 1710.049543 1734.748974 1773.378492 1847.191994 1888.655128 1895.823479 1902.773538 1913.861311 1963.200103 2026.227770 2038.988334 2018.458471 2003.986468 2023.933174 2058.455489 2060.205010 2059.574875 2070.251172 2080.354736 2107.366048 2098.939477 2061.821638 2050.973831 2051.605521 2033.831708 1970.247908 1906.508334 1874.161989 1825.349998 1744.303693 1693.211970 1702.988183 1722.252391 1694.724561 1642.503955 1604.037078 1594.617216 1580.544247 1569.051919 1577.185573 1597.707722 1620.852929 1633.191319 1620.983996 1600.365038 1578.152182 1549.907473 1552.255027 1577.583525 -9999.0 -9999.0 -9999.0 -9999.0 -9999.0 -9999.0
-9999.0 -9999.0 -9999.0 -9999.0 1254.548351 1267.193198 1254.157423 1279.281205 1311.560030 1345.235582 1375.459089 1410.309411 1435.970129 1464.895135 1502.848002 1533.073005 1571.034807 1604.053261 1656.667400 1723.445744 1772.681270 1793.176628 1806.196199 1863.542938 1927.062245 1981.400532 2003.486237 2030.872276 2075.243183 2137.469292 2170.028634 2180.498315 2199.865686 2236.794760 2284.692040 2317.556606 2300.376884 2291.923047 2297.921496 2308.569171 2329.941015 2329.882458 2331.247756 2334.347819 2340.257545 2340.057929 2316.784088 2284.788384 2270.803681 2260.818297 2228.029808 2155.267478 2112.655530 2080.687730 2044.729782 1991.774993 1929.501200 1914.841278 1858.079583 1802.207368 1743.256097 1723.969932 1695.420760 1672.446436 1646.784855 1651.697940 1657.886934 1639.703747 1609.014735 1578.214544 1564.268281 1546.334942 1535.829555 1566.558442 1584.580302 1614.994134 -9999.0 -9999.0 -9999.0 -9999.0
-9999.0 -9999.0 1196.196559 1243.626533 1299.859544 1307.255657 1305.402837 1310.119699 1337.756132 1388.549822 1459.531608 1504.849085 1542.762049 1575.188335 1631.931197 1704.842326 1771.163413 1816.995304 1877.614087 1950.270526 2013.047591 2044.439657 2059.603739 2101.300882 2162.660241 2231.009316 2260.450608 2287.582334 2320.173261 2356.304104 2367.175004 2383.078822 2393.542527 2398.662266 2405.443985 2406.917417 2400.765387 2393.874236 2374.128076 2368.873253 2374.554065 2379.758192 2380.472414 2367.199218 2363.682401 2377.778453 2382.766021 2382.251028 2381.518837 2388.484988 2390.100916 2347.751869 2312.100138 2295.172186 2283.154273 2237.524983 2170.022488 2125.429386 2100.804984 2057.425292 1979.845973 1928.334917 1878.572297 1833.221742 1784.954450 1759.515359 1718.121759 1680.139605 1637.299135 1593.869930 1572.410132 1556.147520 1555.072642 1556.028407 1573.255273 1589.223469 1605.152764 1613.225512 -9999.0 -9999.0
-9999.0 1092.046857 1163.594262 1287.750117 1365.697428 1406.608516 1431.633451 1449.472379 1477.069444 1503.499602 1601.086242 1677.601997 1764.488469 1801.925000 1850.410854 1944.007528 2035.146579 2080.951129 2123.810452 2188.365856 2252.858434 2301.127011 2328.755198 2335.066178 2374.924655 2395.759175 2402.423234 2407.923326 2405.952792 2398.508475 2390.312943 2396.468459 2392.780688 2373.776825 2357.012360 2352.157756 2343.859994 2315.838554 2284.198164 2267.782551 2269.226786 2292.622061 2279.808931 2259.133156 2255.314861 2276.482680 2296.898673 2288.265532 2276.700015 2296.972057 2334.393642 2358.077824 2366.350771 2383.314881 2404.680818 2379.162994 2351.564275 2307.261373 2286.371733 2257.374577 2197.523468 2131.799750 2074.063245 2013.139272 1947.639005 1884.323897 1826.653330 1771.217843 1710.989052 1674.098674 1645.995087 1598.773176 1581.124070 1585.670088 1579.052232 1577.445277 1584.402611 1591.063270 -9999.0 -9999.0
-9999.0 1008.032657 1148.783031 1329.830336 1473.829679 1524.659757 1614.195066 1686.714201 1712.531255 1678.883631 1781.031531 1993.815561 2099.970697 2121.491213 2196.829305 2286.613503 2297.126761 2329.602067 2355.688709 2374.645558 2388.887168 2400.388389 2398.035366 2392.334537 2378.936678 2373.210952 2373.661346 2372.201763 2355.173137 2334.232274 2312.670345 2305.118546 2283.981292 2237.949310 2203.889845 2184.280166 2163.632647 2139.461243 2104.431377 2076.412825 2060.654910 2075.284820 2069.619496 2053.111721 2048.896669 2069.916081 2101.049003 2097.081204 2106.738029 2130.877276 2175.027084 2216.943185 2240.321682 2272.016589 2312.374065 2360.682856 2376.790307 2399.523421 2404.987299 2388.664957 2343.458662 2287.098767 2250.397001 2186.095722 2110.848293 2032.830900 1970.471057 1912.942896 1849.418857 1807.621233 1762.839410 1706.711966 1657.106601 1641.064065 1605.506390 1589.037591 -9999.0 -9999.0 -9999.0 -9999.0
-9999.0 923.937628 1108.787897 1359.855013 1634.113698 1729.748370 1927.175842 2051.727482 2108.846147 2179.407254 2135.752155 2290.918155 2332.521826 2331.473520 2337.341174 2343.071912 2358.581553 2362.085606 2360.898177 2354.714182 2348.508000 2344.631621 2340.973219 2329.835033 2314.550612 2298.660542 2285.173536 2273.254298 2236.066480 2200.195815 2156.996246 2137.726870 2095.695745 2003.322330 1960.702382 1923.130102 1864.195310 1857.493735 1852.965869 1825.571409 1806.696292 1785.045720 1808.286116 1813.724933 1815.937724 1816.741190 1830.808153 1854.034993 1897.915261 1934.140292 1979.134160 2031.360810 2066.210556 2110.861216 2160.287273 2220.978604 2257.846250 2292.593217 2345.667663 2386.934668 2411.565416 2399.557319 2373.493741 2326.880404 2255.210639 2190.803468 2142.925838 2074.010811 2014.666342 1963.004956 1912.264437 1854.749876 1790.896148 1724.113457 1687.679948 -9999.0 -9999.0 -9999.0 -9999.0 -9999.0
-9999.0 735.171073 1000.336280 1279.959283 1579.248312 1900.988111 2035.142370 2154.436084 2226.443953 2200.284584 2211.543064 2227.715923 2268.494001 2278.355392 2260.659408 2252.530779 2240.661216 2241.092024 2255.308296 2231.187543 2203.493577 2189.496217 2185.651764 2168.164683 2138.757832 2119.479096 2107.794895 2088.420422 2041.696108 1989.745643 1905.059947 1872.740713 1797.342177 1746.564659 1705.286204 1657.208775 1608.118042 1608.046253 1626.680400 1613.491939 1592.189893 1574.443936 1601.492982 1619.596929 1631.503861 1618.432153 1625.813679 1659.616942 1706.413528 1747.824963 1794.811370 1846.039206 1889.467946 1935.061936 1966.999332 2018.413049 2068.758770 2119.353118 2199.009374 2281.766563 2323.732376 2361.153317 2395.150550 2414.374179 2366.479763 2323.347686 2278.127047 2225.473938 2154.438515 2107.941343 2069.400726 2001.784786 1937.653996 -9999.0 -9999.0 -9999.0 -9999.0 -9999.0 -9999.0 -9999.0
-9999.0 611.870134 823.809140 1042.338970 1314.109991 1542.458156 1734.432619 1834.390378 1910.098001 1954.645083 1994.506870 2028.738018 2058.075713 2081.134332 2060.973228 2021.352430 1992.667603 1997.222914 1992.519305 1969.800695 1940.837487 1925.154219 1920.059012 1909.960862 1883.135078 1868.346233 1858.771565 1838.256783 1808.110202 1754.750819 1678.088806 1607.096454 1549.490781 1521.895174 1495.158717 1464.771669 1431.631339 1442.790046 1455.797928 1453.367778 1443.986256 1441.841589 1470.911394 1489.844329 1499.445649 1487.344903 1505.336681 1529.968781 1568.931314 1609.242013 1655.188674 1706.681443 1756.681088 1782.385786 1793.404097 1816.221324 1853.507709 1906.452752 1993.384679 2089.647394 2172.254291 2224.689930 2280.375076 2323.181885 2345.571123 2365.114171 2354.088291 2291.084784 2202.308182 2195.612516 2182.423841 -9999.0 -9999.0 -9999.0 -9999.0 -9999.0 -9999.0 -9999.0 -9999.0 -9999.0
-9999.0 -9999.0 592.047622 762.556295 889.381445 1061.005900 1204.324784 1309.292155 1397.048938 1513.477556 1619.670663 1702.726425 1745.375588 1761.863650 1748.084278 1716.499212 1696.399294 1696.570634 1686.372526 1676.423610 1657.177323 1648.984194 1636.649297 1627.332862 1617.422442 1612.700996 1608.610410 1599.050154 1579.565514 1535.553408 1490.566540 1442.138833 1391.753263 1368.433544 1348.429158 1328.639333 1328.849817 1325.472690 1331.614959 1333.731509 1341.262245 1354.196619 1374.156054 1396.037699 1405.418962 1413.829000 1425.271399 1447.552929 1478.733378 1518.897098 1570.336429 1625.182834 1661.951394 1671.714537 1659.220483 1661.235541 1677.987039 1716.455240 1792.438489 1872.174676 1966.287217 2038.142893 2114.283374 2176.768424 2204.354028 2233.849502 2271.342976 2239.682456 2100.289174 2161.598251 -9999.0 -9999.0 -9999.0 -9999.0 -9999.0 -9999.0 -9999.0 -9999.0 -9999.0 -9999.0
-9999.0 -9999.0 -9999.0 -9999.0 619.184384 770.262418 864.558246 944.320547 1070.650075 1189.257123 1287.314386 1368.154688 1428.427806 1453.448606 1449.215663 1455.622843 1451.556957 1445.293728 1435.588047 1435.137122 1434.491149 1426.983022 1412.290626 1404.872978 1406.160479 1411.848294 1410.270859 1397.930507 1381.678843 1361.628771 1343.692591 1311.374672 1277.385011 1249.778106 1237.921018 1233.453686 1234.060654 1227.739010 1236.936459 1244.774651 1260.274838 1275.577052 1299.250573 1328.098392 1341.574099 1355.787023 1364.671204 1383.992625 1412.933773 1464.552530 1525.953715 1581.585595 1615.060022 1616.942660 1589.782913 1571.535677 1564.487906 1588.209557 1627.755314 1688.879580 1784.926999 1854.154105 1911.084335 1960.839761 2002.088061 2064.691326 2149.085449 2202.393207 -9999.0 -9999.0 -9999.0 -9999.0 -9999.0 -9999.0 -9999.0 -9999.0 -9999.0 -9999.0 -9999.0 -9999.0
-9999.0 -9999.0 -9999.0 -9999.0 -9999.0 -9999.0 577.229431 677.129182 753.816508 890.285340 1018.643441 1117.471994 1195.609377 1226.060688 1252.009456 1278.588431 1276.848369 1258.453741 1239.336531 1258.243511 1272.347906 1266.446062 1236.405202 1236.314189 1241.668457 1250.552043 1249.267879 1244.062589 1220.397516 1233.648701 1236.035500 1214.281613 1189.683309 1177.153194 1166.403597 1176.937614 1177.916647 1164.896295 1165.859668 1193.044212 1213.535366 1226.715890 1248.400856 1281.401411 1313.403640 1328.125078 1328.763552 1333.857392 1372.455782 1441.058661 1510.951701 1564.477866 1594.844951 1600.596860 1570.919543 1528.225126 1504.685862 1507.817601 1537.623626 1584.335591 1653.852406 1697.709173 1720.683154 1734.785413 1756.343970 1852.078766 -9999.0 -9999.0 -9999.0 -9999.0 -9999.0 -9999.0 -9999.0 -9999.0 -9999.0 -9999.0 -9999.0 -9999.0 -9999.0 -9999.0
-9999.0 -9999.0 -9999.0 -9999.0 -9999.0 -9999.0 -9999.0 -9999.0 -9999.0 -9999.0 -9999.0 -9999.0 -9999.0 -9999.0 -9999.0 -9999.0 -9999.0 -9999.0 -9999.0 -9999.0 -9999.0 -9999.0 -9999.0 -9999.0 -9999.0 -9999.0 -9999.0 -9999.0 -9999.0 -9999.0 -9999.0 -9999.0 -9999.0 -9999.0 -9999.0 -9999.0 -9999.0 -9999.0 -9999.0 -9999.0 -9999.0 -9999.0 -9999.0 -9999.0 -9999.0 -9999.0 -9999.0 -9999.0 -9999.0 -9999.0 -9999.0 -9999.0 -9999.0 -9999.0 -9999.0 -9999.0 -9999.0 -9999.0 -9999.0 -9999.0 -9999.0 -9999.0 -9999.0 -9999.0 -9999.0 -9999.0 -9999.0 -9999.0 -9999.0 -9999.0 -9999.0 -9999.0 -9999.0 -9999.0 -9999.0 -9999.0 -9999.0 -9999.0 -9999.0 -9999.0
-9999.0 -9999.0 -9999.0 -9999.0 -9999.0 -9999.0 -9999.0 -9999.0 -9999.0 -9999.0 -9999.0 -9999.0 -9999.0 -9999.0 -9999.0 -9999.0 -9999.0 -9999.0 -9999.0 -9999.0 -9999.0 -9999.0 -9999.0 -9999.0 -9999.0 -9999.0 -9999.0 -9999.0 -9999.0 -9999.0 -9999.0 -9999.0 -9999.0 -9999.0 -9999.0 -9999.0 -9999.0 -9999.0 -9999.0 -9999.0 -9999.0 -9999.0 -9999.0 -9999.0 -9999.0 -9999.0 -9999.0 -9999.0 -9999.0 -9999.0 -9999.0 -9999.0 -9999.0 -9999.0 -9999.0 -9999.0 -9999.0 -9999.0 -9999.0 -9999.0 -9999.0 -9999.0 -9999.0 -9999.0 -9999.0 -9999.0 -9999.0 -9999.0 -9999.0 -9999.0 -9999.0 -9999.0 -9999.0 -9999.0 -9999.0 -9999.0 -9999.0 -9999.0 -9999.0 -9999.0