Borden_/Borden1m_014/output_maps/psiliqL0023N0016.asc
ncols         80
nrows         18
xllcorner     620200.000000
yllcorner     5168000.000000
cellsize      1.000000
NODATA_value  -9999.0
-9999.0 -9999.0 -9999.0 -9999.0 -9999.0 -9999.0 -9999.0 -9999.0 -9999.0 -9999.0 -9999.0 -9999.0 -9999.0 -9999.0 -9999.0 -9999.0 -9999.0 -9999.0 -9999.0 -9999.0 -9999.0 -9999.0 -9999.0 -9999.0 -9999.0 -9999.0 -9999.0 -9999.0 -9999.0 -9999.0 -9999.0 -9999.0 -9999.0 -9999.0 -9999.0 -9999.0 -9999.0 -9999.0 -9999.0 -9999.0 -9999.0 -9999.0 -9999.0 -9999.0 -9999.0 -9999.0 -9999.0 -9999.0 -9999.0 -9999.0 -9999.0 -9999.0 -9999.0 -9999.0 -9999.0 -9999.0 -9999.0 -9999.0 -9999.0 -9999.0 -9999.0 -9999.0 -9999.0 -9999.0 -9999.0 -9999.0 -9999.0 -9999.0 -9999.0 -9999.0 -9999.0 -9999.0 -9999.0 -9999.0 -9999.0 -9999.0 -9999.0 -9999.0 -9999.0 -9999.0
-9999.0 -9999.0 -9999.0 -9999.0 -9999.0 -9999.0 -9999.0 -9999.0 -9999.0 -9999.0 -9999.0 -9999.0 -9999.0 -9999.0 -9999.0 -9999.0 -9999.0 -9999.0 -9999.0 -9999.0 -9999.0 -9999.0 -9999.0 -9999.0 -9999.0 -9999.0 -9999.0 -9999.0 -9999.0 -9999.0 -9999.0 -9999.0 -9999.0 -9999.0 -9999.0 -9999.0 -9999.0 -9999.0 -9999.0 -9999.0 -9999.0 -9999.0 -9999.0 -9999.0 -9999.0 -9999.0 -9999.0 -9999.0 -9999.0 -9999.0 -9999.0 -9999.0 -9999.0 -9999.0 -9999.0 -9999.0 -9999.0 -9999.0 -9999.0 -9999.0 -9999.0 -9999.0 -9999.0 -9999.0 -9999.0 -9999.0 -9999.0 -9999.0 -9999.0 -9999.0 -9999.0 -9999.0 -9999.0 -9999.0 -9999.0 -9999.0 -9999.0 -9999.0 -9999.0 -9999.0
-9999.0 -9999.0 -9999.0 -9999.0 -9999.0 -9999.0 -9999.0 -9999.0 -9999.0 -9999.0 -9999.0 -9999.0 -9999.0 -9999.0 -9999.0 -9999.0 -9999.0 -9999.0 -9999.0 -9999.0 2760.642042 2763.196102 2743.337002 2711.792110 2686.392149 2691.063840 2726.817455 2769.527484 2810.244365 2820.566640 2804.562139 2811.299277 2810.302846 2809.215572 2812.986074 2823.121829 2832.022974 2842.139559 2849.823882 2848.110860 2840.996221 2835.768194 2837.525206 2839.303251 2845.326431 2831.851735 2847.438334 2790.118730 2794.577245 2791.571278 2833.272221 2816.613226 2804.014606 2784.394830 2806.853519 2815.574784 2791.847122 2796.076851 2794.326462 2801.776999 2770.753574 -9999.0 -9999.0 -9999.0 -9999.0 -9999.0 -9999.0 -9999.0 -9999.0 -9999.0 -9999.0 -9999.0 -9999.0 -9999.0 -9999.0 -9999.0 -9999.0 -9999.0 -9999.0 -9999.0
-9999.0 -9999.0 -9999.0 -9999.0 -9999.0 -9999.0 -9999.0 -9999.0 -9999.0 -9999.0 -9999.0 -9999.0 -9999.0 -9999.0 2663.394652 2656.013558 2655.558219 2665.869966 2701.297969 2733.621508 2745.723799 2740.167123 2742.318876 2720.817856 2701.875204 2718.036276 2750.055854 2781.341922 2816.503394 2836.697776 2828.543113 2829.671976 2841.171547 2791.655238 2800.489195 2797.559864 2862.768758 2803.635459 2816.836793 2821.888707 2819.965942 2810.242717 2819.648378 2833.819248 2826.812632 2811.380625 2821.302522 2835.398972 2846.559093 2837.617106 2854.675271 2836.424440 2828.091187 2819.248093 2802.449394 2796.056230 2820.730277 2815.096381 2803.982734 2784.372548 2749.647598 2704.186208 2683.238868 2720.778423 2762.136791 2788.173443 -9999.0 -9999.0 -9999.0 -9999.0 -9999.0 -9999.0 -9999.0 -9999.0 -9999.0 -9999.0 -9999.0 -9999.0 -9999.0 -9999.0
-9999.0 -9999.0 -9999.0 -9999.0 -9999.0 -9999.0 -9999.0 -9999.0 -9999.0 2600.746485 2607.261266 2616.082486 2620.799051 2638.263771 2636.594312 2645.976354 2653.783583 2684.328667 2717.470639 2754.441881 2783.244934 2778.443874 2779.245382 2788.204027 2789.224154 2802.208075 2826.025452 2792.459762 2824.165165 2859.883012 2827.180233 2822.806121 2840.701685 2882.981114 2908.256004 2911.401017 2893.470901 2907.983966 2931.524768 2948.161302 2944.887601 2939.322197 2964.295306 2978.902808 2974.459541 2953.754387 2950.824423 2957.084434 2985.481775 2935.079151 2869.977031 2829.354793 2842.954809 2820.798623 2793.190296 2852.017659 2848.290273 2801.274214 2789.048148 2807.290077 2772.022573 2757.608602 2737.146189 2753.672131 2773.610039 2783.849545 2823.499182 2853.170845 2852.829820 2835.654469 -9999.0 -9999.0 -9999.0 -9999.0 -9999.0 -9999.0 -9999.0 -9999.0 -9999.0 -9999.0
-9999.0 -9999.0 -9999.0 -9999.0 -9999.0 -9999.0 2520.340242 2532.034348 2554.445150 2558.799621 2586.955263 2594.620538 2616.969512 2637.853088 2662.711965 2680.214632 2710.681368 2745.691595 2785.866441 2829.242261 2797.098306 2857.566119 2792.211443 2812.842712 2841.817115 2862.714900 2885.485624 2922.548838 2981.315787 3017.231703 3012.132618 3013.237830 3021.406475 3070.906005 3134.384188 3146.004154 3125.557351 3112.149388 3134.605582 3171.075461 3170.261211 3169.169364 3179.783673 3190.077562 3216.691993 3206.667548 3172.308477 3165.556805 3170.655999 3150.015839 3083.883317 3026.529704 3005.968966 2973.610702 2892.059447 2847.523619 2867.412262 2892.951551 2870.119237 2821.212099 2856.152777 2844.706347 2827.343018 2813.834631 2820.599152 2795.732106 2819.469459 2832.999133 2821.128264 2800.621231 2800.367002 2769.398223 2769.141423 2792.248272 -9999.0 -9999.0 -9999.0 -9999.0 -9999.0 -9999.0
-9999.0 -9999.0 -9999.0 -9999.0 2468.608861 2483.303924 2471.185747 2499.564992 2534.375456 2570.712653 2601.586747 2638.717647 2667.051717 2699.049790 2737.325972 2767.480873 2807.565532 2844.046192 2821.589433 2883.369393 2928.356641 2943.795304 2952.674808 2990.702089 3046.557387 3093.783100 3112.125400 3137.262453 3179.483229 3235.194013 3257.634568 3260.865551 3277.673176 3318.831841 3372.712791 3407.022794 3389.764448 3381.148305 3390.183748 3403.567212 3425.682474 3425.785787 3426.865058 3430.496631 3437.462984 3436.163123 3410.637766 3377.717174 3365.069804 3355.474819 3319.940913 3249.505083 3218.370610 3190.774280 3153.127358 3100.649385 3050.617589 3049.206467 2995.959188 2954.952101 2903.355481 2892.655293 2870.496866 2852.979144 2833.784199 2843.899441 2854.216542 2838.299668 2808.271135 2809.449568 2792.077895 2770.105562 2755.086382 2782.715834 2785.029364 2814.644197 -9999.0 -9999.0 -9999.0 -9999.0
-9999.0 -9999.0 2405.576076 2453.546772 2513.356970 2523.445277 2522.253755 2529.633908 2560.448437 2614.430043 2685.633596 2729.302024 2766.525017 2803.377780 2791.180021 2855.284148 2916.562474 2959.044331 3003.234687 3070.912851 3129.281461 3156.280323 3165.593943 3198.855797 3252.062378 3318.507418 3345.552269 3371.217344 3401.670291 3436.597696 3432.712005 3444.051904 3455.546557 3466.073091 3478.971346 3484.991508 3480.510743 3475.994932 3457.663865 3452.853735 3459.411781 3466.700909 3466.247688 3451.871237 3447.920649 3462.607070 3468.334081 3466.592176 3464.377258 3469.742373 3467.065510 3421.085288 3399.303457 3384.748387 3374.312887 3329.246975 3264.025853 3230.857051 3210.698808 3172.653532 3100.241961 3061.327551 3021.498218 2986.122526 2958.124705 2941.859236 2907.071585 2873.538505 2833.589587 2792.130211 2807.677541 2786.868624 2780.958708 2775.412667 2788.936816 2789.631368 2805.342826 2813.335332 -9999.0 -9999.0
-9999.0 2296.277968 2368.715597 2494.067616 2576.254268 2621.601435 2642.446771 2655.649906 2687.647154 2725.916484 2821.037350 2814.715230 2897.191424 2933.176873 2974.620769 3051.155383 3142.601122 3183.093971 3220.046946 3280.548789 3343.716057 3389.498279 3415.203588 3401.017282 3438.478276 3463.743001 3470.393778 3476.330065 3475.245684 3466.843439 3459.900845 3466.739346 3463.998861 3445.272446 3429.628386 3428.043211 3424.743096 3401.826167 3374.720106 3359.722383 3361.579129 3385.929066 3373.269267 3352.100905 3347.765088 3369.110039 3389.613634 3379.191176 3366.296135 3382.621645 3416.627233 3440.269746 3443.349036 3461.335323 3482.321926 3454.148664 3431.361410 3388.765124 3372.393634 3347.346123 3291.780465 3237.194294 3189.804491 3142.663579 3090.113841 3040.166639 2992.524967 2954.054078 2899.059457 2864.961992 2839.528921 2795.185239 2815.008015 2785.977023 2797.730187 2791.578778 2784.721102 2791.195433 -9999.0 -9999.0
-9999.0 2204.006810 2344.996648 2527.497768 2678.403984 2732.561308 2812.474624 2825.101422 2840.722304 2867.887668 2891.336078 3092.286292 3204.575290 3219.674529 3292.034805 3382.825824 3372.743214 3402.829333 3424.757825 3445.994701 3463.156371 3475.868708 3473.731979 3468.104951 3451.942334 3444.013053 3443.221295 3441.226102 3424.210985 3405.599732 3389.056473 3386.271987 3369.131018 3321.807993 3289.399599 3272.840847 3255.650520 3241.709758 3213.949876 3188.579846 3174.535354 3185.015873 3181.990622 3169.147234 3164.714455 3181.946472 3212.667560 3209.497973 3219.498014 3238.712667 3273.961972 3311.011736 3329.961841 3358.485138 3393.466022 3439.759506 3449.781060 3471.868752 3475.218922 3462.941158 3417.753595 3367.399513 3338.494153 3284.111519 3224.790650 3164.607825 3116.329580 3071.889291 3017.281155 2982.841767 2949.936136 2895.386711 2850.073290 2838.908272 2804.329336 2789.782759 -9999.0 -9999.0 -9999.0 -9999.0
-9999.0 2107.627982 2290.330274 2536.987456 2806.598054 2884.879317 3076.651817 3187.924908 3226.925282 3291.780262 3193.880909 3381.659498 3428.422344 3421.866941 3431.987118 3434.255052 3447.854214 3447.556306 3442.507843 3431.741214 3422.496641 3418.190346 3417.021492 3409.174846 3396.703941 3382.263619 3370.692171 3359.667010 3323.912104 3292.729324 3255.378125 3243.444824 3201.696242 3112.892544 3074.317912 3037.586533 2979.563226 2981.043840 2985.854945 2974.762308 2956.037437 2929.838863 2957.469958 2966.595040 2970.208957 2967.107819 2978.065996 2991.329010 3036.865858 3070.264624 3108.839174 3155.862801 3184.084406 3222.638612 3262.528496 3314.122762 3344.385998 3372.792312 3420.131180 3456.786159 3479.194265 3466.061103 3446.174228 3403.182961 3343.831572 3295.008948 3266.893899 3217.610110 3175.500140 3131.881613 3085.700571 3033.187239 2977.767636 2919.373278 2883.977411 -9999.0 -9999.0 -9999.0 -9999.0 -9999.0
-9999.0 1895.371989 2161.269981 2435.718476 2727.165677 3027.934811 3182.931471 3279.676609 3340.604085 3316.925651 3334.038744 3341.967252 3378.210543 3384.481363 3363.007487 3350.030473 3333.618176 3332.530131 3345.485972 3318.747120 3289.284744 3276.376157 3277.184794 3266.475911 3243.183608 3228.301608 3218.972282 3201.230487 3159.921504 3111.097317 3029.398482 2998.169720 2934.524186 2892.843129 2855.215511 2808.689044 2838.022693 2838.530681 2791.619070 2849.645476 2828.607073 2811.076192 2840.202527 2792.917893 2805.447419 2790.251224 2797.121002 2830.917243 2877.286972 2917.467799 2961.704557 2997.348180 3037.986447 3077.300319 3099.325893 3139.616625 3179.558949 3220.376775 3289.267018 3365.436378 3399.787383 3433.449368 3463.364883 3484.782636 3442.576888 3415.397025 3392.417157 3369.929127 3324.737583 3279.967250 3239.489002 3176.522751 3117.578480 -9999.0 -9999.0 -9999.0 -9999.0 -9999.0 -9999.0 -9999.0
-9999.0 1779.756857 1980.268921 2183.218683 2446.393486 2688.247177 2858.682714 2950.777610 3011.242961 3071.614731 3119.404255 3154.449128 3179.025713 3199.886606 3177.123922 3134.137974 3102.850405 3107.524700 3099.899847 3078.504043 3050.896952 3037.972301 3036.151997 3031.317671 3009.989837 2999.459761 2992.678788 2987.069265 2960.914943 2908.554159 2836.589879 2839.145327 2781.048002 2754.970011 2726.693521 2694.510348 2663.834129 2673.576702 2682.895569 2683.236117 2675.823898 2675.279101 2704.372693 2722.737911 2732.981779 2723.157101 2743.520961 2770.373501 2812.437216 2793.994812 2838.541145 2888.241266 2936.798393 2958.350721 2962.799628 2977.020123 2992.259600 3035.570184 3111.522635 3194.955475 3269.671821 3313.876376 3363.657969 3402.410323 3429.248279 3456.398157 3476.992955 3468.679471 3443.883469 3411.257006 3354.170604 -9999.0 -9999.0 -9999.0 -9999.0 -9999.0 -9999.0 -9999.0 -9999.0 -9999.0
-9999.0 -9999.0 1752.942271 1912.944810 2022.668852 2192.827769 2341.882763 2455.834152 2561.101261 2705.106394 2829.251790 2839.234140 2883.694083 2899.366500 2885.402963 2856.183782 2837.980935 2837.522454 2826.077996 2818.558219 2802.820231 2797.282989 2870.997519 2859.335624 2850.346799 2845.905419 2841.168999 2832.341060 2812.548842 2766.729261 2723.094174 2674.696453 2622.338361 2597.152221 2575.503768 2554.991286 2555.782772 2549.550737 2553.957960 2556.259780 2565.163172 2579.033884 2598.770505 2622.159949 2632.523862 2643.368430 2656.163140 2680.494411 2714.178223 2757.078829 2812.756848 2817.993684 2853.592525 2861.173057 2844.946424 2841.822694 2851.927242 2883.182096 2948.994742 3004.850321 3092.420207 3156.477678 3221.173028 3275.918696 3301.813335 3338.151166 3406.420356 3454.304905 3494.451645 3472.181391 -9999.0 -9999.0 -9999.0 -9999.0 -9999.0 -9999.0 -9999.0 -9999.0 -9999.0 -9999.0
-9999.0 -9999.0 -9999.0 -9999.0 1775.393041 1926.076610 2025.716155 2109.134980 2245.196529 2376.990483 2485.883638 2574.165803 2643.595147 2673.436497 2675.838409 2691.927544 2691.331677 2683.147451 2671.772407 2673.319226 2673.909556 2664.069421 2645.161377 2636.142164 2637.141226 2642.708392 2639.690012 2625.989131 2607.080886 2589.243649 2572.577284 2539.385168 2505.234927 2476.020254 2462.506523 2457.604930 2456.640799 2448.242524 2456.196536 2464.560909 2480.308894 2495.530888 2519.159078 2548.476225 2563.347684 2578.776038 2588.710942 2609.116914 2640.837633 2695.490762 2760.644059 2819.629968 2812.496142 2813.393772 2844.781438 2830.345795 2827.347771 2855.864734 2805.416879 2858.532139 2948.870034 2996.785744 3043.057881 3082.685082 3118.882350 3180.740212 3272.468961 3352.227018 -9999.0 -9999.0 -9999.0 -9999.0 -9999.0 -9999.0 -9999.0 -9999.0 -9999.0 -9999.0 -9999.0 -9999.0
-9999.0 -9999.0 -9999.0 -9999.0 -9999.0 -9999.0 1750.121820 1856.504823 1929.394848 2081.504838 2225.847117 2334.559262 2419.448051 2456.031848 2490.179568 2521.331523 2522.198421 2502.489561 2480.618473 2500.190991 2515.965335 2507.322163 2473.759490 2472.831400 2477.733089 2484.567721 2481.407414 2474.896893 2449.693694 2464.342239 2466.886557 2443.265147 2417.096054 2403.356462 2391.108779 2400.237325 2399.736497 2385.020212 2384.017915 2411.515233 2432.385669 2445.373483 2466.678655 2500.025727 2532.858089 2549.032071 2550.901152 2557.049601 2595.759451 2666.808967 2740.541639 2798.171088 2793.925297 2799.052953 2820.636873 2782.428666 2764.691971 2774.227444 2810.889365 2864.566399 2830.646976 2868.563606 2882.943104 2887.415203 2901.795826 2980.744995 -9999.0 -9999.0 -9999.0 -9999.0 -9999.0 -9999.0 -9999.0 -9999.0 -9999.0 -9999.0 -9999.0 -9999.0 -9999.0 -9999.0
-9999.0 -9999.0 -9999.0 -9999.0 -9999.0 -9999.0 -9999.0 -9999.0 -9999.0 -9999.0 -9999.0 -9999.0 -9999.0 -9999.0 -9999.0 -9999.0 -9999.0 -9999.0 -9999.0 -9999.0 -9999.0 -9999.0 -9999.0 -9999.0 -9999.0 -9999.0 -9999.0 -9999.0 -9999.0 -9999.0 -9999.0 -9999.0 -9999.0 -9999.0 -9999.0 -9999.0 -9999.0 -9999.0 -9999.0 -9999.0 -9999.0 -9999.0 -9999.0 -9999.0 -9999.0 -9999.0 -9999.0 -9999.0 -9999.0 -9999.0 -9999.0 -9999.0 -9999.0 -9999.0 -9999.0 -9999.0 -9999.0 -9999.0 -9999.0 -9999.0 -9999.0 -9999.0 -9999.0 -9999.0 -9999.0 -9999.0 -9999.0 -9999.0 -9999.0 -9999.0 -9999.0 -9999.0 -9999.0 -9999.0 -9999.0 -9999.0 -9999.0 -9999.0 -9999.0 -9999.0
-9999.0 -9999.0 -9999.0 -9999.0 -9999.0 -9999.0 -9999.0 -9999.0 -9999.0 -9999.0 -9999.0 -9999.0 -9999.0 -9999.0 -9999.0 -9999.0 -9999.0 -9999.0 -9999.0 -9999.0 -9999.0 -9999.0 -9999.0 -9999.0 -9999.0 -9999.0 -9999.0 -9999.0 -9999.0 -9999.0 -9999.0 -9999.0 -9999.0 -9999.0 -9999.0 -9999.0 -9999.0 -9999.0 -9999.0 -9999.0 -9999.0 -9999.0 -9999.0 -9999.0 -9999.0 -9999.0 -9999.0 -9999.0 -9999.0 -9999.0 -9999.0 -9999.0 -9999.0 -9999.0 -9999.0 -9999.0 -9999.0 -9999.0 -9999.0 -9999.0 -9999.0 -9999.0 -9999.0 -9999.0 -9999.0 -9999.0 -9999.0 -9999.0 -9999.0 -9999.0 -9999.0 -9999.0 -9999.0 -9999.0 -9999.0 -9999.0 -9999.0 -9999.0 -9999.0 -9999.0