Borden_/Borden1m_014/output_maps/psiliqL0019N0025.asc
ncols         80
nrows         18
xllcorner     620200.000000
yllcorner     5168000.000000
cellsize      1.000000
NODATA_value  -9999.0
-9999.0 -9999.0 -9999.0 -9999.0 -9999.0 -9999.0 -9999.0 -9999.0 -9999.0 -9999.0 -9999.0 -9999.0 -9999.0 -9999.0 -9999.0 -9999.0 -9999.0 -9999.0 -9999.0 -9999.0 -9999.0 -9999.0 -9999.0 -9999.0 -9999.0 -9999.0 -9999.0 -9999.0 -9999.0 -9999.0 -9999.0 -9999.0 -9999.0 -9999.0 -9999.0 -9999.0 -9999.0 -9999.0 -9999.0 -9999.0 -9999.0 -9999.0 -9999.0 -9999.0 -9999.0 -9999.0 -9999.0 -9999.0 -9999.0 -9999.0 -9999.0 -9999.0 -9999.0 -9999.0 -9999.0 -9999.0 -9999.0 -9999.0 -9999.0 -9999.0 -9999.0 -9999.0 -9999.0 -9999.0 -9999.0 -9999.0 -9999.0 -9999.0 -9999.0 -9999.0 -9999.0 -9999.0 -9999.0 -9999.0 -9999.0 -9999.0 -9999.0 -9999.0 -9999.0 -9999.0
-9999.0 -9999.0 -9999.0 -9999.0 -9999.0 -9999.0 -9999.0 -9999.0 -9999.0 -9999.0 -9999.0 -9999.0 -9999.0 -9999.0 -9999.0 -9999.0 -9999.0 -9999.0 -9999.0 -9999.0 -9999.0 -9999.0 -9999.0 -9999.0 -9999.0 -9999.0 -9999.0 -9999.0 -9999.0 -9999.0 -9999.0 -9999.0 -9999.0 -9999.0 -9999.0 -9999.0 -9999.0 -9999.0 -9999.0 -9999.0 -9999.0 -9999.0 -9999.0 -9999.0 -9999.0 -9999.0 -9999.0 -9999.0 -9999.0 -9999.0 -9999.0 -9999.0 -9999.0 -9999.0 -9999.0 -9999.0 -9999.0 -9999.0 -9999.0 -9999.0 -9999.0 -9999.0 -9999.0 -9999.0 -9999.0 -9999.0 -9999.0 -9999.0 -9999.0 -9999.0 -9999.0 -9999.0 -9999.0 -9999.0 -9999.0 -9999.0 -9999.0 -9999.0 -9999.0 -9999.0
-9999.0 -9999.0 -9999.0 -9999.0 -9999.0 -9999.0 -9999.0 -9999.0 -9999.0 -9999.0 -9999.0 -9999.0 -9999.0 -9999.0 -9999.0 -9999.0 -9999.0 -9999.0 -9999.0 -9999.0 1953.587549 1956.209890 1935.526941 1903.225164 1876.921745 1880.868967 1916.725487 1959.749043 2000.544811 2011.630438 1995.367986 2000.278431 1997.288783 1995.780934 1998.238511 2006.313709 2012.419942 2023.594142 2032.216270 2032.079091 2026.645264 2022.633574 2024.577254 2027.213718 2032.627066 2019.390018 2032.914527 2046.883143 2049.993490 2043.774389 2015.958974 1999.602679 1988.464841 1970.307118 1993.134984 2002.531148 2023.030374 2025.127489 2021.455047 1993.266931 1962.392446 -9999.0 -9999.0 -9999.0 -9999.0 -9999.0 -9999.0 -9999.0 -9999.0 -9999.0 -9999.0 -9999.0 -9999.0 -9999.0 -9999.0 -9999.0 -9999.0 -9999.0 -9999.0 -9999.0
-9999.0 -9999.0 -9999.0 -9999.0 -9999.0 -9999.0 -9999.0 -9999.0 -9999.0 -9999.0 -9999.0 -9999.0 -9999.0 -9999.0 1859.077707 1850.915409 1849.672253 1859.314745 1893.998158 1925.389725 1937.542135 1931.293417 1932.812978 1910.562016 1890.991036 1906.463590 1938.197213 1971.454898 2007.759621 2029.132483 2020.276753 2019.941958 2030.096211 2054.276609 2065.926295 2063.550336 2045.334705 2069.923178 2085.454471 2093.331615 2093.504452 2085.680997 2097.396268 2112.472519 2105.126763 2087.932464 2094.359024 2105.937400 2115.588107 2102.154060 2038.577894 2019.953173 2013.360861 2005.053350 1988.859142 1981.267841 2005.581599 2002.994476 1993.017285 1973.631241 1939.430276 1894.196757 1874.095456 1911.827202 1953.845409 2009.170609 -9999.0 -9999.0 -9999.0 -9999.0 -9999.0 -9999.0 -9999.0 -9999.0 -9999.0 -9999.0 -9999.0 -9999.0 -9999.0 -9999.0
-9999.0 -9999.0 -9999.0 -9999.0 -9999.0 -9999.0 -9999.0 -9999.0 -9999.0 1797.011045 1803.106050 1811.752316 1815.896951 1832.986927 1831.329549 1839.991434 1847.700573 1876.788951 1909.041293 1945.121702 1974.529986 1967.437295 1969.141668 1978.699385 1980.581391 1993.117817 2016.693530 2058.468912 2096.926360 2138.110722 2110.238725 2109.226347 2129.401690 2174.994295 2204.220751 2209.351378 2191.418045 2204.008437 2229.138790 2249.640372 2249.412031 2246.839980 2272.283086 2286.765033 2284.309209 2262.745764 2254.159418 2255.858807 2280.835337 2228.130095 2160.423128 2113.015710 2119.181607 2090.399383 2055.067660 2035.920663 2032.071890 2050.014792 2033.727825 1995.325657 1958.333065 1945.103278 1925.796038 1942.276510 1962.713348 2006.765434 2044.137089 2071.000144 2068.540833 2049.811462 -9999.0 -9999.0 -9999.0 -9999.0 -9999.0 -9999.0 -9999.0 -9999.0 -9999.0 -9999.0
-9999.0 -9999.0 -9999.0 -9999.0 -9999.0 -9999.0 1716.019607 1727.049087 1748.970624 1754.064131 1781.496167 1789.871758 1811.936825 1832.593129 1856.392498 1873.690073 1904.116017 1938.245543 1979.314709 2022.460462 2055.357170 2049.996786 2061.367706 2089.468717 2125.738786 2152.943239 2179.547788 2221.284332 2298.554678 2341.281972 2345.418127 2351.011505 2361.840606 2412.105770 2476.297259 2488.764926 2468.333477 2454.599429 2476.666709 2514.299107 2518.450267 2520.416062 2534.424878 2545.033989 2570.662352 2559.124980 2518.041198 2505.715256 2506.298402 2485.868967 2420.097690 2357.176149 2326.454010 2274.436461 2189.947968 2137.953682 2148.853801 2167.926919 2138.686008 2083.778157 2043.013755 2031.495090 2015.023908 2001.323363 2007.193266 2024.862067 2044.785569 2054.073218 2038.833882 2015.600102 1991.490883 1961.321716 1962.065395 1986.198719 -9999.0 -9999.0 -9999.0 -9999.0 -9999.0 -9999.0
-9999.0 -9999.0 -9999.0 -9999.0 1664.376623 1678.401375 1666.594933 1693.866906 1728.232449 1764.248248 1796.596853 1833.975118 1862.432400 1894.227961 1934.535642 1966.824978 2007.751232 2043.958782 2098.884949 2167.284285 2218.603976 2241.145082 2256.924205 2315.438321 2377.408584 2430.110633 2452.634665 2482.011585 2529.937486 2591.565015 2619.413432 2626.549832 2645.072501 2684.155802 2735.398398 2771.473925 2754.416660 2745.765098 2753.231062 2766.410012 2790.556992 2792.686690 2795.248419 2798.654027 2804.005636 2801.659338 2774.951854 2739.987977 2723.098391 2712.198147 2678.123188 2606.325567 2567.719304 2535.025275 2494.917004 2440.055412 2380.399003 2368.510125 2309.334853 2249.395620 2188.761398 2168.938782 2138.686793 2113.128025 2084.914510 2086.499288 2088.781840 2066.275794 2031.156925 1996.751716 1979.958819 1959.535095 1946.640722 1975.615296 1991.981530 2021.061852 -9999.0 -9999.0 -9999.0 -9999.0
-9999.0 -9999.0 1602.922843 1651.165798 1709.637186 1719.229466 1719.057444 1726.238929 1756.650902 1810.606119 1883.955800 1931.868663 1972.100228 2008.322094 2068.668591 2144.110988 2214.500055 2263.859801 2327.700718 2400.885001 2464.674123 2497.538178 2514.632033 2557.184018 2614.046503 2680.497016 2709.498086 2737.734814 2773.621030 2810.688820 2816.086930 2829.720429 2840.021046 2846.848937 2856.110374 2859.727323 2854.077364 2847.539463 2827.723333 2822.821904 2829.767976 2836.768808 2837.520475 2823.839163 2819.890554 2833.771855 2838.310688 2836.522597 2834.571389 2840.963124 2841.295487 2798.152938 2767.289166 2749.961188 2735.067134 2688.267246 2621.177099 2580.927063 2556.401417 2509.425084 2430.575138 2381.236540 2331.265790 2284.308934 2232.375158 2203.513792 2157.221172 2113.725876 2065.446578 2017.178240 1991.824289 1972.584310 1968.628166 1966.688563 1981.709311 1995.693200 2010.071664 2017.342366 -9999.0 -9999.0
-9999.0 1496.532083 1568.907390 1694.421264 1775.379815 1819.453198 1845.087543 1863.602842 1894.579529 1927.005203 2027.709741 2104.464418 2195.373050 2236.867084 2287.813336 2386.124673 2483.750970 2534.460087 2577.106749 2639.240173 2703.905476 2755.997849 2786.494586 2787.619090 2825.301033 2845.871123 2851.508318 2856.883547 2855.575683 2848.233286 2840.623609 2846.677801 2842.332328 2822.399977 2805.421318 2801.552863 2794.914345 2768.431839 2736.232719 2719.368567 2720.387691 2745.466568 2731.383440 2710.341095 2706.704356 2728.922672 2751.669573 2743.423686 2731.331257 2751.650962 2787.872592 2812.179502 2819.627626 2837.234061 2858.008174 2830.907789 2804.594943 2760.625910 2737.977139 2707.555875 2647.441189 2586.521200 2530.461406 2468.352117 2402.431076 2336.932949 2273.759115 2210.922883 2144.316506 2101.704119 2069.446040 2019.108333 1998.370143 1999.179267 1989.378866 1985.113485 1989.632002 1995.274804 -9999.0 -9999.0
-9999.0 1409.841633 1551.347116 1734.278383 1882.597510 1937.182046 2026.473667 2100.203278 2126.955693 2092.761143 2201.484969 2422.760619 2538.498224 2560.974464 2638.095396 2735.049742 2744.131225 2779.513937 2804.903260 2823.203152 2838.030161 2851.494544 2851.483389 2847.287103 2832.695390 2824.770520 2822.795201 2819.153833 2800.456450 2779.995719 2761.098197 2755.145541 2732.574971 2684.216207 2649.234980 2629.884879 2610.371376 2590.392402 2558.080209 2529.297733 2511.025823 2524.097287 2520.114575 2503.711227 2500.228176 2522.995927 2555.248815 2554.272705 2567.113485 2589.971879 2630.454552 2671.845309 2695.959000 2728.094992 2767.947449 2815.252110 2829.381405 2851.869488 2855.579405 2839.244899 2792.770203 2736.484232 2700.372397 2635.890566 2563.187709 2483.429612 2418.038994 2354.947614 2284.473001 2237.696445 2189.774946 2131.136860 2078.489884 2058.080653 2018.119307 1998.674110 -9999.0 -9999.0 -9999.0 -9999.0
-9999.0 1321.724769 1506.696808 1758.222514 2043.193266 2141.706678 2348.716137 2477.336203 2532.432412 2604.810268 2549.317802 2724.992133 2774.222098 2773.894814 2782.678452 2789.975574 2808.001474 2812.455037 2810.373822 2801.548035 2793.434423 2789.980825 2789.013167 2781.167188 2768.090695 2751.814443 2735.137245 2720.337621 2680.385050 2645.197203 2605.482512 2588.793293 2545.819159 2450.646634 2407.353292 2368.368672 2308.053246 2302.803448 2299.607744 2270.351534 2250.039552 2225.262836 2249.972506 2257.949210 2261.738589 2262.441474 2277.879541 2306.396223 2354.834265 2393.182207 2438.268522 2491.916912 2529.704983 2574.688592 2620.523235 2677.576462 2712.922042 2745.954316 2797.701858 2837.671122 2861.539637 2848.482743 2822.190043 2772.401471 2697.576763 2630.733433 2580.387255 2505.909704 2440.786852 2386.885335 2337.969155 2284.179670 2217.763241 2144.456163 2103.150391 -9999.0 -9999.0 -9999.0 -9999.0 -9999.0
-9999.0 1125.120230 1391.445744 1671.232473 1971.092283 2307.174999 2460.365735 2580.379044 2653.697336 2630.958222 2647.687792 2666.328472 2711.982960 2723.321621 2704.671990 2696.004277 2684.181438 2685.298058 2699.349337 2673.534313 2644.286762 2630.869373 2630.295198 2617.894394 2593.060915 2575.222633 2562.918451 2540.448095 2490.195006 2437.087457 2352.248475 2317.693019 2237.995882 2187.544498 2144.869385 2094.817446 2044.514285 2044.180000 2062.801836 2048.991408 2026.605758 2008.162793 2035.738431 2055.462439 2068.770775 2056.438995 2065.822199 2102.437325 2152.707878 2197.724212 2247.822561 2303.434812 2350.575492 2398.199272 2429.375269 2478.895177 2529.806139 2578.473110 2653.582580 2735.244105 2776.500039 2812.748063 2843.701844 2858.878266 2804.887656 2755.469545 2702.043661 2639.407053 2562.381288 2512.248077 2481.156595 2432.444495 2374.208854 -9999.0 -9999.0 -9999.0 -9999.0 -9999.0 -9999.0 -9999.0
-9999.0 1004.317784 1213.284615 1428.333524 1700.022092 1936.697879 2144.886199 2249.939244 2330.103938 2382.844904 2427.820805 2465.853957 2497.861814 2522.778202 2504.185002 2463.444156 2434.874015 2440.265745 2434.945873 2412.531864 2383.771065 2369.189023 2365.763523 2358.415712 2333.761287 2319.073415 2307.631147 2283.662372 2251.624508 2195.451702 2117.370101 2042.688303 1983.170552 1954.723638 1926.512870 1894.937306 1861.726663 1871.843098 1883.220138 1880.419491 1870.914994 1868.817267 1897.774594 1917.139621 1927.450805 1916.865342 1936.676557 1963.272516 2004.737160 2048.631875 2098.217543 2153.548323 2207.765842 2236.598300 2249.353860 2273.055347 2312.187149 2366.344080 2452.682875 2549.496388 2630.138532 2680.562979 2733.260721 2769.970219 2784.785563 2792.706013 2769.809628 2694.704241 2597.020850 2576.397361 2568.673152 -9999.0 -9999.0 -9999.0 -9999.0 -9999.0 -9999.0 -9999.0 -9999.0 -9999.0
-9999.0 -9999.0 982.984969 1151.158821 1274.298209 1448.177717 1596.479285 1706.951311 1802.060972 1927.530918 2040.232722 2128.915968 2174.708707 2193.018278 2180.758235 2151.404215 2132.746924 2133.255966 2122.944864 2113.876154 2095.725655 2088.194892 2075.755259 2066.839951 2057.733643 2052.561747 2046.830931 2035.270291 2013.715876 1967.518746 1921.802280 1871.856326 1819.862486 1794.722727 1773.250986 1752.539374 1752.364891 1747.456153 1752.415925 1754.004090 1761.523761 1774.479489 1794.287170 1816.676941 1826.729985 1836.520924 1849.189850 1873.112133 1906.260130 1949.008175 2003.548649 2062.238527 2102.914503 2116.155105 2106.491829 2111.078877 2130.291575 2171.808350 2250.318394 2333.484881 2430.605407 2503.314334 2576.701743 2630.242046 2648.101096 2665.841791 2684.512733 2641.971118 2523.029359 2537.010424 -9999.0 -9999.0 -9999.0 -9999.0 -9999.0 -9999.0 -9999.0 -9999.0 -9999.0 -9999.0
-9999.0 -9999.0 -9999.0 -9999.0 1011.191523 1163.529951 1261.187033 1343.784225 1474.933536 1599.140316 1701.710824 1786.619203 1851.215867 1878.487752 1876.924781 1886.793087 1884.084832 1877.482872 1867.670260 1868.518929 1869.129674 1861.818356 1846.449893 1838.899793 1840.014555 1845.016956 1841.841073 1827.619022 1808.984745 1788.302837 1769.608986 1735.884007 1700.649481 1671.561312 1658.376411 1653.141149 1652.692592 1645.183880 1653.502341 1661.110294 1676.384812 1691.480089 1715.112746 1744.336891 1758.568964 1773.637066 1783.491282 1803.990131 1834.700639 1888.458835 1952.432515 2011.046696 2048.088158 2053.279539 2029.608923 2014.593767 2010.962285 2038.779155 2082.745433 2148.479327 2249.852907 2323.701261 2380.195934 2424.897543 2458.594848 2507.327397 2563.630347 2603.296579 -9999.0 -9999.0 -9999.0 -9999.0 -9999.0 -9999.0 -9999.0 -9999.0 -9999.0 -9999.0 -9999.0 -9999.0
-9999.0 -9999.0 -9999.0 -9999.0 -9999.0 -9999.0 976.367739 1079.416206 1156.093782 1299.030870 1434.018565 1537.343364 1618.869437 1652.363544 1681.569578 1710.003262 1709.399997 1690.877592 1671.252577 1690.920301 1706.223896 1700.048104 1669.197732 1668.994677 1673.982445 1681.567926 1678.710201 1671.903649 1646.483540 1659.021567 1660.388379 1637.020307 1610.971452 1597.253565 1585.285940 1594.766746 1594.751177 1580.716861 1580.625021 1607.591616 1627.971421 1640.956995 1662.504626 1695.744504 1728.274004 1743.869376 1745.451506 1751.590661 1791.168340 1861.571929 1933.918398 1990.221192 2023.631360 2032.491966 2006.425139 1967.151304 1947.570060 1955.149474 1990.042862 2042.161338 2117.654293 2166.630930 2191.332059 2203.455041 2221.066188 2313.804381 -9999.0 -9999.0 -9999.0 -9999.0 -9999.0 -9999.0 -9999.0 -9999.0 -9999.0 -9999.0 -9999.0 -9999.0 -9999.0 -9999.0
-9999.0 -9999.0 -9999.0 -9999.0 -9999.0 -9999.0 -9999.0 -9999.0 -9999.0 -9999.0 -9999.0 -9999.0 -9999.0 -9999.0 -9999.0 -9999.0 -9999.0 -9999.0 -9999.0 -9999.0 -9999.0 -9999.0 -9999.0 -9999.0 -9999.0 -9999.0 -9999.0 -9999.0 -9999.0 -9999.0 -9999.0 -9999.0 -9999.0 -9999.0 -9999.0 -9999.0 -9999.0 -9999.0 -9999.0 -9999.0 -9999.0 -9999.0 -9999.0 -9999.0 -9999.0 -9999.0 -9999.0 -9999.0 -9999.0 -9999.0 -9999.0 -9999.0 -9999.0 -9999.0 -9999.0 -9999.0 -9999.0 -9999.0 -9999.0 -9999.0 -9999.0 -9999.0 -9999.0 -9999.0 -9999.0 -9999.0 -9999.0 -9999.0 -9999.0 -9999.0 -9999.0 -9999.0 -9999.0 -9999.0 -9999.0 -9999.0 -9999.0 -9999.0 -9999.0 -9999.0
-9999.0 -9999.0 -9999.0 -9999.0 -9999.0 -9999.0 -9999.0 -9999.0 -9999.0 -9999.0 -9999.0 -9999.0 -9999.0 -9999.0 -9999.0 -9999.0 -9999.0 -9999.0 -9999.0 -9999.0 -9999.0 -9999.0 -9999.0 -9999.0 -9999.0 -9999.0 -9999.0 -9999.0 -9999.0 -9999.0 -9999.0 -9999.0 -9999.0 -9999.0 -9999.0 -9999.0 -9999.0 -9999.0 -9999.0 -9999.0 -9999.0 -9999.0 -9999.0 -9999.0 -9999.0 -9999.0 -9999.0 -9999.0 -9999.0 -9999.0 -9999.0 -9999.0 -9999.0 -9999.0 -9999.0 -9999.0 -9999.0 -9999.0 -9999.0 -9999.0 -9999.0 -9999.0 -9999.0 -9999.0 -9999.0 -9999.0 -9999.0 -9999.0 -9999.0 -9999.0 -9999.0 -9999.0 -9999.0 -9999.0 -9999.0 -9999.0 -9999.0 -9999.0 -9999.0 -9999.0