Borden_/Borden1m_014/output_maps/psiliqL0019N0001.asc
ncols         80
nrows         18
xllcorner     620200.000000
yllcorner     5168000.000000
cellsize      1.000000
NODATA_value  -9999.0
-9999.0 -9999.0 -9999.0 -9999.0 -9999.0 -9999.0 -9999.0 -9999.0 -9999.0 -9999.0 -9999.0 -9999.0 -9999.0 -9999.0 -9999.0 -9999.0 -9999.0 -9999.0 -9999.0 -9999.0 -9999.0 -9999.0 -9999.0 -9999.0 -9999.0 -9999.0 -9999.0 -9999.0 -9999.0 -9999.0 -9999.0 -9999.0 -9999.0 -9999.0 -9999.0 -9999.0 -9999.0 -9999.0 -9999.0 -9999.0 -9999.0 -9999.0 -9999.0 -9999.0 -9999.0 -9999.0 -9999.0 -9999.0 -9999.0 -9999.0 -9999.0 -9999.0 -9999.0 -9999.0 -9999.0 -9999.0 -9999.0 -9999.0 -9999.0 -9999.0 -9999.0 -9999.0 -9999.0 -9999.0 -9999.0 -9999.0 -9999.0 -9999.0 -9999.0 -9999.0 -9999.0 -9999.0 -9999.0 -9999.0 -9999.0 -9999.0 -9999.0 -9999.0 -9999.0 -9999.0
-9999.0 -9999.0 -9999.0 -9999.0 -9999.0 -9999.0 -9999.0 -9999.0 -9999.0 -9999.0 -9999.0 -9999.0 -9999.0 -9999.0 -9999.0 -9999.0 -9999.0 -9999.0 -9999.0 -9999.0 -9999.0 -9999.0 -9999.0 -9999.0 -9999.0 -9999.0 -9999.0 -9999.0 -9999.0 -9999.0 -9999.0 -9999.0 -9999.0 -9999.0 -9999.0 -9999.0 -9999.0 -9999.0 -9999.0 -9999.0 -9999.0 -9999.0 -9999.0 -9999.0 -9999.0 -9999.0 -9999.0 -9999.0 -9999.0 -9999.0 -9999.0 -9999.0 -9999.0 -9999.0 -9999.0 -9999.0 -9999.0 -9999.0 -9999.0 -9999.0 -9999.0 -9999.0 -9999.0 -9999.0 -9999.0 -9999.0 -9999.0 -9999.0 -9999.0 -9999.0 -9999.0 -9999.0 -9999.0 -9999.0 -9999.0 -9999.0 -9999.0 -9999.0 -9999.0 -9999.0
-9999.0 -9999.0 -9999.0 -9999.0 -9999.0 -9999.0 -9999.0 -9999.0 -9999.0 -9999.0 -9999.0 -9999.0 -9999.0 -9999.0 -9999.0 -9999.0 -9999.0 -9999.0 -9999.0 -9999.0 1926.323800 1928.057159 1905.957982 1871.896816 1843.589941 1845.320789 1878.752630 1919.168799 1957.174239 1965.508580 1946.799301 1949.681357 1945.118489 1942.477292 1943.947491 1951.144631 1956.369786 1966.695992 1974.098298 1972.461108 1965.484042 1960.125532 1961.091050 1963.295390 1968.982862 1956.707170 1971.637475 1987.423206 1992.545396 1988.698962 1963.488237 1949.995407 1941.978444 1926.981541 1952.793800 1964.900929 1988.242725 1992.886853 1991.398243 1964.829551 1934.988185 -9999.0 -9999.0 -9999.0 -9999.0 -9999.0 -9999.0 -9999.0 -9999.0 -9999.0 -9999.0 -9999.0 -9999.0 -9999.0 -9999.0 -9999.0 -9999.0 -9999.0 -9999.0 -9999.0
-9999.0 -9999.0 -9999.0 -9999.0 -9999.0 -9999.0 -9999.0 -9999.0 -9999.0 -9999.0 -9999.0 -9999.0 -9999.0 -9999.0 1836.877285 1827.467739 1824.328706 1831.817850 1864.445178 1894.297764 1906.190595 1898.575449 1898.284136 1873.914612 1852.038457 1865.059777 1894.138230 1924.506370 1957.589791 1975.706017 1964.041469 1961.521293 1970.098790 1993.090712 2003.919890 2000.952788 1982.257773 2005.968713 2020.084050 2026.082111 2024.254755 2014.713652 2025.214319 2039.724110 2032.746764 2016.824369 2025.004279 2038.532478 2050.256100 2039.331369 1978.695664 1963.098175 1959.927226 1955.165437 1942.350938 1937.662352 1964.699754 1964.989357 1957.680192 1940.569250 1908.064247 1863.620888 1845.479048 1885.509784 1929.728996 1986.893652 -9999.0 -9999.0 -9999.0 -9999.0 -9999.0 -9999.0 -9999.0 -9999.0 -9999.0 -9999.0 -9999.0 -9999.0 -9999.0 -9999.0
-9999.0 -9999.0 -9999.0 -9999.0 -9999.0 -9999.0 -9999.0 -9999.0 -9999.0 1780.226888 1785.103008 1791.871461 1793.827886 1808.873636 1805.993619 1812.627902 1817.794083 1844.137483 1873.758210 1907.465701 1934.874531 1925.251896 1924.369020 1931.153258 1930.244752 1940.069797 1960.634079 1998.536629 2032.925482 2069.804870 2038.494447 2035.198138 2054.251194 2099.551280 2128.715200 2133.887403 2116.096303 2128.201320 2151.826244 2169.909936 2166.925125 2162.061003 2186.110723 2199.906233 2197.962434 2178.156108 2171.809644 2175.768590 2202.691206 2152.184443 2086.778712 2042.011912 2051.842590 2027.176705 1995.963854 1980.516078 1979.596327 2000.567617 1987.700665 1952.770376 1918.641951 1908.065829 1891.716937 1911.281345 1934.704316 1981.692925 2021.342144 2051.062769 2051.257524 2034.336496 -9999.0 -9999.0 -9999.0 -9999.0 -9999.0 -9999.0 -9999.0 -9999.0 -9999.0 -9999.0
-9999.0 -9999.0 -9999.0 -9999.0 -9999.0 -9999.0 1702.090215 1711.716122 1731.761492 1735.244684 1760.524025 1766.326627 1785.452711 1803.139084 1824.066077 1838.059060 1864.749181 1895.056397 1932.601788 1972.341791 2001.723585 1992.902413 2000.201643 2024.759691 2057.929039 2082.772038 2106.672297 2144.446120 2216.234601 2253.362796 2253.375013 2257.038420 2268.302361 2320.601399 2386.540308 2400.504258 2381.327784 2367.967491 2389.000134 2424.123167 2424.920785 2424.111663 2435.964247 2445.834806 2472.188354 2462.912791 2425.224258 2415.330384 2417.106236 2397.144234 2331.238277 2268.786578 2241.407523 2194.634494 2114.330357 2065.692666 2079.196204 2101.546665 2076.512511 2025.892790 1989.665461 1982.230245 1969.987523 1960.656589 1970.825250 1992.860130 2017.016463 2030.437280 2018.930913 1998.756819 1977.033180 1949.129202 1951.782535 1977.169337 -9999.0 -9999.0 -9999.0 -9999.0 -9999.0 -9999.0
-9999.0 -9999.0 -9999.0 -9999.0 1652.941086 1665.287309 1651.369145 1676.107045 1707.603203 1740.560025 1769.445113 1802.798346 1827.019227 1854.569271 1890.646629 1918.225978 1953.870414 1984.818570 2034.744581 2099.025543 2146.729150 2165.239858 2176.219840 2230.132995 2289.693877 2342.206950 2364.108154 2391.006841 2434.003733 2490.185613 2514.351589 2520.583016 2541.464801 2584.932078 2639.321416 2678.216193 2663.496663 2656.476069 2664.151248 2675.829230 2697.330087 2697.124779 2698.117122 2700.979445 2706.841513 2706.124800 2681.885636 2648.647768 2631.099001 2618.655040 2581.647032 2507.192641 2470.080177 2441.133371 2404.021313 2350.432380 2291.507223 2282.254883 2227.604351 2172.749083 2116.772726 2101.586697 2076.569211 2056.775100 2034.605586 2042.669440 2051.486374 2035.148069 2005.566078 1975.864825 1962.748185 1945.376077 1935.038798 1966.103492 1984.248640 2014.540412 -9999.0 -9999.0 -9999.0 -9999.0
-9999.0 -9999.0 1595.047337 1641.699820 1697.617623 1704.017617 1700.109898 1703.222354 1729.300070 1778.576938 1846.541962 1888.793656 1923.266278 1953.903469 2008.432805 2078.015659 2141.696753 2184.812342 2242.716696 2312.915618 2375.322822 2405.948693 2419.048583 2457.701946 2514.465728 2584.108088 2615.116077 2642.836005 2676.127633 2709.188304 2711.645301 2724.372071 2736.136878 2745.829790 2757.261442 2763.028723 2760.116516 2756.336405 2738.248661 2733.618804 2739.646822 2745.526666 2745.293259 2731.217523 2727.300690 2741.596026 2746.893646 2745.146494 2741.679987 2745.263724 2741.822788 2696.080936 2666.392467 2651.604681 2637.599877 2590.019161 2521.159290 2481.842011 2460.086665 2416.582297 2340.032138 2293.720362 2248.460912 2207.569589 2163.989944 2143.642563 2106.392686 2071.498589 2030.998986 1989.346968 1969.414878 1954.388626 1954.044979 1955.323018 1972.912437 1988.964638 2004.979204 2013.085963 -9999.0 -9999.0
-9999.0 1489.771229 1560.946467 1684.021246 1761.109341 1799.868909 1819.453119 1831.808511 1856.701816 1882.935501 1976.670537 2045.641670 2129.544902 2165.134140 2211.169248 2303.830030 2394.848311 2438.675273 2477.405326 2539.464253 2606.197542 2658.847722 2687.378491 2686.644785 2725.012875 2748.742051 2756.688483 2762.249646 2759.289247 2749.615667 2740.296911 2745.540340 2741.037849 2721.058987 2703.682308 2700.867462 2697.149656 2674.430395 2644.730437 2629.693796 2631.610126 2657.371568 2642.228886 2620.705821 2616.534183 2638.120811 2660.696044 2650.737522 2634.877715 2652.366769 2684.820764 2707.163001 2715.811503 2735.345957 2757.021793 2729.640929 2702.739824 2659.676280 2637.975710 2608.172700 2547.184621 2486.214678 2432.360243 2374.996203 2315.707017 2258.897637 2206.568989 2155.510224 2098.885057 2064.654307 2039.044047 1994.235238 1978.721841 1984.394274 1978.558846 1977.204689 1984.231765 1990.923324 -9999.0 -9999.0
-9999.0 1402.836074 1542.819451 1722.360673 1864.872513 1911.536165 1991.859526 2056.698764 2076.014293 2035.786505 2136.841038 2349.344383 2457.466470 2476.058200 2551.914456 2646.170613 2650.365388 2680.876246 2703.450625 2721.854396 2738.579541 2753.053594 2752.800144 2748.409587 2734.814829 2728.943992 2728.332112 2724.648232 2704.533619 2682.395734 2662.769546 2656.738905 2633.210035 2583.563712 2546.733325 2527.885542 2511.489771 2495.907087 2467.522456 2441.864482 2425.708037 2439.792266 2435.381288 2418.346210 2413.920212 2435.140908 2465.423125 2461.094133 2469.561981 2487.823525 2524.213040 2563.405314 2587.970058 2621.169616 2662.766722 2710.847138 2726.126790 2749.920116 2754.776989 2738.811849 2691.408252 2633.776416 2598.015931 2534.905522 2466.459591 2394.575403 2339.375607 2288.189666 2228.894902 2191.267735 2150.652258 2097.636741 2051.343932 2038.385692 2003.946391 1988.596148 -9999.0 -9999.0 -9999.0 -9999.0
-9999.0 1314.448140 1497.593452 1744.917360 2022.155144 2109.925720 2304.400835 2421.238991 2468.706352 2537.603482 2477.284880 2646.448298 2690.575706 2687.917001 2696.186119 2701.744304 2716.309986 2717.089226 2712.215312 2701.792641 2693.217059 2689.954657 2689.378744 2682.293584 2670.527220 2655.839092 2639.382478 2624.579854 2583.682117 2547.501518 2508.326748 2493.515100 2452.244491 2358.519792 2315.948517 2279.035292 2222.469232 2221.515448 2222.342041 2196.753561 2178.370876 2155.153823 2179.780787 2186.461162 2189.008246 2188.318202 2201.079204 2225.162187 2268.412209 2301.227871 2341.008505 2390.130351 2424.557919 2467.695984 2512.668056 2570.099586 2606.697448 2640.641422 2694.292016 2735.115844 2759.003219 2746.045814 2720.761128 2672.798210 2601.516528 2541.104822 2501.111824 2439.397413 2385.291548 2338.451213 2293.513767 2241.775460 2181.444379 2119.888028 2084.826475 -9999.0 -9999.0 -9999.0 -9999.0 -9999.0
-9999.0 1117.720831 1382.080539 1657.447971 1949.378284 2273.320246 2412.414183 2521.050828 2586.584330 2560.676130 2574.422672 2589.347233 2631.754463 2640.875503 2620.076308 2609.385718 2594.778987 2593.000064 2604.232553 2575.557117 2544.026726 2529.945745 2529.889861 2518.698537 2495.580075 2479.737374 2469.181391 2448.468262 2400.025060 2348.715374 2266.831247 2236.485195 2161.577949 2114.284121 2074.558940 2027.781996 1981.323019 1984.268996 2005.565947 1993.953794 1973.128056 1955.657417 1983.195707 2001.921720 2014.051552 2000.168558 2007.180056 2040.578796 2086.257104 2125.723086 2169.823798 2218.709390 2260.607221 2303.446290 2330.832343 2377.597209 2425.967413 2472.737800 2547.001935 2628.681865 2670.649844 2707.552835 2740.836216 2760.055152 2712.620867 2673.039180 2633.199560 2585.033034 2519.626611 2475.543909 2443.688981 2385.254769 2326.057895 -9999.0 -9999.0 -9999.0 -9999.0 -9999.0 -9999.0 -9999.0
-9999.0 996.916633 1203.959236 1415.145544 1679.986345 1906.593009 2102.648093 2197.007143 2268.389335 2316.867089 2358.873237 2393.933194 2423.095236 2445.560350 2424.516593 2381.650085 2351.016173 2354.486278 2347.383057 2323.239788 2293.301943 2278.712991 2276.285880 2270.586773 2248.148385 2236.047325 2227.484625 2207.002409 2177.919222 2125.498634 2051.804896 1981.991405 1926.564741 1901.675327 1876.601962 1847.864674 1817.157905 1829.621408 1843.105855 1841.583739 1833.063975 1831.548685 1860.581081 1879.676050 1889.187854 1877.310358 1895.181618 1919.108967 1956.950349 1996.054850 2040.455273 2090.361940 2138.837644 2161.983903 2169.372475 2187.914832 2221.504751 2269.951945 2351.292862 2443.392366 2520.770300 2570.272805 2625.126946 2668.052079 2691.517481 2712.743336 2707.691837 2652.643788 2573.967259 2563.879624 2551.114171 -9999.0 -9999.0 -9999.0 -9999.0 -9999.0 -9999.0 -9999.0 -9999.0 -9999.0
-9999.0 -9999.0 973.404667 1138.805330 1257.119001 1424.543166 1565.089710 1667.912386 1756.407584 1876.627003 1985.171043 2070.044932 2113.074832 2128.889560 2114.548112 2083.211803 2063.206252 2062.730866 2051.732642 2042.217980 2024.093445 2017.264256 2006.291884 1999.048407 1991.973169 1989.113739 1985.890063 1976.934972 1958.513913 1915.941184 1873.995021 1827.656736 1779.155006 1757.002680 1738.119462 1719.641811 1721.354370 1718.105340 1724.447461 1726.971250 1735.130386 1748.422301 1768.237713 1790.291977 1799.688238 1808.435195 1819.590034 1841.447058 1871.909819 1911.446721 1962.079833 2016.053610 2051.695902 2059.774392 2044.860083 2043.983273 2057.290144 2091.640272 2162.196598 2236.840384 2326.435278 2394.013345 2465.887706 2522.076799 2547.744984 2579.346369 2621.245376 2602.516704 2509.732913 2539.793161 -9999.0 -9999.0 -9999.0 -9999.0 -9999.0 -9999.0 -9999.0 -9999.0 -9999.0 -9999.0
-9999.0 -9999.0 -9999.0 -9999.0 994.801873 1143.740405 1237.264576 1315.102186 1441.376703 1561.035078 1659.499315 1740.908624 1802.576459 1827.362266 1823.929012 1832.373372 1828.740693 1821.625304 1811.627669 1812.561802 1813.568579 1806.990559 1792.603244 1786.384401 1789.135749 1796.030229 1794.980487 1783.116605 1767.177417 1749.429216 1733.697068 1702.775031 1670.101279 1643.349465 1632.201347 1628.709228 1629.729842 1623.452571 1632.748002 1641.051392 1656.773324 1672.086860 1695.723114 1724.758870 1738.485544 1752.719407 1761.379472 1780.267902 1808.827594 1860.003507 1920.950295 1976.172609 2009.069442 2009.845490 1981.442215 1961.422504 1951.975326 1972.777793 2008.207706 2064.731303 2156.547449 2221.615747 2272.709203 2316.068696 2353.351966 2413.594313 2491.979696 2550.211344 -9999.0 -9999.0 -9999.0 -9999.0 -9999.0 -9999.0 -9999.0 -9999.0 -9999.0 -9999.0 -9999.0 -9999.0
-9999.0 -9999.0 -9999.0 -9999.0 -9999.0 -9999.0 955.304198 1055.662988 1128.659828 1267.626254 1398.803064 1498.711172 1577.351407 1608.584676 1636.032242 1663.204387 1661.835029 1642.971567 1623.324991 1643.196000 1658.942047 1653.431915 1623.393728 1624.316912 1630.707438 1639.937019 1638.962031 1634.276730 1611.221227 1626.248425 1630.122662 1609.160874 1585.327639 1573.623072 1563.378074 1574.332464 1575.561847 1562.554133 1563.259240 1590.805181 1611.543430 1624.688859 1646.210599 1679.240622 1711.307822 1726.166728 1726.713614 1731.486783 1769.319834 1837.467958 1907.188799 1960.578270 1990.534913 1995.416113 1964.732059 1920.740127 1895.624286 1896.539949 1923.524855 1966.653746 2032.152991 2071.872164 2089.446852 2097.584871 2114.478962 2209.285567 -9999.0 -9999.0 -9999.0 -9999.0 -9999.0 -9999.0 -9999.0 -9999.0 -9999.0 -9999.0 -9999.0 -9999.0 -9999.0 -9999.0
-9999.0 -9999.0 -9999.0 -9999.0 -9999.0 -9999.0 -9999.0 -9999.0 -9999.0 -9999.0 -9999.0 -9999.0 -9999.0 -9999.0 -9999.0 -9999.0 -9999.0 -9999.0 -9999.0 -9999.0 -9999.0 -9999.0 -9999.0 -9999.0 -9999.0 -9999.0 -9999.0 -9999.0 -9999.0 -9999.0 -9999.0 -9999.0 -9999.0 -9999.0 -9999.0 -9999.0 -9999.0 -9999.0 -9999.0 -9999.0 -9999.0 -9999.0 -9999.0 -9999.0 -9999.0 -9999.0 -9999.0 -9999.0 -9999.0 -9999.0 -9999.0 -9999.0 -9999.0 -9999.0 -9999.0 -9999.0 -9999.0 -9999.0 -9999.0 -9999.0 -9999.0 -9999.0 -9999.0 -9999.0 -9999.0 -9999.0 -9999.0 -9999.0 -9999.0 -9999.0 -9999.0 -9999.0 -9999.0 -9999.0 -9999.0 -9999.0 -9999.0 -9999.0 -9999.0 -9999.0
-9999.0 -9999.0 -9999.0 -9999.0 -9999.0 -9999.0 -9999.0 -9999.0 -9999.0 -9999.0 -9999.0 -9999.0 -9999.0 -9999.0 -9999.0 -9999.0 -9999.0 -9999.0 -9999.0 -9999.0 -9999.0 -9999.0 -9999.0 -9999.0 -9999.0 -9999.0 -9999.0 -9999.0 -9999.0 -9999.0 -9999.0 -9999.0 -9999.0 -9999.0 -9999.0 -9999.0 -9999.0 -9999.0 -9999.0 -9999.0 -9999.0 -9999.0 -9999.0 -9999.0 -9999.0 -9999.0 -9999.0 -9999.0 -9999.0 -9999.0 -9999.0 -9999.0 -9999.0 -9999.0 -9999.0 -9999.0 -9999.0 -9999.0 -9999.0 -9999.0 -9999.0 -9999.0 -9999.0 -9999.0 -9999.0 -9999.0 -9999.0 -9999.0 -9999.0 -9999.0 -9999.0 -9999.0 -9999.0 -9999.0 -9999.0 -9999.0 -9999.0 -9999.0 -9999.0 -9999.0