Borden_/Borden1m_014/output_maps/psiliqL0010N0003.asc
ncols         80
nrows         18
xllcorner     620200.000000
yllcorner     5168000.000000
cellsize      1.000000
NODATA_value  -9999.0
-9999.0 -9999.0 -9999.0 -9999.0 -9999.0 -9999.0 -9999.0 -9999.0 -9999.0 -9999.0 -9999.0 -9999.0 -9999.0 -9999.0 -9999.0 -9999.0 -9999.0 -9999.0 -9999.0 -9999.0 -9999.0 -9999.0 -9999.0 -9999.0 -9999.0 -9999.0 -9999.0 -9999.0 -9999.0 -9999.0 -9999.0 -9999.0 -9999.0 -9999.0 -9999.0 -9999.0 -9999.0 -9999.0 -9999.0 -9999.0 -9999.0 -9999.0 -9999.0 -9999.0 -9999.0 -9999.0 -9999.0 -9999.0 -9999.0 -9999.0 -9999.0 -9999.0 -9999.0 -9999.0 -9999.0 -9999.0 -9999.0 -9999.0 -9999.0 -9999.0 -9999.0 -9999.0 -9999.0 -9999.0 -9999.0 -9999.0 -9999.0 -9999.0 -9999.0 -9999.0 -9999.0 -9999.0 -9999.0 -9999.0 -9999.0 -9999.0 -9999.0 -9999.0 -9999.0 -9999.0
-9999.0 -9999.0 -9999.0 -9999.0 -9999.0 -9999.0 -9999.0 -9999.0 -9999.0 -9999.0 -9999.0 -9999.0 -9999.0 -9999.0 -9999.0 -9999.0 -9999.0 -9999.0 -9999.0 -9999.0 -9999.0 -9999.0 -9999.0 -9999.0 -9999.0 -9999.0 -9999.0 -9999.0 -9999.0 -9999.0 -9999.0 -9999.0 -9999.0 -9999.0 -9999.0 -9999.0 -9999.0 -9999.0 -9999.0 -9999.0 -9999.0 -9999.0 -9999.0 -9999.0 -9999.0 -9999.0 -9999.0 -9999.0 -9999.0 -9999.0 -9999.0 -9999.0 -9999.0 -9999.0 -9999.0 -9999.0 -9999.0 -9999.0 -9999.0 -9999.0 -9999.0 -9999.0 -9999.0 -9999.0 -9999.0 -9999.0 -9999.0 -9999.0 -9999.0 -9999.0 -9999.0 -9999.0 -9999.0 -9999.0 -9999.0 -9999.0 -9999.0 -9999.0 -9999.0 -9999.0
-9999.0 -9999.0 -9999.0 -9999.0 -9999.0 -9999.0 -9999.0 -9999.0 -9999.0 -9999.0 -9999.0 -9999.0 -9999.0 -9999.0 -9999.0 -9999.0 -9999.0 -9999.0 -9999.0 -9999.0 128.193927 130.943670 108.318692 74.354875 46.011694 47.758957 82.187484 122.900270 160.646530 170.840415 152.810842 154.500029 149.399566 148.594438 151.081985 157.063938 160.056095 171.191100 179.304389 178.658979 172.252288 166.574922 165.763909 169.202419 174.574348 165.191715 178.829464 194.159718 200.313589 195.592132 168.895211 153.569898 145.484746 131.006995 155.756984 168.324402 191.464472 195.956181 194.804563 168.015648 138.128934 -9999.0 -9999.0 -9999.0 -9999.0 -9999.0 -9999.0 -9999.0 -9999.0 -9999.0 -9999.0 -9999.0 -9999.0 -9999.0 -9999.0 -9999.0 -9999.0 -9999.0 -9999.0 -9999.0
-9999.0 -9999.0 -9999.0 -9999.0 -9999.0 -9999.0 -9999.0 -9999.0 -9999.0 -9999.0 -9999.0 -9999.0 -9999.0 -9999.0 38.917085 28.757123 25.509397 33.603722 66.838345 96.464853 108.799336 101.064943 100.823037 77.094140 56.590491 70.306941 99.322594 130.346195 164.343938 184.748655 172.618981 170.028230 180.035872 206.289561 219.665894 216.552319 195.731929 218.157560 233.600327 242.129685 240.886302 232.165234 246.031816 262.568597 257.130399 240.058890 243.354476 254.700379 268.313550 254.573851 191.301707 171.413832 168.232159 162.035925 149.013620 142.947142 168.226681 169.217188 161.347418 143.817354 111.830623 68.000225 50.343648 89.126227 133.598751 191.498650 -9999.0 -9999.0 -9999.0 -9999.0 -9999.0 -9999.0 -9999.0 -9999.0 -9999.0 -9999.0 -9999.0 -9999.0 -9999.0 -9999.0
-9999.0 -9999.0 -9999.0 -9999.0 -9999.0 -9999.0 -9999.0 -9999.0 -9999.0 -17.229970 -13.548426 -6.721135 -5.141627 10.107717 7.948647 14.530132 21.654320 47.404989 77.807390 112.245868 140.511659 130.372076 130.328312 141.476001 146.996875 159.335900 180.113033 220.168983 261.317515 303.637874 276.280455 274.389401 293.237048 341.136010 376.444340 384.315382 365.574915 370.387400 394.736944 417.565712 416.291692 414.040033 438.542844 455.287824 467.537857 448.891891 426.313125 422.287233 446.341841 397.249481 333.732809 281.465538 283.063082 252.447102 213.224505 192.090489 189.361329 210.980852 196.246550 159.506908 123.714340 114.263302 97.987970 115.038768 138.043241 185.233689 224.095224 253.152830 253.729233 236.772114 -9999.0 -9999.0 -9999.0 -9999.0 -9999.0 -9999.0 -9999.0 -9999.0 -9999.0 -9999.0
-9999.0 -9999.0 -9999.0 -9999.0 -9999.0 -9999.0 -95.316690 -86.598149 -67.112150 -62.140023 -37.962642 -31.000532 -11.021793 7.698474 27.850727 43.831999 73.503585 105.278035 145.901074 189.001537 220.405424 215.167789 224.909721 257.821047 300.546149 332.246114 356.643036 395.747434 473.532978 524.992176 539.798683 545.902379 555.291233 602.936141 667.513298 684.012293 661.965726 645.245262 664.012141 700.868146 707.875417 708.855340 721.180030 745.327121 812.878701 804.174712 722.174569 692.949271 685.531911 672.297802 613.894811 547.429983 503.568331 452.189178 372.342198 315.371020 316.565042 332.003285 301.620431 248.819327 207.708227 197.570185 183.351667 170.207284 176.702748 196.877323 220.713653 232.882309 221.121274 201.104878 178.685115 150.471956 152.616074 178.224572 -9999.0 -9999.0 -9999.0 -9999.0 -9999.0 -9999.0
-9999.0 -9999.0 -9999.0 -9999.0 -144.598340 -132.503515 -144.744333 -121.350808 -89.865398 -57.095989 -25.646302 10.688751 37.029955 65.986146 106.075498 141.585198 183.355406 218.016640 273.133145 341.517199 392.345533 416.910096 432.154421 494.893410 564.670016 621.451864 643.329523 673.324423 729.330871 836.354002 874.382964 881.774831 895.120285 920.415518 955.983437 982.025850 966.313840 959.765466 963.229127 970.933869 989.936999 989.757048 992.924345 1000.480980 1015.832641 1016.016755 985.910769 954.665425 944.283709 938.708376 917.041355 851.655798 782.028888 729.128515 693.442889 640.001935 567.649843 541.935255 481.144829 425.120572 361.057087 336.432743 304.613088 279.621027 250.840312 253.171607 257.618687 239.133861 209.425074 178.519787 164.414921 146.480216 136.725355 167.122372 185.198518 216.297996 -9999.0 -9999.0 -9999.0 -9999.0
-9999.0 -9999.0 -202.096160 -153.024814 -97.682328 -89.955505 -89.234355 -84.945343 -58.470866 -8.276460 68.004417 118.831695 162.979221 194.223511 252.194839 331.945438 403.455477 453.855531 518.950650 589.925285 651.744032 686.405560 709.390079 771.482409 855.431132 915.353461 937.705830 960.181122 990.522773 1031.495168 1051.453698 1064.881497 1069.523883 1066.894802 1067.333550 1065.864481 1062.464951 1057.617203 1039.143419 1033.731441 1037.680140 1039.881432 1042.901059 1032.851500 1032.116180 1043.751396 1045.109202 1045.937835 1049.204171 1060.167933 1068.414390 1034.883742 987.278314 968.127929 959.934098 922.426388 864.961423 806.992534 752.354763 698.742198 617.196656 557.035638 497.231427 446.695352 395.031500 364.964214 321.307879 282.657919 239.481442 195.945102 173.910086 156.752139 155.478528 156.809934 173.624362 189.756897 205.620861 213.668061 -9999.0 -9999.0
-9999.0 -301.654531 -229.556591 -103.270660 -25.467100 17.601768 53.533813 79.827296 105.024276 122.728086 228.030883 327.628296 423.681778 457.297915 504.953639 597.358768 690.106677 753.511777 828.812466 885.253045 934.072508 970.818916 993.897223 1019.760160 1058.478375 1066.197524 1066.748796 1068.910723 1066.586938 1064.781476 1058.232461 1063.281321 1057.827631 1041.371293 1029.131870 1028.021654 1024.045866 1000.210251 963.130599 942.554638 941.496335 960.197797 949.619825 931.858047 929.354912 948.448784 966.486418 960.201232 954.897908 982.619464 1016.665680 1032.939568 1042.295432 1054.622470 1075.390722 1053.171909 1026.605193 987.326237 964.064134 937.503452 886.763727 815.277075 716.218953 642.050304 565.698383 495.787672 437.775691 381.951335 320.600734 283.710303 254.573608 204.849535 183.966856 187.253983 179.399939 177.671894 184.804808 191.491099 -9999.0 -9999.0
-9999.0 -375.569147 -233.105895 -49.072217 95.560000 153.011015 263.264363 349.724814 380.402997 356.689731 458.977300 684.047496 818.125519 841.309463 898.046381 962.969682 985.540512 1017.365248 1049.065605 1055.975178 1058.229127 1063.838041 1061.010370 1056.737030 1046.708751 1039.729617 1038.649914 1038.135704 1027.574321 1016.124140 1003.049971 995.896542 967.208350 924.386752 896.308702 883.818115 871.992867 842.807695 765.120100 717.194391 698.137260 718.225791 706.233844 685.076207 680.977338 708.393655 750.567997 743.672502 758.218655 821.392217 872.026534 906.409352 924.907950 954.843133 996.912599 1034.684604 1048.962913 1067.745643 1072.751472 1053.909152 1020.023872 973.994290 934.707788 870.072110 761.394900 668.483507 603.738237 537.984155 472.022200 427.569480 379.831474 322.275675 268.039912 245.812833 208.707197 189.543558 -9999.0 -9999.0 -9999.0 -9999.0
-9999.0 -444.709727 -255.089635 6.411086 264.839136 379.440217 581.005186 751.581526 825.084679 885.336256 889.265761 993.851401 1029.976715 1027.044206 1016.916383 1015.091089 1024.908978 1028.826254 1029.861009 1026.347640 1023.151041 1022.458431 1022.228232 1016.263275 1003.390058 980.112491 962.136442 950.412700 921.084509 896.850624 867.844814 843.062636 761.236921 647.449619 599.543234 566.418628 513.954917 503.824637 484.173442 450.433795 430.601522 414.674240 432.190367 432.071506 432.615951 439.268518 459.150001 477.546657 519.257345 562.056271 610.341225 662.144112 699.080510 761.184596 851.279972 909.727510 938.557604 970.375485 1018.414977 1054.281310 1078.286479 1070.262908 1044.302671 1008.873640 944.796402 889.496627 843.693149 738.358188 663.849589 605.074499 543.939723 476.627553 410.087540 332.487970 294.287934 -9999.0 -9999.0 -9999.0 -9999.0 -9999.0
-9999.0 -605.542018 -338.875406 -47.054721 273.047075 581.682930 700.917067 863.034874 935.308864 898.088016 895.018085 911.865667 948.569884 956.267875 938.013011 929.926330 919.915541 920.128979 934.267105 915.739761 895.472159 887.483410 888.460513 876.895494 846.837628 793.775659 757.335073 728.010885 676.303922 626.984098 548.147586 520.402816 440.687323 375.653471 330.658898 284.003385 234.383941 232.332982 246.430564 229.551178 207.317116 188.843062 213.923787 229.291171 240.022880 229.698348 238.023499 271.438636 318.230013 359.777646 407.047242 457.449913 500.106666 551.481264 595.817282 652.085301 705.438333 774.988025 881.152917 961.220452 1003.562896 1034.908292 1066.684654 1086.526259 1047.157344 1012.293491 978.361050 928.489592 862.678674 817.812680 743.843878 634.480345 558.640648 -9999.0 -9999.0 -9999.0 -9999.0 -9999.0 -9999.0 -9999.0
-9999.0 -737.451919 -509.530822 -267.936053 23.626836 250.554160 418.306183 525.613460 600.023836 617.544330 642.785931 673.439274 707.503165 733.208595 704.236838 661.641089 631.705995 635.113274 633.767624 610.213741 582.066910 567.945062 566.729867 558.612700 529.771494 505.631894 489.096627 465.279477 431.423145 379.877861 302.067079 235.324605 174.484761 140.384355 111.110061 79.086847 41.959067 52.674967 66.664043 62.218260 50.289440 46.114931 75.281761 93.431662 103.131197 89.973403 107.885871 133.746946 174.112371 214.333646 259.824977 310.627239 360.032027 388.064579 403.435864 430.618428 470.748398 529.464291 627.552759 741.018344 859.230450 913.028273 964.811789 1007.210629 1026.731850 1052.346899 1045.136433 985.396831 893.167868 911.663245 899.565446 -9999.0 -9999.0 -9999.0 -9999.0 -9999.0 -9999.0 -9999.0 -9999.0 -9999.0
-9999.0 -9999.0 -745.328590 -558.791263 -405.804303 -225.183104 -80.366388 21.577309 95.057566 188.264554 279.074258 352.547784 392.040793 408.097804 390.608561 352.644447 328.282443 328.684496 320.061167 307.934561 286.143659 278.173365 269.014716 261.257843 248.304489 240.030432 233.927947 223.073479 201.739036 156.494818 106.146741 55.499094 2.295266 -22.125009 -43.422131 -65.273356 -67.906250 -69.749832 -62.956792 -61.618308 -55.978692 -44.151678 -23.654300 -2.444619 6.725812 13.719610 25.718038 48.588997 80.662201 120.535721 171.493960 225.407428 261.524677 271.747367 261.058764 265.357258 285.316244 327.518582 410.569131 496.991602 597.880888 674.899639 771.493737 867.102780 899.380212 931.015907 974.867221 929.298732 619.158570 856.608647 -9999.0 -9999.0 -9999.0 -9999.0 -9999.0 -9999.0 -9999.0 -9999.0 -9999.0 -9999.0
-9999.0 -9999.0 -9999.0 -9999.0 -701.968692 -546.603881 -454.133347 -374.238134 -254.791831 -146.534657 -55.427611 19.644401 72.091336 95.030174 84.716387 81.157959 73.780322 69.910254 61.537814 57.357742 53.138861 45.899125 34.469408 27.133053 26.732578 30.416503 28.458939 15.834774 0.430983 -24.975210 -47.441674 -81.650573 -117.688325 -146.115402 -158.566797 -164.802425 -164.260389 -169.696934 -160.127330 -153.548063 -138.638334 -123.297901 -99.466130 -71.266626 -58.750348 -44.780076 -35.459884 -15.237554 13.992818 65.641380 126.600141 181.163015 213.422787 215.244470 187.618097 169.921487 164.546095 190.210202 234.126589 299.856342 398.161838 468.827381 534.539556 596.521725 644.648874 723.835410 868.632738 925.749746 -9999.0 -9999.0 -9999.0 -9999.0 -9999.0 -9999.0 -9999.0 -9999.0 -9999.0 -9999.0 -9999.0 -9999.0
-9999.0 -9999.0 -9999.0 -9999.0 -9999.0 -9999.0 -755.929249 -660.911504 -576.228593 -454.272273 -341.145824 -249.781859 -176.061651 -151.064996 -132.787753 -110.098849 -114.203460 -131.123717 -147.740227 -130.739201 -120.304207 -125.021899 -152.441644 -153.486030 -149.590679 -140.225531 -141.212281 -146.803687 -170.891479 -161.616448 -162.050640 -184.388560 -209.777522 -223.521191 -234.633419 -224.321516 -223.261336 -235.667648 -233.337940 -207.101685 -187.322942 -173.959895 -151.675606 -118.769487 -87.044109 -72.953900 -72.297939 -66.585713 -26.034229 43.088276 112.092547 164.227542 193.562858 199.252082 169.174981 126.405883 102.812471 106.805151 138.115883 187.668633 259.823233 305.365771 334.089300 355.880447 383.937016 479.809442 -9999.0 -9999.0 -9999.0 -9999.0 -9999.0 -9999.0 -9999.0 -9999.0 -9999.0 -9999.0 -9999.0 -9999.0 -9999.0 -9999.0
-9999.0 -9999.0 -9999.0 -9999.0 -9999.0 -9999.0 -9999.0 -9999.0 -9999.0 -9999.0 -9999.0 -9999.0 -9999.0 -9999.0 -9999.0 -9999.0 -9999.0 -9999.0 -9999.0 -9999.0 -9999.0 -9999.0 -9999.0 -9999.0 -9999.0 -9999.0 -9999.0 -9999.0 -9999.0 -9999.0 -9999.0 -9999.0 -9999.0 -9999.0 -9999.0 -9999.0 -9999.0 -9999.0 -9999.0 -9999.0 -9999.0 -9999.0 -9999.0 -9999.0 -9999.0 -9999.0 -9999.0 -9999.0 -9999.0 -9999.0 -9999.0 -9999.0 -9999.0 -9999.0 -9999.0 -9999.0 -9999.0 -9999.0 -9999.0 -9999.0 -9999.0 -9999.0 -9999.0 -9999.0 -9999.0 -9999.0 -9999.0 -9999.0 -9999.0 -9999.0 -9999.0 -9999.0 -9999.0 -9999.0 -9999.0 -9999.0 -9999.0 -9999.0 -9999.0 -9999.0
-9999.0 -9999.0 -9999.0 -9999.0 -9999.0 -9999.0 -9999.0 -9999.0 -9999.0 -9999.0 -9999.0 -9999.0 -9999.0 -9999.0 -9999.0 -9999.0 -9999.0 -9999.0 -9999.0 -9999.0 -9999.0 -9999.0 -9999.0 -9999.0 -9999.0 -9999.0 -9999.0 -9999.0 -9999.0 -9999.0 -9999.0 -9999.0 -9999.0 -9999.0 -9999.0 -9999.0 -9999.0 -9999.0 -9999.0 -9999.0 -9999.0 -9999.0 -9999.0 -9999.0 -9999.0 -9999.0 -9999.0 -9999.0 -9999.0 -9999.0 -9999.0 -9999.0 -9999.0 -9999.0 -9999.0 -9999.0 -9999.0 -9999.0 -9999.0 -9999.0 -9999.0 -9999.0 -9999.0 -9999.0 -9999.0 -9999.0 -9999.0 -9999.0 -9999.0 -9999.0 -9999.0 -9999.0 -9999.0 -9999.0 -9999.0 -9999.0 -9999.0 -9999.0 -9999.0 -9999.0