Borden_/Borden1m_014/output_maps/psiliqL0004N0019.asc
ncols         80
nrows         18
xllcorner     620200.000000
yllcorner     5168000.000000
cellsize      1.000000
NODATA_value  -9999.0
-9999.0 -9999.0 -9999.0 -9999.0 -9999.0 -9999.0 -9999.0 -9999.0 -9999.0 -9999.0 -9999.0 -9999.0 -9999.0 -9999.0 -9999.0 -9999.0 -9999.0 -9999.0 -9999.0 -9999.0 -9999.0 -9999.0 -9999.0 -9999.0 -9999.0 -9999.0 -9999.0 -9999.0 -9999.0 -9999.0 -9999.0 -9999.0 -9999.0 -9999.0 -9999.0 -9999.0 -9999.0 -9999.0 -9999.0 -9999.0 -9999.0 -9999.0 -9999.0 -9999.0 -9999.0 -9999.0 -9999.0 -9999.0 -9999.0 -9999.0 -9999.0 -9999.0 -9999.0 -9999.0 -9999.0 -9999.0 -9999.0 -9999.0 -9999.0 -9999.0 -9999.0 -9999.0 -9999.0 -9999.0 -9999.0 -9999.0 -9999.0 -9999.0 -9999.0 -9999.0 -9999.0 -9999.0 -9999.0 -9999.0 -9999.0 -9999.0 -9999.0 -9999.0 -9999.0 -9999.0
-9999.0 -9999.0 -9999.0 -9999.0 -9999.0 -9999.0 -9999.0 -9999.0 -9999.0 -9999.0 -9999.0 -9999.0 -9999.0 -9999.0 -9999.0 -9999.0 -9999.0 -9999.0 -9999.0 -9999.0 -9999.0 -9999.0 -9999.0 -9999.0 -9999.0 -9999.0 -9999.0 -9999.0 -9999.0 -9999.0 -9999.0 -9999.0 -9999.0 -9999.0 -9999.0 -9999.0 -9999.0 -9999.0 -9999.0 -9999.0 -9999.0 -9999.0 -9999.0 -9999.0 -9999.0 -9999.0 -9999.0 -9999.0 -9999.0 -9999.0 -9999.0 -9999.0 -9999.0 -9999.0 -9999.0 -9999.0 -9999.0 -9999.0 -9999.0 -9999.0 -9999.0 -9999.0 -9999.0 -9999.0 -9999.0 -9999.0 -9999.0 -9999.0 -9999.0 -9999.0 -9999.0 -9999.0 -9999.0 -9999.0 -9999.0 -9999.0 -9999.0 -9999.0 -9999.0 -9999.0
-9999.0 -9999.0 -9999.0 -9999.0 -9999.0 -9999.0 -9999.0 -9999.0 -9999.0 -9999.0 -9999.0 -9999.0 -9999.0 -9999.0 -9999.0 -9999.0 -9999.0 -9999.0 -9999.0 -9999.0 -626.248209 -623.162798 -631.051016 -640.513806 -648.435665 -649.191041 -640.201268 -629.611692 -617.873331 -615.340488 -623.991512 -622.124823 -625.392869 -627.105282 -627.066061 -624.576840 -623.353059 -619.577242 -617.077446 -617.971423 -620.704467 -622.745576 -624.243514 -623.504690 -620.606159 -624.763489 -618.651259 -612.469444 -610.181401 -610.652645 -619.437121 -623.340136 -624.918898 -631.654934 -619.512984 -615.514441 -606.184371 -605.018397 -603.791710 -614.252422 -624.835213 -9999.0 -9999.0 -9999.0 -9999.0 -9999.0 -9999.0 -9999.0 -9999.0 -9999.0 -9999.0 -9999.0 -9999.0 -9999.0 -9999.0 -9999.0 -9999.0 -9999.0 -9999.0 -9999.0
-9999.0 -9999.0 -9999.0 -9999.0 -9999.0 -9999.0 -9999.0 -9999.0 -9999.0 -9999.0 -9999.0 -9999.0 -9999.0 -9999.0 -643.278597 -647.393410 -649.272609 -650.063892 -641.950720 -635.307896 -634.376783 -638.570253 -635.595198 -644.262537 -651.979136 -647.316477 -640.101230 -633.601314 -623.790751 -616.694362 -622.844547 -624.369113 -620.822196 -608.965433 -603.474678 -605.708592 -618.712185 -606.199598 -599.385940 -595.128779 -595.712059 -601.471484 -593.277764 -583.854183 -588.484104 -598.547553 -596.357952 -590.392545 -581.312532 -586.820047 -619.624601 -624.235222 -622.991424 -622.875098 -627.640809 -630.803364 -618.442769 -619.705718 -621.992499 -625.204465 -633.551232 -646.367686 -651.959249 -639.010375 -626.792868 -603.965896 -9999.0 -9999.0 -9999.0 -9999.0 -9999.0 -9999.0 -9999.0 -9999.0 -9999.0 -9999.0 -9999.0 -9999.0 -9999.0 -9999.0
-9999.0 -9999.0 -9999.0 -9999.0 -9999.0 -9999.0 -9999.0 -9999.0 -9999.0 -651.481335 -652.389315 -651.134569 -653.593162 -649.778032 -655.438598 -653.909841 -654.693840 -648.977464 -643.827424 -635.633468 -625.711396 -632.338667 -633.174054 -628.269922 -627.466032 -624.979283 -619.777102 -603.563056 -585.527716 -560.592623 -581.254262 -582.462271 -571.086081 -531.923023 -498.349792 -489.863960 -505.363898 -505.176843 -484.862698 -462.387766 -463.862405 -465.969537 -443.389427 -430.447950 -421.639281 -441.064302 -459.499043 -462.601298 -435.631631 -483.252643 -532.541065 -575.928557 -572.590811 -589.175514 -608.428192 -616.237173 -618.536241 -605.022227 -610.623142 -624.327713 -635.871473 -633.684003 -639.784193 -633.607073 -628.475828 -610.636782 -594.808954 -580.376870 -579.722177 -588.658516 -9999.0 -9999.0 -9999.0 -9999.0 -9999.0 -9999.0 -9999.0 -9999.0 -9999.0 -9999.0
-9999.0 -9999.0 -9999.0 -9999.0 -9999.0 -9999.0 -660.243903 -660.507096 -657.869579 -664.825660 -659.223139 -662.493927 -658.321232 -656.170824 -653.078941 -652.382939 -645.269187 -638.542365 -627.610343 -613.541853 -601.043312 -606.601651 -603.271988 -586.709842 -557.545765 -530.641430 -514.056744 -486.622891 -411.259873 -340.261123 -304.370875 -282.971283 -236.970899 -215.069504 -178.878321 -123.533123 -182.811805 -196.453430 -186.980467 -160.851296 -95.999019 -94.032037 -88.476772 -81.276048 -55.616564 -62.187188 -156.972022 -176.043113 -179.674468 -183.381328 -209.306306 -242.312238 -360.632188 -430.886854 -500.124550 -543.832234 -552.110474 -543.183886 -562.337836 -590.666887 -608.924675 -609.818264 -613.782756 -620.158549 -616.944840 -609.478754 -598.675572 -592.211987 -597.291443 -604.673810 -610.891030 -622.258277 -620.625222 -609.759538 -9999.0 -9999.0 -9999.0 -9999.0 -9999.0 -9999.0
-9999.0 -9999.0 -9999.0 -9999.0 -672.168875 -668.640504 -678.925338 -672.794671 -667.837047 -663.842678 -663.056478 -656.346065 -653.864393 -648.690315 -638.459859 -630.062425 -616.019366 -605.005260 -578.505759 -530.322552 -487.296823 -463.832536 -452.326416 -366.211477 -236.847400 -206.581422 -198.627727 -185.925603 -154.701278 -46.336327 -19.538129 -33.854316 5.998890 10.662945 70.821272 102.696267 85.177552 53.587298 80.243906 87.694805 112.220546 112.968252 113.974699 114.121795 116.165604 117.607204 96.696600 41.011994 54.980496 22.484875 29.553386 -29.733257 -124.580641 -158.544269 -172.927338 -196.501007 -232.670090 -274.068061 -399.300952 -458.815758 -516.301936 -538.776450 -560.423255 -573.102833 -589.811981 -586.891619 -582.508791 -591.464345 -603.819878 -615.784959 -618.138327 -623.642040 -629.004585 -615.080496 -609.520442 -594.738650 -9999.0 -9999.0 -9999.0 -9999.0
-9999.0 -9999.0 -673.663580 -672.758120 -662.738093 -668.114513 -671.590642 -676.310982 -673.696976 -663.636737 -645.119253 -635.980979 -623.172560 -615.457817 -588.678921 -530.723371 -471.665682 -428.709478 -322.812597 -228.011997 -194.920501 -171.115101 -105.526268 -81.581619 -20.603229 24.702315 48.196018 67.332961 91.288739 118.915629 144.469042 156.896053 165.845351 157.889597 159.827810 156.077659 155.738161 149.382303 134.057207 131.205575 138.783191 140.482531 144.422380 131.910112 128.291491 140.562141 142.843358 141.822370 145.776837 152.019988 164.121901 134.547367 81.207468 45.174422 65.305405 29.763847 -27.196634 -110.954849 -143.771195 -172.034907 -213.417237 -241.981743 -367.277946 -444.187258 -496.095799 -521.607950 -551.383446 -572.165163 -592.528039 -611.814467 -618.478053 -622.731755 -620.629335 -622.075518 -614.590705 -608.623008 -600.578686 -597.333624 -9999.0 -9999.0
-9999.0 -677.801231 -680.160779 -662.164009 -657.584333 -653.106467 -647.998346 -643.515621 -638.173328 -642.176342 -596.132537 -522.298096 -457.077884 -434.922100 -349.036091 -219.497275 -107.273026 -88.178770 -45.104727 -25.839520 45.360515 83.183381 108.407969 140.173781 165.355662 159.170412 158.102280 156.999824 147.694040 141.320499 130.867783 139.579609 137.252307 122.944982 110.596027 109.511582 106.137506 79.711227 56.255378 43.742900 49.229779 69.283331 59.895578 39.961406 36.394414 55.432808 70.418751 37.507864 51.144179 47.268815 98.178725 115.307557 131.531286 143.995641 165.301818 143.071547 111.056305 73.504775 58.205767 35.099905 -50.596775 -109.589669 -160.607375 -202.203355 -238.038135 -374.257562 -459.164290 -508.110769 -550.709464 -569.610744 -582.304109 -607.612401 -614.992150 -610.173986 -613.637021 -614.101440 -610.807609 -608.136324 -9999.0 -9999.0
-9999.0 -694.726293 -678.206872 -657.822854 -631.737024 -625.034160 -556.324334 -498.916233 -483.525340 -507.282612 -398.164515 -107.254121 -40.576125 -38.717410 16.680779 85.710367 125.977887 147.219434 163.213688 153.212882 149.719991 150.721135 147.269635 138.756041 124.929241 117.590784 117.095733 115.481905 98.513857 82.098409 65.947383 64.543095 51.516140 19.956646 -7.969703 -19.992894 -33.942541 -108.148000 -148.221522 -169.474384 -177.591336 -162.487153 -170.116486 -182.256007 -184.857979 -169.756911 -144.592446 -148.476586 -136.517708 -107.520543 -65.485328 1.363610 20.559634 26.489285 78.453943 116.008905 134.310181 153.232647 160.054784 135.599037 97.916619 51.749820 25.164290 -62.643874 -126.016078 -188.485156 -220.846591 -253.057405 -401.120123 -456.350714 -501.015541 -542.653677 -576.729377 -585.872021 -604.411940 -608.771463 -9999.0 -9999.0 -9999.0 -9999.0
-9999.0 -696.913798 -680.479474 -643.229960 -558.065498 -464.298890 -234.117856 -136.945233 2.452888 -38.058848 65.007547 143.185489 153.710788 137.770855 113.260213 110.414665 120.193787 122.673881 118.229793 109.695252 103.434174 95.638960 94.787667 86.865934 74.734408 60.605860 49.494573 39.011650 -34.164675 -66.732945 -95.713612 -117.194797 -148.517677 -202.564712 -220.155775 -237.427857 -356.176199 -375.992787 -396.318875 -433.256631 -450.276166 -461.904200 -446.334860 -450.065246 -451.409596 -442.352300 -419.052893 -399.539415 -319.751676 -238.379303 -215.836304 -189.078960 -166.096924 -122.834172 -75.449720 7.553691 34.279902 50.560098 103.438023 136.799546 157.508740 149.508709 121.654219 87.122859 29.099495 -62.019476 -101.314489 -149.242772 -196.750436 -223.032281 -246.724299 -372.534957 -465.243878 -534.752282 -557.744680 -9999.0 -9999.0 -9999.0 -9999.0 -9999.0
-9999.0 -722.144474 -682.158249 -650.979768 -516.541938 -229.576534 -149.120760 78.664316 135.705719 65.250821 -31.370178 31.535551 63.540927 65.784766 43.325003 35.960321 28.965295 28.561487 40.857609 16.701812 -23.892051 -55.925330 -61.795601 -79.073860 -109.767144 -132.057999 -145.533632 -160.455878 -192.536247 -215.910179 -268.076153 -338.636950 -441.792938 -500.446049 -534.796900 -566.151482 -596.288011 -595.676088 -585.653653 -594.410883 -604.468779 -614.648180 -602.014608 -595.795428 -590.329179 -596.779687 -594.386419 -577.379982 -550.574525 -523.981476 -484.912903 -434.162392 -370.063663 -241.806211 -221.582336 -194.700611 -166.183362 -118.048613 -28.847682 53.994211 81.827374 111.573786 147.322198 165.988137 126.717024 89.080889 42.047796 12.458966 -91.114501 -141.029821 -163.597200 -193.898105 -224.894077 -9999.0 -9999.0 -9999.0 -9999.0 -9999.0 -9999.0 -9999.0
-9999.0 -735.429667 -693.016438 -685.640827 -632.109488 -529.458152 -396.424650 -223.329575 -109.757650 -195.425769 -201.845732 -188.467557 -171.934476 -157.733258 -173.118016 -191.727761 -204.040665 -200.886785 -199.035992 -210.455893 -223.022738 -229.791033 -231.780771 -250.292145 -322.914909 -360.943377 -380.576644 -412.484574 -451.681457 -497.310050 -558.938200 -592.962201 -618.337871 -628.143282 -635.502930 -643.145952 -656.278020 -649.383767 -643.850037 -645.216471 -649.331452 -652.211995 -642.263568 -638.298453 -635.119688 -643.399178 -637.045924 -630.619129 -617.182408 -603.213429 -584.119316 -557.726670 -526.503606 -505.919735 -490.648151 -461.225704 -414.847550 -285.208477 -211.085168 -143.861461 -72.046366 3.758250 51.021755 84.050229 103.541412 116.535236 121.655923 98.135425 50.118924 -61.715045 -103.852706 -9999.0 -9999.0 -9999.0 -9999.0 -9999.0 -9999.0 -9999.0 -9999.0 -9999.0
-9999.0 -9999.0 -745.416511 -727.262372 -711.943251 -694.276184 -669.304509 -639.430948 -613.974203 -581.603672 -538.930692 -494.960080 -467.723583 -455.424879 -471.891416 -505.547380 -525.829098 -524.625346 -530.258671 -541.571204 -561.157416 -568.013710 -572.799686 -576.624805 -584.902058 -588.536733 -590.229020 -593.914526 -602.009337 -619.734558 -635.689904 -647.306889 -659.573046 -660.013125 -662.275005 -666.398497 -663.364451 -664.196822 -663.047152 -663.490190 -662.417639 -660.367805 -657.743142 -654.247742 -653.761324 -652.681761 -651.235936 -647.293366 -641.207985 -632.928556 -618.062057 -597.493207 -582.020427 -578.151001 -585.431635 -583.219675 -572.815547 -548.621531 -479.052477 -362.504822 -228.499437 -184.769174 -121.203286 -66.508127 -17.453604 1.441796 54.485010 89.807768 57.478492 26.574327 -9999.0 -9999.0 -9999.0 -9999.0 -9999.0 -9999.0 -9999.0 -9999.0 -9999.0 -9999.0
-9999.0 -9999.0 -9999.0 -9999.0 -753.950055 -727.813304 -704.861887 -706.365301 -688.855449 -677.064900 -665.636043 -652.345959 -641.317911 -634.731154 -641.681230 -643.294146 -645.035327 -644.342383 -646.216029 -648.092263 -649.044870 -650.447585 -652.100430 -653.945342 -653.266860 -651.547727 -651.198745 -654.336070 -655.005231 -660.805510 -662.021476 -665.882629 -669.577336 -673.562822 -673.024186 -673.412056 -671.842502 -673.617498 -670.941762 -672.263719 -670.055357 -668.895319 -666.085339 -661.657095 -662.669954 -660.137919 -659.765218 -656.373745 -654.191416 -644.552445 -629.372752 -612.226399 -600.706917 -600.930487 -614.454093 -620.701149 -623.904191 -614.726493 -598.508665 -566.144502 -494.398527 -423.883387 -282.388591 -223.134769 -202.646003 -172.184571 -107.125079 -12.024643 -9999.0 -9999.0 -9999.0 -9999.0 -9999.0 -9999.0 -9999.0 -9999.0 -9999.0 -9999.0 -9999.0 -9999.0
-9999.0 -9999.0 -9999.0 -9999.0 -9999.0 -9999.0 -742.426841 -729.193912 -732.886124 -721.974543 -711.987881 -704.079966 -693.081108 -693.518372 -690.118339 -682.174786 -683.216067 -687.111766 -691.944425 -685.035608 -681.855189 -681.341014 -689.059432 -687.034358 -686.135567 -683.232123 -683.526353 -682.436372 -688.894884 -681.391892 -677.866149 -679.525674 -681.143531 -679.931128 -681.573087 -676.962087 -676.415116 -680.154367 -681.229130 -675.712471 -673.946196 -674.463881 -673.115875 -669.034062 -663.362880 -662.256376 -664.451657 -667.413688 -661.223849 -647.220968 -631.107020 -616.718074 -607.395216 -604.678778 -616.563490 -632.589807 -640.748863 -641.460015 -633.942787 -619.665839 -588.775952 -567.414036 -551.032443 -532.257810 -509.256079 -414.224976 -9999.0 -9999.0 -9999.0 -9999.0 -9999.0 -9999.0 -9999.0 -9999.0 -9999.0 -9999.0 -9999.0 -9999.0 -9999.0 -9999.0
-9999.0 -9999.0 -9999.0 -9999.0 -9999.0 -9999.0 -9999.0 -9999.0 -9999.0 -9999.0 -9999.0 -9999.0 -9999.0 -9999.0 -9999.0 -9999.0 -9999.0 -9999.0 -9999.0 -9999.0 -9999.0 -9999.0 -9999.0 -9999.0 -9999.0 -9999.0 -9999.0 -9999.0 -9999.0 -9999.0 -9999.0 -9999.0 -9999.0 -9999.0 -9999.0 -9999.0 -9999.0 -9999.0 -9999.0 -9999.0 -9999.0 -9999.0 -9999.0 -9999.0 -9999.0 -9999.0 -9999.0 -9999.0 -9999.0 -9999.0 -9999.0 -9999.0 -9999.0 -9999.0 -9999.0 -9999.0 -9999.0 -9999.0 -9999.0 -9999.0 -9999.0 -9999.0 -9999.0 -9999.0 -9999.0 -9999.0 -9999.0 -9999.0 -9999.0 -9999.0 -9999.0 -9999.0 -9999.0 -9999.0 -9999.0 -9999.0 -9999.0 -9999.0 -9999.0 -9999.0
-9999.0 -9999.0 -9999.0 -9999.0 -9999.0 -9999.0 -9999.0 -9999.0 -9999.0 -9999.0 -9999.0 -9999.0 -9999.0 -9999.0 -9999.0 -9999.0 -9999.0 -9999.0 -9999.0 -9999.0 -9999.0 -9999.0 -9999.0 -9999.0 -9999.0 -9999.0 -9999.0 -9999.0 -9999.0 -9999.0 -9999.0 -9999.0 -9999.0 -9999.0 -9999.0 -9999.0 -9999.0 -9999.0 -9999.0 -9999.0 -9999.0 -9999.0 -9999.0 -9999.0 -9999.0 -9999.0 -9999.0 -9999.0 -9999.0 -9999.0 -9999.0 -9999.0 -9999.0 -9999.0 -9999.0 -9999.0 -9999.0 -9999.0 -9999.0 -9999.0 -9999.0 -9999.0 -9999.0 -9999.0 -9999.0 -9999.0 -9999.0 -9999.0 -9999.0 -9999.0 -9999.0 -9999.0 -9999.0 -9999.0 -9999.0 -9999.0 -9999.0 -9999.0 -9999.0 -9999.0