Borden_/Borden1m_014/output_maps/psiliqL0027N0020.asc
ncols         80
nrows         18
xllcorner     620200.000000
yllcorner     5168000.000000
cellsize      1.000000
NODATA_value  -9999.0
-9999.0 -9999.0 -9999.0 -9999.0 -9999.0 -9999.0 -9999.0 -9999.0 -9999.0 -9999.0 -9999.0 -9999.0 -9999.0 -9999.0 -9999.0 -9999.0 -9999.0 -9999.0 -9999.0 -9999.0 -9999.0 -9999.0 -9999.0 -9999.0 -9999.0 -9999.0 -9999.0 -9999.0 -9999.0 -9999.0 -9999.0 -9999.0 -9999.0 -9999.0 -9999.0 -9999.0 -9999.0 -9999.0 -9999.0 -9999.0 -9999.0 -9999.0 -9999.0 -9999.0 -9999.0 -9999.0 -9999.0 -9999.0 -9999.0 -9999.0 -9999.0 -9999.0 -9999.0 -9999.0 -9999.0 -9999.0 -9999.0 -9999.0 -9999.0 -9999.0 -9999.0 -9999.0 -9999.0 -9999.0 -9999.0 -9999.0 -9999.0 -9999.0 -9999.0 -9999.0 -9999.0 -9999.0 -9999.0 -9999.0 -9999.0 -9999.0 -9999.0 -9999.0 -9999.0 -9999.0
-9999.0 -9999.0 -9999.0 -9999.0 -9999.0 -9999.0 -9999.0 -9999.0 -9999.0 -9999.0 -9999.0 -9999.0 -9999.0 -9999.0 -9999.0 -9999.0 -9999.0 -9999.0 -9999.0 -9999.0 -9999.0 -9999.0 -9999.0 -9999.0 -9999.0 -9999.0 -9999.0 -9999.0 -9999.0 -9999.0 -9999.0 -9999.0 -9999.0 -9999.0 -9999.0 -9999.0 -9999.0 -9999.0 -9999.0 -9999.0 -9999.0 -9999.0 -9999.0 -9999.0 -9999.0 -9999.0 -9999.0 -9999.0 -9999.0 -9999.0 -9999.0 -9999.0 -9999.0 -9999.0 -9999.0 -9999.0 -9999.0 -9999.0 -9999.0 -9999.0 -9999.0 -9999.0 -9999.0 -9999.0 -9999.0 -9999.0 -9999.0 -9999.0 -9999.0 -9999.0 -9999.0 -9999.0 -9999.0 -9999.0 -9999.0 -9999.0 -9999.0 -9999.0 -9999.0 -9999.0
-9999.0 -9999.0 -9999.0 -9999.0 -9999.0 -9999.0 -9999.0 -9999.0 -9999.0 -9999.0 -9999.0 -9999.0 -9999.0 -9999.0 -9999.0 -9999.0 -9999.0 -9999.0 -9999.0 -9999.0 3525.149385 3525.922178 3504.182236 3469.885263 3441.421673 3442.981123 3475.485955 3515.759759 3554.281677 3561.151116 3541.690020 3545.338189 3540.658163 3535.624417 3535.402426 3543.017363 3549.684692 3559.106835 3565.792194 3563.202790 3555.645483 3550.571335 3553.300390 3554.740541 3561.082195 3546.316906 3562.521627 3578.942504 3583.678035 3581.260423 3557.954611 3546.515026 3538.847473 3523.523025 3550.523410 3562.430498 3586.218066 3591.141516 3589.394598 3562.963649 3533.095907 -9999.0 -9999.0 -9999.0 -9999.0 -9999.0 -9999.0 -9999.0 -9999.0 -9999.0 -9999.0 -9999.0 -9999.0 -9999.0 -9999.0 -9999.0 -9999.0 -9999.0 -9999.0 -9999.0
-9999.0 -9999.0 -9999.0 -9999.0 -9999.0 -9999.0 -9999.0 -9999.0 -9999.0 -9999.0 -9999.0 -9999.0 -9999.0 -9999.0 3435.332850 3426.503381 3423.372485 3430.265120 3462.321946 3492.306123 3503.785065 3496.079640 3495.589242 3470.433600 3447.016153 3459.079607 3487.984644 3517.863715 3550.659420 3567.299393 3555.971595 3552.991007 3559.311844 3577.931555 3585.168569 3581.247827 3563.668153 3587.879656 3600.674386 3604.514424 3602.262944 3592.193997 3600.422465 3614.183884 3607.075390 3592.053640 3603.647774 3619.035728 3629.752402 3622.322131 3565.086171 3554.095621 3551.435999 3548.109245 3535.618480 3532.447981 3561.535561 3561.563013 3554.913808 3538.232107 3505.283225 3460.285699 3441.790673 3483.070951 3527.172789 3583.803598 -9999.0 -9999.0 -9999.0 -9999.0 -9999.0 -9999.0 -9999.0 -9999.0 -9999.0 -9999.0 -9999.0 -9999.0 -9999.0 -9999.0
-9999.0 -9999.0 -9999.0 -9999.0 -9999.0 -9999.0 -9999.0 -9999.0 -9999.0 3378.236274 3384.112592 3390.754783 3392.913186 3407.646488 3404.013587 3410.521114 3413.790940 3440.571313 3469.388351 3502.218535 3528.534127 3518.827466 3516.900877 3519.671952 3512.646554 3519.495615 3539.232100 3575.128652 3605.111837 3639.459406 3605.156653 3599.694440 3616.738977 3657.113004 3678.794758 3679.931088 3661.080890 3678.624090 3701.849820 3716.721828 3712.850753 3706.414512 3732.517645 3747.920802 3740.883567 3719.072671 3719.065088 3727.447078 3757.216620 3706.677944 3640.913409 3604.207059 3621.640731 3601.749517 3577.470020 3567.828711 3569.404738 3590.434151 3579.543420 3546.469263 3514.028529 3502.769946 3486.599520 3508.634715 3532.599741 3579.576954 3620.007214 3650.278653 3650.021597 3633.023743 -9999.0 -9999.0 -9999.0 -9999.0 -9999.0 -9999.0 -9999.0 -9999.0 -9999.0 -9999.0
-9999.0 -9999.0 -9999.0 -9999.0 -9999.0 -9999.0 3299.906475 3310.280379 3330.745857 3332.825810 3358.989594 3363.589533 3381.710850 3398.145692 3419.356243 3431.168074 3454.968608 3483.895809 3518.701929 3555.048129 3581.512837 3568.698430 3573.216440 3590.940734 3615.805234 3633.144296 3655.181193 3692.534093 3764.428870 3800.273459 3791.150797 3791.445821 3799.477954 3849.971768 3913.913511 3924.288442 3903.558536 3890.702607 3914.852248 3952.670091 3950.080438 3948.803590 3962.451763 3973.524717 4000.414270 3989.106261 3953.254228 3948.788531 3956.491302 3932.794244 3862.731590 3806.198880 3789.066107 3742.344619 3658.875596 3617.613728 3643.674597 3672.977052 3652.481731 3603.848010 3572.780274 3568.434065 3558.378222 3552.777279 3566.484734 3590.389084 3614.966919 3629.499626 3618.108763 3597.633213 3576.355355 3548.518410 3551.463960 3576.560385 -9999.0 -9999.0 -9999.0 -9999.0 -9999.0 -9999.0
-9999.0 -9999.0 -9999.0 -9999.0 3250.829706 3263.351780 3247.826040 3273.583760 3304.848195 3337.708876 3364.086165 3394.516452 3416.512360 3442.099345 3473.689822 3493.601054 3523.912647 3552.289947 3598.204903 3658.145139 3701.314480 3713.327644 3721.086548 3771.449052 3827.289560 3873.760663 3892.360806 3918.382198 3965.059738 4021.707449 4043.702731 4046.150403 4063.093340 4107.440349 4164.938747 4200.407634 4182.555664 4173.313217 4183.966825 4198.756048 4220.911117 4220.958723 4222.093880 4226.508491 4234.542091 4232.526568 4205.374196 4171.691951 4158.644633 4148.275755 4108.919087 4036.083317 4006.566323 3977.122010 3932.807506 3877.992325 3832.614023 3835.580351 3780.801359 3725.634974 3677.059819 3670.767911 3651.770250 3637.006745 3621.049888 3634.596500 3647.588583 3633.251009 3603.719797 3574.898434 3562.381433 3545.203632 3534.096000 3565.579198 3583.664453 3613.165620 -9999.0 -9999.0 -9999.0 -9999.0
-9999.0 -9999.0 3192.532685 3237.057590 3293.490172 3298.598172 3290.326150 3291.975068 3317.164651 3365.111991 3425.315578 3460.109603 3486.748882 3516.056835 3565.216824 3624.900531 3683.366216 3725.351177 3783.419874 3852.910585 3911.906758 3938.297135 3946.707748 3982.521434 4037.799489 4108.206228 4136.714073 4163.575417 4195.997778 4233.271231 4222.921473 4233.253774 4246.161295 4260.105451 4276.166560 4283.882646 4278.798529 4274.147434 4255.456378 4250.081904 4256.527123 4264.941203 4263.649757 4248.813465 4244.830263 4259.995955 4266.501477 4264.235927 4261.071263 4265.716231 4260.220684 4210.567023 4195.245481 4179.661320 4167.335423 4120.599744 4053.149075 4021.351373 3999.261259 3957.572276 3883.883132 3847.566685 3808.901152 3775.118205 3738.650044 3726.913887 3695.636417 3664.266013 3626.199316 3585.977195 3567.403679 3553.675642 3553.678813 3554.563283 3572.621279 3588.465268 3604.526426 3612.646066 -9999.0 -9999.0
-9999.0 3082.204387 3152.588975 3272.761463 3349.256622 3384.146188 3389.235613 3389.345945 3413.399888 3445.682173 3529.783144 3575.138696 3657.439646 3695.179067 3734.918382 3824.663660 3919.824999 3963.702862 4003.335984 4068.379198 4135.242735 4182.866648 4209.468091 4184.931922 4225.417743 4257.225976 4266.034574 4273.559110 4274.109165 4265.542049 4259.275699 4265.856681 4262.765071 4243.313131 4226.980800 4225.128704 4221.664335 4198.109478 4170.394790 4154.648105 4155.770901 4181.033915 4167.689308 4146.196771 4141.733534 4163.577888 4185.394727 4174.545942 4161.316266 4177.978448 4212.922214 4238.504620 4238.677718 4257.486912 4278.667374 4249.181032 4228.567450 4184.046939 4166.904431 4141.298916 4083.788292 4028.925653 3980.604925 3932.319538 3880.362810 3832.295294 3785.072211 3738.197039 3685.556579 3653.183825 3629.430866 3587.512699 3575.692823 3582.788480 3578.329686 3577.071316 3583.856521 3590.499658 -9999.0 -9999.0
-9999.0 2983.671421 3121.465773 3297.016446 3437.845996 3475.524333 3532.018820 3584.749984 3596.931864 3538.887099 3639.743784 3857.412474 3982.535560 4000.842854 4077.515363 4174.234639 4153.489954 4185.352429 4209.090271 4236.918573 4259.250086 4274.261885 4272.720299 4267.755411 4251.099149 4243.055364 4242.130431 4239.963355 4222.363457 4203.226700 4186.287266 4182.945570 4164.651457 4114.186724 4080.602728 4062.713325 4042.903144 4029.745875 4002.797884 3976.599503 3959.651208 3969.329866 3968.160462 3955.072699 3950.666837 3968.512682 3999.436078 3998.007553 4010.583690 4030.352950 4065.856093 4104.486437 4123.866166 4153.211357 4189.048495 4237.773642 4245.972656 4268.559176 4271.303978 4261.671049 4214.517886 4162.528982 4132.947045 4077.236584 4017.659863 3955.952262 3906.894921 3862.223424 3806.964886 3773.375310 3734.650140 3681.361141 3639.561694 3633.346875 3600.538583 3588.185480 -9999.0 -9999.0 -9999.0 -9999.0
-9999.0 2879.531551 3055.536207 3290.381765 3585.085101 3652.147077 3854.147353 3968.134030 4006.176849 4074.269794 3945.583261 4159.629897 4214.985797 4210.647175 4228.768482 4232.353433 4246.920932 4246.134711 4241.045391 4229.926931 4220.196936 4215.515136 4214.502140 4206.561070 4193.871618 4179.179566 4167.179683 4155.572535 4118.560021 4086.315565 4046.301431 4033.593231 3987.865893 3895.557397 3856.958555 3817.742553 3756.035883 3759.125384 3767.838816 3744.200917 3724.436621 3695.312702 3725.803174 3737.369551 3741.857649 3736.557654 3745.564815 3775.041051 3823.625551 3858.158855 3896.943711 3945.019037 3975.672745 4014.896879 4054.490334 4106.947895 4138.409407 4167.435547 4216.890587 4254.029445 4276.876797 4262.462073 4244.435562 4199.078143 4138.606987 4089.146638 4059.910078 4009.077683 3965.469916 3922.116901 3875.760700 3823.133655 3761.751393 3711.029486 3677.676594 -9999.0 -9999.0 -9999.0 -9999.0 -9999.0
-9999.0 2659.420615 2913.465523 3172.600883 3440.779314 3784.701898 3961.937302 4054.526624 4118.414445 4103.762122 4129.393342 4135.117144 4172.468214 4180.092343 4158.755853 4144.580370 4126.501093 4125.411634 4138.515917 4110.955910 4080.418836 4066.918556 4067.858125 4057.176319 4033.139113 4018.289200 4009.062001 3990.382295 3947.321007 3896.824987 3812.231392 3776.828897 3697.447179 3660.601626 3624.998320 3578.395626 3534.667517 3541.089626 3566.660352 3558.320846 3537.928305 3521.259457 3551.006238 3572.259687 3585.646963 3568.963333 3575.407203 3609.664187 3655.852240 3696.027422 3739.468502 3787.115340 3828.976934 3867.714029 3887.911911 3926.597435 3968.724997 4010.364614 4080.717465 4159.769687 4196.172082 4231.106364 4259.621911 4281.690962 4238.594820 4212.637334 4188.685265 4164.949272 4118.462680 4072.922763 4032.362022 3967.273516 3907.731196 -9999.0 -9999.0 -9999.0 -9999.0 -9999.0 -9999.0 -9999.0
-9999.0 2548.930665 2739.006639 2913.369293 3152.469796 3380.153032 3605.827932 3695.865398 3766.498179 3842.352171 3898.726347 3937.334199 3963.118569 3984.897059 3962.386962 3915.746534 3883.227616 3888.322531 3878.889198 3858.236468 3830.803631 3818.144683 3815.436611 3810.929674 3790.103291 3780.308515 3773.897968 3756.239987 3731.645171 3679.159164 3608.823890 3535.748664 3483.206171 3465.586091 3444.287196 3418.623471 3393.537439 3407.513214 3420.355051 3421.067078 3415.371521 3416.210114 3445.249529 3465.277816 3474.685933 3463.981861 3482.020352 3504.623326 3540.861608 3579.639428 3623.769453 3673.312355 3721.228357 3740.505990 3741.538896 3751.743278 3778.444635 3821.067922 3896.974041 3982.994598 4061.499070 4107.314464 4158.341061 4198.681188 4227.262412 4251.329706 4274.360089 4267.905298 4241.556718 4207.965440 4148.717253 -9999.0 -9999.0 -9999.0 -9999.0 -9999.0 -9999.0 -9999.0 -9999.0 -9999.0
-9999.0 -9999.0 2514.337219 2663.540665 2755.065719 2894.267373 3026.995583 3130.880891 3232.206122 3376.758450 3501.150596 3595.966061 3642.845203 3658.523862 3644.960306 3617.399958 3600.876705 3600.444587 3588.579985 3583.015735 3569.678221 3564.938298 3553.064696 3546.040808 3543.171176 3543.608140 3542.177001 3534.913992 3519.431035 3479.383101 3444.770932 3402.078747 3357.507668 3337.306570 3320.627258 3305.195291 3310.850916 3306.400707 3312.389327 3315.937070 3326.348974 3341.015407 3360.344057 3383.207819 3392.847031 3403.196238 3413.688594 3434.807512 3464.084795 3503.681063 3554.461681 3608.767057 3644.072047 3650.154858 3631.161381 3624.982641 3631.753536 3659.238344 3720.803009 3788.954341 3879.005975 3944.739017 4011.680553 4067.937059 4094.831286 4131.223322 4202.078248 4250.152265 4293.391328 4270.945457 -9999.0 -9999.0 -9999.0 -9999.0 -9999.0 -9999.0 -9999.0 -9999.0 -9999.0 -9999.0
-9999.0 -9999.0 -9999.0 -9999.0 2524.410072 2670.409679 2768.021834 2819.980302 2952.705407 3076.559652 3181.080801 3268.314623 3338.205037 3364.286637 3366.477169 3385.328681 3385.149388 3375.542500 3364.604665 3370.737969 3376.996448 3371.399050 3354.607718 3349.346728 3354.787312 3364.443727 3364.239157 3353.190888 3336.980028 3326.124352 3316.376600 3288.287499 3258.555650 3233.334151 3223.436343 3222.468693 3223.983152 3216.984595 3226.089213 3235.951792 3252.436723 3267.770163 3291.294735 3321.153533 3336.005068 3350.527666 3358.658968 3376.475134 3404.574409 3455.573411 3516.793934 3572.931772 3606.536103 3606.381363 3577.087250 3554.578909 3541.049937 3557.324723 3585.212982 3634.526685 3723.088996 3784.864757 3829.194141 3867.162589 3903.432257 3969.155333 4064.771806 4146.596929 -9999.0 -9999.0 -9999.0 -9999.0 -9999.0 -9999.0 -9999.0 -9999.0 -9999.0 -9999.0 -9999.0 -9999.0
-9999.0 -9999.0 -9999.0 -9999.0 -9999.0 -9999.0 2504.402564 2611.300231 2676.746336 2802.431630 2949.647961 3050.495489 3133.946637 3170.648148 3205.385362 3236.663866 3237.839408 3217.357396 3195.176539 3218.003364 3238.812379 3232.759944 3200.322677 3203.063355 3211.784517 3221.065474 3220.264066 3216.560142 3194.529661 3214.909997 3222.754697 3203.009598 3180.512181 3170.992914 3161.527903 3173.145692 3174.556028 3160.983344 3160.268022 3188.827837 3210.484803 3223.479144 3244.374479 3277.573054 3309.998057 3325.577550 3326.051520 3330.041678 3365.625089 3433.143057 3503.744116 3558.525516 3589.240553 3593.493121 3562.131425 3516.735949 3489.919290 3487.825245 3510.926601 3548.804791 3608.987598 3644.192587 3653.458196 3652.467420 3663.188596 3763.595564 -9999.0 -9999.0 -9999.0 -9999.0 -9999.0 -9999.0 -9999.0 -9999.0 -9999.0 -9999.0 -9999.0 -9999.0 -9999.0 -9999.0
-9999.0 -9999.0 -9999.0 -9999.0 -9999.0 -9999.0 -9999.0 -9999.0 -9999.0 -9999.0 -9999.0 -9999.0 -9999.0 -9999.0 -9999.0 -9999.0 -9999.0 -9999.0 -9999.0 -9999.0 -9999.0 -9999.0 -9999.0 -9999.0 -9999.0 -9999.0 -9999.0 -9999.0 -9999.0 -9999.0 -9999.0 -9999.0 -9999.0 -9999.0 -9999.0 -9999.0 -9999.0 -9999.0 -9999.0 -9999.0 -9999.0 -9999.0 -9999.0 -9999.0 -9999.0 -9999.0 -9999.0 -9999.0 -9999.0 -9999.0 -9999.0 -9999.0 -9999.0 -9999.0 -9999.0 -9999.0 -9999.0 -9999.0 -9999.0 -9999.0 -9999.0 -9999.0 -9999.0 -9999.0 -9999.0 -9999.0 -9999.0 -9999.0 -9999.0 -9999.0 -9999.0 -9999.0 -9999.0 -9999.0 -9999.0 -9999.0 -9999.0 -9999.0 -9999.0 -9999.0
-9999.0 -9999.0 -9999.0 -9999.0 -9999.0 -9999.0 -9999.0 -9999.0 -9999.0 -9999.0 -9999.0 -9999.0 -9999.0 -9999.0 -9999.0 -9999.0 -9999.0 -9999.0 -9999.0 -9999.0 -9999.0 -9999.0 -9999.0 -9999.0 -9999.0 -9999.0 -9999.0 -9999.0 -9999.0 -9999.0 -9999.0 -9999.0 -9999.0 -9999.0 -9999.0 -9999.0 -9999.0 -9999.0 -9999.0 -9999.0 -9999.0 -9999.0 -9999.0 -9999.0 -9999.0 -9999.0 -9999.0 -9999.0 -9999.0 -9999.0 -9999.0 -9999.0 -9999.0 -9999.0 -9999.0 -9999.0 -9999.0 -9999.0 -9999.0 -9999.0 -9999.0 -9999.0 -9999.0 -9999.0 -9999.0 -9999.0 -9999.0 -9999.0 -9999.0 -9999.0 -9999.0 -9999.0 -9999.0 -9999.0 -9999.0 -9999.0 -9999.0 -9999.0 -9999.0 -9999.0