Borden_/Borden1m_014/output_maps/psiliqL0003N0026.asc
ncols         80
nrows         18
xllcorner     620200.000000
yllcorner     5168000.000000
cellsize      1.000000
NODATA_value  -9999.0
-9999.0 -9999.0 -9999.0 -9999.0 -9999.0 -9999.0 -9999.0 -9999.0 -9999.0 -9999.0 -9999.0 -9999.0 -9999.0 -9999.0 -9999.0 -9999.0 -9999.0 -9999.0 -9999.0 -9999.0 -9999.0 -9999.0 -9999.0 -9999.0 -9999.0 -9999.0 -9999.0 -9999.0 -9999.0 -9999.0 -9999.0 -9999.0 -9999.0 -9999.0 -9999.0 -9999.0 -9999.0 -9999.0 -9999.0 -9999.0 -9999.0 -9999.0 -9999.0 -9999.0 -9999.0 -9999.0 -9999.0 -9999.0 -9999.0 -9999.0 -9999.0 -9999.0 -9999.0 -9999.0 -9999.0 -9999.0 -9999.0 -9999.0 -9999.0 -9999.0 -9999.0 -9999.0 -9999.0 -9999.0 -9999.0 -9999.0 -9999.0 -9999.0 -9999.0 -9999.0 -9999.0 -9999.0 -9999.0 -9999.0 -9999.0 -9999.0 -9999.0 -9999.0 -9999.0 -9999.0
-9999.0 -9999.0 -9999.0 -9999.0 -9999.0 -9999.0 -9999.0 -9999.0 -9999.0 -9999.0 -9999.0 -9999.0 -9999.0 -9999.0 -9999.0 -9999.0 -9999.0 -9999.0 -9999.0 -9999.0 -9999.0 -9999.0 -9999.0 -9999.0 -9999.0 -9999.0 -9999.0 -9999.0 -9999.0 -9999.0 -9999.0 -9999.0 -9999.0 -9999.0 -9999.0 -9999.0 -9999.0 -9999.0 -9999.0 -9999.0 -9999.0 -9999.0 -9999.0 -9999.0 -9999.0 -9999.0 -9999.0 -9999.0 -9999.0 -9999.0 -9999.0 -9999.0 -9999.0 -9999.0 -9999.0 -9999.0 -9999.0 -9999.0 -9999.0 -9999.0 -9999.0 -9999.0 -9999.0 -9999.0 -9999.0 -9999.0 -9999.0 -9999.0 -9999.0 -9999.0 -9999.0 -9999.0 -9999.0 -9999.0 -9999.0 -9999.0 -9999.0 -9999.0 -9999.0 -9999.0
-9999.0 -9999.0 -9999.0 -9999.0 -9999.0 -9999.0 -9999.0 -9999.0 -9999.0 -9999.0 -9999.0 -9999.0 -9999.0 -9999.0 -9999.0 -9999.0 -9999.0 -9999.0 -9999.0 -9999.0 -567.117996 -565.929963 -568.662364 -571.813503 -574.446232 -574.746904 -571.787923 -568.316542 -564.339333 -563.516874 -566.634844 -565.904055 -567.111138 -567.778118 -567.814257 -566.940382 -566.510621 -565.230817 -564.402525 -564.757323 -565.720850 -566.413625 -567.002231 -566.781826 -565.718998 -567.193517 -565.033087 -562.876180 -562.099750 -562.169763 -565.140035 -566.392326 -566.869827 -569.280627 -564.920928 -563.576892 -560.262831 -559.901668 -559.357565 -563.082219 -566.747912 -9999.0 -9999.0 -9999.0 -9999.0 -9999.0 -9999.0 -9999.0 -9999.0 -9999.0 -9999.0 -9999.0 -9999.0 -9999.0 -9999.0 -9999.0 -9999.0 -9999.0 -9999.0 -9999.0
-9999.0 -9999.0 -9999.0 -9999.0 -9999.0 -9999.0 -9999.0 -9999.0 -9999.0 -9999.0 -9999.0 -9999.0 -9999.0 -9999.0 -572.441857 -573.880251 -574.545869 -574.921244 -572.261671 -570.129275 -569.967781 -571.468346 -570.301568 -573.267626 -575.883652 -574.307288 -571.985913 -570.001471 -566.795947 -564.366301 -566.565896 -567.107432 -565.896443 -561.646885 -559.711028 -560.576270 -565.452386 -560.827710 -558.390916 -556.824286 -557.035754 -559.265015 -556.135109 -552.469299 -554.318302 -558.196425 -557.372610 -555.155624 -551.577067 -553.572302 -565.729017 -567.113631 -566.554877 -566.378413 -568.028632 -569.181174 -564.759726 -565.322084 -566.080104 -566.994969 -569.700023 -573.949894 -575.817614 -571.461249 -567.452307 -559.380094 -9999.0 -9999.0 -9999.0 -9999.0 -9999.0 -9999.0 -9999.0 -9999.0 -9999.0 -9999.0 -9999.0 -9999.0 -9999.0 -9999.0
-9999.0 -9999.0 -9999.0 -9999.0 -9999.0 -9999.0 -9999.0 -9999.0 -9999.0 -574.976546 -575.344983 -574.938658 -575.854937 -574.581706 -576.642079 -576.142682 -576.490222 -574.657660 -573.107445 -570.490652 -567.087351 -569.519256 -569.834606 -568.088296 -567.849151 -567.092039 -565.463264 -559.758590 -553.148947 -542.979752 -551.517060 -551.915597 -547.199084 -529.806751 -513.634310 -508.576823 -517.184913 -517.141704 -506.454510 -493.249774 -493.242029 -494.453309 -479.571537 -470.050945 -463.231221 -477.848659 -491.372071 -493.433391 -475.630551 -505.605089 -530.083869 -549.129343 -547.949535 -554.513764 -561.645809 -564.325548 -565.251464 -560.220315 -562.201653 -566.944291 -570.799550 -569.769072 -571.876701 -569.779229 -568.207984 -562.029277 -556.388045 -550.941949 -550.682143 -554.127775 -9999.0 -9999.0 -9999.0 -9999.0 -9999.0 -9999.0 -9999.0 -9999.0 -9999.0 -9999.0
-9999.0 -9999.0 -9999.0 -9999.0 -9999.0 -9999.0 -577.656186 -577.801542 -576.968599 -579.477337 -577.641621 -578.861722 -577.507855 -576.883035 -575.951550 -575.860658 -573.558432 -571.460292 -567.911354 -563.159097 -558.731362 -560.955209 -559.795509 -553.498747 -540.969298 -529.053653 -521.385275 -507.295074 -455.840432 -398.808800 -372.160698 -357.993510 -339.464470 -313.261139 -262.292003 -198.296000 -266.298698 -286.011041 -271.958643 -232.004716 -148.751779 -147.019031 -141.595941 -134.510218 -108.652272 -114.162262 -226.368746 -255.533214 -263.696467 -271.376962 -306.923729 -345.236629 -415.384017 -471.366756 -514.551735 -535.305044 -538.852020 -535.530983 -543.965125 -555.125570 -561.745608 -561.869251 -563.190442 -565.520572 -564.382888 -561.834445 -557.950392 -555.530420 -557.394892 -559.978748 -561.992331 -566.012044 -565.398598 -561.516701 -9999.0 -9999.0 -9999.0 -9999.0 -9999.0 -9999.0
-9999.0 -9999.0 -9999.0 -9999.0 -581.631216 -580.452132 -583.960499 -581.954425 -580.377369 -579.158066 -579.084788 -576.950315 -576.298402 -574.718245 -571.403076 -568.745534 -564.007532 -560.309268 -550.239562 -529.044092 -507.738236 -494.073517 -485.297755 -417.758441 -337.694658 -303.301879 -291.751903 -271.126724 -224.275663 -101.493570 -76.119032 -96.183498 -53.139775 -57.279881 11.895301 45.938947 26.639826 -12.545067 22.462288 30.305346 54.202616 54.841628 55.728572 55.858392 57.902845 59.674786 39.360856 -24.724737 -3.592606 -8.767537 -62.537815 -87.007576 -191.679229 -231.898890 -255.648257 -289.555944 -335.639918 -361.663778 -445.716352 -490.910438 -522.540732 -533.180172 -543.165267 -548.324652 -554.946494 -553.769561 -551.974699 -555.374811 -559.831029 -564.019522 -564.639929 -566.480878 -568.437213 -563.462142 -561.607614 -556.159499 -9999.0 -9999.0 -9999.0 -9999.0
-9999.0 -9999.0 -581.931777 -581.775024 -578.515387 -580.447120 -581.639523 -583.306533 -582.564997 -579.383030 -573.353653 -570.598941 -566.376363 -563.958620 -554.101246 -529.103127 -497.854402 -467.906804 -388.587788 -326.383129 -284.294892 -246.850724 -160.984510 -125.074938 -105.634069 -32.251553 -45.859949 9.018282 33.785994 59.885251 84.897249 98.741179 104.472696 99.456261 98.856238 96.671174 95.118311 90.430789 74.721778 72.467788 79.529714 81.782705 84.760386 73.127752 69.370838 81.436369 83.588500 83.470813 85.884196 94.681714 104.021852 75.986477 23.480355 11.360496 -27.259191 -29.065865 -87.027513 -183.778554 -215.859132 -254.995058 -314.840439 -348.116244 -421.309824 -480.800888 -512.413367 -526.165115 -539.726537 -548.168244 -555.854675 -562.828197 -565.012127 -566.339739 -565.459048 -566.092006 -563.425712 -561.358874 -558.375741 -557.214334 -9999.0 -9999.0
-9999.0 -583.035368 -584.016336 -578.219848 -577.058387 -575.789212 -574.206481 -572.836179 -571.173682 -573.076792 -556.682341 -524.597957 -488.831290 -472.721426 -405.401223 -308.015914 -158.454901 -127.968864 -121.537288 -60.346168 -12.352560 25.687267 50.169308 82.426248 105.227330 100.486738 98.131801 96.380887 88.584821 80.978460 70.956247 79.190707 78.055854 63.286384 51.089702 50.605997 47.302944 14.452282 -1.537988 -13.425469 -8.338818 12.151999 -31.949622 -17.626671 -21.094061 -1.975873 13.070361 -26.928223 -7.335004 8.885450 38.468373 55.941021 72.208290 85.914536 104.597010 83.951338 51.886812 15.640405 -29.543870 -22.175386 -127.584024 -191.119805 -243.829001 -300.351137 -343.691300 -427.133432 -490.812820 -519.139424 -539.405166 -547.076627 -551.870095 -561.363239 -563.864147 -561.933611 -563.179127 -563.331374 -562.145528 -561.204794 -9999.0 -9999.0
-9999.0 -588.462501 -583.209011 -576.863178 -568.658490 -567.095924 -540.019965 -513.641935 -504.206693 -517.688353 -442.201681 -154.582566 -92.327704 -90.796821 -38.568869 28.680708 69.297397 90.287027 103.812393 95.316679 89.636388 91.246111 86.817097 78.532284 64.833183 58.298238 58.044762 56.609734 39.691311 21.544694 -20.844191 6.338346 -5.425218 -38.478251 -68.792978 -80.442718 -101.636937 -170.942219 -215.033360 -244.471675 -257.174569 -238.162072 -248.375077 -265.467572 -268.831261 -246.671535 -213.311823 -218.436519 -211.441357 -186.797188 -141.721435 -57.460595 -37.720989 -13.552352 -5.368786 56.308037 74.813304 94.056138 99.242319 76.326053 38.500769 -6.375447 -33.301771 -139.931898 -212.204081 -285.415449 -327.174491 -359.371566 -448.567961 -489.691715 -515.273987 -535.678066 -549.948203 -553.243467 -560.147403 -561.410567 -9999.0 -9999.0 -9999.0 -9999.0
-9999.0 -588.896997 -583.705819 -571.745550 -541.123955 -494.441911 -338.999198 -221.387670 -53.168725 -99.928492 15.910817 88.665153 96.641196 81.084914 55.414278 52.047183 61.309588 63.580090 58.660839 50.465424 40.609936 36.643794 9.383361 27.557835 15.914314 2.637005 -8.019684 -18.184682 -105.974353 -142.450168 -169.921611 -187.069741 -221.361334 -295.901336 -320.927206 -338.726771 -408.877748 -427.009476 -444.474830 -473.451257 -485.508906 -492.930733 -482.961522 -485.396055 -486.254339 -480.040776 -462.591256 -446.069187 -388.437967 -344.502835 -318.909882 -279.852570 -248.836285 -204.427034 -152.710668 -51.252287 -23.842276 1.681836 17.773116 76.761782 97.150611 89.963564 61.902130 27.373742 -29.152296 -142.072710 -190.483872 -250.400816 -301.643491 -334.434575 -358.428947 -428.408683 -494.975519 -532.285593 -542.072062 -9999.0 -9999.0 -9999.0 -9999.0 -9999.0
-9999.0 -596.522020 -583.795981 -573.905396 -521.215224 -328.025818 -243.802218 19.973716 74.408001 5.215241 -102.366248 -24.004834 -35.271700 9.370984 -14.167429 -22.887430 -29.099240 -29.630142 -18.110704 -45.184687 -121.846394 -140.074097 -142.846288 -155.972921 -180.169768 -200.061422 -215.225870 -236.402311 -284.482438 -316.295159 -360.877031 -401.060762 -479.048123 -514.384351 -530.731454 -544.477963 -556.872486 -556.607720 -552.707808 -556.116143 -559.821020 -563.619425 -558.977152 -556.756625 -554.686746 -557.202676 -556.409892 -549.909962 -538.838239 -526.377761 -506.190726 -473.547369 -422.712269 -348.071036 -325.971602 -287.304325 -246.583117 -197.633696 -123.521924 -4.830429 20.486568 52.196815 88.047378 105.545660 67.775641 31.228374 -20.756220 -127.239082 -211.092156 -253.178766 -275.462902 -301.960399 -336.777846 -9999.0 -9999.0 -9999.0 -9999.0 -9999.0 -9999.0 -9999.0
-9999.0 -600.667405 -587.125618 -584.828277 -567.344588 -527.070826 -444.737345 -323.842966 -165.056953 -284.316591 -297.315138 -277.890863 -253.837928 -234.354335 -255.559900 -282.706429 -300.103965 -296.629822 -294.945171 -311.057454 -329.877444 -337.808339 -338.630177 -347.711881 -388.538316 -415.917747 -431.734838 -457.553237 -486.410212 -512.840442 -541.974583 -555.489524 -564.680078 -567.890867 -570.249414 -572.704960 -577.164887 -574.746375 -572.849610 -573.326229 -574.738067 -575.776989 -572.417902 -571.173301 -570.097103 -573.086162 -570.930086 -568.887125 -564.353186 -559.564869 -552.636572 -542.242691 -528.469221 -517.820425 -509.370221 -492.209906 -457.742189 -369.846989 -308.566065 -221.565355 -147.452095 -55.973335 -8.362168 -4.044342 44.576427 54.404382 60.823447 31.197679 -178.991328 -208.292182 -219.696411 -9999.0 -9999.0 -9999.0 -9999.0 -9999.0 -9999.0 -9999.0 -9999.0 -9999.0
-9999.0 -9999.0 -603.598458 -597.965652 -593.048434 -587.657535 -579.831165 -569.437336 -560.985363 -549.442915 -532.152019 -511.373565 -496.387458 -488.822601 -498.813305 -516.934764 -526.632101 -525.992062 -528.555843 -533.527539 -542.008333 -545.106831 -547.192162 -548.849911 -552.305493 -553.753964 -554.381956 -555.721535 -558.620243 -564.893360 -570.280496 -573.983138 -577.946058 -577.900896 -578.566619 -579.912877 -578.849783 -579.125531 -578.754395 -578.931982 -578.605126 -577.962693 -577.163121 -576.072191 -575.980084 -575.660483 -575.242831 -574.024390 -572.138266 -569.583409 -564.693492 -557.488833 -551.822599 -550.396327 -553.253189 -552.350199 -548.245061 -537.988885 -502.620522 -418.599521 -329.145894 -273.316609 -202.864785 -153.945227 -126.160012 -61.993129 -8.609044 -128.613119 -241.701898 -233.477012 -9999.0 -9999.0 -9999.0 -9999.0 -9999.0 -9999.0 -9999.0 -9999.0 -9999.0 -9999.0
-9999.0 -9999.0 -9999.0 -9999.0 -606.039069 -598.089957 -590.879262 -591.469977 -586.064132 -582.583160 -579.224617 -575.180430 -571.778312 -569.611155 -572.143806 -572.720346 -573.275107 -572.941726 -573.529166 -574.193189 -574.522124 -574.968136 -575.440533 -576.047261 -575.812999 -575.237338 -575.094974 -576.123223 -576.215750 -578.140853 -578.449438 -579.628357 -580.763943 -582.037053 -581.810148 -581.943148 -581.404281 -581.993779 -581.098855 -581.599271 -580.899031 -580.562234 -579.689479 -578.280227 -578.729013 -577.917259 -577.845497 -576.766499 -576.228057 -573.227070 -568.321842 -562.549345 -558.541277 -558.674419 -563.598213 -565.695181 -566.844243 -563.676825 -558.009035 -545.506785 -511.301893 -464.690733 -367.418674 -327.076577 -302.865579 -260.403793 -206.806980 -187.715167 -9999.0 -9999.0 -9999.0 -9999.0 -9999.0 -9999.0 -9999.0 -9999.0 -9999.0 -9999.0 -9999.0 -9999.0
-9999.0 -9999.0 -9999.0 -9999.0 -9999.0 -9999.0 -602.600474 -598.616596 -599.756670 -596.651167 -593.839777 -591.604154 -588.280261 -588.603266 -587.620494 -585.061360 -585.417742 -586.644961 -588.178014 -585.936539 -584.942951 -584.735131 -587.216362 -586.537864 -586.271293 -585.322750 -585.419618 -585.026953 -587.130306 -584.660299 -583.483816 -583.980181 -584.459161 -584.019834 -584.555657 -583.014084 -582.830894 -584.070676 -584.429395 -582.631186 -582.095815 -582.321315 -581.934543 -580.656530 -578.817826 -578.509719 -579.295800 -580.377135 -578.437363 -573.956418 -568.755346 -564.015050 -560.856557 -559.843763 -564.032864 -569.561225 -572.298392 -572.616977 -570.251512 -565.643506 -554.582888 -546.402512 -539.322538 -530.063230 -518.850350 -457.354015 -9999.0 -9999.0 -9999.0 -9999.0 -9999.0 -9999.0 -9999.0 -9999.0 -9999.0 -9999.0 -9999.0 -9999.0 -9999.0 -9999.0
-9999.0 -9999.0 -9999.0 -9999.0 -9999.0 -9999.0 -9999.0 -9999.0 -9999.0 -9999.0 -9999.0 -9999.0 -9999.0 -9999.0 -9999.0 -9999.0 -9999.0 -9999.0 -9999.0 -9999.0 -9999.0 -9999.0 -9999.0 -9999.0 -9999.0 -9999.0 -9999.0 -9999.0 -9999.0 -9999.0 -9999.0 -9999.0 -9999.0 -9999.0 -9999.0 -9999.0 -9999.0 -9999.0 -9999.0 -9999.0 -9999.0 -9999.0 -9999.0 -9999.0 -9999.0 -9999.0 -9999.0 -9999.0 -9999.0 -9999.0 -9999.0 -9999.0 -9999.0 -9999.0 -9999.0 -9999.0 -9999.0 -9999.0 -9999.0 -9999.0 -9999.0 -9999.0 -9999.0 -9999.0 -9999.0 -9999.0 -9999.0 -9999.0 -9999.0 -9999.0 -9999.0 -9999.0 -9999.0 -9999.0 -9999.0 -9999.0 -9999.0 -9999.0 -9999.0 -9999.0
-9999.0 -9999.0 -9999.0 -9999.0 -9999.0 -9999.0 -9999.0 -9999.0 -9999.0 -9999.0 -9999.0 -9999.0 -9999.0 -9999.0 -9999.0 -9999.0 -9999.0 -9999.0 -9999.0 -9999.0 -9999.0 -9999.0 -9999.0 -9999.0 -9999.0 -9999.0 -9999.0 -9999.0 -9999.0 -9999.0 -9999.0 -9999.0 -9999.0 -9999.0 -9999.0 -9999.0 -9999.0 -9999.0 -9999.0 -9999.0 -9999.0 -9999.0 -9999.0 -9999.0 -9999.0 -9999.0 -9999.0 -9999.0 -9999.0 -9999.0 -9999.0 -9999.0 -9999.0 -9999.0 -9999.0 -9999.0 -9999.0 -9999.0 -9999.0 -9999.0 -9999.0 -9999.0 -9999.0 -9999.0 -9999.0 -9999.0 -9999.0 -9999.0 -9999.0 -9999.0 -9999.0 -9999.0 -9999.0 -9999.0 -9999.0 -9999.0 -9999.0 -9999.0 -9999.0 -9999.0