Borden_/Borden1m_014/output_maps/psiliqL0029N0038.asc
ncols         80
nrows         18
xllcorner     620200.000000
yllcorner     5168000.000000
cellsize      1.000000
NODATA_value  -9999.0
-9999.0 -9999.0 -9999.0 -9999.0 -9999.0 -9999.0 -9999.0 -9999.0 -9999.0 -9999.0 -9999.0 -9999.0 -9999.0 -9999.0 -9999.0 -9999.0 -9999.0 -9999.0 -9999.0 -9999.0 -9999.0 -9999.0 -9999.0 -9999.0 -9999.0 -9999.0 -9999.0 -9999.0 -9999.0 -9999.0 -9999.0 -9999.0 -9999.0 -9999.0 -9999.0 -9999.0 -9999.0 -9999.0 -9999.0 -9999.0 -9999.0 -9999.0 -9999.0 -9999.0 -9999.0 -9999.0 -9999.0 -9999.0 -9999.0 -9999.0 -9999.0 -9999.0 -9999.0 -9999.0 -9999.0 -9999.0 -9999.0 -9999.0 -9999.0 -9999.0 -9999.0 -9999.0 -9999.0 -9999.0 -9999.0 -9999.0 -9999.0 -9999.0 -9999.0 -9999.0 -9999.0 -9999.0 -9999.0 -9999.0 -9999.0 -9999.0 -9999.0 -9999.0 -9999.0 -9999.0
-9999.0 -9999.0 -9999.0 -9999.0 -9999.0 -9999.0 -9999.0 -9999.0 -9999.0 -9999.0 -9999.0 -9999.0 -9999.0 -9999.0 -9999.0 -9999.0 -9999.0 -9999.0 -9999.0 -9999.0 -9999.0 -9999.0 -9999.0 -9999.0 -9999.0 -9999.0 -9999.0 -9999.0 -9999.0 -9999.0 -9999.0 -9999.0 -9999.0 -9999.0 -9999.0 -9999.0 -9999.0 -9999.0 -9999.0 -9999.0 -9999.0 -9999.0 -9999.0 -9999.0 -9999.0 -9999.0 -9999.0 -9999.0 -9999.0 -9999.0 -9999.0 -9999.0 -9999.0 -9999.0 -9999.0 -9999.0 -9999.0 -9999.0 -9999.0 -9999.0 -9999.0 -9999.0 -9999.0 -9999.0 -9999.0 -9999.0 -9999.0 -9999.0 -9999.0 -9999.0 -9999.0 -9999.0 -9999.0 -9999.0 -9999.0 -9999.0 -9999.0 -9999.0 -9999.0 -9999.0
-9999.0 -9999.0 -9999.0 -9999.0 -9999.0 -9999.0 -9999.0 -9999.0 -9999.0 -9999.0 -9999.0 -9999.0 -9999.0 -9999.0 -9999.0 -9999.0 -9999.0 -9999.0 -9999.0 -9999.0 3925.068105 3925.622416 3904.003273 3869.686912 3841.235318 3842.815033 3875.156573 3915.459031 3954.169408 3960.731989 3941.149767 3945.076748 3940.483706 3934.988228 3934.475259 3942.300294 3949.408111 3958.651758 3965.191727 3962.385396 3954.694044 3949.694121 3952.859507 3954.100535 3960.588979 3945.173479 3961.663134 3978.201222 3982.739953 3980.530544 3957.514783 3946.432759 3938.727425 3923.224108 3950.440708 3962.225936 3986.056029 3990.985123 3989.120267 3962.679991 3932.778722 -9999.0 -9999.0 -9999.0 -9999.0 -9999.0 -9999.0 -9999.0 -9999.0 -9999.0 -9999.0 -9999.0 -9999.0 -9999.0 -9999.0 -9999.0 -9999.0 -9999.0 -9999.0 -9999.0
-9999.0 -9999.0 -9999.0 -9999.0 -9999.0 -9999.0 -9999.0 -9999.0 -9999.0 -9999.0 -9999.0 -9999.0 -9999.0 -9999.0 3835.110756 3826.450164 3823.356428 3830.142512 3862.105589 3892.170946 3903.560893 3895.882437 3895.399017 3870.116522 3846.406686 3858.346723 3887.331125 3917.196688 3950.008750 3966.368560 3955.226551 3952.272438 3958.236772 3976.051491 3982.625153 3978.621647 3961.396616 3985.847414 3998.370580 4001.698625 3999.350107 3989.145269 3996.784247 4010.347567 4003.184986 3988.353324 4000.762025 4016.529403 4026.843125 4020.049263 3963.338392 3953.225358 3950.479791 3947.355323 3934.812274 3931.895162 3961.375614 3961.223547 3954.643944 3937.988860 3904.865978 3859.694516 3841.057826 3882.602300 3926.637754 3983.111435 -9999.0 -9999.0 -9999.0 -9999.0 -9999.0 -9999.0 -9999.0 -9999.0 -9999.0 -9999.0 -9999.0 -9999.0 -9999.0 -9999.0
-9999.0 -9999.0 -9999.0 -9999.0 -9999.0 -9999.0 -9999.0 -9999.0 -9999.0 3777.815425 3783.985447 3790.634938 3792.893704 3807.599649 3803.806458 3810.335862 3813.196650 3840.161796 3868.869079 3901.593351 3927.756458 3918.160075 3916.095935 3918.007381 3909.655948 3916.018448 3935.817492 3971.486552 4000.519826 4034.391605 3999.516174 3993.777289 4010.733340 4050.397504 4070.642976 4071.032297 4052.088728 4071.117576 4094.318005 4108.416874 4104.321688 4097.476902 4124.024756 4139.819285 4131.488076 4109.130440 4110.688416 4120.049255 4150.316522 4099.363766 4032.960585 3997.701715 4016.602387 3997.605283 3974.798730 3966.298219 3968.234132 3989.068156 3978.472484 3945.666973 3913.487625 3901.922687 3885.679571 3908.237217 3932.265083 3979.185507 4019.774050 4050.144288 4049.744370 4032.710279 -9999.0 -9999.0 -9999.0 -9999.0 -9999.0 -9999.0 -9999.0 -9999.0 -9999.0 -9999.0
-9999.0 -9999.0 -9999.0 -9999.0 -9999.0 -9999.0 3699.407434 3709.992356 3730.599078 3732.362543 3758.801491 3763.172045 3781.164449 3797.397073 3818.797723 3830.194421 3853.409892 3882.144612 3916.458698 3952.223020 3978.293354 3964.737641 3968.866598 3985.179723 4008.422396 4024.465363 4046.589079 4084.288006 4156.566534 4192.368868 4181.258400 4181.170783 4189.160424 4240.182585 4304.385801 4314.147857 4293.289063 4280.720596 4305.731558 4344.238979 4340.774683 4339.413667 4353.874143 4365.333126 4392.360439 4380.414369 4344.523025 4341.187483 4350.180302 4324.921724 4252.849067 4196.678760 4181.251515 4133.847017 4049.162106 4009.211151 4037.846355 4068.405943 4048.643519 4000.140978 3969.958602 3966.061959 3956.286840 3951.403461 3965.830074 3990.075150 4014.653705 4029.381322 4017.959277 3997.371240 3976.184607 3948.357820 3951.375954 3976.400995 -9999.0 -9999.0 -9999.0 -9999.0 -9999.0 -9999.0
-9999.0 -9999.0 -9999.0 -9999.0 3650.329536 3662.917246 3647.023895 3673.094492 3704.383051 3737.324385 3763.205335 3793.103293 3814.741609 3840.081824 3870.831297 3889.103265 3918.354208 3946.385196 3991.748241 4051.188962 4093.880899 4104.805410 4112.271779 4162.436516 4218.280631 4264.423809 4283.199976 4309.701477 4357.897936 4415.012118 4436.786523 4438.843765 4455.855405 4501.797722 4561.105740 4597.106976 4578.957930 4569.402394 4580.865215 4596.357476 4618.532553 4618.552390 4619.711117 4624.517249 4633.084486 4630.711154 4602.749676 4568.686800 4555.488598 4544.731383 4503.461221 4429.423156 4400.712674 4370.382641 4323.411701 4267.382740 4224.277483 4229.382156 4173.824589 4117.774752 4070.273793 4065.522204 4047.449202 4033.460545 4018.667522 4033.273445 4047.061284 4033.032371 4003.376621 3974.691193 3962.287496 3945.147394 3933.847211 3965.438367 3983.511935 4012.817671 -9999.0 -9999.0 -9999.0 -9999.0
-9999.0 -9999.0 3591.910822 3635.916855 3692.504019 3697.342438 3688.071766 3689.497392 3714.661414 3762.528871 3821.139901 3854.398474 3879.474636 3908.969602 3957.465210 4015.241696 4072.910558 4115.109260 4174.114969 4244.538186 4303.903786 4330.029298 4338.029321 4374.406016 4430.718549 4503.109003 4532.350867 4559.812343 4593.164689 4631.610890 4618.029148 4627.857679 4641.471639 4657.124609 4674.767147 4683.330868 4677.945071 4673.226325 4654.355617 4648.698955 4655.087770 4664.063964 4662.353737 4647.287549 4643.288050 4658.693386 4665.587839 4663.060465 4659.421601 4663.706106 4656.801179 4605.310750 4593.219300 4577.120986 4563.903900 4516.331289 4447.763215 4416.648381 4393.594702 4350.795584 4276.405179 4241.315699 4203.159036 4170.141142 4134.507664 4124.249194 4093.923094 4063.007782 4025.243628 3985.202646 3966.893726 3953.471853 3953.563473 3954.356956 3972.538436 3988.335048 4004.410551 4012.534603 -9999.0 -9999.0
-9999.0 3480.198300 3550.375283 3669.981134 3746.387450 3780.455757 3782.151859 3779.554187 3803.864821 3838.226613 3920.523093 3960.653020 4043.309611 4082.578730 4121.944674 4212.059525 4309.102776 4354.087125 4395.027194 4462.344450 4531.058991 4579.557912 4606.607488 4576.892102 4618.890421 4653.970512 4663.858095 4672.176812 4673.543767 4664.894225 4658.965989 4665.418175 4662.151293 4642.336530 4625.659990 4623.674376 4620.127826 4596.254308 4568.287669 4552.166156 4552.925656 4578.589820 4564.953258 4543.303141 4538.776516 4560.866599 4583.288478 4572.226470 4558.883047 4575.660076 4611.072621 4637.625032 4636.345069 4655.565753 4676.843134 4646.700223 4627.173436 4581.691099 4564.215934 4538.333485 4479.846807 4424.842614 4376.055132 4327.822603 4276.103503 4228.893093 4181.804838 4134.988636 4082.681502 4050.419652 4027.005997 3985.784879 3974.894072 3982.359869 3978.256429 3977.029417 3983.759316 3990.392081 -9999.0 -9999.0
-9999.0 3378.753450 3516.001344 3690.742126 3831.284609 3866.974041 3918.001677 3968.515168 3979.896279 3918.466626 4020.404285 4240.580696 4371.586713 4391.502650 4470.337182 4569.945261 4543.869509 4576.616654 4601.259185 4632.383329 4657.299876 4673.461173 4672.217220 4667.583439 4650.680402 4642.579395 4641.588246 4639.335202 4621.442883 4602.043307 4584.905695 4581.285632 4562.466697 4510.432651 4476.258090 4457.701189 4436.579875 4423.813073 4397.270577 4370.698125 4353.015730 4361.571643 4361.331155 4348.835596 4344.447885 4361.883595 4392.904157 4392.310450 4406.176911 4426.224335 4461.856648 4501.279905 4520.872922 4550.631029 4586.843021 4636.783747 4644.071559 4666.907556 4669.349673 4661.039140 4612.903464 4560.151996 4530.228572 4473.853171 4414.146965 4352.315110 4302.759356 4257.877950 4202.196420 4168.966005 4130.583396 4077.217192 4036.554693 4032.046126 3999.661994 3988.069513 -9999.0 -9999.0 -9999.0 -9999.0
-9999.0 3269.005183 3444.872166 3676.836716 3976.113874 4038.440962 4243.287536 4358.281944 4395.855687 4465.749740 4321.504435 4548.621004 4608.269867 4605.039806 4627.162121 4631.405284 4646.457009 4645.426673 4640.316988 4629.022666 4619.050000 4614.180476 4613.245429 4605.257160 4592.458431 4577.640851 4565.480982 4553.581655 4515.942238 4483.164067 4441.815324 4428.717075 4381.036201 4287.616707 4248.955742 4208.453873 4145.038137 4148.905382 4159.432465 4135.994519 4115.800511 4085.004244 4116.949891 4129.828826 4134.823415 4128.332336 4136.454796 4167.518472 4217.619802 4252.756956 4291.695128 4340.314930 4371.517439 4411.076161 4450.524150 4503.417053 4535.476896 4564.815603 4615.273747 4652.654280 4675.720950 4660.665809 4643.569392 4597.029077 4536.049400 4486.268106 4456.462076 4404.848147 4360.908133 4317.613506 4271.122547 4218.377518 4156.755010 4108.763620 4075.854047 -9999.0 -9999.0 -9999.0 -9999.0 -9999.0
-9999.0 3032.820896 3294.065819 3551.454039 3813.946528 4163.428191 4351.476615 4441.997431 4507.350848 4497.217434 4527.111851 4531.736437 4569.599603 4577.900541 4556.678165 4541.907516 4522.994513 4521.904219 4535.082662 4507.111977 4476.037401 4462.241095 4463.246399 4452.577757 4428.167465 4413.332687 4404.156398 4385.044708 4341.771760 4290.388084 4204.288405 4166.939881 4085.714242 4050.933966 4015.829076 3968.867003 3925.519462 3932.664576 3959.247724 3951.631124 3931.288146 3914.752815 3945.047767 3967.008798 3980.738096 3963.359012 3969.692117 4004.210154 4050.623815 4091.130109 4134.682403 4182.564690 4225.042426 4263.548166 4282.895176 4320.841643 4363.360114 4405.411258 4476.499456 4556.992767 4594.367820 4629.938030 4657.753645 4680.147950 4636.606814 4611.260221 4586.821725 4562.490535 4515.348238 4469.420791 4428.819075 4362.666721 4303.077082 -9999.0 -9999.0 -9999.0 -9999.0 -9999.0 -9999.0 -9999.0
-9999.0 2926.653002 3108.213467 3284.859846 3520.648396 3749.126295 3982.996383 4073.051882 4144.695761 4228.376323 4289.133988 4329.403885 4355.235768 4377.472801 4355.095130 4307.260881 4274.115397 4279.407181 4269.055325 4248.757923 4221.395937 4208.857077 4205.870940 4201.513616 4180.923103 4171.478131 4165.263984 4147.686853 4123.676494 4070.635320 4000.686219 3926.383949 3874.264237 3858.201812 3837.610872 3812.538175 3788.741476 3803.018343 3815.643658 3816.886476 3811.870457 3813.273412 3842.306579 3862.570566 3871.960695 3861.560228 3879.661629 3901.964325 3937.860976 3976.673012 4020.884818 4070.554203 4118.644062 4137.370351 4137.347477 4146.182452 4172.168583 4214.491716 4290.456166 4377.067894 4457.466992 4504.092643 4555.740273 4596.819958 4626.272403 4648.798127 4673.045427 4667.519106 4640.392883 4606.319695 4546.009461 -9999.0 -9999.0 -9999.0 -9999.0 -9999.0 -9999.0 -9999.0 -9999.0 -9999.0
-9999.0 -9999.0 2886.471918 3025.349544 3104.797021 3256.354005 3392.259030 3496.898321 3602.586118 3753.803317 3882.598958 3980.372221 4028.530379 4044.444852 4031.251660 4004.712622 3988.990844 3988.447442 3976.188665 3971.368023 3958.970296 3954.553010 3942.266854 3935.185826 3933.259454 3934.388733 3933.236763 3926.189598 3911.206173 3871.554265 3838.576871 3796.631032 3752.846314 3733.017658 3716.793633 3702.051606 3708.644989 3703.859571 3709.733818 3713.522813 3724.486369 3739.487818 3758.692078 3781.793409 3791.498509 3802.255606 3812.594342 3833.546824 3862.557248 3902.211788 3953.100741 4007.610241 4042.989455 4048.780046 4029.035120 4021.888474 4027.485213 4053.883298 4114.034171 4181.684494 4273.035840 4339.652685 4406.990819 4464.000788 4491.395834 4527.807606 4599.909200 4648.076022 4692.858100 4670.325494 -9999.0 -9999.0 -9999.0 -9999.0 -9999.0 -9999.0 -9999.0 -9999.0 -9999.0 -9999.0
-9999.0 -9999.0 -9999.0 -9999.0 2885.387856 3021.911319 3115.972661 3189.188837 3322.756117 3455.341188 3562.374305 3651.313538 3723.423043 3750.041349 3753.724754 3775.204812 3775.859408 3765.572870 3754.323320 3761.659643 3769.131405 3763.693014 3746.161602 3741.081087 3747.135755 3757.415017 3757.341070 3746.405595 3730.027990 3720.801255 3712.469920 3685.023377 3655.969869 3631.079298 3621.454761 3621.088819 3622.706020 3615.511638 3624.557228 3634.804661 3651.475249 3666.810020 3690.304891 3720.369614 3735.503709 3750.101494 3758.105770 3775.662761 3803.688862 3854.666627 3915.989284 3972.405953 4006.269896 4005.981396 3976.583330 3953.622379 3939.306426 3954.778551 3981.258360 4029.326172 4117.766900 4179.604728 4222.992730 4260.198369 4296.546211 4363.414466 4460.962184 4543.810886 -9999.0 -9999.0 -9999.0 -9999.0 -9999.0 -9999.0 -9999.0 -9999.0 -9999.0 -9999.0 -9999.0 -9999.0
-9999.0 -9999.0 -9999.0 -9999.0 -9999.0 -9999.0 2863.642662 2970.005369 3022.484307 3177.973899 3328.669171 3438.096144 3522.832504 3560.943943 3598.479488 3630.806435 3632.605091 3611.690141 3588.839440 3612.364274 3634.396781 3628.170133 3595.099183 3598.261391 3607.529823 3616.783121 3615.979057 3612.470795 3590.645649 3612.317932 3621.115441 3601.641317 3579.446390 3570.028825 3560.769492 3572.568374 3574.037344 3560.333487 3559.270736 3588.385775 3610.272150 3623.227059 3643.964648 3677.204871 3709.719803 3725.480925 3725.939318 3729.738230 3764.767401 3832.164373 3903.005553 3958.162968 3989.113438 3993.265757 3961.806919 3916.160884 3889.061492 3886.414667 3908.815216 3945.728275 4005.052044 4039.622804 4047.288901 4044.416223 4053.871731 4155.789829 -9999.0 -9999.0 -9999.0 -9999.0 -9999.0 -9999.0 -9999.0 -9999.0 -9999.0 -9999.0 -9999.0 -9999.0 -9999.0 -9999.0
-9999.0 -9999.0 -9999.0 -9999.0 -9999.0 -9999.0 -9999.0 -9999.0 -9999.0 -9999.0 -9999.0 -9999.0 -9999.0 -9999.0 -9999.0 -9999.0 -9999.0 -9999.0 -9999.0 -9999.0 -9999.0 -9999.0 -9999.0 -9999.0 -9999.0 -9999.0 -9999.0 -9999.0 -9999.0 -9999.0 -9999.0 -9999.0 -9999.0 -9999.0 -9999.0 -9999.0 -9999.0 -9999.0 -9999.0 -9999.0 -9999.0 -9999.0 -9999.0 -9999.0 -9999.0 -9999.0 -9999.0 -9999.0 -9999.0 -9999.0 -9999.0 -9999.0 -9999.0 -9999.0 -9999.0 -9999.0 -9999.0 -9999.0 -9999.0 -9999.0 -9999.0 -9999.0 -9999.0 -9999.0 -9999.0 -9999.0 -9999.0 -9999.0 -9999.0 -9999.0 -9999.0 -9999.0 -9999.0 -9999.0 -9999.0 -9999.0 -9999.0 -9999.0 -9999.0 -9999.0
-9999.0 -9999.0 -9999.0 -9999.0 -9999.0 -9999.0 -9999.0 -9999.0 -9999.0 -9999.0 -9999.0 -9999.0 -9999.0 -9999.0 -9999.0 -9999.0 -9999.0 -9999.0 -9999.0 -9999.0 -9999.0 -9999.0 -9999.0 -9999.0 -9999.0 -9999.0 -9999.0 -9999.0 -9999.0 -9999.0 -9999.0 -9999.0 -9999.0 -9999.0 -9999.0 -9999.0 -9999.0 -9999.0 -9999.0 -9999.0 -9999.0 -9999.0 -9999.0 -9999.0 -9999.0 -9999.0 -9999.0 -9999.0 -9999.0 -9999.0 -9999.0 -9999.0 -9999.0 -9999.0 -9999.0 -9999.0 -9999.0 -9999.0 -9999.0 -9999.0 -9999.0 -9999.0 -9999.0 -9999.0 -9999.0 -9999.0 -9999.0 -9999.0 -9999.0 -9999.0 -9999.0 -9999.0 -9999.0 -9999.0 -9999.0 -9999.0 -9999.0 -9999.0 -9999.0 -9999.0