Borden_/Borden1m_014/output_maps/psiliqL0012N0033.asc
ncols         80
nrows         18
xllcorner     620200.000000
yllcorner     5168000.000000
cellsize      1.000000
NODATA_value  -9999.0
-9999.0 -9999.0 -9999.0 -9999.0 -9999.0 -9999.0 -9999.0 -9999.0 -9999.0 -9999.0 -9999.0 -9999.0 -9999.0 -9999.0 -9999.0 -9999.0 -9999.0 -9999.0 -9999.0 -9999.0 -9999.0 -9999.0 -9999.0 -9999.0 -9999.0 -9999.0 -9999.0 -9999.0 -9999.0 -9999.0 -9999.0 -9999.0 -9999.0 -9999.0 -9999.0 -9999.0 -9999.0 -9999.0 -9999.0 -9999.0 -9999.0 -9999.0 -9999.0 -9999.0 -9999.0 -9999.0 -9999.0 -9999.0 -9999.0 -9999.0 -9999.0 -9999.0 -9999.0 -9999.0 -9999.0 -9999.0 -9999.0 -9999.0 -9999.0 -9999.0 -9999.0 -9999.0 -9999.0 -9999.0 -9999.0 -9999.0 -9999.0 -9999.0 -9999.0 -9999.0 -9999.0 -9999.0 -9999.0 -9999.0 -9999.0 -9999.0 -9999.0 -9999.0 -9999.0 -9999.0
-9999.0 -9999.0 -9999.0 -9999.0 -9999.0 -9999.0 -9999.0 -9999.0 -9999.0 -9999.0 -9999.0 -9999.0 -9999.0 -9999.0 -9999.0 -9999.0 -9999.0 -9999.0 -9999.0 -9999.0 -9999.0 -9999.0 -9999.0 -9999.0 -9999.0 -9999.0 -9999.0 -9999.0 -9999.0 -9999.0 -9999.0 -9999.0 -9999.0 -9999.0 -9999.0 -9999.0 -9999.0 -9999.0 -9999.0 -9999.0 -9999.0 -9999.0 -9999.0 -9999.0 -9999.0 -9999.0 -9999.0 -9999.0 -9999.0 -9999.0 -9999.0 -9999.0 -9999.0 -9999.0 -9999.0 -9999.0 -9999.0 -9999.0 -9999.0 -9999.0 -9999.0 -9999.0 -9999.0 -9999.0 -9999.0 -9999.0 -9999.0 -9999.0 -9999.0 -9999.0 -9999.0 -9999.0 -9999.0 -9999.0 -9999.0 -9999.0 -9999.0 -9999.0 -9999.0 -9999.0
-9999.0 -9999.0 -9999.0 -9999.0 -9999.0 -9999.0 -9999.0 -9999.0 -9999.0 -9999.0 -9999.0 -9999.0 -9999.0 -9999.0 -9999.0 -9999.0 -9999.0 -9999.0 -9999.0 -9999.0 542.763145 545.767432 524.003774 490.915804 463.637097 466.673280 502.418864 544.782705 584.325633 595.683677 578.837910 581.957084 578.188269 578.266887 581.775781 589.046177 593.407703 605.482272 614.922521 615.703473 610.663097 606.228867 606.691462 610.156519 615.133037 604.152410 616.867659 630.963899 635.266987 628.389353 599.352041 581.929934 571.579632 554.860028 577.845655 588.579197 610.242567 613.391367 610.869557 583.009446 552.385170 -9999.0 -9999.0 -9999.0 -9999.0 -9999.0 -9999.0 -9999.0 -9999.0 -9999.0 -9999.0 -9999.0 -9999.0 -9999.0 -9999.0 -9999.0 -9999.0 -9999.0 -9999.0 -9999.0
-9999.0 -9999.0 -9999.0 -9999.0 -9999.0 -9999.0 -9999.0 -9999.0 -9999.0 -9999.0 -9999.0 -9999.0 -9999.0 -9999.0 450.282825 441.010476 438.896543 448.173775 482.625273 513.413949 525.980531 519.162592 520.046898 497.482144 478.118802 493.332903 524.322029 557.532061 593.820203 615.849831 605.437987 604.275289 615.505485 642.849727 657.555336 655.842123 636.362613 660.474512 677.967079 688.709103 689.841312 682.757444 697.317316 713.666916 706.503187 688.028745 690.892119 701.171889 712.457029 695.739902 628.931097 606.524972 600.317688 591.488897 575.693399 567.579244 591.319157 590.458456 580.992228 561.908369 528.475017 483.809387 464.799871 502.547722 545.784832 602.684371 -9999.0 -9999.0 -9999.0 -9999.0 -9999.0 -9999.0 -9999.0 -9999.0 -9999.0 -9999.0 -9999.0 -9999.0 -9999.0 -9999.0
-9999.0 -9999.0 -9999.0 -9999.0 -9999.0 -9999.0 -9999.0 -9999.0 -9999.0 390.839746 395.520693 403.428769 406.350997 422.772389 421.284926 429.207000 437.584917 465.347414 497.549581 533.788855 563.713180 555.696220 557.627721 570.067595 576.413214 590.572519 614.192537 657.626805 701.760261 746.011983 719.687020 719.186221 740.165193 790.101998 826.827608 836.015359 818.150735 826.478143 854.552863 881.308954 884.758985 885.123152 911.387667 925.655257 927.729837 906.247001 888.390555 885.043681 907.604643 852.581139 782.552356 727.339983 726.789599 692.900312 650.418198 626.677248 621.677402 640.784241 623.713195 584.481048 546.399389 534.505153 516.128390 531.715721 552.934039 598.440409 636.211705 663.803284 662.730747 644.672525 -9999.0 -9999.0 -9999.0 -9999.0 -9999.0 -9999.0 -9999.0 -9999.0 -9999.0 -9999.0
-9999.0 -9999.0 -9999.0 -9999.0 -9999.0 -9999.0 311.109096 320.806684 341.480114 347.119782 372.886440 381.263930 402.880299 423.333217 445.806301 463.990440 496.079033 530.698561 573.866680 619.729522 654.611624 652.638743 665.959414 700.825114 744.218125 777.211266 805.374247 849.844046 931.538987 978.583064 990.763675 997.419686 1007.961031 1055.798665 1119.000738 1135.198447 1115.791588 1102.381444 1123.822080 1163.049195 1176.247432 1180.434418 1190.720143 1199.914692 1224.819978 1213.901764 1168.886490 1149.612706 1143.276490 1126.461219 1066.452937 1001.810665 962.069236 908.912614 821.928463 761.415347 762.353882 776.604365 743.184301 685.533127 640.323442 626.733059 609.365676 593.543453 597.407323 614.816565 635.849788 645.599233 631.512428 609.558176 585.767309 556.316898 557.577727 582.529650 -9999.0 -9999.0 -9999.0 -9999.0 -9999.0 -9999.0
-9999.0 -9999.0 -9999.0 -9999.0 260.635818 273.751075 262.347732 287.535853 320.764082 355.558779 388.938733 427.552186 456.556918 488.578975 531.829262 570.692476 617.071301 656.224354 714.908710 787.834756 844.590613 874.854442 895.564347 957.814262 1020.522862 1073.643162 1095.517532 1125.083698 1171.090788 1236.232039 1265.806856 1273.197609 1290.390002 1323.494783 1366.950401 1398.979577 1383.434757 1377.972407 1384.452022 1397.135218 1423.460711 1426.432894 1428.895867 1430.831027 1434.162287 1432.474763 1407.023060 1372.512304 1357.160646 1347.134499 1319.148338 1251.302316 1205.384665 1172.630201 1139.721267 1088.145984 1020.643553 999.614330 939.782195 878.808123 809.042274 781.076642 745.769277 715.942924 682.217174 679.760344 679.561043 656.603277 622.865531 589.155960 572.996085 553.448411 542.210161 571.714281 588.995986 619.377460 -9999.0 -9999.0 -9999.0 -9999.0
-9999.0 -9999.0 201.110550 250.635786 307.678470 317.192434 319.411537 326.225699 355.536143 408.819975 487.940030 542.486726 589.538313 625.885875 690.000897 776.899087 857.653532 911.542721 973.515829 1043.777098 1107.287200 1145.100723 1168.833807 1209.170598 1260.981508 1319.246377 1344.666313 1370.853354 1402.518953 1436.624582 1453.311790 1468.029552 1475.459152 1476.131562 1479.315022 1479.736134 1475.724284 1470.754236 1453.176931 1450.532377 1458.633787 1463.873559 1466.356961 1453.483705 1449.448084 1462.113369 1464.499119 1463.122918 1462.519474 1469.505968 1474.469286 1437.698343 1394.134244 1377.438131 1367.620249 1324.465485 1260.379401 1213.638534 1188.712104 1145.234613 1065.929239 1011.108658 957.267013 903.535535 845.085868 807.262481 754.864334 708.150913 658.487216 610.343539 585.281625 566.024602 562.874130 562.429519 578.047786 593.143321 608.238494 615.892283 -9999.0 -9999.0
-9999.0 99.523024 172.268752 299.554525 380.056384 426.330143 463.604641 491.638309 521.413536 546.148101 657.166747 759.118024 855.771169 895.195265 950.253442 1050.433248 1147.962070 1194.069808 1230.876473 1283.863845 1341.175488 1388.314172 1417.963561 1436.896763 1468.397521 1476.834390 1478.339932 1480.779233 1476.330398 1469.289695 1460.438278 1466.846552 1463.444274 1445.115262 1429.273356 1425.681271 1418.966750 1394.100746 1365.723955 1351.325035 1354.524226 1376.736163 1365.669111 1345.519515 1341.870123 1362.458181 1380.554984 1372.271643 1360.840493 1379.048074 1413.841178 1435.698486 1448.077528 1463.692803 1484.186834 1459.693361 1429.145145 1387.188320 1366.598795 1336.771155 1276.021286 1212.905801 1157.101511 1094.139518 1025.244027 953.181034 885.240921 818.607885 747.526476 703.552862 670.038969 617.617080 594.483536 594.980121 585.145517 581.779425 587.582517 593.746870 -9999.0 -9999.0
-9999.0 22.761648 165.919630 351.753394 501.217907 564.700060 676.849286 762.966982 796.140174 774.146179 887.976569 1110.316905 1206.360980 1222.980863 1291.990630 1375.450827 1403.456919 1434.650423 1455.414165 1460.798162 1465.376662 1473.996496 1472.548738 1467.078329 1453.151481 1445.399452 1443.965856 1440.321219 1421.458456 1401.445939 1383.258229 1378.236289 1360.062557 1318.148255 1285.086985 1267.160688 1249.245714 1226.156775 1191.337036 1164.375039 1150.458176 1167.458637 1159.360360 1142.152913 1138.478468 1161.148682 1193.883478 1189.527206 1196.721020 1219.620504 1261.124427 1303.150584 1326.899536 1356.921589 1394.264923 1438.112776 1455.255628 1476.077450 1480.441664 1459.350843 1414.955597 1363.253026 1327.207992 1261.177130 1185.791432 1104.778258 1038.065047 973.629284 902.016163 852.212221 801.866427 742.107436 684.334278 656.997269 616.022580 594.842337 -9999.0 -9999.0 -9999.0 -9999.0
-9999.0 -50.726850 139.207667 401.697955 673.437315 796.993311 1001.217830 1133.186695 1197.483583 1260.426819 1263.106156 1394.005414 1427.531749 1422.212016 1415.704558 1419.058806 1434.381652 1438.492586 1435.141830 1425.236898 1415.793427 1411.896445 1409.968600 1402.824105 1390.461702 1375.099247 1361.348604 1346.660789 1305.406755 1270.552921 1235.422828 1219.516772 1181.414801 1090.565350 1046.816203 1011.670833 955.516596 946.370732 936.498238 906.804288 886.764225 868.244590 888.340399 890.766598 892.618178 898.587949 918.026262 940.764855 984.846000 1022.105648 1067.800953 1121.674406 1157.163638 1201.638519 1250.315951 1309.181327 1342.532789 1373.445923 1419.839089 1459.781949 1482.415724 1471.694709 1441.689355 1394.765131 1322.157520 1250.161486 1196.227618 1119.651949 1052.500785 999.636415 955.662222 905.561822 838.623037 748.921716 704.296338 -9999.0 -9999.0 -9999.0 -9999.0 -9999.0
-9999.0 -219.985457 48.276857 341.093218 665.264674 990.752878 1114.671364 1254.623501 1328.191660 1285.019516 1282.031173 1306.664754 1348.263232 1356.457839 1337.608094 1330.176954 1320.584418 1320.815083 1333.296217 1306.326762 1274.698674 1260.510367 1259.288147 1247.263494 1224.015749 1206.082687 1192.335012 1170.639946 1120.494302 1068.972789 989.080004 959.847493 883.592256 819.863879 771.548981 720.614596 668.015294 664.969529 680.199260 663.741941 640.836367 622.022644 648.062209 664.849550 676.722508 666.750249 676.721010 713.385191 764.366263 810.590246 864.256121 922.769587 971.633769 1022.268724 1057.436163 1111.148887 1159.760282 1207.548996 1282.217669 1362.144783 1398.634478 1433.044755 1465.988180 1478.929681 1425.784325 1371.029603 1313.397826 1242.388970 1151.759214 1105.962732 1084.722304 1051.192074 998.454336 -9999.0 -9999.0 -9999.0 -9999.0 -9999.0 -9999.0 -9999.0
-9999.0 -349.997230 -124.978512 113.642297 406.779787 647.228528 837.763825 952.240677 1034.226197 1052.206974 1077.021163 1109.889791 1141.963074 1165.045923 1143.536985 1106.143374 1078.678530 1082.478908 1079.422230 1054.575731 1024.045802 1008.562214 1006.216812 998.614649 973.003940 956.776948 944.302948 919.607356 881.718011 822.720996 739.187184 666.752849 603.443437 567.682558 536.044552 502.005496 464.098569 473.739629 486.770851 482.290993 470.572285 466.747336 496.077710 514.858481 525.092386 513.066947 532.308807 559.799601 602.512800 646.409250 697.004388 754.324557 810.597515 843.714398 862.129291 893.581262 937.832661 995.670389 1083.856655 1179.832760 1256.523261 1307.070658 1357.134997 1387.899835 1398.719230 1409.383095 1377.629925 1283.258702 1146.424806 1148.201936 1153.022709 -9999.0 -9999.0 -9999.0 -9999.0 -9999.0 -9999.0 -9999.0 -9999.0 -9999.0
-9999.0 -9999.0 -360.728498 -176.516262 -27.239955 157.185865 309.774279 420.339778 503.960485 605.507490 703.337615 784.453126 829.194371 847.387693 831.161805 793.379591 768.900353 768.427043 758.308838 745.301325 722.490066 713.323427 702.667235 694.144814 681.821056 674.436795 667.902207 655.111409 630.808601 581.916280 529.451923 476.404966 421.478996 395.182031 372.484290 349.819902 346.880503 343.826818 349.902318 351.075869 356.993764 369.046381 389.502656 411.172242 420.821939 428.820275 441.563189 465.576633 499.192522 541.494989 595.564069 653.422246 693.841571 707.899115 700.406842 708.508346 733.040379 780.936487 870.130117 960.631489 1056.440384 1128.287989 1199.231522 1249.059933 1263.715205 1278.190987 1284.683892 1197.903748 827.452881 1065.716693 -9999.0 -9999.0 -9999.0 -9999.0 -9999.0 -9999.0 -9999.0 -9999.0 -9999.0 -9999.0
-9999.0 -9999.0 -9999.0 -9999.0 -319.689132 -162.463177 -66.346587 17.763564 143.118555 257.345502 353.389379 433.333988 490.929469 516.181215 508.028097 506.831048 499.827860 494.805622 485.490895 481.656307 477.648618 469.656844 456.760524 448.915582 448.438291 451.994913 449.106848 435.058477 417.489688 391.540625 368.370213 332.894296 295.807509 266.215898 252.785404 246.142527 245.989580 239.769445 248.862226 255.567579 270.527731 285.857292 309.770075 338.385757 351.512229 366.016847 375.876014 396.770714 427.199059 480.510047 543.631229 600.849372 636.030355 640.451675 615.554893 600.716758 598.685653 628.903224 678.677273 752.069193 859.393331 937.636014 1000.222715 1046.776148 1078.387458 1120.888968 1161.412535 1179.493246 -9999.0 -9999.0 -9999.0 -9999.0 -9999.0 -9999.0 -9999.0 -9999.0 -9999.0 -9999.0 -9999.0 -9999.0
-9999.0 -9999.0 -9999.0 -9999.0 -9999.0 -9999.0 -369.784421 -271.242442 -185.886648 -56.312481 64.629275 160.725014 237.729589 265.769099 286.958423 310.917445 307.396588 289.838298 272.204518 289.377381 300.444800 294.940208 266.317470 265.058281 268.839515 277.414308 275.488767 268.897943 243.629255 252.651657 251.645624 228.152079 201.790108 187.359479 175.505288 185.181780 185.670644 172.667957 174.308644 200.629450 220.543208 233.881451 256.126084 289.289549 321.408001 336.091941 337.301382 343.615742 384.672606 455.036921 525.965357 580.357536 611.981268 619.730313 591.874150 551.519049 530.917654 538.624759 574.815245 630.344316 710.031824 763.282841 795.424597 815.673377 840.607718 932.859613 -9999.0 -9999.0 -9999.0 -9999.0 -9999.0 -9999.0 -9999.0 -9999.0 -9999.0 -9999.0 -9999.0 -9999.0 -9999.0 -9999.0
-9999.0 -9999.0 -9999.0 -9999.0 -9999.0 -9999.0 -9999.0 -9999.0 -9999.0 -9999.0 -9999.0 -9999.0 -9999.0 -9999.0 -9999.0 -9999.0 -9999.0 -9999.0 -9999.0 -9999.0 -9999.0 -9999.0 -9999.0 -9999.0 -9999.0 -9999.0 -9999.0 -9999.0 -9999.0 -9999.0 -9999.0 -9999.0 -9999.0 -9999.0 -9999.0 -9999.0 -9999.0 -9999.0 -9999.0 -9999.0 -9999.0 -9999.0 -9999.0 -9999.0 -9999.0 -9999.0 -9999.0 -9999.0 -9999.0 -9999.0 -9999.0 -9999.0 -9999.0 -9999.0 -9999.0 -9999.0 -9999.0 -9999.0 -9999.0 -9999.0 -9999.0 -9999.0 -9999.0 -9999.0 -9999.0 -9999.0 -9999.0 -9999.0 -9999.0 -9999.0 -9999.0 -9999.0 -9999.0 -9999.0 -9999.0 -9999.0 -9999.0 -9999.0 -9999.0 -9999.0
-9999.0 -9999.0 -9999.0 -9999.0 -9999.0 -9999.0 -9999.0 -9999.0 -9999.0 -9999.0 -9999.0 -9999.0 -9999.0 -9999.0 -9999.0 -9999.0 -9999.0 -9999.0 -9999.0 -9999.0 -9999.0 -9999.0 -9999.0 -9999.0 -9999.0 -9999.0 -9999.0 -9999.0 -9999.0 -9999.0 -9999.0 -9999.0 -9999.0 -9999.0 -9999.0 -9999.0 -9999.0 -9999.0 -9999.0 -9999.0 -9999.0 -9999.0 -9999.0 -9999.0 -9999.0 -9999.0 -9999.0 -9999.0 -9999.0 -9999.0 -9999.0 -9999.0 -9999.0 -9999.0 -9999.0 -9999.0 -9999.0 -9999.0 -9999.0 -9999.0 -9999.0 -9999.0 -9999.0 -9999.0 -9999.0 -9999.0 -9999.0 -9999.0 -9999.0 -9999.0 -9999.0 -9999.0 -9999.0 -9999.0 -9999.0 -9999.0 -9999.0 -9999.0 -9999.0 -9999.0