Borden_/Borden1m_014/output_maps/psiliqL0003N0023.asc
ncols         80
nrows         18
xllcorner     620200.000000
yllcorner     5168000.000000
cellsize      1.000000
NODATA_value  -9999.0
-9999.0 -9999.0 -9999.0 -9999.0 -9999.0 -9999.0 -9999.0 -9999.0 -9999.0 -9999.0 -9999.0 -9999.0 -9999.0 -9999.0 -9999.0 -9999.0 -9999.0 -9999.0 -9999.0 -9999.0 -9999.0 -9999.0 -9999.0 -9999.0 -9999.0 -9999.0 -9999.0 -9999.0 -9999.0 -9999.0 -9999.0 -9999.0 -9999.0 -9999.0 -9999.0 -9999.0 -9999.0 -9999.0 -9999.0 -9999.0 -9999.0 -9999.0 -9999.0 -9999.0 -9999.0 -9999.0 -9999.0 -9999.0 -9999.0 -9999.0 -9999.0 -9999.0 -9999.0 -9999.0 -9999.0 -9999.0 -9999.0 -9999.0 -9999.0 -9999.0 -9999.0 -9999.0 -9999.0 -9999.0 -9999.0 -9999.0 -9999.0 -9999.0 -9999.0 -9999.0 -9999.0 -9999.0 -9999.0 -9999.0 -9999.0 -9999.0 -9999.0 -9999.0 -9999.0 -9999.0
-9999.0 -9999.0 -9999.0 -9999.0 -9999.0 -9999.0 -9999.0 -9999.0 -9999.0 -9999.0 -9999.0 -9999.0 -9999.0 -9999.0 -9999.0 -9999.0 -9999.0 -9999.0 -9999.0 -9999.0 -9999.0 -9999.0 -9999.0 -9999.0 -9999.0 -9999.0 -9999.0 -9999.0 -9999.0 -9999.0 -9999.0 -9999.0 -9999.0 -9999.0 -9999.0 -9999.0 -9999.0 -9999.0 -9999.0 -9999.0 -9999.0 -9999.0 -9999.0 -9999.0 -9999.0 -9999.0 -9999.0 -9999.0 -9999.0 -9999.0 -9999.0 -9999.0 -9999.0 -9999.0 -9999.0 -9999.0 -9999.0 -9999.0 -9999.0 -9999.0 -9999.0 -9999.0 -9999.0 -9999.0 -9999.0 -9999.0 -9999.0 -9999.0 -9999.0 -9999.0 -9999.0 -9999.0 -9999.0 -9999.0 -9999.0 -9999.0 -9999.0 -9999.0 -9999.0 -9999.0
-9999.0 -9999.0 -9999.0 -9999.0 -9999.0 -9999.0 -9999.0 -9999.0 -9999.0 -9999.0 -9999.0 -9999.0 -9999.0 -9999.0 -9999.0 -9999.0 -9999.0 -9999.0 -9999.0 -9999.0 -555.770932 -554.535191 -557.283395 -560.436890 -563.093981 -563.418262 -560.446774 -556.997450 -553.037526 -552.250898 -555.413907 -554.641873 -555.878308 -556.589374 -556.651943 -555.763723 -555.318094 -554.053221 -553.245896 -553.622081 -554.593308 -555.279111 -555.881950 -555.679037 -554.590436 -556.096912 -553.912538 -551.760600 -551.004939 -551.032181 -553.946361 -555.151282 -555.605073 -558.068544 -553.622411 -552.303052 -548.993726 -548.656640 -548.076481 -551.790993 -555.452334 -9999.0 -9999.0 -9999.0 -9999.0 -9999.0 -9999.0 -9999.0 -9999.0 -9999.0 -9999.0 -9999.0 -9999.0 -9999.0 -9999.0 -9999.0 -9999.0 -9999.0 -9999.0 -9999.0
-9999.0 -9999.0 -9999.0 -9999.0 -9999.0 -9999.0 -9999.0 -9999.0 -9999.0 -9999.0 -9999.0 -9999.0 -9999.0 -9999.0 -560.944144 -562.423490 -563.114938 -563.546530 -560.875784 -558.766480 -558.667713 -560.210459 -558.971471 -561.988299 -564.667057 -563.060808 -560.746342 -558.825386 -555.662701 -553.255388 -555.470893 -556.017982 -554.822344 -550.578022 -548.685742 -549.573087 -554.518754 -549.833001 -547.431743 -545.894992 -546.105910 -548.366536 -545.240452 -541.575105 -543.450405 -547.331338 -546.477229 -544.266322 -540.692510 -542.585963 -554.764998 -556.048087 -555.443620 -555.210887 -556.869593 -558.044742 -553.544536 -554.157883 -554.900992 -555.743623 -558.407120 -562.678677 -564.580584 -560.149956 -556.175924 -548.094393 -9999.0 -9999.0 -9999.0 -9999.0 -9999.0 -9999.0 -9999.0 -9999.0 -9999.0 -9999.0 -9999.0 -9999.0 -9999.0 -9999.0
-9999.0 -9999.0 -9999.0 -9999.0 -9999.0 -9999.0 -9999.0 -9999.0 -9999.0 -563.425274 -563.823441 -563.414902 -564.389730 -563.093958 -565.273238 -564.767151 -565.169195 -563.327153 -561.826563 -559.242333 -555.820036 -558.321170 -558.653997 -556.894774 -556.706312 -556.000841 -554.432991 -548.769155 -542.297307 -532.203952 -540.827544 -541.238001 -536.559224 -519.060311 -503.163142 -498.506183 -506.668916 -506.644475 -496.352097 -483.944354 -484.314844 -485.515965 -471.911163 -463.516161 -457.400683 -470.389510 -482.339042 -484.216490 -467.636054 -495.526634 -519.308678 -538.476088 -537.145598 -543.619164 -550.670920 -553.279743 -554.235919 -549.132070 -551.088236 -555.801635 -559.635986 -558.498193 -560.641078 -558.510500 -556.996848 -550.828999 -545.241792 -539.826661 -539.570215 -543.010378 -9999.0 -9999.0 -9999.0 -9999.0 -9999.0 -9999.0 -9999.0 -9999.0 -9999.0 -9999.0
-9999.0 -9999.0 -9999.0 -9999.0 -9999.0 -9999.0 -566.049972 -566.222232 -565.385838 -568.066091 -566.182036 -567.500276 -566.129594 -565.534480 -564.618490 -564.594065 -562.299161 -560.245198 -556.750653 -552.069209 -547.695836 -550.012424 -548.889227 -542.684316 -530.143446 -518.200247 -510.707722 -497.230905 -450.449472 -395.360370 -366.719076 -350.239678 -325.254580 -301.628917 -256.264951 -184.786314 -260.490697 -278.456713 -266.503331 -230.905755 -147.803036 -146.101263 -140.896920 -133.830228 -107.933837 -113.451723 -226.167643 -252.292215 -258.808554 -264.719154 -295.820074 -330.773664 -411.706184 -464.229023 -504.144179 -524.458139 -528.119518 -524.944380 -533.182128 -544.217111 -550.743060 -550.778590 -552.052974 -554.399325 -553.236191 -550.715451 -546.852480 -544.427789 -546.276929 -548.813510 -550.738320 -554.770267 -554.135993 -550.235097 -9999.0 -9999.0 -9999.0 -9999.0 -9999.0 -9999.0
-9999.0 -9999.0 -9999.0 -9999.0 -570.165439 -568.936564 -572.642232 -570.554376 -568.949884 -567.737906 -567.758994 -565.625701 -565.040715 -563.494709 -560.206231 -557.652012 -552.989411 -549.411826 -539.493729 -518.314587 -497.481572 -484.667356 -477.281553 -414.829313 -324.327752 -292.625039 -282.804828 -265.590410 -223.225743 -100.633083 -74.517805 -95.486853 -53.369326 -56.311981 12.571909 46.636656 27.822686 21.925791 23.698121 31.188502 54.940154 55.658663 56.492011 56.578216 58.704533 60.504205 40.468563 10.313972 -2.115344 -7.914561 -59.307391 -85.390518 -190.102407 -230.058471 -251.093976 -280.556388 -321.629018 -350.005305 -441.423528 -481.827182 -511.957275 -522.552375 -532.450408 -537.457210 -544.041734 -542.806625 -540.950846 -544.322735 -548.728661 -552.876807 -553.418134 -555.233077 -557.242275 -552.200831 -550.394049 -544.938225 -9999.0 -9999.0 -9999.0 -9999.0
-9999.0 -9999.0 -570.387796 -570.311125 -566.964211 -569.037791 -570.319147 -572.101867 -571.381661 -568.156130 -562.100297 -559.490717 -555.359586 -553.046532 -543.295750 -518.328536 -488.420430 -461.793286 -383.019666 -314.402322 -276.986348 -244.183183 -158.932927 -121.530931 -103.165811 -29.513504 -10.458790 -21.139052 34.151539 60.561756 85.398530 100.751354 104.655001 100.698187 99.546191 98.321392 96.055565 92.022087 75.565043 73.355133 80.468546 82.608164 86.116635 73.843532 70.145647 82.298566 84.397239 85.017039 86.984814 95.499386 105.007315 77.332413 24.762495 13.529251 -22.940706 -26.943677 -84.738305 -180.510919 -213.977920 -250.129706 -302.568965 -332.726739 -417.227849 -472.808006 -502.325100 -515.699037 -529.003086 -537.289762 -544.852263 -551.779065 -553.895673 -555.160671 -554.219764 -554.904885 -552.215435 -550.172136 -547.166941 -546.020777 -9999.0 -9999.0
-9999.0 -571.449577 -572.580676 -566.662478 -565.650485 -564.471320 -563.009629 -561.740948 -560.107039 -562.163903 -545.776757 -514.042722 -479.945154 -465.984326 -401.820013 -299.708414 -157.885962 -124.299495 -100.656512 -89.772871 -12.564955 24.062393 50.915906 83.908905 105.516447 102.050026 98.460458 97.319122 89.186931 81.928747 72.054475 79.423999 79.124586 64.110184 52.011480 51.316806 48.475628 20.031599 -0.677184 -12.526190 -7.361626 13.325488 3.434796 -16.499796 -20.231888 -1.085644 14.159078 5.869530 -6.584341 9.656123 39.780022 57.036817 73.247371 87.154847 105.949355 84.891921 52.901393 16.660838 -28.560434 -20.992711 -122.672427 -185.740507 -238.468651 -289.930576 -328.880798 -422.839519 -482.054941 -508.992816 -528.766504 -536.241079 -540.895052 -550.356216 -552.783112 -550.762140 -552.002738 -552.149443 -550.959625 -550.025712 -9999.0 -9999.0
-9999.0 -577.179535 -571.756356 -565.423943 -557.357178 -556.149057 -528.926580 -502.939198 -494.440234 -507.632785 -438.485504 -154.012496 -124.499268 -90.531635 -37.983628 29.360121 69.888497 91.669021 104.298135 96.449126 90.337267 92.370454 87.896849 79.393237 66.534454 58.618284 58.890672 56.694862 40.320138 23.671702 8.476509 6.698017 -4.480511 -37.473888 -66.702924 -78.380315 -92.620830 -169.577824 -214.882660 -242.995350 -254.292251 -236.361663 -245.780574 -261.101883 -264.200022 -244.488804 -213.057749 -217.071379 -208.306965 -182.608925 -138.070803 -55.896668 -36.501954 -11.335830 20.104219 57.601602 75.761293 95.007333 100.528529 77.392519 39.851965 -4.657076 -31.965890 -135.686893 -205.780166 -275.351507 -312.789608 -342.911896 -443.272159 -480.554873 -504.972324 -525.033502 -539.110404 -542.224878 -549.097387 -550.223228 -9999.0 -9999.0 -9999.0 -9999.0
-9999.0 -577.633328 -572.316906 -560.327638 -529.935185 -484.264292 -324.466472 -216.887498 -48.025950 -98.861333 16.832243 89.491621 96.951686 81.801312 55.896906 52.571349 62.152810 64.417077 60.353450 51.145037 41.211634 11.934490 34.956316 2.459357 17.464696 3.020643 -7.028151 -17.997501 -103.355206 -138.312449 -166.426894 -185.551518 -219.997439 -286.884813 -308.296775 -325.034606 -406.376000 -423.566015 -439.781876 -465.995409 -476.752715 -483.623400 -474.348774 -476.670168 -477.514914 -471.896281 -456.310237 -441.791321 -381.980400 -329.347472 -306.152733 -272.362797 -243.885765 -199.310113 -148.200247 -49.727179 -22.827594 2.839493 41.193223 78.095247 98.024390 90.794371 62.917336 29.014199 -28.277681 -135.912286 -180.998363 -235.694532 -287.456472 -317.796926 -340.567206 -422.574931 -485.464832 -521.533665 -531.142180 -9999.0 -9999.0 -9999.0 -9999.0 -9999.0
-9999.0 -585.738240 -572.386923 -562.543432 -509.986457 -315.237852 -236.686709 25.508011 79.585344 10.453560 -101.820708 -24.355582 -35.511008 10.142929 -13.463231 -21.837619 -27.969258 -28.540273 -15.953006 -43.165982 -117.176017 -135.809947 -137.923413 -151.776370 -177.424109 -198.372802 -213.834895 -233.904357 -276.643824 -304.187050 -347.590057 -395.720424 -471.039161 -503.890290 -519.900986 -533.655994 -546.040030 -545.724880 -541.756743 -545.139640 -548.822562 -552.660271 -547.984649 -545.778482 -543.699401 -546.263860 -545.529504 -539.084040 -528.198269 -515.930463 -496.261500 -466.428453 -419.217995 -332.813828 -312.434359 -279.020795 -242.822034 -194.261659 -120.385648 -3.526015 21.775966 53.079253 88.970722 107.165798 68.492500 32.316578 -17.282600 -59.953518 -175.421137 -233.310463 -259.402124 -287.249454 -319.984080 -9999.0 -9999.0 -9999.0 -9999.0 -9999.0 -9999.0 -9999.0
-9999.0 -590.090283 -575.800394 -573.672479 -556.106414 -515.967878 -438.384552 -311.115862 -159.636580 -275.955848 -287.405345 -270.922050 -250.132058 -232.122002 -251.145474 -274.774571 -289.880766 -286.513245 -284.705918 -298.684971 -314.702640 -321.908065 -323.004295 -333.792133 -382.983281 -412.194761 -427.665504 -451.634870 -477.474371 -502.359237 -531.297069 -544.625571 -553.706524 -556.800625 -559.093545 -561.504110 -566.031245 -563.512339 -561.576822 -562.051598 -563.480162 -564.552340 -561.130593 -559.903312 -558.818273 -561.903251 -559.717373 -557.721422 -553.227785 -548.522583 -541.709315 -531.486122 -517.980550 -507.696535 -499.356310 -483.176263 -452.630004 -358.738972 -297.922421 -217.546302 -143.619375 -54.139574 -6.198216 26.158827 45.999580 56.292160 63.554125 42.997905 -25.207957 -154.603277 -196.281906 -9999.0 -9999.0 -9999.0 -9999.0 -9999.0 -9999.0 -9999.0 -9999.0 -9999.0
-9999.0 -9999.0 -593.242762 -587.348428 -582.291040 -576.844303 -568.946319 -558.355080 -549.918024 -538.237631 -521.019637 -500.698920 -486.467314 -479.425670 -488.801865 -506.256948 -515.757828 -515.082163 -517.606667 -522.541578 -531.075953 -534.260709 -536.374566 -538.037114 -541.445536 -542.855245 -543.450108 -544.732689 -547.548928 -553.772117 -559.092730 -562.734569 -566.704594 -566.567502 -567.201127 -568.557625 -567.408161 -567.701479 -567.328732 -567.517318 -567.177754 -566.524748 -565.741841 -564.652793 -564.586782 -564.266344 -563.872335 -562.679346 -560.838090 -558.355247 -553.535414 -546.405729 -540.832265 -539.458988 -542.343631 -541.464540 -537.445115 -527.467845 -492.947609 -413.964336 -316.642635 -266.446739 -196.765127 -142.794267 -94.312147 -58.371992 -2.458400 39.431192 23.975677 -95.180126 -9999.0 -9999.0 -9999.0 -9999.0 -9999.0 -9999.0 -9999.0 -9999.0 -9999.0 -9999.0
-9999.0 -9999.0 -9999.0 -9999.0 -595.902199 -587.502623 -579.882048 -580.588953 -574.965157 -571.436237 -568.094474 -564.065234 -560.679880 -558.508146 -561.088599 -561.615941 -562.143010 -561.783449 -562.368176 -563.027168 -563.331860 -563.769831 -564.233458 -564.844402 -564.585019 -563.981538 -563.822314 -564.861123 -564.902992 -566.830698 -567.066242 -568.214286 -569.325492 -570.615123 -570.347097 -570.469575 -569.897060 -570.515941 -569.583475 -570.122382 -569.405042 -569.078758 -568.205548 -566.776581 -567.282444 -566.459361 -566.412826 -565.336287 -564.870555 -561.909280 -557.049637 -551.335239 -547.382112 -547.538651 -552.481779 -554.557698 -555.742739 -552.608432 -547.072546 -534.820178 -501.186700 -458.906002 -356.246578 -313.171628 -290.580690 -252.279795 -183.377326 -93.788131 -9999.0 -9999.0 -9999.0 -9999.0 -9999.0 -9999.0 -9999.0 -9999.0 -9999.0 -9999.0 -9999.0 -9999.0
-9999.0 -9999.0 -9999.0 -9999.0 -9999.0 -9999.0 -592.191589 -587.964303 -589.237544 -585.962993 -583.024830 -580.731989 -577.299158 -577.670673 -576.634657 -573.950739 -574.310749 -575.583936 -577.188325 -574.831858 -573.781524 -573.553290 -576.142902 -575.414861 -575.131942 -574.143477 -574.244823 -573.814345 -576.001649 -573.377211 -572.114045 -572.599399 -573.064980 -572.573384 -573.125123 -571.499957 -571.306426 -572.608226 -572.996708 -571.119971 -570.579172 -570.841315 -570.472464 -569.180650 -567.300245 -567.006084 -567.842291 -569.007816 -567.075865 -562.582879 -557.420858 -552.750755 -549.647068 -548.626142 -552.795112 -558.344114 -561.102737 -561.468323 -559.163553 -554.672969 -543.743518 -535.780080 -529.007253 -519.724810 -508.908603 -452.541287 -9999.0 -9999.0 -9999.0 -9999.0 -9999.0 -9999.0 -9999.0 -9999.0 -9999.0 -9999.0 -9999.0 -9999.0 -9999.0 -9999.0
-9999.0 -9999.0 -9999.0 -9999.0 -9999.0 -9999.0 -9999.0 -9999.0 -9999.0 -9999.0 -9999.0 -9999.0 -9999.0 -9999.0 -9999.0 -9999.0 -9999.0 -9999.0 -9999.0 -9999.0 -9999.0 -9999.0 -9999.0 -9999.0 -9999.0 -9999.0 -9999.0 -9999.0 -9999.0 -9999.0 -9999.0 -9999.0 -9999.0 -9999.0 -9999.0 -9999.0 -9999.0 -9999.0 -9999.0 -9999.0 -9999.0 -9999.0 -9999.0 -9999.0 -9999.0 -9999.0 -9999.0 -9999.0 -9999.0 -9999.0 -9999.0 -9999.0 -9999.0 -9999.0 -9999.0 -9999.0 -9999.0 -9999.0 -9999.0 -9999.0 -9999.0 -9999.0 -9999.0 -9999.0 -9999.0 -9999.0 -9999.0 -9999.0 -9999.0 -9999.0 -9999.0 -9999.0 -9999.0 -9999.0 -9999.0 -9999.0 -9999.0 -9999.0 -9999.0 -9999.0
-9999.0 -9999.0 -9999.0 -9999.0 -9999.0 -9999.0 -9999.0 -9999.0 -9999.0 -9999.0 -9999.0 -9999.0 -9999.0 -9999.0 -9999.0 -9999.0 -9999.0 -9999.0 -9999.0 -9999.0 -9999.0 -9999.0 -9999.0 -9999.0 -9999.0 -9999.0 -9999.0 -9999.0 -9999.0 -9999.0 -9999.0 -9999.0 -9999.0 -9999.0 -9999.0 -9999.0 -9999.0 -9999.0 -9999.0 -9999.0 -9999.0 -9999.0 -9999.0 -9999.0 -9999.0 -9999.0 -9999.0 -9999.0 -9999.0 -9999.0 -9999.0 -9999.0 -9999.0 -9999.0 -9999.0 -9999.0 -9999.0 -9999.0 -9999.0 -9999.0 -9999.0 -9999.0 -9999.0 -9999.0 -9999.0 -9999.0 -9999.0 -9999.0 -9999.0 -9999.0 -9999.0 -9999.0 -9999.0 -9999.0 -9999.0 -9999.0 -9999.0 -9999.0 -9999.0 -9999.0