Borden_/Borden1m_014/output_maps/psiliqL0012N0027.asc
ncols         80
nrows         18
xllcorner     620200.000000
yllcorner     5168000.000000
cellsize      1.000000
NODATA_value  -9999.0
-9999.0 -9999.0 -9999.0 -9999.0 -9999.0 -9999.0 -9999.0 -9999.0 -9999.0 -9999.0 -9999.0 -9999.0 -9999.0 -9999.0 -9999.0 -9999.0 -9999.0 -9999.0 -9999.0 -9999.0 -9999.0 -9999.0 -9999.0 -9999.0 -9999.0 -9999.0 -9999.0 -9999.0 -9999.0 -9999.0 -9999.0 -9999.0 -9999.0 -9999.0 -9999.0 -9999.0 -9999.0 -9999.0 -9999.0 -9999.0 -9999.0 -9999.0 -9999.0 -9999.0 -9999.0 -9999.0 -9999.0 -9999.0 -9999.0 -9999.0 -9999.0 -9999.0 -9999.0 -9999.0 -9999.0 -9999.0 -9999.0 -9999.0 -9999.0 -9999.0 -9999.0 -9999.0 -9999.0 -9999.0 -9999.0 -9999.0 -9999.0 -9999.0 -9999.0 -9999.0 -9999.0 -9999.0 -9999.0 -9999.0 -9999.0 -9999.0 -9999.0 -9999.0 -9999.0 -9999.0
-9999.0 -9999.0 -9999.0 -9999.0 -9999.0 -9999.0 -9999.0 -9999.0 -9999.0 -9999.0 -9999.0 -9999.0 -9999.0 -9999.0 -9999.0 -9999.0 -9999.0 -9999.0 -9999.0 -9999.0 -9999.0 -9999.0 -9999.0 -9999.0 -9999.0 -9999.0 -9999.0 -9999.0 -9999.0 -9999.0 -9999.0 -9999.0 -9999.0 -9999.0 -9999.0 -9999.0 -9999.0 -9999.0 -9999.0 -9999.0 -9999.0 -9999.0 -9999.0 -9999.0 -9999.0 -9999.0 -9999.0 -9999.0 -9999.0 -9999.0 -9999.0 -9999.0 -9999.0 -9999.0 -9999.0 -9999.0 -9999.0 -9999.0 -9999.0 -9999.0 -9999.0 -9999.0 -9999.0 -9999.0 -9999.0 -9999.0 -9999.0 -9999.0 -9999.0 -9999.0 -9999.0 -9999.0 -9999.0 -9999.0 -9999.0 -9999.0 -9999.0 -9999.0 -9999.0 -9999.0
-9999.0 -9999.0 -9999.0 -9999.0 -9999.0 -9999.0 -9999.0 -9999.0 -9999.0 -9999.0 -9999.0 -9999.0 -9999.0 -9999.0 -9999.0 -9999.0 -9999.0 -9999.0 -9999.0 -9999.0 541.727067 544.715807 522.937996 489.826436 462.496387 465.468547 501.135993 543.397421 582.860349 594.182156 577.341939 580.457171 576.639452 576.600988 579.953213 587.051546 591.173606 602.933734 612.023089 612.489607 607.218181 602.656098 603.076573 606.558996 611.592023 600.680456 613.492641 627.750979 632.305269 625.762027 597.131094 580.035386 569.897299 553.328891 576.439339 587.292976 609.055482 612.291409 609.856150 582.087122 551.534654 -9999.0 -9999.0 -9999.0 -9999.0 -9999.0 -9999.0 -9999.0 -9999.0 -9999.0 -9999.0 -9999.0 -9999.0 -9999.0 -9999.0 -9999.0 -9999.0 -9999.0 -9999.0 -9999.0
-9999.0 -9999.0 -9999.0 -9999.0 -9999.0 -9999.0 -9999.0 -9999.0 -9999.0 -9999.0 -9999.0 -9999.0 -9999.0 -9999.0 449.363766 440.047883 437.873189 447.090682 481.487995 512.214465 524.758971 517.906381 518.766563 496.183102 476.768757 491.890136 522.739866 555.800650 592.022528 614.049657 603.708597 602.601200 613.794756 640.947083 655.422965 653.540162 633.691076 657.303187 674.231263 684.500603 685.298280 678.078955 692.697653 709.176370 702.127954 683.643352 686.534494 697.009387 708.676586 692.383149 626.247183 604.335086 598.347718 589.641449 573.993402 566.064907 589.946997 589.188493 579.820961 560.848178 527.535570 482.969603 464.057550 501.900684 545.202068 602.139064 -9999.0 -9999.0 -9999.0 -9999.0 -9999.0 -9999.0 -9999.0 -9999.0 -9999.0 -9999.0 -9999.0 -9999.0 -9999.0 -9999.0
-9999.0 -9999.0 -9999.0 -9999.0 -9999.0 -9999.0 -9999.0 -9999.0 -9999.0 390.140872 394.757561 402.575949 405.405002 421.750234 420.221976 428.067382 436.353994 464.037466 496.149698 532.243450 562.006318 553.890236 555.802164 568.284177 574.601806 588.577119 611.908301 655.100908 699.389693 743.870776 717.873546 717.673275 738.756055 788.347737 824.809212 834.117517 815.273686 822.538998 849.618377 875.747432 878.745042 879.038851 905.936187 920.855378 923.181893 901.173005 882.867397 879.750842 903.145598 848.312876 779.416473 725.043073 724.537593 690.479903 648.039927 624.659125 619.918212 639.133767 622.149761 583.041319 545.157231 533.452232 515.229870 530.936471 552.260170 597.866303 635.746564 663.447961 662.499474 644.545205 -9999.0 -9999.0 -9999.0 -9999.0 -9999.0 -9999.0 -9999.0 -9999.0 -9999.0 -9999.0
-9999.0 -9999.0 -9999.0 -9999.0 -9999.0 -9999.0 310.615860 320.242058 340.809856 346.345461 371.989531 380.227663 401.709284 422.049236 444.410933 462.433576 494.339958 528.844511 571.883631 617.434324 651.896159 649.728425 663.172641 698.509459 742.145791 774.824792 802.402487 846.607829 929.747005 978.049983 991.027379 998.673477 1010.043226 1057.863244 1121.941336 1139.908759 1117.460767 1101.693295 1121.847414 1160.286963 1173.283674 1177.431188 1187.939286 1197.423988 1222.413562 1211.206183 1165.772044 1146.612618 1140.782831 1124.636188 1065.963018 1001.998697 961.385588 906.751352 818.867217 759.038411 760.501765 774.774240 741.178981 683.422153 638.499544 625.257659 608.122014 592.448427 596.481107 614.085668 635.324943 645.281006 631.386009 609.583845 585.934154 556.532560 557.786197 582.710228 -9999.0 -9999.0 -9999.0 -9999.0 -9999.0 -9999.0
-9999.0 -9999.0 -9999.0 -9999.0 260.265463 273.316614 261.815069 286.873133 319.932854 354.540053 387.702278 426.061888 454.838172 486.714845 529.798500 568.296230 614.263937 653.474080 712.317024 784.770478 840.647651 870.760229 892.334503 956.723722 1020.970697 1074.141892 1095.467368 1124.577608 1170.613130 1236.269010 1265.835932 1274.523206 1293.037901 1326.063940 1371.123414 1403.759415 1386.349961 1378.255770 1384.043301 1396.209127 1422.243849 1425.049213 1427.537306 1429.633559 1433.031576 1431.257629 1405.629114 1371.042250 1355.704834 1345.779072 1318.993958 1251.390195 1205.276372 1172.034647 1138.950558 1088.222407 1021.731469 1000.494149 939.122962 876.547966 806.864174 779.486945 744.357768 714.447193 680.838498 678.692049 678.865563 656.301557 622.882634 589.363227 573.297001 553.762501 542.484078 571.923007 589.140838 619.467657 -9999.0 -9999.0 -9999.0 -9999.0
-9999.0 -9999.0 200.849499 250.332017 307.284849 316.675038 318.723695 325.280636 354.291829 407.279294 486.029245 540.032041 586.658610 622.999605 687.194312 773.514992 853.637287 908.809243 972.540399 1043.275604 1106.085488 1143.698470 1168.134660 1209.180078 1262.082953 1320.628387 1345.878398 1372.119077 1402.662856 1437.135253 1454.048689 1469.442189 1477.404778 1478.379797 1482.332652 1483.015182 1478.153892 1471.867023 1453.563184 1450.313768 1457.906181 1462.701217 1465.116460 1452.576451 1448.714759 1461.429958 1463.816627 1462.415527 1461.779386 1468.978150 1474.448991 1438.015917 1394.601744 1378.095006 1367.994244 1324.959585 1261.626184 1214.866601 1189.247216 1145.286838 1066.830404 1012.696295 958.073648 902.893893 843.745823 806.102504 754.097795 707.967724 658.808001 610.878697 585.863869 566.553355 563.285220 562.713481 578.229831 593.249282 608.288647 615.913339 -9999.0 -9999.0
-9999.0 99.313036 172.004821 299.213729 379.564254 425.642969 462.667941 490.140144 519.324907 543.628140 654.159833 755.141936 851.350888 891.890736 948.683207 1049.318143 1146.595595 1193.329880 1230.828350 1284.091585 1341.082128 1388.275504 1418.369860 1437.568065 1469.452617 1478.099144 1479.563414 1481.934169 1477.122522 1470.099262 1461.346061 1468.156827 1465.046912 1447.106299 1431.831997 1428.622271 1421.771711 1395.576717 1366.233801 1350.948217 1353.297812 1374.578170 1363.293372 1344.008082 1340.757634 1361.535271 1379.837364 1371.723462 1360.421162 1378.605713 1413.743891 1436.213406 1448.817577 1464.538963 1484.788724 1460.404359 1430.173137 1388.310374 1367.703955 1337.342375 1277.127750 1214.781533 1159.341190 1096.617794 1028.073576 955.474282 886.399707 819.726813 748.987223 704.934147 671.248011 618.589672 595.140016 595.364393 585.373913 581.918690 587.647665 593.778280 -9999.0 -9999.0
-9999.0 22.535903 165.631231 351.335155 500.556830 563.765080 675.814598 760.752762 792.860300 770.517158 885.100811 1107.510815 1203.483688 1221.294403 1291.433006 1375.362125 1403.460063 1434.923866 1456.004005 1461.610949 1466.149465 1474.879325 1473.783963 1468.246113 1454.358608 1446.680639 1445.187721 1441.491874 1422.462449 1402.152650 1383.871190 1379.609206 1361.340150 1319.893711 1287.748923 1270.696457 1253.515839 1228.175486 1191.518539 1163.080355 1148.081788 1164.336263 1156.265351 1139.509880 1136.144202 1159.135963 1192.485180 1188.833457 1196.771894 1220.229913 1261.850888 1304.004065 1327.899410 1358.183538 1394.940228 1438.833467 1456.002217 1476.933513 1481.343354 1460.092361 1415.886063 1364.645683 1329.542501 1264.378845 1190.209621 1110.224213 1044.382029 980.657942 908.159308 856.639731 805.086213 744.346121 685.539110 657.464014 616.256001 595.021595 -9999.0 -9999.0 -9999.0 -9999.0
-9999.0 -50.968373 138.896954 401.200082 672.541026 796.243441 1002.333750 1134.044835 1197.790586 1259.455455 1261.294953 1392.152856 1425.879818 1421.363197 1415.576623 1419.413353 1434.998218 1439.381171 1436.379388 1426.874680 1417.569888 1413.622470 1412.278295 1404.601137 1391.970006 1376.488058 1362.556016 1347.795149 1306.546803 1271.808694 1236.732887 1220.516953 1181.816115 1091.358510 1048.630361 1014.065566 957.398781 946.897944 935.529044 904.051300 882.673674 863.449983 883.715823 886.284832 888.362558 894.971521 915.578693 939.508009 984.841086 1022.855985 1068.373606 1122.161206 1158.002318 1202.893145 1251.290564 1309.815988 1342.815591 1374.051917 1420.833855 1460.699352 1483.675224 1473.457751 1444.072295 1397.691006 1326.728590 1256.644546 1204.848296 1130.503124 1064.387492 1011.233004 965.786278 912.485537 841.884825 749.417155 704.387240 -9999.0 -9999.0 -9999.0 -9999.0 -9999.0
-9999.0 -220.235040 47.984803 340.618025 664.606727 991.421657 1116.607703 1257.121752 1330.366096 1286.067322 1281.400232 1305.032687 1346.208237 1355.342866 1337.277798 1330.555105 1321.390273 1322.013873 1335.050725 1308.942501 1277.638481 1263.527839 1262.381199 1249.823809 1225.933789 1207.445051 1193.215737 1171.146770 1120.958503 1069.908967 990.380643 960.133217 881.951686 817.537427 769.900819 719.542357 666.921971 663.509812 678.230765 661.205008 637.883144 618.844406 644.843041 661.627675 673.565919 663.810644 674.105319 711.020035 762.057004 808.026557 861.398609 920.820957 971.080141 1022.822425 1057.880519 1111.150317 1159.882258 1208.299265 1283.063948 1362.957801 1400.189581 1435.143680 1468.609496 1482.397228 1430.668648 1377.829244 1322.732040 1254.961218 1167.290475 1122.670673 1100.035084 1062.600118 1007.441982 -9999.0 -9999.0 -9999.0 -9999.0 -9999.0 -9999.0 -9999.0
-9999.0 -350.223329 -125.254237 113.221901 406.208927 646.786828 838.742162 954.326736 1036.110945 1053.276281 1076.889643 1108.415243 1139.687536 1162.896683 1141.948336 1105.525119 1078.919686 1083.279713 1080.839755 1056.886345 1027.084614 1011.928477 1009.527501 1001.358675 974.691037 957.557582 944.295513 918.576933 879.558511 820.390483 737.551966 665.222331 601.609723 565.851324 534.521423 500.731935 462.858831 472.424982 485.313122 480.667860 468.819022 464.912150 494.198407 512.956259 523.201512 511.235474 530.537594 558.037462 600.645798 644.275157 694.484095 751.553359 807.608708 840.559730 858.799240 890.642392 936.469622 995.951434 1084.434511 1180.922786 1258.364149 1309.419023 1359.976964 1391.973878 1404.206428 1416.925708 1387.706506 1296.662892 1163.347203 1168.268895 1172.570239 -9999.0 -9999.0 -9999.0 -9999.0 -9999.0 -9999.0 -9999.0 -9999.0 -9999.0
-9999.0 -9999.0 -361.035154 -176.903736 -27.787467 156.497984 309.099145 419.836466 503.196142 604.457820 701.377849 781.153717 825.104494 843.217549 827.152496 790.136187 766.454257 766.454049 756.793069 744.325258 721.993870 713.044055 702.381393 693.642080 680.942272 673.220816 666.402469 653.325122 628.822302 580.059194 527.940014 475.063558 420.159512 393.939129 371.366856 348.804745 345.905303 342.842170 348.876527 349.996695 355.866496 367.881979 388.312248 409.967122 419.614000 427.620466 440.368131 464.363367 497.904378 540.043101 593.865939 651.443057 691.553234 705.352365 697.691227 705.767778 730.515699 778.523343 867.845751 960.426698 1057.530632 1130.282095 1202.450247 1253.664107 1269.960493 1286.780075 1296.106413 1212.297606 840.855569 1087.307296 -9999.0 -9999.0 -9999.0 -9999.0 -9999.0 -9999.0 -9999.0 -9999.0 -9999.0 -9999.0
-9999.0 -9999.0 -9999.0 -9999.0 -320.180400 -163.064671 -67.113253 16.908829 142.085183 256.192633 351.831084 431.276688 488.457871 513.547338 505.485276 504.606936 497.944977 493.168273 484.072536 480.455020 476.620542 468.698829 455.779719 447.854789 447.271073 450.734030 447.769038 433.664601 416.095161 390.239199 367.213744 331.851798 294.845308 265.319027 251.950023 245.356356 245.232169 239.017888 248.105275 254.795735 269.739428 285.050692 308.942445 337.537766 350.649525 365.142098 374.984355 395.847610 426.221560 479.447321 542.415356 599.440805 634.421740 638.680783 613.676547 598.763395 596.672668 626.741410 676.296824 749.790854 857.201344 937.339179 1002.429671 1050.587597 1083.762159 1129.057686 1174.300397 1195.345955 -9999.0 -9999.0 -9999.0 -9999.0 -9999.0 -9999.0 -9999.0 -9999.0 -9999.0 -9999.0 -9999.0 -9999.0
-9999.0 -9999.0 -9999.0 -9999.0 -9999.0 -9999.0 -370.494702 -272.041857 -186.798632 -57.374758 63.454578 159.238080 236.070893 264.026575 285.235012 309.295087 305.921387 288.496224 270.969901 288.259439 299.412932 293.941833 265.289503 263.998179 267.747903 276.299809 274.355239 267.761011 242.509825 251.607375 250.686453 227.258637 200.954371 186.580665 174.776971 184.494239 185.008965 172.017477 173.659101 199.975068 219.881642 233.211800 255.449959 288.602837 320.701894 335.366340 336.553058 342.830442 383.832049 454.133026 524.952647 579.196028 610.670940 618.301060 590.368883 549.957978 529.288315 536.858602 572.836825 628.158850 707.625553 761.216528 794.099945 815.069542 841.199836 936.350547 -9999.0 -9999.0 -9999.0 -9999.0 -9999.0 -9999.0 -9999.0 -9999.0 -9999.0 -9999.0 -9999.0 -9999.0 -9999.0 -9999.0
-9999.0 -9999.0 -9999.0 -9999.0 -9999.0 -9999.0 -9999.0 -9999.0 -9999.0 -9999.0 -9999.0 -9999.0 -9999.0 -9999.0 -9999.0 -9999.0 -9999.0 -9999.0 -9999.0 -9999.0 -9999.0 -9999.0 -9999.0 -9999.0 -9999.0 -9999.0 -9999.0 -9999.0 -9999.0 -9999.0 -9999.0 -9999.0 -9999.0 -9999.0 -9999.0 -9999.0 -9999.0 -9999.0 -9999.0 -9999.0 -9999.0 -9999.0 -9999.0 -9999.0 -9999.0 -9999.0 -9999.0 -9999.0 -9999.0 -9999.0 -9999.0 -9999.0 -9999.0 -9999.0 -9999.0 -9999.0 -9999.0 -9999.0 -9999.0 -9999.0 -9999.0 -9999.0 -9999.0 -9999.0 -9999.0 -9999.0 -9999.0 -9999.0 -9999.0 -9999.0 -9999.0 -9999.0 -9999.0 -9999.0 -9999.0 -9999.0 -9999.0 -9999.0 -9999.0 -9999.0
-9999.0 -9999.0 -9999.0 -9999.0 -9999.0 -9999.0 -9999.0 -9999.0 -9999.0 -9999.0 -9999.0 -9999.0 -9999.0 -9999.0 -9999.0 -9999.0 -9999.0 -9999.0 -9999.0 -9999.0 -9999.0 -9999.0 -9999.0 -9999.0 -9999.0 -9999.0 -9999.0 -9999.0 -9999.0 -9999.0 -9999.0 -9999.0 -9999.0 -9999.0 -9999.0 -9999.0 -9999.0 -9999.0 -9999.0 -9999.0 -9999.0 -9999.0 -9999.0 -9999.0 -9999.0 -9999.0 -9999.0 -9999.0 -9999.0 -9999.0 -9999.0 -9999.0 -9999.0 -9999.0 -9999.0 -9999.0 -9999.0 -9999.0 -9999.0 -9999.0 -9999.0 -9999.0 -9999.0 -9999.0 -9999.0 -9999.0 -9999.0 -9999.0 -9999.0 -9999.0 -9999.0 -9999.0 -9999.0 -9999.0 -9999.0 -9999.0 -9999.0 -9999.0 -9999.0 -9999.0