Borden_/Borden1m_014/output_maps/psiliqL0028N0025.asc
ncols         80
nrows         18
xllcorner     620200.000000
yllcorner     5168000.000000
cellsize      1.000000
NODATA_value  -9999.0
-9999.0 -9999.0 -9999.0 -9999.0 -9999.0 -9999.0 -9999.0 -9999.0 -9999.0 -9999.0 -9999.0 -9999.0 -9999.0 -9999.0 -9999.0 -9999.0 -9999.0 -9999.0 -9999.0 -9999.0 -9999.0 -9999.0 -9999.0 -9999.0 -9999.0 -9999.0 -9999.0 -9999.0 -9999.0 -9999.0 -9999.0 -9999.0 -9999.0 -9999.0 -9999.0 -9999.0 -9999.0 -9999.0 -9999.0 -9999.0 -9999.0 -9999.0 -9999.0 -9999.0 -9999.0 -9999.0 -9999.0 -9999.0 -9999.0 -9999.0 -9999.0 -9999.0 -9999.0 -9999.0 -9999.0 -9999.0 -9999.0 -9999.0 -9999.0 -9999.0 -9999.0 -9999.0 -9999.0 -9999.0 -9999.0 -9999.0 -9999.0 -9999.0 -9999.0 -9999.0 -9999.0 -9999.0 -9999.0 -9999.0 -9999.0 -9999.0 -9999.0 -9999.0 -9999.0 -9999.0
-9999.0 -9999.0 -9999.0 -9999.0 -9999.0 -9999.0 -9999.0 -9999.0 -9999.0 -9999.0 -9999.0 -9999.0 -9999.0 -9999.0 -9999.0 -9999.0 -9999.0 -9999.0 -9999.0 -9999.0 -9999.0 -9999.0 -9999.0 -9999.0 -9999.0 -9999.0 -9999.0 -9999.0 -9999.0 -9999.0 -9999.0 -9999.0 -9999.0 -9999.0 -9999.0 -9999.0 -9999.0 -9999.0 -9999.0 -9999.0 -9999.0 -9999.0 -9999.0 -9999.0 -9999.0 -9999.0 -9999.0 -9999.0 -9999.0 -9999.0 -9999.0 -9999.0 -9999.0 -9999.0 -9999.0 -9999.0 -9999.0 -9999.0 -9999.0 -9999.0 -9999.0 -9999.0 -9999.0 -9999.0 -9999.0 -9999.0 -9999.0 -9999.0 -9999.0 -9999.0 -9999.0 -9999.0 -9999.0 -9999.0 -9999.0 -9999.0 -9999.0 -9999.0 -9999.0 -9999.0
-9999.0 -9999.0 -9999.0 -9999.0 -9999.0 -9999.0 -9999.0 -9999.0 -9999.0 -9999.0 -9999.0 -9999.0 -9999.0 -9999.0 -9999.0 -9999.0 -9999.0 -9999.0 -9999.0 -9999.0 3725.108250 3725.771781 3704.092205 3669.785496 3641.327854 3642.897380 3675.320507 3715.608581 3754.224672 3760.940623 3741.418908 3745.206428 3740.569842 3735.305202 3734.937674 3742.657611 3749.545115 3758.878005 3765.490637 3762.792736 3755.168376 3750.131317 3753.078521 3754.419100 3760.834148 3745.743764 3762.090980 3778.571794 3783.208939 3780.895422 3757.733543 3746.472814 3738.786455 3723.372652 3750.481217 3762.327440 3786.137006 3791.063288 3789.257399 3762.821293 3732.936807 -9999.0 -9999.0 -9999.0 -9999.0 -9999.0 -9999.0 -9999.0 -9999.0 -9999.0 -9999.0 -9999.0 -9999.0 -9999.0 -9999.0 -9999.0 -9999.0 -9999.0 -9999.0 -9999.0
-9999.0 -9999.0 -9999.0 -9999.0 -9999.0 -9999.0 -9999.0 -9999.0 -9999.0 -9999.0 -9999.0 -9999.0 -9999.0 -9999.0 3635.221398 3626.476343 3623.363986 3630.203299 3662.213205 3692.237935 3703.672376 3695.980399 3695.493447 3670.274325 3646.710620 3658.712294 3687.656943 3717.529225 3750.333046 3766.832870 3755.597903 3752.630488 3758.773019 3776.991444 3783.896789 3779.934651 3762.530871 3786.863445 3799.522403 3803.106442 3800.806442 3790.669546 3798.603270 3812.265639 3805.130101 3790.203394 3802.204815 3817.782493 3828.297693 3821.185621 3764.210911 3753.659212 3750.956718 3747.731197 3735.214369 3732.170612 3761.454700 3761.392507 3754.778176 3738.109827 3705.073987 3659.989518 3641.423715 3682.836148 3726.904848 3783.457498 -9999.0 -9999.0 -9999.0 -9999.0 -9999.0 -9999.0 -9999.0 -9999.0 -9999.0 -9999.0 -9999.0 -9999.0 -9999.0 -9999.0
-9999.0 -9999.0 -9999.0 -9999.0 -9999.0 -9999.0 -9999.0 -9999.0 -9999.0 3578.019309 3584.048560 3590.694404 3592.903010 3607.622593 3603.909528 3610.427953 3613.493204 3640.365900 3669.128000 3701.905166 3728.144487 3718.492864 3716.497469 3718.838660 3711.150156 3717.755838 3737.523512 3773.307522 3802.815759 3836.925429 3802.336331 3796.735779 3813.736068 3853.755171 3874.718779 3875.481603 3856.584706 3874.870739 3898.083818 3912.569253 3908.586120 3901.945605 3928.271100 3943.869943 3936.185720 3914.101454 3914.876649 3923.748067 3953.766476 3903.020765 3836.936904 3800.954299 3819.121478 3799.677324 3776.134293 3767.062172 3768.818236 3789.751090 3779.007896 3746.067234 3713.757231 3702.345553 3686.138868 3708.435373 3732.431893 3779.381209 3819.890616 3850.211457 3849.882973 3832.867002 -9999.0 -9999.0 -9999.0 -9999.0 -9999.0 -9999.0 -9999.0 -9999.0 -9999.0 -9999.0
-9999.0 -9999.0 -9999.0 -9999.0 -9999.0 -9999.0 3499.651441 3510.130167 3530.665369 3532.586381 3558.886777 3563.371336 3581.437021 3597.770754 3619.076296 3630.680485 3654.188399 3683.019270 3717.579318 3753.634489 3779.903016 3766.716722 3771.041436 3788.060154 3812.113734 3828.804740 3850.885039 3888.410957 3960.497697 3996.321159 3986.204595 3986.308296 3994.319184 4045.077170 4109.149651 4119.218143 4098.423794 4085.711596 4110.291896 4148.454529 4145.427555 4144.108623 4158.162952 4169.428921 4196.387352 4184.760314 4148.888620 4144.988002 4153.335795 4128.857978 4057.790322 4001.438816 3985.158806 3938.095722 3854.018757 3813.412345 3840.760388 3870.691427 3850.562559 3801.994418 3771.368239 3767.246939 3757.331595 3752.089561 3766.156702 3790.232086 3814.810291 3829.440457 3818.034007 3797.502211 3776.269755 3748.437930 3751.419810 3776.480568 -9999.0 -9999.0 -9999.0 -9999.0 -9999.0 -9999.0
-9999.0 -9999.0 -9999.0 -9999.0 3450.575255 3463.129351 3447.418771 3473.331646 3504.606681 3537.506208 3563.634284 3593.809004 3615.626161 3641.089657 3672.259567 3691.351055 3721.132195 3749.336220 3794.976488 3854.666967 3897.597607 3909.066428 3916.679068 3966.942779 4022.785090 4069.092231 4087.780385 4114.041832 4161.478836 4218.359783 4240.244627 4242.497084 4259.474373 4304.619034 4363.022244 4398.757305 4380.756798 4371.357806 4382.416020 4397.556762 4419.721835 4419.755557 4420.902499 4425.512870 4433.813290 4431.618861 4404.061937 4370.189375 4357.066616 4346.503568 4306.190154 4232.753237 4203.639498 4173.752324 4128.109598 4072.687527 4028.445748 4032.481248 3977.312968 3921.704772 3873.666716 3868.144977 3849.609658 3835.233585 3819.858654 3833.934933 3847.324901 3833.141665 3803.548187 3774.794458 3762.334175 3745.175288 3733.971433 3765.508648 3783.588189 3812.991642 -9999.0 -9999.0 -9999.0 -9999.0
-9999.0 -9999.0 3392.218692 3436.483746 3492.992476 3497.964294 3489.191142 3490.726342 3515.900857 3563.806009 3623.226616 3657.252985 3683.110553 3712.511868 3761.340929 3820.071031 3878.138293 3920.230119 3978.767416 4048.724380 4107.905266 4134.163211 4142.368528 4178.463724 4234.259019 4305.657615 4334.532470 4361.693879 4394.581234 4432.441061 4420.475311 4430.555726 4443.816467 4458.615030 4475.466853 4483.606758 4478.371800 4473.686879 4454.905997 4449.390430 4455.807446 4464.502584 4463.001747 4448.050507 4444.059157 4459.344670 4466.044657 4463.648196 4460.246432 4464.711169 4458.510932 4407.938887 4394.232390 4378.391153 4365.619661 4318.465515 4250.456145 4218.999877 4196.427981 4154.183924 4080.144150 4044.441188 4006.030088 3972.629670 3936.578785 3925.581484 3894.779709 3863.636860 3825.721443 3785.589894 3767.148317 3753.573449 3753.620915 3754.459960 3772.579738 3788.400154 3804.468486 3812.590333 -9999.0 -9999.0
-9999.0 3281.160570 3351.434994 3471.367168 3547.816720 3582.300486 3585.693105 3584.449248 3608.631314 3641.953087 3725.151756 3767.895769 3850.374539 3888.878797 3928.431426 4018.361587 4114.463881 4158.894992 4199.181589 4265.361825 4333.150862 4381.212280 4408.037790 4380.912012 4422.154083 4455.598244 4464.946334 4472.867961 4473.826465 4465.218138 4459.120844 4465.637428 4462.458182 4442.824830 4426.320395 4424.401540 4420.896081 4397.181894 4369.341228 4353.407130 4354.348278 4379.811868 4366.321282 4344.749956 4340.255024 4362.222243 4384.341603 4373.386207 4360.099656 4376.819263 4411.997418 4438.064826 4437.511394 4456.526332 4477.755254 4447.940628 4427.870443 4382.869020 4365.560182 4339.816200 4281.817549 4226.884132 4178.330029 4130.071065 4078.233151 4030.594189 3983.438521 3936.592784 3884.118999 3851.801706 3828.218404 3786.648767 3775.293138 3782.574162 3778.292919 3777.050267 3783.807916 3790.445868 -9999.0 -9999.0
-9999.0 3181.166963 3318.683150 3493.874729 3634.564896 3671.248645 3725.009477 3776.632517 3788.413989 3728.675196 3830.073924 4048.996578 4177.061136 4196.172752 4273.926271 4372.089950 4348.679731 4380.984541 4405.174728 4434.650952 4458.274981 4473.861529 4472.468759 4467.669426 4450.889775 4442.817380 4441.859338 4439.649279 4421.903170 4402.635003 4385.596480 4382.115601 4363.559077 4312.309688 4278.430408 4260.207256 4239.741509 4226.779473 4200.034231 4173.648812 4156.333464 4165.450753 4164.745809 4151.954141 4147.557354 4165.198137 4196.170118 4195.159001 4208.380300 4228.288641 4263.856370 4302.883170 4322.369544 4351.921193 4387.945758 4437.278694 4445.022108 4467.733366 4470.326825 4461.355095 4413.710676 4361.340489 4331.587807 4275.544877 4215.903414 4154.133681 4104.827134 4060.050683 4004.580651 3971.170655 3932.616735 3879.289140 3838.058172 3832.696489 3800.100280 3788.127491 -9999.0 -9999.0 -9999.0 -9999.0
-9999.0 3073.696455 3250.143988 3483.604307 3780.599430 3845.293988 4048.717437 4163.207986 4201.016266 4270.009755 4133.543847 4354.125450 4411.627832 4407.843491 4427.965302 4431.879359 4446.688970 4445.780693 4440.681189 4429.474798 4419.623468 4414.847806 4413.873785 4405.909115 4393.165024 4378.410209 4366.330333 4354.577094 4317.251130 4284.739815 4244.058378 4231.155153 4184.451045 4091.587046 4052.957143 4013.098208 3950.536994 3954.015367 3963.635635 3940.097611 3920.118458 3890.158371 3921.376429 3933.599094 3938.340436 3932.444899 3941.009708 3971.279756 4020.622672 4055.457901 4094.319415 4142.666979 4173.595091 4212.986520 4252.507241 4305.182473 4336.943152 4366.125574 4416.082167 4453.341863 4476.298874 4461.563941 4444.002477 4398.053611 4337.328193 4287.707372 4258.186077 4206.962915 4163.189021 4119.865202 4073.441620 4020.755586 3959.253177 3909.896538 3876.765310 -9999.0 -9999.0 -9999.0 -9999.0 -9999.0
-9999.0 2842.805242 3103.049994 3362.013138 3627.362308 3974.065006 4156.706952 4248.262021 4312.882646 4300.489777 4328.252597 4333.426791 4371.033909 4378.996443 4357.717008 4343.243943 4324.747803 4323.657926 4336.799289 4309.033944 4278.228118 4264.579825 4265.552262 4254.877038 4230.653289 4215.810943 4206.609199 4187.713501 4144.546377 4093.606530 4008.259892 3971.884372 3891.580605 3855.767698 3820.413607 3773.631221 3730.091967 3736.875641 3762.953945 3754.974566 3734.606819 3718.004753 3748.025631 3769.634163 3783.192458 3766.161102 3772.549587 3806.937098 3853.237950 3893.578691 3937.075371 3984.840010 4027.009676 4065.631092 4085.403538 4123.719533 4166.042555 4207.887935 4278.608461 4358.381226 4395.269951 4430.522198 4458.687778 4480.919456 4437.600817 4411.948777 4387.753495 4363.719903 4316.905460 4271.171776 4230.590550 4164.970118 4105.404137 -9999.0 -9999.0 -9999.0 -9999.0 -9999.0 -9999.0 -9999.0
-9999.0 2740.678469 2919.668105 3098.127360 3336.509317 3564.629795 3794.410742 3884.457051 3955.596784 4035.364227 4093.930151 4133.369037 4159.177167 4181.184928 4158.741046 4111.503702 4078.671500 4083.864851 4073.972257 4053.497190 4026.099779 4013.500875 4010.653757 4006.221627 3985.513180 3975.893306 3969.580958 3951.963316 3927.660733 3874.897149 3804.754961 3731.064832 3678.733695 3661.892569 3640.947776 3615.579662 3591.138326 3605.264704 3617.998361 3618.975762 3613.619986 3614.740772 3643.777071 3663.923324 3673.322442 3662.770153 3680.840070 3703.292863 3739.360277 3778.156157 3822.327075 3871.933221 3919.936145 3938.938098 3939.443105 3948.962774 3975.306604 4017.779814 4093.715098 4180.031246 4259.483031 4305.703553 4357.040666 4397.750573 4426.767407 4450.063917 4473.702758 4467.712202 4440.974800 4407.142568 4347.363356 -9999.0 -9999.0 -9999.0 -9999.0 -9999.0 -9999.0 -9999.0 -9999.0 -9999.0
-9999.0 -9999.0 2704.151676 2839.181013 2923.252025 3073.546681 3209.370013 3313.631704 3417.360588 3565.277674 3691.873141 3788.168896 3835.687541 3851.484259 3838.105891 3811.056194 3794.933682 3794.445922 3782.384234 3777.191791 3764.324172 3759.745556 3747.664000 3740.611575 3738.213623 3738.996801 3737.705309 3730.550263 3715.317163 3675.467362 3641.672700 3599.353638 3555.159629 3535.146140 3518.695881 3503.610038 3509.735372 3505.118213 3511.050140 3514.718723 3525.406593 3540.240618 3559.507140 3582.499913 3592.172136 3602.725271 3613.140790 3634.176456 3663.320326 3702.945703 3753.780427 3808.188599 3843.530707 3849.467403 3830.098187 3823.435485 3829.619294 3856.560728 3917.418494 3985.319412 4076.020901 4142.195846 4209.335686 4265.968924 4293.113560 4329.515464 4400.993724 4449.114144 4493.124714 4470.635475 -9999.0 -9999.0 -9999.0 -9999.0 -9999.0 -9999.0 -9999.0 -9999.0 -9999.0 -9999.0
-9999.0 -9999.0 -9999.0 -9999.0 2711.248585 2838.045844 2932.678711 3002.393604 3135.110670 3265.655655 3371.688618 3459.790281 3530.788687 3557.160378 3560.099475 3580.265262 3580.502925 3570.556240 3559.462580 3566.197427 3573.062579 3567.544552 3550.362224 3545.191850 3550.940083 3560.908626 3560.770182 3549.779235 3533.486202 3523.446403 3514.408307 3486.641781 3457.249896 3432.194040 3422.433964 3421.768087 3423.334622 3416.238693 3425.314180 3435.370088 3451.947972 3467.282146 3490.791907 3520.753936 3535.746650 3550.306607 3558.374046 3576.060216 3604.131040 3655.119496 3716.391034 3772.668252 3806.402965 3806.181337 3776.834360 3754.099586 3740.176968 3756.050246 3783.235577 3831.926333 3920.427852 3982.234736 4026.093430 4063.680472 4099.989228 4166.284900 4262.866995 4345.203907 -9999.0 -9999.0 -9999.0 -9999.0 -9999.0 -9999.0 -9999.0 -9999.0 -9999.0 -9999.0 -9999.0 -9999.0
-9999.0 -9999.0 -9999.0 -9999.0 -9999.0 -9999.0 2692.560038 2799.787397 2838.662978 2987.539517 3136.281770 3243.989282 3328.076805 3365.472641 3401.908979 3433.713573 3435.200822 3414.502735 3391.987470 3415.163847 3436.585137 3430.446026 3397.691860 3400.643709 3409.639024 3418.906770 3418.104765 3414.499534 3392.572756 3413.600221 3421.922525 3402.314040 3379.967916 3370.364449 3361.012901 3372.731539 3374.179488 3360.547442 3359.662933 3388.599577 3410.372057 3423.346731 3444.163208 3477.382596 3509.852450 3525.522545 3525.988416 3529.882548 3565.188548 3632.653242 3703.374370 3758.343734 3789.176967 3793.379407 3761.968383 3716.447515 3689.489350 3687.118741 3709.869509 3747.264921 3807.019726 3841.907601 3850.373440 3848.441703 3858.530036 3959.692691 -9999.0 -9999.0 -9999.0 -9999.0 -9999.0 -9999.0 -9999.0 -9999.0 -9999.0 -9999.0 -9999.0 -9999.0 -9999.0 -9999.0
-9999.0 -9999.0 -9999.0 -9999.0 -9999.0 -9999.0 -9999.0 -9999.0 -9999.0 -9999.0 -9999.0 -9999.0 -9999.0 -9999.0 -9999.0 -9999.0 -9999.0 -9999.0 -9999.0 -9999.0 -9999.0 -9999.0 -9999.0 -9999.0 -9999.0 -9999.0 -9999.0 -9999.0 -9999.0 -9999.0 -9999.0 -9999.0 -9999.0 -9999.0 -9999.0 -9999.0 -9999.0 -9999.0 -9999.0 -9999.0 -9999.0 -9999.0 -9999.0 -9999.0 -9999.0 -9999.0 -9999.0 -9999.0 -9999.0 -9999.0 -9999.0 -9999.0 -9999.0 -9999.0 -9999.0 -9999.0 -9999.0 -9999.0 -9999.0 -9999.0 -9999.0 -9999.0 -9999.0 -9999.0 -9999.0 -9999.0 -9999.0 -9999.0 -9999.0 -9999.0 -9999.0 -9999.0 -9999.0 -9999.0 -9999.0 -9999.0 -9999.0 -9999.0 -9999.0 -9999.0
-9999.0 -9999.0 -9999.0 -9999.0 -9999.0 -9999.0 -9999.0 -9999.0 -9999.0 -9999.0 -9999.0 -9999.0 -9999.0 -9999.0 -9999.0 -9999.0 -9999.0 -9999.0 -9999.0 -9999.0 -9999.0 -9999.0 -9999.0 -9999.0 -9999.0 -9999.0 -9999.0 -9999.0 -9999.0 -9999.0 -9999.0 -9999.0 -9999.0 -9999.0 -9999.0 -9999.0 -9999.0 -9999.0 -9999.0 -9999.0 -9999.0 -9999.0 -9999.0 -9999.0 -9999.0 -9999.0 -9999.0 -9999.0 -9999.0 -9999.0 -9999.0 -9999.0 -9999.0 -9999.0 -9999.0 -9999.0 -9999.0 -9999.0 -9999.0 -9999.0 -9999.0 -9999.0 -9999.0 -9999.0 -9999.0 -9999.0 -9999.0 -9999.0 -9999.0 -9999.0 -9999.0 -9999.0 -9999.0 -9999.0 -9999.0 -9999.0 -9999.0 -9999.0 -9999.0 -9999.0