Borden_/Borden1m_014/output_maps/psiliqL0012N0029.asc
ncols         80
nrows         18
xllcorner     620200.000000
yllcorner     5168000.000000
cellsize      1.000000
NODATA_value  -9999.0
-9999.0 -9999.0 -9999.0 -9999.0 -9999.0 -9999.0 -9999.0 -9999.0 -9999.0 -9999.0 -9999.0 -9999.0 -9999.0 -9999.0 -9999.0 -9999.0 -9999.0 -9999.0 -9999.0 -9999.0 -9999.0 -9999.0 -9999.0 -9999.0 -9999.0 -9999.0 -9999.0 -9999.0 -9999.0 -9999.0 -9999.0 -9999.0 -9999.0 -9999.0 -9999.0 -9999.0 -9999.0 -9999.0 -9999.0 -9999.0 -9999.0 -9999.0 -9999.0 -9999.0 -9999.0 -9999.0 -9999.0 -9999.0 -9999.0 -9999.0 -9999.0 -9999.0 -9999.0 -9999.0 -9999.0 -9999.0 -9999.0 -9999.0 -9999.0 -9999.0 -9999.0 -9999.0 -9999.0 -9999.0 -9999.0 -9999.0 -9999.0 -9999.0 -9999.0 -9999.0 -9999.0 -9999.0 -9999.0 -9999.0 -9999.0 -9999.0 -9999.0 -9999.0 -9999.0 -9999.0
-9999.0 -9999.0 -9999.0 -9999.0 -9999.0 -9999.0 -9999.0 -9999.0 -9999.0 -9999.0 -9999.0 -9999.0 -9999.0 -9999.0 -9999.0 -9999.0 -9999.0 -9999.0 -9999.0 -9999.0 -9999.0 -9999.0 -9999.0 -9999.0 -9999.0 -9999.0 -9999.0 -9999.0 -9999.0 -9999.0 -9999.0 -9999.0 -9999.0 -9999.0 -9999.0 -9999.0 -9999.0 -9999.0 -9999.0 -9999.0 -9999.0 -9999.0 -9999.0 -9999.0 -9999.0 -9999.0 -9999.0 -9999.0 -9999.0 -9999.0 -9999.0 -9999.0 -9999.0 -9999.0 -9999.0 -9999.0 -9999.0 -9999.0 -9999.0 -9999.0 -9999.0 -9999.0 -9999.0 -9999.0 -9999.0 -9999.0 -9999.0 -9999.0 -9999.0 -9999.0 -9999.0 -9999.0 -9999.0 -9999.0 -9999.0 -9999.0 -9999.0 -9999.0 -9999.0 -9999.0
-9999.0 -9999.0 -9999.0 -9999.0 -9999.0 -9999.0 -9999.0 -9999.0 -9999.0 -9999.0 -9999.0 -9999.0 -9999.0 -9999.0 -9999.0 -9999.0 -9999.0 -9999.0 -9999.0 -9999.0 542.057485 545.052225 523.279323 490.176013 462.863441 465.855230 501.546281 543.843631 583.336636 594.672175 577.831656 580.950295 577.154701 577.169150 580.593878 587.765808 591.968726 603.830345 613.040343 613.623895 608.442969 603.935576 604.379741 607.860537 612.873160 601.932253 614.699481 628.887717 633.340048 626.662627 597.876416 580.658720 570.442686 553.819698 576.885696 587.696250 609.422988 612.627894 610.162789 582.362619 551.784366 -9999.0 -9999.0 -9999.0 -9999.0 -9999.0 -9999.0 -9999.0 -9999.0 -9999.0 -9999.0 -9999.0 -9999.0 -9999.0 -9999.0 -9999.0 -9999.0 -9999.0 -9999.0 -9999.0
-9999.0 -9999.0 -9999.0 -9999.0 -9999.0 -9999.0 -9999.0 -9999.0 -9999.0 -9999.0 -9999.0 -9999.0 -9999.0 -9999.0 449.663317 440.361482 438.205743 447.440381 481.851143 512.595728 525.149704 518.311303 519.180783 496.602135 477.201885 492.350900 523.247652 556.363699 592.613008 614.640343 604.274281 603.144812 614.352455 641.592385 656.190716 654.404364 634.667938 658.428334 675.551168 686.009807 686.946779 679.794197 694.410913 710.851657 703.760308 685.272363 688.135333 698.524921 710.043514 693.565612 627.161625 605.061807 598.993063 590.243595 574.538607 566.541443 590.372021 589.577727 580.177459 561.166146 527.808324 483.204201 464.257008 502.062641 545.337608 602.256217 -9999.0 -9999.0 -9999.0 -9999.0 -9999.0 -9999.0 -9999.0 -9999.0 -9999.0 -9999.0 -9999.0 -9999.0 -9999.0 -9999.0
-9999.0 -9999.0 -9999.0 -9999.0 -9999.0 -9999.0 -9999.0 -9999.0 -9999.0 390.364338 395.003123 402.852380 405.713470 422.084270 420.569225 428.439350 436.755072 464.461193 496.597191 532.737624 562.561123 554.487824 556.410770 568.870859 575.183790 589.216319 612.654555 655.942016 700.190106 744.578618 718.456376 718.125259 739.156839 788.927341 825.628622 835.038561 816.461332 824.009342 851.431022 877.861316 881.073308 881.431483 908.146097 922.840217 925.064648 903.242209 885.064485 881.850796 904.953594 849.970373 780.543589 725.825550 725.296299 691.304984 648.823336 625.300611 620.461101 639.638286 622.631814 583.482992 545.522172 533.745693 515.467956 531.131328 552.413713 597.975565 635.800978 663.453855 662.460904 644.474317 -9999.0 -9999.0 -9999.0 -9999.0 -9999.0 -9999.0 -9999.0 -9999.0 -9999.0 -9999.0
-9999.0 -9999.0 -9999.0 -9999.0 -9999.0 -9999.0 310.765750 320.415103 341.018584 346.590829 372.277599 380.564566 402.093640 422.471037 444.867662 462.943305 494.912889 529.454507 572.526141 618.179794 652.805206 650.737323 664.156409 699.300884 742.800933 775.580277 803.418863 847.751392 930.424096 978.225795 990.853843 998.023435 1009.056615 1057.027403 1121.201379 1138.970858 1117.477176 1102.281098 1122.670473 1161.373830 1174.479002 1178.678264 1189.125739 1198.508887 1223.455617 1212.342795 1167.059056 1147.906458 1142.046774 1125.779493 1066.375838 1002.038205 961.704296 907.631426 819.948842 759.810964 761.054233 775.319220 741.816219 684.106364 639.049585 625.668691 608.451734 592.728052 596.694010 614.219448 635.376257 645.254967 631.296029 609.448662 585.758988 556.354903 557.624223 582.566084 -9999.0 -9999.0 -9999.0 -9999.0 -9999.0 -9999.0
-9999.0 -9999.0 -9999.0 -9999.0 260.376798 273.447086 261.976409 287.075007 320.190333 354.862084 388.100719 426.553045 455.416393 487.338394 530.468020 569.091882 615.230718 654.435850 713.187708 785.805134 842.065161 872.319893 893.646929 957.191979 1020.752783 1073.917374 1095.694214 1124.832517 1170.880744 1236.243753 1265.642604 1273.428367 1291.516828 1324.681749 1369.921664 1403.036906 1386.510455 1379.069450 1384.516131 1396.683579 1422.812033 1425.721635 1428.205910 1430.204159 1433.550597 1431.809156 1406.307058 1371.916579 1356.991567 1347.708421 1319.851239 1251.808893 1205.579463 1172.526507 1139.383088 1088.249441 1021.283681 1000.113403 939.382158 877.405202 807.541442 779.891027 744.701071 714.835008 681.162144 678.887914 678.923305 656.220392 622.699448 589.129007 573.048330 553.530681 542.286506 571.764064 589.016970 619.371484 -9999.0 -9999.0 -9999.0 -9999.0
-9999.0 -9999.0 200.929368 250.423026 307.401591 316.828656 318.928294 325.567254 354.679246 407.769372 486.657403 540.878592 587.705561 624.026930 688.141671 774.661068 855.151315 909.970322 972.986395 1043.595593 1106.765861 1144.326944 1168.554418 1209.362024 1261.705171 1320.246748 1346.391640 1372.109623 1402.997009 1437.025404 1453.739690 1468.689575 1476.504123 1477.492458 1481.490640 1482.375806 1477.894361 1471.871974 1453.621544 1450.521074 1458.357480 1463.461696 1465.924945 1453.074627 1449.060694 1461.751276 1464.215332 1462.998228 1462.745273 1470.232132 1475.160363 1438.318875 1394.821470 1378.546020 1368.407256 1325.154759 1261.328121 1214.509596 1189.194071 1145.408004 1066.486286 1011.968710 957.623859 903.006352 844.012506 806.255057 754.105264 707.755530 658.433492 610.457345 585.456843 566.200877 563.008277 562.509649 578.083861 593.147168 608.221239 615.864543 -9999.0 -9999.0
-9999.0 99.375391 172.085041 299.314478 379.710767 425.846179 462.936257 490.590140 519.982729 544.452623 655.221888 756.667412 853.282081 893.289982 949.255662 1049.664911 1147.193894 1193.957852 1231.212163 1284.664692 1342.136721 1388.560941 1418.347880 1437.453670 1469.137252 1477.732259 1479.493943 1481.663085 1476.899671 1469.749369 1461.040590 1467.564886 1464.421954 1446.376185 1431.075527 1427.883536 1421.172905 1395.169160 1366.163489 1351.221193 1354.036315 1376.031796 1364.941425 1344.833138 1341.242329 1361.931516 1380.242160 1372.262079 1361.302919 1380.099919 1414.693517 1436.420277 1448.854817 1464.738125 1485.014613 1460.459532 1430.026086 1388.164386 1367.655264 1337.635735 1277.155207 1214.174933 1158.380542 1095.479487 1026.713095 954.305637 885.660484 818.920279 748.065863 704.091854 670.512251 617.998553 594.721261 595.089190 585.190067 581.794495 587.572591 593.725034 -9999.0 -9999.0
-9999.0 22.605548 165.719116 351.459628 500.750005 564.039350 676.073299 761.419886 793.945331 771.797831 886.362078 1109.056591 1205.469290 1222.275200 1291.683305 1375.347758 1403.459728 1434.921097 1455.919440 1461.574136 1466.223716 1474.611889 1473.440330 1467.920067 1453.974584 1446.260977 1444.828495 1441.058762 1421.986215 1401.730616 1383.812103 1378.897307 1360.959916 1319.250795 1286.922644 1269.752990 1252.659481 1227.756981 1191.611723 1163.684407 1149.121472 1165.774652 1157.709512 1140.604217 1137.050357 1159.939011 1193.114955 1189.319953 1197.144955 1220.535542 1261.960652 1303.887954 1327.792001 1358.326035 1395.235749 1438.901359 1456.095375 1477.072501 1481.531800 1460.428487 1416.491794 1364.584985 1328.704030 1263.081056 1188.241741 1107.748111 1041.495276 977.439135 905.336043 854.542536 803.465627 743.170987 684.843901 657.104618 616.032714 594.861321 -9999.0 -9999.0 -9999.0 -9999.0
-9999.0 -50.893212 138.991071 401.347645 672.804380 796.462614 1001.800101 1133.625661 1197.657154 1259.983657 1262.483857 1393.452791 1427.244554 1421.949748 1415.623248 1419.195334 1434.684939 1439.000469 1435.898719 1426.315550 1416.986913 1412.884052 1411.603349 1404.075739 1391.469302 1376.000946 1362.123766 1347.338151 1305.995200 1271.149461 1236.158897 1219.954965 1181.554272 1090.932443 1047.911407 1013.266384 956.963992 946.885446 936.031629 905.235773 884.354358 865.397121 885.610174 888.090784 890.071064 896.451822 916.620830 940.096196 984.942419 1022.643763 1068.187302 1121.992467 1157.732736 1202.596154 1251.147278 1309.845154 1343.284220 1374.482660 1421.260443 1460.848963 1483.587434 1472.948072 1443.224412 1396.802754 1324.792865 1253.698773 1200.884340 1125.515582 1058.977905 1006.031597 961.306312 909.446819 840.377158 748.990031 704.156494 -9999.0 -9999.0 -9999.0 -9999.0 -9999.0
-9999.0 -220.154707 48.071805 340.756695 664.778064 991.071562 1115.801872 1256.132808 1329.536414 1285.764042 1282.024994 1306.353495 1348.056952 1356.079721 1337.361683 1330.274817 1320.932976 1321.429388 1334.299781 1307.945717 1276.485750 1262.283444 1261.209469 1248.870246 1225.213430 1206.936691 1192.889654 1170.934862 1120.683701 1069.381330 989.742951 959.908736 882.514324 818.275341 770.399757 719.889252 667.344084 664.066083 678.966102 662.151223 638.980104 620.022063 646.035134 662.813389 674.724080 664.890547 675.061310 711.867026 762.853633 808.896602 862.415779 921.551841 971.233198 1022.533892 1057.658552 1111.174622 1160.024893 1208.291811 1283.116513 1363.042965 1399.739574 1434.313545 1467.557092 1481.264150 1428.624192 1374.739530 1318.388660 1249.025487 1159.949956 1114.965608 1093.181304 1057.677704 1003.616956 -9999.0 -9999.0 -9999.0 -9999.0 -9999.0 -9999.0 -9999.0
-9999.0 -350.150428 -125.171260 113.347391 406.365361 646.869140 838.339948 953.465615 1035.329929 1052.762569 1076.878581 1109.038362 1140.755156 1163.675396 1142.360351 1105.508585 1078.573886 1082.740541 1080.097873 1055.854134 1025.784202 1010.505628 1008.159877 1000.238581 974.010486 957.247769 944.310901 919.002058 880.368052 821.136493 738.018826 665.677859 602.204817 566.438635 535.005625 501.148207 463.287459 472.887108 485.827125 481.242000 469.439642 465.561294 494.861736 513.626262 523.866299 511.876776 531.153497 558.641033 601.270834 644.979263 695.320217 752.473019 808.569973 841.573868 859.924069 891.720573 936.992234 995.808033 1084.174494 1180.490384 1257.556151 1308.353055 1358.746829 1391.010577 1402.036545 1413.530874 1382.943551 1290.192707 1155.137745 1158.714826 1163.526598 -9999.0 -9999.0 -9999.0 -9999.0 -9999.0 -9999.0 -9999.0 -9999.0 -9999.0
-9999.0 -9999.0 -360.934232 -176.780469 -27.616228 156.706129 309.293157 419.936203 503.367390 604.687991 701.916507 782.214039 826.557079 844.683336 828.476609 791.099500 767.114867 766.951151 757.140147 744.497725 722.005886 712.991584 702.352276 693.716793 681.182099 673.604591 666.905981 653.943319 629.503432 580.663371 528.411670 475.484022 420.584778 394.342061 371.731036 349.140287 346.234809 343.179316 349.230352 350.370376 356.257495 368.286079 388.725203 410.384751 420.031653 428.033339 440.775660 464.770511 498.327702 540.514142 594.414662 652.076752 692.273798 706.153369 698.560319 706.662314 731.322673 779.258318 868.554037 960.327219 1056.884880 1129.289219 1200.986809 1251.862461 1267.214429 1282.846043 1290.554445 1205.114407 834.247684 1076.824630 -9999.0 -9999.0 -9999.0 -9999.0 -9999.0 -9999.0 -9999.0 -9999.0 -9999.0 -9999.0
-9999.0 -9999.0 -9999.0 -9999.0 -320.027919 -162.874537 -66.871012 17.170471 142.392646 256.511469 352.277196 431.892619 489.233394 514.381323 506.267859 505.258601 498.474228 493.616837 484.453831 480.771005 476.886773 468.952656 456.054817 448.170512 447.636211 451.141750 448.211238 434.130884 416.560395 390.665721 367.586739 332.185894 295.154666 265.610407 252.224380 245.617638 245.486845 239.272850 248.363114 255.059036 270.007893 285.324700 309.223338 337.826121 350.942775 365.438603 375.284482 396.154991 426.542216 479.789144 542.802277 599.885750 634.924291 639.231713 614.262509 599.371582 597.287091 627.382622 676.989849 750.403003 857.763881 937.205027 1001.237389 1048.702227 1081.085594 1125.029645 1167.760206 1187.150064 -9999.0 -9999.0 -9999.0 -9999.0 -9999.0 -9999.0 -9999.0 -9999.0 -9999.0 -9999.0 -9999.0 -9999.0
-9999.0 -9999.0 -9999.0 -9999.0 -9999.0 -9999.0 -370.257784 -271.787542 -186.507715 -57.049041 63.797248 159.686069 236.573217 264.552075 285.746546 309.766998 306.343340 288.878303 271.323694 288.576768 299.706098 294.232301 265.602171 264.329733 268.096288 276.660436 274.726316 268.135924 242.880221 251.950107 250.999372 227.550622 201.228565 186.837376 175.018354 184.723845 185.231586 172.237537 173.879808 200.198093 220.107028 233.439297 255.678299 288.833031 320.938028 335.608452 336.801145 343.088945 384.106846 454.423447 525.272416 579.560762 611.078913 618.743153 590.832017 550.431368 529.769971 537.366883 573.392476 628.743930 708.233452 761.638046 794.135363 814.733127 840.340084 934.376534 -9999.0 -9999.0 -9999.0 -9999.0 -9999.0 -9999.0 -9999.0 -9999.0 -9999.0 -9999.0 -9999.0 -9999.0 -9999.0 -9999.0
-9999.0 -9999.0 -9999.0 -9999.0 -9999.0 -9999.0 -9999.0 -9999.0 -9999.0 -9999.0 -9999.0 -9999.0 -9999.0 -9999.0 -9999.0 -9999.0 -9999.0 -9999.0 -9999.0 -9999.0 -9999.0 -9999.0 -9999.0 -9999.0 -9999.0 -9999.0 -9999.0 -9999.0 -9999.0 -9999.0 -9999.0 -9999.0 -9999.0 -9999.0 -9999.0 -9999.0 -9999.0 -9999.0 -9999.0 -9999.0 -9999.0 -9999.0 -9999.0 -9999.0 -9999.0 -9999.0 -9999.0 -9999.0 -9999.0 -9999.0 -9999.0 -9999.0 -9999.0 -9999.0 -9999.0 -9999.0 -9999.0 -9999.0 -9999.0 -9999.0 -9999.0 -9999.0 -9999.0 -9999.0 -9999.0 -9999.0 -9999.0 -9999.0 -9999.0 -9999.0 -9999.0 -9999.0 -9999.0 -9999.0 -9999.0 -9999.0 -9999.0 -9999.0 -9999.0 -9999.0
-9999.0 -9999.0 -9999.0 -9999.0 -9999.0 -9999.0 -9999.0 -9999.0 -9999.0 -9999.0 -9999.0 -9999.0 -9999.0 -9999.0 -9999.0 -9999.0 -9999.0 -9999.0 -9999.0 -9999.0 -9999.0 -9999.0 -9999.0 -9999.0 -9999.0 -9999.0 -9999.0 -9999.0 -9999.0 -9999.0 -9999.0 -9999.0 -9999.0 -9999.0 -9999.0 -9999.0 -9999.0 -9999.0 -9999.0 -9999.0 -9999.0 -9999.0 -9999.0 -9999.0 -9999.0 -9999.0 -9999.0 -9999.0 -9999.0 -9999.0 -9999.0 -9999.0 -9999.0 -9999.0 -9999.0 -9999.0 -9999.0 -9999.0 -9999.0 -9999.0 -9999.0 -9999.0 -9999.0 -9999.0 -9999.0 -9999.0 -9999.0 -9999.0 -9999.0 -9999.0 -9999.0 -9999.0 -9999.0 -9999.0 -9999.0 -9999.0 -9999.0 -9999.0 -9999.0 -9999.0