Borden_/Borden1m_014/output_maps/psiliqL0012N0013.asc
ncols         80
nrows         18
xllcorner     620200.000000
yllcorner     5168000.000000
cellsize      1.000000
NODATA_value  -9999.0
-9999.0 -9999.0 -9999.0 -9999.0 -9999.0 -9999.0 -9999.0 -9999.0 -9999.0 -9999.0 -9999.0 -9999.0 -9999.0 -9999.0 -9999.0 -9999.0 -9999.0 -9999.0 -9999.0 -9999.0 -9999.0 -9999.0 -9999.0 -9999.0 -9999.0 -9999.0 -9999.0 -9999.0 -9999.0 -9999.0 -9999.0 -9999.0 -9999.0 -9999.0 -9999.0 -9999.0 -9999.0 -9999.0 -9999.0 -9999.0 -9999.0 -9999.0 -9999.0 -9999.0 -9999.0 -9999.0 -9999.0 -9999.0 -9999.0 -9999.0 -9999.0 -9999.0 -9999.0 -9999.0 -9999.0 -9999.0 -9999.0 -9999.0 -9999.0 -9999.0 -9999.0 -9999.0 -9999.0 -9999.0 -9999.0 -9999.0 -9999.0 -9999.0 -9999.0 -9999.0 -9999.0 -9999.0 -9999.0 -9999.0 -9999.0 -9999.0 -9999.0 -9999.0 -9999.0 -9999.0
-9999.0 -9999.0 -9999.0 -9999.0 -9999.0 -9999.0 -9999.0 -9999.0 -9999.0 -9999.0 -9999.0 -9999.0 -9999.0 -9999.0 -9999.0 -9999.0 -9999.0 -9999.0 -9999.0 -9999.0 -9999.0 -9999.0 -9999.0 -9999.0 -9999.0 -9999.0 -9999.0 -9999.0 -9999.0 -9999.0 -9999.0 -9999.0 -9999.0 -9999.0 -9999.0 -9999.0 -9999.0 -9999.0 -9999.0 -9999.0 -9999.0 -9999.0 -9999.0 -9999.0 -9999.0 -9999.0 -9999.0 -9999.0 -9999.0 -9999.0 -9999.0 -9999.0 -9999.0 -9999.0 -9999.0 -9999.0 -9999.0 -9999.0 -9999.0 -9999.0 -9999.0 -9999.0 -9999.0 -9999.0 -9999.0 -9999.0 -9999.0 -9999.0 -9999.0 -9999.0 -9999.0 -9999.0 -9999.0 -9999.0 -9999.0 -9999.0 -9999.0 -9999.0 -9999.0 -9999.0
-9999.0 -9999.0 -9999.0 -9999.0 -9999.0 -9999.0 -9999.0 -9999.0 -9999.0 -9999.0 -9999.0 -9999.0 -9999.0 -9999.0 -9999.0 -9999.0 -9999.0 -9999.0 -9999.0 -9999.0 540.586010 543.568728 521.743287 488.585786 461.316629 464.430184 500.154486 542.185262 581.072898 591.799348 574.740703 578.229025 575.433793 576.889607 581.584193 589.676459 594.482429 606.385304 614.972630 614.441867 608.004779 602.372666 601.907268 604.929245 610.128091 600.065357 614.081504 629.352789 634.500515 628.201840 599.221426 581.323179 570.599244 553.798337 576.878774 587.598246 609.099291 612.101293 609.562408 581.779754 551.207857 -9999.0 -9999.0 -9999.0 -9999.0 -9999.0 -9999.0 -9999.0 -9999.0 -9999.0 -9999.0 -9999.0 -9999.0 -9999.0 -9999.0 -9999.0 -9999.0 -9999.0 -9999.0 -9999.0
-9999.0 -9999.0 -9999.0 -9999.0 -9999.0 -9999.0 -9999.0 -9999.0 -9999.0 -9999.0 -9999.0 -9999.0 -9999.0 -9999.0 447.922728 438.553531 436.316578 445.521459 480.048953 511.023216 523.714075 516.845753 517.649386 495.093259 476.013885 491.708120 522.779626 555.283620 590.220365 610.985958 600.153891 599.648910 612.861557 643.321350 660.140932 659.609619 640.940746 664.846843 680.761401 689.001122 687.549975 678.460616 691.421325 706.962277 700.101292 683.318514 688.849892 701.308816 713.949293 698.242999 631.178296 606.958382 599.713909 590.834373 575.364325 567.249803 590.559830 589.324087 579.800821 560.848768 527.492616 482.783759 463.753471 501.658673 545.068568 602.065788 -9999.0 -9999.0 -9999.0 -9999.0 -9999.0 -9999.0 -9999.0 -9999.0 -9999.0 -9999.0 -9999.0 -9999.0 -9999.0 -9999.0
-9999.0 -9999.0 -9999.0 -9999.0 -9999.0 -9999.0 -9999.0 -9999.0 -9999.0 389.443322 393.942196 401.589610 404.228026 420.402591 418.759684 426.533842 434.743362 462.453803 494.876193 531.552772 561.644989 553.390339 555.030433 567.729404 575.525840 591.831388 615.972326 657.587243 698.268900 739.435734 712.129045 713.208292 739.782682 800.291944 842.394191 853.631242 837.804772 846.032859 870.654373 891.624885 889.028381 885.490749 908.857198 921.658888 924.001910 905.902278 894.742707 896.448736 921.788438 868.427625 796.261222 732.542552 728.132910 694.164805 652.900623 629.128000 622.320044 640.100169 622.841802 584.005584 546.179389 534.119554 515.555866 531.177402 552.519550 598.191399 636.247798 664.026360 663.117408 645.179064 -9999.0 -9999.0 -9999.0 -9999.0 -9999.0 -9999.0 -9999.0 -9999.0 -9999.0 -9999.0
-9999.0 -9999.0 -9999.0 -9999.0 -9999.0 -9999.0 310.371500 319.948167 340.417894 345.759618 371.213748 379.226539 400.452159 420.588166 442.896109 460.989312 492.815544 527.403382 571.358028 618.916811 654.283039 651.345467 663.431938 699.059026 748.215521 790.445849 821.625545 862.322292 936.528563 977.047178 987.063280 997.280252 1022.345376 1103.137152 1180.190339 1199.876440 1183.834953 1171.183577 1188.150096 1218.058570 1219.854077 1218.220115 1225.160472 1232.385675 1256.883732 1251.321975 1219.451992 1209.848084 1208.414683 1191.853838 1121.312090 1026.755142 975.369241 921.583533 837.532611 776.077049 769.222540 778.508442 744.162271 687.537976 643.006562 628.271331 609.989069 593.871994 597.700862 615.248333 636.554806 646.552214 632.657514 610.814483 587.160302 557.525052 558.515971 583.257496 -9999.0 -9999.0 -9999.0 -9999.0 -9999.0 -9999.0
-9999.0 -9999.0 -9999.0 -9999.0 260.214341 273.304544 261.735429 286.743988 319.713519 354.139184 387.045369 425.143707 453.493008 485.117927 528.565112 568.096319 613.666404 652.564233 714.463952 795.967960 855.451782 882.874247 899.482929 964.096237 1045.363929 1128.427602 1160.810291 1186.418329 1220.081563 1269.930158 1292.358419 1299.950410 1323.049108 1367.248299 1415.599408 1447.963071 1434.701811 1429.741159 1434.251199 1441.799598 1461.160116 1460.149721 1460.653398 1461.875091 1465.680968 1467.453871 1449.783646 1423.306201 1413.420168 1404.864340 1374.682647 1300.775448 1259.166602 1232.298809 1202.761421 1145.103662 1052.310391 1017.337605 953.345241 893.779427 824.618397 789.885521 750.290199 719.001085 684.418057 681.770737 681.929643 659.280635 625.724903 591.939529 575.455098 555.381161 543.590359 572.637464 589.571207 619.704647 -9999.0 -9999.0 -9999.0 -9999.0
-9999.0 -9999.0 200.772997 250.373544 307.561468 317.240566 319.535002 326.058599 354.820148 407.504142 485.998512 540.144767 585.755690 621.426607 687.361549 779.990495 859.173446 912.915928 986.118649 1090.001631 1165.057790 1198.340133 1212.015346 1247.416346 1303.096637 1369.760664 1398.082902 1420.428583 1443.157036 1468.090386 1480.171146 1494.424570 1504.091326 1508.682207 1513.882995 1514.738775 1512.434615 1509.800938 1493.756457 1490.583906 1496.388571 1499.666178 1501.655008 1489.279027 1485.771447 1499.348758 1504.279696 1506.598882 1509.015527 1516.725464 1520.467169 1482.541041 1442.925169 1430.546009 1422.945810 1379.381774 1312.269957 1269.399539 1249.616909 1211.077843 1128.668780 1047.955777 979.328991 919.994788 855.603044 814.701131 761.991734 714.922067 665.151814 616.487039 590.308784 569.713619 565.333985 563.922872 578.884997 593.551361 608.361971 615.877343 -9999.0 -9999.0
-9999.0 99.113033 171.973386 299.564943 380.664681 427.960856 466.608987 494.269783 522.564122 546.323895 656.465414 760.552766 854.418038 893.303540 956.524997 1084.098535 1185.100592 1230.052092 1269.630722 1331.747799 1389.930426 1430.628339 1453.045836 1468.443925 1500.706064 1512.137012 1515.441524 1517.663126 1511.554869 1502.122204 1491.617523 1498.078265 1496.513458 1480.579966 1465.319267 1460.405280 1455.592784 1436.219342 1413.771810 1402.888610 1406.400323 1427.321599 1417.203890 1399.191498 1395.929577 1414.589738 1431.412879 1424.785636 1415.959152 1434.037592 1466.664905 1485.124674 1496.430426 1511.556721 1530.628315 1504.356992 1473.910758 1437.038736 1422.536583 1399.397539 1347.343293 1284.241846 1229.333836 1163.625449 1073.129760 985.353793 910.898512 837.654376 764.083778 718.033637 681.053860 625.076334 599.063446 597.500583 586.473733 582.427384 587.774214 593.762225 -9999.0 -9999.0
-9999.0 22.271828 165.701051 352.276440 503.602100 571.472697 691.830634 777.227951 805.165749 781.881470 896.331934 1137.750484 1236.990859 1253.029969 1321.951948 1410.656457 1438.345261 1468.669364 1489.826181 1497.184711 1501.372451 1507.223491 1503.093182 1496.612985 1484.051804 1479.197214 1480.898544 1480.863066 1466.677036 1448.676800 1429.644678 1425.231729 1410.113473 1371.731161 1336.477077 1309.140906 1290.313633 1272.952768 1245.476884 1224.134550 1212.784343 1229.750938 1222.959362 1207.789180 1204.079150 1223.687945 1253.206205 1249.248354 1258.987774 1286.092300 1333.048168 1371.411492 1390.935592 1417.075993 1449.566206 1487.127102 1501.063132 1521.677658 1526.757171 1507.971136 1469.745853 1424.527657 1397.187461 1343.303088 1273.541269 1197.067265 1124.225663 1033.527069 949.612714 891.943855 829.310291 758.762702 693.448098 661.080494 618.025317 595.891196 -9999.0 -9999.0 -9999.0 -9999.0
-9999.0 -51.284121 139.032358 402.906964 679.349452 818.067444 1056.142001 1189.120894 1242.069015 1303.953859 1301.877528 1434.026160 1466.879503 1460.904596 1455.015625 1460.235160 1475.761313 1479.396985 1475.488995 1465.659020 1455.567116 1450.016674 1447.428276 1440.755137 1431.280540 1420.480324 1412.117253 1404.622109 1373.243659 1339.614747 1295.485706 1276.194278 1240.762047 1153.541451 1098.375880 1031.937211 961.409922 951.430622 944.282118 917.360321 899.417057 881.784581 902.411846 905.461620 907.031180 911.425890 929.438765 953.130266 1002.906065 1055.673778 1130.252540 1192.480741 1227.450572 1271.865307 1323.328148 1376.052905 1403.365840 1429.919285 1472.022085 1507.738935 1530.232406 1521.561722 1497.132932 1461.353091 1403.536978 1350.441647 1309.732916 1239.289712 1176.807875 1113.809635 1033.610170 950.351175 861.596979 755.173681 707.029710 -9999.0 -9999.0 -9999.0 -9999.0 -9999.0
-9999.0 -220.873103 47.903851 342.683289 675.281923 1031.567460 1172.973521 1309.757904 1380.860931 1345.335515 1348.390316 1368.798611 1405.581876 1412.244403 1396.181825 1392.352147 1384.606190 1384.442447 1394.664062 1364.958147 1327.528534 1308.280415 1304.852794 1292.986153 1272.134829 1258.408961 1249.903011 1234.621845 1190.070125 1129.654560 1017.532232 974.944735 895.806332 833.801923 782.076226 722.401545 665.431706 662.094324 678.519838 663.558368 641.879742 623.759775 650.077103 667.018472 678.680462 668.023176 677.269344 713.833712 766.038876 816.290813 877.140015 938.203435 990.269903 1053.928896 1118.260001 1180.759433 1227.670484 1273.965355 1349.894762 1423.080528 1455.964440 1486.916841 1520.218166 1538.610162 1495.108518 1455.751062 1418.266279 1372.425585 1305.508171 1267.802480 1230.672315 1159.527887 1070.442048 -9999.0 -9999.0 -9999.0 -9999.0 -9999.0 -9999.0 -9999.0
-9999.0 -351.219362 -125.851388 113.678842 409.966032 658.778614 857.871185 997.926275 1091.656616 1124.454540 1156.154683 1186.102398 1213.127327 1233.900022 1215.624225 1183.537060 1159.358694 1162.567091 1154.973430 1117.455382 1059.382731 1027.225115 1018.632759 1007.863335 979.945062 964.221303 953.847857 931.915733 896.757520 836.490235 744.957577 668.332708 604.163462 568.729900 536.126772 500.083098 461.078678 470.783804 484.391868 480.585118 469.415641 465.963972 495.565016 514.460474 524.601314 512.263169 531.225483 558.587443 601.497776 646.160538 697.837105 754.978643 811.035272 847.174298 873.632852 908.555170 955.310537 1024.809109 1142.287883 1247.723244 1331.087675 1378.603044 1425.680937 1459.180404 1474.671545 1494.075666 1477.716647 1407.512707 1298.984339 1327.057860 1334.778448 -9999.0 -9999.0 -9999.0 -9999.0 -9999.0 -9999.0 -9999.0 -9999.0 -9999.0
-9999.0 -9999.0 -362.366143 -177.886868 -28.139272 157.804736 312.555146 428.635578 518.231541 626.617018 728.653693 808.635613 850.391182 867.223277 852.871959 818.515356 795.885115 794.848578 781.921048 762.784973 730.110699 714.408017 700.792565 691.022983 678.353256 671.618334 666.329155 655.064689 632.159245 583.459803 529.432192 475.170878 419.834502 393.511038 370.570754 347.507811 344.398309 341.449891 347.801205 349.296900 355.500800 367.758209 388.335173 410.038152 419.623338 427.473625 440.054862 463.965456 497.608509 540.074553 594.257150 651.821230 691.902661 706.482345 700.688871 709.779039 735.279521 786.766559 884.878237 988.746070 1118.642479 1202.635154 1278.473393 1340.685593 1363.488351 1382.819096 1402.241048 1332.163507 939.993579 1242.346372 -9999.0 -9999.0 -9999.0 -9999.0 -9999.0 -9999.0 -9999.0 -9999.0 -9999.0 -9999.0
-9999.0 -9999.0 -9999.0 -9999.0 -322.307143 -164.644549 -68.096143 16.668651 144.161404 260.809836 358.826311 439.155985 496.503585 521.622127 513.967639 513.651429 506.897857 501.256740 490.473369 484.320999 477.351073 467.119262 452.983609 444.671503 444.255443 448.264791 446.037117 432.715178 415.773945 390.095060 366.738456 330.995093 293.738328 264.067153 250.591101 243.912842 243.794974 237.678771 246.941687 253.829319 268.968473 284.443679 308.467257 337.135026 350.232590 364.646751 374.377233 395.138617 425.465634 478.765161 541.905699 598.965807 633.955673 638.455757 613.975801 599.496922 597.884665 629.169053 681.225134 758.676175 874.967150 960.460350 1039.921856 1125.948801 1178.318782 1232.189433 1303.848026 1336.838952 -9999.0 -9999.0 -9999.0 -9999.0 -9999.0 -9999.0 -9999.0 -9999.0 -9999.0 -9999.0 -9999.0 -9999.0
-9999.0 -9999.0 -9999.0 -9999.0 -9999.0 -9999.0 -373.442387 -274.321594 -188.770908 -57.721405 64.252984 161.250470 238.450666 266.599104 288.077855 312.410998 308.751889 290.543470 271.964620 288.199263 298.159772 291.653566 262.307652 260.837657 264.735696 273.657073 272.152370 265.991186 241.049397 250.358476 249.456205 225.967219 199.633219 185.250494 173.441039 183.169008 183.728426 170.823059 172.578438 199.012766 219.026506 232.444310 254.757345 287.986156 320.125123 334.752145 335.851284 342.033334 382.960453 453.235196 524.157037 578.447861 609.939099 617.680575 589.977102 549.768398 529.354047 537.571968 574.773040 631.867449 714.267218 770.974000 811.220867 847.296688 882.854901 979.674585 -9999.0 -9999.0 -9999.0 -9999.0 -9999.0 -9999.0 -9999.0 -9999.0 -9999.0 -9999.0 -9999.0 -9999.0 -9999.0 -9999.0
-9999.0 -9999.0 -9999.0 -9999.0 -9999.0 -9999.0 -9999.0 -9999.0 -9999.0 -9999.0 -9999.0 -9999.0 -9999.0 -9999.0 -9999.0 -9999.0 -9999.0 -9999.0 -9999.0 -9999.0 -9999.0 -9999.0 -9999.0 -9999.0 -9999.0 -9999.0 -9999.0 -9999.0 -9999.0 -9999.0 -9999.0 -9999.0 -9999.0 -9999.0 -9999.0 -9999.0 -9999.0 -9999.0 -9999.0 -9999.0 -9999.0 -9999.0 -9999.0 -9999.0 -9999.0 -9999.0 -9999.0 -9999.0 -9999.0 -9999.0 -9999.0 -9999.0 -9999.0 -9999.0 -9999.0 -9999.0 -9999.0 -9999.0 -9999.0 -9999.0 -9999.0 -9999.0 -9999.0 -9999.0 -9999.0 -9999.0 -9999.0 -9999.0 -9999.0 -9999.0 -9999.0 -9999.0 -9999.0 -9999.0 -9999.0 -9999.0 -9999.0 -9999.0 -9999.0 -9999.0
-9999.0 -9999.0 -9999.0 -9999.0 -9999.0 -9999.0 -9999.0 -9999.0 -9999.0 -9999.0 -9999.0 -9999.0 -9999.0 -9999.0 -9999.0 -9999.0 -9999.0 -9999.0 -9999.0 -9999.0 -9999.0 -9999.0 -9999.0 -9999.0 -9999.0 -9999.0 -9999.0 -9999.0 -9999.0 -9999.0 -9999.0 -9999.0 -9999.0 -9999.0 -9999.0 -9999.0 -9999.0 -9999.0 -9999.0 -9999.0 -9999.0 -9999.0 -9999.0 -9999.0 -9999.0 -9999.0 -9999.0 -9999.0 -9999.0 -9999.0 -9999.0 -9999.0 -9999.0 -9999.0 -9999.0 -9999.0 -9999.0 -9999.0 -9999.0 -9999.0 -9999.0 -9999.0 -9999.0 -9999.0 -9999.0 -9999.0 -9999.0 -9999.0 -9999.0 -9999.0 -9999.0 -9999.0 -9999.0 -9999.0 -9999.0 -9999.0 -9999.0 -9999.0 -9999.0 -9999.0