Borden_/Borden1m_014/output_maps/psiliqL0014N0018.asc
ncols         80
nrows         18
xllcorner     620200.000000
yllcorner     5168000.000000
cellsize      1.000000
NODATA_value  -9999.0
-9999.0 -9999.0 -9999.0 -9999.0 -9999.0 -9999.0 -9999.0 -9999.0 -9999.0 -9999.0 -9999.0 -9999.0 -9999.0 -9999.0 -9999.0 -9999.0 -9999.0 -9999.0 -9999.0 -9999.0 -9999.0 -9999.0 -9999.0 -9999.0 -9999.0 -9999.0 -9999.0 -9999.0 -9999.0 -9999.0 -9999.0 -9999.0 -9999.0 -9999.0 -9999.0 -9999.0 -9999.0 -9999.0 -9999.0 -9999.0 -9999.0 -9999.0 -9999.0 -9999.0 -9999.0 -9999.0 -9999.0 -9999.0 -9999.0 -9999.0 -9999.0 -9999.0 -9999.0 -9999.0 -9999.0 -9999.0 -9999.0 -9999.0 -9999.0 -9999.0 -9999.0 -9999.0 -9999.0 -9999.0 -9999.0 -9999.0 -9999.0 -9999.0 -9999.0 -9999.0 -9999.0 -9999.0 -9999.0 -9999.0 -9999.0 -9999.0 -9999.0 -9999.0 -9999.0 -9999.0
-9999.0 -9999.0 -9999.0 -9999.0 -9999.0 -9999.0 -9999.0 -9999.0 -9999.0 -9999.0 -9999.0 -9999.0 -9999.0 -9999.0 -9999.0 -9999.0 -9999.0 -9999.0 -9999.0 -9999.0 -9999.0 -9999.0 -9999.0 -9999.0 -9999.0 -9999.0 -9999.0 -9999.0 -9999.0 -9999.0 -9999.0 -9999.0 -9999.0 -9999.0 -9999.0 -9999.0 -9999.0 -9999.0 -9999.0 -9999.0 -9999.0 -9999.0 -9999.0 -9999.0 -9999.0 -9999.0 -9999.0 -9999.0 -9999.0 -9999.0 -9999.0 -9999.0 -9999.0 -9999.0 -9999.0 -9999.0 -9999.0 -9999.0 -9999.0 -9999.0 -9999.0 -9999.0 -9999.0 -9999.0 -9999.0 -9999.0 -9999.0 -9999.0 -9999.0 -9999.0 -9999.0 -9999.0 -9999.0 -9999.0 -9999.0 -9999.0 -9999.0 -9999.0 -9999.0 -9999.0
-9999.0 -9999.0 -9999.0 -9999.0 -9999.0 -9999.0 -9999.0 -9999.0 -9999.0 -9999.0 -9999.0 -9999.0 -9999.0 -9999.0 -9999.0 -9999.0 -9999.0 -9999.0 -9999.0 -9999.0 948.293789 951.307805 930.052708 897.442668 870.725991 874.266052 910.193720 952.791524 992.716990 1004.211747 988.034376 992.338177 989.489097 989.610894 993.014257 1000.529178 1005.220230 1016.541347 1024.867240 1024.306384 1018.118206 1012.975293 1013.290763 1016.340208 1021.742895 1010.873547 1024.798423 1039.885517 1044.820080 1039.057971 1011.024002 993.947722 982.998659 965.460983 988.102893 998.187118 1019.234677 1021.735712 1018.567847 990.395839 959.595747 -9999.0 -9999.0 -9999.0 -9999.0 -9999.0 -9999.0 -9999.0 -9999.0 -9999.0 -9999.0 -9999.0 -9999.0 -9999.0 -9999.0 -9999.0 -9999.0 -9999.0 -9999.0 -9999.0
-9999.0 -9999.0 -9999.0 -9999.0 -9999.0 -9999.0 -9999.0 -9999.0 -9999.0 -9999.0 -9999.0 -9999.0 -9999.0 -9999.0 853.923924 845.109604 843.482727 853.196059 888.117304 919.443730 932.064187 925.594357 926.958958 904.921900 886.005495 901.644893 932.929184 966.006087 1002.164170 1024.271596 1015.099841 1015.220546 1027.134098 1053.910562 1067.562352 1065.484777 1046.251710 1069.701297 1085.160725 1093.269312 1092.485612 1083.996796 1096.870742 1112.558102 1105.792654 1088.818877 1094.288262 1106.479226 1118.694546 1104.559580 1040.119910 1018.957098 1011.890927 1002.562906 986.434785 978.324116 1001.893842 1000.081056 990.012671 970.551465 936.770541 892.006421 872.524350 910.094198 952.827366 1009.187443 -9999.0 -9999.0 -9999.0 -9999.0 -9999.0 -9999.0 -9999.0 -9999.0 -9999.0 -9999.0 -9999.0 -9999.0 -9999.0 -9999.0
-9999.0 -9999.0 -9999.0 -9999.0 -9999.0 -9999.0 -9999.0 -9999.0 -9999.0 793.686985 798.755583 806.870120 810.171531 826.867793 825.458487 833.799130 842.273133 870.848739 903.651198 940.349099 970.375530 962.790808 965.128320 977.676900 983.917165 998.155022 1021.468924 1063.414674 1105.256889 1149.092506 1123.950681 1125.363563 1148.060238 1196.954338 1230.363268 1237.705202 1219.613986 1227.939257 1252.354863 1273.739189 1272.984912 1270.564628 1295.360772 1309.392876 1310.843342 1291.032918 1278.805788 1279.643070 1305.253370 1254.086296 1187.815975 1135.178928 1134.531716 1100.744994 1060.556812 1038.718829 1033.823379 1051.671727 1033.939553 994.573762 956.677897 944.240370 925.238002 940.723715 961.432564 1006.362734 1044.080320 1071.297452 1069.635823 1051.254137 -9999.0 -9999.0 -9999.0 -9999.0 -9999.0 -9999.0 -9999.0 -9999.0 -9999.0 -9999.0
-9999.0 -9999.0 -9999.0 -9999.0 -9999.0 -9999.0 714.005502 724.106347 745.112127 750.469247 776.646530 785.006493 806.760933 827.413142 850.543390 868.783157 900.689425 935.800974 979.411122 1025.187069 1059.281875 1056.130100 1069.219994 1104.132895 1148.361671 1180.628050 1207.296218 1248.493504 1327.047145 1373.994545 1386.745753 1396.940176 1411.753044 1461.523464 1524.644416 1539.774451 1518.847013 1503.541347 1522.190474 1556.654295 1562.522305 1563.689537 1573.574607 1583.020205 1608.978148 1600.131812 1561.217775 1547.755550 1546.445790 1531.603817 1472.087308 1406.631886 1364.514806 1309.083121 1224.164198 1168.276788 1172.240667 1186.082048 1151.746553 1094.208461 1050.826817 1037.803784 1019.952501 1003.995169 1007.912154 1024.989644 1045.433763 1054.779292 1040.071750 1017.473016 993.435246 963.213291 963.664747 987.873299 -9999.0 -9999.0 -9999.0 -9999.0 -9999.0 -9999.0
-9999.0 -9999.0 -9999.0 -9999.0 663.286083 676.832071 665.409762 691.280788 724.843237 759.913896 792.893180 831.001751 859.760219 891.968511 934.973449 972.322159 1016.863982 1055.896093 1115.592043 1188.601450 1242.595754 1268.939409 1287.926168 1352.920041 1422.324009 1478.149393 1499.855778 1527.103791 1570.530362 1632.720201 1662.554069 1672.500733 1693.097362 1728.836372 1775.215983 1807.500594 1790.284217 1781.582662 1786.381343 1796.738591 1819.932158 1821.163808 1822.988342 1825.394932 1830.048208 1829.754208 1806.615190 1774.634101 1762.374721 1754.321369 1726.142683 1656.352210 1611.640572 1578.870165 1545.801448 1495.092242 1430.033463 1408.661066 1344.047734 1282.317850 1217.428369 1192.336319 1156.658884 1126.521118 1093.736521 1091.886142 1092.019679 1068.879843 1034.291674 999.785432 982.682842 961.907231 949.141637 977.518395 993.720919 1023.106347 -9999.0 -9999.0 -9999.0 -9999.0
-9999.0 -9999.0 602.827452 652.261745 710.118872 720.135960 722.102461 729.195782 758.739938 812.005471 889.046955 941.194196 985.625203 1022.216382 1086.361517 1170.387736 1245.855649 1299.393571 1367.154615 1443.475386 1507.747320 1542.528538 1562.319069 1604.137504 1661.369688 1723.933608 1750.673356 1776.620018 1807.128221 1840.963516 1854.549847 1870.071915 1879.657096 1882.688895 1887.990509 1888.824073 1883.224029 1876.168777 1856.602064 1851.948353 1858.431216 1863.303205 1865.140100 1852.252535 1848.900477 1862.950391 1867.549255 1868.212326 1869.940769 1878.885218 1883.497239 1844.496698 1804.177672 1787.669290 1777.910095 1734.050216 1669.949579 1625.401323 1599.367319 1556.283257 1480.145778 1426.543723 1368.784939 1313.852367 1257.112020 1220.993501 1169.958326 1124.012211 1074.071507 1024.837598 998.350630 977.384291 972.167833 969.576223 983.598702 997.269025 1011.257599 1018.327221 -9999.0 -9999.0
-9999.0 499.659068 572.574585 699.882324 781.323433 827.978844 862.946267 888.301241 917.750572 944.070916 1050.761233 1143.597192 1236.220310 1276.866145 1334.844024 1438.202312 1534.064605 1581.949997 1624.129303 1683.391581 1744.312152 1791.952083 1821.244715 1835.423079 1870.032521 1882.782922 1885.724616 1888.929617 1885.003406 1877.410119 1868.655908 1875.105115 1871.816564 1853.425062 1837.430619 1833.106031 1825.117897 1798.050798 1767.776359 1751.868320 1753.721933 1775.872837 1764.672698 1744.710433 1741.717217 1763.278706 1783.403551 1777.485257 1769.849761 1791.099812 1827.201028 1848.869331 1859.329591 1875.640538 1896.351566 1871.019441 1841.936146 1799.859677 1779.669730 1750.948916 1694.480334 1633.336118 1576.879947 1515.216322 1446.909896 1372.892754 1304.409855 1239.082666 1167.934100 1122.500607 1087.137637 1032.346260 1006.698690 1004.245267 992.153861 986.816866 990.850263 996.270184 -9999.0 -9999.0
-9999.0 420.085570 563.191558 749.064259 899.597194 962.540401 1070.615095 1152.061403 1180.516700 1153.980552 1263.805035 1485.289269 1586.828521 1606.612100 1681.269732 1771.012047 1794.421952 1828.207393 1852.783649 1864.530324 1873.826812 1884.335377 1883.056529 1877.121219 1862.541004 1854.534366 1853.031104 1849.943185 1832.046713 1811.811936 1792.797488 1787.023092 1767.774280 1724.574785 1691.468232 1672.195397 1651.853450 1626.773077 1590.903684 1562.996405 1548.115182 1563.880747 1557.077582 1541.012085 1537.864539 1560.420091 1594.226847 1593.772583 1607.286844 1634.815510 1677.115556 1716.708302 1739.851525 1770.999587 1808.218782 1852.170636 1868.223414 1889.977836 1894.740082 1875.878472 1833.273221 1782.029519 1747.789883 1686.333949 1614.988985 1536.845618 1472.196104 1408.230671 1332.236271 1279.615746 1226.466989 1161.351747 1099.203230 1068.315829 1024.244115 1001.274705 -9999.0 -9999.0 -9999.0 -9999.0
-9999.0 342.438495 531.496945 792.031493 1069.443441 1189.000406 1400.760032 1531.124990 1587.479012 1651.587413 1635.135180 1778.136396 1816.820858 1814.285343 1814.431385 1821.228199 1838.907598 1844.729394 1843.881014 1837.077386 1830.814188 1827.932702 1825.662629 1815.669570 1800.832182 1783.823885 1769.398577 1755.865533 1717.943313 1684.007072 1646.316255 1627.650276 1586.614242 1496.256523 1453.382033 1414.884782 1351.661807 1339.430402 1329.107548 1298.615750 1278.292059 1258.334194 1279.805320 1283.979130 1286.729450 1291.773555 1311.566902 1339.458020 1391.285120 1435.138819 1482.462240 1535.486926 1572.110318 1618.959067 1666.796118 1722.712324 1755.833812 1788.376189 1836.642081 1876.235499 1900.250639 1890.222447 1863.418263 1819.259828 1751.176476 1687.307733 1641.377691 1572.170717 1507.572599 1452.611457 1400.456594 1335.910886 1258.291867 1161.654939 1113.718171 -9999.0 -9999.0 -9999.0 -9999.0 -9999.0
-9999.0 165.246091 433.564701 724.079384 1043.951032 1378.185234 1514.934915 1647.739807 1718.429676 1681.021127 1683.762485 1704.904842 1747.012067 1756.845990 1740.386802 1735.146195 1726.807997 1729.010185 1744.162325 1721.096779 1694.475910 1681.469376 1678.832865 1662.712187 1634.345643 1613.145109 1598.252388 1577.051758 1529.680784 1478.989429 1395.708347 1360.191197 1279.464019 1220.270937 1174.725641 1123.174851 1068.643005 1064.182035 1079.000591 1062.771375 1040.012283 1021.491477 1047.986892 1065.660651 1078.180870 1068.028128 1078.825802 1117.444983 1171.004105 1219.049505 1271.673130 1329.245196 1381.174901 1436.804241 1472.556555 1523.956438 1572.760048 1623.138772 1699.488633 1778.554740 1816.753057 1852.875431 1887.505937 1904.577863 1855.579390 1808.803662 1762.224133 1707.781868 1630.036510 1586.097171 1555.980989 1501.015493 1437.360893 -9999.0 -9999.0 -9999.0 -9999.0 -9999.0 -9999.0 -9999.0
-9999.0 37.677025 258.628785 491.687442 780.658848 1022.776280 1220.453549 1336.309969 1416.524815 1447.340303 1479.072604 1511.848788 1542.394264 1565.838673 1546.839884 1511.777136 1486.524442 1492.516532 1490.638825 1468.922383 1441.242771 1426.173442 1421.404928 1409.103745 1377.232238 1356.509693 1341.588280 1316.260904 1280.810719 1224.581813 1143.331837 1068.753091 1004.984121 971.074142 940.268565 906.110732 868.247599 877.026700 889.018223 884.711498 873.589247 870.340510 899.672456 918.816944 929.308594 918.071640 938.123993 966.408766 1010.095961 1055.020858 1105.729258 1162.833552 1219.646994 1253.379369 1270.687417 1299.630885 1344.280645 1406.728095 1498.108969 1595.319583 1675.636725 1727.197834 1780.672640 1817.329095 1833.562781 1849.333340 1830.029691 1756.154884 1642.841750 1652.046182 1648.827976 -9999.0 -9999.0 -9999.0 -9999.0 -9999.0 -9999.0 -9999.0 -9999.0 -9999.0
-9999.0 -9999.0 24.157269 204.509339 347.430411 530.535149 683.806144 796.647567 884.733849 994.337862 1096.630077 1177.873742 1221.119324 1238.951786 1225.527261 1193.081754 1172.674150 1173.806610 1164.783242 1154.090207 1133.356808 1124.217636 1111.571775 1100.315585 1085.714802 1076.405503 1068.537430 1055.386637 1032.041591 984.480822 933.917165 880.918778 826.080885 799.679801 776.953446 754.320010 751.562101 747.499508 752.963969 754.112346 760.465640 772.820418 793.167068 815.150222 825.088533 833.867058 847.005853 871.609324 905.882136 949.135002 1003.957130 1062.514241 1103.702556 1118.478823 1111.088782 1118.779296 1143.232279 1191.631722 1279.108047 1371.185512 1473.420636 1549.409064 1626.241034 1683.354497 1703.875944 1723.376196 1744.878610 1683.581587 1333.598816 1587.219620 -9999.0 -9999.0 -9999.0 -9999.0 -9999.0 -9999.0 -9999.0 -9999.0 -9999.0 -9999.0
-9999.0 -9999.0 -9999.0 -9999.0 62.504156 219.121657 316.580016 401.362212 529.644952 647.800781 746.371690 827.644684 887.070919 913.042592 907.567828 910.699432 905.871809 900.935326 891.815406 889.534451 886.765092 878.390574 863.757798 854.646917 853.161211 855.914271 852.131036 837.601875 819.608963 795.144607 773.032569 737.595826 700.547196 670.709463 657.016526 650.443040 649.886033 643.047319 651.757566 658.646946 673.695004 689.007076 712.927395 741.842730 755.438931 770.309902 780.459222 801.638488 832.636231 886.655476 950.626877 1008.831877 1045.119525 1050.485240 1026.719614 1012.674961 1011.340855 1042.404835 1091.967482 1165.441598 1273.463348 1354.402327 1424.220785 1478.208698 1515.580595 1565.985781 1628.833410 1667.988293 -9999.0 -9999.0 -9999.0 -9999.0 -9999.0 -9999.0 -9999.0 -9999.0 -9999.0 -9999.0 -9999.0 -9999.0
-9999.0 -9999.0 -9999.0 -9999.0 -9999.0 -9999.0 16.903537 117.611773 201.264161 335.780562 461.505691 560.233032 638.766656 668.732870 692.737873 718.578370 716.314138 698.652900 680.484398 698.364768 710.430261 704.204874 674.144844 672.321752 675.593725 683.169493 680.456590 673.470930 647.962391 657.832981 657.282282 633.525829 606.945970 592.442408 580.296684 589.665461 589.789359 576.323473 577.352601 603.792461 623.829731 637.103740 659.225779 692.530611 724.913130 740.038311 741.593855 748.176314 789.210810 860.045696 931.929395 987.427522 1020.123713 1028.824078 1002.167452 962.945938 943.647468 952.671243 990.171821 1046.803573 1127.598465 1183.222478 1218.859092 1241.576509 1266.823604 1360.332782 -9999.0 -9999.0 -9999.0 -9999.0 -9999.0 -9999.0 -9999.0 -9999.0 -9999.0 -9999.0 -9999.0 -9999.0 -9999.0 -9999.0
-9999.0 -9999.0 -9999.0 -9999.0 -9999.0 -9999.0 -9999.0 -9999.0 -9999.0 -9999.0 -9999.0 -9999.0 -9999.0 -9999.0 -9999.0 -9999.0 -9999.0 -9999.0 -9999.0 -9999.0 -9999.0 -9999.0 -9999.0 -9999.0 -9999.0 -9999.0 -9999.0 -9999.0 -9999.0 -9999.0 -9999.0 -9999.0 -9999.0 -9999.0 -9999.0 -9999.0 -9999.0 -9999.0 -9999.0 -9999.0 -9999.0 -9999.0 -9999.0 -9999.0 -9999.0 -9999.0 -9999.0 -9999.0 -9999.0 -9999.0 -9999.0 -9999.0 -9999.0 -9999.0 -9999.0 -9999.0 -9999.0 -9999.0 -9999.0 -9999.0 -9999.0 -9999.0 -9999.0 -9999.0 -9999.0 -9999.0 -9999.0 -9999.0 -9999.0 -9999.0 -9999.0 -9999.0 -9999.0 -9999.0 -9999.0 -9999.0 -9999.0 -9999.0 -9999.0 -9999.0
-9999.0 -9999.0 -9999.0 -9999.0 -9999.0 -9999.0 -9999.0 -9999.0 -9999.0 -9999.0 -9999.0 -9999.0 -9999.0 -9999.0 -9999.0 -9999.0 -9999.0 -9999.0 -9999.0 -9999.0 -9999.0 -9999.0 -9999.0 -9999.0 -9999.0 -9999.0 -9999.0 -9999.0 -9999.0 -9999.0 -9999.0 -9999.0 -9999.0 -9999.0 -9999.0 -9999.0 -9999.0 -9999.0 -9999.0 -9999.0 -9999.0 -9999.0 -9999.0 -9999.0 -9999.0 -9999.0 -9999.0 -9999.0 -9999.0 -9999.0 -9999.0 -9999.0 -9999.0 -9999.0 -9999.0 -9999.0 -9999.0 -9999.0 -9999.0 -9999.0 -9999.0 -9999.0 -9999.0 -9999.0 -9999.0 -9999.0 -9999.0 -9999.0 -9999.0 -9999.0 -9999.0 -9999.0 -9999.0 -9999.0 -9999.0 -9999.0 -9999.0 -9999.0 -9999.0 -9999.0