Borden_/Borden1m_014/output_maps/psiliqL0010N0032.asc
ncols         80
nrows         18
xllcorner     620200.000000
yllcorner     5168000.000000
cellsize      1.000000
NODATA_value  -9999.0
-9999.0 -9999.0 -9999.0 -9999.0 -9999.0 -9999.0 -9999.0 -9999.0 -9999.0 -9999.0 -9999.0 -9999.0 -9999.0 -9999.0 -9999.0 -9999.0 -9999.0 -9999.0 -9999.0 -9999.0 -9999.0 -9999.0 -9999.0 -9999.0 -9999.0 -9999.0 -9999.0 -9999.0 -9999.0 -9999.0 -9999.0 -9999.0 -9999.0 -9999.0 -9999.0 -9999.0 -9999.0 -9999.0 -9999.0 -9999.0 -9999.0 -9999.0 -9999.0 -9999.0 -9999.0 -9999.0 -9999.0 -9999.0 -9999.0 -9999.0 -9999.0 -9999.0 -9999.0 -9999.0 -9999.0 -9999.0 -9999.0 -9999.0 -9999.0 -9999.0 -9999.0 -9999.0 -9999.0 -9999.0 -9999.0 -9999.0 -9999.0 -9999.0 -9999.0 -9999.0 -9999.0 -9999.0 -9999.0 -9999.0 -9999.0 -9999.0 -9999.0 -9999.0 -9999.0 -9999.0
-9999.0 -9999.0 -9999.0 -9999.0 -9999.0 -9999.0 -9999.0 -9999.0 -9999.0 -9999.0 -9999.0 -9999.0 -9999.0 -9999.0 -9999.0 -9999.0 -9999.0 -9999.0 -9999.0 -9999.0 -9999.0 -9999.0 -9999.0 -9999.0 -9999.0 -9999.0 -9999.0 -9999.0 -9999.0 -9999.0 -9999.0 -9999.0 -9999.0 -9999.0 -9999.0 -9999.0 -9999.0 -9999.0 -9999.0 -9999.0 -9999.0 -9999.0 -9999.0 -9999.0 -9999.0 -9999.0 -9999.0 -9999.0 -9999.0 -9999.0 -9999.0 -9999.0 -9999.0 -9999.0 -9999.0 -9999.0 -9999.0 -9999.0 -9999.0 -9999.0 -9999.0 -9999.0 -9999.0 -9999.0 -9999.0 -9999.0 -9999.0 -9999.0 -9999.0 -9999.0 -9999.0 -9999.0 -9999.0 -9999.0 -9999.0 -9999.0 -9999.0 -9999.0 -9999.0 -9999.0
-9999.0 -9999.0 -9999.0 -9999.0 -9999.0 -9999.0 -9999.0 -9999.0 -9999.0 -9999.0 -9999.0 -9999.0 -9999.0 -9999.0 -9999.0 -9999.0 -9999.0 -9999.0 -9999.0 -9999.0 137.350188 140.388519 118.163490 84.645433 56.838300 59.378714 94.862874 136.752619 175.667537 186.843683 169.562844 171.978262 167.744690 167.983880 171.519864 178.317703 181.918243 193.905606 203.163785 203.745279 198.376601 193.478391 193.323065 196.985128 201.927962 191.751729 204.615539 219.187055 224.334202 217.808495 188.971410 171.830993 162.220231 146.349817 169.852126 181.367187 203.637083 207.315356 205.356453 177.802746 147.384900 -9999.0 -9999.0 -9999.0 -9999.0 -9999.0 -9999.0 -9999.0 -9999.0 -9999.0 -9999.0 -9999.0 -9999.0 -9999.0 -9999.0 -9999.0 -9999.0 -9999.0 -9999.0 -9999.0
-9999.0 -9999.0 -9999.0 -9999.0 -9999.0 -9999.0 -9999.0 -9999.0 -9999.0 -9999.0 -9999.0 -9999.0 -9999.0 -9999.0 45.791202 36.049746 33.473878 42.423372 76.617895 107.059034 119.693395 112.532282 112.998280 90.050845 70.423473 85.254386 115.654813 148.383152 184.263262 206.182745 194.966487 193.339599 204.738691 233.031596 248.580716 246.815681 226.378438 250.060540 267.781804 278.959661 279.847821 272.511546 287.915086 304.826565 297.792327 278.923654 281.051957 291.522874 304.083797 286.668146 219.008019 196.026803 190.551006 182.144953 166.999426 159.276305 183.335508 183.279108 174.267149 155.591619 122.654407 78.285108 59.829799 97.900796 141.762540 199.280492 -9999.0 -9999.0 -9999.0 -9999.0 -9999.0 -9999.0 -9999.0 -9999.0 -9999.0 -9999.0 -9999.0 -9999.0 -9999.0 -9999.0
-9999.0 -9999.0 -9999.0 -9999.0 -9999.0 -9999.0 -9999.0 -9999.0 -9999.0 -12.374736 -8.272651 -0.815976 1.496277 17.507577 15.907507 23.354897 31.596168 58.654254 90.485648 126.408102 156.110368 147.410319 148.929388 161.819663 169.136170 183.423496 206.627246 250.330220 296.176220 341.586094 315.251465 314.805734 336.380762 388.734523 429.187967 440.062608 420.821772 427.343565 456.914529 486.405270 491.119840 492.086027 519.507668 534.431727 538.126451 516.020061 494.351927 489.738449 512.990146 455.461362 382.710954 324.525216 322.150028 286.859365 242.327383 217.575546 212.795502 232.852322 215.933440 176.817556 138.948457 127.940150 110.268651 126.052582 147.929499 194.210609 232.433310 260.604249 260.203986 242.489183 -9999.0 -9999.0 -9999.0 -9999.0 -9999.0 -9999.0 -9999.0 -9999.0 -9999.0 -9999.0
-9999.0 -9999.0 -9999.0 -9999.0 -9999.0 -9999.0 -91.453801 -82.302545 -62.212150 -56.658457 -31.680226 -23.718309 -2.618184 17.382534 39.048894 56.953598 88.936472 123.111577 166.339888 212.612141 247.826904 246.235209 259.838403 296.905930 343.066877 378.311267 407.378288 454.162044 540.704933 591.208973 606.378282 613.625936 624.155363 670.525071 733.691862 751.083028 730.845074 716.215522 737.338555 777.892908 797.336899 802.469261 812.166923 821.114572 845.935628 834.582093 783.955489 761.807226 754.269808 738.735631 681.300907 617.514092 573.639760 517.852552 426.703667 362.119185 360.338493 373.609921 338.607620 279.991025 233.584384 220.019679 202.986369 187.191130 191.217313 209.279947 231.283567 241.722536 228.381580 207.094083 183.658123 154.583444 156.090552 181.330718 -9999.0 -9999.0 -9999.0 -9999.0 -9999.0 -9999.0
-9999.0 -9999.0 -9999.0 -9999.0 -141.406864 -128.760627 -140.343843 -116.100986 -83.606823 -49.643045 -16.582815 21.729791 50.199008 81.601676 124.986465 165.002924 212.419716 252.130680 312.346252 387.748269 447.849661 481.623449 505.350448 571.403995 635.297606 687.841462 709.082592 738.226990 785.574065 855.739876 886.153261 892.670696 908.615517 940.148971 983.680896 1014.834142 1000.295144 993.342138 1000.010319 1012.473135 1039.695005 1042.688784 1045.020516 1046.509667 1049.314803 1047.778956 1022.046170 987.831609 973.461158 963.545105 937.027737 871.203195 819.748158 785.585631 753.739086 703.681345 635.395655 611.554684 549.717524 485.905359 410.569258 379.646885 342.564411 311.611353 276.745341 273.996450 274.012465 251.768295 219.094377 186.046286 170.423865 151.338356 140.693504 170.423919 187.984678 218.761122 -9999.0 -9999.0 -9999.0 -9999.0
-9999.0 -9999.0 -200.059461 -150.334211 -94.006374 -84.997845 -82.726882 -76.780975 -48.572282 3.723767 83.667371 139.162962 187.450189 223.220061 288.662517 380.005530 467.165115 524.749299 588.500715 657.910092 720.928019 760.420382 789.684971 831.000180 880.835493 937.173886 962.127921 985.364356 1017.445951 1051.398530 1071.195429 1086.055782 1092.609391 1091.577863 1094.142459 1093.831390 1090.396921 1084.799036 1067.788843 1065.465553 1073.651902 1078.123756 1080.994450 1068.285438 1064.211857 1076.482623 1077.963834 1077.088011 1077.412780 1084.617170 1091.274159 1056.742756 1009.477975 993.468680 983.342937 942.070353 878.760987 827.449220 801.609620 757.807783 678.097240 622.859047 567.336003 509.887743 446.895450 405.502874 351.100108 304.036115 254.721853 207.208933 182.597412 163.584277 160.838369 160.931889 176.807984 192.255312 207.580315 215.354876 -9999.0 -9999.0
-9999.0 -300.166647 -227.481864 -99.984715 -20.192823 25.899899 65.572331 95.185277 123.442103 144.722032 258.733043 369.904708 471.434523 511.501717 569.431353 670.988486 772.628940 818.588090 852.994569 903.491598 959.447447 1004.851146 1034.524845 1058.441067 1088.026073 1092.834434 1093.473865 1094.329507 1089.135416 1082.205937 1072.836459 1079.670191 1076.487653 1059.265109 1044.510702 1041.495014 1034.748714 1008.684722 980.870179 966.842342 970.359241 991.951528 981.254146 961.227661 957.511200 977.433886 993.606763 986.570605 976.041642 993.646447 1028.168798 1049.923351 1063.922729 1079.265050 1099.368619 1075.661468 1044.121862 1002.801594 983.247283 952.363387 888.217222 824.557323 768.956071 705.082334 636.416088 562.573606 491.520833 421.686241 348.350245 303.861250 269.830931 216.580074 192.728855 193.305418 183.597217 180.621178 186.845625 193.175663 -9999.0 -9999.0
-9999.0 -374.171537 -230.759223 -44.597581 104.370206 169.668736 288.552659 378.988921 414.367190 393.773657 514.647590 743.203498 834.837931 849.071611 915.193236 995.207237 1028.829140 1058.606346 1077.774979 1079.220944 1081.105242 1087.836669 1085.851476 1079.944606 1066.197086 1058.511314 1057.335373 1053.567938 1034.250136 1014.149314 995.501213 992.109235 973.780466 934.927938 903.242001 886.377203 868.103557 840.407360 803.645066 776.199731 762.458484 780.218202 771.304189 753.581550 749.882922 772.970423 805.675041 801.074120 807.748788 830.828016 873.386308 918.606765 942.953910 972.795685 1009.194438 1052.187667 1070.219045 1090.697536 1095.659197 1072.814406 1028.313849 978.167725 942.664459 874.028463 798.497767 717.378898 652.122652 589.296702 516.866997 464.107869 409.753336 346.801223 285.953943 256.068169 214.919800 193.449687 -9999.0 -9999.0 -9999.0 -9999.0
-9999.0 -443.544016 -252.480630 12.526482 280.378513 414.949249 620.605866 756.068799 828.018479 883.234284 904.837621 1024.450516 1053.321554 1045.635024 1034.111274 1035.988224 1050.321467 1054.194943 1050.530153 1040.278390 1030.107370 1025.493610 1022.902932 1016.256427 1004.193791 989.096236 975.714240 960.649992 915.952299 880.476770 846.665378 830.947131 793.731185 704.024424 661.255459 628.061521 572.268497 560.532463 547.682427 516.161527 495.092675 477.358043 496.801630 497.865162 499.198996 507.009901 528.519541 550.829221 595.239283 632.700602 678.146141 732.547795 768.252359 813.080413 862.725497 924.681860 957.955013 988.605639 1034.028315 1073.642830 1095.823352 1086.284108 1056.134740 1010.947418 939.722485 865.101292 811.379487 735.712195 669.470816 617.793193 574.664992 522.659881 450.622677 350.458109 304.101979 -9999.0 -9999.0 -9999.0 -9999.0 -9999.0
-9999.0 -604.960562 -336.468251 -40.523136 291.413026 617.665320 736.497706 889.650981 964.711150 912.530742 899.097298 927.482216 968.596434 975.006468 955.061663 947.524418 938.739057 938.815420 950.988616 923.122446 888.167940 872.921300 871.285783 859.258785 836.220817 817.984042 803.881629 781.961378 730.542770 679.802191 602.472065 573.762037 495.683717 425.038119 373.722106 321.890364 267.923832 264.102384 278.538881 261.045827 237.730485 218.574893 244.409826 260.559452 272.056385 262.634125 272.822373 309.650010 361.466766 409.051230 465.743691 528.031376 579.082774 631.740931 667.517320 722.317863 771.019737 819.206906 894.130561 976.265016 1012.357458 1047.061272 1081.431610 1095.410910 1044.649955 990.858945 934.253304 860.408580 767.319619 721.370920 700.772908 669.445334 617.279922 -9999.0 -9999.0 -9999.0 -9999.0 -9999.0 -9999.0 -9999.0
-9999.0 -737.314111 -508.255791 -263.591655 35.021288 277.814090 469.303049 589.339461 676.294234 677.864957 693.677919 724.726305 756.753401 779.077155 756.724393 719.965428 693.171494 696.813961 694.769333 669.830433 639.102559 623.734899 621.712109 613.814366 587.145317 569.649615 556.312502 530.372565 489.317821 426.913997 339.664540 267.122163 202.466019 164.821023 132.656990 98.314229 59.329927 69.114167 82.762372 77.920186 65.588830 61.247968 90.717315 109.267009 119.413824 106.829696 125.769149 153.285668 196.088029 239.744854 290.399759 348.377510 405.918184 441.228398 462.000883 497.322461 545.222065 606.073950 694.402760 791.624023 868.182344 921.993520 972.943860 1004.559339 1016.103719 1030.388581 1002.282866 909.501591 768.762210 762.508274 765.830015 -9999.0 -9999.0 -9999.0 -9999.0 -9999.0 -9999.0 -9999.0 -9999.0 -9999.0
-9999.0 -9999.0 -745.164362 -557.342714 -401.393672 -215.050691 -62.101495 48.119274 128.263908 222.830879 316.723049 397.013507 442.550245 461.080115 442.685848 400.871898 374.037865 373.453049 363.412180 349.150638 324.687517 314.937833 304.595765 296.012030 282.434965 274.266721 267.554184 254.575091 229.610229 180.057110 125.983228 72.535490 17.119598 -9.043337 -31.679500 -54.591379 -58.060088 -60.416181 -53.923283 -52.803335 -47.308083 -35.500464 -14.847529 6.616166 16.107425 23.516574 36.172247 60.035507 93.495779 135.219926 188.654886 245.871307 285.819987 299.657476 292.192211 300.868890 326.704323 377.152873 472.775302 569.513618 666.076638 738.881339 810.800458 860.922010 877.421288 897.948188 908.806769 823.163151 512.949379 687.542635 -9999.0 -9999.0 -9999.0 -9999.0 -9999.0 -9999.0 -9999.0 -9999.0 -9999.0 -9999.0
-9999.0 -9999.0 -9999.0 -9999.0 -701.357827 -543.945518 -448.971213 -365.277871 -242.233818 -131.126640 -37.368726 40.725483 95.877898 120.321660 110.122191 105.837345 97.788400 93.443432 84.459520 79.480015 74.313298 66.256478 54.150159 46.276396 45.404965 48.673381 46.043784 32.286862 15.344196 -11.739939 -35.768032 -71.355843 -108.618855 -138.053243 -151.298302 -158.144819 -158.057310 -163.827597 -154.445212 -147.966205 -133.073386 -117.678166 -93.700014 -65.290489 -52.527288 -38.238874 -28.473349 -7.598383 22.581262 75.523809 138.056961 194.461650 228.748462 232.488873 206.650321 191.186545 188.849610 218.991015 270.096462 346.200428 458.286514 542.185007 609.599187 657.651551 690.448445 735.325766 777.038051 793.194935 -9999.0 -9999.0 -9999.0 -9999.0 -9999.0 -9999.0 -9999.0 -9999.0 -9999.0 -9999.0 -9999.0 -9999.0
-9999.0 -9999.0 -9999.0 -9999.0 -9999.0 -9999.0 -755.508818 -659.454321 -572.893250 -447.760730 -331.152724 -237.632138 -162.179977 -136.001240 -117.153606 -94.307432 -98.513442 -115.678231 -132.631839 -115.927953 -105.860699 -111.025303 -138.954808 -140.409188 -136.859980 -127.855298 -129.367199 -135.701082 -160.732324 -152.345706 -153.684401 -176.955068 -203.186256 -217.610409 -229.254188 -219.340882 -218.597325 -231.264751 -229.089263 -202.895902 -183.090556 -169.654979 -147.215335 -114.086263 -82.108317 -67.736257 -66.729541 -60.507539 -19.180611 51.043090 121.334492 174.865726 205.662168 212.764665 184.027275 142.804148 121.254789 128.169146 163.710432 219.212777 299.870334 354.801624 390.288402 414.728291 445.229495 544.012773 -9999.0 -9999.0 -9999.0 -9999.0 -9999.0 -9999.0 -9999.0 -9999.0 -9999.0 -9999.0 -9999.0 -9999.0 -9999.0 -9999.0
-9999.0 -9999.0 -9999.0 -9999.0 -9999.0 -9999.0 -9999.0 -9999.0 -9999.0 -9999.0 -9999.0 -9999.0 -9999.0 -9999.0 -9999.0 -9999.0 -9999.0 -9999.0 -9999.0 -9999.0 -9999.0 -9999.0 -9999.0 -9999.0 -9999.0 -9999.0 -9999.0 -9999.0 -9999.0 -9999.0 -9999.0 -9999.0 -9999.0 -9999.0 -9999.0 -9999.0 -9999.0 -9999.0 -9999.0 -9999.0 -9999.0 -9999.0 -9999.0 -9999.0 -9999.0 -9999.0 -9999.0 -9999.0 -9999.0 -9999.0 -9999.0 -9999.0 -9999.0 -9999.0 -9999.0 -9999.0 -9999.0 -9999.0 -9999.0 -9999.0 -9999.0 -9999.0 -9999.0 -9999.0 -9999.0 -9999.0 -9999.0 -9999.0 -9999.0 -9999.0 -9999.0 -9999.0 -9999.0 -9999.0 -9999.0 -9999.0 -9999.0 -9999.0 -9999.0 -9999.0
-9999.0 -9999.0 -9999.0 -9999.0 -9999.0 -9999.0 -9999.0 -9999.0 -9999.0 -9999.0 -9999.0 -9999.0 -9999.0 -9999.0 -9999.0 -9999.0 -9999.0 -9999.0 -9999.0 -9999.0 -9999.0 -9999.0 -9999.0 -9999.0 -9999.0 -9999.0 -9999.0 -9999.0 -9999.0 -9999.0 -9999.0 -9999.0 -9999.0 -9999.0 -9999.0 -9999.0 -9999.0 -9999.0 -9999.0 -9999.0 -9999.0 -9999.0 -9999.0 -9999.0 -9999.0 -9999.0 -9999.0 -9999.0 -9999.0 -9999.0 -9999.0 -9999.0 -9999.0 -9999.0 -9999.0 -9999.0 -9999.0 -9999.0 -9999.0 -9999.0 -9999.0 -9999.0 -9999.0 -9999.0 -9999.0 -9999.0 -9999.0 -9999.0 -9999.0 -9999.0 -9999.0 -9999.0 -9999.0 -9999.0 -9999.0 -9999.0 -9999.0 -9999.0 -9999.0 -9999.0