Borden_/Borden1m_014/output_maps/psiliqL0004N0002.asc
ncols         80
nrows         18
xllcorner     620200.000000
yllcorner     5168000.000000
cellsize      1.000000
NODATA_value  -9999.0
-9999.0 -9999.0 -9999.0 -9999.0 -9999.0 -9999.0 -9999.0 -9999.0 -9999.0 -9999.0 -9999.0 -9999.0 -9999.0 -9999.0 -9999.0 -9999.0 -9999.0 -9999.0 -9999.0 -9999.0 -9999.0 -9999.0 -9999.0 -9999.0 -9999.0 -9999.0 -9999.0 -9999.0 -9999.0 -9999.0 -9999.0 -9999.0 -9999.0 -9999.0 -9999.0 -9999.0 -9999.0 -9999.0 -9999.0 -9999.0 -9999.0 -9999.0 -9999.0 -9999.0 -9999.0 -9999.0 -9999.0 -9999.0 -9999.0 -9999.0 -9999.0 -9999.0 -9999.0 -9999.0 -9999.0 -9999.0 -9999.0 -9999.0 -9999.0 -9999.0 -9999.0 -9999.0 -9999.0 -9999.0 -9999.0 -9999.0 -9999.0 -9999.0 -9999.0 -9999.0 -9999.0 -9999.0 -9999.0 -9999.0 -9999.0 -9999.0 -9999.0 -9999.0 -9999.0 -9999.0
-9999.0 -9999.0 -9999.0 -9999.0 -9999.0 -9999.0 -9999.0 -9999.0 -9999.0 -9999.0 -9999.0 -9999.0 -9999.0 -9999.0 -9999.0 -9999.0 -9999.0 -9999.0 -9999.0 -9999.0 -9999.0 -9999.0 -9999.0 -9999.0 -9999.0 -9999.0 -9999.0 -9999.0 -9999.0 -9999.0 -9999.0 -9999.0 -9999.0 -9999.0 -9999.0 -9999.0 -9999.0 -9999.0 -9999.0 -9999.0 -9999.0 -9999.0 -9999.0 -9999.0 -9999.0 -9999.0 -9999.0 -9999.0 -9999.0 -9999.0 -9999.0 -9999.0 -9999.0 -9999.0 -9999.0 -9999.0 -9999.0 -9999.0 -9999.0 -9999.0 -9999.0 -9999.0 -9999.0 -9999.0 -9999.0 -9999.0 -9999.0 -9999.0 -9999.0 -9999.0 -9999.0 -9999.0 -9999.0 -9999.0 -9999.0 -9999.0 -9999.0 -9999.0 -9999.0 -9999.0
-9999.0 -9999.0 -9999.0 -9999.0 -9999.0 -9999.0 -9999.0 -9999.0 -9999.0 -9999.0 -9999.0 -9999.0 -9999.0 -9999.0 -9999.0 -9999.0 -9999.0 -9999.0 -9999.0 -9999.0 -863.971083 -860.800994 -883.867810 -917.953306 -946.550067 -945.214566 -910.919164 -870.961161 -834.508955 -824.273292 -842.406786 -841.820064 -847.456237 -847.423243 -844.453134 -839.145296 -837.314165 -825.933124 -817.652927 -817.862537 -823.949558 -829.839100 -831.899229 -828.273970 -823.543368 -831.172374 -818.093885 -802.922276 -796.026421 -800.729220 -827.248908 -842.610740 -849.861284 -863.220600 -838.590952 -825.344491 -802.003020 -797.141258 -797.593762 -823.936330 -853.435819 -9999.0 -9999.0 -9999.0 -9999.0 -9999.0 -9999.0 -9999.0 -9999.0 -9999.0 -9999.0 -9999.0 -9999.0 -9999.0 -9999.0 -9999.0 -9999.0 -9999.0 -9999.0 -9999.0
-9999.0 -9999.0 -9999.0 -9999.0 -9999.0 -9999.0 -9999.0 -9999.0 -9999.0 -9999.0 -9999.0 -9999.0 -9999.0 -9999.0 -952.240066 -962.923693 -966.463522 -958.402789 -925.318278 -896.225921 -883.770347 -891.772882 -892.340957 -916.105980 -936.316362 -922.900289 -894.868178 -864.841736 -832.227047 -812.513938 -825.882813 -829.155698 -818.923643 -791.435258 -776.917546 -779.930376 -801.442333 -779.817127 -764.041482 -754.582159 -755.768776 -764.346512 -749.648126 -733.712115 -740.227209 -757.335563 -754.681297 -743.456860 -728.317225 -742.732592 -805.768536 -826.387378 -828.100969 -833.645377 -845.560105 -851.510342 -826.732201 -824.731497 -832.142544 -849.115269 -880.153449 -923.241531 -940.180423 -901.797810 -856.965757 -798.598691 -9999.0 -9999.0 -9999.0 -9999.0 -9999.0 -9999.0 -9999.0 -9999.0 -9999.0 -9999.0 -9999.0 -9999.0 -9999.0 -9999.0
-9999.0 -9999.0 -9999.0 -9999.0 -9999.0 -9999.0 -9999.0 -9999.0 -9999.0 -1007.330718 -1004.504010 -997.941899 -996.884369 -981.851903 -983.726131 -977.459910 -969.702415 -944.951563 -914.931588 -880.940588 -852.952161 -863.871973 -864.289831 -852.086129 -844.560712 -832.374346 -813.326854 -774.899613 -734.490060 -694.919057 -722.937963 -725.363849 -707.347302 -659.177236 -621.714842 -612.369457 -630.207766 -628.974257 -605.461299 -582.078788 -583.485642 -585.439366 -564.198537 -553.071534 -545.852545 -561.691988 -578.943857 -581.317943 -556.994436 -603.020774 -661.796765 -714.395492 -713.062033 -742.767092 -783.213017 -805.408594 -807.779757 -784.573950 -798.702980 -834.748885 -870.057399 -877.951544 -893.321801 -877.018069 -853.740605 -806.126021 -767.432129 -738.244234 -736.933313 -753.533864 -9999.0 -9999.0 -9999.0 -9999.0 -9999.0 -9999.0 -9999.0 -9999.0 -9999.0 -9999.0
-9999.0 -9999.0 -9999.0 -9999.0 -9999.0 -9999.0 -1084.772979 -1076.734633 -1057.845085 -1052.311725 -1029.195549 -1022.098023 -1002.309216 -983.654903 -964.532397 -948.166526 -917.947255 -886.909996 -846.705103 -803.974868 -773.153493 -777.866644 -769.044322 -735.831507 -693.165331 -661.596009 -640.506739 -606.939051 -539.181892 -502.663378 -489.602942 -484.939204 -476.121050 -429.606116 -359.381278 -336.534676 -362.071038 -381.574965 -363.636251 -321.937749 -311.129032 -311.654462 -303.662103 -290.699597 -228.701686 -242.214083 -315.567859 -340.801942 -349.823822 -358.702539 -414.975833 -478.597436 -514.974961 -554.314760 -624.486227 -680.157817 -682.357331 -666.850498 -695.391271 -745.466966 -786.283502 -795.560142 -808.693222 -822.166099 -816.348326 -796.164731 -771.594173 -759.200243 -770.249007 -789.490324 -811.775347 -839.722921 -837.572920 -811.692153 -9999.0 -9999.0 -9999.0 -9999.0 -9999.0 -9999.0
-9999.0 -9999.0 -9999.0 -9999.0 -1133.804455 -1122.025614 -1133.546361 -1111.259322 -1080.301618 -1048.368493 -1016.574072 -979.997526 -954.075805 -925.783397 -884.964521 -847.065201 -805.116294 -772.941094 -720.932286 -655.504421 -607.080099 -583.099078 -572.115102 -519.458101 -462.804723 -409.516530 -390.400757 -365.276843 -323.479966 -183.169875 61.940529 69.453597 72.496083 76.974725 83.576625 89.021308 85.252120 84.255973 85.207002 86.562927 90.684761 90.132674 90.449876 90.973734 92.640510 92.866823 88.495905 83.000906 81.449908 80.536280 76.651168 45.021883 -269.895604 -312.062964 -335.872890 -389.020637 -464.906141 -486.033563 -532.503806 -578.055400 -638.454701 -661.655610 -690.803611 -714.071816 -742.802626 -740.881399 -736.622370 -754.347822 -782.512630 -812.835407 -826.594260 -844.184130 -853.177198 -822.877367 -804.660299 -773.013642 -9999.0 -9999.0 -9999.0 -9999.0
-9999.0 -9999.0 -1190.728786 -1140.521014 -1085.817593 -1077.790822 -1075.154396 -1071.114393 -1045.709959 -996.950401 -918.886795 -867.239015 -823.448472 -796.196713 -739.708534 -659.085485 -591.840608 -552.143174 -504.148523 -443.335218 -382.593209 -345.431669 -326.811075 -269.387105 49.308031 76.024647 79.883064 83.406495 87.995653 95.695099 106.491187 113.829627 117.714729 113.489342 111.549820 109.636194 108.859759 107.810717 104.359983 103.970515 106.084568 107.599255 111.219504 103.760723 102.769692 105.644547 106.532074 107.206614 107.718296 110.271331 120.355765 105.062119 87.684040 84.661706 84.209994 77.024835 54.663633 -262.885818 -293.912157 -341.937005 -421.267451 -473.339377 -517.943245 -560.213554 -605.872118 -633.832237 -675.555622 -711.922429 -753.310515 -795.521357 -817.008765 -834.094695 -835.060300 -833.175407 -816.471313 -800.104152 -784.200060 -776.128730 -9999.0 -9999.0
-9999.0 -1286.963877 -1214.486951 -1086.841303 -1009.404859 -965.363997 -923.036881 -893.211337 -871.980533 -862.528293 -758.623013 -655.845323 -577.309679 -556.241588 -511.776387 -423.495155 -334.180627 -280.217779 -179.846848 63.612435 79.020159 86.018202 89.318515 96.149280 117.085918 114.162266 111.087612 110.306316 107.958025 106.624462 104.160969 105.751280 105.737344 103.537315 101.862702 102.032353 100.753481 90.228424 83.265895 80.459727 80.799603 85.321515 83.064396 79.367029 78.680843 82.299658 85.819979 83.882917 81.554913 85.884013 99.564381 102.885102 105.549223 107.581776 118.687428 107.347411 101.460009 86.981898 83.778815 79.529733 62.933504 -257.515318 -343.956704 -404.785123 -462.306117 -520.252149 -569.033198 -616.578294 -672.884950 -706.476492 -733.954106 -783.523401 -805.547947 -802.506305 -810.868648 -812.470104 -805.075230 -798.318121 -9999.0 -9999.0
-9999.0 -1353.681853 -1210.028598 -1024.251831 -880.153017 -820.649881 -704.158192 -626.991876 -605.591001 -626.070320 -537.108074 -327.669725 -151.228817 45.941956 73.270545 86.265680 91.430851 96.777656 111.599458 110.165863 108.457714 110.458433 107.212676 104.834988 102.424059 101.723007 102.317916 102.773543 101.014052 98.165804 89.456561 87.040676 83.606810 76.910557 72.333539 69.944190 61.625968 -184.995994 -288.952175 -327.434615 -340.372508 -306.812415 -324.991729 -352.765018 -358.780931 -327.621723 -274.855094 -295.418450 -297.960714 -257.479735 57.932952 73.868332 76.906338 81.648679 91.355504 102.477734 105.882254 110.521359 116.498550 106.343847 99.715531 84.321169 78.553040 59.298069 -300.498591 -388.716566 -436.395333 -479.725540 -530.610285 -568.195893 -610.702642 -663.153016 -717.433773 -742.375146 -779.839315 -800.540357 -9999.0 -9999.0 -9999.0 -9999.0
-9999.0 -1412.218824 -1219.191698 -951.100816 -706.452701 -587.397075 -414.500278 -260.868335 54.978956 75.344910 79.516876 96.013673 105.799284 104.520292 101.778511 100.802157 102.212511 102.126140 101.509042 101.313947 101.192615 101.093182 100.594637 98.155047 89.162066 85.413442 83.356462 82.175533 76.191319 65.413807 -158.855193 -228.551296 -291.343839 -402.314298 -443.428076 -469.375412 -512.814903 -518.469233 -529.765405 -555.664601 -570.731475 -581.492521 -566.971987 -569.824126 -570.897530 -563.107440 -544.338472 -532.273233 -500.225094 -472.055258 -433.752788 -387.310343 -356.517718 -301.192047 -102.813575 70.007676 79.066207 84.866263 99.736967 106.303011 116.666366 109.811737 103.902458 98.303202 80.103768 64.368914 -151.741808 -305.524719 -365.030041 -416.115866 -462.784600 -514.539303 -573.381225 -654.095321 -692.316611 -9999.0 -9999.0 -9999.0 -9999.0 -9999.0
-9999.0 -1553.303061 -1285.386390 -985.744841 -654.731453 -364.847507 -270.982808 61.395173 88.589218 76.977443 73.972641 76.000475 82.745123 84.189706 80.621213 79.686162 77.700142 77.455383 80.778216 76.824078 72.800312 71.102371 70.420829 58.857485 -221.311535 -269.508651 -291.069870 -316.311042 -373.208422 -419.860788 -490.189836 -504.371177 -563.704069 -623.281744 -664.363840 -707.025981 -754.972526 -756.483750 -741.985818 -758.296634 -779.233254 -797.366985 -773.635764 -760.111776 -750.477651 -759.529025 -751.869393 -720.476580 -676.762246 -640.217065 -597.985821 -552.886477 -517.711284 -476.154167 -445.907269 -394.860823 -347.489640 -279.048671 62.359726 83.994254 96.760428 102.189643 108.746001 119.294499 105.451272 98.288202 87.944072 79.799438 69.176744 38.716702 -274.951072 -365.735698 -430.001970 -9999.0 -9999.0 -9999.0 -9999.0 -9999.0 -9999.0 -9999.0
-9999.0 -1691.324067 -1451.883736 -1193.792173 -890.030319 -669.619775 -533.499818 -441.672347 -376.043574 -387.661078 -378.111539 -352.300516 -315.346227 -285.494030 -326.340633 -371.614105 -401.599062 -398.356045 -397.599487 -424.708949 -454.507179 -468.963891 -468.661389 -475.061984 -498.841439 -512.577630 -521.188734 -539.794363 -570.859239 -617.278184 -691.863012 -751.512050 -808.696628 -843.408679 -872.474150 -904.621817 -943.857576 -933.184654 -917.964164 -923.078194 -936.231386 -941.586321 -912.477952 -895.033153 -885.427859 -899.464581 -882.117233 -856.219656 -816.233179 -777.803958 -734.570545 -686.413697 -640.401336 -615.067911 -602.444112 -577.195333 -542.595213 -496.480046 -418.469371 -315.657120 49.068563 74.006896 83.915224 97.779322 101.421017 108.246978 111.686011 97.968224 86.761318 87.570123 77.292245 -9999.0 -9999.0 -9999.0 -9999.0 -9999.0 -9999.0 -9999.0 -9999.0 -9999.0
-9999.0 -9999.0 -1690.572826 -1492.342087 -1320.186630 -1133.493258 -989.720160 -893.734826 -833.743442 -761.386289 -685.275761 -622.870143 -590.002700 -576.883842 -594.543677 -633.338193 -658.666300 -657.876410 -665.415196 -679.144898 -702.799670 -711.081632 -718.474428 -724.870619 -738.091862 -745.251722 -749.745118 -759.376052 -780.339151 -824.730760 -877.281604 -928.166525 -981.829866 -1006.078541 -1027.714266 -1050.685309 -1055.297881 -1056.050449 -1048.792326 -1047.886176 -1043.524557 -1032.532443 -1011.836657 -991.287798 -982.369785 -976.497633 -964.319943 -941.375404 -909.168737 -870.212592 -820.622349 -768.536148 -734.044887 -724.754894 -735.501936 -731.058010 -711.400245 -671.986705 -594.888476 -521.116496 -444.166111 -382.395801 -287.434673 59.946872 72.258323 78.313554 95.143041 92.855425 59.851203 82.769548 -9999.0 -9999.0 -9999.0 -9999.0 -9999.0 -9999.0 -9999.0 -9999.0 -9999.0 -9999.0
-9999.0 -9999.0 -9999.0 -9999.0 -1634.999817 -1475.958728 -1383.887861 -1302.801398 -1188.614414 -1089.265666 -1004.777097 -935.779044 -890.287686 -869.474001 -883.605219 -893.602182 -902.933016 -905.079969 -912.595821 -919.664830 -926.721246 -934.067475 -943.337218 -950.567972 -951.849560 -949.008671 -950.623373 -962.883002 -977.229524 -1005.922554 -1031.174016 -1066.278188 -1103.432118 -1132.281206 -1145.146701 -1152.691815 -1152.284457 -1157.118492 -1147.355026 -1141.689883 -1127.238883 -1111.918249 -1088.066442 -1060.459968 -1048.712338 -1035.021517 -1025.506115 -1004.857086 -975.722465 -924.488251 -864.389825 -811.312733 -780.541346 -779.228196 -807.406493 -824.951097 -829.847401 -804.767987 -761.385463 -698.396133 -608.486736 -547.342823 -492.459231 -445.074284 -407.090195 -340.017247 67.710206 87.489003 -9999.0 -9999.0 -9999.0 -9999.0 -9999.0 -9999.0 -9999.0 -9999.0 -9999.0 -9999.0 -9999.0 -9999.0
-9999.0 -9999.0 -9999.0 -9999.0 -9999.0 -9999.0 -1696.807617 -1604.595999 -1513.310258 -1400.562315 -1297.654938 -1212.443026 -1143.246052 -1122.331428 -1109.493526 -1089.666346 -1095.325146 -1111.044455 -1125.859106 -1110.677368 -1103.281181 -1107.409425 -1132.893737 -1134.767906 -1132.038054 -1122.435875 -1123.187147 -1129.013778 -1153.268139 -1147.033687 -1149.611989 -1172.298613 -1198.115341 -1212.716590 -1224.127007 -1214.194018 -1213.183533 -1225.133775 -1221.902626 -1196.526466 -1177.363713 -1163.934942 -1141.308048 -1108.566700 -1077.131867 -1063.551752 -1062.915702 -1056.838078 -1015.180203 -946.128129 -878.161897 -827.508154 -799.363445 -794.010773 -824.327486 -866.976558 -890.694279 -886.726319 -855.938669 -807.473699 -737.819697 -695.652585 -668.830896 -649.165789 -624.548363 -540.653121 -9999.0 -9999.0 -9999.0 -9999.0 -9999.0 -9999.0 -9999.0 -9999.0 -9999.0 -9999.0 -9999.0 -9999.0 -9999.0 -9999.0
-9999.0 -9999.0 -9999.0 -9999.0 -9999.0 -9999.0 -9999.0 -9999.0 -9999.0 -9999.0 -9999.0 -9999.0 -9999.0 -9999.0 -9999.0 -9999.0 -9999.0 -9999.0 -9999.0 -9999.0 -9999.0 -9999.0 -9999.0 -9999.0 -9999.0 -9999.0 -9999.0 -9999.0 -9999.0 -9999.0 -9999.0 -9999.0 -9999.0 -9999.0 -9999.0 -9999.0 -9999.0 -9999.0 -9999.0 -9999.0 -9999.0 -9999.0 -9999.0 -9999.0 -9999.0 -9999.0 -9999.0 -9999.0 -9999.0 -9999.0 -9999.0 -9999.0 -9999.0 -9999.0 -9999.0 -9999.0 -9999.0 -9999.0 -9999.0 -9999.0 -9999.0 -9999.0 -9999.0 -9999.0 -9999.0 -9999.0 -9999.0 -9999.0 -9999.0 -9999.0 -9999.0 -9999.0 -9999.0 -9999.0 -9999.0 -9999.0 -9999.0 -9999.0 -9999.0 -9999.0
-9999.0 -9999.0 -9999.0 -9999.0 -9999.0 -9999.0 -9999.0 -9999.0 -9999.0 -9999.0 -9999.0 -9999.0 -9999.0 -9999.0 -9999.0 -9999.0 -9999.0 -9999.0 -9999.0 -9999.0 -9999.0 -9999.0 -9999.0 -9999.0 -9999.0 -9999.0 -9999.0 -9999.0 -9999.0 -9999.0 -9999.0 -9999.0 -9999.0 -9999.0 -9999.0 -9999.0 -9999.0 -9999.0 -9999.0 -9999.0 -9999.0 -9999.0 -9999.0 -9999.0 -9999.0 -9999.0 -9999.0 -9999.0 -9999.0 -9999.0 -9999.0 -9999.0 -9999.0 -9999.0 -9999.0 -9999.0 -9999.0 -9999.0 -9999.0 -9999.0 -9999.0 -9999.0 -9999.0 -9999.0 -9999.0 -9999.0 -9999.0 -9999.0 -9999.0 -9999.0 -9999.0 -9999.0 -9999.0 -9999.0 -9999.0 -9999.0 -9999.0 -9999.0 -9999.0 -9999.0