Borden_/Borden1m_014/output_maps/psiliqL0003N0002.asc
ncols         80
nrows         18
xllcorner     620200.000000
yllcorner     5168000.000000
cellsize      1.000000
NODATA_value  -9999.0
-9999.0 -9999.0 -9999.0 -9999.0 -9999.0 -9999.0 -9999.0 -9999.0 -9999.0 -9999.0 -9999.0 -9999.0 -9999.0 -9999.0 -9999.0 -9999.0 -9999.0 -9999.0 -9999.0 -9999.0 -9999.0 -9999.0 -9999.0 -9999.0 -9999.0 -9999.0 -9999.0 -9999.0 -9999.0 -9999.0 -9999.0 -9999.0 -9999.0 -9999.0 -9999.0 -9999.0 -9999.0 -9999.0 -9999.0 -9999.0 -9999.0 -9999.0 -9999.0 -9999.0 -9999.0 -9999.0 -9999.0 -9999.0 -9999.0 -9999.0 -9999.0 -9999.0 -9999.0 -9999.0 -9999.0 -9999.0 -9999.0 -9999.0 -9999.0 -9999.0 -9999.0 -9999.0 -9999.0 -9999.0 -9999.0 -9999.0 -9999.0 -9999.0 -9999.0 -9999.0 -9999.0 -9999.0 -9999.0 -9999.0 -9999.0 -9999.0 -9999.0 -9999.0 -9999.0 -9999.0
-9999.0 -9999.0 -9999.0 -9999.0 -9999.0 -9999.0 -9999.0 -9999.0 -9999.0 -9999.0 -9999.0 -9999.0 -9999.0 -9999.0 -9999.0 -9999.0 -9999.0 -9999.0 -9999.0 -9999.0 -9999.0 -9999.0 -9999.0 -9999.0 -9999.0 -9999.0 -9999.0 -9999.0 -9999.0 -9999.0 -9999.0 -9999.0 -9999.0 -9999.0 -9999.0 -9999.0 -9999.0 -9999.0 -9999.0 -9999.0 -9999.0 -9999.0 -9999.0 -9999.0 -9999.0 -9999.0 -9999.0 -9999.0 -9999.0 -9999.0 -9999.0 -9999.0 -9999.0 -9999.0 -9999.0 -9999.0 -9999.0 -9999.0 -9999.0 -9999.0 -9999.0 -9999.0 -9999.0 -9999.0 -9999.0 -9999.0 -9999.0 -9999.0 -9999.0 -9999.0 -9999.0 -9999.0 -9999.0 -9999.0 -9999.0 -9999.0 -9999.0 -9999.0 -9999.0 -9999.0
-9999.0 -9999.0 -9999.0 -9999.0 -9999.0 -9999.0 -9999.0 -9999.0 -9999.0 -9999.0 -9999.0 -9999.0 -9999.0 -9999.0 -9999.0 -9999.0 -9999.0 -9999.0 -9999.0 -9999.0 -916.930789 -913.587255 -936.176821 -969.240768 -996.934135 -995.796793 -962.598880 -923.837263 -888.213924 -878.218048 -896.207189 -895.521127 -901.181495 -901.232957 -898.357833 -893.119454 -891.334556 -880.144488 -872.016434 -872.254587 -878.266706 -884.064527 -886.210528 -882.657446 -877.930074 -885.459663 -872.520832 -857.550846 -850.748972 -855.318762 -881.390890 -896.405481 -903.430430 -916.710424 -892.243834 -879.283232 -856.272909 -851.542963 -851.855868 -877.822658 -906.788362 -9999.0 -9999.0 -9999.0 -9999.0 -9999.0 -9999.0 -9999.0 -9999.0 -9999.0 -9999.0 -9999.0 -9999.0 -9999.0 -9999.0 -9999.0 -9999.0 -9999.0 -9999.0 -9999.0
-9999.0 -9999.0 -9999.0 -9999.0 -9999.0 -9999.0 -9999.0 -9999.0 -9999.0 -9999.0 -9999.0 -9999.0 -9999.0 -9999.0 -1001.435060 -1011.942147 -1015.503196 -1008.167192 -976.295089 -948.273758 -936.437672 -944.433520 -944.645178 -967.940473 -987.764565 -974.604842 -947.431235 -918.358209 -886.452977 -867.011284 -880.299985 -883.552195 -873.435437 -846.107468 -831.698006 -834.731437 -856.341956 -834.742787 -819.081151 -809.626058 -810.790394 -819.397689 -804.631531 -788.657511 -795.218007 -812.360499 -809.787719 -798.655663 -783.440739 -797.761240 -860.635411 -880.867705 -882.400529 -887.717629 -899.478648 -905.457712 -880.855811 -879.028879 -886.297190 -902.730554 -932.904588 -974.848088 -991.376418 -953.878729 -910.282693 -852.766956 -9999.0 -9999.0 -9999.0 -9999.0 -9999.0 -9999.0 -9999.0 -9999.0 -9999.0 -9999.0 -9999.0 -9999.0 -9999.0 -9999.0
-9999.0 -9999.0 -9999.0 -9999.0 -9999.0 -9999.0 -9999.0 -9999.0 -9999.0 -1053.072386 -1050.745211 -1044.563730 -1044.082923 -1029.691015 -1032.343913 -1026.335956 -1019.237666 -995.480834 -966.754594 -933.823436 -906.329820 -917.323095 -917.773793 -905.596646 -898.159552 -886.260202 -867.648277 -829.592470 -789.398212 -749.662978 -777.878893 -780.262254 -762.256278 -713.733010 -675.652232 -666.052059 -684.198304 -683.197682 -659.288432 -635.259420 -636.708024 -638.676533 -616.879604 -605.474480 -597.745653 -614.072727 -632.100472 -634.714027 -609.608901 -656.837766 -716.220905 -769.294399 -767.889446 -797.668407 -838.065625 -860.090545 -862.575148 -839.318691 -853.312927 -888.882215 -923.541746 -930.764395 -945.903499 -929.947331 -907.405797 -860.528397 -822.338417 -793.343514 -792.019519 -808.565243 -9999.0 -9999.0 -9999.0 -9999.0 -9999.0 -9999.0 -9999.0 -9999.0 -9999.0 -9999.0
-9999.0 -9999.0 -9999.0 -9999.0 -9999.0 -9999.0 -1123.656910 -1116.786194 -1099.563183 -1096.309850 -1074.401577 -1068.613810 -1049.805882 -1032.314134 -1014.207909 -998.834836 -969.584643 -939.578257 -900.327758 -858.310523 -827.808479 -832.603221 -823.835435 -790.597672 -747.692130 -715.825857 -694.635046 -660.718886 -591.028243 -552.741588 -538.404937 -533.276510 -523.679083 -473.324629 -398.889526 -375.906888 -401.715560 -422.114318 -403.638789 -361.976593 -351.400763 -351.899083 -344.442877 -332.356453 -273.746898 -286.475755 -355.910326 -380.748773 -389.990894 -398.431441 -457.340897 -526.780446 -565.769300 -606.633514 -678.306800 -734.757590 -737.207008 -721.655834 -750.393804 -800.425622 -841.015628 -850.041634 -862.953383 -876.444601 -870.743282 -850.920327 -826.592596 -814.277643 -825.229461 -844.184192 -865.973230 -893.557169 -891.377925 -865.804234 -9999.0 -9999.0 -9999.0 -9999.0 -9999.0 -9999.0
-9999.0 -9999.0 -9999.0 -9999.0 -1169.543473 -1158.334694 -1171.447121 -1150.342426 -1121.881507 -1092.569458 -1063.608702 -1028.851727 -1004.409113 -977.263859 -937.552360 -900.534573 -859.176547 -827.464299 -775.647796 -709.938774 -660.876498 -636.246472 -625.027285 -570.270818 -509.791383 -451.535629 -431.327988 -405.343600 -364.178530 -232.208061 27.233413 30.968121 32.398683 34.508212 37.648905 40.305838 38.436171 37.963703 38.436266 39.075468 41.102810 40.805440 40.967732 41.201623 42.037110 42.182952 40.009263 37.368574 36.643064 36.221129 34.400388 11.426027 -314.511597 -352.960668 -375.220452 -429.256895 -512.279403 -535.354536 -584.317060 -631.218242 -692.895711 -716.400902 -745.786241 -769.092410 -797.992776 -796.119246 -791.860949 -809.546559 -837.422725 -867.370300 -880.711146 -897.933369 -906.936779 -876.905661 -859.079696 -827.662738 -9999.0 -9999.0 -9999.0 -9999.0
-9999.0 -9999.0 -1217.452530 -1175.351909 -1125.214123 -1119.599365 -1117.959680 -1115.360852 -1091.845943 -1045.438938 -970.032014 -920.087802 -877.010240 -850.344522 -794.158635 -713.097334 -644.830858 -604.136604 -554.097543 -488.621009 -423.181160 -385.174859 -366.926930 -313.622604 15.583959 34.089293 35.891516 37.555630 39.730623 43.425155 48.896602 55.070121 58.933192 54.745779 52.915593 51.343002 50.682727 49.807977 47.839326 47.623298 49.568023 51.331136 54.853529 47.653931 47.008247 48.880205 49.643460 49.846694 49.917766 51.745441 61.746946 48.225814 39.553609 38.154573 37.978737 34.560873 20.957814 -308.633206 -335.980553 -381.642221 -464.854094 -521.764447 -569.241650 -613.321116 -660.198004 -688.682861 -730.894070 -767.303281 -808.499885 -850.396199 -871.516654 -888.223812 -888.978887 -887.300139 -870.769005 -854.659957 -838.837663 -830.873456 -9999.0 -9999.0
-9999.0 -1293.951977 -1239.406511 -1125.655853 -1055.750068 -1014.478262 -973.830161 -944.820991 -924.203864 -915.822757 -812.613734 -709.106026 -629.286569 -607.941427 -560.975292 -466.218631 -373.505171 -322.444145 -228.273486 27.999672 35.499290 38.820694 40.361906 43.817822 59.266290 55.540536 52.342049 51.553687 49.725955 48.925892 47.502744 48.406526 48.364156 47.265163 46.469243 46.597474 46.018408 40.823233 37.493328 36.159598 36.325241 38.545331 37.429857 35.650059 35.316273 37.053792 38.772714 37.803214 36.654497 38.707650 45.442244 47.000843 48.438082 49.517964 59.704076 49.287521 46.338237 39.219348 37.741628 35.754141 27.647810 -303.927252 -384.310643 -447.660645 -510.235229 -572.113963 -622.722591 -671.219425 -728.113226 -761.670705 -788.982801 -838.435613 -860.237577 -857.022891 -865.342889 -866.917186 -859.585501 -852.918184 -9999.0 -9999.0
-9999.0 -1354.119609 -1234.433374 -1068.697060 -931.736537 -874.277700 -757.585034 -679.556109 -657.499694 -677.583088 -586.414247 -365.487003 -197.871219 13.825630 32.814749 38.986691 41.614032 44.574333 57.532030 52.128435 50.210314 52.283563 49.451456 47.949936 46.710882 46.372916 46.696209 46.931371 46.078462 44.749331 40.453058 39.320698 37.679410 34.489869 32.329858 31.222247 27.105916 -234.436502 -331.612006 -368.008001 -380.577839 -347.536108 -365.312958 -393.018942 -399.161002 -367.990301 -317.694552 -337.416015 -340.294529 -303.699532 24.238716 33.080824 34.482307 36.713424 41.402836 46.805802 48.536073 51.566991 57.608165 48.682330 45.480491 37.959277 35.291488 25.289944 -343.285766 -430.598464 -482.162508 -528.971559 -582.713090 -621.643392 -665.091495 -718.038289 -772.631839 -797.493604 -834.816370 -855.087130 -9999.0 -9999.0 -9999.0 -9999.0
-9999.0 -1396.139691 -1242.063743 -998.287103 -759.911612 -639.822945 -456.417799 -302.825014 23.100131 33.938579 35.994329 44.102583 52.008226 48.172993 46.627233 46.097780 46.802853 46.728529 46.352410 46.224415 46.173980 46.140283 45.920523 44.788058 40.319291 38.536846 37.560618 37.018409 34.166936 28.888835 -209.467382 -275.565956 -333.169581 -444.257291 -488.869836 -516.790943 -562.913477 -568.992121 -581.132979 -608.111179 -623.549487 -634.367491 -619.623638 -622.804448 -624.011267 -615.801898 -596.224711 -583.984149 -550.513705 -520.569920 -479.062369 -428.752189 -397.078800 -343.735714 -149.695191 31.120833 35.507809 38.218002 45.487991 48.709152 57.582455 50.746489 47.438368 44.825277 35.981743 28.382778 -201.099538 -346.764726 -404.883917 -459.778274 -510.643663 -565.827585 -626.822316 -709.082325 -747.434247 -9999.0 -9999.0 -9999.0 -9999.0 -9999.0
-9999.0 -1511.164155 -1293.388763 -1030.142237 -705.363489 -400.382444 -310.781482 26.981068 40.929162 34.666643 33.144971 34.080770 37.324640 38.006780 36.269673 35.839876 34.878717 34.750591 36.393498 34.473221 32.559186 31.763952 31.471776 25.747288 -269.676538 -313.636911 -333.533012 -357.145101 -413.803516 -463.542672 -539.568925 -554.102122 -615.778068 -676.958448 -718.446395 -761.154490 -809.120572 -810.645085 -796.191389 -812.559663 -833.362468 -851.502924 -827.923631 -814.615200 -805.040407 -814.066851 -806.525538 -775.253943 -731.526303 -694.854229 -652.077852 -605.857916 -569.367528 -525.182485 -492.387802 -436.611488 -387.861935 -323.636939 27.349800 37.857883 44.087341 46.620790 49.942441 59.169494 48.294749 44.807042 39.787058 35.939119 30.935930 5.992681 -317.770240 -405.252189 -474.968476 -9999.0 -9999.0 -9999.0 -9999.0 -9999.0 -9999.0 -9999.0
-9999.0 -1607.372519 -1416.466342 -1221.172475 -937.224347 -719.906890 -582.224236 -483.410528 -412.970977 -426.929259 -417.842147 -391.668037 -355.349652 -327.081675 -366.280274 -411.666541 -443.251341 -439.748246 -438.699869 -468.016145 -500.595792 -516.377569 -515.978517 -522.944734 -548.453421 -563.035900 -572.098062 -591.542015 -623.720420 -670.955997 -746.212939 -805.552180 -862.263120 -896.446939 -924.844931 -956.098902 -994.686185 -983.895451 -968.937363 -973.977000 -986.899045 -992.357832 -963.882871 -947.072629 -937.674983 -951.837936 -934.799304 -909.581777 -870.283239 -832.447250 -789.628640 -741.604628 -695.345705 -669.669276 -656.723216 -630.724324 -594.923453 -546.491093 -462.063695 -356.889264 15.576571 33.118352 37.787108 44.579103 46.281880 49.874945 54.650221 44.842298 39.615274 39.952669 34.824010 -9999.0 -9999.0 -9999.0 -9999.0 -9999.0 -9999.0 -9999.0 -9999.0 -9999.0
-9999.0 -9999.0 -1620.553502 -1475.874029 -1335.607750 -1170.499333 -1034.752741 -942.014041 -884.004759 -813.268033 -737.893408 -675.429940 -642.235881 -628.840621 -646.984965 -686.636074 -712.350000 -711.460955 -718.991247 -732.875721 -756.772027 -765.046023 -772.365885 -778.709118 -792.042078 -799.253047 -803.723584 -813.252040 -833.999428 -877.865188 -929.487744 -978.794010 -1030.529270 -1052.947829 -1073.109684 -1094.771332 -1098.350308 -1099.165252 -1092.407550 -1091.736942 -1087.681275 -1077.427631 -1058.189551 -1038.873210 -1030.635746 -1025.127951 -1013.655180 -991.790327 -960.881472 -923.268895 -874.805352 -823.436337 -789.263205 -780.026669 -790.724782 -786.163058 -766.399495 -726.828655 -648.568197 -572.323553 -490.249758 -423.577818 -330.862694 26.242274 32.305295 35.127205 43.404634 42.576326 27.617748 37.823874 -9999.0 -9999.0 -9999.0 -9999.0 -9999.0 -9999.0 -9999.0 -9999.0 -9999.0 -9999.0
-9999.0 -9999.0 -9999.0 -9999.0 -1596.660112 -1464.710602 -1380.777830 -1319.688667 -1218.546289 -1129.076210 -1050.527238 -984.797258 -941.075163 -920.792136 -935.080487 -945.108570 -954.233069 -956.083249 -963.322690 -970.361060 -977.277591 -984.354656 -993.128056 -1000.144503 -1001.345289 -998.566250 -1000.042877 -1011.888150 -1025.234402 -1052.789038 -1076.175496 -1108.548920 -1142.266991 -1168.430678 -1179.236446 -1185.823216 -1184.910773 -1189.600783 -1180.407502 -1176.162620 -1163.156428 -1149.651388 -1128.130731 -1102.738365 -1092.590074 -1079.788024 -1071.130909 -1051.727795 -1024.666788 -975.738905 -917.517827 -865.583648 -835.318745 -834.056708 -862.025056 -879.211610 -884.021193 -859.193917 -816.204533 -753.332623 -662.631477 -599.993583 -542.229839 -491.000522 -449.571661 -380.422805 30.128250 39.802962 -9999.0 -9999.0 -9999.0 -9999.0 -9999.0 -9999.0 -9999.0 -9999.0 -9999.0 -9999.0 -9999.0 -9999.0
-9999.0 -9999.0 -9999.0 -9999.0 -9999.0 -9999.0 -1619.899809 -1550.608844 -1495.441565 -1406.105279 -1320.144949 -1245.917560 -1182.569826 -1164.259162 -1152.276486 -1132.876567 -1138.271708 -1153.164681 -1167.435373 -1152.359568 -1145.179177 -1148.697929 -1173.123310 -1174.297990 -1171.726913 -1162.500881 -1163.239453 -1168.084605 -1191.120954 -1183.615936 -1184.789599 -1204.597307 -1226.721435 -1238.131644 -1248.097111 -1237.924839 -1236.849997 -1248.212491 -1246.106556 -1223.107625 -1206.720422 -1195.807947 -1176.256933 -1146.892937 -1117.930659 -1105.727706 -1105.712198 -1100.962931 -1062.017345 -996.247045 -930.719677 -881.419920 -853.855851 -848.514207 -878.383243 -920.316627 -943.535952 -939.764042 -909.703809 -862.079561 -792.904424 -750.846986 -723.817302 -703.833903 -678.868352 -592.909655 -9999.0 -9999.0 -9999.0 -9999.0 -9999.0 -9999.0 -9999.0 -9999.0 -9999.0 -9999.0 -9999.0 -9999.0 -9999.0 -9999.0
-9999.0 -9999.0 -9999.0 -9999.0 -9999.0 -9999.0 -9999.0 -9999.0 -9999.0 -9999.0 -9999.0 -9999.0 -9999.0 -9999.0 -9999.0 -9999.0 -9999.0 -9999.0 -9999.0 -9999.0 -9999.0 -9999.0 -9999.0 -9999.0 -9999.0 -9999.0 -9999.0 -9999.0 -9999.0 -9999.0 -9999.0 -9999.0 -9999.0 -9999.0 -9999.0 -9999.0 -9999.0 -9999.0 -9999.0 -9999.0 -9999.0 -9999.0 -9999.0 -9999.0 -9999.0 -9999.0 -9999.0 -9999.0 -9999.0 -9999.0 -9999.0 -9999.0 -9999.0 -9999.0 -9999.0 -9999.0 -9999.0 -9999.0 -9999.0 -9999.0 -9999.0 -9999.0 -9999.0 -9999.0 -9999.0 -9999.0 -9999.0 -9999.0 -9999.0 -9999.0 -9999.0 -9999.0 -9999.0 -9999.0 -9999.0 -9999.0 -9999.0 -9999.0 -9999.0 -9999.0
-9999.0 -9999.0 -9999.0 -9999.0 -9999.0 -9999.0 -9999.0 -9999.0 -9999.0 -9999.0 -9999.0 -9999.0 -9999.0 -9999.0 -9999.0 -9999.0 -9999.0 -9999.0 -9999.0 -9999.0 -9999.0 -9999.0 -9999.0 -9999.0 -9999.0 -9999.0 -9999.0 -9999.0 -9999.0 -9999.0 -9999.0 -9999.0 -9999.0 -9999.0 -9999.0 -9999.0 -9999.0 -9999.0 -9999.0 -9999.0 -9999.0 -9999.0 -9999.0 -9999.0 -9999.0 -9999.0 -9999.0 -9999.0 -9999.0 -9999.0 -9999.0 -9999.0 -9999.0 -9999.0 -9999.0 -9999.0 -9999.0 -9999.0 -9999.0 -9999.0 -9999.0 -9999.0 -9999.0 -9999.0 -9999.0 -9999.0 -9999.0 -9999.0 -9999.0 -9999.0 -9999.0 -9999.0 -9999.0 -9999.0 -9999.0 -9999.0 -9999.0 -9999.0 -9999.0 -9999.0