Borden_/Borden1m_014/output_maps/psiliqL0015N0037.asc
ncols         80
nrows         18
xllcorner     620200.000000
yllcorner     5168000.000000
cellsize      1.000000
NODATA_value  -9999.0
-9999.0 -9999.0 -9999.0 -9999.0 -9999.0 -9999.0 -9999.0 -9999.0 -9999.0 -9999.0 -9999.0 -9999.0 -9999.0 -9999.0 -9999.0 -9999.0 -9999.0 -9999.0 -9999.0 -9999.0 -9999.0 -9999.0 -9999.0 -9999.0 -9999.0 -9999.0 -9999.0 -9999.0 -9999.0 -9999.0 -9999.0 -9999.0 -9999.0 -9999.0 -9999.0 -9999.0 -9999.0 -9999.0 -9999.0 -9999.0 -9999.0 -9999.0 -9999.0 -9999.0 -9999.0 -9999.0 -9999.0 -9999.0 -9999.0 -9999.0 -9999.0 -9999.0 -9999.0 -9999.0 -9999.0 -9999.0 -9999.0 -9999.0 -9999.0 -9999.0 -9999.0 -9999.0 -9999.0 -9999.0 -9999.0 -9999.0 -9999.0 -9999.0 -9999.0 -9999.0 -9999.0 -9999.0 -9999.0 -9999.0 -9999.0 -9999.0 -9999.0 -9999.0 -9999.0 -9999.0
-9999.0 -9999.0 -9999.0 -9999.0 -9999.0 -9999.0 -9999.0 -9999.0 -9999.0 -9999.0 -9999.0 -9999.0 -9999.0 -9999.0 -9999.0 -9999.0 -9999.0 -9999.0 -9999.0 -9999.0 -9999.0 -9999.0 -9999.0 -9999.0 -9999.0 -9999.0 -9999.0 -9999.0 -9999.0 -9999.0 -9999.0 -9999.0 -9999.0 -9999.0 -9999.0 -9999.0 -9999.0 -9999.0 -9999.0 -9999.0 -9999.0 -9999.0 -9999.0 -9999.0 -9999.0 -9999.0 -9999.0 -9999.0 -9999.0 -9999.0 -9999.0 -9999.0 -9999.0 -9999.0 -9999.0 -9999.0 -9999.0 -9999.0 -9999.0 -9999.0 -9999.0 -9999.0 -9999.0 -9999.0 -9999.0 -9999.0 -9999.0 -9999.0 -9999.0 -9999.0 -9999.0 -9999.0 -9999.0 -9999.0 -9999.0 -9999.0 -9999.0 -9999.0 -9999.0 -9999.0
-9999.0 -9999.0 -9999.0 -9999.0 -9999.0 -9999.0 -9999.0 -9999.0 -9999.0 -9999.0 -9999.0 -9999.0 -9999.0 -9999.0 -9999.0 -9999.0 -9999.0 -9999.0 -9999.0 -9999.0 1150.204443 1153.104733 1131.912365 1099.306989 1072.630777 1076.258590 1112.262629 1155.131642 1195.386162 1206.764725 1190.300690 1194.315733 1191.076624 1190.764416 1194.125592 1202.066054 1207.549518 1219.721483 1229.298831 1230.144747 1225.323395 1221.331089 1222.525416 1225.608661 1230.675776 1218.587992 1231.370845 1245.018199 1248.300493 1241.166178 1212.073980 1194.544679 1183.395673 1165.681465 1188.235483 1198.047709 1218.980884 1221.453841 1218.215840 1189.991207 1159.115425 -9999.0 -9999.0 -9999.0 -9999.0 -9999.0 -9999.0 -9999.0 -9999.0 -9999.0 -9999.0 -9999.0 -9999.0 -9999.0 -9999.0 -9999.0 -9999.0 -9999.0 -9999.0 -9999.0
-9999.0 -9999.0 -9999.0 -9999.0 -9999.0 -9999.0 -9999.0 -9999.0 -9999.0 -9999.0 -9999.0 -9999.0 -9999.0 -9999.0 1056.533495 1047.862454 1046.299227 1055.917996 1090.638661 1121.826471 1134.234461 1127.762364 1129.064494 1106.797727 1087.543793 1103.102353 1134.683724 1168.196543 1204.644477 1226.453420 1216.798380 1216.070262 1226.941510 1252.985124 1266.546650 1264.873401 1246.535024 1271.318009 1288.419544 1298.320735 1299.401132 1292.243925 1305.534651 1321.162838 1313.812136 1295.872000 1300.104070 1310.523038 1320.489961 1304.830755 1239.140300 1217.886239 1211.091998 1202.141572 1185.850749 1177.554996 1201.165643 1199.327502 1189.405647 1169.939390 1135.942301 1090.875676 1071.162330 1108.634320 1151.104100 1207.204786 -9999.0 -9999.0 -9999.0 -9999.0 -9999.0 -9999.0 -9999.0 -9999.0 -9999.0 -9999.0 -9999.0 -9999.0 -9999.0 -9999.0
-9999.0 -9999.0 -9999.0 -9999.0 -9999.0 -9999.0 -9999.0 -9999.0 -9999.0 995.363196 1000.830509 1009.299415 1012.993797 1029.910210 1028.468830 1036.911529 1045.240266 1073.803934 1106.275307 1142.694567 1172.642871 1165.195991 1167.242494 1178.568346 1183.119525 1196.795369 1220.639165 1263.296274 1304.750489 1347.274444 1320.161149 1319.313402 1339.770190 1387.523716 1420.709261 1428.254160 1411.243867 1422.038494 1449.037251 1473.009004 1474.821176 1473.978314 1499.590613 1513.537379 1513.492267 1492.263596 1478.752057 1477.342608 1500.195737 1446.500246 1377.909353 1326.066006 1328.394835 1296.755990 1257.467589 1235.597306 1230.702770 1248.938473 1232.015572 1192.981660 1155.022027 1142.206264 1123.095330 1138.725118 1159.262467 1203.863793 1241.132197 1268.054257 1266.083291 1247.541031 -9999.0 -9999.0 -9999.0 -9999.0 -9999.0 -9999.0 -9999.0 -9999.0 -9999.0 -9999.0
-9999.0 -9999.0 -9999.0 -9999.0 -9999.0 -9999.0 914.662109 925.111908 946.570294 952.219075 979.000449 987.743997 1009.881715 1030.730982 1054.077787 1072.217768 1103.907957 1138.592322 1181.147076 1226.052853 1260.138443 1256.877359 1269.172393 1300.843801 1340.795429 1371.178722 1398.559510 1441.064654 1519.008882 1562.611940 1570.474848 1576.195077 1586.639213 1635.632514 1699.568564 1714.684751 1695.740130 1682.940471 1705.253077 1743.733878 1751.938930 1754.958249 1766.208399 1775.778273 1800.926189 1790.183593 1748.760592 1732.665838 1728.522811 1709.652145 1646.649785 1582.282014 1547.347932 1496.253445 1411.694637 1355.380080 1360.383950 1376.572486 1345.230488 1288.912249 1245.712018 1232.681722 1215.343495 1200.052440 1204.305017 1221.317888 1241.366017 1250.428968 1235.436106 1212.613100 1188.369645 1158.456274 1159.449703 1184.050324 -9999.0 -9999.0 -9999.0 -9999.0 -9999.0 -9999.0
-9999.0 -9999.0 -9999.0 -9999.0 863.383731 877.089485 865.792688 892.216385 926.326242 962.078198 995.514183 1034.074911 1063.294747 1095.624795 1138.010657 1174.385522 1218.503046 1256.293289 1312.966511 1383.476156 1437.272066 1463.503958 1480.955112 1540.049664 1601.745996 1654.942455 1677.402028 1706.708831 1752.057263 1813.570517 1841.465998 1848.478572 1866.127361 1901.334228 1948.518246 1981.586956 1966.026127 1959.495879 1967.234667 1980.710398 2006.185928 2008.947711 2011.482338 2014.001207 2018.132868 2016.180399 1990.418920 1955.573980 1939.947762 1928.770217 1897.964732 1828.288772 1787.088994 1755.581679 1720.258706 1666.900307 1602.144966 1585.357867 1526.958172 1467.793263 1403.094257 1378.816378 1345.780793 1317.784840 1286.186790 1284.998485 1285.270167 1261.867982 1226.999344 1192.629763 1175.939816 1155.918356 1143.972633 1173.295361 1190.257943 1220.126854 -9999.0 -9999.0 -9999.0 -9999.0
-9999.0 -9999.0 802.673806 851.804843 909.734201 919.655256 921.330084 928.894063 959.303272 1013.494398 1090.658970 1142.893880 1187.331621 1223.778540 1285.959807 1367.450955 1442.216938 1492.906159 1554.059004 1625.191345 1688.966630 1724.383098 1743.618189 1783.389687 1837.275095 1899.267317 1926.562238 1953.656873 1985.587026 2020.141329 2031.587046 2045.654820 2054.057430 2056.949171 2062.595421 2064.185915 2059.686696 2054.616829 2037.076627 2034.281826 2042.418476 2048.714040 2050.627989 2037.405413 2033.314343 2046.337720 2049.350747 2047.349444 2045.853706 2052.020505 2054.768173 2015.203757 1977.577958 1961.176618 1949.944020 1904.637497 1839.166729 1796.364494 1772.301232 1728.370462 1649.400674 1596.530531 1544.696797 1494.616837 1440.186103 1406.485726 1356.624662 1310.813990 1261.263167 1212.782142 1187.561241 1168.372515 1165.008775 1164.087004 1179.549592 1194.256196 1209.094967 1216.607531 -9999.0 -9999.0
-9999.0 698.913937 771.637374 898.408331 979.507455 1025.301109 1058.147486 1082.843347 1113.891854 1142.625894 1249.199112 1339.549671 1432.638214 1472.112001 1524.425711 1623.015335 1718.766817 1765.442006 1804.059238 1860.656888 1921.487181 1969.553583 1999.108590 2010.203235 2044.431512 2058.277263 2061.731635 2065.446851 2062.100203 2054.663657 2046.177822 2052.330181 2048.331953 2028.775064 2011.894543 2007.769088 2001.239130 1976.659852 1948.507642 1934.103847 1937.159220 1960.495238 1948.864747 1928.379971 1924.599955 1945.555829 1964.581976 1955.670720 1944.112322 1962.157444 1997.284671 2019.949287 2030.297366 2046.931415 2067.437281 2041.527807 2012.657168 1970.178378 1949.724845 1919.593076 1859.754468 1797.086102 1741.237251 1679.380558 1611.338644 1541.791884 1476.307289 1411.997186 1343.082755 1300.005519 1267.586251 1216.772316 1195.325868 1196.422940 1186.870713 1183.198489 1188.525545 1194.495057 -9999.0 -9999.0
-9999.0 617.944936 760.562787 945.488142 1094.853812 1154.687496 1256.974947 1337.619210 1368.088125 1341.748592 1451.286426 1670.846331 1774.229183 1793.061099 1865.356216 1953.480658 1972.831216 2005.473501 2027.882612 2038.566627 2047.589505 2058.171843 2057.467245 2052.510742 2038.434366 2030.804233 2029.298559 2025.769583 2007.154744 1986.866416 1968.361095 1963.229673 1943.820068 1898.459986 1863.863887 1844.936445 1827.237458 1807.139881 1774.729568 1748.434002 1734.129265 1750.000929 1743.425769 1726.912251 1723.154914 1745.032660 1777.173248 1773.328034 1781.797827 1804.257563 1844.814037 1885.476149 1909.036873 1940.028064 1977.666008 2022.597271 2038.303879 2059.849417 2063.819625 2044.434220 1999.035218 1945.173528 1908.836392 1843.833029 1768.657573 1687.737655 1620.131680 1555.051282 1484.001983 1436.798109 1389.833664 1332.951884 1279.393099 1256.617099 1216.700025 1196.442220 -9999.0 -9999.0 -9999.0 -9999.0
-9999.0 538.237386 726.233026 984.367685 1261.652932 1372.747199 1576.494410 1705.009017 1763.630930 1832.403422 1809.753662 1958.731853 1999.061728 1996.089209 1996.194436 2001.097886 2017.363960 2021.345942 2018.166065 2008.413320 1999.617559 1995.901759 1994.842030 1987.280915 1974.913577 1959.542083 1945.444019 1931.146934 1891.641283 1856.930508 1819.881876 1804.069365 1764.098400 1671.866956 1627.701602 1590.493342 1533.186552 1526.887847 1521.198330 1493.367719 1474.153783 1453.867444 1475.853652 1480.347947 1482.852059 1486.285093 1503.196428 1527.159125 1571.947739 1609.047833 1654.280939 1707.523235 1743.004747 1787.265557 1834.501908 1891.532711 1925.300231 1957.073643 2004.918570 2044.027083 2066.592708 2054.094229 2024.852372 1975.664004 1901.155380 1830.048558 1775.567788 1698.094031 1630.987186 1577.800807 1533.549685 1485.328932 1422.807584 1345.081019 1303.323746 -9999.0 -9999.0 -9999.0 -9999.0 -9999.0
-9999.0 357.315714 624.887249 912.405701 1225.759726 1553.642248 1687.270700 1815.116154 1887.548746 1854.959028 1862.615758 1884.671161 1927.628608 1937.560611 1919.394128 1911.444703 1900.592231 1900.832108 1913.541656 1886.850989 1856.891242 1843.281529 1842.673898 1830.730679 1807.364649 1790.050642 1777.071052 1755.642610 1706.638801 1654.513395 1572.319958 1541.570357 1465.498435 1408.620875 1363.141485 1312.714435 1261.552525 1259.998273 1277.040843 1262.298545 1240.104399 1221.811497 1248.513643 1266.398182 1278.790564 1267.682032 1277.117840 1313.491509 1363.680021 1408.806972 1460.044397 1515.750578 1562.966208 1611.531244 1644.829720 1696.430003 1744.915747 1792.341023 1866.640908 1945.731401 1982.704315 2016.737119 2047.603052 2059.782382 2003.558562 1947.938931 1888.945066 1819.944350 1733.444179 1686.484477 1663.871377 1627.963719 1575.521606 -9999.0 -9999.0 -9999.0 -9999.0 -9999.0 -9999.0 -9999.0
-9999.0 231.280825 449.534742 678.392475 962.504359 1200.348959 1395.535219 1504.033625 1583.538405 1619.060723 1654.565670 1690.419486 1722.778727 1746.876645 1726.392973 1687.761354 1659.448089 1663.445893 1658.842556 1634.395028 1604.267694 1588.941435 1586.234992 1579.074688 1554.591632 1539.804665 1528.454106 1505.072408 1470.470424 1413.795962 1333.415057 1260.540476 1199.110070 1166.544678 1136.170873 1102.936910 1066.889031 1076.735639 1089.229279 1085.596543 1075.003640 1072.063609 1101.296207 1120.413995 1130.699734 1119.290999 1138.752264 1165.890392 1208.143758 1252.061118 1302.281329 1358.683850 1413.723775 1444.503301 1460.032792 1487.284130 1527.988250 1582.895513 1669.614124 1764.074851 1841.221096 1889.503145 1938.776937 1969.713843 1978.525366 1983.573015 1950.560547 1860.673512 1740.525210 1734.103050 1735.542196 -9999.0 -9999.0 -9999.0 -9999.0 -9999.0 -9999.0 -9999.0 -9999.0 -9999.0
-9999.0 -9999.0 216.269892 393.832090 532.317502 712.568858 863.355452 973.858362 1062.534084 1174.839984 1279.532730 1363.865419 1409.134468 1427.440340 1413.299420 1379.423931 1357.421887 1357.014023 1346.444807 1334.795538 1313.805780 1305.251793 1294.001035 1285.520163 1274.943996 1268.842994 1262.877195 1250.713985 1227.728949 1180.084683 1130.401624 1078.444335 1024.637960 998.608808 976.172918 954.118092 952.205091 948.302044 953.929504 955.334374 962.009241 974.511114 994.727213 1016.724125 1026.572238 1035.368999 1048.125358 1072.197860 1105.801354 1148.621882 1203.244990 1261.707602 1302.474989 1316.395160 1308.167524 1314.788646 1336.913813 1381.376291 1464.290924 1549.248993 1643.949496 1714.221659 1783.610118 1832.647203 1844.422057 1853.501009 1859.541683 1788.293275 1534.633763 1665.704247 -9999.0 -9999.0 -9999.0 -9999.0 -9999.0 -9999.0 -9999.0 -9999.0 -9999.0 -9999.0
-9999.0 -9999.0 -9999.0 -9999.0 252.600102 407.952582 505.090326 588.964050 717.246645 836.160094 935.492417 1018.085028 1079.097276 1105.424003 1100.217212 1103.683695 1098.290741 1092.280702 1082.434904 1080.294066 1078.016928 1070.155171 1056.129884 1048.436717 1048.725478 1052.972010 1049.990549 1035.834249 1017.717181 993.850957 972.344723 937.350830 900.808332 871.212890 857.686403 851.482613 851.089614 844.269919 853.022402 860.134906 875.260998 890.526832 914.356192 943.280268 956.920743 971.711196 981.638196 1002.473524 1033.167014 1086.899082 1150.697965 1208.903730 1245.185437 1250.268974 1226.238877 1211.672384 1209.270495 1238.678856 1285.731819 1355.106692 1457.979770 1531.297318 1588.498382 1631.723976 1660.522568 1700.066537 1740.060752 1762.890724 -9999.0 -9999.0 -9999.0 -9999.0 -9999.0 -9999.0 -9999.0 -9999.0 -9999.0 -9999.0 -9999.0 -9999.0
-9999.0 -9999.0 -9999.0 -9999.0 -9999.0 -9999.0 209.622124 310.378195 392.413506 528.106625 655.466910 755.142290 834.437139 865.082919 889.769829 915.522352 913.049713 894.849262 876.122190 894.087094 906.736188 900.785164 871.120833 870.281902 874.578084 882.720536 880.373677 873.626800 848.186720 858.505002 858.277379 834.623064 808.200383 793.898669 781.831197 791.280020 791.460470 777.977150 778.859301 805.453763 825.580538 838.791945 860.762115 893.987391 926.314503 941.437392 942.884966 949.243111 989.824435 1060.376378 1132.163392 1187.705242 1220.420749 1228.947534 1202.103471 1162.574459 1142.790791 1150.869198 1186.923743 1241.205547 1318.565596 1368.751548 1395.798846 1410.048340 1428.132655 1515.771427 -9999.0 -9999.0 -9999.0 -9999.0 -9999.0 -9999.0 -9999.0 -9999.0 -9999.0 -9999.0 -9999.0 -9999.0 -9999.0 -9999.0
-9999.0 -9999.0 -9999.0 -9999.0 -9999.0 -9999.0 -9999.0 -9999.0 -9999.0 -9999.0 -9999.0 -9999.0 -9999.0 -9999.0 -9999.0 -9999.0 -9999.0 -9999.0 -9999.0 -9999.0 -9999.0 -9999.0 -9999.0 -9999.0 -9999.0 -9999.0 -9999.0 -9999.0 -9999.0 -9999.0 -9999.0 -9999.0 -9999.0 -9999.0 -9999.0 -9999.0 -9999.0 -9999.0 -9999.0 -9999.0 -9999.0 -9999.0 -9999.0 -9999.0 -9999.0 -9999.0 -9999.0 -9999.0 -9999.0 -9999.0 -9999.0 -9999.0 -9999.0 -9999.0 -9999.0 -9999.0 -9999.0 -9999.0 -9999.0 -9999.0 -9999.0 -9999.0 -9999.0 -9999.0 -9999.0 -9999.0 -9999.0 -9999.0 -9999.0 -9999.0 -9999.0 -9999.0 -9999.0 -9999.0 -9999.0 -9999.0 -9999.0 -9999.0 -9999.0 -9999.0
-9999.0 -9999.0 -9999.0 -9999.0 -9999.0 -9999.0 -9999.0 -9999.0 -9999.0 -9999.0 -9999.0 -9999.0 -9999.0 -9999.0 -9999.0 -9999.0 -9999.0 -9999.0 -9999.0 -9999.0 -9999.0 -9999.0 -9999.0 -9999.0 -9999.0 -9999.0 -9999.0 -9999.0 -9999.0 -9999.0 -9999.0 -9999.0 -9999.0 -9999.0 -9999.0 -9999.0 -9999.0 -9999.0 -9999.0 -9999.0 -9999.0 -9999.0 -9999.0 -9999.0 -9999.0 -9999.0 -9999.0 -9999.0 -9999.0 -9999.0 -9999.0 -9999.0 -9999.0 -9999.0 -9999.0 -9999.0 -9999.0 -9999.0 -9999.0 -9999.0 -9999.0 -9999.0 -9999.0 -9999.0 -9999.0 -9999.0 -9999.0 -9999.0 -9999.0 -9999.0 -9999.0 -9999.0 -9999.0 -9999.0 -9999.0 -9999.0 -9999.0 -9999.0 -9999.0 -9999.0