Borden_/Borden1m_014/output_maps/psiliqL0019N0034.asc
ncols         80
nrows         18
xllcorner     620200.000000
yllcorner     5168000.000000
cellsize      1.000000
NODATA_value  -9999.0
-9999.0 -9999.0 -9999.0 -9999.0 -9999.0 -9999.0 -9999.0 -9999.0 -9999.0 -9999.0 -9999.0 -9999.0 -9999.0 -9999.0 -9999.0 -9999.0 -9999.0 -9999.0 -9999.0 -9999.0 -9999.0 -9999.0 -9999.0 -9999.0 -9999.0 -9999.0 -9999.0 -9999.0 -9999.0 -9999.0 -9999.0 -9999.0 -9999.0 -9999.0 -9999.0 -9999.0 -9999.0 -9999.0 -9999.0 -9999.0 -9999.0 -9999.0 -9999.0 -9999.0 -9999.0 -9999.0 -9999.0 -9999.0 -9999.0 -9999.0 -9999.0 -9999.0 -9999.0 -9999.0 -9999.0 -9999.0 -9999.0 -9999.0 -9999.0 -9999.0 -9999.0 -9999.0 -9999.0 -9999.0 -9999.0 -9999.0 -9999.0 -9999.0 -9999.0 -9999.0 -9999.0 -9999.0 -9999.0 -9999.0 -9999.0 -9999.0 -9999.0 -9999.0 -9999.0 -9999.0
-9999.0 -9999.0 -9999.0 -9999.0 -9999.0 -9999.0 -9999.0 -9999.0 -9999.0 -9999.0 -9999.0 -9999.0 -9999.0 -9999.0 -9999.0 -9999.0 -9999.0 -9999.0 -9999.0 -9999.0 -9999.0 -9999.0 -9999.0 -9999.0 -9999.0 -9999.0 -9999.0 -9999.0 -9999.0 -9999.0 -9999.0 -9999.0 -9999.0 -9999.0 -9999.0 -9999.0 -9999.0 -9999.0 -9999.0 -9999.0 -9999.0 -9999.0 -9999.0 -9999.0 -9999.0 -9999.0 -9999.0 -9999.0 -9999.0 -9999.0 -9999.0 -9999.0 -9999.0 -9999.0 -9999.0 -9999.0 -9999.0 -9999.0 -9999.0 -9999.0 -9999.0 -9999.0 -9999.0 -9999.0 -9999.0 -9999.0 -9999.0 -9999.0 -9999.0 -9999.0 -9999.0 -9999.0 -9999.0 -9999.0 -9999.0 -9999.0 -9999.0 -9999.0 -9999.0 -9999.0
-9999.0 -9999.0 -9999.0 -9999.0 -9999.0 -9999.0 -9999.0 -9999.0 -9999.0 -9999.0 -9999.0 -9999.0 -9999.0 -9999.0 -9999.0 -9999.0 -9999.0 -9999.0 -9999.0 -9999.0 1955.532553 1958.158790 1937.474059 1905.174043 1878.897997 1882.906396 1918.842998 1961.930486 2002.733255 2013.765046 1997.420832 2002.278766 1999.320368 1997.964245 2000.682126 2009.128433 2015.743339 2027.544974 2036.833022 2037.301904 2032.334584 2028.609635 2030.667067 2033.287529 2038.605172 2025.211711 2038.482867 2052.041655 2054.615191 2047.783043 2019.340732 2002.506797 1991.042106 1972.658104 1995.293724 2004.503640 2024.829892 2026.785855 2022.993163 1994.693701 1963.736993 -9999.0 -9999.0 -9999.0 -9999.0 -9999.0 -9999.0 -9999.0 -9999.0 -9999.0 -9999.0 -9999.0 -9999.0 -9999.0 -9999.0 -9999.0 -9999.0 -9999.0 -9999.0 -9999.0
-9999.0 -9999.0 -9999.0 -9999.0 -9999.0 -9999.0 -9999.0 -9999.0 -9999.0 -9999.0 -9999.0 -9999.0 -9999.0 -9999.0 1860.948641 1852.834088 1851.655799 1861.359708 1896.098463 1927.535450 1939.673702 1933.429580 1934.926808 1912.639603 1893.066643 1908.598806 1940.426656 1973.743628 2010.001866 2031.235045 2022.203621 2021.730873 2031.850321 2056.140682 2068.036883 2066.049895 2048.453379 2073.811568 2090.164547 2098.771789 2099.482338 2091.957613 2103.749062 2118.756498 2111.292404 2093.959597 2100.130635 2111.263024 2120.300390 2106.182412 2041.900152 2022.762701 2015.887732 2007.421981 1991.065200 1983.269893 2007.396608 2004.672914 1994.590674 1975.093607 1940.760841 1895.363591 1875.097446 1912.672367 1954.548990 2009.759383 -9999.0 -9999.0 -9999.0 -9999.0 -9999.0 -9999.0 -9999.0 -9999.0 -9999.0 -9999.0 -9999.0 -9999.0 -9999.0 -9999.0
-9999.0 -9999.0 -9999.0 -9999.0 -9999.0 -9999.0 -9999.0 -9999.0 -9999.0 1798.481941 1804.693048 1813.495165 1817.790570 1834.988782 1833.368309 1842.100424 1849.883614 1879.025801 1911.328463 1947.485812 1976.969709 1969.902694 1971.526498 1980.936401 1982.727159 1995.308113 2019.002119 2060.818232 2099.087510 2139.920503 2111.661442 2110.319856 2130.302467 2175.899111 2205.278463 2210.767085 2193.649095 2207.287483 2233.505126 2254.924902 2255.329373 2253.065369 2278.528202 2292.858107 2290.260618 2268.610424 2259.781178 2260.976131 2285.221335 2231.758223 2163.254011 2115.317355 2121.359354 2092.622378 2057.226605 2037.850920 2033.784229 2051.609873 2035.284962 1996.816624 1959.677696 1946.260308 1926.770935 1943.078810 1963.331583 2007.154718 2044.191192 2070.766910 2068.080392 2049.211002 -9999.0 -9999.0 -9999.0 -9999.0 -9999.0 -9999.0 -9999.0 -9999.0 -9999.0 -9999.0
-9999.0 -9999.0 -9999.0 -9999.0 -9999.0 -9999.0 1717.034225 1728.198987 1750.315219 1755.606090 1783.240680 1791.824701 1814.076975 1834.864583 1858.753859 1876.151551 1906.655251 1940.786693 1981.838402 2025.060940 2058.102230 2052.766911 2063.922973 2091.616166 2127.572717 2154.752938 2181.493602 2223.239013 2300.099948 2342.180393 2345.665403 2350.680176 2361.062004 2411.058193 2475.089873 2487.764994 2468.378910 2456.004040 2479.425492 2518.143673 2522.985149 2525.272506 2539.256705 2549.726886 2575.223909 2563.601612 2522.331930 2509.484479 2509.279612 2488.059046 2421.495540 2358.173267 2327.645733 2276.042707 2191.629243 2139.362645 2149.982665 2169.013184 2139.916344 2085.088095 2044.202289 2032.471455 2015.816424 2001.947943 2007.593798 2024.952938 2044.516442 2053.459752 2037.948970 2014.524334 1990.196844 1960.064496 1960.948908 1985.217925 -9999.0 -9999.0 -9999.0 -9999.0 -9999.0 -9999.0
-9999.0 -9999.0 -9999.0 -9999.0 1665.088563 1679.225619 1667.603133 1695.097206 1729.726544 1766.021034 1798.659918 1836.337593 1865.026574 1896.939555 1937.304029 1969.684818 2010.651606 2046.687086 2101.343492 2169.683285 2221.144787 2243.694238 2259.076828 2316.804215 2378.123916 2430.642140 2453.270426 2482.714001 2530.336377 2591.411438 2618.666094 2625.226821 2643.223713 2681.823004 2732.622449 2768.504559 2752.307645 2744.982650 2753.900265 2768.258361 2793.168292 2795.698262 2798.367529 2801.706694 2806.928069 2804.406301 2777.374683 2741.873382 2724.478212 2712.990383 2678.280060 2606.198691 2567.793819 2535.439439 2495.318072 2440.097258 2380.104692 2368.279362 2309.528311 2249.918253 2189.198192 2169.142908 2138.771947 2113.124112 2084.668943 2085.878551 2087.708455 2064.746487 2029.316815 1994.795653 1978.043290 1957.828938 1945.227643 1974.503080 1991.135083 2020.404153 -9999.0 -9999.0 -9999.0 -9999.0
-9999.0 -9999.0 1603.403986 1651.717649 1710.318364 1720.070136 1720.124021 1727.620107 1758.394962 1812.714305 1886.443525 1934.738657 1975.218111 2011.439546 2071.652010 2147.052813 2217.347386 2266.205719 2329.256073 2402.003804 2465.779058 2498.698188 2515.476024 2557.353274 2613.673739 2679.927595 2708.962564 2737.261429 2772.899089 2809.621211 2814.636024 2827.878216 2837.733986 2844.057747 2852.836884 2856.326071 2851.271569 2845.869864 2827.433531 2823.716936 2831.497438 2838.988761 2839.932449 2826.214207 2822.099736 2835.703368 2839.775262 2837.361132 2834.848954 2840.714648 2840.555103 2797.195026 2766.419256 2749.251440 2734.330994 2687.212010 2619.780256 2579.497707 2555.184330 2508.379762 2429.266942 2379.636327 2329.652179 2282.690851 2230.573014 2201.264385 2154.418508 2110.315061 2061.720649 2013.522665 1988.557095 1969.873015 1966.535617 1965.193328 1980.667571 1994.990626 2009.614559 2017.007199 -9999.0 -9999.0
-9999.0 1496.943173 1569.370420 1694.970993 1776.056665 1820.288704 1846.157445 1865.087220 1896.537301 1929.376863 2030.443331 2107.595247 2198.676930 2239.907229 2290.324638 2388.239837 2485.559889 2535.574283 2577.347563 2638.895573 2703.356219 2755.277451 2785.616043 2786.496518 2823.965404 2844.481295 2850.183332 2855.615339 2854.208777 2846.668992 2838.851632 2844.740336 2840.112251 2819.746080 2802.282902 2798.219767 2792.001087 2766.623419 2735.984050 2720.355386 2722.307379 2747.971881 2734.177776 2713.083142 2709.223485 2731.060587 2753.091876 2744.021352 2731.236574 2750.984244 2786.778167 2810.885952 2818.284983 2835.862861 2856.517054 2829.184698 2802.586154 2758.444562 2735.793977 2705.223943 2644.644107 2583.186148 2526.786593 2464.299620 2397.697614 2331.318177 2267.379281 2203.909717 2137.072527 2094.895268 2063.536749 2014.451587 1995.033117 1996.984866 1987.989313 1984.224127 1989.126485 1994.923790 -9999.0 -9999.0
-9999.0 1410.253376 1551.805520 1734.820562 1883.236110 1937.872208 2027.236309 2101.375855 2128.646013 2094.849509 2203.746582 2425.208002 2540.917131 2563.080036 2639.620504 2735.882470 2744.474136 2779.231145 2803.871166 2821.578431 2836.087229 2849.430479 2849.403592 2845.285892 2830.783879 2822.995934 2821.189707 2817.640741 2798.895219 2778.296016 2759.317960 2753.466744 2730.889591 2682.219866 2646.754292 2627.161992 2608.023934 2589.196468 2558.388796 2531.046537 2513.887583 2527.627817 2523.829699 2507.367660 2503.629061 2525.864280 2557.344342 2555.364231 2567.254599 2589.450454 2629.566292 2670.761523 2694.671429 2726.604101 2766.261589 2813.418900 2827.305241 2849.491568 2852.893116 2836.177087 2789.082685 2732.113552 2695.269325 2629.668991 2555.294786 2473.761260 2406.538896 2341.859942 2270.836869 2225.094630 2179.367012 2123.238703 2073.035153 2054.831044 2016.163961 1997.458934 -9999.0 -9999.0 -9999.0 -9999.0
-9999.0 1322.133814 1507.144851 1758.730575 2043.698167 2141.959548 2348.487390 2477.011209 2532.425202 2605.284662 2550.198367 2726.199759 2775.562964 2775.102970 2783.425774 2790.120970 2807.565730 2811.384375 2808.594673 2799.117623 2790.564640 2786.931166 2786.043466 2778.552638 2765.860048 2749.977135 2733.706375 2719.121097 2679.207980 2643.923686 2604.224368 2587.852953 2545.128318 2449.871119 2406.202850 2367.052176 2307.146877 2302.863824 2300.950946 2273.012215 2253.647418 2229.467464 2254.369837 2262.288331 2265.824865 2266.034607 2280.711574 2308.255724 2355.798515 2393.551171 2438.356586 2491.760369 2529.105833 2573.707751 2619.367297 2676.286330 2711.309099 2743.868655 2795.030403 2834.473679 2857.607745 2843.629586 2816.109693 2764.503893 2687.100187 2617.198262 2563.163880 2485.110785 2419.046114 2366.281306 2320.451563 2271.231957 2209.073078 2140.044246 2100.486414 -9999.0 -9999.0 -9999.0 -9999.0 -9999.0
-9999.0 1125.522197 1391.875147 1671.688464 1971.442898 2307.017108 2459.460083 2579.095033 2652.562319 2630.363039 2647.782733 2667.025337 2713.084821 2724.520774 2705.537377 2696.259064 2683.749817 2684.158001 2697.451420 2670.886882 2641.095400 2627.452813 2627.014524 2615.104408 2590.933203 2573.773212 2562.048954 2540.021091 2489.999667 2436.843088 2352.023879 2317.864548 2238.690151 2188.313412 2145.411019 2095.222811 2045.151410 2045.353076 2064.735473 2051.720887 2029.941328 2011.887487 2039.627422 2059.360212 2072.511107 2059.851746 2068.758990 2104.843679 2154.674425 2199.444942 2249.414143 2304.721580 2351.414800 2398.592558 2429.541059 2478.850673 2529.174216 2577.104657 2651.540518 2732.473724 2772.684975 2807.722651 2837.004672 2849.718876 2792.281353 2738.201425 2678.987757 2611.086632 2531.819798 2482.305318 2454.909225 2414.037999 2360.422834 -9999.0 -9999.0 -9999.0 -9999.0 -9999.0 -9999.0 -9999.0
-9999.0 1004.712965 1213.708402 1428.781707 1700.405400 1936.766511 2144.390610 2249.040119 2329.250520 2382.485798 2428.227930 2467.094115 2499.785416 2524.918854 2505.972972 2464.559645 2435.249985 2439.909408 2433.849617 2410.707517 2381.387375 2366.562654 2363.267105 2356.402604 2332.467865 2318.536482 2307.793614 2284.439739 2252.731665 2196.597411 2118.442023 2043.874691 1984.545215 1956.115708 1927.767427 1896.094926 1862.967664 1873.350560 1885.121229 1882.741945 1873.580784 1871.714035 1900.782789 1920.154084 1930.385739 1919.635550 1939.224556 1965.600268 2006.921649 2050.791917 2100.428525 2155.758755 2209.878483 2238.578256 2251.207543 2274.618593 2313.072186 2366.341528 2451.857528 2547.539027 2626.930239 2675.774178 2726.375465 2759.839987 2770.377612 2772.445454 2741.954686 2659.776788 2558.777243 2537.185310 2533.526115 -9999.0 -9999.0 -9999.0 -9999.0 -9999.0 -9999.0 -9999.0 -9999.0 -9999.0
-9999.0 -9999.0 983.427426 1151.631206 1274.794261 1448.607634 1596.760965 1707.134196 1802.399397 1928.255392 2041.602535 2131.087964 2177.530904 2196.076853 2183.602425 2153.666616 2134.344069 2134.225523 2123.316137 2113.685771 2095.107554 2087.391741 2075.055162 2066.456814 2057.820551 2053.151547 2047.882698 2036.695142 2015.353420 1969.163105 1923.347165 1873.358539 1821.372160 1796.192644 1774.632538 1753.859748 1753.712003 1748.924889 1754.073081 1755.869869 1763.570979 1776.657492 1796.538527 1818.951629 1828.976695 1838.699034 1851.279707 1875.128962 1908.258912 1951.065968 2005.727598 2064.549623 2105.321049 2118.609790 2108.930481 2113.360084 2132.206167 2173.191554 2251.016068 2333.010389 2428.676243 2499.501024 2570.065123 2619.976540 2633.020877 2644.288330 2653.248468 2603.109706 2482.786588 2492.730641 -9999.0 -9999.0 -9999.0 -9999.0 -9999.0 -9999.0 -9999.0 -9999.0 -9999.0 -9999.0
-9999.0 -9999.0 -9999.0 -9999.0 1011.760953 1164.126180 1261.848893 1344.514088 1475.844798 1600.363193 1703.411653 1788.881756 1853.928972 1881.398700 1879.721298 1889.223707 1886.054270 1878.998418 1868.760987 1869.230485 1869.560796 1862.124223 1846.796868 1839.429300 1840.816894 1846.115839 1843.210861 1829.195669 1810.665963 1789.969318 1771.192587 1737.391072 1702.100153 1672.951236 1659.701244 1654.423254 1653.978833 1646.525380 1654.936630 1662.652979 1678.027394 1693.199364 1716.878986 1746.119775 1760.347676 1775.396341 1785.228132 1805.721073 1836.463682 1890.303573 1954.407276 2013.173537 2050.366009 2055.663966 2032.032194 2016.967318 2013.181138 2040.747562 2084.298584 2149.290738 2249.490807 2321.307056 2374.983811 2416.171910 2445.375427 2486.817888 2531.209329 2562.879769 -9999.0 -9999.0 -9999.0 -9999.0 -9999.0 -9999.0 -9999.0 -9999.0 -9999.0 -9999.0 -9999.0 -9999.0
-9999.0 -9999.0 -9999.0 -9999.0 -9999.0 -9999.0 977.197586 1080.330410 1157.186494 1300.393948 1435.742321 1539.488791 1621.346098 1654.990174 1684.133427 1712.324017 1711.387333 1692.518828 1672.569200 1691.952578 1707.050383 1700.780699 1669.952046 1669.869468 1675.038681 1682.823148 1680.146301 1673.471877 1648.110926 1660.627493 1661.925010 1638.481088 1612.363416 1598.580204 1586.555806 1595.999854 1595.979268 1581.973760 1581.936683 1608.972566 1629.418872 1642.457556 1664.039812 1697.296510 1729.832057 1745.427167 1747.011381 1753.168087 1792.791219 1863.280256 1935.752180 1992.204611 2025.768411 2034.746884 2008.739902 1969.458530 1949.804442 1957.245285 1991.881899 2043.497539 2118.035018 2165.354064 2187.660653 2196.808027 2210.939703 2300.008601 -9999.0 -9999.0 -9999.0 -9999.0 -9999.0 -9999.0 -9999.0 -9999.0 -9999.0 -9999.0 -9999.0 -9999.0 -9999.0 -9999.0
-9999.0 -9999.0 -9999.0 -9999.0 -9999.0 -9999.0 -9999.0 -9999.0 -9999.0 -9999.0 -9999.0 -9999.0 -9999.0 -9999.0 -9999.0 -9999.0 -9999.0 -9999.0 -9999.0 -9999.0 -9999.0 -9999.0 -9999.0 -9999.0 -9999.0 -9999.0 -9999.0 -9999.0 -9999.0 -9999.0 -9999.0 -9999.0 -9999.0 -9999.0 -9999.0 -9999.0 -9999.0 -9999.0 -9999.0 -9999.0 -9999.0 -9999.0 -9999.0 -9999.0 -9999.0 -9999.0 -9999.0 -9999.0 -9999.0 -9999.0 -9999.0 -9999.0 -9999.0 -9999.0 -9999.0 -9999.0 -9999.0 -9999.0 -9999.0 -9999.0 -9999.0 -9999.0 -9999.0 -9999.0 -9999.0 -9999.0 -9999.0 -9999.0 -9999.0 -9999.0 -9999.0 -9999.0 -9999.0 -9999.0 -9999.0 -9999.0 -9999.0 -9999.0 -9999.0 -9999.0
-9999.0 -9999.0 -9999.0 -9999.0 -9999.0 -9999.0 -9999.0 -9999.0 -9999.0 -9999.0 -9999.0 -9999.0 -9999.0 -9999.0 -9999.0 -9999.0 -9999.0 -9999.0 -9999.0 -9999.0 -9999.0 -9999.0 -9999.0 -9999.0 -9999.0 -9999.0 -9999.0 -9999.0 -9999.0 -9999.0 -9999.0 -9999.0 -9999.0 -9999.0 -9999.0 -9999.0 -9999.0 -9999.0 -9999.0 -9999.0 -9999.0 -9999.0 -9999.0 -9999.0 -9999.0 -9999.0 -9999.0 -9999.0 -9999.0 -9999.0 -9999.0 -9999.0 -9999.0 -9999.0 -9999.0 -9999.0 -9999.0 -9999.0 -9999.0 -9999.0 -9999.0 -9999.0 -9999.0 -9999.0 -9999.0 -9999.0 -9999.0 -9999.0 -9999.0 -9999.0 -9999.0 -9999.0 -9999.0 -9999.0 -9999.0 -9999.0 -9999.0 -9999.0 -9999.0 -9999.0