Borden_/Borden1m_014/output_maps/psiliqL0004N0007.asc
ncols         80
nrows         18
xllcorner     620200.000000
yllcorner     5168000.000000
cellsize      1.000000
NODATA_value  -9999.0
-9999.0 -9999.0 -9999.0 -9999.0 -9999.0 -9999.0 -9999.0 -9999.0 -9999.0 -9999.0 -9999.0 -9999.0 -9999.0 -9999.0 -9999.0 -9999.0 -9999.0 -9999.0 -9999.0 -9999.0 -9999.0 -9999.0 -9999.0 -9999.0 -9999.0 -9999.0 -9999.0 -9999.0 -9999.0 -9999.0 -9999.0 -9999.0 -9999.0 -9999.0 -9999.0 -9999.0 -9999.0 -9999.0 -9999.0 -9999.0 -9999.0 -9999.0 -9999.0 -9999.0 -9999.0 -9999.0 -9999.0 -9999.0 -9999.0 -9999.0 -9999.0 -9999.0 -9999.0 -9999.0 -9999.0 -9999.0 -9999.0 -9999.0 -9999.0 -9999.0 -9999.0 -9999.0 -9999.0 -9999.0 -9999.0 -9999.0 -9999.0 -9999.0 -9999.0 -9999.0 -9999.0 -9999.0 -9999.0 -9999.0 -9999.0 -9999.0 -9999.0 -9999.0 -9999.0 -9999.0
-9999.0 -9999.0 -9999.0 -9999.0 -9999.0 -9999.0 -9999.0 -9999.0 -9999.0 -9999.0 -9999.0 -9999.0 -9999.0 -9999.0 -9999.0 -9999.0 -9999.0 -9999.0 -9999.0 -9999.0 -9999.0 -9999.0 -9999.0 -9999.0 -9999.0 -9999.0 -9999.0 -9999.0 -9999.0 -9999.0 -9999.0 -9999.0 -9999.0 -9999.0 -9999.0 -9999.0 -9999.0 -9999.0 -9999.0 -9999.0 -9999.0 -9999.0 -9999.0 -9999.0 -9999.0 -9999.0 -9999.0 -9999.0 -9999.0 -9999.0 -9999.0 -9999.0 -9999.0 -9999.0 -9999.0 -9999.0 -9999.0 -9999.0 -9999.0 -9999.0 -9999.0 -9999.0 -9999.0 -9999.0 -9999.0 -9999.0 -9999.0 -9999.0 -9999.0 -9999.0 -9999.0 -9999.0 -9999.0 -9999.0 -9999.0 -9999.0 -9999.0 -9999.0 -9999.0 -9999.0
-9999.0 -9999.0 -9999.0 -9999.0 -9999.0 -9999.0 -9999.0 -9999.0 -9999.0 -9999.0 -9999.0 -9999.0 -9999.0 -9999.0 -9999.0 -9999.0 -9999.0 -9999.0 -9999.0 -9999.0 -854.426439 -850.962568 -873.379847 -906.037370 -933.400936 -932.398242 -899.657900 -861.401679 -826.061681 -816.258155 -834.313726 -833.469001 -839.179392 -839.422952 -836.677272 -831.395708 -829.517282 -818.438109 -810.411302 -810.733276 -816.765547 -822.515603 -824.640077 -821.171824 -816.371064 -824.041498 -811.042492 -796.100576 -789.382807 -793.815718 -819.632049 -834.393290 -841.307334 -854.692953 -830.074942 -817.270937 -794.343805 -789.689084 -789.916889 -815.775289 -844.568748 -9999.0 -9999.0 -9999.0 -9999.0 -9999.0 -9999.0 -9999.0 -9999.0 -9999.0 -9999.0 -9999.0 -9999.0 -9999.0 -9999.0 -9999.0 -9999.0 -9999.0 -9999.0 -9999.0
-9999.0 -9999.0 -9999.0 -9999.0 -9999.0 -9999.0 -9999.0 -9999.0 -9999.0 -9999.0 -9999.0 -9999.0 -9999.0 -9999.0 -937.042409 -947.540956 -951.167495 -944.308390 -912.945479 -885.397756 -873.945303 -882.016508 -881.947412 -905.190439 -925.050936 -911.954830 -885.108676 -856.494617 -824.877598 -805.586765 -818.856917 -822.110238 -812.109362 -784.951529 -770.729769 -773.823650 -795.545679 -773.777249 -758.198812 -748.837308 -750.014504 -758.726796 -743.992666 -727.964066 -734.600429 -751.800902 -749.071669 -737.865487 -722.630362 -736.754063 -799.696019 -819.517769 -820.936569 -826.052354 -837.787726 -843.770919 -819.003637 -817.350243 -824.541965 -840.672195 -870.495810 -912.071039 -928.532154 -891.185886 -848.132279 -790.867263 -9999.0 -9999.0 -9999.0 -9999.0 -9999.0 -9999.0 -9999.0 -9999.0 -9999.0 -9999.0 -9999.0 -9999.0 -9999.0 -9999.0
-9999.0 -9999.0 -9999.0 -9999.0 -9999.0 -9999.0 -9999.0 -9999.0 -9999.0 -986.970151 -984.914987 -978.898075 -978.833196 -964.671489 -968.020843 -962.100550 -955.499208 -932.107548 -904.037763 -871.595061 -844.266090 -855.395464 -855.916126 -843.886288 -836.820643 -825.191114 -806.775790 -768.849527 -728.892709 -688.960083 -717.597040 -720.022074 -701.982314 -653.081823 -613.667234 -603.301835 -622.604843 -622.017795 -597.034713 -571.001098 -572.172955 -574.205320 -551.290668 -538.870755 -530.144955 -547.592810 -567.305011 -570.870457 -545.093272 -594.436348 -655.724140 -709.174180 -707.335669 -737.067910 -777.229328 -798.938321 -801.428813 -778.034032 -791.922759 -827.290019 -861.665033 -868.508018 -883.643163 -867.649285 -845.457963 -798.812359 -760.753096 -731.738049 -730.434586 -747.030236 -9999.0 -9999.0 -9999.0 -9999.0 -9999.0 -9999.0 -9999.0 -9999.0 -9999.0 -9999.0
-9999.0 -9999.0 -9999.0 -9999.0 -9999.0 -9999.0 -1054.107807 -1047.868501 -1031.391561 -1029.862733 -1008.283336 -1003.427883 -985.028252 -968.163095 -950.501019 -935.778915 -907.047877 -877.556895 -838.821623 -797.219099 -766.902181 -771.997917 -763.334414 -730.287908 -687.392628 -655.310709 -633.792031 -598.623679 -524.354379 -479.861690 -463.078103 -456.933126 -445.367698 -372.593203 11.765267 58.721611 26.276389 -228.449182 25.442016 63.228946 64.769686 64.521626 65.455132 66.226040 71.162169 70.436548 64.433675 62.810277 60.851795 22.762530 -342.643181 -448.516752 -495.291848 -540.593215 -615.372241 -674.191777 -676.741050 -660.784197 -689.607461 -739.771613 -780.140635 -788.887098 -801.623575 -815.027760 -809.178740 -789.416820 -765.135998 -752.763430 -763.703382 -782.563683 -804.063150 -831.569309 -829.328327 -803.813314 -9999.0 -9999.0 -9999.0 -9999.0 -9999.0 -9999.0
-9999.0 -9999.0 -9999.0 -9999.0 -1099.145036 -1087.938364 -1102.719759 -1081.719790 -1054.274998 -1026.160407 -998.852312 -964.991450 -941.398769 -914.831938 -875.754252 -839.532387 -798.622247 -767.176901 -715.415157 -649.291015 -599.197576 -572.874408 -560.512835 -500.634430 -426.658495 -334.334789 -275.211646 16.716053 61.421155 71.598671 74.792778 74.983239 77.678098 84.161515 100.617832 108.266054 103.972534 97.207291 104.198058 106.583390 110.990789 110.531058 110.627656 110.437799 110.504492 111.457250 108.985978 104.334252 102.660418 99.602361 87.032248 73.770943 68.433734 64.714287 45.143433 -248.446866 -429.142827 -459.600303 -516.293192 -567.254912 -632.071655 -655.652566 -685.115140 -708.318510 -737.154614 -735.010536 -730.499744 -748.148048 -775.967354 -805.765405 -818.832389 -835.889294 -845.030194 -814.933152 -797.298008 -765.910499 -9999.0 -9999.0 -9999.0 -9999.0
-9999.0 -9999.0 -1142.588867 -1104.680532 -1056.230379 -1052.335838 -1051.642379 -1050.104567 -1027.443242 -981.898946 -907.839746 -859.097022 -816.622138 -790.190249 -734.136800 -652.753772 -581.463829 -537.650918 -481.537577 -396.627736 -231.199142 35.010507 61.055986 66.530812 74.272733 84.433798 89.713607 101.210809 106.308652 109.605395 122.561874 136.599265 140.685324 136.461280 135.215459 133.895443 132.570738 129.346708 115.155600 114.897931 121.574943 123.349729 126.922469 115.245952 112.289051 123.315568 125.624775 127.102186 129.507544 136.989421 145.684995 118.702859 104.764971 104.056116 103.128478 88.865116 75.640251 69.433926 67.123742 32.525001 -347.730013 -442.814644 -501.396497 -550.167695 -598.593323 -627.262372 -669.765752 -706.189424 -747.305328 -789.122694 -810.011254 -826.451822 -827.014339 -825.509591 -808.956555 -792.955475 -777.088059 -769.162027 -9999.0 -9999.0
-9999.0 -1210.403296 -1164.688952 -1056.723520 -990.865152 -951.210985 -912.206734 -884.193714 -863.761120 -855.589803 -752.722948 -646.441648 -563.430617 -540.952710 -490.691280 -359.475217 15.427339 63.580994 69.478483 77.762534 90.106477 103.871282 108.299238 120.216624 142.270703 137.735372 134.458496 133.844056 125.916233 118.095522 110.040267 116.148860 114.744067 108.539023 106.545125 107.150054 107.471888 104.848050 101.903026 100.936886 102.022690 106.050494 104.246454 101.172191 100.533634 103.456380 105.693627 103.965955 101.331981 103.329377 107.636934 109.609368 115.144249 128.620063 147.033794 125.230341 109.160435 103.962724 102.621206 98.100092 81.456815 69.922501 34.124387 -304.336517 -429.282927 -506.110395 -559.961958 -609.702776 -667.219028 -700.804498 -727.974717 -777.386660 -798.880821 -795.392686 -803.636304 -805.188033 -797.869165 -791.232225 -9999.0 -9999.0
-9999.0 -1270.943108 -1159.895263 -1003.533498 -870.097871 -814.304617 -697.943698 -615.407548 -592.899743 -615.204874 -518.683829 11.524757 68.908225 69.139136 79.522960 93.441082 107.497471 127.104465 140.067059 131.731011 125.718683 128.084910 123.089670 114.595219 109.070028 108.289239 109.010726 109.511091 107.412008 104.560295 102.147954 102.451241 99.570345 85.536055 77.922476 75.567923 74.723556 72.882036 68.549936 65.469208 63.573146 67.815808 65.989286 63.057536 62.163664 65.504396 70.797892 68.433918 68.580150 71.180049 77.342278 85.831014 95.719541 100.468660 104.530039 109.885277 116.281402 135.864822 141.331231 118.257228 107.436899 100.817943 96.961738 80.401029 60.888854 -215.507182 -385.399079 -453.744272 -517.160859 -558.897950 -603.537689 -657.158787 -711.877848 -736.276505 -773.554295 -793.376606 -9999.0 -9999.0 -9999.0 -9999.0
-9999.0 -1307.430734 -1168.176207 -935.913610 -699.225583 -578.347932 -337.536581 47.588246 69.340641 80.196847 85.968293 127.399190 135.868751 120.601105 108.303094 106.443928 107.642071 107.827335 106.661284 105.600377 105.202783 105.413796 105.628292 104.993481 104.190276 102.892379 101.806541 101.131720 94.450906 80.731407 73.711775 71.609265 58.319387 -286.191945 -395.939841 -435.621069 -491.694259 -498.471687 -512.627722 -542.594769 -559.186149 -569.958236 -554.853254 -558.943932 -560.302662 -550.784396 -529.123216 -516.023348 -478.443043 -441.069250 -379.850607 -243.342670 35.933511 67.653278 75.336557 86.152913 97.550776 102.207776 107.773505 118.087766 137.673568 130.973071 111.308509 106.245631 96.905014 82.907373 75.008553 63.948800 7.056260 -346.495717 -430.665437 -499.614190 -564.420228 -647.697180 -686.140122 -9999.0 -9999.0 -9999.0 -9999.0 -9999.0
-9999.0 -1420.563085 -1214.027563 -968.259933 -646.178982 -198.480576 6.035105 82.867394 106.049322 85.387980 85.907080 95.676246 103.020164 103.205025 99.492354 96.805526 85.837544 84.220352 86.968921 81.785979 77.166669 75.679295 76.488538 75.139681 72.079231 70.213648 69.068459 65.532040 13.028078 -350.340312 -463.797123 -481.676725 -550.126631 -615.982238 -658.122042 -701.160195 -749.289506 -750.637762 -735.886325 -752.198980 -772.996452 -791.210479 -767.467327 -754.074539 -744.405763 -753.646714 -746.189119 -714.816689 -670.857386 -633.857425 -590.304859 -542.193668 -502.023777 -448.385460 -400.964368 -273.242662 35.598811 67.888843 81.478410 100.689825 104.663147 109.257773 130.239095 147.942232 112.621225 105.395006 101.507346 97.627671 87.355014 72.451427 59.197633 -175.828573 -393.072726 -9999.0 -9999.0 -9999.0 -9999.0 -9999.0 -9999.0 -9999.0
-9999.0 -1508.810046 -1321.237746 -1153.243512 -878.977337 -661.747860 -516.580713 -396.803629 -244.336476 -270.512031 -175.710861 45.272811 63.929928 68.153474 62.591756 13.371745 -309.542360 -306.004728 -306.238371 -364.784286 -414.063660 -435.118929 -434.746010 -443.605735 -474.995161 -492.327528 -502.947722 -524.863197 -560.635814 -609.841125 -686.022238 -745.674150 -802.241353 -835.859001 -863.793082 -894.517685 -932.736243 -921.632518 -906.739499 -911.639839 -924.368741 -929.826405 -901.473668 -884.898823 -875.564553 -889.901363 -872.905496 -848.062899 -809.089828 -771.485776 -728.782806 -680.670396 -634.005763 -608.070012 -595.020475 -568.240011 -529.315723 -473.175099 -335.957862 40.344834 76.044877 88.599069 100.527578 105.326361 107.373292 121.516756 127.337310 105.110545 92.065810 94.110339 93.303089 -9999.0 -9999.0 -9999.0 -9999.0 -9999.0 -9999.0 -9999.0 -9999.0 -9999.0
-9999.0 -9999.0 -1528.810881 -1395.282640 -1265.977586 -1109.600668 -976.804358 -884.622610 -825.351678 -754.444667 -678.201632 -613.620585 -578.433033 -564.058574 -583.519660 -625.573305 -652.169107 -651.186725 -658.828375 -672.876725 -696.917600 -705.158933 -712.553627 -718.905310 -732.170160 -739.282785 -743.686392 -753.128677 -773.688349 -817.320336 -868.218144 -916.657693 -967.456552 -988.777319 -1008.104182 -1029.080279 -1031.713662 -1032.686078 -1026.175459 -1025.599107 -1021.529923 -1011.509761 -993.009643 -974.209625 -966.329327 -960.896224 -949.820480 -928.509696 -898.281748 -861.303336 -813.294294 -762.125526 -728.035179 -718.893494 -729.811857 -725.404148 -705.802425 -666.262053 -586.820111 -503.773800 -396.954252 -136.689501 63.187069 77.309513 82.326227 94.667398 101.972020 97.783724 62.765913 86.111718 -9999.0 -9999.0 -9999.0 -9999.0 -9999.0 -9999.0 -9999.0 -9999.0 -9999.0 -9999.0
-9999.0 -9999.0 -9999.0 -9999.0 -1515.641963 -1386.179555 -1301.294363 -1249.005966 -1151.534258 -1065.621166 -989.299555 -924.592176 -881.111001 -860.892302 -875.057278 -884.521241 -893.359008 -895.179217 -902.368796 -909.148794 -915.717725 -922.635472 -931.324846 -938.228698 -939.218456 -936.279339 -937.634640 -949.310088 -962.137428 -988.883857 -1010.950144 -1041.857266 -1073.780416 -1098.743745 -1108.372250 -1114.373568 -1113.044475 -1117.853978 -1108.732846 -1105.266177 -1092.800209 -1080.173009 -1059.728097 -1035.246373 -1025.981779 -1013.529135 -1005.365476 -986.580503 -960.651256 -912.791500 -855.364189 -803.835764 -773.715649 -772.527268 -800.538366 -817.686983 -822.680919 -798.104732 -755.582339 -692.896672 -601.123310 -535.844609 -468.632364 -399.145254 -307.547687 32.087862 84.509384 93.192502 -9999.0 -9999.0 -9999.0 -9999.0 -9999.0 -9999.0 -9999.0 -9999.0 -9999.0 -9999.0 -9999.0 -9999.0
-9999.0 -9999.0 -9999.0 -9999.0 -9999.0 -9999.0 -1525.674058 -1458.140513 -1415.302150 -1331.329424 -1249.923547 -1179.203857 -1117.438096 -1100.083789 -1087.887995 -1068.050082 -1073.240362 -1088.032469 -1102.451489 -1086.879938 -1079.377201 -1082.592123 -1107.097204 -1107.717596 -1105.060789 -1095.838775 -1096.592588 -1100.834380 -1123.688043 -1114.750173 -1114.764876 -1133.212479 -1153.607182 -1163.253869 -1172.686022 -1161.859868 -1160.692542 -1172.206731 -1170.830956 -1148.341928 -1133.135615 -1123.554883 -1105.503313 -1077.609044 -1049.598149 -1038.054330 -1038.502723 -1034.676165 -997.057437 -932.715769 -868.221353 -819.450268 -792.091455 -786.747617 -816.498091 -858.291382 -881.425412 -877.913192 -848.328312 -801.274739 -732.369387 -690.443436 -663.591052 -643.726601 -618.549723 -527.286201 -9999.0 -9999.0 -9999.0 -9999.0 -9999.0 -9999.0 -9999.0 -9999.0 -9999.0 -9999.0 -9999.0 -9999.0 -9999.0 -9999.0
-9999.0 -9999.0 -9999.0 -9999.0 -9999.0 -9999.0 -9999.0 -9999.0 -9999.0 -9999.0 -9999.0 -9999.0 -9999.0 -9999.0 -9999.0 -9999.0 -9999.0 -9999.0 -9999.0 -9999.0 -9999.0 -9999.0 -9999.0 -9999.0 -9999.0 -9999.0 -9999.0 -9999.0 -9999.0 -9999.0 -9999.0 -9999.0 -9999.0 -9999.0 -9999.0 -9999.0 -9999.0 -9999.0 -9999.0 -9999.0 -9999.0 -9999.0 -9999.0 -9999.0 -9999.0 -9999.0 -9999.0 -9999.0 -9999.0 -9999.0 -9999.0 -9999.0 -9999.0 -9999.0 -9999.0 -9999.0 -9999.0 -9999.0 -9999.0 -9999.0 -9999.0 -9999.0 -9999.0 -9999.0 -9999.0 -9999.0 -9999.0 -9999.0 -9999.0 -9999.0 -9999.0 -9999.0 -9999.0 -9999.0 -9999.0 -9999.0 -9999.0 -9999.0 -9999.0 -9999.0
-9999.0 -9999.0 -9999.0 -9999.0 -9999.0 -9999.0 -9999.0 -9999.0 -9999.0 -9999.0 -9999.0 -9999.0 -9999.0 -9999.0 -9999.0 -9999.0 -9999.0 -9999.0 -9999.0 -9999.0 -9999.0 -9999.0 -9999.0 -9999.0 -9999.0 -9999.0 -9999.0 -9999.0 -9999.0 -9999.0 -9999.0 -9999.0 -9999.0 -9999.0 -9999.0 -9999.0 -9999.0 -9999.0 -9999.0 -9999.0 -9999.0 -9999.0 -9999.0 -9999.0 -9999.0 -9999.0 -9999.0 -9999.0 -9999.0 -9999.0 -9999.0 -9999.0 -9999.0 -9999.0 -9999.0 -9999.0 -9999.0 -9999.0 -9999.0 -9999.0 -9999.0 -9999.0 -9999.0 -9999.0 -9999.0 -9999.0 -9999.0 -9999.0 -9999.0 -9999.0 -9999.0 -9999.0 -9999.0 -9999.0 -9999.0 -9999.0 -9999.0 -9999.0 -9999.0 -9999.0