Borden_/Borden1m_014/output_maps/psiliqL0006N0004.asc
ncols         80
nrows         18
xllcorner     620200.000000
yllcorner     5168000.000000
cellsize      1.000000
NODATA_value  -9999.0
-9999.0 -9999.0 -9999.0 -9999.0 -9999.0 -9999.0 -9999.0 -9999.0 -9999.0 -9999.0 -9999.0 -9999.0 -9999.0 -9999.0 -9999.0 -9999.0 -9999.0 -9999.0 -9999.0 -9999.0 -9999.0 -9999.0 -9999.0 -9999.0 -9999.0 -9999.0 -9999.0 -9999.0 -9999.0 -9999.0 -9999.0 -9999.0 -9999.0 -9999.0 -9999.0 -9999.0 -9999.0 -9999.0 -9999.0 -9999.0 -9999.0 -9999.0 -9999.0 -9999.0 -9999.0 -9999.0 -9999.0 -9999.0 -9999.0 -9999.0 -9999.0 -9999.0 -9999.0 -9999.0 -9999.0 -9999.0 -9999.0 -9999.0 -9999.0 -9999.0 -9999.0 -9999.0 -9999.0 -9999.0 -9999.0 -9999.0 -9999.0 -9999.0 -9999.0 -9999.0 -9999.0 -9999.0 -9999.0 -9999.0 -9999.0 -9999.0 -9999.0 -9999.0 -9999.0 -9999.0
-9999.0 -9999.0 -9999.0 -9999.0 -9999.0 -9999.0 -9999.0 -9999.0 -9999.0 -9999.0 -9999.0 -9999.0 -9999.0 -9999.0 -9999.0 -9999.0 -9999.0 -9999.0 -9999.0 -9999.0 -9999.0 -9999.0 -9999.0 -9999.0 -9999.0 -9999.0 -9999.0 -9999.0 -9999.0 -9999.0 -9999.0 -9999.0 -9999.0 -9999.0 -9999.0 -9999.0 -9999.0 -9999.0 -9999.0 -9999.0 -9999.0 -9999.0 -9999.0 -9999.0 -9999.0 -9999.0 -9999.0 -9999.0 -9999.0 -9999.0 -9999.0 -9999.0 -9999.0 -9999.0 -9999.0 -9999.0 -9999.0 -9999.0 -9999.0 -9999.0 -9999.0 -9999.0 -9999.0 -9999.0 -9999.0 -9999.0 -9999.0 -9999.0 -9999.0 -9999.0 -9999.0 -9999.0 -9999.0 -9999.0 -9999.0 -9999.0 -9999.0 -9999.0 -9999.0 -9999.0
-9999.0 -9999.0 -9999.0 -9999.0 -9999.0 -9999.0 -9999.0 -9999.0 -9999.0 -9999.0 -9999.0 -9999.0 -9999.0 -9999.0 -9999.0 -9999.0 -9999.0 -9999.0 -9999.0 -9999.0 -649.014277 -645.961527 -668.963595 -703.059657 -731.649954 -730.303448 -696.095480 -656.121008 -619.564825 -609.492262 -627.692252 -626.955093 -632.544501 -632.759141 -629.944565 -624.522656 -622.454160 -611.166615 -602.962262 -603.288245 -609.448699 -615.299571 -617.125225 -613.605978 -608.795292 -616.775905 -603.541448 -588.304364 -581.512791 -586.106791 -612.476938 -627.649725 -634.922015 -648.378763 -623.632042 -610.450654 -587.085698 -582.221155 -582.737963 -609.087072 -638.605672 -9999.0 -9999.0 -9999.0 -9999.0 -9999.0 -9999.0 -9999.0 -9999.0 -9999.0 -9999.0 -9999.0 -9999.0 -9999.0 -9999.0 -9999.0 -9999.0 -9999.0 -9999.0 -9999.0
-9999.0 -9999.0 -9999.0 -9999.0 -9999.0 -9999.0 -9999.0 -9999.0 -9999.0 -9999.0 -9999.0 -9999.0 -9999.0 -9999.0 -737.359625 -747.952412 -751.472193 -743.468634 -710.434381 -681.298081 -668.890100 -676.878106 -677.442337 -701.275666 -721.643206 -708.293175 -680.217540 -650.196317 -617.567813 -597.998869 -611.269938 -614.528026 -604.482598 -577.412440 -563.236581 -566.293481 -587.627477 -565.860435 -550.213047 -541.014021 -542.253317 -550.912789 -536.509013 -520.647528 -527.191974 -544.229967 -541.145426 -529.706789 -514.763160 -528.871975 -591.682435 -611.841277 -613.603911 -619.042452 -630.988082 -636.803381 -611.812549 -609.908981 -617.284113 -634.244152 -665.377019 -708.559025 -725.574186 -687.049646 -642.253111 -583.969933 -9999.0 -9999.0 -9999.0 -9999.0 -9999.0 -9999.0 -9999.0 -9999.0 -9999.0 -9999.0 -9999.0 -9999.0 -9999.0 -9999.0
-9999.0 -9999.0 -9999.0 -9999.0 -9999.0 -9999.0 -9999.0 -9999.0 -9999.0 -792.549241 -789.572419 -783.006391 -781.894912 -766.877122 -768.837425 -762.559386 -755.021643 -730.171327 -700.209957 -666.274861 -638.366502 -649.227161 -649.718428 -637.974705 -631.159282 -619.229076 -600.137641 -561.802626 -521.825698 -482.333121 -510.708865 -513.261094 -495.176411 -446.901686 -409.430449 -400.183718 -418.533114 -416.489011 -392.371394 -368.437943 -369.851666 -372.014025 -349.246480 -335.942446 -327.031201 -344.963520 -364.569193 -367.109396 -341.915758 -389.830958 -450.269583 -502.594267 -500.555365 -529.887563 -569.605205 -591.206422 -593.388919 -570.284792 -584.263990 -620.173858 -655.345706 -663.405432 -678.815448 -662.230973 -638.919581 -591.334898 -552.554192 -523.312400 -522.079967 -538.701701 -9999.0 -9999.0 -9999.0 -9999.0 -9999.0 -9999.0 -9999.0 -9999.0 -9999.0 -9999.0
-9999.0 -9999.0 -9999.0 -9999.0 -9999.0 -9999.0 -870.034763 -861.882116 -842.915520 -837.551316 -814.286046 -807.310890 -787.602678 -769.057041 -749.832218 -733.689242 -703.783894 -672.848715 -632.903616 -590.471456 -559.838154 -564.942108 -556.311941 -523.772447 -481.729804 -450.457630 -428.879821 -394.085749 -321.880286 -275.864582 -259.929990 -254.002134 -243.588186 -190.006382 -101.302425 -67.580346 -106.047895 -132.536223 -105.605884 -32.601019 -2.699524 6.042626 95.328797 191.364376 212.185544 197.240642 23.352871 -61.194671 -80.752159 -97.676825 -173.104560 -247.127514 -291.494169 -338.488703 -412.901138 -468.989257 -469.995373 -453.841053 -482.222849 -532.376247 -572.767593 -581.814657 -594.805462 -607.897682 -601.694652 -581.328161 -556.756465 -544.258897 -555.327310 -574.630966 -596.867557 -624.809946 -622.621100 -596.778965 -9999.0 -9999.0 -9999.0 -9999.0 -9999.0 -9999.0
-9999.0 -9999.0 -9999.0 -9999.0 -919.068220 -907.253103 -918.970049 -896.513234 -865.540725 -833.562383 -802.033381 -765.756510 -740.026847 -711.866402 -671.497255 -634.471955 -593.071351 -561.040091 -509.180385 -443.458349 -394.188732 -369.747735 -357.734590 -297.694594 -228.984873 -166.630819 -141.607404 -102.536356 1.684897 202.197749 226.201994 228.722179 234.818286 246.363966 264.621118 278.949137 269.153440 265.970254 269.071401 275.548129 287.998154 289.193019 297.819284 308.060003 310.785193 309.473925 288.381806 268.098347 262.096226 259.173936 249.841018 221.474976 195.914099 49.143996 -52.682474 -138.791560 -229.396342 -256.237853 -312.822417 -363.958736 -426.003348 -448.944107 -477.893268 -500.863836 -529.032688 -526.556746 -521.879992 -539.453067 -567.693144 -597.945824 -611.644840 -629.214906 -638.311606 -607.954074 -589.743616 -558.202461 -9999.0 -9999.0 -9999.0 -9999.0
-9999.0 -9999.0 -976.059614 -926.130211 -871.342324 -863.458627 -861.356638 -857.433960 -832.040338 -783.320825 -706.129264 -655.300853 -612.322557 -584.932505 -528.661281 -448.454475 -379.749208 -335.562982 -277.736556 -205.290595 -130.692776 -74.451207 -19.152548 175.733471 222.022228 247.271083 255.819249 266.641224 284.377298 309.437216 320.780476 333.104076 337.218115 331.853059 330.157519 327.406598 326.060813 323.887686 314.687719 312.580485 317.716598 319.548580 324.036637 314.160304 312.146065 318.982507 321.654219 323.869874 326.920118 334.918475 343.157807 319.219955 296.444208 280.834772 271.990925 251.568763 227.431281 210.559451 181.030197 -49.092867 -175.373839 -241.738479 -298.693956 -344.766631 -391.945482 -419.764856 -461.305143 -497.539891 -538.807022 -580.933649 -602.281644 -619.204280 -620.122832 -618.287084 -601.516897 -585.175550 -569.264047 -561.190498 -9999.0 -9999.0
-9999.0 -1072.989588 -1000.615893 -873.331034 -795.940872 -752.347582 -711.843630 -683.467890 -662.087453 -651.513898 -548.452313 -447.508347 -363.547458 -338.116486 -287.264430 -185.558627 -45.643300 169.884008 211.157596 232.767961 254.934217 273.773514 287.454615 314.057378 338.568134 334.994513 332.101063 330.654413 324.212929 321.819263 317.346194 321.399715 320.386748 311.997270 306.588221 307.168011 307.074969 298.891277 286.135224 265.173815 261.952088 274.873925 267.139586 255.965872 254.975920 269.868118 293.945593 294.334162 289.591145 295.624419 306.994743 311.926110 319.071509 327.028312 344.787779 323.236944 311.003166 297.519461 289.544733 263.287415 235.730698 190.021330 -44.108781 -152.536627 -231.288369 -301.262561 -353.538575 -402.578485 -459.255694 -492.904318 -520.237682 -569.448762 -590.976702 -587.737361 -595.908932 -597.493747 -590.128886 -583.377465 -9999.0 -9999.0
-9999.0 -1141.266231 -997.900568 -812.619090 -668.679646 -610.238101 -496.499522 -418.548831 -395.403262 -418.497748 -319.977277 -28.687989 196.742136 211.651862 238.883991 270.082420 288.464759 319.213522 336.566444 330.780061 325.039497 327.082514 322.987615 319.406616 314.654528 312.623232 312.895153 311.651233 306.077345 301.354329 296.654457 296.740442 287.174305 251.622855 235.792749 230.462161 227.643237 219.469641 185.158834 -12.128451 -54.948051 15.076335 -31.667921 -82.158700 -89.371957 -17.956629 193.541470 206.430902 209.469599 216.694593 230.554721 244.204876 254.603423 282.131080 297.672325 312.147661 319.869740 336.449813 341.005767 321.119926 305.936185 285.875700 260.676237 231.377445 169.070694 -119.197077 -194.933460 -254.643475 -314.203605 -353.940192 -397.356948 -450.284832 -504.035253 -528.072033 -565.311098 -585.603902 -9999.0 -9999.0 -9999.0 -9999.0
-9999.0 -1202.104251 -1009.845111 -743.375732 -496.246674 -378.788205 -176.427725 158.824452 211.306745 238.742458 247.907452 301.464788 325.002104 316.399352 305.583598 302.065695 306.241042 308.481411 307.376490 305.303188 304.148181 304.372803 304.944587 303.799952 301.496602 296.908077 289.933720 271.983370 250.282877 237.489132 225.147668 219.005917 175.744973 -140.438655 -202.304315 -234.936186 -286.932079 -294.651761 -309.759385 -340.150605 -356.722432 -368.656794 -352.997101 -355.463014 -356.267448 -348.303871 -327.155247 -313.125947 -275.677644 -238.547739 -190.437828 -129.987467 -70.707905 172.966470 222.052946 246.202597 261.335285 288.245609 306.659655 321.004645 339.229795 333.028266 315.599515 303.047960 277.178304 238.155925 219.676649 155.405084 -95.579817 -174.901109 -235.317565 -299.475459 -360.646115 -440.283237 -478.292500 -9999.0 -9999.0 -9999.0 -9999.0 -9999.0
-9999.0 -1347.476398 -1079.840818 -782.092341 -454.025116 -138.266471 100.901809 238.646814 274.254713 244.107481 238.254382 247.692013 271.232142 282.587803 262.729769 254.315225 247.656395 247.221262 254.961484 244.954309 234.967665 231.639895 233.437805 229.994694 221.900459 214.689529 195.771509 18.834680 -107.103754 -173.281048 -258.189848 -278.780728 -349.044068 -411.796356 -453.554432 -496.805559 -544.736797 -545.886177 -530.851993 -546.812435 -567.748539 -585.824169 -561.780830 -547.866151 -538.037116 -547.468094 -539.849121 -508.254395 -464.233090 -427.096209 -383.770783 -336.579922 -298.030185 -247.580192 -205.796520 -140.505144 -54.081640 178.596751 236.009820 277.580735 297.910013 310.935509 329.498137 347.982375 319.718519 302.404737 290.700114 273.948511 233.017708 211.957143 162.464637 -119.162281 -212.744839 -9999.0 -9999.0 -9999.0 -9999.0 -9999.0 -9999.0 -9999.0
-9999.0 -1484.170177 -1247.232074 -992.772310 -692.057275 -471.125569 -326.356362 -221.049359 -140.507680 -145.243718 -126.622806 -83.841438 3.279593 140.208130 -23.114984 -112.703885 -155.243540 -152.003961 -152.254488 -183.765346 -217.603320 -234.122075 -234.339944 -242.130476 -270.913089 -288.954079 -301.096270 -323.571822 -356.935489 -405.406904 -480.865183 -541.413640 -598.463119 -632.363499 -661.056422 -692.889829 -731.433914 -720.599221 -705.495043 -710.323930 -723.112096 -728.163757 -699.058372 -681.486545 -671.890538 -685.764412 -668.382485 -642.644192 -602.834174 -564.370661 -521.047840 -472.696578 -426.274927 -400.770022 -388.086928 -362.302840 -325.227011 -269.067052 -167.319432 53.125745 216.743500 247.702774 285.770913 301.739957 307.951264 325.692561 327.683766 296.915839 263.117152 270.315295 266.872764 -9999.0 -9999.0 -9999.0 -9999.0 -9999.0 -9999.0 -9999.0 -9999.0 -9999.0
-9999.0 -9999.0 -1485.292646 -1289.601730 -1121.618834 -936.462420 -793.009440 -696.540900 -634.453585 -558.511249 -479.751210 -414.886680 -380.124558 -365.766572 -384.422573 -423.831350 -449.179158 -448.455215 -456.305810 -469.806575 -493.156723 -501.337683 -508.997125 -515.471091 -528.254886 -535.082110 -539.449799 -548.991551 -569.716572 -613.923154 -665.606717 -716.093003 -769.313591 -793.363958 -814.756781 -837.358433 -841.468044 -842.401617 -835.205616 -834.170063 -829.512122 -818.340063 -797.711237 -777.047760 -768.094408 -762.002990 -749.907822 -727.052625 -694.989141 -656.000575 -606.347451 -554.137593 -519.580596 -510.426159 -521.571877 -517.620111 -498.514103 -459.382639 -381.210669 -301.042837 -203.648241 -109.776806 175.540385 229.261618 239.601010 257.128314 289.330226 278.063821 178.155244 249.841549 -9999.0 -9999.0 -9999.0 -9999.0 -9999.0 -9999.0 -9999.0 -9999.0 -9999.0 -9999.0
-9999.0 -9999.0 -9999.0 -9999.0 -1432.371981 -1274.130410 -1181.980028 -1101.193920 -986.133382 -885.281932 -799.779282 -729.882502 -683.190998 -662.112349 -675.447892 -684.036715 -692.921310 -695.433810 -703.117907 -709.541063 -715.946136 -723.207102 -732.848107 -739.982536 -740.934985 -737.760278 -739.305895 -751.506201 -765.943999 -793.763313 -818.255321 -853.015748 -889.806057 -918.477440 -931.197461 -938.420328 -937.958674 -942.898637 -933.167410 -927.296570 -912.745959 -897.424696 -873.588933 -845.872155 -833.972514 -820.241006 -810.793436 -790.283221 -761.198301 -709.975532 -649.821421 -596.591124 -565.675221 -564.431333 -592.667828 -610.456831 -615.774697 -591.115107 -548.445779 -485.922042 -394.704685 -330.188302 -265.378825 -205.014691 -154.031600 -30.219321 229.672168 268.269511 -9999.0 -9999.0 -9999.0 -9999.0 -9999.0 -9999.0 -9999.0 -9999.0 -9999.0 -9999.0 -9999.0 -9999.0
-9999.0 -9999.0 -9999.0 -9999.0 -9999.0 -9999.0 -1492.475604 -1399.654752 -1309.804156 -1195.066872 -1090.014655 -1003.704632 -933.810153 -912.123685 -898.175808 -877.787597 -883.111661 -899.064153 -914.239476 -898.683290 -890.630164 -894.852596 -920.677393 -922.325510 -919.302175 -909.715668 -910.469303 -916.191874 -940.337156 -933.409811 -935.477521 -958.019936 -983.674094 -998.043344 -1009.357152 -999.340392 -998.309289 -1010.338184 -1007.299733 -981.755299 -962.470298 -949.062792 -926.520707 -893.756998 -862.273730 -848.595731 -847.967639 -841.992275 -800.631980 -731.654233 -663.558740 -612.701516 -584.428408 -579.128088 -609.498115 -652.283600 -676.153526 -672.481893 -642.067454 -594.105852 -524.838635 -482.848197 -456.603526 -437.483957 -412.676502 -322.898441 -9999.0 -9999.0 -9999.0 -9999.0 -9999.0 -9999.0 -9999.0 -9999.0 -9999.0 -9999.0 -9999.0 -9999.0 -9999.0 -9999.0
-9999.0 -9999.0 -9999.0 -9999.0 -9999.0 -9999.0 -9999.0 -9999.0 -9999.0 -9999.0 -9999.0 -9999.0 -9999.0 -9999.0 -9999.0 -9999.0 -9999.0 -9999.0 -9999.0 -9999.0 -9999.0 -9999.0 -9999.0 -9999.0 -9999.0 -9999.0 -9999.0 -9999.0 -9999.0 -9999.0 -9999.0 -9999.0 -9999.0 -9999.0 -9999.0 -9999.0 -9999.0 -9999.0 -9999.0 -9999.0 -9999.0 -9999.0 -9999.0 -9999.0 -9999.0 -9999.0 -9999.0 -9999.0 -9999.0 -9999.0 -9999.0 -9999.0 -9999.0 -9999.0 -9999.0 -9999.0 -9999.0 -9999.0 -9999.0 -9999.0 -9999.0 -9999.0 -9999.0 -9999.0 -9999.0 -9999.0 -9999.0 -9999.0 -9999.0 -9999.0 -9999.0 -9999.0 -9999.0 -9999.0 -9999.0 -9999.0 -9999.0 -9999.0 -9999.0 -9999.0
-9999.0 -9999.0 -9999.0 -9999.0 -9999.0 -9999.0 -9999.0 -9999.0 -9999.0 -9999.0 -9999.0 -9999.0 -9999.0 -9999.0 -9999.0 -9999.0 -9999.0 -9999.0 -9999.0 -9999.0 -9999.0 -9999.0 -9999.0 -9999.0 -9999.0 -9999.0 -9999.0 -9999.0 -9999.0 -9999.0 -9999.0 -9999.0 -9999.0 -9999.0 -9999.0 -9999.0 -9999.0 -9999.0 -9999.0 -9999.0 -9999.0 -9999.0 -9999.0 -9999.0 -9999.0 -9999.0 -9999.0 -9999.0 -9999.0 -9999.0 -9999.0 -9999.0 -9999.0 -9999.0 -9999.0 -9999.0 -9999.0 -9999.0 -9999.0 -9999.0 -9999.0 -9999.0 -9999.0 -9999.0 -9999.0 -9999.0 -9999.0 -9999.0 -9999.0 -9999.0 -9999.0 -9999.0 -9999.0 -9999.0 -9999.0 -9999.0 -9999.0 -9999.0 -9999.0 -9999.0