Borden_/Borden1m_014/output_maps/psiliqL0022N0006.asc
ncols         80
nrows         18
xllcorner     620200.000000
yllcorner     5168000.000000
cellsize      1.000000
NODATA_value  -9999.0
-9999.0 -9999.0 -9999.0 -9999.0 -9999.0 -9999.0 -9999.0 -9999.0 -9999.0 -9999.0 -9999.0 -9999.0 -9999.0 -9999.0 -9999.0 -9999.0 -9999.0 -9999.0 -9999.0 -9999.0 -9999.0 -9999.0 -9999.0 -9999.0 -9999.0 -9999.0 -9999.0 -9999.0 -9999.0 -9999.0 -9999.0 -9999.0 -9999.0 -9999.0 -9999.0 -9999.0 -9999.0 -9999.0 -9999.0 -9999.0 -9999.0 -9999.0 -9999.0 -9999.0 -9999.0 -9999.0 -9999.0 -9999.0 -9999.0 -9999.0 -9999.0 -9999.0 -9999.0 -9999.0 -9999.0 -9999.0 -9999.0 -9999.0 -9999.0 -9999.0 -9999.0 -9999.0 -9999.0 -9999.0 -9999.0 -9999.0 -9999.0 -9999.0 -9999.0 -9999.0 -9999.0 -9999.0 -9999.0 -9999.0 -9999.0 -9999.0 -9999.0 -9999.0 -9999.0 -9999.0
-9999.0 -9999.0 -9999.0 -9999.0 -9999.0 -9999.0 -9999.0 -9999.0 -9999.0 -9999.0 -9999.0 -9999.0 -9999.0 -9999.0 -9999.0 -9999.0 -9999.0 -9999.0 -9999.0 -9999.0 -9999.0 -9999.0 -9999.0 -9999.0 -9999.0 -9999.0 -9999.0 -9999.0 -9999.0 -9999.0 -9999.0 -9999.0 -9999.0 -9999.0 -9999.0 -9999.0 -9999.0 -9999.0 -9999.0 -9999.0 -9999.0 -9999.0 -9999.0 -9999.0 -9999.0 -9999.0 -9999.0 -9999.0 -9999.0 -9999.0 -9999.0 -9999.0 -9999.0 -9999.0 -9999.0 -9999.0 -9999.0 -9999.0 -9999.0 -9999.0 -9999.0 -9999.0 -9999.0 -9999.0 -9999.0 -9999.0 -9999.0 -9999.0 -9999.0 -9999.0 -9999.0 -9999.0 -9999.0 -9999.0 -9999.0 -9999.0 -9999.0 -9999.0 -9999.0 -9999.0
-9999.0 -9999.0 -9999.0 -9999.0 -9999.0 -9999.0 -9999.0 -9999.0 -9999.0 -9999.0 -9999.0 -9999.0 -9999.0 -9999.0 -9999.0 -9999.0 -9999.0 -9999.0 -9999.0 -9999.0 2544.004662 2546.104952 2525.236479 2492.428795 2465.622680 2469.067425 2504.104290 2546.443073 2586.658379 2596.290839 2578.821432 2583.192589 2579.528871 2576.571926 2578.461844 2587.158539 2594.853262 2606.492639 2616.249202 2617.264090 2612.792916 2609.531446 2612.279817 2614.575511 2620.219030 2606.118247 2620.128573 2633.783242 2635.706962 2629.119516 2601.783002 2586.653714 2576.428504 2559.048222 2583.035236 2592.899703 2613.376764 2615.731937 2612.213487 2584.467005 2553.753762 -9999.0 -9999.0 -9999.0 -9999.0 -9999.0 -9999.0 -9999.0 -9999.0 -9999.0 -9999.0 -9999.0 -9999.0 -9999.0 -9999.0 -9999.0 -9999.0 -9999.0 -9999.0 -9999.0
-9999.0 -9999.0 -9999.0 -9999.0 -9999.0 -9999.0 -9999.0 -9999.0 -9999.0 -9999.0 -9999.0 -9999.0 -9999.0 -9999.0 2451.427294 2443.089096 2441.281771 2450.063983 2483.940699 2514.989531 2526.882904 2520.454104 2521.466072 2498.390202 2477.739992 2492.445551 2523.677679 2555.735289 2590.904951 2610.574855 2600.711064 2599.266780 2607.998743 2631.101702 2641.959623 2639.966953 2622.631326 2649.516014 2666.713391 2676.015074 2677.624137 2670.291848 2680.960560 2695.500846 2688.087453 2671.526346 2679.474696 2690.911239 2698.476006 2684.644088 2620.638791 2604.008322 2598.548880 2592.010198 2576.789849 2570.516902 2595.841332 2592.771719 2583.226427 2564.384927 2530.165125 2484.593445 2464.344885 2502.683488 2544.963880 2600.074587 -9999.0 -9999.0 -9999.0 -9999.0 -9999.0 -9999.0 -9999.0 -9999.0 -9999.0 -9999.0 -9999.0 -9999.0 -9999.0 -9999.0
-9999.0 -9999.0 -9999.0 -9999.0 -9999.0 -9999.0 -9999.0 -9999.0 -9999.0 2391.761339 2397.890931 2405.995120 2409.610628 2425.888899 2423.288039 2431.251770 2437.539792 2466.017613 2497.190157 2532.419534 2560.845186 2553.962276 2554.247614 2561.396589 2560.348857 2571.496692 2594.589224 2636.238221 2670.732600 2709.374476 2678.877995 2675.963893 2695.100353 2739.631181 2767.478629 2772.578967 2755.765970 2772.699515 2800.970569 2823.755368 2825.423863 2822.927747 2847.432545 2861.885206 2857.547542 2836.097678 2831.850012 2834.194147 2857.386447 2801.465572 2731.271605 2686.298765 2696.493234 2672.541595 2640.598113 2622.029110 2618.780673 2637.046326 2621.704867 2583.653546 2547.892223 2534.248727 2514.876492 2532.367972 2553.395219 2597.591313 2635.718896 2663.477017 2661.527034 2643.235493 -9999.0 -9999.0 -9999.0 -9999.0 -9999.0 -9999.0 -9999.0 -9999.0 -9999.0 -9999.0
-9999.0 -9999.0 -9999.0 -9999.0 -9999.0 -9999.0 2311.287434 2322.467858 2344.346373 2348.643546 2376.032463 2383.222418 2404.260982 2423.579137 2446.498308 2462.068714 2490.504187 2523.050805 2561.535498 2602.786886 2635.655300 2628.326789 2639.154111 2662.150313 2694.620230 2719.400468 2746.275488 2788.435955 2787.803952 2823.946223 2820.041065 2821.463581 2829.719229 2878.981337 2942.318338 2954.137310 2933.721396 2920.188501 2942.296304 2978.556265 2978.315805 2977.392729 2984.175000 2994.279556 3020.827379 3011.120653 2980.248870 2972.755932 2977.124368 2957.134572 2891.864169 2834.164307 2812.588714 2848.662566 2764.532668 2713.134025 2726.515472 2747.421528 2720.211458 2667.670917 2627.054222 2616.091125 2599.969443 2587.617357 2595.367033 2614.473570 2635.314285 2645.921662 2631.592648 2608.946459 2585.619684 2556.052288 2557.345489 2581.682016 -9999.0 -9999.0 -9999.0 -9999.0 -9999.0 -9999.0
-9999.0 -9999.0 -9999.0 -9999.0 2259.871084 2273.746936 2261.150665 2288.616715 2322.677819 2358.319573 2389.013820 2424.891130 2451.643237 2481.493211 2518.266923 2546.388263 2584.213408 2617.998870 2670.299443 2737.295797 2788.461774 2810.137103 2824.873942 2797.901520 2853.968197 2901.588075 2920.061475 2945.202946 2983.133024 3038.617301 3061.175413 3064.606467 3081.382693 3121.744956 3174.721323 3208.673458 3191.563686 3183.103951 3191.734637 3204.766452 3226.871631 3226.988859 3228.055401 3231.491244 3238.190782 3237.069794 3211.950058 3179.219437 3166.731965 3157.329244 3122.749248 3052.909212 3021.364050 2994.254484 2961.367759 2909.243690 2857.832399 2855.108610 2802.031771 2826.271717 2766.376786 2747.452630 2717.758398 2693.313494 2668.490216 2672.622943 2677.376833 2656.845063 2622.837335 2589.470116 2573.753482 2553.972194 2541.304493 2570.975813 2587.756814 2616.956405 -9999.0 -9999.0 -9999.0 -9999.0
-9999.0 -9999.0 2198.858850 2245.965388 2304.156281 2312.767785 2310.573664 2316.932668 2346.797280 2399.963469 2470.371440 2514.285261 2550.357776 2584.530816 2642.653400 2712.150953 2779.951991 2826.743153 2810.595461 2878.038205 2936.458959 2963.766745 2973.578526 3002.985297 3055.683043 3121.144244 3147.827763 3173.197683 3203.085934 3237.427219 3235.157554 3246.749375 3257.890846 3267.562999 3279.670542 3285.267069 3280.937113 3276.455074 3258.213537 3253.544444 3260.130644 3267.138951 3266.894892 3252.633365 3248.690922 3263.257533 3268.790297 3267.179296 3265.201002 3270.746612 3268.774452 3223.712590 3200.315673 3186.017299 3176.117052 3131.465126 3066.796954 3033.279409 3013.597896 2979.633394 2907.183097 2867.253216 2826.757663 2790.697587 2809.829975 2784.556041 2741.462260 2701.609856 2655.511656 2608.580502 2583.878806 2565.730904 2562.568803 2561.166285 2577.245050 2591.828517 2606.910144 2614.560028 -9999.0 -9999.0
-9999.0 2090.770797 2162.503562 2286.383950 2366.226286 2408.266755 2427.994064 2441.583513 2472.366242 2507.785706 2604.036160 2672.072203 2760.819185 2801.957755 2849.414905 2860.421586 2951.184122 2988.014833 3024.273716 3083.647505 3145.896078 3191.153080 3216.634724 3205.036487 3241.741302 3265.370141 3271.481446 3277.020643 3275.528037 3267.167002 3260.055347 3266.958243 3264.305175 3245.760168 3230.288211 3228.769769 3225.510688 3202.752777 3175.868450 3161.052667 3163.089079 3187.149599 3174.720957 3153.631555 3149.328358 3170.551951 3190.665464 3180.349704 3167.607110 3183.779647 3217.551133 3240.708661 3244.514500 3262.295051 3283.233223 3255.388269 3232.057595 3189.941935 3173.833509 3148.918608 3093.832449 3039.307829 2992.140148 2948.032492 2894.885725 2844.057693 2795.878852 2794.983914 2731.399133 2689.909200 2658.686684 2608.979793 2589.589240 2592.033165 2583.835838 2580.898688 2586.359503 2592.453793 -9999.0 -9999.0
-9999.0 1999.603300 2139.778823 2320.266285 2466.787484 2516.704213 2595.723068 2665.929118 2690.785193 2650.411478 2760.853049 2903.498956 3010.150774 3024.462226 3095.757286 3184.970841 3177.554248 3207.196486 3228.672754 3248.261739 3264.130911 3276.268701 3273.983142 3268.190562 3252.151327 3244.250652 3243.491751 3241.539530 3224.670595 3206.190730 3189.746533 3187.100989 3170.325129 3123.782024 3091.663214 3075.432817 3058.891227 3044.748394 3016.780477 2991.640123 2981.523991 2988.988650 2985.498254 2975.716136 2971.321002 2985.361816 3016.038255 3012.406551 3021.767335 3040.846670 3076.037573 3112.697218 3131.545887 3159.869405 3194.567620 3240.253614 3250.730804 3272.693755 3276.195285 3263.256311 3218.559731 3168.689266 3139.943742 3085.881070 3026.611787 2969.610360 2920.927212 2875.943437 2820.995914 2785.994342 2777.338491 2716.111906 2664.408744 2647.813477 2610.063392 2593.315972 -9999.0 -9999.0 -9999.0 -9999.0
-9999.0 1904.910764 2087.025249 2332.410082 2622.431558 2710.922872 2882.956896 2992.897159 3032.152996 3095.779446 3006.020532 3187.163751 3231.779466 3224.669829 3232.789356 3234.728504 3248.085590 3247.909769 3242.871499 3232.192802 3223.069546 3218.857079 3217.649200 3209.826097 3197.409772 3183.031923 3171.644253 3160.760095 3125.314785 3094.393476 3057.703525 3045.957265 3005.236007 2920.513782 2881.690146 2845.377278 2787.682525 2788.605815 2792.688618 2853.128828 2835.530620 2806.952615 2832.636039 2842.710139 2846.269754 2843.329590 2856.516866 2797.691334 2842.599098 2875.872207 2914.576302 2961.535121 2986.221167 3024.615465 3064.586273 3115.972457 3145.944606 3174.203383 3220.938510 3257.472964 3279.771673 3266.958457 3246.606492 3204.206357 3145.200839 3096.522762 3068.671837 3019.754890 2979.424083 2935.364699 2888.976900 2836.205114 2797.398564 2730.880055 2691.939645 -9999.0 -9999.0 -9999.0 -9999.0 -9999.0
-9999.0 1696.271002 1960.994150 2233.792114 2521.929501 2838.919515 2988.186405 3085.988087 3146.174071 3120.244440 3135.233556 3143.718944 3179.643717 3185.576147 3164.125373 3151.449006 3135.455770 3134.370365 3147.291142 3120.758798 3091.565026 3078.803136 3079.575596 3068.856661 3045.746268 3030.851601 3021.493271 3004.014682 2966.304262 2917.661655 2836.457594 2805.648166 2805.260277 2757.852242 2714.747986 2664.137028 2614.910906 2618.223389 2642.179224 2632.500906 2611.667111 2593.530239 2621.365294 2642.579373 2655.765411 2641.704078 2649.895429 2683.524894 2731.617358 2774.466838 2821.962614 2801.859269 2842.332053 2882.072255 2904.865416 2945.888156 2982.304830 3022.927371 3091.461256 3166.921100 3200.688407 3234.032695 3264.298204 3285.553569 3243.570039 3216.084657 3193.347724 3171.188168 3126.294854 3081.715311 3041.263039 2978.825060 2920.450911 -9999.0 -9999.0 -9999.0 -9999.0 -9999.0 -9999.0 -9999.0
-9999.0 1579.184971 1780.394665 1983.737642 2244.289672 2478.099685 2694.927658 2796.058100 2823.550600 2880.286316 2926.142681 2960.998016 2983.040607 3003.678796 2980.856717 2941.512732 2910.496088 2915.072284 2907.933113 2886.391341 2858.768257 2845.776507 2843.703934 2838.739877 2817.201201 2806.364788 2799.364193 2859.148279 2828.628812 2770.703779 2692.546197 2614.934379 2557.652301 2531.544366 2504.223823 2473.949681 2444.325050 2456.284685 2468.257899 2468.309134 2460.683351 2459.553511 2488.081005 2506.571402 2516.266963 2505.619943 2524.740195 2549.522622 2588.642057 2631.270209 2678.737045 2730.962472 2783.990133 2811.406065 2822.737397 2844.730773 2797.989006 2841.855546 2918.267465 2997.986793 3071.766309 3115.577184 3165.056115 3203.339751 3229.742356 3257.663006 3277.649434 3268.871159 3244.463473 3212.078142 3155.524335 -9999.0 -9999.0 -9999.0 -9999.0 -9999.0 -9999.0 -9999.0 -9999.0 -9999.0
-9999.0 -9999.0 1551.839476 1711.849083 1821.474932 1988.426743 2132.609178 2241.250146 2340.359413 2477.430959 2599.272555 2697.077877 2745.727707 2764.030593 2749.851246 2718.945454 2697.473750 2694.903547 2682.516456 2674.291613 2658.229480 2652.397632 2640.078606 2632.868239 2627.081204 2624.635574 2620.653538 2611.402710 2590.915901 2545.327220 2502.270207 2454.334108 2403.628144 2379.283708 2358.637590 2339.291308 2341.159134 2336.477130 2341.961445 2344.613220 2353.349776 2366.881036 2386.338630 2408.911337 2418.734713 2428.739349 2440.587095 2463.344703 2494.801187 2535.597522 2588.440959 2646.265640 2685.775519 2697.681964 2686.418904 2689.306608 2705.303087 2744.857120 2820.461602 2811.326789 2898.700849 2962.755495 3023.587797 3077.961691 3103.608032 3139.929169 3207.503330 3255.341120 3294.715191 3272.489139 -9999.0 -9999.0 -9999.0 -9999.0 -9999.0 -9999.0 -9999.0 -9999.0 -9999.0 -9999.0
-9999.0 -9999.0 -9999.0 -9999.0 1570.266806 1719.107073 1815.597521 1895.934256 2028.484577 2156.944226 2263.546990 2351.784264 2420.252768 2448.461159 2447.726006 2459.263540 2455.423270 2446.023004 2434.802111 2437.299372 2440.225496 2434.152727 2419.311235 2413.411867 2416.792924 2423.904153 2421.829830 2408.454869 2389.916410 2371.912640 2355.625562 2323.287462 2289.601913 2261.264255 2248.682696 2244.600637 2244.659871 2237.264854 2245.888024 2254.400957 2270.135974 2285.249043 2308.693561 2337.860575 2352.232469 2367.080506 2376.271776 2395.687167 2425.470898 2478.012076 2540.809936 2598.138186 2634.677987 2638.703326 2614.023624 2597.465669 2591.826248 2617.217793 2658.716012 2720.170418 2819.927972 2802.249730 2849.293911 2889.632994 2926.015188 2983.662301 3074.415968 3153.636780 -9999.0 -9999.0 -9999.0 -9999.0 -9999.0 -9999.0 -9999.0 -9999.0 -9999.0 -9999.0 -9999.0 -9999.0
-9999.0 -9999.0 -9999.0 -9999.0 -9999.0 -9999.0 1539.145237 1643.191865 1715.231099 1863.546384 2004.727095 2111.686031 2195.371829 2230.511047 2261.827644 2290.261290 2288.963651 2268.544173 2247.239165 2267.842140 2285.375772 2279.765737 2249.249248 2250.816204 2257.684906 2266.145392 2264.000159 2257.999637 2233.222025 2247.942520 2250.991353 2228.327905 2203.041000 2190.152797 2178.693724 2188.637944 2188.941690 2174.970793 2174.609881 2202.254281 2223.079314 2235.998596 2257.200544 2290.300914 2322.736515 2338.313006 2339.464080 2344.726405 2382.598008 2451.865042 2523.492801 2579.127385 2611.750449 2619.511367 2592.881491 2552.325901 2531.481406 2537.145511 2569.317556 2617.932523 2691.376554 2738.636903 2762.910034 2776.765412 2798.695615 2787.825430 -9999.0 -9999.0 -9999.0 -9999.0 -9999.0 -9999.0 -9999.0 -9999.0 -9999.0 -9999.0 -9999.0 -9999.0 -9999.0 -9999.0
-9999.0 -9999.0 -9999.0 -9999.0 -9999.0 -9999.0 -9999.0 -9999.0 -9999.0 -9999.0 -9999.0 -9999.0 -9999.0 -9999.0 -9999.0 -9999.0 -9999.0 -9999.0 -9999.0 -9999.0 -9999.0 -9999.0 -9999.0 -9999.0 -9999.0 -9999.0 -9999.0 -9999.0 -9999.0 -9999.0 -9999.0 -9999.0 -9999.0 -9999.0 -9999.0 -9999.0 -9999.0 -9999.0 -9999.0 -9999.0 -9999.0 -9999.0 -9999.0 -9999.0 -9999.0 -9999.0 -9999.0 -9999.0 -9999.0 -9999.0 -9999.0 -9999.0 -9999.0 -9999.0 -9999.0 -9999.0 -9999.0 -9999.0 -9999.0 -9999.0 -9999.0 -9999.0 -9999.0 -9999.0 -9999.0 -9999.0 -9999.0 -9999.0 -9999.0 -9999.0 -9999.0 -9999.0 -9999.0 -9999.0 -9999.0 -9999.0 -9999.0 -9999.0 -9999.0 -9999.0
-9999.0 -9999.0 -9999.0 -9999.0 -9999.0 -9999.0 -9999.0 -9999.0 -9999.0 -9999.0 -9999.0 -9999.0 -9999.0 -9999.0 -9999.0 -9999.0 -9999.0 -9999.0 -9999.0 -9999.0 -9999.0 -9999.0 -9999.0 -9999.0 -9999.0 -9999.0 -9999.0 -9999.0 -9999.0 -9999.0 -9999.0 -9999.0 -9999.0 -9999.0 -9999.0 -9999.0 -9999.0 -9999.0 -9999.0 -9999.0 -9999.0 -9999.0 -9999.0 -9999.0 -9999.0 -9999.0 -9999.0 -9999.0 -9999.0 -9999.0 -9999.0 -9999.0 -9999.0 -9999.0 -9999.0 -9999.0 -9999.0 -9999.0 -9999.0 -9999.0 -9999.0 -9999.0 -9999.0 -9999.0 -9999.0 -9999.0 -9999.0 -9999.0 -9999.0 -9999.0 -9999.0 -9999.0 -9999.0 -9999.0 -9999.0 -9999.0 -9999.0 -9999.0 -9999.0 -9999.0