Borden_/Borden1m_014/output_maps/psiliqL0020N0038.asc
ncols         80
nrows         18
xllcorner     620200.000000
yllcorner     5168000.000000
cellsize      1.000000
NODATA_value  -9999.0
-9999.0 -9999.0 -9999.0 -9999.0 -9999.0 -9999.0 -9999.0 -9999.0 -9999.0 -9999.0 -9999.0 -9999.0 -9999.0 -9999.0 -9999.0 -9999.0 -9999.0 -9999.0 -9999.0 -9999.0 -9999.0 -9999.0 -9999.0 -9999.0 -9999.0 -9999.0 -9999.0 -9999.0 -9999.0 -9999.0 -9999.0 -9999.0 -9999.0 -9999.0 -9999.0 -9999.0 -9999.0 -9999.0 -9999.0 -9999.0 -9999.0 -9999.0 -9999.0 -9999.0 -9999.0 -9999.0 -9999.0 -9999.0 -9999.0 -9999.0 -9999.0 -9999.0 -9999.0 -9999.0 -9999.0 -9999.0 -9999.0 -9999.0 -9999.0 -9999.0 -9999.0 -9999.0 -9999.0 -9999.0 -9999.0 -9999.0 -9999.0 -9999.0 -9999.0 -9999.0 -9999.0 -9999.0 -9999.0 -9999.0 -9999.0 -9999.0 -9999.0 -9999.0 -9999.0 -9999.0
-9999.0 -9999.0 -9999.0 -9999.0 -9999.0 -9999.0 -9999.0 -9999.0 -9999.0 -9999.0 -9999.0 -9999.0 -9999.0 -9999.0 -9999.0 -9999.0 -9999.0 -9999.0 -9999.0 -9999.0 -9999.0 -9999.0 -9999.0 -9999.0 -9999.0 -9999.0 -9999.0 -9999.0 -9999.0 -9999.0 -9999.0 -9999.0 -9999.0 -9999.0 -9999.0 -9999.0 -9999.0 -9999.0 -9999.0 -9999.0 -9999.0 -9999.0 -9999.0 -9999.0 -9999.0 -9999.0 -9999.0 -9999.0 -9999.0 -9999.0 -9999.0 -9999.0 -9999.0 -9999.0 -9999.0 -9999.0 -9999.0 -9999.0 -9999.0 -9999.0 -9999.0 -9999.0 -9999.0 -9999.0 -9999.0 -9999.0 -9999.0 -9999.0 -9999.0 -9999.0 -9999.0 -9999.0 -9999.0 -9999.0 -9999.0 -9999.0 -9999.0 -9999.0 -9999.0 -9999.0
-9999.0 -9999.0 -9999.0 -9999.0 -9999.0 -9999.0 -9999.0 -9999.0 -9999.0 -9999.0 -9999.0 -9999.0 -9999.0 -9999.0 -9999.0 -9999.0 -9999.0 -9999.0 -9999.0 -9999.0 2157.317241 2159.865126 2139.289013 2107.049755 2080.868787 2084.979865 2120.907401 2164.035344 2204.948781 2215.851713 2199.493903 2204.562153 2201.731697 2200.198393 2202.901874 2211.622989 2218.686910 2230.470964 2239.771675 2240.195015 2235.197660 2231.514071 2233.753032 2236.226290 2241.582862 2227.850348 2241.253855 2254.760883 2257.100649 2250.231928 2221.820165 2205.066425 2193.452602 2174.863362 2197.506287 2206.578162 2226.672025 2228.476879 2224.529529 2196.221079 2165.237338 -9999.0 -9999.0 -9999.0 -9999.0 -9999.0 -9999.0 -9999.0 -9999.0 -9999.0 -9999.0 -9999.0 -9999.0 -9999.0 -9999.0 -9999.0 -9999.0 -9999.0 -9999.0 -9999.0
-9999.0 -9999.0 -9999.0 -9999.0 -9999.0 -9999.0 -9999.0 -9999.0 -9999.0 -9999.0 -9999.0 -9999.0 -9999.0 -9999.0 2062.470337 2054.496200 2053.415683 2063.144566 2097.896355 2129.404384 2141.467659 2135.269066 2136.778359 2114.464564 2094.811678 2110.354409 2142.248138 2175.439219 2211.590673 2232.614402 2223.662619 2223.240217 2233.256251 2257.380112 2269.094756 2267.209351 2249.880403 2275.579786 2291.878931 2300.243969 2300.887400 2293.242808 2304.612714 2319.430422 2311.907784 2294.702848 2301.347923 2312.629338 2321.362645 2307.455668 2243.203439 2224.445478 2217.468279 2209.094790 2192.707119 2185.081079 2209.357161 2206.340350 2196.195024 2176.688020 2142.257426 2096.735620 2076.310781 2113.914027 2155.667444 2210.616406 -9999.0 -9999.0 -9999.0 -9999.0 -9999.0 -9999.0 -9999.0 -9999.0 -9999.0 -9999.0 -9999.0 -9999.0 -9999.0 -9999.0
-9999.0 -9999.0 -9999.0 -9999.0 -9999.0 -9999.0 -9999.0 -9999.0 -9999.0 1999.628756 2006.025551 2014.921541 2019.382573 2036.661776 2035.003275 2043.812039 2051.459854 2080.744970 2113.001982 2149.099753 2178.409048 2171.461466 2172.852955 2181.738189 2182.857956 2195.217670 2218.907222 2260.639611 2297.913688 2338.229045 2309.551133 2308.049891 2328.056504 2373.437155 2402.230163 2407.473626 2390.497179 2405.039878 2431.266287 2452.206400 2452.356365 2449.709123 2474.837068 2489.189914 2485.929933 2464.168075 2456.663110 2458.442634 2482.905860 2429.227724 2360.380796 2313.153495 2320.007224 2292.077724 2257.595758 2238.648569 2234.792021 2252.558971 2236.356488 2197.928383 2161.050325 2147.466206 2127.865586 2144.347648 2164.564090 2208.156043 2245.126184 2271.602728 2268.704599 2249.717177 -9999.0 -9999.0 -9999.0 -9999.0 -9999.0 -9999.0 -9999.0 -9999.0 -9999.0 -9999.0
-9999.0 -9999.0 -9999.0 -9999.0 -9999.0 -9999.0 1917.898882 1929.265911 1951.579528 1956.813753 1984.685432 1993.216858 2015.521055 2036.299571 2060.321712 2077.545791 2107.759611 2141.731575 2182.323829 2225.151934 2258.100223 2252.128011 2263.041979 2289.551398 2324.566953 2351.082335 2377.790527 2419.398659 2495.957210 2537.581245 2539.808677 2544.557036 2555.010929 2605.470535 2669.789028 2681.683305 2662.428215 2650.428517 2674.380560 2713.393500 2717.652186 2719.759726 2734.805550 2745.435681 2770.990097 2759.085125 2717.180796 2705.051945 2705.997840 2683.910135 2616.242921 2553.047619 2523.464558 2471.375355 2387.148807 2335.704501 2347.620914 2367.329998 2338.760234 2284.397144 2243.889084 2232.448659 2215.937281 2202.430367 2208.483877 2225.957869 2245.389516 2254.270826 2238.580695 2214.946452 2190.515647 2160.329265 2161.207025 2185.420810 -9999.0 -9999.0 -9999.0 -9999.0 -9999.0 -9999.0
-9999.0 -9999.0 -9999.0 -9999.0 1865.708280 1879.968976 1868.298038 1896.093368 1930.887804 1967.342370 1999.776397 2037.304438 2065.885258 2097.681863 2137.475987 2168.898010 2209.132229 2244.680994 2298.852388 2366.784980 2417.834452 2439.494963 2454.301631 2511.662769 2572.885847 2625.288024 2648.016483 2677.440412 2725.656592 2786.626857 2813.553810 2819.873371 2838.021903 2877.619861 2929.451879 2864.136353 2846.057963 2838.029703 2846.121767 2858.876887 2881.475575 2882.080310 2883.311939 2886.524680 2892.620059 2891.520324 2866.839206 2835.350796 2922.201298 2910.393658 2874.600551 2801.855080 2763.890245 2731.142057 2689.685636 2633.979850 2575.092161 2564.437364 2505.555016 2445.767744 2385.900821 2366.747641 2336.945492 2311.860834 2284.303747 2286.091428 2288.250360 2265.325752 2229.681566 2195.052738 2178.298103 2158.068739 2145.359102 2174.692317 2191.284846 2220.443870 -9999.0 -9999.0 -9999.0 -9999.0
-9999.0 -9999.0 1803.729265 1851.850351 1910.635046 1920.354857 1920.026727 1927.539593 1958.441175 2012.819768 2085.822125 2133.180335 2172.712301 2208.853130 2268.796888 2342.732401 2412.115419 2460.173786 2523.952647 2597.082671 2660.876757 2692.731645 2708.843136 2751.790923 2808.704352 2876.062958 2905.551039 2933.980579 2860.874164 2893.601397 2895.185349 2907.588555 2918.161718 2926.176377 2936.670743 2939.844843 2935.520949 2930.835987 2914.093094 2909.674963 2916.398080 2921.565213 2923.325942 2909.384253 2905.506523 2919.842436 2923.478999 2922.116464 2923.536870 2927.836683 2927.070331 2883.412527 2856.009093 2842.595582 2931.183122 2883.721038 2815.672078 2775.839879 2751.834901 2703.681234 2624.432600 2575.466697 2525.883926 2479.890638 2427.968944 2399.719826 2353.497593 2309.751307 2261.298104 2213.134934 2188.233423 2169.786335 2166.587621 2165.261316 2180.856618 2195.137843 2209.751870 2217.136625 -9999.0 -9999.0
-9999.0 1696.580712 1768.934088 1894.251036 1975.330237 2019.231446 2043.415412 2060.974719 2092.620213 2126.606882 2226.409222 2300.638422 2391.192702 2432.843057 2482.745989 2580.499529 2678.304389 2729.607672 2771.966982 2834.587463 2899.750926 2847.281950 2872.584789 2867.496832 2903.887586 2925.112687 2930.756544 2935.941926 2932.466689 2924.275583 2916.652362 2923.270219 2921.674763 2902.795052 2886.908592 2884.664946 2880.573766 2858.777413 2933.771030 2918.263772 2920.095245 2843.674812 2932.093647 2910.943836 2907.053070 2928.950648 2846.429612 2836.972600 2929.077401 2841.919320 2874.532841 2897.486794 2903.255963 2920.833090 2941.494157 2914.053881 2889.113445 2848.520257 2932.993809 2902.269938 2841.105158 2780.068816 2723.404201 2660.051166 2593.855541 2528.310399 2464.567640 2400.911946 2334.579107 2292.627165 2261.613838 2213.112792 2194.392968 2196.793633 2188.084886 2184.423798 2189.275960 2195.056224 -9999.0 -9999.0
-9999.0 1608.451528 1749.731966 1932.269683 2080.513956 2133.944118 2220.126034 2292.921496 2319.620918 2283.921915 2393.027981 2615.324036 2734.790884 2757.702772 2834.975412 2836.455714 2835.813775 2866.648760 2888.969130 2906.602370 2920.942480 2931.441634 2929.645138 2924.196228 2908.872585 2901.238689 2901.959010 2899.694510 2882.444628 2863.369544 2846.061227 2843.886194 2927.944609 2878.478853 2842.448758 2822.303074 2802.569492 2784.436529 2755.014229 2727.876554 2709.830680 2723.214545 2720.634665 2703.757276 2699.969587 2722.636988 2753.352553 2751.679754 2764.621078 2786.224229 2826.323832 2867.905750 2891.976685 2924.003388 2854.238002 2898.119640 2910.216945 2932.299305 2935.990897 2921.298546 2878.211331 2928.824654 2891.787551 2825.643972 2751.393200 2668.824445 2601.744908 2537.084351 2465.894626 2420.599451 2375.360611 2319.679551 2270.638429 2253.929235 2215.800459 2197.599638 -9999.0 -9999.0 -9999.0 -9999.0
-9999.0 1518.217711 1702.474676 1952.417533 2239.514773 2334.758747 2542.123754 2671.495052 2726.580891 2800.465942 2737.302306 2840.190339 2881.783994 2876.250831 2883.821185 2885.716146 2900.110874 2901.374344 2897.183857 2887.153780 2878.480606 2874.567531 2873.373255 2865.627385 2853.211808 2840.113025 2931.110605 2916.524936 2876.270897 2840.669567 2800.268272 2783.794886 2740.955242 2644.312012 2600.596576 2560.716488 2500.066560 2496.541888 2495.946324 2468.079811 2449.239348 2423.981865 2449.685701 2458.793920 2462.546643 2461.554387 2475.526642 2504.105032 2552.251765 2590.128382 2634.863661 2688.309641 2726.605239 2771.243511 2816.258921 2873.366369 2908.765821 2941.393776 2881.377095 2917.234291 2938.327867 2927.464212 2904.892113 2862.420830 2882.213787 2812.382014 2758.050770 2679.198436 2613.197342 2560.927039 2515.044728 2466.081113 2404.507791 2338.261510 2299.508774 -9999.0 -9999.0 -9999.0 -9999.0 -9999.0
-9999.0 1317.667849 1583.712078 1861.610636 2158.044020 2495.802270 2653.568669 2771.733067 2845.815369 2826.137788 2845.976367 2864.460097 2826.374978 2833.849481 2904.008694 2894.132050 2880.983058 2881.129336 2894.152882 2867.081600 2836.838235 2822.930621 2822.500780 2810.664587 2786.471442 2769.553785 2758.784433 2736.702089 2685.854141 2632.466166 2546.970422 2511.947818 2431.710879 2383.156443 2340.664072 2290.301776 2240.286455 2241.102892 2261.432098 2249.145965 2227.670960 2209.795422 2237.877434 2258.243858 2271.570405 2258.438437 2267.124281 2302.923639 2352.683965 2397.480368 2447.234241 2502.840691 2549.180436 2596.012923 2626.383557 2675.039533 2726.255947 2774.210169 2848.316067 2929.600231 2860.813387 2893.251824 2924.246404 2942.078295 2898.354178 2863.923281 2832.738354 2805.169165 2728.173947 2677.956276 2648.741847 2607.984319 2554.846387 -9999.0 -9999.0 -9999.0 -9999.0 -9999.0 -9999.0 -9999.0
-9999.0 1198.151721 1404.828793 1616.436978 1884.964576 2121.063856 2332.063953 2435.882296 2516.832246 2574.347608 2622.658814 2662.444008 2695.481844 2720.919675 2702.656473 2659.934705 2630.136903 2634.681830 2627.908915 2604.693179 2575.242809 2560.376263 2556.908326 2550.194753 2526.548109 2512.999282 2502.551189 2479.073822 2448.445485 2392.368108 2314.578394 2239.372698 2180.710274 2153.303445 2125.378845 2094.031988 2061.711422 2072.317981 2083.975438 2082.140557 2073.466306 2071.955902 2101.031564 2120.401152 2130.596330 2119.973122 2139.555957 2165.712993 2206.809856 2250.864143 2300.463279 2355.502658 2409.514741 2437.787613 2449.712021 2472.081551 2509.893884 2562.690256 2647.718546 2744.076247 2823.463090 2872.193361 2922.709899 2860.961247 2881.907245 2904.570773 2909.822688 2881.298402 2835.550857 2808.229876 2728.289309 -9999.0 -9999.0 -9999.0 -9999.0 -9999.0 -9999.0 -9999.0 -9999.0 -9999.0
-9999.0 -9999.0 1175.269493 1341.119185 1460.407577 1632.556358 1780.005995 1890.317600 1987.253216 2116.670274 2232.425833 2323.713420 2370.503445 2389.180801 2377.029430 2348.091257 2329.185911 2328.891163 2317.612852 2308.177175 2289.935331 2282.269735 2269.503839 2260.916699 2252.854839 2248.667482 2243.722565 2233.040512 2212.204024 2166.377225 2121.489145 2072.039481 2020.472871 1995.514929 1974.159081 1953.692206 1954.005759 1949.047543 1954.143923 1956.127227 1964.158482 1977.449668 1997.289317 2019.850586 2029.924433 2039.866863 2052.391437 2076.183371 2109.208775 2151.986084 2206.693469 2265.781350 2306.658765 2319.828982 2309.752566 2313.549528 2331.352563 2371.452369 2448.008807 2529.229042 2624.926799 2695.469933 2765.958694 2814.778408 2826.951492 2838.654048 2837.469375 2856.333128 2847.145315 2836.984943 -9999.0 -9999.0 -9999.0 -9999.0 -9999.0 -9999.0 -9999.0 -9999.0 -9999.0 -9999.0
-9999.0 -9999.0 -9999.0 -9999.0 1201.512746 1353.106425 1450.940847 1533.281249 1665.384985 1791.394859 1895.574986 1981.936079 2048.130273 2076.001937 2075.183814 2086.092352 2083.326406 2075.843668 2065.324691 2066.260867 2067.087054 2059.666049 2044.013444 2036.759250 2038.484822 2044.134269 2041.344729 2027.463098 2008.897370 1989.028156 1970.944525 1937.458184 1902.516188 1873.485985 1860.302417 1855.253315 1854.805890 1847.220017 1855.586689 1863.501367 1878.983724 1894.170805 1917.838292 1947.152402 1961.530835 1976.645019 1986.452694 2006.862417 2037.663147 2091.568117 2155.793599 2214.691227 2252.221782 2257.586317 2233.998737 2218.691251 2214.453434 2241.456576 2284.194227 2347.948002 2447.370980 2518.693069 2570.727246 2610.547070 2639.079587 2679.712929 2724.222388 2757.881247 -9999.0 -9999.0 -9999.0 -9999.0 -9999.0 -9999.0 -9999.0 -9999.0 -9999.0 -9999.0 -9999.0 -9999.0
-9999.0 -9999.0 -9999.0 -9999.0 -9999.0 -9999.0 1169.035689 1272.758209 1348.340716 1493.509373 1630.973278 1735.884808 1818.492801 1852.918846 1883.182309 1911.932032 1911.282702 1892.124208 1871.734274 1891.346866 1906.953212 1900.539961 1869.421957 1869.548536 1874.983813 1882.746131 1880.059201 1873.470587 1848.182231 1861.286779 1862.984797 1839.600702 1813.564375 1799.903663 1787.893907 1797.339558 1797.276001 1783.155954 1782.917182 1810.095551 1830.655970 1843.681577 1865.190534 1898.468444 1931.067297 1946.787909 1948.412458 1954.526022 1993.913301 2064.437737 2137.134847 2193.840376 2227.649605 2236.750749 2210.989996 2171.665543 2151.951591 2159.136729 2193.290788 2244.080511 2317.846872 2364.107631 2384.755045 2392.002085 2404.533147 2493.461524 -9999.0 -9999.0 -9999.0 -9999.0 -9999.0 -9999.0 -9999.0 -9999.0 -9999.0 -9999.0 -9999.0 -9999.0 -9999.0 -9999.0
-9999.0 -9999.0 -9999.0 -9999.0 -9999.0 -9999.0 -9999.0 -9999.0 -9999.0 -9999.0 -9999.0 -9999.0 -9999.0 -9999.0 -9999.0 -9999.0 -9999.0 -9999.0 -9999.0 -9999.0 -9999.0 -9999.0 -9999.0 -9999.0 -9999.0 -9999.0 -9999.0 -9999.0 -9999.0 -9999.0 -9999.0 -9999.0 -9999.0 -9999.0 -9999.0 -9999.0 -9999.0 -9999.0 -9999.0 -9999.0 -9999.0 -9999.0 -9999.0 -9999.0 -9999.0 -9999.0 -9999.0 -9999.0 -9999.0 -9999.0 -9999.0 -9999.0 -9999.0 -9999.0 -9999.0 -9999.0 -9999.0 -9999.0 -9999.0 -9999.0 -9999.0 -9999.0 -9999.0 -9999.0 -9999.0 -9999.0 -9999.0 -9999.0 -9999.0 -9999.0 -9999.0 -9999.0 -9999.0 -9999.0 -9999.0 -9999.0 -9999.0 -9999.0 -9999.0 -9999.0
-9999.0 -9999.0 -9999.0 -9999.0 -9999.0 -9999.0 -9999.0 -9999.0 -9999.0 -9999.0 -9999.0 -9999.0 -9999.0 -9999.0 -9999.0 -9999.0 -9999.0 -9999.0 -9999.0 -9999.0 -9999.0 -9999.0 -9999.0 -9999.0 -9999.0 -9999.0 -9999.0 -9999.0 -9999.0 -9999.0 -9999.0 -9999.0 -9999.0 -9999.0 -9999.0 -9999.0 -9999.0 -9999.0 -9999.0 -9999.0 -9999.0 -9999.0 -9999.0 -9999.0 -9999.0 -9999.0 -9999.0 -9999.0 -9999.0 -9999.0 -9999.0 -9999.0 -9999.0 -9999.0 -9999.0 -9999.0 -9999.0 -9999.0 -9999.0 -9999.0 -9999.0 -9999.0 -9999.0 -9999.0 -9999.0 -9999.0 -9999.0 -9999.0 -9999.0 -9999.0 -9999.0 -9999.0 -9999.0 -9999.0 -9999.0 -9999.0 -9999.0 -9999.0 -9999.0 -9999.0