Borden_/Borden1m_014/output_maps/psiliqL0022N0014.asc
ncols         80
nrows         18
xllcorner     620200.000000
yllcorner     5168000.000000
cellsize      1.000000
NODATA_value  -9999.0
-9999.0 -9999.0 -9999.0 -9999.0 -9999.0 -9999.0 -9999.0 -9999.0 -9999.0 -9999.0 -9999.0 -9999.0 -9999.0 -9999.0 -9999.0 -9999.0 -9999.0 -9999.0 -9999.0 -9999.0 -9999.0 -9999.0 -9999.0 -9999.0 -9999.0 -9999.0 -9999.0 -9999.0 -9999.0 -9999.0 -9999.0 -9999.0 -9999.0 -9999.0 -9999.0 -9999.0 -9999.0 -9999.0 -9999.0 -9999.0 -9999.0 -9999.0 -9999.0 -9999.0 -9999.0 -9999.0 -9999.0 -9999.0 -9999.0 -9999.0 -9999.0 -9999.0 -9999.0 -9999.0 -9999.0 -9999.0 -9999.0 -9999.0 -9999.0 -9999.0 -9999.0 -9999.0 -9999.0 -9999.0 -9999.0 -9999.0 -9999.0 -9999.0 -9999.0 -9999.0 -9999.0 -9999.0 -9999.0 -9999.0 -9999.0 -9999.0 -9999.0 -9999.0 -9999.0 -9999.0
-9999.0 -9999.0 -9999.0 -9999.0 -9999.0 -9999.0 -9999.0 -9999.0 -9999.0 -9999.0 -9999.0 -9999.0 -9999.0 -9999.0 -9999.0 -9999.0 -9999.0 -9999.0 -9999.0 -9999.0 -9999.0 -9999.0 -9999.0 -9999.0 -9999.0 -9999.0 -9999.0 -9999.0 -9999.0 -9999.0 -9999.0 -9999.0 -9999.0 -9999.0 -9999.0 -9999.0 -9999.0 -9999.0 -9999.0 -9999.0 -9999.0 -9999.0 -9999.0 -9999.0 -9999.0 -9999.0 -9999.0 -9999.0 -9999.0 -9999.0 -9999.0 -9999.0 -9999.0 -9999.0 -9999.0 -9999.0 -9999.0 -9999.0 -9999.0 -9999.0 -9999.0 -9999.0 -9999.0 -9999.0 -9999.0 -9999.0 -9999.0 -9999.0 -9999.0 -9999.0 -9999.0 -9999.0 -9999.0 -9999.0 -9999.0 -9999.0 -9999.0 -9999.0 -9999.0 -9999.0
-9999.0 -9999.0 -9999.0 -9999.0 -9999.0 -9999.0 -9999.0 -9999.0 -9999.0 -9999.0 -9999.0 -9999.0 -9999.0 -9999.0 -9999.0 -9999.0 -9999.0 -9999.0 -9999.0 -9999.0 2557.757724 2560.240851 2540.046694 2508.214860 2482.591089 2487.173069 2523.010699 2565.708916 2606.196351 2616.435715 2600.242535 2606.687247 2605.704430 2605.486632 2609.776559 2620.107905 2628.646315 2639.422054 2647.301759 2645.731332 2638.670469 2633.360427 2634.832761 2636.648493 2642.550378 2629.362195 2644.744466 2660.163967 2663.564374 2657.433990 2629.321805 2612.248680 2599.658503 2580.168187 2602.519425 2611.127253 2629.983670 2631.073045 2626.613106 2598.458199 2567.507903 -9999.0 -9999.0 -9999.0 -9999.0 -9999.0 -9999.0 -9999.0 -9999.0 -9999.0 -9999.0 -9999.0 -9999.0 -9999.0 -9999.0 -9999.0 -9999.0 -9999.0 -9999.0 -9999.0
-9999.0 -9999.0 -9999.0 -9999.0 -9999.0 -9999.0 -9999.0 -9999.0 -9999.0 -9999.0 -9999.0 -9999.0 -9999.0 -9999.0 2461.522319 2453.906079 2453.203923 2463.307925 2498.530051 2530.599231 2542.622917 2536.732739 2538.511630 2516.654043 2497.575104 2513.777266 2545.899854 2577.884196 2612.916713 2632.967147 2624.413404 2625.364102 2637.292287 2664.517722 2678.283138 2677.977130 2661.078393 2687.256932 2701.819552 2707.373268 2705.400086 2695.415833 2704.532741 2718.549327 2711.504250 2696.160264 2706.145244 2720.135054 2730.030284 2717.173683 2651.821489 2632.692999 2624.316017 2615.390860 2598.512426 2591.185803 2615.304336 2610.624464 2599.898986 2580.397911 2545.881189 2500.450322 2479.672858 2517.237427 2558.721899 2612.884544 -9999.0 -9999.0 -9999.0 -9999.0 -9999.0 -9999.0 -9999.0 -9999.0 -9999.0 -9999.0 -9999.0 -9999.0 -9999.0 -9999.0
-9999.0 -9999.0 -9999.0 -9999.0 -9999.0 -9999.0 -9999.0 -9999.0 -9999.0 2399.480656 2405.878060 2414.577083 2419.056502 2436.327719 2434.557487 2443.697030 2451.425030 2481.571373 2514.505799 2551.293511 2580.464544 2574.534565 2575.502627 2584.264820 2585.594300 2599.017274 2623.319108 2665.152306 2698.022514 2736.348763 2707.117298 2707.288408 2731.072464 2780.676882 2811.957199 2818.829274 2802.722205 2818.354471 2842.585152 2859.639280 2856.121276 2850.055455 2872.553112 2886.410010 2882.588436 2862.753180 2861.432096 2867.572901 2894.664779 2840.949335 2769.848003 2721.230288 2727.324437 2700.749403 2667.267770 2647.346745 2642.823483 2659.473338 2642.575791 2603.397886 2567.357719 2553.166831 2532.912273 2549.387573 2569.397879 2612.316500 2649.749844 2676.314583 2673.156809 2654.019957 -9999.0 -9999.0 -9999.0 -9999.0 -9999.0 -9999.0 -9999.0 -9999.0 -9999.0 -9999.0
-9999.0 -9999.0 -9999.0 -9999.0 -9999.0 -9999.0 2319.170001 2330.686233 2352.934345 2357.382281 2385.251706 2393.114923 2415.258464 2435.983284 2460.502314 2477.909953 2508.315753 2543.085345 2583.909915 2627.602632 2662.470135 2655.290909 2667.197089 2692.051820 2728.361973 2756.871033 2785.236174 2826.369222 2796.855304 2832.909950 2829.210979 2830.948428 2839.722727 2889.717526 2953.782411 2966.015431 2945.946664 2932.656299 2954.935041 2991.292692 2991.095159 2990.165152 2985.663485 2995.707041 3022.256480 3012.612490 2993.006163 2985.504284 2989.780937 2969.293222 2903.236976 2844.681062 2822.680654 2881.856113 2797.262565 2745.644051 2757.523541 2776.025804 2746.844845 2693.801988 2652.315635 2640.439845 2623.067173 2609.401373 2615.864618 2633.523400 2652.673247 2661.448658 2645.370166 2621.280520 2597.088597 2566.256695 2566.241932 2589.613268 -9999.0 -9999.0 -9999.0 -9999.0 -9999.0 -9999.0
-9999.0 -9999.0 -9999.0 -9999.0 2267.552818 2282.127918 2270.097611 2298.205287 2332.877913 2369.082750 2400.399566 2437.358468 2465.589517 2497.430828 2536.509723 2567.235409 2607.522367 2644.026866 2700.421277 2771.410118 2824.250236 2845.225150 2859.635505 2807.496292 2863.960946 2912.381144 2931.572281 2957.180651 2984.268336 3039.728476 3062.316560 3065.768960 3082.566760 3122.956769 3175.959261 3208.816344 3191.701357 3183.243067 3191.876387 3204.911242 3227.018404 3227.137229 3228.132254 3231.568432 3238.268408 3237.147616 3212.099619 3179.373634 3168.052559 3158.616147 3123.987627 3054.098072 3022.505667 2995.714119 2973.534566 2920.760186 2868.497727 2865.014962 2811.567993 2859.584987 2799.978061 2780.191060 2749.028107 2723.213931 2697.292144 2699.139090 2701.199237 2677.912963 2641.251144 2605.440885 2587.922565 2566.266685 2551.755706 2579.695982 2594.777155 2622.798508 -9999.0 -9999.0 -9999.0 -9999.0
-9999.0 -9999.0 2204.839992 2252.953731 2312.547002 2322.720874 2321.947737 2329.358502 2360.085336 2414.094596 2485.538118 2530.416903 2568.209310 2604.976945 2667.317032 2740.292083 2810.696865 2859.984368 2819.902695 2888.035022 2947.352554 2975.235077 2985.523769 3004.160502 3056.852235 3122.371874 3149.109266 3174.522260 3203.171645 3237.507630 3235.239222 3246.831479 3257.972986 3267.645126 3279.752717 3285.342367 3281.012275 3276.530142 3258.296139 3253.626856 3260.213090 3267.213881 3266.977103 3252.716027 3248.773978 3263.340818 3268.866535 3267.255487 3265.291673 3270.828747 3268.855573 3223.792579 3200.394341 3186.102466 3177.444966 3132.747450 3068.023375 3034.451195 3014.797385 2991.755556 2918.504557 2877.589169 2836.091987 2799.442985 2848.824614 2820.793358 2774.154515 2731.098325 2681.390241 2631.145018 2603.032037 2582.268513 2576.539599 2572.031698 2585.767206 2598.051683 2611.454250 2618.254661 -9999.0 -9999.0
-9999.0 2096.205033 2168.717509 2294.267279 2376.532557 2421.839239 2444.219864 2459.118580 2490.877037 2527.353593 2624.189319 2693.110401 2783.420768 2827.787342 2879.758532 2870.166328 2961.561355 2989.335661 3025.354292 3084.800860 3147.111591 3191.298550 3216.780651 3205.115748 3241.823131 3265.454445 3271.567636 3277.108344 3275.609229 3267.248600 3260.136615 3267.038442 3264.391304 3245.844404 3230.370621 3228.850725 3225.590484 3202.839133 3177.182274 3162.363971 3164.460671 3187.240708 3176.013781 3154.998498 3150.701518 3171.862102 3190.751208 3180.435880 3168.956731 3183.867833 3217.632706 3240.791595 3244.598495 3262.379863 3283.317681 3255.472046 3232.140367 3190.030765 3175.160773 3150.266407 3095.106745 3040.514352 2993.301773 2959.394672 2905.256280 2853.236346 2803.814198 2834.396109 2766.706561 2721.497731 2687.408014 2633.977546 2609.793946 2607.403396 2594.521703 2588.668050 2591.281642 2596.262317 -9999.0 -9999.0
-9999.0 2005.340309 2146.598712 2329.539279 2480.321943 2535.363293 2618.325195 2690.934243 2716.570882 2676.183889 2787.308306 2912.665802 3011.330832 3025.703574 3097.085376 3185.096266 3177.681016 3207.268735 3228.747546 3248.339877 3264.211927 3276.345192 3274.061401 3268.270183 3252.232245 3244.332375 3243.581539 3241.628727 3224.758823 3206.277272 3189.830777 3187.189706 3171.605923 3125.070509 3092.891940 3076.616664 3060.044987 3045.884317 3017.924337 2993.138009 2994.370246 2990.436904 2986.968814 2988.762405 2984.400189 2986.863271 3017.466362 3013.552462 3022.962497 3042.057838 3077.294586 3114.011418 3132.850017 3161.214770 3194.657365 3240.338120 3250.817216 3272.781703 3276.283277 3263.343679 3218.653069 3170.064930 3141.253973 3087.151434 3027.828955 2981.288918 2931.085640 2884.632745 2828.306502 2792.200143 2817.509535 2752.529479 2695.823514 2670.126222 2625.391224 2603.587430 -9999.0 -9999.0 -9999.0 -9999.0
-9999.0 1911.020258 2094.474576 2342.937818 2639.535505 2735.793442 2888.277939 2993.636406 3033.035222 3096.813909 3007.165196 3187.283435 3231.843211 3224.738055 3232.867450 3234.801959 3248.160519 3247.986053 3242.949367 3232.272128 3223.150088 3218.938578 3217.731422 3209.908783 3197.492536 3183.122051 3172.993875 3162.084113 3126.656232 3095.671551 3058.912795 3047.097170 3006.653245 2931.613470 2892.057603 2855.052042 2796.899782 2797.627391 2801.963754 2875.315820 2857.895116 2830.222958 2857.831457 2870.214972 2874.667168 2871.091439 2884.286476 2807.586617 2852.636570 2886.523351 2926.048522 2973.571351 2987.398237 3025.804908 3065.830924 3117.292506 3147.269621 3175.583644 3221.032397 3257.561663 3279.854076 3267.048701 3246.694564 3204.297673 3146.503441 3097.760592 3069.724820 3020.643473 2988.104465 2942.936273 2895.631201 2841.760436 2843.298283 2760.571510 2712.874484 -9999.0 -9999.0 -9999.0 -9999.0 -9999.0
-9999.0 1702.637316 1968.839313 2245.079956 2539.271276 2842.885358 2988.805762 3086.775506 3146.912084 3121.102673 3136.195770 3144.767013 3179.712196 3185.648687 3165.271960 3152.658499 3136.655703 3135.562308 3148.476298 3121.937356 3092.738328 3079.973631 3080.744786 3070.023990 3046.907932 3032.001647 3022.642644 3005.467329 2978.053923 2928.636700 2846.459893 2815.033453 2837.658046 2791.140635 2746.708910 2692.264719 2638.249710 2638.810763 2661.040013 2650.713652 2629.998823 2612.564765 2641.557727 2664.366646 2678.259666 2664.257945 2672.976596 2708.316006 2760.432571 2809.075030 2862.289220 2811.251341 2852.021178 2892.573588 2916.263939 2958.179979 2983.508369 3024.166690 3092.782945 3168.256931 3200.780675 3234.120821 3264.387701 3285.634299 3243.654466 3216.161024 3193.414797 3171.983810 3126.906764 3082.264396 3041.810022 2979.296199 2926.395572 -9999.0 -9999.0 -9999.0 -9999.0 -9999.0 -9999.0 -9999.0
-9999.0 1585.670423 1788.411291 1994.746440 2260.684188 2502.219217 2728.988700 2838.515342 2831.416267 2889.231886 2936.072842 2971.631561 2984.264811 3004.895149 2982.170921 2953.254479 2922.084127 2926.373227 2918.833330 2896.785536 2868.652998 2855.275905 2852.972065 2847.880422 2826.265433 2815.358060 2808.502956 2887.263140 2859.134726 2801.272426 2720.724817 2640.087095 2581.887120 2555.111505 2526.428059 2493.915383 2462.116601 2472.210670 2482.833123 2482.624849 2475.108995 2474.440106 2503.624423 2522.570131 2532.698911 2522.400091 2542.245368 2568.587930 2610.347448 2657.476688 2709.247485 2764.560058 2820.835064 2851.788190 2866.443987 2890.070182 2808.259183 2852.913076 2930.449182 2999.221077 3073.037089 3116.951618 3166.422782 3203.430756 3229.824032 3257.737333 3277.701473 3268.898503 3244.454521 3212.082247 3156.049601 -9999.0 -9999.0 -9999.0 -9999.0 -9999.0 -9999.0 -9999.0 -9999.0 -9999.0
-9999.0 -9999.0 1560.236081 1722.438008 1835.819886 2007.510387 2157.260146 2271.417261 2374.614173 2514.732604 2636.897491 2733.279031 2779.915583 2798.710674 2787.933377 2762.621625 2745.398150 2744.524768 2730.945348 2718.847803 2696.993254 2685.055043 2667.136319 2656.665133 2648.638311 2645.097579 2641.147749 2633.031283 2613.352510 2567.450046 2522.967190 2473.568773 2421.411813 2396.079021 2374.287966 2353.554200 2354.086977 2348.330194 2353.125211 2355.548264 2364.356494 2378.167647 2398.008510 2421.036962 2431.228329 2441.632712 2454.156474 2478.120378 2511.446616 2554.508004 2610.036610 2671.207739 2713.724384 2728.698338 2720.349205 2725.410453 2742.901448 2785.859589 2866.107731 2822.257926 2910.739227 2975.694609 3024.889410 3079.244982 3104.912212 3141.098917 3207.559360 3255.346910 3294.636989 3272.439090 -9999.0 -9999.0 -9999.0 -9999.0 -9999.0 -9999.0 -9999.0 -9999.0 -9999.0 -9999.0
-9999.0 -9999.0 -9999.0 -9999.0 1584.250840 1735.594474 1835.085556 1918.811761 2054.353024 2185.037386 2292.812805 2380.794312 2449.094362 2478.145096 2479.520624 2493.931467 2492.315803 2483.604149 2471.268993 2471.014187 2470.097393 2459.988880 2441.670420 2433.337583 2435.003054 2441.159365 2438.801949 2425.574309 2407.100197 2388.653958 2371.400037 2337.958332 2303.335254 2274.082811 2260.581253 2255.553099 2254.749640 2246.686211 2254.897539 2263.259223 2279.050520 2294.354463 2318.042162 2347.406100 2362.058724 2377.281900 2387.044897 2407.336811 2438.544463 2492.836458 2557.606550 2616.757975 2655.917485 2662.476993 2640.304228 2625.979489 2622.944705 2651.827447 2698.758451 2766.014874 2872.322802 2813.681069 2861.448628 2902.801086 2939.810131 2984.866691 3075.393545 3154.398578 -9999.0 -9999.0 -9999.0 -9999.0 -9999.0 -9999.0 -9999.0 -9999.0 -9999.0 -9999.0 -9999.0 -9999.0
-9999.0 -9999.0 -9999.0 -9999.0 -9999.0 -9999.0 1556.732011 1662.587620 1736.864086 1887.180932 2029.661188 2137.279126 2221.444545 2257.355487 2290.170140 2320.417615 2320.440064 2300.251255 2277.899108 2296.326770 2310.945470 2302.281322 2269.144220 2268.646613 2274.054424 2281.643464 2279.103806 2272.970012 2248.010542 2262.261269 2264.517529 2240.920511 2214.735770 2200.984486 2188.759243 2197.971120 2197.635673 2183.182335 2182.528004 2210.043693 2230.915135 2243.989633 2265.397627 2298.714975 2331.419915 2347.354973 2349.024949 2355.031401 2393.890766 2464.608281 2537.878793 2595.150450 2629.714581 2639.720404 2615.871746 2577.585335 2559.500085 2568.765304 2605.535765 2659.614031 2740.219150 2793.860026 2823.956550 2842.035947 2864.387176 2800.779171 -9999.0 -9999.0 -9999.0 -9999.0 -9999.0 -9999.0 -9999.0 -9999.0 -9999.0 -9999.0 -9999.0 -9999.0 -9999.0 -9999.0
-9999.0 -9999.0 -9999.0 -9999.0 -9999.0 -9999.0 -9999.0 -9999.0 -9999.0 -9999.0 -9999.0 -9999.0 -9999.0 -9999.0 -9999.0 -9999.0 -9999.0 -9999.0 -9999.0 -9999.0 -9999.0 -9999.0 -9999.0 -9999.0 -9999.0 -9999.0 -9999.0 -9999.0 -9999.0 -9999.0 -9999.0 -9999.0 -9999.0 -9999.0 -9999.0 -9999.0 -9999.0 -9999.0 -9999.0 -9999.0 -9999.0 -9999.0 -9999.0 -9999.0 -9999.0 -9999.0 -9999.0 -9999.0 -9999.0 -9999.0 -9999.0 -9999.0 -9999.0 -9999.0 -9999.0 -9999.0 -9999.0 -9999.0 -9999.0 -9999.0 -9999.0 -9999.0 -9999.0 -9999.0 -9999.0 -9999.0 -9999.0 -9999.0 -9999.0 -9999.0 -9999.0 -9999.0 -9999.0 -9999.0 -9999.0 -9999.0 -9999.0 -9999.0 -9999.0 -9999.0
-9999.0 -9999.0 -9999.0 -9999.0 -9999.0 -9999.0 -9999.0 -9999.0 -9999.0 -9999.0 -9999.0 -9999.0 -9999.0 -9999.0 -9999.0 -9999.0 -9999.0 -9999.0 -9999.0 -9999.0 -9999.0 -9999.0 -9999.0 -9999.0 -9999.0 -9999.0 -9999.0 -9999.0 -9999.0 -9999.0 -9999.0 -9999.0 -9999.0 -9999.0 -9999.0 -9999.0 -9999.0 -9999.0 -9999.0 -9999.0 -9999.0 -9999.0 -9999.0 -9999.0 -9999.0 -9999.0 -9999.0 -9999.0 -9999.0 -9999.0 -9999.0 -9999.0 -9999.0 -9999.0 -9999.0 -9999.0 -9999.0 -9999.0 -9999.0 -9999.0 -9999.0 -9999.0 -9999.0 -9999.0 -9999.0 -9999.0 -9999.0 -9999.0 -9999.0 -9999.0 -9999.0 -9999.0 -9999.0 -9999.0 -9999.0 -9999.0 -9999.0 -9999.0 -9999.0 -9999.0