Borden_/Borden1m_014/output_maps/psiliqL0025N0040.asc
ncols         80
nrows         18
xllcorner     620200.000000
yllcorner     5168000.000000
cellsize      1.000000
NODATA_value  -9999.0
-9999.0 -9999.0 -9999.0 -9999.0 -9999.0 -9999.0 -9999.0 -9999.0 -9999.0 -9999.0 -9999.0 -9999.0 -9999.0 -9999.0 -9999.0 -9999.0 -9999.0 -9999.0 -9999.0 -9999.0 -9999.0 -9999.0 -9999.0 -9999.0 -9999.0 -9999.0 -9999.0 -9999.0 -9999.0 -9999.0 -9999.0 -9999.0 -9999.0 -9999.0 -9999.0 -9999.0 -9999.0 -9999.0 -9999.0 -9999.0 -9999.0 -9999.0 -9999.0 -9999.0 -9999.0 -9999.0 -9999.0 -9999.0 -9999.0 -9999.0 -9999.0 -9999.0 -9999.0 -9999.0 -9999.0 -9999.0 -9999.0 -9999.0 -9999.0 -9999.0 -9999.0 -9999.0 -9999.0 -9999.0 -9999.0 -9999.0 -9999.0 -9999.0 -9999.0 -9999.0 -9999.0 -9999.0 -9999.0 -9999.0 -9999.0 -9999.0 -9999.0 -9999.0 -9999.0 -9999.0
-9999.0 -9999.0 -9999.0 -9999.0 -9999.0 -9999.0 -9999.0 -9999.0 -9999.0 -9999.0 -9999.0 -9999.0 -9999.0 -9999.0 -9999.0 -9999.0 -9999.0 -9999.0 -9999.0 -9999.0 -9999.0 -9999.0 -9999.0 -9999.0 -9999.0 -9999.0 -9999.0 -9999.0 -9999.0 -9999.0 -9999.0 -9999.0 -9999.0 -9999.0 -9999.0 -9999.0 -9999.0 -9999.0 -9999.0 -9999.0 -9999.0 -9999.0 -9999.0 -9999.0 -9999.0 -9999.0 -9999.0 -9999.0 -9999.0 -9999.0 -9999.0 -9999.0 -9999.0 -9999.0 -9999.0 -9999.0 -9999.0 -9999.0 -9999.0 -9999.0 -9999.0 -9999.0 -9999.0 -9999.0 -9999.0 -9999.0 -9999.0 -9999.0 -9999.0 -9999.0 -9999.0 -9999.0 -9999.0 -9999.0 -9999.0 -9999.0 -9999.0 -9999.0 -9999.0 -9999.0
-9999.0 -9999.0 -9999.0 -9999.0 -9999.0 -9999.0 -9999.0 -9999.0 -9999.0 -9999.0 -9999.0 -9999.0 -9999.0 -9999.0 -9999.0 -9999.0 -9999.0 -9999.0 -9999.0 -9999.0 3126.910365 3127.963470 3106.198873 3072.043331 3043.710238 3045.405557 3078.233540 3118.629847 3157.120862 3164.457598 3145.276295 3148.802425 3144.185075 3139.683865 3139.887021 3147.420099 3153.835848 3163.434912 3170.338231 3168.040588 3160.683198 3155.585203 3157.909252 3159.561458 3165.746355 3151.597570 3167.429742 3180.290825 3185.146784 3182.544379 3161.877947 3149.899588 3142.035182 3126.666669 3153.247030 3165.082493 3186.749059 3191.602238 3189.973232 3165.009505 3135.131390 -9999.0 -9999.0 -9999.0 -9999.0 -9999.0 -9999.0 -9999.0 -9999.0 -9999.0 -9999.0 -9999.0 -9999.0 -9999.0 -9999.0 -9999.0 -9999.0 -9999.0 -9999.0 -9999.0
-9999.0 -9999.0 -9999.0 -9999.0 -9999.0 -9999.0 -9999.0 -9999.0 -9999.0 -9999.0 -9999.0 -9999.0 -9999.0 -9999.0 3036.911175 3027.993809 3024.950050 3032.092388 3064.382889 3094.394946 3105.979034 3098.348744 3097.970032 3073.089812 3050.138132 3062.512403 3091.519900 3121.491628 3154.431303 3171.527452 3160.189332 3157.356607 3164.166919 3180.473791 3188.350453 3184.594997 3170.280169 3190.665107 3203.684470 3208.049089 3205.905621 3195.980101 3204.800492 3218.761986 3211.706657 3196.490615 3207.263586 3222.202200 3233.300174 3225.258256 3170.805199 3158.720761 3155.880797 3152.109288 3139.450381 3135.912625 3164.404195 3164.307073 3157.392749 3140.589644 3107.706851 3062.828170 3044.334355 3085.189922 3129.202858 3184.694095 -9999.0 -9999.0 -9999.0 -9999.0 -9999.0 -9999.0 -9999.0 -9999.0 -9999.0 -9999.0 -9999.0 -9999.0 -9999.0 -9999.0
-9999.0 -9999.0 -9999.0 -9999.0 -9999.0 -9999.0 -9999.0 -9999.0 -9999.0 2984.497314 2985.538053 2992.222337 2994.318638 3009.206742 3005.805226 3012.422860 3016.270231 3043.049923 3072.154242 3105.261387 3131.800097 3122.252625 3120.537789 3124.352811 3118.879804 3126.457353 3146.327088 3179.427898 3210.317913 3245.171735 3211.473254 3206.320179 3223.488210 3264.556931 3287.706004 3289.612027 3270.929717 3286.942823 3310.207775 3325.867647 3322.232925 3316.212080 3341.859923 3356.872432 3351.128815 3329.862102 3328.295944 3335.686034 3364.935907 3314.775691 3249.656235 3211.448200 3227.363394 3206.554449 3180.811303 3173.035761 3174.031693 3192.336626 3181.098820 3149.943231 3117.174078 3106.029262 3089.710825 3111.003013 3134.697656 3180.198031 3220.425558 3250.573701 3250.437192 3233.460752 -9999.0 -9999.0 -9999.0 -9999.0 -9999.0 -9999.0 -9999.0 -9999.0 -9999.0 -9999.0
-9999.0 -9999.0 -9999.0 -9999.0 -9999.0 -9999.0 2905.356844 2916.030904 2937.033365 2939.986259 2966.613370 2971.990243 2984.060564 3000.794366 3021.998969 3034.447263 3059.083425 3088.455390 3123.897290 3161.043386 3185.361439 3176.376588 3178.236610 3197.338959 3223.873814 3242.562032 3264.562676 3301.553956 3372.400661 3408.280941 3401.150282 3401.832165 3409.911486 3459.881849 3523.566648 3534.555791 3513.957006 3500.814845 3524.105165 3561.235527 3559.522342 3558.329737 3571.056869 3581.742048 3608.493849 3597.825620 3562.121629 3556.525239 3562.936648 3540.796234 3472.737051 3415.834107 3396.999878 3351.649913 3269.374980 3226.800932 3250.231786 3278.177373 3256.900133 3208.195487 3179.059136 3173.988214 3163.324909 3156.692499 3169.393201 3191.007395 3215.514022 3229.814992 3218.423270 3198.064338 3177.417300 3149.445034 3152.194425 3177.279958 -9999.0 -9999.0 -9999.0 -9999.0 -9999.0 -9999.0
-9999.0 -9999.0 -9999.0 -9999.0 2855.379524 2868.429761 2854.031275 2880.399475 2912.689608 2946.540463 2974.182623 2998.208960 3020.636902 3046.755586 3079.377811 3101.238849 3132.958883 3161.974659 3205.338119 3265.789629 3309.454407 3322.659022 3330.702648 3380.577229 3436.410459 3483.217468 3501.648940 3527.194398 3572.236552 3628.416280 3650.632817 3653.471244 3670.345813 3713.097909 3768.786863 3803.711652 3786.156574 3777.227253 3787.071701 3801.157943 3823.293039 3823.368421 3824.478115 3828.501184 3836.001142 3834.343466 3808.002096 3774.700692 3761.816513 3751.835768 3714.392033 3642.757923 3612.433985 3583.888338 3542.335185 3488.728280 3441.068597 3441.887953 3387.890795 3334.265957 3284.606657 3276.699810 3256.701780 3241.092626 3223.921984 3236.312835 3248.445388 3233.742649 3204.303538 3176.373737 3163.572521 3146.161474 3135.078956 3166.315714 3183.893910 3213.563761 -9999.0 -9999.0 -9999.0 -9999.0
-9999.0 -9999.0 2796.029071 2841.536281 2898.687819 2905.070201 2899.064218 2902.357556 2929.130438 2978.669342 3032.315515 3068.677034 3097.259514 3126.730792 3173.646271 3235.235639 3294.569855 3336.389343 3392.838535 3461.395252 3520.030645 3546.692466 3555.518723 3590.652399 3644.894743 3713.318502 3741.092953 3767.354488 3798.832481 3834.932959 3827.815194 3838.651289 3850.852375 3863.087724 3877.567410 3884.435641 3879.653215 3875.069773 3856.558598 3851.466306 3857.967955 3865.819664 3864.947216 3850.340843 3846.373934 3861.299984 3867.416363 3865.412642 3862.722629 3867.727808 3863.641621 3815.824703 3797.273052 3782.203363 3770.782892 3724.883789 3658.549829 3626.068573 3604.943644 3564.481060 3491.485120 3453.930360 3414.744212 3380.196635 3343.425965 3330.129207 3297.808961 3265.914828 3227.471759 3187.042294 3169.288876 3155.016033 3154.725913 3155.467041 3173.252072 3188.662010 3204.680425 3212.788373 -9999.0 -9999.0
-9999.0 2692.797152 2764.452262 2879.242371 2956.809007 2989.264749 2998.132117 3001.358280 3025.641138 3056.447293 3142.558772 3190.292929 3272.262569 3308.552006 3348.682182 3437.386670 3530.663837 3573.343694 3611.658197 3674.428100 3739.441274 3786.178776 3812.332009 3792.973151 3831.946478 3860.482908 3868.212555 3874.942929 3874.675859 3866.191156 3859.586693 3866.296461 3863.380320 3844.291201 3828.303044 3826.584443 3823.202228 3799.966244 3772.516333 3757.144661 3758.632371 3783.479922 3770.439618 3749.106721 3744.706958 3766.303627 3787.502669 3776.867032 3763.764200 3780.298476 3814.773249 3839.385683 3841.011845 3859.409569 3880.493105 3851.663310 3829.962916 3786.404433 3769.607665 3744.280672 3687.745281 3633.023542 3585.170037 3536.930458 3484.733153 3435.795757 3388.428908 3341.927364 3288.862847 3256.295454 3232.164078 3189.502851 3177.697090 3183.378775 3179.034301 3177.591610 3184.001189 3190.638980 -9999.0 -9999.0
-9999.0 2597.429027 2737.013836 2907.303891 3045.654331 3085.748308 3148.255228 3201.468264 3214.578947 3163.447468 3259.878969 3474.353727 3593.506414 3610.205920 3684.717723 3778.527083 3763.113291 3794.089581 3816.922669 3841.455182 3861.201710 3875.063838 3873.224638 3867.928639 3851.519174 3843.532629 3842.674154 3840.593035 3823.285560 3804.411591 3787.670290 3784.607147 3766.850575 3717.956493 3684.962386 3667.739876 3649.240789 3635.692714 3608.339093 3582.528309 3566.422033 3577.114497 3575.016597 3561.445428 3557.022276 3575.168946 3605.993170 3603.718502 3615.004947 3634.496261 3669.870888 3707.708935 3726.874124 3755.806673 3791.255663 3838.765039 3847.875267 3870.212338 3873.259819 3862.304492 3816.134048 3764.921265 3735.680307 3680.635446 3621.188834 3559.705148 3511.130355 3466.657718 3411.806337 3377.849363 3339.098303 3285.819791 3242.833952 3234.820160 3201.542768 3188.389802 -9999.0 -9999.0 -9999.0 -9999.0
-9999.0 2496.580015 2676.741737 2908.209324 3194.344806 3266.162057 3465.093843 3578.000710 3616.515252 3682.864357 3569.683861 3770.641750 3821.702945 3816.255824 3830.376390 3833.302903 3847.386203 3846.844100 3841.775177 3830.832595 3821.345278 3816.851204 3815.760265 3807.866404 3795.286235 3780.719933 3768.893219 3757.578255 3721.193932 3689.482481 3650.802100 3638.483759 3594.722179 3503.624294 3465.080817 3427.143974 3367.194874 3369.500394 3376.356864 3353.234237 3333.911924 3306.433811 3335.470341 3345.701353 3349.691442 3345.575442 3355.474130 3382.678793 3429.740610 3463.676833 3502.316835 3549.844075 3579.843679 3618.732318 3658.471799 3710.494892 3741.356865 3770.070849 3818.509187 3855.406154 3878.033971 3864.259907 3845.303272 3801.128914 3741.179111 3692.040189 3663.370932 3613.318925 3570.108753 3526.686949 3480.461814 3427.946092 3367.072663 3313.513182 3279.655551 -9999.0 -9999.0 -9999.0 -9999.0 -9999.0
-9999.0 2276.303477 2540.413992 2798.418071 3069.046105 3406.065538 3572.414752 3667.074883 3729.489286 3710.318517 3731.687277 3738.510483 3775.338232 3782.285598 3760.846409 3747.268049 3730.022520 3728.933890 3741.963961 3714.814521 3684.814815 3671.610417 3672.484620 3661.789496 3638.125188 3623.259933 3613.982073 3595.746792 3552.999233 3503.383807 3420.287561 3386.886220 3309.990916 3271.047442 3234.889807 3188.648317 3147.859770 3153.392264 3174.755134 3168.770787 3148.320835 3131.472402 3160.644710 3178.149053 3191.152372 3175.172339 3181.742720 3215.741165 3261.743052 3301.598244 3344.977051 3391.775101 3433.015524 3471.993628 3493.052780 3532.486171 3574.105999 3615.333276 3684.951617 3762.561546 3797.978077 3832.276248 3861.491742 3883.235288 3840.584305 3814.015817 3790.550082 3767.416801 3721.584722 3676.431629 3635.911962 3571.887254 3512.441393 -9999.0 -9999.0 -9999.0 -9999.0 -9999.0 -9999.0 -9999.0
-9999.0 2163.219445 2358.022348 2551.778066 2790.773738 3013.405508 3229.505202 3319.710096 3388.604973 3456.473113 3508.475576 3545.375263 3571.025653 3592.343287 3569.703287 3524.355991 3492.464020 3497.360737 3488.844065 3467.833532 3440.326908 3427.545988 3425.174769 3420.514764 3399.448252 3389.299097 3382.697995 3365.607002 3340.408749 3288.422208 3217.690216 3149.061096 3096.078961 3076.624815 3054.344365 3027.857214 3001.409078 3014.931620 3027.771818 3028.012637 3021.609804 3021.859797 3050.895604 3070.480949 3079.936949 3068.993158 3087.069331 3110.113147 3146.858390 3183.153929 3227.209753 3276.621518 3324.419390 3344.314147 3346.474464 3358.110448 3384.841132 3427.765845 3503.625309 3588.937871 3665.546834 3710.553076 3760.957160 3800.544139 3828.253875 3853.862600 3875.675620 3868.292074 3842.720612 3809.611459 3751.430898 -9999.0 -9999.0 -9999.0 -9999.0 -9999.0 -9999.0 -9999.0 -9999.0 -9999.0
-9999.0 -9999.0 2131.944214 2285.780427 2385.190819 2548.859581 2693.520520 2803.657935 2877.345017 3004.000436 3123.834397 3212.497445 3258.084887 3273.348583 3259.430178 3230.874134 3213.550026 3213.220878 3201.736585 3195.410227 3181.111598 3176.089768 3168.508093 3161.449509 3157.494396 3157.090249 3155.230913 3147.658716 3131.469877 3090.754333 3054.223819 3010.784504 2975.769517 2954.318308 2936.252327 2919.329341 2923.421239 2918.777260 2924.458057 2927.543702 2937.261446 2951.520464 2970.921183 2986.572410 2996.072197 3006.072645 3016.807219 3038.214256 3067.816173 3107.455217 3158.314415 3210.380493 3245.596163 3252.023867 3233.881054 3228.736727 3236.734954 3265.398937 3328.409441 3396.353970 3485.109151 3549.957453 3616.387725 3671.889262 3698.282813 3734.652037 3804.248431 3852.228779 3893.923551 3871.564793 -9999.0 -9999.0 -9999.0 -9999.0 -9999.0 -9999.0 -9999.0 -9999.0 -9999.0 -9999.0
-9999.0 -9999.0 -9999.0 -9999.0 2146.570671 2294.094879 2391.918199 2472.409053 2607.366121 2739.788984 2815.646910 2902.018244 2970.648356 2983.068181 2983.205859 2999.504297 2998.509919 2989.554227 2978.867240 2983.714069 2988.661859 2983.027357 2980.964245 2975.188067 2979.470385 2987.896367 2986.895459 2975.013174 2958.098755 2944.626705 2932.452317 2902.807773 2871.837853 2845.740562 2834.821258 2832.604805 2833.487307 2826.258198 2835.099928 2844.181207 2860.357089 2875.632255 2899.169414 2928.657140 2943.354794 2958.051905 2966.670246 2985.144800 3007.268700 3058.253330 3119.545878 3175.508591 3207.151757 3207.185579 3180.569550 3158.868550 3146.535484 3164.044424 3189.971233 3240.563181 3329.277248 3390.261227 3435.529824 3474.271524 3510.467325 3574.912506 3668.592208 3749.391230 -9999.0 -9999.0 -9999.0 -9999.0 -9999.0 -9999.0 -9999.0 -9999.0 -9999.0 -9999.0 -9999.0 -9999.0
-9999.0 -9999.0 -9999.0 -9999.0 -9999.0 -9999.0 2123.265340 2229.440925 2297.984484 2452.217998 2599.043087 2709.262044 2795.033409 2832.548176 2829.325050 2859.436400 2860.125658 2840.029560 2818.337895 2840.197169 2859.456125 2853.254187 2821.420870 2823.351234 2831.041851 2839.801127 2838.386594 2833.796947 2810.772029 2829.001691 2835.014260 2814.162936 2790.869427 2800.550742 2789.088803 2798.847357 2798.791153 2784.235528 2783.085394 2795.407146 2816.531235 2829.518854 2850.575545 2883.772563 2916.245134 2931.874627 2932.691538 2937.287356 2973.736923 3035.691861 3106.119112 3160.663549 3189.656740 3194.057590 3165.078021 3120.262083 3094.115688 3093.042420 3117.327085 3156.703545 3213.778749 3249.643328 3260.608183 3261.582485 3273.609520 3371.541358 -9999.0 -9999.0 -9999.0 -9999.0 -9999.0 -9999.0 -9999.0 -9999.0 -9999.0 -9999.0 -9999.0 -9999.0 -9999.0 -9999.0
-9999.0 -9999.0 -9999.0 -9999.0 -9999.0 -9999.0 -9999.0 -9999.0 -9999.0 -9999.0 -9999.0 -9999.0 -9999.0 -9999.0 -9999.0 -9999.0 -9999.0 -9999.0 -9999.0 -9999.0 -9999.0 -9999.0 -9999.0 -9999.0 -9999.0 -9999.0 -9999.0 -9999.0 -9999.0 -9999.0 -9999.0 -9999.0 -9999.0 -9999.0 -9999.0 -9999.0 -9999.0 -9999.0 -9999.0 -9999.0 -9999.0 -9999.0 -9999.0 -9999.0 -9999.0 -9999.0 -9999.0 -9999.0 -9999.0 -9999.0 -9999.0 -9999.0 -9999.0 -9999.0 -9999.0 -9999.0 -9999.0 -9999.0 -9999.0 -9999.0 -9999.0 -9999.0 -9999.0 -9999.0 -9999.0 -9999.0 -9999.0 -9999.0 -9999.0 -9999.0 -9999.0 -9999.0 -9999.0 -9999.0 -9999.0 -9999.0 -9999.0 -9999.0 -9999.0 -9999.0
-9999.0 -9999.0 -9999.0 -9999.0 -9999.0 -9999.0 -9999.0 -9999.0 -9999.0 -9999.0 -9999.0 -9999.0 -9999.0 -9999.0 -9999.0 -9999.0 -9999.0 -9999.0 -9999.0 -9999.0 -9999.0 -9999.0 -9999.0 -9999.0 -9999.0 -9999.0 -9999.0 -9999.0 -9999.0 -9999.0 -9999.0 -9999.0 -9999.0 -9999.0 -9999.0 -9999.0 -9999.0 -9999.0 -9999.0 -9999.0 -9999.0 -9999.0 -9999.0 -9999.0 -9999.0 -9999.0 -9999.0 -9999.0 -9999.0 -9999.0 -9999.0 -9999.0 -9999.0 -9999.0 -9999.0 -9999.0 -9999.0 -9999.0 -9999.0 -9999.0 -9999.0 -9999.0 -9999.0 -9999.0 -9999.0 -9999.0 -9999.0 -9999.0 -9999.0 -9999.0 -9999.0 -9999.0 -9999.0 -9999.0 -9999.0 -9999.0 -9999.0 -9999.0 -9999.0 -9999.0