Borden_/Borden1m_014/output_maps/psiliqL0001N0001.asc
ncols         80
nrows         18
xllcorner     620200.000000
yllcorner     5168000.000000
cellsize      1.000000
NODATA_value  -9999.0
-9999.0 -9999.0 -9999.0 -9999.0 -9999.0 -9999.0 -9999.0 -9999.0 -9999.0 -9999.0 -9999.0 -9999.0 -9999.0 -9999.0 -9999.0 -9999.0 -9999.0 -9999.0 -9999.0 -9999.0 -9999.0 -9999.0 -9999.0 -9999.0 -9999.0 -9999.0 -9999.0 -9999.0 -9999.0 -9999.0 -9999.0 -9999.0 -9999.0 -9999.0 -9999.0 -9999.0 -9999.0 -9999.0 -9999.0 -9999.0 -9999.0 -9999.0 -9999.0 -9999.0 -9999.0 -9999.0 -9999.0 -9999.0 -9999.0 -9999.0 -9999.0 -9999.0 -9999.0 -9999.0 -9999.0 -9999.0 -9999.0 -9999.0 -9999.0 -9999.0 -9999.0 -9999.0 -9999.0 -9999.0 -9999.0 -9999.0 -9999.0 -9999.0 -9999.0 -9999.0 -9999.0 -9999.0 -9999.0 -9999.0 -9999.0 -9999.0 -9999.0 -9999.0 -9999.0 -9999.0
-9999.0 -9999.0 -9999.0 -9999.0 -9999.0 -9999.0 -9999.0 -9999.0 -9999.0 -9999.0 -9999.0 -9999.0 -9999.0 -9999.0 -9999.0 -9999.0 -9999.0 -9999.0 -9999.0 -9999.0 -9999.0 -9999.0 -9999.0 -9999.0 -9999.0 -9999.0 -9999.0 -9999.0 -9999.0 -9999.0 -9999.0 -9999.0 -9999.0 -9999.0 -9999.0 -9999.0 -9999.0 -9999.0 -9999.0 -9999.0 -9999.0 -9999.0 -9999.0 -9999.0 -9999.0 -9999.0 -9999.0 -9999.0 -9999.0 -9999.0 -9999.0 -9999.0 -9999.0 -9999.0 -9999.0 -9999.0 -9999.0 -9999.0 -9999.0 -9999.0 -9999.0 -9999.0 -9999.0 -9999.0 -9999.0 -9999.0 -9999.0 -9999.0 -9999.0 -9999.0 -9999.0 -9999.0 -9999.0 -9999.0 -9999.0 -9999.0 -9999.0 -9999.0 -9999.0 -9999.0
-9999.0 -9999.0 -9999.0 -9999.0 -9999.0 -9999.0 -9999.0 -9999.0 -9999.0 -9999.0 -9999.0 -9999.0 -9999.0 -9999.0 -9999.0 -9999.0 -9999.0 -9999.0 -9999.0 -9999.0 -635.516879 -634.227977 -637.653887 -641.812165 -645.290295 -645.568912 -641.594670 -636.908842 -631.788795 -630.653448 -634.338643 -633.582249 -634.948481 -635.607988 -635.539595 -634.487493 -633.987240 -632.335966 -631.223357 -631.570947 -632.732396 -633.615562 -634.217816 -633.860768 -632.657370 -634.421454 -631.833089 -629.170021 -628.160521 -628.425743 -632.302826 -634.071139 -634.791452 -637.641404 -632.502380 -630.740071 -626.700448 -626.175269 -625.671272 -630.214463 -634.814947 -9999.0 -9999.0 -9999.0 -9999.0 -9999.0 -9999.0 -9999.0 -9999.0 -9999.0 -9999.0 -9999.0 -9999.0 -9999.0 -9999.0 -9999.0 -9999.0 -9999.0 -9999.0 -9999.0
-9999.0 -9999.0 -9999.0 -9999.0 -9999.0 -9999.0 -9999.0 -9999.0 -9999.0 -9999.0 -9999.0 -9999.0 -9999.0 -9999.0 -643.292802 -645.059221 -645.849532 -646.068255 -642.464641 -639.489863 -638.977488 -640.738570 -639.553160 -643.248819 -646.499107 -644.488159 -641.296220 -638.338342 -634.014791 -630.906696 -633.538544 -634.186563 -632.614149 -627.484484 -625.082366 -626.007258 -631.504497 -626.222658 -623.251137 -621.371713 -621.613920 -624.050285 -620.488619 -616.404182 -618.395547 -622.729850 -621.852754 -619.288832 -615.335012 -617.826460 -631.928642 -634.067789 -633.617805 -633.679203 -635.782532 -637.133530 -631.905770 -632.393603 -633.402450 -634.892009 -638.580300 -644.178009 -646.586526 -641.008792 -635.606780 -625.741963 -9999.0 -9999.0 -9999.0 -9999.0 -9999.0 -9999.0 -9999.0 -9999.0 -9999.0 -9999.0 -9999.0 -9999.0 -9999.0 -9999.0
-9999.0 -9999.0 -9999.0 -9999.0 -9999.0 -9999.0 -9999.0 -9999.0 -9999.0 -647.125260 -647.471112 -646.908160 -647.886178 -646.209574 -648.477856 -647.803967 -648.009750 -645.451963 -643.043698 -639.374400 -635.073299 -637.837521 -638.154310 -635.977695 -635.461064 -634.308428 -632.002579 -624.976486 -617.050194 -606.209679 -615.334621 -615.939187 -611.477509 -597.019993 -584.046141 -580.485879 -587.533276 -587.294932 -578.145914 -568.166509 -569.016707 -569.999240 -560.142845 -554.945831 -551.067825 -558.908875 -567.138548 -568.406229 -556.384937 -577.214869 -598.044719 -613.707955 -611.451932 -618.691008 -627.152648 -630.639352 -631.554067 -625.818583 -628.290960 -634.262692 -639.318528 -638.545297 -641.160066 -638.548737 -636.236834 -628.513422 -621.619405 -615.318307 -615.027237 -618.929978 -9999.0 -9999.0 -9999.0 -9999.0 -9999.0 -9999.0 -9999.0 -9999.0 -9999.0 -9999.0
-9999.0 -9999.0 -9999.0 -9999.0 -9999.0 -9999.0 -651.340772 -651.381995 -650.166544 -652.892706 -650.454706 -651.669437 -649.806482 -648.741105 -647.281056 -646.770104 -643.553044 -640.483410 -635.592818 -629.399784 -623.977057 -626.230888 -624.732070 -617.544786 -606.496147 -597.384108 -590.876077 -578.888380 -547.575689 -527.549452 -519.317785 -516.375706 -510.472742 -476.388066 -423.269439 -406.598925 -425.318010 -440.195473 -426.872291 -397.000601 -389.565946 -389.913752 -384.999829 -377.384558 -346.194327 -351.724025 -392.883884 -410.450637 -417.257953 -423.164532 -465.403355 -512.407552 -534.733221 -555.168284 -585.544166 -604.708684 -604.340026 -598.694884 -606.883167 -619.342999 -627.318499 -627.813982 -629.605893 -632.403520 -631.105451 -627.894265 -623.235931 -620.454510 -622.668836 -625.904587 -628.707642 -633.623757 -632.942568 -628.269048 -9999.0 -9999.0 -9999.0 -9999.0 -9999.0 -9999.0
-9999.0 -9999.0 -9999.0 -9999.0 -656.539381 -655.049168 -659.208672 -656.613757 -654.359565 -652.463555 -651.772144 -648.678334 -647.353768 -644.944814 -640.321915 -636.410862 -630.247373 -625.389516 -614.065416 -595.423573 -578.319161 -568.407243 -564.012586 -537.036336 -501.907650 -461.447954 -446.895432 -428.132507 -398.967953 -337.580783 -296.503557 -279.200416 -148.606999 3.017079 3.653931 4.054327 3.807639 3.762558 3.833188 3.892472 4.180525 4.109037 4.127679 4.135052 4.217191 4.292864 3.986033 3.683995 3.600204 3.509763 2.835433 -310.749286 -369.023446 -391.146042 -406.195623 -445.344951 -503.692588 -517.614711 -544.693568 -566.479953 -590.644491 -597.523431 -605.999789 -611.593271 -618.959576 -617.833001 -616.068730 -620.035226 -625.443606 -630.665826 -631.798194 -634.221082 -636.474568 -630.530649 -628.078808 -621.685610 -9999.0 -9999.0 -9999.0 -9999.0
-9999.0 -9999.0 -657.546187 -656.790943 -652.323941 -654.377459 -655.676011 -657.431841 -656.122822 -651.639551 -643.291898 -639.000916 -633.241057 -629.809522 -618.315050 -596.135736 -571.663126 -554.065347 -528.282373 -488.437255 -441.144092 -413.500231 -400.514411 -368.241971 -299.770139 2.813187 3.466056 3.681561 3.896286 4.156976 4.583366 5.295312 7.729567 5.803475 6.030747 6.069827 6.007532 5.680371 5.103992 5.020414 5.546521 5.690913 7.326571 5.110592 4.907512 5.631222 5.939920 5.710944 5.497155 5.587728 7.334794 4.485857 3.782547 3.715751 3.678524 2.847371 -304.294378 -366.760001 -380.161074 -411.228742 -472.437468 -509.499379 -536.739938 -558.529871 -578.320575 -588.205060 -601.875702 -611.286356 -620.340161 -628.744428 -631.735640 -633.695141 -632.885669 -633.462304 -630.257894 -627.659490 -624.206049 -622.790054 -9999.0 -9999.0
-9999.0 -659.753355 -660.234347 -652.013254 -649.399467 -647.058642 -644.334611 -642.060375 -639.670391 -641.124453 -621.482183 -595.047740 -564.798980 -555.901511 -530.406664 -471.115025 -404.827177 -370.934635 -338.589428 -234.056285 3.052634 3.786223 3.978186 4.470018 7.347423 5.982433 6.060918 6.240393 5.510375 5.209042 4.730056 4.979346 4.895688 4.657506 4.139920 4.110894 4.094039 3.871695 3.644436 3.530760 3.564530 3.845809 3.688562 3.492908 3.450041 3.643935 3.848002 3.706352 3.538580 3.680549 4.000397 4.306646 4.994759 5.257663 7.568366 5.071848 4.184307 3.733971 3.607105 3.012471 -266.652800 -366.059898 -413.643258 -460.445991 -502.539769 -538.624644 -563.075195 -582.518838 -601.524003 -610.040541 -615.737132 -626.802836 -630.163764 -628.250642 -629.790790 -630.015802 -628.601537 -627.441480 -9999.0 -9999.0
-9999.0 -666.860756 -659.330165 -649.476809 -637.322740 -633.874226 -608.379396 -584.311022 -576.517186 -583.556251 -543.012785 -398.431550 -326.326414 -320.747169 2.682774 3.837955 4.324872 4.775780 7.004992 4.969923 5.081729 6.926939 5.461184 4.960254 4.702216 4.683838 4.762909 4.752411 4.511985 3.972329 3.749436 3.761723 3.581821 2.806278 -265.751912 -299.187153 -309.871068 -337.968412 -377.832357 -401.753386 -410.538578 -387.255473 -399.606415 -419.559062 -424.054435 -401.580062 -368.762170 -381.140973 -383.322108 -363.794949 -314.568072 -209.222152 2.891568 3.467602 3.804746 4.569361 5.000349 5.583850 7.211204 4.915796 4.094414 3.535678 2.875905 -301.600980 -386.986257 -448.446108 -484.285750 -514.118959 -544.027049 -562.379873 -580.030291 -597.812819 -613.125291 -617.454666 -625.589455 -627.708554 -9999.0 -9999.0 -9999.0 -9999.0
-9999.0 -667.996723 -660.069714 -642.376343 -604.761716 -569.683028 -465.257907 -361.827277 -289.610504 2.861938 3.535010 4.528237 5.769290 4.664041 4.782336 4.755223 4.885314 4.830400 4.641425 4.516807 4.100900 4.024406 4.029121 3.953649 3.856113 3.740193 3.636352 3.493493 2.499025 -289.915832 -337.340306 -349.254331 -378.290667 -456.796789 -488.687059 -506.256135 -533.183404 -536.200878 -542.629121 -556.025845 -562.935332 -567.833973 -561.075451 -562.711885 -563.378411 -559.650230 -550.288110 -544.470062 -526.468072 -508.914410 -482.200554 -447.144795 -423.079319 -385.965928 -332.279601 -27.770710 3.270370 3.612309 4.112398 4.967744 7.173996 5.365917 4.685870 3.922978 2.897216 -285.717881 -334.630602 -387.247006 -428.821636 -468.901959 -502.773992 -535.004286 -564.351307 -594.308821 -604.996127 -9999.0 -9999.0 -9999.0 -9999.0 -9999.0
-9999.0 -678.346726 -661.002705 -645.382977 -589.134179 -422.912636 -362.201721 -8.838750 3.638588 3.323696 3.168606 3.287679 3.651090 3.717040 3.533874 3.502871 3.384146 3.349914 3.484558 2.775694 -266.556054 -298.031611 -298.270484 -318.586379 -348.198612 -367.304153 -378.871757 -394.197732 -435.525539 -471.514655 -520.236908 -527.807710 -559.142912 -584.099178 -597.562533 -609.484579 -621.463495 -621.280466 -617.028544 -620.853812 -625.205934 -629.551486 -624.195019 -621.536941 -619.195372 -621.905301 -620.829216 -613.413431 -601.678290 -590.630006 -575.183897 -555.258449 -537.168216 -511.825364 -491.051926 -452.246992 -416.022538 -376.215392 -263.481966 3.185336 3.831443 4.423704 5.163043 7.386594 4.837892 3.984319 3.682333 3.397034 -6.103596 -310.512141 -370.003492 -428.582540 -479.338399 -9999.0 -9999.0 -9999.0 -9999.0 -9999.0 -9999.0 -9999.0
-9999.0 -684.027653 -666.402500 -661.351762 -636.092240 -594.577171 -540.707543 -481.435001 -432.067817 -443.215558 -437.487219 -418.325068 -392.405214 -374.006436 -400.250096 -432.850060 -455.661251 -453.165076 -452.176851 -473.294127 -496.170036 -506.093296 -505.696759 -509.838864 -524.947572 -533.054041 -537.835751 -547.765283 -562.697219 -581.398680 -605.657407 -620.109392 -630.998682 -635.413578 -638.728236 -642.191789 -647.935971 -645.130699 -642.756948 -643.400608 -645.234530 -646.475926 -642.195243 -640.429451 -639.049450 -642.511912 -639.782478 -636.881924 -630.980801 -624.850829 -616.483909 -604.756448 -590.554958 -581.782143 -577.097005 -566.435911 -549.952041 -524.283860 -470.628539 -394.656034 -320.352165 -75.255281 3.355940 3.855135 4.158140 5.171513 6.629725 4.593281 3.915220 3.559742 3.338613 -9999.0 -9999.0 -9999.0 -9999.0 -9999.0 -9999.0 -9999.0 -9999.0 -9999.0
-9999.0 -9999.0 -687.797463 -680.030775 -672.576409 -663.520501 -652.016765 -641.964061 -635.149224 -621.349802 -602.382700 -582.294575 -569.870868 -564.287748 -571.902484 -587.261695 -595.969584 -595.216710 -597.575568 -601.549887 -608.471745 -610.260876 -612.075337 -613.424485 -616.647698 -618.163446 -618.910878 -620.525622 -624.082700 -631.783436 -638.881043 -644.185346 -649.737630 -650.242841 -651.410683 -653.325021 -652.227653 -652.549172 -652.010956 -652.194213 -651.756452 -650.851585 -649.586545 -647.989188 -647.706812 -647.238013 -646.520089 -644.679302 -641.862419 -638.096633 -631.550877 -622.587186 -615.766839 -613.989682 -617.091393 -616.082229 -611.432139 -601.046094 -573.484209 -538.310937 -489.535127 -443.090567 -378.536323 -312.539427 -245.515591 2.860926 3.742902 4.336845 3.035577 3.892300 -9999.0 -9999.0 -9999.0 -9999.0 -9999.0 -9999.0 -9999.0 -9999.0 -9999.0 -9999.0
-9999.0 -9999.0 -9999.0 -9999.0 -690.781586 -680.157847 -670.583500 -670.432991 -662.802909 -657.193545 -651.710942 -645.653814 -640.835970 -638.005031 -641.011810 -641.922401 -642.774286 -642.498122 -643.320651 -644.192373 -644.704734 -645.352724 -646.092426 -646.919352 -646.712594 -646.043466 -645.939266 -647.336662 -647.786940 -650.504044 -651.353160 -653.289079 -655.149382 -656.996480 -656.902963 -657.133506 -656.504685 -657.247037 -656.103484 -656.595666 -655.607539 -655.019706 -653.690249 -651.679249 -651.984646 -650.851580 -650.604350 -649.032353 -647.840231 -643.428082 -636.685520 -629.192511 -624.167083 -624.227799 -630.011915 -632.682954 -633.951305 -629.867487 -622.666413 -608.518548 -578.983151 -552.384669 -521.722263 -489.964881 -461.850644 -411.322963 -315.114606 3.316108 -9999.0 -9999.0 -9999.0 -9999.0 -9999.0 -9999.0 -9999.0 -9999.0 -9999.0 -9999.0 -9999.0 -9999.0
-9999.0 -9999.0 -9999.0 -9999.0 -9999.0 -9999.0 -686.707270 -681.444259 -682.321439 -677.624600 -673.133727 -669.396522 -664.557832 -664.504881 -663.126823 -659.915569 -660.391209 -662.046308 -664.043851 -661.268412 -659.982999 -659.831478 -663.055653 -662.310833 -661.939423 -660.723551 -660.843171 -660.489052 -663.214419 -660.276587 -658.917737 -659.760492 -660.601891 -660.228847 -660.949504 -659.034780 -658.803141 -660.388657 -660.790339 -658.416452 -657.574699 -657.689315 -656.975345 -655.073794 -652.541127 -651.983423 -652.860367 -653.968451 -651.070495 -644.743121 -637.557806 -631.227524 -627.152019 -625.983016 -631.122589 -638.030509 -641.543565 -641.738788 -638.318726 -631.934267 -618.461235 -608.987614 -602.045438 -596.387763 -588.408946 -549.951239 -9999.0 -9999.0 -9999.0 -9999.0 -9999.0 -9999.0 -9999.0 -9999.0 -9999.0 -9999.0 -9999.0 -9999.0 -9999.0 -9999.0
-9999.0 -9999.0 -9999.0 -9999.0 -9999.0 -9999.0 -9999.0 -9999.0 -9999.0 -9999.0 -9999.0 -9999.0 -9999.0 -9999.0 -9999.0 -9999.0 -9999.0 -9999.0 -9999.0 -9999.0 -9999.0 -9999.0 -9999.0 -9999.0 -9999.0 -9999.0 -9999.0 -9999.0 -9999.0 -9999.0 -9999.0 -9999.0 -9999.0 -9999.0 -9999.0 -9999.0 -9999.0 -9999.0 -9999.0 -9999.0 -9999.0 -9999.0 -9999.0 -9999.0 -9999.0 -9999.0 -9999.0 -9999.0 -9999.0 -9999.0 -9999.0 -9999.0 -9999.0 -9999.0 -9999.0 -9999.0 -9999.0 -9999.0 -9999.0 -9999.0 -9999.0 -9999.0 -9999.0 -9999.0 -9999.0 -9999.0 -9999.0 -9999.0 -9999.0 -9999.0 -9999.0 -9999.0 -9999.0 -9999.0 -9999.0 -9999.0 -9999.0 -9999.0 -9999.0 -9999.0
-9999.0 -9999.0 -9999.0 -9999.0 -9999.0 -9999.0 -9999.0 -9999.0 -9999.0 -9999.0 -9999.0 -9999.0 -9999.0 -9999.0 -9999.0 -9999.0 -9999.0 -9999.0 -9999.0 -9999.0 -9999.0 -9999.0 -9999.0 -9999.0 -9999.0 -9999.0 -9999.0 -9999.0 -9999.0 -9999.0 -9999.0 -9999.0 -9999.0 -9999.0 -9999.0 -9999.0 -9999.0 -9999.0 -9999.0 -9999.0 -9999.0 -9999.0 -9999.0 -9999.0 -9999.0 -9999.0 -9999.0 -9999.0 -9999.0 -9999.0 -9999.0 -9999.0 -9999.0 -9999.0 -9999.0 -9999.0 -9999.0 -9999.0 -9999.0 -9999.0 -9999.0 -9999.0 -9999.0 -9999.0 -9999.0 -9999.0 -9999.0 -9999.0 -9999.0 -9999.0 -9999.0 -9999.0 -9999.0 -9999.0 -9999.0 -9999.0 -9999.0 -9999.0 -9999.0 -9999.0