Borden_/Borden1m_014/output_maps/psiliqL0000N0010.asc
ncols         80
nrows         18
xllcorner     620200.000000
yllcorner     5168000.000000
cellsize      1.000000
NODATA_value  -9999.0
-9999.0 -9999.0 -9999.0 -9999.0 -9999.0 -9999.0 -9999.0 -9999.0 -9999.0 -9999.0 -9999.0 -9999.0 -9999.0 -9999.0 -9999.0 -9999.0 -9999.0 -9999.0 -9999.0 -9999.0 -9999.0 -9999.0 -9999.0 -9999.0 -9999.0 -9999.0 -9999.0 -9999.0 -9999.0 -9999.0 -9999.0 -9999.0 -9999.0 -9999.0 -9999.0 -9999.0 -9999.0 -9999.0 -9999.0 -9999.0 -9999.0 -9999.0 -9999.0 -9999.0 -9999.0 -9999.0 -9999.0 -9999.0 -9999.0 -9999.0 -9999.0 -9999.0 -9999.0 -9999.0 -9999.0 -9999.0 -9999.0 -9999.0 -9999.0 -9999.0 -9999.0 -9999.0 -9999.0 -9999.0 -9999.0 -9999.0 -9999.0 -9999.0 -9999.0 -9999.0 -9999.0 -9999.0 -9999.0 -9999.0 -9999.0 -9999.0 -9999.0 -9999.0 -9999.0 -9999.0
-9999.0 -9999.0 -9999.0 -9999.0 -9999.0 -9999.0 -9999.0 -9999.0 -9999.0 -9999.0 -9999.0 -9999.0 -9999.0 -9999.0 -9999.0 -9999.0 -9999.0 -9999.0 -9999.0 -9999.0 -9999.0 -9999.0 -9999.0 -9999.0 -9999.0 -9999.0 -9999.0 -9999.0 -9999.0 -9999.0 -9999.0 -9999.0 -9999.0 -9999.0 -9999.0 -9999.0 -9999.0 -9999.0 -9999.0 -9999.0 -9999.0 -9999.0 -9999.0 -9999.0 -9999.0 -9999.0 -9999.0 -9999.0 -9999.0 -9999.0 -9999.0 -9999.0 -9999.0 -9999.0 -9999.0 -9999.0 -9999.0 -9999.0 -9999.0 -9999.0 -9999.0 -9999.0 -9999.0 -9999.0 -9999.0 -9999.0 -9999.0 -9999.0 -9999.0 -9999.0 -9999.0 -9999.0 -9999.0 -9999.0 -9999.0 -9999.0 -9999.0 -9999.0 -9999.0 -9999.0
-9999.0 -9999.0 -9999.0 -9999.0 -9999.0 -9999.0 -9999.0 -9999.0 -9999.0 -9999.0 -9999.0 -9999.0 -9999.0 -9999.0 -9999.0 -9999.0 -9999.0 -9999.0 -9999.0 -9999.0 -494.462949 -493.169061 -495.168933 -497.280395 -499.245031 -499.665091 -497.590396 -495.516344 -493.054479 -492.839073 -495.372183 -494.486673 -495.596955 -496.446288 -496.713475 -496.009448 -495.602537 -494.894749 -494.547460 -494.985160 -495.690673 -496.080164 -496.657777 -496.676946 -495.719019 -496.963341 -495.316296 -493.943886 -493.625902 -493.244115 -494.668897 -495.045343 -495.116269 -497.228441 -493.478716 -492.822319 -490.636741 -490.644330 -489.885514 -492.305848 -494.711232 -9999.0 -9999.0 -9999.0 -9999.0 -9999.0 -9999.0 -9999.0 -9999.0 -9999.0 -9999.0 -9999.0 -9999.0 -9999.0 -9999.0 -9999.0 -9999.0 -9999.0 -9999.0 -9999.0
-9999.0 -9999.0 -9999.0 -9999.0 -9999.0 -9999.0 -9999.0 -9999.0 -9999.0 -9999.0 -9999.0 -9999.0 -9999.0 -9999.0 -496.573501 -497.926486 -498.605861 -499.359234 -497.487613 -496.302304 -496.804832 -498.209452 -496.727978 -499.156025 -501.421187 -500.107564 -498.678393 -498.025899 -496.372667 -494.969908 -496.608048 -497.025459 -496.367967 -493.603592 -492.635835 -493.422163 -497.478628 -493.772859 -492.446289 -491.597067 -491.715933 -493.567476 -491.369237 -488.767510 -490.312595 -493.082451 -492.314385 -490.904383 -488.393157 -488.848334 -497.457959 -497.278205 -496.410332 -495.726880 -496.899848 -497.914979 -494.219928 -495.111567 -495.466363 -495.328627 -496.679326 -499.652274 -501.173406 -497.651995 -495.353344 -489.816241 -9999.0 -9999.0 -9999.0 -9999.0 -9999.0 -9999.0 -9999.0 -9999.0 -9999.0 -9999.0 -9999.0 -9999.0 -9999.0 -9999.0
-9999.0 -9999.0 -9999.0 -9999.0 -9999.0 -9999.0 -9999.0 -9999.0 -9999.0 -497.808789 -498.338802 -498.040729 -499.180394 -498.117985 -500.543694 -500.150610 -500.840262 -499.566939 -499.018493 -497.624183 -495.174336 -497.486437 -497.855660 -496.502675 -496.789447 -496.849040 -496.386509 -492.934773 -489.624134 -482.848135 -489.838224 -490.187605 -487.916856 -478.349977 -463.674871 -460.515945 -465.783314 -466.301696 -459.623158 -452.086536 -452.938420 -453.807410 -446.435601 -442.781217 -439.922048 -445.853259 -451.701721 -453.059629 -443.496179 -459.368855 -477.572513 -489.460942 -486.256743 -490.190196 -494.445284 -495.634468 -496.591477 -492.386519 -493.485020 -496.357143 -498.683265 -496.899671 -498.624753 -496.970634 -496.531035 -492.532692 -489.282519 -485.856261 -485.697384 -488.028497 -9999.0 -9999.0 -9999.0 -9999.0 -9999.0 -9999.0 -9999.0 -9999.0 -9999.0 -9999.0
-9999.0 -9999.0 -9999.0 -9999.0 -9999.0 -9999.0 -499.197285 -499.531663 -498.934001 -502.043940 -500.416510 -502.057818 -500.998879 -500.834571 -500.376840 -500.900308 -499.424888 -498.478003 -496.674236 -494.290988 -491.807364 -494.181829 -493.712478 -490.116069 -483.787820 -475.929259 -469.072749 -460.473412 -436.704828 -420.514680 -412.967180 -410.118775 -404.018139 -322.775353 -18.633763 0.048788 0.033607 0.020617 0.031085 0.053058 0.057396 0.044535 0.049243 0.047572 0.084244 0.070858 0.044869 0.043655 0.041172 0.011956 -117.729783 -402.241840 -426.459994 -442.339763 -464.059515 -478.512557 -483.407335 -479.233644 -483.817148 -490.580779 -494.298744 -493.404905 -493.800537 -495.589489 -494.633373 -493.257545 -490.855757 -489.166266 -490.280442 -491.526133 -491.963443 -494.784453 -494.168198 -491.358612 -9999.0 -9999.0 -9999.0 -9999.0 -9999.0 -9999.0
-9999.0 -9999.0 -9999.0 -9999.0 -503.059513 -501.857339 -505.772582 -503.793742 -502.508948 -501.751724 -502.474080 -501.035303 -501.194669 -500.476273 -498.526318 -497.789364 -495.277423 -493.963249 -488.411640 -477.317288 -460.836626 -452.378817 -449.656851 -428.301026 -388.196985 -60.430038 0.004208 0.028987 0.038748 0.066300 0.086560 0.080222 0.087906 0.108781 0.166484 0.473707 0.211216 0.176113 0.209189 0.222346 0.498178 0.416506 0.477405 0.368597 0.487851 0.911281 0.268452 0.187136 0.186194 0.179421 0.133595 0.067893 0.057369 0.052559 0.041366 -41.327395 -385.560088 -410.140093 -435.219381 -451.330527 -474.026756 -479.102518 -483.825719 -486.302663 -490.687078 -489.315016 -487.498419 -489.586555 -492.081561 -494.481553 -494.079960 -495.039393 -496.859497 -492.880559 -492.131281 -488.319728 -9999.0 -9999.0 -9999.0 -9999.0
-9999.0 -9999.0 -502.658817 -503.128757 -500.195951 -502.645479 -504.092652 -506.127870 -505.829072 -503.396035 -499.121865 -498.655010 -496.643621 -496.138874 -490.530601 -476.753333 -454.534573 -441.871184 -420.671770 -357.966506 -40.209573 0.032353 0.038148 0.048965 0.071546 0.132020 0.159949 0.191448 0.233246 0.490249 23.098099 37.929118 43.265639 37.786295 36.057004 34.043785 32.713445 28.933465 12.490327 10.355561 17.479859 19.541016 23.007795 10.844913 7.077996 19.446329 21.562838 22.311009 24.471103 32.688263 43.000445 15.183625 0.202775 0.211938 0.242926 0.129992 0.074492 0.058823 0.059179 0.014239 -205.143288 -398.991521 -429.072559 -449.342353 -468.038814 -473.637980 -481.866344 -486.310088 -490.370168 -494.617359 -495.384100 -495.638230 -494.438535 -495.398192 -493.391206 -492.248099 -489.989760 -489.358424 -9999.0 -9999.0
-9999.0 -503.035051 -504.821797 -499.811336 -500.260289 -500.153676 -500.055896 -499.841687 -499.049515 -502.040450 -491.040502 -469.273277 -448.804620 -443.681492 -425.999418 -301.662233 -14.202040 0.042884 0.057931 0.083277 0.136569 0.213121 0.302699 21.307426 43.972232 38.477447 35.590549 33.916711 25.589287 18.031148 8.298622 16.053732 16.023962 0.958241 0.282474 0.414376 0.386179 0.235986 0.174497 0.139359 0.159070 0.344222 0.210267 0.152748 0.126362 0.185749 0.349564 0.202168 0.132304 0.181207 0.287240 0.484577 12.956998 26.874704 46.464086 24.941425 0.374291 0.201574 0.205723 0.153682 0.100622 0.064172 0.038164 -51.195102 -386.470222 -433.499411 -458.175306 -470.909340 -482.184813 -485.917843 -487.798957 -493.992850 -494.967491 -492.757457 -493.579236 -493.629446 -492.787286 -492.224538 -9999.0 -9999.0
-9999.0 -508.802164 -503.901924 -499.597059 -495.381379 -498.005834 -480.754301 -460.887235 -457.085388 -467.725035 -432.177839 -29.223445 0.070755 0.051407 0.084629 0.172820 8.133319 29.579361 42.810569 33.507391 27.181767 29.237582 24.291735 15.916431 2.696058 0.457330 0.634562 0.592665 0.316520 0.243453 0.186419 0.267975 0.190888 0.121826 0.087886 0.084227 0.090694 0.079160 0.060822 0.050633 0.037491 0.077939 0.056392 0.042897 0.035137 0.049630 0.091868 0.058990 0.053034 0.064869 0.087764 0.128543 0.146709 0.173932 0.219271 0.530260 14.850478 34.338290 40.759712 16.932836 0.290924 0.174659 0.155957 0.104715 0.052894 -34.248810 -342.504729 -407.353985 -436.740726 -455.903675 -468.954910 -479.282609 -487.906549 -488.373954 -492.803896 -492.270831 -9999.0 -9999.0 -9999.0 -9999.0
-9999.0 -508.940675 -504.363694 -495.735590 -477.560169 -452.832823 -78.359459 0.042848 0.071604 0.143747 0.298649 31.738116 38.933678 22.454372 0.806168 0.451277 0.750450 1.368330 0.565327 0.334731 0.287727 0.304678 0.348139 0.280059 0.239634 0.215567 0.205581 0.198570 0.134734 0.106645 0.078831 0.081542 0.054326 -56.854267 -359.152260 -397.059836 -425.935166 -427.741908 -432.681448 -443.314738 -448.151473 -451.940776 -446.726925 -448.488172 -449.193603 -446.157406 -439.158361 -435.006442 -419.384521 -400.198380 -334.577545 -28.730579 0.036760 0.059380 0.079929 0.128458 0.158815 0.182815 0.304662 17.674238 37.629086 30.348906 2.568751 0.249515 0.145264 0.107442 0.084824 0.045224 -7.843986 -214.994711 -392.640468 -430.351252 -458.598431 -476.234837 -481.440870 -9999.0 -9999.0 -9999.0 -9999.0 -9999.0
-9999.0 -516.819409 -503.786154 -497.123918 -462.274725 -85.914710 0.041157 0.233716 20.933506 0.260068 0.115085 0.150615 0.290280 0.311769 0.176165 0.180401 0.145941 0.128394 0.221298 0.112294 0.086283 0.076094 0.109773 0.088865 0.074124 0.069899 0.069256 0.055487 -4.719222 -227.476431 -411.610854 -419.514805 -444.944288 -464.988099 -477.943029 -484.835773 -491.894783 -491.250578 -487.949424 -490.206862 -492.544181 -495.536147 -492.088013 -490.806729 -489.311410 -491.473898 -491.481904 -487.479470 -481.080393 -475.295307 -465.530556 -445.992693 -430.396104 -404.589692 -362.969718 -41.812824 0.037170 0.056469 0.102189 0.175428 0.225030 0.404808 28.345780 46.504548 9.381724 0.242401 0.204629 0.170440 0.115207 0.083195 0.051500 -30.561348 -367.324728 -9999.0 -9999.0 -9999.0 -9999.0 -9999.0 -9999.0 -9999.0
-9999.0 -521.010431 -506.591276 -505.795990 -493.036230 -467.374169 -428.487148 -356.077436 0.000390 0.023930 0.037572 0.046378 0.057233 0.091805 0.055851 0.036700 0.021012 0.023363 0.000102 -320.610516 -382.622392 -397.341607 -396.835494 -401.536672 -417.494283 -424.793486 -428.717537 -436.758144 -448.788449 -466.666267 -483.035524 -490.593862 -495.828608 -496.980382 -497.928073 -499.062222 -502.660610 -500.179301 -498.558147 -498.899246 -500.035685 -501.071639 -498.291508 -497.667560 -496.869975 -499.791376 -498.101634 -497.218980 -494.617166 -492.303865 -488.840277 -483.124551 -475.057990 -470.147958 -467.194228 -454.224424 -439.680489 -413.567925 -71.839934 0.036971 0.081018 0.116241 0.172406 0.254340 0.302051 9.747667 19.053144 2.185516 0.266287 0.232139 0.203942 -9999.0 -9999.0 -9999.0 -9999.0 -9999.0 -9999.0 -9999.0 -9999.0 -9999.0
-9999.0 -9999.0 -524.064921 -518.497597 -513.846390 -509.807406 -504.267980 -499.340869 -491.730354 -483.580339 -472.114433 -459.240695 -451.327385 -447.643210 -452.852246 -464.257041 -471.589997 -471.044254 -473.263460 -479.449870 -484.316879 -484.998717 -485.932701 -486.458469 -488.325334 -489.015935 -489.162038 -489.579783 -490.850252 -494.681032 -497.597247 -499.467708 -502.171381 -501.352846 -501.552829 -502.590962 -501.225700 -501.534929 -501.262403 -501.492868 -501.208647 -500.712294 -500.309961 -499.613488 -499.789474 -499.601165 -499.526750 -498.944284 -498.109634 -497.152991 -494.659748 -490.612910 -487.690747 -487.226351 -489.511302 -488.995306 -486.728490 -481.622939 -460.924874 -429.507503 -355.516985 -35.537228 0.051340 0.092622 0.115041 0.132882 0.202527 1.203191 1.404255 0.403928 -9999.0 -9999.0 -9999.0 -9999.0 -9999.0 -9999.0 -9999.0 -9999.0 -9999.0 -9999.0
-9999.0 -9999.0 -9999.0 -9999.0 -526.647312 -518.666333 -511.134144 -512.383026 -507.296364 -504.819971 -502.910344 -500.556786 -498.687117 -497.255999 -499.537102 -499.689735 -499.892429 -499.367393 -499.700975 -500.196000 -500.224831 -500.408408 -500.564678 -501.005798 -500.666361 -500.084495 -499.845553 -500.624421 -500.210700 -501.634393 -501.316931 -501.900899 -502.524124 -503.550090 -503.093670 -503.149107 -502.524791 -503.145437 -502.230378 -502.903970 -502.300552 -502.151741 -501.547499 -500.437574 -501.239069 -500.600041 -500.756126 -500.031480 -500.312306 -498.710115 -495.945659 -492.723800 -490.609168 -490.932484 -494.446618 -495.570987 -496.628797 -494.811273 -492.329479 -485.764936 -467.589700 -443.199600 -414.610026 -362.510178 -47.779214 0.034208 0.085686 0.171595 -9999.0 -9999.0 -9999.0 -9999.0 -9999.0 -9999.0 -9999.0 -9999.0 -9999.0 -9999.0 -9999.0 -9999.0
-9999.0 -9999.0 -9999.0 -9999.0 -9999.0 -9999.0 -522.984052 -518.936190 -520.384000 -517.511205 -515.092161 -513.392276 -510.532164 -511.237109 -510.345442 -507.774890 -508.083176 -509.209646 -510.709910 -508.402745 -507.393456 -507.077776 -509.507173 -508.704317 -508.443723 -507.505663 -507.605793 -507.060030 -509.116545 -506.375199 -504.981864 -505.255672 -505.504002 -504.840265 -505.344137 -503.662644 -503.461034 -504.775104 -505.220011 -503.406643 -503.009673 -503.442044 -503.302067 -502.321152 -500.731111 -500.647601 -501.592196 -503.002432 -501.737738 -498.661283 -495.619204 -493.203976 -491.667830 -490.883601 -493.489346 -497.331404 -499.294940 -499.917466 -498.948053 -497.090155 -490.989494 -487.204015 -484.384249 -481.651085 -472.753427 -441.184315 -9999.0 -9999.0 -9999.0 -9999.0 -9999.0 -9999.0 -9999.0 -9999.0 -9999.0 -9999.0 -9999.0 -9999.0 -9999.0 -9999.0
-9999.0 -9999.0 -9999.0 -9999.0 -9999.0 -9999.0 -9999.0 -9999.0 -9999.0 -9999.0 -9999.0 -9999.0 -9999.0 -9999.0 -9999.0 -9999.0 -9999.0 -9999.0 -9999.0 -9999.0 -9999.0 -9999.0 -9999.0 -9999.0 -9999.0 -9999.0 -9999.0 -9999.0 -9999.0 -9999.0 -9999.0 -9999.0 -9999.0 -9999.0 -9999.0 -9999.0 -9999.0 -9999.0 -9999.0 -9999.0 -9999.0 -9999.0 -9999.0 -9999.0 -9999.0 -9999.0 -9999.0 -9999.0 -9999.0 -9999.0 -9999.0 -9999.0 -9999.0 -9999.0 -9999.0 -9999.0 -9999.0 -9999.0 -9999.0 -9999.0 -9999.0 -9999.0 -9999.0 -9999.0 -9999.0 -9999.0 -9999.0 -9999.0 -9999.0 -9999.0 -9999.0 -9999.0 -9999.0 -9999.0 -9999.0 -9999.0 -9999.0 -9999.0 -9999.0 -9999.0
-9999.0 -9999.0 -9999.0 -9999.0 -9999.0 -9999.0 -9999.0 -9999.0 -9999.0 -9999.0 -9999.0 -9999.0 -9999.0 -9999.0 -9999.0 -9999.0 -9999.0 -9999.0 -9999.0 -9999.0 -9999.0 -9999.0 -9999.0 -9999.0 -9999.0 -9999.0 -9999.0 -9999.0 -9999.0 -9999.0 -9999.0 -9999.0 -9999.0 -9999.0 -9999.0 -9999.0 -9999.0 -9999.0 -9999.0 -9999.0 -9999.0 -9999.0 -9999.0 -9999.0 -9999.0 -9999.0 -9999.0 -9999.0 -9999.0 -9999.0 -9999.0 -9999.0 -9999.0 -9999.0 -9999.0 -9999.0 -9999.0 -9999.0 -9999.0 -9999.0 -9999.0 -9999.0 -9999.0 -9999.0 -9999.0 -9999.0 -9999.0 -9999.0 -9999.0 -9999.0 -9999.0 -9999.0 -9999.0 -9999.0 -9999.0 -9999.0 -9999.0 -9999.0 -9999.0 -9999.0