Borden_/Borden1m_014/output_maps/psiliqL0006N0008.asc
ncols         80
nrows         18
xllcorner     620200.000000
yllcorner     5168000.000000
cellsize      1.000000
NODATA_value  -9999.0
-9999.0 -9999.0 -9999.0 -9999.0 -9999.0 -9999.0 -9999.0 -9999.0 -9999.0 -9999.0 -9999.0 -9999.0 -9999.0 -9999.0 -9999.0 -9999.0 -9999.0 -9999.0 -9999.0 -9999.0 -9999.0 -9999.0 -9999.0 -9999.0 -9999.0 -9999.0 -9999.0 -9999.0 -9999.0 -9999.0 -9999.0 -9999.0 -9999.0 -9999.0 -9999.0 -9999.0 -9999.0 -9999.0 -9999.0 -9999.0 -9999.0 -9999.0 -9999.0 -9999.0 -9999.0 -9999.0 -9999.0 -9999.0 -9999.0 -9999.0 -9999.0 -9999.0 -9999.0 -9999.0 -9999.0 -9999.0 -9999.0 -9999.0 -9999.0 -9999.0 -9999.0 -9999.0 -9999.0 -9999.0 -9999.0 -9999.0 -9999.0 -9999.0 -9999.0 -9999.0 -9999.0 -9999.0 -9999.0 -9999.0 -9999.0 -9999.0 -9999.0 -9999.0 -9999.0 -9999.0
-9999.0 -9999.0 -9999.0 -9999.0 -9999.0 -9999.0 -9999.0 -9999.0 -9999.0 -9999.0 -9999.0 -9999.0 -9999.0 -9999.0 -9999.0 -9999.0 -9999.0 -9999.0 -9999.0 -9999.0 -9999.0 -9999.0 -9999.0 -9999.0 -9999.0 -9999.0 -9999.0 -9999.0 -9999.0 -9999.0 -9999.0 -9999.0 -9999.0 -9999.0 -9999.0 -9999.0 -9999.0 -9999.0 -9999.0 -9999.0 -9999.0 -9999.0 -9999.0 -9999.0 -9999.0 -9999.0 -9999.0 -9999.0 -9999.0 -9999.0 -9999.0 -9999.0 -9999.0 -9999.0 -9999.0 -9999.0 -9999.0 -9999.0 -9999.0 -9999.0 -9999.0 -9999.0 -9999.0 -9999.0 -9999.0 -9999.0 -9999.0 -9999.0 -9999.0 -9999.0 -9999.0 -9999.0 -9999.0 -9999.0 -9999.0 -9999.0 -9999.0 -9999.0 -9999.0 -9999.0
-9999.0 -9999.0 -9999.0 -9999.0 -9999.0 -9999.0 -9999.0 -9999.0 -9999.0 -9999.0 -9999.0 -9999.0 -9999.0 -9999.0 -9999.0 -9999.0 -9999.0 -9999.0 -9999.0 -9999.0 -648.999425 -645.945252 -668.952177 -703.053410 -731.646221 -730.299131 -696.085432 -656.095930 -619.511232 -609.422800 -627.635887 -626.894779 -632.485982 -632.697500 -629.876997 -624.446784 -622.374312 -611.068735 -602.846788 -603.167597 -609.334429 -615.191948 -617.015794 -613.486438 -608.665817 -616.664222 -603.410103 -588.148527 -581.351565 -585.968209 -612.392707 -627.590843 -634.875571 -648.345818 -623.587297 -610.400690 -587.021591 -582.158999 -582.683205 -609.054036 -638.587321 -9999.0 -9999.0 -9999.0 -9999.0 -9999.0 -9999.0 -9999.0 -9999.0 -9999.0 -9999.0 -9999.0 -9999.0 -9999.0 -9999.0 -9999.0 -9999.0 -9999.0 -9999.0 -9999.0
-9999.0 -9999.0 -9999.0 -9999.0 -9999.0 -9999.0 -9999.0 -9999.0 -9999.0 -9999.0 -9999.0 -9999.0 -9999.0 -9999.0 -737.357785 -747.950841 -751.470570 -743.466406 -710.429190 -681.287617 -668.876251 -676.865291 -677.428553 -701.266066 -721.636126 -708.282585 -680.196208 -650.152560 -617.479647 -597.863873 -611.149850 -614.406336 -604.332434 -577.177424 -562.921997 -565.969331 -587.380871 -565.540325 -549.789003 -540.473040 -541.683534 -550.370641 -535.823894 -519.785095 -526.353889 -543.560306 -540.525682 -529.068252 -514.059694 -528.363551 -591.483791 -611.716031 -613.496858 -618.957635 -630.927786 -636.755314 -611.748815 -609.849660 -617.237639 -634.214163 -665.362376 -708.553415 -725.570810 -687.043053 -642.239240 -583.937455 -9999.0 -9999.0 -9999.0 -9999.0 -9999.0 -9999.0 -9999.0 -9999.0 -9999.0 -9999.0 -9999.0 -9999.0 -9999.0 -9999.0
-9999.0 -9999.0 -9999.0 -9999.0 -9999.0 -9999.0 -9999.0 -9999.0 -9999.0 -792.548902 -789.571997 -783.005805 -781.894198 -766.875951 -768.836228 -762.557824 -755.019495 -730.166901 -700.200073 -666.252253 -638.324420 -649.187580 -649.673722 -637.911377 -631.074890 -619.108045 -599.951276 -561.435590 -521.052800 -480.925659 -509.523195 -512.046897 -493.641198 -444.077601 -403.096210 -392.079351 -412.339620 -410.954622 -383.796280 -355.247965 -355.744848 -357.638478 -332.145581 -317.992244 -309.920765 -329.211603 -349.676063 -353.536461 -327.215533 -381.586909 -447.288062 -501.199313 -499.374817 -529.176236 -569.262059 -591.005856 -593.220485 -570.085914 -584.122335 -620.104243 -655.314290 -663.383225 -678.801698 -662.215259 -638.899147 -591.297332 -552.497459 -523.243680 -522.023016 -538.662748 -9999.0 -9999.0 -9999.0 -9999.0 -9999.0 -9999.0 -9999.0 -9999.0 -9999.0 -9999.0
-9999.0 -9999.0 -9999.0 -9999.0 -9999.0 -9999.0 -870.034738 -861.882077 -842.915433 -837.551193 -814.285747 -807.310438 -787.601751 -769.055294 -749.828961 -733.683665 -703.771146 -672.819837 -632.831201 -590.302542 -559.532268 -564.580125 -555.827559 -522.889200 -480.072948 -447.724287 -424.780949 -385.799183 -303.873755 -256.521758 -240.635075 -234.208224 -219.991214 -126.982855 152.320394 198.793750 194.583688 188.612025 195.989498 209.595279 210.037122 208.922579 211.266552 213.495462 225.455712 223.539498 208.693988 204.309428 200.220798 164.391184 -89.484544 -220.216528 -270.363163 -320.958713 -404.188765 -465.741410 -467.896634 -451.771931 -480.934048 -531.806791 -572.513835 -581.639791 -594.691059 -607.822464 -601.629501 -581.258311 -556.679270 -544.187920 -555.279952 -574.603182 -596.852293 -624.802903 -622.615759 -596.772384 -9999.0 -9999.0 -9999.0 -9999.0 -9999.0 -9999.0
-9999.0 -9999.0 -9999.0 -9999.0 -919.068217 -907.253096 -918.970043 -896.513215 -865.540656 -833.562141 -802.032599 -765.753962 -740.020773 -711.852637 -671.459468 -634.375486 -592.816308 -560.532714 -508.069635 -440.822625 -388.221102 -358.618030 -343.086776 -277.703554 -199.128276 -92.510804 14.293603 168.086595 203.263993 227.179040 235.650686 236.669875 244.059974 262.150081 298.680002 318.130023 312.728046 311.967264 313.187350 314.703105 323.979469 322.744919 322.799808 322.542339 322.967866 324.867224 318.706018 307.113333 302.660810 295.412511 269.062464 234.534915 219.835350 211.440551 199.324991 128.740031 -191.079550 -230.889409 -292.861960 -351.414665 -421.898824 -446.642288 -476.649318 -500.188030 -528.675168 -526.286835 -521.669868 -539.327536 -567.629888 -597.916294 -611.628133 -629.206329 -638.306575 -607.948046 -589.737677 -558.195109 -9999.0 -9999.0 -9999.0 -9999.0
-9999.0 -9999.0 -976.059613 -926.130209 -871.342303 -863.458583 -861.356561 -857.433805 -832.039867 -783.318679 -706.111779 -655.216874 -612.054638 -584.489176 -527.722065 -445.572367 -369.697126 -319.890572 -257.772359 -156.416180 133.858346 195.368428 202.936251 215.218343 235.452674 262.896248 279.941376 301.115752 312.459705 321.214958 336.412681 350.299759 353.627436 351.293396 351.171809 351.271401 350.585155 349.597336 334.915777 333.059661 338.805900 340.262328 343.742390 332.478039 329.372584 341.151444 344.105354 346.430676 349.268687 355.240487 361.859261 334.179497 309.544085 307.287359 306.809963 285.278224 241.143963 222.720441 215.886797 174.906372 -92.530520 -210.575701 -278.036502 -336.507263 -388.211755 -417.837702 -460.403358 -497.122219 -538.635743 -580.865613 -602.247908 -619.187548 -620.112319 -618.280083 -601.510885 -585.170338 -569.259674 -561.186750 -9999.0 -9999.0
-9999.0 -1072.989588 -1000.615893 -873.331019 -795.940564 -752.345722 -711.831761 -683.397208 -661.955408 -651.360118 -547.686582 -441.807664 -352.158678 -324.791516 -270.266612 -119.168818 155.436790 207.133368 222.782742 246.947222 288.066623 309.463941 317.920659 334.210837 355.495748 353.247163 350.613327 351.651119 343.695587 335.383864 325.316345 332.591760 331.276538 320.131784 314.514353 315.538231 316.185264 309.723271 301.772994 298.695465 301.083732 310.764759 306.391376 298.666754 297.112084 304.587335 310.376497 306.315355 300.187190 305.545893 317.214710 324.169749 334.829649 347.985701 366.169480 343.227770 320.973707 306.930361 302.676804 291.209048 254.712141 224.876238 183.364732 -34.789877 -193.136248 -285.777113 -347.682653 -399.767770 -458.191566 -492.443427 -520.022454 -569.379103 -590.946918 -587.719510 -595.899560 -597.488266 -590.125401 -583.374692 -9999.0 -9999.0
-9999.0 -1141.266231 -997.900568 -812.618957 -668.669480 -610.142541 -495.199672 -411.736697 -387.041372 -410.784433 -299.213958 144.586388 219.261670 221.181008 247.636555 284.029150 313.106630 337.277338 352.043247 345.240114 342.340470 344.673518 339.641677 331.164322 321.635491 319.671063 321.265620 322.400692 316.986066 309.306605 302.506896 302.638426 295.334443 267.050567 245.462503 238.224798 235.253034 230.261625 219.213091 211.085076 206.359145 216.307273 212.078388 204.776944 202.645461 211.127939 224.229229 219.065025 219.936484 227.650056 246.357840 278.567201 289.553752 298.690420 309.257603 323.726739 334.929671 354.750025 359.294167 336.782965 316.611394 299.237735 289.286970 254.892589 218.664815 141.843123 -135.432054 -225.324329 -299.102065 -348.470124 -394.956430 -449.524165 -503.837906 -528.004813 -565.288733 -585.594547 -9999.0 -9999.0 -9999.0 -9999.0
-9999.0 -1202.104251 -1009.845110 -743.373974 -495.985912 -373.202204 -100.244691 185.046018 221.595428 248.855397 262.703227 336.186816 348.528526 334.248346 317.123645 313.611474 316.921294 317.271944 314.761314 311.806522 310.513734 310.626958 310.934067 309.198435 306.687010 303.253498 300.509300 298.444033 282.099674 253.036572 233.462877 227.181736 201.053532 -16.232756 -159.961667 -209.810164 -269.346805 -276.426594 -289.782317 -322.132741 -341.176779 -354.337226 -337.313907 -341.073193 -342.038985 -331.639686 -308.266745 -291.679850 -249.735872 -207.907436 -129.718644 144.470378 201.237171 220.900375 239.504154 270.402971 291.833037 302.652623 317.576880 336.184425 355.968860 349.576463 327.324942 314.282530 291.799477 269.125186 239.397455 209.096894 148.834668 -94.747049 -205.021630 -286.673004 -358.125196 -439.952206 -478.189303 -9999.0 -9999.0 -9999.0 -9999.0 -9999.0
-9999.0 -1347.476398 -1079.840817 -782.085370 -452.542595 62.930709 171.061132 256.829239 305.934440 273.922436 277.791477 288.411798 303.761984 304.023106 294.642613 288.665224 268.071289 263.235966 268.644682 254.718762 242.248913 237.977003 239.566755 236.029834 228.188243 223.322965 220.301391 211.963047 156.157991 -94.011268 -233.810166 -259.097478 -334.794716 -406.486014 -450.943581 -495.337913 -543.929298 -545.148526 -530.087648 -546.253069 -567.344643 -585.500323 -561.364666 -547.402906 -537.513815 -546.940576 -539.188433 -507.245990 -462.417687 -424.158345 -378.895197 -326.307255 -276.984760 -216.418965 -158.992904 20.461866 190.552536 220.526656 255.285755 298.499957 309.922365 322.945266 349.158305 366.928898 330.547286 312.976594 300.711220 288.454377 261.972263 231.399531 210.283616 136.682048 -171.778573 -9999.0 -9999.0 -9999.0 -9999.0 -9999.0 -9999.0 -9999.0
-9999.0 -1484.170177 -1247.232074 -992.772304 -692.044549 -469.553456 -315.075049 -183.648590 81.508933 68.189620 175.230772 197.201795 208.947580 217.480645 204.734352 158.187688 -41.796857 -57.465703 -64.650338 -132.256962 -187.275031 -209.823394 -210.128166 -219.007654 -250.250394 -267.990272 -279.781541 -304.727950 -346.002099 -400.963582 -479.141284 -540.621145 -598.131109 -632.230416 -660.993313 -692.861213 -731.422634 -720.586750 -705.479491 -710.311262 -723.103096 -728.156009 -699.044174 -681.466077 -671.865235 -685.743794 -668.351533 -642.589201 -602.715470 -564.137143 -520.574212 -471.681302 -424.207769 -397.471662 -383.607429 -354.452140 -307.739126 -241.477417 -79.055031 188.319169 242.691607 278.567126 300.129592 311.566963 317.155679 337.392036 337.713577 305.300005 271.310097 278.202170 278.413243 -9999.0 -9999.0 -9999.0 -9999.0 -9999.0 -9999.0 -9999.0 -9999.0 -9999.0
-9999.0 -9999.0 -1485.292646 -1289.601730 -1121.618826 -936.448466 -792.804728 -696.083421 -633.474689 -557.375529 -477.034269 -407.774058 -368.382588 -352.430970 -373.414455 -418.110859 -446.075983 -445.576303 -453.700141 -467.721351 -491.599019 -499.958434 -507.736417 -514.324422 -527.310040 -534.265799 -538.742298 -548.451013 -569.389577 -613.779456 -665.560020 -716.079210 -769.310216 -793.362505 -814.756101 -837.358125 -841.467803 -842.401403 -835.205369 -834.169824 -829.511858 -818.339705 -797.710600 -777.046643 -768.092968 -762.001246 -749.905334 -727.048036 -694.978790 -655.974455 -606.275944 -553.963239 -519.255324 -509.984675 -521.101346 -517.004784 -497.483851 -457.162427 -374.667499 -279.532157 -148.775688 142.948796 218.463482 244.652848 258.772819 283.352041 300.172467 284.748371 181.874890 254.351130 -9999.0 -9999.0 -9999.0 -9999.0 -9999.0 -9999.0 -9999.0 -9999.0 -9999.0 -9999.0
-9999.0 -9999.0 -9999.0 -9999.0 -1432.371981 -1274.130410 -1181.979986 -1101.193498 -986.132170 -885.278871 -799.765500 -729.830836 -683.081428 -661.964436 -675.337927 -683.975273 -692.879368 -695.394461 -703.084593 -709.513807 -715.925224 -723.189878 -732.834558 -739.971404 -740.925464 -737.751221 -739.297987 -751.500788 -765.940784 -793.761990 -818.254771 -853.015584 -889.806014 -918.477426 -931.197453 -938.420322 -937.958669 -942.898633 -933.167404 -927.296564 -912.745949 -897.424680 -873.588898 -845.872069 -833.972385 -820.240804 -810.793152 -790.282677 -761.197013 -709.970727 -649.802282 -596.535736 -565.574334 -564.310787 -592.570643 -610.368110 -615.673404 -590.925878 -547.981141 -484.464725 -389.899868 -316.669432 -239.758816 -160.574030 -39.915611 181.402953 256.373545 277.020272 -9999.0 -9999.0 -9999.0 -9999.0 -9999.0 -9999.0 -9999.0 -9999.0 -9999.0 -9999.0 -9999.0 -9999.0
-9999.0 -9999.0 -9999.0 -9999.0 -9999.0 -9999.0 -1492.475604 -1399.654752 -1309.804156 -1195.066872 -1090.014654 -1003.704620 -933.810099 -912.123577 -898.175709 -877.787462 -883.111550 -899.064084 -914.239433 -898.683229 -890.630087 -894.852533 -920.677366 -922.325486 -919.302150 -909.715637 -910.469276 -916.191853 -940.337148 -933.409801 -935.477513 -958.019932 -983.674093 -998.043344 -1009.357152 -999.340391 -998.309289 -1010.338184 -1007.299732 -981.755298 -962.470297 -949.062790 -926.520703 -893.756985 -862.273695 -848.595673 -847.967575 -841.992189 -800.631660 -731.652169 -663.548416 -612.670660 -584.372262 -579.058069 -609.446355 -652.254507 -676.131473 -672.452152 -641.999139 -593.910088 -524.198693 -481.434170 -454.032646 -433.560153 -406.108177 -303.130443 -9999.0 -9999.0 -9999.0 -9999.0 -9999.0 -9999.0 -9999.0 -9999.0 -9999.0 -9999.0 -9999.0 -9999.0 -9999.0 -9999.0
-9999.0 -9999.0 -9999.0 -9999.0 -9999.0 -9999.0 -9999.0 -9999.0 -9999.0 -9999.0 -9999.0 -9999.0 -9999.0 -9999.0 -9999.0 -9999.0 -9999.0 -9999.0 -9999.0 -9999.0 -9999.0 -9999.0 -9999.0 -9999.0 -9999.0 -9999.0 -9999.0 -9999.0 -9999.0 -9999.0 -9999.0 -9999.0 -9999.0 -9999.0 -9999.0 -9999.0 -9999.0 -9999.0 -9999.0 -9999.0 -9999.0 -9999.0 -9999.0 -9999.0 -9999.0 -9999.0 -9999.0 -9999.0 -9999.0 -9999.0 -9999.0 -9999.0 -9999.0 -9999.0 -9999.0 -9999.0 -9999.0 -9999.0 -9999.0 -9999.0 -9999.0 -9999.0 -9999.0 -9999.0 -9999.0 -9999.0 -9999.0 -9999.0 -9999.0 -9999.0 -9999.0 -9999.0 -9999.0 -9999.0 -9999.0 -9999.0 -9999.0 -9999.0 -9999.0 -9999.0
-9999.0 -9999.0 -9999.0 -9999.0 -9999.0 -9999.0 -9999.0 -9999.0 -9999.0 -9999.0 -9999.0 -9999.0 -9999.0 -9999.0 -9999.0 -9999.0 -9999.0 -9999.0 -9999.0 -9999.0 -9999.0 -9999.0 -9999.0 -9999.0 -9999.0 -9999.0 -9999.0 -9999.0 -9999.0 -9999.0 -9999.0 -9999.0 -9999.0 -9999.0 -9999.0 -9999.0 -9999.0 -9999.0 -9999.0 -9999.0 -9999.0 -9999.0 -9999.0 -9999.0 -9999.0 -9999.0 -9999.0 -9999.0 -9999.0 -9999.0 -9999.0 -9999.0 -9999.0 -9999.0 -9999.0 -9999.0 -9999.0 -9999.0 -9999.0 -9999.0 -9999.0 -9999.0 -9999.0 -9999.0 -9999.0 -9999.0 -9999.0 -9999.0 -9999.0 -9999.0 -9999.0 -9999.0 -9999.0 -9999.0 -9999.0 -9999.0 -9999.0 -9999.0 -9999.0 -9999.0