Borden_/Borden1m_014/output_maps/psiliqL0008N0020.asc
ncols         80
nrows         18
xllcorner     620200.000000
yllcorner     5168000.000000
cellsize      1.000000
NODATA_value  -9999.0
-9999.0 -9999.0 -9999.0 -9999.0 -9999.0 -9999.0 -9999.0 -9999.0 -9999.0 -9999.0 -9999.0 -9999.0 -9999.0 -9999.0 -9999.0 -9999.0 -9999.0 -9999.0 -9999.0 -9999.0 -9999.0 -9999.0 -9999.0 -9999.0 -9999.0 -9999.0 -9999.0 -9999.0 -9999.0 -9999.0 -9999.0 -9999.0 -9999.0 -9999.0 -9999.0 -9999.0 -9999.0 -9999.0 -9999.0 -9999.0 -9999.0 -9999.0 -9999.0 -9999.0 -9999.0 -9999.0 -9999.0 -9999.0 -9999.0 -9999.0 -9999.0 -9999.0 -9999.0 -9999.0 -9999.0 -9999.0 -9999.0 -9999.0 -9999.0 -9999.0 -9999.0 -9999.0 -9999.0 -9999.0 -9999.0 -9999.0 -9999.0 -9999.0 -9999.0 -9999.0 -9999.0 -9999.0 -9999.0 -9999.0 -9999.0 -9999.0 -9999.0 -9999.0 -9999.0 -9999.0
-9999.0 -9999.0 -9999.0 -9999.0 -9999.0 -9999.0 -9999.0 -9999.0 -9999.0 -9999.0 -9999.0 -9999.0 -9999.0 -9999.0 -9999.0 -9999.0 -9999.0 -9999.0 -9999.0 -9999.0 -9999.0 -9999.0 -9999.0 -9999.0 -9999.0 -9999.0 -9999.0 -9999.0 -9999.0 -9999.0 -9999.0 -9999.0 -9999.0 -9999.0 -9999.0 -9999.0 -9999.0 -9999.0 -9999.0 -9999.0 -9999.0 -9999.0 -9999.0 -9999.0 -9999.0 -9999.0 -9999.0 -9999.0 -9999.0 -9999.0 -9999.0 -9999.0 -9999.0 -9999.0 -9999.0 -9999.0 -9999.0 -9999.0 -9999.0 -9999.0 -9999.0 -9999.0 -9999.0 -9999.0 -9999.0 -9999.0 -9999.0 -9999.0 -9999.0 -9999.0 -9999.0 -9999.0 -9999.0 -9999.0 -9999.0 -9999.0 -9999.0 -9999.0 -9999.0 -9999.0
-9999.0 -9999.0 -9999.0 -9999.0 -9999.0 -9999.0 -9999.0 -9999.0 -9999.0 -9999.0 -9999.0 -9999.0 -9999.0 -9999.0 -9999.0 -9999.0 -9999.0 -9999.0 -9999.0 -9999.0 -269.451011 -266.431844 -289.249956 -323.510095 -352.258160 -350.412281 -315.110864 -273.861892 -236.037145 -225.430298 -243.328648 -241.743959 -246.617753 -246.503664 -243.269998 -237.169311 -234.428384 -222.858895 -214.303982 -214.490933 -220.641000 -226.346855 -227.519454 -223.919721 -218.931361 -227.887519 -214.421990 -199.009257 -192.620637 -198.005383 -225.684793 -241.800599 -250.196858 -264.813914 -240.468156 -227.948662 -204.954738 -200.612124 -201.816404 -228.823543 -258.858424 -9999.0 -9999.0 -9999.0 -9999.0 -9999.0 -9999.0 -9999.0 -9999.0 -9999.0 -9999.0 -9999.0 -9999.0 -9999.0 -9999.0 -9999.0 -9999.0 -9999.0 -9999.0 -9999.0
-9999.0 -9999.0 -9999.0 -9999.0 -9999.0 -9999.0 -9999.0 -9999.0 -9999.0 -9999.0 -9999.0 -9999.0 -9999.0 -9999.0 -360.029914 -370.402297 -373.646926 -365.234811 -331.297697 -301.190659 -288.517975 -296.213683 -296.378120 -320.143615 -340.552746 -326.244123 -296.646829 -265.164400 -230.815917 -209.820500 -222.194797 -224.506755 -213.263201 -184.595857 -169.019090 -171.375763 -192.890080 -169.855316 -153.011073 -142.920906 -143.633361 -152.217968 -136.813800 -119.733224 -126.462613 -145.008894 -142.125055 -130.379882 -115.613207 -131.978856 -198.870982 -221.103149 -225.015231 -232.109716 -245.615117 -252.270166 -227.617157 -226.648111 -234.858460 -252.699285 -284.859817 -329.103014 -346.992591 -308.057951 -263.281122 -205.144476 -9999.0 -9999.0 -9999.0 -9999.0 -9999.0 -9999.0 -9999.0 -9999.0 -9999.0 -9999.0 -9999.0 -9999.0 -9999.0 -9999.0
-9999.0 -9999.0 -9999.0 -9999.0 -9999.0 -9999.0 -9999.0 -9999.0 -9999.0 -416.514990 -413.113384 -406.279756 -404.807025 -389.395338 -391.326040 -384.610789 -376.853000 -350.727913 -319.421024 -284.069525 -255.137711 -265.099760 -264.663754 -252.031352 -244.297204 -230.723916 -209.312663 -167.403131 -122.037117 -76.080217 -102.822175 -102.933616 -79.442528 -25.153572 17.007710 29.011727 7.973554 11.753385 39.706065 68.464807 70.488292 69.841706 99.569864 117.323743 124.834303 99.740974 75.306358 72.082678 101.244350 41.209785 -29.882360 -89.476391 -94.362495 -130.635453 -174.958637 -198.794840 -202.590435 -181.055345 -197.104883 -235.041167 -271.658471 -281.210897 -297.837249 -281.406207 -258.544513 -211.364649 -172.575510 -143.635776 -143.160460 -160.358455 -9999.0 -9999.0 -9999.0 -9999.0 -9999.0 -9999.0 -9999.0 -9999.0 -9999.0 -9999.0
-9999.0 -9999.0 -9999.0 -9999.0 -9999.0 -9999.0 -494.735542 -486.237543 -466.878274 -461.612835 -437.677559 -430.514001 -410.322175 -391.193981 -370.772757 -353.724795 -322.488792 -289.546838 -247.269019 -201.945661 -168.139030 -171.463814 -159.500337 -120.160537 -68.840916 -32.098932 -4.995722 39.908015 138.654206 207.768826 233.062193 246.550695 266.142775 307.376004 364.835543 393.065989 359.663357 341.653468 357.004602 393.028590 421.148097 425.897544 434.346617 443.209847 468.565915 457.338025 397.624422 376.428053 370.840220 361.335750 314.942776 256.881265 189.637597 112.835721 15.258077 -48.462252 -52.063134 -40.607080 -77.690136 -135.846603 -181.045462 -192.937124 -208.556671 -223.304650 -218.165107 -198.735286 -175.154582 -163.513268 -175.703781 -195.997909 -218.792222 -247.304976 -245.485559 -219.959004 -9999.0 -9999.0 -9999.0 -9999.0 -9999.0 -9999.0
-9999.0 -9999.0 -9999.0 -9999.0 -544.074276 -532.052730 -544.026727 -520.978294 -489.520739 -456.825884 -424.776227 -387.525800 -360.478027 -330.500243 -287.946696 -248.710136 -203.628951 -165.672249 -103.526672 -26.161621 33.294286 66.560018 92.289063 184.947594 270.664050 320.998542 336.925258 360.311372 404.530878 485.007750 517.168084 521.532434 540.289706 572.364666 614.036940 648.048433 628.285433 619.039389 619.137049 633.473918 660.951444 663.225893 664.972904 666.119897 668.744686 668.094467 643.261146 610.234718 591.540505 587.153405 564.988426 504.282945 440.210635 401.952448 375.445781 335.513391 275.142412 243.176045 155.414061 76.503865 -1.376238 -32.403993 -71.242065 -102.624285 -136.477487 -137.416647 -135.361749 -155.554994 -186.244073 -217.969589 -232.620162 -250.995682 -260.941684 -230.963556 -213.136042 -182.005084 -9999.0 -9999.0 -9999.0 -9999.0
-9999.0 -9999.0 -601.464045 -551.836031 -496.515862 -488.485613 -486.808633 -482.467902 -456.127800 -405.656618 -326.004857 -271.992875 -226.057616 -193.329575 -127.290655 -33.495054 52.997795 118.943452 210.749848 289.392145 344.717751 379.932391 416.992510 459.909375 510.610939 567.110628 585.842420 610.989925 641.291977 674.354682 697.111453 712.476962 719.197320 716.881963 718.430781 717.809174 713.692834 706.900178 688.009464 685.687881 693.853226 697.324998 699.835010 687.973100 684.156474 695.952747 697.953600 698.335929 698.621917 707.487731 716.541568 684.706541 632.740228 614.589997 604.399799 569.056262 511.517340 452.047104 420.763503 380.227483 311.864876 261.449234 184.830818 103.915917 34.105567 -8.945665 -61.871942 -105.636332 -152.385831 -198.007120 -221.276126 -239.488972 -241.542201 -240.748949 -224.560740 -208.753460 -193.199688 -185.308955 -9999.0 -9999.0
-9999.0 -699.737022 -627.441363 -500.285219 -421.859788 -376.963779 -335.893837 -306.474362 -282.029361 -266.389356 -153.808362 -37.604760 62.315655 105.666266 189.313727 301.549987 403.700794 446.503714 481.856782 532.302785 581.111118 629.298865 658.931001 687.260735 715.438165 717.239188 715.791115 715.975456 709.898551 702.942633 693.011968 700.351251 698.058856 682.336210 669.112599 666.734336 660.002137 631.580783 597.367123 585.741760 592.154196 612.879080 597.745739 583.194901 579.664391 594.001945 613.402161 608.577289 594.345967 615.658189 648.789325 672.911737 687.876066 701.779952 721.679703 699.660883 667.802864 623.651940 607.221280 579.500093 514.222055 452.782166 397.026582 336.434982 273.627018 180.874571 87.906855 15.529783 -57.341301 -100.313579 -133.360622 -186.671015 -210.409181 -209.040058 -218.255037 -220.681348 -213.991189 -207.493286 -9999.0 -9999.0
-9999.0 -770.760623 -627.739537 -442.172665 -294.554449 -230.521308 -103.908277 -15.770485 15.286630 -6.558513 131.128148 380.716995 461.195772 478.352122 545.919390 624.144659 661.935197 689.484978 707.953840 706.402126 705.378190 710.718963 707.584894 700.269627 686.441231 679.373066 678.250881 675.173052 656.360072 636.954438 617.652573 615.239517 597.731279 564.034143 535.901980 520.824257 501.498758 459.418077 416.666871 388.263660 375.620932 393.087738 384.076106 368.385029 364.953433 385.691288 418.076822 416.281983 427.777678 455.826335 498.532688 546.782817 569.563835 596.395037 630.089501 674.756689 693.086539 712.897775 718.962963 695.614456 650.460605 603.464624 572.410602 503.056708 433.560134 357.128649 299.891989 243.353359 145.015938 75.348766 14.531861 -52.498369 -116.202316 -146.761198 -187.009265 -208.224982 -9999.0 -9999.0 -9999.0 -9999.0
-9999.0 -835.621620 -644.520963 -378.390824 -116.863891 29.754775 263.337518 394.104346 477.490341 511.987587 555.538470 663.161362 684.461313 675.634992 660.373113 661.602764 674.952348 678.763991 675.486045 666.933278 658.536969 651.693287 647.434925 636.370490 625.131465 612.022279 599.179730 585.115017 536.346838 502.736568 470.348094 450.772468 412.313664 332.593546 298.206538 267.822623 194.910516 172.760744 149.956310 106.881599 82.052141 64.349675 84.604884 84.071914 84.615579 95.113857 123.850348 154.317825 218.289177 269.051187 310.057067 357.666594 392.149472 439.324556 488.496509 552.529429 581.396451 610.231335 658.712852 697.408374 718.617623 710.476634 681.514205 637.668664 575.792671 503.854941 460.172256 399.402737 336.722383 287.167063 241.922201 162.463901 60.783241 -52.554596 -97.924633 -9999.0 -9999.0 -9999.0 -9999.0 -9999.0
-9999.0 -988.475906 -721.244310 -424.246321 -84.210709 263.205624 378.311758 552.162241 625.545458 561.715645 527.927839 559.504397 591.446967 601.831232 582.875685 577.241131 570.113254 570.633738 583.847211 559.720754 526.732137 506.994853 502.383546 486.264810 458.021877 436.376127 420.653252 399.661608 353.182827 311.138017 239.575036 197.003663 93.006859 14.168786 -36.347956 -87.918010 -145.531797 -149.779028 -135.559481 -153.818145 -176.964744 -196.120622 -170.446905 -154.986536 -144.020339 -153.435551 -143.506801 -106.680594 -53.909717 -6.432596 50.136825 119.461921 190.206488 265.689152 300.222435 347.661878 391.754130 443.928356 520.530808 603.156299 634.275070 671.432376 707.628770 724.584762 680.653422 634.368936 590.807738 545.434131 460.380589 407.979027 377.456378 335.025581 280.406237 -9999.0 -9999.0 -9999.0 -9999.0 -9999.0 -9999.0 -9999.0
-9999.0 -1122.854894 -890.279369 -641.776375 -339.866307 -96.117388 104.865488 251.214536 344.010501 323.009736 328.181645 351.921092 377.254580 397.165635 377.312250 347.397385 325.980790 330.664919 331.282072 311.449339 286.897398 273.317307 270.230803 256.753282 215.334212 187.254005 166.513421 130.408312 80.582257 16.684059 -71.103575 -143.889221 -209.558346 -246.466320 -277.293557 -311.476584 -351.703985 -341.059440 -326.189393 -330.997562 -343.701120 -348.415836 -318.557835 -300.253866 -290.316511 -303.724752 -285.409826 -258.448795 -216.549570 -174.489487 -125.805560 -70.014202 -13.626271 22.914955 44.245551 82.417029 143.863107 234.221681 323.176855 417.069727 493.313522 551.214761 601.002001 636.467913 655.222900 675.724042 666.145400 613.174400 522.310139 485.511265 455.427830 -9999.0 -9999.0 -9999.0 -9999.0 -9999.0 -9999.0 -9999.0 -9999.0 -9999.0
-9999.0 -9999.0 -1127.245526 -935.983354 -774.995264 -591.117500 -442.859486 -332.586777 -257.187126 -167.525433 -77.097340 -2.550206 39.924479 57.791742 37.959549 -4.790256 -31.583698 -31.441371 -40.589152 -55.065298 -80.563592 -91.622517 -102.466312 -112.176970 -128.486014 -137.914916 -144.692300 -157.380704 -181.633023 -229.599757 -283.277945 -336.629997 -392.232365 -417.477977 -439.510683 -462.287354 -465.903752 -467.323471 -460.235916 -459.022388 -453.832958 -442.216091 -421.368259 -400.110573 -390.839314 -384.125856 -371.689304 -348.081002 -314.881893 -274.128735 -222.378095 -167.065756 -128.898675 -116.572871 -125.436019 -118.035330 -92.522611 -40.759215 59.486087 185.122800 295.273618 365.525893 441.171202 497.765087 526.976111 550.872121 587.665527 570.486991 366.161481 484.540522 -9999.0 -9999.0 -9999.0 -9999.0 -9999.0 -9999.0 -9999.0 -9999.0 -9999.0 -9999.0
-9999.0 -9999.0 -9999.0 -9999.0 -1078.950977 -922.094947 -829.642875 -748.819677 -631.302181 -525.503862 -434.496866 -358.328618 -306.187274 -283.251889 -295.125247 -301.623846 -310.291448 -313.897851 -322.680545 -328.928542 -335.408863 -343.751808 -355.237630 -363.104778 -364.076162 -360.663792 -362.614481 -375.654234 -391.354854 -418.990648 -443.282269 -478.474373 -515.413682 -544.266880 -556.988500 -563.802390 -563.316512 -568.516778 -558.817012 -552.563406 -537.758700 -522.334273 -498.349562 -470.209242 -457.890820 -443.901786 -434.365413 -413.680988 -383.932839 -331.313121 -269.470617 -214.518497 -181.745966 -179.240989 -206.582575 -223.378510 -227.141003 -198.961014 -149.472734 -72.990245 40.415776 138.222262 240.299442 298.134278 332.835669 381.593056 453.325501 516.244255 -9999.0 -9999.0 -9999.0 -9999.0 -9999.0 -9999.0 -9999.0 -9999.0 -9999.0 -9999.0 -9999.0 -9999.0
-9999.0 -9999.0 -9999.0 -9999.0 -9999.0 -9999.0 -1136.082209 -1042.198303 -954.845976 -836.590283 -727.507423 -638.480892 -566.188144 -542.491575 -526.177471 -504.361010 -509.269356 -526.082388 -542.324147 -525.955253 -516.727892 -521.355067 -548.321364 -549.694345 -546.180299 -536.568777 -537.432597 -543.178306 -567.534942 -559.476328 -560.818536 -583.417557 -609.042783 -623.144844 -634.381100 -624.218673 -623.175608 -635.398030 -632.698637 -606.788125 -587.223097 -573.795705 -551.293578 -518.310165 -486.540710 -472.556248 -471.859817 -465.901069 -424.512659 -354.432002 -284.649082 -232.302135 -202.732457 -196.567450 -226.365311 -268.681653 -291.774380 -286.504498 -253.190560 -200.511098 -121.902452 -68.195556 -29.411623 -0.839632 34.238736 150.036645 -9999.0 -9999.0 -9999.0 -9999.0 -9999.0 -9999.0 -9999.0 -9999.0 -9999.0 -9999.0 -9999.0 -9999.0 -9999.0 -9999.0
-9999.0 -9999.0 -9999.0 -9999.0 -9999.0 -9999.0 -9999.0 -9999.0 -9999.0 -9999.0 -9999.0 -9999.0 -9999.0 -9999.0 -9999.0 -9999.0 -9999.0 -9999.0 -9999.0 -9999.0 -9999.0 -9999.0 -9999.0 -9999.0 -9999.0 -9999.0 -9999.0 -9999.0 -9999.0 -9999.0 -9999.0 -9999.0 -9999.0 -9999.0 -9999.0 -9999.0 -9999.0 -9999.0 -9999.0 -9999.0 -9999.0 -9999.0 -9999.0 -9999.0 -9999.0 -9999.0 -9999.0 -9999.0 -9999.0 -9999.0 -9999.0 -9999.0 -9999.0 -9999.0 -9999.0 -9999.0 -9999.0 -9999.0 -9999.0 -9999.0 -9999.0 -9999.0 -9999.0 -9999.0 -9999.0 -9999.0 -9999.0 -9999.0 -9999.0 -9999.0 -9999.0 -9999.0 -9999.0 -9999.0 -9999.0 -9999.0 -9999.0 -9999.0 -9999.0 -9999.0
-9999.0 -9999.0 -9999.0 -9999.0 -9999.0 -9999.0 -9999.0 -9999.0 -9999.0 -9999.0 -9999.0 -9999.0 -9999.0 -9999.0 -9999.0 -9999.0 -9999.0 -9999.0 -9999.0 -9999.0 -9999.0 -9999.0 -9999.0 -9999.0 -9999.0 -9999.0 -9999.0 -9999.0 -9999.0 -9999.0 -9999.0 -9999.0 -9999.0 -9999.0 -9999.0 -9999.0 -9999.0 -9999.0 -9999.0 -9999.0 -9999.0 -9999.0 -9999.0 -9999.0 -9999.0 -9999.0 -9999.0 -9999.0 -9999.0 -9999.0 -9999.0 -9999.0 -9999.0 -9999.0 -9999.0 -9999.0 -9999.0 -9999.0 -9999.0 -9999.0 -9999.0 -9999.0 -9999.0 -9999.0 -9999.0 -9999.0 -9999.0 -9999.0 -9999.0 -9999.0 -9999.0 -9999.0 -9999.0 -9999.0 -9999.0 -9999.0 -9999.0 -9999.0 -9999.0 -9999.0