Borden_/Borden1m_014/output_maps/psiliqL0010N0001.asc
ncols         80
nrows         18
xllcorner     620200.000000
yllcorner     5168000.000000
cellsize      1.000000
NODATA_value  -9999.0
-9999.0 -9999.0 -9999.0 -9999.0 -9999.0 -9999.0 -9999.0 -9999.0 -9999.0 -9999.0 -9999.0 -9999.0 -9999.0 -9999.0 -9999.0 -9999.0 -9999.0 -9999.0 -9999.0 -9999.0 -9999.0 -9999.0 -9999.0 -9999.0 -9999.0 -9999.0 -9999.0 -9999.0 -9999.0 -9999.0 -9999.0 -9999.0 -9999.0 -9999.0 -9999.0 -9999.0 -9999.0 -9999.0 -9999.0 -9999.0 -9999.0 -9999.0 -9999.0 -9999.0 -9999.0 -9999.0 -9999.0 -9999.0 -9999.0 -9999.0 -9999.0 -9999.0 -9999.0 -9999.0 -9999.0 -9999.0 -9999.0 -9999.0 -9999.0 -9999.0 -9999.0 -9999.0 -9999.0 -9999.0 -9999.0 -9999.0 -9999.0 -9999.0 -9999.0 -9999.0 -9999.0 -9999.0 -9999.0 -9999.0 -9999.0 -9999.0 -9999.0 -9999.0 -9999.0 -9999.0
-9999.0 -9999.0 -9999.0 -9999.0 -9999.0 -9999.0 -9999.0 -9999.0 -9999.0 -9999.0 -9999.0 -9999.0 -9999.0 -9999.0 -9999.0 -9999.0 -9999.0 -9999.0 -9999.0 -9999.0 -9999.0 -9999.0 -9999.0 -9999.0 -9999.0 -9999.0 -9999.0 -9999.0 -9999.0 -9999.0 -9999.0 -9999.0 -9999.0 -9999.0 -9999.0 -9999.0 -9999.0 -9999.0 -9999.0 -9999.0 -9999.0 -9999.0 -9999.0 -9999.0 -9999.0 -9999.0 -9999.0 -9999.0 -9999.0 -9999.0 -9999.0 -9999.0 -9999.0 -9999.0 -9999.0 -9999.0 -9999.0 -9999.0 -9999.0 -9999.0 -9999.0 -9999.0 -9999.0 -9999.0 -9999.0 -9999.0 -9999.0 -9999.0 -9999.0 -9999.0 -9999.0 -9999.0 -9999.0 -9999.0 -9999.0 -9999.0 -9999.0 -9999.0 -9999.0 -9999.0
-9999.0 -9999.0 -9999.0 -9999.0 -9999.0 -9999.0 -9999.0 -9999.0 -9999.0 -9999.0 -9999.0 -9999.0 -9999.0 -9999.0 -9999.0 -9999.0 -9999.0 -9999.0 -9999.0 -9999.0 126.048230 128.700664 105.961813 71.855526 43.318536 44.774758 78.781525 118.922720 155.944645 165.508605 147.147099 148.535790 143.279858 142.385000 144.834102 150.807259 153.819882 164.855474 172.856453 172.152011 165.737354 160.026974 159.064544 162.216069 167.299404 157.996268 171.742043 187.147459 193.437190 189.018005 162.909365 148.175499 140.648109 126.709420 151.773384 164.627352 187.992298 192.794922 191.985897 165.565924 135.945554 -9999.0 -9999.0 -9999.0 -9999.0 -9999.0 -9999.0 -9999.0 -9999.0 -9999.0 -9999.0 -9999.0 -9999.0 -9999.0 -9999.0 -9999.0 -9999.0 -9999.0 -9999.0 -9999.0
-9999.0 -9999.0 -9999.0 -9999.0 -9999.0 -9999.0 -9999.0 -9999.0 -9999.0 -9999.0 -9999.0 -9999.0 -9999.0 -9999.0 37.341456 27.093433 23.676154 31.522258 64.454133 93.826702 106.095898 98.217782 97.737521 73.733836 52.899200 66.194080 94.644056 124.858318 157.734866 176.948440 164.177711 161.207538 170.999341 197.145163 210.558000 207.626148 187.083694 209.520034 224.849666 233.185880 231.771512 222.832215 236.200869 251.770407 245.096452 228.277186 232.824637 244.894789 258.839432 245.431982 182.817779 163.667000 161.304672 155.956923 143.657072 138.118421 163.690625 165.094262 157.721794 140.694961 109.128422 65.546181 48.189024 87.187042 131.820032 189.773473 -9999.0 -9999.0 -9999.0 -9999.0 -9999.0 -9999.0 -9999.0 -9999.0 -9999.0 -9999.0 -9999.0 -9999.0 -9999.0 -9999.0
-9999.0 -9999.0 -9999.0 -9999.0 -9999.0 -9999.0 -9999.0 -9999.0 -9999.0 -18.271929 -14.734792 -8.124029 -6.779327 8.232692 5.993716 12.374367 19.198308 44.527131 74.438853 108.372576 136.205782 125.745940 125.190894 135.556970 140.232519 151.824382 171.644281 210.182023 248.955246 287.917378 258.879230 256.526220 275.960174 324.782289 360.425185 368.738259 350.928405 356.144676 380.079223 401.927680 399.927957 396.966987 419.620112 432.022888 436.204760 418.698877 404.864079 404.631855 429.800258 381.150625 318.397211 266.557478 269.979882 241.485719 203.797163 183.723248 181.613600 203.902966 190.128553 154.387576 119.421602 110.553519 94.835186 112.311671 135.654532 183.063434 222.108926 251.496525 252.416661 235.705561 -9999.0 -9999.0 -9999.0 -9999.0 -9999.0 -9999.0 -9999.0 -9999.0 -9999.0 -9999.0
-9999.0 -9999.0 -9999.0 -9999.0 -9999.0 -9999.0 -95.941877 -87.359761 -68.087132 -63.304610 -39.451423 -32.851756 -13.337109 4.947862 24.728144 40.280416 69.307117 100.165454 139.584310 181.531095 212.194672 206.257725 214.745795 245.523917 285.983427 317.079205 340.387338 376.398934 446.782932 484.474565 493.854934 500.096960 515.055794 570.959768 637.882968 655.019048 636.014451 621.125559 638.744291 671.325503 675.610591 674.758370 681.786751 690.331870 717.417041 711.125093 674.411375 660.194629 656.128693 642.864410 582.812383 510.445003 473.035870 429.377186 353.852238 299.178301 300.726162 317.708647 289.829104 238.939320 199.239780 190.359694 177.402785 165.311229 172.629404 193.460165 217.890927 230.656610 219.450090 199.883980 177.803471 149.872934 152.201199 177.905687 -9999.0 -9999.0 -9999.0 -9999.0 -9999.0 -9999.0
-9999.0 -9999.0 -9999.0 -9999.0 -145.000077 -133.039058 -145.444846 -122.326428 -91.223171 -58.971454 -28.231805 7.198207 32.557731 60.711975 100.127385 134.642151 174.673041 206.848800 258.922118 325.397950 375.717402 399.074910 410.923449 465.858314 528.171698 590.321686 613.659494 638.297614 673.964327 729.859593 758.183285 771.322958 811.086460 872.992811 920.263791 950.065433 936.981636 932.498693 937.140497 944.603519 962.973875 961.837957 962.507823 964.120224 967.826888 968.766683 951.147569 924.884811 914.205048 903.882864 867.664469 759.775224 708.311096 681.707646 656.374323 605.681468 528.108315 506.710235 455.254986 404.397299 342.956984 321.138277 292.611974 269.907218 243.080786 246.991297 252.781974 235.498642 206.808535 176.707988 163.179613 145.666825 136.195150 166.764169 184.954007 216.118580 -9999.0 -9999.0 -9999.0 -9999.0
-9999.0 -9999.0 -202.247721 -153.312043 -98.194035 -90.779003 -90.512286 -86.856869 -61.254346 -12.245440 62.558278 111.187620 152.109263 181.390653 239.080743 317.457082 384.726619 427.000683 480.826028 550.359934 618.451270 652.360780 666.722703 702.694895 767.087858 867.323734 901.945386 924.151917 945.761604 969.286859 983.211777 997.133197 1010.234374 1019.550929 1023.833002 1024.250816 1023.207525 1021.937742 1008.394076 1006.033309 1010.718752 1012.611521 1014.904013 1004.050671 1000.757447 1011.955926 1014.870609 1015.728943 1015.910315 1019.476441 1018.827793 976.105342 936.329429 926.286003 919.312193 870.965874 769.459293 715.297021 695.255645 655.742426 574.173351 519.015422 470.862899 425.857111 379.172702 352.854691 312.173297 276.039957 234.797198 192.713481 171.757953 155.388040 154.634180 156.297951 173.313001 189.566342 205.508485 213.591858 -9999.0 -9999.0
-9999.0 -301.685077 -229.681332 -103.668031 -26.374849 15.790008 50.182406 74.155751 97.242189 113.609831 215.532715 308.081547 390.955968 421.439117 476.426256 569.725113 652.451337 690.054161 726.318189 795.225542 884.666184 932.197238 954.185099 971.828804 1003.803288 1022.741866 1028.793563 1030.642206 1023.444057 1013.838136 1003.661392 1009.234786 1007.527256 990.896265 968.324869 963.155151 960.116741 942.408154 921.033362 910.210236 912.865361 931.954754 922.013763 904.762450 901.421140 918.468669 933.317086 925.157920 913.474434 925.943747 952.813272 971.967941 993.513041 1010.935692 1029.494608 1005.588316 969.441113 932.266012 916.472094 883.703065 793.135284 717.527316 660.630314 595.787315 532.376139 470.675132 418.472391 368.606771 311.446495 277.203493 250.208222 202.211747 182.450126 186.405972 178.933103 177.416695 184.679127 191.412322 -9999.0 -9999.0
-9999.0 -375.580718 -233.247413 -49.686366 93.908914 149.124489 254.021504 329.751145 354.535517 334.284946 433.338856 636.633175 720.639462 742.009974 848.898852 928.626651 950.211600 971.763307 988.786711 996.706385 1008.891689 1018.051165 1015.542809 1009.726294 999.473110 997.576456 999.281088 996.242870 975.934227 950.121063 931.504509 927.734823 910.980024 863.677519 793.921084 766.417751 752.889992 733.639638 701.281296 676.970156 665.207020 684.111950 674.781741 656.541356 652.041506 673.824789 704.904670 696.636559 698.818151 717.838575 759.129743 812.216877 867.013145 902.661344 936.904754 980.971453 1001.149626 1021.778733 1027.027082 1006.882840 961.362063 912.516926 873.545607 775.741996 693.405671 613.536394 558.519810 509.142708 452.520110 412.864372 370.181832 316.861129 265.146042 244.373039 207.964146 189.157016 -9999.0 -9999.0 -9999.0 -9999.0
-9999.0 -444.713283 -255.217905 5.532980 262.026075 371.208337 555.608236 678.958155 744.434336 845.044587 857.513108 955.666458 976.362000 973.009174 977.230978 981.668043 991.461214 991.208444 985.302148 974.322466 960.061749 954.738497 953.276858 947.198776 938.050940 927.219194 916.788657 902.266902 852.364796 785.475141 742.297000 727.195080 692.636573 601.349473 551.350255 517.530407 467.918064 463.251446 455.739016 429.575985 412.826868 397.558028 415.736409 416.104659 416.346990 421.478696 438.560858 455.033043 491.402268 521.942914 562.429645 613.089801 651.004539 696.059987 750.068335 836.143545 886.888697 919.484687 963.503459 1005.546698 1026.880344 1019.132521 992.494598 945.995096 877.174969 784.178716 737.147517 677.877514 623.305957 568.709896 520.364281 465.052677 404.516825 330.287790 293.135122 -9999.0 -9999.0 -9999.0 -9999.0 -9999.0
-9999.0 -605.542230 -338.918159 -47.861284 269.774495 569.913451 669.072952 824.910075 894.915179 866.431299 864.466934 879.619121 911.644142 917.770432 903.810555 898.540228 888.352909 885.832877 893.419887 857.453260 792.394872 768.364400 765.701864 752.443260 729.224503 712.710155 700.942879 681.275132 630.781132 576.609683 499.145961 477.473012 410.953706 353.530732 310.895333 265.718007 217.732537 217.625680 234.461798 219.631353 198.514664 180.534560 205.713960 221.081792 231.655797 220.928484 228.517841 260.903405 305.562127 343.459264 387.068652 434.917624 474.925158 519.191307 551.905293 607.898752 658.266389 706.915798 793.219076 900.081358 939.903143 976.593863 1014.108011 1030.892733 990.697416 948.156305 915.900259 878.743039 807.859633 732.249578 686.745669 611.481612 548.342927 -9999.0 -9999.0 -9999.0 -9999.0 -9999.0 -9999.0 -9999.0
-9999.0 -737.451925 -509.532841 -268.153173 21.975141 245.555950 406.625951 508.313551 578.000375 593.972084 616.660328 643.863164 671.520824 691.818469 669.303837 632.224522 603.798224 606.160188 602.244002 573.085846 535.491148 517.761774 516.110673 509.422876 485.624831 471.991976 462.775044 442.461725 409.950542 359.348131 283.943143 220.001664 162.781474 131.126598 103.182338 72.063218 35.694762 47.030314 61.683002 57.804344 46.245803 42.245968 71.404104 89.476713 99.068218 85.795687 103.370619 128.634135 167.936636 206.698451 250.587822 299.767797 347.208917 372.392474 384.122610 408.935843 445.744923 495.900235 580.599181 677.855988 757.210524 829.825415 900.408119 939.365565 962.125827 997.216361 994.182158 943.915056 855.474542 866.828839 859.069005 -9999.0 -9999.0 -9999.0 -9999.0 -9999.0 -9999.0 -9999.0 -9999.0 -9999.0
-9999.0 -9999.0 -745.328598 -558.792721 -405.849235 -226.130228 -83.119121 16.468264 87.652078 178.247792 267.186455 338.453025 375.775159 390.348046 373.726618 336.997993 313.139496 313.229233 303.997249 290.792703 267.720039 259.322164 250.481116 243.631860 232.408275 226.621552 222.393581 212.677827 192.181462 148.046352 99.048278 49.604023 -2.387885 -25.942549 -46.607549 -67.976053 -70.328960 -71.944990 -64.987948 -63.501469 -57.785884 -45.966387 -25.564172 -4.466470 4.623566 11.521252 23.350837 45.938965 77.560458 116.758468 166.769528 219.608716 254.636731 263.622147 251.556070 254.466488 272.499125 311.045692 387.826983 465.524908 551.192475 620.535997 696.776847 757.915264 797.949169 864.923429 911.078082 885.275142 597.570830 828.636613 -9999.0 -9999.0 -9999.0 -9999.0 -9999.0 -9999.0 -9999.0 -9999.0 -9999.0 -9999.0
-9999.0 -9999.0 -9999.0 -9999.0 -701.968823 -546.608936 -454.170581 -374.458117 -256.127353 -149.267893 -59.573197 14.159573 65.742875 88.063828 77.660456 74.102257 66.702653 62.737549 54.253584 49.906424 45.575740 38.426957 27.299444 20.404603 20.558021 24.859545 23.444524 11.283092 -3.657960 -28.494670 -50.363625 -83.978546 -119.540912 -147.640109 -159.875618 -165.959501 -165.312468 -170.645609 -161.028806 -154.415705 -139.499906 -124.170491 -100.384362 -72.262703 -59.810894 -45.926899 -36.715661 -16.689957 12.242169 63.477542 123.895081 177.751343 209.284047 210.411853 182.155751 163.751332 157.304109 181.035099 222.023287 283.689609 375.654861 440.400583 496.945711 545.784660 587.981000 656.381137 754.044655 858.091129 -9999.0 -9999.0 -9999.0 -9999.0 -9999.0 -9999.0 -9999.0 -9999.0 -9999.0 -9999.0 -9999.0 -9999.0
-9999.0 -9999.0 -9999.0 -9999.0 -9999.0 -9999.0 -755.929327 -660.912279 -576.234892 -454.325778 -341.529920 -251.187615 -178.533603 -153.909204 -135.867057 -113.396939 -117.543812 -134.412228 -150.974051 -134.051584 -123.645721 -128.252699 -155.396090 -156.254856 -152.183853 -142.657316 -143.450625 -148.843321 -172.666011 -163.252930 -163.501416 -185.560851 -210.655106 -224.199693 -235.171740 -224.852838 -223.748936 -236.064891 -233.721433 -207.566397 -187.836945 -174.502478 -152.259473 -119.406555 -87.743314 -73.709560 -73.107451 -67.495693 -27.196100 41.541750 110.140287 161.767034 190.548797 195.723073 165.250746 122.095111 97.848023 100.720586 130.215501 176.992805 245.611199 287.568482 311.919345 328.457388 351.955471 442.679247 -9999.0 -9999.0 -9999.0 -9999.0 -9999.0 -9999.0 -9999.0 -9999.0 -9999.0 -9999.0 -9999.0 -9999.0 -9999.0 -9999.0
-9999.0 -9999.0 -9999.0 -9999.0 -9999.0 -9999.0 -9999.0 -9999.0 -9999.0 -9999.0 -9999.0 -9999.0 -9999.0 -9999.0 -9999.0 -9999.0 -9999.0 -9999.0 -9999.0 -9999.0 -9999.0 -9999.0 -9999.0 -9999.0 -9999.0 -9999.0 -9999.0 -9999.0 -9999.0 -9999.0 -9999.0 -9999.0 -9999.0 -9999.0 -9999.0 -9999.0 -9999.0 -9999.0 -9999.0 -9999.0 -9999.0 -9999.0 -9999.0 -9999.0 -9999.0 -9999.0 -9999.0 -9999.0 -9999.0 -9999.0 -9999.0 -9999.0 -9999.0 -9999.0 -9999.0 -9999.0 -9999.0 -9999.0 -9999.0 -9999.0 -9999.0 -9999.0 -9999.0 -9999.0 -9999.0 -9999.0 -9999.0 -9999.0 -9999.0 -9999.0 -9999.0 -9999.0 -9999.0 -9999.0 -9999.0 -9999.0 -9999.0 -9999.0 -9999.0 -9999.0
-9999.0 -9999.0 -9999.0 -9999.0 -9999.0 -9999.0 -9999.0 -9999.0 -9999.0 -9999.0 -9999.0 -9999.0 -9999.0 -9999.0 -9999.0 -9999.0 -9999.0 -9999.0 -9999.0 -9999.0 -9999.0 -9999.0 -9999.0 -9999.0 -9999.0 -9999.0 -9999.0 -9999.0 -9999.0 -9999.0 -9999.0 -9999.0 -9999.0 -9999.0 -9999.0 -9999.0 -9999.0 -9999.0 -9999.0 -9999.0 -9999.0 -9999.0 -9999.0 -9999.0 -9999.0 -9999.0 -9999.0 -9999.0 -9999.0 -9999.0 -9999.0 -9999.0 -9999.0 -9999.0 -9999.0 -9999.0 -9999.0 -9999.0 -9999.0 -9999.0 -9999.0 -9999.0 -9999.0 -9999.0 -9999.0 -9999.0 -9999.0 -9999.0 -9999.0 -9999.0 -9999.0 -9999.0 -9999.0 -9999.0 -9999.0 -9999.0 -9999.0 -9999.0 -9999.0 -9999.0