Borden_/Borden1m_014/output_maps/psiliqL0006N0034.asc
ncols         80
nrows         18
xllcorner     620200.000000
yllcorner     5168000.000000
cellsize      1.000000
NODATA_value  -9999.0
-9999.0 -9999.0 -9999.0 -9999.0 -9999.0 -9999.0 -9999.0 -9999.0 -9999.0 -9999.0 -9999.0 -9999.0 -9999.0 -9999.0 -9999.0 -9999.0 -9999.0 -9999.0 -9999.0 -9999.0 -9999.0 -9999.0 -9999.0 -9999.0 -9999.0 -9999.0 -9999.0 -9999.0 -9999.0 -9999.0 -9999.0 -9999.0 -9999.0 -9999.0 -9999.0 -9999.0 -9999.0 -9999.0 -9999.0 -9999.0 -9999.0 -9999.0 -9999.0 -9999.0 -9999.0 -9999.0 -9999.0 -9999.0 -9999.0 -9999.0 -9999.0 -9999.0 -9999.0 -9999.0 -9999.0 -9999.0 -9999.0 -9999.0 -9999.0 -9999.0 -9999.0 -9999.0 -9999.0 -9999.0 -9999.0 -9999.0 -9999.0 -9999.0 -9999.0 -9999.0 -9999.0 -9999.0 -9999.0 -9999.0 -9999.0 -9999.0 -9999.0 -9999.0 -9999.0 -9999.0
-9999.0 -9999.0 -9999.0 -9999.0 -9999.0 -9999.0 -9999.0 -9999.0 -9999.0 -9999.0 -9999.0 -9999.0 -9999.0 -9999.0 -9999.0 -9999.0 -9999.0 -9999.0 -9999.0 -9999.0 -9999.0 -9999.0 -9999.0 -9999.0 -9999.0 -9999.0 -9999.0 -9999.0 -9999.0 -9999.0 -9999.0 -9999.0 -9999.0 -9999.0 -9999.0 -9999.0 -9999.0 -9999.0 -9999.0 -9999.0 -9999.0 -9999.0 -9999.0 -9999.0 -9999.0 -9999.0 -9999.0 -9999.0 -9999.0 -9999.0 -9999.0 -9999.0 -9999.0 -9999.0 -9999.0 -9999.0 -9999.0 -9999.0 -9999.0 -9999.0 -9999.0 -9999.0 -9999.0 -9999.0 -9999.0 -9999.0 -9999.0 -9999.0 -9999.0 -9999.0 -9999.0 -9999.0 -9999.0 -9999.0 -9999.0 -9999.0 -9999.0 -9999.0 -9999.0 -9999.0
-9999.0 -9999.0 -9999.0 -9999.0 -9999.0 -9999.0 -9999.0 -9999.0 -9999.0 -9999.0 -9999.0 -9999.0 -9999.0 -9999.0 -9999.0 -9999.0 -9999.0 -9999.0 -9999.0 -9999.0 -647.375260 -644.219261 -667.438330 -701.829324 -730.628758 -729.228875 -694.569388 -653.875531 -616.419138 -605.913850 -624.399698 -623.459319 -628.991635 -628.977170 -625.850345 -620.094399 -617.861512 -606.065476 -597.406653 -597.586102 -603.873954 -609.873487 -611.634266 -607.883415 -602.906808 -611.328625 -597.692762 -581.960380 -575.066859 -580.256865 -608.024749 -624.002039 -631.748178 -645.753999 -620.695396 -607.464687 -583.806458 -579.061331 -579.776919 -606.772261 -636.808058 -9999.0 -9999.0 -9999.0 -9999.0 -9999.0 -9999.0 -9999.0 -9999.0 -9999.0 -9999.0 -9999.0 -9999.0 -9999.0 -9999.0 -9999.0 -9999.0 -9999.0 -9999.0 -9999.0
-9999.0 -9999.0 -9999.0 -9999.0 -9999.0 -9999.0 -9999.0 -9999.0 -9999.0 -9999.0 -9999.0 -9999.0 -9999.0 -9999.0 -736.495705 -747.139774 -750.662958 -742.620092 -709.300303 -679.815348 -667.255260 -675.291541 -675.742475 -699.804207 -720.345917 -706.689108 -677.975448 -647.052330 -613.109980 -592.335208 -605.845928 -608.901696 -597.880153 -568.405015 -552.074415 -554.572041 -577.232444 -554.064701 -536.550949 -525.590378 -526.394297 -535.341128 -518.809582 -500.862915 -507.809365 -527.156090 -524.963778 -513.114481 -496.841241 -514.447245 -583.118195 -605.667246 -608.261985 -614.534264 -627.331103 -633.640853 -608.333126 -606.668246 -614.467428 -631.939299 -663.663457 -707.394919 -724.633171 -685.818794 -640.666485 -581.663217 -9999.0 -9999.0 -9999.0 -9999.0 -9999.0 -9999.0 -9999.0 -9999.0 -9999.0 -9999.0 -9999.0 -9999.0 -9999.0 -9999.0
-9999.0 -9999.0 -9999.0 -9999.0 -9999.0 -9999.0 -9999.0 -9999.0 -9999.0 -791.808696 -788.847978 -782.259678 -781.175419 -766.086988 -768.120227 -761.787913 -754.204267 -729.111874 -698.743425 -664.123211 -635.418116 -646.285881 -646.497960 -633.945019 -626.079630 -612.655793 -591.646783 -549.479676 -502.690247 -455.123398 -484.884492 -486.040791 -462.425235 -398.923573 -343.005313 -326.238724 -353.368799 -350.338449 -312.928290 -274.237055 -269.052404 -268.996875 -235.848138 -218.623270 -210.756509 -234.775564 -265.433008 -271.515687 -240.880894 -311.684796 -401.970565 -471.593589 -475.516354 -512.094960 -558.222442 -582.950323 -586.283869 -563.017058 -578.530057 -616.304292 -652.744158 -661.197551 -677.080964 -660.441638 -637.018582 -588.896179 -549.528217 -519.778412 -518.798072 -536.073840 -9999.0 -9999.0 -9999.0 -9999.0 -9999.0 -9999.0 -9999.0 -9999.0 -9999.0 -9999.0
-9999.0 -9999.0 -9999.0 -9999.0 -9999.0 -9999.0 -869.163719 -861.060587 -842.119490 -836.914712 -813.604776 -806.681823 -786.903597 -768.277787 -748.893344 -732.539740 -702.067083 -670.246765 -628.600363 -583.208407 -549.075402 -552.517971 -541.200987 -501.379076 -447.397547 -403.628091 -370.367521 -313.163603 -207.772767 -149.296270 -128.467929 -119.118449 -107.982395 -69.634335 -10.559430 8.142257 -13.148235 -28.925847 -8.858582 35.396643 86.354118 91.343917 98.817153 106.575814 132.069986 122.584864 42.049951 12.746773 2.998354 -9.285573 -59.319708 -114.876788 -168.521004 -231.254309 -342.779727 -423.664887 -431.536873 -417.997868 -457.353392 -517.041479 -563.275178 -574.554327 -589.353214 -603.756011 -598.090738 -577.801021 -553.143294 -540.818359 -552.568710 -572.508766 -595.203256 -623.596531 -621.495801 -595.498052 -9999.0 -9999.0 -9999.0 -9999.0 -9999.0 -9999.0
-9999.0 -9999.0 -9999.0 -9999.0 -918.239280 -906.396493 -918.299653 -895.810053 -864.858494 -832.896482 -801.372564 -764.883406 -738.850985 -710.129929 -668.450400 -628.871116 -582.941902 -545.633846 -483.542959 -397.407212 -320.914802 -276.946808 -247.545098 -167.922249 -101.316137 -54.738443 -36.714912 -8.561469 41.269655 137.801219 165.123264 173.464097 191.393406 204.188282 256.889747 288.564746 272.719346 264.195215 270.747198 280.978365 308.076750 309.840855 311.399676 311.809830 314.002789 314.376101 289.836372 255.065405 245.505041 238.166324 217.487580 154.124215 73.996438 36.202383 7.808463 -37.425096 -101.288074 -128.432122 -196.952572 -269.708286 -368.596969 -408.433291 -450.945711 -482.737177 -517.543635 -517.784437 -514.865693 -534.474195 -564.371859 -595.720377 -609.902503 -627.877358 -637.241613 -606.742754 -588.511765 -556.649794 -9999.0 -9999.0 -9999.0 -9999.0
-9999.0 -9999.0 -974.896993 -925.277939 -870.529950 -862.797010 -860.755676 -856.899156 -831.478911 -782.526532 -704.083364 -650.288742 -602.902275 -571.719501 -506.108459 -401.517183 -288.384389 -219.102770 -146.341479 -82.749336 -25.524450 17.581477 73.079040 117.778712 164.437983 214.878526 235.923163 258.960180 284.972540 315.275517 339.072854 355.397186 360.780808 355.411461 355.804796 354.791905 352.062565 346.818789 330.797573 328.867987 336.631235 339.615250 342.907103 330.545083 326.708907 339.069836 340.443849 339.892930 342.139430 350.154749 359.527223 329.092302 275.815173 262.294965 256.796350 217.790103 154.164923 79.116459 50.303270 8.330979 -68.985089 -118.012707 -176.699036 -245.165866 -326.747251 -380.031526 -440.213151 -485.771912 -532.235827 -577.111788 -599.677381 -617.349310 -618.599717 -617.040548 -600.309658 -583.980156 -567.980917 -559.868119 -9999.0 -9999.0
-9999.0 -1071.034573 -999.506268 -872.496232 -795.286522 -751.495954 -709.895253 -679.272563 -656.129464 -644.748722 -529.810564 -395.925455 -270.017063 -227.810758 -159.789990 -58.385394 71.424011 112.678318 142.126365 185.080472 233.342312 275.254772 303.152783 334.485319 359.602765 357.580708 355.145575 354.906302 346.987280 339.803760 329.285199 337.396530 335.879642 320.229958 307.365180 305.610887 300.789778 273.661357 248.485149 236.081195 240.774199 261.805877 251.607233 231.680572 227.980352 247.721508 263.211419 254.318508 243.911113 260.398807 292.635838 312.315700 328.366366 342.344951 362.539636 340.276742 307.367489 267.895997 250.526027 223.342013 137.134174 71.532390 17.328958 -47.219818 -108.447205 -183.095737 -265.500763 -351.325993 -434.765256 -478.746602 -511.642750 -564.990706 -588.267649 -585.733011 -594.457853 -596.322203 -589.068131 -582.323608 -9999.0 -9999.0
-9999.0 -1139.535366 -996.744733 -811.945860 -667.003749 -603.499443 -471.008362 -366.328184 -325.214111 -353.923219 -199.612229 63.851379 138.878243 145.602565 202.650228 274.026223 315.742457 340.687339 356.030101 349.858979 345.071817 348.684774 345.186787 337.926143 324.405792 316.734525 316.114810 313.446430 294.161808 275.168570 246.930368 257.174738 243.439876 207.973355 175.661317 159.135851 134.304977 90.615314 52.147554 24.967520 12.212097 31.954710 21.496601 2.572624 -1.201265 22.955848 56.081288 49.836216 54.721334 77.898707 122.812071 188.541542 212.022131 238.756518 273.142029 313.446836 332.067751 351.317707 356.871592 333.487181 292.115332 244.415395 212.344823 122.971043 46.811930 -33.775243 -90.566528 -140.991645 -215.065141 -277.207100 -349.386301 -426.469774 -493.367444 -523.480825 -563.028124 -584.110201 -9999.0 -9999.0 -9999.0 -9999.0
-9999.0 -1199.755031 -1008.689257 -742.375677 -485.342640 -310.737602 -107.277855 31.786211 148.824703 158.221933 235.500077 327.466411 342.469608 329.164710 307.199870 305.293942 316.498634 319.172983 315.139983 304.846278 293.140733 289.142818 286.859361 280.295842 268.555429 253.718801 241.871166 227.881924 161.223978 123.994313 93.396781 78.871282 44.687121 -41.691618 -79.631011 -106.049740 -162.610338 -179.058401 -196.752803 -233.191469 -257.516233 -275.662547 -254.181278 -256.600809 -256.866660 -244.625641 -217.534230 -195.743194 -147.678160 -111.231464 -72.187187 -19.711041 14.956355 59.340742 111.744616 194.731790 225.727361 250.960547 294.404940 334.072592 355.450070 347.411938 318.064954 278.770869 214.446201 116.999492 61.978424 -11.324276 -70.541132 -112.741394 -147.062036 -202.078396 -291.363700 -424.257171 -471.850820 -9999.0 -9999.0 -9999.0 -9999.0 -9999.0
-9999.0 -1345.109270 -1078.110251 -780.410051 -429.604896 -96.422937 7.480120 218.656371 289.482003 218.800190 160.212015 214.046512 250.683913 253.836852 230.813722 221.439420 215.616907 215.187425 226.974825 193.544713 138.515874 120.828309 118.720929 106.812002 84.329806 65.694570 51.378159 29.725536 -24.087639 -69.463464 -133.173509 -161.705971 -247.636762 -344.164738 -408.600773 -465.998274 -524.285578 -527.606049 -512.727549 -531.536042 -554.846924 -574.420565 -548.637510 -533.773535 -523.082109 -532.449289 -522.838158 -486.303907 -431.581613 -377.683176 -306.271997 -229.232616 -171.866333 -114.338298 -82.259118 -28.746526 18.471736 66.092761 141.771453 243.224275 275.714099 308.491157 344.516426 361.054026 318.470852 271.926249 215.623739 118.615024 17.562908 -27.076910 -44.616675 -68.205807 -112.360735 -9999.0 -9999.0 -9999.0 -9999.0 -9999.0 -9999.0 -9999.0
-9999.0 -1480.965172 -1243.749446 -991.913790 -689.487000 -441.957235 -226.612283 -100.050574 23.932695 -40.129785 -46.819151 -18.972323 11.887205 33.310330 9.655818 -25.376557 -49.663970 -46.294091 -46.217021 -69.566636 -98.055645 -110.831729 -111.807406 -119.638083 -149.027540 -170.227610 -185.267483 -213.783193 -262.860515 -341.556538 -448.237828 -521.516955 -586.676853 -625.064146 -656.292919 -689.902262 -729.722927 -718.805147 -703.482416 -708.498774 -721.559287 -726.730362 -697.127966 -679.206517 -669.364017 -683.480932 -665.590328 -638.895731 -597.111021 -555.633523 -507.035047 -449.117948 -386.504754 -342.856575 -314.682786 -266.218720 -207.156153 -136.371789 -56.706749 40.807382 116.299139 189.129290 241.646906 273.292186 288.942829 304.342623 296.048414 229.196942 42.553749 10.918169 8.512516 -9999.0 -9999.0 -9999.0 -9999.0 -9999.0 -9999.0 -9999.0 -9999.0 -9999.0
-9999.0 -9999.0 -1482.988757 -1288.182426 -1120.775639 -933.763355 -781.133614 -681.091385 -613.731526 -532.373080 -441.039646 -353.646298 -299.997961 -278.491619 -304.662087 -363.287025 -399.059570 -399.178774 -410.115339 -428.828809 -459.339032 -471.093255 -481.116905 -489.882250 -506.234295 -515.332999 -521.409963 -533.493985 -557.874642 -606.548031 -661.785884 -714.118565 -768.302851 -792.548360 -814.033913 -836.698266 -840.754411 -841.706334 -834.510044 -833.487444 -828.822388 -817.637274 -796.988411 -776.265755 -767.288042 -761.159390 -748.987694 -725.924226 -693.419850 -653.614386 -602.395228 -547.554795 -509.804804 -498.066956 -507.791245 -500.376908 -474.395020 -419.023281 -295.196957 -175.894083 -84.094778 -13.995704 57.839004 106.669943 126.713786 171.149439 209.400769 105.442149 -64.229697 -36.438911 -9999.0 -9999.0 -9999.0 -9999.0 -9999.0 -9999.0 -9999.0 -9999.0 -9999.0 -9999.0
-9999.0 -9999.0 -9999.0 -9999.0 -1431.065095 -1272.860144 -1180.412515 -1100.219906 -985.187870 -884.130683 -797.424930 -725.346840 -676.641086 -654.475559 -668.588107 -678.543124 -688.329461 -691.027341 -699.162448 -706.122441 -713.146903 -720.789181 -730.760985 -738.132969 -739.248654 -736.117334 -737.760805 -750.213193 -764.878176 -792.965276 -817.534984 -852.316839 -889.055007 -917.685698 -930.322447 -937.512837 -937.007537 -941.969907 -932.220195 -926.423010 -911.895503 -896.626984 -872.840354 -845.143011 -833.303035 -819.561993 -810.125815 -789.582800 -760.440809 -708.862090 -647.888268 -593.417651 -561.247742 -559.410169 -587.987650 -605.694571 -610.308936 -582.926690 -533.334352 -454.740749 -320.636135 -215.506879 -134.573496 -89.597034 -59.340816 -12.956350 29.170407 39.484464 -9999.0 -9999.0 -9999.0 -9999.0 -9999.0 -9999.0 -9999.0 -9999.0 -9999.0 -9999.0 -9999.0 -9999.0
-9999.0 -9999.0 -9999.0 -9999.0 -9999.0 -9999.0 -1489.840224 -1397.156809 -1308.476576 -1194.100270 -1089.314874 -1003.178897 -933.318383 -911.677237 -897.718019 -877.264808 -882.596996 -898.574593 -913.784855 -898.170710 -890.090167 -894.296669 -920.172842 -921.785358 -918.756841 -909.152622 -909.909832 -915.595963 -939.772135 -932.727074 -934.704422 -957.168610 -982.714048 -996.942658 -1008.230864 -998.116340 -997.071756 -1009.150484 -1006.176853 -980.624298 -961.419597 -948.119367 -925.674617 -892.982287 -861.517841 -847.874058 -847.291626 -841.387173 -800.014092 -730.794760 -662.087270 -610.394092 -581.324085 -575.563726 -606.309637 -649.695095 -673.739986 -669.555937 -637.431882 -585.567765 -507.115557 -452.597470 -411.391505 -376.906113 -331.814022 -204.997361 -9999.0 -9999.0 -9999.0 -9999.0 -9999.0 -9999.0 -9999.0 -9999.0 -9999.0 -9999.0 -9999.0 -9999.0 -9999.0 -9999.0
-9999.0 -9999.0 -9999.0 -9999.0 -9999.0 -9999.0 -9999.0 -9999.0 -9999.0 -9999.0 -9999.0 -9999.0 -9999.0 -9999.0 -9999.0 -9999.0 -9999.0 -9999.0 -9999.0 -9999.0 -9999.0 -9999.0 -9999.0 -9999.0 -9999.0 -9999.0 -9999.0 -9999.0 -9999.0 -9999.0 -9999.0 -9999.0 -9999.0 -9999.0 -9999.0 -9999.0 -9999.0 -9999.0 -9999.0 -9999.0 -9999.0 -9999.0 -9999.0 -9999.0 -9999.0 -9999.0 -9999.0 -9999.0 -9999.0 -9999.0 -9999.0 -9999.0 -9999.0 -9999.0 -9999.0 -9999.0 -9999.0 -9999.0 -9999.0 -9999.0 -9999.0 -9999.0 -9999.0 -9999.0 -9999.0 -9999.0 -9999.0 -9999.0 -9999.0 -9999.0 -9999.0 -9999.0 -9999.0 -9999.0 -9999.0 -9999.0 -9999.0 -9999.0 -9999.0 -9999.0
-9999.0 -9999.0 -9999.0 -9999.0 -9999.0 -9999.0 -9999.0 -9999.0 -9999.0 -9999.0 -9999.0 -9999.0 -9999.0 -9999.0 -9999.0 -9999.0 -9999.0 -9999.0 -9999.0 -9999.0 -9999.0 -9999.0 -9999.0 -9999.0 -9999.0 -9999.0 -9999.0 -9999.0 -9999.0 -9999.0 -9999.0 -9999.0 -9999.0 -9999.0 -9999.0 -9999.0 -9999.0 -9999.0 -9999.0 -9999.0 -9999.0 -9999.0 -9999.0 -9999.0 -9999.0 -9999.0 -9999.0 -9999.0 -9999.0 -9999.0 -9999.0 -9999.0 -9999.0 -9999.0 -9999.0 -9999.0 -9999.0 -9999.0 -9999.0 -9999.0 -9999.0 -9999.0 -9999.0 -9999.0 -9999.0 -9999.0 -9999.0 -9999.0 -9999.0 -9999.0 -9999.0 -9999.0 -9999.0 -9999.0 -9999.0 -9999.0 -9999.0 -9999.0 -9999.0 -9999.0