Borden_/Borden1m_014/output_maps/psiliqL0000N0026.asc
ncols         80
nrows         18
xllcorner     620200.000000
yllcorner     5168000.000000
cellsize      1.000000
NODATA_value  -9999.0
-9999.0 -9999.0 -9999.0 -9999.0 -9999.0 -9999.0 -9999.0 -9999.0 -9999.0 -9999.0 -9999.0 -9999.0 -9999.0 -9999.0 -9999.0 -9999.0 -9999.0 -9999.0 -9999.0 -9999.0 -9999.0 -9999.0 -9999.0 -9999.0 -9999.0 -9999.0 -9999.0 -9999.0 -9999.0 -9999.0 -9999.0 -9999.0 -9999.0 -9999.0 -9999.0 -9999.0 -9999.0 -9999.0 -9999.0 -9999.0 -9999.0 -9999.0 -9999.0 -9999.0 -9999.0 -9999.0 -9999.0 -9999.0 -9999.0 -9999.0 -9999.0 -9999.0 -9999.0 -9999.0 -9999.0 -9999.0 -9999.0 -9999.0 -9999.0 -9999.0 -9999.0 -9999.0 -9999.0 -9999.0 -9999.0 -9999.0 -9999.0 -9999.0 -9999.0 -9999.0 -9999.0 -9999.0 -9999.0 -9999.0 -9999.0 -9999.0 -9999.0 -9999.0 -9999.0 -9999.0
-9999.0 -9999.0 -9999.0 -9999.0 -9999.0 -9999.0 -9999.0 -9999.0 -9999.0 -9999.0 -9999.0 -9999.0 -9999.0 -9999.0 -9999.0 -9999.0 -9999.0 -9999.0 -9999.0 -9999.0 -9999.0 -9999.0 -9999.0 -9999.0 -9999.0 -9999.0 -9999.0 -9999.0 -9999.0 -9999.0 -9999.0 -9999.0 -9999.0 -9999.0 -9999.0 -9999.0 -9999.0 -9999.0 -9999.0 -9999.0 -9999.0 -9999.0 -9999.0 -9999.0 -9999.0 -9999.0 -9999.0 -9999.0 -9999.0 -9999.0 -9999.0 -9999.0 -9999.0 -9999.0 -9999.0 -9999.0 -9999.0 -9999.0 -9999.0 -9999.0 -9999.0 -9999.0 -9999.0 -9999.0 -9999.0 -9999.0 -9999.0 -9999.0 -9999.0 -9999.0 -9999.0 -9999.0 -9999.0 -9999.0 -9999.0 -9999.0 -9999.0 -9999.0 -9999.0 -9999.0
-9999.0 -9999.0 -9999.0 -9999.0 -9999.0 -9999.0 -9999.0 -9999.0 -9999.0 -9999.0 -9999.0 -9999.0 -9999.0 -9999.0 -9999.0 -9999.0 -9999.0 -9999.0 -9999.0 -9999.0 -586.996823 -586.093915 -587.978968 -590.088545 -591.870806 -592.108131 -590.113331 -587.827009 -585.175439 -584.635826 -586.820395 -586.287282 -587.162170 -587.634863 -587.670927 -587.078946 -586.808465 -585.944018 -585.396724 -585.650401 -586.305331 -586.772377 -587.241049 -587.099270 -586.350777 -587.334495 -585.857869 -584.400987 -583.878858 -583.881403 -585.857751 -586.671774 -586.953699 -588.645664 -585.580287 -584.688511 -582.416102 -582.204050 -581.757199 -584.313944 -586.802656 -9999.0 -9999.0 -9999.0 -9999.0 -9999.0 -9999.0 -9999.0 -9999.0 -9999.0 -9999.0 -9999.0 -9999.0 -9999.0 -9999.0 -9999.0 -9999.0 -9999.0 -9999.0 -9999.0
-9999.0 -9999.0 -9999.0 -9999.0 -9999.0 -9999.0 -9999.0 -9999.0 -9999.0 -9999.0 -9999.0 -9999.0 -9999.0 -9999.0 -590.317884 -591.350717 -591.832892 -592.156253 -590.370285 -588.992318 -588.973917 -590.046343 -589.152859 -591.193838 -592.985535 -591.888286 -590.370694 -589.147496 -587.059289 -585.410729 -586.953599 -587.332290 -586.497267 -583.505779 -582.160466 -582.786477 -586.294298 -583.038727 -581.367435 -580.256867 -580.394028 -581.992805 -579.732882 -577.102289 -578.451725 -581.222653 -580.688105 -579.174791 -576.580617 -577.931373 -586.490112 -587.358125 -586.897816 -586.708912 -587.833983 -588.674171 -585.594396 -586.041364 -586.540604 -587.047735 -588.785949 -591.628767 -592.897087 -589.928501 -587.287429 -581.722075 -9999.0 -9999.0 -9999.0 -9999.0 -9999.0 -9999.0 -9999.0 -9999.0 -9999.0 -9999.0 -9999.0 -9999.0 -9999.0 -9999.0
-9999.0 -9999.0 -9999.0 -9999.0 -9999.0 -9999.0 -9999.0 -9999.0 -9999.0 -591.895913 -592.211399 -591.940683 -592.642412 -591.766333 -593.286964 -592.950458 -593.220810 -592.021161 -591.064071 -589.363962 -587.028112 -588.788376 -589.013157 -587.728849 -587.509377 -587.026992 -586.024269 -582.134385 -577.567531 -570.189110 -576.462132 -576.716576 -573.321800 -560.119288 -547.518570 -543.423824 -550.254356 -550.399779 -542.064368 -531.487520 -531.373781 -532.354206 -520.380343 -512.672657 -506.761200 -518.829831 -530.079323 -531.865056 -517.222183 -541.409511 -560.193156 -574.664978 -573.810074 -578.528053 -583.570370 -585.421204 -586.142398 -582.543272 -583.906760 -587.128581 -589.714317 -588.821429 -590.278219 -588.878412 -587.921861 -583.723271 -579.897083 -576.088688 -575.892062 -578.337633 -9999.0 -9999.0 -9999.0 -9999.0 -9999.0 -9999.0 -9999.0 -9999.0 -9999.0 -9999.0
-9999.0 -9999.0 -9999.0 -9999.0 -9999.0 -9999.0 -593.564965 -593.720875 -593.184505 -595.045688 -593.804761 -594.726029 -593.802322 -593.419139 -592.851975 -592.853226 -591.288474 -589.945841 -587.602092 -584.415853 -581.387682 -583.002243 -582.208690 -577.718071 -568.355489 -559.228143 -553.465804 -542.703618 -500.624747 -446.521733 -419.648062 -405.323663 -386.511413 -361.074311 -310.723704 -240.104436 -314.642798 -334.298316 -320.524333 -280.789865 -190.083762 -189.398537 -184.419541 -177.557523 -151.646982 -155.800715 -275.138692 -304.396197 -312.677688 -320.061836 -354.830437 -392.198732 -462.783333 -513.741944 -548.172460 -564.090237 -567.063511 -564.873034 -571.082375 -578.998095 -583.581746 -583.574697 -584.442247 -586.136385 -585.394546 -583.725272 -581.060671 -579.372955 -580.657279 -582.373053 -583.634338 -586.405128 -585.962319 -583.263942 -9999.0 -9999.0 -9999.0 -9999.0 -9999.0 -9999.0
-9999.0 -9999.0 -9999.0 -9999.0 -596.351255 -595.521348 -598.036827 -596.658476 -595.602836 -594.831359 -594.877678 -593.431313 -593.071580 -592.062226 -589.821588 -588.033759 -584.818907 -582.408149 -575.378515 -559.515635 -542.982651 -532.077862 -525.117802 -465.089775 -385.031993 -351.356103 -340.038822 -319.745100 -273.250847 -144.384041 -119.076058 -144.572333 -97.156780 -106.412613 -32.579912 0.809250 -17.828291 -61.996546 -22.057928 -14.924894 7.916686 8.206971 9.113098 9.072918 11.039703 13.008980 -5.586989 -74.282526 -47.025761 -52.789164 -111.645699 -130.065606 -240.828661 -280.921753 -304.200993 -337.639620 -383.021475 -408.946070 -491.837046 -529.715853 -554.656252 -562.967819 -570.514653 -574.200450 -579.025829 -578.215924 -576.926422 -579.332611 -582.361900 -585.200222 -585.509185 -586.724017 -588.111997 -584.636359 -583.435304 -579.605970 -9999.0 -9999.0 -9999.0 -9999.0
-9999.0 -9999.0 -596.415379 -596.381955 -594.156598 -595.593926 -596.396159 -597.619047 -597.175014 -595.049324 -590.894244 -589.126578 -586.255612 -584.784805 -577.942620 -559.232184 -534.650489 -510.683443 -435.808514 -374.148760 -332.852248 -295.614789 -202.940254 -166.583328 -153.797199 -75.322692 -95.199793 -34.684134 -11.664095 12.714963 38.322505 52.509956 60.380428 50.793482 53.286330 48.072510 49.215606 43.831744 27.604721 25.368196 32.850494 34.203506 38.313687 25.789380 22.219730 34.495009 37.020561 36.595930 40.381866 46.521675 58.915156 29.821706 -22.139028 -32.444455 -76.754634 -72.214132 -131.015680 -233.061190 -265.024543 -303.910152 -362.912092 -395.361222 -468.676123 -521.953204 -547.244519 -558.094318 -568.286417 -574.330639 -579.670939 -584.473206 -585.888376 -586.722777 -586.036576 -586.542589 -584.698266 -583.308898 -581.202941 -580.414891 -9999.0 -9999.0
-9999.0 -596.932317 -597.763705 -593.775858 -593.227343 -592.447568 -591.243304 -590.217517 -589.179537 -590.913531 -579.487330 -555.162575 -526.962572 -514.367910 -452.323856 -355.700924 -198.878604 -168.347225 -169.048499 -103.596155 -56.680701 -19.480411 3.760897 35.905228 60.093121 52.139554 52.389557 48.044929 41.958568 33.403485 23.096411 31.366594 29.704020 15.677124 4.563917 3.437809 1.045147 -32.655608 -46.711885 -58.435578 -53.183709 -32.336207 -81.535924 -62.144416 -65.951820 -46.908018 -31.716705 -76.571115 -52.289081 -36.714734 -7.731515 8.972665 25.603164 38.498579 59.505285 36.737232 4.915318 -29.947826 -79.139857 -65.907711 -177.022352 -240.479950 -293.054503 -349.131023 -391.392903 -474.529509 -530.308919 -552.736886 -568.014100 -573.432807 -576.724968 -583.429490 -585.130048 -583.697083 -584.583932 -584.683409 -583.855842 -583.216355 -9999.0 -9999.0
-9999.0 -600.538202 -596.898140 -592.709692 -587.440212 -586.721270 -566.717592 -546.448129 -538.867950 -549.841709 -486.831607 -192.705030 -133.356372 -132.974556 -82.256177 -15.849627 23.606842 44.955269 59.396928 47.549331 43.931792 43.925552 39.869427 31.700081 17.878638 10.597218 10.666517 8.955399 -6.542959 -23.427988 -70.611136 -38.110828 -50.519678 -83.302864 -113.905670 -125.180712 -146.517772 -220.079440 -264.261975 -293.632725 -306.198622 -287.081606 -297.361561 -314.482289 -317.833731 -295.736132 -262.429705 -267.606988 -260.798339 -236.219338 -191.124593 -101.893198 -82.952502 -58.316819 -55.039353 9.613397 27.946417 45.949228 53.763359 29.085041 -7.487363 -51.219595 -77.692999 -189.407962 -261.591612 -334.435874 -375.292791 -406.324041 -494.325641 -529.045579 -549.435424 -565.049563 -575.489028 -577.759746 -582.609089 -583.343757 -9999.0 -9999.0 -9999.0 -9999.0
-9999.0 -600.417260 -596.791586 -588.614335 -567.908129 -531.306572 -385.981346 -269.810010 -88.945460 -148.569655 -22.830968 44.806726 53.025749 35.469096 9.385555 5.424873 14.479389 16.400542 12.314431 3.398987 -5.504650 -9.162456 -40.393820 -18.100650 -29.904192 -42.976956 -53.353834 -62.500363 -155.567022 -191.978288 -219.189090 -236.360416 -270.415240 -344.308969 -368.759674 -385.955033 -456.317863 -473.942040 -490.353719 -515.482225 -525.215495 -531.044037 -523.070033 -525.259288 -526.051624 -520.890973 -506.273074 -492.161248 -435.946727 -391.978443 -367.186601 -328.880899 -298.130285 -253.808581 -202.032658 -95.636690 -69.122581 -43.750317 -31.947922 29.755567 50.475351 42.065354 15.375752 -18.548642 -73.342523 -191.587997 -239.852485 -299.263290 -350.018940 -382.072256 -405.182456 -474.966670 -533.155021 -562.573490 -569.734216 -9999.0 -9999.0 -9999.0 -9999.0 -9999.0
-9999.0 -605.077347 -596.124990 -589.365300 -550.771483 -374.097681 -292.173048 -15.730932 33.689840 -33.443503 -151.889832 -66.024523 -84.804425 -34.069671 -58.409844 -67.439465 -73.509888 -74.119333 -62.682955 -89.453906 -171.198326 -189.416135 -192.123748 -205.336277 -229.473137 -249.357461 -264.523492 -285.610716 -333.391331 -364.499612 -407.760724 -448.040189 -519.636763 -547.918482 -560.445951 -570.708194 -579.724300 -579.548624 -576.792603 -579.268718 -581.841777 -584.548964 -581.332022 -579.873774 -578.433134 -580.211287 -579.722222 -575.183742 -567.261863 -557.953558 -542.214311 -516.141429 -470.492399 -395.612329 -374.089932 -336.111200 -295.759468 -246.922721 -172.856561 -49.548982 -25.936974 4.743979 40.121410 59.311726 21.530289 -12.682988 -64.811331 -176.726753 -260.021656 -301.949502 -324.230534 -350.389856 -384.349262 -9999.0 -9999.0 -9999.0 -9999.0 -9999.0 -9999.0 -9999.0
-9999.0 -608.142667 -598.223351 -596.315604 -584.086139 -555.057999 -487.968718 -369.618273 -199.501302 -331.923089 -345.474165 -326.497468 -302.587391 -283.271795 -304.427093 -331.191661 -348.251086 -344.831724 -343.032582 -358.870289 -377.189272 -384.871731 -385.658661 -394.694630 -435.841095 -463.219279 -478.461714 -501.907503 -525.928470 -546.802371 -569.208197 -578.668805 -584.991007 -587.159886 -588.717614 -590.347437 -593.522098 -591.809042 -590.472776 -590.840964 -591.868955 -592.662051 -590.346249 -589.569251 -588.834086 -591.007952 -589.532997 -588.208463 -585.162670 -581.992657 -577.292272 -569.985906 -559.864786 -551.665184 -544.812254 -531.076556 -502.714930 -416.956813 -356.983910 -270.685365 -196.846108 -100.584920 -52.683299 -53.564006 0.017107 7.203336 16.542400 -4.857470 -228.111636 -257.354084 -268.849921 -9999.0 -9999.0 -9999.0 -9999.0 -9999.0 -9999.0 -9999.0 -9999.0 -9999.0
-9999.0 -9999.0 -609.897137 -605.649414 -601.660559 -597.887342 -592.635152 -585.467155 -580.071715 -572.513591 -560.274877 -544.690276 -533.046555 -527.004973 -535.082255 -549.487767 -557.003616 -556.441312 -558.340448 -562.153134 -568.637245 -571.040248 -572.563190 -573.775954 -576.339080 -577.409224 -577.846425 -578.749190 -580.726109 -585.031396 -588.741778 -591.186177 -593.881308 -593.749178 -594.180187 -595.139982 -594.414222 -594.586830 -594.330838 -594.487810 -594.311815 -593.911376 -593.402019 -592.711628 -592.698093 -592.528053 -592.274509 -591.493643 -590.286981 -588.700916 -585.515516 -580.671810 -576.810218 -575.833856 -577.840375 -577.123414 -574.149969 -566.737043 -539.227811 -465.662309 -377.186010 -322.346596 -252.109053 -203.300315 -175.178744 -106.587940 -49.122410 -178.010109 -289.118484 -281.922403 -9999.0 -9999.0 -9999.0 -9999.0 -9999.0 -9999.0 -9999.0 -9999.0 -9999.0 -9999.0
-9999.0 -9999.0 -9999.0 -9999.0 -611.202132 -605.604966 -600.555341 -601.030686 -597.465301 -595.437366 -593.473174 -591.011863 -589.001738 -587.590728 -589.516965 -590.093543 -590.505436 -590.174568 -590.530197 -591.082126 -591.385420 -591.684072 -591.914087 -592.337115 -592.207323 -591.848641 -591.742264 -592.445253 -592.413279 -593.838397 -594.071193 -594.856269 -595.623417 -596.502190 -596.322444 -596.452509 -596.065714 -596.469946 -595.831260 -596.249379 -595.790744 -595.589111 -595.020305 -594.095093 -594.501467 -593.963133 -593.941755 -593.214232 -592.962934 -591.045791 -587.853154 -584.045160 -581.381045 -581.496450 -584.922301 -586.272326 -587.028508 -584.838001 -580.963056 -572.177519 -546.191499 -508.807616 -414.621215 -374.862217 -351.111924 -309.245720 -255.789629 -236.750345 -9999.0 -9999.0 -9999.0 -9999.0 -9999.0 -9999.0 -9999.0 -9999.0 -9999.0 -9999.0 -9999.0 -9999.0
-9999.0 -9999.0 -9999.0 -9999.0 -9999.0 -9999.0 -609.047173 -606.385810 -607.019623 -605.239122 -603.711215 -602.439801 -600.321234 -600.742318 -600.249330 -598.542042 -598.837358 -599.642159 -600.651694 -599.129218 -598.534801 -598.353882 -600.029291 -599.566538 -599.428260 -598.762685 -598.830926 -598.543223 -600.025641 -598.354321 -597.569399 -597.898022 -598.214446 -597.899371 -598.283892 -597.189458 -597.060677 -597.931603 -598.169130 -596.932974 -596.603887 -596.799352 -596.561435 -595.721192 -594.475360 -594.313934 -594.898455 -595.706820 -594.404247 -591.434928 -588.053941 -584.987936 -582.925394 -582.199258 -585.045794 -588.796399 -590.626834 -590.855899 -589.304373 -586.282395 -578.698678 -573.030323 -567.915292 -560.623002 -552.085424 -502.513544 -9999.0 -9999.0 -9999.0 -9999.0 -9999.0 -9999.0 -9999.0 -9999.0 -9999.0 -9999.0 -9999.0 -9999.0 -9999.0 -9999.0
-9999.0 -9999.0 -9999.0 -9999.0 -9999.0 -9999.0 -9999.0 -9999.0 -9999.0 -9999.0 -9999.0 -9999.0 -9999.0 -9999.0 -9999.0 -9999.0 -9999.0 -9999.0 -9999.0 -9999.0 -9999.0 -9999.0 -9999.0 -9999.0 -9999.0 -9999.0 -9999.0 -9999.0 -9999.0 -9999.0 -9999.0 -9999.0 -9999.0 -9999.0 -9999.0 -9999.0 -9999.0 -9999.0 -9999.0 -9999.0 -9999.0 -9999.0 -9999.0 -9999.0 -9999.0 -9999.0 -9999.0 -9999.0 -9999.0 -9999.0 -9999.0 -9999.0 -9999.0 -9999.0 -9999.0 -9999.0 -9999.0 -9999.0 -9999.0 -9999.0 -9999.0 -9999.0 -9999.0 -9999.0 -9999.0 -9999.0 -9999.0 -9999.0 -9999.0 -9999.0 -9999.0 -9999.0 -9999.0 -9999.0 -9999.0 -9999.0 -9999.0 -9999.0 -9999.0 -9999.0
-9999.0 -9999.0 -9999.0 -9999.0 -9999.0 -9999.0 -9999.0 -9999.0 -9999.0 -9999.0 -9999.0 -9999.0 -9999.0 -9999.0 -9999.0 -9999.0 -9999.0 -9999.0 -9999.0 -9999.0 -9999.0 -9999.0 -9999.0 -9999.0 -9999.0 -9999.0 -9999.0 -9999.0 -9999.0 -9999.0 -9999.0 -9999.0 -9999.0 -9999.0 -9999.0 -9999.0 -9999.0 -9999.0 -9999.0 -9999.0 -9999.0 -9999.0 -9999.0 -9999.0 -9999.0 -9999.0 -9999.0 -9999.0 -9999.0 -9999.0 -9999.0 -9999.0 -9999.0 -9999.0 -9999.0 -9999.0 -9999.0 -9999.0 -9999.0 -9999.0 -9999.0 -9999.0 -9999.0 -9999.0 -9999.0 -9999.0 -9999.0 -9999.0 -9999.0 -9999.0 -9999.0 -9999.0 -9999.0 -9999.0 -9999.0 -9999.0 -9999.0 -9999.0 -9999.0 -9999.0