Borden_/Borden1m_014/output_maps/psiliqL0011N0002.asc
ncols         80
nrows         18
xllcorner     620200.000000
yllcorner     5168000.000000
cellsize      1.000000
NODATA_value  -9999.0
-9999.0 -9999.0 -9999.0 -9999.0 -9999.0 -9999.0 -9999.0 -9999.0 -9999.0 -9999.0 -9999.0 -9999.0 -9999.0 -9999.0 -9999.0 -9999.0 -9999.0 -9999.0 -9999.0 -9999.0 -9999.0 -9999.0 -9999.0 -9999.0 -9999.0 -9999.0 -9999.0 -9999.0 -9999.0 -9999.0 -9999.0 -9999.0 -9999.0 -9999.0 -9999.0 -9999.0 -9999.0 -9999.0 -9999.0 -9999.0 -9999.0 -9999.0 -9999.0 -9999.0 -9999.0 -9999.0 -9999.0 -9999.0 -9999.0 -9999.0 -9999.0 -9999.0 -9999.0 -9999.0 -9999.0 -9999.0 -9999.0 -9999.0 -9999.0 -9999.0 -9999.0 -9999.0 -9999.0 -9999.0 -9999.0 -9999.0 -9999.0 -9999.0 -9999.0 -9999.0 -9999.0 -9999.0 -9999.0 -9999.0 -9999.0 -9999.0 -9999.0 -9999.0 -9999.0 -9999.0
-9999.0 -9999.0 -9999.0 -9999.0 -9999.0 -9999.0 -9999.0 -9999.0 -9999.0 -9999.0 -9999.0 -9999.0 -9999.0 -9999.0 -9999.0 -9999.0 -9999.0 -9999.0 -9999.0 -9999.0 -9999.0 -9999.0 -9999.0 -9999.0 -9999.0 -9999.0 -9999.0 -9999.0 -9999.0 -9999.0 -9999.0 -9999.0 -9999.0 -9999.0 -9999.0 -9999.0 -9999.0 -9999.0 -9999.0 -9999.0 -9999.0 -9999.0 -9999.0 -9999.0 -9999.0 -9999.0 -9999.0 -9999.0 -9999.0 -9999.0 -9999.0 -9999.0 -9999.0 -9999.0 -9999.0 -9999.0 -9999.0 -9999.0 -9999.0 -9999.0 -9999.0 -9999.0 -9999.0 -9999.0 -9999.0 -9999.0 -9999.0 -9999.0 -9999.0 -9999.0 -9999.0 -9999.0 -9999.0 -9999.0 -9999.0 -9999.0 -9999.0 -9999.0 -9999.0 -9999.0
-9999.0 -9999.0 -9999.0 -9999.0 -9999.0 -9999.0 -9999.0 -9999.0 -9999.0 -9999.0 -9999.0 -9999.0 -9999.0 -9999.0 -9999.0 -9999.0 -9999.0 -9999.0 -9999.0 -9999.0 327.570712 330.203489 307.664273 273.729747 245.418400 247.147163 281.368740 321.860712 359.383761 369.233299 351.220185 353.148858 348.252934 347.358769 349.811916 355.979336 359.273172 370.332384 378.370355 377.614959 371.136912 365.455673 364.735700 367.850018 373.069462 363.430676 377.336805 392.791817 398.848601 394.199301 367.680559 352.548672 344.458935 329.957231 354.777552 367.270135 390.392403 394.913147 393.765546 367.084750 337.276846 -9999.0 -9999.0 -9999.0 -9999.0 -9999.0 -9999.0 -9999.0 -9999.0 -9999.0 -9999.0 -9999.0 -9999.0 -9999.0 -9999.0 -9999.0 -9999.0 -9999.0 -9999.0 -9999.0
-9999.0 -9999.0 -9999.0 -9999.0 -9999.0 -9999.0 -9999.0 -9999.0 -9999.0 -9999.0 -9999.0 -9999.0 -9999.0 -9999.0 238.402086 228.331097 225.091890 233.104348 266.241933 295.863689 308.127648 300.416223 300.175751 276.419905 255.813190 269.434522 298.333127 329.028885 362.552261 382.444289 370.597755 368.299336 378.326800 404.260359 417.384863 414.350841 393.908812 416.522426 431.820449 439.995408 438.590181 429.633726 442.777436 458.393463 451.881859 435.171843 439.997100 452.135563 465.697784 452.272413 389.290477 369.808690 366.536453 360.542925 347.627101 341.750157 367.148781 368.053445 360.300416 342.906932 310.950651 267.111215 249.411443 288.294764 332.688284 390.438283 -9999.0 -9999.0 -9999.0 -9999.0 -9999.0 -9999.0 -9999.0 -9999.0 -9999.0 -9999.0 -9999.0 -9999.0 -9999.0 -9999.0
-9999.0 -9999.0 -9999.0 -9999.0 -9999.0 -9999.0 -9999.0 -9999.0 -9999.0 182.299338 186.094281 192.888065 194.493403 209.704146 207.480031 214.067672 220.958518 246.734988 277.010206 311.329078 339.451844 329.390377 329.247601 339.893895 344.757995 356.788986 377.311233 416.583310 456.115855 496.986260 470.251849 469.175699 488.533836 536.023560 570.218549 577.612961 559.304077 565.117280 589.177850 610.889442 608.973382 605.946605 629.100386 642.269055 646.623662 628.737342 614.922013 614.770566 639.967290 590.987611 527.482197 475.859685 478.011782 448.350557 410.338981 390.035456 387.468179 408.884271 394.460928 358.127947 322.661893 313.099251 296.827677 314.122097 337.125893 384.226692 423.152288 452.327460 452.935386 436.046210 -9999.0 -9999.0 -9999.0 -9999.0 -9999.0 -9999.0 -9999.0 -9999.0 -9999.0 -9999.0
-9999.0 -9999.0 -9999.0 -9999.0 -9999.0 -9999.0 104.345954 113.168812 132.702186 137.486288 161.723991 168.511978 188.330717 206.927359 227.195386 242.958393 272.213325 303.670754 343.769335 386.451280 417.621982 411.943594 421.240528 453.044358 494.937680 525.934642 549.806796 587.240274 660.757399 705.271746 723.292801 732.426010 743.432087 791.447926 854.264969 869.279572 848.785435 833.301520 851.372746 885.028549 889.538310 889.059588 897.339549 907.772365 937.890099 930.608879 890.573883 875.449677 871.945857 858.779728 800.360449 733.196109 690.084561 641.675749 563.495046 508.487628 510.929417 526.549263 497.285896 445.238413 404.879723 395.006024 381.071212 368.397153 375.279287 395.631150 419.519736 431.903944 420.283416 400.364492 378.126785 350.045144 352.309144 377.925321 -9999.0 -9999.0 -9999.0 -9999.0 -9999.0 -9999.0
-9999.0 -9999.0 -9999.0 -9999.0 55.104996 67.237726 54.843840 78.416833 109.911427 142.644860 173.679033 209.482710 235.429198 264.281454 304.035727 338.547990 379.163690 412.707053 466.610121 535.040042 585.607167 609.022699 622.682244 682.307679 751.829139 809.021695 830.220816 856.104396 898.768802 973.213765 1030.675009 1047.432262 1065.105574 1093.819204 1132.020525 1159.335251 1143.361574 1136.687998 1140.871159 1148.996388 1168.491148 1167.854369 1169.129138 1171.643123 1176.783389 1177.434570 1157.582360 1129.631800 1119.219759 1111.914618 1086.308642 1013.446306 941.950013 904.233304 874.444948 824.341243 753.035560 726.108948 669.799977 616.455730 554.235316 530.393544 499.937574 475.809645 447.811058 450.795022 455.786384 437.692266 408.192612 377.611970 363.765940 346.018271 336.289245 366.817551 384.947452 415.985760 -9999.0 -9999.0 -9999.0 -9999.0
-9999.0 -9999.0 -2.413844 46.371704 101.762353 109.359395 109.624066 113.880849 140.372385 190.328589 265.360438 314.492523 356.506059 387.879628 446.179929 524.576289 593.351917 639.123944 699.147104 774.417056 837.650085 870.039220 887.282442 934.872707 1020.146393 1086.562746 1111.508233 1133.685534 1160.163800 1193.779833 1218.573509 1236.153419 1243.972000 1243.687224 1245.295195 1243.766043 1238.989115 1232.929405 1215.709866 1211.904773 1216.812180 1219.563951 1221.988336 1210.485009 1207.333887 1219.351269 1222.673092 1223.736698 1225.363320 1233.338277 1240.371796 1204.202004 1155.305473 1138.944050 1131.612526 1091.857414 1025.257337 951.849627 921.569968 879.695152 801.595526 739.999101 686.856294 639.396285 589.116394 560.383521 517.611130 479.748827 437.259037 394.253361 372.703666 355.988231 354.966588 356.400077 373.375219 389.551338 405.472487 413.546482 -9999.0 -9999.0
-9999.0 -102.566606 -30.587788 95.289185 172.937245 215.446610 249.470502 274.118432 299.708848 318.448769 421.210433 513.812066 602.221305 638.559092 689.778399 782.385966 868.565567 913.877302 964.629992 1044.258016 1104.575842 1144.859083 1167.599500 1188.367089 1229.227293 1241.268173 1243.926106 1246.347491 1242.187123 1236.077194 1227.604204 1233.700533 1231.631700 1216.574323 1203.560581 1200.164682 1191.307844 1160.088784 1129.651500 1114.860413 1116.623715 1136.703332 1126.289417 1108.056993 1104.715147 1123.171533 1139.769816 1132.146085 1122.759765 1143.075362 1183.903652 1204.680815 1214.635363 1227.798306 1247.915147 1226.381446 1197.210554 1151.566654 1132.721221 1106.878504 1047.661728 956.493249 890.661318 826.955024 754.282697 686.951819 629.444484 575.468587 515.811076 479.844108 451.536709 402.784338 382.809889 386.567545 379.074265 377.475370 384.658811 391.370521 -9999.0 -9999.0
-9999.0 -177.927590 -35.744325 147.687238 291.885843 347.696345 453.195766 533.852891 565.816365 541.780589 641.282796 850.888351 953.291958 989.922850 1062.651593 1136.863919 1157.650313 1184.851800 1210.518740 1225.688031 1233.295950 1240.057543 1235.840488 1228.908984 1217.291561 1212.568463 1213.840441 1213.675805 1200.048859 1181.159704 1156.200228 1147.438599 1129.986042 1092.671948 1064.367910 1047.878865 1025.260493 975.265646 926.313298 895.734621 881.862990 900.326501 891.125373 872.826585 868.515858 891.096381 924.127848 917.265859 924.004050 956.411063 1027.776819 1072.444862 1093.063547 1120.751966 1159.118514 1204.902876 1222.207076 1241.366214 1247.836383 1229.425289 1190.173516 1135.453478 1101.104996 1036.416378 934.022883 848.015026 781.671854 723.253651 661.887004 619.729338 573.750728 517.795519 465.155198 444.405824 407.834529 389.233574 -9999.0 -9999.0 -9999.0 -9999.0
-9999.0 -249.231910 -60.282711 199.447465 459.427958 569.138649 761.791886 899.487669 986.535575 1055.166498 1053.122230 1160.976093 1190.012580 1191.245721 1188.652694 1190.947474 1202.264092 1204.886093 1204.111949 1200.896193 1197.234848 1194.566646 1190.360447 1177.243215 1156.989247 1140.604894 1129.559394 1120.444429 1088.114761 1051.222131 990.660110 961.588931 919.552681 828.008410 785.256701 751.248098 695.596913 681.685919 669.185576 640.641201 622.823567 606.547619 625.370879 626.449909 627.084742 631.907564 649.145472 667.220462 706.632747 743.220007 794.185035 847.096158 880.397120 928.275590 994.596323 1070.633977 1107.053449 1139.723813 1191.371750 1229.429639 1252.656318 1242.863568 1217.047545 1178.163007 1109.092116 1044.836337 979.915483 902.119000 842.128422 788.073482 730.577273 668.782177 604.896226 530.226700 492.728604 -9999.0 -9999.0 -9999.0 -9999.0 -9999.0
-9999.0 -414.073779 -147.559980 142.245121 458.384454 764.724020 875.060797 1025.911910 1104.535532 1070.259214 1068.446563 1083.312954 1118.011860 1126.025448 1110.400648 1104.530889 1094.949806 1094.895725 1108.603786 1088.323847 1065.330335 1053.744469 1048.288848 1022.025035 968.696220 940.302452 925.409861 906.311117 859.888857 808.633651 722.700742 693.957726 623.126283 565.331265 522.673509 476.150757 426.256020 424.070205 439.804925 424.548227 403.086992 385.016175 410.522793 426.337963 437.163167 426.210632 433.970488 466.927842 512.803679 553.089342 600.157258 650.394975 691.734246 738.666057 776.702571 835.091297 886.104495 944.096519 1048.540080 1130.376015 1172.344679 1206.242569 1239.511509 1258.860540 1216.912294 1176.837990 1134.441237 1088.546404 1022.910306 975.682784 907.834305 819.655188 751.069815 -9999.0 -9999.0 -9999.0 -9999.0 -9999.0 -9999.0 -9999.0
-9999.0 -544.750349 -319.142206 -80.778050 207.454530 433.392904 602.207779 707.398168 781.984366 803.560683 829.852330 858.276240 887.141699 909.130022 886.359235 848.682087 820.772036 824.415241 822.283259 798.604972 769.525895 753.664578 749.290892 736.600321 703.879714 686.067205 675.447120 654.887391 622.798801 570.852261 492.634088 425.687597 367.010613 335.054231 306.736678 275.177810 238.669289 249.480878 263.575867 259.711012 248.360663 244.592128 273.772260 292.026338 301.666679 288.601960 306.348175 331.759343 371.488561 411.243770 456.483552 507.021135 555.809701 582.439622 596.170337 622.929896 661.915791 717.483679 812.135452 915.723413 1021.704392 1077.851647 1130.697209 1174.901019 1196.084516 1220.680667 1210.968053 1149.995757 1051.757536 1071.248356 1058.584628 -9999.0 -9999.0 -9999.0 -9999.0 -9999.0 -9999.0 -9999.0 -9999.0 -9999.0
-9999.0 -9999.0 -554.370004 -370.184941 -220.865887 -41.561579 102.668635 204.821117 280.114680 376.211081 468.659238 542.424801 581.224470 596.663402 580.580280 544.502155 521.247463 521.592216 512.583348 500.551276 478.766258 470.164641 459.781924 450.898077 437.995630 431.336856 426.665511 416.693001 395.954072 351.057856 301.667989 251.610343 199.248992 175.293871 154.407938 133.009036 130.832931 128.828041 135.592300 137.119609 143.076715 155.070822 175.465050 196.738771 205.912671 213.066071 224.910010 247.577570 279.344076 319.016309 369.725098 423.440392 459.307342 469.081084 457.819383 461.652007 480.797507 521.608998 602.250728 685.042297 781.720897 855.239205 939.505631 1029.923709 1063.594419 1095.094369 1137.273988 1088.084424 745.753293 1013.450557 -9999.0 -9999.0 -9999.0 -9999.0 -9999.0 -9999.0 -9999.0 -9999.0 -9999.0 -9999.0
-9999.0 -9999.0 -9999.0 -9999.0 -513.476630 -358.824891 -266.074957 -185.779751 -65.411449 44.052408 135.724526 211.237502 264.502451 287.537235 278.185984 276.146996 269.288523 265.028739 256.371670 252.580274 248.687944 241.210063 229.146102 221.702771 221.610057 225.853802 224.239675 211.863659 196.472709 171.956795 150.287809 116.542661 80.964175 52.764685 40.460612 34.517710 35.096283 29.572334 39.112799 45.895943 60.901812 76.240218 100.034867 128.293183 140.916799 154.877748 164.083169 184.086684 213.151115 264.639346 325.451618 379.893994 412.065698 413.670140 385.953977 368.051314 362.194389 387.051447 429.566625 493.476481 589.726521 658.583178 720.362195 779.527154 825.618696 897.751577 1025.612144 1082.982712 -9999.0 -9999.0 -9999.0 -9999.0 -9999.0 -9999.0 -9999.0 -9999.0 -9999.0 -9999.0 -9999.0 -9999.0
-9999.0 -9999.0 -9999.0 -9999.0 -9999.0 -9999.0 -565.852194 -470.263299 -386.884340 -262.741352 -146.782718 -54.630767 19.397505 45.115266 64.438792 87.601969 83.826491 66.704813 49.710457 66.880235 77.740348 72.800112 45.027726 44.126021 48.274611 57.638256 56.698457 51.233285 27.282979 37.136034 37.136832 14.961536 -10.204008 -23.698489 -34.701777 -24.370109 -23.306596 -35.754705 -33.613413 -7.283427 12.577167 25.910053 48.100202 81.001319 112.735037 126.885527 127.512866 133.090081 173.239797 242.122094 311.084844 363.201422 392.461433 397.971525 367.841094 325.022743 301.279540 304.819750 335.332595 383.552547 454.273108 498.590490 525.337655 545.110802 571.194389 665.383702 -9999.0 -9999.0 -9999.0 -9999.0 -9999.0 -9999.0 -9999.0 -9999.0 -9999.0 -9999.0 -9999.0 -9999.0 -9999.0 -9999.0
-9999.0 -9999.0 -9999.0 -9999.0 -9999.0 -9999.0 -9999.0 -9999.0 -9999.0 -9999.0 -9999.0 -9999.0 -9999.0 -9999.0 -9999.0 -9999.0 -9999.0 -9999.0 -9999.0 -9999.0 -9999.0 -9999.0 -9999.0 -9999.0 -9999.0 -9999.0 -9999.0 -9999.0 -9999.0 -9999.0 -9999.0 -9999.0 -9999.0 -9999.0 -9999.0 -9999.0 -9999.0 -9999.0 -9999.0 -9999.0 -9999.0 -9999.0 -9999.0 -9999.0 -9999.0 -9999.0 -9999.0 -9999.0 -9999.0 -9999.0 -9999.0 -9999.0 -9999.0 -9999.0 -9999.0 -9999.0 -9999.0 -9999.0 -9999.0 -9999.0 -9999.0 -9999.0 -9999.0 -9999.0 -9999.0 -9999.0 -9999.0 -9999.0 -9999.0 -9999.0 -9999.0 -9999.0 -9999.0 -9999.0 -9999.0 -9999.0 -9999.0 -9999.0 -9999.0 -9999.0
-9999.0 -9999.0 -9999.0 -9999.0 -9999.0 -9999.0 -9999.0 -9999.0 -9999.0 -9999.0 -9999.0 -9999.0 -9999.0 -9999.0 -9999.0 -9999.0 -9999.0 -9999.0 -9999.0 -9999.0 -9999.0 -9999.0 -9999.0 -9999.0 -9999.0 -9999.0 -9999.0 -9999.0 -9999.0 -9999.0 -9999.0 -9999.0 -9999.0 -9999.0 -9999.0 -9999.0 -9999.0 -9999.0 -9999.0 -9999.0 -9999.0 -9999.0 -9999.0 -9999.0 -9999.0 -9999.0 -9999.0 -9999.0 -9999.0 -9999.0 -9999.0 -9999.0 -9999.0 -9999.0 -9999.0 -9999.0 -9999.0 -9999.0 -9999.0 -9999.0 -9999.0 -9999.0 -9999.0 -9999.0 -9999.0 -9999.0 -9999.0 -9999.0 -9999.0 -9999.0 -9999.0 -9999.0 -9999.0 -9999.0 -9999.0 -9999.0 -9999.0 -9999.0 -9999.0 -9999.0