Borden_/Borden1m_014/output_maps/psiliqL0027N0029.asc
ncols         80
nrows         18
xllcorner     620200.000000
yllcorner     5168000.000000
cellsize      1.000000
NODATA_value  -9999.0
-9999.0 -9999.0 -9999.0 -9999.0 -9999.0 -9999.0 -9999.0 -9999.0 -9999.0 -9999.0 -9999.0 -9999.0 -9999.0 -9999.0 -9999.0 -9999.0 -9999.0 -9999.0 -9999.0 -9999.0 -9999.0 -9999.0 -9999.0 -9999.0 -9999.0 -9999.0 -9999.0 -9999.0 -9999.0 -9999.0 -9999.0 -9999.0 -9999.0 -9999.0 -9999.0 -9999.0 -9999.0 -9999.0 -9999.0 -9999.0 -9999.0 -9999.0 -9999.0 -9999.0 -9999.0 -9999.0 -9999.0 -9999.0 -9999.0 -9999.0 -9999.0 -9999.0 -9999.0 -9999.0 -9999.0 -9999.0 -9999.0 -9999.0 -9999.0 -9999.0 -9999.0 -9999.0 -9999.0 -9999.0 -9999.0 -9999.0 -9999.0 -9999.0 -9999.0 -9999.0 -9999.0 -9999.0 -9999.0 -9999.0 -9999.0 -9999.0 -9999.0 -9999.0 -9999.0 -9999.0
-9999.0 -9999.0 -9999.0 -9999.0 -9999.0 -9999.0 -9999.0 -9999.0 -9999.0 -9999.0 -9999.0 -9999.0 -9999.0 -9999.0 -9999.0 -9999.0 -9999.0 -9999.0 -9999.0 -9999.0 -9999.0 -9999.0 -9999.0 -9999.0 -9999.0 -9999.0 -9999.0 -9999.0 -9999.0 -9999.0 -9999.0 -9999.0 -9999.0 -9999.0 -9999.0 -9999.0 -9999.0 -9999.0 -9999.0 -9999.0 -9999.0 -9999.0 -9999.0 -9999.0 -9999.0 -9999.0 -9999.0 -9999.0 -9999.0 -9999.0 -9999.0 -9999.0 -9999.0 -9999.0 -9999.0 -9999.0 -9999.0 -9999.0 -9999.0 -9999.0 -9999.0 -9999.0 -9999.0 -9999.0 -9999.0 -9999.0 -9999.0 -9999.0 -9999.0 -9999.0 -9999.0 -9999.0 -9999.0 -9999.0 -9999.0 -9999.0 -9999.0 -9999.0 -9999.0 -9999.0
-9999.0 -9999.0 -9999.0 -9999.0 -9999.0 -9999.0 -9999.0 -9999.0 -9999.0 -9999.0 -9999.0 -9999.0 -9999.0 -9999.0 -9999.0 -9999.0 -9999.0 -9999.0 -9999.0 -9999.0 3525.154381 3525.927375 3504.187743 3469.891169 3441.428050 3442.988023 3475.493381 3515.767675 3554.290089 3561.160032 3541.699443 3545.348134 3540.668635 3535.635173 3535.413700 3543.029136 3549.697172 3559.119328 3565.804949 3563.215798 3555.658706 3550.584712 3553.313868 3554.754074 3561.095719 3546.330355 3562.534813 3578.943537 3583.678873 3581.261349 3557.965773 3546.525540 3538.857187 3523.531995 3550.531704 3562.438151 3586.218708 3591.142009 3589.395112 3562.968982 3533.101085 -9999.0 -9999.0 -9999.0 -9999.0 -9999.0 -9999.0 -9999.0 -9999.0 -9999.0 -9999.0 -9999.0 -9999.0 -9999.0 -9999.0 -9999.0 -9999.0 -9999.0 -9999.0 -9999.0
-9999.0 -9999.0 -9999.0 -9999.0 -9999.0 -9999.0 -9999.0 -9999.0 -9999.0 -9999.0 -9999.0 -9999.0 -9999.0 -9999.0 3435.336876 3426.507658 3423.377150 3430.270238 3462.327512 3492.312049 3503.791045 3496.085960 3495.595954 3470.440807 3447.023946 3459.088050 3487.993710 3517.873026 3550.669237 3567.309768 3555.982531 3553.002535 3559.323859 3577.932715 3585.169638 3581.249109 3563.682426 3587.881002 3600.675587 3604.515653 3602.264194 3592.195266 3600.423738 3614.185164 3607.076671 3592.054917 3603.649033 3619.036805 3629.753436 3622.323264 3565.099146 3554.107798 3551.447249 3548.119680 3535.628175 3532.457290 3561.544168 3561.570557 3554.920682 3538.238649 3505.289392 3460.291666 3441.796152 3483.075892 3527.177219 3583.803900 -9999.0 -9999.0 -9999.0 -9999.0 -9999.0 -9999.0 -9999.0 -9999.0 -9999.0 -9999.0 -9999.0 -9999.0 -9999.0 -9999.0
-9999.0 -9999.0 -9999.0 -9999.0 -9999.0 -9999.0 -9999.0 -9999.0 -9999.0 3378.274822 3384.117129 3390.759257 3392.917421 3407.651107 3404.018402 3410.526333 3413.796696 3440.577666 3469.395289 3502.226055 3528.541891 3518.836163 3516.909814 3519.681518 3512.656917 3519.506854 3539.244060 3575.129818 3605.112878 3639.460500 3605.157808 3599.695648 3616.740249 3657.114195 3678.796008 3679.932377 3661.082377 3678.625440 3701.851194 3716.723237 3712.852185 3706.415961 3732.519077 3747.922237 3740.885005 3719.074106 3719.066537 3727.448499 3757.217990 3706.679246 3640.914770 3604.208324 3621.641901 3601.750642 3577.471217 3567.840828 3569.416036 3590.435098 3579.544257 3546.477776 3514.036792 3502.777512 3486.606308 3508.640743 3532.605075 3579.577307 3620.007476 3650.278878 3650.021785 3633.023911 -9999.0 -9999.0 -9999.0 -9999.0 -9999.0 -9999.0 -9999.0 -9999.0 -9999.0 -9999.0
-9999.0 -9999.0 -9999.0 -9999.0 -9999.0 -9999.0 3299.939933 3310.317451 3330.787627 3332.871193 3359.039889 3363.643000 3381.716848 3398.151648 3419.362768 3431.175309 3454.976663 3483.904705 3518.711308 3555.058284 3581.513997 3568.710552 3573.217631 3590.941810 3615.806400 3633.145564 3655.182562 3692.535390 3764.428977 3800.273556 3791.150896 3791.445928 3799.478062 3849.971882 3913.913626 3924.288562 3903.558658 3890.702726 3914.852374 3952.670218 3950.080567 3948.803719 3962.451789 3973.524740 4000.414297 3989.106286 3953.254357 3948.788658 3956.491430 3932.794365 3862.731707 3806.198986 3789.066221 3742.345984 3658.876920 3617.615093 3643.675856 3672.978080 3652.482675 3603.849143 3572.791604 3568.444366 3558.387333 3552.785277 3566.491749 3590.389568 3614.967257 3629.499905 3618.108993 3597.633476 3576.357960 3548.520612 3551.465766 3576.561929 -9999.0 -9999.0 -9999.0 -9999.0 -9999.0 -9999.0
-9999.0 -9999.0 -9999.0 -9999.0 3250.857172 3263.383600 3247.863314 3273.627725 3304.899704 3337.767975 3364.150017 3394.524581 3416.519988 3442.107895 3473.698957 3493.611210 3523.923974 3552.302283 3598.206112 3658.146317 3701.315648 3713.329051 3721.087892 3771.449165 3827.289666 3873.760773 3892.360927 3918.382322 3965.059747 4021.707458 4043.702738 4046.150410 4063.093346 4107.440358 4164.938755 4200.407636 4182.555663 4173.313219 4183.966827 4198.756049 4220.911119 4220.958726 4222.093881 4226.508493 4234.542090 4232.526569 4205.374197 4171.691954 4158.644641 4148.275765 4108.919094 4036.083324 4006.566333 3977.122036 3932.807629 3877.992444 3832.614134 3835.580453 3780.801468 3725.636269 3677.061132 3670.769079 3651.771267 3637.007634 3621.050679 3634.597102 3647.589078 3633.251411 3603.720164 3574.902309 3562.384732 3545.206284 3534.098102 3565.580862 3583.664559 3613.165680 -9999.0 -9999.0 -9999.0 -9999.0
-9999.0 -9999.0 3192.553071 3237.080110 3293.519162 3298.634610 3290.372102 3292.031597 3317.232675 3365.190874 3425.325917 3460.119136 3486.759704 3516.068837 3565.218060 3624.901702 3683.367520 3725.352571 3783.419987 3852.910690 3911.906870 3938.297254 3946.707876 3982.521444 4037.799496 4108.206237 4136.714080 4163.575426 4195.997778 4233.271231 4222.921471 4233.253777 4246.161296 4260.105452 4276.166561 4283.882644 4278.798531 4274.147435 4255.456379 4250.081903 4256.527126 4264.941201 4263.649757 4248.813466 4244.830261 4259.995957 4266.501478 4264.235928 4261.071264 4265.716230 4260.220684 4210.567023 4195.245482 4179.661320 4167.335431 4120.599754 4053.149083 4021.351381 3999.261268 3957.572403 3883.883249 3847.566786 3808.901246 3775.118297 3738.651063 3726.914755 3695.637129 3664.266609 3626.199790 3585.977655 3567.407968 3553.679097 3553.681562 3554.565266 3572.622792 3588.465358 3604.526470 3612.646100 -9999.0 -9999.0
-9999.0 3082.344426 3152.745791 3272.788171 3349.289432 3384.151148 3389.241812 3389.353684 3413.409462 3445.694015 3529.795236 3575.139945 3657.440889 3695.180456 3734.919747 3824.663778 3919.825111 3963.702886 4003.335993 4068.379204 4135.242745 4182.866650 4209.468094 4184.931924 4225.417742 4257.225978 4266.034575 4273.559111 4274.109167 4265.542048 4259.275700 4265.856683 4262.765069 4243.313132 4226.980801 4225.128706 4221.664334 4198.109476 4170.394799 4154.648112 4155.770911 4181.033916 4167.689318 4146.196778 4141.733543 4163.577897 4185.394727 4174.545942 4161.316274 4177.978448 4212.922213 4238.504621 4238.677719 4257.486913 4278.667374 4249.181031 4228.567450 4184.046938 4166.904439 4141.298924 4083.788300 4028.925663 3980.604931 3932.319640 3880.362911 3832.295382 3785.072291 3738.197866 3685.557248 3653.184351 3629.431339 3587.513100 3575.696488 3582.788725 3578.331450 3577.072615 3583.856582 3590.499695 -9999.0 -9999.0
-9999.0 2983.827883 3121.633609 3297.045725 3437.850269 3475.529771 3532.026241 3584.750857 3596.933026 3538.901691 3639.745306 3857.412589 3982.535581 4000.842875 4077.515388 4174.234639 4153.489956 4185.352431 4209.090271 4236.918573 4259.250087 4274.261886 4272.720300 4267.755410 4251.099149 4243.055365 4242.130431 4239.963354 4222.363458 4203.226701 4186.287267 4182.945572 4164.651464 4114.186732 4080.602737 4062.713334 4042.903153 4029.745885 4002.797890 3976.599530 3959.651337 3969.329893 3968.160484 3955.072830 3950.666969 3968.512708 3999.436099 3998.007561 4010.583698 4030.352959 4065.856104 4104.486447 4123.866171 4153.211365 4189.048495 4237.773644 4245.972657 4268.559178 4271.303980 4261.671050 4214.517886 4162.528989 4132.947055 4077.236592 4017.659872 3955.952363 3906.895008 3862.223503 3806.964946 3773.375366 3734.650717 3681.361599 3639.562077 3633.347102 3600.538752 3588.185594 -9999.0 -9999.0 -9999.0 -9999.0
-9999.0 2880.135681 3055.738062 3290.413630 3585.085864 3652.147584 3854.147488 3968.134044 4006.176867 4074.269980 3945.583284 4159.629899 4214.985797 4210.647175 4228.768482 4232.353433 4246.920932 4246.134710 4241.045393 4229.926933 4220.196937 4215.515136 4214.502139 4206.561071 4193.871619 4179.179565 4167.179691 4155.572544 4118.560028 4086.315574 4046.301437 4033.593240 3987.865919 3895.557519 3856.958667 3817.742660 3756.036144 3759.125637 3767.838927 3744.202413 3724.438138 3695.314162 3725.804637 3737.370910 3741.859019 3736.559013 3745.566186 3775.041164 3823.625650 3858.158961 3896.943824 3945.019144 3975.672755 4014.896887 4054.490343 4106.947905 4138.409412 4167.435556 4216.890587 4254.029445 4276.876797 4262.462074 4244.435562 4199.078141 4138.606997 4089.146644 4059.910084 4009.077690 3965.469982 3922.116953 3875.760753 3823.133697 3761.751848 3711.029775 3677.676795 -9999.0 -9999.0 -9999.0 -9999.0 -9999.0
-9999.0 2658.637289 2914.197621 3172.667827 3440.785186 3784.702284 3961.937370 4054.526700 4118.414461 4103.762131 4129.393348 4135.117151 4172.468214 4180.092342 4158.755862 4144.580379 4126.501100 4125.411642 4138.515925 4110.955916 4080.418845 4066.918565 4067.858134 4057.176327 4033.139120 4018.289209 4009.062009 3990.382318 3947.321133 3896.825102 3812.231502 3776.829169 3697.448633 3660.603001 3624.999587 3578.396954 3534.681127 3541.102704 3566.661673 3558.333696 3537.941162 3521.272160 3551.018840 3572.260855 3585.647997 3568.964375 3575.408271 3609.665252 3655.853369 3696.028515 3739.469680 3787.115441 3828.977025 3867.714133 3887.912023 3926.597559 3968.725006 4010.364624 4080.717473 4159.769695 4196.172082 4231.106363 4259.621913 4281.690964 4238.594821 4212.637336 4188.685264 4164.949276 4118.462682 4072.922767 4032.362023 3967.273520 3907.731237 -9999.0 -9999.0 -9999.0 -9999.0 -9999.0 -9999.0 -9999.0
-9999.0 2548.092763 2738.069937 2914.338877 3152.593931 3380.193373 3605.837526 3695.876099 3766.500013 3842.352473 3898.726608 3937.334311 3963.118599 3984.897081 3962.386984 3915.746651 3883.227733 3888.322645 3878.889308 3858.236580 3830.803738 3818.144790 3815.436899 3810.929957 3790.103566 3780.308782 3773.898242 3756.241447 3731.646583 3679.160469 3608.825228 3535.762003 3483.219965 3465.598800 3444.298830 3418.634227 3393.547947 3407.523215 3420.364321 3421.076620 3415.380998 3416.219517 3445.258889 3465.286048 3474.694231 3463.990338 3482.029116 3504.632496 3540.871268 3579.640374 3623.770362 3673.313219 3721.229315 3740.507061 3741.540094 3751.744597 3778.444748 3821.068033 3896.974166 3982.994607 4061.499079 4107.314474 4158.341070 4198.681188 4227.262412 4251.329707 4274.360089 4267.905299 4241.556720 4207.965439 4148.717257 -9999.0 -9999.0 -9999.0 -9999.0 -9999.0 -9999.0 -9999.0 -9999.0 -9999.0
-9999.0 -9999.0 2513.305977 2662.351876 2753.605712 2895.933806 3027.700919 3131.649127 3232.378009 3376.783406 3501.166014 3595.968919 3642.848058 3658.525264 3644.961647 3617.401336 3600.878067 3600.445925 3588.581293 3583.017005 3569.679457 3564.939690 3553.080802 3546.056636 3543.186561 3543.623052 3542.191421 3534.928102 3519.444386 3479.395423 3444.782182 3402.090529 3357.604528 3337.396640 3320.709880 3305.271621 3310.922534 3306.468576 3312.454397 3316.000905 3326.412087 3341.078179 3360.406342 3383.214727 3392.853283 3403.202660 3413.695282 3434.814559 3464.091672 3503.688205 3554.469402 3608.767819 3644.072719 3650.155616 3631.162349 3624.983730 3631.754729 3659.239708 3720.804383 3788.954464 3879.006099 3944.739133 4011.680562 4067.937067 4094.831294 4131.223328 4202.078248 4250.152266 4293.391326 4270.945457 -9999.0 -9999.0 -9999.0 -9999.0 -9999.0 -9999.0 -9999.0 -9999.0 -9999.0 -9999.0
-9999.0 -9999.0 -9999.0 -9999.0 2522.868882 2668.733695 2766.185827 2822.182579 2955.058969 3077.422672 3181.263644 3268.450268 3338.347653 3364.313798 3366.491398 3385.342938 3385.163570 3375.556435 3364.618263 3370.751183 3377.009274 3371.413040 3354.734180 3349.470901 3354.907592 3364.559858 3364.350819 3353.297662 3337.080568 3326.217501 3316.462011 3288.365893 3258.630059 3233.408170 3223.504357 3222.531544 3224.041915 3217.040203 3226.142559 3235.999693 3252.483920 3267.817076 3291.341545 3321.198829 3336.051117 3350.575270 3358.708856 3376.527447 3404.580495 3455.578747 3516.799793 3572.937936 3606.536649 3606.382014 3577.096447 3554.589313 3541.061753 3557.338064 3585.214385 3634.528097 3723.090396 3784.864885 3829.194264 3867.162724 3903.432395 3969.155342 4064.771811 4146.596933 -9999.0 -9999.0 -9999.0 -9999.0 -9999.0 -9999.0 -9999.0 -9999.0 -9999.0 -9999.0 -9999.0 -9999.0
-9999.0 -9999.0 -9999.0 -9999.0 -9999.0 -9999.0 2502.599431 2609.436109 2674.862399 2804.843409 2952.170388 3051.383542 3134.843266 3171.570439 3205.520360 3236.788469 3237.963940 3217.480368 3195.296920 3218.120566 3238.926159 3232.870621 3200.433198 3203.170928 3211.888685 3221.165918 3220.360386 3216.651767 3194.615723 3214.989805 3222.827956 3203.076629 3180.579432 3171.444671 3161.951609 3173.539171 3174.924167 3161.331535 3160.599531 3188.871383 3210.523457 3223.517560 3244.412932 3277.611712 3310.037548 3325.618478 3326.094506 3330.087300 3365.672341 3433.147979 3503.748937 3558.530757 3589.240998 3593.493651 3562.139381 3516.744993 3489.929641 3487.837196 3510.940213 3548.820279 3608.989026 3644.193992 3653.459786 3652.469169 3663.190447 3763.595694 -9999.0 -9999.0 -9999.0 -9999.0 -9999.0 -9999.0 -9999.0 -9999.0 -9999.0 -9999.0 -9999.0 -9999.0 -9999.0 -9999.0
-9999.0 -9999.0 -9999.0 -9999.0 -9999.0 -9999.0 -9999.0 -9999.0 -9999.0 -9999.0 -9999.0 -9999.0 -9999.0 -9999.0 -9999.0 -9999.0 -9999.0 -9999.0 -9999.0 -9999.0 -9999.0 -9999.0 -9999.0 -9999.0 -9999.0 -9999.0 -9999.0 -9999.0 -9999.0 -9999.0 -9999.0 -9999.0 -9999.0 -9999.0 -9999.0 -9999.0 -9999.0 -9999.0 -9999.0 -9999.0 -9999.0 -9999.0 -9999.0 -9999.0 -9999.0 -9999.0 -9999.0 -9999.0 -9999.0 -9999.0 -9999.0 -9999.0 -9999.0 -9999.0 -9999.0 -9999.0 -9999.0 -9999.0 -9999.0 -9999.0 -9999.0 -9999.0 -9999.0 -9999.0 -9999.0 -9999.0 -9999.0 -9999.0 -9999.0 -9999.0 -9999.0 -9999.0 -9999.0 -9999.0 -9999.0 -9999.0 -9999.0 -9999.0 -9999.0 -9999.0
-9999.0 -9999.0 -9999.0 -9999.0 -9999.0 -9999.0 -9999.0 -9999.0 -9999.0 -9999.0 -9999.0 -9999.0 -9999.0 -9999.0 -9999.0 -9999.0 -9999.0 -9999.0 -9999.0 -9999.0 -9999.0 -9999.0 -9999.0 -9999.0 -9999.0 -9999.0 -9999.0 -9999.0 -9999.0 -9999.0 -9999.0 -9999.0 -9999.0 -9999.0 -9999.0 -9999.0 -9999.0 -9999.0 -9999.0 -9999.0 -9999.0 -9999.0 -9999.0 -9999.0 -9999.0 -9999.0 -9999.0 -9999.0 -9999.0 -9999.0 -9999.0 -9999.0 -9999.0 -9999.0 -9999.0 -9999.0 -9999.0 -9999.0 -9999.0 -9999.0 -9999.0 -9999.0 -9999.0 -9999.0 -9999.0 -9999.0 -9999.0 -9999.0 -9999.0 -9999.0 -9999.0 -9999.0 -9999.0 -9999.0 -9999.0 -9999.0 -9999.0 -9999.0 -9999.0 -9999.0