Borden_/Borden1m_014/output_maps/psiliqL0003N0003.asc
ncols         80
nrows         18
xllcorner     620200.000000
yllcorner     5168000.000000
cellsize      1.000000
NODATA_value  -9999.0
-9999.0 -9999.0 -9999.0 -9999.0 -9999.0 -9999.0 -9999.0 -9999.0 -9999.0 -9999.0 -9999.0 -9999.0 -9999.0 -9999.0 -9999.0 -9999.0 -9999.0 -9999.0 -9999.0 -9999.0 -9999.0 -9999.0 -9999.0 -9999.0 -9999.0 -9999.0 -9999.0 -9999.0 -9999.0 -9999.0 -9999.0 -9999.0 -9999.0 -9999.0 -9999.0 -9999.0 -9999.0 -9999.0 -9999.0 -9999.0 -9999.0 -9999.0 -9999.0 -9999.0 -9999.0 -9999.0 -9999.0 -9999.0 -9999.0 -9999.0 -9999.0 -9999.0 -9999.0 -9999.0 -9999.0 -9999.0 -9999.0 -9999.0 -9999.0 -9999.0 -9999.0 -9999.0 -9999.0 -9999.0 -9999.0 -9999.0 -9999.0 -9999.0 -9999.0 -9999.0 -9999.0 -9999.0 -9999.0 -9999.0 -9999.0 -9999.0 -9999.0 -9999.0 -9999.0 -9999.0
-9999.0 -9999.0 -9999.0 -9999.0 -9999.0 -9999.0 -9999.0 -9999.0 -9999.0 -9999.0 -9999.0 -9999.0 -9999.0 -9999.0 -9999.0 -9999.0 -9999.0 -9999.0 -9999.0 -9999.0 -9999.0 -9999.0 -9999.0 -9999.0 -9999.0 -9999.0 -9999.0 -9999.0 -9999.0 -9999.0 -9999.0 -9999.0 -9999.0 -9999.0 -9999.0 -9999.0 -9999.0 -9999.0 -9999.0 -9999.0 -9999.0 -9999.0 -9999.0 -9999.0 -9999.0 -9999.0 -9999.0 -9999.0 -9999.0 -9999.0 -9999.0 -9999.0 -9999.0 -9999.0 -9999.0 -9999.0 -9999.0 -9999.0 -9999.0 -9999.0 -9999.0 -9999.0 -9999.0 -9999.0 -9999.0 -9999.0 -9999.0 -9999.0 -9999.0 -9999.0 -9999.0 -9999.0 -9999.0 -9999.0 -9999.0 -9999.0 -9999.0 -9999.0 -9999.0 -9999.0
-9999.0 -9999.0 -9999.0 -9999.0 -9999.0 -9999.0 -9999.0 -9999.0 -9999.0 -9999.0 -9999.0 -9999.0 -9999.0 -9999.0 -9999.0 -9999.0 -9999.0 -9999.0 -9999.0 -9999.0 -876.750830 -873.049068 -891.860469 -918.063438 -939.727484 -939.487653 -913.678159 -882.946547 -853.298451 -845.216821 -861.452389 -860.188172 -865.519330 -866.258949 -864.202193 -859.477857 -857.719995 -848.233350 -841.405339 -841.905095 -847.291867 -852.256880 -854.371211 -851.512122 -846.993080 -854.030404 -842.342419 -829.131420 -823.298629 -826.852736 -849.075931 -861.312479 -866.886555 -879.022900 -856.805106 -846.046238 -825.958754 -822.099285 -821.866884 -844.506808 -869.188110 -9999.0 -9999.0 -9999.0 -9999.0 -9999.0 -9999.0 -9999.0 -9999.0 -9999.0 -9999.0 -9999.0 -9999.0 -9999.0 -9999.0 -9999.0 -9999.0 -9999.0 -9999.0 -9999.0
-9999.0 -9999.0 -9999.0 -9999.0 -9999.0 -9999.0 -9999.0 -9999.0 -9999.0 -9999.0 -9999.0 -9999.0 -9999.0 -9999.0 -939.173276 -947.940679 -951.229299 -947.456010 -923.270626 -901.900007 -893.668313 -901.030928 -899.675662 -919.260275 -936.062636 -925.127783 -903.703952 -880.955184 -854.361991 -837.568253 -849.536329 -852.472784 -843.762976 -819.383009 -806.767757 -809.777365 -830.340588 -809.941707 -795.877940 -787.326451 -788.392236 -796.735141 -782.899864 -767.800798 -774.216424 -790.417894 -787.803657 -777.450347 -763.038574 -775.722494 -833.856847 -850.453324 -851.115264 -854.913204 -865.231598 -870.775062 -848.307422 -847.496287 -853.608275 -866.522734 -890.888849 -924.816868 -938.358937 -907.431845 -872.435555 -822.584884 -9999.0 -9999.0 -9999.0 -9999.0 -9999.0 -9999.0 -9999.0 -9999.0 -9999.0 -9999.0 -9999.0 -9999.0 -9999.0 -9999.0
-9999.0 -9999.0 -9999.0 -9999.0 -9999.0 -9999.0 -9999.0 -9999.0 -9999.0 -973.360758 -972.852788 -968.632902 -970.200300 -959.578559 -964.992948 -960.525606 -956.911617 -939.141395 -918.253650 -892.471875 -869.195903 -879.691316 -880.357855 -869.719503 -864.094403 -854.612292 -839.106020 -805.147267 -768.830162 -731.007040 -758.757481 -761.005525 -744.101190 -697.443715 -660.372851 -650.946162 -668.966905 -668.059122 -644.459835 -620.547703 -622.091655 -624.134905 -602.265165 -590.870167 -582.586182 -599.122552 -617.574698 -620.279896 -594.831449 -642.042093 -699.989872 -751.021945 -748.494047 -776.310068 -813.179837 -832.330729 -834.933662 -812.972196 -825.313578 -856.315525 -885.550640 -889.471869 -902.541862 -888.918176 -871.170465 -830.678435 -796.953681 -770.469020 -769.258643 -784.598387 -9999.0 -9999.0 -9999.0 -9999.0 -9999.0 -9999.0 -9999.0 -9999.0 -9999.0 -9999.0
-9999.0 -9999.0 -9999.0 -9999.0 -9999.0 -9999.0 -1014.566368 -1011.793197 -1001.543649 -1006.013186 -990.435598 -989.973464 -976.729349 -965.442267 -952.883333 -943.163495 -920.763008 -897.640268 -865.709613 -829.983195 -803.009786 -808.397155 -800.646888 -770.116573 -729.671211 -699.308120 -679.011437 -645.983115 -576.258709 -536.695364 -521.423578 -516.101388 -506.359474 -454.933054 -376.074908 -349.265425 -379.508787 -401.901210 -381.557870 -330.386348 -315.449054 -315.958626 -303.753088 -274.493489 14.763380 5.421831 -318.964324 -354.282957 -365.473784 -375.294718 -438.413596 -509.728145 -550.735854 -591.921506 -663.237084 -718.381735 -720.131316 -704.622336 -731.983887 -778.869144 -815.511934 -822.558777 -833.489290 -845.721333 -840.404048 -823.191389 -801.402954 -790.040277 -799.935569 -816.554848 -834.724981 -858.880022 -856.669772 -834.182304 -9999.0 -9999.0 -9999.0 -9999.0 -9999.0 -9999.0
-9999.0 -9999.0 -9999.0 -9999.0 -1045.754551 -1037.560666 -1053.400060 -1038.299668 -1020.852993 -1003.317138 -987.650875 -963.485859 -947.397360 -927.480772 -896.166649 -866.790293 -831.453058 -803.928893 -756.237372 -693.570784 -645.802854 -621.487866 -610.564100 -555.258401 -492.243131 -432.333282 -411.343114 -383.180455 -327.041825 19.210133 31.551046 32.018736 33.142502 35.197162 38.453753 41.205574 39.218864 38.664556 39.157071 39.989200 42.164054 41.919010 42.288726 43.179960 47.167587 47.298857 41.591888 38.321288 37.495190 37.172990 35.565496 27.670913 -165.852855 -314.512029 -347.358314 -408.837478 -494.903076 -519.851554 -569.696542 -616.588457 -677.511811 -699.842250 -727.855352 -749.490263 -776.697741 -774.440096 -769.915136 -786.185039 -811.215881 -837.556808 -848.096550 -862.517485 -871.090727 -844.179135 -829.233211 -800.916610 -9999.0 -9999.0 -9999.0 -9999.0
-9999.0 -9999.0 -1065.375472 -1048.667767 -1017.577808 -1019.968910 -1022.186722 -1024.875156 -1010.653010 -977.809701 -920.810139 -883.078645 -847.115377 -824.594824 -773.403383 -696.505109 -629.832208 -589.397488 -538.073273 -470.466769 -402.634723 -360.166036 -336.204930 -186.573989 27.804595 35.087090 36.696899 38.532462 41.379296 47.776631 50.442995 59.632937 64.105666 59.210439 57.389037 55.523710 53.948131 51.138630 48.595291 48.297022 53.175296 55.004788 58.358475 48.514551 47.932722 49.900238 50.504030 50.704715 51.517900 59.609567 69.221111 49.602491 42.363675 39.614742 39.186394 35.688725 30.240312 -13.724115 -282.570445 -354.669407 -445.980347 -506.021136 -554.520737 -598.792232 -645.287017 -672.849645 -713.679632 -747.851239 -785.653375 -823.560829 -841.542547 -855.257051 -854.956473 -854.366004 -839.592265 -825.678979 -811.194835 -804.185271 -9999.0 -9999.0
-9999.0 -1094.006352 -1080.487889 -1017.119218 -979.234241 -952.851915 -924.739786 -903.322841 -886.697687 -882.402736 -789.825985 -692.660794 -612.983073 -591.759673 -544.215873 -448.040724 -346.147188 -241.514127 20.090280 32.305706 36.581997 39.818595 41.621058 46.462211 64.608502 60.396947 57.304752 56.092851 50.878738 50.180913 48.827188 49.792956 49.372894 48.034973 47.206927 47.479860 47.416799 45.349402 39.700238 37.328885 37.266803 39.644312 38.368777 36.407084 36.099313 38.093941 40.469423 39.335528 38.578675 43.774345 46.916042 47.911537 49.377279 50.869050 68.623016 50.435408 47.575739 43.733317 39.619631 37.084608 32.394428 -4.220735 -356.599636 -428.276965 -494.661832 -557.613264 -608.317051 -656.110592 -711.317775 -742.719251 -767.548852 -813.137701 -831.982303 -827.929380 -835.293728 -836.622699 -830.071019 -824.225702 -9999.0 -9999.0
-9999.0 -1133.250912 -1076.309028 -986.034578 -888.892987 -845.779220 -738.655733 -663.214947 -640.082543 -660.520892 -570.247997 -330.917358 21.573124 28.907112 34.116311 39.757160 42.766552 50.438818 66.734008 59.038523 52.641278 54.546794 50.596704 49.075087 47.991372 47.414591 47.543102 47.713036 46.936611 46.232556 45.335329 44.985583 40.002063 35.500240 33.166307 32.353772 31.706165 26.614850 -258.834792 -336.439196 -353.403499 -308.043109 -333.908160 -368.604691 -375.683171 -336.910495 -244.307849 -287.212826 -288.519021 7.244769 31.270461 34.341452 35.636559 38.665198 44.908998 47.992993 49.510515 56.407158 62.108725 49.542388 46.735641 42.708425 36.810178 28.214804 -283.977800 -409.992403 -464.720727 -513.764555 -568.246083 -607.132987 -650.005540 -701.284525 -753.218535 -775.209577 -809.429589 -826.031791 -9999.0 -9999.0 -9999.0 -9999.0
-9999.0 -1146.359586 -1081.278227 -936.563401 -738.018381 -625.017469 -438.702225 -28.231398 28.606244 34.629800 36.644299 48.712497 59.672894 49.985021 47.483308 46.686708 47.381414 47.507610 47.312297 47.006530 46.866061 46.922569 46.981503 46.608484 45.703726 41.942357 39.433537 38.349649 35.423706 33.457232 31.044675 26.423755 -269.287116 -424.474517 -470.713582 -499.295182 -546.460886 -553.028275 -566.246106 -593.515655 -608.883938 -619.697514 -604.891245 -608.193820 -609.462637 -601.235340 -581.459100 -569.356078 -535.512453 -504.885796 -460.987829 -408.286167 -372.864994 -286.201607 26.571954 34.611350 36.849853 40.361002 46.407009 49.599941 61.934611 55.113308 48.362336 45.871862 37.932984 32.683963 26.401486 -296.132967 -382.463272 -441.249239 -494.999060 -551.148534 -612.148015 -692.199609 -728.424512 -9999.0 -9999.0 -9999.0 -9999.0 -9999.0
-9999.0 -1209.115247 -1098.884734 -959.511795 -686.605443 -380.502830 -242.184195 31.832064 43.232182 35.287110 33.793627 35.048442 38.814984 39.657141 37.351316 36.555582 35.471862 35.368830 37.061830 35.131361 33.264953 32.637040 32.962141 31.982642 27.505239 -169.811763 -277.398096 -321.124970 -391.877046 -444.633931 -523.272630 -538.206530 -600.914377 -661.505590 -701.508061 -742.068242 -787.131063 -788.153348 -774.073174 -789.257658 -808.220788 -825.234707 -803.344118 -791.285944 -782.301243 -791.154710 -784.637379 -755.493322 -714.124217 -679.054472 -637.303113 -591.412981 -554.827385 -509.888120 -475.023048 -416.653633 -361.680552 -228.143672 29.558929 39.377716 45.252666 47.585689 51.175283 66.982050 49.411292 46.202092 43.965894 37.896620 32.330702 26.144143 -212.812203 -386.668345 -459.157018 -9999.0 -9999.0 -9999.0 -9999.0 -9999.0 -9999.0 -9999.0
-9999.0 -1248.035599 -1144.155948 -1079.010799 -891.749467 -701.275395 -566.324672 -465.011167 -392.342583 -406.444189 -396.392937 -367.061575 -319.843505 -269.600423 -334.609017 -389.783683 -423.674061 -419.971649 -418.992291 -449.278644 -482.675641 -498.918969 -498.503751 -505.774823 -532.562521 -547.921591 -557.130556 -576.750766 -608.908807 -655.356528 -728.050093 -783.455091 -834.458198 -863.021391 -886.013273 -910.654878 -942.578381 -931.935940 -919.419438 -923.395352 -933.857719 -938.941395 -915.429366 -902.473533 -894.683214 -908.163115 -893.681262 -873.459773 -840.047706 -807.148704 -768.578089 -723.803667 -679.363631 -654.499388 -641.922702 -616.205371 -580.429802 -531.384493 -443.034846 -311.977666 27.107723 34.509669 39.829248 45.694168 47.212792 52.264960 60.168341 45.847843 40.352728 41.059781 37.205775 -9999.0 -9999.0 -9999.0 -9999.0 -9999.0 -9999.0 -9999.0 -9999.0 -9999.0
-9999.0 -9999.0 -1267.375754 -1210.004607 -1149.939800 -1065.616459 -973.909929 -901.987010 -854.264048 -790.358748 -719.649831 -659.385754 -626.920639 -613.600280 -631.665272 -670.815341 -695.833587 -694.704553 -701.960781 -715.159526 -738.028958 -745.597569 -752.449940 -758.248437 -770.688300 -777.255940 -781.188131 -789.577952 -807.821464 -846.365109 -889.263625 -927.514048 -966.389234 -979.406144 -991.924531 -1006.354377 -1005.626557 -1006.720973 -1002.431914 -1002.486315 -999.613282 -992.797111 -980.742100 -967.723431 -962.790134 -958.947499 -951.359043 -935.839493 -913.031330 -884.010824 -843.744804 -798.581568 -767.744567 -759.458274 -769.818518 -765.645594 -747.316183 -710.072797 -633.704607 -557.551495 -472.477753 -402.350995 -252.184816 28.446077 33.420559 36.491832 44.432355 43.393127 28.086529 38.399006 -9999.0 -9999.0 -9999.0 -9999.0 -9999.0 -9999.0 -9999.0 -9999.0 -9999.0 -9999.0
-9999.0 -9999.0 -9999.0 -9999.0 -1277.626920 -1208.299742 -1153.634149 -1138.080125 -1081.963796 -1031.531154 -981.441874 -933.730769 -899.541563 -882.702669 -895.699811 -903.351574 -910.319199 -911.175280 -916.865555 -922.434805 -927.401609 -932.659663 -939.061769 -944.486520 -944.853886 -942.167726 -942.868490 -951.938633 -960.207985 -979.844239 -993.319982 -1012.658991 -1031.519111 -1046.611977 -1050.431441 -1053.450540 -1051.406827 -1055.124727 -1048.690464 -1048.451025 -1040.926257 -1034.135039 -1022.043345 -1006.349421 -1002.346350 -993.883310 -989.159693 -976.318420 -959.706115 -924.346559 -878.521373 -834.925270 -808.607833 -807.734698 -833.131432 -847.942470 -852.604144 -831.025589 -793.302456 -735.317295 -647.536672 -585.501775 -527.044507 -473.145105 -430.070296 -346.931417 31.600253 40.764256 -9999.0 -9999.0 -9999.0 -9999.0 -9999.0 -9999.0 -9999.0 -9999.0 -9999.0 -9999.0 -9999.0 -9999.0
-9999.0 -9999.0 -9999.0 -9999.0 -9999.0 -9999.0 -1262.138864 -1228.305993 -1223.124601 -1185.279990 -1146.210362 -1109.847280 -1071.725344 -1063.559404 -1054.824470 -1038.527926 -1042.084356 -1052.679071 -1063.784801 -1050.474003 -1044.252262 -1045.447714 -1063.821363 -1062.450304 -1060.447533 -1053.551179 -1054.163267 -1055.301170 -1071.653066 -1060.963912 -1057.815929 -1067.362442 -1077.350721 -1079.899981 -1085.205667 -1076.236061 -1075.211719 -1083.512085 -1084.119927 -1069.742632 -1061.917928 -1058.479589 -1049.437825 -1033.130134 -1014.959725 -1008.331387 -1010.257954 -1010.475374 -985.464447 -938.528803 -888.244289 -848.033383 -824.644954 -819.754028 -845.805137 -881.900882 -901.443148 -899.201927 -874.996346 -834.902428 -772.432486 -733.583347 -708.201476 -689.220596 -665.187029 -578.912918 -9999.0 -9999.0 -9999.0 -9999.0 -9999.0 -9999.0 -9999.0 -9999.0 -9999.0 -9999.0 -9999.0 -9999.0 -9999.0 -9999.0
-9999.0 -9999.0 -9999.0 -9999.0 -9999.0 -9999.0 -9999.0 -9999.0 -9999.0 -9999.0 -9999.0 -9999.0 -9999.0 -9999.0 -9999.0 -9999.0 -9999.0 -9999.0 -9999.0 -9999.0 -9999.0 -9999.0 -9999.0 -9999.0 -9999.0 -9999.0 -9999.0 -9999.0 -9999.0 -9999.0 -9999.0 -9999.0 -9999.0 -9999.0 -9999.0 -9999.0 -9999.0 -9999.0 -9999.0 -9999.0 -9999.0 -9999.0 -9999.0 -9999.0 -9999.0 -9999.0 -9999.0 -9999.0 -9999.0 -9999.0 -9999.0 -9999.0 -9999.0 -9999.0 -9999.0 -9999.0 -9999.0 -9999.0 -9999.0 -9999.0 -9999.0 -9999.0 -9999.0 -9999.0 -9999.0 -9999.0 -9999.0 -9999.0 -9999.0 -9999.0 -9999.0 -9999.0 -9999.0 -9999.0 -9999.0 -9999.0 -9999.0 -9999.0 -9999.0 -9999.0
-9999.0 -9999.0 -9999.0 -9999.0 -9999.0 -9999.0 -9999.0 -9999.0 -9999.0 -9999.0 -9999.0 -9999.0 -9999.0 -9999.0 -9999.0 -9999.0 -9999.0 -9999.0 -9999.0 -9999.0 -9999.0 -9999.0 -9999.0 -9999.0 -9999.0 -9999.0 -9999.0 -9999.0 -9999.0 -9999.0 -9999.0 -9999.0 -9999.0 -9999.0 -9999.0 -9999.0 -9999.0 -9999.0 -9999.0 -9999.0 -9999.0 -9999.0 -9999.0 -9999.0 -9999.0 -9999.0 -9999.0 -9999.0 -9999.0 -9999.0 -9999.0 -9999.0 -9999.0 -9999.0 -9999.0 -9999.0 -9999.0 -9999.0 -9999.0 -9999.0 -9999.0 -9999.0 -9999.0 -9999.0 -9999.0 -9999.0 -9999.0 -9999.0 -9999.0 -9999.0 -9999.0 -9999.0 -9999.0 -9999.0 -9999.0 -9999.0 -9999.0 -9999.0 -9999.0 -9999.0