Borden_/Borden1m_014/output_maps/psiliqL0000N0025.asc
ncols         80
nrows         18
xllcorner     620200.000000
yllcorner     5168000.000000
cellsize      1.000000
NODATA_value  -9999.0
-9999.0 -9999.0 -9999.0 -9999.0 -9999.0 -9999.0 -9999.0 -9999.0 -9999.0 -9999.0 -9999.0 -9999.0 -9999.0 -9999.0 -9999.0 -9999.0 -9999.0 -9999.0 -9999.0 -9999.0 -9999.0 -9999.0 -9999.0 -9999.0 -9999.0 -9999.0 -9999.0 -9999.0 -9999.0 -9999.0 -9999.0 -9999.0 -9999.0 -9999.0 -9999.0 -9999.0 -9999.0 -9999.0 -9999.0 -9999.0 -9999.0 -9999.0 -9999.0 -9999.0 -9999.0 -9999.0 -9999.0 -9999.0 -9999.0 -9999.0 -9999.0 -9999.0 -9999.0 -9999.0 -9999.0 -9999.0 -9999.0 -9999.0 -9999.0 -9999.0 -9999.0 -9999.0 -9999.0 -9999.0 -9999.0 -9999.0 -9999.0 -9999.0 -9999.0 -9999.0 -9999.0 -9999.0 -9999.0 -9999.0 -9999.0 -9999.0 -9999.0 -9999.0 -9999.0 -9999.0
-9999.0 -9999.0 -9999.0 -9999.0 -9999.0 -9999.0 -9999.0 -9999.0 -9999.0 -9999.0 -9999.0 -9999.0 -9999.0 -9999.0 -9999.0 -9999.0 -9999.0 -9999.0 -9999.0 -9999.0 -9999.0 -9999.0 -9999.0 -9999.0 -9999.0 -9999.0 -9999.0 -9999.0 -9999.0 -9999.0 -9999.0 -9999.0 -9999.0 -9999.0 -9999.0 -9999.0 -9999.0 -9999.0 -9999.0 -9999.0 -9999.0 -9999.0 -9999.0 -9999.0 -9999.0 -9999.0 -9999.0 -9999.0 -9999.0 -9999.0 -9999.0 -9999.0 -9999.0 -9999.0 -9999.0 -9999.0 -9999.0 -9999.0 -9999.0 -9999.0 -9999.0 -9999.0 -9999.0 -9999.0 -9999.0 -9999.0 -9999.0 -9999.0 -9999.0 -9999.0 -9999.0 -9999.0 -9999.0 -9999.0 -9999.0 -9999.0 -9999.0 -9999.0 -9999.0 -9999.0
-9999.0 -9999.0 -9999.0 -9999.0 -9999.0 -9999.0 -9999.0 -9999.0 -9999.0 -9999.0 -9999.0 -9999.0 -9999.0 -9999.0 -9999.0 -9999.0 -9999.0 -9999.0 -9999.0 -9999.0 -582.414751 -581.509573 -583.377662 -585.464485 -587.233275 -587.473841 -585.497874 -583.242774 -580.625882 -580.101748 -582.273161 -581.735424 -582.608100 -583.086762 -583.129268 -582.540431 -582.269112 -581.418515 -580.883110 -581.139495 -581.788823 -582.248631 -582.715952 -582.580412 -581.833773 -582.814263 -581.348529 -579.910010 -579.399491 -579.390458 -581.328953 -582.121206 -582.393640 -584.079961 -581.027008 -580.151868 -577.906808 -577.703685 -577.252207 -579.776905 -582.236078 -9999.0 -9999.0 -9999.0 -9999.0 -9999.0 -9999.0 -9999.0 -9999.0 -9999.0 -9999.0 -9999.0 -9999.0 -9999.0 -9999.0 -9999.0 -9999.0 -9999.0 -9999.0 -9999.0
-9999.0 -9999.0 -9999.0 -9999.0 -9999.0 -9999.0 -9999.0 -9999.0 -9999.0 -9999.0 -9999.0 -9999.0 -9999.0 -9999.0 -585.661376 -586.693209 -587.176539 -587.510089 -585.740811 -584.383900 -584.381662 -585.452832 -584.550971 -586.581956 -588.369267 -587.276772 -585.778078 -584.585326 -582.532672 -580.909116 -582.438454 -582.814225 -581.992809 -579.036736 -577.718537 -578.343255 -581.829398 -578.595302 -576.953095 -575.863229 -575.998629 -577.587440 -575.354076 -572.753655 -574.094516 -576.834730 -576.298846 -574.805184 -572.241570 -573.549708 -582.014945 -582.846037 -582.378792 -582.177130 -583.291385 -584.127982 -581.063064 -581.518378 -582.007880 -582.490053 -584.197634 -587.013956 -588.276633 -585.322613 -582.720281 -577.216007 -9999.0 -9999.0 -9999.0 -9999.0 -9999.0 -9999.0 -9999.0 -9999.0 -9999.0 -9999.0 -9999.0 -9999.0 -9999.0 -9999.0
-9999.0 -9999.0 -9999.0 -9999.0 -9999.0 -9999.0 -9999.0 -9999.0 -9999.0 -587.209864 -587.529200 -587.260807 -587.969182 -587.096946 -588.629992 -588.295528 -588.576073 -587.387293 -586.453159 -584.780479 -582.466204 -584.224560 -584.451269 -583.177906 -582.973373 -582.509803 -581.535265 -577.701921 -573.224308 -565.948103 -572.171039 -572.423451 -569.071042 -555.977195 -543.579710 -539.633495 -546.278016 -546.425004 -538.267553 -527.995107 -527.993463 -528.962158 -517.418265 -510.082855 -504.429714 -515.938571 -526.669785 -528.386453 -514.194770 -537.625351 -556.044408 -570.394317 -569.520990 -574.162543 -579.125893 -580.936328 -581.657742 -578.081002 -579.421964 -582.598571 -585.148964 -584.238228 -585.687544 -584.295301 -583.364702 -579.217399 -575.450464 -571.695077 -571.501592 -573.917118 -9999.0 -9999.0 -9999.0 -9999.0 -9999.0 -9999.0 -9999.0 -9999.0 -9999.0 -9999.0
-9999.0 -9999.0 -9999.0 -9999.0 -9999.0 -9999.0 -588.848991 -589.009609 -588.477914 -590.360006 -589.120721 -590.055469 -589.137533 -588.765524 -588.208360 -588.225816 -586.680126 -585.363862 -583.060980 -579.929939 -576.951373 -578.572034 -577.797426 -573.380375 -564.101959 -555.067970 -549.413159 -538.908266 -498.493516 -445.389089 -417.912520 -402.899135 -382.337416 -357.724292 -309.056636 -230.845971 -313.086305 -332.213732 -319.163464 -280.674438 -189.759417 -188.926602 -184.127087 -177.206864 -151.354874 -155.535388 -275.265675 -303.607431 -311.391069 -318.251796 -351.662681 -387.929079 -461.530589 -510.976575 -544.245855 -559.885732 -562.848808 -560.737733 -566.833140 -574.624465 -579.129464 -579.098937 -579.944116 -581.623320 -580.883680 -579.241531 -576.613800 -574.944593 -576.209671 -577.892417 -579.115128 -581.857335 -581.414139 -578.741556 -9999.0 -9999.0 -9999.0 -9999.0 -9999.0 -9999.0
-9999.0 -9999.0 -9999.0 -9999.0 -591.639621 -590.806690 -593.341807 -591.958883 -590.907701 -590.145927 -590.213899 -588.783222 -588.443692 -587.454045 -585.245216 -583.503791 -580.345835 -577.995358 -571.083586 -555.384519 -539.136902 -528.551129 -522.015862 -464.058004 -381.109624 -348.333417 -337.569879 -318.398356 -273.034597 -143.978461 -118.931338 -112.574996 -95.588196 -106.879978 -32.290519 1.195445 -17.465029 -23.541411 -21.873012 -14.760099 8.333152 8.558505 9.648314 9.413211 11.427844 13.513412 -5.406418 -35.166325 -46.353088 -52.897525 -69.969132 -129.431092 -240.232231 -280.462024 -303.014499 -335.088285 -378.906401 -405.378752 -490.146206 -526.287353 -550.613353 -558.832282 -566.288498 -569.893997 -574.654813 -573.839308 -572.548383 -574.918770 -577.898634 -580.692918 -580.977084 -582.171078 -583.556941 -580.103717 -578.929252 -575.142016 -9999.0 -9999.0 -9999.0 -9999.0
-9999.0 -9999.0 -591.685128 -591.670311 -589.447390 -590.902919 -591.717406 -592.954401 -592.520135 -590.407051 -586.290779 -584.579473 -581.765041 -580.339644 -573.602922 -555.094287 -531.111745 -508.225057 -434.017523 -370.684014 -330.822215 -295.022299 -201.861157 -165.868734 -122.164379 -112.986978 -53.791890 -33.974658 -11.937278 13.821289 38.140086 53.025531 58.391630 52.888460 51.361342 49.715976 48.044006 44.244520 28.094253 25.889012 32.842651 34.883419 38.175946 26.323487 22.590369 34.737565 36.852711 37.622030 39.706111 48.082333 58.026410 30.560347 -21.749320 -32.295465 -34.459339 -71.779496 -130.457565 -231.862545 -264.108643 -302.491798 -359.372048 -390.807868 -467.270210 -518.868568 -543.404156 -554.073569 -564.090816 -570.023252 -575.266580 -579.999645 -581.380013 -582.188050 -581.493778 -582.007735 -580.178597 -578.811598 -576.724053 -575.949292 -9999.0 -9999.0
-9999.0 -592.186850 -593.044397 -589.068725 -588.560891 -587.811021 -586.648432 -585.659286 -584.640951 -586.396910 -575.102616 -551.147372 -523.632688 -511.708083 -451.135066 -353.386580 -199.122969 -167.601530 -142.031591 -103.457337 -56.648558 -18.910991 4.264229 37.120568 58.138916 53.684061 50.714080 49.887818 40.756827 33.349882 24.624092 31.710323 30.021636 16.915345 4.548940 4.123016 1.586135 -21.674288 -46.578085 -58.295861 -52.886294 -31.892035 -41.997107 -61.890548 -65.790955 -46.290138 -31.564640 -39.985421 -51.721731 -36.867977 -6.283207 9.533384 25.776086 39.443127 58.732373 37.720777 5.494752 -29.725681 -42.773699 -65.645554 -174.585840 -238.353684 -291.549642 -346.183310 -387.026539 -473.023445 -526.951312 -548.845219 -563.842162 -569.145775 -572.361438 -578.979199 -580.640014 -579.199329 -580.074741 -580.171564 -579.352465 -578.722229 -9999.0 -9999.0
-9999.0 -595.824817 -592.183228 -588.040376 -582.862104 -582.242442 -562.416869 -542.469327 -535.221987 -545.996351 -485.355094 -192.621643 -132.864535 -132.880499 -82.204593 -16.016604 23.707403 45.689032 57.663054 48.814961 42.895234 44.899401 39.814944 31.381522 18.651938 11.029807 11.392042 9.129335 -6.567132 -23.256693 -38.087779 -38.100198 -50.661112 -83.876505 -113.631022 -123.778081 -141.470752 -219.267648 -264.209137 -293.441147 -305.662715 -286.929728 -297.001355 -313.499315 -316.749496 -295.257604 -262.523197 -267.075773 -259.819702 -234.936783 -190.053375 -101.531371 -82.744903 -58.198045 -26.220266 9.910361 28.083801 47.049150 53.180227 29.724604 -6.940895 -50.897940 -77.184520 -188.026715 -259.688484 -331.516959 -371.054000 -401.391890 -492.323680 -525.606927 -545.526655 -560.907330 -571.177821 -573.373080 -578.157033 -578.845941 -9999.0 -9999.0 -9999.0 -9999.0
-9999.0 -595.708665 -592.091490 -583.991336 -563.581510 -527.580041 -381.725221 -268.551102 -87.100197 -148.174650 -22.765344 45.367311 52.309702 36.127235 9.435489 5.739461 14.858711 16.775274 13.499533 4.086917 -5.514790 -8.562295 -10.651685 -17.774936 -28.872475 -42.845249 -53.107373 -62.391349 -154.717169 -190.484772 -217.974229 -235.834110 -270.245670 -341.815570 -365.093804 -381.923932 -455.455156 -472.691182 -488.556129 -512.613799 -521.913822 -527.547873 -519.826871 -521.965079 -522.746162 -517.789021 -503.826983 -490.468413 -433.870095 -387.506882 -363.510003 -326.853095 -296.817390 -252.326465 -200.421085 -95.542240 -68.890873 -43.529629 -4.486567 30.310685 50.006224 42.959175 15.194934 -18.080180 -72.966860 -189.122140 -236.062962 -293.498378 -345.468574 -377.076633 -399.847028 -472.993299 -529.581794 -558.435682 -565.465984 -9999.0 -9999.0 -9999.0 -9999.0 -9999.0
-9999.0 -600.426333 -591.425772 -584.745402 -546.605201 -370.377961 -290.170464 -13.871832 35.454120 -31.609272 -150.793237 -65.898461 -33.673401 -33.903584 -58.337727 -67.240646 -73.442202 -74.299746 -62.172848 -89.473683 -169.911499 -187.934890 -190.278879 -204.489651 -228.486845 -248.828831 -264.145163 -285.020751 -331.275422 -361.005825 -403.725375 -446.299992 -516.580148 -543.962927 -556.273358 -566.431092 -575.356124 -575.169902 -572.428183 -574.870234 -577.407775 -580.094555 -576.905920 -575.469130 -574.042929 -575.813348 -575.345502 -570.874313 -563.088912 -553.917380 -538.454163 -513.348390 -469.260684 -391.103986 -370.157801 -333.855354 -294.840358 -246.044372 -171.122283 -49.089465 -23.285514 5.038448 40.823466 58.802929 22.276152 -12.278756 -63.964129 -140.962873 -243.350691 -294.346560 -319.028817 -345.977573 -379.371869 -9999.0 -9999.0 -9999.0 -9999.0 -9999.0 -9999.0 -9999.0
-9999.0 -603.504007 -593.521268 -591.671437 -579.550628 -550.877375 -485.682592 -365.941140 -197.645066 -329.572696 -342.698205 -324.691552 -301.644173 -282.877087 -303.397954 -329.049893 -345.371889 -341.978670 -340.132665 -355.298512 -372.748324 -380.183021 -381.042618 -390.516259 -434.041786 -461.953430 -476.981916 -499.612710 -522.567322 -542.862691 -564.996132 -574.303611 -580.525482 -582.639134 -584.162110 -585.762430 -588.918924 -587.200048 -585.868821 -586.232665 -587.253683 -588.046468 -585.740767 -584.976947 -584.247812 -586.421823 -584.956055 -583.658834 -580.658885 -577.548345 -572.934416 -565.759239 -555.819118 -547.785614 -541.009061 -527.642790 -500.637010 -413.529502 -353.970249 -269.625145 -195.615256 -100.571141 -53.029494 -43.788170 0.173546 7.739798 17.073142 0.179266 -157.907014 -237.617280 -259.610333 -9999.0 -9999.0 -9999.0 -9999.0 -9999.0 -9999.0 -9999.0 -9999.0 -9999.0
-9999.0 -9999.0 -605.287010 -601.028700 -597.050745 -593.304341 -588.089648 -580.934019 -575.611024 -568.111571 -556.034294 -540.725420 -529.378280 -523.522060 -531.371748 -545.475327 -552.861362 -552.294975 -554.163850 -557.921657 -564.346337 -566.751261 -568.269274 -569.474301 -572.001148 -573.049775 -573.473620 -574.351446 -576.284126 -580.526840 -584.178442 -586.580111 -589.247523 -589.094727 -589.513627 -590.465929 -589.727683 -589.902529 -589.648767 -589.806751 -589.629720 -589.231034 -588.730898 -588.048297 -588.041213 -587.872930 -587.627811 -586.861646 -585.679481 -584.129849 -580.999756 -576.233059 -572.442425 -571.491901 -573.481729 -572.778448 -569.860880 -562.597222 -535.555885 -464.100120 -373.556019 -320.472223 -250.160973 -198.578525 -158.215475 -105.436163 -47.889679 0.003467 0.000007 -254.864026 -9999.0 -9999.0 -9999.0 -9999.0 -9999.0 -9999.0 -9999.0 -9999.0 -9999.0 -9999.0
-9999.0 -9999.0 -9999.0 -9999.0 -606.624159 -600.991196 -595.903720 -596.399901 -592.822445 -590.804941 -588.866215 -586.436357 -584.453964 -583.057985 -584.975490 -585.534021 -585.934440 -585.600336 -585.951170 -586.496048 -586.790461 -587.084060 -587.309195 -587.728672 -587.594347 -587.232935 -587.123599 -587.821490 -587.777457 -589.188294 -589.401593 -590.171395 -590.925167 -591.798843 -591.611526 -591.737943 -591.347331 -591.754205 -591.113335 -591.536127 -591.078227 -590.881052 -590.317905 -589.397586 -589.813165 -589.277773 -589.262543 -588.543199 -588.312032 -586.425641 -583.280567 -579.531766 -576.913575 -577.033980 -580.425173 -581.753566 -582.510212 -580.353751 -576.558749 -567.937929 -542.347098 -506.458689 -411.170359 -370.762106 -347.386009 -306.259996 -243.257732 -199.711860 -9999.0 -9999.0 -9999.0 -9999.0 -9999.0 -9999.0 -9999.0 -9999.0 -9999.0 -9999.0 -9999.0 -9999.0
-9999.0 -9999.0 -9999.0 -9999.0 -9999.0 -9999.0 -604.434694 -601.749510 -602.405774 -600.608054 -599.068975 -597.798592 -595.678060 -596.106088 -595.606558 -593.888802 -594.181939 -594.988731 -596.003779 -594.471143 -593.870120 -593.686361 -595.368950 -594.899797 -594.759311 -594.091521 -594.160066 -593.866724 -595.352922 -593.663869 -592.867287 -593.190089 -593.500288 -593.176543 -593.560818 -592.458335 -592.328479 -593.204804 -593.446666 -592.205083 -591.878098 -592.079993 -591.848560 -591.013641 -589.770819 -589.614315 -590.204546 -591.024173 -589.737000 -586.796630 -583.462992 -580.450327 -578.426352 -577.706352 -580.514648 -584.227551 -586.042523 -586.280890 -584.762966 -581.807714 -574.348429 -568.803835 -563.817934 -556.577304 -548.223667 -500.526948 -9999.0 -9999.0 -9999.0 -9999.0 -9999.0 -9999.0 -9999.0 -9999.0 -9999.0 -9999.0 -9999.0 -9999.0 -9999.0 -9999.0
-9999.0 -9999.0 -9999.0 -9999.0 -9999.0 -9999.0 -9999.0 -9999.0 -9999.0 -9999.0 -9999.0 -9999.0 -9999.0 -9999.0 -9999.0 -9999.0 -9999.0 -9999.0 -9999.0 -9999.0 -9999.0 -9999.0 -9999.0 -9999.0 -9999.0 -9999.0 -9999.0 -9999.0 -9999.0 -9999.0 -9999.0 -9999.0 -9999.0 -9999.0 -9999.0 -9999.0 -9999.0 -9999.0 -9999.0 -9999.0 -9999.0 -9999.0 -9999.0 -9999.0 -9999.0 -9999.0 -9999.0 -9999.0 -9999.0 -9999.0 -9999.0 -9999.0 -9999.0 -9999.0 -9999.0 -9999.0 -9999.0 -9999.0 -9999.0 -9999.0 -9999.0 -9999.0 -9999.0 -9999.0 -9999.0 -9999.0 -9999.0 -9999.0 -9999.0 -9999.0 -9999.0 -9999.0 -9999.0 -9999.0 -9999.0 -9999.0 -9999.0 -9999.0 -9999.0 -9999.0
-9999.0 -9999.0 -9999.0 -9999.0 -9999.0 -9999.0 -9999.0 -9999.0 -9999.0 -9999.0 -9999.0 -9999.0 -9999.0 -9999.0 -9999.0 -9999.0 -9999.0 -9999.0 -9999.0 -9999.0 -9999.0 -9999.0 -9999.0 -9999.0 -9999.0 -9999.0 -9999.0 -9999.0 -9999.0 -9999.0 -9999.0 -9999.0 -9999.0 -9999.0 -9999.0 -9999.0 -9999.0 -9999.0 -9999.0 -9999.0 -9999.0 -9999.0 -9999.0 -9999.0 -9999.0 -9999.0 -9999.0 -9999.0 -9999.0 -9999.0 -9999.0 -9999.0 -9999.0 -9999.0 -9999.0 -9999.0 -9999.0 -9999.0 -9999.0 -9999.0 -9999.0 -9999.0 -9999.0 -9999.0 -9999.0 -9999.0 -9999.0 -9999.0 -9999.0 -9999.0 -9999.0 -9999.0 -9999.0 -9999.0 -9999.0 -9999.0 -9999.0 -9999.0 -9999.0 -9999.0