Borden_/Borden1m_014/output_maps/psiliqL0008N0012.asc
ncols         80
nrows         18
xllcorner     620200.000000
yllcorner     5168000.000000
cellsize      1.000000
NODATA_value  -9999.0
-9999.0 -9999.0 -9999.0 -9999.0 -9999.0 -9999.0 -9999.0 -9999.0 -9999.0 -9999.0 -9999.0 -9999.0 -9999.0 -9999.0 -9999.0 -9999.0 -9999.0 -9999.0 -9999.0 -9999.0 -9999.0 -9999.0 -9999.0 -9999.0 -9999.0 -9999.0 -9999.0 -9999.0 -9999.0 -9999.0 -9999.0 -9999.0 -9999.0 -9999.0 -9999.0 -9999.0 -9999.0 -9999.0 -9999.0 -9999.0 -9999.0 -9999.0 -9999.0 -9999.0 -9999.0 -9999.0 -9999.0 -9999.0 -9999.0 -9999.0 -9999.0 -9999.0 -9999.0 -9999.0 -9999.0 -9999.0 -9999.0 -9999.0 -9999.0 -9999.0 -9999.0 -9999.0 -9999.0 -9999.0 -9999.0 -9999.0 -9999.0 -9999.0 -9999.0 -9999.0 -9999.0 -9999.0 -9999.0 -9999.0 -9999.0 -9999.0 -9999.0 -9999.0 -9999.0 -9999.0
-9999.0 -9999.0 -9999.0 -9999.0 -9999.0 -9999.0 -9999.0 -9999.0 -9999.0 -9999.0 -9999.0 -9999.0 -9999.0 -9999.0 -9999.0 -9999.0 -9999.0 -9999.0 -9999.0 -9999.0 -9999.0 -9999.0 -9999.0 -9999.0 -9999.0 -9999.0 -9999.0 -9999.0 -9999.0 -9999.0 -9999.0 -9999.0 -9999.0 -9999.0 -9999.0 -9999.0 -9999.0 -9999.0 -9999.0 -9999.0 -9999.0 -9999.0 -9999.0 -9999.0 -9999.0 -9999.0 -9999.0 -9999.0 -9999.0 -9999.0 -9999.0 -9999.0 -9999.0 -9999.0 -9999.0 -9999.0 -9999.0 -9999.0 -9999.0 -9999.0 -9999.0 -9999.0 -9999.0 -9999.0 -9999.0 -9999.0 -9999.0 -9999.0 -9999.0 -9999.0 -9999.0 -9999.0 -9999.0 -9999.0 -9999.0 -9999.0 -9999.0 -9999.0 -9999.0 -9999.0
-9999.0 -9999.0 -9999.0 -9999.0 -9999.0 -9999.0 -9999.0 -9999.0 -9999.0 -9999.0 -9999.0 -9999.0 -9999.0 -9999.0 -9999.0 -9999.0 -9999.0 -9999.0 -9999.0 -9999.0 -271.088765 -268.109780 -291.118469 -325.595893 -354.464126 -352.818758 -317.710845 -276.395857 -238.563570 -228.207227 -246.439013 -245.031191 -250.043385 -249.893527 -246.449570 -240.063144 -237.082625 -225.296051 -216.698216 -216.990559 -223.302138 -229.166489 -230.506697 -227.005640 -221.993544 -230.865873 -217.163234 -201.623817 -195.226742 -200.566459 -228.385119 -244.648040 -252.960185 -267.487617 -242.722834 -230.000968 -206.837458 -202.402247 -203.500172 -230.480297 -260.573810 -9999.0 -9999.0 -9999.0 -9999.0 -9999.0 -9999.0 -9999.0 -9999.0 -9999.0 -9999.0 -9999.0 -9999.0 -9999.0 -9999.0 -9999.0 -9999.0 -9999.0 -9999.0 -9999.0
-9999.0 -9999.0 -9999.0 -9999.0 -9999.0 -9999.0 -9999.0 -9999.0 -9999.0 -9999.0 -9999.0 -9999.0 -9999.0 -9999.0 -361.266034 -371.704215 -375.082099 -366.895784 -333.245027 -303.265275 -290.579316 -298.428368 -298.755818 -322.870679 -343.608699 -329.561614 -299.956780 -268.346753 -234.217561 -213.861963 -226.765096 -229.425988 -218.251580 -188.939307 -172.724120 -174.729135 -195.787337 -172.568233 -155.924456 -146.303993 -147.499480 -156.479927 -141.723739 -125.126040 -132.008369 -149.847122 -146.061946 -133.950083 -119.305036 -135.301459 -202.367428 -225.094339 -228.654425 -235.240372 -248.462603 -255.017982 -230.087527 -228.997915 -237.048363 -254.806054 -287.041103 -331.377808 -349.083551 -309.993654 -264.948522 -206.541818 -9999.0 -9999.0 -9999.0 -9999.0 -9999.0 -9999.0 -9999.0 -9999.0 -9999.0 -9999.0 -9999.0 -9999.0 -9999.0 -9999.0
-9999.0 -9999.0 -9999.0 -9999.0 -9999.0 -9999.0 -9999.0 -9999.0 -9999.0 -417.283466 -413.957776 -407.244201 -405.905931 -390.676494 -392.718004 -386.201173 -378.719062 -352.985383 -322.053052 -286.822467 -257.774988 -268.032206 -267.973155 -255.846428 -248.616377 -234.544722 -212.719555 -171.565353 -128.921486 -86.642830 -115.356465 -116.560212 -92.951321 -29.055017 18.938164 31.320464 13.610426 18.413874 44.795073 69.479173 67.643120 65.125073 89.658370 103.051756 108.344220 89.550863 73.712542 73.147326 99.577315 44.186849 -30.087147 -99.864060 -102.951767 -136.164205 -178.685054 -202.374540 -206.690505 -184.968640 -200.360291 -237.928988 -274.643382 -284.079341 -300.554982 -283.753730 -260.542089 -212.986749 -174.072947 -145.023993 -144.407979 -161.489194 -9999.0 -9999.0 -9999.0 -9999.0 -9999.0 -9999.0 -9999.0 -9999.0 -9999.0 -9999.0
-9999.0 -9999.0 -9999.0 -9999.0 -9999.0 -9999.0 -495.228789 -486.809847 -467.576856 -462.407981 -438.653359 -431.684556 -411.766497 -392.973629 -372.970563 -356.420882 -325.637919 -293.080494 -251.176294 -206.005982 -172.071645 -175.826905 -165.270952 -129.300547 -79.264507 -32.541923 -1.006321 40.507453 119.659091 165.575972 181.344950 192.201571 226.084444 390.361556 477.930438 495.315345 482.901258 472.698903 484.616386 506.557167 507.545962 505.774531 509.962625 514.344206 533.380728 530.020170 506.117288 499.392375 498.072756 486.011546 408.922178 229.865965 158.597903 102.548489 17.406808 -48.801213 -62.317106 -51.656462 -85.081802 -140.594229 -184.802921 -196.795689 -212.016473 -226.315509 -220.743190 -200.916716 -177.039165 -165.137970 -177.085458 -197.213598 -219.929101 -248.404195 -246.448010 -220.775662 -9999.0 -9999.0 -9999.0 -9999.0 -9999.0 -9999.0
-9999.0 -9999.0 -9999.0 -9999.0 -544.400158 -532.470696 -544.503994 -521.629241 -490.408194 -458.003472 -426.379427 -389.687064 -363.180482 -333.777581 -291.781148 -252.800502 -208.147120 -172.263107 -113.746079 -34.352023 31.834203 63.611787 80.585115 150.319421 257.221806 419.286512 464.245035 483.625410 505.328275 541.648263 557.305315 561.885872 580.439210 623.502243 660.097317 683.764238 673.400023 670.678901 672.894973 676.439332 691.006186 689.349297 689.424934 689.464548 691.300290 694.055377 682.445390 663.710020 657.809775 652.666078 630.916586 564.219068 531.550931 513.933873 494.696089 435.050285 263.820650 205.206269 133.702946 72.858936 -1.591926 -41.473482 -79.716019 -108.586588 -141.371758 -141.277707 -138.357568 -157.905101 -188.076302 -219.547724 -234.049038 -252.319538 -262.104676 -231.862672 -213.873114 -182.635648 -9999.0 -9999.0 -9999.0 -9999.0
-9999.0 -9999.0 -601.597154 -552.098090 -497.015899 -489.228965 -487.856014 -483.848444 -457.936923 -408.139402 -329.296538 -275.417188 -230.022674 -198.784483 -135.408386 -37.168274 46.262018 98.912555 172.781331 309.576338 447.629852 489.069771 499.749423 524.846007 568.258461 627.397163 649.032513 663.440584 677.134433 693.020849 709.655891 723.661240 731.070260 730.906083 732.215457 730.558370 730.002150 728.445514 713.775814 711.398446 716.711346 718.254925 721.320686 709.844669 706.205803 718.419546 722.195725 725.384894 728.962504 736.603636 743.200782 710.875436 673.687419 667.129466 664.837047 632.190837 572.758379 538.697290 526.740908 498.770044 412.804831 247.955720 157.831861 92.554192 22.569581 -17.822284 -67.565330 -109.972207 -155.361914 -200.229815 -223.230081 -241.255309 -243.003466 -241.899567 -225.421336 -209.416121 -193.719477 -185.759963 -9999.0 -9999.0
-9999.0 -699.771410 -627.554599 -500.729064 -422.897999 -378.957457 -339.164757 -310.093374 -285.701227 -270.321457 -159.231926 -40.030538 53.937216 87.899940 159.653080 375.580455 481.572081 514.153767 539.777976 586.351455 637.932651 669.262036 684.517745 705.822572 732.071809 734.569143 734.593647 733.897672 725.933286 716.800446 706.374262 713.595947 712.847992 698.464685 685.686373 683.601530 682.170557 669.799981 655.158292 648.766711 652.100805 667.671701 660.404876 647.395895 644.841139 657.766065 668.558709 662.968165 655.195376 667.455860 691.148091 702.972129 716.621909 730.079577 748.281130 724.131456 694.799748 669.375950 661.628147 647.365715 609.442189 552.468949 509.142586 440.714857 275.233422 157.570461 78.297524 5.254231 -63.418419 -104.263544 -136.760779 -189.372847 -212.547442 -210.522220 -219.338328 -221.474729 -214.549302 -207.956297 -9999.0 -9999.0
-9999.0 -770.771669 -627.874014 -442.998605 -296.453498 -232.566147 -103.300766 -12.969834 13.059320 -9.153499 113.455890 437.417555 523.994239 531.379973 581.447204 656.626333 686.244037 710.076434 725.945074 723.427949 721.947198 724.790494 719.500671 711.901187 699.519336 694.605983 696.514726 697.482192 688.661722 676.878954 662.893963 661.388470 651.779048 622.857351 587.109641 565.901892 554.541706 543.558321 524.076831 509.427147 501.414298 516.229976 509.987486 498.201855 495.015277 509.353858 531.229962 525.638805 531.289419 552.771358 599.116834 628.162739 639.794088 655.532795 676.248179 703.271258 717.891040 737.947307 743.288214 722.661223 692.008698 660.164000 644.207299 605.959235 545.968413 484.198972 402.427668 227.586050 131.550863 72.205529 7.009437 -59.636691 -121.421514 -149.315083 -188.504668 -209.216000 -9999.0 -9999.0 -9999.0 -9999.0
-9999.0 -835.624431 -644.667841 -379.842814 -118.131374 36.396139 367.143647 493.130680 532.046417 575.205544 591.185141 695.826870 715.671869 703.917567 686.582668 687.174507 697.830722 700.017441 695.277229 687.459901 679.945111 676.615075 675.349158 671.286936 665.466312 658.602387 653.793064 650.766682 630.108487 604.573356 560.458984 545.232161 519.141815 432.621865 315.131189 227.673828 151.495255 141.650954 130.745346 100.859010 82.266974 66.853572 85.584050 85.466406 85.621707 92.705517 113.296269 133.946300 184.675763 251.426312 410.342337 482.565887 508.230562 539.011958 577.725967 626.465292 647.012610 664.381293 693.246023 721.776183 741.728317 734.476481 710.547792 686.538842 646.863696 612.326327 584.742683 524.109922 477.325998 406.921839 248.088859 139.745924 44.003569 -57.583287 -100.356375 -9999.0 -9999.0 -9999.0 -9999.0 -9999.0
-9999.0 -988.475987 -721.315573 -425.814425 -82.114478 347.057314 481.963519 596.289183 662.254443 622.228793 616.915612 631.637413 656.876829 659.157174 646.209339 645.084635 640.223777 639.574790 647.629510 622.195089 583.133192 566.994789 565.615346 557.481077 542.324118 532.881232 527.680205 518.261834 483.587973 414.282050 215.524632 165.619779 83.196369 11.816381 -46.213776 -101.237794 -155.503565 -157.433164 -141.419936 -157.898635 -180.038614 -198.777666 -173.202229 -157.813934 -147.032776 -157.076931 -148.393628 -113.460665 -63.756178 -17.343278 45.394003 108.595672 161.494984 233.095019 323.355343 454.026374 505.917948 542.478737 608.844467 660.832946 679.295169 700.589807 732.434214 750.667649 712.430553 682.088010 659.726602 633.293211 591.228826 563.229224 523.044048 453.061088 288.360747 -9999.0 -9999.0 -9999.0 -9999.0 -9999.0 -9999.0 -9999.0
-9999.0 -1122.854894 -890.280694 -642.075604 -343.087810 -97.551910 86.663467 260.166616 422.283051 449.176513 468.937729 487.871250 505.995575 520.744246 506.376307 483.560244 465.919252 468.584386 461.353729 408.695887 273.844975 227.029908 220.098086 207.649633 172.695391 153.634894 141.704077 117.592482 78.876108 16.816235 -80.078820 -151.933480 -214.671696 -251.068550 -282.606879 -316.538248 -355.878373 -344.722245 -329.493097 -334.088421 -346.716093 -351.402302 -321.351121 -302.885452 -292.912738 -306.709557 -288.473450 -261.760571 -220.320018 -178.942717 -130.769026 -76.341849 -23.505387 9.071424 32.620877 75.401626 127.174751 212.257176 415.855091 519.012207 584.150732 625.302213 659.032655 681.082174 692.347247 714.151595 706.412195 657.545401 591.732211 609.839644 612.706230 -9999.0 -9999.0 -9999.0 -9999.0 -9999.0 -9999.0 -9999.0 -9999.0 -9999.0
-9999.0 -9999.0 -1127.245526 -935.984354 -775.213358 -592.315560 -447.345207 -343.343706 -263.236417 -168.272453 -71.415644 5.381702 45.506849 61.412998 43.534000 2.841010 -24.646573 -25.871262 -38.285489 -59.807109 -94.414926 -107.306089 -117.452470 -125.465063 -139.198224 -146.535706 -151.633822 -162.568305 -185.393912 -233.147227 -287.677837 -340.722705 -395.430481 -420.077540 -441.657663 -464.039912 -467.428247 -468.741499 -461.628728 -460.382569 -455.186760 -443.609461 -422.877569 -401.746566 -392.569181 -385.957284 -373.710112 -350.402649 -317.545485 -277.003597 -225.250950 -170.387956 -133.166576 -121.825875 -131.086034 -123.918725 -100.063904 -50.607537 52.214688 160.724402 331.344207 469.839746 538.833506 588.162974 615.238039 633.190211 652.073217 613.372902 395.387455 556.342310 -9999.0 -9999.0 -9999.0 -9999.0 -9999.0 -9999.0 -9999.0 -9999.0 -9999.0 -9999.0
-9999.0 -9999.0 -9999.0 -9999.0 -1078.951083 -922.102594 -829.781525 -749.388562 -632.526682 -528.190740 -438.800297 -363.670578 -311.014483 -287.600191 -300.146734 -307.164737 -316.485145 -320.406556 -329.450187 -335.740928 -341.856348 -349.605112 -360.481856 -367.828202 -368.367887 -364.650123 -366.323985 -379.042088 -394.363054 -421.517615 -445.319960 -480.032314 -516.573359 -545.147787 -557.709169 -564.422243 -563.886529 -569.037525 -559.349954 -553.110001 -538.350444 -522.981357 -499.083334 -471.043103 -458.794964 -444.890304 -435.458413 -414.970246 -385.552776 -333.371165 -271.638177 -216.707584 -184.241899 -182.081569 -209.712537 -226.909119 -231.291288 -203.846053 -155.756667 -82.955118 29.039641 119.196722 207.158338 324.354323 447.351423 508.953235 581.448119 609.160786 -9999.0 -9999.0 -9999.0 -9999.0 -9999.0 -9999.0 -9999.0 -9999.0 -9999.0 -9999.0 -9999.0 -9999.0
-9999.0 -9999.0 -9999.0 -9999.0 -9999.0 -9999.0 -1136.082241 -1042.198666 -954.850597 -836.635925 -727.786645 -639.348391 -567.823816 -544.527246 -528.470414 -506.895918 -511.737987 -528.311070 -544.290116 -527.983650 -518.731398 -523.189149 -549.828803 -551.114061 -547.574365 -537.979158 -538.777210 -544.401254 -568.520180 -560.402453 -561.632821 -584.032761 -609.487125 -623.493272 -634.665092 -624.499901 -623.438902 -635.622172 -632.920502 -607.058762 -587.538040 -574.148327 -551.714393 -518.834221 -487.165130 -473.248987 -472.604467 -466.739253 -425.610272 -356.002317 -286.447023 -234.129429 -204.709090 -198.762561 -228.881648 -271.858579 -295.681820 -291.068925 -258.119867 -206.083193 -129.453071 -78.141713 -42.473718 -9.832360 33.954133 139.677512 -9999.0 -9999.0 -9999.0 -9999.0 -9999.0 -9999.0 -9999.0 -9999.0 -9999.0 -9999.0 -9999.0 -9999.0 -9999.0 -9999.0
-9999.0 -9999.0 -9999.0 -9999.0 -9999.0 -9999.0 -9999.0 -9999.0 -9999.0 -9999.0 -9999.0 -9999.0 -9999.0 -9999.0 -9999.0 -9999.0 -9999.0 -9999.0 -9999.0 -9999.0 -9999.0 -9999.0 -9999.0 -9999.0 -9999.0 -9999.0 -9999.0 -9999.0 -9999.0 -9999.0 -9999.0 -9999.0 -9999.0 -9999.0 -9999.0 -9999.0 -9999.0 -9999.0 -9999.0 -9999.0 -9999.0 -9999.0 -9999.0 -9999.0 -9999.0 -9999.0 -9999.0 -9999.0 -9999.0 -9999.0 -9999.0 -9999.0 -9999.0 -9999.0 -9999.0 -9999.0 -9999.0 -9999.0 -9999.0 -9999.0 -9999.0 -9999.0 -9999.0 -9999.0 -9999.0 -9999.0 -9999.0 -9999.0 -9999.0 -9999.0 -9999.0 -9999.0 -9999.0 -9999.0 -9999.0 -9999.0 -9999.0 -9999.0 -9999.0 -9999.0
-9999.0 -9999.0 -9999.0 -9999.0 -9999.0 -9999.0 -9999.0 -9999.0 -9999.0 -9999.0 -9999.0 -9999.0 -9999.0 -9999.0 -9999.0 -9999.0 -9999.0 -9999.0 -9999.0 -9999.0 -9999.0 -9999.0 -9999.0 -9999.0 -9999.0 -9999.0 -9999.0 -9999.0 -9999.0 -9999.0 -9999.0 -9999.0 -9999.0 -9999.0 -9999.0 -9999.0 -9999.0 -9999.0 -9999.0 -9999.0 -9999.0 -9999.0 -9999.0 -9999.0 -9999.0 -9999.0 -9999.0 -9999.0 -9999.0 -9999.0 -9999.0 -9999.0 -9999.0 -9999.0 -9999.0 -9999.0 -9999.0 -9999.0 -9999.0 -9999.0 -9999.0 -9999.0 -9999.0 -9999.0 -9999.0 -9999.0 -9999.0 -9999.0 -9999.0 -9999.0 -9999.0 -9999.0 -9999.0 -9999.0 -9999.0 -9999.0 -9999.0 -9999.0 -9999.0 -9999.0