Borden_/Borden1m_014/output_maps/psiliqL0002N0038.asc
ncols         80
nrows         18
xllcorner     620200.000000
yllcorner     5168000.000000
cellsize      1.000000
NODATA_value  -9999.0
-9999.0 -9999.0 -9999.0 -9999.0 -9999.0 -9999.0 -9999.0 -9999.0 -9999.0 -9999.0 -9999.0 -9999.0 -9999.0 -9999.0 -9999.0 -9999.0 -9999.0 -9999.0 -9999.0 -9999.0 -9999.0 -9999.0 -9999.0 -9999.0 -9999.0 -9999.0 -9999.0 -9999.0 -9999.0 -9999.0 -9999.0 -9999.0 -9999.0 -9999.0 -9999.0 -9999.0 -9999.0 -9999.0 -9999.0 -9999.0 -9999.0 -9999.0 -9999.0 -9999.0 -9999.0 -9999.0 -9999.0 -9999.0 -9999.0 -9999.0 -9999.0 -9999.0 -9999.0 -9999.0 -9999.0 -9999.0 -9999.0 -9999.0 -9999.0 -9999.0 -9999.0 -9999.0 -9999.0 -9999.0 -9999.0 -9999.0 -9999.0 -9999.0 -9999.0 -9999.0 -9999.0 -9999.0 -9999.0 -9999.0 -9999.0 -9999.0 -9999.0 -9999.0 -9999.0 -9999.0
-9999.0 -9999.0 -9999.0 -9999.0 -9999.0 -9999.0 -9999.0 -9999.0 -9999.0 -9999.0 -9999.0 -9999.0 -9999.0 -9999.0 -9999.0 -9999.0 -9999.0 -9999.0 -9999.0 -9999.0 -9999.0 -9999.0 -9999.0 -9999.0 -9999.0 -9999.0 -9999.0 -9999.0 -9999.0 -9999.0 -9999.0 -9999.0 -9999.0 -9999.0 -9999.0 -9999.0 -9999.0 -9999.0 -9999.0 -9999.0 -9999.0 -9999.0 -9999.0 -9999.0 -9999.0 -9999.0 -9999.0 -9999.0 -9999.0 -9999.0 -9999.0 -9999.0 -9999.0 -9999.0 -9999.0 -9999.0 -9999.0 -9999.0 -9999.0 -9999.0 -9999.0 -9999.0 -9999.0 -9999.0 -9999.0 -9999.0 -9999.0 -9999.0 -9999.0 -9999.0 -9999.0 -9999.0 -9999.0 -9999.0 -9999.0 -9999.0 -9999.0 -9999.0 -9999.0 -9999.0
-9999.0 -9999.0 -9999.0 -9999.0 -9999.0 -9999.0 -9999.0 -9999.0 -9999.0 -9999.0 -9999.0 -9999.0 -9999.0 -9999.0 -9999.0 -9999.0 -9999.0 -9999.0 -9999.0 -9999.0 -606.453733 -605.529931 -607.694028 -610.172333 -612.215047 -612.435230 -610.119202 -607.369248 -604.205079 -603.498915 -605.947083 -605.412976 -606.358090 -606.825239 -606.815388 -606.145193 -605.843746 -604.801241 -604.113695 -604.367046 -605.122078 -605.684075 -606.171624 -605.970508 -605.151432 -606.259890 -604.573807 -602.849464 -602.196225 -602.299877 -604.741483 -605.798594 -606.193090 -608.055686 -604.668581 -603.568488 -600.903179 -600.593378 -600.174010 -603.180575 -606.106972 -9999.0 -9999.0 -9999.0 -9999.0 -9999.0 -9999.0 -9999.0 -9999.0 -9999.0 -9999.0 -9999.0 -9999.0 -9999.0 -9999.0 -9999.0 -9999.0 -9999.0 -9999.0 -9999.0
-9999.0 -9999.0 -9999.0 -9999.0 -9999.0 -9999.0 -9999.0 -9999.0 -9999.0 -9999.0 -9999.0 -9999.0 -9999.0 -9999.0 -610.746525 -611.853348 -612.356665 -612.605192 -610.529035 -608.842216 -608.665301 -609.819617 -608.950997 -611.237110 -613.216475 -611.999157 -610.181864 -608.574558 -606.004291 -604.028599 -605.785050 -606.213691 -605.213465 -601.745558 -600.097611 -600.771464 -604.669430 -601.010924 -598.983120 -597.637141 -597.801855 -599.585020 -596.974244 -593.931724 -595.424030 -598.628823 -598.049803 -596.257094 -593.258921 -595.068008 -604.951734 -606.190007 -605.774557 -605.688911 -606.991565 -607.906551 -604.473076 -604.873705 -605.494084 -606.275844 -608.436585 -611.746868 -613.170864 -609.833093 -606.638831 -600.169059 -9999.0 -9999.0 -9999.0 -9999.0 -9999.0 -9999.0 -9999.0 -9999.0 -9999.0 -9999.0 -9999.0 -9999.0 -9999.0 -9999.0
-9999.0 -9999.0 -9999.0 -9999.0 -9999.0 -9999.0 -9999.0 -9999.0 -9999.0 -612.746919 -613.031489 -612.717125 -613.397415 -612.419728 -613.933754 -613.550675 -613.758690 -612.350990 -611.099437 -609.014743 -606.324759 -608.208689 -608.436068 -607.007264 -606.693668 -606.019199 -604.676882 -600.032574 -594.396678 -585.715497 -592.758421 -593.047257 -589.048552 -574.135522 -558.877550 -553.516240 -562.230149 -562.242435 -551.267422 -536.307163 -534.645023 -535.689477 -517.597760 -505.703549 -497.807065 -515.470834 -533.623581 -536.416669 -516.613454 -550.467549 -574.364133 -590.665616 -589.956250 -595.604286 -601.614523 -603.903653 -604.648058 -600.645230 -602.285133 -606.119251 -609.203321 -608.446400 -610.077701 -608.482198 -607.203653 -602.260430 -597.659804 -593.170144 -592.942923 -595.783030 -9999.0 -9999.0 -9999.0 -9999.0 -9999.0 -9999.0 -9999.0 -9999.0 -9999.0 -9999.0
-9999.0 -9999.0 -9999.0 -9999.0 -9999.0 -9999.0 -614.848683 -614.957847 -614.325682 -616.134942 -614.766391 -615.632466 -614.587023 -614.071183 -613.349637 -613.207838 -611.369529 -609.680440 -606.805940 -602.918262 -599.263326 -600.934080 -599.927062 -594.531902 -583.888615 -573.517493 -566.376259 -551.849145 -492.334473 -436.660981 -414.786779 -405.286054 -394.792481 -361.849730 -306.222096 -288.531100 -307.805046 -322.937773 -303.465474 -258.904014 -179.525969 -177.887313 -172.051903 -165.268411 -138.806497 -143.313085 -251.958895 -282.933745 -294.596600 -305.804480 -352.307397 -400.741817 -454.177951 -510.230046 -559.497971 -579.051141 -582.058511 -579.106124 -586.689516 -596.171204 -601.711693 -601.912065 -603.032161 -604.931839 -604.088375 -602.045174 -598.887481 -596.931220 -598.462712 -600.587844 -602.284377 -605.492507 -605.023467 -601.923556 -9999.0 -9999.0 -9999.0 -9999.0 -9999.0 -9999.0
-9999.0 -9999.0 -9999.0 -9999.0 -617.812741 -616.943078 -619.484596 -618.022155 -616.833948 -615.897669 -615.751438 -614.064147 -613.490307 -612.220871 -609.550498 -607.268256 -603.349620 -600.217160 -591.702140 -573.419783 -552.845021 -537.299270 -524.287181 -453.588984 -390.376842 -348.454907 -331.469691 -304.209833 -255.291705 -131.976669 -104.778036 -100.307838 -80.535720 -58.402249 -16.933543 8.982754 -2.650505 -10.075268 -7.904333 -0.520506 22.978147 23.373301 24.339346 24.323721 26.346787 28.222049 9.204031 -21.191998 -32.337993 -78.671377 -56.434133 -116.231382 -223.770744 -261.767964 -287.007466 -330.220581 -390.396636 -415.718221 -482.274852 -533.662710 -567.385172 -577.048619 -585.886539 -590.505032 -596.128348 -595.288576 -593.916336 -596.756409 -600.414102 -603.825026 -604.387047 -605.876177 -607.380189 -603.471633 -601.945879 -597.525546 -9999.0 -9999.0 -9999.0 -9999.0
-9999.0 -9999.0 -618.075006 -617.880599 -615.444955 -616.825292 -617.620958 -618.810227 -618.229268 -615.807996 -611.038685 -608.664088 -605.126302 -603.103498 -594.884314 -573.343317 -540.209285 -502.859918 -431.127416 -375.068998 -321.241845 -278.002240 -204.280155 -152.696380 -108.725289 -100.071005 -39.594158 -56.791110 2.506872 27.995521 53.614004 67.471470 75.391704 66.342304 68.589802 63.653638 64.353132 59.137813 42.908977 40.749065 48.161908 49.681988 53.643726 41.226733 37.628038 49.898204 52.208798 52.279176 55.300928 62.063814 74.062908 44.990426 -7.440581 -53.305832 -20.346323 -57.997953 -125.999306 -220.777990 -248.750099 -289.054214 -364.054516 -406.590399 -461.578124 -521.560951 -557.249300 -570.853995 -583.230621 -590.576159 -597.058264 -602.760653 -604.579044 -605.704076 -605.051506 -605.513871 -603.407863 -601.727054 -599.332890 -598.377858 -9999.0 -9999.0
-9999.0 -618.849519 -619.505167 -615.109964 -614.110785 -613.012687 -611.476527 -610.154921 -608.835588 -610.362156 -597.023798 -567.860437 -529.882618 -508.481454 -442.662706 -347.333447 -186.864681 -154.257934 -128.908150 -124.539857 -42.261309 -17.169610 19.315876 51.130916 75.158333 67.593747 67.521582 63.587736 56.900200 48.949531 38.731620 46.924819 45.404364 31.103413 19.831372 19.175176 13.981434 -7.958763 -32.491311 -44.131664 -38.437876 -18.291998 -28.137010 -47.981881 -51.683598 -32.370156 -17.399034 -25.974918 -37.399030 -54.767497 8.453939 24.469465 41.013958 53.826061 74.859045 52.417036 20.281588 -22.455332 -28.278466 -51.950759 -163.514986 -229.868466 -282.810756 -346.707056 -400.871369 -468.148433 -533.399937 -563.904985 -582.734762 -589.502946 -593.659184 -601.485082 -603.614587 -602.156855 -603.185086 -603.314067 -602.361097 -601.597922 -9999.0 -9999.0
-9999.0 -622.600458 -618.697938 -613.767073 -607.227838 -605.569058 -583.080290 -558.946889 -547.155377 -560.893705 -474.446331 -181.352818 -121.281821 -120.052879 -70.299197 -2.386563 38.226941 59.643430 74.267967 62.725931 58.866242 58.937124 55.614781 46.858301 33.203448 25.990153 26.127579 24.407723 8.434447 -8.624179 -23.964511 -23.850850 -36.831238 -69.911243 -111.002999 -131.903924 -182.684820 -211.670471 -247.432605 -273.197932 -284.822596 -263.951608 -275.366260 -294.707434 -298.564195 -274.269133 -241.660903 -248.951084 -246.008596 -224.234592 -178.139494 -89.190855 -68.268530 -75.008069 -11.251896 24.884121 42.897355 62.090161 69.115139 44.607707 7.876104 -36.994912 -64.122457 -178.481417 -254.862846 -334.630575 -385.494802 -423.829972 -489.885498 -533.755408 -560.611829 -579.442525 -591.895351 -594.909699 -600.594580 -601.768528 -9999.0 -9999.0 -9999.0 -9999.0
-9999.0 -622.647914 -618.712318 -609.298080 -584.455227 -540.155748 -393.867342 -259.615126 -96.325738 -133.737169 -11.486764 58.569945 67.071126 49.993445 24.014322 20.390602 29.606226 31.628018 27.658609 19.302931 9.668055 -25.400575 3.995315 -3.151166 -15.071594 -29.664113 -39.774332 -50.639453 -140.249241 -178.323335 -206.929708 -221.721455 -253.086637 -337.123790 -372.087215 -393.611370 -446.452319 -463.572100 -481.321616 -512.748866 -527.481324 -536.037215 -524.763564 -527.440133 -528.294051 -520.657413 -500.147130 -482.050744 -434.441831 -402.060993 -369.233645 -319.100228 -285.368713 -242.291626 -188.973516 -82.916953 -54.940391 -59.302282 10.125617 45.319324 65.921096 57.751868 30.188004 -3.197076 -60.085349 -184.919614 -241.113759 -313.617302 -367.541263 -401.553644 -426.291285 -474.518652 -539.560596 -576.836941 -585.479207 -9999.0 -9999.0 -9999.0 -9999.0 -9999.0
-9999.0 -627.582688 -618.355774 -610.471164 -566.052444 -377.736810 -286.584804 -23.691932 30.199368 -39.431680 -138.634432 -53.214866 -20.417679 -20.518668 -46.252494 -60.751334 -60.157417 -60.753004 -48.754853 -93.007421 -163.455439 -182.141526 -183.615537 -195.131889 -216.280653 -234.422322 -248.454538 -269.474615 -323.428316 -365.590698 -417.771047 -444.180779 -519.211728 -559.420810 -574.889405 -586.722831 -597.100218 -596.991449 -593.925365 -596.827659 -599.879443 -602.930362 -599.230962 -597.458625 -595.793355 -597.762557 -597.038078 -591.618841 -582.008518 -570.769305 -550.785177 -512.472835 -461.142152 -405.847435 -378.393532 -326.951537 -280.720202 -233.927519 -158.651987 -35.211123 -8.527514 20.135085 55.790119 74.427950 36.154870 0.211500 -60.150515 -184.592741 -287.585477 -330.379828 -345.829452 -365.060969 -401.245328 -9999.0 -9999.0 -9999.0 -9999.0 -9999.0 -9999.0 -9999.0
-9999.0 -630.675045 -620.735698 -618.470681 -604.555337 -570.754343 -485.769979 -374.595735 -207.754517 -326.809675 -340.625179 -313.803725 -283.609092 -262.348402 -286.184180 -320.320051 -343.406673 -340.248335 -339.422294 -361.756026 -387.253766 -397.662934 -398.147983 -405.068695 -433.146283 -454.840926 -469.428062 -495.399330 -529.063091 -558.132644 -584.537963 -595.980985 -603.620496 -606.396833 -608.363226 -610.368634 -613.885350 -612.091007 -610.621475 -611.030669 -612.165353 -612.988301 -610.407288 -609.432625 -608.589782 -610.891537 -609.222201 -607.556476 -603.895220 -599.973819 -594.207975 -585.310740 -572.932806 -562.501956 -554.094704 -534.797348 -493.877260 -422.958979 -354.028729 -258.224902 -184.870488 -96.588830 -38.759937 -6.579588 11.210616 13.569573 24.120591 -8.195068 -260.110893 -296.074617 -298.560918 -9999.0 -9999.0 -9999.0 -9999.0 -9999.0 -9999.0 -9999.0 -9999.0 -9999.0
-9999.0 -9999.0 -632.499297 -628.216426 -624.175452 -619.950499 -613.885176 -605.872755 -599.298003 -590.503040 -576.040873 -556.749382 -540.942778 -532.283785 -543.454190 -562.058749 -571.201741 -570.663815 -572.975157 -577.415456 -584.690706 -587.232266 -588.939311 -590.324163 -593.310200 -594.600834 -595.179635 -596.368721 -598.865541 -604.005927 -608.445799 -611.445448 -614.575421 -614.625292 -615.188976 -616.263270 -615.557841 -615.739008 -615.446442 -615.592188 -615.383226 -614.915788 -614.279751 -613.446426 -613.362348 -613.140061 -612.790181 -611.812604 -610.288695 -608.230049 -604.300312 -598.444046 -593.723065 -592.469949 -594.752625 -593.905852 -590.290082 -581.088886 -546.483219 -459.770909 -379.598860 -313.765336 -243.456629 -197.708735 -182.581439 -158.914879 -48.930631 -195.393707 -348.317824 -337.952355 -9999.0 -9999.0 -9999.0 -9999.0 -9999.0 -9999.0 -9999.0 -9999.0 -9999.0 -9999.0
-9999.0 -9999.0 -9999.0 -9999.0 -633.873165 -628.189935 -623.054718 -623.393830 -619.550996 -617.096306 -614.613084 -611.557699 -609.006261 -607.323676 -609.388961 -610.050705 -610.562230 -610.277329 -610.722410 -611.320234 -611.671744 -612.036377 -612.369945 -612.850527 -612.724934 -612.334750 -612.243876 -613.043861 -613.141697 -614.732269 -615.106522 -616.074484 -617.002586 -617.986331 -617.853793 -617.998765 -617.613278 -618.034450 -617.369089 -617.753493 -617.240370 -616.977343 -616.307314 -615.248698 -615.577336 -614.963229 -614.884152 -614.031827 -613.560720 -611.194040 -607.308118 -602.679844 -599.417824 -599.498029 -603.447480 -605.109726 -605.947700 -603.338442 -598.544413 -587.765523 -555.996270 -501.610004 -421.530465 -383.065734 -356.691111 -315.330860 -274.227946 -266.288933 -9999.0 -9999.0 -9999.0 -9999.0 -9999.0 -9999.0 -9999.0 -9999.0 -9999.0 -9999.0 -9999.0 -9999.0
-9999.0 -9999.0 -9999.0 -9999.0 -9999.0 -9999.0 -631.687235 -628.954058 -629.568875 -627.596144 -625.823830 -624.312989 -621.954208 -622.259873 -621.678113 -619.876167 -620.184864 -621.061771 -622.138402 -620.551840 -619.908261 -619.751280 -621.530348 -621.071222 -620.913790 -620.215774 -620.286791 -620.022550 -621.581775 -619.879584 -619.095955 -619.496417 -619.885705 -619.607656 -620.016928 -618.902822 -618.771927 -619.669509 -619.903054 -618.601523 -618.212413 -618.361818 -618.047672 -617.082973 -615.702823 -615.468921 -616.041995 -616.809305 -615.276240 -611.798368 -607.700535 -603.902969 -601.339096 -600.520391 -603.899245 -608.262228 -610.383029 -610.564006 -608.612820 -604.802457 -595.660535 -588.538807 -581.929186 -573.641191 -562.570803 -493.276754 -9999.0 -9999.0 -9999.0 -9999.0 -9999.0 -9999.0 -9999.0 -9999.0 -9999.0 -9999.0 -9999.0 -9999.0 -9999.0 -9999.0
-9999.0 -9999.0 -9999.0 -9999.0 -9999.0 -9999.0 -9999.0 -9999.0 -9999.0 -9999.0 -9999.0 -9999.0 -9999.0 -9999.0 -9999.0 -9999.0 -9999.0 -9999.0 -9999.0 -9999.0 -9999.0 -9999.0 -9999.0 -9999.0 -9999.0 -9999.0 -9999.0 -9999.0 -9999.0 -9999.0 -9999.0 -9999.0 -9999.0 -9999.0 -9999.0 -9999.0 -9999.0 -9999.0 -9999.0 -9999.0 -9999.0 -9999.0 -9999.0 -9999.0 -9999.0 -9999.0 -9999.0 -9999.0 -9999.0 -9999.0 -9999.0 -9999.0 -9999.0 -9999.0 -9999.0 -9999.0 -9999.0 -9999.0 -9999.0 -9999.0 -9999.0 -9999.0 -9999.0 -9999.0 -9999.0 -9999.0 -9999.0 -9999.0 -9999.0 -9999.0 -9999.0 -9999.0 -9999.0 -9999.0 -9999.0 -9999.0 -9999.0 -9999.0 -9999.0 -9999.0
-9999.0 -9999.0 -9999.0 -9999.0 -9999.0 -9999.0 -9999.0 -9999.0 -9999.0 -9999.0 -9999.0 -9999.0 -9999.0 -9999.0 -9999.0 -9999.0 -9999.0 -9999.0 -9999.0 -9999.0 -9999.0 -9999.0 -9999.0 -9999.0 -9999.0 -9999.0 -9999.0 -9999.0 -9999.0 -9999.0 -9999.0 -9999.0 -9999.0 -9999.0 -9999.0 -9999.0 -9999.0 -9999.0 -9999.0 -9999.0 -9999.0 -9999.0 -9999.0 -9999.0 -9999.0 -9999.0 -9999.0 -9999.0 -9999.0 -9999.0 -9999.0 -9999.0 -9999.0 -9999.0 -9999.0 -9999.0 -9999.0 -9999.0 -9999.0 -9999.0 -9999.0 -9999.0 -9999.0 -9999.0 -9999.0 -9999.0 -9999.0 -9999.0 -9999.0 -9999.0 -9999.0 -9999.0 -9999.0 -9999.0 -9999.0 -9999.0 -9999.0 -9999.0 -9999.0 -9999.0