Borden_/Borden1m_014/output_maps/psiliqL0023N0007.asc
ncols         80
nrows         18
xllcorner     620200.000000
yllcorner     5168000.000000
cellsize      1.000000
NODATA_value  -9999.0
-9999.0 -9999.0 -9999.0 -9999.0 -9999.0 -9999.0 -9999.0 -9999.0 -9999.0 -9999.0 -9999.0 -9999.0 -9999.0 -9999.0 -9999.0 -9999.0 -9999.0 -9999.0 -9999.0 -9999.0 -9999.0 -9999.0 -9999.0 -9999.0 -9999.0 -9999.0 -9999.0 -9999.0 -9999.0 -9999.0 -9999.0 -9999.0 -9999.0 -9999.0 -9999.0 -9999.0 -9999.0 -9999.0 -9999.0 -9999.0 -9999.0 -9999.0 -9999.0 -9999.0 -9999.0 -9999.0 -9999.0 -9999.0 -9999.0 -9999.0 -9999.0 -9999.0 -9999.0 -9999.0 -9999.0 -9999.0 -9999.0 -9999.0 -9999.0 -9999.0 -9999.0 -9999.0 -9999.0 -9999.0 -9999.0 -9999.0 -9999.0 -9999.0 -9999.0 -9999.0 -9999.0 -9999.0 -9999.0 -9999.0 -9999.0 -9999.0 -9999.0 -9999.0 -9999.0 -9999.0
-9999.0 -9999.0 -9999.0 -9999.0 -9999.0 -9999.0 -9999.0 -9999.0 -9999.0 -9999.0 -9999.0 -9999.0 -9999.0 -9999.0 -9999.0 -9999.0 -9999.0 -9999.0 -9999.0 -9999.0 -9999.0 -9999.0 -9999.0 -9999.0 -9999.0 -9999.0 -9999.0 -9999.0 -9999.0 -9999.0 -9999.0 -9999.0 -9999.0 -9999.0 -9999.0 -9999.0 -9999.0 -9999.0 -9999.0 -9999.0 -9999.0 -9999.0 -9999.0 -9999.0 -9999.0 -9999.0 -9999.0 -9999.0 -9999.0 -9999.0 -9999.0 -9999.0 -9999.0 -9999.0 -9999.0 -9999.0 -9999.0 -9999.0 -9999.0 -9999.0 -9999.0 -9999.0 -9999.0 -9999.0 -9999.0 -9999.0 -9999.0 -9999.0 -9999.0 -9999.0 -9999.0 -9999.0 -9999.0 -9999.0 -9999.0 -9999.0 -9999.0 -9999.0 -9999.0 -9999.0
-9999.0 -9999.0 -9999.0 -9999.0 -9999.0 -9999.0 -9999.0 -9999.0 -9999.0 -9999.0 -9999.0 -9999.0 -9999.0 -9999.0 -9999.0 -9999.0 -9999.0 -9999.0 -9999.0 -9999.0 2746.600568 2748.638344 2727.868818 2695.098089 2668.384640 2671.976045 2707.077281 2749.496972 2789.820247 2799.335107 2781.990342 2786.944324 2784.064281 2781.632130 2784.448233 2794.150596 2802.968597 2814.261343 2823.711719 2824.154403 2819.109189 2815.511424 2818.315311 2820.569587 2826.569533 2812.637589 2827.448928 2783.000959 2787.903329 2784.998105 2808.790895 2792.857443 2781.644228 2763.478217 2787.114240 2796.702297 2787.881765 2792.608898 2791.027084 2787.130285 2756.379399 -9999.0 -9999.0 -9999.0 -9999.0 -9999.0 -9999.0 -9999.0 -9999.0 -9999.0 -9999.0 -9999.0 -9999.0 -9999.0 -9999.0 -9999.0 -9999.0 -9999.0 -9999.0 -9999.0
-9999.0 -9999.0 -9999.0 -9999.0 -9999.0 -9999.0 -9999.0 -9999.0 -9999.0 -9999.0 -9999.0 -9999.0 -9999.0 -9999.0 2653.225971 2645.085583 2643.481969 2652.447562 2686.540659 2717.862285 2729.770282 2723.468361 2724.499606 2701.397741 2680.713988 2695.563068 2727.040466 2758.724167 2793.800993 2813.242938 2803.596139 2802.647938 2812.001872 2784.409958 2792.965935 2789.367753 2830.882040 2794.940776 2808.287254 2813.277330 2811.339065 2801.635793 2811.099242 2825.301191 2818.310395 2802.872869 2812.768714 2827.176620 2838.538295 2829.734524 2827.439385 2809.991553 2803.306040 2796.069060 2780.384163 2774.398616 2799.837700 2795.974604 2786.226141 2767.410048 2733.031010 2687.305178 2666.790094 2705.022861 2747.099165 2785.853106 -9999.0 -9999.0 -9999.0 -9999.0 -9999.0 -9999.0 -9999.0 -9999.0 -9999.0 -9999.0 -9999.0 -9999.0 -9999.0 -9999.0
-9999.0 -9999.0 -9999.0 -9999.0 -9999.0 -9999.0 -9999.0 -9999.0 -9999.0 2593.127903 2599.415959 2607.642706 2611.463009 2627.874904 2625.292629 2633.434538 2639.745255 2668.598294 2700.028864 2735.533862 2763.727046 2757.519648 2757.190598 2763.888033 2762.317348 2773.552166 2796.947340 2785.265161 2817.178993 2852.686797 2819.711939 2814.951156 2832.301189 2874.128001 2898.780281 2901.463437 2882.941251 2897.499755 2920.916943 2937.510737 2934.248763 2928.744286 2953.948769 2968.621810 2964.192823 2943.440208 2940.289039 2946.554854 2975.130650 2925.171116 2860.502992 2820.639780 2834.901004 2813.083061 2785.721240 2825.225093 2822.183498 2795.387423 2783.680647 2786.302719 2751.182601 2737.235985 2717.574845 2735.047684 2755.922692 2781.154820 2821.140204 2851.103538 2851.033118 2834.041502 -9999.0 -9999.0 -9999.0 -9999.0 -9999.0 -9999.0 -9999.0 -9999.0 -9999.0 -9999.0
-9999.0 -9999.0 -9999.0 -9999.0 -9999.0 -9999.0 2512.364336 2523.775110 2545.890550 2550.164317 2577.870973 2584.926922 2606.122678 2625.530711 2648.713695 2664.304583 2692.724002 2725.492062 2763.636589 2804.890673 2790.504814 2830.690157 2784.865040 2805.450392 2833.809510 2854.015783 2876.176505 2913.054088 2980.306308 3016.238901 3011.102749 3012.171308 3020.294697 3069.736733 3133.158362 3144.755557 3124.283176 3110.853301 3133.283353 3169.726581 3168.890784 3167.786618 3179.621940 3189.922623 3216.536786 3206.505227 3170.922919 3164.190159 3169.309792 3148.727910 3082.674947 3025.405164 3004.857099 2963.621534 2882.376743 2838.243491 2858.837341 2885.254757 2863.013968 2814.068818 2829.027218 2818.328587 2802.131822 2789.893385 2797.873387 2792.137341 2816.478532 2830.450034 2818.973071 2798.640776 2786.920501 2757.202204 2758.336866 2782.506085 -9999.0 -9999.0 -9999.0 -9999.0 -9999.0 -9999.0
-9999.0 -9999.0 -9999.0 -9999.0 2460.706914 2474.751194 2462.145523 2489.969677 2524.268531 2560.145687 2590.534669 2626.554980 2653.356022 2683.279804 2719.309920 2746.812949 2784.327836 2818.119638 2814.186708 2875.358489 2919.746375 2934.356564 2942.948124 2989.635375 3045.474899 3092.616760 3110.878596 3135.952710 3179.389386 3235.104062 3257.541467 3260.770272 3277.576011 3318.732574 3372.611829 3407.009596 3389.751750 3381.135488 3390.170676 3403.553831 3425.668890 3425.772045 3426.859566 3430.491136 3437.457457 3436.157558 3410.623898 3377.702920 3364.963652 3355.371269 3319.841300 3249.409730 3218.279298 3190.615896 3151.801731 3099.400340 3049.460953 3048.135435 2994.907342 2945.411402 2894.321410 2884.476806 2863.175739 2846.453661 2827.862163 2838.895375 2849.974170 2834.740527 2805.239158 2791.247881 2775.464434 2755.400849 2742.365952 2771.901768 2784.121620 2813.967682 -9999.0 -9999.0 -9999.0 -9999.0
-9999.0 -9999.0 2399.321043 2446.304641 2504.768979 2513.424054 2510.940409 2517.400512 2547.494225 2600.785842 2670.993132 2713.813729 2749.235686 2783.490119 2783.946018 2847.597327 2908.044183 2949.918802 3002.191038 3069.825037 3128.097414 3155.027860 3164.274396 3198.758551 3251.967691 3318.407522 3345.447729 3371.109138 3401.664137 3436.592077 3432.706289 3444.046143 3455.540785 3466.067314 3478.965564 3484.986357 3480.505606 3475.989810 3457.658072 3452.847968 3459.406004 3466.695825 3466.241963 3451.865467 3447.914852 3462.601266 3468.328906 3466.587003 3464.370776 3469.736643 3467.059857 3421.079725 3399.297997 3384.742166 3374.205573 3329.143443 3263.927157 3230.763249 3210.600413 3171.329443 3099.021785 3060.228570 3020.522198 2985.197269 2949.950765 2934.742951 2901.061400 2868.389941 2829.337911 2788.485521 2785.604155 2767.364715 2764.011104 2762.136279 2778.132391 2788.849102 2804.832589 2812.925707 -9999.0 -9999.0
-9999.0 2290.522840 2362.222606 2485.961608 2565.915996 2608.055447 2626.425262 2638.653760 2669.873476 2707.165361 2802.004575 2807.443042 2889.382149 2924.525768 2965.323350 3050.049524 3141.454100 3182.949016 3219.959342 3280.455030 3343.617041 3389.484784 3415.189988 3401.011728 3438.472555 3463.737087 3470.387720 3476.323896 3475.240135 3466.837865 3459.895291 3466.733863 3463.992807 3445.266515 3429.622594 3428.037534 3424.737515 3401.819993 3374.616121 3359.618896 3361.468653 3385.922299 3373.168042 3351.991135 3347.654723 3369.007220 3389.607403 3379.185054 3366.189808 3382.615365 3416.621557 3440.263963 3443.343184 3461.329403 3482.316025 3454.142816 3431.355642 3388.758793 3372.288524 3347.236973 3291.677877 3237.097772 3189.710170 3141.486202 3089.032903 3039.225752 2991.709865 2946.954895 2893.103951 2860.053039 2835.318732 2791.732712 2791.042078 2784.006613 2784.679680 2781.666803 2784.137427 2790.773505 -9999.0 -9999.0
-9999.0 2197.934972 2337.914063 2518.121855 2664.977895 2714.359833 2790.669636 2819.415214 2833.900832 2843.674306 2882.524094 3091.241433 3204.446297 3219.537825 3291.887829 3382.813980 3372.731443 3402.824140 3424.752597 3445.989224 3463.150679 3475.863471 3473.726622 3468.099517 3451.936811 3444.007473 3443.214991 3441.219847 3424.204793 3405.593668 3389.050581 3386.265633 3369.028211 3321.702207 3289.298933 3272.744170 3255.556036 3241.617497 3213.858207 3188.417632 3173.133827 3184.860444 3181.833253 3167.750969 3163.310778 3181.785548 3212.514382 3209.407158 3219.402993 3238.616116 3273.861310 3310.906249 3329.859339 3358.379080 3393.459622 3439.753605 3449.775026 3471.862598 3475.212771 3462.935045 3417.746920 3367.290390 3338.390818 3284.009837 3224.691629 3163.402282 3115.305955 3071.022214 3016.579008 2982.252067 2944.222747 2890.701214 2846.320400 2836.403469 2802.587511 2788.606903 -9999.0 -9999.0 -9999.0 -9999.0
-9999.0 2101.145354 2282.620825 2526.562072 2803.776346 2880.769086 3075.982139 3187.845398 3226.828739 3291.433156 3193.754244 3381.648223 3428.417788 3421.862058 3431.981378 3434.249882 3447.848938 3447.550946 3442.502367 3431.735634 3422.490980 3418.184627 3417.015730 3409.169061 3396.698161 3382.257177 3370.584527 3359.561492 3323.802915 3292.625471 3255.280084 3243.351646 3201.540958 3111.644371 3073.154404 3036.497127 2978.303897 2979.823509 2984.807200 2964.992828 2946.063180 2920.066347 2947.609637 2956.598836 2960.132231 2957.199840 2968.099322 2990.239609 3035.790706 3069.127094 3107.618863 3154.612217 3183.989017 3222.544068 3262.428951 3314.016455 3344.281383 3372.682891 3420.124461 3456.779958 3479.188657 3466.054789 3446.168081 3403.176454 3343.728948 3294.909897 3266.810909 3217.540262 3174.683214 3131.191905 3085.093625 3032.687701 2972.722951 2916.143430 2881.708563 -9999.0 -9999.0 -9999.0 -9999.0 -9999.0
-9999.0 1888.567630 2153.108617 2424.392006 2710.206212 3027.346286 3182.864081 3279.592469 3340.545195 3316.855928 3333.961203 3341.883808 3378.205573 3384.476094 3362.917255 3349.932646 3333.520879 3332.433154 3345.389169 3318.650524 3289.188416 3276.280103 3277.088215 3266.379907 3243.088646 3228.208219 3218.879082 3201.072693 3158.623269 3109.887602 3028.290471 2996.876112 2925.212015 2883.952989 2847.004515 2800.932015 2813.262870 2817.269004 2784.547971 2833.698940 2813.697301 2796.723298 2825.902003 2785.595087 2798.257101 2783.021427 2789.779113 2823.539246 2869.447178 2909.121282 2952.604649 2996.351787 3036.983608 3076.200814 3098.120169 3138.304530 3179.460712 3220.277544 3289.160395 3365.330656 3399.780794 3433.443207 3463.358628 3484.777151 3442.571000 3415.391711 3392.412460 3369.869681 3324.692900 3279.927772 3239.449242 3176.488214 3117.076662 -9999.0 -9999.0 -9999.0 -9999.0 -9999.0 -9999.0 -9999.0
-9999.0 1772.761103 1971.777765 2171.938396 2430.084403 2664.770547 2853.148458 2943.759753 3010.263122 3070.499378 3118.140604 3153.348654 3178.895596 3199.757338 3176.983395 3132.902777 3101.635650 3106.336233 3098.739680 3077.375534 3049.799257 3036.897659 3034.856281 3030.042925 3008.735622 2998.229733 2991.421958 2977.608255 2951.640901 2899.926066 2828.566524 2812.650513 2755.397710 2730.036286 2703.083926 2673.195514 2644.939961 2657.293457 2668.983026 2670.438031 2663.786375 2663.592351 2692.689607 2710.917501 2720.485650 2709.489281 2728.002703 2752.158169 2790.840866 2787.831066 2831.934538 2881.329020 2929.187698 2949.931133 2953.489634 2966.870634 2991.152366 3034.392014 3110.208466 3194.854220 3269.569698 3313.765336 3363.549881 3402.403830 3429.242589 3456.393006 3476.989495 3468.677693 3443.884297 3411.256868 3354.133861 -9999.0 -9999.0 -9999.0 -9999.0 -9999.0 -9999.0 -9999.0 -9999.0 -9999.0
-9999.0 -9999.0 1743.923857 1901.784510 2007.871842 2173.687703 2317.839452 2427.242148 2529.316697 2671.391589 2796.161675 2830.367794 2874.816608 2890.208751 2875.986551 2846.453808 2828.270208 2828.002984 2816.886759 2809.805274 2794.555376 2789.235584 2836.887706 2829.575298 2824.261931 2822.302814 2818.776283 2809.903850 2789.890093 2744.287240 2701.670430 2654.277167 2603.442000 2579.263880 2558.824118 2539.854658 2542.308519 2537.635661 2543.303765 2546.420507 2555.795535 2569.850780 2589.539324 2612.593226 2622.399560 2632.347539 2643.791768 2666.221432 2697.466134 2737.963264 2791.025747 2812.829370 2848.116007 2855.046603 2837.922187 2834.028008 2843.477291 2873.662115 2938.547932 3003.663141 3091.134619 3155.117220 3221.066470 3275.815931 3301.708673 3338.060312 3406.416424 3454.304691 3494.457472 3472.185174 -9999.0 -9999.0 -9999.0 -9999.0 -9999.0 -9999.0 -9999.0 -9999.0 -9999.0 -9999.0
-9999.0 -9999.0 -9999.0 -9999.0 1760.628467 1908.986602 2005.938126 2086.514189 2220.419290 2350.948699 2459.431208 2548.402825 2617.920362 2646.624058 2646.566804 2659.254313 2655.386018 2645.056865 2633.107426 2635.714729 2638.865812 2632.626266 2617.555459 2611.694279 2615.380426 2622.866235 2620.979076 2607.794436 2589.205315 2571.869116 2556.052635 2523.842053 2490.516198 2462.247442 2449.744550 2445.960758 2446.134183 2438.764595 2447.535243 2456.462389 2472.522850 2487.846045 2511.408915 2540.559464 2555.005041 2569.759246 2578.733553 2597.894250 2627.749122 2680.389375 2743.455917 2800.789464 2808.390245 2808.717548 2817.887965 2801.172766 2795.328961 2820.240323 2796.459809 2848.670156 2937.963906 2995.554618 3041.776787 3081.289794 3117.415380 3180.642478 3272.394894 3352.171198 -9999.0 -9999.0 -9999.0 -9999.0 -9999.0 -9999.0 -9999.0 -9999.0 -9999.0 -9999.0 -9999.0 -9999.0
-9999.0 -9999.0 -9999.0 -9999.0 -9999.0 -9999.0 1731.911947 1836.842119 1908.079943 2058.926957 2202.645461 2311.111624 2395.581874 2431.231817 2463.475697 2492.209553 2490.847540 2469.751128 2447.657035 2468.214164 2486.053386 2480.165392 2449.378769 2451.119076 2458.255095 2466.730278 2464.629720 2458.754315 2434.030762 2449.246171 2452.562990 2429.834618 2404.551881 2391.736124 2380.337104 2390.355128 2390.722908 2376.772927 2376.367158 2404.334199 2425.443890 2438.490687 2459.707547 2492.836317 2525.277648 2540.863657 2541.915950 2547.013071 2584.507440 2653.836967 2725.778252 2781.741667 2790.537734 2795.169281 2796.772893 2756.243306 2735.536480 2741.207871 2773.090349 2821.291617 2820.570563 2857.480267 2870.523106 2873.817163 2887.452177 2979.389979 -9999.0 -9999.0 -9999.0 -9999.0 -9999.0 -9999.0 -9999.0 -9999.0 -9999.0 -9999.0 -9999.0 -9999.0 -9999.0 -9999.0
-9999.0 -9999.0 -9999.0 -9999.0 -9999.0 -9999.0 -9999.0 -9999.0 -9999.0 -9999.0 -9999.0 -9999.0 -9999.0 -9999.0 -9999.0 -9999.0 -9999.0 -9999.0 -9999.0 -9999.0 -9999.0 -9999.0 -9999.0 -9999.0 -9999.0 -9999.0 -9999.0 -9999.0 -9999.0 -9999.0 -9999.0 -9999.0 -9999.0 -9999.0 -9999.0 -9999.0 -9999.0 -9999.0 -9999.0 -9999.0 -9999.0 -9999.0 -9999.0 -9999.0 -9999.0 -9999.0 -9999.0 -9999.0 -9999.0 -9999.0 -9999.0 -9999.0 -9999.0 -9999.0 -9999.0 -9999.0 -9999.0 -9999.0 -9999.0 -9999.0 -9999.0 -9999.0 -9999.0 -9999.0 -9999.0 -9999.0 -9999.0 -9999.0 -9999.0 -9999.0 -9999.0 -9999.0 -9999.0 -9999.0 -9999.0 -9999.0 -9999.0 -9999.0 -9999.0 -9999.0
-9999.0 -9999.0 -9999.0 -9999.0 -9999.0 -9999.0 -9999.0 -9999.0 -9999.0 -9999.0 -9999.0 -9999.0 -9999.0 -9999.0 -9999.0 -9999.0 -9999.0 -9999.0 -9999.0 -9999.0 -9999.0 -9999.0 -9999.0 -9999.0 -9999.0 -9999.0 -9999.0 -9999.0 -9999.0 -9999.0 -9999.0 -9999.0 -9999.0 -9999.0 -9999.0 -9999.0 -9999.0 -9999.0 -9999.0 -9999.0 -9999.0 -9999.0 -9999.0 -9999.0 -9999.0 -9999.0 -9999.0 -9999.0 -9999.0 -9999.0 -9999.0 -9999.0 -9999.0 -9999.0 -9999.0 -9999.0 -9999.0 -9999.0 -9999.0 -9999.0 -9999.0 -9999.0 -9999.0 -9999.0 -9999.0 -9999.0 -9999.0 -9999.0 -9999.0 -9999.0 -9999.0 -9999.0 -9999.0 -9999.0 -9999.0 -9999.0 -9999.0 -9999.0 -9999.0 -9999.0