Borden_/Borden1m_014/output_maps/psiliqL0014N0028.asc
ncols         80
nrows         18
xllcorner     620200.000000
yllcorner     5168000.000000
cellsize      1.000000
NODATA_value  -9999.0
-9999.0 -9999.0 -9999.0 -9999.0 -9999.0 -9999.0 -9999.0 -9999.0 -9999.0 -9999.0 -9999.0 -9999.0 -9999.0 -9999.0 -9999.0 -9999.0 -9999.0 -9999.0 -9999.0 -9999.0 -9999.0 -9999.0 -9999.0 -9999.0 -9999.0 -9999.0 -9999.0 -9999.0 -9999.0 -9999.0 -9999.0 -9999.0 -9999.0 -9999.0 -9999.0 -9999.0 -9999.0 -9999.0 -9999.0 -9999.0 -9999.0 -9999.0 -9999.0 -9999.0 -9999.0 -9999.0 -9999.0 -9999.0 -9999.0 -9999.0 -9999.0 -9999.0 -9999.0 -9999.0 -9999.0 -9999.0 -9999.0 -9999.0 -9999.0 -9999.0 -9999.0 -9999.0 -9999.0 -9999.0 -9999.0 -9999.0 -9999.0 -9999.0 -9999.0 -9999.0 -9999.0 -9999.0 -9999.0 -9999.0 -9999.0 -9999.0 -9999.0 -9999.0 -9999.0 -9999.0
-9999.0 -9999.0 -9999.0 -9999.0 -9999.0 -9999.0 -9999.0 -9999.0 -9999.0 -9999.0 -9999.0 -9999.0 -9999.0 -9999.0 -9999.0 -9999.0 -9999.0 -9999.0 -9999.0 -9999.0 -9999.0 -9999.0 -9999.0 -9999.0 -9999.0 -9999.0 -9999.0 -9999.0 -9999.0 -9999.0 -9999.0 -9999.0 -9999.0 -9999.0 -9999.0 -9999.0 -9999.0 -9999.0 -9999.0 -9999.0 -9999.0 -9999.0 -9999.0 -9999.0 -9999.0 -9999.0 -9999.0 -9999.0 -9999.0 -9999.0 -9999.0 -9999.0 -9999.0 -9999.0 -9999.0 -9999.0 -9999.0 -9999.0 -9999.0 -9999.0 -9999.0 -9999.0 -9999.0 -9999.0 -9999.0 -9999.0 -9999.0 -9999.0 -9999.0 -9999.0 -9999.0 -9999.0 -9999.0 -9999.0 -9999.0 -9999.0 -9999.0 -9999.0 -9999.0 -9999.0
-9999.0 -9999.0 -9999.0 -9999.0 -9999.0 -9999.0 -9999.0 -9999.0 -9999.0 -9999.0 -9999.0 -9999.0 -9999.0 -9999.0 -9999.0 -9999.0 -9999.0 -9999.0 -9999.0 -9999.0 946.402257 949.330881 927.947654 895.174858 868.265012 871.634798 907.475395 950.106191 990.093725 1001.483257 984.947163 988.688736 985.232758 984.924931 988.152744 995.646450 1000.444142 1012.199739 1021.339552 1021.842903 1016.734548 1012.499708 1013.448847 1016.704577 1021.797864 1010.128041 1022.947549 1036.887992 1040.761982 1034.055403 1005.403340 988.251702 977.588242 960.349778 983.156038 993.385167 1014.665175 1017.456357 1014.544599 986.529527 955.805959 -9999.0 -9999.0 -9999.0 -9999.0 -9999.0 -9999.0 -9999.0 -9999.0 -9999.0 -9999.0 -9999.0 -9999.0 -9999.0 -9999.0 -9999.0 -9999.0 -9999.0 -9999.0 -9999.0
-9999.0 -9999.0 -9999.0 -9999.0 -9999.0 -9999.0 -9999.0 -9999.0 -9999.0 -9999.0 -9999.0 -9999.0 -9999.0 -9999.0 853.255897 844.345647 842.544032 851.992744 886.565697 917.564337 930.019101 923.425105 924.600190 902.250246 882.935567 898.297440 929.573600 962.915574 999.340362 1021.311528 1011.556132 1010.783244 1021.741924 1048.014530 1061.710986 1059.798037 1040.666509 1064.666354 1081.330398 1091.079341 1091.911597 1084.710853 1098.507079 1114.501183 1107.304625 1089.177169 1092.946881 1103.463724 1114.184566 1098.598723 1033.173043 1012.008496 1005.612910 996.785982 980.747880 972.648660 996.419923 994.999987 985.313561 966.065073 932.357097 887.530345 868.153208 905.798783 948.582085 1004.985964 -9999.0 -9999.0 -9999.0 -9999.0 -9999.0 -9999.0 -9999.0 -9999.0 -9999.0 -9999.0 -9999.0 -9999.0 -9999.0 -9999.0
-9999.0 -9999.0 -9999.0 -9999.0 -9999.0 -9999.0 -9999.0 -9999.0 -9999.0 792.914645 798.052134 806.240560 809.583769 826.260228 824.769079 832.974215 841.248695 869.485842 901.798122 938.048103 967.889675 960.236890 962.318681 974.119003 979.271213 992.956936 1016.519818 1059.334701 1101.904055 1145.295530 1118.862215 1118.438959 1139.098763 1187.247085 1221.295360 1229.273338 1211.202871 1220.213600 1246.621966 1270.879026 1272.854676 1272.394504 1298.563274 1312.986192 1313.768260 1292.215443 1277.097830 1275.224050 1298.476395 1244.854711 1176.807475 1124.593643 1126.060288 1093.539698 1053.169500 1030.913343 1026.172541 1044.758770 1027.830339 988.801567 950.926025 938.560165 919.820861 935.529323 956.371793 1001.357543 1038.900762 1066.163372 1064.630886 1046.367080 -9999.0 -9999.0 -9999.0 -9999.0 -9999.0 -9999.0 -9999.0 -9999.0 -9999.0 -9999.0
-9999.0 -9999.0 -9999.0 -9999.0 -9999.0 -9999.0 712.797411 722.912769 743.990620 749.524064 775.845603 784.338815 806.183156 826.808201 849.780356 867.820804 899.538392 934.168872 976.867425 1021.869515 1055.949422 1053.112155 1065.994210 1099.119147 1140.341372 1171.291508 1198.498727 1241.504731 1321.396967 1366.916431 1376.967653 1383.707191 1394.562594 1443.328195 1507.543377 1523.701140 1502.913817 1488.291579 1509.077004 1546.962872 1556.221899 1559.529672 1570.618136 1580.281856 1605.391444 1594.433481 1551.932832 1535.012717 1530.629074 1513.123540 1451.945468 1387.920279 1351.064266 1298.598378 1212.903745 1155.675744 1159.688155 1175.229475 1143.072463 1086.214849 1042.508355 1029.520455 1012.335751 996.952629 1001.158952 1018.427316 1038.967534 1048.450653 1033.958072 1011.597289 987.684445 957.984475 959.056079 983.738026 -9999.0 -9999.0 -9999.0 -9999.0 -9999.0 -9999.0
-9999.0 -9999.0 -9999.0 -9999.0 661.968050 675.404474 663.959603 689.828396 723.474402 758.733439 791.965152 830.336675 859.327276 891.477092 934.058746 971.040138 1015.714895 1054.096575 1111.531318 1182.470842 1236.649048 1264.203405 1283.345129 1344.566076 1407.393352 1460.579702 1482.519898 1511.782510 1557.600656 1620.620192 1649.687884 1657.628033 1675.424282 1710.191160 1757.008011 1790.187246 1773.409591 1765.782368 1771.934104 1784.351410 1809.636119 1812.276485 1814.832443 1817.263303 1821.156534 1819.227200 1793.553595 1758.948172 1743.818370 1733.653567 1704.232478 1635.428140 1592.752656 1560.575899 1525.928685 1473.531246 1408.265020 1389.914181 1330.292609 1269.828944 1203.638133 1178.548980 1144.924503 1116.263835 1083.975316 1082.525732 1082.899940 1059.959138 1025.749748 991.782634 975.357286 955.491210 943.716635 973.007654 989.992722 1019.966672 -9999.0 -9999.0 -9999.0 -9999.0
-9999.0 -9999.0 601.801302 651.012067 708.552161 718.226310 719.928241 727.014668 756.804208 810.455250 887.994496 940.627135 985.707604 1022.184488 1085.033356 1167.898593 1244.191301 1296.621820 1358.887977 1430.078571 1493.509477 1529.757651 1550.813834 1591.270718 1645.031642 1705.814120 1732.357507 1759.289242 1791.061673 1825.682974 1839.236647 1854.014544 1862.431495 1864.943126 1870.411568 1871.942711 1867.081869 1860.986840 1842.317328 1838.680350 1846.173831 1851.721256 1853.849380 1840.853650 1836.864360 1849.851193 1852.774105 1851.207406 1850.291457 1857.136344 1860.927244 1822.526583 1783.040262 1766.699857 1755.877235 1711.279241 1646.571113 1602.552217 1577.807778 1533.813889 1455.169943 1401.966657 1349.149222 1297.266634 1241.273528 1206.372527 1155.996733 1110.304949 1061.084144 1012.861145 987.677543 968.344211 964.861056 963.898955 979.259987 993.992727 1008.847162 1016.371832 -9999.0 -9999.0
-9999.0 498.818961 571.504137 698.371136 779.156675 824.975385 859.099011 884.487262 914.697588 941.845938 1049.551263 1142.975334 1236.850644 1276.858173 1330.885948 1430.222553 1526.283438 1573.339247 1611.967090 1667.831588 1727.447613 1775.303302 1805.180913 1819.199557 1852.810033 1864.876821 1867.565047 1870.862897 1867.149278 1859.946683 1851.470664 1857.918718 1854.383917 1835.658098 1819.806875 1816.397137 1809.827211 1784.065123 1754.460045 1738.872533 1741.054044 1763.321484 1751.999384 1731.830044 1728.269666 1749.333159 1768.379471 1760.147551 1749.020390 1767.385740 1802.584386 1825.203488 1836.381607 1852.829389 1873.294391 1847.834077 1818.497272 1776.202585 1755.668924 1725.646837 1666.176923 1603.867466 1548.166203 1486.097021 1417.903471 1347.421669 1280.913720 1216.072173 1146.745571 1103.284676 1070.239097 1018.526268 996.055890 996.511842 986.596374 982.879581 988.265549 994.258199 -9999.0 -9999.0
-9999.0 419.250096 561.996892 747.126856 896.372838 957.286303 1062.709375 1144.339071 1174.978029 1150.023851 1260.939067 1480.905015 1581.853782 1600.519081 1672.478646 1759.438506 1781.896720 1814.510001 1836.847869 1846.166334 1853.856805 1863.950312 1863.085397 1858.014352 1844.085280 1836.369849 1834.741097 1831.091393 1812.412244 1792.258003 1773.867846 1768.861076 1749.945578 1706.107455 1672.955670 1655.263933 1638.044605 1615.467546 1580.471518 1552.455205 1537.200384 1552.771189 1545.653151 1529.099396 1525.597889 1548.093995 1581.066569 1577.780931 1586.460915 1609.527012 1650.474286 1691.465568 1715.220125 1746.179082 1783.564975 1828.032899 1844.255793 1865.632246 1869.792049 1849.977166 1805.392862 1752.784949 1716.917038 1652.341623 1577.994494 1497.953107 1431.316997 1366.939306 1295.495626 1246.621308 1197.696768 1138.936078 1082.892209 1057.587919 1016.857962 996.130058 -9999.0 -9999.0 -9999.0 -9999.0
-9999.0 341.612717 530.201627 789.663615 1064.842342 1179.997639 1384.732789 1514.132439 1573.918521 1640.565245 1625.744915 1768.139643 1806.265101 1802.868106 1801.310462 1806.177047 1822.494062 1826.943266 1824.210179 1814.960641 1806.327898 1802.669939 1801.161803 1793.469383 1781.069898 1765.530882 1751.322182 1736.749586 1696.864433 1662.253442 1625.824125 1609.648887 1569.933559 1478.444550 1435.213553 1399.286508 1342.276956 1333.988130 1325.545642 1295.707379 1275.129473 1254.843604 1276.130207 1280.000590 1282.504963 1287.288058 1305.827650 1330.193694 1375.470758 1413.073540 1458.508260 1512.026859 1547.799404 1592.480119 1640.154195 1697.474475 1731.149089 1762.920791 1810.445330 1849.943419 1872.903788 1861.532156 1832.530426 1784.781723 1712.194548 1642.569346 1590.005900 1514.472265 1448.109508 1394.802123 1349.404160 1298.194318 1231.675395 1147.463583 1104.036497 -9999.0 -9999.0 -9999.0 -9999.0 -9999.0
-9999.0 164.593218 432.343710 721.520356 1038.304108 1365.880509 1497.004160 1628.756842 1701.269475 1664.750719 1668.172639 1689.911608 1732.293622 1741.806969 1723.908213 1716.745408 1706.765343 1707.495191 1720.791615 1694.919417 1665.094220 1651.492452 1650.517053 1638.200288 1614.446839 1596.429745 1582.685587 1560.769686 1511.275311 1459.469188 1378.096043 1347.322385 1270.341452 1211.025282 1165.225644 1115.200904 1063.654862 1061.179820 1076.962605 1060.984819 1038.036439 1019.267677 1045.626999 1063.115925 1075.423551 1064.949800 1074.902818 1111.645348 1162.163121 1207.473787 1259.290810 1316.266592 1364.680622 1414.491460 1448.522516 1500.780802 1549.607837 1597.662765 1672.358608 1751.810702 1788.991614 1823.788257 1856.057870 1869.398080 1815.493207 1761.912556 1705.451180 1638.251353 1552.226676 1506.851859 1483.887126 1445.513700 1390.776487 -9999.0 -9999.0 -9999.0 -9999.0 -9999.0 -9999.0 -9999.0
-9999.0 37.257119 257.706187 489.751993 776.820472 1015.636737 1209.772485 1320.703618 1400.568626 1430.128245 1461.327575 1495.026928 1526.699759 1550.369881 1529.881509 1492.381216 1465.036925 1469.559539 1466.145377 1442.383752 1412.770329 1397.659678 1394.993512 1387.298362 1361.784353 1345.859952 1333.500710 1308.994783 1272.665135 1215.202078 1134.289831 1061.665143 999.402351 965.727456 935.159310 901.880026 865.245427 874.867563 887.281782 883.081861 871.882949 868.496281 897.677834 916.658513 926.957523 915.438784 934.934292 962.251591 1004.606178 1048.324629 1098.416690 1154.964082 1210.246213 1241.681788 1258.129893 1287.058742 1329.799459 1386.567713 1474.276394 1569.800930 1647.447144 1697.096812 1747.525360 1779.607034 1790.599790 1799.512471 1768.602086 1678.907303 1553.378218 1554.818494 1557.998529 -9999.0 -9999.0 -9999.0 -9999.0 -9999.0 -9999.0 -9999.0 -9999.0 -9999.0
-9999.0 -9999.0 23.629510 203.351665 345.373856 527.051931 678.615376 789.297242 876.076747 984.413359 1085.933230 1167.982179 1212.348788 1230.435871 1215.788251 1181.263761 1159.150780 1159.241873 1149.369621 1137.882773 1116.818618 1108.325052 1097.299469 1088.630184 1077.155261 1070.276813 1063.777346 1051.060129 1027.373406 979.313658 928.907503 876.684002 822.501573 796.409720 773.982204 751.815298 749.580958 745.910013 751.587442 752.797784 759.115289 771.388478 791.632872 813.494704 823.277616 831.830059 844.603433 868.651281 902.197804 944.713314 998.954612 1056.986120 1097.398195 1111.203577 1103.191165 1110.428832 1133.643639 1179.427320 1264.518883 1352.320513 1448.401337 1520.275204 1591.545348 1642.447035 1657.081930 1670.113376 1677.811173 1600.534434 1257.276153 1479.154189 -9999.0 -9999.0 -9999.0 -9999.0 -9999.0 -9999.0 -9999.0 -9999.0 -9999.0 -9999.0
-9999.0 -9999.0 -9999.0 -9999.0 61.426282 217.349044 314.086210 398.018694 525.183820 642.299651 740.089887 821.262462 880.743653 906.552741 900.428574 902.611139 897.030105 891.662375 882.304460 879.906115 877.301403 869.523975 855.883425 848.057259 847.950073 851.808129 848.704150 834.447974 816.430198 791.884337 769.907835 734.826871 698.151487 668.605981 655.168106 648.865606 648.571655 641.939839 650.768360 657.695514 672.716022 687.960066 711.783250 740.581459 754.037790 768.725132 778.618176 799.443672 829.986626 883.476304 946.896545 1004.589323 1040.312997 1045.046854 1020.688806 1006.059978 1003.846812 1033.543493 1081.499727 1152.425569 1256.984946 1333.146200 1393.878301 1439.893295 1471.506239 1514.634274 1558.213280 1581.138318 -9999.0 -9999.0 -9999.0 -9999.0 -9999.0 -9999.0 -9999.0 -9999.0 -9999.0 -9999.0 -9999.0 -9999.0
-9999.0 -9999.0 -9999.0 -9999.0 -9999.0 -9999.0 15.888537 115.836603 198.867782 332.328264 457.305677 555.462381 633.756330 663.426324 686.956245 712.225195 709.596360 691.819122 673.658022 691.540083 703.803641 698.077917 668.767151 667.744765 671.798108 680.003327 677.719836 670.964193 645.556049 655.461633 655.026370 631.481772 605.131496 590.837954 578.889955 588.450165 588.753355 575.432570 576.551098 603.024803 623.050001 636.276796 658.315755 691.499947 723.736795 738.694970 740.041845 746.349854 787.028466 857.425616 928.796019 983.797654 1015.991563 1024.143231 996.908006 957.099992 937.048174 944.982280 981.054412 1035.784244 1114.006867 1165.796579 1195.446017 1212.699372 1234.432675 1325.523472 -9999.0 -9999.0 -9999.0 -9999.0 -9999.0 -9999.0 -9999.0 -9999.0 -9999.0 -9999.0 -9999.0 -9999.0 -9999.0 -9999.0
-9999.0 -9999.0 -9999.0 -9999.0 -9999.0 -9999.0 -9999.0 -9999.0 -9999.0 -9999.0 -9999.0 -9999.0 -9999.0 -9999.0 -9999.0 -9999.0 -9999.0 -9999.0 -9999.0 -9999.0 -9999.0 -9999.0 -9999.0 -9999.0 -9999.0 -9999.0 -9999.0 -9999.0 -9999.0 -9999.0 -9999.0 -9999.0 -9999.0 -9999.0 -9999.0 -9999.0 -9999.0 -9999.0 -9999.0 -9999.0 -9999.0 -9999.0 -9999.0 -9999.0 -9999.0 -9999.0 -9999.0 -9999.0 -9999.0 -9999.0 -9999.0 -9999.0 -9999.0 -9999.0 -9999.0 -9999.0 -9999.0 -9999.0 -9999.0 -9999.0 -9999.0 -9999.0 -9999.0 -9999.0 -9999.0 -9999.0 -9999.0 -9999.0 -9999.0 -9999.0 -9999.0 -9999.0 -9999.0 -9999.0 -9999.0 -9999.0 -9999.0 -9999.0 -9999.0 -9999.0
-9999.0 -9999.0 -9999.0 -9999.0 -9999.0 -9999.0 -9999.0 -9999.0 -9999.0 -9999.0 -9999.0 -9999.0 -9999.0 -9999.0 -9999.0 -9999.0 -9999.0 -9999.0 -9999.0 -9999.0 -9999.0 -9999.0 -9999.0 -9999.0 -9999.0 -9999.0 -9999.0 -9999.0 -9999.0 -9999.0 -9999.0 -9999.0 -9999.0 -9999.0 -9999.0 -9999.0 -9999.0 -9999.0 -9999.0 -9999.0 -9999.0 -9999.0 -9999.0 -9999.0 -9999.0 -9999.0 -9999.0 -9999.0 -9999.0 -9999.0 -9999.0 -9999.0 -9999.0 -9999.0 -9999.0 -9999.0 -9999.0 -9999.0 -9999.0 -9999.0 -9999.0 -9999.0 -9999.0 -9999.0 -9999.0 -9999.0 -9999.0 -9999.0 -9999.0 -9999.0 -9999.0 -9999.0 -9999.0 -9999.0 -9999.0 -9999.0 -9999.0 -9999.0 -9999.0 -9999.0