Borden_/Borden1m_014/output_maps/psiliqL0023N0035.asc
ncols         80
nrows         18
xllcorner     620200.000000
yllcorner     5168000.000000
cellsize      1.000000
NODATA_value  -9999.0
-9999.0 -9999.0 -9999.0 -9999.0 -9999.0 -9999.0 -9999.0 -9999.0 -9999.0 -9999.0 -9999.0 -9999.0 -9999.0 -9999.0 -9999.0 -9999.0 -9999.0 -9999.0 -9999.0 -9999.0 -9999.0 -9999.0 -9999.0 -9999.0 -9999.0 -9999.0 -9999.0 -9999.0 -9999.0 -9999.0 -9999.0 -9999.0 -9999.0 -9999.0 -9999.0 -9999.0 -9999.0 -9999.0 -9999.0 -9999.0 -9999.0 -9999.0 -9999.0 -9999.0 -9999.0 -9999.0 -9999.0 -9999.0 -9999.0 -9999.0 -9999.0 -9999.0 -9999.0 -9999.0 -9999.0 -9999.0 -9999.0 -9999.0 -9999.0 -9999.0 -9999.0 -9999.0 -9999.0 -9999.0 -9999.0 -9999.0 -9999.0 -9999.0 -9999.0 -9999.0 -9999.0 -9999.0 -9999.0 -9999.0 -9999.0 -9999.0 -9999.0 -9999.0 -9999.0 -9999.0
-9999.0 -9999.0 -9999.0 -9999.0 -9999.0 -9999.0 -9999.0 -9999.0 -9999.0 -9999.0 -9999.0 -9999.0 -9999.0 -9999.0 -9999.0 -9999.0 -9999.0 -9999.0 -9999.0 -9999.0 -9999.0 -9999.0 -9999.0 -9999.0 -9999.0 -9999.0 -9999.0 -9999.0 -9999.0 -9999.0 -9999.0 -9999.0 -9999.0 -9999.0 -9999.0 -9999.0 -9999.0 -9999.0 -9999.0 -9999.0 -9999.0 -9999.0 -9999.0 -9999.0 -9999.0 -9999.0 -9999.0 -9999.0 -9999.0 -9999.0 -9999.0 -9999.0 -9999.0 -9999.0 -9999.0 -9999.0 -9999.0 -9999.0 -9999.0 -9999.0 -9999.0 -9999.0 -9999.0 -9999.0 -9999.0 -9999.0 -9999.0 -9999.0 -9999.0 -9999.0 -9999.0 -9999.0 -9999.0 -9999.0 -9999.0 -9999.0 -9999.0 -9999.0 -9999.0 -9999.0
-9999.0 -9999.0 -9999.0 -9999.0 -9999.0 -9999.0 -9999.0 -9999.0 -9999.0 -9999.0 -9999.0 -9999.0 -9999.0 -9999.0 -9999.0 -9999.0 -9999.0 -9999.0 -9999.0 -9999.0 2757.963481 2760.216027 2739.859531 2707.643422 2681.534485 2685.716504 2721.408155 2764.511633 2805.701767 2816.181776 2799.703720 2805.222587 2802.446513 2799.587685 2801.707224 2810.720212 2818.918465 2829.834668 2838.779291 2838.802702 2833.565195 2829.981047 2832.869046 2835.042890 2840.637189 2825.980484 2840.002322 2800.361584 2804.170957 2801.015689 2821.610227 2805.748640 2794.141269 2775.298918 2798.282569 2807.409937 2798.035051 2801.624069 2799.641351 2796.392866 2765.510273 -9999.0 -9999.0 -9999.0 -9999.0 -9999.0 -9999.0 -9999.0 -9999.0 -9999.0 -9999.0 -9999.0 -9999.0 -9999.0 -9999.0 -9999.0 -9999.0 -9999.0 -9999.0 -9999.0
-9999.0 -9999.0 -9999.0 -9999.0 -9999.0 -9999.0 -9999.0 -9999.0 -9999.0 -9999.0 -9999.0 -9999.0 -9999.0 -9999.0 2662.835090 2655.144293 2654.161763 2663.764529 2698.380057 2729.988124 2741.839058 2735.747103 2737.212981 2714.710312 2694.633253 2709.985599 2741.889938 2774.119623 2810.097917 2830.632296 2821.965172 2821.579788 2830.874709 2802.637951 2811.360184 2808.837471 2845.428614 2815.187922 2828.334221 2833.681715 2832.069969 2822.603806 2832.158313 2846.387890 2839.302262 2823.660699 2833.307632 2846.777472 2857.562878 2848.450099 2839.305492 2822.345615 2815.421679 2807.511351 2791.235822 2784.902268 2810.202563 2806.134415 2796.058304 2776.926989 2742.396774 2696.668763 2676.014793 2713.970102 2755.693084 2791.998050 -9999.0 -9999.0 -9999.0 -9999.0 -9999.0 -9999.0 -9999.0 -9999.0 -9999.0 -9999.0 -9999.0 -9999.0 -9999.0 -9999.0
-9999.0 -9999.0 -9999.0 -9999.0 -9999.0 -9999.0 -9999.0 -9999.0 -9999.0 2599.791912 2606.469631 2615.367429 2620.034864 2637.314814 2635.420397 2644.280997 2651.334824 2680.885340 2712.852519 2748.642049 2776.815833 2770.807794 2770.888327 2778.254262 2777.259960 2788.755620 2812.132207 2803.157764 2834.958981 2871.356944 2839.265279 2835.367349 2853.596952 2895.805576 2921.179610 2924.363638 2906.756433 2921.114982 2944.897778 2961.885607 2958.993578 2953.724047 2978.711527 2993.364905 2988.824614 2967.872674 2964.751444 2970.648862 2998.682203 2947.841828 2882.494252 2841.276938 2854.187184 2831.599671 2803.570523 2834.858551 2832.215332 2809.909608 2797.035769 2795.864398 2760.675846 2746.808605 2727.125457 2744.393169 2764.896097 2788.118027 2827.225851 2856.415934 2855.636023 2838.167379 -9999.0 -9999.0 -9999.0 -9999.0 -9999.0 -9999.0 -9999.0 -9999.0 -9999.0 -9999.0
-9999.0 -9999.0 -9999.0 -9999.0 -9999.0 -9999.0 2517.918353 2529.654159 2552.241247 2557.021293 2585.349345 2593.140753 2615.362925 2635.855277 2660.066467 2676.607402 2705.867345 2739.347141 2777.893007 2819.261668 2806.925677 2844.461068 2803.119929 2823.785083 2853.357413 2874.827680 2898.195948 2935.552578 2985.563455 3021.438688 3016.514054 3017.787329 3026.132876 3075.811697 3139.432770 3151.079571 3130.683628 3117.319118 3139.830890 3176.365689 3175.617616 3174.534940 3180.946207 3191.171426 3217.785015 3207.827371 3177.625698 3170.859138 3175.930926 3155.146294 3088.794181 3031.164517 3010.541746 2986.621982 2904.672817 2859.741445 2879.042151 2903.696132 2880.136067 2831.204919 2837.918454 2827.739343 2811.892294 2799.695374 2807.375163 2801.097367 2823.955363 2836.795464 2824.314066 2803.467909 2790.497629 2760.477972 2761.436083 2785.508824 -9999.0 -9999.0 -9999.0 -9999.0 -9999.0 -9999.0
-9999.0 -9999.0 -9999.0 -9999.0 2465.559155 2479.946245 2467.778522 2496.086721 2530.948654 2567.440149 2598.514831 2635.538929 2663.553255 2694.812144 2732.092042 2760.646014 2798.908452 2833.261064 2832.653030 2894.967242 2940.504553 2956.957371 2966.264157 2995.197141 3051.113591 3098.619096 3117.202461 3142.486096 3180.385167 3236.047542 3258.509832 3261.760180 3278.588517 3319.770421 3373.663037 3407.214826 3389.945919 3381.331096 3390.368845 3403.754704 3425.871366 3425.975146 3426.979900 3430.610885 3437.577566 3436.278730 3410.828024 3377.919491 3366.059875 3356.454160 3320.890321 3250.418400 3219.249625 3191.925796 3158.323781 3105.661031 3055.348035 3053.631951 3000.306347 2967.332676 2915.211098 2903.606495 2880.481849 2861.974659 2842.009449 2850.889988 2860.114875 2843.182371 2812.337688 2794.750307 2778.546809 2758.403958 2745.377341 2774.886200 2786.410855 2815.745102 -9999.0 -9999.0 -9999.0 -9999.0
-9999.0 -9999.0 2403.249007 2450.609633 2509.621423 2518.810600 2516.856667 2523.862756 2554.553290 2608.431479 2679.370156 2723.154358 2759.878719 2795.562045 2802.084472 2866.738920 2929.094917 2972.286637 3007.640383 3075.465408 3134.147138 3161.358691 3170.869370 3199.791072 3252.967815 3319.453997 3346.533332 3372.215537 3401.798009 3436.713252 3432.828529 3444.168993 3455.664229 3466.191413 3479.090150 3485.098030 3480.617132 3476.101556 3457.784089 3452.974021 3459.532400 3466.807894 3466.367318 3451.991828 3448.041631 3462.727835 3468.442384 3466.700878 3464.512627 3469.863246 3467.184873 3421.203025 3399.419580 3384.878378 3375.310232 3330.223771 3264.964665 3231.756112 3211.650093 3177.867841 3105.177934 3065.880279 3025.634825 2990.127582 2968.506545 2950.970397 2914.699389 2879.922657 2838.718139 2796.404438 2787.331633 2769.664818 2766.785029 2765.156703 2781.120748 2790.846004 2806.214999 2814.072461 -9999.0 -9999.0
-9999.0 2294.221968 2366.181935 2490.425545 2570.996538 2613.794228 2632.605346 2645.248684 2676.935014 2714.493578 2809.641980 2824.825224 2908.273056 2945.560118 2987.861662 3055.709322 3147.280513 3184.165421 3220.891379 3281.443422 3344.646443 3389.691307 3415.391225 3401.132963 3438.596374 3463.864263 3470.517516 3476.455398 3475.358111 3466.955756 3460.012501 3466.849929 3464.121167 3445.393209 3429.746954 3428.159734 3424.858157 3401.953635 3375.660009 3360.668361 3362.583618 3386.069838 3374.197333 3353.112768 3348.781418 3370.049984 3389.743029 3379.320512 3367.261817 3382.754340 3416.747788 3440.392110 3443.472391 3461.459656 3482.445674 3454.271264 3431.482554 3388.897909 3373.359673 3348.365176 3292.755111 3238.133510 3190.743558 3147.446874 3094.629145 3044.192414 2996.070206 2961.722715 2905.280522 2869.941189 2843.806393 2798.871296 2793.282110 2788.435709 2787.897636 2784.628397 2785.680923 2791.948211 -9999.0 -9999.0
-9999.0 2201.752024 2342.036260 2522.832409 2670.450312 2720.326474 2796.646067 2832.061178 2849.270167 2849.356183 2902.584422 3096.351316 3205.505195 3220.638361 3293.061666 3382.995658 3372.909056 3402.937294 3424.867592 3446.108580 3463.273580 3475.976062 3473.841039 3468.215076 3452.053924 3444.125855 3443.348356 3441.352715 3424.336593 3405.722979 3389.176627 3386.401704 3370.063910 3322.785741 3290.339364 3273.744697 3256.527491 3242.566272 3214.813376 3189.734333 3179.737141 3186.125201 3183.122786 3174.386419 3169.987366 3183.104477 3213.746701 3210.365970 3220.412426 3239.642804 3274.931431 3312.021222 3330.934100 3359.474516 3393.601819 3439.883928 3449.907045 3471.996383 3475.346232 3463.068137 3417.892633 3368.403499 3339.466768 3285.090364 3225.770414 3169.390040 3120.487399 3075.466937 3020.240354 2985.402016 2954.635776 2899.695316 2853.927292 2841.839784 2806.591491 2791.461198 -9999.0 -9999.0 -9999.0 -9999.0
-9999.0 2105.151220 2286.963804 2531.524042 2810.082242 2889.561578 3079.035326 3188.539528 3227.633649 3292.831449 3194.769772 3381.822180 3428.517756 3421.967744 3432.104640 3434.363887 3447.965385 3447.669029 3442.622248 3431.856859 3422.613102 3418.307273 3417.138866 3409.292561 3396.821878 3382.395089 3371.656497 3360.625821 3324.911881 3293.688301 3256.288890 3244.314321 3202.827286 3117.883166 3079.090239 3042.090585 2984.092136 2985.374778 2990.016555 2987.071523 2968.322403 2941.708845 2969.341298 2978.620004 2982.420922 2979.359497 2990.550486 2995.712199 3041.272975 3074.966299 3113.873124 3160.951638 3185.043303 3223.577523 3263.498227 3315.140262 3345.370838 3373.801081 3420.271369 3456.914677 3479.310479 3466.191515 3446.302501 3403.320238 3344.786517 3295.954209 3267.709871 3218.331611 3178.615686 3134.618809 3088.254831 3035.507742 2982.290060 2922.896067 2886.772863 -9999.0 -9999.0 -9999.0 -9999.0 -9999.0
-9999.0 1892.769055 2157.703979 2429.688798 2716.320049 3029.872056 3183.479824 3280.324772 3341.207511 3317.612216 3334.790347 3342.758672 3378.317097 3384.592940 3363.849854 3350.958647 3334.552278 3333.466364 3346.420125 3319.674512 3290.201637 3277.281714 3278.083581 3267.364804 3244.061720 3229.168071 3219.847190 3202.372108 3164.946928 3115.885500 3033.856403 3002.767584 2947.073985 2905.114131 2866.922996 2820.047263 2823.316536 2825.661603 2801.529258 2837.095988 2815.779550 2798.077567 2826.866656 2802.286362 2814.784963 2799.812907 2807.039946 2841.055921 2888.130422 2928.955428 2973.933722 3001.669273 3042.311085 3081.984795 3104.379095 3144.971309 3180.536172 3221.344403 3290.282184 3366.420636 3399.925899 3433.578315 3463.494833 3484.897121 3442.699996 3415.510145 3392.521217 3370.515668 3325.225685 3280.415644 3239.950065 3176.981151 3120.078290 -9999.0 -9999.0 -9999.0 -9999.0 -9999.0 -9999.0 -9999.0
-9999.0 1777.120500 1976.682054 2177.651830 2436.934363 2672.852436 2865.361178 2958.990418 3014.832468 3075.476691 3123.623469 3158.681351 3179.979874 3200.817948 3178.165081 3139.019666 3107.794044 3112.462940 3104.798669 3083.324850 3055.607886 3042.568099 3040.941010 3035.985501 3014.527290 3003.861610 2997.149883 2999.503934 2973.024307 2919.988474 2847.537497 2822.116891 2765.467916 2740.791560 2714.197569 2684.040246 2654.906059 2665.986426 2676.277435 2676.257630 2668.648141 2667.927033 2696.852366 2715.432598 2725.485884 2715.314039 2734.969363 2760.567205 2800.742452 2803.013175 2848.156729 2898.228558 2947.691896 2970.206867 2975.599014 2990.586601 2996.965038 3040.498043 3116.878119 3195.957370 3270.662869 3314.933763 3364.666352 3402.547928 3429.368953 3456.507872 3477.070260 3468.729472 3443.889829 3411.280739 3354.564560 -9999.0 -9999.0 -9999.0 -9999.0 -9999.0 -9999.0 -9999.0 -9999.0 -9999.0
-9999.0 -9999.0 1749.218824 1907.844719 2015.249062 2182.314118 2327.691664 2437.768213 2539.479490 2679.354800 2801.172273 2849.112814 2893.800057 2909.913739 2896.413702 2867.738414 2849.812774 2849.535139 2838.201664 2830.723187 2814.939978 2809.545936 2850.594276 2841.998775 2835.318722 2832.161137 2827.774259 2818.322875 2798.498788 2753.492528 2711.358244 2664.176935 2613.447163 2589.307750 2568.750864 2549.398931 2551.208667 2545.727504 2550.550492 2552.898225 2561.722300 2575.471648 2595.075758 2618.226726 2628.406039 2638.973086 2651.277804 2674.798532 2707.320132 2749.181937 2803.493144 2825.928963 2861.998207 2870.432730 2855.310766 2853.102893 2863.936377 2896.406447 2963.074997 3009.903392 3097.799395 3162.022631 3222.231992 3276.922538 3302.817137 3339.006505 3406.511019 3454.329227 3494.373663 3472.133669 -9999.0 -9999.0 -9999.0 -9999.0 -9999.0 -9999.0 -9999.0 -9999.0 -9999.0 -9999.0
-9999.0 -9999.0 -9999.0 -9999.0 1768.541456 1917.686018 2015.565554 2096.711817 2230.596051 2360.298694 2467.321352 2555.237418 2624.349547 2653.407090 2654.928572 2669.924344 2668.569981 2660.214370 2649.372592 2652.257299 2655.038792 2648.001635 2631.831074 2624.938624 2627.558454 2634.091340 2631.469596 2617.805172 2599.022940 2581.645326 2565.760788 2533.403926 2499.913525 2471.431341 2458.644559 2454.461558 2454.123988 2446.181609 2454.386546 2462.814296 2478.521874 2493.661019 2517.206461 2546.509753 2561.263264 2576.493870 2586.113879 2606.055213 2636.960013 2690.758149 2754.986040 2813.294580 2819.129560 2820.823333 2833.260096 2816.931557 2811.400488 2836.531669 2818.255528 2872.285353 2963.531831 3002.116705 3048.491410 3088.437705 3124.694154 3181.711059 3273.177276 3352.770853 -9999.0 -9999.0 -9999.0 -9999.0 -9999.0 -9999.0 -9999.0 -9999.0 -9999.0 -9999.0 -9999.0 -9999.0
-9999.0 -9999.0 -9999.0 -9999.0 -9999.0 -9999.0 1741.587731 1846.799300 1918.118537 2068.609479 2211.696133 2319.542404 2403.918029 2440.176102 2473.656077 2504.088832 2504.500369 2484.812034 2463.525126 2484.274097 2501.800802 2495.252433 2463.601648 2464.408869 2470.612992 2478.247474 2475.466063 2469.093165 2444.037224 2459.004408 2462.069885 2439.058089 2413.476698 2400.347168 2388.619875 2398.249198 2398.179814 2383.777849 2382.951261 2410.504944 2431.349029 2444.270608 2465.498457 2498.772438 2531.493058 2547.501271 2549.123901 2554.927681 2593.225633 2663.601417 2736.614688 2793.547520 2799.593225 2805.444251 2811.695091 2771.791824 2751.719963 2758.038320 2790.556537 2839.013254 2844.803436 2883.501053 2898.791580 2903.596452 2917.583754 2986.231033 -9999.0 -9999.0 -9999.0 -9999.0 -9999.0 -9999.0 -9999.0 -9999.0 -9999.0 -9999.0 -9999.0 -9999.0 -9999.0 -9999.0
-9999.0 -9999.0 -9999.0 -9999.0 -9999.0 -9999.0 -9999.0 -9999.0 -9999.0 -9999.0 -9999.0 -9999.0 -9999.0 -9999.0 -9999.0 -9999.0 -9999.0 -9999.0 -9999.0 -9999.0 -9999.0 -9999.0 -9999.0 -9999.0 -9999.0 -9999.0 -9999.0 -9999.0 -9999.0 -9999.0 -9999.0 -9999.0 -9999.0 -9999.0 -9999.0 -9999.0 -9999.0 -9999.0 -9999.0 -9999.0 -9999.0 -9999.0 -9999.0 -9999.0 -9999.0 -9999.0 -9999.0 -9999.0 -9999.0 -9999.0 -9999.0 -9999.0 -9999.0 -9999.0 -9999.0 -9999.0 -9999.0 -9999.0 -9999.0 -9999.0 -9999.0 -9999.0 -9999.0 -9999.0 -9999.0 -9999.0 -9999.0 -9999.0 -9999.0 -9999.0 -9999.0 -9999.0 -9999.0 -9999.0 -9999.0 -9999.0 -9999.0 -9999.0 -9999.0 -9999.0
-9999.0 -9999.0 -9999.0 -9999.0 -9999.0 -9999.0 -9999.0 -9999.0 -9999.0 -9999.0 -9999.0 -9999.0 -9999.0 -9999.0 -9999.0 -9999.0 -9999.0 -9999.0 -9999.0 -9999.0 -9999.0 -9999.0 -9999.0 -9999.0 -9999.0 -9999.0 -9999.0 -9999.0 -9999.0 -9999.0 -9999.0 -9999.0 -9999.0 -9999.0 -9999.0 -9999.0 -9999.0 -9999.0 -9999.0 -9999.0 -9999.0 -9999.0 -9999.0 -9999.0 -9999.0 -9999.0 -9999.0 -9999.0 -9999.0 -9999.0 -9999.0 -9999.0 -9999.0 -9999.0 -9999.0 -9999.0 -9999.0 -9999.0 -9999.0 -9999.0 -9999.0 -9999.0 -9999.0 -9999.0 -9999.0 -9999.0 -9999.0 -9999.0 -9999.0 -9999.0 -9999.0 -9999.0 -9999.0 -9999.0 -9999.0 -9999.0 -9999.0 -9999.0 -9999.0 -9999.0