Borden_/Borden1m_014/output_maps/psiliqL0024N0039.asc
ncols         80
nrows         18
xllcorner     620200.000000
yllcorner     5168000.000000
cellsize      1.000000
NODATA_value  -9999.0
-9999.0 -9999.0 -9999.0 -9999.0 -9999.0 -9999.0 -9999.0 -9999.0 -9999.0 -9999.0 -9999.0 -9999.0 -9999.0 -9999.0 -9999.0 -9999.0 -9999.0 -9999.0 -9999.0 -9999.0 -9999.0 -9999.0 -9999.0 -9999.0 -9999.0 -9999.0 -9999.0 -9999.0 -9999.0 -9999.0 -9999.0 -9999.0 -9999.0 -9999.0 -9999.0 -9999.0 -9999.0 -9999.0 -9999.0 -9999.0 -9999.0 -9999.0 -9999.0 -9999.0 -9999.0 -9999.0 -9999.0 -9999.0 -9999.0 -9999.0 -9999.0 -9999.0 -9999.0 -9999.0 -9999.0 -9999.0 -9999.0 -9999.0 -9999.0 -9999.0 -9999.0 -9999.0 -9999.0 -9999.0 -9999.0 -9999.0 -9999.0 -9999.0 -9999.0 -9999.0 -9999.0 -9999.0 -9999.0 -9999.0 -9999.0 -9999.0 -9999.0 -9999.0 -9999.0 -9999.0
-9999.0 -9999.0 -9999.0 -9999.0 -9999.0 -9999.0 -9999.0 -9999.0 -9999.0 -9999.0 -9999.0 -9999.0 -9999.0 -9999.0 -9999.0 -9999.0 -9999.0 -9999.0 -9999.0 -9999.0 -9999.0 -9999.0 -9999.0 -9999.0 -9999.0 -9999.0 -9999.0 -9999.0 -9999.0 -9999.0 -9999.0 -9999.0 -9999.0 -9999.0 -9999.0 -9999.0 -9999.0 -9999.0 -9999.0 -9999.0 -9999.0 -9999.0 -9999.0 -9999.0 -9999.0 -9999.0 -9999.0 -9999.0 -9999.0 -9999.0 -9999.0 -9999.0 -9999.0 -9999.0 -9999.0 -9999.0 -9999.0 -9999.0 -9999.0 -9999.0 -9999.0 -9999.0 -9999.0 -9999.0 -9999.0 -9999.0 -9999.0 -9999.0 -9999.0 -9999.0 -9999.0 -9999.0 -9999.0 -9999.0 -9999.0 -9999.0 -9999.0 -9999.0 -9999.0 -9999.0
-9999.0 -9999.0 -9999.0 -9999.0 -9999.0 -9999.0 -9999.0 -9999.0 -9999.0 -9999.0 -9999.0 -9999.0 -9999.0 -9999.0 -9999.0 -9999.0 -9999.0 -9999.0 -9999.0 -9999.0 2934.357960 2935.775660 2914.348690 2880.705351 2852.950492 2855.279737 2888.862592 2929.902932 2968.993650 2977.182376 2958.729058 2962.741883 2958.646387 2954.656599 2955.485128 2963.380994 2970.248134 2980.023266 2987.350034 2985.542633 2978.605727 2973.750838 2976.033596 2977.848505 2983.887827 2969.860919 2985.175838 2984.202595 2988.835503 2986.155790 2976.832154 2963.885890 2955.081726 2938.879849 2964.503278 2975.630506 2988.922285 2993.476353 2991.859064 2972.783758 2942.712084 -9999.0 -9999.0 -9999.0 -9999.0 -9999.0 -9999.0 -9999.0 -9999.0 -9999.0 -9999.0 -9999.0 -9999.0 -9999.0 -9999.0 -9999.0 -9999.0 -9999.0 -9999.0 -9999.0
-9999.0 -9999.0 -9999.0 -9999.0 -9999.0 -9999.0 -9999.0 -9999.0 -9999.0 -9999.0 -9999.0 -9999.0 -9999.0 -9999.0 2843.064515 2834.409898 2831.875206 2839.671280 2872.587318 2903.002209 2914.690301 2907.461041 2907.566050 2883.351626 2861.241178 2874.431114 2904.151221 2934.556308 2968.206557 2986.214861 2975.523053 2973.368353 2980.896691 2985.198721 2993.366837 2989.984364 2989.631960 2995.930075 3008.947905 3013.645642 3011.619654 3001.811182 3010.944899 3025.016608 3017.977956 3002.634370 3012.955130 3027.416404 3038.589717 3030.250001 2988.360181 2974.917821 2971.045847 2966.172765 2952.621583 2948.422083 2975.932549 2974.752516 2967.006202 2949.727746 2916.482849 2871.457124 2852.456173 2892.515080 2935.933468 2986.232274 -9999.0 -9999.0 -9999.0 -9999.0 -9999.0 -9999.0 -9999.0 -9999.0 -9999.0 -9999.0 -9999.0 -9999.0 -9999.0 -9999.0
-9999.0 -9999.0 -9999.0 -9999.0 -9999.0 -9999.0 -9999.0 -9999.0 -9999.0 2800.334939 2790.842495 2797.925818 2800.422521 2815.889420 2812.890188 2820.061736 2824.822798 2852.273386 2882.156942 2916.003620 2942.940805 2934.379382 2933.089448 2938.071121 2934.143589 2942.906002 2963.580219 2984.998571 3016.241522 3051.518203 3018.292326 3013.462826 3030.868602 3072.301689 3096.334265 3098.729852 3080.387511 3095.526030 3118.887065 3135.023558 3131.580359 3125.811964 3151.183914 3166.004479 3160.898661 3139.878643 3137.555219 3144.374967 3173.249644 3123.094424 3058.221211 3018.988091 3033.878589 3012.475438 2985.936331 2989.107769 2989.059217 2996.066254 2984.409881 2961.650934 2928.376232 2916.608845 2899.437440 2919.569112 2942.397774 2981.761980 3021.697090 3051.645271 3051.442525 3034.392054 -9999.0 -9999.0 -9999.0 -9999.0 -9999.0 -9999.0 -9999.0 -9999.0 -9999.0 -9999.0
-9999.0 -9999.0 -9999.0 -9999.0 -9999.0 -9999.0 2718.303048 2730.199490 2752.931062 2757.617929 2786.222602 2793.623906 2791.893314 2809.415298 2831.317013 2844.903963 2870.871408 2901.369204 2937.680070 2976.020852 2990.469952 2994.147113 2984.240184 3003.975688 3031.593758 3051.221143 3073.457732 3110.302345 3177.136311 3213.011157 3206.906258 3207.810729 3215.945695 3265.688350 3329.274218 3340.578134 3320.057281 3306.781294 3329.654366 3366.454543 3365.192028 3364.043038 3375.547202 3386.026800 3412.709631 3402.372819 3367.502060 3361.336442 3367.094540 3345.701676 3278.600273 3221.459802 3201.779844 3160.692029 3078.884305 3035.543646 3057.383193 3084.233511 3062.304099 3013.683680 2994.827434 2988.396395 2976.298703 2968.044905 2979.237018 2992.958319 3017.113816 3031.093248 3019.520049 2999.168248 2981.150212 2952.649809 2954.872491 2979.671716 -9999.0 -9999.0 -9999.0 -9999.0 -9999.0 -9999.0
-9999.0 -9999.0 -9999.0 -9999.0 2665.798821 2680.266742 2667.992282 2696.539322 2731.500578 2768.086786 2798.512225 2808.062235 2831.560530 2859.017454 2892.932892 2916.905967 2950.580703 2981.001983 3012.438433 3073.312288 3117.406374 3131.640807 3139.904995 3185.934151 3241.760100 3288.788448 3307.183474 3332.520278 3375.950014 3431.886600 3454.216907 3457.253430 3474.096642 3516.054470 3570.840249 3605.390705 3587.982586 3579.210019 3588.650262 3602.385413 3624.510752 3624.600075 3625.684316 3629.511481 3636.744667 3635.266102 3609.342992 3576.233709 3563.537596 3553.749300 3517.257647 3446.219222 3415.487394 3387.456530 3348.018836 3294.978595 3246.123115 3245.811893 3192.206485 3142.769411 3092.409643 3083.319401 3062.438143 3046.041903 3027.998082 3039.359031 3050.713395 3035.514561 3005.898169 2981.614769 2967.996748 2949.798392 2938.167402 2968.827531 2984.418057 3014.059373 -9999.0 -9999.0 -9999.0 -9999.0
-9999.0 -9999.0 2603.296989 2650.435976 2709.576262 2718.587182 2716.143111 2723.065572 2753.760281 2807.398599 2845.536730 2883.552775 2914.529986 2945.431114 2981.378091 3044.033942 3104.179104 3146.174124 3198.325486 3266.427811 3324.941984 3351.781381 3360.851769 3394.847471 3448.565294 3516.003462 3543.416260 3569.380394 3600.265528 3635.777721 3630.276082 3641.364145 3653.212092 3664.593119 3678.282149 3684.724705 3680.093095 3675.543512 3657.124210 3652.173021 3658.702946 3666.271514 3665.610328 3651.119073 3647.160363 3661.966523 3667.886573 3666.013815 3663.564908 3668.748145 3665.366433 3618.467675 3598.300770 3583.490560 3572.642707 3527.158938 3461.377835 3428.549175 3407.916743 3368.857299 3296.153090 3257.904528 3218.379336 3183.435834 3149.289941 3134.762044 3101.424342 3068.882100 3029.845630 2989.083191 2974.906809 2959.564814 2958.454831 2958.385890 2975.546631 2989.115499 3004.985162 3013.046099 -9999.0 -9999.0
-9999.0 2493.632459 2565.458924 2689.405005 2769.728976 2796.706739 2808.914168 2815.150128 2841.243557 2873.357606 2961.717079 3001.300404 3083.341312 3119.328261 3159.871556 3244.558592 3336.900978 3378.335904 3415.934053 3477.574068 3541.667133 3587.862068 3613.790460 3597.007721 3635.225048 3662.125976 3669.316467 3675.649964 3674.972458 3666.528950 3659.755353 3666.529390 3663.702691 3644.794811 3628.978459 3627.326341 3623.985029 3600.910261 3573.703314 3558.520284 3560.200831 3584.720694 3571.939336 3550.700396 3546.333008 3567.792718 3588.572699 3578.043404 3565.117390 3581.474728 3615.713254 3639.840927 3642.193722 3660.385843 3681.420867 3652.919198 3630.675212 3587.599430 3571.088613 3545.910743 3489.856420 3435.199903 3387.581697 3340.057808 3287.701556 3238.240582 3190.725619 3146.612115 3092.838854 3059.725701 3035.152564 2991.856453 2982.772027 2984.501170 2981.646885 2979.603172 2984.338638 2990.900163 -9999.0 -9999.0
-9999.0 2399.713916 2539.663930 2719.881943 2853.836405 2896.863842 2964.283649 3012.306444 3026.478019 2990.465445 3073.979854 3283.560885 3399.141694 3415.042784 3488.484192 3580.697502 3567.948236 3598.471362 3620.852044 3643.737181 3662.191637 3675.477485 3673.489683 3668.028225 3651.742335 3643.784563 3642.961340 3640.923146 3623.761775 3605.018900 3588.376282 3585.453848 3568.075522 3519.975115 3487.270453 3470.376356 3452.529989 3438.783679 3411.227831 3385.679258 3370.743060 3381.186071 3378.627328 3365.571418 3361.145534 3378.683445 3409.444695 3406.692142 3417.339794 3436.694071 3472.009882 3509.457238 3528.507782 3557.236334 3592.375859 3639.275705 3648.841714 3671.054279 3674.253052 3662.636514 3616.959164 3566.251748 3537.176872 3482.467626 3423.088301 3362.411254 3313.965332 3269.498818 3214.740726 3180.533770 3143.344746 3089.744965 3045.885430 3036.523509 3002.752234 2988.987865 -9999.0 -9999.0 -9999.0 -9999.0
-9999.0 2300.989193 2481.989687 2724.931038 3000.220677 3074.813467 3271.050879 3383.032395 3421.798827 3487.457339 3381.878626 3576.170898 3625.073199 3619.072469 3631.194969 3633.790790 3647.632252 3647.212361 3642.153834 3631.299346 3621.933473 3617.533321 3616.403473 3608.533254 3596.007749 3581.506252 3569.879687 3558.710303 3522.647966 3491.197161 3453.176791 3441.048701 3398.332085 3308.537791 3269.977719 3232.631914 3173.686576 3175.563391 3181.366610 3162.085333 3143.030866 3116.238417 3144.556716 3154.113599 3157.904819 3154.350562 3164.746585 3187.281339 3233.566423 3267.253534 3305.880026 3353.129713 3382.060844 3420.776934 3460.593875 3512.406712 3542.962154 3571.523412 3619.335674 3656.109964 3678.626234 3665.174508 3645.752542 3602.171088 3542.592775 3493.615548 3465.211805 3415.538264 3372.976139 3329.448227 3283.255540 3230.747852 3171.503202 3115.966942 3081.531943 -9999.0 -9999.0 -9999.0 -9999.0 -9999.0
-9999.0 2084.659433 2349.204574 2619.260026 2888.030979 3217.178377 3377.740236 3473.449637 3535.109890 3513.691493 3532.937577 3540.314934 3576.786474 3583.396059 3562.004378 3548.738424 3531.910299 3530.822183 3543.814805 3516.869772 3487.137434 3474.079598 3474.921296 3464.218234 3440.738876 3425.864249 3416.562579 3398.612788 3356.733237 3307.511212 3225.101879 3192.855791 3120.536071 3080.383093 3043.673725 2997.510879 2969.240357 2973.726652 2982.191056 2987.652881 2967.057547 2949.944828 2978.790392 2984.354786 2997.064924 2981.485465 2988.207825 3022.107780 3068.233441 3108.087668 3151.710352 3194.859332 3235.775269 3274.939608 3296.498957 3336.365157 3376.931372 3417.948919 3487.206848 3564.088908 3598.898023 3632.876720 3662.442276 3684.020909 3641.593835 3614.718658 3591.495128 3568.728204 3523.211191 3478.245733 3437.747998 3374.254604 3315.206075 -9999.0 -9999.0 -9999.0 -9999.0 -9999.0 -9999.0 -9999.0
-9999.0 1970.295002 2167.486950 2364.881045 2621.131288 2836.529735 3043.366082 3134.162645 3200.515981 3264.313449 3314.219030 3350.151717 3375.133993 3396.215698 3373.528656 3329.523599 3297.950113 3302.741383 3294.672137 3273.466451 3245.902778 3233.043107 3231.007612 3226.249482 3205.038897 3194.686911 3188.015685 3174.570263 3148.966483 3096.949984 3025.857708 2970.028488 2916.331562 2895.064494 2871.412559 2843.756745 2816.341562 2829.108412 2841.219076 2841.348135 2834.468368 2834.326723 2863.329558 2882.304868 2891.912829 2881.097622 2899.576270 2923.369511 2961.027872 2987.784518 3031.940228 3081.353046 3129.396835 3149.950410 3153.048040 3165.728797 3188.866748 3231.970559 3307.887153 3392.047970 3467.705219 3512.316207 3562.399847 3601.492457 3628.764125 3655.142202 3676.342411 3668.491371 3643.303183 3610.437282 3552.839433 -9999.0 -9999.0 -9999.0 -9999.0 -9999.0 -9999.0 -9999.0 -9999.0 -9999.0
-9999.0 -9999.0 1940.722393 2096.957246 2200.385656 2365.703691 2510.640468 2620.718965 2724.488626 2829.863923 2949.086579 3024.651215 3069.594086 3084.606719 3070.640425 3041.734292 3024.032210 3023.730653 3012.381075 3005.590540 2990.707514 2985.615386 2992.631599 2985.197313 2980.215590 2978.866141 2976.253836 2968.167419 2950.904185 2908.939542 2870.504714 2826.253374 2811.239728 2787.407700 2767.077701 2748.060853 2750.326588 2744.710370 2749.544736 2752.051342 2761.202977 2775.162678 2794.718293 2795.048133 2804.506708 2814.556933 2825.741590 2847.744513 2877.985595 2918.093507 2969.732451 3013.613978 3048.846849 3055.733243 3038.457132 3034.170715 3043.059698 3072.785712 3136.813625 3200.943453 3289.095832 3353.519128 3418.887451 3474.001710 3500.145477 3536.480572 3605.344608 3653.269845 3694.180012 3671.868466 -9999.0 -9999.0 -9999.0 -9999.0 -9999.0 -9999.0 -9999.0 -9999.0 -9999.0 -9999.0
-9999.0 -9999.0 -9999.0 -9999.0 1957.739354 2106.077251 2203.963601 2284.781004 2419.273108 2550.218469 2658.546342 2747.521544 2817.740301 2805.155250 2805.216088 2820.575345 2819.297553 2810.644731 2799.953103 2803.943944 2807.965091 2802.240279 2827.736216 2820.983952 2823.959065 2830.866092 2828.375640 2814.811534 2795.996647 2779.470727 2764.310878 2732.279694 2699.415638 2671.083624 2658.399597 2654.483513 2654.176539 2646.134363 2654.324883 2662.968668 2678.797097 2693.961187 2717.499611 2746.696991 2761.589081 2776.868594 2786.438879 2806.202358 2815.060684 2866.409364 2928.405331 2984.755507 3009.386514 3009.785292 2993.648622 2973.562228 2963.252751 2982.925354 2996.521722 3048.043068 3137.142696 3193.895722 3239.640179 3278.834790 3315.016812 3377.926073 3470.596937 3550.860768 -9999.0 -9999.0 -9999.0 -9999.0 -9999.0 -9999.0 -9999.0 -9999.0 -9999.0 -9999.0 -9999.0 -9999.0
-9999.0 -9999.0 -9999.0 -9999.0 -9999.0 -9999.0 1932.670530 2038.391645 2108.357608 2260.759497 2405.808920 2514.872476 2599.983328 2636.804520 2671.401960 2702.338956 2703.001556 2683.002829 2661.266018 2682.244377 2700.282166 2693.590279 2661.786205 2662.811783 2669.309450 2676.961473 2674.212449 2667.964619 2643.024695 2658.631389 2662.149399 2639.241216 2613.785604 2600.782001 2589.159170 2598.839405 2598.766897 2584.283980 2583.293177 2610.995620 2631.970164 2644.889769 2666.052785 2699.349939 2732.129620 2748.249335 2749.891697 2755.625137 2793.496371 2842.835224 2913.674268 2968.663246 2991.470633 2996.184205 2976.589803 2933.200908 2908.754341 2909.821943 2936.425469 2978.435510 3020.742532 3057.217785 3069.530000 3071.873477 3084.715648 3176.484023 -9999.0 -9999.0 -9999.0 -9999.0 -9999.0 -9999.0 -9999.0 -9999.0 -9999.0 -9999.0 -9999.0 -9999.0 -9999.0 -9999.0
-9999.0 -9999.0 -9999.0 -9999.0 -9999.0 -9999.0 -9999.0 -9999.0 -9999.0 -9999.0 -9999.0 -9999.0 -9999.0 -9999.0 -9999.0 -9999.0 -9999.0 -9999.0 -9999.0 -9999.0 -9999.0 -9999.0 -9999.0 -9999.0 -9999.0 -9999.0 -9999.0 -9999.0 -9999.0 -9999.0 -9999.0 -9999.0 -9999.0 -9999.0 -9999.0 -9999.0 -9999.0 -9999.0 -9999.0 -9999.0 -9999.0 -9999.0 -9999.0 -9999.0 -9999.0 -9999.0 -9999.0 -9999.0 -9999.0 -9999.0 -9999.0 -9999.0 -9999.0 -9999.0 -9999.0 -9999.0 -9999.0 -9999.0 -9999.0 -9999.0 -9999.0 -9999.0 -9999.0 -9999.0 -9999.0 -9999.0 -9999.0 -9999.0 -9999.0 -9999.0 -9999.0 -9999.0 -9999.0 -9999.0 -9999.0 -9999.0 -9999.0 -9999.0 -9999.0 -9999.0
-9999.0 -9999.0 -9999.0 -9999.0 -9999.0 -9999.0 -9999.0 -9999.0 -9999.0 -9999.0 -9999.0 -9999.0 -9999.0 -9999.0 -9999.0 -9999.0 -9999.0 -9999.0 -9999.0 -9999.0 -9999.0 -9999.0 -9999.0 -9999.0 -9999.0 -9999.0 -9999.0 -9999.0 -9999.0 -9999.0 -9999.0 -9999.0 -9999.0 -9999.0 -9999.0 -9999.0 -9999.0 -9999.0 -9999.0 -9999.0 -9999.0 -9999.0 -9999.0 -9999.0 -9999.0 -9999.0 -9999.0 -9999.0 -9999.0 -9999.0 -9999.0 -9999.0 -9999.0 -9999.0 -9999.0 -9999.0 -9999.0 -9999.0 -9999.0 -9999.0 -9999.0 -9999.0 -9999.0 -9999.0 -9999.0 -9999.0 -9999.0 -9999.0 -9999.0 -9999.0 -9999.0 -9999.0 -9999.0 -9999.0 -9999.0 -9999.0 -9999.0 -9999.0 -9999.0 -9999.0