Borden_/Borden1m_014/output_maps/psiliqL0013N0005.asc
ncols         80
nrows         18
xllcorner     620200.000000
yllcorner     5168000.000000
cellsize      1.000000
NODATA_value  -9999.0
-9999.0 -9999.0 -9999.0 -9999.0 -9999.0 -9999.0 -9999.0 -9999.0 -9999.0 -9999.0 -9999.0 -9999.0 -9999.0 -9999.0 -9999.0 -9999.0 -9999.0 -9999.0 -9999.0 -9999.0 -9999.0 -9999.0 -9999.0 -9999.0 -9999.0 -9999.0 -9999.0 -9999.0 -9999.0 -9999.0 -9999.0 -9999.0 -9999.0 -9999.0 -9999.0 -9999.0 -9999.0 -9999.0 -9999.0 -9999.0 -9999.0 -9999.0 -9999.0 -9999.0 -9999.0 -9999.0 -9999.0 -9999.0 -9999.0 -9999.0 -9999.0 -9999.0 -9999.0 -9999.0 -9999.0 -9999.0 -9999.0 -9999.0 -9999.0 -9999.0 -9999.0 -9999.0 -9999.0 -9999.0 -9999.0 -9999.0 -9999.0 -9999.0 -9999.0 -9999.0 -9999.0 -9999.0 -9999.0 -9999.0 -9999.0 -9999.0 -9999.0 -9999.0 -9999.0 -9999.0
-9999.0 -9999.0 -9999.0 -9999.0 -9999.0 -9999.0 -9999.0 -9999.0 -9999.0 -9999.0 -9999.0 -9999.0 -9999.0 -9999.0 -9999.0 -9999.0 -9999.0 -9999.0 -9999.0 -9999.0 -9999.0 -9999.0 -9999.0 -9999.0 -9999.0 -9999.0 -9999.0 -9999.0 -9999.0 -9999.0 -9999.0 -9999.0 -9999.0 -9999.0 -9999.0 -9999.0 -9999.0 -9999.0 -9999.0 -9999.0 -9999.0 -9999.0 -9999.0 -9999.0 -9999.0 -9999.0 -9999.0 -9999.0 -9999.0 -9999.0 -9999.0 -9999.0 -9999.0 -9999.0 -9999.0 -9999.0 -9999.0 -9999.0 -9999.0 -9999.0 -9999.0 -9999.0 -9999.0 -9999.0 -9999.0 -9999.0 -9999.0 -9999.0 -9999.0 -9999.0 -9999.0 -9999.0 -9999.0 -9999.0 -9999.0 -9999.0 -9999.0 -9999.0 -9999.0 -9999.0
-9999.0 -9999.0 -9999.0 -9999.0 -9999.0 -9999.0 -9999.0 -9999.0 -9999.0 -9999.0 -9999.0 -9999.0 -9999.0 -9999.0 -9999.0 -9999.0 -9999.0 -9999.0 -9999.0 -9999.0 734.324384 737.002701 714.979166 681.496984 653.775917 656.249147 691.230766 732.881871 771.748653 782.179516 764.577362 767.074965 762.446819 761.258399 763.634937 770.248188 774.295466 785.773702 794.809989 795.502040 790.600214 786.429529 787.184907 790.636107 795.939548 784.997560 797.964123 811.853907 816.080308 810.287953 783.005356 767.347019 758.384567 742.772111 766.816807 778.218892 800.491103 804.203429 802.170708 774.790851 744.452453 -9999.0 -9999.0 -9999.0 -9999.0 -9999.0 -9999.0 -9999.0 -9999.0 -9999.0 -9999.0 -9999.0 -9999.0 -9999.0 -9999.0 -9999.0 -9999.0 -9999.0 -9999.0 -9999.0
-9999.0 -9999.0 -9999.0 -9999.0 -9999.0 -9999.0 -9999.0 -9999.0 -9999.0 -9999.0 -9999.0 -9999.0 -9999.0 -9999.0 643.767380 634.199143 631.522627 640.035617 673.674951 703.872209 716.180083 708.984166 709.395177 686.188800 666.012307 680.401551 710.583025 742.812580 777.978949 798.660962 787.397561 785.229955 794.970905 820.287867 833.174908 830.494134 810.796121 834.514507 851.698788 862.842422 864.510423 857.716457 871.705851 887.681510 880.719473 863.054840 866.577856 875.871392 886.189559 871.319080 807.490202 787.999019 783.884192 776.942039 762.439304 755.333687 779.945222 779.667813 770.973062 752.563343 719.525022 674.984641 656.347249 694.721941 738.416514 795.574606 -9999.0 -9999.0 -9999.0 -9999.0 -9999.0 -9999.0 -9999.0 -9999.0 -9999.0 -9999.0 -9999.0 -9999.0 -9999.0 -9999.0
-9999.0 -9999.0 -9999.0 -9999.0 -9999.0 -9999.0 -9999.0 -9999.0 -9999.0 586.273268 590.747570 598.122969 600.445021 616.146364 614.011476 621.200594 628.489578 655.346823 686.399305 721.472233 750.335424 741.551283 742.600858 753.514672 757.935420 770.607743 792.973209 834.700085 876.417871 918.019629 889.795740 887.566402 906.512439 953.777502 987.925821 995.766449 977.588470 986.380025 1015.577779 1046.113704 1051.180724 1051.956079 1077.587521 1091.255443 1092.554326 1072.024860 1055.813847 1048.505110 1067.865122 1014.549125 948.156306 897.523304 901.565752 871.409456 831.777152 809.608579 805.476772 825.412805 809.806313 771.900759 734.902398 723.562946 705.858535 722.477816 744.532713 790.731732 829.185675 857.605893 857.259747 839.768593 -9999.0 -9999.0 -9999.0 -9999.0 -9999.0 -9999.0 -9999.0 -9999.0 -9999.0 -9999.0
-9999.0 -9999.0 -9999.0 -9999.0 -9999.0 -9999.0 507.296403 516.802929 537.120728 542.160117 567.456402 574.940605 595.532826 614.767110 636.058173 652.574185 682.797293 715.724477 756.743384 800.067374 832.531931 828.718795 840.688183 872.720580 912.945098 943.476872 970.283165 1013.814173 1095.405591 1139.277547 1147.411742 1151.730097 1160.984410 1210.176561 1277.138345 1294.840458 1273.479396 1260.198344 1289.809396 1346.983337 1364.251589 1369.902102 1380.583876 1389.212774 1413.343220 1403.174867 1358.993484 1327.420250 1312.786918 1291.332789 1227.523975 1163.671909 1130.350369 1081.008937 994.261902 933.426371 935.276727 951.528420 920.969000 865.341119 822.315366 810.206609 794.158296 780.068667 785.855448 804.931102 827.387039 838.615586 825.743120 804.690117 781.714053 752.827832 754.517676 779.668041 -9999.0 -9999.0 -9999.0 -9999.0 -9999.0 -9999.0
-9999.0 -9999.0 -9999.0 -9999.0 457.279324 470.054361 458.037813 482.849995 515.439027 549.468999 581.496807 618.481398 645.653240 675.548478 715.861821 750.969022 793.793318 830.180136 885.223823 953.981117 1006.880190 1035.259871 1056.508173 1117.112974 1179.050204 1233.378135 1258.322637 1295.486742 1355.926335 1420.213125 1446.230899 1451.144430 1466.015235 1497.284816 1541.012894 1572.352956 1556.541934 1551.672245 1563.311907 1584.310971 1613.026921 1617.022268 1619.666162 1621.500489 1625.140746 1624.484235 1599.864841 1561.379967 1543.015067 1531.230967 1503.200873 1439.740594 1404.211516 1372.685809 1325.840435 1259.574181 1187.559922 1169.258525 1111.193795 1048.997066 980.443812 954.134867 920.452613 893.183571 863.221321 864.360018 867.578816 847.515664 815.861513 783.689250 768.536000 749.636735 738.775114 768.725420 786.335686 816.856839 -9999.0 -9999.0 -9999.0 -9999.0
-9999.0 -9999.0 398.533942 447.327171 503.771768 512.338316 513.193752 519.023444 547.260713 599.131263 675.335660 726.835010 770.010103 802.705539 861.478851 941.832960 1017.545575 1070.316340 1130.874917 1201.426770 1267.771498 1312.016793 1346.519039 1390.194421 1441.975241 1499.773850 1526.015887 1555.278993 1591.827704 1625.631774 1638.236586 1650.797877 1656.491830 1655.984144 1659.096467 1659.898484 1657.096197 1654.714415 1640.679501 1640.769766 1648.867687 1654.615346 1656.293226 1642.199194 1638.941476 1654.443529 1659.345504 1658.097323 1656.601097 1661.921267 1665.098706 1629.302498 1593.163150 1578.024349 1562.436401 1514.345708 1452.924170 1414.480934 1389.494022 1332.211319 1240.832288 1180.352209 1122.098497 1068.410169 1014.394871 982.018406 935.790497 894.548190 848.858170 803.135549 779.506783 761.146983 758.657382 758.832278 775.114973 790.687279 806.219094 814.099471 -9999.0 -9999.0
-9999.0 296.654724 368.889951 494.994742 574.152026 618.283198 652.218318 677.590452 705.583841 729.345964 835.667990 932.530081 1024.032701 1058.550899 1107.184947 1205.328366 1309.764648 1367.649015 1408.271845 1461.538176 1519.156996 1567.798865 1601.732375 1619.582890 1652.629380 1663.105797 1665.811564 1670.110642 1668.315849 1662.216831 1653.613650 1658.889770 1653.327750 1632.190815 1615.623148 1613.291267 1610.449639 1590.874716 1566.665014 1552.535226 1551.860044 1574.491848 1560.852304 1535.471262 1533.088335 1561.779654 1585.439293 1579.646738 1568.431050 1583.082481 1612.469384 1630.811107 1642.678791 1659.451209 1677.819819 1651.375941 1624.838073 1588.681832 1570.231768 1537.012855 1476.956107 1411.861333 1343.514017 1270.234866 1196.964948 1122.507175 1058.822645 999.162959 933.596556 892.777255 861.036841 809.627769 787.823899 789.897917 781.425023 778.992630 785.494543 791.946861 -9999.0 -9999.0
-9999.0 218.411922 360.661451 544.582277 691.237745 749.954810 857.077243 941.627487 970.545395 945.154834 1055.007004 1288.557091 1390.778666 1405.929863 1469.791897 1548.574356 1573.143990 1608.942825 1632.854046 1641.421826 1648.846300 1659.960073 1661.558022 1658.712524 1647.547654 1642.165340 1642.158173 1639.743655 1622.816401 1604.845725 1588.182285 1582.886965 1560.368490 1508.714695 1472.225302 1455.624706 1443.787913 1428.246764 1398.217952 1369.547937 1346.777661 1367.312647 1354.572901 1322.522289 1319.785157 1360.573795 1402.459240 1401.462022 1408.017435 1426.070055 1460.145378 1495.358930 1519.795713 1555.064251 1591.186478 1631.733096 1648.760757 1672.950217 1678.281303 1657.741700 1616.383154 1566.518614 1529.900282 1466.881276 1390.777323 1297.402514 1227.482602 1163.718926 1090.773493 1040.848941 989.943993 928.001145 871.419756 848.580968 810.338001 791.239512 -9999.0 -9999.0 -9999.0 -9999.0
-9999.0 142.795068 331.082615 589.758809 858.710348 972.660777 1181.341527 1323.917716 1383.290131 1448.571699 1439.313666 1578.115660 1616.653083 1611.887829 1604.337765 1602.293190 1614.371861 1618.567421 1617.206139 1611.080462 1606.727994 1606.867345 1608.903936 1605.080503 1596.764916 1584.925026 1572.688301 1557.209963 1513.901703 1478.566755 1443.430511 1426.704109 1380.175201 1266.987716 1213.175413 1175.571931 1121.745954 1117.278438 1110.951299 1081.458177 1059.168263 1040.852298 1058.788278 1056.711046 1059.345548 1070.904815 1093.174232 1116.834616 1159.037277 1192.900157 1235.300682 1288.689789 1332.201819 1392.844274 1444.133551 1499.256172 1535.321120 1572.524542 1619.846509 1657.855618 1680.972146 1671.044740 1644.473904 1604.031393 1539.590301 1475.952893 1431.408911 1359.868318 1282.226518 1218.382333 1159.273036 1088.205768 1014.974403 935.453262 895.555403 -9999.0 -9999.0 -9999.0 -9999.0 -9999.0
-9999.0 -30.251647 236.628278 525.090196 840.848494 1164.740620 1297.778332 1431.062834 1500.002076 1465.813475 1473.152534 1500.400435 1549.068148 1559.281280 1536.207094 1517.548343 1500.501383 1498.572425 1512.057236 1490.003965 1466.445289 1457.786210 1460.655759 1452.548595 1433.632411 1419.342783 1406.072532 1377.478477 1308.976505 1247.814680 1163.707639 1133.946192 1056.716215 991.135438 942.613534 893.004829 843.188052 842.535803 859.323157 843.591163 820.485680 801.771996 826.908539 842.628904 854.784686 846.002812 856.518184 892.137456 939.942833 981.190432 1028.201902 1080.959747 1128.949793 1183.287761 1220.515859 1277.202974 1337.576141 1401.804507 1481.733062 1563.666243 1600.316295 1633.611854 1668.119910 1686.945255 1642.480624 1601.574693 1561.993011 1511.843767 1434.560048 1389.775830 1346.817907 1251.585747 1170.682326 -9999.0 -9999.0 -9999.0 -9999.0 -9999.0 -9999.0 -9999.0
-9999.0 -158.754933 62.989063 296.211875 582.207493 815.356517 999.954038 1105.355379 1181.917219 1213.233270 1250.801450 1295.788749 1345.928283 1373.548585 1343.786444 1283.096121 1243.133233 1243.192805 1239.194515 1215.611031 1187.794514 1174.812467 1174.731547 1169.731974 1147.130814 1133.574348 1122.029100 1095.577692 1053.911037 995.407878 915.253220 845.008746 783.794037 749.326810 718.585150 685.736756 649.587118 660.157822 673.458866 669.372108 657.926481 654.238030 683.115213 701.579584 711.764766 700.155944 719.361279 745.883550 786.585728 827.512253 873.997551 926.675582 978.931632 1008.961598 1024.348455 1052.929438 1098.042665 1161.121792 1258.670706 1372.767668 1455.293333 1506.260203 1563.072234 1600.999368 1619.879620 1643.183801 1630.822693 1561.543912 1450.737028 1471.800634 1471.386413 -9999.0 -9999.0 -9999.0 -9999.0 -9999.0 -9999.0 -9999.0 -9999.0 -9999.0
-9999.0 -9999.0 -171.644047 8.935282 152.244407 331.587625 478.819417 584.372332 666.197711 771.583379 872.961160 957.027915 1006.076834 1024.810591 1005.913751 962.717706 935.205017 933.385758 923.406066 912.157891 891.956596 884.881170 875.770606 868.956700 858.935051 853.364558 847.767879 835.244213 811.154668 763.703571 713.816527 662.679296 609.363088 583.923550 561.937488 540.093691 538.091077 535.192395 541.362021 542.683928 548.812240 560.898751 581.067368 602.623715 612.184230 620.307296 632.724249 656.050233 688.457357 729.184550 781.155143 836.520597 874.377954 886.106878 876.348977 881.985257 904.185544 949.555468 1035.108194 1126.103271 1224.918658 1305.458948 1397.483495 1460.046758 1486.528468 1519.305110 1551.728052 1490.215380 1105.894680 1401.341762 -9999.0 -9999.0 -9999.0 -9999.0 -9999.0 -9999.0 -9999.0 -9999.0 -9999.0 -9999.0
-9999.0 -9999.0 -9999.0 -9999.0 -134.661350 20.194927 114.725357 196.243225 320.309962 434.603446 530.874932 611.166251 669.933472 694.990729 686.475662 685.012110 677.402217 671.683404 662.489109 660.001297 657.657842 650.825599 638.616718 631.824869 632.537804 637.102918 634.777191 621.168023 603.944960 579.547894 557.951549 523.604783 487.539958 458.622454 445.717527 439.694879 439.853205 433.719573 442.856872 449.746219 464.726051 479.942358 503.689466 532.250593 545.376008 559.755042 569.283054 589.574849 619.195571 671.420075 733.281411 789.129356 822.882493 825.866250 799.740143 783.418582 779.537279 807.291475 853.065254 921.593773 1023.039212 1098.707956 1166.680994 1222.624666 1271.603943 1350.614687 1443.299251 1488.273690 -9999.0 -9999.0 -9999.0 -9999.0 -9999.0 -9999.0 -9999.0 -9999.0 -9999.0 -9999.0 -9999.0 -9999.0
-9999.0 -9999.0 -9999.0 -9999.0 -9999.0 -9999.0 -183.604930 -85.599109 -3.053160 126.965996 248.606770 344.906055 421.835974 449.959491 471.505285 495.321650 491.692505 473.825495 456.080545 474.025352 486.297346 481.377058 453.133543 452.695248 457.260300 466.232397 464.664903 458.534296 433.806480 443.964785 444.004125 421.256739 395.601969 381.809198 370.362748 380.353795 381.050137 368.115387 369.634619 396.080128 416.019797 429.222231 451.238011 484.259127 516.261199 530.852366 531.796412 537.612850 577.767229 647.165719 717.180506 770.638998 801.222806 807.858136 779.019052 737.542166 715.603708 721.431982 754.954702 806.684435 881.329069 930.515432 961.313515 982.743334 1011.971137 1113.048670 -9999.0 -9999.0 -9999.0 -9999.0 -9999.0 -9999.0 -9999.0 -9999.0 -9999.0 -9999.0 -9999.0 -9999.0 -9999.0 -9999.0
-9999.0 -9999.0 -9999.0 -9999.0 -9999.0 -9999.0 -9999.0 -9999.0 -9999.0 -9999.0 -9999.0 -9999.0 -9999.0 -9999.0 -9999.0 -9999.0 -9999.0 -9999.0 -9999.0 -9999.0 -9999.0 -9999.0 -9999.0 -9999.0 -9999.0 -9999.0 -9999.0 -9999.0 -9999.0 -9999.0 -9999.0 -9999.0 -9999.0 -9999.0 -9999.0 -9999.0 -9999.0 -9999.0 -9999.0 -9999.0 -9999.0 -9999.0 -9999.0 -9999.0 -9999.0 -9999.0 -9999.0 -9999.0 -9999.0 -9999.0 -9999.0 -9999.0 -9999.0 -9999.0 -9999.0 -9999.0 -9999.0 -9999.0 -9999.0 -9999.0 -9999.0 -9999.0 -9999.0 -9999.0 -9999.0 -9999.0 -9999.0 -9999.0 -9999.0 -9999.0 -9999.0 -9999.0 -9999.0 -9999.0 -9999.0 -9999.0 -9999.0 -9999.0 -9999.0 -9999.0
-9999.0 -9999.0 -9999.0 -9999.0 -9999.0 -9999.0 -9999.0 -9999.0 -9999.0 -9999.0 -9999.0 -9999.0 -9999.0 -9999.0 -9999.0 -9999.0 -9999.0 -9999.0 -9999.0 -9999.0 -9999.0 -9999.0 -9999.0 -9999.0 -9999.0 -9999.0 -9999.0 -9999.0 -9999.0 -9999.0 -9999.0 -9999.0 -9999.0 -9999.0 -9999.0 -9999.0 -9999.0 -9999.0 -9999.0 -9999.0 -9999.0 -9999.0 -9999.0 -9999.0 -9999.0 -9999.0 -9999.0 -9999.0 -9999.0 -9999.0 -9999.0 -9999.0 -9999.0 -9999.0 -9999.0 -9999.0 -9999.0 -9999.0 -9999.0 -9999.0 -9999.0 -9999.0 -9999.0 -9999.0 -9999.0 -9999.0 -9999.0 -9999.0 -9999.0 -9999.0 -9999.0 -9999.0 -9999.0 -9999.0 -9999.0 -9999.0 -9999.0 -9999.0 -9999.0 -9999.0