Borden_/Borden1m_014/output_maps/psiliqL0010N0011.asc
ncols         80
nrows         18
xllcorner     620200.000000
yllcorner     5168000.000000
cellsize      1.000000
NODATA_value  -9999.0
-9999.0 -9999.0 -9999.0 -9999.0 -9999.0 -9999.0 -9999.0 -9999.0 -9999.0 -9999.0 -9999.0 -9999.0 -9999.0 -9999.0 -9999.0 -9999.0 -9999.0 -9999.0 -9999.0 -9999.0 -9999.0 -9999.0 -9999.0 -9999.0 -9999.0 -9999.0 -9999.0 -9999.0 -9999.0 -9999.0 -9999.0 -9999.0 -9999.0 -9999.0 -9999.0 -9999.0 -9999.0 -9999.0 -9999.0 -9999.0 -9999.0 -9999.0 -9999.0 -9999.0 -9999.0 -9999.0 -9999.0 -9999.0 -9999.0 -9999.0 -9999.0 -9999.0 -9999.0 -9999.0 -9999.0 -9999.0 -9999.0 -9999.0 -9999.0 -9999.0 -9999.0 -9999.0 -9999.0 -9999.0 -9999.0 -9999.0 -9999.0 -9999.0 -9999.0 -9999.0 -9999.0 -9999.0 -9999.0 -9999.0 -9999.0 -9999.0 -9999.0 -9999.0 -9999.0 -9999.0
-9999.0 -9999.0 -9999.0 -9999.0 -9999.0 -9999.0 -9999.0 -9999.0 -9999.0 -9999.0 -9999.0 -9999.0 -9999.0 -9999.0 -9999.0 -9999.0 -9999.0 -9999.0 -9999.0 -9999.0 -9999.0 -9999.0 -9999.0 -9999.0 -9999.0 -9999.0 -9999.0 -9999.0 -9999.0 -9999.0 -9999.0 -9999.0 -9999.0 -9999.0 -9999.0 -9999.0 -9999.0 -9999.0 -9999.0 -9999.0 -9999.0 -9999.0 -9999.0 -9999.0 -9999.0 -9999.0 -9999.0 -9999.0 -9999.0 -9999.0 -9999.0 -9999.0 -9999.0 -9999.0 -9999.0 -9999.0 -9999.0 -9999.0 -9999.0 -9999.0 -9999.0 -9999.0 -9999.0 -9999.0 -9999.0 -9999.0 -9999.0 -9999.0 -9999.0 -9999.0 -9999.0 -9999.0 -9999.0 -9999.0 -9999.0 -9999.0 -9999.0 -9999.0 -9999.0 -9999.0
-9999.0 -9999.0 -9999.0 -9999.0 -9999.0 -9999.0 -9999.0 -9999.0 -9999.0 -9999.0 -9999.0 -9999.0 -9999.0 -9999.0 -9999.0 -9999.0 -9999.0 -9999.0 -9999.0 -9999.0 134.034625 136.990651 114.560251 80.738655 52.671362 55.041981 90.404698 132.019763 170.317446 180.775287 163.032675 165.307922 161.274278 162.068927 166.373157 173.883832 178.012504 190.031427 198.752593 198.435622 192.123597 186.409220 185.524839 188.775353 193.830800 184.334771 198.095017 213.377816 219.026874 213.064313 184.545554 167.382325 157.884852 142.304421 166.227318 177.969585 200.304277 204.048733 202.248496 174.892811 144.576030 -9999.0 -9999.0 -9999.0 -9999.0 -9999.0 -9999.0 -9999.0 -9999.0 -9999.0 -9999.0 -9999.0 -9999.0 -9999.0 -9999.0 -9999.0 -9999.0 -9999.0 -9999.0 -9999.0
-9999.0 -9999.0 -9999.0 -9999.0 -9999.0 -9999.0 -9999.0 -9999.0 -9999.0 -9999.0 -9999.0 -9999.0 -9999.0 -9999.0 42.727803 32.800338 29.955584 38.612505 72.627888 103.058149 115.791834 108.466231 108.673393 85.353965 65.492962 80.391194 110.737038 142.795954 177.276007 197.688203 185.645412 183.791353 195.664441 225.379253 242.757507 242.295961 223.064559 246.810911 263.176171 272.136888 270.866686 261.915311 275.678253 291.609533 284.720458 267.481335 272.080408 284.218348 297.600218 281.557482 214.278664 190.324672 184.811200 177.109312 162.790717 155.417688 179.423845 179.353517 170.587382 152.234027 119.437258 74.935536 56.593567 95.054164 139.275902 196.966322 -9999.0 -9999.0 -9999.0 -9999.0 -9999.0 -9999.0 -9999.0 -9999.0 -9999.0 -9999.0 -9999.0 -9999.0 -9999.0 -9999.0
-9999.0 -9999.0 -9999.0 -9999.0 -9999.0 -9999.0 -9999.0 -9999.0 -9999.0 -14.332051 -10.435228 -3.295513 -1.362932 14.261626 12.381740 19.473484 27.287750 53.939653 85.514962 121.389243 151.049009 141.947428 142.841529 155.214238 162.805339 178.441530 201.854708 243.314503 284.682288 325.779386 297.437767 296.668572 320.480432 380.402546 429.281167 443.674621 428.486517 435.623419 460.949140 483.341432 481.117044 478.093055 501.542655 514.217619 517.721762 499.683779 486.636904 487.262477 512.449259 458.375300 384.455844 316.595756 312.430646 279.108235 237.356166 213.343800 207.252318 226.771561 210.484074 172.313380 135.004043 124.149575 106.643977 122.831186 145.105508 191.699140 230.157724 258.606106 258.540072 241.104316 -9999.0 -9999.0 -9999.0 -9999.0 -9999.0 -9999.0 -9999.0 -9999.0 -9999.0 -9999.0
-9999.0 -9999.0 -9999.0 -9999.0 -9999.0 -9999.0 -93.012518 -84.006130 -64.113941 -58.820551 -34.194486 -26.716978 -6.199706 13.174087 34.231822 51.499873 82.754464 116.193296 158.860246 205.028399 240.331624 237.639195 249.144632 284.703589 334.129702 380.070645 412.733092 453.755395 528.373696 568.576324 579.021034 586.907348 608.885006 698.042789 803.353195 831.627079 819.513121 808.498469 823.847061 850.964564 852.626909 850.830348 856.405328 862.313411 884.842401 880.225251 851.197452 842.345178 840.316107 824.658544 748.489574 622.295097 565.384022 512.850238 429.499735 365.138604 353.066468 362.626807 329.164134 273.386395 228.814906 214.926146 198.036433 182.780424 187.380069 206.012744 228.596653 239.630338 226.847124 205.983198 182.883404 153.933505 155.487092 180.742948 -9999.0 -9999.0 -9999.0 -9999.0 -9999.0 -9999.0
-9999.0 -9999.0 -9999.0 -9999.0 -142.783956 -130.313024 -142.205395 -118.221310 -85.996870 -52.445838 -20.063576 17.396259 44.770171 75.100735 117.572200 156.781215 202.096453 239.288485 298.265446 376.610608 442.140134 473.674391 490.767260 555.236654 641.453383 755.998832 796.974475 821.216206 849.654169 893.574501 912.329795 917.163595 935.964498 976.055745 1026.845569 1060.028207 1049.573307 1046.453859 1050.308714 1056.270320 1073.955878 1072.536849 1072.720831 1073.188890 1075.746122 1077.850783 1063.010656 1039.373906 1030.784218 1022.952466 994.699351 920.907358 882.714688 860.171207 834.515485 772.227404 647.242559 605.865979 542.826736 484.307655 412.374206 373.589556 334.504323 304.250838 270.142021 268.592394 270.036263 249.168165 217.586407 185.177255 169.825024 150.785678 140.119674 169.852075 187.403499 218.149711 -9999.0 -9999.0 -9999.0 -9999.0
-9999.0 -9999.0 -201.040953 -151.491157 -95.320824 -86.628193 -84.796391 -79.438353 -51.887294 -0.425257 78.347102 132.709183 178.210802 211.312452 275.169919 369.330828 451.558902 503.844677 571.041368 670.608124 781.382448 826.838532 841.741603 872.965917 923.644059 990.238579 1017.620072 1037.198715 1055.823844 1075.969053 1089.470630 1102.754252 1110.014094 1111.632746 1116.249147 1117.732474 1117.414730 1116.344692 1101.481006 1098.972370 1104.601213 1106.980446 1109.470375 1097.467094 1093.701132 1106.438048 1110.690999 1113.207900 1115.687744 1122.692744 1126.998492 1091.633164 1052.949394 1043.546728 1038.233401 997.304806 930.327046 890.784512 875.229002 840.443677 753.316855 640.309800 566.243168 505.027539 436.748864 395.700585 344.074084 300.067803 253.186378 206.807510 182.391126 163.235718 160.321693 160.345870 176.215296 191.673570 207.025144 214.814400 -9999.0 -9999.0
-9999.0 -301.085525 -228.501661 -101.136730 -21.515664 24.341383 64.031736 92.633260 119.090463 138.950278 249.986035 361.996764 455.273260 490.391375 553.089120 701.261169 813.206595 856.031952 888.428740 940.984784 1001.980216 1042.918436 1063.762791 1082.240571 1111.562674 1119.543181 1121.600964 1122.715171 1115.451547 1105.637825 1094.543254 1100.747060 1098.757210 1082.608126 1068.073322 1066.007688 1064.284292 1048.797489 1030.070004 1021.440498 1025.240010 1044.282318 1035.261865 1019.012171 1015.827994 1032.046097 1046.010214 1038.989591 1029.264761 1043.509692 1071.329969 1088.108644 1101.793515 1116.539467 1135.090685 1109.846072 1079.818289 1047.823823 1036.501735 1016.753041 968.778051 905.007582 853.315612 782.485532 661.012211 564.083456 485.031676 416.808714 348.088951 305.365212 270.599639 216.451309 192.014138 192.532926 182.889256 180.003141 186.300529 192.656875 -9999.0 -9999.0
-9999.0 -375.219544 -231.887332 -45.767391 103.422327 170.292474 296.336216 383.928758 411.079062 389.005138 506.146073 773.935174 868.811912 880.288702 940.295213 1022.165458 1053.999491 1082.019824 1099.996843 1101.840235 1104.509827 1110.381402 1106.507896 1099.781483 1087.709437 1083.497905 1085.774714 1086.585350 1074.585825 1058.590148 1040.658680 1036.923283 1022.637553 984.194193 943.559804 922.442914 910.305230 897.085407 873.379469 855.169851 845.485560 862.295267 855.360492 841.141869 837.390343 854.865949 881.076886 874.898214 880.434040 901.458368 943.079986 985.178035 1005.437962 1028.117104 1055.566170 1089.894105 1105.041066 1125.920048 1131.217401 1111.442314 1076.489641 1035.868216 1012.618188 962.626040 890.574295 807.686637 704.696076 614.807603 536.722252 480.473460 415.850560 347.343132 283.837296 254.396381 213.792217 192.701365 -9999.0 -9999.0 -9999.0 -9999.0
-9999.0 -444.515270 -253.771996 11.357730 280.991029 428.576345 695.491624 827.025903 876.068976 931.502457 940.795295 1060.165590 1086.861829 1077.779695 1065.646542 1068.133650 1081.132195 1083.464636 1077.879635 1067.432786 1059.349129 1056.205855 1055.256981 1050.380262 1042.998615 1034.306835 1027.814223 1022.483294 995.063304 963.143655 916.526688 897.841932 863.782980 767.066783 675.991829 616.254772 552.863852 545.562184 538.110908 511.216765 493.608574 477.366877 496.795024 498.350748 499.123519 504.315561 522.478086 542.947252 588.309038 635.965594 713.856170 806.501503 847.940995 887.412190 931.653982 988.674983 1016.916139 1041.081705 1078.361358 1110.421443 1131.236890 1123.290034 1098.990600 1067.906999 1015.277187 965.393018 922.912842 862.323915 808.519364 740.568793 629.539577 538.968095 446.960196 346.409518 301.866582 -9999.0 -9999.0 -9999.0 -9999.0 -9999.0
-9999.0 -605.508089 -338.045756 -41.597921 297.080075 674.137730 811.401694 939.463029 1012.419727 976.648567 975.967600 994.622025 1026.745908 1031.012924 1015.374263 1012.195451 1004.783343 1002.527750 1007.724833 972.208873 936.930208 922.001651 921.342412 912.248517 894.781771 883.505864 876.804313 864.126836 822.366211 755.813028 612.498321 567.672891 488.934513 421.201676 363.541235 308.171576 254.411092 252.549386 269.104533 253.731285 232.033865 213.727317 239.568742 255.651083 266.745556 256.298683 264.937181 299.968760 349.545991 395.438405 453.060142 518.667887 570.895497 630.595423 690.980067 791.787792 849.539963 894.738767 969.243850 1034.258953 1060.091855 1087.881810 1120.755343 1139.054729 1098.088841 1062.099353 1030.008128 993.711676 937.309607 902.192983 858.935215 778.648841 651.332153 -9999.0 -9999.0 -9999.0 -9999.0 -9999.0 -9999.0 -9999.0
-9999.0 -737.448932 -509.388722 -265.680247 33.670114 280.862025 468.438873 605.348608 734.674937 770.622250 798.662154 824.387291 847.889926 866.067831 848.616083 819.513000 796.534219 796.343578 778.605865 710.889897 643.144290 613.966531 609.047446 600.076879 572.662349 557.392919 547.394235 525.536653 489.384103 427.899413 332.670370 258.159152 194.666094 158.242229 125.538832 90.809194 52.104030 62.725125 77.259764 73.163199 61.347936 57.326138 87.063948 105.698767 115.694666 102.603930 121.022390 147.804006 189.525468 231.859136 281.108870 337.206122 391.421448 424.371604 447.508245 489.362284 539.865130 614.436440 761.222792 865.687770 938.343618 987.997540 1032.482640 1061.895066 1077.383558 1099.944737 1087.527032 1026.104953 933.707167 959.258738 964.326768 -9999.0 -9999.0 -9999.0 -9999.0 -9999.0 -9999.0 -9999.0 -9999.0 -9999.0
-9999.0 -9999.0 -745.325086 -558.670651 -404.756735 -219.369075 -67.818190 42.668799 129.789477 232.894607 331.915947 409.967062 450.409195 466.411833 450.459657 413.231697 387.713427 385.157670 369.790959 345.549810 313.507525 300.689410 289.788649 281.624532 269.099791 262.488974 257.524789 246.538039 223.625921 175.108545 120.448323 66.720240 11.675532 -13.967975 -36.373901 -59.092249 -62.237823 -64.243906 -57.392798 -55.960871 -50.217466 -38.255187 -17.553672 3.869347 13.228750 20.401205 32.729444 56.192961 89.218803 130.455082 183.186738 239.272923 277.721358 290.339573 282.640298 291.500637 316.644260 367.204836 467.157628 566.973631 692.284221 808.152624 888.053825 944.590771 975.381438 998.957544 1020.782913 962.752871 639.459237 885.530324 -9999.0 -9999.0 -9999.0 -9999.0 -9999.0 -9999.0 -9999.0 -9999.0 -9999.0 -9999.0
-9999.0 -9999.0 -9999.0 -9999.0 -701.946690 -546.343937 -453.199267 -371.587546 -247.635028 -135.232563 -39.619126 38.496119 93.318587 117.439760 107.307239 103.453177 95.121823 89.879935 79.373537 72.473397 65.919631 57.238860 45.061032 37.507732 37.228964 41.221974 39.348310 26.366758 10.183056 -16.341475 -40.074353 -75.468481 -112.581377 -141.845562 -154.857489 -161.473513 -161.151285 -166.720125 -157.140040 -150.505663 -135.465005 -119.952325 -95.865552 -67.398831 -54.693818 -40.541241 -30.999605 -10.434494 19.353316 71.943506 134.204046 190.073102 223.654537 226.834713 200.720934 184.959621 182.006781 211.273546 261.087474 334.560559 445.084430 533.239922 610.998028 693.857696 785.891574 853.315205 932.342703 965.175110 -9999.0 -9999.0 -9999.0 -9999.0 -9999.0 -9999.0 -9999.0 -9999.0 -9999.0 -9999.0 -9999.0 -9999.0
-9999.0 -9999.0 -9999.0 -9999.0 -9999.0 -9999.0 -755.916420 -660.836214 -575.921068 -452.947344 -337.046816 -242.536975 -167.202636 -141.179380 -122.276859 -99.188488 -103.736839 -121.566695 -139.169362 -122.650056 -112.714263 -117.983648 -146.025026 -147.215523 -143.290185 -133.817959 -134.907100 -140.822774 -165.526240 -156.673171 -157.643913 -180.614210 -206.516078 -220.641316 -232.045923 -221.931628 -221.014889 -233.527645 -231.234166 -204.966200 -185.119472 -171.664712 -149.208772 -116.024525 -84.012107 -69.719753 -68.886706 -62.899070 -21.869220 47.990571 118.084650 171.281069 201.621636 208.336553 179.335383 137.704965 115.524307 121.762512 156.470914 210.363064 288.802969 342.529573 379.317735 411.857862 455.622560 557.673713 -9999.0 -9999.0 -9999.0 -9999.0 -9999.0 -9999.0 -9999.0 -9999.0 -9999.0 -9999.0 -9999.0 -9999.0 -9999.0 -9999.0
-9999.0 -9999.0 -9999.0 -9999.0 -9999.0 -9999.0 -9999.0 -9999.0 -9999.0 -9999.0 -9999.0 -9999.0 -9999.0 -9999.0 -9999.0 -9999.0 -9999.0 -9999.0 -9999.0 -9999.0 -9999.0 -9999.0 -9999.0 -9999.0 -9999.0 -9999.0 -9999.0 -9999.0 -9999.0 -9999.0 -9999.0 -9999.0 -9999.0 -9999.0 -9999.0 -9999.0 -9999.0 -9999.0 -9999.0 -9999.0 -9999.0 -9999.0 -9999.0 -9999.0 -9999.0 -9999.0 -9999.0 -9999.0 -9999.0 -9999.0 -9999.0 -9999.0 -9999.0 -9999.0 -9999.0 -9999.0 -9999.0 -9999.0 -9999.0 -9999.0 -9999.0 -9999.0 -9999.0 -9999.0 -9999.0 -9999.0 -9999.0 -9999.0 -9999.0 -9999.0 -9999.0 -9999.0 -9999.0 -9999.0 -9999.0 -9999.0 -9999.0 -9999.0 -9999.0 -9999.0
-9999.0 -9999.0 -9999.0 -9999.0 -9999.0 -9999.0 -9999.0 -9999.0 -9999.0 -9999.0 -9999.0 -9999.0 -9999.0 -9999.0 -9999.0 -9999.0 -9999.0 -9999.0 -9999.0 -9999.0 -9999.0 -9999.0 -9999.0 -9999.0 -9999.0 -9999.0 -9999.0 -9999.0 -9999.0 -9999.0 -9999.0 -9999.0 -9999.0 -9999.0 -9999.0 -9999.0 -9999.0 -9999.0 -9999.0 -9999.0 -9999.0 -9999.0 -9999.0 -9999.0 -9999.0 -9999.0 -9999.0 -9999.0 -9999.0 -9999.0 -9999.0 -9999.0 -9999.0 -9999.0 -9999.0 -9999.0 -9999.0 -9999.0 -9999.0 -9999.0 -9999.0 -9999.0 -9999.0 -9999.0 -9999.0 -9999.0 -9999.0 -9999.0 -9999.0 -9999.0 -9999.0 -9999.0 -9999.0 -9999.0 -9999.0 -9999.0 -9999.0 -9999.0 -9999.0 -9999.0