Borden_/Borden1m_014/output_maps/psiliqL0001N0012.asc
ncols         80
nrows         18
xllcorner     620200.000000
yllcorner     5168000.000000
cellsize      1.000000
NODATA_value  -9999.0
-9999.0 -9999.0 -9999.0 -9999.0 -9999.0 -9999.0 -9999.0 -9999.0 -9999.0 -9999.0 -9999.0 -9999.0 -9999.0 -9999.0 -9999.0 -9999.0 -9999.0 -9999.0 -9999.0 -9999.0 -9999.0 -9999.0 -9999.0 -9999.0 -9999.0 -9999.0 -9999.0 -9999.0 -9999.0 -9999.0 -9999.0 -9999.0 -9999.0 -9999.0 -9999.0 -9999.0 -9999.0 -9999.0 -9999.0 -9999.0 -9999.0 -9999.0 -9999.0 -9999.0 -9999.0 -9999.0 -9999.0 -9999.0 -9999.0 -9999.0 -9999.0 -9999.0 -9999.0 -9999.0 -9999.0 -9999.0 -9999.0 -9999.0 -9999.0 -9999.0 -9999.0 -9999.0 -9999.0 -9999.0 -9999.0 -9999.0 -9999.0 -9999.0 -9999.0 -9999.0 -9999.0 -9999.0 -9999.0 -9999.0 -9999.0 -9999.0 -9999.0 -9999.0 -9999.0 -9999.0
-9999.0 -9999.0 -9999.0 -9999.0 -9999.0 -9999.0 -9999.0 -9999.0 -9999.0 -9999.0 -9999.0 -9999.0 -9999.0 -9999.0 -9999.0 -9999.0 -9999.0 -9999.0 -9999.0 -9999.0 -9999.0 -9999.0 -9999.0 -9999.0 -9999.0 -9999.0 -9999.0 -9999.0 -9999.0 -9999.0 -9999.0 -9999.0 -9999.0 -9999.0 -9999.0 -9999.0 -9999.0 -9999.0 -9999.0 -9999.0 -9999.0 -9999.0 -9999.0 -9999.0 -9999.0 -9999.0 -9999.0 -9999.0 -9999.0 -9999.0 -9999.0 -9999.0 -9999.0 -9999.0 -9999.0 -9999.0 -9999.0 -9999.0 -9999.0 -9999.0 -9999.0 -9999.0 -9999.0 -9999.0 -9999.0 -9999.0 -9999.0 -9999.0 -9999.0 -9999.0 -9999.0 -9999.0 -9999.0 -9999.0 -9999.0 -9999.0 -9999.0 -9999.0 -9999.0 -9999.0
-9999.0 -9999.0 -9999.0 -9999.0 -9999.0 -9999.0 -9999.0 -9999.0 -9999.0 -9999.0 -9999.0 -9999.0 -9999.0 -9999.0 -9999.0 -9999.0 -9999.0 -9999.0 -9999.0 -9999.0 -483.136529 -481.868765 -483.840671 -485.931544 -487.874063 -488.284640 -486.232841 -484.177125 -481.744431 -481.530603 -484.024146 -483.154993 -484.246772 -485.082633 -485.345458 -484.651952 -484.250649 -483.552190 -483.210580 -483.642560 -484.337965 -484.722617 -485.289315 -485.308435 -484.366149 -485.592640 -483.969922 -482.618519 -482.305633 -481.927989 -483.330701 -483.703224 -483.775609 -485.852751 -482.162795 -481.512944 -479.359814 -479.365865 -478.622099 -481.004623 -483.376960 -9999.0 -9999.0 -9999.0 -9999.0 -9999.0 -9999.0 -9999.0 -9999.0 -9999.0 -9999.0 -9999.0 -9999.0 -9999.0 -9999.0 -9999.0 -9999.0 -9999.0 -9999.0 -9999.0
-9999.0 -9999.0 -9999.0 -9999.0 -9999.0 -9999.0 -9999.0 -9999.0 -9999.0 -9999.0 -9999.0 -9999.0 -9999.0 -9999.0 -485.258638 -486.588997 -487.257204 -487.990877 -486.139256 -484.960251 -485.445326 -486.826467 -485.376867 -487.770713 -490.004586 -488.710595 -487.294333 -486.640664 -485.008155 -483.628462 -485.241204 -485.651734 -485.004771 -482.249489 -481.307010 -482.089348 -486.068486 -482.417513 -481.126417 -480.310109 -480.431690 -482.252610 -480.099148 -477.550328 -479.071089 -481.790747 -481.023411 -479.632471 -477.163767 -477.596120 -486.011328 -485.898388 -485.046981 -484.375728 -485.528443 -486.524247 -482.889076 -483.762408 -484.111802 -483.983047 -485.324227 -488.262398 -489.763371 -486.289273 -484.010736 -478.555661 -9999.0 -9999.0 -9999.0 -9999.0 -9999.0 -9999.0 -9999.0 -9999.0 -9999.0 -9999.0 -9999.0 -9999.0 -9999.0 -9999.0
-9999.0 -9999.0 -9999.0 -9999.0 -9999.0 -9999.0 -9999.0 -9999.0 -9999.0 -486.499291 -487.015009 -486.721006 -487.835360 -486.788443 -489.164469 -488.777969 -489.451049 -488.190458 -487.636367 -486.251803 -483.837382 -486.111068 -486.474776 -485.148716 -485.430224 -485.421556 -484.979045 -481.610933 -478.384603 -471.741212 -478.581377 -478.912857 -476.573841 -463.974290 -451.771478 -449.139589 -454.115062 -454.346483 -448.036043 -440.935294 -441.877575 -442.763261 -435.372475 -431.683742 -428.867179 -434.970694 -440.646499 -441.796996 -431.997456 -447.689652 -463.124593 -478.016629 -475.081112 -478.940047 -483.099319 -484.245968 -485.220753 -481.093669 -482.170405 -484.994725 -487.286908 -485.543982 -487.242080 -485.609048 -485.165306 -481.225880 -478.031634 -474.671441 -474.516472 -476.802022 -9999.0 -9999.0 -9999.0 -9999.0 -9999.0 -9999.0 -9999.0 -9999.0 -9999.0 -9999.0
-9999.0 -9999.0 -9999.0 -9999.0 -9999.0 -9999.0 -487.891895 -488.215268 -487.623158 -490.667343 -489.064299 -490.668631 -489.623969 -489.454069 -488.996074 -489.502037 -488.044102 -487.101733 -485.318500 -482.960205 -480.491734 -482.844115 -482.396517 -478.863945 -472.344396 -461.818448 -456.531375 -448.837240 -425.165966 -407.543767 -398.635581 -394.961206 -382.609689 -72.073247 2.680656 2.926990 2.744662 2.593964 2.734922 3.018284 3.015072 2.974336 3.018856 3.050348 3.335338 3.291295 2.970222 2.910463 2.901930 2.777248 -54.692070 -379.903674 -414.042068 -431.129848 -452.740060 -466.312232 -472.004667 -468.172057 -472.707586 -479.316397 -482.912696 -482.095630 -482.487484 -484.240431 -483.298048 -481.940515 -479.580217 -477.920380 -479.012555 -480.235338 -480.666384 -483.443013 -482.837572 -480.070157 -9999.0 -9999.0 -9999.0 -9999.0 -9999.0 -9999.0
-9999.0 -9999.0 -9999.0 -9999.0 -491.690647 -490.510571 -494.352250 -492.406280 -491.136809 -490.383143 -491.077782 -489.654685 -489.799324 -489.082909 -487.154293 -486.376373 -483.927713 -482.653700 -477.176797 -465.512209 -448.814314 -441.025012 -438.488387 -416.012323 -358.375976 -41.361886 2.516772 2.742577 2.945327 3.402857 3.597180 3.619133 3.833694 4.588092 5.067887 5.701455 5.223550 5.165503 5.211037 5.232540 5.843436 5.737034 5.882781 5.727743 7.087377 9.057426 5.382284 5.060603 5.014094 4.984023 4.718263 3.609579 3.239354 3.073249 2.893985 -26.888890 -355.545233 -394.413471 -423.622837 -439.966011 -459.170715 -467.845774 -472.702669 -475.108040 -479.445662 -478.092606 -476.300202 -478.340656 -480.785936 -483.142856 -482.749438 -483.696825 -485.485002 -481.569950 -480.827871 -477.082298 -9999.0 -9999.0 -9999.0 -9999.0
-9999.0 -9999.0 -491.309280 -491.762291 -488.874820 -491.272697 -492.697183 -494.692801 -494.390616 -491.985506 -487.763198 -487.266595 -485.302429 -484.805646 -479.193927 -462.318212 -443.014041 -430.758255 -406.789464 -281.176931 -16.693454 2.804560 2.893133 3.164239 3.701195 4.671360 4.933943 5.098839 5.276060 8.684675 33.988445 47.620752 54.946264 47.562433 47.797322 44.719814 44.312478 39.709380 23.788527 21.413831 28.557507 30.403963 34.050500 21.849271 18.217551 30.374813 32.838600 33.244186 35.653832 43.711845 54.462923 26.186017 5.150571 5.113648 5.178433 4.699147 3.731268 3.318060 3.241627 2.911990 -54.491288 -373.877224 -416.493417 -436.810118 -456.975751 -462.758325 -470.819414 -475.163660 -479.121979 -483.283522 -484.034017 -484.284179 -483.106302 -484.044258 -482.069558 -480.942361 -478.723019 -478.102092 -9999.0 -9999.0
-9999.0 -491.691316 -493.439965 -488.507059 -488.913801 -488.792182 -488.632047 -488.472288 -487.698920 -490.629416 -479.766007 -457.984064 -438.120214 -432.832966 -410.065716 -84.358731 2.695798 3.092333 3.353260 3.986470 4.782343 5.200716 5.493881 31.888527 54.883483 48.457653 46.935284 44.735225 36.478423 28.857832 18.816146 27.480674 26.239500 11.657265 5.385549 5.514708 5.462821 5.145655 4.925363 4.833352 4.900114 5.289388 5.057743 4.846647 4.789287 4.996508 5.281477 5.050090 4.864394 5.042901 5.438815 7.624508 23.915687 37.514586 57.564509 35.605013 5.711821 5.094939 5.055750 4.887928 4.418626 3.505783 2.986828 -35.253011 -355.702727 -420.174131 -444.873500 -460.015795 -471.120364 -474.722024 -476.609979 -482.678088 -483.626778 -481.450202 -482.254628 -482.302337 -481.473555 -480.919774 -9999.0 -9999.0
-9999.0 -497.371057 -492.555643 -488.287696 -484.080262 -486.491522 -467.028839 -449.978037 -446.513457 -457.144689 -420.512308 -19.955345 3.295406 3.256041 3.846051 5.062732 19.145394 39.960862 54.226193 44.292265 37.983004 40.031343 35.374743 26.698438 13.332055 6.580991 6.609855 5.947683 5.384827 5.191890 4.985063 5.094167 4.941823 4.577818 3.976700 3.668090 3.556851 3.438200 3.197020 3.029509 2.916757 3.167849 3.054282 2.898367 2.847160 3.026198 3.335867 3.196215 3.239630 3.488253 4.300952 4.661402 4.759689 4.926114 5.177500 8.267705 26.455254 45.286536 52.443967 28.305986 5.452633 4.950292 4.829058 4.380872 3.466957 2.670010 -66.974422 -387.854298 -424.305161 -441.170224 -457.910165 -468.273540 -476.735352 -477.163849 -481.499366 -480.967887 -9999.0 -9999.0 -9999.0 -9999.0
-9999.0 -497.531174 -493.033962 -484.503514 -466.458566 -438.497674 -65.832651 2.990735 3.416347 3.965183 4.432623 44.104337 51.941381 35.025585 8.722266 5.631067 9.557715 11.628730 7.795618 5.441570 5.289432 5.284617 5.321476 5.200478 5.099490 4.999127 4.944428 4.939980 4.680053 4.380756 3.593497 3.461338 3.182380 -32.841653 -280.894847 -376.314283 -413.653734 -415.822764 -421.061143 -432.050065 -436.912901 -440.894404 -435.537097 -437.087405 -437.749297 -434.947225 -427.950174 -423.432832 -405.757068 -376.570689 -59.765084 2.690845 2.994611 3.348440 3.861760 4.631821 4.849943 5.019046 5.478593 28.954623 49.293372 41.545869 13.890472 5.336561 4.802487 4.453669 4.195496 3.221863 2.680999 -55.575385 -364.615824 -417.309956 -447.478291 -465.325290 -470.386511 -9999.0 -9999.0 -9999.0 -9999.0 -9999.0
-9999.0 -505.321296 -492.510422 -485.895527 -450.830989 -75.480394 2.902587 4.647818 33.494498 4.878798 4.547617 4.727988 5.164649 5.179405 4.861963 4.886764 4.809067 4.783349 5.023067 4.593098 3.874247 3.673282 3.716212 3.604749 3.406950 3.301844 3.257303 3.171536 2.717745 -52.515420 -391.457869 -406.415195 -433.896577 -452.661125 -466.107633 -473.578778 -480.631129 -479.993693 -476.745467 -478.956761 -481.250092 -484.196399 -480.799670 -479.532336 -478.062820 -480.201009 -480.218386 -476.295802 -470.016675 -464.219565 -451.468812 -433.533418 -417.867657 -385.977006 -290.100901 -18.260501 2.955151 3.352747 4.386098 5.034625 5.206723 5.782003 39.421043 58.033796 20.661606 5.245876 5.011131 4.785113 4.354858 4.013241 3.298207 -4.381678 -318.323628 -9999.0 -9999.0 -9999.0 -9999.0 -9999.0 -9999.0 -9999.0
-9999.0 -509.427775 -495.279467 -494.517457 -481.869304 -455.869411 -416.221099 -294.976014 2.105522 2.521269 2.691685 2.859221 3.044595 3.256543 3.048107 2.778200 2.565220 2.631501 2.530111 -49.348144 -347.227997 -377.299196 -377.112176 -383.814128 -403.909465 -412.372967 -416.739753 -425.279863 -436.878313 -451.762190 -471.759666 -479.332074 -484.497756 -485.598028 -486.570819 -487.707022 -491.248228 -488.808600 -487.210890 -487.545039 -488.662389 -489.677438 -486.936989 -486.313321 -485.527599 -488.397593 -486.733860 -485.858196 -483.295772 -481.023116 -477.601971 -472.015220 -464.155573 -459.279171 -455.657083 -441.971740 -427.919517 -395.766304 -58.897115 3.075649 3.982347 4.576174 4.971233 5.263774 5.413930 15.108820 24.226237 7.072680 4.581962 4.687676 4.641752 -9999.0 -9999.0 -9999.0 -9999.0 -9999.0 -9999.0 -9999.0 -9999.0 -9999.0
-9999.0 -9999.0 -512.455953 -507.006329 -502.474993 -498.468115 -492.957860 -487.418382 -479.343587 -471.300950 -460.217119 -447.878078 -440.299217 -436.710732 -441.746940 -452.505175 -458.782204 -458.035661 -459.822645 -464.616007 -472.849618 -473.752455 -474.672759 -475.215525 -477.103086 -477.791705 -477.936065 -478.346783 -479.575268 -483.313482 -486.254379 -488.113300 -490.785628 -489.993253 -490.196815 -491.219326 -489.879707 -490.183674 -489.913759 -490.138137 -489.855153 -489.362824 -488.958884 -488.265218 -488.432578 -488.243832 -488.164881 -487.582544 -486.748749 -485.791047 -483.326912 -479.350254 -476.494259 -476.048829 -478.285986 -477.746536 -475.550164 -470.411340 -447.480537 -416.222644 -260.377338 -7.307464 3.334057 4.006354 4.473224 4.663245 4.973338 5.752356 4.329032 4.406446 -9999.0 -9999.0 -9999.0 -9999.0 -9999.0 -9999.0 -9999.0 -9999.0 -9999.0 -9999.0
-9999.0 -9999.0 -9999.0 -9999.0 -515.030518 -507.182521 -499.775465 -500.989714 -495.942431 -493.466951 -491.557714 -489.218661 -487.358144 -485.946848 -488.177154 -488.300707 -488.475539 -487.962147 -488.295135 -488.794895 -488.865779 -489.051667 -489.214586 -489.649217 -489.314571 -488.738774 -488.504592 -489.272415 -488.876236 -490.274315 -489.968072 -490.550698 -491.170681 -492.181388 -491.735870 -491.787991 -491.175092 -491.785616 -490.887324 -491.543637 -490.948005 -490.798059 -490.198768 -489.100688 -489.878733 -489.247173 -489.396527 -488.679431 -488.939177 -487.341015 -484.598162 -481.415907 -479.335453 -479.655379 -483.110996 -484.221948 -485.267892 -483.483564 -480.997963 -474.597702 -455.811433 -431.017284 -399.240828 -289.130926 -23.886814 2.966369 4.072499 4.490718 -9999.0 -9999.0 -9999.0 -9999.0 -9999.0 -9999.0 -9999.0 -9999.0 -9999.0 -9999.0 -9999.0 -9999.0
-9999.0 -9999.0 -9999.0 -9999.0 -9999.0 -9999.0 -511.402584 -507.413095 -508.854322 -506.006135 -503.600173 -501.907989 -499.078276 -499.756708 -498.866990 -496.332174 -496.632566 -497.745299 -499.225214 -496.953778 -495.954960 -495.647856 -498.041640 -497.252704 -496.993030 -496.069937 -496.167851 -495.633764 -497.655734 -494.958434 -493.586935 -493.858570 -494.104878 -493.453646 -493.947899 -492.295930 -492.097542 -493.389226 -493.827042 -492.043363 -491.649771 -492.071761 -491.930526 -490.959818 -489.391371 -489.303566 -490.229469 -491.609935 -490.355603 -487.305660 -484.283593 -481.888832 -480.372376 -479.602607 -482.170112 -485.958855 -487.898961 -488.511964 -487.554198 -485.731028 -479.750740 -476.045907 -473.276872 -469.837693 -459.927915 -429.552438 -9999.0 -9999.0 -9999.0 -9999.0 -9999.0 -9999.0 -9999.0 -9999.0 -9999.0 -9999.0 -9999.0 -9999.0 -9999.0 -9999.0
-9999.0 -9999.0 -9999.0 -9999.0 -9999.0 -9999.0 -9999.0 -9999.0 -9999.0 -9999.0 -9999.0 -9999.0 -9999.0 -9999.0 -9999.0 -9999.0 -9999.0 -9999.0 -9999.0 -9999.0 -9999.0 -9999.0 -9999.0 -9999.0 -9999.0 -9999.0 -9999.0 -9999.0 -9999.0 -9999.0 -9999.0 -9999.0 -9999.0 -9999.0 -9999.0 -9999.0 -9999.0 -9999.0 -9999.0 -9999.0 -9999.0 -9999.0 -9999.0 -9999.0 -9999.0 -9999.0 -9999.0 -9999.0 -9999.0 -9999.0 -9999.0 -9999.0 -9999.0 -9999.0 -9999.0 -9999.0 -9999.0 -9999.0 -9999.0 -9999.0 -9999.0 -9999.0 -9999.0 -9999.0 -9999.0 -9999.0 -9999.0 -9999.0 -9999.0 -9999.0 -9999.0 -9999.0 -9999.0 -9999.0 -9999.0 -9999.0 -9999.0 -9999.0 -9999.0 -9999.0
-9999.0 -9999.0 -9999.0 -9999.0 -9999.0 -9999.0 -9999.0 -9999.0 -9999.0 -9999.0 -9999.0 -9999.0 -9999.0 -9999.0 -9999.0 -9999.0 -9999.0 -9999.0 -9999.0 -9999.0 -9999.0 -9999.0 -9999.0 -9999.0 -9999.0 -9999.0 -9999.0 -9999.0 -9999.0 -9999.0 -9999.0 -9999.0 -9999.0 -9999.0 -9999.0 -9999.0 -9999.0 -9999.0 -9999.0 -9999.0 -9999.0 -9999.0 -9999.0 -9999.0 -9999.0 -9999.0 -9999.0 -9999.0 -9999.0 -9999.0 -9999.0 -9999.0 -9999.0 -9999.0 -9999.0 -9999.0 -9999.0 -9999.0 -9999.0 -9999.0 -9999.0 -9999.0 -9999.0 -9999.0 -9999.0 -9999.0 -9999.0 -9999.0 -9999.0 -9999.0 -9999.0 -9999.0 -9999.0 -9999.0 -9999.0 -9999.0 -9999.0 -9999.0 -9999.0 -9999.0