Borden_/Borden1m_014/output_maps/psiliqL0006N0010.asc
ncols         80
nrows         18
xllcorner     620200.000000
yllcorner     5168000.000000
cellsize      1.000000
NODATA_value  -9999.0
-9999.0 -9999.0 -9999.0 -9999.0 -9999.0 -9999.0 -9999.0 -9999.0 -9999.0 -9999.0 -9999.0 -9999.0 -9999.0 -9999.0 -9999.0 -9999.0 -9999.0 -9999.0 -9999.0 -9999.0 -9999.0 -9999.0 -9999.0 -9999.0 -9999.0 -9999.0 -9999.0 -9999.0 -9999.0 -9999.0 -9999.0 -9999.0 -9999.0 -9999.0 -9999.0 -9999.0 -9999.0 -9999.0 -9999.0 -9999.0 -9999.0 -9999.0 -9999.0 -9999.0 -9999.0 -9999.0 -9999.0 -9999.0 -9999.0 -9999.0 -9999.0 -9999.0 -9999.0 -9999.0 -9999.0 -9999.0 -9999.0 -9999.0 -9999.0 -9999.0 -9999.0 -9999.0 -9999.0 -9999.0 -9999.0 -9999.0 -9999.0 -9999.0 -9999.0 -9999.0 -9999.0 -9999.0 -9999.0 -9999.0 -9999.0 -9999.0 -9999.0 -9999.0 -9999.0 -9999.0
-9999.0 -9999.0 -9999.0 -9999.0 -9999.0 -9999.0 -9999.0 -9999.0 -9999.0 -9999.0 -9999.0 -9999.0 -9999.0 -9999.0 -9999.0 -9999.0 -9999.0 -9999.0 -9999.0 -9999.0 -9999.0 -9999.0 -9999.0 -9999.0 -9999.0 -9999.0 -9999.0 -9999.0 -9999.0 -9999.0 -9999.0 -9999.0 -9999.0 -9999.0 -9999.0 -9999.0 -9999.0 -9999.0 -9999.0 -9999.0 -9999.0 -9999.0 -9999.0 -9999.0 -9999.0 -9999.0 -9999.0 -9999.0 -9999.0 -9999.0 -9999.0 -9999.0 -9999.0 -9999.0 -9999.0 -9999.0 -9999.0 -9999.0 -9999.0 -9999.0 -9999.0 -9999.0 -9999.0 -9999.0 -9999.0 -9999.0 -9999.0 -9999.0 -9999.0 -9999.0 -9999.0 -9999.0 -9999.0 -9999.0 -9999.0 -9999.0 -9999.0 -9999.0 -9999.0 -9999.0
-9999.0 -9999.0 -9999.0 -9999.0 -9999.0 -9999.0 -9999.0 -9999.0 -9999.0 -9999.0 -9999.0 -9999.0 -9999.0 -9999.0 -9999.0 -9999.0 -9999.0 -9999.0 -9999.0 -9999.0 -648.980447 -645.924705 -668.937089 -703.044679 -731.640808 -730.292931 -696.071855 -656.065032 -619.452182 -609.349407 -627.573873 -626.828904 -632.420990 -632.628211 -629.800019 -624.359935 -622.282247 -610.957538 -602.716682 -603.030906 -609.202923 -615.066573 -616.888723 -613.350227 -608.521335 -616.536546 -603.263720 -587.979596 -581.178808 -585.819474 -612.297819 -627.522063 -634.819924 -648.304511 -623.534370 -610.343440 -586.952249 -582.092280 -582.623755 -609.015229 -638.563728 -9999.0 -9999.0 -9999.0 -9999.0 -9999.0 -9999.0 -9999.0 -9999.0 -9999.0 -9999.0 -9999.0 -9999.0 -9999.0 -9999.0 -9999.0 -9999.0 -9999.0 -9999.0 -9999.0
-9999.0 -9999.0 -9999.0 -9999.0 -9999.0 -9999.0 -9999.0 -9999.0 -9999.0 -9999.0 -9999.0 -9999.0 -9999.0 -9999.0 -737.355008 -747.948439 -751.468087 -743.463069 -710.421873 -681.273668 -668.858203 -676.848340 -677.410473 -701.253053 -721.626311 -708.268341 -680.169083 -650.100908 -617.385518 -597.729721 -611.028820 -614.283591 -604.183448 -576.948662 -562.599894 -565.624693 -587.104443 -565.191965 -549.337846 -539.924546 -541.118296 -549.833089 -535.180835 -519.024394 -525.624100 -542.949277 -539.931459 -528.439991 -513.370464 -527.857321 -591.273961 -611.580795 -613.379929 -618.862323 -630.857009 -636.697922 -611.677744 -609.783659 -617.184334 -634.177554 -665.342799 -708.545219 -725.565686 -687.033578 -642.221015 -583.900519 -9999.0 -9999.0 -9999.0 -9999.0 -9999.0 -9999.0 -9999.0 -9999.0 -9999.0 -9999.0 -9999.0 -9999.0 -9999.0 -9999.0
-9999.0 -9999.0 -9999.0 -9999.0 -9999.0 -9999.0 -9999.0 -9999.0 -9999.0 -792.548316 -789.571284 -783.004841 -781.893044 -766.874138 -768.834375 -762.555448 -755.016282 -730.160595 -700.186783 -666.224091 -638.275366 -649.140078 -649.620564 -637.839774 -630.982693 -618.979492 -599.756454 -561.072277 -520.381590 -479.895963 -508.620148 -511.119905 -492.468094 -441.753584 -397.858940 -385.976137 -406.432730 -404.724900 -376.716065 -347.937800 -348.787743 -350.826772 -324.871586 -310.568639 -302.617825 -322.323338 -342.645217 -346.059660 -318.665588 -375.313544 -444.599971 -500.042503 -498.418567 -528.534974 -568.911800 -590.793958 -593.047192 -569.891335 -583.978125 -620.025732 -655.275040 -663.354646 -678.783124 -662.194518 -638.873360 -591.255017 -552.437975 -523.174058 -521.963742 -538.619878 -9999.0 -9999.0 -9999.0 -9999.0 -9999.0 -9999.0 -9999.0 -9999.0 -9999.0 -9999.0
-9999.0 -9999.0 -9999.0 -9999.0 -9999.0 -9999.0 -870.034685 -861.881996 -842.915264 -837.550962 -814.285228 -807.309680 -787.600291 -769.052679 -749.824294 -733.675878 -703.754200 -672.784169 -632.751381 -590.133268 -559.227801 -564.213529 -555.364494 -522.145793 -478.775853 -445.256789 -420.271281 -379.279156 -295.176392 -245.445176 -227.553364 -219.699617 -200.437512 -68.221924 168.379142 202.497492 197.204185 191.122892 198.278906 211.682752 211.932117 210.678006 212.972570 215.165341 227.094152 225.166174 210.427147 206.498171 204.957352 193.410286 79.217487 -197.321546 -259.766929 -313.135353 -398.593684 -462.306729 -466.202273 -450.301187 -479.927295 -531.280141 -572.261654 -581.463109 -594.570292 -607.739734 -601.558204 -581.184392 -556.600106 -544.115080 -555.228625 -574.570630 -596.832707 -624.792744 -622.607780 -596.762952 -9999.0 -9999.0 -9999.0 -9999.0 -9999.0 -9999.0
-9999.0 -9999.0 -9999.0 -9999.0 -919.068207 -907.253079 -918.970028 -896.513175 -865.540525 -833.561718 -802.031348 -765.750191 -740.012347 -711.834797 -671.414830 -634.269811 -592.558747 -560.077632 -507.179730 -438.734686 -382.493585 -351.560659 -335.758036 -267.456288 -167.570324 120.886447 183.121473 196.780756 208.957417 230.494475 239.040089 240.344677 248.674359 269.573050 302.894569 320.798759 315.028164 314.102574 315.151065 316.487785 325.625989 324.253739 324.225818 323.891170 324.258316 326.236651 320.067120 308.762491 305.185573 301.359071 284.960444 240.285411 223.191358 214.441299 203.427944 142.251876 -158.341443 -214.380731 -283.994934 -344.685666 -418.738213 -444.955962 -475.629296 -499.592626 -528.345080 -526.036173 -521.473880 -539.203525 -567.561621 -597.880784 -611.606359 -629.194072 -638.298875 -607.939216 -589.729094 -558.184935 -9999.0 -9999.0 -9999.0 -9999.0
-9999.0 -9999.0 -976.059611 -926.130203 -871.342258 -863.458494 -861.356410 -857.433521 -832.039083 -783.315492 -706.089190 -655.118474 -611.804225 -584.106792 -526.972884 -443.361316 -364.244656 -312.795838 -245.088351 -112.322313 147.122289 198.951088 205.771391 219.213069 243.364798 285.727947 300.164443 308.744120 316.106406 324.200837 342.561633 356.417522 361.117877 357.946026 357.889442 356.830368 356.426008 354.955034 340.000401 337.978211 343.564571 344.875540 348.287190 336.911934 333.145692 344.888856 347.798563 350.555709 353.589678 360.811537 368.057881 339.942706 312.478442 310.093775 310.067640 289.809486 246.473565 226.758143 220.665076 196.431574 29.188064 -185.402566 -266.197779 -328.510217 -385.469896 -416.382628 -459.683350 -496.751062 -538.463085 -580.788798 -602.206340 -619.164955 -620.097417 -618.269788 -601.502080 -585.162725 -569.253244 -561.181150 -9999.0 -9999.0
-9999.0 -1072.989587 -1000.615892 -873.330985 -795.940021 -752.342820 -711.815107 -683.320312 -661.826751 -651.206163 -547.027070 -438.296024 -346.914951 -318.627433 -259.289485 -54.709316 174.290503 212.059046 227.162381 253.420931 292.119120 312.282498 320.774635 341.260845 363.637288 362.103464 359.977166 358.965532 350.235832 341.575629 331.623660 339.132219 339.048219 325.130043 318.063239 318.222794 318.398185 311.644231 303.502672 300.273779 302.540624 312.135252 307.702461 299.939533 298.328369 305.828577 311.711902 307.857123 302.079602 308.031367 320.355562 327.467386 341.490765 354.979783 372.920543 350.592073 324.569998 309.953480 305.982336 296.871279 267.798607 233.117072 208.746110 139.002945 -155.813821 -272.617990 -343.173800 -397.784053 -457.272245 -492.006406 -519.802625 -569.296450 -590.908342 -587.695669 -595.886343 -597.480176 -590.120073 -583.370355 -9999.0 -9999.0
-9999.0 -1141.266230 -997.900567 -812.618703 -668.655162 -610.022103 -493.835867 -408.068220 -382.853542 -406.712792 -289.604194 152.058730 222.238062 224.047871 251.338167 292.356662 322.355807 346.221526 360.119678 353.726758 349.465390 351.631717 346.256732 337.799841 325.366133 322.403232 323.994450 324.992102 319.781806 312.642680 305.380788 305.898681 301.081624 282.896423 253.610854 242.716484 238.024847 232.523110 221.232337 212.913551 208.058373 217.901801 213.692157 206.416261 204.296518 212.802539 226.028724 221.181089 222.825587 232.060471 253.761207 283.262528 293.063344 302.123906 313.201962 328.688965 342.131638 361.927827 366.684777 344.658783 321.183643 303.612597 296.461473 273.632889 227.926350 159.631709 -81.589397 -205.914674 -289.442419 -343.806937 -393.062762 -448.764593 -503.611718 -527.924157 -565.259417 -585.581419 -9999.0 -9999.0 -9999.0 -9999.0
-9999.0 -1202.104250 -1009.845108 -743.371132 -495.693326 -367.224343 89.418568 204.322828 227.989133 253.834832 266.890446 343.969241 355.626146 341.396369 320.596537 318.556329 324.479360 325.676784 322.045999 316.911054 314.093613 313.423383 313.324430 311.352787 308.464033 304.912047 302.286033 300.806910 287.180236 264.321959 238.323213 232.006433 216.817747 130.806500 -110.747581 -188.224265 -259.426200 -267.447808 -281.256153 -314.205469 -333.563062 -347.346139 -329.614326 -332.871319 -333.757732 -323.735858 -300.296907 -282.814339 -236.782018 -184.934550 -71.182387 162.614509 206.663926 226.281397 248.060758 285.236811 297.976901 307.020171 322.956296 344.342947 363.383954 356.960184 332.359384 319.416797 296.064503 273.799088 246.681113 215.874997 178.621120 21.109143 -177.886477 -275.280596 -355.305257 -439.600300 -478.072810 -9999.0 -9999.0 -9999.0 -9999.0 -9999.0
-9999.0 -1347.476397 -1079.840815 -782.072348 -450.732251 75.452572 197.677530 268.756079 321.920869 289.348604 284.007743 292.053009 306.608171 307.000162 298.794862 298.651604 295.509401 293.782668 295.105960 267.140129 248.687508 242.288193 243.173328 239.134188 230.685614 225.591138 222.757953 216.492902 183.360318 15.797583 -215.249433 -247.721164 -327.842629 -401.795066 -449.012319 -494.228280 -543.275793 -544.535045 -529.429529 -545.718811 -566.925622 -585.152546 -560.928246 -546.914640 -536.975135 -546.416078 -538.579411 -506.388808 -461.073643 -422.165331 -375.159035 -316.660656 -264.567619 -195.001707 -109.281367 148.668316 206.997206 228.646948 275.111284 305.716714 314.070241 326.473453 355.342471 373.278120 336.945282 316.130704 303.625191 291.465752 267.558422 243.547940 217.081304 153.234951 -131.780688 -9999.0 -9999.0 -9999.0 -9999.0 -9999.0 -9999.0 -9999.0
-9999.0 -1484.170177 -1247.232073 -992.772291 -692.022679 -467.726855 -306.934018 -138.095016 146.523068 179.836180 191.586312 201.855528 211.934241 220.760314 211.714643 197.910678 186.601862 185.320404 149.860251 -62.011538 -157.081108 -189.225794 -190.445401 -201.693262 -238.397553 -258.078347 -270.584439 -296.349188 -338.569353 -397.525361 -477.847904 -539.963358 -597.815710 -632.085189 -660.920678 -692.825848 -731.407528 -720.569954 -705.458485 -710.293538 -723.090028 -728.144576 -699.024101 -681.438009 -671.831264 -685.715548 -668.311047 -642.522339 -602.587310 -563.908915 -520.145201 -470.812820 -422.663841 -395.240224 -380.283246 -346.730531 -297.675538 -220.979570 115.794940 213.416998 251.301689 282.969672 303.702409 315.697916 322.209635 340.845027 340.217991 307.393833 273.475021 281.107058 281.178113 -9999.0 -9999.0 -9999.0 -9999.0 -9999.0 -9999.0 -9999.0 -9999.0 -9999.0
-9999.0 -9999.0 -1485.292646 -1289.601730 -1121.618807 -936.423779 -792.599756 -695.546867 -631.927537 -555.573756 -473.868353 -402.342846 -362.132591 -345.975436 -367.144889 -412.938625 -442.580851 -442.512991 -451.141670 -466.059986 -490.421285 -498.930302 -506.779929 -513.438837 -526.556217 -533.587784 -538.127479 -547.947821 -569.056500 -613.625264 -665.503470 -716.060636 -769.305165 -793.360204 -814.754968 -837.357581 -841.467372 -842.401014 -835.204920 -834.169384 -829.511376 -818.339066 -797.709508 -777.044807 -768.090638 -761.998460 -749.901454 -727.041177 -694.964293 -655.941361 -606.197165 -553.791147 -518.957208 -509.594863 -520.678026 -516.440794 -496.589437 -455.505742 -369.779666 -267.693261 -102.719007 157.751442 224.442568 254.027252 278.195947 290.516469 303.377689 286.695189 182.930971 255.830224 -9999.0 -9999.0 -9999.0 -9999.0 -9999.0 -9999.0 -9999.0 -9999.0 -9999.0 -9999.0
-9999.0 -9999.0 -9999.0 -9999.0 -1432.371981 -1274.130409 -1181.979924 -1101.192941 -986.130002 -885.273579 -799.743447 -729.759097 -682.952365 -661.801237 -675.205986 -683.893668 -692.826129 -695.346095 -703.043849 -709.480663 -715.899196 -723.168009 -732.816901 -739.956501 -740.912304 -737.738435 -739.286587 -751.492735 -765.935849 -793.759833 -818.253818 -853.015276 -889.805926 -918.477394 -931.197435 -938.420309 -937.958656 -942.898623 -933.167391 -927.296549 -912.745926 -897.424645 -873.588824 -845.871898 -833.972135 -820.240423 -810.792630 -790.281731 -761.194911 -709.963612 -649.777616 -596.474496 -565.471271 -564.189353 -592.467646 -610.270339 -615.561121 -590.731584 -547.547992 -483.289061 -386.455867 -307.056889 -222.804293 -110.349220 141.372241 208.814040 261.799483 279.516551 -9999.0 -9999.0 -9999.0 -9999.0 -9999.0 -9999.0 -9999.0 -9999.0 -9999.0 -9999.0 -9999.0 -9999.0
-9999.0 -9999.0 -9999.0 -9999.0 -9999.0 -9999.0 -1492.475604 -1399.654752 -1309.804156 -1195.066871 -1090.014650 -1003.704595 -933.809997 -912.123382 -898.175519 -877.787207 -883.111341 -899.063952 -914.239350 -898.683110 -890.629940 -894.852409 -920.677312 -922.325438 -919.302099 -909.715572 -910.469216 -916.191808 -940.337129 -933.409780 -935.477495 -958.019924 -983.674089 -998.043341 -1009.357150 -999.340389 -998.309287 -1010.338182 -1007.299731 -981.755296 -962.470293 -949.062784 -926.520693 -893.756956 -862.273617 -848.595551 -847.967442 -841.992015 -800.631071 -731.648899 -663.534182 -612.633973 -584.311061 -578.983497 -609.387389 -652.217528 -676.102077 -672.413381 -641.917991 -593.707556 -523.625871 -480.259685 -452.126144 -430.654577 -400.377667 -292.279035 -9999.0 -9999.0 -9999.0 -9999.0 -9999.0 -9999.0 -9999.0 -9999.0 -9999.0 -9999.0 -9999.0 -9999.0 -9999.0 -9999.0
-9999.0 -9999.0 -9999.0 -9999.0 -9999.0 -9999.0 -9999.0 -9999.0 -9999.0 -9999.0 -9999.0 -9999.0 -9999.0 -9999.0 -9999.0 -9999.0 -9999.0 -9999.0 -9999.0 -9999.0 -9999.0 -9999.0 -9999.0 -9999.0 -9999.0 -9999.0 -9999.0 -9999.0 -9999.0 -9999.0 -9999.0 -9999.0 -9999.0 -9999.0 -9999.0 -9999.0 -9999.0 -9999.0 -9999.0 -9999.0 -9999.0 -9999.0 -9999.0 -9999.0 -9999.0 -9999.0 -9999.0 -9999.0 -9999.0 -9999.0 -9999.0 -9999.0 -9999.0 -9999.0 -9999.0 -9999.0 -9999.0 -9999.0 -9999.0 -9999.0 -9999.0 -9999.0 -9999.0 -9999.0 -9999.0 -9999.0 -9999.0 -9999.0 -9999.0 -9999.0 -9999.0 -9999.0 -9999.0 -9999.0 -9999.0 -9999.0 -9999.0 -9999.0 -9999.0 -9999.0
-9999.0 -9999.0 -9999.0 -9999.0 -9999.0 -9999.0 -9999.0 -9999.0 -9999.0 -9999.0 -9999.0 -9999.0 -9999.0 -9999.0 -9999.0 -9999.0 -9999.0 -9999.0 -9999.0 -9999.0 -9999.0 -9999.0 -9999.0 -9999.0 -9999.0 -9999.0 -9999.0 -9999.0 -9999.0 -9999.0 -9999.0 -9999.0 -9999.0 -9999.0 -9999.0 -9999.0 -9999.0 -9999.0 -9999.0 -9999.0 -9999.0 -9999.0 -9999.0 -9999.0 -9999.0 -9999.0 -9999.0 -9999.0 -9999.0 -9999.0 -9999.0 -9999.0 -9999.0 -9999.0 -9999.0 -9999.0 -9999.0 -9999.0 -9999.0 -9999.0 -9999.0 -9999.0 -9999.0 -9999.0 -9999.0 -9999.0 -9999.0 -9999.0 -9999.0 -9999.0 -9999.0 -9999.0 -9999.0 -9999.0 -9999.0 -9999.0 -9999.0 -9999.0 -9999.0 -9999.0