Borden_/Borden1m_014/output_maps/psiliqL0016N0032.asc
ncols         80
nrows         18
xllcorner     620200.000000
yllcorner     5168000.000000
cellsize      1.000000
NODATA_value  -9999.0
-9999.0 -9999.0 -9999.0 -9999.0 -9999.0 -9999.0 -9999.0 -9999.0 -9999.0 -9999.0 -9999.0 -9999.0 -9999.0 -9999.0 -9999.0 -9999.0 -9999.0 -9999.0 -9999.0 -9999.0 -9999.0 -9999.0 -9999.0 -9999.0 -9999.0 -9999.0 -9999.0 -9999.0 -9999.0 -9999.0 -9999.0 -9999.0 -9999.0 -9999.0 -9999.0 -9999.0 -9999.0 -9999.0 -9999.0 -9999.0 -9999.0 -9999.0 -9999.0 -9999.0 -9999.0 -9999.0 -9999.0 -9999.0 -9999.0 -9999.0 -9999.0 -9999.0 -9999.0 -9999.0 -9999.0 -9999.0 -9999.0 -9999.0 -9999.0 -9999.0 -9999.0 -9999.0 -9999.0 -9999.0 -9999.0 -9999.0 -9999.0 -9999.0 -9999.0 -9999.0 -9999.0 -9999.0 -9999.0 -9999.0 -9999.0 -9999.0 -9999.0 -9999.0 -9999.0 -9999.0
-9999.0 -9999.0 -9999.0 -9999.0 -9999.0 -9999.0 -9999.0 -9999.0 -9999.0 -9999.0 -9999.0 -9999.0 -9999.0 -9999.0 -9999.0 -9999.0 -9999.0 -9999.0 -9999.0 -9999.0 -9999.0 -9999.0 -9999.0 -9999.0 -9999.0 -9999.0 -9999.0 -9999.0 -9999.0 -9999.0 -9999.0 -9999.0 -9999.0 -9999.0 -9999.0 -9999.0 -9999.0 -9999.0 -9999.0 -9999.0 -9999.0 -9999.0 -9999.0 -9999.0 -9999.0 -9999.0 -9999.0 -9999.0 -9999.0 -9999.0 -9999.0 -9999.0 -9999.0 -9999.0 -9999.0 -9999.0 -9999.0 -9999.0 -9999.0 -9999.0 -9999.0 -9999.0 -9999.0 -9999.0 -9999.0 -9999.0 -9999.0 -9999.0 -9999.0 -9999.0 -9999.0 -9999.0 -9999.0 -9999.0 -9999.0 -9999.0 -9999.0 -9999.0 -9999.0 -9999.0
-9999.0 -9999.0 -9999.0 -9999.0 -9999.0 -9999.0 -9999.0 -9999.0 -9999.0 -9999.0 -9999.0 -9999.0 -9999.0 -9999.0 -9999.0 -9999.0 -9999.0 -9999.0 -9999.0 -9999.0 1350.987180 1353.821097 1332.763500 1300.239481 1273.655866 1277.356744 1313.317137 1356.227129 1396.621444 1407.934961 1391.537289 1395.776342 1392.580507 1391.942078 1395.039125 1402.991219 1408.616663 1420.557758 1429.919296 1430.562802 1425.643841 1421.702868 1423.124066 1426.107782 1431.247677 1418.831716 1431.725333 1445.380699 1448.570240 1441.656922 1412.915948 1395.710761 1384.579821 1366.755545 1389.364676 1399.053272 1419.890854 1422.272845 1418.929404 1390.710133 1359.836679 -9999.0 -9999.0 -9999.0 -9999.0 -9999.0 -9999.0 -9999.0 -9999.0 -9999.0 -9999.0 -9999.0 -9999.0 -9999.0 -9999.0 -9999.0 -9999.0 -9999.0 -9999.0 -9999.0
-9999.0 -9999.0 -9999.0 -9999.0 -9999.0 -9999.0 -9999.0 -9999.0 -9999.0 -9999.0 -9999.0 -9999.0 -9999.0 -9999.0 1257.150821 1248.607205 1247.123319 1256.744115 1291.446050 1322.672781 1335.012011 1328.599381 1329.969122 1307.709163 1288.363898 1303.879013 1335.485083 1368.952462 1405.386720 1427.099445 1417.674906 1417.046673 1427.685866 1453.130677 1466.109513 1464.224598 1445.938516 1470.650171 1487.360124 1496.792048 1497.698907 1490.444762 1503.404746 1518.915859 1511.553199 1493.743966 1498.427513 1509.050134 1518.892831 1503.817666 1438.806423 1418.305067 1411.594135 1402.802155 1386.522993 1378.379816 1402.150256 1400.143113 1390.218723 1370.775374 1336.726751 1291.621588 1271.803492 1309.317183 1351.639733 1407.534902 -9999.0 -9999.0 -9999.0 -9999.0 -9999.0 -9999.0 -9999.0 -9999.0 -9999.0 -9999.0 -9999.0 -9999.0 -9999.0 -9999.0
-9999.0 -9999.0 -9999.0 -9999.0 -9999.0 -9999.0 -9999.0 -9999.0 -9999.0 1195.742891 1201.378130 1209.902608 1213.717285 1230.680481 1229.181618 1237.676119 1245.846903 1274.537208 1306.943448 1343.256139 1373.070592 1365.712162 1367.715722 1378.602683 1382.438433 1395.754855 1419.472169 1461.849323 1502.635217 1544.844472 1517.606479 1516.725080 1537.008492 1584.003976 1615.989794 1622.861348 1605.612947 1616.833651 1643.334238 1666.455432 1667.775367 1666.585293 1692.345557 1706.497216 1705.821533 1684.389327 1671.923273 1671.203963 1694.579866 1641.204963 1573.089356 1522.568368 1525.923406 1494.964885 1456.657951 1435.547203 1430.925102 1449.072615 1432.333980 1393.497305 1355.762357 1342.838696 1323.671645 1339.489506 1359.957293 1404.388128 1441.618784 1468.483001 1466.383421 1447.809294 -9999.0 -9999.0 -9999.0 -9999.0 -9999.0 -9999.0 -9999.0 -9999.0 -9999.0 -9999.0
-9999.0 -9999.0 -9999.0 -9999.0 -9999.0 -9999.0 1114.961846 1125.558101 1147.135994 1152.653066 1179.607767 1188.279875 1210.408347 1231.216178 1254.675385 1272.589498 1303.948480 1338.492156 1380.668113 1425.056112 1458.737419 1454.994674 1467.065831 1497.881895 1536.802820 1566.204759 1593.236967 1635.495258 1713.382126 1756.822804 1763.842522 1769.558207 1780.041950 1829.282822 1893.207256 1907.795044 1888.441370 1875.360352 1897.553711 1935.766302 1942.848043 1945.619196 1957.442231 1967.277106 1992.487709 1981.464739 1940.294678 1925.095141 1922.059610 1902.959126 1839.463797 1775.557241 1741.734949 1690.469596 1605.792185 1550.676125 1557.242497 1574.181109 1543.404346 1487.414001 1444.890494 1432.261039 1415.150321 1400.232682 1404.824431 1421.937357 1441.905966 1451.001602 1435.957440 1413.061410 1388.883911 1358.938397 1359.896840 1384.395276 -9999.0 -9999.0 -9999.0 -9999.0 -9999.0 -9999.0
-9999.0 -9999.0 -9999.0 -9999.0 1063.597923 1077.385247 1065.962395 1092.600115 1126.779237 1162.609826 1195.792924 1234.053724 1263.094377 1295.304579 1337.166636 1372.451544 1415.702264 1453.107562 1509.265830 1579.046016 1632.031485 1657.353932 1674.469653 1733.441802 1795.173424 1848.115489 1870.491252 1899.762621 1945.772542 2007.284389 2035.263139 2042.285897 2060.061863 2096.285997 2144.459902 2178.041950 2162.124712 2155.073214 2162.711161 2176.064367 2201.157263 2203.761681 2206.310171 2209.028165 2213.384272 2211.206799 2185.100153 2150.177384 2134.576861 2123.746704 2092.245352 2022.055481 1981.670160 1949.961846 1913.460790 1859.735868 1796.342305 1780.839228 1722.215399 1662.771329 1599.109923 1576.035999 1543.750179 1516.332958 1485.478607 1484.929764 1485.687160 1462.515454 1427.625963 1393.305860 1376.630979 1356.554075 1344.409395 1373.671540 1390.513814 1420.202338 -9999.0 -9999.0 -9999.0 -9999.0
-9999.0 -9999.0 1002.705706 1051.612912 1109.677200 1119.518922 1120.732745 1128.198253 1158.611506 1212.753142 1288.930478 1340.049318 1383.440515 1419.849057 1481.438272 1561.225437 1634.689365 1685.201003 1746.950251 1818.548160 1882.253260 1917.187151 1935.898743 1976.073244 2030.620048 2093.597815 2121.306228 2148.625506 2181.380563 2216.646857 2226.655270 2240.632394 2249.492665 2253.469131 2260.121539 2262.368580 2257.719515 2252.224498 2233.959879 2230.499401 2238.253934 2244.681137 2246.278371 2232.892703 2228.754916 2241.875273 2245.140001 2243.203068 2241.678213 2248.067957 2250.273113 2209.830918 2174.009958 2157.527025 2145.619551 2099.851343 2034.074761 1992.079570 1967.822997 1923.228853 1844.301052 1792.341541 1740.900713 1691.402461 1637.578971 1605.025287 1556.067570 1510.840554 1461.687370 1413.353323 1388.204566 1369.079383 1365.627325 1364.503425 1379.887501 1394.452914 1409.207746 1416.675044 -9999.0 -9999.0
-9999.0 898.290696 970.926798 1097.379253 1178.438600 1223.776527 1254.784594 1277.872439 1308.858917 1338.500788 1443.533318 1530.234088 1622.778783 1662.831677 1714.831374 1813.229590 1909.231635 1956.739620 1996.394625 2054.420397 2116.212613 2165.046586 2194.855625 2203.500032 2238.604625 2254.065859 2258.055631 2262.149655 2259.383827 2252.019749 2243.732610 2249.863445 2245.751663 2226.308584 2209.711153 2206.017531 2199.769005 2174.524534 2145.213970 2129.898137 2132.289159 2155.747767 2143.664338 2122.994535 2119.181621 2140.354502 2159.990431 2151.400372 2139.952390 2158.530379 2193.858889 2216.895082 2226.579664 2243.549719 2264.098630 2237.838429 2209.659255 2166.940000 2146.288855 2115.919298 2056.086949 1993.814487 1937.846776 1876.078902 1808.414273 1739.646978 1674.596451 1610.693844 1542.415023 1499.566734 1467.325080 1416.806122 1395.683948 1396.793783 1387.258006 1383.485350 1388.665425 1394.574199 -9999.0 -9999.0
-9999.0 815.895786 958.233185 1142.646906 1291.692488 1350.133596 1449.082599 1527.723644 1557.088436 1528.857494 1638.089267 1857.854369 1964.164674 1983.948578 2057.540448 2147.533018 2164.273532 2197.677079 2220.916134 2233.582135 2244.102053 2255.442065 2254.922872 2250.285236 2236.108251 2228.366501 2226.724207 2223.143181 2204.563235 2184.225540 2165.500929 2160.177538 2140.112852 2094.338912 2060.180135 2041.724967 2024.057118 2003.656108 1970.658756 1943.390330 1928.033413 1943.060418 1936.911312 1920.537720 1916.825826 1938.734343 1971.025586 1967.960016 1977.434852 2000.133303 2040.578771 2081.274068 2104.955464 2136.322774 2174.237531 2219.692137 2235.044437 2256.899710 2260.817218 2242.045014 2196.353990 2142.248432 2105.813639 2040.946033 1966.247374 1885.742056 1818.445287 1753.644965 1682.635087 1635.594960 1588.667357 1531.641123 1478.526707 1456.492128 1416.691244 1396.755638 -9999.0 -9999.0 -9999.0 -9999.0
-9999.0 734.090416 921.323962 1177.772128 1456.801248 1564.574859 1769.102943 1897.185509 1954.600082 2024.331642 1993.401160 2148.735724 2191.426717 2189.121588 2191.417094 2196.950191 2213.681961 2217.856479 2215.065472 2205.699014 2197.196722 2193.589474 2192.467973 2185.036019 2172.488043 2156.852280 2142.327687 2127.891569 2088.419635 2053.637997 2015.878525 1999.817863 1958.905971 1866.341341 1822.760674 1785.491456 1727.671698 1721.458186 1716.100175 1687.738769 1667.947727 1646.502263 1669.110580 1674.338599 1677.153826 1680.023984 1696.619060 1721.638469 1767.306111 1804.690223 1849.825381 1903.129382 1939.006090 1983.466928 2030.367855 2087.252964 2121.398653 2153.555303 2202.110049 2241.275227 2264.110657 2251.470781 2222.799616 2173.293122 2098.837966 2028.677323 1974.950027 1897.995190 1831.458014 1778.236629 1733.193447 1683.954496 1620.700262 1544.210686 1502.715124 -9999.0 -9999.0 -9999.0 -9999.0 -9999.0
-9999.0 549.259068 816.507253 1102.049982 1411.884444 1741.681318 1879.943578 2005.427399 2077.852332 2047.797276 2057.783132 2078.959756 2122.532279 2132.690787 2114.540007 2106.510849 2095.446840 2095.987846 2109.207955 2083.023132 2053.444408 2039.934128 2039.325147 2027.379353 2003.661284 1986.184233 1973.182678 1951.457067 1902.335249 1849.953079 1767.118836 1735.421261 1658.483615 1603.175726 1558.659217 1508.626441 1457.901571 1456.591512 1473.858877 1459.211537 1436.859130 1418.471683 1445.339278 1463.596823 1476.194476 1464.795391 1474.214537 1510.638144 1560.721315 1605.648970 1656.482436 1712.058467 1759.351268 1807.702112 1840.453627 1891.526257 1940.453429 1988.193328 2062.665413 2142.195583 2179.939404 2214.450964 2245.170361 2257.822041 2201.886353 2147.451329 2089.221779 2021.573539 1937.348171 1890.080545 1866.294696 1827.917031 1774.368301 -9999.0 -9999.0 -9999.0 -9999.0 -9999.0 -9999.0 -9999.0
-9999.0 424.544891 640.466380 865.858417 1146.799966 1384.227116 1582.543012 1690.076764 1769.409896 1809.353766 1847.225028 1883.506846 1915.750843 1939.986272 1919.833957 1880.883020 1852.604611 1857.049445 1852.422473 1828.699006 1799.065619 1783.984115 1781.129749 1773.962846 1749.428069 1734.639362 1723.224478 1699.703039 1665.533031 1608.968959 1529.351962 1456.188261 1395.218598 1363.691878 1333.947614 1301.227191 1265.920666 1275.818296 1288.005239 1284.501241 1274.132411 1271.370436 1300.508155 1319.689410 1329.972535 1318.764993 1338.296678 1365.262876 1407.244872 1451.012108 1500.965008 1557.036763 1611.736582 1641.925299 1656.740522 1683.183158 1723.581515 1778.307205 1864.872629 1959.615648 2037.667110 2086.332711 2136.258789 2168.124815 2178.178350 2183.437923 2151.628855 2064.795830 1952.487586 1941.318230 1940.893698 -9999.0 -9999.0 -9999.0 -9999.0 -9999.0 -9999.0 -9999.0 -9999.0 -9999.0
-9999.0 -9999.0 407.967862 583.178399 717.831171 896.495655 1046.682758 1157.189500 1247.412370 1362.908008 1469.389762 1554.497419 1599.870721 1618.159160 1604.483273 1571.745825 1550.701709 1550.619273 1540.243337 1529.405991 1509.275175 1501.070040 1489.625489 1481.079931 1470.891650 1465.018850 1459.077847 1446.969649 1424.268761 1376.972880 1328.333843 1276.899367 1223.567002 1197.761800 1175.586957 1153.894311 1152.426445 1148.266427 1153.712764 1155.138674 1162.003889 1174.600702 1194.696573 1216.772228 1226.659647 1235.695062 1248.414365 1272.425067 1305.880317 1348.655540 1403.206594 1461.621610 1502.262800 1515.957938 1507.384314 1513.546346 1535.007748 1578.635043 1660.282798 1744.715470 1839.976274 1910.797935 1980.912923 2030.983174 2044.131586 2054.611430 2062.037185 1998.778534 1804.421965 1881.484930 -9999.0 -9999.0 -9999.0 -9999.0 -9999.0 -9999.0 -9999.0 -9999.0 -9999.0 -9999.0
-9999.0 -9999.0 -9999.0 -9999.0 442.310216 596.912320 694.195577 777.767941 906.759002 1026.950689 1126.988170 1210.062314 1271.926069 1298.457295 1294.154468 1299.237224 1294.562376 1288.452006 1278.676823 1277.356091 1275.867422 1268.187570 1253.849820 1246.213267 1246.722671 1251.159454 1248.116608 1233.913617 1215.636387 1192.547058 1171.742548 1137.062528 1100.836953 1071.365939 1057.928196 1051.972875 1051.569663 1044.577048 1053.215291 1060.442851 1075.595808 1090.808349 1114.578626 1143.573895 1157.354406 1172.205123 1182.103177 1202.840361 1233.509681 1287.221070 1351.030590 1409.313026 1445.722046 1450.815234 1426.901211 1412.271747 1409.584505 1438.555950 1484.686406 1553.026978 1655.300673 1728.577601 1785.548059 1828.985395 1858.744997 1899.904624 1942.049496 1967.544859 -9999.0 -9999.0 -9999.0 -9999.0 -9999.0 -9999.0 -9999.0 -9999.0 -9999.0 -9999.0 -9999.0 -9999.0
-9999.0 -9999.0 -9999.0 -9999.0 -9999.0 -9999.0 401.401581 502.730580 583.429589 720.905645 850.132328 950.671521 1030.495794 1061.846794 1087.649452 1114.065451 1112.074033 1093.819475 1074.901573 1093.323161 1106.665539 1100.682269 1070.732050 1070.065891 1074.545265 1082.550890 1080.071251 1073.296398 1047.844810 1058.699258 1058.858053 1035.268703 1008.934680 994.779202 982.735345 992.192296 992.325299 978.705370 979.341160 1006.023758 1026.207081 1039.354594 1061.210653 1094.431304 1126.799334 1142.031182 1143.503438 1149.797238 1190.116662 1260.604655 1332.501417 1388.211297 1421.076432 1429.678512 1403.024126 1363.599959 1343.886071 1351.827494 1387.545479 1441.190954 1517.843295 1567.534137 1593.747267 1607.176136 1624.893112 1713.623920 -9999.0 -9999.0 -9999.0 -9999.0 -9999.0 -9999.0 -9999.0 -9999.0 -9999.0 -9999.0 -9999.0 -9999.0 -9999.0 -9999.0
-9999.0 -9999.0 -9999.0 -9999.0 -9999.0 -9999.0 -9999.0 -9999.0 -9999.0 -9999.0 -9999.0 -9999.0 -9999.0 -9999.0 -9999.0 -9999.0 -9999.0 -9999.0 -9999.0 -9999.0 -9999.0 -9999.0 -9999.0 -9999.0 -9999.0 -9999.0 -9999.0 -9999.0 -9999.0 -9999.0 -9999.0 -9999.0 -9999.0 -9999.0 -9999.0 -9999.0 -9999.0 -9999.0 -9999.0 -9999.0 -9999.0 -9999.0 -9999.0 -9999.0 -9999.0 -9999.0 -9999.0 -9999.0 -9999.0 -9999.0 -9999.0 -9999.0 -9999.0 -9999.0 -9999.0 -9999.0 -9999.0 -9999.0 -9999.0 -9999.0 -9999.0 -9999.0 -9999.0 -9999.0 -9999.0 -9999.0 -9999.0 -9999.0 -9999.0 -9999.0 -9999.0 -9999.0 -9999.0 -9999.0 -9999.0 -9999.0 -9999.0 -9999.0 -9999.0 -9999.0
-9999.0 -9999.0 -9999.0 -9999.0 -9999.0 -9999.0 -9999.0 -9999.0 -9999.0 -9999.0 -9999.0 -9999.0 -9999.0 -9999.0 -9999.0 -9999.0 -9999.0 -9999.0 -9999.0 -9999.0 -9999.0 -9999.0 -9999.0 -9999.0 -9999.0 -9999.0 -9999.0 -9999.0 -9999.0 -9999.0 -9999.0 -9999.0 -9999.0 -9999.0 -9999.0 -9999.0 -9999.0 -9999.0 -9999.0 -9999.0 -9999.0 -9999.0 -9999.0 -9999.0 -9999.0 -9999.0 -9999.0 -9999.0 -9999.0 -9999.0 -9999.0 -9999.0 -9999.0 -9999.0 -9999.0 -9999.0 -9999.0 -9999.0 -9999.0 -9999.0 -9999.0 -9999.0 -9999.0 -9999.0 -9999.0 -9999.0 -9999.0 -9999.0 -9999.0 -9999.0 -9999.0 -9999.0 -9999.0 -9999.0 -9999.0 -9999.0 -9999.0 -9999.0 -9999.0 -9999.0