Borden_/Borden1m_014/output_maps/psiliqL0008N0007.asc
ncols         80
nrows         18
xllcorner     620200.000000
yllcorner     5168000.000000
cellsize      1.000000
NODATA_value  -9999.0
-9999.0 -9999.0 -9999.0 -9999.0 -9999.0 -9999.0 -9999.0 -9999.0 -9999.0 -9999.0 -9999.0 -9999.0 -9999.0 -9999.0 -9999.0 -9999.0 -9999.0 -9999.0 -9999.0 -9999.0 -9999.0 -9999.0 -9999.0 -9999.0 -9999.0 -9999.0 -9999.0 -9999.0 -9999.0 -9999.0 -9999.0 -9999.0 -9999.0 -9999.0 -9999.0 -9999.0 -9999.0 -9999.0 -9999.0 -9999.0 -9999.0 -9999.0 -9999.0 -9999.0 -9999.0 -9999.0 -9999.0 -9999.0 -9999.0 -9999.0 -9999.0 -9999.0 -9999.0 -9999.0 -9999.0 -9999.0 -9999.0 -9999.0 -9999.0 -9999.0 -9999.0 -9999.0 -9999.0 -9999.0 -9999.0 -9999.0 -9999.0 -9999.0 -9999.0 -9999.0 -9999.0 -9999.0 -9999.0 -9999.0 -9999.0 -9999.0 -9999.0 -9999.0 -9999.0 -9999.0
-9999.0 -9999.0 -9999.0 -9999.0 -9999.0 -9999.0 -9999.0 -9999.0 -9999.0 -9999.0 -9999.0 -9999.0 -9999.0 -9999.0 -9999.0 -9999.0 -9999.0 -9999.0 -9999.0 -9999.0 -9999.0 -9999.0 -9999.0 -9999.0 -9999.0 -9999.0 -9999.0 -9999.0 -9999.0 -9999.0 -9999.0 -9999.0 -9999.0 -9999.0 -9999.0 -9999.0 -9999.0 -9999.0 -9999.0 -9999.0 -9999.0 -9999.0 -9999.0 -9999.0 -9999.0 -9999.0 -9999.0 -9999.0 -9999.0 -9999.0 -9999.0 -9999.0 -9999.0 -9999.0 -9999.0 -9999.0 -9999.0 -9999.0 -9999.0 -9999.0 -9999.0 -9999.0 -9999.0 -9999.0 -9999.0 -9999.0 -9999.0 -9999.0 -9999.0 -9999.0 -9999.0 -9999.0 -9999.0 -9999.0 -9999.0 -9999.0 -9999.0 -9999.0 -9999.0 -9999.0
-9999.0 -9999.0 -9999.0 -9999.0 -9999.0 -9999.0 -9999.0 -9999.0 -9999.0 -9999.0 -9999.0 -9999.0 -9999.0 -9999.0 -9999.0 -9999.0 -9999.0 -9999.0 -9999.0 -9999.0 -272.531644 -269.599427 -292.648592 -327.061665 -355.839482 -354.351318 -319.700237 -278.741857 -241.028534 -230.765636 -249.113218 -247.925109 -253.314706 -253.705099 -250.810711 -244.832096 -242.136876 -230.468671 -221.749428 -221.786518 -227.861029 -233.556724 -234.798073 -231.219763 -226.149920 -235.115089 -221.443391 -206.016512 -199.733176 -204.968577 -232.422028 -248.171839 -256.067774 -270.311761 -245.252494 -232.306237 -208.943059 -204.321771 -205.255162 -232.089905 -262.109976 -9999.0 -9999.0 -9999.0 -9999.0 -9999.0 -9999.0 -9999.0 -9999.0 -9999.0 -9999.0 -9999.0 -9999.0 -9999.0 -9999.0 -9999.0 -9999.0 -9999.0 -9999.0 -9999.0
-9999.0 -9999.0 -9999.0 -9999.0 -9999.0 -9999.0 -9999.0 -9999.0 -9999.0 -9999.0 -9999.0 -9999.0 -9999.0 -9999.0 -362.021678 -372.471150 -375.916687 -367.886376 -334.568365 -304.897465 -292.341271 -300.285196 -300.717472 -324.861416 -345.636963 -331.997909 -302.974854 -271.734005 -237.699588 -217.470920 -230.468996 -233.475850 -223.138736 -195.442702 -180.141306 -182.546327 -204.173775 -181.339690 -164.240046 -154.008718 -154.651814 -163.215275 -148.543565 -132.096627 -138.859074 -156.489154 -152.908052 -141.273712 -127.181737 -142.930414 -209.105067 -230.284538 -232.930697 -238.978201 -251.887321 -258.161859 -232.824392 -231.437712 -239.245719 -256.824244 -288.889543 -332.926160 -350.372779 -311.370247 -266.322141 -207.891546 -9999.0 -9999.0 -9999.0 -9999.0 -9999.0 -9999.0 -9999.0 -9999.0 -9999.0 -9999.0 -9999.0 -9999.0 -9999.0 -9999.0
-9999.0 -9999.0 -9999.0 -9999.0 -9999.0 -9999.0 -9999.0 -9999.0 -9999.0 -417.700194 -414.423819 -407.787990 -406.524818 -391.418999 -393.506062 -387.111445 -379.811434 -354.428423 -323.967977 -289.234662 -260.566448 -271.084638 -271.258793 -259.535468 -253.190415 -240.629440 -219.845840 -178.838165 -136.574738 -94.884857 -123.931624 -126.211092 -106.101469 -52.443990 -3.101929 10.863950 -10.522687 -11.040532 22.281341 51.761635 52.124384 50.538937 74.804367 87.986969 93.353170 75.083926 58.818282 56.880563 80.508771 23.122247 -54.703648 -113.452598 -112.456789 -143.729971 -185.118564 -208.365473 -211.582911 -189.164162 -203.930934 -241.075629 -277.498743 -286.552321 -302.684365 -285.682199 -262.289420 -214.612934 -175.691285 -146.551355 -145.757236 -162.672622 -9999.0 -9999.0 -9999.0 -9999.0 -9999.0 -9999.0 -9999.0 -9999.0 -9999.0 -9999.0
-9999.0 -9999.0 -9999.0 -9999.0 -9999.0 -9999.0 -495.423198 -487.049227 -467.899712 -462.793589 -439.168539 -432.318787 -412.585131 -394.018076 -374.320548 -358.174602 -327.993124 -296.011549 -254.764426 -210.860200 -178.360618 -182.234599 -172.166002 -138.395250 -94.297851 -59.654396 -31.484359 17.357831 98.548921 141.190870 152.905163 158.325372 172.034523 247.087545 427.839920 470.722867 440.514428 356.985062 444.539428 491.301648 497.909448 497.818932 502.528825 507.054627 526.019573 522.447660 498.010700 489.551591 482.192011 442.568841 272.776040 175.366285 131.800081 83.363009 -0.784587 -71.778577 -77.487898 -62.517285 -93.595793 -147.746373 -191.005260 -201.652588 -215.952777 -229.657405 -223.555383 -203.358781 -179.213067 -167.014914 -178.635503 -198.489441 -220.997687 -249.266849 -247.166714 -221.425294 -9999.0 -9999.0 -9999.0 -9999.0 -9999.0 -9999.0
-9999.0 -9999.0 -9999.0 -9999.0 -544.500721 -532.608928 -544.662081 -521.873362 -490.798563 -458.599625 -427.283395 -391.069011 -365.062612 -336.247694 -295.050779 -257.271650 -213.508281 -178.833323 -123.525938 -51.968181 6.704724 43.613459 61.722403 122.468592 189.875060 262.580698 314.520799 434.710306 486.604800 527.642043 542.552234 544.770218 556.941992 585.097715 636.579677 666.212043 652.195061 638.227851 654.088831 665.168290 682.678515 682.307446 682.916500 683.111025 684.536540 686.576087 675.064468 655.132453 646.097119 632.779835 594.913855 541.639166 516.254387 498.363040 461.737067 323.371834 198.932592 168.847610 111.113309 51.750033 -26.758097 -56.705208 -90.398890 -117.325045 -147.711234 -146.223524 -142.281182 -160.879528 -190.325371 -221.288171 -235.434485 -253.404181 -262.952226 -232.567306 -214.459848 -183.152937 -9999.0 -9999.0 -9999.0 -9999.0
-9999.0 -9999.0 -601.629485 -552.173508 -497.198005 -489.518856 -488.285665 -484.466762 -458.865942 -409.657775 -332.142191 -279.480448 -234.479611 -204.430686 -144.850734 -57.466806 27.493160 79.113684 139.010995 220.250126 333.849216 452.669448 483.409581 508.011884 541.653805 583.437329 606.344247 640.292407 662.599649 679.613661 693.088998 705.586220 710.388706 708.510223 711.886651 712.411205 711.606259 709.401271 697.952504 698.593427 705.495789 707.898614 711.350586 700.035897 696.437822 708.000403 711.165671 713.381720 714.985878 719.579326 722.409978 692.478449 660.204381 653.902051 646.648702 600.527869 549.416367 521.454805 508.655940 456.566530 274.541849 187.287241 124.085444 60.454983 2.982737 -30.915416 -76.742967 -116.045339 -159.573615 -203.331412 -225.547890 -242.971206 -244.273644 -242.824521 -226.109813 -209.935906 -194.108856 -186.082089 -9999.0 -9999.0
-9999.0 -699.777152 -627.579812 -500.882616 -423.395098 -380.145682 -341.708495 -313.818777 -290.040773 -275.346431 -166.299554 -51.402957 41.083073 71.041673 123.536197 246.065617 435.674953 493.776338 519.904027 556.728219 604.649347 650.408850 670.877833 688.525493 712.224604 712.209192 711.949282 714.884390 708.754151 700.073735 690.047197 696.102132 693.813729 679.338238 669.783806 670.557989 670.862413 659.510296 646.229872 641.117425 645.317009 661.400067 654.358368 641.388304 638.733810 651.293219 661.449805 654.718410 644.822603 653.598837 672.653411 683.975183 697.851959 712.299020 729.327634 703.846103 679.703435 656.264170 647.460999 626.374795 571.957230 523.422965 463.111162 306.944225 200.661601 112.253209 46.089860 -10.851500 -73.845058 -112.231280 -142.203672 -192.972427 -214.907264 -212.025437 -220.299320 -222.105396 -214.954050 -208.274078 -9999.0 -9999.0
-9999.0 -770.773138 -627.903778 -443.355687 -298.501473 -238.634390 -120.430357 -27.817978 -0.330068 -22.645981 93.451227 420.183392 512.059161 518.690405 563.077308 621.263931 659.139395 687.063293 703.422548 700.725143 700.109760 706.620192 703.376931 696.175545 686.105802 682.666397 684.541340 685.507721 675.377900 661.495353 649.499150 647.800606 633.058171 588.096703 558.416697 547.349426 542.098670 533.379230 515.157344 501.500095 494.138777 509.363833 503.078858 491.145427 487.796483 501.859238 522.980034 515.609877 516.991171 528.988201 555.351480 587.702310 617.127363 639.016413 659.504192 684.684765 698.973328 720.123864 724.762718 702.864845 673.642710 642.473946 621.161260 565.088824 497.531549 351.365373 241.151478 171.512509 99.877574 42.102764 -10.389041 -70.405453 -127.529546 -152.212332 -190.043322 -210.100159 -9999.0 -9999.0 -9999.0 -9999.0
-9999.0 -835.624735 -644.699415 -380.688571 -124.743295 4.837247 238.525666 453.808703 509.717157 556.157647 573.190932 676.606107 698.047469 686.933881 671.222536 667.111384 673.036348 673.723017 670.367808 665.437841 662.816528 663.235347 664.094508 661.208636 656.435309 649.891683 644.315374 638.661812 609.905678 568.882238 539.154423 527.152054 485.621521 305.970721 222.655121 181.181856 127.681210 122.366478 113.323727 85.165674 67.494212 52.908153 70.785619 69.939611 69.859902 77.074642 96.725104 114.187888 154.174169 190.729704 246.381371 341.955004 462.259201 512.884854 546.529535 589.844846 625.376427 647.777056 675.352014 701.447756 721.772136 715.078177 691.885832 666.478206 623.025788 572.952048 540.698119 493.832063 423.840979 264.862082 180.033140 99.010706 21.839899 -63.501023 -103.087983 -9999.0 -9999.0 -9999.0 -9999.0 -9999.0
-9999.0 -988.475994 -721.328481 -426.613274 -94.859366 272.966658 420.414685 554.983063 613.397851 575.875996 580.492954 611.972036 643.483179 646.560776 630.619514 618.193871 589.789676 582.768264 591.410432 572.286518 553.775962 547.312059 549.687581 543.917186 531.052489 522.438999 516.280432 501.041943 436.179769 275.176963 165.684408 137.684103 62.524651 -13.204456 -63.585195 -112.068200 -162.766464 -163.790159 -147.639008 -163.715057 -185.495877 -204.138351 -178.818010 -163.746057 -153.182523 -163.197040 -154.912235 -121.210064 -73.890280 -33.004738 15.383455 72.655681 127.846217 184.015802 229.328183 323.755091 462.338959 515.861716 572.242904 638.184370 660.702046 682.813403 712.811290 730.597834 692.584371 664.204351 642.344004 617.245312 568.573479 522.442424 478.731851 334.553021 191.771386 -9999.0 -9999.0 -9999.0 -9999.0 -9999.0 -9999.0 -9999.0
-9999.0 -1122.854894 -890.280828 -642.142994 -345.606271 -112.955347 56.289419 171.569228 277.796746 291.900896 352.612657 453.366986 490.573102 507.297952 486.068393 427.846278 295.469129 281.342394 274.715451 235.704530 197.559807 180.217021 179.813282 173.124727 147.447589 132.468251 121.814363 97.904338 56.381322 -8.853179 -93.065559 -160.086726 -220.654633 -256.506007 -286.907730 -319.910680 -358.520487 -347.343633 -332.239719 -336.810696 -349.321715 -353.982517 -324.297285 -306.048418 -296.149691 -309.928948 -291.779368 -265.192791 -224.152941 -184.090362 -138.460524 -86.422202 -34.990960 -5.664425 10.652106 44.424995 97.558639 162.305624 283.262141 473.082830 549.261351 594.281343 638.580273 662.563490 674.142561 699.779078 694.598607 646.985390 580.260403 594.040399 593.370425 -9999.0 -9999.0 -9999.0 -9999.0 -9999.0 -9999.0 -9999.0 -9999.0 -9999.0
-9999.0 -9999.0 -1127.245526 -935.984462 -775.267661 -592.698496 -449.171949 -349.459003 -278.750890 -189.597633 -96.679215 -13.903207 29.205764 45.099248 25.116291 -22.366624 -58.065907 -60.534897 -70.387258 -85.232545 -109.577287 -118.264583 -126.798676 -133.772599 -146.425541 -153.249358 -158.176982 -169.012992 -191.770137 -238.707567 -291.674330 -343.570615 -397.292897 -421.465384 -442.715027 -464.861187 -468.154124 -469.433241 -462.339102 -461.091426 -455.912634 -444.390763 -423.785364 -402.801225 -393.710035 -387.163295 -375.060272 -352.037405 -319.604624 -279.529237 -228.353975 -174.379382 -138.074784 -127.708592 -138.216950 -132.819496 -110.659197 -65.994912 22.699212 122.456621 233.958169 377.580386 502.967061 553.640577 575.695301 612.061560 639.871074 604.761793 389.900555 547.759836 -9999.0 -9999.0 -9999.0 -9999.0 -9999.0 -9999.0 -9999.0 -9999.0 -9999.0 -9999.0
-9999.0 -9999.0 -9999.0 -9999.0 -1078.951097 -922.103760 -829.809070 -749.516733 -632.875747 -529.179391 -441.195976 -368.074963 -316.875664 -293.850401 -306.565034 -313.582732 -322.421354 -325.872474 -334.208724 -339.749348 -345.247163 -352.609898 -363.209360 -370.394113 -370.868345 -367.145809 -368.739762 -381.211760 -396.194316 -422.899593 -446.343674 -480.736090 -517.033725 -545.461856 -557.954495 -564.629202 -564.078198 -569.210524 -559.532684 -553.301211 -538.568114 -523.233517 -499.398985 -471.444872 -459.249493 -445.405248 -436.032826 -415.668203 -386.481539 -334.780403 -273.535593 -218.965052 -186.939210 -185.182572 -213.167299 -230.868061 -235.897592 -209.727412 -164.493738 -95.985667 5.627633 85.307469 161.162635 227.338062 304.647653 463.057882 564.973785 599.409803 -9999.0 -9999.0 -9999.0 -9999.0 -9999.0 -9999.0 -9999.0 -9999.0 -9999.0 -9999.0 -9999.0 -9999.0
-9999.0 -9999.0 -9999.0 -9999.0 -9999.0 -9999.0 -1136.082244 -1042.198713 -954.851239 -836.643125 -727.841427 -639.575731 -568.363010 -545.256160 -529.319911 -507.878347 -512.642631 -529.064039 -544.917998 -528.669106 -519.445257 -523.855013 -550.350710 -551.615509 -548.080498 -538.511072 -539.282594 -544.848732 -568.850452 -560.717114 -561.906785 -584.225746 -609.616680 -623.590600 -634.741632 -624.577835 -623.512015 -635.681993 -632.979886 -607.136761 -587.633624 -574.259051 -551.855740 -519.033186 -487.435097 -473.564034 -472.940336 -467.120064 -426.161462 -356.962954 -287.900670 -235.853005 -206.721590 -201.056680 -231.407349 -274.703401 -298.880935 -294.904223 -262.946836 -212.444905 -139.170380 -91.802757 -60.260858 -36.077196 -2.052504 106.558502 -9999.0 -9999.0 -9999.0 -9999.0 -9999.0 -9999.0 -9999.0 -9999.0 -9999.0 -9999.0 -9999.0 -9999.0 -9999.0 -9999.0
-9999.0 -9999.0 -9999.0 -9999.0 -9999.0 -9999.0 -9999.0 -9999.0 -9999.0 -9999.0 -9999.0 -9999.0 -9999.0 -9999.0 -9999.0 -9999.0 -9999.0 -9999.0 -9999.0 -9999.0 -9999.0 -9999.0 -9999.0 -9999.0 -9999.0 -9999.0 -9999.0 -9999.0 -9999.0 -9999.0 -9999.0 -9999.0 -9999.0 -9999.0 -9999.0 -9999.0 -9999.0 -9999.0 -9999.0 -9999.0 -9999.0 -9999.0 -9999.0 -9999.0 -9999.0 -9999.0 -9999.0 -9999.0 -9999.0 -9999.0 -9999.0 -9999.0 -9999.0 -9999.0 -9999.0 -9999.0 -9999.0 -9999.0 -9999.0 -9999.0 -9999.0 -9999.0 -9999.0 -9999.0 -9999.0 -9999.0 -9999.0 -9999.0 -9999.0 -9999.0 -9999.0 -9999.0 -9999.0 -9999.0 -9999.0 -9999.0 -9999.0 -9999.0 -9999.0 -9999.0
-9999.0 -9999.0 -9999.0 -9999.0 -9999.0 -9999.0 -9999.0 -9999.0 -9999.0 -9999.0 -9999.0 -9999.0 -9999.0 -9999.0 -9999.0 -9999.0 -9999.0 -9999.0 -9999.0 -9999.0 -9999.0 -9999.0 -9999.0 -9999.0 -9999.0 -9999.0 -9999.0 -9999.0 -9999.0 -9999.0 -9999.0 -9999.0 -9999.0 -9999.0 -9999.0 -9999.0 -9999.0 -9999.0 -9999.0 -9999.0 -9999.0 -9999.0 -9999.0 -9999.0 -9999.0 -9999.0 -9999.0 -9999.0 -9999.0 -9999.0 -9999.0 -9999.0 -9999.0 -9999.0 -9999.0 -9999.0 -9999.0 -9999.0 -9999.0 -9999.0 -9999.0 -9999.0 -9999.0 -9999.0 -9999.0 -9999.0 -9999.0 -9999.0 -9999.0 -9999.0 -9999.0 -9999.0 -9999.0 -9999.0 -9999.0 -9999.0 -9999.0 -9999.0 -9999.0 -9999.0