Borden_/Borden1m_014/output_maps/psiliqL0021N0021.asc
ncols         80
nrows         18
xllcorner     620200.000000
yllcorner     5168000.000000
cellsize      1.000000
NODATA_value  -9999.0
-9999.0 -9999.0 -9999.0 -9999.0 -9999.0 -9999.0 -9999.0 -9999.0 -9999.0 -9999.0 -9999.0 -9999.0 -9999.0 -9999.0 -9999.0 -9999.0 -9999.0 -9999.0 -9999.0 -9999.0 -9999.0 -9999.0 -9999.0 -9999.0 -9999.0 -9999.0 -9999.0 -9999.0 -9999.0 -9999.0 -9999.0 -9999.0 -9999.0 -9999.0 -9999.0 -9999.0 -9999.0 -9999.0 -9999.0 -9999.0 -9999.0 -9999.0 -9999.0 -9999.0 -9999.0 -9999.0 -9999.0 -9999.0 -9999.0 -9999.0 -9999.0 -9999.0 -9999.0 -9999.0 -9999.0 -9999.0 -9999.0 -9999.0 -9999.0 -9999.0 -9999.0 -9999.0 -9999.0 -9999.0 -9999.0 -9999.0 -9999.0 -9999.0 -9999.0 -9999.0 -9999.0 -9999.0 -9999.0 -9999.0 -9999.0 -9999.0 -9999.0 -9999.0 -9999.0 -9999.0
-9999.0 -9999.0 -9999.0 -9999.0 -9999.0 -9999.0 -9999.0 -9999.0 -9999.0 -9999.0 -9999.0 -9999.0 -9999.0 -9999.0 -9999.0 -9999.0 -9999.0 -9999.0 -9999.0 -9999.0 -9999.0 -9999.0 -9999.0 -9999.0 -9999.0 -9999.0 -9999.0 -9999.0 -9999.0 -9999.0 -9999.0 -9999.0 -9999.0 -9999.0 -9999.0 -9999.0 -9999.0 -9999.0 -9999.0 -9999.0 -9999.0 -9999.0 -9999.0 -9999.0 -9999.0 -9999.0 -9999.0 -9999.0 -9999.0 -9999.0 -9999.0 -9999.0 -9999.0 -9999.0 -9999.0 -9999.0 -9999.0 -9999.0 -9999.0 -9999.0 -9999.0 -9999.0 -9999.0 -9999.0 -9999.0 -9999.0 -9999.0 -9999.0 -9999.0 -9999.0 -9999.0 -9999.0 -9999.0 -9999.0 -9999.0 -9999.0 -9999.0 -9999.0 -9999.0 -9999.0
-9999.0 -9999.0 -9999.0 -9999.0 -9999.0 -9999.0 -9999.0 -9999.0 -9999.0 -9999.0 -9999.0 -9999.0 -9999.0 -9999.0 -9999.0 -9999.0 -9999.0 -9999.0 -9999.0 -9999.0 2354.973809 2357.440981 2336.974954 2304.786045 2278.637555 2282.717062 2318.461417 2361.489440 2402.503848 2413.411417 2397.231371 2402.610168 2399.774358 2397.576136 2399.583700 2407.721312 2414.232043 2424.732765 2432.761136 2431.941667 2425.937233 2421.630749 2423.726184 2426.034195 2431.663782 2418.045590 2432.273096 2446.754700 2450.115018 2444.587292 2417.620187 2401.926717 2390.824888 2372.488326 2395.530038 2404.852219 2424.988831 2426.915563 2423.055867 2395.009720 2364.171238 -9999.0 -9999.0 -9999.0 -9999.0 -9999.0 -9999.0 -9999.0 -9999.0 -9999.0 -9999.0 -9999.0 -9999.0 -9999.0 -9999.0 -9999.0 -9999.0 -9999.0 -9999.0 -9999.0
-9999.0 -9999.0 -9999.0 -9999.0 -9999.0 -9999.0 -9999.0 -9999.0 -9999.0 -9999.0 -9999.0 -9999.0 -9999.0 -9999.0 2259.835688 2251.910786 2250.811399 2260.469013 2295.166756 2326.712512 2338.778692 2332.649995 2334.225136 2311.964061 2292.244265 2307.684357 2339.453015 2372.332977 2408.468997 2429.601704 2421.121601 2421.015331 2430.895620 2454.509400 2465.317370 2462.583184 2444.256171 2468.935614 2483.702229 2490.466938 2489.966494 2481.511234 2492.168563 2506.847458 2499.540619 2482.925937 2490.807709 2503.353965 2513.175272 2500.960298 2438.103394 2420.704271 2414.164554 2406.200333 2390.112636 2383.124380 2407.937692 2404.812149 2394.794014 2375.522624 2341.257390 2295.923418 2275.638025 2313.544585 2355.420583 2410.241547 -9999.0 -9999.0 -9999.0 -9999.0 -9999.0 -9999.0 -9999.0 -9999.0 -9999.0 -9999.0 -9999.0 -9999.0 -9999.0 -9999.0
-9999.0 -9999.0 -9999.0 -9999.0 -9999.0 -9999.0 -9999.0 -9999.0 -9999.0 2197.597295 2203.892643 2212.514990 2216.790047 2233.904048 2232.133608 2240.892301 2248.285272 2277.650187 2309.825653 2345.800657 2374.822991 2368.072167 2369.351595 2378.016545 2378.680298 2390.772005 2414.246022 2455.938836 2492.418386 2532.993340 2504.758957 2503.744933 2523.988517 2568.812318 2596.285561 2600.273834 2581.962790 2595.662284 2620.119855 2639.014605 2637.729792 2633.989596 2658.201451 2672.706774 2669.099819 2647.679932 2642.646527 2646.259817 2672.529249 2620.226935 2552.481295 2506.843037 2514.677274 2487.634432 2454.185351 2435.980868 2432.741296 2450.672095 2434.610576 2396.281821 2360.027195 2346.611746 2327.203599 2344.138024 2364.618208 2408.290666 2445.763480 2472.664728 2470.005428 2451.202518 -9999.0 -9999.0 -9999.0 -9999.0 -9999.0 -9999.0 -9999.0 -9999.0 -9999.0 -9999.0
-9999.0 -9999.0 -9999.0 -9999.0 -9999.0 -9999.0 2116.693182 2127.953757 2150.015141 2154.723841 2182.365255 2190.346245 2212.281898 2232.765551 2256.750120 2273.649477 2303.492226 2337.373133 2377.567259 2419.992537 2452.863698 2446.269296 2457.529575 2483.489208 2518.241677 2544.238321 2570.749063 2612.240123 2689.229555 2731.874506 2734.363316 2740.010630 2751.133447 2801.944261 2866.015301 2876.879493 2855.971127 2842.148306 2864.482917 2902.007096 2904.462876 2905.668681 2817.074070 2826.264145 2852.764664 2844.115320 2904.922068 2894.845502 2898.109512 2876.871429 2809.477946 2746.940409 2717.742202 2664.049222 2580.258639 2530.056988 2543.682183 2564.016665 2535.602968 2481.734917 2441.672676 2430.867010 2414.757150 2401.836545 2408.639584 2426.720473 2446.609183 2456.043462 2440.710769 2417.308754 2393.355440 2363.140443 2363.797017 2387.719357 -9999.0 -9999.0 -9999.0 -9999.0 -9999.0 -9999.0
-9999.0 -9999.0 -9999.0 -9999.0 2064.984779 2079.125318 2066.988615 2094.589185 2128.953651 2164.927833 2196.471699 2233.219080 2261.208513 2292.649881 2331.739538 2362.141611 2401.723702 2437.181168 2491.481541 2559.399748 2610.132378 2631.196048 2646.250316 2704.777294 2767.262131 2819.990481 2842.686214 2871.984578 2815.322765 2870.547970 2893.893479 2898.157036 2915.614544 2955.958442 3008.588233 3015.019653 2997.879071 2989.611028 2997.880615 3010.601886 3032.720891 3032.873011 3033.052120 3036.303322 3042.746849 3041.810502 3017.980283 2985.651343 3001.521661 2991.861697 2957.351388 2886.975024 2853.776220 2826.611490 2884.833352 2829.282853 2771.945273 2762.048940 2701.981037 2641.497135 2582.611147 2564.639413 2535.455074 2510.946854 2484.765712 2487.621213 2490.781420 2468.666356 2433.383970 2398.931968 2382.255955 2361.713390 2348.400672 2377.244402 2393.241703 2421.915810 -9999.0 -9999.0 -9999.0 -9999.0
-9999.0 -9999.0 2003.220523 2051.014933 2109.722577 2119.083018 2117.896598 2124.752457 2154.984801 2208.593297 2280.071798 2325.668641 2363.796338 2399.841501 2460.006914 2532.655943 2601.609984 2649.487898 2716.006219 2790.670228 2854.930495 2886.797837 2902.955501 2836.765948 2889.621220 2955.412736 2982.780863 3008.533948 3008.609243 3042.177286 3041.551283 3053.408171 3064.209527 3073.045898 3084.380821 3089.334641 3085.160459 3080.720654 3062.825473 3058.299206 3064.913775 3071.395686 3071.607190 3057.472985 3053.551756 3068.011384 3073.120056 3071.650877 3070.402440 3075.846958 3074.538014 3030.346586 3005.282789 2991.413351 3011.401406 2966.355605 2901.083427 2865.945029 2846.665942 2902.329891 2823.508480 2775.568333 2726.190320 2681.401822 2629.349546 2602.715223 2557.866256 2515.633768 2467.825759 2419.615774 2394.080361 2374.975431 2370.867894 2368.402229 2383.282519 2396.807809 2410.924478 2418.062393 -9999.0 -9999.0
-9999.0 1895.535473 1967.721450 2092.612210 2173.465798 2216.813758 2238.885912 2254.215834 2285.072205 2319.337266 2416.988124 2487.554513 2577.061740 2619.676276 2670.119447 2769.926470 2868.966783 2819.753483 2856.693899 2916.686964 2979.311067 2997.528167 3022.726043 3012.954613 3049.011165 3071.104413 3076.753134 3081.948948 3079.831391 3071.510655 3064.203575 3071.125900 3068.747544 3050.318203 3034.951527 3033.440592 3030.179420 3007.803080 3009.919748 2995.196050 2997.984894 2992.666469 3008.645412 2988.618699 2984.493058 3004.887057 2995.855875 2985.705333 3003.159436 2989.236842 3022.567638 3045.294550 3049.870629 3067.470517 3088.336638 3060.787011 3036.867442 2995.422807 3009.358666 2984.536792 2928.625775 2872.953334 2824.698744 2864.838596 2800.049169 2736.974180 2674.384692 2610.893732 2545.419646 2503.005983 2471.056134 2420.923113 2400.392417 2401.070429 2391.012519 2386.539885 2390.556174 2396.015193 -9999.0 -9999.0
-9999.0 1805.980135 1946.920483 2128.875889 2276.908316 2329.213890 2412.070987 2482.709303 2507.787967 2469.135155 2578.026906 2801.518551 2839.067831 2854.056005 2925.933984 2991.223230 2986.530730 3015.144777 3036.312016 3054.382990 3069.067590 3080.487508 3078.116935 3072.214844 3056.353031 3048.521496 3048.067459 3046.145635 3029.383228 3010.961416 2994.514711 2992.128648 3004.190751 2958.265089 2925.248784 2908.179070 2891.280686 2876.253442 2848.108936 2823.542301 2901.040198 2820.826760 2817.383496 2894.253428 2890.759978 2817.757643 2847.511232 2844.344531 2854.578252 2874.283412 2910.703059 2948.302234 2967.381781 2996.308528 3000.062623 3044.960714 3055.956490 3077.842173 3081.494346 3067.872085 3023.868151 3005.526437 2975.721849 2920.768647 2860.016262 2883.022492 2818.867445 2756.560880 2686.508792 2639.980640 2590.962440 2531.419929 2479.215659 2459.682810 2419.459781 2400.261418 -9999.0 -9999.0 -9999.0 -9999.0
-9999.0 1713.654946 1897.113453 2145.373311 2434.926029 2527.900209 2737.292968 2813.683069 2855.927140 2921.110879 2841.271185 2996.561299 3038.314469 3030.842220 3037.327877 3038.855828 3052.055264 3052.069365 3047.098688 3036.551251 3027.579277 3023.481276 3022.251676 3014.468490 3002.118645 2988.054776 3006.369605 2995.172469 2959.916985 2927.991905 2890.452056 2877.346004 2837.219761 2841.564836 2798.474527 2757.874678 2695.210822 2690.112234 2688.158284 2657.702624 2638.282282 2610.705997 2636.854742 2647.572065 2651.945244 2650.252112 2664.874036 2696.839891 2747.739001 2787.399363 2832.929950 2886.917709 2819.091483 2858.146676 2899.322451 2951.949531 2982.132185 3011.252997 3026.272651 3062.524175 3084.513233 3072.288026 3051.403031 3009.694204 2980.628145 2930.103199 2898.439302 2845.825091 2846.979510 2793.731792 2742.689025 2686.026845 2617.014406 2545.543398 2504.036784 -9999.0 -9999.0 -9999.0 -9999.0 -9999.0
-9999.0 1509.186319 1774.903356 2050.942697 2344.416214 2685.748159 2806.664009 2909.028428 2971.926873 2946.309044 2961.286780 2972.074000 2984.481008 2990.240530 2994.937293 2983.869328 2968.583180 2967.647819 2980.513826 2953.986178 2924.701150 2911.657268 2911.977706 2900.859191 2877.543657 2862.256925 2852.866404 2835.457378 2883.437015 2829.984911 2743.583909 2706.711506 2623.868751 2577.331040 2535.476565 2484.905272 2434.005062 2434.244100 2454.037863 2441.077982 2418.905974 2400.569238 2428.703231 2449.742619 2463.508085 2450.490768 2459.879411 2496.388414 2547.209327 2592.860367 2642.868086 2699.852181 2746.448196 2794.049692 2824.506161 2872.829479 2816.158268 2857.816641 2927.663996 3003.252392 3006.075897 3038.981684 3069.650624 3090.438163 3048.766138 3020.631601 2997.726261 2994.256141 2945.290843 2899.794628 2859.839488 2797.192580 2776.943259 -9999.0 -9999.0 -9999.0 -9999.0 -9999.0 -9999.0 -9999.0
-9999.0 1390.971228 1595.313504 1803.493173 2069.215896 2305.878531 2521.660924 2625.634424 2707.842759 2768.624979 2817.917379 2856.952719 2811.272980 2831.909523 2810.841090 2854.926566 2826.147386 2832.215031 2826.473989 2804.914172 2776.592515 2762.086578 2757.894119 2749.938902 2724.606913 2709.432069 2697.547405 2672.388646 2642.767882 2586.651856 2509.184236 2432.830435 2374.604730 2348.113376 2320.745489 2289.752574 2257.997428 2268.170443 2278.798078 2276.759845 2267.952663 2266.392821 2295.280111 2314.575836 2324.874442 2314.687981 2334.719054 2361.169747 2402.447838 2447.041577 2496.682579 2551.354960 2605.609329 2633.938227 2645.596458 2667.480120 2705.849005 2760.020645 2846.198299 2832.882109 2907.158023 2952.760369 3002.259843 3008.727481 3034.341139 3062.693434 3081.135070 3070.804327 3045.272748 3013.682912 2972.345644 -9999.0 -9999.0 -9999.0 -9999.0 -9999.0 -9999.0 -9999.0 -9999.0 -9999.0
-9999.0 -9999.0 1366.441696 1529.941645 1645.403346 1816.129582 1963.270893 2073.812219 2172.129660 2304.464120 2421.444540 2513.207769 2558.927169 2577.299059 2565.826897 2539.267409 2522.074839 2522.938936 2512.632349 2504.646731 2487.633564 2480.283605 2466.479019 2457.000872 2448.258568 2443.264918 2437.562475 2426.785365 2406.094034 2360.611576 2316.779532 2267.967494 2216.724997 2192.034053 2170.996204 2150.876077 2151.517531 2146.077825 2150.707966 2152.461141 2160.479258 2173.737644 2193.406108 2216.087043 2226.267705 2236.570957 2249.235682 2273.163792 2306.191023 2348.842166 2403.407684 2462.637194 2503.538448 2516.638632 2506.328691 2509.872915 2527.206341 2567.590783 2644.318496 2727.172905 2825.993620 2899.896025 2859.796013 2913.838993 2939.198365 2972.460200 3011.525732 3057.215690 3092.298314 3071.235596 -9999.0 -9999.0 -9999.0 -9999.0 -9999.0 -9999.0 -9999.0 -9999.0 -9999.0 -9999.0
-9999.0 -9999.0 -9999.0 -9999.0 1390.459810 1541.296830 1639.175484 1721.127173 1853.684799 1980.574981 2085.003357 2171.160198 2237.674521 2265.601858 2265.848450 2278.845346 2277.396197 2270.450778 2260.591996 2262.835395 2264.743192 2257.535681 2241.385130 2233.690856 2234.978534 2240.174408 2236.817728 2222.609214 2203.806809 2184.803468 2167.568115 2134.541450 2100.077125 2071.274239 2058.262086 2053.489670 2052.986868 2045.117734 2053.226520 2061.109117 2076.500678 2091.559449 2115.134025 2144.489774 2159.037992 2174.267247 2184.109374 2204.462665 2235.301543 2289.139080 2353.256687 2411.944989 2449.582506 2454.866577 2431.329345 2415.907645 2411.566698 2438.542744 2481.517689 2545.449951 2646.414300 2721.590343 2777.223595 2822.320126 2857.831651 2817.440336 2902.079364 2975.225537 -9999.0 -9999.0 -9999.0 -9999.0 -9999.0 -9999.0 -9999.0 -9999.0 -9999.0 -9999.0 -9999.0 -9999.0
-9999.0 -9999.0 -9999.0 -9999.0 -9999.0 -9999.0 1359.609514 1463.789640 1537.769788 1684.373307 1823.229497 1928.491403 2011.207294 2046.097447 2077.598888 2107.395733 2107.725506 2089.025375 2068.920379 2089.397414 2105.947942 2099.544880 2068.031216 2067.971232 2073.121861 2080.290559 2077.109311 2070.285004 2044.944922 2058.693262 2060.942282 2037.776930 2011.965490 1998.554579 1986.667502 1996.168732 1996.045510 1981.726773 1981.156950 2008.317953 2028.853932 2041.764654 2063.142052 2096.422303 2129.089298 2144.951595 2146.627465 2152.677200 2191.737412 2262.140824 2334.826383 2391.480715 2425.215579 2434.235776 2408.733480 2369.400501 2349.811851 2357.071485 2391.280636 2442.228522 2517.273963 2565.694460 2589.365621 2600.297285 2617.183800 2711.835890 -9999.0 -9999.0 -9999.0 -9999.0 -9999.0 -9999.0 -9999.0 -9999.0 -9999.0 -9999.0 -9999.0 -9999.0 -9999.0 -9999.0
-9999.0 -9999.0 -9999.0 -9999.0 -9999.0 -9999.0 -9999.0 -9999.0 -9999.0 -9999.0 -9999.0 -9999.0 -9999.0 -9999.0 -9999.0 -9999.0 -9999.0 -9999.0 -9999.0 -9999.0 -9999.0 -9999.0 -9999.0 -9999.0 -9999.0 -9999.0 -9999.0 -9999.0 -9999.0 -9999.0 -9999.0 -9999.0 -9999.0 -9999.0 -9999.0 -9999.0 -9999.0 -9999.0 -9999.0 -9999.0 -9999.0 -9999.0 -9999.0 -9999.0 -9999.0 -9999.0 -9999.0 -9999.0 -9999.0 -9999.0 -9999.0 -9999.0 -9999.0 -9999.0 -9999.0 -9999.0 -9999.0 -9999.0 -9999.0 -9999.0 -9999.0 -9999.0 -9999.0 -9999.0 -9999.0 -9999.0 -9999.0 -9999.0 -9999.0 -9999.0 -9999.0 -9999.0 -9999.0 -9999.0 -9999.0 -9999.0 -9999.0 -9999.0 -9999.0 -9999.0
-9999.0 -9999.0 -9999.0 -9999.0 -9999.0 -9999.0 -9999.0 -9999.0 -9999.0 -9999.0 -9999.0 -9999.0 -9999.0 -9999.0 -9999.0 -9999.0 -9999.0 -9999.0 -9999.0 -9999.0 -9999.0 -9999.0 -9999.0 -9999.0 -9999.0 -9999.0 -9999.0 -9999.0 -9999.0 -9999.0 -9999.0 -9999.0 -9999.0 -9999.0 -9999.0 -9999.0 -9999.0 -9999.0 -9999.0 -9999.0 -9999.0 -9999.0 -9999.0 -9999.0 -9999.0 -9999.0 -9999.0 -9999.0 -9999.0 -9999.0 -9999.0 -9999.0 -9999.0 -9999.0 -9999.0 -9999.0 -9999.0 -9999.0 -9999.0 -9999.0 -9999.0 -9999.0 -9999.0 -9999.0 -9999.0 -9999.0 -9999.0 -9999.0 -9999.0 -9999.0 -9999.0 -9999.0 -9999.0 -9999.0 -9999.0 -9999.0 -9999.0 -9999.0 -9999.0 -9999.0