Borden_/Borden1m_014/output_maps/psiliqL0009N0023.asc
ncols         80
nrows         18
xllcorner     620200.000000
yllcorner     5168000.000000
cellsize      1.000000
NODATA_value  -9999.0
-9999.0 -9999.0 -9999.0 -9999.0 -9999.0 -9999.0 -9999.0 -9999.0 -9999.0 -9999.0 -9999.0 -9999.0 -9999.0 -9999.0 -9999.0 -9999.0 -9999.0 -9999.0 -9999.0 -9999.0 -9999.0 -9999.0 -9999.0 -9999.0 -9999.0 -9999.0 -9999.0 -9999.0 -9999.0 -9999.0 -9999.0 -9999.0 -9999.0 -9999.0 -9999.0 -9999.0 -9999.0 -9999.0 -9999.0 -9999.0 -9999.0 -9999.0 -9999.0 -9999.0 -9999.0 -9999.0 -9999.0 -9999.0 -9999.0 -9999.0 -9999.0 -9999.0 -9999.0 -9999.0 -9999.0 -9999.0 -9999.0 -9999.0 -9999.0 -9999.0 -9999.0 -9999.0 -9999.0 -9999.0 -9999.0 -9999.0 -9999.0 -9999.0 -9999.0 -9999.0 -9999.0 -9999.0 -9999.0 -9999.0 -9999.0 -9999.0 -9999.0 -9999.0 -9999.0 -9999.0
-9999.0 -9999.0 -9999.0 -9999.0 -9999.0 -9999.0 -9999.0 -9999.0 -9999.0 -9999.0 -9999.0 -9999.0 -9999.0 -9999.0 -9999.0 -9999.0 -9999.0 -9999.0 -9999.0 -9999.0 -9999.0 -9999.0 -9999.0 -9999.0 -9999.0 -9999.0 -9999.0 -9999.0 -9999.0 -9999.0 -9999.0 -9999.0 -9999.0 -9999.0 -9999.0 -9999.0 -9999.0 -9999.0 -9999.0 -9999.0 -9999.0 -9999.0 -9999.0 -9999.0 -9999.0 -9999.0 -9999.0 -9999.0 -9999.0 -9999.0 -9999.0 -9999.0 -9999.0 -9999.0 -9999.0 -9999.0 -9999.0 -9999.0 -9999.0 -9999.0 -9999.0 -9999.0 -9999.0 -9999.0 -9999.0 -9999.0 -9999.0 -9999.0 -9999.0 -9999.0 -9999.0 -9999.0 -9999.0 -9999.0 -9999.0 -9999.0 -9999.0 -9999.0 -9999.0 -9999.0
-9999.0 -9999.0 -9999.0 -9999.0 -9999.0 -9999.0 -9999.0 -9999.0 -9999.0 -9999.0 -9999.0 -9999.0 -9999.0 -9999.0 -9999.0 -9999.0 -9999.0 -9999.0 -9999.0 -9999.0 -66.543169 -63.525362 -86.022899 -119.865592 -148.126009 -145.949762 -110.644297 -69.212005 -30.905016 -20.018081 -37.603164 -35.612777 -40.203097 -40.102968 -36.814146 -30.458061 -27.406010 -15.744656 -6.987225 -6.948980 -12.842304 -18.227688 -18.910511 -15.253716 -10.246909 -19.804839 -6.564488 8.548756 14.472482 8.675384 -19.437228 -35.935097 -44.835870 -59.997840 -36.036528 -23.958939 -1.264673 2.789233 1.245165 -25.998729 -56.169685 -9999.0 -9999.0 -9999.0 -9999.0 -9999.0 -9999.0 -9999.0 -9999.0 -9999.0 -9999.0 -9999.0 -9999.0 -9999.0 -9999.0 -9999.0 -9999.0 -9999.0 -9999.0 -9999.0
-9999.0 -9999.0 -9999.0 -9999.0 -9999.0 -9999.0 -9999.0 -9999.0 -9999.0 -9999.0 -9999.0 -9999.0 -9999.0 -9999.0 -157.517111 -167.584723 -170.511139 -161.836294 -127.798707 -97.586755 -84.966509 -92.394795 -92.249957 -115.546921 -135.522028 -121.023916 -91.173802 -59.182483 -24.028577 -2.489003 -14.212913 -16.142649 -4.826282 23.530314 38.930104 36.794826 15.654490 38.740479 55.693006 66.063308 66.000615 58.019907 73.526387 90.662183 83.917942 65.109373 67.472400 78.645945 92.566883 75.851735 9.032778 -13.366311 -18.028909 -25.816428 -40.137218 -47.252325 -22.815812 -22.311660 -30.892377 -49.103267 -81.535086 -125.689047 -143.794417 -105.328156 -61.071586 -3.241241 -9999.0 -9999.0 -9999.0 -9999.0 -9999.0 -9999.0 -9999.0 -9999.0 -9999.0 -9999.0 -9999.0 -9999.0 -9999.0 -9999.0
-9999.0 -9999.0 -9999.0 -9999.0 -9999.0 -9999.0 -9999.0 -9999.0 -9999.0 -214.735018 -211.015832 -203.915924 -202.063596 -186.385582 -188.150896 -181.092148 -173.111450 -146.544284 -115.031348 -79.531914 -50.324134 -59.699466 -58.694939 -45.820101 -38.268691 -24.397676 -2.161737 40.602315 86.659977 132.630448 106.546290 106.464287 128.671845 181.274364 222.172611 233.858492 213.005746 217.542840 245.651682 274.586086 278.069188 278.467792 308.160343 325.486626 331.312787 306.751915 282.381406 278.423899 305.514124 246.289968 175.135330 117.190887 113.650391 77.492663 32.847850 8.680694 4.506650 25.312116 8.795468 -29.782161 -66.948177 -77.117495 -94.156454 -78.048496 -55.678027 -8.892321 29.682470 58.276601 58.371766 40.973807 -9999.0 -9999.0 -9999.0 -9999.0 -9999.0 -9999.0 -9999.0 -9999.0 -9999.0 -9999.0
-9999.0 -9999.0 -9999.0 -9999.0 -9999.0 -9999.0 -293.225120 -284.429297 -264.768387 -259.415943 -235.042243 -227.541817 -206.957497 -187.426786 -166.408461 -148.988652 -117.492785 -83.997687 -41.243341 4.476903 38.755203 36.275144 49.374517 88.240255 136.598307 172.177712 199.897948 245.946783 340.769176 399.073557 418.783781 428.919846 442.685862 486.574832 548.650182 573.664946 543.915736 525.849751 543.660247 582.138377 605.805462 611.052401 620.527270 629.785359 654.921126 643.041788 587.515136 565.318114 559.026251 546.467728 494.463801 433.734753 381.251467 315.832024 219.774940 155.800833 153.623393 166.174536 130.081676 71.378579 25.660788 13.053151 -3.231774 -18.541056 -13.912360 4.933158 27.825045 38.957511 26.276702 5.539096 -17.532441 -46.306681 -44.644940 -19.279116 -9999.0 -9999.0 -9999.0 -9999.0 -9999.0 -9999.0
-9999.0 -9999.0 -9999.0 -9999.0 -342.861286 -330.518233 -342.345390 -318.695147 -286.790894 -253.594674 -221.142888 -183.475411 -155.827213 -125.191700 -82.295335 -42.837489 3.393463 42.653913 104.061610 179.683722 238.653744 272.382521 298.861746 378.150376 450.031576 501.332281 519.655210 546.342021 593.842038 669.216148 700.655165 706.777700 725.667749 754.635001 799.597554 833.399936 814.683214 806.511649 810.736972 821.629269 848.709944 851.403226 853.533482 854.918162 857.659858 856.470969 830.949341 797.240129 781.940194 774.274797 749.446826 686.247942 629.153336 592.161239 561.945953 516.790272 452.179257 425.270122 353.585262 280.837777 203.842390 173.237873 135.579778 104.107209 69.681508 67.915169 69.064641 48.053411 16.507900 -15.854862 -30.987735 -49.721328 -60.030671 -30.219038 -12.551397 18.380283 -9999.0 -9999.0 -9999.0 -9999.0
-9999.0 -9999.0 -400.974423 -351.185449 -295.309172 -286.789462 -284.817013 -279.753443 -252.677682 -201.463090 -121.875925 -67.445324 -20.403439 14.203569 80.274800 172.042230 258.861420 322.788795 398.106281 470.129962 529.478918 567.557037 601.780482 645.411440 695.384728 750.959236 772.953501 796.026406 828.439457 862.411065 883.853020 899.100948 905.837556 904.503143 906.761436 906.792963 902.307874 895.937469 877.923172 874.991623 882.684699 886.627095 889.519801 877.013326 873.130503 885.588302 887.508033 886.958923 887.167400 895.493679 903.255934 870.143419 820.564409 804.265390 793.944548 755.779460 694.601117 639.340091 609.946669 566.821902 492.080601 439.233349 376.381201 307.903043 240.389990 198.289510 144.492920 99.378409 51.636736 5.065873 -18.975247 -37.700858 -40.190211 -39.820685 -23.834904 -8.238244 7.178625 14.999209 -9999.0 -9999.0
-9999.0 -500.266012 -427.719759 -300.159081 -221.123123 -175.647448 -135.313059 -106.147452 -80.090302 -61.702996 51.958853 164.721276 265.435645 309.016833 378.343120 483.325367 585.828459 631.961322 667.559956 715.149284 769.719111 815.652488 846.071032 872.773046 901.521990 904.700595 904.066394 904.842480 899.210028 892.437499 882.941676 889.538829 887.444324 871.016074 857.092162 854.685820 847.905323 820.325761 791.281893 776.527990 779.660883 800.769989 790.204428 770.515018 767.045146 787.226963 804.577181 797.086443 785.514660 804.747976 839.734510 861.223400 875.597665 890.515859 910.462366 887.615131 855.996940 814.354469 791.813321 764.704495 701.150622 638.395502 582.456427 519.218962 452.985523 373.158591 291.822063 220.321379 147.280545 103.078050 69.264313 15.733079 -8.411942 -7.671188 -17.250099 -20.004014 -13.578077 -7.177232 -9999.0 -9999.0
-9999.0 -572.867377 -429.525237 -243.448462 -95.351874 -30.601307 91.805404 180.484483 213.531342 192.891494 323.593234 559.044360 644.691862 661.561535 729.149458 808.435396 844.456291 873.559093 892.306695 892.327489 892.372930 898.361982 896.436457 890.053511 876.568648 868.773737 867.522116 864.037814 844.844412 825.298037 806.910707 801.474360 785.972268 749.052766 719.332405 703.991896 686.180615 650.959417 609.955606 580.110706 565.531346 582.965729 574.156612 557.024852 553.608432 576.715751 610.678621 607.833342 616.869241 642.265634 685.231129 731.772614 755.705865 785.187924 821.168262 863.467347 881.641202 901.675765 906.212111 884.333583 842.062441 792.433650 757.987937 689.354358 616.657507 538.214388 476.950020 417.975833 336.916584 274.000251 214.900481 149.110580 85.881450 54.985213 14.087819 -7.329787 -9999.0 -9999.0 -9999.0 -9999.0
-9999.0 -639.995148 -448.839420 -183.026805 81.370917 221.513304 438.696062 573.289468 650.497052 696.695210 728.333397 840.977957 865.902951 858.849807 846.061060 847.950371 862.005485 866.038217 862.645784 853.074647 842.355044 835.325451 834.383412 825.989741 815.578168 800.349903 786.903259 771.965335 725.398197 690.938724 658.099352 639.861308 601.718377 515.685944 477.068675 445.809463 384.910304 368.356164 350.208074 311.604269 286.901789 268.407120 288.608741 288.925992 290.081248 300.209388 326.932240 353.892834 405.482177 447.446817 490.823649 542.809617 578.756887 625.067113 674.851685 737.752700 769.941026 799.765757 843.828748 885.141940 908.088150 899.369857 870.067032 827.513913 759.887827 688.099850 641.490760 575.962309 511.741140 458.257391 411.360867 346.607312 258.335808 149.233182 103.051655 -9999.0 -9999.0 -9999.0 -9999.0 -9999.0
-9999.0 -796.990291 -529.364963 -232.383128 102.944796 437.383111 555.872089 719.327964 794.275111 735.517898 710.996600 737.104232 774.315303 785.380686 766.943090 760.893529 753.167548 753.672866 766.541149 740.302776 703.737817 688.006469 686.180073 672.627078 647.545100 627.370654 611.950923 589.573687 539.279881 492.519611 418.545863 384.391265 294.664628 218.731086 168.204027 117.178681 61.829994 57.436649 71.236816 52.774186 29.161689 9.843679 35.587954 51.356689 62.609066 53.464581 63.955938 101.084382 153.288361 200.541167 257.013680 324.321282 384.435152 445.139267 480.262561 532.074150 579.725881 629.805466 704.926764 789.148556 825.262960 860.357526 896.207160 912.311142 865.771572 817.569603 771.853304 719.628580 633.650521 580.089713 548.803847 506.559158 449.939680 -9999.0 -9999.0 -9999.0 -9999.0 -9999.0 -9999.0 -9999.0
-9999.0 -930.152893 -699.783765 -453.170481 -152.421857 90.844010 288.749062 418.151018 508.267505 498.365630 507.584460 533.700865 562.270295 584.306981 563.415849 530.270081 506.347983 510.826864 510.365446 487.961109 459.807631 445.688200 443.515989 433.427168 401.085621 379.341970 362.761797 331.740931 284.534746 220.820591 134.100492 61.798240 -3.931104 -41.575813 -72.930531 -106.894732 -146.447852 -136.388469 -122.291745 -127.240431 -139.814680 -144.371165 -114.803888 -96.431883 -86.399467 -99.309272 -80.648733 -53.367291 -10.949156 31.843074 81.261316 138.103563 195.181777 230.890092 251.732341 289.145550 345.455796 417.539929 505.766868 603.374374 680.769185 737.313622 789.563266 823.672467 840.044032 860.229981 846.644532 784.107419 677.660549 651.270768 628.743821 -9999.0 -9999.0 -9999.0 -9999.0 -9999.0 -9999.0 -9999.0 -9999.0 -9999.0
-9999.0 -9999.0 -936.286491 -747.295115 -589.438733 -403.598315 -251.802403 -141.380449 -63.944818 27.904893 118.743545 195.283962 238.682371 257.020878 237.950025 196.369614 170.108089 170.145777 160.774392 146.734747 122.283654 112.388023 102.006095 92.844203 77.715134 68.643464 61.600496 48.361607 23.327451 -25.530000 -79.226714 -132.410428 -187.945071 -213.660426 -235.929422 -258.720611 -262.302973 -264.218721 -257.462800 -256.320854 -251.002811 -239.313966 -218.579456 -197.229827 -187.847804 -180.775160 -168.215496 -144.482614 -111.221602 -70.143881 -17.646713 38.532414 77.443723 90.400505 82.194718 90.308341 116.384786 167.539119 265.692176 376.620639 478.128579 551.441066 627.155670 682.153397 707.401092 733.252721 765.449374 731.948777 472.306114 621.340832 -9999.0 -9999.0 -9999.0 -9999.0 -9999.0 -9999.0 -9999.0 -9999.0 -9999.0 -9999.0
-9999.0 -9999.0 -9999.0 -9999.0 -890.451316 -734.089916 -640.875401 -559.231506 -437.995884 -327.884673 -236.049709 -159.383043 -106.220166 -82.679815 -93.605682 -98.750093 -106.841420 -110.657393 -119.361957 -124.794825 -130.467653 -138.619175 -150.459737 -158.434291 -159.505497 -156.295158 -158.686853 -172.159977 -188.521092 -215.821626 -239.889638 -275.197522 -312.303980 -341.557297 -354.612431 -361.477191 -361.180659 -366.678860 -357.072844 -350.658814 -335.742967 -320.286796 -296.289202 -268.042219 -255.515878 -241.394607 -231.749235 -210.977430 -181.019515 -128.303440 -66.307674 -10.717367 22.741678 25.794170 -0.853839 -17.029150 -20.045478 9.188875 59.537492 136.079044 248.954818 341.948361 424.050218 477.453337 513.903282 566.241345 634.206632 686.673998 -9999.0 -9999.0 -9999.0 -9999.0 -9999.0 -9999.0 -9999.0 -9999.0 -9999.0 -9999.0 -9999.0 -9999.0
-9999.0 -9999.0 -9999.0 -9999.0 -9999.0 -9999.0 -946.001780 -851.522195 -765.284729 -644.244435 -531.316333 -439.410421 -364.690396 -339.475445 -321.724985 -299.322450 -303.808282 -320.828105 -337.597432 -320.956863 -311.304284 -316.323327 -344.143328 -345.656883 -342.119811 -332.735220 -333.924267 -339.993565 -364.851560 -356.502400 -357.809100 -380.881291 -406.940680 -421.225825 -432.658845 -422.530868 -421.593881 -434.048099 -431.572404 -405.411165 -385.636087 -372.138707 -349.570536 -316.425569 -284.544615 -270.378997 -269.527432 -263.447012 -222.142098 -152.024430 -82.131438 -29.318977 0.806114 7.381426 -21.952050 -63.729887 -85.993052 -79.976561 -45.710234 8.524569 88.115267 142.869838 180.615801 207.724823 242.050704 353.295537 -9999.0 -9999.0 -9999.0 -9999.0 -9999.0 -9999.0 -9999.0 -9999.0 -9999.0 -9999.0 -9999.0 -9999.0 -9999.0 -9999.0
-9999.0 -9999.0 -9999.0 -9999.0 -9999.0 -9999.0 -9999.0 -9999.0 -9999.0 -9999.0 -9999.0 -9999.0 -9999.0 -9999.0 -9999.0 -9999.0 -9999.0 -9999.0 -9999.0 -9999.0 -9999.0 -9999.0 -9999.0 -9999.0 -9999.0 -9999.0 -9999.0 -9999.0 -9999.0 -9999.0 -9999.0 -9999.0 -9999.0 -9999.0 -9999.0 -9999.0 -9999.0 -9999.0 -9999.0 -9999.0 -9999.0 -9999.0 -9999.0 -9999.0 -9999.0 -9999.0 -9999.0 -9999.0 -9999.0 -9999.0 -9999.0 -9999.0 -9999.0 -9999.0 -9999.0 -9999.0 -9999.0 -9999.0 -9999.0 -9999.0 -9999.0 -9999.0 -9999.0 -9999.0 -9999.0 -9999.0 -9999.0 -9999.0 -9999.0 -9999.0 -9999.0 -9999.0 -9999.0 -9999.0 -9999.0 -9999.0 -9999.0 -9999.0 -9999.0 -9999.0
-9999.0 -9999.0 -9999.0 -9999.0 -9999.0 -9999.0 -9999.0 -9999.0 -9999.0 -9999.0 -9999.0 -9999.0 -9999.0 -9999.0 -9999.0 -9999.0 -9999.0 -9999.0 -9999.0 -9999.0 -9999.0 -9999.0 -9999.0 -9999.0 -9999.0 -9999.0 -9999.0 -9999.0 -9999.0 -9999.0 -9999.0 -9999.0 -9999.0 -9999.0 -9999.0 -9999.0 -9999.0 -9999.0 -9999.0 -9999.0 -9999.0 -9999.0 -9999.0 -9999.0 -9999.0 -9999.0 -9999.0 -9999.0 -9999.0 -9999.0 -9999.0 -9999.0 -9999.0 -9999.0 -9999.0 -9999.0 -9999.0 -9999.0 -9999.0 -9999.0 -9999.0 -9999.0 -9999.0 -9999.0 -9999.0 -9999.0 -9999.0 -9999.0 -9999.0 -9999.0 -9999.0 -9999.0 -9999.0 -9999.0 -9999.0 -9999.0 -9999.0 -9999.0 -9999.0 -9999.0