Borden_/Borden1m_014/output_maps/psiliqL0016N0034.asc
ncols         80
nrows         18
xllcorner     620200.000000
yllcorner     5168000.000000
cellsize      1.000000
NODATA_value  -9999.0
-9999.0 -9999.0 -9999.0 -9999.0 -9999.0 -9999.0 -9999.0 -9999.0 -9999.0 -9999.0 -9999.0 -9999.0 -9999.0 -9999.0 -9999.0 -9999.0 -9999.0 -9999.0 -9999.0 -9999.0 -9999.0 -9999.0 -9999.0 -9999.0 -9999.0 -9999.0 -9999.0 -9999.0 -9999.0 -9999.0 -9999.0 -9999.0 -9999.0 -9999.0 -9999.0 -9999.0 -9999.0 -9999.0 -9999.0 -9999.0 -9999.0 -9999.0 -9999.0 -9999.0 -9999.0 -9999.0 -9999.0 -9999.0 -9999.0 -9999.0 -9999.0 -9999.0 -9999.0 -9999.0 -9999.0 -9999.0 -9999.0 -9999.0 -9999.0 -9999.0 -9999.0 -9999.0 -9999.0 -9999.0 -9999.0 -9999.0 -9999.0 -9999.0 -9999.0 -9999.0 -9999.0 -9999.0 -9999.0 -9999.0 -9999.0 -9999.0 -9999.0 -9999.0 -9999.0 -9999.0
-9999.0 -9999.0 -9999.0 -9999.0 -9999.0 -9999.0 -9999.0 -9999.0 -9999.0 -9999.0 -9999.0 -9999.0 -9999.0 -9999.0 -9999.0 -9999.0 -9999.0 -9999.0 -9999.0 -9999.0 -9999.0 -9999.0 -9999.0 -9999.0 -9999.0 -9999.0 -9999.0 -9999.0 -9999.0 -9999.0 -9999.0 -9999.0 -9999.0 -9999.0 -9999.0 -9999.0 -9999.0 -9999.0 -9999.0 -9999.0 -9999.0 -9999.0 -9999.0 -9999.0 -9999.0 -9999.0 -9999.0 -9999.0 -9999.0 -9999.0 -9999.0 -9999.0 -9999.0 -9999.0 -9999.0 -9999.0 -9999.0 -9999.0 -9999.0 -9999.0 -9999.0 -9999.0 -9999.0 -9999.0 -9999.0 -9999.0 -9999.0 -9999.0 -9999.0 -9999.0 -9999.0 -9999.0 -9999.0 -9999.0 -9999.0 -9999.0 -9999.0 -9999.0 -9999.0 -9999.0
-9999.0 -9999.0 -9999.0 -9999.0 -9999.0 -9999.0 -9999.0 -9999.0 -9999.0 -9999.0 -9999.0 -9999.0 -9999.0 -9999.0 -9999.0 -9999.0 -9999.0 -9999.0 -9999.0 -9999.0 1351.419807 1354.258182 1333.206717 1300.692277 1274.125139 1277.848685 1313.833828 1356.764328 1397.168550 1408.481848 1392.076349 1396.310480 1393.121863 1392.509365 1395.648181 1403.657684 1409.364602 1421.406654 1430.871665 1431.601887 1426.744411 1422.836260 1424.266635 1427.249236 1432.388309 1419.974779 1432.862341 1446.483693 1449.604328 1442.595180 1413.736386 1396.428726 1385.224947 1367.349451 1389.916574 1399.564205 1420.363108 1422.710335 1419.335344 1391.087947 1360.194989 -9999.0 -9999.0 -9999.0 -9999.0 -9999.0 -9999.0 -9999.0 -9999.0 -9999.0 -9999.0 -9999.0 -9999.0 -9999.0 -9999.0 -9999.0 -9999.0 -9999.0 -9999.0 -9999.0
-9999.0 -9999.0 -9999.0 -9999.0 -9999.0 -9999.0 -9999.0 -9999.0 -9999.0 -9999.0 -9999.0 -9999.0 -9999.0 -9999.0 1257.530120 1249.000496 1247.537003 1257.179833 1291.904086 1323.150543 1335.492678 1329.086719 1330.461230 1308.208343 1288.880581 1304.424874 1336.063114 1369.550851 1405.982202 1427.679716 1418.231440 1417.585929 1428.224643 1453.693851 1466.713481 1464.885072 1446.699457 1471.539695 1488.379072 1497.911721 1498.886120 1491.659431 1504.609547 1520.103596 1512.739733 1494.952879 1499.651098 1510.241581 1520.002202 1504.825018 1439.667509 1419.043011 1412.262544 1403.433064 1387.120561 1378.932201 1402.657378 1400.612034 1390.654679 1371.180970 1337.103794 1291.972411 1272.125173 1309.612567 1351.914221 1407.795287 -9999.0 -9999.0 -9999.0 -9999.0 -9999.0 -9999.0 -9999.0 -9999.0 -9999.0 -9999.0 -9999.0 -9999.0 -9999.0 -9999.0
-9999.0 -9999.0 -9999.0 -9999.0 -9999.0 -9999.0 -9999.0 -9999.0 -9999.0 1196.047024 1201.704009 1210.258096 1214.102149 1231.088559 1229.600891 1238.116939 1246.312796 1275.026710 1307.458970 1343.803815 1373.644994 1366.297763 1368.295888 1379.175133 1383.025297 1396.384585 1420.149422 1462.540024 1503.272124 1545.416062 1518.112379 1517.190534 1537.452238 1584.453473 1616.450955 1623.353862 1606.242052 1617.643898 1644.317741 1667.554129 1668.944643 1667.769658 1693.477830 1707.580180 1706.908305 1685.548105 1673.147680 1672.398584 1695.670816 1642.210296 1573.908073 1523.237277 1526.553487 1495.613300 1457.314481 1436.154957 1431.473591 1449.579912 1432.814153 1393.953906 1356.187233 1343.226191 1324.023251 1339.810579 1360.250869 1404.653675 1441.850439 1468.674935 1466.533124 1447.926235 -9999.0 -9999.0 -9999.0 -9999.0 -9999.0 -9999.0 -9999.0 -9999.0 -9999.0 -9999.0
-9999.0 -9999.0 -9999.0 -9999.0 -9999.0 -9999.0 1115.191775 1125.815289 1147.430806 1152.982789 1179.976440 1188.689902 1210.855352 1231.692719 1255.178908 1273.127349 1304.517794 1339.078546 1381.274085 1425.705362 1459.430775 1455.690595 1467.715405 1498.467676 1537.374646 1566.832827 1593.931685 1636.184206 1713.895929 1757.163269 1764.053958 1769.731489 1780.169944 1829.333819 1893.153826 1907.687759 1888.474480 1875.627893 1898.061502 1936.441771 1943.604608 1946.406900 1958.212718 1968.033788 1993.272489 1982.330146 1941.230224 1925.980732 1922.860407 1903.669220 1839.921514 1775.867454 1742.090722 1690.965693 1606.395315 1551.234744 1557.718534 1574.621621 1543.856229 1487.891808 1445.356575 1432.685164 1415.536083 1400.590184 1405.151935 1422.223844 1442.140771 1451.177814 1436.075028 1413.127581 1388.896186 1358.927865 1359.882290 1384.384939 -9999.0 -9999.0 -9999.0 -9999.0 -9999.0 -9999.0
-9999.0 -9999.0 -9999.0 -9999.0 1063.771462 1077.584993 1066.201420 1092.887527 1127.122515 1163.010959 1196.255412 1234.578224 1263.664438 1295.902700 1337.792644 1373.123160 1416.402528 1453.779415 1509.899692 1579.700408 1632.720494 1658.013559 1674.997998 1733.794383 1795.438901 1848.419180 1870.867330 1900.204031 1946.068731 2007.407086 2035.256398 2042.367571 2060.169146 2096.226775 2144.187801 2177.656331 2161.709894 2154.827972 2162.725495 2176.299020 2201.527918 2204.210406 2206.790178 2209.529431 2213.924323 2211.804250 2185.706914 2150.652484 2135.044473 2124.229816 2092.472285 2022.133506 1981.768687 1950.155226 1913.704839 1859.917022 1796.412129 1780.886705 1722.365557 1663.081222 1599.475784 1576.372276 1544.074018 1516.667868 1485.809936 1485.218840 1485.905958 1462.649949 1427.681587 1393.304842 1376.595998 1356.509710 1344.372887 1373.651249 1390.509522 1420.210113 -9999.0 -9999.0 -9999.0 -9999.0
-9999.0 -9999.0 1002.826640 1051.753485 1109.851989 1119.736592 1121.008410 1128.551319 1159.049288 1213.273849 1289.535862 1340.739589 1384.166985 1420.570384 1482.146703 1561.964426 1635.421163 1685.791508 1747.353777 1818.854307 1882.516984 1917.450047 1936.062523 1976.144177 2030.669646 2093.686197 2121.433124 2148.914333 2181.520187 2216.653466 2226.590279 2240.598260 2249.417923 2253.191548 2259.606221 2261.705779 2257.033463 2251.699344 2233.708552 2230.509623 2238.452072 2245.005334 2246.664421 2233.315749 2229.214046 2242.381174 2245.649449 2243.557078 2241.987480 2248.399482 2250.396833 2209.800148 2173.926400 2157.450507 2145.559373 2099.748920 2033.863647 1991.801827 1967.570073 1923.121706 1844.226010 1792.244453 1740.870088 1691.482002 1637.734436 1605.170269 1556.153746 1510.838169 1461.598075 1413.217141 1388.060300 1368.954557 1365.539377 1364.456816 1379.872103 1394.457552 1409.224427 1416.697402 -9999.0 -9999.0
-9999.0 898.394677 971.046546 1097.527297 1178.629862 1224.021629 1255.103431 1278.309106 1309.417300 1339.157741 1444.264140 1531.038701 1623.543315 1663.506446 1715.377934 1813.716524 1909.686530 1957.092134 1996.581797 2054.456948 2116.075905 2164.945836 2194.738078 2203.349741 2238.446666 2253.945718 2257.968930 2262.160653 2259.354960 2251.949712 2243.644658 2249.803215 2245.650391 2225.952626 2209.071028 2205.177485 2198.907123 2173.862396 2144.890037 2129.893095 2132.526571 2156.150315 2144.148600 2123.513258 2119.721642 2140.924115 2160.552340 2151.700912 2140.184561 2158.817878 2193.986243 2216.853154 2226.426494 2243.338809 2263.892196 2237.607050 2209.313567 2166.444573 2145.711201 2115.499333 2055.717076 1993.398045 1937.465754 1875.727495 1808.045078 1739.260801 1674.213827 1610.280603 1541.956565 1499.119253 1466.935862 1416.506025 1395.490716 1396.701010 1387.225620 1383.482027 1388.679572 1394.595220 -9999.0 -9999.0
-9999.0 816.001679 958.357112 1142.806737 1291.902619 1350.383571 1449.374715 1528.152380 1557.657232 1529.514221 1638.714976 1858.435851 1964.620439 1984.381146 2057.878723 2147.772774 2164.442092 2197.751021 2220.850010 2233.396129 2243.803801 2255.161724 2254.641217 2250.003117 2235.837690 2228.125074 2226.524336 2223.012168 2204.461061 2184.138529 2165.439196 2160.203172 2140.183589 2094.101619 2059.590334 2040.880891 2023.182075 2003.033852 1970.431347 1943.544861 1928.481544 1943.694586 1937.619791 1921.265511 1917.543499 1939.416194 1971.622425 1968.357107 1977.703950 2000.365592 2040.705875 2081.268052 2104.819894 2136.084798 2174.014223 2219.451967 2234.693426 2256.390743 2260.241429 2241.571822 2195.892190 2141.656877 2105.230965 2040.325641 1965.490599 1884.811780 1817.344247 1752.404767 1681.378162 1634.460091 1587.736865 1530.957488 1478.108607 1456.324818 1416.639329 1396.741179 -9999.0 -9999.0 -9999.0 -9999.0
-9999.0 734.198154 921.451025 1177.938502 1457.009171 1564.732574 1769.123646 1897.205373 1954.698679 2024.574975 1993.743629 2149.107890 2191.730340 2189.439317 2191.664344 2197.084865 2213.713293 2217.776557 2214.847321 2205.361830 2196.785337 2193.178525 2192.075507 2184.670525 2172.158929 2156.570678 2142.113560 2127.758487 2088.350591 2053.595753 2015.852434 1999.887608 1959.046967 1866.326388 1822.491032 1785.029370 1727.209824 1721.199246 1716.157230 1688.132899 1668.610575 1647.333400 1669.995893 1675.235555 1678.026476 1680.821703 1697.291180 1722.152006 1767.685487 1805.001157 1850.082931 1903.293728 1939.045100 1983.399192 2030.285091 2087.126673 2121.131209 2153.079359 2201.599790 2240.858888 2263.672847 2250.915391 2222.177606 2172.558650 2097.884578 2027.414622 1973.337654 1896.055364 1829.335212 1776.113225 1731.289890 1682.511362 1619.794517 1543.938752 1502.646079 -9999.0 -9999.0 -9999.0 -9999.0 -9999.0
-9999.0 549.365809 816.631410 1102.207552 1412.056440 1741.723137 1879.797657 2005.186483 2077.659240 2047.779253 2057.970803 2079.259496 2122.800959 2133.045666 2114.858710 2106.707013 2095.513197 2095.919790 2108.980994 2082.644540 2052.998294 2039.474127 2038.872561 2026.973534 2003.334825 1985.953864 1973.058234 1951.446748 1902.418284 1850.060544 1767.219384 1735.613592 1658.815250 1603.526010 1558.883516 1508.723641 1457.975600 1456.756480 1474.184791 1459.716224 1437.510599 1419.220358 1446.133222 1464.408181 1476.996662 1465.558466 1474.919832 1511.289899 1561.346337 1606.277649 1657.088851 1712.552345 1759.711822 1807.951456 1840.664200 1891.677906 1940.454073 1988.018585 2062.440326 2141.960002 2179.601408 2213.959545 2244.545729 2257.020901 2200.812322 2145.984125 2087.305862 2019.211819 1934.631924 1887.167877 1863.521995 1825.750197 1772.632512 -9999.0 -9999.0 -9999.0 -9999.0 -9999.0 -9999.0 -9999.0
-9999.0 424.648697 640.586912 866.006895 1146.968151 1384.342219 1582.488105 1689.914902 1769.288564 1809.411056 1847.519436 1884.006811 1916.340059 1940.626186 1920.416612 1881.327330 1852.892850 1857.190989 1852.407320 1828.524330 1798.785290 1783.656050 1780.798887 1773.685141 1749.256066 1734.588687 1723.300399 1699.924653 1665.897880 1609.403164 1529.756017 1456.589467 1395.648012 1364.111079 1334.299385 1301.510628 1266.182196 1276.112279 1288.368996 1284.946158 1274.648049 1271.937153 1301.105147 1320.301036 1330.584951 1319.365887 1338.882981 1365.844498 1407.843284 1451.649648 1501.642596 1557.730157 1612.437837 1642.617357 1657.401093 1683.737055 1723.943324 1778.485280 1864.958121 1959.575071 2037.452211 2085.918071 2135.651842 2167.271780 2177.002627 2181.806152 2149.528371 2062.235190 1949.521556 1937.920830 1937.449258 -9999.0 -9999.0 -9999.0 -9999.0 -9999.0 -9999.0 -9999.0 -9999.0 -9999.0
-9999.0 -9999.0 408.091116 583.322559 718.003989 896.677945 1046.843154 1157.341830 1247.628556 1363.252246 1469.933731 1555.250263 1600.733408 1619.051757 1605.346351 1572.510256 1551.332458 1551.125906 1540.625726 1529.664890 1509.439735 1501.184424 1489.728690 1481.208239 1471.075612 1465.270074 1459.399242 1447.363867 1424.724348 1377.445390 1328.774012 1277.310782 1223.963290 1198.134716 1175.922188 1154.194838 1152.712103 1148.561837 1154.036112 1155.497424 1162.396057 1175.019488 1195.133810 1217.220872 1227.113426 1236.149957 1248.871408 1272.892099 1306.371564 1349.187274 1403.790329 1462.260653 1502.955581 1516.685185 1508.115875 1514.243110 1535.638760 1579.202455 1660.763647 1744.986478 1840.026174 1910.594738 1980.432698 2030.208575 2042.958693 2052.911056 2059.840234 1996.207738 1801.690106 1877.997085 -9999.0 -9999.0 -9999.0 -9999.0 -9999.0 -9999.0 -9999.0 -9999.0 -9999.0 -9999.0
-9999.0 -9999.0 -9999.0 -9999.0 442.490005 597.110855 694.422047 778.025806 907.077126 1027.357711 1127.523496 1210.733712 1272.688944 1299.254609 1294.936225 1299.957401 1295.197134 1289.002050 1279.144215 1277.745746 1276.196099 1268.480787 1254.131419 1246.503365 1247.035839 1251.502385 1248.490734 1234.316191 1216.056522 1192.963055 1172.134520 1137.428326 1101.180176 1071.686313 1058.224601 1052.249250 1051.835723 1044.844663 1053.493758 1060.737218 1075.906854 1091.134260 1114.916428 1143.920526 1157.707722 1172.564492 1182.470815 1203.222079 1233.914737 1287.660580 1351.516188 1409.851649 1446.313786 1451.446194 1427.551512 1412.925766 1410.236652 1439.212659 1485.337500 1553.615434 1655.763104 1728.753969 1785.391938 1828.514935 1857.878907 1898.471075 1939.890906 1965.007469 -9999.0 -9999.0 -9999.0 -9999.0 -9999.0 -9999.0 -9999.0 -9999.0 -9999.0 -9999.0 -9999.0 -9999.0
-9999.0 -9999.0 -9999.0 -9999.0 -9999.0 -9999.0 401.645426 503.005265 583.754190 721.301950 850.615362 951.250873 1031.143731 1062.526358 1088.324207 1114.703607 1112.655908 1094.340248 1075.362832 1093.729951 1107.029204 1101.018923 1071.058060 1070.393756 1074.883583 1082.903936 1080.439767 1073.676965 1048.229210 1059.074201 1059.213689 1035.602805 1009.247959 995.072145 983.009456 992.451269 992.575586 978.954424 979.595085 1006.286425 1026.479903 1039.637241 1061.501903 1094.730171 1127.105524 1142.345132 1143.827524 1150.136317 1190.477734 1260.996414 1332.933979 1388.691193 1421.603737 1430.243130 1403.612182 1364.203205 1344.505451 1352.471161 1388.215078 1441.866981 1518.482526 1568.030993 1594.037934 1607.222153 1624.588807 1712.871642 -9999.0 -9999.0 -9999.0 -9999.0 -9999.0 -9999.0 -9999.0 -9999.0 -9999.0 -9999.0 -9999.0 -9999.0 -9999.0 -9999.0
-9999.0 -9999.0 -9999.0 -9999.0 -9999.0 -9999.0 -9999.0 -9999.0 -9999.0 -9999.0 -9999.0 -9999.0 -9999.0 -9999.0 -9999.0 -9999.0 -9999.0 -9999.0 -9999.0 -9999.0 -9999.0 -9999.0 -9999.0 -9999.0 -9999.0 -9999.0 -9999.0 -9999.0 -9999.0 -9999.0 -9999.0 -9999.0 -9999.0 -9999.0 -9999.0 -9999.0 -9999.0 -9999.0 -9999.0 -9999.0 -9999.0 -9999.0 -9999.0 -9999.0 -9999.0 -9999.0 -9999.0 -9999.0 -9999.0 -9999.0 -9999.0 -9999.0 -9999.0 -9999.0 -9999.0 -9999.0 -9999.0 -9999.0 -9999.0 -9999.0 -9999.0 -9999.0 -9999.0 -9999.0 -9999.0 -9999.0 -9999.0 -9999.0 -9999.0 -9999.0 -9999.0 -9999.0 -9999.0 -9999.0 -9999.0 -9999.0 -9999.0 -9999.0 -9999.0 -9999.0
-9999.0 -9999.0 -9999.0 -9999.0 -9999.0 -9999.0 -9999.0 -9999.0 -9999.0 -9999.0 -9999.0 -9999.0 -9999.0 -9999.0 -9999.0 -9999.0 -9999.0 -9999.0 -9999.0 -9999.0 -9999.0 -9999.0 -9999.0 -9999.0 -9999.0 -9999.0 -9999.0 -9999.0 -9999.0 -9999.0 -9999.0 -9999.0 -9999.0 -9999.0 -9999.0 -9999.0 -9999.0 -9999.0 -9999.0 -9999.0 -9999.0 -9999.0 -9999.0 -9999.0 -9999.0 -9999.0 -9999.0 -9999.0 -9999.0 -9999.0 -9999.0 -9999.0 -9999.0 -9999.0 -9999.0 -9999.0 -9999.0 -9999.0 -9999.0 -9999.0 -9999.0 -9999.0 -9999.0 -9999.0 -9999.0 -9999.0 -9999.0 -9999.0 -9999.0 -9999.0 -9999.0 -9999.0 -9999.0 -9999.0 -9999.0 -9999.0 -9999.0 -9999.0 -9999.0 -9999.0