Borden_/Borden1m_014/output_maps/psiliqL0019N0027.asc
ncols         80
nrows         18
xllcorner     620200.000000
yllcorner     5168000.000000
cellsize      1.000000
NODATA_value  -9999.0
-9999.0 -9999.0 -9999.0 -9999.0 -9999.0 -9999.0 -9999.0 -9999.0 -9999.0 -9999.0 -9999.0 -9999.0 -9999.0 -9999.0 -9999.0 -9999.0 -9999.0 -9999.0 -9999.0 -9999.0 -9999.0 -9999.0 -9999.0 -9999.0 -9999.0 -9999.0 -9999.0 -9999.0 -9999.0 -9999.0 -9999.0 -9999.0 -9999.0 -9999.0 -9999.0 -9999.0 -9999.0 -9999.0 -9999.0 -9999.0 -9999.0 -9999.0 -9999.0 -9999.0 -9999.0 -9999.0 -9999.0 -9999.0 -9999.0 -9999.0 -9999.0 -9999.0 -9999.0 -9999.0 -9999.0 -9999.0 -9999.0 -9999.0 -9999.0 -9999.0 -9999.0 -9999.0 -9999.0 -9999.0 -9999.0 -9999.0 -9999.0 -9999.0 -9999.0 -9999.0 -9999.0 -9999.0 -9999.0 -9999.0 -9999.0 -9999.0 -9999.0 -9999.0 -9999.0 -9999.0
-9999.0 -9999.0 -9999.0 -9999.0 -9999.0 -9999.0 -9999.0 -9999.0 -9999.0 -9999.0 -9999.0 -9999.0 -9999.0 -9999.0 -9999.0 -9999.0 -9999.0 -9999.0 -9999.0 -9999.0 -9999.0 -9999.0 -9999.0 -9999.0 -9999.0 -9999.0 -9999.0 -9999.0 -9999.0 -9999.0 -9999.0 -9999.0 -9999.0 -9999.0 -9999.0 -9999.0 -9999.0 -9999.0 -9999.0 -9999.0 -9999.0 -9999.0 -9999.0 -9999.0 -9999.0 -9999.0 -9999.0 -9999.0 -9999.0 -9999.0 -9999.0 -9999.0 -9999.0 -9999.0 -9999.0 -9999.0 -9999.0 -9999.0 -9999.0 -9999.0 -9999.0 -9999.0 -9999.0 -9999.0 -9999.0 -9999.0 -9999.0 -9999.0 -9999.0 -9999.0 -9999.0 -9999.0 -9999.0 -9999.0 -9999.0 -9999.0 -9999.0 -9999.0 -9999.0 -9999.0
-9999.0 -9999.0 -9999.0 -9999.0 -9999.0 -9999.0 -9999.0 -9999.0 -9999.0 -9999.0 -9999.0 -9999.0 -9999.0 -9999.0 -9999.0 -9999.0 -9999.0 -9999.0 -9999.0 -9999.0 1953.978830 1956.600077 1935.912653 1903.605352 1877.302374 1881.260377 1917.136563 1960.180708 2000.984138 2012.059606 1995.779173 2000.681121 1997.707379 1996.248633 1998.781537 2006.951387 2013.174886 2024.498048 2033.296080 2033.338886 2028.059695 2024.157810 2026.159543 2028.803318 2034.180501 2020.869287 2034.278760 2048.085249 2051.007609 2044.593202 2016.598666 2000.121093 1988.910330 1970.705028 1993.489833 2002.844043 2023.308827 2025.381958 2021.690803 1993.483168 1962.592429 -9999.0 -9999.0 -9999.0 -9999.0 -9999.0 -9999.0 -9999.0 -9999.0 -9999.0 -9999.0 -9999.0 -9999.0 -9999.0 -9999.0 -9999.0 -9999.0 -9999.0 -9999.0 -9999.0
-9999.0 -9999.0 -9999.0 -9999.0 -9999.0 -9999.0 -9999.0 -9999.0 -9999.0 -9999.0 -9999.0 -9999.0 -9999.0 -9999.0 1859.499251 1851.344044 1850.108419 1859.753792 1894.436301 1925.827123 1937.971863 1931.721983 1933.231317 1910.962137 1891.380532 1906.862139 1938.621061 1971.903095 2008.205821 2029.546731 2020.649072 2020.287294 2030.447525 2054.677065 2066.409224 2064.135587 2046.052383 2070.814589 2086.562724 2094.663411 2095.022427 2087.323755 2099.097837 2114.172176 2106.780667 2089.505046 2095.796891 2107.186606 2116.613806 2102.950582 2039.168648 2020.417162 2013.772117 2005.438875 1989.205735 1981.564051 2005.838355 2003.230897 1993.242326 1973.839683 1939.611680 1894.338944 1874.200992 1911.895494 1953.876343 2009.168350 -9999.0 -9999.0 -9999.0 -9999.0 -9999.0 -9999.0 -9999.0 -9999.0 -9999.0 -9999.0 -9999.0 -9999.0 -9999.0 -9999.0
-9999.0 -9999.0 -9999.0 -9999.0 -9999.0 -9999.0 -9999.0 -9999.0 -9999.0 1797.328962 1803.454926 1812.142462 1816.326420 1833.442914 1831.791242 1840.463998 1848.181072 1877.266697 1909.511041 1945.593691 1975.015255 1967.930958 1969.611990 1979.116827 1980.957497 1993.496808 2017.107991 2058.913244 2097.341683 2138.438855 2110.469782 2109.390531 2129.550965 2175.188985 2204.497196 2209.729703 2191.949237 2204.756459 2230.171738 2250.963993 2250.965272 2248.535457 2274.036424 2288.499890 2285.986029 2264.337144 2255.589052 2257.054910 2281.748927 2228.766760 2160.815842 2113.285503 2119.461922 2090.716263 2055.360213 2036.149070 2032.252835 2050.184329 2033.909677 1995.506967 1958.484884 1945.214340 1925.867953 1942.306205 1962.689089 2006.665990 2043.919663 2070.694998 2068.178627 2049.421989 -9999.0 -9999.0 -9999.0 -9999.0 -9999.0 -9999.0 -9999.0 -9999.0 -9999.0 -9999.0
-9999.0 -9999.0 -9999.0 -9999.0 -9999.0 -9999.0 1716.207612 1727.269384 1749.239725 1754.387185 1781.872364 1790.303376 1812.419237 1833.110029 1856.928161 1874.242601 1904.674916 1938.780675 1979.809762 2022.945560 2055.873363 2050.538912 2061.861750 2089.834337 2125.994090 2153.181855 2179.831703 2221.605250 2298.801628 2341.364422 2345.333852 2350.817442 2361.608899 2411.887909 2476.107074 2488.640052 2468.371260 2454.887629 2477.297164 2515.263421 2519.659531 2521.766587 2535.822514 2546.415566 2571.983263 2560.348558 2519.093436 2506.506529 2506.760752 2486.028327 2420.011439 2357.017944 2326.425845 2274.553062 2190.053169 2137.970588 2148.810980 2167.900306 2138.725398 2083.854330 2043.065777 2031.502660 2014.995416 2001.250608 2007.042641 2024.598908 2044.397695 2053.579600 2038.275985 2015.016028 1990.872792 1960.760493 1961.588966 1985.790852 -9999.0 -9999.0 -9999.0 -9999.0 -9999.0 -9999.0
-9999.0 -9999.0 -9999.0 -9999.0 1664.490729 1678.538101 1666.772705 1694.094514 1728.521304 1764.603441 1797.022513 1834.478830 1863.004982 1894.839798 1935.160332 1967.463959 2008.385999 2044.511573 2099.299352 2167.628052 2218.982868 2241.581978 2257.294746 2315.579917 2377.349881 2430.000697 2452.557508 2481.985173 2529.852080 2591.348644 2619.057315 2626.121323 2644.646026 2683.716735 2734.902454 2770.929466 2753.951524 2745.519049 2753.358144 2766.878642 2791.252588 2793.507545 2796.137461 2799.554549 2804.856533 2802.400948 2775.503009 2740.261374 2723.077275 2711.909605 2677.625370 2605.793849 2567.331506 2534.744366 2494.587659 2439.618047 2379.903997 2368.063245 2309.019355 2249.172509 2188.514726 2168.648660 2138.386383 2112.794855 2084.465637 2085.887609 2087.993314 2065.331789 2030.142332 1995.761468 1979.053158 1958.769204 1946.030577 1975.146696 1991.627467 2020.786956 -9999.0 -9999.0 -9999.0 -9999.0
-9999.0 -9999.0 1602.992016 1651.245555 1709.739027 1719.358876 1719.229581 1726.475802 1756.963410 1810.990613 1884.416798 1932.425850 1972.747629 2009.003699 2069.323923 2144.747523 2215.096071 2264.265352 2327.781067 2400.758753 2464.534952 2497.514983 2514.607125 2556.990962 2613.717563 2680.139314 2709.142300 2737.416226 2773.219513 2810.223723 2815.561380 2829.183581 2839.493945 2846.304870 2855.493045 2859.081842 2853.500453 2847.178711 2827.694270 2823.080853 2830.200022 2837.281855 2838.121038 2824.492129 2820.513029 2834.282465 2838.616721 2836.530006 2834.277277 2840.407244 2840.568393 2797.417718 2766.633835 2749.308675 2734.351951 2687.466457 2620.329520 2580.069994 2555.554154 2508.605658 2429.698160 2380.327964 2330.391523 2283.400210 2231.311826 2202.200120 2155.636230 2111.885966 2063.530853 2015.382825 1990.290707 1971.361258 1967.713535 1966.047327 1981.266956 1995.395696 2009.876856 2017.198093 -9999.0 -9999.0
-9999.0 1496.587684 1568.970689 1694.494983 1775.468640 1819.559689 1845.225769 1863.816164 1894.873796 1927.346779 2028.082673 2104.915232 2195.923906 2237.447640 2288.303342 2386.512372 2484.028419 2534.449275 2576.727448 2638.605172 2703.195880 2755.380994 2785.972491 2787.093308 2824.758679 2845.351138 2851.017385 2856.414099 2855.050922 2847.644247 2840.006982 2846.098686 2841.789388 2821.844700 2804.797013 2800.908519 2794.358824 2768.126206 2736.297916 2719.695963 2720.860804 2745.963849 2732.011851 2711.042757 2707.384249 2729.492186 2751.992540 2743.397591 2730.957435 2750.995664 2787.067318 2811.392204 2818.871361 2836.420115 2857.090150 2829.932672 2803.558937 2759.486352 2736.727765 2706.195984 2645.964557 2584.962905 2528.843697 2466.551224 2400.249960 2334.239936 2270.594698 2207.409239 2140.737332 2098.425637 2066.694395 2017.012835 1996.907074 1998.224332 1988.776320 1984.730649 1989.415539 1995.123816 -9999.0 -9999.0
-9999.0 1409.896352 1551.405982 1734.342014 1882.659578 1937.224827 2026.491707 2100.273728 2127.078242 2092.853909 2201.465241 2422.704616 2538.478219 2561.091285 2638.218598 2735.054318 2744.001712 2779.147871 2804.242130 2822.306516 2837.029586 2850.556066 2850.654060 2846.556393 2832.036691 2824.188832 2822.280536 2818.657451 2799.899768 2779.344943 2760.435574 2754.591294 2732.122730 2683.758456 2648.705786 2629.344998 2609.961976 2590.285465 2558.335903 2529.871898 2511.810167 2524.979289 2521.053836 2504.681394 2501.147722 2523.764419 2555.758730 2554.395750 2566.843812 2589.426163 2629.783566 2671.163574 2695.234249 2727.259941 2766.974851 2814.258685 2828.319371 2850.666225 2854.166299 2837.626412 2790.931502 2734.515517 2698.176387 2633.184591 2559.636226 2478.902347 2412.473534 2348.505321 2277.802037 2231.676721 2184.980176 2127.633182 2076.128220 2056.662503 2017.254932 1998.141361 -9999.0 -9999.0 -9999.0 -9999.0
-9999.0 1321.777467 1506.750010 1758.270622 2043.207096 2141.618297 2348.450785 2476.970178 2532.001386 2604.230313 2548.541700 2724.168731 2773.581219 2773.558798 2782.483293 2789.743695 2807.646027 2811.907964 2809.593964 2800.549319 2792.290055 2788.819356 2787.959782 2780.294693 2767.369093 2751.241089 2734.699456 2719.949223 2679.966540 2644.708417 2605.003202 2588.453232 2545.608569 2450.442458 2407.077506 2368.098009 2307.943536 2302.974876 2300.114418 2271.176504 2251.067769 2226.408021 2251.164557 2259.133252 2262.854567 2263.410058 2278.595580 2306.751804 2354.835333 2392.941339 2437.929005 2491.529301 2529.187460 2574.017698 2619.760410 2676.777800 2712.007163 2744.868648 2796.334906 2836.091910 2859.713683 2846.343547 2819.510971 2768.793239 2692.636219 2624.097574 2571.637173 2495.149126 2429.776835 2376.867213 2329.882171 2278.532146 2214.103067 2142.546777 2101.959211 -9999.0 -9999.0 -9999.0 -9999.0 -9999.0
-9999.0 1125.171300 1391.493668 1671.266027 1971.064993 2306.977865 2459.935499 2579.782553 2652.990862 2630.113364 2646.695830 2665.334143 2711.169147 2722.890863 2704.444634 2695.731460 2683.766864 2684.700247 2698.541428 2672.511529 2643.095111 2629.622342 2629.133138 2616.938258 2592.352768 2574.756244 2562.643002 2540.289860 2490.059985 2436.898975 2352.066459 2317.656648 2238.138132 2187.705866 2144.977981 2094.921162 2044.718591 2044.549122 2063.377752 2049.766505 2027.518355 2009.156727 2036.767337 2056.489288 2069.747594 2057.310777 2066.527740 2102.933979 2153.011842 2197.908073 2247.956903 2303.491116 2350.484718 2397.944381 2429.038655 2478.512404 2529.248018 2577.668347 2652.506048 2733.885948 2774.766958 2810.512390 2840.608504 2854.430792 2798.512514 2746.348586 2689.372040 2623.679592 2545.887742 2496.960758 2468.615166 2424.406458 2368.544807 -9999.0 -9999.0 -9999.0 -9999.0 -9999.0 -9999.0 -9999.0
-9999.0 1004.368024 1213.333207 1428.371657 1700.018300 1936.587042 2144.605310 2249.495762 2329.562159 2382.244335 2427.207674 2465.345165 2497.581724 2522.746957 2504.209936 2463.362885 2434.619262 2439.825261 2434.313025 2411.706407 2382.793508 2368.159795 2364.809744 2357.656151 2333.267155 2318.844584 2307.631549 2283.837536 2251.860123 2195.654869 2117.543764 2042.912890 1983.466560 1955.026429 1926.785229 1895.202987 1862.038702 1872.240913 1883.726055 1881.032910 1871.608566 1869.560205 1898.538372 1917.897044 1928.177526 1917.533128 1937.258817 1963.756301 2005.137692 2048.986968 2098.565109 2153.881753 2208.044873 2236.816116 2249.538304 2273.184320 2312.132494 2366.003826 2452.048340 2548.453567 2628.618931 2678.318330 2729.888654 2764.746835 2777.067744 2781.381892 2753.519805 2673.917035 2575.011725 2555.160637 2551.070424 -9999.0 -9999.0 -9999.0 -9999.0 -9999.0 -9999.0 -9999.0 -9999.0 -9999.0
-9999.0 -9999.0 983.039685 1151.210267 1274.339247 1448.184451 1596.427208 1706.834681 1801.922547 1927.392863 2040.154222 2128.982218 2174.975938 2193.420018 2181.146907 2151.651237 2132.823428 2133.173051 2122.712564 2113.505355 2095.253244 2087.695193 2075.320338 2066.536819 2057.607270 2052.613850 2047.036950 2035.587578 2014.078458 1967.861883 1922.112672 1872.165070 1820.185331 1795.040709 1773.552169 1752.835711 1752.681476 1747.813925 1752.826735 1754.468547 1762.030990 1775.014627 1794.835168 1817.224234 1827.261623 1837.022770 1849.650701 1873.529145 1906.644018 1949.381116 2003.932046 2062.635514 2103.311937 2116.547227 2106.878495 2111.432688 2130.541889 2171.882752 2250.154934 2332.906341 2429.460832 2501.332029 2573.274579 2624.756246 2639.738573 2653.399520 2665.510733 2617.826374 2499.068387 2511.835330 -9999.0 -9999.0 -9999.0 -9999.0 -9999.0 -9999.0 -9999.0 -9999.0 -9999.0 -9999.0
-9999.0 -9999.0 -9999.0 -9999.0 1011.254251 1163.590654 1261.250499 1343.841135 1475.001099 1599.236380 1701.876628 1786.897101 1851.610113 1878.948100 1877.360575 1887.130169 1884.300987 1877.585498 1867.671469 1868.433421 1868.986547 1861.664550 1846.336396 1838.867767 1840.088667 1845.198803 1842.115498 1827.958187 1809.350056 1788.657507 1769.939987 1736.199750 1700.957690 1671.859739 1658.664063 1653.425236 1652.985594 1645.497087 1653.842480 1661.478497 1676.776274 1691.887116 1715.526753 1744.749286 1758.973355 1774.027504 1783.863778 1804.345388 1835.045303 1888.804852 1952.793449 2011.429166 2048.490457 2053.695342 2030.029020 2014.997628 2011.312523 2039.031997 2082.832041 2148.269409 2249.155057 2322.118117 2377.230732 2420.021724 2451.091608 2495.278022 2543.646904 2577.653391 -9999.0 -9999.0 -9999.0 -9999.0 -9999.0 -9999.0 -9999.0 -9999.0 -9999.0 -9999.0 -9999.0 -9999.0
-9999.0 -9999.0 -9999.0 -9999.0 -9999.0 -9999.0 976.481494 1079.535367 1156.235968 1299.209186 1434.255786 1537.665285 1619.265996 1652.794806 1681.978026 1710.341816 1709.650504 1691.043302 1671.343708 1690.949534 1706.215102 1700.035414 1669.215714 1669.070714 1674.131769 1681.791471 1678.997449 1672.234727 1646.832533 1659.363828 1660.712998 1637.328792 1611.267286 1597.537744 1585.560772 1595.037959 1595.026762 1581.004194 1580.928905 1607.913793 1628.308969 1641.304727 1662.856522 1696.095023 1728.619638 1744.207281 1745.780266 1751.912056 1791.487447 1861.896607 1934.258481 1990.584067 2024.018178 2032.896516 2006.836018 1967.551375 1947.934584 1955.446017 1990.215781 2042.101540 2117.153872 2165.360919 2188.874312 2199.412656 2215.100260 2305.763473 -9999.0 -9999.0 -9999.0 -9999.0 -9999.0 -9999.0 -9999.0 -9999.0 -9999.0 -9999.0 -9999.0 -9999.0 -9999.0 -9999.0
-9999.0 -9999.0 -9999.0 -9999.0 -9999.0 -9999.0 -9999.0 -9999.0 -9999.0 -9999.0 -9999.0 -9999.0 -9999.0 -9999.0 -9999.0 -9999.0 -9999.0 -9999.0 -9999.0 -9999.0 -9999.0 -9999.0 -9999.0 -9999.0 -9999.0 -9999.0 -9999.0 -9999.0 -9999.0 -9999.0 -9999.0 -9999.0 -9999.0 -9999.0 -9999.0 -9999.0 -9999.0 -9999.0 -9999.0 -9999.0 -9999.0 -9999.0 -9999.0 -9999.0 -9999.0 -9999.0 -9999.0 -9999.0 -9999.0 -9999.0 -9999.0 -9999.0 -9999.0 -9999.0 -9999.0 -9999.0 -9999.0 -9999.0 -9999.0 -9999.0 -9999.0 -9999.0 -9999.0 -9999.0 -9999.0 -9999.0 -9999.0 -9999.0 -9999.0 -9999.0 -9999.0 -9999.0 -9999.0 -9999.0 -9999.0 -9999.0 -9999.0 -9999.0 -9999.0 -9999.0
-9999.0 -9999.0 -9999.0 -9999.0 -9999.0 -9999.0 -9999.0 -9999.0 -9999.0 -9999.0 -9999.0 -9999.0 -9999.0 -9999.0 -9999.0 -9999.0 -9999.0 -9999.0 -9999.0 -9999.0 -9999.0 -9999.0 -9999.0 -9999.0 -9999.0 -9999.0 -9999.0 -9999.0 -9999.0 -9999.0 -9999.0 -9999.0 -9999.0 -9999.0 -9999.0 -9999.0 -9999.0 -9999.0 -9999.0 -9999.0 -9999.0 -9999.0 -9999.0 -9999.0 -9999.0 -9999.0 -9999.0 -9999.0 -9999.0 -9999.0 -9999.0 -9999.0 -9999.0 -9999.0 -9999.0 -9999.0 -9999.0 -9999.0 -9999.0 -9999.0 -9999.0 -9999.0 -9999.0 -9999.0 -9999.0 -9999.0 -9999.0 -9999.0 -9999.0 -9999.0 -9999.0 -9999.0 -9999.0 -9999.0 -9999.0 -9999.0 -9999.0 -9999.0 -9999.0 -9999.0