Borden_/Borden1m_014/output_maps/psiliqL0026N0014.asc
ncols         80
nrows         18
xllcorner     620200.000000
yllcorner     5168000.000000
cellsize      1.000000
NODATA_value  -9999.0
-9999.0 -9999.0 -9999.0 -9999.0 -9999.0 -9999.0 -9999.0 -9999.0 -9999.0 -9999.0 -9999.0 -9999.0 -9999.0 -9999.0 -9999.0 -9999.0 -9999.0 -9999.0 -9999.0 -9999.0 -9999.0 -9999.0 -9999.0 -9999.0 -9999.0 -9999.0 -9999.0 -9999.0 -9999.0 -9999.0 -9999.0 -9999.0 -9999.0 -9999.0 -9999.0 -9999.0 -9999.0 -9999.0 -9999.0 -9999.0 -9999.0 -9999.0 -9999.0 -9999.0 -9999.0 -9999.0 -9999.0 -9999.0 -9999.0 -9999.0 -9999.0 -9999.0 -9999.0 -9999.0 -9999.0 -9999.0 -9999.0 -9999.0 -9999.0 -9999.0 -9999.0 -9999.0 -9999.0 -9999.0 -9999.0 -9999.0 -9999.0 -9999.0 -9999.0 -9999.0 -9999.0 -9999.0 -9999.0 -9999.0 -9999.0 -9999.0 -9999.0 -9999.0 -9999.0 -9999.0
-9999.0 -9999.0 -9999.0 -9999.0 -9999.0 -9999.0 -9999.0 -9999.0 -9999.0 -9999.0 -9999.0 -9999.0 -9999.0 -9999.0 -9999.0 -9999.0 -9999.0 -9999.0 -9999.0 -9999.0 -9999.0 -9999.0 -9999.0 -9999.0 -9999.0 -9999.0 -9999.0 -9999.0 -9999.0 -9999.0 -9999.0 -9999.0 -9999.0 -9999.0 -9999.0 -9999.0 -9999.0 -9999.0 -9999.0 -9999.0 -9999.0 -9999.0 -9999.0 -9999.0 -9999.0 -9999.0 -9999.0 -9999.0 -9999.0 -9999.0 -9999.0 -9999.0 -9999.0 -9999.0 -9999.0 -9999.0 -9999.0 -9999.0 -9999.0 -9999.0 -9999.0 -9999.0 -9999.0 -9999.0 -9999.0 -9999.0 -9999.0 -9999.0 -9999.0 -9999.0 -9999.0 -9999.0 -9999.0 -9999.0 -9999.0 -9999.0 -9999.0 -9999.0 -9999.0 -9999.0
-9999.0 -9999.0 -9999.0 -9999.0 -9999.0 -9999.0 -9999.0 -9999.0 -9999.0 -9999.0 -9999.0 -9999.0 -9999.0 -9999.0 -9999.0 -9999.0 -9999.0 -9999.0 -9999.0 -9999.0 3325.195216 3326.077482 3304.277498 3269.990679 3241.521637 3243.071574 3275.658704 3315.918817 3354.347172 3361.370709 3341.970810 3345.480163 3340.757178 3335.954566 3335.878538 3343.388894 3349.836647 3359.348127 3366.106543 3363.626003 3356.136095 3351.025142 3353.536259 3355.076117 3361.344399 3346.904090 3362.966056 3379.313686 3384.147528 3381.625840 3358.186856 3346.567646 3338.918067 3323.682200 3350.573693 3362.541021 3386.299390 3391.219952 3389.532004 3363.111001 3333.259785 -9999.0 -9999.0 -9999.0 -9999.0 -9999.0 -9999.0 -9999.0 -9999.0 -9999.0 -9999.0 -9999.0 -9999.0 -9999.0 -9999.0 -9999.0 -9999.0 -9999.0 -9999.0 -9999.0
-9999.0 -9999.0 -9999.0 -9999.0 -9999.0 -9999.0 -9999.0 -9999.0 -9999.0 -9999.0 -9999.0 -9999.0 -9999.0 -9999.0 3235.448178 3226.534541 3223.385490 3230.331896 3262.436089 3292.380067 3303.903546 3296.185036 3295.691614 3270.599980 3247.329422 3259.455367 3288.321518 3318.207803 3350.996061 3367.776905 3356.356961 3353.363831 3359.863519 3378.872215 3386.440862 3382.561589 3364.820304 3388.896475 3401.826931 3405.922985 3403.720040 3393.719053 3402.242274 3416.102750 3409.021303 3393.904504 3405.091343 3420.289498 3431.207619 3423.459174 3365.974887 3354.544523 3351.926783 3348.497920 3336.032395 3332.734657 3361.625025 3361.741031 3355.056207 3338.360668 3305.498303 3260.587466 3242.162672 3283.310205 3327.444673 3384.149813 -9999.0 -9999.0 -9999.0 -9999.0 -9999.0 -9999.0 -9999.0 -9999.0 -9999.0 -9999.0 -9999.0 -9999.0 -9999.0 -9999.0
-9999.0 -9999.0 -9999.0 -9999.0 -9999.0 -9999.0 -9999.0 -9999.0 -9999.0 3178.531316 3184.180687 3190.819362 3192.927568 3207.674998 3204.122427 3210.619464 3214.094411 3240.783072 3269.655648 3302.539456 3328.931641 3319.170915 3317.313486 3320.515149 3314.153742 3321.247177 3340.953449 3376.950347 3407.408447 3441.993954 3407.977585 3402.653743 3419.742558 3460.471484 3482.871403 3484.381251 3465.577819 3482.378137 3505.616536 3520.875138 3517.116138 3510.884186 3536.764952 3551.972432 3545.582189 3524.044659 3523.254299 3531.146839 3560.667482 3510.335801 3444.890596 3407.460449 3424.160563 3403.822263 3378.806309 3368.608066 3370.003096 3391.117643 3380.079320 3346.879938 3314.307983 3303.201672 3287.066611 3308.839649 3332.772464 3379.772838 3420.123916 3450.345935 3450.160292 3433.180545 -9999.0 -9999.0 -9999.0 -9999.0 -9999.0 -9999.0 -9999.0 -9999.0 -9999.0 -9999.0
-9999.0 -9999.0 -9999.0 -9999.0 -9999.0 -9999.0 3100.226206 3110.503799 3130.910729 3133.158368 3159.197822 3163.922435 3181.990626 3198.526792 3219.642955 3231.663165 3255.757192 3284.781630 3319.834395 3356.472553 3383.123196 3370.693301 3375.392022 3393.821864 3419.497335 3437.484509 3459.478064 3496.657948 3568.360070 3604.225784 3596.097027 3596.583373 3604.636753 3654.866396 3718.677401 3729.358771 3708.693309 3695.693648 3719.412631 3756.885685 3754.733354 3753.498591 3766.740579 3777.620516 3804.441192 3793.452211 3757.619868 3752.589093 3759.646840 3736.730540 3667.672886 3610.958971 3592.973434 3546.594260 3463.733143 3421.815812 3446.589446 3475.263215 3454.401388 3405.702139 3374.204161 3369.631676 3359.433915 3353.472770 3366.819471 3390.546282 3415.123688 3429.558907 3418.183608 3397.764301 3376.442914 3348.600457 3351.509331 3376.641207 -9999.0 -9999.0 -9999.0 -9999.0 -9999.0 -9999.0
-9999.0 -9999.0 -9999.0 -9999.0 3051.134436 3063.634204 3048.306055 3073.924550 3105.196597 3138.036896 3164.677468 3195.232003 3217.406757 3243.118300 3275.130031 3295.862104 3326.705464 3355.257293 3401.433924 3461.623923 3505.031984 3517.589604 3525.494777 3575.955353 3631.794057 3678.429124 3696.941259 3722.722598 3768.640640 3825.055116 3847.160836 3849.803723 3866.712308 3910.261664 3966.855252 4002.057964 3984.354530 3975.268629 3985.517630 3999.955334 4022.100399 4022.161890 4023.285262 4027.504112 4035.270893 4033.434275 4006.686456 3973.194527 3960.222652 3950.047943 3911.648021 3839.413399 3809.493150 3780.491700 3737.505446 3683.297153 3636.782326 3638.679479 3584.289775 3529.565877 3480.453592 3473.391424 3453.931336 3438.780322 3422.241483 3435.258342 3447.852482 3433.360523 3403.891548 3375.005608 3362.431225 3345.233902 3334.222008 3365.650836 3383.740743 3413.339614 -9999.0 -9999.0 -9999.0 -9999.0
-9999.0 -9999.0 2992.879676 3037.670893 3094.041034 3099.302317 3091.553666 3093.342137 3118.575485 3166.593840 3227.415161 3262.976837 3290.399443 3319.615573 3369.093362 3429.730661 3488.594841 3530.472996 3588.072360 3657.096816 3715.908279 3742.431090 3751.047002 3786.579145 3841.339960 3910.754843 3938.895677 3965.456955 3997.414322 4034.101401 4025.367634 4035.951822 4048.506123 4061.595873 4076.866266 4084.158535 4079.225259 4074.607989 4056.006758 4050.773378 4057.246801 4065.379822 4064.297766 4049.576424 4045.601369 4060.647240 4066.958296 4064.823658 4061.896095 4066.721293 4061.930437 4013.195159 3996.258572 3980.931487 3969.051185 3922.733973 3855.842007 3823.702871 3802.094539 3760.960661 3687.622143 3650.692207 3611.772236 3577.606761 3540.721816 3528.246711 3496.493457 3464.895430 3426.677386 3386.364663 3367.662463 3353.780420 3353.738632 3354.667921 3372.663774 3388.530403 3404.584376 3412.701806 -9999.0 -9999.0
-9999.0 2883.788060 2954.372934 3074.201282 3150.758142 3185.996184 3192.783994 3194.250451 3218.178549 3249.424066 3334.428415 3382.382281 3464.505441 3501.480119 3541.406141 3630.965763 3725.186146 3768.510735 3807.490381 3871.396573 3937.334609 3984.521017 4010.898393 3988.951833 4028.681404 4058.853709 4067.122814 4074.250259 4074.391865 4065.865961 4059.430555 4066.075935 4063.071959 4043.801431 4027.641205 4025.855869 4022.432589 3999.037063 3971.448352 3955.889080 3957.193526 3982.255963 3969.057335 3947.643586 3943.212044 3964.933534 3986.447852 3975.705678 3962.532877 3979.137634 4013.847010 4038.944415 4039.844043 4058.447491 4079.579494 4050.421436 4029.264457 3985.224858 3968.248681 3942.781632 3885.759036 3830.967175 3782.879822 3734.568037 3682.492492 3633.996418 3586.705918 3539.801680 3486.994450 3454.566155 3430.643498 3388.376761 3376.095158 3383.002864 3378.367575 3377.093160 3383.905141 3390.553457 -9999.0 -9999.0
-9999.0 2786.753004 2924.920609 3100.208553 3241.130630 3279.805119 3339.035628 3392.867874 3405.450330 3349.116097 3449.414469 3665.828398 3788.009988 3805.512961 3881.104459 3976.379327 3958.300177 3989.720317 4013.005814 4039.186195 4060.225191 4074.662241 4072.971838 4067.841397 4051.308522 4043.293349 4042.401523 4040.277431 4022.823744 4003.818397 3986.978051 3983.775539 3965.743838 3916.063762 3882.775048 3865.219395 3846.064780 3832.712279 3805.561538 3779.550198 3762.968987 3773.208983 3771.575120 3758.191290 3753.776353 3771.827230 3802.702042 3800.856105 3812.787080 3832.417259 3867.855818 3906.089705 3925.362788 3954.501523 3990.151232 4038.268591 4046.923205 4069.384986 4072.281131 4061.987003 4015.325097 3963.717477 3934.306284 3878.928291 3819.416313 3757.770868 3708.962728 3664.396182 3609.349132 3575.579974 3536.683769 3483.433304 3441.065335 3433.997330 3400.976932 3388.243499 -9999.0 -9999.0 -9999.0 -9999.0
-9999.0 2693.361874 2861.674693 3097.213174 3389.571100 3459.000383 3659.577309 3773.060075 3811.337433 3878.529906 3757.622679 3965.134344 4018.343761 4013.450860 4029.571663 4032.827507 4047.152894 4046.488730 4041.409593 4030.379064 4020.770405 4016.182466 4015.130495 4007.213025 3994.578211 3979.948923 3968.029035 3956.567977 3919.868913 3887.891315 3848.544485 3836.031311 3791.280744 3699.527781 3660.959997 3622.386926 3561.534862 3564.235487 3572.042023 3548.305021 3528.755578 3500.467786 3530.230668 3541.140730 3545.375592 3540.671133 3550.120663 3578.802372 3626.628454 3660.859835 3699.568035 3747.371124 3777.750400 3816.807239 3856.473427 3908.713318 3939.875663 3968.745521 4017.699007 4054.717028 4077.454720 4063.360206 4044.868647 4000.102676 3939.885783 3890.585904 3861.634080 3811.192452 3767.750824 3724.368610 3678.079787 3625.511731 3564.249759 3512.162523 3478.587935 -9999.0 -9999.0 -9999.0 -9999.0 -9999.0
-9999.0 2469.253242 2733.631567 2983.290406 3254.199831 3595.338865 3767.167663 3860.791244 3923.946246 3907.034468 3930.534088 3936.807499 3973.902520 3981.188244 3959.794699 3945.916798 3928.254384 3927.165342 3940.232545 3912.877877 3882.609555 3869.257288 3870.163990 3859.475601 3835.624937 3820.767458 3811.514803 3793.051093 3750.095670 3700.043473 3616.202919 3581.773511 3503.314547 3465.436298 3429.583712 3383.160720 3339.258595 3345.318462 3370.367397 3361.681409 3341.263847 3324.527908 3354.000502 3374.885760 3388.101968 3371.766074 3378.265344 3412.391803 3458.467090 3498.476715 3541.862245 3589.390692 3630.944213 3669.796990 3690.420311 3729.475368 3771.407439 3812.841294 3882.826470 3961.158148 3997.074213 4031.690531 4060.556045 4082.462469 4039.588823 4013.325891 3989.617034 3966.178641 3920.019901 3874.673749 3834.133495 3769.576914 3710.058259 -9999.0 -9999.0 -9999.0 -9999.0 -9999.0 -9999.0 -9999.0
-9999.0 2357.493685 2550.577848 2742.184230 2968.393235 3195.727335 3417.252739 3507.284398 3577.400500 3649.340199 3703.522620 3741.299387 3767.059976 3788.609192 3766.032882 3719.989396 3687.783761 3692.780241 3683.806168 3662.975776 3635.507512 3622.788520 3620.219564 3615.637816 3594.693494 3584.723811 3578.215063 3560.517436 3535.630352 3483.421858 3412.893494 3340.447398 3287.693436 3269.293114 3247.638894 3221.678595 3195.947546 3209.772139 3222.721336 3223.168139 3217.132636 3217.688870 3246.731305 3266.640753 3276.057945 3265.202281 3283.209648 3305.963200 3342.372903 3381.123126 3425.212257 3474.691912 3522.521044 3542.074422 3543.635301 3554.524476 3581.582692 3624.356057 3700.233017 3785.957952 3863.515111 3908.925376 3959.641456 3999.611804 4027.757416 4052.595496 4075.017420 4068.098395 4042.138636 4008.788312 3950.071150 -9999.0 -9999.0 -9999.0 -9999.0 -9999.0 -9999.0 -9999.0 -9999.0 -9999.0
-9999.0 -9999.0 2325.354260 2477.863119 2574.859069 2739.232888 2847.085643 2951.512292 3047.367634 3188.263938 3310.443035 3403.764821 3450.004529 3465.564136 3451.815387 3423.744409 3406.820412 3406.443927 3394.776403 3388.840337 3375.032918 3370.131747 3358.482946 3351.487211 3348.145385 3348.235518 3346.664050 3339.292624 3323.558857 3283.311601 3247.880741 3204.815521 3160.066364 3139.659798 3122.734170 3106.942186 3112.118330 3107.827376 3113.866787 3117.291169 3127.425332 3141.923033 3161.313262 3183.922023 3193.527807 3203.673251 3214.242690 3235.445198 3264.855927 3304.423365 3355.150497 3409.345842 3444.613701 3450.842673 3432.225025 3426.530311 3433.888353 3461.916634 3524.188248 3592.589299 3681.991078 3747.282219 3814.025421 3869.905195 3896.549013 3932.931181 4003.162772 4051.190387 4093.657941 4071.255438 -9999.0 -9999.0 -9999.0 -9999.0 -9999.0 -9999.0 -9999.0 -9999.0 -9999.0 -9999.0
-9999.0 -9999.0 -9999.0 -9999.0 2340.017169 2487.927888 2586.840825 2669.053185 2806.232777 2891.225832 2990.814736 3077.113522 3145.916768 3171.441630 3172.868724 3190.406066 3189.809684 3180.542351 3169.760086 3175.291608 3180.943187 3175.267313 3159.124661 3153.768712 3158.895007 3168.231017 3167.950279 3156.833035 3140.689255 3129.000160 3118.524930 3090.097429 3060.015315 3034.621077 3024.572588 3023.292523 3024.746792 3017.839477 3026.968869 3036.630746 3053.021211 3068.353047 3091.891829 3121.644337 3136.355773 3150.843665 3159.042845 3176.993965 3205.023029 3256.032248 3317.202258 3373.201092 3406.669473 3406.581667 3377.349097 3355.068438 3341.934681 3358.612804 3387.191031 3437.127718 3525.750863 3587.494805 3632.294882 3670.644737 3706.875319 3772.025768 3866.676618 3947.989950 -9999.0 -9999.0 -9999.0 -9999.0 -9999.0 -9999.0 -9999.0 -9999.0 -9999.0 -9999.0 -9999.0 -9999.0
-9999.0 -9999.0 -9999.0 -9999.0 -9999.0 -9999.0 2319.852876 2427.317767 2495.717211 2653.063415 2802.582836 2861.023808 2944.060110 2980.219633 3009.130596 3039.870245 3040.731428 3020.460169 2998.607489 3021.078742 3041.270173 3035.300520 3003.181462 3005.707077 3014.148440 3023.435408 3022.625698 3018.812382 2996.665323 3016.384239 3023.736729 3003.841267 2981.187075 2973.570365 2963.844009 2975.225422 2976.491581 2962.900830 2962.304001 2989.138554 3010.673767 3023.687098 3044.661047 3077.838800 3110.220198 3125.711480 3126.197070 3130.287821 3166.152437 3233.637106 3304.118186 3358.712062 3389.304320 3393.607055 3362.301958 3317.032961 3290.359200 3288.543441 3311.997283 3350.360441 3410.956143 3446.478275 3456.543756 3456.494032 3467.848116 3567.498467 -9999.0 -9999.0 -9999.0 -9999.0 -9999.0 -9999.0 -9999.0 -9999.0 -9999.0 -9999.0 -9999.0 -9999.0 -9999.0 -9999.0
-9999.0 -9999.0 -9999.0 -9999.0 -9999.0 -9999.0 -9999.0 -9999.0 -9999.0 -9999.0 -9999.0 -9999.0 -9999.0 -9999.0 -9999.0 -9999.0 -9999.0 -9999.0 -9999.0 -9999.0 -9999.0 -9999.0 -9999.0 -9999.0 -9999.0 -9999.0 -9999.0 -9999.0 -9999.0 -9999.0 -9999.0 -9999.0 -9999.0 -9999.0 -9999.0 -9999.0 -9999.0 -9999.0 -9999.0 -9999.0 -9999.0 -9999.0 -9999.0 -9999.0 -9999.0 -9999.0 -9999.0 -9999.0 -9999.0 -9999.0 -9999.0 -9999.0 -9999.0 -9999.0 -9999.0 -9999.0 -9999.0 -9999.0 -9999.0 -9999.0 -9999.0 -9999.0 -9999.0 -9999.0 -9999.0 -9999.0 -9999.0 -9999.0 -9999.0 -9999.0 -9999.0 -9999.0 -9999.0 -9999.0 -9999.0 -9999.0 -9999.0 -9999.0 -9999.0 -9999.0
-9999.0 -9999.0 -9999.0 -9999.0 -9999.0 -9999.0 -9999.0 -9999.0 -9999.0 -9999.0 -9999.0 -9999.0 -9999.0 -9999.0 -9999.0 -9999.0 -9999.0 -9999.0 -9999.0 -9999.0 -9999.0 -9999.0 -9999.0 -9999.0 -9999.0 -9999.0 -9999.0 -9999.0 -9999.0 -9999.0 -9999.0 -9999.0 -9999.0 -9999.0 -9999.0 -9999.0 -9999.0 -9999.0 -9999.0 -9999.0 -9999.0 -9999.0 -9999.0 -9999.0 -9999.0 -9999.0 -9999.0 -9999.0 -9999.0 -9999.0 -9999.0 -9999.0 -9999.0 -9999.0 -9999.0 -9999.0 -9999.0 -9999.0 -9999.0 -9999.0 -9999.0 -9999.0 -9999.0 -9999.0 -9999.0 -9999.0 -9999.0 -9999.0 -9999.0 -9999.0 -9999.0 -9999.0 -9999.0 -9999.0 -9999.0 -9999.0 -9999.0 -9999.0 -9999.0 -9999.0