Borden_/Borden1m_014/output_maps/psiliqL0011N0011.asc
ncols         80
nrows         18
xllcorner     620200.000000
yllcorner     5168000.000000
cellsize      1.000000
NODATA_value  -9999.0
-9999.0 -9999.0 -9999.0 -9999.0 -9999.0 -9999.0 -9999.0 -9999.0 -9999.0 -9999.0 -9999.0 -9999.0 -9999.0 -9999.0 -9999.0 -9999.0 -9999.0 -9999.0 -9999.0 -9999.0 -9999.0 -9999.0 -9999.0 -9999.0 -9999.0 -9999.0 -9999.0 -9999.0 -9999.0 -9999.0 -9999.0 -9999.0 -9999.0 -9999.0 -9999.0 -9999.0 -9999.0 -9999.0 -9999.0 -9999.0 -9999.0 -9999.0 -9999.0 -9999.0 -9999.0 -9999.0 -9999.0 -9999.0 -9999.0 -9999.0 -9999.0 -9999.0 -9999.0 -9999.0 -9999.0 -9999.0 -9999.0 -9999.0 -9999.0 -9999.0 -9999.0 -9999.0 -9999.0 -9999.0 -9999.0 -9999.0 -9999.0 -9999.0 -9999.0 -9999.0 -9999.0 -9999.0 -9999.0 -9999.0 -9999.0 -9999.0 -9999.0 -9999.0 -9999.0 -9999.0
-9999.0 -9999.0 -9999.0 -9999.0 -9999.0 -9999.0 -9999.0 -9999.0 -9999.0 -9999.0 -9999.0 -9999.0 -9999.0 -9999.0 -9999.0 -9999.0 -9999.0 -9999.0 -9999.0 -9999.0 -9999.0 -9999.0 -9999.0 -9999.0 -9999.0 -9999.0 -9999.0 -9999.0 -9999.0 -9999.0 -9999.0 -9999.0 -9999.0 -9999.0 -9999.0 -9999.0 -9999.0 -9999.0 -9999.0 -9999.0 -9999.0 -9999.0 -9999.0 -9999.0 -9999.0 -9999.0 -9999.0 -9999.0 -9999.0 -9999.0 -9999.0 -9999.0 -9999.0 -9999.0 -9999.0 -9999.0 -9999.0 -9999.0 -9999.0 -9999.0 -9999.0 -9999.0 -9999.0 -9999.0 -9999.0 -9999.0 -9999.0 -9999.0 -9999.0 -9999.0 -9999.0 -9999.0 -9999.0 -9999.0 -9999.0 -9999.0 -9999.0 -9999.0 -9999.0 -9999.0
-9999.0 -9999.0 -9999.0 -9999.0 -9999.0 -9999.0 -9999.0 -9999.0 -9999.0 -9999.0 -9999.0 -9999.0 -9999.0 -9999.0 -9999.0 -9999.0 -9999.0 -9999.0 -9999.0 -9999.0 336.617822 339.573180 317.419844 283.898680 256.198161 258.902030 294.396126 336.167085 374.689137 385.177535 367.643342 370.352024 366.766968 367.810419 372.448005 380.464785 385.131996 397.239603 405.993293 405.635349 399.302573 393.648078 392.968317 396.082992 401.179015 391.368231 405.196925 420.394695 425.710787 419.515918 390.731289 373.213334 363.174305 347.074159 370.639928 381.916925 403.867590 407.277481 405.140611 377.596353 347.165199 -9999.0 -9999.0 -9999.0 -9999.0 -9999.0 -9999.0 -9999.0 -9999.0 -9999.0 -9999.0 -9999.0 -9999.0 -9999.0 -9999.0 -9999.0 -9999.0 -9999.0 -9999.0 -9999.0
-9999.0 -9999.0 -9999.0 -9999.0 -9999.0 -9999.0 -9999.0 -9999.0 -9999.0 -9999.0 -9999.0 -9999.0 -9999.0 -9999.0 244.754091 235.070973 232.479676 241.346559 275.539332 306.189616 318.929624 311.836738 312.311722 289.326977 269.807888 285.070227 315.756518 347.996944 382.605493 403.021537 391.363547 389.882050 402.045400 431.866333 449.408824 449.422294 430.858901 454.885941 471.131773 479.789296 478.472027 469.474336 482.795050 498.471462 491.563161 474.547651 479.565333 491.766367 504.643028 488.678982 421.422138 397.283007 391.008950 382.853766 368.052039 360.340917 384.003638 383.393634 374.303108 355.687740 322.628318 278.021229 259.365872 297.568017 341.407604 398.766762 -9999.0 -9999.0 -9999.0 -9999.0 -9999.0 -9999.0 -9999.0 -9999.0 -9999.0 -9999.0 -9999.0 -9999.0 -9999.0 -9999.0
-9999.0 -9999.0 -9999.0 -9999.0 -9999.0 -9999.0 -9999.0 -9999.0 -9999.0 187.198748 191.370426 198.714060 200.930289 216.744690 214.919247 222.274402 230.208302 257.282134 289.139521 325.292289 355.198324 346.579822 347.827164 360.243654 367.802809 383.831384 407.724884 449.234504 490.015799 530.715190 502.428932 501.903653 526.000087 585.022954 632.228371 646.476886 631.800534 639.870207 664.959484 686.649656 684.279526 680.998137 704.270642 716.870744 719.705377 701.701526 689.635422 690.704155 715.699097 661.876085 588.496261 522.504561 518.503887 485.216012 443.891538 419.959410 413.395629 432.102321 415.470671 377.063988 339.530026 328.083552 310.101032 326.049292 347.894886 394.052491 432.310957 460.481749 460.074392 442.451094 -9999.0 -9999.0 -9999.0 -9999.0 -9999.0 -9999.0 -9999.0 -9999.0 -9999.0 -9999.0
-9999.0 -9999.0 -9999.0 -9999.0 -9999.0 -9999.0 108.338069 117.613836 137.774861 143.081036 168.080760 175.762986 196.532731 216.150259 237.670245 255.189988 286.598717 320.400853 363.321614 409.747016 445.368717 442.903569 454.739889 489.982658 538.757718 583.198655 615.617192 656.494006 730.243506 769.493608 778.572662 786.145379 806.756195 886.602987 982.622767 1010.030780 997.262916 985.943589 1002.469354 1031.291294 1033.123080 1031.393562 1037.604305 1044.131358 1067.705204 1062.555235 1031.885067 1022.411006 1020.341150 1003.649889 929.315528 819.952210 767.238979 715.101588 631.806114 568.590900 558.588468 568.287973 534.891861 478.974847 434.454578 420.088622 402.593080 386.991262 391.248725 409.390069 431.401938 442.040168 428.844348 407.612225 384.320633 355.124958 356.481354 381.536633 -9999.0 -9999.0 -9999.0 -9999.0 -9999.0 -9999.0
-9999.0 -9999.0 -9999.0 -9999.0 58.399309 71.148661 59.402442 83.865585 116.428336 150.380186 182.966536 220.650379 248.350395 279.066277 321.653816 360.658950 405.981117 443.575243 502.664164 580.469611 644.578940 675.497792 692.663190 756.139647 837.610812 936.059720 973.911251 999.411998 1030.463473 1077.067253 1097.076569 1102.377067 1122.026811 1162.982986 1215.169062 1250.084125 1239.256181 1235.769174 1240.281032 1247.244660 1265.926105 1264.689055 1264.964723 1265.712827 1268.771493 1270.628205 1254.309655 1228.947496 1219.350148 1210.633935 1180.583536 1105.912871 1066.166095 1041.671224 1013.706822 952.352414 843.467578 806.969439 745.196844 686.852155 616.231345 579.171277 540.133503 509.532193 475.187890 473.172769 474.102979 452.637648 420.374307 387.512154 371.760536 352.345961 341.242786 370.738165 388.069822 418.573634 -9999.0 -9999.0 -9999.0 -9999.0
-9999.0 -9999.0 -0.371302 49.157315 105.765906 114.889493 116.904211 122.816153 150.943548 202.967781 281.492914 335.637213 380.945831 414.830009 478.814848 571.093635 651.966735 704.152835 770.488915 863.554273 961.807005 1005.742981 1021.618048 1055.096000 1108.155963 1175.832863 1204.597395 1225.969529 1246.646567 1268.835397 1281.115954 1294.284469 1302.075211 1304.662270 1310.297871 1312.541037 1312.112951 1310.844253 1295.736536 1293.091065 1298.899634 1301.743408 1303.953146 1291.684790 1287.935506 1300.979584 1305.446022 1307.591686 1309.628508 1316.460182 1320.041590 1283.309200 1244.390642 1233.669917 1227.045861 1183.915022 1115.860259 1074.811030 1057.591322 1020.659348 934.857060 838.707647 768.782506 708.884149 642.267656 601.525673 549.511907 504.766436 457.168353 410.101947 385.078190 365.423851 361.976377 361.480308 377.056907 392.242208 407.418996 415.120238 -9999.0 -9999.0
-9999.0 -101.186523 -28.503684 98.885018 179.134235 225.603562 264.690716 292.777777 320.139543 341.934251 452.384458 560.153703 653.289972 689.366727 750.168556 883.534532 991.640148 1036.266770 1071.031731 1126.044118 1188.555595 1231.967269 1254.738577 1271.877222 1302.746205 1312.842397 1315.878231 1317.699660 1310.947324 1301.016547 1289.807361 1295.669834 1293.226095 1276.345896 1261.137115 1258.794764 1256.684644 1239.902408 1219.620375 1210.055102 1213.880396 1234.034241 1224.404211 1207.097032 1203.746056 1221.135589 1236.349410 1229.005777 1218.933429 1234.241292 1263.937610 1282.129412 1295.260932 1310.450732 1329.253046 1303.511809 1273.319225 1238.954449 1226.141274 1204.397521 1153.468212 1088.912368 1034.978957 965.268694 858.877762 767.504504 690.253769 622.039873 552.814261 509.292458 473.782012 419.067452 394.172207 394.049678 384.017261 380.762009 386.743256 392.978849 -9999.0 -9999.0
-9999.0 -176.681997 -33.351023 152.861700 302.928581 370.127259 493.058966 579.398934 607.037484 584.475138 699.720969 951.830843 1048.974248 1062.294876 1126.074453 1210.567183 1240.974509 1270.294331 1289.330567 1293.257669 1297.594709 1304.540340 1301.223814 1294.949201 1282.885449 1278.652223 1280.894546 1281.414866 1268.203997 1250.789700 1231.734174 1227.095916 1211.154395 1170.087501 1129.530307 1108.101654 1095.064280 1080.920767 1055.784017 1036.253773 1025.898710 1043.000782 1036.057830 1021.188631 1017.319613 1035.786282 1063.424096 1057.538212 1063.759708 1085.771475 1128.229201 1170.871610 1192.495416 1217.322946 1247.190827 1284.074304 1299.382213 1320.567436 1325.932034 1306.551910 1269.667648 1226.119904 1200.205160 1146.801735 1073.285743 989.834064 897.260624 814.386609 737.919970 682.359690 618.942488 549.943866 486.039577 456.175274 414.940971 393.682464 -9999.0 -9999.0 -9999.0 -9999.0
-9999.0 -248.189477 -57.640260 206.688785 479.417666 621.860227 871.007610 1003.107795 1055.032939 1114.584324 1118.653669 1244.419326 1274.197314 1266.383965 1256.913737 1260.297062 1274.299182 1276.830702 1271.280445 1260.347954 1251.726103 1248.273120 1247.230878 1241.946081 1233.884043 1224.405525 1217.148479 1210.752665 1180.976316 1147.445447 1101.257996 1081.653724 1045.101316 947.899263 869.260228 814.326976 752.588962 745.856988 739.454911 713.165483 695.698660 678.900344 698.867280 701.120181 702.182166 706.711113 724.232784 745.228002 790.372524 836.017006 905.855043 988.038778 1029.170813 1070.728015 1116.765536 1174.800204 1205.062894 1231.547492 1271.764762 1305.540594 1326.924490 1318.528250 1294.025906 1260.032808 1203.398850 1149.745851 1105.707376 1042.103238 985.193826 919.437978 824.243191 738.299857 648.170103 548.267984 503.015611 -9999.0 -9999.0 -9999.0 -9999.0 -9999.0
-9999.0 -413.760088 -145.332260 150.106010 485.216475 848.518561 986.306503 1117.300188 1191.525541 1157.442279 1159.216601 1179.052823 1213.671365 1218.957659 1202.670029 1198.708143 1190.489750 1188.205190 1193.921779 1158.607456 1123.098511 1107.630280 1106.743657 1097.081908 1078.605934 1066.563721 1059.214079 1045.255624 1001.604958 937.420757 810.967728 767.734019 689.069603 622.974742 566.693366 511.278082 457.682470 455.918618 472.814007 457.914859 436.380513 418.238936 444.286549 460.740688 472.027107 461.329158 469.960748 505.152559 554.901824 601.119562 658.349117 722.739762 774.496510 832.059863 886.569498 974.125483 1031.129027 1078.511097 1154.478038 1223.670226 1252.487046 1282.442998 1315.858634 1334.238367 1291.951375 1253.923037 1218.541082 1177.798751 1115.980714 1078.822877 1036.638621 956.754185 844.602159 -9999.0 -9999.0 -9999.0 -9999.0 -9999.0 -9999.0 -9999.0
-9999.0 -544.677005 -318.180073 -76.376356 221.081472 468.032853 658.277564 788.592595 904.593836 942.214274 973.247530 1001.525112 1026.956402 1046.387560 1028.135343 996.953154 972.484227 972.395102 956.030046 898.154889 839.082988 812.053969 807.056110 798.564769 772.457423 757.936593 748.313025 726.840677 691.375823 630.378529 536.861674 461.454184 397.740841 361.585928 328.698806 293.787867 255.450892 265.908878 280.149991 276.309994 264.887706 261.182250 290.828049 309.558971 319.571056 306.770741 325.287701 352.066391 393.894044 436.702298 486.509088 543.076392 597.772404 630.851307 653.607498 693.789699 743.507478 814.881955 944.713178 1048.412894 1123.958719 1174.852731 1222.328051 1254.249783 1270.923651 1292.945856 1278.881738 1212.884960 1111.052284 1138.528248 1144.374794 -9999.0 -9999.0 -9999.0 -9999.0 -9999.0 -9999.0 -9999.0 -9999.0 -9999.0
-9999.0 -9999.0 -554.278199 -369.253625 -216.980630 -31.492221 120.874105 232.865370 322.155539 428.674253 529.360484 608.394320 649.375487 665.634527 650.356471 614.365824 589.802578 587.112527 571.438422 547.957235 516.485889 503.478953 492.075413 483.755575 471.741795 465.462538 460.571575 449.591697 426.740330 378.105227 323.752634 269.856014 214.764626 188.794646 166.144745 143.397873 140.424515 138.068346 144.750524 146.266711 152.269771 164.391644 185.026046 206.568171 216.003756 223.452036 235.804274 259.329393 292.428867 333.988618 387.166355 443.815495 482.822887 495.965780 488.759520 498.002435 523.424637 573.995842 671.792937 769.540230 887.707911 991.902871 1072.312243 1130.817926 1161.033511 1185.410951 1207.536177 1142.743836 778.567481 1058.461549 -9999.0 -9999.0 -9999.0 -9999.0 -9999.0 -9999.0 -9999.0 -9999.0 -9999.0 -9999.0
-9999.0 -9999.0 -9999.0 -9999.0 -513.179066 -357.027425 -261.662525 -178.243915 -52.509969 62.038869 158.860479 238.063877 294.042777 318.548042 309.531561 307.256975 299.445938 293.648588 282.563200 275.655797 269.105546 260.056634 247.265827 239.625837 239.508567 243.668414 241.721436 228.639114 212.114044 186.037197 162.527807 127.023174 89.907955 60.500449 47.308489 40.728900 40.897460 35.114836 44.573962 51.361298 66.461750 81.957957 106.006080 134.559643 147.439472 161.682637 171.256420 191.825701 221.753874 274.533756 337.070494 393.397263 427.527208 431.181158 405.721808 390.549522 388.143389 418.062490 468.223827 541.838723 652.073820 738.821413 814.282318 890.499494 968.804970 1034.919084 1113.261984 1147.237794 -9999.0 -9999.0 -9999.0 -9999.0 -9999.0 -9999.0 -9999.0 -9999.0 -9999.0 -9999.0 -9999.0 -9999.0
-9999.0 -9999.0 -9999.0 -9999.0 -9999.0 -9999.0 -565.626939 -469.492926 -384.679708 -256.390256 -137.023226 -41.313534 34.865258 61.855312 81.918046 105.460863 101.206926 83.052707 64.839828 81.105706 91.128011 85.423909 56.948526 55.776253 59.810222 69.088860 67.854138 61.858893 37.085858 46.182091 45.280238 22.109414 -3.947785 -18.153067 -29.712894 -19.751701 -18.970990 -31.639436 -29.586906 -3.223114 16.712427 30.149430 52.525014 85.713274 117.765427 132.194722 133.116609 139.139032 180.026798 249.971101 320.352380 373.985452 404.784923 411.887907 383.417746 342.393216 320.938237 327.874214 363.306382 417.894912 497.040563 551.541812 588.523642 620.538810 662.487947 763.454631 -9999.0 -9999.0 -9999.0 -9999.0 -9999.0 -9999.0 -9999.0 -9999.0 -9999.0 -9999.0 -9999.0 -9999.0 -9999.0 -9999.0
-9999.0 -9999.0 -9999.0 -9999.0 -9999.0 -9999.0 -9999.0 -9999.0 -9999.0 -9999.0 -9999.0 -9999.0 -9999.0 -9999.0 -9999.0 -9999.0 -9999.0 -9999.0 -9999.0 -9999.0 -9999.0 -9999.0 -9999.0 -9999.0 -9999.0 -9999.0 -9999.0 -9999.0 -9999.0 -9999.0 -9999.0 -9999.0 -9999.0 -9999.0 -9999.0 -9999.0 -9999.0 -9999.0 -9999.0 -9999.0 -9999.0 -9999.0 -9999.0 -9999.0 -9999.0 -9999.0 -9999.0 -9999.0 -9999.0 -9999.0 -9999.0 -9999.0 -9999.0 -9999.0 -9999.0 -9999.0 -9999.0 -9999.0 -9999.0 -9999.0 -9999.0 -9999.0 -9999.0 -9999.0 -9999.0 -9999.0 -9999.0 -9999.0 -9999.0 -9999.0 -9999.0 -9999.0 -9999.0 -9999.0 -9999.0 -9999.0 -9999.0 -9999.0 -9999.0 -9999.0
-9999.0 -9999.0 -9999.0 -9999.0 -9999.0 -9999.0 -9999.0 -9999.0 -9999.0 -9999.0 -9999.0 -9999.0 -9999.0 -9999.0 -9999.0 -9999.0 -9999.0 -9999.0 -9999.0 -9999.0 -9999.0 -9999.0 -9999.0 -9999.0 -9999.0 -9999.0 -9999.0 -9999.0 -9999.0 -9999.0 -9999.0 -9999.0 -9999.0 -9999.0 -9999.0 -9999.0 -9999.0 -9999.0 -9999.0 -9999.0 -9999.0 -9999.0 -9999.0 -9999.0 -9999.0 -9999.0 -9999.0 -9999.0 -9999.0 -9999.0 -9999.0 -9999.0 -9999.0 -9999.0 -9999.0 -9999.0 -9999.0 -9999.0 -9999.0 -9999.0 -9999.0 -9999.0 -9999.0 -9999.0 -9999.0 -9999.0 -9999.0 -9999.0 -9999.0 -9999.0 -9999.0 -9999.0 -9999.0 -9999.0 -9999.0 -9999.0 -9999.0 -9999.0 -9999.0 -9999.0