Borden_/Borden1m_014/output_maps/psiliqL0023N0030.asc
ncols         80
nrows         18
xllcorner     620200.000000
yllcorner     5168000.000000
cellsize      1.000000
NODATA_value  -9999.0
-9999.0 -9999.0 -9999.0 -9999.0 -9999.0 -9999.0 -9999.0 -9999.0 -9999.0 -9999.0 -9999.0 -9999.0 -9999.0 -9999.0 -9999.0 -9999.0 -9999.0 -9999.0 -9999.0 -9999.0 -9999.0 -9999.0 -9999.0 -9999.0 -9999.0 -9999.0 -9999.0 -9999.0 -9999.0 -9999.0 -9999.0 -9999.0 -9999.0 -9999.0 -9999.0 -9999.0 -9999.0 -9999.0 -9999.0 -9999.0 -9999.0 -9999.0 -9999.0 -9999.0 -9999.0 -9999.0 -9999.0 -9999.0 -9999.0 -9999.0 -9999.0 -9999.0 -9999.0 -9999.0 -9999.0 -9999.0 -9999.0 -9999.0 -9999.0 -9999.0 -9999.0 -9999.0 -9999.0 -9999.0 -9999.0 -9999.0 -9999.0 -9999.0 -9999.0 -9999.0 -9999.0 -9999.0 -9999.0 -9999.0 -9999.0 -9999.0 -9999.0 -9999.0 -9999.0 -9999.0
-9999.0 -9999.0 -9999.0 -9999.0 -9999.0 -9999.0 -9999.0 -9999.0 -9999.0 -9999.0 -9999.0 -9999.0 -9999.0 -9999.0 -9999.0 -9999.0 -9999.0 -9999.0 -9999.0 -9999.0 -9999.0 -9999.0 -9999.0 -9999.0 -9999.0 -9999.0 -9999.0 -9999.0 -9999.0 -9999.0 -9999.0 -9999.0 -9999.0 -9999.0 -9999.0 -9999.0 -9999.0 -9999.0 -9999.0 -9999.0 -9999.0 -9999.0 -9999.0 -9999.0 -9999.0 -9999.0 -9999.0 -9999.0 -9999.0 -9999.0 -9999.0 -9999.0 -9999.0 -9999.0 -9999.0 -9999.0 -9999.0 -9999.0 -9999.0 -9999.0 -9999.0 -9999.0 -9999.0 -9999.0 -9999.0 -9999.0 -9999.0 -9999.0 -9999.0 -9999.0 -9999.0 -9999.0 -9999.0 -9999.0 -9999.0 -9999.0 -9999.0 -9999.0 -9999.0 -9999.0
-9999.0 -9999.0 -9999.0 -9999.0 -9999.0 -9999.0 -9999.0 -9999.0 -9999.0 -9999.0 -9999.0 -9999.0 -9999.0 -9999.0 -9999.0 -9999.0 -9999.0 -9999.0 -9999.0 -9999.0 2756.799240 2759.048620 2738.686982 2706.458254 2680.321909 2684.462649 2720.112222 2763.191970 2804.388270 2814.899947 2798.462772 2804.008127 2801.221529 2798.292267 2800.297800 2809.139905 2817.107311 2827.734371 2836.399411 2836.190022 2830.790037 2827.120838 2829.989809 2832.184035 2837.811801 2823.193342 2837.269410 2797.957320 2801.943982 2798.860132 2819.710115 2804.046952 2792.601325 2773.876477 2796.954533 2806.165031 2796.672938 2800.399285 2798.472494 2795.440392 2764.592500 -9999.0 -9999.0 -9999.0 -9999.0 -9999.0 -9999.0 -9999.0 -9999.0 -9999.0 -9999.0 -9999.0 -9999.0 -9999.0 -9999.0 -9999.0 -9999.0 -9999.0 -9999.0 -9999.0
-9999.0 -9999.0 -9999.0 -9999.0 -9999.0 -9999.0 -9999.0 -9999.0 -9999.0 -9999.0 -9999.0 -9999.0 -9999.0 -9999.0 2661.753195 2654.035237 2653.013439 2662.574245 2697.149453 2728.728636 2740.588869 2734.496411 2735.967123 2713.463661 2693.365893 2708.676239 2740.538009 2772.756797 2808.765553 2829.363535 2820.769919 2820.440699 2829.753616 2800.232875 2808.968865 2806.350832 2843.709886 2812.582996 2825.692509 2830.930873 2829.211388 2819.659848 2829.165390 2843.379501 2836.320921 2820.746306 2830.485677 2844.130836 2855.039580 2846.008480 2837.418035 2820.668512 2813.898854 2806.087844 2789.893594 2783.649916 2809.034962 2805.037079 2795.020584 2775.947556 2741.475248 2695.814777 2675.232675 2713.254458 2755.031303 2791.192662 -9999.0 -9999.0 -9999.0 -9999.0 -9999.0 -9999.0 -9999.0 -9999.0 -9999.0 -9999.0 -9999.0 -9999.0 -9999.0 -9999.0
-9999.0 -9999.0 -9999.0 -9999.0 -9999.0 -9999.0 -9999.0 -9999.0 -9999.0 2598.897463 2605.524110 2614.350264 2618.946822 2636.174666 2634.260462 2643.084230 2650.096490 2679.608000 2711.534985 2747.283748 2775.440833 2769.426084 2769.540004 2776.934062 2775.937127 2787.392164 2810.725685 2800.786833 2832.559842 2868.817269 2836.610561 2832.633331 2850.813841 2893.043999 2918.396291 2921.558048 2903.857987 2918.202413 2941.881523 2958.738990 2955.716781 2950.349392 2975.316765 2989.958415 2985.450961 2964.577403 2961.536441 2967.560114 2995.722554 2945.021522 2879.766261 2838.691801 2851.748514 2829.246797 2801.321018 2833.630416 2831.064601 2808.050593 2795.312056 2794.865417 2759.737150 2745.944773 2726.338513 2743.676375 2764.241670 2787.234850 2826.470864 2855.776750 2855.100096 2837.699700 -9999.0 -9999.0 -9999.0 -9999.0 -9999.0 -9999.0 -9999.0 -9999.0 -9999.0 -9999.0
-9999.0 -9999.0 -9999.0 -9999.0 -9999.0 -9999.0 2517.244683 2528.907679 2551.394966 2556.081681 2584.315717 2592.024652 2614.161538 2634.594884 2658.764025 2675.259898 2704.483821 2737.944392 2776.468812 2817.795714 2804.725367 2842.971455 2800.693457 2821.376396 2850.847258 2872.205915 2895.439578 2932.721443 2984.311428 3020.188683 3015.209910 3016.436269 3024.738523 3074.377814 3137.969120 3149.616640 3129.210983 3115.835433 3138.328855 3174.838894 3174.063680 3172.975756 3180.533210 3190.783529 3217.397785 3207.416563 3176.095594 3169.336746 3174.420054 3153.675851 3087.380794 3029.822925 3009.217808 2983.844176 2901.978141 2857.151668 2876.584793 2901.415745 2878.001052 2829.084566 2837.019174 2826.912597 2811.141283 2799.010658 2806.756771 2800.008923 2823.063579 2836.065168 2823.724691 2802.973631 2790.652434 2760.663697 2761.613639 2785.664028 -9999.0 -9999.0 -9999.0 -9999.0 -9999.0 -9999.0
-9999.0 -9999.0 -9999.0 -9999.0 2465.062316 2479.381532 2467.108138 2495.296749 2530.024899 2566.385056 2597.341683 2634.229956 2662.156623 2693.371861 2730.632144 2759.153421 2797.406922 2831.789819 2830.188078 2892.400737 2937.818678 2954.056631 2963.285055 2993.878656 3049.782596 3097.216538 3115.735615 3140.980551 3180.046694 3235.726252 3258.180095 3261.423037 3278.243859 3319.417775 3373.307587 3407.133846 3389.869822 3381.254547 3390.291435 3403.676386 3425.792475 3425.896116 3426.927998 3430.559280 3437.525843 3436.226556 3410.748775 3377.834758 3365.692933 3356.089781 3320.536135 3250.077025 3218.920957 3191.519576 3156.843695 3104.225999 3053.986665 3052.352976 2999.051646 2964.753649 2912.756396 2901.354555 2878.436661 2860.142131 2840.351213 2849.503146 2858.978655 2842.281189 2811.630495 2795.005710 2778.863765 2758.713704 2745.640054 2775.084216 2786.201621 2815.571706 -9999.0 -9999.0 -9999.0 -9999.0
-9999.0 -9999.0 2402.903066 2450.216343 2509.145373 2518.236012 2516.152637 2522.997125 2553.511836 2607.223751 2677.977208 2721.627307 2758.281841 2793.973343 2799.600170 2864.148187 2926.280167 2969.348345 3006.343703 3074.133369 3132.731641 3159.883761 3169.340353 3199.439755 3252.627722 3319.099529 3346.166903 3371.844129 3401.740232 3436.660938 3432.775802 3444.115997 3455.610934 3466.137804 3479.036338 3485.049721 3480.568928 3476.053263 3457.729797 3452.919696 3459.477937 3466.759456 3466.313294 3451.937365 3447.987006 3462.673336 3468.393404 3466.651681 3464.451550 3469.808519 3467.130791 3421.149651 3399.366923 3384.819687 3374.940330 3329.859942 3264.614228 3231.420130 3211.294623 3176.387823 3103.771614 3064.579074 3024.448388 2988.978399 2966.486610 2949.230251 2913.295884 2878.815488 2837.889817 2795.771415 2787.979877 2770.226531 2767.239320 2765.448034 2781.309294 2790.661509 2806.074909 2813.951458 -9999.0 -9999.0
-9999.0 2293.918822 2365.848770 2490.035105 2570.526883 2613.215053 2631.881141 2644.311462 2675.770988 2713.123572 2808.103569 2822.522013 2905.742424 2942.754919 2984.898678 3054.371765 3145.910964 3183.782652 3220.573233 3281.107355 3344.298553 3389.609931 3415.312634 3401.080498 3438.542881 3463.809409 3470.461598 3476.398832 3475.307327 3466.905056 3459.962094 3466.799955 3464.065943 3445.338594 3429.693284 3428.106995 3424.806106 3401.896133 3375.312155 3360.317728 3362.212979 3386.006551 3373.854093 3352.738419 3348.405437 3369.702431 3389.684788 3379.262117 3366.905297 3382.694345 3416.693138 3440.336660 3443.416526 3461.403377 3482.389658 3454.215750 3431.427676 3388.837865 3373.001420 3347.986807 3292.392469 3237.782452 3190.392137 3146.099932 3093.357374 3043.059371 2995.082161 2960.533584 2904.402809 2869.309261 2843.303695 2798.433878 2794.069244 2788.108682 2788.146093 2784.769894 2785.530525 2791.825109 -9999.0 -9999.0
-9999.0 2201.449734 2341.706973 2522.449890 2669.988520 2719.791514 2796.008221 2830.580934 2847.416374 2847.991325 2900.100800 3095.176628 3205.174734 3220.296867 3292.698962 3382.923868 3372.839176 3402.888311 3424.817698 3446.056894 3463.220476 3475.927411 3473.791682 3468.165284 3452.003516 3444.074918 3443.291123 3441.295670 3424.279999 3405.667423 3389.122417 3386.343207 3369.717065 3322.420966 3289.987699 3273.406085 3256.199587 3242.246802 3214.491196 3189.327291 3178.261517 3185.735195 3182.723876 3172.898440 3168.489512 3182.696358 3213.367934 3210.042759 3220.070942 3239.295731 3274.569743 3311.644993 3330.571634 3359.106950 3393.540309 3439.827539 3449.850030 3471.938684 3475.288701 3463.010731 3417.829836 3368.031728 3339.105448 3284.726759 3225.405984 3168.079092 3119.356568 3074.512518 3019.467417 2984.744638 2954.273350 2899.289934 2853.503756 2841.466109 2806.278490 2791.215177 -9999.0 -9999.0 -9999.0 -9999.0
-9999.0 2104.851080 2286.640056 2531.159833 2809.367794 2888.619403 3078.378508 3188.321487 3227.383397 3292.497497 3194.457462 3381.753582 3428.474628 3421.922233 3432.051664 3434.314530 3447.914915 3447.617826 3442.570292 3431.804380 3422.560310 3418.254340 3417.085791 3409.239382 3396.768627 3382.335862 3371.299709 3360.270315 3324.541602 3293.332445 3255.950109 3243.990301 3202.426168 3116.447134 3077.705441 3040.775432 2982.791756 2984.130966 2988.805753 2984.333754 2965.560605 2939.024348 2966.654429 2975.902198 2979.673740 2976.623616 2987.801630 2994.446129 3039.999111 3073.612348 3112.429247 3159.497351 3184.683042 3223.224869 3263.135501 3314.760685 3345.003736 3373.426631 3420.208010 3456.856578 3479.257870 3466.132612 3446.244501 3403.258211 3344.434711 3295.606390 3267.410294 3218.068084 3177.861533 3133.963509 3087.634249 3034.922005 2981.890018 2922.477621 2886.397658 -9999.0 -9999.0 -9999.0 -9999.0 -9999.0
-9999.0 1892.471848 2157.387358 2429.342388 2715.971562 3029.345387 3183.285671 3280.096528 3340.981119 3317.356386 3334.511188 3342.466396 3378.268983 3384.542599 3363.537697 3350.613629 3334.203863 3333.116256 3346.070151 3319.326672 3289.857608 3276.942033 3277.747038 3267.032408 3243.733880 3228.845036 3219.520693 3201.968623 3163.516771 3114.514800 3032.571692 3001.462589 2944.411218 2902.500884 2864.430117 2817.623187 2822.861507 2825.061306 2799.326370 2835.885403 2814.337348 2796.455935 2825.154428 2800.139384 2812.650297 2797.644532 2804.818803 2838.826577 2885.788135 2926.501969 2971.346853 3000.412134 3041.054938 3080.630050 3102.924539 3143.439980 3180.169284 3220.981702 3289.903630 3366.054765 3399.863219 3433.519948 3463.436108 3484.845320 3442.644448 3415.459088 3392.474260 3370.306088 3325.053319 3280.257726 3239.785051 3176.810700 3119.441903 -9999.0 -9999.0 -9999.0 -9999.0 -9999.0 -9999.0 -9999.0
-9999.0 1776.824764 1976.366339 2177.312928 2436.593152 2672.588776 2864.026389 2957.353222 3013.833378 3074.408040 3122.461388 3157.499365 3179.645921 3200.492348 3177.798652 3137.641607 3106.390360 3111.055643 3103.396824 3081.938651 3054.246030 3041.232693 3039.578429 3034.653316 3013.230005 3002.602692 2995.874981 2996.847128 2970.430652 2917.542959 2845.199923 2821.301739 2764.637815 2739.981197 2713.454517 2683.359013 2654.236822 2665.230121 2675.360876 2675.160278 2667.392856 2666.554528 2695.416711 2713.998855 2724.073775 2713.950130 2733.664476 2759.308138 2799.497999 2801.049458 2846.069581 2896.067540 2945.349221 2967.673637 2972.875148 2987.715728 2995.601175 3039.073912 3115.344589 3195.581365 3270.292334 3314.540048 3364.292398 3402.485699 3429.314414 3456.458415 3477.035340 3468.706731 3443.886358 3411.269740 3354.430880 -9999.0 -9999.0 -9999.0 -9999.0 -9999.0 -9999.0 -9999.0 -9999.0 -9999.0
-9999.0 -9999.0 1748.893490 1907.496773 2014.871067 2181.932689 2327.310134 2437.354970 2538.929307 2678.542965 2800.027824 2847.014874 2891.620386 2907.634789 2894.048785 2865.286151 2847.333887 2847.047233 2835.715978 2828.249368 2812.484978 2807.063697 2850.445710 2841.788785 2834.986597 2831.674154 2827.128526 2817.545454 2797.618356 2752.568045 2710.443018 2663.287624 2612.580814 2588.474271 2567.966824 2548.656663 2550.474735 2544.955715 2549.703464 2551.959303 2560.696218 2574.376824 2593.937522 2617.056382 2627.236484 2637.819106 2650.141064 2673.664942 2706.162583 2747.975214 2802.216267 2824.184582 2860.149958 2868.407319 2853.058977 2850.663533 2861.362585 2893.603823 2960.126184 3008.444299 3096.256314 3160.446364 3221.835787 3276.549291 3302.446995 3338.694310 3406.470153 3454.317819 3494.407218 3472.154331 -9999.0 -9999.0 -9999.0 -9999.0 -9999.0 -9999.0 -9999.0 -9999.0 -9999.0 -9999.0
-9999.0 -9999.0 -9999.0 -9999.0 1768.125953 1917.244220 2015.062487 2096.135448 2229.885487 2359.377571 2466.123249 2553.764272 2622.682635 2651.636282 2653.192242 2668.324080 2667.161695 2659.018660 2648.390737 2651.472943 2654.411872 2647.474072 2631.350480 2624.429144 2626.975388 2633.411032 2630.688978 2616.939579 2598.101615 2580.709345 2564.845000 2532.522385 2499.068069 2470.626186 2457.881540 2453.731706 2453.405477 2445.446898 2453.612369 2461.987331 2477.641468 2492.735836 2516.251262 2545.545691 2560.292322 2575.519042 2585.131955 2605.055205 2635.914360 2689.646993 2753.791295 2812.017329 2817.653022 2819.179115 2831.776870 2815.460455 2809.968768 2835.160436 2815.531401 2869.409442 2960.521678 3000.581384 3046.945818 3086.828543 3123.103777 3181.353845 3272.923110 3352.580493 -9999.0 -9999.0 -9999.0 -9999.0 -9999.0 -9999.0 -9999.0 -9999.0 -9999.0 -9999.0 -9999.0 -9999.0
-9999.0 -9999.0 -9999.0 -9999.0 -9999.0 -9999.0 1741.005030 1846.152276 1917.348060 2067.652543 2210.520414 2318.133714 2402.338990 2438.516973 2472.004958 2502.533363 2503.096088 2483.583523 2462.475268 2483.388507 2501.047330 2494.586587 2462.980796 2463.775215 2469.928799 2477.493451 2474.639916 2468.207686 2443.117403 2458.082212 2461.171817 2438.197079 2412.656754 2399.570935 2387.880419 2397.538357 2397.481692 2383.073460 2382.224729 2409.742346 2430.548477 2443.436468 2464.639145 2497.897567 2530.606597 2546.604033 2548.211494 2553.990074 2592.250597 2662.557159 2735.485246 2792.330944 2798.321225 2804.018351 2810.245940 2770.332074 2750.267526 2756.610140 2789.179202 2837.745284 2841.867330 2880.486091 2895.709618 2900.590853 2914.811212 2984.724357 -9999.0 -9999.0 -9999.0 -9999.0 -9999.0 -9999.0 -9999.0 -9999.0 -9999.0 -9999.0 -9999.0 -9999.0 -9999.0 -9999.0
-9999.0 -9999.0 -9999.0 -9999.0 -9999.0 -9999.0 -9999.0 -9999.0 -9999.0 -9999.0 -9999.0 -9999.0 -9999.0 -9999.0 -9999.0 -9999.0 -9999.0 -9999.0 -9999.0 -9999.0 -9999.0 -9999.0 -9999.0 -9999.0 -9999.0 -9999.0 -9999.0 -9999.0 -9999.0 -9999.0 -9999.0 -9999.0 -9999.0 -9999.0 -9999.0 -9999.0 -9999.0 -9999.0 -9999.0 -9999.0 -9999.0 -9999.0 -9999.0 -9999.0 -9999.0 -9999.0 -9999.0 -9999.0 -9999.0 -9999.0 -9999.0 -9999.0 -9999.0 -9999.0 -9999.0 -9999.0 -9999.0 -9999.0 -9999.0 -9999.0 -9999.0 -9999.0 -9999.0 -9999.0 -9999.0 -9999.0 -9999.0 -9999.0 -9999.0 -9999.0 -9999.0 -9999.0 -9999.0 -9999.0 -9999.0 -9999.0 -9999.0 -9999.0 -9999.0 -9999.0
-9999.0 -9999.0 -9999.0 -9999.0 -9999.0 -9999.0 -9999.0 -9999.0 -9999.0 -9999.0 -9999.0 -9999.0 -9999.0 -9999.0 -9999.0 -9999.0 -9999.0 -9999.0 -9999.0 -9999.0 -9999.0 -9999.0 -9999.0 -9999.0 -9999.0 -9999.0 -9999.0 -9999.0 -9999.0 -9999.0 -9999.0 -9999.0 -9999.0 -9999.0 -9999.0 -9999.0 -9999.0 -9999.0 -9999.0 -9999.0 -9999.0 -9999.0 -9999.0 -9999.0 -9999.0 -9999.0 -9999.0 -9999.0 -9999.0 -9999.0 -9999.0 -9999.0 -9999.0 -9999.0 -9999.0 -9999.0 -9999.0 -9999.0 -9999.0 -9999.0 -9999.0 -9999.0 -9999.0 -9999.0 -9999.0 -9999.0 -9999.0 -9999.0 -9999.0 -9999.0 -9999.0 -9999.0 -9999.0 -9999.0 -9999.0 -9999.0 -9999.0 -9999.0 -9999.0 -9999.0