Borden_/Borden1m_014/output_maps/psiliqL0009N0035.asc
ncols         80
nrows         18
xllcorner     620200.000000
yllcorner     5168000.000000
cellsize      1.000000
NODATA_value  -9999.0
-9999.0 -9999.0 -9999.0 -9999.0 -9999.0 -9999.0 -9999.0 -9999.0 -9999.0 -9999.0 -9999.0 -9999.0 -9999.0 -9999.0 -9999.0 -9999.0 -9999.0 -9999.0 -9999.0 -9999.0 -9999.0 -9999.0 -9999.0 -9999.0 -9999.0 -9999.0 -9999.0 -9999.0 -9999.0 -9999.0 -9999.0 -9999.0 -9999.0 -9999.0 -9999.0 -9999.0 -9999.0 -9999.0 -9999.0 -9999.0 -9999.0 -9999.0 -9999.0 -9999.0 -9999.0 -9999.0 -9999.0 -9999.0 -9999.0 -9999.0 -9999.0 -9999.0 -9999.0 -9999.0 -9999.0 -9999.0 -9999.0 -9999.0 -9999.0 -9999.0 -9999.0 -9999.0 -9999.0 -9999.0 -9999.0 -9999.0 -9999.0 -9999.0 -9999.0 -9999.0 -9999.0 -9999.0 -9999.0 -9999.0 -9999.0 -9999.0 -9999.0 -9999.0 -9999.0 -9999.0
-9999.0 -9999.0 -9999.0 -9999.0 -9999.0 -9999.0 -9999.0 -9999.0 -9999.0 -9999.0 -9999.0 -9999.0 -9999.0 -9999.0 -9999.0 -9999.0 -9999.0 -9999.0 -9999.0 -9999.0 -9999.0 -9999.0 -9999.0 -9999.0 -9999.0 -9999.0 -9999.0 -9999.0 -9999.0 -9999.0 -9999.0 -9999.0 -9999.0 -9999.0 -9999.0 -9999.0 -9999.0 -9999.0 -9999.0 -9999.0 -9999.0 -9999.0 -9999.0 -9999.0 -9999.0 -9999.0 -9999.0 -9999.0 -9999.0 -9999.0 -9999.0 -9999.0 -9999.0 -9999.0 -9999.0 -9999.0 -9999.0 -9999.0 -9999.0 -9999.0 -9999.0 -9999.0 -9999.0 -9999.0 -9999.0 -9999.0 -9999.0 -9999.0 -9999.0 -9999.0 -9999.0 -9999.0 -9999.0 -9999.0 -9999.0 -9999.0 -9999.0 -9999.0 -9999.0 -9999.0
-9999.0 -9999.0 -9999.0 -9999.0 -9999.0 -9999.0 -9999.0 -9999.0 -9999.0 -9999.0 -9999.0 -9999.0 -9999.0 -9999.0 -9999.0 -9999.0 -9999.0 -9999.0 -9999.0 -9999.0 -65.028452 -61.967220 -84.437912 -118.191259 -146.274239 -143.976788 -108.598438 -66.916657 -28.290866 -17.210048 -34.757288 -32.701769 -37.183050 -36.861672 -33.297290 -26.702975 -23.429889 -11.399701 -2.163604 -1.653857 -7.187237 -12.337635 -12.831569 -9.086035 -4.156780 -13.935745 -0.930766 13.918693 19.475835 13.083583 -15.767823 -32.825181 -42.087888 -57.553508 -33.762322 -21.853855 0.731899 4.659208 2.964327 -24.483959 -54.835000 -9999.0 -9999.0 -9999.0 -9999.0 -9999.0 -9999.0 -9999.0 -9999.0 -9999.0 -9999.0 -9999.0 -9999.0 -9999.0 -9999.0 -9999.0 -9999.0 -9999.0 -9999.0 -9999.0
-9999.0 -9999.0 -9999.0 -9999.0 -9999.0 -9999.0 -9999.0 -9999.0 -9999.0 -9999.0 -9999.0 -9999.0 -9999.0 -9999.0 -156.175772 -166.152020 -168.956114 -160.168439 -126.089788 -95.808204 -83.138960 -90.487664 -90.243821 -113.422776 -133.214673 -118.570365 -88.448030 -55.966896 -20.328003 1.512678 -10.221362 -12.127725 -0.620476 28.302947 44.406978 42.622399 21.680507 45.343948 63.349305 74.812625 75.555296 67.984261 83.794887 101.007489 93.971431 74.886458 76.796093 87.475451 100.739532 82.864213 14.331775 -9.093971 -14.167660 -22.310766 -37.093901 -44.617004 -20.367864 -20.024545 -28.819775 -47.304894 -80.018538 -124.277544 -142.473267 -104.228003 -60.033889 -2.157632 -9999.0 -9999.0 -9999.0 -9999.0 -9999.0 -9999.0 -9999.0 -9999.0 -9999.0 -9999.0 -9999.0 -9999.0 -9999.0 -9999.0
-9999.0 -9999.0 -9999.0 -9999.0 -9999.0 -9999.0 -9999.0 -9999.0 -9999.0 -213.763854 -209.941063 -202.693521 -200.674217 -184.851895 -186.518422 -179.308011 -171.141083 -144.438501 -112.799104 -77.020861 -47.414898 -56.520358 -55.288019 -42.248892 -34.472465 -20.072521 2.982792 46.885166 93.520547 139.623762 112.810070 112.314653 134.473565 189.118738 232.517570 244.374747 224.348621 230.327324 261.295745 292.334751 297.753144 298.838339 326.394594 341.241428 345.682686 323.719235 300.490064 295.294060 318.733807 259.864355 184.110433 123.218772 119.947439 83.977378 38.436799 13.088727 8.403843 29.045076 12.199474 -26.876560 -64.638112 -75.187736 -92.511662 -76.607906 -54.379526 -7.666695 30.831866 59.354419 59.261919 41.638032 -9999.0 -9999.0 -9999.0 -9999.0 -9999.0 -9999.0 -9999.0 -9999.0 -9999.0 -9999.0
-9999.0 -9999.0 -9999.0 -9999.0 -9999.0 -9999.0 -292.585413 -283.691790 -263.867486 -258.349880 -233.747148 -225.990842 -205.137563 -185.360429 -164.108178 -146.370353 -114.474611 -80.583704 -37.348835 9.242368 44.768891 43.216456 56.748481 94.845964 142.809681 179.952911 210.203064 258.778401 346.889693 398.483677 414.472114 422.247496 432.771439 478.372314 540.960214 557.877054 538.002244 524.153340 545.534501 587.073035 610.899761 616.410002 625.564582 634.222756 659.119451 647.947797 593.465999 569.482625 561.298915 546.018844 489.684283 425.915855 380.337185 324.048731 231.134904 163.212986 159.701813 172.667518 136.614338 77.347982 30.250350 16.695737 -0.172764 -15.916057 -11.741186 6.710873 29.245459 40.033170 27.004117 5.983073 -17.336850 -46.258096 -44.627235 -19.220350 -9999.0 -9999.0 -9999.0 -9999.0 -9999.0 -9999.0
-9999.0 -9999.0 -9999.0 -9999.0 -342.333835 -329.914293 -341.588927 -317.798974 -285.641729 -252.074505 -219.178543 -181.024398 -152.861453 -121.823568 -78.419969 -37.817144 10.134016 49.991293 111.187078 188.957792 252.084651 287.690414 312.326792 379.243441 443.071163 494.874699 516.112218 545.722982 593.513353 666.745907 695.294073 704.834206 720.400695 751.801883 794.188491 823.936208 806.805591 803.303189 809.505588 821.750535 849.243634 852.175059 854.414404 855.674788 858.323133 857.140826 831.351843 795.713382 782.840896 771.221552 750.024987 683.040531 627.144238 592.316081 561.762871 511.808262 442.745648 417.673587 355.638997 291.424124 212.716100 179.597325 141.157253 109.593788 74.163095 71.348676 71.487677 49.510142 17.268649 -15.505992 -30.874501 -49.733446 -60.071747 -30.193262 -12.469123 18.534220 -9999.0 -9999.0 -9999.0 -9999.0
-9999.0 -9999.0 -400.565660 -350.745024 -294.763028 -286.024053 -283.755929 -278.265396 -250.607016 -198.799118 -118.475084 -62.514063 -13.669601 21.657465 87.931933 182.780021 274.722220 333.386207 397.386098 465.245857 527.986365 568.752355 601.401264 642.279499 692.130705 743.981724 769.567302 793.236903 825.969861 859.641206 880.600164 896.076937 902.832201 900.458045 902.369218 901.079778 897.474046 892.585970 875.393412 873.671435 881.559938 885.688728 889.253033 876.761181 872.799404 885.162828 886.696177 885.052530 886.130752 893.065363 901.353986 867.250877 817.743829 801.700215 794.697790 752.361372 688.444581 633.744663 607.711817 564.267154 484.043001 428.625107 372.927344 314.459618 249.495615 205.803564 149.700936 102.088876 52.693237 5.435767 -18.918660 -37.766357 -40.247471 -39.828857 -23.781022 -8.132522 7.316337 15.154405 -9999.0 -9999.0
-9999.0 -499.921481 -427.283898 -299.688144 -220.275426 -174.365572 -133.579851 -103.146626 -75.644821 -56.235395 59.479153 176.935356 281.984493 321.640275 380.282362 482.439297 588.078033 633.736667 667.521198 711.677854 766.851279 812.759860 843.529307 869.784012 898.360829 901.045982 901.036459 901.955491 896.116371 889.438707 879.991339 886.742323 884.397423 867.077117 852.377230 849.097680 842.011662 816.050974 786.108786 774.875768 777.183148 797.589366 790.251774 770.812923 767.234246 787.334232 803.901076 794.131987 784.441734 799.951983 836.432521 857.890958 872.316795 887.028489 907.938422 884.271736 852.016218 810.887036 791.937004 761.136410 694.225973 629.678044 574.166555 509.723852 441.494698 367.510553 295.653369 223.967364 148.538431 103.628851 69.353772 15.686400 -8.384475 -7.593478 -17.165614 -19.917795 -13.471362 -7.056071 -9999.0 -9999.0
-9999.0 -572.523889 -429.031691 -242.740692 -94.099780 -28.030333 94.616813 188.842982 226.178437 205.406743 330.050591 563.447241 652.360477 664.674939 728.653364 806.709167 843.054683 871.953242 890.284627 888.691409 888.774339 894.571453 892.747020 886.876116 873.093194 865.541588 864.420029 860.913454 841.317097 821.822773 804.036366 798.319838 783.956111 744.830317 712.186256 694.245628 673.097097 645.588747 608.974911 582.462814 569.063390 587.498755 578.681620 560.705239 556.980593 580.349556 613.105434 607.405144 613.498082 636.175555 679.542177 727.313410 751.563295 780.287705 817.240876 859.743215 877.612632 898.171145 903.731038 880.487638 837.070522 786.507695 750.919224 679.391558 603.282332 521.632340 457.121282 395.504589 323.469895 270.197161 213.882324 148.823520 86.384391 55.538566 14.398911 -7.206306 -9999.0 -9999.0 -9999.0 -9999.0
-9999.0 -639.729356 -448.264720 -182.063136 84.215054 225.788335 430.361914 567.952554 645.933903 695.646033 728.170336 842.062217 868.272911 859.031871 844.729108 845.643512 859.376176 862.933951 858.919026 848.113461 836.664896 829.432579 829.083598 823.555544 811.626845 796.803833 783.653990 768.615664 721.036042 685.214806 652.371974 636.663227 601.029055 511.223799 468.063351 435.350628 379.682616 367.546639 354.039766 322.526023 301.640806 284.640287 303.776896 304.124935 305.111448 313.538235 335.545338 357.062051 401.185961 438.242445 483.392243 538.020176 573.509439 618.030498 668.561544 732.915105 763.406029 795.820847 841.574457 881.399390 903.611986 894.027703 863.611110 819.220068 748.557643 670.507903 615.792508 539.595702 473.713123 423.224158 381.537158 330.108937 257.050024 151.778224 104.409237 -9999.0 -9999.0 -9999.0 -9999.0 -9999.0
-9999.0 -796.936669 -528.764359 -231.349697 105.279618 431.475355 546.910168 708.756781 784.445691 727.646292 707.991040 740.067130 781.027178 786.368501 765.553898 757.482018 749.252533 749.053768 760.664764 731.211288 693.427892 677.276222 675.955598 664.159413 641.471159 623.380208 609.356633 587.600195 535.533616 485.167264 409.357713 381.498829 303.622790 229.484235 175.411459 122.146611 67.056464 63.080466 77.479844 59.646130 36.233318 16.940000 42.803510 58.708492 70.042112 60.734508 70.921533 107.913829 160.619400 209.687290 268.728778 332.402597 383.805619 436.761022 472.657028 528.095951 576.263030 624.586533 700.067988 784.551462 820.375001 854.581089 889.384895 903.836131 854.156442 800.485812 743.343808 665.611028 569.727684 522.842085 502.885522 474.188802 423.690468 -9999.0 -9999.0 -9999.0 -9999.0 -9999.0 -9999.0 -9999.0
-9999.0 -930.150328 -699.542450 -452.195726 -151.003249 93.514020 285.898581 408.043447 499.539052 490.826615 502.116894 533.207917 565.628596 587.602160 564.641241 527.702832 500.870897 504.182836 502.301666 476.794667 445.652803 430.302060 428.533088 420.748466 394.083882 376.348049 362.944148 336.951667 295.130908 230.895319 140.095440 66.991806 1.685415 -36.764906 -69.213490 -103.757905 -143.274378 -133.322708 -119.266797 -124.214541 -136.802745 -141.376492 -111.793305 -93.341330 -83.239101 -96.160671 -77.405370 -49.896340 -7.004276 36.647063 87.545414 146.190717 205.140753 242.176589 264.385289 301.441902 350.185169 411.820005 499.843834 597.554073 673.780100 729.758047 781.247764 813.086098 824.544441 839.285002 813.891337 722.808725 577.178148 563.079798 564.804879 -9999.0 -9999.0 -9999.0 -9999.0 -9999.0 -9999.0 -9999.0 -9999.0 -9999.0
-9999.0 -9999.0 -936.283633 -747.085368 -588.275338 -401.450170 -248.710677 -138.942197 -60.459510 30.967359 124.027613 205.691303 252.339147 271.075737 251.509459 206.801527 177.927900 177.110434 166.764124 151.360118 125.506957 115.246849 104.973547 96.357005 82.177858 73.715210 67.040799 54.115693 28.976661 -20.879822 -75.841119 -129.471013 -185.068689 -211.096057 -233.678401 -256.713739 -260.426459 -262.414542 -255.690131 -254.577836 -249.274854 -237.574607 -216.808231 -195.435371 -186.023640 -178.915723 -166.309839 -142.527122 -109.142532 -67.689477 -14.516618 42.505978 82.414274 96.217447 88.637140 97.461585 123.846404 175.991843 276.163722 375.131451 471.054770 543.750936 615.621686 665.321327 681.631439 703.972200 719.795679 634.475456 365.054942 494.366654 -9999.0 -9999.0 -9999.0 -9999.0 -9999.0 -9999.0 -9999.0 -9999.0 -9999.0 -9999.0
-9999.0 -9999.0 -9999.0 -9999.0 -890.423169 -733.594908 -639.522363 -556.819353 -435.112006 -325.597667 -232.870838 -155.583500 -101.575909 -77.507460 -88.744091 -94.609808 -103.259520 -107.307993 -116.186617 -121.795288 -127.580681 -135.670329 -147.360833 -155.214705 -156.236979 -153.059662 -155.508111 -169.066163 -185.633525 -213.254886 -237.692210 -273.329313 -310.672530 -340.020645 -353.163999 -360.110655 -359.898498 -365.447025 -355.917084 -349.553984 -334.691011 -319.259375 -295.240841 -266.924482 -254.341700 -240.155480 -230.434521 -209.560912 -179.494975 -126.716945 -64.429562 -8.353833 25.572839 28.987533 2.587498 -13.284233 -15.882655 14.174269 66.017600 143.758505 259.708011 345.703019 414.394992 462.237555 494.717390 539.412875 580.801161 595.379542 -9999.0 -9999.0 -9999.0 -9999.0 -9999.0 -9999.0 -9999.0 -9999.0 -9999.0 -9999.0 -9999.0 -9999.0
-9999.0 -9999.0 -9999.0 -9999.0 -9999.0 -9999.0 -945.988252 -851.424666 -764.767280 -642.666933 -528.887902 -436.740018 -362.099538 -336.875159 -319.178651 -296.836314 -301.400528 -318.407141 -335.051974 -318.560354 -308.976404 -313.959778 -341.544192 -343.068728 -339.614855 -330.373034 -331.664087 -337.849603 -362.759121 -354.661427 -356.150483 -379.304360 -405.466617 -419.883239 -431.426608 -421.394603 -420.529376 -433.038458 -430.602462 -404.474135 -384.727247 -371.249405 -348.714678 -315.595846 -283.674056 -269.451013 -268.545534 -262.369923 -220.888715 -150.700960 -80.681120 -27.515968 2.934382 9.749463 -19.466407 -61.186455 -83.266779 -76.802022 -41.654075 13.774690 95.134036 150.943662 188.226877 215.032312 248.337571 349.334749 -9999.0 -9999.0 -9999.0 -9999.0 -9999.0 -9999.0 -9999.0 -9999.0 -9999.0 -9999.0 -9999.0 -9999.0 -9999.0 -9999.0
-9999.0 -9999.0 -9999.0 -9999.0 -9999.0 -9999.0 -9999.0 -9999.0 -9999.0 -9999.0 -9999.0 -9999.0 -9999.0 -9999.0 -9999.0 -9999.0 -9999.0 -9999.0 -9999.0 -9999.0 -9999.0 -9999.0 -9999.0 -9999.0 -9999.0 -9999.0 -9999.0 -9999.0 -9999.0 -9999.0 -9999.0 -9999.0 -9999.0 -9999.0 -9999.0 -9999.0 -9999.0 -9999.0 -9999.0 -9999.0 -9999.0 -9999.0 -9999.0 -9999.0 -9999.0 -9999.0 -9999.0 -9999.0 -9999.0 -9999.0 -9999.0 -9999.0 -9999.0 -9999.0 -9999.0 -9999.0 -9999.0 -9999.0 -9999.0 -9999.0 -9999.0 -9999.0 -9999.0 -9999.0 -9999.0 -9999.0 -9999.0 -9999.0 -9999.0 -9999.0 -9999.0 -9999.0 -9999.0 -9999.0 -9999.0 -9999.0 -9999.0 -9999.0 -9999.0 -9999.0
-9999.0 -9999.0 -9999.0 -9999.0 -9999.0 -9999.0 -9999.0 -9999.0 -9999.0 -9999.0 -9999.0 -9999.0 -9999.0 -9999.0 -9999.0 -9999.0 -9999.0 -9999.0 -9999.0 -9999.0 -9999.0 -9999.0 -9999.0 -9999.0 -9999.0 -9999.0 -9999.0 -9999.0 -9999.0 -9999.0 -9999.0 -9999.0 -9999.0 -9999.0 -9999.0 -9999.0 -9999.0 -9999.0 -9999.0 -9999.0 -9999.0 -9999.0 -9999.0 -9999.0 -9999.0 -9999.0 -9999.0 -9999.0 -9999.0 -9999.0 -9999.0 -9999.0 -9999.0 -9999.0 -9999.0 -9999.0 -9999.0 -9999.0 -9999.0 -9999.0 -9999.0 -9999.0 -9999.0 -9999.0 -9999.0 -9999.0 -9999.0 -9999.0 -9999.0 -9999.0 -9999.0 -9999.0 -9999.0 -9999.0 -9999.0 -9999.0 -9999.0 -9999.0 -9999.0 -9999.0