Borden_/Borden1m_014/output_maps/psiliqL0019N0028.asc
ncols         80
nrows         18
xllcorner     620200.000000
yllcorner     5168000.000000
cellsize      1.000000
NODATA_value  -9999.0
-9999.0 -9999.0 -9999.0 -9999.0 -9999.0 -9999.0 -9999.0 -9999.0 -9999.0 -9999.0 -9999.0 -9999.0 -9999.0 -9999.0 -9999.0 -9999.0 -9999.0 -9999.0 -9999.0 -9999.0 -9999.0 -9999.0 -9999.0 -9999.0 -9999.0 -9999.0 -9999.0 -9999.0 -9999.0 -9999.0 -9999.0 -9999.0 -9999.0 -9999.0 -9999.0 -9999.0 -9999.0 -9999.0 -9999.0 -9999.0 -9999.0 -9999.0 -9999.0 -9999.0 -9999.0 -9999.0 -9999.0 -9999.0 -9999.0 -9999.0 -9999.0 -9999.0 -9999.0 -9999.0 -9999.0 -9999.0 -9999.0 -9999.0 -9999.0 -9999.0 -9999.0 -9999.0 -9999.0 -9999.0 -9999.0 -9999.0 -9999.0 -9999.0 -9999.0 -9999.0 -9999.0 -9999.0 -9999.0 -9999.0 -9999.0 -9999.0 -9999.0 -9999.0 -9999.0 -9999.0
-9999.0 -9999.0 -9999.0 -9999.0 -9999.0 -9999.0 -9999.0 -9999.0 -9999.0 -9999.0 -9999.0 -9999.0 -9999.0 -9999.0 -9999.0 -9999.0 -9999.0 -9999.0 -9999.0 -9999.0 -9999.0 -9999.0 -9999.0 -9999.0 -9999.0 -9999.0 -9999.0 -9999.0 -9999.0 -9999.0 -9999.0 -9999.0 -9999.0 -9999.0 -9999.0 -9999.0 -9999.0 -9999.0 -9999.0 -9999.0 -9999.0 -9999.0 -9999.0 -9999.0 -9999.0 -9999.0 -9999.0 -9999.0 -9999.0 -9999.0 -9999.0 -9999.0 -9999.0 -9999.0 -9999.0 -9999.0 -9999.0 -9999.0 -9999.0 -9999.0 -9999.0 -9999.0 -9999.0 -9999.0 -9999.0 -9999.0 -9999.0 -9999.0 -9999.0 -9999.0 -9999.0 -9999.0 -9999.0 -9999.0 -9999.0 -9999.0 -9999.0 -9999.0 -9999.0 -9999.0
-9999.0 -9999.0 -9999.0 -9999.0 -9999.0 -9999.0 -9999.0 -9999.0 -9999.0 -9999.0 -9999.0 -9999.0 -9999.0 -9999.0 -9999.0 -9999.0 -9999.0 -9999.0 -9999.0 -9999.0 1954.184113 1956.807320 1936.120954 1903.813998 1877.512801 1881.475149 1917.357406 1960.406301 2001.209417 2012.280469 1995.996683 2000.902617 1997.945558 1996.519892 1999.098581 2007.321958 2013.606506 2024.998714 2033.869858 2033.981085 2028.756369 2024.889585 2026.906565 2029.548981 2034.912891 2021.578216 2034.949958 2048.698363 2051.547908 2045.052545 2016.978337 2000.441499 1989.190522 1970.957809 1993.718981 2003.049349 2023.490952 2025.544231 2021.835688 1993.611664 1962.708794 -9999.0 -9999.0 -9999.0 -9999.0 -9999.0 -9999.0 -9999.0 -9999.0 -9999.0 -9999.0 -9999.0 -9999.0 -9999.0 -9999.0 -9999.0 -9999.0 -9999.0 -9999.0 -9999.0
-9999.0 -9999.0 -9999.0 -9999.0 -9999.0 -9999.0 -9999.0 -9999.0 -9999.0 -9999.0 -9999.0 -9999.0 -9999.0 -9999.0 1859.694415 1851.543899 1850.314525 1859.965939 1894.654955 1926.053311 1938.200466 1931.955339 1933.465147 1911.192579 1891.608830 1907.093372 1938.859006 1972.144620 2008.440324 2029.766810 2020.856023 2020.489486 2030.659821 2054.922323 2066.706970 2064.495332 2046.484805 2071.329272 2087.164689 2095.345746 2095.765955 2088.102875 2099.887515 2114.953740 2107.545299 2090.247076 2096.499730 2107.827711 2117.174257 2103.421418 2039.551335 2020.736872 2014.055366 2005.701103 1989.445494 1981.774964 2006.021694 2003.392717 1993.386991 1973.966463 1939.717564 1894.417552 1874.254946 1911.926463 1953.886211 2009.160954 -9999.0 -9999.0 -9999.0 -9999.0 -9999.0 -9999.0 -9999.0 -9999.0 -9999.0 -9999.0 -9999.0 -9999.0 -9999.0 -9999.0
-9999.0 -9999.0 -9999.0 -9999.0 -9999.0 -9999.0 -9999.0 -9999.0 -9999.0 1797.474431 1803.614705 1812.321138 1816.523015 1833.651779 1832.003946 1840.683518 1848.407817 1877.499036 1909.750637 1945.847526 1975.287048 1968.215714 1969.894877 1979.385160 1981.212015 1993.749084 2017.367303 2059.173614 2097.577984 2138.635968 2110.631590 2109.525507 2129.674844 2175.338192 2204.706218 2210.014202 2192.330101 2205.243225 2230.765777 2251.653053 2251.721920 2249.325997 2274.829799 2289.273820 2286.738290 2265.071122 2256.284990 2257.687016 2282.293222 2229.214398 2161.170225 2113.577793 2119.731724 2090.983998 2055.610157 2036.358280 2032.423209 2050.330092 2034.043538 1995.626135 1958.579119 1945.279582 1925.906805 1942.320199 1962.675857 2006.618101 2043.818786 2070.553380 2068.008090 2049.235341 -9999.0 -9999.0 -9999.0 -9999.0 -9999.0 -9999.0 -9999.0 -9999.0 -9999.0 -9999.0
-9999.0 -9999.0 -9999.0 -9999.0 -9999.0 -9999.0 1716.300323 1727.376715 1749.369460 1754.541346 1782.052187 1790.509114 1812.647057 1833.351185 1857.176573 1874.499687 1904.939805 1939.046536 1980.077955 2023.234824 2056.199958 2050.888673 2062.204082 2090.136144 2126.253617 2153.422083 2180.074160 2221.844139 2298.992783 2341.481459 2345.389141 2350.809907 2361.538781 2411.809086 2476.081100 2488.705715 2468.569200 2455.218358 2477.741015 2515.801414 2520.259474 2522.395316 2536.446279 2547.018190 2572.562141 2560.907525 2519.626544 2506.992050 2507.174505 2486.351374 2420.258279 2357.228992 2326.641092 2274.797629 2190.284094 2138.137536 2148.913239 2167.976638 2138.808870 2083.938008 2043.122820 2031.525091 2014.990517 2001.221297 2006.980417 2024.492018 2044.240304 2053.377169 2038.041238 2014.761232 1990.595087 1960.497247 1961.354472 1985.581695 -9999.0 -9999.0 -9999.0 -9999.0 -9999.0 -9999.0
-9999.0 -9999.0 -9999.0 -9999.0 1664.553869 1678.611574 1666.864606 1694.211025 1728.670295 1764.790215 1797.250025 1834.745630 1863.297829 1895.139812 1935.458062 1967.766352 2008.693748 2044.804114 2099.570058 2167.916323 2219.323737 2241.957118 2257.652215 2315.864877 2377.549831 2430.142673 2452.681117 2482.108777 2529.945796 2591.372537 2619.027964 2626.010642 2644.418595 2683.440745 2734.672439 2770.791744 2753.962394 2745.672254 2753.600247 2767.195873 2791.624011 2793.911378 2796.551952 2799.947834 2805.220646 2802.737833 2775.814649 2740.561645 2723.363408 2712.132320 2677.801434 2605.966883 2567.504406 2534.942999 2494.745531 2439.671322 2379.848082 2367.975178 2308.973122 2249.156741 2188.467142 2168.554585 2138.268091 2112.659611 2084.292957 2085.662814 2087.709748 2064.992026 2029.767834 1995.378855 1978.684564 1958.439343 1945.751562 1974.919140 1991.447146 2020.640284 -9999.0 -9999.0 -9999.0 -9999.0
-9999.0 -9999.0 1603.035685 1651.294716 1709.798936 1719.433115 1719.327145 1726.611653 1757.151144 1811.239268 1884.731514 1932.794022 1973.138439 2009.375666 2069.659032 2145.065422 2215.408886 2264.535110 2327.976269 2400.944934 2464.768436 2497.784365 2514.869206 2557.208141 2613.859834 2680.195798 2709.147745 2737.415918 2773.198654 2810.116362 2815.384517 2828.931370 2839.165568 2845.934157 2855.179277 2858.859299 2853.404370 2847.198478 2827.809806 2823.277902 2830.463390 2837.596668 2838.467365 2824.804315 2820.781537 2834.514412 2838.812262 2836.712383 2834.443529 2840.498790 2840.626951 2797.486521 2766.732198 2749.470786 2734.473507 2687.457821 2620.163910 2579.839771 2555.354626 2508.427715 2429.455553 2380.011044 2330.046047 2283.038221 2230.915689 2201.743883 2155.111907 2111.288016 2062.898741 2014.766781 1989.733118 1970.887335 1967.334277 1965.761546 1981.055439 1995.243017 2009.769666 2017.114079 -9999.0 -9999.0
-9999.0 1496.625345 1569.012516 1694.543283 1775.526781 1819.631470 1845.323616 1863.973030 1895.116475 1927.689824 2028.523662 2105.420088 2196.422834 2237.863190 2288.609132 2386.745654 2484.233522 2534.609623 2576.811490 2638.683512 2703.304710 2755.479747 2786.047644 2787.152518 2824.785378 2845.318386 2850.922659 2856.285532 2854.875920 2847.397694 2839.702722 2845.735220 2841.383886 2821.435108 2804.445583 2800.637113 2794.197561 2768.090381 2736.392134 2719.893707 2721.145721 2746.327294 2732.424686 2711.406995 2707.691320 2729.749352 2752.188186 2743.553386 2731.057499 2750.991242 2787.018188 2811.342156 2818.845241 2836.442979 2857.102282 2829.828772 2803.317655 2759.179250 2736.450417 2705.939796 2645.614820 2584.476078 2528.246822 2465.866081 2399.466517 2333.347724 2269.615283 2206.355278 2139.657809 2097.401984 2065.786424 2016.273237 1996.351446 1997.834272 1988.509106 1984.546236 1989.299977 1995.037069 -9999.0 -9999.0
-9999.0 1409.934042 1551.446978 1734.388466 1882.711428 1937.278356 2026.556693 2100.416036 2127.352540 2093.289183 2202.044214 2423.322821 2539.023555 2561.473969 2638.443965 2735.149427 2744.032204 2779.128247 2804.165421 2822.217370 2836.952886 2850.463068 2850.525185 2846.433333 2831.931511 2824.068374 2822.117905 2818.447561 2799.631083 2779.032153 2760.090105 2754.200902 2731.718826 2683.376696 2648.375059 2629.085734 2609.809842 2590.275222 2558.476730 2530.152126 2512.200371 2525.445272 2521.547973 2505.144803 2501.565696 2524.116409 2556.028343 2554.571831 2566.916183 2589.386795 2629.697053 2671.064707 2695.134406 2727.179787 2766.909992 2814.112613 2828.081709 2850.352818 2853.842482 2837.301575 2790.526976 2733.938305 2697.419189 2632.232739 2558.459733 2477.511796 2410.877694 2346.731331 2275.958409 2229.943678 2183.502343 2126.469866 2075.286288 2056.119954 2016.897768 1997.900472 -9999.0 -9999.0 -9999.0 -9999.0
-9999.0 1321.814756 1506.789446 1758.312298 2043.242070 2141.620819 2348.405985 2476.970004 2532.168460 2604.667669 2549.220661 2724.847758 2774.097047 2773.869906 2782.621182 2789.751329 2807.564273 2811.758666 2809.387450 2800.311556 2792.044114 2788.551071 2787.635429 2780.001151 2767.155059 2751.065491 2734.523309 2719.743114 2679.704062 2644.393545 2604.671014 2588.138185 2545.330645 2450.212628 2406.881829 2367.957519 2307.902659 2303.062347 2300.345607 2271.549052 2251.540717 2226.944878 2251.722481 2259.676824 2263.361918 2263.854626 2278.946418 2306.987423 2354.956975 2392.973410 2437.924234 2491.499838 2529.116354 2573.921454 2619.655176 2676.641880 2711.821863 2744.590637 2795.998214 2835.695398 2859.192705 2845.672394 2818.647902 2767.677966 2691.180037 2622.287359 2569.425741 2492.545419 2427.019511 2374.187659 2327.532560 2276.731475 2212.839783 2141.842064 2101.490816 -9999.0 -9999.0 -9999.0 -9999.0 -9999.0
-9999.0 1125.207786 1391.530766 1671.301236 1971.080938 2306.929689 2459.810664 2579.660832 2652.997636 2630.360344 2647.176156 2665.845430 2711.608045 2723.168085 2704.563914 2695.728713 2683.660948 2684.510748 2698.281226 2672.195589 2642.748986 2629.260980 2628.767098 2616.628570 2592.132113 2574.605279 2562.530808 2540.189275 2489.940155 2436.739704 2351.896730 2317.534546 2238.095202 2187.702290 2144.991275 2094.961914 2044.818624 2044.724965 2063.644030 2050.121817 2027.939408 2009.619218 2037.246955 2056.967265 2070.203772 2057.723772 2066.878050 2103.213963 2153.229709 2198.086383 2248.117881 2303.616059 2350.552460 2397.958461 2429.026030 2478.467311 2529.123105 2577.427188 2652.183063 2733.477595 2774.179674 2809.784858 2839.716662 2853.263205 2796.912887 2744.220761 2686.646346 2620.377153 2542.243883 2493.247527 2465.231452 2421.927863 2366.625196 -9999.0 -9999.0 -9999.0 -9999.0 -9999.0 -9999.0 -9999.0
-9999.0 1004.403752 1213.369768 1428.406574 1700.039008 1936.565475 2144.520540 2249.383043 2329.512191 2382.340149 2427.470540 2465.696186 2497.942656 2523.045283 2504.403931 2463.437634 2434.590636 2439.709774 2434.122821 2411.451770 2382.495974 2367.848343 2364.516382 2357.424561 2333.124862 2318.786392 2307.642594 2283.901520 2251.937745 2195.713518 2117.584061 2042.970033 1983.555942 1955.134257 1926.898733 1895.327450 1862.190649 1872.432977 1883.966389 1881.321731 1871.935335 1869.911852 1898.901582 1918.259407 1928.528345 1917.860831 1937.554660 1964.018855 2005.374911 2049.213405 2098.793084 2154.105256 2208.249998 2237.000095 2249.702978 2273.305159 2312.152169 2365.889630 2451.823501 2548.085802 2628.069277 2677.611888 2729.007094 2763.551406 2775.345893 2779.013405 2750.413261 2670.116313 2570.715163 2550.512476 2546.662049 -9999.0 -9999.0 -9999.0 -9999.0 -9999.0 -9999.0 -9999.0 -9999.0 -9999.0
-9999.0 -9999.0 983.078231 1151.248848 1274.374934 1448.206943 1596.429047 1706.827011 1801.948120 1927.492396 2040.357574 2129.282851 2175.325721 2193.764579 2181.437393 2151.851946 2132.935961 2133.211932 2122.689106 2113.428994 2095.141287 2087.573910 2075.219348 2066.479665 2057.609758 2052.675480 2047.148974 2035.735819 2014.240410 1968.012994 1922.246442 1872.294776 1820.321761 1795.181066 1773.692878 1752.980211 1752.838116 1747.990087 1753.026966 1754.693356 1762.276269 1775.274261 1795.102558 1817.493377 1827.525838 1837.276041 1849.889171 1873.753199 1906.859221 1949.596697 2004.156326 2062.869326 2103.549688 2116.783475 2107.105114 2111.628662 2130.674209 2171.927314 2250.097780 2332.687077 2429.044778 2500.701440 2572.353454 2623.438394 2637.874883 2650.867434 2662.100803 2613.736759 2494.666132 2506.768908 -9999.0 -9999.0 -9999.0 -9999.0 -9999.0 -9999.0 -9999.0 -9999.0 -9999.0 -9999.0
-9999.0 -9999.0 -9999.0 -9999.0 1011.297883 1163.633694 1261.296519 1343.891354 1475.072121 1599.347695 1702.049308 1787.134782 1851.892266 1879.242970 1877.631013 1887.348961 1884.462074 1877.694883 1867.736644 1868.462456 1868.992332 1861.665166 1846.350096 1838.909429 1840.167013 1845.314200 1842.262619 1828.127257 1809.527052 1788.827945 1770.098077 1736.349195 1701.103300 1672.002821 1658.805129 1653.567008 1653.132654 1645.653762 1654.011540 1661.660667 1676.969917 1692.089257 1715.733814 1744.957477 1759.179719 1774.229345 1784.059619 1804.536107 1835.234414 1888.997829 1952.996083 2011.643737 2048.715672 2053.925308 2030.254037 2015.204222 2011.482597 2039.149794 2082.875292 2148.195826 2248.913819 2321.616901 2376.381900 2418.754534 2449.318572 2492.774778 2540.042539 2573.369871 -9999.0 -9999.0 -9999.0 -9999.0 -9999.0 -9999.0 -9999.0 -9999.0 -9999.0 -9999.0 -9999.0 -9999.0
-9999.0 -9999.0 -9999.0 -9999.0 -9999.0 -9999.0 976.546612 1079.606360 1156.323197 1299.324252 1434.410461 1537.866834 1619.502417 1653.044519 1682.216392 1710.548758 1709.817962 1691.172604 1671.439665 1691.018339 1706.267041 1700.084136 1669.274504 1669.149912 1674.236981 1681.923013 1679.151496 1672.403928 1647.006985 1659.533578 1660.873380 1637.480640 1611.412912 1597.678748 1585.698670 1595.175144 1595.166447 1581.149427 1581.081768 1608.075259 1628.478194 1641.479843 1663.035153 1696.274818 1728.798917 1744.384591 1745.954970 1752.085094 1791.661309 1862.075249 1934.446394 1990.783839 2024.229212 2033.113538 2007.050064 1967.751989 1948.109213 1955.581970 1990.294336 2042.088710 2116.991375 2164.964014 2188.156745 2198.318939 2213.598266 2303.867486 -9999.0 -9999.0 -9999.0 -9999.0 -9999.0 -9999.0 -9999.0 -9999.0 -9999.0 -9999.0 -9999.0 -9999.0 -9999.0 -9999.0
-9999.0 -9999.0 -9999.0 -9999.0 -9999.0 -9999.0 -9999.0 -9999.0 -9999.0 -9999.0 -9999.0 -9999.0 -9999.0 -9999.0 -9999.0 -9999.0 -9999.0 -9999.0 -9999.0 -9999.0 -9999.0 -9999.0 -9999.0 -9999.0 -9999.0 -9999.0 -9999.0 -9999.0 -9999.0 -9999.0 -9999.0 -9999.0 -9999.0 -9999.0 -9999.0 -9999.0 -9999.0 -9999.0 -9999.0 -9999.0 -9999.0 -9999.0 -9999.0 -9999.0 -9999.0 -9999.0 -9999.0 -9999.0 -9999.0 -9999.0 -9999.0 -9999.0 -9999.0 -9999.0 -9999.0 -9999.0 -9999.0 -9999.0 -9999.0 -9999.0 -9999.0 -9999.0 -9999.0 -9999.0 -9999.0 -9999.0 -9999.0 -9999.0 -9999.0 -9999.0 -9999.0 -9999.0 -9999.0 -9999.0 -9999.0 -9999.0 -9999.0 -9999.0 -9999.0 -9999.0
-9999.0 -9999.0 -9999.0 -9999.0 -9999.0 -9999.0 -9999.0 -9999.0 -9999.0 -9999.0 -9999.0 -9999.0 -9999.0 -9999.0 -9999.0 -9999.0 -9999.0 -9999.0 -9999.0 -9999.0 -9999.0 -9999.0 -9999.0 -9999.0 -9999.0 -9999.0 -9999.0 -9999.0 -9999.0 -9999.0 -9999.0 -9999.0 -9999.0 -9999.0 -9999.0 -9999.0 -9999.0 -9999.0 -9999.0 -9999.0 -9999.0 -9999.0 -9999.0 -9999.0 -9999.0 -9999.0 -9999.0 -9999.0 -9999.0 -9999.0 -9999.0 -9999.0 -9999.0 -9999.0 -9999.0 -9999.0 -9999.0 -9999.0 -9999.0 -9999.0 -9999.0 -9999.0 -9999.0 -9999.0 -9999.0 -9999.0 -9999.0 -9999.0 -9999.0 -9999.0 -9999.0 -9999.0 -9999.0 -9999.0 -9999.0 -9999.0 -9999.0 -9999.0 -9999.0 -9999.0