Borden_/Borden1m_014/output_maps/psiliqL0021N0010.asc
ncols         80
nrows         18
xllcorner     620200.000000
yllcorner     5168000.000000
cellsize      1.000000
NODATA_value  -9999.0
-9999.0 -9999.0 -9999.0 -9999.0 -9999.0 -9999.0 -9999.0 -9999.0 -9999.0 -9999.0 -9999.0 -9999.0 -9999.0 -9999.0 -9999.0 -9999.0 -9999.0 -9999.0 -9999.0 -9999.0 -9999.0 -9999.0 -9999.0 -9999.0 -9999.0 -9999.0 -9999.0 -9999.0 -9999.0 -9999.0 -9999.0 -9999.0 -9999.0 -9999.0 -9999.0 -9999.0 -9999.0 -9999.0 -9999.0 -9999.0 -9999.0 -9999.0 -9999.0 -9999.0 -9999.0 -9999.0 -9999.0 -9999.0 -9999.0 -9999.0 -9999.0 -9999.0 -9999.0 -9999.0 -9999.0 -9999.0 -9999.0 -9999.0 -9999.0 -9999.0 -9999.0 -9999.0 -9999.0 -9999.0 -9999.0 -9999.0 -9999.0 -9999.0 -9999.0 -9999.0 -9999.0 -9999.0 -9999.0 -9999.0 -9999.0 -9999.0 -9999.0 -9999.0 -9999.0 -9999.0
-9999.0 -9999.0 -9999.0 -9999.0 -9999.0 -9999.0 -9999.0 -9999.0 -9999.0 -9999.0 -9999.0 -9999.0 -9999.0 -9999.0 -9999.0 -9999.0 -9999.0 -9999.0 -9999.0 -9999.0 -9999.0 -9999.0 -9999.0 -9999.0 -9999.0 -9999.0 -9999.0 -9999.0 -9999.0 -9999.0 -9999.0 -9999.0 -9999.0 -9999.0 -9999.0 -9999.0 -9999.0 -9999.0 -9999.0 -9999.0 -9999.0 -9999.0 -9999.0 -9999.0 -9999.0 -9999.0 -9999.0 -9999.0 -9999.0 -9999.0 -9999.0 -9999.0 -9999.0 -9999.0 -9999.0 -9999.0 -9999.0 -9999.0 -9999.0 -9999.0 -9999.0 -9999.0 -9999.0 -9999.0 -9999.0 -9999.0 -9999.0 -9999.0 -9999.0 -9999.0 -9999.0 -9999.0 -9999.0 -9999.0 -9999.0 -9999.0 -9999.0 -9999.0 -9999.0 -9999.0
-9999.0 -9999.0 -9999.0 -9999.0 -9999.0 -9999.0 -9999.0 -9999.0 -9999.0 -9999.0 -9999.0 -9999.0 -9999.0 -9999.0 -9999.0 -9999.0 -9999.0 -9999.0 -9999.0 -9999.0 2351.570328 2354.009091 2333.446283 2301.184837 2275.090738 2279.305476 2315.025404 2357.601711 2397.737093 2407.646766 2390.829599 2396.375457 2394.782857 2394.934413 2399.897732 2410.956720 2419.924102 2431.832165 2440.403749 2439.343455 2432.590618 2427.352899 2428.602608 2430.414362 2436.042037 2422.866772 2437.653950 2452.351143 2455.111723 2448.218687 2419.452243 2402.361680 2390.442585 2371.799121 2394.669615 2403.687079 2423.276776 2424.702014 2420.497241 2392.226322 2361.260662 -9999.0 -9999.0 -9999.0 -9999.0 -9999.0 -9999.0 -9999.0 -9999.0 -9999.0 -9999.0 -9999.0 -9999.0 -9999.0 -9999.0 -9999.0 -9999.0 -9999.0 -9999.0 -9999.0
-9999.0 -9999.0 -9999.0 -9999.0 -9999.0 -9999.0 -9999.0 -9999.0 -9999.0 -9999.0 -9999.0 -9999.0 -9999.0 -9999.0 2256.551511 2248.483502 2247.241213 2256.830432 2291.598408 2323.353095 2335.598858 2329.530627 2331.000609 2308.680811 2289.183546 2305.085186 2337.106923 2369.482459 2404.360816 2424.008326 2414.516185 2414.478916 2425.868951 2452.813313 2467.745117 2468.865623 2453.438530 2480.174332 2495.558656 2501.816177 2500.150914 2490.347612 2499.759454 2513.751124 2506.500231 2490.693748 2499.693068 2512.684637 2521.790890 2507.675176 2442.015128 2422.567637 2415.009222 2406.842689 2390.619930 2383.164156 2407.163135 2403.217037 2392.715807 2373.168175 2338.670247 2293.133041 2272.651645 2310.454396 2352.303052 2407.146298 -9999.0 -9999.0 -9999.0 -9999.0 -9999.0 -9999.0 -9999.0 -9999.0 -9999.0 -9999.0 -9999.0 -9999.0 -9999.0 -9999.0
-9999.0 -9999.0 -9999.0 -9999.0 -9999.0 -9999.0 -9999.0 -9999.0 -9999.0 2196.107778 2202.252651 2210.603028 2214.495214 2231.164139 2228.966895 2237.463963 2244.699792 2274.032568 2306.399235 2342.843117 2372.386746 2365.914720 2367.020304 2375.597540 2376.867678 2390.244290 2414.760705 2456.346372 2490.557617 2528.469201 2498.311771 2497.120977 2519.621256 2569.326474 2602.989465 2612.534870 2598.490536 2614.776324 2639.908717 2657.868122 2654.740984 2649.015463 2671.011049 2684.539444 2681.082851 2661.065397 2658.518191 2663.101517 2688.536739 2633.420336 2561.494092 2512.310175 2518.783596 2492.043624 2458.549628 2438.973737 2434.067815 2450.665734 2433.906797 2395.131176 2358.472917 2344.564671 2324.779352 2341.498436 2361.866063 2405.514532 2443.088558 2470.086224 2467.531198 2448.798663 -9999.0 -9999.0 -9999.0 -9999.0 -9999.0 -9999.0 -9999.0 -9999.0 -9999.0 -9999.0
-9999.0 -9999.0 -9999.0 -9999.0 -9999.0 -9999.0 2115.701428 2126.996823 2149.048296 2153.597232 2181.069584 2188.757392 2210.251637 2230.202672 2253.700357 2270.319901 2300.064128 2334.002907 2374.628621 2418.125716 2452.502528 2446.478925 2457.640207 2483.222633 2519.290180 2548.288451 2577.415616 2619.227811 2693.089484 2731.336356 2730.456137 2735.324364 2749.264724 2806.835226 2879.559020 2897.800875 2882.641717 2872.261642 2895.439267 2931.599071 2931.518846 2930.500014 2800.778413 2810.433155 2836.953898 2827.860396 2931.957254 2923.146357 2925.678668 2900.635593 2827.129797 2759.331995 2728.565574 2674.950782 2591.564076 2539.113336 2549.282926 2567.238910 2537.915696 2483.781726 2442.578771 2430.685534 2413.807014 2400.418298 2406.872214 2424.722647 2444.471339 2453.891006 2438.605949 2415.240359 2391.350548 2361.082086 2361.679189 2385.575634 -9999.0 -9999.0 -9999.0 -9999.0 -9999.0 -9999.0
-9999.0 -9999.0 -9999.0 -9999.0 2064.130192 2078.401483 2066.362300 2094.107534 2128.582836 2164.580085 2196.024357 2232.527917 2259.994082 2290.738294 2329.201090 2359.415114 2399.129732 2434.795780 2489.997761 2560.209643 2613.881037 2636.403891 2651.225448 2709.147501 2773.804208 2831.842715 2859.239317 2889.843106 2798.748744 2854.159710 2877.169371 2881.021491 2897.978967 2937.824304 2990.207377 3011.433028 2994.435379 2986.141712 2994.386022 3007.088210 3029.198867 3029.344055 3030.000742 3033.247505 3039.684937 3038.741926 3014.425387 2981.911527 2982.798915 2973.164372 2938.995893 2869.230806 2836.762984 2809.752955 2907.670663 2848.322852 2785.273610 2772.034242 2711.019909 2649.847039 2589.029866 2568.804053 2538.142940 2512.712865 2485.640299 2487.564822 2490.091067 2467.702647 2432.290823 2397.647545 2380.760115 2359.953996 2346.430734 2375.174472 2391.213959 2419.957315 -9999.0 -9999.0 -9999.0 -9999.0
-9999.0 -9999.0 2002.243029 2050.194237 2109.145196 2118.900800 2118.170620 2125.440386 2156.022161 2209.930352 2281.609317 2327.043860 2364.565308 2399.728693 2459.263592 2532.001363 2601.753323 2649.931281 2718.149522 2796.542950 2865.730095 2899.965097 2915.884627 2819.508085 2871.991315 2937.077810 2963.992216 2989.593587 3005.336784 3039.066550 3038.427041 3050.275291 3061.062867 3069.878775 3081.194399 3086.318879 3082.137425 3077.686897 3059.585609 3055.055283 3061.668796 3068.345792 3068.362307 3054.219001 3050.288953 3064.739655 3070.029884 3068.548832 3066.904924 3072.570313 3071.294030 3027.140109 3002.114646 2988.102788 2992.405942 2947.639192 2882.920395 2848.457063 2829.126823 2921.823878 2839.859757 2788.369768 2736.865512 2690.954919 2635.548487 2606.763271 2560.346429 2517.435629 2469.141653 2420.316177 2393.884913 2373.986315 2369.265338 2366.443906 2381.244054 2394.869454 2409.162327 2416.410861 -9999.0 -9999.0
-9999.0 1894.479090 1966.801327 2092.041309 2173.538576 2217.971083 2241.227088 2257.475468 2289.098268 2324.166586 2422.375892 2493.474763 2582.192052 2623.645374 2673.252499 2773.943693 2875.059203 2803.887442 2840.216624 2899.270790 2961.311125 2993.942644 3019.211005 3009.850475 3045.827839 3067.844904 3073.434774 3078.591964 3076.651627 3068.337407 3061.053943 3068.009818 3065.478761 3047.094427 3031.776357 3030.310057 3027.079635 3004.521218 2991.817020 2977.115166 2979.627324 2989.220609 2990.737374 2970.114491 2965.910055 2986.749406 2992.540581 2982.344954 2984.120377 2985.794341 3019.289655 3041.975195 3046.518945 3064.101288 3084.988006 3057.465841 3033.582658 2991.984590 2990.136595 2965.117723 2909.690066 2854.464600 2806.674048 2886.017365 2816.855242 2750.556035 2684.611916 2618.373099 2551.779437 2507.921486 2474.177855 2421.897550 2399.605520 2399.364998 2388.963117 2384.523673 2388.767651 2394.353443 -9999.0 -9999.0
-9999.0 1804.950892 1946.120594 2128.715806 2278.139457 2332.608287 2417.890398 2490.543173 2516.974314 2479.370715 2589.941925 2815.843789 2825.685205 2839.847204 2910.719995 2988.086460 2983.363348 3012.278001 3033.338714 3051.313701 3065.919441 3077.459759 3075.044532 3069.102540 3053.200296 3045.335921 3044.665305 3042.749852 3026.016702 3007.652339 2991.284885 2988.799397 2985.864988 2939.768429 2907.296475 2890.934749 2874.747320 2860.227118 2832.104103 2807.239362 2934.208355 2805.029008 2801.242946 2929.759740 2925.702388 2801.249626 2831.484273 2827.829764 2837.055200 2856.156617 2891.755613 2928.650735 2947.689541 2976.323399 2996.541066 3041.591751 3052.545252 3074.398652 3078.053478 3064.446229 3020.275637 2985.362758 2955.990667 2901.407924 2841.207673 2909.226728 2841.129862 2775.817117 2704.848631 2655.079329 2600.414993 2536.159631 2480.270761 2458.497686 2417.447449 2398.121972 -9999.0 -9999.0 -9999.0 -9999.0
-9999.0 1712.619494 1896.396118 2145.586804 2437.542856 2534.372555 2749.186091 2803.850467 2844.757204 2908.746243 2827.876075 2993.581681 3035.763406 3028.146352 3034.342080 3035.932369 3049.062825 3049.025157 3044.014886 3033.440917 3024.452976 3020.345292 3019.106328 3011.311591 2998.950135 2984.682829 2987.768080 2976.670244 2941.311598 2909.947453 2873.187997 2860.865786 2820.662166 2853.525052 2805.252020 2761.486118 2699.453830 2697.879218 2700.500393 2673.751463 2657.571986 2630.757804 2657.713854 2669.474210 2673.145388 2668.927294 2681.259687 2711.188474 2760.293189 2799.890669 2847.989534 2905.919115 2800.728966 2839.472441 2880.141634 2932.139915 2962.287607 2991.062556 3022.659819 3059.048815 3081.200291 3068.760402 3047.920915 3006.118849 2961.114214 2911.424167 2881.798664 2831.171443 2881.804373 2824.082181 2765.149574 2698.457092 2621.222934 2545.114798 2502.135779 -9999.0 -9999.0 -9999.0 -9999.0 -9999.0
-9999.0 1508.082326 1774.121638 2051.168796 2346.971420 2693.315598 2798.050069 2898.476402 2959.626924 2932.780326 2946.796792 2956.850797 2981.729747 2987.364396 2978.023690 2965.907768 2950.177901 2948.981362 2961.803756 2935.452049 2906.536912 2893.951724 2894.717027 2883.993936 2861.018019 2845.985704 2836.536981 2818.959336 2904.072301 2846.187068 2754.733450 2714.904033 2629.963230 2581.715601 2536.832514 2484.334308 2433.676731 2435.793350 2458.665527 2448.750519 2428.586145 2411.380326 2440.168061 2461.731949 2474.962405 2460.526059 2468.047210 2502.277511 2551.645999 2597.077134 2648.335469 2707.981119 2755.350773 2804.537955 2838.266408 2891.011560 2797.674801 2838.873279 2907.959440 2983.317750 3002.488508 3035.497681 3066.128063 3087.157250 3045.407421 3017.532719 2994.928573 2981.249406 2934.273350 2889.201859 2848.778168 2785.894053 2787.740534 -9999.0 -9999.0 -9999.0 -9999.0 -9999.0 -9999.0 -9999.0
-9999.0 1389.766533 1594.297063 1803.104314 2070.256809 2309.272700 2527.922705 2635.839368 2726.042441 2794.507294 2849.150175 2890.808189 2797.074671 2817.601096 2795.304780 2885.837552 2854.113399 2854.987449 2841.527789 2811.014857 2775.976901 2758.190472 2753.655024 2747.459914 2725.211162 2713.568888 2704.774861 2680.965090 2651.729081 2593.312291 2512.915152 2434.554548 2375.572881 2348.094378 2319.395855 2287.627999 2256.198503 2267.553974 2279.841524 2279.680716 2272.235378 2271.515605 2300.786516 2319.939108 2329.776735 2318.714635 2337.575921 2362.738315 2403.033806 2447.272232 2497.186927 2552.263533 2606.981299 2636.286528 2650.038103 2674.642193 2715.373668 2772.044346 2861.814055 2813.933190 2887.593375 2932.161563 2981.722184 3005.153346 3031.051060 3059.668685 3078.836126 3069.315200 3044.914153 3012.900782 2962.587767 -9999.0 -9999.0 -9999.0 -9999.0 -9999.0 -9999.0 -9999.0 -9999.0 -9999.0
-9999.0 -9999.0 1365.226731 1529.004177 1644.938954 1816.634010 1965.217573 2078.249270 2180.698297 2318.206806 2439.114449 2533.551345 2579.040679 2596.960324 2584.728495 2557.429482 2537.677981 2534.394323 2518.450263 2504.312331 2482.582969 2472.801179 2458.622084 2450.275935 2443.563427 2440.916414 2437.386008 2428.321204 2408.047359 2361.739348 2316.675229 2267.026916 2215.255596 2190.110562 2168.589224 2148.268084 2149.206371 2144.491616 2150.091686 2152.870524 2161.712242 2175.513771 2195.441041 2218.128995 2228.006887 2237.741585 2249.644622 2272.735993 2305.017949 2347.127603 2401.502992 2460.769138 2501.763493 2515.270266 2505.923016 2510.707619 2528.825918 2570.561363 2649.466851 2735.068494 2838.008039 2917.261626 2839.615163 2893.829162 2919.447886 2954.730470 3009.112544 3056.400710 3094.121887 3072.244769 -9999.0 -9999.0 -9999.0 -9999.0 -9999.0 -9999.0 -9999.0 -9999.0 -9999.0 -9999.0
-9999.0 -9999.0 -9999.0 -9999.0 1389.324651 1540.607507 1639.175561 1722.562612 1857.440916 1987.144705 2094.082030 2181.552626 2248.438897 2276.249301 2275.752465 2287.471138 2283.891716 2273.951395 2260.444249 2258.995136 2258.094227 2249.428051 2233.116295 2226.234252 2228.932928 2235.757050 2233.911055 2220.832431 2202.507456 2183.358506 2165.700034 2132.322507 2097.645347 2068.666646 2055.525729 2050.786550 2050.561290 2043.187927 2051.919669 2060.446589 2076.372150 2091.789737 2115.520436 2144.808172 2159.126112 2173.963066 2183.287693 2203.071483 2233.345269 2286.698871 2350.481025 2408.929558 2446.458011 2451.771745 2428.439798 2413.373231 2409.356225 2436.882937 2481.042159 2546.258611 2649.799913 2729.710682 2790.228799 2843.351820 2888.509060 2799.057463 2887.212109 2963.476775 -9999.0 -9999.0 -9999.0 -9999.0 -9999.0 -9999.0 -9999.0 -9999.0 -9999.0 -9999.0 -9999.0 -9999.0
-9999.0 -9999.0 -9999.0 -9999.0 -9999.0 -9999.0 1358.913550 1463.918306 1539.376174 1687.819624 1828.321769 1934.693977 2017.774394 2052.377162 2083.133628 2111.668137 2110.141702 2089.057670 2066.277512 2084.213484 2098.865885 2091.490954 2059.920185 2060.524865 2066.791397 2075.243001 2073.257432 2067.340913 2042.484374 2056.318878 2058.437955 2035.121385 2009.210008 1995.731340 1983.847345 1993.465622 1993.605987 1979.679557 1979.575371 2007.236263 2028.180297 2041.363336 2062.855855 2096.086689 2128.564358 2144.106408 2145.358185 2150.928304 2189.501064 2259.446557 2331.763315 2388.133295 2421.645535 2430.537626 2405.013797 2365.727911 2346.206619 2353.662198 2388.317067 2440.139260 2517.176284 2568.588985 2596.889544 2614.773856 2639.451001 2740.236282 -9999.0 -9999.0 -9999.0 -9999.0 -9999.0 -9999.0 -9999.0 -9999.0 -9999.0 -9999.0 -9999.0 -9999.0 -9999.0 -9999.0
-9999.0 -9999.0 -9999.0 -9999.0 -9999.0 -9999.0 -9999.0 -9999.0 -9999.0 -9999.0 -9999.0 -9999.0 -9999.0 -9999.0 -9999.0 -9999.0 -9999.0 -9999.0 -9999.0 -9999.0 -9999.0 -9999.0 -9999.0 -9999.0 -9999.0 -9999.0 -9999.0 -9999.0 -9999.0 -9999.0 -9999.0 -9999.0 -9999.0 -9999.0 -9999.0 -9999.0 -9999.0 -9999.0 -9999.0 -9999.0 -9999.0 -9999.0 -9999.0 -9999.0 -9999.0 -9999.0 -9999.0 -9999.0 -9999.0 -9999.0 -9999.0 -9999.0 -9999.0 -9999.0 -9999.0 -9999.0 -9999.0 -9999.0 -9999.0 -9999.0 -9999.0 -9999.0 -9999.0 -9999.0 -9999.0 -9999.0 -9999.0 -9999.0 -9999.0 -9999.0 -9999.0 -9999.0 -9999.0 -9999.0 -9999.0 -9999.0 -9999.0 -9999.0 -9999.0 -9999.0
-9999.0 -9999.0 -9999.0 -9999.0 -9999.0 -9999.0 -9999.0 -9999.0 -9999.0 -9999.0 -9999.0 -9999.0 -9999.0 -9999.0 -9999.0 -9999.0 -9999.0 -9999.0 -9999.0 -9999.0 -9999.0 -9999.0 -9999.0 -9999.0 -9999.0 -9999.0 -9999.0 -9999.0 -9999.0 -9999.0 -9999.0 -9999.0 -9999.0 -9999.0 -9999.0 -9999.0 -9999.0 -9999.0 -9999.0 -9999.0 -9999.0 -9999.0 -9999.0 -9999.0 -9999.0 -9999.0 -9999.0 -9999.0 -9999.0 -9999.0 -9999.0 -9999.0 -9999.0 -9999.0 -9999.0 -9999.0 -9999.0 -9999.0 -9999.0 -9999.0 -9999.0 -9999.0 -9999.0 -9999.0 -9999.0 -9999.0 -9999.0 -9999.0 -9999.0 -9999.0 -9999.0 -9999.0 -9999.0 -9999.0 -9999.0 -9999.0 -9999.0 -9999.0 -9999.0 -9999.0