Borden_/Borden1m_014/output_maps/psiliqL0010N0036.asc
ncols         80
nrows         18
xllcorner     620200.000000
yllcorner     5168000.000000
cellsize      1.000000
NODATA_value  -9999.0
-9999.0 -9999.0 -9999.0 -9999.0 -9999.0 -9999.0 -9999.0 -9999.0 -9999.0 -9999.0 -9999.0 -9999.0 -9999.0 -9999.0 -9999.0 -9999.0 -9999.0 -9999.0 -9999.0 -9999.0 -9999.0 -9999.0 -9999.0 -9999.0 -9999.0 -9999.0 -9999.0 -9999.0 -9999.0 -9999.0 -9999.0 -9999.0 -9999.0 -9999.0 -9999.0 -9999.0 -9999.0 -9999.0 -9999.0 -9999.0 -9999.0 -9999.0 -9999.0 -9999.0 -9999.0 -9999.0 -9999.0 -9999.0 -9999.0 -9999.0 -9999.0 -9999.0 -9999.0 -9999.0 -9999.0 -9999.0 -9999.0 -9999.0 -9999.0 -9999.0 -9999.0 -9999.0 -9999.0 -9999.0 -9999.0 -9999.0 -9999.0 -9999.0 -9999.0 -9999.0 -9999.0 -9999.0 -9999.0 -9999.0 -9999.0 -9999.0 -9999.0 -9999.0 -9999.0 -9999.0
-9999.0 -9999.0 -9999.0 -9999.0 -9999.0 -9999.0 -9999.0 -9999.0 -9999.0 -9999.0 -9999.0 -9999.0 -9999.0 -9999.0 -9999.0 -9999.0 -9999.0 -9999.0 -9999.0 -9999.0 -9999.0 -9999.0 -9999.0 -9999.0 -9999.0 -9999.0 -9999.0 -9999.0 -9999.0 -9999.0 -9999.0 -9999.0 -9999.0 -9999.0 -9999.0 -9999.0 -9999.0 -9999.0 -9999.0 -9999.0 -9999.0 -9999.0 -9999.0 -9999.0 -9999.0 -9999.0 -9999.0 -9999.0 -9999.0 -9999.0 -9999.0 -9999.0 -9999.0 -9999.0 -9999.0 -9999.0 -9999.0 -9999.0 -9999.0 -9999.0 -9999.0 -9999.0 -9999.0 -9999.0 -9999.0 -9999.0 -9999.0 -9999.0 -9999.0 -9999.0 -9999.0 -9999.0 -9999.0 -9999.0 -9999.0 -9999.0 -9999.0 -9999.0 -9999.0 -9999.0
-9999.0 -9999.0 -9999.0 -9999.0 -9999.0 -9999.0 -9999.0 -9999.0 -9999.0 -9999.0 -9999.0 -9999.0 -9999.0 -9999.0 -9999.0 -9999.0 -9999.0 -9999.0 -9999.0 -9999.0 137.968618 141.020240 118.808155 85.309724 57.542581 60.132815 95.678668 137.649363 176.642454 187.874330 170.612067 173.059689 168.883252 169.215756 172.853041 179.732525 183.414675 195.521136 204.913915 205.607249 200.316422 195.457915 195.322292 198.988872 203.911481 193.699775 206.537437 221.066883 226.122893 219.438487 190.365875 173.037219 163.299563 147.331110 170.760087 182.210994 204.437217 208.067052 206.051422 178.426534 147.956772 -9999.0 -9999.0 -9999.0 -9999.0 -9999.0 -9999.0 -9999.0 -9999.0 -9999.0 -9999.0 -9999.0 -9999.0 -9999.0 -9999.0 -9999.0 -9999.0 -9999.0 -9999.0 -9999.0
-9999.0 -9999.0 -9999.0 -9999.0 -9999.0 -9999.0 -9999.0 -9999.0 -9999.0 -9999.0 -9999.0 -9999.0 -9999.0 -9999.0 46.299249 36.586522 34.052096 43.045616 77.283455 107.773977 120.427262 113.291875 113.786976 90.873863 71.303272 86.213827 116.720384 149.566382 185.539774 207.535831 196.313605 194.714936 206.216868 234.726861 250.491804 248.825645 228.488550 252.362836 270.312858 281.650779 282.665978 275.364370 290.722925 307.585608 300.487018 281.620963 283.770670 294.190239 306.587142 289.002407 220.889101 197.573414 191.936131 183.411494 168.151820 160.309537 184.290247 184.169919 175.079955 156.318443 123.302421 78.876497 60.367037 98.393349 142.235405 199.762652 -9999.0 -9999.0 -9999.0 -9999.0 -9999.0 -9999.0 -9999.0 -9999.0 -9999.0 -9999.0 -9999.0 -9999.0 -9999.0 -9999.0
-9999.0 -9999.0 -9999.0 -9999.0 -9999.0 -9999.0 -9999.0 -9999.0 -9999.0 -11.993089 -7.856632 -0.350525 2.016315 18.075466 16.506550 24.006318 32.311736 59.431789 91.340957 127.373755 157.183596 148.548596 150.117247 163.065060 170.496053 184.971439 208.401662 252.307515 298.118214 343.553735 317.019367 316.544842 338.288717 391.175463 432.014733 442.880733 424.047188 430.949577 460.720944 490.008922 494.816262 495.730621 522.385125 536.751411 540.282518 518.707115 497.641260 492.981408 515.542223 458.668951 385.421126 326.557531 324.076556 288.757698 244.168416 219.147086 214.200289 234.183632 217.137221 177.874143 139.861344 128.735233 110.964165 126.675516 148.499885 194.757071 232.983028 261.152177 260.685787 242.879134 -9999.0 -9999.0 -9999.0 -9999.0 -9999.0 -9999.0 -9999.0 -9999.0 -9999.0 -9999.0
-9999.0 -9999.0 -9999.0 -9999.0 -9999.0 -9999.0 -91.166953 -81.977275 -61.832380 -56.226258 -31.181752 -23.139314 -1.957272 18.121647 39.872351 57.894961 90.014152 124.305094 167.688148 214.235765 249.740414 248.242279 261.833361 298.817711 345.136601 380.834922 410.374131 457.088980 541.775108 591.208475 605.638793 612.675400 623.090628 669.794752 732.707109 749.681855 730.462516 716.990859 738.605448 779.272709 798.397864 803.458373 812.940406 821.736656 846.578951 835.538243 785.492404 763.277274 754.957215 739.306721 681.115272 616.873219 573.736902 519.126076 429.464979 364.464280 362.333848 375.578301 340.480661 281.756554 235.131582 221.320345 204.092678 188.160663 192.071079 210.032037 231.942237 242.275885 228.802001 207.393490 183.847717 154.708964 156.193060 181.437851 -9999.0 -9999.0 -9999.0 -9999.0 -9999.0 -9999.0
-9999.0 -9999.0 -9999.0 -9999.0 -141.185172 -128.499070 -140.026712 -115.708934 -83.120851 -49.054432 -15.866415 22.600879 51.218291 82.750469 126.311777 166.648574 214.385404 254.147754 314.470931 390.433248 450.962333 484.347232 507.175030 571.814362 635.080623 687.759068 709.470813 739.060026 785.667297 854.971569 884.508116 891.503151 907.631912 939.005999 980.502419 1012.766713 997.646874 993.301371 999.919366 1012.526183 1039.728442 1042.738186 1045.035728 1046.532456 1049.382711 1047.986927 1022.433860 987.585785 970.610591 961.621520 935.523056 870.363311 819.287680 785.331251 753.903907 703.490279 634.372387 610.615892 549.907637 487.642169 412.936069 381.626572 344.277449 313.239931 278.260171 275.298295 275.039063 252.490050 219.551351 186.329839 170.604909 151.459741 140.789844 170.525831 188.095353 218.884361 -9999.0 -9999.0 -9999.0 -9999.0
-9999.0 -9999.0 -199.904872 -150.150154 -93.757775 -84.662591 -82.275209 -76.170492 -47.792587 4.668007 84.847885 140.735521 189.279599 225.185731 290.817751 382.894756 470.198830 526.423330 588.889324 657.826319 721.142986 760.671332 788.836631 830.639501 881.348920 935.786140 961.319214 985.720105 1017.100963 1050.521649 1069.979737 1085.021927 1091.632511 1090.634298 1092.509667 1092.171750 1088.332590 1083.683900 1066.996966 1065.027693 1073.336293 1077.898705 1080.800417 1068.190348 1064.179635 1076.587057 1078.374146 1076.877411 1076.077129 1083.633263 1090.420493 1055.998109 1008.394656 991.145988 981.550671 940.985536 877.238176 826.078439 800.443154 757.466153 677.474943 621.722781 566.900870 510.744340 448.956253 407.596024 352.745215 305.162412 255.341529 207.551291 182.806623 163.720638 160.949760 161.040050 176.919650 192.367673 207.685418 215.457039 -9999.0 -9999.0
-9999.0 -300.042978 -227.321413 -99.765649 -19.858730 26.392313 66.289038 96.317143 124.931042 146.439695 260.751354 372.741986 473.680448 513.120708 570.049357 671.596166 773.436697 819.233317 853.558431 901.997579 957.908019 1004.102168 1033.652225 1057.690732 1087.452330 1092.261708 1092.672945 1093.928922 1088.302140 1080.882308 1071.783025 1078.518715 1075.657862 1058.112482 1042.767332 1038.870719 1030.730545 1006.583290 979.741596 966.386669 970.183423 991.905619 981.326409 961.425259 957.786424 978.000296 995.139333 986.324214 973.155695 991.820533 1027.332721 1049.188754 1062.909027 1077.614254 1097.800362 1074.632674 1042.935350 1001.160707 979.934709 951.125904 887.475804 823.316700 767.707495 703.798760 634.979903 561.723836 491.907040 422.678923 348.962032 304.266461 270.140499 216.783082 192.903671 193.478818 183.745556 180.741345 186.945812 193.269207 -9999.0 -9999.0
-9999.0 -374.042557 -230.579202 -44.309578 104.895682 170.506202 289.687106 381.217231 417.158907 396.530732 515.516624 743.159266 832.609308 848.737168 915.003251 995.070462 1028.740078 1058.469724 1077.260879 1078.499258 1079.818376 1086.896917 1084.694723 1078.745202 1065.204732 1057.747595 1056.465222 1052.773846 1032.950216 1011.390903 994.720496 990.646417 973.200030 933.745137 900.647494 881.876017 861.291366 837.316111 802.647806 776.378437 763.289700 781.360150 772.527458 754.791504 751.058905 774.092973 806.684004 801.297926 806.994707 829.942481 872.700136 917.828775 941.765944 970.290516 1006.502214 1050.989392 1069.155047 1089.443912 1093.988740 1072.016144 1028.471709 977.256328 941.394402 872.484441 796.412757 714.737111 648.985963 585.825614 514.209459 462.830852 409.518565 346.920410 286.258407 256.468886 215.209692 193.611233 -9999.0 -9999.0 -9999.0 -9999.0
-9999.0 -443.401892 -252.277544 12.907154 281.318878 415.709200 619.640713 755.202916 826.867897 882.494824 903.921312 1023.459626 1051.545300 1045.022639 1033.744794 1035.592177 1049.899625 1053.653926 1049.694842 1039.102169 1028.520545 1024.142890 1020.772622 1014.300645 1002.852862 988.136324 974.779677 959.842783 915.009409 879.063260 845.547732 830.041177 793.672706 703.704795 659.843964 625.734982 569.930624 559.428392 547.675467 517.374989 497.277189 480.073449 499.274365 500.349047 501.620311 508.998572 529.751593 551.350194 594.909974 631.968012 677.678343 732.146161 767.535838 811.767915 861.495181 923.820383 956.982650 987.173229 1032.603896 1072.718005 1095.129120 1085.260687 1054.880138 1009.340965 937.679318 862.198554 807.440270 730.669056 663.832303 612.154331 569.618622 519.362681 449.801573 351.334830 304.833516 -9999.0 -9999.0 -9999.0 -9999.0 -9999.0
-9999.0 -604.829227 -336.278388 -40.133310 292.256347 617.193977 734.956297 887.328460 962.244515 910.342536 897.412901 925.812904 964.611463 974.113360 954.783000 947.054177 938.270893 938.170250 949.874010 921.076528 886.117867 871.025557 869.273054 857.334629 834.794074 816.984136 803.161291 781.514989 730.185238 679.087597 601.339843 573.345038 496.948283 427.545450 375.712033 323.211934 269.003066 265.323604 280.001113 262.742909 239.586907 220.517393 246.391634 262.593386 274.108457 264.604699 274.706765 311.581881 363.655686 411.639529 468.315682 529.363892 579.346912 631.115071 667.029341 722.173644 770.630926 818.287891 893.176221 975.434023 1011.222214 1045.848652 1080.054190 1093.333948 1042.358141 987.755799 930.098711 855.016102 760.671593 713.881105 693.539381 663.594189 612.443598 -9999.0 -9999.0 -9999.0 -9999.0 -9999.0 -9999.0 -9999.0
-9999.0 -737.263422 -508.064836 -263.276496 35.581599 278.636837 468.473352 587.569561 674.406034 676.624573 693.070675 724.847696 756.933380 779.972276 757.720117 720.554908 693.289762 696.625102 694.135362 668.412450 637.155837 621.559327 619.509280 611.843648 585.875011 568.974197 556.086589 530.824753 490.882998 429.274590 341.448160 268.593888 204.000133 166.325997 133.916599 99.345872 60.264417 70.031870 83.710592 78.908637 66.607612 62.289341 91.788219 110.366553 120.529749 107.943662 126.900891 154.492364 197.469649 241.411999 292.432661 350.750100 408.753202 444.257787 464.971243 499.527790 545.984778 605.619710 693.997626 791.021351 867.126687 920.422473 971.011840 1000.331067 1012.772676 1025.989482 997.631907 903.906449 761.892833 754.178864 757.424982 -9999.0 -9999.0 -9999.0 -9999.0 -9999.0 -9999.0 -9999.0 -9999.0 -9999.0
-9999.0 -9999.0 -745.102711 -557.076531 -400.984042 -214.429012 -61.333878 48.839183 129.204979 223.913062 318.504395 399.741812 445.361674 463.838059 445.764252 403.938143 376.658071 375.825171 365.480280 350.809281 325.973103 316.050157 305.639180 297.082943 283.625308 275.566016 268.933135 256.041753 231.151508 181.517559 127.170559 73.544789 18.063084 -8.177890 -30.907273 -53.898467 -57.419017 -59.796924 -53.308068 -52.183809 -46.682248 -34.866154 -14.201341 7.273886 16.776909 24.197899 36.874510 60.778965 94.323355 136.188688 189.829226 247.324447 287.620582 301.705714 294.341216 303.049897 328.893210 379.552091 475.001650 569.825921 665.581799 737.859658 809.080583 858.036698 873.100524 890.384805 902.993562 817.264458 507.396343 678.654892 -9999.0 -9999.0 -9999.0 -9999.0 -9999.0 -9999.0 -9999.0 -9999.0 -9999.0 -9999.0
-9999.0 -9999.0 -9999.0 -9999.0 -701.170121 -543.489310 -448.368896 -364.582628 -241.386296 -130.227683 -36.224478 42.154936 97.544408 122.091612 111.909844 107.516883 99.306369 94.849753 85.748913 80.643081 75.366949 67.255297 55.133440 47.263692 46.400025 49.669263 47.035918 33.268396 16.291189 -10.864420 -34.992010 -70.663469 -107.995463 -137.486175 -150.777916 -157.662261 -157.603238 -163.389225 -154.018420 -147.543486 -132.650636 -117.249387 -93.259509 -64.837373 -52.061038 -37.757508 -27.969693 -7.061609 23.165381 76.176534 138.830990 195.396631 229.861177 233.727667 207.949755 192.556029 190.336356 220.721664 272.182138 348.551218 460.822434 542.902478 608.598174 655.855676 687.761469 730.782548 771.543381 787.228143 -9999.0 -9999.0 -9999.0 -9999.0 -9999.0 -9999.0 -9999.0 -9999.0 -9999.0 -9999.0 -9999.0 -9999.0
-9999.0 -9999.0 -9999.0 -9999.0 -9999.0 -9999.0 -755.360925 -659.075801 -572.274569 -447.034873 -330.386966 -236.682829 -161.155763 -134.911292 -116.039269 -93.206129 -97.462689 -114.682823 -131.682817 -115.026800 -105.000513 -110.193150 -138.124977 -139.587242 -136.050720 -127.064621 -128.595055 -134.954824 -160.015149 -151.689674 -153.087782 -176.403138 -202.674488 -217.140091 -228.819613 -218.937795 -218.216742 -230.898410 -228.732271 -202.545670 -182.743222 -169.306827 -146.864231 -113.725074 -81.731399 -67.343004 -66.315298 -60.062132 -18.692543 51.578781 121.957849 175.605248 206.521917 213.712436 185.016169 143.839840 122.376109 129.449408 165.241975 221.094845 302.261977 357.361553 392.846608 417.188867 446.923129 542.878335 -9999.0 -9999.0 -9999.0 -9999.0 -9999.0 -9999.0 -9999.0 -9999.0 -9999.0 -9999.0 -9999.0 -9999.0 -9999.0 -9999.0
-9999.0 -9999.0 -9999.0 -9999.0 -9999.0 -9999.0 -9999.0 -9999.0 -9999.0 -9999.0 -9999.0 -9999.0 -9999.0 -9999.0 -9999.0 -9999.0 -9999.0 -9999.0 -9999.0 -9999.0 -9999.0 -9999.0 -9999.0 -9999.0 -9999.0 -9999.0 -9999.0 -9999.0 -9999.0 -9999.0 -9999.0 -9999.0 -9999.0 -9999.0 -9999.0 -9999.0 -9999.0 -9999.0 -9999.0 -9999.0 -9999.0 -9999.0 -9999.0 -9999.0 -9999.0 -9999.0 -9999.0 -9999.0 -9999.0 -9999.0 -9999.0 -9999.0 -9999.0 -9999.0 -9999.0 -9999.0 -9999.0 -9999.0 -9999.0 -9999.0 -9999.0 -9999.0 -9999.0 -9999.0 -9999.0 -9999.0 -9999.0 -9999.0 -9999.0 -9999.0 -9999.0 -9999.0 -9999.0 -9999.0 -9999.0 -9999.0 -9999.0 -9999.0 -9999.0 -9999.0
-9999.0 -9999.0 -9999.0 -9999.0 -9999.0 -9999.0 -9999.0 -9999.0 -9999.0 -9999.0 -9999.0 -9999.0 -9999.0 -9999.0 -9999.0 -9999.0 -9999.0 -9999.0 -9999.0 -9999.0 -9999.0 -9999.0 -9999.0 -9999.0 -9999.0 -9999.0 -9999.0 -9999.0 -9999.0 -9999.0 -9999.0 -9999.0 -9999.0 -9999.0 -9999.0 -9999.0 -9999.0 -9999.0 -9999.0 -9999.0 -9999.0 -9999.0 -9999.0 -9999.0 -9999.0 -9999.0 -9999.0 -9999.0 -9999.0 -9999.0 -9999.0 -9999.0 -9999.0 -9999.0 -9999.0 -9999.0 -9999.0 -9999.0 -9999.0 -9999.0 -9999.0 -9999.0 -9999.0 -9999.0 -9999.0 -9999.0 -9999.0 -9999.0 -9999.0 -9999.0 -9999.0 -9999.0 -9999.0 -9999.0 -9999.0 -9999.0 -9999.0 -9999.0 -9999.0 -9999.0