Borden_/Borden1m_014/output_maps/psiliqL0013N0002.asc
ncols         80
nrows         18
xllcorner     620200.000000
yllcorner     5168000.000000
cellsize      1.000000
NODATA_value  -9999.0
-9999.0 -9999.0 -9999.0 -9999.0 -9999.0 -9999.0 -9999.0 -9999.0 -9999.0 -9999.0 -9999.0 -9999.0 -9999.0 -9999.0 -9999.0 -9999.0 -9999.0 -9999.0 -9999.0 -9999.0 -9999.0 -9999.0 -9999.0 -9999.0 -9999.0 -9999.0 -9999.0 -9999.0 -9999.0 -9999.0 -9999.0 -9999.0 -9999.0 -9999.0 -9999.0 -9999.0 -9999.0 -9999.0 -9999.0 -9999.0 -9999.0 -9999.0 -9999.0 -9999.0 -9999.0 -9999.0 -9999.0 -9999.0 -9999.0 -9999.0 -9999.0 -9999.0 -9999.0 -9999.0 -9999.0 -9999.0 -9999.0 -9999.0 -9999.0 -9999.0 -9999.0 -9999.0 -9999.0 -9999.0 -9999.0 -9999.0 -9999.0 -9999.0 -9999.0 -9999.0 -9999.0 -9999.0 -9999.0 -9999.0 -9999.0 -9999.0 -9999.0 -9999.0 -9999.0 -9999.0
-9999.0 -9999.0 -9999.0 -9999.0 -9999.0 -9999.0 -9999.0 -9999.0 -9999.0 -9999.0 -9999.0 -9999.0 -9999.0 -9999.0 -9999.0 -9999.0 -9999.0 -9999.0 -9999.0 -9999.0 -9999.0 -9999.0 -9999.0 -9999.0 -9999.0 -9999.0 -9999.0 -9999.0 -9999.0 -9999.0 -9999.0 -9999.0 -9999.0 -9999.0 -9999.0 -9999.0 -9999.0 -9999.0 -9999.0 -9999.0 -9999.0 -9999.0 -9999.0 -9999.0 -9999.0 -9999.0 -9999.0 -9999.0 -9999.0 -9999.0 -9999.0 -9999.0 -9999.0 -9999.0 -9999.0 -9999.0 -9999.0 -9999.0 -9999.0 -9999.0 -9999.0 -9999.0 -9999.0 -9999.0 -9999.0 -9999.0 -9999.0 -9999.0 -9999.0 -9999.0 -9999.0 -9999.0 -9999.0 -9999.0 -9999.0 -9999.0 -9999.0 -9999.0 -9999.0 -9999.0
-9999.0 -9999.0 -9999.0 -9999.0 -9999.0 -9999.0 -9999.0 -9999.0 -9999.0 -9999.0 -9999.0 -9999.0 -9999.0 -9999.0 -9999.0 -9999.0 -9999.0 -9999.0 -9999.0 -9999.0 728.502367 730.979831 708.675478 674.878179 646.768599 648.699197 682.913387 723.585873 761.453822 771.203394 753.342685 755.801745 751.222655 750.044025 752.332753 758.794792 762.597361 773.497778 781.404725 780.458607 773.879218 768.296145 768.016352 770.927313 776.288179 766.013036 780.144657 795.606274 801.317637 796.688646 770.255066 755.198563 746.768032 731.820290 756.600039 768.747580 791.688213 796.023486 794.598417 767.796741 737.884613 -9999.0 -9999.0 -9999.0 -9999.0 -9999.0 -9999.0 -9999.0 -9999.0 -9999.0 -9999.0 -9999.0 -9999.0 -9999.0 -9999.0 -9999.0 -9999.0 -9999.0 -9999.0 -9999.0
-9999.0 -9999.0 -9999.0 -9999.0 -9999.0 -9999.0 -9999.0 -9999.0 -9999.0 -9999.0 -9999.0 -9999.0 -9999.0 -9999.0 639.032144 629.209368 626.125512 634.164866 667.334365 697.142820 709.324941 701.755927 701.686290 678.027271 657.395914 671.143087 700.344459 731.230699 764.972195 784.851404 773.575604 771.654115 781.570017 806.804516 819.325625 816.280424 796.307829 819.144101 834.144329 841.791814 840.304599 831.233720 843.746241 859.131674 852.561399 836.088145 841.728508 854.158596 867.151852 854.184097 791.580386 772.663786 768.906158 762.764802 749.511252 743.616563 769.110966 769.565747 761.653806 744.101314 711.828238 667.747622 649.742066 688.691774 732.851572 790.321198 -9999.0 -9999.0 -9999.0 -9999.0 -9999.0 -9999.0 -9999.0 -9999.0 -9999.0 -9999.0 -9999.0 -9999.0 -9999.0 -9999.0
-9999.0 -9999.0 -9999.0 -9999.0 -9999.0 -9999.0 -9999.0 -9999.0 -9999.0 582.536673 586.699160 593.631492 595.492542 610.808752 608.483614 615.222375 621.873924 648.022770 678.400002 712.823670 740.978381 731.275908 731.280605 741.400772 745.327226 757.239313 778.123129 817.377573 856.169851 896.823423 869.876363 868.942341 888.475278 935.234651 967.818302 974.405382 956.138264 963.452433 987.322114 1008.060870 1005.891456 1002.452843 1025.914827 1039.302709 1042.059734 1023.783070 1011.909961 1012.784847 1038.324012 988.917164 924.806187 874.446034 877.776083 848.656763 811.849362 792.378951 789.783539 810.564121 796.087578 759.746348 724.263691 714.095932 697.449650 714.971637 737.780053 784.602371 823.530812 852.643546 852.982181 835.979662 -9999.0 -9999.0 -9999.0 -9999.0 -9999.0 -9999.0 -9999.0 -9999.0 -9999.0 -9999.0
-9999.0 -9999.0 -9999.0 -9999.0 -9999.0 -9999.0 504.363473 513.518512 533.352140 537.945468 562.628538 569.403040 589.305252 607.942708 628.624075 644.218398 673.156183 704.742233 744.695630 787.097344 818.157671 812.103940 821.412551 852.167431 892.674289 922.707282 946.995071 984.921347 1058.638666 1102.133988 1116.284812 1124.865671 1135.967658 1184.237197 1246.873122 1261.144988 1240.762277 1225.680970 1244.245455 1277.884836 1281.392414 1280.834020 1289.693355 1299.721125 1327.926689 1320.526499 1282.537192 1269.074542 1266.863501 1252.152250 1192.127572 1126.225418 1087.191883 1038.585349 959.309163 905.510896 910.177446 926.720216 897.787591 845.483782 805.619030 795.698525 781.544976 769.116794 776.276707 796.573349 820.136195 832.449398 820.595995 800.419195 778.172334 750.021284 752.303308 777.818551 -9999.0 -9999.0 -9999.0 -9999.0 -9999.0 -9999.0
-9999.0 -9999.0 -9999.0 -9999.0 454.967297 467.294187 454.726996 478.873405 510.700552 543.824347 574.672082 610.246419 636.223594 665.256107 704.568957 737.795314 777.653922 811.227188 864.944609 933.046058 983.294389 1005.889591 1019.549015 1078.521398 1145.530408 1201.748715 1223.374583 1249.808982 1292.609367 1360.327539 1404.074685 1418.218329 1436.928442 1469.075089 1511.317078 1540.806094 1524.167554 1516.696363 1521.409693 1530.499766 1551.049738 1550.686829 1551.986574 1554.644646 1559.934031 1560.370079 1539.135986 1509.250971 1497.543646 1489.127337 1460.631809 1387.866734 1332.353230 1297.874694 1266.269736 1215.312197 1147.157268 1124.801320 1068.190222 1013.838878 952.542764 929.914088 899.757545 875.707136 848.216924 851.619119 856.843485 838.601060 808.625879 777.920214 763.999524 746.161299 736.155843 766.741092 784.830294 815.658093 -9999.0 -9999.0 -9999.0 -9999.0
-9999.0 -9999.0 397.145965 445.494042 501.195634 508.789925 508.464649 513.051761 540.124537 590.506071 664.312746 712.390707 753.307441 785.323159 843.285813 920.020651 988.075549 1034.080955 1094.287382 1168.210807 1231.300930 1263.522288 1280.063356 1324.204061 1395.079955 1461.996233 1489.116046 1513.589683 1542.400913 1577.059534 1596.949116 1614.299107 1623.178517 1624.722816 1628.073780 1627.481267 1622.026478 1615.440846 1596.927266 1592.494249 1597.816573 1601.439639 1603.269275 1591.006432 1587.681451 1600.681804 1604.601148 1605.063140 1605.970473 1613.771851 1618.880072 1580.192000 1535.767915 1519.090621 1510.243179 1467.634551 1400.588433 1343.140779 1315.868700 1273.950635 1196.206834 1138.544489 1086.326451 1039.168137 989.249261 961.207851 918.560210 880.396134 837.609817 794.349134 772.748668 756.121638 755.042757 756.295680 773.343963 789.445906 805.367529 813.440234 -9999.0 -9999.0
-9999.0 295.653380 367.503140 492.832414 570.646088 612.755315 644.037763 666.823335 693.534326 715.203081 816.349142 903.745650 991.667140 1028.319919 1078.752606 1171.711244 1259.335665 1304.075270 1349.905695 1419.630432 1481.662345 1525.344004 1550.435298 1566.982792 1606.879116 1621.985175 1626.203292 1629.766330 1626.188985 1619.436985 1610.896858 1617.161010 1614.463536 1597.565698 1582.779200 1578.604332 1569.732884 1539.950725 1508.988007 1493.379145 1495.139896 1516.444132 1505.234188 1485.837872 1482.274820 1501.997799 1519.917786 1511.884299 1501.838846 1522.189949 1561.446543 1583.542895 1593.418075 1608.313067 1629.151739 1605.913825 1576.531089 1531.695587 1512.093842 1484.550325 1424.947436 1348.219185 1286.629672 1224.137676 1154.384477 1087.996713 1029.957564 975.111577 914.916522 878.399758 849.986724 801.616660 782.334454 786.306400 779.084039 777.472148 784.575629 791.269001 -9999.0 -9999.0
-9999.0 217.414428 359.140554 541.825389 686.066858 740.492093 841.122089 919.543379 949.606485 922.970968 1023.265787 1233.025472 1333.309033 1360.256174 1433.888700 1514.607048 1533.149073 1562.741585 1588.468941 1604.196921 1614.072630 1622.566688 1619.004720 1612.387865 1599.932269 1594.737860 1595.747491 1595.031917 1579.733821 1559.632529 1536.158985 1527.955516 1509.249757 1468.265822 1437.212945 1419.229897 1397.844162 1362.005373 1319.895072 1290.724636 1276.431033 1293.377725 1285.376614 1267.957801 1263.715239 1285.447910 1317.439709 1311.747422 1319.372352 1347.791194 1403.582966 1446.951935 1469.079403 1498.811778 1537.967621 1584.859924 1602.297096 1623.231742 1629.417501 1611.289266 1569.152790 1514.018512 1478.108317 1413.382194 1326.616841 1244.559478 1179.774829 1121.396048 1058.846509 1016.506461 970.729023 914.451851 862.640672 843.359467 807.086952 789.179853 -9999.0 -9999.0 -9999.0 -9999.0
-9999.0 141.852494 329.462931 586.370108 851.257281 956.598405 1150.905589 1281.820389 1352.732733 1422.174140 1407.616303 1532.680783 1565.818271 1565.436642 1565.285368 1569.003164 1582.188532 1585.384871 1584.528810 1580.088764 1575.366175 1572.137238 1567.922871 1555.334385 1537.404046 1521.115475 1509.271997 1498.943742 1464.299379 1427.782434 1377.793733 1353.897829 1312.831403 1221.919908 1179.328744 1144.087180 1087.269719 1076.002289 1066.108903 1037.911932 1019.651575 1001.596197 1021.849641 1024.341396 1025.518427 1029.052303 1045.225751 1065.049884 1106.044077 1142.597235 1190.990966 1243.610412 1277.282452 1323.377316 1380.529245 1448.027487 1484.820331 1518.886391 1570.789573 1610.855440 1634.845781 1624.319498 1597.674061 1555.148316 1485.005986 1420.048529 1365.006802 1292.516137 1232.739628 1179.612753 1125.130886 1064.673690 1000.535653 928.296981 891.089073 -9999.0 -9999.0 -9999.0 -9999.0 -9999.0
-9999.0 -30.996461 235.128655 521.618398 832.288489 1143.827477 1260.902734 1396.108980 1471.697088 1439.334356 1441.828043 1457.891644 1495.183437 1503.874018 1487.460279 1480.873444 1470.513306 1470.705993 1484.802481 1462.810187 1437.675753 1424.912919 1419.866357 1397.469409 1358.092515 1334.274559 1320.704137 1301.791918 1255.700340 1204.318459 1119.337976 1089.323226 1016.945318 961.431741 919.133311 871.949429 822.173385 820.411568 836.860124 822.176288 800.718206 782.762401 808.736441 825.265015 836.449362 824.836497 832.513593 865.824146 912.110113 952.954460 1000.187036 1050.889809 1093.164358 1139.814878 1175.683138 1231.419680 1281.993474 1336.224302 1426.256673 1508.730186 1550.164745 1586.046082 1620.525177 1639.844120 1595.002344 1552.677621 1508.771817 1459.264386 1388.853801 1343.189239 1292.520594 1214.067354 1147.037951 -9999.0 -9999.0 -9999.0 -9999.0 -9999.0 -9999.0 -9999.0
-9999.0 -159.258770 61.885407 293.715901 576.587017 803.595203 980.403607 1083.663900 1158.815516 1188.253975 1219.179573 1249.557003 1278.406745 1300.554736 1279.053959 1241.294745 1213.371732 1217.363998 1214.448758 1191.203084 1162.294063 1146.489700 1141.676441 1129.685342 1099.344122 1082.508596 1072.141332 1051.585513 1020.033334 967.489734 889.610584 821.099102 762.615533 731.963760 704.049534 672.764569 637.263181 648.046477 661.680510 658.227122 647.503494 644.268501 673.400210 691.885283 701.520587 688.800372 706.650120 731.838895 771.359049 811.370214 856.975017 907.994325 957.358853 983.889236 996.997274 1022.754670 1061.503925 1116.449046 1207.885963 1307.668522 1399.001481 1453.582205 1508.369270 1551.553663 1573.393868 1596.657469 1585.336430 1519.796425 1414.054839 1432.217820 1422.963285 -9999.0 -9999.0 -9999.0 -9999.0 -9999.0 -9999.0 -9999.0 -9999.0 -9999.0
-9999.0 -9999.0 -172.316907 7.448261 149.421056 326.357689 470.624634 574.125266 653.975519 757.013110 854.153437 931.033702 971.179937 987.021250 971.822136 937.339708 915.199285 915.486528 906.090554 894.769382 873.829013 865.293612 854.138381 844.892579 832.789142 826.615204 822.022808 812.080908 791.654024 746.959003 698.890861 649.228312 597.435880 573.610595 552.953787 532.033682 530.588695 528.076147 534.598113 536.297500 542.764433 555.063758 575.305477 596.774241 606.019997 613.597758 625.316596 647.871916 679.474886 719.367177 770.383757 824.529638 860.777200 870.669111 859.177877 862.640185 881.302740 921.718818 1001.164686 1083.186100 1178.518103 1251.372370 1331.395076 1405.611105 1436.625546 1467.606770 1505.846022 1452.142503 1081.903546 1370.982003 -9999.0 -9999.0 -9999.0 -9999.0 -9999.0 -9999.0 -9999.0 -9999.0 -9999.0 -9999.0
-9999.0 -9999.0 -9999.0 -9999.0 -136.055715 17.698081 111.194987 191.531526 314.086668 426.706911 520.623334 597.947033 653.621886 677.371939 669.772617 670.558230 664.634257 659.699227 650.683602 647.986593 645.141181 637.595668 624.578348 617.035454 617.291717 621.932453 620.271190 607.854904 592.118746 569.035396 548.535860 515.194688 480.083774 452.037235 439.846720 434.366785 434.928733 429.122621 438.533647 445.659691 460.824014 476.148563 499.903813 528.361542 541.272728 555.320497 564.425237 584.209496 613.244097 664.795053 725.837951 780.715633 813.355923 815.115276 787.690143 769.810917 763.736351 788.434239 830.222570 893.574391 990.088790 1059.361208 1119.787596 1175.328094 1219.683165 1286.953574 1390.343536 1444.098882 -9999.0 -9999.0 -9999.0 -9999.0 -9999.0 -9999.0 -9999.0 -9999.0 -9999.0 -9999.0 -9999.0 -9999.0
-9999.0 -9999.0 -9999.0 -9999.0 -9999.0 -9999.0 -185.193535 -87.944910 -6.433561 122.191677 242.300157 336.760645 412.160851 439.505653 461.060951 485.361697 482.269388 464.726408 447.023170 464.732842 476.632862 471.325137 442.755443 442.061756 446.557416 455.715879 454.628502 449.215580 425.334784 436.265170 437.012836 414.945225 389.941158 376.744296 365.805969 376.182872 377.204587 364.559969 366.302519 392.907051 412.973476 426.254278 448.274879 481.209471 513.033815 527.377391 528.014373 533.440448 573.083304 641.877094 711.167934 763.781372 793.435131 799.060464 769.136272 726.443169 702.875650 706.428307 736.908667 784.869528 855.423364 899.933472 925.850663 944.165046 969.072906 1063.687328 -9999.0 -9999.0 -9999.0 -9999.0 -9999.0 -9999.0 -9999.0 -9999.0 -9999.0 -9999.0 -9999.0 -9999.0 -9999.0 -9999.0
-9999.0 -9999.0 -9999.0 -9999.0 -9999.0 -9999.0 -9999.0 -9999.0 -9999.0 -9999.0 -9999.0 -9999.0 -9999.0 -9999.0 -9999.0 -9999.0 -9999.0 -9999.0 -9999.0 -9999.0 -9999.0 -9999.0 -9999.0 -9999.0 -9999.0 -9999.0 -9999.0 -9999.0 -9999.0 -9999.0 -9999.0 -9999.0 -9999.0 -9999.0 -9999.0 -9999.0 -9999.0 -9999.0 -9999.0 -9999.0 -9999.0 -9999.0 -9999.0 -9999.0 -9999.0 -9999.0 -9999.0 -9999.0 -9999.0 -9999.0 -9999.0 -9999.0 -9999.0 -9999.0 -9999.0 -9999.0 -9999.0 -9999.0 -9999.0 -9999.0 -9999.0 -9999.0 -9999.0 -9999.0 -9999.0 -9999.0 -9999.0 -9999.0 -9999.0 -9999.0 -9999.0 -9999.0 -9999.0 -9999.0 -9999.0 -9999.0 -9999.0 -9999.0 -9999.0 -9999.0
-9999.0 -9999.0 -9999.0 -9999.0 -9999.0 -9999.0 -9999.0 -9999.0 -9999.0 -9999.0 -9999.0 -9999.0 -9999.0 -9999.0 -9999.0 -9999.0 -9999.0 -9999.0 -9999.0 -9999.0 -9999.0 -9999.0 -9999.0 -9999.0 -9999.0 -9999.0 -9999.0 -9999.0 -9999.0 -9999.0 -9999.0 -9999.0 -9999.0 -9999.0 -9999.0 -9999.0 -9999.0 -9999.0 -9999.0 -9999.0 -9999.0 -9999.0 -9999.0 -9999.0 -9999.0 -9999.0 -9999.0 -9999.0 -9999.0 -9999.0 -9999.0 -9999.0 -9999.0 -9999.0 -9999.0 -9999.0 -9999.0 -9999.0 -9999.0 -9999.0 -9999.0 -9999.0 -9999.0 -9999.0 -9999.0 -9999.0 -9999.0 -9999.0 -9999.0 -9999.0 -9999.0 -9999.0 -9999.0 -9999.0 -9999.0 -9999.0 -9999.0 -9999.0 -9999.0 -9999.0