Borden_/Borden1m_014/output_maps/psiliqL0000N0015.asc
ncols         80
nrows         18
xllcorner     620200.000000
yllcorner     5168000.000000
cellsize      1.000000
NODATA_value  -9999.0
-9999.0 -9999.0 -9999.0 -9999.0 -9999.0 -9999.0 -9999.0 -9999.0 -9999.0 -9999.0 -9999.0 -9999.0 -9999.0 -9999.0 -9999.0 -9999.0 -9999.0 -9999.0 -9999.0 -9999.0 -9999.0 -9999.0 -9999.0 -9999.0 -9999.0 -9999.0 -9999.0 -9999.0 -9999.0 -9999.0 -9999.0 -9999.0 -9999.0 -9999.0 -9999.0 -9999.0 -9999.0 -9999.0 -9999.0 -9999.0 -9999.0 -9999.0 -9999.0 -9999.0 -9999.0 -9999.0 -9999.0 -9999.0 -9999.0 -9999.0 -9999.0 -9999.0 -9999.0 -9999.0 -9999.0 -9999.0 -9999.0 -9999.0 -9999.0 -9999.0 -9999.0 -9999.0 -9999.0 -9999.0 -9999.0 -9999.0 -9999.0 -9999.0 -9999.0 -9999.0 -9999.0 -9999.0 -9999.0 -9999.0 -9999.0 -9999.0 -9999.0 -9999.0 -9999.0 -9999.0
-9999.0 -9999.0 -9999.0 -9999.0 -9999.0 -9999.0 -9999.0 -9999.0 -9999.0 -9999.0 -9999.0 -9999.0 -9999.0 -9999.0 -9999.0 -9999.0 -9999.0 -9999.0 -9999.0 -9999.0 -9999.0 -9999.0 -9999.0 -9999.0 -9999.0 -9999.0 -9999.0 -9999.0 -9999.0 -9999.0 -9999.0 -9999.0 -9999.0 -9999.0 -9999.0 -9999.0 -9999.0 -9999.0 -9999.0 -9999.0 -9999.0 -9999.0 -9999.0 -9999.0 -9999.0 -9999.0 -9999.0 -9999.0 -9999.0 -9999.0 -9999.0 -9999.0 -9999.0 -9999.0 -9999.0 -9999.0 -9999.0 -9999.0 -9999.0 -9999.0 -9999.0 -9999.0 -9999.0 -9999.0 -9999.0 -9999.0 -9999.0 -9999.0 -9999.0 -9999.0 -9999.0 -9999.0 -9999.0 -9999.0 -9999.0 -9999.0 -9999.0 -9999.0 -9999.0 -9999.0
-9999.0 -9999.0 -9999.0 -9999.0 -9999.0 -9999.0 -9999.0 -9999.0 -9999.0 -9999.0 -9999.0 -9999.0 -9999.0 -9999.0 -9999.0 -9999.0 -9999.0 -9999.0 -9999.0 -9999.0 -474.234983 -472.924295 -474.906935 -476.990867 -478.943286 -479.372589 -477.319372 -475.293341 -472.887555 -472.695740 -475.218001 -474.325369 -475.441361 -476.297277 -476.574012 -475.877619 -475.477274 -474.788231 -474.461863 -474.905276 -475.601469 -475.981768 -476.571204 -476.599667 -475.643734 -476.873225 -475.244401 -473.904258 -473.603050 -473.195168 -474.553963 -474.895464 -474.946224 -477.053474 -473.309011 -472.677356 -470.531097 -470.557398 -469.780531 -472.151779 -474.513733 -9999.0 -9999.0 -9999.0 -9999.0 -9999.0 -9999.0 -9999.0 -9999.0 -9999.0 -9999.0 -9999.0 -9999.0 -9999.0 -9999.0 -9999.0 -9999.0 -9999.0 -9999.0 -9999.0
-9999.0 -9999.0 -9999.0 -9999.0 -9999.0 -9999.0 -9999.0 -9999.0 -9999.0 -9999.0 -9999.0 -9999.0 -9999.0 -9999.0 -476.208987 -477.573084 -478.262165 -479.039145 -477.188740 -476.038707 -476.573010 -477.984106 -476.481725 -478.902796 -481.166864 -479.853368 -478.455236 -477.859795 -476.272716 -474.908509 -476.533532 -476.946369 -476.297016 -473.458958 -472.569777 -473.375603 -477.402329 -473.714220 -472.451954 -471.653505 -471.777488 -473.618996 -471.444675 -468.882964 -470.420510 -473.163669 -472.396913 -471.016346 -468.514759 -468.905178 -477.313382 -477.199190 -476.321175 -475.611822 -476.762832 -477.778546 -474.104425 -475.011613 -475.348656 -475.160238 -476.456394 -479.390407 -480.905693 -477.398552 -475.157426 -469.698371 -9999.0 -9999.0 -9999.0 -9999.0 -9999.0 -9999.0 -9999.0 -9999.0 -9999.0 -9999.0 -9999.0 -9999.0 -9999.0 -9999.0
-9999.0 -9999.0 -9999.0 -9999.0 -9999.0 -9999.0 -9999.0 -9999.0 -9999.0 -477.382311 -477.929934 -477.638037 -478.801267 -477.742519 -480.204251 -479.817421 -480.523120 -479.271468 -478.762292 -477.410112 -474.987243 -477.314100 -477.687331 -476.333939 -476.590011 -476.568530 -476.191269 -472.875992 -469.698451 -462.957538 -469.773559 -470.025787 -467.236633 -452.134184 -441.578435 -439.192481 -444.123645 -444.146702 -437.865413 -430.701343 -431.805279 -432.760450 -424.724615 -420.613891 -417.518850 -424.446131 -430.478183 -431.533336 -420.646957 -437.460551 -452.173873 -468.643496 -466.325940 -470.256468 -474.411243 -475.507710 -476.527913 -472.386856 -473.452224 -476.248228 -478.515696 -476.684432 -478.400618 -476.761656 -476.369744 -472.450551 -469.310083 -465.975365 -465.818984 -468.102078 -9999.0 -9999.0 -9999.0 -9999.0 -9999.0 -9999.0 -9999.0 -9999.0 -9999.0 -9999.0
-9999.0 -9999.0 -9999.0 -9999.0 -9999.0 -9999.0 -478.699243 -479.052651 -478.469740 -481.640359 -480.019732 -481.693840 -480.642187 -480.496268 -480.063802 -480.612884 -479.159210 -478.256908 -476.511749 -474.117797 -471.713532 -474.133084 -473.707221 -470.058458 -460.657712 -450.427434 -446.019750 -438.634972 -412.778639 -389.862681 -375.924795 -368.366190 -331.283621 -54.095558 0.037327 0.063101 0.039027 0.025339 0.035962 0.058126 0.064006 0.049897 0.055433 0.053612 0.094065 0.078756 0.049796 0.049620 0.051421 0.045627 -36.754068 -325.351167 -397.959852 -419.817412 -442.998367 -455.798198 -459.834686 -459.199236 -464.069520 -470.649816 -474.165129 -473.346045 -473.721460 -475.499289 -474.559802 -473.237666 -470.898722 -469.240483 -470.317591 -471.495161 -471.850902 -474.630635 -474.011584 -471.229567 -9999.0 -9999.0 -9999.0 -9999.0 -9999.0 -9999.0
-9999.0 -9999.0 -9999.0 -9999.0 -482.588418 -481.378220 -485.351430 -483.365391 -482.088949 -481.357116 -482.120643 -480.700480 -480.895289 -480.209853 -478.291019 -477.492655 -475.112629 -473.912654 -468.182708 -451.618080 -437.828721 -430.582379 -427.929958 -398.073742 -82.740166 0.009782 0.031864 0.039676 0.046441 0.076851 0.101392 0.095082 0.107083 0.139769 0.208868 0.814661 0.247226 0.198453 0.242239 0.278063 7.415196 7.683684 8.644565 8.537715 10.630718 12.565487 0.405144 0.212589 0.215729 0.219078 0.157293 0.082460 0.065335 0.060496 0.055333 0.027142 -78.011950 -361.844499 -410.666312 -429.445462 -448.031833 -458.158700 -464.020961 -466.442416 -470.830695 -469.505490 -467.682035 -469.705753 -472.099934 -474.418134 -473.960385 -474.883426 -476.702377 -472.747749 -472.045566 -468.289521 -9999.0 -9999.0 -9999.0 -9999.0
-9999.0 -9999.0 -482.120328 -482.640208 -479.714735 -482.216830 -483.683649 -485.757636 -485.481649 -483.067425 -478.815764 -478.374458 -476.456227 -476.033076 -470.235053 -451.066509 -432.645686 -419.349016 -381.697085 -68.792107 0.027053 0.047554 0.046732 0.060181 0.100745 0.159052 0.190506 0.223884 0.317346 11.910984 38.454145 49.632968 60.409802 50.575345 52.137815 48.167860 48.488937 42.922700 27.725823 24.767930 32.348036 33.662145 37.849212 25.381205 21.543118 34.287630 36.115540 36.647756 38.906332 47.028897 58.618908 29.517147 0.252939 0.242681 0.288272 0.156805 0.101908 0.071588 0.074833 0.049446 -31.166482 -294.105416 -400.488314 -424.538221 -444.391428 -454.097999 -462.287854 -466.643900 -470.513334 -474.625800 -475.322073 -475.525183 -474.302356 -475.275922 -473.291603 -472.183949 -469.948658 -469.340336 -9999.0 -9999.0
-9999.0 -482.398343 -484.282842 -479.293981 -479.842892 -479.784137 -479.587930 -479.483564 -478.759455 -481.863118 -470.864153 -448.245497 -428.013053 -421.994682 -390.872823 -75.436225 0.034260 0.058314 0.072631 0.112694 0.167592 0.267039 3.172011 34.948247 59.687626 51.038105 51.399927 48.237590 40.129485 32.283905 22.303168 31.875624 28.837975 14.907461 4.135941 2.903450 0.763082 0.271792 0.191726 0.150204 0.173119 0.408295 0.234204 0.165487 0.135354 0.204403 0.417938 0.226944 0.144776 0.207482 0.428949 8.798124 25.049039 38.519031 59.377895 36.541788 4.723127 0.239062 0.240765 0.184443 0.120412 0.082728 0.056186 0.025424 -73.220128 -401.193384 -431.157076 -450.849268 -462.600687 -466.112628 -467.964892 -474.033090 -474.938696 -472.700920 -473.506673 -473.548939 -472.716540 -472.169111 -9999.0 -9999.0
-9999.0 -488.205366 -483.304596 -479.096587 -475.039664 -477.508981 -456.273078 -440.331329 -437.075401 -448.261620 -407.048583 -13.291056 0.080657 0.058069 0.094602 0.228912 23.141334 43.826450 58.894142 47.250254 42.729608 43.383378 39.358131 31.092595 17.040892 9.821260 9.973581 8.083969 0.463549 0.291727 0.214018 0.318528 0.221874 0.145433 0.117069 0.100456 0.099324 0.085957 0.066555 0.055609 0.041497 0.083912 0.061408 0.047728 0.039523 0.054578 0.099480 0.065499 0.061491 0.080960 0.115132 0.155762 0.169003 0.198922 0.275367 9.326358 27.200949 46.420711 53.422107 28.768688 0.428735 0.200671 0.180461 0.128563 0.091332 0.036860 -46.542351 -342.595786 -410.768800 -429.065895 -447.571627 -459.625806 -468.102541 -468.531494 -472.841981 -472.211921 -9999.0 -9999.0 -9999.0 -9999.0
-9999.0 -488.252566 -483.687284 -475.162794 -457.279745 -425.735608 -59.349029 0.055213 0.085578 0.155244 0.360761 44.045636 52.343095 34.822200 8.497513 4.705449 13.795458 15.754733 11.878611 2.880151 0.449230 0.430316 0.471922 0.343660 0.276850 0.238107 0.226811 0.221307 0.152792 0.125585 0.091039 0.093322 0.068684 0.016460 -47.810273 -302.135887 -397.310105 -401.409925 -407.958890 -420.815272 -426.216384 -430.703611 -424.774118 -426.284661 -426.972352 -424.095574 -416.285536 -410.587203 -385.138399 -298.263727 -35.778094 0.038999 0.055283 0.077142 0.108977 0.155604 0.183566 0.208373 0.466284 29.651741 50.095775 42.153729 14.609435 0.329688 0.176440 0.129178 0.116271 0.066596 0.039021 -20.458543 -227.583808 -400.618705 -431.728029 -456.721472 -461.801906 -9999.0 -9999.0 -9999.0 -9999.0 -9999.0
-9999.0 -496.121271 -482.943135 -476.353624 -440.143409 -67.135015 0.069720 0.479678 41.808265 0.332096 0.119075 0.161379 0.335364 0.358756 0.188109 0.191807 0.159682 0.145944 0.282566 0.153005 0.119485 0.092327 0.127716 0.101369 0.083058 0.077947 0.078490 0.069607 0.036898 -38.640208 -356.180898 -388.094026 -422.938524 -441.241818 -451.764679 -463.772602 -471.756754 -471.141891 -467.888979 -470.138412 -472.424100 -475.411244 -471.995772 -470.755234 -469.287917 -471.452174 -471.499934 -467.599350 -461.241002 -454.558657 -438.704243 -421.546346 -402.471188 -331.011426 -50.571307 0.030614 0.054244 0.069340 0.110635 0.198299 0.279383 4.836414 40.054086 59.064261 21.271053 0.290577 0.232040 0.192922 0.140822 0.119953 0.115360 0.121352 0.053373 -9999.0 -9999.0 -9999.0 -9999.0 -9999.0 -9999.0 -9999.0
-9999.0 -500.382961 -485.692537 -484.950635 -472.163900 -445.153181 -396.955560 -69.389857 0.048616 0.033636 0.043822 0.051791 0.062384 0.098966 0.061579 0.042945 0.028074 0.041374 0.045261 0.016191 -52.735396 -311.426378 -325.491759 -345.450203 -383.825326 -396.507397 -402.454182 -413.005191 -425.705151 -440.372799 -462.543382 -470.385175 -475.620325 -476.642348 -477.549391 -478.741117 -482.356900 -479.860036 -478.233637 -478.578495 -479.720242 -480.771261 -477.997134 -477.397673 -476.609417 -479.552370 -477.877445 -477.038713 -474.512232 -472.304489 -468.899111 -463.446224 -455.585745 -449.980568 -441.163191 -430.389706 -415.470855 -365.788219 -44.528913 0.051481 0.109835 0.139461 0.201637 0.314376 0.410050 9.992388 19.324876 2.418918 0.306778 0.281537 0.259813 -9999.0 -9999.0 -9999.0 -9999.0 -9999.0 -9999.0 -9999.0 -9999.0 -9999.0
-9999.0 -9999.0 -503.448336 -497.775939 -493.026262 -488.946050 -483.205855 -473.428283 -468.542882 -460.663324 -449.796781 -437.605815 -429.957502 -426.203164 -431.443223 -442.220319 -448.008193 -447.135551 -448.762259 -451.925085 -459.392076 -464.073821 -465.182130 -465.903083 -468.105886 -468.871121 -469.029649 -469.443201 -470.633722 -474.328015 -477.310391 -479.130876 -481.806656 -480.946535 -481.128041 -482.166714 -480.785767 -481.093427 -480.821508 -481.061422 -480.785173 -480.298547 -479.911777 -479.233127 -479.425946 -479.250222 -479.189958 -478.631464 -477.837473 -476.949701 -474.558196 -470.662224 -467.888925 -467.469615 -469.618930 -469.090352 -466.904920 -461.439056 -436.055866 -395.048822 -63.304575 0.032326 0.072281 0.125563 0.135532 0.146698 0.213393 1.332450 1.579560 0.462662 -9999.0 -9999.0 -9999.0 -9999.0 -9999.0 -9999.0 -9999.0 -9999.0 -9999.0 -9999.0
-9999.0 -9999.0 -9999.0 -9999.0 -506.028140 -497.931737 -490.299444 -491.523213 -486.448434 -484.051203 -482.245439 -479.997857 -478.225531 -476.832139 -479.128172 -479.269100 -479.424851 -478.873091 -479.191135 -479.689364 -479.806962 -480.038380 -480.177992 -480.618459 -480.285269 -479.706486 -479.462857 -480.234988 -479.792987 -481.218678 -480.884979 -481.445980 -482.049853 -483.068288 -482.594030 -482.649785 -482.013816 -482.639965 -481.715830 -482.413036 -481.815512 -481.680151 -481.089609 -479.993133 -480.826429 -480.194527 -480.363975 -479.651715 -479.974813 -478.425613 -475.740636 -472.625562 -470.602157 -470.939081 -474.400504 -475.479260 -476.531474 -474.756016 -472.274992 -465.736047 -441.587590 -418.252790 -366.281863 -50.997192 0.026018 0.049872 0.091973 0.176889 -9999.0 -9999.0 -9999.0 -9999.0 -9999.0 -9999.0 -9999.0 -9999.0 -9999.0 -9999.0 -9999.0 -9999.0
-9999.0 -9999.0 -9999.0 -9999.0 -9999.0 -9999.0 -502.323106 -498.237602 -499.709999 -496.886066 -494.537097 -492.893287 -490.056462 -490.811294 -489.946317 -487.364793 -487.680653 -488.806189 -490.308415 -487.986016 -486.984483 -486.658194 -489.097408 -488.286002 -488.030401 -487.083281 -487.183326 -486.626383 -488.700143 -485.932594 -484.521976 -484.783260 -485.017287 -484.333104 -484.839136 -483.131438 -482.926156 -484.257184 -484.708872 -482.883867 -482.499404 -482.954072 -482.831520 -481.864486 -480.279022 -480.212297 -481.177563 -482.618933 -481.373688 -478.338347 -475.374217 -473.056732 -471.595488 -470.817339 -473.363150 -477.149000 -479.089388 -479.724066 -478.805036 -477.062471 -471.089171 -467.524641 -464.400495 -455.561828 -448.799338 -417.561689 -9999.0 -9999.0 -9999.0 -9999.0 -9999.0 -9999.0 -9999.0 -9999.0 -9999.0 -9999.0 -9999.0 -9999.0 -9999.0 -9999.0
-9999.0 -9999.0 -9999.0 -9999.0 -9999.0 -9999.0 -9999.0 -9999.0 -9999.0 -9999.0 -9999.0 -9999.0 -9999.0 -9999.0 -9999.0 -9999.0 -9999.0 -9999.0 -9999.0 -9999.0 -9999.0 -9999.0 -9999.0 -9999.0 -9999.0 -9999.0 -9999.0 -9999.0 -9999.0 -9999.0 -9999.0 -9999.0 -9999.0 -9999.0 -9999.0 -9999.0 -9999.0 -9999.0 -9999.0 -9999.0 -9999.0 -9999.0 -9999.0 -9999.0 -9999.0 -9999.0 -9999.0 -9999.0 -9999.0 -9999.0 -9999.0 -9999.0 -9999.0 -9999.0 -9999.0 -9999.0 -9999.0 -9999.0 -9999.0 -9999.0 -9999.0 -9999.0 -9999.0 -9999.0 -9999.0 -9999.0 -9999.0 -9999.0 -9999.0 -9999.0 -9999.0 -9999.0 -9999.0 -9999.0 -9999.0 -9999.0 -9999.0 -9999.0 -9999.0 -9999.0
-9999.0 -9999.0 -9999.0 -9999.0 -9999.0 -9999.0 -9999.0 -9999.0 -9999.0 -9999.0 -9999.0 -9999.0 -9999.0 -9999.0 -9999.0 -9999.0 -9999.0 -9999.0 -9999.0 -9999.0 -9999.0 -9999.0 -9999.0 -9999.0 -9999.0 -9999.0 -9999.0 -9999.0 -9999.0 -9999.0 -9999.0 -9999.0 -9999.0 -9999.0 -9999.0 -9999.0 -9999.0 -9999.0 -9999.0 -9999.0 -9999.0 -9999.0 -9999.0 -9999.0 -9999.0 -9999.0 -9999.0 -9999.0 -9999.0 -9999.0 -9999.0 -9999.0 -9999.0 -9999.0 -9999.0 -9999.0 -9999.0 -9999.0 -9999.0 -9999.0 -9999.0 -9999.0 -9999.0 -9999.0 -9999.0 -9999.0 -9999.0 -9999.0 -9999.0 -9999.0 -9999.0 -9999.0 -9999.0 -9999.0 -9999.0 -9999.0 -9999.0 -9999.0 -9999.0 -9999.0