Borden_/Borden1m_014/output_maps/psiliqL0011N0015.asc
ncols         80
nrows         18
xllcorner     620200.000000
yllcorner     5168000.000000
cellsize      1.000000
NODATA_value  -9999.0
-9999.0 -9999.0 -9999.0 -9999.0 -9999.0 -9999.0 -9999.0 -9999.0 -9999.0 -9999.0 -9999.0 -9999.0 -9999.0 -9999.0 -9999.0 -9999.0 -9999.0 -9999.0 -9999.0 -9999.0 -9999.0 -9999.0 -9999.0 -9999.0 -9999.0 -9999.0 -9999.0 -9999.0 -9999.0 -9999.0 -9999.0 -9999.0 -9999.0 -9999.0 -9999.0 -9999.0 -9999.0 -9999.0 -9999.0 -9999.0 -9999.0 -9999.0 -9999.0 -9999.0 -9999.0 -9999.0 -9999.0 -9999.0 -9999.0 -9999.0 -9999.0 -9999.0 -9999.0 -9999.0 -9999.0 -9999.0 -9999.0 -9999.0 -9999.0 -9999.0 -9999.0 -9999.0 -9999.0 -9999.0 -9999.0 -9999.0 -9999.0 -9999.0 -9999.0 -9999.0 -9999.0 -9999.0 -9999.0 -9999.0 -9999.0 -9999.0 -9999.0 -9999.0 -9999.0 -9999.0
-9999.0 -9999.0 -9999.0 -9999.0 -9999.0 -9999.0 -9999.0 -9999.0 -9999.0 -9999.0 -9999.0 -9999.0 -9999.0 -9999.0 -9999.0 -9999.0 -9999.0 -9999.0 -9999.0 -9999.0 -9999.0 -9999.0 -9999.0 -9999.0 -9999.0 -9999.0 -9999.0 -9999.0 -9999.0 -9999.0 -9999.0 -9999.0 -9999.0 -9999.0 -9999.0 -9999.0 -9999.0 -9999.0 -9999.0 -9999.0 -9999.0 -9999.0 -9999.0 -9999.0 -9999.0 -9999.0 -9999.0 -9999.0 -9999.0 -9999.0 -9999.0 -9999.0 -9999.0 -9999.0 -9999.0 -9999.0 -9999.0 -9999.0 -9999.0 -9999.0 -9999.0 -9999.0 -9999.0 -9999.0 -9999.0 -9999.0 -9999.0 -9999.0 -9999.0 -9999.0 -9999.0 -9999.0 -9999.0 -9999.0 -9999.0 -9999.0 -9999.0 -9999.0 -9999.0 -9999.0
-9999.0 -9999.0 -9999.0 -9999.0 -9999.0 -9999.0 -9999.0 -9999.0 -9999.0 -9999.0 -9999.0 -9999.0 -9999.0 -9999.0 -9999.0 -9999.0 -9999.0 -9999.0 -9999.0 -9999.0 339.158362 342.164270 320.120221 286.744666 259.191879 262.054346 297.731555 339.687378 378.475765 389.340902 372.230662 375.408248 372.266325 373.528534 377.904927 385.480776 389.735931 401.556105 410.133891 409.664461 403.256990 397.582492 396.958959 400.157538 405.321210 395.555975 409.498625 424.885931 430.390442 424.262708 395.436275 377.739989 367.364955 350.924030 374.220058 385.332708 407.150755 410.362544 408.003372 380.277636 349.749366 -9999.0 -9999.0 -9999.0 -9999.0 -9999.0 -9999.0 -9999.0 -9999.0 -9999.0 -9999.0 -9999.0 -9999.0 -9999.0 -9999.0 -9999.0 -9999.0 -9999.0 -9999.0 -9999.0
-9999.0 -9999.0 -9999.0 -9999.0 -9999.0 -9999.0 -9999.0 -9999.0 -9999.0 -9999.0 -9999.0 -9999.0 -9999.0 -9999.0 246.633798 237.102429 234.747718 243.921332 278.456912 309.344236 322.045368 315.016489 315.670102 292.994199 273.820418 289.252380 320.030740 352.453765 387.504283 408.606450 397.693220 397.079848 410.251357 440.689790 457.273331 456.232712 436.896491 460.552826 476.641371 485.221936 483.831575 474.839905 488.355084 504.239604 497.425940 480.342878 485.410519 497.863746 511.090434 495.206973 428.012659 403.694831 396.687784 387.850532 372.646746 364.815034 388.404967 387.440627 377.917181 358.977360 325.751975 281.129828 262.328859 300.408898 344.127785 401.408415 -9999.0 -9999.0 -9999.0 -9999.0 -9999.0 -9999.0 -9999.0 -9999.0 -9999.0 -9999.0 -9999.0 -9999.0 -9999.0 -9999.0
-9999.0 -9999.0 -9999.0 -9999.0 -9999.0 -9999.0 -9999.0 -9999.0 -9999.0 188.375415 192.641286 200.150372 202.591212 218.676342 217.087081 224.754196 233.064711 260.629300 293.079718 329.748008 359.760050 351.220796 352.870478 366.260966 375.126397 390.978176 414.386487 456.085211 498.030549 540.599308 514.180139 515.852133 543.089809 604.216387 646.318955 657.152879 640.714094 648.046195 672.930582 694.630193 692.201791 689.024175 712.897381 726.085807 729.186692 710.706061 698.365019 699.794583 725.707678 672.124004 600.207057 535.164692 528.713580 493.402644 451.219613 427.571116 421.545059 439.134450 421.171237 381.911292 343.978850 332.300209 314.018133 329.705049 351.331400 397.297267 435.479552 463.407526 462.717745 444.886306 -9999.0 -9999.0 -9999.0 -9999.0 -9999.0 -9999.0 -9999.0 -9999.0 -9999.0 -9999.0
-9999.0 -9999.0 -9999.0 -9999.0 -9999.0 -9999.0 109.452130 118.800093 139.046150 144.423875 169.577364 177.499950 198.607459 218.675442 240.758807 258.929097 291.002105 325.749771 370.153796 418.187154 453.562293 450.814792 463.627623 502.507985 557.663522 598.431733 627.220997 667.561553 744.211287 788.811476 802.946633 815.952066 845.261709 928.926654 1003.551414 1021.615791 1005.406848 992.698276 1008.650821 1037.310377 1039.249820 1037.682023 1044.216035 1051.072141 1074.860810 1069.595766 1038.694386 1029.562615 1028.533486 1014.077781 946.467046 847.897942 787.101201 729.166780 644.427608 584.381132 579.572232 583.889313 545.579065 487.257912 441.961316 427.308431 409.013803 392.821246 396.661546 414.212774 435.679091 445.759930 432.050649 410.428284 386.893162 357.399935 358.482147 383.344532 -9999.0 -9999.0 -9999.0 -9999.0 -9999.0 -9999.0
-9999.0 -9999.0 -9999.0 -9999.0 59.432227 72.322641 60.704641 85.328325 118.042355 152.170368 185.061314 223.183833 251.480039 283.064105 326.910791 367.364670 413.686453 453.421217 517.209225 601.230532 661.282149 689.510005 708.430960 783.421928 892.066308 964.880117 988.019365 1009.596692 1041.217910 1090.450785 1113.268384 1121.567897 1144.796336 1186.580778 1231.127431 1261.034562 1247.505814 1242.539629 1246.312661 1253.081829 1272.263375 1271.303865 1271.848201 1272.866147 1276.252609 1278.101824 1261.036656 1235.899570 1227.251008 1220.210741 1193.283581 1122.126529 1079.881765 1053.942830 1029.120390 982.283757 902.373862 842.618618 765.105079 701.041435 630.299414 594.593110 552.804051 520.784185 485.917032 481.913660 481.240191 458.382487 425.007593 391.381440 375.111431 355.238530 343.703971 372.801355 389.803419 420.049423 -9999.0 -9999.0 -9999.0 -9999.0
-9999.0 -9999.0 0.345708 50.078673 106.980622 116.456037 118.844508 125.040324 153.388745 205.745276 284.919313 339.794342 386.129521 421.829999 489.076244 584.847366 666.014444 722.318441 801.727393 914.770163 990.042444 1021.905634 1035.617768 1073.097625 1133.874895 1193.500036 1216.163518 1235.303406 1256.207745 1280.467715 1294.533506 1309.400343 1318.901132 1321.834623 1325.430435 1324.964940 1322.266423 1319.282848 1303.206508 1300.023524 1305.767521 1308.600661 1310.928797 1298.822241 1295.346533 1308.607763 1313.262427 1316.119633 1319.436928 1327.733637 1332.876002 1296.658816 1256.105375 1245.011348 1240.380028 1203.308117 1144.096365 1095.767960 1072.518877 1034.813236 955.879543 872.881037 794.133527 732.150319 668.335566 619.876388 563.412306 515.079857 464.848310 416.276486 390.366558 369.915717 365.688781 364.337725 379.198301 393.830425 408.578888 416.059937 -9999.0 -9999.0
-9999.0 -100.607450 -27.754174 100.021504 180.847150 228.153859 268.238915 296.845519 324.461770 346.692333 458.404680 567.300176 662.137753 701.717012 769.931198 906.957331 1008.413318 1052.628969 1092.299256 1153.517715 1208.687863 1246.621536 1267.841964 1286.149124 1318.398440 1326.093616 1327.086283 1327.686076 1320.897966 1311.942298 1301.918347 1309.028876 1308.095208 1292.946124 1278.281626 1273.338140 1267.710945 1248.443277 1226.626043 1216.110102 1219.453646 1239.403514 1229.786237 1212.621610 1209.559709 1227.425066 1243.459772 1237.578130 1229.805267 1247.790495 1279.035471 1296.465626 1308.359638 1323.445092 1343.152887 1318.726049 1289.577930 1252.702294 1237.932850 1216.296905 1168.377748 1109.291654 1057.370657 1001.065159 922.151806 805.577361 720.097060 642.894368 566.849826 520.428106 483.696224 427.373538 400.914916 398.688196 387.108642 382.796912 388.006233 393.944604 -9999.0 -9999.0
-9999.0 -176.130466 -32.500545 154.376117 305.713027 374.946621 500.250489 587.102397 614.683405 592.391365 710.144551 960.806300 1057.181222 1071.912437 1138.900935 1225.780628 1255.936731 1285.901795 1307.269950 1313.233785 1316.014958 1320.321554 1315.342891 1308.292324 1295.509231 1289.854120 1290.889177 1290.520941 1276.831835 1260.299132 1242.762482 1239.335382 1225.902215 1190.975680 1158.478756 1131.804023 1110.806146 1092.191167 1064.522248 1043.322596 1032.048679 1048.739909 1041.824561 1027.135395 1023.629052 1042.834251 1071.958952 1068.851580 1080.162736 1109.068599 1154.403700 1190.084825 1208.256985 1233.288152 1264.140338 1299.815650 1313.620380 1333.248416 1337.753248 1318.433500 1282.142303 1240.504292 1216.988038 1170.275980 1108.377763 1027.286463 952.060757 854.865990 762.883647 703.284346 640.689102 567.846727 500.947435 464.487191 419.784954 396.570969 -9999.0 -9999.0 -9999.0 -9999.0
-9999.0 -247.659321 -56.685180 208.666942 483.787123 630.458259 881.350632 1014.303757 1064.557595 1122.358781 1126.344032 1252.163287 1281.953853 1274.759618 1266.609850 1271.399962 1287.173466 1291.715547 1289.144581 1281.448747 1273.401665 1266.939126 1262.999576 1255.450941 1245.441068 1234.349287 1225.985533 1219.046636 1189.672817 1158.470882 1115.919439 1096.672652 1062.925152 979.778957 927.068803 857.504071 776.845393 762.446441 752.194506 723.078426 704.132060 686.682260 706.865925 709.367999 710.838221 716.329248 736.117291 761.662482 817.064741 879.453753 956.845933 1017.047329 1051.314387 1096.384156 1146.515627 1195.798242 1220.266180 1244.530695 1283.775343 1318.201873 1340.410610 1332.723060 1309.218180 1276.900572 1223.609509 1172.388923 1134.007450 1066.387816 1006.617197 949.202243 872.471224 778.369318 688.032651 562.995736 510.604151 -9999.0 -9999.0 -9999.0 -9999.0 -9999.0
-9999.0 -413.456881 -144.418743 152.245229 490.407436 858.218657 1000.740718 1139.281016 1206.916819 1166.645096 1166.102929 1185.296926 1219.875331 1225.567127 1210.085717 1207.314855 1201.099517 1202.375365 1215.343736 1192.242601 1162.000753 1138.298836 1130.993196 1116.621304 1093.922267 1078.959533 1069.821815 1054.931918 1012.075016 952.904724 835.654077 788.454393 705.381012 641.165448 589.468320 528.912298 469.252743 464.388508 479.618630 463.554422 441.320168 422.852166 448.984947 465.636657 477.228724 467.079315 476.859736 514.275251 568.246317 620.815547 682.745645 745.404542 801.974376 875.453890 945.406239 1006.353031 1050.715063 1095.783391 1169.272786 1238.503404 1268.902751 1298.441115 1331.822985 1350.378515 1307.903020 1269.174891 1234.264884 1192.501182 1131.039633 1099.614909 1070.726328 1014.685382 953.356996 -9999.0 -9999.0 -9999.0 -9999.0 -9999.0 -9999.0 -9999.0
-9999.0 -544.566916 -317.535373 -74.786138 224.967077 477.282945 680.117438 835.927526 927.147638 953.086039 980.582445 1007.873320 1033.246533 1053.017394 1035.352837 1005.220009 982.936214 987.886819 985.338209 959.342133 915.825420 865.140231 847.409475 830.575051 796.032184 776.169065 763.390490 739.440643 702.606505 641.768323 548.685896 471.432864 406.117195 369.850350 337.182901 300.839555 260.817860 270.204375 283.777307 279.481449 267.775226 263.940691 293.607471 312.428388 322.613760 310.145143 329.212965 356.965022 400.428954 445.476061 497.362241 555.122216 612.704586 651.625800 679.664703 715.306100 764.403709 841.036153 965.600809 1070.241094 1151.916457 1197.220895 1241.946386 1273.269297 1286.947653 1306.130876 1290.340301 1223.195522 1121.253618 1151.733422 1163.417386 -9999.0 -9999.0 -9999.0 -9999.0 -9999.0 -9999.0 -9999.0 -9999.0 -9999.0
-9999.0 -9999.0 -554.140306 -368.510250 -215.285235 -27.819464 128.199289 245.706993 332.879085 437.379194 537.322335 615.941529 657.217855 673.928265 658.997531 623.680570 600.791329 600.778796 590.134942 574.470721 544.896417 525.631017 509.629863 497.972885 482.982841 474.680052 468.500352 456.570399 433.098664 384.169841 329.440927 274.850187 219.128365 192.850145 169.948364 146.697499 143.182222 140.407328 146.793884 148.107027 153.983207 166.048995 186.703069 208.322741 217.886662 225.542896 238.231325 262.281992 296.132943 338.631213 392.806434 450.441277 490.830573 505.875024 500.263171 509.475228 535.790550 589.384980 691.114383 801.118430 941.572911 1027.043982 1102.401049 1163.245927 1183.601022 1200.538363 1218.297041 1151.090660 784.113421 1066.795863 -9999.0 -9999.0 -9999.0 -9999.0 -9999.0 -9999.0 -9999.0 -9999.0 -9999.0 -9999.0
-9999.0 -9999.0 -9999.0 -9999.0 -512.804610 -355.707935 -259.483957 -174.928334 -48.468044 66.545764 163.416351 242.876908 299.181615 323.979940 315.377937 313.650159 306.598046 301.748624 291.921857 286.387935 279.873904 269.352975 255.090628 246.249048 245.143693 248.587724 246.130572 232.652805 215.822029 189.499273 165.718000 129.900496 92.502893 62.860144 49.453430 42.638314 42.577675 36.596947 45.919715 52.616657 67.669638 83.149725 107.205090 135.787006 148.741694 163.114534 172.895380 193.777214 224.148607 277.498596 340.633940 397.600980 432.488137 436.962203 412.187648 397.474890 395.878068 427.467706 480.552523 560.148821 679.918384 769.572158 858.026240 952.607426 1004.359143 1055.218949 1125.099547 1156.046544 -9999.0 -9999.0 -9999.0 -9999.0 -9999.0 -9999.0 -9999.0 -9999.0 -9999.0 -9999.0 -9999.0 -9999.0
-9999.0 -9999.0 -9999.0 -9999.0 -9999.0 -9999.0 -565.318403 -468.710198 -383.061478 -253.995310 -134.033504 -38.149552 38.406278 65.755138 86.166849 110.079139 106.204910 88.384906 70.475258 87.056326 96.986626 90.748851 61.599700 59.879215 63.477050 72.425912 70.927162 64.708091 39.718122 48.654659 47.567766 24.167306 -2.113551 -16.501943 -28.221274 -18.398313 -17.756717 -30.555687 -28.593626 -2.275059 17.644687 31.088526 53.501549 86.744108 118.855234 133.380625 134.454311 140.692482 181.892036 252.283162 323.140158 377.258714 408.595592 416.244648 388.258082 347.718160 326.971935 335.076644 372.413589 430.147830 513.739648 572.148534 615.607782 654.517358 690.659440 788.637635 -9999.0 -9999.0 -9999.0 -9999.0 -9999.0 -9999.0 -9999.0 -9999.0 -9999.0 -9999.0 -9999.0 -9999.0 -9999.0 -9999.0
-9999.0 -9999.0 -9999.0 -9999.0 -9999.0 -9999.0 -9999.0 -9999.0 -9999.0 -9999.0 -9999.0 -9999.0 -9999.0 -9999.0 -9999.0 -9999.0 -9999.0 -9999.0 -9999.0 -9999.0 -9999.0 -9999.0 -9999.0 -9999.0 -9999.0 -9999.0 -9999.0 -9999.0 -9999.0 -9999.0 -9999.0 -9999.0 -9999.0 -9999.0 -9999.0 -9999.0 -9999.0 -9999.0 -9999.0 -9999.0 -9999.0 -9999.0 -9999.0 -9999.0 -9999.0 -9999.0 -9999.0 -9999.0 -9999.0 -9999.0 -9999.0 -9999.0 -9999.0 -9999.0 -9999.0 -9999.0 -9999.0 -9999.0 -9999.0 -9999.0 -9999.0 -9999.0 -9999.0 -9999.0 -9999.0 -9999.0 -9999.0 -9999.0 -9999.0 -9999.0 -9999.0 -9999.0 -9999.0 -9999.0 -9999.0 -9999.0 -9999.0 -9999.0 -9999.0 -9999.0
-9999.0 -9999.0 -9999.0 -9999.0 -9999.0 -9999.0 -9999.0 -9999.0 -9999.0 -9999.0 -9999.0 -9999.0 -9999.0 -9999.0 -9999.0 -9999.0 -9999.0 -9999.0 -9999.0 -9999.0 -9999.0 -9999.0 -9999.0 -9999.0 -9999.0 -9999.0 -9999.0 -9999.0 -9999.0 -9999.0 -9999.0 -9999.0 -9999.0 -9999.0 -9999.0 -9999.0 -9999.0 -9999.0 -9999.0 -9999.0 -9999.0 -9999.0 -9999.0 -9999.0 -9999.0 -9999.0 -9999.0 -9999.0 -9999.0 -9999.0 -9999.0 -9999.0 -9999.0 -9999.0 -9999.0 -9999.0 -9999.0 -9999.0 -9999.0 -9999.0 -9999.0 -9999.0 -9999.0 -9999.0 -9999.0 -9999.0 -9999.0 -9999.0 -9999.0 -9999.0 -9999.0 -9999.0 -9999.0 -9999.0 -9999.0 -9999.0 -9999.0 -9999.0 -9999.0 -9999.0