Borden_/Borden1m_014/output_maps/psiliqL0018N0010.asc
ncols         80
nrows         18
xllcorner     620200.000000
yllcorner     5168000.000000
cellsize      1.000000
NODATA_value  -9999.0
-9999.0 -9999.0 -9999.0 -9999.0 -9999.0 -9999.0 -9999.0 -9999.0 -9999.0 -9999.0 -9999.0 -9999.0 -9999.0 -9999.0 -9999.0 -9999.0 -9999.0 -9999.0 -9999.0 -9999.0 -9999.0 -9999.0 -9999.0 -9999.0 -9999.0 -9999.0 -9999.0 -9999.0 -9999.0 -9999.0 -9999.0 -9999.0 -9999.0 -9999.0 -9999.0 -9999.0 -9999.0 -9999.0 -9999.0 -9999.0 -9999.0 -9999.0 -9999.0 -9999.0 -9999.0 -9999.0 -9999.0 -9999.0 -9999.0 -9999.0 -9999.0 -9999.0 -9999.0 -9999.0 -9999.0 -9999.0 -9999.0 -9999.0 -9999.0 -9999.0 -9999.0 -9999.0 -9999.0 -9999.0 -9999.0 -9999.0 -9999.0 -9999.0 -9999.0 -9999.0 -9999.0 -9999.0 -9999.0 -9999.0 -9999.0 -9999.0 -9999.0 -9999.0 -9999.0 -9999.0
-9999.0 -9999.0 -9999.0 -9999.0 -9999.0 -9999.0 -9999.0 -9999.0 -9999.0 -9999.0 -9999.0 -9999.0 -9999.0 -9999.0 -9999.0 -9999.0 -9999.0 -9999.0 -9999.0 -9999.0 -9999.0 -9999.0 -9999.0 -9999.0 -9999.0 -9999.0 -9999.0 -9999.0 -9999.0 -9999.0 -9999.0 -9999.0 -9999.0 -9999.0 -9999.0 -9999.0 -9999.0 -9999.0 -9999.0 -9999.0 -9999.0 -9999.0 -9999.0 -9999.0 -9999.0 -9999.0 -9999.0 -9999.0 -9999.0 -9999.0 -9999.0 -9999.0 -9999.0 -9999.0 -9999.0 -9999.0 -9999.0 -9999.0 -9999.0 -9999.0 -9999.0 -9999.0 -9999.0 -9999.0 -9999.0 -9999.0 -9999.0 -9999.0 -9999.0 -9999.0 -9999.0 -9999.0 -9999.0 -9999.0 -9999.0 -9999.0 -9999.0 -9999.0 -9999.0 -9999.0
-9999.0 -9999.0 -9999.0 -9999.0 -9999.0 -9999.0 -9999.0 -9999.0 -9999.0 -9999.0 -9999.0 -9999.0 -9999.0 -9999.0 -9999.0 -9999.0 -9999.0 -9999.0 -9999.0 -9999.0 1748.981393 1751.648029 1730.755073 1698.321212 1671.985987 1675.976363 1711.821302 1754.350505 1794.153748 1804.399332 1787.576760 1792.505022 1790.650604 1791.588417 1796.891211 1807.400202 1815.217991 1827.559562 1836.329172 1835.549420 1828.967399 1823.624893 1824.276407 1826.436123 1831.867901 1819.675633 1834.040145 1848.676578 1851.890134 1844.827607 1815.593695 1797.921397 1786.230792 1768.070679 1790.823489 1800.126250 1820.343317 1822.122590 1818.287239 1789.936460 1758.982732 -9999.0 -9999.0 -9999.0 -9999.0 -9999.0 -9999.0 -9999.0 -9999.0 -9999.0 -9999.0 -9999.0 -9999.0 -9999.0 -9999.0 -9999.0 -9999.0 -9999.0 -9999.0 -9999.0
-9999.0 -9999.0 -9999.0 -9999.0 -9999.0 -9999.0 -9999.0 -9999.0 -9999.0 -9999.0 -9999.0 -9999.0 -9999.0 -9999.0 1654.578064 1646.142161 1644.670243 1654.238465 1689.010631 1720.576543 1733.023710 1726.771218 1728.159175 1705.892954 1686.678194 1702.667471 1734.596722 1767.407427 1802.444915 1822.465496 1812.539164 1812.323681 1824.286499 1852.044070 1868.038556 1869.301118 1853.610202 1879.491551 1895.168366 1902.142271 1900.602505 1891.062551 1901.614667 1916.008866 1908.845225 1892.704737 1900.349415 1912.847630 1922.674650 1907.681576 1841.662655 1820.557725 1813.071655 1804.575753 1788.439445 1780.294670 1803.654674 1800.554938 1790.185902 1770.579149 1736.277492 1690.972377 1670.860695 1708.503344 1750.662634 1806.248726 -9999.0 -9999.0 -9999.0 -9999.0 -9999.0 -9999.0 -9999.0 -9999.0 -9999.0 -9999.0 -9999.0 -9999.0 -9999.0 -9999.0
-9999.0 -9999.0 -9999.0 -9999.0 -9999.0 -9999.0 -9999.0 -9999.0 -9999.0 1594.637129 1600.349903 1608.581085 1612.143229 1628.703383 1626.702561 1635.038083 1642.722557 1671.640821 1704.161031 1740.814845 1770.910366 1763.904526 1765.594124 1775.652878 1779.055064 1793.449068 1818.180110 1859.610016 1896.511961 1935.270179 1905.842332 1904.983026 1927.813079 1979.234324 2016.037011 2027.250027 2013.510188 2027.510413 2052.601853 2071.614273 2068.756868 2063.835879 2087.147365 2100.360778 2098.804874 2079.388365 2072.731499 2075.821906 2100.489952 2045.616902 1973.809255 1921.449302 1925.189964 1895.908884 1859.889278 1839.165801 1833.207166 1849.740408 1832.624277 1793.815349 1756.241581 1742.727625 1723.189978 1739.326721 1759.740533 1803.997153 1841.568742 1868.658222 1866.531010 1847.995557 -9999.0 -9999.0 -9999.0 -9999.0 -9999.0 -9999.0 -9999.0 -9999.0 -9999.0 -9999.0
-9999.0 -9999.0 -9999.0 -9999.0 -9999.0 -9999.0 1514.536394 1525.356755 1547.005387 1551.926259 1578.866758 1586.900809 1608.404353 1628.499114 1651.681626 1668.872989 1699.455081 1733.776172 1775.785017 1820.587965 1855.171492 1850.892233 1862.189875 1891.294633 1930.544421 1962.589871 1992.429092 2034.154772 2107.973533 2146.185116 2148.070054 2153.398551 2167.665574 2225.563675 2299.648982 2320.626546 2306.035235 2295.261520 2317.000392 2351.874363 2352.872138 2351.843474 2362.896703 2372.144399 2398.106858 2389.458481 2352.613741 2342.342524 2341.964719 2318.762903 2247.021575 2177.158855 2143.448144 2092.392907 2008.250236 1953.040500 1958.277415 1973.762359 1942.959199 1887.309657 1845.182382 1832.244270 1814.834946 1800.317547 1805.455050 1822.793698 1842.775637 1852.171973 1837.199837 1814.234057 1790.297766 1760.122947 1760.778886 1784.907389 -9999.0 -9999.0 -9999.0 -9999.0 -9999.0 -9999.0
-9999.0 -9999.0 -9999.0 -9999.0 1463.318357 1477.327702 1465.624795 1492.663628 1526.858779 1562.589674 1594.875383 1632.026222 1659.911359 1691.018560 1731.260188 1764.395388 1806.166812 1843.033471 1899.597051 1971.378065 2026.820834 2051.687701 2067.328490 2125.927708 2191.432573 2251.752199 2279.964794 2310.162999 2353.542359 2408.921650 2432.324299 2438.079267 2458.444691 2501.952587 2559.003488 2600.566705 2589.103980 2584.397101 2592.760019 2604.400489 2625.898569 2625.658292 2626.608823 2629.099674 2634.578310 2634.411729 2611.384650 2579.183342 2562.890964 2549.462381 2511.691483 2437.106479 2398.561024 2368.022529 2328.816531 2270.249394 2202.070040 2184.847652 2124.634393 2064.154331 2000.548171 1977.058914 1944.461216 1917.236510 1887.009679 1887.085359 1888.500533 1865.786010 1830.845201 1796.419887 1779.429266 1758.726620 1745.672287 1774.425000 1790.769654 1819.953407 -9999.0 -9999.0 -9999.0 -9999.0
-9999.0 -9999.0 1402.062563 1450.649427 1509.174656 1519.182695 1519.813691 1527.274268 1557.687710 1611.601623 1685.634466 1734.227991 1774.540627 1809.715396 1869.858018 1947.374451 2019.810308 2070.476872 2135.771265 2213.649140 2284.074940 2320.493821 2337.327669 2378.219067 2436.246016 2506.439979 2539.129463 2567.894637 2599.747260 2631.305365 2634.389549 2646.508469 2656.901334 2665.142743 2676.844784 2683.792802 2682.753328 2680.690868 2664.145810 2660.576924 2667.152030 2673.042874 2673.464713 2659.732633 2655.929541 2670.305650 2675.808096 2675.107740 2673.066259 2677.688881 2676.077931 2632.742946 2601.647433 2586.185831 2571.943952 2522.958295 2452.684611 2410.728387 2386.444784 2339.099641 2256.639356 2201.960100 2148.804301 2098.827397 2043.005580 2010.506992 1961.908000 1917.331709 1868.557426 1819.715332 1793.440936 1773.068751 1768.225598 1765.804251 1780.517598 1794.505354 1808.946571 1816.268233 -9999.0 -9999.0
-9999.0 1296.291644 1368.877326 1495.031006 1576.678398 1622.233989 1650.869235 1671.589433 1702.754514 1734.396181 1836.701170 1917.210717 2007.874169 2047.612665 2098.596821 2199.164475 2299.419976 2351.080208 2394.456891 2458.396337 2526.077031 2578.780079 2608.198110 2611.041516 2648.959110 2670.839285 2678.863936 2685.052803 2682.305231 2672.391494 2662.110905 2666.834281 2662.173057 2642.338834 2625.535065 2623.080374 2620.096624 2599.112757 2572.716325 2559.387113 2562.270618 2587.373836 2574.380485 2553.627572 2549.752337 2571.069502 2592.096956 2583.222877 2570.386156 2588.753194 2623.282697 2646.957335 2655.980419 2673.806675 2693.814035 2665.529386 2637.375533 2594.193053 2573.100682 2543.101136 2482.935975 2420.981463 2364.523626 2299.926836 2227.766191 2156.551713 2089.179582 2024.049786 1955.884024 1911.472589 1876.575967 1823.179863 1799.741055 1798.946687 1788.361336 1783.882586 1788.490843 1794.195070 -9999.0 -9999.0
-9999.0 1211.069312 1353.094000 1537.207073 1687.289308 1745.821481 1841.693343 1918.888061 1947.010816 1915.494496 2025.462706 2249.054883 2362.541105 2383.280617 2458.402409 2553.796795 2566.708894 2601.890964 2626.454666 2643.409384 2658.084452 2671.575048 2671.345124 2667.414086 2654.690540 2649.756633 2650.922568 2649.507073 2631.526334 2609.697910 2588.741324 2581.478857 2558.479729 2508.351883 2469.775413 2448.968285 2432.064965 2416.877300 2389.876097 2365.877671 2350.975275 2366.335412 2362.300906 2345.934062 2341.887534 2363.141420 2393.577970 2390.338748 2400.922490 2423.257380 2464.699896 2508.033451 2533.604728 2565.668538 2604.191645 2649.998450 2663.945546 2686.189155 2690.146731 2673.489189 2628.640027 2575.309866 2541.647800 2478.880541 2404.719185 2322.050937 2251.903749 2185.594674 2113.228794 2062.219439 2007.882289 1942.646883 1884.020379 1859.301890 1817.750859 1797.495351 -9999.0 -9999.0 -9999.0 -9999.0
-9999.0 1125.071727 1311.158258 1565.453853 1851.251188 1958.281476 2171.670844 2304.063979 2361.799834 2435.995992 2390.429045 2560.787877 2607.934065 2606.066567 2611.805338 2618.176552 2635.172104 2637.893305 2632.989842 2621.648235 2612.519956 2609.002893 2608.549646 2602.375416 2592.164314 2579.614284 2567.242005 2555.015069 2515.719789 2477.764318 2434.610850 2415.475418 2370.935554 2272.118655 2221.760301 2178.901558 2119.137061 2116.464621 2116.594979 2091.313895 2073.735169 2051.407455 2076.172155 2083.567347 2086.432815 2086.221435 2100.088389 2125.845364 2172.641696 2211.704013 2260.623450 2319.692640 2360.559082 2406.822273 2454.297833 2513.156257 2549.260756 2582.197792 2632.620187 2671.898826 2696.147873 2685.322313 2661.794604 2616.728018 2546.502311 2482.140862 2433.211658 2360.692479 2294.616768 2235.091509 2175.904077 2108.378415 2030.603775 1947.687611 1903.702546 -9999.0 -9999.0 -9999.0 -9999.0 -9999.0
-9999.0 932.327604 1199.350622 1482.352983 1788.946059 2129.802938 2284.238205 2409.728284 2487.850755 2469.158364 2488.146148 2509.355184 2553.726193 2563.727731 2544.817612 2535.814631 2522.646613 2519.945317 2527.902287 2495.521400 2462.159993 2447.086594 2446.670156 2436.103468 2414.542638 2400.399816 2391.219190 2370.944235 2319.743336 2261.416017 2170.712451 2133.423151 2052.790902 1998.393667 1951.337719 1898.702342 1848.013618 1848.876911 1869.483092 1857.868258 1837.337251 1819.990586 1847.904046 1867.341493 1879.945345 1866.761162 1874.677923 1909.832307 1959.187323 2004.432388 2056.605484 2115.043870 2164.305410 2214.431994 2250.339803 2306.391485 2360.885168 2411.416054 2488.280611 2569.973786 2611.053023 2648.664330 2682.801404 2702.175462 2653.962523 2610.500154 2563.720167 2507.688263 2433.879278 2384.872517 2346.538643 2273.979304 2198.234505 -9999.0 -9999.0 -9999.0 -9999.0 -9999.0 -9999.0 -9999.0
-9999.0 810.104848 1021.612898 1240.894505 1517.543074 1757.748321 1965.956326 2076.696436 2165.316360 2222.796634 2271.010381 2310.256467 2342.248199 2366.146848 2346.570865 2305.602113 2275.144826 2275.612064 2262.648637 2229.866468 2193.658448 2175.369027 2171.317354 2164.971604 2142.419326 2130.345220 2121.453436 2099.261017 2066.377322 2007.459806 1925.477136 1849.198876 1788.195356 1757.734197 1727.519006 1694.531549 1660.592757 1671.502913 1684.525272 1682.929424 1674.288245 1672.707637 1702.093443 1721.434147 1731.392036 1719.887119 1738.682508 1764.451788 1805.378124 1848.967568 1899.036950 1955.335357 2010.324742 2040.758643 2056.745215 2084.973648 2127.617360 2185.664634 2277.946409 2378.551209 2461.956522 2516.094336 2572.450552 2613.764574 2634.695622 2650.616897 2635.035279 2566.834421 2475.512704 2465.794531 2458.088212 -9999.0 -9999.0 -9999.0 -9999.0 -9999.0 -9999.0 -9999.0 -9999.0 -9999.0
-9999.0 -9999.0 790.322182 961.159947 1088.711707 1265.369657 1415.877976 1529.307680 1628.010225 1756.004664 1870.725381 1959.817115 2005.124763 2022.772389 2009.759941 1978.816312 1957.592566 1954.255408 1938.309873 1922.058454 1898.271141 1887.878727 1875.069536 1866.845160 1858.744803 1855.079430 1850.984166 1840.506827 1818.949689 1771.600302 1723.661096 1672.313166 1619.412876 1593.645656 1571.441241 1550.112113 1549.639178 1545.505489 1551.389597 1553.737338 1561.719959 1575.019193 1595.153484 1617.438600 1627.205505 1636.299725 1648.395897 1671.710957 1704.398750 1746.785057 1801.177710 1859.727940 1900.430664 1914.217762 1905.964907 1912.552166 1933.894176 1978.097310 2060.947939 2148.258589 2250.486648 2330.508757 2410.850333 2472.295588 2499.562239 2525.779696 2554.237362 2515.423537 2387.428606 2425.574345 -9999.0 -9999.0 -9999.0 -9999.0 -9999.0 -9999.0 -9999.0 -9999.0 -9999.0 -9999.0
-9999.0 -9999.0 -9999.0 -9999.0 820.577114 974.121263 1072.285844 1156.649391 1289.622287 1415.465336 1519.552297 1604.958181 1668.715705 1695.416423 1692.491696 1700.030401 1695.121445 1686.157336 1672.999963 1669.541106 1666.699287 1657.743023 1642.298568 1635.121712 1636.947800 1642.907161 1640.905150 1627.583957 1609.508027 1587.943615 1568.201042 1533.852421 1498.099204 1468.745324 1455.357180 1449.874804 1449.623604 1442.648934 1451.547307 1459.525998 1475.186495 1490.620873 1514.450715 1543.595613 1557.518897 1572.215210 1581.678856 1601.799761 1632.031027 1685.375560 1748.999311 1807.286954 1843.943656 1849.128095 1825.670914 1811.257198 1808.424397 1837.406269 1883.426834 1951.911624 2057.057817 2136.436981 2200.607258 2256.050712 2302.782076 2364.400537 2437.711010 2482.525470 -9999.0 -9999.0 -9999.0 -9999.0 -9999.0 -9999.0 -9999.0 -9999.0 -9999.0 -9999.0 -9999.0 -9999.0
-9999.0 -9999.0 -9999.0 -9999.0 -9999.0 -9999.0 783.861389 887.114610 966.500696 1109.363220 1243.934511 1347.236429 1428.391384 1460.921988 1488.487973 1515.417023 1512.971584 1492.600372 1470.920311 1487.931677 1500.865035 1493.787124 1462.988971 1462.964528 1468.484702 1477.081007 1475.208873 1469.112298 1444.103323 1456.211689 1457.129751 1433.611262 1407.423243 1393.541166 1381.558837 1391.115403 1391.340468 1377.736646 1378.240332 1405.480724 1426.108863 1439.369461 1461.129365 1494.355475 1526.707734 1541.945095 1543.161755 1548.968917 1588.393969 1658.432160 1730.300702 1786.133669 1819.134907 1827.793608 1801.536440 1762.326966 1742.842762 1750.842408 1786.627717 1840.353888 1918.434950 1971.546472 2002.783218 2024.387540 2052.623159 2151.944182 -9999.0 -9999.0 -9999.0 -9999.0 -9999.0 -9999.0 -9999.0 -9999.0 -9999.0 -9999.0 -9999.0 -9999.0 -9999.0 -9999.0
-9999.0 -9999.0 -9999.0 -9999.0 -9999.0 -9999.0 -9999.0 -9999.0 -9999.0 -9999.0 -9999.0 -9999.0 -9999.0 -9999.0 -9999.0 -9999.0 -9999.0 -9999.0 -9999.0 -9999.0 -9999.0 -9999.0 -9999.0 -9999.0 -9999.0 -9999.0 -9999.0 -9999.0 -9999.0 -9999.0 -9999.0 -9999.0 -9999.0 -9999.0 -9999.0 -9999.0 -9999.0 -9999.0 -9999.0 -9999.0 -9999.0 -9999.0 -9999.0 -9999.0 -9999.0 -9999.0 -9999.0 -9999.0 -9999.0 -9999.0 -9999.0 -9999.0 -9999.0 -9999.0 -9999.0 -9999.0 -9999.0 -9999.0 -9999.0 -9999.0 -9999.0 -9999.0 -9999.0 -9999.0 -9999.0 -9999.0 -9999.0 -9999.0 -9999.0 -9999.0 -9999.0 -9999.0 -9999.0 -9999.0 -9999.0 -9999.0 -9999.0 -9999.0 -9999.0 -9999.0
-9999.0 -9999.0 -9999.0 -9999.0 -9999.0 -9999.0 -9999.0 -9999.0 -9999.0 -9999.0 -9999.0 -9999.0 -9999.0 -9999.0 -9999.0 -9999.0 -9999.0 -9999.0 -9999.0 -9999.0 -9999.0 -9999.0 -9999.0 -9999.0 -9999.0 -9999.0 -9999.0 -9999.0 -9999.0 -9999.0 -9999.0 -9999.0 -9999.0 -9999.0 -9999.0 -9999.0 -9999.0 -9999.0 -9999.0 -9999.0 -9999.0 -9999.0 -9999.0 -9999.0 -9999.0 -9999.0 -9999.0 -9999.0 -9999.0 -9999.0 -9999.0 -9999.0 -9999.0 -9999.0 -9999.0 -9999.0 -9999.0 -9999.0 -9999.0 -9999.0 -9999.0 -9999.0 -9999.0 -9999.0 -9999.0 -9999.0 -9999.0 -9999.0 -9999.0 -9999.0 -9999.0 -9999.0 -9999.0 -9999.0 -9999.0 -9999.0 -9999.0 -9999.0 -9999.0 -9999.0