Borden_/Borden1m_014/output_maps/psiliqL0011N0026.asc
ncols         80
nrows         18
xllcorner     620200.000000
yllcorner     5168000.000000
cellsize      1.000000
NODATA_value  -9999.0
-9999.0 -9999.0 -9999.0 -9999.0 -9999.0 -9999.0 -9999.0 -9999.0 -9999.0 -9999.0 -9999.0 -9999.0 -9999.0 -9999.0 -9999.0 -9999.0 -9999.0 -9999.0 -9999.0 -9999.0 -9999.0 -9999.0 -9999.0 -9999.0 -9999.0 -9999.0 -9999.0 -9999.0 -9999.0 -9999.0 -9999.0 -9999.0 -9999.0 -9999.0 -9999.0 -9999.0 -9999.0 -9999.0 -9999.0 -9999.0 -9999.0 -9999.0 -9999.0 -9999.0 -9999.0 -9999.0 -9999.0 -9999.0 -9999.0 -9999.0 -9999.0 -9999.0 -9999.0 -9999.0 -9999.0 -9999.0 -9999.0 -9999.0 -9999.0 -9999.0 -9999.0 -9999.0 -9999.0 -9999.0 -9999.0 -9999.0 -9999.0 -9999.0 -9999.0 -9999.0 -9999.0 -9999.0 -9999.0 -9999.0 -9999.0 -9999.0 -9999.0 -9999.0 -9999.0 -9999.0
-9999.0 -9999.0 -9999.0 -9999.0 -9999.0 -9999.0 -9999.0 -9999.0 -9999.0 -9999.0 -9999.0 -9999.0 -9999.0 -9999.0 -9999.0 -9999.0 -9999.0 -9999.0 -9999.0 -9999.0 -9999.0 -9999.0 -9999.0 -9999.0 -9999.0 -9999.0 -9999.0 -9999.0 -9999.0 -9999.0 -9999.0 -9999.0 -9999.0 -9999.0 -9999.0 -9999.0 -9999.0 -9999.0 -9999.0 -9999.0 -9999.0 -9999.0 -9999.0 -9999.0 -9999.0 -9999.0 -9999.0 -9999.0 -9999.0 -9999.0 -9999.0 -9999.0 -9999.0 -9999.0 -9999.0 -9999.0 -9999.0 -9999.0 -9999.0 -9999.0 -9999.0 -9999.0 -9999.0 -9999.0 -9999.0 -9999.0 -9999.0 -9999.0 -9999.0 -9999.0 -9999.0 -9999.0 -9999.0 -9999.0 -9999.0 -9999.0 -9999.0 -9999.0 -9999.0 -9999.0
-9999.0 -9999.0 -9999.0 -9999.0 -9999.0 -9999.0 -9999.0 -9999.0 -9999.0 -9999.0 -9999.0 -9999.0 -9999.0 -9999.0 -9999.0 -9999.0 -9999.0 -9999.0 -9999.0 -9999.0 339.093002 342.098721 320.097846 286.777696 259.185652 261.917912 297.464813 339.482662 378.618363 389.847267 372.800509 375.564789 371.519653 371.564292 374.931297 381.800622 385.565186 397.298121 406.303342 406.670908 401.236397 396.441578 396.545318 400.118653 405.135559 394.639482 407.527904 422.024948 427.002154 420.639388 392.116346 375.150399 365.364827 349.211054 372.556883 383.786466 405.835689 409.326329 407.163951 379.548502 349.103973 -9999.0 -9999.0 -9999.0 -9999.0 -9999.0 -9999.0 -9999.0 -9999.0 -9999.0 -9999.0 -9999.0 -9999.0 -9999.0 -9999.0 -9999.0 -9999.0 -9999.0 -9999.0 -9999.0
-9999.0 -9999.0 -9999.0 -9999.0 -9999.0 -9999.0 -9999.0 -9999.0 -9999.0 -9999.0 -9999.0 -9999.0 -9999.0 -9999.0 247.169963 237.623953 235.225528 244.290157 278.574706 309.138573 321.716326 314.698122 315.354355 292.593075 273.059711 288.003142 318.563442 351.372303 387.380265 409.351708 398.635899 397.303009 408.566915 436.135970 450.964718 449.050018 428.790450 452.195003 469.183370 479.600688 480.243012 472.893686 487.897352 504.634540 497.681350 479.027516 481.571672 492.158524 504.478749 487.916444 421.492434 399.323084 393.661504 385.135912 369.806617 362.067519 386.085356 385.711694 376.558728 357.783764 324.721680 280.302279 261.655001 299.654133 343.254117 400.485258 -9999.0 -9999.0 -9999.0 -9999.0 -9999.0 -9999.0 -9999.0 -9999.0 -9999.0 -9999.0 -9999.0 -9999.0 -9999.0 -9999.0
-9999.0 -9999.0 -9999.0 -9999.0 -9999.0 -9999.0 -9999.0 -9999.0 -9999.0 188.579941 192.911418 200.509245 203.038805 219.182017 217.602877 225.219604 233.450666 260.799760 292.751500 328.698694 358.345386 349.896016 351.615549 364.351037 371.175726 385.205357 408.297403 451.549790 496.669584 541.722955 515.857220 515.718009 537.018632 587.437114 625.257316 635.323566 615.927029 622.276837 649.728469 676.869033 680.295184 680.853094 708.442272 723.889138 727.134024 704.602774 684.381222 680.760263 704.789116 648.928215 579.369376 523.892687 522.375786 487.531750 444.130424 420.318731 415.684853 435.325973 418.397987 379.344778 341.573947 330.300866 312.419299 328.206216 349.843813 395.823916 433.924757 461.900609 461.283252 443.504883 -9999.0 -9999.0 -9999.0 -9999.0 -9999.0 -9999.0 -9999.0 -9999.0 -9999.0 -9999.0
-9999.0 -9999.0 -9999.0 -9999.0 -9999.0 -9999.0 109.384717 118.744051 139.025115 144.524695 169.780648 177.822366 199.052229 219.174109 241.146630 259.050339 290.921926 325.228310 368.324039 414.059358 448.604815 446.580648 460.174635 496.720508 541.728512 575.298057 603.016617 647.981057 733.917075 784.398082 799.166440 807.296300 818.808605 865.717327 929.577025 949.004827 925.203394 908.697794 928.437727 967.188904 982.852639 987.453842 997.707772 1007.122000 1032.077526 1020.600365 972.720011 952.239110 946.199389 931.110473 873.852848 810.495477 767.221495 710.477621 620.601254 559.347017 559.612250 573.304457 538.908859 480.692274 435.276075 422.068839 405.089791 389.409175 393.512973 411.433823 433.148283 443.439789 429.910865 408.431775 384.946736 355.718027 357.079837 382.135863 -9999.0 -9999.0 -9999.0 -9999.0 -9999.0 -9999.0
-9999.0 -9999.0 -9999.0 -9999.0 59.286109 72.114004 60.538335 85.143113 117.848590 152.051819 185.075706 223.303801 251.821233 283.404778 326.575229 365.624202 412.015778 451.526243 511.197387 584.597048 641.505770 672.971389 696.111724 763.325922 828.817304 881.598445 902.324936 931.266165 978.118854 1045.963524 1075.947319 1084.250654 1102.447955 1134.144129 1178.875694 1211.879257 1194.115213 1185.490881 1191.416635 1203.463891 1229.949453 1232.829728 1235.233389 1237.077689 1240.192543 1238.473726 1212.584631 1177.200809 1162.991288 1154.359830 1127.566193 1061.355963 1012.525888 978.045890 945.638335 896.157210 829.752357 806.992148 743.878764 679.256696 607.323860 578.779744 542.840340 512.322107 478.205932 475.946818 476.243469 454.054674 421.161852 387.947853 372.118379 352.786116 341.780905 371.312464 388.657652 419.169239 -9999.0 -9999.0 -9999.0 -9999.0
-9999.0 -9999.0 0.286923 49.882185 106.493045 115.654725 117.764801 123.925241 152.413858 204.947380 284.160074 338.607481 385.735228 421.783328 486.650267 574.775500 657.172272 714.457816 780.038668 850.814611 913.251095 951.340495 978.099783 1019.388500 1071.312975 1128.375780 1152.849955 1179.132257 1210.632247 1244.752853 1263.141609 1278.527847 1285.930259 1286.036340 1289.330526 1289.822982 1285.056358 1278.609919 1260.535068 1257.500149 1265.266077 1269.869068 1272.290954 1259.760858 1255.840861 1268.397153 1270.448549 1268.903209 1269.047119 1276.966081 1282.987916 1247.566296 1201.793381 1184.331859 1174.310881 1132.455593 1070.675317 1022.172199 995.837824 951.949508 873.808514 819.459961 763.340710 705.521742 644.152446 605.032951 552.259730 506.139345 457.217563 409.567120 384.721885 365.477151 362.361852 362.023704 377.645009 392.824170 407.966699 415.646177 -9999.0 -9999.0
-9999.0 -100.504594 -27.844082 99.490148 179.505873 225.542282 263.841435 292.120234 320.566692 343.265734 455.280371 560.278167 657.995973 699.060952 758.110158 859.660700 958.128650 1004.339004 1041.246058 1093.349302 1150.066488 1196.603059 1226.624838 1248.276343 1279.127419 1285.786013 1286.678673 1288.647607 1283.715639 1276.674936 1267.822192 1274.662831 1271.954020 1254.211537 1239.214232 1236.215556 1229.315807 1202.668277 1173.441226 1158.355337 1161.086854 1182.421637 1170.548015 1151.527743 1148.234174 1168.792052 1186.561250 1177.821061 1167.857109 1186.857602 1221.784310 1243.574553 1256.545090 1271.529527 1291.745393 1268.058801 1237.670582 1196.061596 1175.112931 1145.455154 1084.325346 1021.538566 966.112073 903.076817 834.701413 760.701303 689.371838 621.380106 549.819910 505.462046 471.470413 418.333416 394.435159 394.628404 384.659102 381.371515 387.292500 393.498927 -9999.0 -9999.0
-9999.0 -175.907350 -32.677275 153.216028 302.233886 366.351621 481.793843 568.334547 601.211904 580.135434 698.612692 923.761192 1017.155011 1033.755238 1102.757910 1185.104057 1215.936400 1246.573564 1267.066753 1270.873876 1274.167371 1282.097077 1280.553119 1274.785337 1260.916318 1253.179080 1251.746129 1248.058029 1228.844991 1208.296076 1190.209961 1186.209171 1169.338876 1128.571355 1096.832198 1080.214950 1062.956883 1035.335297 997.490102 968.647596 953.788487 970.551839 961.955674 944.940279 941.526446 964.717931 998.291052 994.577799 1002.805042 1026.860277 1068.931906 1111.915137 1135.679534 1165.063482 1201.736752 1245.921371 1263.835886 1284.565731 1289.023580 1267.452833 1223.587083 1172.182035 1137.702133 1072.107927 998.137901 918.379479 853.447709 790.608093 716.910350 662.991787 609.323440 547.028089 486.562387 457.133381 415.792791 394.375904 -9999.0 -9999.0 -9999.0 -9999.0
-9999.0 -247.360354 -56.909257 206.678126 475.957756 604.626208 812.534578 945.746751 1012.890198 1071.636727 1083.191818 1207.930304 1238.441000 1232.798773 1224.627626 1227.811577 1242.926514 1247.227504 1244.120586 1234.579976 1225.041763 1220.953098 1218.626878 1211.451932 1198.864432 1183.393228 1169.564227 1154.667859 1112.171014 1077.368994 1043.148789 1026.662305 988.456295 898.539247 856.419117 822.736539 765.773621 753.751363 740.572682 707.646625 685.503978 666.653134 686.621216 688.470541 690.282458 697.958820 720.052057 744.274815 790.417858 829.032591 874.345685 928.075482 963.995260 1009.085938 1058.117117 1117.954637 1151.225742 1182.173828 1227.823056 1268.250971 1291.088743 1281.152644 1251.896125 1207.016183 1136.748179 1066.267558 1015.466498 942.550474 876.969729 823.784368 777.896104 722.252905 647.841344 550.126407 504.329922 -9999.0 -9999.0 -9999.0 -9999.0 -9999.0
-9999.0 -412.780814 -144.343133 149.869600 477.565377 805.182813 928.068526 1074.650690 1148.759790 1100.530833 1091.481881 1116.020997 1154.904311 1164.038327 1145.796064 1139.233366 1130.475736 1131.073948 1144.018838 1117.822065 1085.343396 1070.924635 1069.358905 1056.619030 1032.488206 1013.620812 999.072030 976.851161 926.270551 875.959704 797.778391 767.230439 687.247538 619.499855 570.838577 520.277992 466.971945 463.124167 477.383363 459.806439 436.297015 417.123559 442.992822 459.425604 471.154199 461.707569 472.168441 509.206511 560.613832 607.021380 661.402912 722.799676 774.846730 828.234877 863.694782 917.272805 966.182572 1015.091502 1090.087589 1171.045802 1207.725936 1242.578484 1276.712046 1291.330599 1241.288462 1189.453137 1135.923532 1068.827413 981.603048 936.641159 912.981142 874.746311 818.937925 -9999.0 -9999.0 -9999.0 -9999.0 -9999.0 -9999.0 -9999.0
-9999.0 -544.102315 -316.868803 -75.334763 220.435208 462.036807 654.420726 773.298796 857.054685 866.917930 886.450976 916.625032 946.958807 969.733401 948.541977 912.786968 886.730729 891.076906 889.216302 865.426197 835.776598 820.771110 818.442044 809.861058 782.142572 764.044965 750.082658 723.324159 682.330766 621.856853 537.844046 465.568272 401.206719 364.526916 332.978528 299.042128 260.594357 270.217382 283.413005 278.594473 266.454419 262.304572 291.657335 310.291122 320.485908 308.253269 327.409523 354.935316 397.594993 441.078810 491.213933 548.461270 604.955064 638.792371 657.980103 691.606489 739.907018 801.764756 890.591534 987.827704 1065.099819 1117.235464 1167.606725 1200.180122 1214.472640 1229.706767 1203.036809 1114.171287 981.295518 983.861637 986.236832 -9999.0 -9999.0 -9999.0 -9999.0 -9999.0 -9999.0 -9999.0 -9999.0 -9999.0
-9999.0 -9999.0 -553.544502 -367.307219 -214.814003 -29.508402 123.330001 234.057934 315.668551 413.565050 508.355010 587.090345 630.797985 648.917105 631.913999 593.444594 568.918048 568.901290 559.348452 546.385788 523.397699 514.204146 503.681436 494.845796 481.424291 473.244527 466.286580 453.061406 428.208727 379.203179 326.365503 273.279341 218.092246 191.922541 169.372267 146.679685 143.503765 140.787120 147.032949 148.133853 153.799402 165.697050 186.226040 207.776872 217.344303 225.057707 237.766344 261.700349 295.184104 337.043818 390.541870 447.775533 487.617409 501.283894 493.633045 501.970613 527.410351 576.603690 668.615439 765.124353 863.121687 936.444809 1009.481907 1061.547675 1079.892479 1099.744015 1112.270821 1030.790204 683.315089 906.945625 -9999.0 -9999.0 -9999.0 -9999.0 -9999.0 -9999.0 -9999.0 -9999.0 -9999.0 -9999.0
-9999.0 -9999.0 -9999.0 -9999.0 -511.492282 -353.773585 -258.375479 -174.482520 -50.423996 62.229745 156.734704 235.270023 291.176952 315.817369 306.763901 304.392805 297.224425 292.765306 283.813233 279.603839 275.170125 267.184810 254.627211 246.661686 245.862691 249.172640 246.331219 232.366553 215.106087 188.686960 165.231685 129.811881 92.713346 63.252676 49.963755 43.260033 43.252017 37.264729 46.502722 53.088510 68.006634 83.356960 107.281744 135.768695 148.696959 163.079032 172.875478 193.732089 223.991239 277.052175 339.731280 396.345766 430.879220 434.807964 409.357172 394.151299 391.940764 421.988589 472.156787 546.947431 656.190455 739.561673 808.234498 857.984189 892.498040 940.017877 988.844389 1011.339668 -9999.0 -9999.0 -9999.0 -9999.0 -9999.0 -9999.0 -9999.0 -9999.0 -9999.0 -9999.0 -9999.0 -9999.0
-9999.0 -9999.0 -9999.0 -9999.0 -9999.0 -9999.0 -564.018350 -466.584038 -380.331062 -252.984601 -134.192795 -39.705770 36.383340 63.436547 83.477294 106.954837 103.218144 85.964023 68.742348 85.772498 96.400955 91.074072 62.739283 61.338367 64.971614 73.743482 72.009761 65.544506 40.409227 49.183887 48.086854 24.758890 -1.485812 -15.860597 -27.560977 -17.731527 -17.090102 -29.908304 -27.995104 -1.742203 18.114313 31.499292 53.841292 86.980840 119.005980 133.512275 134.600394 140.834783 181.969691 252.209619 322.721198 376.530331 407.592060 414.904369 386.550128 345.737268 324.630411 331.837576 367.517826 422.863149 502.766242 557.226306 591.966872 615.160260 644.169031 743.262360 -9999.0 -9999.0 -9999.0 -9999.0 -9999.0 -9999.0 -9999.0 -9999.0 -9999.0 -9999.0 -9999.0 -9999.0 -9999.0 -9999.0
-9999.0 -9999.0 -9999.0 -9999.0 -9999.0 -9999.0 -9999.0 -9999.0 -9999.0 -9999.0 -9999.0 -9999.0 -9999.0 -9999.0 -9999.0 -9999.0 -9999.0 -9999.0 -9999.0 -9999.0 -9999.0 -9999.0 -9999.0 -9999.0 -9999.0 -9999.0 -9999.0 -9999.0 -9999.0 -9999.0 -9999.0 -9999.0 -9999.0 -9999.0 -9999.0 -9999.0 -9999.0 -9999.0 -9999.0 -9999.0 -9999.0 -9999.0 -9999.0 -9999.0 -9999.0 -9999.0 -9999.0 -9999.0 -9999.0 -9999.0 -9999.0 -9999.0 -9999.0 -9999.0 -9999.0 -9999.0 -9999.0 -9999.0 -9999.0 -9999.0 -9999.0 -9999.0 -9999.0 -9999.0 -9999.0 -9999.0 -9999.0 -9999.0 -9999.0 -9999.0 -9999.0 -9999.0 -9999.0 -9999.0 -9999.0 -9999.0 -9999.0 -9999.0 -9999.0 -9999.0
-9999.0 -9999.0 -9999.0 -9999.0 -9999.0 -9999.0 -9999.0 -9999.0 -9999.0 -9999.0 -9999.0 -9999.0 -9999.0 -9999.0 -9999.0 -9999.0 -9999.0 -9999.0 -9999.0 -9999.0 -9999.0 -9999.0 -9999.0 -9999.0 -9999.0 -9999.0 -9999.0 -9999.0 -9999.0 -9999.0 -9999.0 -9999.0 -9999.0 -9999.0 -9999.0 -9999.0 -9999.0 -9999.0 -9999.0 -9999.0 -9999.0 -9999.0 -9999.0 -9999.0 -9999.0 -9999.0 -9999.0 -9999.0 -9999.0 -9999.0 -9999.0 -9999.0 -9999.0 -9999.0 -9999.0 -9999.0 -9999.0 -9999.0 -9999.0 -9999.0 -9999.0 -9999.0 -9999.0 -9999.0 -9999.0 -9999.0 -9999.0 -9999.0 -9999.0 -9999.0 -9999.0 -9999.0 -9999.0 -9999.0 -9999.0 -9999.0 -9999.0 -9999.0 -9999.0 -9999.0