Borden_/Borden1m_014/output_maps/psiliqL0001N0027.asc
ncols         80
nrows         18
xllcorner     620200.000000
yllcorner     5168000.000000
cellsize      1.000000
NODATA_value  -9999.0
-9999.0 -9999.0 -9999.0 -9999.0 -9999.0 -9999.0 -9999.0 -9999.0 -9999.0 -9999.0 -9999.0 -9999.0 -9999.0 -9999.0 -9999.0 -9999.0 -9999.0 -9999.0 -9999.0 -9999.0 -9999.0 -9999.0 -9999.0 -9999.0 -9999.0 -9999.0 -9999.0 -9999.0 -9999.0 -9999.0 -9999.0 -9999.0 -9999.0 -9999.0 -9999.0 -9999.0 -9999.0 -9999.0 -9999.0 -9999.0 -9999.0 -9999.0 -9999.0 -9999.0 -9999.0 -9999.0 -9999.0 -9999.0 -9999.0 -9999.0 -9999.0 -9999.0 -9999.0 -9999.0 -9999.0 -9999.0 -9999.0 -9999.0 -9999.0 -9999.0 -9999.0 -9999.0 -9999.0 -9999.0 -9999.0 -9999.0 -9999.0 -9999.0 -9999.0 -9999.0 -9999.0 -9999.0 -9999.0 -9999.0 -9999.0 -9999.0 -9999.0 -9999.0 -9999.0 -9999.0
-9999.0 -9999.0 -9999.0 -9999.0 -9999.0 -9999.0 -9999.0 -9999.0 -9999.0 -9999.0 -9999.0 -9999.0 -9999.0 -9999.0 -9999.0 -9999.0 -9999.0 -9999.0 -9999.0 -9999.0 -9999.0 -9999.0 -9999.0 -9999.0 -9999.0 -9999.0 -9999.0 -9999.0 -9999.0 -9999.0 -9999.0 -9999.0 -9999.0 -9999.0 -9999.0 -9999.0 -9999.0 -9999.0 -9999.0 -9999.0 -9999.0 -9999.0 -9999.0 -9999.0 -9999.0 -9999.0 -9999.0 -9999.0 -9999.0 -9999.0 -9999.0 -9999.0 -9999.0 -9999.0 -9999.0 -9999.0 -9999.0 -9999.0 -9999.0 -9999.0 -9999.0 -9999.0 -9999.0 -9999.0 -9999.0 -9999.0 -9999.0 -9999.0 -9999.0 -9999.0 -9999.0 -9999.0 -9999.0 -9999.0 -9999.0 -9999.0 -9999.0 -9999.0 -9999.0 -9999.0
-9999.0 -9999.0 -9999.0 -9999.0 -9999.0 -9999.0 -9999.0 -9999.0 -9999.0 -9999.0 -9999.0 -9999.0 -9999.0 -9999.0 -9999.0 -9999.0 -9999.0 -9999.0 -9999.0 -9999.0 -586.181897 -585.283260 -587.183582 -589.315755 -591.111518 -591.345759 -589.334267 -587.017348 -584.329935 -583.779645 -585.979126 -585.446425 -586.322801 -586.796106 -586.829934 -586.232062 -585.956661 -585.081226 -584.524532 -584.778603 -585.440745 -585.913783 -586.378529 -586.233444 -585.480939 -586.476381 -584.985287 -583.509295 -582.978706 -582.989228 -584.997735 -585.827731 -586.119014 -587.819486 -584.738069 -583.832034 -581.532762 -581.312350 -580.870968 -583.458605 -585.976336 -9999.0 -9999.0 -9999.0 -9999.0 -9999.0 -9999.0 -9999.0 -9999.0 -9999.0 -9999.0 -9999.0 -9999.0 -9999.0 -9999.0 -9999.0 -9999.0 -9999.0 -9999.0 -9999.0
-9999.0 -9999.0 -9999.0 -9999.0 -9999.0 -9999.0 -9999.0 -9999.0 -9999.0 -9999.0 -9999.0 -9999.0 -9999.0 -9999.0 -589.575529 -590.607874 -591.088850 -591.404345 -589.602908 -588.203591 -588.171413 -589.245367 -588.358913 -590.412055 -592.212707 -591.111858 -589.574832 -588.323022 -586.200677 -584.531705 -586.085598 -586.466867 -585.623317 -582.607658 -581.245044 -581.873604 -585.398951 -582.118790 -580.423328 -579.299547 -579.439594 -581.050099 -578.771848 -576.114642 -577.473195 -580.271556 -579.727887 -578.191082 -575.572497 -576.955249 -585.597743 -586.489138 -586.035969 -585.856096 -586.992448 -587.833305 -584.733045 -585.174897 -585.682492 -586.212482 -587.982130 -590.853427 -592.129613 -589.142252 -586.464677 -580.842043 -9999.0 -9999.0 -9999.0 -9999.0 -9999.0 -9999.0 -9999.0 -9999.0 -9999.0 -9999.0 -9999.0 -9999.0 -9999.0 -9999.0
-9999.0 -9999.0 -9999.0 -9999.0 -9999.0 -9999.0 -9999.0 -9999.0 -9999.0 -591.184336 -591.492965 -591.219813 -591.914617 -591.034701 -592.546918 -592.208010 -592.474255 -591.261397 -590.283844 -588.558676 -586.203415 -587.965181 -588.190063 -586.905651 -586.688907 -586.195015 -585.165073 -581.224025 -576.584437 -569.114228 -575.442925 -575.702539 -572.267302 -558.966001 -546.188635 -541.961756 -548.971798 -549.096504 -540.586316 -529.711628 -529.487467 -530.484025 -518.062126 -509.970701 -503.823658 -516.460552 -528.219951 -530.063886 -514.963579 -539.916476 -559.062115 -573.635577 -572.780667 -577.560445 -582.659722 -584.534307 -585.251289 -581.632063 -583.013256 -586.275026 -588.891564 -588.018320 -589.483862 -588.069619 -587.087837 -582.840430 -578.956009 -575.096170 -574.898378 -577.372954 -9999.0 -9999.0 -9999.0 -9999.0 -9999.0 -9999.0 -9999.0 -9999.0 -9999.0 -9999.0
-9999.0 -9999.0 -9999.0 -9999.0 -9999.0 -9999.0 -592.883391 -593.032370 -592.489462 -594.336555 -593.089706 -594.001999 -593.074152 -592.682881 -592.103672 -592.095159 -590.519080 -589.153683 -586.777050 -583.545506 -580.475112 -582.094190 -581.287659 -576.744005 -567.317010 -558.116509 -552.250909 -541.231875 -497.504082 -442.674171 -416.408351 -402.701178 -385.317822 -359.065844 -307.390029 -239.314609 -311.202112 -331.141936 -316.655856 -275.850083 -186.477153 -185.490393 -180.631100 -173.745907 -147.795657 -152.147396 -269.961017 -299.859056 -308.653182 -316.477858 -352.647156 -391.092720 -459.036951 -511.235462 -546.851091 -563.019021 -565.968799 -563.691852 -570.000735 -578.032988 -582.680111 -582.688951 -583.574008 -585.273859 -584.520551 -582.821232 -580.121447 -578.413511 -579.716462 -581.464745 -582.760874 -585.559377 -585.115743 -582.393028 -9999.0 -9999.0 -9999.0 -9999.0 -9999.0 -9999.0
-9999.0 -9999.0 -9999.0 -9999.0 -595.667796 -594.839220 -597.342960 -595.963830 -594.902899 -594.120776 -594.153234 -592.698296 -592.324115 -591.298968 -589.038074 -587.226945 -583.971132 -581.507823 -574.372469 -558.355082 -541.551087 -530.338005 -522.944951 -461.121025 -383.590459 -349.070854 -337.232332 -315.896604 -268.776340 -140.504706 -146.877727 -109.315505 -91.612213 -67.191423 -27.814967 5.290042 -13.198103 -19.951383 -18.085975 -10.729633 12.199319 12.753426 13.394522 13.429565 15.459774 17.447943 -1.610486 -30.929776 -42.817555 -90.471694 -66.436695 -126.070197 -236.366256 -276.048554 -300.285098 -334.939684 -381.761707 -407.266193 -488.336615 -527.868689 -553.408983 -561.792429 -569.417204 -573.169554 -578.042067 -577.223734 -575.924982 -578.361161 -581.438748 -584.317258 -584.647676 -585.881881 -587.275099 -583.775412 -582.549458 -578.682012 -9999.0 -9999.0 -9999.0 -9999.0
-9999.0 -9999.0 -595.750820 -595.706609 -593.475335 -594.900175 -595.704132 -596.917583 -596.464398 -594.326388 -590.152920 -588.351397 -585.446186 -583.930390 -576.995333 -558.112273 -532.946376 -507.876821 -432.599089 -372.267198 -329.717812 -291.161334 -199.290623 -162.065201 -118.852038 -69.572216 -51.174481 -29.289510 -8.044946 17.569252 42.254124 57.321149 63.444538 56.264174 56.705836 53.243239 52.892403 48.283613 32.048327 30.000558 36.956275 39.263339 42.374464 30.367902 26.496577 39.123200 40.769801 41.941305 43.840090 51.829753 62.899352 34.016735 -17.904117 -28.268635 -30.477409 -67.979519 -127.355107 -229.031316 -260.835063 -300.020657 -361.086013 -394.486328 -465.044033 -519.720099 -545.769336 -556.782180 -567.129197 -573.272664 -578.700235 -583.566091 -585.010594 -585.865804 -585.185462 -585.685649 -583.824751 -582.414700 -580.290559 -579.489891 -9999.0 -9999.0
-9999.0 -596.298460 -597.108697 -593.114963 -592.529355 -591.731788 -590.530715 -589.504467 -588.444486 -590.133551 -578.601184 -553.984389 -525.103521 -511.793756 -448.580480 -352.788130 -195.564033 -163.015639 -139.885627 -98.205216 -53.561227 -14.506715 8.293494 40.607308 63.244212 59.497543 54.500220 54.692365 45.052543 38.236205 27.899724 35.977536 34.620763 19.920539 8.539639 7.765457 5.509521 -17.866304 -42.723668 -54.241342 -49.005393 -28.063630 -38.523661 -58.106853 -62.057906 -42.396642 -27.790829 -35.710720 -48.069372 -65.844574 -2.514161 13.299870 29.718101 43.428934 63.636115 41.506383 9.392654 -25.846002 -39.033778 -62.054300 -174.221804 -236.746425 -289.445742 -346.735465 -390.311660 -470.948580 -528.334336 -551.307482 -566.848715 -572.374353 -575.733847 -582.512437 -584.238667 -582.807268 -583.700646 -583.802217 -582.967108 -582.318919 -9999.0 -9999.0
-9999.0 -599.913862 -596.279160 -592.056815 -586.703211 -585.917315 -565.807352 -545.262186 -537.363461 -548.579391 -483.272551 -189.535624 -129.953082 -129.281996 -78.604189 -12.106945 28.008900 49.846183 61.706436 54.277775 46.383148 49.338563 43.921259 35.230207 21.593639 15.632924 14.809305 13.779691 -2.779772 -18.857869 -34.359740 -34.159433 -47.088099 -79.871758 -110.096880 -122.650843 -144.911805 -215.780359 -259.390133 -288.718441 -301.525784 -282.241415 -292.641917 -310.193982 -313.608672 -290.805099 -257.162444 -262.783474 -256.734487 -232.543445 -187.882383 -98.029767 -78.753449 -54.110705 -21.999279 13.966317 31.942029 51.175836 57.779812 33.460395 -3.265898 -46.828858 -73.711629 -186.339888 -258.520947 -332.138502 -374.168355 -405.864284 -491.129834 -527.171594 -548.029328 -563.871599 -574.456729 -576.776277 -581.682519 -582.449876 -9999.0 -9999.0 -9999.0 -9999.0
-9999.0 -599.842157 -596.223832 -588.007005 -566.961627 -529.836063 -384.851654 -266.063229 -87.244218 -145.529328 -19.639045 48.913571 56.728572 39.856767 13.446328 9.844111 18.894823 20.742671 15.956988 8.069940 -2.008281 -4.016428 -6.502306 -14.083693 -25.876684 -38.527804 -49.645165 -58.747071 -151.240684 -187.835016 -215.376244 -232.075380 -265.826090 -341.488231 -367.055537 -384.629903 -452.268205 -470.143479 -486.965024 -513.073968 -523.250464 -529.299055 -521.050429 -523.273976 -524.070792 -518.718420 -503.466309 -488.656481 -432.985157 -391.006389 -365.444099 -325.617134 -294.303719 -250.066678 -198.377189 -91.578853 -65.119112 -39.816935 -0.648721 34.339385 54.382458 47.299214 19.167793 -13.861585 -69.400582 -188.860838 -238.477363 -299.865073 -349.641400 -381.768180 -405.092133 -471.878802 -531.422790 -561.369114 -568.646022 -9999.0 -9999.0 -9999.0 -9999.0 -9999.0
-9999.0 -604.552694 -595.644777 -588.850721 -549.896189 -372.597951 -289.060564 -14.055573 36.007258 -31.458287 -150.219318 -62.418799 -30.056905 -30.163000 -54.701708 -63.864708 -69.480401 -70.422295 -58.778987 -86.270910 -167.718119 -186.236050 -188.324687 -201.449545 -225.078289 -244.871710 -259.934320 -281.149085 -330.185815 -362.607917 -406.512697 -444.808950 -517.461003 -546.621532 -559.351197 -569.720013 -578.821514 -578.646566 -575.863599 -578.363467 -580.969946 -583.695823 -580.444124 -578.956672 -577.497809 -579.292619 -578.785051 -574.179193 -566.124988 -556.679350 -540.663489 -513.609385 -466.657044 -394.657390 -372.591195 -333.048353 -291.669634 -243.222159 -169.626349 -45.344793 -19.452495 9.521179 45.124005 63.489953 25.820891 -8.762390 -61.282177 -177.450933 -266.296238 -304.422639 -324.404580 -349.534236 -383.893453 -9999.0 -9999.0 -9999.0 -9999.0 -9999.0 -9999.0 -9999.0
-9999.0 -607.577748 -597.768182 -595.890356 -583.622725 -554.247460 -485.254749 -368.110942 -197.910820 -329.133426 -343.028777 -323.341413 -298.563737 -278.651674 -300.264510 -328.045888 -345.804347 -342.365711 -340.627711 -357.102463 -376.229367 -384.160405 -384.892580 -393.567692 -432.678506 -459.490448 -474.846599 -498.959404 -524.014720 -545.476774 -568.143797 -577.765501 -584.178621 -586.380165 -587.961967 -589.612663 -592.790116 -591.077447 -589.738336 -590.104119 -591.130721 -591.917573 -589.590941 -588.798328 -588.057357 -590.228736 -588.743555 -587.396841 -584.311417 -581.084746 -576.301801 -568.870300 -558.575220 -550.220738 -543.298279 -529.203956 -499.522388 -415.162482 -354.647923 -266.921752 -192.989424 -96.868531 -48.686914 -16.645477 1.858442 11.258184 20.245000 -2.437068 -238.080987 -265.386163 -272.297866 -9999.0 -9999.0 -9999.0 -9999.0 -9999.0 -9999.0 -9999.0 -9999.0 -9999.0
-9999.0 -9999.0 -609.350820 -605.169261 -601.264876 -597.499701 -592.216190 -585.019456 -579.506847 -571.809699 -559.364359 -543.479306 -531.527654 -525.296982 -533.597041 -548.285972 -555.915228 -555.357917 -557.290783 -561.145205 -567.674292 -570.073811 -571.608067 -572.830081 -575.416438 -576.498219 -576.944538 -577.868226 -579.880798 -584.241092 -587.987385 -590.463411 -593.175688 -593.057969 -593.494841 -594.453662 -593.727196 -593.902086 -593.645285 -593.798405 -593.616312 -593.209742 -592.693022 -591.992231 -591.971885 -591.794974 -591.535382 -590.742471 -589.515741 -587.894381 -584.654914 -579.735517 -575.806280 -574.809469 -576.841446 -576.123525 -573.111638 -565.569986 -537.610898 -462.204568 -375.422113 -319.064746 -249.073478 -201.038833 -178.418322 -103.410016 -46.103613 -182.489007 -304.329643 -293.318004 -9999.0 -9999.0 -9999.0 -9999.0 -9999.0 -9999.0 -9999.0 -9999.0 -9999.0 -9999.0
-9999.0 -9999.0 -9999.0 -9999.0 -610.688873 -605.139656 -600.119481 -600.582835 -597.005436 -594.931074 -592.918091 -590.405001 -588.339993 -586.908094 -588.825054 -589.385704 -589.797984 -589.478397 -589.842604 -590.386315 -590.682812 -590.984372 -591.227732 -591.652087 -591.518709 -591.154498 -591.049166 -591.755970 -591.737265 -593.156204 -593.389498 -594.181298 -594.952948 -595.832966 -595.656714 -595.782727 -595.397910 -595.802477 -595.166085 -595.575370 -595.113373 -594.907428 -594.333309 -593.400281 -593.794849 -593.252436 -593.226922 -592.494533 -592.225564 -590.278939 -587.039138 -583.171055 -580.460208 -580.572781 -584.033557 -585.409862 -586.175953 -583.962980 -580.030208 -571.103683 -544.730843 -505.852353 -412.864077 -373.648142 -349.717864 -307.666782 -260.200576 -246.689134 -9999.0 -9999.0 -9999.0 -9999.0 -9999.0 -9999.0 -9999.0 -9999.0 -9999.0 -9999.0 -9999.0 -9999.0
-9999.0 -9999.0 -9999.0 -9999.0 -9999.0 -9999.0 -608.524592 -605.869160 -606.516205 -604.703852 -603.134981 -601.835909 -599.701192 -600.098078 -599.584822 -597.872826 -598.162562 -598.971589 -599.985216 -598.462252 -597.858148 -597.681938 -599.359931 -598.897486 -598.754286 -598.090622 -598.158689 -597.873575 -599.351074 -597.678740 -596.892108 -597.223022 -597.541671 -597.228974 -597.611760 -596.521987 -596.393622 -597.262052 -597.500248 -596.264239 -595.930090 -596.120233 -595.878096 -595.031740 -593.781040 -593.612632 -594.192471 -594.993370 -593.682498 -590.686005 -587.256104 -584.134517 -582.032526 -581.301624 -584.186006 -587.976671 -589.826070 -590.053673 -588.479064 -585.406185 -577.715115 -571.937948 -566.719408 -559.394740 -550.692743 -499.253593 -9999.0 -9999.0 -9999.0 -9999.0 -9999.0 -9999.0 -9999.0 -9999.0 -9999.0 -9999.0 -9999.0 -9999.0 -9999.0 -9999.0
-9999.0 -9999.0 -9999.0 -9999.0 -9999.0 -9999.0 -9999.0 -9999.0 -9999.0 -9999.0 -9999.0 -9999.0 -9999.0 -9999.0 -9999.0 -9999.0 -9999.0 -9999.0 -9999.0 -9999.0 -9999.0 -9999.0 -9999.0 -9999.0 -9999.0 -9999.0 -9999.0 -9999.0 -9999.0 -9999.0 -9999.0 -9999.0 -9999.0 -9999.0 -9999.0 -9999.0 -9999.0 -9999.0 -9999.0 -9999.0 -9999.0 -9999.0 -9999.0 -9999.0 -9999.0 -9999.0 -9999.0 -9999.0 -9999.0 -9999.0 -9999.0 -9999.0 -9999.0 -9999.0 -9999.0 -9999.0 -9999.0 -9999.0 -9999.0 -9999.0 -9999.0 -9999.0 -9999.0 -9999.0 -9999.0 -9999.0 -9999.0 -9999.0 -9999.0 -9999.0 -9999.0 -9999.0 -9999.0 -9999.0 -9999.0 -9999.0 -9999.0 -9999.0 -9999.0 -9999.0
-9999.0 -9999.0 -9999.0 -9999.0 -9999.0 -9999.0 -9999.0 -9999.0 -9999.0 -9999.0 -9999.0 -9999.0 -9999.0 -9999.0 -9999.0 -9999.0 -9999.0 -9999.0 -9999.0 -9999.0 -9999.0 -9999.0 -9999.0 -9999.0 -9999.0 -9999.0 -9999.0 -9999.0 -9999.0 -9999.0 -9999.0 -9999.0 -9999.0 -9999.0 -9999.0 -9999.0 -9999.0 -9999.0 -9999.0 -9999.0 -9999.0 -9999.0 -9999.0 -9999.0 -9999.0 -9999.0 -9999.0 -9999.0 -9999.0 -9999.0 -9999.0 -9999.0 -9999.0 -9999.0 -9999.0 -9999.0 -9999.0 -9999.0 -9999.0 -9999.0 -9999.0 -9999.0 -9999.0 -9999.0 -9999.0 -9999.0 -9999.0 -9999.0 -9999.0 -9999.0 -9999.0 -9999.0 -9999.0 -9999.0 -9999.0 -9999.0 -9999.0 -9999.0 -9999.0 -9999.0