Borden_/Borden1m_014/output_maps/psiliqL0011N0022.asc
ncols         80
nrows         18
xllcorner     620200.000000
yllcorner     5168000.000000
cellsize      1.000000
NODATA_value  -9999.0
-9999.0 -9999.0 -9999.0 -9999.0 -9999.0 -9999.0 -9999.0 -9999.0 -9999.0 -9999.0 -9999.0 -9999.0 -9999.0 -9999.0 -9999.0 -9999.0 -9999.0 -9999.0 -9999.0 -9999.0 -9999.0 -9999.0 -9999.0 -9999.0 -9999.0 -9999.0 -9999.0 -9999.0 -9999.0 -9999.0 -9999.0 -9999.0 -9999.0 -9999.0 -9999.0 -9999.0 -9999.0 -9999.0 -9999.0 -9999.0 -9999.0 -9999.0 -9999.0 -9999.0 -9999.0 -9999.0 -9999.0 -9999.0 -9999.0 -9999.0 -9999.0 -9999.0 -9999.0 -9999.0 -9999.0 -9999.0 -9999.0 -9999.0 -9999.0 -9999.0 -9999.0 -9999.0 -9999.0 -9999.0 -9999.0 -9999.0 -9999.0 -9999.0 -9999.0 -9999.0 -9999.0 -9999.0 -9999.0 -9999.0 -9999.0 -9999.0 -9999.0 -9999.0 -9999.0 -9999.0
-9999.0 -9999.0 -9999.0 -9999.0 -9999.0 -9999.0 -9999.0 -9999.0 -9999.0 -9999.0 -9999.0 -9999.0 -9999.0 -9999.0 -9999.0 -9999.0 -9999.0 -9999.0 -9999.0 -9999.0 -9999.0 -9999.0 -9999.0 -9999.0 -9999.0 -9999.0 -9999.0 -9999.0 -9999.0 -9999.0 -9999.0 -9999.0 -9999.0 -9999.0 -9999.0 -9999.0 -9999.0 -9999.0 -9999.0 -9999.0 -9999.0 -9999.0 -9999.0 -9999.0 -9999.0 -9999.0 -9999.0 -9999.0 -9999.0 -9999.0 -9999.0 -9999.0 -9999.0 -9999.0 -9999.0 -9999.0 -9999.0 -9999.0 -9999.0 -9999.0 -9999.0 -9999.0 -9999.0 -9999.0 -9999.0 -9999.0 -9999.0 -9999.0 -9999.0 -9999.0 -9999.0 -9999.0 -9999.0 -9999.0 -9999.0 -9999.0 -9999.0 -9999.0 -9999.0 -9999.0
-9999.0 -9999.0 -9999.0 -9999.0 -9999.0 -9999.0 -9999.0 -9999.0 -9999.0 -9999.0 -9999.0 -9999.0 -9999.0 -9999.0 -9999.0 -9999.0 -9999.0 -9999.0 -9999.0 -9999.0 338.674000 341.669175 319.654733 286.293556 258.648236 261.355204 296.899677 338.859899 377.893952 389.084206 372.066893 374.857390 370.812706 370.786232 374.025866 380.758644 384.394839 395.935376 404.676268 404.749619 399.058298 394.063333 394.010915 397.514846 402.578017 392.238787 405.344580 420.089077 425.343340 419.326378 391.141679 374.410005 364.740718 348.668244 372.064375 383.346645 405.423987 408.945431 406.823296 379.269995 348.884929 -9999.0 -9999.0 -9999.0 -9999.0 -9999.0 -9999.0 -9999.0 -9999.0 -9999.0 -9999.0 -9999.0 -9999.0 -9999.0 -9999.0 -9999.0 -9999.0 -9999.0 -9999.0 -9999.0
-9999.0 -9999.0 -9999.0 -9999.0 -9999.0 -9999.0 -9999.0 -9999.0 -9999.0 -9999.0 -9999.0 -9999.0 -9999.0 -9999.0 246.657779 237.086439 234.657843 243.706608 278.011875 308.599391 321.187401 314.146996 314.782720 292.001381 272.442859 287.365671 317.860134 350.507299 386.355116 408.314698 397.685391 396.440766 407.738446 435.156302 449.716151 447.586885 427.214876 450.392775 466.923385 476.763853 476.932503 469.244388 483.967603 500.608033 493.758714 475.325870 478.285139 489.298387 502.047216 486.123975 420.300394 398.448983 392.819333 384.313542 369.128006 361.534200 385.603731 385.256530 376.141186 357.443095 324.462968 280.048199 261.417333 299.498005 343.139769 400.357353 -9999.0 -9999.0 -9999.0 -9999.0 -9999.0 -9999.0 -9999.0 -9999.0 -9999.0 -9999.0 -9999.0 -9999.0 -9999.0 -9999.0
-9999.0 -9999.0 -9999.0 -9999.0 -9999.0 -9999.0 -9999.0 -9999.0 -9999.0 188.236331 192.515925 200.043908 202.502645 218.590909 216.989178 224.563287 232.746496 260.079142 292.048000 327.970509 357.508375 348.961245 350.640650 363.458041 370.387261 384.320634 407.142389 449.988496 494.901625 540.276110 514.809103 515.035370 536.669984 586.702302 623.721871 633.337111 613.907558 619.914435 646.248325 671.945015 674.351216 674.298592 701.465439 717.010892 720.569747 698.066683 678.607037 675.885851 700.824111 646.317707 578.341360 523.412143 521.359657 486.060027 442.946564 419.529673 415.055019 434.674698 417.705970 378.742385 341.163488 329.998378 312.168753 328.007333 349.685928 395.684889 433.843959 461.891708 461.338644 443.605025 -9999.0 -9999.0 -9999.0 -9999.0 -9999.0 -9999.0 -9999.0 -9999.0 -9999.0 -9999.0
-9999.0 -9999.0 -9999.0 -9999.0 -9999.0 -9999.0 109.217899 118.541052 138.754754 144.167655 169.312871 177.239917 198.355387 218.393569 240.308802 258.124441 289.881596 324.134187 367.238330 412.836023 447.020282 444.605865 458.112038 495.343135 541.138519 574.545761 601.603679 645.500412 731.691018 784.365705 800.595338 809.870981 822.582499 869.267073 932.194143 951.589292 927.138459 910.381758 928.743663 965.855545 980.559076 984.648214 994.644946 1004.064764 1029.186877 1017.946321 970.775954 951.673049 946.704305 932.753350 877.327524 813.872713 767.788945 708.289718 618.931629 558.838816 559.452649 572.782933 537.793078 479.472611 434.472650 421.533991 404.618390 388.967855 393.178528 411.214074 433.055734 443.472092 430.039871 408.633822 385.229209 356.031295 357.373499 382.390677 -9999.0 -9999.0 -9999.0 -9999.0 -9999.0 -9999.0
-9999.0 -9999.0 -9999.0 -9999.0 59.162221 71.969122 60.339097 84.890807 117.501662 151.545301 184.373873 222.392964 250.697198 282.170356 325.301686 364.090430 409.942403 449.351198 509.644390 583.024692 638.859912 669.128870 692.249672 763.032283 831.804450 884.659158 904.819998 932.427086 978.529060 1046.854539 1077.325482 1086.306937 1104.402890 1136.865620 1181.514335 1214.253329 1196.485557 1188.401115 1192.499133 1203.458621 1229.331415 1231.866491 1234.177658 1236.031425 1239.275073 1237.814808 1212.621442 1178.997326 1165.002236 1156.047016 1131.738130 1064.271722 1014.271521 979.390170 948.002660 899.721900 833.827679 809.835238 743.415187 677.209725 606.492752 578.579239 542.356337 511.457200 477.555203 475.559169 476.117472 454.185747 421.453080 388.325607 372.539050 353.201661 342.146431 371.600682 388.882636 419.347435 -9999.0 -9999.0 -9999.0 -9999.0
-9999.0 -9999.0 0.199729 49.792650 106.399198 115.520922 117.562353 123.576291 151.823910 204.073299 282.983383 336.970345 383.436741 419.293685 484.543050 572.338139 653.097626 710.783683 780.187263 852.712031 914.378833 951.385474 977.987858 1020.941114 1074.651418 1130.483508 1155.323690 1180.186478 1211.682319 1245.995237 1264.636401 1280.163006 1287.837802 1287.994417 1291.475778 1291.793276 1286.877811 1280.325122 1261.368667 1257.748179 1265.106444 1269.444254 1272.081483 1259.496114 1255.696730 1268.436742 1270.949756 1270.345051 1270.879849 1278.710825 1285.608869 1249.851193 1204.024342 1187.655192 1178.896444 1136.725344 1074.096217 1025.032819 997.673542 954.146078 877.789301 823.827989 765.056489 704.497030 643.343255 604.526226 552.070950 506.547278 457.905168 410.316921 385.455315 366.117038 362.867437 362.397815 377.913449 393.017038 408.105254 415.756532 -9999.0 -9999.0
-9999.0 -100.552691 -27.920653 99.422979 179.376700 225.343166 263.619764 291.545495 319.465734 341.685587 452.992108 557.093242 653.161631 694.495538 756.884160 859.980810 957.367314 1003.712348 1042.615144 1094.558478 1150.840201 1197.545298 1227.726982 1249.827076 1281.179079 1287.577784 1288.357290 1290.043471 1285.124576 1278.262043 1269.451318 1276.112729 1273.172169 1255.865126 1241.254590 1238.215481 1231.150806 1204.153656 1173.926006 1158.310577 1160.700833 1181.843462 1171.096080 1151.491761 1148.191467 1168.813202 1187.093457 1179.927412 1169.960586 1188.599766 1224.183195 1245.787312 1258.719145 1274.082892 1294.717620 1270.748529 1240.053705 1198.325946 1177.188460 1148.134382 1088.391219 1026.217356 970.230946 907.377637 839.545932 763.708243 690.429386 623.140774 551.724810 507.173692 472.994062 419.481377 395.214544 395.134120 384.998752 381.605865 387.445930 393.617761 -9999.0 -9999.0
-9999.0 -176.000460 -32.761169 153.127689 302.133196 366.169738 482.027832 567.363251 598.883774 577.268947 695.674709 922.007796 1015.806569 1032.442536 1102.659471 1185.778491 1216.567686 1247.450821 1268.615154 1272.548824 1275.887663 1283.835326 1282.502971 1276.667655 1262.777108 1254.857461 1253.282078 1249.560883 1230.635272 1210.694121 1192.870841 1187.435937 1169.607104 1130.249023 1099.474761 1082.938663 1065.194953 1036.027784 996.943549 967.445507 952.402631 968.972383 960.749293 943.989352 940.662490 963.630011 997.485104 995.147799 1005.015903 1030.084068 1072.216660 1114.549309 1138.171675 1167.712155 1204.994263 1248.285883 1265.866987 1286.571018 1291.066024 1269.946505 1227.134501 1176.541021 1141.724064 1077.043434 1004.492211 926.006726 862.486690 800.749933 724.110246 667.742108 613.178062 549.628844 487.984014 457.850809 416.230519 394.674297 -9999.0 -9999.0 -9999.0 -9999.0
-9999.0 -247.443342 -56.990926 206.564741 475.816700 604.777950 815.833322 948.162505 1014.175127 1071.552841 1082.198020 1207.411435 1238.610668 1232.953069 1225.271965 1228.966520 1244.361704 1248.936692 1246.259145 1237.068297 1227.810316 1223.358316 1222.160211 1214.122833 1201.057243 1185.144300 1171.050073 1156.221780 1114.419965 1080.294341 1046.033251 1028.317497 989.077472 900.781994 859.959171 826.133801 766.759453 752.864491 737.903597 703.158069 680.511267 661.654306 681.595729 683.509165 685.368934 693.169385 716.266871 742.604232 791.969006 832.766934 877.884779 930.707185 966.901318 1012.758867 1061.614465 1120.479192 1153.220872 1183.978025 1229.796360 1270.531102 1293.875711 1284.354133 1255.460363 1211.649377 1143.015519 1075.379618 1028.608285 960.769206 895.799507 840.750265 791.632827 730.268204 651.130660 551.000056 504.861102 -9999.0 -9999.0 -9999.0 -9999.0 -9999.0
-9999.0 -412.959605 -144.436567 149.790386 477.819971 807.737404 931.572734 1078.317595 1151.792815 1102.809153 1092.612564 1116.749792 1156.893345 1164.970291 1146.977060 1141.084870 1132.830343 1133.793946 1147.248476 1121.770268 1090.179961 1075.964327 1074.402781 1060.799894 1035.375836 1015.376168 1000.115717 977.765962 928.183948 879.149169 801.043961 768.178949 684.876109 617.804237 570.173547 519.879016 465.888484 461.520049 475.327628 457.380351 433.783978 414.628074 440.471039 456.910120 468.650711 459.246189 469.936044 507.458764 559.467445 605.940226 659.547938 720.812773 775.502867 831.714368 867.240911 919.622207 968.024596 1017.641571 1092.762956 1173.617471 1210.591515 1245.671220 1280.549906 1296.704770 1248.344110 1199.793285 1153.204783 1099.005752 1015.887004 966.462322 935.502526 889.529916 830.488891 -9999.0 -9999.0 -9999.0 -9999.0 -9999.0 -9999.0 -9999.0
-9999.0 -544.274226 -316.976917 -75.448593 220.380825 462.267110 655.305896 776.763629 860.074690 870.023367 889.148118 918.242986 947.844751 970.046275 949.567035 915.126455 890.078258 894.928849 893.603419 870.695816 842.002189 827.281166 824.613198 814.831987 784.807315 764.854813 749.362230 720.986548 679.549045 620.336017 537.244197 464.669178 399.809312 363.434162 332.249194 298.371885 259.727477 269.239948 282.351725 277.464397 265.299065 261.152325 290.525811 309.167298 319.365310 307.155114 326.358855 353.957362 396.666450 440.062601 489.872804 546.745636 603.294977 637.262321 656.000612 688.952267 738.491558 803.798162 893.388659 990.709897 1068.496168 1120.873136 1172.562585 1208.005025 1223.859751 1242.290238 1224.496910 1153.093506 1036.179026 1033.382186 1019.678040 -9999.0 -9999.0 -9999.0 -9999.0 -9999.0 -9999.0 -9999.0 -9999.0 -9999.0
-9999.0 -9999.0 -553.768040 -367.571104 -215.126718 -29.869029 122.969475 234.153438 315.673423 413.719206 508.175259 585.692467 628.201225 645.809468 629.483682 592.267010 568.571314 568.933693 559.733315 547.212697 524.608997 515.399281 504.601335 495.248761 481.091226 472.329489 464.941818 451.409822 426.627705 378.090821 325.653493 272.564027 217.301848 191.223215 168.788968 146.153328 142.956616 140.211624 146.427805 147.510977 153.166012 165.052111 185.569257 207.115344 216.683028 224.402082 237.128739 261.099224 294.622602 336.450753 389.782125 446.825168 486.550972 500.117007 492.267010 500.345755 525.853426 575.371429 667.107946 766.182290 866.257206 940.148979 1015.340942 1070.756082 1092.950390 1115.242291 1140.533618 1085.265086 737.169787 980.540682 -9999.0 -9999.0 -9999.0 -9999.0 -9999.0 -9999.0 -9999.0 -9999.0 -9999.0 -9999.0
-9999.0 -9999.0 -9999.0 -9999.0 -511.938128 -354.179417 -258.768183 -174.989089 -50.901252 61.901906 156.206658 234.475234 290.144434 314.643352 305.805830 303.790065 296.871892 292.533741 283.652639 279.518242 275.110360 267.042407 254.328192 246.184613 245.200765 248.368673 245.428141 231.418628 214.215192 187.947562 164.647377 129.316239 92.237794 62.780683 49.512735 42.823929 42.822236 36.832976 46.075388 52.664862 67.596463 82.961602 106.897703 135.380196 148.301254 162.671881 172.459471 193.303077 223.552624 276.626943 339.275076 395.766984 430.203731 434.058216 408.533867 393.253232 390.986396 420.946763 470.892170 545.793723 654.719302 739.187648 812.547761 865.440841 902.388175 953.937689 1018.790232 1063.403659 -9999.0 -9999.0 -9999.0 -9999.0 -9999.0 -9999.0 -9999.0 -9999.0 -9999.0 -9999.0 -9999.0 -9999.0
-9999.0 -9999.0 -9999.0 -9999.0 -9999.0 -9999.0 -564.508261 -467.226684 -380.979146 -253.442036 -134.615223 -40.308598 35.688788 62.772472 82.927062 106.549756 102.887920 85.624075 68.361908 85.466727 96.122942 90.730928 62.240827 60.761696 64.342925 73.091590 71.335749 64.866746 39.737790 48.593467 47.563944 24.268917 -1.940170 -16.272847 -27.935981 -18.094882 -17.443474 -30.248401 -28.335984 -2.095906 17.760577 31.152378 53.512489 86.680308 118.719080 133.223525 134.308445 140.527596 181.614184 251.843684 322.370507 376.098475 407.078935 414.338789 385.968428 345.174075 324.044461 331.182809 366.680520 421.806758 501.518267 556.156253 592.070777 616.283262 646.042444 746.577205 -9999.0 -9999.0 -9999.0 -9999.0 -9999.0 -9999.0 -9999.0 -9999.0 -9999.0 -9999.0 -9999.0 -9999.0 -9999.0 -9999.0
-9999.0 -9999.0 -9999.0 -9999.0 -9999.0 -9999.0 -9999.0 -9999.0 -9999.0 -9999.0 -9999.0 -9999.0 -9999.0 -9999.0 -9999.0 -9999.0 -9999.0 -9999.0 -9999.0 -9999.0 -9999.0 -9999.0 -9999.0 -9999.0 -9999.0 -9999.0 -9999.0 -9999.0 -9999.0 -9999.0 -9999.0 -9999.0 -9999.0 -9999.0 -9999.0 -9999.0 -9999.0 -9999.0 -9999.0 -9999.0 -9999.0 -9999.0 -9999.0 -9999.0 -9999.0 -9999.0 -9999.0 -9999.0 -9999.0 -9999.0 -9999.0 -9999.0 -9999.0 -9999.0 -9999.0 -9999.0 -9999.0 -9999.0 -9999.0 -9999.0 -9999.0 -9999.0 -9999.0 -9999.0 -9999.0 -9999.0 -9999.0 -9999.0 -9999.0 -9999.0 -9999.0 -9999.0 -9999.0 -9999.0 -9999.0 -9999.0 -9999.0 -9999.0 -9999.0 -9999.0
-9999.0 -9999.0 -9999.0 -9999.0 -9999.0 -9999.0 -9999.0 -9999.0 -9999.0 -9999.0 -9999.0 -9999.0 -9999.0 -9999.0 -9999.0 -9999.0 -9999.0 -9999.0 -9999.0 -9999.0 -9999.0 -9999.0 -9999.0 -9999.0 -9999.0 -9999.0 -9999.0 -9999.0 -9999.0 -9999.0 -9999.0 -9999.0 -9999.0 -9999.0 -9999.0 -9999.0 -9999.0 -9999.0 -9999.0 -9999.0 -9999.0 -9999.0 -9999.0 -9999.0 -9999.0 -9999.0 -9999.0 -9999.0 -9999.0 -9999.0 -9999.0 -9999.0 -9999.0 -9999.0 -9999.0 -9999.0 -9999.0 -9999.0 -9999.0 -9999.0 -9999.0 -9999.0 -9999.0 -9999.0 -9999.0 -9999.0 -9999.0 -9999.0 -9999.0 -9999.0 -9999.0 -9999.0 -9999.0 -9999.0 -9999.0 -9999.0 -9999.0 -9999.0 -9999.0 -9999.0