Borden_/Borden1m_014/output_maps/psiliqL0004N0035.asc
ncols         80
nrows         18
xllcorner     620200.000000
yllcorner     5168000.000000
cellsize      1.000000
NODATA_value  -9999.0
-9999.0 -9999.0 -9999.0 -9999.0 -9999.0 -9999.0 -9999.0 -9999.0 -9999.0 -9999.0 -9999.0 -9999.0 -9999.0 -9999.0 -9999.0 -9999.0 -9999.0 -9999.0 -9999.0 -9999.0 -9999.0 -9999.0 -9999.0 -9999.0 -9999.0 -9999.0 -9999.0 -9999.0 -9999.0 -9999.0 -9999.0 -9999.0 -9999.0 -9999.0 -9999.0 -9999.0 -9999.0 -9999.0 -9999.0 -9999.0 -9999.0 -9999.0 -9999.0 -9999.0 -9999.0 -9999.0 -9999.0 -9999.0 -9999.0 -9999.0 -9999.0 -9999.0 -9999.0 -9999.0 -9999.0 -9999.0 -9999.0 -9999.0 -9999.0 -9999.0 -9999.0 -9999.0 -9999.0 -9999.0 -9999.0 -9999.0 -9999.0 -9999.0 -9999.0 -9999.0 -9999.0 -9999.0 -9999.0 -9999.0 -9999.0 -9999.0 -9999.0 -9999.0 -9999.0 -9999.0
-9999.0 -9999.0 -9999.0 -9999.0 -9999.0 -9999.0 -9999.0 -9999.0 -9999.0 -9999.0 -9999.0 -9999.0 -9999.0 -9999.0 -9999.0 -9999.0 -9999.0 -9999.0 -9999.0 -9999.0 -9999.0 -9999.0 -9999.0 -9999.0 -9999.0 -9999.0 -9999.0 -9999.0 -9999.0 -9999.0 -9999.0 -9999.0 -9999.0 -9999.0 -9999.0 -9999.0 -9999.0 -9999.0 -9999.0 -9999.0 -9999.0 -9999.0 -9999.0 -9999.0 -9999.0 -9999.0 -9999.0 -9999.0 -9999.0 -9999.0 -9999.0 -9999.0 -9999.0 -9999.0 -9999.0 -9999.0 -9999.0 -9999.0 -9999.0 -9999.0 -9999.0 -9999.0 -9999.0 -9999.0 -9999.0 -9999.0 -9999.0 -9999.0 -9999.0 -9999.0 -9999.0 -9999.0 -9999.0 -9999.0 -9999.0 -9999.0 -9999.0 -9999.0 -9999.0 -9999.0
-9999.0 -9999.0 -9999.0 -9999.0 -9999.0 -9999.0 -9999.0 -9999.0 -9999.0 -9999.0 -9999.0 -9999.0 -9999.0 -9999.0 -9999.0 -9999.0 -9999.0 -9999.0 -9999.0 -9999.0 -604.210314 -602.307557 -607.843423 -614.613895 -620.151732 -620.538822 -614.167467 -606.452158 -597.975948 -595.973165 -601.868127 -600.775675 -602.927141 -603.899645 -603.726999 -602.035939 -601.247900 -598.483250 -596.595085 -597.116741 -599.016737 -600.503880 -601.476192 -600.858708 -598.943520 -601.730733 -597.521279 -593.106652 -591.375437 -591.935255 -598.475990 -601.512461 -602.776674 -607.262216 -599.124345 -596.136824 -589.473166 -588.509690 -587.843744 -595.340627 -602.900627 -9999.0 -9999.0 -9999.0 -9999.0 -9999.0 -9999.0 -9999.0 -9999.0 -9999.0 -9999.0 -9999.0 -9999.0 -9999.0 -9999.0 -9999.0 -9999.0 -9999.0 -9999.0 -9999.0
-9999.0 -9999.0 -9999.0 -9999.0 -9999.0 -9999.0 -9999.0 -9999.0 -9999.0 -9999.0 -9999.0 -9999.0 -9999.0 -9999.0 -617.397005 -620.086621 -621.271030 -621.468377 -615.707150 -610.791280 -609.733269 -612.467367 -610.795359 -616.684331 -621.826893 -618.679337 -613.468804 -608.448119 -601.230577 -596.077668 -600.349164 -601.396995 -598.800749 -590.347733 -586.206621 -587.664751 -596.518349 -587.967476 -582.923588 -579.704892 -580.123579 -584.063414 -578.150923 -571.369440 -574.518562 -581.751843 -580.396459 -576.117240 -569.530929 -574.126654 -597.333251 -601.167972 -600.546545 -600.779472 -604.114017 -606.222091 -597.887021 -598.495352 -600.200717 -602.903518 -609.111274 -618.150373 -621.947981 -613.130093 -604.189538 -588.006328 -9999.0 -9999.0 -9999.0 -9999.0 -9999.0 -9999.0 -9999.0 -9999.0 -9999.0 -9999.0 -9999.0 -9999.0 -9999.0 -9999.0
-9999.0 -9999.0 -9999.0 -9999.0 -9999.0 -9999.0 -9999.0 -9999.0 -9999.0 -623.691160 -624.136280 -623.246269 -624.622511 -622.020606 -625.308314 -624.253491 -624.463942 -620.406404 -616.388033 -610.326784 -603.375195 -607.680540 -608.174782 -604.787742 -603.934814 -601.857316 -597.820028 -586.089255 -572.309749 -553.631048 -568.051897 -568.734030 -559.884882 -530.640655 -502.788803 -493.787982 -508.746593 -508.220623 -488.849051 -464.836603 -463.003263 -464.342972 -438.019896 -422.741903 -414.019964 -435.692585 -460.201347 -464.118946 -437.024664 -487.433338 -531.481420 -563.474964 -562.581409 -575.197732 -589.462977 -595.370959 -596.846884 -587.689720 -591.796729 -601.671348 -609.985992 -609.086466 -613.224751 -609.002864 -604.996759 -592.265608 -580.733580 -570.296514 -569.817920 -576.215479 -9999.0 -9999.0 -9999.0 -9999.0 -9999.0 -9999.0 -9999.0 -9999.0 -9999.0 -9999.0
-9999.0 -9999.0 -9999.0 -9999.0 -9999.0 -9999.0 -630.416428 -630.417500 -628.527862 -632.402396 -628.670951 -630.370863 -627.472584 -625.720584 -623.382999 -622.453182 -617.318788 -612.237754 -604.142766 -593.736995 -584.536483 -587.958483 -585.360340 -572.763548 -550.527055 -530.538423 -516.549834 -489.668243 -408.030398 -350.076569 -327.765828 -317.765594 -306.548803 -273.012874 -217.206538 -198.809432 -219.528933 -235.349878 -216.339121 -171.784077 -101.395004 -98.327227 -92.153706 -85.021914 -58.993403 -65.605814 -165.017190 -195.847043 -206.553115 -217.763107 -263.887104 -312.700116 -368.052230 -428.860773 -503.801929 -540.839566 -545.764090 -539.339355 -555.156216 -576.444060 -589.984170 -591.116180 -594.198376 -598.608184 -596.455527 -591.000078 -583.227855 -578.658528 -582.347388 -587.840327 -592.740305 -600.746868 -599.706033 -592.088350 -9999.0 -9999.0 -9999.0 -9999.0 -9999.0 -9999.0
-9999.0 -9999.0 -9999.0 -9999.0 -638.107761 -635.889865 -642.015336 -638.120651 -634.708488 -631.759352 -630.550749 -625.711708 -623.486291 -619.557731 -612.098833 -605.514513 -595.092466 -586.491531 -566.380480 -529.368116 -491.972686 -466.435382 -446.969207 -367.854739 -301.943976 -259.958380 -243.458131 -216.759650 -167.003984 -53.305617 -47.997497 -18.208566 -27.470967 22.543743 64.414265 90.680443 49.560489 72.144407 73.981308 82.711620 107.473576 108.357463 109.559108 109.641968 111.729663 113.100794 92.143469 59.003659 49.523052 13.446100 24.645513 -37.246553 -134.908875 -173.249795 -199.492308 -242.399667 -301.587790 -327.387601 -397.069111 -460.401115 -517.403759 -535.476078 -553.266944 -563.617944 -575.925414 -574.174728 -571.353102 -577.869770 -586.904332 -595.597709 -597.706164 -601.767731 -605.273144 -595.759941 -591.537983 -581.086035 -9999.0 -9999.0 -9999.0 -9999.0
-9999.0 -9999.0 -639.708388 -638.536583 -631.870237 -634.804385 -636.751393 -639.385379 -637.340757 -630.357943 -617.255238 -609.837985 -600.173120 -594.038400 -574.117883 -530.176329 -473.155256 -420.226434 -344.708402 -286.404852 -233.169671 -189.857071 -119.149388 -85.496846 -29.421082 -10.385536 38.618849 33.714653 84.571889 113.184307 137.602305 154.131874 160.231769 151.948287 154.332838 149.896812 147.937836 145.547694 127.567594 126.405758 133.549922 135.179566 139.531696 127.023703 123.362819 135.870343 137.866290 137.257052 140.558525 146.334110 159.157754 129.011389 76.173878 63.715787 62.237853 22.960791 -41.052887 -130.535209 -159.362642 -200.481473 -274.661893 -317.589921 -375.509546 -442.270151 -497.868503 -522.598721 -547.157988 -563.208281 -578.391457 -592.298662 -597.371059 -600.730183 -599.581176 -600.304795 -595.121249 -590.753824 -585.164605 -582.776355 -9999.0 -9999.0
-9999.0 -642.957052 -643.722547 -631.548072 -627.205027 -623.396030 -618.994283 -615.240153 -611.249435 -613.182163 -580.142664 -523.294352 -458.216339 -427.499242 -357.463957 -260.506142 -111.939168 -75.679272 -48.429143 -36.739029 37.376519 69.821810 102.860076 134.442190 159.851628 152.680075 152.291086 150.778968 141.648513 135.743222 125.186908 132.397006 131.214848 116.745146 105.160253 103.885540 100.842753 76.067105 24.073232 37.872808 41.164033 36.405359 54.008653 34.318843 30.652305 50.344270 65.616276 54.839120 45.589279 37.281431 92.345157 109.602083 126.213391 139.074279 160.738914 137.659057 105.342340 68.352045 54.732878 28.354563 -73.136271 -139.264084 -192.828091 -256.363284 -311.058019 -382.043061 -458.402200 -509.402330 -545.994736 -561.052428 -570.972737 -589.127439 -594.718728 -591.785117 -594.256967 -594.614285 -592.300173 -590.367744 -9999.0 -9999.0
-9999.0 -653.275278 -642.514640 -627.694598 -608.047153 -601.085066 -552.079712 -506.406128 -487.791276 -508.457399 -392.566011 -110.228583 -43.277541 -42.083483 10.313733 78.857293 120.283812 143.182140 158.118960 146.809332 144.181715 144.597145 140.366465 134.023877 119.574801 112.294781 111.944907 109.916561 91.574918 75.770275 59.282578 34.332121 44.863536 11.836558 -21.757365 -39.379753 -80.125981 -119.612296 -158.184019 -184.809396 -197.250217 -176.870154 -187.666978 -206.963988 -210.766311 -186.389306 -153.289077 -160.189882 -155.862127 -133.601458 -87.714032 -7.714507 14.379554 38.789536 73.221728 110.482593 127.879812 147.981101 155.240163 130.005973 92.084992 46.373210 16.787154 -87.974597 -164.067777 -243.384835 -294.674557 -335.322217 -406.430015 -460.525035 -504.464276 -540.084718 -566.253863 -573.762266 -587.064786 -590.866396 -9999.0 -9999.0 -9999.0 -9999.0
-9999.0 -654.804948 -643.864130 -617.235959 -554.693655 -474.595724 -305.621999 -171.191082 -22.976217 -45.519581 60.126263 138.193960 149.380667 132.758472 107.850565 104.803009 114.827473 116.859216 113.059523 103.556325 93.306824 65.431172 84.711296 81.148567 68.539555 54.189081 43.136985 31.116121 -50.206338 -87.704015 -116.530099 -131.813259 -164.385836 -248.511226 -282.826555 -304.967388 -360.556983 -378.070897 -396.328359 -431.663066 -451.630925 -464.691227 -448.139950 -451.293619 -452.206422 -441.864870 -416.891003 -396.658001 -347.101862 -312.652037 -279.209865 -229.534221 -195.673749 -151.780532 -98.640312 -1.758748 2.461625 53.607255 94.982458 131.112697 152.196961 143.904791 115.336253 80.199046 20.556815 -93.682391 -148.974231 -220.823271 -275.245323 -310.943910 -338.062186 -390.632283 -469.677869 -535.278661 -553.190008 -9999.0 -9999.0 -9999.0 -9999.0 -9999.0
-9999.0 -670.092973 -645.370697 -622.644220 -524.263126 -291.660068 -197.368642 48.715242 109.213873 38.186116 -48.425234 24.877099 60.420711 60.164255 35.471874 24.394826 21.170958 20.388650 32.581982 -4.195973 -72.047092 -90.940405 -92.347710 -104.157118 -126.254148 -144.772897 -159.033721 -180.334199 -234.089896 -275.883595 -329.846109 -358.291528 -441.169437 -504.066177 -533.229226 -557.158080 -579.767921 -579.678004 -572.938906 -579.435413 -586.763579 -593.808167 -584.962004 -580.456128 -576.605214 -580.937196 -578.845582 -566.304568 -545.372475 -522.927416 -486.866216 -430.219805 -374.283065 -316.280852 -288.354141 -237.794822 -191.783399 -144.104346 -67.938341 46.562753 75.769379 105.625952 141.376405 159.820924 120.062170 80.113065 23.209194 -91.202028 -193.626884 -236.029937 -251.974489 -272.787271 -310.945378 -9999.0 -9999.0 -9999.0 -9999.0 -9999.0 -9999.0 -9999.0
-9999.0 -678.254903 -652.615041 -646.485163 -608.635165 -533.080655 -406.518653 -289.362321 -137.780979 -239.463928 -252.149686 -225.959768 -195.777070 -174.833916 -198.573559 -232.337534 -255.065325 -251.751815 -250.928139 -272.560446 -298.087828 -308.754869 -309.357940 -316.702998 -346.454992 -368.909777 -384.039055 -411.798161 -454.026815 -501.688050 -551.552924 -577.570009 -596.482780 -604.179906 -609.806176 -615.551454 -624.500984 -620.194506 -616.478489 -617.454917 -620.279724 -622.115134 -615.383208 -612.426185 -610.212577 -615.522500 -611.173483 -606.323048 -596.563964 -586.190698 -571.937800 -551.811693 -526.446187 -506.980068 -492.370686 -460.996924 -409.002261 -335.082374 -264.531459 -168.880562 -94.216098 -9.478360 43.797789 76.750064 93.274806 103.477637 106.075496 62.504343 -165.993670 -200.728107 -203.441681 -9999.0 -9999.0 -9999.0 -9999.0 -9999.0 -9999.0 -9999.0 -9999.0 -9999.0
-9999.0 -9999.0 -684.168925 -672.913265 -663.014721 -650.625284 -632.708204 -610.956285 -593.146256 -571.154556 -539.576225 -502.191364 -474.713185 -461.189272 -478.464122 -510.221522 -527.167505 -526.455851 -531.067501 -539.569493 -553.675062 -558.670153 -562.352152 -565.404462 -571.777810 -574.645175 -576.089867 -579.131772 -585.461034 -598.410112 -610.159295 -618.826913 -627.576473 -628.506229 -630.347416 -633.243613 -631.612637 -632.102880 -631.281929 -631.521267 -630.814845 -629.392661 -627.378526 -624.829988 -624.299859 -623.515824 -622.317797 -619.314882 -614.666185 -608.303639 -597.327327 -582.327099 -570.824506 -567.764600 -572.783635 -570.996808 -562.877055 -542.840411 -479.930965 -374.074247 -289.960330 -223.816200 -152.757874 -104.511873 -84.930354 -32.128332 29.010715 -101.454812 -255.488029 -242.323641 -9999.0 -9999.0 -9999.0 -9999.0 -9999.0 -9999.0 -9999.0 -9999.0 -9999.0 -9999.0
-9999.0 -9999.0 -9999.0 -9999.0 -689.106082 -673.170964 -659.257918 -659.584314 -648.332484 -640.027263 -631.588226 -621.875843 -613.777342 -609.071269 -613.720716 -615.131598 -616.525593 -616.214872 -617.584711 -618.922372 -619.741186 -620.814052 -622.087635 -623.381697 -623.043709 -621.970294 -621.826228 -624.007909 -624.837001 -628.952849 -630.289537 -633.280668 -636.108821 -638.873210 -638.753453 -639.085778 -638.170963 -639.265039 -637.582950 -638.269430 -636.780846 -635.869261 -633.835825 -630.753885 -631.085856 -629.327125 -628.888036 -626.426145 -624.356399 -617.156296 -606.013283 -593.473924 -584.986506 -585.023523 -594.513682 -599.073963 -601.166124 -594.496773 -582.216283 -557.130017 -495.868987 -417.418702 -333.411790 -293.201919 -266.103276 -222.107777 -181.131637 -172.744701 -9999.0 -9999.0 -9999.0 -9999.0 -9999.0 -9999.0 -9999.0 -9999.0 -9999.0 -9999.0 -9999.0 -9999.0
-9999.0 -9999.0 -9999.0 -9999.0 -9999.0 -9999.0 -682.378329 -674.369823 -676.305344 -669.455500 -662.971990 -657.559161 -650.266461 -650.204546 -648.040601 -643.096421 -643.809569 -646.338242 -649.378928 -645.129008 -643.172987 -642.947010 -647.828492 -646.687864 -646.130518 -644.294626 -644.476272 -643.941446 -648.051546 -643.623010 -641.625636 -642.894133 -644.144600 -643.599580 -644.673875 -641.884732 -641.555360 -643.854976 -644.446287 -640.970358 -639.725252 -639.859609 -638.768546 -635.901045 -632.070188 -631.166696 -632.417806 -633.993594 -629.468432 -619.441394 -607.628025 -596.943625 -590.002933 -588.121203 -596.683035 -607.969485 -613.667475 -613.905480 -608.222206 -597.489512 -574.842201 -558.048913 -543.480153 -527.793208 -506.374923 -407.935609 -9999.0 -9999.0 -9999.0 -9999.0 -9999.0 -9999.0 -9999.0 -9999.0 -9999.0 -9999.0 -9999.0 -9999.0 -9999.0 -9999.0
-9999.0 -9999.0 -9999.0 -9999.0 -9999.0 -9999.0 -9999.0 -9999.0 -9999.0 -9999.0 -9999.0 -9999.0 -9999.0 -9999.0 -9999.0 -9999.0 -9999.0 -9999.0 -9999.0 -9999.0 -9999.0 -9999.0 -9999.0 -9999.0 -9999.0 -9999.0 -9999.0 -9999.0 -9999.0 -9999.0 -9999.0 -9999.0 -9999.0 -9999.0 -9999.0 -9999.0 -9999.0 -9999.0 -9999.0 -9999.0 -9999.0 -9999.0 -9999.0 -9999.0 -9999.0 -9999.0 -9999.0 -9999.0 -9999.0 -9999.0 -9999.0 -9999.0 -9999.0 -9999.0 -9999.0 -9999.0 -9999.0 -9999.0 -9999.0 -9999.0 -9999.0 -9999.0 -9999.0 -9999.0 -9999.0 -9999.0 -9999.0 -9999.0 -9999.0 -9999.0 -9999.0 -9999.0 -9999.0 -9999.0 -9999.0 -9999.0 -9999.0 -9999.0 -9999.0 -9999.0
-9999.0 -9999.0 -9999.0 -9999.0 -9999.0 -9999.0 -9999.0 -9999.0 -9999.0 -9999.0 -9999.0 -9999.0 -9999.0 -9999.0 -9999.0 -9999.0 -9999.0 -9999.0 -9999.0 -9999.0 -9999.0 -9999.0 -9999.0 -9999.0 -9999.0 -9999.0 -9999.0 -9999.0 -9999.0 -9999.0 -9999.0 -9999.0 -9999.0 -9999.0 -9999.0 -9999.0 -9999.0 -9999.0 -9999.0 -9999.0 -9999.0 -9999.0 -9999.0 -9999.0 -9999.0 -9999.0 -9999.0 -9999.0 -9999.0 -9999.0 -9999.0 -9999.0 -9999.0 -9999.0 -9999.0 -9999.0 -9999.0 -9999.0 -9999.0 -9999.0 -9999.0 -9999.0 -9999.0 -9999.0 -9999.0 -9999.0 -9999.0 -9999.0 -9999.0 -9999.0 -9999.0 -9999.0 -9999.0 -9999.0 -9999.0 -9999.0 -9999.0 -9999.0 -9999.0 -9999.0