Borden_/Borden1m_014/output_maps/psiliqL0029N0016.asc
ncols         80
nrows         18
xllcorner     620200.000000
yllcorner     5168000.000000
cellsize      1.000000
NODATA_value  -9999.0
-9999.0 -9999.0 -9999.0 -9999.0 -9999.0 -9999.0 -9999.0 -9999.0 -9999.0 -9999.0 -9999.0 -9999.0 -9999.0 -9999.0 -9999.0 -9999.0 -9999.0 -9999.0 -9999.0 -9999.0 -9999.0 -9999.0 -9999.0 -9999.0 -9999.0 -9999.0 -9999.0 -9999.0 -9999.0 -9999.0 -9999.0 -9999.0 -9999.0 -9999.0 -9999.0 -9999.0 -9999.0 -9999.0 -9999.0 -9999.0 -9999.0 -9999.0 -9999.0 -9999.0 -9999.0 -9999.0 -9999.0 -9999.0 -9999.0 -9999.0 -9999.0 -9999.0 -9999.0 -9999.0 -9999.0 -9999.0 -9999.0 -9999.0 -9999.0 -9999.0 -9999.0 -9999.0 -9999.0 -9999.0 -9999.0 -9999.0 -9999.0 -9999.0 -9999.0 -9999.0 -9999.0 -9999.0 -9999.0 -9999.0 -9999.0 -9999.0 -9999.0 -9999.0 -9999.0 -9999.0
-9999.0 -9999.0 -9999.0 -9999.0 -9999.0 -9999.0 -9999.0 -9999.0 -9999.0 -9999.0 -9999.0 -9999.0 -9999.0 -9999.0 -9999.0 -9999.0 -9999.0 -9999.0 -9999.0 -9999.0 -9999.0 -9999.0 -9999.0 -9999.0 -9999.0 -9999.0 -9999.0 -9999.0 -9999.0 -9999.0 -9999.0 -9999.0 -9999.0 -9999.0 -9999.0 -9999.0 -9999.0 -9999.0 -9999.0 -9999.0 -9999.0 -9999.0 -9999.0 -9999.0 -9999.0 -9999.0 -9999.0 -9999.0 -9999.0 -9999.0 -9999.0 -9999.0 -9999.0 -9999.0 -9999.0 -9999.0 -9999.0 -9999.0 -9999.0 -9999.0 -9999.0 -9999.0 -9999.0 -9999.0 -9999.0 -9999.0 -9999.0 -9999.0 -9999.0 -9999.0 -9999.0 -9999.0 -9999.0 -9999.0 -9999.0 -9999.0 -9999.0 -9999.0 -9999.0 -9999.0
-9999.0 -9999.0 -9999.0 -9999.0 -9999.0 -9999.0 -9999.0 -9999.0 -9999.0 -9999.0 -9999.0 -9999.0 -9999.0 -9999.0 -9999.0 -9999.0 -9999.0 -9999.0 -9999.0 -9999.0 3925.068004 3925.622312 3904.003166 3869.686796 3841.235193 3842.814894 3875.156428 3915.458871 3954.169242 3960.731811 3941.149577 3945.076549 3940.483496 3934.988011 3934.475036 3942.300060 3949.407861 3958.651510 3965.191475 3962.385141 3954.693778 3949.693857 3952.859236 3954.100261 3960.588712 3945.173211 3961.662871 3978.201205 3982.739938 3980.530525 3957.514564 3946.432552 3938.727231 3923.223930 3950.440546 3962.225783 3986.056014 3990.985116 3989.120255 3962.679886 3932.778621 -9999.0 -9999.0 -9999.0 -9999.0 -9999.0 -9999.0 -9999.0 -9999.0 -9999.0 -9999.0 -9999.0 -9999.0 -9999.0 -9999.0 -9999.0 -9999.0 -9999.0 -9999.0 -9999.0
-9999.0 -9999.0 -9999.0 -9999.0 -9999.0 -9999.0 -9999.0 -9999.0 -9999.0 -9999.0 -9999.0 -9999.0 -9999.0 -9999.0 3835.110678 3826.450079 3823.356334 3830.142409 3862.105482 3892.170828 3903.560774 3895.882315 3895.398884 3870.116377 3846.406534 3858.346553 3887.330946 3917.196505 3950.008554 3966.368349 3955.226338 3952.272204 3958.236529 3976.051473 3982.625133 3978.621622 3961.396336 3985.847388 3998.370558 4001.698600 3999.350087 3989.145241 3996.784227 4010.347545 4003.184963 3988.353294 4000.762007 4016.529382 4026.843104 4020.049239 3963.338132 3953.225115 3950.479569 3947.355119 3934.812077 3931.894980 3961.375441 3961.223403 3954.643809 3937.988734 3904.865856 3859.694396 3841.057724 3882.602200 3926.637669 3983.111428 -9999.0 -9999.0 -9999.0 -9999.0 -9999.0 -9999.0 -9999.0 -9999.0 -9999.0 -9999.0 -9999.0 -9999.0 -9999.0 -9999.0
-9999.0 -9999.0 -9999.0 -9999.0 -9999.0 -9999.0 -9999.0 -9999.0 -9999.0 3777.814497 3783.985345 3790.634844 3792.893621 3807.599557 3803.806357 3810.335761 3813.196536 3840.161667 3868.868940 3901.593199 3927.756308 3918.159900 3916.095757 3918.007188 3909.655739 3916.018223 3935.817254 3971.486531 4000.519805 4034.391588 3999.516145 3993.777270 4010.733315 4050.397486 4070.642950 4071.032276 4052.088699 4071.117547 4094.317986 4108.416846 4104.321663 4097.476873 4124.024728 4139.819262 4131.488052 4109.130415 4110.688385 4120.049226 4150.316503 4099.363743 4032.960566 3997.701686 4016.602363 3997.605265 3974.798703 3966.297980 3968.233910 3989.068133 3978.472467 3945.666806 3913.487456 3901.922542 3885.679434 3908.237097 3932.264981 3979.185505 4019.774042 4050.144281 4049.744369 4032.710275 -9999.0 -9999.0 -9999.0 -9999.0 -9999.0 -9999.0 -9999.0 -9999.0 -9999.0 -9999.0
-9999.0 -9999.0 -9999.0 -9999.0 -9999.0 -9999.0 3699.406640 3709.991463 3730.598067 3732.361438 3758.800254 3763.170745 3781.164324 3797.396949 3818.797596 3830.194278 3853.409731 3882.144437 3916.458513 3952.222814 3978.293327 3964.737400 3968.866572 3985.179706 4008.422374 4024.465337 4046.589049 4084.287983 4156.566532 4192.368865 4181.258403 4181.170776 4189.160423 4240.182580 4304.385803 4314.147850 4293.289060 4280.720598 4305.731551 4344.238977 4340.774682 4339.413667 4353.874141 4365.333129 4392.360432 4380.414369 4344.523025 4341.187487 4350.180295 4324.921722 4252.849059 4196.678762 4181.251517 4133.846993 4049.162077 4009.211130 4037.846329 4068.405929 4048.643498 4000.140958 3969.958380 3966.061753 3956.286656 3951.403304 3965.829934 3990.075142 4014.653700 4029.381319 4017.959275 3997.371235 3976.184557 3948.357777 3951.375919 3976.400970 -9999.0 -9999.0 -9999.0 -9999.0 -9999.0 -9999.0
-9999.0 -9999.0 -9999.0 -9999.0 3650.328888 3662.916497 3647.022993 3673.093423 3704.381788 3737.322920 3763.203768 3793.103111 3814.741454 3840.081656 3870.831113 3889.103055 3918.353983 3946.384948 3991.748219 4051.188937 4093.880879 4104.805384 4112.271758 4162.436513 4218.280625 4264.423812 4283.199972 4309.701479 4357.897935 4415.012114 4436.786523 4438.843768 4455.855408 4501.797719 4561.105742 4597.106976 4578.957935 4569.402393 4580.865214 4596.357476 4618.532553 4618.552389 4619.711117 4624.517247 4633.084491 4630.711153 4602.749678 4568.686797 4555.488600 4544.731380 4503.461223 4429.423159 4400.712669 4370.382637 4323.411704 4267.382738 4224.277480 4229.382152 4173.824585 4117.774729 4070.273773 4065.522179 4047.449191 4033.460525 4018.667513 4033.273429 4047.061271 4033.032364 4003.376611 3974.691117 3962.287438 3945.147345 3933.847175 3965.438330 3983.511936 4012.817668 -9999.0 -9999.0 -9999.0 -9999.0
-9999.0 -9999.0 3591.910322 3635.916335 3692.503343 3697.341579 3688.070660 3689.496015 3714.659733 3762.526909 3821.139675 3854.398278 3879.474414 3908.969353 3957.465189 4015.241679 4072.910528 4115.109236 4174.114965 4244.538183 4303.903785 4330.029300 4338.029316 4374.406013 4430.718551 4503.109001 4532.350871 4559.812341 4593.164690 4631.610891 4618.029152 4627.857675 4641.471637 4657.124609 4674.767146 4683.330873 4677.945068 4673.226323 4654.355617 4648.698959 4655.087765 4664.063969 4662.353736 4647.287548 4643.288054 4658.693382 4665.587837 4663.060463 4659.421600 4663.706109 4656.801180 4605.310751 4593.219300 4577.120988 4563.903900 4516.331283 4447.763214 4416.648381 4393.594703 4350.795579 4276.405175 4241.315704 4203.159028 4170.141144 4134.507644 4124.249183 4093.923082 4063.007773 4025.243619 3985.202642 3966.893641 3953.471786 3953.563422 3954.356920 3972.538406 3988.335050 4004.410549 4012.534604 -9999.0 -9999.0
-9999.0 3480.193681 3550.370061 3669.980488 3746.386688 3780.455648 3782.151732 3779.554027 3803.864616 3838.226366 3920.522845 3960.653000 4043.309589 4082.578706 4121.944644 4212.059524 4309.102771 4354.087123 4395.027191 4462.344455 4531.058986 4579.557911 4606.607487 4576.892099 4618.890424 4653.970510 4663.858094 4672.176811 4673.543764 4664.894229 4658.965988 4665.418173 4662.151297 4642.336527 4625.659990 4623.674373 4620.127828 4596.254313 4568.287665 4552.166157 4552.925653 4578.589821 4564.953253 4543.303144 4538.776515 4560.866597 4583.288480 4572.226472 4558.883046 4575.660079 4611.072624 4637.625031 4636.345069 4655.565750 4676.843135 4646.700227 4627.173438 4581.691103 4564.215934 4538.333485 4479.846807 4424.842607 4376.055137 4327.822600 4276.103499 4228.893089 4181.804838 4134.988624 4082.681492 4050.419640 4027.005986 3985.784875 3974.894008 3982.359864 3978.256397 3977.029391 3983.759316 3990.392078 -9999.0 -9999.0
-9999.0 3378.747866 3515.995723 3690.741418 3831.284524 3866.973931 3918.001528 3968.515154 3979.896256 3918.466328 4020.404259 4240.580688 4371.586714 4391.502653 4470.337177 4569.945265 4543.869508 4576.616652 4601.259186 4632.383332 4657.299876 4673.461171 4672.217218 4667.583442 4650.680402 4642.579395 4641.588246 4639.335205 4621.442881 4602.043304 4584.905695 4581.285630 4562.466698 4510.432654 4476.258088 4457.701186 4436.579873 4423.813069 4397.270579 4370.698122 4353.015734 4361.571637 4361.331161 4348.835591 4344.447880 4361.883593 4392.904163 4392.310449 4406.176910 4426.224330 4461.856643 4501.279902 4520.872927 4550.631029 4586.843023 4636.783745 4644.071559 4666.907554 4669.349671 4661.039140 4612.903467 4560.151999 4530.228567 4473.853171 4414.146965 4352.315111 4302.759351 4257.877946 4202.196421 4168.966002 4130.583391 4077.217179 4036.554683 4032.046122 3999.661991 3988.069510 -9999.0 -9999.0 -9999.0 -9999.0
-9999.0 3268.948467 3444.864483 3676.835932 3976.113850 4038.440954 4243.287537 4358.281944 4395.855684 4465.749739 4321.504435 4548.621002 4608.269866 4605.039807 4627.162123 4631.405286 4646.457009 4645.426677 4640.316985 4629.022662 4619.050000 4614.180478 4613.245432 4605.257160 4592.458428 4577.640854 4565.480984 4553.581651 4515.942242 4483.164064 4441.815330 4428.717076 4381.036198 4287.616705 4248.955742 4208.453873 4145.038135 4148.905376 4159.432466 4135.994491 4115.800479 4085.004221 4116.949857 4129.828805 4134.823396 4128.332308 4136.454769 4167.518468 4217.619803 4252.756956 4291.695130 4340.314931 4371.517436 4411.076161 4450.524147 4503.417049 4535.476902 4564.815601 4615.273748 4652.654280 4675.720951 4660.665809 4643.569391 4597.029083 4536.049395 4486.268110 4456.462078 4404.848146 4360.908128 4317.613508 4271.122540 4218.377523 4156.755003 4108.763617 4075.854043 -9999.0 -9999.0 -9999.0 -9999.0 -9999.0
-9999.0 3032.395033 3293.990589 3551.450861 3813.946303 4163.428170 4351.476609 4441.997425 4507.350846 4497.217430 4527.111854 4531.736438 4569.599604 4577.900545 4556.678159 4541.907515 4522.994515 4521.904218 4535.082661 4507.111982 4476.037399 4462.241093 4463.246399 4452.577760 4428.167469 4413.332685 4404.156398 4385.044712 4341.771753 4290.388084 4204.288398 4166.939874 4085.714211 4050.933944 4015.829046 3968.866980 3925.519182 3932.664311 3959.247694 3951.630862 3931.287892 3914.752557 3945.047519 3967.008777 3980.738070 3963.358995 3969.692097 4004.210138 4050.623790 4091.130094 4134.682378 4182.564689 4225.042426 4263.548160 4282.895176 4320.841639 4363.360111 4405.411254 4476.499458 4556.992767 4594.367819 4629.938034 4657.753643 4680.147946 4636.606813 4611.260217 4586.821727 4562.490536 4515.348243 4469.420788 4428.819082 4362.666718 4303.077080 -9999.0 -9999.0 -9999.0 -9999.0 -9999.0 -9999.0 -9999.0
-9999.0 2924.988312 3107.661894 3284.757287 3520.632850 3749.123733 3982.995906 4073.051473 4144.695693 4228.376314 4289.133980 4329.403884 4355.235768 4377.472797 4355.095132 4307.260879 4274.115391 4279.407181 4269.055327 4248.757917 4221.395936 4208.857078 4205.870931 4201.513606 4180.923096 4171.478123 4165.263974 4147.686824 4123.676471 4070.635292 4000.686198 3926.383675 3874.263950 3858.201544 3837.610632 3812.537952 3788.741253 3803.018134 3815.643466 3816.886279 3811.870262 3813.273217 3842.306383 3862.570397 3871.960536 3861.560060 3879.661455 3901.964139 3937.860785 3976.672990 4020.884800 4070.554188 4118.644043 4137.370330 4137.347458 4146.182430 4172.168583 4214.491717 4290.456164 4377.067894 4457.466991 4504.092641 4555.740271 4596.819959 4626.272403 4648.798126 4673.045428 4667.519105 4640.392877 4606.319698 4546.009458 -9999.0 -9999.0 -9999.0 -9999.0 -9999.0 -9999.0 -9999.0 -9999.0 -9999.0
-9999.0 -9999.0 2884.354796 3024.645052 3103.882203 3256.171763 3392.216856 3496.868119 3602.579444 3753.802541 3882.598615 3980.372147 4028.530307 4044.444824 4031.251637 4004.712592 3988.990822 3988.447416 3976.188637 3971.368002 3958.970272 3954.552985 3942.266513 3935.185488 3933.259129 3934.388420 3933.236462 3926.189301 3911.205889 3871.554008 3838.576636 3796.630775 3752.843930 3733.015433 3716.791598 3702.049729 3708.643235 3703.857909 3709.732222 3713.521250 3724.484825 3739.486284 3758.690561 3781.793263 3791.498380 3802.255474 3812.594198 3833.546683 3862.557113 3902.211647 3953.100593 4007.610223 4042.989443 4048.780037 4029.035102 4021.888454 4027.485189 4053.883276 4114.034142 4181.684493 4273.035834 4339.652688 4406.990821 4464.000791 4491.395835 4527.807608 4599.909200 4648.076022 4692.858103 4670.325494 -9999.0 -9999.0 -9999.0 -9999.0 -9999.0 -9999.0 -9999.0 -9999.0 -9999.0 -9999.0
-9999.0 -9999.0 -9999.0 -9999.0 2881.927487 3020.788006 3114.671086 3188.861727 3322.496036 3455.305683 3562.367005 3651.309999 3723.419349 3750.040533 3753.724446 3775.204520 3775.859111 3765.572579 3754.323032 3761.659369 3769.131135 3763.692705 3746.158499 3741.078018 3747.132778 3757.412143 3757.338307 3746.402957 3730.025520 3720.798972 3712.467828 3685.021464 3655.968048 3631.077400 3621.453020 3621.087216 3622.704504 3615.510214 3624.555865 3634.803496 3651.474100 3666.808894 3690.303764 3720.368532 3735.502607 3750.100356 3758.104583 3775.661519 3803.688731 3854.666522 3915.989171 3972.405835 4006.269887 4005.981378 3976.583153 3953.622172 3939.306197 3954.778282 3981.258333 4029.326143 4117.766876 4179.604723 4222.992725 4260.198363 4296.546211 4363.414467 4460.962185 4543.810884 -9999.0 -9999.0 -9999.0 -9999.0 -9999.0 -9999.0 -9999.0 -9999.0 -9999.0 -9999.0 -9999.0 -9999.0
-9999.0 -9999.0 -9999.0 -9999.0 -9999.0 -9999.0 2859.031859 2965.134073 3020.914663 3177.706687 3328.400391 3438.060953 3522.798778 3560.909344 3598.475991 3630.803405 3632.602071 3611.687169 3588.836530 3612.361440 3634.394025 3628.167442 3595.096472 3598.258753 3607.527253 3616.780650 3615.976686 3612.468549 3590.643540 3612.315975 3621.113667 3601.639681 3579.444662 3570.012723 3560.754413 3572.554421 3574.024310 3560.321159 3559.259008 3588.384660 3610.271232 3623.226131 3643.963733 3677.203947 3709.718863 3725.479951 3725.938301 3729.737150 3764.766295 3832.164270 3903.005458 3958.162865 3989.113427 3993.265751 3961.806760 3916.160706 3889.061290 3886.414429 3908.814951 3945.727969 4005.052017 4039.622782 4047.288868 4044.416197 4053.871694 4155.789826 -9999.0 -9999.0 -9999.0 -9999.0 -9999.0 -9999.0 -9999.0 -9999.0 -9999.0 -9999.0 -9999.0 -9999.0 -9999.0 -9999.0
-9999.0 -9999.0 -9999.0 -9999.0 -9999.0 -9999.0 -9999.0 -9999.0 -9999.0 -9999.0 -9999.0 -9999.0 -9999.0 -9999.0 -9999.0 -9999.0 -9999.0 -9999.0 -9999.0 -9999.0 -9999.0 -9999.0 -9999.0 -9999.0 -9999.0 -9999.0 -9999.0 -9999.0 -9999.0 -9999.0 -9999.0 -9999.0 -9999.0 -9999.0 -9999.0 -9999.0 -9999.0 -9999.0 -9999.0 -9999.0 -9999.0 -9999.0 -9999.0 -9999.0 -9999.0 -9999.0 -9999.0 -9999.0 -9999.0 -9999.0 -9999.0 -9999.0 -9999.0 -9999.0 -9999.0 -9999.0 -9999.0 -9999.0 -9999.0 -9999.0 -9999.0 -9999.0 -9999.0 -9999.0 -9999.0 -9999.0 -9999.0 -9999.0 -9999.0 -9999.0 -9999.0 -9999.0 -9999.0 -9999.0 -9999.0 -9999.0 -9999.0 -9999.0 -9999.0 -9999.0
-9999.0 -9999.0 -9999.0 -9999.0 -9999.0 -9999.0 -9999.0 -9999.0 -9999.0 -9999.0 -9999.0 -9999.0 -9999.0 -9999.0 -9999.0 -9999.0 -9999.0 -9999.0 -9999.0 -9999.0 -9999.0 -9999.0 -9999.0 -9999.0 -9999.0 -9999.0 -9999.0 -9999.0 -9999.0 -9999.0 -9999.0 -9999.0 -9999.0 -9999.0 -9999.0 -9999.0 -9999.0 -9999.0 -9999.0 -9999.0 -9999.0 -9999.0 -9999.0 -9999.0 -9999.0 -9999.0 -9999.0 -9999.0 -9999.0 -9999.0 -9999.0 -9999.0 -9999.0 -9999.0 -9999.0 -9999.0 -9999.0 -9999.0 -9999.0 -9999.0 -9999.0 -9999.0 -9999.0 -9999.0 -9999.0 -9999.0 -9999.0 -9999.0 -9999.0 -9999.0 -9999.0 -9999.0 -9999.0 -9999.0 -9999.0 -9999.0 -9999.0 -9999.0 -9999.0 -9999.0