Borden_/Borden1m_014/output_maps/psiliqL0012N0014.asc
ncols         80
nrows         18
xllcorner     620200.000000
yllcorner     5168000.000000
cellsize      1.000000
NODATA_value  -9999.0
-9999.0 -9999.0 -9999.0 -9999.0 -9999.0 -9999.0 -9999.0 -9999.0 -9999.0 -9999.0 -9999.0 -9999.0 -9999.0 -9999.0 -9999.0 -9999.0 -9999.0 -9999.0 -9999.0 -9999.0 -9999.0 -9999.0 -9999.0 -9999.0 -9999.0 -9999.0 -9999.0 -9999.0 -9999.0 -9999.0 -9999.0 -9999.0 -9999.0 -9999.0 -9999.0 -9999.0 -9999.0 -9999.0 -9999.0 -9999.0 -9999.0 -9999.0 -9999.0 -9999.0 -9999.0 -9999.0 -9999.0 -9999.0 -9999.0 -9999.0 -9999.0 -9999.0 -9999.0 -9999.0 -9999.0 -9999.0 -9999.0 -9999.0 -9999.0 -9999.0 -9999.0 -9999.0 -9999.0 -9999.0 -9999.0 -9999.0 -9999.0 -9999.0 -9999.0 -9999.0 -9999.0 -9999.0 -9999.0 -9999.0 -9999.0 -9999.0 -9999.0 -9999.0 -9999.0 -9999.0
-9999.0 -9999.0 -9999.0 -9999.0 -9999.0 -9999.0 -9999.0 -9999.0 -9999.0 -9999.0 -9999.0 -9999.0 -9999.0 -9999.0 -9999.0 -9999.0 -9999.0 -9999.0 -9999.0 -9999.0 -9999.0 -9999.0 -9999.0 -9999.0 -9999.0 -9999.0 -9999.0 -9999.0 -9999.0 -9999.0 -9999.0 -9999.0 -9999.0 -9999.0 -9999.0 -9999.0 -9999.0 -9999.0 -9999.0 -9999.0 -9999.0 -9999.0 -9999.0 -9999.0 -9999.0 -9999.0 -9999.0 -9999.0 -9999.0 -9999.0 -9999.0 -9999.0 -9999.0 -9999.0 -9999.0 -9999.0 -9999.0 -9999.0 -9999.0 -9999.0 -9999.0 -9999.0 -9999.0 -9999.0 -9999.0 -9999.0 -9999.0 -9999.0 -9999.0 -9999.0 -9999.0 -9999.0 -9999.0 -9999.0 -9999.0 -9999.0 -9999.0 -9999.0 -9999.0 -9999.0
-9999.0 -9999.0 -9999.0 -9999.0 -9999.0 -9999.0 -9999.0 -9999.0 -9999.0 -9999.0 -9999.0 -9999.0 -9999.0 -9999.0 -9999.0 -9999.0 -9999.0 -9999.0 -9999.0 -9999.0 541.377347 544.356404 522.536619 489.396256 462.149461 465.291002 501.054589 543.137703 582.107311 592.941605 575.990440 579.572075 576.834654 578.284030 582.916982 590.930546 595.663782 607.515382 616.070597 615.518769 609.067788 603.434453 602.985240 606.028091 611.240186 601.180919 615.213669 630.519569 635.705546 629.423108 600.440958 582.516690 571.720310 554.837746 577.852021 588.528687 609.991751 612.939194 610.338663 582.505858 551.907966 -9999.0 -9999.0 -9999.0 -9999.0 -9999.0 -9999.0 -9999.0 -9999.0 -9999.0 -9999.0 -9999.0 -9999.0 -9999.0 -9999.0 -9999.0 -9999.0 -9999.0 -9999.0 -9999.0
-9999.0 -9999.0 -9999.0 -9999.0 -9999.0 -9999.0 -9999.0 -9999.0 -9999.0 -9999.0 -9999.0 -9999.0 -9999.0 -9999.0 448.470035 439.161785 437.023721 446.352086 481.001367 512.044591 524.698233 517.817959 518.635068 496.124954 477.101360 492.816870 523.905977 556.468611 591.538360 612.492827 601.843251 601.495708 614.807350 645.202039 661.864343 661.192224 642.414207 666.263697 682.154651 690.385494 688.927355 679.848305 692.857376 708.446969 701.604102 684.796958 690.325022 702.828844 715.542733 699.864592 632.834536 608.620240 601.219341 592.174223 576.601295 568.450397 591.734143 590.410858 580.775777 561.736856 528.338196 483.635561 464.576463 502.451606 545.831450 602.807977 -9999.0 -9999.0 -9999.0 -9999.0 -9999.0 -9999.0 -9999.0 -9999.0 -9999.0 -9999.0 -9999.0 -9999.0 -9999.0 -9999.0
-9999.0 -9999.0 -9999.0 -9999.0 -9999.0 -9999.0 -9999.0 -9999.0 -9999.0 389.774781 394.298319 401.988986 404.687096 420.936098 419.370704 427.253534 435.610682 463.507970 496.127900 532.945498 563.055588 554.790253 556.480993 569.346403 577.348736 593.590117 617.639050 659.332316 700.324389 741.961502 715.084375 716.525812 743.334957 803.393633 844.921643 855.822479 839.796340 847.930109 872.530756 893.520692 890.936939 887.439956 910.938439 923.863413 926.250300 908.038642 896.800586 898.566259 924.088944 870.819298 798.992429 735.618370 730.717120 696.278020 654.800160 631.067222 624.342631 641.900554 624.339016 585.291342 547.364833 535.257076 516.625157 532.180800 553.465083 599.086044 637.121326 664.839193 663.862452 645.875202 -9999.0 -9999.0 -9999.0 -9999.0 -9999.0 -9999.0 -9999.0 -9999.0 -9999.0 -9999.0
-9999.0 -9999.0 -9999.0 -9999.0 -9999.0 -9999.0 310.690193 320.286802 340.779114 346.138239 371.630832 379.702666 401.010230 421.256661 443.709722 461.990602 494.061665 528.982881 573.344844 621.217876 656.567886 653.578849 665.826859 702.068738 752.101680 793.708942 824.274695 864.943724 939.823371 981.501552 992.559952 1003.594698 1029.126028 1107.560826 1183.047486 1202.064596 1185.701974 1172.873659 1189.756800 1219.664247 1221.531073 1219.957111 1226.976832 1234.264335 1258.776181 1253.146642 1221.195621 1211.646816 1210.440133 1194.388770 1125.244607 1032.745339 979.935478 924.964489 840.584011 779.685860 773.636040 782.112086 746.803958 689.642584 644.928444 630.151319 611.688865 595.414900 599.120448 616.515024 637.683254 647.553340 633.546149 611.618931 587.917442 558.213492 559.131269 583.812728 -9999.0 -9999.0 -9999.0 -9999.0 -9999.0 -9999.0
-9999.0 -9999.0 -9999.0 -9999.0 260.514223 273.646364 262.114995 287.166799 320.174271 354.642304 387.617542 425.810561 454.288826 486.099174 529.807717 569.644724 615.603804 655.143827 717.919627 799.925157 859.091304 886.310233 903.283365 969.623357 1053.807424 1133.741719 1163.944052 1188.927559 1222.805074 1273.294696 1296.350903 1304.425431 1327.691871 1370.934108 1418.483415 1450.359118 1436.756127 1431.537730 1435.895491 1443.434847 1462.978498 1462.051970 1462.614074 1463.863860 1467.667739 1469.365107 1451.521748 1425.070042 1415.377014 1407.201218 1377.756892 1304.653162 1262.596969 1235.420793 1206.454728 1151.208110 1062.102032 1024.429022 957.839979 897.157226 827.962061 793.591770 753.443050 721.772644 686.972016 683.869086 683.652854 660.731473 626.965167 593.036198 576.458136 556.293210 544.393060 573.307799 590.124797 620.161505 -9999.0 -9999.0 -9999.0 -9999.0
-9999.0 -9999.0 200.983160 250.642345 307.913924 317.697643 320.101444 326.705816 355.521522 408.276397 486.898557 541.182675 586.991922 622.991407 689.436832 782.450567 862.125943 916.944064 991.756488 1095.016706 1169.124346 1201.865645 1215.521372 1251.594771 1308.189789 1373.598352 1400.875729 1422.804757 1445.619666 1471.034745 1483.556849 1498.170772 1508.072155 1512.372958 1517.252496 1517.782025 1515.082468 1512.058097 1495.736969 1492.429708 1498.231860 1501.507321 1503.526497 1491.168175 1487.683243 1501.269590 1506.214537 1508.654448 1511.296847 1519.268509 1523.378252 1485.662865 1445.877136 1433.508979 1426.349811 1383.869173 1318.038315 1274.157387 1253.283010 1214.587342 1133.503864 1055.161611 985.056387 925.152426 860.906576 818.568050 764.892367 717.287726 667.107769 618.216875 591.935114 571.234484 566.678515 564.952369 579.623842 594.068364 608.719757 616.156396 -9999.0 -9999.0
-9999.0 99.291129 172.196523 299.896893 381.165791 428.709171 467.636027 495.449925 523.795132 547.618263 657.977001 762.213871 856.352301 895.787679 959.897461 1087.065770 1188.087575 1233.656799 1274.083101 1336.154062 1393.913782 1434.173699 1456.435109 1472.022931 1504.447940 1515.321713 1518.238673 1520.191258 1514.060505 1504.898537 1494.725540 1501.512733 1500.212009 1484.439531 1469.159678 1464.076993 1458.660394 1438.685158 1415.786767 1404.612113 1407.972219 1428.822963 1418.699805 1400.709077 1397.500135 1416.251755 1433.240294 1426.895649 1418.464786 1436.890743 1469.588768 1488.172449 1499.579239 1514.883919 1534.237898 1508.201927 1477.894155 1440.543030 1425.608463 1402.479485 1351.089846 1289.114298 1234.537156 1170.838537 1083.642501 992.063551 915.686656 841.810299 767.432170 721.079963 684.142990 628.116068 601.848432 599.396195 587.661025 583.145363 588.177776 594.053414 -9999.0 -9999.0
-9999.0 22.450617 165.958547 352.722733 504.410350 572.835068 693.820707 779.458259 807.346822 783.995590 898.762899 1139.773114 1238.789671 1254.987006 1324.291205 1413.102618 1441.246249 1472.110322 1493.827706 1501.416967 1505.621222 1511.121570 1506.723191 1500.047249 1487.281809 1482.065716 1483.495954 1483.263097 1468.961324 1451.215110 1432.613644 1428.509437 1413.722225 1375.850896 1341.281186 1314.404268 1294.468659 1276.115075 1247.932457 1226.094935 1214.460774 1231.294682 1224.490629 1209.354154 1205.726431 1225.505111 1255.351407 1251.956464 1262.570183 1290.421764 1336.780687 1374.838845 1394.577113 1421.132142 1453.717634 1491.138538 1504.785998 1525.052993 1529.852821 1511.024180 1472.983008 1428.187300 1401.263629 1348.374292 1279.847504 1202.350680 1129.676400 1040.348720 955.124393 897.405454 835.762863 765.626940 700.390076 664.899772 620.088647 596.991460 -9999.0 -9999.0 -9999.0 -9999.0
-9999.0 -51.103631 139.327886 403.498360 680.600686 820.423525 1059.293688 1192.693981 1245.160179 1306.376678 1303.965468 1435.804743 1468.497908 1462.546415 1456.835894 1462.314929 1478.378392 1482.561028 1479.255872 1470.020132 1460.499274 1454.548977 1451.445573 1444.288216 1434.341249 1423.120810 1414.464554 1406.822400 1375.537276 1342.489287 1299.237765 1280.034060 1244.643191 1158.091830 1104.532707 1039.935418 967.122803 955.606445 947.477506 919.822150 901.472277 883.656493 904.301194 907.399843 909.069612 913.697252 932.213749 956.833041 1008.355353 1062.892493 1135.465453 1196.778137 1232.263218 1277.667477 1328.766403 1380.710693 1407.408803 1433.581647 1475.356797 1511.025788 1533.637621 1525.144510 1500.927774 1465.385623 1407.773879 1354.375380 1313.810029 1244.064148 1182.032164 1121.549836 1046.362330 965.997011 881.331699 762.409069 710.508833 -9999.0 -9999.0 -9999.0 -9999.0 -9999.0
-9999.0 -220.722621 48.202749 343.332544 676.774715 1034.447647 1177.479989 1315.868942 1385.541058 1348.318996 1350.470551 1370.439214 1407.042303 1413.685874 1397.724754 1394.108020 1386.760157 1387.192697 1398.490299 1370.805919 1335.782468 1315.286812 1310.690640 1297.856430 1276.046547 1261.598349 1252.621381 1237.087506 1192.701884 1133.354629 1023.079522 979.880870 899.822770 837.815281 786.529267 726.679752 668.665370 664.544488 680.446138 665.107955 643.201348 624.972263 651.289987 668.272700 680.013096 669.501728 679.029274 716.090482 769.111990 820.243042 881.150217 942.758614 996.463748 1062.414598 1125.301579 1186.215630 1232.437968 1278.625929 1353.954528 1426.866953 1459.733324 1490.866181 1524.340366 1542.768998 1499.033529 1459.231939 1421.554338 1375.916406 1309.701070 1274.420774 1243.246010 1186.761862 1124.720682 -9999.0 -9999.0 -9999.0 -9999.0 -9999.0 -9999.0 -9999.0
-9999.0 -351.100642 -125.609414 114.205171 411.210647 661.596046 863.783926 1007.451190 1097.510054 1127.773988 1158.340759 1187.818138 1214.681601 1235.437811 1217.223105 1185.289921 1161.435639 1165.304761 1159.383847 1126.223843 1074.609912 1038.444824 1027.506636 1015.097787 985.436248 968.509997 957.377755 934.868001 899.408370 839.223815 747.950051 671.038796 606.556136 571.072446 538.473143 502.194892 462.781307 472.140093 485.494540 481.508987 470.228243 466.722283 496.317067 515.234118 525.424734 513.178757 532.290570 559.895171 603.167162 648.247994 700.278664 757.981210 815.025876 852.414135 879.113627 913.686424 960.687101 1031.172648 1147.532461 1252.541918 1335.693610 1383.318100 1430.647602 1464.017586 1478.985102 1497.712807 1480.798939 1410.360744 1302.033863 1331.431279 1341.736044 -9999.0 -9999.0 -9999.0 -9999.0 -9999.0 -9999.0 -9999.0 -9999.0 -9999.0
-9999.0 -9999.0 -362.214867 -177.567692 -27.507299 159.128409 315.078238 432.588983 521.494148 629.148986 730.739301 810.498032 852.222438 869.090830 854.770512 820.499566 798.098482 797.462108 785.314385 767.612577 736.354416 719.648188 705.154114 694.667680 681.291952 674.031020 668.381734 656.850253 633.777956 585.021436 530.982481 476.622220 421.183112 394.811775 371.813890 348.617267 345.333825 342.225739 348.452283 349.858842 356.006728 368.237305 388.813694 410.536097 420.158877 428.070725 440.746586 464.796693 498.630171 541.328871 595.781812 653.719240 694.317782 709.468154 703.994076 713.165528 738.920679 791.029082 889.683447 994.656561 1124.379360 1208.618675 1285.195140 1347.031434 1368.846163 1387.115413 1405.498466 1334.726871 941.745477 1245.008647 -9999.0 -9999.0 -9999.0 -9999.0 -9999.0 -9999.0 -9999.0 -9999.0 -9999.0 -9999.0
-9999.0 -9999.0 -9999.0 -9999.0 -321.981706 -164.060876 -67.229931 17.954486 145.526554 262.175940 360.111537 440.428339 497.799037 522.954938 515.366861 515.145031 508.526721 503.060317 492.523656 486.703171 479.960051 469.513063 455.095418 446.512650 445.839404 449.640011 447.252404 433.806137 416.775977 391.042940 367.649809 331.861773 294.562043 264.852363 251.328089 244.578699 244.376065 238.177715 247.375971 254.217511 269.328581 284.790594 308.813248 337.491449 350.614446 365.071380 374.866321 395.719890 426.172014 479.631677 542.963115 600.265918 635.554598 640.358065 616.097510 601.762536 600.369576 632.075554 684.768716 763.233757 880.622657 967.600991 1049.184492 1134.276849 1185.027085 1237.573409 1307.498185 1339.689825 -9999.0 -9999.0 -9999.0 -9999.0 -9999.0 -9999.0 -9999.0 -9999.0 -9999.0 -9999.0 -9999.0 -9999.0
-9999.0 -9999.0 -9999.0 -9999.0 -9999.0 -9999.0 -373.119334 -273.832665 -188.128150 -56.952342 65.132428 162.145133 239.410284 267.623198 289.169573 313.576756 310.000732 291.873859 273.379147 289.712948 299.712941 293.127521 263.648315 262.045730 265.818903 274.632370 273.036747 266.800266 241.795888 251.065217 250.129181 226.601698 200.229915 185.812411 173.963841 183.647157 184.153480 171.194174 172.907449 199.314867 219.313324 232.726128 255.044963 288.287366 320.446655 335.107125 336.256340 342.508180 383.533171 453.940066 525.017142 579.491083 611.194200 619.147827 591.616468 551.559248 531.355508 539.919501 577.665371 635.583395 719.024004 777.023379 818.819451 855.566994 890.450030 986.885352 -9999.0 -9999.0 -9999.0 -9999.0 -9999.0 -9999.0 -9999.0 -9999.0 -9999.0 -9999.0 -9999.0 -9999.0 -9999.0 -9999.0
-9999.0 -9999.0 -9999.0 -9999.0 -9999.0 -9999.0 -9999.0 -9999.0 -9999.0 -9999.0 -9999.0 -9999.0 -9999.0 -9999.0 -9999.0 -9999.0 -9999.0 -9999.0 -9999.0 -9999.0 -9999.0 -9999.0 -9999.0 -9999.0 -9999.0 -9999.0 -9999.0 -9999.0 -9999.0 -9999.0 -9999.0 -9999.0 -9999.0 -9999.0 -9999.0 -9999.0 -9999.0 -9999.0 -9999.0 -9999.0 -9999.0 -9999.0 -9999.0 -9999.0 -9999.0 -9999.0 -9999.0 -9999.0 -9999.0 -9999.0 -9999.0 -9999.0 -9999.0 -9999.0 -9999.0 -9999.0 -9999.0 -9999.0 -9999.0 -9999.0 -9999.0 -9999.0 -9999.0 -9999.0 -9999.0 -9999.0 -9999.0 -9999.0 -9999.0 -9999.0 -9999.0 -9999.0 -9999.0 -9999.0 -9999.0 -9999.0 -9999.0 -9999.0 -9999.0 -9999.0
-9999.0 -9999.0 -9999.0 -9999.0 -9999.0 -9999.0 -9999.0 -9999.0 -9999.0 -9999.0 -9999.0 -9999.0 -9999.0 -9999.0 -9999.0 -9999.0 -9999.0 -9999.0 -9999.0 -9999.0 -9999.0 -9999.0 -9999.0 -9999.0 -9999.0 -9999.0 -9999.0 -9999.0 -9999.0 -9999.0 -9999.0 -9999.0 -9999.0 -9999.0 -9999.0 -9999.0 -9999.0 -9999.0 -9999.0 -9999.0 -9999.0 -9999.0 -9999.0 -9999.0 -9999.0 -9999.0 -9999.0 -9999.0 -9999.0 -9999.0 -9999.0 -9999.0 -9999.0 -9999.0 -9999.0 -9999.0 -9999.0 -9999.0 -9999.0 -9999.0 -9999.0 -9999.0 -9999.0 -9999.0 -9999.0 -9999.0 -9999.0 -9999.0 -9999.0 -9999.0 -9999.0 -9999.0 -9999.0 -9999.0 -9999.0 -9999.0 -9999.0 -9999.0 -9999.0 -9999.0