Borden_/Borden1m_014/output_maps/psiliqL0001N0020.asc
ncols         80
nrows         18
xllcorner     620200.000000
yllcorner     5168000.000000
cellsize      1.000000
NODATA_value  -9999.0
-9999.0 -9999.0 -9999.0 -9999.0 -9999.0 -9999.0 -9999.0 -9999.0 -9999.0 -9999.0 -9999.0 -9999.0 -9999.0 -9999.0 -9999.0 -9999.0 -9999.0 -9999.0 -9999.0 -9999.0 -9999.0 -9999.0 -9999.0 -9999.0 -9999.0 -9999.0 -9999.0 -9999.0 -9999.0 -9999.0 -9999.0 -9999.0 -9999.0 -9999.0 -9999.0 -9999.0 -9999.0 -9999.0 -9999.0 -9999.0 -9999.0 -9999.0 -9999.0 -9999.0 -9999.0 -9999.0 -9999.0 -9999.0 -9999.0 -9999.0 -9999.0 -9999.0 -9999.0 -9999.0 -9999.0 -9999.0 -9999.0 -9999.0 -9999.0 -9999.0 -9999.0 -9999.0 -9999.0 -9999.0 -9999.0 -9999.0 -9999.0 -9999.0 -9999.0 -9999.0 -9999.0 -9999.0 -9999.0 -9999.0 -9999.0 -9999.0 -9999.0 -9999.0 -9999.0 -9999.0
-9999.0 -9999.0 -9999.0 -9999.0 -9999.0 -9999.0 -9999.0 -9999.0 -9999.0 -9999.0 -9999.0 -9999.0 -9999.0 -9999.0 -9999.0 -9999.0 -9999.0 -9999.0 -9999.0 -9999.0 -9999.0 -9999.0 -9999.0 -9999.0 -9999.0 -9999.0 -9999.0 -9999.0 -9999.0 -9999.0 -9999.0 -9999.0 -9999.0 -9999.0 -9999.0 -9999.0 -9999.0 -9999.0 -9999.0 -9999.0 -9999.0 -9999.0 -9999.0 -9999.0 -9999.0 -9999.0 -9999.0 -9999.0 -9999.0 -9999.0 -9999.0 -9999.0 -9999.0 -9999.0 -9999.0 -9999.0 -9999.0 -9999.0 -9999.0 -9999.0 -9999.0 -9999.0 -9999.0 -9999.0 -9999.0 -9999.0 -9999.0 -9999.0 -9999.0 -9999.0 -9999.0 -9999.0 -9999.0 -9999.0 -9999.0 -9999.0 -9999.0 -9999.0 -9999.0 -9999.0
-9999.0 -9999.0 -9999.0 -9999.0 -9999.0 -9999.0 -9999.0 -9999.0 -9999.0 -9999.0 -9999.0 -9999.0 -9999.0 -9999.0 -9999.0 -9999.0 -9999.0 -9999.0 -9999.0 -9999.0 -543.873146 -542.929917 -544.717287 -546.687954 -548.401753 -548.672283 -546.788463 -544.709740 -542.285285 -541.869626 -543.999726 -543.408617 -544.286507 -544.829618 -544.926489 -544.343387 -544.052737 -543.288196 -542.831930 -543.118948 -543.744267 -544.159681 -544.623554 -544.535082 -543.780745 -544.771132 -543.346365 -542.009510 -541.577514 -541.475960 -543.170697 -543.812292 -544.019831 -545.710011 -542.668180 -541.898719 -539.803367 -539.663501 -539.166030 -541.511782 -543.810812 -9999.0 -9999.0 -9999.0 -9999.0 -9999.0 -9999.0 -9999.0 -9999.0 -9999.0 -9999.0 -9999.0 -9999.0 -9999.0 -9999.0 -9999.0 -9999.0 -9999.0 -9999.0 -9999.0
-9999.0 -9999.0 -9999.0 -9999.0 -9999.0 -9999.0 -9999.0 -9999.0 -9999.0 -9999.0 -9999.0 -9999.0 -9999.0 -9999.0 -546.649596 -547.698352 -548.202103 -548.620788 -546.931294 -545.695735 -545.816552 -546.905838 -545.917131 -547.927218 -549.731129 -548.648173 -547.252471 -546.260588 -544.426324 -542.955400 -544.419123 -544.782003 -544.047784 -541.294037 -540.157711 -540.789803 -544.199343 -541.040158 -539.581422 -538.627065 -538.753590 -540.310790 -538.226135 -535.788163 -537.097522 -539.677518 -539.109271 -537.722832 -535.327115 -536.340138 -544.304079 -544.862258 -544.330587 -544.022772 -545.084218 -545.912248 -542.874691 -543.408727 -543.835468 -544.138684 -545.660392 -548.351950 -549.606421 -546.682528 -544.306548 -539.126169 -9999.0 -9999.0 -9999.0 -9999.0 -9999.0 -9999.0 -9999.0 -9999.0 -9999.0 -9999.0 -9999.0 -9999.0 -9999.0 -9999.0
-9999.0 -9999.0 -9999.0 -9999.0 -9999.0 -9999.0 -9999.0 -9999.0 -9999.0 -548.025308 -548.376744 -548.118206 -548.891645 -548.025421 -549.690736 -549.362512 -549.730901 -548.590030 -547.805117 -546.297763 -544.088862 -545.877677 -546.126884 -544.914993 -544.835299 -544.508941 -543.724830 -540.227929 -536.318390 -529.614177 -535.614648 -535.851521 -532.694431 -520.026871 -508.857737 -505.735212 -511.366724 -511.483284 -504.319514 -495.605717 -496.173401 -497.090506 -487.551937 -481.935679 -477.583319 -486.491687 -494.708771 -496.091381 -484.075984 -503.749502 -520.081536 -533.903080 -532.918751 -537.109214 -541.585895 -543.118072 -543.857022 -540.360937 -541.560532 -544.469937 -546.813008 -545.746569 -547.177984 -545.799764 -545.041722 -541.178888 -537.767485 -534.323726 -534.151498 -536.397155 -9999.0 -9999.0 -9999.0 -9999.0 -9999.0 -9999.0 -9999.0 -9999.0 -9999.0 -9999.0
-9999.0 -9999.0 -9999.0 -9999.0 -9999.0 -9999.0 -549.493851 -549.689004 -549.174756 -551.259324 -549.996474 -551.055666 -550.158698 -549.861867 -549.361733 -549.505561 -548.071209 -546.922865 -544.877964 -542.093452 -539.421232 -541.141214 -540.495117 -536.517358 -527.538208 -519.007676 -514.012193 -504.962086 -472.766057 -431.382396 -402.088553 -382.441658 -342.169623 -322.508693 -286.451145 -214.113356 -290.266612 -304.476481 -295.341760 -267.660728 -183.121160 -182.475327 -177.825160 -170.862997 -145.063400 -149.428019 -263.872572 -284.487922 -289.277794 -292.507060 -317.208678 -346.950651 -445.324768 -482.047167 -509.657395 -523.650249 -526.511432 -525.033746 -530.468950 -537.522035 -541.531476 -541.314129 -542.007153 -543.606685 -542.854854 -541.373789 -538.961156 -537.388367 -538.538238 -540.011572 -540.967923 -543.563616 -543.104710 -540.559598 -9999.0 -9999.0 -9999.0 -9999.0 -9999.0 -9999.0
-9999.0 -9999.0 -9999.0 -9999.0 -552.387353 -551.510727 -554.254253 -552.799721 -551.753282 -551.040525 -551.273874 -549.929905 -549.736229 -548.872331 -546.858315 -545.444939 -542.652283 -540.701711 -534.479157 -519.507032 -504.889313 -495.957963 -491.431328 -447.971955 -342.268053 -314.767096 -307.231689 -294.554140 -261.571803 -137.308622 -112.341331 -137.867734 -121.306263 -64.429706 -34.283021 6.056296 -19.540633 -17.302913 -50.781495 -8.339245 14.595390 15.154852 15.789561 15.918509 17.952315 19.921565 0.933386 -28.972261 -79.035989 -46.842805 -99.170878 -123.350569 -230.568270 -266.329093 -281.569460 -304.731317 -338.901392 -374.713214 -467.421035 -494.182212 -515.248164 -523.018443 -530.075623 -533.182198 -537.562580 -536.671340 -535.325448 -537.476404 -540.153959 -542.680637 -542.779613 -543.845031 -545.254018 -541.879337 -540.878127 -537.317726 -9999.0 -9999.0 -9999.0 -9999.0
-9999.0 -9999.0 -552.304859 -552.428122 -550.163075 -551.789266 -552.726123 -554.098153 -553.724420 -551.652980 -547.744097 -546.433464 -543.996038 -542.876698 -536.752561 -519.221745 -498.451300 -480.649973 -417.354966 -334.379658 -303.508175 -278.531119 -194.139567 -160.471078 -143.956277 -67.677823 -82.780328 -27.657175 -5.353699 20.199179 45.058072 59.664355 65.200195 59.083927 58.557042 56.004354 55.092211 50.876959 34.471240 32.345535 39.385188 41.521190 44.770639 32.716932 28.972395 41.271454 43.264615 43.887699 46.032508 54.342552 64.725900 36.530363 -15.533740 -26.242864 -66.360625 -66.019533 -123.128782 -218.749430 -251.744956 -281.312603 -322.212855 -347.820783 -449.657046 -488.299766 -509.234761 -519.092559 -528.072053 -533.292232 -537.917001 -542.237568 -543.381971 -544.004310 -543.228288 -543.818118 -542.055259 -540.824694 -538.823286 -538.130588 -9999.0 -9999.0
-9999.0 -552.731530 -553.797586 -549.815549 -549.587858 -549.049649 -548.211745 -547.510582 -546.611640 -548.556898 -537.978628 -515.984756 -492.174537 -483.310571 -436.158638 -324.665876 -192.906443 -162.453391 -162.013359 -96.767045 -87.084742 -12.250407 10.416349 43.016444 65.360973 61.378605 56.982854 56.434860 47.565529 40.551304 30.399704 38.146162 37.187183 22.465564 11.201099 9.860620 7.473070 -15.171661 -76.347783 -52.133753 -46.508137 -25.759895 -73.464730 -55.696013 -59.518181 -77.800402 -25.540574 -33.787502 -79.401122 -30.657331 -25.932243 15.606173 31.854692 45.634049 65.324557 43.564958 11.359250 -50.782133 -37.252989 -59.700050 -160.751760 -220.239690 -270.600425 -312.548755 -345.010220 -454.123219 -495.134645 -514.623188 -527.990083 -532.561538 -535.268985 -541.382433 -542.767708 -541.223470 -542.029365 -542.107861 -541.332745 -540.757153 -9999.0 -9999.0
-9999.0 -556.728405 -552.992781 -549.081766 -544.450318 -544.590108 -525.630802 -507.720977 -502.301923 -512.218584 -463.484270 -187.142246 -166.176925 -126.876764 -75.505429 -9.345334 30.603011 51.344021 64.611373 55.904024 48.962761 51.579428 46.191100 37.515500 23.859176 18.075708 17.085472 16.315229 0.425772 -16.413504 -31.688507 -31.905790 -44.397680 -76.905868 -104.566268 -116.845907 -128.027098 -212.446592 -255.360269 -278.158310 -286.590225 -271.073495 -279.006685 -291.460385 -294.088339 -278.598204 -252.461415 -256.047718 -245.635972 -217.768208 -175.539356 -94.725274 -76.450146 -51.971373 -45.017880 16.038770 34.012852 53.178507 59.552980 35.584874 -25.983796 -45.025265 -71.099432 -172.838734 -237.384414 -299.869254 -330.186449 -357.497063 -468.372849 -493.466517 -511.057294 -525.219469 -534.465161 -536.115623 -540.513296 -540.855863 -9999.0 -9999.0 -9999.0 -9999.0
-9999.0 -556.704581 -553.078375 -545.368591 -526.640443 -493.959425 -339.834990 -248.837877 -74.345595 -140.654215 -17.112375 51.373963 58.895315 42.370082 15.924117 12.283086 21.477105 23.362986 18.151163 10.452276 4.909674 -1.703492 -4.342178 -39.941281 -23.768878 -35.708823 -46.904594 -55.415364 -142.224506 -175.629472 -204.290894 -224.445587 -256.596774 -311.166230 -327.728978 -342.645669 -441.887344 -453.952195 -465.244491 -483.230206 -490.475662 -495.247167 -488.701496 -490.545777 -491.259535 -487.310392 -476.599621 -467.569240 -416.141618 -344.995571 -325.186929 -299.280534 -276.158912 -233.279849 -185.094918 -88.623255 -63.105092 -63.013348 4.650586 36.408269 56.494797 49.141523 21.284177 -37.352349 -66.940643 -171.838495 -212.896591 -261.717997 -308.111793 -332.467933 -352.535934 -452.226361 -496.735773 -522.754833 -528.938429 -9999.0 -9999.0 -9999.0 -9999.0 -9999.0
-9999.0 -562.048664 -552.505140 -546.268508 -510.751410 -332.587901 -263.356555 -0.937245 48.444593 -18.558954 -138.356840 -59.846321 -73.758707 -27.614821 -51.393246 -59.563837 -66.380608 -67.351848 -55.865389 -79.704992 -131.643187 -165.962774 -171.858986 -188.266701 -217.301214 -238.953407 -253.208308 -269.320126 -302.606560 -324.484049 -369.061562 -429.607918 -486.290390 -509.095579 -520.115799 -529.800290 -538.355733 -538.081410 -535.368979 -537.614818 -539.948917 -542.551094 -539.484984 -538.166827 -536.809723 -538.576103 -538.255761 -534.173337 -527.188669 -518.696826 -504.602664 -484.160455 -452.161211 -348.251133 -330.408304 -304.450157 -275.665740 -227.909707 -150.910352 -43.088569 -42.211380 11.274369 47.183867 65.293216 27.958078 -6.218084 -56.672341 -85.322391 -203.252069 -255.801097 -278.664543 -305.933193 -333.989552 -9999.0 -9999.0 -9999.0 -9999.0 -9999.0 -9999.0 -9999.0
-9999.0 -565.242083 -554.655546 -553.266290 -541.711003 -515.007778 -460.043330 -327.162711 -184.866249 -301.715178 -310.361351 -297.355133 -280.712278 -266.198746 -282.087609 -300.644809 -312.513645 -309.547002 -307.640273 -318.625869 -330.446440 -336.619315 -338.169670 -353.351178 -418.169848 -445.275564 -456.673905 -473.207190 -490.770352 -508.087654 -528.860755 -537.301301 -542.935585 -544.664805 -545.953597 -547.365555 -550.448962 -548.639182 -547.314620 -547.648136 -548.633773 -549.436679 -547.148001 -546.460452 -545.758216 -547.985575 -546.550843 -545.432045 -542.709206 -539.973485 -535.902428 -529.543994 -520.688471 -513.559082 -506.959533 -495.428818 -475.163843 -384.662683 -319.775879 -252.300903 -181.484476 -93.238165 -46.637675 -23.586680 5.698951 14.698284 23.785765 6.536425 -37.548252 -175.458172 -219.781942 -9999.0 -9999.0 -9999.0 -9999.0 -9999.0 -9999.0 -9999.0 -9999.0 -9999.0
-9999.0 -9999.0 -567.308438 -562.956400 -559.078351 -555.474958 -550.402389 -543.051719 -538.101932 -530.802516 -519.626672 -505.928470 -496.227212 -491.329332 -497.972609 -510.364844 -516.942792 -516.333982 -518.029495 -521.421614 -527.529330 -530.044521 -531.605477 -532.818501 -535.148376 -536.058689 -536.392948 -537.109147 -538.754403 -542.627367 -545.907177 -548.038418 -550.555594 -550.242221 -550.577278 -551.489679 -550.629718 -550.829876 -550.587285 -550.753140 -550.556294 -550.155355 -549.710953 -549.064648 -549.103648 -548.938312 -548.751102 -548.076570 -547.050908 -545.735986 -542.945587 -538.644298 -535.302739 -534.529888 -536.449055 -535.840862 -533.278139 -526.902668 -502.149679 -446.149922 -335.953491 -294.746095 -231.434090 -176.881125 -118.396895 -97.450187 -40.491356 5.048780 3.506891 -68.451415 -9999.0 -9999.0 -9999.0 -9999.0 -9999.0 -9999.0 -9999.0 -9999.0 -9999.0 -9999.0
-9999.0 -9999.0 -9999.0 -9999.0 -568.963038 -562.990272 -557.523464 -558.182757 -554.411777 -552.379328 -550.551790 -548.271701 -546.416542 -545.091061 -546.973622 -547.375603 -547.688415 -547.330409 -547.658451 -548.147834 -548.367521 -548.629779 -548.834127 -549.235532 -549.056096 -548.656796 -548.520963 -549.197101 -549.065444 -550.384325 -550.441501 -551.111777 -551.779568 -552.634525 -552.385065 -552.480222 -552.051230 -552.490045 -551.818202 -552.279169 -551.812006 -551.641298 -551.104315 -550.192316 -550.680360 -550.151435 -550.181997 -549.507367 -549.418816 -547.712902 -544.843970 -541.445457 -539.108334 -539.272424 -542.488067 -543.691018 -544.481892 -542.540713 -539.275669 -531.664778 -508.058235 -479.450342 -382.346300 -331.154639 -312.246505 -282.330425 -216.957320 -112.202673 -9999.0 -9999.0 -9999.0 -9999.0 -9999.0 -9999.0 -9999.0 -9999.0 -9999.0 -9999.0 -9999.0 -9999.0
-9999.0 -9999.0 -9999.0 -9999.0 -9999.0 -9999.0 -566.447636 -563.525474 -564.390079 -562.381584 -560.673487 -559.352633 -557.151116 -557.618821 -557.032083 -555.183881 -555.459653 -556.305983 -557.393750 -555.742396 -555.062445 -554.856421 -556.639614 -556.107705 -555.940398 -555.241124 -555.313546 -554.970196 -556.516336 -554.642098 -553.729600 -554.015678 -554.285603 -553.886565 -554.276266 -553.086929 -552.945625 -553.884402 -554.168042 -552.852075 -552.528094 -552.780945 -552.591546 -551.772310 -550.517661 -550.389596 -551.035992 -551.959885 -550.759571 -547.959279 -544.890929 -542.200058 -540.415533 -539.724883 -542.315267 -545.841166 -547.589490 -547.912110 -546.621045 -544.115265 -537.426727 -532.677921 -528.473927 -521.300692 -513.963808 -475.673386 -9999.0 -9999.0 -9999.0 -9999.0 -9999.0 -9999.0 -9999.0 -9999.0 -9999.0 -9999.0 -9999.0 -9999.0 -9999.0 -9999.0
-9999.0 -9999.0 -9999.0 -9999.0 -9999.0 -9999.0 -9999.0 -9999.0 -9999.0 -9999.0 -9999.0 -9999.0 -9999.0 -9999.0 -9999.0 -9999.0 -9999.0 -9999.0 -9999.0 -9999.0 -9999.0 -9999.0 -9999.0 -9999.0 -9999.0 -9999.0 -9999.0 -9999.0 -9999.0 -9999.0 -9999.0 -9999.0 -9999.0 -9999.0 -9999.0 -9999.0 -9999.0 -9999.0 -9999.0 -9999.0 -9999.0 -9999.0 -9999.0 -9999.0 -9999.0 -9999.0 -9999.0 -9999.0 -9999.0 -9999.0 -9999.0 -9999.0 -9999.0 -9999.0 -9999.0 -9999.0 -9999.0 -9999.0 -9999.0 -9999.0 -9999.0 -9999.0 -9999.0 -9999.0 -9999.0 -9999.0 -9999.0 -9999.0 -9999.0 -9999.0 -9999.0 -9999.0 -9999.0 -9999.0 -9999.0 -9999.0 -9999.0 -9999.0 -9999.0 -9999.0
-9999.0 -9999.0 -9999.0 -9999.0 -9999.0 -9999.0 -9999.0 -9999.0 -9999.0 -9999.0 -9999.0 -9999.0 -9999.0 -9999.0 -9999.0 -9999.0 -9999.0 -9999.0 -9999.0 -9999.0 -9999.0 -9999.0 -9999.0 -9999.0 -9999.0 -9999.0 -9999.0 -9999.0 -9999.0 -9999.0 -9999.0 -9999.0 -9999.0 -9999.0 -9999.0 -9999.0 -9999.0 -9999.0 -9999.0 -9999.0 -9999.0 -9999.0 -9999.0 -9999.0 -9999.0 -9999.0 -9999.0 -9999.0 -9999.0 -9999.0 -9999.0 -9999.0 -9999.0 -9999.0 -9999.0 -9999.0 -9999.0 -9999.0 -9999.0 -9999.0 -9999.0 -9999.0 -9999.0 -9999.0 -9999.0 -9999.0 -9999.0 -9999.0 -9999.0 -9999.0 -9999.0 -9999.0 -9999.0 -9999.0 -9999.0 -9999.0 -9999.0 -9999.0 -9999.0 -9999.0