Borden_/Borden1m_014/output_maps/psiliqL0006N0012.asc
ncols         80
nrows         18
xllcorner     620200.000000
yllcorner     5168000.000000
cellsize      1.000000
NODATA_value  -9999.0
-9999.0 -9999.0 -9999.0 -9999.0 -9999.0 -9999.0 -9999.0 -9999.0 -9999.0 -9999.0 -9999.0 -9999.0 -9999.0 -9999.0 -9999.0 -9999.0 -9999.0 -9999.0 -9999.0 -9999.0 -9999.0 -9999.0 -9999.0 -9999.0 -9999.0 -9999.0 -9999.0 -9999.0 -9999.0 -9999.0 -9999.0 -9999.0 -9999.0 -9999.0 -9999.0 -9999.0 -9999.0 -9999.0 -9999.0 -9999.0 -9999.0 -9999.0 -9999.0 -9999.0 -9999.0 -9999.0 -9999.0 -9999.0 -9999.0 -9999.0 -9999.0 -9999.0 -9999.0 -9999.0 -9999.0 -9999.0 -9999.0 -9999.0 -9999.0 -9999.0 -9999.0 -9999.0 -9999.0 -9999.0 -9999.0 -9999.0 -9999.0 -9999.0 -9999.0 -9999.0 -9999.0 -9999.0 -9999.0 -9999.0 -9999.0 -9999.0 -9999.0 -9999.0 -9999.0 -9999.0
-9999.0 -9999.0 -9999.0 -9999.0 -9999.0 -9999.0 -9999.0 -9999.0 -9999.0 -9999.0 -9999.0 -9999.0 -9999.0 -9999.0 -9999.0 -9999.0 -9999.0 -9999.0 -9999.0 -9999.0 -9999.0 -9999.0 -9999.0 -9999.0 -9999.0 -9999.0 -9999.0 -9999.0 -9999.0 -9999.0 -9999.0 -9999.0 -9999.0 -9999.0 -9999.0 -9999.0 -9999.0 -9999.0 -9999.0 -9999.0 -9999.0 -9999.0 -9999.0 -9999.0 -9999.0 -9999.0 -9999.0 -9999.0 -9999.0 -9999.0 -9999.0 -9999.0 -9999.0 -9999.0 -9999.0 -9999.0 -9999.0 -9999.0 -9999.0 -9999.0 -9999.0 -9999.0 -9999.0 -9999.0 -9999.0 -9999.0 -9999.0 -9999.0 -9999.0 -9999.0 -9999.0 -9999.0 -9999.0 -9999.0 -9999.0 -9999.0 -9999.0 -9999.0 -9999.0 -9999.0
-9999.0 -9999.0 -9999.0 -9999.0 -9999.0 -9999.0 -9999.0 -9999.0 -9999.0 -9999.0 -9999.0 -9999.0 -9999.0 -9999.0 -9999.0 -9999.0 -9999.0 -9999.0 -9999.0 -9999.0 -648.951246 -645.893279 -668.913317 -703.030356 -731.631680 -730.282512 -696.049938 -656.018006 -619.367472 -609.246287 -627.485036 -626.734421 -632.326362 -632.525902 -629.684990 -624.229586 -622.143371 -610.792099 -602.526629 -602.833521 -609.013460 -614.885989 -616.706598 -613.157068 -608.318438 -616.354608 -603.057728 -587.744690 -580.938561 -585.610540 -612.160024 -627.420384 -634.736896 -648.241547 -623.456349 -610.260421 -586.854504 -581.998778 -582.540213 -608.958825 -638.527812 -9999.0 -9999.0 -9999.0 -9999.0 -9999.0 -9999.0 -9999.0 -9999.0 -9999.0 -9999.0 -9999.0 -9999.0 -9999.0 -9999.0 -9999.0 -9999.0 -9999.0 -9999.0 -9999.0
-9999.0 -9999.0 -9999.0 -9999.0 -9999.0 -9999.0 -9999.0 -9999.0 -9999.0 -9999.0 -9999.0 -9999.0 -9999.0 -9999.0 -737.350271 -747.944300 -751.463801 -743.457368 -710.409817 -681.251483 -668.829915 -676.821513 -677.381970 -701.232017 -721.610125 -708.245181 -680.126402 -650.023320 -617.252225 -597.546655 -610.862253 -614.113771 -603.977184 -576.632399 -562.152691 -565.142380 -586.700535 -564.691699 -548.716567 -539.201690 -540.385774 -549.136744 -534.370501 -518.092884 -524.727194 -542.179529 -539.173008 -527.634010 -512.488466 -527.184404 -590.973616 -611.387458 -613.213405 -618.725197 -630.752787 -636.612392 -611.575658 -609.689308 -617.107266 -634.123041 -665.312068 -708.531536 -725.556917 -687.017993 -642.192793 -583.847320 -9999.0 -9999.0 -9999.0 -9999.0 -9999.0 -9999.0 -9999.0 -9999.0 -9999.0 -9999.0 -9999.0 -9999.0 -9999.0 -9999.0
-9999.0 -9999.0 -9999.0 -9999.0 -9999.0 -9999.0 -9999.0 -9999.0 -9999.0 -792.547225 -789.569974 -783.003103 -781.890990 -766.870983 -768.831149 -762.551346 -755.010789 -730.150109 -700.165446 -666.180754 -638.202340 -649.068514 -649.541020 -637.734915 -630.848121 -618.788866 -599.469713 -560.574250 -519.537228 -478.680845 -507.515203 -509.971218 -490.982605 -438.436455 -392.413206 -380.051960 -400.606608 -398.575615 -370.068132 -341.096227 -342.211778 -344.366870 -317.765443 -302.997822 -294.845212 -315.405491 -335.925516 -338.989271 -310.374460 -368.773962 -440.467756 -498.510901 -497.244287 -527.724145 -568.438016 -590.493382 -592.805837 -569.629473 -583.781062 -619.912839 -655.215258 -663.310402 -678.753539 -662.162008 -638.834056 -591.193862 -552.354443 -523.077916 -521.881419 -538.559003 -9999.0 -9999.0 -9999.0 -9999.0 -9999.0 -9999.0 -9999.0 -9999.0 -9999.0 -9999.0
-9999.0 -9999.0 -9999.0 -9999.0 -9999.0 -9999.0 -870.034559 -861.881818 -842.914919 -837.550506 -814.284257 -807.308296 -787.597720 -769.048204 -749.816487 -733.663058 -703.727209 -672.729753 -632.636080 -589.897382 -558.808625 -563.718865 -554.757987 -521.200504 -477.022078 -441.219793 -414.777624 -372.728454 -285.822781 -230.574052 -208.763505 -197.878425 -164.751659 108.748370 196.191669 207.229952 199.297119 192.722557 199.754863 213.113600 213.321676 212.055685 214.420612 216.689062 228.727903 226.848969 212.094406 208.456149 207.895087 200.900497 126.658733 -161.261211 -245.694157 -305.040704 -393.066771 -458.352002 -464.066711 -448.570824 -478.735569 -530.601027 -571.913263 -581.219127 -594.400091 -607.620234 -601.455443 -581.079437 -556.489268 -544.013253 -555.155492 -574.522862 -596.802718 -624.776231 -622.594564 -596.747637 -9999.0 -9999.0 -9999.0 -9999.0 -9999.0 -9999.0
-9999.0 -9999.0 -9999.0 -9999.0 -919.068174 -907.253030 -918.969986 -896.513082 -865.540252 -833.560915 -802.029112 -765.743774 -739.998567 -711.806715 -671.347930 -634.116924 -592.209974 -559.491126 -506.065281 -436.049671 -376.748239 -344.812498 -328.473966 -253.830667 -121.308284 139.234101 188.018881 199.581470 211.551851 233.665260 242.911012 245.123974 256.299806 287.747752 309.621037 323.667335 316.822447 315.475711 316.390886 317.656478 326.841572 325.467298 325.507845 325.240853 326.367942 329.160047 321.614644 310.417833 307.422007 305.036121 292.819516 246.317743 226.609670 216.887589 206.316627 154.222126 -113.646149 -191.044998 -273.418379 -337.410530 -413.848480 -442.790776 -474.355865 -498.801065 -527.901231 -525.700471 -521.211308 -539.032864 -567.463857 -597.827696 -611.572643 -629.174158 -638.285896 -607.924666 -589.715010 -558.168515 -9999.0 -9999.0 -9999.0 -9999.0
-9999.0 -9999.0 -976.059596 -926.130177 -871.342148 -863.458299 -861.356100 -857.432967 -832.037643 -783.310019 -706.053581 -654.975085 -611.474979 -583.617909 -526.021676 -440.135755 -358.328779 -304.831855 -227.050280 -35.226052 166.851443 202.802730 208.412533 222.960285 249.929495 290.758532 303.379169 311.106774 318.385400 328.243600 348.307882 362.262744 368.951763 365.136415 364.992922 362.027929 361.831117 359.512704 344.724385 342.501286 348.101931 349.312646 352.838757 341.464087 337.840971 349.647070 352.738306 355.442649 359.039682 366.744165 375.303956 346.195307 315.086417 312.124708 312.219924 292.989534 252.031510 231.008125 224.811681 208.229962 128.767781 -143.737186 -251.614842 -319.574423 -381.941841 -414.595772 -458.777812 -496.268432 -538.224206 -580.675843 -602.142859 -619.129040 -620.073126 -618.252698 -601.487487 -585.150112 -569.242523 -561.171722 -9999.0 -9999.0
-9999.0 -1072.989575 -1000.615880 -873.330897 -795.938976 -752.337638 -711.786307 -683.208887 -661.649537 -650.992735 -546.196598 -434.717731 -341.552690 -311.639260 -240.305920 94.799766 198.016955 217.661345 232.229691 262.431664 296.716579 314.872067 323.242109 346.804156 370.339796 367.564839 366.121538 364.164232 355.778566 347.290677 337.307471 345.211202 344.696226 331.067828 321.384334 320.596229 320.224222 313.101930 304.799588 301.453445 303.663511 313.237049 308.808641 301.065709 299.505866 307.091103 313.137978 309.548214 304.345709 311.289561 325.167975 332.105168 347.083524 360.207962 378.728903 355.816379 327.391713 312.487295 308.939250 301.636250 279.593992 240.172133 213.693463 152.930507 -108.388617 -257.694258 -336.697542 -395.313543 -456.108675 -491.400439 -519.491022 -569.170668 -590.847307 -587.657633 -595.864713 -597.466666 -590.111034 -583.362914 -9999.0 -9999.0
-9999.0 -1141.266224 -997.900554 -812.618182 -668.630934 -609.824092 -491.574767 -404.094721 -378.549773 -402.574777 -279.188538 158.468352 224.932437 227.075723 256.712761 307.935748 332.020208 353.187867 367.500694 360.532741 355.875143 357.352081 351.783173 343.590920 330.898905 325.351007 326.627168 327.290820 322.442585 316.151834 308.221506 308.378047 303.705693 287.378884 262.319481 247.748436 240.851029 234.702008 223.080665 214.487172 209.498100 219.265887 215.107306 207.876153 205.804407 214.399414 227.874651 223.581149 226.745794 239.849274 273.649359 290.889055 296.619025 304.910385 316.243267 332.743168 347.961901 367.505696 373.176844 351.251862 325.333764 306.919091 299.467970 277.724835 237.589347 198.813023 117.491161 -172.527100 -277.397669 -335.726388 -390.377521 -447.729890 -503.273231 -527.800445 -565.212954 -585.559946 -9999.0 -9999.0 -9999.0 -9999.0
-9999.0 -1202.104244 -1009.845095 -743.365821 -495.245938 -359.170158 100.562651 208.385284 230.696324 255.688624 269.216860 349.956591 362.263565 347.609562 324.849801 322.591451 329.947069 331.858670 327.366974 322.180210 318.040161 316.438649 315.873167 313.643321 310.509180 306.659325 304.087335 303.158429 291.838924 276.927909 244.316971 235.799487 220.984657 151.000555 -31.224365 -155.417383 -246.193291 -256.188234 -271.462998 -306.367748 -326.368019 -340.742393 -322.331159 -325.293082 -326.124308 -316.158251 -291.886457 -272.659336 -218.762160 -143.862356 125.005288 198.198386 213.607692 231.993461 256.765566 289.648067 300.763708 309.681779 325.987715 350.729769 370.218623 363.180185 338.456384 322.479882 299.977321 281.568091 266.685114 224.823581 196.821789 127.173875 -131.715778 -261.612061 -351.311409 -439.094705 -477.900215 -9999.0 -9999.0 -9999.0 -9999.0 -9999.0
-9999.0 -1347.476395 -1079.840800 -782.048547 -448.612884 82.967218 202.755188 277.042607 329.900865 291.481675 285.413995 293.645550 308.337314 308.819536 300.658837 300.804521 298.203296 297.698786 303.379351 287.406910 258.477114 248.362801 248.119413 243.287181 233.853468 228.292848 225.491890 220.515012 199.051140 130.328503 -183.857572 -231.831111 -320.464640 -396.434528 -446.460431 -492.833762 -542.457194 -543.769827 -528.616258 -545.038038 -566.373288 -584.684498 -560.351831 -546.271807 -536.274538 -545.738035 -537.810492 -505.348850 -459.512716 -419.760921 -369.832446 -306.983982 -250.524068 -164.085814 -32.365033 168.777840 211.712140 233.220048 278.704239 309.006877 317.681544 329.774225 361.203768 379.411871 342.820066 319.303672 307.772798 294.978637 272.814464 256.234945 226.619057 177.354408 -67.844747 -9999.0 -9999.0 -9999.0 -9999.0 -9999.0 -9999.0 -9999.0
-9999.0 -1484.170175 -1247.232066 -992.772252 -691.982822 -465.510144 -296.538306 -69.345451 165.240925 183.079495 193.390011 203.476520 213.618620 222.572492 213.688161 200.196377 189.692095 191.813962 187.174068 130.189201 -100.239322 -156.355303 -160.242460 -175.646057 -221.688491 -245.131644 -259.291552 -287.117082 -330.625863 -392.058487 -476.207778 -539.122839 -597.394394 -631.871550 -660.811982 -692.771279 -731.383235 -720.542997 -705.424876 -710.264599 -723.068149 -728.125203 -698.991048 -681.392676 -671.777214 -685.670103 -668.248045 -642.422860 -602.407624 -563.600707 -519.579991 -469.723511 -420.872783 -392.574508 -376.065471 -338.911029 -286.894452 -193.687319 127.156458 218.954025 261.468124 288.167154 307.053206 318.919036 324.803686 342.899562 342.230998 309.340293 275.735981 284.433086 284.700592 -9999.0 -9999.0 -9999.0 -9999.0 -9999.0 -9999.0 -9999.0 -9999.0 -9999.0
-9999.0 -9999.0 -1485.292645 -1289.601727 -1121.618758 -936.379231 -792.294671 -694.659214 -630.272942 -553.479207 -470.126116 -396.971554 -356.081476 -339.594212 -360.921616 -407.298798 -437.588700 -437.723301 -447.033596 -463.314319 -488.844708 -497.634136 -505.583509 -512.337251 -525.625273 -532.747454 -537.356599 -547.300323 -568.602134 -613.401196 -665.417767 -716.030820 -769.296553 -793.356139 -814.752905 -837.356554 -841.466545 -842.400258 -835.204050 -834.168525 -829.510434 -818.337833 -797.707459 -777.041453 -768.086433 -761.993494 -749.894664 -727.029528 -694.940718 -655.890498 -606.083581 -553.556109 -518.567637 -509.092654 -520.120458 -515.689670 -495.456049 -453.413138 -362.576085 -251.528702 -12.745782 182.099945 231.383629 263.103418 282.593872 292.771813 304.950747 288.019125 183.920695 257.451391 -9999.0 -9999.0 -9999.0 -9999.0 -9999.0 -9999.0 -9999.0 -9999.0 -9999.0 -9999.0
-9999.0 -9999.0 -9999.0 -9999.0 -1432.371980 -1274.130404 -1181.979808 -1101.191898 -986.125935 -885.263376 -799.703675 -729.646976 -682.765109 -661.569304 -675.011137 -683.761256 -692.734983 -695.263628 -702.975482 -709.427571 -715.858249 -723.133607 -732.788853 -739.932578 -740.890939 -737.717509 -739.267710 -751.479103 -765.927285 -793.755962 -818.252042 -853.014664 -889.805735 -918.477317 -931.197384 -938.420268 -937.958617 -942.898589 -933.167351 -927.296505 -912.745865 -897.424555 -873.588655 -845.871536 -833.971621 -820.239665 -810.791617 -790.279959 -761.191143 -709.951619 -649.739499 -596.386387 -565.328246 -564.021871 -592.321860 -610.129227 -615.399097 -590.460411 -546.959480 -481.823258 -382.105168 -296.897256 -198.727180 -32.637296 161.867250 213.208509 263.539295 280.780705 -9999.0 -9999.0 -9999.0 -9999.0 -9999.0 -9999.0 -9999.0 -9999.0 -9999.0 -9999.0 -9999.0 -9999.0
-9999.0 -9999.0 -9999.0 -9999.0 -9999.0 -9999.0 -1492.475603 -1399.654750 -1309.804154 -1195.066868 -1090.014640 -1003.704539 -933.809790 -912.122999 -898.175133 -877.786685 -883.110915 -899.063679 -914.239175 -898.682865 -890.629640 -894.852154 -920.677194 -922.325329 -919.301984 -909.715428 -910.469084 -916.191705 -940.337080 -933.409725 -935.477446 -958.019898 -983.674073 -998.043327 -1009.357138 -999.340375 -998.309272 -1010.338170 -1007.299719 -981.755280 -962.470273 -949.062761 -926.520657 -893.756880 -862.273439 -848.595283 -847.967153 -841.991649 -800.629938 -731.643159 -663.511424 -612.579794 -584.223860 -578.878166 -609.301537 -652.160585 -676.055444 -672.352548 -641.797008 -593.424917 -522.879426 -478.801038 -449.803624 -426.829412 -393.254468 -280.642586 -9999.0 -9999.0 -9999.0 -9999.0 -9999.0 -9999.0 -9999.0 -9999.0 -9999.0 -9999.0 -9999.0 -9999.0 -9999.0 -9999.0
-9999.0 -9999.0 -9999.0 -9999.0 -9999.0 -9999.0 -9999.0 -9999.0 -9999.0 -9999.0 -9999.0 -9999.0 -9999.0 -9999.0 -9999.0 -9999.0 -9999.0 -9999.0 -9999.0 -9999.0 -9999.0 -9999.0 -9999.0 -9999.0 -9999.0 -9999.0 -9999.0 -9999.0 -9999.0 -9999.0 -9999.0 -9999.0 -9999.0 -9999.0 -9999.0 -9999.0 -9999.0 -9999.0 -9999.0 -9999.0 -9999.0 -9999.0 -9999.0 -9999.0 -9999.0 -9999.0 -9999.0 -9999.0 -9999.0 -9999.0 -9999.0 -9999.0 -9999.0 -9999.0 -9999.0 -9999.0 -9999.0 -9999.0 -9999.0 -9999.0 -9999.0 -9999.0 -9999.0 -9999.0 -9999.0 -9999.0 -9999.0 -9999.0 -9999.0 -9999.0 -9999.0 -9999.0 -9999.0 -9999.0 -9999.0 -9999.0 -9999.0 -9999.0 -9999.0 -9999.0
-9999.0 -9999.0 -9999.0 -9999.0 -9999.0 -9999.0 -9999.0 -9999.0 -9999.0 -9999.0 -9999.0 -9999.0 -9999.0 -9999.0 -9999.0 -9999.0 -9999.0 -9999.0 -9999.0 -9999.0 -9999.0 -9999.0 -9999.0 -9999.0 -9999.0 -9999.0 -9999.0 -9999.0 -9999.0 -9999.0 -9999.0 -9999.0 -9999.0 -9999.0 -9999.0 -9999.0 -9999.0 -9999.0 -9999.0 -9999.0 -9999.0 -9999.0 -9999.0 -9999.0 -9999.0 -9999.0 -9999.0 -9999.0 -9999.0 -9999.0 -9999.0 -9999.0 -9999.0 -9999.0 -9999.0 -9999.0 -9999.0 -9999.0 -9999.0 -9999.0 -9999.0 -9999.0 -9999.0 -9999.0 -9999.0 -9999.0 -9999.0 -9999.0 -9999.0 -9999.0 -9999.0 -9999.0 -9999.0 -9999.0 -9999.0 -9999.0 -9999.0 -9999.0 -9999.0 -9999.0