Borden_/Borden1m_014/output_maps/psiliqL0009N0006.asc
ncols         80
nrows         18
xllcorner     620200.000000
yllcorner     5168000.000000
cellsize      1.000000
NODATA_value  -9999.0
-9999.0 -9999.0 -9999.0 -9999.0 -9999.0 -9999.0 -9999.0 -9999.0 -9999.0 -9999.0 -9999.0 -9999.0 -9999.0 -9999.0 -9999.0 -9999.0 -9999.0 -9999.0 -9999.0 -9999.0 -9999.0 -9999.0 -9999.0 -9999.0 -9999.0 -9999.0 -9999.0 -9999.0 -9999.0 -9999.0 -9999.0 -9999.0 -9999.0 -9999.0 -9999.0 -9999.0 -9999.0 -9999.0 -9999.0 -9999.0 -9999.0 -9999.0 -9999.0 -9999.0 -9999.0 -9999.0 -9999.0 -9999.0 -9999.0 -9999.0 -9999.0 -9999.0 -9999.0 -9999.0 -9999.0 -9999.0 -9999.0 -9999.0 -9999.0 -9999.0 -9999.0 -9999.0 -9999.0 -9999.0 -9999.0 -9999.0 -9999.0 -9999.0 -9999.0 -9999.0 -9999.0 -9999.0 -9999.0 -9999.0 -9999.0 -9999.0 -9999.0 -9999.0 -9999.0 -9999.0
-9999.0 -9999.0 -9999.0 -9999.0 -9999.0 -9999.0 -9999.0 -9999.0 -9999.0 -9999.0 -9999.0 -9999.0 -9999.0 -9999.0 -9999.0 -9999.0 -9999.0 -9999.0 -9999.0 -9999.0 -9999.0 -9999.0 -9999.0 -9999.0 -9999.0 -9999.0 -9999.0 -9999.0 -9999.0 -9999.0 -9999.0 -9999.0 -9999.0 -9999.0 -9999.0 -9999.0 -9999.0 -9999.0 -9999.0 -9999.0 -9999.0 -9999.0 -9999.0 -9999.0 -9999.0 -9999.0 -9999.0 -9999.0 -9999.0 -9999.0 -9999.0 -9999.0 -9999.0 -9999.0 -9999.0 -9999.0 -9999.0 -9999.0 -9999.0 -9999.0 -9999.0 -9999.0 -9999.0 -9999.0 -9999.0 -9999.0 -9999.0 -9999.0 -9999.0 -9999.0 -9999.0 -9999.0 -9999.0 -9999.0 -9999.0 -9999.0 -9999.0 -9999.0 -9999.0 -9999.0
-9999.0 -9999.0 -9999.0 -9999.0 -9999.0 -9999.0 -9999.0 -9999.0 -9999.0 -9999.0 -9999.0 -9999.0 -9999.0 -9999.0 -9999.0 -9999.0 -9999.0 -9999.0 -9999.0 -9999.0 -71.013558 -68.134987 -90.938943 -125.112107 -153.643869 -151.927083 -117.206348 -76.141531 -38.200638 -27.875788 -46.043034 -44.594027 -49.789585 -50.270974 -47.394390 -41.214468 -38.200063 -26.520839 -17.620429 -17.323673 -23.047079 -28.405447 -29.255148 -25.733173 -20.665543 -30.026867 -16.572671 -1.573982 4.091364 -1.400489 -28.823177 -44.596162 -52.738612 -67.242586 -42.491260 -29.906434 -6.813969 -2.401362 -3.585369 -30.539409 -60.615713 -9999.0 -9999.0 -9999.0 -9999.0 -9999.0 -9999.0 -9999.0 -9999.0 -9999.0 -9999.0 -9999.0 -9999.0 -9999.0 -9999.0 -9999.0 -9999.0 -9999.0 -9999.0 -9999.0
-9999.0 -9999.0 -9999.0 -9999.0 -9999.0 -9999.0 -9999.0 -9999.0 -9999.0 -9999.0 -9999.0 -9999.0 -9999.0 -9999.0 -160.732831 -170.992861 -174.263346 -166.096351 -132.685344 -102.901345 -90.376093 -98.113702 -98.363804 -122.242637 -142.823730 -129.005495 -99.745543 -68.289909 -33.968952 -13.583228 -26.181059 -28.998302 -18.765728 8.366906 23.059907 20.877058 -0.224884 22.731558 40.007799 51.228709 51.518822 43.497422 57.936168 74.118082 67.292045 49.718195 53.241957 64.160701 76.732278 60.448649 -4.886007 -25.734841 -28.743145 -35.022119 -48.304554 -54.858818 -29.827247 -28.825723 -36.853563 -54.637297 -86.898826 -130.996391 -148.714747 -109.918397 -65.220408 -7.091624 -9999.0 -9999.0 -9999.0 -9999.0 -9999.0 -9999.0 -9999.0 -9999.0 -9999.0 -9999.0 -9999.0 -9999.0 -9999.0 -9999.0
-9999.0 -9999.0 -9999.0 -9999.0 -9999.0 -9999.0 -9999.0 -9999.0 -9999.0 -216.885504 -213.346380 -206.532642 -205.031061 -189.762923 -191.832432 -185.232677 -177.865458 -152.115959 -121.483913 -86.657153 -57.906566 -67.905028 -67.750945 -56.170231 -50.144469 -37.481453 -16.318881 24.746175 67.304557 109.099135 80.538839 78.253766 97.807286 148.914784 191.090142 205.254631 182.685850 186.220811 216.937910 252.284635 256.195689 255.778319 279.995050 292.925690 297.224482 278.761776 262.889337 259.295541 278.159766 217.105983 146.054738 90.381047 92.193635 61.383441 20.233640 -3.361680 -7.091655 14.610744 -0.402645 -37.780503 -74.402454 -84.037392 -100.532222 -83.731321 -60.695369 -13.385812 25.405918 54.365972 54.919622 37.890818 -9999.0 -9999.0 -9999.0 -9999.0 -9999.0 -9999.0 -9999.0 -9999.0 -9999.0 -9999.0
-9999.0 -9999.0 -9999.0 -9999.0 -9999.0 -9999.0 -295.177474 -286.567450 -267.106345 -261.968662 -237.862915 -230.807310 -210.779277 -191.972869 -171.837734 -155.460828 -125.127685 -92.912523 -51.678834 -7.769942 24.956984 21.702137 32.483593 65.854700 108.804373 142.004187 168.707961 213.128329 298.010922 342.595944 353.863805 358.698265 369.610273 427.558567 527.568332 583.491021 526.326022 496.602230 540.893814 635.840132 658.047478 661.650142 667.953041 673.364070 694.154535 689.225595 659.836986 644.433774 618.904709 544.868678 449.030059 372.877091 334.502350 287.095556 202.396621 131.993918 127.280323 142.179081 111.293743 56.897867 13.081939 1.736974 -13.139311 -27.124548 -21.261524 -1.415262 22.300699 34.249265 22.355398 2.246826 -20.369259 -48.770132 -46.769033 -21.161314 -9999.0 -9999.0 -9999.0 -9999.0 -9999.0 -9999.0
-9999.0 -9999.0 -9999.0 -9999.0 -344.515754 -332.491079 -344.670549 -321.480227 -289.953084 -257.106000 -225.326162 -188.647549 -162.200417 -133.045088 -91.931764 -54.397762 -10.266455 25.044531 80.219787 150.903679 208.119083 245.532103 265.174301 324.707933 388.063272 448.986019 481.322115 538.954659 631.650007 692.885083 713.511529 716.610909 728.908678 755.324815 797.401521 831.310992 810.760519 804.151190 817.115842 841.538295 866.738908 868.338483 869.261847 869.337544 870.911344 872.454568 857.786613 832.148851 815.418506 793.353200 764.385412 710.585232 683.335946 662.365526 620.589423 497.283339 397.297183 371.818154 315.349208 255.797127 177.617381 147.720982 113.699651 86.072489 55.368472 56.430269 60.020761 41.043450 11.108167 -20.126412 -34.513758 -52.694253 -62.523268 -32.257004 -14.260910 16.878512 -9999.0 -9999.0 -9999.0 -9999.0
-9999.0 -9999.0 -401.870650 -352.576279 -297.255309 -289.427571 -288.315932 -284.067972 -257.585850 -207.282207 -129.597582 -76.728900 -31.755042 -0.880084 58.750710 145.033157 229.600340 281.427001 340.208617 414.889059 504.614351 610.395092 645.095290 674.238093 712.175729 757.058716 777.954213 805.127216 839.569569 864.939134 879.265630 891.604594 896.040732 893.500255 895.264362 896.106033 894.149550 893.232842 882.620038 886.107824 894.834379 897.902671 900.341143 887.509309 882.907128 895.203786 899.036909 900.325760 899.895075 902.934965 906.917935 876.913979 843.716531 835.813921 826.043251 775.456279 721.430889 690.535201 675.325265 621.254235 465.936801 388.598162 327.145347 264.125462 206.771184 172.486503 126.349278 86.520646 42.439739 -1.740982 -24.305822 -41.981439 -43.578290 -42.417700 -25.815717 -9.776577 5.980790 13.974000 -9999.0 -9999.0
-9999.0 -500.718464 -428.578727 -301.923825 -223.811019 -180.103069 -142.147699 -114.216872 -89.327043 -72.421218 36.785240 148.756276 241.450586 272.423473 323.561182 436.592447 599.871470 658.431248 688.069785 728.871959 779.383476 830.365804 855.294780 872.883137 898.010911 899.475726 898.754951 900.945268 896.944632 890.029509 881.098566 886.443351 883.167253 866.864787 855.228891 855.517162 855.315650 842.351291 827.116583 821.347794 825.912569 843.157197 833.080357 814.936447 808.954791 827.538992 842.281171 835.779708 824.891822 834.916218 857.087527 870.590877 885.376013 900.461907 917.788001 891.565684 867.093379 840.385854 829.569861 804.921240 746.053991 691.878084 627.318370 492.847051 399.715176 314.266118 249.415600 191.839140 127.860651 89.085166 58.783028 7.841175 -14.171387 -11.537123 -19.887144 -21.841372 -14.835848 -8.207374 -9999.0 -9999.0
-9999.0 -573.172030 -430.516451 -245.769773 -100.210275 -40.044518 76.623913 168.693577 197.160609 174.977843 289.688026 581.839505 677.926437 686.897412 737.274312 801.968194 840.160594 869.942345 887.587341 886.871013 887.858769 896.159054 894.154052 887.680172 877.294343 873.058659 874.009809 873.227452 859.908263 845.944251 833.356814 830.806788 812.915623 763.567502 731.962155 719.846239 713.581322 703.458200 682.667844 666.787424 657.946879 673.067366 663.155132 643.229116 629.969713 658.050012 687.531662 681.862527 684.179751 697.608254 725.996786 758.984927 790.821797 817.638639 842.715720 872.364919 888.223328 910.209330 915.101468 893.401691 860.756272 824.342716 798.253960 735.698421 659.534455 520.793513 434.424697 368.432712 293.161195 240.865157 189.983092 129.505205 72.473203 48.066626 10.119286 -9.775709 -9999.0 -9999.0 -9999.0 -9999.0
-9999.0 -640.167420 -449.905272 -186.377394 72.265309 197.781097 419.859169 612.516175 673.013491 725.906151 740.136892 853.370834 879.472562 869.767209 854.840267 849.618416 858.425626 860.347906 857.338100 851.938939 848.911992 849.513653 850.747990 847.529052 841.776321 833.540341 825.243961 813.484227 771.145285 738.360519 709.716242 696.484407 650.482914 488.407053 419.572874 381.530792 329.719872 325.105322 317.355115 290.181848 272.509243 256.510916 273.205550 270.572842 268.850112 278.694315 299.457075 318.239267 357.997044 392.504808 440.948463 515.509945 619.944644 676.927458 716.197992 763.570525 802.825944 829.894954 862.603501 891.782901 912.755950 905.537601 881.651723 851.173336 799.786683 741.913620 705.509583 642.008054 534.477221 441.779462 373.219520 294.617108 219.985755 136.320731 96.685292 -9999.0 -9999.0 -9999.0 -9999.0 -9999.0
-9999.0 -797.009047 -530.104193 -236.095036 91.979305 428.208959 576.038752 718.928371 780.857981 742.405148 746.154285 782.290146 820.502101 824.571859 802.522852 778.933240 759.977910 756.190445 766.996409 747.363542 727.614108 720.732224 723.435770 716.990182 702.330320 691.704147 681.501990 651.493775 541.233034 456.746046 366.256472 339.560034 264.273665 189.508856 139.344379 90.779837 40.574699 39.739807 56.147802 40.460869 18.575934 -0.228677 24.713136 39.472037 49.991647 40.520512 49.406965 83.399547 130.557625 171.337268 219.064004 274.832500 329.926935 385.368932 426.674940 504.280572 624.696912 683.105160 746.151119 818.358870 845.296384 870.422364 902.080507 920.348430 881.410070 848.621439 821.237770 786.266568 721.181918 679.562334 631.696757 487.585627 380.887864 -9999.0 -9999.0 -9999.0 -9999.0 -9999.0 -9999.0 -9999.0
-9999.0 -930.153409 -699.906034 -455.057844 -159.414016 72.910767 245.291675 355.409794 441.780207 458.895343 503.089230 602.379725 649.078030 667.268592 630.539100 527.044044 466.597994 463.038173 458.804538 428.334366 395.854241 380.658864 380.543146 374.638147 350.466563 336.029272 324.748409 298.413845 251.853670 192.218467 110.168792 42.846539 -18.023194 -54.158473 -84.882448 -117.894079 -155.939735 -144.879268 -130.072565 -134.419039 -146.613175 -151.063582 -121.618754 -103.431143 -93.589509 -106.888858 -88.643652 -62.161165 -21.211936 19.038634 64.821305 117.004378 168.846459 198.558577 214.935993 248.035444 301.399405 365.023307 474.067414 639.041893 719.261049 764.153428 817.198706 847.020508 861.374737 887.920156 880.335743 824.992737 742.282096 760.680596 760.068012 -9999.0 -9999.0 -9999.0 -9999.0 -9999.0 -9999.0 -9999.0 -9999.0 -9999.0
-9999.0 -9999.0 -936.287062 -747.388019 -590.534699 -409.025206 -263.088654 -160.852498 -87.556173 4.443649 98.713889 182.751927 228.399380 244.645094 223.188784 172.584739 141.052967 139.204381 129.501557 115.629583 92.365736 84.084656 75.511695 68.646629 56.636527 50.086663 44.920906 33.431452 9.843161 -37.280603 -89.730020 -141.511311 -195.333268 -220.059964 -241.734229 -264.098890 -267.180136 -268.778664 -261.770332 -260.474802 -255.036866 -243.281274 -222.587847 -201.365727 -192.142698 -185.264444 -173.066953 -149.951784 -117.526452 -77.360624 -26.038725 28.222461 64.913065 75.690114 65.604869 71.463309 94.261690 139.203943 227.207841 324.993041 428.158839 529.850547 664.474015 724.704946 749.479335 788.229637 819.000845 774.135209 504.851057 705.956285 -9999.0 -9999.0 -9999.0 -9999.0 -9999.0 -9999.0 -9999.0 -9999.0 -9999.0 -9999.0
-9999.0 -9999.0 -9999.0 -9999.0 -890.459923 -734.353488 -641.961601 -561.904488 -444.107239 -337.716655 -246.278536 -170.318074 -117.306155 -94.012599 -105.930326 -112.269497 -121.170449 -125.277175 -133.892495 -138.909543 -143.838353 -151.122877 -162.052615 -169.151479 -169.385528 -165.495917 -167.255483 -180.025039 -195.634884 -222.141786 -245.536555 -280.395501 -317.064029 -345.752391 -358.298362 -364.778364 -364.222587 -369.512184 -359.850781 -353.419689 -338.540514 -323.131996 -299.165203 -270.906871 -258.444234 -244.413019 -234.953574 -214.495900 -185.106442 -133.240502 -71.919976 -17.107360 15.280177 17.342967 -10.132791 -27.397834 -31.979533 -5.290800 40.351744 109.111795 210.244689 287.306610 363.312176 425.764194 491.354883 627.858391 733.552940 772.157020 -9999.0 -9999.0 -9999.0 -9999.0 -9999.0 -9999.0 -9999.0 -9999.0 -9999.0 -9999.0 -9999.0 -9999.0
-9999.0 -9999.0 -9999.0 -9999.0 -9999.0 -9999.0 -946.005766 -851.555297 -765.540295 -645.461870 -534.565243 -444.952725 -372.402396 -348.118356 -330.802776 -308.441327 -313.027960 -330.008024 -346.477145 -329.641990 -319.659423 -324.270002 -351.525581 -352.642934 -348.835649 -339.221797 -340.092240 -345.733687 -369.958598 -361.208134 -362.021960 -384.415856 -409.815781 -423.655201 -434.768856 -424.525827 -423.455182 -435.732763 -433.214306 -407.176731 -387.525124 -374.141028 -351.752089 -318.778436 -286.965311 -272.888746 -272.209116 -266.358534 -225.326656 -155.923795 -86.693788 -34.384832 -4.950366 0.926180 -29.057835 -71.859516 -95.425606 -90.956536 -58.599364 -7.617485 66.038842 113.897147 145.932155 170.153833 204.030733 312.239530 -9999.0 -9999.0 -9999.0 -9999.0 -9999.0 -9999.0 -9999.0 -9999.0 -9999.0 -9999.0 -9999.0 -9999.0 -9999.0 -9999.0
-9999.0 -9999.0 -9999.0 -9999.0 -9999.0 -9999.0 -9999.0 -9999.0 -9999.0 -9999.0 -9999.0 -9999.0 -9999.0 -9999.0 -9999.0 -9999.0 -9999.0 -9999.0 -9999.0 -9999.0 -9999.0 -9999.0 -9999.0 -9999.0 -9999.0 -9999.0 -9999.0 -9999.0 -9999.0 -9999.0 -9999.0 -9999.0 -9999.0 -9999.0 -9999.0 -9999.0 -9999.0 -9999.0 -9999.0 -9999.0 -9999.0 -9999.0 -9999.0 -9999.0 -9999.0 -9999.0 -9999.0 -9999.0 -9999.0 -9999.0 -9999.0 -9999.0 -9999.0 -9999.0 -9999.0 -9999.0 -9999.0 -9999.0 -9999.0 -9999.0 -9999.0 -9999.0 -9999.0 -9999.0 -9999.0 -9999.0 -9999.0 -9999.0 -9999.0 -9999.0 -9999.0 -9999.0 -9999.0 -9999.0 -9999.0 -9999.0 -9999.0 -9999.0 -9999.0 -9999.0
-9999.0 -9999.0 -9999.0 -9999.0 -9999.0 -9999.0 -9999.0 -9999.0 -9999.0 -9999.0 -9999.0 -9999.0 -9999.0 -9999.0 -9999.0 -9999.0 -9999.0 -9999.0 -9999.0 -9999.0 -9999.0 -9999.0 -9999.0 -9999.0 -9999.0 -9999.0 -9999.0 -9999.0 -9999.0 -9999.0 -9999.0 -9999.0 -9999.0 -9999.0 -9999.0 -9999.0 -9999.0 -9999.0 -9999.0 -9999.0 -9999.0 -9999.0 -9999.0 -9999.0 -9999.0 -9999.0 -9999.0 -9999.0 -9999.0 -9999.0 -9999.0 -9999.0 -9999.0 -9999.0 -9999.0 -9999.0 -9999.0 -9999.0 -9999.0 -9999.0 -9999.0 -9999.0 -9999.0 -9999.0 -9999.0 -9999.0 -9999.0 -9999.0 -9999.0 -9999.0 -9999.0 -9999.0 -9999.0 -9999.0 -9999.0 -9999.0 -9999.0 -9999.0 -9999.0 -9999.0