Borden_/Borden1m_014/output_maps/psiliqL0027N0034.asc
ncols         80
nrows         18
xllcorner     620200.000000
yllcorner     5168000.000000
cellsize      1.000000
NODATA_value  -9999.0
-9999.0 -9999.0 -9999.0 -9999.0 -9999.0 -9999.0 -9999.0 -9999.0 -9999.0 -9999.0 -9999.0 -9999.0 -9999.0 -9999.0 -9999.0 -9999.0 -9999.0 -9999.0 -9999.0 -9999.0 -9999.0 -9999.0 -9999.0 -9999.0 -9999.0 -9999.0 -9999.0 -9999.0 -9999.0 -9999.0 -9999.0 -9999.0 -9999.0 -9999.0 -9999.0 -9999.0 -9999.0 -9999.0 -9999.0 -9999.0 -9999.0 -9999.0 -9999.0 -9999.0 -9999.0 -9999.0 -9999.0 -9999.0 -9999.0 -9999.0 -9999.0 -9999.0 -9999.0 -9999.0 -9999.0 -9999.0 -9999.0 -9999.0 -9999.0 -9999.0 -9999.0 -9999.0 -9999.0 -9999.0 -9999.0 -9999.0 -9999.0 -9999.0 -9999.0 -9999.0 -9999.0 -9999.0 -9999.0 -9999.0 -9999.0 -9999.0 -9999.0 -9999.0 -9999.0 -9999.0
-9999.0 -9999.0 -9999.0 -9999.0 -9999.0 -9999.0 -9999.0 -9999.0 -9999.0 -9999.0 -9999.0 -9999.0 -9999.0 -9999.0 -9999.0 -9999.0 -9999.0 -9999.0 -9999.0 -9999.0 -9999.0 -9999.0 -9999.0 -9999.0 -9999.0 -9999.0 -9999.0 -9999.0 -9999.0 -9999.0 -9999.0 -9999.0 -9999.0 -9999.0 -9999.0 -9999.0 -9999.0 -9999.0 -9999.0 -9999.0 -9999.0 -9999.0 -9999.0 -9999.0 -9999.0 -9999.0 -9999.0 -9999.0 -9999.0 -9999.0 -9999.0 -9999.0 -9999.0 -9999.0 -9999.0 -9999.0 -9999.0 -9999.0 -9999.0 -9999.0 -9999.0 -9999.0 -9999.0 -9999.0 -9999.0 -9999.0 -9999.0 -9999.0 -9999.0 -9999.0 -9999.0 -9999.0 -9999.0 -9999.0 -9999.0 -9999.0 -9999.0 -9999.0 -9999.0 -9999.0
-9999.0 -9999.0 -9999.0 -9999.0 -9999.0 -9999.0 -9999.0 -9999.0 -9999.0 -9999.0 -9999.0 -9999.0 -9999.0 -9999.0 -9999.0 -9999.0 -9999.0 -9999.0 -9999.0 -9999.0 3525.160093 3525.933310 3504.194024 3469.897893 3441.435293 3442.995838 3475.501775 3515.776602 3554.299562 3561.170062 3541.710037 3545.359306 3540.680386 3535.647199 3535.426278 3543.042243 3549.711066 3559.133183 3565.819068 3563.230174 3555.673297 3550.599458 3553.328712 3554.768966 3561.110596 3546.345146 3562.549283 3578.945002 3583.680068 3581.262671 3557.978189 3546.537297 3538.868071 3523.542063 3550.541028 3562.446750 3586.219633 3591.142726 3589.395859 3562.975052 3533.107006 -9999.0 -9999.0 -9999.0 -9999.0 -9999.0 -9999.0 -9999.0 -9999.0 -9999.0 -9999.0 -9999.0 -9999.0 -9999.0 -9999.0 -9999.0 -9999.0 -9999.0 -9999.0 -9999.0
-9999.0 -9999.0 -9999.0 -9999.0 -9999.0 -9999.0 -9999.0 -9999.0 -9999.0 -9999.0 -9999.0 -9999.0 -9999.0 -9999.0 3435.341468 3426.512532 3423.382461 3430.276058 3462.333835 3492.318772 3503.797828 3496.093118 3495.603544 3470.448942 3447.032727 3459.097533 3488.003866 3517.883413 3550.680175 3567.321316 3555.994700 3553.015353 3559.337171 3577.934361 3585.171158 3581.250924 3563.698066 3587.882904 3600.677288 3604.517387 3602.265954 3592.197047 3600.425524 3614.186957 3607.078465 3592.056704 3603.650801 3619.038321 3629.754896 3622.324865 3565.113428 3554.121277 3551.459726 3548.131266 3535.638957 3532.467687 3561.553783 3561.578998 3554.928397 3538.246050 3505.296393 3460.298458 3441.802418 3483.081569 3527.182323 3583.804350 -9999.0 -9999.0 -9999.0 -9999.0 -9999.0 -9999.0 -9999.0 -9999.0 -9999.0 -9999.0 -9999.0 -9999.0 -9999.0 -9999.0
-9999.0 -9999.0 -9999.0 -9999.0 -9999.0 -9999.0 -9999.0 -9999.0 -9999.0 3378.308087 3384.122230 3390.764286 3392.922201 3407.656318 3404.023843 3410.532234 3413.803196 3440.584829 3469.403100 3502.234503 3528.550579 3518.845889 3516.919775 3519.692163 3512.668425 3519.519296 3539.257224 3575.131458 3605.114338 3639.462032 3605.159419 3599.697336 3616.742024 3657.115861 3678.797754 3679.934182 3661.084453 3678.627325 3701.853112 3716.725196 3712.854173 3706.417967 3732.521057 3747.924220 3740.886991 3719.076089 3719.068540 3727.450467 3757.219898 3706.681064 3640.916677 3604.210095 3621.643543 3601.752228 3577.472902 3567.854129 3569.428481 3590.436439 3579.545450 3546.487245 3514.046061 3502.786042 3486.614004 3508.647615 3532.611173 3579.577833 3620.007869 3650.279215 3650.022073 3633.024166 -9999.0 -9999.0 -9999.0 -9999.0 -9999.0 -9999.0 -9999.0 -9999.0 -9999.0 -9999.0
-9999.0 -9999.0 -9999.0 -9999.0 -9999.0 -9999.0 3299.968830 3310.349378 3330.823510 3332.910163 3359.082908 3363.688476 3381.723532 3398.158301 3419.370060 3431.183391 3454.985652 3483.914618 3518.721722 3555.069502 3581.515629 3568.723827 3573.219303 3590.943323 3615.808035 3633.147337 3655.184467 3692.537185 3764.429161 3800.273722 3791.151068 3791.446109 3799.478250 3849.972078 3913.913828 3924.288768 3903.558868 3890.702937 3914.852590 3952.670438 3950.080790 3948.803942 3962.451836 3973.524783 4000.414343 3989.106333 3953.254581 3948.788879 3956.491651 3932.794575 3862.731908 3806.199171 3789.066421 3742.347871 3658.878758 3617.616995 3643.677614 3672.979522 3652.484002 3603.850742 3572.804086 3568.455806 3558.397515 3552.794269 3566.499659 3590.390278 3614.967760 3629.500324 3618.109341 3597.633877 3576.361036 3548.523242 3551.467947 3576.563810 -9999.0 -9999.0 -9999.0 -9999.0 -9999.0 -9999.0
-9999.0 -9999.0 -9999.0 -9999.0 3250.880975 3263.411037 3247.895308 3273.665290 3304.943557 3337.818161 3364.203897 3394.533532 3416.528408 3442.117323 3473.709013 3493.622389 3523.936430 3552.315794 3598.207801 3658.147962 3701.317276 3713.331004 3721.089751 3771.449359 3827.289847 3873.760966 3892.361135 3918.382536 3965.059765 4021.707474 4043.702754 4046.150425 4063.093362 4107.440376 4164.938771 4200.407640 4182.555666 4173.313224 4183.966831 4198.756053 4220.911123 4220.958731 4222.093883 4226.508494 4234.542090 4232.526570 4205.374201 4171.691959 4158.644659 4148.275783 4108.919111 4036.083340 4006.566350 3977.122083 3932.807843 3877.992650 3832.614325 3835.580629 3780.801657 3725.638064 3677.062967 3670.770721 3651.772712 3637.008902 3621.051820 3634.597975 3647.589802 3633.252005 3603.720711 3574.906774 3562.388601 3545.209430 3534.100627 3565.582878 3583.664733 3613.165778 -9999.0 -9999.0 -9999.0 -9999.0
-9999.0 -9999.0 3192.570913 3237.099728 3293.544177 3298.665709 3290.411034 3292.079226 3317.289754 3365.256689 3425.337192 3460.129519 3486.771461 3516.081833 3565.219772 3624.903328 3683.369325 3725.354494 3783.420180 3852.910872 3911.907066 3938.297461 3946.708093 3982.521463 4037.799512 4108.206254 4136.714097 4163.575445 4195.997779 4233.271232 4222.921472 4233.253779 4246.161298 4260.105453 4276.166562 4283.882644 4278.798533 4274.147437 4255.456380 4250.081903 4256.527128 4264.941201 4263.649759 4248.813467 4244.830261 4259.995959 4266.501479 4264.235930 4261.071266 4265.716231 4260.220685 4210.567024 4195.245483 4179.661321 4167.335449 4120.599773 4053.149100 4021.351397 3999.261286 3957.572619 3883.883451 3847.566966 3808.901407 3775.118463 3738.652504 3726.915996 3695.638157 3664.267478 3626.200490 3585.978344 3567.412914 3553.683141 3553.684832 3554.567654 3572.624633 3588.465507 3604.526542 3612.646157 -9999.0 -9999.0
-9999.0 3082.433457 3152.844352 3272.811275 3349.317371 3384.156728 3389.248708 3389.362178 3413.419882 3445.706849 3529.808244 3575.141659 3657.442591 3695.182355 3734.921608 3824.663980 3919.825302 3963.702930 4003.336009 4068.379219 4135.242763 4182.866655 4209.468099 4184.931925 4225.417742 4257.225980 4266.034577 4273.559112 4274.109168 4265.542048 4259.275702 4265.856684 4262.765070 4243.313134 4226.980802 4225.128708 4221.664335 4198.109477 4170.394816 4154.648128 4155.770931 4181.033917 4167.689335 4146.196796 4141.733562 4163.577913 4185.394729 4174.545943 4161.316290 4177.978448 4212.922214 4238.504623 4238.677720 4257.486915 4278.667375 4249.181031 4228.567451 4184.046938 4166.904455 4141.298943 4083.788318 4028.925681 3980.604947 3932.319815 3880.363087 3832.295536 3785.072434 3738.199052 3685.558220 3653.185127 3629.432047 3587.513713 3575.700778 3582.789109 3578.333585 3577.074204 3583.856682 3590.499754 -9999.0 -9999.0
-9999.0 2983.926757 3121.739021 3297.070875 3437.855106 3475.535845 3532.034394 3584.752078 3596.934627 3538.917246 3639.747376 3857.412781 3982.535619 4000.842915 4077.515432 4174.234642 4153.489960 4185.352433 4209.090272 4236.918573 4259.250088 4274.261888 4272.720301 4267.755410 4251.099150 4243.055366 4242.130433 4239.963355 4222.363460 4203.226703 4186.287268 4182.945574 4164.651480 4114.186750 4080.602754 4062.713352 4042.903171 4029.745903 4002.797906 3976.599578 3959.651561 3969.329941 3968.160529 3955.073055 3950.667195 3968.512754 3999.436141 3998.007577 4010.583714 4030.352977 4065.856122 4104.486466 4123.866186 4153.211381 4189.048496 4237.773645 4245.972658 4268.559180 4271.303982 4261.671051 4214.517886 4162.529006 4132.947072 4077.236609 4017.659890 3955.952542 3906.895162 3862.223643 3806.965059 3773.375468 3734.651573 3681.362289 3639.562668 3633.347460 3600.539022 3588.185778 -9999.0 -9999.0 -9999.0 -9999.0
-9999.0 2880.432557 3055.863715 3290.440945 3585.086861 3652.148316 3854.147697 3968.134070 4006.176899 4074.270239 3945.583324 4159.629904 4214.985799 4210.647176 4228.768483 4232.353433 4246.920934 4246.134710 4241.045394 4229.926934 4220.196938 4215.515136 4214.502139 4206.561072 4193.871621 4179.179566 4167.179707 4155.572562 4118.560046 4086.315593 4046.301452 4033.593257 3987.865965 3895.557727 3856.958862 3817.742846 3756.036536 3759.126015 3767.839121 3744.204460 3724.440219 3695.316173 3725.806651 3737.372785 3741.860911 3736.560887 3745.568072 3775.041360 3823.625825 3858.159147 3896.944023 3945.019329 3975.672773 4014.896903 4054.490361 4106.947924 4138.409427 4167.435573 4216.890588 4254.029447 4276.876798 4262.462075 4244.435564 4199.078141 4138.607014 4089.146660 4059.910098 4009.077703 3965.470099 3922.117052 3875.760850 3823.133781 3761.752545 3711.030229 3677.677113 -9999.0 -9999.0 -9999.0 -9999.0 -9999.0
-9999.0 2658.921747 2914.553741 3172.717134 3440.791487 3784.702730 3961.937458 4054.526797 4118.414486 4103.762149 4129.393363 4135.117165 4172.468216 4180.092343 4158.755878 4144.580396 4126.501116 4125.411659 4138.515942 4110.955932 4080.418862 4066.918582 4067.858153 4057.176344 4033.139137 4018.289227 4009.062027 3990.382364 3947.321348 3896.825302 3812.231690 3776.829579 3697.450627 3660.604902 3625.001342 3578.398792 3534.695884 3541.116872 3566.663497 3558.347566 3537.955073 3521.285910 3551.032454 3572.262484 3585.649442 3568.965835 3575.409767 3609.666745 3655.854953 3696.030055 3739.471332 3787.115620 3828.977189 3867.714314 3887.912221 3926.597773 3968.725026 4010.364642 4080.717491 4159.769711 4196.172084 4231.106364 4259.621914 4281.690966 4238.594822 4212.637339 4188.685265 4164.949285 4118.462688 4072.922775 4032.362028 3967.273527 3907.731316 -9999.0 -9999.0 -9999.0 -9999.0 -9999.0 -9999.0 -9999.0
-9999.0 2548.376832 2738.367489 2914.805783 3152.676380 3380.222128 3605.846014 3695.885654 3766.502024 3842.352907 3898.727003 3937.334503 3963.118652 3984.897121 3962.387025 3915.746853 3883.227935 3888.322843 3878.889502 3858.236771 3830.803925 3818.144976 3815.437329 3810.930381 3790.103978 3780.309184 3773.898657 3756.243453 3731.648537 3679.162279 3608.827086 3535.776488 3483.235001 3465.612704 3444.311604 3418.646061 3393.559527 3407.534228 3420.374500 3421.087100 3415.391403 3416.229843 3445.269171 3465.295093 3474.703356 3463.999673 3482.038785 3504.642639 3540.881949 3579.641720 3623.771662 3673.314452 3721.230676 3740.508579 3741.541787 3751.746443 3778.444948 3821.068228 3896.974382 3982.994626 4061.499097 4107.314494 4158.341087 4198.681189 4227.262413 4251.329708 4274.360090 4267.905300 4241.556722 4207.965438 4148.717263 -9999.0 -9999.0 -9999.0 -9999.0 -9999.0 -9999.0 -9999.0 -9999.0 -9999.0
-9999.0 -9999.0 2513.612647 2662.675458 2753.954061 2896.728470 3028.124115 3132.114712 3232.510129 3376.807801 3501.182686 3595.972433 3642.851525 3658.527194 3644.963519 3617.403261 3600.879980 3600.447807 3588.583133 3583.018794 3569.681194 3564.941637 3553.098431 3546.073973 3543.203382 3543.639336 3542.207160 3534.943501 3519.458980 3479.408928 3444.794553 3402.103507 3357.686015 3337.472874 3320.780059 3305.336628 3310.983581 3306.526391 3312.509729 3316.055030 3326.465483 3341.131218 3360.458809 3383.222406 3392.860265 3403.209844 3413.702776 3434.822474 3464.099422 3503.696247 3554.478073 3608.768919 3644.073692 3650.156710 3631.163735 3624.985285 3631.756419 3659.241631 3720.806306 3788.954680 3879.006313 3944.739336 4011.680582 4067.937084 4094.831312 4131.223341 4202.078249 4250.152266 4293.391324 4270.945456 -9999.0 -9999.0 -9999.0 -9999.0 -9999.0 -9999.0 -9999.0 -9999.0 -9999.0 -9999.0
-9999.0 -9999.0 -9999.0 -9999.0 2523.248372 2669.141210 2766.656615 2823.245762 2956.197885 3077.944234 3181.403141 3268.562344 3338.464987 3364.340082 3366.507010 3385.358627 3385.179238 3375.571887 3364.633384 3370.765907 3377.023576 3371.428582 3354.841498 3349.576498 3355.009749 3364.658324 3364.445341 3353.387935 3337.165575 3326.296377 3316.534516 3288.432626 3258.693727 3233.471560 3223.562795 3222.585672 3224.092572 3217.088127 3226.188459 3236.040916 3252.524449 3267.857316 3291.381687 3321.237631 3336.090613 3350.616170 3358.751800 3376.572428 3404.587408 3455.584848 3516.806485 3572.944939 3606.537447 3606.382959 3577.106801 3554.601007 3541.074979 3557.352890 3585.216382 3634.530095 3723.092369 3784.865111 3829.194480 3867.162959 3903.432638 3969.155360 4064.771822 4146.596942 -9999.0 -9999.0 -9999.0 -9999.0 -9999.0 -9999.0 -9999.0 -9999.0 -9999.0 -9999.0 -9999.0 -9999.0
-9999.0 -9999.0 -9999.0 -9999.0 -9999.0 -9999.0 2503.144022 2610.039542 2675.580791 2806.031132 2953.422593 3051.924804 3135.391602 3172.133250 3205.632822 3236.892923 3238.068729 3217.584308 3195.399125 3218.220478 3239.023474 3232.965487 3200.528183 3203.263346 3211.978073 3221.251983 3220.442799 3216.730092 3194.689299 3215.058116 3222.890798 3203.134284 3180.637276 3171.733597 3162.224153 3173.793040 3175.162243 3161.556986 3160.813658 3188.909047 3210.556945 3223.550800 3244.446199 3277.645181 3310.071781 3325.654014 3326.131894 3330.127040 3365.713343 3433.153632 3503.754490 3558.536771 3589.241652 3593.494430 3562.148426 3516.755264 3489.941347 3487.850651 3510.955441 3548.837488 3608.991062 3644.195988 3653.462032 3652.471632 3663.193032 3763.595921 -9999.0 -9999.0 -9999.0 -9999.0 -9999.0 -9999.0 -9999.0 -9999.0 -9999.0 -9999.0 -9999.0 -9999.0 -9999.0 -9999.0
-9999.0 -9999.0 -9999.0 -9999.0 -9999.0 -9999.0 -9999.0 -9999.0 -9999.0 -9999.0 -9999.0 -9999.0 -9999.0 -9999.0 -9999.0 -9999.0 -9999.0 -9999.0 -9999.0 -9999.0 -9999.0 -9999.0 -9999.0 -9999.0 -9999.0 -9999.0 -9999.0 -9999.0 -9999.0 -9999.0 -9999.0 -9999.0 -9999.0 -9999.0 -9999.0 -9999.0 -9999.0 -9999.0 -9999.0 -9999.0 -9999.0 -9999.0 -9999.0 -9999.0 -9999.0 -9999.0 -9999.0 -9999.0 -9999.0 -9999.0 -9999.0 -9999.0 -9999.0 -9999.0 -9999.0 -9999.0 -9999.0 -9999.0 -9999.0 -9999.0 -9999.0 -9999.0 -9999.0 -9999.0 -9999.0 -9999.0 -9999.0 -9999.0 -9999.0 -9999.0 -9999.0 -9999.0 -9999.0 -9999.0 -9999.0 -9999.0 -9999.0 -9999.0 -9999.0 -9999.0
-9999.0 -9999.0 -9999.0 -9999.0 -9999.0 -9999.0 -9999.0 -9999.0 -9999.0 -9999.0 -9999.0 -9999.0 -9999.0 -9999.0 -9999.0 -9999.0 -9999.0 -9999.0 -9999.0 -9999.0 -9999.0 -9999.0 -9999.0 -9999.0 -9999.0 -9999.0 -9999.0 -9999.0 -9999.0 -9999.0 -9999.0 -9999.0 -9999.0 -9999.0 -9999.0 -9999.0 -9999.0 -9999.0 -9999.0 -9999.0 -9999.0 -9999.0 -9999.0 -9999.0 -9999.0 -9999.0 -9999.0 -9999.0 -9999.0 -9999.0 -9999.0 -9999.0 -9999.0 -9999.0 -9999.0 -9999.0 -9999.0 -9999.0 -9999.0 -9999.0 -9999.0 -9999.0 -9999.0 -9999.0 -9999.0 -9999.0 -9999.0 -9999.0 -9999.0 -9999.0 -9999.0 -9999.0 -9999.0 -9999.0 -9999.0 -9999.0 -9999.0 -9999.0 -9999.0 -9999.0