Borden_/Borden1m_014/output_maps/psiliqL0019N0017.asc
ncols         80
nrows         18
xllcorner     620200.000000
yllcorner     5168000.000000
cellsize      1.000000
NODATA_value  -9999.0
-9999.0 -9999.0 -9999.0 -9999.0 -9999.0 -9999.0 -9999.0 -9999.0 -9999.0 -9999.0 -9999.0 -9999.0 -9999.0 -9999.0 -9999.0 -9999.0 -9999.0 -9999.0 -9999.0 -9999.0 -9999.0 -9999.0 -9999.0 -9999.0 -9999.0 -9999.0 -9999.0 -9999.0 -9999.0 -9999.0 -9999.0 -9999.0 -9999.0 -9999.0 -9999.0 -9999.0 -9999.0 -9999.0 -9999.0 -9999.0 -9999.0 -9999.0 -9999.0 -9999.0 -9999.0 -9999.0 -9999.0 -9999.0 -9999.0 -9999.0 -9999.0 -9999.0 -9999.0 -9999.0 -9999.0 -9999.0 -9999.0 -9999.0 -9999.0 -9999.0 -9999.0 -9999.0 -9999.0 -9999.0 -9999.0 -9999.0 -9999.0 -9999.0 -9999.0 -9999.0 -9999.0 -9999.0 -9999.0 -9999.0 -9999.0 -9999.0 -9999.0 -9999.0 -9999.0 -9999.0
-9999.0 -9999.0 -9999.0 -9999.0 -9999.0 -9999.0 -9999.0 -9999.0 -9999.0 -9999.0 -9999.0 -9999.0 -9999.0 -9999.0 -9999.0 -9999.0 -9999.0 -9999.0 -9999.0 -9999.0 -9999.0 -9999.0 -9999.0 -9999.0 -9999.0 -9999.0 -9999.0 -9999.0 -9999.0 -9999.0 -9999.0 -9999.0 -9999.0 -9999.0 -9999.0 -9999.0 -9999.0 -9999.0 -9999.0 -9999.0 -9999.0 -9999.0 -9999.0 -9999.0 -9999.0 -9999.0 -9999.0 -9999.0 -9999.0 -9999.0 -9999.0 -9999.0 -9999.0 -9999.0 -9999.0 -9999.0 -9999.0 -9999.0 -9999.0 -9999.0 -9999.0 -9999.0 -9999.0 -9999.0 -9999.0 -9999.0 -9999.0 -9999.0 -9999.0 -9999.0 -9999.0 -9999.0 -9999.0 -9999.0 -9999.0 -9999.0 -9999.0 -9999.0 -9999.0 -9999.0
-9999.0 -9999.0 -9999.0 -9999.0 -9999.0 -9999.0 -9999.0 -9999.0 -9999.0 -9999.0 -9999.0 -9999.0 -9999.0 -9999.0 -9999.0 -9999.0 -9999.0 -9999.0 -9999.0 -9999.0 1959.054467 1961.995396 1941.825270 1910.198958 1884.629612 1889.154372 1925.246302 1968.134750 2008.684439 2019.794236 2004.129096 2010.309195 2009.071609 2009.377260 2013.367494 2022.552179 2029.336445 2040.496174 2048.502240 2047.236371 2040.424033 2035.114457 2036.111376 2038.404120 2044.207630 2032.051975 2047.077271 2062.554714 2066.674602 2060.757732 2032.471146 2014.982355 2002.462805 1983.123382 2005.066900 2013.702064 2033.255577 2034.408438 2029.961813 2001.305680 1970.188074 -9999.0 -9999.0 -9999.0 -9999.0 -9999.0 -9999.0 -9999.0 -9999.0 -9999.0 -9999.0 -9999.0 -9999.0 -9999.0 -9999.0 -9999.0 -9999.0 -9999.0 -9999.0 -9999.0
-9999.0 -9999.0 -9999.0 -9999.0 -9999.0 -9999.0 -9999.0 -9999.0 -9999.0 -9999.0 -9999.0 -9999.0 -9999.0 -9999.0 1862.134937 1854.345713 1853.718479 1864.163908 1899.754992 1931.945214 1944.389515 1938.677251 1940.905453 1919.636707 1901.200270 1917.557468 1949.599358 1982.513174 2018.248749 2039.485947 2031.348107 2032.708344 2045.255493 2071.955765 2085.444788 2084.242793 2066.685615 2091.379613 2106.134318 2112.482473 2110.775211 2101.208829 2111.628392 2126.251807 2119.452457 2103.801386 2112.454501 2126.114100 2137.166266 2124.170333 2059.802231 2039.560449 2031.023639 2021.219371 2004.027130 1995.622040 2018.921788 2015.059410 2003.998277 1983.912370 1949.363410 1904.258777 1883.630219 1920.670260 1962.044987 2016.835004 -9999.0 -9999.0 -9999.0 -9999.0 -9999.0 -9999.0 -9999.0 -9999.0 -9999.0 -9999.0 -9999.0 -9999.0 -9999.0 -9999.0
-9999.0 -9999.0 -9999.0 -9999.0 -9999.0 -9999.0 -9999.0 -9999.0 -9999.0 1799.734428 1805.874667 1814.665386 1819.067478 1836.500640 1835.147178 1844.422037 1852.979860 1883.159899 1916.716742 1954.116495 1984.519529 1978.363391 1981.098789 1992.269490 1996.223423 2010.350363 2034.458313 2075.716801 2112.819593 2153.480173 2126.534157 2128.080542 2151.930037 2200.862124 2232.213034 2238.536811 2221.461606 2234.164284 2258.222112 2276.524539 2273.550894 2268.528771 2292.064423 2305.968278 2304.354748 2285.107313 2280.107121 2284.966230 2312.163694 2260.269372 2191.678550 2141.806293 2144.879405 2114.043224 2077.550485 2057.180844 2051.877690 2068.035256 2050.055604 2010.475348 1972.783547 1958.790959 1938.391702 1953.751422 1973.210688 2016.428644 2053.544458 2079.733816 2076.577765 2057.367301 -9999.0 -9999.0 -9999.0 -9999.0 -9999.0 -9999.0 -9999.0 -9999.0 -9999.0 -9999.0
-9999.0 -9999.0 -9999.0 -9999.0 -9999.0 -9999.0 1719.513417 1730.667849 1752.662725 1757.609213 1785.124449 1793.711218 1816.157774 1837.393860 1861.992381 1880.367435 1912.085288 1947.862811 1991.055714 2036.538760 2071.326069 2067.096943 2079.968314 2110.593029 2150.601148 2180.575211 2207.960438 2248.623823 2323.605655 2365.135040 2370.283067 2379.251359 2394.959893 2449.049239 2515.165486 2528.326770 2508.831986 2495.344621 2516.245421 2551.232408 2551.961714 2551.159660 2563.487632 2573.755066 2600.639479 2592.030276 2555.192100 2546.949579 2550.911664 2531.878296 2465.308449 2399.345179 2364.303664 2309.251134 2223.885747 2170.730165 2179.589758 2195.794767 2163.979869 2107.715039 2065.698900 2052.661121 2034.156998 2018.513616 2022.753787 2038.929257 2057.534862 2065.572104 2049.203688 2025.085871 2000.588864 1969.429151 1969.052210 1992.329209 -9999.0 -9999.0 -9999.0 -9999.0 -9999.0 -9999.0
-9999.0 -9999.0 -9999.0 -9999.0 1668.081515 1682.545938 1671.018579 1698.625450 1733.252078 1769.458804 1802.058747 1839.852614 1868.915892 1901.668821 1943.392385 1977.462711 2020.260862 2058.876720 2117.486306 2189.946896 2243.927764 2267.601184 2284.639219 2346.627954 2414.078372 2470.584408 2493.979222 2521.787997 2566.515655 2625.669220 2653.479764 2663.031454 2685.351886 2727.187812 2779.406820 2815.762297 2799.350198 2791.180598 2798.098909 2809.374603 2830.807921 2830.705113 2832.064311 2835.412454 2841.966687 2842.257201 2819.621967 2789.135670 2775.779050 2766.597235 2732.497536 2658.993365 2618.041800 2583.957766 2543.298217 2487.578754 2425.626797 2410.173192 2347.815475 2286.396575 2224.741719 2202.803727 2169.186708 2140.567756 2109.778007 2108.646071 2108.434608 2083.792318 2046.731027 2010.564248 1992.213310 1970.039069 1955.332203 1982.618390 1997.570046 2025.598101 -9999.0 -9999.0 -9999.0 -9999.0
-9999.0 -9999.0 1605.672121 1654.584240 1714.003685 1724.757044 1725.660196 1733.610975 1764.543880 1818.971380 1892.851682 1941.376174 1982.456163 2020.148455 2083.005629 2161.301212 2234.193123 2286.598553 2355.927560 2434.927573 2501.915236 2535.101285 2552.225704 2597.198737 2658.185088 2727.477242 2756.854522 2783.542859 2816.527974 2851.121720 2855.789786 2870.483412 2882.881001 2891.294245 2900.937480 2904.316756 2898.764835 2892.838319 2873.435765 2868.114779 2873.920589 2879.874538 2880.190829 2866.756372 2863.727558 2879.375306 2886.825823 2888.731815 2890.310662 2898.904768 2899.692825 2855.860404 2824.247265 2806.668516 2791.473013 2744.408720 2676.382425 2634.688654 2609.359483 2562.055741 2483.348643 2432.163311 2378.086616 2327.573727 2271.417965 2238.352690 2188.195320 2141.548868 2090.254780 2039.123068 2010.761633 1988.409909 1981.253834 1976.144938 1988.646683 2000.623424 2013.490212 2019.993904 -9999.0 -9999.0
-9999.0 1498.893754 1571.836339 1698.558248 1781.416733 1827.999576 1856.004686 1875.980350 1907.772594 1940.934424 2042.348194 2120.124386 2212.147443 2255.605128 2309.844323 2412.255368 2512.888213 2567.355466 2614.805041 2681.796529 2748.855984 2800.931888 2830.246159 2831.559615 2870.879873 2892.894358 2898.962040 2903.884706 2901.557466 2893.133298 2884.944639 2891.277226 2887.955879 2868.944459 2851.889092 2846.917444 2839.187123 2812.959026 2781.775179 2765.603306 2766.764473 2791.877636 2778.126865 2757.489119 2754.469289 2777.680226 2802.469821 2797.507579 2789.450082 2812.764671 2849.885805 2873.662134 2880.528471 2897.748274 2917.801142 2889.810888 2862.849613 2818.822250 2796.932867 2768.288742 2710.616368 2650.730001 2593.502422 2529.093443 2460.180575 2390.317581 2322.391844 2254.582763 2183.806328 2137.262245 2100.738424 2044.944179 2018.200592 2013.221504 1998.859311 1991.441679 1993.406798 1998.034953 -9999.0 -9999.0
-9999.0 1412.376727 1554.716476 1739.568228 1891.252420 1950.375926 2044.220098 2120.746097 2148.662276 2115.279416 2225.097346 2447.987655 2565.991944 2590.620100 2670.606729 2771.636853 2783.218666 2821.123116 2849.674122 2871.147383 2887.568606 2900.647422 2899.195058 2893.964439 2879.296574 2871.983609 2870.937399 2868.378730 2850.635835 2830.272163 2810.588715 2803.895379 2781.266404 2732.890515 2696.795109 2674.558263 2651.529966 2630.092375 2598.306702 2570.307471 2552.400958 2566.216889 2562.901075 2546.608150 2543.553185 2567.474209 2601.371191 2603.939065 2622.170508 2650.154777 2693.462982 2735.555801 2760.101518 2792.498688 2831.190992 2876.508185 2889.074093 2910.962036 2914.998046 2900.259250 2856.683469 2803.620018 2769.786707 2707.584086 2636.048040 2554.570594 2486.885885 2420.509378 2346.481534 2295.275612 2240.286085 2172.768951 2110.339051 2079.071665 2031.835255 2007.458927 -9999.0 -9999.0 -9999.0 -9999.0
-9999.0 1324.429405 1510.473855 1764.591589 2054.587287 2160.318089 2375.431056 2509.570668 2566.970671 2641.396881 2587.094909 2763.734278 2813.885307 2814.862869 2825.681922 2835.355385 2855.314445 2861.652877 2861.760293 2855.276515 2848.648421 2844.858124 2841.960979 2831.666184 2816.795904 2800.171381 2784.440422 2771.248866 2732.718734 2697.168544 2654.995891 2635.423487 2590.659132 2493.814490 2448.279223 2405.024748 2339.296653 2330.870615 2326.747178 2297.567228 2278.125776 2253.641198 2278.904790 2287.751898 2291.966025 2292.965936 2309.964412 2342.451486 2396.927591 2441.975797 2491.680068 2548.187488 2589.302317 2637.164860 2683.748302 2739.641209 2773.760332 2806.234255 2857.771812 2898.288711 2923.904179 2913.430259 2890.552543 2845.353147 2775.487496 2712.132594 2664.603501 2592.100187 2526.581887 2471.050192 2415.659962 2348.885520 2267.309975 2172.972189 2122.210112 -9999.0 -9999.0 -9999.0 -9999.0 -9999.0
-9999.0 1127.844841 1395.331854 1677.914734 1983.124720 2327.786503 2490.109635 2616.271825 2693.452208 2674.415503 2693.850448 2713.977487 2759.862730 2771.960263 2755.143187 2748.119177 2737.888687 2740.473904 2756.046235 2731.886524 2703.607895 2689.107022 2685.190164 2668.056915 2639.000000 2619.026270 2606.791672 2585.041377 2534.657824 2479.899956 2391.126024 2352.148164 2269.149834 2217.265571 2172.460221 2118.932613 2064.525304 2061.717330 2079.485310 2065.806045 2043.892481 2025.842355 2053.872469 2074.243325 2087.980534 2076.144965 2086.774936 2125.896004 2180.415796 2230.456083 2284.642918 2344.100754 2395.155433 2447.818738 2482.126921 2532.791804 2585.096244 2635.515010 2712.541851 2795.968023 2839.336630 2877.687002 2911.485663 2930.741608 2881.752375 2838.027682 2791.099245 2735.408317 2664.675649 2619.628669 2586.988570 2522.036600 2451.096161 -9999.0 -9999.0 -9999.0 -9999.0 -9999.0 -9999.0 -9999.0
-9999.0 1006.953027 1216.952032 1434.256139 1710.088698 1952.911697 2168.135235 2279.774331 2365.477196 2423.059726 2471.475292 2511.146109 2543.982213 2569.599888 2552.246642 2512.593424 2485.197512 2491.583347 2487.028776 2465.044623 2435.802062 2418.880197 2410.983020 2397.801596 2367.755649 2349.797763 2337.102591 2312.776358 2280.944120 2223.473658 2142.457258 2064.415810 2002.746268 1972.882355 1943.059154 1909.370661 1874.001452 1882.594447 1893.239458 1890.486438 1881.244227 1879.434635 1908.671002 1928.266401 1938.875567 1928.757140 1949.506041 1977.780016 2021.835790 2069.023013 2121.493344 2179.432033 2236.987282 2269.805463 2285.638904 2311.420393 2353.125593 2411.641513 2503.140447 2605.781029 2691.601344 2746.176398 2802.713890 2843.667868 2862.671761 2875.343479 2858.636501 2790.974599 2702.523701 2694.858035 2693.561654 -9999.0 -9999.0 -9999.0 -9999.0 -9999.0 -9999.0 -9999.0 -9999.0 -9999.0
-9999.0 -9999.0 986.558188 1156.184943 1281.755920 1459.079880 1611.480589 1726.334899 1825.489026 1955.077571 2070.936129 2161.488227 2207.737917 2226.665088 2215.451507 2187.560275 2169.859577 2170.894860 2160.677518 2151.174553 2131.710546 2121.581300 2105.105046 2091.931332 2079.078598 2071.517363 2064.749664 2053.057574 2031.363140 1984.300779 1936.944543 1885.218171 1831.732136 1805.487672 1782.916984 1760.983271 1759.648933 1753.886282 1758.404156 1759.940325 1767.584674 1780.724229 1800.729724 1823.339932 1833.645855 1843.817793 1857.142603 1882.132161 1916.799084 1961.312870 2017.706139 2078.477719 2121.562184 2137.480204 2130.193099 2136.853988 2158.531135 2204.211305 2288.249989 2378.430655 2483.594905 2563.532609 2644.618507 2704.994902 2728.070040 2750.298727 2775.047673 2736.886727 2621.219518 2650.691023 -9999.0 -9999.0 -9999.0 -9999.0 -9999.0 -9999.0 -9999.0 -9999.0 -9999.0 -9999.0
-9999.0 -9999.0 -9999.0 -9999.0 1017.579305 1171.570677 1271.095072 1356.142151 1489.989645 1616.960384 1721.882718 1808.262075 1873.719118 1901.776416 1901.035621 1911.763634 1909.601030 1903.146182 1893.072373 1893.201533 1892.490143 1883.141214 1865.160182 1854.928021 1853.746431 1857.221594 1853.274010 1838.761285 1819.866626 1798.621103 1779.016232 1744.282395 1708.156502 1678.286168 1664.358778 1658.383391 1657.267187 1649.264378 1657.314967 1664.862555 1680.200970 1695.416195 1719.185616 1748.548340 1762.975523 1778.335545 1788.644267 1809.828832 1841.515433 1896.420699 1961.640346 2021.580356 2060.324871 2067.353806 2045.485828 2032.300959 2031.017935 2062.284225 2111.115605 2182.837668 2291.659944 2374.041895 2439.707448 2493.399314 2533.867891 2589.366421 2656.601145 2701.121875 -9999.0 -9999.0 -9999.0 -9999.0 -9999.0 -9999.0 -9999.0 -9999.0 -9999.0 -9999.0 -9999.0 -9999.0
-9999.0 -9999.0 -9999.0 -9999.0 -9999.0 -9999.0 984.169646 1088.566933 1167.090519 1312.113868 1448.968288 1553.712697 1636.200955 1670.411001 1700.313500 1729.354925 1729.071398 1710.504836 1690.483564 1709.406551 1723.526984 1715.722175 1682.981915 1680.872107 1684.251686 1690.734797 1687.258546 1680.134640 1654.436187 1666.554556 1667.307549 1643.240334 1616.525826 1602.188473 1589.657861 1598.610454 1598.134203 1583.758976 1583.476271 1610.389718 1630.810157 1643.886878 1665.549518 1698.921240 1731.628056 1747.472252 1749.414437 1756.063267 1796.323155 1867.607798 1940.940062 1998.299219 2032.981615 2043.313143 2018.905005 1981.321263 1963.912186 1974.518279 2013.491552 2070.850491 2153.172841 2209.931099 2243.474513 2264.128223 2287.857557 2384.134061 -9999.0 -9999.0 -9999.0 -9999.0 -9999.0 -9999.0 -9999.0 -9999.0 -9999.0 -9999.0 -9999.0 -9999.0 -9999.0 -9999.0
-9999.0 -9999.0 -9999.0 -9999.0 -9999.0 -9999.0 -9999.0 -9999.0 -9999.0 -9999.0 -9999.0 -9999.0 -9999.0 -9999.0 -9999.0 -9999.0 -9999.0 -9999.0 -9999.0 -9999.0 -9999.0 -9999.0 -9999.0 -9999.0 -9999.0 -9999.0 -9999.0 -9999.0 -9999.0 -9999.0 -9999.0 -9999.0 -9999.0 -9999.0 -9999.0 -9999.0 -9999.0 -9999.0 -9999.0 -9999.0 -9999.0 -9999.0 -9999.0 -9999.0 -9999.0 -9999.0 -9999.0 -9999.0 -9999.0 -9999.0 -9999.0 -9999.0 -9999.0 -9999.0 -9999.0 -9999.0 -9999.0 -9999.0 -9999.0 -9999.0 -9999.0 -9999.0 -9999.0 -9999.0 -9999.0 -9999.0 -9999.0 -9999.0 -9999.0 -9999.0 -9999.0 -9999.0 -9999.0 -9999.0 -9999.0 -9999.0 -9999.0 -9999.0 -9999.0 -9999.0
-9999.0 -9999.0 -9999.0 -9999.0 -9999.0 -9999.0 -9999.0 -9999.0 -9999.0 -9999.0 -9999.0 -9999.0 -9999.0 -9999.0 -9999.0 -9999.0 -9999.0 -9999.0 -9999.0 -9999.0 -9999.0 -9999.0 -9999.0 -9999.0 -9999.0 -9999.0 -9999.0 -9999.0 -9999.0 -9999.0 -9999.0 -9999.0 -9999.0 -9999.0 -9999.0 -9999.0 -9999.0 -9999.0 -9999.0 -9999.0 -9999.0 -9999.0 -9999.0 -9999.0 -9999.0 -9999.0 -9999.0 -9999.0 -9999.0 -9999.0 -9999.0 -9999.0 -9999.0 -9999.0 -9999.0 -9999.0 -9999.0 -9999.0 -9999.0 -9999.0 -9999.0 -9999.0 -9999.0 -9999.0 -9999.0 -9999.0 -9999.0 -9999.0 -9999.0 -9999.0 -9999.0 -9999.0 -9999.0 -9999.0 -9999.0 -9999.0 -9999.0 -9999.0 -9999.0 -9999.0