Borden_/Borden1m_014/output_maps/psiliqL0028N0040.asc
ncols         80
nrows         18
xllcorner     620200.000000
yllcorner     5168000.000000
cellsize      1.000000
NODATA_value  -9999.0
-9999.0 -9999.0 -9999.0 -9999.0 -9999.0 -9999.0 -9999.0 -9999.0 -9999.0 -9999.0 -9999.0 -9999.0 -9999.0 -9999.0 -9999.0 -9999.0 -9999.0 -9999.0 -9999.0 -9999.0 -9999.0 -9999.0 -9999.0 -9999.0 -9999.0 -9999.0 -9999.0 -9999.0 -9999.0 -9999.0 -9999.0 -9999.0 -9999.0 -9999.0 -9999.0 -9999.0 -9999.0 -9999.0 -9999.0 -9999.0 -9999.0 -9999.0 -9999.0 -9999.0 -9999.0 -9999.0 -9999.0 -9999.0 -9999.0 -9999.0 -9999.0 -9999.0 -9999.0 -9999.0 -9999.0 -9999.0 -9999.0 -9999.0 -9999.0 -9999.0 -9999.0 -9999.0 -9999.0 -9999.0 -9999.0 -9999.0 -9999.0 -9999.0 -9999.0 -9999.0 -9999.0 -9999.0 -9999.0 -9999.0 -9999.0 -9999.0 -9999.0 -9999.0 -9999.0 -9999.0
-9999.0 -9999.0 -9999.0 -9999.0 -9999.0 -9999.0 -9999.0 -9999.0 -9999.0 -9999.0 -9999.0 -9999.0 -9999.0 -9999.0 -9999.0 -9999.0 -9999.0 -9999.0 -9999.0 -9999.0 -9999.0 -9999.0 -9999.0 -9999.0 -9999.0 -9999.0 -9999.0 -9999.0 -9999.0 -9999.0 -9999.0 -9999.0 -9999.0 -9999.0 -9999.0 -9999.0 -9999.0 -9999.0 -9999.0 -9999.0 -9999.0 -9999.0 -9999.0 -9999.0 -9999.0 -9999.0 -9999.0 -9999.0 -9999.0 -9999.0 -9999.0 -9999.0 -9999.0 -9999.0 -9999.0 -9999.0 -9999.0 -9999.0 -9999.0 -9999.0 -9999.0 -9999.0 -9999.0 -9999.0 -9999.0 -9999.0 -9999.0 -9999.0 -9999.0 -9999.0 -9999.0 -9999.0 -9999.0 -9999.0 -9999.0 -9999.0 -9999.0 -9999.0 -9999.0 -9999.0
-9999.0 -9999.0 -9999.0 -9999.0 -9999.0 -9999.0 -9999.0 -9999.0 -9999.0 -9999.0 -9999.0 -9999.0 -9999.0 -9999.0 -9999.0 -9999.0 -9999.0 -9999.0 -9999.0 -9999.0 3725.109970 3725.773568 3704.094097 3669.787525 3641.330042 3642.899746 3675.323050 3715.611293 3754.227551 3760.943676 3741.422134 3745.209831 3740.573421 3735.308860 3734.941499 3742.661599 3749.549355 3758.882228 3765.494945 3762.797127 3755.172841 3750.135832 3753.083072 3754.423670 3760.838711 3745.748302 3762.095411 3778.572203 3783.209264 3780.895792 3757.737322 3746.476392 3738.789766 3723.375711 3750.484046 3762.330045 3786.137272 3791.063487 3789.257613 3762.823117 3732.938586 -9999.0 -9999.0 -9999.0 -9999.0 -9999.0 -9999.0 -9999.0 -9999.0 -9999.0 -9999.0 -9999.0 -9999.0 -9999.0 -9999.0 -9999.0 -9999.0 -9999.0 -9999.0 -9999.0
-9999.0 -9999.0 -9999.0 -9999.0 -9999.0 -9999.0 -9999.0 -9999.0 -9999.0 -9999.0 -9999.0 -9999.0 -9999.0 -9999.0 3635.222783 3626.477814 3623.365591 3630.205059 3662.215115 3692.239969 3703.674427 3695.982563 3695.495746 3670.276792 3646.713284 3658.715179 3687.660035 3717.532386 3750.336381 3766.836397 3755.601616 3752.634405 3758.777082 3776.991910 3783.897212 3779.935168 3762.535644 3786.863987 3799.522877 3803.106927 3800.806932 3790.670047 3798.603768 3812.266140 3805.130603 3790.203898 3802.205306 3817.782908 3828.298093 3821.186070 3764.215273 3753.663327 3750.960523 3747.734726 3735.217655 3732.173778 3761.457625 3761.395059 3754.780506 3738.112062 3705.076100 3659.991565 3641.425594 3682.837850 3726.906368 3783.457623 -9999.0 -9999.0 -9999.0 -9999.0 -9999.0 -9999.0 -9999.0 -9999.0 -9999.0 -9999.0 -9999.0 -9999.0 -9999.0 -9999.0
-9999.0 -9999.0 -9999.0 -9999.0 -9999.0 -9999.0 -9999.0 -9999.0 -9999.0 3578.031499 3584.050201 3590.695988 3592.904463 3607.624175 3603.911182 3610.429742 3613.495176 3640.368078 3669.130374 3701.907737 3728.147123 3718.495830 3716.500502 3718.841905 3711.153668 3717.759641 3737.527537 3773.307988 3802.816167 3836.925855 3802.336785 3796.736249 3813.736566 3853.755625 3874.719258 3875.482094 3856.585286 3874.871256 3898.084338 3912.569790 3908.586664 3901.946156 3928.271644 3943.870485 3936.186264 3914.101997 3914.877200 3923.748607 3953.766994 3903.021261 3836.937431 3800.954796 3819.121937 3799.677764 3776.134774 3767.066239 3768.822035 3789.751474 3779.008234 3746.070106 3713.760050 3702.348135 3686.141193 3708.437441 3732.433718 3779.381352 3819.890722 3850.211548 3849.883047 3832.867070 -9999.0 -9999.0 -9999.0 -9999.0 -9999.0 -9999.0 -9999.0 -9999.0 -9999.0 -9999.0
-9999.0 -9999.0 -9999.0 -9999.0 -9999.0 -9999.0 3499.662007 3510.141891 3530.678598 3532.600776 3558.902696 3563.388124 3581.439118 3597.772791 3619.078522 3630.682954 3654.191147 3683.022300 3717.582497 3753.637914 3779.903490 3766.720783 3771.041913 3788.060573 3812.114189 3828.805236 3850.885573 3888.411448 3960.497746 3996.321203 3986.204637 3986.308346 3994.319232 4045.077223 4109.149701 4119.218199 4098.423850 4085.711648 4110.291955 4148.454587 4145.427612 4144.108679 4158.162966 4169.428932 4196.387369 4184.760327 4148.888677 4144.988056 4153.335855 4128.858033 4057.790378 4001.438862 3985.158857 3938.096237 3854.019264 3813.412873 3840.760880 3870.691818 3850.562923 3801.994870 3771.372045 3767.250423 3757.334685 3752.092277 3766.159082 3790.232282 3814.810425 3829.440567 3818.034098 3797.502323 3776.270654 3748.438696 3751.420441 3776.481107 -9999.0 -9999.0 -9999.0 -9999.0 -9999.0 -9999.0
-9999.0 -9999.0 -9999.0 -9999.0 3450.583894 3463.139363 3447.430529 3473.345536 3504.622982 3537.524939 3563.654366 3593.811880 3615.628756 3641.092559 3672.262656 3691.354492 3721.136021 3749.340370 3794.976967 3854.667427 3897.598052 3909.066972 3916.679575 3966.942831 4022.785139 4069.092279 4087.780440 4114.041886 4161.478842 4218.359789 4240.244630 4242.497087 4259.474375 4304.619041 4363.022247 4398.757306 4380.756795 4371.357807 4382.416021 4397.556763 4419.721837 4419.755559 4420.902499 4425.512872 4433.813287 4431.618862 4404.061936 4370.189378 4357.066619 4346.503574 4306.190157 4232.753239 4203.639505 4173.752339 4128.109651 4072.687581 4028.445798 4032.481296 3977.313020 3921.705262 3873.667224 3868.145435 3849.610054 3835.233937 3819.858965 3833.935171 3847.325098 3833.141824 3803.548337 3774.795774 3762.335309 3745.176205 3733.972163 3765.509231 3783.588234 3812.991669 -9999.0 -9999.0 -9999.0 -9999.0
-9999.0 -9999.0 3392.225284 3436.490816 3493.001571 3497.975690 3489.205537 3490.744088 3515.922258 3563.830765 3623.230249 3657.256200 3683.114195 3712.515894 3761.341417 3820.071483 3878.138801 3920.230655 3978.767469 4048.724429 4107.905316 4134.163263 4142.368586 4178.463731 4234.259022 4305.657620 4334.532472 4361.693885 4394.581234 4432.441060 4420.475309 4430.555729 4443.816468 4458.615030 4475.466855 4483.606755 4478.371802 4473.686881 4454.905998 4449.390428 4455.807449 4464.502581 4463.001748 4448.050507 4444.059154 4459.344672 4466.044659 4463.648197 4460.246433 4464.711168 4458.510932 4407.938886 4394.232391 4378.391152 4365.619666 4318.465523 4250.456149 4218.999881 4196.427985 4154.183982 4080.144204 4044.441232 4006.030135 3972.629712 3936.579175 3925.581816 3894.779985 3863.637092 3825.721631 3785.590081 3767.149775 3753.574633 3753.621865 3754.460646 3772.580265 3788.400192 3804.468505 3812.590347 -9999.0 -9999.0
-9999.0 3281.205186 3351.484744 3471.375719 3547.826899 3582.302243 3585.695251 3584.451909 3608.634601 3641.957151 3725.155798 3767.896257 3850.375016 3888.879329 3928.431942 4018.361641 4114.463933 4158.895005 4199.181595 4265.361826 4333.150869 4381.212281 4408.037792 4380.912014 4422.154080 4455.598246 4464.946336 4472.867961 4473.826468 4465.218136 4459.120845 4465.637430 4462.458180 4442.824832 4426.320396 4424.401542 4420.896079 4397.181890 4369.341235 4353.407134 4354.348284 4379.811868 4366.321289 4344.749958 4340.255030 4362.222248 4384.341602 4373.386206 4360.099661 4376.819261 4411.997416 4438.064827 4437.511394 4456.526334 4477.755254 4447.940626 4427.870443 4382.869018 4365.560186 4339.816205 4281.817554 4226.884140 4178.330030 4130.071111 4078.233198 4030.594231 3983.438558 3936.593101 3884.119258 3851.801915 3828.218597 3786.648933 3775.294381 3782.574268 3778.293529 3777.050719 3783.807942 3790.445884 -9999.0 -9999.0
-9999.0 3181.218573 3318.736649 3493.884043 3634.566404 3671.250485 3725.011964 3776.632861 3788.414449 3728.680039 3830.074514 4048.996634 4177.061146 4196.172761 4273.926286 4372.089949 4348.679733 4380.984544 4405.174728 4434.650950 4458.274982 4473.861531 4472.468760 4467.669424 4450.889775 4442.817380 4441.859339 4439.649277 4421.903171 4402.635005 4385.596481 4382.115603 4363.559080 4312.309691 4278.430414 4260.207262 4239.741514 4226.779480 4200.034233 4173.648827 4156.333518 4165.450770 4164.745818 4151.954201 4147.557415 4165.198152 4196.170126 4195.159006 4208.380305 4228.288648 4263.856377 4302.883177 4322.369545 4351.921196 4387.945757 4437.278696 4445.022108 4467.733368 4470.326827 4461.355095 4413.710674 4361.340492 4331.587814 4275.544882 4215.903418 4154.133725 4104.827175 4060.050721 4004.580678 3971.170683 3932.616958 3879.289324 3838.058332 3832.696582 3800.100351 3788.127539 -9999.0 -9999.0 -9999.0 -9999.0
-9999.0 3074.004094 3250.212245 3483.614537 3780.599758 3845.294189 4048.717497 4163.207994 4201.016277 4270.009837 4133.543859 4354.125452 4411.627833 4407.843491 4427.965301 4431.879358 4446.688970 4445.780690 4440.681191 4429.474800 4419.623469 4414.847805 4413.873783 4405.909116 4393.165026 4378.410207 4366.330336 4354.577101 4317.251132 4284.739821 4244.058379 4231.155157 4184.451060 4091.587101 4052.957192 4013.098256 3950.537109 3954.015481 3963.635685 3940.098184 3920.119043 3890.158932 3921.376996 3933.599606 3938.340951 3932.445414 3941.010226 3971.279809 4020.622716 4055.457948 4094.319464 4142.667024 4173.595098 4212.986524 4252.507247 4305.182480 4336.943152 4366.125580 4416.082166 4453.341863 4476.298874 4461.563941 4444.002477 4398.053607 4337.328200 4287.707374 4258.186079 4206.962919 4163.189053 4119.865225 4073.441649 4020.755604 3959.253358 3909.896655 3876.765394 -9999.0 -9999.0 -9999.0 -9999.0 -9999.0
-9999.0 2843.736589 3103.440179 3362.039957 3627.364763 3974.065225 4156.706995 4248.262065 4312.882656 4300.489784 4328.252599 4333.426793 4371.033909 4378.996441 4357.717015 4343.243948 4324.747805 4323.657931 4336.799294 4309.033945 4278.228123 4264.579830 4265.552267 4254.877041 4230.653291 4215.810949 4206.609203 4187.713511 4144.546435 4093.606581 4008.259945 3971.884496 3891.581167 3855.768228 3820.414102 3773.631745 3730.096531 3736.880023 3762.954478 3754.978858 3734.611123 3718.009008 3748.029832 3769.634626 3783.192865 3766.161507 3772.550004 3806.937510 3853.238392 3893.579107 3937.075822 3984.840058 4027.009717 4065.631141 4085.403588 4123.719589 4166.042561 4207.887942 4278.608464 4358.381231 4395.269951 4430.522196 4458.687780 4480.919459 4437.600818 4411.948780 4387.753494 4363.719905 4316.905458 4271.171781 4230.590547 4164.970121 4105.404158 -9999.0 -9999.0 -9999.0 -9999.0 -9999.0 -9999.0 -9999.0
-9999.0 2741.469601 2920.808477 3098.652324 3336.582789 3564.648554 3794.415103 3884.461489 3955.597632 4035.364376 4093.930272 4133.369088 4159.177183 4181.184942 4158.741056 4111.503755 4078.671555 4083.864902 4073.972305 4053.497242 4026.099827 4013.500923 4010.653889 4006.221758 3985.513305 3975.893429 3969.581086 3951.963880 3927.661278 3874.897658 3804.755488 3731.069306 3678.738430 3661.896943 3640.951784 3615.583372 3591.141965 3605.268163 3618.001554 3618.979052 3613.623253 3614.744014 3643.780295 3663.926100 3673.325233 3662.773010 3680.843027 3703.295963 3739.363529 3778.156539 3822.327435 3871.933554 3919.936515 3938.938510 3939.443563 3948.963275 3975.306656 4017.779864 4093.715154 4180.031250 4259.483036 4305.703559 4357.040672 4397.750572 4426.767407 4450.063918 4473.702758 4467.712203 4440.974803 4407.142566 4347.363359 -9999.0 -9999.0 -9999.0 -9999.0 -9999.0 -9999.0 -9999.0 -9999.0 -9999.0
-9999.0 -9999.0 2704.999082 2840.655709 2925.102864 3074.463118 3209.646762 3313.889165 3417.423450 3565.287232 3691.878531 3788.170071 3835.688701 3851.484820 3838.106413 3811.056734 3794.934213 3794.446447 3782.384749 3777.192289 3764.324658 3759.746115 3747.669545 3740.617043 3738.218931 3739.001941 3737.710275 3730.555117 3715.321759 3675.471605 3641.676584 3599.357802 3555.190033 3535.174548 3518.721956 3503.634144 3509.757994 3505.139648 3511.070679 3514.738841 3525.426461 3540.260360 3559.526645 3582.502361 3592.174309 3602.727504 3613.143121 3634.178908 3663.322676 3702.948132 3753.783040 3808.188910 3843.530970 3849.467696 3830.098570 3823.435916 3829.619765 3856.561261 3917.419019 3985.319469 4076.020960 4142.195896 4209.335690 4265.968927 4293.113564 4329.515466 4400.993724 4449.114144 4493.124712 4470.635476 -9999.0 -9999.0 -9999.0 -9999.0 -9999.0 -9999.0 -9999.0 -9999.0 -9999.0 -9999.0
-9999.0 -9999.0 -9999.0 -9999.0 2712.268744 2840.331789 2935.282940 3003.684987 3136.413721 3265.952883 3371.756349 3459.833899 3530.834220 3557.170634 3560.104418 3580.270181 3580.507831 3570.561071 3559.467304 3566.202023 3573.067050 3567.549535 3550.402011 3545.231096 3550.978108 3560.945325 3560.805443 3549.812919 3533.517889 3523.475751 3514.435223 3486.666498 3457.273489 3432.218083 3422.456088 3421.788542 3423.353763 3416.256797 3425.331527 3435.385285 3451.962919 3467.296981 3490.806702 3520.768184 3535.761134 3550.321583 3558.389740 3576.076611 3604.133221 3655.121331 3716.393044 3772.670349 3806.403185 3806.181603 3776.837479 3754.103124 3740.180977 3756.054751 3783.236143 3831.926891 3920.428387 3982.234797 4026.093487 4063.680536 4099.989289 4166.284904 4262.866998 4345.203910 -9999.0 -9999.0 -9999.0 -9999.0 -9999.0 -9999.0 -9999.0 -9999.0 -9999.0 -9999.0 -9999.0 -9999.0
-9999.0 -9999.0 -9999.0 -9999.0 -9999.0 -9999.0 2694.008967 2801.368066 2841.780212 2988.881330 3137.659327 3244.290420 3328.373278 3365.776356 3401.952435 3433.752577 3435.239805 3414.541265 3392.025241 3415.200683 3436.620965 3430.480949 3397.726929 3400.677871 3409.672119 3418.938669 3418.135335 3414.528588 3392.600029 3413.625508 3421.945728 3402.335296 3379.989822 3370.511595 3361.151315 3372.860023 3374.299722 3360.661242 3359.771006 3388.613812 3410.384305 3423.358897 3444.175371 3477.394823 3509.864938 3525.535488 3526.002010 3529.896975 3565.203365 3632.654982 3703.376033 3758.345532 3789.177149 3793.379621 3761.971105 3716.450614 3689.492889 3687.122823 3709.874128 3747.270147 3807.020292 3841.908141 3850.374052 3848.442369 3858.530741 3959.692751 -9999.0 -9999.0 -9999.0 -9999.0 -9999.0 -9999.0 -9999.0 -9999.0 -9999.0 -9999.0 -9999.0 -9999.0 -9999.0 -9999.0
-9999.0 -9999.0 -9999.0 -9999.0 -9999.0 -9999.0 -9999.0 -9999.0 -9999.0 -9999.0 -9999.0 -9999.0 -9999.0 -9999.0 -9999.0 -9999.0 -9999.0 -9999.0 -9999.0 -9999.0 -9999.0 -9999.0 -9999.0 -9999.0 -9999.0 -9999.0 -9999.0 -9999.0 -9999.0 -9999.0 -9999.0 -9999.0 -9999.0 -9999.0 -9999.0 -9999.0 -9999.0 -9999.0 -9999.0 -9999.0 -9999.0 -9999.0 -9999.0 -9999.0 -9999.0 -9999.0 -9999.0 -9999.0 -9999.0 -9999.0 -9999.0 -9999.0 -9999.0 -9999.0 -9999.0 -9999.0 -9999.0 -9999.0 -9999.0 -9999.0 -9999.0 -9999.0 -9999.0 -9999.0 -9999.0 -9999.0 -9999.0 -9999.0 -9999.0 -9999.0 -9999.0 -9999.0 -9999.0 -9999.0 -9999.0 -9999.0 -9999.0 -9999.0 -9999.0 -9999.0
-9999.0 -9999.0 -9999.0 -9999.0 -9999.0 -9999.0 -9999.0 -9999.0 -9999.0 -9999.0 -9999.0 -9999.0 -9999.0 -9999.0 -9999.0 -9999.0 -9999.0 -9999.0 -9999.0 -9999.0 -9999.0 -9999.0 -9999.0 -9999.0 -9999.0 -9999.0 -9999.0 -9999.0 -9999.0 -9999.0 -9999.0 -9999.0 -9999.0 -9999.0 -9999.0 -9999.0 -9999.0 -9999.0 -9999.0 -9999.0 -9999.0 -9999.0 -9999.0 -9999.0 -9999.0 -9999.0 -9999.0 -9999.0 -9999.0 -9999.0 -9999.0 -9999.0 -9999.0 -9999.0 -9999.0 -9999.0 -9999.0 -9999.0 -9999.0 -9999.0 -9999.0 -9999.0 -9999.0 -9999.0 -9999.0 -9999.0 -9999.0 -9999.0 -9999.0 -9999.0 -9999.0 -9999.0 -9999.0 -9999.0 -9999.0 -9999.0 -9999.0 -9999.0 -9999.0 -9999.0