Borden_/Borden1m_014/output_maps/psiliqL0029N0020.asc
ncols         80
nrows         18
xllcorner     620200.000000
yllcorner     5168000.000000
cellsize      1.000000
NODATA_value  -9999.0
-9999.0 -9999.0 -9999.0 -9999.0 -9999.0 -9999.0 -9999.0 -9999.0 -9999.0 -9999.0 -9999.0 -9999.0 -9999.0 -9999.0 -9999.0 -9999.0 -9999.0 -9999.0 -9999.0 -9999.0 -9999.0 -9999.0 -9999.0 -9999.0 -9999.0 -9999.0 -9999.0 -9999.0 -9999.0 -9999.0 -9999.0 -9999.0 -9999.0 -9999.0 -9999.0 -9999.0 -9999.0 -9999.0 -9999.0 -9999.0 -9999.0 -9999.0 -9999.0 -9999.0 -9999.0 -9999.0 -9999.0 -9999.0 -9999.0 -9999.0 -9999.0 -9999.0 -9999.0 -9999.0 -9999.0 -9999.0 -9999.0 -9999.0 -9999.0 -9999.0 -9999.0 -9999.0 -9999.0 -9999.0 -9999.0 -9999.0 -9999.0 -9999.0 -9999.0 -9999.0 -9999.0 -9999.0 -9999.0 -9999.0 -9999.0 -9999.0 -9999.0 -9999.0 -9999.0 -9999.0
-9999.0 -9999.0 -9999.0 -9999.0 -9999.0 -9999.0 -9999.0 -9999.0 -9999.0 -9999.0 -9999.0 -9999.0 -9999.0 -9999.0 -9999.0 -9999.0 -9999.0 -9999.0 -9999.0 -9999.0 -9999.0 -9999.0 -9999.0 -9999.0 -9999.0 -9999.0 -9999.0 -9999.0 -9999.0 -9999.0 -9999.0 -9999.0 -9999.0 -9999.0 -9999.0 -9999.0 -9999.0 -9999.0 -9999.0 -9999.0 -9999.0 -9999.0 -9999.0 -9999.0 -9999.0 -9999.0 -9999.0 -9999.0 -9999.0 -9999.0 -9999.0 -9999.0 -9999.0 -9999.0 -9999.0 -9999.0 -9999.0 -9999.0 -9999.0 -9999.0 -9999.0 -9999.0 -9999.0 -9999.0 -9999.0 -9999.0 -9999.0 -9999.0 -9999.0 -9999.0 -9999.0 -9999.0 -9999.0 -9999.0 -9999.0 -9999.0 -9999.0 -9999.0 -9999.0 -9999.0
-9999.0 -9999.0 -9999.0 -9999.0 -9999.0 -9999.0 -9999.0 -9999.0 -9999.0 -9999.0 -9999.0 -9999.0 -9999.0 -9999.0 -9999.0 -9999.0 -9999.0 -9999.0 -9999.0 -9999.0 3925.068006 3925.622314 3904.003167 3869.686797 3841.235195 3842.814896 3875.156430 3915.458874 3954.169244 3960.731814 3941.149580 3945.076552 3940.483499 3934.988015 3934.475040 3942.300064 3949.407865 3958.651514 3965.191478 3962.385144 3954.693782 3949.693861 3952.859240 3954.100266 3960.588715 3945.173215 3961.662875 3978.201204 3982.739938 3980.530526 3957.514567 3946.432555 3938.727234 3923.223933 3950.440548 3962.225786 3986.056014 3990.985116 3989.120255 3962.679887 3932.778622 -9999.0 -9999.0 -9999.0 -9999.0 -9999.0 -9999.0 -9999.0 -9999.0 -9999.0 -9999.0 -9999.0 -9999.0 -9999.0 -9999.0 -9999.0 -9999.0 -9999.0 -9999.0 -9999.0
-9999.0 -9999.0 -9999.0 -9999.0 -9999.0 -9999.0 -9999.0 -9999.0 -9999.0 -9999.0 -9999.0 -9999.0 -9999.0 -9999.0 3835.110679 3826.450080 3823.356335 3830.142411 3862.105483 3892.170830 3903.560776 3895.882317 3895.398886 3870.116379 3846.406535 3858.346556 3887.330948 3917.196507 3950.008557 3966.368353 3955.226340 3952.272208 3958.236533 3976.051472 3982.625133 3978.621622 3961.396340 3985.847388 3998.370558 4001.698600 3999.350087 3989.145242 3996.784226 4010.347545 4003.184963 3988.353295 4000.762006 4016.529382 4026.843104 4020.049240 3963.338136 3953.225119 3950.479572 3947.355122 3934.812081 3931.894982 3961.375444 3961.223405 3954.643811 3937.988736 3904.865858 3859.694399 3841.057725 3882.602202 3926.637670 3983.111428 -9999.0 -9999.0 -9999.0 -9999.0 -9999.0 -9999.0 -9999.0 -9999.0 -9999.0 -9999.0 -9999.0 -9999.0 -9999.0 -9999.0
-9999.0 -9999.0 -9999.0 -9999.0 -9999.0 -9999.0 -9999.0 -9999.0 -9999.0 3777.814520 3783.985347 3790.634845 3792.893622 3807.599558 3803.806359 3810.335762 3813.196537 3840.161670 3868.868942 3901.593202 3927.756310 3918.159903 3916.095759 3918.007191 3909.655742 3916.018227 3935.817258 3971.486531 4000.519805 4034.391587 3999.516147 3993.777270 4010.733315 4050.397485 4070.642951 4071.032276 4052.088699 4071.117548 4094.317985 4108.416847 4104.321663 4097.476873 4124.024729 4139.819262 4131.488052 4109.130415 4110.688386 4120.049227 4150.316502 4099.363743 4032.960565 3997.701687 4016.602363 3997.605265 3974.798703 3966.297983 3968.233913 3989.068134 3978.472468 3945.666808 3913.487459 3901.922543 3885.679437 3908.237099 3932.264982 3979.185504 4019.774043 4050.144282 4049.744369 4032.710275 -9999.0 -9999.0 -9999.0 -9999.0 -9999.0 -9999.0 -9999.0 -9999.0 -9999.0 -9999.0
-9999.0 -9999.0 -9999.0 -9999.0 -9999.0 -9999.0 3699.406658 3709.991485 3730.598092 3732.361466 3758.800287 3763.170779 3781.164325 3797.396951 3818.797597 3830.194280 3853.409733 3882.144439 3916.458515 3952.222818 3978.293328 3964.737404 3968.866573 3985.179706 4008.422374 4024.465337 4046.589050 4084.287983 4156.566532 4192.368865 4181.258402 4181.170777 4189.160423 4240.182581 4304.385802 4314.147851 4293.289060 4280.720597 4305.731552 4344.238977 4340.774682 4339.413667 4353.874141 4365.333128 4392.360433 4380.414369 4344.523024 4341.187486 4350.180296 4324.921722 4252.849060 4196.678761 4181.251516 4133.846993 4049.162078 4009.211129 4037.846329 4068.405928 4048.643499 4000.140958 3969.958383 3966.061757 3956.286660 3951.403306 3965.829936 3990.075142 4014.653700 4029.381319 4017.959275 3997.371235 3976.184558 3948.357778 3951.375919 3976.400970 -9999.0 -9999.0 -9999.0 -9999.0 -9999.0 -9999.0
-9999.0 -9999.0 -9999.0 -9999.0 3650.328903 3662.916514 3647.023016 3673.093450 3704.381821 3737.322959 3763.203809 3793.103114 3814.741456 3840.081658 3870.831116 3889.103059 3918.353986 3946.384952 3991.748219 4051.188938 4093.880879 4104.805384 4112.271757 4162.436513 4218.280626 4264.423811 4283.199973 4309.701478 4357.897935 4415.012115 4436.786523 4438.843767 4455.855408 4501.797719 4561.105742 4597.106976 4578.957935 4569.402394 4580.865215 4596.357476 4618.532553 4618.552389 4619.711117 4624.517247 4633.084490 4630.711153 4602.749678 4568.686797 4555.488600 4544.731380 4503.461222 4429.423159 4400.712670 4370.382637 4323.411703 4267.382738 4224.277481 4229.382153 4173.824585 4117.774729 4070.273772 4065.522179 4047.449189 4033.460525 4018.667512 4033.273430 4047.061272 4033.032364 4003.376612 3974.691119 3962.287438 3945.147346 3933.847175 3965.438332 3983.511936 4012.817668 -9999.0 -9999.0 -9999.0 -9999.0
-9999.0 -9999.0 3591.910334 3635.916346 3692.503358 3697.341599 3688.070688 3689.496050 3714.659778 3762.526962 3821.139678 3854.398282 3879.474418 3908.969358 3957.465188 4015.241678 4072.910529 4115.109236 4174.114966 4244.538183 4303.903785 4330.029300 4338.029316 4374.406014 4430.718551 4503.109002 4532.350870 4559.812342 4593.164690 4631.610891 4618.029151 4627.857676 4641.471637 4657.124609 4674.767146 4683.330872 4677.945068 4673.226323 4654.355617 4648.698958 4655.087766 4664.063968 4662.353737 4647.287548 4643.288054 4658.693383 4665.587837 4663.060463 4659.421601 4663.706109 4656.801180 4605.310751 4593.219300 4577.120988 4563.903900 4516.331284 4447.763214 4416.648381 4393.594703 4350.795580 4276.405175 4241.315703 4203.159029 4170.141143 4134.507644 4124.249183 4093.923082 4063.007772 4025.243619 3985.202641 3966.893643 3953.471787 3953.563423 3954.356921 3972.538407 3988.335050 4004.410549 4012.534603 -9999.0 -9999.0
-9999.0 3480.193858 3550.370269 3669.980502 3746.386706 3780.455650 3782.151734 3779.554029 3803.864620 3838.226369 3920.522849 3960.652999 4043.309589 4082.578706 4121.944645 4212.059524 4309.102772 4354.087123 4395.027192 4462.344454 4531.058987 4579.557911 4606.607487 4576.892100 4618.890424 4653.970510 4663.858094 4672.176811 4673.543764 4664.894228 4658.965988 4665.418174 4662.151296 4642.336528 4625.659990 4623.674374 4620.127828 4596.254312 4568.287665 4552.166157 4552.925653 4578.589820 4564.953254 4543.303143 4538.776515 4560.866597 4583.288479 4572.226471 4558.883046 4575.660079 4611.072624 4637.625031 4636.345069 4655.565751 4676.843135 4646.700226 4627.173438 4581.691102 4564.215934 4538.333485 4479.846807 4424.842609 4376.055136 4327.822600 4276.103499 4228.893090 4181.804837 4134.988623 4082.681491 4050.419641 4027.005987 3985.784874 3974.894008 3982.359864 3978.256397 3977.029392 3983.759316 3990.392078 -9999.0 -9999.0
-9999.0 3378.748083 3515.995944 3690.741435 3831.284524 3866.973933 3918.001531 3968.515153 3979.896256 3918.466333 4020.404259 4240.580689 4371.586714 4391.502652 4470.337178 4569.945264 4543.869508 4576.616652 4601.259186 4632.383331 4657.299876 4673.461171 4672.217218 4667.583442 4650.680402 4642.579395 4641.588246 4639.335205 4621.442882 4602.043305 4584.905695 4581.285630 4562.466698 4510.432653 4476.258088 4457.701186 4436.579873 4423.813070 4397.270579 4370.698123 4353.015733 4361.571638 4361.331160 4348.835591 4344.447880 4361.883593 4392.904162 4392.310449 4406.176910 4426.224331 4461.856644 4501.279903 4520.872926 4550.631029 4586.843023 4636.783746 4644.071559 4666.907554 4669.349671 4661.039140 4612.903467 4560.151998 4530.228568 4473.853171 4414.146965 4352.315111 4302.759352 4257.877946 4202.196421 4168.966002 4130.583390 4077.217180 4036.554684 4032.046122 3999.661991 3988.069510 -9999.0 -9999.0 -9999.0 -9999.0
-9999.0 3268.952595 3444.864789 3676.835949 3976.113851 4038.440954 4243.287536 4358.281944 4395.855685 4465.749738 4321.504435 4548.621002 4608.269866 4605.039807 4627.162122 4631.405286 4646.457009 4645.426676 4640.316986 4629.022663 4619.050000 4614.180477 4613.245432 4605.257160 4592.458429 4577.640853 4565.480983 4553.581652 4515.942241 4483.164065 4441.815329 4428.717075 4381.036199 4287.616705 4248.955742 4208.453873 4145.038134 4148.905376 4159.432466 4135.994491 4115.800480 4085.004220 4116.949858 4129.828804 4134.823395 4128.332309 4136.454770 4167.518469 4217.619803 4252.756955 4291.695129 4340.314931 4371.517436 4411.076161 4450.524147 4503.417050 4535.476901 4564.815601 4615.273748 4652.654280 4675.720951 4660.665809 4643.569391 4597.029082 4536.049396 4486.268109 4456.462078 4404.848146 4360.908129 4317.613507 4271.122541 4218.377522 4156.755003 4108.763616 4075.854043 -9999.0 -9999.0 -9999.0 -9999.0 -9999.0
-9999.0 3032.454153 3293.996164 3551.450975 3813.946308 4163.428171 4351.476609 4441.997426 4507.350847 4497.217430 4527.111854 4531.736438 4569.599604 4577.900544 4556.678160 4541.907515 4522.994515 4521.904218 4535.082661 4507.111981 4476.037400 4462.241094 4463.246399 4452.577760 4428.167468 4413.332685 4404.156398 4385.044711 4341.771754 4290.388084 4204.288399 4166.939874 4085.714212 4050.933944 4015.829047 3968.866979 3925.519188 3932.664315 3959.247695 3951.630867 3931.287895 3914.752561 3945.047522 3967.008777 3980.738071 3963.358995 3969.692097 4004.210137 4050.623791 4091.130094 4134.682379 4182.564689 4225.042426 4263.548161 4282.895175 4320.841640 4363.360112 4405.411255 4476.499458 4556.992767 4594.367819 4629.938033 4657.753644 4680.147947 4636.606813 4611.260218 4586.821727 4562.490536 4515.348242 4469.420788 4428.819080 4362.666719 4303.077080 -9999.0 -9999.0 -9999.0 -9999.0 -9999.0 -9999.0 -9999.0
-9999.0 2925.448178 3107.739616 3284.765035 3520.633908 3749.123836 3982.995920 4073.051482 4144.695694 4228.376314 4289.133981 4329.403884 4355.235768 4377.472798 4355.095132 4307.260879 4274.115392 4279.407180 4269.055326 4248.757918 4221.395935 4208.857077 4205.870932 4201.513607 4180.923096 4171.478124 4165.263975 4147.686824 4123.676471 4070.635293 4000.686197 3926.383680 3874.263954 3858.201549 3837.610635 3812.537955 3788.741257 3803.018137 3815.643469 3816.886282 3811.870265 3813.273219 3842.306386 3862.570400 3871.960538 3861.560062 3879.661457 3901.964142 3937.860788 3976.672991 4020.884800 4070.554188 4118.644044 4137.370330 4137.347458 4146.182430 4172.168582 4214.491717 4290.456164 4377.067894 4457.466991 4504.092642 4555.740271 4596.819959 4626.272403 4648.798126 4673.045428 4667.519105 4640.392878 4606.319698 4546.009458 -9999.0 -9999.0 -9999.0 -9999.0 -9999.0 -9999.0 -9999.0 -9999.0 -9999.0
-9999.0 -9999.0 2884.943961 3024.744680 3104.013844 3256.185938 3392.219298 3496.869485 3602.579680 3753.802558 3882.598620 3980.372148 4028.530308 4044.444824 4031.251637 4004.712593 3988.990822 3988.447416 3976.188638 3971.368001 3958.970272 3954.552985 3942.266518 3935.185494 3933.259134 3934.388424 3933.236466 3926.189306 3911.205894 3871.554012 3838.576640 3796.630779 3752.843993 3733.015492 3716.791652 3702.049779 3708.643280 3703.857952 3709.732264 3713.521290 3724.484865 3739.486323 3758.690601 3781.793265 3791.498381 3802.255475 3812.594201 3833.546685 3862.557114 3902.211649 3953.100595 4007.610223 4042.989443 4048.780036 4029.035102 4021.888454 4027.485189 4053.883276 4114.034143 4181.684493 4273.035835 4339.652687 4406.990820 4464.000790 4491.395835 4527.807608 4599.909200 4648.076022 4692.858103 4670.325494 -9999.0 -9999.0 -9999.0 -9999.0 -9999.0 -9999.0 -9999.0 -9999.0 -9999.0 -9999.0
-9999.0 -9999.0 -9999.0 -9999.0 2882.894254 3020.949034 3114.859915 3188.893697 3322.516964 3455.307292 3562.367268 3651.310090 3723.419447 3750.040550 3753.724451 3775.204523 3775.859115 3765.572584 3754.323037 3761.659373 3769.131139 3763.692709 3746.158582 3741.078101 3747.132857 3757.412220 3757.338381 3746.403027 3730.025584 3720.799031 3712.467883 3685.021513 3655.968094 3631.077448 3621.453063 3621.087255 3622.704544 3615.510250 3624.555899 3634.803525 3651.474129 3666.808920 3690.303792 3720.368558 3735.502634 3750.100384 3758.104612 3775.661550 3803.688733 3854.666523 3915.989172 3972.405836 4006.269887 4005.981379 3976.583155 3953.622175 3939.306199 3954.778287 3981.258333 4029.326144 4117.766876 4179.604724 4222.992726 4260.198364 4296.546211 4363.414467 4460.962185 4543.810884 -9999.0 -9999.0 -9999.0 -9999.0 -9999.0 -9999.0 -9999.0 -9999.0 -9999.0 -9999.0 -9999.0 -9999.0
-9999.0 -9999.0 -9999.0 -9999.0 -9999.0 -9999.0 2860.303692 2966.484753 3021.144914 3177.728155 3328.422314 3438.062557 3522.800321 3560.910942 3598.476081 3630.803482 3632.602148 3611.687244 3588.836604 3612.361513 3634.394096 3628.167512 3595.096543 3598.258821 3607.527321 3616.780713 3615.976748 3612.468606 3590.643594 3612.316026 3621.113710 3601.639723 3579.444706 3570.013444 3560.755081 3572.555037 3574.024884 3560.321700 3559.259526 3588.384688 3610.271253 3623.226155 3643.963755 3677.203970 3709.718885 3725.479974 3725.938324 3729.737176 3764.766321 3832.164272 3903.005459 3958.162867 3989.113427 3993.265750 3961.806763 3916.160709 3889.061293 3886.414433 3908.814954 3945.727974 4005.052018 4039.622781 4047.288869 4044.416196 4053.871695 4155.789826 -9999.0 -9999.0 -9999.0 -9999.0 -9999.0 -9999.0 -9999.0 -9999.0 -9999.0 -9999.0 -9999.0 -9999.0 -9999.0 -9999.0
-9999.0 -9999.0 -9999.0 -9999.0 -9999.0 -9999.0 -9999.0 -9999.0 -9999.0 -9999.0 -9999.0 -9999.0 -9999.0 -9999.0 -9999.0 -9999.0 -9999.0 -9999.0 -9999.0 -9999.0 -9999.0 -9999.0 -9999.0 -9999.0 -9999.0 -9999.0 -9999.0 -9999.0 -9999.0 -9999.0 -9999.0 -9999.0 -9999.0 -9999.0 -9999.0 -9999.0 -9999.0 -9999.0 -9999.0 -9999.0 -9999.0 -9999.0 -9999.0 -9999.0 -9999.0 -9999.0 -9999.0 -9999.0 -9999.0 -9999.0 -9999.0 -9999.0 -9999.0 -9999.0 -9999.0 -9999.0 -9999.0 -9999.0 -9999.0 -9999.0 -9999.0 -9999.0 -9999.0 -9999.0 -9999.0 -9999.0 -9999.0 -9999.0 -9999.0 -9999.0 -9999.0 -9999.0 -9999.0 -9999.0 -9999.0 -9999.0 -9999.0 -9999.0 -9999.0 -9999.0
-9999.0 -9999.0 -9999.0 -9999.0 -9999.0 -9999.0 -9999.0 -9999.0 -9999.0 -9999.0 -9999.0 -9999.0 -9999.0 -9999.0 -9999.0 -9999.0 -9999.0 -9999.0 -9999.0 -9999.0 -9999.0 -9999.0 -9999.0 -9999.0 -9999.0 -9999.0 -9999.0 -9999.0 -9999.0 -9999.0 -9999.0 -9999.0 -9999.0 -9999.0 -9999.0 -9999.0 -9999.0 -9999.0 -9999.0 -9999.0 -9999.0 -9999.0 -9999.0 -9999.0 -9999.0 -9999.0 -9999.0 -9999.0 -9999.0 -9999.0 -9999.0 -9999.0 -9999.0 -9999.0 -9999.0 -9999.0 -9999.0 -9999.0 -9999.0 -9999.0 -9999.0 -9999.0 -9999.0 -9999.0 -9999.0 -9999.0 -9999.0 -9999.0 -9999.0 -9999.0 -9999.0 -9999.0 -9999.0 -9999.0 -9999.0 -9999.0 -9999.0 -9999.0 -9999.0 -9999.0