Borden_/Borden1m_014/output_maps/psiliqL0022N0032.asc
ncols         80
nrows         18
xllcorner     620200.000000
yllcorner     5168000.000000
cellsize      1.000000
NODATA_value  -9999.0
-9999.0 -9999.0 -9999.0 -9999.0 -9999.0 -9999.0 -9999.0 -9999.0 -9999.0 -9999.0 -9999.0 -9999.0 -9999.0 -9999.0 -9999.0 -9999.0 -9999.0 -9999.0 -9999.0 -9999.0 -9999.0 -9999.0 -9999.0 -9999.0 -9999.0 -9999.0 -9999.0 -9999.0 -9999.0 -9999.0 -9999.0 -9999.0 -9999.0 -9999.0 -9999.0 -9999.0 -9999.0 -9999.0 -9999.0 -9999.0 -9999.0 -9999.0 -9999.0 -9999.0 -9999.0 -9999.0 -9999.0 -9999.0 -9999.0 -9999.0 -9999.0 -9999.0 -9999.0 -9999.0 -9999.0 -9999.0 -9999.0 -9999.0 -9999.0 -9999.0 -9999.0 -9999.0 -9999.0 -9999.0 -9999.0 -9999.0 -9999.0 -9999.0 -9999.0 -9999.0 -9999.0 -9999.0 -9999.0 -9999.0 -9999.0 -9999.0 -9999.0 -9999.0 -9999.0 -9999.0
-9999.0 -9999.0 -9999.0 -9999.0 -9999.0 -9999.0 -9999.0 -9999.0 -9999.0 -9999.0 -9999.0 -9999.0 -9999.0 -9999.0 -9999.0 -9999.0 -9999.0 -9999.0 -9999.0 -9999.0 -9999.0 -9999.0 -9999.0 -9999.0 -9999.0 -9999.0 -9999.0 -9999.0 -9999.0 -9999.0 -9999.0 -9999.0 -9999.0 -9999.0 -9999.0 -9999.0 -9999.0 -9999.0 -9999.0 -9999.0 -9999.0 -9999.0 -9999.0 -9999.0 -9999.0 -9999.0 -9999.0 -9999.0 -9999.0 -9999.0 -9999.0 -9999.0 -9999.0 -9999.0 -9999.0 -9999.0 -9999.0 -9999.0 -9999.0 -9999.0 -9999.0 -9999.0 -9999.0 -9999.0 -9999.0 -9999.0 -9999.0 -9999.0 -9999.0 -9999.0 -9999.0 -9999.0 -9999.0 -9999.0 -9999.0 -9999.0 -9999.0 -9999.0 -9999.0 -9999.0
-9999.0 -9999.0 -9999.0 -9999.0 -9999.0 -9999.0 -9999.0 -9999.0 -9999.0 -9999.0 -9999.0 -9999.0 -9999.0 -9999.0 -9999.0 -9999.0 -9999.0 -9999.0 -9999.0 -9999.0 2557.064405 2559.415737 2538.984654 2506.754883 2480.606163 2484.738811 2520.480817 2563.573064 2604.672846 2615.315009 2598.900833 2604.269390 2601.431189 2599.006602 2601.207906 2609.995741 2617.589985 2628.720997 2637.636976 2637.678509 2632.447461 2628.796622 2631.461171 2633.743493 2639.268083 2624.927671 2638.740620 2652.358907 2654.619116 2648.165973 2620.480892 2604.446581 2592.953370 2574.277529 2597.212351 2606.341678 2626.068211 2627.848764 2623.828895 2595.780106 2564.884472 -9999.0 -9999.0 -9999.0 -9999.0 -9999.0 -9999.0 -9999.0 -9999.0 -9999.0 -9999.0 -9999.0 -9999.0 -9999.0 -9999.0 -9999.0 -9999.0 -9999.0 -9999.0 -9999.0
-9999.0 -9999.0 -9999.0 -9999.0 -9999.0 -9999.0 -9999.0 -9999.0 -9999.0 -9999.0 -9999.0 -9999.0 -9999.0 -9999.0 2462.096018 2454.295206 2453.257084 2462.875112 2497.505967 2529.054956 2540.974462 2534.847531 2536.326717 2513.880188 2493.925510 2509.307491 2541.171387 2573.847620 2609.874689 2630.612716 2621.897418 2621.514657 2631.045090 2654.635099 2665.492750 2663.287165 2645.742983 2671.780263 2687.587797 2695.254725 2695.683962 2687.850800 2698.574021 2713.199697 2705.646535 2688.671305 2696.237789 2707.990707 2716.474988 2703.419119 2639.488921 2622.041472 2615.214544 2607.247168 2590.995955 2584.164977 2609.118532 2605.572413 2595.516414 2576.258771 2541.813893 2496.205527 2475.670437 2513.540988 2555.270841 2609.714402 -9999.0 -9999.0 -9999.0 -9999.0 -9999.0 -9999.0 -9999.0 -9999.0 -9999.0 -9999.0 -9999.0 -9999.0 -9999.0 -9999.0
-9999.0 -9999.0 -9999.0 -9999.0 -9999.0 -9999.0 -9999.0 -9999.0 -9999.0 2399.213590 2405.785919 2414.639462 2419.198907 2436.448993 2434.617941 2443.436265 2450.659450 2480.089957 2512.112762 2547.962659 2576.644050 2570.163588 2570.868810 2578.717843 2578.408385 2590.150711 2613.648051 2655.732300 2690.931956 2730.706341 2701.545738 2699.824114 2719.686251 2764.213217 2791.350625 2795.640162 2778.293644 2794.037217 2819.928343 2839.830072 2839.553419 2836.343687 2861.388168 2876.073736 2871.559141 2849.390706 2844.061333 2847.036939 2872.189413 2818.391695 2749.242228 2703.794036 2712.415263 2686.579078 2653.796348 2635.469886 2632.405580 2650.440307 2634.606444 2596.120866 2560.222346 2546.510222 2526.905075 2543.951185 2564.356291 2607.576622 2644.712770 2671.327351 2668.340108 2649.363725 -9999.0 -9999.0 -9999.0 -9999.0 -9999.0 -9999.0 -9999.0 -9999.0 -9999.0 -9999.0
-9999.0 -9999.0 -9999.0 -9999.0 -9999.0 -9999.0 2317.514201 2329.083883 2351.520067 2356.392863 2384.491712 2392.541839 2414.720349 2435.269583 2459.380240 2476.105448 2505.643574 2539.250321 2578.598499 2620.470715 2653.618083 2646.219967 2657.351925 2681.180882 2714.386486 2739.468861 2766.111155 2807.747299 2812.211867 2848.774854 2845.863091 2848.216420 2857.432950 2907.678475 2971.803747 2983.796672 2963.647178 2950.368793 2972.782044 3009.413201 3009.581216 3008.824070 2991.482203 3001.251004 3027.792458 3018.404006 3011.126858 3003.462991 3007.669469 2986.898804 2920.417955 2861.196337 2838.612877 2858.946478 2774.448736 2724.533455 2739.205784 2760.341350 2732.721611 2679.707904 2639.517073 2628.900318 2612.876447 2600.279999 2607.427509 2625.455534 2644.961133 2654.117923 2638.479032 2614.807384 2590.608700 2560.538443 2561.464722 2585.567849 -9999.0 -9999.0 -9999.0 -9999.0 -9999.0 -9999.0
-9999.0 -9999.0 -9999.0 -9999.0 2265.313225 2279.617413 2267.551376 2295.614766 2330.371291 2366.769950 2398.307934 2435.326371 2463.463877 2494.857998 2533.120323 2562.557845 2601.435849 2636.203345 2689.507496 2756.775701 2807.266859 2827.762109 2842.036927 2823.689276 2880.652560 2929.742980 2949.489336 2975.514063 2989.620644 3044.937904 3067.656438 3071.226829 3088.148764 3128.669797 3181.734401 3210.008074 3192.829819 3184.378367 3193.022520 3206.068430 3228.182601 3228.305150 3228.998121 3232.433326 3239.135182 3238.018029 3213.271939 3180.617098 3174.000505 3164.515264 3129.733120 3059.642957 3027.832063 3001.502791 2991.319928 2938.157150 2885.250069 2880.875491 2826.745315 2834.980613 2776.680278 2759.311146 2730.662626 2706.658331 2681.459853 2684.551449 2687.678318 2665.261135 2629.620516 2595.067475 2578.655286 2558.483612 2545.531656 2574.919625 2591.303458 2620.191343 -9999.0 -9999.0 -9999.0 -9999.0
-9999.0 -9999.0 2203.202314 2250.785624 2309.671177 2318.995847 2317.510306 2324.587152 2355.246381 2409.234389 2480.598373 2525.597782 2563.173360 2599.085367 2659.153914 2729.900031 2798.080658 2845.377433 2835.861901 2904.695505 2964.839919 2993.311852 3004.300321 3009.720336 3062.373577 3128.119365 3155.038975 3180.541415 3204.123862 3238.392287 3236.130483 3247.726691 3258.872460 3268.549488 3280.660803 3286.178278 3281.847385 3277.366398 3259.212058 3254.543010 3261.130179 3268.052273 3267.891292 3253.634907 3249.695520 3264.262858 3269.715130 3268.107330 3266.301120 3271.752844 3269.770164 3224.696084 3201.285863 3187.062445 3183.448300 3138.641620 3073.711712 3039.910659 3020.414458 3009.598902 2935.587967 2893.640828 2850.913984 2813.535068 2821.724770 2795.885090 2751.153740 2708.855460 2660.989907 2613.068582 2588.140499 2570.100836 2566.998961 2565.387844 2581.103938 2595.123111 2609.670563 2617.024378 -9999.0 -9999.0
-9999.0 2094.822701 2166.901862 2291.459956 2372.190843 2415.224336 2435.695329 2449.903285 2481.425910 2517.505980 2614.271094 2682.783252 2772.889422 2815.874936 2865.083858 2886.405839 2978.587990 2994.796768 3030.512571 3090.256943 3152.766125 3192.495270 3217.944788 3205.999600 3242.727780 3266.381117 3272.511235 3278.062917 3276.489816 3268.128285 3261.011023 3267.904544 3265.324013 3246.764950 3231.276092 3229.741619 3226.470186 3203.789842 3182.942660 3168.140115 3170.447294 3188.257447 3181.695543 3161.029730 3156.758193 3177.614087 3191.707463 3181.402378 3174.896955 3184.860279 3218.556454 3241.728264 3245.543646 3263.331101 3284.263678 3256.410267 3233.068207 3191.024310 3181.112382 3156.389479 3100.992473 3046.211714 2998.901472 2976.215543 2920.940680 2867.242755 2815.861343 2797.539659 2732.706070 2691.034758 2660.395063 2612.382958 2594.191207 2596.822313 2588.151283 2584.607758 2589.229268 2594.953052 -9999.0 -9999.0
-9999.0 2003.801013 2144.406893 2325.759697 2473.501064 2524.462309 2603.888416 2674.218918 2699.484247 2659.368796 2769.209813 2926.465141 3016.027754 3030.609530 3102.310712 3186.143987 3178.721310 3208.086925 3229.591570 3249.213064 3265.108515 3277.186641 3274.915499 3269.134087 3253.106879 3245.215516 3244.548608 3242.592575 3225.714099 3207.215761 3190.746933 3188.156844 3177.347171 3130.964215 3098.582123 3082.098639 3065.338431 3051.041158 3023.107317 2998.904862 3011.525429 2995.969590 2992.623520 3006.004694 3001.780601 2992.653266 3022.937011 3018.787467 3028.491959 3047.700338 3083.172416 3120.126780 3138.872819 3167.339700 3195.674296 3241.290154 3251.781372 3273.756460 3277.256181 3264.312772 3219.691464 3176.251013 3147.257014 3093.076139 3033.635887 2997.275658 2944.881170 2896.055366 2837.483405 2799.947978 2773.222324 2716.989506 2668.728081 2653.280512 2615.276072 2597.695722 -9999.0 -9999.0 -9999.0 -9999.0
-9999.0 1909.324625 2091.942533 2338.328635 2629.922365 2719.391048 2895.938929 2996.777751 3036.654093 3100.980560 3011.659218 3188.279758 3232.564025 3225.500553 3233.735085 3235.631696 3249.009955 3248.849956 3243.826064 3233.157767 3224.041174 3219.832582 3218.627960 3210.807505 3198.392727 3184.101232 3178.897818 3167.941281 3132.629093 3101.420257 3064.395032 3052.318637 3012.371658 2949.229396 2909.244470 2871.492281 2812.491648 2812.364659 2816.273352 2856.056731 2837.056678 2809.429272 2836.414226 2847.437129 2851.765952 2849.141171 2862.188707 2822.623926 2868.305449 2903.242431 2943.810772 2991.793730 2993.133990 3031.538711 3071.735365 3123.455091 3153.362050 3181.811331 3222.078775 3258.544343 3280.766747 3268.045324 3247.676074 3205.325182 3152.373723 3103.427142 3074.630109 3024.891992 2996.495141 2950.318189 2902.862869 2849.004034 2800.843414 2736.800933 2698.138061 -9999.0 -9999.0 -9999.0 -9999.0 -9999.0
-9999.0 1700.890641 1966.193318 2240.118443 2529.796801 2848.852214 2991.536670 3090.086178 3150.584344 3125.227431 3140.693840 3149.519483 3180.501020 3186.475239 3170.460980 3158.251665 3142.314127 3141.255985 3154.170565 3127.595103 3098.328182 3085.484345 3086.180108 3075.387266 3052.196877 3037.215853 3027.884660 3011.206293 2995.082742 2945.096138 2862.086666 2830.126872 2816.463372 2771.032479 2729.433466 2678.930534 2628.434681 2630.116801 2651.936172 2640.501833 2618.978597 2601.058504 2629.567071 2651.432801 2665.171362 2651.348416 2659.910595 2694.853137 2744.720385 2789.800644 2839.197092 2826.698319 2867.885555 2909.580207 2934.325013 2977.019278 2989.324199 3030.043953 3098.922859 3174.349098 3201.817418 3235.105971 3265.381526 3286.533842 3244.595740 3217.024936 3194.198400 3175.541619 3129.777222 3084.919225 3044.587599 2982.131436 2934.784644 -9999.0 -9999.0 -9999.0 -9999.0 -9999.0 -9999.0 -9999.0
-9999.0 1583.956729 1785.881415 1990.396268 2252.734377 2488.697852 2707.862407 2810.573498 2842.916901 2901.598781 2949.230757 2985.315030 2989.033369 3009.611240 2987.395888 2969.630572 2938.966427 2943.565121 2936.224394 2914.240244 2885.995424 2872.325083 2869.662925 2864.060999 2841.864103 2830.345230 2823.203685 2867.169041 2837.918873 2781.464288 2704.168362 2627.055630 2570.128642 2544.630567 2517.673572 2487.186143 2456.825695 2467.693057 2478.494767 2477.593264 2469.523279 2468.449536 2497.365233 2516.370890 2526.474917 2516.169913 2535.822311 2561.589067 2602.118738 2646.811565 2696.289139 2750.175211 2804.116839 2831.743096 2842.579538 2863.215737 2824.926837 2870.565508 2949.312976 3005.176515 3079.057573 3123.343899 3172.655458 3204.459752 3230.745898 3258.577019 3278.312142 3269.286510 3244.513216 3212.263775 3158.369869 -9999.0 -9999.0 -9999.0 -9999.0 -9999.0 -9999.0 -9999.0 -9999.0 -9999.0
-9999.0 -9999.0 1557.717422 1718.736033 1830.096368 1998.877427 2144.997472 2255.162665 2354.845889 2490.897603 2610.501805 2705.042827 2752.337236 2771.031297 2759.341427 2732.186440 2714.461349 2714.372105 2703.037523 2694.690085 2677.671870 2670.436048 2656.496450 2647.833980 2640.617541 2637.021075 2632.369153 2622.848964 2602.668354 2557.373122 2514.339723 2466.267617 2415.410422 2391.006195 2370.221581 2350.532616 2351.857992 2346.519654 2351.367405 2353.532004 2362.027604 2375.569015 2395.214579 2418.079333 2428.215028 2438.576293 2450.956215 2474.555217 2507.210552 2549.471081 2603.908144 2663.543574 2704.416889 2717.241625 2706.416587 2709.186492 2724.790072 2763.685686 2838.346720 2840.087389 2929.839524 2995.484117 3031.176436 3085.313681 3110.921100 3146.322418 3208.234551 3255.540233 3294.066408 3272.094954 -9999.0 -9999.0 -9999.0 -9999.0 -9999.0 -9999.0 -9999.0 -9999.0 -9999.0 -9999.0
-9999.0 -9999.0 -9999.0 -9999.0 1579.315931 1729.264544 1827.111277 1908.602422 2041.826049 2170.195066 2276.020237 2363.323579 2431.319512 2459.829342 2460.605758 2474.371103 2472.695534 2464.790112 2454.218991 2456.608329 2458.862412 2451.775279 2435.734776 2428.703242 2430.977451 2437.149338 2434.404002 2420.626271 2401.878737 2383.657002 2367.052137 2334.344495 2300.334564 2271.695433 2258.804109 2254.353960 2253.986193 2246.147839 2254.374124 2262.590782 2278.181934 2293.300481 2316.859778 2346.193360 2360.812729 2375.997616 2385.672020 2405.767102 2436.558321 2490.334629 2554.487116 2613.073570 2651.088776 2656.315465 2632.638995 2616.717647 2611.617315 2637.490001 2679.319487 2741.015438 2839.983127 2832.438552 2880.613459 2922.329082 2958.627082 2990.509240 3079.655352 3157.616289 -9999.0 -9999.0 -9999.0 -9999.0 -9999.0 -9999.0 -9999.0 -9999.0 -9999.0 -9999.0 -9999.0 -9999.0
-9999.0 -9999.0 -9999.0 -9999.0 -9999.0 -9999.0 1550.444857 1655.128127 1727.791665 1876.380591 2017.460567 2124.142523 2207.801531 2243.433268 2275.837587 2305.779631 2305.946396 2286.561679 2265.704785 2286.196907 2303.183549 2296.748961 2265.275984 2265.853965 2271.769873 2279.398210 2276.596144 2270.107572 2244.945210 2259.282956 2261.903424 2238.789641 2213.080175 2199.808665 2187.997987 2197.580196 2197.517208 2183.200382 2182.546901 2209.950528 2230.669371 2243.597428 2264.895546 2298.154328 2330.820853 2346.721606 2348.330525 2354.216670 2392.883236 2463.242325 2536.081849 2592.894762 2626.784220 2635.807677 2610.522961 2570.876525 2550.936096 2557.550503 2590.700880 2640.054199 2713.406915 2758.922617 2778.568170 2784.882661 2797.591714 2818.642091 -9999.0 -9999.0 -9999.0 -9999.0 -9999.0 -9999.0 -9999.0 -9999.0 -9999.0 -9999.0 -9999.0 -9999.0 -9999.0 -9999.0
-9999.0 -9999.0 -9999.0 -9999.0 -9999.0 -9999.0 -9999.0 -9999.0 -9999.0 -9999.0 -9999.0 -9999.0 -9999.0 -9999.0 -9999.0 -9999.0 -9999.0 -9999.0 -9999.0 -9999.0 -9999.0 -9999.0 -9999.0 -9999.0 -9999.0 -9999.0 -9999.0 -9999.0 -9999.0 -9999.0 -9999.0 -9999.0 -9999.0 -9999.0 -9999.0 -9999.0 -9999.0 -9999.0 -9999.0 -9999.0 -9999.0 -9999.0 -9999.0 -9999.0 -9999.0 -9999.0 -9999.0 -9999.0 -9999.0 -9999.0 -9999.0 -9999.0 -9999.0 -9999.0 -9999.0 -9999.0 -9999.0 -9999.0 -9999.0 -9999.0 -9999.0 -9999.0 -9999.0 -9999.0 -9999.0 -9999.0 -9999.0 -9999.0 -9999.0 -9999.0 -9999.0 -9999.0 -9999.0 -9999.0 -9999.0 -9999.0 -9999.0 -9999.0 -9999.0 -9999.0
-9999.0 -9999.0 -9999.0 -9999.0 -9999.0 -9999.0 -9999.0 -9999.0 -9999.0 -9999.0 -9999.0 -9999.0 -9999.0 -9999.0 -9999.0 -9999.0 -9999.0 -9999.0 -9999.0 -9999.0 -9999.0 -9999.0 -9999.0 -9999.0 -9999.0 -9999.0 -9999.0 -9999.0 -9999.0 -9999.0 -9999.0 -9999.0 -9999.0 -9999.0 -9999.0 -9999.0 -9999.0 -9999.0 -9999.0 -9999.0 -9999.0 -9999.0 -9999.0 -9999.0 -9999.0 -9999.0 -9999.0 -9999.0 -9999.0 -9999.0 -9999.0 -9999.0 -9999.0 -9999.0 -9999.0 -9999.0 -9999.0 -9999.0 -9999.0 -9999.0 -9999.0 -9999.0 -9999.0 -9999.0 -9999.0 -9999.0 -9999.0 -9999.0 -9999.0 -9999.0 -9999.0 -9999.0 -9999.0 -9999.0 -9999.0 -9999.0 -9999.0 -9999.0 -9999.0 -9999.0