Borden_/Borden1m_014/output_maps/psiliqL0013N0018.asc
ncols         80
nrows         18
xllcorner     620200.000000
yllcorner     5168000.000000
cellsize      1.000000
NODATA_value  -9999.0
-9999.0 -9999.0 -9999.0 -9999.0 -9999.0 -9999.0 -9999.0 -9999.0 -9999.0 -9999.0 -9999.0 -9999.0 -9999.0 -9999.0 -9999.0 -9999.0 -9999.0 -9999.0 -9999.0 -9999.0 -9999.0 -9999.0 -9999.0 -9999.0 -9999.0 -9999.0 -9999.0 -9999.0 -9999.0 -9999.0 -9999.0 -9999.0 -9999.0 -9999.0 -9999.0 -9999.0 -9999.0 -9999.0 -9999.0 -9999.0 -9999.0 -9999.0 -9999.0 -9999.0 -9999.0 -9999.0 -9999.0 -9999.0 -9999.0 -9999.0 -9999.0 -9999.0 -9999.0 -9999.0 -9999.0 -9999.0 -9999.0 -9999.0 -9999.0 -9999.0 -9999.0 -9999.0 -9999.0 -9999.0 -9999.0 -9999.0 -9999.0 -9999.0 -9999.0 -9999.0 -9999.0 -9999.0 -9999.0 -9999.0 -9999.0 -9999.0 -9999.0 -9999.0 -9999.0 -9999.0
-9999.0 -9999.0 -9999.0 -9999.0 -9999.0 -9999.0 -9999.0 -9999.0 -9999.0 -9999.0 -9999.0 -9999.0 -9999.0 -9999.0 -9999.0 -9999.0 -9999.0 -9999.0 -9999.0 -9999.0 -9999.0 -9999.0 -9999.0 -9999.0 -9999.0 -9999.0 -9999.0 -9999.0 -9999.0 -9999.0 -9999.0 -9999.0 -9999.0 -9999.0 -9999.0 -9999.0 -9999.0 -9999.0 -9999.0 -9999.0 -9999.0 -9999.0 -9999.0 -9999.0 -9999.0 -9999.0 -9999.0 -9999.0 -9999.0 -9999.0 -9999.0 -9999.0 -9999.0 -9999.0 -9999.0 -9999.0 -9999.0 -9999.0 -9999.0 -9999.0 -9999.0 -9999.0 -9999.0 -9999.0 -9999.0 -9999.0 -9999.0 -9999.0 -9999.0 -9999.0 -9999.0 -9999.0 -9999.0 -9999.0 -9999.0 -9999.0 -9999.0 -9999.0 -9999.0 -9999.0
-9999.0 -9999.0 -9999.0 -9999.0 -9999.0 -9999.0 -9999.0 -9999.0 -9999.0 -9999.0 -9999.0 -9999.0 -9999.0 -9999.0 -9999.0 -9999.0 -9999.0 -9999.0 -9999.0 -9999.0 745.710573 748.739400 727.255471 694.429058 667.461318 670.785052 706.642602 749.088622 788.761953 800.205269 783.838249 787.779022 784.707956 784.941542 788.400148 795.730851 800.127888 811.517354 819.907542 819.436979 813.281530 808.070545 808.171070 811.335327 816.667936 806.110308 819.923650 835.036429 840.176134 834.397800 806.310679 789.223883 778.527973 761.335854 784.148359 794.560618 815.875226 818.627237 815.717985 787.673333 756.951136 -9999.0 -9999.0 -9999.0 -9999.0 -9999.0 -9999.0 -9999.0 -9999.0 -9999.0 -9999.0 -9999.0 -9999.0 -9999.0 -9999.0 -9999.0 -9999.0 -9999.0 -9999.0 -9999.0
-9999.0 -9999.0 -9999.0 -9999.0 -9999.0 -9999.0 -9999.0 -9999.0 -9999.0 -9999.0 -9999.0 -9999.0 -9999.0 -9999.0 651.853260 642.820592 640.980113 650.542290 685.345020 716.521188 729.178349 722.558488 723.733972 701.530337 682.521560 698.028351 729.120188 762.078637 798.125666 820.235318 810.739273 810.648313 822.649134 849.818129 863.800783 861.733752 842.238307 865.565695 881.211069 889.629424 888.903148 880.479749 893.754091 909.640402 902.905135 885.724861 890.716446 902.772871 915.310603 900.807474 836.043245 814.482283 807.579814 798.317811 782.413846 774.402821 798.040011 796.579534 786.691911 767.373840 733.767232 689.074356 669.815074 707.513587 750.542535 807.192512 -9999.0 -9999.0 -9999.0 -9999.0 -9999.0 -9999.0 -9999.0 -9999.0 -9999.0 -9999.0 -9999.0 -9999.0 -9999.0 -9999.0
-9999.0 -9999.0 -9999.0 -9999.0 -9999.0 -9999.0 -9999.0 -9999.0 -9999.0 592.164271 596.985623 604.927580 607.977419 624.501807 623.061433 631.201786 639.651570 667.912432 700.587377 737.196378 767.167701 759.323659 761.536758 774.387726 781.213942 795.574483 818.725980 860.757502 903.316005 947.690975 922.821053 924.385885 947.411072 996.956478 1031.259794 1039.109338 1020.909814 1028.488729 1053.080356 1075.097515 1074.666189 1072.571279 1097.498693 1111.621089 1113.791442 1093.870667 1080.382294 1080.648547 1106.189808 1054.807620 988.528804 934.795800 932.863069 898.246296 857.180528 834.880617 829.993145 848.130534 830.373560 790.994828 753.094303 740.966513 722.214786 737.723070 758.697095 803.947660 841.801135 869.232018 867.872365 849.657985 -9999.0 -9999.0 -9999.0 -9999.0 -9999.0 -9999.0 -9999.0 -9999.0 -9999.0 -9999.0
-9999.0 -9999.0 -9999.0 -9999.0 -9999.0 -9999.0 512.687342 522.553831 543.328114 548.722237 574.588054 582.843081 604.423921 624.925998 647.735101 665.946292 697.909783 732.914990 776.670770 822.687551 856.868513 853.939772 867.185955 903.215767 948.947329 982.057226 1008.689793 1050.008955 1129.601148 1178.296500 1193.033916 1204.126160 1219.881840 1269.187175 1331.806365 1347.513399 1326.244130 1310.691962 1328.887518 1363.138196 1370.213130 1371.660531 1381.190057 1390.493136 1416.361261 1407.513920 1367.794328 1353.512499 1351.624072 1337.680561 1279.608484 1213.869989 1168.398419 1111.373936 1026.020601 969.292591 972.005871 984.990567 949.711269 891.777623 847.928156 834.811832 816.961767 800.868913 804.715115 821.961637 842.748141 852.334572 837.944666 815.648373 791.744690 761.730241 762.355356 786.755072 -9999.0 -9999.0 -9999.0 -9999.0 -9999.0 -9999.0
-9999.0 -9999.0 -9999.0 -9999.0 462.174257 475.517300 464.067566 489.549942 522.855659 557.643614 590.629092 628.764575 657.420105 689.479766 732.733591 770.820228 815.815273 855.086238 915.546394 989.394377 1043.847306 1070.936979 1090.690694 1157.722484 1229.406437 1285.508163 1306.767247 1333.549041 1376.509626 1439.503152 1469.720822 1479.978660 1500.853374 1535.759005 1581.177140 1613.191259 1595.940799 1587.241654 1591.802432 1601.927503 1625.365571 1626.686202 1628.506472 1630.707632 1635.062426 1634.814236 1611.770092 1579.744249 1567.677521 1559.888896 1532.931651 1463.597104 1417.083383 1383.993185 1352.243569 1302.673879 1237.011213 1213.478986 1146.651059 1083.914696 1017.946893 991.862095 955.141719 924.299621 890.932109 888.748684 888.800107 865.868985 831.711009 797.488188 780.640366 760.136598 747.745488 776.326456 792.761151 822.407829 -9999.0 -9999.0 -9999.0 -9999.0
-9999.0 -9999.0 402.135969 451.679597 509.221958 519.071652 521.204084 528.052233 557.248518 610.228222 687.919593 740.798854 785.888960 822.292211 887.104963 972.824647 1049.345235 1103.779796 1173.218841 1250.434223 1314.354545 1349.195465 1369.816882 1411.806787 1469.007838 1530.462554 1556.540378 1582.067224 1612.105521 1645.552111 1660.756074 1676.506469 1685.834344 1688.022816 1692.622458 1693.068548 1687.633309 1680.586953 1661.240057 1656.813851 1663.366734 1667.947703 1670.046158 1657.261928 1653.900497 1667.723536 1671.934282 1672.588387 1674.545335 1683.670711 1689.041059 1650.898816 1608.604057 1592.142860 1583.091613 1539.879904 1476.518408 1430.788677 1404.198947 1361.566714 1286.208572 1231.923302 1171.636292 1114.504325 1056.522735 1018.989863 967.203233 921.126730 871.264128 822.287454 796.045137 775.278843 770.378990 768.192035 782.471429 796.432102 810.634137 817.817181 -9999.0 -9999.0
-9999.0 299.696561 372.604621 500.054484 581.239020 627.976097 664.405805 690.813174 719.752696 744.706327 852.672783 949.145758 1042.223039 1082.759779 1142.772077 1247.690401 1343.242882 1390.538001 1432.362238 1490.671660 1550.382754 1597.421970 1626.562230 1643.282574 1677.117799 1688.118586 1690.418657 1693.172680 1688.792758 1681.225564 1672.310606 1678.876256 1675.791901 1657.783729 1642.155637 1637.980315 1629.933689 1602.795012 1572.733255 1557.071311 1559.015173 1580.869987 1570.028654 1550.158363 1547.237370 1568.484256 1587.995032 1582.035135 1574.599029 1595.861033 1631.832640 1652.970595 1664.007529 1679.993198 1700.688702 1675.761875 1646.178251 1604.357118 1584.152618 1555.551807 1499.551901 1438.427555 1381.721952 1319.936557 1251.322789 1174.712264 1104.473121 1038.488887 966.579892 920.993366 885.598733 830.654719 804.868713 802.638419 790.783233 785.785783 790.174018 795.742186 -9999.0 -9999.0
-9999.0 221.496414 364.772775 550.904988 701.385844 765.462419 877.065593 959.885345 988.590216 963.391032 1074.493349 1297.642703 1396.808818 1415.837493 1489.699843 1578.107446 1604.069586 1637.108438 1661.029895 1670.960678 1678.748901 1688.524124 1687.009675 1680.769817 1666.282489 1658.304716 1656.870528 1653.827122 1635.965961 1615.728007 1596.850046 1591.265067 1572.461391 1530.532994 1498.093127 1479.147103 1458.648957 1432.257336 1395.803038 1368.026936 1353.530897 1369.750536 1362.569795 1346.370614 1343.206796 1365.691426 1399.332967 1398.634522 1412.129113 1440.232346 1482.730297 1521.992107 1544.890156 1575.694822 1612.605528 1656.038722 1672.494063 1694.011472 1698.871147 1679.339671 1637.264253 1586.471145 1552.423436 1491.185171 1420.116829 1341.908222 1277.610957 1213.548538 1135.308981 1081.258541 1027.386182 961.646380 898.592602 866.872808 822.955933 800.014073 -9999.0 -9999.0 -9999.0 -9999.0
-9999.0 145.903528 335.589927 597.508927 872.957628 996.839625 1210.703470 1341.936013 1398.843991 1460.418453 1451.952349 1589.279185 1625.846293 1622.523055 1620.475907 1626.725768 1643.922305 1649.600978 1648.550019 1641.692285 1635.408880 1632.472628 1630.021810 1619.736803 1604.913106 1587.999674 1573.790280 1560.387589 1522.431948 1488.665110 1451.536577 1432.505085 1392.038324 1302.856833 1260.591478 1222.509471 1158.037719 1144.259853 1132.403826 1101.215903 1080.750708 1061.504115 1082.372545 1085.843404 1088.297676 1094.022742 1114.601619 1142.393508 1195.264588 1240.471834 1287.823797 1340.351418 1376.792201 1424.019670 1472.043932 1527.892901 1560.554391 1592.842174 1640.581385 1679.944849 1703.781966 1694.088279 1666.906858 1623.495128 1556.055436 1492.328008 1447.052627 1378.776939 1314.054987 1259.226682 1207.005477 1140.342163 1060.869007 960.884268 912.623395 -9999.0 -9999.0 -9999.0 -9999.0 -9999.0
-9999.0 -27.457572 241.088236 533.338840 856.930882 1191.720167 1325.962111 1462.092820 1532.323381 1491.226682 1490.249405 1511.900477 1553.596683 1562.860091 1546.204717 1541.184743 1533.182760 1535.240061 1550.236400 1527.344877 1500.866233 1487.719907 1484.793464 1468.189133 1439.399624 1417.820492 1402.738791 1381.756740 1334.681889 1284.682380 1201.894954 1165.584017 1083.668030 1022.587663 976.579725 924.900204 869.612967 864.681363 879.030898 862.371200 839.520086 820.921929 847.191591 864.469738 876.750964 866.860060 877.687236 916.289285 970.146809 1018.509567 1071.440154 1129.654755 1182.976623 1241.113735 1277.580676 1328.976737 1377.346420 1428.064576 1504.466046 1582.826608 1620.516331 1656.363405 1691.355429 1708.443677 1660.077920 1613.362519 1567.595415 1514.240505 1436.277705 1392.737562 1362.756306 1308.397389 1244.965615 -9999.0 -9999.0 -9999.0 -9999.0 -9999.0 -9999.0 -9999.0
-9999.0 -156.409667 66.808034 303.070402 594.964616 837.965687 1034.099156 1153.326791 1233.794047 1259.204467 1287.576420 1318.995951 1349.099944 1372.019400 1352.847609 1318.541919 1293.753313 1299.610249 1298.201905 1276.544549 1249.104834 1234.074967 1229.303770 1216.227517 1182.757931 1160.811195 1145.177520 1119.184251 1082.768796 1026.281637 944.315150 869.766902 805.341068 770.573246 739.483790 705.080915 666.614880 675.439191 687.739852 683.251543 671.823761 668.322756 697.707175 716.732725 727.169310 715.651362 735.531498 763.819585 807.544815 852.313484 902.909085 960.058712 1017.148559 1051.717354 1069.720192 1099.638426 1145.694622 1210.732996 1302.962281 1400.104791 1480.051066 1531.612278 1584.802895 1621.264431 1637.457289 1654.323101 1635.546693 1562.051091 1445.777773 1458.000930 1454.535779 -9999.0 -9999.0 -9999.0 -9999.0 -9999.0 -9999.0 -9999.0 -9999.0 -9999.0
-9999.0 -9999.0 -168.618885 13.918548 160.332206 344.696395 498.420560 611.351543 697.730398 803.857342 903.960027 983.713868 1026.365044 1043.980294 1029.994637 996.602621 975.540753 976.580387 967.636861 956.469668 935.108042 925.698581 913.234792 901.928607 886.655903 876.937168 868.957870 855.682366 832.045692 784.275465 732.891875 679.540219 624.381080 597.977438 575.226737 552.435899 549.394578 545.690503 551.378125 552.505811 558.644568 570.869917 591.301384 613.166012 623.011207 631.476650 644.546696 669.057258 703.265855 746.282753 800.835554 859.069548 900.012649 914.717592 907.403436 915.355970 940.444423 989.963715 1079.111825 1173.609957 1277.277089 1353.370954 1430.536802 1487.767866 1508.594166 1528.442053 1550.514759 1486.832538 1103.092028 1390.602391 -9999.0 -9999.0 -9999.0 -9999.0 -9999.0 -9999.0 -9999.0 -9999.0 -9999.0 -9999.0
-9999.0 -9999.0 -9999.0 -9999.0 -128.973870 28.222491 125.300373 210.015788 337.356293 453.985656 551.530983 631.891653 690.163824 715.746077 709.273988 710.836958 705.393904 700.665999 691.602630 688.668098 685.265409 676.836678 662.635625 653.589658 651.992792 654.668823 651.046264 636.649704 618.918825 593.829818 571.208563 535.641759 498.442824 468.639903 455.018250 448.342279 447.915767 441.327061 450.197899 456.987559 472.006844 487.356434 511.312471 540.121770 553.529014 568.273493 578.356285 599.502596 630.358229 684.199138 747.919840 805.747401 841.596252 846.655031 822.495591 808.224277 806.846424 837.964776 888.072797 962.574230 1071.565737 1153.903978 1226.911446 1282.454879 1320.085697 1370.470968 1434.530436 1474.422107 -9999.0 -9999.0 -9999.0 -9999.0 -9999.0 -9999.0 -9999.0 -9999.0 -9999.0 -9999.0 -9999.0 -9999.0
-9999.0 -9999.0 -9999.0 -9999.0 -9999.0 -9999.0 -177.191048 -77.146736 7.496222 140.066333 263.677476 361.289576 439.056201 468.151028 490.967492 516.164362 513.446573 495.869221 477.952582 495.537574 507.072362 501.014380 471.348071 469.509624 472.763679 480.635492 478.179791 471.326334 445.921141 455.407481 454.635128 430.966139 404.445980 389.939997 377.904139 387.389112 387.655893 374.387380 375.701935 402.075798 422.058201 435.382369 457.599900 490.886182 523.190825 538.146592 539.587984 546.114350 587.265782 658.004453 729.589369 784.677447 816.961171 825.332383 798.246766 758.631988 738.908908 747.630535 784.940091 841.640245 922.684511 978.773001 1015.868443 1040.096306 1066.705188 1161.020251 -9999.0 -9999.0 -9999.0 -9999.0 -9999.0 -9999.0 -9999.0 -9999.0 -9999.0 -9999.0 -9999.0 -9999.0 -9999.0 -9999.0
-9999.0 -9999.0 -9999.0 -9999.0 -9999.0 -9999.0 -9999.0 -9999.0 -9999.0 -9999.0 -9999.0 -9999.0 -9999.0 -9999.0 -9999.0 -9999.0 -9999.0 -9999.0 -9999.0 -9999.0 -9999.0 -9999.0 -9999.0 -9999.0 -9999.0 -9999.0 -9999.0 -9999.0 -9999.0 -9999.0 -9999.0 -9999.0 -9999.0 -9999.0 -9999.0 -9999.0 -9999.0 -9999.0 -9999.0 -9999.0 -9999.0 -9999.0 -9999.0 -9999.0 -9999.0 -9999.0 -9999.0 -9999.0 -9999.0 -9999.0 -9999.0 -9999.0 -9999.0 -9999.0 -9999.0 -9999.0 -9999.0 -9999.0 -9999.0 -9999.0 -9999.0 -9999.0 -9999.0 -9999.0 -9999.0 -9999.0 -9999.0 -9999.0 -9999.0 -9999.0 -9999.0 -9999.0 -9999.0 -9999.0 -9999.0 -9999.0 -9999.0 -9999.0 -9999.0 -9999.0
-9999.0 -9999.0 -9999.0 -9999.0 -9999.0 -9999.0 -9999.0 -9999.0 -9999.0 -9999.0 -9999.0 -9999.0 -9999.0 -9999.0 -9999.0 -9999.0 -9999.0 -9999.0 -9999.0 -9999.0 -9999.0 -9999.0 -9999.0 -9999.0 -9999.0 -9999.0 -9999.0 -9999.0 -9999.0 -9999.0 -9999.0 -9999.0 -9999.0 -9999.0 -9999.0 -9999.0 -9999.0 -9999.0 -9999.0 -9999.0 -9999.0 -9999.0 -9999.0 -9999.0 -9999.0 -9999.0 -9999.0 -9999.0 -9999.0 -9999.0 -9999.0 -9999.0 -9999.0 -9999.0 -9999.0 -9999.0 -9999.0 -9999.0 -9999.0 -9999.0 -9999.0 -9999.0 -9999.0 -9999.0 -9999.0 -9999.0 -9999.0 -9999.0 -9999.0 -9999.0 -9999.0 -9999.0 -9999.0 -9999.0 -9999.0 -9999.0 -9999.0 -9999.0 -9999.0 -9999.0