Borden_/Borden1m_014/output_maps/psiliqL0017N0038.asc
ncols         80
nrows         18
xllcorner     620200.000000
yllcorner     5168000.000000
cellsize      1.000000
NODATA_value  -9999.0
-9999.0 -9999.0 -9999.0 -9999.0 -9999.0 -9999.0 -9999.0 -9999.0 -9999.0 -9999.0 -9999.0 -9999.0 -9999.0 -9999.0 -9999.0 -9999.0 -9999.0 -9999.0 -9999.0 -9999.0 -9999.0 -9999.0 -9999.0 -9999.0 -9999.0 -9999.0 -9999.0 -9999.0 -9999.0 -9999.0 -9999.0 -9999.0 -9999.0 -9999.0 -9999.0 -9999.0 -9999.0 -9999.0 -9999.0 -9999.0 -9999.0 -9999.0 -9999.0 -9999.0 -9999.0 -9999.0 -9999.0 -9999.0 -9999.0 -9999.0 -9999.0 -9999.0 -9999.0 -9999.0 -9999.0 -9999.0 -9999.0 -9999.0 -9999.0 -9999.0 -9999.0 -9999.0 -9999.0 -9999.0 -9999.0 -9999.0 -9999.0 -9999.0 -9999.0 -9999.0 -9999.0 -9999.0 -9999.0 -9999.0 -9999.0 -9999.0 -9999.0 -9999.0 -9999.0 -9999.0
-9999.0 -9999.0 -9999.0 -9999.0 -9999.0 -9999.0 -9999.0 -9999.0 -9999.0 -9999.0 -9999.0 -9999.0 -9999.0 -9999.0 -9999.0 -9999.0 -9999.0 -9999.0 -9999.0 -9999.0 -9999.0 -9999.0 -9999.0 -9999.0 -9999.0 -9999.0 -9999.0 -9999.0 -9999.0 -9999.0 -9999.0 -9999.0 -9999.0 -9999.0 -9999.0 -9999.0 -9999.0 -9999.0 -9999.0 -9999.0 -9999.0 -9999.0 -9999.0 -9999.0 -9999.0 -9999.0 -9999.0 -9999.0 -9999.0 -9999.0 -9999.0 -9999.0 -9999.0 -9999.0 -9999.0 -9999.0 -9999.0 -9999.0 -9999.0 -9999.0 -9999.0 -9999.0 -9999.0 -9999.0 -9999.0 -9999.0 -9999.0 -9999.0 -9999.0 -9999.0 -9999.0 -9999.0 -9999.0 -9999.0 -9999.0 -9999.0 -9999.0 -9999.0 -9999.0 -9999.0
-9999.0 -9999.0 -9999.0 -9999.0 -9999.0 -9999.0 -9999.0 -9999.0 -9999.0 -9999.0 -9999.0 -9999.0 -9999.0 -9999.0 -9999.0 -9999.0 -9999.0 -9999.0 -9999.0 -9999.0 1553.858277 1556.641245 1535.740002 1503.338072 1476.923868 1480.807330 1516.840887 1559.879367 1600.450136 1611.691071 1595.331383 1599.825011 1596.809808 1596.095384 1599.241926 1607.535673 1613.670866 1625.771184 1635.283989 1636.001798 1631.153893 1627.320205 1628.940111 1631.767987 1636.934072 1624.166877 1637.138774 1650.668078 1653.492805 1646.402621 1617.507401 1600.184814 1588.757133 1570.605054 1593.101930 1602.508753 1623.086111 1625.229810 1621.642267 1593.302108 1562.339880 -9999.0 -9999.0 -9999.0 -9999.0 -9999.0 -9999.0 -9999.0 -9999.0 -9999.0 -9999.0 -9999.0 -9999.0 -9999.0 -9999.0 -9999.0 -9999.0 -9999.0 -9999.0 -9999.0
-9999.0 -9999.0 -9999.0 -9999.0 -9999.0 -9999.0 -9999.0 -9999.0 -9999.0 -9999.0 -9999.0 -9999.0 -9999.0 -9999.0 1459.607770 1451.252812 1449.936173 1459.654903 1494.437819 1525.789824 1538.067227 1531.731255 1533.176199 1510.951809 1491.601166 1507.214752 1538.987880 1572.474099 1608.848996 1630.370637 1621.052679 1620.499493 1631.062047 1656.266675 1669.068938 1667.342873 1649.531661 1674.669669 1691.434075 1700.696343 1701.596157 1694.252233 1706.755244 1722.017715 1714.584646 1696.955209 1702.141451 1712.855192 1722.260978 1707.335477 1642.355903 1622.066834 1615.135877 1606.343864 1589.946416 1581.785499 1605.544539 1603.208815 1593.138502 1573.581072 1539.350763 1494.078855 1474.023978 1511.472276 1553.572924 1609.208493 -9999.0 -9999.0 -9999.0 -9999.0 -9999.0 -9999.0 -9999.0 -9999.0 -9999.0 -9999.0 -9999.0 -9999.0 -9999.0 -9999.0
-9999.0 -9999.0 -9999.0 -9999.0 -9999.0 -9999.0 -9999.0 -9999.0 -9999.0 1397.591117 1403.487696 1412.197950 1416.266249 1433.386080 1431.889153 1440.532006 1448.650729 1477.566864 1510.021677 1546.367984 1576.143723 1568.892690 1570.791918 1581.203968 1584.417294 1597.597236 1621.400521 1663.536129 1703.341821 1744.889530 1717.159624 1716.077394 1736.329250 1783.020125 1814.304429 1820.894657 1803.998325 1816.313258 1842.878417 1865.450023 1866.431367 1864.813261 1890.357682 1904.418767 1903.068597 1881.683936 1870.524028 1870.410724 1893.886425 1840.403928 1771.991099 1722.134755 1726.326693 1696.116303 1658.825455 1638.248276 1633.670630 1651.593169 1634.924124 1596.159722 1558.513682 1545.316320 1525.933663 1541.815056 1562.116048 1606.272447 1643.343227 1669.992141 1667.570699 1648.800994 -9999.0 -9999.0 -9999.0 -9999.0 -9999.0 -9999.0 -9999.0 -9999.0 -9999.0 -9999.0
-9999.0 -9999.0 -9999.0 -9999.0 -9999.0 -9999.0 1316.381609 1327.245186 1349.108305 1354.647834 1381.941802 1390.714591 1412.995961 1433.896793 1457.594125 1475.435637 1506.589542 1541.051918 1582.939016 1627.029013 1660.512175 1656.214996 1667.824956 1697.512121 1735.422997 1764.180510 1791.176147 1833.082030 1910.074132 1952.519118 1957.991853 1963.337217 1973.825426 2023.476355 2087.579617 2101.777670 2082.764946 2070.310538 2093.157533 2131.574072 2137.771514 2140.278177 2152.537866 2162.485795 2187.807964 2176.761583 2135.975499 2121.568456 2119.156977 2099.126985 2034.349510 1970.486341 1937.947065 1886.995557 1802.674215 1748.533135 1756.325902 1773.916219 1743.756099 1688.182040 1646.232788 1633.801291 1616.733920 1602.071073 1606.905473 1623.976453 1643.664902 1652.542927 1637.173076 1613.947022 1589.553421 1559.458390 1560.360529 1584.778660 -9999.0 -9999.0 -9999.0 -9999.0 -9999.0 -9999.0
-9999.0 -9999.0 -9999.0 -9999.0 1264.663255 1278.648023 1267.274051 1294.335014 1328.819095 1364.965411 1398.141640 1436.362778 1465.411349 1497.623251 1539.098308 1573.514218 1616.009962 1652.875040 1708.435826 1777.712311 1830.116593 1854.274930 1870.405769 1928.533527 1989.958890 2042.843885 2065.398337 2094.656208 2140.692651 2201.489014 2228.856111 2235.664102 2253.590368 2290.651134 2339.696445 2373.803901 2358.012414 2351.276160 2359.653902 2373.509851 2398.563063 2401.128627 2403.672249 2406.589496 2411.266291 2409.057114 2382.757947 2347.581483 2331.318115 2320.014687 2287.286360 2216.450361 2176.941413 2145.263836 2107.803036 2053.523104 1991.108935 1976.913106 1918.572803 1859.449303 1796.962508 1774.875898 1743.211328 1716.396280 1686.303208 1686.245093 1687.193050 1663.876294 1628.596301 1594.049189 1577.227315 1557.051732 1544.749775 1574.035322 1590.833781 1620.399290 -9999.0 -9999.0 -9999.0 -9999.0
-9999.0 -9999.0 1203.341578 1252.114612 1310.466539 1320.412037 1321.410337 1329.099141 1359.856886 1414.272598 1489.812091 1540.172686 1582.659229 1619.003565 1680.050097 1758.367603 1830.523445 1880.120485 1941.791752 2013.572153 2077.197163 2111.332148 2128.963886 2169.215866 2224.295089 2288.435642 2316.655900 2344.337132 2377.510250 2412.960736 2421.094432 2434.781036 2444.004291 2448.700699 2455.900942 2458.432487 2453.752356 2448.732112 2430.862878 2427.647629 2435.596725 2442.450256 2443.823805 2430.380507 2426.277854 2439.549774 2443.093944 2440.880858 2438.760428 2444.732235 2446.002703 2404.527966 2370.376823 2353.615041 2341.060993 2294.846570 2228.469150 2187.213906 2163.097956 2118.165037 2039.195308 1987.942867 1937.097616 1888.623671 1835.689346 1804.246787 1755.909256 1710.867584 1661.709573 1613.304059 1588.194094 1569.238346 1565.888713 1564.774327 1580.239149 1594.756089 1609.477944 1616.923520 -9999.0 -9999.0
-9999.0 1098.192103 1170.810770 1297.070667 1378.275403 1423.389060 1452.875932 1474.855900 1506.266191 1537.181636 1640.991464 1724.499108 1816.391109 1856.583444 1907.771203 2005.795948 2101.894225 2149.614287 2189.606275 2248.556322 2311.086708 2360.531215 2390.320226 2396.289605 2432.240406 2449.496953 2454.136709 2458.705201 2456.267059 2448.688948 2440.447521 2446.478125 2442.245030 2422.280239 2405.011740 2400.881691 2394.662078 2369.996506 2341.129076 2326.236876 2328.844514 2352.995251 2340.534610 2319.827761 2316.002406 2337.283142 2357.450191 2348.501729 2336.423931 2354.982405 2390.350096 2413.655555 2422.480413 2439.528793 2460.147790 2433.554423 2405.871090 2362.721010 2341.696478 2311.312975 2251.218533 2188.986789 2132.877226 2071.090889 2003.721688 1935.686526 1871.076405 1807.427420 1739.588261 1697.030531 1665.255939 1615.455064 1595.171836 1596.799592 1587.580563 1583.847764 1588.951556 1594.826970 -9999.0 -9999.0
-9999.0 1014.375589 1156.511899 1340.572914 1489.532205 1546.766981 1642.587508 1719.896437 1748.757041 1718.878497 1827.733699 2047.751605 2156.706569 2177.132627 2251.551405 2343.156612 2356.926936 2390.493590 2413.923487 2428.027731 2439.695164 2451.570653 2451.164017 2446.729561 2432.568623 2424.953565 2423.368301 2419.868170 2401.240203 2380.758096 2361.927412 2356.478040 2335.983812 2288.934631 2253.788391 2234.522215 2216.404058 2197.350074 2165.864513 2139.303928 2124.004907 2138.863871 2133.423987 2117.209077 2113.446290 2135.143373 2167.058813 2164.036904 2173.831924 2196.174002 2236.330896 2276.984542 2300.524037 2331.880654 2370.206931 2416.238736 2431.062037 2452.966763 2456.628605 2438.467273 2392.161108 2337.044978 2300.293643 2235.019497 2160.050194 2079.042760 2011.385081 1946.385351 1875.430548 1829.175166 1783.256708 1727.212595 1675.767251 1655.678306 1616.555426 1597.105895 -9999.0 -9999.0 -9999.0 -9999.0
-9999.0 930.476394 1117.034451 1371.979556 1653.015039 1757.341767 1962.065404 2089.858479 2146.498657 2217.604232 2178.782685 2340.763444 2385.589182 2383.909061 2388.116808 2393.864525 2410.634957 2414.440012 2411.347908 2401.638587 2392.921002 2389.167740 2388.159459 2380.821522 2368.438414 2352.940437 2338.239828 2323.914155 2284.478556 2249.571975 2211.195652 2195.211526 2153.865469 2060.510745 2016.508066 1978.295635 1919.870275 1914.861039 1911.341895 1883.866348 1864.649865 1842.676168 1866.114045 1872.163804 1875.151610 1877.021851 1892.700223 1918.152008 1964.098574 2001.373007 2046.260119 2099.406739 2135.359284 2179.621838 2226.105558 2282.879118 2317.149400 2349.254254 2398.302115 2437.390972 2460.065524 2446.609307 2417.928921 2367.219618 2291.449815 2220.675471 2166.186146 2088.421798 2021.874123 1968.853328 1924.149932 1876.056135 1814.537530 1742.233645 1701.961087 -9999.0 -9999.0 -9999.0 -9999.0 -9999.0
-9999.0 741.723329 1008.731990 1292.462443 1598.927272 1930.154192 2072.317978 2195.204717 2267.845240 2240.870138 2253.886246 2274.708971 2318.946873 2329.677248 2311.378495 2302.794329 2291.049772 2291.278045 2304.162536 2277.473799 2247.666112 2234.035130 2233.532418 2221.762599 2198.178336 2181.109016 2168.682233 2147.131457 2098.118554 2045.548864 1962.074206 1929.810678 1852.644641 1799.144456 1755.058218 1704.806808 1654.351056 1653.753924 1672.016683 1658.245634 1636.360265 1618.276163 1645.506694 1664.239556 1676.990753 1665.088543 1674.215687 1710.457329 1760.372133 1805.174563 1855.582930 1910.679145 1957.531362 2005.223374 2037.246529 2087.596476 2136.546206 2184.021229 2258.268287 2337.912182 2375.816890 2409.961649 2439.602804 2451.485435 2394.108921 2338.781768 2279.455378 2211.409580 2128.327431 2080.102209 2055.779046 2017.879807 1965.307629 -9999.0 -9999.0 -9999.0 -9999.0 -9999.0 -9999.0 -9999.0
-9999.0 618.310067 831.979418 1054.026242 1331.904696 1568.742097 1769.521521 1875.652052 1955.097222 2000.009219 2041.141074 2078.741559 2111.314571 2135.972039 2116.089472 2076.283178 2047.428425 2051.647300 2046.167569 2022.225008 1992.416371 1977.271761 1974.272696 1967.352768 1943.305533 1929.125474 1918.250230 1895.199435 1862.110485 1805.935757 1726.875751 1653.347877 1593.005447 1562.546395 1533.169543 1500.666842 1466.016410 1476.131855 1488.327139 1485.325270 1475.491829 1473.129416 1502.305537 1521.603277 1531.877492 1520.804712 1540.335060 1567.116677 1608.932264 1652.782969 1702.699761 1758.576375 1813.068609 1842.679605 1856.631470 1881.794229 1921.104398 1974.899269 2060.782294 2155.154607 2233.101716 2281.033782 2330.306225 2361.442285 2370.342121 2373.140466 2341.017538 2255.779090 2148.883197 2132.236633 2130.127241 -9999.0 -9999.0 -9999.0 -9999.0 -9999.0 -9999.0 -9999.0 -9999.0 -9999.0
-9999.0 -9999.0 600.241657 773.189451 904.117055 1081.199711 1230.637505 1341.062353 1433.095496 1552.338303 1661.535250 1748.435318 1794.409920 1812.879606 1799.658828 1767.745928 1747.097071 1746.759757 1735.917025 1725.175593 1705.324996 1697.148674 1685.413030 1676.914385 1667.386093 1662.078722 1656.513304 1644.826602 1622.706310 1575.846082 1528.106420 1477.079911 1424.171975 1398.521876 1376.463099 1354.987801 1353.906995 1349.540981 1354.934524 1356.544612 1363.752421 1376.566277 1396.628897 1418.839210 1428.788713 1438.065134 1450.757919 1474.759905 1508.191656 1551.117631 1605.858988 1664.537180 1705.351074 1718.989885 1710.056871 1715.568418 1736.051882 1778.589693 1858.594358 1941.532445 2036.209397 2106.153423 2175.225927 2224.007252 2235.424898 2244.075795 2251.499996 2194.453802 2039.299342 2079.363380 -9999.0 -9999.0 -9999.0 -9999.0 -9999.0 -9999.0 -9999.0 -9999.0 -9999.0 -9999.0
-9999.0 -9999.0 -9999.0 -9999.0 632.807737 786.724840 884.246421 967.617239 1097.556777 1219.421643 1320.755504 1404.934874 1468.070732 1495.014701 1491.626693 1498.128491 1493.821521 1487.219167 1477.088302 1476.157524 1475.103059 1467.390753 1452.666747 1445.125165 1445.974149 1450.759203 1447.820424 1433.723468 1415.385861 1393.074295 1372.879095 1338.410671 1302.418534 1272.983612 1259.535526 1253.742143 1253.284141 1246.126561 1254.701451 1262.118855 1277.378137 1292.609036 1316.377812 1345.484524 1359.437004 1374.377706 1384.288013 1404.998420 1435.767075 1489.634546 1553.688284 1612.311784 1649.126843 1654.410148 1630.668285 1615.946290 1612.926190 1641.449293 1686.614881 1753.598378 1854.660550 1926.443600 1981.226810 2022.667934 2050.624067 2090.011061 2131.224321 2158.272384 -9999.0 -9999.0 -9999.0 -9999.0 -9999.0 -9999.0 -9999.0 -9999.0 -9999.0 -9999.0 -9999.0 -9999.0
-9999.0 -9999.0 -9999.0 -9999.0 -9999.0 -9999.0 594.230074 696.256148 775.824779 915.406074 1046.899548 1148.744271 1229.425698 1261.657698 1288.610416 1315.578439 1313.838975 1295.246356 1275.834259 1294.422439 1308.217521 1302.044081 1271.742654 1271.255910 1275.975954 1283.928534 1281.403558 1274.671807 1249.240530 1260.606143 1261.078057 1237.465048 1211.132309 1197.034991 1184.932690 1194.330730 1194.376300 1180.612693 1181.025275 1207.839170 1228.129912 1241.263293 1263.049825 1296.304971 1328.751716 1344.132112 1345.679879 1351.984054 1392.152507 1462.739713 1534.958432 1591.074440 1624.327039 1633.178852 1606.811192 1567.520221 1547.908861 1555.775795 1591.210224 1644.171032 1719.877171 1768.244964 1792.355947 1803.312890 1818.422118 1905.725497 -9999.0 -9999.0 -9999.0 -9999.0 -9999.0 -9999.0 -9999.0 -9999.0 -9999.0 -9999.0 -9999.0 -9999.0 -9999.0 -9999.0
-9999.0 -9999.0 -9999.0 -9999.0 -9999.0 -9999.0 -9999.0 -9999.0 -9999.0 -9999.0 -9999.0 -9999.0 -9999.0 -9999.0 -9999.0 -9999.0 -9999.0 -9999.0 -9999.0 -9999.0 -9999.0 -9999.0 -9999.0 -9999.0 -9999.0 -9999.0 -9999.0 -9999.0 -9999.0 -9999.0 -9999.0 -9999.0 -9999.0 -9999.0 -9999.0 -9999.0 -9999.0 -9999.0 -9999.0 -9999.0 -9999.0 -9999.0 -9999.0 -9999.0 -9999.0 -9999.0 -9999.0 -9999.0 -9999.0 -9999.0 -9999.0 -9999.0 -9999.0 -9999.0 -9999.0 -9999.0 -9999.0 -9999.0 -9999.0 -9999.0 -9999.0 -9999.0 -9999.0 -9999.0 -9999.0 -9999.0 -9999.0 -9999.0 -9999.0 -9999.0 -9999.0 -9999.0 -9999.0 -9999.0 -9999.0 -9999.0 -9999.0 -9999.0 -9999.0 -9999.0
-9999.0 -9999.0 -9999.0 -9999.0 -9999.0 -9999.0 -9999.0 -9999.0 -9999.0 -9999.0 -9999.0 -9999.0 -9999.0 -9999.0 -9999.0 -9999.0 -9999.0 -9999.0 -9999.0 -9999.0 -9999.0 -9999.0 -9999.0 -9999.0 -9999.0 -9999.0 -9999.0 -9999.0 -9999.0 -9999.0 -9999.0 -9999.0 -9999.0 -9999.0 -9999.0 -9999.0 -9999.0 -9999.0 -9999.0 -9999.0 -9999.0 -9999.0 -9999.0 -9999.0 -9999.0 -9999.0 -9999.0 -9999.0 -9999.0 -9999.0 -9999.0 -9999.0 -9999.0 -9999.0 -9999.0 -9999.0 -9999.0 -9999.0 -9999.0 -9999.0 -9999.0 -9999.0 -9999.0 -9999.0 -9999.0 -9999.0 -9999.0 -9999.0 -9999.0 -9999.0 -9999.0 -9999.0 -9999.0 -9999.0 -9999.0 -9999.0 -9999.0 -9999.0 -9999.0 -9999.0