Borden_/Borden1m_014/output_maps/psiliqL0010N0033.asc
ncols         80
nrows         18
xllcorner     620200.000000
yllcorner     5168000.000000
cellsize      1.000000
NODATA_value  -9999.0
-9999.0 -9999.0 -9999.0 -9999.0 -9999.0 -9999.0 -9999.0 -9999.0 -9999.0 -9999.0 -9999.0 -9999.0 -9999.0 -9999.0 -9999.0 -9999.0 -9999.0 -9999.0 -9999.0 -9999.0 -9999.0 -9999.0 -9999.0 -9999.0 -9999.0 -9999.0 -9999.0 -9999.0 -9999.0 -9999.0 -9999.0 -9999.0 -9999.0 -9999.0 -9999.0 -9999.0 -9999.0 -9999.0 -9999.0 -9999.0 -9999.0 -9999.0 -9999.0 -9999.0 -9999.0 -9999.0 -9999.0 -9999.0 -9999.0 -9999.0 -9999.0 -9999.0 -9999.0 -9999.0 -9999.0 -9999.0 -9999.0 -9999.0 -9999.0 -9999.0 -9999.0 -9999.0 -9999.0 -9999.0 -9999.0 -9999.0 -9999.0 -9999.0 -9999.0 -9999.0 -9999.0 -9999.0 -9999.0 -9999.0 -9999.0 -9999.0 -9999.0 -9999.0 -9999.0 -9999.0
-9999.0 -9999.0 -9999.0 -9999.0 -9999.0 -9999.0 -9999.0 -9999.0 -9999.0 -9999.0 -9999.0 -9999.0 -9999.0 -9999.0 -9999.0 -9999.0 -9999.0 -9999.0 -9999.0 -9999.0 -9999.0 -9999.0 -9999.0 -9999.0 -9999.0 -9999.0 -9999.0 -9999.0 -9999.0 -9999.0 -9999.0 -9999.0 -9999.0 -9999.0 -9999.0 -9999.0 -9999.0 -9999.0 -9999.0 -9999.0 -9999.0 -9999.0 -9999.0 -9999.0 -9999.0 -9999.0 -9999.0 -9999.0 -9999.0 -9999.0 -9999.0 -9999.0 -9999.0 -9999.0 -9999.0 -9999.0 -9999.0 -9999.0 -9999.0 -9999.0 -9999.0 -9999.0 -9999.0 -9999.0 -9999.0 -9999.0 -9999.0 -9999.0 -9999.0 -9999.0 -9999.0 -9999.0 -9999.0 -9999.0 -9999.0 -9999.0 -9999.0 -9999.0 -9999.0 -9999.0
-9999.0 -9999.0 -9999.0 -9999.0 -9999.0 -9999.0 -9999.0 -9999.0 -9999.0 -9999.0 -9999.0 -9999.0 -9999.0 -9999.0 -9999.0 -9999.0 -9999.0 -9999.0 -9999.0 -9999.0 137.504980 140.546686 118.324795 84.811453 57.014467 59.566890 95.065680 136.975584 175.908995 187.097540 169.819655 172.239459 168.015634 168.273255 171.829997 178.646866 182.272194 194.296469 203.596110 204.213147 198.869882 193.985512 193.837353 197.501726 202.441101 192.259084 205.119957 219.683737 224.807171 218.235662 189.331705 172.139468 162.494922 146.599100 170.081995 181.579608 203.836695 207.501445 205.527506 177.956152 147.525378 -9999.0 -9999.0 -9999.0 -9999.0 -9999.0 -9999.0 -9999.0 -9999.0 -9999.0 -9999.0 -9999.0 -9999.0 -9999.0 -9999.0 -9999.0 -9999.0 -9999.0 -9999.0 -9999.0
-9999.0 -9999.0 -9999.0 -9999.0 -9999.0 -9999.0 -9999.0 -9999.0 -9999.0 -9999.0 -9999.0 -9999.0 -9999.0 -9999.0 45.918174 36.184147 33.619005 42.579809 76.785116 107.239032 119.878640 112.724351 113.197571 90.258121 70.644605 85.495166 115.923079 148.682864 184.586058 206.523476 195.304921 193.679554 205.097171 233.436115 249.025767 247.278793 226.876880 250.625664 268.419375 279.651058 280.580454 273.258292 288.653523 305.553707 298.506625 279.648554 281.794091 292.262059 304.779887 287.304184 219.503486 196.426762 190.907274 182.470689 167.294867 159.539830 183.577081 183.502614 174.469845 155.772246 122.814483 78.430257 59.961075 98.019728 141.875705 199.394270 -9999.0 -9999.0 -9999.0 -9999.0 -9999.0 -9999.0 -9999.0 -9999.0 -9999.0 -9999.0 -9999.0 -9999.0 -9999.0 -9999.0
-9999.0 -9999.0 -9999.0 -9999.0 -9999.0 -9999.0 -9999.0 -9999.0 -9999.0 -12.278733 -8.167917 -0.698814 1.627083 17.650274 16.057962 23.518825 31.776956 58.851253 90.702644 126.654566 156.386355 147.704652 149.236125 162.138561 169.481555 183.816917 207.082791 250.851035 296.690350 342.107606 315.732785 315.274858 336.888207 389.376695 429.854872 440.684412 421.574975 428.287171 457.945280 487.413144 492.169355 493.129017 520.350104 535.120791 538.777191 516.849455 495.382802 490.791211 513.845857 456.439136 383.449368 325.057689 322.653450 287.357221 242.806616 217.981661 213.155321 233.189275 216.236080 177.083522 139.176984 128.137602 110.439915 126.204690 148.067091 194.339731 232.559529 260.726882 260.309740 242.573381 -9999.0 -9999.0 -9999.0 -9999.0 -9999.0 -9999.0 -9999.0 -9999.0 -9999.0 -9999.0
-9999.0 -9999.0 -9999.0 -9999.0 -9999.0 -9999.0 -91.382879 -82.221656 -62.116898 -56.549524 -31.554262 -23.572086 -2.451512 17.568859 39.256644 57.192198 89.212498 123.419599 166.689220 213.036756 248.334304 246.776219 260.376132 297.407811 343.591096 378.949963 408.145812 455.004906 541.076357 591.320767 606.395934 613.651365 624.197208 670.761717 733.248090 750.357001 730.413091 716.638788 737.769013 778.316270 797.678961 802.789705 812.448198 821.357121 846.203465 834.999466 784.625466 762.526664 754.651580 739.095325 681.293917 617.356632 573.690110 518.207544 427.433762 362.725781 360.850439 374.108082 339.077279 280.443080 233.978423 220.348500 203.264549 187.432953 191.426794 209.460001 231.436699 241.847344 228.473739 207.157660 183.696077 154.606647 156.108721 181.350321 -9999.0 -9999.0 -9999.0 -9999.0 -9999.0 -9999.0
-9999.0 -9999.0 -9999.0 -9999.0 -141.352523 -128.696413 -140.265582 -116.003625 -83.484567 -49.493581 -16.400547 21.950489 50.455948 81.891732 125.322374 165.425022 212.938404 252.667425 312.916900 388.487312 448.732583 482.464627 505.963448 571.565832 635.181050 687.736550 708.889141 738.497282 785.770462 855.810440 886.392387 893.574744 909.727171 941.869908 982.243587 1014.436192 998.430823 994.439031 1000.320484 1012.598311 1039.766491 1042.770553 1045.098631 1046.598138 1049.454906 1048.057962 1022.557928 988.119924 971.983557 963.181606 936.670267 871.005878 819.610439 785.305897 753.664374 703.605496 635.124295 611.281115 549.718814 486.385542 411.198268 380.165656 343.009591 312.033382 277.128258 274.314708 274.255946 251.933547 219.194655 186.105302 170.458629 151.359455 140.709438 170.441949 188.005953 218.786913 -9999.0 -9999.0 -9999.0 -9999.0
-9999.0 -9999.0 -200.021197 -150.289145 -93.945265 -84.914910 -82.614545 -76.627454 -48.373259 3.967258 83.970528 139.561686 187.912197 223.720111 289.211492 380.759001 468.018475 525.183120 588.658349 658.028769 720.886499 760.656511 789.730304 831.007555 880.633394 936.704977 960.403550 985.239894 1017.527671 1051.434441 1071.315762 1086.214163 1092.864164 1092.088482 1093.594828 1093.397166 1089.727199 1085.043000 1067.761775 1065.444920 1073.620886 1078.180473 1081.012460 1068.349884 1064.360847 1076.797043 1078.725329 1077.611456 1077.238136 1084.767804 1091.255255 1056.627525 1008.984340 991.780736 982.450550 941.726153 878.405505 826.976933 800.894025 757.626230 677.965109 622.625009 567.282664 510.180862 447.465732 406.039731 351.507947 304.301872 254.858005 207.278622 182.635540 163.606274 160.856092 160.950299 176.828540 192.277983 207.602521 215.376801 -9999.0 -9999.0
-9999.0 -300.136582 -227.442161 -99.931010 -20.109926 26.022725 65.750634 95.474153 123.832749 145.177705 259.270057 370.638331 472.036203 511.934938 569.588684 671.146684 772.788391 818.155654 853.000788 903.456039 957.553183 1004.704923 1034.548340 1058.440869 1087.853125 1092.682268 1092.851125 1094.291945 1089.123506 1082.250102 1073.070226 1079.578290 1076.625676 1059.220377 1044.048012 1040.799379 1033.809773 1008.873340 980.798541 966.832252 970.388978 992.097990 981.363878 961.378724 957.769167 978.050213 995.421231 987.144278 974.779837 993.486315 1028.243835 1049.882967 1063.603093 1078.412216 1098.857211 1075.428275 1043.803089 1001.932395 980.619253 951.695343 888.088788 824.456360 768.770442 704.831627 636.068447 562.364242 491.649807 421.934863 348.480208 303.940998 269.885277 216.611952 192.758438 193.336959 183.624893 180.644199 186.866388 193.195545 -9999.0 -9999.0
-9999.0 -374.139701 -230.714658 -44.526447 104.500110 169.881942 288.835080 379.582423 415.158680 394.573040 514.988922 743.302345 834.491165 848.973794 915.146333 995.229778 1028.878533 1058.527560 1077.722158 1079.312798 1080.678286 1087.941470 1085.877565 1079.962916 1066.148064 1058.399976 1057.121053 1053.454494 1034.203172 1014.383356 996.448469 990.933183 974.015636 934.842159 902.543918 884.998623 865.120005 839.500908 803.454559 776.332819 762.774433 780.655786 771.733020 753.988996 750.311322 773.502618 806.453211 801.560879 807.820931 830.959890 873.487234 918.524715 942.497530 971.355083 1008.713325 1052.012685 1069.971506 1090.137778 1094.658935 1072.525883 1027.956601 978.143842 942.519737 873.786782 798.031281 716.707149 651.284566 588.342593 516.143530 463.775977 409.668260 346.801103 286.010844 256.150235 214.978113 193.480583 -9999.0 -9999.0 -9999.0 -9999.0
-9999.0 -443.508463 -252.430478 12.619877 280.612018 415.172414 620.344820 755.873982 827.818739 883.240032 904.866863 1024.328180 1052.830412 1045.413985 1034.005396 1035.929650 1050.286577 1054.134658 1050.394268 1040.115699 1029.655849 1025.615606 1022.943236 1016.314487 1004.156468 988.957607 975.540720 960.482184 915.863356 880.509032 846.865234 830.856219 794.008717 704.058512 660.871281 627.344028 571.394559 560.200592 547.716261 516.558668 495.768601 478.187555 497.558102 498.619883 499.944198 507.664386 529.012744 551.135336 595.305349 632.647946 678.137092 732.515165 768.070538 812.626006 862.519507 924.559333 957.594656 987.264166 1032.280057 1073.373425 1095.834782 1086.275132 1055.985081 1010.620299 939.289472 864.407050 810.349383 734.328702 667.905690 616.229613 573.264551 521.757937 450.414135 350.659309 304.261622 -9999.0 -9999.0 -9999.0 -9999.0 -9999.0
-9999.0 -604.928023 -336.422287 -40.427882 291.614683 617.521918 736.092410 889.081438 964.148176 912.108143 898.889427 927.237807 967.952498 974.770799 954.984372 947.454487 938.667241 938.704192 950.736189 922.713007 887.790936 872.751864 871.086296 859.082397 836.015452 817.788483 803.728553 781.871161 730.498180 679.700606 602.280179 573.744764 496.138197 425.739337 374.225931 322.196727 268.158518 264.405300 278.920907 261.499517 238.231310 219.100976 244.944789 261.106190 272.608533 263.169893 273.343046 310.185407 362.068206 409.765654 466.488370 528.443773 579.178082 631.574629 667.429529 722.345813 770.977756 818.923157 893.875049 976.274769 1012.304310 1046.991700 1081.233248 1094.782200 1044.137159 990.165886 933.226935 858.962024 765.454573 719.252775 698.741471 667.828968 615.955583 -9999.0 -9999.0 -9999.0 -9999.0 -9999.0 -9999.0 -9999.0
-9999.0 -737.302078 -508.207784 -263.513862 35.156463 278.012999 469.091099 588.882091 675.844088 677.590773 693.581392 724.793792 756.798771 779.282622 756.968629 720.097619 693.169294 696.734071 694.580125 669.462515 638.618676 623.229131 621.201026 613.367072 586.853858 569.492170 556.268990 530.521483 489.781468 427.559724 340.134630 267.512552 202.874047 165.209116 132.972791 98.568636 59.561888 69.346595 83.005868 78.176219 65.853767 61.519084 90.995845 109.552615 119.703441 107.118899 126.063906 153.599747 196.446295 240.176563 290.928511 348.992545 406.654270 442.033783 462.827161 497.980616 545.492632 606.018727 694.415941 791.639413 868.086724 921.788897 972.403180 1002.370182 1015.213925 1029.507084 1001.200804 908.048139 766.829900 760.121802 763.431218 -9999.0 -9999.0 -9999.0 -9999.0 -9999.0 -9999.0 -9999.0 -9999.0 -9999.0
-9999.0 -9999.0 -745.149766 -557.275917 -401.290963 -214.895436 -61.906184 48.300373 128.510007 223.113165 317.189056 397.740720 443.313761 461.842525 443.522588 401.655855 374.683952 374.032084 363.914926 349.554423 325.003076 315.217808 304.861363 296.287479 282.739402 274.596789 267.904754 254.951110 230.007923 180.429670 126.282402 72.789539 17.357663 -8.825880 -31.486057 -54.417714 -57.898582 -60.259122 -53.766435 -52.644912 -47.147836 -35.338058 -14.682304 6.783946 16.277760 23.689576 36.350314 60.223527 93.704425 135.464139 188.950767 246.235839 286.271154 300.175516 292.744926 301.439311 327.281430 377.799971 473.441212 569.665128 666.010628 738.701467 810.430970 860.125515 876.629068 896.774525 907.547378 821.620564 511.366294 684.969819 -9999.0 -9999.0 -9999.0 -9999.0 -9999.0 -9999.0 -9999.0 -9999.0 -9999.0 -9999.0
-9999.0 -9999.0 -9999.0 -9999.0 -701.312510 -543.830690 -448.819035 -365.104572 -242.020785 -130.902397 -37.077676 41.089967 96.304369 120.777350 110.577323 106.254437 98.158493 93.783518 84.770510 79.761031 74.569628 66.502317 54.394728 46.523691 45.654683 48.923224 46.292822 32.533678 15.582399 -11.520487 -35.574291 -71.183404 -108.464177 -137.912486 -151.168660 -158.024038 -157.943201 -163.717055 -154.337565 -147.859654 -132.966999 -117.570357 -93.589092 -65.176254 -52.409928 -38.118006 -28.347202 -7.464229 22.726852 75.685662 138.248873 194.692735 229.022989 232.796005 206.975773 191.532599 189.227564 219.435422 270.642843 346.819170 458.990471 542.420293 609.367625 657.215141 689.877356 734.389240 775.679206 791.585516 -9999.0 -9999.0 -9999.0 -9999.0 -9999.0 -9999.0 -9999.0 -9999.0 -9999.0 -9999.0 -9999.0 -9999.0
-9999.0 -9999.0 -9999.0 -9999.0 -9999.0 -9999.0 -755.473710 -659.361665 -572.738282 -447.578424 -330.966567 -237.394582 -161.923657 -135.730203 -116.878486 -94.037077 -98.257607 -115.437100 -132.401470 -115.709283 -105.651326 -110.821553 -138.749396 -140.204735 -136.658365 -127.658392 -129.174821 -135.515061 -160.553192 -152.182447 -153.536202 -176.817621 -203.058459 -217.492763 -229.145295 -219.239691 -218.501607 -231.172536 -228.999363 -202.807707 -183.003229 -169.567679 -147.127675 -113.996324 -82.014257 -67.638165 -66.626435 -60.396847 -19.059516 51.175213 121.487724 175.047102 205.872605 212.997232 184.271802 143.061753 121.534375 128.490165 164.097508 219.689789 300.481404 355.459287 390.949985 415.386790 445.748696 543.833060 -9999.0 -9999.0 -9999.0 -9999.0 -9999.0 -9999.0 -9999.0 -9999.0 -9999.0 -9999.0 -9999.0 -9999.0 -9999.0 -9999.0
-9999.0 -9999.0 -9999.0 -9999.0 -9999.0 -9999.0 -9999.0 -9999.0 -9999.0 -9999.0 -9999.0 -9999.0 -9999.0 -9999.0 -9999.0 -9999.0 -9999.0 -9999.0 -9999.0 -9999.0 -9999.0 -9999.0 -9999.0 -9999.0 -9999.0 -9999.0 -9999.0 -9999.0 -9999.0 -9999.0 -9999.0 -9999.0 -9999.0 -9999.0 -9999.0 -9999.0 -9999.0 -9999.0 -9999.0 -9999.0 -9999.0 -9999.0 -9999.0 -9999.0 -9999.0 -9999.0 -9999.0 -9999.0 -9999.0 -9999.0 -9999.0 -9999.0 -9999.0 -9999.0 -9999.0 -9999.0 -9999.0 -9999.0 -9999.0 -9999.0 -9999.0 -9999.0 -9999.0 -9999.0 -9999.0 -9999.0 -9999.0 -9999.0 -9999.0 -9999.0 -9999.0 -9999.0 -9999.0 -9999.0 -9999.0 -9999.0 -9999.0 -9999.0 -9999.0 -9999.0
-9999.0 -9999.0 -9999.0 -9999.0 -9999.0 -9999.0 -9999.0 -9999.0 -9999.0 -9999.0 -9999.0 -9999.0 -9999.0 -9999.0 -9999.0 -9999.0 -9999.0 -9999.0 -9999.0 -9999.0 -9999.0 -9999.0 -9999.0 -9999.0 -9999.0 -9999.0 -9999.0 -9999.0 -9999.0 -9999.0 -9999.0 -9999.0 -9999.0 -9999.0 -9999.0 -9999.0 -9999.0 -9999.0 -9999.0 -9999.0 -9999.0 -9999.0 -9999.0 -9999.0 -9999.0 -9999.0 -9999.0 -9999.0 -9999.0 -9999.0 -9999.0 -9999.0 -9999.0 -9999.0 -9999.0 -9999.0 -9999.0 -9999.0 -9999.0 -9999.0 -9999.0 -9999.0 -9999.0 -9999.0 -9999.0 -9999.0 -9999.0 -9999.0 -9999.0 -9999.0 -9999.0 -9999.0 -9999.0 -9999.0 -9999.0 -9999.0 -9999.0 -9999.0 -9999.0 -9999.0