Borden_/Borden1m_014/output_maps/psiliqL0023N0031.asc
ncols         80
nrows         18
xllcorner     620200.000000
yllcorner     5168000.000000
cellsize      1.000000
NODATA_value  -9999.0
-9999.0 -9999.0 -9999.0 -9999.0 -9999.0 -9999.0 -9999.0 -9999.0 -9999.0 -9999.0 -9999.0 -9999.0 -9999.0 -9999.0 -9999.0 -9999.0 -9999.0 -9999.0 -9999.0 -9999.0 -9999.0 -9999.0 -9999.0 -9999.0 -9999.0 -9999.0 -9999.0 -9999.0 -9999.0 -9999.0 -9999.0 -9999.0 -9999.0 -9999.0 -9999.0 -9999.0 -9999.0 -9999.0 -9999.0 -9999.0 -9999.0 -9999.0 -9999.0 -9999.0 -9999.0 -9999.0 -9999.0 -9999.0 -9999.0 -9999.0 -9999.0 -9999.0 -9999.0 -9999.0 -9999.0 -9999.0 -9999.0 -9999.0 -9999.0 -9999.0 -9999.0 -9999.0 -9999.0 -9999.0 -9999.0 -9999.0 -9999.0 -9999.0 -9999.0 -9999.0 -9999.0 -9999.0 -9999.0 -9999.0 -9999.0 -9999.0 -9999.0 -9999.0 -9999.0 -9999.0
-9999.0 -9999.0 -9999.0 -9999.0 -9999.0 -9999.0 -9999.0 -9999.0 -9999.0 -9999.0 -9999.0 -9999.0 -9999.0 -9999.0 -9999.0 -9999.0 -9999.0 -9999.0 -9999.0 -9999.0 -9999.0 -9999.0 -9999.0 -9999.0 -9999.0 -9999.0 -9999.0 -9999.0 -9999.0 -9999.0 -9999.0 -9999.0 -9999.0 -9999.0 -9999.0 -9999.0 -9999.0 -9999.0 -9999.0 -9999.0 -9999.0 -9999.0 -9999.0 -9999.0 -9999.0 -9999.0 -9999.0 -9999.0 -9999.0 -9999.0 -9999.0 -9999.0 -9999.0 -9999.0 -9999.0 -9999.0 -9999.0 -9999.0 -9999.0 -9999.0 -9999.0 -9999.0 -9999.0 -9999.0 -9999.0 -9999.0 -9999.0 -9999.0 -9999.0 -9999.0 -9999.0 -9999.0 -9999.0 -9999.0 -9999.0 -9999.0 -9999.0 -9999.0 -9999.0 -9999.0
-9999.0 -9999.0 -9999.0 -9999.0 -9999.0 -9999.0 -9999.0 -9999.0 -9999.0 -9999.0 -9999.0 -9999.0 -9999.0 -9999.0 -9999.0 -9999.0 -9999.0 -9999.0 -9999.0 -9999.0 2757.029493 2759.276498 2738.910811 2706.678306 2680.541482 2684.686688 2720.344281 2763.431588 2804.631115 2815.140428 2798.696019 2804.232146 2801.439989 2798.517219 2800.541357 2809.419429 2817.441373 2828.142575 2836.881541 2836.736645 2831.384073 2827.741246 2830.616700 2832.803004 2838.414884 2823.775924 2837.827541 2798.444634 2802.395389 2799.297748 2820.067903 2804.364031 2792.886844 2774.140688 2797.202322 2806.398182 2796.950760 2800.648923 2798.710807 2795.620482 2764.765186 -9999.0 -9999.0 -9999.0 -9999.0 -9999.0 -9999.0 -9999.0 -9999.0 -9999.0 -9999.0 -9999.0 -9999.0 -9999.0 -9999.0 -9999.0 -9999.0 -9999.0 -9999.0 -9999.0
-9999.0 -9999.0 -9999.0 -9999.0 -9999.0 -9999.0 -9999.0 -9999.0 -9999.0 -9999.0 -9999.0 -9999.0 -9999.0 -9999.0 2661.981009 2654.268059 2653.253364 2662.821174 2697.402294 2728.984368 2740.838583 2734.741723 2736.204984 2713.693718 2693.592979 2708.908266 2740.780246 2773.006985 2809.016894 2829.608087 2821.000540 2820.652725 2829.949132 2800.728802 2809.461376 2806.862384 2844.011490 2813.115544 2826.230715 2831.490327 2829.792340 2820.258187 2829.773962 2843.991521 2836.927472 2821.338953 2831.059207 2844.668465 2855.552437 2846.505517 2837.777145 2820.983409 2814.182509 2806.353218 2790.144635 2783.884375 2809.254268 2805.244501 2795.217433 2776.132682 2741.647245 2695.970332 2675.371238 2713.377374 2755.141424 2791.357316 -9999.0 -9999.0 -9999.0 -9999.0 -9999.0 -9999.0 -9999.0 -9999.0 -9999.0 -9999.0 -9999.0 -9999.0 -9999.0 -9999.0
-9999.0 -9999.0 -9999.0 -9999.0 -9999.0 -9999.0 -9999.0 -9999.0 -9999.0 2599.085982 2605.725316 2614.568503 2619.181145 2636.419591 2634.507547 2643.337654 2650.357132 2679.874561 2711.806867 2747.560709 2775.717320 2769.698901 2769.797704 2777.175403 2776.170099 2787.631028 2810.978888 2801.273239 2833.052971 2869.340645 2837.158896 2833.199065 2851.390440 2893.616241 2918.973037 2922.138607 2904.455896 2918.800557 2942.498885 2959.381798 2956.385738 2951.038423 2976.010273 2990.654723 2986.140569 2965.250523 2962.192617 2968.190331 2996.326807 2945.598039 2880.325160 2839.222299 2852.249158 2829.729565 2801.782534 2833.860045 2831.279707 2808.432147 2795.665600 2795.054781 2759.911752 2746.100863 2726.476007 2743.796958 2764.347056 2787.415881 2826.625756 2855.908115 2855.210497 2837.796265 -9999.0 -9999.0 -9999.0 -9999.0 -9999.0 -9999.0 -9999.0 -9999.0 -9999.0 -9999.0
-9999.0 -9999.0 -9999.0 -9999.0 -9999.0 -9999.0 2517.379875 2529.060391 2551.572371 2556.282641 2584.540530 2592.269505 2614.426215 2634.871072 2659.046421 2675.549333 2704.778451 2738.239535 2776.763767 2818.095395 2805.175924 2843.267972 2801.191540 2821.871411 2851.363521 2872.745063 2896.006474 2933.304390 2984.556641 3020.433153 3015.464997 3016.700764 3025.011937 3074.659542 3138.257172 3149.904852 3129.501136 3116.127598 3138.624315 3175.138791 3174.368455 3173.281441 3180.609901 3190.855570 3217.469726 3207.492933 3176.396320 3169.636154 3174.717479 3153.965420 3087.659008 3030.086747 3009.478166 2984.417060 2902.533221 2857.685468 2877.091614 2901.885871 2878.440761 2829.521109 2837.185770 2827.059450 2811.268356 2799.120466 2806.849410 2800.232927 2823.247222 2836.215893 2823.846731 2803.076650 2790.574945 2760.582665 2761.537796 2785.595515 -9999.0 -9999.0 -9999.0 -9999.0 -9999.0 -9999.0
-9999.0 -9999.0 -9999.0 -9999.0 2465.158031 2479.492260 2467.243127 2495.460838 2530.223361 2566.618727 2597.606983 2634.530913 2662.477878 2693.699143 2730.956504 2759.479461 2797.730453 2832.101060 2830.694588 2892.928160 2938.370645 2954.653640 2963.899376 2994.137173 3050.043863 3097.492308 3116.024237 3141.276970 3180.108771 3235.785084 3258.240450 3261.484748 3278.306979 3319.482422 3373.372857 3407.148052 3389.883198 3381.268009 3390.305053 3403.690167 3425.806353 3425.910019 3426.936870 3430.568103 3437.534688 3436.235481 3410.762731 3377.849658 3365.760519 3356.156820 3320.601250 3250.139746 3218.981337 3191.595302 3157.135904 3104.509018 3054.254925 3052.604764 2999.298711 2965.287073 2913.263828 2901.820175 2878.859590 2860.521001 2840.694071 2849.789972 2859.214055 2842.468516 2811.778311 2794.897626 2778.745713 2758.601693 2745.542851 2775.005170 2786.245883 2815.608161 -9999.0 -9999.0 -9999.0 -9999.0
-9999.0 -9999.0 2402.967666 2450.290522 2509.236839 2518.349274 2516.296426 2523.181880 2553.744827 2607.505891 2678.315786 2722.001350 2758.671716 2794.354455 2800.109827 2864.680303 2926.859306 2969.954414 3006.597682 3074.394632 3133.009625 3160.173540 3169.640997 3199.504171 3252.690078 3319.164591 3346.234212 3371.912430 3401.750107 3436.669871 3432.784805 3444.125045 3455.620031 3466.146955 3479.045526 3485.057964 3480.577158 3476.061511 3457.739084 3452.928989 3459.487255 3466.767731 3466.322535 3451.946681 3447.996351 3462.682661 3468.401777 3466.660089 3464.462009 3469.817875 3467.140033 3421.158769 3399.375919 3384.829734 3375.008468 3329.926871 3264.678655 3231.481880 3211.359970 3176.680444 3104.049469 3064.836071 3024.682583 2989.205303 2966.907100 2949.592736 2913.588987 2879.047990 2838.065003 2795.906568 2787.780943 2770.052340 2767.094351 2765.345275 2781.233742 2790.700449 2806.104224 2813.976678 -9999.0 -9999.0
-9999.0 2293.974716 2365.910609 2490.108494 2570.616920 2613.330132 2632.032455 2644.520251 2676.048735 2713.474241 2808.513580 2822.993575 2906.261483 2943.331791 2985.509435 3054.633783 3146.179516 3183.853687 3220.631492 3281.168966 3344.362434 3389.624202 3415.326446 3401.089452 3438.552015 3463.818781 3470.471156 3476.408506 3475.316006 3466.913721 3459.970708 3466.808492 3464.075383 3445.347925 3429.702450 3428.116003 3424.814999 3401.905973 3375.376199 3360.382248 3362.281299 3386.017405 3373.917305 3352.807363 3348.474685 3369.766448 3389.694770 3379.272114 3366.971041 3382.704611 3416.702477 3440.346136 3443.426075 3461.412998 3482.399234 3454.225238 3431.437054 3388.848136 3373.067401 3348.056495 3292.459241 3237.847012 3190.456785 3146.367150 3093.609845 3043.284556 2995.279306 2960.787410 2904.592175 2869.447407 2843.414861 2798.530421 2793.842647 2788.179324 2788.054141 2784.706930 2785.562091 2791.850782 -9999.0 -9999.0
-9999.0 2201.505271 2341.767722 2522.521196 2670.076751 2719.897935 2796.143562 2830.884695 2847.796773 2848.380901 2900.611362 3095.407425 3205.236136 3220.360354 3292.766470 3382.936443 3372.851428 3402.896669 3424.826206 3446.065713 3463.229544 3475.935714 3473.800110 3468.173788 3452.012129 3444.083623 3443.300919 3441.305434 3424.289687 3405.676931 3389.131691 3386.353218 3369.780850 3322.487991 3290.052255 3273.468214 3256.259773 3242.305480 3214.550364 3189.403116 3178.552613 3185.807906 3182.798190 3173.191774 3168.784825 3182.772398 3213.438582 3210.102204 3220.133700 3239.359561 3274.636272 3311.714214 3330.638292 3359.174621 3393.550826 3439.837174 3449.859777 3471.948552 3475.298541 3463.020549 3417.840586 3368.100270 3339.172017 3284.793814 3225.473233 3168.341502 3119.583734 3074.705670 3019.625122 2984.879627 2954.360104 2899.383394 2853.598677 2841.547534 2806.345586 2791.267389 -9999.0 -9999.0 -9999.0 -9999.0
-9999.0 2104.905828 2286.699197 2531.226598 2809.514329 2888.813592 3078.508910 3188.362099 3227.430017 3292.560763 3194.515708 3381.765616 3428.482003 3421.930018 3432.060734 3434.322959 3447.923530 3447.626563 3442.579158 3431.813337 3422.569324 3418.263382 3417.094860 3409.248472 3396.777732 3382.346003 3371.365420 3360.335752 3324.609814 3293.397967 3256.012436 3244.049870 3202.500813 3116.730179 3077.977919 3041.033878 2983.047820 2984.375735 2989.043435 2984.898295 2966.127785 2939.574156 2967.204165 2976.458262 2980.236397 2977.184955 2988.367069 2994.695069 3040.249693 3073.879021 3112.713928 3159.784331 3184.749185 3223.289602 3263.202172 3314.830498 3345.071238 3373.495575 3420.218851 3456.866514 3479.266860 3466.142691 3446.254424 3403.268834 3344.499790 3295.670850 3267.465965 3218.117310 3178.019162 3134.101140 3087.764028 3035.043047 2981.983679 2922.569958 2886.478492 -9999.0 -9999.0 -9999.0 -9999.0 -9999.0
-9999.0 1892.525625 2157.444489 2429.404576 2716.032989 3029.450038 3183.321893 3280.139131 3341.022724 3317.403476 3334.562612 3342.520336 3378.277225 3384.551223 3363.595202 3350.677145 3334.267946 3333.180605 3346.134442 3319.390548 3289.920771 3277.004391 3277.808833 3267.093451 3243.794105 3228.904401 3219.580673 3202.043790 3163.799222 3114.785153 3032.824729 3001.720070 2944.963153 2903.042196 2864.946957 2818.126483 2822.927832 2825.161518 2799.780998 2836.136877 2814.647970 2796.811086 2825.529370 2800.577167 2813.085828 2798.087701 2805.273748 2839.284185 2886.269749 2927.006883 2971.879958 3000.659101 3041.301845 3080.896658 3103.211099 3143.742140 3180.236644 3221.048303 3289.973262 3366.122116 3399.873940 3433.529928 3463.446157 3484.854179 3442.653968 3415.467846 3392.482335 3370.345634 3325.086190 3280.287935 3239.816377 3176.842563 3119.573018 -9999.0 -9999.0 -9999.0 -9999.0 -9999.0 -9999.0 -9999.0
-9999.0 1776.877978 1976.422839 2177.373049 2436.652570 2672.632818 2864.303699 2957.693982 3014.031429 3074.619934 3122.691885 3157.733528 3179.708328 3200.553176 3177.867004 3137.914086 3106.667659 3111.333577 3103.673578 3082.212176 3054.514562 3041.495775 3039.847471 3034.916136 3013.485750 3002.850746 2996.126296 2997.397927 2970.967161 2918.048284 2845.682970 2821.487612 2764.818863 2740.144748 2713.592653 2683.479010 2654.354184 2665.369675 2675.541538 2675.387248 2667.660203 2666.850495 2695.725774 2714.302893 2724.366056 2714.222274 2733.912064 2759.534402 2799.713038 2801.451786 2846.497357 2896.510730 2945.830212 2968.194351 2973.435783 2988.307871 2995.869406 3039.354251 3115.647216 3195.650419 3270.360465 3314.612544 3364.361347 3402.496355 3429.323758 3456.466907 3477.041344 3468.710666 3443.886985 3411.271686 3354.456923 -9999.0 -9999.0 -9999.0 -9999.0 -9999.0 -9999.0 -9999.0 -9999.0 -9999.0
-9999.0 -9999.0 1748.951505 1907.558484 2014.937693 2182.000062 2327.380005 2437.437483 2539.053144 2678.746177 2800.326118 2847.443509 2892.064791 2908.099628 2894.531954 2865.788526 2847.843224 2847.559948 2836.229741 2828.762097 2812.994923 2807.580286 2850.435212 2841.793805 2835.023120 2831.751277 2827.248136 2817.701745 2797.802230 2752.763447 2710.636565 2663.474446 2612.757290 2588.638520 2568.116485 2548.796041 2550.613487 2545.105580 2549.873707 2552.153685 2560.912742 2574.609693 2594.179234 2617.302146 2627.477506 2638.050568 2650.361321 2673.876823 2706.373097 2748.192781 2802.446423 2824.540811 2860.527445 2868.821437 2853.520197 2851.164146 2861.892055 2894.181863 2960.735880 3008.731731 3096.560864 3160.758266 3221.908705 3276.618165 3302.515546 3338.752404 3406.477200 3454.319807 3494.401451 3472.150821 -9999.0 -9999.0 -9999.0 -9999.0 -9999.0 -9999.0 -9999.0 -9999.0 -9999.0 -9999.0
-9999.0 -9999.0 -9999.0 -9999.0 1768.199628 1917.323352 2015.155030 2096.245813 2230.028850 2359.573252 2466.388193 2554.091409 2623.049246 2652.017600 2653.552188 2668.642077 2667.429957 2659.237166 2648.562203 2651.602062 2654.507299 2647.548259 2631.415239 2624.502473 2627.068536 2633.530145 2630.835028 2617.108750 2598.286090 2580.898500 2565.030156 2532.699675 2499.236336 2470.784171 2458.029533 2453.872874 2453.545706 2445.592964 2453.769698 2462.158650 2477.826145 2492.930817 2516.452060 2545.746450 2560.491662 2575.715387 2585.325241 2605.247577 2636.110916 2689.853330 2754.012341 2812.254461 2817.953528 2819.514167 2832.061920 2815.746975 2810.250205 2835.429992 2816.092373 2870.003117 2961.144864 3000.884293 3047.251925 3087.148850 3123.422450 3181.420185 3272.970897 3352.616830 -9999.0 -9999.0 -9999.0 -9999.0 -9999.0 -9999.0 -9999.0 -9999.0 -9999.0 -9999.0 -9999.0 -9999.0
-9999.0 -9999.0 -9999.0 -9999.0 -9999.0 -9999.0 1741.112873 1846.274429 1917.498162 2067.845187 2210.762735 2318.427930 2402.668028 2438.857590 2472.336633 2502.837080 2503.361777 2483.808372 2462.660704 2483.538834 2501.170072 2494.691698 2463.077851 2463.877556 2470.045440 2477.629097 2474.795119 2468.379193 2443.298821 2458.265522 2461.350526 2438.367926 2412.818604 2399.723247 2388.025188 2397.677988 2397.620183 2383.215244 2382.373227 2409.900380 2430.715817 2443.611300 2464.818729 2498.078966 2530.788223 2546.785018 2548.392191 2554.172336 2592.437196 2662.754265 2735.697168 2792.559087 2798.579534 2804.308293 2810.524054 2770.614562 2750.549777 2756.886142 2789.438940 2837.972809 2842.473377 2881.110552 2896.350625 2901.218946 2915.394148 2985.026164 -9999.0 -9999.0 -9999.0 -9999.0 -9999.0 -9999.0 -9999.0 -9999.0 -9999.0 -9999.0 -9999.0 -9999.0 -9999.0 -9999.0
-9999.0 -9999.0 -9999.0 -9999.0 -9999.0 -9999.0 -9999.0 -9999.0 -9999.0 -9999.0 -9999.0 -9999.0 -9999.0 -9999.0 -9999.0 -9999.0 -9999.0 -9999.0 -9999.0 -9999.0 -9999.0 -9999.0 -9999.0 -9999.0 -9999.0 -9999.0 -9999.0 -9999.0 -9999.0 -9999.0 -9999.0 -9999.0 -9999.0 -9999.0 -9999.0 -9999.0 -9999.0 -9999.0 -9999.0 -9999.0 -9999.0 -9999.0 -9999.0 -9999.0 -9999.0 -9999.0 -9999.0 -9999.0 -9999.0 -9999.0 -9999.0 -9999.0 -9999.0 -9999.0 -9999.0 -9999.0 -9999.0 -9999.0 -9999.0 -9999.0 -9999.0 -9999.0 -9999.0 -9999.0 -9999.0 -9999.0 -9999.0 -9999.0 -9999.0 -9999.0 -9999.0 -9999.0 -9999.0 -9999.0 -9999.0 -9999.0 -9999.0 -9999.0 -9999.0 -9999.0
-9999.0 -9999.0 -9999.0 -9999.0 -9999.0 -9999.0 -9999.0 -9999.0 -9999.0 -9999.0 -9999.0 -9999.0 -9999.0 -9999.0 -9999.0 -9999.0 -9999.0 -9999.0 -9999.0 -9999.0 -9999.0 -9999.0 -9999.0 -9999.0 -9999.0 -9999.0 -9999.0 -9999.0 -9999.0 -9999.0 -9999.0 -9999.0 -9999.0 -9999.0 -9999.0 -9999.0 -9999.0 -9999.0 -9999.0 -9999.0 -9999.0 -9999.0 -9999.0 -9999.0 -9999.0 -9999.0 -9999.0 -9999.0 -9999.0 -9999.0 -9999.0 -9999.0 -9999.0 -9999.0 -9999.0 -9999.0 -9999.0 -9999.0 -9999.0 -9999.0 -9999.0 -9999.0 -9999.0 -9999.0 -9999.0 -9999.0 -9999.0 -9999.0 -9999.0 -9999.0 -9999.0 -9999.0 -9999.0 -9999.0 -9999.0 -9999.0 -9999.0 -9999.0 -9999.0 -9999.0