Borden_/Borden1m_014/output_maps/psiliqL0002N0024.asc
ncols         80
nrows         18
xllcorner     620200.000000
yllcorner     5168000.000000
cellsize      1.000000
NODATA_value  -9999.0
-9999.0 -9999.0 -9999.0 -9999.0 -9999.0 -9999.0 -9999.0 -9999.0 -9999.0 -9999.0 -9999.0 -9999.0 -9999.0 -9999.0 -9999.0 -9999.0 -9999.0 -9999.0 -9999.0 -9999.0 -9999.0 -9999.0 -9999.0 -9999.0 -9999.0 -9999.0 -9999.0 -9999.0 -9999.0 -9999.0 -9999.0 -9999.0 -9999.0 -9999.0 -9999.0 -9999.0 -9999.0 -9999.0 -9999.0 -9999.0 -9999.0 -9999.0 -9999.0 -9999.0 -9999.0 -9999.0 -9999.0 -9999.0 -9999.0 -9999.0 -9999.0 -9999.0 -9999.0 -9999.0 -9999.0 -9999.0 -9999.0 -9999.0 -9999.0 -9999.0 -9999.0 -9999.0 -9999.0 -9999.0 -9999.0 -9999.0 -9999.0 -9999.0 -9999.0 -9999.0 -9999.0 -9999.0 -9999.0 -9999.0 -9999.0 -9999.0 -9999.0 -9999.0 -9999.0 -9999.0
-9999.0 -9999.0 -9999.0 -9999.0 -9999.0 -9999.0 -9999.0 -9999.0 -9999.0 -9999.0 -9999.0 -9999.0 -9999.0 -9999.0 -9999.0 -9999.0 -9999.0 -9999.0 -9999.0 -9999.0 -9999.0 -9999.0 -9999.0 -9999.0 -9999.0 -9999.0 -9999.0 -9999.0 -9999.0 -9999.0 -9999.0 -9999.0 -9999.0 -9999.0 -9999.0 -9999.0 -9999.0 -9999.0 -9999.0 -9999.0 -9999.0 -9999.0 -9999.0 -9999.0 -9999.0 -9999.0 -9999.0 -9999.0 -9999.0 -9999.0 -9999.0 -9999.0 -9999.0 -9999.0 -9999.0 -9999.0 -9999.0 -9999.0 -9999.0 -9999.0 -9999.0 -9999.0 -9999.0 -9999.0 -9999.0 -9999.0 -9999.0 -9999.0 -9999.0 -9999.0 -9999.0 -9999.0 -9999.0 -9999.0 -9999.0 -9999.0 -9999.0 -9999.0 -9999.0 -9999.0
-9999.0 -9999.0 -9999.0 -9999.0 -9999.0 -9999.0 -9999.0 -9999.0 -9999.0 -9999.0 -9999.0 -9999.0 -9999.0 -9999.0 -9999.0 -9999.0 -9999.0 -9999.0 -9999.0 -9999.0 -562.698412 -561.746709 -563.733705 -565.967149 -567.861098 -568.116411 -566.007352 -563.592348 -560.790037 -560.246087 -562.563863 -561.978423 -562.903045 -563.435308 -563.494209 -562.855713 -562.544358 -561.645697 -561.081692 -561.364885 -562.063375 -562.550299 -563.025139 -562.889748 -562.087569 -563.165181 -561.588919 -560.051140 -559.517297 -559.498904 -561.550448 -562.379236 -562.673286 -564.480007 -561.215813 -560.288469 -557.898691 -557.681589 -557.209870 -559.894240 -562.516978 -9999.0 -9999.0 -9999.0 -9999.0 -9999.0 -9999.0 -9999.0 -9999.0 -9999.0 -9999.0 -9999.0 -9999.0 -9999.0 -9999.0 -9999.0 -9999.0 -9999.0 -9999.0 -9999.0
-9999.0 -9999.0 -9999.0 -9999.0 -9999.0 -9999.0 -9999.0 -9999.0 -9999.0 -9999.0 -9999.0 -9999.0 -9999.0 -9999.0 -566.187091 -567.281815 -567.796793 -568.156256 -566.264692 -564.806447 -564.804525 -565.946386 -564.986000 -567.163980 -569.092470 -567.928655 -566.317556 -565.037254 -562.841075 -561.123931 -562.743462 -563.142628 -562.284190 -559.179238 -557.811876 -558.478683 -562.164014 -558.715018 -556.985187 -555.856267 -556.004814 -557.694364 -555.359163 -552.621316 -554.040442 -556.929577 -556.320152 -554.719192 -552.032499 -553.381541 -562.336084 -563.183150 -562.691713 -562.469510 -563.660744 -564.539527 -561.253664 -561.745058 -562.264133 -562.781591 -564.617316 -567.641016 -569.001021 -565.824901 -563.043842 -557.193106 -9999.0 -9999.0 -9999.0 -9999.0 -9999.0 -9999.0 -9999.0 -9999.0 -9999.0 -9999.0 -9999.0 -9999.0 -9999.0 -9999.0
-9999.0 -9999.0 -9999.0 -9999.0 -9999.0 -9999.0 -9999.0 -9999.0 -9999.0 -567.860596 -568.186980 -567.898784 -568.650100 -567.716940 -569.362795 -569.003109 -569.321708 -568.036401 -567.036619 -565.248588 -562.785010 -564.653133 -564.901567 -563.586387 -563.433593 -562.961217 -561.915476 -557.849398 -553.156719 -545.529276 -552.106176 -552.388922 -548.861981 -535.174974 -522.412162 -518.477776 -525.236921 -525.313964 -516.939744 -506.548347 -506.688624 -507.698109 -496.083511 -488.803335 -483.285998 -494.687471 -505.234024 -506.902488 -492.607941 -516.270885 -535.302605 -550.277455 -549.279960 -554.125141 -559.310654 -561.180726 -561.928524 -558.138262 -559.548733 -562.919889 -565.632790 -564.681841 -566.233883 -564.719356 -563.717609 -559.299924 -555.291880 -551.315729 -551.118885 -553.672277 -9999.0 -9999.0 -9999.0 -9999.0 -9999.0 -9999.0 -9999.0 -9999.0 -9999.0 -9999.0
-9999.0 -9999.0 -9999.0 -9999.0 -9999.0 -9999.0 -569.629248 -569.789189 -569.210612 -571.239169 -569.895193 -570.905183 -569.927051 -569.535442 -568.925922 -568.961370 -567.332659 -565.929458 -563.489410 -560.178639 -557.033593 -558.788031 -557.985107 -553.385250 -543.701718 -534.317865 -528.448711 -517.638661 -477.290117 -424.792022 -396.776260 -381.021315 -358.357815 -334.480758 -287.649138 -214.956840 -291.756417 -310.366867 -297.870435 -260.784475 -172.823604 -171.944463 -166.630617 -159.775696 -133.936163 -138.785937 -255.715151 -283.080014 -290.259680 -296.554427 -328.655618 -363.868041 -440.851063 -489.570562 -523.182953 -539.324099 -542.311471 -540.059478 -546.389160 -554.590008 -559.323002 -559.271613 -560.157904 -561.908209 -561.084444 -559.317857 -556.527005 -554.748956 -556.090942 -557.883853 -559.182686 -562.101734 -561.626670 -558.786195 -9999.0 -9999.0 -9999.0 -9999.0 -9999.0 -9999.0
-9999.0 -9999.0 -9999.0 -9999.0 -572.624503 -571.727274 -574.465239 -572.963085 -571.830616 -571.005527 -571.097114 -569.587477 -569.236376 -568.184181 -565.858822 -564.075340 -560.759948 -558.275998 -551.000537 -534.573024 -517.813992 -507.113935 -500.721831 -443.634487 -357.341574 -325.331536 -315.159483 -296.998027 -253.059967 -127.050785 -101.057804 -94.535244 -77.083118 -53.379507 -13.287195 19.078800 1.471514 -5.172390 -3.780106 3.618937 27.028836 27.375816 28.399767 28.374394 30.381181 32.233334 13.046100 -17.333366 -27.752648 -35.597213 -90.141581 -111.985087 -220.140539 -260.277260 -282.112939 -312.739017 -354.895139 -382.085495 -469.148035 -504.801248 -529.609958 -538.094095 -545.845553 -549.589484 -554.553056 -553.637711 -552.234737 -554.725006 -557.891871 -560.857735 -561.158988 -562.431498 -563.917296 -560.233332 -558.982049 -554.973876 -9999.0 -9999.0 -9999.0 -9999.0
-9999.0 -9999.0 -572.686036 -572.690850 -570.294776 -571.865689 -572.788689 -574.125419 -573.656015 -571.386087 -567.050560 -565.289160 -562.360822 -560.828523 -553.723362 -534.404806 -509.916009 -487.111444 -412.855137 -347.282671 -308.908610 -274.606879 -185.084613 -148.607157 -132.278914 -58.351108 -35.479795 -16.808809 7.234968 31.963130 57.097699 72.492891 79.002227 70.809141 72.115139 68.174895 68.382979 63.527404 46.915676 44.754242 52.142351 53.607107 57.609272 45.209334 41.607295 54.036928 56.019378 56.147421 59.312560 66.226547 77.741578 49.039323 -3.158634 -13.937190 -53.051452 -53.879721 -112.118984 -211.082111 -243.701711 -281.340746 -335.808684 -366.292142 -446.374481 -497.258591 -522.080174 -533.019780 -543.402490 -549.607167 -555.129530 -560.144437 -561.603907 -562.453159 -561.711943 -562.261174 -560.307403 -558.854462 -556.638338 -555.816030 -9999.0 -9999.0
-9999.0 -573.297524 -574.221973 -569.980483 -569.429562 -568.661136 -567.581636 -566.655445 -565.551004 -567.311388 -555.384599 -530.630920 -502.524389 -490.651169 -430.750059 -331.348959 -182.677660 -150.195883 -148.152190 -86.036767 -37.709945 -0.394519 22.715643 55.049558 78.698633 71.566727 71.180623 67.887173 61.098507 53.116056 42.689854 50.787862 49.450678 35.207891 23.729225 22.688409 20.011672 -2.931983 -28.335055 -40.050040 -34.504061 -14.908469 -23.884633 -43.911304 -47.583439 -28.236816 -13.615473 -22.051262 -32.814008 -18.928347 11.432477 28.423670 44.683028 58.454244 78.682280 56.457006 24.378030 -11.707280 -58.031539 -47.930212 -154.302340 -217.440247 -270.043692 -323.036048 -362.570806 -451.944212 -505.304968 -527.660647 -543.205629 -548.760961 -552.133471 -559.106852 -560.828855 -559.281681 -560.194641 -560.296226 -559.427880 -558.758079 -9999.0 -9999.0
-9999.0 -577.357887 -573.462011 -569.048536 -563.508200 -562.931653 -542.249709 -521.654810 -514.460445 -525.577979 -465.153467 -177.377997 -115.910654 -115.945861 -64.276333 2.065153 42.268733 63.819232 77.886520 67.169118 62.689294 64.037876 58.992384 51.227310 37.582690 30.052059 30.236687 28.100766 11.608097 -4.343958 -19.796833 -19.901091 -32.759701 -65.112956 -94.077544 -106.514185 -123.246356 -199.279311 -244.483238 -273.285920 -285.068840 -266.909592 -276.530559 -292.389475 -295.560724 -274.987394 -242.925669 -247.226931 -239.164273 -214.050302 -169.688522 -83.265205 -64.214141 -39.420324 -8.190981 28.933498 47.471722 65.724965 72.975462 48.578963 11.805205 -32.837605 -59.525443 -167.604190 -237.781159 -308.463708 -346.698898 -376.530736 -471.017841 -503.922051 -524.240905 -540.203047 -550.912761 -553.145039 -558.191335 -558.890587 -9999.0 -9999.0 -9999.0 -9999.0
-9999.0 -577.452872 -573.627366 -565.082900 -543.227867 -506.257541 -357.671016 -247.620646 -71.140441 -128.374888 -7.289396 62.695100 71.206115 54.164611 28.215818 24.554748 33.808078 35.821286 31.883941 22.721847 13.988018 9.864192 -20.184653 1.345726 -10.292347 -24.543887 -34.597985 -45.130855 -134.168250 -169.610935 -197.635305 -215.908935 -250.015289 -319.292642 -341.461525 -358.065974 -435.284351 -452.109875 -467.517968 -491.154243 -500.421892 -506.180241 -498.329743 -500.425006 -501.193654 -496.296535 -482.532796 -469.483382 -412.275927 -363.008636 -339.680896 -304.663460 -275.434907 -231.001880 -179.365639 -77.055899 -50.050166 -25.612039 -10.978800 49.274896 69.791744 62.095784 33.935692 -26.721128 -55.175852 -167.385509 -213.383949 -269.313456 -321.303154 -352.101937 -374.576660 -451.620504 -507.974651 -537.521052 -544.846452 -9999.0 -9999.0 -9999.0 -9999.0 -9999.0
-9999.0 -582.947794 -573.275178 -566.278237 -526.422477 -347.358676 -268.404492 2.149630 53.472335 -14.463391 -130.846025 -48.905955 -15.734932 -16.245531 -40.158209 -48.999937 -55.093410 -55.896137 -43.205985 -70.891502 -148.465037 -166.872743 -169.758627 -182.562516 -208.026029 -228.573285 -243.953633 -264.489571 -309.008277 -337.442768 -380.010118 -425.262850 -495.273136 -522.879627 -535.604128 -546.260623 -555.648701 -555.414059 -552.464002 -555.006216 -557.692822 -560.538249 -557.125525 -555.565890 -554.039504 -555.947344 -555.457324 -550.722150 -542.545050 -532.970046 -517.022268 -491.775652 -448.416689 -366.520929 -346.086952 -311.463417 -273.931208 -224.895959 -152.240164 -31.468814 -4.486471 24.412597 59.937004 78.326416 40.650614 5.642377 -45.201899 -96.684449 -211.299482 -268.286750 -294.139117 -321.518506 -354.322748 -9999.0 -9999.0 -9999.0 -9999.0 -9999.0 -9999.0 -9999.0
-9999.0 -586.153597 -575.614056 -573.959901 -561.263407 -531.071081 -464.992334 -343.052689 -182.103915 -307.594531 -319.975382 -302.853915 -280.898848 -262.564077 -282.341566 -306.904241 -322.530626 -319.160855 -317.322767 -331.804408 -348.403080 -355.632463 -356.593524 -366.628817 -412.885371 -441.296201 -456.149300 -478.336599 -501.026944 -521.689793 -544.691984 -554.548248 -561.124423 -563.301826 -564.895749 -566.580400 -569.895252 -568.041319 -566.627849 -566.990208 -568.048749 -568.867918 -566.399726 -565.568485 -564.789975 -567.095144 -565.524414 -564.149779 -560.965174 -557.653162 -552.761397 -545.204768 -534.829569 -526.567241 -519.618035 -506.082518 -479.424664 -390.452827 -330.852912 -248.667259 -175.223001 -81.842463 -34.402259 -21.208949 18.368826 27.262429 35.721905 17.173704 -69.356524 -196.794440 -232.056727 -9999.0 -9999.0 -9999.0 -9999.0 -9999.0 -9999.0 -9999.0 -9999.0 -9999.0
-9999.0 -9999.0 -588.260584 -583.887084 -579.979869 -576.082660 -570.512240 -562.822612 -556.971389 -548.686618 -535.805112 -519.819684 -508.178484 -502.248148 -510.179583 -524.578187 -532.180544 -531.596957 -533.558401 -537.437644 -544.120533 -546.640604 -548.260888 -549.534274 -552.145500 -553.214565 -553.647096 -554.563027 -556.584822 -561.073897 -564.889789 -567.426658 -570.247534 -570.070640 -570.499970 -571.488341 -570.651446 -570.855592 -570.588733 -570.745322 -570.527128 -570.081615 -569.549084 -568.804504 -568.791567 -568.589853 -568.332908 -567.517680 -566.261317 -564.595301 -561.245030 -556.166286 -552.150515 -551.162049 -553.300191 -552.607261 -549.592861 -542.042460 -514.171309 -443.139617 -349.858573 -298.497276 -228.617938 -175.597866 -129.867647 -86.451565 -29.411763 15.627762 9.046718 -174.142401 -9999.0 -9999.0 -9999.0 -9999.0 -9999.0 -9999.0 -9999.0 -9999.0 -9999.0 -9999.0
-9999.0 -9999.0 -9999.0 -9999.0 -589.958317 -583.931879 -578.434869 -578.994097 -575.055468 -572.738933 -570.554264 -567.858811 -565.620786 -564.104093 -566.073810 -566.538659 -566.925769 -566.604623 -566.996355 -567.518826 -567.773390 -568.080580 -568.357990 -568.798732 -568.624432 -568.206338 -568.083447 -568.826137 -568.790724 -570.222774 -570.384204 -571.181511 -571.959997 -572.883369 -572.670332 -572.776301 -572.352329 -572.798965 -572.113948 -572.547035 -572.045105 -571.831745 -571.226731 -570.227035 -570.655383 -570.076344 -570.064678 -569.304596 -569.055866 -567.029779 -563.655803 -559.641902 -556.845062 -556.978796 -560.586632 -562.026481 -562.871956 -560.613876 -556.651077 -547.622555 -521.038051 -485.097040 -388.051704 -346.694553 -323.814188 -284.175273 -216.816375 -136.748793 -9999.0 -9999.0 -9999.0 -9999.0 -9999.0 -9999.0 -9999.0 -9999.0 -9999.0 -9999.0 -9999.0 -9999.0
-9999.0 -9999.0 -9999.0 -9999.0 -9999.0 -9999.0 -587.427315 -584.463250 -585.304504 -583.169045 -581.299330 -579.818809 -577.463074 -577.847152 -577.203193 -575.302039 -575.585893 -576.476885 -577.604011 -575.919614 -575.210962 -575.023274 -576.866205 -576.341139 -576.161969 -575.444914 -575.518768 -575.194876 -576.783984 -574.903505 -574.000438 -574.335734 -574.656041 -574.287998 -574.692299 -573.500152 -573.358743 -574.307738 -574.585277 -573.234567 -572.870358 -573.087448 -572.844660 -571.943370 -570.603451 -570.424618 -571.057073 -571.943346 -570.585780 -567.435000 -563.851058 -560.613782 -558.446051 -557.686961 -560.678989 -564.652644 -566.608407 -566.889243 -565.296816 -562.184842 -554.308098 -548.497010 -543.368186 -535.891339 -527.311631 -479.427056 -9999.0 -9999.0 -9999.0 -9999.0 -9999.0 -9999.0 -9999.0 -9999.0 -9999.0 -9999.0 -9999.0 -9999.0 -9999.0 -9999.0
-9999.0 -9999.0 -9999.0 -9999.0 -9999.0 -9999.0 -9999.0 -9999.0 -9999.0 -9999.0 -9999.0 -9999.0 -9999.0 -9999.0 -9999.0 -9999.0 -9999.0 -9999.0 -9999.0 -9999.0 -9999.0 -9999.0 -9999.0 -9999.0 -9999.0 -9999.0 -9999.0 -9999.0 -9999.0 -9999.0 -9999.0 -9999.0 -9999.0 -9999.0 -9999.0 -9999.0 -9999.0 -9999.0 -9999.0 -9999.0 -9999.0 -9999.0 -9999.0 -9999.0 -9999.0 -9999.0 -9999.0 -9999.0 -9999.0 -9999.0 -9999.0 -9999.0 -9999.0 -9999.0 -9999.0 -9999.0 -9999.0 -9999.0 -9999.0 -9999.0 -9999.0 -9999.0 -9999.0 -9999.0 -9999.0 -9999.0 -9999.0 -9999.0 -9999.0 -9999.0 -9999.0 -9999.0 -9999.0 -9999.0 -9999.0 -9999.0 -9999.0 -9999.0 -9999.0 -9999.0
-9999.0 -9999.0 -9999.0 -9999.0 -9999.0 -9999.0 -9999.0 -9999.0 -9999.0 -9999.0 -9999.0 -9999.0 -9999.0 -9999.0 -9999.0 -9999.0 -9999.0 -9999.0 -9999.0 -9999.0 -9999.0 -9999.0 -9999.0 -9999.0 -9999.0 -9999.0 -9999.0 -9999.0 -9999.0 -9999.0 -9999.0 -9999.0 -9999.0 -9999.0 -9999.0 -9999.0 -9999.0 -9999.0 -9999.0 -9999.0 -9999.0 -9999.0 -9999.0 -9999.0 -9999.0 -9999.0 -9999.0 -9999.0 -9999.0 -9999.0 -9999.0 -9999.0 -9999.0 -9999.0 -9999.0 -9999.0 -9999.0 -9999.0 -9999.0 -9999.0 -9999.0 -9999.0 -9999.0 -9999.0 -9999.0 -9999.0 -9999.0 -9999.0 -9999.0 -9999.0 -9999.0 -9999.0 -9999.0 -9999.0 -9999.0 -9999.0 -9999.0 -9999.0 -9999.0 -9999.0