Borden_/Borden1m_014/output_maps/psiliqL0019N0003.asc
ncols         80
nrows         18
xllcorner     620200.000000
yllcorner     5168000.000000
cellsize      1.000000
NODATA_value  -9999.0
-9999.0 -9999.0 -9999.0 -9999.0 -9999.0 -9999.0 -9999.0 -9999.0 -9999.0 -9999.0 -9999.0 -9999.0 -9999.0 -9999.0 -9999.0 -9999.0 -9999.0 -9999.0 -9999.0 -9999.0 -9999.0 -9999.0 -9999.0 -9999.0 -9999.0 -9999.0 -9999.0 -9999.0 -9999.0 -9999.0 -9999.0 -9999.0 -9999.0 -9999.0 -9999.0 -9999.0 -9999.0 -9999.0 -9999.0 -9999.0 -9999.0 -9999.0 -9999.0 -9999.0 -9999.0 -9999.0 -9999.0 -9999.0 -9999.0 -9999.0 -9999.0 -9999.0 -9999.0 -9999.0 -9999.0 -9999.0 -9999.0 -9999.0 -9999.0 -9999.0 -9999.0 -9999.0 -9999.0 -9999.0 -9999.0 -9999.0 -9999.0 -9999.0 -9999.0 -9999.0 -9999.0 -9999.0 -9999.0 -9999.0 -9999.0 -9999.0 -9999.0 -9999.0 -9999.0 -9999.0
-9999.0 -9999.0 -9999.0 -9999.0 -9999.0 -9999.0 -9999.0 -9999.0 -9999.0 -9999.0 -9999.0 -9999.0 -9999.0 -9999.0 -9999.0 -9999.0 -9999.0 -9999.0 -9999.0 -9999.0 -9999.0 -9999.0 -9999.0 -9999.0 -9999.0 -9999.0 -9999.0 -9999.0 -9999.0 -9999.0 -9999.0 -9999.0 -9999.0 -9999.0 -9999.0 -9999.0 -9999.0 -9999.0 -9999.0 -9999.0 -9999.0 -9999.0 -9999.0 -9999.0 -9999.0 -9999.0 -9999.0 -9999.0 -9999.0 -9999.0 -9999.0 -9999.0 -9999.0 -9999.0 -9999.0 -9999.0 -9999.0 -9999.0 -9999.0 -9999.0 -9999.0 -9999.0 -9999.0 -9999.0 -9999.0 -9999.0 -9999.0 -9999.0 -9999.0 -9999.0 -9999.0 -9999.0 -9999.0 -9999.0 -9999.0 -9999.0 -9999.0 -9999.0 -9999.0 -9999.0
-9999.0 -9999.0 -9999.0 -9999.0 -9999.0 -9999.0 -9999.0 -9999.0 -9999.0 -9999.0 -9999.0 -9999.0 -9999.0 -9999.0 -9999.0 -9999.0 -9999.0 -9999.0 -9999.0 -9999.0 1934.528394 1936.621915 1915.135533 1881.883965 1854.528748 1857.307034 1891.879776 1933.561539 1973.014109 1982.861675 1965.475713 1969.307010 1965.230718 1962.630950 1963.962440 1970.963738 1976.044266 1986.200978 1993.560418 1991.971971 1985.105089 1979.934977 1981.207941 1983.838062 1989.898736 1977.692406 1992.425674 2007.875753 2012.614474 2008.236840 1982.279288 1967.715772 1958.376276 1942.016079 1966.576754 1977.563498 1999.699910 2003.217736 2000.746798 1973.438220 1943.130161 -9999.0 -9999.0 -9999.0 -9999.0 -9999.0 -9999.0 -9999.0 -9999.0 -9999.0 -9999.0 -9999.0 -9999.0 -9999.0 -9999.0 -9999.0 -9999.0 -9999.0 -9999.0 -9999.0
-9999.0 -9999.0 -9999.0 -9999.0 -9999.0 -9999.0 -9999.0 -9999.0 -9999.0 -9999.0 -9999.0 -9999.0 -9999.0 -9999.0 1843.752383 1834.738975 1832.255909 1840.540789 1873.949095 1904.361037 1916.243100 1909.158529 1909.662737 1886.323089 1865.629085 1879.894391 1910.304213 1942.179142 1977.097540 1997.244711 1987.285536 1985.830243 1994.768381 2017.588757 2027.893651 2024.320668 2005.120373 2028.548213 2042.580622 2048.652465 2047.003567 2037.767837 2048.787753 2064.122356 2057.909477 2042.057912 2049.764988 2062.776321 2074.120447 2062.751450 2001.333016 1984.618166 1979.902330 1973.516921 1959.229094 1953.300315 1979.123226 1978.050615 1969.481357 1951.320639 1918.034535 1873.198360 1854.138343 1893.136906 1936.414885 1992.833004 -9999.0 -9999.0 -9999.0 -9999.0 -9999.0 -9999.0 -9999.0 -9999.0 -9999.0 -9999.0 -9999.0 -9999.0 -9999.0 -9999.0
-9999.0 -9999.0 -9999.0 -9999.0 -9999.0 -9999.0 -9999.0 -9999.0 -9999.0 1785.660841 1791.066050 1798.620517 1801.443433 1817.178194 1814.480538 1821.722094 1827.788601 1855.214967 1885.922265 1920.577499 1948.709828 1940.089058 1940.381040 1948.654539 1949.401601 1960.794638 1983.045393 2023.245404 2060.394170 2100.636725 2071.907260 2069.805639 2088.610428 2132.651607 2160.268290 2163.956452 2145.042388 2156.473732 2179.863339 2198.045823 2195.350945 2191.005245 2215.946930 2231.461299 2231.267149 2211.490655 2203.938984 2206.884117 2233.546217 2183.015499 2117.374552 2071.702039 2079.557663 2052.696179 2019.526729 2002.330900 1999.956562 2019.318348 2004.690664 1968.089250 1932.603457 1920.707844 1902.898439 1921.013873 1943.111656 1988.868850 2027.603546 2056.189029 2055.349384 2037.731723 -9999.0 -9999.0 -9999.0 -9999.0 -9999.0 -9999.0 -9999.0 -9999.0 -9999.0 -9999.0
-9999.0 -9999.0 -9999.0 -9999.0 -9999.0 -9999.0 1706.292417 1716.617883 1737.582608 1741.797054 1768.063964 1775.026625 1795.424762 1814.218864 1836.007095 1851.032936 1879.115399 1911.108223 1950.330462 1991.566926 2022.277927 2014.755068 2024.018423 2050.837460 2086.425079 2113.047053 2138.785022 2179.452135 2256.000182 2299.099813 2303.278751 2308.126697 2317.635069 2366.371348 2428.857871 2439.582005 2418.272385 2403.540957 2423.913186 2458.986397 2460.105740 2460.080354 2473.874897 2487.000589 2516.824367 2507.340389 2466.270205 2454.679174 2456.885560 2438.139038 2373.538850 2311.233225 2281.105315 2230.507832 2147.842370 2097.410560 2109.364949 2129.521528 2101.962017 2049.166318 2010.646322 2000.998588 1986.455928 1974.916321 1983.058614 2003.153694 2025.487841 2037.178659 2024.143159 2002.733609 1980.076390 1951.344667 1953.359831 1978.366004 -9999.0 -9999.0 -9999.0 -9999.0 -9999.0 -9999.0
-9999.0 -9999.0 -9999.0 -9999.0 1655.917435 1669.027076 1656.165127 1682.237943 1715.254452 1749.774253 1780.374595 1815.740464 1842.015700 1871.270281 1908.584695 1937.541170 1975.263206 2008.952911 2061.893955 2128.298737 2177.208709 2197.073367 2210.619305 2268.373809 2331.375751 2385.132912 2408.139444 2437.993010 2487.574599 2552.591451 2582.288438 2589.300636 2606.462023 2643.660716 2692.956305 2727.727527 2709.980180 2700.455924 2706.113950 2716.547108 2737.588438 2737.756202 2740.251140 2745.738667 2754.324693 2753.708908 2727.593055 2693.830405 2678.372569 2669.098887 2635.963104 2563.848135 2523.756005 2490.127006 2450.260205 2395.576348 2335.745645 2323.725344 2265.418503 2207.468038 2148.819561 2130.578871 2102.128148 2079.054773 2053.744188 2058.667013 2064.466545 2045.361951 2013.339700 1981.576701 1966.883584 1948.277102 1937.014539 1967.436844 1985.137311 2015.168697 -9999.0 -9999.0 -9999.0 -9999.0
-9999.0 -9999.0 1596.622049 1643.850740 1700.785434 1708.617598 1706.634002 1712.084464 1740.698181 1792.564343 1863.387410 1908.780135 1946.548633 1979.672031 2035.801056 2106.723499 2173.254517 2220.655152 2283.859994 2356.496686 2418.852281 2449.484854 2465.199983 2509.215849 2569.839864 2638.923455 2669.232771 2698.628511 2737.445942 2777.826419 2784.895686 2798.185417 2806.950620 2812.095896 2819.923579 2822.614886 2816.473771 2808.875355 2786.659958 2778.848838 2783.051802 2788.326876 2788.714918 2775.993000 2773.568762 2788.408521 2793.769557 2793.327922 2793.339595 2802.017356 2803.698776 2760.449410 2728.392574 2710.099991 2694.637215 2647.789638 2580.014529 2538.162164 2512.587618 2465.640744 2387.105585 2337.496756 2287.654255 2242.431027 2193.594112 2168.552347 2126.684785 2087.522603 2043.246031 1998.390188 1975.788688 1958.759358 1956.918841 1957.128643 1974.032059 1989.645040 2005.377714 2013.354331 -9999.0 -9999.0
-9999.0 1490.931050 1562.508014 1686.441584 1765.042223 1806.209296 1829.112620 1845.486766 1874.432890 1904.379069 2002.000319 2075.962816 2165.109027 2203.818413 2250.381837 2343.491107 2437.726079 2488.511282 2534.257079 2598.361954 2663.041687 2714.364779 2744.004191 2746.384020 2786.926708 2809.517676 2816.447105 2823.514531 2824.930594 2820.457627 2814.103310 2819.205412 2812.558692 2790.950772 2773.258136 2769.276777 2762.496287 2734.436788 2697.921262 2677.569401 2676.095451 2699.691535 2684.794332 2663.811662 2660.482860 2682.965956 2706.617985 2699.326070 2688.792451 2712.786636 2751.062302 2775.441037 2782.186140 2799.659063 2821.168753 2794.464991 2767.940817 2723.080443 2699.278671 2669.119389 2609.149387 2546.660508 2488.157628 2425.305152 2360.109782 2297.408115 2238.472665 2180.303622 2118.048947 2079.087746 2049.442176 2001.265501 1983.159394 1987.064536 1980.105797 1978.103276 1984.683638 1991.207175 -9999.0 -9999.0
-9999.0 1404.031982 1544.494067 1725.180600 1869.900317 1920.157587 2005.771863 2077.375609 2102.602986 2066.403795 2171.950332 2391.083816 2507.626452 2529.537828 2603.581429 2696.049777 2701.962529 2737.788530 2766.563443 2787.884668 2804.215936 2817.963468 2817.853572 2814.154331 2800.278009 2792.377581 2790.694581 2788.845966 2773.365667 2755.912973 2738.008059 2730.073240 2702.792160 2651.835886 2616.052818 2596.944049 2577.576982 2555.818455 2518.843499 2486.129507 2465.728629 2477.632163 2472.865885 2456.004464 2452.180163 2474.624159 2506.676530 2505.593652 2519.900439 2545.775856 2588.580297 2630.225015 2654.259894 2687.561591 2730.498391 2778.765257 2792.971909 2815.659252 2820.254794 2805.212393 2759.867857 2702.459405 2665.333098 2600.436602 2527.384848 2448.651353 2385.817109 2325.568536 2258.591245 2214.295966 2167.073746 2108.629550 2058.204072 2042.306461 2006.208424 1989.894734 -9999.0 -9999.0 -9999.0 -9999.0
-9999.0 1315.665925 1499.354262 1748.020515 2028.050822 2120.583852 2322.795455 2449.913810 2505.052768 2577.375623 2520.056847 2693.771106 2743.437386 2743.143283 2750.134066 2754.579898 2770.462650 2775.074694 2775.385879 2769.706268 2764.344040 2762.487362 2762.044833 2753.942815 2739.296299 2720.112531 2701.237851 2687.448200 2650.435430 2617.968384 2579.038429 2560.237100 2512.744482 2414.147061 2369.929313 2331.315515 2271.649730 2265.974487 2260.833485 2230.086862 2208.976785 2183.959733 2208.080005 2215.148285 2218.145537 2218.017446 2232.203960 2259.019253 2306.582112 2345.163465 2390.400309 2443.272443 2480.821442 2527.675436 2576.840571 2635.498630 2671.673311 2706.313111 2761.429362 2803.673152 2829.787187 2817.970351 2793.072354 2745.566089 2672.556856 2609.230225 2562.380185 2490.315093 2426.391659 2372.100684 2318.727846 2258.341063 2191.494934 2125.077528 2087.990632 -9999.0 -9999.0 -9999.0 -9999.0 -9999.0
-9999.0 1118.919737 1383.832127 1660.536194 1955.146074 2284.103422 2431.113020 2548.381737 2621.117925 2599.507790 2616.439379 2633.957532 2679.381732 2690.304180 2669.905522 2659.554379 2646.473252 2647.584734 2663.081011 2639.830548 2613.433681 2601.935036 2601.966993 2588.734771 2561.055074 2538.644677 2523.644002 2501.253053 2452.980094 2402.016160 2318.441279 2284.011751 2203.547931 2152.847011 2110.797967 2061.887922 2012.772774 2012.878250 2031.100635 2016.892236 1994.398667 1975.906434 2003.099278 2022.027280 2034.483014 2021.094048 2029.047348 2063.966372 2112.339537 2155.512239 2203.497786 2256.208647 2301.105751 2348.097632 2380.092009 2429.994057 2481.593648 2532.597592 2611.414797 2696.470223 2742.412351 2781.259636 2815.118281 2835.136979 2787.098473 2745.178108 2699.503748 2642.060897 2569.608817 2519.517992 2478.902560 2407.707596 2340.815902 -9999.0 -9999.0 -9999.0 -9999.0 -9999.0 -9999.0 -9999.0
-9999.0 998.082647 1205.635634 1417.936770 1684.945564 1915.215272 2116.640861 2216.910343 2294.367017 2347.389126 2392.774931 2430.231286 2461.378637 2485.563423 2465.809418 2423.603743 2394.087448 2399.332478 2394.709432 2373.671249 2346.515794 2333.086740 2330.062925 2322.232109 2296.032072 2279.122289 2266.723611 2243.897664 2214.259125 2160.818862 2085.025066 2012.026826 1953.586071 1926.251414 1899.285129 1868.952573 1836.753383 1847.548009 1859.264024 1856.488124 1847.065998 1844.986383 1873.764071 1892.785948 1902.456201 1890.932304 1909.452457 1934.428465 1973.945085 2015.466078 2062.427765 2114.802193 2166.036246 2192.544149 2203.621515 2225.507545 2262.817493 2316.478899 2404.112991 2503.789025 2588.393759 2642.102576 2699.196728 2744.337467 2767.676182 2785.886601 2775.460859 2711.736491 2624.199001 2609.695454 2593.283636 -9999.0 -9999.0 -9999.0 -9999.0 -9999.0 -9999.0 -9999.0 -9999.0 -9999.0
-9999.0 -9999.0 975.103737 1141.291530 1261.065530 1430.711700 1574.348049 1680.771839 1773.045757 1896.967231 2008.537457 2095.783107 2140.281709 2157.498201 2144.312926 2114.173273 2095.090173 2095.588457 2085.712595 2077.439637 2060.221863 2053.421480 2041.350739 2032.421605 2022.971064 2017.388389 2011.920294 2001.589136 1982.137881 1938.322517 1894.767160 1846.592452 1796.134150 1772.353386 1752.140834 1732.549137 1733.281914 1729.056575 1734.475980 1736.317719 1743.996528 1756.993936 1776.680372 1798.747587 1808.268869 1817.276247 1828.879557 1851.442969 1882.942978 1923.805047 1976.071107 2032.009779 2069.844854 2080.430835 2068.273894 2070.242812 2086.726546 2125.591795 2201.895262 2283.524756 2380.791982 2454.927707 2533.504749 2595.396717 2623.345408 2654.049434 2693.022148 2664.998850 2556.833541 2582.981003 -9999.0 -9999.0 -9999.0 -9999.0 -9999.0 -9999.0 -9999.0 -9999.0 -9999.0 -9999.0
-9999.0 -9999.0 -9999.0 -9999.0 998.432278 1148.561905 1243.708216 1323.646899 1452.366557 1574.586189 1675.403430 1758.667164 1821.791451 1847.867461 1845.469169 1854.797779 1851.831482 1845.243897 1835.701413 1837.013052 1838.161041 1831.302771 1816.192784 1808.824582 1810.093164 1815.381746 1812.911350 1799.933566 1782.996203 1764.179444 1747.263760 1715.116848 1681.263027 1653.429289 1641.361419 1637.092254 1637.439782 1630.553776 1639.325156 1647.235235 1662.684146 1677.829074 1701.381165 1730.392948 1744.200187 1758.622151 1767.600100 1786.979369 1816.271996 1868.372299 1930.437583 1986.948382 2021.529824 2024.198669 1997.902767 1980.189865 1973.550318 1998.044518 2038.327112 2100.404615 2198.690402 2270.666940 2328.303099 2378.206141 2420.295931 2484.996758 2569.702413 2625.071951 -9999.0 -9999.0 -9999.0 -9999.0 -9999.0 -9999.0 -9999.0 -9999.0 -9999.0 -9999.0 -9999.0 -9999.0
-9999.0 -9999.0 -9999.0 -9999.0 -9999.0 -9999.0 960.715369 1062.238733 1136.960588 1277.906510 1411.016926 1512.620564 1592.655021 1625.002203 1653.392437 1681.315510 1680.473505 1661.947825 1642.506203 1662.472906 1678.131698 1672.287201 1641.685278 1641.736432 1647.043401 1655.123709 1653.077806 1647.447780 1623.495898 1637.611046 1640.525661 1618.593789 1593.835324 1581.272360 1570.308414 1580.656931 1581.366689 1567.912221 1568.257324 1595.538753 1616.094416 1629.126866 1650.593669 1683.619112 1715.757336 1730.771104 1731.572512 1736.725549 1775.095658 1843.994059 1914.619054 1969.057140 2000.343173 2006.819089 1978.048455 1936.102656 1913.514787 1917.659903 1948.676393 1996.621974 2067.928057 2113.663612 2137.442056 2151.634782 2173.349757 2271.361921 -9999.0 -9999.0 -9999.0 -9999.0 -9999.0 -9999.0 -9999.0 -9999.0 -9999.0 -9999.0 -9999.0 -9999.0 -9999.0 -9999.0
-9999.0 -9999.0 -9999.0 -9999.0 -9999.0 -9999.0 -9999.0 -9999.0 -9999.0 -9999.0 -9999.0 -9999.0 -9999.0 -9999.0 -9999.0 -9999.0 -9999.0 -9999.0 -9999.0 -9999.0 -9999.0 -9999.0 -9999.0 -9999.0 -9999.0 -9999.0 -9999.0 -9999.0 -9999.0 -9999.0 -9999.0 -9999.0 -9999.0 -9999.0 -9999.0 -9999.0 -9999.0 -9999.0 -9999.0 -9999.0 -9999.0 -9999.0 -9999.0 -9999.0 -9999.0 -9999.0 -9999.0 -9999.0 -9999.0 -9999.0 -9999.0 -9999.0 -9999.0 -9999.0 -9999.0 -9999.0 -9999.0 -9999.0 -9999.0 -9999.0 -9999.0 -9999.0 -9999.0 -9999.0 -9999.0 -9999.0 -9999.0 -9999.0 -9999.0 -9999.0 -9999.0 -9999.0 -9999.0 -9999.0 -9999.0 -9999.0 -9999.0 -9999.0 -9999.0 -9999.0
-9999.0 -9999.0 -9999.0 -9999.0 -9999.0 -9999.0 -9999.0 -9999.0 -9999.0 -9999.0 -9999.0 -9999.0 -9999.0 -9999.0 -9999.0 -9999.0 -9999.0 -9999.0 -9999.0 -9999.0 -9999.0 -9999.0 -9999.0 -9999.0 -9999.0 -9999.0 -9999.0 -9999.0 -9999.0 -9999.0 -9999.0 -9999.0 -9999.0 -9999.0 -9999.0 -9999.0 -9999.0 -9999.0 -9999.0 -9999.0 -9999.0 -9999.0 -9999.0 -9999.0 -9999.0 -9999.0 -9999.0 -9999.0 -9999.0 -9999.0 -9999.0 -9999.0 -9999.0 -9999.0 -9999.0 -9999.0 -9999.0 -9999.0 -9999.0 -9999.0 -9999.0 -9999.0 -9999.0 -9999.0 -9999.0 -9999.0 -9999.0 -9999.0 -9999.0 -9999.0 -9999.0 -9999.0 -9999.0 -9999.0 -9999.0 -9999.0 -9999.0 -9999.0 -9999.0 -9999.0