Borden_/Borden1m_014/output_maps/psiliqL0007N0009.asc
ncols         80
nrows         18
xllcorner     620200.000000
yllcorner     5168000.000000
cellsize      1.000000
NODATA_value  -9999.0
-9999.0 -9999.0 -9999.0 -9999.0 -9999.0 -9999.0 -9999.0 -9999.0 -9999.0 -9999.0 -9999.0 -9999.0 -9999.0 -9999.0 -9999.0 -9999.0 -9999.0 -9999.0 -9999.0 -9999.0 -9999.0 -9999.0 -9999.0 -9999.0 -9999.0 -9999.0 -9999.0 -9999.0 -9999.0 -9999.0 -9999.0 -9999.0 -9999.0 -9999.0 -9999.0 -9999.0 -9999.0 -9999.0 -9999.0 -9999.0 -9999.0 -9999.0 -9999.0 -9999.0 -9999.0 -9999.0 -9999.0 -9999.0 -9999.0 -9999.0 -9999.0 -9999.0 -9999.0 -9999.0 -9999.0 -9999.0 -9999.0 -9999.0 -9999.0 -9999.0 -9999.0 -9999.0 -9999.0 -9999.0 -9999.0 -9999.0 -9999.0 -9999.0 -9999.0 -9999.0 -9999.0 -9999.0 -9999.0 -9999.0 -9999.0 -9999.0 -9999.0 -9999.0 -9999.0 -9999.0
-9999.0 -9999.0 -9999.0 -9999.0 -9999.0 -9999.0 -9999.0 -9999.0 -9999.0 -9999.0 -9999.0 -9999.0 -9999.0 -9999.0 -9999.0 -9999.0 -9999.0 -9999.0 -9999.0 -9999.0 -9999.0 -9999.0 -9999.0 -9999.0 -9999.0 -9999.0 -9999.0 -9999.0 -9999.0 -9999.0 -9999.0 -9999.0 -9999.0 -9999.0 -9999.0 -9999.0 -9999.0 -9999.0 -9999.0 -9999.0 -9999.0 -9999.0 -9999.0 -9999.0 -9999.0 -9999.0 -9999.0 -9999.0 -9999.0 -9999.0 -9999.0 -9999.0 -9999.0 -9999.0 -9999.0 -9999.0 -9999.0 -9999.0 -9999.0 -9999.0 -9999.0 -9999.0 -9999.0 -9999.0 -9999.0 -9999.0 -9999.0 -9999.0 -9999.0 -9999.0 -9999.0 -9999.0 -9999.0 -9999.0 -9999.0 -9999.0 -9999.0 -9999.0 -9999.0 -9999.0
-9999.0 -9999.0 -9999.0 -9999.0 -9999.0 -9999.0 -9999.0 -9999.0 -9999.0 -9999.0 -9999.0 -9999.0 -9999.0 -9999.0 -9999.0 -9999.0 -9999.0 -9999.0 -9999.0 -9999.0 -473.740030 -470.762290 -493.764474 -527.941392 -556.569321 -555.192641 -520.937299 -480.725744 -443.770417 -433.664814 -452.008763 -451.096641 -456.638138 -456.989671 -454.203676 -448.576888 -446.254891 -434.842536 -426.496055 -426.827652 -433.075832 -438.938308 -440.541291 -437.008465 -432.052308 -440.485417 -426.964062 -411.486219 -404.775730 -409.549167 -436.357093 -451.673525 -459.127678 -472.836494 -447.903061 -434.754622 -411.277406 -406.455868 -407.114833 -433.682772 -463.379833 -9999.0 -9999.0 -9999.0 -9999.0 -9999.0 -9999.0 -9999.0 -9999.0 -9999.0 -9999.0 -9999.0 -9999.0 -9999.0 -9999.0 -9999.0 -9999.0 -9999.0 -9999.0 -9999.0
-9999.0 -9999.0 -9999.0 -9999.0 -9999.0 -9999.0 -9999.0 -9999.0 -9999.0 -9999.0 -9999.0 -9999.0 -9999.0 -9999.0 -562.369170 -572.892026 -576.389753 -568.410795 -535.346538 -506.078672 -493.656357 -501.636027 -502.173871 -526.113024 -546.640782 -533.264818 -504.965667 -474.637967 -441.526250 -421.654289 -434.931627 -438.134111 -427.962494 -400.472537 -385.757859 -388.656933 -410.401078 -387.839286 -371.407051 -361.606711 -362.691161 -371.622692 -356.591112 -339.793346 -346.645678 -364.613681 -361.287990 -349.422313 -334.309172 -349.611197 -414.840344 -435.377082 -437.413534 -443.024261 -455.282336 -461.162671 -435.900591 -434.151590 -441.649862 -458.795001 -490.207669 -533.616398 -550.749263 -512.057835 -467.200471 -408.812570 -9999.0 -9999.0 -9999.0 -9999.0 -9999.0 -9999.0 -9999.0 -9999.0 -9999.0 -9999.0 -9999.0 -9999.0 -9999.0 -9999.0
-9999.0 -9999.0 -9999.0 -9999.0 -9999.0 -9999.0 -9999.0 -9999.0 -9999.0 -617.694797 -614.590085 -608.010967 -606.846910 -591.821426 -593.848520 -587.544715 -580.161257 -555.163807 -525.131518 -491.038316 -462.946326 -473.741836 -474.199199 -462.601342 -456.118219 -444.011620 -424.224668 -384.422702 -342.286001 -300.080528 -329.707850 -332.174553 -312.177345 -257.552455 -207.501042 -193.797509 -212.788764 -209.601738 -181.887633 -155.181087 -156.319214 -158.468745 -133.574534 -119.992071 -113.554268 -132.389966 -150.366983 -152.714656 -126.988559 -183.651597 -259.984295 -320.070522 -318.774752 -350.323973 -391.854682 -414.241043 -416.700001 -393.555650 -407.929353 -444.407167 -479.918078 -488.268149 -503.853224 -487.039496 -463.666668 -415.965068 -376.973356 -347.629355 -346.576510 -363.370581 -9999.0 -9999.0 -9999.0 -9999.0 -9999.0 -9999.0 -9999.0 -9999.0 -9999.0 -9999.0
-9999.0 -9999.0 -9999.0 -9999.0 -9999.0 -9999.0 -695.240885 -686.992607 -667.956736 -662.725543 -639.323650 -632.435305 -612.765284 -594.271600 -574.910350 -558.877133 -529.065461 -497.942653 -457.689088 -414.598320 -382.897549 -387.798244 -378.430510 -344.167051 -298.857372 -262.525319 -231.542518 -186.560155 -105.793760 -61.061536 -46.763892 -40.026876 -22.809311 76.317615 285.448198 327.705552 321.466070 313.695107 323.648089 341.838793 342.524231 340.984921 344.213269 347.457865 363.287405 360.558266 340.610995 334.517980 330.125768 300.255703 118.525426 -19.801897 -72.184386 -122.614250 -206.729586 -275.763918 -283.435320 -268.244001 -299.551648 -353.615111 -396.045029 -405.687420 -419.164529 -432.379310 -426.033603 -405.544987 -380.970233 -368.489353 -379.802339 -399.354194 -421.690803 -449.735138 -447.547206 -421.729008 -9999.0 -9999.0 -9999.0 -9999.0 -9999.0 -9999.0
-9999.0 -9999.0 -9999.0 -9999.0 -744.280741 -732.434899 -744.311478 -721.712917 -690.719067 -658.683765 -627.331005 -591.217460 -565.530495 -537.301197 -496.922553 -459.937932 -417.648971 -384.009886 -328.681906 -255.661634 -192.277082 -160.411037 -144.545153 -80.347475 1.320110 124.410808 272.272889 316.635821 337.432160 366.994645 378.546838 380.386265 391.316334 417.159629 461.651890 486.976543 480.053159 478.768322 480.599630 483.074695 495.258044 493.688154 493.687488 493.444095 494.236677 496.424932 487.678772 471.948626 465.839406 457.177824 426.911287 378.731761 357.314082 345.356964 329.574125 261.769123 17.127435 -30.937496 -94.543439 -154.491200 -232.528759 -262.373920 -295.578062 -321.589660 -351.546083 -349.424773 -344.993635 -363.158757 -392.027996 -422.575128 -436.390156 -454.060743 -463.303424 -432.898865 -414.704497 -383.241101 -9999.0 -9999.0 -9999.0 -9999.0
-9999.0 -9999.0 -801.328274 -751.624537 -696.763373 -688.991316 -687.317588 -683.478499 -658.060872 -609.278155 -532.423125 -481.422335 -437.824466 -409.074933 -349.829737 -261.280854 -176.932958 -125.046319 -60.520702 48.579725 266.506414 323.427170 333.379948 351.205013 380.803212 422.679610 452.537989 469.449719 481.277665 492.900184 508.628138 521.895789 527.120781 524.386678 526.665677 526.311641 526.744911 525.750302 511.413365 509.377219 514.822791 516.168643 519.478687 508.109422 504.353322 516.148702 519.341671 522.143283 524.700844 530.947155 535.941060 507.335285 477.242663 473.581850 472.510959 444.204956 388.587804 361.939113 351.965281 311.884195 116.197873 -7.602575 -77.244301 -138.169062 -200.790567 -234.589654 -280.446899 -319.336698 -362.308706 -405.327490 -426.958532 -443.977730 -444.965028 -443.235055 -426.439712 -410.140335 -394.241159 -386.177065 -9999.0 -9999.0
-9999.0 -898.824101 -826.534334 -699.538881 -622.159764 -578.856639 -539.604259 -511.885607 -489.838291 -477.811061 -371.114576 -254.437889 -161.843976 -132.530306 -76.017556 78.964104 289.557633 339.858027 361.454816 395.922547 446.739086 475.273152 487.414200 505.899411 528.609991 528.248097 528.380067 528.592541 520.431507 511.391972 501.028836 508.354340 507.643111 494.571265 485.361951 485.473225 485.767861 476.594468 465.361873 460.737573 463.753538 476.682260 470.729549 460.115694 457.928370 468.203993 476.398742 471.122217 463.305338 471.243888 487.950084 498.326696 511.674141 525.319669 543.172255 520.033816 493.787682 473.551736 466.910485 451.739887 407.823345 367.842171 335.021615 257.449174 20.145509 -82.505592 -156.414386 -214.835492 -277.597506 -314.914102 -344.015951 -394.237187 -415.842814 -412.630542 -420.773804 -422.409638 -415.106160 -408.372899 -9999.0 -9999.0
-9999.0 -968.369520 -825.237710 -640.342003 -496.291587 -437.701983 -319.136918 -226.580742 -200.024734 -223.140249 -104.672271 272.180952 354.621192 358.418287 395.051297 446.239013 481.121128 507.191084 522.388917 518.300073 516.605718 519.995670 514.912332 506.807676 495.213686 492.508914 494.690655 495.808622 488.044571 477.298516 467.523096 467.737145 460.308974 434.474220 396.945133 383.494726 377.813085 370.375108 355.139286 343.785512 337.386091 350.248588 344.787794 334.946866 332.142069 343.707878 361.372055 355.158045 357.036754 368.827757 395.986699 434.717870 449.322304 462.547905 478.355881 499.857113 512.335232 531.671768 535.898830 513.785544 487.839566 463.905987 452.588778 419.727676 360.429598 279.321537 73.718742 -24.294540 -101.695646 -159.133943 -211.846547 -271.023057 -328.165633 -352.792336 -390.357833 -410.494664 -9999.0 -9999.0 -9999.0 -9999.0
-9999.0 -1031.080488 -839.446159 -574.227626 -322.472343 -185.360122 99.487103 315.304233 360.192592 397.718775 413.370434 503.302547 518.480115 505.190421 486.662497 483.816758 490.333916 490.173657 486.157896 481.190734 478.583003 478.291945 478.479578 475.902740 471.947466 467.000567 463.135837 459.939003 438.514284 404.748784 376.668293 368.567542 347.287108 250.012971 50.489041 -12.500446 -74.546547 -81.525738 -92.717509 -122.914272 -141.432008 -155.738865 -137.896993 -139.731190 -140.158122 -131.706294 -110.390396 -92.746764 -49.805137 -5.024598 81.287684 281.849978 333.700766 360.471145 389.206532 437.497545 455.840788 468.581759 489.473290 512.924277 532.747792 526.618632 503.519165 485.987374 453.154785 421.169021 384.928883 343.139456 284.118753 111.337531 -5.819439 -90.896338 -174.896148 -263.480150 -303.026682 -9999.0 -9999.0 -9999.0 -9999.0 -9999.0
-9999.0 -1179.942876 -912.535846 -616.248382 -281.983578 184.653638 305.025522 408.090296 473.303069 440.996898 435.975506 447.346191 467.272304 467.921124 455.984096 452.532341 441.693668 428.538556 430.558973 407.716200 388.835979 382.086477 383.676191 378.576523 367.624858 360.739890 356.447794 345.806661 292.411489 115.133146 -32.712462 -63.558817 -139.669542 -213.676758 -267.297123 -316.028935 -367.376923 -368.593709 -352.694086 -369.377951 -391.319967 -409.975164 -384.932464 -370.205483 -359.748796 -369.622624 -361.329970 -327.445948 -279.667734 -238.508166 -188.104457 -124.985445 -73.597615 -12.448440 56.150604 269.284240 333.933576 361.621987 409.425584 462.301640 478.274681 496.478349 525.951158 543.846354 506.957316 482.315125 464.073549 445.152392 408.605020 372.867661 343.676320 267.195587 27.508245 -9999.0 -9999.0 -9999.0 -9999.0 -9999.0 -9999.0 -9999.0
-9999.0 -1315.556379 -1080.654831 -829.150187 -530.657263 -299.988767 -130.071514 14.236725 253.947706 294.507730 311.946024 326.978631 341.073384 352.465625 338.780448 314.446474 273.029688 193.299413 156.286259 69.171847 9.506300 -14.602023 -15.746309 -24.560760 -54.887205 -71.870307 -83.125683 -107.370232 -148.619494 -212.369772 -297.872582 -364.244420 -424.082531 -458.712501 -487.821061 -519.837412 -558.106090 -547.126420 -532.070276 -536.720559 -549.286457 -554.119635 -524.892828 -507.114360 -497.451505 -511.248663 -493.679002 -467.762599 -427.466810 -388.008679 -342.808887 -290.919660 -240.055423 -210.980088 -193.553323 -154.411945 -105.606902 -36.755086 132.835623 328.880224 390.733584 434.110581 463.744620 480.823788 490.268904 512.027848 508.211464 467.791580 417.854187 428.983817 430.123889 -9999.0 -9999.0 -9999.0 -9999.0 -9999.0 -9999.0 -9999.0 -9999.0 -9999.0
-9999.0 -9999.0 -1318.203990 -1124.580343 -959.992247 -775.962733 -632.544422 -535.174505 -469.525764 -386.329560 -293.918580 -214.164752 -173.886545 -158.297459 -178.377234 -224.065147 -259.095569 -261.191358 -271.199783 -287.204446 -312.642688 -321.605371 -330.058662 -337.113429 -350.441318 -357.594478 -362.417930 -372.841137 -394.798559 -440.400857 -492.345114 -543.006680 -596.123784 -620.097478 -641.339989 -663.671247 -667.379608 -668.464073 -661.316327 -660.176740 -655.276105 -643.950794 -623.359483 -602.580476 -593.584875 -587.302791 -575.248283 -552.406416 -520.336909 -481.079989 -430.878539 -377.650087 -341.866268 -331.959646 -343.034710 -338.239218 -316.859578 -272.485738 -181.895577 -78.974646 58.808266 278.928768 357.043651 395.289799 424.869974 444.185830 462.629258 436.547886 279.318552 392.554553 -9999.0 -9999.0 -9999.0 -9999.0 -9999.0 -9999.0 -9999.0 -9999.0 -9999.0 -9999.0
-9999.0 -9999.0 -9999.0 -9999.0 -1267.442236 -1109.851360 -1017.635502 -937.088516 -821.302876 -719.176307 -632.676470 -561.671347 -513.478891 -491.827159 -504.717523 -512.393401 -521.113450 -523.990430 -531.897612 -537.861312 -543.802703 -551.053476 -561.065311 -568.169027 -568.879324 -565.442315 -566.964065 -579.187057 -593.772214 -620.957949 -644.879801 -679.396652 -715.909966 -744.444021 -757.047910 -764.009525 -763.503948 -768.530690 -758.825269 -752.786705 -738.153916 -722.830558 -699.004149 -671.190720 -659.162653 -645.391429 -635.992449 -615.579251 -586.502054 -535.195397 -474.768423 -421.021189 -389.559767 -388.158182 -416.559767 -434.537340 -439.976253 -414.774296 -370.443634 -302.330145 -199.245852 -115.235035 -37.167363 52.225676 252.701818 334.141572 404.634791 429.521489 -9999.0 -9999.0 -9999.0 -9999.0 -9999.0 -9999.0 -9999.0 -9999.0 -9999.0 -9999.0 -9999.0 -9999.0
-9999.0 -9999.0 -9999.0 -9999.0 -9999.0 -9999.0 -1326.158703 -1232.841937 -1144.159502 -1027.802938 -921.004623 -833.798702 -763.327964 -741.004871 -726.148812 -705.294472 -710.349678 -726.500170 -741.975123 -726.109372 -717.518235 -721.820089 -747.931028 -749.396042 -746.133518 -736.558114 -737.314731 -742.954872 -767.015775 -759.524226 -761.177113 -783.604341 -809.127452 -823.308298 -834.543711 -824.458660 -823.410804 -835.503904 -832.622302 -806.940576 -787.555698 -774.165147 -751.691189 -718.906903 -687.379966 -673.619102 -672.996439 -667.101309 -625.964390 -556.984300 -488.629107 -437.354193 -408.716048 -403.304297 -433.833749 -476.919252 -500.961509 -497.367502 -466.708186 -417.837564 -345.426430 -298.681325 -267.672145 -243.393828 -207.428023 -98.443343 -9999.0 -9999.0 -9999.0 -9999.0 -9999.0 -9999.0 -9999.0 -9999.0 -9999.0 -9999.0 -9999.0 -9999.0 -9999.0 -9999.0
-9999.0 -9999.0 -9999.0 -9999.0 -9999.0 -9999.0 -9999.0 -9999.0 -9999.0 -9999.0 -9999.0 -9999.0 -9999.0 -9999.0 -9999.0 -9999.0 -9999.0 -9999.0 -9999.0 -9999.0 -9999.0 -9999.0 -9999.0 -9999.0 -9999.0 -9999.0 -9999.0 -9999.0 -9999.0 -9999.0 -9999.0 -9999.0 -9999.0 -9999.0 -9999.0 -9999.0 -9999.0 -9999.0 -9999.0 -9999.0 -9999.0 -9999.0 -9999.0 -9999.0 -9999.0 -9999.0 -9999.0 -9999.0 -9999.0 -9999.0 -9999.0 -9999.0 -9999.0 -9999.0 -9999.0 -9999.0 -9999.0 -9999.0 -9999.0 -9999.0 -9999.0 -9999.0 -9999.0 -9999.0 -9999.0 -9999.0 -9999.0 -9999.0 -9999.0 -9999.0 -9999.0 -9999.0 -9999.0 -9999.0 -9999.0 -9999.0 -9999.0 -9999.0 -9999.0 -9999.0
-9999.0 -9999.0 -9999.0 -9999.0 -9999.0 -9999.0 -9999.0 -9999.0 -9999.0 -9999.0 -9999.0 -9999.0 -9999.0 -9999.0 -9999.0 -9999.0 -9999.0 -9999.0 -9999.0 -9999.0 -9999.0 -9999.0 -9999.0 -9999.0 -9999.0 -9999.0 -9999.0 -9999.0 -9999.0 -9999.0 -9999.0 -9999.0 -9999.0 -9999.0 -9999.0 -9999.0 -9999.0 -9999.0 -9999.0 -9999.0 -9999.0 -9999.0 -9999.0 -9999.0 -9999.0 -9999.0 -9999.0 -9999.0 -9999.0 -9999.0 -9999.0 -9999.0 -9999.0 -9999.0 -9999.0 -9999.0 -9999.0 -9999.0 -9999.0 -9999.0 -9999.0 -9999.0 -9999.0 -9999.0 -9999.0 -9999.0 -9999.0 -9999.0 -9999.0 -9999.0 -9999.0 -9999.0 -9999.0 -9999.0 -9999.0 -9999.0 -9999.0 -9999.0 -9999.0 -9999.0