Borden_/Borden1m_014/output_maps/psiliqL0016N0026.asc
ncols         80
nrows         18
xllcorner     620200.000000
yllcorner     5168000.000000
cellsize      1.000000
NODATA_value  -9999.0
-9999.0 -9999.0 -9999.0 -9999.0 -9999.0 -9999.0 -9999.0 -9999.0 -9999.0 -9999.0 -9999.0 -9999.0 -9999.0 -9999.0 -9999.0 -9999.0 -9999.0 -9999.0 -9999.0 -9999.0 -9999.0 -9999.0 -9999.0 -9999.0 -9999.0 -9999.0 -9999.0 -9999.0 -9999.0 -9999.0 -9999.0 -9999.0 -9999.0 -9999.0 -9999.0 -9999.0 -9999.0 -9999.0 -9999.0 -9999.0 -9999.0 -9999.0 -9999.0 -9999.0 -9999.0 -9999.0 -9999.0 -9999.0 -9999.0 -9999.0 -9999.0 -9999.0 -9999.0 -9999.0 -9999.0 -9999.0 -9999.0 -9999.0 -9999.0 -9999.0 -9999.0 -9999.0 -9999.0 -9999.0 -9999.0 -9999.0 -9999.0 -9999.0 -9999.0 -9999.0 -9999.0 -9999.0 -9999.0 -9999.0 -9999.0 -9999.0 -9999.0 -9999.0 -9999.0 -9999.0
-9999.0 -9999.0 -9999.0 -9999.0 -9999.0 -9999.0 -9999.0 -9999.0 -9999.0 -9999.0 -9999.0 -9999.0 -9999.0 -9999.0 -9999.0 -9999.0 -9999.0 -9999.0 -9999.0 -9999.0 -9999.0 -9999.0 -9999.0 -9999.0 -9999.0 -9999.0 -9999.0 -9999.0 -9999.0 -9999.0 -9999.0 -9999.0 -9999.0 -9999.0 -9999.0 -9999.0 -9999.0 -9999.0 -9999.0 -9999.0 -9999.0 -9999.0 -9999.0 -9999.0 -9999.0 -9999.0 -9999.0 -9999.0 -9999.0 -9999.0 -9999.0 -9999.0 -9999.0 -9999.0 -9999.0 -9999.0 -9999.0 -9999.0 -9999.0 -9999.0 -9999.0 -9999.0 -9999.0 -9999.0 -9999.0 -9999.0 -9999.0 -9999.0 -9999.0 -9999.0 -9999.0 -9999.0 -9999.0 -9999.0 -9999.0 -9999.0 -9999.0 -9999.0 -9999.0 -9999.0
-9999.0 -9999.0 -9999.0 -9999.0 -9999.0 -9999.0 -9999.0 -9999.0 -9999.0 -9999.0 -9999.0 -9999.0 -9999.0 -9999.0 -9999.0 -9999.0 -9999.0 -9999.0 -9999.0 -9999.0 1349.781246 1352.608220 1331.547515 1299.017558 1272.408741 1276.062246 1311.959588 1354.808991 1395.180727 1406.517265 1390.167430 1394.434042 1391.205786 1390.453113 1393.369140 1401.079965 1406.370080 1417.893974 1426.806720 1427.043112 1421.816240 1417.694689 1419.055477 1422.064691 1427.278633 1414.966353 1428.023431 1441.937196 1445.474471 1438.965296 1410.650787 1393.786277 1382.881229 1365.211191 1387.952108 1397.769128 1418.718903 1421.191871 1417.928543 1389.787205 1358.975828 -9999.0 -9999.0 -9999.0 -9999.0 -9999.0 -9999.0 -9999.0 -9999.0 -9999.0 -9999.0 -9999.0 -9999.0 -9999.0 -9999.0 -9999.0 -9999.0 -9999.0 -9999.0 -9999.0
-9999.0 -9999.0 -9999.0 -9999.0 -9999.0 -9999.0 -9999.0 -9999.0 -9999.0 -9999.0 -9999.0 -9999.0 -9999.0 -9999.0 1256.008876 1247.429420 1245.897031 1255.472081 1290.131530 1321.316354 1333.653364 1327.225994 1328.602177 1306.362491 1287.011702 1302.473076 1333.991942 1367.391546 1403.846001 1425.651779 1416.353526 1415.820099 1426.463637 1451.788875 1464.569758 1462.427162 1443.701395 1467.855643 1483.969399 1492.880085 1493.412963 1485.972405 1498.925907 1514.527683 1507.266944 1489.528687 1494.355546 1505.271471 1515.541303 1500.936321 1436.455842 1416.357860 1409.847860 1401.158219 1384.997702 1377.011466 1400.917085 1399.002288 1389.150179 1369.789167 1335.843368 1290.854533 1271.154019 1308.779115 1351.198281 1407.167541 -9999.0 -9999.0 -9999.0 -9999.0 -9999.0 -9999.0 -9999.0 -9999.0 -9999.0 -9999.0 -9999.0 -9999.0 -9999.0 -9999.0
-9999.0 -9999.0 -9999.0 -9999.0 -9999.0 -9999.0 -9999.0 -9999.0 -9999.0 1194.862306 1200.422599 1208.844720 1212.558264 1229.445357 1227.915192 1236.350877 1244.457436 1273.099020 1305.455077 1341.684451 1371.406493 1364.002450 1366.051735 1377.055064 1380.957851 1394.212596 1417.792909 1460.103589 1501.065272 1543.574655 1516.661753 1516.052326 1536.459658 1583.364269 1615.189427 1621.857344 1603.903145 1614.259400 1639.901464 1662.335499 1663.202962 1661.842383 1687.735710 1702.122688 1701.587402 1680.114233 1667.703774 1667.324663 1691.267574 1638.407363 1570.951049 1520.903706 1524.318736 1493.256826 1454.982362 1434.089840 1429.659185 1447.886208 1431.166851 1392.381339 1354.779562 1342.016576 1322.994153 1338.939477 1359.537845 1404.120065 1441.561530 1468.609143 1466.658894 1448.179869 -9999.0 -9999.0 -9999.0 -9999.0 -9999.0 -9999.0 -9999.0 -9999.0 -9999.0 -9999.0
-9999.0 -9999.0 -9999.0 -9999.0 -9999.0 -9999.0 1114.355771 1124.868287 1146.324280 1151.717377 1178.538611 1187.066030 1209.061558 1229.770780 1253.150883 1270.963014 1302.226654 1336.742913 1378.902369 1423.168040 1456.653283 1452.837360 1465.083605 1496.304627 1535.522048 1564.895612 1591.726978 1633.952326 1712.351525 1756.455835 1764.073611 1770.351696 1781.222097 1830.588345 1894.668478 1909.348869 1888.823356 1874.478664 1895.615765 1933.056545 1939.707466 1942.310360 1954.200357 1964.191590 1989.511268 1978.500099 1937.399201 1922.517884 1920.005374 1901.482312 1838.579910 1775.042850 1740.930650 1689.113732 1604.244292 1549.452026 1556.323998 1573.278992 1542.323909 1486.224224 1443.846349 1431.442127 1414.497956 1399.705965 1404.459803 1421.785879 1441.998568 1451.327463 1436.470782 1413.706541 1389.663927 1359.705841 1360.585110 1385.003839 -9999.0 -9999.0 -9999.0 -9999.0 -9999.0 -9999.0
-9999.0 -9999.0 -9999.0 -9999.0 1063.163769 1076.880698 1065.344920 1091.840269 1125.846608 1161.491533 1194.470938 1232.507465 1261.360091 1293.472643 1335.265584 1370.404802 1413.525654 1451.050054 1507.422770 1577.153300 1629.856717 1655.115286 1672.656987 1732.555189 1795.024979 1848.107958 1870.303449 1899.525579 1945.791597 2007.742276 2036.164911 2043.782120 2062.018291 2098.501480 2146.947957 2180.605668 2163.665630 2155.438343 2162.107647 2174.753050 2199.415650 2201.813527 2204.331223 2207.128077 2211.585342 2209.518859 2183.580217 2148.872139 2133.595498 2123.222831 2092.026619 2022.108123 1981.530560 1949.417921 1912.896879 1859.642459 1796.717833 1781.125986 1721.912378 1661.993099 1598.465445 1575.690108 1543.511128 1516.098652 1485.376186 1485.088504 1486.162147 1463.313121 1428.658664 1394.441956 1377.764068 1357.577352 1345.265261 1374.351903 1391.040078 1420.616059 -9999.0 -9999.0 -9999.0 -9999.0
-9999.0 -9999.0 1002.407868 1051.269154 1109.248216 1118.981639 1120.042932 1127.284919 1157.440415 1211.328620 1287.226111 1338.000459 1381.134521 1417.561086 1479.280089 1558.988959 1632.357774 1683.357998 1745.891315 1817.842870 1881.420625 1916.335035 1935.368691 1976.094534 2031.156728 2094.279036 2121.886897 2149.335641 2182.229595 2217.730534 2228.030348 2242.370400 2251.547442 2255.755313 2262.611405 2264.846354 2259.564192 2253.168364 2234.018529 2229.859378 2237.137660 2243.296736 2244.789788 2231.472540 2227.470289 2240.805966 2244.390537 2242.733439 2241.529436 2248.317479 2250.730508 2210.388569 2174.379338 2157.534583 2145.620726 2100.252730 2034.987027 1993.014762 1968.416509 1923.732042 1845.215011 1793.615644 1742.076250 1692.301454 1638.464210 1606.146506 1557.504616 1512.670405 1463.774416 1415.446945 1390.114815 1370.682873 1366.870127 1365.402700 1380.520027 1394.889966 1409.498341 1416.891224 -9999.0 -9999.0
-9999.0 898.039363 970.635486 1097.023358 1177.981450 1223.196833 1254.036846 1276.783405 1307.392597 1336.743635 1441.509455 1527.787716 1620.070929 1660.510609 1713.206700 1811.951762 1908.042827 1955.922099 1996.205006 2054.621946 2116.472763 2165.501249 2195.521802 2204.382920 2239.686092 2255.209846 2259.149974 2263.316794 2260.630186 2253.408913 2245.332017 2251.640456 2247.759490 2228.435376 2211.996573 2208.317806 2201.689681 2175.625276 2145.335621 2129.202865 2131.004458 2154.102995 2141.848301 2121.297256 2117.681757 2139.181288 2159.331280 2151.101594 2140.104923 2159.191629 2194.747129 2217.809127 2227.376155 2244.169673 2264.777237 2238.778079 2210.874958 2168.176000 2147.372475 2117.208429 2057.886761 1996.104303 1940.481139 1879.041648 1811.797587 1743.310999 1678.409607 1614.829591 1546.686066 1503.556501 1470.775056 1419.537194 1397.645503 1398.081225 1388.089881 1384.026321 1388.984512 1394.800975 -9999.0 -9999.0
-9999.0 815.638112 957.934768 1142.271092 1291.213921 1349.596496 1448.534078 1526.765285 1555.666552 1527.206278 1636.492458 1856.102704 1962.247528 1982.463885 2056.706876 2147.174145 2164.183308 2197.922770 2221.623345 2234.680551 2245.400204 2256.930068 2256.477587 2251.785223 2237.533143 2229.709792 2227.975526 2224.401692 2205.885099 2185.653112 2167.106847 2161.783053 2141.874231 2096.112498 2062.142125 2043.783406 2025.830752 2004.488021 1970.362614 1942.057843 1925.944002 1940.540746 1934.288118 1918.018852 1914.518499 1936.822912 1969.753448 1967.390115 1977.592375 2000.859531 2041.501326 2082.196406 2105.859904 2137.192745 2175.235633 2220.874220 2236.386345 2258.338797 2262.345898 2243.871809 2198.631404 2145.000980 2109.293608 2045.341992 1971.723680 1892.305444 1826.065756 1762.145548 1691.169823 1643.302345 1595.090721 1536.489569 1481.781929 1458.358669 1417.814787 1397.480676 -9999.0 -9999.0 -9999.0 -9999.0
-9999.0 733.828429 921.023116 1177.394376 1456.368058 1564.376665 1769.540512 1897.666271 1954.838017 2024.199495 1992.961420 2147.886485 2190.245422 2188.241905 2191.057090 2197.067010 2214.173414 2218.732903 2216.390954 2207.489357 2199.317678 2195.905667 2194.749283 2187.036752 2174.143994 2158.217062 2143.459156 2128.934131 2089.523920 2054.909160 2017.230226 2000.904103 1959.724586 1867.135749 1823.823774 1786.647276 1728.420399 1721.397988 1715.031138 1685.606106 1665.023636 1643.141674 1665.675357 1670.968681 1673.983095 1677.290812 1694.605696 1720.456598 1766.926677 1804.829451 1850.082304 1903.470013 1939.602220 1984.319167 2031.350813 2088.282989 2122.577874 2154.976428 2203.829001 2243.407481 2266.718432 2254.642627 2226.836988 2178.546400 2105.667416 2037.393478 1985.818087 1910.910629 1845.307751 1791.655510 1744.826353 1692.553984 1626.314467 1546.755793 1504.187038 -9999.0 -9999.0 -9999.0 -9999.0 -9999.0
-9999.0 548.998654 816.219290 1101.710751 1411.604769 1741.960513 1880.936835 2006.786811 2079.122495 2048.648443 2058.007147 2078.424646 2121.312472 2131.701798 2114.057563 2106.581189 2096.004737 2097.014544 2110.760037 2085.172864 2056.040585 2042.739472 2042.018045 2029.637569 2005.333715 1987.323133 1973.890852 1951.868423 1902.674448 1850.470114 1767.717677 1735.573672 1657.940995 1602.400654 1558.090167 1508.203766 1457.308134 1455.598424 1472.329797 1457.114489 1434.328010 1415.686324 1442.468977 1460.734848 1473.441525 1462.289024 1472.079573 1508.897316 1559.285407 1604.325808 1655.165005 1711.040724 1758.877646 1807.707379 1840.601767 1891.732981 1941.032144 1989.345629 2064.311000 2144.349998 2182.667733 2217.841128 2249.514709 2263.625173 2209.675428 2157.717799 2102.481679 2037.943644 1955.870523 1909.070319 1883.365868 1840.296256 1783.949626 -9999.0 -9999.0 -9999.0 -9999.0 -9999.0 -9999.0 -9999.0
-9999.0 424.292559 640.184567 865.531056 1146.491221 1384.188725 1583.125865 1691.153404 1770.463880 1810.038091 1847.266611 1882.697516 1914.208017 1938.378298 1918.595231 1880.258854 1852.589803 1857.561949 1853.477275 1830.357467 1801.223065 1786.371315 1783.406081 1775.791955 1750.578281 1735.140725 1723.151106 1699.084663 1664.536214 1607.984925 1528.560126 1455.322850 1394.122586 1362.546422 1332.931090 1300.309067 1264.952321 1274.683738 1286.629838 1282.866489 1272.288265 1269.391472 1298.466994 1317.641114 1327.972161 1316.873869 1336.552948 1363.655432 1405.702872 1449.423611 1499.260773 1555.300575 1610.058421 1640.316355 1655.167536 1681.845504 1722.958656 1778.564065 1865.768744 1961.283287 2040.126968 2089.643535 2140.693623 2174.335901 2186.817772 2194.999330 2166.744226 2083.510430 1973.844749 1964.747072 1963.237014 -9999.0 -9999.0 -9999.0 -9999.0 -9999.0 -9999.0 -9999.0 -9999.0 -9999.0
-9999.0 -9999.0 407.667816 582.839867 717.447127 896.137210 1046.456784 1157.100737 1247.227803 1362.478224 1468.426211 1552.778952 1597.535103 1615.650384 1602.168835 1569.940586 1549.443599 1549.813907 1539.867183 1529.466477 1509.692219 1501.647694 1490.136269 1481.328619 1470.751276 1464.492987 1458.211447 1445.812464 1422.942341 1375.689887 1327.200448 1275.824374 1222.475788 1196.697538 1174.596758 1152.959433 1151.484011 1147.258542 1152.600456 1153.909605 1160.673723 1173.198507 1193.254028 1215.317330 1225.220411 1234.296390 1247.067219 1271.115756 1304.564478 1347.267040 1401.691181 1459.975563 1500.506310 1514.120477 1505.511750 1511.765315 1533.529760 1577.554173 1659.694563 1745.184967 1841.522799 1913.575111 1985.363978 2037.530764 2053.295261 2067.026545 2078.689453 2018.825671 1824.978291 1906.838294 -9999.0 -9999.0 -9999.0 -9999.0 -9999.0 -9999.0 -9999.0 -9999.0 -9999.0 -9999.0
-9999.0 -9999.0 -9999.0 -9999.0 441.893771 596.457242 693.684001 777.218703 906.096581 1026.113971 1125.816626 1208.455817 1269.951399 1296.329877 1292.114836 1297.478603 1293.135836 1287.323974 1277.823547 1276.758461 1275.465293 1267.868775 1253.492890 1245.722828 1246.043883 1250.289644 1247.079130 1232.749277 1214.417506 1191.369390 1170.655764 1136.046676 1099.865563 1070.438759 1057.048956 1051.127549 1050.729229 1043.711554 1052.304021 1059.476623 1074.578580 1089.751083 1113.494721 1142.476831 1156.256458 1171.115567 1181.023234 1201.758213 1232.399699 1286.047561 1349.751482 1407.907025 1444.192072 1449.189148 1425.224229 1410.606987 1408.008013 1437.109987 1483.455159 1552.291713 1655.305964 1730.039508 1789.027383 1834.623183 1866.927080 1911.733257 1959.737201 1988.910151 -9999.0 -9999.0 -9999.0 -9999.0 -9999.0 -9999.0 -9999.0 -9999.0 -9999.0 -9999.0 -9999.0 -9999.0
-9999.0 -9999.0 -9999.0 -9999.0 -9999.0 -9999.0 400.798705 502.072999 582.662528 719.985741 849.005155 949.255041 1028.853165 1060.099534 1085.939331 1112.509497 1110.725815 1092.677036 1073.947931 1092.542197 1106.010577 1100.078814 1070.100923 1069.355636 1073.727853 1081.623738 1079.047897 1072.206684 1046.734105 1057.624547 1057.846723 1034.316125 1008.031663 993.922297 981.919413 991.404929 991.547399 977.917205 978.527927 1005.177680 1025.328979 1038.450523 1060.289208 1093.499413 1125.860449 1141.088432 1142.555149 1148.832272 1189.116215 1259.546349 1331.353133 1386.949290 1419.700570 1428.212961 1401.507981 1362.075856 1342.390707 1350.382974 1386.203384 1440.103032 1517.253470 1567.961144 1595.665076 1610.814853 1630.555290 1721.559222 -9999.0 -9999.0 -9999.0 -9999.0 -9999.0 -9999.0 -9999.0 -9999.0 -9999.0 -9999.0 -9999.0 -9999.0 -9999.0 -9999.0
-9999.0 -9999.0 -9999.0 -9999.0 -9999.0 -9999.0 -9999.0 -9999.0 -9999.0 -9999.0 -9999.0 -9999.0 -9999.0 -9999.0 -9999.0 -9999.0 -9999.0 -9999.0 -9999.0 -9999.0 -9999.0 -9999.0 -9999.0 -9999.0 -9999.0 -9999.0 -9999.0 -9999.0 -9999.0 -9999.0 -9999.0 -9999.0 -9999.0 -9999.0 -9999.0 -9999.0 -9999.0 -9999.0 -9999.0 -9999.0 -9999.0 -9999.0 -9999.0 -9999.0 -9999.0 -9999.0 -9999.0 -9999.0 -9999.0 -9999.0 -9999.0 -9999.0 -9999.0 -9999.0 -9999.0 -9999.0 -9999.0 -9999.0 -9999.0 -9999.0 -9999.0 -9999.0 -9999.0 -9999.0 -9999.0 -9999.0 -9999.0 -9999.0 -9999.0 -9999.0 -9999.0 -9999.0 -9999.0 -9999.0 -9999.0 -9999.0 -9999.0 -9999.0 -9999.0 -9999.0
-9999.0 -9999.0 -9999.0 -9999.0 -9999.0 -9999.0 -9999.0 -9999.0 -9999.0 -9999.0 -9999.0 -9999.0 -9999.0 -9999.0 -9999.0 -9999.0 -9999.0 -9999.0 -9999.0 -9999.0 -9999.0 -9999.0 -9999.0 -9999.0 -9999.0 -9999.0 -9999.0 -9999.0 -9999.0 -9999.0 -9999.0 -9999.0 -9999.0 -9999.0 -9999.0 -9999.0 -9999.0 -9999.0 -9999.0 -9999.0 -9999.0 -9999.0 -9999.0 -9999.0 -9999.0 -9999.0 -9999.0 -9999.0 -9999.0 -9999.0 -9999.0 -9999.0 -9999.0 -9999.0 -9999.0 -9999.0 -9999.0 -9999.0 -9999.0 -9999.0 -9999.0 -9999.0 -9999.0 -9999.0 -9999.0 -9999.0 -9999.0 -9999.0 -9999.0 -9999.0 -9999.0 -9999.0 -9999.0 -9999.0 -9999.0 -9999.0 -9999.0 -9999.0 -9999.0 -9999.0