Borden_/Borden1m_014/output_maps/psiliqL0026N0040.asc
ncols         80
nrows         18
xllcorner     620200.000000
yllcorner     5168000.000000
cellsize      1.000000
NODATA_value  -9999.0
-9999.0 -9999.0 -9999.0 -9999.0 -9999.0 -9999.0 -9999.0 -9999.0 -9999.0 -9999.0 -9999.0 -9999.0 -9999.0 -9999.0 -9999.0 -9999.0 -9999.0 -9999.0 -9999.0 -9999.0 -9999.0 -9999.0 -9999.0 -9999.0 -9999.0 -9999.0 -9999.0 -9999.0 -9999.0 -9999.0 -9999.0 -9999.0 -9999.0 -9999.0 -9999.0 -9999.0 -9999.0 -9999.0 -9999.0 -9999.0 -9999.0 -9999.0 -9999.0 -9999.0 -9999.0 -9999.0 -9999.0 -9999.0 -9999.0 -9999.0 -9999.0 -9999.0 -9999.0 -9999.0 -9999.0 -9999.0 -9999.0 -9999.0 -9999.0 -9999.0 -9999.0 -9999.0 -9999.0 -9999.0 -9999.0 -9999.0 -9999.0 -9999.0 -9999.0 -9999.0 -9999.0 -9999.0 -9999.0 -9999.0 -9999.0 -9999.0 -9999.0 -9999.0 -9999.0 -9999.0
-9999.0 -9999.0 -9999.0 -9999.0 -9999.0 -9999.0 -9999.0 -9999.0 -9999.0 -9999.0 -9999.0 -9999.0 -9999.0 -9999.0 -9999.0 -9999.0 -9999.0 -9999.0 -9999.0 -9999.0 -9999.0 -9999.0 -9999.0 -9999.0 -9999.0 -9999.0 -9999.0 -9999.0 -9999.0 -9999.0 -9999.0 -9999.0 -9999.0 -9999.0 -9999.0 -9999.0 -9999.0 -9999.0 -9999.0 -9999.0 -9999.0 -9999.0 -9999.0 -9999.0 -9999.0 -9999.0 -9999.0 -9999.0 -9999.0 -9999.0 -9999.0 -9999.0 -9999.0 -9999.0 -9999.0 -9999.0 -9999.0 -9999.0 -9999.0 -9999.0 -9999.0 -9999.0 -9999.0 -9999.0 -9999.0 -9999.0 -9999.0 -9999.0 -9999.0 -9999.0 -9999.0 -9999.0 -9999.0 -9999.0 -9999.0 -9999.0 -9999.0 -9999.0 -9999.0 -9999.0
-9999.0 -9999.0 -9999.0 -9999.0 -9999.0 -9999.0 -9999.0 -9999.0 -9999.0 -9999.0 -9999.0 -9999.0 -9999.0 -9999.0 -9999.0 -9999.0 -9999.0 -9999.0 -9999.0 -9999.0 3325.408857 3326.299239 3304.511850 3270.241070 3241.790825 3243.361356 3275.969389 3316.248931 3354.697349 3361.741370 3342.362040 3345.892243 3341.189750 3336.396762 3336.339807 3343.868373 3350.343178 3359.853478 3366.621214 3364.149936 3356.667889 3351.562761 3354.077448 3355.618919 3361.886319 3347.442412 3363.492765 3379.378907 3384.202639 3381.685072 3358.640538 3346.997772 3339.316945 3324.051655 3350.916331 3362.857644 3386.339885 3391.252330 3389.565059 3363.336825 3333.480198 -9999.0 -9999.0 -9999.0 -9999.0 -9999.0 -9999.0 -9999.0 -9999.0 -9999.0 -9999.0 -9999.0 -9999.0 -9999.0 -9999.0 -9999.0 -9999.0 -9999.0 -9999.0 -9999.0
-9999.0 -9999.0 -9999.0 -9999.0 -9999.0 -9999.0 -9999.0 -9999.0 -9999.0 -9999.0 -9999.0 -9999.0 -9999.0 -9999.0 3235.620058 3226.716851 3223.583893 3230.548944 3262.671487 3292.629900 3304.155574 3296.450595 3295.972781 3270.900803 3247.653354 3259.804334 3288.694512 3318.589729 3351.398215 3368.201423 3356.804164 3353.834269 3360.351540 3378.944439 3386.509007 3382.640777 3365.388054 3388.979331 3401.902748 3406.000176 3403.798416 3393.798245 3402.321713 3416.182430 3409.100939 3393.983754 3405.169881 3420.358649 3431.274393 3423.530446 3366.493961 3355.035150 3352.381781 3348.920900 3336.426385 3333.114536 3361.977182 3362.051734 3355.340948 3338.633912 3305.757274 3260.839111 3242.395648 3283.521984 3327.635769 3384.170552 -9999.0 -9999.0 -9999.0 -9999.0 -9999.0 -9999.0 -9999.0 -9999.0 -9999.0 -9999.0 -9999.0 -9999.0 -9999.0 -9999.0
-9999.0 -9999.0 -9999.0 -9999.0 -9999.0 -9999.0 -9999.0 -9999.0 -9999.0 3179.483739 3184.358154 3190.998637 3193.104776 3207.868314 3204.324575 3210.838616 3214.335489 3241.048276 3269.944297 3302.850920 3329.251927 3319.527849 3317.679294 3320.905465 3314.574594 3321.700859 3341.432674 3377.022130 3407.473807 3442.062535 3408.049555 3402.729213 3419.821852 3460.547556 3482.950917 3484.463345 3465.669986 3482.463625 3505.703525 3520.963743 3517.206040 3510.974800 3536.854398 3552.061984 3545.671781 3524.134068 3523.344550 3531.235655 3560.753849 3510.418256 3444.975439 3407.539327 3424.233822 3403.893063 3378.879816 3369.090096 3370.455214 3391.176362 3380.131975 3347.226785 3314.647376 3303.515175 3287.350537 3309.094225 3332.999306 3379.796987 3420.142631 3450.362121 3450.174179 3433.192923 -9999.0 -9999.0 -9999.0 -9999.0 -9999.0 -9999.0 -9999.0 -9999.0 -9999.0 -9999.0
-9999.0 -9999.0 -9999.0 -9999.0 -9999.0 -9999.0 3101.048917 3111.410391 3131.927512 3134.262827 3160.417534 3165.217799 3182.229552 3198.771433 3219.911248 3231.960277 3256.087180 3285.144939 3320.216036 3356.882840 3383.193308 3371.176395 3375.465198 3393.889693 3419.570465 3437.563531 3459.562714 3496.739243 3568.370017 3604.234928 3596.106542 3596.593278 3604.647073 3654.877142 3718.688557 3729.370061 3708.704828 3695.705256 3719.424442 3756.897696 3754.745537 3753.510781 3766.743114 3777.622893 3804.443578 3793.454745 3757.632082 3752.601243 3759.658862 3736.742091 3667.683853 3610.969212 3592.984276 3546.679447 3463.816117 3421.900236 3446.667657 3475.329064 3454.462014 3405.772163 3374.657253 3370.048238 3359.806346 3353.803161 3367.111285 3390.578534 3415.147500 3429.578893 3418.200297 3397.782440 3376.558398 3348.699636 3351.592120 3376.713053 -9999.0 -9999.0 -9999.0 -9999.0 -9999.0 -9999.0
-9999.0 -9999.0 -9999.0 -9999.0 3051.813578 3064.413347 3049.210817 3074.982293 3106.427240 3139.442489 3166.192816 3195.543029 3217.712974 3243.461352 3275.496690 3296.269423 3327.158709 3355.748480 3401.507762 3461.697374 3505.106025 3517.676368 3525.578951 3575.965852 3631.804006 3678.439797 3696.952627 3722.734336 3768.641815 3825.056150 3847.161896 3849.804807 3866.713417 3910.262811 3966.856406 4002.058234 3984.354781 3975.268890 3985.517895 3999.955603 4022.100672 4022.162165 4023.285366 4027.504216 4035.270990 4033.434381 4006.686729 3973.194821 3960.223865 3950.049143 3911.649172 3839.414498 3809.494229 3780.494181 3737.517229 3683.308442 3636.792843 3638.689192 3584.299997 3529.647090 3480.535277 3473.464824 3453.996340 3438.837564 3422.293304 3435.298936 3447.886359 3433.388505 3403.916760 3375.171195 3362.575122 3345.351663 3334.317297 3365.727489 3383.748857 3413.344512 -9999.0 -9999.0 -9999.0 -9999.0
-9999.0 -9999.0 2993.377648 3038.232685 3094.751726 3100.180724 3092.645605 3094.670851 3120.161732 3168.421562 3227.803819 3263.351191 3290.823250 3320.084277 3369.167728 3429.803016 3488.674961 3530.558308 3588.082728 3657.106803 3715.919039 3742.442482 3751.058846 3786.580363 3841.341050 3910.755995 3938.896875 3965.458186 3997.414432 4034.101493 4025.367724 4035.951923 4048.506221 4061.595969 4076.866364 4084.158609 4079.225343 4074.608072 4056.006857 4050.773472 4057.246906 4065.379896 4064.297864 4049.576522 4045.601462 4060.647342 4066.958380 4064.823743 4061.896212 4066.721387 4061.930532 4013.195252 3996.258665 3980.931605 3969.052408 3922.735172 3855.843144 3823.703953 3802.095773 3760.972464 3687.633209 3650.702206 3611.781164 3577.615871 3540.787897 3528.303996 3496.541073 3464.935908 3426.710127 3386.395872 3367.844578 3353.930375 3353.860911 3354.758280 3372.734076 3388.537398 3404.588067 3412.704765 -9999.0 -9999.0
-9999.0 2885.521918 2956.281075 3074.843760 3151.549255 3186.191812 3193.028576 3194.550181 3218.544481 3249.873009 3334.893246 3382.456155 3464.580315 3501.563601 3541.489632 3630.976613 3725.196564 3768.513056 3807.491413 3871.397649 3937.335746 3984.521291 4010.898664 3988.951930 4028.681495 4058.853810 4067.122917 4074.250362 4074.391953 4065.866041 4059.430640 4066.076020 4063.072054 4043.801533 4027.641302 4025.855966 4022.432679 3999.037166 3971.449439 3955.890179 3957.194778 3982.256099 3969.058412 3947.644837 3943.213307 3964.934623 3986.447970 3975.705787 3962.533979 3979.137743 4013.847103 4038.944515 4039.844142 4058.447595 4079.579593 4050.421531 4029.264552 3985.224967 3968.249785 3942.782884 3885.760221 3830.968312 3782.881000 3734.577943 3682.502304 3634.005075 3586.713902 3539.856257 3487.039462 3454.602284 3430.676095 3388.404803 3376.254380 3383.020330 3378.448863 3377.154144 3383.909978 3390.556510 -9999.0 -9999.0
-9999.0 2788.603666 2926.940159 3100.906607 3241.300985 3280.025976 3339.329693 3392.921025 3405.518644 3349.667840 3449.502990 3665.838506 3788.012030 3805.515091 3881.106704 3976.379575 3958.300412 3989.720417 4013.005901 4039.186284 4060.225287 4074.662325 4072.971923 4067.841476 4051.308606 4043.293434 4042.401627 4040.277531 4022.823849 4003.818500 3986.978150 3983.775654 3965.744919 3916.064966 3882.776202 3865.220503 3846.065914 3832.713387 3805.562606 3779.552744 3762.981175 3773.211441 3771.577599 3758.203473 3753.788615 3771.829731 3802.704355 3800.857168 3812.788185 3832.418383 3867.856994 3906.090924 3925.363881 3954.502641 3990.151345 4038.268693 4046.923307 4069.385093 4072.281237 4061.987106 4015.325213 3963.718619 3934.307393 3878.929467 3819.417557 3757.780948 3708.971401 3664.404015 3609.355532 3575.585722 3536.723622 3483.465839 3441.093015 3434.014723 3400.989938 3388.252439 -9999.0 -9999.0 -9999.0 -9999.0
-9999.0 2692.051549 2863.925476 3097.964177 3389.607854 3459.033325 3659.586638 3773.061447 3811.339082 3878.539653 3757.624757 3965.134590 4018.343848 4013.450949 4029.571771 4032.827594 4047.152984 4046.488816 4041.409689 4030.379161 4020.770499 4016.182558 4015.130586 4007.213122 3994.578311 3979.949033 3968.030149 3956.569100 3919.870150 3887.892502 3848.545596 3836.032447 3791.283207 3699.539090 3660.970668 3622.397033 3561.552176 3564.252150 3572.052333 3548.394752 3528.846793 3500.556079 3530.319050 3541.224847 3545.460545 3540.755255 3550.205354 3578.812870 3626.638165 3660.870125 3699.579077 3747.381632 3777.751610 3816.808356 3856.474593 3908.714556 3939.876773 3968.746673 4017.699126 4054.717131 4077.454807 4063.360311 4044.868750 4000.102785 3939.886875 3890.587045 3861.635053 3811.193352 3767.757505 3724.374347 3678.085282 3625.516644 3564.283036 3512.184552 3478.603577 -9999.0 -9999.0 -9999.0 -9999.0 -9999.0
-9999.0 2467.830973 2731.596772 2984.288821 3254.401403 3595.351272 3767.170083 3860.793988 3923.947344 3907.035435 3930.535072 3936.808466 3973.902620 3981.188343 3959.795670 3945.917935 3928.255516 3927.166477 3940.233676 3912.878994 3882.610669 3869.258392 3870.165157 3859.476752 3835.626072 3820.768581 3811.515947 3793.053579 3750.107259 3700.054398 3616.213095 3581.791642 3503.402223 3465.520236 3429.661370 3383.240354 3339.789713 3345.828067 3370.444485 3362.178366 3341.761515 3325.019793 3354.488032 3374.956316 3388.166149 3371.831049 3378.331943 3412.458460 3458.537848 3498.547113 3541.937685 3589.400500 3630.953366 3669.807027 3690.431300 3729.487178 3771.408696 3812.842465 3882.827702 3961.159265 3997.074331 4031.690631 4060.556151 4082.462559 4039.588923 4013.325988 3989.617118 3966.179289 3920.020465 3874.674266 3834.134007 3769.577432 3710.063009 -9999.0 -9999.0 -9999.0 -9999.0 -9999.0 -9999.0 -9999.0
-9999.0 2356.020750 2548.430074 2738.691219 2969.821430 3196.217824 3417.432524 3507.498225 3577.453967 3649.357050 3703.539732 3741.309546 3767.062434 3788.611243 3766.035142 3720.000461 3687.794838 3692.791170 3683.816914 3662.986305 3635.517779 3622.798686 3620.238288 3615.656205 3594.711423 3584.741244 3578.233149 3560.605567 3535.716384 3483.501688 3412.973877 3340.967869 3288.222977 3269.784086 3248.091490 3222.098898 3196.358672 3210.163029 3223.082691 3223.539208 3217.500646 3218.053964 3247.094993 3266.968268 3276.388896 3265.541191 3283.561222 3306.332615 3342.762755 3381.182593 3425.271064 3474.748921 3522.583887 3542.144270 3543.712880 3554.608757 3581.593585 3624.366870 3700.244884 3785.959241 3863.516308 3908.926660 3959.642603 3999.611919 4027.757513 4052.595585 4075.017475 4068.098434 4042.138645 4008.788326 3950.071580 -9999.0 -9999.0 -9999.0 -9999.0 -9999.0 -9999.0 -9999.0 -9999.0 -9999.0
-9999.0 -9999.0 2323.024947 2474.475221 2569.851922 2731.910422 2853.966763 2959.477629 3050.392120 3188.954667 3311.014245 3403.888591 3450.126264 3465.646523 3451.897916 3423.829487 3406.905276 3406.527633 3394.858407 3388.920203 3375.110449 3370.216070 3359.105783 3352.098909 3348.738371 3348.809087 3347.218170 3339.834706 3324.073022 3283.788374 3248.318378 3205.264193 3162.339469 3141.789335 3124.701682 3108.770075 3113.837540 3109.456176 3115.424914 3118.813521 3128.925551 3143.412419 3162.789096 3184.189274 3193.777661 3203.930636 3214.511528 3235.729721 3265.141227 3304.720411 3355.471055 3409.394932 3444.659087 3450.893596 3432.287822 3426.600408 3433.964274 3462.002695 3524.275872 3592.601054 3682.002894 3747.293707 3814.026773 3869.906410 3896.550243 3932.932148 4003.162849 4051.190404 4093.657867 4071.255394 -9999.0 -9999.0 -9999.0 -9999.0 -9999.0 -9999.0 -9999.0 -9999.0 -9999.0 -9999.0
-9999.0 -9999.0 -9999.0 -9999.0 2335.216884 2481.932263 2579.612385 2659.824401 2795.428663 2899.856896 2993.942785 3080.083906 3149.036429 3172.181661 3173.412720 3190.957066 3190.361575 3181.088436 3170.296018 3175.814615 3181.451837 3175.805975 3162.126688 3156.717858 3161.747381 3170.979162 3170.587233 3159.350970 3143.062133 3131.205958 3120.557822 3091.973591 3061.803959 3036.360356 3026.180065 3024.785239 3026.145977 3019.164077 3028.237692 3037.800486 3054.170829 3069.494074 3093.030318 3122.749484 3137.481873 3152.010969 3160.269749 3178.282410 3205.267398 3256.259410 3317.451609 3373.462533 3406.706073 3406.624459 3377.732162 3355.499303 3342.420193 3359.155295 3387.278735 3437.217113 3525.841200 3587.507135 3632.306803 3670.657644 3706.888661 3772.027042 3866.677419 3947.990564 -9999.0 -9999.0 -9999.0 -9999.0 -9999.0 -9999.0 -9999.0 -9999.0 -9999.0 -9999.0 -9999.0 -9999.0
-9999.0 -9999.0 -9999.0 -9999.0 -9999.0 -9999.0 2313.612702 2420.200592 2487.300023 2643.351277 2792.038201 2870.220830 2953.646815 2990.116983 3012.136914 3042.760597 3043.641049 3023.356214 3001.464755 3023.880175 3044.005174 3037.970468 3005.849252 3008.302859 3016.658560 3025.851389 3024.938486 3021.010518 2998.731675 3018.305735 3025.508495 3005.470610 2982.777664 2979.095850 2969.068139 2980.115026 2981.091073 2967.261287 2966.455674 2990.180683 3011.631850 3024.637921 3045.612874 3078.797185 3111.201291 3126.730838 3127.270602 3131.429926 3167.336685 3233.842929 3304.326453 3358.937666 3389.334456 3393.642591 3362.638195 3317.413256 3290.791038 3289.037779 3312.555247 3350.989033 3411.047505 3446.570057 3456.646443 3456.606096 3467.964991 3567.510999 -9999.0 -9999.0 -9999.0 -9999.0 -9999.0 -9999.0 -9999.0 -9999.0 -9999.0 -9999.0 -9999.0 -9999.0 -9999.0 -9999.0
-9999.0 -9999.0 -9999.0 -9999.0 -9999.0 -9999.0 -9999.0 -9999.0 -9999.0 -9999.0 -9999.0 -9999.0 -9999.0 -9999.0 -9999.0 -9999.0 -9999.0 -9999.0 -9999.0 -9999.0 -9999.0 -9999.0 -9999.0 -9999.0 -9999.0 -9999.0 -9999.0 -9999.0 -9999.0 -9999.0 -9999.0 -9999.0 -9999.0 -9999.0 -9999.0 -9999.0 -9999.0 -9999.0 -9999.0 -9999.0 -9999.0 -9999.0 -9999.0 -9999.0 -9999.0 -9999.0 -9999.0 -9999.0 -9999.0 -9999.0 -9999.0 -9999.0 -9999.0 -9999.0 -9999.0 -9999.0 -9999.0 -9999.0 -9999.0 -9999.0 -9999.0 -9999.0 -9999.0 -9999.0 -9999.0 -9999.0 -9999.0 -9999.0 -9999.0 -9999.0 -9999.0 -9999.0 -9999.0 -9999.0 -9999.0 -9999.0 -9999.0 -9999.0 -9999.0 -9999.0
-9999.0 -9999.0 -9999.0 -9999.0 -9999.0 -9999.0 -9999.0 -9999.0 -9999.0 -9999.0 -9999.0 -9999.0 -9999.0 -9999.0 -9999.0 -9999.0 -9999.0 -9999.0 -9999.0 -9999.0 -9999.0 -9999.0 -9999.0 -9999.0 -9999.0 -9999.0 -9999.0 -9999.0 -9999.0 -9999.0 -9999.0 -9999.0 -9999.0 -9999.0 -9999.0 -9999.0 -9999.0 -9999.0 -9999.0 -9999.0 -9999.0 -9999.0 -9999.0 -9999.0 -9999.0 -9999.0 -9999.0 -9999.0 -9999.0 -9999.0 -9999.0 -9999.0 -9999.0 -9999.0 -9999.0 -9999.0 -9999.0 -9999.0 -9999.0 -9999.0 -9999.0 -9999.0 -9999.0 -9999.0 -9999.0 -9999.0 -9999.0 -9999.0 -9999.0 -9999.0 -9999.0 -9999.0 -9999.0 -9999.0 -9999.0 -9999.0 -9999.0 -9999.0 -9999.0 -9999.0