Borden_/Borden1m_014/output_maps/psiliqL0002N0020.asc
ncols         80
nrows         18
xllcorner     620200.000000
yllcorner     5168000.000000
cellsize      1.000000
NODATA_value  -9999.0
-9999.0 -9999.0 -9999.0 -9999.0 -9999.0 -9999.0 -9999.0 -9999.0 -9999.0 -9999.0 -9999.0 -9999.0 -9999.0 -9999.0 -9999.0 -9999.0 -9999.0 -9999.0 -9999.0 -9999.0 -9999.0 -9999.0 -9999.0 -9999.0 -9999.0 -9999.0 -9999.0 -9999.0 -9999.0 -9999.0 -9999.0 -9999.0 -9999.0 -9999.0 -9999.0 -9999.0 -9999.0 -9999.0 -9999.0 -9999.0 -9999.0 -9999.0 -9999.0 -9999.0 -9999.0 -9999.0 -9999.0 -9999.0 -9999.0 -9999.0 -9999.0 -9999.0 -9999.0 -9999.0 -9999.0 -9999.0 -9999.0 -9999.0 -9999.0 -9999.0 -9999.0 -9999.0 -9999.0 -9999.0 -9999.0 -9999.0 -9999.0 -9999.0 -9999.0 -9999.0 -9999.0 -9999.0 -9999.0 -9999.0 -9999.0 -9999.0 -9999.0 -9999.0 -9999.0 -9999.0
-9999.0 -9999.0 -9999.0 -9999.0 -9999.0 -9999.0 -9999.0 -9999.0 -9999.0 -9999.0 -9999.0 -9999.0 -9999.0 -9999.0 -9999.0 -9999.0 -9999.0 -9999.0 -9999.0 -9999.0 -9999.0 -9999.0 -9999.0 -9999.0 -9999.0 -9999.0 -9999.0 -9999.0 -9999.0 -9999.0 -9999.0 -9999.0 -9999.0 -9999.0 -9999.0 -9999.0 -9999.0 -9999.0 -9999.0 -9999.0 -9999.0 -9999.0 -9999.0 -9999.0 -9999.0 -9999.0 -9999.0 -9999.0 -9999.0 -9999.0 -9999.0 -9999.0 -9999.0 -9999.0 -9999.0 -9999.0 -9999.0 -9999.0 -9999.0 -9999.0 -9999.0 -9999.0 -9999.0 -9999.0 -9999.0 -9999.0 -9999.0 -9999.0 -9999.0 -9999.0 -9999.0 -9999.0 -9999.0 -9999.0 -9999.0 -9999.0 -9999.0 -9999.0 -9999.0 -9999.0
-9999.0 -9999.0 -9999.0 -9999.0 -9999.0 -9999.0 -9999.0 -9999.0 -9999.0 -9999.0 -9999.0 -9999.0 -9999.0 -9999.0 -9999.0 -9999.0 -9999.0 -9999.0 -9999.0 -9999.0 -535.625342 -534.622895 -536.572096 -538.739581 -540.616585 -540.902689 -538.837747 -536.538419 -533.862160 -533.400858 -535.717468 -535.079420 -536.024176 -536.615846 -536.719758 -536.078489 -535.750365 -534.910515 -534.404943 -534.716747 -535.403770 -535.860554 -536.344874 -536.246051 -535.426153 -536.522055 -534.959802 -533.487852 -533.011839 -532.915090 -534.789608 -535.504189 -535.745842 -537.582757 -534.278985 -533.428013 -531.132565 -530.967306 -530.447092 -533.016371 -535.539938 -9999.0 -9999.0 -9999.0 -9999.0 -9999.0 -9999.0 -9999.0 -9999.0 -9999.0 -9999.0 -9999.0 -9999.0 -9999.0 -9999.0 -9999.0 -9999.0 -9999.0 -9999.0 -9999.0
-9999.0 -9999.0 -9999.0 -9999.0 -9999.0 -9999.0 -9999.0 -9999.0 -9999.0 -9999.0 -9999.0 -9999.0 -9999.0 -9999.0 -538.756246 -539.885722 -540.427581 -540.866654 -539.012843 -537.638199 -537.742902 -538.919467 -537.867549 -540.061404 -542.033327 -540.856889 -539.310145 -538.184232 -536.143370 -534.528895 -536.118894 -536.513496 -535.713376 -532.727170 -531.489398 -532.171746 -535.851781 -532.417022 -530.817146 -529.783042 -529.924942 -531.610924 -529.363045 -526.723543 -528.135504 -530.930793 -530.293433 -528.765950 -526.180985 -527.300971 -535.962345 -536.595204 -536.038798 -535.722915 -536.886501 -537.774834 -534.465119 -535.030759 -535.504128 -535.874039 -537.574783 -540.536838 -541.910810 -538.711405 -536.082705 -530.422138 -9999.0 -9999.0 -9999.0 -9999.0 -9999.0 -9999.0 -9999.0 -9999.0 -9999.0 -9999.0 -9999.0 -9999.0 -9999.0 -9999.0
-9999.0 -9999.0 -9999.0 -9999.0 -9999.0 -9999.0 -9999.0 -9999.0 -9999.0 -540.302641 -540.666029 -540.381842 -541.204193 -540.260539 -542.048497 -541.688475 -542.084973 -540.822296 -539.935484 -538.261566 -535.848734 -537.774564 -538.045078 -536.752556 -536.691360 -536.325554 -535.429645 -531.590406 -527.309928 -520.065062 -526.538215 -526.810364 -523.407786 -509.895540 -498.009899 -494.712575 -500.697150 -500.767331 -493.144527 -483.945464 -484.547372 -485.519586 -475.469333 -469.550537 -465.045752 -474.395749 -482.977247 -484.401521 -471.789060 -492.531856 -509.998863 -524.740206 -523.636175 -528.169839 -533.027606 -534.697906 -535.476763 -531.695449 -533.007918 -536.202285 -538.781107 -537.675242 -539.236076 -537.715134 -536.848676 -532.609019 -528.851450 -525.088797 -524.905934 -527.348598 -9999.0 -9999.0 -9999.0 -9999.0 -9999.0 -9999.0 -9999.0 -9999.0 -9999.0 -9999.0
-9999.0 -9999.0 -9999.0 -9999.0 -9999.0 -9999.0 -541.948300 -542.144100 -541.573104 -543.811442 -542.427078 -543.561466 -542.583436 -542.249089 -541.681625 -541.823847 -540.258729 -538.977070 -536.717107 -533.649722 -530.718398 -532.577258 -531.869138 -527.566568 -518.001326 -508.908943 -503.533485 -493.844740 -459.957522 -417.216691 -387.745554 -368.105229 -327.984935 -308.165016 -271.933558 -201.442037 -275.785504 -290.037499 -280.835220 -253.050470 -170.874150 -169.950007 -165.180378 -158.157991 -132.360793 -137.113430 -249.267502 -269.882294 -274.646577 -277.953613 -302.844868 -332.779841 -431.446951 -469.688890 -498.886189 -513.829286 -516.805681 -515.076161 -520.923251 -528.603836 -532.988206 -532.778645 -533.549203 -535.265651 -534.426533 -532.776625 -530.130394 -528.411828 -529.673364 -531.309989 -532.397880 -535.234687 -534.739284 -531.965218 -9999.0 -9999.0 -9999.0 -9999.0 -9999.0 -9999.0
-9999.0 -9999.0 -9999.0 -9999.0 -545.085260 -544.134679 -547.100826 -545.512634 -544.365301 -543.570555 -543.804052 -542.338566 -542.105530 -541.142990 -538.939893 -537.395297 -534.333202 -532.154433 -525.365724 -509.345992 -493.773345 -484.341345 -479.552593 -434.247084 -328.029352 -300.366744 -292.781327 -280.024662 -246.893792 -124.460616 -99.136116 -123.262358 -106.645473 -51.151533 -20.395958 19.704083 -5.665151 -4.178770 -35.907769 5.127393 28.443472 29.059126 29.726016 29.878878 31.925719 33.813694 14.486805 -15.583374 -64.170230 -33.847694 -84.406404 -110.246853 -215.815983 -251.651285 -267.040417 -290.332730 -324.623484 -360.379472 -454.293924 -482.428858 -504.762941 -512.989865 -520.498579 -523.871026 -528.590035 -527.607261 -526.145212 -528.485149 -531.435518 -534.215801 -534.361794 -535.542615 -537.070047 -533.397789 -532.278046 -528.404697 -9999.0 -9999.0 -9999.0 -9999.0
-9999.0 -9999.0 -545.032099 -545.154110 -542.681987 -544.427768 -545.463345 -546.940376 -546.515856 -544.242026 -539.996412 -538.538861 -535.874013 -534.585829 -527.898633 -509.146737 -487.071613 -468.291942 -403.122340 -320.047170 -288.994417 -263.936019 -181.690131 -148.256807 -129.373764 -54.403545 -67.961052 -14.464338 8.332906 34.230924 59.076439 73.671994 79.236901 73.234438 72.752011 70.279323 69.253009 64.948958 48.364760 46.360049 53.460184 55.622588 58.789994 46.806321 43.063113 55.278394 57.307778 57.943407 59.901966 68.328208 78.630866 50.447786 -1.816570 -13.030449 -51.500980 -52.889893 -109.752611 -203.966013 -236.999183 -266.676576 -307.794905 -333.548820 -435.837404 -476.133361 -498.201789 -508.582410 -518.217162 -523.897617 -528.967735 -533.702518 -534.982558 -535.686971 -534.863843 -535.486847 -533.561683 -532.204641 -530.030069 -529.266876 -9999.0 -9999.0
-9999.0 -545.571027 -546.695727 -542.368939 -542.055863 -541.451173 -540.599681 -539.878622 -538.862929 -540.840862 -529.329032 -505.850151 -480.576776 -471.157534 -422.299593 -310.403607 -180.875875 -150.749182 -147.588128 -83.783607 -72.261524 1.209011 24.302842 56.841650 79.334451 75.469974 71.118119 70.588381 61.837846 54.807830 44.639569 52.387484 51.377913 36.656035 25.337483 23.985340 21.450321 -1.582519 -61.439707 -38.977933 -33.072322 -12.411005 -58.579789 -42.308698 -46.115406 -62.916086 -12.398969 -20.328045 -64.506937 -17.250216 -11.010012 29.672081 45.954974 59.708411 79.317855 57.658206 25.398046 -35.878475 -23.727777 -46.374707 -145.924989 -205.426990 -255.851972 -297.953870 -330.632242 -440.364183 -483.242658 -503.812207 -518.148826 -523.149732 -526.134271 -532.781749 -534.301484 -532.644548 -533.515145 -533.602723 -532.758648 -532.126023 -9999.0 -9999.0
-9999.0 -549.988230 -545.934307 -541.641490 -536.487247 -536.541787 -516.253392 -497.123833 -491.372418 -501.882088 -450.772253 -175.933578 -151.952333 -114.460741 -62.444652 4.060875 44.129014 65.045897 78.430729 69.859620 63.039865 65.737173 60.412807 51.734147 38.105996 32.282018 31.302448 30.452402 14.378222 -2.560416 -18.112373 -18.263687 -31.060388 -63.340709 -90.929637 -103.251101 -114.910621 -197.690301 -240.619057 -263.472971 -271.952550 -256.443803 -264.364888 -276.826717 -279.462367 -263.946249 -237.758582 -241.307473 -230.849105 -202.953869 -160.720091 -81.262524 -62.773386 -38.401339 -30.108277 30.136055 48.176884 67.274244 73.739954 49.711204 -11.051096 -31.478226 -57.623211 -157.995144 -222.566466 -285.181129 -315.700776 -343.218989 -455.231102 -481.559738 -500.132937 -515.233572 -525.218312 -527.030034 -531.821160 -532.238681 -9999.0 -9999.0 -9999.0 -9999.0
-9999.0 -550.115982 -546.199092 -537.822191 -517.161521 -482.552452 -325.687560 -234.305176 -63.854724 -126.019881 -5.550287 64.412417 72.122735 55.932847 29.746501 26.223838 35.523566 37.454437 32.299510 24.552055 18.842518 12.070564 9.242160 -24.997592 -10.277721 -22.050234 -33.275707 -42.076755 -127.336434 -160.763057 -189.478409 -209.648402 -241.909480 -296.687068 -313.360008 -328.421847 -428.016674 -440.461774 -452.130095 -470.915863 -478.557782 -483.634039 -476.705126 -478.589434 -479.315213 -475.197614 -463.996382 -454.465463 -401.761586 -330.665362 -310.706014 -284.625842 -261.402285 -218.464320 -170.276878 -75.174085 -49.700507 -48.201020 18.496543 50.624309 70.646485 63.357034 35.421462 -22.436541 -53.517669 -156.966178 -198.058313 -246.968276 -293.514192 -318.038953 -338.282656 -438.525306 -485.051526 -512.541437 -519.239612 -9999.0 -9999.0 -9999.0 -9999.0 -9999.0
-9999.0 -556.177629 -545.838803 -539.077662 -500.880086 -318.753717 -248.871391 9.813739 60.611705 -7.072634 -123.472847 -47.106112 -58.882263 -14.528845 -38.057706 -46.112383 -52.918547 -53.850750 -42.310200 -66.182833 -117.352084 -151.155569 -157.048382 -173.468352 -202.510040 -224.165797 -238.432389 -254.592698 -287.996856 -310.028407 -354.826587 -415.528010 -474.277109 -498.343665 -510.125516 -520.513258 -529.705818 -529.399084 -526.442443 -528.859908 -531.410687 -534.227727 -530.875490 -529.403473 -527.918330 -529.842984 -529.472367 -525.007847 -517.414853 -508.317010 -493.346733 -471.750287 -438.305670 -333.900804 -315.953202 -289.860032 -260.959073 -213.142165 -136.222112 -29.572371 -27.286032 25.400265 61.375494 79.419601 41.965591 7.199919 -42.817871 -72.034333 -188.411529 -241.022446 -263.947181 -291.343011 -319.584103 -9999.0 -9999.0 -9999.0 -9999.0 -9999.0 -9999.0 -9999.0
-9999.0 -559.579225 -548.246629 -546.895087 -534.419447 -505.525470 -447.508701 -313.404677 -174.574835 -287.433646 -295.944975 -282.817501 -266.120058 -251.553436 -267.472668 -286.142843 -298.094077 -295.107212 -293.228935 -304.264188 -316.168932 -322.388565 -323.954151 -339.129523 -403.891525 -431.452198 -443.236505 -460.453887 -478.873965 -497.232649 -519.360069 -528.585398 -534.755137 -536.650248 -538.073766 -539.627932 -542.949070 -540.987596 -539.554036 -539.901901 -540.954841 -541.803122 -539.308678 -538.533305 -537.765456 -540.158468 -538.589727 -537.345137 -534.347621 -531.311135 -526.818768 -519.863097 -510.287583 -502.703513 -495.811521 -483.660129 -462.359039 -370.354626 -305.283863 -237.573704 -166.665354 -79.711196 -33.093803 -9.355582 19.482493 29.108537 37.590510 19.386909 -26.030841 -160.561091 -204.926478 -9999.0 -9999.0 -9999.0 -9999.0 -9999.0 -9999.0 -9999.0 -9999.0 -9999.0
-9999.0 -9999.0 -561.941046 -557.339848 -553.354756 -549.478913 -543.928042 -535.961550 -530.382574 -522.222432 -509.997821 -495.236941 -484.885181 -479.706974 -486.704204 -499.817385 -506.828931 -506.200185 -508.032584 -511.657582 -518.170983 -520.824802 -522.496816 -523.789239 -526.271818 -527.242826 -527.607019 -528.398527 -530.206511 -534.447231 -538.018025 -540.368556 -543.114685 -542.797747 -543.165687 -544.143693 -543.195791 -543.421875 -543.159045 -543.328063 -543.095095 -542.643978 -542.150282 -541.427719 -541.455921 -541.258141 -541.046074 -540.295857 -539.152887 -537.665638 -534.559551 -529.810156 -526.125669 -525.273632 -527.373372 -526.741858 -523.978190 -517.085591 -490.818063 -432.319439 -321.545583 -280.083751 -216.648075 -162.051396 -104.759126 -83.596991 -27.165987 16.973196 11.023160 -56.645363 -9999.0 -9999.0 -9999.0 -9999.0 -9999.0 -9999.0 -9999.0 -9999.0 -9999.0 -9999.0
-9999.0 -9999.0 -9999.0 -9999.0 -563.899407 -557.429070 -551.491075 -552.200429 -548.037484 -545.699884 -543.597158 -541.006303 -538.867817 -537.393501 -539.381825 -539.747786 -540.074385 -539.719251 -540.093950 -540.590444 -540.797725 -541.084225 -541.339996 -541.774323 -541.564528 -541.113341 -540.966629 -541.703987 -541.589008 -542.983229 -543.026126 -543.756418 -544.479821 -545.406245 -545.137432 -545.224482 -544.760304 -545.240653 -544.515691 -544.994709 -544.478216 -544.284814 -543.692474 -542.685756 -543.188845 -542.606636 -542.633778 -541.897362 -541.769032 -539.867403 -536.681354 -532.913125 -530.321204 -530.493379 -534.002530 -535.350546 -536.230221 -534.114873 -530.536167 -522.239260 -497.029936 -466.819507 -368.007952 -316.771977 -297.748446 -267.655769 -202.133913 -98.727507 -9999.0 -9999.0 -9999.0 -9999.0 -9999.0 -9999.0 -9999.0 -9999.0 -9999.0 -9999.0 -9999.0 -9999.0
-9999.0 -9999.0 -9999.0 -9999.0 -9999.0 -9999.0 -561.061943 -557.840178 -558.852826 -556.531435 -554.522652 -552.993436 -550.537264 -550.980290 -550.271418 -548.232600 -548.513487 -549.450506 -550.654785 -548.842755 -548.065822 -547.853006 -549.810836 -549.225547 -549.025783 -548.267615 -548.346187 -547.974427 -549.647640 -547.584256 -546.573532 -546.885102 -547.178609 -546.742070 -547.160340 -545.871980 -545.718399 -546.737669 -547.053070 -545.616524 -545.251567 -545.517367 -545.306051 -544.403896 -543.031930 -542.877476 -543.570191 -544.561674 -543.251158 -540.169166 -536.762126 -533.759072 -531.769234 -531.023020 -533.870045 -537.740652 -539.666869 -540.019608 -538.590927 -535.809215 -528.471724 -523.258505 -518.723322 -511.191619 -503.361974 -462.868899 -9999.0 -9999.0 -9999.0 -9999.0 -9999.0 -9999.0 -9999.0 -9999.0 -9999.0 -9999.0 -9999.0 -9999.0 -9999.0 -9999.0
-9999.0 -9999.0 -9999.0 -9999.0 -9999.0 -9999.0 -9999.0 -9999.0 -9999.0 -9999.0 -9999.0 -9999.0 -9999.0 -9999.0 -9999.0 -9999.0 -9999.0 -9999.0 -9999.0 -9999.0 -9999.0 -9999.0 -9999.0 -9999.0 -9999.0 -9999.0 -9999.0 -9999.0 -9999.0 -9999.0 -9999.0 -9999.0 -9999.0 -9999.0 -9999.0 -9999.0 -9999.0 -9999.0 -9999.0 -9999.0 -9999.0 -9999.0 -9999.0 -9999.0 -9999.0 -9999.0 -9999.0 -9999.0 -9999.0 -9999.0 -9999.0 -9999.0 -9999.0 -9999.0 -9999.0 -9999.0 -9999.0 -9999.0 -9999.0 -9999.0 -9999.0 -9999.0 -9999.0 -9999.0 -9999.0 -9999.0 -9999.0 -9999.0 -9999.0 -9999.0 -9999.0 -9999.0 -9999.0 -9999.0 -9999.0 -9999.0 -9999.0 -9999.0 -9999.0 -9999.0
-9999.0 -9999.0 -9999.0 -9999.0 -9999.0 -9999.0 -9999.0 -9999.0 -9999.0 -9999.0 -9999.0 -9999.0 -9999.0 -9999.0 -9999.0 -9999.0 -9999.0 -9999.0 -9999.0 -9999.0 -9999.0 -9999.0 -9999.0 -9999.0 -9999.0 -9999.0 -9999.0 -9999.0 -9999.0 -9999.0 -9999.0 -9999.0 -9999.0 -9999.0 -9999.0 -9999.0 -9999.0 -9999.0 -9999.0 -9999.0 -9999.0 -9999.0 -9999.0 -9999.0 -9999.0 -9999.0 -9999.0 -9999.0 -9999.0 -9999.0 -9999.0 -9999.0 -9999.0 -9999.0 -9999.0 -9999.0 -9999.0 -9999.0 -9999.0 -9999.0 -9999.0 -9999.0 -9999.0 -9999.0 -9999.0 -9999.0 -9999.0 -9999.0 -9999.0 -9999.0 -9999.0 -9999.0 -9999.0 -9999.0 -9999.0 -9999.0 -9999.0 -9999.0 -9999.0 -9999.0