Borden_/Borden1m_014/output_maps/psiliqL0019N0007.asc
ncols         80
nrows         18
xllcorner     620200.000000
yllcorner     5168000.000000
cellsize      1.000000
NODATA_value  -9999.0
-9999.0 -9999.0 -9999.0 -9999.0 -9999.0 -9999.0 -9999.0 -9999.0 -9999.0 -9999.0 -9999.0 -9999.0 -9999.0 -9999.0 -9999.0 -9999.0 -9999.0 -9999.0 -9999.0 -9999.0 -9999.0 -9999.0 -9999.0 -9999.0 -9999.0 -9999.0 -9999.0 -9999.0 -9999.0 -9999.0 -9999.0 -9999.0 -9999.0 -9999.0 -9999.0 -9999.0 -9999.0 -9999.0 -9999.0 -9999.0 -9999.0 -9999.0 -9999.0 -9999.0 -9999.0 -9999.0 -9999.0 -9999.0 -9999.0 -9999.0 -9999.0 -9999.0 -9999.0 -9999.0 -9999.0 -9999.0 -9999.0 -9999.0 -9999.0 -9999.0 -9999.0 -9999.0 -9999.0 -9999.0 -9999.0 -9999.0 -9999.0 -9999.0 -9999.0 -9999.0 -9999.0 -9999.0 -9999.0 -9999.0 -9999.0 -9999.0 -9999.0 -9999.0 -9999.0 -9999.0
-9999.0 -9999.0 -9999.0 -9999.0 -9999.0 -9999.0 -9999.0 -9999.0 -9999.0 -9999.0 -9999.0 -9999.0 -9999.0 -9999.0 -9999.0 -9999.0 -9999.0 -9999.0 -9999.0 -9999.0 -9999.0 -9999.0 -9999.0 -9999.0 -9999.0 -9999.0 -9999.0 -9999.0 -9999.0 -9999.0 -9999.0 -9999.0 -9999.0 -9999.0 -9999.0 -9999.0 -9999.0 -9999.0 -9999.0 -9999.0 -9999.0 -9999.0 -9999.0 -9999.0 -9999.0 -9999.0 -9999.0 -9999.0 -9999.0 -9999.0 -9999.0 -9999.0 -9999.0 -9999.0 -9999.0 -9999.0 -9999.0 -9999.0 -9999.0 -9999.0 -9999.0 -9999.0 -9999.0 -9999.0 -9999.0 -9999.0 -9999.0 -9999.0 -9999.0 -9999.0 -9999.0 -9999.0 -9999.0 -9999.0 -9999.0 -9999.0 -9999.0 -9999.0 -9999.0 -9999.0
-9999.0 -9999.0 -9999.0 -9999.0 -9999.0 -9999.0 -9999.0 -9999.0 -9999.0 -9999.0 -9999.0 -9999.0 -9999.0 -9999.0 -9999.0 -9999.0 -9999.0 -9999.0 -9999.0 -9999.0 1944.921260 1947.329970 1926.229422 1893.374150 1866.496511 1869.919308 1905.270255 1947.673066 1987.594199 1997.638619 1980.417730 1984.709220 1981.650798 1980.731110 1984.221343 1993.387273 2000.509137 2012.712769 2022.472461 2023.301184 2018.443852 2014.623062 2016.515871 2019.156428 2024.863564 2012.237138 2026.399201 2040.577756 2043.155340 2035.878358 2006.899544 1989.985840 1978.954326 1961.284511 1984.600588 1994.295994 2015.012516 2017.330308 2013.905051 1985.899948 1955.105657 -9999.0 -9999.0 -9999.0 -9999.0 -9999.0 -9999.0 -9999.0 -9999.0 -9999.0 -9999.0 -9999.0 -9999.0 -9999.0 -9999.0 -9999.0 -9999.0 -9999.0 -9999.0 -9999.0
-9999.0 -9999.0 -9999.0 -9999.0 -9999.0 -9999.0 -9999.0 -9999.0 -9999.0 -9999.0 -9999.0 -9999.0 -9999.0 -9999.0 1852.038142 1843.484803 1841.694107 1850.758719 1884.960094 1916.089156 1928.269969 1921.799564 1922.832694 1899.914643 1879.710406 1894.729482 1926.127967 1958.882137 1994.170041 2014.191587 2004.096354 2003.042763 2013.340522 2038.775988 2052.404437 2051.777299 2034.839622 2060.739085 2077.838401 2086.960178 2087.707738 2079.902422 2091.292117 2106.216400 2099.241060 2083.054600 2090.672184 2102.636287 2111.455445 2096.205669 2030.421143 2010.615094 2004.018875 1996.313213 1980.594968 1973.062751 1997.313511 1994.822026 1985.102147 1965.941242 1931.781805 1886.384343 1866.281155 1904.162039 1946.434620 2002.039765 -9999.0 -9999.0 -9999.0 -9999.0 -9999.0 -9999.0 -9999.0 -9999.0 -9999.0 -9999.0 -9999.0 -9999.0 -9999.0 -9999.0
-9999.0 -9999.0 -9999.0 -9999.0 -9999.0 -9999.0 -9999.0 -9999.0 -9999.0 1792.372422 1798.178913 1806.325538 1809.804510 1826.161432 1823.878726 1831.895476 1838.923187 1867.334266 1899.043797 1934.858485 1964.256727 1956.998806 1958.109806 1966.746631 1967.895462 1980.244901 2004.062009 2045.864855 2083.103491 2122.254955 2092.495937 2090.529291 2111.345893 2159.675598 2193.034735 2201.323268 2185.307915 2199.429948 2227.065482 2249.440871 2249.783929 2246.965918 2271.610601 2285.719921 2283.753815 2263.881171 2257.639512 2260.169371 2283.781035 2227.585466 2155.349266 2105.271634 2111.233457 2083.330664 2048.334758 2028.416513 2023.762455 2041.507690 2025.513167 1987.383210 1950.322494 1936.867567 1917.453479 1934.020109 1954.726148 1999.202444 2037.034442 2064.557901 2062.743264 2044.449698 -9999.0 -9999.0 -9999.0 -9999.0 -9999.0 -9999.0 -9999.0 -9999.0 -9999.0 -9999.0
-9999.0 -9999.0 -9999.0 -9999.0 -9999.0 -9999.0 1711.943842 1722.794987 1744.458026 1749.266188 1776.288152 1784.075890 1805.327760 1825.024456 1847.859977 1864.270010 1893.874647 1927.191651 1967.658684 2010.730574 2044.099460 2039.089919 2049.870788 2076.618216 2112.064309 2139.791413 2168.103070 2211.472464 2287.902876 2327.770302 2329.056554 2333.232679 2345.155866 2399.972641 2471.108662 2488.378054 2470.533487 2458.555705 2484.613075 2525.132699 2529.985964 2531.784161 2545.846688 2556.242536 2582.503988 2573.071621 2534.358110 2523.116357 2521.832209 2495.756756 2422.207932 2354.837155 2323.869006 2272.730877 2187.942159 2133.378546 2141.914956 2160.271873 2131.390018 2076.719279 2035.292709 2022.970374 2005.970567 1992.089029 1998.138329 2016.312402 2036.983498 2047.170268 2032.780847 2010.207816 1986.609314 1956.845005 1957.935708 1982.322577 -9999.0 -9999.0 -9999.0 -9999.0 -9999.0 -9999.0
-9999.0 -9999.0 -9999.0 -9999.0 1660.623497 1674.411016 1662.361455 1689.372552 1723.432402 1759.086183 1790.956268 1827.652652 1855.075694 1885.551692 1924.516586 1955.774578 1995.956206 2031.312743 2085.639587 2154.632124 2207.867711 2232.287802 2247.992631 2304.893092 2366.083649 2420.330171 2446.640495 2480.371672 2529.347785 2587.982402 2612.335187 2617.351980 2636.001413 2677.986072 2734.029455 2775.197736 2761.429282 2755.836100 2768.014112 2784.641521 2809.947416 2812.219577 2814.698245 2818.088646 2823.963508 2823.224723 2798.809649 2764.808120 2745.003889 2729.156195 2689.024556 2614.564600 2577.113783 2545.483440 2502.790470 2442.666004 2378.801736 2365.913166 2307.186590 2246.744112 2183.825447 2161.700071 2129.853886 2103.314382 2074.823250 2076.805785 2080.047266 2058.780605 2024.786959 1991.172930 1974.869112 1954.788838 1942.234450 1971.598146 1988.403495 2017.847286 -9999.0 -9999.0 -9999.0 -9999.0
-9999.0 -9999.0 1599.843403 1647.761386 1705.788047 1714.955804 1714.449308 1721.377413 1751.500692 1805.135132 1878.102363 1925.512758 1964.572533 1999.049193 2057.597846 2132.156011 2202.633390 2251.647180 2315.348174 2390.289190 2458.193547 2495.310365 2513.615379 2555.413119 2611.279615 2678.544669 2710.367809 2741.986410 2779.357906 2814.036432 2816.368975 2827.747548 2837.070351 2844.565420 2856.124785 2862.885951 2861.064002 2859.242580 2844.891669 2844.201050 2853.355902 2861.394853 2862.615370 2849.205416 2845.425717 2859.585437 2864.534717 2862.362441 2858.105115 2860.494596 2856.569912 2811.986279 2782.627824 2766.262641 2748.779559 2698.469723 2629.516717 2590.095523 2566.613619 2517.143807 2433.526992 2379.918173 2326.680569 2276.957787 2223.210376 2193.988215 2148.519418 2106.514899 2059.527627 2011.913790 1986.696463 1967.425397 1963.619914 1962.145100 1977.766555 1992.397531 2007.379403 2014.979652 -9999.0 -9999.0
-9999.0 1493.653221 1565.770944 1690.798941 1771.139207 1814.654968 1840.053500 1858.608047 1889.504174 1921.922600 2022.798588 2100.103951 2190.209566 2229.708486 2278.545735 2376.383046 2475.882844 2528.031711 2571.064963 2634.562307 2702.266591 2758.620765 2790.465819 2791.254215 2828.687551 2850.136350 2857.764690 2865.313285 2864.645601 2855.924531 2846.273225 2850.304990 2843.972446 2822.577169 2805.714053 2803.984045 2801.749310 2781.548206 2755.967476 2743.998760 2748.078503 2775.475586 2762.096187 2741.270071 2737.295008 2758.606510 2780.168577 2769.949954 2754.392297 2771.285741 2803.843093 2826.791388 2835.259351 2853.442495 2872.987931 2844.143659 2817.913321 2775.736130 2753.888133 2722.661011 2660.301693 2597.103228 2537.605371 2469.844119 2400.065191 2332.543222 2269.172918 2207.333618 2141.688998 2098.808858 2065.432378 2013.769196 1992.456611 1993.676443 1984.723481 1981.357939 1986.814933 1992.872266 -9999.0 -9999.0
-9999.0 1406.851118 1548.014891 1730.289772 1877.792426 1931.855337 2021.464283 2096.158335 2123.359271 2089.890765 2200.111504 2424.579882 2541.983968 2563.098030 2637.526865 2732.617994 2741.138024 2776.286821 2801.634682 2821.028383 2838.321241 2854.697981 2856.574187 2853.642317 2840.511653 2834.512820 2834.607516 2832.643371 2814.308861 2792.460624 2771.660368 2763.448333 2736.985138 2684.417520 2646.922804 2628.195399 2612.681911 2599.156852 2573.939854 2550.693854 2535.486069 2551.152648 2548.299273 2531.396223 2527.216674 2548.809027 2578.216780 2574.147451 2583.717603 2602.702649 2640.722187 2682.210027 2708.652967 2742.013022 2781.830389 2828.334575 2843.265429 2867.198163 2871.690300 2855.420564 2808.927131 2752.273030 2715.438708 2649.105986 2574.582394 2491.781819 2425.489857 2363.053021 2292.825300 2243.143101 2190.296532 2126.854437 2071.601745 2051.272099 2012.310456 1994.084157 -9999.0 -9999.0 -9999.0 -9999.0
-9999.0 1318.579356 1503.127357 1753.854652 2037.886491 2136.176593 2344.574227 2475.758909 2532.366355 2607.405371 2555.185192 2735.538705 2786.905579 2785.611920 2791.046004 2793.979124 2807.947769 2809.721908 2806.656939 2798.784674 2793.204978 2792.727874 2794.475697 2789.363319 2779.229411 2765.886990 2751.197890 2737.181427 2695.871826 2657.105835 2614.046140 2594.520356 2547.501246 2445.824210 2398.410313 2358.615281 2300.784765 2300.162834 2302.190385 2277.372929 2260.336766 2237.051964 2262.591307 2270.980099 2273.921681 2272.384334 2285.107883 2310.700154 2355.993979 2391.710489 2436.021982 2491.646723 2534.036691 2581.363517 2627.692085 2686.066048 2724.363168 2759.386915 2812.212721 2852.240394 2876.518913 2864.323758 2839.513288 2791.711128 2718.728069 2654.122759 2607.038836 2536.199811 2469.737017 2409.894630 2351.105129 2284.529614 2210.593660 2136.503494 2095.965841 -9999.0 -9999.0 -9999.0 -9999.0 -9999.0
-9999.0 1121.835880 1387.669727 1666.584972 1965.489176 2301.422497 2455.190832 2575.728794 2650.807005 2633.116271 2656.647437 2681.664036 2731.337047 2742.086449 2718.813502 2703.581813 2684.341558 2680.215121 2691.778330 2665.979678 2638.659114 2627.874415 2630.156592 2620.960408 2599.612412 2585.041234 2575.106424 2552.660959 2498.599496 2439.825617 2350.521893 2313.468998 2231.533658 2178.376352 2133.651886 2083.356611 2034.722222 2037.151076 2059.099197 2048.358534 2028.130534 2010.882150 2039.021061 2058.906146 2071.521876 2057.635510 2064.889346 2098.902748 2146.542635 2189.255241 2238.052994 2293.891181 2342.260362 2391.148630 2424.040334 2477.018836 2533.714704 2585.710347 2662.396582 2745.796917 2789.060579 2826.763376 2860.120752 2879.044215 2830.201582 2787.619972 2742.122817 2685.967371 2612.540303 2560.384379 2518.507720 2442.235790 2368.549120 -9999.0 -9999.0 -9999.0 -9999.0 -9999.0 -9999.0 -9999.0
-9999.0 1000.935119 1209.320340 1423.402178 1693.681459 1928.742145 2135.114534 2239.213776 2321.228452 2379.728396 2432.732571 2478.365232 2515.176167 2539.915720 2517.153980 2467.951366 2430.536887 2429.635902 2420.904619 2397.202555 2368.831004 2355.681184 2354.353291 2349.598797 2327.826318 2315.816360 2306.233585 2282.576242 2249.424729 2190.549854 2110.289376 2034.507875 1974.382316 1945.142041 1916.367375 1884.993759 1852.851426 1864.605948 1877.866554 1876.853291 1868.657963 1867.328759 1896.585349 1915.822315 1925.588194 1913.997413 1932.410927 1957.286438 1996.893196 2038.924600 2087.000035 2141.359051 2195.166795 2223.909723 2237.216541 2262.524834 2304.190977 2360.660825 2449.966474 2551.541844 2635.252764 2689.101583 2746.143184 2789.000209 2810.741108 2827.819557 2815.512659 2750.023972 2660.536929 2646.527361 2633.822598 -9999.0 -9999.0 -9999.0 -9999.0 -9999.0 -9999.0 -9999.0 -9999.0 -9999.0
-9999.0 -9999.0 978.766975 1146.120456 1267.861672 1440.166365 1586.756641 1696.135691 1791.957217 1920.560769 2037.958590 2131.380634 2179.321201 2197.214215 2182.182798 2147.994071 2123.562215 2119.701890 2106.847314 2096.698630 2078.641366 2072.036196 2061.100013 2053.994467 2046.891132 2043.588993 2039.284219 2028.504495 2006.887832 1959.962248 1913.629842 1863.457945 1811.449295 1786.269235 1764.850567 1744.489865 1745.022246 1741.071641 1747.080253 1749.641850 1757.896168 1771.291786 1791.254394 1813.537932 1823.204271 1832.327857 1844.068249 1866.836361 1898.674290 1940.053254 1993.312008 2050.849594 2090.616138 2103.189232 2093.230243 2097.966812 2117.544358 2159.449428 2238.781421 2323.721799 2423.657620 2501.139801 2581.684855 2642.302037 2669.538366 2699.504097 2733.793403 2700.745157 2587.269936 2613.515599 -9999.0 -9999.0 -9999.0 -9999.0 -9999.0 -9999.0 -9999.0 -9999.0 -9999.0 -9999.0
-9999.0 -9999.0 -9999.0 -9999.0 1004.547854 1155.987703 1252.650719 1334.516186 1465.763402 1591.229625 1695.918504 1782.893368 1848.461599 1875.361736 1872.033396 1879.059119 1873.115819 1863.928645 1852.524495 1852.699595 1853.402915 1846.761944 1832.467296 1826.200234 1828.701532 1835.006032 1832.884492 1819.375672 1801.065337 1780.429783 1761.763900 1728.167631 1693.124749 1664.239110 1651.301860 1646.432436 1646.492973 1639.593331 1648.543358 1656.724431 1672.429253 1687.775247 1711.474097 1740.582943 1754.523921 1769.120090 1778.324833 1798.012532 1827.755326 1880.457854 1943.384520 2001.011767 2037.095835 2041.448095 2017.085044 2001.553538 1997.407146 2024.617981 2068.000941 2133.384525 2235.266040 2311.493627 2372.289991 2423.993969 2468.222895 2533.949255 2613.801273 2664.278239 -9999.0 -9999.0 -9999.0 -9999.0 -9999.0 -9999.0 -9999.0 -9999.0 -9999.0 -9999.0 -9999.0 -9999.0
-9999.0 -9999.0 -9999.0 -9999.0 -9999.0 -9999.0 968.368284 1071.073685 1147.669984 1291.116589 1427.073054 1531.418764 1613.361391 1646.414800 1674.337470 1700.853203 1698.139672 1677.871107 1657.132774 1676.336873 1691.743884 1686.111620 1656.110290 1656.934064 1663.014324 1671.631828 1669.643264 1663.489270 1638.499581 1651.312170 1652.913127 1629.803009 1604.030254 1590.589632 1578.916748 1588.747230 1589.147554 1575.571010 1575.934281 1603.315416 1623.996568 1637.146867 1658.718355 1691.844586 1724.126411 1739.332817 1740.382759 1745.856280 1784.645638 1854.144670 1925.569025 1980.981518 2013.496655 2021.487284 1994.573715 1954.553012 1934.160510 1940.788787 1974.609820 2025.712252 2100.681081 2150.374977 2177.797346 2195.086053 2219.999239 2320.538100 -9999.0 -9999.0 -9999.0 -9999.0 -9999.0 -9999.0 -9999.0 -9999.0 -9999.0 -9999.0 -9999.0 -9999.0 -9999.0 -9999.0
-9999.0 -9999.0 -9999.0 -9999.0 -9999.0 -9999.0 -9999.0 -9999.0 -9999.0 -9999.0 -9999.0 -9999.0 -9999.0 -9999.0 -9999.0 -9999.0 -9999.0 -9999.0 -9999.0 -9999.0 -9999.0 -9999.0 -9999.0 -9999.0 -9999.0 -9999.0 -9999.0 -9999.0 -9999.0 -9999.0 -9999.0 -9999.0 -9999.0 -9999.0 -9999.0 -9999.0 -9999.0 -9999.0 -9999.0 -9999.0 -9999.0 -9999.0 -9999.0 -9999.0 -9999.0 -9999.0 -9999.0 -9999.0 -9999.0 -9999.0 -9999.0 -9999.0 -9999.0 -9999.0 -9999.0 -9999.0 -9999.0 -9999.0 -9999.0 -9999.0 -9999.0 -9999.0 -9999.0 -9999.0 -9999.0 -9999.0 -9999.0 -9999.0 -9999.0 -9999.0 -9999.0 -9999.0 -9999.0 -9999.0 -9999.0 -9999.0 -9999.0 -9999.0 -9999.0 -9999.0
-9999.0 -9999.0 -9999.0 -9999.0 -9999.0 -9999.0 -9999.0 -9999.0 -9999.0 -9999.0 -9999.0 -9999.0 -9999.0 -9999.0 -9999.0 -9999.0 -9999.0 -9999.0 -9999.0 -9999.0 -9999.0 -9999.0 -9999.0 -9999.0 -9999.0 -9999.0 -9999.0 -9999.0 -9999.0 -9999.0 -9999.0 -9999.0 -9999.0 -9999.0 -9999.0 -9999.0 -9999.0 -9999.0 -9999.0 -9999.0 -9999.0 -9999.0 -9999.0 -9999.0 -9999.0 -9999.0 -9999.0 -9999.0 -9999.0 -9999.0 -9999.0 -9999.0 -9999.0 -9999.0 -9999.0 -9999.0 -9999.0 -9999.0 -9999.0 -9999.0 -9999.0 -9999.0 -9999.0 -9999.0 -9999.0 -9999.0 -9999.0 -9999.0 -9999.0 -9999.0 -9999.0 -9999.0 -9999.0 -9999.0 -9999.0 -9999.0 -9999.0 -9999.0 -9999.0 -9999.0