Borden_/Borden1m_014/output_maps/psiliqL0000N0031.asc
ncols         80
nrows         18
xllcorner     620200.000000
yllcorner     5168000.000000
cellsize      1.000000
NODATA_value  -9999.0
-9999.0 -9999.0 -9999.0 -9999.0 -9999.0 -9999.0 -9999.0 -9999.0 -9999.0 -9999.0 -9999.0 -9999.0 -9999.0 -9999.0 -9999.0 -9999.0 -9999.0 -9999.0 -9999.0 -9999.0 -9999.0 -9999.0 -9999.0 -9999.0 -9999.0 -9999.0 -9999.0 -9999.0 -9999.0 -9999.0 -9999.0 -9999.0 -9999.0 -9999.0 -9999.0 -9999.0 -9999.0 -9999.0 -9999.0 -9999.0 -9999.0 -9999.0 -9999.0 -9999.0 -9999.0 -9999.0 -9999.0 -9999.0 -9999.0 -9999.0 -9999.0 -9999.0 -9999.0 -9999.0 -9999.0 -9999.0 -9999.0 -9999.0 -9999.0 -9999.0 -9999.0 -9999.0 -9999.0 -9999.0 -9999.0 -9999.0 -9999.0 -9999.0 -9999.0 -9999.0 -9999.0 -9999.0 -9999.0 -9999.0 -9999.0 -9999.0 -9999.0 -9999.0 -9999.0 -9999.0
-9999.0 -9999.0 -9999.0 -9999.0 -9999.0 -9999.0 -9999.0 -9999.0 -9999.0 -9999.0 -9999.0 -9999.0 -9999.0 -9999.0 -9999.0 -9999.0 -9999.0 -9999.0 -9999.0 -9999.0 -9999.0 -9999.0 -9999.0 -9999.0 -9999.0 -9999.0 -9999.0 -9999.0 -9999.0 -9999.0 -9999.0 -9999.0 -9999.0 -9999.0 -9999.0 -9999.0 -9999.0 -9999.0 -9999.0 -9999.0 -9999.0 -9999.0 -9999.0 -9999.0 -9999.0 -9999.0 -9999.0 -9999.0 -9999.0 -9999.0 -9999.0 -9999.0 -9999.0 -9999.0 -9999.0 -9999.0 -9999.0 -9999.0 -9999.0 -9999.0 -9999.0 -9999.0 -9999.0 -9999.0 -9999.0 -9999.0 -9999.0 -9999.0 -9999.0 -9999.0 -9999.0 -9999.0 -9999.0 -9999.0 -9999.0 -9999.0 -9999.0 -9999.0 -9999.0 -9999.0
-9999.0 -9999.0 -9999.0 -9999.0 -9999.0 -9999.0 -9999.0 -9999.0 -9999.0 -9999.0 -9999.0 -9999.0 -9999.0 -9999.0 -9999.0 -9999.0 -9999.0 -9999.0 -9999.0 -9999.0 -605.038549 -604.139808 -606.104657 -608.320251 -610.169587 -610.395251 -608.310168 -605.882591 -603.075676 -602.470842 -604.720560 -604.202962 -605.091820 -605.543374 -605.553797 -604.945604 -604.676849 -603.751817 -603.153787 -603.398067 -604.079209 -604.578010 -605.054806 -604.887199 -604.126860 -605.129446 -603.600498 -602.062083 -601.490772 -601.539598 -603.678310 -604.584442 -604.906279 -606.631220 -603.497715 -602.534130 -600.140365 -599.891493 -599.461156 -602.159195 -604.780675 -9999.0 -9999.0 -9999.0 -9999.0 -9999.0 -9999.0 -9999.0 -9999.0 -9999.0 -9999.0 -9999.0 -9999.0 -9999.0 -9999.0 -9999.0 -9999.0 -9999.0 -9999.0 -9999.0
-9999.0 -9999.0 -9999.0 -9999.0 -9999.0 -9999.0 -9999.0 -9999.0 -9999.0 -9999.0 -9999.0 -9999.0 -9999.0 -9999.0 -608.684044 -609.727850 -610.208597 -610.492380 -608.625991 -607.153195 -607.068951 -608.153283 -607.288211 -609.383200 -611.205266 -610.081079 -608.476381 -607.122081 -604.878074 -603.119768 -604.725722 -605.118328 -604.223790 -601.073353 -599.612275 -600.246202 -603.860453 -600.500963 -598.704634 -597.504848 -597.649509 -599.296053 -596.916861 -594.152320 -595.540626 -598.450102 -597.920405 -596.322043 -593.592195 -595.123346 -604.098755 -605.120239 -604.685170 -604.546403 -605.721615 -606.581358 -603.423662 -603.839616 -604.380782 -604.991327 -606.864022 -609.833155 -611.133374 -608.085216 -605.270721 -599.430276 -9999.0 -9999.0 -9999.0 -9999.0 -9999.0 -9999.0 -9999.0 -9999.0 -9999.0 -9999.0 -9999.0 -9999.0 -9999.0 -9999.0
-9999.0 -9999.0 -9999.0 -9999.0 -9999.0 -9999.0 -9999.0 -9999.0 -9999.0 -610.394632 -610.696275 -610.414083 -611.093311 -610.195251 -611.675592 -611.328293 -611.558887 -610.306115 -609.248718 -607.426068 -604.988784 -606.767346 -606.985781 -605.649728 -605.368575 -604.807098 -603.685298 -599.547958 -594.595619 -586.770712 -593.265977 -593.526630 -589.935798 -576.217731 -562.693021 -558.005348 -565.614791 -565.745252 -556.534204 -544.372422 -543.672400 -544.698521 -530.400994 -520.808442 -513.767715 -528.527195 -542.518094 -544.676328 -527.821336 -555.822666 -576.325962 -591.364257 -590.600366 -595.652151 -601.039788 -603.062435 -603.787264 -600.079957 -601.540631 -604.961484 -607.705300 -606.879170 -608.375571 -606.935921 -605.868557 -601.440525 -597.359586 -593.325440 -593.115654 -595.689775 -9999.0 -9999.0 -9999.0 -9999.0 -9999.0 -9999.0 -9999.0 -9999.0 -9999.0 -9999.0
-9999.0 -9999.0 -9999.0 -9999.0 -9999.0 -9999.0 -612.199285 -612.336814 -611.777089 -613.566096 -612.308898 -613.181468 -612.227207 -611.795290 -611.182832 -611.117829 -609.464746 -608.006118 -605.482773 -602.055992 -598.812891 -600.409956 -599.535069 -594.717482 -584.945772 -575.406475 -569.167674 -557.147707 -507.261589 -451.227828 -426.932121 -415.178270 -401.575903 -372.482048 -318.118992 -287.456007 -321.204719 -339.939237 -323.344644 -279.881250 -192.155005 -191.487612 -186.173143 -179.467916 -153.382263 -157.580225 -273.414269 -304.701485 -314.931520 -324.343350 -365.056851 -407.545036 -467.969008 -523.003932 -563.301189 -580.479823 -583.484994 -580.999188 -587.707842 -596.160684 -601.082832 -601.170336 -602.132536 -603.895691 -603.140782 -601.354010 -598.529354 -596.760505 -598.127064 -599.982588 -601.404491 -604.305068 -603.861316 -601.044903 -9999.0 -9999.0 -9999.0 -9999.0 -9999.0 -9999.0
-9999.0 -9999.0 -9999.0 -9999.0 -614.989141 -614.165167 -616.619775 -615.249085 -614.166710 -613.349136 -613.306607 -611.785316 -611.340192 -610.243335 -607.858766 -605.871833 -602.408233 -599.738784 -592.193166 -575.568075 -557.687395 -545.121761 -535.868597 -469.023429 -398.918053 -361.490940 -347.404141 -323.241801 -274.270637 -146.651151 -119.976374 -116.100428 -94.976990 -73.608428 -33.132765 -5.778569 -19.711622 -24.308337 -23.974517 -16.350884 6.508531 7.149505 7.732439 7.817760 9.700795 11.655280 -6.828054 -36.748117 -88.378240 -54.540638 -71.330592 -131.573275 -241.986323 -281.239899 -306.427245 -345.311462 -397.782552 -422.717784 -497.264854 -542.260354 -570.309742 -579.064156 -587.040469 -591.074719 -596.181876 -595.392495 -594.104043 -596.662294 -599.902177 -602.931036 -603.341051 -604.646555 -606.051313 -602.465683 -601.151649 -597.136342 -9999.0 -9999.0 -9999.0 -9999.0
-9999.0 -9999.0 -615.130286 -615.020593 -612.767912 -614.141252 -614.899841 -616.074106 -615.586107 -613.392125 -609.049440 -607.040893 -603.922998 -602.259041 -594.950321 -575.318070 -547.748380 -518.225183 -443.224726 -386.074502 -338.691270 -296.706380 -208.348544 -186.374866 -122.629764 -116.731720 -54.589001 -73.594800 -13.431143 11.777611 36.986254 50.546942 56.698086 50.383735 49.893003 47.553261 46.495632 42.381475 26.589102 24.228834 31.439352 33.171828 36.563010 24.602114 20.904868 33.117288 35.053935 35.964001 38.013650 46.562601 56.005005 29.053826 -23.657929 -70.888200 -35.459097 -114.909866 -134.623845 -236.583947 -266.837952 -307.187573 -375.001276 -412.024574 -474.522143 -532.735371 -561.966130 -573.736723 -584.702419 -591.217264 -596.964359 -602.065425 -603.627314 -604.572116 -603.914427 -604.391330 -602.475816 -600.989607 -598.799925 -597.955265 -9999.0 -9999.0
-9999.0 -615.713578 -616.445511 -612.377106 -611.656573 -610.748582 -609.366299 -608.185757 -607.060829 -608.718045 -596.685872 -570.636657 -539.016084 -522.864342 -457.126142 -362.779016 -201.029615 -189.235894 -142.822834 -144.002881 -101.836943 -20.672007 2.981635 34.957879 56.602906 51.542011 49.610961 47.264471 39.567139 32.292791 22.317279 30.364555 28.255327 15.219198 2.618493 2.084295 0.195536 -22.525514 -48.673456 -59.855976 -54.540812 -33.906460 -43.380341 -63.904210 -67.575334 -48.271513 -32.840429 -41.566062 -88.770122 -38.497376 -7.596399 7.631371 23.750997 38.203580 56.749343 36.033759 3.663500 -30.977146 -44.861932 -67.836575 -180.366849 -245.337711 -298.401636 -359.123623 -407.259411 -480.712109 -542.526128 -567.793872 -584.322938 -590.230831 -593.843037 -600.923510 -602.791557 -601.381719 -602.318909 -602.429519 -601.563675 -600.883905 -9999.0 -9999.0
-9999.0 -619.219683 -615.557322 -611.149514 -605.471451 -604.343813 -583.522811 -561.863898 -552.658428 -564.606690 -490.976975 -194.663179 -134.336125 -134.954637 -84.696757 -17.975471 22.503233 43.718839 55.395272 47.970709 41.115467 43.125278 37.957535 29.954314 16.246343 10.634461 8.777808 8.179962 -8.367067 -24.544967 -72.277445 -39.957844 -89.343124 -85.889716 -117.692590 -131.729980 -172.050090 -224.025539 -265.129585 -293.203179 -306.004093 -285.784667 -296.900433 -315.676924 -319.309641 -295.239693 -261.663259 -268.381006 -263.495975 -240.390134 -194.719632 -103.728197 -84.534552 -92.068126 -27.228617 8.173164 26.283369 45.467860 51.281628 28.097510 -9.083378 -52.405203 -79.289970 -194.122032 -268.977503 -345.415026 -391.286580 -425.503761 -501.614904 -541.756235 -564.528845 -581.229152 -592.392351 -594.975240 -600.105968 -601.026746 -9999.0 -9999.0 -9999.0 -9999.0
-9999.0 -619.080538 -615.392760 -606.839676 -584.851557 -545.457807 -401.061783 -274.456488 -98.125549 -150.500140 -24.834445 43.982995 50.246250 34.345301 7.752822 3.929772 13.045630 15.169445 11.729320 2.389405 -11.692122 -10.215133 -11.310590 -19.250516 -31.006409 -45.201694 -55.841463 -65.509792 -158.036171 -195.453687 -223.088349 -238.990711 -271.931024 -352.102467 -381.541255 -400.514956 -460.230886 -478.372847 -496.123139 -525.202881 -537.111756 -543.957926 -534.697048 -537.131020 -537.970985 -531.763432 -514.159150 -497.431544 -444.781206 -408.179253 -379.746324 -335.012621 -302.265445 -258.447450 -205.452084 -97.272750 -70.721525 -44.719808 -6.679480 28.718461 48.129492 41.487001 13.366361 -19.207445 -75.155670 -198.987374 -252.099868 -319.517429 -369.774248 -402.175828 -425.989390 -483.558079 -546.533098 -578.751595 -586.454792 -9999.0 -9999.0 -9999.0 -9999.0 -9999.0
-9999.0 -623.549177 -614.721664 -607.586919 -567.024191 -386.920544 -299.416800 -24.984000 25.058961 -42.532440 -155.107103 -67.986449 -34.923120 -36.002692 -60.852466 -71.191066 -75.121779 -75.974412 -63.351171 -94.966293 -176.881999 -195.416079 -197.531118 -209.673088 -232.433664 -251.537113 -266.148813 -287.454793 -339.601887 -376.458905 -423.220649 -455.504844 -530.287417 -563.146404 -576.667073 -587.411526 -596.855063 -596.723425 -593.900450 -596.528478 -599.257793 -602.062084 -598.713513 -597.162911 -595.658323 -597.474513 -596.895319 -592.065051 -583.554720 -573.612272 -556.481843 -525.482621 -475.423278 -411.945167 -387.768643 -342.851620 -298.579538 -250.426700 -174.925627 -51.040275 -25.359725 3.490341 39.452201 56.948509 20.508436 -14.531826 -69.060112 -193.253017 -291.601541 -330.230095 -346.307513 -368.053460 -403.316307 -9999.0 -9999.0 -9999.0 -9999.0 -9999.0 -9999.0 -9999.0
-9999.0 -626.586691 -616.848058 -614.694723 -601.934033 -571.360353 -496.244022 -382.555396 -208.739082 -339.902715 -354.660045 -332.092664 -304.238902 -283.393474 -306.319116 -337.292189 -357.441843 -354.038960 -352.544227 -371.318972 -393.231070 -402.129916 -402.706310 -410.419349 -443.768705 -468.420461 -483.710388 -509.327944 -538.135354 -561.970811 -585.659912 -595.783749 -602.549311 -604.955746 -606.663757 -608.424342 -611.694582 -609.993134 -608.627347 -609.015470 -610.078560 -610.878101 -608.505318 -607.669448 -606.905158 -609.092316 -607.570486 -606.127361 -602.879632 -599.454901 -594.387417 -586.524914 -575.615223 -566.634410 -559.316067 -543.618338 -509.108217 -430.280458 -366.935638 -274.758794 -200.767110 -105.354179 -90.656130 -22.015942 -3.980951 3.678343 13.018316 -10.144659 -264.237338 -295.875598 -298.897630 -9999.0 -9999.0 -9999.0 -9999.0 -9999.0 -9999.0 -9999.0 -9999.0 -9999.0
-9999.0 -9999.0 -628.241013 -624.006229 -619.945725 -616.031248 -610.573988 -603.267649 -597.554417 -589.738385 -576.822508 -559.999093 -546.908466 -539.909899 -549.142697 -565.012252 -573.105553 -572.558311 -574.591375 -578.632238 -585.375017 -587.793161 -589.352686 -590.610788 -593.334707 -594.496119 -594.990609 -596.001187 -598.169147 -602.750163 -606.720628 -609.354636 -612.181918 -612.133773 -612.617648 -613.615164 -612.934825 -613.099731 -612.832647 -612.986440 -612.812982 -612.402055 -611.850919 -611.123229 -611.082965 -610.904228 -610.614337 -609.767841 -608.453170 -606.709021 -603.282186 -598.106370 -593.946100 -592.862329 -594.941310 -594.163926 -590.947318 -582.880574 -553.012655 -472.191136 -389.767014 -328.709946 -258.301519 -210.306804 -188.538158 -113.908971 -53.872852 -202.187285 -344.102181 -331.768823 -9999.0 -9999.0 -9999.0 -9999.0 -9999.0 -9999.0 -9999.0 -9999.0 -9999.0 -9999.0
-9999.0 -9999.0 -9999.0 -9999.0 -629.427897 -623.934122 -618.998038 -619.391865 -615.845146 -613.755224 -611.669031 -609.059242 -606.920326 -605.438402 -607.412665 -608.065931 -608.526976 -608.207430 -608.585228 -609.169024 -609.510371 -609.832093 -610.084287 -610.524794 -610.412415 -610.062040 -609.966988 -610.695747 -610.713319 -612.206445 -612.520484 -613.374166 -614.202020 -615.108459 -614.958304 -615.103945 -614.729721 -615.126427 -614.491750 -614.893625 -614.428236 -614.206647 -613.610100 -612.657483 -613.028640 -612.474065 -612.427226 -611.660817 -611.324768 -609.268262 -605.861976 -601.794244 -598.933227 -599.029200 -602.610856 -604.055148 -604.814083 -602.474792 -598.258201 -588.758150 -560.877242 -516.214328 -428.272999 -390.117192 -365.356752 -322.827504 -281.892893 -272.916747 -9999.0 -9999.0 -9999.0 -9999.0 -9999.0 -9999.0 -9999.0 -9999.0 -9999.0 -9999.0 -9999.0 -9999.0
-9999.0 -9999.0 -9999.0 -9999.0 -9999.0 -9999.0 -627.394997 -624.808980 -625.358456 -623.631471 -622.133684 -620.845351 -618.715868 -619.110292 -618.638615 -616.959903 -617.266150 -618.069664 -619.065237 -617.571790 -616.998913 -616.828484 -618.488387 -618.048046 -617.917325 -617.255492 -617.323029 -617.056229 -618.535004 -616.922391 -616.178581 -616.533668 -616.878038 -616.595691 -616.984169 -615.913806 -615.788370 -616.644255 -616.866196 -615.642204 -615.301761 -615.472414 -615.206048 -614.337203 -613.069278 -612.886163 -613.451555 -614.219680 -612.843968 -609.734402 -606.138359 -602.839165 -600.611100 -599.856871 -602.871362 -606.795733 -608.700588 -608.893717 -607.196804 -603.889394 -595.769241 -589.571960 -583.885233 -576.293305 -566.874810 -508.550777 -9999.0 -9999.0 -9999.0 -9999.0 -9999.0 -9999.0 -9999.0 -9999.0 -9999.0 -9999.0 -9999.0 -9999.0 -9999.0 -9999.0
-9999.0 -9999.0 -9999.0 -9999.0 -9999.0 -9999.0 -9999.0 -9999.0 -9999.0 -9999.0 -9999.0 -9999.0 -9999.0 -9999.0 -9999.0 -9999.0 -9999.0 -9999.0 -9999.0 -9999.0 -9999.0 -9999.0 -9999.0 -9999.0 -9999.0 -9999.0 -9999.0 -9999.0 -9999.0 -9999.0 -9999.0 -9999.0 -9999.0 -9999.0 -9999.0 -9999.0 -9999.0 -9999.0 -9999.0 -9999.0 -9999.0 -9999.0 -9999.0 -9999.0 -9999.0 -9999.0 -9999.0 -9999.0 -9999.0 -9999.0 -9999.0 -9999.0 -9999.0 -9999.0 -9999.0 -9999.0 -9999.0 -9999.0 -9999.0 -9999.0 -9999.0 -9999.0 -9999.0 -9999.0 -9999.0 -9999.0 -9999.0 -9999.0 -9999.0 -9999.0 -9999.0 -9999.0 -9999.0 -9999.0 -9999.0 -9999.0 -9999.0 -9999.0 -9999.0 -9999.0
-9999.0 -9999.0 -9999.0 -9999.0 -9999.0 -9999.0 -9999.0 -9999.0 -9999.0 -9999.0 -9999.0 -9999.0 -9999.0 -9999.0 -9999.0 -9999.0 -9999.0 -9999.0 -9999.0 -9999.0 -9999.0 -9999.0 -9999.0 -9999.0 -9999.0 -9999.0 -9999.0 -9999.0 -9999.0 -9999.0 -9999.0 -9999.0 -9999.0 -9999.0 -9999.0 -9999.0 -9999.0 -9999.0 -9999.0 -9999.0 -9999.0 -9999.0 -9999.0 -9999.0 -9999.0 -9999.0 -9999.0 -9999.0 -9999.0 -9999.0 -9999.0 -9999.0 -9999.0 -9999.0 -9999.0 -9999.0 -9999.0 -9999.0 -9999.0 -9999.0 -9999.0 -9999.0 -9999.0 -9999.0 -9999.0 -9999.0 -9999.0 -9999.0 -9999.0 -9999.0 -9999.0 -9999.0 -9999.0 -9999.0 -9999.0 -9999.0 -9999.0 -9999.0 -9999.0 -9999.0