Borden_/Borden1m_014/output_maps/psiliqL0020N0019.asc
ncols         80
nrows         18
xllcorner     620200.000000
yllcorner     5168000.000000
cellsize      1.000000
NODATA_value  -9999.0
-9999.0 -9999.0 -9999.0 -9999.0 -9999.0 -9999.0 -9999.0 -9999.0 -9999.0 -9999.0 -9999.0 -9999.0 -9999.0 -9999.0 -9999.0 -9999.0 -9999.0 -9999.0 -9999.0 -9999.0 -9999.0 -9999.0 -9999.0 -9999.0 -9999.0 -9999.0 -9999.0 -9999.0 -9999.0 -9999.0 -9999.0 -9999.0 -9999.0 -9999.0 -9999.0 -9999.0 -9999.0 -9999.0 -9999.0 -9999.0 -9999.0 -9999.0 -9999.0 -9999.0 -9999.0 -9999.0 -9999.0 -9999.0 -9999.0 -9999.0 -9999.0 -9999.0 -9999.0 -9999.0 -9999.0 -9999.0 -9999.0 -9999.0 -9999.0 -9999.0 -9999.0 -9999.0 -9999.0 -9999.0 -9999.0 -9999.0 -9999.0 -9999.0 -9999.0 -9999.0 -9999.0 -9999.0 -9999.0 -9999.0 -9999.0 -9999.0 -9999.0 -9999.0 -9999.0 -9999.0
-9999.0 -9999.0 -9999.0 -9999.0 -9999.0 -9999.0 -9999.0 -9999.0 -9999.0 -9999.0 -9999.0 -9999.0 -9999.0 -9999.0 -9999.0 -9999.0 -9999.0 -9999.0 -9999.0 -9999.0 -9999.0 -9999.0 -9999.0 -9999.0 -9999.0 -9999.0 -9999.0 -9999.0 -9999.0 -9999.0 -9999.0 -9999.0 -9999.0 -9999.0 -9999.0 -9999.0 -9999.0 -9999.0 -9999.0 -9999.0 -9999.0 -9999.0 -9999.0 -9999.0 -9999.0 -9999.0 -9999.0 -9999.0 -9999.0 -9999.0 -9999.0 -9999.0 -9999.0 -9999.0 -9999.0 -9999.0 -9999.0 -9999.0 -9999.0 -9999.0 -9999.0 -9999.0 -9999.0 -9999.0 -9999.0 -9999.0 -9999.0 -9999.0 -9999.0 -9999.0 -9999.0 -9999.0 -9999.0 -9999.0 -9999.0 -9999.0 -9999.0 -9999.0 -9999.0 -9999.0
-9999.0 -9999.0 -9999.0 -9999.0 -9999.0 -9999.0 -9999.0 -9999.0 -9999.0 -9999.0 -9999.0 -9999.0 -9999.0 -9999.0 -9999.0 -9999.0 -9999.0 -9999.0 -9999.0 -9999.0 2156.219756 2158.833395 2138.368155 2106.266529 2080.195395 2084.328305 2120.183202 2163.213942 2204.145876 2215.275901 2199.313093 2204.790969 2202.195572 2200.568463 2202.887716 2210.980398 2217.167904 2227.753695 2235.660152 2234.655567 2228.392101 2223.760377 2225.452704 2227.821960 2233.505967 2220.484003 2234.904718 2249.725233 2253.549421 2248.204490 2221.204942 2205.264226 2194.045943 2175.658547 2198.482660 2207.723593 2227.865857 2229.683769 2225.770712 2197.592335 2166.707771 -9999.0 -9999.0 -9999.0 -9999.0 -9999.0 -9999.0 -9999.0 -9999.0 -9999.0 -9999.0 -9999.0 -9999.0 -9999.0 -9999.0 -9999.0 -9999.0 -9999.0 -9999.0 -9999.0
-9999.0 -9999.0 -9999.0 -9999.0 -9999.0 -9999.0 -9999.0 -9999.0 -9999.0 -9999.0 -9999.0 -9999.0 -9999.0 -9999.0 2060.565244 2052.601699 2051.565400 2061.397324 2096.297261 2127.955069 2140.183835 2134.102802 2135.791954 2113.735386 2094.313701 2109.924237 2141.706888 2174.731039 2210.913843 2232.308468 2223.969688 2224.180113 2234.599524 2258.694884 2269.960820 2267.336533 2248.968849 2273.251151 2287.883546 2294.539309 2293.688102 2284.956512 2295.718723 2310.454689 2303.328118 2286.953221 2294.857183 2307.697855 2318.161830 2305.977993 2243.231493 2225.267994 2218.520499 2210.206489 2193.985880 2186.622245 2211.036847 2207.980474 2197.787172 2178.353916 2144.099282 2098.879178 2078.634874 2116.367233 2158.215576 2213.188820 -9999.0 -9999.0 -9999.0 -9999.0 -9999.0 -9999.0 -9999.0 -9999.0 -9999.0 -9999.0 -9999.0 -9999.0 -9999.0 -9999.0
-9999.0 -9999.0 -9999.0 -9999.0 -9999.0 -9999.0 -9999.0 -9999.0 -9999.0 1998.414679 2004.563871 2013.158660 2017.357039 2034.494429 2032.858353 2041.682297 2049.390305 2078.832392 2111.309567 2147.576732 2176.971414 2170.147518 2171.845869 2181.274613 2182.939282 2195.497300 2219.024475 2260.492081 2297.827593 2338.869943 2311.296582 2310.923342 2331.722896 2377.208537 2405.502419 2409.860013 2391.548159 2404.325354 2428.473321 2447.299835 2445.644906 2441.736316 2466.133488 2480.448406 2477.669099 2456.872662 2450.985444 2454.673958 2481.255176 2429.564642 2362.326347 2315.771897 2322.388602 2294.153212 2259.777692 2241.207168 2237.538433 2255.154079 2238.686269 2200.232106 2163.558710 2150.202536 2130.731868 2147.304766 2167.634722 2211.388278 2248.835002 2275.656230 2273.008364 2254.172727 -9999.0 -9999.0 -9999.0 -9999.0 -9999.0 -9999.0 -9999.0 -9999.0 -9999.0 -9999.0
-9999.0 -9999.0 -9999.0 -9999.0 -9999.0 -9999.0 1917.745815 1928.881285 1950.824177 1955.615730 1983.065312 1991.187160 2013.150148 2033.762612 2057.769936 2075.020664 2105.337736 2139.620315 2180.672911 2223.819977 2256.831745 2250.980993 2262.420507 2290.016405 2326.238261 2353.266640 2379.796607 2421.057893 2497.744976 2540.578493 2544.522113 2551.001273 2562.771635 2613.632721 2677.603938 2688.448795 2667.521636 2653.360789 2674.881428 2711.500441 2713.804450 2714.649388 2729.110602 2739.756197 2765.843575 2754.979296 2714.741194 2704.668276 2708.177113 2688.244105 2622.124114 2559.209633 2528.606757 2475.534174 2391.446755 2340.554995 2352.728446 2372.009287 2342.714021 2288.128831 2247.798866 2236.561828 2220.057469 2206.522806 2212.684410 2230.392506 2250.194032 2259.441371 2244.021887 2220.585109 2196.521380 2166.061424 2166.422292 2190.177134 -9999.0 -9999.0 -9999.0 -9999.0 -9999.0 -9999.0
-9999.0 -9999.0 -9999.0 -9999.0 1866.120085 1880.281409 1868.337587 1895.775657 1930.085167 1965.970798 1997.798919 2034.721421 2062.882953 2094.567288 2134.490744 2166.055443 2206.503549 2242.697776 2297.970592 2366.743356 2418.001676 2439.760059 2455.295084 2514.460570 2577.762524 2631.146850 2653.790974 2682.747858 2730.829686 2792.663026 2821.035856 2828.921333 2848.367311 2888.574455 2940.443593 2844.256756 2826.763123 2818.824078 2826.818575 2839.273459 2861.436449 2861.671245 2862.804031 2865.951989 2872.181282 2871.440223 2847.148957 2815.758130 2928.224537 2918.153761 2883.598644 2811.002250 2772.226857 2738.854372 2697.837013 2642.878087 2584.280166 2572.846698 2512.626733 2452.361542 2392.749751 2373.794993 2343.702250 2318.336149 2290.894307 2292.921607 2295.475195 2273.009290 2237.597712 2202.933098 2185.887123 2164.973904 2151.371661 2179.774175 2195.449733 2223.955673 -9999.0 -9999.0 -9999.0 -9999.0
-9999.0 -9999.0 1804.272553 1852.437144 1911.225707 1920.909910 1920.375685 1927.416434 1957.643362 2011.256702 2083.415892 2129.993696 2169.057612 2205.310017 2265.843835 2340.309835 2410.187184 2459.413592 2525.489829 2600.440241 2664.860438 2696.601806 2713.210463 2757.803113 2816.425833 2884.644176 2914.126430 2942.216939 2839.895782 2872.392256 2873.532951 2885.754686 2896.348817 2904.508668 2915.186295 2919.008789 2914.997849 2910.612660 2893.639402 2889.244396 2895.853917 2901.266305 2902.524540 2888.553592 2884.725412 2899.194980 2903.448589 2902.265435 2902.969784 2907.688271 2906.887404 2863.312164 2836.263004 2822.935444 2942.297081 2895.470726 2827.803365 2787.573875 2762.979755 2714.763812 2636.240467 2587.599027 2537.427906 2491.085738 2438.997382 2410.954454 2365.155214 2322.087879 2273.733265 2225.066294 2199.083606 2179.212829 2174.404208 2171.395086 2185.630596 2198.760526 2212.472717 2219.395007 -9999.0 -9999.0
-9999.0 1697.140745 1769.549173 1894.994794 1976.259227 2020.365084 2044.521166 2061.476032 2092.189533 2125.209061 2224.073197 2297.412597 2387.568687 2429.826693 2481.155148 2580.261117 2679.016748 2732.119394 2776.916334 2841.621700 2907.787884 2826.886836 2851.883117 2846.341721 2882.402639 2903.503734 2909.082060 2914.182240 2911.005612 2902.674817 2894.991414 2901.681034 2899.853761 2881.227205 2865.622980 2863.749577 2860.168837 2838.538584 2938.919496 2921.695209 2922.301813 2824.039167 2933.362697 2912.395143 2908.974852 2931.663874 2826.968065 2817.369670 2938.234267 2821.808254 2854.459253 2877.058029 2882.640690 2900.153815 2920.824544 2893.397524 2868.622287 2828.058283 2946.618916 2916.576228 2856.713303 2796.829898 2740.556198 2677.530505 2612.103607 2547.561378 2484.493608 2421.183925 2354.660700 2311.551715 2278.653594 2227.302402 2205.409411 2204.861649 2193.878271 2188.672926 2192.161209 2197.367643 -9999.0 -9999.0
-9999.0 1609.059958 1750.458189 1933.266159 2082.010289 2136.155402 2222.858093 2295.122668 2320.692708 2283.861846 2392.217822 2613.939209 2733.550084 2757.371628 2836.301752 2817.894655 2816.624222 2846.773919 2868.529295 2885.814676 2899.883110 2910.481499 2908.345971 2902.646333 2887.253972 2879.714498 2880.236183 2878.293541 2861.414478 2842.641874 2825.606492 2823.351083 2938.298284 2889.247861 2853.656600 2833.013561 2811.397459 2790.390588 2758.365160 2729.208268 2709.788256 2722.413767 2719.892552 2703.230015 2699.886991 2723.521664 2755.730354 2756.654046 2772.834562 2796.967125 2838.348125 2880.338086 2904.835100 2937.384168 2833.402461 2877.270038 2889.078953 2911.072567 2914.890071 2900.481985 2857.524796 2947.788661 2912.187238 2848.187305 2776.943489 2696.942049 2632.402968 2569.824447 2499.322510 2451.997004 2402.247556 2341.357338 2286.967511 2264.905724 2223.336903 2202.924108 -9999.0 -9999.0 -9999.0 -9999.0
-9999.0 1518.890845 1703.321485 1953.693228 2241.743579 2338.600830 2547.942445 2678.082229 2732.344379 2804.979911 2740.780294 2824.770353 2865.670186 2859.034425 2865.344329 2866.832124 2880.546973 2881.279993 2876.757318 2866.591319 2857.893115 2853.944508 2852.696219 2844.969233 2832.707625 2819.503808 2940.913880 2926.214010 2886.348551 2851.101296 2810.352198 2792.781401 2749.157510 2652.446088 2608.920085 2568.288408 2505.520118 2499.326270 2496.268551 2466.529041 2446.692011 2420.772888 2446.385413 2455.789735 2460.002474 2459.778047 2475.233132 2506.362453 2557.581584 2597.976096 2644.044503 2698.236632 2737.779008 2783.621498 2829.135851 2886.358665 2922.258793 2955.856446 2860.059385 2895.988819 2917.426355 2906.470031 2884.737939 2843.512672 2912.709189 2847.866498 2799.570710 2726.982353 2662.434332 2608.522753 2557.074641 2499.093569 2428.484059 2352.350318 2309.220416 -9999.0 -9999.0 -9999.0 -9999.0 -9999.0
-9999.0 1318.378927 1584.642106 1863.071342 2160.646718 2500.632384 2661.086190 2780.590376 2854.477658 2833.824645 2852.432926 2869.968440 2810.950264 2817.486070 2910.146140 2901.986139 2890.689970 2892.759224 2907.931193 2883.131036 2854.578341 2840.970246 2839.425874 2825.352779 2798.354309 2778.948420 2766.690298 2744.005387 2693.211025 2640.079058 2554.151560 2517.739475 2436.065157 2387.266450 2344.754117 2293.822511 2242.407134 2241.645757 2260.401010 2246.956314 2224.786826 2206.521032 2234.499971 2254.957230 2268.624351 2256.133845 2265.913430 2303.284882 2354.867618 2401.160979 2451.831318 2508.423511 2556.066231 2604.564823 2635.883404 2685.044119 2737.539297 2787.345649 2863.111077 2945.699787 2839.861309 2872.474016 2903.854149 2923.280471 2881.486500 2850.596914 2824.497119 2865.852974 2793.752942 2744.018074 2709.326413 2653.750126 2591.206458 -9999.0 -9999.0 -9999.0 -9999.0 -9999.0 -9999.0 -9999.0
-9999.0 1198.868885 1405.768571 1617.841012 1887.272505 2124.894989 2337.818219 2443.220005 2524.704075 2581.785338 2629.055749 2667.516240 2699.331524 2724.597086 2707.482916 2666.607494 2638.626438 2645.008892 2640.131334 2618.783346 2590.649218 2575.922139 2571.294173 2562.307331 2535.730304 2519.470771 2507.069028 2482.511622 2451.813624 2395.893065 2317.984000 2242.085242 2182.758927 2155.080936 2127.039057 2095.330803 2062.294722 2072.013003 2082.796013 2080.289802 2071.186591 2069.446760 2098.464885 2117.925914 2128.360491 2118.164506 2138.406245 2165.425687 2207.434184 2252.249165 2302.313203 2357.754364 2412.534972 2441.787421 2454.470813 2477.599182 2516.885210 2572.101696 2659.364571 2758.311956 2840.318127 2892.224932 2946.657197 2842.416777 2865.928133 2892.534603 2904.347660 2885.138362 2849.390833 2821.683626 2806.104704 -9999.0 -9999.0 -9999.0 -9999.0 -9999.0 -9999.0 -9999.0 -9999.0 -9999.0
-9999.0 -9999.0 1176.218817 1342.387664 1462.224293 1635.152212 1783.543200 1894.707895 1991.927010 2121.183798 2236.251467 2326.378685 2372.123303 2390.580520 2379.166608 2351.738256 2334.402827 2335.575555 2325.679310 2317.475953 2299.998211 2292.279027 2278.521545 2268.359178 2258.334149 2252.302832 2245.984917 2234.549395 2213.494276 2167.735651 2122.870184 2073.216153 2021.361679 1996.235376 1974.753913 1954.050826 1953.973728 1948.542751 1953.180238 1954.798228 1962.587235 1975.750398 1995.559118 2018.166075 2028.399899 2038.617122 2051.534093 2075.803150 2109.303275 2152.438396 2207.364444 2266.633936 2307.852458 2321.519000 2311.974840 2316.433619 2335.306912 2377.107493 2455.635067 2539.607111 2638.760745 2713.305197 2789.631028 2845.222890 2865.290237 2886.392958 2834.426624 2865.929472 2875.719077 2862.559762 -9999.0 -9999.0 -9999.0 -9999.0 -9999.0 -9999.0 -9999.0 -9999.0 -9999.0 -9999.0
-9999.0 -9999.0 -9999.0 -9999.0 1203.143840 1355.071781 1453.247304 1535.949881 1668.221616 1794.135043 1897.877357 1983.539005 2049.157748 2076.872513 2076.514312 2088.359789 2086.661755 2080.182548 2070.557618 2072.217891 2073.431634 2065.903797 2049.656547 2041.385356 2041.867068 2046.333693 2042.632733 2028.203903 2009.426721 1989.555549 1971.493992 1937.944143 1902.892494 1873.761459 1860.470382 1855.256738 1854.574419 1846.716002 1854.819268 1862.516455 1877.854672 1892.972280 1916.639312 1946.018438 1960.521900 1975.822702 1985.872405 2006.552999 2037.615537 2091.731743 2156.094617 2215.075489 2252.743611 2258.401311 2235.269993 2220.493322 2217.030396 2245.118247 2289.314941 2355.104015 2457.432613 2533.247681 2591.204065 2637.698642 2673.313626 2724.986565 2787.827755 2833.779310 -9999.0 -9999.0 -9999.0 -9999.0 -9999.0 -9999.0 -9999.0 -9999.0 -9999.0 -9999.0 -9999.0 -9999.0
-9999.0 -9999.0 -9999.0 -9999.0 -9999.0 -9999.0 1170.832758 1274.723525 1350.383249 1495.504033 1632.707034 1737.188410 1819.447889 1853.810366 1884.388941 1913.794836 1913.920878 1895.498154 1875.745691 1895.849531 1911.683157 1905.143120 1873.562219 1872.927580 1877.455538 1884.351277 1880.979375 1873.955341 1848.468964 1861.537605 1863.241490 1839.830091 1813.739081 1800.017733 1787.921671 1797.238616 1797.004949 1782.693856 1782.269166 1809.279988 1829.733240 1842.713083 1864.234027 1897.577357 1930.286858 1946.159044 1947.968009 1954.279252 1993.850122 2064.523315 2137.333113 2194.107333 2227.992204 2237.326700 2212.003263 2173.151041 2154.073077 2162.113911 2197.405442 2249.808899 2326.116173 2376.231411 2402.081941 2414.993944 2432.947149 2526.734118 -9999.0 -9999.0 -9999.0 -9999.0 -9999.0 -9999.0 -9999.0 -9999.0 -9999.0 -9999.0 -9999.0 -9999.0 -9999.0 -9999.0
-9999.0 -9999.0 -9999.0 -9999.0 -9999.0 -9999.0 -9999.0 -9999.0 -9999.0 -9999.0 -9999.0 -9999.0 -9999.0 -9999.0 -9999.0 -9999.0 -9999.0 -9999.0 -9999.0 -9999.0 -9999.0 -9999.0 -9999.0 -9999.0 -9999.0 -9999.0 -9999.0 -9999.0 -9999.0 -9999.0 -9999.0 -9999.0 -9999.0 -9999.0 -9999.0 -9999.0 -9999.0 -9999.0 -9999.0 -9999.0 -9999.0 -9999.0 -9999.0 -9999.0 -9999.0 -9999.0 -9999.0 -9999.0 -9999.0 -9999.0 -9999.0 -9999.0 -9999.0 -9999.0 -9999.0 -9999.0 -9999.0 -9999.0 -9999.0 -9999.0 -9999.0 -9999.0 -9999.0 -9999.0 -9999.0 -9999.0 -9999.0 -9999.0 -9999.0 -9999.0 -9999.0 -9999.0 -9999.0 -9999.0 -9999.0 -9999.0 -9999.0 -9999.0 -9999.0 -9999.0
-9999.0 -9999.0 -9999.0 -9999.0 -9999.0 -9999.0 -9999.0 -9999.0 -9999.0 -9999.0 -9999.0 -9999.0 -9999.0 -9999.0 -9999.0 -9999.0 -9999.0 -9999.0 -9999.0 -9999.0 -9999.0 -9999.0 -9999.0 -9999.0 -9999.0 -9999.0 -9999.0 -9999.0 -9999.0 -9999.0 -9999.0 -9999.0 -9999.0 -9999.0 -9999.0 -9999.0 -9999.0 -9999.0 -9999.0 -9999.0 -9999.0 -9999.0 -9999.0 -9999.0 -9999.0 -9999.0 -9999.0 -9999.0 -9999.0 -9999.0 -9999.0 -9999.0 -9999.0 -9999.0 -9999.0 -9999.0 -9999.0 -9999.0 -9999.0 -9999.0 -9999.0 -9999.0 -9999.0 -9999.0 -9999.0 -9999.0 -9999.0 -9999.0 -9999.0 -9999.0 -9999.0 -9999.0 -9999.0 -9999.0 -9999.0 -9999.0 -9999.0 -9999.0 -9999.0 -9999.0