Borden_/Borden1m_014/output_maps/psiliqL0030N0035.asc
ncols         80
nrows         18
xllcorner     620200.000000
yllcorner     5168000.000000
cellsize      1.000000
NODATA_value  -9999.0
-9999.0 -9999.0 -9999.0 -9999.0 -9999.0 -9999.0 -9999.0 -9999.0 -9999.0 -9999.0 -9999.0 -9999.0 -9999.0 -9999.0 -9999.0 -9999.0 -9999.0 -9999.0 -9999.0 -9999.0 -9999.0 -9999.0 -9999.0 -9999.0 -9999.0 -9999.0 -9999.0 -9999.0 -9999.0 -9999.0 -9999.0 -9999.0 -9999.0 -9999.0 -9999.0 -9999.0 -9999.0 -9999.0 -9999.0 -9999.0 -9999.0 -9999.0 -9999.0 -9999.0 -9999.0 -9999.0 -9999.0 -9999.0 -9999.0 -9999.0 -9999.0 -9999.0 -9999.0 -9999.0 -9999.0 -9999.0 -9999.0 -9999.0 -9999.0 -9999.0 -9999.0 -9999.0 -9999.0 -9999.0 -9999.0 -9999.0 -9999.0 -9999.0 -9999.0 -9999.0 -9999.0 -9999.0 -9999.0 -9999.0 -9999.0 -9999.0 -9999.0 -9999.0 -9999.0 -9999.0
-9999.0 -9999.0 -9999.0 -9999.0 -9999.0 -9999.0 -9999.0 -9999.0 -9999.0 -9999.0 -9999.0 -9999.0 -9999.0 -9999.0 -9999.0 -9999.0 -9999.0 -9999.0 -9999.0 -9999.0 -9999.0 -9999.0 -9999.0 -9999.0 -9999.0 -9999.0 -9999.0 -9999.0 -9999.0 -9999.0 -9999.0 -9999.0 -9999.0 -9999.0 -9999.0 -9999.0 -9999.0 -9999.0 -9999.0 -9999.0 -9999.0 -9999.0 -9999.0 -9999.0 -9999.0 -9999.0 -9999.0 -9999.0 -9999.0 -9999.0 -9999.0 -9999.0 -9999.0 -9999.0 -9999.0 -9999.0 -9999.0 -9999.0 -9999.0 -9999.0 -9999.0 -9999.0 -9999.0 -9999.0 -9999.0 -9999.0 -9999.0 -9999.0 -9999.0 -9999.0 -9999.0 -9999.0 -9999.0 -9999.0 -9999.0 -9999.0 -9999.0 -9999.0 -9999.0 -9999.0
-9999.0 -9999.0 -9999.0 -9999.0 -9999.0 -9999.0 -9999.0 -9999.0 -9999.0 -9999.0 -9999.0 -9999.0 -9999.0 -9999.0 -9999.0 -9999.0 -9999.0 -9999.0 -9999.0 -9999.0 4125.027933 4125.473024 4103.914314 4069.588299 4041.142752 4042.732652 4074.992607 4115.309444 4154.114109 4160.523318 4140.880587 4144.947026 4140.397526 4134.671208 4134.012799 4141.942928 4149.271052 4158.425460 4164.892765 4161.978006 4154.219658 4149.256876 4152.640442 4153.781919 4160.343763 4144.603146 4161.235242 4177.830638 4182.270958 4180.165652 4157.295977 4146.392660 4138.668350 4123.075523 4150.400163 4162.124396 4185.975041 4190.906953 4188.983125 4162.538662 4132.620609 -9999.0 -9999.0 -9999.0 -9999.0 -9999.0 -9999.0 -9999.0 -9999.0 -9999.0 -9999.0 -9999.0 -9999.0 -9999.0 -9999.0 -9999.0 -9999.0 -9999.0 -9999.0 -9999.0
-9999.0 -9999.0 -9999.0 -9999.0 -9999.0 -9999.0 -9999.0 -9999.0 -9999.0 -9999.0 -9999.0 -9999.0 -9999.0 -9999.0 4035.000095 4026.423965 4023.348845 4030.081699 4061.997949 4092.103928 4103.449382 4095.784449 4095.304556 4069.958685 4046.102718 4057.981114 4087.005270 4116.864117 4149.684417 4165.904210 4154.855165 4151.914346 4157.700482 4175.111525 4181.353504 4177.308626 4160.262315 4184.831365 4197.218743 4200.290791 4197.893760 4187.620972 4194.965211 4208.429481 4201.239856 4186.503234 4199.319223 4215.276300 4225.388543 4218.912889 4162.465825 4152.791457 4150.002821 4146.979411 4134.410136 4131.619674 4161.296490 4161.054559 4154.509682 4137.867863 4104.657938 4059.399483 4040.691912 4082.368421 4126.370636 4182.765367 -9999.0 -9999.0 -9999.0 -9999.0 -9999.0 -9999.0 -9999.0 -9999.0 -9999.0 -9999.0 -9999.0 -9999.0 -9999.0 -9999.0
-9999.0 -9999.0 -9999.0 -9999.0 -9999.0 -9999.0 -9999.0 -9999.0 -9999.0 3977.611850 3983.922301 3990.575447 3992.884379 4007.576684 4003.703362 4010.243750 4012.900071 4039.957662 4068.610127 4101.281502 4127.368400 4117.827249 4115.694367 4117.176064 4108.161699 4114.281017 4134.111433 4169.665568 4198.223880 4231.857771 4196.695999 4190.818788 4207.730596 4247.039827 4266.567157 4266.582977 4247.592731 4267.364394 4290.552181 4304.264478 4300.057241 4293.008181 4319.778396 4335.768614 4326.790418 4304.159411 4306.500163 4316.350425 4346.866556 4295.706753 4228.984254 4194.449111 4214.083280 4195.533231 4173.463148 4165.534226 4167.649990 4188.385206 4177.937060 4145.266679 4113.217978 4101.499789 4085.220238 4108.039027 4132.098245 4178.989803 4219.657479 4250.077115 4249.605766 4232.553554 -9999.0 -9999.0 -9999.0 -9999.0 -9999.0 -9999.0 -9999.0 -9999.0 -9999.0 -9999.0
-9999.0 -9999.0 -9999.0 -9999.0 -9999.0 -9999.0 3899.163664 3909.854820 3930.533120 3932.139080 3958.716642 3962.973263 3980.891848 3997.023364 4018.519127 4029.708330 4052.631353 4081.269922 4115.338046 4150.811514 4176.683673 4162.758525 4166.691742 4182.299281 4204.731045 4220.125969 4242.293100 4280.165042 4352.635369 4388.416575 4376.312207 4376.033264 4384.001663 4435.287995 4499.621952 4509.077565 4488.154330 4475.729596 4501.171214 4540.023427 4536.121810 4534.718710 4549.585332 4561.237333 4588.333520 4576.068424 4540.157429 4537.386966 4547.024804 4520.985467 4447.907806 4391.918706 4377.344225 4329.598299 4244.305437 4205.009944 4234.932304 4266.120450 4246.724465 4198.287525 4168.548928 4164.876937 4155.242044 4150.717324 4165.503411 4189.918207 4214.497115 4229.322184 4217.884545 4197.240265 4176.099440 4148.277692 4151.332082 4176.321412 -9999.0 -9999.0 -9999.0 -9999.0 -9999.0 -9999.0
-9999.0 -9999.0 -9999.0 -9999.0 3850.083978 3862.705354 3846.629284 3872.857686 3904.159865 3937.143096 3962.777025 3992.397536 4013.857030 4039.073965 4069.402999 4086.855439 4115.576188 4143.434136 4188.519980 4247.710941 4290.164178 4300.544376 4307.864478 4357.930251 4413.776167 4459.755388 4478.619564 4505.361123 4554.317035 4611.664450 4633.328419 4635.190448 4652.236440 4698.976407 4759.189238 4795.456647 4777.159066 4767.446983 4779.314410 4795.158190 4817.343271 4817.349223 4818.519735 4823.521627 4832.355686 4829.803447 4801.437417 4767.184223 4753.910582 4742.959195 4700.732289 4626.093078 4597.785847 4567.012955 4518.713806 4462.077951 4420.109216 4426.283061 4370.336206 4313.844718 4266.880858 4262.899414 4245.288739 4231.687491 4217.476384 4232.611945 4246.797657 4232.923071 4203.205048 4174.587902 4162.240797 4145.119481 4133.722974 4165.368067 4183.435681 4212.643697 -9999.0 -9999.0 -9999.0 -9999.0
-9999.0 -9999.0 3791.603018 3835.350081 3892.015742 3896.720848 3886.952765 3888.268954 3913.422634 3961.252564 4019.053136 4051.543933 4075.838689 4105.427303 4153.589477 4210.412352 4267.682804 4309.988387 4369.462518 4440.351990 4499.902304 4525.895386 4533.690110 4570.348306 4627.178080 4700.560389 4730.169266 4757.930806 4791.748145 4830.780721 4815.582988 4825.159629 4839.126810 4855.634188 4874.067441 4883.054981 4877.518340 4872.765769 4853.805237 4848.007483 4854.368090 4863.625347 4861.705727 4846.524590 4842.516946 4858.042099 4865.131019 4862.472733 4858.596770 4862.701046 4855.091427 4802.682615 4792.206209 4775.850820 4762.188139 4714.197058 4645.070284 4614.296885 4590.761424 4547.407241 4472.666205 4438.190213 4400.287977 4367.652615 4332.436530 4322.916898 4293.066470 4262.378697 4224.765807 4184.815395 4166.639105 4153.370231 4153.506010 4154.253936 4172.497119 4188.269943 4204.352614 4212.478874 -9999.0 -9999.0
-9999.0 3679.240099 3749.320445 3868.595221 3944.958409 3978.610991 3978.610581 3974.659092 3999.098286 4034.500098 4115.894401 4153.410259 4236.244670 4276.278649 4315.457904 4405.757462 4503.741666 4549.279256 4590.872798 4659.327079 4728.967116 4777.903543 4805.177186 4772.872191 4815.626761 4852.342778 4862.769854 4871.485662 4873.261066 4864.570315 4858.811133 4865.198921 4861.844406 4841.848228 4824.999585 4822.947210 4819.359573 4795.326725 4767.234106 4750.925183 4751.503031 4777.367773 4763.585230 4741.856328 4737.298007 4759.510954 4782.235354 4771.066735 4757.666437 4774.500892 4810.147826 4837.185237 4835.178745 4854.605172 4875.931014 4845.459821 4826.476430 4780.513182 4762.871685 4736.850770 4677.876065 4622.801091 4573.780238 4525.574138 4473.973852 4427.191994 4380.171154 4333.384479 4281.243998 4249.037589 4225.793582 4184.920986 4174.494983 4182.145572 4178.219925 4177.008555 4183.710715 4190.338292 -9999.0 -9999.0
-9999.0 3576.344323 3713.324711 3887.609663 4028.004295 4062.699408 4110.993847 4160.397810 4171.378554 4108.258027 4210.734631 4432.164807 4566.112290 4586.832550 4666.748090 4767.800575 4739.059286 4772.248765 4797.343643 4830.115708 4856.324771 4873.060816 4871.965680 4867.497455 4850.471028 4842.341410 4841.317154 4839.021127 4820.982595 4801.451609 4784.214910 4780.455662 4761.374318 4708.555616 4674.085770 4655.195119 4633.418239 4620.846669 4594.506925 4567.747435 4549.697999 4557.692529 4557.916505 4545.717047 4541.338412 4558.569051 4589.638201 4589.461898 4603.973522 4624.160025 4659.856923 4699.676638 4719.376303 4749.340865 4785.740285 4836.288798 4843.121011 4866.081745 4868.372519 4860.723186 4812.096255 4758.963505 4728.869333 4672.161465 4612.390516 4550.496539 4500.691574 4455.705213 4399.812190 4366.761352 4328.550053 4275.145234 4235.051206 4231.395760 4199.223705 4188.011533 -9999.0 -9999.0 -9999.0 -9999.0
-9999.0 3464.405752 3639.606179 3870.069258 4171.628301 4231.587930 4437.857635 4553.355901 4590.695105 4661.489724 4509.465023 4743.116556 4804.911902 4802.236122 4826.358942 4830.931211 4846.225047 4845.072656 4839.952785 4828.570531 4818.476532 4813.513146 4812.617075 4804.605205 4791.751836 4776.871495 4764.631633 4752.586213 4714.633349 4681.588317 4639.572274 4626.278997 4577.621354 4483.646366 4444.954340 4403.809538 4339.539278 4343.795391 4355.229294 4331.891410 4311.482544 4279.850103 4312.523331 4326.058546 4331.306383 4324.219756 4331.899868 4363.757185 4414.616932 4450.056011 4489.070842 4537.962881 4569.439784 4609.165802 4648.541056 4701.651630 4734.010644 4763.505630 4814.465327 4851.966697 4875.143027 4859.767676 4843.136306 4796.004547 4734.770604 4684.828842 4654.738076 4602.733378 4558.627241 4515.361811 4468.803468 4415.999453 4354.256837 4307.630698 4274.942781 -9999.0 -9999.0 -9999.0 -9999.0 -9999.0
-9999.0 3223.848566 3485.198338 3740.895538 4000.530650 4352.791361 4546.246272 4635.732837 4701.819049 4693.945088 4725.971108 4730.046084 4768.165298 4776.804642 4755.639317 4740.571089 4721.241224 4720.150511 4733.366035 4705.190013 4673.846683 4659.902364 4660.940536 4650.278478 4625.681643 4610.854430 4601.703597 4582.375917 4538.997138 4487.169638 4400.316912 4361.995383 4279.847859 4246.100221 4211.244526 4164.102771 4120.946921 4128.453477 4155.541482 4148.287646 4127.969439 4111.500835 4142.069869 4164.383418 4178.283717 4160.556911 4166.834634 4201.483199 4248.009664 4288.681518 4332.289419 4380.289368 4423.075176 4461.465235 4480.386813 4517.963750 4560.677671 4602.934578 4674.390453 4755.604307 4793.465689 4829.353865 4856.819511 4879.376442 4835.612811 4810.571663 4785.889956 4761.261167 4713.791020 4667.669804 4627.047605 4560.363322 4500.750025 -9999.0 -9999.0 -9999.0 -9999.0 -9999.0 -9999.0 -9999.0
-9999.0 3117.033954 3298.018556 3471.755674 3704.794932 3933.623198 4171.581891 4261.646645 4333.794700 4421.388411 4484.337818 4525.438732 4551.294368 4573.760671 4551.449216 4503.018058 4469.559289 4474.949511 4464.138394 4444.018652 4416.692094 4404.213279 4401.088115 4396.805598 4376.333020 4367.062950 4360.947001 4343.410372 4319.692241 4266.373472 4196.617463 4121.703025 4069.794728 4054.511004 4034.273924 4009.496645 3986.344580 4000.771939 4013.288916 4014.797149 4010.120887 4011.806008 4040.836041 4061.217773 4070.598922 4060.350272 4078.483155 4100.635748 4136.361639 4175.189852 4219.442549 4269.175174 4317.351967 4335.802590 4335.251838 4343.402116 4369.030561 4411.203618 4487.197232 4574.104542 4655.450953 4702.481732 4754.439879 4795.889343 4825.777398 4847.532337 4872.388097 4867.326009 4839.810962 4805.496825 4744.655563 -9999.0 -9999.0 -9999.0 -9999.0 -9999.0 -9999.0 -9999.0 -9999.0 -9999.0
-9999.0 -9999.0 3074.437488 3213.214207 3288.557855 3439.460298 3575.180435 3680.193197 3787.813587 3942.328805 4073.324689 4172.575504 4221.373179 4237.405427 4224.397414 4198.369030 4183.047993 4182.448944 4169.993077 4165.544242 4153.616405 4149.360448 4136.869647 4129.760014 4128.305227 4129.780608 4128.768161 4121.828876 4107.095125 4067.641116 4035.480993 3993.908362 3950.533961 3930.890023 3914.892147 3900.493868 3907.555260 3902.601549 3908.418084 3912.327481 3923.566712 3938.735578 3957.877581 3981.086864 3990.824848 4001.785906 4012.047853 4032.917156 4061.794138 4101.477840 4152.421023 4207.031870 4242.448195 4248.092683 4227.972041 4220.341449 4225.351116 4251.205854 4310.649830 4378.049574 4470.050774 4537.109526 4604.645953 4662.032654 4689.678109 4726.099749 4798.824676 4847.037900 4892.591488 4870.015513 -9999.0 -9999.0 -9999.0 -9999.0 -9999.0 -9999.0 -9999.0 -9999.0 -9999.0 -9999.0
-9999.0 -9999.0 -9999.0 -9999.0 3068.874281 3208.486242 3302.430288 3376.410064 3510.855822 3645.059416 3753.062283 3842.837882 3916.058645 3942.922212 3947.349953 3970.144296 3971.215819 3960.589430 3949.183989 3957.121795 3965.200167 3959.841395 3941.962206 3936.971509 3943.332585 3953.922531 3953.913031 3943.032969 3926.570722 3918.156963 3910.532301 3883.405668 3854.690472 3829.965106 3820.476049 3820.410000 3822.077820 3814.784968 3823.800646 3834.239606 3851.002890 3866.338263 3889.818235 3919.985646 3935.261121 3949.896739 3957.837868 3975.265704 4003.246641 4054.213730 4115.587504 4172.143625 4206.136821 4205.781442 4176.332261 4153.145124 4138.435837 4153.506800 4179.281123 4226.725992 4315.105933 4376.974716 4419.892026 4456.716261 4493.103194 4560.544033 4659.057374 4742.417864 -9999.0 -9999.0 -9999.0 -9999.0 -9999.0 -9999.0 -9999.0 -9999.0 -9999.0 -9999.0 -9999.0 -9999.0
-9999.0 -9999.0 -9999.0 -9999.0 -9999.0 -9999.0 3046.989757 3153.445769 3210.138815 3368.870722 3521.558630 3632.237685 3717.624283 3756.452868 3795.051057 3827.900381 3830.010424 3808.878582 3785.692410 3809.565676 3832.209381 3825.895184 3792.507444 3795.880007 3805.421527 3814.660351 3813.854187 3810.442847 3788.719271 3811.036300 3820.308961 3800.969124 3778.925325 3769.709670 3760.541187 3772.419115 3773.908158 3760.131792 3758.890367 3788.172239 3810.172525 3823.107653 3843.766360 3877.027410 3909.587424 3925.439578 3925.890505 3929.594211 3964.346584 4031.675469 4102.636708 4157.982174 4189.049899 4193.152103 4161.645414 4115.874208 4088.633587 4085.710537 4107.760868 4144.191569 4203.084344 4237.337993 4244.204341 4240.390728 4249.213403 4351.886965 -9999.0 -9999.0 -9999.0 -9999.0 -9999.0 -9999.0 -9999.0 -9999.0 -9999.0 -9999.0 -9999.0 -9999.0 -9999.0 -9999.0
-9999.0 -9999.0 -9999.0 -9999.0 -9999.0 -9999.0 -9999.0 -9999.0 -9999.0 -9999.0 -9999.0 -9999.0 -9999.0 -9999.0 -9999.0 -9999.0 -9999.0 -9999.0 -9999.0 -9999.0 -9999.0 -9999.0 -9999.0 -9999.0 -9999.0 -9999.0 -9999.0 -9999.0 -9999.0 -9999.0 -9999.0 -9999.0 -9999.0 -9999.0 -9999.0 -9999.0 -9999.0 -9999.0 -9999.0 -9999.0 -9999.0 -9999.0 -9999.0 -9999.0 -9999.0 -9999.0 -9999.0 -9999.0 -9999.0 -9999.0 -9999.0 -9999.0 -9999.0 -9999.0 -9999.0 -9999.0 -9999.0 -9999.0 -9999.0 -9999.0 -9999.0 -9999.0 -9999.0 -9999.0 -9999.0 -9999.0 -9999.0 -9999.0 -9999.0 -9999.0 -9999.0 -9999.0 -9999.0 -9999.0 -9999.0 -9999.0 -9999.0 -9999.0 -9999.0 -9999.0
-9999.0 -9999.0 -9999.0 -9999.0 -9999.0 -9999.0 -9999.0 -9999.0 -9999.0 -9999.0 -9999.0 -9999.0 -9999.0 -9999.0 -9999.0 -9999.0 -9999.0 -9999.0 -9999.0 -9999.0 -9999.0 -9999.0 -9999.0 -9999.0 -9999.0 -9999.0 -9999.0 -9999.0 -9999.0 -9999.0 -9999.0 -9999.0 -9999.0 -9999.0 -9999.0 -9999.0 -9999.0 -9999.0 -9999.0 -9999.0 -9999.0 -9999.0 -9999.0 -9999.0 -9999.0 -9999.0 -9999.0 -9999.0 -9999.0 -9999.0 -9999.0 -9999.0 -9999.0 -9999.0 -9999.0 -9999.0 -9999.0 -9999.0 -9999.0 -9999.0 -9999.0 -9999.0 -9999.0 -9999.0 -9999.0 -9999.0 -9999.0 -9999.0 -9999.0 -9999.0 -9999.0 -9999.0 -9999.0 -9999.0 -9999.0 -9999.0 -9999.0 -9999.0 -9999.0 -9999.0