Borden_/Borden1m_014/output_maps/psiliqL0013N0021.asc
ncols         80
nrows         18
xllcorner     620200.000000
yllcorner     5168000.000000
cellsize      1.000000
NODATA_value  -9999.0
-9999.0 -9999.0 -9999.0 -9999.0 -9999.0 -9999.0 -9999.0 -9999.0 -9999.0 -9999.0 -9999.0 -9999.0 -9999.0 -9999.0 -9999.0 -9999.0 -9999.0 -9999.0 -9999.0 -9999.0 -9999.0 -9999.0 -9999.0 -9999.0 -9999.0 -9999.0 -9999.0 -9999.0 -9999.0 -9999.0 -9999.0 -9999.0 -9999.0 -9999.0 -9999.0 -9999.0 -9999.0 -9999.0 -9999.0 -9999.0 -9999.0 -9999.0 -9999.0 -9999.0 -9999.0 -9999.0 -9999.0 -9999.0 -9999.0 -9999.0 -9999.0 -9999.0 -9999.0 -9999.0 -9999.0 -9999.0 -9999.0 -9999.0 -9999.0 -9999.0 -9999.0 -9999.0 -9999.0 -9999.0 -9999.0 -9999.0 -9999.0 -9999.0 -9999.0 -9999.0 -9999.0 -9999.0 -9999.0 -9999.0 -9999.0 -9999.0 -9999.0 -9999.0 -9999.0 -9999.0
-9999.0 -9999.0 -9999.0 -9999.0 -9999.0 -9999.0 -9999.0 -9999.0 -9999.0 -9999.0 -9999.0 -9999.0 -9999.0 -9999.0 -9999.0 -9999.0 -9999.0 -9999.0 -9999.0 -9999.0 -9999.0 -9999.0 -9999.0 -9999.0 -9999.0 -9999.0 -9999.0 -9999.0 -9999.0 -9999.0 -9999.0 -9999.0 -9999.0 -9999.0 -9999.0 -9999.0 -9999.0 -9999.0 -9999.0 -9999.0 -9999.0 -9999.0 -9999.0 -9999.0 -9999.0 -9999.0 -9999.0 -9999.0 -9999.0 -9999.0 -9999.0 -9999.0 -9999.0 -9999.0 -9999.0 -9999.0 -9999.0 -9999.0 -9999.0 -9999.0 -9999.0 -9999.0 -9999.0 -9999.0 -9999.0 -9999.0 -9999.0 -9999.0 -9999.0 -9999.0 -9999.0 -9999.0 -9999.0 -9999.0 -9999.0 -9999.0 -9999.0 -9999.0 -9999.0 -9999.0
-9999.0 -9999.0 -9999.0 -9999.0 -9999.0 -9999.0 -9999.0 -9999.0 -9999.0 -9999.0 -9999.0 -9999.0 -9999.0 -9999.0 -9999.0 -9999.0 -9999.0 -9999.0 -9999.0 -9999.0 743.485960 746.439026 724.855128 691.897059 664.753305 667.906762 703.639125 746.016239 785.659512 797.026311 780.436985 783.956281 780.347898 780.072328 783.152125 790.200346 794.389758 805.765708 814.376430 814.310288 808.631672 803.854206 804.272505 807.539425 812.694543 801.680065 814.897232 829.479486 834.237889 828.231227 800.168593 783.420337 773.186256 756.378427 779.422614 790.051218 811.620932 814.667804 812.032918 784.207132 753.631809 -9999.0 -9999.0 -9999.0 -9999.0 -9999.0 -9999.0 -9999.0 -9999.0 -9999.0 -9999.0 -9999.0 -9999.0 -9999.0 -9999.0 -9999.0 -9999.0 -9999.0 -9999.0 -9999.0
-9999.0 -9999.0 -9999.0 -9999.0 -9999.0 -9999.0 -9999.0 -9999.0 -9999.0 -9999.0 -9999.0 -9999.0 -9999.0 -9999.0 650.513261 641.378933 639.370607 648.709850 683.239459 714.146086 726.675205 719.939067 720.965131 698.540251 679.214850 694.446048 725.416669 758.443692 794.650062 816.744368 806.921651 806.191107 817.357637 843.864273 857.553865 855.303709 835.536738 858.870600 874.906381 884.019649 884.078501 876.323507 890.132481 906.239487 899.273279 881.337213 885.299372 896.513222 908.472933 893.497641 828.617605 807.545839 801.374865 792.579496 776.889681 769.068913 792.980044 791.904808 782.385842 763.338050 729.917887 685.270227 666.168662 703.998366 747.103229 803.787710 -9999.0 -9999.0 -9999.0 -9999.0 -9999.0 -9999.0 -9999.0 -9999.0 -9999.0 -9999.0 -9999.0 -9999.0 -9999.0 -9999.0
-9999.0 -9999.0 -9999.0 -9999.0 -9999.0 -9999.0 -9999.0 -9999.0 -9999.0 591.011376 595.801696 603.689647 606.664930 623.098968 621.573930 629.560730 637.805061 665.780463 698.056586 734.234161 763.933999 755.951073 757.980995 770.371236 776.371665 790.164458 813.300346 855.854990 899.147632 943.591099 918.042727 918.320734 939.594040 988.036777 1022.357246 1030.376820 1011.647163 1019.121924 1044.465725 1067.920335 1069.077046 1068.160779 1094.107088 1108.722556 1110.557823 1089.172927 1073.553166 1072.302330 1096.897590 1044.416267 977.675503 925.018037 924.875880 890.996750 849.868504 827.552835 823.029602 841.843559 824.732462 785.690466 747.998442 736.093873 717.669094 733.428797 754.574565 799.934385 837.781542 865.388799 864.250826 846.207986 -9999.0 -9999.0 -9999.0 -9999.0 -9999.0 -9999.0 -9999.0 -9999.0 -9999.0 -9999.0
-9999.0 -9999.0 -9999.0 -9999.0 -9999.0 -9999.0 511.512564 521.317120 542.023439 547.408313 573.223431 581.413820 602.911212 623.290470 645.910022 663.859713 695.564604 730.164599 773.198187 818.425421 852.315186 849.417634 862.642610 897.838725 941.310627 973.144196 999.858393 1042.422216 1123.880634 1172.547557 1185.640337 1194.144983 1206.406152 1254.542632 1317.730847 1334.294678 1312.066509 1296.075240 1315.111665 1351.424962 1361.048216 1363.994160 1374.367707 1383.887100 1409.162516 1398.580128 1355.903297 1339.514951 1336.109048 1320.833548 1262.204358 1198.143631 1157.039612 1101.312667 1015.147580 957.921154 961.151118 975.607438 941.903546 884.349856 840.453343 827.632268 810.486294 794.923989 799.134745 816.711489 837.780249 847.679058 833.620578 811.632433 787.962314 758.384657 759.444020 784.141248 -9999.0 -9999.0 -9999.0 -9999.0 -9999.0 -9999.0
-9999.0 -9999.0 -9999.0 -9999.0 461.046088 474.259291 462.707193 488.065662 521.253695 555.956132 588.880201 626.942872 655.535560 687.436615 730.299145 767.844018 812.697174 851.597907 910.602460 982.510744 1036.605469 1064.297544 1084.713497 1150.375691 1216.881138 1270.746551 1291.883680 1319.997745 1365.222834 1429.829105 1459.935802 1468.998895 1487.644668 1521.756724 1567.234946 1599.738820 1582.178282 1573.434325 1578.409774 1589.641821 1614.486921 1616.737381 1618.991641 1621.185352 1624.979494 1623.523780 1598.774993 1565.540928 1552.042288 1542.899167 1515.064563 1446.556875 1401.169073 1367.725615 1334.802175 1284.734238 1219.548061 1198.629393 1135.384323 1072.756906 1005.956987 980.329809 945.540546 915.742881 882.922748 881.373918 881.939397 859.498355 825.867152 792.179610 775.897975 756.057706 744.325060 773.470936 790.385408 820.398437 -9999.0 -9999.0 -9999.0 -9999.0
-9999.0 -9999.0 401.309169 450.661596 507.905343 517.413107 519.218485 525.840561 554.921017 607.866726 685.589346 738.335361 783.470473 819.779246 883.841390 968.277879 1045.170197 1099.450107 1165.577870 1238.462793 1301.415479 1337.224404 1359.493972 1401.433970 1456.119114 1516.255695 1542.109188 1568.254574 1599.257670 1633.662028 1649.087978 1664.361047 1672.826325 1674.694055 1679.328795 1680.168144 1674.829295 1667.853693 1648.554623 1644.443650 1651.591197 1656.584026 1658.682507 1645.751072 1641.863504 1654.924059 1658.354398 1658.004863 1658.553168 1666.341076 1671.117502 1633.362731 1591.359877 1574.567692 1564.786538 1521.902603 1458.439812 1412.965608 1386.905641 1343.234196 1266.182209 1212.737119 1156.890495 1101.390488 1044.014516 1007.978229 957.088731 911.752959 862.789223 814.635362 789.294025 769.585164 765.763368 764.581863 779.696355 794.334697 809.102095 816.584473 -9999.0 -9999.0
-9999.0 299.075693 371.761232 498.827582 579.402316 625.365762 660.963576 686.980760 716.063381 741.264942 849.663598 945.831244 1039.254603 1079.827497 1137.943847 1239.463451 1335.384347 1382.696998 1422.358042 1477.894235 1536.876422 1583.989165 1613.788679 1630.727934 1663.812643 1674.226124 1676.310821 1679.021804 1674.858712 1667.798399 1659.164075 1665.613962 1662.395118 1644.260807 1628.843522 1625.349703 1618.061956 1591.075526 1560.604068 1544.573077 1546.699267 1568.623379 1557.266562 1537.181160 1533.634087 1554.461774 1573.974207 1567.162519 1557.630776 1577.171492 1612.394432 1634.254366 1645.715958 1661.629321 1682.257163 1657.740335 1628.246932 1586.302402 1565.691649 1536.173182 1477.625425 1415.846903 1360.068051 1298.001079 1230.146677 1157.486663 1088.765878 1023.745634 953.669189 909.359586 875.302392 822.143451 798.185554 797.693532 787.194003 783.247113 788.529293 794.476151 -9999.0 -9999.0
-9999.0 220.876836 363.833596 549.311984 698.658549 760.906492 870.145270 952.372268 982.444396 958.355732 1070.753537 1292.155124 1390.200920 1408.872224 1481.454962 1567.995968 1593.533942 1626.103328 1648.662772 1656.980739 1663.727814 1673.043439 1671.954858 1666.525924 1652.314912 1644.274375 1642.572344 1638.967982 1620.534475 1600.700015 1582.241252 1576.752621 1558.249281 1516.072823 1483.940669 1466.422698 1448.248224 1422.508110 1385.187106 1356.127426 1340.817726 1356.713133 1349.122689 1332.555216 1329.117892 1351.733688 1385.583850 1383.869871 1394.601590 1419.606484 1461.030244 1501.721346 1525.248424 1555.884562 1593.006206 1637.215109 1654.031174 1675.354722 1679.728832 1659.616968 1615.865315 1564.475214 1529.841875 1466.758416 1394.377661 1316.108375 1251.699612 1188.993178 1115.011964 1062.553639 1010.533365 948.337050 888.552984 860.032051 818.151284 796.661224 -9999.0 -9999.0 -9999.0 -9999.0
-9999.0 145.313023 334.587216 595.557705 869.044874 989.135504 1197.040074 1327.050362 1387.581352 1451.343346 1444.473259 1580.710303 1616.071657 1612.136260 1609.205858 1614.385510 1630.926743 1635.958620 1633.879387 1625.530152 1617.552747 1613.585533 1611.978918 1603.764256 1590.207823 1573.813354 1559.329560 1544.817360 1505.207153 1471.294724 1435.305428 1417.810792 1377.798616 1287.880632 1245.857058 1210.206270 1150.999432 1139.373104 1127.488886 1095.232669 1073.756603 1053.971083 1074.641519 1077.895582 1080.255273 1086.158682 1106.806819 1133.245455 1181.875663 1222.047626 1267.687510 1320.703503 1356.924649 1402.592691 1450.628575 1507.826678 1541.102648 1572.922138 1619.987020 1659.892599 1683.178995 1673.019583 1645.024051 1600.013059 1530.668457 1464.690666 1417.525971 1348.017185 1283.086765 1227.954907 1178.174519 1118.956983 1044.744529 951.805086 906.277362 -9999.0 -9999.0 -9999.0 -9999.0 -9999.0
-9999.0 -27.883382 240.188351 531.266695 852.218659 1181.388923 1310.823474 1447.057258 1519.458760 1478.964984 1478.294401 1500.027845 1540.580471 1549.501008 1532.124656 1526.176954 1517.441960 1518.858656 1532.947223 1508.366931 1479.491308 1465.653385 1463.991564 1450.281633 1424.525332 1404.639759 1389.659086 1367.488826 1318.640390 1268.383601 1187.787706 1155.128554 1075.009813 1013.687753 967.910042 917.814574 864.791300 860.900450 875.325869 858.218219 834.863835 815.925545 842.052358 859.191677 871.366517 861.417651 872.015774 909.719408 961.556987 1007.639737 1059.715628 1117.805982 1169.277457 1222.556641 1257.473293 1309.437581 1358.162828 1407.499014 1482.683533 1562.334387 1599.570868 1635.242759 1669.562184 1685.362028 1635.559213 1587.099133 1539.349121 1483.394436 1402.053327 1355.021793 1324.712042 1276.226496 1216.228673 -9999.0 -9999.0 -9999.0 -9999.0 -9999.0 -9999.0 -9999.0
-9999.0 -156.592459 66.198639 301.585922 591.896749 832.199699 1025.911661 1141.282735 1221.862223 1245.789707 1273.151190 1304.579651 1334.547861 1357.335458 1337.361301 1301.872298 1276.144024 1281.426170 1279.383877 1256.749428 1228.253415 1213.267174 1210.049798 1200.475177 1171.765823 1152.992974 1138.436051 1111.974139 1074.257467 1017.213723 936.176114 863.246192 799.630539 765.099131 734.477714 700.929168 663.322087 672.580032 684.949178 680.315441 668.690439 665.015085 694.252000 713.140832 723.453402 711.807441 731.394384 759.087805 801.849529 845.590065 895.496916 952.083007 1008.054809 1040.650244 1057.747911 1087.656472 1133.061268 1194.191524 1283.578936 1380.222334 1458.570711 1509.717367 1562.128225 1597.156082 1612.465390 1628.490994 1608.500138 1533.305863 1414.268976 1419.869265 1411.561027 -9999.0 -9999.0 -9999.0 -9999.0 -9999.0 -9999.0 -9999.0 -9999.0 -9999.0
-9999.0 -9999.0 -168.862224 13.126213 158.766375 341.920840 494.304771 605.679057 690.848007 795.814387 894.681509 974.276861 1017.012037 1034.517213 1019.883784 985.542674 963.757452 964.457870 955.296642 944.007422 922.855786 914.104259 902.778439 893.191081 879.922741 871.598946 864.169635 850.780551 826.730078 778.839249 727.987342 675.379907 620.683568 594.576386 572.175664 549.817097 547.142273 543.651353 549.395359 550.478375 556.524284 568.643504 588.969455 610.732055 620.470317 628.797740 641.642522 665.785331 699.453273 741.820458 795.740905 853.400479 893.635967 907.454045 899.512058 907.049676 931.379264 979.027639 1066.497992 1158.824118 1257.688883 1331.534572 1406.340254 1461.457497 1481.732852 1501.721421 1523.352730 1460.240967 1081.606249 1357.379735 -9999.0 -9999.0 -9999.0 -9999.0 -9999.0 -9999.0 -9999.0 -9999.0 -9999.0 -9999.0
-9999.0 -9999.0 -9999.0 -9999.0 -129.498854 27.001363 123.421383 207.469776 333.749369 449.492585 546.018541 625.902473 683.825031 709.100293 702.305981 703.501821 697.837522 693.058581 684.056319 681.260040 678.146262 670.182770 656.606541 648.326291 647.523044 650.785942 647.457034 633.115821 615.350255 590.336363 568.014446 532.853644 495.999547 466.461425 453.072625 446.617382 446.373657 439.905986 448.823686 455.601773 470.573270 485.855294 509.725930 538.435300 551.735327 566.345101 576.243833 597.123146 627.617291 681.012873 744.197609 801.468013 836.754646 841.225458 816.533567 801.777984 799.738385 829.791170 878.650862 951.401718 1057.796785 1137.635799 1205.343332 1256.669449 1293.038957 1343.486883 1405.513239 1445.619529 -9999.0 -9999.0 -9999.0 -9999.0 -9999.0 -9999.0 -9999.0 -9999.0 -9999.0 -9999.0 -9999.0 -9999.0
-9999.0 -9999.0 -9999.0 -9999.0 -9999.0 -9999.0 -177.711289 -78.262209 5.736564 137.341525 260.219462 356.997541 434.384580 463.204392 485.752680 510.684074 507.890907 490.397745 472.619295 490.325706 502.075412 496.367690 467.145900 465.756677 469.435704 477.630891 475.376061 468.624263 443.290660 452.877153 452.284388 428.842921 402.547639 388.246770 376.396225 386.029498 386.424215 373.253909 374.608139 400.969001 420.920247 434.201780 456.360931 489.564247 521.762042 536.594977 537.884722 544.193384 585.026034 655.384386 726.503329 781.072394 812.845781 820.714505 793.160548 753.125379 732.842855 740.680672 776.760155 831.925369 911.077896 964.797323 998.375023 1019.721060 1045.586884 1140.819469 -9999.0 -9999.0 -9999.0 -9999.0 -9999.0 -9999.0 -9999.0 -9999.0 -9999.0 -9999.0 -9999.0 -9999.0 -9999.0 -9999.0
-9999.0 -9999.0 -9999.0 -9999.0 -9999.0 -9999.0 -9999.0 -9999.0 -9999.0 -9999.0 -9999.0 -9999.0 -9999.0 -9999.0 -9999.0 -9999.0 -9999.0 -9999.0 -9999.0 -9999.0 -9999.0 -9999.0 -9999.0 -9999.0 -9999.0 -9999.0 -9999.0 -9999.0 -9999.0 -9999.0 -9999.0 -9999.0 -9999.0 -9999.0 -9999.0 -9999.0 -9999.0 -9999.0 -9999.0 -9999.0 -9999.0 -9999.0 -9999.0 -9999.0 -9999.0 -9999.0 -9999.0 -9999.0 -9999.0 -9999.0 -9999.0 -9999.0 -9999.0 -9999.0 -9999.0 -9999.0 -9999.0 -9999.0 -9999.0 -9999.0 -9999.0 -9999.0 -9999.0 -9999.0 -9999.0 -9999.0 -9999.0 -9999.0 -9999.0 -9999.0 -9999.0 -9999.0 -9999.0 -9999.0 -9999.0 -9999.0 -9999.0 -9999.0 -9999.0 -9999.0
-9999.0 -9999.0 -9999.0 -9999.0 -9999.0 -9999.0 -9999.0 -9999.0 -9999.0 -9999.0 -9999.0 -9999.0 -9999.0 -9999.0 -9999.0 -9999.0 -9999.0 -9999.0 -9999.0 -9999.0 -9999.0 -9999.0 -9999.0 -9999.0 -9999.0 -9999.0 -9999.0 -9999.0 -9999.0 -9999.0 -9999.0 -9999.0 -9999.0 -9999.0 -9999.0 -9999.0 -9999.0 -9999.0 -9999.0 -9999.0 -9999.0 -9999.0 -9999.0 -9999.0 -9999.0 -9999.0 -9999.0 -9999.0 -9999.0 -9999.0 -9999.0 -9999.0 -9999.0 -9999.0 -9999.0 -9999.0 -9999.0 -9999.0 -9999.0 -9999.0 -9999.0 -9999.0 -9999.0 -9999.0 -9999.0 -9999.0 -9999.0 -9999.0 -9999.0 -9999.0 -9999.0 -9999.0 -9999.0 -9999.0 -9999.0 -9999.0 -9999.0 -9999.0 -9999.0 -9999.0