Borden_/Borden1m_014/output_maps/psiliqL0019N0011.asc
ncols         80
nrows         18
xllcorner     620200.000000
yllcorner     5168000.000000
cellsize      1.000000
NODATA_value  -9999.0
-9999.0 -9999.0 -9999.0 -9999.0 -9999.0 -9999.0 -9999.0 -9999.0 -9999.0 -9999.0 -9999.0 -9999.0 -9999.0 -9999.0 -9999.0 -9999.0 -9999.0 -9999.0 -9999.0 -9999.0 -9999.0 -9999.0 -9999.0 -9999.0 -9999.0 -9999.0 -9999.0 -9999.0 -9999.0 -9999.0 -9999.0 -9999.0 -9999.0 -9999.0 -9999.0 -9999.0 -9999.0 -9999.0 -9999.0 -9999.0 -9999.0 -9999.0 -9999.0 -9999.0 -9999.0 -9999.0 -9999.0 -9999.0 -9999.0 -9999.0 -9999.0 -9999.0 -9999.0 -9999.0 -9999.0 -9999.0 -9999.0 -9999.0 -9999.0 -9999.0 -9999.0 -9999.0 -9999.0 -9999.0 -9999.0 -9999.0 -9999.0 -9999.0 -9999.0 -9999.0 -9999.0 -9999.0 -9999.0 -9999.0 -9999.0 -9999.0 -9999.0 -9999.0 -9999.0 -9999.0
-9999.0 -9999.0 -9999.0 -9999.0 -9999.0 -9999.0 -9999.0 -9999.0 -9999.0 -9999.0 -9999.0 -9999.0 -9999.0 -9999.0 -9999.0 -9999.0 -9999.0 -9999.0 -9999.0 -9999.0 -9999.0 -9999.0 -9999.0 -9999.0 -9999.0 -9999.0 -9999.0 -9999.0 -9999.0 -9999.0 -9999.0 -9999.0 -9999.0 -9999.0 -9999.0 -9999.0 -9999.0 -9999.0 -9999.0 -9999.0 -9999.0 -9999.0 -9999.0 -9999.0 -9999.0 -9999.0 -9999.0 -9999.0 -9999.0 -9999.0 -9999.0 -9999.0 -9999.0 -9999.0 -9999.0 -9999.0 -9999.0 -9999.0 -9999.0 -9999.0 -9999.0 -9999.0 -9999.0 -9999.0 -9999.0 -9999.0 -9999.0 -9999.0 -9999.0 -9999.0 -9999.0 -9999.0 -9999.0 -9999.0 -9999.0 -9999.0 -9999.0 -9999.0 -9999.0 -9999.0
-9999.0 -9999.0 -9999.0 -9999.0 -9999.0 -9999.0 -9999.0 -9999.0 -9999.0 -9999.0 -9999.0 -9999.0 -9999.0 -9999.0 -9999.0 -9999.0 -9999.0 -9999.0 -9999.0 -9999.0 1951.472627 1954.177848 1933.597979 1901.485163 1875.496739 1879.745330 1915.588161 1958.063348 1997.881253 2007.967899 1991.176419 1996.406457 1994.765488 1995.547605 2000.704659 2011.284362 2019.321969 2031.442092 2040.053002 2039.102984 2032.405423 2027.058324 2027.892241 2029.952688 2035.514393 2023.126349 2037.847348 2052.838066 2056.297345 2049.640815 2020.663227 2002.925010 1990.725370 1971.976692 1994.437469 2003.408456 2023.313905 2024.893690 2020.906513 1992.577398 1961.627718 -9999.0 -9999.0 -9999.0 -9999.0 -9999.0 -9999.0 -9999.0 -9999.0 -9999.0 -9999.0 -9999.0 -9999.0 -9999.0 -9999.0 -9999.0 -9999.0 -9999.0 -9999.0 -9999.0
-9999.0 -9999.0 -9999.0 -9999.0 -9999.0 -9999.0 -9999.0 -9999.0 -9999.0 -9999.0 -9999.0 -9999.0 -9999.0 -9999.0 1856.488243 1848.251796 1846.962004 1856.652778 1891.539802 1923.272218 1935.719361 1929.690732 1931.382086 1909.463968 1890.536987 1906.746243 1938.711897 1971.255526 2006.056816 2025.859049 2016.107298 2016.088559 2028.064051 2055.599721 2071.092826 2072.062158 2056.290464 2082.232621 2097.686522 2104.331929 2102.686188 2093.016783 2103.175274 2117.457951 2110.346656 2094.484855 2102.868527 2115.977668 2126.150107 2112.041365 2046.478953 2025.549129 2017.400777 2008.430926 1991.858397 1983.654656 2007.077644 2003.682611 1993.272338 1973.711306 1939.374879 1894.036341 1873.655777 1911.151260 1953.015731 2008.245968 -9999.0 -9999.0 -9999.0 -9999.0 -9999.0 -9999.0 -9999.0 -9999.0 -9999.0 -9999.0 -9999.0 -9999.0 -9999.0 -9999.0
-9999.0 -9999.0 -9999.0 -9999.0 -9999.0 -9999.0 -9999.0 -9999.0 -9999.0 1796.107587 1802.005625 1810.354056 1814.140946 1830.871571 1828.905834 1837.430765 1845.101157 1874.290969 1906.900925 1943.627304 1973.725458 1967.089451 1969.041453 1979.194948 1982.528677 1996.974761 2021.533473 2062.521408 2098.254485 2136.538936 2106.895130 2106.138776 2129.169255 2180.145448 2215.451184 2225.525017 2211.255446 2225.738065 2250.669419 2269.221006 2266.203531 2260.978903 2284.102212 2297.469378 2295.386222 2275.973081 2270.816265 2275.037823 2300.923403 2247.087649 2175.967352 2124.124995 2127.727007 2098.277078 2062.581688 2042.110308 2036.412965 2052.947795 2036.042413 1997.432681 1960.148090 1946.339995 1926.413188 1942.425257 1962.547317 2006.419213 2043.863662 2070.762408 2068.343842 2049.639120 -9999.0 -9999.0 -9999.0 -9999.0 -9999.0 -9999.0 -9999.0 -9999.0 -9999.0 -9999.0
-9999.0 -9999.0 -9999.0 -9999.0 -9999.0 -9999.0 1716.078397 1727.070286 1748.852785 1753.617984 1780.772986 1788.808470 1810.463304 1830.725109 1854.263054 1871.507486 1901.984322 1936.328690 1978.101266 2022.660188 2057.220967 2052.682331 2064.401982 2093.378641 2132.618650 2164.187178 2193.333473 2234.258000 2307.396835 2345.272259 2346.239107 2351.690137 2366.267550 2424.146172 2496.766530 2515.647474 2500.146715 2489.091166 2511.099682 2546.304435 2546.890012 2545.872240 2558.038595 2567.623285 2593.813222 2584.996380 2547.789438 2538.754272 2540.803424 2518.751768 2447.852998 2378.041725 2343.863707 2291.012944 2206.280729 2151.924279 2159.008270 2175.512285 2145.494236 2090.632176 2049.090885 2036.093303 2018.236209 2003.537924 2008.682222 2025.860725 2045.524674 2054.713608 2039.442427 2016.172430 1992.110258 1961.696933 1962.136939 1986.050824 -9999.0 -9999.0 -9999.0 -9999.0 -9999.0 -9999.0
-9999.0 -9999.0 -9999.0 -9999.0 1664.811021 1679.019508 1667.252734 1694.562047 1728.859208 1764.692871 1796.786589 1833.835264 1861.814619 1893.163850 1933.331100 1965.923758 2007.177872 2043.766131 2100.073946 2171.463299 2226.222009 2250.382219 2266.331175 2325.937874 2392.526509 2452.569075 2479.546265 2508.627698 2552.122445 2607.450894 2630.802853 2636.647343 2657.441398 2701.826521 2758.981643 2800.997084 2788.748059 2783.449255 2791.976235 2803.862639 2825.337460 2825.075495 2826.079355 2828.830448 2834.713689 2834.599472 2811.534699 2779.823874 2763.739686 2751.569500 2713.916665 2638.069276 2598.449845 2566.233683 2524.978876 2466.350044 2400.622497 2385.298527 2325.553682 2265.782960 2203.715804 2180.628796 2147.565162 2120.061903 2090.197970 2090.496573 2091.980857 2069.106831 2033.762863 1999.021297 1981.748804 1960.689353 1947.177332 1975.671335 1991.724933 2020.624470 -9999.0 -9999.0 -9999.0 -9999.0
-9999.0 -9999.0 1603.051107 1651.614562 1710.547820 1720.771970 1721.167091 1728.633342 1759.087742 1812.998276 1886.258308 1933.995386 1973.702813 2009.458117 2070.117803 2146.882635 2218.391023 2268.369664 2334.433584 2412.407077 2481.803768 2517.049914 2533.998155 2577.225418 2637.202791 2708.950188 2741.368708 2769.508612 2802.112324 2833.945925 2835.248535 2847.072066 2857.873611 2866.917571 2878.987992 2885.818390 2884.087148 2881.559126 2864.595135 2860.709111 2867.176460 2873.355777 2873.530514 2859.707140 2856.014703 2870.762042 2876.900440 2876.704361 2875.301051 2880.856030 2879.234461 2834.568892 2804.168041 2787.678982 2771.581320 2722.379523 2652.131729 2611.173512 2587.983837 2540.923371 2459.909638 2405.385867 2351.239956 2301.252728 2245.362320 2213.710572 2165.572093 2121.185191 2072.325681 2023.179955 1996.397138 1975.608206 1970.274094 1967.292098 1981.689618 1995.327793 2009.538187 2016.744169 -9999.0 -9999.0
-9999.0 1496.492660 1569.152503 1695.328264 1777.437852 1823.185535 1850.446923 1869.736878 1900.894632 1933.480591 2034.442357 2111.833798 2202.431199 2243.500833 2295.208953 2396.536068 2496.710727 2549.155418 2593.155589 2658.138585 2726.161411 2780.154867 2809.994056 2810.912054 2850.381423 2874.338302 2882.709329 2888.926165 2886.403171 2876.286900 2865.802517 2870.055831 2864.996042 2844.805266 2827.570916 2824.585620 2821.020429 2799.350702 2771.657319 2757.829939 2760.351549 2786.487627 2772.550699 2751.605601 2747.802713 2769.596275 2792.169975 2783.770128 2770.957404 2790.980835 2826.350446 2850.315707 2858.128316 2875.821192 2895.802350 2867.371201 2840.183955 2797.136490 2776.014965 2747.037064 2687.254353 2624.741516 2566.701548 2500.645352 2429.478753 2359.743774 2293.009247 2227.650920 2159.850252 2115.394909 2080.067674 2026.107710 2002.200976 2000.836612 1989.790312 1984.931219 1989.139128 1994.687522 -9999.0 -9999.0
-9999.0 1409.876930 1551.839688 1735.942372 1886.596364 1944.731902 2037.838504 2113.471885 2140.599562 2106.738122 2216.574633 2440.313457 2557.680501 2580.037471 2657.272765 2756.679388 2766.921373 2802.266298 2827.146528 2845.576544 2861.090873 2874.770560 2874.513895 2870.864564 2858.289054 2853.556305 2854.809495 2853.634968 2835.990565 2814.277982 2792.549647 2784.204687 2759.327816 2708.168613 2669.318269 2647.785975 2629.604453 2614.050855 2587.313701 2562.744081 2546.522034 2561.496327 2558.415448 2541.597453 2537.647442 2559.725260 2590.152736 2587.945863 2600.454411 2623.375681 2665.398993 2708.836049 2734.286263 2766.539718 2806.174356 2852.851893 2866.798353 2889.857120 2894.534510 2879.320093 2834.199142 2778.824983 2743.939566 2680.112736 2606.371687 2523.426819 2454.582073 2389.046397 2317.562494 2267.255734 2211.852378 2145.455819 2086.396564 2061.459775 2019.286519 1998.808927 -9999.0 -9999.0 -9999.0 -9999.0
-9999.0 1321.805109 1507.389676 1760.609295 2049.423380 2154.321700 2369.022264 2502.044682 2558.715480 2633.105477 2579.165916 2756.829918 2806.491786 2805.768619 2814.323502 2821.962075 2839.628020 2842.477497 2837.793165 2826.356269 2816.556954 2812.243593 2811.287322 2804.785056 2794.420885 2781.881638 2768.986837 2757.393432 2718.959815 2681.664085 2636.860936 2616.040624 2569.963353 2469.704819 2420.180785 2376.731766 2315.661799 2312.873796 2313.512632 2287.734842 2270.177795 2246.576424 2272.093274 2280.666554 2283.892237 2282.827514 2296.474047 2323.897595 2372.196294 2412.217697 2461.303783 2519.616936 2561.068591 2607.545600 2654.766962 2713.928056 2750.943434 2784.846184 2837.317895 2877.180623 2901.482483 2889.694731 2865.939668 2819.759496 2748.134191 2683.934051 2635.587138 2563.661309 2498.436163 2440.484762 2380.390740 2311.604743 2232.635532 2149.927868 2105.344936 -9999.0 -9999.0 -9999.0 -9999.0 -9999.0
-9999.0 1125.133672 1392.095942 1673.691737 1977.649545 2321.292664 2482.011624 2606.272382 2684.102591 2666.703949 2687.359169 2708.068624 2753.942170 2764.815452 2746.039950 2737.205310 2724.187977 2722.141978 2730.893536 2698.754278 2664.460195 2648.177605 2646.869712 2635.642834 2613.500750 2599.374487 2591.280942 2571.895858 2521.580249 2464.709483 2372.591965 2332.713740 2249.717672 2196.563094 2150.056389 2097.109938 2046.081800 2046.985383 2067.994709 2056.705344 2036.199174 2018.849234 2047.056579 2067.139768 2080.029567 2066.567574 2074.586470 2109.962923 2159.863276 2205.794384 2258.185559 2316.800571 2365.774068 2415.839893 2451.231865 2506.192920 2562.045370 2613.601598 2691.082987 2773.688973 2815.871826 2853.223360 2886.470280 2905.640422 2856.926913 2813.752266 2767.050913 2710.939480 2639.386246 2590.420333 2550.788338 2477.411987 2401.542512 -9999.0 -9999.0 -9999.0 -9999.0 -9999.0 -9999.0 -9999.0
-9999.0 1004.197413 1213.612783 1429.875542 1704.102367 1944.830153 2157.334604 2267.440194 2355.521374 2415.882895 2465.868493 2505.976948 2538.743967 2563.441329 2544.933363 2503.350710 2473.212126 2474.711283 2462.614797 2431.308369 2394.795506 2375.534726 2370.335450 2363.336242 2340.459229 2328.439563 2319.928488 2298.219364 2267.323324 2209.253627 2126.973154 2048.854320 1987.489828 1957.523482 1927.509922 1894.614022 1861.144489 1871.955822 1884.608795 1883.305269 1874.987684 1873.658086 1903.007932 1922.388040 1932.374342 1921.120967 1940.103959 1965.926165 2007.006991 2051.163888 2101.563563 2157.837995 2213.007592 2243.469826 2259.162062 2286.622735 2329.401736 2387.889630 2479.902050 2581.409446 2664.960832 2718.760848 2775.045262 2817.155527 2838.162504 2853.065244 2838.081237 2771.135688 2682.090903 2670.859264 2662.439458 -9999.0 -9999.0 -9999.0 -9999.0 -9999.0 -9999.0 -9999.0 -9999.0 -9999.0
-9999.0 -9999.0 983.061966 1151.853612 1276.025199 1451.624824 1602.074012 1715.729863 1815.684152 1946.581996 2063.284938 2154.066599 2199.921638 2218.100697 2205.956238 2176.650351 2156.609883 2153.911976 2138.438780 2122.969531 2099.172355 2088.034744 2074.003412 2065.129135 2057.104832 2053.629508 2049.824658 2040.050780 2019.375404 1972.567355 1925.140977 1873.647639 1820.605808 1794.674470 1772.435980 1751.216985 1751.012200 1746.521707 1752.191324 1754.596906 1762.814976 1776.256154 1796.318657 1818.741088 1828.591475 1837.979535 1850.133625 1873.549049 1906.337279 1948.959732 2003.650975 2062.655734 2103.763591 2117.859475 2109.726978 2116.279640 2137.470850 2181.807613 2264.143511 2351.176271 2453.464151 2532.643381 2613.276517 2674.425740 2701.266028 2727.637846 2756.520919 2720.000126 2604.676828 2632.236967 -9999.0 -9999.0 -9999.0 -9999.0 -9999.0 -9999.0 -9999.0 -9999.0 -9999.0 -9999.0
-9999.0 -9999.0 -9999.0 -9999.0 1011.913202 1164.985122 1263.557847 1347.842219 1481.609606 1608.824527 1713.923509 1800.221551 1865.287593 1892.703759 1891.086657 1900.572213 1896.607884 1887.664035 1874.501400 1871.500314 1868.725007 1859.149440 1842.739562 1835.171618 1836.962165 1843.046621 1841.090831 1827.964417 1809.949796 1789.203704 1769.926835 1735.560970 1699.834105 1670.358575 1656.861232 1651.465504 1651.084934 1643.864055 1652.619461 1660.718973 1676.429254 1691.839731 1715.637958 1744.864239 1758.959367 1773.765539 1783.275893 1803.414807 1833.814337 1887.362499 1951.258917 2009.881577 2047.084936 2052.674966 2029.721931 2015.651314 2013.120582 2042.454740 2088.529180 2156.521714 2261.495747 2340.841593 2404.029518 2458.488111 2503.804899 2565.219506 2638.303432 2684.782695 -9999.0 -9999.0 -9999.0 -9999.0 -9999.0 -9999.0 -9999.0 -9999.0 -9999.0 -9999.0 -9999.0 -9999.0
-9999.0 -9999.0 -9999.0 -9999.0 -9999.0 -9999.0 977.539714 1081.529997 1159.774308 1304.649640 1441.364686 1545.880649 1627.949372 1661.550940 1690.616728 1718.537319 1716.781473 1696.388996 1674.326639 1691.370475 1704.377381 1696.615617 1665.005136 1664.768540 1670.246008 1678.629404 1676.666826 1670.653782 1645.730211 1658.379709 1659.550266 1635.887576 1609.577747 1595.650204 1583.545928 1592.993345 1593.080015 1579.278001 1579.507748 1606.835880 1627.536748 1640.757121 1662.429764 1695.676372 1728.104706 1743.498281 1744.805657 1750.641080 1789.928833 1860.098267 1932.301524 1988.533963 2021.975875 2031.045268 2005.410310 1966.687054 1947.798437 1956.309212 1992.418629 2046.108776 2124.247416 2177.197512 2207.766047 2228.244795 2254.931777 2354.255403 -9999.0 -9999.0 -9999.0 -9999.0 -9999.0 -9999.0 -9999.0 -9999.0 -9999.0 -9999.0 -9999.0 -9999.0 -9999.0 -9999.0
-9999.0 -9999.0 -9999.0 -9999.0 -9999.0 -9999.0 -9999.0 -9999.0 -9999.0 -9999.0 -9999.0 -9999.0 -9999.0 -9999.0 -9999.0 -9999.0 -9999.0 -9999.0 -9999.0 -9999.0 -9999.0 -9999.0 -9999.0 -9999.0 -9999.0 -9999.0 -9999.0 -9999.0 -9999.0 -9999.0 -9999.0 -9999.0 -9999.0 -9999.0 -9999.0 -9999.0 -9999.0 -9999.0 -9999.0 -9999.0 -9999.0 -9999.0 -9999.0 -9999.0 -9999.0 -9999.0 -9999.0 -9999.0 -9999.0 -9999.0 -9999.0 -9999.0 -9999.0 -9999.0 -9999.0 -9999.0 -9999.0 -9999.0 -9999.0 -9999.0 -9999.0 -9999.0 -9999.0 -9999.0 -9999.0 -9999.0 -9999.0 -9999.0 -9999.0 -9999.0 -9999.0 -9999.0 -9999.0 -9999.0 -9999.0 -9999.0 -9999.0 -9999.0 -9999.0 -9999.0
-9999.0 -9999.0 -9999.0 -9999.0 -9999.0 -9999.0 -9999.0 -9999.0 -9999.0 -9999.0 -9999.0 -9999.0 -9999.0 -9999.0 -9999.0 -9999.0 -9999.0 -9999.0 -9999.0 -9999.0 -9999.0 -9999.0 -9999.0 -9999.0 -9999.0 -9999.0 -9999.0 -9999.0 -9999.0 -9999.0 -9999.0 -9999.0 -9999.0 -9999.0 -9999.0 -9999.0 -9999.0 -9999.0 -9999.0 -9999.0 -9999.0 -9999.0 -9999.0 -9999.0 -9999.0 -9999.0 -9999.0 -9999.0 -9999.0 -9999.0 -9999.0 -9999.0 -9999.0 -9999.0 -9999.0 -9999.0 -9999.0 -9999.0 -9999.0 -9999.0 -9999.0 -9999.0 -9999.0 -9999.0 -9999.0 -9999.0 -9999.0 -9999.0 -9999.0 -9999.0 -9999.0 -9999.0 -9999.0 -9999.0 -9999.0 -9999.0 -9999.0 -9999.0 -9999.0 -9999.0