Borden_/Borden1m_014/output_maps/psiliqL0029N0015.asc
ncols         80
nrows         18
xllcorner     620200.000000
yllcorner     5168000.000000
cellsize      1.000000
NODATA_value  -9999.0
-9999.0 -9999.0 -9999.0 -9999.0 -9999.0 -9999.0 -9999.0 -9999.0 -9999.0 -9999.0 -9999.0 -9999.0 -9999.0 -9999.0 -9999.0 -9999.0 -9999.0 -9999.0 -9999.0 -9999.0 -9999.0 -9999.0 -9999.0 -9999.0 -9999.0 -9999.0 -9999.0 -9999.0 -9999.0 -9999.0 -9999.0 -9999.0 -9999.0 -9999.0 -9999.0 -9999.0 -9999.0 -9999.0 -9999.0 -9999.0 -9999.0 -9999.0 -9999.0 -9999.0 -9999.0 -9999.0 -9999.0 -9999.0 -9999.0 -9999.0 -9999.0 -9999.0 -9999.0 -9999.0 -9999.0 -9999.0 -9999.0 -9999.0 -9999.0 -9999.0 -9999.0 -9999.0 -9999.0 -9999.0 -9999.0 -9999.0 -9999.0 -9999.0 -9999.0 -9999.0 -9999.0 -9999.0 -9999.0 -9999.0 -9999.0 -9999.0 -9999.0 -9999.0 -9999.0 -9999.0
-9999.0 -9999.0 -9999.0 -9999.0 -9999.0 -9999.0 -9999.0 -9999.0 -9999.0 -9999.0 -9999.0 -9999.0 -9999.0 -9999.0 -9999.0 -9999.0 -9999.0 -9999.0 -9999.0 -9999.0 -9999.0 -9999.0 -9999.0 -9999.0 -9999.0 -9999.0 -9999.0 -9999.0 -9999.0 -9999.0 -9999.0 -9999.0 -9999.0 -9999.0 -9999.0 -9999.0 -9999.0 -9999.0 -9999.0 -9999.0 -9999.0 -9999.0 -9999.0 -9999.0 -9999.0 -9999.0 -9999.0 -9999.0 -9999.0 -9999.0 -9999.0 -9999.0 -9999.0 -9999.0 -9999.0 -9999.0 -9999.0 -9999.0 -9999.0 -9999.0 -9999.0 -9999.0 -9999.0 -9999.0 -9999.0 -9999.0 -9999.0 -9999.0 -9999.0 -9999.0 -9999.0 -9999.0 -9999.0 -9999.0 -9999.0 -9999.0 -9999.0 -9999.0 -9999.0 -9999.0
-9999.0 -9999.0 -9999.0 -9999.0 -9999.0 -9999.0 -9999.0 -9999.0 -9999.0 -9999.0 -9999.0 -9999.0 -9999.0 -9999.0 -9999.0 -9999.0 -9999.0 -9999.0 -9999.0 -9999.0 3925.068004 3925.622312 3904.003166 3869.686796 3841.235193 3842.814894 3875.156428 3915.458871 3954.169242 3960.731811 3941.149577 3945.076549 3940.483496 3934.988010 3934.475036 3942.300060 3949.407861 3958.651510 3965.191474 3962.385140 3954.693777 3949.693857 3952.859236 3954.100261 3960.588711 3945.173210 3961.662871 3978.201205 3982.739938 3980.530525 3957.514564 3946.432552 3938.727230 3923.223930 3950.440546 3962.225783 3986.056014 3990.985116 3989.120255 3962.679886 3932.778621 -9999.0 -9999.0 -9999.0 -9999.0 -9999.0 -9999.0 -9999.0 -9999.0 -9999.0 -9999.0 -9999.0 -9999.0 -9999.0 -9999.0 -9999.0 -9999.0 -9999.0 -9999.0 -9999.0
-9999.0 -9999.0 -9999.0 -9999.0 -9999.0 -9999.0 -9999.0 -9999.0 -9999.0 -9999.0 -9999.0 -9999.0 -9999.0 -9999.0 3835.110678 3826.450079 3823.356334 3830.142409 3862.105482 3892.170828 3903.560774 3895.882315 3895.398883 3870.116377 3846.406534 3858.346553 3887.330945 3917.196505 3950.008553 3966.368349 3955.226338 3952.272204 3958.236529 3976.051473 3982.625133 3978.621622 3961.396336 3985.847388 3998.370558 4001.698599 3999.350088 3989.145240 3996.784227 4010.347545 4003.184963 3988.353294 4000.762007 4016.529381 4026.843104 4020.049239 3963.338131 3953.225115 3950.479569 3947.355119 3934.812076 3931.894980 3961.375440 3961.223403 3954.643808 3937.988734 3904.865856 3859.694396 3841.057724 3882.602200 3926.637669 3983.111427 -9999.0 -9999.0 -9999.0 -9999.0 -9999.0 -9999.0 -9999.0 -9999.0 -9999.0 -9999.0 -9999.0 -9999.0 -9999.0 -9999.0
-9999.0 -9999.0 -9999.0 -9999.0 -9999.0 -9999.0 -9999.0 -9999.0 -9999.0 3777.814494 3783.985345 3790.634844 3792.893620 3807.599557 3803.806356 3810.335761 3813.196536 3840.161667 3868.868940 3901.593199 3927.756308 3918.159900 3916.095756 3918.007187 3909.655738 3916.018223 3935.817254 3971.486531 4000.519805 4034.391588 3999.516145 3993.777270 4010.733314 4050.397486 4070.642950 4071.032276 4052.088699 4071.117546 4094.317987 4108.416846 4104.321663 4097.476873 4124.024728 4139.819262 4131.488052 4109.130415 4110.688385 4120.049226 4150.316503 4099.363743 4032.960566 3997.701686 4016.602363 3997.605265 3974.798702 3966.297980 3968.233910 3989.068133 3978.472467 3945.666806 3913.487456 3901.922542 3885.679434 3908.237097 3932.264981 3979.185506 4019.774042 4050.144281 4049.744369 4032.710275 -9999.0 -9999.0 -9999.0 -9999.0 -9999.0 -9999.0 -9999.0 -9999.0 -9999.0 -9999.0
-9999.0 -9999.0 -9999.0 -9999.0 -9999.0 -9999.0 3699.406638 3709.991461 3730.598064 3732.361435 3758.800250 3763.170741 3781.164324 3797.396948 3818.797596 3830.194277 3853.409731 3882.144436 3916.458513 3952.222814 3978.293327 3964.737400 3968.866572 3985.179707 4008.422374 4024.465336 4046.589049 4084.287983 4156.566532 4192.368865 4181.258403 4181.170775 4189.160423 4240.182580 4304.385803 4314.147850 4293.289060 4280.720598 4305.731551 4344.238977 4340.774682 4339.413667 4353.874141 4365.333129 4392.360432 4380.414369 4344.523025 4341.187487 4350.180295 4324.921722 4252.849059 4196.678762 4181.251517 4133.846993 4049.162076 4009.211130 4037.846329 4068.405929 4048.643498 4000.140958 3969.958380 3966.061753 3956.286656 3951.403303 3965.829934 3990.075142 4014.653700 4029.381319 4017.959275 3997.371235 3976.184557 3948.357777 3951.375919 3976.400970 -9999.0 -9999.0 -9999.0 -9999.0 -9999.0 -9999.0
-9999.0 -9999.0 -9999.0 -9999.0 3650.328886 3662.916495 3647.022990 3673.093420 3704.381784 3737.322915 3763.203764 3793.103111 3814.741453 3840.081656 3870.831113 3889.103054 3918.353983 3946.384947 3991.748220 4051.188937 4093.880879 4104.805384 4112.271758 4162.436513 4218.280625 4264.423812 4283.199972 4309.701479 4357.897935 4415.012114 4436.786523 4438.843768 4455.855408 4501.797718 4561.105742 4597.106976 4578.957936 4569.402393 4580.865214 4596.357476 4618.532553 4618.552389 4619.711117 4624.517247 4633.084491 4630.711153 4602.749678 4568.686797 4555.488600 4544.731380 4503.461223 4429.423159 4400.712669 4370.382636 4323.411705 4267.382737 4224.277480 4229.382152 4173.824585 4117.774729 4070.273773 4065.522179 4047.449191 4033.460524 4018.667513 4033.273428 4047.061271 4033.032364 4003.376611 3974.691117 3962.287438 3945.147345 3933.847175 3965.438330 3983.511937 4012.817668 -9999.0 -9999.0 -9999.0 -9999.0
-9999.0 -9999.0 3591.910321 3635.916333 3692.503341 3697.341576 3688.070657 3689.496011 3714.659728 3762.526902 3821.139675 3854.398278 3879.474414 3908.969352 3957.465189 4015.241679 4072.910528 4115.109236 4174.114965 4244.538183 4303.903785 4330.029301 4338.029315 4374.406013 4430.718551 4503.109001 4532.350871 4559.812341 4593.164690 4631.610892 4618.029152 4627.857675 4641.471637 4657.124609 4674.767146 4683.330874 4677.945068 4673.226322 4654.355616 4648.698959 4655.087765 4664.063969 4662.353736 4647.287548 4643.288055 4658.693382 4665.587837 4663.060463 4659.421600 4663.706110 4656.801180 4605.310751 4593.219300 4577.120989 4563.903900 4516.331283 4447.763214 4416.648381 4393.594704 4350.795579 4276.405175 4241.315704 4203.159028 4170.141144 4134.507644 4124.249184 4093.923082 4063.007773 4025.243619 3985.202643 3966.893641 3953.471786 3953.563422 3954.356920 3972.538406 3988.335051 4004.410549 4012.534604 -9999.0 -9999.0
-9999.0 3480.193657 3550.370032 3669.980487 3746.386686 3780.455647 3782.151732 3779.554027 3803.864616 3838.226366 3920.522844 3960.653000 4043.309589 4082.578706 4121.944643 4212.059524 4309.102771 4354.087123 4395.027191 4462.344455 4531.058986 4579.557911 4606.607486 4576.892099 4618.890425 4653.970510 4663.858094 4672.176811 4673.543764 4664.894229 4658.965988 4665.418173 4662.151297 4642.336527 4625.659990 4623.674373 4620.127828 4596.254314 4568.287664 4552.166157 4552.925653 4578.589821 4564.953253 4543.303144 4538.776515 4560.866597 4583.288480 4572.226472 4558.883046 4575.660080 4611.072625 4637.625031 4636.345069 4655.565750 4676.843135 4646.700227 4627.173438 4581.691103 4564.215934 4538.333485 4479.846807 4424.842607 4376.055137 4327.822600 4276.103499 4228.893089 4181.804838 4134.988624 4082.681492 4050.419640 4027.005986 3985.784875 3974.894008 3982.359864 3978.256397 3977.029391 3983.759316 3990.392078 -9999.0 -9999.0
-9999.0 3378.747836 3515.995692 3690.741416 3831.284524 3866.973930 3918.001527 3968.515154 3979.896256 3918.466327 4020.404259 4240.580687 4371.586714 4391.502653 4470.337177 4569.945265 4543.869508 4576.616652 4601.259186 4632.383332 4657.299876 4673.461171 4672.217218 4667.583442 4650.680402 4642.579395 4641.588245 4639.335206 4621.442881 4602.043304 4584.905695 4581.285630 4562.466698 4510.432654 4476.258088 4457.701186 4436.579872 4423.813069 4397.270580 4370.698122 4353.015734 4361.571636 4361.331161 4348.835591 4344.447879 4361.883592 4392.904164 4392.310449 4406.176910 4426.224330 4461.856643 4501.279902 4520.872927 4550.631029 4586.843023 4636.783745 4644.071559 4666.907553 4669.349670 4661.039140 4612.903467 4560.151999 4530.228567 4473.853171 4414.146965 4352.315111 4302.759351 4257.877946 4202.196421 4168.966001 4130.583391 4077.217179 4036.554683 4032.046122 3999.661991 3988.069510 -9999.0 -9999.0 -9999.0 -9999.0
-9999.0 3268.947793 3444.864441 3676.835930 3976.113849 4038.440954 4243.287537 4358.281944 4395.855684 4465.749739 4321.504435 4548.621002 4608.269866 4605.039807 4627.162123 4631.405286 4646.457009 4645.426677 4640.316985 4629.022662 4619.050000 4614.180478 4613.245432 4605.257160 4592.458428 4577.640854 4565.480984 4553.581651 4515.942242 4483.164064 4441.815330 4428.717076 4381.036198 4287.616705 4248.955742 4208.453873 4145.038135 4148.905376 4159.432467 4135.994491 4115.800479 4085.004221 4116.949857 4129.828805 4134.823397 4128.332308 4136.454769 4167.518468 4217.619804 4252.756956 4291.695130 4340.314931 4371.517435 4411.076161 4450.524147 4503.417049 4535.476902 4564.815601 4615.273748 4652.654280 4675.720951 4660.665809 4643.569391 4597.029083 4536.049395 4486.268110 4456.462078 4404.848146 4360.908128 4317.613508 4271.122540 4218.377523 4156.755003 4108.763617 4075.854043 -9999.0 -9999.0 -9999.0 -9999.0 -9999.0
-9999.0 3032.383279 3293.989673 3551.450845 3813.946302 4163.428170 4351.476609 4441.997425 4507.350846 4497.217429 4527.111855 4531.736438 4569.599604 4577.900545 4556.678159 4541.907515 4522.994515 4521.904218 4535.082661 4507.111982 4476.037399 4462.241093 4463.246399 4452.577760 4428.167469 4413.332685 4404.156398 4385.044712 4341.771753 4290.388084 4204.288398 4166.939874 4085.714211 4050.933945 4015.829046 3968.866980 3925.519182 3932.664310 3959.247694 3951.630862 3931.287892 3914.752556 3945.047519 3967.008777 3980.738069 3963.358995 3969.692097 4004.210138 4050.623790 4091.130094 4134.682377 4182.564689 4225.042427 4263.548160 4282.895176 4320.841639 4363.360111 4405.411254 4476.499458 4556.992767 4594.367819 4629.938034 4657.753643 4680.147946 4636.606813 4611.260217 4586.821727 4562.490536 4515.348244 4469.420787 4428.819082 4362.666718 4303.077080 -9999.0 -9999.0 -9999.0 -9999.0 -9999.0 -9999.0 -9999.0
-9999.0 2924.860983 3107.646355 3284.756004 3520.632677 3749.123719 3982.995904 4073.051472 4144.695693 4228.376314 4289.133980 4329.403884 4355.235768 4377.472797 4355.095132 4307.260879 4274.115391 4279.407181 4269.055327 4248.757917 4221.395936 4208.857078 4205.870931 4201.513606 4180.923096 4171.478123 4165.263974 4147.686824 4123.676472 4070.635292 4000.686198 3926.383674 3874.263949 3858.201544 3837.610632 3812.537952 3788.741253 3803.018134 3815.643466 3816.886279 3811.870262 3813.273216 3842.306382 3862.570397 3871.960536 3861.560060 3879.661454 3901.964138 3937.860785 3976.672990 4020.884800 4070.554188 4118.644043 4137.370330 4137.347458 4146.182430 4172.168583 4214.491717 4290.456164 4377.067894 4457.466991 4504.092641 4555.740271 4596.819959 4626.272403 4648.798126 4673.045428 4667.519105 4640.392877 4606.319698 4546.009458 -9999.0 -9999.0 -9999.0 -9999.0 -9999.0 -9999.0 -9999.0 -9999.0 -9999.0
-9999.0 -9999.0 2884.188885 3024.625032 3103.855535 3256.169380 3392.216472 3496.867920 3602.579412 3753.802539 3882.598615 3980.372147 4028.530307 4044.444824 4031.251637 4004.712592 3988.990822 3988.447416 3976.188637 3971.368002 3958.970271 3954.552985 3942.266512 3935.185488 3933.259129 3934.388419 3933.236461 3926.189301 3911.205888 3871.554008 3838.576636 3796.630775 3752.843922 3733.015425 3716.791591 3702.049722 3708.643229 3703.857904 3709.732217 3713.521244 3724.484820 3739.486279 3758.690557 3781.793263 3791.498379 3802.255474 3812.594198 3833.546684 3862.557113 3902.211647 3953.100593 4007.610222 4042.989443 4048.780037 4029.035102 4021.888454 4027.485189 4053.883276 4114.034141 4181.684493 4273.035834 4339.652688 4406.990821 4464.000791 4491.395835 4527.807608 4599.909200 4648.076022 4692.858104 4670.325494 -9999.0 -9999.0 -9999.0 -9999.0 -9999.0 -9999.0 -9999.0 -9999.0 -9999.0 -9999.0
-9999.0 -9999.0 -9999.0 -9999.0 2881.648880 3020.755310 3114.632476 3188.855823 3322.492454 3455.305450 3562.366968 3651.309988 3723.419337 3750.040531 3753.724445 3775.204520 3775.859110 3765.572579 3754.323032 3761.659369 3769.131135 3763.692704 3746.158489 3741.078008 3747.132767 3757.412134 3757.338298 3746.402948 3730.025512 3720.798965 3712.467822 3685.021458 3655.968042 3631.077394 3621.453014 3621.087211 3622.704498 3615.510210 3624.555860 3634.803492 3651.474096 3666.808891 3690.303761 3720.368529 3735.502604 3750.100352 3758.104580 3775.661515 3803.688731 3854.666522 3915.989171 3972.405835 4006.269887 4005.981378 3976.583153 3953.622172 3939.306196 3954.778281 3981.258333 4029.326143 4117.766876 4179.604723 4222.992725 4260.198363 4296.546212 4363.414467 4460.962185 4543.810884 -9999.0 -9999.0 -9999.0 -9999.0 -9999.0 -9999.0 -9999.0 -9999.0 -9999.0 -9999.0 -9999.0 -9999.0
-9999.0 -9999.0 -9999.0 -9999.0 -9999.0 -9999.0 2858.665139 2964.741431 3020.867098 3177.703007 3328.396606 3438.060720 3522.798552 3560.909110 3598.475980 3630.803395 3632.602062 3611.687160 3588.836520 3612.361431 3634.394016 3628.167434 3595.096463 3598.258745 3607.527244 3616.780642 3615.976678 3612.468542 3590.643533 3612.315969 3621.113662 3601.639675 3579.444657 3570.012617 3560.754315 3572.554331 3574.024227 3560.321080 3559.258932 3588.384657 3610.271230 3623.226128 3643.963731 3677.203944 3709.718860 3725.479948 3725.938298 3729.737147 3764.766292 3832.164270 3903.005457 3958.162865 3989.113426 3993.265751 3961.806760 3916.160706 3889.061290 3886.414429 3908.814950 3945.727969 4005.052017 4039.622782 4047.288868 4044.416198 4053.871694 4155.789826 -9999.0 -9999.0 -9999.0 -9999.0 -9999.0 -9999.0 -9999.0 -9999.0 -9999.0 -9999.0 -9999.0 -9999.0 -9999.0 -9999.0
-9999.0 -9999.0 -9999.0 -9999.0 -9999.0 -9999.0 -9999.0 -9999.0 -9999.0 -9999.0 -9999.0 -9999.0 -9999.0 -9999.0 -9999.0 -9999.0 -9999.0 -9999.0 -9999.0 -9999.0 -9999.0 -9999.0 -9999.0 -9999.0 -9999.0 -9999.0 -9999.0 -9999.0 -9999.0 -9999.0 -9999.0 -9999.0 -9999.0 -9999.0 -9999.0 -9999.0 -9999.0 -9999.0 -9999.0 -9999.0 -9999.0 -9999.0 -9999.0 -9999.0 -9999.0 -9999.0 -9999.0 -9999.0 -9999.0 -9999.0 -9999.0 -9999.0 -9999.0 -9999.0 -9999.0 -9999.0 -9999.0 -9999.0 -9999.0 -9999.0 -9999.0 -9999.0 -9999.0 -9999.0 -9999.0 -9999.0 -9999.0 -9999.0 -9999.0 -9999.0 -9999.0 -9999.0 -9999.0 -9999.0 -9999.0 -9999.0 -9999.0 -9999.0 -9999.0 -9999.0
-9999.0 -9999.0 -9999.0 -9999.0 -9999.0 -9999.0 -9999.0 -9999.0 -9999.0 -9999.0 -9999.0 -9999.0 -9999.0 -9999.0 -9999.0 -9999.0 -9999.0 -9999.0 -9999.0 -9999.0 -9999.0 -9999.0 -9999.0 -9999.0 -9999.0 -9999.0 -9999.0 -9999.0 -9999.0 -9999.0 -9999.0 -9999.0 -9999.0 -9999.0 -9999.0 -9999.0 -9999.0 -9999.0 -9999.0 -9999.0 -9999.0 -9999.0 -9999.0 -9999.0 -9999.0 -9999.0 -9999.0 -9999.0 -9999.0 -9999.0 -9999.0 -9999.0 -9999.0 -9999.0 -9999.0 -9999.0 -9999.0 -9999.0 -9999.0 -9999.0 -9999.0 -9999.0 -9999.0 -9999.0 -9999.0 -9999.0 -9999.0 -9999.0 -9999.0 -9999.0 -9999.0 -9999.0 -9999.0 -9999.0 -9999.0 -9999.0 -9999.0 -9999.0 -9999.0 -9999.0