Borden_/Borden1m_014/output_maps/psiliqL0022N0028.asc
ncols         80
nrows         18
xllcorner     620200.000000
yllcorner     5168000.000000
cellsize      1.000000
NODATA_value  -9999.0
-9999.0 -9999.0 -9999.0 -9999.0 -9999.0 -9999.0 -9999.0 -9999.0 -9999.0 -9999.0 -9999.0 -9999.0 -9999.0 -9999.0 -9999.0 -9999.0 -9999.0 -9999.0 -9999.0 -9999.0 -9999.0 -9999.0 -9999.0 -9999.0 -9999.0 -9999.0 -9999.0 -9999.0 -9999.0 -9999.0 -9999.0 -9999.0 -9999.0 -9999.0 -9999.0 -9999.0 -9999.0 -9999.0 -9999.0 -9999.0 -9999.0 -9999.0 -9999.0 -9999.0 -9999.0 -9999.0 -9999.0 -9999.0 -9999.0 -9999.0 -9999.0 -9999.0 -9999.0 -9999.0 -9999.0 -9999.0 -9999.0 -9999.0 -9999.0 -9999.0 -9999.0 -9999.0 -9999.0 -9999.0 -9999.0 -9999.0 -9999.0 -9999.0 -9999.0 -9999.0 -9999.0 -9999.0 -9999.0 -9999.0 -9999.0 -9999.0 -9999.0 -9999.0 -9999.0 -9999.0
-9999.0 -9999.0 -9999.0 -9999.0 -9999.0 -9999.0 -9999.0 -9999.0 -9999.0 -9999.0 -9999.0 -9999.0 -9999.0 -9999.0 -9999.0 -9999.0 -9999.0 -9999.0 -9999.0 -9999.0 -9999.0 -9999.0 -9999.0 -9999.0 -9999.0 -9999.0 -9999.0 -9999.0 -9999.0 -9999.0 -9999.0 -9999.0 -9999.0 -9999.0 -9999.0 -9999.0 -9999.0 -9999.0 -9999.0 -9999.0 -9999.0 -9999.0 -9999.0 -9999.0 -9999.0 -9999.0 -9999.0 -9999.0 -9999.0 -9999.0 -9999.0 -9999.0 -9999.0 -9999.0 -9999.0 -9999.0 -9999.0 -9999.0 -9999.0 -9999.0 -9999.0 -9999.0 -9999.0 -9999.0 -9999.0 -9999.0 -9999.0 -9999.0 -9999.0 -9999.0 -9999.0 -9999.0 -9999.0 -9999.0 -9999.0 -9999.0 -9999.0 -9999.0 -9999.0 -9999.0
-9999.0 -9999.0 -9999.0 -9999.0 -9999.0 -9999.0 -9999.0 -9999.0 -9999.0 -9999.0 -9999.0 -9999.0 -9999.0 -9999.0 -9999.0 -9999.0 -9999.0 -9999.0 -9999.0 -9999.0 2556.152765 2558.506396 2538.081157 2505.855566 2479.699706 2483.810274 2519.523586 2562.598082 2603.707746 2614.388289 2598.026538 2603.437297 2600.605781 2598.129162 2600.228914 2608.849135 2616.200728 2627.020633 2635.624664 2635.396925 2629.970279 2626.209573 2628.841386 2631.143886 2636.716002 2622.440765 2636.345918 2650.128256 2652.596709 2646.384816 2618.961838 2603.111836 2591.758520 2573.183547 2596.201660 2605.407053 2625.211403 2627.053292 2623.085701 2595.085950 2564.223264 -9999.0 -9999.0 -9999.0 -9999.0 -9999.0 -9999.0 -9999.0 -9999.0 -9999.0 -9999.0 -9999.0 -9999.0 -9999.0 -9999.0 -9999.0 -9999.0 -9999.0 -9999.0 -9999.0
-9999.0 -9999.0 -9999.0 -9999.0 -9999.0 -9999.0 -9999.0 -9999.0 -9999.0 -9999.0 -9999.0 -9999.0 -9999.0 -9999.0 2461.220590 2453.398448 2452.330601 2461.919142 2496.523599 2528.054989 2539.987950 2533.867926 2535.365513 2512.940698 2492.992744 2508.356911 2540.191490 2572.855350 2608.912731 2629.722224 2621.097619 2620.795117 2630.368319 2653.957936 2664.738788 2662.360962 2644.500206 2670.164898 2685.588611 2692.934647 2693.142721 2685.199247 2695.906764 2710.575574 2703.079891 2686.165044 2693.830332 2705.748497 2714.459386 2701.660927 2638.006484 2620.750426 2614.050615 2606.163730 2589.983334 2583.233215 2608.259795 2604.767993 2594.756471 2575.546895 2541.157921 2495.622130 2475.162844 2513.104491 2554.894786 2609.388472 -9999.0 -9999.0 -9999.0 -9999.0 -9999.0 -9999.0 -9999.0 -9999.0 -9999.0 -9999.0 -9999.0 -9999.0 -9999.0 -9999.0
-9999.0 -9999.0 -9999.0 -9999.0 -9999.0 -9999.0 -9999.0 -9999.0 -9999.0 2398.508589 2405.033110 2413.821267 2418.316479 2435.520338 2433.673222 2442.461324 2449.651713 2479.055478 2511.053856 2546.877100 2575.546601 2569.072302 2569.827211 2577.740804 2577.473369 2589.210448 2612.678892 2654.763439 2690.033338 2729.958196 2700.976702 2699.423752 2719.405058 2763.982401 2791.099537 2795.230075 2777.481480 2792.708874 2818.100743 2837.608145 2837.076641 2833.754265 2858.788027 2873.544264 2869.097807 2846.980519 2841.765026 2844.919949 2870.326797 2816.799157 2747.930760 2702.688006 2711.391824 2685.583962 2652.831217 2634.582197 2631.584936 2649.662946 2633.844206 2595.394361 2559.557758 2545.926725 2526.404188 2543.527142 2564.005435 2607.317750 2644.584072 2671.316932 2668.429073 2649.517881 -9999.0 -9999.0 -9999.0 -9999.0 -9999.0 -9999.0 -9999.0 -9999.0 -9999.0 -9999.0
-9999.0 -9999.0 -9999.0 -9999.0 -9999.0 -9999.0 2317.009486 2328.518095 2350.868573 2355.657314 2383.671849 2391.640921 2413.740628 2434.235202 2458.308517 2474.993492 2504.499755 2538.096915 2577.442039 2619.290164 2652.401943 2645.038607 2656.277745 2680.259400 2713.590615 2738.700356 2765.314117 2806.961912 2809.512760 2845.962449 2842.923318 2845.203478 2854.393898 2904.643163 2968.782879 2980.824851 2960.677219 2947.366688 2969.705661 3006.223759 3006.263461 3005.439497 2990.051038 2999.884236 3026.430224 3016.988511 3007.929305 3000.348886 3004.627507 2983.947486 2917.554123 2858.430836 2835.933152 2858.169475 2773.665794 2723.822846 2738.570343 2759.709462 2732.042196 2679.026355 2638.895897 2628.367974 2612.430530 2599.910984 2607.142309 2625.289826 2644.930595 2654.223904 2638.703103 2615.127418 2591.050773 2560.988229 2561.881086 2585.944769 -9999.0 -9999.0 -9999.0 -9999.0 -9999.0 -9999.0
-9999.0 -9999.0 -9999.0 -9999.0 2264.953770 2279.204708 2267.053111 2295.017959 2329.661822 2365.946432 2397.372924 2434.267875 2462.314996 2493.662554 2531.902931 2561.306943 2600.170213 2634.973328 2688.330268 2755.612903 2806.093687 2826.655849 2841.109065 2820.891568 2877.819148 2926.832712 2946.483839 2972.419912 2988.276572 3043.617387 3066.297638 3069.837588 3086.732917 3127.229587 3180.290305 3209.639722 3192.483048 3184.030217 3192.671534 3205.714227 3227.825864 3227.947093 3228.711785 3232.147450 3238.848915 3237.730811 3212.913886 3180.236285 3172.540713 3163.061561 3128.312052 3058.267042 3026.510460 3000.112763 2988.417026 2935.323390 2882.519509 2878.271256 2824.248405 2834.506717 2776.263048 2759.002764 2730.432736 2706.487507 2681.402493 2684.617291 2687.897270 2665.649077 2630.140722 2595.670923 2579.287900 2559.076078 2546.045643 2575.341275 2591.625148 2620.445967 -9999.0 -9999.0 -9999.0 -9999.0
-9999.0 -9999.0 2202.957473 2250.506051 2309.329397 2318.578983 2316.991689 2323.936568 2354.449656 2408.295888 2479.503724 2524.360456 2561.845524 2597.752518 2657.853368 2728.603611 2796.817250 2844.227896 2833.073083 2901.832417 2961.853698 2990.214386 3001.081721 3008.322034 3060.986144 3126.682620 3153.561691 3179.046639 3203.808865 3238.098931 3235.834779 3247.429439 3258.573601 3268.249043 3280.359411 3285.900573 3281.570502 3277.089584 3258.910231 3254.241267 3260.828222 3267.775285 3267.590202 3253.332253 3249.392100 3263.959483 3269.435243 3267.826213 3265.969332 3271.447728 3269.467758 3224.397100 3200.990889 3186.745944 3181.973696 3137.186610 3072.303731 3038.558369 3019.025796 3006.753346 2932.886149 2891.121619 2848.594898 2811.358063 2822.150555 2796.425924 2751.858482 2709.811472 2662.076532 2614.180975 2589.163537 2570.992855 2567.731971 2565.926184 2581.501652 2595.392270 2609.851436 2617.161576 -9999.0 -9999.0
-9999.0 2094.610959 2166.667292 2291.184253 2371.856869 2414.813550 2435.177077 2449.216375 2480.556600 2516.474976 2613.091572 2681.416773 2771.442455 2814.525156 2863.898591 2883.528812 2975.594794 2993.450691 3029.208618 3088.884933 3151.353156 3192.124794 3217.586078 3205.705982 3242.427699 3266.074315 3272.199337 3277.747889 3276.198784 3267.837620 3260.721911 3267.617778 3265.015567 3246.459973 3230.975814 3229.446300 3226.179027 3203.476777 3181.520823 3166.714228 3168.979785 3187.924586 3180.299503 3159.548232 3155.270583 3176.201384 3191.393727 3181.084755 3173.443636 3184.533353 3218.251032 3241.418585 3245.231355 3263.016951 3283.951171 3256.100122 3232.761329 3190.696586 3179.649103 3154.886478 3099.548764 3044.809586 2997.526812 2973.716055 2918.671515 2865.289585 2814.293264 2799.468100 2734.721358 2692.998782 2662.242056 2613.903590 2595.311029 2597.590106 2588.643282 2584.946528 2589.426838 2595.095593 -9999.0 -9999.0
-9999.0 2003.590616 2144.176775 2325.492356 2473.184102 2524.105272 2603.463876 2673.616965 2698.681914 2658.399150 2768.132914 2924.038995 3014.877894 3029.406703 3101.033982 3185.817700 3178.398320 3207.814353 3229.310389 3248.922652 3264.810937 3276.907186 3274.632241 3268.847901 3252.817542 3244.923683 3244.230266 3242.275423 3225.399865 3206.906865 3190.444992 3187.838245 3175.920429 3129.494936 3097.157536 3080.722122 3064.010215 3049.753332 3021.817516 2997.513601 3008.579469 2994.643092 2991.264400 3003.042999 2998.801725 2991.261754 3021.623795 3017.496830 3027.124904 3046.309423 3081.724679 3118.621302 3137.386775 3165.833120 3195.338373 3240.975218 3251.462837 3273.434788 3276.935302 3263.993100 3219.349592 3174.738649 3145.789429 3091.637445 3032.233882 2995.211989 2943.259073 2894.928191 2836.789605 2799.487176 2776.272956 2719.439418 2670.544753 2654.404826 2615.966552 2598.135576 -9999.0 -9999.0 -9999.0 -9999.0
-9999.0 1909.117230 2091.718962 2338.079490 2629.662170 2719.187609 2894.786662 2996.027205 3035.783940 3099.976950 3010.578577 3187.971808 3232.325993 3225.248833 3233.449092 3235.356739 3248.727933 3248.562762 3243.534506 3232.863356 3223.745259 3219.536121 3218.331066 3210.510340 3198.095500 3183.779189 3177.441099 3166.496081 3131.161733 3100.005535 3063.040247 3051.022881 3010.984925 2946.314631 2906.380546 2868.715696 2809.801478 2809.781813 2813.752477 2854.943879 2835.604069 2807.731641 2834.647157 2845.718764 2850.168767 2847.740853 2861.054709 2820.058546 2865.687367 2900.508996 2940.940525 2988.860347 2991.712168 3030.116063 3070.276841 3121.934789 3151.856422 3180.277779 3221.733820 3258.220087 3280.465045 3267.716936 3247.352581 3204.987460 3150.968005 3102.087816 3073.493108 3023.940516 2996.386922 2950.343238 2902.783527 2848.688973 2803.548858 2738.308073 2699.071387 -9999.0 -9999.0 -9999.0 -9999.0 -9999.0
-9999.0 1700.687322 1965.978047 2239.889378 2529.587400 2847.960558 2990.891116 3089.300807 3149.681696 3124.218356 3139.597581 3148.369338 3180.241888 3186.203686 3169.190974 3156.878866 3140.919712 3139.847690 3152.757288 3126.186606 3096.932954 3084.105778 3084.818705 3074.044418 3050.875314 3035.917170 3026.580529 3009.823296 2992.287334 2942.389051 2859.493902 2827.593249 2816.114505 2770.685555 2729.158613 2678.699588 2628.106084 2629.613653 2651.141469 2639.389564 2617.634735 2599.554378 2627.996826 2649.852434 2663.666599 2649.982606 2658.728696 2693.851642 2743.857801 2789.011890 2838.448693 2824.139205 2865.273362 2906.810767 2931.402520 2973.981308 2987.880872 3028.585550 3097.407914 3172.849102 3201.475243 3234.780658 3265.054075 3286.237286 3244.287141 3216.742558 3193.944057 3174.791116 3129.221207 3084.418608 3044.035753 2981.513039 2934.371837 -9999.0 -9999.0 -9999.0 -9999.0 -9999.0 -9999.0 -9999.0
-9999.0 1583.756035 1785.669082 1990.173979 2252.529697 2488.588320 2707.940517 2810.773196 2841.144257 2899.679354 2947.172955 2983.158849 2987.910333 3008.495110 2986.153561 2967.011700 2936.279857 2940.848826 2933.491517 2911.505265 2883.269513 2869.612701 2866.952769 2861.380883 2839.231470 2827.782403 2820.685261 2866.813205 2837.454565 2780.957820 2703.663111 2626.506118 2569.544602 2544.045123 2517.131502 2486.677417 2456.294626 2467.058802 2477.696243 2476.614002 2468.394773 2467.218570 2496.087739 2515.104414 2525.247239 2515.011375 2534.749243 2560.592542 2601.165587 2645.860459 2695.316818 2749.179296 2803.136842 2830.795791 2841.677778 2862.408575 2822.171046 2867.671335 2946.272714 3003.699597 3077.572262 3121.775304 3171.134637 3204.121237 3230.443398 3258.303296 3278.114123 3269.162958 3244.497216 3212.210274 3157.988955 -9999.0 -9999.0 -9999.0 -9999.0 -9999.0 -9999.0 -9999.0 -9999.0 -9999.0
-9999.0 -9999.0 1557.499230 1718.506276 1829.855502 1998.652966 2144.803114 2254.973760 2354.566897 2490.442308 2609.783756 2703.973564 2750.995421 2769.602683 2758.001439 2731.082765 2713.625005 2713.803168 2702.730787 2694.631066 2677.808132 2670.668545 2656.681502 2647.912632 2640.530786 2636.749187 2631.923568 2622.272115 2602.003490 2556.684404 2513.668886 2465.612702 2414.758300 2390.369625 2369.616109 2349.949578 2351.265327 2345.876745 2350.643144 2352.715233 2361.128526 2374.609866 2394.222237 2417.072758 2427.222105 2437.613650 2450.029091 2473.653338 2506.309104 2548.541588 2602.929273 2662.500913 2703.328674 2716.128776 2705.310144 2708.140765 2723.859800 2762.946303 2837.843803 2837.210176 2926.822402 2992.435412 3029.635644 3083.846348 3109.494867 3145.115152 3208.017247 3255.480196 3294.252399 3272.211171 -9999.0 -9999.0 -9999.0 -9999.0 -9999.0 -9999.0 -9999.0 -9999.0 -9999.0 -9999.0
-9999.0 -9999.0 -9999.0 -9999.0 1579.044749 1728.980587 1826.790837 1908.239410 2041.372237 2169.589709 2275.201148 2362.265414 2430.077098 2458.493842 2459.309297 2473.216937 2471.731592 2464.026287 2453.649498 2456.215090 2458.605425 2451.591934 2435.558983 2428.466370 2430.637193 2436.690317 2433.832963 2419.967563 2401.168986 2382.939209 2366.355178 2333.673603 2299.686299 2271.071744 2258.206514 2253.773868 2253.404074 2245.540492 2253.723255 2261.887738 2277.429894 2292.510614 2316.047743 2345.377837 2360.000100 2375.193285 2384.875587 2404.969770 2435.740475 2489.476171 2553.570729 2612.095074 2650.035684 2655.212215 2631.519035 2615.617055 2610.574496 2636.540238 2678.536038 2740.468913 2839.790286 2829.513658 2877.765672 2919.615455 2956.248210 2989.196585 3078.733240 3156.988042 -9999.0 -9999.0 -9999.0 -9999.0 -9999.0 -9999.0 -9999.0 -9999.0 -9999.0 -9999.0 -9999.0 -9999.0
-9999.0 -9999.0 -9999.0 -9999.0 -9999.0 -9999.0 1550.054188 1654.694007 1727.269903 1875.722895 2016.631639 2123.121813 2206.632136 2242.193484 2274.615691 2304.657726 2304.971258 2285.748032 2265.048585 2285.681104 2302.775067 2296.401297 2264.942047 2265.480130 2271.322814 2278.865297 2275.982197 2269.431504 2244.236005 2258.572736 2261.214273 2238.128628 2212.447134 2199.203421 2187.415953 2197.013447 2196.951921 2182.620978 2181.941132 2209.309304 2229.993820 2242.894139 2264.174174 2297.424992 2330.088899 2345.989699 2347.596782 2353.473601 2392.119245 2462.435157 2535.216043 2591.964799 2625.781557 2634.748269 2609.431406 2569.786555 2549.875209 2556.546733 2589.795131 2639.314788 2712.989649 2758.993932 2779.302781 2786.370033 2799.833191 2816.413219 -9999.0 -9999.0 -9999.0 -9999.0 -9999.0 -9999.0 -9999.0 -9999.0 -9999.0 -9999.0 -9999.0 -9999.0 -9999.0 -9999.0
-9999.0 -9999.0 -9999.0 -9999.0 -9999.0 -9999.0 -9999.0 -9999.0 -9999.0 -9999.0 -9999.0 -9999.0 -9999.0 -9999.0 -9999.0 -9999.0 -9999.0 -9999.0 -9999.0 -9999.0 -9999.0 -9999.0 -9999.0 -9999.0 -9999.0 -9999.0 -9999.0 -9999.0 -9999.0 -9999.0 -9999.0 -9999.0 -9999.0 -9999.0 -9999.0 -9999.0 -9999.0 -9999.0 -9999.0 -9999.0 -9999.0 -9999.0 -9999.0 -9999.0 -9999.0 -9999.0 -9999.0 -9999.0 -9999.0 -9999.0 -9999.0 -9999.0 -9999.0 -9999.0 -9999.0 -9999.0 -9999.0 -9999.0 -9999.0 -9999.0 -9999.0 -9999.0 -9999.0 -9999.0 -9999.0 -9999.0 -9999.0 -9999.0 -9999.0 -9999.0 -9999.0 -9999.0 -9999.0 -9999.0 -9999.0 -9999.0 -9999.0 -9999.0 -9999.0 -9999.0
-9999.0 -9999.0 -9999.0 -9999.0 -9999.0 -9999.0 -9999.0 -9999.0 -9999.0 -9999.0 -9999.0 -9999.0 -9999.0 -9999.0 -9999.0 -9999.0 -9999.0 -9999.0 -9999.0 -9999.0 -9999.0 -9999.0 -9999.0 -9999.0 -9999.0 -9999.0 -9999.0 -9999.0 -9999.0 -9999.0 -9999.0 -9999.0 -9999.0 -9999.0 -9999.0 -9999.0 -9999.0 -9999.0 -9999.0 -9999.0 -9999.0 -9999.0 -9999.0 -9999.0 -9999.0 -9999.0 -9999.0 -9999.0 -9999.0 -9999.0 -9999.0 -9999.0 -9999.0 -9999.0 -9999.0 -9999.0 -9999.0 -9999.0 -9999.0 -9999.0 -9999.0 -9999.0 -9999.0 -9999.0 -9999.0 -9999.0 -9999.0 -9999.0 -9999.0 -9999.0 -9999.0 -9999.0 -9999.0 -9999.0 -9999.0 -9999.0 -9999.0 -9999.0 -9999.0 -9999.0