Borden_/Borden1m_014/output_maps/psiliqL0027N0012.asc
ncols         80
nrows         18
xllcorner     620200.000000
yllcorner     5168000.000000
cellsize      1.000000
NODATA_value  -9999.0
-9999.0 -9999.0 -9999.0 -9999.0 -9999.0 -9999.0 -9999.0 -9999.0 -9999.0 -9999.0 -9999.0 -9999.0 -9999.0 -9999.0 -9999.0 -9999.0 -9999.0 -9999.0 -9999.0 -9999.0 -9999.0 -9999.0 -9999.0 -9999.0 -9999.0 -9999.0 -9999.0 -9999.0 -9999.0 -9999.0 -9999.0 -9999.0 -9999.0 -9999.0 -9999.0 -9999.0 -9999.0 -9999.0 -9999.0 -9999.0 -9999.0 -9999.0 -9999.0 -9999.0 -9999.0 -9999.0 -9999.0 -9999.0 -9999.0 -9999.0 -9999.0 -9999.0 -9999.0 -9999.0 -9999.0 -9999.0 -9999.0 -9999.0 -9999.0 -9999.0 -9999.0 -9999.0 -9999.0 -9999.0 -9999.0 -9999.0 -9999.0 -9999.0 -9999.0 -9999.0 -9999.0 -9999.0 -9999.0 -9999.0 -9999.0 -9999.0 -9999.0 -9999.0 -9999.0 -9999.0
-9999.0 -9999.0 -9999.0 -9999.0 -9999.0 -9999.0 -9999.0 -9999.0 -9999.0 -9999.0 -9999.0 -9999.0 -9999.0 -9999.0 -9999.0 -9999.0 -9999.0 -9999.0 -9999.0 -9999.0 -9999.0 -9999.0 -9999.0 -9999.0 -9999.0 -9999.0 -9999.0 -9999.0 -9999.0 -9999.0 -9999.0 -9999.0 -9999.0 -9999.0 -9999.0 -9999.0 -9999.0 -9999.0 -9999.0 -9999.0 -9999.0 -9999.0 -9999.0 -9999.0 -9999.0 -9999.0 -9999.0 -9999.0 -9999.0 -9999.0 -9999.0 -9999.0 -9999.0 -9999.0 -9999.0 -9999.0 -9999.0 -9999.0 -9999.0 -9999.0 -9999.0 -9999.0 -9999.0 -9999.0 -9999.0 -9999.0 -9999.0 -9999.0 -9999.0 -9999.0 -9999.0 -9999.0 -9999.0 -9999.0 -9999.0 -9999.0 -9999.0 -9999.0 -9999.0 -9999.0
-9999.0 -9999.0 -9999.0 -9999.0 -9999.0 -9999.0 -9999.0 -9999.0 -9999.0 -9999.0 -9999.0 -9999.0 -9999.0 -9999.0 -9999.0 -9999.0 -9999.0 -9999.0 -9999.0 -9999.0 3525.148268 3525.921013 3504.180998 3469.883931 3441.420229 3442.979552 3475.484253 3515.757931 3554.279723 3561.149033 3541.687812 3545.335860 3540.655716 3535.621906 3535.399803 3543.014628 3549.681799 3559.103928 3565.789216 3563.199737 3555.642361 3550.568162 3553.297180 3554.737308 3561.078962 3546.313695 3562.518479 3578.942345 3583.677907 3581.260282 3557.952017 3546.512598 3538.845236 3523.520965 3550.521512 3562.428747 3586.217969 3591.141443 3589.394521 3562.962457 3533.094759 -9999.0 -9999.0 -9999.0 -9999.0 -9999.0 -9999.0 -9999.0 -9999.0 -9999.0 -9999.0 -9999.0 -9999.0 -9999.0 -9999.0 -9999.0 -9999.0 -9999.0 -9999.0 -9999.0
-9999.0 -9999.0 -9999.0 -9999.0 -9999.0 -9999.0 -9999.0 -9999.0 -9999.0 -9999.0 -9999.0 -9999.0 -9999.0 -9999.0 3435.331938 3426.502412 3423.371427 3430.263957 3462.320681 3492.304774 3503.783706 3496.078200 3495.587707 3470.431946 3447.014359 3459.077652 3487.982532 3517.861527 3550.657094 3567.296920 3555.968983 3552.988250 3559.308968 3577.931374 3585.168403 3581.247628 3563.664760 3587.879448 3600.674201 3604.514233 3602.262751 3592.193797 3600.422266 3614.183683 3607.075189 3592.053437 3603.647578 3619.035560 3629.752240 3622.321955 3565.083097 3554.092754 3551.433358 3548.106802 3535.616215 3532.445823 3561.533566 3561.561273 3554.912231 3538.230627 3505.281839 3460.284366 3441.789465 3483.069872 3527.171830 3583.803555 -9999.0 -9999.0 -9999.0 -9999.0 -9999.0 -9999.0 -9999.0 -9999.0 -9999.0 -9999.0 -9999.0 -9999.0 -9999.0 -9999.0
-9999.0 -9999.0 -9999.0 -9999.0 -9999.0 -9999.0 -9999.0 -9999.0 -9999.0 3378.222420 3384.111547 3390.753748 3392.912208 3407.645419 3404.012475 3410.519912 3413.789612 3440.569844 3469.386746 3502.216791 3528.532320 3518.825433 3516.898776 3519.669698 3512.644104 3519.492947 3539.229233 3575.128467 3605.111670 3639.459229 3605.156462 3599.694244 3616.738770 3657.112813 3678.794557 3679.930884 3661.080654 3678.623874 3701.849603 3716.721602 3712.850523 3706.414277 3732.517413 3747.920570 3740.883333 3719.072438 3719.064852 3727.446849 3757.216402 3706.677737 3640.913194 3604.206858 3621.640545 3601.749341 3577.469831 3567.825815 3569.402051 3590.434003 3579.543291 3546.467277 3514.026626 3502.768226 3486.597993 3508.633377 3532.598568 3579.576905 3620.007176 3650.278621 3650.021573 3633.023721 -9999.0 -9999.0 -9999.0 -9999.0 -9999.0 -9999.0 -9999.0 -9999.0 -9999.0 -9999.0
-9999.0 -9999.0 -9999.0 -9999.0 -9999.0 -9999.0 3299.894716 3310.267198 3330.730822 3332.809343 3358.971138 3363.569698 3381.709434 3398.144285 3419.354704 3431.166367 3454.966704 3483.893704 3518.699703 3555.045703 3581.512653 3568.695496 3573.216249 3590.940563 3615.805047 3633.144091 3655.180970 3692.533880 3764.428859 3800.273448 3791.150788 3791.445807 3799.477942 3849.971754 3913.913499 3924.288427 3903.558522 3890.702595 3914.852233 3952.670077 3950.080424 3948.803577 3962.451761 3973.524715 4000.414265 3989.106258 3953.254214 3948.788519 3956.491286 3932.794231 3862.731575 3806.198869 3789.066095 3742.344397 3658.875380 3617.613511 3643.674395 3672.976890 3652.481580 3603.847833 3572.777586 3568.431658 3558.376119 3552.775459 3566.483153 3590.389014 3614.966871 3629.499588 3618.108733 3597.633177 3576.354838 3548.517986 3551.463621 3576.560103 -9999.0 -9999.0 -9999.0 -9999.0 -9999.0 -9999.0
-9999.0 -9999.0 -9999.0 -9999.0 3250.820315 3263.340726 3247.812843 3273.567913 3304.829338 3337.686979 3364.062172 3394.514495 3416.510519 3442.097276 3473.687607 3493.598591 3523.909898 3552.286935 3598.204709 3658.144948 3701.314292 3713.327416 3721.086328 3771.449040 3827.289547 3873.760652 3892.360792 3918.382186 3965.059737 4021.707447 4043.702731 4046.150403 4063.093340 4107.440347 4164.938747 4200.407634 4182.555665 4173.313217 4183.966825 4198.756048 4220.911117 4220.958723 4222.093880 4226.508490 4234.542093 4232.526567 4205.374197 4171.691949 4158.644633 4148.275753 4108.919087 4036.083318 4006.566321 3977.122006 3932.807494 3877.992311 3832.614011 3835.580339 3780.801346 3725.634764 3677.059611 3670.767726 3651.770094 3637.006607 3621.049770 3634.596410 3647.588509 3633.250952 3603.719746 3574.897626 3562.380772 3545.203116 3534.095603 3565.578889 3583.664441 3613.165613 -9999.0 -9999.0 -9999.0 -9999.0
-9999.0 -9999.0 3192.525988 3237.050065 3293.480235 3298.585335 3290.309571 3291.954232 3317.139134 3365.081912 3425.313051 3460.107254 3486.746196 3516.053833 3565.216622 3624.900340 3683.366000 3725.350947 3783.419862 3852.910572 3911.906746 3938.297123 3946.707733 3982.521432 4037.799489 4108.206227 4136.714074 4163.575415 4195.997778 4233.271231 4222.921474 4233.253773 4246.161294 4260.105451 4276.166559 4283.882648 4278.798528 4274.147433 4255.456377 4250.081906 4256.527122 4264.941205 4263.649756 4248.813465 4244.830264 4259.995954 4266.501476 4264.235926 4261.071263 4265.716232 4260.220685 4210.567023 4195.245481 4179.661321 4167.335422 4120.599741 4053.149075 4021.351373 3999.261259 3957.572261 3883.883118 3847.566676 3808.901139 3775.118197 3738.649885 3726.913756 3695.636311 3664.265927 3626.199249 3585.977133 3567.402799 3553.674958 3553.678289 3554.562915 3572.621005 3588.465259 3604.526421 3612.646062 -9999.0 -9999.0
-9999.0 3082.123877 3152.496698 3272.752484 3349.245210 3384.145082 3389.234188 3389.344106 3413.397558 3445.679251 3529.780112 3575.138490 3657.439440 3695.178834 3734.918149 3824.663647 3919.824986 3963.702859 4003.335983 4068.379200 4135.242733 4182.866648 4209.468091 4184.931921 4225.417745 4257.225976 4266.034574 4273.559110 4274.109164 4265.542050 4259.275699 4265.856680 4262.765072 4243.313130 4226.980799 4225.128703 4221.664336 4198.109480 4170.394788 4154.648105 4155.770900 4181.033915 4167.689306 4146.196771 4141.733533 4163.577887 4185.394728 4174.545943 4161.316265 4177.978450 4212.922215 4238.504620 4238.677718 4257.486911 4278.667375 4249.181033 4228.567451 4184.046940 4166.904431 4141.298915 4083.788291 4028.925650 3980.604926 3932.319526 3880.362798 3832.295284 3785.072203 3738.196916 3685.556483 3653.183751 3629.430801 3587.512648 3575.692112 3582.788450 3578.329365 3577.071085 3583.856515 3590.499654 -9999.0 -9999.0
-9999.0 2983.580858 3121.366894 3297.006543 3437.845067 3475.523109 3532.017087 3584.749847 3596.931674 3538.883398 3639.743529 3857.412459 3982.535559 4000.842853 4077.515359 4174.234640 4153.489954 4185.352428 4209.090272 4236.918574 4259.250086 4274.261884 4272.720298 4267.755412 4251.099149 4243.055364 4242.130430 4239.963356 4222.363456 4203.226699 4186.287266 4182.945569 4164.651457 4114.186725 4080.602726 4062.713324 4042.903142 4029.745873 4002.797884 3976.599500 3959.651195 3969.329862 3968.160462 3955.072683 3950.666821 3968.512679 3999.436078 3998.007551 4010.583689 4030.352948 4065.856091 4104.486435 4123.866167 4153.211357 4189.048496 4237.773642 4245.972656 4268.559175 4271.303977 4261.671049 4214.517887 4162.528983 4132.947043 4077.236583 4017.659862 3955.952252 3906.894910 3862.223415 3806.964881 3773.375304 3734.650063 3681.361079 3639.561644 3633.346847 3600.538563 3588.185467 -9999.0 -9999.0 -9999.0 -9999.0
-9999.0 2878.639369 3055.416297 3290.371008 3585.084966 3652.147004 3854.147336 3968.134028 4006.176846 4074.269765 3945.583259 4159.629896 4214.985796 4210.647175 4228.768483 4232.353434 4246.920932 4246.134713 4241.045390 4229.926930 4220.196936 4215.515137 4214.502141 4206.561070 4193.871616 4179.179567 4167.179683 4155.572533 4118.560022 4086.315563 4046.301433 4033.593231 3987.865890 3895.557383 3856.958543 3817.742541 3756.035846 3759.125347 3767.838805 3744.200670 3724.436373 3695.312466 3725.802936 3737.369332 3741.857429 3736.557432 3745.564590 3775.041038 3823.625541 3858.158844 3896.943700 3945.019027 3975.672743 4014.896878 4054.490332 4106.947893 4138.409409 4167.435546 4216.890588 4254.029445 4276.876797 4262.462073 4244.435562 4199.078146 4138.606985 4089.146638 4059.910079 4009.077682 3965.469909 3922.116897 3875.760693 3823.133653 3761.751336 3711.029452 3677.676570 -9999.0 -9999.0 -9999.0 -9999.0 -9999.0
-9999.0 2659.542444 2912.353082 3172.569436 3440.777828 3784.701802 3961.937287 4054.526608 4118.414442 4103.762120 4129.393343 4135.117145 4172.468215 4180.092345 4158.755850 4144.580369 4126.501093 4125.411633 4138.515916 4110.955911 4080.418835 4066.918555 4067.858125 4057.176320 4033.139113 4018.289199 4009.062000 3990.382295 3947.320991 3896.824974 3812.231378 3776.828859 3697.446937 3660.601401 3624.998110 3578.395409 3534.664129 3541.086374 3566.660137 3558.317672 3537.925155 3521.256357 3551.003163 3572.259504 3585.646798 3568.963170 3575.407034 3609.664020 3655.852061 3696.027251 3739.468314 3787.115329 3828.976925 3867.714016 3887.911899 3926.597421 3968.724995 4010.364612 4080.717465 4159.769686 4196.172081 4231.106366 4259.621910 4281.690961 4238.594819 4212.637332 4188.685266 4164.949272 4118.462682 4072.922761 4032.362024 3967.273515 3907.731192 -9999.0 -9999.0 -9999.0 -9999.0 -9999.0 -9999.0 -9999.0
-9999.0 2548.999900 2739.436074 2911.861305 3152.367523 3380.131452 3605.824597 3695.861783 3766.497734 3842.352123 3898.726309 3937.334187 3963.118566 3984.897055 3962.386961 3915.746521 3883.227602 3888.322519 3878.889187 3858.236455 3830.803619 3818.144672 3815.436568 3810.929631 3790.103250 3780.308475 3773.897927 3756.239747 3731.644942 3679.158951 3608.823674 3535.745378 3483.202794 3465.582997 3444.284378 3418.620870 3393.534901 3407.510802 3420.352818 3421.064792 3415.369260 3416.207878 3445.247310 3465.275865 3474.683970 3463.979855 3482.018281 3504.621165 3540.859330 3579.639282 3623.769314 3673.312223 3721.228208 3740.505823 3741.538708 3751.743069 3778.444623 3821.067911 3896.974027 3982.994598 4061.499069 4107.314463 4158.341059 4198.681189 4227.262412 4251.329706 4274.360089 4267.905298 4241.556716 4207.965441 4148.717252 -9999.0 -9999.0 -9999.0 -9999.0 -9999.0 -9999.0 -9999.0 -9999.0 -9999.0
-9999.0 -9999.0 2514.758656 2664.526429 2756.773313 2891.651505 3026.499463 3130.390067 3232.130430 3376.751155 3501.146894 3595.965491 3642.844621 3658.523634 3644.960094 3617.399738 3600.876491 3600.444375 3588.579776 3583.015532 3569.678021 3564.938072 3553.060736 3546.036918 3543.167390 3543.604477 3542.173474 3534.910554 3519.427799 3479.380133 3444.768233 3402.075925 3357.471387 3337.273136 3320.596750 3305.167181 3310.824525 3306.375650 3312.365259 3315.913404 3326.325561 3340.992135 3360.320919 3383.206224 3392.845594 3403.194763 3413.687059 3434.805900 3464.083227 3503.679435 3554.459917 3608.766941 3644.071946 3650.154745 3631.161234 3624.982474 3631.753349 3659.238131 3720.802788 3788.954329 3879.005960 3944.739006 4011.680553 4067.937059 4094.831286 4131.223323 4202.078248 4250.152265 4293.391329 4270.945457 -9999.0 -9999.0 -9999.0 -9999.0 -9999.0 -9999.0 -9999.0 -9999.0 -9999.0 -9999.0
-9999.0 -9999.0 -9999.0 -9999.0 2525.866080 2672.543353 2770.917956 2816.577815 2949.006056 3075.999494 3180.998207 3268.263974 3338.151260 3364.278479 3366.473816 3385.325337 3385.146073 3375.539252 3364.601493 3370.734877 3376.993429 3371.395721 3354.561017 3349.300771 3354.742575 3364.400392 3364.197448 3353.151047 3336.942644 3326.089884 3316.345153 3288.258766 3258.528561 3233.307285 3223.411777 3222.446054 3223.961990 3216.964553 3226.069954 3235.934509 3252.419678 3267.753238 3291.277877 3321.137239 3335.988556 3350.510659 3358.641220 3376.456536 3404.573051 3455.572228 3516.792635 3572.930395 3606.536023 3606.381265 3577.085157 3554.576529 3541.047211 3557.321604 3585.212766 3634.526464 3723.088775 3784.864742 3829.194128 3867.162573 3903.432242 3969.155333 4064.771806 4146.596928 -9999.0 -9999.0 -9999.0 -9999.0 -9999.0 -9999.0 -9999.0 -9999.0 -9999.0 -9999.0 -9999.0 -9999.0
-9999.0 -9999.0 -9999.0 -9999.0 -9999.0 -9999.0 2506.868979 2614.516823 2681.399965 2798.694754 2945.714550 3049.919025 3133.364458 3170.047753 3205.335477 3236.618256 3237.794150 3217.313017 3195.133313 3217.961372 3238.771578 3232.720109 3200.282743 3203.024268 3211.746484 3221.028688 3220.228754 3216.526589 3194.498242 3214.880984 3222.728195 3202.985461 3180.488003 3170.721422 3161.275458 3172.912120 3174.337674 3160.776355 3160.069448 3188.812331 3210.471089 3223.465518 3244.360870 3277.559413 3309.984168 3325.563209 3326.036519 3330.025820 3365.608631 3433.141981 3503.743064 3558.524366 3589.240489 3593.493045 3562.129644 3516.733917 3489.916944 3487.822512 3510.923457 3548.801175 3608.987378 3644.192369 3653.457946 3652.467147 3663.188302 3763.595550 -9999.0 -9999.0 -9999.0 -9999.0 -9999.0 -9999.0 -9999.0 -9999.0 -9999.0 -9999.0 -9999.0 -9999.0 -9999.0 -9999.0
-9999.0 -9999.0 -9999.0 -9999.0 -9999.0 -9999.0 -9999.0 -9999.0 -9999.0 -9999.0 -9999.0 -9999.0 -9999.0 -9999.0 -9999.0 -9999.0 -9999.0 -9999.0 -9999.0 -9999.0 -9999.0 -9999.0 -9999.0 -9999.0 -9999.0 -9999.0 -9999.0 -9999.0 -9999.0 -9999.0 -9999.0 -9999.0 -9999.0 -9999.0 -9999.0 -9999.0 -9999.0 -9999.0 -9999.0 -9999.0 -9999.0 -9999.0 -9999.0 -9999.0 -9999.0 -9999.0 -9999.0 -9999.0 -9999.0 -9999.0 -9999.0 -9999.0 -9999.0 -9999.0 -9999.0 -9999.0 -9999.0 -9999.0 -9999.0 -9999.0 -9999.0 -9999.0 -9999.0 -9999.0 -9999.0 -9999.0 -9999.0 -9999.0 -9999.0 -9999.0 -9999.0 -9999.0 -9999.0 -9999.0 -9999.0 -9999.0 -9999.0 -9999.0 -9999.0 -9999.0
-9999.0 -9999.0 -9999.0 -9999.0 -9999.0 -9999.0 -9999.0 -9999.0 -9999.0 -9999.0 -9999.0 -9999.0 -9999.0 -9999.0 -9999.0 -9999.0 -9999.0 -9999.0 -9999.0 -9999.0 -9999.0 -9999.0 -9999.0 -9999.0 -9999.0 -9999.0 -9999.0 -9999.0 -9999.0 -9999.0 -9999.0 -9999.0 -9999.0 -9999.0 -9999.0 -9999.0 -9999.0 -9999.0 -9999.0 -9999.0 -9999.0 -9999.0 -9999.0 -9999.0 -9999.0 -9999.0 -9999.0 -9999.0 -9999.0 -9999.0 -9999.0 -9999.0 -9999.0 -9999.0 -9999.0 -9999.0 -9999.0 -9999.0 -9999.0 -9999.0 -9999.0 -9999.0 -9999.0 -9999.0 -9999.0 -9999.0 -9999.0 -9999.0 -9999.0 -9999.0 -9999.0 -9999.0 -9999.0 -9999.0 -9999.0 -9999.0 -9999.0 -9999.0 -9999.0 -9999.0