Borden_/Borden1m_014/output_maps/psiliqL0006N0017.asc
ncols         80
nrows         18
xllcorner     620200.000000
yllcorner     5168000.000000
cellsize      1.000000
NODATA_value  -9999.0
-9999.0 -9999.0 -9999.0 -9999.0 -9999.0 -9999.0 -9999.0 -9999.0 -9999.0 -9999.0 -9999.0 -9999.0 -9999.0 -9999.0 -9999.0 -9999.0 -9999.0 -9999.0 -9999.0 -9999.0 -9999.0 -9999.0 -9999.0 -9999.0 -9999.0 -9999.0 -9999.0 -9999.0 -9999.0 -9999.0 -9999.0 -9999.0 -9999.0 -9999.0 -9999.0 -9999.0 -9999.0 -9999.0 -9999.0 -9999.0 -9999.0 -9999.0 -9999.0 -9999.0 -9999.0 -9999.0 -9999.0 -9999.0 -9999.0 -9999.0 -9999.0 -9999.0 -9999.0 -9999.0 -9999.0 -9999.0 -9999.0 -9999.0 -9999.0 -9999.0 -9999.0 -9999.0 -9999.0 -9999.0 -9999.0 -9999.0 -9999.0 -9999.0 -9999.0 -9999.0 -9999.0 -9999.0 -9999.0 -9999.0 -9999.0 -9999.0 -9999.0 -9999.0 -9999.0 -9999.0
-9999.0 -9999.0 -9999.0 -9999.0 -9999.0 -9999.0 -9999.0 -9999.0 -9999.0 -9999.0 -9999.0 -9999.0 -9999.0 -9999.0 -9999.0 -9999.0 -9999.0 -9999.0 -9999.0 -9999.0 -9999.0 -9999.0 -9999.0 -9999.0 -9999.0 -9999.0 -9999.0 -9999.0 -9999.0 -9999.0 -9999.0 -9999.0 -9999.0 -9999.0 -9999.0 -9999.0 -9999.0 -9999.0 -9999.0 -9999.0 -9999.0 -9999.0 -9999.0 -9999.0 -9999.0 -9999.0 -9999.0 -9999.0 -9999.0 -9999.0 -9999.0 -9999.0 -9999.0 -9999.0 -9999.0 -9999.0 -9999.0 -9999.0 -9999.0 -9999.0 -9999.0 -9999.0 -9999.0 -9999.0 -9999.0 -9999.0 -9999.0 -9999.0 -9999.0 -9999.0 -9999.0 -9999.0 -9999.0 -9999.0 -9999.0 -9999.0 -9999.0 -9999.0 -9999.0 -9999.0
-9999.0 -9999.0 -9999.0 -9999.0 -9999.0 -9999.0 -9999.0 -9999.0 -9999.0 -9999.0 -9999.0 -9999.0 -9999.0 -9999.0 -9999.0 -9999.0 -9999.0 -9999.0 -9999.0 -9999.0 -648.823936 -645.757116 -668.805440 -702.960534 -731.584711 -730.229343 -695.946209 -655.816586 -619.034562 -608.850868 -627.134966 -626.360657 -631.944596 -632.107412 -629.213712 -623.700063 -621.581729 -610.139027 -601.793788 -602.080782 -608.291050 -614.196377 -616.013316 -612.429004 -607.561140 -615.664064 -602.287179 -586.876579 -580.047595 -584.822463 -611.616226 -627.009379 -634.397462 -647.977081 -623.143732 -609.934796 -586.484253 -581.646190 -582.222842 -608.733532 -638.374703 -9999.0 -9999.0 -9999.0 -9999.0 -9999.0 -9999.0 -9999.0 -9999.0 -9999.0 -9999.0 -9999.0 -9999.0 -9999.0 -9999.0 -9999.0 -9999.0 -9999.0 -9999.0 -9999.0
-9999.0 -9999.0 -9999.0 -9999.0 -9999.0 -9999.0 -9999.0 -9999.0 -9999.0 -9999.0 -9999.0 -9999.0 -9999.0 -9999.0 -737.324882 -747.921731 -751.440463 -743.427227 -710.350596 -681.149347 -668.703346 -676.699877 -677.252881 -701.132204 -721.530220 -708.133406 -679.933006 -649.698682 -616.734245 -596.860489 -610.227438 -613.458149 -603.172985 -575.392030 -560.476547 -563.361409 -585.156473 -562.839378 -546.517357 -536.739740 -537.921688 -546.783004 -531.699133 -515.101014 -521.815088 -539.621207 -536.640583 -524.945927 -509.542270 -524.827832 -589.780807 -610.619137 -612.561965 -618.187642 -630.335067 -636.264040 -611.177469 -609.322523 -616.803077 -633.898580 -665.174816 -708.463734 -725.511419 -686.942508 -642.067967 -583.632742 -9999.0 -9999.0 -9999.0 -9999.0 -9999.0 -9999.0 -9999.0 -9999.0 -9999.0 -9999.0 -9999.0 -9999.0 -9999.0 -9999.0
-9999.0 -9999.0 -9999.0 -9999.0 -9999.0 -9999.0 -9999.0 -9999.0 -9999.0 -792.539707 -789.561400 -782.992354 -781.878763 -766.853268 -768.813204 -762.529023 -754.981695 -730.097666 -700.065389 -665.991444 -637.901023 -648.769477 -649.210092 -637.304796 -630.284253 -617.976593 -598.311286 -558.747435 -516.650593 -474.548210 -503.558655 -505.703646 -485.043633 -426.544062 -377.557137 -364.604003 -386.114562 -383.524124 -353.291104 -321.961844 -323.563612 -326.025965 -294.901629 -276.518241 -266.083851 -292.243702 -316.215640 -319.054142 -284.484161 -351.613914 -428.503822 -492.553157 -493.192015 -524.959921 -566.724366 -589.335548 -591.873852 -568.659695 -583.043881 -619.466020 -654.959272 -663.115407 -678.617462 -662.015984 -638.664389 -590.947652 -552.030963 -522.711668 -521.561526 -538.314235 -9999.0 -9999.0 -9999.0 -9999.0 -9999.0 -9999.0 -9999.0 -9999.0 -9999.0 -9999.0
-9999.0 -9999.0 -9999.0 -9999.0 -9999.0 -9999.0 -870.032443 -861.879410 -842.911487 -837.546710 -814.277591 -807.299625 -787.583046 -769.024262 -749.776674 -733.599819 -703.602141 -672.494417 -632.168229 -588.959847 -557.236399 -561.916576 -552.593590 -517.734297 -469.480663 -429.059556 -400.555278 -355.555916 -250.271235 -164.480358 -122.051223 -91.823002 -5.293420 30.493230 68.808608 80.324974 63.841194 53.469040 63.818325 86.036176 98.160697 97.919638 103.782922 111.666700 138.043787 132.137843 88.907008 79.678269 79.437233 74.839795 40.533384 -11.862253 -181.915734 -276.059974 -378.364404 -447.151834 -455.376661 -442.230761 -474.781339 -528.217369 -570.557107 -580.266867 -593.730398 -607.139027 -601.043345 -580.666868 -556.061577 -543.620941 -554.864727 -574.323379 -596.669436 -624.696749 -622.528846 -596.672623 -9999.0 -9999.0 -9999.0 -9999.0 -9999.0 -9999.0
-9999.0 -9999.0 -9999.0 -9999.0 -919.066971 -907.251626 -918.968887 -896.511523 -865.537526 -833.555207 -802.016079 -765.710386 -739.931838 -711.678500 -671.062187 -633.476763 -590.892598 -557.361205 -501.851148 -424.751385 -360.102172 -325.134886 -304.796441 -190.691213 -3.701250 44.726748 54.941412 67.070086 91.361952 153.738275 183.152230 190.591655 237.349567 283.479310 300.516376 314.644824 304.957445 302.691837 303.730649 306.280807 322.373982 322.010679 322.956689 323.583900 326.287249 328.081894 311.475418 299.045222 296.356247 294.938295 284.036550 192.494767 127.926620 100.325379 85.060800 57.203693 5.312048 -74.329747 -228.956831 -315.507489 -399.698415 -434.073826 -469.815018 -495.920386 -526.206860 -524.436414 -520.222952 -538.378050 -567.073387 -597.602085 -611.421539 -629.078725 -638.220320 -607.852366 -589.644653 -558.086307 -9999.0 -9999.0 -9999.0 -9999.0
-9999.0 -9999.0 -976.058496 -926.129033 -871.340199 -863.455999 -861.353193 -857.428801 -832.028731 -783.280961 -705.892287 -654.403513 -610.283941 -581.868297 -522.492967 -429.497477 -340.886455 -274.526631 -142.850365 8.924540 56.947728 76.239864 92.394931 125.982042 196.635023 281.326310 292.859791 300.328523 309.810792 330.903775 355.029786 369.788030 380.657009 376.584114 375.509305 371.317042 370.070721 366.245203 351.054454 348.427101 354.624915 355.705743 359.604739 348.085880 344.810265 356.788646 359.288906 361.978037 366.658497 374.643302 384.303944 351.672411 309.533477 303.729813 303.371521 284.199117 202.749240 146.933632 119.087542 90.664206 42.367721 -3.675533 -186.496397 -290.236524 -366.220925 -407.717497 -455.316165 -494.440142 -537.289578 -580.205151 -601.864764 -618.962468 -619.955901 -618.167827 -601.414251 -585.085780 -569.185660 -561.119952 -9999.0 -9999.0
-9999.0 -1072.988485 -1000.614948 -873.329057 -795.931466 -752.307756 -711.635201 -682.750514 -660.967410 -650.175926 -543.364026 -425.300817 -324.323912 -286.046139 -176.354141 9.308557 82.323089 111.861813 157.533885 215.191765 286.990659 306.138821 319.617471 349.120946 377.946553 377.483428 376.154136 373.088284 365.029144 357.463864 348.040204 356.589117 355.681206 342.290859 328.526548 325.461000 319.750594 306.613741 295.429031 290.393838 292.009735 302.043931 297.275208 288.994462 287.060351 296.195142 303.969489 301.218726 298.146754 308.477624 324.680215 339.397589 354.323084 367.345913 386.558222 363.916311 331.294771 308.591888 301.723903 290.847689 233.217644 171.176364 109.619349 60.908833 5.283869 -192.345109 -309.419375 -384.602555 -451.773647 -488.986582 -518.194283 -568.617980 -590.563897 -587.477915 -595.758676 -597.397856 -590.062761 -583.321713 -9999.0 -9999.0
-9999.0 -1141.265508 -997.899565 -812.613565 -668.507718 -608.917420 -484.619488 -393.199850 -366.262772 -391.298956 -240.996489 60.945674 144.808433 151.746286 215.008760 298.826741 330.657322 353.515653 372.222780 367.979055 367.065816 367.851561 363.053644 355.215700 341.919128 335.634937 336.079089 335.121904 323.101819 314.192738 305.149709 303.600236 297.312030 281.193887 233.263878 206.633000 173.786553 139.957009 110.305293 90.755387 81.655268 98.710900 90.404660 77.769573 74.583046 91.185511 119.148531 114.779030 130.056326 170.974806 220.202491 279.453078 289.643322 302.153866 316.618564 340.732084 355.869165 375.272541 379.784714 357.917844 325.250559 304.275462 290.642135 225.501147 159.502838 82.741889 34.803682 -28.697981 -229.867185 -310.890424 -377.508201 -443.240344 -501.654694 -527.240183 -564.994322 -585.454192 -9999.0 -9999.0 -9999.0 -9999.0
-9999.0 -1202.103513 -1009.844141 -743.333332 -493.493356 -338.738790 -4.118466 119.579828 183.985671 218.524073 266.092522 345.471892 358.988996 345.271532 325.671879 326.080106 337.244922 340.469137 336.733331 329.715670 323.561741 321.805855 321.376237 314.580392 307.053472 300.428985 296.103278 292.886375 268.388059 220.150634 173.791884 147.165855 113.946199 53.263055 26.675297 -4.779992 -178.334710 -205.930672 -231.327342 -279.600003 -304.576675 -321.676592 -299.955501 -302.998557 -303.827977 -291.929770 -260.276773 -230.042395 -131.852218 2.416152 41.058094 76.469533 104.451348 159.001582 208.174943 281.038755 293.214747 304.317039 324.065472 357.271581 378.069993 371.586340 346.398639 322.067510 293.830008 232.358730 193.054251 135.360201 75.992684 39.192961 -3.980108 -194.862731 -326.033664 -436.625576 -477.139984 -9999.0 -9999.0 -9999.0 -9999.0 -9999.0
-9999.0 -1347.475986 -1079.839787 -781.928662 -442.646986 -8.449855 111.403978 267.824513 326.911545 274.605279 239.631022 277.765644 295.413920 296.969931 288.512545 288.148741 285.702616 286.143087 293.975420 283.351868 246.705324 232.125527 242.109904 192.757303 150.347994 128.247354 117.488279 103.718982 70.945272 34.534380 -64.766803 -161.372440 -294.540868 -380.694719 -435.210314 -486.945202 -539.460731 -541.082667 -525.864967 -542.721149 -564.442406 -583.014466 -558.342441 -544.057610 -533.895455 -543.417464 -535.197418 -501.893027 -454.033221 -409.404120 -349.721988 -274.765402 -186.822008 -1.971796 32.300285 66.904289 97.517083 143.227941 217.882662 298.837765 315.494641 335.141537 369.588360 388.022442 350.112259 318.450189 303.921898 286.516333 219.960517 180.588417 154.599501 88.311789 36.507376 -9999.0 -9999.0 -9999.0 -9999.0 -9999.0 -9999.0 -9999.0
-9999.0 -1484.169849 -1247.231166 -992.771222 -691.775068 -458.644332 -250.388385 -12.525386 62.652596 47.491351 54.088104 71.067594 89.692799 105.680317 88.522461 66.279821 50.929406 54.962327 56.616352 42.930196 26.088676 16.235239 10.590124 -37.584807 -140.773961 -186.678226 -211.381032 -252.736830 -307.777163 -376.924735 -470.173528 -536.007325 -595.817238 -630.988765 -660.330486 -692.524781 -731.268105 -720.417256 -705.271070 -710.129272 -722.962253 -728.029989 -698.837159 -681.189198 -671.540168 -685.465906 -667.977510 -642.017967 -601.712415 -562.422619 -517.433987 -465.941935 -414.476392 -381.070615 -357.303436 -314.704646 -246.964101 -89.580848 36.403037 117.616833 198.754340 258.105324 302.091770 318.852895 326.467549 345.307697 344.748051 311.664846 273.872405 281.238513 282.479571 -9999.0 -9999.0 -9999.0 -9999.0 -9999.0 -9999.0 -9999.0 -9999.0 -9999.0
-9999.0 -9999.0 -1485.292407 -1289.601400 -1121.617979 -936.151853 -790.748559 -689.807793 -625.733458 -547.262504 -459.853780 -383.195370 -339.131961 -320.500047 -343.938950 -393.010113 -424.212456 -424.353588 -434.418419 -452.212528 -481.105545 -491.946853 -500.704347 -508.108411 -522.252600 -529.782941 -534.650391 -545.005899 -566.909035 -612.475062 -665.045560 -715.890031 -769.251700 -793.333312 -814.740356 -837.349596 -841.460609 -842.394719 -835.197832 -834.162342 -829.503748 -818.329509 -797.694765 -777.022018 -768.062765 -761.966133 -749.858545 -726.970808 -694.829972 -655.670420 -605.629864 -552.673326 -517.159246 -507.262561 -518.018843 -512.965872 -491.540366 -446.043106 -341.926856 -183.970560 15.706863 77.157553 149.032813 216.164681 245.546411 278.749982 299.300467 289.225045 185.467827 259.089718 -9999.0 -9999.0 -9999.0 -9999.0 -9999.0 -9999.0 -9999.0 -9999.0 -9999.0 -9999.0
-9999.0 -9999.0 -9999.0 -9999.0 -1432.371806 -1274.130073 -1181.978571 -1101.183627 -986.104973 -885.207928 -799.501797 -729.164202 -682.005911 -660.646167 -674.207473 -683.159665 -692.279365 -694.842842 -702.621703 -709.151239 -715.656666 -722.969309 -732.654643 -739.817553 -740.787992 -737.616442 -739.175298 -751.410057 -765.881787 -793.733806 -818.240863 -853.009893 -889.803481 -918.475857 -931.196069 -938.419029 -937.957343 -942.897398 -933.166048 -927.295217 -912.744412 -897.422898 -873.586432 -845.868050 -833.967317 -820.233942 -810.784511 -790.268762 -761.169772 -709.891524 -649.573326 -596.039046 -564.787263 -563.387643 -591.750196 -609.563437 -614.746267 -589.395797 -544.714395 -476.425848 -363.708396 -257.426868 -83.405743 25.741171 58.506226 99.822219 182.642517 274.658539 -9999.0 -9999.0 -9999.0 -9999.0 -9999.0 -9999.0 -9999.0 -9999.0 -9999.0 -9999.0 -9999.0 -9999.0
-9999.0 -9999.0 -9999.0 -9999.0 -9999.0 -9999.0 -1492.475339 -1399.654397 -1309.803870 -1195.066517 -1090.014175 -1003.703730 -933.807921 -912.120085 -898.172040 -877.782558 -883.107404 -899.061211 -914.237426 -898.680590 -890.626999 -894.849784 -920.675793 -922.323952 -919.300549 -909.713761 -910.467488 -916.190265 -940.336108 -933.408576 -935.476259 -958.018882 -983.673145 -998.042374 -1009.356226 -999.339342 -998.308225 -1010.337223 -1007.298803 -981.754222 -962.469160 -949.061651 -926.519452 -893.755313 -862.271086 -848.592371 -847.964185 -841.988317 -800.622225 -731.612039 -663.407074 -612.358206 -583.884699 -578.472249 -608.956580 -651.913572 -675.843423 -672.079583 -641.286362 -592.307234 -520.096025 -473.700082 -441.126767 -411.090416 -372.689622 -240.050136 -9999.0 -9999.0 -9999.0 -9999.0 -9999.0 -9999.0 -9999.0 -9999.0 -9999.0 -9999.0 -9999.0 -9999.0 -9999.0 -9999.0
-9999.0 -9999.0 -9999.0 -9999.0 -9999.0 -9999.0 -9999.0 -9999.0 -9999.0 -9999.0 -9999.0 -9999.0 -9999.0 -9999.0 -9999.0 -9999.0 -9999.0 -9999.0 -9999.0 -9999.0 -9999.0 -9999.0 -9999.0 -9999.0 -9999.0 -9999.0 -9999.0 -9999.0 -9999.0 -9999.0 -9999.0 -9999.0 -9999.0 -9999.0 -9999.0 -9999.0 -9999.0 -9999.0 -9999.0 -9999.0 -9999.0 -9999.0 -9999.0 -9999.0 -9999.0 -9999.0 -9999.0 -9999.0 -9999.0 -9999.0 -9999.0 -9999.0 -9999.0 -9999.0 -9999.0 -9999.0 -9999.0 -9999.0 -9999.0 -9999.0 -9999.0 -9999.0 -9999.0 -9999.0 -9999.0 -9999.0 -9999.0 -9999.0 -9999.0 -9999.0 -9999.0 -9999.0 -9999.0 -9999.0 -9999.0 -9999.0 -9999.0 -9999.0 -9999.0 -9999.0
-9999.0 -9999.0 -9999.0 -9999.0 -9999.0 -9999.0 -9999.0 -9999.0 -9999.0 -9999.0 -9999.0 -9999.0 -9999.0 -9999.0 -9999.0 -9999.0 -9999.0 -9999.0 -9999.0 -9999.0 -9999.0 -9999.0 -9999.0 -9999.0 -9999.0 -9999.0 -9999.0 -9999.0 -9999.0 -9999.0 -9999.0 -9999.0 -9999.0 -9999.0 -9999.0 -9999.0 -9999.0 -9999.0 -9999.0 -9999.0 -9999.0 -9999.0 -9999.0 -9999.0 -9999.0 -9999.0 -9999.0 -9999.0 -9999.0 -9999.0 -9999.0 -9999.0 -9999.0 -9999.0 -9999.0 -9999.0 -9999.0 -9999.0 -9999.0 -9999.0 -9999.0 -9999.0 -9999.0 -9999.0 -9999.0 -9999.0 -9999.0 -9999.0 -9999.0 -9999.0 -9999.0 -9999.0 -9999.0 -9999.0 -9999.0 -9999.0 -9999.0 -9999.0 -9999.0 -9999.0