Borden_/Borden1m_014/output_maps/psiliqL0023N0004.asc
ncols         80
nrows         18
xllcorner     620200.000000
yllcorner     5168000.000000
cellsize      1.000000
NODATA_value  -9999.0
-9999.0 -9999.0 -9999.0 -9999.0 -9999.0 -9999.0 -9999.0 -9999.0 -9999.0 -9999.0 -9999.0 -9999.0 -9999.0 -9999.0 -9999.0 -9999.0 -9999.0 -9999.0 -9999.0 -9999.0 -9999.0 -9999.0 -9999.0 -9999.0 -9999.0 -9999.0 -9999.0 -9999.0 -9999.0 -9999.0 -9999.0 -9999.0 -9999.0 -9999.0 -9999.0 -9999.0 -9999.0 -9999.0 -9999.0 -9999.0 -9999.0 -9999.0 -9999.0 -9999.0 -9999.0 -9999.0 -9999.0 -9999.0 -9999.0 -9999.0 -9999.0 -9999.0 -9999.0 -9999.0 -9999.0 -9999.0 -9999.0 -9999.0 -9999.0 -9999.0 -9999.0 -9999.0 -9999.0 -9999.0 -9999.0 -9999.0 -9999.0 -9999.0 -9999.0 -9999.0 -9999.0 -9999.0 -9999.0 -9999.0 -9999.0 -9999.0 -9999.0 -9999.0 -9999.0 -9999.0
-9999.0 -9999.0 -9999.0 -9999.0 -9999.0 -9999.0 -9999.0 -9999.0 -9999.0 -9999.0 -9999.0 -9999.0 -9999.0 -9999.0 -9999.0 -9999.0 -9999.0 -9999.0 -9999.0 -9999.0 -9999.0 -9999.0 -9999.0 -9999.0 -9999.0 -9999.0 -9999.0 -9999.0 -9999.0 -9999.0 -9999.0 -9999.0 -9999.0 -9999.0 -9999.0 -9999.0 -9999.0 -9999.0 -9999.0 -9999.0 -9999.0 -9999.0 -9999.0 -9999.0 -9999.0 -9999.0 -9999.0 -9999.0 -9999.0 -9999.0 -9999.0 -9999.0 -9999.0 -9999.0 -9999.0 -9999.0 -9999.0 -9999.0 -9999.0 -9999.0 -9999.0 -9999.0 -9999.0 -9999.0 -9999.0 -9999.0 -9999.0 -9999.0 -9999.0 -9999.0 -9999.0 -9999.0 -9999.0 -9999.0 -9999.0 -9999.0 -9999.0 -9999.0 -9999.0 -9999.0
-9999.0 -9999.0 -9999.0 -9999.0 -9999.0 -9999.0 -9999.0 -9999.0 -9999.0 -9999.0 -9999.0 -9999.0 -9999.0 -9999.0 -9999.0 -9999.0 -9999.0 -9999.0 -9999.0 -9999.0 2738.769594 2740.585756 2719.580942 2686.583123 2659.575833 2662.751340 2697.374035 2739.434566 2779.603082 2789.118952 2771.680023 2776.147636 2772.191008 2768.118231 2768.779079 2776.245301 2782.694888 2792.153936 2799.413434 2797.821159 2791.335822 2787.156606 2790.224705 2793.211447 2799.871170 2786.200315 2801.020474 2781.276035 2786.341579 2783.490813 2789.284566 2775.342639 2765.692291 2748.635156 2773.225998 2783.724793 2786.959774 2791.807876 2790.268948 2777.667950 2747.209290 -9999.0 -9999.0 -9999.0 -9999.0 -9999.0 -9999.0 -9999.0 -9999.0 -9999.0 -9999.0 -9999.0 -9999.0 -9999.0 -9999.0 -9999.0 -9999.0 -9999.0 -9999.0 -9999.0
-9999.0 -9999.0 -9999.0 -9999.0 -9999.0 -9999.0 -9999.0 -9999.0 -9999.0 -9999.0 -9999.0 -9999.0 -9999.0 -9999.0 2647.177245 2638.695899 2636.578034 2644.947278 2678.400240 2709.118464 2720.767602 2714.008485 2714.760256 2691.454945 2670.467180 2684.793489 2715.633335 2747.066932 2782.107403 2801.770568 2792.219744 2790.810963 2798.958459 2782.742496 2791.299275 2787.593628 2807.035367 2793.052970 2806.363094 2811.236791 2809.189342 2799.402839 2808.819780 2822.996313 2816.009622 2800.605103 2810.556736 2825.125217 2836.608172 2827.881500 2805.236394 2790.325511 2785.404579 2779.248643 2764.543090 2759.442693 2786.010151 2783.549114 2774.700591 2756.472816 2722.628822 2677.287861 2657.548596 2696.633193 2739.448887 2785.373602 -9999.0 -9999.0 -9999.0 -9999.0 -9999.0 -9999.0 -9999.0 -9999.0 -9999.0 -9999.0 -9999.0 -9999.0 -9999.0 -9999.0
-9999.0 -9999.0 -9999.0 -9999.0 -9999.0 -9999.0 -9999.0 -9999.0 -9999.0 2588.172709 2594.225208 2602.040012 2605.384374 2621.339512 2618.454231 2626.048727 2631.689478 2659.829725 2690.476993 2725.049523 2752.470706 2745.097778 2744.674871 2751.318776 2749.476332 2759.978406 2782.330432 2783.496579 2815.395014 2850.794568 2817.735040 2812.909456 2830.199205 2872.012098 2896.596164 2899.230459 2880.603726 2895.144700 2918.430518 2934.860496 2931.449923 2925.842497 2951.038299 2965.687773 2961.264451 2940.546915 2937.418899 2943.804222 2972.533242 2922.752276 2858.201131 2818.486686 2832.871419 2811.121783 2783.837147 2806.607019 2805.110147 2793.926467 2782.354727 2772.720400 2738.191331 2725.241224 2706.708258 2725.301401 2747.143504 2780.591448 2820.661924 2850.697658 2850.692887 2833.745619 -9999.0 -9999.0 -9999.0 -9999.0 -9999.0 -9999.0 -9999.0 -9999.0 -9999.0 -9999.0
-9999.0 -9999.0 -9999.0 -9999.0 -9999.0 -9999.0 2508.170590 2519.205357 2540.804692 2544.635445 2571.780944 2578.337612 2598.912123 2617.679349 2640.163546 2654.861570 2682.341143 2714.264994 2751.639761 2791.541534 2788.897049 2813.589533 2783.017988 2803.598084 2831.833529 2851.898284 2873.891546 2910.643707 2980.186527 3016.116521 3010.972364 3012.035280 3020.154727 3069.593845 3133.013869 3144.613849 3124.141766 3110.710973 3133.138106 3169.576946 3168.736740 3167.628580 3179.609626 3189.910476 3216.524532 3206.492684 3170.762166 3164.035139 3169.157717 3148.581874 3082.536302 3025.275042 3004.729249 2960.937910 2879.818357 2835.839518 2856.624240 2883.257130 2861.173787 2812.247814 2812.173428 2802.989972 2788.368077 2777.665066 2786.959397 2791.365477 2815.858017 2829.939284 2818.558907 2798.277597 2782.041053 2753.007383 2754.796305 2779.407405 -9999.0 -9999.0 -9999.0 -9999.0 -9999.0 -9999.0
-9999.0 -9999.0 -9999.0 -9999.0 2457.176963 2470.795039 2457.653992 2484.823629 2518.338508 2553.362411 2582.932982 2617.908654 2643.887127 2672.995963 2708.211349 2734.443226 2770.709435 2803.662048 2812.296234 2873.344576 2917.577417 2931.923161 2940.372126 2989.509244 3045.344848 3092.476164 3110.728040 3135.792345 3179.384117 3235.098871 3257.535953 3260.764529 3277.570107 3318.726552 3372.605742 3407.009028 3389.751202 3381.134939 3390.170122 3403.553269 3425.668322 3425.771468 3426.859420 3430.490990 3437.457311 3436.157409 3410.623312 3377.702331 3364.957648 3355.365411 3319.835669 3249.404414 3218.274335 3190.603412 3151.643936 3099.252949 3049.324483 3048.009955 2994.786141 2942.862067 2891.988718 2882.426432 2861.395479 2844.919414 2826.512895 2837.790522 2849.067296 2834.006687 2804.641943 2784.322615 2769.556278 2750.513635 2738.376549 2768.631743 2783.995901 2813.878418 -9999.0 -9999.0 -9999.0 -9999.0
-9999.0 -9999.0 2396.770376 2443.316194 2501.113342 2509.005517 2505.649985 2511.136950 2540.068793 2592.001601 2660.436277 2702.097873 2736.613877 2770.024329 2781.996953 2845.551889 2905.759464 2947.450800 3002.064943 3069.693486 3127.954917 3154.877380 3164.112564 3198.753082 3251.962197 3318.401600 3345.441473 3371.102610 3401.663969 3436.591923 3432.706131 3444.045982 3455.540622 3466.067150 3478.965400 3484.986212 3480.505461 3475.989667 3457.657914 3452.847813 3459.405848 3466.695689 3466.241809 3451.865313 3447.914698 3462.601111 3468.328767 3466.586864 3464.370603 3469.736491 3467.059706 3421.079579 3399.297855 3384.742001 3374.199411 3329.137545 3263.921607 3230.758091 3210.595115 3171.170010 3098.878198 3060.102134 3020.413304 2985.097143 2948.021015 2933.117741 2899.734717 2867.295087 2828.476861 2787.791068 2778.051036 2761.207165 2759.051825 2758.381296 2775.170797 2788.746067 2804.769050 2812.876501 -9999.0 -9999.0
-9999.0 2288.255524 2359.645429 2482.735135 2561.768613 2602.563059 2619.603391 2630.561238 2660.096422 2695.042445 2787.740043 2805.413466 2887.168303 2922.074259 2962.721652 3049.912464 3141.311633 3182.937002 3219.954309 3280.449525 3343.611148 3389.484199 3415.189380 3401.011578 3438.472398 3463.736921 3470.387549 3476.323722 3475.239978 3466.837708 3459.895134 3466.733708 3463.992638 3445.266348 3429.622433 3428.037377 3424.737363 3401.819828 3374.610010 3359.612952 3361.462398 3385.922121 3373.162339 3351.985010 3347.648553 3369.001398 3389.607239 3379.184898 3366.183659 3382.615204 3416.621410 3440.263811 3443.343029 3461.329245 3482.315867 3454.142659 3431.355488 3388.758627 3372.282369 3347.230714 3291.672104 3237.092486 3189.705188 3141.350075 3088.912372 3039.124531 2991.626114 2945.390637 2891.862565 2859.097120 2834.557761 2791.157780 2784.577035 2783.721712 2781.321830 2779.092176 2784.064117 2790.722722 -9999.0 -9999.0
-9999.0 2195.586499 2335.183864 2514.543533 2659.902346 2707.464973 2782.151840 2818.040875 2832.144217 2828.269270 2880.089033 3091.112713 3204.435595 3219.525975 3291.874824 3382.813457 3372.730915 3402.823994 3424.752454 3445.989072 3463.150520 3475.863323 3473.726471 3468.099365 3451.936656 3444.007317 3443.214815 3441.219673 3424.204621 3405.593501 3389.050421 3386.265462 3369.021935 3321.695828 3289.292899 3272.738439 3255.550494 3241.612247 3213.853218 3188.404999 3172.969998 3184.848849 3181.821625 3167.593444 3163.151483 3181.773455 3212.502459 3209.402427 3219.397956 3238.610911 3273.855773 3310.900357 3329.853515 3358.372943 3393.459455 3439.753448 3449.774864 3471.862432 3475.212604 3462.934880 3417.746743 3367.283939 3338.384879 3284.004210 3224.686373 3163.263332 3115.193761 3070.933849 3016.513988 2982.201963 2943.177535 2889.919802 2845.753594 2836.048635 2802.351269 2788.452075 -9999.0 -9999.0 -9999.0 -9999.0
-9999.0 2098.690246 2279.724724 2522.702596 2803.255425 2879.956935 3075.896923 3187.839401 3226.820878 3291.357500 3193.743427 3381.647744 3428.417666 3421.861924 3431.981217 3434.249741 3447.848792 3447.550797 3442.502213 3431.735477 3422.490822 3418.184469 3417.015572 3409.168904 3396.698006 3382.257006 3370.578078 3359.555251 3323.796534 3292.619438 3255.274438 3243.346296 3201.527996 3111.484510 3073.006293 3036.358720 2978.108437 2979.637040 2984.684123 2962.218253 2943.282006 2917.403840 2944.972765 2953.946054 2957.439735 2954.498102 2965.311869 2990.117145 3035.668121 3068.996383 3107.478249 3154.467085 3183.984041 3222.539019 3262.423483 3314.010461 3344.275338 3372.676432 3420.124282 3456.779789 3479.188503 3466.054617 3446.167916 3403.176285 3343.723037 3294.904456 3266.806632 3217.537094 3174.606655 3131.132373 3085.044066 3032.650937 2971.983786 2915.692924 2881.402665 -9999.0 -9999.0 -9999.0 -9999.0 -9999.0
-9999.0 1886.032676 2150.097202 2420.272634 2704.127079 3027.274120 3182.859532 3279.586295 3340.542081 3316.852082 3333.956958 3341.879245 3378.205446 3384.475956 3362.912047 3349.926966 3333.515148 3332.427367 3345.383328 3318.644661 3289.182574 3276.274319 3277.082416 3266.374247 3243.083174 3228.202963 3218.873931 3201.060060 3158.463932 3109.739441 3028.153931 2996.680082 2922.602824 2881.523375 2844.787920 2798.818037 2798.874881 2801.210767 2782.592162 2809.892135 2787.343721 2768.662839 2796.724049 2783.734482 2796.421558 2781.140504 2787.833197 2821.579324 2867.395102 2906.998196 2950.345480 2996.243818 3036.873971 3076.077837 3097.982377 3138.151416 3179.455491 3220.272107 3289.154364 3365.324465 3399.780620 3433.443043 3463.358459 3484.777002 3442.570844 3415.391574 3392.412350 3369.866995 3324.691529 3279.926664 3239.447952 3176.487166 3117.043719 -9999.0 -9999.0 -9999.0 -9999.0 -9999.0 -9999.0 -9999.0
-9999.0 1770.182595 1968.689279 2167.899063 2424.372502 2656.799376 2852.071746 2942.345671 3010.145149 3070.358728 3117.975900 3153.228830 3178.886143 3199.747640 3176.972875 3132.760386 3101.494728 3106.195918 3098.599370 3077.235275 3049.659545 3036.758985 3034.650105 3029.839949 3008.537415 2998.038450 2991.232603 2974.926052 2949.104411 2897.610871 2826.404295 2799.564762 2743.367197 2718.818837 2692.457096 2662.720721 2633.774946 2645.022293 2655.291252 2654.235382 2645.892184 2644.587800 2673.090230 2691.813712 2701.677216 2691.311683 2710.630926 2735.537742 2774.583198 2786.335177 2830.368280 2879.707050 2927.389977 2947.918557 2951.238663 2964.367478 2991.028696 3034.256343 3110.052486 3194.848762 3269.564030 3313.759024 3363.543576 3402.403662 3429.242441 3456.392875 3476.989417 3468.677681 3443.884380 3411.256917 3354.132799 -9999.0 -9999.0 -9999.0 -9999.0 -9999.0 -9999.0 -9999.0 -9999.0 -9999.0
-9999.0 -9999.0 1740.677145 1897.816700 2002.698443 2167.089561 2309.544504 2416.909047 2516.215983 2654.061837 2774.574219 2828.325956 2872.674334 2887.959391 2873.720506 2844.200006 2826.095351 2825.891442 2814.811746 2807.746654 2792.502108 2787.116379 2825.236403 2817.269856 2810.919828 2807.704825 2802.990780 2793.306242 2773.963671 2730.133103 2689.454333 2643.464615 2593.800036 2570.342086 2550.426626 2531.683966 2533.970888 2528.786844 2533.665085 2535.785020 2544.313514 2557.758622 2577.069112 2599.761494 2609.595601 2619.750393 2631.475769 2654.136101 2685.444693 2726.018023 2778.504459 2811.658814 2846.870329 2853.638950 2836.287978 2832.181616 2841.428720 2871.301090 2935.909373 3003.528462 3090.985546 3154.955596 3221.060784 3275.810355 3301.702964 3338.055401 3406.416347 3454.304742 3494.457744 3472.185358 -9999.0 -9999.0 -9999.0 -9999.0 -9999.0 -9999.0 -9999.0 -9999.0 -9999.0 -9999.0
-9999.0 -9999.0 -9999.0 -9999.0 1755.461623 1902.998151 1998.840842 2077.935477 2209.893563 2337.835453 2443.118839 2529.645205 2597.557618 2625.536593 2626.207879 2640.681998 2639.239267 2631.229112 2621.107305 2624.976790 2628.839082 2622.785855 2607.321786 2600.926674 2603.883262 2610.600749 2608.138144 2594.835344 2576.841041 2560.643768 2546.098226 2514.978920 2482.446540 2454.823023 2442.783430 2439.248801 2439.424492 2431.827738 2440.192529 2448.612703 2464.203771 2479.169031 2502.526672 2531.742423 2546.173778 2560.931617 2569.914438 2589.040706 2618.686061 2671.037868 2733.577981 2790.403122 2807.486161 2807.676257 2803.708421 2785.645748 2778.259941 2801.599477 2794.297552 2846.271076 2935.288368 2995.418283 3041.632777 3081.131102 3117.247108 3180.637635 3272.391380 3352.169047 -9999.0 -9999.0 -9999.0 -9999.0 -9999.0 -9999.0 -9999.0 -9999.0 -9999.0 -9999.0 -9999.0 -9999.0
-9999.0 -9999.0 -9999.0 -9999.0 -9999.0 -9999.0 1725.162622 1829.173579 1898.874354 2047.630882 2189.076812 2295.333668 2378.390657 2413.711708 2446.479584 2476.527449 2476.925061 2457.565945 2436.884670 2458.418742 2476.791796 2471.017263 2439.942823 2441.216905 2447.773215 2455.696049 2453.257333 2447.436766 2423.252074 2439.361824 2443.687301 2421.882693 2397.349051 2385.118415 2374.119425 2384.388852 2384.833700 2370.796978 2370.183657 2397.847538 2418.655766 2431.456746 2452.509464 2485.567144 2517.943765 2533.469585 2534.454215 2539.459225 2576.856163 2645.869823 2717.312214 2772.695651 2789.808419 2794.322945 2784.207435 2742.413781 2720.222421 2724.266898 2754.476533 2800.909885 2818.168690 2854.819643 2867.514399 2870.497531 2883.900026 2979.241851 -9999.0 -9999.0 -9999.0 -9999.0 -9999.0 -9999.0 -9999.0 -9999.0 -9999.0 -9999.0 -9999.0 -9999.0 -9999.0 -9999.0
-9999.0 -9999.0 -9999.0 -9999.0 -9999.0 -9999.0 -9999.0 -9999.0 -9999.0 -9999.0 -9999.0 -9999.0 -9999.0 -9999.0 -9999.0 -9999.0 -9999.0 -9999.0 -9999.0 -9999.0 -9999.0 -9999.0 -9999.0 -9999.0 -9999.0 -9999.0 -9999.0 -9999.0 -9999.0 -9999.0 -9999.0 -9999.0 -9999.0 -9999.0 -9999.0 -9999.0 -9999.0 -9999.0 -9999.0 -9999.0 -9999.0 -9999.0 -9999.0 -9999.0 -9999.0 -9999.0 -9999.0 -9999.0 -9999.0 -9999.0 -9999.0 -9999.0 -9999.0 -9999.0 -9999.0 -9999.0 -9999.0 -9999.0 -9999.0 -9999.0 -9999.0 -9999.0 -9999.0 -9999.0 -9999.0 -9999.0 -9999.0 -9999.0 -9999.0 -9999.0 -9999.0 -9999.0 -9999.0 -9999.0 -9999.0 -9999.0 -9999.0 -9999.0 -9999.0 -9999.0
-9999.0 -9999.0 -9999.0 -9999.0 -9999.0 -9999.0 -9999.0 -9999.0 -9999.0 -9999.0 -9999.0 -9999.0 -9999.0 -9999.0 -9999.0 -9999.0 -9999.0 -9999.0 -9999.0 -9999.0 -9999.0 -9999.0 -9999.0 -9999.0 -9999.0 -9999.0 -9999.0 -9999.0 -9999.0 -9999.0 -9999.0 -9999.0 -9999.0 -9999.0 -9999.0 -9999.0 -9999.0 -9999.0 -9999.0 -9999.0 -9999.0 -9999.0 -9999.0 -9999.0 -9999.0 -9999.0 -9999.0 -9999.0 -9999.0 -9999.0 -9999.0 -9999.0 -9999.0 -9999.0 -9999.0 -9999.0 -9999.0 -9999.0 -9999.0 -9999.0 -9999.0 -9999.0 -9999.0 -9999.0 -9999.0 -9999.0 -9999.0 -9999.0 -9999.0 -9999.0 -9999.0 -9999.0 -9999.0 -9999.0 -9999.0 -9999.0 -9999.0 -9999.0 -9999.0 -9999.0