Borden_/Borden1m_014/output_maps/psiliqL0026N0037.asc
ncols         80
nrows         18
xllcorner     620200.000000
yllcorner     5168000.000000
cellsize      1.000000
NODATA_value  -9999.0
-9999.0 -9999.0 -9999.0 -9999.0 -9999.0 -9999.0 -9999.0 -9999.0 -9999.0 -9999.0 -9999.0 -9999.0 -9999.0 -9999.0 -9999.0 -9999.0 -9999.0 -9999.0 -9999.0 -9999.0 -9999.0 -9999.0 -9999.0 -9999.0 -9999.0 -9999.0 -9999.0 -9999.0 -9999.0 -9999.0 -9999.0 -9999.0 -9999.0 -9999.0 -9999.0 -9999.0 -9999.0 -9999.0 -9999.0 -9999.0 -9999.0 -9999.0 -9999.0 -9999.0 -9999.0 -9999.0 -9999.0 -9999.0 -9999.0 -9999.0 -9999.0 -9999.0 -9999.0 -9999.0 -9999.0 -9999.0 -9999.0 -9999.0 -9999.0 -9999.0 -9999.0 -9999.0 -9999.0 -9999.0 -9999.0 -9999.0 -9999.0 -9999.0 -9999.0 -9999.0 -9999.0 -9999.0 -9999.0 -9999.0 -9999.0 -9999.0 -9999.0 -9999.0 -9999.0 -9999.0
-9999.0 -9999.0 -9999.0 -9999.0 -9999.0 -9999.0 -9999.0 -9999.0 -9999.0 -9999.0 -9999.0 -9999.0 -9999.0 -9999.0 -9999.0 -9999.0 -9999.0 -9999.0 -9999.0 -9999.0 -9999.0 -9999.0 -9999.0 -9999.0 -9999.0 -9999.0 -9999.0 -9999.0 -9999.0 -9999.0 -9999.0 -9999.0 -9999.0 -9999.0 -9999.0 -9999.0 -9999.0 -9999.0 -9999.0 -9999.0 -9999.0 -9999.0 -9999.0 -9999.0 -9999.0 -9999.0 -9999.0 -9999.0 -9999.0 -9999.0 -9999.0 -9999.0 -9999.0 -9999.0 -9999.0 -9999.0 -9999.0 -9999.0 -9999.0 -9999.0 -9999.0 -9999.0 -9999.0 -9999.0 -9999.0 -9999.0 -9999.0 -9999.0 -9999.0 -9999.0 -9999.0 -9999.0 -9999.0 -9999.0 -9999.0 -9999.0 -9999.0 -9999.0 -9999.0 -9999.0
-9999.0 -9999.0 -9999.0 -9999.0 -9999.0 -9999.0 -9999.0 -9999.0 -9999.0 -9999.0 -9999.0 -9999.0 -9999.0 -9999.0 -9999.0 -9999.0 -9999.0 -9999.0 -9999.0 -9999.0 3325.365340 3326.254129 3304.464263 3270.190339 3241.736429 3243.302946 3275.906872 3316.182531 3354.626887 3361.666765 3342.283342 3345.809515 3341.103208 3336.308915 3336.248598 3343.773918 3350.243418 3359.754312 3366.520238 3364.047062 3356.563336 3351.456921 3353.970805 3355.511952 3361.779623 3347.336600 3363.389728 3379.362289 3384.188522 3381.669909 3358.551271 3346.912645 3339.237822 3323.978258 3350.848173 3362.794737 3386.329431 3391.243919 3389.556472 3363.291447 3333.435712 -9999.0 -9999.0 -9999.0 -9999.0 -9999.0 -9999.0 -9999.0 -9999.0 -9999.0 -9999.0 -9999.0 -9999.0 -9999.0 -9999.0 -9999.0 -9999.0 -9999.0 -9999.0 -9999.0
-9999.0 -9999.0 -9999.0 -9999.0 -9999.0 -9999.0 -9999.0 -9999.0 -9999.0 -9999.0 -9999.0 -9999.0 -9999.0 -9999.0 3235.584922 3226.679621 3223.543453 3230.504810 3262.623749 3292.579357 3304.104624 3296.397014 3295.916157 3270.840361 3247.588462 3259.734642 3288.620180 3318.513806 3351.318199 3368.116891 3356.715137 3353.740798 3360.255199 3378.925986 3386.491591 3382.620659 3365.278291 3388.958334 3401.883496 3405.980596 3403.778543 3393.778170 3402.301575 3416.162242 3409.080776 3393.963703 3405.150021 3420.341112 3431.257434 3423.512350 3366.393007 3354.939116 3352.292506 3348.837811 3336.348897 3333.039511 3361.907652 3361.990332 3355.284500 3338.579304 3305.705397 3260.788633 3242.348768 3283.479226 3327.597189 3384.165076 -9999.0 -9999.0 -9999.0 -9999.0 -9999.0 -9999.0 -9999.0 -9999.0 -9999.0 -9999.0 -9999.0 -9999.0 -9999.0 -9999.0
-9999.0 -9999.0 -9999.0 -9999.0 -9999.0 -9999.0 -9999.0 -9999.0 -9999.0 3179.345914 3184.322485 3190.962525 3193.068893 3207.829178 3204.283588 3210.794219 3214.286746 3240.994793 3269.886263 3302.788517 3329.188091 3319.456754 3317.606727 3320.828218 3314.491595 3321.611737 3341.339096 3377.003896 3407.457195 3442.045113 3408.031276 3402.710055 3419.801760 3460.528298 3482.930854 3484.442664 3465.646850 3482.442153 3505.681709 3520.941544 3517.183524 3510.952108 3536.831992 3552.039564 3545.649372 3524.111723 3523.322013 3531.213463 3560.732231 3510.397553 3444.954095 3407.519425 3424.215308 3403.875121 3378.861217 3368.996722 3370.367322 3391.161395 3380.118505 3347.158728 3314.580226 3303.452914 3287.293915 3309.043255 3332.953876 3379.790648 3420.137688 3450.357832 3450.170484 3433.189617 -9999.0 -9999.0 -9999.0 -9999.0 -9999.0 -9999.0 -9999.0 -9999.0 -9999.0 -9999.0
-9999.0 -9999.0 -9999.0 -9999.0 -9999.0 -9999.0 3100.931648 3111.281091 3131.782195 3134.104248 3160.242716 3165.033086 3182.181803 3198.722372 3219.857467 3231.900797 3256.021257 3285.072558 3320.140443 3356.802163 3383.175495 3371.082381 3375.446631 3393.872482 3419.551959 3437.543600 3459.541439 3496.718886 3568.366974 3604.232131 3596.103633 3596.590253 3604.643920 3654.873861 3718.685153 3729.366618 3708.701316 3695.701718 3719.420849 3756.894046 3754.741839 3753.507090 3766.742286 3777.622121 3804.442806 3793.453918 3757.628391 3752.597558 3759.655212 3736.738574 3667.680507 3610.966080 3592.980963 3546.658220 3463.795358 3421.879077 3446.647986 3475.312428 3454.446663 3405.754430 3374.569422 3369.966868 3359.733237 3353.738018 3367.053725 3390.570152 3415.141260 3429.573636 3418.195884 3397.777661 3376.535366 3348.679705 3351.575377 3376.698437 -9999.0 -9999.0 -9999.0 -9999.0 -9999.0 -9999.0
-9999.0 -9999.0 -9999.0 -9999.0 3051.717771 3064.303701 3049.083361 3074.833229 3106.253568 3139.243766 3165.979526 3195.481736 3217.652325 3243.393464 3275.424329 3296.189147 3327.069581 3355.652433 3401.489087 3461.678816 3505.087351 3517.654584 3525.557875 3575.962640 3631.800962 3678.436538 3696.949167 3722.730780 3768.641399 3825.055785 3847.161522 3849.804423 3866.713024 3910.262406 3966.855998 4002.058134 3984.354687 3975.268793 3985.517797 3999.955504 4022.100572 4022.162064 4023.285325 4027.504176 4035.270950 4033.434339 4006.686628 3973.194713 3960.223436 3950.048719 3911.648764 3839.414107 3809.493847 3780.493371 3737.513660 3683.305007 3636.789634 3638.686222 3584.296872 3529.626811 3480.514771 3473.446300 3453.979848 3438.822972 3422.280010 3435.288460 3447.877583 3433.381225 3403.910187 3375.138904 3362.546688 3345.328243 3334.298187 3365.712022 3383.746655 3413.343161 -9999.0 -9999.0 -9999.0 -9999.0
-9999.0 -9999.0 2993.307320 3038.153592 3094.652439 3100.059154 3092.494976 3094.487520 3119.942514 3168.169580 3227.728231 3263.278227 3290.740734 3319.993335 3369.149004 3429.784785 3488.654812 3530.536944 3588.079559 3657.103752 3715.915759 3742.439016 3751.055260 3786.579931 3841.340663 3910.755588 3938.896451 3965.457753 3997.414388 4034.101456 4025.367687 4035.951884 4048.506182 4061.595930 4076.866326 4084.158577 4079.225310 4074.608040 4056.006818 4050.773433 4057.246865 4065.379864 4064.297825 4049.576483 4045.601423 4060.647302 4066.958347 4064.823710 4061.896166 4066.721349 4061.930493 4013.195214 3996.258627 3980.931557 3969.051977 3922.734750 3855.842741 3823.703569 3802.095334 3760.968890 3687.629837 3650.699143 3611.778417 3577.613053 3540.771214 3528.289431 3496.528912 3464.925508 3426.701673 3386.387797 3367.809459 3353.901109 3353.836719 3354.740223 3372.719904 3388.535492 3404.587041 3412.703937 -9999.0 -9999.0
-9999.0 2885.363758 2956.109359 3074.754490 3151.441262 3186.153438 3192.980920 3194.492253 3218.473997 3249.786573 3334.804210 3382.437771 3464.561666 3501.542830 3541.468881 3630.973315 3725.193402 3768.512299 3807.491048 3871.397267 3937.335346 3984.521190 4010.898565 3988.951892 4028.681457 4058.853770 4067.122876 4074.250321 4074.391918 4065.866008 4059.430607 4066.075987 4063.072015 4043.801493 4027.641263 4025.855928 4022.432642 3999.037123 3971.449059 3955.889792 3957.194339 3982.256045 3969.058034 3947.644395 3943.212862 3964.934240 3986.447923 3975.705743 3962.533593 3979.137699 4013.847065 4038.944475 4039.844102 4058.447555 4079.579553 4050.421492 4029.264513 3985.224922 3968.249396 3942.782442 3885.759801 3830.967909 3782.880578 3734.574921 3682.499291 3634.002398 3586.711422 3539.842497 3487.028031 3454.593050 3430.667691 3388.397502 3376.223664 3383.015694 3378.432610 3377.141827 3383.908647 3390.555656 -9999.0 -9999.0
-9999.0 2788.436878 2926.759819 3100.810991 3241.267594 3279.983124 3339.273442 3392.907719 3405.501691 3349.563770 3449.481199 3665.835460 3788.011365 3805.514402 3881.105982 3976.379482 3958.300325 3989.720378 4013.005866 4039.186247 4060.225249 4074.662293 4072.971890 4067.841443 4051.308572 4043.293400 4042.401586 4040.277490 4022.823808 4003.818460 3986.978111 3983.775609 3965.744539 3916.064541 3882.775795 3865.220113 3846.065517 3832.712999 3805.562227 3779.551916 3762.977514 3773.210642 3771.576788 3758.199800 3753.784918 3771.828914 3802.703603 3800.856791 3812.787792 3832.417985 3867.856578 3906.090493 3925.363492 3954.502246 3990.151299 4038.268652 4046.923266 4069.385051 4072.281195 4061.987065 4015.325165 3963.718216 3934.307002 3878.929050 3819.417114 3757.777880 3708.968742 3664.401599 3609.353538 3575.583920 3536.713531 3483.457461 3441.085775 3434.010093 3400.986442 3388.250010 -9999.0 -9999.0 -9999.0 -9999.0
-9999.0 2691.855342 2863.728515 3097.862069 3389.599086 3459.024954 3659.584020 3773.060997 3811.338549 3878.537154 3757.624090 3965.134499 4018.343814 4013.450913 4029.571728 4032.827559 4047.152948 4046.488780 4041.409651 4030.379123 4020.770462 4016.182521 4015.130549 4007.213083 3994.578272 3979.948988 3968.029758 3956.568706 3919.869713 3887.892085 3848.545202 3836.032048 3791.282405 3699.535669 3660.967424 3622.393957 3561.547369 3564.247526 3572.049203 3548.372588 3528.824215 3500.534204 3530.297151 3541.203972 3545.439461 3540.734361 3550.184360 3578.809670 3626.635193 3660.866974 3699.575698 3747.378426 3777.751178 3816.807957 3856.474179 3908.714118 3939.876379 3968.746268 4017.699078 4054.717089 4077.454772 4063.360269 4044.868709 4000.102739 3939.886491 3890.586640 3861.634705 3811.193028 3767.755456 3724.372567 3678.083564 3625.515081 3564.274424 3512.178721 3478.599384 -9999.0 -9999.0 -9999.0 -9999.0 -9999.0
-9999.0 2467.633314 2731.388930 2984.162863 3254.362399 3595.348112 3767.169425 3860.793258 3923.946989 3907.035099 3930.534724 3936.808123 3973.902580 3981.188303 3959.795329 3945.917534 3928.255114 3927.166075 3940.233275 3912.878597 3882.610276 3869.258003 3870.164748 3859.476349 3835.625674 3820.768188 3811.515545 3793.052767 3750.103761 3700.051085 3616.210003 3581.786583 3503.380436 3465.499254 3429.641880 3383.220372 3339.687188 3345.729751 3370.425228 3362.083122 3341.666016 3324.925464 3354.394860 3374.938636 3388.150006 3371.814691 3378.315157 3412.441659 3458.519992 3498.529309 3541.918674 3589.397469 3630.950539 3669.803938 3690.427928 3729.483578 3771.408248 3812.842049 3882.827265 3961.158871 3997.074284 4031.690589 4060.556109 4082.462524 4039.588883 4013.325951 3989.617084 3966.179057 3920.020258 3874.674078 3834.133817 3769.577239 3710.061481 -9999.0 -9999.0 -9999.0 -9999.0 -9999.0 -9999.0 -9999.0
-9999.0 2355.821604 2548.218784 2738.464644 2969.642393 3196.144283 3417.402204 3507.462493 3577.442855 3649.352472 3703.534999 3741.306482 3767.061658 3788.610577 3766.034400 3719.997101 3687.791458 3692.787828 3683.813624 3662.983082 3635.514637 3622.795578 3620.233087 3615.651098 3594.706446 3584.736406 3578.228102 3560.583681 3535.694937 3483.481728 3412.953762 3340.867740 3288.120635 3269.688795 3248.003256 3222.016659 3196.277922 3210.086290 3223.012037 3223.466708 3217.428880 3217.982836 3247.024176 3266.904482 3276.324402 3265.475040 3283.492469 3306.260235 3342.686552 3381.167395 3425.255997 3474.734335 3522.567847 3542.126495 3543.693213 3554.587538 3581.590235 3624.363553 3700.241269 3785.958781 3863.515883 3908.926206 3959.642199 3999.611872 4027.757474 4052.595550 4075.017453 4068.098418 4042.138642 4008.788318 3950.071424 -9999.0 -9999.0 -9999.0 -9999.0 -9999.0 -9999.0 -9999.0 -9999.0 -9999.0
-9999.0 -9999.0 2322.805856 2474.241544 2569.597136 2731.647554 2853.405974 2958.835521 3050.009026 3188.832741 3310.906505 3403.860462 3450.098830 3465.626094 3451.877325 3423.808202 3406.883962 3406.506538 3394.837685 3388.899981 3375.090794 3370.194751 3358.984979 3351.979898 3348.623102 3348.697743 3347.110752 3339.729773 3323.973466 3283.695847 3248.233123 3205.176553 3162.026375 3141.493517 3124.426948 3108.513568 3113.595420 3109.226336 3115.204995 3118.599053 3128.714595 3143.203288 3162.582751 3184.136604 3193.728175 3203.879594 3214.458124 3235.673124 3265.084289 3304.661274 3355.407485 3409.382251 3444.647332 3450.880444 3432.271690 3426.582467 3433.944953 3461.980901 3524.253809 3592.597440 3681.999272 3747.290204 3814.026290 3869.905977 3896.549806 3932.931806 4003.162818 4051.190397 4093.657893 4071.255411 -9999.0 -9999.0 -9999.0 -9999.0 -9999.0 -9999.0 -9999.0 -9999.0 -9999.0 -9999.0
-9999.0 -9999.0 -9999.0 -9999.0 2334.942562 2481.641554 2579.285361 2659.456447 2794.993046 2899.131271 2993.542922 3079.691199 3148.625028 3172.051500 3173.308200 3190.850903 3190.254818 3180.982335 3170.191431 3175.712132 3181.351802 3175.700140 3161.713240 3156.308858 3161.350933 3170.596926 3170.220635 3159.001326 3142.732723 3130.899305 3120.274319 3091.710885 3061.551710 3036.114790 3025.952006 3024.572541 3025.945943 3018.974344 3028.055923 3037.632520 3054.006055 3069.330732 3092.867455 3122.591758 3137.321134 3151.844308 3160.094590 3178.099222 3205.218290 3256.213456 3317.401230 3373.410067 3406.696519 3406.613336 3377.656049 3355.413787 3342.324265 3359.048985 3387.256366 3437.194403 3525.818372 3587.503327 3632.303133 3670.653689 3706.884599 3772.026586 3866.677133 3947.990345 -9999.0 -9999.0 -9999.0 -9999.0 -9999.0 -9999.0 -9999.0 -9999.0 -9999.0 -9999.0 -9999.0 -9999.0
-9999.0 -9999.0 -9999.0 -9999.0 -9999.0 -9999.0 2313.245471 2419.799863 2486.835433 2642.782485 2791.364793 2869.407291 2952.788036 2989.231909 3011.733009 3042.369808 3043.246707 3022.962199 3001.074106 3023.494999 3043.626872 3037.599012 3005.475304 3007.937767 3016.304780 3025.510592 3024.612292 3020.700663 2998.440389 3018.034537 3025.257776 3005.239192 2982.551745 2978.581681 2968.578055 2979.653464 2980.653460 2966.842599 2966.054691 2990.030182 3011.493029 3024.500338 3045.475236 3078.658606 3111.059415 3126.583414 3127.115352 3131.264850 3167.166783 3233.801106 3304.284014 3358.891906 3389.326534 3393.633287 3362.570667 3317.336958 3290.704786 3288.939541 3312.445246 3350.866191 3411.024181 3446.546729 3456.620493 3456.577954 3467.935904 3567.507159 -9999.0 -9999.0 -9999.0 -9999.0 -9999.0 -9999.0 -9999.0 -9999.0 -9999.0 -9999.0 -9999.0 -9999.0 -9999.0 -9999.0
-9999.0 -9999.0 -9999.0 -9999.0 -9999.0 -9999.0 -9999.0 -9999.0 -9999.0 -9999.0 -9999.0 -9999.0 -9999.0 -9999.0 -9999.0 -9999.0 -9999.0 -9999.0 -9999.0 -9999.0 -9999.0 -9999.0 -9999.0 -9999.0 -9999.0 -9999.0 -9999.0 -9999.0 -9999.0 -9999.0 -9999.0 -9999.0 -9999.0 -9999.0 -9999.0 -9999.0 -9999.0 -9999.0 -9999.0 -9999.0 -9999.0 -9999.0 -9999.0 -9999.0 -9999.0 -9999.0 -9999.0 -9999.0 -9999.0 -9999.0 -9999.0 -9999.0 -9999.0 -9999.0 -9999.0 -9999.0 -9999.0 -9999.0 -9999.0 -9999.0 -9999.0 -9999.0 -9999.0 -9999.0 -9999.0 -9999.0 -9999.0 -9999.0 -9999.0 -9999.0 -9999.0 -9999.0 -9999.0 -9999.0 -9999.0 -9999.0 -9999.0 -9999.0 -9999.0 -9999.0
-9999.0 -9999.0 -9999.0 -9999.0 -9999.0 -9999.0 -9999.0 -9999.0 -9999.0 -9999.0 -9999.0 -9999.0 -9999.0 -9999.0 -9999.0 -9999.0 -9999.0 -9999.0 -9999.0 -9999.0 -9999.0 -9999.0 -9999.0 -9999.0 -9999.0 -9999.0 -9999.0 -9999.0 -9999.0 -9999.0 -9999.0 -9999.0 -9999.0 -9999.0 -9999.0 -9999.0 -9999.0 -9999.0 -9999.0 -9999.0 -9999.0 -9999.0 -9999.0 -9999.0 -9999.0 -9999.0 -9999.0 -9999.0 -9999.0 -9999.0 -9999.0 -9999.0 -9999.0 -9999.0 -9999.0 -9999.0 -9999.0 -9999.0 -9999.0 -9999.0 -9999.0 -9999.0 -9999.0 -9999.0 -9999.0 -9999.0 -9999.0 -9999.0 -9999.0 -9999.0 -9999.0 -9999.0 -9999.0 -9999.0 -9999.0 -9999.0 -9999.0 -9999.0 -9999.0 -9999.0