Borden_/Borden1m_014/output_maps/psiliqL0017N0029.asc
ncols         80
nrows         18
xllcorner     620200.000000
yllcorner     5168000.000000
cellsize      1.000000
NODATA_value  -9999.0
-9999.0 -9999.0 -9999.0 -9999.0 -9999.0 -9999.0 -9999.0 -9999.0 -9999.0 -9999.0 -9999.0 -9999.0 -9999.0 -9999.0 -9999.0 -9999.0 -9999.0 -9999.0 -9999.0 -9999.0 -9999.0 -9999.0 -9999.0 -9999.0 -9999.0 -9999.0 -9999.0 -9999.0 -9999.0 -9999.0 -9999.0 -9999.0 -9999.0 -9999.0 -9999.0 -9999.0 -9999.0 -9999.0 -9999.0 -9999.0 -9999.0 -9999.0 -9999.0 -9999.0 -9999.0 -9999.0 -9999.0 -9999.0 -9999.0 -9999.0 -9999.0 -9999.0 -9999.0 -9999.0 -9999.0 -9999.0 -9999.0 -9999.0 -9999.0 -9999.0 -9999.0 -9999.0 -9999.0 -9999.0 -9999.0 -9999.0 -9999.0 -9999.0 -9999.0 -9999.0 -9999.0 -9999.0 -9999.0 -9999.0 -9999.0 -9999.0 -9999.0 -9999.0 -9999.0 -9999.0
-9999.0 -9999.0 -9999.0 -9999.0 -9999.0 -9999.0 -9999.0 -9999.0 -9999.0 -9999.0 -9999.0 -9999.0 -9999.0 -9999.0 -9999.0 -9999.0 -9999.0 -9999.0 -9999.0 -9999.0 -9999.0 -9999.0 -9999.0 -9999.0 -9999.0 -9999.0 -9999.0 -9999.0 -9999.0 -9999.0 -9999.0 -9999.0 -9999.0 -9999.0 -9999.0 -9999.0 -9999.0 -9999.0 -9999.0 -9999.0 -9999.0 -9999.0 -9999.0 -9999.0 -9999.0 -9999.0 -9999.0 -9999.0 -9999.0 -9999.0 -9999.0 -9999.0 -9999.0 -9999.0 -9999.0 -9999.0 -9999.0 -9999.0 -9999.0 -9999.0 -9999.0 -9999.0 -9999.0 -9999.0 -9999.0 -9999.0 -9999.0 -9999.0 -9999.0 -9999.0 -9999.0 -9999.0 -9999.0 -9999.0 -9999.0 -9999.0 -9999.0 -9999.0 -9999.0 -9999.0
-9999.0 -9999.0 -9999.0 -9999.0 -9999.0 -9999.0 -9999.0 -9999.0 -9999.0 -9999.0 -9999.0 -9999.0 -9999.0 -9999.0 -9999.0 -9999.0 -9999.0 -9999.0 -9999.0 -9999.0 1551.928660 1554.698767 1533.778323 1501.341770 1474.863213 1478.655294 1514.589955 1557.551928 1598.095984 1609.354038 1593.028504 1597.516733 1594.415551 1593.522780 1596.428872 1604.428042 1610.182192 1621.842753 1630.931145 1631.308344 1626.232307 1622.294396 1623.915399 1626.799082 1632.032823 1619.330846 1632.403768 1646.129725 1649.258210 1642.550559 1614.099042 1597.161880 1586.014509 1568.063059 1590.725706 1600.293357 1621.021967 1623.299998 1619.836263 1591.610266 1560.729458 -9999.0 -9999.0 -9999.0 -9999.0 -9999.0 -9999.0 -9999.0 -9999.0 -9999.0 -9999.0 -9999.0 -9999.0 -9999.0 -9999.0 -9999.0 -9999.0 -9999.0 -9999.0 -9999.0
-9999.0 -9999.0 -9999.0 -9999.0 -9999.0 -9999.0 -9999.0 -9999.0 -9999.0 -9999.0 -9999.0 -9999.0 -9999.0 -9999.0 1457.867769 1449.455315 1448.056559 1457.687920 1492.384158 1523.664969 1535.944494 1529.594795 1531.033354 1508.791968 1489.381302 1504.888044 1536.545568 1569.970215 1606.385131 1628.007332 1618.807466 1618.307757 1628.807193 1653.824181 1666.377342 1664.345578 1646.055368 1670.631447 1686.875550 1695.755723 1696.419809 1689.005279 1701.588207 1716.976899 1709.628671 1692.016296 1697.254441 1708.168487 1717.922282 1703.390735 1638.901978 1619.034897 1612.354825 1603.705273 1587.436620 1579.447026 1603.374120 1601.176210 1591.226454 1571.788712 1537.678885 1492.527099 1472.604262 1510.171959 1552.368376 1608.070187 -9999.0 -9999.0 -9999.0 -9999.0 -9999.0 -9999.0 -9999.0 -9999.0 -9999.0 -9999.0 -9999.0 -9999.0 -9999.0 -9999.0
-9999.0 -9999.0 -9999.0 -9999.0 -9999.0 -9999.0 -9999.0 -9999.0 -9999.0 1396.206242 1402.005698 1410.583343 1414.519334 1431.534252 1429.986710 1438.541741 1446.562650 1475.388218 1507.743973 1543.975188 1573.667818 1566.399918 1568.348183 1578.817615 1582.004644 1595.053400 1618.715361 1660.848767 1700.906359 1742.789132 1715.384506 1714.502088 1734.777378 1781.321856 1812.427761 1818.772135 1801.179432 1812.672114 1838.545033 1860.691842 1861.452480 1859.832182 1885.609936 1899.923426 1898.669812 1877.183019 1865.957732 1866.054179 1889.973348 1836.850611 1768.932774 1719.495477 1723.792392 1693.515217 1656.200657 1635.795457 1631.418533 1649.466669 1632.874160 1594.196124 1556.682301 1543.646334 1524.420894 1540.437529 1560.860436 1605.143671 1642.376384 1669.207491 1666.973590 1648.346540 -9999.0 -9999.0 -9999.0 -9999.0 -9999.0 -9999.0 -9999.0 -9999.0 -9999.0 -9999.0
-9999.0 -9999.0 -9999.0 -9999.0 -9999.0 -9999.0 1315.340431 1326.085135 1347.783334 1353.166561 1380.290759 1388.884801 1411.004442 1431.775820 1455.360136 1473.070240 1504.114621 1538.522376 1580.339074 1624.282134 1657.634555 1653.383026 1665.221565 1695.200589 1733.229410 1761.865735 1788.712796 1830.739969 1908.386414 1951.559036 1957.642291 1963.394584 1974.106197 2023.853003 2088.088111 2102.289745 2082.318541 2068.687302 2090.563710 2128.411675 2134.387503 2136.885972 2149.332204 2159.458712 2184.835041 2173.697027 2132.836921 2118.683161 2116.799990 2097.261838 2032.922609 1969.294335 1936.520267 1885.088960 1800.423837 1746.430151 1754.472928 1772.118164 1741.855073 1686.192197 1644.312769 1632.061964 1615.160382 1600.622187 1605.586096 1622.830467 1642.739210 1651.867917 1636.748237 1613.744161 1589.592722 1559.591232 1560.501699 1584.894500 -9999.0 -9999.0 -9999.0 -9999.0 -9999.0 -9999.0
-9999.0 -9999.0 -9999.0 -9999.0 1263.877597 1277.749680 1266.205151 1293.060117 1327.307238 1363.208685 1396.129976 1434.096809 1462.955980 1495.050992 1536.419946 1570.687879 1613.124685 1650.130475 1705.832014 1775.053742 1827.364069 1851.730633 1868.424114 1927.272388 1989.122546 2042.027940 2064.480181 2093.756350 2140.260083 2201.675840 2229.590219 2236.769197 2254.983651 2292.378005 2341.788053 2376.159767 2359.637495 2351.743843 2359.008398 2372.140478 2396.839204 2399.289906 2401.877119 2404.858779 2409.576976 2407.404097 2381.230762 2346.425593 2330.683812 2319.840249 2287.266510 2216.423529 2176.677216 2144.673086 2106.999131 2052.927919 1990.804050 1976.515626 1917.701290 1858.110082 1795.531381 1773.603710 1742.020802 1715.194620 1685.136048 1685.245093 1686.469091 1663.489133 1628.524076 1594.203768 1577.514608 1557.361300 1545.005559 1574.202650 1590.916243 1620.418932 -9999.0 -9999.0 -9999.0 -9999.0
-9999.0 -9999.0 1202.789402 1251.478411 1309.685270 1319.452976 1320.212495 1327.586262 1357.997888 1412.074320 1487.276371 1537.313678 1579.652548 1616.027055 1677.143336 1755.425441 1827.734145 1877.929450 1940.257691 2012.358764 2076.029258 2110.378436 2128.546051 2169.339080 2224.702284 2288.923943 2317.150328 2344.785251 2378.208850 2413.991657 2422.480248 2436.415643 2445.886124 2450.963954 2458.628983 2461.432845 2456.335071 2450.288470 2431.288755 2427.228430 2434.664156 2441.289637 2442.627516 2429.167490 2425.127990 2438.583153 2442.426050 2440.668456 2439.104943 2445.504433 2446.840013 2405.306162 2371.073634 2354.270382 2341.553235 2295.445883 2229.266734 2187.898377 2163.424802 2118.253518 2039.422929 1988.365913 1937.397572 1888.628428 1835.474590 1804.082404 1755.964521 1711.259870 1662.416554 1614.165238 1589.046664 1569.963823 1566.413780 1565.081787 1580.381997 1594.790556 1609.443815 1616.856657 -9999.0 -9999.0
-9999.0 1097.713508 1170.266546 1296.410162 1377.442739 1422.346860 1451.548356 1473.078800 1504.012965 1534.528443 1638.040782 1721.271642 1813.253013 1853.834730 1905.534319 2003.888323 2100.336253 2148.715621 2189.371700 2248.819990 2311.546628 2361.233069 2391.307852 2397.491412 2433.499997 2450.740094 2455.335442 2459.843845 2457.481996 2450.081658 2442.069078 2448.206449 2444.102431 2424.549398 2407.907568 2404.227247 2397.843202 2372.093370 2341.863879 2325.912326 2327.806021 2351.611838 2339.070233 2318.296281 2314.580373 2336.206127 2356.882842 2348.506620 2337.069891 2356.117370 2391.507570 2414.733989 2423.565204 2440.705370 2461.292188 2434.740887 2407.164688 2363.992929 2342.805325 2312.484144 2252.707893 2190.793275 2134.770683 2073.024702 2005.778980 1937.857744 1873.289964 1809.769758 1742.065282 1699.405669 1667.320104 1617.058041 1596.236886 1597.360574 1587.823771 1583.928339 1588.930829 1594.766262 -9999.0 -9999.0
-9999.0 1013.889885 1155.954103 1339.875677 1488.652378 1545.756545 1641.435533 1718.271497 1746.601911 1716.333675 1825.190347 2045.269520 2154.527395 2175.304495 2250.229681 2342.335717 2356.544661 2390.655453 2414.653703 2429.278717 2441.265269 2453.380009 2453.114029 2448.661274 2434.343224 2426.553006 2424.804058 2421.187052 2402.540326 2382.141951 2363.451389 2357.911314 2337.333853 2290.690638 2256.328054 2237.675466 2219.499438 2199.225534 2166.243842 2138.380394 2122.134336 2136.479852 2130.925264 2114.693698 2111.098579 2133.224974 2165.746483 2163.447251 2173.979051 2196.801438 2237.069128 2277.757138 2301.457620 2333.063418 2371.434027 2417.471248 2432.404700 2454.456408 2458.231518 2440.275311 2394.375510 2339.664458 2303.240873 2238.453151 2164.126367 2083.776846 2016.757501 1952.273958 1881.384172 1834.615913 1787.768293 1730.584327 1677.915950 1656.650909 1616.938194 1597.258938 -9999.0 -9999.0 -9999.0 -9999.0
-9999.0 929.984454 1116.467552 1371.269650 1652.181808 1756.727891 1961.957454 2089.798650 2146.114634 2216.616724 2177.350266 2339.145434 2384.100383 2382.624004 2387.245398 2393.493071 2410.737209 2415.069300 2412.574051 2403.491322 2395.218721 2391.752066 2390.804752 2383.250160 2370.473116 2354.591232 2339.543996 2324.981937 2285.429582 2250.553838 2212.204466 2195.947615 2154.278306 2061.045277 2017.623854 1979.869378 1921.290966 1915.393330 1910.699140 1882.045730 1861.931372 1839.423425 1862.728412 1868.791913 1871.955242 1874.236163 1890.525329 1916.664197 1963.239249 2000.893836 2045.900713 2099.214438 2135.504604 2180.111708 2226.705597 2283.555891 2318.073974 2350.546696 2399.935339 2439.296269 2462.428465 2449.527112 2421.488391 2371.662505 2296.920007 2227.367976 2174.202270 2097.649090 2031.673717 1978.505754 1932.742043 1882.613283 1818.794063 1743.748666 1702.507221 -9999.0 -9999.0 -9999.0 -9999.0 -9999.0
-9999.0 741.235369 1008.176770 1291.789986 1598.233647 1929.964190 2072.878062 2196.158634 2268.600179 2240.897575 2253.059545 2273.338249 2317.471335 2328.179860 2310.180208 2302.113836 2290.895843 2291.706616 2305.291987 2279.379817 2250.076531 2236.700476 2236.176465 2224.093839 2199.980169 2182.364345 2169.453362 2147.483560 2098.178613 2045.563974 1962.097501 1929.480972 1851.739050 1798.020020 1754.223653 1704.296243 1653.820580 1652.819970 1670.467294 1656.041923 1633.632111 1615.212062 1642.304883 1661.009780 1673.849807 1662.170037 1671.602894 1708.129410 1758.226666 1803.081734 1853.556653 1908.976551 1956.249721 2004.332524 2036.535385 2087.084272 2136.516190 2184.568017 2259.263414 2339.380799 2377.971781 2412.884608 2443.450403 2456.600107 2400.665678 2347.047221 2289.435259 2222.969105 2141.058905 2093.398986 2068.277467 2027.542761 1973.002580 -9999.0 -9999.0 -9999.0 -9999.0 -9999.0 -9999.0 -9999.0
-9999.0 617.831830 831.436423 1053.383913 1331.214669 1568.300496 1769.727024 1876.274624 1955.569429 1999.770905 2039.959089 2076.739274 2108.878708 2133.426737 2113.805563 2074.517131 2046.257512 2051.094373 2046.312831 2023.128531 1993.888052 1979.035618 1976.027358 1968.806637 1944.222447 1929.465972 1918.042241 1894.434488 1860.869682 1804.477596 1725.482606 1651.909388 1591.400973 1560.906967 1531.710932 1499.405978 1464.793980 1474.757457 1486.674840 1483.359773 1473.257371 1470.705689 1499.779237 1519.041541 1529.341819 1518.351694 1537.982313 1564.822939 1606.608205 1650.332922 1700.099702 1755.901258 1810.371594 1840.038419 1854.126995 1879.662294 1919.653549 1974.172211 2060.625791 2155.774703 2234.619135 2283.593567 2334.104527 2367.007995 2377.803730 2382.745607 2352.390431 2268.716038 2163.130698 2147.982200 2145.805979 -9999.0 -9999.0 -9999.0 -9999.0 -9999.0 -9999.0 -9999.0 -9999.0 -9999.0
-9999.0 -9999.0 599.684641 772.554736 903.383563 1080.459377 1230.010627 1340.484087 1432.276730 1551.003326 1659.424769 1745.528047 1791.035923 1809.363527 1796.243656 1764.697170 1744.557470 1744.741936 1734.454072 1724.285654 1704.894112 1696.970461 1685.263996 1676.609125 1666.786063 1661.145726 1655.258931 1643.271478 1620.919476 1573.993608 1526.352464 1475.408131 1422.530172 1396.941885 1375.004882 1353.644995 1352.606485 1348.191424 1353.468516 1354.934703 1362.007768 1374.716417 1394.710229 1416.883598 1426.826146 1436.115773 1448.818959 1472.796787 1506.141434 1548.909041 1603.441293 1661.896136 1702.505445 1716.021659 1707.082707 1712.737292 1733.499944 1776.370571 1856.854288 1940.726701 2036.453497 2107.687948 2178.413179 2229.182830 2242.940379 2254.222071 2263.621526 2207.762490 2053.010413 2095.726064 -9999.0 -9999.0 -9999.0 -9999.0 -9999.0 -9999.0 -9999.0 -9999.0 -9999.0 -9999.0
-9999.0 -9999.0 -9999.0 -9999.0 632.027856 785.881842 883.303029 966.557348 1096.259092 1217.754830 1318.567725 1402.198969 1464.950739 1491.725978 1488.371363 1495.098527 1491.130016 1484.893023 1475.140195 1474.578856 1473.824210 1466.290031 1451.614689 1444.012431 1444.727652 1449.352523 1446.257791 1432.029361 1413.614081 1391.313410 1371.204507 1336.831009 1300.919472 1271.567627 1258.209719 1252.492243 1252.071420 1244.903489 1253.430227 1260.778752 1275.966412 1291.134779 1314.855887 1343.930333 1357.861470 1372.784942 1382.668952 1403.326784 1433.999946 1487.721254 1551.579553 1609.979994 1646.574647 1651.698169 1627.880603 1613.154748 1610.173485 1638.749821 1684.057673 1751.437774 1853.206109 1926.349828 1982.855352 2026.187779 2056.380863 2098.623507 2143.086912 2171.618254 -9999.0 -9999.0 -9999.0 -9999.0 -9999.0 -9999.0 -9999.0 -9999.0 -9999.0 -9999.0 -9999.0 -9999.0
-9999.0 -9999.0 -9999.0 -9999.0 -9999.0 -9999.0 593.177491 695.084163 774.445138 913.725701 1044.848535 1146.288350 1226.668112 1258.744885 1285.694219 1312.799946 1311.293217 1292.970919 1273.837277 1292.690585 1306.701632 1300.664945 1270.413917 1269.906160 1274.558328 1282.423634 1279.813292 1273.017454 1247.562418 1258.961354 1259.508546 1235.981557 1209.732567 1195.717409 1183.691977 1193.151892 1193.232223 1179.471724 1179.860995 1206.634412 1226.878825 1239.968339 1261.717994 1294.942902 1327.362412 1342.714351 1344.223363 1350.466768 1390.541914 1460.994621 1533.035400 1588.946552 1621.994370 1630.686271 1604.220473 1564.876016 1545.224469 1553.046422 1588.467820 1641.542197 1717.611349 1766.828157 1792.171756 1804.641915 1821.653130 1911.027812 -9999.0 -9999.0 -9999.0 -9999.0 -9999.0 -9999.0 -9999.0 -9999.0 -9999.0 -9999.0 -9999.0 -9999.0 -9999.0 -9999.0
-9999.0 -9999.0 -9999.0 -9999.0 -9999.0 -9999.0 -9999.0 -9999.0 -9999.0 -9999.0 -9999.0 -9999.0 -9999.0 -9999.0 -9999.0 -9999.0 -9999.0 -9999.0 -9999.0 -9999.0 -9999.0 -9999.0 -9999.0 -9999.0 -9999.0 -9999.0 -9999.0 -9999.0 -9999.0 -9999.0 -9999.0 -9999.0 -9999.0 -9999.0 -9999.0 -9999.0 -9999.0 -9999.0 -9999.0 -9999.0 -9999.0 -9999.0 -9999.0 -9999.0 -9999.0 -9999.0 -9999.0 -9999.0 -9999.0 -9999.0 -9999.0 -9999.0 -9999.0 -9999.0 -9999.0 -9999.0 -9999.0 -9999.0 -9999.0 -9999.0 -9999.0 -9999.0 -9999.0 -9999.0 -9999.0 -9999.0 -9999.0 -9999.0 -9999.0 -9999.0 -9999.0 -9999.0 -9999.0 -9999.0 -9999.0 -9999.0 -9999.0 -9999.0 -9999.0 -9999.0
-9999.0 -9999.0 -9999.0 -9999.0 -9999.0 -9999.0 -9999.0 -9999.0 -9999.0 -9999.0 -9999.0 -9999.0 -9999.0 -9999.0 -9999.0 -9999.0 -9999.0 -9999.0 -9999.0 -9999.0 -9999.0 -9999.0 -9999.0 -9999.0 -9999.0 -9999.0 -9999.0 -9999.0 -9999.0 -9999.0 -9999.0 -9999.0 -9999.0 -9999.0 -9999.0 -9999.0 -9999.0 -9999.0 -9999.0 -9999.0 -9999.0 -9999.0 -9999.0 -9999.0 -9999.0 -9999.0 -9999.0 -9999.0 -9999.0 -9999.0 -9999.0 -9999.0 -9999.0 -9999.0 -9999.0 -9999.0 -9999.0 -9999.0 -9999.0 -9999.0 -9999.0 -9999.0 -9999.0 -9999.0 -9999.0 -9999.0 -9999.0 -9999.0 -9999.0 -9999.0 -9999.0 -9999.0 -9999.0 -9999.0 -9999.0 -9999.0 -9999.0 -9999.0 -9999.0 -9999.0