Borden_/Borden1m_014/output_maps/psiliqL0020N0024.asc
ncols         80
nrows         18
xllcorner     620200.000000
yllcorner     5168000.000000
cellsize      1.000000
NODATA_value  -9999.0
-9999.0 -9999.0 -9999.0 -9999.0 -9999.0 -9999.0 -9999.0 -9999.0 -9999.0 -9999.0 -9999.0 -9999.0 -9999.0 -9999.0 -9999.0 -9999.0 -9999.0 -9999.0 -9999.0 -9999.0 -9999.0 -9999.0 -9999.0 -9999.0 -9999.0 -9999.0 -9999.0 -9999.0 -9999.0 -9999.0 -9999.0 -9999.0 -9999.0 -9999.0 -9999.0 -9999.0 -9999.0 -9999.0 -9999.0 -9999.0 -9999.0 -9999.0 -9999.0 -9999.0 -9999.0 -9999.0 -9999.0 -9999.0 -9999.0 -9999.0 -9999.0 -9999.0 -9999.0 -9999.0 -9999.0 -9999.0 -9999.0 -9999.0 -9999.0 -9999.0 -9999.0 -9999.0 -9999.0 -9999.0 -9999.0 -9999.0 -9999.0 -9999.0 -9999.0 -9999.0 -9999.0 -9999.0 -9999.0 -9999.0 -9999.0 -9999.0 -9999.0 -9999.0 -9999.0 -9999.0
-9999.0 -9999.0 -9999.0 -9999.0 -9999.0 -9999.0 -9999.0 -9999.0 -9999.0 -9999.0 -9999.0 -9999.0 -9999.0 -9999.0 -9999.0 -9999.0 -9999.0 -9999.0 -9999.0 -9999.0 -9999.0 -9999.0 -9999.0 -9999.0 -9999.0 -9999.0 -9999.0 -9999.0 -9999.0 -9999.0 -9999.0 -9999.0 -9999.0 -9999.0 -9999.0 -9999.0 -9999.0 -9999.0 -9999.0 -9999.0 -9999.0 -9999.0 -9999.0 -9999.0 -9999.0 -9999.0 -9999.0 -9999.0 -9999.0 -9999.0 -9999.0 -9999.0 -9999.0 -9999.0 -9999.0 -9999.0 -9999.0 -9999.0 -9999.0 -9999.0 -9999.0 -9999.0 -9999.0 -9999.0 -9999.0 -9999.0 -9999.0 -9999.0 -9999.0 -9999.0 -9999.0 -9999.0 -9999.0 -9999.0 -9999.0 -9999.0 -9999.0 -9999.0 -9999.0 -9999.0
-9999.0 -9999.0 -9999.0 -9999.0 -9999.0 -9999.0 -9999.0 -9999.0 -9999.0 -9999.0 -9999.0 -9999.0 -9999.0 -9999.0 -9999.0 -9999.0 -9999.0 -9999.0 -9999.0 -9999.0 2154.294375 2156.835498 2136.255212 2104.000993 2077.766464 2081.777215 2117.583830 2160.622432 2201.530128 2212.510622 2196.257457 2201.365151 2198.427041 2196.592480 2198.847270 2206.993512 2213.343841 2224.292994 2232.738058 2232.396061 2226.813589 2222.772755 2224.874596 2227.378655 2232.871750 2219.357773 2233.103343 2247.168935 2250.240123 2244.217719 2216.688278 2200.601300 2189.460809 2171.205480 2194.127685 2203.464636 2223.810657 2225.824074 2222.057890 2193.917861 2163.053004 -9999.0 -9999.0 -9999.0 -9999.0 -9999.0 -9999.0 -9999.0 -9999.0 -9999.0 -9999.0 -9999.0 -9999.0 -9999.0 -9999.0 -9999.0 -9999.0 -9999.0 -9999.0 -9999.0
-9999.0 -9999.0 -9999.0 -9999.0 -9999.0 -9999.0 -9999.0 -9999.0 -9999.0 -9999.0 -9999.0 -9999.0 -9999.0 -9999.0 2059.578863 2051.532858 2050.354011 2059.987555 2094.653700 2126.097823 2138.188851 2131.989061 2133.526260 2111.248979 2091.581549 2107.028938 2138.791333 2171.910925 2208.137196 2229.362965 2220.647273 2220.372654 2230.352266 2254.203838 2265.452621 2262.943466 2244.766677 2269.477319 2284.760545 2292.239617 2292.234119 2284.230980 2295.511372 2310.423664 2303.061685 2286.051593 2293.043296 2304.914092 2314.463297 2301.481282 2238.186197 2220.125983 2213.563222 2205.437116 2189.286152 2181.944826 2206.484334 2203.666424 2193.680634 2174.340613 2140.096952 2094.801879 2074.603290 2112.417625 2154.356213 2209.454154 -9999.0 -9999.0 -9999.0 -9999.0 -9999.0 -9999.0 -9999.0 -9999.0 -9999.0 -9999.0 -9999.0 -9999.0 -9999.0 -9999.0
-9999.0 -9999.0 -9999.0 -9999.0 -9999.0 -9999.0 -9999.0 -9999.0 -9999.0 1997.346148 2003.572267 2012.238824 2016.476512 2033.593680 2031.876611 2040.582511 2048.122685 2077.325332 2109.505838 2145.504360 2174.734030 2167.772387 2169.279383 2178.345547 2179.565604 2191.856238 2215.401298 2257.110843 2294.656859 2335.476623 2307.332316 2306.219853 2326.349483 2371.527415 2399.893539 2404.487652 2386.447051 2399.706993 2424.656886 2444.540110 2443.965720 2440.966613 2466.045855 2480.582799 2477.502475 2455.871578 2448.715000 2451.138190 2476.558968 2423.895919 2356.075211 2309.549627 2316.616175 2288.686352 2254.306353 2235.656537 2232.087115 2250.026178 2233.891956 2195.571623 2158.893292 2145.558449 2126.200576 2142.909575 2163.360208 2207.244925 2244.647996 2271.513095 2268.939089 2250.162042 -9999.0 -9999.0 -9999.0 -9999.0 -9999.0 -9999.0 -9999.0 -9999.0 -9999.0 -9999.0
-9999.0 -9999.0 -9999.0 -9999.0 -9999.0 -9999.0 1916.298036 1927.463065 1949.488049 1954.431122 1982.007317 1990.239850 2012.272207 2032.859034 2056.751228 2073.839565 2103.954009 2137.918932 2178.526186 2221.270623 2254.078636 2248.134702 2259.358100 2286.371820 2321.768152 2348.309456 2374.871370 2416.528846 2493.669213 2536.228525 2539.380552 2544.835583 2555.687156 2606.192929 2670.343593 2681.607112 2661.034453 2647.402633 2669.793884 2707.588352 2711.084072 2712.856554 2728.039892 2738.870461 2764.578955 2752.739209 2710.975121 2699.485141 2701.587297 2680.608474 2613.944700 2551.266994 2521.483796 2468.899820 2384.620154 2333.497501 2345.762722 2365.533393 2336.796718 2282.363570 2242.000913 2230.819035 2214.540278 2201.245888 2207.575846 2225.442757 2245.340037 2254.687264 2239.386741 2216.051137 2191.981754 2161.788897 2162.509829 2186.559531 -9999.0 -9999.0 -9999.0 -9999.0 -9999.0 -9999.0
-9999.0 -9999.0 -9999.0 -9999.0 1864.574534 1878.664387 1866.715047 1894.181540 1928.590314 1964.641155 1996.662082 2033.765999 2062.027121 2093.658863 2133.376230 2164.695261 2204.910516 2240.679253 2295.176429 2363.219144 2414.193764 2435.961677 2451.334529 2509.703450 2571.743198 2624.368070 2646.976168 2676.390789 2725.135821 2786.986662 2814.815175 2821.843577 2840.490180 2880.399123 2932.439317 2850.444741 2832.707513 2824.680310 2832.638883 2845.127282 2867.380662 2867.702852 2868.863448 2872.032455 2878.230717 2877.398680 2853.011758 2821.648816 2920.195347 2909.291548 2874.269757 2801.855838 2763.655725 2730.507873 2689.041557 2633.740913 2575.253079 2564.496632 2505.074054 2444.893600 2385.100544 2366.205010 2336.542801 2311.570308 2284.318890 2286.559751 2289.291123 2266.975410 2231.770607 2197.343106 2180.589726 2160.125307 2147.058344 2176.010778 2192.258273 2221.175221 -9999.0 -9999.0 -9999.0 -9999.0
-9999.0 -9999.0 1802.957448 1850.969273 1909.556143 1919.036277 1918.373701 1925.433691 1955.818368 2009.678141 2082.140270 2128.984462 2168.202053 2204.342892 2264.458503 2338.485651 2408.070652 2456.750944 2521.528186 2595.252266 2659.196302 2691.086031 2707.726603 2751.734630 2809.385132 2876.971838 2906.379848 2934.789655 2846.361425 2878.927777 2880.225789 2892.524225 2903.130372 2911.258990 2921.885459 2925.479076 2921.337886 2916.805667 2899.856511 2895.401722 2902.008914 2907.314473 2908.726866 2894.766355 2890.933308 2905.382001 2909.468644 2908.272990 2909.271199 2913.886490 2913.124939 2869.532847 2842.367981 2829.025732 2932.356816 2885.232668 2817.591800 2777.744598 2753.447851 2704.986115 2626.012762 2577.376916 2527.815135 2481.881357 2430.124396 2402.396350 2356.862616 2313.944705 2265.923451 2217.705353 2192.315160 2173.173597 2169.192898 2167.081904 2182.092632 2195.930601 2210.235172 2217.468538 -9999.0 -9999.0
-9999.0 1695.916239 1768.192572 1893.379287 1974.271970 2017.940528 2041.782272 2058.764584 2089.756505 2123.154667 2222.440129 2296.130773 2386.484455 2428.486007 2479.053408 2577.349290 2675.638979 2727.988508 2771.478755 2834.915956 2900.482430 2833.168055 2858.245941 2852.866251 2889.042213 2910.184513 2915.776947 2920.898742 2917.616558 2909.337729 2901.680967 2908.354682 2906.626956 2887.937798 2872.258933 2870.266356 2866.494087 2844.763527 2933.973673 2916.885031 2917.494449 2829.902880 2928.411203 2907.355364 2903.721722 2926.048323 2832.836910 2823.341075 2929.271286 2828.038247 2860.686632 2883.401168 2889.041311 2906.576314 2927.248765 2899.829649 2875.014226 2834.464465 2935.993930 2905.428549 2844.810707 2784.478762 2728.275681 2665.330592 2599.944618 2535.585367 2472.816197 2409.880106 2343.854487 2301.385060 2269.280188 2219.143099 2198.665036 2199.549001 2189.759869 2185.458968 2189.820885 2195.408023 -9999.0 -9999.0
-9999.0 1607.788251 1749.001117 1931.418565 2079.527561 2132.884601 2218.939951 2291.175163 2317.177891 2280.889928 2389.687357 2611.666763 2731.245188 2754.651331 2832.736203 2823.520956 2822.459868 2852.861304 2874.833407 2892.264528 2906.438822 2916.995334 2914.959365 2909.328047 2893.945723 2886.364122 2886.954052 2884.909264 2867.923398 2849.067126 2831.948377 2829.728187 2930.395910 2881.382269 2846.087640 2826.318745 2806.032688 2786.153049 2754.602479 2725.507630 2705.942151 2718.415072 2715.674557 2698.855636 2695.363776 2718.726502 2750.387395 2750.033909 2764.373011 2786.962109 2827.572963 2869.445028 2893.850218 2926.208269 2839.913784 2883.768094 2895.671581 2917.702628 2921.493412 2907.019273 2864.080959 2934.655231 2898.633406 2833.986191 2761.975993 2681.564899 2616.729375 2554.087739 2483.859048 2437.272047 2388.982818 2330.023877 2277.791823 2258.118236 2218.230017 2199.044260 -9999.0 -9999.0 -9999.0 -9999.0
-9999.0 1517.560110 1701.761201 1951.622689 2238.734543 2334.323009 2542.326164 2671.930834 2726.595190 2799.760575 2735.957412 2829.428346 2870.513248 2864.224981 2870.966318 2872.608396 2886.568387 2887.502455 2883.125792 2873.045962 2864.386784 2860.456088 2859.209607 2851.447047 2839.100635 2825.912438 2933.325703 2918.435946 2878.101497 2842.583570 2802.090162 2785.169522 2741.986666 2645.423552 2602.217118 2562.564106 2501.334727 2496.426183 2494.059728 2464.419162 2444.376181 2418.318941 2443.761712 2452.946775 2457.008853 2456.609956 2471.510465 2501.352391 2550.698556 2589.408695 2634.572860 2688.392588 2727.392723 2772.586913 2817.847573 2875.155150 2910.999848 2944.235067 2866.756681 2902.667836 2924.010290 2913.152712 2891.228951 2849.755744 2896.494293 2830.493621 2780.890931 2706.987797 2642.000258 2588.227733 2538.207646 2483.194468 2415.911241 2344.024484 2302.887021 -9999.0 -9999.0 -9999.0 -9999.0 -9999.0
-9999.0 1317.020350 1583.023678 1860.885525 2157.459723 2495.904242 2654.786898 2773.536521 2847.425202 2826.924583 2845.685673 2863.283846 2815.629478 2822.452935 2902.778996 2893.747600 2881.560254 2882.733038 2896.888695 2870.964798 2841.557197 2828.004852 2827.387487 2814.882754 2789.679351 2771.729135 2760.132744 2737.412260 2686.158901 2632.770848 2547.185140 2511.635334 2430.714152 2382.102624 2339.892853 2289.690734 2239.330004 2239.407371 2258.690573 2245.332310 2223.057251 2204.653506 2232.502812 2252.834355 2266.355093 2253.636053 2262.924103 2299.400228 2349.741501 2394.893473 2444.862500 2500.902381 2547.785432 2595.212382 2625.931572 2674.914782 2727.020501 2775.970629 2850.956303 2933.195126 2846.508719 2879.103495 2910.452789 2929.487323 2887.315500 2855.591661 2828.327554 2843.506461 2769.582085 2718.531938 2684.386759 2632.801301 2573.172535 -9999.0 -9999.0 -9999.0 -9999.0 -9999.0 -9999.0 -9999.0
-9999.0 1197.511890 1404.146699 1615.721888 1884.340214 2120.869089 2332.635313 2437.000935 2517.922713 2574.696827 2621.867146 2660.481113 2692.582782 2717.768374 2700.041887 2658.199419 2629.379428 2634.960221 2629.273152 2607.133950 2578.502459 2563.997366 2560.357238 2552.987800 2528.331523 2513.712072 2502.284058 2477.946794 2446.912296 2390.736658 2312.980440 2237.605196 2178.722903 2151.299044 2123.546605 2092.321475 2059.885782 2070.116971 2081.221548 2078.801718 2069.651978 2067.816513 2096.730655 2116.087167 2126.379462 2115.963227 2135.825910 2162.258638 2203.534974 2247.623537 2297.164635 2352.188271 2406.320373 2434.788341 2446.927664 2469.708868 2508.403337 2562.373375 2648.514232 2746.518908 2827.652715 2878.649687 2932.041785 2848.667276 2871.586113 2897.296731 2907.483542 2885.955894 2847.466451 2820.045943 2776.454602 -9999.0 -9999.0 -9999.0 -9999.0 -9999.0 -9999.0 -9999.0 -9999.0 -9999.0
-9999.0 -9999.0 1174.560948 1340.368798 1459.624359 1631.867481 1779.513447 1889.941075 1986.638718 2115.478399 2230.321197 2320.509117 2366.426999 2384.792754 2372.906522 2344.722201 2326.690195 2327.271109 2316.862012 2308.251374 2290.636537 2283.249759 2270.336143 2261.323051 2252.616932 2247.731668 2242.148664 2230.967146 2209.840962 2163.974816 2119.188238 2069.792658 2018.227315 1993.328828 1972.094163 1951.712362 1951.990779 1946.861642 1951.691604 1953.380086 1961.153314 1974.255503 1993.985148 2016.501708 2026.603960 2036.628635 2049.258864 2073.132051 2106.162320 2148.842588 2203.370314 2262.252383 2302.984766 2316.095383 2306.064401 2310.093142 2328.375627 2369.200323 2446.698927 2529.500474 2627.214230 2700.350861 2774.932164 2828.935246 2847.884806 2868.108698 2837.107195 2865.227201 2869.432596 2857.559540 -9999.0 -9999.0 -9999.0 -9999.0 -9999.0 -9999.0 -9999.0 -9999.0 -9999.0 -9999.0
-9999.0 -9999.0 -9999.0 -9999.0 1200.616100 1352.175190 1449.911991 1532.143840 1663.971115 1789.503373 1892.985708 1978.556455 2044.133878 2071.719817 2071.028754 2082.402121 2080.252513 2073.411227 2063.517329 2065.022404 2066.276028 2059.060507 2043.375760 2035.878368 2037.223665 2042.452578 2039.278168 2025.105177 2006.388262 1986.526074 1968.545879 1935.166156 1900.310394 1871.372862 1858.287082 1853.303970 1852.855083 1845.192485 1853.426320 1861.183841 1876.519586 1891.592213 1915.187731 1944.474482 1958.851358 1973.982204 1983.807136 2004.207255 2034.939583 2088.705076 2152.724521 2211.386689 2248.677912 2253.882371 2230.243508 2215.008092 2210.979702 2238.330268 2281.661459 2346.422118 2447.459329 2521.612915 2577.487493 2622.177824 2656.724956 2707.392971 2767.523613 2811.747527 -9999.0 -9999.0 -9999.0 -9999.0 -9999.0 -9999.0 -9999.0 -9999.0 -9999.0 -9999.0 -9999.0 -9999.0
-9999.0 -9999.0 -9999.0 -9999.0 -9999.0 -9999.0 1167.752747 1271.346140 1346.655144 1491.405573 1628.324061 1732.621190 1814.749644 1848.947362 1879.272098 1908.338553 1908.148177 1889.489246 1869.586199 1889.634639 1905.565383 1899.315632 1868.194633 1868.162416 1873.340812 1880.814966 1877.864825 1871.083973 1845.707501 1858.836534 1860.630078 1837.357443 1811.426719 1797.867848 1785.946262 1795.451015 1795.399714 1781.241154 1780.924226 1808.000167 1828.460690 1841.404681 1862.858159 1896.106450 1928.689979 1944.401860 1946.011108 1952.084284 1991.388448 2061.764835 2134.256852 2190.725881 2224.288778 2233.204614 2207.349847 2168.030904 2148.412023 2155.787559 2190.299745 2241.780589 2316.894315 2365.441057 2389.390045 2400.756300 2417.973632 2511.750806 -9999.0 -9999.0 -9999.0 -9999.0 -9999.0 -9999.0 -9999.0 -9999.0 -9999.0 -9999.0 -9999.0 -9999.0 -9999.0 -9999.0
-9999.0 -9999.0 -9999.0 -9999.0 -9999.0 -9999.0 -9999.0 -9999.0 -9999.0 -9999.0 -9999.0 -9999.0 -9999.0 -9999.0 -9999.0 -9999.0 -9999.0 -9999.0 -9999.0 -9999.0 -9999.0 -9999.0 -9999.0 -9999.0 -9999.0 -9999.0 -9999.0 -9999.0 -9999.0 -9999.0 -9999.0 -9999.0 -9999.0 -9999.0 -9999.0 -9999.0 -9999.0 -9999.0 -9999.0 -9999.0 -9999.0 -9999.0 -9999.0 -9999.0 -9999.0 -9999.0 -9999.0 -9999.0 -9999.0 -9999.0 -9999.0 -9999.0 -9999.0 -9999.0 -9999.0 -9999.0 -9999.0 -9999.0 -9999.0 -9999.0 -9999.0 -9999.0 -9999.0 -9999.0 -9999.0 -9999.0 -9999.0 -9999.0 -9999.0 -9999.0 -9999.0 -9999.0 -9999.0 -9999.0 -9999.0 -9999.0 -9999.0 -9999.0 -9999.0 -9999.0
-9999.0 -9999.0 -9999.0 -9999.0 -9999.0 -9999.0 -9999.0 -9999.0 -9999.0 -9999.0 -9999.0 -9999.0 -9999.0 -9999.0 -9999.0 -9999.0 -9999.0 -9999.0 -9999.0 -9999.0 -9999.0 -9999.0 -9999.0 -9999.0 -9999.0 -9999.0 -9999.0 -9999.0 -9999.0 -9999.0 -9999.0 -9999.0 -9999.0 -9999.0 -9999.0 -9999.0 -9999.0 -9999.0 -9999.0 -9999.0 -9999.0 -9999.0 -9999.0 -9999.0 -9999.0 -9999.0 -9999.0 -9999.0 -9999.0 -9999.0 -9999.0 -9999.0 -9999.0 -9999.0 -9999.0 -9999.0 -9999.0 -9999.0 -9999.0 -9999.0 -9999.0 -9999.0 -9999.0 -9999.0 -9999.0 -9999.0 -9999.0 -9999.0 -9999.0 -9999.0 -9999.0 -9999.0 -9999.0 -9999.0 -9999.0 -9999.0 -9999.0 -9999.0 -9999.0 -9999.0