Borden_/Borden1m_014/output_maps/psiliqL0001N0017.asc
ncols         80
nrows         18
xllcorner     620200.000000
yllcorner     5168000.000000
cellsize      1.000000
NODATA_value  -9999.0
-9999.0 -9999.0 -9999.0 -9999.0 -9999.0 -9999.0 -9999.0 -9999.0 -9999.0 -9999.0 -9999.0 -9999.0 -9999.0 -9999.0 -9999.0 -9999.0 -9999.0 -9999.0 -9999.0 -9999.0 -9999.0 -9999.0 -9999.0 -9999.0 -9999.0 -9999.0 -9999.0 -9999.0 -9999.0 -9999.0 -9999.0 -9999.0 -9999.0 -9999.0 -9999.0 -9999.0 -9999.0 -9999.0 -9999.0 -9999.0 -9999.0 -9999.0 -9999.0 -9999.0 -9999.0 -9999.0 -9999.0 -9999.0 -9999.0 -9999.0 -9999.0 -9999.0 -9999.0 -9999.0 -9999.0 -9999.0 -9999.0 -9999.0 -9999.0 -9999.0 -9999.0 -9999.0 -9999.0 -9999.0 -9999.0 -9999.0 -9999.0 -9999.0 -9999.0 -9999.0 -9999.0 -9999.0 -9999.0 -9999.0 -9999.0 -9999.0 -9999.0 -9999.0 -9999.0 -9999.0
-9999.0 -9999.0 -9999.0 -9999.0 -9999.0 -9999.0 -9999.0 -9999.0 -9999.0 -9999.0 -9999.0 -9999.0 -9999.0 -9999.0 -9999.0 -9999.0 -9999.0 -9999.0 -9999.0 -9999.0 -9999.0 -9999.0 -9999.0 -9999.0 -9999.0 -9999.0 -9999.0 -9999.0 -9999.0 -9999.0 -9999.0 -9999.0 -9999.0 -9999.0 -9999.0 -9999.0 -9999.0 -9999.0 -9999.0 -9999.0 -9999.0 -9999.0 -9999.0 -9999.0 -9999.0 -9999.0 -9999.0 -9999.0 -9999.0 -9999.0 -9999.0 -9999.0 -9999.0 -9999.0 -9999.0 -9999.0 -9999.0 -9999.0 -9999.0 -9999.0 -9999.0 -9999.0 -9999.0 -9999.0 -9999.0 -9999.0 -9999.0 -9999.0 -9999.0 -9999.0 -9999.0 -9999.0 -9999.0 -9999.0 -9999.0 -9999.0 -9999.0 -9999.0 -9999.0 -9999.0
-9999.0 -9999.0 -9999.0 -9999.0 -9999.0 -9999.0 -9999.0 -9999.0 -9999.0 -9999.0 -9999.0 -9999.0 -9999.0 -9999.0 -9999.0 -9999.0 -9999.0 -9999.0 -9999.0 -9999.0 -490.668096 -489.559483 -491.353928 -493.269411 -495.020249 -495.371682 -493.505333 -491.590473 -489.326605 -489.074704 -491.315762 -490.574975 -491.544595 -492.248400 -492.451490 -491.833696 -491.491708 -490.820706 -490.472518 -490.839225 -491.470913 -491.839453 -492.350254 -492.339849 -491.506907 -492.587065 -491.122029 -489.862911 -489.537262 -489.253107 -490.638588 -491.055143 -491.153901 -492.996226 -489.709793 -489.071862 -487.071200 -487.040881 -486.403400 -488.623584 -490.820451 -9999.0 -9999.0 -9999.0 -9999.0 -9999.0 -9999.0 -9999.0 -9999.0 -9999.0 -9999.0 -9999.0 -9999.0 -9999.0 -9999.0 -9999.0 -9999.0 -9999.0 -9999.0 -9999.0
-9999.0 -9999.0 -9999.0 -9999.0 -9999.0 -9999.0 -9999.0 -9999.0 -9999.0 -9999.0 -9999.0 -9999.0 -9999.0 -9999.0 -492.772601 -493.947187 -494.533069 -495.147513 -493.469023 -492.365198 -492.733524 -493.952478 -492.709910 -494.846365 -496.820844 -495.665353 -494.356925 -493.672076 -492.102714 -490.786728 -492.259955 -492.630306 -491.986867 -489.343625 -488.434116 -489.136976 -492.721542 -489.423109 -488.170275 -487.367721 -487.487161 -489.129155 -487.107925 -484.730659 -486.103371 -488.640789 -487.982803 -486.676823 -484.345965 -484.928498 -492.693213 -492.803233 -492.102066 -491.566669 -492.618170 -493.509245 -490.265002 -490.996022 -491.341305 -491.324067 -492.613221 -495.284140 -496.620301 -493.521422 -491.377538 -486.341838 -9999.0 -9999.0 -9999.0 -9999.0 -9999.0 -9999.0 -9999.0 -9999.0 -9999.0 -9999.0 -9999.0 -9999.0 -9999.0 -9999.0
-9999.0 -9999.0 -9999.0 -9999.0 -9999.0 -9999.0 -9999.0 -9999.0 -9999.0 -493.930683 -494.379503 -494.118166 -495.082159 -494.154696 -496.205792 -495.863449 -496.419513 -495.284252 -494.721460 -493.405684 -491.204035 -493.212677 -493.523348 -492.301460 -492.410905 -492.307619 -491.825155 -488.648719 -485.396788 -478.995979 -485.114456 -485.287779 -481.924435 -468.683849 -458.592718 -456.038310 -461.050433 -461.110858 -454.729350 -447.184069 -448.132317 -449.113747 -440.714354 -436.146760 -432.478975 -440.088825 -446.754894 -447.853746 -436.790833 -454.207350 -468.757825 -482.944490 -482.156715 -486.007075 -490.034326 -491.200601 -492.047989 -488.390128 -489.439618 -492.103005 -494.253255 -492.783503 -494.300721 -492.846142 -492.360097 -488.698101 -485.652714 -482.471603 -482.319366 -484.460464 -9999.0 -9999.0 -9999.0 -9999.0 -9999.0 -9999.0 -9999.0 -9999.0 -9999.0 -9999.0
-9999.0 -9999.0 -9999.0 -9999.0 -9999.0 -9999.0 -495.202256 -495.482406 -494.961009 -497.585013 -496.184130 -497.557690 -496.625631 -496.443835 -496.018770 -496.407065 -495.056390 -494.133964 -492.400690 -490.011286 -487.666724 -489.718019 -489.243312 -485.604476 -475.671801 -467.369722 -463.083202 -455.387483 -427.846863 -398.429533 -376.783431 -360.408821 -255.273018 -237.927918 -214.826037 -200.162917 -217.809700 -224.683047 -218.663091 -203.533311 -180.018718 -180.261651 -175.583382 -168.730081 -143.134438 -147.295832 -200.956586 -208.503879 -208.980261 -210.828204 -231.444924 -256.524022 -407.851068 -435.508830 -459.724680 -472.343658 -474.981917 -474.941114 -479.989984 -486.389527 -489.857321 -489.274612 -489.754527 -491.364581 -490.540368 -489.244065 -487.018569 -485.483971 -486.522695 -487.729397 -488.261210 -490.811520 -490.282314 -487.746676 -9999.0 -9999.0 -9999.0 -9999.0 -9999.0 -9999.0
-9999.0 -9999.0 -9999.0 -9999.0 -498.519467 -497.494352 -500.825053 -499.135274 -498.016861 -497.341904 -497.894319 -496.595668 -496.658497 -495.962844 -494.137676 -493.187074 -490.822084 -489.437006 -483.761643 -468.217755 -454.873480 -447.249925 -444.043451 -408.711281 -253.308480 -228.170625 -223.043081 -216.658718 -201.864702 -135.418485 -109.704467 -119.931242 -69.947749 4.253925 4.637228 8.006030 4.750756 4.678894 4.718375 4.788786 16.297501 16.628930 17.475472 17.541465 19.398524 21.271327 5.066348 4.590146 4.545563 4.525728 4.265734 -115.552697 -175.195771 -194.687472 -202.685769 -220.445757 -250.038799 -343.143327 -424.336245 -445.851720 -464.416124 -472.050561 -479.767686 -482.361814 -486.491804 -485.410481 -483.848525 -485.798003 -488.147155 -490.394592 -490.145516 -491.058257 -492.632551 -489.108590 -488.350050 -484.881667 -9999.0 -9999.0 -9999.0 -9999.0
-9999.0 -9999.0 -498.196925 -498.565955 -496.044980 -498.110808 -499.322416 -501.045347 -500.759476 -498.612373 -494.750977 -494.060118 -492.094473 -491.461391 -485.821887 -467.977558 -449.574454 -434.850908 -387.034280 -248.779399 -222.791361 -211.026299 -189.591572 -173.603196 -110.924375 4.206100 4.479601 4.633507 4.894783 21.389318 47.589126 58.686382 69.128246 59.361168 61.806741 56.642700 57.966025 51.978885 36.808612 33.883123 41.504124 42.474108 46.916237 34.041316 30.675350 43.157600 45.245618 45.114832 48.872012 54.942150 67.399875 37.771751 4.808780 4.691004 4.726783 4.242885 -107.059249 -159.885896 -181.147695 -201.003629 -230.231896 -254.343102 -410.151562 -440.585906 -459.622686 -469.955889 -478.095519 -482.529357 -486.440689 -490.379953 -491.179043 -491.505059 -490.502034 -491.290681 -489.498882 -488.417063 -486.391758 -485.790911 -9999.0 -9999.0
-9999.0 -498.499425 -500.012309 -495.682236 -495.957902 -495.758895 -495.379624 -495.108908 -494.374602 -496.909499 -486.669824 -465.360689 -444.431075 -437.546161 -400.750542 -248.607946 -190.641970 -180.093595 -133.106734 -93.548113 4.310707 4.779451 12.176295 43.623944 68.973061 60.072035 61.336400 56.469491 50.235296 42.168766 31.616078 41.229691 38.244887 24.522183 12.615034 11.673776 9.201252 4.764440 4.496167 4.385125 4.432494 4.765203 4.571302 4.369818 3.149225 4.530244 4.798677 4.631893 4.520573 4.757971 5.309429 17.526676 33.913913 46.652032 67.742841 44.969469 12.973067 4.778044 4.644505 4.381693 -78.346723 -137.677710 -189.437012 -221.712921 -251.781981 -413.028271 -446.980192 -466.025465 -478.242072 -481.949139 -483.977886 -489.738652 -490.744716 -488.866932 -489.622369 -489.673427 -488.909924 -488.385948 -9999.0 -9999.0
-9999.0 -503.372643 -499.167644 -495.348680 -491.375172 -492.913284 -473.451400 -457.596043 -453.742490 -463.821179 -419.774742 -204.181459 -124.933655 -125.601651 -73.366629 4.640953 32.493091 51.546302 67.895668 55.777437 52.387811 52.009254 48.406458 40.511398 26.066535 18.911977 18.917153 17.192198 5.323488 4.922915 4.696953 4.730851 4.556439 4.189004 -76.883727 -103.916301 -121.082800 -163.491714 -188.040727 -202.275685 -208.106537 -191.705216 -200.613047 -210.521256 -213.404562 -200.805373 -177.070128 -184.648508 -175.004660 -138.595416 -90.618925 3.863095 4.373880 4.631809 4.963144 17.777112 35.610094 55.837710 60.767276 36.997067 5.276691 4.664331 4.363086 -87.202450 -148.159342 -208.994818 -237.707579 -285.894819 -424.576272 -445.026632 -461.348975 -475.428582 -483.794526 -484.632457 -488.721170 -488.445238 -9999.0 -9999.0 -9999.0 -9999.0
-9999.0 -503.410988 -499.453424 -491.773618 -474.602806 -443.486700 -251.828677 -142.894201 -69.239830 -74.755292 4.111324 52.629853 61.135740 43.536742 17.410171 13.699883 22.718721 25.341406 20.437767 11.547542 5.556228 5.254494 5.249175 4.972439 4.771143 4.617351 4.527216 4.460130 -18.469092 -91.588244 -135.406367 -156.841051 -183.284696 -224.516221 -239.209893 -253.602993 -405.553596 -413.822104 -422.024051 -436.574105 -442.608913 -446.920541 -441.004466 -442.625667 -443.331106 -440.095759 -431.145410 -424.484862 -387.237475 -252.461301 -232.183311 -212.322734 -193.651489 -148.827249 -102.620873 4.174563 4.450537 4.670892 5.787693 37.351046 58.461829 50.056514 23.354313 5.102723 4.414331 -80.399475 -118.951232 -167.873390 -211.834953 -232.305176 -254.090691 -410.290290 -447.505004 -472.890011 -478.123121 -9999.0 -9999.0 -9999.0 -9999.0 -9999.0
-9999.0 -510.033311 -498.837478 -492.818598 -458.680564 -249.531157 -146.498890 5.318858 52.945458 4.223470 -64.118220 4.140304 4.616609 4.643966 4.373828 4.381901 4.323631 4.319383 4.553925 4.251899 -60.485779 -77.909499 -49.765859 -118.213259 -155.694211 -174.098560 -181.962589 -191.914349 -215.204885 -237.286823 -331.243106 -396.212816 -438.964230 -458.430389 -468.209156 -477.944373 -487.280591 -486.864889 -483.984564 -486.115317 -488.289154 -490.976720 -487.870349 -486.672338 -485.324746 -487.235306 -487.152331 -483.398382 -477.056140 -468.320458 -454.850448 -437.293092 -413.152674 -254.893703 -237.804981 -217.989129 -198.222082 -163.185118 -93.891155 4.533803 4.930208 13.102930 47.944365 67.501835 29.424167 4.999370 4.685072 4.320762 -88.692871 -128.453466 -148.237811 -198.807279 -229.655470 -9999.0 -9999.0 -9999.0 -9999.0 -9999.0 -9999.0 -9999.0
-9999.0 -513.687350 -501.221076 -500.372589 -488.821359 -463.176754 -413.136433 -248.432716 -179.827796 -220.746508 -221.478677 -212.098182 -198.125227 -185.667311 -200.970328 -215.621464 -224.999152 -222.542787 -219.887402 -228.800814 -237.671027 -243.406402 -246.965953 -305.764936 -389.031712 -407.611074 -415.414647 -428.022107 -442.363925 -457.492876 -478.271794 -486.108605 -491.234661 -492.421932 -493.385066 -494.570907 -497.802610 -495.681866 -494.255971 -494.573198 -495.589432 -496.492268 -494.049779 -493.459057 -492.748583 -495.276000 -493.783429 -492.907955 -490.471568 -488.198413 -484.769503 -479.306935 -471.448260 -464.576076 -457.202074 -446.845886 -430.239058 -354.917848 -237.524824 -183.145610 -113.390583 -44.837638 4.606056 5.019962 7.251139 17.488947 26.497247 9.307413 4.285505 4.364949 4.346651 -9999.0 -9999.0 -9999.0 -9999.0 -9999.0 -9999.0 -9999.0 -9999.0 -9999.0
-9999.0 -9999.0 -516.280480 -511.388848 -507.252310 -503.594736 -498.374873 -489.714632 -485.279458 -477.950882 -467.450552 -455.193378 -446.996455 -442.733835 -448.527238 -459.542175 -465.355575 -464.562444 -466.102894 -469.086523 -475.034854 -477.955910 -479.953264 -481.601244 -483.984779 -484.796852 -485.018441 -485.524668 -486.804632 -490.338724 -493.238139 -495.043351 -497.492550 -496.856391 -497.070134 -497.996696 -496.864790 -497.119827 -496.875791 -497.076076 -496.840795 -496.412486 -496.034849 -495.411116 -495.543424 -495.381290 -495.286246 -494.728914 -493.914433 -492.945853 -490.571650 -486.773010 -483.967791 -483.442830 -485.387371 -484.871335 -482.671130 -476.999868 -452.721443 -406.916145 -247.356213 -212.740041 -158.064919 -96.393095 -62.980234 -5.974676 4.610855 6.917705 5.496171 4.193601 -9999.0 -9999.0 -9999.0 -9999.0 -9999.0 -9999.0 -9999.0 -9999.0 -9999.0 -9999.0
-9999.0 -9999.0 -9999.0 -9999.0 -518.454164 -511.507384 -505.020586 -505.987494 -501.649163 -499.515532 -497.817229 -495.697396 -493.998377 -492.710237 -494.726096 -494.930830 -495.121475 -494.668875 -494.971227 -495.423367 -495.548929 -495.780839 -495.946332 -496.352148 -496.090079 -495.602990 -495.408664 -496.099788 -495.784694 -497.074749 -496.877189 -497.429751 -498.007599 -498.903570 -498.527978 -498.588600 -498.058410 -498.585462 -497.802191 -498.378503 -497.861678 -497.725793 -497.193300 -496.228385 -496.898589 -496.341453 -496.457763 -495.807025 -495.981914 -494.485257 -491.911203 -488.893343 -486.885855 -487.146518 -490.321752 -491.378482 -492.285271 -490.563004 -487.960550 -481.358758 -458.092723 -433.548623 -353.866308 -242.080938 -222.703100 -196.859428 -126.719192 4.133119 -9999.0 -9999.0 -9999.0 -9999.0 -9999.0 -9999.0 -9999.0 -9999.0 -9999.0 -9999.0 -9999.0 -9999.0
-9999.0 -9999.0 -9999.0 -9999.0 -9999.0 -9999.0 -515.312518 -511.828738 -513.043482 -510.631973 -508.615127 -507.172431 -504.711947 -505.325985 -504.593749 -502.400941 -502.680605 -503.648207 -504.928178 -502.959489 -502.116753 -501.849528 -503.929556 -503.254555 -503.040387 -502.231906 -502.316714 -501.860529 -503.633916 -501.316069 -500.146854 -500.395099 -500.620906 -500.066628 -500.501237 -499.066719 -498.894635 -500.015992 -500.387732 -498.841791 -498.502260 -498.865884 -498.733637 -497.879129 -496.503924 -496.422897 -497.225637 -498.412874 -497.268963 -494.508867 -491.700279 -489.403174 -487.922799 -487.220526 -489.628978 -493.098994 -494.857899 -495.355888 -494.378314 -492.497940 -486.623282 -482.851412 -479.327547 -471.114674 -464.653507 -431.884220 -9999.0 -9999.0 -9999.0 -9999.0 -9999.0 -9999.0 -9999.0 -9999.0 -9999.0 -9999.0 -9999.0 -9999.0 -9999.0 -9999.0
-9999.0 -9999.0 -9999.0 -9999.0 -9999.0 -9999.0 -9999.0 -9999.0 -9999.0 -9999.0 -9999.0 -9999.0 -9999.0 -9999.0 -9999.0 -9999.0 -9999.0 -9999.0 -9999.0 -9999.0 -9999.0 -9999.0 -9999.0 -9999.0 -9999.0 -9999.0 -9999.0 -9999.0 -9999.0 -9999.0 -9999.0 -9999.0 -9999.0 -9999.0 -9999.0 -9999.0 -9999.0 -9999.0 -9999.0 -9999.0 -9999.0 -9999.0 -9999.0 -9999.0 -9999.0 -9999.0 -9999.0 -9999.0 -9999.0 -9999.0 -9999.0 -9999.0 -9999.0 -9999.0 -9999.0 -9999.0 -9999.0 -9999.0 -9999.0 -9999.0 -9999.0 -9999.0 -9999.0 -9999.0 -9999.0 -9999.0 -9999.0 -9999.0 -9999.0 -9999.0 -9999.0 -9999.0 -9999.0 -9999.0 -9999.0 -9999.0 -9999.0 -9999.0 -9999.0 -9999.0
-9999.0 -9999.0 -9999.0 -9999.0 -9999.0 -9999.0 -9999.0 -9999.0 -9999.0 -9999.0 -9999.0 -9999.0 -9999.0 -9999.0 -9999.0 -9999.0 -9999.0 -9999.0 -9999.0 -9999.0 -9999.0 -9999.0 -9999.0 -9999.0 -9999.0 -9999.0 -9999.0 -9999.0 -9999.0 -9999.0 -9999.0 -9999.0 -9999.0 -9999.0 -9999.0 -9999.0 -9999.0 -9999.0 -9999.0 -9999.0 -9999.0 -9999.0 -9999.0 -9999.0 -9999.0 -9999.0 -9999.0 -9999.0 -9999.0 -9999.0 -9999.0 -9999.0 -9999.0 -9999.0 -9999.0 -9999.0 -9999.0 -9999.0 -9999.0 -9999.0 -9999.0 -9999.0 -9999.0 -9999.0 -9999.0 -9999.0 -9999.0 -9999.0 -9999.0 -9999.0 -9999.0 -9999.0 -9999.0 -9999.0 -9999.0 -9999.0 -9999.0 -9999.0 -9999.0 -9999.0