Borden_/Borden1m_014/output_maps/psiliqL0024N0038.asc
ncols         80
nrows         18
xllcorner     620200.000000
yllcorner     5168000.000000
cellsize      1.000000
NODATA_value  -9999.0
-9999.0 -9999.0 -9999.0 -9999.0 -9999.0 -9999.0 -9999.0 -9999.0 -9999.0 -9999.0 -9999.0 -9999.0 -9999.0 -9999.0 -9999.0 -9999.0 -9999.0 -9999.0 -9999.0 -9999.0 -9999.0 -9999.0 -9999.0 -9999.0 -9999.0 -9999.0 -9999.0 -9999.0 -9999.0 -9999.0 -9999.0 -9999.0 -9999.0 -9999.0 -9999.0 -9999.0 -9999.0 -9999.0 -9999.0 -9999.0 -9999.0 -9999.0 -9999.0 -9999.0 -9999.0 -9999.0 -9999.0 -9999.0 -9999.0 -9999.0 -9999.0 -9999.0 -9999.0 -9999.0 -9999.0 -9999.0 -9999.0 -9999.0 -9999.0 -9999.0 -9999.0 -9999.0 -9999.0 -9999.0 -9999.0 -9999.0 -9999.0 -9999.0 -9999.0 -9999.0 -9999.0 -9999.0 -9999.0 -9999.0 -9999.0 -9999.0 -9999.0 -9999.0 -9999.0 -9999.0
-9999.0 -9999.0 -9999.0 -9999.0 -9999.0 -9999.0 -9999.0 -9999.0 -9999.0 -9999.0 -9999.0 -9999.0 -9999.0 -9999.0 -9999.0 -9999.0 -9999.0 -9999.0 -9999.0 -9999.0 -9999.0 -9999.0 -9999.0 -9999.0 -9999.0 -9999.0 -9999.0 -9999.0 -9999.0 -9999.0 -9999.0 -9999.0 -9999.0 -9999.0 -9999.0 -9999.0 -9999.0 -9999.0 -9999.0 -9999.0 -9999.0 -9999.0 -9999.0 -9999.0 -9999.0 -9999.0 -9999.0 -9999.0 -9999.0 -9999.0 -9999.0 -9999.0 -9999.0 -9999.0 -9999.0 -9999.0 -9999.0 -9999.0 -9999.0 -9999.0 -9999.0 -9999.0 -9999.0 -9999.0 -9999.0 -9999.0 -9999.0 -9999.0 -9999.0 -9999.0 -9999.0 -9999.0 -9999.0 -9999.0 -9999.0 -9999.0 -9999.0 -9999.0 -9999.0 -9999.0
-9999.0 -9999.0 -9999.0 -9999.0 -9999.0 -9999.0 -9999.0 -9999.0 -9999.0 -9999.0 -9999.0 -9999.0 -9999.0 -9999.0 -9999.0 -9999.0 -9999.0 -9999.0 -9999.0 -9999.0 2934.150944 2935.562859 2914.126844 2880.472129 2852.703907 2855.017867 2888.583820 2929.606695 2968.678992 2976.850087 2958.381406 2962.381414 2958.275610 2954.284412 2955.103929 2962.989187 2969.836650 2979.606773 2986.918477 2985.094350 2978.141790 2973.274585 2975.549828 2977.362728 2983.405995 2969.388452 2984.720931 2984.024611 2988.674110 2985.993174 2976.460180 2963.531513 2954.750985 2938.571919 2964.216513 2975.364492 2988.815710 2993.384295 2991.769116 2972.585058 2942.517536 -9999.0 -9999.0 -9999.0 -9999.0 -9999.0 -9999.0 -9999.0 -9999.0 -9999.0 -9999.0 -9999.0 -9999.0 -9999.0 -9999.0 -9999.0 -9999.0 -9999.0 -9999.0 -9999.0
-9999.0 -9999.0 -9999.0 -9999.0 -9999.0 -9999.0 -9999.0 -9999.0 -9999.0 -9999.0 -9999.0 -9999.0 -9999.0 -9999.0 2842.889369 2834.225966 2831.678221 2839.459896 2872.362546 2902.767640 2914.455214 2907.216917 2907.311359 2883.084086 2860.958836 2874.131981 2903.834012 2934.228778 2967.859987 2985.849179 2975.141031 2972.973224 2980.496076 2985.009498 2993.181230 2989.783904 2989.196717 2995.721639 3008.745330 3013.438249 3011.407597 3001.595570 3010.727563 3024.798583 3017.760961 3002.420064 3012.744541 3027.221231 3038.401365 3030.060658 2987.955847 2974.532210 2970.685002 2965.835568 2952.306452 2948.118679 2975.649347 2974.496988 2966.768647 2949.498395 2916.264844 2871.246324 2852.259865 2892.335218 2935.770305 2986.170694 -9999.0 -9999.0 -9999.0 -9999.0 -9999.0 -9999.0 -9999.0 -9999.0 -9999.0 -9999.0 -9999.0 -9999.0 -9999.0 -9999.0
-9999.0 -9999.0 -9999.0 -9999.0 -9999.0 -9999.0 -9999.0 -9999.0 -9999.0 2800.167351 2790.692109 2797.764148 2800.248656 2815.700295 2812.692278 2819.849686 2824.593634 2852.026560 2881.894151 2915.726237 2942.659002 2934.073196 2932.778629 2937.746251 2933.802173 2942.545998 2963.204756 2984.812599 3016.061268 3051.328336 3018.093259 3013.255505 3030.653724 3072.089034 3096.116078 3098.507544 3080.151945 3095.296742 3118.653187 3134.784062 3131.335461 3125.563345 3150.936767 3165.757016 3160.652327 3139.635034 3137.312474 3144.137608 3173.019031 3122.873053 3058.002044 3018.781896 3033.685493 3012.288498 2985.752274 2988.751883 2988.721091 2995.916015 2984.272232 2961.379443 2928.110470 2916.361240 2899.210539 2919.363464 2942.213621 2981.692436 3021.638667 3051.594697 3051.399066 3034.353314 -9999.0 -9999.0 -9999.0 -9999.0 -9999.0 -9999.0 -9999.0 -9999.0 -9999.0 -9999.0
-9999.0 -9999.0 -9999.0 -9999.0 -9999.0 -9999.0 2718.172566 2730.056768 2752.771592 2757.442857 2786.031817 2793.421139 2791.683207 2809.187879 2831.069862 2844.634438 2870.577891 2901.053365 2937.354754 2975.680521 2990.295177 2993.764952 2984.050544 3003.791189 3031.397840 3051.013065 3073.237582 3110.082497 3177.076694 3212.953396 3206.846113 3207.748330 3215.880978 3265.621362 3329.205328 3340.508921 3319.987259 3306.710678 3329.582836 3366.381934 3365.118344 3363.969424 3375.529062 3386.009903 3412.692761 3402.354758 3367.429219 3361.263670 3367.022292 3345.631593 3278.533228 3221.396513 3201.715921 3160.468627 3078.666106 3035.329585 3057.181974 3084.053244 3062.136619 3013.507995 2994.502076 2988.092719 2976.022768 2967.796890 2979.017165 2992.869295 3017.042280 3031.033116 3019.469874 2999.121134 2981.082574 2952.592783 2954.824530 2979.629069 -9999.0 -9999.0 -9999.0 -9999.0 -9999.0 -9999.0
-9999.0 -9999.0 -9999.0 -9999.0 2665.698856 2680.155057 2667.862721 2696.390034 2731.329413 2767.894398 2798.302539 2807.816809 2831.293002 2858.720222 2892.617062 2916.560970 2950.204840 2980.604438 3012.247288 3073.114937 3117.201629 3131.413676 3139.676278 3185.871253 3241.697905 3288.722474 3307.114104 3332.449156 3375.937020 3431.874596 3454.204588 3457.240830 3474.083753 3516.041266 3570.826944 3605.387509 3587.979588 3579.207001 3588.647204 3602.382313 3624.507627 3624.596949 3625.682519 3629.509704 3636.742886 3635.264294 3609.339857 3576.230346 3563.523779 3553.735581 3517.244345 3446.206427 3415.475030 3387.438752 3347.948209 3294.910249 3246.058659 3245.751644 3192.145934 3142.557227 3092.202864 3083.130583 3062.267899 3045.889771 3027.858977 3039.243967 3050.616995 3035.435137 3005.830906 2981.525901 2967.922357 2949.738020 2938.117124 2968.784952 2984.396216 3014.043335 -9999.0 -9999.0 -9999.0 -9999.0
-9999.0 -9999.0 2603.224481 2650.354674 2709.480119 2718.474147 2716.008880 2722.906048 2753.573662 2807.187413 2845.252752 2883.247307 2914.185173 2945.053928 2981.187256 3043.839004 3103.965236 3145.949067 3198.263681 3266.365563 3324.875500 3351.711830 3360.779843 3394.833998 3448.552573 3515.990174 3543.402491 3569.366445 3600.263522 3635.775950 3630.274297 3641.362350 3653.210285 3664.591301 3678.280324 3684.723106 3680.091500 3675.541913 3657.122365 3652.171174 3658.701090 3666.269908 3665.608498 3651.117221 3647.158506 3661.964677 3667.884950 3666.012184 3663.562793 3668.746288 3665.364602 3618.465870 3598.298989 3583.488495 3572.628802 3527.145257 3461.364689 3428.536585 3407.903057 3368.786614 3296.085977 3257.842798 3218.323358 3183.380390 3149.114973 3134.608852 3101.296814 3068.774814 3029.759639 2989.009045 2974.832362 2959.501655 2958.400147 2958.340662 2975.508222 2989.096441 3004.972646 3013.035692 -9999.0 -9999.0
-9999.0 2493.567439 2565.388553 2689.323903 2769.634295 2796.573252 2808.744110 2814.940656 2840.986035 2873.041865 2961.372097 3001.119068 3083.147927 3119.113064 3159.647515 3244.494657 3336.837025 3378.319231 3415.922131 3477.561497 3541.654112 3587.858854 3613.787364 3597.005937 3635.223238 3662.124117 3669.314569 3675.648043 3674.970779 3666.527276 3659.753688 3666.527738 3663.700819 3644.792956 3628.976639 3627.324554 3623.983265 3600.908271 3573.690526 3558.507325 3560.186834 3584.718430 3571.926684 3550.686237 3546.318786 3567.779905 3588.570656 3578.041385 3565.104325 3581.472654 3615.711403 3639.839048 3642.191832 3660.383937 3681.418967 3652.917317 3630.673354 3587.597355 3571.075466 3545.896490 3489.842789 3435.186720 3387.568262 3339.994827 3287.640834 3238.186348 3190.677211 3146.479258 3092.730434 3059.639258 3035.077362 2991.792206 2982.716481 2984.459730 2981.605426 2979.568561 2984.324191 2990.889502 -9999.0 -9999.0
-9999.0 2399.648652 2539.593663 2719.801791 2853.722611 2896.712820 2964.090941 3012.179232 3026.319844 2990.095302 3073.773741 3283.503806 3399.127229 3415.027916 3488.468459 3580.694636 3567.945499 3598.469673 3620.850357 3643.735432 3662.189837 3675.475873 3673.488049 3668.026582 3651.740671 3643.782879 3642.959399 3640.921211 3623.759852 3605.017014 3588.374443 3585.451823 3568.062770 3519.961397 3487.257254 3470.363663 3452.517606 3438.771603 3411.215649 3385.661366 3370.672131 3381.168887 3378.609766 3365.499825 3361.073479 3378.665538 3409.428241 3406.679965 3417.326961 3436.681056 3471.996309 3509.443132 3528.494490 3557.222880 3592.373733 3639.273793 3648.839785 3671.052324 3674.251104 3662.634566 3616.956992 3566.238112 3537.163601 3482.453989 3423.074326 3362.348728 3313.911028 3269.451569 3214.701862 3180.499842 3143.259068 3089.669778 3045.819531 3036.476443 3002.716469 2988.962010 -9999.0 -9999.0 -9999.0 -9999.0
-9999.0 2300.923613 2481.919475 2724.852526 3000.155321 3074.730067 3271.015291 3383.022810 3421.787815 3487.435927 3381.864873 3576.168148 3625.071709 3619.070902 3631.193108 3633.789108 3647.630536 3647.210625 3642.152074 3631.297568 3621.931684 3617.531528 3616.401674 3608.531451 3596.005943 3581.504201 3569.866565 3558.697167 3522.633983 3491.183742 3453.164046 3441.036396 3398.314555 3308.469821 3269.912510 3232.570174 3173.618787 3175.498392 3181.307796 3161.864582 3142.806956 3116.021384 3144.339362 3153.897416 3157.686114 3154.133093 3164.527694 3187.219989 3233.506312 3267.189622 3305.811694 3353.062322 3382.047081 3420.763730 3460.580288 3512.392461 3542.948683 3571.509689 3619.333480 3656.107997 3678.624497 3665.172515 3645.750579 3602.168947 3542.579851 3493.602441 3465.200525 3415.528130 3372.936971 3329.413963 3283.223012 3230.717759 3171.425387 3115.909316 3081.487927 -9999.0 -9999.0 -9999.0 -9999.0 -9999.0
-9999.0 2084.593584 2349.134602 2619.182905 2887.909755 3217.146898 3377.731352 3473.439512 3535.101185 3513.681675 3532.926921 3540.303918 3576.784782 3583.394294 3561.992899 3548.725434 3531.897209 3530.809054 3543.801698 3516.856755 3487.124561 3474.066881 3474.908585 3464.205670 3440.726479 3425.852030 3416.550155 3398.595106 3356.664749 3307.445759 3225.040772 3192.785933 3120.317537 3080.170167 3043.473231 2997.313595 2968.860480 2973.357568 2982.010754 2987.289977 2966.692882 2949.582683 2978.431334 2984.182325 2996.898109 2981.315901 2988.033464 3021.932445 3068.047173 3107.894350 3151.504883 3194.799164 3235.716628 3274.876086 3296.430352 3336.292692 3376.917288 3417.935300 3487.192627 3564.075508 3598.895857 3632.874740 3662.440289 3684.019199 3641.591957 3614.716928 3591.493516 3568.720458 3523.204607 3478.239721 3437.741768 3374.248174 3315.174562 -9999.0 -9999.0 -9999.0 -9999.0 -9999.0 -9999.0 -9999.0
-9999.0 1970.228846 2167.416205 2364.804620 2621.051684 2836.362065 3043.241682 3134.011197 3200.457627 3264.255926 3314.156092 3350.094099 3375.119123 3396.201458 3373.512537 3329.457425 3297.882948 3302.674395 3294.605741 3273.401104 3245.838843 3232.980420 3230.935957 3226.179361 3204.970597 3194.620555 3187.947214 3174.351813 3148.752130 3096.748948 3025.662882 2969.662585 2915.968821 2894.721177 2871.089069 2843.449949 2816.037663 2828.815675 2840.944611 2841.067194 2834.189293 2834.049143 2863.052379 2882.041152 2891.646180 2880.825022 2899.294667 2923.075492 2960.720892 2987.628622 3031.777842 3081.188712 3129.217221 3149.753615 3152.833361 3165.500132 3188.801215 3231.903378 3307.814560 3392.033524 3467.691313 3512.301424 3562.386141 3601.490306 3628.762276 3655.140531 3676.341264 3668.490607 3643.303068 3610.436901 3552.834408 -9999.0 -9999.0 -9999.0 -9999.0 -9999.0 -9999.0 -9999.0 -9999.0 -9999.0
-9999.0 -9999.0 1940.649184 2096.878787 2200.299919 2365.615597 2510.551633 2620.624655 2724.373599 2829.553631 2948.755474 3024.457183 3069.400144 3084.411850 3070.438877 3041.524617 3023.820383 3023.518894 3012.170931 3005.383379 2990.504356 2985.406556 2992.220322 2984.786474 2979.811949 2978.471965 2975.871102 2967.793248 2950.547670 2908.604715 2870.191544 2825.945396 2811.080513 2787.249980 2766.923186 2747.909717 2750.176337 2744.557416 2749.386592 2751.887330 2761.033812 2774.989866 2794.543581 2794.841359 2804.300689 2814.345003 2825.521002 2847.512105 2877.742195 2917.839816 2969.461048 3013.479557 3048.710314 3055.582002 3038.282653 3033.979258 3042.855787 3072.559309 3136.576684 3200.873101 3289.022717 3353.445814 3418.872240 3473.987657 3500.131481 3536.469064 3605.343192 3653.269461 3694.181154 3671.869180 -9999.0 -9999.0 -9999.0 -9999.0 -9999.0 -9999.0 -9999.0 -9999.0 -9999.0 -9999.0
-9999.0 -9999.0 -9999.0 -9999.0 1957.646539 2105.979106 2203.853648 2284.657233 2419.124972 2550.033285 2658.315804 2747.249456 2817.440880 2804.797336 2804.855642 2820.208214 2818.928684 2810.277282 2799.589076 2803.584553 2807.610629 2801.882658 2827.672379 2820.916121 2823.876625 2830.762715 2828.250422 2814.667700 2795.838869 2779.305272 2764.144239 2732.116020 2699.256292 2670.928806 2658.249572 2654.337807 2654.033305 2645.991135 2654.179621 2662.820217 2678.645258 2693.806397 2717.342671 2746.539530 2761.429503 2776.705526 2786.270018 2806.025131 2814.861080 2866.201835 2928.178905 2984.518567 3009.278064 3009.662348 2993.324820 2973.207568 2962.865814 2982.508617 2996.297825 3047.808111 3136.897279 3193.821399 3239.566455 3278.756923 3314.938647 3377.912168 3470.587495 3550.853645 -9999.0 -9999.0 -9999.0 -9999.0 -9999.0 -9999.0 -9999.0 -9999.0 -9999.0 -9999.0 -9999.0 -9999.0
-9999.0 -9999.0 -9999.0 -9999.0 -9999.0 -9999.0 1932.546063 2038.255050 2108.197980 2260.565332 2405.577107 2514.602262 2599.686035 2636.492826 2671.087694 2702.035374 2702.720371 2682.753232 2661.053657 2682.069870 2700.140302 2693.472177 2661.684069 2662.709859 2669.197916 2676.835118 2674.070472 2667.809514 2642.860727 2658.463817 2661.983110 2639.079299 2613.629312 2600.631945 2589.014271 2598.699119 2598.629715 2584.147971 2583.156645 2610.857042 2631.829020 2644.745996 2665.906560 2699.201390 2731.978022 2748.093349 2749.729164 2755.453287 2793.313029 2842.650648 2913.476329 2968.450379 2991.378937 2996.079498 2976.293857 2932.874813 2908.395704 2909.425958 2935.995382 2977.972064 3020.500598 3056.967398 3069.259937 3071.591262 3084.434660 3176.409871 -9999.0 -9999.0 -9999.0 -9999.0 -9999.0 -9999.0 -9999.0 -9999.0 -9999.0 -9999.0 -9999.0 -9999.0 -9999.0 -9999.0
-9999.0 -9999.0 -9999.0 -9999.0 -9999.0 -9999.0 -9999.0 -9999.0 -9999.0 -9999.0 -9999.0 -9999.0 -9999.0 -9999.0 -9999.0 -9999.0 -9999.0 -9999.0 -9999.0 -9999.0 -9999.0 -9999.0 -9999.0 -9999.0 -9999.0 -9999.0 -9999.0 -9999.0 -9999.0 -9999.0 -9999.0 -9999.0 -9999.0 -9999.0 -9999.0 -9999.0 -9999.0 -9999.0 -9999.0 -9999.0 -9999.0 -9999.0 -9999.0 -9999.0 -9999.0 -9999.0 -9999.0 -9999.0 -9999.0 -9999.0 -9999.0 -9999.0 -9999.0 -9999.0 -9999.0 -9999.0 -9999.0 -9999.0 -9999.0 -9999.0 -9999.0 -9999.0 -9999.0 -9999.0 -9999.0 -9999.0 -9999.0 -9999.0 -9999.0 -9999.0 -9999.0 -9999.0 -9999.0 -9999.0 -9999.0 -9999.0 -9999.0 -9999.0 -9999.0 -9999.0
-9999.0 -9999.0 -9999.0 -9999.0 -9999.0 -9999.0 -9999.0 -9999.0 -9999.0 -9999.0 -9999.0 -9999.0 -9999.0 -9999.0 -9999.0 -9999.0 -9999.0 -9999.0 -9999.0 -9999.0 -9999.0 -9999.0 -9999.0 -9999.0 -9999.0 -9999.0 -9999.0 -9999.0 -9999.0 -9999.0 -9999.0 -9999.0 -9999.0 -9999.0 -9999.0 -9999.0 -9999.0 -9999.0 -9999.0 -9999.0 -9999.0 -9999.0 -9999.0 -9999.0 -9999.0 -9999.0 -9999.0 -9999.0 -9999.0 -9999.0 -9999.0 -9999.0 -9999.0 -9999.0 -9999.0 -9999.0 -9999.0 -9999.0 -9999.0 -9999.0 -9999.0 -9999.0 -9999.0 -9999.0 -9999.0 -9999.0 -9999.0 -9999.0 -9999.0 -9999.0 -9999.0 -9999.0 -9999.0 -9999.0 -9999.0 -9999.0 -9999.0 -9999.0 -9999.0 -9999.0