Borden_/Borden1m_014/output_maps/psiliqL0001N0035.asc
ncols         80
nrows         18
xllcorner     620200.000000
yllcorner     5168000.000000
cellsize      1.000000
NODATA_value  -9999.0
-9999.0 -9999.0 -9999.0 -9999.0 -9999.0 -9999.0 -9999.0 -9999.0 -9999.0 -9999.0 -9999.0 -9999.0 -9999.0 -9999.0 -9999.0 -9999.0 -9999.0 -9999.0 -9999.0 -9999.0 -9999.0 -9999.0 -9999.0 -9999.0 -9999.0 -9999.0 -9999.0 -9999.0 -9999.0 -9999.0 -9999.0 -9999.0 -9999.0 -9999.0 -9999.0 -9999.0 -9999.0 -9999.0 -9999.0 -9999.0 -9999.0 -9999.0 -9999.0 -9999.0 -9999.0 -9999.0 -9999.0 -9999.0 -9999.0 -9999.0 -9999.0 -9999.0 -9999.0 -9999.0 -9999.0 -9999.0 -9999.0 -9999.0 -9999.0 -9999.0 -9999.0 -9999.0 -9999.0 -9999.0 -9999.0 -9999.0 -9999.0 -9999.0 -9999.0 -9999.0 -9999.0 -9999.0 -9999.0 -9999.0 -9999.0 -9999.0 -9999.0 -9999.0 -9999.0 -9999.0
-9999.0 -9999.0 -9999.0 -9999.0 -9999.0 -9999.0 -9999.0 -9999.0 -9999.0 -9999.0 -9999.0 -9999.0 -9999.0 -9999.0 -9999.0 -9999.0 -9999.0 -9999.0 -9999.0 -9999.0 -9999.0 -9999.0 -9999.0 -9999.0 -9999.0 -9999.0 -9999.0 -9999.0 -9999.0 -9999.0 -9999.0 -9999.0 -9999.0 -9999.0 -9999.0 -9999.0 -9999.0 -9999.0 -9999.0 -9999.0 -9999.0 -9999.0 -9999.0 -9999.0 -9999.0 -9999.0 -9999.0 -9999.0 -9999.0 -9999.0 -9999.0 -9999.0 -9999.0 -9999.0 -9999.0 -9999.0 -9999.0 -9999.0 -9999.0 -9999.0 -9999.0 -9999.0 -9999.0 -9999.0 -9999.0 -9999.0 -9999.0 -9999.0 -9999.0 -9999.0 -9999.0 -9999.0 -9999.0 -9999.0 -9999.0 -9999.0 -9999.0 -9999.0 -9999.0 -9999.0
-9999.0 -9999.0 -9999.0 -9999.0 -9999.0 -9999.0 -9999.0 -9999.0 -9999.0 -9999.0 -9999.0 -9999.0 -9999.0 -9999.0 -9999.0 -9999.0 -9999.0 -9999.0 -9999.0 -9999.0 -610.841368 -609.946242 -611.964344 -614.253265 -616.150705 -616.369382 -614.222639 -611.698865 -608.785724 -608.142528 -610.438945 -609.926642 -610.825017 -611.269950 -611.267843 -610.645492 -610.371778 -609.408988 -608.779748 -609.021249 -609.721825 -610.240689 -610.718107 -610.536366 -609.765226 -610.789868 -609.221420 -607.627742 -607.027118 -607.102517 -609.343232 -610.304727 -610.652922 -612.404770 -609.218975 -608.209967 -605.735922 -605.463544 -605.044604 -607.835222 -610.545626 -9999.0 -9999.0 -9999.0 -9999.0 -9999.0 -9999.0 -9999.0 -9999.0 -9999.0 -9999.0 -9999.0 -9999.0 -9999.0 -9999.0 -9999.0 -9999.0 -9999.0 -9999.0 -9999.0
-9999.0 -9999.0 -9999.0 -9999.0 -9999.0 -9999.0 -9999.0 -9999.0 -9999.0 -9999.0 -9999.0 -9999.0 -9999.0 -9999.0 -614.703945 -615.755770 -616.236687 -616.497527 -614.575392 -613.037247 -612.912050 -614.006394 -613.157089 -615.293800 -617.144664 -616.001284 -614.335415 -612.894531 -610.546824 -608.719506 -610.365865 -610.767670 -609.838203 -606.591906 -605.063594 -605.703849 -609.386875 -605.953633 -604.079072 -602.826580 -602.977018 -604.657254 -602.204979 -599.354073 -600.767636 -603.767870 -603.233128 -601.575471 -598.760301 -600.403385 -609.646388 -610.756272 -610.337463 -610.227585 -611.437541 -612.308413 -609.090179 -609.489553 -610.057298 -610.734051 -612.698386 -615.758183 -617.084702 -613.973333 -611.042833 -605.021624 -9999.0 -9999.0 -9999.0 -9999.0 -9999.0 -9999.0 -9999.0 -9999.0 -9999.0 -9999.0 -9999.0 -9999.0 -9999.0 -9999.0
-9999.0 -9999.0 -9999.0 -9999.0 -9999.0 -9999.0 -9999.0 -9999.0 -9999.0 -616.506443 -616.796768 -616.506265 -617.172247 -616.257544 -617.719311 -617.363664 -617.574908 -616.281716 -615.158504 -613.254259 -610.749011 -612.541713 -612.758378 -611.397360 -611.092871 -610.485755 -609.285573 -604.988204 -599.791614 -591.676698 -598.324331 -598.590611 -594.864919 -580.777628 -566.566173 -561.587089 -569.654795 -569.747973 -559.777353 -546.286191 -545.068541 -546.107950 -529.861376 -518.945264 -511.325810 -527.807170 -544.028917 -546.511713 -528.079814 -559.031782 -580.928761 -596.355657 -595.643982 -600.906567 -606.505712 -608.626032 -609.350325 -605.572359 -607.092587 -610.641274 -613.488000 -612.706117 -614.232460 -612.757131 -611.616260 -607.036411 -602.789356 -598.610682 -598.394413 -601.050473 -9999.0 -9999.0 -9999.0 -9999.0 -9999.0 -9999.0 -9999.0 -9999.0 -9999.0 -9999.0
-9999.0 -9999.0 -9999.0 -9999.0 -9999.0 -9999.0 -618.403921 -618.527773 -617.949475 -619.703849 -618.427962 -619.275785 -618.300416 -617.838440 -617.192522 -617.090281 -615.383132 -613.849001 -611.211922 -607.633573 -604.254529 -605.849966 -604.925479 -599.903951 -589.860304 -580.048206 -573.457469 -560.363726 -505.254947 -449.310731 -426.491690 -416.152698 -404.708045 -373.317472 -318.749478 -300.063940 -320.876119 -336.956558 -318.490403 -274.063195 -190.352276 -189.118787 -183.567896 -176.868282 -150.584929 -154.878076 -267.249138 -298.507200 -309.660285 -320.160266 -364.683130 -410.663952 -466.463289 -522.335681 -567.161120 -585.276622 -588.263937 -585.592516 -592.633068 -601.438553 -606.571175 -606.713483 -607.733643 -609.534220 -608.760782 -606.893197 -603.964998 -602.141521 -603.561022 -605.507366 -607.030768 -610.017786 -609.571708 -606.677294 -9999.0 -9999.0 -9999.0 -9999.0 -9999.0 -9999.0
-9999.0 -9999.0 -9999.0 -9999.0 -621.207300 -620.382724 -622.814456 -621.438538 -620.334426 -619.483331 -619.390422 -617.822867 -617.326197 -616.173049 -613.700629 -611.602487 -607.986008 -605.148364 -597.267669 -580.100429 -561.126427 -547.155564 -535.946226 -466.547150 -401.044390 -360.957170 -345.082024 -318.914694 -269.616050 -143.829476 -148.342895 -110.096854 -129.088733 -70.861617 -28.955570 -2.948909 -54.033920 -20.851538 -20.842410 -12.970234 9.921352 10.299528 11.299260 11.189587 13.210117 15.118843 -3.510976 -34.330849 -44.011744 -90.241887 -67.853985 -128.558163 -237.901876 -276.127784 -301.594720 -343.525239 -400.562365 -425.608411 -495.104967 -543.903509 -574.541616 -583.625072 -591.904718 -596.164223 -601.443463 -600.655028 -599.357175 -602.008325 -605.384520 -608.535415 -609.008275 -610.372940 -611.793669 -608.130453 -606.743512 -602.609814 -9999.0 -9999.0 -9999.0 -9999.0
-9999.0 -9999.0 -621.398207 -621.247553 -618.966656 -620.308625 -621.055557 -622.206716 -621.688746 -619.443136 -614.986696 -612.837863 -609.573485 -607.778891 -600.166336 -579.907193 -549.836249 -516.103720 -442.837877 -386.754113 -335.301261 -292.072232 -210.899093 -182.133401 -119.828183 -113.231618 -52.139809 -69.947984 -11.142743 14.866371 39.691841 56.413421 62.710926 52.723701 55.711481 50.512805 49.235793 47.309266 29.303878 27.857979 34.917652 36.431522 40.486000 27.867301 24.291596 36.853022 39.052184 38.730176 42.458204 48.593354 61.318924 31.629607 -20.105077 -31.475045 -31.808327 -70.557161 -134.543160 -233.836114 -262.624469 -303.199694 -375.745888 -416.007393 -473.507690 -533.031975 -565.446046 -577.974564 -589.479064 -596.295077 -602.296982 -607.588544 -609.241772 -610.254026 -609.611973 -610.072511 -608.107278 -606.558626 -604.313714 -603.432747 -9999.0 -9999.0
-9999.0 -622.040202 -622.717630 -618.591026 -617.760211 -616.778016 -615.320416 -614.072070 -612.884795 -614.472280 -602.045562 -574.770985 -540.283915 -521.326372 -455.212948 -360.647129 -198.530383 -165.881665 -139.685391 -138.102478 -53.577438 -27.918962 5.893699 37.283893 62.748782 53.769796 53.712093 52.034437 41.796107 36.117530 25.398375 32.965846 31.578745 17.675609 6.758151 5.947624 4.645927 -18.971935 -80.062280 -56.562554 -51.368742 -67.602943 -40.270314 -60.631328 -64.333778 -44.679233 -29.535785 -39.119973 -49.314952 -66.790600 -4.077329 10.934037 27.796567 40.245533 62.138833 38.975690 7.099091 -28.162850 -40.362778 -64.661351 -176.752488 -242.874542 -296.073109 -358.926629 -410.716722 -479.926287 -543.921880 -571.605644 -589.035746 -595.266547 -599.081158 -606.395302 -608.359585 -606.957507 -607.923244 -608.040625 -607.150112 -606.444250 -9999.0 -9999.0
-9999.0 -625.538262 -621.852874 -617.301875 -611.351035 -609.982855 -588.678313 -566.070235 -555.573539 -568.332377 -487.766330 -192.151476 -130.963739 -131.991919 -82.234190 -15.138171 25.156660 46.945926 61.516634 48.935015 46.482016 46.077194 40.949789 34.726540 20.000335 12.790598 12.567125 10.896675 -6.318924 -20.981897 -36.819080 -69.940861 -50.052378 -82.423530 -116.785564 -134.201387 -180.731763 -222.689232 -261.151738 -287.908999 -300.085641 -279.317336 -290.593536 -310.044102 -313.843402 -289.375664 -256.287062 -263.308299 -259.416147 -237.030974 -191.268363 -101.554312 -80.776150 -57.354547 -23.628587 11.732621 29.157126 48.940417 56.436301 30.924198 -4.820078 -49.458714 -76.700471 -191.709882 -267.605464 -346.166965 -395.062551 -431.618620 -501.200348 -543.680340 -568.356313 -585.873287 -597.500213 -600.262543 -605.568085 -606.597083 -9999.0 -9999.0 -9999.0 -9999.0
-9999.0 -625.441234 -621.717596 -612.934780 -590.056743 -548.641203 -403.935291 -272.304822 -101.817919 -147.107045 -22.315260 46.259305 54.964571 37.139618 10.914596 7.316550 16.578279 18.311360 14.760072 5.922341 -2.272313 -38.677489 -9.805133 -14.678456 -27.651512 -42.002084 -52.514220 -62.904173 -154.162482 -191.633503 -220.033081 -234.979809 -267.269352 -350.313330 -383.050852 -403.433491 -458.473745 -476.189205 -494.079367 -524.759581 -538.233366 -545.925078 -535.648776 -538.233422 -539.090318 -532.098074 -512.732441 -495.057303 -445.460012 -411.790838 -380.787832 -332.595940 -299.119934 -255.394208 -202.185874 -94.958132 -101.296033 -41.994750 -2.229355 32.050917 52.918807 44.676259 16.631238 -15.766999 -71.764259 -197.391487 -252.484969 -323.415631 -375.778326 -408.960994 -433.226763 -484.694995 -548.970098 -583.387986 -591.437996 -9999.0 -9999.0 -9999.0 -9999.0 -9999.0
-9999.0 -629.916944 -621.130252 -613.778259 -571.986889 -388.450239 -298.613086 -28.830140 22.564400 -45.832149 -152.003297 -65.079004 -31.596487 -32.883450 -58.329292 -70.358949 -72.215129 -73.189420 -60.474769 -98.905112 -175.457634 -194.150713 -195.750617 -207.645243 -229.598338 -248.119709 -262.381896 -283.535485 -337.041212 -377.245532 -427.043360 -455.470526 -530.552617 -567.053620 -581.338472 -592.435391 -602.168943 -602.058330 -599.180119 -601.901410 -604.733664 -607.602753 -604.158152 -602.539341 -600.989037 -602.838392 -602.200133 -597.175562 -588.271553 -577.853312 -559.540272 -524.760419 -473.681821 -415.596477 -389.512451 -340.490442 -294.846472 -247.523090 -171.483283 -47.674459 -21.032678 6.961051 42.464729 61.616918 23.700545 -11.211326 -68.416443 -194.740089 -296.817169 -338.063072 -353.470387 -373.427649 -409.211867 -9999.0 -9999.0 -9999.0 -9999.0 -9999.0 -9999.0 -9999.0
-9999.0 -632.921431 -623.303227 -621.077051 -608.007404 -576.400130 -496.371678 -384.611493 -212.630932 -338.951523 -353.460435 -328.183888 -298.387877 -277.500957 -301.194489 -334.303844 -356.329224 -353.053884 -351.895588 -372.722371 -396.843449 -406.622892 -407.127673 -414.291087 -444.152190 -466.991543 -481.895957 -507.874033 -539.537062 -565.836541 -590.514904 -601.090354 -608.147422 -610.693395 -612.492453 -614.333973 -617.659195 -615.955727 -614.569746 -614.964956 -616.044980 -616.843965 -614.427673 -613.549004 -612.764485 -614.962046 -613.405497 -611.887451 -608.510065 -604.919545 -599.614409 -591.387247 -579.927458 -570.346291 -562.584154 -545.189695 -506.935888 -432.960583 -366.493632 -271.928879 -197.777445 -104.493574 -51.401008 -18.402419 -0.492151 5.521088 14.428749 -11.546885 -269.315249 -303.985249 -306.516232 -9999.0 -9999.0 -9999.0 -9999.0 -9999.0 -9999.0 -9999.0 -9999.0 -9999.0
-9999.0 -9999.0 -634.568184 -630.379741 -626.353866 -622.366631 -616.754243 -609.297850 -603.329878 -595.269341 -581.860171 -564.080523 -549.789452 -541.976391 -552.156545 -569.221562 -577.733551 -577.196077 -579.331401 -583.517305 -590.424435 -592.861408 -594.458817 -595.754080 -598.570802 -599.782588 -600.311801 -601.391845 -603.681052 -608.440637 -612.564917 -615.317522 -618.228096 -618.228711 -618.742256 -619.758797 -619.092544 -619.257544 -618.983857 -619.133148 -618.953539 -618.530101 -617.951970 -617.195207 -617.136931 -616.946818 -616.634750 -615.745817 -614.361863 -612.511966 -608.924157 -603.530589 -599.179277 -598.030237 -600.163353 -599.356006 -595.989965 -587.490300 -555.664192 -471.522050 -390.981376 -326.778725 -256.163519 -208.215282 -188.569355 -128.275398 -54.260243 -204.638367 -355.106332 -343.895865 -9999.0 -9999.0 -9999.0 -9999.0 -9999.0 -9999.0 -9999.0 -9999.0 -9999.0 -9999.0
-9999.0 -9999.0 -9999.0 -9999.0 -635.752445 -630.311995 -625.418501 -625.771038 -622.197695 -620.023050 -617.826002 -615.090083 -612.832860 -611.294927 -613.286929 -613.958454 -614.441751 -614.137222 -614.534343 -615.124852 -615.476311 -615.812066 -616.088261 -616.539140 -616.429737 -616.075547 -615.985778 -616.731977 -616.783508 -618.304408 -618.653197 -619.545486 -620.406279 -621.329609 -621.193808 -621.342070 -620.972763 -621.369013 -620.734912 -621.123497 -620.649587 -620.414613 -619.798629 -618.822383 -619.169076 -618.601127 -618.539587 -617.749003 -617.358928 -615.207201 -611.655006 -607.412304 -604.420825 -604.506349 -608.191743 -609.703526 -610.475561 -608.048249 -603.625844 -593.664848 -564.289369 -514.468729 -431.288094 -393.163778 -367.345410 -324.428123 -284.262720 -276.396378 -9999.0 -9999.0 -9999.0 -9999.0 -9999.0 -9999.0 -9999.0 -9999.0 -9999.0 -9999.0 -9999.0 -9999.0
-9999.0 -9999.0 -9999.0 -9999.0 -9999.0 -9999.0 -633.742478 -631.174372 -631.709816 -629.959363 -628.421072 -627.088820 -624.924658 -625.285244 -624.798026 -623.116107 -623.422679 -624.234793 -625.234985 -623.743856 -623.166214 -623.003971 -624.670018 -624.236385 -624.102774 -623.440590 -623.508045 -623.250781 -624.731596 -623.131865 -622.398303 -622.768052 -623.127430 -622.858482 -623.248831 -622.186514 -622.062090 -622.914370 -623.132304 -621.906453 -621.554699 -621.711280 -621.428126 -620.537225 -619.249163 -619.049349 -619.605095 -620.353263 -618.932736 -615.724802 -611.979130 -608.521113 -606.182633 -605.411070 -608.536696 -612.581929 -614.542524 -614.720368 -612.935693 -609.453325 -600.994576 -594.454183 -588.391049 -580.562266 -570.456824 -506.292078 -9999.0 -9999.0 -9999.0 -9999.0 -9999.0 -9999.0 -9999.0 -9999.0 -9999.0 -9999.0 -9999.0 -9999.0 -9999.0 -9999.0
-9999.0 -9999.0 -9999.0 -9999.0 -9999.0 -9999.0 -9999.0 -9999.0 -9999.0 -9999.0 -9999.0 -9999.0 -9999.0 -9999.0 -9999.0 -9999.0 -9999.0 -9999.0 -9999.0 -9999.0 -9999.0 -9999.0 -9999.0 -9999.0 -9999.0 -9999.0 -9999.0 -9999.0 -9999.0 -9999.0 -9999.0 -9999.0 -9999.0 -9999.0 -9999.0 -9999.0 -9999.0 -9999.0 -9999.0 -9999.0 -9999.0 -9999.0 -9999.0 -9999.0 -9999.0 -9999.0 -9999.0 -9999.0 -9999.0 -9999.0 -9999.0 -9999.0 -9999.0 -9999.0 -9999.0 -9999.0 -9999.0 -9999.0 -9999.0 -9999.0 -9999.0 -9999.0 -9999.0 -9999.0 -9999.0 -9999.0 -9999.0 -9999.0 -9999.0 -9999.0 -9999.0 -9999.0 -9999.0 -9999.0 -9999.0 -9999.0 -9999.0 -9999.0 -9999.0 -9999.0
-9999.0 -9999.0 -9999.0 -9999.0 -9999.0 -9999.0 -9999.0 -9999.0 -9999.0 -9999.0 -9999.0 -9999.0 -9999.0 -9999.0 -9999.0 -9999.0 -9999.0 -9999.0 -9999.0 -9999.0 -9999.0 -9999.0 -9999.0 -9999.0 -9999.0 -9999.0 -9999.0 -9999.0 -9999.0 -9999.0 -9999.0 -9999.0 -9999.0 -9999.0 -9999.0 -9999.0 -9999.0 -9999.0 -9999.0 -9999.0 -9999.0 -9999.0 -9999.0 -9999.0 -9999.0 -9999.0 -9999.0 -9999.0 -9999.0 -9999.0 -9999.0 -9999.0 -9999.0 -9999.0 -9999.0 -9999.0 -9999.0 -9999.0 -9999.0 -9999.0 -9999.0 -9999.0 -9999.0 -9999.0 -9999.0 -9999.0 -9999.0 -9999.0 -9999.0 -9999.0 -9999.0 -9999.0 -9999.0 -9999.0 -9999.0 -9999.0 -9999.0 -9999.0 -9999.0 -9999.0