Borden_/Borden1m_014/output_maps/psiliqL0007N0037.asc
ncols         80
nrows         18
xllcorner     620200.000000
yllcorner     5168000.000000
cellsize      1.000000
NODATA_value  -9999.0
-9999.0 -9999.0 -9999.0 -9999.0 -9999.0 -9999.0 -9999.0 -9999.0 -9999.0 -9999.0 -9999.0 -9999.0 -9999.0 -9999.0 -9999.0 -9999.0 -9999.0 -9999.0 -9999.0 -9999.0 -9999.0 -9999.0 -9999.0 -9999.0 -9999.0 -9999.0 -9999.0 -9999.0 -9999.0 -9999.0 -9999.0 -9999.0 -9999.0 -9999.0 -9999.0 -9999.0 -9999.0 -9999.0 -9999.0 -9999.0 -9999.0 -9999.0 -9999.0 -9999.0 -9999.0 -9999.0 -9999.0 -9999.0 -9999.0 -9999.0 -9999.0 -9999.0 -9999.0 -9999.0 -9999.0 -9999.0 -9999.0 -9999.0 -9999.0 -9999.0 -9999.0 -9999.0 -9999.0 -9999.0 -9999.0 -9999.0 -9999.0 -9999.0 -9999.0 -9999.0 -9999.0 -9999.0 -9999.0 -9999.0 -9999.0 -9999.0 -9999.0 -9999.0 -9999.0 -9999.0
-9999.0 -9999.0 -9999.0 -9999.0 -9999.0 -9999.0 -9999.0 -9999.0 -9999.0 -9999.0 -9999.0 -9999.0 -9999.0 -9999.0 -9999.0 -9999.0 -9999.0 -9999.0 -9999.0 -9999.0 -9999.0 -9999.0 -9999.0 -9999.0 -9999.0 -9999.0 -9999.0 -9999.0 -9999.0 -9999.0 -9999.0 -9999.0 -9999.0 -9999.0 -9999.0 -9999.0 -9999.0 -9999.0 -9999.0 -9999.0 -9999.0 -9999.0 -9999.0 -9999.0 -9999.0 -9999.0 -9999.0 -9999.0 -9999.0 -9999.0 -9999.0 -9999.0 -9999.0 -9999.0 -9999.0 -9999.0 -9999.0 -9999.0 -9999.0 -9999.0 -9999.0 -9999.0 -9999.0 -9999.0 -9999.0 -9999.0 -9999.0 -9999.0 -9999.0 -9999.0 -9999.0 -9999.0 -9999.0 -9999.0 -9999.0 -9999.0 -9999.0 -9999.0 -9999.0 -9999.0
-9999.0 -9999.0 -9999.0 -9999.0 -9999.0 -9999.0 -9999.0 -9999.0 -9999.0 -9999.0 -9999.0 -9999.0 -9999.0 -9999.0 -9999.0 -9999.0 -9999.0 -9999.0 -9999.0 -9999.0 -470.625810 -467.524646 -490.520052 -524.761282 -553.429825 -551.739626 -516.763418 -475.729345 -437.874045 -427.146205 -445.358785 -444.081930 -449.249291 -449.056194 -445.727355 -439.702161 -437.190689 -425.287343 -416.415979 -416.382010 -422.494105 -428.300141 -429.641287 -425.823440 -420.847120 -429.737277 -416.231843 -400.645096 -394.065360 -399.725777 -428.035357 -444.427155 -452.667261 -467.104369 -442.465248 -429.610671 -406.244589 -401.734606 -402.775985 -429.941834 -460.088792 -9999.0 -9999.0 -9999.0 -9999.0 -9999.0 -9999.0 -9999.0 -9999.0 -9999.0 -9999.0 -9999.0 -9999.0 -9999.0 -9999.0 -9999.0 -9999.0 -9999.0 -9999.0 -9999.0
-9999.0 -9999.0 -9999.0 -9999.0 -9999.0 -9999.0 -9999.0 -9999.0 -9999.0 -9999.0 -9999.0 -9999.0 -9999.0 -9999.0 -560.565435 -571.035611 -574.363660 -566.047762 -532.392139 -502.598103 -489.955244 -497.769140 -498.042529 -521.821246 -542.131042 -528.104590 -498.889396 -467.397477 -432.741906 -411.406773 -424.399097 -427.045406 -415.655404 -385.942171 -369.310281 -371.493245 -393.854320 -370.362814 -352.322551 -340.814452 -340.965352 -349.501833 -332.727537 -314.609906 -321.684419 -341.402941 -339.542223 -327.969199 -312.495246 -330.819361 -400.430008 -423.698275 -427.266142 -434.318936 -447.865283 -454.588938 -429.648324 -428.364586 -436.515151 -454.366846 -486.424572 -530.345091 -547.909550 -509.213991 -464.316775 -405.642811 -9999.0 -9999.0 -9999.0 -9999.0 -9999.0 -9999.0 -9999.0 -9999.0 -9999.0 -9999.0 -9999.0 -9999.0 -9999.0 -9999.0
-9999.0 -9999.0 -9999.0 -9999.0 -9999.0 -9999.0 -9999.0 -9999.0 -9999.0 -616.692288 -613.469451 -606.699986 -605.342998 -590.014002 -591.910838 -585.313721 -577.513974 -551.811737 -520.906139 -485.824350 -456.783906 -467.062794 -466.759287 -453.854326 -445.716511 -431.758182 -409.829157 -366.356073 -318.323802 -270.317917 -299.080190 -299.915450 -276.389519 -215.338158 -163.736940 -149.033710 -172.738346 -168.523349 -133.807129 -98.828366 -92.695255 -91.888794 -62.506218 -46.984961 -40.642245 -63.031254 -90.338513 -96.308736 -70.442098 -134.188012 -218.921907 -286.481061 -290.804106 -328.097164 -375.222134 -400.702426 -404.618575 -382.234480 -398.456798 -436.941737 -473.927732 -483.117928 -499.461036 -483.082024 -460.000296 -412.281292 -373.117431 -343.699154 -343.059851 -360.474693 -9999.0 -9999.0 -9999.0 -9999.0 -9999.0 -9999.0 -9999.0 -9999.0 -9999.0 -9999.0
-9999.0 -9999.0 -9999.0 -9999.0 -9999.0 -9999.0 -694.786186 -686.436186 -667.202319 -661.833360 -638.107247 -630.925656 -610.783826 -591.730538 -571.664492 -554.753533 -523.677287 -491.035777 -448.567359 -402.270250 -367.072165 -369.569618 -356.883676 -316.472605 -263.786285 -221.749370 -188.792110 -134.961040 -39.845343 15.517475 33.990961 42.204878 52.788336 94.858615 155.947502 173.369250 154.006810 139.568404 160.649794 204.170440 242.896753 248.580047 256.658963 264.719056 289.954618 279.565366 210.990951 183.713406 173.712416 159.052889 105.900471 45.916437 -3.825925 -62.785878 -163.576488 -240.639138 -247.344322 -234.127044 -273.051044 -333.861210 -381.480724 -393.922724 -409.705650 -424.754527 -419.700306 -399.999362 -375.998264 -364.178116 -376.363712 -396.671019 -419.584170 -448.121424 -446.186940 -420.417263 -9999.0 -9999.0 -9999.0 -9999.0 -9999.0 -9999.0
-9999.0 -9999.0 -9999.0 -9999.0 -744.061456 -732.129456 -743.986505 -721.191744 -689.853802 -657.315532 -625.198796 -587.977721 -561.091075 -531.461720 -488.953764 -448.651273 -401.345678 -361.988923 -298.641628 -214.134558 -142.388695 -102.331990 -75.159307 -2.870995 61.575884 111.503821 131.341663 160.255824 209.511647 295.459008 318.651850 331.278626 349.762097 374.636643 417.308940 445.398428 433.799587 428.069944 432.802393 443.744095 471.425881 473.728350 475.528870 476.222824 478.529370 478.321492 453.786377 420.515582 406.463658 386.966373 372.834166 311.301133 242.126386 204.966981 176.250184 128.697870 60.771737 33.797117 -30.509173 -97.694347 -186.953968 -225.203934 -267.057711 -299.723305 -335.794100 -337.496080 -335.925026 -356.590335 -387.389483 -419.249094 -433.848514 -452.115545 -461.778148 -431.544372 -413.495128 -382.014544 -9999.0 -9999.0 -9999.0 -9999.0
-9999.0 -9999.0 -801.270795 -751.459421 -696.325294 -688.305046 -686.312532 -682.052379 -655.880076 -605.707092 -526.002506 -471.118008 -422.869166 -389.392278 -321.666914 -218.287184 -113.077379 -50.511810 16.580095 81.886938 143.267883 185.433883 229.534451 275.178816 322.575553 374.860656 396.475741 411.527972 447.316475 479.598327 502.259035 518.247720 523.996286 519.403182 520.764166 518.545729 516.192366 511.763802 495.303167 493.468372 501.632625 504.780362 508.199602 495.702893 491.901998 504.020958 505.760947 504.911765 506.278958 511.627981 522.163518 491.120639 437.983388 415.066530 414.509979 377.069437 313.126465 247.119920 219.387102 177.292780 97.347957 44.126153 -12.321531 -75.054471 -147.352539 -197.267423 -257.474659 -305.237017 -353.572198 -399.525424 -422.827125 -440.998745 -442.735279 -441.564104 -425.105949 -409.036251 -393.311189 -385.338120 -9999.0 -9999.0
-9999.0 -898.817909 -826.495612 -699.164713 -620.964578 -576.228974 -534.278661 -503.729880 -479.238884 -464.912537 -347.393251 -215.706160 -99.360099 -59.434961 3.078930 105.682653 225.021660 263.455766 296.500764 334.441045 394.306797 434.645464 465.816938 496.359220 522.103652 522.060836 520.710413 519.337198 512.943861 506.052866 496.410115 502.788818 501.488015 485.320971 471.200893 468.264119 459.954636 436.436998 410.662255 398.181296 402.865032 423.824529 413.732485 393.742044 390.151982 409.747967 425.860537 416.601759 405.632639 413.771085 455.205017 476.807888 492.384837 505.285653 526.580662 504.209863 471.549644 431.138510 410.015507 383.772633 306.100765 239.836059 185.767308 120.646042 55.332725 -18.524562 -94.339859 -172.558888 -254.046928 -299.500302 -333.692950 -387.689802 -411.614802 -409.893092 -418.970370 -421.159880 -414.223984 -407.626189 -9999.0 -9999.0
-9999.0 -968.368421 -825.191066 -639.457516 -492.724892 -427.384288 -296.801210 -193.812389 -152.997034 -177.415886 -38.809216 211.588156 292.563446 300.811534 360.297040 434.238467 474.937063 500.043529 516.896154 511.340896 509.708208 512.624804 510.704172 502.874244 489.519218 482.450453 481.715493 478.637445 458.960459 440.031730 423.008854 412.679179 405.200105 368.744571 334.025088 314.943011 283.867882 256.570882 221.110491 195.001931 182.640144 202.151786 192.071089 173.353451 169.542911 193.348220 226.084686 219.584572 224.268262 246.081661 291.459017 349.699267 373.341729 393.862456 436.226810 478.361787 496.899921 516.775498 521.237915 498.410799 455.341846 398.635948 372.807703 291.687970 214.861140 132.939847 72.048927 16.000551 -55.739439 -112.346269 -176.193929 -248.644014 -315.212679 -346.914026 -387.354464 -408.770130 -9999.0 -9999.0 -9999.0 -9999.0
-9999.0 -1031.080260 -839.388611 -572.215247 -310.654006 -149.025416 53.082155 193.775851 292.679838 321.337335 381.529200 481.594748 500.276687 488.599953 469.231676 468.159127 480.362210 483.436033 479.131268 468.299714 456.325441 444.571703 449.783200 440.210193 430.605355 416.587277 404.304483 389.651917 331.230872 294.127764 263.363260 247.686363 213.931635 125.721706 84.086229 54.238176 -1.447084 -15.343531 -30.991148 -64.261267 -86.070281 -102.695683 -83.355080 -84.648923 -84.417841 -74.132774 -49.997829 -29.073701 16.011595 52.138188 94.873235 149.353795 184.422874 228.167917 280.686648 356.065228 388.139230 416.754910 459.464981 499.156492 520.771557 511.456874 482.601462 441.080965 373.527027 284.002930 228.121157 152.547483 89.708862 43.689577 6.181424 -45.853583 -125.557990 -246.919413 -296.009276 -9999.0 -9999.0 -9999.0 -9999.0 -9999.0
-9999.0 -1179.942841 -912.510563 -613.875900 -267.007454 61.753195 170.000256 359.605753 434.108735 367.080864 326.299255 370.113971 405.766211 412.685483 390.942677 381.432184 375.317350 375.218142 386.336168 352.772568 305.778997 288.292045 287.410808 274.845610 252.941396 234.859019 220.802252 199.202688 145.634459 97.264053 27.368495 0.326263 -79.984396 -164.986707 -226.325705 -283.176345 -341.171867 -345.154190 -330.522289 -349.457431 -373.341052 -393.167477 -366.994013 -351.548098 -340.481294 -349.792497 -339.623588 -302.157702 -247.062915 -193.920139 -127.648217 -58.464335 -4.740722 49.754131 84.356048 140.215556 188.184759 235.963750 311.587989 405.164056 438.914093 472.727031 507.852776 524.469881 479.000281 428.467180 370.818018 281.802183 181.314235 134.436337 115.973640 91.475856 44.816322 -9999.0 -9999.0 -9999.0 -9999.0 -9999.0 -9999.0 -9999.0
-9999.0 -1315.556359 -1080.654651 -828.971219 -525.387440 -276.861037 -74.958695 50.872583 159.780478 119.491754 119.192303 149.090305 180.612963 202.701584 179.205778 142.797041 116.921446 120.100741 119.194663 93.791097 63.165253 48.876078 47.690846 39.957451 12.533826 -6.663680 -20.785805 -47.749576 -92.594404 -163.426840 -264.985327 -339.584851 -406.288886 -445.407674 -477.233893 -511.317187 -551.368174 -540.814953 -525.860274 -530.917284 -543.907444 -548.925846 -519.243346 -501.118276 -491.185865 -504.882859 -486.694001 -459.604038 -417.165761 -374.416237 -323.993087 -264.280703 -201.566074 -159.905584 -134.072831 -91.466412 -38.577044 26.699717 111.337666 209.659499 285.045447 349.132000 393.924458 434.311820 447.936573 462.627246 447.951307 368.640989 201.818720 173.425473 171.973985 -9999.0 -9999.0 -9999.0 -9999.0 -9999.0 -9999.0 -9999.0 -9999.0 -9999.0
-9999.0 -9999.0 -1318.203976 -1124.580222 -959.778640 -772.590047 -624.441635 -518.413223 -444.585637 -358.450660 -266.035645 -179.730051 -129.697874 -109.921145 -132.670653 -185.321483 -219.179672 -219.821082 -230.736263 -248.609402 -277.814468 -289.164383 -299.375444 -308.208078 -324.056527 -333.232971 -339.773650 -352.535979 -377.846478 -427.690295 -483.201048 -536.266965 -591.478300 -616.630043 -638.690086 -661.667905 -665.657212 -666.861320 -659.692633 -658.593873 -653.679958 -642.242659 -621.381382 -600.313224 -591.138630 -584.693258 -572.314965 -548.908296 -516.002437 -475.582791 -423.569924 -367.601523 -328.526533 -315.588665 -324.314060 -315.817004 -288.676319 -232.765120 -118.474727 -10.905103 82.613987 154.440343 225.613777 274.663056 290.145467 314.016610 354.744921 263.461212 70.427993 119.014131 -9999.0 -9999.0 -9999.0 -9999.0 -9999.0 -9999.0 -9999.0 -9999.0 -9999.0 -9999.0
-9999.0 -9999.0 -9999.0 -9999.0 -1267.442204 -1109.847053 -1017.551137 -936.410465 -819.671878 -715.667650 -626.366144 -552.264065 -501.733551 -478.872085 -492.044212 -500.473149 -509.800960 -512.972472 -521.380032 -527.965581 -534.699674 -542.637620 -553.308566 -560.958716 -562.139667 -559.024482 -560.960373 -573.872753 -589.322238 -617.576184 -642.398283 -677.757155 -714.914649 -743.818325 -756.581150 -763.627807 -763.151582 -768.222727 -758.487402 -752.425988 -737.722941 -722.311654 -698.326734 -670.301625 -658.145850 -644.219907 -634.660422 -613.931298 -584.334915 -532.183550 -470.726935 -415.654241 -382.783842 -380.377566 -408.317953 -425.433905 -429.235064 -400.480831 -348.757297 -268.117926 -140.005976 -45.762955 28.174389 74.601560 105.723048 150.075643 193.069121 205.028468 -9999.0 -9999.0 -9999.0 -9999.0 -9999.0 -9999.0 -9999.0 -9999.0 -9999.0 -9999.0 -9999.0 -9999.0
-9999.0 -9999.0 -9999.0 -9999.0 -9999.0 -9999.0 -1326.158683 -1232.841828 -1144.158549 -1027.794370 -920.935989 -833.434570 -762.225757 -739.401188 -724.259157 -703.023243 -708.211565 -724.718557 -740.528548 -724.471748 -715.798976 -720.265101 -746.835462 -748.373874 -745.108669 -735.460169 -736.283067 -742.063668 -766.419301 -758.936623 -760.667235 -783.282990 -808.942072 -823.180649 -834.450146 -824.356410 -823.314203 -835.431031 -832.548659 -806.826424 -787.398479 -773.969253 -751.414764 -718.479272 -686.771390 -672.896587 -672.218019 -666.203648 -624.623517 -554.826938 -485.602901 -433.401365 -403.833631 -397.734253 -428.081317 -470.987501 -494.407831 -489.428956 -456.151802 -402.457833 -321.300873 -264.414363 -223.227689 -190.732713 -149.743037 -37.841946 -9999.0 -9999.0 -9999.0 -9999.0 -9999.0 -9999.0 -9999.0 -9999.0 -9999.0 -9999.0 -9999.0 -9999.0 -9999.0 -9999.0
-9999.0 -9999.0 -9999.0 -9999.0 -9999.0 -9999.0 -9999.0 -9999.0 -9999.0 -9999.0 -9999.0 -9999.0 -9999.0 -9999.0 -9999.0 -9999.0 -9999.0 -9999.0 -9999.0 -9999.0 -9999.0 -9999.0 -9999.0 -9999.0 -9999.0 -9999.0 -9999.0 -9999.0 -9999.0 -9999.0 -9999.0 -9999.0 -9999.0 -9999.0 -9999.0 -9999.0 -9999.0 -9999.0 -9999.0 -9999.0 -9999.0 -9999.0 -9999.0 -9999.0 -9999.0 -9999.0 -9999.0 -9999.0 -9999.0 -9999.0 -9999.0 -9999.0 -9999.0 -9999.0 -9999.0 -9999.0 -9999.0 -9999.0 -9999.0 -9999.0 -9999.0 -9999.0 -9999.0 -9999.0 -9999.0 -9999.0 -9999.0 -9999.0 -9999.0 -9999.0 -9999.0 -9999.0 -9999.0 -9999.0 -9999.0 -9999.0 -9999.0 -9999.0 -9999.0 -9999.0
-9999.0 -9999.0 -9999.0 -9999.0 -9999.0 -9999.0 -9999.0 -9999.0 -9999.0 -9999.0 -9999.0 -9999.0 -9999.0 -9999.0 -9999.0 -9999.0 -9999.0 -9999.0 -9999.0 -9999.0 -9999.0 -9999.0 -9999.0 -9999.0 -9999.0 -9999.0 -9999.0 -9999.0 -9999.0 -9999.0 -9999.0 -9999.0 -9999.0 -9999.0 -9999.0 -9999.0 -9999.0 -9999.0 -9999.0 -9999.0 -9999.0 -9999.0 -9999.0 -9999.0 -9999.0 -9999.0 -9999.0 -9999.0 -9999.0 -9999.0 -9999.0 -9999.0 -9999.0 -9999.0 -9999.0 -9999.0 -9999.0 -9999.0 -9999.0 -9999.0 -9999.0 -9999.0 -9999.0 -9999.0 -9999.0 -9999.0 -9999.0 -9999.0 -9999.0 -9999.0 -9999.0 -9999.0 -9999.0 -9999.0 -9999.0 -9999.0 -9999.0 -9999.0 -9999.0 -9999.0