Borden_/Borden1m_014/output_maps/psiliqL0004N0033.asc
ncols         80
nrows         18
xllcorner     620200.000000
yllcorner     5168000.000000
cellsize      1.000000
NODATA_value  -9999.0
-9999.0 -9999.0 -9999.0 -9999.0 -9999.0 -9999.0 -9999.0 -9999.0 -9999.0 -9999.0 -9999.0 -9999.0 -9999.0 -9999.0 -9999.0 -9999.0 -9999.0 -9999.0 -9999.0 -9999.0 -9999.0 -9999.0 -9999.0 -9999.0 -9999.0 -9999.0 -9999.0 -9999.0 -9999.0 -9999.0 -9999.0 -9999.0 -9999.0 -9999.0 -9999.0 -9999.0 -9999.0 -9999.0 -9999.0 -9999.0 -9999.0 -9999.0 -9999.0 -9999.0 -9999.0 -9999.0 -9999.0 -9999.0 -9999.0 -9999.0 -9999.0 -9999.0 -9999.0 -9999.0 -9999.0 -9999.0 -9999.0 -9999.0 -9999.0 -9999.0 -9999.0 -9999.0 -9999.0 -9999.0 -9999.0 -9999.0 -9999.0 -9999.0 -9999.0 -9999.0 -9999.0 -9999.0 -9999.0 -9999.0 -9999.0 -9999.0 -9999.0 -9999.0 -9999.0 -9999.0
-9999.0 -9999.0 -9999.0 -9999.0 -9999.0 -9999.0 -9999.0 -9999.0 -9999.0 -9999.0 -9999.0 -9999.0 -9999.0 -9999.0 -9999.0 -9999.0 -9999.0 -9999.0 -9999.0 -9999.0 -9999.0 -9999.0 -9999.0 -9999.0 -9999.0 -9999.0 -9999.0 -9999.0 -9999.0 -9999.0 -9999.0 -9999.0 -9999.0 -9999.0 -9999.0 -9999.0 -9999.0 -9999.0 -9999.0 -9999.0 -9999.0 -9999.0 -9999.0 -9999.0 -9999.0 -9999.0 -9999.0 -9999.0 -9999.0 -9999.0 -9999.0 -9999.0 -9999.0 -9999.0 -9999.0 -9999.0 -9999.0 -9999.0 -9999.0 -9999.0 -9999.0 -9999.0 -9999.0 -9999.0 -9999.0 -9999.0 -9999.0 -9999.0 -9999.0 -9999.0 -9999.0 -9999.0 -9999.0 -9999.0 -9999.0 -9999.0 -9999.0 -9999.0 -9999.0 -9999.0
-9999.0 -9999.0 -9999.0 -9999.0 -9999.0 -9999.0 -9999.0 -9999.0 -9999.0 -9999.0 -9999.0 -9999.0 -9999.0 -9999.0 -9999.0 -9999.0 -9999.0 -9999.0 -9999.0 -9999.0 -603.293947 -601.327139 -606.976767 -613.878321 -619.538482 -619.947081 -613.443928 -605.594306 -596.969743 -594.950702 -600.982805 -599.845228 -602.055191 -603.072604 -602.912663 -601.180928 -600.368866 -597.561065 -595.650029 -596.194192 -598.134578 -599.645672 -600.646168 -600.027584 -598.060190 -600.919099 -596.615214 -592.120951 -590.369684 -590.914392 -597.543584 -600.608936 -601.882453 -606.485268 -598.141416 -595.112788 -588.330114 -587.362917 -586.664121 -594.291287 -601.989721 -9999.0 -9999.0 -9999.0 -9999.0 -9999.0 -9999.0 -9999.0 -9999.0 -9999.0 -9999.0 -9999.0 -9999.0 -9999.0 -9999.0 -9999.0 -9999.0 -9999.0 -9999.0 -9999.0
-9999.0 -9999.0 -9999.0 -9999.0 -9999.0 -9999.0 -9999.0 -9999.0 -9999.0 -9999.0 -9999.0 -9999.0 -9999.0 -9999.0 -616.647621 -619.413341 -620.635606 -620.868414 -614.987318 -609.990310 -608.949603 -611.761994 -610.013760 -616.046798 -621.327594 -618.099954 -612.793056 -607.715744 -600.387165 -595.150373 -599.513019 -600.584635 -597.948437 -589.342429 -585.157094 -586.658414 -595.718463 -586.969372 -581.861625 -578.614154 -579.041703 -583.070224 -577.069614 -570.184972 -573.404501 -580.751809 -579.341446 -574.989901 -568.310270 -572.896560 -596.525533 -600.366619 -599.703718 -599.906028 -603.309152 -605.472231 -596.930493 -597.580994 -599.309547 -602.019320 -608.319358 -617.545789 -621.438182 -612.404076 -603.313929 -586.825814 -9999.0 -9999.0 -9999.0 -9999.0 -9999.0 -9999.0 -9999.0 -9999.0 -9999.0 -9999.0 -9999.0 -9999.0 -9999.0 -9999.0
-9999.0 -9999.0 -9999.0 -9999.0 -9999.0 -9999.0 -9999.0 -9999.0 -9999.0 -623.041629 -623.511286 -622.601531 -624.036676 -621.369488 -624.788596 -623.708548 -623.953934 -619.810547 -615.743509 -609.585414 -602.489569 -606.919601 -607.434131 -603.972779 -603.134428 -601.051706 -596.978821 -585.062459 -571.168663 -552.302486 -566.968238 -567.672623 -558.737584 -529.260077 -501.607307 -492.770462 -507.517774 -507.029205 -488.056054 -464.659049 -463.292165 -464.755245 -438.765219 -423.394118 -414.468629 -436.352424 -460.279661 -464.000041 -436.720118 -486.630783 -530.076719 -562.360563 -561.341950 -574.069055 -588.503957 -594.473913 -595.995306 -586.620031 -590.786841 -600.829844 -609.291248 -608.306781 -612.546168 -608.223699 -604.176739 -591.212134 -579.502597 -568.904974 -568.419618 -574.920758 -9999.0 -9999.0 -9999.0 -9999.0 -9999.0 -9999.0 -9999.0 -9999.0 -9999.0 -9999.0
-9999.0 -9999.0 -9999.0 -9999.0 -9999.0 -9999.0 -629.887713 -629.900635 -627.967322 -632.007923 -628.172187 -629.958864 -626.991190 -625.219861 -622.844341 -621.934998 -616.703733 -611.551626 -603.334912 -592.778811 -583.451942 -587.003472 -584.393338 -571.679205 -549.190505 -529.076702 -515.209699 -488.965038 -407.597827 -348.861968 -325.891522 -315.320744 -303.304857 -270.677060 -215.345549 -194.523811 -217.867999 -234.656030 -216.504013 -172.226851 -100.352129 -97.577975 -91.343210 -84.238584 -58.297624 -64.856105 -165.637191 -196.430397 -206.856804 -217.573221 -262.155295 -309.442409 -366.648130 -428.655154 -502.704737 -539.413921 -544.453622 -537.994677 -553.817331 -575.308361 -589.012444 -590.107343 -593.216721 -597.720543 -595.512390 -589.971739 -582.068891 -577.415686 -581.160765 -586.725747 -591.664351 -599.827628 -598.754693 -590.984509 -9999.0 -9999.0 -9999.0 -9999.0 -9999.0 -9999.0
-9999.0 -9999.0 -9999.0 -9999.0 -637.816886 -635.525844 -641.879641 -637.858127 -634.356285 -631.346098 -630.161300 -625.223360 -622.992630 -619.007510 -611.419634 -604.774492 -594.216677 -585.562474 -565.236507 -527.984325 -491.037810 -466.231304 -447.623120 -366.944272 -299.136920 -258.283331 -242.603587 -216.692162 -166.825094 -51.722657 -23.468122 -17.655855 -27.299040 24.925740 33.763260 91.586909 50.053059 72.265546 74.727055 83.152508 108.154640 108.966448 110.169250 110.233987 112.335802 113.838084 92.580891 61.695543 21.256735 41.970740 -5.365956 -37.166992 -134.479138 -173.374641 -199.719839 -241.255042 -298.424123 -324.132676 -396.235549 -460.186913 -516.123014 -534.126648 -551.952475 -562.310066 -574.759839 -572.937008 -570.031887 -576.642347 -585.809403 -594.641012 -596.741717 -600.864151 -604.468472 -594.735354 -590.463290 -579.818573 -9999.0 -9999.0 -9999.0 -9999.0
-9999.0 -9999.0 -639.426599 -638.256848 -631.397920 -634.462943 -636.495235 -639.245907 -637.169615 -630.018215 -616.638081 -609.169914 -599.396836 -593.233270 -573.061746 -528.787931 -473.088968 -420.702192 -342.909304 -284.205129 -232.607817 -189.662818 -115.967291 -72.820582 -50.357166 19.061769 39.052544 33.758890 86.237198 114.086200 139.278321 154.187750 157.877517 154.550324 151.774257 151.320468 149.227149 145.495259 128.819553 126.880985 134.223773 136.416945 139.918566 127.780665 124.054400 136.346154 138.078861 138.867049 139.189947 148.741700 158.271533 129.629296 76.574653 62.681373 32.323336 23.197074 -38.590164 -129.474978 -159.473557 -200.112416 -272.404180 -313.918056 -373.843866 -442.129022 -496.972078 -521.237385 -545.705045 -561.844502 -577.201519 -591.335705 -596.463603 -599.848581 -598.641232 -599.410203 -594.115004 -589.680200 -583.976450 -581.554111 -9999.0 -9999.0
-9999.0 -642.747964 -643.582106 -631.064828 -626.700378 -622.862318 -618.443863 -614.677274 -610.633002 -612.705496 -579.110490 -522.035889 -458.364867 -428.127478 -356.349670 -259.548832 -111.184092 -77.972720 -66.645613 -8.642744 10.551468 78.287710 103.992640 135.938736 158.709508 154.308220 152.381745 150.372467 143.523723 136.193725 125.740377 133.320477 131.846459 117.915178 105.272897 105.020163 101.027473 76.707059 50.885955 39.063360 44.196438 64.846085 54.907702 35.069116 31.324576 50.788300 65.910586 57.550404 20.830503 61.106547 91.706363 110.341488 126.550444 140.073773 159.688945 138.442271 106.093843 68.528802 27.483010 28.344899 -72.906561 -137.816868 -191.629320 -254.392043 -307.606022 -380.244911 -458.168129 -508.248434 -544.608799 -559.700898 -569.675692 -588.128570 -593.781772 -590.739194 -593.254737 -593.615460 -591.255645 -589.291334 -9999.0 -9999.0
-9999.0 -653.441340 -642.337406 -627.180716 -607.219242 -600.364427 -550.530863 -504.890728 -487.027400 -507.511546 -392.403687 -109.553409 -43.692974 -41.310367 11.339181 79.963253 121.348017 143.522347 156.712425 149.685891 142.761707 146.473629 141.637449 133.879816 120.601762 112.930728 113.013101 110.538473 93.419351 76.219882 59.801418 34.103915 43.754334 12.938379 -20.941025 -33.272527 -79.903051 -118.254956 -157.341383 -184.901302 -197.576960 -177.333088 -188.369149 -207.419009 -211.150042 -186.883405 -153.615220 -159.990869 -155.532499 -132.363941 -86.884051 -6.573502 14.676705 38.649647 72.172808 111.212431 129.493059 148.769682 154.174830 130.129089 71.333366 46.725036 17.541029 -86.596117 -162.437782 -240.896255 -290.928348 -330.520699 -404.453862 -459.647095 -503.155402 -538.621127 -564.967294 -572.478945 -586.001524 -589.794535 -9999.0 -9999.0 -9999.0 -9999.0
-9999.0 -655.022041 -643.746220 -616.511449 -553.056108 -473.180341 -302.482442 -169.924703 -19.918097 -44.775801 60.916808 138.920489 149.088022 133.590948 108.558774 105.522518 115.401259 117.622192 112.728277 103.949701 88.478962 90.395202 86.534112 81.091174 69.701463 54.970838 44.493613 32.026816 -49.645573 -86.948847 -115.608777 -131.481508 -164.551649 -247.349202 -280.189112 -301.672830 -358.994466 -376.942761 -395.497027 -431.573931 -451.545536 -464.449933 -447.983701 -451.193296 -452.151919 -441.861984 -416.565522 -395.942870 -344.739239 -309.165917 -276.841255 -228.514084 -194.903435 -150.890300 -97.915478 -0.077579 28.632020 53.274782 74.562307 131.208301 151.739756 144.615324 115.953828 79.748997 21.072689 -92.084631 -146.532092 -216.956955 -270.390937 -305.693999 -332.631548 -387.750755 -468.786046 -533.642348 -551.631483 -9999.0 -9999.0 -9999.0 -9999.0 -9999.0
-9999.0 -670.890745 -645.285887 -622.052744 -522.330902 -289.185241 -195.507300 52.039525 112.242473 41.309201 -47.539959 25.583882 60.040440 60.948308 36.481741 26.403637 21.869384 21.279657 32.349453 -1.548853 -70.336268 -88.318149 -90.834842 -102.523023 -125.142658 -144.023570 -158.448412 -179.872399 -233.183655 -273.618784 -326.204973 -356.261504 -441.058031 -502.950941 -531.810793 -555.870368 -578.785347 -578.650322 -571.749138 -578.321838 -585.755042 -592.947612 -583.927219 -579.350367 -575.428850 -579.868272 -577.789290 -565.090859 -544.040491 -521.678362 -486.243855 -430.145691 -372.977605 -312.798223 -285.705556 -236.809813 -191.079653 -143.211963 -68.253429 47.036027 72.806818 106.460960 142.277730 159.371646 120.455792 80.741579 25.134357 -88.216228 -189.194117 -230.434090 -246.523792 -268.089154 -306.129117 -9999.0 -9999.0 -9999.0 -9999.0 -9999.0 -9999.0 -9999.0
-9999.0 -679.349866 -652.754386 -646.519231 -607.816532 -531.326364 -404.666810 -286.472804 -134.551930 -237.808152 -250.775602 -225.795647 -196.610485 -175.410932 -198.811133 -231.713313 -253.659722 -250.255008 -249.239156 -269.918671 -294.518723 -304.787633 -305.414626 -312.985228 -344.131380 -367.412265 -382.844895 -411.148829 -453.726358 -500.516526 -550.258604 -576.524037 -595.672300 -603.415910 -609.104720 -614.931491 -624.099248 -619.646346 -615.834063 -616.829101 -619.720284 -621.612844 -614.711350 -611.708297 -609.446652 -614.918968 -610.467254 -605.552732 -595.632727 -585.120282 -570.700585 -550.424192 -525.098716 -505.944273 -491.639907 -460.984000 -408.611909 -331.966935 -262.780514 -168.101351 -93.500762 -6.607503 44.251056 50.606665 93.256905 105.137166 107.715980 65.118223 -161.590174 -195.060080 -197.904893 -9999.0 -9999.0 -9999.0 -9999.0 -9999.0 -9999.0 -9999.0 -9999.0 -9999.0
-9999.0 -9999.0 -685.499269 -673.840475 -663.620553 -650.910351 -632.613206 -610.427628 -592.275796 -569.809560 -537.924477 -500.792442 -473.883344 -460.626868 -477.625093 -508.858838 -525.679957 -524.946567 -529.540517 -538.064298 -552.303505 -557.371928 -561.091820 -564.171745 -570.638370 -573.525278 -574.966087 -578.010979 -584.379057 -597.515315 -609.442712 -618.241525 -627.169881 -628.066672 -629.929614 -632.893436 -631.184631 -631.693980 -630.854532 -631.104538 -630.376919 -628.919145 -626.871230 -624.271353 -623.744720 -622.944710 -621.735778 -618.687864 -613.974822 -607.534234 -596.392664 -581.161690 -569.517496 -566.444266 -571.568833 -569.785830 -561.629583 -541.598379 -479.554360 -372.371057 -287.543574 -222.532638 -151.440504 -103.958484 -82.201962 -20.871526 31.568059 -98.067335 -248.951639 -235.060336 -9999.0 -9999.0 -9999.0 -9999.0 -9999.0 -9999.0 -9999.0 -9999.0 -9999.0 -9999.0
-9999.0 -9999.0 -9999.0 -9999.0 -690.642524 -674.114659 -659.682411 -660.060079 -648.435430 -639.917537 -631.310805 -621.416984 -613.183989 -608.391795 -613.157918 -614.561231 -615.964859 -615.630190 -617.023955 -618.386642 -619.207303 -620.295326 -621.586746 -622.909109 -622.549936 -621.439646 -621.282883 -623.514461 -624.330265 -628.533996 -629.860999 -632.901752 -635.782339 -638.618540 -638.478805 -638.815132 -637.864933 -638.996959 -637.259244 -637.977847 -636.446842 -635.518311 -633.438059 -630.278382 -630.645339 -628.843161 -628.407397 -625.894886 -623.822862 -616.503714 -605.174274 -592.434863 -583.825493 -583.876778 -593.553290 -598.186165 -600.339321 -593.563681 -581.156300 -555.903868 -495.111674 -417.143783 -330.108077 -289.917994 -263.234766 -219.076920 -177.965866 -169.187977 -9999.0 -9999.0 -9999.0 -9999.0 -9999.0 -9999.0 -9999.0 -9999.0 -9999.0 -9999.0 -9999.0 -9999.0
-9999.0 -9999.0 -9999.0 -9999.0 -9999.0 -9999.0 -683.643024 -675.330557 -677.359683 -670.260957 -663.558398 -657.988173 -650.475533 -650.438905 -648.201015 -643.083994 -643.815006 -646.422547 -649.566821 -645.164167 -643.136890 -642.895407 -647.939731 -646.749103 -646.171475 -644.274708 -644.462701 -643.897562 -648.141765 -643.540053 -641.458232 -642.752770 -644.028940 -643.450882 -644.558293 -641.668500 -641.327153 -643.707245 -644.324298 -640.731834 -639.453531 -639.605037 -638.494774 -635.554211 -631.617795 -630.700738 -632.002932 -633.654272 -629.036991 -618.800593 -606.782305 -595.939471 -588.903579 -586.983044 -595.690094 -607.202279 -613.022661 -613.294199 -607.538972 -596.673043 -573.704808 -556.842588 -542.362584 -526.699482 -505.697593 -407.417236 -9999.0 -9999.0 -9999.0 -9999.0 -9999.0 -9999.0 -9999.0 -9999.0 -9999.0 -9999.0 -9999.0 -9999.0 -9999.0 -9999.0
-9999.0 -9999.0 -9999.0 -9999.0 -9999.0 -9999.0 -9999.0 -9999.0 -9999.0 -9999.0 -9999.0 -9999.0 -9999.0 -9999.0 -9999.0 -9999.0 -9999.0 -9999.0 -9999.0 -9999.0 -9999.0 -9999.0 -9999.0 -9999.0 -9999.0 -9999.0 -9999.0 -9999.0 -9999.0 -9999.0 -9999.0 -9999.0 -9999.0 -9999.0 -9999.0 -9999.0 -9999.0 -9999.0 -9999.0 -9999.0 -9999.0 -9999.0 -9999.0 -9999.0 -9999.0 -9999.0 -9999.0 -9999.0 -9999.0 -9999.0 -9999.0 -9999.0 -9999.0 -9999.0 -9999.0 -9999.0 -9999.0 -9999.0 -9999.0 -9999.0 -9999.0 -9999.0 -9999.0 -9999.0 -9999.0 -9999.0 -9999.0 -9999.0 -9999.0 -9999.0 -9999.0 -9999.0 -9999.0 -9999.0 -9999.0 -9999.0 -9999.0 -9999.0 -9999.0 -9999.0
-9999.0 -9999.0 -9999.0 -9999.0 -9999.0 -9999.0 -9999.0 -9999.0 -9999.0 -9999.0 -9999.0 -9999.0 -9999.0 -9999.0 -9999.0 -9999.0 -9999.0 -9999.0 -9999.0 -9999.0 -9999.0 -9999.0 -9999.0 -9999.0 -9999.0 -9999.0 -9999.0 -9999.0 -9999.0 -9999.0 -9999.0 -9999.0 -9999.0 -9999.0 -9999.0 -9999.0 -9999.0 -9999.0 -9999.0 -9999.0 -9999.0 -9999.0 -9999.0 -9999.0 -9999.0 -9999.0 -9999.0 -9999.0 -9999.0 -9999.0 -9999.0 -9999.0 -9999.0 -9999.0 -9999.0 -9999.0 -9999.0 -9999.0 -9999.0 -9999.0 -9999.0 -9999.0 -9999.0 -9999.0 -9999.0 -9999.0 -9999.0 -9999.0 -9999.0 -9999.0 -9999.0 -9999.0 -9999.0 -9999.0 -9999.0 -9999.0 -9999.0 -9999.0 -9999.0 -9999.0