Borden_/Borden1m_014/output_maps/psiliqL0017N0036.asc
ncols         80
nrows         18
xllcorner     620200.000000
yllcorner     5168000.000000
cellsize      1.000000
NODATA_value  -9999.0
-9999.0 -9999.0 -9999.0 -9999.0 -9999.0 -9999.0 -9999.0 -9999.0 -9999.0 -9999.0 -9999.0 -9999.0 -9999.0 -9999.0 -9999.0 -9999.0 -9999.0 -9999.0 -9999.0 -9999.0 -9999.0 -9999.0 -9999.0 -9999.0 -9999.0 -9999.0 -9999.0 -9999.0 -9999.0 -9999.0 -9999.0 -9999.0 -9999.0 -9999.0 -9999.0 -9999.0 -9999.0 -9999.0 -9999.0 -9999.0 -9999.0 -9999.0 -9999.0 -9999.0 -9999.0 -9999.0 -9999.0 -9999.0 -9999.0 -9999.0 -9999.0 -9999.0 -9999.0 -9999.0 -9999.0 -9999.0 -9999.0 -9999.0 -9999.0 -9999.0 -9999.0 -9999.0 -9999.0 -9999.0 -9999.0 -9999.0 -9999.0 -9999.0 -9999.0 -9999.0 -9999.0 -9999.0 -9999.0 -9999.0 -9999.0 -9999.0 -9999.0 -9999.0 -9999.0 -9999.0
-9999.0 -9999.0 -9999.0 -9999.0 -9999.0 -9999.0 -9999.0 -9999.0 -9999.0 -9999.0 -9999.0 -9999.0 -9999.0 -9999.0 -9999.0 -9999.0 -9999.0 -9999.0 -9999.0 -9999.0 -9999.0 -9999.0 -9999.0 -9999.0 -9999.0 -9999.0 -9999.0 -9999.0 -9999.0 -9999.0 -9999.0 -9999.0 -9999.0 -9999.0 -9999.0 -9999.0 -9999.0 -9999.0 -9999.0 -9999.0 -9999.0 -9999.0 -9999.0 -9999.0 -9999.0 -9999.0 -9999.0 -9999.0 -9999.0 -9999.0 -9999.0 -9999.0 -9999.0 -9999.0 -9999.0 -9999.0 -9999.0 -9999.0 -9999.0 -9999.0 -9999.0 -9999.0 -9999.0 -9999.0 -9999.0 -9999.0 -9999.0 -9999.0 -9999.0 -9999.0 -9999.0 -9999.0 -9999.0 -9999.0 -9999.0 -9999.0 -9999.0 -9999.0 -9999.0 -9999.0
-9999.0 -9999.0 -9999.0 -9999.0 -9999.0 -9999.0 -9999.0 -9999.0 -9999.0 -9999.0 -9999.0 -9999.0 -9999.0 -9999.0 -9999.0 -9999.0 -9999.0 -9999.0 -9999.0 -9999.0 1553.439023 1556.216580 1535.306139 1502.890038 1476.455402 1480.314041 1516.323491 1559.344733 1599.908590 1611.150761 1594.794538 1599.280073 1596.235071 1595.468184 1598.551377 1606.779834 1612.848824 1624.886029 1634.349386 1635.036277 1630.173504 1626.339789 1627.970753 1630.812786 1635.991000 1623.232793 1636.216537 1649.771364 1652.639355 1645.606508 1616.783474 1599.529182 1588.155198 1570.043420 1592.572577 1602.009483 1622.615229 1624.785646 1621.224423 1592.909284 1561.964470 -9999.0 -9999.0 -9999.0 -9999.0 -9999.0 -9999.0 -9999.0 -9999.0 -9999.0 -9999.0 -9999.0 -9999.0 -9999.0 -9999.0 -9999.0 -9999.0 -9999.0 -9999.0 -9999.0
-9999.0 -9999.0 -9999.0 -9999.0 -9999.0 -9999.0 -9999.0 -9999.0 -9999.0 -9999.0 -9999.0 -9999.0 -9999.0 -9999.0 1459.248765 1450.880923 1449.545765 1459.244070 1494.006152 1525.340858 1537.615213 1531.273217 1532.710250 1510.472391 1491.099028 1506.682666 1538.428389 1571.902283 1608.284917 1629.824544 1620.526960 1619.977134 1630.510848 1655.654121 1668.382815 1666.582680 1648.691031 1673.751656 1690.463241 1699.701539 1700.594714 1693.261804 1705.792069 1721.081010 1713.662318 1696.033243 1701.222176 1711.961508 1721.415725 1706.541153 1641.630432 1621.409944 1614.525804 1605.763646 1589.390399 1581.259655 1605.049342 1602.740886 1592.696891 1573.166024 1538.960257 1493.710454 1473.680456 1511.150516 1553.267188 1608.912317 -9999.0 -9999.0 -9999.0 -9999.0 -9999.0 -9999.0 -9999.0 -9999.0 -9999.0 -9999.0 -9999.0 -9999.0 -9999.0 -9999.0
-9999.0 -9999.0 -9999.0 -9999.0 -9999.0 -9999.0 -9999.0 -9999.0 -9999.0 1397.306520 1403.184936 1411.870265 1415.913140 1433.011313 1431.501516 1440.125320 1448.223621 1477.120020 1509.552709 1545.875171 1575.635614 1568.381349 1570.282860 1580.690489 1583.880861 1597.021053 1620.791027 1662.931334 1702.789791 1744.400665 1716.730381 1715.679242 1735.910462 1782.533937 1813.738354 1820.248367 1803.245678 1815.452740 1841.961087 1864.528220 1865.522781 1863.936403 1889.539460 1903.648934 1902.313634 1880.908863 1869.731524 1869.647383 1893.189433 1839.739637 1771.370589 1721.566519 1725.774091 1695.554469 1658.253666 1637.699027 1633.154090 1651.100078 1634.449982 1595.707470 1558.087527 1544.920108 1525.567394 1541.474200 1561.795817 1605.970884 1643.063730 1669.742886 1667.358039 1648.618977 -9999.0 -9999.0 -9999.0 -9999.0 -9999.0 -9999.0 -9999.0 -9999.0 -9999.0 -9999.0
-9999.0 -9999.0 -9999.0 -9999.0 -9999.0 -9999.0 1316.157992 1326.998800 1348.830935 1354.341994 1381.604489 1390.344739 1412.597005 1433.472832 1457.146652 1474.963150 1506.100008 1540.554856 1582.428541 1626.492726 1659.961009 1655.683980 1667.335155 1697.056967 1734.963157 1763.673078 1790.627609 1832.570968 1909.699996 1952.278681 1957.856858 1963.268142 1973.755854 2023.364348 2087.406930 2101.543385 2082.413006 2069.799525 2092.550421 2130.949427 2137.169327 2139.712786 2152.031914 2162.018941 2187.349671 2176.285823 2135.482715 2121.124380 2118.817473 2098.859076 2034.103719 1970.243542 1937.649844 1886.609742 1802.206050 1748.065810 1755.890583 1773.485608 1743.309580 1687.726731 1645.787920 1633.386852 1616.350927 1601.712483 1606.568103 1623.665510 1643.389543 1652.312729 1636.993243 1613.815978 1589.478029 1559.409247 1560.319744 1584.737418 -9999.0 -9999.0 -9999.0 -9999.0 -9999.0 -9999.0
-9999.0 -9999.0 -9999.0 -9999.0 1264.488700 1278.450495 1267.042854 1294.063607 1328.502019 1364.600976 1397.728831 1435.906001 1464.926746 1497.120157 1538.575303 1572.970383 1615.476277 1652.386405 1707.981389 1777.253746 1829.661045 1853.894504 1870.144190 1928.394480 1989.872182 2042.721183 2065.209854 2094.473068 2140.613825 2201.508062 2228.949809 2235.805475 2253.722873 2290.794784 2339.830828 2373.958795 2358.081669 2351.162334 2359.404855 2373.210249 2398.255882 2400.842738 2403.439847 2406.380750 2411.070463 2408.882002 2382.613548 2347.520423 2331.382834 2320.171855 2287.398842 2216.504963 2176.926091 2145.185073 2107.663103 2053.390779 1991.004714 1976.769953 1918.334323 1859.137704 1796.626922 1774.560983 1742.910503 1716.094413 1685.999616 1685.961372 1686.953723 1663.697288 1628.479428 1593.982033 1577.193637 1557.030796 1544.726507 1574.002012 1590.790812 1620.349569 -9999.0 -9999.0 -9999.0 -9999.0
-9999.0 -9999.0 1203.215866 1251.970577 1310.291862 1320.200380 1321.149982 1328.776614 1359.465637 1413.810241 1489.281111 1539.591429 1582.077408 1618.442976 1679.507390 1757.839124 1830.082041 1879.844787 1941.660413 2013.495741 2077.121360 2111.343267 2129.101963 2169.477384 2224.604900 2288.713596 2316.847383 2344.506158 2377.738015 2413.201450 2421.373564 2435.100253 2444.348166 2449.089197 2456.344931 2458.881725 2454.096858 2448.864441 2430.834959 2427.527912 2435.423875 2442.283966 2443.740689 2430.303664 2426.224862 2439.574937 2443.185840 2441.050007 2439.062441 2445.128169 2446.358164 2404.798747 2370.596232 2353.828469 2341.219762 2295.001444 2228.621988 2187.287986 2163.065346 2118.129792 2039.216464 1988.001813 1937.129661 1888.597371 1835.600015 1804.143449 1755.831929 1710.839579 1661.735330 1613.361788 1588.256006 1569.284627 1565.906556 1564.759946 1580.202472 1594.708062 1609.425746 1616.869882 -9999.0 -9999.0
-9999.0 1098.081548 1170.686059 1296.920316 1378.087991 1423.157537 1452.584602 1474.476282 1505.788297 1536.603534 1640.335442 1723.811542 1815.789369 1856.099921 1907.397212 2005.511657 2101.750272 2149.689727 2189.848053 2248.880012 2311.400077 2360.942791 2390.776861 2396.765758 2432.695900 2449.897882 2454.450099 2458.991364 2456.553426 2448.970154 2440.769051 2446.816225 2442.601315 2422.738960 2405.599550 2401.490193 2395.147582 2370.258602 2341.190798 2326.153978 2328.656295 2352.798173 2340.461199 2319.729699 2315.936979 2337.358013 2357.635061 2348.733914 2336.775356 2355.450164 2390.784448 2413.997167 2422.782152 2439.850388 2460.458344 2433.846090 2406.124836 2362.886446 2341.773050 2311.510245 2251.575528 2189.417001 2133.295878 2071.492581 2004.115271 1936.077527 1871.453122 1807.790333 1739.950827 1697.365682 1665.530388 1615.649380 1595.276292 1596.819338 1587.551773 1583.801485 1588.900104 1594.774062 -9999.0 -9999.0
-9999.0 1014.263150 1156.383206 1340.412721 1489.331828 1546.539987 1642.327342 1719.546254 1748.288010 1718.267463 1827.054889 2047.105636 2156.220403 2176.811676 2251.371771 2343.105770 2357.008774 2390.740036 2414.313872 2428.534755 2440.254909 2452.238203 2451.813723 2447.311086 2433.067353 2425.367555 2423.696567 2420.155949 2401.492585 2380.967001 2362.176053 2356.703806 2336.193394 2289.301476 2254.352730 2235.139429 2216.898514 2197.620015 2165.909394 2139.150187 2123.694634 2138.488708 2133.101231 2116.880995 2113.155512 2134.968728 2166.993056 2164.073196 2174.006069 2196.440053 2236.595931 2277.212158 2300.761203 2332.173990 2370.504068 2416.524999 2431.320843 2453.196672 2456.879714 2438.874992 2392.775352 2337.758307 2301.034006 2235.832517 2160.937480 2080.004434 2012.414741 1947.446708 1876.455691 1830.080260 1783.972938 1727.719791 1676.059168 1655.757658 1616.534897 1597.059983 -9999.0 -9999.0 -9999.0 -9999.0
-9999.0 930.361974 1116.902291 1371.813706 1652.820173 1757.195926 1962.012237 2089.812872 2146.346349 2217.204813 2178.163017 2340.149284 2385.158484 2383.656838 2388.012965 2393.888247 2410.768085 2414.699948 2411.749714 2402.193450 2393.605617 2389.999065 2388.915357 2381.440597 2368.934334 2353.324816 2338.526207 2324.150684 2284.685219 2249.766488 2211.406270 2195.372936 2153.965844 2060.662542 2016.783900 1978.625797 1920.123654 1914.950527 1911.240559 1883.573259 1864.202743 1842.141477 1865.577335 1871.630145 1874.649061 1876.596796 1892.372443 1917.928092 1963.979239 2001.316583 2046.220154 2099.384316 2135.391703 2179.726203 2226.238511 2283.021505 2317.307127 2349.454688 2398.600923 2437.832389 2460.699876 2447.408339 2418.893446 2368.396255 2292.778876 2222.181530 2167.846209 2090.175049 2023.612956 1970.498729 1925.581338 1877.135387 1815.214144 1742.401172 1701.948846 -9999.0 -9999.0 -9999.0 -9999.0 -9999.0
-9999.0 741.609140 1008.600889 1292.301495 1598.753417 1930.079816 2072.396904 2195.362948 2267.923186 2240.687055 2253.398642 2274.119512 2318.475884 2329.354850 2311.186340 2302.720937 2291.068044 2291.408545 2304.443443 2277.930735 2248.249557 2234.710705 2234.165773 2222.287011 2198.571784 2181.378175 2168.850950 2147.226080 2098.160682 2045.575679 1962.106582 1929.786957 1852.520295 1798.974155 1754.932428 1704.727392 1654.254321 1653.581402 1671.736631 1657.852118 1635.872603 1617.727826 1644.936355 1663.662136 1676.425490 1664.558041 1673.727986 1710.004640 1759.940213 1804.748710 1855.176504 1910.329089 1957.246850 2005.011497 2037.082006 2087.478880 2136.509203 2184.080557 2258.443137 2338.245443 2376.375547 2410.765343 2440.694842 2452.921607 2395.875201 2340.875972 2281.726173 2213.725292 2130.628245 2082.367363 2057.863547 2019.498395 1966.598133 -9999.0 -9999.0 -9999.0 -9999.0 -9999.0 -9999.0 -9999.0
-9999.0 618.197460 831.850899 1053.872680 1331.733970 1568.617989 1769.531716 1875.741783 1955.135207 1999.836755 2040.706441 2078.151406 2110.734620 2135.458942 2115.656836 2075.936541 2047.170657 2051.497039 2046.156664 2022.373291 1992.685006 1977.610497 1974.603255 1967.616932 1943.465084 1929.177191 1918.206623 1895.065539 1861.895402 1805.668971 1726.613655 1653.082701 1592.716069 1562.248526 1532.901118 1500.431831 1465.786293 1475.872658 1488.016193 1484.956318 1475.071753 1472.672418 1501.827816 1521.115708 1531.390112 1520.326066 1539.865067 1566.645071 1608.442916 1652.261461 1702.145592 1757.999072 1812.478325 1842.106076 1856.103692 1881.352708 1920.785974 1974.709469 2060.723095 2155.295463 2233.499981 2281.762075 2331.434375 2363.078419 2372.527019 2375.836018 2343.822241 2258.519643 2151.502573 2134.905314 2132.714376 -9999.0 -9999.0 -9999.0 -9999.0 -9999.0 -9999.0 -9999.0 -9999.0 -9999.0
-9999.0 -9999.0 600.110693 773.039720 903.943095 1081.021769 1230.482382 1340.912122 1432.886082 1551.997086 1661.015048 1747.773395 1793.712974 1812.194341 1798.990595 1767.114096 1746.531271 1746.278562 1735.540478 1724.914356 1705.157629 1697.036873 1685.311200 1676.788295 1667.212121 1661.851044 1656.236377 1644.505679 1622.349584 1575.475578 1527.753787 1476.747936 1423.851717 1398.215717 1376.180713 1354.727883 1353.655708 1349.280453 1354.651351 1356.233194 1363.413906 1376.205880 1396.253229 1418.453536 1428.397722 1437.671227 1450.358657 1474.346992 1507.752355 1550.638608 1605.330560 1663.954240 1704.719101 1718.334638 1709.409703 1714.956722 1735.492770 1778.097164 1858.217732 1941.365427 2036.307125 2106.613277 2176.178398 2225.569805 2237.723468 2247.074578 2254.605561 2197.364290 2041.843601 2082.135498 -9999.0 -9999.0 -9999.0 -9999.0 -9999.0 -9999.0 -9999.0 -9999.0 -9999.0 -9999.0
-9999.0 -9999.0 -9999.0 -9999.0 632.624931 786.528761 884.029979 967.374404 1097.261007 1219.041498 1320.265134 1404.343616 1467.424303 1494.346845 1490.956776 1497.479193 1493.216192 1486.671849 1476.609950 1475.751848 1474.758999 1467.086773 1452.379056 1444.833980 1445.666594 1450.430655 1447.471997 1433.359370 1415.013741 1392.707421 1372.531558 1338.085810 1302.113963 1272.698572 1259.270446 1253.493736 1253.044333 1245.885319 1254.450638 1261.853870 1277.097961 1292.315103 1316.072727 1345.170777 1359.116007 1374.049247 1383.949100 1404.642743 1435.385138 1489.215494 1553.221737 1611.791224 1648.554132 1653.803046 1630.048693 1615.328377 1612.315327 1640.850471 1686.055227 1753.136549 1854.386373 1926.515616 1981.756878 2023.752081 2052.377329 2092.486167 2134.199251 2161.295039 -9999.0 -9999.0 -9999.0 -9999.0 -9999.0 -9999.0 -9999.0 -9999.0 -9999.0 -9999.0 -9999.0 -9999.0
-9999.0 -9999.0 -9999.0 -9999.0 -9999.0 -9999.0 593.993174 695.993453 775.517717 915.034642 1046.451115 1148.219422 1228.847146 1261.049342 1287.992691 1314.972345 1313.263258 1294.713214 1275.350988 1293.990393 1307.829973 1301.688033 1271.403313 1270.920428 1275.635825 1283.580108 1281.047026 1274.310518 1248.880692 1260.256898 1260.747127 1237.155064 1210.842877 1196.764997 1184.680485 1194.092908 1194.146885 1180.384663 1180.792717 1207.598120 1227.878690 1241.001963 1262.779393 1296.026397 1328.465199 1343.836622 1345.372399 1351.659280 1391.802940 1462.355795 1534.530656 1590.596981 1623.800917 1632.616966 1606.229710 1566.928525 1547.308366 1555.166738 1590.603692 1643.599457 1719.409337 1768.002291 1792.452806 1803.860400 1819.533474 1907.386553 -9999.0 -9999.0 -9999.0 -9999.0 -9999.0 -9999.0 -9999.0 -9999.0 -9999.0 -9999.0 -9999.0 -9999.0 -9999.0 -9999.0
-9999.0 -9999.0 -9999.0 -9999.0 -9999.0 -9999.0 -9999.0 -9999.0 -9999.0 -9999.0 -9999.0 -9999.0 -9999.0 -9999.0 -9999.0 -9999.0 -9999.0 -9999.0 -9999.0 -9999.0 -9999.0 -9999.0 -9999.0 -9999.0 -9999.0 -9999.0 -9999.0 -9999.0 -9999.0 -9999.0 -9999.0 -9999.0 -9999.0 -9999.0 -9999.0 -9999.0 -9999.0 -9999.0 -9999.0 -9999.0 -9999.0 -9999.0 -9999.0 -9999.0 -9999.0 -9999.0 -9999.0 -9999.0 -9999.0 -9999.0 -9999.0 -9999.0 -9999.0 -9999.0 -9999.0 -9999.0 -9999.0 -9999.0 -9999.0 -9999.0 -9999.0 -9999.0 -9999.0 -9999.0 -9999.0 -9999.0 -9999.0 -9999.0 -9999.0 -9999.0 -9999.0 -9999.0 -9999.0 -9999.0 -9999.0 -9999.0 -9999.0 -9999.0 -9999.0 -9999.0
-9999.0 -9999.0 -9999.0 -9999.0 -9999.0 -9999.0 -9999.0 -9999.0 -9999.0 -9999.0 -9999.0 -9999.0 -9999.0 -9999.0 -9999.0 -9999.0 -9999.0 -9999.0 -9999.0 -9999.0 -9999.0 -9999.0 -9999.0 -9999.0 -9999.0 -9999.0 -9999.0 -9999.0 -9999.0 -9999.0 -9999.0 -9999.0 -9999.0 -9999.0 -9999.0 -9999.0 -9999.0 -9999.0 -9999.0 -9999.0 -9999.0 -9999.0 -9999.0 -9999.0 -9999.0 -9999.0 -9999.0 -9999.0 -9999.0 -9999.0 -9999.0 -9999.0 -9999.0 -9999.0 -9999.0 -9999.0 -9999.0 -9999.0 -9999.0 -9999.0 -9999.0 -9999.0 -9999.0 -9999.0 -9999.0 -9999.0 -9999.0 -9999.0 -9999.0 -9999.0 -9999.0 -9999.0 -9999.0 -9999.0 -9999.0 -9999.0 -9999.0 -9999.0 -9999.0 -9999.0