Borden_/Borden1m_014/output_maps/psiliqL0012N0032.asc
ncols         80
nrows         18
xllcorner     620200.000000
yllcorner     5168000.000000
cellsize      1.000000
NODATA_value  -9999.0
-9999.0 -9999.0 -9999.0 -9999.0 -9999.0 -9999.0 -9999.0 -9999.0 -9999.0 -9999.0 -9999.0 -9999.0 -9999.0 -9999.0 -9999.0 -9999.0 -9999.0 -9999.0 -9999.0 -9999.0 -9999.0 -9999.0 -9999.0 -9999.0 -9999.0 -9999.0 -9999.0 -9999.0 -9999.0 -9999.0 -9999.0 -9999.0 -9999.0 -9999.0 -9999.0 -9999.0 -9999.0 -9999.0 -9999.0 -9999.0 -9999.0 -9999.0 -9999.0 -9999.0 -9999.0 -9999.0 -9999.0 -9999.0 -9999.0 -9999.0 -9999.0 -9999.0 -9999.0 -9999.0 -9999.0 -9999.0 -9999.0 -9999.0 -9999.0 -9999.0 -9999.0 -9999.0 -9999.0 -9999.0 -9999.0 -9999.0 -9999.0 -9999.0 -9999.0 -9999.0 -9999.0 -9999.0 -9999.0 -9999.0 -9999.0 -9999.0 -9999.0 -9999.0 -9999.0 -9999.0
-9999.0 -9999.0 -9999.0 -9999.0 -9999.0 -9999.0 -9999.0 -9999.0 -9999.0 -9999.0 -9999.0 -9999.0 -9999.0 -9999.0 -9999.0 -9999.0 -9999.0 -9999.0 -9999.0 -9999.0 -9999.0 -9999.0 -9999.0 -9999.0 -9999.0 -9999.0 -9999.0 -9999.0 -9999.0 -9999.0 -9999.0 -9999.0 -9999.0 -9999.0 -9999.0 -9999.0 -9999.0 -9999.0 -9999.0 -9999.0 -9999.0 -9999.0 -9999.0 -9999.0 -9999.0 -9999.0 -9999.0 -9999.0 -9999.0 -9999.0 -9999.0 -9999.0 -9999.0 -9999.0 -9999.0 -9999.0 -9999.0 -9999.0 -9999.0 -9999.0 -9999.0 -9999.0 -9999.0 -9999.0 -9999.0 -9999.0 -9999.0 -9999.0 -9999.0 -9999.0 -9999.0 -9999.0 -9999.0 -9999.0 -9999.0 -9999.0 -9999.0 -9999.0 -9999.0 -9999.0
-9999.0 -9999.0 -9999.0 -9999.0 -9999.0 -9999.0 -9999.0 -9999.0 -9999.0 -9999.0 -9999.0 -9999.0 -9999.0 -9999.0 -9999.0 -9999.0 -9999.0 -9999.0 -9999.0 -9999.0 542.582639 545.583939 523.816897 490.723887 463.435747 466.459648 502.190689 544.538398 584.069122 595.420574 578.574901 581.692820 577.915920 577.976761 581.463991 588.710538 593.037792 605.066653 614.458846 615.199427 610.130165 605.680749 606.138674 609.604076 614.582518 603.601315 616.314876 630.418949 634.749809 627.921577 598.953680 581.588719 571.275881 554.582523 577.589115 588.342585 610.023070 613.188314 610.683175 582.839948 552.227842 -9999.0 -9999.0 -9999.0 -9999.0 -9999.0 -9999.0 -9999.0 -9999.0 -9999.0 -9999.0 -9999.0 -9999.0 -9999.0 -9999.0 -9999.0 -9999.0 -9999.0 -9999.0 -9999.0
-9999.0 -9999.0 -9999.0 -9999.0 -9999.0 -9999.0 -9999.0 -9999.0 -9999.0 -9999.0 -9999.0 -9999.0 -9999.0 -9999.0 450.130506 440.850536 438.725470 447.990700 482.429935 513.205841 525.768437 518.944603 519.823679 497.252616 477.876757 493.071425 524.036100 557.223374 593.502197 615.528179 605.123902 603.965111 615.183101 642.493578 657.170764 655.436290 635.906397 659.945363 677.369194 688.061647 689.157671 682.061741 696.634869 712.999779 705.841121 687.345152 690.180659 700.458053 711.783326 695.126405 628.436777 606.121228 599.957615 591.153918 575.381942 567.297246 591.062107 590.222180 580.776848 561.713675 528.299504 483.648802 464.654869 502.416232 545.661965 602.565070 -9999.0 -9999.0 -9999.0 -9999.0 -9999.0 -9999.0 -9999.0 -9999.0 -9999.0 -9999.0 -9999.0 -9999.0 -9999.0 -9999.0
-9999.0 -9999.0 -9999.0 -9999.0 -9999.0 -9999.0 -9999.0 -9999.0 -9999.0 390.721040 395.392182 403.286605 406.194563 422.603750 421.109090 429.017502 437.378621 465.124681 497.307287 533.519813 563.419309 555.388835 557.316028 569.752867 576.079885 590.199023 613.769919 657.167245 701.331187 745.608732 719.320819 718.839439 739.798096 789.663428 826.398646 835.611515 817.627125 825.786577 853.777709 880.515267 883.936998 884.308572 910.677728 925.029698 927.112512 905.512268 887.514579 884.130637 906.788407 851.777946 781.947477 726.889147 726.367794 692.470947 649.987428 626.295543 621.338976 640.472153 623.427541 584.220620 546.167915 534.301916 515.949981 531.556580 552.790351 598.308726 636.089765 663.693705 662.640227 644.600501 -9999.0 -9999.0 -9999.0 -9999.0 -9999.0 -9999.0 -9999.0 -9999.0 -9999.0 -9999.0
-9999.0 -9999.0 -9999.0 -9999.0 -9999.0 -9999.0 311.020519 320.706216 341.362926 346.987114 372.735417 381.092238 402.688657 423.122851 445.575452 463.730391 495.786558 530.381474 573.518096 619.323830 654.149013 652.160148 665.504098 700.414831 743.806094 776.727509 804.806865 849.231448 931.178718 978.399064 990.654796 997.323566 1007.834918 1055.587406 1119.185613 1135.578871 1115.949587 1102.023677 1123.415487 1162.632411 1175.857540 1180.055333 1190.370052 1199.585767 1224.457121 1213.407355 1168.189385 1148.829140 1142.642045 1125.949805 1066.260203 1001.747434 961.913200 908.593163 821.420640 760.960931 761.972531 776.246940 742.832910 685.170225 639.985634 626.441955 609.114009 593.319691 597.209456 614.646353 635.708365 645.488549 631.433812 609.507290 585.742829 556.305775 557.570534 582.521106 -9999.0 -9999.0 -9999.0 -9999.0 -9999.0 -9999.0
-9999.0 -9999.0 -9999.0 -9999.0 260.568379 273.671956 262.251604 287.417271 320.618396 355.384650 388.732753 427.311052 456.286082 488.281124 531.495129 570.293172 616.609334 655.759920 714.429728 787.261552 843.940661 874.229714 895.098469 957.602042 1020.469204 1073.590580 1095.480840 1124.767300 1170.847876 1236.100858 1265.616965 1272.746938 1289.740389 1322.611567 1367.381885 1399.379384 1384.126557 1377.431961 1384.193358 1396.966296 1423.310537 1426.267743 1428.727698 1430.646028 1433.918138 1432.088572 1406.411973 1371.895640 1357.108111 1346.949476 1319.189920 1251.332706 1205.406035 1172.737123 1139.719495 1088.122453 1020.724629 999.708260 939.736046 878.490101 808.629832 780.719958 745.451607 715.630719 681.921312 679.509577 679.369175 656.475076 622.793032 589.120445 572.982551 553.445097 542.208281 571.708231 588.984937 619.361698 -9999.0 -9999.0 -9999.0 -9999.0
-9999.0 -9999.0 201.063638 250.580239 307.606084 317.097521 319.285852 326.056778 355.320587 408.560768 487.632089 542.115532 589.137134 625.464669 689.551714 776.337459 857.037182 911.131834 973.239758 1043.512768 1107.102794 1144.815388 1168.687492 1209.101703 1261.047994 1319.469882 1345.372049 1370.772403 1402.359127 1436.528540 1453.186272 1467.890958 1475.224700 1475.864888 1479.633062 1480.166040 1476.180622 1470.669793 1453.162388 1450.496526 1458.574612 1463.751857 1466.236105 1453.325483 1449.211140 1461.707749 1463.760296 1462.424149 1462.100758 1469.091536 1474.297795 1437.678916 1394.381383 1378.280583 1368.153327 1324.681587 1260.601317 1213.950376 1189.138500 1145.336192 1065.939862 1011.159319 957.239493 903.341459 844.765546 806.959510 754.629864 708.004909 658.428327 610.331537 585.289220 566.037241 562.881430 562.427845 578.038826 593.129519 608.222652 615.875473 -9999.0 -9999.0
-9999.0 99.484263 172.221046 299.491618 379.966236 426.203933 463.428941 491.370751 521.060196 545.740642 656.723981 758.606834 855.360865 894.858695 950.039477 1050.210330 1147.730186 1194.074822 1230.713007 1283.698105 1341.652177 1388.235413 1417.870521 1436.856463 1468.465095 1476.923298 1478.631527 1480.735381 1476.264505 1469.194819 1460.229344 1466.769872 1463.263438 1445.143324 1429.649596 1426.304084 1419.696835 1394.173666 1365.778223 1351.290121 1354.418069 1376.540562 1365.469537 1345.286557 1341.550637 1361.881916 1379.362907 1371.550537 1360.771311 1378.771757 1413.603016 1435.628994 1448.239149 1464.190181 1484.510412 1459.845344 1429.363624 1387.726360 1367.792781 1337.142133 1276.040955 1212.923695 1157.189201 1094.279995 1025.452093 953.352791 885.283001 818.614461 747.588624 703.626028 670.102822 617.666560 594.507240 594.979367 585.134741 581.766372 587.567792 593.731302 -9999.0 -9999.0
-9999.0 22.721223 165.867599 351.676625 501.095303 564.529109 676.639199 762.579567 795.622206 773.609927 887.668095 1110.203724 1206.553241 1223.018642 1291.972638 1375.389265 1403.370963 1434.615333 1455.352462 1460.673231 1465.457176 1473.840817 1472.457817 1467.027404 1453.182277 1445.483571 1444.104628 1440.373796 1421.449879 1401.256158 1382.709980 1378.381776 1359.739897 1318.161283 1285.576348 1268.161032 1250.899539 1226.792471 1191.472056 1164.239414 1150.156993 1167.052553 1158.941930 1141.735869 1138.037691 1160.624930 1193.196077 1188.978979 1196.380652 1219.325120 1260.921344 1303.117611 1327.126167 1357.622137 1394.535508 1438.207415 1455.400341 1476.424654 1480.975680 1459.456750 1414.880208 1363.178872 1327.271907 1261.360150 1186.161450 1105.323051 1038.748891 974.409452 902.707716 852.698795 802.181326 742.299549 684.410674 656.985848 615.995949 594.826075 -9999.0 -9999.0 -9999.0 -9999.0
-9999.0 -50.769706 139.151289 401.606101 673.272106 796.862581 1001.329116 1133.280009 1197.546345 1260.373105 1263.049395 1394.083124 1427.868790 1422.364777 1415.755662 1419.077545 1434.388426 1438.516573 1435.202523 1425.309058 1415.916736 1411.755491 1409.885506 1402.754768 1390.497076 1375.214010 1361.484916 1346.767824 1305.444306 1270.494764 1235.245424 1219.426441 1181.133140 1090.481290 1047.054998 1012.185089 956.147641 946.625942 936.447547 906.483021 886.239950 867.606991 887.718054 890.145781 892.005690 898.021652 917.536961 940.384684 984.600439 1021.940875 1067.655466 1121.596897 1157.214573 1201.858742 1250.400165 1309.214081 1342.689254 1374.022687 1420.457813 1459.818930 1482.293425 1471.640997 1441.767396 1394.997856 1322.554486 1250.806479 1197.156449 1120.853937 1053.848854 1000.983014 956.859518 906.393404 838.992257 748.891495 704.220809 -9999.0 -9999.0 -9999.0 -9999.0 -9999.0
-9999.0 -220.028547 48.222859 341.004105 665.130166 990.801801 1114.916953 1254.976374 1328.531443 1285.249393 1282.141088 1306.831568 1348.691323 1356.610429 1337.625528 1330.189295 1320.613827 1320.885049 1333.455191 1306.583312 1274.927174 1260.617089 1259.412898 1247.380105 1224.161100 1206.226122 1192.442309 1170.685793 1120.480985 1068.959478 989.091785 959.752607 883.240335 819.417844 771.244401 720.457245 667.908859 664.783746 679.917234 663.370269 640.398934 621.546922 647.574780 664.354326 676.227393 666.271409 676.260584 712.927128 763.883773 810.059535 863.723815 922.411949 971.458524 1022.237132 1057.368013 1111.035582 1159.703398 1207.618383 1282.233237 1362.032189 1398.562386 1433.062138 1466.130043 1479.332890 1426.257930 1371.726807 1314.403047 1243.741277 1153.425652 1107.814588 1086.492991 1052.584711 999.574953 -9999.0 -9999.0 -9999.0 -9999.0 -9999.0 -9999.0 -9999.0
-9999.0 -350.036457 -125.029110 113.564917 406.667154 647.122045 837.887850 952.512795 1034.486761 1052.343555 1077.019217 1109.790472 1141.888135 1164.846016 1143.293959 1105.968660 1078.599139 1082.472624 1079.508439 1054.785707 1024.325124 1008.849964 1006.508143 998.865196 973.170316 956.858263 944.297947 919.471052 881.400348 822.307299 738.853483 666.449979 603.111685 567.357208 535.777314 501.793164 463.906696 473.535818 486.542260 482.036174 470.296710 466.457667 495.778898 514.553655 524.785701 512.762823 532.003829 559.482519 602.164917 646.010767 696.547927 753.829527 810.052037 843.139912 861.546081 893.090249 937.548167 995.553539 1083.715991 1179.725195 1256.522144 1307.191046 1357.461109 1388.857394 1399.400982 1410.217918 1378.712679 1284.665271 1148.169317 1150.316492 1155.168789 -9999.0 -9999.0 -9999.0 -9999.0 -9999.0 -9999.0 -9999.0 -9999.0 -9999.0
-9999.0 -9999.0 -360.780554 -176.584006 -27.336926 157.060727 309.647221 420.225418 503.801858 605.292374 702.986415 783.939008 828.638837 846.806335 830.546532 792.812407 768.430536 768.024050 757.976366 745.051137 722.305514 713.167135 702.520034 693.985081 681.632268 674.217258 667.652472 654.825294 630.487997 581.598709 529.181095 476.165341 421.250033 394.968503 372.293723 349.649530 346.720546 343.666929 349.736677 350.902418 356.813036 368.859663 389.311223 410.977501 420.625090 428.621841 441.360990 465.365245 498.962200 541.233465 595.259794 653.066705 693.426080 707.437583 699.921921 708.022648 732.568462 780.446543 869.648428 960.411567 1056.384438 1128.369157 1199.484609 1249.590523 1264.377906 1279.174442 1285.881283 1199.334393 828.792519 1067.915194 -9999.0 -9999.0 -9999.0 -9999.0 -9999.0 -9999.0 -9999.0 -9999.0 -9999.0 -9999.0
-9999.0 -9999.0 -9999.0 -9999.0 -319.777095 -162.568924 -66.480595 17.610157 142.930779 257.126935 353.104924 432.975659 490.520345 515.747066 507.593608 506.429553 499.473059 494.488541 485.210109 481.411695 477.432677 469.455056 456.562020 448.713167 448.228538 451.777664 448.882438 434.828004 417.258743 391.321227 368.172189 332.714825 295.642268 266.063135 252.644223 246.010833 245.863905 239.645726 248.738210 255.441547 270.399038 285.725447 309.634753 338.247260 351.370905 365.872466 375.726908 396.613751 427.029774 480.322510 543.415358 600.598119 635.741121 640.132981 615.218510 600.365581 598.313886 628.488986 678.208650 751.587743 858.918298 937.433170 1000.314943 1047.059136 1078.855643 1121.703582 1162.652473 1180.967594 -9999.0 -9999.0 -9999.0 -9999.0 -9999.0 -9999.0 -9999.0 -9999.0 -9999.0 -9999.0 -9999.0 -9999.0
-9999.0 -9999.0 -9999.0 -9999.0 -9999.0 -9999.0 -369.903133 -271.381373 -186.045028 -56.502160 64.412137 160.459723 237.436470 265.460169 286.648003 310.619269 307.120467 289.584749 271.971151 289.163266 300.245848 294.750060 266.128676 264.869016 268.649137 277.223138 275.296922 268.707170 243.442302 252.476036 251.483564 228.001526 201.649696 187.228926 175.383496 185.067311 185.561076 172.560835 174.202265 200.522761 220.435491 233.772237 256.015193 289.176120 321.291118 335.971350 337.175865 343.482720 384.528891 454.879540 525.786515 580.151624 611.747613 619.474833 591.604951 551.236861 530.616057 538.289205 574.430688 629.903958 709.528624 762.798236 794.997554 815.316935 840.427336 933.118067 -9999.0 -9999.0 -9999.0 -9999.0 -9999.0 -9999.0 -9999.0 -9999.0 -9999.0 -9999.0 -9999.0 -9999.0 -9999.0 -9999.0
-9999.0 -9999.0 -9999.0 -9999.0 -9999.0 -9999.0 -9999.0 -9999.0 -9999.0 -9999.0 -9999.0 -9999.0 -9999.0 -9999.0 -9999.0 -9999.0 -9999.0 -9999.0 -9999.0 -9999.0 -9999.0 -9999.0 -9999.0 -9999.0 -9999.0 -9999.0 -9999.0 -9999.0 -9999.0 -9999.0 -9999.0 -9999.0 -9999.0 -9999.0 -9999.0 -9999.0 -9999.0 -9999.0 -9999.0 -9999.0 -9999.0 -9999.0 -9999.0 -9999.0 -9999.0 -9999.0 -9999.0 -9999.0 -9999.0 -9999.0 -9999.0 -9999.0 -9999.0 -9999.0 -9999.0 -9999.0 -9999.0 -9999.0 -9999.0 -9999.0 -9999.0 -9999.0 -9999.0 -9999.0 -9999.0 -9999.0 -9999.0 -9999.0 -9999.0 -9999.0 -9999.0 -9999.0 -9999.0 -9999.0 -9999.0 -9999.0 -9999.0 -9999.0 -9999.0 -9999.0
-9999.0 -9999.0 -9999.0 -9999.0 -9999.0 -9999.0 -9999.0 -9999.0 -9999.0 -9999.0 -9999.0 -9999.0 -9999.0 -9999.0 -9999.0 -9999.0 -9999.0 -9999.0 -9999.0 -9999.0 -9999.0 -9999.0 -9999.0 -9999.0 -9999.0 -9999.0 -9999.0 -9999.0 -9999.0 -9999.0 -9999.0 -9999.0 -9999.0 -9999.0 -9999.0 -9999.0 -9999.0 -9999.0 -9999.0 -9999.0 -9999.0 -9999.0 -9999.0 -9999.0 -9999.0 -9999.0 -9999.0 -9999.0 -9999.0 -9999.0 -9999.0 -9999.0 -9999.0 -9999.0 -9999.0 -9999.0 -9999.0 -9999.0 -9999.0 -9999.0 -9999.0 -9999.0 -9999.0 -9999.0 -9999.0 -9999.0 -9999.0 -9999.0 -9999.0 -9999.0 -9999.0 -9999.0 -9999.0 -9999.0 -9999.0 -9999.0 -9999.0 -9999.0 -9999.0 -9999.0