Borden_/Borden1m_014/output_maps/psiliqL0028N0017.asc
ncols         80
nrows         18
xllcorner     620200.000000
yllcorner     5168000.000000
cellsize      1.000000
NODATA_value  -9999.0
-9999.0 -9999.0 -9999.0 -9999.0 -9999.0 -9999.0 -9999.0 -9999.0 -9999.0 -9999.0 -9999.0 -9999.0 -9999.0 -9999.0 -9999.0 -9999.0 -9999.0 -9999.0 -9999.0 -9999.0 -9999.0 -9999.0 -9999.0 -9999.0 -9999.0 -9999.0 -9999.0 -9999.0 -9999.0 -9999.0 -9999.0 -9999.0 -9999.0 -9999.0 -9999.0 -9999.0 -9999.0 -9999.0 -9999.0 -9999.0 -9999.0 -9999.0 -9999.0 -9999.0 -9999.0 -9999.0 -9999.0 -9999.0 -9999.0 -9999.0 -9999.0 -9999.0 -9999.0 -9999.0 -9999.0 -9999.0 -9999.0 -9999.0 -9999.0 -9999.0 -9999.0 -9999.0 -9999.0 -9999.0 -9999.0 -9999.0 -9999.0 -9999.0 -9999.0 -9999.0 -9999.0 -9999.0 -9999.0 -9999.0 -9999.0 -9999.0 -9999.0 -9999.0 -9999.0 -9999.0
-9999.0 -9999.0 -9999.0 -9999.0 -9999.0 -9999.0 -9999.0 -9999.0 -9999.0 -9999.0 -9999.0 -9999.0 -9999.0 -9999.0 -9999.0 -9999.0 -9999.0 -9999.0 -9999.0 -9999.0 -9999.0 -9999.0 -9999.0 -9999.0 -9999.0 -9999.0 -9999.0 -9999.0 -9999.0 -9999.0 -9999.0 -9999.0 -9999.0 -9999.0 -9999.0 -9999.0 -9999.0 -9999.0 -9999.0 -9999.0 -9999.0 -9999.0 -9999.0 -9999.0 -9999.0 -9999.0 -9999.0 -9999.0 -9999.0 -9999.0 -9999.0 -9999.0 -9999.0 -9999.0 -9999.0 -9999.0 -9999.0 -9999.0 -9999.0 -9999.0 -9999.0 -9999.0 -9999.0 -9999.0 -9999.0 -9999.0 -9999.0 -9999.0 -9999.0 -9999.0 -9999.0 -9999.0 -9999.0 -9999.0 -9999.0 -9999.0 -9999.0 -9999.0 -9999.0 -9999.0
-9999.0 -9999.0 -9999.0 -9999.0 -9999.0 -9999.0 -9999.0 -9999.0 -9999.0 -9999.0 -9999.0 -9999.0 -9999.0 -9999.0 -9999.0 -9999.0 -9999.0 -9999.0 -9999.0 -9999.0 3725.108100 3725.771625 3704.092042 3669.785319 3641.327663 3642.897170 3675.320283 3715.608339 3754.224414 3760.940348 3741.418616 3745.206121 3740.569518 3735.304870 3734.937328 3742.657249 3749.544732 3758.877621 3765.490245 3762.792335 3755.167964 3750.130902 3753.078099 3754.418674 3760.833725 3745.743342 3762.090567 3778.571772 3783.208921 3780.895401 3757.733202 3746.472493 3738.786158 3723.372379 3750.480966 3762.327208 3786.136990 3791.063278 3789.257387 3762.821134 3732.936655 -9999.0 -9999.0 -9999.0 -9999.0 -9999.0 -9999.0 -9999.0 -9999.0 -9999.0 -9999.0 -9999.0 -9999.0 -9999.0 -9999.0 -9999.0 -9999.0 -9999.0 -9999.0 -9999.0
-9999.0 -9999.0 -9999.0 -9999.0 -9999.0 -9999.0 -9999.0 -9999.0 -9999.0 -9999.0 -9999.0 -9999.0 -9999.0 -9999.0 3635.221278 3626.476214 3623.363846 3630.203145 3662.213039 3692.237756 3703.672195 3695.980209 3695.493243 3670.274105 3646.710383 3658.712035 3687.656664 3717.528937 3750.332740 3766.832544 3755.597562 3752.630124 3758.772641 3776.991419 3783.896765 3779.934621 3762.530427 3786.863414 3799.522376 3803.106413 3800.806415 3790.669516 3798.603242 3812.265610 3805.130072 3790.203363 3802.204788 3817.782468 3828.297670 3821.185594 3764.210506 3753.658834 3750.956371 3747.730876 3735.214069 3732.170328 3761.454436 3761.392279 3754.777968 3738.109632 3705.073803 3659.989339 3641.423556 3682.836003 3726.904721 3783.457491 -9999.0 -9999.0 -9999.0 -9999.0 -9999.0 -9999.0 -9999.0 -9999.0 -9999.0 -9999.0 -9999.0 -9999.0 -9999.0 -9999.0
-9999.0 -9999.0 -9999.0 -9999.0 -9999.0 -9999.0 -9999.0 -9999.0 -9999.0 3578.017548 3584.048413 3590.694262 3592.902881 3607.622452 3603.909379 3610.427795 3613.493028 3640.365705 3669.127787 3701.904935 3728.144250 3718.492595 3716.497192 3718.838362 3711.149832 3717.755487 3737.523136 3773.307496 3802.815734 3836.925405 3802.336301 3796.735752 3813.736038 3853.755145 3874.718750 3875.481576 3856.584672 3874.870707 3898.083790 3912.569220 3908.586089 3901.945571 3928.271066 3943.869911 3936.185688 3914.101422 3914.876615 3923.748034 3953.766447 3903.020736 3836.936875 3800.954269 3819.121451 3799.677300 3776.134264 3767.061793 3768.817884 3789.751066 3779.007877 3746.066973 3713.756978 3702.345326 3686.138664 3708.435195 3732.431738 3779.381204 3819.890609 3850.211451 3849.882970 3832.866998 -9999.0 -9999.0 -9999.0 -9999.0 -9999.0 -9999.0 -9999.0 -9999.0 -9999.0 -9999.0
-9999.0 -9999.0 -9999.0 -9999.0 -9999.0 -9999.0 3499.649945 3510.128487 3530.663453 3532.584282 3558.884426 3563.368826 3581.436830 3597.770567 3619.076094 3630.680260 3654.188148 3683.018993 3717.579026 3753.634169 3779.902987 3766.716338 3771.041408 3788.060131 3812.113707 3828.804710 3850.885006 3888.410927 3960.497695 3996.321156 3986.204595 3986.308292 3994.319182 4045.077167 4109.149650 4119.218139 4098.423791 4085.711595 4110.291893 4148.454527 4145.427553 4144.108622 4158.162951 4169.428921 4196.387350 4184.760314 4148.888619 4144.988002 4153.335791 4128.857976 4057.790318 4001.438815 3985.158805 3938.095691 3854.018725 3813.412316 3840.760359 3870.691406 3850.562537 3801.994392 3771.367886 3767.246621 3757.331316 3752.089320 3766.156492 3790.232077 3814.810285 3829.440452 3818.034003 3797.502206 3776.269685 3748.437872 3751.419762 3776.480530 -9999.0 -9999.0 -9999.0 -9999.0 -9999.0 -9999.0
-9999.0 -9999.0 -9999.0 -9999.0 3450.574057 3463.127944 3447.417087 3473.329626 3504.604276 3537.503414 3563.631243 3593.808734 3615.625918 3641.089387 3672.259276 3691.350730 3721.131835 3749.335825 3794.976460 3854.666939 3897.597581 3909.066395 3916.679038 3966.942776 4022.785087 4069.092231 4087.780382 4114.041832 4161.478836 4218.359781 4240.244627 4242.497085 4259.474374 4304.619033 4363.022245 4398.757305 4380.756800 4371.357805 4382.416020 4397.556762 4419.721835 4419.755556 4420.902498 4425.512869 4433.813291 4431.618860 4404.061937 4370.189374 4357.066616 4346.503567 4306.190155 4232.753238 4203.639496 4173.752322 4128.109598 4072.687524 4028.445745 4032.481246 3977.312966 3921.704742 3873.666687 3868.144949 3849.609638 3835.233564 3819.858639 3833.934918 3847.324890 3833.141657 3803.548178 3774.794350 3762.334087 3745.175218 3733.971380 3765.508604 3783.588188 3812.991641 -9999.0 -9999.0 -9999.0 -9999.0
-9999.0 -9999.0 3392.217810 3436.482787 3492.991211 3497.962666 3489.189036 3490.723696 3515.897613 3563.802193 3623.226270 3657.252677 3683.110201 3712.511474 3761.340901 3820.071005 3878.138260 3920.230087 3978.767413 4048.724378 4107.905265 4134.163211 4142.368524 4178.463723 4234.259020 4305.657614 4334.532472 4361.693879 4394.581234 4432.441061 4420.475313 4430.555724 4443.816466 4458.615030 4475.466853 4483.606760 4478.371798 4473.686878 4454.905997 4449.390432 4455.807444 4464.502586 4463.001746 4448.050507 4444.059159 4459.344668 4466.044657 4463.648195 4460.246432 4464.711170 4458.510932 4407.938887 4394.232391 4378.391154 4365.619661 4318.465513 4250.456144 4218.999877 4196.427981 4154.183921 4080.144147 4044.441189 4006.030084 3972.629670 3936.578762 3925.581467 3894.779694 3863.636848 3825.721433 3785.589886 3767.148197 3753.573355 3753.620843 3754.459910 3772.579700 3788.400154 3804.468485 3812.590333 -9999.0 -9999.0
-9999.0 3281.150434 3351.423407 3471.365998 3547.815277 3582.300332 3585.692912 3584.449001 3608.631001 3641.952696 3725.151359 3767.895740 3850.374510 3888.878765 3928.431392 4018.361585 4114.463879 4158.894991 4199.181587 4265.361826 4333.150860 4381.212280 4408.037789 4380.912011 4422.154084 4455.598243 4464.946334 4472.867960 4473.826464 4465.218139 4459.120843 4465.637427 4462.458184 4442.824829 4426.320395 4424.401539 4420.896082 4397.181896 4369.341227 4353.407131 4354.348277 4379.811868 4366.321280 4344.749957 4340.255024 4362.222242 4384.341604 4373.386207 4360.099656 4376.819264 4411.997419 4438.064825 4437.511394 4456.526331 4477.755255 4447.940630 4427.870444 4382.869021 4365.560182 4339.816200 4281.817549 4226.884130 4178.330031 4130.071063 4078.233149 4030.594187 3983.438520 3936.592767 3884.118986 3851.801695 3828.218393 3786.648760 3775.293042 3782.574157 3778.292874 3777.050234 3783.807916 3790.445866 -9999.0 -9999.0
-9999.0 3181.155137 3318.670715 3493.873442 3634.564768 3671.248481 3725.009248 3776.632498 3788.413961 3728.674713 3830.073888 4048.996574 4177.061136 4196.172752 4273.926269 4372.089952 4348.679731 4380.984540 4405.174729 4434.650952 4458.274981 4473.861528 4472.468758 4467.669427 4450.889775 4442.817380 4441.859338 4439.649280 4421.903169 4402.635002 4385.596480 4382.115600 4363.559077 4312.309689 4278.430407 4260.207255 4239.741508 4226.779472 4200.034232 4173.648811 4156.333464 4165.450750 4164.745811 4151.954137 4147.557351 4165.198136 4196.170120 4195.159000 4208.380299 4228.288640 4263.856368 4302.883169 4322.369546 4351.921193 4387.945759 4437.278694 4445.022107 4467.733365 4470.326824 4461.355095 4413.710677 4361.340490 4331.587806 4275.544877 4215.903414 4154.133681 4104.827131 4060.050681 4004.580651 3971.170653 3932.616725 3879.289129 3838.058164 3832.696484 3800.100277 3788.127489 -9999.0 -9999.0 -9999.0 -9999.0
-9999.0 3073.566384 3250.127951 3483.602896 3780.599406 3845.293977 4048.717436 4163.207986 4201.016265 4270.009751 4133.543847 4354.125449 4411.627831 4407.843491 4427.965303 4431.879360 4446.688971 4445.780694 4440.681188 4429.474796 4419.623468 4414.847807 4413.873786 4405.909115 4393.165023 4378.410210 4366.330333 4354.577093 4317.251131 4284.739814 4244.058380 4231.155153 4184.451044 4091.587044 4052.957142 4013.098207 3950.536989 3954.015361 3963.635635 3940.097576 3920.118422 3890.158339 3921.376393 3933.599064 3938.340408 3932.444867 3941.009676 3971.279753 4020.622672 4055.457899 4094.319414 4142.666978 4173.595090 4212.986520 4252.507240 4305.182471 4336.943154 4366.125574 4416.082168 4453.341863 4476.298874 4461.563941 4444.002476 4398.053614 4337.328191 4287.707373 4258.186078 4206.962914 4163.189019 4119.865202 4073.441617 4020.755587 3959.253169 3909.896534 3876.765306 -9999.0 -9999.0 -9999.0 -9999.0 -9999.0
-9999.0 2842.105099 3102.882009 3362.007793 3627.362021 3974.064984 4156.706948 4248.262017 4312.882645 4300.489775 4328.252598 4333.426791 4371.033909 4378.996444 4357.717005 4343.243942 4324.747804 4323.657926 4336.799289 4309.033946 4278.228117 4264.579824 4265.552262 4254.877040 4230.653290 4215.810942 4206.609199 4187.713503 4144.546373 4093.606529 4008.259889 3971.884366 3891.580570 3855.767667 3820.413575 3773.631190 3730.091523 3736.875216 3762.953912 3754.974150 3734.606408 3718.004346 3748.025230 3769.634137 3783.192432 3766.161079 3772.549563 3806.937075 3853.237923 3893.578669 3937.075343 3984.840009 4027.009675 4065.631089 4085.403537 4123.719530 4166.042553 4207.887934 4278.608461 4358.381226 4395.269950 4430.522199 4458.687777 4480.919454 4437.600816 4411.948775 4387.753496 4363.719904 4316.905462 4271.171775 4230.590552 4164.970117 4105.404136 -9999.0 -9999.0 -9999.0 -9999.0 -9999.0 -9999.0 -9999.0
-9999.0 2744.404564 2918.799552 3097.897930 3336.484476 3564.625671 3794.410091 3884.456438 3955.596700 4035.364218 4093.930145 4133.369035 4159.177166 4181.184927 4158.741046 4111.503700 4078.671497 4083.864850 4073.972256 4053.497187 4026.099777 4013.500874 4010.653749 4006.221618 3985.513173 3975.893299 3969.580951 3951.963281 3927.660702 3874.897118 3804.754931 3731.064401 3678.733244 3661.892154 3640.947399 3615.579314 3591.137984 3605.264381 3617.998063 3618.975456 3613.619683 3614.740472 3643.776772 3663.923066 3673.322186 3662.769890 3680.839797 3703.292578 3739.359978 3778.156134 3822.327055 3871.933203 3919.936123 3938.938073 3939.443079 3948.962745 3975.306602 4017.779813 4093.715095 4180.031246 4259.483030 4305.703552 4357.040665 4397.750574 4426.767407 4450.063916 4473.702758 4467.712202 4440.974797 4407.142569 4347.363355 -9999.0 -9999.0 -9999.0 -9999.0 -9999.0 -9999.0 -9999.0 -9999.0 -9999.0
-9999.0 -9999.0 2709.154161 2838.060961 2921.830308 3073.140583 3209.289610 3313.566703 3417.348826 3565.276520 3691.872625 3788.168805 3835.687449 3851.484225 3838.105861 3811.056162 3794.933652 3794.445892 3782.384203 3777.191763 3764.324143 3759.745524 3747.663469 3740.611053 3738.213116 3738.996311 3737.704838 3730.549802 3715.316727 3675.466964 3641.672338 3599.353250 3555.155018 3535.141877 3518.691990 3503.606453 3509.732011 3505.115026 3511.047084 3514.715723 3525.403630 3540.237675 3559.504221 3582.499693 3592.171942 3602.725072 3613.140580 3634.176240 3663.320119 3702.945487 3753.780196 3808.188581 3843.530693 3849.467388 3830.098166 3823.435461 3829.619266 3856.560699 3917.418461 3985.319411 4076.020897 4142.195846 4209.335687 4265.968925 4293.113560 4329.515465 4400.993724 4449.114144 4493.124716 4470.635475 -9999.0 -9999.0 -9999.0 -9999.0 -9999.0 -9999.0 -9999.0 -9999.0 -9999.0 -9999.0
-9999.0 -9999.0 -9999.0 -9999.0 2719.809077 2836.307351 2930.693608 3001.792582 3134.526807 3265.579839 3371.675685 3459.783664 3530.781706 3557.159116 3560.099017 3580.264811 3580.502475 3570.555799 3559.462148 3566.197009 3573.062170 3567.544091 3550.356257 3545.185971 3550.934370 3560.903101 3560.764871 3549.774167 3533.481450 3523.442021 3514.404306 3486.638124 3457.246436 3432.190520 3422.430743 3421.765120 3423.331845 3416.236069 3425.311664 3435.367889 3451.945806 3467.280001 3490.789770 3520.751876 3535.744561 3550.304454 3558.371798 3576.057862 3604.130850 3655.119338 3716.390862 3772.668071 3806.402954 3806.181321 3776.834085 3754.099270 3740.176609 3756.049834 3783.235545 3831.926300 3920.427821 3982.234733 4026.093427 4063.680469 4099.989226 4166.284900 4262.866996 4345.203906 -9999.0 -9999.0 -9999.0 -9999.0 -9999.0 -9999.0 -9999.0 -9999.0 -9999.0 -9999.0 -9999.0 -9999.0
-9999.0 -9999.0 -9999.0 -9999.0 -9999.0 -9999.0 2703.516438 2811.657908 2836.327387 2986.942992 3135.664881 3243.912651 3328.001411 3365.394996 3401.902450 3433.707775 3435.195059 3414.497074 3391.981945 3415.158472 3436.579910 3430.440922 3397.686733 3400.638699 3409.634153 3418.902069 3418.100256 3414.495256 3392.568749 3413.596520 3421.919148 3402.310958 3379.964739 3370.328965 3360.979838 3372.700965 3374.150931 3360.520407 3359.637099 3388.597541 3410.370318 3423.344999 3444.161483 3477.380865 3509.850687 3525.520723 3525.986510 3529.880531 3565.186463 3632.653094 3703.374229 3758.343581 3789.176957 3793.379396 3761.968145 3716.447245 3689.489039 3687.118379 3709.869095 3747.264445 3807.019694 3841.907571 3850.373403 3848.441666 3858.529993 3959.692688 -9999.0 -9999.0 -9999.0 -9999.0 -9999.0 -9999.0 -9999.0 -9999.0 -9999.0 -9999.0 -9999.0 -9999.0 -9999.0 -9999.0
-9999.0 -9999.0 -9999.0 -9999.0 -9999.0 -9999.0 -9999.0 -9999.0 -9999.0 -9999.0 -9999.0 -9999.0 -9999.0 -9999.0 -9999.0 -9999.0 -9999.0 -9999.0 -9999.0 -9999.0 -9999.0 -9999.0 -9999.0 -9999.0 -9999.0 -9999.0 -9999.0 -9999.0 -9999.0 -9999.0 -9999.0 -9999.0 -9999.0 -9999.0 -9999.0 -9999.0 -9999.0 -9999.0 -9999.0 -9999.0 -9999.0 -9999.0 -9999.0 -9999.0 -9999.0 -9999.0 -9999.0 -9999.0 -9999.0 -9999.0 -9999.0 -9999.0 -9999.0 -9999.0 -9999.0 -9999.0 -9999.0 -9999.0 -9999.0 -9999.0 -9999.0 -9999.0 -9999.0 -9999.0 -9999.0 -9999.0 -9999.0 -9999.0 -9999.0 -9999.0 -9999.0 -9999.0 -9999.0 -9999.0 -9999.0 -9999.0 -9999.0 -9999.0 -9999.0 -9999.0
-9999.0 -9999.0 -9999.0 -9999.0 -9999.0 -9999.0 -9999.0 -9999.0 -9999.0 -9999.0 -9999.0 -9999.0 -9999.0 -9999.0 -9999.0 -9999.0 -9999.0 -9999.0 -9999.0 -9999.0 -9999.0 -9999.0 -9999.0 -9999.0 -9999.0 -9999.0 -9999.0 -9999.0 -9999.0 -9999.0 -9999.0 -9999.0 -9999.0 -9999.0 -9999.0 -9999.0 -9999.0 -9999.0 -9999.0 -9999.0 -9999.0 -9999.0 -9999.0 -9999.0 -9999.0 -9999.0 -9999.0 -9999.0 -9999.0 -9999.0 -9999.0 -9999.0 -9999.0 -9999.0 -9999.0 -9999.0 -9999.0 -9999.0 -9999.0 -9999.0 -9999.0 -9999.0 -9999.0 -9999.0 -9999.0 -9999.0 -9999.0 -9999.0 -9999.0 -9999.0 -9999.0 -9999.0 -9999.0 -9999.0 -9999.0 -9999.0 -9999.0 -9999.0 -9999.0 -9999.0