Borden_/Borden1m_014/output_maps/psiliqL0022N0007.asc
ncols         80
nrows         18
xllcorner     620200.000000
yllcorner     5168000.000000
cellsize      1.000000
NODATA_value  -9999.0
-9999.0 -9999.0 -9999.0 -9999.0 -9999.0 -9999.0 -9999.0 -9999.0 -9999.0 -9999.0 -9999.0 -9999.0 -9999.0 -9999.0 -9999.0 -9999.0 -9999.0 -9999.0 -9999.0 -9999.0 -9999.0 -9999.0 -9999.0 -9999.0 -9999.0 -9999.0 -9999.0 -9999.0 -9999.0 -9999.0 -9999.0 -9999.0 -9999.0 -9999.0 -9999.0 -9999.0 -9999.0 -9999.0 -9999.0 -9999.0 -9999.0 -9999.0 -9999.0 -9999.0 -9999.0 -9999.0 -9999.0 -9999.0 -9999.0 -9999.0 -9999.0 -9999.0 -9999.0 -9999.0 -9999.0 -9999.0 -9999.0 -9999.0 -9999.0 -9999.0 -9999.0 -9999.0 -9999.0 -9999.0 -9999.0 -9999.0 -9999.0 -9999.0 -9999.0 -9999.0 -9999.0 -9999.0 -9999.0 -9999.0 -9999.0 -9999.0 -9999.0 -9999.0 -9999.0 -9999.0
-9999.0 -9999.0 -9999.0 -9999.0 -9999.0 -9999.0 -9999.0 -9999.0 -9999.0 -9999.0 -9999.0 -9999.0 -9999.0 -9999.0 -9999.0 -9999.0 -9999.0 -9999.0 -9999.0 -9999.0 -9999.0 -9999.0 -9999.0 -9999.0 -9999.0 -9999.0 -9999.0 -9999.0 -9999.0 -9999.0 -9999.0 -9999.0 -9999.0 -9999.0 -9999.0 -9999.0 -9999.0 -9999.0 -9999.0 -9999.0 -9999.0 -9999.0 -9999.0 -9999.0 -9999.0 -9999.0 -9999.0 -9999.0 -9999.0 -9999.0 -9999.0 -9999.0 -9999.0 -9999.0 -9999.0 -9999.0 -9999.0 -9999.0 -9999.0 -9999.0 -9999.0 -9999.0 -9999.0 -9999.0 -9999.0 -9999.0 -9999.0 -9999.0 -9999.0 -9999.0 -9999.0 -9999.0 -9999.0 -9999.0 -9999.0 -9999.0 -9999.0 -9999.0 -9999.0 -9999.0
-9999.0 -9999.0 -9999.0 -9999.0 -9999.0 -9999.0 -9999.0 -9999.0 -9999.0 -9999.0 -9999.0 -9999.0 -9999.0 -9999.0 -9999.0 -9999.0 -9999.0 -9999.0 -9999.0 -9999.0 2546.457537 2548.597776 2527.759869 2494.987075 2468.254130 2471.823353 2507.000724 2549.422773 2589.651593 2599.312600 2582.017401 2586.822995 2583.910309 2581.976366 2584.979043 2594.567308 2602.855944 2614.533663 2624.084413 2624.646337 2619.670298 2616.031349 2618.607693 2620.958023 2626.884353 2613.278353 2627.904572 2642.205961 2644.375705 2637.313609 2608.865958 2592.625177 2581.435064 2563.370325 2586.903673 2596.451627 2616.566881 2618.663850 2614.960066 2587.126603 2556.348993 -9999.0 -9999.0 -9999.0 -9999.0 -9999.0 -9999.0 -9999.0 -9999.0 -9999.0 -9999.0 -9999.0 -9999.0 -9999.0 -9999.0 -9999.0 -9999.0 -9999.0 -9999.0 -9999.0
-9999.0 -9999.0 -9999.0 -9999.0 -9999.0 -9999.0 -9999.0 -9999.0 -9999.0 -9999.0 -9999.0 -9999.0 -9999.0 -9999.0 2453.173176 2444.941088 2443.308019 2452.316132 2486.449621 2517.729665 2529.701750 2523.367043 2524.409931 2501.366853 2480.820534 2495.726673 2527.189789 2559.328088 2594.426082 2614.020443 2604.280719 2603.325542 2612.982969 2637.733529 2650.256359 2649.431010 2632.520050 2659.556804 2676.302174 2684.668120 2685.318824 2677.327473 2687.699541 2702.289537 2695.241281 2679.370957 2688.311818 2700.796446 2708.947837 2694.622032 2628.922477 2610.782624 2604.099816 2596.761337 2581.051452 2574.469345 2599.503897 2596.118624 2586.349633 2567.363885 2533.037127 2487.393754 2466.961251 2505.077067 2547.145736 2602.035184 -9999.0 -9999.0 -9999.0 -9999.0 -9999.0 -9999.0 -9999.0 -9999.0 -9999.0 -9999.0 -9999.0 -9999.0 -9999.0 -9999.0
-9999.0 -9999.0 -9999.0 -9999.0 -9999.0 -9999.0 -9999.0 -9999.0 -9999.0 2393.123096 2399.324517 2407.547601 2411.303182 2427.718199 2425.214946 2433.338666 2439.844959 2468.601100 2500.107840 2535.694075 2564.379472 2557.725508 2557.991559 2565.147501 2564.267334 2575.795185 2599.372226 2641.457649 2675.529740 2713.767640 2683.213817 2680.887114 2701.462754 2748.326531 2778.761120 2785.567186 2769.515129 2786.188623 2813.538992 2834.535676 2834.484534 2830.892173 2854.889867 2869.387842 2865.524808 2845.021746 2842.319345 2846.396005 2870.836877 2814.508066 2742.076043 2694.658600 2703.086302 2678.172275 2645.700604 2626.720468 2623.144627 2641.066771 2625.455305 2587.197002 2551.311177 2537.480814 2517.860745 2535.079843 2555.846122 2599.735261 2637.652613 2665.185032 2663.034641 2644.605110 -9999.0 -9999.0 -9999.0 -9999.0 -9999.0 -9999.0 -9999.0 -9999.0 -9999.0 -9999.0
-9999.0 -9999.0 -9999.0 -9999.0 -9999.0 -9999.0 2312.408684 2323.694901 2345.716400 2350.136197 2377.668326 2385.002229 2406.212117 2425.711098 2448.817213 2464.618785 2493.337158 2526.238344 2565.160853 2606.962992 2640.453644 2633.365809 2644.212852 2667.070272 2699.817311 2725.349935 2753.257942 2796.095363 2788.803394 2824.960471 2821.084465 2822.529696 2830.815387 2880.126654 2943.524642 2955.371293 2934.977463 2921.479818 2943.659587 2980.003458 2979.828269 2978.943856 2984.294282 2994.395649 3020.943811 3011.240583 2981.794313 2974.269433 2978.588166 2958.499072 2893.117790 2835.332389 2813.727727 2855.174277 2770.670126 2718.939169 2731.862490 2752.323550 2724.798599 2672.113970 2631.260851 2620.039187 2603.603396 2590.917510 2598.349663 2617.112807 2637.641169 2647.962769 2633.372760 2610.492704 2586.986506 2557.216862 2558.323134 2582.534270 -9999.0 -9999.0 -9999.0 -9999.0 -9999.0 -9999.0
-9999.0 -9999.0 -9999.0 -9999.0 2260.801730 2274.799828 2262.356093 2290.002008 2324.268213 2360.119849 2391.013497 2427.119701 2454.089497 2484.163934 2521.162076 2549.569318 2587.723535 2621.912518 2674.878405 2742.754239 2794.744289 2816.728452 2831.328151 2798.975679 2855.059131 2902.738559 2921.289256 2946.516591 2983.213359 3038.698202 3061.260059 3064.693211 3081.470543 3121.833504 3174.810314 3208.681180 3191.571095 3183.111397 3191.742241 3204.774288 3226.879649 3226.997043 3228.058655 3231.494529 3238.194099 3237.073115 3211.958342 3179.227783 3166.824461 3157.419386 3122.836572 3052.993345 3021.444338 2994.370350 2962.775774 2910.551929 2859.043805 2856.243381 2803.126635 2831.669418 2771.604224 2752.386402 2722.343455 2697.537365 2672.394017 2676.122278 2680.482132 2659.605535 2625.252308 2591.492660 2575.454334 2555.363676 2542.427808 2571.883304 2588.466265 2617.543314 -9999.0 -9999.0 -9999.0 -9999.0
-9999.0 -9999.0 2199.528062 2246.758270 2305.138337 2313.974513 2312.029635 2318.650972 2348.805846 2402.282810 2473.025087 2517.177134 2553.480961 2587.898339 2646.368693 2716.150089 2784.263570 2831.411944 2811.637536 2879.145086 2937.673455 2965.077854 2974.973701 3003.069178 3055.767619 3121.233319 3147.920717 3173.294347 3203.089743 3237.430829 3235.161258 3246.753121 3257.894603 3267.566751 3279.674279 3285.270474 3280.940486 3276.458408 3258.217162 3253.548022 3260.134199 3267.142176 3266.898426 3252.636922 3248.694503 3263.261131 3268.793597 3267.182594 3265.204933 3270.750188 3268.777996 3223.716075 3200.319072 3186.020975 3176.212553 3131.556975 3066.884797 3033.362888 3013.682431 2981.046530 2908.469814 2868.407439 2827.778142 2791.625738 2814.869064 2789.197393 2745.679473 2705.561844 2659.067483 2611.573625 2586.209093 2567.584140 2564.020938 2562.249614 2578.074857 2592.436831 2607.362287 2614.935035 -9999.0 -9999.0
-9999.0 2091.366195 2163.189639 2287.263545 2367.394648 2409.838466 2429.951324 2443.884797 2475.067342 2510.957479 2607.575308 2675.914419 2764.826656 2806.188515 2853.929908 2861.529286 2952.375203 2988.121257 3024.351911 3083.731397 3145.984631 3191.161211 3216.643063 3205.040007 3241.744976 3265.373955 3271.485355 3277.024626 3275.531737 3267.170734 3260.059074 3266.961920 3264.309117 3245.764014 3230.291959 3228.773426 3225.514252 3202.756572 3175.963926 3161.146557 3163.186396 3187.153436 3174.811661 3153.726844 3149.424384 3170.644721 3190.669105 3180.353362 3167.705210 3183.783444 3217.554674 3240.712278 3244.518168 3262.298762 3283.236930 3255.391956 3232.061229 3189.945809 3173.930857 3149.016257 3093.923731 3039.392958 2992.220248 2949.270880 2895.984557 2845.003727 2796.677317 2800.566440 2736.627199 2694.351785 2662.298003 2611.761062 2591.607761 2593.482950 2584.827737 2581.626989 2586.840555 2592.837465 -9999.0 -9999.0
-9999.0 2000.227661 2140.524585 2321.289728 2468.300542 2518.813583 2598.331615 2669.059492 2694.423033 2654.563047 2765.578533 2904.571168 3010.246231 3024.564338 3095.867261 3184.977928 3177.561504 3207.199709 3228.676102 3248.265268 3264.134587 3276.272179 3273.986700 3268.194186 3252.155012 3244.254371 3243.495821 3241.543562 3224.674577 3206.194632 3189.750322 3187.104965 3170.421651 3123.878190 3091.754613 3075.520588 3058.976053 3044.830568 3016.861350 2991.760550 2983.124557 2989.103048 2985.613517 2977.323928 2972.929039 2985.480251 3016.152969 3012.486122 3021.851131 3040.932047 3076.126414 3112.790237 3131.638887 3159.966508 3194.571517 3240.257323 3250.734620 3272.697652 3276.199189 3263.260183 3218.563847 3168.790316 3140.038352 3085.970880 3026.695879 2970.856632 2921.984107 2876.824644 2821.707085 2786.565849 2782.468941 2720.125291 2667.415830 2649.820852 2611.415103 2594.238874 -9999.0 -9999.0 -9999.0 -9999.0
-9999.0 1905.571446 2087.836606 2333.574821 2624.368581 2713.754724 2883.451295 2992.951521 3032.220668 3095.860258 3006.111761 3187.170353 3231.782213 3224.672818 3232.792823 3234.731771 3248.088947 3247.913209 3242.875035 3232.196422 3223.073224 3218.860791 3217.652928 3209.829823 3197.413471 3183.035917 3171.745196 3160.857936 3125.413087 3094.487176 3057.792416 3046.040794 3005.350924 2921.769054 2882.858577 2846.485136 2788.759901 2789.678547 2793.806727 2859.837263 2843.410542 2816.379451 2844.046222 2856.015261 2859.749550 2854.953832 2866.169146 2798.857623 2843.758296 2877.069255 2915.835984 2962.854880 2986.301043 3024.697645 3064.673668 3116.066322 3146.040200 3174.304470 3220.942645 3257.476911 3279.775359 3266.962483 3246.610391 3204.210347 3145.295076 3096.610093 3068.743794 3019.812025 2980.289427 2936.075413 2889.567447 2836.657543 2801.560082 2733.459468 2693.725001 -9999.0 -9999.0 -9999.0 -9999.0 -9999.0
-9999.0 1696.955480 1961.845748 2235.047427 2523.921065 2839.258881 2988.228128 3086.043884 3146.222673 3120.301723 3135.298415 3143.790594 3179.646581 3185.579226 3164.206792 3151.534495 3135.540946 3134.455849 3147.377364 3120.845853 3091.652731 3078.891188 3079.663626 3068.944171 3045.832534 3030.935830 3021.576081 3004.131282 2967.648876 2918.898920 2837.590736 2806.716254 2809.023103 2761.597313 2718.415855 2667.763996 2618.617053 2622.190673 2646.712592 2637.877408 2617.898542 2600.815125 2629.786969 2652.152261 2665.378779 2650.272407 2657.151954 2689.655777 2737.405538 2780.576320 2828.863006 2802.857202 2843.373782 2883.212542 2906.106961 2947.242257 2982.387718 3023.014629 3091.556091 3167.018733 3200.692460 3234.036597 3264.302183 3285.557156 3243.573756 3216.087956 3193.350485 3171.240061 3126.329679 3081.745279 3041.293306 2978.848835 2920.886422 -9999.0 -9999.0 -9999.0 -9999.0 -9999.0 -9999.0 -9999.0
-9999.0 1579.877619 1781.254347 1984.935834 2246.108781 2480.784987 2698.651735 2800.851467 2824.267406 2881.134096 2927.142235 2962.140142 2983.132494 3003.771674 2980.955976 2942.736752 2911.656151 2916.185349 2909.019701 2887.465066 2859.838865 2846.850070 2844.783177 2839.824862 2818.287416 2807.441312 2800.444175 2864.355044 2834.336555 2775.737782 2696.574235 2618.168368 2560.605795 2534.367482 2506.975941 2476.708869 2447.237363 2459.437412 2471.760875 2472.393198 2465.371149 2464.893656 2494.026542 2512.792536 2522.413120 2511.257690 2529.733819 2554.018683 2592.986746 2635.930043 2683.990412 2736.833992 2790.415234 2818.104682 2829.577549 2851.656814 2799.108459 2843.076952 2919.623528 2998.073197 3071.856623 3115.676007 3165.155790 3203.343717 3229.745913 3257.666199 3277.651547 3268.871919 3244.462309 3212.077658 3155.553728 -9999.0 -9999.0 -9999.0 -9999.0 -9999.0 -9999.0 -9999.0 -9999.0 -9999.0
-9999.0 -9999.0 1552.730941 1712.982690 1823.028351 1990.520268 2135.372031 2244.847801 2345.038032 2483.494208 2606.450042 2704.912558 2753.295389 2771.359020 2757.252008 2726.459365 2704.187131 2700.581303 2687.291169 2678.338335 2661.724903 2655.512133 2642.936842 2635.636273 2629.865843 2627.565348 2623.866206 2615.027283 2594.693096 2548.781938 2505.228038 2456.900988 2405.926596 2381.456355 2360.753338 2341.421474 2343.391206 2338.890626 2344.634782 2347.626257 2356.727474 2370.618187 2390.374874 2413.143600 2422.913509 2432.656643 2444.176692 2466.691122 2498.086857 2538.999299 2592.186353 2650.570535 2690.548467 2702.782850 2691.766158 2694.841277 2710.871968 2750.602151 2826.483084 2812.507113 2900.003278 2964.168586 3023.678439 3078.051989 3103.700141 3140.011779 3207.505466 3255.340686 3294.710329 3272.485895 -9999.0 -9999.0 -9999.0 -9999.0 -9999.0 -9999.0 -9999.0 -9999.0 -9999.0 -9999.0
-9999.0 -9999.0 -9999.0 -9999.0 1571.776926 1720.927705 1817.856310 1898.783555 2032.101397 2161.469576 2268.946663 2357.625533 2426.165532 2454.287204 2453.443108 2464.786673 2460.428616 2450.387287 2438.568564 2440.564570 2443.103789 2436.762821 2421.771472 2415.807829 2419.193669 2426.376540 2424.424457 2411.174160 2392.646571 2374.466469 2357.914304 2325.334842 2291.482840 2263.039781 2250.410976 2246.340863 2246.475123 2239.214457 2248.023583 2256.762502 2272.732748 2288.059672 2311.655646 2340.852239 2355.174106 2369.891010 2378.927693 2398.237593 2428.023055 2480.684949 2543.722803 2601.320436 2638.252262 2642.599857 2618.208999 2601.888765 2596.474578 2622.120335 2663.998732 2725.907382 2826.312963 2803.457905 2850.589073 2891.045493 2927.513873 2983.743727 3074.482239 3153.685840 -9999.0 -9999.0 -9999.0 -9999.0 -9999.0 -9999.0 -9999.0 -9999.0 -9999.0 -9999.0 -9999.0 -9999.0
-9999.0 -9999.0 -9999.0 -9999.0 -9999.0 -9999.0 1541.263389 1645.674693 1718.299149 1867.335560 2009.187227 2116.616751 2200.468772 2235.547890 2266.704252 2294.888301 2293.186015 2272.288367 2250.523565 2270.733594 2287.960074 2282.135338 2251.497820 2253.008653 2259.875890 2268.376987 2266.292093 2260.333526 2235.525403 2250.117322 2252.981267 2230.135883 2204.707935 2191.728942 2180.230876 2190.184738 2190.548656 2176.683776 2176.463354 2204.280375 2225.280226 2238.350602 2259.653335 2292.780601 2325.181313 2340.674544 2341.730707 2346.929391 2384.794980 2454.163263 2525.984121 2581.850134 2614.749649 2622.817633 2596.558009 2556.262249 2535.679721 2541.632258 2574.146207 2623.208913 2697.304873 2745.172258 2769.876218 2784.039591 2806.134645 2789.226319 -9999.0 -9999.0 -9999.0 -9999.0 -9999.0 -9999.0 -9999.0 -9999.0 -9999.0 -9999.0 -9999.0 -9999.0 -9999.0 -9999.0
-9999.0 -9999.0 -9999.0 -9999.0 -9999.0 -9999.0 -9999.0 -9999.0 -9999.0 -9999.0 -9999.0 -9999.0 -9999.0 -9999.0 -9999.0 -9999.0 -9999.0 -9999.0 -9999.0 -9999.0 -9999.0 -9999.0 -9999.0 -9999.0 -9999.0 -9999.0 -9999.0 -9999.0 -9999.0 -9999.0 -9999.0 -9999.0 -9999.0 -9999.0 -9999.0 -9999.0 -9999.0 -9999.0 -9999.0 -9999.0 -9999.0 -9999.0 -9999.0 -9999.0 -9999.0 -9999.0 -9999.0 -9999.0 -9999.0 -9999.0 -9999.0 -9999.0 -9999.0 -9999.0 -9999.0 -9999.0 -9999.0 -9999.0 -9999.0 -9999.0 -9999.0 -9999.0 -9999.0 -9999.0 -9999.0 -9999.0 -9999.0 -9999.0 -9999.0 -9999.0 -9999.0 -9999.0 -9999.0 -9999.0 -9999.0 -9999.0 -9999.0 -9999.0 -9999.0 -9999.0
-9999.0 -9999.0 -9999.0 -9999.0 -9999.0 -9999.0 -9999.0 -9999.0 -9999.0 -9999.0 -9999.0 -9999.0 -9999.0 -9999.0 -9999.0 -9999.0 -9999.0 -9999.0 -9999.0 -9999.0 -9999.0 -9999.0 -9999.0 -9999.0 -9999.0 -9999.0 -9999.0 -9999.0 -9999.0 -9999.0 -9999.0 -9999.0 -9999.0 -9999.0 -9999.0 -9999.0 -9999.0 -9999.0 -9999.0 -9999.0 -9999.0 -9999.0 -9999.0 -9999.0 -9999.0 -9999.0 -9999.0 -9999.0 -9999.0 -9999.0 -9999.0 -9999.0 -9999.0 -9999.0 -9999.0 -9999.0 -9999.0 -9999.0 -9999.0 -9999.0 -9999.0 -9999.0 -9999.0 -9999.0 -9999.0 -9999.0 -9999.0 -9999.0 -9999.0 -9999.0 -9999.0 -9999.0 -9999.0 -9999.0 -9999.0 -9999.0 -9999.0 -9999.0 -9999.0 -9999.0