Borden_/Borden1m_014/output_maps/psiliqL0011N0023.asc
ncols         80
nrows         18
xllcorner     620200.000000
yllcorner     5168000.000000
cellsize      1.000000
NODATA_value  -9999.0
-9999.0 -9999.0 -9999.0 -9999.0 -9999.0 -9999.0 -9999.0 -9999.0 -9999.0 -9999.0 -9999.0 -9999.0 -9999.0 -9999.0 -9999.0 -9999.0 -9999.0 -9999.0 -9999.0 -9999.0 -9999.0 -9999.0 -9999.0 -9999.0 -9999.0 -9999.0 -9999.0 -9999.0 -9999.0 -9999.0 -9999.0 -9999.0 -9999.0 -9999.0 -9999.0 -9999.0 -9999.0 -9999.0 -9999.0 -9999.0 -9999.0 -9999.0 -9999.0 -9999.0 -9999.0 -9999.0 -9999.0 -9999.0 -9999.0 -9999.0 -9999.0 -9999.0 -9999.0 -9999.0 -9999.0 -9999.0 -9999.0 -9999.0 -9999.0 -9999.0 -9999.0 -9999.0 -9999.0 -9999.0 -9999.0 -9999.0 -9999.0 -9999.0 -9999.0 -9999.0 -9999.0 -9999.0 -9999.0 -9999.0 -9999.0 -9999.0 -9999.0 -9999.0 -9999.0 -9999.0
-9999.0 -9999.0 -9999.0 -9999.0 -9999.0 -9999.0 -9999.0 -9999.0 -9999.0 -9999.0 -9999.0 -9999.0 -9999.0 -9999.0 -9999.0 -9999.0 -9999.0 -9999.0 -9999.0 -9999.0 -9999.0 -9999.0 -9999.0 -9999.0 -9999.0 -9999.0 -9999.0 -9999.0 -9999.0 -9999.0 -9999.0 -9999.0 -9999.0 -9999.0 -9999.0 -9999.0 -9999.0 -9999.0 -9999.0 -9999.0 -9999.0 -9999.0 -9999.0 -9999.0 -9999.0 -9999.0 -9999.0 -9999.0 -9999.0 -9999.0 -9999.0 -9999.0 -9999.0 -9999.0 -9999.0 -9999.0 -9999.0 -9999.0 -9999.0 -9999.0 -9999.0 -9999.0 -9999.0 -9999.0 -9999.0 -9999.0 -9999.0 -9999.0 -9999.0 -9999.0 -9999.0 -9999.0 -9999.0 -9999.0 -9999.0 -9999.0 -9999.0 -9999.0 -9999.0 -9999.0
-9999.0 -9999.0 -9999.0 -9999.0 -9999.0 -9999.0 -9999.0 -9999.0 -9999.0 -9999.0 -9999.0 -9999.0 -9999.0 -9999.0 -9999.0 -9999.0 -9999.0 -9999.0 -9999.0 -9999.0 338.729098 341.726684 319.717805 286.370979 258.739594 261.449430 296.986433 338.952017 378.011207 389.210087 372.178997 374.955830 370.902070 370.885594 374.152355 380.918201 384.586694 396.179826 404.992558 405.146061 399.526719 394.591652 394.590960 398.122205 403.174228 392.781681 405.819202 420.491806 425.670081 419.557388 391.280682 374.489436 364.796775 348.708970 372.095790 383.369058 405.446247 408.964557 406.835013 379.266091 348.867536 -9999.0 -9999.0 -9999.0 -9999.0 -9999.0 -9999.0 -9999.0 -9999.0 -9999.0 -9999.0 -9999.0 -9999.0 -9999.0 -9999.0 -9999.0 -9999.0 -9999.0 -9999.0 -9999.0
-9999.0 -9999.0 -9999.0 -9999.0 -9999.0 -9999.0 -9999.0 -9999.0 -9999.0 -9999.0 -9999.0 -9999.0 -9999.0 -9999.0 246.762488 237.196202 234.772625 243.821289 278.113888 308.685187 321.265146 314.229354 314.870238 292.095281 272.539967 287.460710 317.962552 350.647756 386.544860 408.506344 397.847585 396.570126 407.846495 435.293565 449.917239 447.843136 427.495382 450.727963 467.377727 477.376593 477.683161 470.104169 484.933326 501.625420 494.753741 476.231502 479.040595 489.922221 502.556903 486.447702 420.469308 398.547714 392.928184 384.425562 369.199779 361.567954 385.631020 385.283318 376.162684 357.446894 324.452816 280.048939 261.420315 299.478267 343.104976 400.330637 -9999.0 -9999.0 -9999.0 -9999.0 -9999.0 -9999.0 -9999.0 -9999.0 -9999.0 -9999.0 -9999.0 -9999.0 -9999.0 -9999.0
-9999.0 -9999.0 -9999.0 -9999.0 -9999.0 -9999.0 -9999.0 -9999.0 -9999.0 188.294375 192.587027 200.132749 202.609505 218.712121 217.115944 224.698890 232.890915 260.221817 292.174521 328.087521 357.644242 349.119639 350.809904 363.600231 370.481372 384.430305 407.320791 450.284450 495.289524 540.565267 514.982602 515.082544 536.589770 586.698716 623.932519 633.689388 614.231353 620.298414 646.934172 673.054465 675.777195 675.940484 703.345865 718.970081 722.467484 699.835049 680.019300 677.015784 701.742431 646.765124 578.349708 523.337478 521.503526 486.353719 443.142937 419.611175 415.096326 434.733713 417.787909 378.800293 341.173444 329.989428 312.157183 327.985278 349.655979 395.660167 433.813492 461.848447 461.282978 443.540159 -9999.0 -9999.0 -9999.0 -9999.0 -9999.0 -9999.0 -9999.0 -9999.0 -9999.0 -9999.0
-9999.0 -9999.0 -9999.0 -9999.0 -9999.0 -9999.0 109.235006 118.564061 138.790268 144.223381 169.396685 177.352612 198.498156 218.557430 240.484060 258.316947 290.097936 324.356255 367.439017 413.052201 447.316823 445.008301 458.555554 495.594105 541.092239 574.528260 601.743846 645.969447 732.292212 784.312195 800.145742 808.929111 821.271074 867.973543 931.257637 950.833634 926.344620 909.519995 928.314540 965.968798 981.045234 985.344206 995.446316 1004.903558 1029.983660 1018.609678 971.124437 951.603281 946.177810 931.868526 875.809087 812.607309 767.539243 708.870866 619.222109 558.774678 559.290979 572.752705 537.972289 479.674157 434.561966 421.560342 404.644118 388.995494 393.188131 411.207803 433.028949 443.422583 429.970996 408.546338 385.118057 355.908743 357.255975 382.284666 -9999.0 -9999.0 -9999.0 -9999.0 -9999.0 -9999.0
-9999.0 -9999.0 -9999.0 -9999.0 59.174726 71.983847 60.365195 84.924633 117.551483 151.632369 184.511954 222.582031 250.939710 282.438399 325.565012 364.406857 410.411859 449.878468 509.954047 583.267698 639.352409 669.969899 693.204632 763.021764 830.620567 883.596801 903.782078 931.778548 978.223858 1046.582276 1077.403712 1085.283727 1103.655003 1135.599602 1180.541527 1213.499314 1195.595702 1187.226449 1191.959885 1203.317647 1229.435083 1232.141385 1234.470391 1236.304168 1239.497435 1237.952112 1212.576966 1178.636135 1163.891124 1155.210123 1129.442348 1063.058096 1013.642707 978.932946 947.114304 898.535625 832.466479 808.873596 743.509708 677.622836 606.525571 578.451369 542.357483 511.584037 477.634735 475.592048 476.101710 454.122263 421.358433 388.205150 372.399451 353.056667 342.012174 371.487135 388.788384 419.267831 -9999.0 -9999.0 -9999.0 -9999.0
-9999.0 -9999.0 0.206147 49.797488 106.396492 115.520285 117.570845 123.614103 151.919747 204.249418 283.240146 337.324048 383.960984 419.887688 485.009809 572.846569 654.114924 711.943729 780.086103 851.983537 913.809474 951.118944 977.896039 1020.402089 1073.037401 1130.415458 1154.573808 1179.730290 1211.255641 1245.555544 1264.142847 1279.416369 1286.977682 1287.264188 1290.733839 1291.174582 1286.271570 1279.607470 1261.021415 1257.616801 1265.159843 1269.737738 1272.292784 1259.593422 1255.688718 1268.386937 1270.787088 1269.993677 1270.035974 1277.957901 1284.390485 1249.004824 1203.372432 1186.894749 1177.205143 1135.637268 1073.099657 1024.084593 996.978988 953.329734 876.472653 822.422268 764.518960 704.718592 643.443157 604.595659 552.088890 506.446262 457.757948 410.143560 385.263741 365.929473 362.703428 362.263857 377.807940 392.933848 408.039121 415.699375 -9999.0 -9999.0
-9999.0 -100.552158 -27.919103 99.414523 179.372665 225.344333 263.606980 291.608512 319.666934 342.040243 453.586735 557.839149 654.274286 695.720658 757.135446 859.708334 957.605900 1004.461526 1042.180125 1094.117269 1150.505808 1197.065983 1227.245481 1249.249468 1280.277235 1287.019672 1287.735998 1289.543404 1284.702363 1277.847618 1268.764372 1275.283251 1272.579728 1255.273744 1240.568092 1237.603371 1230.562809 1203.518000 1173.710767 1158.273809 1160.863291 1182.380068 1171.441837 1151.567416 1148.112922 1168.737588 1186.947876 1179.527476 1168.846884 1187.922281 1223.204303 1245.020895 1258.118520 1273.658495 1293.974730 1270.062125 1239.352260 1197.579902 1176.453971 1147.369230 1087.329503 1024.915000 969.005109 906.050091 838.088675 762.957141 690.259737 622.825808 551.421357 506.868925 472.672106 419.206353 394.999898 394.974505 384.876599 381.511315 387.375313 393.558015 -9999.0 -9999.0
-9999.0 -175.985551 -32.760067 153.114870 302.095997 366.114033 481.806024 567.459171 599.391347 578.056802 696.719502 922.297957 1015.109925 1032.548081 1102.527288 1185.409845 1216.288884 1247.278222 1267.975660 1272.012559 1275.232004 1282.955912 1281.552560 1275.817687 1262.035797 1254.183839 1252.684173 1249.062260 1230.228975 1210.387085 1191.817535 1186.504151 1169.301722 1129.591346 1098.574752 1082.129652 1064.595764 1035.821632 997.052478 967.654873 952.641811 969.363598 961.037183 944.060360 940.663687 963.763112 997.648478 994.980497 1004.155867 1028.897798 1071.024151 1113.671857 1137.590634 1167.913383 1204.620644 1247.733218 1265.250062 1285.928304 1290.447735 1269.366444 1226.461165 1175.664334 1140.728924 1075.720951 1002.772149 924.069446 860.365897 798.619212 722.991887 667.019259 612.421799 549.055619 487.629763 457.642809 416.084128 394.562818 -9999.0 -9999.0 -9999.0 -9999.0
-9999.0 -247.435705 -56.992833 206.552509 475.752841 604.541977 814.665577 947.308794 1013.801936 1071.807833 1082.833212 1207.143310 1237.887272 1232.635164 1224.871927 1228.424079 1243.761808 1248.281282 1245.403327 1236.158025 1226.631110 1221.623132 1220.095741 1212.270748 1200.078756 1184.418892 1170.461676 1155.668840 1113.710890 1079.467286 1044.907628 1027.369085 988.530499 899.828357 858.701937 825.030124 766.529613 753.240162 738.784019 704.428074 681.781952 662.882647 682.855385 684.719729 686.574144 694.439419 717.405012 743.168126 791.420046 831.437484 876.579860 929.730670 965.946737 1011.778759 1060.662831 1119.688910 1152.553365 1183.536677 1229.410974 1269.983541 1293.273966 1283.718154 1254.742626 1210.611321 1141.597010 1073.481331 1026.187137 957.779077 892.696939 837.521680 788.649647 728.483552 650.340615 550.743729 504.679661 -9999.0 -9999.0 -9999.0 -9999.0 -9999.0
-9999.0 -412.912193 -144.426003 149.765074 477.626992 806.806809 930.407982 1077.158437 1150.884708 1102.110886 1091.840982 1114.635761 1154.525600 1164.126417 1146.308510 1140.267674 1131.886029 1132.740099 1146.016224 1120.372253 1088.458782 1074.003223 1072.466345 1059.230684 1034.340874 1014.734761 999.701757 977.360293 927.417005 878.016820 799.876992 767.698257 685.368132 618.053533 570.163905 519.859118 466.137465 461.941706 475.869913 457.990439 434.380655 415.201977 441.049559 457.479869 469.221917 459.833855 470.492452 507.873201 559.645886 606.037255 659.851350 721.276711 775.217716 830.508424 865.971536 918.676574 967.265403 1016.726494 1091.911327 1172.896916 1209.904037 1245.174465 1280.153488 1295.792305 1247.059549 1198.135080 1150.964024 1095.672161 1011.839737 961.918262 931.229421 886.060433 827.427922 -9999.0 -9999.0 -9999.0 -9999.0 -9999.0 -9999.0 -9999.0
-9999.0 -544.230515 -316.955062 -75.451455 220.335730 462.105122 655.089666 775.648671 859.099035 868.924081 887.959334 916.920384 946.783453 969.444426 948.841620 914.059521 888.743681 893.455727 891.973209 868.831038 839.865511 825.067720 822.545891 813.203028 783.949431 764.626621 749.634432 721.698687 680.201973 620.562986 537.233178 464.785046 400.075812 363.608096 332.336732 298.477002 259.913663 269.464895 282.596477 277.718924 265.551453 261.397298 290.757872 309.391546 319.588542 307.379524 326.572222 354.143677 396.823223 440.220829 490.100364 547.072259 603.580870 637.455571 656.296385 689.482334 738.810083 803.030431 892.387372 989.824002 1067.656161 1120.419109 1172.660265 1207.038254 1222.415644 1240.648567 1222.409342 1150.055895 1031.547340 1027.241386 1014.471404 -9999.0 -9999.0 -9999.0 -9999.0 -9999.0 -9999.0 -9999.0 -9999.0 -9999.0
-9999.0 -9999.0 -553.711564 -367.502330 -215.066271 -29.815798 123.003868 234.033801 315.535598 413.509580 507.956808 585.703244 628.523595 646.319578 629.814868 592.284187 568.379714 568.643853 559.345927 546.707813 524.018574 514.850626 504.170275 495.003775 481.088909 472.520075 465.268929 451.813721 426.971572 378.285136 325.743877 272.679947 217.447830 191.345835 168.882958 146.239784 143.057463 140.324076 146.548093 147.633180 153.287849 165.175328 185.695597 207.242705 216.810352 224.528893 237.250131 261.206353 294.707492 336.525785 389.890938 446.976640 486.715300 500.283761 492.473738 500.622418 526.121670 575.510094 667.337312 765.799392 865.298573 939.282593 1014.325573 1069.063769 1090.838442 1113.377580 1138.317431 1082.348291 733.806158 971.658680 -9999.0 -9999.0 -9999.0 -9999.0 -9999.0 -9999.0 -9999.0 -9999.0 -9999.0 -9999.0
-9999.0 -9999.0 -9999.0 -9999.0 -511.822203 -354.075633 -258.707812 -174.887770 -50.847294 61.899845 156.220830 234.535734 290.240213 314.768641 305.877229 303.777476 296.805088 292.443668 283.552215 279.405506 275.002557 266.972816 254.317322 246.236949 245.316569 248.533615 245.625491 231.626628 214.399768 188.084155 164.740373 129.391971 92.319915 62.869175 49.599380 42.910201 42.909658 36.922265 46.163606 52.751318 67.677235 83.035321 106.963676 135.442604 148.363010 162.735625 172.524693 193.370982 223.620059 276.682145 339.321351 395.837797 430.291180 434.152977 408.635591 393.364643 391.106653 421.080022 471.081083 545.957329 655.005862 739.391984 811.506136 863.698026 900.535678 952.215872 1016.044110 1059.411534 -9999.0 -9999.0 -9999.0 -9999.0 -9999.0 -9999.0 -9999.0 -9999.0 -9999.0 -9999.0 -9999.0 -9999.0
-9999.0 -9999.0 -9999.0 -9999.0 -9999.0 -9999.0 -564.385288 -467.057397 -380.810331 -253.382520 -134.561438 -40.241469 35.783319 62.852259 82.970344 106.547409 102.872587 85.624637 68.383155 85.467671 96.118878 90.753621 62.317655 60.866822 64.467838 73.226369 71.478815 65.011380 39.880547 48.713530 47.666604 24.364466 -1.853637 -16.197565 -27.870152 -18.028223 -17.377356 -30.186170 -28.272603 -2.025970 17.831404 31.220865 53.574464 86.730573 118.759840 133.260871 134.343963 140.563649 181.661469 251.891469 322.399328 376.137537 407.132935 414.397231 386.017944 345.207888 324.080726 331.225395 366.758814 421.952360 501.725972 556.356999 591.991168 616.058753 645.964560 746.787599 -9999.0 -9999.0 -9999.0 -9999.0 -9999.0 -9999.0 -9999.0 -9999.0 -9999.0 -9999.0 -9999.0 -9999.0 -9999.0 -9999.0
-9999.0 -9999.0 -9999.0 -9999.0 -9999.0 -9999.0 -9999.0 -9999.0 -9999.0 -9999.0 -9999.0 -9999.0 -9999.0 -9999.0 -9999.0 -9999.0 -9999.0 -9999.0 -9999.0 -9999.0 -9999.0 -9999.0 -9999.0 -9999.0 -9999.0 -9999.0 -9999.0 -9999.0 -9999.0 -9999.0 -9999.0 -9999.0 -9999.0 -9999.0 -9999.0 -9999.0 -9999.0 -9999.0 -9999.0 -9999.0 -9999.0 -9999.0 -9999.0 -9999.0 -9999.0 -9999.0 -9999.0 -9999.0 -9999.0 -9999.0 -9999.0 -9999.0 -9999.0 -9999.0 -9999.0 -9999.0 -9999.0 -9999.0 -9999.0 -9999.0 -9999.0 -9999.0 -9999.0 -9999.0 -9999.0 -9999.0 -9999.0 -9999.0 -9999.0 -9999.0 -9999.0 -9999.0 -9999.0 -9999.0 -9999.0 -9999.0 -9999.0 -9999.0 -9999.0 -9999.0
-9999.0 -9999.0 -9999.0 -9999.0 -9999.0 -9999.0 -9999.0 -9999.0 -9999.0 -9999.0 -9999.0 -9999.0 -9999.0 -9999.0 -9999.0 -9999.0 -9999.0 -9999.0 -9999.0 -9999.0 -9999.0 -9999.0 -9999.0 -9999.0 -9999.0 -9999.0 -9999.0 -9999.0 -9999.0 -9999.0 -9999.0 -9999.0 -9999.0 -9999.0 -9999.0 -9999.0 -9999.0 -9999.0 -9999.0 -9999.0 -9999.0 -9999.0 -9999.0 -9999.0 -9999.0 -9999.0 -9999.0 -9999.0 -9999.0 -9999.0 -9999.0 -9999.0 -9999.0 -9999.0 -9999.0 -9999.0 -9999.0 -9999.0 -9999.0 -9999.0 -9999.0 -9999.0 -9999.0 -9999.0 -9999.0 -9999.0 -9999.0 -9999.0 -9999.0 -9999.0 -9999.0 -9999.0 -9999.0 -9999.0 -9999.0 -9999.0 -9999.0 -9999.0 -9999.0 -9999.0