Borden_/Borden1m_014/output_maps/psiliqL0018N0017.asc
ncols         80
nrows         18
xllcorner     620200.000000
yllcorner     5168000.000000
cellsize      1.000000
NODATA_value  -9999.0
-9999.0 -9999.0 -9999.0 -9999.0 -9999.0 -9999.0 -9999.0 -9999.0 -9999.0 -9999.0 -9999.0 -9999.0 -9999.0 -9999.0 -9999.0 -9999.0 -9999.0 -9999.0 -9999.0 -9999.0 -9999.0 -9999.0 -9999.0 -9999.0 -9999.0 -9999.0 -9999.0 -9999.0 -9999.0 -9999.0 -9999.0 -9999.0 -9999.0 -9999.0 -9999.0 -9999.0 -9999.0 -9999.0 -9999.0 -9999.0 -9999.0 -9999.0 -9999.0 -9999.0 -9999.0 -9999.0 -9999.0 -9999.0 -9999.0 -9999.0 -9999.0 -9999.0 -9999.0 -9999.0 -9999.0 -9999.0 -9999.0 -9999.0 -9999.0 -9999.0 -9999.0 -9999.0 -9999.0 -9999.0 -9999.0 -9999.0 -9999.0 -9999.0 -9999.0 -9999.0 -9999.0 -9999.0 -9999.0 -9999.0 -9999.0 -9999.0 -9999.0 -9999.0 -9999.0 -9999.0
-9999.0 -9999.0 -9999.0 -9999.0 -9999.0 -9999.0 -9999.0 -9999.0 -9999.0 -9999.0 -9999.0 -9999.0 -9999.0 -9999.0 -9999.0 -9999.0 -9999.0 -9999.0 -9999.0 -9999.0 -9999.0 -9999.0 -9999.0 -9999.0 -9999.0 -9999.0 -9999.0 -9999.0 -9999.0 -9999.0 -9999.0 -9999.0 -9999.0 -9999.0 -9999.0 -9999.0 -9999.0 -9999.0 -9999.0 -9999.0 -9999.0 -9999.0 -9999.0 -9999.0 -9999.0 -9999.0 -9999.0 -9999.0 -9999.0 -9999.0 -9999.0 -9999.0 -9999.0 -9999.0 -9999.0 -9999.0 -9999.0 -9999.0 -9999.0 -9999.0 -9999.0 -9999.0 -9999.0 -9999.0 -9999.0 -9999.0 -9999.0 -9999.0 -9999.0 -9999.0 -9999.0 -9999.0 -9999.0 -9999.0 -9999.0 -9999.0 -9999.0 -9999.0 -9999.0 -9999.0
-9999.0 -9999.0 -9999.0 -9999.0 -9999.0 -9999.0 -9999.0 -9999.0 -9999.0 -9999.0 -9999.0 -9999.0 -9999.0 -9999.0 -9999.0 -9999.0 -9999.0 -9999.0 -9999.0 -9999.0 1757.619040 1760.616062 1740.303838 1708.581819 1682.895034 1687.316278 1723.432827 1766.293478 1806.722312 1817.925741 1802.231431 1808.183970 1806.849001 1807.390655 1811.479347 1820.482814 1826.932283 1838.223709 1846.318148 1845.166075 1838.422327 1833.085599 1833.893808 1836.308950 1842.041885 1830.194120 1845.064350 1860.503573 1864.760068 1858.770124 1830.328197 1812.676777 1800.242302 1781.078523 1803.009939 1811.789036 1831.566266 1832.878560 1828.579030 1799.911378 1768.802241 -9999.0 -9999.0 -9999.0 -9999.0 -9999.0 -9999.0 -9999.0 -9999.0 -9999.0 -9999.0 -9999.0 -9999.0 -9999.0 -9999.0 -9999.0 -9999.0 -9999.0 -9999.0 -9999.0
-9999.0 -9999.0 -9999.0 -9999.0 -9999.0 -9999.0 -9999.0 -9999.0 -9999.0 -9999.0 -9999.0 -9999.0 -9999.0 -9999.0 1661.011744 1653.071564 1652.327819 1662.727880 1698.292609 1730.403201 1742.909488 1737.114241 1739.286093 1718.013181 1699.650488 1716.007211 1747.990797 1781.004758 1816.811980 1838.202534 1829.937496 1831.258649 1844.001216 1870.987067 1884.762839 1883.572386 1865.866124 1890.356572 1905.244856 1911.863548 1910.217084 1900.753587 1911.576382 1926.358492 1919.590613 1903.791464 1911.951170 1925.420521 1936.705658 1923.413588 1858.889418 1838.153348 1829.593961 1819.633036 1802.462887 1793.897777 1817.049652 1813.465256 1802.456671 1782.362349 1747.876327 1702.829069 1682.336391 1719.359236 1760.888487 1815.958735 -9999.0 -9999.0 -9999.0 -9999.0 -9999.0 -9999.0 -9999.0 -9999.0 -9999.0 -9999.0 -9999.0 -9999.0 -9999.0 -9999.0
-9999.0 -9999.0 -9999.0 -9999.0 -9999.0 -9999.0 -9999.0 -9999.0 -9999.0 1598.901393 1604.875641 1613.595959 1617.848747 1635.206155 1633.890451 1643.073985 1651.739275 1681.749202 1715.340232 1752.794055 1783.315394 1776.986105 1779.865963 1791.568777 1796.273339 1810.678015 1834.766468 1876.068602 1914.047943 1955.145371 1928.585849 1930.391505 1954.485828 2003.865784 2035.944797 2042.655452 2025.608778 2037.549707 2061.635350 2080.346830 2077.502414 2072.770897 2096.530999 2110.379829 2109.434136 2090.333464 2084.129145 2088.456725 2115.407080 2063.668241 1995.319922 1944.507706 1946.451698 1914.672548 1877.243308 1856.440056 1850.914486 1867.075128 1848.919493 1809.247584 1771.297317 1757.443453 1737.132950 1752.323181 1771.845561 1815.298650 1852.450401 1878.718950 1875.750439 1856.635008 -9999.0 -9999.0 -9999.0 -9999.0 -9999.0 -9999.0 -9999.0 -9999.0 -9999.0 -9999.0
-9999.0 -9999.0 -9999.0 -9999.0 -9999.0 -9999.0 1518.793570 1529.775280 1551.618374 1556.678488 1583.997076 1592.650859 1615.063472 1636.307205 1660.765103 1679.296054 1711.256797 1747.157406 1790.801563 1836.710809 1871.565932 1867.805180 1880.851586 1912.728954 1953.999163 1984.824002 2012.226761 2052.823188 2127.968803 2169.846716 2176.265278 2185.730678 2201.860196 2255.756230 2321.675895 2335.578221 2316.158352 2302.511577 2322.954397 2357.561217 2358.692726 2357.883372 2369.260558 2379.310008 2406.150653 2397.898914 2361.651555 2352.922824 2355.809484 2337.571052 2272.036339 2205.677997 2169.130359 2114.249115 2028.720701 1974.769834 1982.257548 1997.577375 1965.028837 1908.232205 1865.831035 1852.492595 1833.766152 1817.720573 1821.549059 1837.591077 1856.312577 1864.389803 1848.173835 1824.228127 1799.729080 1768.643165 1768.332248 1791.724720 -9999.0 -9999.0 -9999.0 -9999.0 -9999.0 -9999.0
-9999.0 -9999.0 -9999.0 -9999.0 1467.499880 1481.856495 1470.420353 1497.766686 1532.273092 1568.363339 1601.194712 1639.192291 1668.366094 1701.220262 1743.492069 1778.528942 1821.980944 1861.050741 1920.263152 1993.336699 2047.691281 2072.033759 2089.460299 2152.052885 2220.234318 2277.149657 2300.411077 2327.913500 2371.727767 2430.695751 2458.697481 2468.540392 2490.958741 2531.933739 2583.063303 2618.190206 2601.873585 2593.870547 2600.390079 2611.301440 2632.703601 2632.594923 2633.916977 2637.071780 2643.363097 2643.828992 2621.635792 2591.437877 2579.028643 2570.197194 2537.168907 2464.248306 2422.686915 2388.990609 2349.801288 2294.716224 2231.588209 2214.615448 2151.984957 2090.605033 2028.177593 2005.240766 1970.752726 1941.368947 1909.594013 1907.803276 1907.209915 1882.471215 1845.593773 1809.530735 1791.203585 1769.112649 1754.616130 1781.970681 1797.088847 1825.318763 -9999.0 -9999.0 -9999.0 -9999.0
-9999.0 -9999.0 1405.355365 1454.458377 1513.702397 1524.500843 1525.821339 1533.794207 1564.629192 1619.020192 1693.707041 1743.211181 1785.221456 1822.964133 1886.242646 1966.099848 2039.792421 2092.874245 2161.845311 2240.886682 2307.865135 2341.665226 2359.041971 2403.035306 2463.658808 2531.986993 2560.867640 2587.110046 2618.656018 2652.607545 2658.906751 2673.881275 2685.970553 2693.527832 2702.339458 2705.220880 2699.807999 2693.942208 2674.693452 2669.530740 2675.357943 2680.987465 2681.544375 2668.244980 2665.221479 2680.719403 2687.927664 2689.983946 2691.884431 2700.655234 2702.144356 2659.212153 2625.953993 2608.683533 2594.964651 2548.437272 2481.046386 2438.866398 2413.374170 2367.395000 2289.045871 2237.005481 2181.899773 2130.034078 2073.498734 2039.106550 1988.120291 1940.921664 1889.399293 1838.264904 1809.976534 1787.524068 1780.383145 1775.478725 1788.030711 1800.209160 1813.200898 1819.768350 -9999.0 -9999.0
-9999.0 1299.250424 1372.266370 1499.270480 1582.135962 1629.086433 1658.867880 1680.272601 1711.876835 1743.929128 1846.647871 1927.546323 2020.026349 2063.070041 2118.084798 2220.960477 2320.904485 2374.004953 2420.799989 2486.797831 2552.946944 2603.407803 2632.375895 2636.233134 2674.834717 2695.223436 2700.726814 2705.215836 2702.421176 2694.041712 2685.701734 2692.123134 2688.966407 2670.190746 2653.332040 2648.409702 2640.677825 2614.650653 2584.325041 2568.379524 2569.773869 2593.970910 2581.023269 2560.584632 2557.590746 2580.582622 2604.313588 2599.448726 2591.978844 2614.763104 2651.592690 2674.836021 2682.383885 2699.378316 2719.390501 2691.739252 2664.250789 2620.748302 2599.857228 2571.557827 2514.541018 2454.317977 2397.136225 2333.444578 2264.008131 2192.539891 2123.962191 2056.199702 1984.715638 1937.898960 1901.021043 1844.822641 1817.696706 1812.567026 1798.227681 1790.887168 1793.081067 1797.798637 -9999.0 -9999.0
-9999.0 1214.153164 1356.765995 1542.103590 1694.010742 1754.511317 1851.821545 1929.793498 1958.232092 1926.777841 2036.487180 2258.855844 2373.299846 2397.090923 2476.278996 2574.693175 2588.859370 2626.242098 2654.333142 2674.179715 2689.285980 2701.687899 2700.042925 2694.630026 2680.091843 2672.825167 2671.864986 2669.379416 2651.832212 2631.648770 2612.082710 2605.564165 2584.083967 2536.706745 2501.040981 2479.095639 2456.468407 2434.668558 2402.135500 2374.361278 2357.492352 2371.769739 2367.459228 2351.488016 2348.447187 2371.902818 2406.237593 2408.384232 2425.700307 2454.161373 2497.437193 2538.987396 2563.177368 2595.264533 2633.108398 2677.707454 2690.658657 2712.387415 2716.567580 2701.196996 2658.208886 2606.329359 2572.831860 2511.238659 2439.557220 2358.781700 2290.932442 2224.244652 2149.446666 2097.683994 2042.704914 1974.759754 1911.277184 1878.824191 1831.424432 1806.824867 -9999.0 -9999.0 -9999.0 -9999.0
-9999.0 1128.292203 1315.100766 1570.901847 1858.939034 1968.114274 2182.866917 2316.207122 2373.858307 2447.366293 2401.043809 2570.348088 2618.215457 2618.590059 2627.424219 2636.711666 2656.388265 2662.809183 2662.908450 2656.525428 2650.032136 2646.335447 2643.395160 2633.095517 2618.258176 2601.742790 2586.930674 2573.998989 2536.026401 2500.835707 2459.258474 2439.695608 2395.353221 2299.880052 2254.373881 2211.512808 2145.996036 2136.810321 2131.623836 2102.581741 2082.903456 2059.615733 2084.115687 2091.808906 2095.747503 2097.809621 2115.474169 2146.974842 2201.107628 2246.486551 2296.335689 2352.599010 2392.748677 2440.666785 2487.691757 2543.199933 2576.694089 2608.868955 2659.224650 2699.536927 2724.987462 2714.878936 2691.596987 2647.152780 2578.563227 2515.462487 2468.236271 2396.073073 2330.883179 2275.265206 2220.086884 2152.815117 2070.845403 1973.486994 1922.171454 -9999.0 -9999.0 -9999.0 -9999.0 -9999.0
-9999.0 935.601839 1203.413517 1487.985039 1796.783729 2139.809696 2297.060723 2424.706395 2501.230461 2479.864873 2497.065415 2517.609144 2562.370982 2574.052466 2557.616149 2551.137299 2541.404464 2544.027813 2559.611180 2535.776207 2507.896393 2493.638761 2489.719182 2472.438684 2443.374502 2423.255589 2410.409927 2388.942309 2339.523381 2285.101354 2196.726813 2158.255955 2076.063801 2022.420229 1977.148722 1923.605823 1868.885232 1865.464072 1882.488377 1868.273657 1846.201241 1828.102659 1855.840345 1875.594474 1889.107503 1877.678837 1888.465581 1927.831488 1982.554295 2032.766953 2087.176652 2146.347201 2198.015709 2251.578477 2286.572434 2337.601726 2388.821369 2439.107061 2516.189494 2598.863949 2640.897261 2678.844132 2712.954310 2732.055018 2683.422645 2639.535369 2593.041870 2538.107797 2466.337203 2422.489453 2391.060670 2326.619167 2256.123160 -9999.0 -9999.0 -9999.0 -9999.0 -9999.0 -9999.0 -9999.0
-9999.0 813.373595 1025.678660 1246.460266 1525.486998 1768.819532 1980.907225 2093.712824 2178.763728 2232.318557 2278.433609 2317.201203 2349.664927 2374.946151 2357.041176 2318.509797 2291.532152 2297.853838 2293.803669 2271.748095 2242.591623 2225.681508 2217.871886 2204.245093 2173.579000 2155.140013 2142.205677 2118.062011 2085.320876 2027.832125 1946.319557 1868.720780 1806.324307 1775.434470 1745.180598 1711.111494 1674.910654 1683.338958 1694.202470 1691.048828 1681.421193 1679.336130 1708.612818 1728.194636 1738.817433 1728.524922 1749.228344 1777.698142 1821.990906 1869.034807 1921.541624 1979.777062 2037.592810 2071.063051 2087.603948 2114.269194 2156.596417 2215.822367 2307.937854 2409.740813 2495.140189 2549.283872 2605.324584 2645.271464 2663.820486 2677.276143 2660.035503 2591.529260 2501.548082 2496.366749 2496.213694 -9999.0 -9999.0 -9999.0 -9999.0 -9999.0 -9999.0 -9999.0 -9999.0 -9999.0
-9999.0 -9999.0 794.473259 966.429248 1095.816653 1274.817114 1427.966378 1543.032699 1640.633425 1766.905319 1880.593453 1969.512946 2015.464351 2034.270730 2022.684024 1993.746747 1975.504247 1976.550492 1966.516039 1956.653941 1936.738577 1926.504441 1910.449261 1897.134215 1883.584512 1875.537966 1868.517214 1856.430368 1834.305168 1786.936424 1738.634312 1686.340827 1632.408641 1605.966984 1583.209937 1560.975539 1559.197387 1553.663723 1558.315619 1559.741636 1567.120928 1580.107144 1600.188511 1622.675578 1632.925677 1642.851334 1656.198881 1681.220459 1715.985334 1760.523376 1816.872734 1877.411013 1920.410209 1936.459262 1929.495796 1936.670748 1959.324444 2005.940143 2091.306084 2182.315236 2287.575066 2367.478853 2447.964477 2508.378681 2531.152537 2552.557895 2576.697214 2536.194521 2408.030567 2448.867203 -9999.0 -9999.0 -9999.0 -9999.0 -9999.0 -9999.0 -9999.0 -9999.0 -9999.0 -9999.0
-9999.0 -9999.0 -9999.0 -9999.0 827.329775 982.072911 1081.444185 1166.826937 1299.975473 1425.601371 1529.574449 1615.208629 1679.613830 1707.315596 1705.697620 1714.945614 1712.268827 1706.101634 1696.163074 1695.701992 1694.410817 1685.011828 1667.376260 1657.043745 1655.569972 1658.777520 1654.806472 1640.238140 1621.449448 1599.430555 1579.154224 1544.108941 1507.649551 1477.679304 1463.705550 1457.522630 1456.439473 1448.613101 1456.761241 1464.160651 1479.435253 1494.670755 1518.477210 1547.772648 1562.049180 1577.333036 1587.649469 1608.901470 1640.531022 1695.385367 1760.507869 1820.320573 1858.741791 1865.671398 1843.677053 1830.610811 1829.665701 1861.379764 1910.913060 1983.773815 2093.281964 2175.827575 2242.881823 2297.525834 2338.069697 2392.922031 2459.532494 2502.245318 -9999.0 -9999.0 -9999.0 -9999.0 -9999.0 -9999.0 -9999.0 -9999.0 -9999.0 -9999.0 -9999.0 -9999.0
-9999.0 -9999.0 -9999.0 -9999.0 -9999.0 -9999.0 791.651563 895.472815 975.293986 1118.464941 1253.339994 1357.061654 1438.897049 1472.368246 1501.152743 1529.585724 1528.917734 1510.517308 1490.816575 1509.426922 1522.991308 1515.316541 1482.885765 1480.630899 1483.840318 1490.451463 1487.079417 1479.943977 1454.231335 1465.810910 1466.195505 1442.086702 1415.307019 1400.865008 1388.341831 1397.316079 1396.910402 1382.682858 1382.639541 1409.446991 1429.786376 1442.903225 1464.660516 1498.025226 1530.674387 1546.389529 1548.282778 1554.967261 1595.458213 1666.725181 1739.862502 1796.991754 1831.433569 1841.605732 1816.880792 1779.215953 1761.729067 1772.435798 1811.704403 1869.683061 1952.460304 2009.829306 2044.615743 2066.633122 2091.319216 2187.180129 -9999.0 -9999.0 -9999.0 -9999.0 -9999.0 -9999.0 -9999.0 -9999.0 -9999.0 -9999.0 -9999.0 -9999.0 -9999.0 -9999.0
-9999.0 -9999.0 -9999.0 -9999.0 -9999.0 -9999.0 -9999.0 -9999.0 -9999.0 -9999.0 -9999.0 -9999.0 -9999.0 -9999.0 -9999.0 -9999.0 -9999.0 -9999.0 -9999.0 -9999.0 -9999.0 -9999.0 -9999.0 -9999.0 -9999.0 -9999.0 -9999.0 -9999.0 -9999.0 -9999.0 -9999.0 -9999.0 -9999.0 -9999.0 -9999.0 -9999.0 -9999.0 -9999.0 -9999.0 -9999.0 -9999.0 -9999.0 -9999.0 -9999.0 -9999.0 -9999.0 -9999.0 -9999.0 -9999.0 -9999.0 -9999.0 -9999.0 -9999.0 -9999.0 -9999.0 -9999.0 -9999.0 -9999.0 -9999.0 -9999.0 -9999.0 -9999.0 -9999.0 -9999.0 -9999.0 -9999.0 -9999.0 -9999.0 -9999.0 -9999.0 -9999.0 -9999.0 -9999.0 -9999.0 -9999.0 -9999.0 -9999.0 -9999.0 -9999.0 -9999.0
-9999.0 -9999.0 -9999.0 -9999.0 -9999.0 -9999.0 -9999.0 -9999.0 -9999.0 -9999.0 -9999.0 -9999.0 -9999.0 -9999.0 -9999.0 -9999.0 -9999.0 -9999.0 -9999.0 -9999.0 -9999.0 -9999.0 -9999.0 -9999.0 -9999.0 -9999.0 -9999.0 -9999.0 -9999.0 -9999.0 -9999.0 -9999.0 -9999.0 -9999.0 -9999.0 -9999.0 -9999.0 -9999.0 -9999.0 -9999.0 -9999.0 -9999.0 -9999.0 -9999.0 -9999.0 -9999.0 -9999.0 -9999.0 -9999.0 -9999.0 -9999.0 -9999.0 -9999.0 -9999.0 -9999.0 -9999.0 -9999.0 -9999.0 -9999.0 -9999.0 -9999.0 -9999.0 -9999.0 -9999.0 -9999.0 -9999.0 -9999.0 -9999.0 -9999.0 -9999.0 -9999.0 -9999.0 -9999.0 -9999.0 -9999.0 -9999.0 -9999.0 -9999.0 -9999.0 -9999.0