Borden_/Borden1m_014/output_maps/psiliqL0021N0008.asc
ncols         80
nrows         18
xllcorner     620200.000000
yllcorner     5168000.000000
cellsize      1.000000
NODATA_value  -9999.0
-9999.0 -9999.0 -9999.0 -9999.0 -9999.0 -9999.0 -9999.0 -9999.0 -9999.0 -9999.0 -9999.0 -9999.0 -9999.0 -9999.0 -9999.0 -9999.0 -9999.0 -9999.0 -9999.0 -9999.0 -9999.0 -9999.0 -9999.0 -9999.0 -9999.0 -9999.0 -9999.0 -9999.0 -9999.0 -9999.0 -9999.0 -9999.0 -9999.0 -9999.0 -9999.0 -9999.0 -9999.0 -9999.0 -9999.0 -9999.0 -9999.0 -9999.0 -9999.0 -9999.0 -9999.0 -9999.0 -9999.0 -9999.0 -9999.0 -9999.0 -9999.0 -9999.0 -9999.0 -9999.0 -9999.0 -9999.0 -9999.0 -9999.0 -9999.0 -9999.0 -9999.0 -9999.0 -9999.0 -9999.0 -9999.0 -9999.0 -9999.0 -9999.0 -9999.0 -9999.0 -9999.0 -9999.0 -9999.0 -9999.0 -9999.0 -9999.0 -9999.0 -9999.0 -9999.0 -9999.0
-9999.0 -9999.0 -9999.0 -9999.0 -9999.0 -9999.0 -9999.0 -9999.0 -9999.0 -9999.0 -9999.0 -9999.0 -9999.0 -9999.0 -9999.0 -9999.0 -9999.0 -9999.0 -9999.0 -9999.0 -9999.0 -9999.0 -9999.0 -9999.0 -9999.0 -9999.0 -9999.0 -9999.0 -9999.0 -9999.0 -9999.0 -9999.0 -9999.0 -9999.0 -9999.0 -9999.0 -9999.0 -9999.0 -9999.0 -9999.0 -9999.0 -9999.0 -9999.0 -9999.0 -9999.0 -9999.0 -9999.0 -9999.0 -9999.0 -9999.0 -9999.0 -9999.0 -9999.0 -9999.0 -9999.0 -9999.0 -9999.0 -9999.0 -9999.0 -9999.0 -9999.0 -9999.0 -9999.0 -9999.0 -9999.0 -9999.0 -9999.0 -9999.0 -9999.0 -9999.0 -9999.0 -9999.0 -9999.0 -9999.0 -9999.0 -9999.0 -9999.0 -9999.0 -9999.0 -9999.0
-9999.0 -9999.0 -9999.0 -9999.0 -9999.0 -9999.0 -9999.0 -9999.0 -9999.0 -9999.0 -9999.0 -9999.0 -9999.0 -9999.0 -9999.0 -9999.0 -9999.0 -9999.0 -9999.0 -9999.0 2348.039701 2350.334171 2329.517815 2296.886516 2270.338351 2274.124644 2309.594623 2352.162495 2392.388961 2402.323238 2385.352463 2390.525939 2388.374819 2387.873072 2392.189735 2402.698013 2411.302986 2423.251262 2432.223510 2431.829970 2425.840695 2421.311014 2423.122613 2425.318425 2431.154355 2418.025909 2432.721906 2447.204390 2449.656666 2442.474778 2413.554921 2396.594115 2384.912871 2366.491848 2389.557073 2398.803138 2418.813733 2420.671687 2416.834341 2388.786652 2357.928892 -9999.0 -9999.0 -9999.0 -9999.0 -9999.0 -9999.0 -9999.0 -9999.0 -9999.0 -9999.0 -9999.0 -9999.0 -9999.0 -9999.0 -9999.0 -9999.0 -9999.0 -9999.0 -9999.0
-9999.0 -9999.0 -9999.0 -9999.0 -9999.0 -9999.0 -9999.0 -9999.0 -9999.0 -9999.0 -9999.0 -9999.0 -9999.0 -9999.0 2254.248651 2246.000614 2244.465834 2253.688855 2288.066896 2319.496011 2331.614788 2325.326986 2326.480591 2303.669381 2283.527948 2298.814473 2330.543377 2363.091586 2398.280404 2418.104520 2408.527260 2408.115578 2418.908370 2445.102056 2459.411636 2460.039458 2444.270539 2471.105428 2486.973767 2494.000547 2493.189217 2484.155819 2494.163705 2508.550753 2501.500955 2485.708183 2494.534404 2507.172902 2515.785266 2501.176917 2435.304861 2416.052605 2408.815024 2400.878792 2384.804017 2377.513197 2401.883230 2398.487147 2388.447197 2369.190571 2334.815019 2289.216811 2268.802474 2306.732978 2348.752248 2403.810932 -9999.0 -9999.0 -9999.0 -9999.0 -9999.0 -9999.0 -9999.0 -9999.0 -9999.0 -9999.0 -9999.0 -9999.0 -9999.0 -9999.0
-9999.0 -9999.0 -9999.0 -9999.0 -9999.0 -9999.0 -9999.0 -9999.0 -9999.0 2194.059212 2200.186859 2208.466036 2212.230440 2228.730789 2226.378726 2234.601608 2241.470007 2270.358187 2302.239786 2338.230925 2367.467935 2360.657368 2361.370697 2369.217579 2369.412200 2381.722030 2405.813631 2447.779613 2482.936410 2521.410236 2491.334592 2489.758915 2511.527010 2560.424478 2593.592301 2602.824516 2588.590166 2605.023756 2630.761301 2649.636898 2647.492031 2642.623467 2665.269098 2679.215101 2675.951388 2655.901897 2653.070317 2657.090303 2681.677116 2625.603939 2553.105924 2504.263097 2511.255945 2484.707480 2451.230119 2431.827003 2427.368359 2444.634259 2428.486932 2390.117196 2353.586308 2339.769875 2320.104188 2336.991804 2357.607336 2401.603465 2439.406797 2466.772070 2464.565442 2446.062944 -9999.0 -9999.0 -9999.0 -9999.0 -9999.0 -9999.0 -9999.0 -9999.0 -9999.0 -9999.0
-9999.0 -9999.0 -9999.0 -9999.0 -9999.0 -9999.0 2113.372905 2124.587875 2146.580104 2151.183600 2178.623528 2186.239830 2207.575629 2227.280204 2250.452409 2266.648527 2295.904140 2329.279633 2369.286711 2412.147579 2445.999488 2439.695861 2450.303028 2474.803387 2508.983789 2536.005357 2564.588057 2607.565608 2683.327319 2722.784276 2722.258625 2726.762114 2739.854352 2796.585177 2869.167204 2887.509007 2872.438351 2862.356256 2886.250270 2923.422259 2924.390055 2924.225534 2797.303561 2807.077081 2833.606611 2824.405749 2926.467733 2916.862861 2918.056809 2891.309740 2816.589342 2749.361868 2719.412483 2666.074026 2582.341409 2529.782235 2540.527448 2559.428657 2530.863953 2477.003934 2435.979243 2424.216576 2407.469353 2394.282575 2401.127423 2419.531618 2439.890432 2449.905206 2435.130510 2412.147292 2388.479061 2358.506566 2359.401190 2383.515691 -9999.0 -9999.0 -9999.0 -9999.0 -9999.0 -9999.0
-9999.0 -9999.0 -9999.0 -9999.0 2061.791919 2075.840213 2063.638113 2091.203911 2125.541233 2161.463906 2192.857631 2229.251501 2256.513881 2286.902790 2324.866767 2354.463325 2393.568581 2428.580101 2482.893350 2552.246392 2605.470387 2627.875920 2642.306618 2698.667807 2760.448296 2815.297272 2842.127028 2875.030816 2795.494422 2850.988991 2873.991634 2877.811439 2894.685880 2934.385449 2986.600963 3011.017084 2994.030446 2985.731108 2993.969220 3006.665843 3028.773479 3028.916129 3029.684194 3032.929149 3039.365374 3038.422541 3013.995361 2981.466188 2978.878152 2969.357862 2935.361226 2865.747094 2833.387408 2806.368941 2896.536332 2836.727401 2774.305027 2762.244216 2702.023311 2640.910620 2579.856133 2559.640959 2528.983166 2503.670944 2477.217350 2480.215750 2483.832779 2462.391271 2427.754835 2393.728824 2377.296104 2356.927739 2343.823679 2372.956006 2389.371392 2418.388545 -9999.0 -9999.0 -9999.0 -9999.0
-9999.0 -9999.0 2000.421114 2048.047245 2106.542858 2115.764282 2114.543972 2121.477121 2151.833478 2205.596170 2277.191531 2322.615329 2359.945453 2394.626818 2453.250446 2525.078150 2594.142017 2641.796811 2708.915614 2786.446953 2855.548900 2890.190135 2906.176216 2816.192617 2868.649418 2933.575277 2960.318991 2985.811028 3004.998613 3038.741017 3038.097984 3049.945702 3060.733965 3069.550135 3080.864905 3086.007358 3081.825021 3077.373270 3059.248893 3054.717390 3061.329940 3068.027487 3068.022398 3053.877947 3049.946623 3064.396164 3069.706778 3068.226269 3066.542418 3072.233954 3070.962255 3026.812182 3001.790673 2987.764948 2988.538951 2943.891768 2879.347452 2845.040382 2825.716827 2910.686896 2827.748837 2775.912218 2723.884928 2677.494765 2623.725467 2596.666457 2551.869970 2510.235615 2462.982221 2414.988550 2389.327116 2370.061580 2365.944793 2363.769603 2379.097775 2393.227922 2407.926637 2415.387735 -9999.0 -9999.0
-9999.0 1892.829358 1964.893807 2089.583356 2170.248574 2213.557922 2235.819580 2251.576133 2282.924867 2317.847755 2416.166917 2487.436806 2576.138180 2617.005571 2665.501505 2764.600858 2864.971727 2800.929486 2837.137039 2895.986431 2957.835747 2993.526827 3018.796918 3009.528892 3045.496927 3067.505826 3073.088894 3078.240158 3076.316338 3068.000825 3060.719117 3067.679623 3065.134414 3046.757760 3031.445957 3029.983861 3026.755979 3004.177587 2987.934573 2973.196042 2975.594478 2988.862623 2986.788742 2966.038568 2961.830276 2982.790452 2992.196031 2981.996259 2980.150959 2985.440696 3018.955183 3041.636223 3046.175494 3063.755156 3084.643830 3057.124577 3033.244786 2991.630274 2986.307306 2961.301797 2906.037497 2850.943036 2803.271041 2868.916741 2801.434647 2737.368322 2673.414617 2609.060897 2543.607667 2500.652578 2467.752497 2416.404958 2395.110545 2395.854906 2386.342869 2382.554452 2387.446471 2393.303392 -9999.0 -9999.0
-9999.0 1803.196946 1944.002172 2125.774281 2273.762476 2326.358377 2409.908813 2481.768900 2507.954731 2470.554077 2581.423004 2807.849638 2822.983677 2837.031516 2907.765319 2987.733184 2983.003575 3011.988901 3033.036618 3050.999612 3065.594407 3077.144188 3074.721329 3068.773108 3052.865636 3044.997982 3044.304342 3042.390680 3025.661454 3007.303495 2990.944632 2988.449882 2982.265129 2936.201527 2903.882316 2887.629511 2871.487340 2856.952431 2828.734482 2803.724943 2929.350591 2801.546447 2797.686633 2925.524177 2921.399512 2797.671647 2828.074260 2824.394121 2833.515894 2852.582212 2888.050141 2924.767998 2943.764715 2972.321801 2996.183148 3041.247578 3052.193947 3074.041917 3077.696381 3064.091924 3019.906044 2981.393931 2952.132219 2897.661384 2837.627619 2894.936210 2828.191651 2764.337587 2694.220363 2645.123509 2591.765381 2528.662225 2474.007861 2453.807911 2413.980800 2395.612826 -9999.0 -9999.0 -9999.0 -9999.0
-9999.0 1710.740467 1894.064422 2142.211480 2432.074574 2526.058349 2737.281642 2802.011151 2842.577177 2906.252548 2825.114990 2993.241079 3035.503509 3027.869852 3034.036656 3035.637083 3048.762829 3048.720162 3043.704198 3033.124466 3024.131004 3020.018355 3018.775253 3010.977296 2998.614039 2984.325311 2983.950390 2972.885187 2937.544398 2906.365456 2869.802691 2857.655805 2817.485796 2840.000453 2793.183161 2751.799139 2691.855453 2691.679715 2695.192571 2669.076209 2653.207571 2626.649557 2653.706563 2665.434978 2668.978140 2664.478836 2676.283503 2705.126162 2752.618999 2790.091503 2836.080314 2892.817754 2797.189743 2835.873256 2876.434898 2928.263771 2958.367572 2987.054633 3022.288174 3058.689554 3080.857387 3068.395383 3047.563326 3005.755638 2957.258430 2907.768317 2878.592879 2828.392780 2869.841685 2812.095156 2754.105539 2688.566547 2612.872352 2539.282964 2497.668780 -9999.0 -9999.0 -9999.0 -9999.0 -9999.0
-9999.0 1506.120216 1771.662083 2047.592101 2341.424337 2684.466447 2796.507843 2896.522380 2957.224756 2930.016819 2943.752826 2953.594085 2981.454494 2987.074616 2974.568149 2962.357640 2946.679792 2945.562525 2958.477383 2932.212452 2903.351913 2890.787713 2891.550094 2880.807265 2857.803228 2842.744408 2833.246087 2815.641116 2895.404332 2836.739101 2745.504848 2705.745506 2620.413148 2571.682955 2527.778410 2476.908613 2427.807457 2430.867581 2454.385676 2444.878770 2424.948328 2407.887473 2436.721937 2458.228964 2471.320950 2456.613392 2463.645888 2497.064771 2545.169671 2588.926239 2638.491153 2696.617327 2743.164150 2791.087305 2823.039741 2874.517927 2794.135266 2835.234456 2904.167418 2979.450583 3002.122390 3035.140327 3065.765461 3086.820368 3045.064029 3017.219888 2994.653860 2978.645210 2932.121078 2887.204893 2846.785326 2784.096526 2776.147007 -9999.0 -9999.0 -9999.0 -9999.0 -9999.0 -9999.0 -9999.0
-9999.0 1387.766405 1591.779314 1799.588921 2064.984964 2301.377900 2516.459657 2620.823617 2707.419609 2775.435994 2832.723849 2877.183432 2794.061222 2814.617101 2792.159374 2864.614994 2827.539155 2826.345175 2815.581923 2791.010337 2761.655920 2747.848736 2745.727041 2740.898252 2719.395116 2708.032731 2699.120562 2674.886501 2644.951100 2586.127764 2505.929036 2427.837655 2368.749601 2341.310314 2313.224332 2282.366911 2251.766412 2263.761918 2276.516084 2276.603688 2269.312020 2268.673545 2297.961782 2317.084222 2326.802614 2315.514878 2333.992702 2358.553497 2397.986788 2440.971263 2489.619840 2543.663530 2597.395026 2625.498529 2637.808546 2661.286998 2701.643993 2757.670854 2846.484891 2810.407647 2883.903090 2928.209449 2977.731887 3004.791641 3030.717810 3059.363046 3078.610285 3069.187714 3044.923698 3012.863681 2960.631560 -9999.0 -9999.0 -9999.0 -9999.0 -9999.0 -9999.0 -9999.0 -9999.0 -9999.0
-9999.0 -9999.0 1362.576471 1525.605432 1640.232358 1810.202746 1956.574022 2067.192073 2167.563251 2304.182239 2426.009966 2521.982108 2568.522841 2586.112187 2571.963336 2541.156362 2518.092548 2513.726042 2499.637609 2489.331105 2471.442250 2464.535627 2452.295546 2444.947555 2438.802659 2436.402424 2432.859544 2423.553965 2403.005969 2356.566845 2311.619330 2262.101476 2210.470838 2185.509864 2164.378418 2144.566406 2145.984800 2141.653693 2147.526712 2150.468318 2159.400245 2173.238479 2193.158703 2215.794323 2225.566053 2235.119222 2246.733015 2269.391197 2301.071858 2342.446877 2395.998911 2454.347689 2494.475827 2507.028141 2496.635533 2500.541709 2518.188308 2559.101039 2637.013589 2722.253799 2824.892349 2903.636494 2835.856106 2890.056689 2915.629516 2951.190392 3008.880566 3056.352928 3094.390157 3072.410219 -9999.0 -9999.0 -9999.0 -9999.0 -9999.0 -9999.0 -9999.0 -9999.0 -9999.0 -9999.0
-9999.0 -9999.0 -9999.0 -9999.0 1384.702221 1535.038274 1632.381157 1714.331475 1847.892476 1976.907094 2084.010026 2172.143826 2239.446130 2267.029883 2265.489855 2275.527695 2270.423978 2260.127006 2247.764218 2248.482848 2249.853345 2243.011094 2227.963660 2221.811398 2224.935253 2231.961791 2230.156666 2217.015294 2198.612485 2179.454987 2161.893564 2128.646273 2094.096196 2065.304595 2052.431190 2048.004144 2048.073931 2040.939421 2049.841100 2058.473273 2074.450912 2089.880111 2113.591057 2142.833266 2157.060243 2171.752270 2180.861381 2200.341350 2230.178330 2282.999300 2346.194303 2404.073945 2440.896558 2445.480958 2421.391743 2405.660917 2401.023355 2427.781353 2470.920046 2535.373072 2637.892304 2716.178560 2774.253487 2824.311409 2867.517701 2795.495074 2884.133974 2960.960527 -9999.0 -9999.0 -9999.0 -9999.0 -9999.0 -9999.0 -9999.0 -9999.0 -9999.0 -9999.0 -9999.0 -9999.0
-9999.0 -9999.0 -9999.0 -9999.0 -9999.0 -9999.0 1352.808435 1457.061685 1531.628914 1679.466678 1819.858657 1926.444698 2009.691773 2044.155223 2074.301152 2101.921171 2099.646590 2078.515378 2056.557398 2075.912916 2092.099444 2086.023065 2055.383542 2056.585991 2063.205622 2071.834058 2069.907530 2063.986907 2039.121439 2052.988626 2055.202426 2032.016582 2006.252261 1992.955895 1981.280668 1991.124639 1991.475631 1977.720213 1977.738096 2005.480081 2026.459194 2039.642074 2061.106493 2094.283821 2126.674431 2142.087622 2143.156185 2148.477427 2186.727521 2256.241449 2328.079185 2383.970871 2416.940077 2425.216416 2398.973409 2359.093585 2338.953457 2345.675465 2379.467651 2430.318857 2505.954729 2555.503604 2581.243703 2596.202332 2618.875480 2719.733098 -9999.0 -9999.0 -9999.0 -9999.0 -9999.0 -9999.0 -9999.0 -9999.0 -9999.0 -9999.0 -9999.0 -9999.0 -9999.0 -9999.0
-9999.0 -9999.0 -9999.0 -9999.0 -9999.0 -9999.0 -9999.0 -9999.0 -9999.0 -9999.0 -9999.0 -9999.0 -9999.0 -9999.0 -9999.0 -9999.0 -9999.0 -9999.0 -9999.0 -9999.0 -9999.0 -9999.0 -9999.0 -9999.0 -9999.0 -9999.0 -9999.0 -9999.0 -9999.0 -9999.0 -9999.0 -9999.0 -9999.0 -9999.0 -9999.0 -9999.0 -9999.0 -9999.0 -9999.0 -9999.0 -9999.0 -9999.0 -9999.0 -9999.0 -9999.0 -9999.0 -9999.0 -9999.0 -9999.0 -9999.0 -9999.0 -9999.0 -9999.0 -9999.0 -9999.0 -9999.0 -9999.0 -9999.0 -9999.0 -9999.0 -9999.0 -9999.0 -9999.0 -9999.0 -9999.0 -9999.0 -9999.0 -9999.0 -9999.0 -9999.0 -9999.0 -9999.0 -9999.0 -9999.0 -9999.0 -9999.0 -9999.0 -9999.0 -9999.0 -9999.0
-9999.0 -9999.0 -9999.0 -9999.0 -9999.0 -9999.0 -9999.0 -9999.0 -9999.0 -9999.0 -9999.0 -9999.0 -9999.0 -9999.0 -9999.0 -9999.0 -9999.0 -9999.0 -9999.0 -9999.0 -9999.0 -9999.0 -9999.0 -9999.0 -9999.0 -9999.0 -9999.0 -9999.0 -9999.0 -9999.0 -9999.0 -9999.0 -9999.0 -9999.0 -9999.0 -9999.0 -9999.0 -9999.0 -9999.0 -9999.0 -9999.0 -9999.0 -9999.0 -9999.0 -9999.0 -9999.0 -9999.0 -9999.0 -9999.0 -9999.0 -9999.0 -9999.0 -9999.0 -9999.0 -9999.0 -9999.0 -9999.0 -9999.0 -9999.0 -9999.0 -9999.0 -9999.0 -9999.0 -9999.0 -9999.0 -9999.0 -9999.0 -9999.0 -9999.0 -9999.0 -9999.0 -9999.0 -9999.0 -9999.0 -9999.0 -9999.0 -9999.0 -9999.0 -9999.0 -9999.0