Borden_/Borden1m_014/output_maps/psiliqL0015N0012.asc
ncols         80
nrows         18
xllcorner     620200.000000
yllcorner     5168000.000000
cellsize      1.000000
NODATA_value  -9999.0
-9999.0 -9999.0 -9999.0 -9999.0 -9999.0 -9999.0 -9999.0 -9999.0 -9999.0 -9999.0 -9999.0 -9999.0 -9999.0 -9999.0 -9999.0 -9999.0 -9999.0 -9999.0 -9999.0 -9999.0 -9999.0 -9999.0 -9999.0 -9999.0 -9999.0 -9999.0 -9999.0 -9999.0 -9999.0 -9999.0 -9999.0 -9999.0 -9999.0 -9999.0 -9999.0 -9999.0 -9999.0 -9999.0 -9999.0 -9999.0 -9999.0 -9999.0 -9999.0 -9999.0 -9999.0 -9999.0 -9999.0 -9999.0 -9999.0 -9999.0 -9999.0 -9999.0 -9999.0 -9999.0 -9999.0 -9999.0 -9999.0 -9999.0 -9999.0 -9999.0 -9999.0 -9999.0 -9999.0 -9999.0 -9999.0 -9999.0 -9999.0 -9999.0 -9999.0 -9999.0 -9999.0 -9999.0 -9999.0 -9999.0 -9999.0 -9999.0 -9999.0 -9999.0 -9999.0 -9999.0
-9999.0 -9999.0 -9999.0 -9999.0 -9999.0 -9999.0 -9999.0 -9999.0 -9999.0 -9999.0 -9999.0 -9999.0 -9999.0 -9999.0 -9999.0 -9999.0 -9999.0 -9999.0 -9999.0 -9999.0 -9999.0 -9999.0 -9999.0 -9999.0 -9999.0 -9999.0 -9999.0 -9999.0 -9999.0 -9999.0 -9999.0 -9999.0 -9999.0 -9999.0 -9999.0 -9999.0 -9999.0 -9999.0 -9999.0 -9999.0 -9999.0 -9999.0 -9999.0 -9999.0 -9999.0 -9999.0 -9999.0 -9999.0 -9999.0 -9999.0 -9999.0 -9999.0 -9999.0 -9999.0 -9999.0 -9999.0 -9999.0 -9999.0 -9999.0 -9999.0 -9999.0 -9999.0 -9999.0 -9999.0 -9999.0 -9999.0 -9999.0 -9999.0 -9999.0 -9999.0 -9999.0 -9999.0 -9999.0 -9999.0 -9999.0 -9999.0 -9999.0 -9999.0 -9999.0 -9999.0
-9999.0 -9999.0 -9999.0 -9999.0 -9999.0 -9999.0 -9999.0 -9999.0 -9999.0 -9999.0 -9999.0 -9999.0 -9999.0 -9999.0 -9999.0 -9999.0 -9999.0 -9999.0 -9999.0 -9999.0 1146.636559 1149.574918 1128.424917 1095.909911 1069.408125 1073.191521 1109.082285 1151.393347 1190.749461 1201.294728 1184.517771 1188.985521 1187.018610 1188.547050 1193.654306 1202.902108 1209.105833 1221.166697 1229.783189 1229.081877 1222.548241 1217.053444 1217.145719 1219.747309 1225.110586 1214.092024 1228.406484 1243.523503 1247.864869 1241.278241 1212.075529 1193.908519 1182.228117 1164.315012 1186.848976 1196.553331 1217.223873 1219.470663 1216.175286 1188.024874 1157.219934 -9999.0 -9999.0 -9999.0 -9999.0 -9999.0 -9999.0 -9999.0 -9999.0 -9999.0 -9999.0 -9999.0 -9999.0 -9999.0 -9999.0 -9999.0 -9999.0 -9999.0 -9999.0 -9999.0
-9999.0 -9999.0 -9999.0 -9999.0 -9999.0 -9999.0 -9999.0 -9999.0 -9999.0 -9999.0 -9999.0 -9999.0 -9999.0 -9999.0 1052.776070 1043.981554 1042.266258 1051.794477 1086.570750 1117.957877 1130.601151 1124.232989 1125.621457 1103.598978 1084.877964 1101.048528 1132.697372 1165.391410 1200.365543 1220.787243 1210.618387 1210.648857 1223.773160 1253.232613 1269.623408 1269.811283 1252.515159 1277.191760 1292.822501 1300.310244 1298.765627 1289.443060 1301.169670 1316.106725 1309.163016 1292.878660 1299.640061 1312.339998 1323.800360 1308.741466 1242.332955 1219.235540 1211.218917 1201.951761 1185.705849 1177.196739 1200.218873 1197.879798 1187.813056 1168.440884 1134.541114 1089.544164 1069.785812 1107.277936 1149.806210 1205.957139 -9999.0 -9999.0 -9999.0 -9999.0 -9999.0 -9999.0 -9999.0 -9999.0 -9999.0 -9999.0 -9999.0 -9999.0 -9999.0 -9999.0
-9999.0 -9999.0 -9999.0 -9999.0 -9999.0 -9999.0 -9999.0 -9999.0 -9999.0 993.175274 998.371685 1006.458454 1009.745830 1026.311745 1024.633636 1032.887570 1041.021652 1069.496643 1102.129255 1138.968012 1169.336231 1162.047178 1164.199414 1176.157602 1182.369412 1198.208491 1222.810556 1264.126071 1302.732495 1342.511921 1314.361717 1315.009266 1340.367646 1396.208850 1435.034391 1445.650852 1430.460394 1441.229877 1465.785566 1485.560821 1482.769626 1478.516743 1501.856689 1514.803705 1515.282786 1496.798145 1488.035505 1490.727076 1516.038769 1462.719618 1391.399849 1333.671790 1332.780738 1300.511792 1261.443677 1238.918252 1232.197345 1249.065581 1231.767422 1192.908063 1155.033301 1141.945055 1122.514347 1137.983509 1158.489931 1203.190351 1240.821065 1268.038991 1266.343232 1247.994309 -9999.0 -9999.0 -9999.0 -9999.0 -9999.0 -9999.0 -9999.0 -9999.0 -9999.0 -9999.0
-9999.0 -9999.0 -9999.0 -9999.0 -9999.0 -9999.0 913.664852 923.923900 945.049909 950.229064 976.566244 984.823830 1006.467801 1026.934423 1050.084671 1068.121222 1099.571499 1134.180577 1177.269563 1223.456218 1258.790964 1255.823404 1268.091050 1301.134713 1345.646268 1382.685898 1413.009119 1453.682490 1526.799077 1565.355546 1571.065967 1579.094883 1598.485587 1664.060447 1737.856050 1757.369616 1741.013676 1728.628642 1747.983243 1780.731058 1782.294380 1780.933029 1789.633081 1798.009745 1823.662646 1816.718046 1782.475463 1772.551471 1771.834265 1752.720469 1683.095448 1605.191061 1564.028953 1511.923312 1427.656797 1369.292205 1368.872501 1381.479787 1349.181080 1293.176865 1249.868054 1235.514840 1216.995201 1201.019993 1204.895797 1221.843731 1242.104217 1251.478411 1236.790096 1214.185592 1190.225827 1160.099794 1160.712633 1184.997624 -9999.0 -9999.0 -9999.0 -9999.0 -9999.0 -9999.0
-9999.0 -9999.0 -9999.0 -9999.0 863.001303 876.709239 865.215758 891.379684 925.092930 960.340297 993.208316 1031.177746 1059.757197 1091.738890 1134.342201 1171.304764 1215.180249 1252.946226 1311.341448 1386.073380 1444.022622 1471.179169 1487.996921 1549.366336 1620.417170 1688.296912 1717.532057 1745.263751 1783.755774 1836.892979 1860.328509 1867.641308 1890.247012 1934.275247 1986.854023 2022.798346 2009.524377 2004.110423 2010.402244 2020.152782 2040.870147 2040.275625 2040.972662 2042.871620 2047.669865 2048.616257 2028.258166 1998.851336 1986.618232 1976.179302 1942.427549 1867.768200 1826.571843 1796.909514 1761.982056 1703.913576 1627.404331 1604.106008 1543.929666 1485.029008 1419.253707 1390.208298 1353.570005 1323.531203 1290.385353 1288.477005 1288.723401 1265.558766 1230.925348 1196.495465 1179.402793 1158.660062 1145.910744 1174.535437 1190.975838 1220.494302 -9999.0 -9999.0 -9999.0 -9999.0
-9999.0 -9999.0 802.336102 851.631201 909.786465 920.037911 921.911090 929.224056 959.056343 1012.625253 1089.190660 1141.004044 1184.631426 1220.964293 1284.856272 1369.990347 1445.243334 1496.339987 1561.644111 1643.035227 1716.948401 1754.608138 1771.483047 1810.456737 1868.189922 1937.088521 1967.852111 1993.529595 2020.464659 2048.943698 2056.655746 2070.051587 2080.446767 2086.933354 2095.085462 2098.528380 2096.387638 2093.611252 2077.043306 2073.557474 2079.783648 2084.383357 2085.566181 2072.450625 2068.874118 2083.102488 2088.599739 2089.713159 2090.495299 2097.349809 2098.870572 2057.765727 2021.252978 2006.475229 1995.502039 1948.491628 1879.802352 1837.486446 1815.742641 1773.664685 1692.239184 1628.282740 1568.879037 1514.179843 1454.632770 1418.000093 1367.007605 1320.615542 1270.839418 1221.610643 1194.840572 1173.744713 1168.558210 1166.172690 1180.646403 1194.726340 1209.165390 1216.489136 -9999.0 -9999.0
-9999.0 698.499642 771.401239 898.625842 980.595970 1027.789161 1062.101818 1086.718326 1116.738004 1144.749154 1251.100370 1342.739945 1435.450181 1475.576847 1532.715069 1642.554480 1741.544163 1788.611389 1828.779805 1889.575318 1954.025078 2001.983655 2029.068179 2038.994071 2074.806225 2091.956709 2097.830937 2102.049210 2097.535235 2087.701319 2076.962751 2082.197370 2078.659592 2060.030744 2043.249650 2039.612082 2035.604241 2014.868497 1990.107481 1977.639182 1980.885407 2003.757267 1992.387796 1972.719336 1969.168063 1989.640317 2008.805290 2001.399359 1991.449601 2010.503718 2045.222813 2066.378266 2076.008538 2092.045248 2111.427059 2084.177000 2054.953122 2014.795791 1997.671989 1971.166199 1914.480308 1850.807531 1793.832605 1728.723111 1651.099840 1574.772532 1505.014263 1436.559816 1365.592764 1319.941986 1283.219968 1227.638544 1202.023367 1200.046826 1188.680732 1184.002196 1188.682628 1194.408236 -9999.0 -9999.0
-9999.0 617.549857 760.517859 946.419106 1098.019856 1162.194268 1270.264821 1351.598334 1379.958015 1352.976302 1463.847596 1690.742875 1796.629468 1816.141373 1890.151422 1982.683581 2003.156636 2035.581189 2058.037564 2069.597421 2079.121073 2088.926764 2086.877218 2081.821246 2069.370690 2064.644647 2066.272296 2065.672998 2049.482716 2029.139418 2008.299941 2001.466145 1981.344768 1934.720576 1896.123127 1874.116999 1857.373918 1840.903074 1812.746764 1789.640213 1776.782984 1793.109304 1787.257383 1771.505792 1767.649041 1788.299413 1819.243897 1815.985101 1826.502992 1852.476563 1897.388303 1938.199890 1960.271558 1989.173708 2024.468155 2067.302719 2082.203598 2104.366348 2109.589102 2092.170048 2050.210933 1999.977890 1967.974209 1908.116561 1835.351594 1756.090649 1685.794631 1612.051558 1535.936500 1482.244445 1423.913366 1355.312481 1292.235550 1262.655650 1219.567537 1197.819188 -9999.0 -9999.0 -9999.0 -9999.0
-9999.0 537.834746 726.352322 986.150991 1268.030211 1389.838188 1609.339777 1741.056080 1797.426379 1866.624686 1843.643371 1994.088401 2034.683676 2031.669453 2032.751509 2039.558762 2056.341333 2059.787881 2055.590840 2044.771564 2034.395332 2029.073928 2026.969112 2020.113029 2009.955895 1998.118106 1988.219685 1978.577966 1943.272784 1907.407735 1863.547202 1843.060003 1800.662284 1704.158413 1649.567495 1603.237953 1542.256650 1536.790096 1533.454911 1507.760433 1490.005671 1470.354324 1492.912587 1497.879138 1500.146503 1502.563636 1518.663470 1543.323872 1591.381687 1636.387881 1694.655302 1753.577634 1789.961498 1834.050734 1881.999692 1939.973062 1973.941506 2005.483213 2052.849134 2091.111726 2114.504918 2104.435600 2079.829695 2038.328238 1973.415932 1913.481979 1867.962783 1796.237166 1731.917167 1671.655047 1605.633764 1531.899762 1448.742735 1354.275610 1307.523368 -9999.0 -9999.0 -9999.0 -9999.0 -9999.0
-9999.0 356.757321 624.932897 914.490098 1234.096054 1577.200171 1722.334232 1852.780608 1928.518818 1901.854257 1913.194244 1934.689369 1975.933081 1985.009702 1968.235227 1962.428305 1952.506428 1951.880879 1961.952972 1931.026472 1894.766726 1876.494597 1873.658157 1861.808661 1840.243958 1826.117364 1817.111752 1799.698062 1752.690240 1694.913250 1597.891163 1558.453580 1478.410591 1418.887388 1368.642233 1314.012812 1261.078593 1259.878325 1278.208712 1264.859218 1243.737378 1226.054121 1253.109805 1271.178568 1283.349646 1271.609453 1280.420662 1316.716587 1368.005810 1416.362948 1472.959227 1531.739456 1580.776399 1633.335353 1674.873589 1736.211495 1789.690211 1840.060529 1917.455580 1995.928485 2032.737293 2067.699278 2101.714705 2120.419258 2074.207049 2032.094184 1988.897098 1936.801145 1864.122562 1820.784869 1783.316976 1710.106771 1628.798737 -9999.0 -9999.0 -9999.0 -9999.0 -9999.0 -9999.0 -9999.0
-9999.0 230.507297 449.136751 679.178148 966.416448 1210.583888 1412.060257 1529.374503 1620.734774 1666.809733 1707.433191 1742.845349 1773.100619 1796.129312 1777.214386 1741.154009 1714.228251 1717.049842 1708.104500 1674.360671 1629.364872 1604.507675 1597.557188 1588.880253 1564.299859 1550.900440 1541.766621 1520.617594 1487.225043 1428.262494 1341.769941 1264.699288 1201.279002 1167.511310 1135.466091 1100.785027 1064.157000 1074.259150 1087.437277 1084.590484 1074.636208 1072.111606 1101.581884 1120.756766 1130.875330 1119.089801 1138.146866 1165.030150 1207.416619 1252.119305 1303.577385 1360.476542 1415.718986 1448.079725 1467.702888 1500.405179 1546.114103 1608.850735 1708.697470 1809.775457 1891.516521 1943.758868 1996.936460 2034.489643 2053.380149 2071.426860 2054.625684 1983.143542 1879.185488 1890.024986 1891.300136 -9999.0 -9999.0 -9999.0 -9999.0 -9999.0 -9999.0 -9999.0 -9999.0 -9999.0
-9999.0 -9999.0 215.391679 393.439157 532.778620 714.901141 868.042490 982.558587 1077.303336 1195.757996 1304.011458 1388.419724 1432.274416 1449.887410 1436.738928 1404.663514 1383.469909 1381.989225 1368.205996 1350.719508 1321.844849 1307.767526 1293.728530 1284.236668 1273.713682 1268.497064 1263.879478 1253.127310 1231.040229 1182.957530 1131.489236 1077.999623 1023.312284 996.746780 973.755742 951.272028 949.246200 945.535100 951.538623 953.374277 960.420096 973.178450 993.529999 1015.537991 1025.263384 1033.821552 1046.290408 1070.105714 1103.569907 1146.418210 1201.124876 1259.431501 1300.008948 1314.370702 1307.632654 1316.386742 1340.889379 1389.252010 1478.730391 1570.973365 1677.610269 1760.337347 1839.335663 1900.103844 1926.559928 1950.416756 1974.119120 1916.155717 1654.838748 1823.028465 -9999.0 -9999.0 -9999.0 -9999.0 -9999.0 -9999.0 -9999.0 -9999.0 -9999.0 -9999.0
-9999.0 -9999.0 -9999.0 -9999.0 251.576285 407.537051 505.281649 590.504955 721.224057 842.829358 944.057665 1027.129307 1087.889199 1114.071426 1109.225420 1113.303689 1107.946793 1101.005090 1089.210510 1084.159781 1078.468781 1067.989684 1052.482318 1044.256534 1044.672688 1049.499672 1047.331437 1034.006007 1016.475517 992.696807 970.787788 935.316878 898.427744 868.601249 854.901604 848.607036 848.251251 841.587626 850.577122 857.949243 873.307680 888.743749 912.669361 941.603376 955.158726 969.778631 979.476369 1000.061831 1030.526098 1084.082047 1147.723062 1205.685883 1241.763461 1246.950835 1223.472842 1209.744130 1208.371461 1239.347062 1288.834453 1361.470499 1470.152129 1552.024934 1620.879687 1682.514601 1733.361536 1793.154360 1864.808534 1903.019405 -9999.0 -9999.0 -9999.0 -9999.0 -9999.0 -9999.0 -9999.0 -9999.0 -9999.0 -9999.0 -9999.0 -9999.0
-9999.0 -9999.0 -9999.0 -9999.0 -9999.0 -9999.0 208.082264 309.527688 392.530686 529.701109 658.224737 758.563869 837.982642 868.643033 893.490762 919.415684 916.680725 897.628599 877.542358 893.837735 904.690179 897.260923 866.667513 865.506278 869.934314 878.513434 876.741116 870.568086 845.553703 856.088933 855.838052 832.055841 805.522365 791.149946 779.048395 788.512387 788.771622 775.427144 776.486516 803.265913 823.554148 836.883467 858.921524 892.160420 924.431280 939.417509 940.663972 946.783504 987.114762 1057.432996 1129.015158 1184.321089 1216.843587 1225.374712 1198.796542 1159.681421 1140.435621 1149.313587 1186.547999 1242.510602 1322.862688 1378.171504 1413.492811 1440.526512 1473.124986 1571.262892 -9999.0 -9999.0 -9999.0 -9999.0 -9999.0 -9999.0 -9999.0 -9999.0 -9999.0 -9999.0 -9999.0 -9999.0 -9999.0 -9999.0
-9999.0 -9999.0 -9999.0 -9999.0 -9999.0 -9999.0 -9999.0 -9999.0 -9999.0 -9999.0 -9999.0 -9999.0 -9999.0 -9999.0 -9999.0 -9999.0 -9999.0 -9999.0 -9999.0 -9999.0 -9999.0 -9999.0 -9999.0 -9999.0 -9999.0 -9999.0 -9999.0 -9999.0 -9999.0 -9999.0 -9999.0 -9999.0 -9999.0 -9999.0 -9999.0 -9999.0 -9999.0 -9999.0 -9999.0 -9999.0 -9999.0 -9999.0 -9999.0 -9999.0 -9999.0 -9999.0 -9999.0 -9999.0 -9999.0 -9999.0 -9999.0 -9999.0 -9999.0 -9999.0 -9999.0 -9999.0 -9999.0 -9999.0 -9999.0 -9999.0 -9999.0 -9999.0 -9999.0 -9999.0 -9999.0 -9999.0 -9999.0 -9999.0 -9999.0 -9999.0 -9999.0 -9999.0 -9999.0 -9999.0 -9999.0 -9999.0 -9999.0 -9999.0 -9999.0 -9999.0
-9999.0 -9999.0 -9999.0 -9999.0 -9999.0 -9999.0 -9999.0 -9999.0 -9999.0 -9999.0 -9999.0 -9999.0 -9999.0 -9999.0 -9999.0 -9999.0 -9999.0 -9999.0 -9999.0 -9999.0 -9999.0 -9999.0 -9999.0 -9999.0 -9999.0 -9999.0 -9999.0 -9999.0 -9999.0 -9999.0 -9999.0 -9999.0 -9999.0 -9999.0 -9999.0 -9999.0 -9999.0 -9999.0 -9999.0 -9999.0 -9999.0 -9999.0 -9999.0 -9999.0 -9999.0 -9999.0 -9999.0 -9999.0 -9999.0 -9999.0 -9999.0 -9999.0 -9999.0 -9999.0 -9999.0 -9999.0 -9999.0 -9999.0 -9999.0 -9999.0 -9999.0 -9999.0 -9999.0 -9999.0 -9999.0 -9999.0 -9999.0 -9999.0 -9999.0 -9999.0 -9999.0 -9999.0 -9999.0 -9999.0 -9999.0 -9999.0 -9999.0 -9999.0 -9999.0 -9999.0