Borden_/Borden1m_014/output_maps/psiliqL0021N0006.asc
ncols         80
nrows         18
xllcorner     620200.000000
yllcorner     5168000.000000
cellsize      1.000000
NODATA_value  -9999.0
-9999.0 -9999.0 -9999.0 -9999.0 -9999.0 -9999.0 -9999.0 -9999.0 -9999.0 -9999.0 -9999.0 -9999.0 -9999.0 -9999.0 -9999.0 -9999.0 -9999.0 -9999.0 -9999.0 -9999.0 -9999.0 -9999.0 -9999.0 -9999.0 -9999.0 -9999.0 -9999.0 -9999.0 -9999.0 -9999.0 -9999.0 -9999.0 -9999.0 -9999.0 -9999.0 -9999.0 -9999.0 -9999.0 -9999.0 -9999.0 -9999.0 -9999.0 -9999.0 -9999.0 -9999.0 -9999.0 -9999.0 -9999.0 -9999.0 -9999.0 -9999.0 -9999.0 -9999.0 -9999.0 -9999.0 -9999.0 -9999.0 -9999.0 -9999.0 -9999.0 -9999.0 -9999.0 -9999.0 -9999.0 -9999.0 -9999.0 -9999.0 -9999.0 -9999.0 -9999.0 -9999.0 -9999.0 -9999.0 -9999.0 -9999.0 -9999.0 -9999.0 -9999.0 -9999.0 -9999.0
-9999.0 -9999.0 -9999.0 -9999.0 -9999.0 -9999.0 -9999.0 -9999.0 -9999.0 -9999.0 -9999.0 -9999.0 -9999.0 -9999.0 -9999.0 -9999.0 -9999.0 -9999.0 -9999.0 -9999.0 -9999.0 -9999.0 -9999.0 -9999.0 -9999.0 -9999.0 -9999.0 -9999.0 -9999.0 -9999.0 -9999.0 -9999.0 -9999.0 -9999.0 -9999.0 -9999.0 -9999.0 -9999.0 -9999.0 -9999.0 -9999.0 -9999.0 -9999.0 -9999.0 -9999.0 -9999.0 -9999.0 -9999.0 -9999.0 -9999.0 -9999.0 -9999.0 -9999.0 -9999.0 -9999.0 -9999.0 -9999.0 -9999.0 -9999.0 -9999.0 -9999.0 -9999.0 -9999.0 -9999.0 -9999.0 -9999.0 -9999.0 -9999.0 -9999.0 -9999.0 -9999.0 -9999.0 -9999.0 -9999.0 -9999.0 -9999.0 -9999.0 -9999.0 -9999.0 -9999.0
-9999.0 -9999.0 -9999.0 -9999.0 -9999.0 -9999.0 -9999.0 -9999.0 -9999.0 -9999.0 -9999.0 -9999.0 -9999.0 -9999.0 -9999.0 -9999.0 -9999.0 -9999.0 -9999.0 -9999.0 2343.716227 2345.912982 2324.967489 2292.145876 2265.306544 2268.715806 2303.819081 2346.156661 2386.275504 2396.048257 2378.620332 2382.836704 2379.136858 2376.563175 2378.619002 2387.188833 2394.486778 2406.355753 2416.203543 2417.337646 2412.934254 2409.629066 2412.153160 2414.546856 2420.118412 2406.341893 2420.166373 2433.763866 2435.799662 2429.117304 2401.553673 2386.183223 2375.989912 2358.717834 2382.609170 2392.484343 2413.178909 2415.574979 2412.130024 2384.300704 2353.573100 -9999.0 -9999.0 -9999.0 -9999.0 -9999.0 -9999.0 -9999.0 -9999.0 -9999.0 -9999.0 -9999.0 -9999.0 -9999.0 -9999.0 -9999.0 -9999.0 -9999.0 -9999.0 -9999.0
-9999.0 -9999.0 -9999.0 -9999.0 -9999.0 -9999.0 -9999.0 -9999.0 -9999.0 -9999.0 -9999.0 -9999.0 -9999.0 -9999.0 2251.241425 2242.805577 2240.960018 2249.776227 2283.687913 2314.693409 2326.655484 2320.187892 2321.207486 2298.183320 2277.658617 2292.409374 2323.621229 2355.944422 2391.177991 2411.008889 2401.048633 2399.584474 2408.524417 2431.793796 2442.986962 2441.050206 2423.765498 2450.264916 2467.590491 2477.163737 2478.826891 2471.565614 2482.550059 2497.197105 2489.811435 2473.151708 2480.676249 2491.921207 2499.681244 2485.530345 2421.581225 2404.407216 2398.976258 2392.309755 2377.068235 2370.383866 2395.393904 2392.664790 2383.116531 2364.177557 2330.005831 2284.515168 2264.360110 2302.596872 2344.911909 2400.263848 -9999.0 -9999.0 -9999.0 -9999.0 -9999.0 -9999.0 -9999.0 -9999.0 -9999.0 -9999.0 -9999.0 -9999.0 -9999.0 -9999.0
-9999.0 -9999.0 -9999.0 -9999.0 -9999.0 -9999.0 -9999.0 -9999.0 -9999.0 2191.663559 2197.678021 2205.770818 2209.309760 2225.582010 2223.059198 2230.998482 2237.474536 2265.850726 2297.102134 2332.415021 2361.148885 2354.006496 2354.665666 2362.308126 2361.938028 2373.350572 2396.521375 2437.932613 2473.639500 2512.613673 2482.412991 2479.629744 2498.813237 2543.720897 2572.349756 2577.841359 2561.041680 2577.207408 2605.570902 2628.882477 2630.752131 2628.527790 2652.598679 2666.890182 2663.191200 2641.979727 2637.175337 2638.968887 2661.847266 2605.997477 2536.033831 2490.288101 2499.692211 2474.522737 2441.778463 2423.050905 2419.396296 2437.519872 2422.039001 2384.123546 2347.855847 2334.325308 2315.003164 2332.253350 2353.222647 2397.617248 2435.691233 2463.421176 2461.561166 2443.300278 -9999.0 -9999.0 -9999.0 -9999.0 -9999.0 -9999.0 -9999.0 -9999.0 -9999.0 -9999.0
-9999.0 -9999.0 -9999.0 -9999.0 -9999.0 -9999.0 2111.258838 2122.306673 2144.081400 2148.519091 2175.745694 2183.132088 2204.191979 2223.591477 2246.433004 2262.214229 2290.951808 2323.642860 2362.730580 2404.432583 2437.134491 2430.608840 2441.272795 2465.767258 2499.117813 2524.576085 2551.478499 2593.735499 2670.663804 2711.608958 2711.558594 2714.899988 2724.808923 2776.284546 2842.655128 2855.862268 2836.823672 2826.255214 2854.376264 2898.612150 2905.476256 2908.723955 2793.888738 2803.763175 2830.300028 2821.002473 2908.589637 2896.053441 2894.415145 2867.334835 2795.926223 2732.840121 2705.872582 2654.074777 2570.543009 2518.315452 2530.306355 2550.529928 2522.870874 2469.459592 2428.837688 2417.457764 2401.121117 2388.343071 2395.588282 2414.443566 2435.303225 2445.836602 2431.546728 2408.979169 2385.604668 2356.016032 2357.289577 2381.674438 -9999.0 -9999.0 -9999.0 -9999.0 -9999.0 -9999.0
-9999.0 -9999.0 -9999.0 -9999.0 2059.911168 2073.731067 2061.284823 2088.560083 2122.575046 2158.175289 2189.256318 2225.305334 2252.220809 2282.220950 2319.750950 2348.813508 2387.298797 2421.463675 2474.281206 2541.621582 2593.126608 2615.508032 2630.639500 2687.333065 2748.104243 2800.642302 2824.860808 2856.707144 2792.444593 2847.952061 2870.923290 2874.721065 2891.550617 2931.159094 2983.255324 3010.701125 2993.725295 2985.422513 2993.652946 3006.340396 3028.441510 3028.579229 3029.457606 3032.700445 3039.135312 3038.192910 3013.655476 2981.117790 2975.069304 2965.703218 2931.893499 2862.417476 2830.155570 2803.151857 2882.079992 2821.993088 2761.471875 2751.376903 2692.310901 2631.635855 2570.822293 2550.977279 2520.689618 2495.696999 2469.558572 2473.109562 2477.471216 2456.784729 2422.865575 2389.535563 2373.676475 2353.878586 2341.320291 2370.939788 2387.789446 2417.099476 -9999.0 -9999.0 -9999.0 -9999.0
-9999.0 -9999.0 1999.032195 2046.378418 2104.470610 2113.222414 2111.537422 2118.031639 2147.923770 2201.193001 2272.288310 2317.358908 2354.337146 2388.575975 2446.543414 2517.767323 2586.226966 2633.075492 2698.142292 2772.777857 2839.418309 2874.743229 2892.475650 2813.016433 2865.476554 2930.300621 2956.909554 2982.260146 3004.749881 3038.499314 3037.851992 3049.698700 3060.487855 3069.305419 3080.621244 3085.778363 3081.596819 3077.145477 3059.005263 3054.473672 3061.085904 3067.798298 3067.777735 3053.632346 3049.699702 3064.147889 3069.472899 3067.992737 3066.279687 3071.989560 3070.720253 3026.572759 3001.554774 2987.519967 2984.852444 2940.349117 2875.944122 2841.746914 2822.410682 2899.887957 2816.806349 2765.095002 2713.078566 2666.437843 2613.105226 2586.561660 2542.794703 2502.135083 2455.855489 2408.859298 2384.226242 2365.810443 2362.527143 2361.210777 2377.188864 2391.858912 2406.946181 2414.598886 -9999.0 -9999.0
-9999.0 1891.592876 1963.433667 2087.642582 2167.590313 2209.980433 2231.470898 2246.649402 2277.366862 2311.568631 2409.332609 2480.233019 2568.783476 2609.249733 2657.127444 2755.470701 2855.502814 2798.090196 2834.194967 2892.874336 2954.548446 2993.201007 3018.468605 3009.291331 3045.251147 3067.253573 3072.831856 3077.978767 3076.066406 3067.748782 3060.467580 3067.431457 3064.876073 3046.505995 3031.199774 3029.741923 3026.517430 3003.926406 2984.135720 2969.333285 2971.588680 2988.608010 2982.849062 2961.977528 2957.768374 2978.847076 2991.948855 2981.744650 2976.239750 2985.183472 3018.711188 3041.388714 3045.924657 3063.502109 3084.391880 3056.874293 3032.996656 2991.370240 2982.548934 2957.573273 2902.502128 2847.577741 2800.091136 2854.872619 2786.914621 2722.588067 2660.070575 2597.609277 2533.289377 2491.596972 2459.850521 2409.768981 2389.998380 2392.186036 2383.881806 2380.851181 2386.383565 2392.490115 -9999.0 -9999.0
-9999.0 1801.873764 1942.347699 2123.354942 2270.031148 2321.097996 2403.531004 2474.599874 2499.991147 2461.822287 2571.854012 2797.956117 2820.381393 2834.304830 2904.908695 2987.455185 2982.718471 3011.775615 3032.812527 3050.765872 3065.352360 3076.908887 3074.479928 3068.526555 3052.614943 3044.745163 3044.035064 3042.123421 3025.397166 3007.043404 2990.690573 2988.189105 2978.796992 2932.808282 2900.629694 2884.454798 2868.330044 2853.758694 2825.430866 2800.259710 2915.626558 2798.095911 2794.168776 2903.857358 2899.140342 2794.142270 2824.714124 2821.019810 2830.070718 2849.152108 2884.550281 2921.128958 2940.055926 2968.506085 2995.922161 3040.995379 3051.935528 3073.778729 3077.432518 3063.830175 3019.633494 2977.549652 2948.454446 2894.167365 2834.347767 2876.463942 2811.120360 2748.687839 2679.180370 2631.526449 2580.096145 2518.455208 2465.882664 2448.393286 2410.443093 2393.326806 -9999.0 -9999.0 -9999.0 -9999.0
-9999.0 1709.314092 1892.196253 2139.270162 2426.943311 2518.350337 2727.453648 2800.457958 2840.697198 2904.059790 2822.619039 2992.978306 3035.315682 3027.668293 3033.812924 3035.420204 3048.541580 3048.493976 3043.472483 3032.887488 3023.889479 3019.773039 3018.526962 3010.726969 2998.363167 2984.059749 2980.176823 2969.179751 2933.890799 2902.903605 2866.528343 2854.566574 2814.478787 2829.554695 2783.117734 2742.257040 2682.586101 2682.310805 2685.373201 2658.463148 2641.371561 2613.262178 2638.203585 2647.826632 2651.097726 2648.516285 2662.312631 2692.500369 2740.006870 2776.069965 2819.352110 2873.362741 2793.932323 2832.516760 2872.969088 2924.628496 2954.634194 2983.181486 3022.014425 3058.423722 3080.603166 3068.125073 3047.299494 3005.489194 2953.627488 2904.371888 2875.638517 2825.869710 2851.400910 2794.518882 2737.439856 2672.797088 2600.508956 2531.972273 2492.780832 -9999.0 -9999.0 -9999.0 -9999.0 -9999.0
-9999.0 1504.638425 1769.681978 2044.373422 2335.847407 2674.978601 2795.284594 2894.934086 2955.258319 2927.708331 2941.104475 2950.636236 2981.259118 2986.866982 2971.316812 2959.091455 2943.519631 2942.478603 2955.431417 2929.172748 2900.294161 2887.698031 2888.423581 2877.642397 2854.605287 2839.530524 2830.013055 2812.428479 2880.241442 2823.259518 2734.655693 2696.779906 2612.371429 2563.733934 2520.220750 2469.761688 2420.878395 2423.788698 2446.763761 2436.388734 2415.503426 2397.270856 2424.806806 2445.100004 2458.084654 2444.404965 2452.710299 2487.070937 2535.121104 2577.802022 2625.489789 2681.171462 2727.479874 2775.792372 2807.868985 2859.258609 2790.843271 2831.783204 2900.536342 2975.718049 3001.852968 3034.876683 3065.497480 3086.571440 3044.811232 3016.991498 2994.456978 2976.246314 2930.224632 2885.503210 2845.134893 2782.726958 2756.200204 -9999.0 -9999.0 -9999.0 -9999.0 -9999.0 -9999.0 -9999.0
-9999.0 1386.284921 1589.839117 1796.656949 2060.217990 2294.113265 2506.766514 2608.460745 2690.486515 2754.892488 2810.361665 2856.170842 2791.300757 2811.846056 2789.278520 2845.372748 2809.747354 2811.023824 2802.750883 2780.442588 2752.880764 2740.299451 2738.899679 2734.358154 2712.699320 2700.626143 2690.409160 2664.671417 2633.754868 2575.924320 2497.505151 2420.948215 2362.572607 2335.509569 2307.741986 2277.098434 2246.486448 2258.298225 2270.685888 2270.113887 2262.109820 2260.699359 2289.263399 2307.988050 2317.728686 2306.940724 2326.044572 2351.013855 2390.364849 2432.578364 2480.034853 2532.940958 2585.989553 2613.761105 2625.697700 2648.799807 2689.179792 2745.028191 2833.179297 2807.081748 2880.412470 2924.464210 2973.927886 3004.526316 3030.473326 3059.139992 3078.448799 3069.105711 3044.951362 3012.854704 2958.963174 -9999.0 -9999.0 -9999.0 -9999.0 -9999.0 -9999.0 -9999.0 -9999.0 -9999.0
-9999.0 -9999.0 1360.622730 1523.009355 1636.556409 1805.125624 1949.916099 2058.545430 2156.296774 2290.028402 2410.048252 2505.947937 2553.846767 2572.063944 2557.605646 2526.231105 2504.201603 2501.630204 2489.424528 2480.829328 2464.307637 2458.353949 2446.713208 2439.569914 2433.342073 2430.552069 2426.334019 2416.191920 2395.296187 2349.407573 2305.444287 2256.802801 2205.808272 2181.208393 2160.312728 2140.616116 2142.001441 2137.501111 2143.075425 2145.592339 2154.053121 2167.419924 2186.940656 2209.321586 2219.107204 2228.904311 2240.824307 2263.664379 2295.269581 2336.293498 2389.184336 2446.655160 2486.108089 2498.148136 2487.253747 2490.682312 2508.026677 2548.287645 2625.069899 2708.333237 2808.300240 2884.849654 2832.356675 2886.532586 2912.054098 2947.846406 3008.717805 3056.335003 3094.624204 3072.559681 -9999.0 -9999.0 -9999.0 -9999.0 -9999.0 -9999.0 -9999.0 -9999.0 -9999.0 -9999.0
-9999.0 -9999.0 -9999.0 -9999.0 1381.364558 1530.981842 1627.419650 1708.091048 1839.983195 1967.181442 2072.841181 2160.587593 2228.081655 2255.829059 2254.264261 2264.387693 2260.051453 2250.953140 2239.874821 2241.767263 2244.083819 2237.910537 2223.253465 2217.253627 2220.337652 2227.149065 2225.007118 2211.534867 2193.055450 2174.225528 2157.224556 2124.531893 2090.403893 2061.903879 2049.207510 2044.850218 2044.880039 2037.603488 2046.274107 2054.605186 2070.255839 2085.377442 2108.855616 2138.005578 2152.248849 2167.056919 2176.306727 2195.856307 2225.608640 2278.168253 2340.935947 2398.344530 2434.585125 2438.645618 2414.025314 2397.786536 2392.593447 2418.584081 2460.456736 2523.197149 2623.514217 2699.618178 2757.713770 2808.280743 2852.067655 2792.191734 2881.224140 2958.588657 -9999.0 -9999.0 -9999.0 -9999.0 -9999.0 -9999.0 -9999.0 -9999.0 -9999.0 -9999.0 -9999.0 -9999.0
-9999.0 -9999.0 -9999.0 -9999.0 -9999.0 -9999.0 1348.438358 1451.939413 1525.334978 1671.816580 1811.068850 1917.008381 2000.073131 2034.569799 2064.791925 2092.659120 2091.020399 2070.804653 2049.832828 2070.090644 2087.010971 2081.461348 2051.132462 2052.468881 2059.071901 2067.564698 2065.442717 2059.366034 2034.513653 2048.624479 2051.234691 2028.466112 2003.046887 1989.997123 1978.462254 1988.355087 1988.665267 1974.788021 1974.619492 2002.120955 2022.842474 2035.790278 2057.081299 2090.178922 2122.572183 2138.051934 2139.201490 2144.558325 2182.755253 2252.064530 2323.567320 2379.072155 2411.599483 2419.371839 2392.516794 2352.112553 2331.367937 2337.293050 2369.973706 2419.334552 2492.996419 2540.967811 2566.103504 2580.954606 2603.755242 2705.176697 -9999.0 -9999.0 -9999.0 -9999.0 -9999.0 -9999.0 -9999.0 -9999.0 -9999.0 -9999.0 -9999.0 -9999.0 -9999.0 -9999.0
-9999.0 -9999.0 -9999.0 -9999.0 -9999.0 -9999.0 -9999.0 -9999.0 -9999.0 -9999.0 -9999.0 -9999.0 -9999.0 -9999.0 -9999.0 -9999.0 -9999.0 -9999.0 -9999.0 -9999.0 -9999.0 -9999.0 -9999.0 -9999.0 -9999.0 -9999.0 -9999.0 -9999.0 -9999.0 -9999.0 -9999.0 -9999.0 -9999.0 -9999.0 -9999.0 -9999.0 -9999.0 -9999.0 -9999.0 -9999.0 -9999.0 -9999.0 -9999.0 -9999.0 -9999.0 -9999.0 -9999.0 -9999.0 -9999.0 -9999.0 -9999.0 -9999.0 -9999.0 -9999.0 -9999.0 -9999.0 -9999.0 -9999.0 -9999.0 -9999.0 -9999.0 -9999.0 -9999.0 -9999.0 -9999.0 -9999.0 -9999.0 -9999.0 -9999.0 -9999.0 -9999.0 -9999.0 -9999.0 -9999.0 -9999.0 -9999.0 -9999.0 -9999.0 -9999.0 -9999.0
-9999.0 -9999.0 -9999.0 -9999.0 -9999.0 -9999.0 -9999.0 -9999.0 -9999.0 -9999.0 -9999.0 -9999.0 -9999.0 -9999.0 -9999.0 -9999.0 -9999.0 -9999.0 -9999.0 -9999.0 -9999.0 -9999.0 -9999.0 -9999.0 -9999.0 -9999.0 -9999.0 -9999.0 -9999.0 -9999.0 -9999.0 -9999.0 -9999.0 -9999.0 -9999.0 -9999.0 -9999.0 -9999.0 -9999.0 -9999.0 -9999.0 -9999.0 -9999.0 -9999.0 -9999.0 -9999.0 -9999.0 -9999.0 -9999.0 -9999.0 -9999.0 -9999.0 -9999.0 -9999.0 -9999.0 -9999.0 -9999.0 -9999.0 -9999.0 -9999.0 -9999.0 -9999.0 -9999.0 -9999.0 -9999.0 -9999.0 -9999.0 -9999.0 -9999.0 -9999.0 -9999.0 -9999.0 -9999.0 -9999.0 -9999.0 -9999.0 -9999.0 -9999.0 -9999.0 -9999.0