Borden_/Borden1m_014/output_maps/psiliqL0012N0031.asc
ncols         80
nrows         18
xllcorner     620200.000000
yllcorner     5168000.000000
cellsize      1.000000
NODATA_value  -9999.0
-9999.0 -9999.0 -9999.0 -9999.0 -9999.0 -9999.0 -9999.0 -9999.0 -9999.0 -9999.0 -9999.0 -9999.0 -9999.0 -9999.0 -9999.0 -9999.0 -9999.0 -9999.0 -9999.0 -9999.0 -9999.0 -9999.0 -9999.0 -9999.0 -9999.0 -9999.0 -9999.0 -9999.0 -9999.0 -9999.0 -9999.0 -9999.0 -9999.0 -9999.0 -9999.0 -9999.0 -9999.0 -9999.0 -9999.0 -9999.0 -9999.0 -9999.0 -9999.0 -9999.0 -9999.0 -9999.0 -9999.0 -9999.0 -9999.0 -9999.0 -9999.0 -9999.0 -9999.0 -9999.0 -9999.0 -9999.0 -9999.0 -9999.0 -9999.0 -9999.0 -9999.0 -9999.0 -9999.0 -9999.0 -9999.0 -9999.0 -9999.0 -9999.0 -9999.0 -9999.0 -9999.0 -9999.0 -9999.0 -9999.0 -9999.0 -9999.0 -9999.0 -9999.0 -9999.0 -9999.0
-9999.0 -9999.0 -9999.0 -9999.0 -9999.0 -9999.0 -9999.0 -9999.0 -9999.0 -9999.0 -9999.0 -9999.0 -9999.0 -9999.0 -9999.0 -9999.0 -9999.0 -9999.0 -9999.0 -9999.0 -9999.0 -9999.0 -9999.0 -9999.0 -9999.0 -9999.0 -9999.0 -9999.0 -9999.0 -9999.0 -9999.0 -9999.0 -9999.0 -9999.0 -9999.0 -9999.0 -9999.0 -9999.0 -9999.0 -9999.0 -9999.0 -9999.0 -9999.0 -9999.0 -9999.0 -9999.0 -9999.0 -9999.0 -9999.0 -9999.0 -9999.0 -9999.0 -9999.0 -9999.0 -9999.0 -9999.0 -9999.0 -9999.0 -9999.0 -9999.0 -9999.0 -9999.0 -9999.0 -9999.0 -9999.0 -9999.0 -9999.0 -9999.0 -9999.0 -9999.0 -9999.0 -9999.0 -9999.0 -9999.0 -9999.0 -9999.0 -9999.0 -9999.0 -9999.0 -9999.0
-9999.0 -9999.0 -9999.0 -9999.0 -9999.0 -9999.0 -9999.0 -9999.0 -9999.0 -9999.0 -9999.0 -9999.0 -9999.0 -9999.0 -9999.0 -9999.0 -9999.0 -9999.0 -9999.0 -9999.0 542.407655 545.405863 523.635158 490.536616 463.238358 466.249702 501.966451 544.298322 583.818133 595.166521 578.326345 581.450012 577.673225 577.724082 581.194199 588.416157 592.699943 604.670973 614.001414 614.691254 609.587730 605.122088 605.577867 609.049193 614.038164 603.067940 615.794384 629.919721 634.285307 627.503222 598.594570 581.279963 571.001297 554.332620 577.359292 588.130872 609.825326 613.001466 610.507773 582.677596 552.075872 -9999.0 -9999.0 -9999.0 -9999.0 -9999.0 -9999.0 -9999.0 -9999.0 -9999.0 -9999.0 -9999.0 -9999.0 -9999.0 -9999.0 -9999.0 -9999.0 -9999.0 -9999.0 -9999.0
-9999.0 -9999.0 -9999.0 -9999.0 -9999.0 -9999.0 -9999.0 -9999.0 -9999.0 -9999.0 -9999.0 -9999.0 -9999.0 -9999.0 449.977617 440.690899 438.556363 447.811815 482.241087 513.005549 525.563833 518.733775 519.607079 497.029573 477.641747 492.818471 523.760875 556.928063 593.199918 615.228114 604.841028 603.702156 614.928255 642.221807 656.875949 655.119397 635.517361 659.464231 676.787217 687.406100 688.454345 681.344220 695.935502 712.325514 705.186543 686.689266 689.524160 699.824010 711.203726 694.599691 628.002361 605.764627 599.638970 590.856831 575.107717 567.050578 590.835610 590.008489 580.575875 561.528108 528.131005 483.494620 464.515641 502.290590 545.545055 602.452210 -9999.0 -9999.0 -9999.0 -9999.0 -9999.0 -9999.0 -9999.0 -9999.0 -9999.0 -9999.0 -9999.0 -9999.0 -9999.0 -9999.0
-9999.0 -9999.0 -9999.0 -9999.0 -9999.0 -9999.0 -9999.0 -9999.0 -9999.0 390.602542 395.264029 403.144827 406.038407 422.435583 420.934195 428.830670 437.177828 464.910940 497.076930 533.263788 563.136902 555.092001 557.013491 569.448052 575.760655 589.845317 613.376400 656.752715 700.950310 745.260356 719.028763 718.629075 739.646146 789.478999 826.194701 835.433482 817.257589 825.249612 853.051866 879.698562 883.060060 883.433708 909.921803 924.380465 926.500703 904.821253 886.737581 883.354402 906.131177 851.124734 781.419247 726.503789 726.004054 692.085200 649.604184 625.964547 621.048292 640.195499 623.161855 583.972577 545.947892 534.110084 515.782034 531.406673 552.655187 598.185901 635.978492 663.596275 662.562158 644.540443 -9999.0 -9999.0 -9999.0 -9999.0 -9999.0 -9999.0 -9999.0 -9999.0 -9999.0 -9999.0
-9999.0 -9999.0 -9999.0 -9999.0 -9999.0 -9999.0 310.933074 320.607457 341.248097 346.857009 372.587330 380.923392 402.499419 422.915793 445.350193 463.479989 495.509364 530.085632 573.195970 618.943092 653.698431 651.694579 665.058726 700.014624 743.416130 776.268821 804.283131 848.748017 930.943843 978.321865 990.679711 997.646658 1008.472190 1056.204265 1119.886790 1136.511294 1116.363459 1102.252511 1123.244684 1162.263090 1175.443734 1179.642649 1190.008523 1199.270619 1224.150403 1213.050994 1167.723792 1148.210438 1142.043796 1125.567995 1066.023810 1001.708259 961.785570 908.221652 820.888316 760.516947 761.639431 775.929770 742.493003 684.817307 639.670019 626.177888 608.886751 593.115350 597.027446 614.490260 635.580625 645.391518 631.368260 609.468595 585.729741 556.305145 557.572970 582.521644 -9999.0 -9999.0 -9999.0 -9999.0 -9999.0 -9999.0
-9999.0 -9999.0 -9999.0 -9999.0 260.501851 273.594297 262.157683 287.302456 320.478244 355.217872 388.535202 427.076592 456.017592 487.990122 531.175324 569.917048 616.178575 655.333704 714.006916 786.718250 843.233541 873.593411 894.627605 957.358210 1020.413484 1073.425349 1095.284175 1124.776774 1170.887144 1236.104373 1265.540896 1273.299872 1291.147904 1323.671601 1368.278638 1400.249855 1384.649958 1378.443314 1384.468908 1396.927539 1423.169769 1426.108191 1428.578590 1430.513877 1433.791623 1431.934319 1406.110591 1371.010273 1355.837156 1346.364426 1318.837245 1251.204550 1205.247164 1172.274674 1139.303345 1087.764972 1020.748461 999.794275 939.614003 878.145698 808.266032 780.435366 745.197681 715.365147 681.660020 679.285959 679.199035 656.365768 622.737195 589.099750 572.982518 553.453921 542.217122 571.711692 588.982278 619.353078 -9999.0 -9999.0 -9999.0 -9999.0
-9999.0 -9999.0 201.017239 250.525604 307.535178 317.005248 319.165091 325.895827 355.116749 408.318127 487.340293 541.740951 588.696326 625.034389 689.126722 775.820895 856.448445 910.686920 973.037404 1043.160768 1106.415228 1144.453842 1168.564267 1208.822065 1261.021167 1318.943743 1344.899320 1371.127427 1402.647969 1436.711743 1453.378846 1468.352687 1476.038225 1476.659518 1480.322640 1480.841810 1476.676196 1471.361554 1453.419612 1450.540733 1458.511925 1463.672472 1466.141932 1453.242457 1449.157977 1461.700721 1463.818874 1462.011859 1461.522616 1468.959322 1474.237310 1437.654651 1394.072007 1377.154076 1367.478599 1323.587827 1260.446090 1214.058620 1189.152785 1145.348868 1066.092364 1011.395169 957.365333 903.252790 844.518255 806.709082 754.429966 707.887880 658.394564 610.340675 585.315429 566.065923 562.902133 562.437342 578.039182 593.123343 608.212693 615.863722 -9999.0 -9999.0
-9999.0 99.446323 172.174042 299.430078 379.878374 426.082493 463.264116 491.119694 520.729439 545.362851 656.294928 758.005189 854.628624 894.396175 949.844735 1050.067355 1147.488473 1193.586717 1230.529770 1282.811956 1340.003201 1387.789684 1417.931055 1436.951161 1468.576072 1476.948810 1478.647058 1481.037543 1476.511705 1469.346507 1460.506848 1467.180685 1463.968815 1445.760908 1430.193708 1426.783622 1420.143369 1394.870479 1366.022892 1351.302370 1354.300915 1376.389785 1365.302082 1345.137943 1341.464859 1361.972634 1379.840397 1371.079748 1359.882885 1378.624758 1413.735450 1435.746744 1448.130852 1463.675097 1484.254284 1459.615691 1429.457241 1387.931213 1367.885949 1337.326568 1276.347552 1213.255276 1157.562234 1094.680819 1025.851891 953.639990 885.381620 818.666812 747.691699 703.731937 670.195774 617.739960 594.549323 594.993137 585.135409 581.762097 587.559310 593.720878 -9999.0 -9999.0
-9999.0 22.681414 165.816419 351.601684 500.976794 564.365057 676.449774 762.217491 795.134078 773.118469 887.353869 1109.751555 1205.579511 1222.665965 1291.940226 1375.457089 1403.442205 1434.633837 1455.447620 1460.605171 1465.057925 1473.906925 1472.867500 1467.386306 1453.452818 1445.679750 1444.250438 1440.585040 1421.582306 1401.193517 1382.877437 1378.633130 1360.467028 1318.757828 1286.060086 1268.487749 1251.046907 1227.084847 1191.534659 1164.078372 1149.838385 1166.659664 1158.559332 1141.381825 1137.734507 1160.435893 1193.207545 1188.807635 1196.248768 1219.471912 1261.146229 1303.255366 1326.982944 1356.879873 1394.432872 1438.329740 1455.650735 1476.780298 1481.285570 1459.816355 1415.236570 1363.435528 1327.693639 1261.949583 1186.843795 1106.075576 1039.572838 975.301106 903.479569 853.236991 802.543968 742.530993 684.513433 656.994497 615.984805 594.820897 -9999.0 -9999.0 -9999.0 -9999.0
-9999.0 -50.811970 139.096025 401.516855 673.112472 796.735464 1001.477533 1133.421538 1197.672090 1260.406938 1263.052553 1393.911159 1427.321338 1422.192305 1415.794573 1419.214781 1434.577115 1438.746866 1435.499185 1425.606097 1416.052243 1412.171810 1410.828371 1403.390993 1390.891965 1375.467392 1361.648204 1346.947024 1305.624807 1270.676940 1235.590269 1219.741096 1181.549375 1090.781569 1047.353046 1012.454298 956.277762 946.677147 936.318588 906.111203 885.672602 866.938374 887.083173 889.527312 891.424944 897.554546 917.258168 940.221416 984.603951 1022.075327 1067.769559 1121.669006 1157.242930 1201.795229 1250.547472 1309.438877 1342.989914 1374.481005 1420.955662 1460.349421 1482.795378 1472.069399 1442.266456 1395.620563 1323.300735 1251.713093 1198.275655 1122.223447 1055.352448 1002.469557 958.175515 907.301220 839.396500 748.885655 704.167135 -9999.0 -9999.0 -9999.0 -9999.0 -9999.0
-9999.0 -220.071233 48.170347 340.918146 665.005505 990.875426 1115.202124 1255.382280 1328.940637 1285.558054 1282.251095 1306.565434 1347.664164 1356.258197 1337.586790 1330.301114 1320.796546 1321.144360 1333.835482 1307.131683 1275.432594 1261.197709 1260.118277 1247.949525 1224.536015 1206.457584 1192.576931 1170.772826 1120.561524 1069.108436 989.346275 959.883502 883.130249 819.107237 770.971995 720.243196 667.688154 664.532219 679.602999 662.979837 639.949931 621.066504 647.090493 663.869314 675.753029 665.832815 675.870473 712.560223 763.513548 809.648425 863.287503 922.129646 971.349930 1022.260935 1057.444166 1111.117799 1159.904685 1208.040075 1282.789061 1362.621713 1399.121774 1433.526321 1466.522303 1479.866337 1427.012218 1372.670958 1315.602179 1245.282767 1155.303694 1109.884153 1088.452746 1054.104268 1000.789562 -9999.0 -9999.0 -9999.0 -9999.0 -9999.0 -9999.0 -9999.0
-9999.0 -350.075080 -125.078394 113.489657 406.560941 647.029756 838.036829 952.833187 1034.808475 1052.559564 1077.069426 1109.571222 1141.353168 1164.463907 1143.035707 1105.848197 1078.602345 1082.568235 1079.715734 1055.147633 1024.786464 1009.374416 1007.041049 999.308726 973.438608 956.979615 944.303734 919.338771 881.097115 821.943707 738.597436 666.222433 602.846050 567.069576 535.521438 501.570542 463.691979 473.315633 486.304777 481.777005 470.019982 466.169821 495.484933 514.256521 524.490502 512.476328 531.725088 559.200414 601.860358 645.659404 696.136018 753.378091 809.554703 842.617483 861.032490 892.694540 937.439766 995.744089 1084.033420 1180.172890 1256.992284 1307.497753 1357.290314 1388.997258 1400.126162 1411.242704 1379.978365 1286.265649 1150.149224 1152.706146 1157.574024 -9999.0 -9999.0 -9999.0 -9999.0 -9999.0 -9999.0 -9999.0 -9999.0 -9999.0
-9999.0 -9999.0 -360.832180 -176.650911 -27.432240 156.939738 309.528802 420.131303 503.673794 605.124781 702.681515 783.425633 827.996306 846.173477 829.915220 792.262296 767.991780 767.659171 757.689030 744.855847 722.189241 713.090971 702.447803 693.882904 681.473742 674.008520 667.404288 654.539117 630.171977 581.295753 528.931306 475.945634 421.035700 394.762980 372.105664 349.477447 346.556548 343.503811 349.569204 350.728185 356.632407 368.673997 389.121964 410.786211 420.433307 428.430773 441.169243 465.167813 498.749133 540.991202 594.976181 652.734898 693.039275 707.009325 699.477261 707.591503 732.187790 780.106620 869.381679 960.479664 1056.616594 1128.682002 1199.867047 1250.201864 1265.260669 1280.322764 1287.257430 1200.974278 830.324623 1070.420774 -9999.0 -9999.0 -9999.0 -9999.0 -9999.0 -9999.0 -9999.0 -9999.0 -9999.0 -9999.0
-9999.0 -9999.0 -9999.0 -9999.0 -319.863162 -162.673103 -66.612432 17.462482 142.753937 256.929579 352.845572 432.638673 490.116805 515.317472 507.166820 506.040448 499.132726 494.187058 484.946360 481.186415 477.239211 469.277115 456.383930 448.525078 448.025762 451.562161 448.657220 434.596352 417.027963 391.104295 367.977984 332.539055 295.479743 265.911643 252.503322 245.878879 245.737799 239.521779 248.614249 255.315782 270.270856 285.594395 309.500483 338.110121 351.231532 365.730977 375.581976 396.462475 426.867775 480.143932 543.209709 600.358972 635.466516 639.831030 614.901464 600.040481 597.983629 628.141620 677.837809 751.233533 858.578982 937.385145 1000.600732 1047.553856 1079.529148 1122.689876 1164.100821 1182.681519 -9999.0 -9999.0 -9999.0 -9999.0 -9999.0 -9999.0 -9999.0 -9999.0 -9999.0 -9999.0 -9999.0 -9999.0
-9999.0 -9999.0 -9999.0 -9999.0 -9999.0 -9999.0 -370.021571 -271.519188 -186.201346 -56.685384 64.208285 160.207271 237.155904 265.162486 286.347508 310.329956 306.852582 289.339015 271.745287 288.957558 300.056172 294.568937 265.946602 264.683983 268.460602 277.032182 275.104352 268.515386 243.254383 252.300089 251.321397 227.850508 201.508616 187.097734 175.261261 184.952626 185.451489 172.453786 174.095958 200.416125 220.327843 233.663208 255.904790 289.063551 321.175349 335.852337 337.052640 343.352777 384.389142 454.727428 525.614066 579.953088 611.522494 619.228753 591.346272 550.968968 530.336976 537.988816 574.097143 629.532616 709.111416 762.418604 794.700154 815.098655 840.365639 933.483046 -9999.0 -9999.0 -9999.0 -9999.0 -9999.0 -9999.0 -9999.0 -9999.0 -9999.0 -9999.0 -9999.0 -9999.0 -9999.0 -9999.0
-9999.0 -9999.0 -9999.0 -9999.0 -9999.0 -9999.0 -9999.0 -9999.0 -9999.0 -9999.0 -9999.0 -9999.0 -9999.0 -9999.0 -9999.0 -9999.0 -9999.0 -9999.0 -9999.0 -9999.0 -9999.0 -9999.0 -9999.0 -9999.0 -9999.0 -9999.0 -9999.0 -9999.0 -9999.0 -9999.0 -9999.0 -9999.0 -9999.0 -9999.0 -9999.0 -9999.0 -9999.0 -9999.0 -9999.0 -9999.0 -9999.0 -9999.0 -9999.0 -9999.0 -9999.0 -9999.0 -9999.0 -9999.0 -9999.0 -9999.0 -9999.0 -9999.0 -9999.0 -9999.0 -9999.0 -9999.0 -9999.0 -9999.0 -9999.0 -9999.0 -9999.0 -9999.0 -9999.0 -9999.0 -9999.0 -9999.0 -9999.0 -9999.0 -9999.0 -9999.0 -9999.0 -9999.0 -9999.0 -9999.0 -9999.0 -9999.0 -9999.0 -9999.0 -9999.0 -9999.0
-9999.0 -9999.0 -9999.0 -9999.0 -9999.0 -9999.0 -9999.0 -9999.0 -9999.0 -9999.0 -9999.0 -9999.0 -9999.0 -9999.0 -9999.0 -9999.0 -9999.0 -9999.0 -9999.0 -9999.0 -9999.0 -9999.0 -9999.0 -9999.0 -9999.0 -9999.0 -9999.0 -9999.0 -9999.0 -9999.0 -9999.0 -9999.0 -9999.0 -9999.0 -9999.0 -9999.0 -9999.0 -9999.0 -9999.0 -9999.0 -9999.0 -9999.0 -9999.0 -9999.0 -9999.0 -9999.0 -9999.0 -9999.0 -9999.0 -9999.0 -9999.0 -9999.0 -9999.0 -9999.0 -9999.0 -9999.0 -9999.0 -9999.0 -9999.0 -9999.0 -9999.0 -9999.0 -9999.0 -9999.0 -9999.0 -9999.0 -9999.0 -9999.0 -9999.0 -9999.0 -9999.0 -9999.0 -9999.0 -9999.0 -9999.0 -9999.0 -9999.0 -9999.0 -9999.0 -9999.0