Borden_/Borden1m_014/output_maps/psiliqL0009N0029.asc
ncols         80
nrows         18
xllcorner     620200.000000
yllcorner     5168000.000000
cellsize      1.000000
NODATA_value  -9999.0
-9999.0 -9999.0 -9999.0 -9999.0 -9999.0 -9999.0 -9999.0 -9999.0 -9999.0 -9999.0 -9999.0 -9999.0 -9999.0 -9999.0 -9999.0 -9999.0 -9999.0 -9999.0 -9999.0 -9999.0 -9999.0 -9999.0 -9999.0 -9999.0 -9999.0 -9999.0 -9999.0 -9999.0 -9999.0 -9999.0 -9999.0 -9999.0 -9999.0 -9999.0 -9999.0 -9999.0 -9999.0 -9999.0 -9999.0 -9999.0 -9999.0 -9999.0 -9999.0 -9999.0 -9999.0 -9999.0 -9999.0 -9999.0 -9999.0 -9999.0 -9999.0 -9999.0 -9999.0 -9999.0 -9999.0 -9999.0 -9999.0 -9999.0 -9999.0 -9999.0 -9999.0 -9999.0 -9999.0 -9999.0 -9999.0 -9999.0 -9999.0 -9999.0 -9999.0 -9999.0 -9999.0 -9999.0 -9999.0 -9999.0 -9999.0 -9999.0 -9999.0 -9999.0 -9999.0 -9999.0
-9999.0 -9999.0 -9999.0 -9999.0 -9999.0 -9999.0 -9999.0 -9999.0 -9999.0 -9999.0 -9999.0 -9999.0 -9999.0 -9999.0 -9999.0 -9999.0 -9999.0 -9999.0 -9999.0 -9999.0 -9999.0 -9999.0 -9999.0 -9999.0 -9999.0 -9999.0 -9999.0 -9999.0 -9999.0 -9999.0 -9999.0 -9999.0 -9999.0 -9999.0 -9999.0 -9999.0 -9999.0 -9999.0 -9999.0 -9999.0 -9999.0 -9999.0 -9999.0 -9999.0 -9999.0 -9999.0 -9999.0 -9999.0 -9999.0 -9999.0 -9999.0 -9999.0 -9999.0 -9999.0 -9999.0 -9999.0 -9999.0 -9999.0 -9999.0 -9999.0 -9999.0 -9999.0 -9999.0 -9999.0 -9999.0 -9999.0 -9999.0 -9999.0 -9999.0 -9999.0 -9999.0 -9999.0 -9999.0 -9999.0 -9999.0 -9999.0 -9999.0 -9999.0 -9999.0 -9999.0
-9999.0 -9999.0 -9999.0 -9999.0 -9999.0 -9999.0 -9999.0 -9999.0 -9999.0 -9999.0 -9999.0 -9999.0 -9999.0 -9999.0 -9999.0 -9999.0 -9999.0 -9999.0 -9999.0 -9999.0 -65.858632 -62.818269 -85.303530 -119.082179 -147.230854 -145.000773 -109.700079 -68.152219 -29.660072 -18.671804 -36.246832 -34.232466 -38.779980 -38.570529 -35.131059 -28.637423 -25.476746 -13.629136 -4.615105 -4.302832 -9.976477 -15.206173 -15.755658 -12.032633 -7.067936 -16.767476 -3.692923 11.237952 16.936896 10.795760 -17.705806 -34.499512 -43.584930 -58.905837 -35.009671 -23.009143 -0.364380 3.628126 2.011590 -25.331822 -55.603504 -9999.0 -9999.0 -9999.0 -9999.0 -9999.0 -9999.0 -9999.0 -9999.0 -9999.0 -9999.0 -9999.0 -9999.0 -9999.0 -9999.0 -9999.0 -9999.0 -9999.0 -9999.0 -9999.0
-9999.0 -9999.0 -9999.0 -9999.0 -9999.0 -9999.0 -9999.0 -9999.0 -9999.0 -9999.0 -9999.0 -9999.0 -9999.0 -9999.0 -156.853356 -166.873256 -169.738814 -161.013316 -126.984526 -96.771713 -84.135567 -91.524603 -91.328661 -114.556740 -134.431164 -119.890760 -89.932385 -57.666386 -22.221967 -0.535809 -12.273817 -14.212502 -2.830070 25.798241 41.585870 39.696700 18.608749 41.930920 59.451456 70.517368 70.970152 63.294749 79.090577 96.332476 89.432175 70.410667 72.381368 83.191392 96.731222 79.236263 11.534012 -11.373335 -16.210684 -24.159048 -38.735357 -46.066245 -21.705754 -21.273386 -29.954854 -48.309748 -80.896683 -125.068916 -143.194558 -104.875037 -60.657734 -2.801269 -9999.0 -9999.0 -9999.0 -9999.0 -9999.0 -9999.0 -9999.0 -9999.0 -9999.0 -9999.0 -9999.0 -9999.0 -9999.0 -9999.0
-9999.0 -9999.0 -9999.0 -9999.0 -9999.0 -9999.0 -9999.0 -9999.0 -9999.0 -214.263024 -210.489011 -203.311794 -201.372611 -185.620192 -187.335416 -180.201804 -172.130804 -145.513487 -113.980338 -78.374200 -48.953672 -58.183394 -57.055560 -44.116870 -36.506420 -22.388309 0.274900 43.692613 90.182748 136.081494 109.590289 109.196397 131.178775 184.880826 227.501710 239.854119 218.825842 223.903552 253.980509 285.079364 290.031240 291.076392 320.326905 336.493019 341.435327 318.200052 293.753969 288.797627 313.942284 253.641470 179.268028 119.778528 116.637612 80.758119 35.510552 10.707634 6.282018 27.020348 10.383974 -28.435803 -65.941444 -76.301393 -93.469481 -77.457874 -55.149130 -8.398529 30.098756 58.612398 58.613255 41.130242 -9999.0 -9999.0 -9999.0 -9999.0 -9999.0 -9999.0 -9999.0 -9999.0 -9999.0 -9999.0
-9999.0 -9999.0 -9999.0 -9999.0 -9999.0 -9999.0 -292.946309 -284.105282 -264.359238 -258.917861 -234.412974 -226.776690 -206.048373 -186.390644 -165.261966 -147.697481 -116.023416 -82.342586 -39.370995 6.749696 41.682803 39.823335 53.232309 91.511334 139.285397 175.605754 204.790560 252.928453 345.000385 398.709573 415.920994 424.287892 435.880186 480.948739 544.561597 567.190812 541.332315 524.399747 543.937499 584.723526 609.047122 614.644854 624.144563 633.156804 658.089389 646.456125 591.060204 567.475926 559.610240 545.535691 490.379191 428.118835 380.644380 321.414739 225.516874 159.018211 156.143372 169.052777 133.231028 74.305992 27.784154 14.688476 -1.853494 -17.357727 -12.968546 5.661056 28.345708 39.289440 26.453126 5.601303 -17.572650 -46.404170 -44.743454 -19.348440 -9999.0 -9999.0 -9999.0 -9999.0 -9999.0 -9999.0
-9999.0 -9999.0 -9999.0 -9999.0 -342.612369 -330.242730 -341.990180 -318.296197 -286.279182 -252.872482 -220.176216 -182.258509 -154.343217 -123.517064 -80.404680 -40.363354 6.872688 46.522591 107.525122 184.090526 245.739621 281.617256 307.799342 378.960219 445.069671 496.662013 516.966464 545.610320 593.564087 667.681372 697.283522 703.717955 722.691588 751.920721 796.132240 830.400939 813.386463 806.138612 810.388467 821.826372 849.260918 852.158069 854.368964 855.708594 858.368970 857.150184 831.579827 797.304729 780.696732 774.554054 749.399843 684.027474 627.833562 592.089001 560.685702 512.608260 445.532972 420.137972 355.120742 287.379351 208.027368 175.927821 138.063852 106.716119 71.670946 69.322223 69.951510 48.480754 16.641834 -15.882340 -31.105752 -49.878207 -60.178944 -30.311866 -12.604036 18.367009 -9999.0 -9999.0 -9999.0 -9999.0
-9999.0 -9999.0 -400.766968 -350.976075 -295.082883 -286.468696 -284.365787 -279.102017 -251.706254 -200.162107 -120.243080 -65.020567 -16.845429 18.201088 84.163821 177.404942 268.260649 330.094599 397.525761 466.888282 528.181586 568.207839 602.371402 644.679040 694.175817 749.055509 773.889799 797.740082 827.421446 860.745312 881.859398 896.861324 903.855976 902.314184 904.392248 904.503149 900.620366 894.755326 877.135515 874.568952 882.524782 886.623909 889.604104 877.048034 873.091799 885.452687 887.313778 886.441992 886.480947 895.054966 902.156134 868.464590 819.057370 803.142479 793.585425 753.366960 690.816125 635.629198 608.116608 564.545763 486.053354 431.841398 374.162533 312.355449 244.986639 201.659673 146.665503 100.181452 51.715796 4.906476 -19.229097 -37.954169 -40.389526 -39.956354 -23.912247 -8.271828 7.178839 15.019243 -9999.0 -9999.0
-9999.0 -500.088619 -427.496968 -299.969049 -220.734980 -175.063343 -134.604494 -104.868845 -78.038448 -59.081447 55.748803 171.009944 275.885937 317.705126 379.501423 482.060594 587.138100 633.254211 667.522689 717.175651 770.855377 815.198789 845.042514 871.349068 899.863864 902.983016 903.082897 903.681181 897.405881 890.330338 881.224864 887.977587 885.615220 868.766026 854.645080 852.059345 845.386807 818.495632 790.514868 776.380911 779.810426 801.113808 790.556623 770.677313 767.110672 787.301538 804.547419 796.440094 783.503785 803.916742 838.059817 859.311297 873.753035 888.769804 908.707124 885.566645 853.585259 811.887350 791.160011 762.147114 696.387056 632.492863 576.874188 512.713266 445.028625 369.367737 294.069776 221.358079 147.053454 102.648153 68.692409 15.299610 -8.671377 -7.828178 -17.345637 -20.059437 -13.594726 -7.173963 -9999.0 -9999.0
-9999.0 -572.695936 -429.273689 -243.134426 -94.861968 -29.458038 92.654866 184.331283 220.042365 199.229410 327.558489 561.751264 650.691673 663.925867 728.980887 807.316825 843.644040 872.641788 891.169384 891.078301 891.088804 896.941346 895.006022 888.537512 874.685406 867.044364 865.914055 862.209631 842.397736 822.256308 805.255615 800.286731 784.408029 746.334742 715.549091 699.409436 681.176045 649.112554 610.341733 581.856921 567.680041 585.547689 576.453011 558.637879 555.076021 578.698598 612.331198 607.920344 614.619477 638.639230 681.499131 728.983383 753.237730 782.700619 818.698398 861.246724 879.538511 899.453242 904.533612 881.955144 838.930654 788.760957 753.497677 682.712100 607.588659 526.972951 463.457701 402.640306 328.224384 271.425263 213.298779 148.072247 85.604955 54.895600 14.016290 -7.400766 -9999.0 -9999.0 -9999.0 -9999.0
-9999.0 -639.869351 -448.545630 -182.599252 82.540656 223.822053 432.867890 569.637433 647.778938 695.729580 728.106734 841.861314 867.836325 859.084946 845.242805 846.492732 860.329852 864.136167 860.456325 850.430715 839.713616 834.900647 833.597724 826.066735 813.589817 798.448146 785.144378 769.934734 722.260861 686.613585 654.209650 637.684229 600.906075 512.061459 470.901905 439.276669 382.630292 368.797462 353.642197 319.525459 296.652522 278.557650 298.453453 298.788982 299.899344 309.329840 333.324992 356.556913 402.714991 441.013391 485.337372 539.290991 575.052095 620.297242 670.517893 734.881467 767.581341 795.861732 842.686062 882.884609 905.231987 896.044417 865.959783 822.035143 752.180048 675.779541 623.154519 549.507385 484.815894 434.236727 391.457472 336.143837 257.443537 149.950160 103.255469 -9999.0 -9999.0 -9999.0 -9999.0 -9999.0
-9999.0 -796.968131 -529.055728 -231.924802 103.750289 433.011803 550.133020 713.147197 788.710124 730.837078 709.056135 740.128743 780.489475 786.129078 765.879633 758.625576 750.411440 750.555078 762.870966 735.272477 697.448626 681.647875 680.120398 667.563962 643.946443 625.111996 610.560149 588.364542 536.367782 487.019516 412.318419 382.567003 300.684820 224.215216 171.466507 119.394846 64.604257 60.520284 74.659218 56.545018 32.984044 13.624748 39.436943 55.257937 66.549380 57.368319 67.693318 104.592548 156.759687 204.861136 263.391380 329.757182 383.851833 439.032166 474.503303 528.906229 577.517337 626.175397 701.611612 786.072090 821.892642 856.525455 891.524537 906.510282 857.625639 805.284873 750.254292 675.560336 582.955117 537.855435 517.074105 485.383697 432.988456 -9999.0 -9999.0 -9999.0 -9999.0 -9999.0 -9999.0 -9999.0
-9999.0 -930.151975 -699.674767 -452.667171 -151.854117 91.842470 287.571404 411.751133 503.101749 493.077632 503.013609 532.227175 563.449435 585.358172 562.947456 527.307478 501.607898 505.463154 504.286455 480.223924 450.223141 435.441315 433.629715 425.189034 396.812333 377.792469 363.458095 335.904792 291.477776 225.942803 136.775944 64.340322 -1.006654 -39.236132 -71.223219 -105.420467 -144.832329 -134.821084 -120.762801 -125.723456 -138.314526 -142.891992 -113.346141 -94.941039 -84.868886 -97.787111 -79.072983 -51.685205 -9.070779 34.093430 84.244737 142.091958 199.964206 236.353065 258.333717 296.672456 348.880828 413.577569 501.267545 599.171221 675.834487 732.204688 783.149209 816.071264 828.687578 845.276095 821.051914 732.580475 591.013083 580.163940 581.621641 -9999.0 -9999.0 -9999.0 -9999.0 -9999.0 -9999.0 -9999.0 -9999.0 -9999.0
-9999.0 -9999.0 -936.285473 -747.203892 -588.861313 -402.490430 -250.232660 -140.351341 -62.387056 28.987082 120.702157 200.122969 246.176776 265.196925 245.193772 201.103610 173.328187 172.918441 163.058388 148.324366 123.138983 113.157908 102.975836 94.277522 79.866229 71.237483 64.468642 51.450014 26.291439 -23.254840 -77.672495 -130.999650 -186.503442 -212.386953 -234.827459 -257.752520 -261.389178 -263.337086 -256.592174 -255.468778 -250.158993 -238.459444 -217.703108 -196.341022 -186.944862 -179.854766 -167.278097 -143.544327 -110.271833 -69.035436 -16.188836 40.379237 79.693097 93.028652 85.200177 93.811776 120.058365 171.564442 271.449020 375.215109 472.787073 545.921067 618.711100 669.603939 687.568379 713.307911 728.583776 645.520884 377.391332 513.466935 -9999.0 -9999.0 -9999.0 -9999.0 -9999.0 -9999.0 -9999.0 -9999.0 -9999.0 -9999.0
-9999.0 -9999.0 -9999.0 -9999.0 -890.440231 -733.868189 -640.226068 -558.000540 -436.501949 -326.912352 -234.592681 -157.704133 -104.163495 -80.298925 -91.479707 -97.062293 -105.431596 -109.336171 -118.075537 -123.540984 -129.205143 -137.255689 -148.959403 -156.834831 -157.858105 -154.655619 -157.071183 -170.585386 -187.062964 -214.546740 -238.822035 -274.323712 -311.543694 -340.808587 -353.891426 -360.789684 -360.535911 -366.059099 -356.500412 -350.120413 -335.245958 -319.816762 -295.818190 -267.526336 -254.964662 -240.801858 -231.114418 -210.287544 -180.280916 -127.577467 -65.470680 -9.633735 24.028851 27.248844 0.742239 -15.269402 -18.084266 11.526304 62.604450 139.624769 254.487241 344.399732 417.114440 466.218083 499.515238 546.603215 590.846108 607.282252 -9999.0 -9999.0 -9999.0 -9999.0 -9999.0 -9999.0 -9999.0 -9999.0 -9999.0 -9999.0 -9999.0 -9999.0
-9999.0 -9999.0 -9999.0 -9999.0 -9999.0 -9999.0 -945.996551 -851.482704 -765.057355 -643.485091 -530.063504 -438.056745 -363.455202 -338.307183 -320.639123 -298.301265 -302.810140 -319.762673 -336.390513 -319.852786 -310.235915 -315.200691 -342.820912 -344.334532 -340.847863 -331.555398 -332.801790 -338.930937 -363.795120 -355.584782 -356.981608 -380.079668 -406.187309 -420.540874 -432.031338 -421.952541 -421.053024 -433.537037 -431.082756 -404.939614 -385.182116 -371.699058 -349.159788 -316.051324 -284.158679 -269.962302 -269.086706 -262.957457 -221.540342 -151.400718 -81.498857 -28.504504 1.772918 8.458724 -20.818383 -62.606678 -84.809508 -78.595922 -43.876505 10.932314 91.264220 146.491876 183.527904 210.092293 243.953665 350.461164 -9999.0 -9999.0 -9999.0 -9999.0 -9999.0 -9999.0 -9999.0 -9999.0 -9999.0 -9999.0 -9999.0 -9999.0 -9999.0 -9999.0
-9999.0 -9999.0 -9999.0 -9999.0 -9999.0 -9999.0 -9999.0 -9999.0 -9999.0 -9999.0 -9999.0 -9999.0 -9999.0 -9999.0 -9999.0 -9999.0 -9999.0 -9999.0 -9999.0 -9999.0 -9999.0 -9999.0 -9999.0 -9999.0 -9999.0 -9999.0 -9999.0 -9999.0 -9999.0 -9999.0 -9999.0 -9999.0 -9999.0 -9999.0 -9999.0 -9999.0 -9999.0 -9999.0 -9999.0 -9999.0 -9999.0 -9999.0 -9999.0 -9999.0 -9999.0 -9999.0 -9999.0 -9999.0 -9999.0 -9999.0 -9999.0 -9999.0 -9999.0 -9999.0 -9999.0 -9999.0 -9999.0 -9999.0 -9999.0 -9999.0 -9999.0 -9999.0 -9999.0 -9999.0 -9999.0 -9999.0 -9999.0 -9999.0 -9999.0 -9999.0 -9999.0 -9999.0 -9999.0 -9999.0 -9999.0 -9999.0 -9999.0 -9999.0 -9999.0 -9999.0
-9999.0 -9999.0 -9999.0 -9999.0 -9999.0 -9999.0 -9999.0 -9999.0 -9999.0 -9999.0 -9999.0 -9999.0 -9999.0 -9999.0 -9999.0 -9999.0 -9999.0 -9999.0 -9999.0 -9999.0 -9999.0 -9999.0 -9999.0 -9999.0 -9999.0 -9999.0 -9999.0 -9999.0 -9999.0 -9999.0 -9999.0 -9999.0 -9999.0 -9999.0 -9999.0 -9999.0 -9999.0 -9999.0 -9999.0 -9999.0 -9999.0 -9999.0 -9999.0 -9999.0 -9999.0 -9999.0 -9999.0 -9999.0 -9999.0 -9999.0 -9999.0 -9999.0 -9999.0 -9999.0 -9999.0 -9999.0 -9999.0 -9999.0 -9999.0 -9999.0 -9999.0 -9999.0 -9999.0 -9999.0 -9999.0 -9999.0 -9999.0 -9999.0 -9999.0 -9999.0 -9999.0 -9999.0 -9999.0 -9999.0 -9999.0 -9999.0 -9999.0 -9999.0 -9999.0 -9999.0