Borden_/Borden1m_014/output_maps/psiliqL0018N0023.asc
ncols         80
nrows         18
xllcorner     620200.000000
yllcorner     5168000.000000
cellsize      1.000000
NODATA_value  -9999.0
-9999.0 -9999.0 -9999.0 -9999.0 -9999.0 -9999.0 -9999.0 -9999.0 -9999.0 -9999.0 -9999.0 -9999.0 -9999.0 -9999.0 -9999.0 -9999.0 -9999.0 -9999.0 -9999.0 -9999.0 -9999.0 -9999.0 -9999.0 -9999.0 -9999.0 -9999.0 -9999.0 -9999.0 -9999.0 -9999.0 -9999.0 -9999.0 -9999.0 -9999.0 -9999.0 -9999.0 -9999.0 -9999.0 -9999.0 -9999.0 -9999.0 -9999.0 -9999.0 -9999.0 -9999.0 -9999.0 -9999.0 -9999.0 -9999.0 -9999.0 -9999.0 -9999.0 -9999.0 -9999.0 -9999.0 -9999.0 -9999.0 -9999.0 -9999.0 -9999.0 -9999.0 -9999.0 -9999.0 -9999.0 -9999.0 -9999.0 -9999.0 -9999.0 -9999.0 -9999.0 -9999.0 -9999.0 -9999.0 -9999.0 -9999.0 -9999.0 -9999.0 -9999.0 -9999.0 -9999.0
-9999.0 -9999.0 -9999.0 -9999.0 -9999.0 -9999.0 -9999.0 -9999.0 -9999.0 -9999.0 -9999.0 -9999.0 -9999.0 -9999.0 -9999.0 -9999.0 -9999.0 -9999.0 -9999.0 -9999.0 -9999.0 -9999.0 -9999.0 -9999.0 -9999.0 -9999.0 -9999.0 -9999.0 -9999.0 -9999.0 -9999.0 -9999.0 -9999.0 -9999.0 -9999.0 -9999.0 -9999.0 -9999.0 -9999.0 -9999.0 -9999.0 -9999.0 -9999.0 -9999.0 -9999.0 -9999.0 -9999.0 -9999.0 -9999.0 -9999.0 -9999.0 -9999.0 -9999.0 -9999.0 -9999.0 -9999.0 -9999.0 -9999.0 -9999.0 -9999.0 -9999.0 -9999.0 -9999.0 -9999.0 -9999.0 -9999.0 -9999.0 -9999.0 -9999.0 -9999.0 -9999.0 -9999.0 -9999.0 -9999.0 -9999.0 -9999.0 -9999.0 -9999.0 -9999.0 -9999.0
-9999.0 -9999.0 -9999.0 -9999.0 -9999.0 -9999.0 -9999.0 -9999.0 -9999.0 -9999.0 -9999.0 -9999.0 -9999.0 -9999.0 -9999.0 -9999.0 -9999.0 -9999.0 -9999.0 -9999.0 1752.201120 1754.902144 1734.114930 1701.764767 1675.383929 1679.244812 1715.112691 1758.073110 1798.734814 1809.945220 1793.719715 1798.473302 1795.425193 1794.140283 1796.657644 1804.487297 1810.168537 1821.295633 1829.801568 1829.559756 1823.988730 1819.779387 1821.421159 1824.142632 1829.523975 1816.697647 1830.221190 1844.380146 1847.867153 1841.802107 1814.034738 1797.636080 1786.632029 1768.657281 1791.470358 1801.014837 1821.692896 1823.917694 1820.379579 1792.203534 1761.357450 -9999.0 -9999.0 -9999.0 -9999.0 -9999.0 -9999.0 -9999.0 -9999.0 -9999.0 -9999.0 -9999.0 -9999.0 -9999.0 -9999.0 -9999.0 -9999.0 -9999.0 -9999.0 -9999.0
-9999.0 -9999.0 -9999.0 -9999.0 -9999.0 -9999.0 -9999.0 -9999.0 -9999.0 -9999.0 -9999.0 -9999.0 -9999.0 -9999.0 1657.821866 1649.525546 1648.196080 1657.834081 1692.532861 1723.875634 1736.109791 1729.814414 1731.322275 1709.124834 1689.670951 1705.155256 1736.806428 1770.106835 1806.473695 1828.057165 1819.160254 1818.854251 1829.208201 1853.680882 1865.563162 1863.108597 1844.586124 1868.803635 1884.250263 1892.165083 1892.188609 1884.291613 1896.286262 1911.488301 1904.216273 1886.973568 1893.075535 1904.691759 1914.838500 1901.349501 1837.794492 1818.832575 1812.301940 1803.859505 1787.695555 1779.984977 1804.165094 1801.811995 1791.865160 1772.483136 1738.381439 1693.259486 1673.303407 1711.001699 1753.149105 1808.704936 -9999.0 -9999.0 -9999.0 -9999.0 -9999.0 -9999.0 -9999.0 -9999.0 -9999.0 -9999.0 -9999.0 -9999.0 -9999.0 -9999.0
-9999.0 -9999.0 -9999.0 -9999.0 -9999.0 -9999.0 -9999.0 -9999.0 -9999.0 1596.126092 1602.017519 1610.555479 1614.527498 1631.538753 1629.933790 1638.526930 1646.378420 1675.341554 1707.664144 1743.813644 1773.340306 1766.131941 1768.027312 1778.176905 1780.825467 1793.623233 1817.155048 1858.993421 1898.315451 1940.054273 1912.687999 1911.980570 1932.313466 1978.244141 2008.107386 2013.520417 1995.403024 2006.990468 2031.912383 2052.616405 2052.372282 2049.948624 2075.442837 2089.843485 2088.084335 2066.719469 2057.099789 2058.458277 2083.467923 2031.175780 1963.962374 1915.864717 1921.093158 1891.454712 1855.195201 1835.592517 1831.570882 1849.559917 1833.083820 1794.565398 1757.373481 1744.323101 1725.117060 1741.413602 1761.897453 1806.153239 1843.591988 1870.547976 1868.281597 1849.649519 -9999.0 -9999.0 -9999.0 -9999.0 -9999.0 -9999.0 -9999.0 -9999.0 -9999.0 -9999.0
-9999.0 -9999.0 -9999.0 -9999.0 -9999.0 -9999.0 1515.443505 1526.271501 1547.988280 1553.120140 1580.292810 1588.675618 1610.674542 1631.336608 1655.009417 1672.482816 1703.189169 1737.486542 1779.007931 1822.546609 1855.547953 1850.689733 1862.382347 1891.775137 1929.221461 1957.187972 1983.761954 2025.489231 2103.032284 2146.340660 2151.888354 2157.959795 2168.982732 2218.925794 2282.874251 2295.953690 2275.291570 2261.069073 2282.437800 2319.537043 2324.066495 2325.979559 2338.972334 2349.336883 2374.936138 2363.788274 2323.263844 2310.498993 2310.345917 2290.948138 2226.449333 2163.411665 2131.476190 2079.532147 1994.970513 1942.228762 1951.854028 1970.152291 1940.226139 1884.850755 1843.666984 1831.902789 1815.270606 1801.181912 1806.666081 1824.235559 1844.294202 1853.635881 1838.552132 1815.491771 1791.433594 1761.300219 1762.033871 1786.213189 -9999.0 -9999.0 -9999.0 -9999.0 -9999.0 -9999.0
-9999.0 -9999.0 -9999.0 -9999.0 1464.019892 1477.934030 1466.187612 1493.157829 1527.339897 1563.155441 1595.637659 1633.134440 1661.654112 1693.553107 1734.413343 1767.656624 1809.274619 1845.979386 1901.513952 1970.391017 2022.044688 2045.359740 2061.762977 2121.028291 2183.504001 2236.466188 2258.800442 2287.974578 2335.180416 2396.928719 2425.155647 2432.647902 2451.261701 2489.510470 2539.693220 2574.483985 2557.242209 2548.436529 2555.323092 2567.992202 2592.007894 2594.045023 2596.507045 2599.699136 2604.819060 2602.736334 2576.596663 2542.098644 2526.303594 2515.810864 2482.924007 2411.834578 2372.606234 2340.141427 2301.403271 2247.199064 2186.479996 2173.249471 2113.888518 2053.964257 1992.555486 1971.865811 1940.953480 1914.723333 1885.657623 1886.670968 1888.622543 1866.073748 1831.145477 1796.797889 1779.986827 1759.552596 1746.745209 1775.651241 1792.042304 1821.224788 -9999.0 -9999.0 -9999.0 -9999.0
-9999.0 -9999.0 1402.811302 1451.268220 1509.581789 1519.225733 1519.447949 1526.593270 1556.826356 1610.644452 1684.678127 1733.395093 1774.467480 1810.769534 1871.614878 1948.523106 2019.778047 2069.825037 2133.370899 2206.339045 2270.056548 2303.652886 2321.396879 2363.379280 2419.909822 2485.347501 2513.805947 2541.703882 2576.293070 2612.886174 2620.023951 2634.007308 2644.062879 2650.079580 2658.476823 2661.472971 2655.712578 2648.921996 2629.036094 2624.130043 2630.995328 2637.617258 2638.572087 2625.009296 2621.104519 2634.954747 2639.444120 2638.034749 2636.626883 2643.344603 2644.506177 2602.350949 2569.813558 2552.707776 2539.142332 2492.841994 2426.370267 2385.538147 2360.801118 2314.885690 2236.364888 2186.371869 2135.800991 2087.777562 2035.420977 2005.516614 1958.578306 1914.761121 1866.326270 1817.976949 1792.495475 1772.979245 1768.844673 1766.861711 1781.751018 1795.752966 1810.122117 1817.389638 -9999.0 -9999.0
-9999.0 1297.096565 1369.555274 1495.380780 1576.370465 1620.836811 1648.197447 1668.032316 1698.723999 1729.929960 1831.755400 1911.358162 2002.540689 2043.726099 2095.524701 2194.180581 2291.274347 2340.930211 2383.020769 2444.139282 2507.992246 2558.848497 2589.254015 2593.112646 2630.121357 2649.028931 2654.049780 2658.989845 2657.256386 2649.992872 2642.209138 2648.331302 2644.184380 2624.557879 2607.778515 2603.862076 2596.993802 2570.332317 2538.648506 2521.768715 2522.921333 2547.074549 2533.818267 2512.935291 2509.359369 2531.482682 2553.435343 2545.575257 2534.361133 2554.307748 2590.415643 2614.322421 2622.510184 2639.902191 2660.636848 2633.872764 2607.003073 2563.443964 2541.668827 2511.502296 2451.992776 2390.858444 2335.029207 2273.481895 2207.289714 2140.946669 2077.476873 2014.782083 1947.721171 1904.773685 1872.008423 1820.933918 1799.372576 1799.666394 1789.536370 1785.145228 1789.675595 1795.320583 -9999.0 -9999.0
-9999.0 1211.842643 1353.632402 1537.072311 1685.641286 1741.534364 1834.080409 1909.123574 1936.316602 1903.836371 2012.350520 2232.712444 2344.894594 2366.762387 2443.328299 2538.161485 2550.058855 2585.091336 2610.153850 2626.947480 2640.566640 2653.489197 2653.389019 2649.066068 2634.527182 2626.535991 2624.561120 2620.946142 2602.406822 2582.074936 2563.168391 2557.267602 2535.812552 2488.463154 2453.930127 2434.843284 2415.612246 2394.841740 2361.434447 2332.541017 2315.004712 2328.522643 2323.631817 2307.451102 2304.028430 2326.610801 2359.492249 2358.461951 2370.743834 2394.148827 2434.773132 2475.871492 2499.853656 2531.820016 2570.859060 2617.500374 2632.035217 2654.348883 2658.208378 2641.341527 2595.558804 2540.635340 2504.875700 2441.014389 2368.466188 2289.649071 2224.628148 2161.930112 2091.499544 2044.014314 1995.279443 1935.722569 1881.528464 1859.389177 1818.806321 1798.799615 -9999.0 -9999.0 -9999.0 -9999.0
-9999.0 1125.837846 1311.579639 1564.780319 1847.787749 1949.522151 2155.979206 2284.060579 2339.458481 2410.618684 2362.901276 2531.022748 2577.907386 2577.271250 2584.456587 2591.706000 2609.704014 2614.438989 2612.520657 2603.941045 2596.033500 2592.678098 2591.656823 2583.779318 2570.528914 2554.126208 2538.178562 2523.462858 2483.887054 2449.018245 2409.899054 2393.136275 2350.523196 2256.554046 2213.354642 2174.890973 2114.978252 2108.753917 2104.118574 2074.599894 2053.953760 2030.175017 2054.134098 2061.135779 2064.725817 2066.512775 2082.840714 2110.793705 2159.031023 2197.552309 2242.796652 2296.377060 2333.551182 2378.575742 2424.881646 2481.714788 2516.624138 2549.507082 2600.177649 2640.177708 2664.108909 2651.651426 2625.238241 2576.536365 2503.494360 2437.329115 2388.216101 2315.432474 2250.901204 2196.493845 2146.780288 2091.506277 2023.635178 1946.821052 1904.540081 -9999.0 -9999.0 -9999.0 -9999.0 -9999.0
-9999.0 933.163813 1199.819925 1481.575192 1784.881249 2119.124278 2267.456748 2389.171215 2461.893586 2436.443449 2450.465798 2469.350420 2513.732771 2525.001127 2507.273626 2499.426978 2488.356612 2489.726916 2503.960909 2478.543997 2449.649932 2436.394717 2435.713136 2423.098449 2398.062268 2379.797561 2366.714103 2344.319743 2294.729962 2242.045168 2157.868829 2123.934692 2044.879083 1992.754294 1949.665525 1899.662049 1849.024997 1847.956631 1865.636098 1851.125603 1828.479323 1809.923764 1837.210562 1856.411216 1869.561897 1857.730815 1867.437432 1904.436816 1955.013862 2000.179157 2050.527234 2106.113017 2153.728253 2201.940259 2233.714368 2283.711066 2333.915862 2382.609982 2457.905020 2539.172426 2579.466572 2615.692996 2647.416938 2663.007173 2610.151431 2561.729007 2510.595587 2450.927322 2373.924788 2324.473967 2292.760894 2241.751592 2182.184552 -9999.0 -9999.0 -9999.0 -9999.0 -9999.0 -9999.0 -9999.0
-9999.0 811.061563 1022.365325 1240.909660 1515.776651 1752.870873 1957.947825 2064.029583 2143.685525 2192.056795 2234.303883 2271.153584 2302.764074 2327.517110 2308.715742 2269.321381 2241.406962 2246.944187 2242.296430 2219.908850 2191.242811 2176.632084 2173.243289 2165.515711 2140.251806 2124.905691 2112.965143 2088.875864 2055.946017 1999.836670 1921.430168 1847.218756 1787.005475 1757.527161 1728.890225 1696.935489 1662.870287 1672.706776 1684.144171 1680.869609 1670.927190 1668.526460 1697.514747 1716.854370 1727.212066 1716.523976 1736.398197 1763.307023 1805.102791 1848.974987 1898.646205 1954.253368 2008.715550 2038.078004 2051.505873 2076.157028 2116.026626 2170.910625 2257.800459 2354.229071 2434.677830 2485.181708 2537.997297 2574.528437 2589.955286 2600.258427 2579.604226 2507.418713 2411.494179 2393.901256 2382.974761 -9999.0 -9999.0 -9999.0 -9999.0 -9999.0 -9999.0 -9999.0 -9999.0 -9999.0
-9999.0 -9999.0 791.326989 961.873156 1088.905668 1264.475387 1413.535617 1524.158954 1617.624960 1739.631420 1849.916715 1936.812167 1982.092950 2000.328256 1987.898746 1957.871436 1938.916620 1939.620725 1929.636258 1920.311548 1901.756552 1894.076453 1881.872760 1872.770155 1862.876474 1857.048403 1850.886082 1838.848008 1816.825412 1770.357261 1723.777369 1673.318317 1620.843167 1595.477843 1573.794682 1552.747200 1552.073147 1547.312140 1552.321953 1553.747046 1560.969783 1573.757642 1593.639427 1615.921105 1625.945842 1635.538746 1648.300899 1672.338491 1705.659114 1748.459305 1802.982275 1861.512656 1902.154610 1915.542431 1906.234710 1911.393083 1931.595012 1974.100348 2053.957987 2138.111799 2235.329736 2308.333049 2381.925237 2436.286266 2455.013671 2473.645542 2495.314716 2455.035198 2328.625938 2357.193949 -9999.0 -9999.0 -9999.0 -9999.0 -9999.0 -9999.0 -9999.0 -9999.0 -9999.0 -9999.0
-9999.0 -9999.0 -9999.0 -9999.0 821.640045 974.753689 1072.311659 1155.274406 1285.694219 1408.489506 1510.005522 1594.022886 1657.478687 1684.433097 1682.117283 1690.687807 1687.632071 1681.448898 1671.864837 1672.174811 1672.206122 1664.781032 1649.640678 1641.863253 1642.526755 1647.092550 1643.751034 1629.387088 1610.818820 1589.365573 1570.019917 1535.992637 1500.415668 1471.199781 1457.934277 1452.448159 1451.980199 1444.591969 1452.958176 1460.383661 1475.575150 1490.683185 1514.351870 1543.509737 1557.608126 1572.631343 1582.537504 1603.155622 1633.873474 1687.623986 1751.524555 1810.010788 1846.791823 1851.934288 1828.191724 1813.362189 1810.159978 1838.523477 1883.363685 1950.335057 2052.499987 2127.011974 2185.229000 2231.316899 2265.907556 2315.882146 2375.071916 2416.245024 -9999.0 -9999.0 -9999.0 -9999.0 -9999.0 -9999.0 -9999.0 -9999.0 -9999.0 -9999.0 -9999.0 -9999.0
-9999.0 -9999.0 -9999.0 -9999.0 -9999.0 -9999.0 784.738995 887.231793 965.223489 1106.284510 1239.237157 1341.458027 1422.284611 1455.047075 1483.215223 1511.156704 1510.289393 1492.030578 1472.785991 1492.155122 1506.869725 1500.744968 1470.096284 1469.596391 1474.245718 1481.804061 1478.930739 1472.037035 1446.564882 1458.549770 1459.540645 1436.117442 1409.981608 1396.126456 1384.133971 1393.597055 1393.609002 1379.681043 1379.793302 1406.627876 1426.913064 1439.935355 1461.580645 1494.820214 1527.307230 1542.798636 1544.366182 1550.578636 1590.420878 1660.849020 1733.027376 1789.107310 1822.305851 1831.063938 1804.789342 1765.521090 1745.977116 1753.786390 1789.107868 1841.991825 1918.238796 1968.213581 1994.579993 2008.485728 2027.607732 2120.590361 -9999.0 -9999.0 -9999.0 -9999.0 -9999.0 -9999.0 -9999.0 -9999.0 -9999.0 -9999.0 -9999.0 -9999.0 -9999.0 -9999.0
-9999.0 -9999.0 -9999.0 -9999.0 -9999.0 -9999.0 -9999.0 -9999.0 -9999.0 -9999.0 -9999.0 -9999.0 -9999.0 -9999.0 -9999.0 -9999.0 -9999.0 -9999.0 -9999.0 -9999.0 -9999.0 -9999.0 -9999.0 -9999.0 -9999.0 -9999.0 -9999.0 -9999.0 -9999.0 -9999.0 -9999.0 -9999.0 -9999.0 -9999.0 -9999.0 -9999.0 -9999.0 -9999.0 -9999.0 -9999.0 -9999.0 -9999.0 -9999.0 -9999.0 -9999.0 -9999.0 -9999.0 -9999.0 -9999.0 -9999.0 -9999.0 -9999.0 -9999.0 -9999.0 -9999.0 -9999.0 -9999.0 -9999.0 -9999.0 -9999.0 -9999.0 -9999.0 -9999.0 -9999.0 -9999.0 -9999.0 -9999.0 -9999.0 -9999.0 -9999.0 -9999.0 -9999.0 -9999.0 -9999.0 -9999.0 -9999.0 -9999.0 -9999.0 -9999.0 -9999.0
-9999.0 -9999.0 -9999.0 -9999.0 -9999.0 -9999.0 -9999.0 -9999.0 -9999.0 -9999.0 -9999.0 -9999.0 -9999.0 -9999.0 -9999.0 -9999.0 -9999.0 -9999.0 -9999.0 -9999.0 -9999.0 -9999.0 -9999.0 -9999.0 -9999.0 -9999.0 -9999.0 -9999.0 -9999.0 -9999.0 -9999.0 -9999.0 -9999.0 -9999.0 -9999.0 -9999.0 -9999.0 -9999.0 -9999.0 -9999.0 -9999.0 -9999.0 -9999.0 -9999.0 -9999.0 -9999.0 -9999.0 -9999.0 -9999.0 -9999.0 -9999.0 -9999.0 -9999.0 -9999.0 -9999.0 -9999.0 -9999.0 -9999.0 -9999.0 -9999.0 -9999.0 -9999.0 -9999.0 -9999.0 -9999.0 -9999.0 -9999.0 -9999.0 -9999.0 -9999.0 -9999.0 -9999.0 -9999.0 -9999.0 -9999.0 -9999.0 -9999.0 -9999.0 -9999.0 -9999.0