Borden_/Borden1m_014/output_maps/psiliqL0015N0002.asc
ncols         80
nrows         18
xllcorner     620200.000000
yllcorner     5168000.000000
cellsize      1.000000
NODATA_value  -9999.0
-9999.0 -9999.0 -9999.0 -9999.0 -9999.0 -9999.0 -9999.0 -9999.0 -9999.0 -9999.0 -9999.0 -9999.0 -9999.0 -9999.0 -9999.0 -9999.0 -9999.0 -9999.0 -9999.0 -9999.0 -9999.0 -9999.0 -9999.0 -9999.0 -9999.0 -9999.0 -9999.0 -9999.0 -9999.0 -9999.0 -9999.0 -9999.0 -9999.0 -9999.0 -9999.0 -9999.0 -9999.0 -9999.0 -9999.0 -9999.0 -9999.0 -9999.0 -9999.0 -9999.0 -9999.0 -9999.0 -9999.0 -9999.0 -9999.0 -9999.0 -9999.0 -9999.0 -9999.0 -9999.0 -9999.0 -9999.0 -9999.0 -9999.0 -9999.0 -9999.0 -9999.0 -9999.0 -9999.0 -9999.0 -9999.0 -9999.0 -9999.0 -9999.0 -9999.0 -9999.0 -9999.0 -9999.0 -9999.0 -9999.0 -9999.0 -9999.0 -9999.0 -9999.0 -9999.0 -9999.0
-9999.0 -9999.0 -9999.0 -9999.0 -9999.0 -9999.0 -9999.0 -9999.0 -9999.0 -9999.0 -9999.0 -9999.0 -9999.0 -9999.0 -9999.0 -9999.0 -9999.0 -9999.0 -9999.0 -9999.0 -9999.0 -9999.0 -9999.0 -9999.0 -9999.0 -9999.0 -9999.0 -9999.0 -9999.0 -9999.0 -9999.0 -9999.0 -9999.0 -9999.0 -9999.0 -9999.0 -9999.0 -9999.0 -9999.0 -9999.0 -9999.0 -9999.0 -9999.0 -9999.0 -9999.0 -9999.0 -9999.0 -9999.0 -9999.0 -9999.0 -9999.0 -9999.0 -9999.0 -9999.0 -9999.0 -9999.0 -9999.0 -9999.0 -9999.0 -9999.0 -9999.0 -9999.0 -9999.0 -9999.0 -9999.0 -9999.0 -9999.0 -9999.0 -9999.0 -9999.0 -9999.0 -9999.0 -9999.0 -9999.0 -9999.0 -9999.0 -9999.0 -9999.0 -9999.0 -9999.0
-9999.0 -9999.0 -9999.0 -9999.0 -9999.0 -9999.0 -9999.0 -9999.0 -9999.0 -9999.0 -9999.0 -9999.0 -9999.0 -9999.0 -9999.0 -9999.0 -9999.0 -9999.0 -9999.0 -9999.0 1129.301733 1131.614877 1109.524817 1075.834774 1047.887513 1049.984231 1084.161181 1124.975664 1163.147930 1172.742652 1154.958693 1157.890722 1153.572384 1152.063044 1154.157618 1160.902223 1165.206283 1175.943989 1183.712528 1182.562405 1175.866913 1170.367639 1170.513681 1173.211519 1178.711098 1167.795256 1182.187972 1197.700784 1203.106178 1198.541006 1172.233594 1157.329331 1148.639056 1133.309221 1158.113769 1169.966201 1192.766046 1196.945063 1195.270204 1168.367808 1138.366133 -9999.0 -9999.0 -9999.0 -9999.0 -9999.0 -9999.0 -9999.0 -9999.0 -9999.0 -9999.0 -9999.0 -9999.0 -9999.0 -9999.0 -9999.0 -9999.0 -9999.0 -9999.0 -9999.0
-9999.0 -9999.0 -9999.0 -9999.0 -9999.0 -9999.0 -9999.0 -9999.0 -9999.0 -9999.0 -9999.0 -9999.0 -9999.0 -9999.0 1039.560984 1029.970390 1027.018964 1035.058316 1068.234304 1098.202333 1110.293679 1102.840915 1102.903065 1079.278939 1058.545288 1072.353230 1101.795201 1132.798662 1166.670232 1186.420796 1175.547817 1173.879758 1183.620405 1208.161403 1220.075649 1216.995328 1197.440408 1220.528308 1235.239116 1242.354732 1240.772208 1231.561188 1243.426416 1258.562328 1251.909313 1235.665989 1242.165705 1254.938294 1267.422981 1254.964474 1192.754728 1174.524848 1170.456491 1164.305766 1150.811015 1144.979961 1170.657324 1170.725755 1162.708134 1145.042919 1112.491802 1068.187527 1049.907681 1088.964031 1132.919674 1190.128532 -9999.0 -9999.0 -9999.0 -9999.0 -9999.0 -9999.0 -9999.0 -9999.0 -9999.0 -9999.0 -9999.0 -9999.0 -9999.0 -9999.0
-9999.0 -9999.0 -9999.0 -9999.0 -9999.0 -9999.0 -9999.0 -9999.0 -9999.0 982.702912 987.217427 994.265895 996.354551 1011.751702 1009.304887 1016.164987 1022.536817 1049.011041 1079.423625 1113.880526 1142.008618 1132.591199 1132.643590 1142.095693 1144.905848 1156.554928 1177.699607 1216.863282 1254.736908 1294.905081 1267.383098 1266.336223 1285.938015 1332.007910 1363.080979 1368.881231 1350.591240 1359.401255 1383.137704 1402.968602 1400.544355 1396.667018 1420.422861 1434.018141 1435.244566 1416.537270 1406.548924 1408.483184 1434.466841 1384.636154 1319.920105 1271.013964 1275.867147 1247.567021 1212.120553 1193.591720 1191.123235 1211.469694 1197.068109 1160.798925 1125.390188 1114.714402 1097.773343 1115.595256 1138.267960 1184.857887 1223.817944 1252.895569 1252.983911 1235.878687 -9999.0 -9999.0 -9999.0 -9999.0 -9999.0 -9999.0 -9999.0 -9999.0 -9999.0 -9999.0
-9999.0 -9999.0 -9999.0 -9999.0 -9999.0 -9999.0 904.324026 913.791810 933.899348 938.274355 963.367540 970.076896 990.011061 1008.626799 1029.656029 1045.006261 1073.540988 1105.130338 1144.776678 1186.754229 1217.605118 1211.023945 1220.167080 1249.583415 1288.372873 1317.200811 1341.750321 1380.066495 1453.848552 1496.230365 1506.664106 1514.432604 1525.554836 1574.323541 1637.112381 1650.710809 1630.295336 1615.528174 1634.732098 1668.720282 1671.327744 1670.719662 1680.356076 1690.302852 1717.656083 1709.826240 1672.640770 1660.549299 1659.665716 1643.406306 1581.637646 1516.906102 1481.527515 1432.898665 1352.671156 1300.186723 1307.341321 1325.173893 1296.861759 1244.512750 1205.298290 1195.551199 1181.363503 1169.334472 1176.914877 1197.270148 1220.586171 1232.883618 1220.833393 1200.422306 1178.183028 1149.976662 1152.286077 1177.705191 -9999.0 -9999.0 -9999.0 -9999.0 -9999.0 -9999.0
-9999.0 -9999.0 -9999.0 -9999.0 854.785371 867.284004 854.502601 879.166614 911.254616 944.690708 975.265904 1010.518086 1036.389620 1065.432408 1104.133886 1135.922101 1174.887547 1208.265505 1261.505129 1328.995035 1378.778502 1400.391527 1413.798293 1471.917825 1536.868708 1592.095725 1614.003205 1640.944216 1684.332030 1748.375434 1784.813210 1796.815679 1815.977093 1850.744782 1896.072881 1927.237690 1910.258237 1902.226485 1907.542586 1917.444670 1938.539001 1938.367167 1939.689444 1942.531397 1948.075994 1948.216170 1925.904106 1894.785909 1881.999724 1872.723380 1841.963268 1769.401495 1722.258219 1689.601311 1655.945602 1604.007374 1538.876175 1520.672694 1464.007586 1408.858494 1348.681481 1327.648101 1298.181429 1274.544194 1247.851484 1251.911675 1257.543496 1239.273337 1208.901743 1178.123443 1164.168813 1146.268140 1136.003465 1166.655283 1184.708297 1215.327820 -9999.0 -9999.0 -9999.0 -9999.0
-9999.0 -9999.0 796.684663 844.581428 900.564745 908.090985 907.054806 911.783231 939.221804 989.877472 1062.324595 1109.106297 1148.612056 1180.922363 1238.328214 1313.232590 1380.468146 1426.459444 1486.749710 1559.758077 1622.673967 1654.613215 1670.454497 1712.699897 1776.847463 1844.263005 1872.733485 1898.752215 1929.383321 1964.719300 1979.848196 1996.511617 2006.238749 2009.588637 2014.671852 2015.096257 2009.231269 2002.430563 1983.170980 1978.279480 1983.843388 1988.282735 1989.545864 1976.710206 1973.269215 1986.912358 1991.375499 1991.305027 1991.400104 1998.795745 2002.079307 1961.474656 1921.644363 1904.904209 1894.627427 1850.264505 1783.107530 1734.001027 1708.500563 1666.103675 1588.544146 1534.273734 1483.289488 1436.899366 1387.746005 1360.854581 1318.698231 1280.509283 1237.612947 1194.214625 1172.648954 1156.174701 1155.078738 1156.172468 1173.304384 1189.336879 1205.261089 1213.333315 -9999.0 -9999.0
-9999.0 693.859601 765.565222 890.321688 968.233659 1009.801820 1038.059169 1058.516732 1085.817257 1109.998320 1209.422436 1291.411635 1378.766408 1415.697309 1465.165654 1558.495203 1647.843104 1692.778174 1736.290996 1801.887302 1865.114100 1911.172003 1937.763435 1949.290209 1988.806951 2006.750302 2012.265266 2016.845063 2014.013339 2006.834520 1998.415763 2004.670172 2001.443264 1983.297162 1967.324726 1962.710599 1954.132562 1925.507515 1894.369989 1878.301726 1879.950694 1902.234456 1890.317324 1870.184131 1866.474816 1887.021047 1906.098267 1897.740682 1887.029420 1907.163064 1945.180605 1968.109160 1977.370055 1993.481451 2014.670342 1990.148821 1961.495204 1917.219747 1897.156158 1868.734222 1809.100189 1739.613461 1680.553617 1619.107884 1551.781444 1486.847547 1428.859135 1373.603599 1313.245110 1276.441309 1248.116097 1200.269863 1181.770436 1186.007328 1179.077309 1177.462429 1184.490379 1191.166658 -9999.0 -9999.0
-9999.0 612.735894 753.984250 935.873564 1080.041521 1132.772578 1227.998891 1303.533056 1331.396286 1301.436880 1402.650715 1613.630069 1715.707097 1738.506614 1812.818977 1898.294282 1913.212457 1944.434779 1970.219835 1987.177583 1999.194367 2009.246848 2006.333689 2000.171963 1987.168083 1981.659060 1982.388387 1981.240183 1964.888244 1944.240347 1921.970481 1914.237132 1894.463681 1850.716761 1817.883482 1798.971928 1778.291669 1750.012928 1712.176081 1683.814038 1668.935244 1684.670945 1677.779761 1660.942371 1656.721382 1677.949997 1709.460394 1704.663659 1713.165538 1738.959765 1786.961669 1829.301402 1852.193938 1883.109196 1922.703296 1970.245850 1987.152221 2009.198926 2015.027393 1997.667438 1953.771680 1898.343607 1861.885581 1797.493499 1718.393853 1638.994015 1575.617066 1517.638465 1454.443140 1412.279798 1366.983623 1310.715536 1259.945805 1242.243464 1206.310852 1189.114874 -9999.0 -9999.0 -9999.0 -9999.0
-9999.0 532.910297 719.153729 973.171615 1242.801147 1343.384214 1539.150905 1665.829770 1727.899583 1797.778792 1769.088202 1909.562916 1946.849789 1945.750514 1948.421174 1953.239771 1967.777952 1971.244358 1970.220780 1964.769512 1959.196469 1955.587530 1951.631017 1939.849767 1923.590984 1907.565720 1895.041804 1883.825270 1847.725768 1811.673156 1766.590648 1745.718811 1704.459525 1613.156350 1570.573605 1534.151743 1476.315873 1467.554772 1460.416672 1432.663616 1414.049950 1394.225919 1415.955073 1419.876923 1421.576317 1423.786774 1438.906884 1460.416746 1502.858184 1539.195312 1585.547494 1637.883974 1672.007982 1717.107263 1769.351732 1832.299699 1869.060923 1903.602343 1955.751140 1996.625834 2020.980545 2009.727688 1983.143346 1938.275160 1867.600729 1802.867668 1752.677970 1682.680705 1623.154202 1570.851940 1518.693215 1459.861910 1395.832426 1326.252717 1289.405727 -9999.0 -9999.0 -9999.0 -9999.0 -9999.0
-9999.0 352.106106 617.762121 900.852636 1205.889225 1522.520348 1647.604628 1773.160523 1846.355217 1816.794302 1823.697418 1840.110679 1879.228476 1888.497965 1871.491294 1864.183579 1853.097761 1853.456045 1867.668336 1844.467131 1817.862127 1804.370170 1799.963633 1780.547711 1747.954821 1726.995619 1714.420149 1695.366304 1649.158534 1597.571969 1513.038263 1481.944596 1408.108804 1354.923593 1313.091898 1265.410757 1215.944069 1214.953798 1232.411802 1218.432674 1197.028081 1179.179099 1205.674247 1222.959681 1234.503790 1222.181071 1229.728123 1263.324649 1309.904640 1351.081792 1398.224901 1449.204447 1492.157627 1538.305654 1572.074095 1625.437864 1675.671271 1727.544303 1810.580037 1893.061064 1934.279697 1971.086069 2005.577918 2024.772784 1978.107429 1934.994791 1890.301179 1838.895358 1767.197304 1721.612421 1679.435690 1607.861928 1542.482252 -9999.0 -9999.0 -9999.0 -9999.0 -9999.0 -9999.0 -9999.0
-9999.0 226.324504 442.874641 668.086302 945.461916 1173.228578 1357.649868 1459.086162 1534.476156 1571.496570 1606.934956 1639.286107 1668.351602 1690.912651 1670.149274 1631.699516 1603.494860 1607.797166 1604.017413 1581.057057 1552.140482 1536.384581 1531.391345 1520.385211 1492.070200 1476.322526 1466.341156 1445.830384 1414.915726 1361.922252 1284.618643 1214.814884 1156.700899 1127.515016 1100.138530 1069.252382 1034.878396 1045.795288 1059.080459 1056.105904 1046.039090 1043.345545 1072.442726 1091.156697 1100.779336 1088.377789 1106.308167 1131.236635 1170.499403 1210.682361 1256.506501 1307.835033 1357.592818 1383.787533 1395.935885 1420.318824 1458.428368 1512.375196 1601.186053 1698.516959 1783.495878 1836.686137 1892.063741 1934.550165 1956.605888 1978.001465 1966.356238 1900.996405 1802.099924 1808.354143 1798.232005 -9999.0 -9999.0 -9999.0 -9999.0 -9999.0 -9999.0 -9999.0 -9999.0 -9999.0
-9999.0 -9999.0 209.898247 385.054469 519.497675 693.859178 837.775897 942.146981 1026.093696 1135.889278 1237.602656 1317.578737 1359.030276 1375.224885 1360.783433 1327.771297 1306.678489 1306.913469 1297.121005 1286.488783 1266.389732 1257.998927 1246.225452 1236.880252 1225.829741 1220.335703 1215.951082 1206.147717 1186.142675 1141.748111 1095.164976 1046.057852 994.929870 971.320840 950.959955 930.577149 929.930508 926.962324 933.278749 935.174325 942.166274 954.779520 974.876970 996.548952 1005.863480 1013.860109 1025.445009 1047.871543 1079.277936 1119.332680 1170.590686 1225.111086 1261.655686 1271.535765 1259.616964 1262.452689 1280.296400 1319.870927 1397.673819 1478.551163 1572.964560 1645.166315 1722.538214 1788.831258 1817.691912 1847.673790 1884.461734 1840.233078 1597.345134 1759.039624 -9999.0 -9999.0 -9999.0 -9999.0 -9999.0 -9999.0 -9999.0 -9999.0 -9999.0 -9999.0
-9999.0 -9999.0 -9999.0 -9999.0 241.651442 394.101095 488.061149 568.202617 692.734026 808.401593 904.433782 983.541959 1041.549502 1065.955559 1060.061819 1063.666530 1058.677513 1053.077379 1043.712620 1042.128705 1040.365694 1032.811698 1018.922458 1011.397163 1012.127084 1017.257721 1015.612074 1003.207470 987.186903 965.593315 946.341923 913.478304 878.898655 851.050478 839.009451 834.021203 834.592640 828.519758 837.816734 845.293880 860.622988 875.935149 899.649679 928.304316 941.499400 955.631330 964.628777 984.185872 1013.178754 1064.774179 1126.013262 1181.289756 1214.363347 1216.214951 1188.972813 1170.974768 1164.496449 1188.802582 1229.565861 1291.942785 1388.316468 1457.615382 1516.315990 1568.635626 1611.234147 1675.259477 1765.639663 1818.038373 -9999.0 -9999.0 -9999.0 -9999.0 -9999.0 -9999.0 -9999.0 -9999.0 -9999.0 -9999.0 -9999.0 -9999.0
-9999.0 -9999.0 -9999.0 -9999.0 -9999.0 -9999.0 196.153292 294.770181 373.926536 506.519713 630.773810 727.450250 804.229398 833.149718 856.913823 882.357410 879.944694 861.976699 843.563463 861.855653 874.838365 869.210340 839.880103 839.459095 844.359086 853.359477 852.157573 846.832161 823.044611 835.111914 836.656668 814.728251 789.912001 777.036834 766.182181 776.627039 777.620027 764.783355 766.132527 793.022403 813.298889 826.528664 848.381008 881.349071 913.263050 927.796903 928.437361 933.701880 972.828005 1041.529974 1111.131430 1164.216117 1194.240234 1199.947926 1170.173884 1127.522581 1104.022457 1107.435023 1137.670776 1185.117039 1255.244894 1299.564200 1324.155574 1340.468166 1363.765458 1458.819163 -9999.0 -9999.0 -9999.0 -9999.0 -9999.0 -9999.0 -9999.0 -9999.0 -9999.0 -9999.0 -9999.0 -9999.0 -9999.0 -9999.0
-9999.0 -9999.0 -9999.0 -9999.0 -9999.0 -9999.0 -9999.0 -9999.0 -9999.0 -9999.0 -9999.0 -9999.0 -9999.0 -9999.0 -9999.0 -9999.0 -9999.0 -9999.0 -9999.0 -9999.0 -9999.0 -9999.0 -9999.0 -9999.0 -9999.0 -9999.0 -9999.0 -9999.0 -9999.0 -9999.0 -9999.0 -9999.0 -9999.0 -9999.0 -9999.0 -9999.0 -9999.0 -9999.0 -9999.0 -9999.0 -9999.0 -9999.0 -9999.0 -9999.0 -9999.0 -9999.0 -9999.0 -9999.0 -9999.0 -9999.0 -9999.0 -9999.0 -9999.0 -9999.0 -9999.0 -9999.0 -9999.0 -9999.0 -9999.0 -9999.0 -9999.0 -9999.0 -9999.0 -9999.0 -9999.0 -9999.0 -9999.0 -9999.0 -9999.0 -9999.0 -9999.0 -9999.0 -9999.0 -9999.0 -9999.0 -9999.0 -9999.0 -9999.0 -9999.0 -9999.0
-9999.0 -9999.0 -9999.0 -9999.0 -9999.0 -9999.0 -9999.0 -9999.0 -9999.0 -9999.0 -9999.0 -9999.0 -9999.0 -9999.0 -9999.0 -9999.0 -9999.0 -9999.0 -9999.0 -9999.0 -9999.0 -9999.0 -9999.0 -9999.0 -9999.0 -9999.0 -9999.0 -9999.0 -9999.0 -9999.0 -9999.0 -9999.0 -9999.0 -9999.0 -9999.0 -9999.0 -9999.0 -9999.0 -9999.0 -9999.0 -9999.0 -9999.0 -9999.0 -9999.0 -9999.0 -9999.0 -9999.0 -9999.0 -9999.0 -9999.0 -9999.0 -9999.0 -9999.0 -9999.0 -9999.0 -9999.0 -9999.0 -9999.0 -9999.0 -9999.0 -9999.0 -9999.0 -9999.0 -9999.0 -9999.0 -9999.0 -9999.0 -9999.0 -9999.0 -9999.0 -9999.0 -9999.0 -9999.0 -9999.0 -9999.0 -9999.0 -9999.0 -9999.0 -9999.0 -9999.0