Borden_/Borden1m_014/output_maps/psiliqL0027N0039.asc
ncols         80
nrows         18
xllcorner     620200.000000
yllcorner     5168000.000000
cellsize      1.000000
NODATA_value  -9999.0
-9999.0 -9999.0 -9999.0 -9999.0 -9999.0 -9999.0 -9999.0 -9999.0 -9999.0 -9999.0 -9999.0 -9999.0 -9999.0 -9999.0 -9999.0 -9999.0 -9999.0 -9999.0 -9999.0 -9999.0 -9999.0 -9999.0 -9999.0 -9999.0 -9999.0 -9999.0 -9999.0 -9999.0 -9999.0 -9999.0 -9999.0 -9999.0 -9999.0 -9999.0 -9999.0 -9999.0 -9999.0 -9999.0 -9999.0 -9999.0 -9999.0 -9999.0 -9999.0 -9999.0 -9999.0 -9999.0 -9999.0 -9999.0 -9999.0 -9999.0 -9999.0 -9999.0 -9999.0 -9999.0 -9999.0 -9999.0 -9999.0 -9999.0 -9999.0 -9999.0 -9999.0 -9999.0 -9999.0 -9999.0 -9999.0 -9999.0 -9999.0 -9999.0 -9999.0 -9999.0 -9999.0 -9999.0 -9999.0 -9999.0 -9999.0 -9999.0 -9999.0 -9999.0 -9999.0 -9999.0
-9999.0 -9999.0 -9999.0 -9999.0 -9999.0 -9999.0 -9999.0 -9999.0 -9999.0 -9999.0 -9999.0 -9999.0 -9999.0 -9999.0 -9999.0 -9999.0 -9999.0 -9999.0 -9999.0 -9999.0 -9999.0 -9999.0 -9999.0 -9999.0 -9999.0 -9999.0 -9999.0 -9999.0 -9999.0 -9999.0 -9999.0 -9999.0 -9999.0 -9999.0 -9999.0 -9999.0 -9999.0 -9999.0 -9999.0 -9999.0 -9999.0 -9999.0 -9999.0 -9999.0 -9999.0 -9999.0 -9999.0 -9999.0 -9999.0 -9999.0 -9999.0 -9999.0 -9999.0 -9999.0 -9999.0 -9999.0 -9999.0 -9999.0 -9999.0 -9999.0 -9999.0 -9999.0 -9999.0 -9999.0 -9999.0 -9999.0 -9999.0 -9999.0 -9999.0 -9999.0 -9999.0 -9999.0 -9999.0 -9999.0 -9999.0 -9999.0 -9999.0 -9999.0 -9999.0 -9999.0
-9999.0 -9999.0 -9999.0 -9999.0 -9999.0 -9999.0 -9999.0 -9999.0 -9999.0 -9999.0 -9999.0 -9999.0 -9999.0 -9999.0 -9999.0 -9999.0 -9999.0 -9999.0 -9999.0 -9999.0 3525.168619 3525.942164 3504.203384 3469.907901 3441.446061 3443.007439 3475.514219 3515.789828 3554.313594 3561.184919 3541.725724 3545.375835 3540.697745 3535.664900 3535.444752 3543.061460 3549.731440 3559.153451 3565.839708 3563.251186 3555.694624 3550.621017 3553.350415 3554.790737 3561.132336 3546.366748 3562.570366 3578.947513 3583.682127 3581.264947 3557.996381 3546.554583 3538.884094 3523.556898 3550.554780 3562.459423 3586.221235 3591.143975 3589.397159 3562.984057 3533.115815 -9999.0 -9999.0 -9999.0 -9999.0 -9999.0 -9999.0 -9999.0 -9999.0 -9999.0 -9999.0 -9999.0 -9999.0 -9999.0 -9999.0 -9999.0 -9999.0 -9999.0 -9999.0 -9999.0
-9999.0 -9999.0 -9999.0 -9999.0 -9999.0 -9999.0 -9999.0 -9999.0 -9999.0 -9999.0 -9999.0 -9999.0 -9999.0 -9999.0 3435.348325 3426.519807 3423.390383 3430.284729 3462.343244 3492.328764 3503.807907 3496.103744 3495.614801 3470.460994 3447.045713 3459.111536 3488.018840 3517.898696 3550.696269 3567.338309 3556.012605 3553.034196 3559.356675 3577.937186 3585.173771 3581.254032 3563.720756 3587.886154 3600.680199 3604.520350 3602.268963 3592.200088 3600.428574 3614.190016 3607.081523 3592.059750 3603.653816 3619.040912 3629.757396 3622.327605 3565.134214 3554.140968 3551.477977 3548.148227 3535.654753 3532.482962 3561.567904 3561.591398 3554.939751 3538.256999 3505.306767 3460.308534 3441.811735 3483.090030 3527.189930 3583.805144 -9999.0 -9999.0 -9999.0 -9999.0 -9999.0 -9999.0 -9999.0 -9999.0 -9999.0 -9999.0 -9999.0 -9999.0 -9999.0 -9999.0
-9999.0 -9999.0 -9999.0 -9999.0 -9999.0 -9999.0 -9999.0 -9999.0 -9999.0 3378.350052 3384.129774 3390.771730 3392.929299 3407.664054 3404.031929 3410.541001 3413.812845 3440.595450 3469.414666 3502.246991 3528.563383 3518.860219 3516.934416 3519.707793 3512.685292 3519.537496 3539.276410 3575.134262 3605.116833 3639.464649 3605.162167 3599.700217 3616.745052 3657.118704 3678.800726 3679.937253 3661.087979 3678.630527 3701.856367 3716.728514 3712.857539 3706.421361 3732.524406 3747.927572 3740.890346 3719.079438 3719.071923 3727.453794 3757.223130 3706.684150 3640.919920 3604.213112 3621.646344 3601.754939 3577.475778 3567.873453 3569.446596 3590.438741 3579.547504 3546.501101 3514.059699 3502.798627 3486.625387 3508.657808 3532.620223 3579.578759 3620.008562 3650.279813 3650.022584 3633.024623 -9999.0 -9999.0 -9999.0 -9999.0 -9999.0 -9999.0 -9999.0 -9999.0 -9999.0 -9999.0
-9999.0 -9999.0 -9999.0 -9999.0 -9999.0 -9999.0 3300.005193 3310.389524 3330.868618 3332.959190 3359.136929 3363.745388 3381.733379 3398.168124 3419.380826 3431.195316 3454.998904 3483.929214 3518.737007 3555.085901 3581.518419 3568.743122 3573.222158 3590.945909 3615.810824 3633.150353 3655.187700 3692.540223 3764.429525 3800.274050 3791.151408 3791.446465 3799.478619 3849.972462 3913.914227 3924.289173 3903.559281 3890.703352 3914.853014 3952.670868 3950.081226 3948.804378 3962.451934 3973.524874 4000.414436 3989.106430 3953.255018 3948.789314 3956.492082 3932.794989 3862.732302 3806.199537 3789.066817 3742.351055 3658.881869 3617.620221 3643.680602 3672.981983 3652.486268 3603.853473 3572.822239 3568.472522 3558.412439 3552.807489 3566.511294 3590.391516 3614.968643 3629.501064 3618.109958 3597.634585 3576.365630 3548.527193 3551.471239 3576.566661 -9999.0 -9999.0 -9999.0 -9999.0 -9999.0 -9999.0
-9999.0 -9999.0 -9999.0 -9999.0 3250.910896 3263.445457 3247.935398 3273.712300 3304.998392 3337.880889 3364.271009 3394.546617 3416.540752 3442.131138 3473.723724 3493.638734 3523.954624 3552.335468 3598.210679 3658.150763 3701.320047 3713.334315 3721.092896 3771.449743 3827.290203 3873.761348 3892.361543 3918.382955 3965.059805 4021.707509 4043.702789 4046.150461 4063.093399 4107.440415 4164.938810 4200.407650 4182.555674 4173.313233 4183.966841 4198.756063 4220.911134 4220.958741 4222.093886 4226.508498 4234.542093 4232.526574 4205.374211 4171.691971 4158.644699 4148.275824 4108.919150 4036.083376 4006.566387 3977.122179 3932.808264 3877.993055 3832.614702 3835.580977 3780.802030 3725.641101 3677.066084 3670.773522 3651.775187 3637.011080 3621.053791 3634.599488 3647.591063 3633.253045 3603.721669 3574.913350 3562.394356 3545.214132 3534.104422 3565.585918 3583.665048 3613.165957 -9999.0 -9999.0 -9999.0 -9999.0
-9999.0 -9999.0 3192.593396 3237.124415 3293.575520 3298.704463 3290.459408 3292.138310 3317.360496 3365.338051 3425.353564 3460.144608 3486.788528 3516.100658 3565.222677 3624.906090 3683.372385 3725.357746 3783.420560 3852.911230 3911.907450 3938.297869 3946.708517 3982.521505 4037.799548 4108.206293 4136.714137 4163.575487 4195.997783 4233.271234 4222.921474 4233.253783 4246.161301 4260.105456 4276.166566 4283.882645 4278.798536 4274.147440 4255.456383 4250.081906 4256.527132 4264.941202 4263.649762 4248.813470 4244.830263 4259.995963 4266.501482 4264.235933 4261.071270 4265.716233 4260.220688 4210.567026 4195.245486 4179.661324 4167.335491 4120.599815 4053.149138 4021.351433 3999.261328 3957.573041 3883.883848 3847.567322 3808.901727 3775.118793 3738.654964 3726.918130 3695.639928 3664.268987 3626.201710 3585.979550 3567.420178 3553.689127 3553.689716 3554.571240 3572.627411 3588.465779 3604.526677 3612.646264 -9999.0 -9999.0
-9999.0 3082.528693 3152.949102 3272.840203 3349.352058 3384.164916 3389.258780 3389.374509 3413.434961 3445.725403 3529.826980 3575.144546 3657.445458 3695.185551 3734.924736 3824.664377 3919.825676 3963.703019 4003.336044 4068.379254 4135.242802 4182.866665 4209.468109 4184.931929 4225.417745 4257.225983 4266.034580 4273.559115 4274.109172 4265.542050 4259.275705 4265.856687 4262.765072 4243.313138 4226.980805 4225.128711 4221.664337 4198.109479 4170.394852 4154.648164 4155.770973 4181.033922 4167.689371 4146.196837 4141.733605 4163.577949 4185.394732 4174.545947 4161.316327 4177.978451 4212.922216 4238.504626 4238.677723 4257.486919 4278.667378 4249.181034 4228.567453 4184.046941 4166.904491 4141.298985 4083.788358 4028.925721 3980.604987 3932.320162 3880.363437 3832.295845 3785.072723 3738.201082 3685.559897 3653.186472 3629.433285 3587.514794 3575.707100 3582.789797 3578.336794 3577.076603 3583.856866 3590.499866 -9999.0 -9999.0
-9999.0 2984.032114 3121.850987 3297.102203 3437.862213 3475.544714 3532.046192 3584.754150 3596.937319 3538.939484 3639.750838 3857.413155 3982.535697 4000.842997 4077.515519 4174.234650 4153.489969 4185.352437 4209.090275 4236.918575 4259.250091 4274.261891 4272.720304 4267.755412 4251.099152 4243.055369 4242.130436 4239.963358 4222.363464 4203.226707 4186.287271 4182.945578 4164.651516 4114.186790 4080.602794 4062.713389 4042.903211 4029.745942 4002.797942 3976.599677 3959.651998 3969.330037 3968.160624 3955.073492 3950.667635 3968.512851 3999.436228 3998.007613 4010.583752 4030.353015 4065.856162 4104.486507 4123.866221 4153.211417 4189.048499 4237.773648 4245.972662 4268.559184 4271.303985 4261.671054 4214.517889 4162.529043 4132.947109 4077.236649 4017.659933 3955.952893 3906.895466 3862.223923 3806.965286 3773.375676 3734.653053 3681.363498 3639.563715 3633.348102 3600.539511 3588.186113 -9999.0 -9999.0 -9999.0 -9999.0
-9999.0 2880.718550 3055.996380 3290.474901 3585.088482 3652.149574 3854.148079 3968.134124 4006.176966 4074.270681 3945.583407 4159.629913 4214.985802 4210.647179 4228.768487 4232.353436 4246.920936 4246.134712 4241.045398 4229.926938 4220.196941 4215.515139 4214.502142 4206.561075 4193.871625 4179.179569 4167.179743 4155.572600 4118.560087 4086.315633 4046.301489 4033.593297 3987.866061 3895.558132 3856.959244 3817.743210 3756.037242 3759.126696 3767.839502 3744.207892 3724.443715 3695.319557 3725.810038 3737.375943 3741.864098 3736.564043 3745.571242 3775.041744 3823.626172 3858.159514 3896.944416 3945.019696 3975.672815 4014.896941 4054.490400 4106.947967 4138.409462 4167.435612 4216.890592 4254.029450 4276.876801 4262.462078 4244.435567 4199.078144 4138.607051 4089.146697 4059.910130 4009.077734 3965.470333 3922.117251 3875.761046 3823.133956 3761.753773 3711.031042 3677.677689 -9999.0 -9999.0 -9999.0 -9999.0 -9999.0
-9999.0 2659.244866 2914.894133 3172.774396 3440.800523 3784.703428 3961.937602 4054.526956 4118.414536 4103.762185 4129.393397 4135.117197 4172.468219 4180.092346 4158.755911 4144.580434 4126.501154 4125.411698 4138.515980 4110.955969 4080.418900 4066.918619 4067.858194 4057.176384 4033.139176 4018.289267 4009.062067 3990.382459 3947.321764 3896.825694 3812.232058 3776.830321 3697.453985 3660.608117 3625.004316 3578.401905 3534.717238 3541.137365 3566.666579 3558.367565 3537.975153 3521.305756 3551.052067 3572.265247 3585.651899 3568.968319 3575.412313 3609.669286 3655.857650 3696.032683 3739.474143 3787.115976 3828.977514 3867.714672 3887.912613 3926.598195 3968.725070 4010.364682 4080.717532 4159.769748 4196.172088 4231.106366 4259.621918 4281.690970 4238.594825 4212.637342 4188.685267 4164.949306 4118.462706 4072.922793 4032.362044 3967.273545 3907.731483 -9999.0 -9999.0 -9999.0 -9999.0 -9999.0 -9999.0 -9999.0
-9999.0 2548.702243 2738.710729 2915.247431 3152.768613 3380.255721 3605.857002 3695.898058 3766.504972 3842.353665 3898.727713 3937.334879 3963.118756 3984.897201 3962.387112 3915.747249 3883.228333 3888.323234 3878.889886 3858.237149 3830.804292 3818.145342 3815.438102 3810.931142 3790.104720 3780.309905 3773.899407 3756.246830 3731.651835 3679.165339 3608.830231 3535.797431 3483.256795 3465.632903 3444.330204 3418.663323 3393.576453 3407.550319 3420.389337 3421.102377 3415.406557 3416.244878 3445.284137 3465.308259 3474.716644 3464.013278 3482.052895 3504.657459 3540.897536 3579.644035 3623.773900 3673.316574 3721.233016 3740.511181 3741.544680 3751.749584 3778.445345 3821.068615 3896.974806 3982.994670 4061.499137 4107.314537 4158.341125 4198.681193 4227.262416 4251.329712 4274.360091 4267.905301 4241.556723 4207.965438 4148.717278 -9999.0 -9999.0 -9999.0 -9999.0 -9999.0 -9999.0 -9999.0 -9999.0 -9999.0
-9999.0 -9999.0 2513.968378 2663.053019 2754.362328 2897.469494 3028.561612 3132.597149 3232.666304 3376.840984 3501.206588 3595.977947 3642.856927 3658.530438 3644.966689 3617.406526 3600.883233 3600.451013 3588.586272 3583.021849 3569.684162 3564.944954 3553.124035 3546.099191 3543.227833 3543.662987 3542.230006 3534.965841 3519.480161 3479.428557 3444.812569 3402.122432 3357.786986 3337.567701 3320.867537 3305.417807 3311.059894 3306.598682 3312.578888 3316.122598 3326.532075 3341.197319 3360.524061 3383.233659 3392.870528 3403.220410 3413.713811 3434.834140 3464.110870 3503.708109 3554.490835 3608.770825 3644.075382 3650.158606 3631.166129 3624.987961 3631.759317 3659.244917 3720.809575 3788.955109 3879.006737 3944.739737 4011.680628 4067.937125 4094.831353 4131.223373 4202.078252 4250.152266 4293.391321 4270.945455 -9999.0 -9999.0 -9999.0 -9999.0 -9999.0 -9999.0 -9999.0 -9999.0 -9999.0 -9999.0
-9999.0 -9999.0 -9999.0 -9999.0 2523.688245 2669.606267 2767.176422 2824.242649 2957.267271 3078.485651 3181.567894 3268.699421 3338.608191 3364.375716 3366.529625 3385.381393 3385.202024 3375.594413 3364.655477 3370.787459 3377.044542 3371.451332 3354.974774 3349.707949 3355.136941 3364.780889 3364.562940 3353.500188 3337.271278 3326.394526 3316.624855 3288.515912 3258.773456 3233.550947 3223.636128 3222.653705 3224.156307 3217.148445 3226.246205 3236.092832 3252.575435 3267.907912 3291.432145 3321.286347 3336.140216 3350.667562 3358.805783 3376.628883 3404.597656 3455.593932 3516.816445 3572.955317 3606.538841 3606.384603 3577.122059 3554.618234 3541.094415 3557.374575 3585.219810 3634.533518 3723.095735 3784.865561 3829.194907 3867.163423 3903.433116 3969.155404 4064.771849 4146.596963 -9999.0 -9999.0 -9999.0 -9999.0 -9999.0 -9999.0 -9999.0 -9999.0 -9999.0 -9999.0 -9999.0 -9999.0
-9999.0 -9999.0 -9999.0 -9999.0 -9999.0 -9999.0 2503.732366 2610.677894 2676.314009 2807.159879 2954.617877 3052.491298 3135.967035 3172.722986 3205.771101 3237.021810 3238.198226 3217.713015 3195.525965 3218.344747 3239.144763 3233.083932 3200.647090 3203.379114 3212.090064 3221.359792 3220.545997 3216.828140 3194.781406 3215.143684 3222.969604 3203.206700 3180.709896 3172.042662 3162.516660 3174.065982 3175.418624 3161.800110 3161.044442 3188.956580 3210.599281 3223.592792 3244.488219 3277.687463 3310.115042 3325.698940 3326.179183 3330.177314 3365.765036 3433.162070 3503.762795 3558.545740 3589.242800 3593.495794 3562.161842 3516.770490 3489.958660 3487.870496 3510.977801 3548.862634 3608.994562 3644.199413 3653.465869 3652.475825 3663.197406 3763.596373 -9999.0 -9999.0 -9999.0 -9999.0 -9999.0 -9999.0 -9999.0 -9999.0 -9999.0 -9999.0 -9999.0 -9999.0 -9999.0 -9999.0
-9999.0 -9999.0 -9999.0 -9999.0 -9999.0 -9999.0 -9999.0 -9999.0 -9999.0 -9999.0 -9999.0 -9999.0 -9999.0 -9999.0 -9999.0 -9999.0 -9999.0 -9999.0 -9999.0 -9999.0 -9999.0 -9999.0 -9999.0 -9999.0 -9999.0 -9999.0 -9999.0 -9999.0 -9999.0 -9999.0 -9999.0 -9999.0 -9999.0 -9999.0 -9999.0 -9999.0 -9999.0 -9999.0 -9999.0 -9999.0 -9999.0 -9999.0 -9999.0 -9999.0 -9999.0 -9999.0 -9999.0 -9999.0 -9999.0 -9999.0 -9999.0 -9999.0 -9999.0 -9999.0 -9999.0 -9999.0 -9999.0 -9999.0 -9999.0 -9999.0 -9999.0 -9999.0 -9999.0 -9999.0 -9999.0 -9999.0 -9999.0 -9999.0 -9999.0 -9999.0 -9999.0 -9999.0 -9999.0 -9999.0 -9999.0 -9999.0 -9999.0 -9999.0 -9999.0 -9999.0
-9999.0 -9999.0 -9999.0 -9999.0 -9999.0 -9999.0 -9999.0 -9999.0 -9999.0 -9999.0 -9999.0 -9999.0 -9999.0 -9999.0 -9999.0 -9999.0 -9999.0 -9999.0 -9999.0 -9999.0 -9999.0 -9999.0 -9999.0 -9999.0 -9999.0 -9999.0 -9999.0 -9999.0 -9999.0 -9999.0 -9999.0 -9999.0 -9999.0 -9999.0 -9999.0 -9999.0 -9999.0 -9999.0 -9999.0 -9999.0 -9999.0 -9999.0 -9999.0 -9999.0 -9999.0 -9999.0 -9999.0 -9999.0 -9999.0 -9999.0 -9999.0 -9999.0 -9999.0 -9999.0 -9999.0 -9999.0 -9999.0 -9999.0 -9999.0 -9999.0 -9999.0 -9999.0 -9999.0 -9999.0 -9999.0 -9999.0 -9999.0 -9999.0 -9999.0 -9999.0 -9999.0 -9999.0 -9999.0 -9999.0 -9999.0 -9999.0 -9999.0 -9999.0 -9999.0 -9999.0