Borden_/Borden1m_014/output_maps/psiliqL0004N0023.asc
ncols         80
nrows         18
xllcorner     620200.000000
yllcorner     5168000.000000
cellsize      1.000000
NODATA_value  -9999.0
-9999.0 -9999.0 -9999.0 -9999.0 -9999.0 -9999.0 -9999.0 -9999.0 -9999.0 -9999.0 -9999.0 -9999.0 -9999.0 -9999.0 -9999.0 -9999.0 -9999.0 -9999.0 -9999.0 -9999.0 -9999.0 -9999.0 -9999.0 -9999.0 -9999.0 -9999.0 -9999.0 -9999.0 -9999.0 -9999.0 -9999.0 -9999.0 -9999.0 -9999.0 -9999.0 -9999.0 -9999.0 -9999.0 -9999.0 -9999.0 -9999.0 -9999.0 -9999.0 -9999.0 -9999.0 -9999.0 -9999.0 -9999.0 -9999.0 -9999.0 -9999.0 -9999.0 -9999.0 -9999.0 -9999.0 -9999.0 -9999.0 -9999.0 -9999.0 -9999.0 -9999.0 -9999.0 -9999.0 -9999.0 -9999.0 -9999.0 -9999.0 -9999.0 -9999.0 -9999.0 -9999.0 -9999.0 -9999.0 -9999.0 -9999.0 -9999.0 -9999.0 -9999.0 -9999.0 -9999.0
-9999.0 -9999.0 -9999.0 -9999.0 -9999.0 -9999.0 -9999.0 -9999.0 -9999.0 -9999.0 -9999.0 -9999.0 -9999.0 -9999.0 -9999.0 -9999.0 -9999.0 -9999.0 -9999.0 -9999.0 -9999.0 -9999.0 -9999.0 -9999.0 -9999.0 -9999.0 -9999.0 -9999.0 -9999.0 -9999.0 -9999.0 -9999.0 -9999.0 -9999.0 -9999.0 -9999.0 -9999.0 -9999.0 -9999.0 -9999.0 -9999.0 -9999.0 -9999.0 -9999.0 -9999.0 -9999.0 -9999.0 -9999.0 -9999.0 -9999.0 -9999.0 -9999.0 -9999.0 -9999.0 -9999.0 -9999.0 -9999.0 -9999.0 -9999.0 -9999.0 -9999.0 -9999.0 -9999.0 -9999.0 -9999.0 -9999.0 -9999.0 -9999.0 -9999.0 -9999.0 -9999.0 -9999.0 -9999.0 -9999.0 -9999.0 -9999.0 -9999.0 -9999.0 -9999.0 -9999.0
-9999.0 -9999.0 -9999.0 -9999.0 -9999.0 -9999.0 -9999.0 -9999.0 -9999.0 -9999.0 -9999.0 -9999.0 -9999.0 -9999.0 -9999.0 -9999.0 -9999.0 -9999.0 -9999.0 -9999.0 -607.392015 -604.804374 -611.580327 -619.741148 -626.539544 -627.150955 -619.417253 -610.257035 -600.118340 -597.893970 -605.295836 -603.734973 -606.515034 -607.943722 -607.884595 -605.755330 -604.716311 -601.448973 -599.275530 -600.026803 -602.374906 -604.139758 -605.414001 -604.762900 -602.289970 -605.844397 -600.600421 -595.267638 -593.276166 -593.720554 -601.345245 -604.756009 -606.144150 -611.882055 -601.527365 -598.051525 -590.003127 -588.969379 -587.956458 -596.984739 -606.108813 -9999.0 -9999.0 -9999.0 -9999.0 -9999.0 -9999.0 -9999.0 -9999.0 -9999.0 -9999.0 -9999.0 -9999.0 -9999.0 -9999.0 -9999.0 -9999.0 -9999.0 -9999.0 -9999.0
-9999.0 -9999.0 -9999.0 -9999.0 -9999.0 -9999.0 -9999.0 -9999.0 -9999.0 -9999.0 -9999.0 -9999.0 -9999.0 -9999.0 -622.350698 -625.829109 -627.405489 -627.983923 -620.997344 -615.227948 -614.334199 -617.889104 -615.428799 -622.825317 -629.385121 -625.414264 -619.191251 -613.521766 -605.035646 -598.903262 -604.187491 -605.494512 -602.426398 -592.190259 -587.412957 -589.322713 -600.489323 -589.736530 -583.820151 -580.112116 -580.619959 -585.577920 -578.477611 -570.311330 -574.290437 -583.016424 -581.148938 -575.979522 -568.097591 -572.986567 -601.296169 -605.357297 -604.328307 -604.282694 -608.375418 -611.072077 -600.510488 -601.543694 -603.527494 -606.374254 -613.618418 -624.630037 -629.398685 -618.347799 -607.774113 -588.115933 -9999.0 -9999.0 -9999.0 -9999.0 -9999.0 -9999.0 -9999.0 -9999.0 -9999.0 -9999.0 -9999.0 -9999.0 -9999.0 -9999.0
-9999.0 -9999.0 -9999.0 -9999.0 -9999.0 -9999.0 -9999.0 -9999.0 -9999.0 -629.585945 -630.301101 -629.217705 -631.219376 -627.960873 -632.621218 -631.313550 -631.893472 -626.973225 -622.454314 -615.353446 -606.835649 -612.459781 -613.160031 -608.961482 -608.214460 -606.013795 -601.480136 -587.465763 -571.709214 -549.888170 -567.640346 -568.591680 -558.389881 -524.246826 -494.874450 -486.807543 -501.048444 -500.715974 -482.267128 -461.163924 -461.887066 -463.763401 -441.399253 -427.762511 -418.624663 -439.026186 -458.083681 -461.011771 -434.778930 -480.828720 -524.931744 -562.598074 -560.364788 -574.919478 -591.651986 -598.438336 -600.401339 -588.823311 -593.676912 -605.508978 -615.460120 -613.709149 -618.915214 -613.634593 -609.145059 -593.768306 -580.060450 -567.568998 -567.001526 -574.722674 -9999.0 -9999.0 -9999.0 -9999.0 -9999.0 -9999.0 -9999.0 -9999.0 -9999.0 -9999.0
-9999.0 -9999.0 -9999.0 -9999.0 -9999.0 -9999.0 -637.371136 -637.523187 -635.227455 -640.860941 -636.101488 -638.722551 -635.143801 -633.223907 -630.521672 -629.812080 -623.677380 -617.828512 -608.362506 -596.162969 -585.323503 -590.044824 -587.138701 -572.633070 -546.626875 -523.426954 -508.794707 -483.713368 -407.880995 -340.831738 -312.219228 -296.174597 -272.461112 -246.666274 -199.167695 -134.720156 -203.533432 -221.939389 -209.316828 -172.963849 -98.012076 -95.301414 -89.574314 -82.204740 -56.361813 -63.304820 -168.170062 -194.371413 -200.922204 -207.441839 -240.560551 -278.441200 -358.474740 -428.886072 -496.380537 -535.041839 -541.679135 -534.263683 -551.518587 -576.244466 -592.105217 -592.962642 -596.432211 -601.901854 -599.154662 -592.689901 -583.350720 -577.774478 -582.173661 -588.589864 -594.044380 -603.822925 -602.440676 -593.099389 -9999.0 -9999.0 -9999.0 -9999.0 -9999.0 -9999.0
-9999.0 -9999.0 -9999.0 -9999.0 -647.418663 -644.469742 -652.931066 -647.788190 -643.529817 -640.031463 -639.142369 -633.340872 -631.084419 -626.577755 -617.744388 -610.401029 -598.241414 -588.620526 -565.316051 -522.834673 -484.705374 -462.617651 -449.776627 -361.923612 -271.040894 -237.037520 -226.515588 -208.358899 -164.857161 -48.655136 -21.452065 -38.012030 -0.323370 2.416616 66.364177 101.107779 81.786372 75.723633 77.769797 85.661444 110.414672 111.380721 112.345519 112.538184 114.696815 116.155184 94.935236 64.305434 50.637875 45.282088 -0.594125 -33.064334 -131.414809 -171.575102 -193.630991 -224.463475 -268.284416 -297.179076 -394.389901 -457.418492 -510.363742 -530.068112 -549.698331 -560.995703 -575.523552 -573.057297 -569.321806 -577.083379 -587.795726 -598.146479 -600.253396 -605.023311 -609.580236 -597.663644 -592.815812 -580.080781 -9999.0 -9999.0 -9999.0 -9999.0
-9999.0 -9999.0 -648.965172 -647.938690 -639.411710 -643.735807 -646.563475 -650.403811 -648.092919 -639.477573 -623.567173 -615.515126 -604.411891 -597.668804 -574.306473 -523.455864 -469.891052 -425.263886 -329.518633 -260.013309 -220.147524 -186.412547 -108.299794 -69.461656 -46.049720 23.751323 42.139885 37.973151 88.768984 116.720233 141.483043 156.654346 160.943028 156.977204 156.243650 155.210576 152.674067 148.382016 131.815043 129.577838 136.783700 139.080399 142.528242 130.250334 126.525617 138.718561 140.719306 141.243804 142.926621 151.518473 160.808185 132.860099 79.794848 67.640352 36.235265 26.569299 -31.363975 -121.700491 -155.337874 -192.227922 -247.339414 -280.214997 -364.666840 -441.946896 -491.800675 -515.599266 -542.018152 -560.234531 -577.965625 -594.648203 -600.444797 -604.166295 -602.420955 -603.606504 -597.183657 -592.014094 -585.102127 -582.285931 -9999.0 -9999.0
-9999.0 -652.762773 -654.372451 -638.954979 -634.594478 -630.553130 -625.966575 -622.012442 -617.393481 -620.701341 -580.928409 -516.379354 -456.295281 -432.266871 -348.706386 -244.612349 -108.932109 -73.329202 -48.474209 -31.912419 39.968998 78.817703 106.426677 139.198598 161.389275 158.359165 155.024532 153.827121 146.077913 138.899292 129.001570 136.262856 135.808059 120.753104 108.494782 107.674116 104.264920 75.838143 53.815899 41.700478 46.661274 67.342241 57.402894 37.558519 33.860252 53.073015 68.467078 60.293736 47.186527 64.507664 95.340249 113.397208 129.542544 143.481558 162.236028 141.246375 109.164931 71.745064 30.792618 32.146384 -63.637574 -126.743049 -179.945122 -233.170349 -275.442422 -370.932862 -456.577916 -502.881581 -541.274445 -557.958223 -569.105145 -590.996215 -597.412888 -593.341937 -596.327302 -596.731686 -593.896919 -591.587071 -9999.0 -9999.0
-9999.0 -666.777399 -652.764242 -634.919039 -612.125443 -605.923245 -546.439791 -496.447407 -481.377346 -502.512561 -393.509826 -108.237518 -70.406616 -40.089820 14.642473 83.078052 124.019473 146.500811 159.624571 152.112081 146.492265 148.706897 144.618204 136.187479 123.384523 115.525610 115.606402 113.301556 96.188815 79.161726 63.509132 60.550161 49.609429 16.665895 -12.293033 -24.268039 -39.475125 -110.861307 -156.047094 -184.516553 -196.203307 -178.219229 -187.592249 -203.195712 -206.361569 -186.194806 -154.399278 -158.273190 -149.402570 -123.552741 -79.056277 -2.096856 18.171252 43.809046 75.828341 114.103676 132.368135 151.622636 156.844175 133.941537 95.551897 50.489010 21.961344 -76.561896 -146.925146 -217.773357 -257.955176 -291.360288 -397.371719 -455.054033 -496.700627 -534.257893 -564.144430 -572.233354 -588.262264 -592.145126 -9999.0 -9999.0 -9999.0 -9999.0
-9999.0 -668.717924 -654.654087 -622.318531 -548.464439 -464.530184 -271.901514 -159.738741 -4.646203 -41.288251 63.771163 141.443333 150.011559 136.049006 111.174322 108.283603 118.270986 120.674250 116.584958 107.283519 96.635678 71.260660 89.188148 61.837578 72.376315 58.056151 47.573830 35.776301 -44.066547 -79.068404 -107.439677 -126.623997 -161.547291 -230.558946 -253.690006 -271.957658 -352.152248 -372.237823 -393.135167 -431.689824 -449.314406 -460.740088 -445.589731 -448.976930 -450.149153 -441.092570 -416.791077 -394.840861 -328.135046 -276.315037 -250.818763 -214.737016 -185.299414 -140.322342 -89.200526 4.057615 31.798360 57.846188 96.275644 134.650995 154.964523 147.643116 119.528217 84.399316 25.566763 -76.755429 -122.008340 -177.532937 -230.933645 -263.925072 -289.411586 -372.411687 -463.630633 -527.695600 -547.835009 -9999.0 -9999.0 -9999.0 -9999.0 -9999.0
-9999.0 -689.589722 -656.316747 -628.994647 -512.872752 -263.159807 -179.542929 69.306223 128.332519 57.376114 -42.826794 25.294549 23.606292 62.678854 39.979012 31.988411 25.725218 25.246506 37.780118 10.493732 -58.259671 -76.951657 -78.959727 -92.952973 -118.484567 -139.448778 -154.945370 -175.312471 -219.256426 -248.803269 -295.544939 -342.736217 -440.420665 -496.543525 -526.803232 -554.239509 -580.966879 -580.505426 -571.916776 -579.541422 -588.259467 -597.017366 -586.127630 -580.739081 -576.022145 -581.557503 -579.420195 -564.620219 -540.920137 -516.889114 -481.587160 -431.355322 -366.021662 -279.869465 -257.621722 -221.913565 -184.370533 -135.370061 -61.333629 50.615287 77.702717 109.668671 145.697627 163.698005 124.324876 86.011735 37.540418 -6.029049 -116.754559 -175.091998 -201.880865 -231.015601 -266.525178 -9999.0 -9999.0 -9999.0 -9999.0 -9999.0 -9999.0 -9999.0
-9999.0 -700.609516 -665.642946 -658.754906 -612.604437 -523.755367 -396.313988 -259.513281 -117.936648 -220.571869 -231.449844 -214.073520 -192.546798 -174.028770 -193.364253 -218.019171 -234.057321 -230.532926 -228.839425 -243.744695 -261.260772 -269.176299 -270.316907 -281.201742 -328.971946 -359.103173 -377.464443 -410.075297 -450.802203 -493.773905 -548.050919 -578.101441 -600.208315 -608.758500 -615.159990 -621.803962 -633.006035 -627.212847 -622.503424 -623.679008 -627.193263 -629.618923 -621.141267 -617.696386 -614.972134 -621.971164 -616.542990 -610.960442 -599.354903 -587.228579 -570.607118 -547.527407 -519.887027 -500.787886 -486.766083 -459.143175 -409.942130 -306.304921 -241.904945 -158.983516 -84.609670 0.025635 48.781497 81.368494 100.900000 113.420243 118.385254 93.660747 22.496487 -95.834684 -137.349159 -9999.0 -9999.0 -9999.0 -9999.0 -9999.0 -9999.0 -9999.0 -9999.0 -9999.0
-9999.0 -9999.0 -708.784521 -693.682284 -680.763571 -665.515524 -643.986589 -617.816791 -596.053589 -568.545645 -531.622840 -492.615767 -467.304971 -455.433256 -471.079014 -501.615029 -519.412134 -518.438405 -523.393448 -533.053609 -549.805666 -555.851398 -560.137432 -563.620350 -571.076263 -574.330524 -575.847380 -579.123452 -586.218073 -601.558766 -615.375232 -625.454976 -636.012479 -636.565437 -638.588874 -642.137769 -639.692745 -640.377999 -639.381816 -639.737881 -638.827302 -637.065195 -634.747667 -631.708984 -631.233438 -630.296703 -629.002178 -625.552745 -620.236421 -613.009024 -600.132192 -582.324108 -568.866558 -565.463788 -571.725268 -569.774988 -560.637988 -538.858538 -475.972657 -361.781051 -261.911707 -208.585948 -137.891285 -83.727037 -38.398692 -3.427789 50.543332 86.474801 52.772583 -43.927703 -9999.0 -9999.0 -9999.0 -9999.0 -9999.0 -9999.0 -9999.0 -9999.0 -9999.0 -9999.0
-9999.0 -9999.0 -9999.0 -9999.0 -715.710721 -694.103877 -675.153912 -676.106505 -661.348335 -651.143132 -641.185935 -629.690609 -620.156413 -614.490863 -620.405580 -621.827950 -623.350462 -622.794334 -624.415042 -626.023734 -626.875220 -628.103775 -629.553427 -631.135520 -630.586187 -629.141706 -628.867349 -631.553853 -632.227603 -637.217666 -638.410675 -641.833636 -645.111554 -648.546275 -648.186983 -648.546711 -647.265772 -648.740645 -646.504359 -647.544567 -645.655106 -644.609667 -642.154145 -638.337224 -639.071859 -636.895292 -636.514384 -633.569367 -631.530796 -623.138980 -609.994854 -595.154508 -585.162192 -585.332914 -596.976687 -602.383054 -605.113770 -597.184877 -583.058104 -554.576538 -490.256542 -419.209140 -303.554456 -258.758049 -234.506134 -194.167463 -124.553461 -38.691763 -9999.0 -9999.0 -9999.0 -9999.0 -9999.0 -9999.0 -9999.0 -9999.0 -9999.0 -9999.0 -9999.0 -9999.0
-9999.0 -9999.0 -9999.0 -9999.0 -9999.0 -9999.0 -706.341013 -695.420341 -698.310950 -689.163970 -680.700535 -673.905518 -664.572277 -664.825701 -661.966938 -655.331000 -656.218752 -659.505531 -663.551350 -657.799385 -655.148641 -654.752378 -661.221000 -659.572016 -658.820858 -656.388554 -656.633257 -655.775519 -661.194138 -655.024954 -652.161230 -653.642893 -655.097931 -654.182888 -655.575065 -651.770957 -651.320361 -654.423469 -655.283508 -650.664763 -649.123767 -649.470047 -648.237798 -644.700325 -639.854048 -638.848738 -640.637029 -643.014601 -637.628756 -625.536564 -611.571311 -599.078894 -590.979538 -588.647764 -598.916692 -612.696598 -619.695976 -620.258487 -613.740876 -601.369523 -574.571117 -555.768606 -540.670944 -523.577687 -502.718250 -408.905502 -9999.0 -9999.0 -9999.0 -9999.0 -9999.0 -9999.0 -9999.0 -9999.0 -9999.0 -9999.0 -9999.0 -9999.0 -9999.0 -9999.0
-9999.0 -9999.0 -9999.0 -9999.0 -9999.0 -9999.0 -9999.0 -9999.0 -9999.0 -9999.0 -9999.0 -9999.0 -9999.0 -9999.0 -9999.0 -9999.0 -9999.0 -9999.0 -9999.0 -9999.0 -9999.0 -9999.0 -9999.0 -9999.0 -9999.0 -9999.0 -9999.0 -9999.0 -9999.0 -9999.0 -9999.0 -9999.0 -9999.0 -9999.0 -9999.0 -9999.0 -9999.0 -9999.0 -9999.0 -9999.0 -9999.0 -9999.0 -9999.0 -9999.0 -9999.0 -9999.0 -9999.0 -9999.0 -9999.0 -9999.0 -9999.0 -9999.0 -9999.0 -9999.0 -9999.0 -9999.0 -9999.0 -9999.0 -9999.0 -9999.0 -9999.0 -9999.0 -9999.0 -9999.0 -9999.0 -9999.0 -9999.0 -9999.0 -9999.0 -9999.0 -9999.0 -9999.0 -9999.0 -9999.0 -9999.0 -9999.0 -9999.0 -9999.0 -9999.0 -9999.0
-9999.0 -9999.0 -9999.0 -9999.0 -9999.0 -9999.0 -9999.0 -9999.0 -9999.0 -9999.0 -9999.0 -9999.0 -9999.0 -9999.0 -9999.0 -9999.0 -9999.0 -9999.0 -9999.0 -9999.0 -9999.0 -9999.0 -9999.0 -9999.0 -9999.0 -9999.0 -9999.0 -9999.0 -9999.0 -9999.0 -9999.0 -9999.0 -9999.0 -9999.0 -9999.0 -9999.0 -9999.0 -9999.0 -9999.0 -9999.0 -9999.0 -9999.0 -9999.0 -9999.0 -9999.0 -9999.0 -9999.0 -9999.0 -9999.0 -9999.0 -9999.0 -9999.0 -9999.0 -9999.0 -9999.0 -9999.0 -9999.0 -9999.0 -9999.0 -9999.0 -9999.0 -9999.0 -9999.0 -9999.0 -9999.0 -9999.0 -9999.0 -9999.0 -9999.0 -9999.0 -9999.0 -9999.0 -9999.0 -9999.0 -9999.0 -9999.0 -9999.0 -9999.0 -9999.0 -9999.0