Borden_/Borden1m_014/output_maps/psiliqL0018N0016.asc
ncols         80
nrows         18
xllcorner     620200.000000
yllcorner     5168000.000000
cellsize      1.000000
NODATA_value  -9999.0
-9999.0 -9999.0 -9999.0 -9999.0 -9999.0 -9999.0 -9999.0 -9999.0 -9999.0 -9999.0 -9999.0 -9999.0 -9999.0 -9999.0 -9999.0 -9999.0 -9999.0 -9999.0 -9999.0 -9999.0 -9999.0 -9999.0 -9999.0 -9999.0 -9999.0 -9999.0 -9999.0 -9999.0 -9999.0 -9999.0 -9999.0 -9999.0 -9999.0 -9999.0 -9999.0 -9999.0 -9999.0 -9999.0 -9999.0 -9999.0 -9999.0 -9999.0 -9999.0 -9999.0 -9999.0 -9999.0 -9999.0 -9999.0 -9999.0 -9999.0 -9999.0 -9999.0 -9999.0 -9999.0 -9999.0 -9999.0 -9999.0 -9999.0 -9999.0 -9999.0 -9999.0 -9999.0 -9999.0 -9999.0 -9999.0 -9999.0 -9999.0 -9999.0 -9999.0 -9999.0 -9999.0 -9999.0 -9999.0 -9999.0 -9999.0 -9999.0 -9999.0 -9999.0 -9999.0 -9999.0
-9999.0 -9999.0 -9999.0 -9999.0 -9999.0 -9999.0 -9999.0 -9999.0 -9999.0 -9999.0 -9999.0 -9999.0 -9999.0 -9999.0 -9999.0 -9999.0 -9999.0 -9999.0 -9999.0 -9999.0 -9999.0 -9999.0 -9999.0 -9999.0 -9999.0 -9999.0 -9999.0 -9999.0 -9999.0 -9999.0 -9999.0 -9999.0 -9999.0 -9999.0 -9999.0 -9999.0 -9999.0 -9999.0 -9999.0 -9999.0 -9999.0 -9999.0 -9999.0 -9999.0 -9999.0 -9999.0 -9999.0 -9999.0 -9999.0 -9999.0 -9999.0 -9999.0 -9999.0 -9999.0 -9999.0 -9999.0 -9999.0 -9999.0 -9999.0 -9999.0 -9999.0 -9999.0 -9999.0 -9999.0 -9999.0 -9999.0 -9999.0 -9999.0 -9999.0 -9999.0 -9999.0 -9999.0 -9999.0 -9999.0 -9999.0 -9999.0 -9999.0 -9999.0 -9999.0 -9999.0
-9999.0 -9999.0 -9999.0 -9999.0 -9999.0 -9999.0 -9999.0 -9999.0 -9999.0 -9999.0 -9999.0 -9999.0 -9999.0 -9999.0 -9999.0 -9999.0 -9999.0 -9999.0 -9999.0 -9999.0 1756.539410 1759.485532 1739.102943 1707.315963 1681.579848 1685.946612 1721.972448 1764.680709 1804.883812 1815.814179 1799.865528 1805.673750 1804.413887 1805.289967 1809.773347 1819.109709 1825.804688 1837.250686 1845.403121 1844.238285 1837.450351 1832.055893 1832.789627 1835.120749 1840.783593 1828.904956 1843.751099 1859.108526 1863.187401 1856.932909 1828.180508 1810.332913 1797.954111 1778.999207 1801.140616 1810.054076 1829.893951 1831.220112 1826.924524 1798.251049 1767.134149 -9999.0 -9999.0 -9999.0 -9999.0 -9999.0 -9999.0 -9999.0 -9999.0 -9999.0 -9999.0 -9999.0 -9999.0 -9999.0 -9999.0 -9999.0 -9999.0 -9999.0 -9999.0 -9999.0
-9999.0 -9999.0 -9999.0 -9999.0 -9999.0 -9999.0 -9999.0 -9999.0 -9999.0 -9999.0 -9999.0 -9999.0 -9999.0 -9999.0 1660.305102 1652.313983 1651.489026 1661.794374 1697.272839 1729.320609 1741.781651 1735.913727 1738.008969 1716.693255 1698.339313 1714.690738 1746.587713 1779.394457 1814.849596 1835.786533 1827.089202 1828.167711 1841.088494 1868.801535 1883.327027 1882.683343 1865.346627 1890.074300 1905.020564 1911.573420 1909.828413 1900.266915 1910.963806 1925.593418 1918.697704 1902.889528 1911.094052 1924.502262 1935.546440 1921.821785 1856.691708 1835.451673 1826.933269 1817.319755 1800.481731 1792.088805 1815.253156 1811.606865 1800.562739 1780.450077 1745.930383 1700.797647 1680.373653 1717.550248 1759.242219 1814.434455 -9999.0 -9999.0 -9999.0 -9999.0 -9999.0 -9999.0 -9999.0 -9999.0 -9999.0 -9999.0 -9999.0 -9999.0 -9999.0 -9999.0
-9999.0 -9999.0 -9999.0 -9999.0 -9999.0 -9999.0 -9999.0 -9999.0 -9999.0 1598.437814 1604.378819 1613.043510 1617.223580 1634.505501 1633.132962 1642.248124 1650.820231 1680.726794 1714.247215 1751.683866 1782.174435 1775.759102 1778.568245 1790.320826 1795.260641 1809.843637 1833.883938 1874.863478 1912.179986 1952.359492 1924.912857 1926.225337 1950.779260 2001.975871 2035.663114 2043.383446 2027.000968 2039.315323 2063.435822 2081.945351 2078.876899 2073.976673 2097.519854 2111.059820 2109.835664 2090.780729 2084.802215 2089.144535 2115.740696 2063.212152 1993.552770 1941.366794 1943.310399 1912.218145 1875.397414 1854.830952 1849.152570 1864.976601 1846.658850 1806.938932 1768.937731 1755.048536 1734.839043 1750.244182 1769.988567 1813.615325 1850.854867 1877.230200 1874.366418 1855.325310 -9999.0 -9999.0 -9999.0 -9999.0 -9999.0 -9999.0 -9999.0 -9999.0 -9999.0 -9999.0
-9999.0 -9999.0 -9999.0 -9999.0 -9999.0 -9999.0 1518.398575 1529.352960 1551.157123 1556.181806 1583.453698 1592.045233 1614.370213 1635.521686 1659.912864 1678.397963 1710.271639 1746.066815 1789.720114 1835.828503 1870.804843 1866.974510 1879.976902 1912.141435 1954.281392 1985.764317 2013.234842 2053.325089 2127.341017 2167.490905 2172.224862 2180.715212 2197.579498 2254.887940 2323.529757 2339.005204 2320.612740 2307.527894 2327.966439 2362.191878 2362.956794 2361.950060 2373.230515 2382.808510 2409.145527 2400.963364 2364.982198 2356.320724 2358.682765 2339.287686 2271.613048 2202.719740 2166.310334 2112.679466 2028.127425 1974.448203 1981.337072 1995.596290 1962.614809 1905.720147 1863.197157 1849.694222 1831.009171 1815.254441 1819.379910 1835.620633 1854.471535 1862.667519 1846.584150 1822.760498 1798.341695 1767.383797 1767.209382 1790.704338 -9999.0 -9999.0 -9999.0 -9999.0 -9999.0 -9999.0
-9999.0 -9999.0 -9999.0 -9999.0 1467.151821 1481.489191 1470.025119 1497.325540 1531.772055 1567.805775 1600.593841 1638.546083 1667.616500 1700.365629 1742.634470 1777.806833 1821.268834 1860.245442 1919.670512 1993.561723 2048.441770 2072.786678 2090.095202 2153.197031 2223.071814 2281.181021 2304.612026 2331.463997 2373.921785 2430.552692 2456.296843 2464.701480 2487.092506 2530.071818 2583.100662 2619.733259 2604.439343 2597.135829 2603.910147 2614.720127 2635.922885 2635.665036 2636.789638 2639.590307 2645.493340 2645.898750 2623.822395 2593.449781 2580.178705 2570.340630 2535.986421 2462.230920 2421.886327 2389.976598 2351.871149 2297.041947 2232.742257 2213.720823 2150.417610 2088.951054 2026.293404 2002.772503 1967.969765 1938.881943 1907.386179 1905.631406 1905.041942 1880.341324 1843.615540 1807.748030 1789.595945 1767.680855 1753.367495 1780.897279 1796.180436 1824.534286 -9999.0 -9999.0 -9999.0 -9999.0
-9999.0 -9999.0 1405.075835 1454.155324 1513.376191 1524.172334 1525.487567 1533.394272 1564.124094 1618.441652 1693.157527 1742.768013 1784.687865 1822.316094 1885.788956 1966.382837 2040.417829 2093.366572 2162.651852 2243.258074 2311.164938 2344.932552 2361.799621 2405.498790 2466.187262 2534.551484 2563.276729 2589.019855 2619.667891 2651.986769 2656.691985 2670.649821 2682.550819 2690.897844 2700.544239 2704.107368 2699.532296 2694.584960 2676.041348 2671.284216 2677.267271 2682.940012 2683.424339 2669.973987 2666.670896 2681.843472 2688.673054 2690.164211 2691.222239 2699.168611 2699.947493 2656.871927 2624.571762 2608.534744 2595.605718 2549.534206 2482.031456 2439.331316 2413.898167 2368.039842 2289.505592 2236.453386 2180.513018 2128.917677 2072.370051 2037.378652 1985.915325 1938.395401 1886.982523 1836.126964 1808.074898 1785.817775 1778.902131 1774.238410 1787.018647 1799.405133 1812.577312 1819.240778 -9999.0 -9999.0
-9999.0 1298.993694 1371.992406 1498.985389 1581.893732 1628.988722 1658.936918 1680.263110 1711.633133 1743.562604 1846.544977 1928.102719 2020.590445 2063.420204 2118.737625 2223.276555 2324.029450 2376.827868 2422.811460 2488.531171 2554.361783 2604.421423 2632.777377 2636.222307 2674.733296 2695.190111 2700.752517 2705.123435 2701.905494 2692.737290 2683.591680 2689.597547 2686.444273 2667.908742 2651.076992 2646.155497 2639.174468 2614.504890 2585.394745 2570.402493 2572.303996 2596.908210 2583.871382 2563.398325 2560.135048 2582.523394 2605.474378 2599.591688 2590.839424 2613.031944 2649.422961 2672.496656 2680.267800 2697.671405 2718.247779 2691.037786 2663.738050 2620.211464 2599.270706 2571.173792 2514.390546 2454.403574 2397.935156 2335.083596 2265.521591 2192.558133 2122.681393 2053.747063 1982.259891 1935.811896 1899.101630 1842.951591 1816.009726 1811.107607 1797.039983 1789.964821 1792.424275 1797.260141 -9999.0 -9999.0
-9999.0 1213.893105 1356.500216 1541.889057 1694.064214 1755.216762 1853.331432 1931.268042 1959.089024 1927.227154 2037.485082 2261.543282 2376.275246 2399.475526 2478.077871 2576.999038 2591.283533 2627.995658 2654.962160 2673.699829 2687.670582 2699.058551 2696.895662 2691.691211 2677.839343 2671.326323 2670.959790 2668.865837 2651.409834 2630.903159 2610.870533 2604.404714 2583.223152 2535.979065 2499.689015 2476.802690 2454.538670 2434.381867 2403.760969 2377.423947 2361.148342 2375.860435 2371.722395 2355.659135 2352.325647 2375.028659 2408.012093 2408.855335 2425.028818 2453.082794 2496.329148 2537.612329 2561.347597 2593.093327 2631.505316 2676.538674 2689.625048 2711.233743 2715.273143 2699.811739 2656.859297 2605.163957 2572.621870 2512.412337 2441.645639 2360.533521 2291.538455 2223.037014 2148.326678 2097.061150 2041.855532 1973.400381 1909.834026 1877.250495 1830.014253 1805.693709 -9999.0 -9999.0 -9999.0 -9999.0
-9999.0 1128.028738 1314.853124 1570.826451 1859.597891 1970.530145 2187.452913 2321.013178 2377.408528 2449.835643 2403.363303 2573.568668 2621.383996 2621.187313 2629.475053 2638.686663 2658.191757 2663.943449 2662.892394 2654.945454 2646.478991 2640.866302 2637.214712 2627.913983 2614.961070 2600.214429 2586.606703 2574.584775 2537.039848 2501.471455 2458.991971 2439.568257 2396.021918 2300.704683 2254.040588 2209.065356 2142.736491 2134.436057 2130.664405 2102.760000 2083.722032 2060.682831 2085.339700 2093.070642 2096.719184 2098.015343 2114.573182 2145.001112 2198.565257 2244.830767 2295.802167 2352.128506 2391.570819 2438.787754 2486.699974 2542.998089 2576.648273 2608.490466 2658.588713 2698.446212 2723.553345 2713.341906 2690.455453 2646.820063 2578.909099 2516.255064 2469.076903 2396.859412 2332.532899 2277.615503 2221.841061 2153.450400 2071.029745 1972.122813 1920.565495 -9999.0 -9999.0 -9999.0 -9999.0 -9999.0
-9999.0 935.332279 1203.166981 1487.972116 1797.756153 2143.204306 2302.402878 2430.284622 2506.227838 2484.318693 2501.298591 2521.764284 2566.380519 2577.592002 2560.797422 2554.389818 2544.563127 2546.549983 2560.848226 2534.895674 2503.860039 2486.149965 2480.785920 2465.099322 2439.070780 2421.701968 2410.855187 2390.756204 2341.713729 2286.281080 2195.648304 2156.521036 2074.665287 2021.165416 1975.230082 1920.622134 1865.613550 1862.756528 1880.639102 1867.142798 1845.502815 1827.603523 1855.432806 1875.173941 1888.457159 1876.513982 1886.548684 1925.090974 1979.233084 2029.614742 2084.485275 2143.534122 2194.492202 2248.125211 2285.581464 2338.367958 2390.114216 2440.061106 2517.050414 2599.281138 2640.829897 2678.170110 2711.953999 2731.154256 2682.781165 2639.135547 2592.788683 2538.046784 2467.234595 2424.305306 2393.331476 2330.079157 2260.377758 -9999.0 -9999.0 -9999.0 -9999.0 -9999.0 -9999.0 -9999.0
-9999.0 813.092203 1025.384758 1246.256356 1525.743633 1770.234577 1983.733314 2098.239752 2184.247018 2238.032653 2283.998589 2322.381821 2354.513938 2379.405787 2361.604856 2323.226096 2296.271234 2302.008749 2296.662174 2272.275480 2239.259482 2217.706195 2207.588115 2195.126210 2167.241563 2151.334612 2140.217623 2117.267393 2085.065157 2027.164349 1944.565087 1866.574078 1804.283715 1773.448754 1742.964289 1708.588992 1672.419604 1681.222778 1692.572598 1689.821267 1680.454809 1678.503874 1707.826430 1727.367987 1737.826900 1727.215785 1747.451019 1775.363823 1819.154432 1865.951412 1918.392782 1976.360643 2033.705666 2067.230736 2085.106174 2112.830649 2155.595459 2215.309752 2308.963733 2411.507040 2496.852516 2550.300084 2605.566097 2645.293434 2663.699093 2676.920913 2659.389199 2590.736417 2501.068681 2496.304929 2496.451991 -9999.0 -9999.0 -9999.0 -9999.0 -9999.0 -9999.0 -9999.0 -9999.0 -9999.0
-9999.0 -9999.0 794.133416 966.080360 1095.526253 1274.804465 1428.419140 1544.205237 1642.309757 1768.871937 1882.610147 1971.374393 2017.023771 2035.606053 2024.074110 1995.259817 1976.924012 1977.463850 1966.422927 1954.896532 1932.522493 1919.674543 1902.518025 1890.011609 1878.159363 1871.699166 1865.851017 1854.554889 1832.850794 1785.480529 1736.909951 1684.518971 1630.646268 1604.245424 1581.450651 1559.187397 1557.514092 1552.209750 1557.124263 1558.769400 1566.297562 1579.363437 1599.465181 1621.912308 1632.049862 1641.775896 1654.834651 1679.501689 1713.908999 1758.176231 1814.321240 1874.592938 1917.288470 1933.280526 1926.752194 1934.318097 1957.150204 2004.088692 2090.412446 2182.456883 2289.111839 2369.294567 2449.436837 2509.967544 2532.730439 2553.634624 2577.024903 2535.594573 2406.981558 2447.752454 -9999.0 -9999.0 -9999.0 -9999.0 -9999.0 -9999.0 -9999.0 -9999.0 -9999.0 -9999.0
-9999.0 -9999.0 -9999.0 -9999.0 826.851722 981.625584 1081.060616 1166.592227 1299.876367 1425.582844 1529.555044 1615.096748 1679.359377 1706.943893 1705.283011 1714.486977 1711.635808 1705.069745 1694.460969 1693.021001 1690.490164 1679.964403 1661.958977 1652.133492 1651.586568 1655.695251 1652.426997 1638.352850 1619.866101 1597.969854 1577.705954 1542.688295 1506.282478 1476.356902 1462.408994 1456.267769 1455.279879 1447.593872 1455.890560 1463.415499 1478.777984 1494.061266 1517.877064 1547.142241 1561.341834 1576.496056 1586.629404 1607.654769 1639.035570 1693.665057 1758.593529 1818.211014 1856.424280 1863.248385 1841.316744 1828.312015 1827.356836 1859.106815 1908.900083 1982.144392 2092.299459 2175.147720 2242.662720 2299.179113 2340.735451 2395.420930 2461.236822 2502.463436 -9999.0 -9999.0 -9999.0 -9999.0 -9999.0 -9999.0 -9999.0 -9999.0 -9999.0 -9999.0 -9999.0 -9999.0
-9999.0 -9999.0 -9999.0 -9999.0 -9999.0 -9999.0 791.079290 894.909503 974.729375 1117.889118 1252.722936 1356.372978 1438.111593 1471.488708 1500.192415 1528.519304 1527.658587 1508.930868 1488.745926 1506.722101 1519.583949 1511.360850 1478.806807 1476.894693 1480.686576 1487.887750 1485.001224 1478.223853 1452.751490 1464.471806 1464.935296 1440.889754 1414.168826 1399.776950 1387.296972 1396.325183 1395.999142 1381.871103 1381.928174 1408.821636 1429.222100 1442.371892 1464.133296 1497.471870 1530.060349 1545.676674 1547.433179 1553.949749 1594.254637 1665.332244 1738.297505 1795.265608 1829.549935 1839.604941 1814.819911 1777.102333 1759.524918 1770.133656 1809.355987 1867.335656 1950.207785 2007.600363 2042.775290 2066.096516 2091.601649 2187.547992 -9999.0 -9999.0 -9999.0 -9999.0 -9999.0 -9999.0 -9999.0 -9999.0 -9999.0 -9999.0 -9999.0 -9999.0 -9999.0 -9999.0
-9999.0 -9999.0 -9999.0 -9999.0 -9999.0 -9999.0 -9999.0 -9999.0 -9999.0 -9999.0 -9999.0 -9999.0 -9999.0 -9999.0 -9999.0 -9999.0 -9999.0 -9999.0 -9999.0 -9999.0 -9999.0 -9999.0 -9999.0 -9999.0 -9999.0 -9999.0 -9999.0 -9999.0 -9999.0 -9999.0 -9999.0 -9999.0 -9999.0 -9999.0 -9999.0 -9999.0 -9999.0 -9999.0 -9999.0 -9999.0 -9999.0 -9999.0 -9999.0 -9999.0 -9999.0 -9999.0 -9999.0 -9999.0 -9999.0 -9999.0 -9999.0 -9999.0 -9999.0 -9999.0 -9999.0 -9999.0 -9999.0 -9999.0 -9999.0 -9999.0 -9999.0 -9999.0 -9999.0 -9999.0 -9999.0 -9999.0 -9999.0 -9999.0 -9999.0 -9999.0 -9999.0 -9999.0 -9999.0 -9999.0 -9999.0 -9999.0 -9999.0 -9999.0 -9999.0 -9999.0
-9999.0 -9999.0 -9999.0 -9999.0 -9999.0 -9999.0 -9999.0 -9999.0 -9999.0 -9999.0 -9999.0 -9999.0 -9999.0 -9999.0 -9999.0 -9999.0 -9999.0 -9999.0 -9999.0 -9999.0 -9999.0 -9999.0 -9999.0 -9999.0 -9999.0 -9999.0 -9999.0 -9999.0 -9999.0 -9999.0 -9999.0 -9999.0 -9999.0 -9999.0 -9999.0 -9999.0 -9999.0 -9999.0 -9999.0 -9999.0 -9999.0 -9999.0 -9999.0 -9999.0 -9999.0 -9999.0 -9999.0 -9999.0 -9999.0 -9999.0 -9999.0 -9999.0 -9999.0 -9999.0 -9999.0 -9999.0 -9999.0 -9999.0 -9999.0 -9999.0 -9999.0 -9999.0 -9999.0 -9999.0 -9999.0 -9999.0 -9999.0 -9999.0 -9999.0 -9999.0 -9999.0 -9999.0 -9999.0 -9999.0 -9999.0 -9999.0 -9999.0 -9999.0 -9999.0 -9999.0