Borden_/Borden1m_014/output_maps/psiliqL0010N0014.asc
ncols         80
nrows         18
xllcorner     620200.000000
yllcorner     5168000.000000
cellsize      1.000000
NODATA_value  -9999.0
-9999.0 -9999.0 -9999.0 -9999.0 -9999.0 -9999.0 -9999.0 -9999.0 -9999.0 -9999.0 -9999.0 -9999.0 -9999.0 -9999.0 -9999.0 -9999.0 -9999.0 -9999.0 -9999.0 -9999.0 -9999.0 -9999.0 -9999.0 -9999.0 -9999.0 -9999.0 -9999.0 -9999.0 -9999.0 -9999.0 -9999.0 -9999.0 -9999.0 -9999.0 -9999.0 -9999.0 -9999.0 -9999.0 -9999.0 -9999.0 -9999.0 -9999.0 -9999.0 -9999.0 -9999.0 -9999.0 -9999.0 -9999.0 -9999.0 -9999.0 -9999.0 -9999.0 -9999.0 -9999.0 -9999.0 -9999.0 -9999.0 -9999.0 -9999.0 -9999.0 -9999.0 -9999.0 -9999.0 -9999.0 -9999.0 -9999.0 -9999.0 -9999.0 -9999.0 -9999.0 -9999.0 -9999.0 -9999.0 -9999.0 -9999.0 -9999.0 -9999.0 -9999.0 -9999.0 -9999.0
-9999.0 -9999.0 -9999.0 -9999.0 -9999.0 -9999.0 -9999.0 -9999.0 -9999.0 -9999.0 -9999.0 -9999.0 -9999.0 -9999.0 -9999.0 -9999.0 -9999.0 -9999.0 -9999.0 -9999.0 -9999.0 -9999.0 -9999.0 -9999.0 -9999.0 -9999.0 -9999.0 -9999.0 -9999.0 -9999.0 -9999.0 -9999.0 -9999.0 -9999.0 -9999.0 -9999.0 -9999.0 -9999.0 -9999.0 -9999.0 -9999.0 -9999.0 -9999.0 -9999.0 -9999.0 -9999.0 -9999.0 -9999.0 -9999.0 -9999.0 -9999.0 -9999.0 -9999.0 -9999.0 -9999.0 -9999.0 -9999.0 -9999.0 -9999.0 -9999.0 -9999.0 -9999.0 -9999.0 -9999.0 -9999.0 -9999.0 -9999.0 -9999.0 -9999.0 -9999.0 -9999.0 -9999.0 -9999.0 -9999.0 -9999.0 -9999.0 -9999.0 -9999.0 -9999.0 -9999.0
-9999.0 -9999.0 -9999.0 -9999.0 -9999.0 -9999.0 -9999.0 -9999.0 -9999.0 -9999.0 -9999.0 -9999.0 -9999.0 -9999.0 -9999.0 -9999.0 -9999.0 -9999.0 -9999.0 -9999.0 135.608927 138.592673 116.223855 82.476950 54.486852 56.980681 92.504859 134.251198 172.705437 183.390942 165.910531 168.507029 164.821571 165.858521 170.036902 177.273592 181.135363 192.963717 201.566300 201.168882 194.796198 189.056234 188.200637 191.501209 196.599406 187.136039 200.983862 216.406179 222.180515 216.237393 187.646851 170.310608 160.557260 144.733956 168.447212 180.051069 202.282286 205.912537 203.993421 176.540112 146.169768 -9999.0 -9999.0 -9999.0 -9999.0 -9999.0 -9999.0 -9999.0 -9999.0 -9999.0 -9999.0 -9999.0 -9999.0 -9999.0 -9999.0 -9999.0 -9999.0 -9999.0 -9999.0 -9999.0
-9999.0 -9999.0 -9999.0 -9999.0 -9999.0 -9999.0 -9999.0 -9999.0 -9999.0 -9999.0 -9999.0 -9999.0 -9999.0 -9999.0 43.877258 34.035976 31.331140 40.183007 74.437272 105.036999 117.746988 110.451377 110.746705 87.583963 67.915271 82.997632 113.478078 145.668990 180.414748 201.253220 189.676266 188.432818 201.159336 231.673022 248.385826 247.160760 227.368069 250.884680 267.162144 276.068166 274.725040 265.751861 279.651160 295.727173 288.897064 271.599904 276.249567 288.583803 302.214888 286.156085 218.804588 194.558169 188.473462 180.279237 165.641488 158.110012 181.994418 181.739360 172.763612 154.249798 121.364877 76.833335 58.377758 96.767173 140.915663 198.568151 -9999.0 -9999.0 -9999.0 -9999.0 -9999.0 -9999.0 -9999.0 -9999.0 -9999.0 -9999.0 -9999.0 -9999.0 -9999.0 -9999.0
-9999.0 -9999.0 -9999.0 -9999.0 -9999.0 -9999.0 -9999.0 -9999.0 -9999.0 -13.615763 -9.659544 -2.415868 -0.344024 15.452055 13.714863 21.002568 29.055040 56.034956 88.024248 124.280683 154.005891 144.908306 145.972136 158.820185 167.118748 182.961737 206.247366 247.930344 290.140161 332.530202 305.461639 306.351645 333.145812 396.715202 440.727865 452.134342 435.521125 442.119013 467.313920 489.703157 487.379541 484.393371 508.335073 521.488733 525.219347 506.743032 493.474684 494.403866 520.353396 466.244615 393.386583 325.658688 319.424416 284.558718 242.016169 217.883607 211.802437 230.822589 213.905269 175.309758 137.786588 126.756459 109.030714 125.030704 147.155608 193.650285 232.089644 260.405019 260.159512 242.580825 -9999.0 -9999.0 -9999.0 -9999.0 -9999.0 -9999.0 -9999.0 -9999.0 -9999.0 -9999.0
-9999.0 -9999.0 -9999.0 -9999.0 -9999.0 -9999.0 -92.343786 -83.287760 -63.338969 -57.999064 -33.275468 -25.643145 -4.905170 14.766672 36.206331 53.928541 85.631414 119.707854 163.476647 211.083908 246.143849 243.026085 254.851755 292.196017 344.892234 389.954424 420.882035 461.885717 539.003011 583.774668 598.426043 611.026387 642.796167 743.825673 822.356589 840.786120 825.543158 813.376241 828.256961 855.218261 856.928030 855.229719 861.048639 867.209691 889.936570 885.251747 856.010182 847.395729 846.104456 832.076115 761.583435 645.669567 580.786585 523.097082 437.974349 374.844787 364.667423 371.797876 335.810284 278.740556 233.699947 219.503121 201.990142 186.268579 190.543729 208.877012 231.199184 241.913215 228.799338 207.665302 184.376089 155.218120 156.593761 181.731231 -9999.0 -9999.0 -9999.0 -9999.0 -9999.0 -9999.0
-9999.0 -9999.0 -9999.0 -9999.0 -142.186310 -129.619041 -141.426418 -117.322830 -84.990860 -51.326856 -18.735273 19.039743 46.830013 77.767660 121.166987 161.568460 207.541841 246.323449 309.405661 394.877936 455.959266 484.367888 501.724726 572.526865 672.935200 772.611488 805.458584 827.848569 857.003365 903.014783 923.927034 931.243566 953.741476 996.745987 1039.734567 1068.311053 1055.578264 1051.275072 1054.541694 1060.342356 1078.457430 1077.273897 1077.714260 1078.429677 1081.371031 1083.525278 1067.803947 1044.258016 1036.306150 1029.651578 1003.702674 932.647943 892.180355 868.171744 843.873975 790.193164 682.151863 629.314291 556.475439 494.307868 422.426323 384.201394 342.710797 311.111488 276.291841 273.773724 274.461227 252.747661 220.427968 187.489986 171.771473 152.422208 141.481582 170.973108 188.327826 218.930194 -9999.0 -9999.0 -9999.0 -9999.0
-9999.0 -9999.0 -200.653097 -150.965239 -94.585532 -85.650792 -83.553834 -77.995583 -50.298335 1.394456 80.683862 135.603655 181.845910 216.326045 282.964954 380.902391 462.760773 518.450531 599.667479 730.681093 809.292132 839.693004 851.190917 883.905882 937.905805 1000.313907 1024.715397 1043.315407 1062.361593 1084.441684 1099.379371 1114.090280 1122.991018 1125.383255 1128.045707 1127.284281 1125.132178 1122.730550 1107.132212 1104.243559 1109.821750 1112.214106 1114.790459 1102.948231 1099.415786 1112.339363 1116.662177 1119.684569 1123.052120 1131.154968 1136.682456 1101.472176 1061.029167 1050.999615 1046.450443 1008.416665 945.727677 903.116363 884.551368 849.787558 768.496908 667.452804 584.368658 519.849563 451.739753 406.926599 353.326388 306.831274 258.050130 210.577264 185.507815 165.817076 162.416363 161.915364 177.361961 192.509535 207.630222 215.303813 -9999.0 -9999.0
-9999.0 -300.797053 -228.095149 -100.451367 -20.430219 26.034161 66.539102 95.549211 122.171603 142.329072 254.408367 367.488074 462.175060 500.287355 570.517784 724.425173 827.217078 868.737344 905.706401 966.370761 1018.682204 1053.649796 1072.584069 1091.804892 1121.681169 1128.268400 1129.440242 1129.925844 1122.692918 1113.733219 1103.576581 1110.814111 1110.224814 1095.747038 1081.518064 1076.719201 1072.116247 1054.749535 1034.904890 1025.609372 1029.077013 1047.988656 1038.986406 1022.850648 1019.879178 1036.432654 1050.962954 1044.979727 1036.954586 1053.413658 1082.922069 1098.911004 1111.350959 1125.836305 1144.831376 1119.748384 1089.541934 1056.225491 1043.995146 1024.517266 978.642010 918.723172 867.350375 804.499806 700.302900 589.987870 508.748120 432.135399 357.626176 312.547559 276.703303 221.471070 196.069574 195.198593 184.583593 181.080560 186.958234 193.157934 -9999.0 -9999.0
-9999.0 -374.993930 -231.419948 -44.814559 105.349412 173.900858 302.256394 390.124222 417.111724 395.167661 514.781039 781.049412 874.942738 887.534892 950.416583 1034.914332 1066.000407 1094.192217 1113.684776 1117.391684 1118.123987 1121.477392 1116.269702 1108.988584 1096.377673 1091.193407 1092.736486 1092.956041 1080.492728 1065.163781 1048.416159 1045.765705 1033.996134 1001.992264 970.118699 941.234634 921.765190 905.032167 879.482400 860.088347 849.775051 866.308083 859.417527 845.336555 841.834468 859.806124 887.048697 882.871010 892.368774 919.592517 966.155804 1000.643583 1017.195081 1039.940580 1068.601504 1101.495824 1114.951725 1134.698603 1139.453636 1119.789557 1084.904519 1045.276169 1023.071192 976.727004 912.468660 838.416184 763.307775 650.310024 555.638810 495.087694 430.322383 359.354691 294.239488 259.650724 216.591767 194.259754 -9999.0 -9999.0 -9999.0 -9999.0
-9999.0 -444.362454 -253.241150 12.646033 284.263714 435.822938 704.135419 836.486202 883.709169 937.384721 946.572767 1066.210480 1092.824426 1084.267862 1073.088058 1076.625196 1091.080375 1094.726143 1090.978567 1082.213563 1073.507509 1068.030046 1065.279134 1059.061301 1050.481078 1040.791816 1033.649001 1028.018537 1000.925669 970.823780 927.197648 908.945792 878.384091 798.866313 741.743531 654.832079 572.060411 558.457366 548.072487 518.962486 500.261076 483.528410 503.205642 504.970146 506.015763 511.846165 531.670773 555.606101 609.702884 674.037714 768.966421 832.780740 865.327575 908.044645 958.910628 1006.108836 1028.192304 1050.213243 1086.752109 1119.607130 1141.123086 1133.397373 1109.448956 1078.881988 1028.542393 982.466913 947.436971 880.935582 823.405897 761.300361 665.740613 570.393958 481.945766 356.881245 306.589411 -9999.0 -9999.0 -9999.0 -9999.0 -9999.0
-9999.0 -605.467582 -337.582468 -40.189623 301.170691 682.229568 823.850799 961.402916 1026.354535 984.004949 981.081547 999.184010 1031.247417 1035.820897 1020.755157 1018.417531 1012.444879 1012.726752 1023.466732 997.664112 962.879335 941.551710 937.136740 925.275663 905.028278 891.856602 884.035080 870.787413 829.743493 767.632498 633.156635 584.271176 501.629688 436.131514 383.016828 321.257506 262.379425 258.311505 273.796517 257.667893 235.513530 216.991699 242.937450 259.178885 270.475200 260.352028 269.726271 306.262606 358.928158 410.217036 473.707714 536.887479 592.988901 669.721596 757.952069 822.942854 865.139195 907.521974 979.881721 1045.200657 1072.840341 1099.830660 1132.535471 1150.848734 1109.528283 1073.119028 1041.798709 1004.106630 947.413090 916.308316 884.584852 832.798290 776.000900 -9999.0 -9999.0 -9999.0 -9999.0 -9999.0 -9999.0 -9999.0
-9999.0 -737.443936 -509.254654 -264.776559 36.376056 288.335601 489.177525 664.063370 757.757023 779.881124 804.293539 829.065071 852.478039 870.897615 853.865398 825.511784 804.150396 807.944552 802.827857 767.623032 701.834404 651.862497 639.165868 624.772698 590.656308 571.324124 559.030711 535.248059 498.001274 436.539553 341.216921 265.074435 200.384062 163.951431 131.381557 95.386820 55.478497 65.441132 79.600888 75.252814 63.280117 59.192455 88.964302 107.657299 117.750190 104.857671 123.586143 150.957413 193.777431 237.784954 288.856723 345.764049 402.116355 440.284657 470.121639 506.892772 556.203768 635.935677 777.390658 883.172017 964.016793 1006.516364 1047.704891 1076.862190 1089.499698 1109.549202 1095.715259 1033.196407 940.449225 967.963328 977.331458 -9999.0 -9999.0 -9999.0 -9999.0 -9999.0 -9999.0 -9999.0 -9999.0 -9999.0
-9999.0 -9999.0 -745.319254 -558.545989 -404.068451 -217.229574 -62.818557 53.174226 138.501367 239.888756 338.437339 415.992679 456.663431 473.017696 457.298358 420.557101 396.430298 395.766654 383.961131 365.132911 331.467672 314.129643 300.708553 290.716323 276.378321 268.563937 262.854904 251.294770 227.989784 179.271270 124.206447 69.917679 14.397053 -11.481649 -34.092162 -57.165042 -60.637648 -62.870285 -56.168697 -54.834481 -49.151941 -37.214813 -16.490773 4.989488 14.427803 21.720480 34.248785 58.037907 91.544331 133.406956 186.859045 243.638582 283.059910 297.130662 290.880178 299.588341 325.270816 378.277462 482.039118 595.203925 753.826733 841.138277 913.293392 974.387226 994.386982 1010.531219 1028.537472 968.505183 643.055027 890.914136 -9999.0 -9999.0 -9999.0 -9999.0 -9999.0 -9999.0 -9999.0 -9999.0 -9999.0 -9999.0
-9999.0 -9999.0 -9999.0 -9999.0 -701.916794 -546.099355 -452.526417 -370.042667 -245.193884 -132.152208 -36.470571 41.916335 97.025676 121.343333 111.518568 108.039701 100.174937 95.418068 85.475523 79.088990 72.018639 62.391593 49.450938 41.308410 40.545363 44.197729 42.077813 28.886717 12.522420 -14.171448 -38.122753 -73.749796 -111.059273 -140.495259 -153.657641 -160.418207 -160.217496 -165.885737 -156.358599 -149.754338 -134.720661 -119.203483 -95.109227 -66.636129 -53.895063 -39.676567 -30.021309 -9.272328 20.794993 73.769981 136.427154 192.717774 226.808458 230.545814 204.899663 189.413416 186.984730 217.453097 269.596999 348.291454 468.864725 558.357099 649.974453 763.861724 820.174449 869.782451 941.081505 971.368350 -9999.0 -9999.0 -9999.0 -9999.0 -9999.0 -9999.0 -9999.0 -9999.0 -9999.0 -9999.0 -9999.0 -9999.0
-9999.0 -9999.0 -9999.0 -9999.0 -9999.0 -9999.0 -755.898596 -660.747238 -575.627718 -452.045692 -335.214368 -240.565114 -164.921914 -138.617977 -119.475218 -96.158442 -100.532944 -118.299278 -135.912426 -119.348563 -109.590706 -115.190910 -143.594824 -145.025568 -141.271235 -131.918772 -133.115426 -139.139764 -163.980806 -155.222916 -156.321499 -179.462501 -205.529007 -219.779779 -231.284177 -221.238813 -220.388174 -232.962160 -230.702383 -204.438800 -184.581187 -171.107303 -148.612787 -115.384776 -83.343565 -69.005397 -68.092751 -61.990208 -20.780047 49.383904 119.794762 173.296718 203.982979 211.048467 182.342565 141.013852 119.289999 126.307509 162.348046 218.606520 300.693023 357.300392 399.657595 440.419270 478.276246 577.445472 -9999.0 -9999.0 -9999.0 -9999.0 -9999.0 -9999.0 -9999.0 -9999.0 -9999.0 -9999.0 -9999.0 -9999.0 -9999.0 -9999.0
-9999.0 -9999.0 -9999.0 -9999.0 -9999.0 -9999.0 -9999.0 -9999.0 -9999.0 -9999.0 -9999.0 -9999.0 -9999.0 -9999.0 -9999.0 -9999.0 -9999.0 -9999.0 -9999.0 -9999.0 -9999.0 -9999.0 -9999.0 -9999.0 -9999.0 -9999.0 -9999.0 -9999.0 -9999.0 -9999.0 -9999.0 -9999.0 -9999.0 -9999.0 -9999.0 -9999.0 -9999.0 -9999.0 -9999.0 -9999.0 -9999.0 -9999.0 -9999.0 -9999.0 -9999.0 -9999.0 -9999.0 -9999.0 -9999.0 -9999.0 -9999.0 -9999.0 -9999.0 -9999.0 -9999.0 -9999.0 -9999.0 -9999.0 -9999.0 -9999.0 -9999.0 -9999.0 -9999.0 -9999.0 -9999.0 -9999.0 -9999.0 -9999.0 -9999.0 -9999.0 -9999.0 -9999.0 -9999.0 -9999.0 -9999.0 -9999.0 -9999.0 -9999.0 -9999.0 -9999.0
-9999.0 -9999.0 -9999.0 -9999.0 -9999.0 -9999.0 -9999.0 -9999.0 -9999.0 -9999.0 -9999.0 -9999.0 -9999.0 -9999.0 -9999.0 -9999.0 -9999.0 -9999.0 -9999.0 -9999.0 -9999.0 -9999.0 -9999.0 -9999.0 -9999.0 -9999.0 -9999.0 -9999.0 -9999.0 -9999.0 -9999.0 -9999.0 -9999.0 -9999.0 -9999.0 -9999.0 -9999.0 -9999.0 -9999.0 -9999.0 -9999.0 -9999.0 -9999.0 -9999.0 -9999.0 -9999.0 -9999.0 -9999.0 -9999.0 -9999.0 -9999.0 -9999.0 -9999.0 -9999.0 -9999.0 -9999.0 -9999.0 -9999.0 -9999.0 -9999.0 -9999.0 -9999.0 -9999.0 -9999.0 -9999.0 -9999.0 -9999.0 -9999.0 -9999.0 -9999.0 -9999.0 -9999.0 -9999.0 -9999.0 -9999.0 -9999.0 -9999.0 -9999.0 -9999.0 -9999.0