Borden_/Borden1m_014/output_maps/psiliqL0003N0039.asc
ncols         80
nrows         18
xllcorner     620200.000000
yllcorner     5168000.000000
cellsize      1.000000
NODATA_value  -9999.0
-9999.0 -9999.0 -9999.0 -9999.0 -9999.0 -9999.0 -9999.0 -9999.0 -9999.0 -9999.0 -9999.0 -9999.0 -9999.0 -9999.0 -9999.0 -9999.0 -9999.0 -9999.0 -9999.0 -9999.0 -9999.0 -9999.0 -9999.0 -9999.0 -9999.0 -9999.0 -9999.0 -9999.0 -9999.0 -9999.0 -9999.0 -9999.0 -9999.0 -9999.0 -9999.0 -9999.0 -9999.0 -9999.0 -9999.0 -9999.0 -9999.0 -9999.0 -9999.0 -9999.0 -9999.0 -9999.0 -9999.0 -9999.0 -9999.0 -9999.0 -9999.0 -9999.0 -9999.0 -9999.0 -9999.0 -9999.0 -9999.0 -9999.0 -9999.0 -9999.0 -9999.0 -9999.0 -9999.0 -9999.0 -9999.0 -9999.0 -9999.0 -9999.0 -9999.0 -9999.0 -9999.0 -9999.0 -9999.0 -9999.0 -9999.0 -9999.0 -9999.0 -9999.0 -9999.0 -9999.0
-9999.0 -9999.0 -9999.0 -9999.0 -9999.0 -9999.0 -9999.0 -9999.0 -9999.0 -9999.0 -9999.0 -9999.0 -9999.0 -9999.0 -9999.0 -9999.0 -9999.0 -9999.0 -9999.0 -9999.0 -9999.0 -9999.0 -9999.0 -9999.0 -9999.0 -9999.0 -9999.0 -9999.0 -9999.0 -9999.0 -9999.0 -9999.0 -9999.0 -9999.0 -9999.0 -9999.0 -9999.0 -9999.0 -9999.0 -9999.0 -9999.0 -9999.0 -9999.0 -9999.0 -9999.0 -9999.0 -9999.0 -9999.0 -9999.0 -9999.0 -9999.0 -9999.0 -9999.0 -9999.0 -9999.0 -9999.0 -9999.0 -9999.0 -9999.0 -9999.0 -9999.0 -9999.0 -9999.0 -9999.0 -9999.0 -9999.0 -9999.0 -9999.0 -9999.0 -9999.0 -9999.0 -9999.0 -9999.0 -9999.0 -9999.0 -9999.0 -9999.0 -9999.0 -9999.0 -9999.0
-9999.0 -9999.0 -9999.0 -9999.0 -9999.0 -9999.0 -9999.0 -9999.0 -9999.0 -9999.0 -9999.0 -9999.0 -9999.0 -9999.0 -9999.0 -9999.0 -9999.0 -9999.0 -9999.0 -9999.0 -597.331088 -596.239346 -598.995630 -602.220982 -604.862581 -605.110705 -602.102294 -598.484933 -594.371297 -593.436250 -596.504687 -595.866196 -597.024179 -597.589388 -597.555745 -596.699757 -596.303110 -594.954722 -594.052706 -594.358190 -595.322183 -596.049144 -596.614612 -596.342308 -595.323983 -596.745994 -594.601188 -592.385947 -591.538558 -591.723362 -594.904606 -596.310603 -596.861404 -599.191146 -594.957010 -593.519132 -590.125144 -589.694312 -589.233471 -593.059601 -596.817311 -9999.0 -9999.0 -9999.0 -9999.0 -9999.0 -9999.0 -9999.0 -9999.0 -9999.0 -9999.0 -9999.0 -9999.0 -9999.0 -9999.0 -9999.0 -9999.0 -9999.0 -9999.0 -9999.0
-9999.0 -9999.0 -9999.0 -9999.0 -9999.0 -9999.0 -9999.0 -9999.0 -9999.0 -9999.0 -9999.0 -9999.0 -9999.0 -9999.0 -603.176212 -604.549085 -605.167211 -605.409066 -602.705119 -600.457194 -600.127330 -601.556165 -600.548441 -603.460613 -605.986792 -604.442429 -602.038311 -599.833994 -596.437752 -593.893941 -596.100268 -596.639250 -595.358597 -590.998442 -588.899219 -589.718015 -594.516904 -589.958410 -587.370593 -585.677460 -585.891319 -588.081281 -584.855320 -581.098303 -582.906986 -586.877332 -586.141624 -583.870017 -580.185659 -582.533675 -594.887958 -596.580951 -596.131552 -596.100878 -597.767073 -598.888467 -594.573827 -595.013944 -595.828354 -596.954408 -599.834015 -604.140168 -605.972293 -601.688771 -597.487754 -589.268095 -9999.0 -9999.0 -9999.0 -9999.0 -9999.0 -9999.0 -9999.0 -9999.0 -9999.0 -9999.0 -9999.0 -9999.0 -9999.0 -9999.0
-9999.0 -9999.0 -9999.0 -9999.0 -9999.0 -9999.0 -9999.0 -9999.0 -9999.0 -605.909158 -606.214618 -605.803284 -606.598448 -605.347388 -607.163829 -606.667158 -606.883886 -605.023238 -603.299638 -600.526773 -597.089253 -599.397756 -599.674378 -597.917365 -597.533375 -596.616259 -594.785571 -588.843775 -581.665863 -571.003764 -579.515135 -579.883447 -574.925207 -557.060624 -538.878583 -532.607610 -542.885077 -542.731560 -529.573868 -512.025277 -510.047197 -511.122987 -490.531682 -477.626849 -469.550749 -488.391009 -508.707906 -511.902157 -490.122143 -528.631854 -557.452989 -576.949332 -576.191133 -583.193188 -590.738485 -593.672637 -594.542043 -589.602296 -591.691897 -596.614452 -600.619642 -599.845856 -601.915569 -599.851526 -598.090053 -591.747817 -585.859636 -580.237861 -579.964978 -583.485253 -9999.0 -9999.0 -9999.0 -9999.0 -9999.0 -9999.0 -9999.0 -9999.0 -9999.0 -9999.0
-9999.0 -9999.0 -9999.0 -9999.0 -9999.0 -9999.0 -608.784262 -608.870836 -608.026978 -610.185490 -608.419162 -609.428919 -608.077571 -607.358516 -606.360557 -606.093412 -603.704307 -601.431865 -597.648289 -592.596681 -587.922372 -589.925810 -588.625311 -581.873785 -568.968021 -556.612474 -547.914591 -530.194359 -464.431801 -408.569205 -387.073758 -377.874774 -367.635667 -333.745486 -277.420169 -259.656386 -278.930132 -293.777748 -274.031959 -229.488917 -154.648246 -152.078257 -146.466456 -139.473462 -113.030579 -118.177093 -222.570381 -253.315292 -265.079666 -276.588762 -323.882138 -373.599516 -426.376425 -483.158411 -539.587201 -563.161876 -566.493945 -562.775951 -572.077712 -583.888104 -590.919788 -591.286748 -592.762329 -595.101157 -594.007988 -591.335683 -587.323632 -584.873387 -586.811410 -589.566120 -591.850825 -595.924129 -595.351840 -591.437469 -9999.0 -9999.0 -9999.0 -9999.0 -9999.0 -9999.0
-9999.0 -9999.0 -9999.0 -9999.0 -612.524579 -611.433165 -614.567245 -612.702412 -611.149398 -609.879492 -609.567419 -607.364864 -606.519209 -604.802309 -601.322432 -598.314531 -593.243033 -589.098267 -578.360382 -556.225825 -531.585068 -513.203530 -497.976071 -425.527411 -362.804683 -320.024123 -302.598376 -275.101515 -226.136073 -105.971098 -79.283624 -70.848343 -57.108283 -29.614422 5.578020 37.894099 21.583565 16.362106 19.291159 26.646276 50.651707 51.357077 52.144760 52.209792 54.235030 55.966237 35.949982 5.852532 -6.421895 -49.173754 -30.744597 -90.793043 -194.521122 -232.373356 -257.804420 -301.557238 -363.003579 -388.556612 -454.346472 -508.937136 -548.844414 -560.352230 -571.054443 -576.829657 -583.734707 -582.706423 -581.045442 -584.582250 -589.250848 -593.628163 -594.469574 -596.419731 -598.282400 -593.370327 -591.353032 -585.821980 -9999.0 -9999.0 -9999.0 -9999.0
-9999.0 -9999.0 -613.006289 -612.664502 -609.532613 -611.174114 -612.180264 -613.610777 -612.791214 -609.617902 -603.473496 -600.250179 -595.649474 -592.869445 -582.456446 -556.377409 -516.983153 -474.956599 -403.508456 -346.867411 -292.183136 -249.132942 -182.217263 -127.558176 -82.689090 -70.603273 -14.025769 -25.602618 30.165034 56.187256 80.642055 97.894941 101.074054 96.460440 93.587104 93.803382 91.006970 86.648346 71.211227 68.780218 75.770983 78.290730 81.620190 69.519396 65.741440 78.051557 79.743704 80.443251 82.961449 89.395266 101.874151 72.336845 19.660418 8.518192 6.179397 -31.889122 -101.317099 -191.910358 -219.514268 -259.808974 -335.745568 -379.487568 -433.971591 -495.093995 -536.309587 -552.642293 -567.668830 -576.775386 -584.937359 -592.164544 -594.571661 -596.094263 -595.352482 -595.862289 -593.199733 -591.029577 -588.047058 -586.824797 -9999.0 -9999.0
-9999.0 -614.207651 -614.885257 -609.238307 -607.683602 -606.147325 -604.192221 -602.505664 -600.714810 -602.267165 -585.376785 -550.503755 -505.383231 -481.034134 -414.926270 -318.825590 -162.544491 -127.918287 -105.630815 -61.781726 -17.325057 9.508022 46.735912 78.122312 103.220663 95.336641 95.351016 91.943990 85.270956 77.155923 67.165663 74.804434 73.541418 58.774315 47.590812 46.825291 39.630621 18.960820 -5.127368 -17.147876 -12.012357 9.120965 -0.967533 -20.857573 -24.740908 -5.278692 9.544533 1.243784 -11.050407 -25.122330 35.780435 52.222511 68.582626 81.972522 103.085202 80.152599 48.061527 11.616446 -1.096576 -26.182318 -133.510140 -200.469567 -253.716330 -317.996844 -373.381865 -440.605943 -508.193831 -544.198761 -567.037183 -575.508770 -580.797808 -590.557479 -593.305795 -591.574746 -592.859249 -593.029346 -591.829706 -590.852564 -9999.0 -9999.0
-9999.0 -619.068323 -614.083277 -607.551701 -598.777732 -596.201928 -568.828456 -540.043448 -526.232194 -541.810396 -447.013553 -157.679156 -97.784166 -94.707762 -44.447089 23.952389 64.945836 87.974389 99.233500 93.069194 85.501042 86.393365 83.703336 74.569109 60.881417 55.110973 54.190832 52.994567 36.255678 18.707076 3.478006 2.841074 -10.115589 -43.886086 -86.032950 -107.587651 -154.557662 -182.440098 -218.089684 -243.718660 -255.230456 -234.375978 -245.802229 -265.086332 -268.967195 -244.851604 -212.341058 -219.579089 -216.846759 -195.141596 -148.757545 -63.147672 -41.535237 -16.880264 16.550950 52.902419 71.201775 90.141302 97.418234 72.208663 34.949180 -9.713469 -38.278386 -148.786647 -225.882498 -306.115182 -358.006112 -397.718710 -463.212664 -509.350646 -540.613438 -563.228857 -578.460105 -582.325974 -589.435837 -591.083669 -9999.0 -9999.0 -9999.0 -9999.0
-9999.0 -619.443040 -614.422370 -602.225651 -570.363435 -518.081192 -366.640473 -231.214266 -75.583545 -104.958217 12.434345 85.304364 93.034890 77.033584 51.361955 48.000893 57.401220 59.335880 54.570661 46.781434 35.388934 4.468485 31.496031 23.590064 11.532528 -1.329764 -12.944341 -23.338917 -110.736512 -148.850258 -177.442049 -192.308491 -224.019475 -308.308052 -344.257590 -366.509752 -419.000768 -435.804280 -453.479238 -485.728031 -501.987437 -511.862321 -499.079765 -501.859950 -502.707782 -494.279555 -472.566957 -453.997931 -406.983334 -374.715434 -340.862444 -289.945778 -256.078205 -212.895671 -159.524468 -56.534758 -27.625545 -2.720153 37.945948 73.282635 93.755520 86.102374 57.708372 23.914690 -33.953067 -155.985313 -212.710277 -285.699263 -340.450834 -375.252714 -400.717866 -448.353350 -516.040994 -560.161930 -570.723696 -9999.0 -9999.0 -9999.0 -9999.0 -9999.0
-9999.0 -626.160680 -614.521270 -604.277072 -549.866378 -350.722341 -258.337216 -3.498819 53.506429 -17.177250 -109.228276 -27.187934 4.285426 5.698837 -20.077132 -34.856694 -33.893495 -34.605513 -23.918204 -71.845316 -135.740932 -153.169657 -154.154913 -166.021571 -187.546626 -205.291599 -219.199124 -240.193152 -294.266871 -337.245329 -391.012677 -416.936740 -493.114575 -539.588936 -558.265398 -572.609843 -585.358389 -585.244862 -581.467136 -585.045865 -588.900409 -592.683152 -588.022816 -585.724491 -583.639724 -586.065626 -585.077217 -578.275290 -566.355598 -552.630480 -528.635203 -485.064089 -433.028287 -378.432893 -350.207840 -297.840130 -251.414065 -204.761445 -128.492764 -8.723082 18.437928 48.082692 83.515111 102.215144 63.505247 25.883301 -36.248297 -156.771370 -259.726652 -303.111869 -318.715925 -337.952013 -374.715474 -9999.0 -9999.0 -9999.0 -9999.0 -9999.0 -9999.0 -9999.0
-9999.0 -629.972789 -617.715572 -614.978112 -597.212140 -555.481612 -460.377066 -348.208933 -188.198040 -298.869280 -311.953811 -284.465437 -254.017608 -232.796322 -256.711637 -291.240641 -314.715095 -311.593452 -310.974048 -333.990631 -360.108346 -370.883338 -371.391433 -378.288315 -405.898861 -427.187849 -441.703126 -467.887984 -503.906844 -538.067975 -569.693863 -584.041945 -593.780482 -597.418473 -600.018536 -602.663253 -607.080203 -604.854095 -603.004847 -603.500791 -604.910229 -605.893607 -602.603202 -601.280196 -600.199254 -603.015608 -600.880307 -598.660594 -593.915324 -588.807619 -581.428099 -570.287415 -555.108492 -542.494762 -532.517427 -509.819000 -465.795314 -395.824768 -325.353048 -229.125109 -155.952846 -70.633034 -12.404585 19.664095 37.535435 39.657579 48.755237 9.060772 -232.325397 -268.479070 -271.007946 -9999.0 -9999.0 -9999.0 -9999.0 -9999.0 -9999.0 -9999.0 -9999.0 -9999.0
-9999.0 -9999.0 -632.492389 -627.257099 -622.489982 -617.044002 -609.064270 -598.716514 -590.059504 -578.706898 -560.761355 -537.332432 -518.410355 -508.357069 -521.228105 -543.214456 -554.132667 -553.562062 -556.386100 -561.676625 -570.327231 -573.341841 -575.446100 -577.157875 -580.784057 -582.368382 -583.111385 -584.655541 -587.870298 -594.435333 -600.140248 -604.105530 -608.169039 -608.358984 -609.125765 -610.487097 -609.609255 -609.848647 -609.470853 -609.627260 -609.324400 -608.691605 -607.828313 -606.702876 -606.542364 -606.216941 -605.726765 -604.408071 -602.352770 -599.541979 -594.353765 -586.810529 -580.795401 -579.193185 -582.015126 -580.999466 -576.510358 -565.077201 -523.582027 -432.291491 -351.394265 -284.872159 -214.735966 -169.146870 -154.250835 -131.122843 -28.583963 -167.876782 -321.590026 -311.149859 -9999.0 -9999.0 -9999.0 -9999.0 -9999.0 -9999.0 -9999.0 -9999.0 -9999.0 -9999.0
-9999.0 -9999.0 -9999.0 -9999.0 -634.510742 -627.312037 -620.820071 -621.166334 -616.124023 -612.667280 -609.165851 -604.957461 -601.405320 -599.185105 -601.669600 -602.408742 -603.056700 -602.782403 -603.393769 -604.092561 -604.499057 -604.981179 -605.490038 -606.104310 -605.930465 -605.411705 -605.309412 -606.340438 -606.566437 -608.544665 -609.049348 -610.338474 -611.564256 -612.831204 -612.694933 -612.857407 -612.383540 -612.918592 -612.089092 -612.514514 -611.838441 -611.469524 -610.576535 -609.179706 -609.502896 -608.697297 -608.561045 -607.445506 -606.707285 -603.518507 -598.366813 -592.313977 -588.083958 -588.157685 -593.126944 -595.322996 -596.400863 -593.073324 -586.912800 -573.341989 -534.838930 -473.690528 -394.489645 -355.511575 -328.860706 -288.099957 -246.459918 -238.262479 -9999.0 -9999.0 -9999.0 -9999.0 -9999.0 -9999.0 -9999.0 -9999.0 -9999.0 -9999.0 -9999.0 -9999.0
-9999.0 -9999.0 -9999.0 -9999.0 -9999.0 -9999.0 -631.570981 -628.012867 -628.888171 -626.090276 -623.503237 -621.338907 -618.170654 -618.388048 -617.509222 -615.177548 -615.538685 -616.691567 -618.098258 -616.067901 -615.186101 -615.021479 -617.314610 -616.736553 -616.503235 -615.622122 -615.711092 -615.398768 -617.364652 -615.195307 -614.194771 -614.729752 -615.251204 -614.920606 -615.433165 -614.045284 -613.881434 -615.008617 -615.307496 -613.648268 -613.115656 -613.263771 -612.826933 -611.550846 -609.765753 -609.417348 -610.103088 -611.008242 -608.991150 -604.412698 -598.974338 -593.942092 -590.575605 -589.563714 -593.890490 -599.491494 -602.242731 -602.444090 -599.852974 -594.821728 -583.173167 -574.135249 -565.865750 -556.002177 -542.448159 -465.213039 -9999.0 -9999.0 -9999.0 -9999.0 -9999.0 -9999.0 -9999.0 -9999.0 -9999.0 -9999.0 -9999.0 -9999.0 -9999.0 -9999.0
-9999.0 -9999.0 -9999.0 -9999.0 -9999.0 -9999.0 -9999.0 -9999.0 -9999.0 -9999.0 -9999.0 -9999.0 -9999.0 -9999.0 -9999.0 -9999.0 -9999.0 -9999.0 -9999.0 -9999.0 -9999.0 -9999.0 -9999.0 -9999.0 -9999.0 -9999.0 -9999.0 -9999.0 -9999.0 -9999.0 -9999.0 -9999.0 -9999.0 -9999.0 -9999.0 -9999.0 -9999.0 -9999.0 -9999.0 -9999.0 -9999.0 -9999.0 -9999.0 -9999.0 -9999.0 -9999.0 -9999.0 -9999.0 -9999.0 -9999.0 -9999.0 -9999.0 -9999.0 -9999.0 -9999.0 -9999.0 -9999.0 -9999.0 -9999.0 -9999.0 -9999.0 -9999.0 -9999.0 -9999.0 -9999.0 -9999.0 -9999.0 -9999.0 -9999.0 -9999.0 -9999.0 -9999.0 -9999.0 -9999.0 -9999.0 -9999.0 -9999.0 -9999.0 -9999.0 -9999.0
-9999.0 -9999.0 -9999.0 -9999.0 -9999.0 -9999.0 -9999.0 -9999.0 -9999.0 -9999.0 -9999.0 -9999.0 -9999.0 -9999.0 -9999.0 -9999.0 -9999.0 -9999.0 -9999.0 -9999.0 -9999.0 -9999.0 -9999.0 -9999.0 -9999.0 -9999.0 -9999.0 -9999.0 -9999.0 -9999.0 -9999.0 -9999.0 -9999.0 -9999.0 -9999.0 -9999.0 -9999.0 -9999.0 -9999.0 -9999.0 -9999.0 -9999.0 -9999.0 -9999.0 -9999.0 -9999.0 -9999.0 -9999.0 -9999.0 -9999.0 -9999.0 -9999.0 -9999.0 -9999.0 -9999.0 -9999.0 -9999.0 -9999.0 -9999.0 -9999.0 -9999.0 -9999.0 -9999.0 -9999.0 -9999.0 -9999.0 -9999.0 -9999.0 -9999.0 -9999.0 -9999.0 -9999.0 -9999.0 -9999.0 -9999.0 -9999.0 -9999.0 -9999.0 -9999.0 -9999.0