Borden_/Borden1m_014/output_maps/psiliqL0022N0027.asc
ncols         80
nrows         18
xllcorner     620200.000000
yllcorner     5168000.000000
cellsize      1.000000
NODATA_value  -9999.0
-9999.0 -9999.0 -9999.0 -9999.0 -9999.0 -9999.0 -9999.0 -9999.0 -9999.0 -9999.0 -9999.0 -9999.0 -9999.0 -9999.0 -9999.0 -9999.0 -9999.0 -9999.0 -9999.0 -9999.0 -9999.0 -9999.0 -9999.0 -9999.0 -9999.0 -9999.0 -9999.0 -9999.0 -9999.0 -9999.0 -9999.0 -9999.0 -9999.0 -9999.0 -9999.0 -9999.0 -9999.0 -9999.0 -9999.0 -9999.0 -9999.0 -9999.0 -9999.0 -9999.0 -9999.0 -9999.0 -9999.0 -9999.0 -9999.0 -9999.0 -9999.0 -9999.0 -9999.0 -9999.0 -9999.0 -9999.0 -9999.0 -9999.0 -9999.0 -9999.0 -9999.0 -9999.0 -9999.0 -9999.0 -9999.0 -9999.0 -9999.0 -9999.0 -9999.0 -9999.0 -9999.0 -9999.0 -9999.0 -9999.0 -9999.0 -9999.0 -9999.0 -9999.0 -9999.0 -9999.0
-9999.0 -9999.0 -9999.0 -9999.0 -9999.0 -9999.0 -9999.0 -9999.0 -9999.0 -9999.0 -9999.0 -9999.0 -9999.0 -9999.0 -9999.0 -9999.0 -9999.0 -9999.0 -9999.0 -9999.0 -9999.0 -9999.0 -9999.0 -9999.0 -9999.0 -9999.0 -9999.0 -9999.0 -9999.0 -9999.0 -9999.0 -9999.0 -9999.0 -9999.0 -9999.0 -9999.0 -9999.0 -9999.0 -9999.0 -9999.0 -9999.0 -9999.0 -9999.0 -9999.0 -9999.0 -9999.0 -9999.0 -9999.0 -9999.0 -9999.0 -9999.0 -9999.0 -9999.0 -9999.0 -9999.0 -9999.0 -9999.0 -9999.0 -9999.0 -9999.0 -9999.0 -9999.0 -9999.0 -9999.0 -9999.0 -9999.0 -9999.0 -9999.0 -9999.0 -9999.0 -9999.0 -9999.0 -9999.0 -9999.0 -9999.0 -9999.0 -9999.0 -9999.0 -9999.0 -9999.0
-9999.0 -9999.0 -9999.0 -9999.0 -9999.0 -9999.0 -9999.0 -9999.0 -9999.0 -9999.0 -9999.0 -9999.0 -9999.0 -9999.0 -9999.0 -9999.0 -9999.0 -9999.0 -9999.0 -9999.0 2555.941977 2558.294046 2537.868335 2505.643183 2479.486616 2483.594041 2519.302855 2562.374842 2603.486877 2614.173221 2597.815379 2603.222093 2600.373503 2597.862378 2599.915882 2608.481171 2615.769931 2626.519012 2635.049408 2634.753205 2629.271750 2625.475102 2628.090529 2630.393447 2635.978619 2621.727531 2635.669388 2649.513918 2652.056752 2645.926841 2618.587316 2602.792330 2591.478923 2572.931760 2595.973459 2605.201597 2625.030039 2626.892135 2622.942294 2594.960184 2564.108933 -9999.0 -9999.0 -9999.0 -9999.0 -9999.0 -9999.0 -9999.0 -9999.0 -9999.0 -9999.0 -9999.0 -9999.0 -9999.0 -9999.0 -9999.0 -9999.0 -9999.0 -9999.0 -9999.0
-9999.0 -9999.0 -9999.0 -9999.0 -9999.0 -9999.0 -9999.0 -9999.0 -9999.0 -9999.0 -9999.0 -9999.0 -9999.0 -9999.0 2461.018752 2453.192415 2452.119005 2461.702096 2496.300557 2527.825293 2539.756689 2533.632805 2535.130946 2512.710191 2492.765425 2508.128502 2539.959225 2572.622863 2608.688383 2629.511931 2620.899317 2620.599983 2630.162798 2653.720698 2664.450546 2662.010249 2644.075761 2669.658193 2684.996103 2692.263742 2692.411673 2684.432029 2695.126511 2709.801154 2702.321708 2685.431586 2693.138730 2705.119960 2713.911098 2701.201027 2637.634950 2620.435569 2613.772507 2605.908649 2589.750706 2583.027982 2608.081039 2604.610352 2594.616576 2575.425826 2541.057759 2495.550396 2475.116568 2513.081813 2554.893108 2609.404012 -9999.0 -9999.0 -9999.0 -9999.0 -9999.0 -9999.0 -9999.0 -9999.0 -9999.0 -9999.0 -9999.0 -9999.0 -9999.0 -9999.0
-9999.0 -9999.0 -9999.0 -9999.0 -9999.0 -9999.0 -9999.0 -9999.0 -9999.0 2398.357882 2404.867942 2413.637226 2418.114399 2435.306200 2433.455606 2442.238040 2449.422668 2478.821916 2510.814074 2546.625561 2575.281402 2568.795578 2569.554564 2577.481288 2577.226782 2588.968267 2612.434397 2654.520110 2689.810816 2729.770166 2700.819960 2699.288252 2719.273726 2763.825430 2790.887045 2794.944023 2777.103899 2792.230540 2817.520782 2836.938519 2836.341990 2832.984090 2858.005140 2872.774035 2868.347394 2846.254278 2841.086884 2844.307654 2869.800195 2816.365588 2747.583062 2702.399075 2711.129187 2685.331726 2652.597919 2634.386677 2631.421434 2649.525739 2633.720757 2595.288138 2559.476470 2545.873320 2526.377092 2543.525427 2564.030248 2607.378200 2644.700235 2671.475351 2668.617079 2649.722203 -9999.0 -9999.0 -9999.0 -9999.0 -9999.0 -9999.0 -9999.0 -9999.0 -9999.0 -9999.0
-9999.0 -9999.0 -9999.0 -9999.0 -9999.0 -9999.0 2316.913478 2328.407329 2350.735262 2355.499325 2383.488505 2391.433418 2413.510524 2433.992407 2458.060006 2474.739239 2504.241268 2537.838852 2577.182064 2619.014290 2652.092308 2644.713057 2655.954934 2679.969860 2713.336683 2738.465327 2765.082302 2806.737051 2808.807010 2845.224922 2842.149705 2844.408197 2853.590150 2903.839918 2967.983635 2980.039976 2959.897269 2946.583547 2968.907739 3005.399657 3005.407700 3004.566383 2989.702952 2999.552119 3026.099005 3016.643535 3007.103608 2999.544465 3003.839935 2983.181106 2916.807922 2857.708853 2835.233550 2857.942347 2773.458078 2723.667469 2738.468175 2759.633118 2731.967595 2678.964604 2638.859084 2628.360545 2612.449718 2599.956160 2607.220185 2625.416847 2645.109379 2654.448380 2638.959951 2615.404764 2591.357793 2561.278383 2562.139710 2586.175868 -9999.0 -9999.0 -9999.0 -9999.0 -9999.0 -9999.0
-9999.0 -9999.0 -9999.0 -9999.0 2264.889319 2279.129930 2266.959652 2294.900378 2329.512854 2365.761562 2397.151043 2434.006425 2462.029204 2493.370234 2531.615320 2561.019860 2599.884694 2634.700396 2688.069062 2755.336412 2805.774883 2826.308316 2840.770029 2820.159730 2877.075900 2926.068507 2945.694939 2971.607481 2987.949413 3043.296850 3065.968047 3069.500510 3086.388943 3126.879069 3179.938013 3209.556475 3192.404558 3183.951366 3192.592024 3205.634004 3227.745126 3227.866091 3228.648549 3232.084310 3238.785663 3237.667306 3212.832737 3180.149972 3172.183245 3162.705847 3127.964520 3057.930800 3026.187528 2999.771341 2987.656021 2934.579961 2881.802186 2877.587360 2823.593613 2834.541117 2776.324896 2759.102770 2730.557914 2706.636766 2681.604405 2684.873011 2688.212207 2666.021187 2630.546496 2596.084966 2579.689026 2559.436057 2546.351942 2575.593252 2591.820996 2620.604788 -9999.0 -9999.0 -9999.0 -9999.0
-9999.0 -9999.0 2202.913200 2250.456522 2309.269495 2318.505328 2316.895830 2323.805619 2354.271859 2408.063820 2479.207536 2524.019072 2561.484547 2597.403641 2657.532757 2728.302387 2796.529945 2843.971434 2832.345834 2901.084801 2961.073479 2989.404431 3000.237798 3007.981772 3060.648374 3126.332278 3153.201172 3178.681526 3203.739248 3238.034215 3235.769577 3247.363917 3258.507728 3268.182798 3280.292919 3285.839346 3281.509398 3277.028449 3258.843427 3254.174469 3260.761374 3267.714078 3267.523566 3253.265273 3249.324937 3263.892302 3269.373328 3267.764021 3265.895741 3271.380186 3269.400850 3224.330974 3200.925643 3186.675809 3181.612144 3136.830321 3071.959119 3038.227440 3018.685761 3006.004293 2932.174183 2890.456094 2847.981232 2810.780702 2822.560291 2796.895436 2752.399530 2710.449512 2662.747897 2614.834012 2589.746422 2571.493431 2568.142228 2566.235043 2581.736588 2595.558179 2609.967719 2617.252880 -9999.0 -9999.0
-9999.0 2094.572524 2166.625473 2291.136849 2371.801297 2414.745672 2435.084669 2449.071345 2480.337223 2516.167264 2612.701980 2680.960814 2770.990577 2814.134115 2863.588374 2882.779504 2974.813940 2993.122598 3028.891902 3088.551034 3151.008580 3192.041134 3217.504994 3205.641229 3242.361482 3266.006556 3272.130405 3277.678227 3276.134498 3267.773421 3260.658080 3267.554500 3264.947437 3246.392646 3230.909547 3229.381118 3226.114723 3203.407462 3181.173418 3166.366061 3168.620724 3187.850657 3179.958311 3159.186090 3154.906887 3175.855933 3191.324110 3181.014297 3173.087181 3184.460872 3218.183435 3241.350051 3245.162233 3262.947407 3283.882005 3256.031500 3232.693445 3190.623983 3179.290309 3154.517619 3099.194175 3044.465388 2997.188785 2973.048195 2918.062051 2864.760669 2813.862578 2800.522236 2735.797353 2694.026323 2663.187781 2614.680778 2595.895070 2598.007829 2588.926858 2585.150204 2589.552351 2595.189797 -9999.0 -9999.0
-9999.0 2003.552802 2144.136729 2325.448715 2473.136807 2524.056128 2603.398502 2673.480217 2698.433908 2658.026942 2767.628720 2923.410088 3014.597389 3029.113410 3100.722195 3185.744192 3178.325502 3207.754296 3229.248429 3248.858610 3264.745261 3276.845560 3274.569755 3268.784752 3252.753664 3244.859220 3244.159804 3242.205200 3225.330265 3206.838461 3190.378168 3187.767700 3175.571928 3129.136265 3096.810134 3080.386764 3063.686740 3049.439539 3021.503241 2997.172815 3007.814998 2994.317898 2990.931508 3002.277106 2998.030265 2990.920718 3021.301772 3017.181230 3026.790623 3045.968712 3081.369871 3118.252301 3137.022889 3165.463803 3195.263968 3240.905541 3251.392344 3273.363575 3276.864248 3263.922302 3219.273764 3174.366730 3145.428330 3091.282238 3031.886442 2994.644682 2942.804289 2894.599019 2836.571774 2799.331079 2777.717279 2720.600909 2671.419234 2654.983210 2616.351406 2598.396146 -9999.0 -9999.0 -9999.0 -9999.0
-9999.0 1909.080548 2091.681259 2338.041702 2629.632692 2719.182204 2894.483835 2995.842423 3035.570301 3099.730723 3010.313396 3187.902163 3232.273331 3225.193152 3233.385768 3235.295984 3248.665658 3248.499378 3243.470171 3232.798384 3223.679935 3219.470655 3218.265485 3210.444672 3198.029784 3183.707843 3177.084666 3166.142520 3130.802131 3099.658914 3062.708682 3050.706202 3010.645026 2945.545569 2905.624007 2867.981400 2809.091407 2809.103218 2813.094134 2854.575739 2835.155738 2807.223958 2834.118734 2845.202223 2849.685287 2847.312850 2860.704873 2819.390643 2865.003362 2899.793093 2940.187824 2988.090133 2991.364262 3029.768097 3069.919593 3121.562340 3151.487899 3179.901945 3221.657377 3258.148287 3280.398309 3267.644155 3247.280855 3204.912397 3150.618768 3101.752764 3073.205624 3023.695379 2996.307990 2950.300063 2902.717082 2848.569136 2804.766711 2739.049131 2699.576657 -9999.0 -9999.0 -9999.0 -9999.0 -9999.0
-9999.0 1700.651893 1965.942864 2239.857608 2529.571159 2847.726177 2990.731600 3089.107168 3149.460207 3123.970613 3139.328321 3148.086324 3180.184335 3186.143398 3168.879629 3156.542395 3140.578151 3139.502902 3152.411415 3125.841995 3096.591686 3083.768776 3084.486130 3073.716558 3050.552726 3035.600101 3026.262233 3009.483764 2991.551408 2941.676698 2858.811597 2826.927366 2816.145878 2770.691856 2729.143679 2678.653206 2627.998273 2629.442383 2650.883615 2639.047777 2617.235542 2599.115778 2627.540466 2649.391481 2663.226824 2649.584564 2658.390098 2693.579373 2743.643772 2788.837084 2838.293581 2823.471323 2864.590338 2906.085271 2930.636370 2973.183978 2987.527881 3028.228892 3097.036672 3172.481278 3201.399420 3234.708605 3264.981463 3286.171524 3244.218448 3216.679504 3193.886859 3174.591994 3129.066784 3084.277634 3043.884505 2981.350733 2934.223778 -9999.0 -9999.0 -9999.0 -9999.0 -9999.0 -9999.0 -9999.0
-9999.0 1583.721380 1785.634823 1990.143299 2252.513142 2488.606219 2708.010880 2810.866900 2840.676504 2899.175392 2946.635493 2982.597892 2987.633362 3008.220407 2985.847945 2966.327862 2935.575983 2940.134411 2932.769992 2910.780457 2882.544835 2868.890370 2866.231499 2860.668970 2838.534430 2827.106361 2820.022906 2866.744180 2837.384124 2780.902235 2703.618781 2626.443414 2569.464895 2543.949803 2517.026504 2486.557965 2456.148331 2466.872556 2477.461463 2476.329182 2468.071653 2466.869829 2495.727243 2514.748095 2524.903114 2514.690258 2534.459517 2560.335905 2600.934839 2645.644687 2695.104629 2748.969233 2802.942729 2830.622517 2841.527918 2862.298971 2821.450255 2866.912033 2945.472151 3003.338015 3077.207927 3121.389693 3170.759872 3204.045999 3230.376042 3258.242058 3278.069527 3269.134456 3244.492376 3212.196742 3157.873686 -9999.0 -9999.0 -9999.0 -9999.0 -9999.0 -9999.0 -9999.0 -9999.0 -9999.0
-9999.0 -9999.0 1557.464212 1718.473106 1829.827498 1998.637506 2144.803048 2254.978918 2354.543264 2490.354549 2609.611423 2703.704550 2750.681540 2769.289267 2757.733680 2730.896305 2713.519012 2713.767416 2702.754770 2694.704029 2677.912696 2670.779580 2656.765354 2647.957442 2640.523314 2636.688467 2631.817375 2622.137536 2601.857824 2556.545574 2513.541874 2465.490428 2414.630229 2390.237227 2369.480879 2349.808136 2351.110397 2345.701101 2350.442226 2352.488461 2360.880211 2374.346345 2393.950480 2416.797831 2426.952606 2437.356014 2449.787445 2473.427623 2506.094343 2548.329967 2602.713069 2662.276958 2703.103464 2715.908461 2705.103745 2707.967122 2723.743091 2762.913710 2837.905856 2836.452555 2926.024229 2991.624426 3029.255990 3083.482613 3109.138309 3144.809424 3207.967997 3255.465684 3294.292585 3272.235468 -9999.0 -9999.0 -9999.0 -9999.0 -9999.0 -9999.0 -9999.0 -9999.0 -9999.0 -9999.0
-9999.0 -9999.0 -9999.0 -9999.0 1579.010049 1728.948107 1826.756435 1908.200865 2041.314559 2169.493339 2275.047446 2362.053220 2429.824538 2458.224340 2459.060019 2473.013854 2471.582430 2463.927822 2453.595056 2456.195972 2458.608524 2451.599985 2435.555519 2428.436135 2430.570951 2436.586860 2433.697363 2419.809958 2401.002500 2382.776397 2366.201503 2333.527155 2299.543432 2270.930520 2258.065891 2253.631020 2253.254477 2245.379732 2253.548448 2261.698108 2277.227328 2292.298563 2315.830588 2345.161044 2359.785934 2374.984448 2384.673667 2404.773973 2435.547420 2489.280928 2553.368211 2611.883825 2649.814800 2654.989088 2631.305635 2615.424800 2610.420824 2636.440251 2678.519127 2740.565296 2840.043822 2828.737914 2877.003621 2918.881005 2955.593455 2988.864680 3078.491399 3156.813607 -9999.0 -9999.0 -9999.0 -9999.0 -9999.0 -9999.0 -9999.0 -9999.0 -9999.0 -9999.0 -9999.0 -9999.0
-9999.0 -9999.0 -9999.0 -9999.0 -9999.0 -9999.0 1550.002512 1654.636756 1727.196976 1875.621176 2016.490218 2122.934187 2206.410148 2241.957519 2274.388463 2304.460381 2304.813205 2285.629466 2264.965182 2285.625871 2302.737258 2296.367434 2264.899702 2265.416753 2271.231497 2278.745052 2275.836951 2269.269099 2244.066618 2258.406001 2261.055137 2237.977024 2212.301110 2199.061191 2187.275731 2196.872796 2196.807570 2182.469815 2181.781133 2209.139017 2229.814422 2242.707893 2263.983981 2297.233953 2329.898999 2345.802626 2347.413341 2353.293068 2391.939559 2462.251715 2535.024685 2591.763802 2625.570511 2634.532945 2609.222382 2569.593819 2549.712737 2556.429443 2589.743389 2639.357692 2713.196565 2759.441464 2780.076442 2787.524537 2801.366859 2815.796770 -9999.0 -9999.0 -9999.0 -9999.0 -9999.0 -9999.0 -9999.0 -9999.0 -9999.0 -9999.0 -9999.0 -9999.0 -9999.0 -9999.0
-9999.0 -9999.0 -9999.0 -9999.0 -9999.0 -9999.0 -9999.0 -9999.0 -9999.0 -9999.0 -9999.0 -9999.0 -9999.0 -9999.0 -9999.0 -9999.0 -9999.0 -9999.0 -9999.0 -9999.0 -9999.0 -9999.0 -9999.0 -9999.0 -9999.0 -9999.0 -9999.0 -9999.0 -9999.0 -9999.0 -9999.0 -9999.0 -9999.0 -9999.0 -9999.0 -9999.0 -9999.0 -9999.0 -9999.0 -9999.0 -9999.0 -9999.0 -9999.0 -9999.0 -9999.0 -9999.0 -9999.0 -9999.0 -9999.0 -9999.0 -9999.0 -9999.0 -9999.0 -9999.0 -9999.0 -9999.0 -9999.0 -9999.0 -9999.0 -9999.0 -9999.0 -9999.0 -9999.0 -9999.0 -9999.0 -9999.0 -9999.0 -9999.0 -9999.0 -9999.0 -9999.0 -9999.0 -9999.0 -9999.0 -9999.0 -9999.0 -9999.0 -9999.0 -9999.0 -9999.0
-9999.0 -9999.0 -9999.0 -9999.0 -9999.0 -9999.0 -9999.0 -9999.0 -9999.0 -9999.0 -9999.0 -9999.0 -9999.0 -9999.0 -9999.0 -9999.0 -9999.0 -9999.0 -9999.0 -9999.0 -9999.0 -9999.0 -9999.0 -9999.0 -9999.0 -9999.0 -9999.0 -9999.0 -9999.0 -9999.0 -9999.0 -9999.0 -9999.0 -9999.0 -9999.0 -9999.0 -9999.0 -9999.0 -9999.0 -9999.0 -9999.0 -9999.0 -9999.0 -9999.0 -9999.0 -9999.0 -9999.0 -9999.0 -9999.0 -9999.0 -9999.0 -9999.0 -9999.0 -9999.0 -9999.0 -9999.0 -9999.0 -9999.0 -9999.0 -9999.0 -9999.0 -9999.0 -9999.0 -9999.0 -9999.0 -9999.0 -9999.0 -9999.0 -9999.0 -9999.0 -9999.0 -9999.0 -9999.0 -9999.0 -9999.0 -9999.0 -9999.0 -9999.0 -9999.0 -9999.0