Borden_/Borden1m_014/output_maps/psiliqL0009N0010.asc
ncols         80
nrows         18
xllcorner     620200.000000
yllcorner     5168000.000000
cellsize      1.000000
NODATA_value  -9999.0
-9999.0 -9999.0 -9999.0 -9999.0 -9999.0 -9999.0 -9999.0 -9999.0 -9999.0 -9999.0 -9999.0 -9999.0 -9999.0 -9999.0 -9999.0 -9999.0 -9999.0 -9999.0 -9999.0 -9999.0 -9999.0 -9999.0 -9999.0 -9999.0 -9999.0 -9999.0 -9999.0 -9999.0 -9999.0 -9999.0 -9999.0 -9999.0 -9999.0 -9999.0 -9999.0 -9999.0 -9999.0 -9999.0 -9999.0 -9999.0 -9999.0 -9999.0 -9999.0 -9999.0 -9999.0 -9999.0 -9999.0 -9999.0 -9999.0 -9999.0 -9999.0 -9999.0 -9999.0 -9999.0 -9999.0 -9999.0 -9999.0 -9999.0 -9999.0 -9999.0 -9999.0 -9999.0 -9999.0 -9999.0 -9999.0 -9999.0 -9999.0 -9999.0 -9999.0 -9999.0 -9999.0 -9999.0 -9999.0 -9999.0 -9999.0 -9999.0 -9999.0 -9999.0 -9999.0 -9999.0
-9999.0 -9999.0 -9999.0 -9999.0 -9999.0 -9999.0 -9999.0 -9999.0 -9999.0 -9999.0 -9999.0 -9999.0 -9999.0 -9999.0 -9999.0 -9999.0 -9999.0 -9999.0 -9999.0 -9999.0 -9999.0 -9999.0 -9999.0 -9999.0 -9999.0 -9999.0 -9999.0 -9999.0 -9999.0 -9999.0 -9999.0 -9999.0 -9999.0 -9999.0 -9999.0 -9999.0 -9999.0 -9999.0 -9999.0 -9999.0 -9999.0 -9999.0 -9999.0 -9999.0 -9999.0 -9999.0 -9999.0 -9999.0 -9999.0 -9999.0 -9999.0 -9999.0 -9999.0 -9999.0 -9999.0 -9999.0 -9999.0 -9999.0 -9999.0 -9999.0 -9999.0 -9999.0 -9999.0 -9999.0 -9999.0 -9999.0 -9999.0 -9999.0 -9999.0 -9999.0 -9999.0 -9999.0 -9999.0 -9999.0 -9999.0 -9999.0 -9999.0 -9999.0 -9999.0 -9999.0
-9999.0 -9999.0 -9999.0 -9999.0 -9999.0 -9999.0 -9999.0 -9999.0 -9999.0 -9999.0 -9999.0 -9999.0 -9999.0 -9999.0 -9999.0 -9999.0 -9999.0 -9999.0 -9999.0 -9999.0 -69.049777 -66.113773 -88.872632 -123.053523 -151.553200 -149.605456 -114.455565 -73.035576 -34.973520 -24.573866 -42.577894 -40.801550 -45.413875 -45.037636 -41.184873 -34.220521 -30.644207 -18.693172 -9.987260 -10.256366 -16.538427 -22.304395 -23.401031 -20.019823 -14.998157 -24.204448 -10.539288 4.752933 10.643359 4.891715 -23.265476 -39.834829 -48.575486 -63.492626 -39.055751 -26.753990 -3.959811 0.168483 -1.251671 -28.386630 -58.572832 -9999.0 -9999.0 -9999.0 -9999.0 -9999.0 -9999.0 -9999.0 -9999.0 -9999.0 -9999.0 -9999.0 -9999.0 -9999.0 -9999.0 -9999.0 -9999.0 -9999.0 -9999.0 -9999.0
-9999.0 -9999.0 -9999.0 -9999.0 -9999.0 -9999.0 -9999.0 -9999.0 -9999.0 -9999.0 -9999.0 -9999.0 -9999.0 -9999.0 -159.615502 -169.815302 -172.958463 -164.580166 -130.823023 -100.688320 -88.002303 -95.627581 -95.758928 -119.543292 -139.924682 -125.584107 -95.690276 -63.845896 -29.510328 -9.146819 -21.650380 -24.017856 -12.732601 16.375560 33.386746 32.433164 12.504137 35.980923 52.462715 61.748314 60.557253 51.650855 65.844663 82.031141 75.146437 57.645129 61.735258 73.637964 87.318286 71.040626 3.761730 -19.115537 -23.265272 -30.160486 -43.790021 -50.684394 -26.165785 -25.603638 -33.973673 -52.008115 -84.503899 -128.872494 -146.825458 -108.038174 -63.380311 -5.325640 -9999.0 -9999.0 -9999.0 -9999.0 -9999.0 -9999.0 -9999.0 -9999.0 -9999.0 -9999.0 -9999.0 -9999.0 -9999.0 -9999.0
-9999.0 -9999.0 -9999.0 -9999.0 -9999.0 -9999.0 -9999.0 -9999.0 -9999.0 -216.083210 -212.483100 -205.578689 -203.973367 -188.581448 -190.564870 -183.803591 -176.201485 -150.081551 -118.928377 -83.481166 -54.191657 -63.930311 -63.573577 -51.566692 -44.543802 -30.079652 -7.286516 34.227795 76.163396 117.587834 88.915697 87.483728 109.881051 168.254218 219.713604 235.027983 219.435131 225.633108 251.387517 274.761055 272.809571 270.078526 293.765146 306.541789 310.762341 292.595999 278.216515 277.869805 302.559677 246.826966 170.309444 104.233450 102.148555 69.742742 28.053176 4.266133 -0.946437 19.688184 3.928405 -33.894259 -70.882047 -80.924199 -97.775504 -81.196525 -58.381029 -11.268885 27.427783 56.212204 56.546928 39.342898 -9999.0 -9999.0 -9999.0 -9999.0 -9999.0 -9999.0 -9999.0 -9999.0 -9999.0 -9999.0
-9999.0 -9999.0 -9999.0 -9999.0 -9999.0 -9999.0 -294.552880 -285.844485 -266.252473 -261.011598 -236.795399 -229.593277 -209.404544 -190.377210 -169.932009 -153.129292 -122.217962 -89.329564 -47.201670 -1.766338 32.806361 29.582307 40.327847 75.213872 123.135446 167.905989 201.614049 244.013620 320.081610 361.000397 372.213916 379.280099 398.814307 487.322057 619.362827 654.616926 644.903347 634.813804 648.853997 673.835322 675.273408 673.473034 678.340119 683.476438 704.466270 700.325814 673.259136 664.680862 661.200177 641.730686 548.303204 409.613820 354.917740 304.219791 221.335515 155.557092 142.228507 152.783910 119.794195 64.199748 19.593967 7.170227 -8.412215 -22.913954 -17.663866 1.677835 24.987453 36.542595 24.277697 3.869345 -18.968127 -47.601551 -45.788589 -20.291687 -9999.0 -9999.0 -9999.0 -9999.0 -9999.0 -9999.0
-9999.0 -9999.0 -9999.0 -9999.0 -344.113208 -331.968978 -344.064855 -320.639008 -288.824969 -255.744090 -223.698302 -186.646455 -159.795840 -130.096889 -88.159456 -49.517426 -4.556712 31.850337 89.815809 166.957539 233.727711 265.879442 282.350047 345.659418 431.185212 569.042327 619.032384 644.187023 670.431890 710.915144 727.751099 731.484051 747.706584 783.567106 835.121710 867.896932 858.764186 856.381671 859.672565 864.595153 880.994225 879.444004 879.532680 879.701882 881.639371 883.788403 870.498253 848.536536 840.023806 830.927496 801.102087 732.460862 699.416879 680.422218 657.496491 592.386264 440.069193 395.726883 332.660447 272.807558 196.294324 160.719782 124.299881 95.609083 62.605795 62.154477 64.529870 44.565504 13.889870 -17.894884 -32.694508 -51.229344 -61.356424 -31.305014 -13.480102 17.544762 -9999.0 -9999.0 -9999.0 -9999.0
-9999.0 -9999.0 -401.709576 -352.259295 -296.645733 -288.536515 -287.087397 -282.459796 -255.612284 -204.870342 -126.181608 -72.113124 -26.799847 4.849584 66.794840 158.348842 243.617785 296.622233 362.702543 464.302149 599.757750 649.781005 663.601676 690.819671 735.879649 799.797021 826.960221 845.727406 862.617712 880.434521 894.799378 908.014787 914.385334 914.598063 918.759978 920.140044 920.356457 919.628843 905.083235 902.801658 908.313892 910.291827 913.037497 901.271036 897.451388 909.755040 913.560133 916.092470 918.329761 924.471998 928.521518 895.579937 859.102833 851.789477 847.905658 809.499583 743.549748 706.515500 691.645082 652.219341 536.690433 423.437448 353.817192 293.723565 225.229998 185.637938 135.445699 93.025265 47.370128 2.027168 -21.387433 -39.724981 -41.872861 -41.164157 -24.890333 -9.087013 6.490319 14.392227 -9999.0 -9999.0
-9999.0 -500.668143 -428.439285 -301.384838 -222.687277 -178.006346 -138.526162 -109.699802 -84.233134 -66.574530 44.288524 159.581217 252.461630 285.129032 343.350897 482.637388 625.706197 674.662308 705.054666 753.180372 813.330226 851.901375 870.428796 889.170033 915.986790 921.461028 922.904524 923.710655 916.055656 906.353553 895.667952 902.413971 901.090409 885.580602 872.456477 871.336614 870.525526 856.909436 840.266912 832.841512 836.578527 854.187582 845.926240 831.037184 828.039164 842.671957 854.944645 848.061229 838.302257 850.402591 875.015992 890.462410 904.752850 919.309329 937.539857 912.851948 883.371591 854.103675 843.453250 823.219348 773.254773 716.663401 671.165421 598.466835 450.967062 351.075491 271.499490 205.930440 138.898391 97.436788 64.745937 12.166048 -11.175823 -9.588224 -18.612213 -20.995783 -14.294543 -7.784598 -9999.0 -9999.0
-9999.0 -573.147714 -430.355347 -244.831137 -97.339638 -32.883086 93.401739 182.849589 210.100995 188.374828 306.740500 597.958558 690.299939 699.089178 751.937158 823.689385 860.401526 889.240101 906.512597 906.254302 907.752849 912.918759 908.609162 901.314183 889.107343 885.268898 887.561745 888.331878 876.906654 861.575611 846.477502 844.681125 832.609622 796.879727 755.450291 736.376683 726.543803 715.099927 693.611350 677.257163 668.472123 684.656097 677.899979 664.615481 661.007511 677.023429 701.083089 694.326055 698.223661 716.112075 753.650546 796.967594 816.812835 837.175169 861.472964 892.575759 906.993166 927.178724 931.749379 910.699177 877.502921 841.905555 822.747298 777.077541 705.950351 620.920645 493.576971 402.489835 324.374161 265.166467 205.081105 140.476442 79.169025 51.491292 12.059061 -8.610665 -9999.0 -9999.0 -9999.0 -9999.0
-9999.0 -640.157246 -449.744942 -184.731865 79.855913 227.677469 517.337990 650.652624 697.541051 748.760624 762.162413 873.853686 896.987475 886.409919 871.530943 871.882881 883.808071 885.916197 880.310155 870.243741 863.701325 861.624454 861.173303 857.008222 850.584962 842.895192 836.919983 831.518769 803.584704 767.454718 727.619669 713.524194 683.288762 584.893503 468.946543 408.242354 346.347217 339.530604 331.352932 303.962883 286.289259 270.680862 289.532796 290.198005 290.600532 296.520042 315.221097 334.480894 378.234210 423.589032 501.586743 620.578947 667.043557 703.813159 744.342169 800.797271 826.871547 847.869486 880.946602 910.253335 930.454823 923.461420 899.826275 872.728223 824.861890 778.693023 735.912503 679.089350 621.355709 524.446231 415.505795 329.461800 239.107010 142.487440 99.781307 -9999.0 -9999.0 -9999.0 -9999.0 -9999.0
-9999.0 -797.008458 -530.027311 -234.210767 105.738699 500.881792 636.039016 757.859294 830.397677 795.327075 792.975206 809.949267 838.871653 841.915368 827.061424 824.271623 817.342485 814.316125 816.773568 778.179004 747.026097 734.877052 735.321391 727.534728 711.917324 701.800572 695.415420 681.983477 633.400061 534.260760 396.299514 358.618851 282.321142 213.170511 154.453767 100.751775 47.871367 46.326137 62.723033 46.974116 25.193436 6.756085 32.363349 48.011502 58.873240 48.611960 57.111061 91.663922 140.401022 184.487134 239.902163 306.800160 359.130280 418.438607 481.081232 607.513996 668.387773 709.880067 781.611123 841.387653 863.837138 889.448665 921.649532 940.022457 900.552344 867.399992 838.680763 806.751781 753.947721 715.249886 676.012414 595.500536 441.716772 -9999.0 -9999.0 -9999.0 -9999.0 -9999.0 -9999.0 -9999.0
-9999.0 -930.153401 -699.900423 -454.773334 -155.417516 89.290385 271.044297 409.246382 564.006903 602.044372 627.529678 650.439404 671.476135 687.923776 671.390570 644.451636 622.632399 620.457074 593.399035 495.374907 431.088536 404.895930 401.679269 393.282280 365.780889 350.364000 340.012173 317.105622 278.113834 212.686588 121.692934 50.739274 -11.418401 -47.674284 -79.708023 -113.814487 -152.624831 -141.687651 -126.791910 -131.111991 -143.302077 -147.641939 -117.807519 -99.284006 -89.316274 -102.771768 -84.484538 -57.804379 -16.423938 24.970848 72.948699 128.034552 181.253240 212.960038 234.748113 277.687652 327.976755 402.844383 575.354268 681.485277 749.122920 798.581615 840.068759 866.551231 880.938776 904.017296 893.715432 837.839362 756.787012 777.370361 781.141603 -9999.0 -9999.0 -9999.0 -9999.0 -9999.0 -9999.0 -9999.0 -9999.0 -9999.0
-9999.0 -9999.0 -936.287053 -747.384050 -590.431513 -407.986469 -259.010795 -151.822521 -68.643532 31.156961 128.349596 206.125126 246.122154 261.758496 244.695003 205.324764 177.380875 174.352395 158.917927 134.077266 104.323363 93.176186 83.396754 75.799964 63.149735 56.411436 51.424613 40.370623 17.236809 -31.111159 -85.060365 -138.004307 -192.630773 -217.728868 -239.714090 -262.274112 -265.486400 -267.104275 -260.061815 -258.704339 -253.206436 -241.392724 -220.631843 -199.344798 -190.085609 -183.212902 -170.957786 -147.637531 -114.803792 -74.048636 -21.975042 33.292397 70.888168 82.578549 73.812640 81.630006 105.618030 154.355206 253.886220 353.946107 481.441215 621.167059 702.468170 755.426430 788.148091 811.447252 833.115948 784.348071 511.400444 715.475363 -9999.0 -9999.0 -9999.0 -9999.0 -9999.0 -9999.0 -9999.0 -9999.0 -9999.0 -9999.0
-9999.0 -9999.0 -9999.0 -9999.0 -890.459652 -734.338610 -641.864707 -561.625791 -443.051355 -334.558376 -240.429777 -163.568529 -110.059890 -86.415704 -97.887398 -103.512495 -112.499855 -117.158657 -126.896535 -133.396814 -139.428281 -147.389783 -158.739633 -166.066824 -166.401321 -162.513834 -164.278198 -177.124570 -192.895325 -219.743674 -243.478733 -278.607059 -315.611803 -344.630643 -357.373194 -363.970597 -363.465769 -368.805125 -359.110960 -352.644230 -337.679841 -322.169084 -298.054618 -269.668898 -257.149628 -243.092254 -233.605382 -213.083340 -183.511257 -131.221943 -69.343576 -14.047670 18.836749 21.365344 -5.629689 -22.272582 -26.193681 1.680297 49.976408 122.067005 230.554604 319.128191 396.868780 482.154359 600.673496 672.474966 752.161099 783.649474 -9999.0 -9999.0 -9999.0 -9999.0 -9999.0 -9999.0 -9999.0 -9999.0 -9999.0 -9999.0 -9999.0 -9999.0
-9999.0 -9999.0 -9999.0 -9999.0 -9999.0 -9999.0 -946.005632 -851.554085 -765.526588 -645.367085 -534.164717 -443.865486 -370.338215 -345.530506 -327.903282 -305.312074 -310.142376 -327.537351 -344.363578 -327.488948 -317.529611 -322.255025 -349.770911 -350.930050 -347.103513 -337.431006 -338.354011 -344.134546 -368.669329 -359.995840 -360.956240 -383.602549 -409.211551 -423.169306 -434.362589 -424.130075 -423.082340 -435.404744 -432.888613 -406.790300 -387.077419 -373.637840 -351.143996 -318.000339 -286.036650 -271.890823 -271.169506 -265.248454 -224.105989 -154.406420 -84.690908 -32.014021 -2.232887 3.982817 -25.681493 -68.107874 -91.266925 -86.076781 -52.574960 -0.034288 76.679693 128.533053 163.668447 194.417775 239.355326 342.960435 -9999.0 -9999.0 -9999.0 -9999.0 -9999.0 -9999.0 -9999.0 -9999.0 -9999.0 -9999.0 -9999.0 -9999.0 -9999.0 -9999.0
-9999.0 -9999.0 -9999.0 -9999.0 -9999.0 -9999.0 -9999.0 -9999.0 -9999.0 -9999.0 -9999.0 -9999.0 -9999.0 -9999.0 -9999.0 -9999.0 -9999.0 -9999.0 -9999.0 -9999.0 -9999.0 -9999.0 -9999.0 -9999.0 -9999.0 -9999.0 -9999.0 -9999.0 -9999.0 -9999.0 -9999.0 -9999.0 -9999.0 -9999.0 -9999.0 -9999.0 -9999.0 -9999.0 -9999.0 -9999.0 -9999.0 -9999.0 -9999.0 -9999.0 -9999.0 -9999.0 -9999.0 -9999.0 -9999.0 -9999.0 -9999.0 -9999.0 -9999.0 -9999.0 -9999.0 -9999.0 -9999.0 -9999.0 -9999.0 -9999.0 -9999.0 -9999.0 -9999.0 -9999.0 -9999.0 -9999.0 -9999.0 -9999.0 -9999.0 -9999.0 -9999.0 -9999.0 -9999.0 -9999.0 -9999.0 -9999.0 -9999.0 -9999.0 -9999.0 -9999.0
-9999.0 -9999.0 -9999.0 -9999.0 -9999.0 -9999.0 -9999.0 -9999.0 -9999.0 -9999.0 -9999.0 -9999.0 -9999.0 -9999.0 -9999.0 -9999.0 -9999.0 -9999.0 -9999.0 -9999.0 -9999.0 -9999.0 -9999.0 -9999.0 -9999.0 -9999.0 -9999.0 -9999.0 -9999.0 -9999.0 -9999.0 -9999.0 -9999.0 -9999.0 -9999.0 -9999.0 -9999.0 -9999.0 -9999.0 -9999.0 -9999.0 -9999.0 -9999.0 -9999.0 -9999.0 -9999.0 -9999.0 -9999.0 -9999.0 -9999.0 -9999.0 -9999.0 -9999.0 -9999.0 -9999.0 -9999.0 -9999.0 -9999.0 -9999.0 -9999.0 -9999.0 -9999.0 -9999.0 -9999.0 -9999.0 -9999.0 -9999.0 -9999.0 -9999.0 -9999.0 -9999.0 -9999.0 -9999.0 -9999.0 -9999.0 -9999.0 -9999.0 -9999.0 -9999.0 -9999.0