Borden_/Borden1m_014/output_maps/psiliqL0003N0025.asc
ncols         80
nrows         18
xllcorner     620200.000000
yllcorner     5168000.000000
cellsize      1.000000
NODATA_value  -9999.0
-9999.0 -9999.0 -9999.0 -9999.0 -9999.0 -9999.0 -9999.0 -9999.0 -9999.0 -9999.0 -9999.0 -9999.0 -9999.0 -9999.0 -9999.0 -9999.0 -9999.0 -9999.0 -9999.0 -9999.0 -9999.0 -9999.0 -9999.0 -9999.0 -9999.0 -9999.0 -9999.0 -9999.0 -9999.0 -9999.0 -9999.0 -9999.0 -9999.0 -9999.0 -9999.0 -9999.0 -9999.0 -9999.0 -9999.0 -9999.0 -9999.0 -9999.0 -9999.0 -9999.0 -9999.0 -9999.0 -9999.0 -9999.0 -9999.0 -9999.0 -9999.0 -9999.0 -9999.0 -9999.0 -9999.0 -9999.0 -9999.0 -9999.0 -9999.0 -9999.0 -9999.0 -9999.0 -9999.0 -9999.0 -9999.0 -9999.0 -9999.0 -9999.0 -9999.0 -9999.0 -9999.0 -9999.0 -9999.0 -9999.0 -9999.0 -9999.0 -9999.0 -9999.0 -9999.0 -9999.0
-9999.0 -9999.0 -9999.0 -9999.0 -9999.0 -9999.0 -9999.0 -9999.0 -9999.0 -9999.0 -9999.0 -9999.0 -9999.0 -9999.0 -9999.0 -9999.0 -9999.0 -9999.0 -9999.0 -9999.0 -9999.0 -9999.0 -9999.0 -9999.0 -9999.0 -9999.0 -9999.0 -9999.0 -9999.0 -9999.0 -9999.0 -9999.0 -9999.0 -9999.0 -9999.0 -9999.0 -9999.0 -9999.0 -9999.0 -9999.0 -9999.0 -9999.0 -9999.0 -9999.0 -9999.0 -9999.0 -9999.0 -9999.0 -9999.0 -9999.0 -9999.0 -9999.0 -9999.0 -9999.0 -9999.0 -9999.0 -9999.0 -9999.0 -9999.0 -9999.0 -9999.0 -9999.0 -9999.0 -9999.0 -9999.0 -9999.0 -9999.0 -9999.0 -9999.0 -9999.0 -9999.0 -9999.0 -9999.0 -9999.0 -9999.0 -9999.0 -9999.0 -9999.0 -9999.0 -9999.0
-9999.0 -9999.0 -9999.0 -9999.0 -9999.0 -9999.0 -9999.0 -9999.0 -9999.0 -9999.0 -9999.0 -9999.0 -9999.0 -9999.0 -9999.0 -9999.0 -9999.0 -9999.0 -9999.0 -9999.0 -563.664170 -562.462753 -565.197471 -568.346182 -570.983422 -571.290914 -568.331381 -564.870091 -560.901510 -560.090533 -563.219577 -562.476932 -563.691843 -564.371582 -564.415688 -563.538230 -563.104015 -561.829784 -561.008480 -561.369459 -562.334544 -563.024638 -563.617009 -563.402079 -562.332352 -563.815316 -561.649430 -559.495654 -558.726052 -558.783124 -561.734223 -562.971162 -563.441093 -565.865650 -561.483631 -560.148113 -556.837869 -556.484200 -555.929598 -559.648575 -563.309986 -9999.0 -9999.0 -9999.0 -9999.0 -9999.0 -9999.0 -9999.0 -9999.0 -9999.0 -9999.0 -9999.0 -9999.0 -9999.0 -9999.0 -9999.0 -9999.0 -9999.0 -9999.0 -9999.0
-9999.0 -9999.0 -9999.0 -9999.0 -9999.0 -9999.0 -9999.0 -9999.0 -9999.0 -9999.0 -9999.0 -9999.0 -9999.0 -9999.0 -568.937176 -570.386391 -571.059081 -571.451076 -568.791065 -566.667856 -566.525526 -568.037366 -566.849882 -569.828252 -572.460367 -570.876743 -568.559960 -566.596710 -563.407004 -560.986087 -563.188691 -563.731448 -562.526130 -558.281530 -556.360247 -557.231628 -562.124986 -557.485339 -555.060937 -553.504483 -553.715681 -555.952960 -552.826514 -549.163186 -551.019239 -554.895477 -554.062713 -551.848787 -548.274008 -550.236892 -562.392144 -563.744874 -563.172797 -562.979488 -564.630851 -565.789160 -561.347703 -561.925004 -562.677903 -563.570181 -566.260192 -570.512240 -572.388209 -568.014098 -564.019566 -555.950742 -9999.0 -9999.0 -9999.0 -9999.0 -9999.0 -9999.0 -9999.0 -9999.0 -9999.0 -9999.0 -9999.0 -9999.0 -9999.0 -9999.0
-9999.0 -9999.0 -9999.0 -9999.0 -9999.0 -9999.0 -9999.0 -9999.0 -9999.0 -571.452863 -571.829853 -571.423322 -572.356252 -571.077667 -573.171667 -572.670836 -573.034513 -571.201211 -569.667779 -567.063563 -563.657688 -566.108303 -566.428646 -564.680087 -564.456593 -563.715852 -562.106829 -556.418701 -549.855645 -539.715635 -548.274715 -548.676889 -543.975162 -526.563852 -510.492432 -505.568860 -514.024334 -513.987398 -503.440817 -490.516400 -490.636105 -491.843891 -477.411685 -468.272121 -461.676381 -475.753767 -488.732628 -490.727367 -473.341015 -502.599681 -526.831442 -545.900272 -544.674093 -551.206363 -558.308867 -560.965143 -561.899356 -556.849928 -558.822276 -563.552386 -567.397799 -566.335858 -568.452064 -566.346641 -564.794277 -558.623811 -553.002424 -547.568425 -547.309755 -550.752052 -9999.0 -9999.0 -9999.0 -9999.0 -9999.0 -9999.0 -9999.0 -9999.0 -9999.0 -9999.0
-9999.0 -9999.0 -9999.0 -9999.0 -9999.0 -9999.0 -574.112915 -574.266165 -573.433135 -575.990579 -574.142506 -575.390812 -574.033541 -573.418502 -572.492827 -572.422234 -570.124863 -568.042333 -564.513247 -559.786359 -555.378236 -557.628758 -556.481070 -550.217546 -537.694494 -525.778055 -518.170299 -504.294489 -454.382202 -397.744368 -370.470986 -355.628368 -335.398305 -309.994109 -260.619287 -189.894643 -264.737612 -283.946802 -270.641323 -231.906120 -148.492357 -146.640154 -141.398187 -134.252155 -108.433003 -113.971921 -226.506086 -254.753754 -262.449089 -269.613826 -303.809134 -341.070453 -414.249017 -469.366559 -511.428366 -532.026065 -535.607297 -532.328709 -540.697374 -551.813073 -558.400213 -558.497105 -559.803157 -562.136334 -560.991829 -558.453582 -554.578385 -552.158375 -554.017179 -556.585225 -558.570698 -562.590985 -561.971753 -558.087099 -9999.0 -9999.0 -9999.0 -9999.0 -9999.0 -9999.0
-9999.0 -9999.0 -9999.0 -9999.0 -578.125362 -576.932780 -580.495978 -578.467893 -576.884571 -575.669005 -575.624415 -573.492979 -572.862185 -571.294238 -567.990750 -565.367212 -560.656244 -556.997670 -546.981037 -525.806716 -504.673561 -491.308121 -483.013480 -416.886182 -333.879785 -300.366344 -289.327335 -269.814370 -224.063168 -101.057872 -74.816805 -68.051852 -51.361163 -57.756231 12.052232 46.493134 27.187621 21.216841 22.998647 30.482680 54.406976 55.167596 55.966973 56.125215 58.139605 59.911280 39.853585 9.672626 -1.850411 -8.399966 -25.809628 -85.994398 -191.074777 -231.404163 -254.445009 -287.043416 -331.621464 -358.184474 -444.538162 -488.254629 -519.354431 -529.969682 -539.919032 -545.028162 -551.634584 -550.440531 -548.628181 -552.018029 -556.456504 -560.629914 -561.226004 -563.057592 -565.028191 -560.037215 -558.198442 -552.751475 -9999.0 -9999.0 -9999.0 -9999.0
-9999.0 -9999.0 -578.402278 -578.269598 -574.987662 -576.959747 -578.177505 -579.877294 -579.143264 -575.952334 -569.922179 -567.214498 -563.023789 -560.639908 -550.822599 -525.851716 -495.078507 -466.262644 -386.864976 -323.009579 -282.299925 -246.278064 -160.007059 -122.572570 -79.152876 -63.834194 -9.449242 10.917240 33.662578 60.217485 84.943034 100.300908 105.998782 99.607082 99.175715 96.990046 95.517669 91.281375 74.898438 72.613482 79.798081 82.189348 85.489038 73.334748 69.525363 82.000117 83.760421 84.339158 86.523470 94.625205 105.447939 76.567659 23.971925 12.782642 9.300895 -27.339576 -86.291078 -182.579046 -214.929720 -253.597304 -311.379414 -343.671823 -420.047688 -478.516636 -509.392313 -523.004925 -536.476702 -544.867284 -552.512595 -559.467663 -561.629680 -562.937322 -562.039184 -562.687374 -560.016196 -557.957948 -554.970132 -553.814013 -9999.0 -9999.0
-9999.0 -579.492571 -580.516748 -574.690693 -573.575713 -572.335376 -570.791422 -569.453563 -567.801497 -569.748937 -553.371652 -521.424661 -486.244336 -470.873853 -404.305084 -305.784031 -158.642128 -125.084631 -98.307174 -58.998365 -11.976039 26.271549 50.555120 82.689320 106.288423 100.771963 98.594773 97.013770 88.231996 81.116677 71.230496 79.212315 77.935304 62.801598 51.205812 51.167206 47.870260 24.092984 -1.297166 -13.281713 -8.057040 12.888966 2.781692 -17.061480 -20.914679 -1.400691 13.521203 5.219553 -6.455227 8.831879 39.783891 56.226081 72.436885 86.167087 106.248774 84.356714 52.135501 16.160160 1.640752 -21.607940 -125.172971 -188.964775 -242.328582 -297.474507 -339.434894 -425.814116 -488.260697 -516.084801 -536.182542 -543.789738 -548.538541 -558.016456 -560.493259 -558.536888 -559.780002 -559.930467 -558.744296 -557.806277 -9999.0 -9999.0
-9999.0 -585.003286 -579.705551 -573.371369 -565.217331 -563.763987 -536.662623 -510.422372 -501.301401 -514.670357 -441.249250 -154.404662 -91.751740 -90.690435 -38.496323 28.554349 69.097972 90.672751 104.922746 95.437271 89.761900 91.808384 87.001763 78.875358 65.724563 58.440680 58.264651 56.740445 39.827473 22.833824 7.795037 7.309211 -5.516072 -38.947339 -68.440494 -79.049539 -97.088122 -170.105160 -214.979166 -244.302038 -256.678076 -238.030343 -248.010094 -264.534533 -267.799925 -246.226240 -213.407281 -217.861314 -210.466714 -185.521400 -140.649642 -57.059194 -37.403851 -12.404824 19.937845 56.634411 75.053275 94.345081 100.902037 76.636332 39.277990 -5.170691 -32.673012 -138.547311 -210.300545 -282.525001 -323.001411 -354.514403 -447.032797 -487.008613 -512.176506 -532.455696 -546.659064 -549.897895 -556.788436 -558.009420 -9999.0 -9999.0 -9999.0 -9999.0
-9999.0 -585.443476 -580.221127 -568.266270 -537.733577 -491.415270 -334.858418 -220.141567 -51.463326 -99.537579 16.011375 88.812323 97.540474 81.251393 55.476545 52.151164 61.369149 63.430490 59.056344 50.459328 40.652280 37.459268 35.294107 27.259218 16.778166 2.805222 -7.773103 -18.016536 -105.124634 -140.940752 -168.614511 -186.515218 -221.198503 -293.483357 -317.350797 -334.796318 -408.086866 -426.025169 -443.186127 -471.348725 -482.965807 -490.194046 -480.465780 -482.861789 -483.715468 -477.706167 -460.861206 -444.911362 -386.410503 -340.139492 -315.328275 -277.878734 -247.540666 -202.910018 -151.022263 -51.062233 -23.588864 2.187849 41.799866 77.443634 97.817332 90.335824 62.360239 27.891028 -28.663745 -139.599352 -186.662073 -244.508287 -297.002012 -329.449619 -353.154317 -426.573345 -492.165327 -529.029647 -538.757856 -9999.0 -9999.0 -9999.0 -9999.0 -9999.0
-9999.0 -593.201349 -580.305861 -570.441053 -517.825028 -324.414592 -241.820906 21.793760 76.120835 6.970446 -101.268482 -23.355503 9.862379 10.018663 -14.036371 -22.651726 -28.974899 -29.747667 -17.622851 -45.113697 -120.562319 -138.585976 -140.932871 -155.135853 -179.198722 -199.534950 -214.851176 -235.826010 -282.430485 -312.890911 -356.934675 -399.382824 -476.761607 -511.236801 -527.462945 -541.201467 -553.584163 -553.303935 -549.385302 -552.783283 -556.478938 -560.286305 -555.637421 -553.422500 -551.351017 -553.880240 -553.105949 -546.626460 -535.617666 -523.227030 -503.233954 -471.554966 -421.647970 -343.678172 -322.140316 -285.115070 -245.685951 -196.747417 -121.732038 -4.298487 22.886140 52.239654 87.838999 105.941922 68.224506 31.863804 -19.131039 -93.779774 -194.296367 -245.426743 -270.192634 -297.559654 -331.865460 -9999.0 -9999.0 -9999.0 -9999.0 -9999.0 -9999.0 -9999.0
-9999.0 -597.402114 -583.657013 -581.412665 -563.924930 -523.717336 -442.901191 -320.256274 -163.269878 -282.014175 -294.608300 -276.125669 -252.824047 -233.962317 -254.565959 -280.626501 -297.300850 -293.847573 -292.111520 -307.564594 -325.527657 -333.211062 -334.105726 -343.620282 -386.768815 -414.777449 -430.566274 -455.922732 -483.807705 -509.696697 -538.741456 -552.192451 -561.342267 -564.514549 -566.850916 -569.290214 -573.765386 -571.319227 -569.412820 -569.888340 -571.303654 -572.351452 -568.977106 -567.739044 -566.661242 -569.676289 -567.513403 -565.486635 -560.968717 -556.208862 -549.319348 -538.982632 -525.300613 -514.776796 -506.379808 -489.570816 -456.368011 -366.514760 -305.640280 -220.507835 -146.215762 -55.758358 -7.618766 4.930492 45.219012 55.239554 62.141009 39.003696 -113.802622 -188.492042 -210.367430 -9999.0 -9999.0 -9999.0 -9999.0 -9999.0 -9999.0 -9999.0 -9999.0 -9999.0
-9999.0 -9999.0 -600.394624 -594.692570 -589.740961 -584.341521 -576.506005 -566.068790 -557.627474 -546.048774 -528.786971 -508.168686 -493.443041 -486.058954 -495.837023 -513.723482 -523.351679 -522.701313 -525.251034 -530.209115 -538.701460 -541.822565 -543.914266 -545.571788 -549.011226 -550.447327 -551.064666 -552.385699 -555.257064 -561.510205 -566.872175 -570.552466 -574.512826 -574.439806 -575.094958 -576.442587 -575.354692 -575.635417 -575.264262 -575.444941 -575.114629 -574.469776 -573.676226 -572.587167 -572.503077 -572.183584 -571.773595 -570.564272 -568.693813 -566.163325 -561.298802 -554.121621 -548.486327 -547.076799 -549.940847 -549.045992 -544.969937 -534.805987 -499.755512 -417.160773 -325.622924 -271.473484 -200.858500 -149.203659 -110.683345 -60.284035 -5.395951 -32.043502 -197.250624 -206.537429 -9999.0 -9999.0 -9999.0 -9999.0 -9999.0 -9999.0 -9999.0 -9999.0 -9999.0 -9999.0
-9999.0 -9999.0 -9999.0 -9999.0 -602.896641 -594.825663 -587.503155 -588.127588 -582.663857 -579.173068 -575.824060 -571.789430 -568.396240 -566.229962 -568.774351 -569.335134 -569.880840 -569.539900 -570.125875 -570.787585 -571.108700 -571.551707 -572.020897 -572.628180 -572.386538 -571.803087 -571.655767 -572.686010 -572.763048 -574.686542 -574.972563 -576.140656 -577.267456 -578.543936 -578.304979 -578.434640 -577.886356 -578.483942 -577.578864 -578.090168 -577.385636 -577.052393 -576.180561 -574.767066 -575.232516 -574.418330 -574.354287 -573.277347 -572.761598 -569.776092 -564.889584 -559.139346 -555.150513 -555.290619 -560.216867 -562.305884 -563.464885 -560.310033 -554.686254 -542.268539 -508.278757 -463.119261 -364.051988 -323.047161 -299.144190 -257.319177 -194.142183 -150.803368 -9999.0 -9999.0 -9999.0 -9999.0 -9999.0 -9999.0 -9999.0 -9999.0 -9999.0 -9999.0 -9999.0 -9999.0
-9999.0 -9999.0 -9999.0 -9999.0 -9999.0 -9999.0 -599.382529 -595.332154 -596.510031 -593.358437 -590.513043 -588.263521 -584.911762 -585.248951 -584.251477 -581.658254 -582.015201 -583.254564 -584.806956 -582.533952 -581.524571 -581.310872 -583.821331 -583.128827 -582.857679 -581.898425 -581.996510 -581.592970 -583.718669 -581.205518 -580.004493 -580.496920 -580.971294 -580.516916 -581.056827 -579.492211 -579.306157 -580.562939 -580.930097 -579.110611 -578.574213 -578.810366 -578.429420 -577.148823 -575.299805 -574.996258 -575.796490 -576.901896 -574.966982 -570.487723 -565.303839 -560.588809 -557.449136 -556.434584 -560.614613 -566.144473 -568.885428 -569.217939 -566.873216 -562.304668 -551.291127 -543.181837 -536.201790 -526.947831 -515.874115 -456.075227 -9999.0 -9999.0 -9999.0 -9999.0 -9999.0 -9999.0 -9999.0 -9999.0 -9999.0 -9999.0 -9999.0 -9999.0 -9999.0 -9999.0
-9999.0 -9999.0 -9999.0 -9999.0 -9999.0 -9999.0 -9999.0 -9999.0 -9999.0 -9999.0 -9999.0 -9999.0 -9999.0 -9999.0 -9999.0 -9999.0 -9999.0 -9999.0 -9999.0 -9999.0 -9999.0 -9999.0 -9999.0 -9999.0 -9999.0 -9999.0 -9999.0 -9999.0 -9999.0 -9999.0 -9999.0 -9999.0 -9999.0 -9999.0 -9999.0 -9999.0 -9999.0 -9999.0 -9999.0 -9999.0 -9999.0 -9999.0 -9999.0 -9999.0 -9999.0 -9999.0 -9999.0 -9999.0 -9999.0 -9999.0 -9999.0 -9999.0 -9999.0 -9999.0 -9999.0 -9999.0 -9999.0 -9999.0 -9999.0 -9999.0 -9999.0 -9999.0 -9999.0 -9999.0 -9999.0 -9999.0 -9999.0 -9999.0 -9999.0 -9999.0 -9999.0 -9999.0 -9999.0 -9999.0 -9999.0 -9999.0 -9999.0 -9999.0 -9999.0 -9999.0
-9999.0 -9999.0 -9999.0 -9999.0 -9999.0 -9999.0 -9999.0 -9999.0 -9999.0 -9999.0 -9999.0 -9999.0 -9999.0 -9999.0 -9999.0 -9999.0 -9999.0 -9999.0 -9999.0 -9999.0 -9999.0 -9999.0 -9999.0 -9999.0 -9999.0 -9999.0 -9999.0 -9999.0 -9999.0 -9999.0 -9999.0 -9999.0 -9999.0 -9999.0 -9999.0 -9999.0 -9999.0 -9999.0 -9999.0 -9999.0 -9999.0 -9999.0 -9999.0 -9999.0 -9999.0 -9999.0 -9999.0 -9999.0 -9999.0 -9999.0 -9999.0 -9999.0 -9999.0 -9999.0 -9999.0 -9999.0 -9999.0 -9999.0 -9999.0 -9999.0 -9999.0 -9999.0 -9999.0 -9999.0 -9999.0 -9999.0 -9999.0 -9999.0 -9999.0 -9999.0 -9999.0 -9999.0 -9999.0 -9999.0 -9999.0 -9999.0 -9999.0 -9999.0 -9999.0 -9999.0