Borden_/Borden1m_014/output_maps/psiliqL0000N0021.asc
ncols         80
nrows         18
xllcorner     620200.000000
yllcorner     5168000.000000
cellsize      1.000000
NODATA_value  -9999.0
-9999.0 -9999.0 -9999.0 -9999.0 -9999.0 -9999.0 -9999.0 -9999.0 -9999.0 -9999.0 -9999.0 -9999.0 -9999.0 -9999.0 -9999.0 -9999.0 -9999.0 -9999.0 -9999.0 -9999.0 -9999.0 -9999.0 -9999.0 -9999.0 -9999.0 -9999.0 -9999.0 -9999.0 -9999.0 -9999.0 -9999.0 -9999.0 -9999.0 -9999.0 -9999.0 -9999.0 -9999.0 -9999.0 -9999.0 -9999.0 -9999.0 -9999.0 -9999.0 -9999.0 -9999.0 -9999.0 -9999.0 -9999.0 -9999.0 -9999.0 -9999.0 -9999.0 -9999.0 -9999.0 -9999.0 -9999.0 -9999.0 -9999.0 -9999.0 -9999.0 -9999.0 -9999.0 -9999.0 -9999.0 -9999.0 -9999.0 -9999.0 -9999.0 -9999.0 -9999.0 -9999.0 -9999.0 -9999.0 -9999.0 -9999.0 -9999.0 -9999.0 -9999.0 -9999.0 -9999.0
-9999.0 -9999.0 -9999.0 -9999.0 -9999.0 -9999.0 -9999.0 -9999.0 -9999.0 -9999.0 -9999.0 -9999.0 -9999.0 -9999.0 -9999.0 -9999.0 -9999.0 -9999.0 -9999.0 -9999.0 -9999.0 -9999.0 -9999.0 -9999.0 -9999.0 -9999.0 -9999.0 -9999.0 -9999.0 -9999.0 -9999.0 -9999.0 -9999.0 -9999.0 -9999.0 -9999.0 -9999.0 -9999.0 -9999.0 -9999.0 -9999.0 -9999.0 -9999.0 -9999.0 -9999.0 -9999.0 -9999.0 -9999.0 -9999.0 -9999.0 -9999.0 -9999.0 -9999.0 -9999.0 -9999.0 -9999.0 -9999.0 -9999.0 -9999.0 -9999.0 -9999.0 -9999.0 -9999.0 -9999.0 -9999.0 -9999.0 -9999.0 -9999.0 -9999.0 -9999.0 -9999.0 -9999.0 -9999.0 -9999.0 -9999.0 -9999.0 -9999.0 -9999.0 -9999.0 -9999.0
-9999.0 -9999.0 -9999.0 -9999.0 -9999.0 -9999.0 -9999.0 -9999.0 -9999.0 -9999.0 -9999.0 -9999.0 -9999.0 -9999.0 -9999.0 -9999.0 -9999.0 -9999.0 -9999.0 -9999.0 -557.781388 -556.850542 -558.653658 -560.647904 -562.370090 -562.631623 -560.728521 -558.610165 -556.144726 -555.698257 -557.829611 -557.258184 -558.131751 -558.650725 -558.729604 -558.149216 -557.869061 -557.082397 -556.604932 -556.880325 -557.508425 -557.935016 -558.401826 -558.298940 -557.551203 -558.528884 -557.101323 -555.743138 -555.289568 -555.215866 -556.973231 -557.656848 -557.881034 -559.561602 -556.531282 -555.734928 -553.607846 -553.451221 -552.967549 -555.352228 -557.685243 -9999.0 -9999.0 -9999.0 -9999.0 -9999.0 -9999.0 -9999.0 -9999.0 -9999.0 -9999.0 -9999.0 -9999.0 -9999.0 -9999.0 -9999.0 -9999.0 -9999.0 -9999.0 -9999.0
-9999.0 -9999.0 -9999.0 -9999.0 -9999.0 -9999.0 -9999.0 -9999.0 -9999.0 -9999.0 -9999.0 -9999.0 -9999.0 -9999.0 -560.673275 -561.714856 -562.211468 -562.604532 -560.899091 -559.636121 -559.721984 -560.802206 -559.841278 -561.848013 -563.637922 -562.555315 -561.137501 -560.094211 -558.207366 -556.698027 -558.175375 -558.540563 -557.782193 -554.977380 -553.789954 -554.416550 -557.835689 -554.671566 -553.166294 -552.174429 -552.301969 -553.859625 -551.738419 -549.265458 -550.577203 -553.190750 -552.640994 -551.234670 -548.800651 -549.895131 -557.966973 -558.605850 -558.093276 -557.817817 -558.888970 -559.718258 -556.689278 -557.197731 -557.640609 -557.992086 -559.557035 -562.270621 -563.521315 -560.602792 -558.173756 -552.925073 -9999.0 -9999.0 -9999.0 -9999.0 -9999.0 -9999.0 -9999.0 -9999.0 -9999.0 -9999.0 -9999.0 -9999.0 -9999.0 -9999.0
-9999.0 -9999.0 -9999.0 -9999.0 -9999.0 -9999.0 -9999.0 -9999.0 -9999.0 -562.088181 -562.432237 -562.172152 -562.926050 -562.061349 -563.683142 -563.354682 -563.694179 -562.546296 -561.722721 -560.175041 -557.944805 -559.718936 -559.959717 -558.728055 -558.602630 -558.235581 -557.402748 -553.825995 -549.770545 -542.941160 -548.970785 -549.210045 -546.020374 -533.302154 -521.842154 -518.536513 -524.380592 -524.522533 -517.141207 -508.092808 -508.543632 -509.464821 -499.541549 -493.600882 -488.981879 -498.371065 -507.102982 -508.561021 -496.135495 -516.556736 -533.345755 -547.251316 -546.302546 -550.601739 -555.204881 -556.817583 -557.551714 -554.046377 -555.282317 -558.255564 -560.648663 -559.626483 -561.056463 -559.684602 -558.882765 -554.957298 -551.464339 -547.951126 -547.772526 -550.054475 -9999.0 -9999.0 -9999.0 -9999.0 -9999.0 -9999.0 -9999.0 -9999.0 -9999.0 -9999.0
-9999.0 -9999.0 -9999.0 -9999.0 -9999.0 -9999.0 -563.595295 -563.782565 -563.267114 -565.286928 -564.037738 -565.057525 -564.156903 -563.839071 -563.327121 -563.432304 -561.967680 -560.776041 -558.663951 -555.790673 -553.042275 -554.720743 -554.038739 -549.949015 -540.935980 -532.297004 -527.148885 -517.776776 -483.984785 -439.127633 -409.581678 -390.957871 -357.344677 -336.587631 -297.236922 -218.264934 -301.204340 -316.924583 -306.952328 -276.230949 -187.855006 -187.448165 -182.493597 -175.669792 -149.863117 -154.292319 -272.138452 -294.890404 -300.252885 -304.445985 -331.155564 -362.367435 -453.942814 -493.870730 -522.585485 -536.959283 -539.868397 -538.221725 -543.807141 -551.029369 -555.165341 -555.004351 -555.738635 -557.359851 -556.621034 -555.104925 -552.643530 -551.052969 -552.229189 -553.752777 -554.779260 -557.404309 -556.952312 -554.382417 -9999.0 -9999.0 -9999.0 -9999.0 -9999.0 -9999.0
-9999.0 -9999.0 -9999.0 -9999.0 -566.450307 -565.589197 -568.264095 -566.836792 -565.793301 -565.071000 -565.254656 -563.887173 -563.651393 -562.754174 -560.686914 -559.174477 -556.283354 -554.228574 -547.846237 -532.762662 -517.784428 -508.494179 -503.570668 -456.785592 -357.179152 -328.439001 -320.153874 -305.954839 -269.426480 -142.482863 -148.952911 -109.889740 -95.835131 -67.835722 -36.786730 1.746210 -16.114908 -22.298622 -20.411853 -13.198681 9.592925 10.118192 10.727695 10.722097 12.666122 14.781708 -4.992949 -33.758209 -45.046941 -50.965942 -69.394821 -127.955381 -237.624040 -275.340421 -292.598482 -317.713033 -354.062598 -386.260996 -477.989596 -506.622260 -528.391441 -536.251845 -543.372718 -546.603613 -551.078242 -550.221075 -548.903667 -551.108191 -553.856157 -556.447017 -556.597693 -557.694379 -559.089440 -555.708252 -554.663538 -551.054634 -9999.0 -9999.0 -9999.0 -9999.0
-9999.0 -9999.0 -566.400366 -566.482242 -564.238602 -565.810932 -566.702596 -568.031687 -567.642811 -565.566703 -561.601055 -560.172111 -557.626905 -556.429943 -550.162410 -532.448355 -510.988871 -492.207630 -425.223423 -348.714437 -315.691405 -287.917791 -199.478978 -163.769757 -122.536533 -73.116085 -52.689666 -32.676386 -10.683244 14.678466 40.279417 53.673716 61.254953 54.174305 52.861921 51.264789 49.755155 45.596994 29.720361 27.165970 34.415791 36.455040 39.819360 27.705613 23.945226 36.066081 38.383359 38.806571 41.335991 48.785298 60.303853 31.298319 -20.370898 -30.687974 -33.825176 -70.047013 -128.234463 -226.385445 -259.727457 -292.052827 -336.882837 -363.780166 -458.712960 -500.490128 -522.123283 -532.121930 -541.342572 -546.737533 -551.514473 -555.931602 -557.138722 -557.812450 -557.063013 -557.628636 -555.856099 -554.592809 -552.576627 -551.864431 -9999.0 -9999.0
-9999.0 -566.832462 -567.838477 -563.867413 -563.565379 -562.964523 -562.010925 -561.208966 -560.283039 -562.187081 -551.442036 -529.012229 -504.408222 -494.971265 -444.245948 -337.099612 -198.115805 -165.282962 -141.869752 -101.759441 -55.217337 -17.591693 5.829355 38.275441 59.831915 56.606080 52.223753 51.037171 42.495728 35.083137 24.991764 33.513089 31.598858 16.944810 6.107554 5.047767 2.567587 -20.277489 -45.135963 -56.683459 -51.232055 -30.674177 -40.784896 -60.483536 -64.275711 -45.136134 -30.120918 -38.624698 -83.664461 -34.971835 -5.538783 10.391894 26.792343 40.270042 60.922548 38.513404 6.330140 -28.508380 -42.326609 -64.346736 -168.967652 -229.637493 -281.003992 -326.461798 -360.791886 -463.605453 -507.567857 -527.477684 -541.207693 -545.957056 -548.794519 -555.025904 -556.489729 -554.984083 -555.808893 -555.892391 -555.107999 -554.519749 -9999.0 -9999.0
-9999.0 -570.693526 -566.991515 -563.025858 -558.261645 -558.175394 -539.023007 -520.615505 -514.788966 -524.809016 -473.800530 -191.181022 -132.217689 -131.686735 -80.648431 -14.972775 25.295107 46.206841 60.312032 49.636773 44.304945 45.909001 40.926927 32.400186 18.801411 12.926694 11.853287 11.114320 -5.283607 -21.988781 -36.268313 -70.019083 -48.829307 -82.484651 -110.543720 -121.219374 -132.689080 -217.997885 -262.696092 -287.705975 -297.090899 -280.533171 -289.190435 -302.669485 -305.487114 -288.648654 -260.120541 -263.845562 -253.739117 -226.574737 -183.110271 -99.703561 -81.327572 -56.578740 -25.502895 10.924991 29.123988 48.305268 54.899511 30.345397 -6.302123 -50.217054 -75.999932 -181.051233 -248.045686 -313.148142 -345.706525 -373.385136 -479.163965 -505.947495 -523.996793 -538.395103 -547.884711 -549.692645 -554.181209 -554.624846 -9999.0 -9999.0 -9999.0 -9999.0
-9999.0 -570.605416 -566.981785 -559.170047 -540.104697 -506.692271 -355.656460 -259.469735 -79.678283 -146.343984 -21.279207 46.541907 54.164308 36.946835 10.743615 7.084002 15.964172 17.893856 14.067393 4.824862 0.083809 -7.245185 -9.109639 -15.958216 -26.530605 -41.763485 -52.399492 -60.989550 -149.803928 -183.757592 -211.834210 -232.214566 -265.155123 -324.249301 -342.299736 -357.618699 -449.894909 -463.496071 -475.906287 -495.131694 -502.768585 -507.684953 -500.927223 -502.849940 -503.583050 -499.417772 -488.067288 -478.180633 -424.126403 -360.845667 -340.197325 -311.722418 -286.598018 -242.926087 -193.663697 -93.598360 -67.704453 -42.313872 -3.898712 31.207619 51.680068 44.036282 15.881010 -16.949245 -71.305481 -180.583761 -223.292071 -274.262272 -322.645133 -348.868286 -369.516264 -461.963988 -509.363516 -535.949807 -542.341896 -9999.0 -9999.0 -9999.0 -9999.0 -9999.0
-9999.0 -575.693754 -566.319825 -559.957761 -523.827701 -347.153849 -276.241849 -6.382701 42.602657 -24.219569 -145.761698 -64.392406 -32.728751 -32.663329 -56.685904 -65.266125 -71.801930 -72.794407 -59.820722 -85.987702 -150.609745 -177.210005 -180.660309 -195.685527 -223.682881 -245.738419 -260.808006 -278.629346 -315.365165 -338.908937 -381.785053 -437.715497 -498.341634 -522.111602 -533.427483 -543.182991 -551.786036 -551.542476 -548.842723 -551.137559 -553.517388 -556.132577 -553.051307 -551.712647 -550.345738 -552.099014 -551.739101 -547.571785 -540.409873 -531.796772 -517.443575 -496.088506 -461.199009 -364.214533 -345.702080 -317.319531 -285.894530 -238.469082 -166.338078 -48.073574 -22.832211 6.219132 41.894230 60.541399 22.936148 -10.614692 -61.722346 -92.531243 -214.378565 -269.734427 -293.934458 -321.107044 -350.547102 -9999.0 -9999.0 -9999.0 -9999.0 -9999.0 -9999.0 -9999.0
-9999.0 -578.870541 -568.432048 -566.864634 -555.148850 -528.036929 -471.082811 -342.449661 -190.172091 -313.769418 -323.782904 -309.635776 -291.665801 -276.048454 -292.943982 -313.184217 -326.076489 -322.967047 -321.031711 -332.980816 -346.065155 -352.593480 -353.962478 -367.054656 -425.769690 -454.061016 -466.588616 -484.525829 -503.159288 -521.093134 -542.115611 -550.735069 -556.506730 -558.348337 -559.702708 -561.165917 -564.269329 -562.493754 -561.170451 -561.515766 -562.513480 -563.315745 -561.031052 -560.327483 -559.620505 -561.827273 -560.390159 -559.224044 -556.433012 -553.606164 -549.404765 -542.853454 -533.751931 -526.430685 -519.839775 -507.928241 -486.351185 -395.553543 -333.741601 -261.630332 -189.883403 -97.746431 -50.961948 -19.628220 0.789279 9.518705 18.845975 1.942274 -45.498526 -187.650314 -233.294066 -9999.0 -9999.0 -9999.0 -9999.0 -9999.0 -9999.0 -9999.0 -9999.0 -9999.0
-9999.0 -9999.0 -580.824906 -576.465799 -572.501199 -568.845270 -563.747436 -556.498180 -551.499301 -544.232278 -532.901219 -518.866892 -508.811984 -503.715578 -510.618981 -523.398574 -530.171576 -529.576551 -531.306574 -534.793300 -540.968951 -543.440315 -544.972413 -546.170611 -548.547285 -549.495681 -549.854702 -550.612734 -552.333308 -556.294568 -559.677627 -561.881361 -564.437564 -564.172077 -564.532551 -565.458565 -564.642922 -564.832456 -564.586750 -564.752108 -564.566397 -564.170685 -563.711922 -563.060313 -563.087356 -562.925600 -562.722044 -562.023726 -560.956952 -559.583447 -556.711984 -552.302793 -548.853128 -548.032417 -549.955887 -549.316012 -546.658620 -540.073272 -514.883215 -455.145431 -350.686024 -306.650106 -240.535133 -186.017944 -128.104850 -102.617096 -45.354584 0.912959 0.823784 -82.265756 -9999.0 -9999.0 -9999.0 -9999.0 -9999.0 -9999.0 -9999.0 -9999.0 -9999.0 -9999.0
-9999.0 -9999.0 -9999.0 -9999.0 -582.346692 -576.465208 -571.115845 -571.725729 -568.033507 -566.038106 -564.204418 -561.907039 -560.044340 -558.709188 -560.607281 -561.074342 -561.417519 -561.061269 -561.391450 -561.905108 -562.155296 -562.426378 -562.629248 -563.035668 -562.874680 -562.492821 -562.365867 -563.046398 -562.937387 -564.291099 -564.402955 -565.103147 -565.797455 -566.657170 -566.427500 -566.536108 -566.119775 -566.546666 -565.884990 -566.337771 -565.876597 -565.699614 -565.157542 -564.248803 -564.718356 -564.190435 -564.207484 -563.521065 -563.393598 -561.644989 -558.712785 -555.234684 -552.832651 -552.982745 -556.231871 -557.460274 -558.231309 -556.231672 -552.822525 -544.964387 -520.983395 -490.963092 -393.213887 -346.267582 -326.244803 -293.581601 -226.142684 -120.664161 -9999.0 -9999.0 -9999.0 -9999.0 -9999.0 -9999.0 -9999.0 -9999.0 -9999.0 -9999.0 -9999.0 -9999.0
-9999.0 -9999.0 -9999.0 -9999.0 -9999.0 -9999.0 -579.952245 -577.110817 -577.893806 -575.980866 -574.359511 -573.075056 -570.913998 -571.382781 -570.840142 -569.042496 -569.327695 -570.156658 -571.215300 -569.607463 -568.962108 -568.761099 -570.505625 -569.996065 -569.841486 -569.152705 -569.223805 -568.896702 -570.423487 -568.616706 -567.746906 -568.044034 -568.326284 -567.952439 -568.340911 -567.180251 -567.042842 -567.960327 -568.228629 -566.940105 -566.618776 -566.856979 -566.655841 -565.836044 -564.590241 -564.456855 -565.085726 -565.976641 -564.752431 -561.923639 -558.797298 -556.032709 -554.192076 -553.495478 -556.133761 -559.694255 -561.451454 -561.744700 -560.389887 -557.761484 -550.882238 -545.933342 -541.535666 -534.384998 -526.818405 -486.683826 -9999.0 -9999.0 -9999.0 -9999.0 -9999.0 -9999.0 -9999.0 -9999.0 -9999.0 -9999.0 -9999.0 -9999.0 -9999.0 -9999.0
-9999.0 -9999.0 -9999.0 -9999.0 -9999.0 -9999.0 -9999.0 -9999.0 -9999.0 -9999.0 -9999.0 -9999.0 -9999.0 -9999.0 -9999.0 -9999.0 -9999.0 -9999.0 -9999.0 -9999.0 -9999.0 -9999.0 -9999.0 -9999.0 -9999.0 -9999.0 -9999.0 -9999.0 -9999.0 -9999.0 -9999.0 -9999.0 -9999.0 -9999.0 -9999.0 -9999.0 -9999.0 -9999.0 -9999.0 -9999.0 -9999.0 -9999.0 -9999.0 -9999.0 -9999.0 -9999.0 -9999.0 -9999.0 -9999.0 -9999.0 -9999.0 -9999.0 -9999.0 -9999.0 -9999.0 -9999.0 -9999.0 -9999.0 -9999.0 -9999.0 -9999.0 -9999.0 -9999.0 -9999.0 -9999.0 -9999.0 -9999.0 -9999.0 -9999.0 -9999.0 -9999.0 -9999.0 -9999.0 -9999.0 -9999.0 -9999.0 -9999.0 -9999.0 -9999.0 -9999.0
-9999.0 -9999.0 -9999.0 -9999.0 -9999.0 -9999.0 -9999.0 -9999.0 -9999.0 -9999.0 -9999.0 -9999.0 -9999.0 -9999.0 -9999.0 -9999.0 -9999.0 -9999.0 -9999.0 -9999.0 -9999.0 -9999.0 -9999.0 -9999.0 -9999.0 -9999.0 -9999.0 -9999.0 -9999.0 -9999.0 -9999.0 -9999.0 -9999.0 -9999.0 -9999.0 -9999.0 -9999.0 -9999.0 -9999.0 -9999.0 -9999.0 -9999.0 -9999.0 -9999.0 -9999.0 -9999.0 -9999.0 -9999.0 -9999.0 -9999.0 -9999.0 -9999.0 -9999.0 -9999.0 -9999.0 -9999.0 -9999.0 -9999.0 -9999.0 -9999.0 -9999.0 -9999.0 -9999.0 -9999.0 -9999.0 -9999.0 -9999.0 -9999.0 -9999.0 -9999.0 -9999.0 -9999.0 -9999.0 -9999.0 -9999.0 -9999.0 -9999.0 -9999.0 -9999.0 -9999.0