Borden_/Borden1m_014/output_maps/psiliqL0025N0004.asc
ncols         80
nrows         18
xllcorner     620200.000000
yllcorner     5168000.000000
cellsize      1.000000
NODATA_value  -9999.0
-9999.0 -9999.0 -9999.0 -9999.0 -9999.0 -9999.0 -9999.0 -9999.0 -9999.0 -9999.0 -9999.0 -9999.0 -9999.0 -9999.0 -9999.0 -9999.0 -9999.0 -9999.0 -9999.0 -9999.0 -9999.0 -9999.0 -9999.0 -9999.0 -9999.0 -9999.0 -9999.0 -9999.0 -9999.0 -9999.0 -9999.0 -9999.0 -9999.0 -9999.0 -9999.0 -9999.0 -9999.0 -9999.0 -9999.0 -9999.0 -9999.0 -9999.0 -9999.0 -9999.0 -9999.0 -9999.0 -9999.0 -9999.0 -9999.0 -9999.0 -9999.0 -9999.0 -9999.0 -9999.0 -9999.0 -9999.0 -9999.0 -9999.0 -9999.0 -9999.0 -9999.0 -9999.0 -9999.0 -9999.0 -9999.0 -9999.0 -9999.0 -9999.0 -9999.0 -9999.0 -9999.0 -9999.0 -9999.0 -9999.0 -9999.0 -9999.0 -9999.0 -9999.0 -9999.0 -9999.0
-9999.0 -9999.0 -9999.0 -9999.0 -9999.0 -9999.0 -9999.0 -9999.0 -9999.0 -9999.0 -9999.0 -9999.0 -9999.0 -9999.0 -9999.0 -9999.0 -9999.0 -9999.0 -9999.0 -9999.0 -9999.0 -9999.0 -9999.0 -9999.0 -9999.0 -9999.0 -9999.0 -9999.0 -9999.0 -9999.0 -9999.0 -9999.0 -9999.0 -9999.0 -9999.0 -9999.0 -9999.0 -9999.0 -9999.0 -9999.0 -9999.0 -9999.0 -9999.0 -9999.0 -9999.0 -9999.0 -9999.0 -9999.0 -9999.0 -9999.0 -9999.0 -9999.0 -9999.0 -9999.0 -9999.0 -9999.0 -9999.0 -9999.0 -9999.0 -9999.0 -9999.0 -9999.0 -9999.0 -9999.0 -9999.0 -9999.0 -9999.0 -9999.0 -9999.0 -9999.0 -9999.0 -9999.0 -9999.0 -9999.0 -9999.0 -9999.0 -9999.0 -9999.0 -9999.0 -9999.0
-9999.0 -9999.0 -9999.0 -9999.0 -9999.0 -9999.0 -9999.0 -9999.0 -9999.0 -9999.0 -9999.0 -9999.0 -9999.0 -9999.0 -9999.0 -9999.0 -9999.0 -9999.0 -9999.0 -9999.0 3125.231964 3126.223356 3104.362800 3070.085468 3041.610186 3043.149705 3075.818162 3116.063628 3154.397454 3161.574183 3142.234686 3145.604515 3140.837912 3136.266080 3136.335281 3143.740271 3149.967332 3159.567821 3166.398519 3164.025981 3156.602654 3151.454222 3153.746912 3155.386193 3161.581076 3147.465995 3163.385800 3179.683624 3184.615995 3181.990158 3158.399053 3146.601351 3138.971027 3123.824963 3150.608732 3162.637393 3186.379983 3191.297817 3189.668831 3163.248395 3133.414047 -9999.0 -9999.0 -9999.0 -9999.0 -9999.0 -9999.0 -9999.0 -9999.0 -9999.0 -9999.0 -9999.0 -9999.0 -9999.0 -9999.0 -9999.0 -9999.0 -9999.0 -9999.0 -9999.0
-9999.0 -9999.0 -9999.0 -9999.0 -9999.0 -9999.0 -9999.0 -9999.0 -9999.0 -9999.0 -9999.0 -9999.0 -9999.0 -9999.0 3035.556024 3026.557794 3023.389921 3030.389328 3062.540138 3092.443331 3104.011267 3096.279092 3095.781986 3070.753565 3047.628963 3059.816333 3088.642481 3118.535321 3151.315115 3168.235842 3156.722908 3153.716496 3160.394451 3179.811460 3187.711852 3183.873839 3165.948328 3189.911721 3202.978040 3207.330064 3205.175613 3195.242551 3204.060504 3218.020018 3210.965611 3195.753775 3206.533346 3221.541915 3232.661547 3224.594842 3166.840558 3154.971702 3152.397255 3148.867579 3136.428574 3133.004387 3161.698731 3161.905071 3155.185820 3138.477168 3105.702033 3060.878301 3042.524657 3083.540454 3127.708459 3184.495701 -9999.0 -9999.0 -9999.0 -9999.0 -9999.0 -9999.0 -9999.0 -9999.0 -9999.0 -9999.0 -9999.0 -9999.0 -9999.0 -9999.0
-9999.0 -9999.0 -9999.0 -9999.0 -9999.0 -9999.0 -9999.0 -9999.0 -9999.0 2978.802096 2984.240512 2990.875686 2992.934032 3007.694943 3004.222417 3010.708285 3014.387441 3040.983386 3069.910548 3102.847045 3129.315354 3119.499046 3117.710304 3121.341593 3115.643012 3122.979485 3142.654247 3178.770596 3209.703717 3244.527070 3210.796995 3205.611454 3222.744481 3263.828402 3286.946437 3288.829774 3270.072912 3286.130491 3309.381514 3325.026652 3321.379677 3315.351975 3341.010381 3356.022162 3350.278899 3329.014745 3327.441607 3334.844755 3364.116577 3313.991989 3248.866071 3210.712247 3226.678920 3205.893598 3180.141135 3169.365561 3170.581012 3191.799996 3180.614218 3147.274949 3114.572426 3103.619674 3087.521405 3109.033675 3132.935503 3179.968332 3220.240328 3250.412975 3250.298788 3233.337174 -9999.0 -9999.0 -9999.0 -9999.0 -9999.0 -9999.0 -9999.0 -9999.0 -9999.0 -9999.0
-9999.0 -9999.0 -9999.0 -9999.0 -9999.0 -9999.0 2900.516311 2910.701044 2931.054405 2933.473873 2959.395955 2964.252566 2982.259472 2998.897040 3019.917912 3032.145338 3056.531465 3085.651741 3120.950356 3157.879221 3184.732155 3172.667022 3177.566127 3196.701619 3223.187944 3241.823099 3263.773173 3300.780071 3372.291189 3408.178033 3401.043177 3401.720841 3409.795465 3459.760933 3523.441201 3534.429009 3513.827989 3500.684598 3523.972919 3561.101182 3559.386172 3558.193492 3571.029380 3581.716303 3608.468098 3597.798148 3561.985408 3556.389558 3562.802280 3540.666744 3472.614093 3415.718981 3396.880678 3350.842080 3268.588947 3226.016143 3249.502683 3277.548036 3256.319822 3207.554873 3175.607597 3170.810777 3160.473224 3154.153868 3167.141530 3190.702931 3215.280072 3229.617877 3218.258205 3197.895131 3176.525918 3148.678748 3151.551690 3176.719501 -9999.0 -9999.0 -9999.0 -9999.0 -9999.0 -9999.0
-9999.0 -9999.0 -9999.0 -9999.0 2851.405538 2863.884466 2848.758318 2874.245485 2905.535822 2938.367201 2965.282345 2995.932988 3018.287371 3044.122029 3076.554130 3098.105407 3129.478534 3158.203134 3204.661413 3265.101189 3308.747955 3321.849739 3329.901203 3380.461570 3436.298472 3483.097498 3501.521616 3527.062898 3572.221539 3628.402780 3650.618938 3653.457040 3670.331273 3713.082975 3768.771753 3803.708292 3786.153396 3777.224040 3787.068435 3801.154619 3823.289681 3823.365056 3824.476644 3828.499733 3835.999696 3834.341981 3807.998716 3774.697101 3761.800667 3751.820126 3714.376952 3642.743477 3612.419972 3583.861375 3542.203289 3488.601889 3440.950544 3441.778529 3387.778110 3333.495056 3283.845681 3276.013463 3256.091153 3240.552813 3223.432130 3235.919463 3248.115800 3233.469577 3204.062904 3175.105793 3162.475237 3145.259622 3134.344501 3165.719749 3183.816948 3213.513559 -9999.0 -9999.0 -9999.0 -9999.0
-9999.0 -9999.0 2793.192206 2838.251484 2894.557794 2899.975463 2892.759284 2894.704121 2920.003578 2968.117619 3029.496522 3065.826947 3094.030754 3123.153290 3172.968297 3234.559249 3293.821747 3335.592959 3392.724761 3461.282965 3519.909711 3546.564951 3555.386154 3590.636851 3644.880428 3713.303453 3741.077277 3767.338489 3798.830867 3834.931571 3827.813797 3838.649870 3850.850951 3863.086294 3877.565972 3884.434425 3879.651987 3875.068543 3856.557138 3851.464853 3857.966477 3865.818442 3864.945776 3850.339382 3846.372475 3861.298525 3867.415115 3865.411389 3862.720926 3867.726356 3863.640189 3815.823295 3797.271662 3782.201654 3770.766944 3724.868198 3658.534935 3626.054365 3604.927815 3564.348947 3491.361065 3453.817653 3414.643252 3380.095252 3342.792292 3329.578456 3297.349631 3265.524145 3227.154918 3186.751651 3167.913597 3153.879202 3153.793838 3154.769305 3172.703848 3188.595468 3204.642293 3212.757521 -9999.0 -9999.0
-9999.0 2686.400160 2757.526100 2875.602519 2952.224047 2987.837607 2996.321468 2999.141274 3022.940413 3053.145439 3139.052468 3189.624223 3271.569554 3307.779279 3347.892003 3437.267774 3530.547204 3573.318595 3611.644773 3674.413945 3739.426479 3786.175385 3812.328694 3792.971742 3831.945065 3860.481441 3868.211054 3874.941408 3874.674564 3866.189873 3859.585409 3866.295187 3863.378849 3844.289732 3828.301609 3826.583033 3823.200844 3799.964648 3772.501910 3757.130052 3758.616146 3783.478010 3770.425358 3749.090399 3744.690550 3766.289176 3787.500977 3776.865414 3763.749484 3780.296821 3814.771807 3839.384209 3841.010367 3859.408070 3880.491615 3851.661840 3829.961463 3786.402777 3769.592928 3744.264345 3687.729776 3633.008692 3585.154717 3536.816456 3484.622099 3435.697480 3388.339571 3341.405310 3288.431538 3255.947897 3231.855639 3189.240437 3176.491234 3183.217041 3178.402640 3177.112963 3183.953715 3190.607229 -9999.0 -9999.0
-9999.0 2590.829206 2729.795653 2903.358871 3044.407988 3084.076329 3146.039273 3200.984679 3213.967305 3159.320153 3259.083129 3474.244233 3593.484404 3610.183054 3684.693540 3778.524015 3763.110399 3794.088205 3816.921357 3841.453817 3861.200296 3875.062597 3873.223378 3867.927383 3851.517896 3843.531334 3842.672615 3840.591508 3823.284031 3804.410093 3787.668837 3784.605508 3766.836216 3717.940796 3684.947364 3667.725461 3649.226412 3635.678677 3608.325190 3582.500878 3566.286663 3577.088086 3574.989765 3561.309780 3556.885767 3575.141765 3605.967995 3603.704654 3614.990467 3634.481564 3669.855538 3707.692968 3726.859408 3755.791685 3791.253969 3838.763538 3847.873753 3870.210796 3873.258283 3862.302957 3816.132308 3764.905967 3735.665518 3680.619995 3621.172760 3559.589396 3511.030471 3466.568886 3411.733341 3377.784607 3338.716766 3285.504997 3242.568617 3234.647579 3201.415138 3188.301425 -9999.0 -9999.0 -9999.0 -9999.0
-9999.0 2489.646191 2669.145085 2903.998166 3194.056194 3265.853113 3465.007145 3577.986113 3616.498008 3682.789814 3569.662083 3770.638790 3821.701726 3816.254544 3830.374843 3833.301582 3847.384856 3846.842750 3841.773795 3830.831196 3821.343872 3816.849797 3815.758851 3807.864980 3795.284804 3780.718280 3768.878383 3757.563414 3721.177802 3689.467062 3650.787536 3638.469387 3594.695581 3503.498066 3464.961348 3427.031213 3367.033579 3369.345338 3376.245147 3352.407149 3333.072565 3305.620995 3334.656296 3344.910142 3348.891745 3344.782829 3354.674687 3382.563611 3429.631282 3463.560736 3502.192274 3549.723127 3579.828050 3618.717596 3658.456517 3710.478736 3741.341917 3770.055490 3818.507428 3855.404610 3878.032644 3864.258338 3845.301732 3801.127210 3741.164574 3692.025168 3663.358080 3613.307218 3570.031688 3526.620287 3480.398844 3427.889785 3366.747685 3313.295296 3279.499101 -9999.0 -9999.0 -9999.0 -9999.0 -9999.0
-9999.0 2269.035801 2532.423359 2793.775596 3067.611800 3405.975421 3572.397969 3667.055796 3729.478039 3710.306809 3731.674832 3738.497851 3775.336825 3782.284145 3760.833541 3747.253223 3730.007672 3728.919047 3741.949170 3714.799842 3684.800271 3671.596016 3672.469850 3661.774880 3638.110759 3623.245712 3613.967602 3595.719879 3552.870233 3503.261869 3420.174360 3386.717862 3309.179951 3270.269130 3234.167418 3187.924078 3143.825306 3149.523539 3174.072783 3165.018338 3144.575888 3127.773222 3156.971819 3177.510413 3190.555693 3174.567514 3181.122142 3215.118071 3261.080509 3300.924595 3344.254459 3391.665972 3432.911426 3471.879875 3492.928627 3532.353207 3574.089878 3615.317970 3684.935472 3762.546606 3797.976344 3832.274698 3861.490177 3883.233975 3840.582825 3814.014447 3790.548804 3767.408008 3721.577122 3676.424734 3635.904968 3571.880311 3512.385303 -9999.0 -9999.0 -9999.0 -9999.0 -9999.0 -9999.0 -9999.0
-9999.0 2155.690697 2349.488238 2541.679571 2784.158936 3011.138067 3228.663239 3318.686215 3388.300327 3456.327955 3508.318658 3545.264493 3571.001364 3592.321312 3569.678790 3524.232168 3492.339816 3497.237863 3488.723052 3467.714996 3440.211306 3427.432271 3425.002228 3420.345677 3399.283425 3389.138845 3382.531898 3364.792942 3339.613672 3287.682842 3216.961372 3145.121853 3092.155910 3072.977429 3050.969856 3024.714458 2998.338754 3012.012883 3025.070556 3025.251721 3018.876444 3019.150528 3048.196122 3067.988559 3077.414658 3066.407001 3084.382659 3107.286068 3143.866338 3182.605693 3226.653953 3276.070388 3323.812524 3343.641492 3345.730169 3357.303955 3384.720667 3427.644108 3503.491895 3588.921302 3665.531147 3710.536284 3760.941847 3800.542419 3828.252421 3853.861285 3875.674751 3868.291491 3842.720553 3809.611184 3751.425045 -9999.0 -9999.0 -9999.0 -9999.0 -9999.0 -9999.0 -9999.0 -9999.0 -9999.0
-9999.0 -9999.0 2122.739639 2275.117819 2372.062885 2533.256573 2675.032213 2782.644524 2862.265707 2999.727863 3119.709820 3211.559688 3257.159844 3272.602683 3258.668794 3230.087144 3212.762424 3212.441597 3200.971172 3194.663312 3180.386007 3175.323401 3163.872902 3156.905250 3153.091474 3152.835316 3151.124363 3143.645259 3127.662265 3087.217647 3050.970016 3007.531042 2962.653232 2942.033695 2924.856519 2908.698559 2913.387519 2909.245053 2915.323090 2918.613969 2928.462457 2942.785952 2962.235523 2984.623793 2994.197179 3004.138514 3014.784537 3036.069994 3065.614406 3105.152571 3155.825229 3209.923743 3245.154536 3251.529557 3233.287497 3228.076650 3236.021690 3264.593206 3327.571688 3396.224168 3484.976089 3549.825329 3616.370286 3671.873329 3698.266736 3734.639038 3804.247296 3852.228509 3893.924555 3871.565419 -9999.0 -9999.0 -9999.0 -9999.0 -9999.0 -9999.0 -9999.0 -9999.0 -9999.0 -9999.0
-9999.0 -9999.0 -9999.0 -9999.0 2132.678303 2278.652412 2374.480386 2452.945418 2586.080374 2716.642707 2800.202770 2885.861329 2953.582507 2978.548777 2979.235902 2995.459409 2994.446508 2985.519380 2974.893220 2979.823318 2984.868186 2979.111397 2963.730948 2958.256783 2963.043748 2972.035611 2971.660399 2960.463895 2944.382950 2931.859497 2920.656707 2891.890787 2861.458706 2835.879467 2825.679458 2824.085425 2825.476484 2818.655689 2827.804320 2837.268745 2853.560453 2868.887401 2892.438124 2922.083427 2936.653280 2951.105060 2959.371038 2977.457452 3005.460732 3056.481297 3117.599902 3173.459112 3206.802213 3206.781217 3177.594272 3155.539211 3142.798153 3159.876848 3189.167385 3239.726993 3328.410913 3390.124764 3435.395532 3474.126786 3510.318278 3574.896199 3668.581427 3749.382971 -9999.0 -9999.0 -9999.0 -9999.0 -9999.0 -9999.0 -9999.0 -9999.0 -9999.0 -9999.0 -9999.0 -9999.0
-9999.0 -9999.0 -9999.0 -9999.0 -9999.0 -9999.0 2105.741713 2210.772033 2277.711421 2430.115364 2575.258831 2683.678011 2767.999766 2804.560432 2812.828079 2843.071027 2843.637084 2823.593148 2802.081078 2824.203876 2843.778387 2837.885844 2806.075768 2808.370436 2816.513811 2825.789832 2824.958950 2821.028907 2798.762688 2817.820545 2824.682209 2804.637715 2781.816742 2784.499865 2773.755613 2784.183866 2784.663055 2770.478878 2769.532342 2789.396877 2810.816376 2823.846548 2844.897308 2878.052674 2910.388881 2925.790332 2926.286026 2930.476201 2966.622701 3034.122249 3104.483423 3158.888988 3189.367587 3193.720387 3162.458007 3117.313587 3090.780380 3089.240074 3113.043377 3151.888123 3212.922933 3248.762171 3259.627274 3260.518381 3272.505215 3371.401276 -9999.0 -9999.0 -9999.0 -9999.0 -9999.0 -9999.0 -9999.0 -9999.0 -9999.0 -9999.0 -9999.0 -9999.0 -9999.0 -9999.0
-9999.0 -9999.0 -9999.0 -9999.0 -9999.0 -9999.0 -9999.0 -9999.0 -9999.0 -9999.0 -9999.0 -9999.0 -9999.0 -9999.0 -9999.0 -9999.0 -9999.0 -9999.0 -9999.0 -9999.0 -9999.0 -9999.0 -9999.0 -9999.0 -9999.0 -9999.0 -9999.0 -9999.0 -9999.0 -9999.0 -9999.0 -9999.0 -9999.0 -9999.0 -9999.0 -9999.0 -9999.0 -9999.0 -9999.0 -9999.0 -9999.0 -9999.0 -9999.0 -9999.0 -9999.0 -9999.0 -9999.0 -9999.0 -9999.0 -9999.0 -9999.0 -9999.0 -9999.0 -9999.0 -9999.0 -9999.0 -9999.0 -9999.0 -9999.0 -9999.0 -9999.0 -9999.0 -9999.0 -9999.0 -9999.0 -9999.0 -9999.0 -9999.0 -9999.0 -9999.0 -9999.0 -9999.0 -9999.0 -9999.0 -9999.0 -9999.0 -9999.0 -9999.0 -9999.0 -9999.0
-9999.0 -9999.0 -9999.0 -9999.0 -9999.0 -9999.0 -9999.0 -9999.0 -9999.0 -9999.0 -9999.0 -9999.0 -9999.0 -9999.0 -9999.0 -9999.0 -9999.0 -9999.0 -9999.0 -9999.0 -9999.0 -9999.0 -9999.0 -9999.0 -9999.0 -9999.0 -9999.0 -9999.0 -9999.0 -9999.0 -9999.0 -9999.0 -9999.0 -9999.0 -9999.0 -9999.0 -9999.0 -9999.0 -9999.0 -9999.0 -9999.0 -9999.0 -9999.0 -9999.0 -9999.0 -9999.0 -9999.0 -9999.0 -9999.0 -9999.0 -9999.0 -9999.0 -9999.0 -9999.0 -9999.0 -9999.0 -9999.0 -9999.0 -9999.0 -9999.0 -9999.0 -9999.0 -9999.0 -9999.0 -9999.0 -9999.0 -9999.0 -9999.0 -9999.0 -9999.0 -9999.0 -9999.0 -9999.0 -9999.0 -9999.0 -9999.0 -9999.0 -9999.0 -9999.0 -9999.0