Borden_/Borden1m_014/output_maps/psiliqL0003N0015.asc
ncols         80
nrows         18
xllcorner     620200.000000
yllcorner     5168000.000000
cellsize      1.000000
NODATA_value  -9999.0
-9999.0 -9999.0 -9999.0 -9999.0 -9999.0 -9999.0 -9999.0 -9999.0 -9999.0 -9999.0 -9999.0 -9999.0 -9999.0 -9999.0 -9999.0 -9999.0 -9999.0 -9999.0 -9999.0 -9999.0 -9999.0 -9999.0 -9999.0 -9999.0 -9999.0 -9999.0 -9999.0 -9999.0 -9999.0 -9999.0 -9999.0 -9999.0 -9999.0 -9999.0 -9999.0 -9999.0 -9999.0 -9999.0 -9999.0 -9999.0 -9999.0 -9999.0 -9999.0 -9999.0 -9999.0 -9999.0 -9999.0 -9999.0 -9999.0 -9999.0 -9999.0 -9999.0 -9999.0 -9999.0 -9999.0 -9999.0 -9999.0 -9999.0 -9999.0 -9999.0 -9999.0 -9999.0 -9999.0 -9999.0 -9999.0 -9999.0 -9999.0 -9999.0 -9999.0 -9999.0 -9999.0 -9999.0 -9999.0 -9999.0 -9999.0 -9999.0 -9999.0 -9999.0 -9999.0 -9999.0
-9999.0 -9999.0 -9999.0 -9999.0 -9999.0 -9999.0 -9999.0 -9999.0 -9999.0 -9999.0 -9999.0 -9999.0 -9999.0 -9999.0 -9999.0 -9999.0 -9999.0 -9999.0 -9999.0 -9999.0 -9999.0 -9999.0 -9999.0 -9999.0 -9999.0 -9999.0 -9999.0 -9999.0 -9999.0 -9999.0 -9999.0 -9999.0 -9999.0 -9999.0 -9999.0 -9999.0 -9999.0 -9999.0 -9999.0 -9999.0 -9999.0 -9999.0 -9999.0 -9999.0 -9999.0 -9999.0 -9999.0 -9999.0 -9999.0 -9999.0 -9999.0 -9999.0 -9999.0 -9999.0 -9999.0 -9999.0 -9999.0 -9999.0 -9999.0 -9999.0 -9999.0 -9999.0 -9999.0 -9999.0 -9999.0 -9999.0 -9999.0 -9999.0 -9999.0 -9999.0 -9999.0 -9999.0 -9999.0 -9999.0 -9999.0 -9999.0 -9999.0 -9999.0 -9999.0 -9999.0
-9999.0 -9999.0 -9999.0 -9999.0 -9999.0 -9999.0 -9999.0 -9999.0 -9999.0 -9999.0 -9999.0 -9999.0 -9999.0 -9999.0 -9999.0 -9999.0 -9999.0 -9999.0 -9999.0 -9999.0 -535.405672 -533.645125 -537.247980 -541.364104 -544.936457 -545.436584 -541.492072 -537.085363 -532.069160 -531.206522 -535.407548 -534.264777 -535.954770 -537.031063 -537.209869 -536.019207 -535.387882 -533.834762 -532.891295 -533.451880 -534.714675 -535.559250 -536.378946 -536.188126 -534.703756 -536.746302 -533.876508 -531.175194 -530.308754 -530.170537 -533.637395 -534.993425 -535.487025 -538.845247 -532.826630 -531.241886 -527.076379 -526.749658 -525.874523 -530.526161 -535.182404 -9999.0 -9999.0 -9999.0 -9999.0 -9999.0 -9999.0 -9999.0 -9999.0 -9999.0 -9999.0 -9999.0 -9999.0 -9999.0 -9999.0 -9999.0 -9999.0 -9999.0 -9999.0 -9999.0
-9999.0 -9999.0 -9999.0 -9999.0 -9999.0 -9999.0 -9999.0 -9999.0 -9999.0 -9999.0 -9999.0 -9999.0 -9999.0 -9999.0 -541.652809 -543.733981 -544.727382 -545.468536 -541.910278 -539.227477 -539.312923 -541.459359 -539.603268 -543.709357 -547.431744 -545.224925 -542.219542 -539.949874 -536.053334 -533.084332 -535.956073 -536.674695 -535.224004 -529.918613 -527.711197 -528.905958 -535.413373 -529.274687 -526.422563 -524.630250 -524.884998 -527.830449 -523.957387 -519.425745 -521.848333 -526.674103 -525.494114 -522.788918 -518.404565 -520.301438 -535.615490 -536.814732 -535.859785 -535.346909 -537.499809 -539.089022 -533.042604 -534.020201 -534.908916 -535.715404 -538.998903 -544.643753 -547.256466 -541.202708 -536.181666 -525.879990 -9999.0 -9999.0 -9999.0 -9999.0 -9999.0 -9999.0 -9999.0 -9999.0 -9999.0 -9999.0 -9999.0 -9999.0 -9999.0 -9999.0
-9999.0 -9999.0 -9999.0 -9999.0 -9999.0 -9999.0 -9999.0 -9999.0 -9999.0 -544.795351 -545.410900 -544.856897 -546.327378 -544.532365 -547.784817 -547.088743 -547.787296 -545.312666 -543.494846 -540.237883 -535.757454 -539.221616 -539.713768 -537.410930 -537.399202 -536.697609 -534.931980 -527.963564 -520.508468 -508.501797 -519.502327 -520.127728 -515.305817 -493.838494 -474.915068 -470.394584 -478.925214 -479.027230 -467.979062 -455.478559 -456.729609 -458.081841 -445.254518 -438.307306 -433.285573 -444.153816 -454.361089 -456.237481 -440.117119 -467.151534 -493.781388 -517.809595 -514.410427 -521.953896 -530.398631 -533.402746 -534.743571 -527.988758 -530.337833 -536.194837 -541.039650 -539.194863 -542.097446 -539.215959 -537.470362 -529.664202 -522.891409 -516.336516 -516.036450 -520.250282 -9999.0 -9999.0 -9999.0 -9999.0 -9999.0 -9999.0 -9999.0 -9999.0 -9999.0 -9999.0
-9999.0 -9999.0 -9999.0 -9999.0 -9999.0 -9999.0 -548.172177 -548.477726 -547.336209 -551.427277 -548.747890 -550.793736 -548.906667 -548.197136 -547.018091 -547.188699 -544.192199 -541.658856 -537.351744 -531.718307 -526.439346 -529.709270 -528.451375 -521.211868 -508.363573 -492.199148 -483.352574 -469.126079 -427.362763 -392.482947 -373.441171 -363.699752 -319.773367 -30.188298 27.852217 29.617424 27.992771 26.656045 27.936833 30.490217 30.518415 30.262535 30.715268 31.090728 33.507273 33.130743 30.164975 29.576940 29.575707 28.691376 -12.815610 -313.207753 -404.996480 -438.089873 -476.272930 -499.531402 -506.365065 -500.831919 -509.668393 -522.647372 -530.397550 -530.066661 -531.461423 -534.495310 -532.917044 -529.845676 -525.099351 -522.066815 -524.298750 -527.270633 -529.336264 -534.506375 -533.617861 -528.593066 -9999.0 -9999.0 -9999.0 -9999.0 -9999.0 -9999.0
-9999.0 -9999.0 -9999.0 -9999.0 -554.139729 -552.332396 -557.899250 -554.834785 -552.579994 -550.954713 -551.243992 -548.393820 -547.815474 -545.879783 -541.681445 -538.799137 -533.144820 -529.135528 -517.649112 -493.359296 -468.985712 -455.969659 -450.567644 -408.371723 -59.763473 24.810087 26.856517 28.172773 30.242136 34.797132 36.752705 37.253659 39.699571 45.436125 49.098827 52.066359 50.173251 49.889583 50.029417 50.215628 58.370448 58.449128 59.269444 59.237261 61.003977 63.182421 51.200619 48.822911 48.381859 48.127721 46.459307 37.652870 33.244798 31.372709 30.193695 26.321538 -54.464539 -358.242931 -423.055008 -453.599836 -485.841701 -499.553590 -509.114823 -514.539959 -522.483421 -520.667989 -518.116417 -522.152882 -527.421791 -532.477682 -532.857158 -535.073332 -537.845081 -531.159666 -529.063486 -522.197632 -9999.0 -9999.0 -9999.0 -9999.0
-9999.0 -9999.0 -554.239843 -554.355221 -549.565765 -552.761100 -554.742066 -557.460362 -556.532840 -552.065773 -543.974370 -541.099355 -536.144024 -533.629628 -522.017104 -492.480401 -459.935910 -437.125198 -385.786467 -45.188077 26.481101 29.290858 29.840315 33.009637 41.559533 46.807533 48.074196 49.203863 50.623314 62.724415 87.036366 101.108119 111.061862 99.172390 102.992889 96.501452 98.654077 92.541606 77.975169 74.981664 82.535864 83.198999 87.906300 75.171810 72.160857 83.434144 86.865500 86.587136 90.911191 96.560696 109.590287 79.860529 49.779213 49.265931 49.733005 47.049742 41.949465 34.891087 33.087800 30.219713 -6.996671 -277.140845 -409.507425 -446.275289 -477.816524 -490.089963 -504.981376 -514.291630 -523.020652 -531.466883 -533.871223 -535.237659 -533.809895 -534.883588 -531.376223 -528.891243 -525.029844 -523.662575 -9999.0 -9999.0
-9999.0 -555.586315 -557.550333 -549.163668 -548.217642 -546.907980 -545.411333 -544.083942 -542.048852 -545.233400 -524.574932 -487.022072 -451.487118 -440.494928 -397.433541 -51.852052 28.049093 31.734818 34.951605 42.931517 47.539995 50.259965 54.231669 84.830226 110.925117 100.429740 102.675783 96.958644 91.138102 82.571567 72.159355 80.878992 78.577500 65.683954 54.098533 53.272149 51.187835 49.323171 47.711779 47.080836 47.535381 49.542961 48.569903 47.068364 46.763244 48.230990 49.493821 48.682157 47.646359 49.012944 51.718171 60.037097 76.071620 89.133081 110.478193 86.945618 56.365271 49.388198 48.715731 47.515647 43.967686 37.137986 31.913451 26.872860 -49.362246 -413.767281 -455.912299 -484.035535 -505.030348 -513.224984 -518.290760 -529.856881 -532.604899 -529.692788 -531.239383 -531.404014 -529.886021 -528.737224 -9999.0 -9999.0
-9999.0 -564.298941 -556.419914 -547.869502 -537.661356 -537.516289 -503.898262 -473.786297 -466.367494 -481.729536 -419.987899 10.141503 33.127143 33.002600 38.721219 49.081662 73.344935 92.151977 109.654089 96.520027 93.345639 92.703554 89.327776 80.400818 66.547371 59.891090 60.080748 58.680745 50.919320 49.697441 48.359072 48.673809 48.024575 45.965807 43.218180 38.744434 36.132135 34.752102 32.426681 30.738275 29.704033 31.694724 30.833528 29.462638 29.054697 30.689338 33.383388 32.538211 33.505892 36.885620 42.908569 45.656466 46.516738 48.054429 50.263204 60.754453 78.689454 96.266701 104.628892 79.400664 51.685133 48.266231 47.341280 44.380829 39.691371 29.137986 -21.898087 -333.745108 -424.089934 -453.085702 -480.408319 -500.557948 -516.743212 -519.709939 -528.102780 -528.950933 -9999.0 -9999.0 -9999.0 -9999.0
-9999.0 -565.025180 -557.435777 -541.225702 -503.978082 -453.748850 -37.444207 30.558115 34.303802 38.728504 41.859702 92.791697 102.134700 84.100395 58.729630 54.763832 63.802579 66.242863 61.579701 53.754888 50.898309 50.426255 50.260378 49.668602 48.987231 48.193408 47.682581 47.590610 45.545603 43.208457 36.952102 35.256853 33.031821 25.370040 -24.104924 -286.576342 -403.819228 -409.432642 -419.501344 -439.495761 -448.602165 -455.307442 -446.250491 -448.677534 -449.629136 -444.588287 -431.847888 -422.813238 -386.823809 -281.397042 -11.335411 28.437949 31.182423 35.638566 42.239218 46.257564 47.422559 48.737403 51.799714 80.197088 101.037877 92.735101 65.903820 51.330309 47.374057 44.056400 41.923742 34.008749 28.711668 3.705124 -205.829596 -410.772892 -458.811910 -495.957069 -506.610733 -9999.0 -9999.0 -9999.0 -9999.0 -9999.0
-9999.0 -577.540419 -557.558440 -544.434453 -480.052685 -46.770005 30.095110 47.364719 89.286547 46.401731 44.427558 45.858678 48.709982 48.679070 46.979626 47.181078 46.823766 46.800016 48.407054 46.417741 43.586184 39.083042 38.542869 37.209962 34.882386 33.618325 33.019513 32.114342 28.202137 -14.443064 -350.932923 -391.495418 -443.577369 -475.923233 -495.146670 -511.849732 -525.238981 -524.597283 -519.392309 -523.483400 -527.984687 -532.963240 -526.960921 -524.279334 -521.661767 -525.042760 -524.372626 -516.660834 -504.309389 -492.357485 -469.568047 -440.871251 -411.245336 -319.293428 -26.174848 27.336883 31.054761 34.841349 43.555955 48.956898 50.372174 56.327728 90.599221 109.979178 72.033066 50.320115 48.324370 46.456826 42.787955 40.584094 36.734132 31.324837 26.010033 -9999.0 -9999.0 -9999.0 -9999.0 -9999.0 -9999.0 -9999.0
-9999.0 -584.026267 -562.439041 -560.104970 -536.442604 -487.770098 -413.456407 -48.431100 25.641618 26.042838 27.361104 28.919066 30.656690 32.401894 30.705014 28.259316 26.385258 27.048735 27.138323 24.444047 -29.333631 -297.161664 -311.331960 -335.211855 -384.918636 -402.676576 -411.567406 -427.728196 -448.912074 -474.380591 -508.169968 -523.370791 -534.230507 -537.737521 -540.460364 -543.403272 -549.535738 -545.897938 -543.234317 -543.845797 -545.771478 -547.282860 -542.585234 -541.039345 -539.598040 -543.932081 -540.986697 -538.578454 -532.999548 -527.437637 -519.508907 -507.775840 -492.647367 -482.922496 -473.440620 -455.579144 -431.233952 -363.659060 -19.882008 32.441818 42.564809 45.680977 48.662126 50.770875 51.505973 62.648763 70.008823 50.495041 43.386048 44.922204 45.165077 -9999.0 -9999.0 -9999.0 -9999.0 -9999.0 -9999.0 -9999.0 -9999.0 -9999.0
-9999.0 -9999.0 -588.967285 -580.248301 -572.991930 -565.387788 -554.608589 -541.759035 -529.882407 -514.635160 -493.824095 -471.081671 -456.653788 -449.949318 -459.119053 -477.823191 -488.670463 -487.739574 -490.723585 -497.205301 -509.295175 -512.602306 -514.519531 -515.882985 -519.485884 -520.982806 -521.569689 -522.919855 -526.100988 -533.760277 -540.300041 -544.838753 -550.114183 -549.668380 -550.428065 -552.278155 -550.479445 -550.928280 -550.422776 -550.702709 -550.201992 -549.287193 -548.282653 -546.826948 -546.812293 -546.377008 -545.923999 -544.422750 -542.147251 -539.164793 -533.256120 -524.604201 -518.117441 -516.676151 -520.372035 -519.368963 -514.786094 -504.076207 -465.509849 -405.515846 -39.222746 28.321132 35.557919 43.546939 44.903892 45.796290 47.922147 46.316344 30.172976 40.395783 -9999.0 -9999.0 -9999.0 -9999.0 -9999.0 -9999.0 -9999.0 -9999.0 -9999.0 -9999.0
-9999.0 -9999.0 -9999.0 -9999.0 -593.218030 -580.553366 -569.016794 -570.333610 -561.987560 -556.989547 -552.478123 -547.132317 -542.730987 -539.892185 -543.395799 -543.905745 -544.503403 -543.952945 -544.711188 -545.563446 -545.876675 -546.396591 -546.976277 -547.791731 -547.361506 -546.472190 -546.208747 -547.618574 -547.525152 -550.097204 -550.196575 -551.657683 -553.093555 -554.891849 -554.415480 -554.548006 -553.677213 -554.601236 -553.230107 -554.062184 -553.036105 -552.618864 -551.430774 -549.439003 -550.273640 -549.130415 -549.137969 -547.700560 -547.287294 -543.489746 -537.321499 -530.248703 -525.503028 -525.795391 -532.083068 -534.630789 -536.279064 -532.440886 -526.086240 -512.142377 -474.802197 -436.095654 -364.655072 -26.875735 26.591446 31.228285 40.350560 43.477760 -9999.0 -9999.0 -9999.0 -9999.0 -9999.0 -9999.0 -9999.0 -9999.0 -9999.0 -9999.0 -9999.0 -9999.0
-9999.0 -9999.0 -9999.0 -9999.0 -9999.0 -9999.0 -587.415216 -580.966192 -583.078525 -578.069070 -573.619858 -570.259422 -565.241525 -565.832404 -564.250435 -560.265402 -560.756847 -562.616678 -564.996211 -561.484672 -559.891758 -559.533044 -563.351247 -562.229947 -561.793961 -560.344252 -560.494435 -559.811328 -563.011143 -559.020385 -557.062458 -557.696547 -558.297518 -557.483506 -558.278476 -555.832598 -555.540212 -557.486937 -558.102300 -555.323248 -554.567158 -555.021463 -554.566014 -552.768513 -550.103507 -549.740492 -551.005339 -552.807231 -550.227029 -544.204558 -537.582211 -531.848721 -528.138313 -526.821705 -532.004876 -539.183020 -542.831155 -543.469043 -540.708149 -535.438703 -522.394788 -513.551802 -506.836539 -496.960527 -484.098252 -432.408346 -9999.0 -9999.0 -9999.0 -9999.0 -9999.0 -9999.0 -9999.0 -9999.0 -9999.0 -9999.0 -9999.0 -9999.0 -9999.0 -9999.0
-9999.0 -9999.0 -9999.0 -9999.0 -9999.0 -9999.0 -9999.0 -9999.0 -9999.0 -9999.0 -9999.0 -9999.0 -9999.0 -9999.0 -9999.0 -9999.0 -9999.0 -9999.0 -9999.0 -9999.0 -9999.0 -9999.0 -9999.0 -9999.0 -9999.0 -9999.0 -9999.0 -9999.0 -9999.0 -9999.0 -9999.0 -9999.0 -9999.0 -9999.0 -9999.0 -9999.0 -9999.0 -9999.0 -9999.0 -9999.0 -9999.0 -9999.0 -9999.0 -9999.0 -9999.0 -9999.0 -9999.0 -9999.0 -9999.0 -9999.0 -9999.0 -9999.0 -9999.0 -9999.0 -9999.0 -9999.0 -9999.0 -9999.0 -9999.0 -9999.0 -9999.0 -9999.0 -9999.0 -9999.0 -9999.0 -9999.0 -9999.0 -9999.0 -9999.0 -9999.0 -9999.0 -9999.0 -9999.0 -9999.0 -9999.0 -9999.0 -9999.0 -9999.0 -9999.0 -9999.0
-9999.0 -9999.0 -9999.0 -9999.0 -9999.0 -9999.0 -9999.0 -9999.0 -9999.0 -9999.0 -9999.0 -9999.0 -9999.0 -9999.0 -9999.0 -9999.0 -9999.0 -9999.0 -9999.0 -9999.0 -9999.0 -9999.0 -9999.0 -9999.0 -9999.0 -9999.0 -9999.0 -9999.0 -9999.0 -9999.0 -9999.0 -9999.0 -9999.0 -9999.0 -9999.0 -9999.0 -9999.0 -9999.0 -9999.0 -9999.0 -9999.0 -9999.0 -9999.0 -9999.0 -9999.0 -9999.0 -9999.0 -9999.0 -9999.0 -9999.0 -9999.0 -9999.0 -9999.0 -9999.0 -9999.0 -9999.0 -9999.0 -9999.0 -9999.0 -9999.0 -9999.0 -9999.0 -9999.0 -9999.0 -9999.0 -9999.0 -9999.0 -9999.0 -9999.0 -9999.0 -9999.0 -9999.0 -9999.0 -9999.0 -9999.0 -9999.0 -9999.0 -9999.0 -9999.0 -9999.0