Borden_/Borden1m_014/output_maps/psiliqL0025N0007.asc
ncols         80
nrows         18
xllcorner     620200.000000
yllcorner     5168000.000000
cellsize      1.000000
NODATA_value  -9999.0
-9999.0 -9999.0 -9999.0 -9999.0 -9999.0 -9999.0 -9999.0 -9999.0 -9999.0 -9999.0 -9999.0 -9999.0 -9999.0 -9999.0 -9999.0 -9999.0 -9999.0 -9999.0 -9999.0 -9999.0 -9999.0 -9999.0 -9999.0 -9999.0 -9999.0 -9999.0 -9999.0 -9999.0 -9999.0 -9999.0 -9999.0 -9999.0 -9999.0 -9999.0 -9999.0 -9999.0 -9999.0 -9999.0 -9999.0 -9999.0 -9999.0 -9999.0 -9999.0 -9999.0 -9999.0 -9999.0 -9999.0 -9999.0 -9999.0 -9999.0 -9999.0 -9999.0 -9999.0 -9999.0 -9999.0 -9999.0 -9999.0 -9999.0 -9999.0 -9999.0 -9999.0 -9999.0 -9999.0 -9999.0 -9999.0 -9999.0 -9999.0 -9999.0 -9999.0 -9999.0 -9999.0 -9999.0 -9999.0 -9999.0 -9999.0 -9999.0 -9999.0 -9999.0 -9999.0 -9999.0
-9999.0 -9999.0 -9999.0 -9999.0 -9999.0 -9999.0 -9999.0 -9999.0 -9999.0 -9999.0 -9999.0 -9999.0 -9999.0 -9999.0 -9999.0 -9999.0 -9999.0 -9999.0 -9999.0 -9999.0 -9999.0 -9999.0 -9999.0 -9999.0 -9999.0 -9999.0 -9999.0 -9999.0 -9999.0 -9999.0 -9999.0 -9999.0 -9999.0 -9999.0 -9999.0 -9999.0 -9999.0 -9999.0 -9999.0 -9999.0 -9999.0 -9999.0 -9999.0 -9999.0 -9999.0 -9999.0 -9999.0 -9999.0 -9999.0 -9999.0 -9999.0 -9999.0 -9999.0 -9999.0 -9999.0 -9999.0 -9999.0 -9999.0 -9999.0 -9999.0 -9999.0 -9999.0 -9999.0 -9999.0 -9999.0 -9999.0 -9999.0 -9999.0 -9999.0 -9999.0 -9999.0 -9999.0 -9999.0 -9999.0 -9999.0 -9999.0 -9999.0 -9999.0 -9999.0 -9999.0
-9999.0 -9999.0 -9999.0 -9999.0 -9999.0 -9999.0 -9999.0 -9999.0 -9999.0 -9999.0 -9999.0 -9999.0 -9999.0 -9999.0 -9999.0 -9999.0 -9999.0 -9999.0 -9999.0 -9999.0 3125.251405 3126.243717 3104.384616 3070.109156 3041.636090 3043.178093 3075.849194 3116.097300 3154.433989 3161.613635 3142.276829 3145.648959 3140.884138 3136.312784 3136.383071 3143.789121 3150.018040 3159.618495 3166.450303 3164.079219 3156.657417 3151.510403 3153.804283 3155.444445 3161.639608 3147.524012 3163.442622 3179.685031 3184.617199 3181.991412 3158.445357 3146.644581 3139.010852 3123.861517 3150.642248 3162.668304 3186.380741 3191.298416 3189.669416 3163.268843 3133.433522 -9999.0 -9999.0 -9999.0 -9999.0 -9999.0 -9999.0 -9999.0 -9999.0 -9999.0 -9999.0 -9999.0 -9999.0 -9999.0 -9999.0 -9999.0 -9999.0 -9999.0 -9999.0 -9999.0
-9999.0 -9999.0 -9999.0 -9999.0 -9999.0 -9999.0 -9999.0 -9999.0 -9999.0 -9999.0 -9999.0 -9999.0 -9999.0 -9999.0 3035.572299 3026.575110 3023.408874 3030.410197 3062.562886 3092.467532 3104.035523 3096.304919 3095.809707 3070.783695 3047.661937 3059.852451 3088.681811 3118.576698 3151.359723 3168.284001 3156.774348 3153.770719 3160.450815 3179.813209 3187.713495 3183.875679 3166.009882 3189.913604 3202.979780 3207.331836 3205.177417 3195.244385 3204.062357 3218.021898 3210.967505 3195.755658 3206.535199 3221.543569 3232.663130 3224.596483 3166.897001 3155.024294 3152.445748 3148.912284 3136.469711 3133.043371 3161.734823 3161.936530 3155.214062 3138.503217 3105.726163 3060.901331 3042.545325 3083.558581 3127.724420 3184.496017 -9999.0 -9999.0 -9999.0 -9999.0 -9999.0 -9999.0 -9999.0 -9999.0 -9999.0 -9999.0 -9999.0 -9999.0 -9999.0 -9999.0
-9999.0 -9999.0 -9999.0 -9999.0 -9999.0 -9999.0 -9999.0 -9999.0 -9999.0 2979.208520 2984.256913 2990.893001 2992.951885 3007.714595 3004.242755 3010.730361 3014.411868 3041.010451 3069.940162 3102.879192 3129.348817 3119.536692 3117.749671 3121.384239 3115.689696 3123.030575 3142.709702 3178.772394 3209.705435 3244.528934 3210.799003 3205.613586 3222.746721 3263.830574 3286.948665 3288.832018 3270.075333 3286.132767 3309.383821 3325.029003 3321.382069 3315.354400 3341.012781 3356.024597 3350.281359 3329.017196 3327.444069 3334.847146 3364.118883 3313.994175 3248.868251 3210.714251 3226.680750 3205.895324 3180.142865 3169.420244 3170.631634 3191.801299 3180.615352 3147.311543 3114.606747 3103.650368 3087.548190 3109.056764 3132.955510 3179.968724 3220.240623 3250.413212 3250.298974 3233.337328 -9999.0 -9999.0 -9999.0 -9999.0 -9999.0 -9999.0 -9999.0 -9999.0 -9999.0 -9999.0
-9999.0 -9999.0 -9999.0 -9999.0 -9999.0 -9999.0 2900.849221 2911.077567 2931.488292 2933.953460 2959.938977 2964.844824 2982.284611 2998.923647 3019.947144 3032.177767 3056.567702 3085.691961 3120.993072 3157.925930 3184.733828 3172.723916 3177.567964 3196.703398 3223.189915 3241.825275 3263.775553 3300.782484 3372.291251 3408.178093 3401.043240 3401.720910 3409.795537 3459.761008 3523.441277 3534.429085 3513.828065 3500.684673 3523.972996 3561.101260 3559.386250 3558.193571 3571.029388 3581.716310 3608.468107 3597.798156 3561.985488 3556.389635 3562.802358 3540.666818 3472.614164 3415.719044 3396.880741 3350.844502 3268.591248 3226.018388 3249.504727 3277.549759 3256.321366 3207.556527 3175.658449 3170.855478 3160.511625 3154.186549 3167.169558 3190.703514 3215.280481 3229.618194 3218.258444 3197.895354 3176.533301 3148.684497 3151.556047 3176.723000 -9999.0 -9999.0 -9999.0 -9999.0 -9999.0 -9999.0
-9999.0 -9999.0 -9999.0 -9999.0 2851.660732 2864.189418 2849.129117 2874.697190 2906.079439 2939.004203 2965.993534 2995.967161 3018.323174 3044.162678 3076.597842 3098.153898 3129.532819 3158.263150 3204.663362 3265.103198 3308.750047 3321.852174 3329.903693 3380.461635 3436.298538 3483.097569 3501.521695 3527.062981 3572.221541 3628.402782 3650.618939 3653.457041 3670.331274 3713.082977 3768.771754 3803.708293 3786.153396 3777.224040 3787.068435 3801.154620 3823.289681 3823.365057 3824.476644 3828.499733 3835.999696 3834.341982 3807.998716 3774.697102 3761.800668 3751.820129 3714.376954 3642.743479 3612.419974 3583.861384 3542.203366 3488.601962 3440.950610 3441.778588 3387.778169 3333.497335 3283.847819 3276.015302 3256.092702 3240.554109 3223.433236 3235.920298 3248.116450 3233.470068 3204.063292 3175.118368 3162.484928 3145.266784 3134.349706 3165.723573 3183.817005 3213.513591 -9999.0 -9999.0 -9999.0 -9999.0
-9999.0 -9999.0 2793.353112 2838.448711 2894.824844 2900.329659 2893.225817 2895.300182 2920.742160 2969.000429 3029.541706 3065.873642 3094.084935 3123.214671 3172.970396 3234.561332 3293.824069 3335.595484 3392.724827 3461.283032 3519.909783 3546.565028 3555.386238 3590.636853 3644.880429 3713.303455 3741.077279 3767.338491 3798.830867 3834.931571 3827.813796 3838.649870 3850.850951 3863.086294 3877.565972 3884.434424 3879.651988 3875.068543 3856.557138 3851.464852 3857.966478 3865.818441 3864.945776 3850.339382 3846.372475 3861.298525 3867.415115 3865.411389 3862.720926 3867.726355 3863.640189 3815.823295 3797.271662 3782.201654 3770.766946 3724.868200 3658.534936 3626.054367 3604.927817 3564.349025 3491.361135 3453.817711 3414.643303 3380.095299 3342.793927 3329.579777 3297.350650 3265.524930 3227.155484 3186.752105 3167.926888 3153.888968 3153.800876 3154.773978 3172.707143 3188.595513 3204.642314 3212.757536 -9999.0 -9999.0
-9999.0 2688.720966 2760.123327 2875.824188 2952.530166 2987.854956 2996.346066 2999.174662 3022.984059 3053.201143 3139.113923 3189.626360 3271.571833 3307.781905 3347.894763 3437.267848 3530.547277 3573.318604 3611.644775 3674.413946 3739.426481 3786.175385 3812.328695 3792.971743 3831.945065 3860.481441 3868.211054 3874.941408 3874.674564 3866.189872 3859.585410 3866.295188 3863.378848 3844.289732 3828.301609 3826.583033 3823.200843 3799.964648 3772.501913 3757.130054 3758.616148 3783.478010 3770.425361 3749.090401 3744.690552 3766.289179 3787.500977 3776.865414 3763.749486 3780.296820 3814.771807 3839.384209 3841.010367 3859.408071 3880.491614 3851.661840 3829.961463 3786.402777 3769.592930 3744.264347 3687.729777 3633.008694 3585.154718 3536.816519 3484.622155 3435.697525 3388.339607 3341.406489 3288.432389 3255.948493 3231.856095 3189.240768 3176.501084 3183.217195 3178.406546 3177.115652 3183.953744 3190.607245 -9999.0 -9999.0
-9999.0 2593.232587 2732.532018 2903.601317 3044.421938 3084.097541 3146.071192 3200.986019 3213.969219 3159.396368 3259.085860 3474.244302 3593.484411 3610.183062 3684.693550 3778.524015 3763.110400 3794.088205 3816.921357 3841.453817 3861.200296 3875.062597 3873.223378 3867.927382 3851.517896 3843.531334 3842.672615 3840.591508 3823.284032 3804.410093 3787.668837 3784.605508 3766.836217 3717.940798 3684.947366 3667.725463 3649.226414 3635.678680 3608.325191 3582.500886 3566.286745 3577.088094 3574.989772 3561.309861 3556.885848 3575.141773 3605.968002 3603.704656 3614.990469 3634.481566 3669.855541 3707.692970 3726.859409 3755.791686 3791.253969 3838.763538 3847.873753 3870.210796 3873.258284 3862.302957 3816.132308 3764.905969 3735.665520 3680.619997 3621.172762 3559.589458 3511.030519 3466.568923 3411.733364 3377.784624 3338.717376 3285.505427 3242.568920 3234.647746 3201.415246 3188.301490 -9999.0 -9999.0 -9999.0 -9999.0
-9999.0 2492.170799 2672.040044 2904.254079 3194.057177 3265.853759 3465.007248 3577.986117 3616.498014 3682.790022 3569.662092 3770.638790 3821.701726 3816.254544 3830.374843 3833.301581 3847.384856 3846.842749 3841.773795 3830.831197 3821.343872 3816.849796 3815.758850 3807.864980 3795.284804 3780.718280 3768.878385 3757.563417 3721.177804 3689.467064 3650.787537 3638.469389 3594.695590 3503.498146 3464.961421 3427.031282 3367.033825 3369.345570 3376.245208 3352.409698 3333.075079 3305.623359 3334.658641 3344.912434 3348.894070 3344.785130 3354.677050 3382.563670 3429.631338 3463.560796 3502.192340 3549.723193 3579.828052 3618.717597 3658.456519 3710.478738 3741.341918 3770.055493 3818.507428 3855.404610 3878.032644 3864.258338 3845.301732 3801.127209 3741.164577 3692.025169 3663.358081 3613.307219 3570.031714 3526.620304 3480.398860 3427.889795 3366.748070 3313.295513 3279.499239 -9999.0 -9999.0 -9999.0 -9999.0 -9999.0
-9999.0 2271.668499 2535.439321 2794.051890 3067.627098 3405.975542 3572.398003 3667.055840 3729.478043 3710.306811 3731.674833 3738.497853 3775.336825 3782.284145 3760.833543 3747.253225 3730.007673 3728.919049 3741.949172 3714.799843 3684.800273 3671.596018 3672.469853 3661.774882 3638.110760 3623.245714 3613.967604 3595.719886 3552.870312 3503.261940 3420.174426 3386.718101 3309.182578 3270.271592 3234.169665 3187.926312 3143.894698 3149.589172 3174.074751 3165.078926 3144.634564 3127.829915 3157.027827 3177.512069 3190.557229 3174.569074 3181.123753 3215.119697 3261.082251 3300.926385 3344.256427 3391.666024 3432.911475 3471.879932 3492.928692 3532.353281 3574.089880 3615.317972 3684.935474 3762.546607 3797.976344 3832.274698 3861.490178 3883.233975 3840.582825 3814.014448 3790.548804 3767.408008 3721.577121 3676.424735 3635.904968 3571.880312 3512.385313 -9999.0 -9999.0 -9999.0 -9999.0 -9999.0 -9999.0 -9999.0
-9999.0 2158.398871 2352.670107 2545.674786 2784.573880 3011.177115 3228.687244 3318.716860 3388.303117 3456.328178 3508.318869 3545.264557 3571.001375 3592.321320 3569.678797 3524.232241 3492.339890 3497.237936 3488.723124 3467.715068 3440.211377 3427.432339 3425.002497 3420.345935 3399.283670 3389.139078 3382.532123 3364.795445 3339.616069 3287.685041 3216.963525 3145.188351 3092.220987 3073.036751 3051.023702 3024.763908 2998.386447 3012.057509 3025.110936 3025.291960 3018.915376 3019.188330 3048.233265 3068.022591 3077.449140 3066.442576 3084.419888 3107.325372 3143.908395 3182.606983 3226.655267 3276.071715 3323.814022 3343.643211 3345.732148 3357.306209 3384.720727 3427.644172 3503.491971 3588.921303 3665.531149 3710.536287 3760.941849 3800.542419 3828.252421 3853.861286 3875.674751 3868.291491 3842.720554 3809.611183 3751.425046 -9999.0 -9999.0 -9999.0 -9999.0 -9999.0 -9999.0 -9999.0 -9999.0 -9999.0
-9999.0 -9999.0 2126.143980 2279.215145 2377.295691 2539.784387 2683.265134 2792.735391 2863.367898 2999.814114 3119.770932 3211.564754 3257.165161 3272.604783 3258.670924 3230.089383 3212.764679 3212.443849 3200.973410 3194.665521 3180.388173 3175.325712 3163.951590 3156.981740 3153.165098 3152.905517 3151.190906 3143.709402 3127.722119 3087.272453 3051.019891 3007.580664 2963.745558 2943.031825 2925.764442 2909.534546 2914.173135 2909.990390 2916.035718 2919.309201 2929.142936 2943.455006 2962.898471 2984.648002 2994.220248 3004.162415 3014.809669 3036.096754 3065.641919 3105.181433 3155.856852 3209.924718 3245.155498 3251.530670 3233.288884 3228.078251 3236.023494 3264.595345 3327.574046 3396.224233 3484.976160 3549.825402 3616.370287 3671.873330 3698.266738 3734.639039 3804.247296 3852.228509 3893.924555 3871.565419 -9999.0 -9999.0 -9999.0 -9999.0 -9999.0 -9999.0 -9999.0 -9999.0 -9999.0 -9999.0
-9999.0 -9999.0 -9999.0 -9999.0 2138.057692 2284.816120 2381.705321 2461.613514 2596.470024 2729.443134 2801.382386 2887.151682 2954.992625 2978.649952 2979.293083 2995.517656 2994.504895 2985.577490 2974.950941 2979.880576 2984.924812 2979.171077 2965.136194 2959.655663 2964.421241 2973.375829 2972.946108 2961.680675 2945.512228 2932.893018 2921.597801 2892.751486 2862.265060 2836.635504 2826.368127 2824.718453 2826.066593 2819.212339 2828.335505 2837.767116 2854.046362 2869.364570 2892.909374 2922.539416 2937.116588 2951.585607 2959.876326 2977.991801 3005.481281 3056.501330 3117.622107 3173.483010 3206.802892 3206.782037 3177.631904 3155.582283 3142.848204 3159.935216 3189.169364 3239.729134 3328.413242 3390.124828 3435.395598 3474.126860 3510.318355 3574.896200 3668.581428 3749.382971 -9999.0 -9999.0 -9999.0 -9999.0 -9999.0 -9999.0 -9999.0 -9999.0 -9999.0 -9999.0 -9999.0 -9999.0
-9999.0 -9999.0 -9999.0 -9999.0 -9999.0 -9999.0 2112.815778 2218.705095 2287.109014 2441.564120 2588.779477 2699.463548 2785.182752 2822.038400 2814.106794 2844.305748 2844.853153 2824.786500 2803.256597 2825.369211 2844.939819 2839.049743 2807.263693 2809.552876 2817.676452 2826.918609 2826.039243 2822.047428 2799.707667 2818.687228 2825.471972 2805.356423 2782.493929 2791.175387 2780.059129 2790.234928 2790.632406 2776.527975 2775.767372 2789.810744 2811.203479 2824.226610 2845.273787 2878.428586 2910.772452 2926.188863 2926.705811 2930.921992 2967.090242 3034.138910 3104.500872 3158.908343 3189.368102 3193.721014 3162.489128 3117.349403 3090.822327 3089.289669 3113.101518 3151.956159 3212.925024 3248.764401 3259.629842 3260.521254 3272.508303 3371.401342 -9999.0 -9999.0 -9999.0 -9999.0 -9999.0 -9999.0 -9999.0 -9999.0 -9999.0 -9999.0 -9999.0 -9999.0 -9999.0 -9999.0
-9999.0 -9999.0 -9999.0 -9999.0 -9999.0 -9999.0 -9999.0 -9999.0 -9999.0 -9999.0 -9999.0 -9999.0 -9999.0 -9999.0 -9999.0 -9999.0 -9999.0 -9999.0 -9999.0 -9999.0 -9999.0 -9999.0 -9999.0 -9999.0 -9999.0 -9999.0 -9999.0 -9999.0 -9999.0 -9999.0 -9999.0 -9999.0 -9999.0 -9999.0 -9999.0 -9999.0 -9999.0 -9999.0 -9999.0 -9999.0 -9999.0 -9999.0 -9999.0 -9999.0 -9999.0 -9999.0 -9999.0 -9999.0 -9999.0 -9999.0 -9999.0 -9999.0 -9999.0 -9999.0 -9999.0 -9999.0 -9999.0 -9999.0 -9999.0 -9999.0 -9999.0 -9999.0 -9999.0 -9999.0 -9999.0 -9999.0 -9999.0 -9999.0 -9999.0 -9999.0 -9999.0 -9999.0 -9999.0 -9999.0 -9999.0 -9999.0 -9999.0 -9999.0 -9999.0 -9999.0
-9999.0 -9999.0 -9999.0 -9999.0 -9999.0 -9999.0 -9999.0 -9999.0 -9999.0 -9999.0 -9999.0 -9999.0 -9999.0 -9999.0 -9999.0 -9999.0 -9999.0 -9999.0 -9999.0 -9999.0 -9999.0 -9999.0 -9999.0 -9999.0 -9999.0 -9999.0 -9999.0 -9999.0 -9999.0 -9999.0 -9999.0 -9999.0 -9999.0 -9999.0 -9999.0 -9999.0 -9999.0 -9999.0 -9999.0 -9999.0 -9999.0 -9999.0 -9999.0 -9999.0 -9999.0 -9999.0 -9999.0 -9999.0 -9999.0 -9999.0 -9999.0 -9999.0 -9999.0 -9999.0 -9999.0 -9999.0 -9999.0 -9999.0 -9999.0 -9999.0 -9999.0 -9999.0 -9999.0 -9999.0 -9999.0 -9999.0 -9999.0 -9999.0 -9999.0 -9999.0 -9999.0 -9999.0 -9999.0 -9999.0 -9999.0 -9999.0 -9999.0 -9999.0 -9999.0 -9999.0