Borden_/Borden1m_014/output_maps/psiliqL0006N0025.asc
ncols         80
nrows         18
xllcorner     620200.000000
yllcorner     5168000.000000
cellsize      1.000000
NODATA_value  -9999.0
-9999.0 -9999.0 -9999.0 -9999.0 -9999.0 -9999.0 -9999.0 -9999.0 -9999.0 -9999.0 -9999.0 -9999.0 -9999.0 -9999.0 -9999.0 -9999.0 -9999.0 -9999.0 -9999.0 -9999.0 -9999.0 -9999.0 -9999.0 -9999.0 -9999.0 -9999.0 -9999.0 -9999.0 -9999.0 -9999.0 -9999.0 -9999.0 -9999.0 -9999.0 -9999.0 -9999.0 -9999.0 -9999.0 -9999.0 -9999.0 -9999.0 -9999.0 -9999.0 -9999.0 -9999.0 -9999.0 -9999.0 -9999.0 -9999.0 -9999.0 -9999.0 -9999.0 -9999.0 -9999.0 -9999.0 -9999.0 -9999.0 -9999.0 -9999.0 -9999.0 -9999.0 -9999.0 -9999.0 -9999.0 -9999.0 -9999.0 -9999.0 -9999.0 -9999.0 -9999.0 -9999.0 -9999.0 -9999.0 -9999.0 -9999.0 -9999.0 -9999.0 -9999.0 -9999.0 -9999.0
-9999.0 -9999.0 -9999.0 -9999.0 -9999.0 -9999.0 -9999.0 -9999.0 -9999.0 -9999.0 -9999.0 -9999.0 -9999.0 -9999.0 -9999.0 -9999.0 -9999.0 -9999.0 -9999.0 -9999.0 -9999.0 -9999.0 -9999.0 -9999.0 -9999.0 -9999.0 -9999.0 -9999.0 -9999.0 -9999.0 -9999.0 -9999.0 -9999.0 -9999.0 -9999.0 -9999.0 -9999.0 -9999.0 -9999.0 -9999.0 -9999.0 -9999.0 -9999.0 -9999.0 -9999.0 -9999.0 -9999.0 -9999.0 -9999.0 -9999.0 -9999.0 -9999.0 -9999.0 -9999.0 -9999.0 -9999.0 -9999.0 -9999.0 -9999.0 -9999.0 -9999.0 -9999.0 -9999.0 -9999.0 -9999.0 -9999.0 -9999.0 -9999.0 -9999.0 -9999.0 -9999.0 -9999.0 -9999.0 -9999.0 -9999.0 -9999.0 -9999.0 -9999.0 -9999.0 -9999.0
-9999.0 -9999.0 -9999.0 -9999.0 -9999.0 -9999.0 -9999.0 -9999.0 -9999.0 -9999.0 -9999.0 -9999.0 -9999.0 -9999.0 -9999.0 -9999.0 -9999.0 -9999.0 -9999.0 -9999.0 -648.384707 -645.289632 -668.409090 -702.666422 -731.361102 -729.986471 -695.552458 -655.177926 -618.100618 -607.776245 -626.148228 -625.307701 -630.864214 -630.940322 -627.934833 -622.306626 -620.131026 -608.519528 -600.030468 -600.279110 -606.540723 -612.503189 -614.305420 -610.650557 -605.731341 -613.965991 -600.450773 -584.870958 -577.999552 -582.962694 -610.216429 -625.883679 -633.434684 -647.193499 -622.262974 -609.036878 -585.497319 -580.700556 -581.348192 -608.064299 -637.873748 -9999.0 -9999.0 -9999.0 -9999.0 -9999.0 -9999.0 -9999.0 -9999.0 -9999.0 -9999.0 -9999.0 -9999.0 -9999.0 -9999.0 -9999.0 -9999.0 -9999.0 -9999.0 -9999.0
-9999.0 -9999.0 -9999.0 -9999.0 -9999.0 -9999.0 -9999.0 -9999.0 -9999.0 -9999.0 -9999.0 -9999.0 -9999.0 -9999.0 -737.166989 -747.776812 -751.294465 -743.261261 -710.089830 -680.767377 -668.262590 -676.272260 -676.796603 -700.751735 -721.205784 -707.709864 -679.291984 -648.752046 -615.361885 -595.103863 -608.545591 -611.701152 -601.066627 -572.442642 -556.831900 -559.544913 -581.735845 -558.973329 -542.116532 -531.863969 -532.963796 -541.922497 -526.198435 -508.989381 -515.761396 -534.276784 -531.572214 -519.732954 -503.873347 -520.217052 -586.953645 -608.629826 -610.871331 -616.778482 -629.201817 -635.290707 -610.107019 -608.330547 -615.953665 -633.224351 -664.703324 -708.179593 -725.298660 -686.635013 -641.633203 -582.971055 -9999.0 -9999.0 -9999.0 -9999.0 -9999.0 -9999.0 -9999.0 -9999.0 -9999.0 -9999.0 -9999.0 -9999.0 -9999.0 -9999.0
-9999.0 -9999.0 -9999.0 -9999.0 -9999.0 -9999.0 -9999.0 -9999.0 -9999.0 -792.441966 -789.462654 -782.885352 -781.771338 -766.723904 -768.691639 -762.390854 -754.822715 -729.860142 -699.686965 -665.377861 -637.022599 -647.890357 -648.241706 -636.070582 -628.674502 -615.834329 -595.530454 -554.774630 -510.419233 -465.506250 -494.686311 -496.177838 -473.542925 -413.003208 -361.516709 -346.061206 -371.299057 -368.692133 -334.822866 -296.877108 -294.546338 -295.705113 -256.792532 -234.677921 -223.762069 -254.202951 -288.322192 -293.583980 -254.765619 -332.607877 -415.623686 -481.783634 -484.748582 -519.185176 -563.021352 -586.612399 -589.547804 -566.322982 -581.229237 -618.263415 -654.179612 -662.478602 -678.137435 -661.515285 -638.116574 -590.224363 -551.127133 -521.675032 -520.610697 -537.555528 -9999.0 -9999.0 -9999.0 -9999.0 -9999.0 -9999.0 -9999.0 -9999.0 -9999.0 -9999.0
-9999.0 -9999.0 -9999.0 -9999.0 -9999.0 -9999.0 -869.946502 -861.796118 -842.825061 -837.474561 -814.191044 -807.212956 -787.472952 -768.882858 -749.581380 -733.330368 -703.147770 -671.744925 -630.844888 -586.615285 -553.767158 -557.935006 -547.734080 -510.068487 -458.157445 -416.587388 -386.606480 -335.000117 -213.125915 -145.478674 -120.732853 -107.951929 -91.753034 -57.095457 0.411000 46.693028 -3.889222 -23.594787 -7.851267 32.585511 85.801663 90.816012 98.329207 106.637828 132.174170 121.933661 38.256725 11.004643 3.649718 -6.306393 -49.115049 -99.299144 -164.296312 -241.980389 -361.959525 -435.407249 -443.062670 -430.193080 -466.700919 -523.262893 -567.425034 -577.892053 -591.987307 -605.833378 -599.916325 -579.565719 -554.941526 -542.571079 -554.035086 -573.700499 -596.201112 -624.375162 -622.240820 -596.342555 -9999.0 -9999.0 -9999.0 -9999.0 -9999.0 -9999.0
-9999.0 -9999.0 -9999.0 -9999.0 -918.994390 -907.174403 -918.910168 -896.446018 -865.466934 -833.474719 -801.915083 -765.537966 -739.656030 -711.220175 -670.173202 -631.724303 -587.708765 -552.357890 -493.068165 -411.611477 -341.855664 -299.376542 -268.385458 -166.242495 -87.705400 -44.981075 -29.875580 -6.251792 42.178326 140.857063 170.919471 179.341547 195.355074 207.832483 261.082512 296.974103 276.943529 270.771157 273.233712 282.393323 309.369803 311.180037 312.592016 313.186869 315.409145 315.767065 291.827114 259.765920 246.675975 239.919035 220.466345 157.556772 76.181100 36.117610 9.036759 -29.562813 -85.549102 -114.091533 -197.739907 -288.363048 -384.888263 -421.046772 -460.683404 -489.974858 -522.414518 -521.591538 -517.977325 -536.786064 -566.026203 -596.922134 -610.912810 -628.711301 -637.940317 -607.537563 -589.327498 -557.695215 -9999.0 -9999.0 -9999.0 -9999.0
-9999.0 -9999.0 -975.965545 -926.055479 -871.260429 -863.388176 -861.289006 -857.367011 -831.949953 -783.127221 -705.337156 -652.876004 -607.377673 -577.670204 -514.895377 -416.518539 -313.616241 -232.202234 -139.907800 -71.354236 -20.609345 17.878934 77.615961 119.749565 164.896932 202.049122 238.908160 261.282652 287.225966 317.925829 342.122735 357.823489 363.513645 358.304768 359.076994 358.063736 355.303986 350.319896 333.193560 330.756084 338.332030 341.258260 344.485205 332.210521 328.353903 340.743353 342.357850 342.421773 343.856842 352.197587 362.032479 331.565590 278.052361 264.133991 256.332187 220.661208 160.628118 85.096088 53.249526 11.732752 -56.381577 -100.348855 -171.202450 -258.610524 -346.417041 -394.755467 -448.625623 -490.598433 -535.107372 -578.948980 -601.035274 -618.401679 -619.519701 -617.825948 -601.096612 -584.782928 -568.879970 -560.815976 -9999.0 -9999.0
-9999.0 -1072.849096 -1000.530299 -873.247752 -795.842150 -752.137838 -711.083993 -681.475673 -659.157443 -648.085152 -537.325480 -412.384082 -293.317425 -243.846053 -157.142438 -52.715404 71.623011 113.265905 145.315033 188.338694 237.109668 277.818325 305.671632 336.813718 362.071816 359.114091 358.068227 357.321321 349.474608 342.484104 332.756281 340.285473 338.666921 322.860988 310.396164 309.385827 304.357268 278.379806 250.946705 237.723488 242.075804 262.910829 252.720041 233.032407 229.366447 249.050471 264.899907 257.035602 245.567691 262.724892 295.400363 314.901909 330.741509 344.849944 364.776184 342.809718 310.355123 270.921213 251.345291 226.107357 143.700649 79.939623 25.125111 -35.726611 -91.586454 -176.990458 -281.025597 -367.328676 -443.512344 -484.200126 -515.231717 -567.102997 -589.684126 -586.868081 -595.349036 -597.091795 -589.808222 -583.080618 -9999.0 -9999.0
-9999.0 -1141.156146 -997.810484 -812.531529 -668.048333 -606.644110 -477.449405 -381.178008 -346.914579 -374.147513 -203.916857 63.684202 139.366667 146.063334 205.034826 276.585424 317.822814 342.613044 358.648580 352.334019 348.207973 351.576001 347.792216 339.865129 326.612188 319.309679 318.718682 316.246432 297.190052 278.905711 262.851709 260.329003 246.237203 211.343368 182.364988 169.623081 150.944856 97.459957 53.576285 23.580002 9.941334 28.291179 18.763874 1.534554 -1.885148 20.947121 54.673042 50.748466 58.639362 83.764127 128.153495 192.255592 214.901602 241.958686 275.998863 315.990567 334.661817 354.171750 359.948499 336.293089 295.749847 248.984690 217.067995 130.744473 58.053662 -18.369066 -70.103088 -116.552510 -207.681565 -288.190139 -362.635988 -434.863529 -497.868037 -525.713902 -564.283518 -585.036915 -9999.0 -9999.0 -9999.0 -9999.0
-9999.0 -1201.962057 -1009.756605 -743.137363 -490.063209 -323.779059 -92.385016 38.141344 157.892363 160.492970 237.301843 329.300231 344.554002 331.028551 309.332110 307.737337 318.861102 321.623253 317.524398 308.085994 296.915646 293.053807 290.599170 280.472508 270.923291 256.776785 244.831293 231.327508 165.126350 129.455912 100.324870 82.452380 46.100244 -34.179107 -65.792347 -89.972055 -156.459781 -176.283473 -198.148713 -246.035365 -276.571101 -297.460332 -272.193624 -275.488397 -276.075594 -260.990739 -225.539011 -197.130723 -138.431956 -94.465017 -59.494304 -13.045421 20.474792 66.169244 117.684216 198.239550 228.690805 256.331923 298.592043 337.288702 358.643560 350.854093 321.830139 282.967008 220.033765 129.513082 81.732760 19.360182 -39.496900 -82.731301 -118.345047 -189.104450 -304.543012 -431.482572 -475.128869 -9999.0 -9999.0 -9999.0 -9999.0 -9999.0
-9999.0 -1347.358286 -1079.718215 -781.513413 -436.896590 -84.743225 17.844739 231.359596 301.542735 230.018097 165.418083 216.768663 253.598788 255.743724 233.419501 225.897858 218.952201 218.596969 230.798890 203.054986 147.645449 130.259081 127.924360 113.828700 89.513069 69.333312 53.988024 32.157691 -18.013151 -57.184138 -116.639047 -154.549464 -261.952616 -363.602749 -421.983879 -476.270073 -532.453059 -535.002150 -519.995091 -537.867163 -560.345852 -579.388326 -554.157438 -539.585253 -529.179042 -538.636925 -529.705759 -494.728577 -443.167958 -393.792945 -327.691146 -240.726851 -168.362911 -97.965010 -68.525789 -22.265019 22.006382 71.964232 147.321283 246.758167 279.109067 311.878117 347.930426 364.724006 323.508054 279.386137 230.551266 164.370977 69.530865 17.263693 -8.772090 -40.808761 -86.588919 -9999.0 -9999.0 -9999.0 -9999.0 -9999.0 -9999.0 -9999.0
-9999.0 -1484.027607 -1247.020699 -992.703983 -691.043396 -450.504583 -222.957166 -85.395560 35.432071 -30.469270 -37.479934 -14.567513 12.002270 31.798124 10.115770 -20.020198 -40.606713 -36.710853 -35.736505 -55.162783 -79.391551 -90.471179 -91.710343 -101.650583 -139.369191 -165.073490 -182.978144 -218.572290 -280.099298 -360.199591 -459.174740 -529.173104 -591.986941 -628.656393 -658.845777 -691.664054 -730.824960 -719.949907 -704.730003 -709.644396 -722.562811 -727.664509 -698.308252 -680.538132 -670.807205 -684.809686 -667.155264 -640.873865 -599.901712 -559.574484 -512.872527 -458.477020 -401.557924 -362.133520 -336.297060 -286.483146 -212.208318 -123.409643 -46.740338 46.821968 122.672455 195.128721 245.553477 269.958431 296.733777 314.726969 310.767860 262.356395 128.323362 75.093657 56.485249 -9999.0 -9999.0 -9999.0 -9999.0 -9999.0 -9999.0 -9999.0 -9999.0 -9999.0
-9999.0 -9999.0 -1485.195638 -1289.530205 -1121.564340 -935.398237 -786.374687 -685.479170 -620.177974 -539.665031 -450.239454 -370.064886 -320.079656 -297.712582 -325.134738 -379.528900 -411.998489 -411.991782 -422.201190 -440.004728 -469.453017 -481.001457 -490.654202 -499.028991 -514.661077 -523.128102 -528.656262 -539.943332 -563.090606 -610.109579 -663.890132 -715.364401 -769.035823 -793.190156 -814.633889 -837.266320 -841.375365 -842.312465 -835.112944 -834.078695 -829.417556 -818.236577 -797.586785 -776.889842 -767.917545 -761.808047 -749.671786 -726.711527 -694.417627 -654.973268 -604.399927 -550.580311 -514.056946 -503.294872 -513.518844 -507.357729 -483.604718 -432.842005 -316.362706 -170.868883 -71.811357 -5.898139 67.634323 119.917072 151.095359 190.860920 233.586923 200.983180 23.041178 44.665173 -9999.0 -9999.0 -9999.0 -9999.0 -9999.0 -9999.0 -9999.0 -9999.0 -9999.0 -9999.0
-9999.0 -9999.0 -9999.0 -9999.0 -1432.317916 -1274.065692 -1181.882861 -1101.098611 -985.984851 -884.971298 -798.836410 -727.803178 -679.977241 -658.239527 -672.057269 -681.428765 -690.842151 -693.475568 -701.416231 -708.135985 -714.864028 -722.312509 -732.109073 -739.347426 -740.368819 -737.209235 -738.797661 -751.109536 -765.657296 -793.593751 -818.138401 -852.930286 -889.730518 -918.405245 -931.120374 -938.341797 -937.876227 -942.819133 -933.084525 -927.219356 -912.668150 -897.348697 -873.511957 -845.788336 -833.889908 -820.150257 -810.697376 -790.165709 -761.033655 -709.629165 -649.027163 -595.077726 -563.413720 -561.809434 -590.269111 -608.057022 -613.006008 -586.732152 -539.701659 -465.975858 -342.026802 -222.264187 -119.963775 -71.667609 -41.092516 7.921998 71.391638 112.567576 -9999.0 -9999.0 -9999.0 -9999.0 -9999.0 -9999.0 -9999.0 -9999.0 -9999.0 -9999.0 -9999.0 -9999.0
-9999.0 -9999.0 -9999.0 -9999.0 -9999.0 -9999.0 -1492.363032 -1399.536907 -1309.739674 -1195.013205 -1089.969355 -1003.663885 -933.762430 -912.073576 -898.122835 -877.722718 -883.050578 -899.011138 -914.193806 -898.629270 -890.571616 -894.794283 -920.629868 -922.275293 -919.251047 -909.661207 -910.415529 -916.136201 -940.288238 -933.349863 -935.410139 -957.949479 -983.598328 -997.958098 -1009.271588 -999.245099 -998.212691 -1010.247761 -1007.214125 -981.664889 -962.383603 -948.983322 -926.446226 -893.683117 -862.194183 -848.515364 -847.891373 -841.920731 -800.537478 -731.439899 -663.021024 -611.687814 -582.950105 -577.385120 -607.985553 -651.143474 -675.138954 -671.202252 -639.822098 -589.500533 -514.196326 -463.751425 -426.304039 -394.463865 -353.106805 -207.305878 -9999.0 -9999.0 -9999.0 -9999.0 -9999.0 -9999.0 -9999.0 -9999.0 -9999.0 -9999.0 -9999.0 -9999.0 -9999.0 -9999.0
-9999.0 -9999.0 -9999.0 -9999.0 -9999.0 -9999.0 -9999.0 -9999.0 -9999.0 -9999.0 -9999.0 -9999.0 -9999.0 -9999.0 -9999.0 -9999.0 -9999.0 -9999.0 -9999.0 -9999.0 -9999.0 -9999.0 -9999.0 -9999.0 -9999.0 -9999.0 -9999.0 -9999.0 -9999.0 -9999.0 -9999.0 -9999.0 -9999.0 -9999.0 -9999.0 -9999.0 -9999.0 -9999.0 -9999.0 -9999.0 -9999.0 -9999.0 -9999.0 -9999.0 -9999.0 -9999.0 -9999.0 -9999.0 -9999.0 -9999.0 -9999.0 -9999.0 -9999.0 -9999.0 -9999.0 -9999.0 -9999.0 -9999.0 -9999.0 -9999.0 -9999.0 -9999.0 -9999.0 -9999.0 -9999.0 -9999.0 -9999.0 -9999.0 -9999.0 -9999.0 -9999.0 -9999.0 -9999.0 -9999.0 -9999.0 -9999.0 -9999.0 -9999.0 -9999.0 -9999.0
-9999.0 -9999.0 -9999.0 -9999.0 -9999.0 -9999.0 -9999.0 -9999.0 -9999.0 -9999.0 -9999.0 -9999.0 -9999.0 -9999.0 -9999.0 -9999.0 -9999.0 -9999.0 -9999.0 -9999.0 -9999.0 -9999.0 -9999.0 -9999.0 -9999.0 -9999.0 -9999.0 -9999.0 -9999.0 -9999.0 -9999.0 -9999.0 -9999.0 -9999.0 -9999.0 -9999.0 -9999.0 -9999.0 -9999.0 -9999.0 -9999.0 -9999.0 -9999.0 -9999.0 -9999.0 -9999.0 -9999.0 -9999.0 -9999.0 -9999.0 -9999.0 -9999.0 -9999.0 -9999.0 -9999.0 -9999.0 -9999.0 -9999.0 -9999.0 -9999.0 -9999.0 -9999.0 -9999.0 -9999.0 -9999.0 -9999.0 -9999.0 -9999.0 -9999.0 -9999.0 -9999.0 -9999.0 -9999.0 -9999.0 -9999.0 -9999.0 -9999.0 -9999.0 -9999.0 -9999.0