Borden_/Borden1m_014/output_maps/psiliqL0012N0002.asc
ncols         80
nrows         18
xllcorner     620200.000000
yllcorner     5168000.000000
cellsize      1.000000
NODATA_value  -9999.0
-9999.0 -9999.0 -9999.0 -9999.0 -9999.0 -9999.0 -9999.0 -9999.0 -9999.0 -9999.0 -9999.0 -9999.0 -9999.0 -9999.0 -9999.0 -9999.0 -9999.0 -9999.0 -9999.0 -9999.0 -9999.0 -9999.0 -9999.0 -9999.0 -9999.0 -9999.0 -9999.0 -9999.0 -9999.0 -9999.0 -9999.0 -9999.0 -9999.0 -9999.0 -9999.0 -9999.0 -9999.0 -9999.0 -9999.0 -9999.0 -9999.0 -9999.0 -9999.0 -9999.0 -9999.0 -9999.0 -9999.0 -9999.0 -9999.0 -9999.0 -9999.0 -9999.0 -9999.0 -9999.0 -9999.0 -9999.0 -9999.0 -9999.0 -9999.0 -9999.0 -9999.0 -9999.0 -9999.0 -9999.0 -9999.0 -9999.0 -9999.0 -9999.0 -9999.0 -9999.0 -9999.0 -9999.0 -9999.0 -9999.0 -9999.0 -9999.0 -9999.0 -9999.0 -9999.0 -9999.0
-9999.0 -9999.0 -9999.0 -9999.0 -9999.0 -9999.0 -9999.0 -9999.0 -9999.0 -9999.0 -9999.0 -9999.0 -9999.0 -9999.0 -9999.0 -9999.0 -9999.0 -9999.0 -9999.0 -9999.0 -9999.0 -9999.0 -9999.0 -9999.0 -9999.0 -9999.0 -9999.0 -9999.0 -9999.0 -9999.0 -9999.0 -9999.0 -9999.0 -9999.0 -9999.0 -9999.0 -9999.0 -9999.0 -9999.0 -9999.0 -9999.0 -9999.0 -9999.0 -9999.0 -9999.0 -9999.0 -9999.0 -9999.0 -9999.0 -9999.0 -9999.0 -9999.0 -9999.0 -9999.0 -9999.0 -9999.0 -9999.0 -9999.0 -9999.0 -9999.0 -9999.0 -9999.0 -9999.0 -9999.0 -9999.0 -9999.0 -9999.0 -9999.0 -9999.0 -9999.0 -9999.0 -9999.0 -9999.0 -9999.0 -9999.0 -9999.0 -9999.0 -9999.0 -9999.0 -9999.0
-9999.0 -9999.0 -9999.0 -9999.0 -9999.0 -9999.0 -9999.0 -9999.0 -9999.0 -9999.0 -9999.0 -9999.0 -9999.0 -9999.0 -9999.0 -9999.0 -9999.0 -9999.0 -9999.0 -9999.0 528.050559 530.606565 508.187135 474.324712 446.119116 447.953060 482.174186 522.760974 560.461178 570.267498 552.340434 554.541038 549.810695 548.780408 551.155370 557.471424 561.020461 572.000450 579.973950 579.125270 572.598751 566.968632 566.470901 569.485054 574.775523 564.819557 578.833177 594.285585 600.164710 595.519811 569.038471 553.934297 545.663901 530.931618 555.723220 568.037445 591.063819 595.488564 594.199056 567.455839 537.594303 -9999.0 -9999.0 -9999.0 -9999.0 -9999.0 -9999.0 -9999.0 -9999.0 -9999.0 -9999.0 -9999.0 -9999.0 -9999.0 -9999.0 -9999.0 -9999.0 -9999.0 -9999.0 -9999.0
-9999.0 -9999.0 -9999.0 -9999.0 -9999.0 -9999.0 -9999.0 -9999.0 -9999.0 -9999.0 -9999.0 -9999.0 -9999.0 -9999.0 438.727319 428.782450 425.623708 433.652874 466.809188 496.527606 508.751949 501.115004 500.964415 477.264870 456.656153 470.348573 499.406464 530.207051 563.850854 583.752219 572.215522 570.122469 580.102380 605.685499 618.509160 615.472968 595.273228 617.993395 633.141912 641.054556 639.610491 630.600824 643.430796 658.934783 652.398945 635.808442 641.033825 653.310603 666.579858 653.375374 590.580774 571.364124 567.823646 561.737296 548.640074 542.744067 568.179097 568.850863 561.011777 543.533022 511.413641 467.451611 449.595394 488.506919 532.780269 590.387587 -9999.0 -9999.0 -9999.0 -9999.0 -9999.0 -9999.0 -9999.0 -9999.0 -9999.0 -9999.0 -9999.0 -9999.0 -9999.0 -9999.0
-9999.0 -9999.0 -9999.0 -9999.0 -9999.0 -9999.0 -9999.0 -9999.0 -9999.0 382.424976 386.405423 393.270911 395.007510 410.273743 408.002130 414.668951 421.445246 447.413447 477.748136 512.128926 540.275072 530.403165 530.346983 540.749346 545.170723 557.162531 577.879086 617.152350 656.340557 697.146946 670.370202 669.405132 688.866051 735.984180 769.357286 776.343266 758.065147 764.629778 788.586735 809.803571 807.762047 804.533479 827.841802 841.125049 844.675760 826.600081 813.761592 814.116825 839.469124 790.277033 726.469559 675.445789 678.123716 648.689825 611.258078 591.355163 588.752399 609.821409 595.354108 559.006908 523.520982 513.642811 497.173842 514.573010 537.472026 584.427852 623.351448 652.492290 652.963524 636.016573 -9999.0 -9999.0 -9999.0 -9999.0 -9999.0 -9999.0 -9999.0 -9999.0 -9999.0 -9999.0
-9999.0 -9999.0 -9999.0 -9999.0 -9999.0 -9999.0 304.360328 313.351399 333.037766 337.730055 362.194558 368.982396 388.849162 407.474042 427.956838 443.645384 472.753175 504.291984 544.340286 586.902483 618.032320 612.187598 621.516302 652.840268 694.100112 724.653786 748.755763 786.450376 860.094608 904.143878 920.251135 929.163671 940.226687 988.320812 1050.981136 1065.599645 1045.186787 1029.922254 1048.218229 1081.802585 1085.792043 1085.269926 1093.815761 1103.999386 1132.974013 1125.685919 1086.884775 1072.641834 1069.788119 1055.853226 996.657732 930.129783 889.075234 840.514112 761.763829 707.346281 710.856676 726.871786 697.727952 645.522440 605.387925 595.458514 581.389363 568.818632 575.821314 596.131160 619.847087 632.189177 620.448092 600.397562 578.153367 550.035488 552.307451 577.872624 -9999.0 -9999.0 -9999.0 -9999.0 -9999.0 -9999.0
-9999.0 -9999.0 -9999.0 -9999.0 255.040785 267.273011 254.797503 278.663581 310.333091 343.271664 374.223900 409.924705 435.905330 464.871645 504.428975 538.319316 578.575054 612.166262 666.024730 734.342425 784.772533 807.799679 821.500989 880.853943 949.094873 1005.811867 1027.243291 1053.405419 1096.079817 1166.672358 1216.190276 1231.604200 1249.899052 1280.461799 1320.843905 1349.345985 1332.981622 1325.871652 1330.312975 1338.948244 1359.058245 1358.568416 1359.858451 1362.443755 1367.647747 1368.204357 1347.602931 1318.563307 1307.457566 1299.557120 1272.393444 1199.503629 1137.322169 1101.414566 1070.743994 1020.240709 950.525287 925.902263 869.381870 815.495863 753.706280 730.402259 700.034660 675.897537 648.112788 651.273239 656.358178 638.174913 608.427979 577.778450 563.890155 546.093898 536.224667 566.780336 584.889384 615.822192 -9999.0 -9999.0 -9999.0 -9999.0
-9999.0 -9999.0 197.368241 245.936612 301.486027 309.089822 309.075213 313.522751 340.334631 390.522258 464.959890 513.601532 555.117270 586.869861 645.035659 722.623658 791.051864 836.985256 897.146711 971.713133 1034.883029 1067.191533 1084.086594 1129.742191 1206.493349 1273.215591 1299.390141 1322.837914 1350.593554 1384.827345 1407.196939 1424.753818 1433.135850 1433.766269 1436.244867 1435.170654 1430.011421 1423.634637 1405.673941 1401.527919 1406.668535 1409.862275 1411.985288 1400.074454 1396.827189 1409.392515 1413.022801 1413.779540 1415.064780 1423.000535 1429.067017 1391.522428 1344.779183 1328.190075 1320.068206 1278.691807 1211.759800 1147.657540 1119.047351 1077.208698 999.306167 939.720921 886.969033 839.583008 789.410723 760.953975 718.191772 680.140827 637.478543 594.330555 572.744201 556.064679 555.009386 556.350022 573.360512 589.499006 605.420163 613.493427 -9999.0 -9999.0
-9999.0 96.544675 168.460953 294.066832 371.806208 414.133988 446.827193 470.615093 496.851448 517.118617 619.084510 709.124200 797.326735 833.863907 884.725856 977.491729 1064.337645 1109.253115 1157.136341 1230.832191 1292.140063 1334.314269 1358.370082 1377.188690 1417.520725 1431.148175 1434.626338 1437.635308 1433.741708 1427.279680 1418.740265 1424.950336 1422.552072 1406.483134 1392.494903 1388.658670 1379.727689 1349.224493 1318.424053 1303.154936 1304.932786 1325.682320 1314.843011 1295.952418 1292.486830 1311.655680 1328.958680 1321.114235 1311.389648 1331.803471 1371.848919 1393.386245 1403.380455 1417.486104 1438.028292 1415.579326 1386.126068 1340.869864 1321.560246 1294.717454 1235.199147 1152.509342 1089.051970 1025.948815 954.768943 887.809011 829.936428 775.451892 715.472907 679.193965 650.805361 602.224123 582.583328 586.441528 579.081051 577.474485 584.617442 591.319847 -9999.0 -9999.0
-9999.0 19.745636 161.702902 344.767197 489.002604 544.166231 647.317899 726.989843 758.095793 732.882741 832.751622 1042.261222 1142.959791 1173.798169 1247.079489 1324.870457 1344.759729 1373.286614 1399.010213 1414.394548 1423.170597 1430.824231 1426.927777 1420.123463 1408.037638 1403.053054 1404.197604 1403.744071 1389.185230 1369.569863 1345.358159 1336.864394 1318.729643 1279.426241 1249.591189 1232.256410 1210.295915 1168.505588 1123.385018 1093.595280 1079.527317 1097.173601 1088.597576 1070.787516 1066.520048 1088.622700 1121.026348 1114.804650 1122.009424 1152.234058 1214.462710 1258.493439 1279.998969 1308.858953 1347.720405 1394.178641 1411.668625 1431.817409 1438.160654 1419.810340 1378.912198 1323.900787 1288.577151 1223.752023 1130.572888 1046.700199 981.117645 922.639407 860.594862 818.287636 772.353815 716.180441 663.922151 643.891404 607.464209 589.208008 -9999.0 -9999.0 -9999.0 -9999.0
-9999.0 -53.686474 134.596758 392.923806 655.381189 762.972710 956.519827 1090.483640 1168.217501 1237.372185 1229.346733 1346.122772 1377.219334 1377.531398 1376.110251 1379.164031 1391.488995 1394.440124 1393.641866 1389.793978 1385.576808 1382.601593 1378.340887 1365.410891 1346.383804 1329.994322 1318.510291 1308.735902 1275.096242 1238.336018 1184.023951 1157.870061 1116.509844 1025.451719 982.809505 948.178611 891.905309 879.290597 868.043135 839.645927 821.593005 804.423651 823.955051 825.740769 826.650044 830.832158 847.537088 866.499649 906.729498 943.352135 992.996502 1045.775888 1079.260527 1126.130275 1187.127245 1258.241608 1294.953982 1328.499221 1380.339736 1419.623866 1443.311671 1433.146589 1406.764866 1365.833997 1296.069188 1231.255178 1172.142094 1097.484546 1037.597495 984.006143 928.066677 866.845740 802.765713 729.276981 691.914170 -9999.0 -9999.0 -9999.0 -9999.0 -9999.0
-9999.0 -222.563315 43.790714 331.949741 645.379183 954.343733 1067.875934 1209.903007 1287.011171 1253.547358 1253.854880 1269.448511 1305.587562 1313.963427 1297.898604 1291.661653 1281.672308 1281.749939 1295.702930 1274.483566 1250.309980 1238.062094 1232.755396 1208.501594 1163.397456 1137.544551 1123.364569 1104.414066 1058.228476 1006.911542 921.497899 892.059355 820.426959 763.764404 721.270634 674.392275 624.525324 622.490214 638.533525 623.543227 602.077192 584.065876 609.797614 625.964489 636.969186 625.693832 633.419318 666.561362 712.659517 753.262832 800.462214 850.966223 892.812022 939.647506 976.618539 1033.668629 1084.473899 1140.389265 1236.331312 1318.669534 1360.389181 1395.478805 1429.563362 1448.934011 1405.360668 1363.915182 1320.628766 1272.647424 1204.095371 1157.814549 1100.003019 1017.001961 949.137055 -9999.0 -9999.0 -9999.0 -9999.0 -9999.0 -9999.0 -9999.0
-9999.0 -352.043597 -128.627178 106.484537 392.054338 618.577381 791.467446 895.713092 970.655977 996.219964 1024.847110 1054.234409 1083.045113 1105.064277 1083.027685 1045.402085 1017.525348 1021.345637 1018.833114 995.400091 966.442917 950.616556 945.977015 933.566406 902.047968 884.684187 874.163595 853.594791 821.760318 769.491520 691.398105 623.622472 565.016712 533.689031 505.553951 474.114764 438.093985 448.867419 462.715750 459.047993 448.007197 444.504466 473.658278 492.028059 501.666798 488.778163 506.579116 531.883958 571.514756 611.410353 656.854254 707.656900 756.758289 783.373800 796.849240 823.170143 862.105891 917.446021 1010.450744 1111.975471 1209.174799 1264.574466 1318.660669 1362.377790 1383.996977 1408.048875 1397.363204 1333.423430 1229.588853 1249.678261 1239.268472 -9999.0 -9999.0 -9999.0 -9999.0 -9999.0 -9999.0 -9999.0 -9999.0 -9999.0
-9999.0 -9999.0 -363.404063 -181.394269 -35.693653 142.453874 286.761551 389.665260 467.309236 566.902211 661.713380 737.038065 776.513534 792.160016 776.535963 741.274724 718.585755 718.899448 709.698056 698.025267 676.664020 668.083954 657.290216 648.182372 635.632586 629.183608 624.532452 614.560640 593.962879 549.154128 500.400890 450.518003 398.428535 374.526756 353.746870 332.580142 330.760577 328.495312 335.133731 336.744227 342.954289 355.099802 375.416589 396.786513 405.996803 413.362985 425.145420 447.758859 479.447983 519.237968 570.109275 624.046593 660.114606 669.965038 658.616490 662.300011 681.250864 721.934553 802.058715 884.548598 980.535801 1053.750250 1135.681140 1216.560022 1248.888012 1280.282330 1320.240979 1267.079969 899.544276 1188.252798 -9999.0 -9999.0 -9999.0 -9999.0 -9999.0 -9999.0 -9999.0 -9999.0 -9999.0 -9999.0
-9999.0 -9999.0 -9999.0 -9999.0 -324.943563 -170.595045 -77.385481 2.960363 124.449993 235.505045 328.318775 404.737939 459.218978 482.619941 474.150439 473.523041 467.130651 462.531329 453.693686 450.447242 447.073854 439.554569 427.003175 419.493888 419.557270 423.986300 422.340284 409.937907 394.366297 370.559626 349.464902 315.912344 280.559257 252.430528 240.178728 234.463889 235.030974 229.364359 238.838146 245.791933 260.876255 276.207654 299.982902 328.341243 341.109158 355.113779 364.269732 384.164509 413.215504 464.737051 525.668974 580.333158 612.743354 614.432917 586.876190 569.003533 563.062060 587.870659 630.066142 693.760697 790.213225 859.347231 920.531190 977.873260 1023.138750 1092.670084 1206.463175 1261.837028 -9999.0 -9999.0 -9999.0 -9999.0 -9999.0 -9999.0 -9999.0 -9999.0 -9999.0 -9999.0 -9999.0 -9999.0
-9999.0 -9999.0 -9999.0 -9999.0 -9999.0 -9999.0 -375.749572 -279.436625 -196.809929 -70.195566 47.832713 141.153382 215.863859 242.402439 262.844504 286.574737 283.141132 265.809515 248.461590 265.895036 277.269519 272.139625 243.965211 243.159031 247.473762 256.728698 255.711126 250.267527 226.349759 236.732998 237.100691 214.975810 189.888146 176.539526 165.566671 175.917977 176.959131 164.412566 166.354023 192.819757 212.782783 226.089559 248.194728 281.112514 312.891625 327.139011 327.771988 333.275064 373.172548 442.010563 511.139394 563.507360 592.966798 598.538076 568.517628 525.771993 502.129815 505.695648 536.220320 584.344668 655.017954 699.487389 725.896425 745.035758 770.610064 865.031169 -9999.0 -9999.0 -9999.0 -9999.0 -9999.0 -9999.0 -9999.0 -9999.0 -9999.0 -9999.0 -9999.0 -9999.0 -9999.0 -9999.0
-9999.0 -9999.0 -9999.0 -9999.0 -9999.0 -9999.0 -9999.0 -9999.0 -9999.0 -9999.0 -9999.0 -9999.0 -9999.0 -9999.0 -9999.0 -9999.0 -9999.0 -9999.0 -9999.0 -9999.0 -9999.0 -9999.0 -9999.0 -9999.0 -9999.0 -9999.0 -9999.0 -9999.0 -9999.0 -9999.0 -9999.0 -9999.0 -9999.0 -9999.0 -9999.0 -9999.0 -9999.0 -9999.0 -9999.0 -9999.0 -9999.0 -9999.0 -9999.0 -9999.0 -9999.0 -9999.0 -9999.0 -9999.0 -9999.0 -9999.0 -9999.0 -9999.0 -9999.0 -9999.0 -9999.0 -9999.0 -9999.0 -9999.0 -9999.0 -9999.0 -9999.0 -9999.0 -9999.0 -9999.0 -9999.0 -9999.0 -9999.0 -9999.0 -9999.0 -9999.0 -9999.0 -9999.0 -9999.0 -9999.0 -9999.0 -9999.0 -9999.0 -9999.0 -9999.0 -9999.0
-9999.0 -9999.0 -9999.0 -9999.0 -9999.0 -9999.0 -9999.0 -9999.0 -9999.0 -9999.0 -9999.0 -9999.0 -9999.0 -9999.0 -9999.0 -9999.0 -9999.0 -9999.0 -9999.0 -9999.0 -9999.0 -9999.0 -9999.0 -9999.0 -9999.0 -9999.0 -9999.0 -9999.0 -9999.0 -9999.0 -9999.0 -9999.0 -9999.0 -9999.0 -9999.0 -9999.0 -9999.0 -9999.0 -9999.0 -9999.0 -9999.0 -9999.0 -9999.0 -9999.0 -9999.0 -9999.0 -9999.0 -9999.0 -9999.0 -9999.0 -9999.0 -9999.0 -9999.0 -9999.0 -9999.0 -9999.0 -9999.0 -9999.0 -9999.0 -9999.0 -9999.0 -9999.0 -9999.0 -9999.0 -9999.0 -9999.0 -9999.0 -9999.0 -9999.0 -9999.0 -9999.0 -9999.0 -9999.0 -9999.0 -9999.0 -9999.0 -9999.0 -9999.0 -9999.0 -9999.0