Borden_/Borden1m_014/output_maps/psiliqL0009N0002.asc
ncols         80
nrows         18
xllcorner     620200.000000
yllcorner     5168000.000000
cellsize      1.000000
NODATA_value  -9999.0
-9999.0 -9999.0 -9999.0 -9999.0 -9999.0 -9999.0 -9999.0 -9999.0 -9999.0 -9999.0 -9999.0 -9999.0 -9999.0 -9999.0 -9999.0 -9999.0 -9999.0 -9999.0 -9999.0 -9999.0 -9999.0 -9999.0 -9999.0 -9999.0 -9999.0 -9999.0 -9999.0 -9999.0 -9999.0 -9999.0 -9999.0 -9999.0 -9999.0 -9999.0 -9999.0 -9999.0 -9999.0 -9999.0 -9999.0 -9999.0 -9999.0 -9999.0 -9999.0 -9999.0 -9999.0 -9999.0 -9999.0 -9999.0 -9999.0 -9999.0 -9999.0 -9999.0 -9999.0 -9999.0 -9999.0 -9999.0 -9999.0 -9999.0 -9999.0 -9999.0 -9999.0 -9999.0 -9999.0 -9999.0 -9999.0 -9999.0 -9999.0 -9999.0 -9999.0 -9999.0 -9999.0 -9999.0 -9999.0 -9999.0 -9999.0 -9999.0 -9999.0 -9999.0 -9999.0 -9999.0
-9999.0 -9999.0 -9999.0 -9999.0 -9999.0 -9999.0 -9999.0 -9999.0 -9999.0 -9999.0 -9999.0 -9999.0 -9999.0 -9999.0 -9999.0 -9999.0 -9999.0 -9999.0 -9999.0 -9999.0 -9999.0 -9999.0 -9999.0 -9999.0 -9999.0 -9999.0 -9999.0 -9999.0 -9999.0 -9999.0 -9999.0 -9999.0 -9999.0 -9999.0 -9999.0 -9999.0 -9999.0 -9999.0 -9999.0 -9999.0 -9999.0 -9999.0 -9999.0 -9999.0 -9999.0 -9999.0 -9999.0 -9999.0 -9999.0 -9999.0 -9999.0 -9999.0 -9999.0 -9999.0 -9999.0 -9999.0 -9999.0 -9999.0 -9999.0 -9999.0 -9999.0 -9999.0 -9999.0 -9999.0 -9999.0 -9999.0 -9999.0 -9999.0 -9999.0 -9999.0 -9999.0 -9999.0 -9999.0 -9999.0 -9999.0 -9999.0 -9999.0 -9999.0 -9999.0 -9999.0
-9999.0 -9999.0 -9999.0 -9999.0 -9999.0 -9999.0 -9999.0 -9999.0 -9999.0 -9999.0 -9999.0 -9999.0 -9999.0 -9999.0 -9999.0 -9999.0 -9999.0 -9999.0 -9999.0 -9999.0 -73.448136 -70.663824 -93.454345 -127.549956 -156.100060 -154.604180 -120.394058 -80.115491 -42.968253 -33.067927 -51.311969 -49.957430 -55.228931 -55.894056 -53.312867 -47.446841 -44.664348 -33.446808 -25.287705 -25.873147 -32.270604 -38.067283 -39.248215 -35.944645 -30.865674 -39.883252 -26.152085 -10.653449 -4.214038 -8.835505 -35.398658 -50.524533 -58.195869 -72.201336 -47.270515 -34.392159 -11.050213 -6.323916 -7.171833 -33.722304 -63.417309 -9999.0 -9999.0 -9999.0 -9999.0 -9999.0 -9999.0 -9999.0 -9999.0 -9999.0 -9999.0 -9999.0 -9999.0 -9999.0 -9999.0 -9999.0 -9999.0 -9999.0 -9999.0 -9999.0
-9999.0 -9999.0 -9999.0 -9999.0 -9999.0 -9999.0 -9999.0 -9999.0 -9999.0 -9999.0 -9999.0 -9999.0 -9999.0 -9999.0 -162.285124 -172.620456 -176.035890 -168.075182 -134.985348 -105.574537 -93.241471 -101.119983 -101.559823 -125.474462 -146.141743 -132.707192 -104.174501 -73.752289 -40.536718 -20.757515 -33.394735 -36.211097 -26.136564 0.511799 14.223031 11.165279 -9.825745 12.626573 28.219618 36.898370 35.554011 26.670575 40.432612 56.246013 49.725071 32.766983 36.863787 48.780990 62.986303 49.186979 -14.172500 -34.062066 -36.617916 -42.304717 -54.782689 -60.562297 -35.161614 -33.752272 -41.297381 -58.485577 -90.089356 -133.675260 -151.046785 -112.190401 -67.541792 -9.491614 -9999.0 -9999.0 -9999.0 -9999.0 -9999.0 -9999.0 -9999.0 -9999.0 -9999.0 -9999.0 -9999.0 -9999.0 -9999.0 -9999.0
-9999.0 -9999.0 -9999.0 -9999.0 -9999.0 -9999.0 -9999.0 -9999.0 -9999.0 -217.979506 -214.564398 -207.924511 -206.601941 -191.506207 -193.659314 -187.248357 -180.158204 -154.790401 -124.683362 -90.549703 -62.516297 -73.022147 -73.415225 -62.400700 -56.836133 -44.863990 -24.816173 14.397247 54.427799 95.059086 67.816649 66.210950 85.250831 133.523088 169.483737 177.737617 159.289097 163.596922 187.923432 210.659415 208.966025 206.304948 229.150426 241.999447 247.895375 230.361768 214.655030 213.576042 238.603898 190.015664 127.095365 74.560134 76.280380 46.508147 7.491882 -13.499423 -15.858324 6.464059 -7.766364 -44.021060 -79.377514 -88.226057 -104.046814 -86.909902 -63.660420 -16.237254 22.710337 51.969316 52.859400 36.090011 -9999.0 -9999.0 -9999.0 -9999.0 -9999.0 -9999.0 -9999.0 -9999.0 -9999.0 -9999.0
-9999.0 -9999.0 -9999.0 -9999.0 -9999.0 -9999.0 -295.698710 -287.223209 -268.010345 -263.066862 -239.304283 -232.559608 -212.870300 -194.363001 -174.566575 -158.715712 -129.238913 -98.056816 -58.006359 -15.217785 15.939412 10.439017 19.493263 51.911371 94.495177 126.060408 149.318550 186.126617 259.107821 303.754321 324.670845 333.649156 344.538147 392.952673 456.835126 472.997233 452.049392 435.912466 453.706332 488.137894 493.907030 493.527083 501.434100 512.686411 547.025687 539.245884 494.629246 477.264187 472.358143 460.666703 403.463596 334.989604 288.489352 241.128617 164.260633 108.175072 108.870385 124.336894 95.192118 43.670493 3.020946 -6.508949 -20.020854 -32.790355 -26.038197 -5.517895 18.770792 31.274421 19.914822 0.271723 -21.943448 -49.945874 -47.692782 -21.972068 -9999.0 -9999.0 -9999.0 -9999.0 -9999.0 -9999.0
-9999.0 -9999.0 -9999.0 -9999.0 -344.761405 -332.840554 -345.077288 -322.137464 -291.054933 -258.801282 -227.680062 -191.720411 -165.962523 -137.498564 -97.516145 -61.906771 -20.694012 12.515681 66.106677 134.249424 184.927845 208.976820 222.188771 281.633087 353.069204 411.097450 431.763761 457.131236 500.082405 586.544221 670.461893 689.590358 705.037262 728.871206 761.199582 785.071187 770.505403 765.016519 768.664632 775.484056 792.882323 791.921008 793.114630 795.419120 800.412283 801.144070 783.465598 758.904219 750.325941 744.532970 723.151240 652.009588 548.448145 506.105628 477.981553 428.283746 353.625160 322.806458 267.677803 215.787082 152.955137 128.708883 98.558869 74.782883 46.628593 49.470205 54.413697 36.579980 7.623999 -22.784683 -36.518893 -54.152511 -63.591467 -33.112388 -14.938536 16.311890 -9999.0 -9999.0 -9999.0 -9999.0
-9999.0 -9999.0 -401.941651 -352.751132 -297.712901 -290.176068 -289.444542 -285.731572 -260.082818 -210.684702 -134.569974 -84.743497 -42.158479 -12.047194 46.269707 126.124431 195.503032 240.481688 299.427057 375.728652 439.052844 471.777581 489.659395 542.373173 657.972763 722.331472 743.504811 762.079394 784.819336 815.852303 844.434605 861.088734 867.556976 865.490051 865.407396 863.099398 859.413385 854.454811 839.582447 836.668727 840.915989 842.783021 845.822513 835.344172 832.477060 842.883257 845.504268 847.153220 849.255420 856.805529 865.652391 833.434504 782.043584 767.067429 761.656520 727.051349 663.004880 557.529561 523.113811 480.671217 402.017893 336.792211 283.766210 236.819230 187.003739 158.245210 115.807576 78.569426 36.570107 -6.069879 -27.478621 -44.216450 -45.142455 -43.510111 -26.599518 -10.345620 5.576504 13.652325 -9999.0 -9999.0
-9999.0 -500.731474 -428.633016 -302.290251 -224.881430 -182.109898 -145.688349 -119.852769 -96.261012 -81.044877 23.266803 120.503332 208.575280 243.500106 295.123516 387.828054 473.341439 520.305710 580.257698 681.326709 737.688883 772.305720 791.206014 814.034579 855.541543 863.792987 864.541405 865.704276 861.239658 856.072499 848.083329 853.670067 852.361678 840.065453 829.667710 827.482968 819.497435 787.636244 759.294527 746.191598 747.797394 765.833504 756.618963 740.480922 737.522070 753.751807 768.390648 761.414478 752.899516 771.915342 813.336120 831.470002 840.732140 851.416647 870.073818 850.859928 824.086520 778.762553 761.924030 739.534450 682.758217 561.840345 489.401248 424.751088 349.664780 282.691472 226.794498 174.417568 115.762789 80.674383 52.730086 3.763239 -16.800037 -13.204164 -20.948714 -22.526240 -15.259406 -8.528491 -9999.0 -9999.0
-9999.0 -573.177008 -430.578844 -246.534301 -102.495678 -45.723655 63.759901 144.903274 177.010180 154.250592 253.447816 464.754383 576.518065 634.140252 703.814253 767.595236 788.204451 811.544553 836.538654 851.160321 856.042203 860.871917 856.167122 849.334995 839.136440 835.174856 836.644132 837.090359 826.090731 809.811971 783.974934 775.082789 759.695031 727.837344 703.957462 690.064247 666.453899 589.004445 528.882146 496.128748 482.595714 503.379271 492.592404 472.813300 468.308296 492.356319 527.837729 519.034271 524.416872 562.239376 665.510174 710.416036 728.022698 751.951552 787.913240 830.617421 846.384837 862.748917 869.305687 851.513642 817.581972 765.096844 734.719025 672.307484 537.076358 446.062215 379.071308 321.824732 262.558916 221.182920 175.677690 120.643310 67.473952 45.386496 8.556231 -10.721634 -9999.0 -9999.0 -9999.0 -9999.0
-9999.0 -640.169022 -449.962156 -187.588699 67.281647 180.652167 370.478774 517.545845 635.661607 701.218381 708.547519 795.479110 820.072986 823.601232 819.030835 819.545114 828.328853 830.040245 829.180476 827.256740 824.833697 822.954925 819.306117 806.816136 784.241964 768.671353 758.994502 751.640348 723.434926 687.430184 604.953997 567.399298 522.297733 428.119215 384.831091 352.037790 298.088215 282.600829 268.399664 239.890657 222.668389 208.191191 225.669454 225.331722 225.390285 231.447646 249.711244 265.907826 303.443137 339.227510 392.252421 445.206748 478.130930 528.864271 613.292226 705.088920 739.433098 768.498605 818.291990 851.676060 873.130979 864.183137 840.908548 808.220142 742.918355 682.483774 597.320820 508.441780 448.181572 393.372512 333.303206 271.696303 208.818072 132.035765 94.329698 -9999.0 -9999.0 -9999.0 -9999.0 -9999.0
-9999.0 -797.009112 -530.124403 -237.278098 84.092420 384.875291 489.928152 668.105545 747.948353 713.547581 708.066500 720.474074 750.824098 757.804113 743.622961 738.664104 730.196943 729.864855 742.520005 724.913718 705.276304 695.634952 690.503735 660.625367 578.152045 542.928165 526.230867 506.313623 458.666822 407.601002 320.875467 294.416754 225.585120 165.658189 122.800354 77.185220 27.475267 25.554148 41.079232 25.437087 4.021115 -14.201291 10.932803 26.076921 36.547002 26.179005 33.950834 66.496399 111.804911 151.131617 197.437267 246.857022 286.870605 333.501439 373.002599 433.704946 484.838965 548.209710 682.888453 760.816845 802.190968 831.697559 861.354341 880.089710 843.036803 807.969762 768.895676 729.495493 673.682731 624.493412 522.696677 423.415518 354.300233 -9999.0 -9999.0 -9999.0 -9999.0 -9999.0 -9999.0 -9999.0
-9999.0 -930.153410 -699.906843 -455.156613 -161.951383 62.419470 222.205355 328.501628 401.609991 414.559986 436.008025 462.743594 492.278808 514.776709 489.489474 450.917136 422.618918 425.932400 424.508684 400.008211 370.238685 354.159234 350.708249 338.275889 303.835104 285.752331 275.224775 254.818903 222.356259 171.249075 93.226638 28.333409 -30.308386 -63.337799 -91.880715 -123.561793 -160.953545 -149.891179 -135.196387 -139.404353 -151.351175 -155.645905 -126.398417 -108.380565 -98.741866 -112.188635 -94.568396 -68.975625 -29.080671 10.314470 54.991891 104.828197 152.831244 179.230942 192.986461 220.075345 258.579570 313.603999 410.954548 519.272961 657.785811 714.109304 761.553113 805.531087 824.558189 848.763317 841.954651 791.141180 713.477821 726.926182 707.768535 -9999.0 -9999.0 -9999.0 -9999.0 -9999.0 -9999.0 -9999.0 -9999.0 -9999.0
-9999.0 -9999.0 -936.287062 -747.388597 -590.563618 -409.492441 -266.348516 -166.336559 -96.319446 -7.373077 80.228939 150.869834 188.304801 203.266173 186.182233 148.348241 123.917634 124.360270 115.733238 102.955325 80.311283 71.756302 62.376559 54.282475 41.130509 34.325127 29.755452 19.883066 -1.034873 -46.030248 -96.514827 -146.763053 -199.614976 -223.599238 -244.645952 -266.466377 -269.292750 -270.741694 -263.700997 -262.325654 -256.862683 -245.163552 -224.606553 -203.512912 -194.406961 -187.680535 -175.718524 -152.952942 -121.060747 -81.677028 -31.345126 21.898128 57.300354 66.808709 55.532525 59.419732 78.638948 119.154135 200.074433 282.494001 379.784955 453.394687 543.634725 667.670204 703.177322 732.782361 779.179826 745.057465 489.181236 684.519347 -9999.0 -9999.0 -9999.0 -9999.0 -9999.0 -9999.0 -9999.0 -9999.0 -9999.0 -9999.0
-9999.0 -9999.0 -9999.0 -9999.0 -890.459960 -734.356424 -641.992024 -562.003938 -444.580285 -339.483944 -250.394544 -176.639065 -125.903157 -103.662555 -114.810207 -119.644639 -127.413975 -130.976669 -139.263045 -144.132175 -149.033501 -156.383981 -167.409360 -174.619459 -174.893451 -170.931618 -172.431298 -184.723919 -199.717814 -225.614040 -248.362504 -282.427771 -318.366528 -346.614441 -358.964520 -365.335182 -364.731725 -369.959710 -360.311981 -353.888893 -339.064752 -323.732262 -299.918763 -271.870754 -259.541148 -245.668852 -236.371060 -216.154612 -187.064484 -135.649492 -75.103441 -21.125752 10.549326 11.942652 -16.177526 -34.249356 -40.086194 -15.321010 27.530003 91.378333 186.579441 254.280160 316.292472 378.271270 425.312513 502.942102 675.394592 735.710733 -9999.0 -9999.0 -9999.0 -9999.0 -9999.0 -9999.0 -9999.0 -9999.0 -9999.0 -9999.0 -9999.0 -9999.0
-9999.0 -9999.0 -9999.0 -9999.0 -9999.0 -9999.0 -946.005786 -851.555500 -765.543110 -645.484996 -534.693103 -445.427044 -373.587532 -349.769344 -332.790293 -310.809394 -315.259281 -331.906345 -348.104215 -331.511072 -321.686267 -326.193406 -353.004112 -354.058891 -350.251178 -340.697559 -341.467272 -346.930249 -370.819194 -362.040024 -362.750755 -384.925533 -410.156049 -423.909095 -434.966859 -424.725656 -423.639851 -435.880519 -433.357447 -407.360686 -387.746159 -374.393027 -352.072276 -319.236941 -287.606105 -273.653748 -273.043141 -267.328982 -226.684562 -157.702095 -89.082204 -37.484466 -8.634349 -3.260789 -33.648247 -76.666699 -100.682191 -97.306814 -66.994260 -18.792821 51.798190 95.419636 122.259566 142.435304 168.834192 262.206070 -9999.0 -9999.0 -9999.0 -9999.0 -9999.0 -9999.0 -9999.0 -9999.0 -9999.0 -9999.0 -9999.0 -9999.0 -9999.0 -9999.0
-9999.0 -9999.0 -9999.0 -9999.0 -9999.0 -9999.0 -9999.0 -9999.0 -9999.0 -9999.0 -9999.0 -9999.0 -9999.0 -9999.0 -9999.0 -9999.0 -9999.0 -9999.0 -9999.0 -9999.0 -9999.0 -9999.0 -9999.0 -9999.0 -9999.0 -9999.0 -9999.0 -9999.0 -9999.0 -9999.0 -9999.0 -9999.0 -9999.0 -9999.0 -9999.0 -9999.0 -9999.0 -9999.0 -9999.0 -9999.0 -9999.0 -9999.0 -9999.0 -9999.0 -9999.0 -9999.0 -9999.0 -9999.0 -9999.0 -9999.0 -9999.0 -9999.0 -9999.0 -9999.0 -9999.0 -9999.0 -9999.0 -9999.0 -9999.0 -9999.0 -9999.0 -9999.0 -9999.0 -9999.0 -9999.0 -9999.0 -9999.0 -9999.0 -9999.0 -9999.0 -9999.0 -9999.0 -9999.0 -9999.0 -9999.0 -9999.0 -9999.0 -9999.0 -9999.0 -9999.0
-9999.0 -9999.0 -9999.0 -9999.0 -9999.0 -9999.0 -9999.0 -9999.0 -9999.0 -9999.0 -9999.0 -9999.0 -9999.0 -9999.0 -9999.0 -9999.0 -9999.0 -9999.0 -9999.0 -9999.0 -9999.0 -9999.0 -9999.0 -9999.0 -9999.0 -9999.0 -9999.0 -9999.0 -9999.0 -9999.0 -9999.0 -9999.0 -9999.0 -9999.0 -9999.0 -9999.0 -9999.0 -9999.0 -9999.0 -9999.0 -9999.0 -9999.0 -9999.0 -9999.0 -9999.0 -9999.0 -9999.0 -9999.0 -9999.0 -9999.0 -9999.0 -9999.0 -9999.0 -9999.0 -9999.0 -9999.0 -9999.0 -9999.0 -9999.0 -9999.0 -9999.0 -9999.0 -9999.0 -9999.0 -9999.0 -9999.0 -9999.0 -9999.0 -9999.0 -9999.0 -9999.0 -9999.0 -9999.0 -9999.0 -9999.0 -9999.0 -9999.0 -9999.0 -9999.0 -9999.0