Borden_/Borden1m_014/output_maps/psiliqL0000N0013.asc
ncols         80
nrows         18
xllcorner     620200.000000
yllcorner     5168000.000000
cellsize      1.000000
NODATA_value  -9999.0
-9999.0 -9999.0 -9999.0 -9999.0 -9999.0 -9999.0 -9999.0 -9999.0 -9999.0 -9999.0 -9999.0 -9999.0 -9999.0 -9999.0 -9999.0 -9999.0 -9999.0 -9999.0 -9999.0 -9999.0 -9999.0 -9999.0 -9999.0 -9999.0 -9999.0 -9999.0 -9999.0 -9999.0 -9999.0 -9999.0 -9999.0 -9999.0 -9999.0 -9999.0 -9999.0 -9999.0 -9999.0 -9999.0 -9999.0 -9999.0 -9999.0 -9999.0 -9999.0 -9999.0 -9999.0 -9999.0 -9999.0 -9999.0 -9999.0 -9999.0 -9999.0 -9999.0 -9999.0 -9999.0 -9999.0 -9999.0 -9999.0 -9999.0 -9999.0 -9999.0 -9999.0 -9999.0 -9999.0 -9999.0 -9999.0 -9999.0 -9999.0 -9999.0 -9999.0 -9999.0 -9999.0 -9999.0 -9999.0 -9999.0 -9999.0 -9999.0 -9999.0 -9999.0 -9999.0 -9999.0
-9999.0 -9999.0 -9999.0 -9999.0 -9999.0 -9999.0 -9999.0 -9999.0 -9999.0 -9999.0 -9999.0 -9999.0 -9999.0 -9999.0 -9999.0 -9999.0 -9999.0 -9999.0 -9999.0 -9999.0 -9999.0 -9999.0 -9999.0 -9999.0 -9999.0 -9999.0 -9999.0 -9999.0 -9999.0 -9999.0 -9999.0 -9999.0 -9999.0 -9999.0 -9999.0 -9999.0 -9999.0 -9999.0 -9999.0 -9999.0 -9999.0 -9999.0 -9999.0 -9999.0 -9999.0 -9999.0 -9999.0 -9999.0 -9999.0 -9999.0 -9999.0 -9999.0 -9999.0 -9999.0 -9999.0 -9999.0 -9999.0 -9999.0 -9999.0 -9999.0 -9999.0 -9999.0 -9999.0 -9999.0 -9999.0 -9999.0 -9999.0 -9999.0 -9999.0 -9999.0 -9999.0 -9999.0 -9999.0 -9999.0 -9999.0 -9999.0 -9999.0 -9999.0 -9999.0 -9999.0
-9999.0 -9999.0 -9999.0 -9999.0 -9999.0 -9999.0 -9999.0 -9999.0 -9999.0 -9999.0 -9999.0 -9999.0 -9999.0 -9999.0 -9999.0 -9999.0 -9999.0 -9999.0 -9999.0 -9999.0 -480.932026 -479.626376 -481.626656 -483.738861 -485.711058 -486.136246 -484.057039 -481.992718 -479.549158 -479.344818 -481.879936 -480.989062 -482.106228 -482.961311 -483.233834 -482.531749 -482.127837 -481.427100 -481.090394 -481.532747 -482.235302 -482.621471 -483.208159 -483.232360 -482.272768 -483.512245 -481.869918 -480.512017 -480.202907 -479.804255 -481.196143 -481.555783 -481.616766 -483.732992 -479.973569 -479.327135 -477.157487 -477.175520 -476.405286 -478.803917 -481.195012 -9999.0 -9999.0 -9999.0 -9999.0 -9999.0 -9999.0 -9999.0 -9999.0 -9999.0 -9999.0 -9999.0 -9999.0 -9999.0 -9999.0 -9999.0 -9999.0 -9999.0 -9999.0 -9999.0
-9999.0 -9999.0 -9999.0 -9999.0 -9999.0 -9999.0 -9999.0 -9999.0 -9999.0 -9999.0 -9999.0 -9999.0 -9999.0 -9999.0 -483.003973 -484.368826 -485.055995 -485.819665 -483.944168 -482.765741 -483.282022 -484.695342 -483.200671 -485.637182 -487.913558 -486.592799 -485.168780 -484.538727 -482.914029 -481.528996 -483.166073 -483.582791 -482.929805 -480.107883 -479.182270 -479.984224 -484.031993 -480.324854 -479.039137 -478.225828 -478.348386 -480.197447 -478.015411 -475.440740 -476.985400 -479.737200 -478.963017 -477.568748 -475.067227 -475.469406 -483.960549 -483.838311 -482.958386 -482.258208 -483.422318 -484.441095 -480.746050 -481.647343 -481.993516 -481.829847 -483.160886 -486.131843 -487.658596 -484.125213 -481.840302 -476.328210 -9999.0 -9999.0 -9999.0 -9999.0 -9999.0 -9999.0 -9999.0 -9999.0 -9999.0 -9999.0 -9999.0 -9999.0 -9999.0 -9999.0
-9999.0 -9999.0 -9999.0 -9999.0 -9999.0 -9999.0 -9999.0 -9999.0 -9999.0 -484.229263 -484.768237 -484.470996 -485.623919 -484.556809 -487.004835 -486.612854 -487.308670 -486.036372 -485.497318 -484.113123 -481.666060 -483.994350 -484.366983 -483.009122 -483.289866 -483.271987 -482.859516 -479.488629 -476.279118 -469.569303 -476.474184 -476.787843 -474.328431 -460.253276 -448.880081 -446.381280 -451.310495 -451.457316 -445.204466 -438.162218 -439.176452 -440.088014 -432.533833 -428.762776 -425.888304 -432.203757 -437.931406 -439.029682 -428.886562 -444.843292 -459.934202 -475.780661 -472.937998 -476.833203 -481.017827 -482.152440 -483.172904 -478.978143 -480.056560 -482.893443 -485.198113 -483.386019 -485.113430 -483.459946 -483.039782 -479.071211 -475.880821 -472.511260 -472.354166 -474.654619 -9999.0 -9999.0 -9999.0 -9999.0 -9999.0 -9999.0 -9999.0 -9999.0 -9999.0 -9999.0
-9999.0 -9999.0 -9999.0 -9999.0 -9999.0 -9999.0 -485.607856 -485.950415 -485.354314 -488.497664 -486.864665 -488.522509 -487.458967 -487.296916 -486.845617 -487.377616 -485.900595 -484.967063 -483.185130 -480.805507 -478.338291 -480.748773 -480.310850 -476.736660 -469.864532 -458.531328 -453.475832 -445.996096 -421.843704 -403.003559 -392.978900 -388.563913 -371.420031 -68.574137 0.033623 0.060240 0.037196 0.023671 0.034168 0.056176 0.060737 0.047263 0.052408 0.050669 0.089354 0.075381 0.047977 0.047634 0.048864 0.041788 -51.493781 -368.553751 -409.907915 -428.098581 -450.067750 -463.418623 -469.565820 -465.994170 -470.602067 -477.218252 -480.800404 -479.966441 -480.346465 -482.133120 -481.184246 -479.834979 -477.466239 -475.793997 -476.886120 -478.092354 -478.483714 -481.290305 -480.671041 -477.867736 -9999.0 -9999.0 -9999.0 -9999.0 -9999.0 -9999.0
-9999.0 -9999.0 -9999.0 -9999.0 -489.503317 -488.292482 -492.247569 -490.256243 -488.964744 -488.209936 -488.943248 -487.498872 -487.668037 -486.956759 -485.007771 -484.213745 -481.775595 -480.542531 -474.981654 -460.743904 -445.547882 -438.145400 -435.659697 -411.871510 -336.974955 -35.993501 0.024237 0.036327 0.043676 0.072312 0.094872 0.088605 0.098529 0.133301 0.197577 0.623554 0.231069 0.188863 0.227606 0.245847 1.781802 2.099704 3.051480 2.996455 5.044578 7.008607 0.326289 0.202911 0.205815 0.208605 0.149835 0.076021 0.061905 0.056734 0.046764 -21.053625 -331.741338 -387.425824 -420.250577 -437.095466 -455.938975 -465.529648 -470.596418 -472.991905 -477.393518 -476.023222 -474.198188 -476.244348 -478.679505 -481.036571 -480.602578 -481.546239 -483.370614 -479.392328 -478.666310 -474.881085 -9999.0 -9999.0 -9999.0 -9999.0
-9999.0 -9999.0 -489.078287 -489.564109 -486.616987 -489.095067 -490.553933 -492.612618 -492.317500 -489.873487 -485.574406 -485.100399 -483.139374 -482.688098 -476.978803 -458.870424 -440.114696 -427.724604 -399.228529 -78.377677 0.019323 0.043149 0.043294 0.055082 0.081678 0.144879 0.177988 0.211229 0.273965 6.975077 31.672547 46.846821 52.089938 46.248837 45.763704 43.092422 42.205682 37.949630 21.675082 19.460364 26.526812 28.442608 32.032056 19.906801 16.240730 28.537286 30.852060 31.188401 33.700217 41.793582 52.642716 24.253829 0.231015 0.229261 0.264629 0.138685 0.082887 0.065719 0.070872 0.045236 -50.570392 -359.800910 -412.379497 -433.445296 -454.546407 -460.689366 -468.770662 -473.118981 -477.046635 -481.216578 -481.943270 -482.169798 -480.954383 -481.922487 -479.922366 -478.795828 -476.546903 -475.928323 -9999.0 -9999.0
-9999.0 -489.414623 -491.247594 -486.210898 -486.687032 -486.589510 -486.399482 -486.253536 -485.497552 -488.562504 -477.541930 -455.257877 -435.394204 -429.977267 -404.562427 -82.928952 0.030517 0.054511 0.067437 0.108162 0.158259 0.241679 0.447918 29.827204 52.244719 48.043377 44.152917 43.587024 34.569926 27.392522 17.435237 25.332110 24.564096 9.566784 0.443271 0.561270 0.469746 0.255663 0.184463 0.145768 0.167300 0.380238 0.224200 0.160353 0.131753 0.196792 0.388264 0.216662 0.139614 0.196292 0.356701 4.289832 20.816069 34.566887 54.440742 32.809543 1.015782 0.223008 0.230607 0.177490 0.115223 0.073158 0.045665 -28.620565 -330.749462 -415.783108 -440.320331 -457.826639 -469.092270 -472.637115 -474.501593 -480.611659 -481.545770 -479.312328 -480.126462 -480.171771 -479.332800 -478.777512 -9999.0 -9999.0
-9999.0 -495.221399 -490.290963 -485.980334 -481.791662 -484.286185 -463.816550 -447.275847 -443.957992 -454.845641 -416.807461 -19.064146 0.077530 0.056044 0.091247 0.208498 16.901249 38.187948 51.701610 41.991040 35.799918 37.707498 32.884243 24.377494 10.796238 4.787419 4.087721 3.193751 0.379722 0.274147 0.202353 0.297082 0.210537 0.138488 0.112235 0.092270 0.095461 0.082992 0.064123 0.053585 0.039913 0.081565 0.059434 0.045843 0.037816 0.052624 0.096378 0.062781 0.057823 0.073411 0.110891 0.149824 0.162694 0.189959 0.255583 5.598814 23.856677 43.113396 48.951302 25.126661 0.367132 0.188589 0.167192 0.113208 0.070034 0.029321 -61.603037 -377.035296 -420.683319 -437.739210 -455.577013 -466.179678 -474.684270 -475.059183 -479.415790 -478.822594 -9999.0 -9999.0 -9999.0 -9999.0
-9999.0 -495.311456 -490.707160 -482.040808 -463.977907 -434.512252 -64.835549 0.052829 0.081117 0.151511 0.342593 41.498489 48.840607 32.287839 5.790523 1.902158 7.459890 9.343344 5.572473 0.486284 0.345014 0.361535 0.406855 0.312168 0.258622 0.226566 0.216779 0.213392 0.150055 0.122691 0.086056 0.088825 0.064271 0.007070 -66.535539 -361.717115 -409.522215 -412.045526 -417.590805 -429.033668 -434.000785 -438.143064 -432.615256 -434.133349 -434.804134 -432.029573 -424.863164 -420.069155 -400.637991 -362.248608 -55.231903 0.033482 0.050734 0.070217 0.104686 0.147335 0.174721 0.198710 0.388032 25.757126 45.703644 38.400099 10.283107 0.291915 0.162695 0.124872 0.112180 0.059712 0.031964 -50.401871 -346.897821 -413.000069 -444.346604 -463.246367 -468.269929 -9999.0 -9999.0 -9999.0 -9999.0 -9999.0
-9999.0 -503.210148 -490.040918 -483.324201 -447.526426 -73.816468 0.064059 0.352843 32.860990 0.296747 0.117716 0.158389 0.322967 0.345703 0.183753 0.186875 0.154184 0.140695 0.258780 0.137340 0.097861 0.083345 0.118515 0.095290 0.079015 0.074596 0.075337 0.066511 0.033314 -50.157482 -382.953250 -401.667572 -430.932424 -449.145870 -461.104913 -471.170005 -478.451138 -477.804959 -474.520649 -476.761815 -479.066390 -482.062025 -478.627190 -477.367458 -475.887681 -478.058159 -478.099697 -474.170336 -467.870802 -461.916550 -447.377160 -430.169439 -413.889861 -373.835892 -66.897526 0.020201 0.048421 0.064061 0.107426 0.191107 0.260963 0.970708 36.270038 54.638298 16.973981 0.276006 0.226651 0.185112 0.131155 0.100903 0.065880 0.017382 -238.810992 -9999.0 -9999.0 -9999.0 -9999.0 -9999.0 -9999.0 -9999.0
-9999.0 -507.459686 -492.834102 -492.031892 -479.124645 -452.584896 -410.361766 -90.546987 0.030084 0.031298 0.041770 0.049910 0.060559 0.096495 0.059704 0.041026 0.026069 0.038374 0.033539 -41.412150 -315.314591 -366.027918 -366.525076 -375.181871 -398.806906 -408.222682 -412.958298 -421.983244 -433.732249 -448.359207 -469.452492 -477.106350 -482.311358 -483.382168 -484.343368 -485.506153 -489.130279 -486.631413 -484.998141 -485.343817 -486.490331 -487.538728 -484.746503 -484.128785 -483.332193 -486.275964 -484.586569 -483.720228 -481.150944 -478.901103 -475.477357 -469.943455 -462.099531 -457.092179 -450.851150 -438.571630 -424.592073 -388.248755 -55.877016 0.047417 0.107162 0.134851 0.193086 0.296940 0.362758 9.889692 19.226324 2.324378 0.285188 0.249011 0.216675 -9999.0 -9999.0 -9999.0 -9999.0 -9999.0 -9999.0 -9999.0 -9999.0 -9999.0
-9999.0 -9999.0 -510.528404 -504.874285 -500.134737 -496.022549 -490.381662 -483.130590 -476.089254 -468.092899 -457.092652 -444.889314 -437.396772 -433.802744 -438.846613 -449.523903 -455.560890 -454.746657 -456.450019 -460.684185 -470.152300 -471.375290 -472.300361 -472.867013 -474.840378 -475.552017 -475.695282 -476.097552 -477.306973 -481.054260 -484.044616 -485.906747 -488.619128 -487.785775 -487.984674 -489.032512 -487.659647 -487.967942 -487.692631 -487.928399 -487.647138 -487.151899 -486.749355 -486.053929 -486.235722 -486.052386 -485.980499 -485.401285 -484.575730 -483.643798 -481.194386 -477.228526 -474.401479 -473.974384 -476.204153 -475.650269 -473.452889 -468.225946 -444.179704 -409.122877 -72.164972 0.027137 0.066373 0.121228 0.129978 0.142026 0.209257 1.279900 1.499478 0.425074 -9999.0 -9999.0 -9999.0 -9999.0 -9999.0 -9999.0 -9999.0 -9999.0 -9999.0 -9999.0
-9999.0 -9999.0 -9999.0 -9999.0 -513.113505 -505.034515 -497.420070 -498.669039 -493.525368 -491.061569 -489.181584 -486.863893 -485.036317 -483.620772 -485.916231 -486.059169 -486.230282 -485.688217 -486.016356 -486.531229 -486.645311 -486.835837 -486.984774 -487.427910 -487.090857 -486.508472 -486.267006 -487.047557 -486.623002 -488.061453 -487.745300 -488.330089 -488.955912 -489.987259 -489.524025 -489.581935 -488.950262 -489.575770 -488.652165 -489.338351 -488.733764 -488.587813 -487.983098 -486.870458 -487.685997 -487.045399 -487.205272 -486.478747 -486.771207 -485.175797 -482.430911 -479.253924 -477.188395 -477.520930 -481.012532 -482.114383 -483.172771 -481.375780 -478.884765 -472.437504 -450.651738 -427.412372 -390.226698 -63.756506 0.015978 0.044655 0.089630 0.174786 -9999.0 -9999.0 -9999.0 -9999.0 -9999.0 -9999.0 -9999.0 -9999.0 -9999.0 -9999.0 -9999.0 -9999.0
-9999.0 -9999.0 -9999.0 -9999.0 -9999.0 -9999.0 -509.418591 -505.335179 -506.795041 -503.934767 -501.538569 -499.852114 -496.983283 -497.712860 -496.831829 -494.244293 -494.559336 -495.691983 -497.200200 -494.876339 -493.868077 -493.546790 -495.992987 -495.184732 -494.925886 -493.978222 -494.078539 -493.527537 -495.603826 -492.842356 -491.438387 -491.711345 -491.958020 -491.285091 -491.793146 -490.092577 -489.888398 -491.216144 -491.664672 -489.837326 -489.442812 -489.885049 -489.748730 -488.765017 -487.166039 -487.087179 -488.043991 -489.470734 -488.199394 -485.113986 -482.085304 -479.708356 -478.209657 -477.427561 -480.006532 -483.833439 -485.795217 -486.425196 -485.475799 -483.679310 -477.673961 -474.033742 -471.204846 -465.076736 -456.641163 -426.400785 -9999.0 -9999.0 -9999.0 -9999.0 -9999.0 -9999.0 -9999.0 -9999.0 -9999.0 -9999.0 -9999.0 -9999.0 -9999.0 -9999.0
-9999.0 -9999.0 -9999.0 -9999.0 -9999.0 -9999.0 -9999.0 -9999.0 -9999.0 -9999.0 -9999.0 -9999.0 -9999.0 -9999.0 -9999.0 -9999.0 -9999.0 -9999.0 -9999.0 -9999.0 -9999.0 -9999.0 -9999.0 -9999.0 -9999.0 -9999.0 -9999.0 -9999.0 -9999.0 -9999.0 -9999.0 -9999.0 -9999.0 -9999.0 -9999.0 -9999.0 -9999.0 -9999.0 -9999.0 -9999.0 -9999.0 -9999.0 -9999.0 -9999.0 -9999.0 -9999.0 -9999.0 -9999.0 -9999.0 -9999.0 -9999.0 -9999.0 -9999.0 -9999.0 -9999.0 -9999.0 -9999.0 -9999.0 -9999.0 -9999.0 -9999.0 -9999.0 -9999.0 -9999.0 -9999.0 -9999.0 -9999.0 -9999.0 -9999.0 -9999.0 -9999.0 -9999.0 -9999.0 -9999.0 -9999.0 -9999.0 -9999.0 -9999.0 -9999.0 -9999.0
-9999.0 -9999.0 -9999.0 -9999.0 -9999.0 -9999.0 -9999.0 -9999.0 -9999.0 -9999.0 -9999.0 -9999.0 -9999.0 -9999.0 -9999.0 -9999.0 -9999.0 -9999.0 -9999.0 -9999.0 -9999.0 -9999.0 -9999.0 -9999.0 -9999.0 -9999.0 -9999.0 -9999.0 -9999.0 -9999.0 -9999.0 -9999.0 -9999.0 -9999.0 -9999.0 -9999.0 -9999.0 -9999.0 -9999.0 -9999.0 -9999.0 -9999.0 -9999.0 -9999.0 -9999.0 -9999.0 -9999.0 -9999.0 -9999.0 -9999.0 -9999.0 -9999.0 -9999.0 -9999.0 -9999.0 -9999.0 -9999.0 -9999.0 -9999.0 -9999.0 -9999.0 -9999.0 -9999.0 -9999.0 -9999.0 -9999.0 -9999.0 -9999.0 -9999.0 -9999.0 -9999.0 -9999.0 -9999.0 -9999.0 -9999.0 -9999.0 -9999.0 -9999.0 -9999.0 -9999.0