Borden_/Borden1m_014/output_maps/psiliqL0020N0004.asc
ncols         80
nrows         18
xllcorner     620200.000000
yllcorner     5168000.000000
cellsize      1.000000
NODATA_value  -9999.0
-9999.0 -9999.0 -9999.0 -9999.0 -9999.0 -9999.0 -9999.0 -9999.0 -9999.0 -9999.0 -9999.0 -9999.0 -9999.0 -9999.0 -9999.0 -9999.0 -9999.0 -9999.0 -9999.0 -9999.0 -9999.0 -9999.0 -9999.0 -9999.0 -9999.0 -9999.0 -9999.0 -9999.0 -9999.0 -9999.0 -9999.0 -9999.0 -9999.0 -9999.0 -9999.0 -9999.0 -9999.0 -9999.0 -9999.0 -9999.0 -9999.0 -9999.0 -9999.0 -9999.0 -9999.0 -9999.0 -9999.0 -9999.0 -9999.0 -9999.0 -9999.0 -9999.0 -9999.0 -9999.0 -9999.0 -9999.0 -9999.0 -9999.0 -9999.0 -9999.0 -9999.0 -9999.0 -9999.0 -9999.0 -9999.0 -9999.0 -9999.0 -9999.0 -9999.0 -9999.0 -9999.0 -9999.0 -9999.0 -9999.0 -9999.0 -9999.0 -9999.0 -9999.0 -9999.0 -9999.0
-9999.0 -9999.0 -9999.0 -9999.0 -9999.0 -9999.0 -9999.0 -9999.0 -9999.0 -9999.0 -9999.0 -9999.0 -9999.0 -9999.0 -9999.0 -9999.0 -9999.0 -9999.0 -9999.0 -9999.0 -9999.0 -9999.0 -9999.0 -9999.0 -9999.0 -9999.0 -9999.0 -9999.0 -9999.0 -9999.0 -9999.0 -9999.0 -9999.0 -9999.0 -9999.0 -9999.0 -9999.0 -9999.0 -9999.0 -9999.0 -9999.0 -9999.0 -9999.0 -9999.0 -9999.0 -9999.0 -9999.0 -9999.0 -9999.0 -9999.0 -9999.0 -9999.0 -9999.0 -9999.0 -9999.0 -9999.0 -9999.0 -9999.0 -9999.0 -9999.0 -9999.0 -9999.0 -9999.0 -9999.0 -9999.0 -9999.0 -9999.0 -9999.0 -9999.0 -9999.0 -9999.0 -9999.0 -9999.0 -9999.0 -9999.0 -9999.0 -9999.0 -9999.0 -9999.0 -9999.0
-9999.0 -9999.0 -9999.0 -9999.0 -9999.0 -9999.0 -9999.0 -9999.0 -9999.0 -9999.0 -9999.0 -9999.0 -9999.0 -9999.0 -9999.0 -9999.0 -9999.0 -9999.0 -9999.0 -9999.0 2138.167154 2140.279880 2119.051657 2086.023251 2058.927067 2062.001917 2096.818535 2138.846466 2178.709997 2188.643811 2171.330299 2175.334076 2171.257558 2168.305082 2169.442371 2176.550486 2181.937270 2192.058137 2199.588878 2198.341097 2192.069131 2187.800946 2190.263798 2193.611969 2200.072986 2187.329182 2201.560050 2216.146765 2219.932287 2215.047718 2188.916181 2174.349710 2164.791058 2148.043300 2172.343916 2182.922662 2204.629820 2207.802042 2204.979606 2177.461244 2146.984776 -9999.0 -9999.0 -9999.0 -9999.0 -9999.0 -9999.0 -9999.0 -9999.0 -9999.0 -9999.0 -9999.0 -9999.0 -9999.0 -9999.0 -9999.0 -9999.0 -9999.0 -9999.0 -9999.0
-9999.0 -9999.0 -9999.0 -9999.0 -9999.0 -9999.0 -9999.0 -9999.0 -9999.0 -9999.0 -9999.0 -9999.0 -9999.0 -9999.0 2046.852550 2038.086911 2035.866552 2044.349440 2077.913377 2108.500602 2120.336227 2113.475053 2114.233774 2091.090757 2070.488902 2084.948102 2115.689507 2147.803931 2182.972504 2203.147341 2193.347990 2191.894231 2200.608493 2223.071630 2233.051544 2229.445669 2210.402115 2234.187472 2248.470908 2254.934046 2254.167869 2246.083921 2258.182526 2274.566655 2268.613977 2252.441124 2259.624536 2271.559150 2281.574505 2269.740910 2208.068018 2191.680722 2186.829233 2180.267667 2165.515956 2159.367869 2185.080550 2183.518892 2174.628283 2156.139893 2122.478442 2077.387557 2057.912793 2096.669776 2139.584263 2195.601710 -9999.0 -9999.0 -9999.0 -9999.0 -9999.0 -9999.0 -9999.0 -9999.0 -9999.0 -9999.0 -9999.0 -9999.0 -9999.0 -9999.0
-9999.0 -9999.0 -9999.0 -9999.0 -9999.0 -9999.0 -9999.0 -9999.0 -9999.0 1988.121973 1993.804900 2001.583893 2004.712444 2020.661455 2018.013186 2025.541065 2031.753492 2059.594244 2090.457923 2125.243863 2153.476983 2145.373767 2145.934569 2154.052418 2154.277663 2165.558566 2188.065908 2228.605240 2265.225972 2305.184564 2276.058895 2273.696641 2292.370666 2336.058773 2363.030605 2366.397013 2347.520439 2359.966175 2383.940371 2402.732952 2401.322823 2398.578081 2425.520670 2442.855997 2441.980791 2421.168649 2413.499551 2415.172293 2440.559750 2388.842302 2322.513466 2277.732992 2286.587065 2260.077009 2226.972734 2209.530675 2207.065731 2226.249519 2211.380121 2174.189650 2138.324476 2125.759415 2107.371020 2125.231080 2146.917912 2192.176759 2230.681797 2258.947032 2257.690514 2239.813019 -9999.0 -9999.0 -9999.0 -9999.0 -9999.0 -9999.0 -9999.0 -9999.0 -9999.0 -9999.0
-9999.0 -9999.0 -9999.0 -9999.0 -9999.0 -9999.0 1908.316429 1918.965895 1940.268623 1944.526390 1971.184328 1978.294172 1998.944998 2017.965982 2040.197743 2055.512218 2083.881217 2116.219219 2155.274922 2196.391712 2227.479770 2220.167596 2230.165546 2256.447846 2291.050923 2316.817097 2342.641135 2383.658195 2460.367756 2503.033532 2505.791647 2510.153608 2519.489792 2568.498227 2631.233870 2640.945797 2619.672092 2605.496602 2627.205083 2664.057955 2666.683418 2669.125282 2688.180905 2704.287097 2733.460164 2722.034063 2677.645632 2664.364898 2666.103821 2645.493289 2579.709688 2518.385455 2490.028097 2438.046645 2354.176285 2303.583936 2316.724124 2337.765626 2310.294579 2256.777814 2217.348076 2207.026260 2191.796433 2179.867687 2187.769698 2207.444247 2229.217993 2240.484671 2226.956705 2205.077804 2182.130597 2153.043496 2154.759613 2179.504392 -9999.0 -9999.0 -9999.0 -9999.0 -9999.0 -9999.0
-9999.0 -9999.0 -9999.0 -9999.0 1857.492408 1870.952015 1858.276653 1884.888720 1918.276816 1953.161106 1983.821897 2019.325149 2045.812134 2075.354975 2112.714747 2141.631083 2179.780241 2213.902342 2266.594464 2332.762339 2381.955859 2402.337896 2417.050047 2475.523410 2537.748732 2590.420826 2613.146028 2643.173490 2693.634961 2758.096704 2786.989003 2793.423585 2810.409489 2848.294445 2898.546562 2816.191619 2799.225375 2791.050920 2798.838416 2811.136301 2833.201405 2833.356234 2834.459862 2837.575568 2843.798722 2843.028837 2818.644085 2786.366755 2891.223415 2880.792109 2846.689467 2775.496269 2737.800896 2702.865930 2659.358638 2603.282352 2545.205417 2535.632110 2476.933773 2416.568097 2356.670203 2337.885849 2308.712239 2284.994493 2259.527632 2264.068828 2269.402198 2249.721201 2216.956612 2184.615195 2169.467749 2150.379627 2138.562515 2168.659939 2186.026805 2215.754495 -9999.0 -9999.0 -9999.0 -9999.0
-9999.0 -9999.0 1797.443407 1844.717205 1902.225265 1910.535116 1908.705784 1914.592809 1943.596277 1995.782632 2066.241988 2111.163271 2148.418144 2182.044450 2238.832027 2309.880859 2377.604960 2425.664457 2489.376530 2561.873534 2624.687484 2655.782990 2673.235508 2720.371143 2780.046654 2848.359871 2878.071414 2907.221506 2810.635837 2843.861488 2844.962720 2857.121746 2867.570664 2875.522407 2886.018456 2890.584476 2886.494870 2881.998514 2863.989415 2859.510616 2866.090157 2872.376314 2872.693808 2858.690900 2854.802027 2869.153794 2874.170647 2872.826784 2871.610352 2877.380717 2876.805108 2833.508104 2806.751447 2792.945043 2907.690045 2860.427060 2794.107948 2755.823785 2731.162985 2679.122414 2597.954984 2547.597142 2496.668183 2450.960978 2400.821935 2375.328191 2332.765781 2293.016492 2248.019959 2202.407332 2179.093774 2161.514713 2159.051129 2158.606844 2175.126992 2190.368859 2205.858036 2213.714324 -9999.0 -9999.0
-9999.0 1690.886818 1762.586838 1886.651061 1965.965217 2007.817175 2030.110096 2045.803440 2075.131835 2106.371316 2203.228445 2274.856609 2363.790219 2403.436026 2450.592626 2545.460567 2643.038241 2697.639125 2742.582619 2806.046686 2871.103869 2798.764137 2823.855465 2817.678259 2853.102611 2873.643345 2878.796632 2883.632778 2881.258895 2873.038154 2865.587361 2872.551544 2870.118742 2851.814963 2836.570002 2835.063591 2831.747384 2809.286251 2911.298155 2890.393133 2887.684965 2793.876497 2896.078913 2875.718588 2874.064227 2899.621673 2797.058978 2787.039680 2911.827860 2790.700656 2823.993433 2846.282327 2851.601771 2869.008480 2889.863008 2862.670973 2838.187205 2797.041658 2918.193646 2885.751705 2823.699175 2761.454145 2701.669003 2636.310498 2570.632797 2507.140353 2446.596949 2386.792444 2323.782973 2283.911505 2253.568289 2204.655188 2185.854926 2188.996382 2181.484511 2179.044832 2185.217078 2191.582245 -9999.0 -9999.0
-9999.0 1602.567775 1743.030220 1923.894825 2069.680956 2120.595984 2205.025462 2276.319948 2300.710061 2262.203180 2368.387048 2588.946602 2709.392515 2732.201488 2807.599855 2793.049445 2791.066149 2820.083461 2840.925274 2857.465318 2870.937340 2881.922686 2879.438748 2873.408758 2857.697038 2849.892650 2849.348468 2847.446049 2830.818935 2812.518074 2796.129352 2793.707326 2916.230058 2862.548279 2824.216980 2803.842196 2784.641681 2765.565386 2732.024063 2698.189515 2674.713156 2685.311977 2681.436337 2664.353770 2662.189580 2689.635926 2726.302838 2728.954544 2744.110406 2765.558742 2804.130818 2844.111257 2868.486059 2902.481019 2801.553386 2846.072246 2857.597678 2879.392942 2883.220575 2868.926458 2825.244549 2917.335029 2879.768233 2814.358466 2742.124856 2659.781898 2595.458742 2534.444912 2466.439205 2421.226775 2372.730319 2312.799448 2261.280952 2244.647598 2207.721721 2191.112405 -9999.0 -9999.0 -9999.0 -9999.0
-9999.0 1512.087586 1695.370777 1943.291107 2227.281779 2319.770375 2526.180370 2655.749383 2709.296980 2781.165895 2715.558489 2801.454827 2841.980357 2834.094321 2838.592904 2839.934205 2852.939653 2853.142293 2848.268453 2837.892946 2829.096290 2825.112659 2823.833722 2816.035744 2803.670045 2789.471840 2921.322534 2904.244299 2863.369365 2828.903475 2789.542569 2772.233110 2725.738831 2622.834449 2576.256187 2535.666853 2475.198371 2471.071392 2467.973675 2436.145572 2414.279468 2387.166748 2411.681875 2420.260622 2424.756801 2425.864084 2442.500924 2473.137966 2521.803656 2558.915967 2602.089836 2654.372196 2694.289486 2742.533508 2789.664188 2848.320655 2886.582814 2923.004517 2827.627655 2863.989912 2886.040535 2874.010874 2852.568338 2811.181671 2886.233578 2821.626731 2774.056859 2702.354373 2636.517464 2581.883103 2527.741369 2465.190453 2395.433214 2327.788494 2289.689287 -9999.0 -9999.0 -9999.0 -9999.0 -9999.0
-9999.0 1311.356309 1576.324490 1852.049662 2145.308916 2479.856866 2636.056028 2752.775888 2824.857518 2804.314155 2823.341662 2841.023315 2785.933772 2791.443624 2879.254466 2867.172080 2852.916886 2853.684975 2868.857282 2845.173522 2818.759486 2808.098829 2810.079567 2799.937340 2776.437758 2758.502107 2744.679624 2717.987506 2664.095364 2610.697941 2525.910728 2490.954293 2409.235809 2358.758650 2315.262832 2264.996719 2215.476698 2216.212835 2235.367065 2221.179926 2198.146935 2179.160186 2206.401555 2226.100022 2239.481834 2226.987834 2236.423429 2272.413129 2321.328215 2364.352116 2411.805113 2465.105074 2510.555391 2558.334962 2589.876667 2640.011862 2695.394235 2748.635313 2826.126637 2910.499972 2807.488845 2840.293641 2871.361291 2892.073206 2850.402329 2821.738935 2798.615866 2854.119248 2783.276088 2733.233365 2692.852723 2618.319133 2548.031729 -9999.0 -9999.0 -9999.0 -9999.0 -9999.0 -9999.0 -9999.0
-9999.0 1191.743555 1397.262697 1606.810586 1872.162084 2104.494984 2311.766609 2412.251521 2490.334673 2547.055060 2595.107795 2634.634586 2668.240909 2693.952480 2673.519266 2627.905848 2596.985135 2601.801279 2596.488528 2575.620503 2548.847873 2536.322128 2534.604002 2529.011288 2505.707208 2491.428316 2479.065810 2453.167533 2421.945091 2366.703315 2290.396273 2216.386410 2158.166875 2130.782967 2103.098043 2072.282779 2040.440236 2051.224572 2062.578580 2059.877714 2050.421351 2048.283895 2076.868038 2095.972420 2105.964089 2095.212164 2114.534842 2140.010632 2179.804806 2221.744435 2268.829813 2321.310495 2373.197980 2400.202557 2411.355202 2433.488878 2472.225585 2527.341148 2614.954205 2716.186075 2800.772622 2855.879347 2914.396529 2810.080403 2835.369076 2864.344928 2881.846461 2870.056655 2843.759446 2812.760467 2810.111633 -9999.0 -9999.0 -9999.0 -9999.0 -9999.0 -9999.0 -9999.0 -9999.0 -9999.0
-9999.0 -9999.0 1167.342507 1331.588923 1448.204882 1617.333664 1761.520469 1868.688449 1962.954264 2090.541009 2204.915984 2294.860366 2340.778570 2358.742592 2345.250787 2315.186944 2295.897327 2296.017862 2285.862677 2278.071309 2261.659525 2255.612635 2244.055657 2236.221120 2228.491786 2224.153659 2218.669860 2207.503465 2187.037004 2142.430280 2099.122909 2051.071351 2000.571443 1976.361461 1955.699513 1935.907152 1936.757279 1932.103452 1937.212552 1938.933776 1946.630161 1959.583613 1979.093181 2001.299751 2011.030359 2020.567595 2032.514711 2055.418474 2087.149174 2128.250967 2180.820665 2237.337063 2275.795380 2286.929794 2275.141342 2277.555624 2294.430647 2333.942520 2410.223168 2492.455072 2591.363132 2667.652779 2749.314905 2809.305854 2835.504650 2865.651414 2812.118273 2856.552548 2888.208782 2868.378328 -9999.0 -9999.0 -9999.0 -9999.0 -9999.0 -9999.0 -9999.0 -9999.0 -9999.0 -9999.0
-9999.0 -9999.0 -9999.0 -9999.0 1189.187280 1339.020805 1434.702293 1514.755872 1644.611039 1768.630414 1870.969735 1955.679687 2020.543174 2047.359607 2045.628927 2055.997373 2053.189515 2046.143419 2036.470850 2038.540831 2040.593049 2034.272375 2019.455086 2012.775327 2014.850821 2020.658377 2017.965741 2004.376447 1986.576912 1967.923708 1951.244944 1919.073824 1885.221109 1857.102819 1844.706618 1840.336655 1840.421207 1833.181197 1841.692714 1849.578907 1864.926357 1879.921377 1903.367810 1932.452175 1946.487705 1961.131607 1970.298625 1989.834417 2019.414407 2071.797206 2134.212920 2191.156794 2226.418773 2229.628930 2203.972085 2186.798672 2180.689113 2205.770866 2246.519957 2308.888317 2408.400949 2482.722191 2540.886124 2589.836343 2630.933354 2695.627314 2779.589754 2836.030636 -9999.0 -9999.0 -9999.0 -9999.0 -9999.0 -9999.0 -9999.0 -9999.0 -9999.0 -9999.0 -9999.0 -9999.0
-9999.0 -9999.0 -9999.0 -9999.0 -9999.0 -9999.0 1153.636325 1255.988070 1329.729377 1472.955776 1608.541409 1711.705904 1792.864904 1826.220491 1855.720473 1884.094989 1883.481224 1864.722923 1845.022021 1865.506797 1882.042159 1876.476075 1846.025238 1846.652145 1852.447505 1860.492066 1858.132541 1852.079620 1827.656139 1841.909343 1844.883739 1822.730899 1797.776373 1785.040509 1773.805193 1783.906057 1784.358873 1770.596724 1770.556042 1797.799045 1818.304099 1831.194253 1852.510737 1885.543156 1917.790797 1933.031540 1934.017654 1939.301993 1977.635556 2046.762615 2117.820106 2172.764336 2204.597657 2211.586341 2183.534159 2142.176479 2120.301106 2125.124557 2156.785499 2205.343248 2277.810174 2324.808103 2349.034462 2362.487939 2383.233193 2481.479038 -9999.0 -9999.0 -9999.0 -9999.0 -9999.0 -9999.0 -9999.0 -9999.0 -9999.0 -9999.0 -9999.0 -9999.0 -9999.0 -9999.0
-9999.0 -9999.0 -9999.0 -9999.0 -9999.0 -9999.0 -9999.0 -9999.0 -9999.0 -9999.0 -9999.0 -9999.0 -9999.0 -9999.0 -9999.0 -9999.0 -9999.0 -9999.0 -9999.0 -9999.0 -9999.0 -9999.0 -9999.0 -9999.0 -9999.0 -9999.0 -9999.0 -9999.0 -9999.0 -9999.0 -9999.0 -9999.0 -9999.0 -9999.0 -9999.0 -9999.0 -9999.0 -9999.0 -9999.0 -9999.0 -9999.0 -9999.0 -9999.0 -9999.0 -9999.0 -9999.0 -9999.0 -9999.0 -9999.0 -9999.0 -9999.0 -9999.0 -9999.0 -9999.0 -9999.0 -9999.0 -9999.0 -9999.0 -9999.0 -9999.0 -9999.0 -9999.0 -9999.0 -9999.0 -9999.0 -9999.0 -9999.0 -9999.0 -9999.0 -9999.0 -9999.0 -9999.0 -9999.0 -9999.0 -9999.0 -9999.0 -9999.0 -9999.0 -9999.0 -9999.0
-9999.0 -9999.0 -9999.0 -9999.0 -9999.0 -9999.0 -9999.0 -9999.0 -9999.0 -9999.0 -9999.0 -9999.0 -9999.0 -9999.0 -9999.0 -9999.0 -9999.0 -9999.0 -9999.0 -9999.0 -9999.0 -9999.0 -9999.0 -9999.0 -9999.0 -9999.0 -9999.0 -9999.0 -9999.0 -9999.0 -9999.0 -9999.0 -9999.0 -9999.0 -9999.0 -9999.0 -9999.0 -9999.0 -9999.0 -9999.0 -9999.0 -9999.0 -9999.0 -9999.0 -9999.0 -9999.0 -9999.0 -9999.0 -9999.0 -9999.0 -9999.0 -9999.0 -9999.0 -9999.0 -9999.0 -9999.0 -9999.0 -9999.0 -9999.0 -9999.0 -9999.0 -9999.0 -9999.0 -9999.0 -9999.0 -9999.0 -9999.0 -9999.0 -9999.0 -9999.0 -9999.0 -9999.0 -9999.0 -9999.0 -9999.0 -9999.0 -9999.0 -9999.0 -9999.0 -9999.0