Borden_/Borden1m_014/output_maps/psiliqL0021N0014.asc
ncols         80
nrows         18
xllcorner     620200.000000
yllcorner     5168000.000000
cellsize      1.000000
NODATA_value  -9999.0
-9999.0 -9999.0 -9999.0 -9999.0 -9999.0 -9999.0 -9999.0 -9999.0 -9999.0 -9999.0 -9999.0 -9999.0 -9999.0 -9999.0 -9999.0 -9999.0 -9999.0 -9999.0 -9999.0 -9999.0 -9999.0 -9999.0 -9999.0 -9999.0 -9999.0 -9999.0 -9999.0 -9999.0 -9999.0 -9999.0 -9999.0 -9999.0 -9999.0 -9999.0 -9999.0 -9999.0 -9999.0 -9999.0 -9999.0 -9999.0 -9999.0 -9999.0 -9999.0 -9999.0 -9999.0 -9999.0 -9999.0 -9999.0 -9999.0 -9999.0 -9999.0 -9999.0 -9999.0 -9999.0 -9999.0 -9999.0 -9999.0 -9999.0 -9999.0 -9999.0 -9999.0 -9999.0 -9999.0 -9999.0 -9999.0 -9999.0 -9999.0 -9999.0 -9999.0 -9999.0 -9999.0 -9999.0 -9999.0 -9999.0 -9999.0 -9999.0 -9999.0 -9999.0 -9999.0 -9999.0
-9999.0 -9999.0 -9999.0 -9999.0 -9999.0 -9999.0 -9999.0 -9999.0 -9999.0 -9999.0 -9999.0 -9999.0 -9999.0 -9999.0 -9999.0 -9999.0 -9999.0 -9999.0 -9999.0 -9999.0 -9999.0 -9999.0 -9999.0 -9999.0 -9999.0 -9999.0 -9999.0 -9999.0 -9999.0 -9999.0 -9999.0 -9999.0 -9999.0 -9999.0 -9999.0 -9999.0 -9999.0 -9999.0 -9999.0 -9999.0 -9999.0 -9999.0 -9999.0 -9999.0 -9999.0 -9999.0 -9999.0 -9999.0 -9999.0 -9999.0 -9999.0 -9999.0 -9999.0 -9999.0 -9999.0 -9999.0 -9999.0 -9999.0 -9999.0 -9999.0 -9999.0 -9999.0 -9999.0 -9999.0 -9999.0 -9999.0 -9999.0 -9999.0 -9999.0 -9999.0 -9999.0 -9999.0 -9999.0 -9999.0 -9999.0 -9999.0 -9999.0 -9999.0 -9999.0 -9999.0
-9999.0 -9999.0 -9999.0 -9999.0 -9999.0 -9999.0 -9999.0 -9999.0 -9999.0 -9999.0 -9999.0 -9999.0 -9999.0 -9999.0 -9999.0 -9999.0 -9999.0 -9999.0 -9999.0 -9999.0 2357.261134 2359.834721 2339.555379 2307.698532 2282.031183 2286.572153 2322.477251 2365.186573 2405.577168 2415.949625 2399.785644 2406.063258 2405.047869 2405.278068 2409.732522 2419.915685 2427.972697 2439.069580 2447.046515 2445.584155 2438.587286 2433.240376 2434.499128 2436.419711 2442.249748 2429.385900 2444.619708 2459.982433 2463.492607 2457.263809 2428.857900 2411.512306 2398.951351 2379.578367 2401.844710 2410.445277 2429.640595 2430.787528 2426.403316 2398.103362 2367.123920 -9999.0 -9999.0 -9999.0 -9999.0 -9999.0 -9999.0 -9999.0 -9999.0 -9999.0 -9999.0 -9999.0 -9999.0 -9999.0 -9999.0 -9999.0 -9999.0 -9999.0 -9999.0 -9999.0
-9999.0 -9999.0 -9999.0 -9999.0 -9999.0 -9999.0 -9999.0 -9999.0 -9999.0 -9999.0 -9999.0 -9999.0 -9999.0 -9999.0 2261.169171 2253.445954 2252.691910 2262.817133 2298.067409 2330.093126 2342.194726 2336.252185 2338.041331 2316.235052 2297.286968 2313.544920 2345.662197 2378.020337 2413.108850 2433.301862 2424.644985 2425.595886 2437.842206 2465.110258 2479.198371 2478.937949 2462.171570 2487.904506 2502.587526 2508.394791 2506.470342 2496.564246 2506.008105 2520.137844 2513.118660 2497.668474 2507.224991 2521.027781 2531.136100 2517.982550 2452.801886 2433.046447 2424.639701 2415.563692 2398.665176 2390.855072 2414.615789 2410.359363 2399.634039 2380.001198 2345.513433 2300.152069 2279.466343 2316.933788 2358.448329 2412.953203 -9999.0 -9999.0 -9999.0 -9999.0 -9999.0 -9999.0 -9999.0 -9999.0 -9999.0 -9999.0 -9999.0 -9999.0 -9999.0 -9999.0
-9999.0 -9999.0 -9999.0 -9999.0 -9999.0 -9999.0 -9999.0 -9999.0 -9999.0 2199.216775 2205.521217 2214.209060 2218.602490 2235.857243 2234.157732 2243.262761 2251.166241 2281.204965 2314.233842 2351.130440 2380.716434 2374.415987 2375.861153 2385.163663 2387.246697 2401.011845 2425.409145 2466.817864 2501.073619 2539.696948 2510.752007 2511.088954 2535.013027 2585.094878 2617.155113 2624.381692 2608.329240 2623.202188 2647.431375 2664.850975 2661.434420 2655.610347 2677.664820 2691.369225 2688.188499 2668.589586 2666.748296 2672.401337 2699.305383 2645.785900 2574.943989 2525.440881 2530.631809 2502.654693 2468.371418 2448.435143 2443.438081 2459.861673 2442.811056 2403.830657 2367.158011 2353.056460 2332.842301 2349.073716 2369.007213 2412.216796 2449.605094 2476.149467 2473.089528 2453.988768 -9999.0 -9999.0 -9999.0 -9999.0 -9999.0 -9999.0 -9999.0 -9999.0 -9999.0 -9999.0
-9999.0 -9999.0 -9999.0 -9999.0 -9999.0 -9999.0 2118.960741 2130.341431 2152.483395 2157.075114 2184.780366 2192.876472 2215.032382 2235.832920 2260.281003 2277.900796 2308.602865 2343.541316 2385.144191 2429.403473 2463.924849 2457.642892 2469.259437 2495.843705 2533.177165 2562.501137 2590.912137 2631.955449 2705.695437 2744.835828 2745.616328 2752.652773 2768.733514 2826.858022 2896.803306 2911.371672 2893.334447 2881.067214 2903.106228 2938.622954 2938.222741 2937.100530 2807.523224 2816.955987 2843.469212 2834.600253 2940.565696 2933.052040 2937.643128 2915.095665 2843.609865 2775.582266 2742.961842 2687.444690 2603.464310 2551.125880 2561.597513 2579.335853 2549.647925 2495.549429 2454.202246 2441.875967 2424.253705 2410.140736 2416.039269 2433.371323 2452.538511 2461.243974 2445.211780 2421.207571 2396.928046 2366.065361 2366.042636 2389.472413 -9999.0 -9999.0 -9999.0 -9999.0 -9999.0 -9999.0
-9999.0 -9999.0 -9999.0 -9999.0 2067.419136 2081.940121 2070.059752 2097.973861 2132.597446 2168.768488 2200.525803 2237.636667 2266.029664 2298.043110 2338.006483 2369.735334 2410.688664 2447.677962 2504.686175 2576.153978 2629.306227 2650.835567 2665.594503 2724.965723 2791.355081 2849.388730 2875.136215 2904.172941 2805.431367 2860.635009 2883.677127 2887.647280 2904.834524 2944.987054 2997.599041 3012.518828 2995.486349 2987.204786 2995.460540 3008.171339 3030.285332 3030.433253 3030.880484 3034.129553 3040.569073 3039.627043 3015.522211 2983.059347 2990.620621 2980.909788 2946.515780 2876.429184 2843.666641 2816.619613 2921.366521 2862.930971 2800.899217 2787.484114 2726.077925 2665.181116 2604.760577 2584.040117 2552.254238 2525.890006 2498.323914 2499.546333 2501.195708 2477.731443 2441.157924 2405.433063 2387.696865 2366.019781 2351.619092 2379.503138 2394.735054 2422.884384 -9999.0 -9999.0 -9999.0 -9999.0
-9999.0 -9999.0 2004.860639 2053.210839 2112.713323 2123.067622 2122.830509 2130.386811 2161.137240 2215.253866 2287.354550 2333.483264 2372.203033 2409.147719 2471.246402 2546.200117 2617.236131 2666.664834 2737.681528 2817.830167 2885.323779 2917.042598 2931.847230 2826.368384 2879.006352 2944.465587 2971.641440 2997.334535 3006.272822 3039.958395 3039.323178 3051.172111 3061.960736 3070.780544 3082.102322 3087.179641 3083.002954 3078.557773 3060.519773 3055.992302 3062.607392 3069.227061 3069.301930 3055.161235 3051.233776 3065.686868 3070.921911 3069.441437 3067.909682 3073.505746 3072.217222 3028.052089 3003.016329 2989.045371 3000.162458 2955.207576 2890.196131 2855.465987 2836.207637 2940.188812 2859.648775 2807.904678 2755.122615 2708.581703 2652.597486 2623.206295 2575.821147 2531.578788 2481.645716 2431.336943 2403.466296 2382.353996 2376.372375 2372.009930 2385.542243 2398.017105 2411.446084 2418.257819 -9999.0 -9999.0
-9999.0 1896.856838 1969.497703 2095.395362 2177.854272 2223.492552 2247.696063 2264.290256 2295.962333 2331.112117 2429.584081 2501.406709 2591.473632 2635.206385 2687.833725 2791.912660 2893.841967 2810.198714 2846.741600 2906.179745 2968.501380 2995.022320 3020.276371 3010.735444 3046.736708 3068.777076 3074.386095 3079.557285 3077.567410 3069.252452 3061.961787 3068.905811 3066.416158 3048.015024 3032.681717 3031.204615 3027.968787 3005.467554 2999.350537 2984.693270 2987.384858 2990.217868 2998.317708 2977.944731 2973.760123 2994.387267 2993.496901 2983.311525 2991.991524 2986.776334 3020.220512 3042.918379 3047.473209 3065.061655 3085.942443 3058.411676 3034.517851 2992.964940 2997.969646 2973.044401 2917.399567 2861.934789 2813.935326 2906.657680 2838.512506 2772.697327 2706.275320 2637.573846 2568.956416 2523.517007 2488.548989 2434.715353 2410.286713 2407.472689 2394.603002 2388.493451 2391.256430 2396.261745 -9999.0 -9999.0
-9999.0 1807.434071 1949.035147 2132.583642 2283.603919 2339.987624 2426.792006 2499.934014 2526.061175 2487.975811 2598.542327 2824.836536 2831.177718 2845.635429 2916.892050 2989.024314 2984.313152 3013.085379 3034.177220 3052.180922 3066.812718 3078.322647 3075.924342 3069.996776 3054.108169 3046.254314 3045.648150 3043.730359 3026.987729 3008.605395 2992.213664 2989.754887 2993.234621 2947.148358 2914.384022 2897.716469 2881.315896 2866.720047 2838.711912 2814.077284 2940.719498 2811.757210 2808.113125 2936.072655 2932.434099 2808.208840 2838.174789 2834.649446 2844.199635 2863.503544 2899.446660 2936.655121 2955.706774 2984.456081 2997.539241 3042.548426 3053.517436 3075.382588 3079.037340 3065.424074 3021.298827 2993.575578 2964.021747 2909.290289 2848.840435 2934.388412 2867.160049 2800.202362 2727.565765 2676.950293 2620.891660 2555.404737 2497.370524 2470.635297 2425.679253 2403.511079 -9999.0 -9999.0 -9999.0 -9999.0
-9999.0 1715.227781 1899.526689 2149.900086 2444.123426 2543.751813 2761.481440 2807.953382 2849.409065 2913.912938 2833.492265 2994.481308 3036.492092 3028.917174 3035.194065 3036.760820 3049.906909 3049.881563 3044.881674 3034.316170 3025.336086 3021.236171 3020.004872 3012.217614 2999.862292 2985.656260 2995.386943 2984.293372 2949.008912 2917.372319 2880.215126 2867.523865 2827.299066 2873.725865 2826.428908 2780.050484 2713.922015 2708.936369 2709.159895 2680.736835 2663.788076 2636.562807 2663.461087 2675.471001 2679.655355 2676.359911 2690.197963 2722.976030 2775.839667 2819.622767 2870.482690 2928.234448 2808.121458 2846.969435 2887.867507 2940.165204 2970.349566 2999.285759 3023.689308 3060.040115 3082.144867 3069.766589 3048.911151 3007.131601 2969.137251 2919.144728 2888.713196 2837.307893 2906.759098 2850.433854 2792.689178 2726.952891 2647.667375 2561.702235 2513.622416 -9999.0 -9999.0 -9999.0 -9999.0 -9999.0
-9999.0 1510.770061 1777.377900 2055.695091 2353.703232 2703.571184 2801.623684 2902.844198 2964.770462 2938.510188 2952.982881 2963.389057 2982.513316 2988.184405 2985.171472 2973.457948 2957.850788 2956.662761 2969.356287 2942.753662 2913.531541 2900.693963 2901.302104 2890.505870 2867.513728 2852.502775 2843.174869 2825.739421 2919.751083 2863.382841 2771.572312 2730.609237 2645.039498 2597.476115 2552.649412 2498.233362 2444.623001 2444.549945 2465.715565 2454.617026 2433.822046 2416.295966 2445.037430 2466.842228 2480.533521 2466.903217 2475.738159 2511.965000 2564.121826 2612.719304 2666.395506 2727.470256 2775.920721 2827.345897 2862.703961 2914.181667 2805.131785 2846.534844 2915.962970 2991.419416 3003.505292 3036.486784 3067.129926 3088.089390 3046.361125 3018.408662 2995.711377 2986.889861 2939.152087 2893.859923 2853.452712 2790.301857 2831.321453 -9999.0 -9999.0 -9999.0 -9999.0 -9999.0 -9999.0 -9999.0
-9999.0 1392.488920 1597.606361 1807.554415 2076.728676 2318.748353 2541.204724 2651.645411 2740.786093 2806.571723 2859.322219 2900.158972 2803.192170 2823.726758 2801.915539 2899.788744 2870.513125 2874.797906 2865.466069 2838.176442 2802.534001 2781.485116 2773.339831 2764.062118 2739.354094 2726.088631 2716.599907 2692.925951 2664.645723 2606.900527 2525.989917 2446.488253 2386.962260 2359.264683 2330.128298 2297.161992 2264.203406 2274.115450 2285.214367 2284.305791 2276.397962 2275.445716 2304.679875 2323.958609 2334.143945 2323.692136 2343.512780 2370.062572 2412.166220 2458.734119 2510.539433 2566.847880 2623.141880 2654.487763 2669.820879 2694.527526 2735.372001 2793.188827 2884.580173 2821.545398 2895.470719 2940.480108 2990.044300 3006.162448 3031.981482 3060.524936 3079.480444 3069.712968 3044.966543 3013.076435 2967.047430 -9999.0 -9999.0 -9999.0 -9999.0 -9999.0 -9999.0 -9999.0 -9999.0 -9999.0
-9999.0 -9999.0 1368.670179 1533.285053 1650.658594 1824.198172 1974.865798 2089.386407 2191.551062 2328.121257 2448.248744 2542.363768 2588.069929 2606.762939 2595.791985 2570.259201 2552.612034 2551.798711 2538.401139 2525.875437 2503.436029 2491.265895 2474.164690 2463.590624 2455.060874 2451.158153 2446.992692 2437.911898 2417.879112 2371.675217 2326.207874 2275.943759 2223.531855 2197.938020 2175.894261 2154.788157 2154.810495 2149.225121 2154.111896 2156.394069 2164.923824 2178.570780 2198.481796 2221.298425 2231.448546 2241.639091 2254.228099 2278.271640 2311.758596 2355.171669 2410.843820 2471.503116 2513.950256 2529.068384 2521.110262 2526.727023 2545.780834 2589.469801 2671.096634 2760.652775 2867.066871 2947.066629 2847.692896 2901.931447 2927.586684 2962.186205 3009.785515 3056.596456 3093.515005 3071.891114 -9999.0 -9999.0 -9999.0 -9999.0 -9999.0 -9999.0 -9999.0 -9999.0 -9999.0 -9999.0
-9999.0 -9999.0 -9999.0 -9999.0 1394.856885 1547.039786 1646.532019 1730.704141 1865.742327 1995.250259 2102.021779 2189.532812 2256.796396 2285.358064 2285.949363 2299.038818 2296.998295 2288.619568 2276.427486 2275.541174 2273.960289 2263.700329 2245.534671 2237.042312 2238.400406 2244.258532 2241.841827 2228.527705 2210.128942 2190.854542 2172.862410 2139.032212 2103.914780 2074.499163 2060.889425 2055.592635 2054.766196 2046.828823 2055.094400 2063.277912 2078.985019 2094.296717 2118.021742 2147.396804 2161.922542 2177.100507 2186.917006 2207.352761 2238.495935 2292.805234 2357.557053 2416.924827 2455.680898 2462.262608 2440.151596 2426.185379 2423.597113 2453.188814 2500.403685 2569.166106 2676.297004 2759.029780 2821.791755 2875.836438 2918.110268 2806.730611 2893.692499 2968.789433 -9999.0 -9999.0 -9999.0 -9999.0 -9999.0 -9999.0 -9999.0 -9999.0 -9999.0 -9999.0 -9999.0 -9999.0
-9999.0 -9999.0 -9999.0 -9999.0 -9999.0 -9999.0 1365.333771 1470.702734 1546.399157 1694.946134 1835.551534 1942.158625 2025.701783 2061.011677 2092.754481 2122.460226 2122.158210 2102.180766 2080.169126 2098.262733 2112.276375 2103.678580 2070.714304 2069.999715 2075.160849 2082.796173 2080.286771 2074.078968 2049.046101 2062.688339 2064.505643 2040.803226 2014.486191 2000.589586 1988.291695 1997.461657 1997.142600 1982.791439 1982.335776 2009.720089 2030.489883 2043.592111 2065.089124 2098.407276 2131.067931 2146.900377 2148.561040 2154.659238 2193.871334 2264.611199 2337.749611 2394.931498 2429.413530 2439.409076 2415.165630 2377.056650 2359.057901 2368.591605 2405.956741 2460.974757 2541.723437 2596.206375 2627.204469 2646.360964 2669.444743 2767.563999 -9999.0 -9999.0 -9999.0 -9999.0 -9999.0 -9999.0 -9999.0 -9999.0 -9999.0 -9999.0 -9999.0 -9999.0 -9999.0 -9999.0
-9999.0 -9999.0 -9999.0 -9999.0 -9999.0 -9999.0 -9999.0 -9999.0 -9999.0 -9999.0 -9999.0 -9999.0 -9999.0 -9999.0 -9999.0 -9999.0 -9999.0 -9999.0 -9999.0 -9999.0 -9999.0 -9999.0 -9999.0 -9999.0 -9999.0 -9999.0 -9999.0 -9999.0 -9999.0 -9999.0 -9999.0 -9999.0 -9999.0 -9999.0 -9999.0 -9999.0 -9999.0 -9999.0 -9999.0 -9999.0 -9999.0 -9999.0 -9999.0 -9999.0 -9999.0 -9999.0 -9999.0 -9999.0 -9999.0 -9999.0 -9999.0 -9999.0 -9999.0 -9999.0 -9999.0 -9999.0 -9999.0 -9999.0 -9999.0 -9999.0 -9999.0 -9999.0 -9999.0 -9999.0 -9999.0 -9999.0 -9999.0 -9999.0 -9999.0 -9999.0 -9999.0 -9999.0 -9999.0 -9999.0 -9999.0 -9999.0 -9999.0 -9999.0 -9999.0 -9999.0
-9999.0 -9999.0 -9999.0 -9999.0 -9999.0 -9999.0 -9999.0 -9999.0 -9999.0 -9999.0 -9999.0 -9999.0 -9999.0 -9999.0 -9999.0 -9999.0 -9999.0 -9999.0 -9999.0 -9999.0 -9999.0 -9999.0 -9999.0 -9999.0 -9999.0 -9999.0 -9999.0 -9999.0 -9999.0 -9999.0 -9999.0 -9999.0 -9999.0 -9999.0 -9999.0 -9999.0 -9999.0 -9999.0 -9999.0 -9999.0 -9999.0 -9999.0 -9999.0 -9999.0 -9999.0 -9999.0 -9999.0 -9999.0 -9999.0 -9999.0 -9999.0 -9999.0 -9999.0 -9999.0 -9999.0 -9999.0 -9999.0 -9999.0 -9999.0 -9999.0 -9999.0 -9999.0 -9999.0 -9999.0 -9999.0 -9999.0 -9999.0 -9999.0 -9999.0 -9999.0 -9999.0 -9999.0 -9999.0 -9999.0 -9999.0 -9999.0 -9999.0 -9999.0 -9999.0 -9999.0