Borden_/Borden1m_014/output_maps/psiliqL0012N0026.asc
ncols         80
nrows         18
xllcorner     620200.000000
yllcorner     5168000.000000
cellsize      1.000000
NODATA_value  -9999.0
-9999.0 -9999.0 -9999.0 -9999.0 -9999.0 -9999.0 -9999.0 -9999.0 -9999.0 -9999.0 -9999.0 -9999.0 -9999.0 -9999.0 -9999.0 -9999.0 -9999.0 -9999.0 -9999.0 -9999.0 -9999.0 -9999.0 -9999.0 -9999.0 -9999.0 -9999.0 -9999.0 -9999.0 -9999.0 -9999.0 -9999.0 -9999.0 -9999.0 -9999.0 -9999.0 -9999.0 -9999.0 -9999.0 -9999.0 -9999.0 -9999.0 -9999.0 -9999.0 -9999.0 -9999.0 -9999.0 -9999.0 -9999.0 -9999.0 -9999.0 -9999.0 -9999.0 -9999.0 -9999.0 -9999.0 -9999.0 -9999.0 -9999.0 -9999.0 -9999.0 -9999.0 -9999.0 -9999.0 -9999.0 -9999.0 -9999.0 -9999.0 -9999.0 -9999.0 -9999.0 -9999.0 -9999.0 -9999.0 -9999.0 -9999.0 -9999.0 -9999.0 -9999.0 -9999.0 -9999.0
-9999.0 -9999.0 -9999.0 -9999.0 -9999.0 -9999.0 -9999.0 -9999.0 -9999.0 -9999.0 -9999.0 -9999.0 -9999.0 -9999.0 -9999.0 -9999.0 -9999.0 -9999.0 -9999.0 -9999.0 -9999.0 -9999.0 -9999.0 -9999.0 -9999.0 -9999.0 -9999.0 -9999.0 -9999.0 -9999.0 -9999.0 -9999.0 -9999.0 -9999.0 -9999.0 -9999.0 -9999.0 -9999.0 -9999.0 -9999.0 -9999.0 -9999.0 -9999.0 -9999.0 -9999.0 -9999.0 -9999.0 -9999.0 -9999.0 -9999.0 -9999.0 -9999.0 -9999.0 -9999.0 -9999.0 -9999.0 -9999.0 -9999.0 -9999.0 -9999.0 -9999.0 -9999.0 -9999.0 -9999.0 -9999.0 -9999.0 -9999.0 -9999.0 -9999.0 -9999.0 -9999.0 -9999.0 -9999.0 -9999.0 -9999.0 -9999.0 -9999.0 -9999.0 -9999.0 -9999.0
-9999.0 -9999.0 -9999.0 -9999.0 -9999.0 -9999.0 -9999.0 -9999.0 -9999.0 -9999.0 -9999.0 -9999.0 -9999.0 -9999.0 -9999.0 -9999.0 -9999.0 -9999.0 -9999.0 -9999.0 541.572130 544.558261 522.778711 489.662983 462.323816 465.286774 500.943947 543.187124 582.634065 593.951111 577.114069 580.228261 576.398776 576.334151 579.651632 586.715109 590.800972 602.509944 611.532273 611.928599 606.599409 601.998486 602.397535 605.876027 610.920528 600.030831 612.878124 627.185992 631.804807 625.339679 596.790841 579.757465 569.656814 553.114709 576.246801 587.121165 608.899166 612.146929 609.722751 581.966488 551.426088 -9999.0 -9999.0 -9999.0 -9999.0 -9999.0 -9999.0 -9999.0 -9999.0 -9999.0 -9999.0 -9999.0 -9999.0 -9999.0 -9999.0 -9999.0 -9999.0 -9999.0 -9999.0 -9999.0
-9999.0 -9999.0 -9999.0 -9999.0 -9999.0 -9999.0 -9999.0 -9999.0 -9999.0 -9999.0 -9999.0 -9999.0 -9999.0 -9999.0 449.212203 439.889889 437.707215 446.918902 481.313926 512.035723 524.577118 517.718293 518.575382 495.991866 476.572236 491.681314 522.508327 555.539495 591.747890 613.781908 603.458719 602.356947 613.531792 640.633231 655.043457 653.110468 633.224566 656.768873 673.588842 683.741338 684.448949 677.178034 691.779128 708.267106 701.241155 682.769170 685.699296 696.244806 708.015253 691.841304 625.843446 604.024614 598.066921 589.374831 573.757080 565.864337 589.769476 589.023840 579.667169 560.709935 527.418423 482.869134 463.972679 501.835598 545.150914 602.097983 -9999.0 -9999.0 -9999.0 -9999.0 -9999.0 -9999.0 -9999.0 -9999.0 -9999.0 -9999.0 -9999.0 -9999.0 -9999.0 -9999.0
-9999.0 -9999.0 -9999.0 -9999.0 -9999.0 -9999.0 -9999.0 -9999.0 -9999.0 390.030490 394.635807 402.438238 405.250463 421.582270 420.047275 427.881282 436.155638 463.832331 495.939885 532.017446 561.752893 553.614922 555.524849 568.028631 574.356621 588.303244 611.580736 654.720584 699.036430 743.589259 717.669460 717.497098 738.545663 788.014819 824.323906 833.553067 814.680222 821.842447 848.721158 874.639111 877.488653 877.719366 904.665791 919.677765 922.056731 899.968338 881.654844 878.647917 902.283720 847.624836 778.985707 724.785044 724.238412 690.108824 647.698117 624.396233 619.702655 638.929164 621.945606 582.849882 545.001975 533.330279 515.133707 530.862224 552.208857 597.842113 635.760929 663.492999 662.567228 644.626278 -9999.0 -9999.0 -9999.0 -9999.0 -9999.0 -9999.0 -9999.0 -9999.0 -9999.0 -9999.0
-9999.0 -9999.0 -9999.0 -9999.0 -9999.0 -9999.0 310.546739 320.162086 340.712401 346.228998 371.851728 380.065322 401.521838 421.841202 444.185278 462.183076 494.061860 528.556296 571.595042 617.113233 651.502225 649.269973 662.729397 698.199757 741.922847 774.539122 801.997813 846.109691 929.525801 978.147682 991.348417 999.026272 1010.318100 1057.984078 1121.957676 1139.958122 1117.422528 1101.511556 1121.504266 1159.755306 1172.662027 1176.769403 1187.282757 1196.785354 1221.780615 1210.532035 1165.064752 1145.941555 1140.486016 1124.683085 1066.104034 1002.350007 961.409085 906.342121 818.393364 758.750552 760.332294 774.595080 740.930581 683.134986 638.275490 625.095990 607.994941 592.346651 596.421019 614.075810 635.367059 645.367682 631.502631 609.715688 586.078971 556.666253 557.900122 582.807076 -9999.0 -9999.0 -9999.0 -9999.0 -9999.0 -9999.0
-9999.0 -9999.0 -9999.0 -9999.0 260.214779 273.257620 261.741762 286.782439 319.817770 354.396681 387.527329 425.844795 454.573990 486.419399 529.477830 567.913302 613.795928 653.023134 711.965079 784.399868 840.123340 870.078355 891.741399 956.631392 1021.191783 1074.281466 1095.502270 1124.552851 1170.908018 1236.678758 1266.412694 1274.711842 1292.818131 1325.652187 1370.939465 1403.820090 1386.378905 1378.049351 1383.902994 1396.030088 1422.039162 1424.850325 1427.303048 1429.343686 1432.707514 1430.900407 1405.151219 1370.146982 1355.660839 1346.531674 1319.034173 1251.813067 1205.459458 1171.837249 1138.775858 1088.307948 1022.151107 1000.890097 939.158804 876.261407 806.670009 779.395717 744.265475 714.324250 680.770511 678.709436 678.967436 656.481158 623.106698 589.594768 573.513802 553.947418 542.631054 572.034505 589.224333 619.530968 -9999.0 -9999.0 -9999.0 -9999.0
-9999.0 -9999.0 200.812937 250.291363 307.233835 316.608562 318.636467 325.159191 354.130805 407.090179 485.809922 539.725454 586.234596 622.535958 686.760386 772.985342 852.896159 908.229283 972.463151 1043.444048 1106.344238 1143.737345 1168.097053 1209.087777 1261.820069 1320.160544 1345.462739 1371.878915 1403.427170 1437.723145 1454.574932 1469.803427 1477.567206 1478.483302 1482.453488 1483.226123 1478.341869 1471.907313 1453.555829 1450.283871 1457.954208 1462.887560 1465.179503 1452.468579 1448.519782 1461.214206 1463.560904 1462.043761 1461.902209 1469.557720 1474.891972 1438.424806 1394.708897 1377.545043 1367.367524 1324.564765 1261.935839 1215.402484 1189.732786 1145.807893 1067.495449 1013.368977 958.473524 902.960778 843.795783 806.250422 754.341391 708.345486 659.255233 611.312629 586.243263 566.855675 563.507578 562.867599 578.333851 593.318009 608.331497 615.942957 -9999.0 -9999.0
-9999.0 99.285982 171.968841 299.170445 379.501165 425.557936 462.565563 489.968430 519.091649 543.405535 653.971362 754.826546 850.795588 891.351426 948.508358 1049.268462 1146.379558 1192.902276 1230.607452 1284.020511 1341.781934 1388.746524 1418.699695 1437.871628 1469.704518 1478.191206 1479.710257 1482.123029 1477.626702 1470.574144 1461.889824 1468.608537 1465.615408 1447.507450 1432.175583 1428.984497 1422.123634 1395.725191 1366.255905 1350.927229 1353.460867 1375.125726 1363.454180 1343.925066 1340.537060 1361.272840 1379.494395 1371.085267 1360.816024 1379.757239 1414.819175 1436.782923 1449.097434 1464.513895 1484.847076 1460.627767 1430.688711 1388.976549 1368.301016 1338.371300 1278.219383 1215.665890 1160.203864 1097.594300 1029.188925 956.502496 887.228407 820.662324 749.956587 705.790167 671.960096 619.125033 595.501995 595.592664 585.516990 582.007538 587.696208 593.810360 -9999.0 -9999.0
-9999.0 22.503978 165.592022 351.282087 500.479013 563.659379 675.757422 760.539521 792.567505 770.454847 885.536064 1108.124545 1203.984036 1221.404898 1291.558489 1375.537876 1403.603472 1435.009043 1456.247333 1461.972423 1466.795644 1475.478307 1474.208270 1468.678602 1454.748736 1446.987665 1445.482544 1441.804312 1422.842335 1402.471592 1384.347865 1379.951145 1362.353402 1320.502061 1288.256571 1271.243809 1254.088758 1228.383181 1191.427653 1162.797006 1147.791763 1164.159986 1155.975387 1139.095653 1135.664594 1158.647241 1192.082253 1188.599282 1197.056590 1220.903121 1262.580040 1304.485337 1328.194015 1358.150519 1395.144997 1439.376562 1456.808207 1477.834953 1482.237584 1461.208591 1417.178750 1365.421739 1330.573457 1265.876588 1191.959992 1112.291559 1046.794842 983.351960 910.576018 858.519376 806.551268 745.372391 686.154665 657.794359 616.452248 595.145475 -9999.0 -9999.0 -9999.0 -9999.0
-9999.0 -51.002544 138.855695 401.138344 672.438635 796.180883 1002.735193 1134.476675 1198.379766 1260.500575 1262.894990 1393.385747 1426.446566 1421.651740 1415.822313 1419.684200 1435.292379 1439.728450 1436.825905 1427.452102 1418.333192 1414.444508 1412.525289 1405.079767 1392.398510 1376.818252 1362.839096 1348.085125 1306.917314 1272.289341 1237.306869 1220.904103 1182.184911 1091.692713 1049.074957 1014.538662 957.659126 946.867246 935.185743 903.347750 881.782140 862.514849 882.767386 885.293338 887.368536 894.073569 914.936198 939.212105 984.988093 1023.299823 1068.809237 1122.488711 1158.373712 1203.347583 1251.918846 1310.571152 1344.016848 1375.380430 1421.781630 1461.822322 1484.757263 1474.390115 1445.325496 1399.727613 1328.902877 1259.386809 1208.395786 1134.877175 1069.018720 1015.487173 969.271771 914.771676 843.078406 749.846653 704.634241 -9999.0 -9999.0 -9999.0 -9999.0 -9999.0
-9999.0 -220.273521 47.947008 340.562184 664.561154 991.685027 1117.131395 1257.818339 1331.227327 1287.293184 1283.090105 1306.356900 1346.345189 1355.501318 1337.493830 1330.856175 1321.758531 1322.471649 1335.612231 1309.669145 1278.538672 1264.515587 1263.175947 1250.507484 1226.395361 1207.734360 1193.388765 1171.261648 1121.142826 1070.276029 990.827853 960.285137 881.643583 817.167108 769.668785 719.387417 666.710272 663.207215 677.822709 660.686979 637.303214 618.241454 644.224907 660.994381 672.933996 663.214941 673.589057 710.604785 761.729776 807.701070 860.985807 920.510824 971.133895 1023.211511 1058.341952 1111.575557 1160.531641 1209.231260 1284.190212 1364.344233 1401.270438 1436.118647 1469.752600 1484.158086 1433.056637 1380.991196 1327.018071 1260.724826 1174.154966 1129.289420 1105.493515 1066.217760 1010.138040 -9999.0 -9999.0 -9999.0 -9999.0 -9999.0 -9999.0 -9999.0
-9999.0 -350.258973 -125.290979 113.168115 406.151518 646.784478 838.988143 954.900783 1036.762432 1054.093131 1077.865587 1109.148640 1139.815223 1162.844197 1141.940043 1105.696169 1079.250858 1083.714283 1081.385635 1057.605262 1027.980040 1012.902629 1010.431714 1002.080522 975.097345 957.717331 944.250474 918.288619 879.086992 820.020524 737.343386 664.996180 601.293628 565.550191 534.282642 500.527815 462.641105 472.184460 485.043120 480.366950 468.497332 464.579430 493.858445 512.609985 522.855516 510.902302 530.224192 557.745390 600.362810 643.967661 694.114048 751.138047 807.198213 840.154813 858.353207 890.213581 936.413814 996.398588 1085.106160 1181.825473 1259.288978 1310.333613 1360.864276 1393.630155 1407.081697 1420.670221 1392.753804 1303.414513 1171.573520 1177.028293 1180.202592 -9999.0 -9999.0 -9999.0 -9999.0 -9999.0 -9999.0 -9999.0 -9999.0 -9999.0
-9999.0 -9999.0 -361.085472 -176.962906 -27.867604 156.404768 309.020580 419.836542 503.202321 604.531254 701.422236 780.972444 824.604950 842.589567 826.565970 789.740635 766.211026 766.293624 756.711115 744.340208 722.100034 713.180892 702.487226 693.664435 680.844337 673.026444 666.132897 652.988265 628.458524 579.752522 527.708079 474.851873 419.940088 393.733455 371.184225 348.637858 345.739937 342.671248 348.695921 349.805788 355.667291 367.676716 388.102630 409.754926 419.401878 427.411959 440.165806 464.167795 497.709369 539.831100 593.618319 651.156659 691.233848 705.002895 697.310529 705.372725 730.186775 778.278284 867.663230 960.755226 1058.205860 1131.234293 1203.921068 1256.016070 1273.491306 1291.146344 1302.157568 1220.107192 847.529837 1097.199631 -9999.0 -9999.0 -9999.0 -9999.0 -9999.0 -9999.0 -9999.0 -9999.0 -9999.0 -9999.0
-9999.0 -9999.0 -9999.0 -9999.0 -320.250838 -163.155720 -67.226998 16.790334 141.957135 256.088959 351.691520 431.068955 488.154306 513.188237 505.144995 504.333348 497.731600 492.993482 483.929794 480.345156 476.534901 468.614570 455.675095 447.717467 447.096924 450.530442 447.543084 433.423753 415.855597 390.022904 367.027004 331.685340 294.690553 265.172668 251.812442 245.225384 245.104189 238.889335 247.975163 254.663052 269.604890 284.914363 308.803534 337.395297 350.504867 364.996362 374.838271 395.700277 426.070885 479.290538 542.239493 599.237625 634.193383 638.431133 613.410035 598.485731 596.398746 626.471303 676.029553 749.618552 857.123448 937.740039 1003.704840 1052.681765 1086.782618 1133.379642 1181.438257 1204.592264 -9999.0 -9999.0 -9999.0 -9999.0 -9999.0 -9999.0 -9999.0 -9999.0 -9999.0 -9999.0 -9999.0 -9999.0
-9999.0 -9999.0 -9999.0 -9999.0 -9999.0 -9999.0 -370.614179 -272.160550 -186.939932 -57.521728 63.313189 159.046709 235.854010 263.796994 285.013377 309.094824 305.745009 288.336342 270.820582 288.129240 299.294417 293.820673 265.149677 263.842990 267.579505 276.122204 274.170039 267.572281 242.322349 251.434660 250.529174 227.111583 200.816222 186.451660 174.656170 184.379259 184.897411 171.907294 173.548435 199.862970 219.768609 233.098356 255.337242 288.490805 320.588032 335.250204 336.435016 342.708254 383.702335 453.998037 524.806578 579.028121 610.482586 618.096555 590.154321 549.740861 529.072342 536.639499 572.612357 627.960591 707.493429 761.304179 794.613095 816.076883 842.802394 938.793158 -9999.0 -9999.0 -9999.0 -9999.0 -9999.0 -9999.0 -9999.0 -9999.0 -9999.0 -9999.0 -9999.0 -9999.0 -9999.0 -9999.0
-9999.0 -9999.0 -9999.0 -9999.0 -9999.0 -9999.0 -9999.0 -9999.0 -9999.0 -9999.0 -9999.0 -9999.0 -9999.0 -9999.0 -9999.0 -9999.0 -9999.0 -9999.0 -9999.0 -9999.0 -9999.0 -9999.0 -9999.0 -9999.0 -9999.0 -9999.0 -9999.0 -9999.0 -9999.0 -9999.0 -9999.0 -9999.0 -9999.0 -9999.0 -9999.0 -9999.0 -9999.0 -9999.0 -9999.0 -9999.0 -9999.0 -9999.0 -9999.0 -9999.0 -9999.0 -9999.0 -9999.0 -9999.0 -9999.0 -9999.0 -9999.0 -9999.0 -9999.0 -9999.0 -9999.0 -9999.0 -9999.0 -9999.0 -9999.0 -9999.0 -9999.0 -9999.0 -9999.0 -9999.0 -9999.0 -9999.0 -9999.0 -9999.0 -9999.0 -9999.0 -9999.0 -9999.0 -9999.0 -9999.0 -9999.0 -9999.0 -9999.0 -9999.0 -9999.0 -9999.0
-9999.0 -9999.0 -9999.0 -9999.0 -9999.0 -9999.0 -9999.0 -9999.0 -9999.0 -9999.0 -9999.0 -9999.0 -9999.0 -9999.0 -9999.0 -9999.0 -9999.0 -9999.0 -9999.0 -9999.0 -9999.0 -9999.0 -9999.0 -9999.0 -9999.0 -9999.0 -9999.0 -9999.0 -9999.0 -9999.0 -9999.0 -9999.0 -9999.0 -9999.0 -9999.0 -9999.0 -9999.0 -9999.0 -9999.0 -9999.0 -9999.0 -9999.0 -9999.0 -9999.0 -9999.0 -9999.0 -9999.0 -9999.0 -9999.0 -9999.0 -9999.0 -9999.0 -9999.0 -9999.0 -9999.0 -9999.0 -9999.0 -9999.0 -9999.0 -9999.0 -9999.0 -9999.0 -9999.0 -9999.0 -9999.0 -9999.0 -9999.0 -9999.0 -9999.0 -9999.0 -9999.0 -9999.0 -9999.0 -9999.0 -9999.0 -9999.0 -9999.0 -9999.0 -9999.0 -9999.0