Borden_/Borden1m_014/output_maps/psiliqL0007N0030.asc
ncols         80
nrows         18
xllcorner     620200.000000
yllcorner     5168000.000000
cellsize      1.000000
NODATA_value  -9999.0
-9999.0 -9999.0 -9999.0 -9999.0 -9999.0 -9999.0 -9999.0 -9999.0 -9999.0 -9999.0 -9999.0 -9999.0 -9999.0 -9999.0 -9999.0 -9999.0 -9999.0 -9999.0 -9999.0 -9999.0 -9999.0 -9999.0 -9999.0 -9999.0 -9999.0 -9999.0 -9999.0 -9999.0 -9999.0 -9999.0 -9999.0 -9999.0 -9999.0 -9999.0 -9999.0 -9999.0 -9999.0 -9999.0 -9999.0 -9999.0 -9999.0 -9999.0 -9999.0 -9999.0 -9999.0 -9999.0 -9999.0 -9999.0 -9999.0 -9999.0 -9999.0 -9999.0 -9999.0 -9999.0 -9999.0 -9999.0 -9999.0 -9999.0 -9999.0 -9999.0 -9999.0 -9999.0 -9999.0 -9999.0 -9999.0 -9999.0 -9999.0 -9999.0 -9999.0 -9999.0 -9999.0 -9999.0 -9999.0 -9999.0 -9999.0 -9999.0 -9999.0 -9999.0 -9999.0 -9999.0
-9999.0 -9999.0 -9999.0 -9999.0 -9999.0 -9999.0 -9999.0 -9999.0 -9999.0 -9999.0 -9999.0 -9999.0 -9999.0 -9999.0 -9999.0 -9999.0 -9999.0 -9999.0 -9999.0 -9999.0 -9999.0 -9999.0 -9999.0 -9999.0 -9999.0 -9999.0 -9999.0 -9999.0 -9999.0 -9999.0 -9999.0 -9999.0 -9999.0 -9999.0 -9999.0 -9999.0 -9999.0 -9999.0 -9999.0 -9999.0 -9999.0 -9999.0 -9999.0 -9999.0 -9999.0 -9999.0 -9999.0 -9999.0 -9999.0 -9999.0 -9999.0 -9999.0 -9999.0 -9999.0 -9999.0 -9999.0 -9999.0 -9999.0 -9999.0 -9999.0 -9999.0 -9999.0 -9999.0 -9999.0 -9999.0 -9999.0 -9999.0 -9999.0 -9999.0 -9999.0 -9999.0 -9999.0 -9999.0 -9999.0 -9999.0 -9999.0 -9999.0 -9999.0 -9999.0 -9999.0
-9999.0 -9999.0 -9999.0 -9999.0 -9999.0 -9999.0 -9999.0 -9999.0 -9999.0 -9999.0 -9999.0 -9999.0 -9999.0 -9999.0 -9999.0 -9999.0 -9999.0 -9999.0 -9999.0 -9999.0 -471.403354 -468.332189 -491.343155 -525.614815 -554.327338 -552.715193 -517.844866 -476.946859 -439.278105 -428.691665 -446.939732 -445.731911 -450.966417 -450.871051 -447.642172 -441.687464 -439.209726 -427.422139 -418.708529 -418.817239 -425.017404 -430.879161 -432.314345 -428.575687 -423.592063 -432.347168 -418.785057 -403.178808 -396.532764 -401.949614 -429.904068 -446.067538 -454.145164 -468.428964 -443.704628 -430.779275 -407.403011 -402.836001 -403.802219 -430.819106 -460.865981 -9999.0 -9999.0 -9999.0 -9999.0 -9999.0 -9999.0 -9999.0 -9999.0 -9999.0 -9999.0 -9999.0 -9999.0 -9999.0 -9999.0 -9999.0 -9999.0 -9999.0 -9999.0 -9999.0
-9999.0 -9999.0 -9999.0 -9999.0 -9999.0 -9999.0 -9999.0 -9999.0 -9999.0 -9999.0 -9999.0 -9999.0 -9999.0 -9999.0 -561.112596 -571.608905 -574.990680 -566.759277 -533.207247 -503.493738 -490.883201 -498.743529 -499.085756 -522.945664 -543.356201 -529.447837 -500.381570 -469.130231 -434.825401 -413.822562 -426.874697 -429.614561 -418.405208 -389.078891 -372.913279 -375.256126 -397.442961 -374.230215 -356.796581 -345.905180 -346.424805 -355.082592 -338.710349 -320.885530 -327.786208 -347.123795 -344.935370 -333.272955 -317.771453 -335.315195 -403.550912 -426.265895 -429.550556 -436.297353 -449.540232 -456.064713 -431.045986 -429.672239 -437.688208 -455.390839 -487.326078 -531.193397 -548.683506 -509.921334 -464.990687 -406.397882 -9999.0 -9999.0 -9999.0 -9999.0 -9999.0 -9999.0 -9999.0 -9999.0 -9999.0 -9999.0 -9999.0 -9999.0 -9999.0 -9999.0
-9999.0 -9999.0 -9999.0 -9999.0 -9999.0 -9999.0 -9999.0 -9999.0 -9999.0 -617.028923 -613.842827 -607.131150 -605.835838 -590.589602 -592.529713 -586.015051 -578.327573 -552.774632 -522.024122 -487.113094 -458.265479 -468.682878 -468.566508 -455.929081 -448.079100 -434.449188 -412.994761 -370.480013 -323.587673 -276.779260 -305.062469 -305.910248 -282.899361 -223.834644 -173.885861 -158.700171 -183.318475 -179.765582 -145.609159 -109.152397 -103.952451 -103.457897 -70.419608 -52.560956 -45.232762 -70.127650 -99.935267 -105.734139 -76.019866 -144.735302 -227.577032 -292.606685 -296.554364 -332.990337 -378.889524 -403.531014 -407.186931 -384.732303 -400.582289 -438.635453 -475.307957 -484.322077 -500.515232 -484.009227 -460.834878 -413.114910 -374.048759 -344.802773 -344.083466 -361.254574 -9999.0 -9999.0 -9999.0 -9999.0 -9999.0 -9999.0 -9999.0 -9999.0 -9999.0 -9999.0
-9999.0 -9999.0 -9999.0 -9999.0 -9999.0 -9999.0 -694.962399 -686.647371 -667.477381 -662.154749 -638.526484 -631.438621 -611.433114 -592.531986 -572.640918 -555.940284 -525.134522 -492.803530 -450.753628 -405.085621 -370.779454 -373.880453 -361.871205 -322.043673 -270.336709 -229.927831 -198.889005 -145.695887 -41.629463 16.962142 37.458478 47.185376 58.632647 99.584471 160.314278 185.610046 157.433850 140.069728 159.109282 201.974699 242.442456 248.096736 256.505223 264.903953 290.107474 279.102682 208.447941 181.093600 172.090408 158.830783 108.136090 51.305406 -2.048937 -66.064170 -174.110073 -248.215176 -254.256904 -241.335401 -279.026856 -338.329143 -384.611133 -396.439294 -411.769236 -426.441427 -421.090695 -401.209840 -377.112890 -365.190433 -377.150033 -397.256485 -420.023450 -448.449977 -446.472510 -420.712044 -9999.0 -9999.0 -9999.0 -9999.0 -9999.0 -9999.0
-9999.0 -9999.0 -9999.0 -9999.0 -744.155581 -732.256811 -744.124242 -721.401637 -690.179396 -657.797583 -625.904387 -588.970747 -562.386158 -533.070917 -490.992735 -451.409036 -405.390058 -367.045396 -304.724089 -223.041295 -153.509255 -111.852922 -82.235996 -2.389806 65.941582 113.548457 131.175712 159.525426 209.577489 297.472374 327.992616 336.007999 343.600970 376.999929 413.041903 452.157009 436.156682 430.561435 434.019323 444.592572 472.274999 474.501224 476.331451 477.091765 479.393783 479.085148 454.145706 420.931909 406.485153 394.880458 366.651147 312.700190 243.182454 204.833065 174.863902 130.559781 66.595601 39.408523 -30.235787 -104.489884 -196.344442 -232.678785 -273.007681 -304.581471 -339.349482 -340.257225 -338.050577 -358.022235 -388.317831 -419.885259 -434.330963 -452.489254 -462.078242 -431.834185 -413.774696 -382.329784 -9999.0 -9999.0 -9999.0 -9999.0
-9999.0 -9999.0 -801.298288 -751.531596 -696.494654 -688.563309 -686.685244 -682.570750 -656.631631 -606.820389 -527.713485 -473.711357 -426.711393 -394.179469 -327.568421 -227.834980 -124.068421 -54.578660 18.578760 85.147249 143.183556 185.152857 233.357755 276.331321 324.147517 371.576749 386.162761 417.164971 448.587647 481.117426 504.584908 520.450351 525.310331 522.021190 522.478413 521.834629 519.145000 514.283894 497.013839 494.845157 502.688110 505.843644 509.080600 496.730002 492.839383 505.118424 506.682137 506.259332 507.094333 514.196713 523.085319 492.733491 439.709231 421.343736 407.680021 378.449438 317.075874 250.141655 220.946904 178.088778 101.350721 50.689189 -9.622153 -78.708942 -156.877318 -205.899386 -263.165501 -308.553144 -355.285526 -400.555134 -423.546788 -441.526398 -443.146807 -441.889448 -425.395275 -409.299879 -393.547867 -385.561198 -9999.0 -9999.0
-9999.0 -898.821335 -826.514782 -699.310852 -621.351998 -576.973438 -535.558847 -505.692113 -481.882410 -468.078207 -352.772923 -226.144692 -108.573292 -64.568723 3.705166 106.458939 224.676334 266.320955 293.406906 341.764394 394.748064 437.256438 467.589149 497.570440 524.099312 522.833861 520.573731 521.158029 514.548066 507.692385 497.938853 505.219306 502.989554 487.190231 474.103714 471.964052 465.985662 440.468408 412.733450 399.442285 403.532825 424.345264 414.023505 394.282586 390.654496 410.448157 426.766877 418.686042 406.760073 421.717684 457.132950 478.447069 493.933149 507.336227 527.225517 505.941897 473.379757 432.861401 414.290381 385.617366 308.862283 243.811098 189.313627 125.210716 61.752050 -15.397790 -98.703681 -180.186328 -258.808177 -302.551857 -335.628032 -388.790673 -412.351019 -410.408999 -419.338494 -421.439634 -414.438409 -407.814428 -9999.0 -9999.0
-9999.0 -968.369091 -825.214080 -639.759872 -493.559793 -429.481756 -300.527993 -202.550392 -164.137860 -188.847147 -40.954801 210.918402 292.084949 301.216136 361.668865 435.376200 475.952636 502.086937 518.022965 513.722412 511.023994 514.786308 512.419062 504.519575 491.418125 484.307312 483.273009 480.421782 460.866917 441.981837 425.276211 422.269490 404.464318 370.583651 340.681529 324.754408 301.307100 263.114847 223.055571 194.486791 180.732121 199.448166 189.608343 171.336297 167.715529 191.654486 225.383245 220.286624 226.137030 249.397616 294.019227 351.824777 375.335989 400.704411 437.622922 479.769135 498.456166 517.915222 523.669592 500.146210 457.691120 406.968452 375.591926 295.290814 220.091743 140.007411 81.179806 26.776968 -50.058148 -113.579184 -181.196033 -252.809689 -317.709876 -348.185137 -387.979875 -409.144933 -9999.0 -9999.0 -9999.0 -9999.0
-9999.0 -1031.080420 -839.416561 -572.798666 -313.684008 -153.209807 58.514291 196.906580 297.766791 322.582673 382.630915 482.639100 501.385368 489.827960 470.556616 469.777372 481.883068 484.965962 480.953870 470.669098 458.672197 447.467209 451.733926 437.632213 432.568793 418.934347 406.338073 391.823237 333.223313 296.803865 266.165203 249.852561 214.078483 127.648296 89.558826 61.518824 3.501397 -12.796835 -30.515050 -67.916928 -93.070138 -111.711205 -90.251902 -91.805868 -91.594883 -79.628187 -52.099939 -28.813088 19.885641 58.190564 99.036349 151.621680 186.601909 231.203715 282.987304 357.748433 389.390040 415.974202 461.238822 501.209963 522.803433 514.176934 484.702712 443.364775 376.943660 289.829918 236.729588 164.741914 103.809870 58.130216 19.904908 -38.085034 -128.162788 -251.452010 -298.213836 -9999.0 -9999.0 -9999.0 -9999.0 -9999.0
-9999.0 -1179.942871 -912.522867 -614.566637 -270.391662 65.436454 175.180108 367.345947 441.696752 373.632625 328.615615 371.550045 409.123281 413.872787 392.359053 384.452403 377.235382 377.019374 389.080241 359.487889 311.051454 293.181742 291.840156 278.734328 256.124983 237.221507 222.562052 200.529555 147.453014 101.340228 33.842660 3.462837 -84.327865 -175.412969 -234.345781 -289.021071 -346.188960 -349.946772 -335.326214 -354.059742 -377.605849 -397.183527 -371.255043 -356.005388 -345.121592 -354.428674 -344.473568 -307.682566 -254.237310 -203.350640 -137.562119 -61.911567 -3.388181 55.329064 88.697703 141.875841 189.415575 237.927094 313.721851 407.404353 441.404026 475.083058 510.877987 526.066114 482.082029 433.188168 378.577943 292.953947 196.477248 152.277665 133.123451 105.646129 57.558446 -9999.0 -9999.0 -9999.0 -9999.0 -9999.0 -9999.0 -9999.0
-9999.0 -1315.556376 -1080.654783 -829.052442 -526.667693 -281.308313 -71.738449 57.406092 166.563179 123.538943 121.592496 148.700890 178.911778 200.648446 177.732645 143.232039 119.011836 122.670863 122.574058 99.565860 70.852246 57.432349 56.179509 47.682051 17.349008 -3.836376 -19.128269 -48.428070 -98.395959 -173.243730 -271.502941 -344.305969 -410.321545 -448.496734 -479.722959 -513.465778 -553.263364 -542.554448 -527.512407 -532.460827 -545.360185 -550.330741 -520.684818 -502.604910 -492.723825 -506.470095 -488.402105 -461.542153 -419.530513 -377.495170 -328.455434 -270.819191 -210.940262 -170.682347 -144.977970 -99.240437 -39.719411 31.383436 114.416807 212.202777 288.246528 353.861650 404.641393 428.144272 451.469839 470.419274 455.913997 379.488690 217.452840 192.768944 190.901965 -9999.0 -9999.0 -9999.0 -9999.0 -9999.0 -9999.0 -9999.0 -9999.0 -9999.0
-9999.0 -9999.0 -1318.203989 -1124.580301 -959.871149 -773.621416 -626.738383 -521.822407 -448.804091 -362.110601 -271.920846 -189.507133 -139.115852 -118.126498 -142.618973 -195.388424 -227.511881 -227.837786 -238.159815 -255.157364 -283.343447 -294.368732 -304.359683 -313.114124 -328.941714 -338.032819 -344.420278 -356.929530 -381.702321 -430.620298 -485.382352 -538.060986 -592.896604 -617.750350 -639.592752 -662.388132 -666.283776 -667.444507 -660.272534 -659.154751 -654.237398 -642.823869 -622.024594 -601.016910 -591.882650 -585.477665 -573.172368 -549.873800 -517.112121 -476.904989 -425.264188 -369.960664 -331.856239 -319.680247 -328.762956 -320.986510 -294.842362 -241.142720 -127.405974 -9.273186 86.609679 157.924691 230.394216 279.266852 300.336563 339.712770 366.476012 276.289513 87.628374 141.877502 -9999.0 -9999.0 -9999.0 -9999.0 -9999.0 -9999.0 -9999.0 -9999.0 -9999.0 -9999.0
-9999.0 -9999.0 -9999.0 -9999.0 -1267.442225 -1109.849069 -1017.591202 -936.700348 -820.308133 -716.857141 -628.209034 -554.687899 -504.570753 -481.957614 -495.049832 -503.217278 -512.397519 -515.536899 -523.899175 -530.412121 -537.041126 -544.899980 -555.484440 -563.038294 -564.101427 -560.878742 -562.697666 -575.448909 -590.682662 -618.670785 -643.248558 -678.365042 -715.314129 -744.084594 -756.784991 -763.796768 -763.307466 -768.359985 -758.635298 -752.581728 -737.903617 -722.522387 -698.588793 -670.627025 -658.508854 -644.627583 -635.116164 -614.472969 -584.999824 -532.992202 -471.706012 -416.915605 -384.381455 -382.186626 -410.189826 -427.501660 -431.662519 -403.630775 -353.476002 -275.307680 -150.242864 -47.337483 33.878304 81.338254 113.138095 161.049915 205.065225 218.269083 -9999.0 -9999.0 -9999.0 -9999.0 -9999.0 -9999.0 -9999.0 -9999.0 -9999.0 -9999.0 -9999.0 -9999.0
-9999.0 -9999.0 -9999.0 -9999.0 -9999.0 -9999.0 -1326.158700 -1232.841898 -1144.159071 -1027.798822 -920.970216 -833.604051 -762.695525 -740.055502 -725.011698 -703.891869 -709.043479 -725.442041 -741.139689 -725.146562 -716.497229 -720.905228 -747.311033 -748.818335 -745.550127 -735.923414 -736.717889 -742.442885 -766.683793 -759.193800 -760.891092 -783.429556 -809.029878 -823.242327 -834.496058 -824.406027 -823.361037 -835.466885 -832.584748 -806.880489 -787.470867 -774.057554 -751.534634 -718.653270 -687.003977 -673.165477 -672.507659 -666.534089 -625.079102 -555.450001 -486.358981 -434.347658 -404.991276 -399.039594 -429.405399 -472.376836 -495.977732 -491.303524 -458.542271 -405.774496 -326.622728 -271.896584 -232.337373 -201.004194 -160.031868 -36.800817 -9999.0 -9999.0 -9999.0 -9999.0 -9999.0 -9999.0 -9999.0 -9999.0 -9999.0 -9999.0 -9999.0 -9999.0 -9999.0 -9999.0
-9999.0 -9999.0 -9999.0 -9999.0 -9999.0 -9999.0 -9999.0 -9999.0 -9999.0 -9999.0 -9999.0 -9999.0 -9999.0 -9999.0 -9999.0 -9999.0 -9999.0 -9999.0 -9999.0 -9999.0 -9999.0 -9999.0 -9999.0 -9999.0 -9999.0 -9999.0 -9999.0 -9999.0 -9999.0 -9999.0 -9999.0 -9999.0 -9999.0 -9999.0 -9999.0 -9999.0 -9999.0 -9999.0 -9999.0 -9999.0 -9999.0 -9999.0 -9999.0 -9999.0 -9999.0 -9999.0 -9999.0 -9999.0 -9999.0 -9999.0 -9999.0 -9999.0 -9999.0 -9999.0 -9999.0 -9999.0 -9999.0 -9999.0 -9999.0 -9999.0 -9999.0 -9999.0 -9999.0 -9999.0 -9999.0 -9999.0 -9999.0 -9999.0 -9999.0 -9999.0 -9999.0 -9999.0 -9999.0 -9999.0 -9999.0 -9999.0 -9999.0 -9999.0 -9999.0 -9999.0
-9999.0 -9999.0 -9999.0 -9999.0 -9999.0 -9999.0 -9999.0 -9999.0 -9999.0 -9999.0 -9999.0 -9999.0 -9999.0 -9999.0 -9999.0 -9999.0 -9999.0 -9999.0 -9999.0 -9999.0 -9999.0 -9999.0 -9999.0 -9999.0 -9999.0 -9999.0 -9999.0 -9999.0 -9999.0 -9999.0 -9999.0 -9999.0 -9999.0 -9999.0 -9999.0 -9999.0 -9999.0 -9999.0 -9999.0 -9999.0 -9999.0 -9999.0 -9999.0 -9999.0 -9999.0 -9999.0 -9999.0 -9999.0 -9999.0 -9999.0 -9999.0 -9999.0 -9999.0 -9999.0 -9999.0 -9999.0 -9999.0 -9999.0 -9999.0 -9999.0 -9999.0 -9999.0 -9999.0 -9999.0 -9999.0 -9999.0 -9999.0 -9999.0 -9999.0 -9999.0 -9999.0 -9999.0 -9999.0 -9999.0 -9999.0 -9999.0 -9999.0 -9999.0 -9999.0 -9999.0