Borden_/Borden1m_014/output_maps/psiliqL0003N0032.asc
ncols         80
nrows         18
xllcorner     620200.000000
yllcorner     5168000.000000
cellsize      1.000000
NODATA_value  -9999.0
-9999.0 -9999.0 -9999.0 -9999.0 -9999.0 -9999.0 -9999.0 -9999.0 -9999.0 -9999.0 -9999.0 -9999.0 -9999.0 -9999.0 -9999.0 -9999.0 -9999.0 -9999.0 -9999.0 -9999.0 -9999.0 -9999.0 -9999.0 -9999.0 -9999.0 -9999.0 -9999.0 -9999.0 -9999.0 -9999.0 -9999.0 -9999.0 -9999.0 -9999.0 -9999.0 -9999.0 -9999.0 -9999.0 -9999.0 -9999.0 -9999.0 -9999.0 -9999.0 -9999.0 -9999.0 -9999.0 -9999.0 -9999.0 -9999.0 -9999.0 -9999.0 -9999.0 -9999.0 -9999.0 -9999.0 -9999.0 -9999.0 -9999.0 -9999.0 -9999.0 -9999.0 -9999.0 -9999.0 -9999.0 -9999.0 -9999.0 -9999.0 -9999.0 -9999.0 -9999.0 -9999.0 -9999.0 -9999.0 -9999.0 -9999.0 -9999.0 -9999.0 -9999.0 -9999.0 -9999.0
-9999.0 -9999.0 -9999.0 -9999.0 -9999.0 -9999.0 -9999.0 -9999.0 -9999.0 -9999.0 -9999.0 -9999.0 -9999.0 -9999.0 -9999.0 -9999.0 -9999.0 -9999.0 -9999.0 -9999.0 -9999.0 -9999.0 -9999.0 -9999.0 -9999.0 -9999.0 -9999.0 -9999.0 -9999.0 -9999.0 -9999.0 -9999.0 -9999.0 -9999.0 -9999.0 -9999.0 -9999.0 -9999.0 -9999.0 -9999.0 -9999.0 -9999.0 -9999.0 -9999.0 -9999.0 -9999.0 -9999.0 -9999.0 -9999.0 -9999.0 -9999.0 -9999.0 -9999.0 -9999.0 -9999.0 -9999.0 -9999.0 -9999.0 -9999.0 -9999.0 -9999.0 -9999.0 -9999.0 -9999.0 -9999.0 -9999.0 -9999.0 -9999.0 -9999.0 -9999.0 -9999.0 -9999.0 -9999.0 -9999.0 -9999.0 -9999.0 -9999.0 -9999.0 -9999.0 -9999.0
-9999.0 -9999.0 -9999.0 -9999.0 -9999.0 -9999.0 -9999.0 -9999.0 -9999.0 -9999.0 -9999.0 -9999.0 -9999.0 -9999.0 -9999.0 -9999.0 -9999.0 -9999.0 -9999.0 -9999.0 -583.529974 -582.398464 -585.136278 -588.319735 -590.950151 -591.220805 -588.242789 -584.700665 -580.659748 -579.778166 -582.860220 -582.181929 -583.358676 -583.968401 -583.966520 -583.104782 -582.694108 -581.380561 -580.514498 -580.841540 -581.802683 -582.512117 -583.086306 -582.838376 -581.802702 -583.244742 -581.098705 -578.916061 -578.103287 -578.235409 -581.312141 -582.644707 -583.160992 -585.520654 -581.241950 -579.850305 -576.502098 -576.103801 -575.606970 -579.376232 -583.082047 -9999.0 -9999.0 -9999.0 -9999.0 -9999.0 -9999.0 -9999.0 -9999.0 -9999.0 -9999.0 -9999.0 -9999.0 -9999.0 -9999.0 -9999.0 -9999.0 -9999.0 -9999.0 -9999.0
-9999.0 -9999.0 -9999.0 -9999.0 -9999.0 -9999.0 -9999.0 -9999.0 -9999.0 -9999.0 -9999.0 -9999.0 -9999.0 -9999.0 -589.128506 -590.526390 -591.163685 -591.463564 -588.786609 -586.596149 -586.342381 -587.799267 -586.723302 -589.651366 -592.210547 -590.656470 -588.296228 -586.197079 -582.896572 -580.411872 -582.608944 -583.147639 -581.902453 -577.606177 -575.589814 -576.428480 -581.247330 -576.671758 -574.163081 -572.537344 -572.750405 -574.951167 -571.785350 -568.087843 -569.909020 -573.818633 -573.039700 -570.799888 -567.182518 -569.350863 -581.572437 -583.119006 -582.621037 -582.524264 -584.178518 -585.310662 -580.959677 -581.453719 -582.240329 -583.268087 -586.061360 -590.330348 -592.173146 -587.869152 -583.765862 -575.636044 -9999.0 -9999.0 -9999.0 -9999.0 -9999.0 -9999.0 -9999.0 -9999.0 -9999.0 -9999.0 -9999.0 -9999.0 -9999.0 -9999.0
-9999.0 -9999.0 -9999.0 -9999.0 -9999.0 -9999.0 -9999.0 -9999.0 -9999.0 -591.768994 -592.100673 -591.692453 -592.538062 -591.280487 -593.198780 -592.702249 -592.976158 -591.132945 -589.491308 -586.796209 -583.383864 -585.741364 -586.034761 -584.287937 -583.971319 -583.130150 -581.397181 -575.583608 -568.705369 -558.333943 -566.810340 -567.191418 -562.373461 -544.899939 -527.932412 -522.224129 -531.667041 -531.585014 -519.882810 -504.761003 -503.918749 -505.119575 -487.362299 -475.813890 -468.067466 -485.335884 -502.247905 -504.791929 -484.692968 -518.977305 -545.232354 -564.340471 -563.388297 -570.148731 -577.467289 -580.274494 -581.166475 -576.198938 -578.232800 -583.059910 -586.986040 -586.099080 -588.179923 -586.106511 -584.435383 -578.184470 -572.424911 -566.900979 -566.634852 -570.109232 -9999.0 -9999.0 -9999.0 -9999.0 -9999.0 -9999.0 -9999.0 -9999.0 -9999.0 -9999.0
-9999.0 -9999.0 -9999.0 -9999.0 -9999.0 -9999.0 -594.555569 -594.666522 -593.828638 -596.132355 -594.339940 -595.438376 -594.089494 -593.413658 -592.447513 -592.259375 -589.916085 -587.728304 -584.061413 -579.160671 -574.615773 -576.718013 -575.490990 -568.986184 -556.335040 -544.306996 -536.219294 -520.629555 -461.164134 -404.081079 -380.441015 -369.210661 -356.370711 -326.024580 -271.411216 -247.125131 -274.167375 -292.055783 -274.718044 -230.800383 -150.737353 -148.981132 -143.279223 -136.347610 -110.312474 -115.719175 -224.406234 -255.583067 -265.916490 -275.867026 -318.122085 -362.358715 -421.159995 -478.871304 -528.774324 -550.649185 -554.049876 -550.529394 -559.352447 -570.796019 -577.609243 -577.862905 -579.263564 -581.591510 -580.480856 -577.871749 -573.928976 -571.499754 -573.398468 -576.068007 -578.224136 -582.261848 -581.672619 -577.783985 -9999.0 -9999.0 -9999.0 -9999.0 -9999.0 -9999.0
-9999.0 -9999.0 -9999.0 -9999.0 -598.388702 -597.262192 -600.548673 -598.627297 -597.066988 -595.821321 -595.613704 -593.447213 -592.689755 -591.038824 -587.643222 -584.803520 -579.904055 -575.986372 -565.604154 -544.105173 -521.482939 -505.755807 -493.885763 -421.954839 -353.136659 -314.468668 -299.702164 -274.785342 -225.332628 -103.692302 -76.549815 -72.139995 -86.474865 -30.357078 10.823593 37.525944 25.776623 17.808697 21.354035 28.706146 52.733290 53.257612 54.308106 54.306526 56.359877 58.096926 38.006048 7.791225 -3.080240 -11.242501 -63.346165 -88.785369 -193.057821 -232.124183 -257.811653 -298.007838 -352.148613 -377.183817 -450.549539 -501.961259 -537.243474 -548.173083 -558.440347 -563.887050 -570.622620 -569.526339 -567.808942 -571.271156 -575.829473 -580.109091 -580.848445 -582.744008 -584.643686 -579.716905 -577.778498 -572.301320 -9999.0 -9999.0 -9999.0 -9999.0
-9999.0 -9999.0 -598.795184 -598.530825 -595.349878 -597.111698 -598.196272 -599.725475 -598.942023 -595.773820 -589.698795 -586.697288 -582.288931 -579.689032 -569.576967 -544.228824 -509.594376 -473.153475 -396.918264 -339.528129 -290.425117 -247.993885 -167.104313 -125.042182 -106.837933 -34.252628 -11.045360 -24.841678 32.019523 57.986051 83.309458 97.686970 104.334940 96.645952 98.030050 94.119478 94.306860 88.925961 73.366066 70.815123 78.242399 79.896686 83.787704 71.432213 67.718370 80.195345 81.783343 82.368897 85.164357 92.103789 103.210835 74.432064 21.987884 10.455327 -25.667500 -29.911254 -91.491754 -187.799339 -217.614261 -258.424701 -328.206263 -366.799017 -427.847337 -489.754775 -526.066565 -540.860525 -555.029735 -563.769292 -571.682467 -578.773196 -581.072429 -582.502558 -581.700205 -582.264018 -579.607095 -577.489542 -574.515451 -573.324215 -9999.0 -9999.0
-9999.0 -599.958625 -600.759039 -595.057245 -593.674134 -592.259245 -590.477357 -588.939631 -587.213805 -588.919331 -572.327630 -539.162177 -499.350162 -478.871744 -410.676726 -315.650593 -160.761242 -127.137123 -121.991096 -62.271821 -13.320988 23.952396 48.364599 80.454194 104.135300 97.566128 97.174200 93.759572 87.216111 79.358994 69.099091 77.062924 75.686850 61.313982 49.532343 48.813725 46.427895 21.231807 -2.880917 -15.073755 -9.569507 10.665649 1.136908 -18.969935 -22.760957 -3.245107 10.647033 3.169340 -7.796331 6.227016 36.330859 54.220056 70.618285 84.052636 104.219325 82.229395 50.068750 13.644650 0.573340 -23.729663 -131.519100 -196.677288 -249.876408 -311.466545 -361.459350 -434.012910 -501.381637 -533.195343 -554.557074 -562.596527 -567.629863 -577.235494 -579.863463 -578.046794 -579.309898 -579.471402 -578.281333 -577.323342 -9999.0 -9999.0
-9999.0 -605.051132 -599.959735 -593.517706 -585.017103 -582.913637 -555.800870 -528.439571 -517.048563 -531.416078 -445.408716 -156.463826 -93.298331 -92.645552 -41.352548 26.074887 66.881308 88.677881 102.889218 92.664623 88.512282 89.500227 85.462922 77.228825 63.542517 56.089139 56.287205 54.135404 38.117678 20.895692 4.661485 5.070969 -8.757085 -40.861868 -73.335216 -86.998666 -118.240577 -175.521297 -216.029032 -243.884529 -256.629229 -236.375021 -247.580391 -266.426201 -270.103079 -245.957854 -212.733496 -219.250580 -214.524834 -191.544262 -145.949198 -59.944423 -39.383007 -14.651893 16.669902 54.770914 73.346416 91.842687 99.032906 74.535137 36.346075 -7.606656 -35.371628 -145.520281 -220.624281 -297.867226 -345.298221 -381.265860 -455.965979 -501.184942 -529.492037 -550.805957 -565.494664 -569.078584 -576.073234 -577.542497 -9999.0 -9999.0 -9999.0 -9999.0
-9999.0 -605.456400 -600.370405 -588.300494 -557.107632 -507.932968 -355.781864 -226.718870 -63.303399 -102.242995 13.655412 86.511962 95.711037 79.095172 53.327461 49.827138 59.263657 61.356352 57.349244 48.349461 39.187154 34.906489 32.710008 26.302425 14.453777 -0.017855 -10.180458 -21.535465 -108.734542 -146.232318 -174.608373 -190.074109 -223.277381 -304.391688 -335.175024 -355.057402 -413.481662 -431.573810 -449.623124 -481.362555 -495.837091 -504.491560 -493.056903 -495.700361 -496.572254 -489.158107 -468.913209 -450.604043 -398.516614 -362.631040 -332.813451 -286.573607 -253.459951 -209.498048 -156.724267 -53.698100 -25.370981 -0.302616 39.641776 75.241950 95.806304 88.095504 60.139177 25.982471 -31.511011 -150.451532 -204.191343 -272.992764 -324.353804 -357.599508 -382.312695 -438.364682 -507.215039 -547.585103 -557.716628 -9999.0 -9999.0 -9999.0 -9999.0 -9999.0
-9999.0 -612.548255 -600.474819 -590.399978 -537.026282 -342.198369 -252.092582 9.301206 64.436626 -5.062317 -106.093976 -25.843513 7.984885 7.840807 -16.945195 -27.565467 -31.585247 -32.243434 -20.001692 -53.892245 -128.482519 -147.175407 -149.497423 -161.281614 -183.668728 -202.628709 -217.132494 -238.486305 -291.219551 -329.553340 -378.322103 -409.547178 -487.956366 -528.698271 -545.958490 -559.883991 -572.406777 -572.220382 -568.397861 -571.879509 -575.649215 -579.425448 -574.790029 -572.534138 -570.463479 -572.924103 -572.033260 -565.401388 -553.952976 -540.987918 -519.284125 -480.954477 -428.103912 -366.318250 -341.147845 -294.609291 -249.691873 -201.912396 -126.543080 -6.682636 20.716293 50.154500 85.710422 104.233733 65.739569 28.703210 -26.475764 -145.553443 -245.291757 -284.979599 -300.879795 -322.341054 -358.444985 -9999.0 -9999.0 -9999.0 -9999.0 -9999.0 -9999.0 -9999.0
-9999.0 -616.488494 -603.725138 -601.178099 -583.580063 -542.733320 -453.084853 -338.344359 -175.574330 -293.238591 -307.374280 -283.743276 -255.247478 -234.206611 -257.359200 -289.225422 -310.151608 -306.746135 -305.455827 -324.975747 -347.921251 -357.294792 -357.883757 -365.471427 -397.696158 -421.740698 -437.070216 -463.760679 -497.141336 -527.143970 -557.170994 -571.062036 -580.507848 -583.931282 -586.412898 -588.964301 -593.386887 -591.081155 -589.216041 -589.701656 -591.107852 -592.112849 -588.801152 -587.516773 -586.441012 -589.326722 -587.188155 -585.054436 -580.418173 -575.470878 -568.325836 -557.596338 -543.229894 -531.752836 -522.748148 -503.124076 -462.697163 -384.824764 -319.533269 -226.594154 -152.162101 -60.620616 -9.792032 22.826139 40.457598 49.843438 55.986811 23.382345 -217.714950 -250.360101 -253.271621 -9999.0 -9999.0 -9999.0 -9999.0 -9999.0 -9999.0 -9999.0 -9999.0 -9999.0
-9999.0 -9999.0 -619.175323 -613.791357 -608.977657 -603.571333 -595.693781 -585.379825 -576.838145 -565.431637 -547.901510 -526.013730 -509.312680 -500.577441 -511.928631 -531.687377 -541.881439 -541.283798 -543.951347 -549.038120 -557.533353 -560.558358 -562.635672 -564.310518 -567.851280 -569.365787 -570.050959 -571.491744 -574.543896 -580.949793 -586.492568 -590.328577 -594.335585 -594.421578 -595.142219 -596.493279 -595.537033 -595.791740 -595.417756 -595.582657 -595.269670 -594.633829 -593.800162 -592.692332 -592.562017 -592.239711 -591.782731 -590.511930 -588.537615 -585.849334 -580.810033 -573.441883 -567.606135 -566.092618 -568.923030 -567.970190 -563.690869 -552.899292 -515.066500 -425.892018 -343.070755 -280.432898 -209.911683 -161.965382 -140.288934 -71.767817 -15.437613 -154.860448 -300.495748 -287.921224 -9999.0 -9999.0 -9999.0 -9999.0 -9999.0 -9999.0 -9999.0 -9999.0 -9999.0 -9999.0
-9999.0 -9999.0 -9999.0 -9999.0 -621.367283 -613.876603 -607.098178 -607.545390 -602.356927 -598.894228 -595.462803 -591.339097 -587.866394 -585.678413 -588.174874 -588.834842 -589.438067 -589.138240 -589.737106 -590.417742 -590.787549 -591.251882 -591.743221 -592.352274 -592.151659 -591.608763 -591.488903 -592.515794 -592.682324 -594.631134 -595.048351 -596.286735 -597.471249 -598.738423 -598.564149 -598.713476 -598.213069 -598.770263 -597.914664 -598.370309 -597.684851 -597.329904 -596.446943 -595.047237 -595.423143 -594.616590 -594.508508 -593.411609 -592.762566 -589.665518 -584.638283 -578.728440 -574.610938 -574.711454 -579.645929 -581.791334 -582.898845 -579.653943 -573.743363 -560.747945 -524.863941 -470.330522 -382.870953 -344.238599 -318.827323 -275.695357 -234.824619 -226.069328 -9999.0 -9999.0 -9999.0 -9999.0 -9999.0 -9999.0 -9999.0 -9999.0 -9999.0 -9999.0 -9999.0 -9999.0
-9999.0 -9999.0 -9999.0 -9999.0 -9999.0 -9999.0 -618.226961 -614.499466 -615.483787 -612.558919 -609.878464 -607.686558 -604.458783 -604.719933 -603.796954 -601.372421 -601.729986 -602.912232 -604.370121 -602.253658 -601.324902 -601.142279 -603.510990 -602.891010 -602.643493 -601.735655 -601.827788 -601.481731 -603.501515 -601.207998 -600.134130 -600.651882 -601.154747 -600.779194 -601.300595 -599.850683 -599.678984 -600.851602 -601.175207 -599.459891 -598.926278 -599.106223 -598.690918 -597.415870 -595.611139 -595.280300 -596.007417 -596.986223 -595.007873 -590.484231 -585.166149 -580.278752 -577.015502 -576.006339 -580.258633 -585.811406 -588.548698 -588.802571 -586.321252 -581.496939 -570.157578 -561.576524 -553.936745 -544.495657 -532.321641 -461.994491 -9999.0 -9999.0 -9999.0 -9999.0 -9999.0 -9999.0 -9999.0 -9999.0 -9999.0 -9999.0 -9999.0 -9999.0 -9999.0 -9999.0
-9999.0 -9999.0 -9999.0 -9999.0 -9999.0 -9999.0 -9999.0 -9999.0 -9999.0 -9999.0 -9999.0 -9999.0 -9999.0 -9999.0 -9999.0 -9999.0 -9999.0 -9999.0 -9999.0 -9999.0 -9999.0 -9999.0 -9999.0 -9999.0 -9999.0 -9999.0 -9999.0 -9999.0 -9999.0 -9999.0 -9999.0 -9999.0 -9999.0 -9999.0 -9999.0 -9999.0 -9999.0 -9999.0 -9999.0 -9999.0 -9999.0 -9999.0 -9999.0 -9999.0 -9999.0 -9999.0 -9999.0 -9999.0 -9999.0 -9999.0 -9999.0 -9999.0 -9999.0 -9999.0 -9999.0 -9999.0 -9999.0 -9999.0 -9999.0 -9999.0 -9999.0 -9999.0 -9999.0 -9999.0 -9999.0 -9999.0 -9999.0 -9999.0 -9999.0 -9999.0 -9999.0 -9999.0 -9999.0 -9999.0 -9999.0 -9999.0 -9999.0 -9999.0 -9999.0 -9999.0
-9999.0 -9999.0 -9999.0 -9999.0 -9999.0 -9999.0 -9999.0 -9999.0 -9999.0 -9999.0 -9999.0 -9999.0 -9999.0 -9999.0 -9999.0 -9999.0 -9999.0 -9999.0 -9999.0 -9999.0 -9999.0 -9999.0 -9999.0 -9999.0 -9999.0 -9999.0 -9999.0 -9999.0 -9999.0 -9999.0 -9999.0 -9999.0 -9999.0 -9999.0 -9999.0 -9999.0 -9999.0 -9999.0 -9999.0 -9999.0 -9999.0 -9999.0 -9999.0 -9999.0 -9999.0 -9999.0 -9999.0 -9999.0 -9999.0 -9999.0 -9999.0 -9999.0 -9999.0 -9999.0 -9999.0 -9999.0 -9999.0 -9999.0 -9999.0 -9999.0 -9999.0 -9999.0 -9999.0 -9999.0 -9999.0 -9999.0 -9999.0 -9999.0 -9999.0 -9999.0 -9999.0 -9999.0 -9999.0 -9999.0 -9999.0 -9999.0 -9999.0 -9999.0 -9999.0 -9999.0