Borden_/Borden1m_014/output_maps/psiliqL0002N0026.asc
ncols         80
nrows         18
xllcorner     620200.000000
yllcorner     5168000.000000
cellsize      1.000000
NODATA_value  -9999.0
-9999.0 -9999.0 -9999.0 -9999.0 -9999.0 -9999.0 -9999.0 -9999.0 -9999.0 -9999.0 -9999.0 -9999.0 -9999.0 -9999.0 -9999.0 -9999.0 -9999.0 -9999.0 -9999.0 -9999.0 -9999.0 -9999.0 -9999.0 -9999.0 -9999.0 -9999.0 -9999.0 -9999.0 -9999.0 -9999.0 -9999.0 -9999.0 -9999.0 -9999.0 -9999.0 -9999.0 -9999.0 -9999.0 -9999.0 -9999.0 -9999.0 -9999.0 -9999.0 -9999.0 -9999.0 -9999.0 -9999.0 -9999.0 -9999.0 -9999.0 -9999.0 -9999.0 -9999.0 -9999.0 -9999.0 -9999.0 -9999.0 -9999.0 -9999.0 -9999.0 -9999.0 -9999.0 -9999.0 -9999.0 -9999.0 -9999.0 -9999.0 -9999.0 -9999.0 -9999.0 -9999.0 -9999.0 -9999.0 -9999.0 -9999.0 -9999.0 -9999.0 -9999.0 -9999.0 -9999.0
-9999.0 -9999.0 -9999.0 -9999.0 -9999.0 -9999.0 -9999.0 -9999.0 -9999.0 -9999.0 -9999.0 -9999.0 -9999.0 -9999.0 -9999.0 -9999.0 -9999.0 -9999.0 -9999.0 -9999.0 -9999.0 -9999.0 -9999.0 -9999.0 -9999.0 -9999.0 -9999.0 -9999.0 -9999.0 -9999.0 -9999.0 -9999.0 -9999.0 -9999.0 -9999.0 -9999.0 -9999.0 -9999.0 -9999.0 -9999.0 -9999.0 -9999.0 -9999.0 -9999.0 -9999.0 -9999.0 -9999.0 -9999.0 -9999.0 -9999.0 -9999.0 -9999.0 -9999.0 -9999.0 -9999.0 -9999.0 -9999.0 -9999.0 -9999.0 -9999.0 -9999.0 -9999.0 -9999.0 -9999.0 -9999.0 -9999.0 -9999.0 -9999.0 -9999.0 -9999.0 -9999.0 -9999.0 -9999.0 -9999.0 -9999.0 -9999.0 -9999.0 -9999.0 -9999.0 -9999.0
-9999.0 -9999.0 -9999.0 -9999.0 -9999.0 -9999.0 -9999.0 -9999.0 -9999.0 -9999.0 -9999.0 -9999.0 -9999.0 -9999.0 -9999.0 -9999.0 -9999.0 -9999.0 -9999.0 -9999.0 -571.961258 -571.018633 -573.033803 -575.307033 -577.222100 -577.469229 -575.328378 -572.856068 -569.990800 -569.415819 -571.752015 -571.179056 -572.104443 -572.621582 -572.666365 -572.023813 -571.715541 -570.790904 -570.203722 -570.479896 -571.187469 -571.687887 -572.163512 -572.015288 -571.212560 -572.292575 -570.699603 -569.128887 -568.572390 -568.578949 -570.703173 -571.575316 -571.888620 -573.699738 -570.422779 -569.463518 -567.025027 -566.789619 -566.329912 -569.071848 -571.747110 -9999.0 -9999.0 -9999.0 -9999.0 -9999.0 -9999.0 -9999.0 -9999.0 -9999.0 -9999.0 -9999.0 -9999.0 -9999.0 -9999.0 -9999.0 -9999.0 -9999.0 -9999.0 -9999.0
-9999.0 -9999.0 -9999.0 -9999.0 -9999.0 -9999.0 -9999.0 -9999.0 -9999.0 -9999.0 -9999.0 -9999.0 -9999.0 -9999.0 -575.596757 -576.688899 -577.199123 -577.534790 -575.615076 -574.117342 -574.080352 -575.219965 -574.281953 -576.472193 -578.401855 -577.232827 -575.587690 -574.247000 -571.983550 -570.219984 -571.861646 -572.265371 -571.381369 -568.213625 -566.793956 -567.460708 -571.176696 -567.696356 -565.911534 -564.743101 -564.894828 -566.598559 -564.216427 -561.425584 -562.857046 -565.799709 -565.195636 -563.559333 -560.818598 -562.253208 -571.370013 -572.292843 -571.818515 -571.624764 -572.834185 -573.716855 -570.413091 -570.884377 -571.422199 -571.991331 -573.885466 -576.953579 -578.319945 -575.125951 -572.272974 -566.315603 -9999.0 -9999.0 -9999.0 -9999.0 -9999.0 -9999.0 -9999.0 -9999.0 -9999.0 -9999.0 -9999.0 -9999.0 -9999.0 -9999.0
-9999.0 -9999.0 -9999.0 -9999.0 -9999.0 -9999.0 -9999.0 -9999.0 -9999.0 -577.327723 -577.644197 -577.352158 -578.085649 -577.148125 -578.759710 -578.397134 -578.692159 -577.388707 -576.343321 -574.503549 -572.003985 -573.868115 -574.111320 -572.778351 -572.594113 -572.083205 -570.981246 -566.811158 -561.947178 -554.132873 -560.788793 -561.074226 -557.470114 -543.606733 -530.461315 -526.229497 -533.355441 -533.428270 -524.707084 -513.717357 -513.629563 -514.660325 -502.191596 -494.170005 -488.141382 -500.653761 -512.234670 -514.038402 -498.853413 -524.013809 -543.748651 -558.922105 -557.970769 -562.959181 -568.291816 -570.240498 -570.984567 -567.162592 -568.615403 -572.069374 -574.846805 -573.938720 -575.500219 -573.975779 -572.922179 -568.412912 -564.294591 -560.221638 -560.018920 -562.625884 -9999.0 -9999.0 -9999.0 -9999.0 -9999.0 -9999.0 -9999.0 -9999.0 -9999.0 -9999.0
-9999.0 -9999.0 -9999.0 -9999.0 -9999.0 -9999.0 -579.154539 -579.303385 -578.716974 -580.690925 -579.349111 -580.325195 -579.338719 -578.924405 -578.295655 -578.295685 -576.632729 -575.178437 -572.660651 -569.245178 -566.007019 -567.740947 -566.900870 -562.162797 -552.336600 -542.792338 -536.717039 -525.400486 -481.745185 -427.133169 -400.353527 -386.065973 -367.302048 -341.721750 -291.259931 -223.490185 -295.215416 -314.872729 -301.027094 -261.235400 -173.597842 -172.472487 -167.313320 -160.366815 -134.477432 -139.195274 -255.595591 -284.805264 -293.030001 -300.508532 -335.464922 -372.980590 -443.446116 -495.289038 -531.203820 -547.873981 -550.868549 -548.458470 -555.007002 -563.439497 -568.320894 -568.320195 -569.250828 -571.025626 -570.200564 -568.383121 -565.524992 -563.714785 -565.092353 -566.948581 -568.324885 -571.293020 -570.820837 -567.936938 -9999.0 -9999.0 -9999.0 -9999.0 -9999.0 -9999.0
-9999.0 -9999.0 -9999.0 -9999.0 -582.127417 -581.240701 -583.923641 -582.438017 -581.300622 -580.457761 -580.501547 -578.964312 -578.570716 -577.480269 -575.096174 -573.220281 -569.796782 -567.193975 -559.696136 -542.983786 -525.681718 -514.352375 -507.103649 -445.799197 -365.736483 -331.950005 -320.589244 -300.226232 -253.628529 -127.269038 -102.086636 -125.071496 -79.585209 -86.725545 -14.821171 18.893873 -0.073153 -42.201299 -4.284024 3.144929 26.446639 26.946446 27.766237 27.841577 29.864652 31.820085 12.360304 -54.443660 -29.691581 -35.216675 -91.958561 -112.887820 -221.139228 -261.279661 -284.713886 -318.265530 -363.698660 -389.578889 -472.701678 -511.839878 -537.852061 -546.500144 -554.416113 -558.316338 -563.397059 -562.497540 -561.103460 -563.659813 -566.919245 -569.967071 -570.320467 -571.632472 -573.116426 -569.399978 -568.096741 -564.015201 -9999.0 -9999.0 -9999.0 -9999.0
-9999.0 -9999.0 -582.229760 -582.193666 -579.802485 -581.326670 -582.218999 -583.518922 -583.030143 -580.742614 -576.341804 -574.466107 -571.428719 -569.805265 -562.503917 -542.831852 -517.180053 -492.215043 -416.542411 -354.763068 -313.323656 -276.059190 -186.215454 -150.393796 -134.332276 -58.163423 -75.438817 -17.237998 6.495144 31.827154 56.962176 70.672183 76.417336 71.290528 70.572350 68.168147 66.861910 62.412828 46.625016 44.349233 51.336646 53.558958 56.675843 44.930372 41.165161 53.210427 55.450232 55.685321 57.928164 66.676364 76.194227 48.233420 -3.910160 -14.957336 -56.938620 -55.016560 -113.454123 -213.315945 -245.327522 -284.286729 -343.449716 -376.001667 -449.285414 -503.605824 -529.919464 -541.204054 -551.918324 -558.335934 -564.042409 -569.184342 -570.712363 -571.614736 -570.894140 -571.423838 -569.445734 -567.950855 -565.704620 -564.857255 -9999.0 -9999.0
-9999.0 -582.872487 -583.735367 -579.485432 -578.847583 -578.017311 -576.852365 -575.851320 -574.709178 -576.414079 -564.255032 -538.827020 -509.375583 -496.156559 -433.215069 -336.450817 -182.746580 -152.678278 -149.736282 -86.432285 -38.974275 -1.434953 22.432083 54.767453 77.387204 72.365960 70.047401 68.042913 60.182592 52.568652 42.600692 50.841637 49.655249 34.991587 22.886309 22.497669 19.510977 -13.820345 -28.667836 -40.456010 -35.271270 -14.577214 -61.685012 -44.372476 -48.033646 -28.960229 -13.835472 -56.698205 -34.337108 -18.493523 10.734745 27.785625 44.091351 57.890744 76.676269 55.888610 23.817415 -11.738402 -59.285747 -48.465150 -157.228605 -220.704576 -273.314973 -329.464601 -371.899892 -455.067597 -512.189025 -535.588434 -551.671742 -557.449815 -560.971776 -568.101372 -569.901242 -568.377283 -569.310880 -569.417733 -568.534892 -567.848053 -9999.0 -9999.0
-9999.0 -586.845354 -582.969894 -578.475311 -572.760215 -571.971741 -550.994373 -529.794044 -521.935143 -533.419296 -468.302165 -177.513558 -116.972188 -116.134656 -64.802748 1.941530 42.240811 62.906463 76.230747 67.399311 61.555774 62.936476 58.513140 50.057416 36.347089 29.896855 29.681591 28.393317 11.933357 -5.465814 -50.689902 -20.362153 -32.506512 -65.396699 -95.877188 -107.305694 -128.578559 -200.394786 -244.550301 -273.943037 -286.553030 -267.485676 -277.727674 -294.826697 -298.179749 -276.083621 -242.765572 -247.910046 -241.032845 -216.434379 -171.338956 -84.155749 -64.880992 -40.441541 -35.157758 28.226137 46.529215 65.796983 71.186347 48.107778 10.891166 -33.304558 -59.973788 -169.592318 -241.794715 -314.704422 -355.726212 -386.958402 -475.186891 -510.980027 -532.218083 -548.618113 -559.644337 -562.028510 -567.193425 -567.987946 -9999.0 -9999.0 -9999.0 -9999.0
-9999.0 -586.930540 -583.103292 -574.427180 -552.025027 -513.913817 -366.798406 -250.355035 -74.724096 -129.038683 -7.393962 62.574458 69.998134 53.933638 27.797614 24.228496 33.261529 35.466159 30.478121 22.463019 12.924356 9.135316 -20.463517 0.135774 -11.596869 -24.752778 -35.243015 -44.814107 -135.709673 -172.147826 -199.441477 -216.619717 -250.770113 -324.803618 -349.351807 -366.685533 -437.064858 -454.756499 -471.300313 -497.079191 -507.211664 -513.352767 -505.004928 -507.198292 -507.987586 -502.685838 -487.617127 -473.047545 -416.537075 -372.555707 -347.625757 -309.178715 -278.367985 -234.021940 -182.260827 -77.918944 -51.032595 -25.602647 -12.035606 48.593049 68.750612 61.654346 33.673103 -0.195196 -55.704904 -171.750896 -220.057068 -279.575742 -330.421568 -362.595910 -385.857921 -455.683270 -515.299748 -545.937911 -553.511646 -9999.0 -9999.0 -9999.0 -9999.0 -9999.0
-9999.0 -592.275944 -582.752575 -575.612290 -534.944412 -355.368780 -272.746707 -1.550413 49.973440 -18.061961 -132.032096 -49.275793 -64.966027 -16.735730 -40.740186 -49.642265 -55.769987 -56.347764 -44.877965 -71.778247 -151.432034 -169.660469 -172.378470 -185.574680 -209.732805 -229.618059 -244.782300 -265.896846 -313.733852 -344.984949 -388.510864 -428.831803 -501.574453 -530.962027 -544.099136 -554.935996 -564.482419 -564.271397 -561.303132 -563.907547 -566.658949 -569.536032 -566.077000 -564.477871 -562.926973 -564.843378 -564.309928 -559.450687 -551.015116 -541.184537 -524.710939 -497.541062 -450.980687 -376.143468 -354.548858 -316.476305 -276.051953 -227.184321 -153.090394 -31.697910 -7.381613 24.004316 59.848663 77.511793 40.065454 4.846229 -47.221272 -156.881364 -240.292233 -282.256365 -304.538365 -330.784669 -364.888414 -9999.0 -9999.0 -9999.0 -9999.0 -9999.0 -9999.0 -9999.0
-9999.0 -595.438687 -585.088052 -583.315446 -570.437600 -539.606822 -469.770174 -350.981832 -185.772234 -312.724785 -326.058459 -306.958379 -283.023524 -263.666342 -284.826179 -311.689194 -328.823214 -325.388851 -323.635407 -339.508488 -357.909356 -365.629734 -366.430483 -375.470108 -416.557465 -443.928345 -459.266283 -483.120190 -507.936346 -529.742561 -553.235919 -563.380128 -570.143932 -572.430704 -574.092711 -575.833947 -579.173530 -577.340331 -575.922101 -576.292215 -577.361171 -578.177308 -575.697917 -574.841611 -574.053413 -576.348161 -574.764361 -573.336639 -570.066950 -566.641204 -561.584826 -553.779365 -543.059796 -534.473682 -527.388019 -513.126120 -483.759688 -397.630303 -337.436411 -251.003471 -177.063089 -82.774895 -34.988048 -33.741624 17.804983 26.113050 34.237377 9.443563 -208.291966 -237.559767 -249.070565 -9999.0 -9999.0 -9999.0 -9999.0 -9999.0 -9999.0 -9999.0 -9999.0 -9999.0
-9999.0 -9999.0 -597.473456 -593.145659 -589.234537 -585.296415 -579.668216 -571.980711 -565.998961 -557.623159 -544.448467 -527.934795 -515.706410 -509.406850 -517.789472 -532.776453 -540.625931 -540.053340 -542.071772 -546.051862 -552.833523 -555.339680 -556.964588 -558.250097 -560.929170 -562.039963 -562.499334 -563.464916 -565.573070 -570.177552 -574.103751 -576.722183 -579.590972 -579.459964 -579.913843 -580.914187 -580.108109 -580.306535 -580.035958 -580.189585 -579.974470 -579.526951 -578.976526 -578.218057 -578.191048 -577.986278 -577.712071 -576.868349 -575.564195 -573.826378 -570.371118 -565.148517 -560.997709 -559.958136 -562.122941 -561.403707 -558.282507 -550.442810 -521.684803 -446.366174 -357.685890 -302.655389 -232.370880 -183.522333 -155.531645 -88.774606 -32.984529 -158.167042 -269.559210 -262.199921 -9999.0 -9999.0 -9999.0 -9999.0 -9999.0 -9999.0 -9999.0 -9999.0 -9999.0 -9999.0
-9999.0 -9999.0 -9999.0 -9999.0 -599.093138 -593.175414 -587.786885 -588.297673 -584.402550 -582.072374 -579.840984 -577.088386 -574.799447 -573.256695 -575.236471 -575.737861 -576.147975 -575.835392 -576.235896 -576.771140 -577.043674 -577.360543 -577.647544 -578.094061 -577.930271 -577.519810 -577.403874 -578.154412 -578.145522 -579.602166 -579.805271 -580.632496 -581.436872 -582.367390 -582.171883 -582.285269 -581.871498 -582.310448 -581.633203 -582.054025 -581.552584 -581.330317 -580.715455 -579.709245 -580.115444 -579.532430 -579.507356 -578.732707 -578.441021 -576.356689 -572.894113 -568.769648 -565.885933 -566.008372 -569.675272 -571.155598 -571.996556 -569.675030 -565.557597 -556.214173 -528.890255 -489.970209 -395.268073 -355.432688 -331.603454 -289.605140 -236.070656 -216.994959 -9999.0 -9999.0 -9999.0 -9999.0 -9999.0 -9999.0 -9999.0 -9999.0 -9999.0 -9999.0 -9999.0 -9999.0
-9999.0 -9999.0 -9999.0 -9999.0 -9999.0 -9999.0 -596.649970 -593.752358 -594.540833 -592.452323 -590.614664 -589.137933 -586.796726 -587.163384 -586.536139 -584.666187 -584.953402 -585.836180 -586.946317 -585.291603 -584.600283 -584.419727 -586.238867 -585.730123 -585.556454 -584.847446 -584.920304 -584.610212 -586.183919 -584.350453 -583.476754 -583.823356 -584.155926 -583.808486 -584.211529 -583.042221 -582.903776 -583.836830 -584.103704 -582.770689 -582.403342 -582.605335 -582.349341 -581.440183 -580.099374 -579.910441 -580.527627 -581.385356 -580.000041 -576.799703 -573.128295 -569.789538 -567.547946 -566.778923 -569.840517 -573.878495 -575.859300 -576.118861 -574.460834 -571.218739 -563.108845 -557.057546 -551.672397 -544.113400 -535.176013 -483.573207 -9999.0 -9999.0 -9999.0 -9999.0 -9999.0 -9999.0 -9999.0 -9999.0 -9999.0 -9999.0 -9999.0 -9999.0 -9999.0 -9999.0
-9999.0 -9999.0 -9999.0 -9999.0 -9999.0 -9999.0 -9999.0 -9999.0 -9999.0 -9999.0 -9999.0 -9999.0 -9999.0 -9999.0 -9999.0 -9999.0 -9999.0 -9999.0 -9999.0 -9999.0 -9999.0 -9999.0 -9999.0 -9999.0 -9999.0 -9999.0 -9999.0 -9999.0 -9999.0 -9999.0 -9999.0 -9999.0 -9999.0 -9999.0 -9999.0 -9999.0 -9999.0 -9999.0 -9999.0 -9999.0 -9999.0 -9999.0 -9999.0 -9999.0 -9999.0 -9999.0 -9999.0 -9999.0 -9999.0 -9999.0 -9999.0 -9999.0 -9999.0 -9999.0 -9999.0 -9999.0 -9999.0 -9999.0 -9999.0 -9999.0 -9999.0 -9999.0 -9999.0 -9999.0 -9999.0 -9999.0 -9999.0 -9999.0 -9999.0 -9999.0 -9999.0 -9999.0 -9999.0 -9999.0 -9999.0 -9999.0 -9999.0 -9999.0 -9999.0 -9999.0
-9999.0 -9999.0 -9999.0 -9999.0 -9999.0 -9999.0 -9999.0 -9999.0 -9999.0 -9999.0 -9999.0 -9999.0 -9999.0 -9999.0 -9999.0 -9999.0 -9999.0 -9999.0 -9999.0 -9999.0 -9999.0 -9999.0 -9999.0 -9999.0 -9999.0 -9999.0 -9999.0 -9999.0 -9999.0 -9999.0 -9999.0 -9999.0 -9999.0 -9999.0 -9999.0 -9999.0 -9999.0 -9999.0 -9999.0 -9999.0 -9999.0 -9999.0 -9999.0 -9999.0 -9999.0 -9999.0 -9999.0 -9999.0 -9999.0 -9999.0 -9999.0 -9999.0 -9999.0 -9999.0 -9999.0 -9999.0 -9999.0 -9999.0 -9999.0 -9999.0 -9999.0 -9999.0 -9999.0 -9999.0 -9999.0 -9999.0 -9999.0 -9999.0 -9999.0 -9999.0 -9999.0 -9999.0 -9999.0 -9999.0 -9999.0 -9999.0 -9999.0 -9999.0 -9999.0 -9999.0