Borden_/Borden1m_014/output_maps/psiliqL0005N0036.asc
ncols         80
nrows         18
xllcorner     620200.000000
yllcorner     5168000.000000
cellsize      1.000000
NODATA_value  -9999.0
-9999.0 -9999.0 -9999.0 -9999.0 -9999.0 -9999.0 -9999.0 -9999.0 -9999.0 -9999.0 -9999.0 -9999.0 -9999.0 -9999.0 -9999.0 -9999.0 -9999.0 -9999.0 -9999.0 -9999.0 -9999.0 -9999.0 -9999.0 -9999.0 -9999.0 -9999.0 -9999.0 -9999.0 -9999.0 -9999.0 -9999.0 -9999.0 -9999.0 -9999.0 -9999.0 -9999.0 -9999.0 -9999.0 -9999.0 -9999.0 -9999.0 -9999.0 -9999.0 -9999.0 -9999.0 -9999.0 -9999.0 -9999.0 -9999.0 -9999.0 -9999.0 -9999.0 -9999.0 -9999.0 -9999.0 -9999.0 -9999.0 -9999.0 -9999.0 -9999.0 -9999.0 -9999.0 -9999.0 -9999.0 -9999.0 -9999.0 -9999.0 -9999.0 -9999.0 -9999.0 -9999.0 -9999.0 -9999.0 -9999.0 -9999.0 -9999.0 -9999.0 -9999.0 -9999.0 -9999.0
-9999.0 -9999.0 -9999.0 -9999.0 -9999.0 -9999.0 -9999.0 -9999.0 -9999.0 -9999.0 -9999.0 -9999.0 -9999.0 -9999.0 -9999.0 -9999.0 -9999.0 -9999.0 -9999.0 -9999.0 -9999.0 -9999.0 -9999.0 -9999.0 -9999.0 -9999.0 -9999.0 -9999.0 -9999.0 -9999.0 -9999.0 -9999.0 -9999.0 -9999.0 -9999.0 -9999.0 -9999.0 -9999.0 -9999.0 -9999.0 -9999.0 -9999.0 -9999.0 -9999.0 -9999.0 -9999.0 -9999.0 -9999.0 -9999.0 -9999.0 -9999.0 -9999.0 -9999.0 -9999.0 -9999.0 -9999.0 -9999.0 -9999.0 -9999.0 -9999.0 -9999.0 -9999.0 -9999.0 -9999.0 -9999.0 -9999.0 -9999.0 -9999.0 -9999.0 -9999.0 -9999.0 -9999.0 -9999.0 -9999.0 -9999.0 -9999.0 -9999.0 -9999.0 -9999.0 -9999.0
-9999.0 -9999.0 -9999.0 -9999.0 -9999.0 -9999.0 -9999.0 -9999.0 -9999.0 -9999.0 -9999.0 -9999.0 -9999.0 -9999.0 -9999.0 -9999.0 -9999.0 -9999.0 -9999.0 -9999.0 -689.960851 -685.968388 -702.391703 -724.256047 -742.158374 -742.486365 -721.390184 -695.861910 -669.980503 -663.250556 -678.622858 -676.787269 -682.009263 -683.459097 -682.094178 -677.585551 -675.683547 -667.328440 -661.398618 -662.211190 -667.303503 -671.727476 -673.814906 -671.508734 -666.949636 -673.975813 -662.844482 -650.605960 -645.441047 -648.175522 -667.865843 -678.110749 -682.697469 -694.300511 -673.172399 -663.875419 -645.471423 -642.209629 -641.538153 -662.246598 -684.260881 -9999.0 -9999.0 -9999.0 -9999.0 -9999.0 -9999.0 -9999.0 -9999.0 -9999.0 -9999.0 -9999.0 -9999.0 -9999.0 -9999.0 -9999.0 -9999.0 -9999.0 -9999.0 -9999.0
-9999.0 -9999.0 -9999.0 -9999.0 -9999.0 -9999.0 -9999.0 -9999.0 -9999.0 -9999.0 -9999.0 -9999.0 -9999.0 -9999.0 -738.550882 -746.236884 -749.350378 -747.715571 -728.303016 -711.155385 -705.376320 -712.408865 -709.915590 -727.228179 -742.238382 -732.764958 -715.107644 -696.702762 -673.677228 -658.608598 -669.856134 -672.613692 -664.890774 -642.132920 -630.299888 -633.282354 -654.028063 -633.656396 -620.028618 -611.378512 -612.359727 -620.991395 -606.640605 -590.948592 -597.424251 -614.361323 -612.026909 -601.791380 -586.665812 -599.777190 -657.202004 -671.154281 -671.083321 -673.651121 -683.063119 -688.346867 -666.827609 -666.886368 -672.213688 -682.639516 -703.190394 -731.956951 -743.624773 -716.824587 -687.499418 -642.255296 -9999.0 -9999.0 -9999.0 -9999.0 -9999.0 -9999.0 -9999.0 -9999.0 -9999.0 -9999.0 -9999.0 -9999.0 -9999.0 -9999.0
-9999.0 -9999.0 -9999.0 -9999.0 -9999.0 -9999.0 -9999.0 -9999.0 -9999.0 -763.104391 -763.441867 -760.289039 -762.857249 -754.389546 -761.298166 -757.755623 -756.290371 -742.209158 -726.395103 -705.383162 -684.832331 -695.213682 -696.115862 -686.683281 -682.737892 -674.957818 -661.374200 -629.146817 -592.236093 -551.043867 -579.729581 -581.283959 -561.954556 -504.195303 -452.909846 -437.569153 -462.992280 -461.268740 -427.359465 -390.677166 -386.782587 -387.582488 -354.632303 -337.759322 -329.310374 -352.760765 -383.067614 -388.724231 -357.332903 -425.419135 -506.172996 -569.482932 -569.797591 -599.902105 -637.069500 -654.596268 -657.515612 -635.815485 -647.184657 -675.344304 -700.914147 -702.449898 -714.240282 -701.934045 -687.446447 -650.936107 -619.696574 -594.169975 -593.065704 -608.110172 -9999.0 -9999.0 -9999.0 -9999.0 -9999.0 -9999.0 -9999.0 -9999.0 -9999.0 -9999.0
-9999.0 -9999.0 -9999.0 -9999.0 -9999.0 -9999.0 -790.396071 -789.284236 -782.217002 -789.957419 -777.705358 -779.931837 -769.848636 -762.155712 -752.928752 -746.861836 -729.047985 -710.599716 -683.768772 -652.144178 -626.605921 -632.359953 -624.582979 -592.247160 -545.078903 -505.704484 -477.794086 -427.969112 -325.382851 -267.112982 -245.793469 -236.426626 -225.702451 -189.150197 -131.966773 -113.766982 -133.963318 -149.000399 -129.119222 -84.535430 -23.910341 -19.713060 -13.139769 -5.656898 20.144205 12.184214 -77.732653 -107.834825 -118.907191 -130.664123 -179.328441 -232.021413 -285.966057 -347.891836 -453.617210 -525.018113 -533.569764 -520.406051 -553.606531 -603.406878 -639.414292 -645.101993 -654.732209 -666.125410 -660.736729 -645.029658 -624.567893 -613.486020 -622.911776 -638.185954 -653.866769 -675.979266 -673.663159 -652.958874 -9999.0 -9999.0 -9999.0 -9999.0 -9999.0 -9999.0
-9999.0 -9999.0 -9999.0 -9999.0 -814.763115 -808.011176 -824.222944 -811.985344 -799.649648 -787.849005 -779.216437 -761.343154 -750.488188 -735.332739 -709.866203 -686.149555 -653.954924 -627.312547 -577.344539 -501.938126 -433.601500 -393.024607 -365.558746 -285.191799 -219.683132 -174.979641 -157.268735 -129.766524 -79.831082 26.314707 54.550126 59.310147 56.345184 101.661551 118.682964 169.170605 136.188490 152.183537 155.990441 165.075370 191.039098 192.399373 193.568437 193.878482 195.981605 196.953266 174.637706 142.326520 106.900895 119.277211 79.469132 41.154869 -47.528747 -85.770362 -113.067582 -157.084520 -219.748601 -246.443723 -314.633461 -385.311563 -477.756151 -512.626575 -548.803376 -573.566721 -602.315566 -599.635929 -594.458812 -610.274129 -633.940160 -658.101885 -666.560639 -679.125091 -687.633602 -662.422682 -649.372929 -622.642802 -9999.0 -9999.0 -9999.0 -9999.0
-9999.0 -9999.0 -824.366685 -816.645947 -793.970031 -799.585671 -803.673655 -808.865027 -799.597266 -774.612854 -729.602237 -700.344503 -668.338533 -647.467209 -595.619459 -504.559382 -403.449445 -336.615849 -263.126040 -202.402162 -146.369820 -102.980310 -42.630781 5.806796 50.772549 78.396462 120.801086 122.718735 168.130499 197.545710 221.810910 237.260769 240.786285 238.240244 235.904235 235.463059 232.060319 229.092828 212.721444 210.746668 218.260261 220.799094 224.297656 211.955244 208.087258 220.556111 222.270843 222.228554 222.235346 231.831720 240.921572 212.461627 158.830750 143.384334 118.558266 103.074761 38.738954 -43.305762 -72.472821 -113.190749 -189.800962 -236.546320 -294.096854 -362.293595 -441.084163 -486.945276 -536.819217 -573.255104 -610.429115 -646.444679 -662.227909 -673.738667 -672.511097 -672.798997 -658.980211 -646.445606 -632.535120 -626.071068 -9999.0 -9999.0
-9999.0 -839.341174 -836.841316 -793.556593 -771.112307 -753.594871 -734.271424 -718.527740 -704.383350 -703.250223 -612.739568 -495.005232 -383.793610 -344.575556 -275.721452 -176.161327 -36.025075 2.816563 28.640027 50.688936 118.141354 159.952287 186.203323 218.231343 242.434801 238.383374 237.006903 234.981686 227.898930 219.743092 210.744395 218.129424 217.067168 201.253359 188.908446 186.950429 173.871196 157.698696 132.560466 120.545714 125.506291 146.312050 136.393304 116.405331 112.579485 132.322499 147.710961 138.551655 106.656800 140.871731 174.204855 194.053530 210.083731 223.921931 242.401201 222.242984 189.361151 150.679816 114.789251 108.596175 14.841822 -51.498979 -105.379517 -169.858497 -228.493672 -300.780781 -381.950996 -461.819657 -533.048881 -567.775368 -592.859400 -637.296641 -653.939596 -648.820098 -655.516192 -656.656068 -650.544965 -645.195719 -9999.0 -9999.0
-9999.0 -871.349772 -833.666668 -775.461541 -702.433377 -669.065729 -554.121607 -464.878837 -431.791595 -462.369106 -312.489618 -39.115710 11.352146 35.261356 90.037413 160.024021 201.889639 225.882451 239.122571 232.239389 226.718902 230.276867 225.221924 217.972689 204.227150 197.754240 196.923134 194.967029 175.877320 140.736783 142.158335 140.798911 125.668610 92.504815 57.832824 38.106799 -5.097837 -34.042216 -70.387955 -96.826313 -109.117556 -89.012098 -99.597386 -118.781962 -122.607615 -98.338589 -65.412202 -72.191722 -68.510398 -45.724708 -0.002004 73.546215 95.898750 119.735186 138.894661 194.258387 213.349170 232.859355 237.769660 215.012973 175.146748 129.152470 97.696366 0.119318 -76.574656 -157.050560 -211.607764 -257.572894 -329.135547 -389.014030 -455.722142 -522.597878 -579.321934 -600.204515 -633.083090 -646.763826 -9999.0 -9999.0 -9999.0 -9999.0
-9999.0 -878.325854 -838.449319 -739.754356 -562.306361 -414.150365 -224.440752 -86.630365 45.749736 39.086320 132.433534 216.951878 227.164457 214.690858 190.876624 188.322515 198.722760 201.127349 196.940803 187.328305 175.531574 171.934510 151.988921 161.820049 150.715253 137.294750 125.432914 112.959996 37.818480 -0.834576 -29.135466 -44.267249 -77.099800 -162.476024 -199.381566 -223.996926 -279.438084 -296.084812 -314.067197 -350.260335 -373.744515 -391.028749 -370.056180 -373.150338 -373.825162 -361.578754 -334.711941 -313.724039 -265.587493 -230.658613 -193.876296 -142.130864 -107.861158 -64.226944 -11.764153 79.625782 110.059105 136.956347 177.776691 215.797524 236.239497 228.991315 199.703144 161.687617 100.291788 -6.283396 -62.032948 -135.350802 -192.600829 -231.594534 -262.242418 -314.993363 -401.751473 -515.732784 -553.952291 -9999.0 -9999.0 -9999.0 -9999.0 -9999.0
-9999.0 -928.161142 -847.336248 -759.187550 -505.779685 -211.099332 -112.438806 116.427623 182.382948 110.691728 37.485876 102.035459 109.869438 139.671386 116.369447 105.758022 101.570585 101.074090 112.690283 76.388272 15.159701 -2.589812 -5.502760 -16.913792 -38.690130 -57.012505 -71.196439 -92.562494 -146.605856 -190.772039 -250.179827 -277.836406 -362.544170 -454.631501 -510.816544 -559.913073 -609.728537 -610.954159 -596.879468 -612.803514 -631.663715 -648.739904 -626.768035 -615.120067 -606.071969 -615.155072 -608.414793 -578.456498 -532.490225 -487.214048 -422.519247 -347.723661 -290.953306 -234.062201 -203.621630 -150.673607 -103.848590 -56.264216 19.297958 127.983233 154.842762 189.916515 226.147393 242.346783 202.102223 158.820668 101.634354 -4.991593 -107.780469 -151.938387 -168.564536 -190.116284 -231.096891 -9999.0 -9999.0 -9999.0 -9999.0 -9999.0 -9999.0 -9999.0
-9999.0 -955.722374 -873.959807 -844.642049 -710.120418 -520.544583 -333.521450 -211.490521 -73.363024 -156.736176 -166.955864 -139.472345 -109.215726 -87.316788 -111.050169 -145.825406 -169.685199 -166.414713 -166.056966 -189.162797 -216.694363 -228.616425 -229.360410 -236.831205 -265.789107 -287.276797 -302.267532 -330.379073 -377.944018 -451.098897 -546.297215 -605.740105 -656.872077 -683.031173 -702.451784 -722.512078 -749.750613 -739.029696 -728.090951 -731.232106 -739.937268 -744.644885 -724.292434 -713.801696 -707.057168 -720.203809 -707.360631 -690.642356 -661.151827 -631.099477 -593.627376 -546.341588 -493.872122 -456.798598 -431.192093 -384.016477 -325.657786 -254.240198 -178.433215 -81.395108 -6.845309 72.036982 125.195590 136.210936 172.792988 185.956157 183.848219 128.265692 -80.854034 -115.424701 -118.079268 -9999.0 -9999.0 -9999.0 -9999.0 -9999.0 -9999.0 -9999.0 -9999.0 -9999.0
-9999.0 -9999.0 -974.597984 -935.424296 -899.170813 -848.362965 -778.717928 -706.546979 -655.461045 -600.725767 -529.437706 -456.168313 -409.668510 -389.961946 -414.764982 -468.187907 -500.197963 -499.489547 -508.783152 -525.640222 -553.604058 -563.737020 -571.658623 -578.467347 -592.612665 -599.831726 -604.056953 -612.865366 -631.050720 -667.645802 -704.658968 -735.296304 -765.807446 -773.235406 -781.430898 -791.836452 -788.934012 -790.184191 -787.162390 -787.496434 -785.124176 -780.029482 -771.801912 -762.242663 -759.162762 -756.200827 -750.947900 -739.375951 -721.855596 -698.602938 -663.774970 -622.097671 -592.502131 -584.391323 -594.976527 -590.176054 -570.098510 -525.413035 -411.596294 -292.955953 -205.205641 -136.658178 -65.338293 -18.333082 0.599001 39.792480 100.785542 -16.473243 -177.278281 -160.136130 -9999.0 -9999.0 -9999.0 -9999.0 -9999.0 -9999.0 -9999.0 -9999.0 -9999.0 -9999.0
-9999.0 -9999.0 -9999.0 -9999.0 -989.399023 -935.758629 -891.415395 -888.084223 -848.540022 -815.474048 -780.938721 -744.297223 -715.391828 -700.291366 -712.631385 -718.547021 -723.942295 -724.260331 -729.011706 -733.347697 -736.765821 -740.810567 -745.847723 -750.193649 -749.857051 -747.047543 -747.211971 -754.493230 -759.696489 -774.231330 -781.976673 -794.563989 -806.433392 -816.638516 -817.771903 -819.333181 -817.009796 -820.242513 -815.068130 -816.117209 -810.833770 -806.789130 -798.841728 -787.688162 -786.456930 -780.211398 -777.515509 -768.296681 -757.626328 -730.676446 -692.952491 -654.675693 -630.630284 -630.100292 -654.360820 -667.816993 -672.763908 -653.411498 -618.050487 -555.810388 -436.966986 -334.268835 -252.713012 -210.124733 -181.438104 -136.933995 -95.035871 -85.984061 -9999.0 -9999.0 -9999.0 -9999.0 -9999.0 -9999.0 -9999.0 -9999.0 -9999.0 -9999.0 -9999.0 -9999.0
-9999.0 -9999.0 -9999.0 -9999.0 -9999.0 -9999.0 -969.207868 -942.485319 -946.229764 -920.961375 -895.873747 -873.394584 -846.406858 -842.859039 -835.497074 -820.792175 -823.293298 -831.718196 -841.209517 -828.873442 -823.055077 -823.198937 -838.518806 -836.033629 -834.259792 -828.548858 -829.086393 -828.613481 -841.711699 -829.997099 -825.298746 -830.851503 -836.441556 -836.210776 -839.889265 -831.820403 -830.881070 -837.810294 -839.156074 -828.068854 -823.205816 -822.278508 -817.214715 -806.369445 -793.132044 -789.018705 -791.720764 -794.211631 -776.695719 -740.861273 -700.236808 -665.889227 -645.088744 -640.399761 -664.245738 -696.781465 -714.015507 -713.054849 -693.145712 -658.472620 -598.390693 -556.430347 -523.636626 -492.912694 -450.943720 -324.123470 -9999.0 -9999.0 -9999.0 -9999.0 -9999.0 -9999.0 -9999.0 -9999.0 -9999.0 -9999.0 -9999.0 -9999.0 -9999.0 -9999.0
-9999.0 -9999.0 -9999.0 -9999.0 -9999.0 -9999.0 -9999.0 -9999.0 -9999.0 -9999.0 -9999.0 -9999.0 -9999.0 -9999.0 -9999.0 -9999.0 -9999.0 -9999.0 -9999.0 -9999.0 -9999.0 -9999.0 -9999.0 -9999.0 -9999.0 -9999.0 -9999.0 -9999.0 -9999.0 -9999.0 -9999.0 -9999.0 -9999.0 -9999.0 -9999.0 -9999.0 -9999.0 -9999.0 -9999.0 -9999.0 -9999.0 -9999.0 -9999.0 -9999.0 -9999.0 -9999.0 -9999.0 -9999.0 -9999.0 -9999.0 -9999.0 -9999.0 -9999.0 -9999.0 -9999.0 -9999.0 -9999.0 -9999.0 -9999.0 -9999.0 -9999.0 -9999.0 -9999.0 -9999.0 -9999.0 -9999.0 -9999.0 -9999.0 -9999.0 -9999.0 -9999.0 -9999.0 -9999.0 -9999.0 -9999.0 -9999.0 -9999.0 -9999.0 -9999.0 -9999.0
-9999.0 -9999.0 -9999.0 -9999.0 -9999.0 -9999.0 -9999.0 -9999.0 -9999.0 -9999.0 -9999.0 -9999.0 -9999.0 -9999.0 -9999.0 -9999.0 -9999.0 -9999.0 -9999.0 -9999.0 -9999.0 -9999.0 -9999.0 -9999.0 -9999.0 -9999.0 -9999.0 -9999.0 -9999.0 -9999.0 -9999.0 -9999.0 -9999.0 -9999.0 -9999.0 -9999.0 -9999.0 -9999.0 -9999.0 -9999.0 -9999.0 -9999.0 -9999.0 -9999.0 -9999.0 -9999.0 -9999.0 -9999.0 -9999.0 -9999.0 -9999.0 -9999.0 -9999.0 -9999.0 -9999.0 -9999.0 -9999.0 -9999.0 -9999.0 -9999.0 -9999.0 -9999.0 -9999.0 -9999.0 -9999.0 -9999.0 -9999.0 -9999.0 -9999.0 -9999.0 -9999.0 -9999.0 -9999.0 -9999.0 -9999.0 -9999.0 -9999.0 -9999.0 -9999.0 -9999.0