Borden_/Borden1m_014/output_maps/psiliqL0009N0034.asc
ncols         80
nrows         18
xllcorner     620200.000000
yllcorner     5168000.000000
cellsize      1.000000
NODATA_value  -9999.0
-9999.0 -9999.0 -9999.0 -9999.0 -9999.0 -9999.0 -9999.0 -9999.0 -9999.0 -9999.0 -9999.0 -9999.0 -9999.0 -9999.0 -9999.0 -9999.0 -9999.0 -9999.0 -9999.0 -9999.0 -9999.0 -9999.0 -9999.0 -9999.0 -9999.0 -9999.0 -9999.0 -9999.0 -9999.0 -9999.0 -9999.0 -9999.0 -9999.0 -9999.0 -9999.0 -9999.0 -9999.0 -9999.0 -9999.0 -9999.0 -9999.0 -9999.0 -9999.0 -9999.0 -9999.0 -9999.0 -9999.0 -9999.0 -9999.0 -9999.0 -9999.0 -9999.0 -9999.0 -9999.0 -9999.0 -9999.0 -9999.0 -9999.0 -9999.0 -9999.0 -9999.0 -9999.0 -9999.0 -9999.0 -9999.0 -9999.0 -9999.0 -9999.0 -9999.0 -9999.0 -9999.0 -9999.0 -9999.0 -9999.0 -9999.0 -9999.0 -9999.0 -9999.0 -9999.0 -9999.0
-9999.0 -9999.0 -9999.0 -9999.0 -9999.0 -9999.0 -9999.0 -9999.0 -9999.0 -9999.0 -9999.0 -9999.0 -9999.0 -9999.0 -9999.0 -9999.0 -9999.0 -9999.0 -9999.0 -9999.0 -9999.0 -9999.0 -9999.0 -9999.0 -9999.0 -9999.0 -9999.0 -9999.0 -9999.0 -9999.0 -9999.0 -9999.0 -9999.0 -9999.0 -9999.0 -9999.0 -9999.0 -9999.0 -9999.0 -9999.0 -9999.0 -9999.0 -9999.0 -9999.0 -9999.0 -9999.0 -9999.0 -9999.0 -9999.0 -9999.0 -9999.0 -9999.0 -9999.0 -9999.0 -9999.0 -9999.0 -9999.0 -9999.0 -9999.0 -9999.0 -9999.0 -9999.0 -9999.0 -9999.0 -9999.0 -9999.0 -9999.0 -9999.0 -9999.0 -9999.0 -9999.0 -9999.0 -9999.0 -9999.0 -9999.0 -9999.0 -9999.0 -9999.0 -9999.0 -9999.0
-9999.0 -9999.0 -9999.0 -9999.0 -9999.0 -9999.0 -9999.0 -9999.0 -9999.0 -9999.0 -9999.0 -9999.0 -9999.0 -9999.0 -9999.0 -9999.0 -9999.0 -9999.0 -9999.0 -9999.0 -65.169601 -62.112018 -84.585652 -118.343351 -146.436198 -144.150869 -108.787882 -67.127760 -28.524232 -17.459538 -35.012223 -32.967035 -37.464585 -37.167993 -33.629506 -27.053689 -23.794938 -11.788621 -2.580352 -2.093631 -7.642686 -12.801363 -13.301789 -9.559406 -4.624810 -14.391528 -1.378441 13.479456 19.054901 12.700833 -16.093368 -33.107263 -42.340576 -57.782309 -33.974163 -22.051371 0.542336 4.480188 2.798563 -24.630674 -54.967933 -9999.0 -9999.0 -9999.0 -9999.0 -9999.0 -9999.0 -9999.0 -9999.0 -9999.0 -9999.0 -9999.0 -9999.0 -9999.0 -9999.0 -9999.0 -9999.0 -9999.0 -9999.0 -9999.0
-9999.0 -9999.0 -9999.0 -9999.0 -9999.0 -9999.0 -9999.0 -9999.0 -9999.0 -9999.0 -9999.0 -9999.0 -9999.0 -9999.0 -156.288622 -166.271804 -169.085941 -160.309034 -126.240930 -95.972054 -83.308126 -90.663679 -90.428254 -113.616495 -133.422732 -118.798053 -88.703225 -56.255082 -20.647155 1.166480 -10.569224 -12.488058 -1.015454 27.838840 43.874066 42.064914 21.113144 44.735674 62.687836 74.113821 74.826547 67.248112 83.063066 100.280578 93.264077 74.187912 76.097613 86.784790 100.080859 82.257200 13.857192 -9.480800 -14.512788 -22.621517 -37.371418 -44.863700 -20.597058 -20.239119 -29.014619 -47.477267 -80.170543 -124.415163 -142.598123 -104.342805 -60.145596 -2.275402 -9999.0 -9999.0 -9999.0 -9999.0 -9999.0 -9999.0 -9999.0 -9999.0 -9999.0 -9999.0 -9999.0 -9999.0 -9999.0 -9999.0
-9999.0 -9999.0 -9999.0 -9999.0 -9999.0 -9999.0 -9999.0 -9999.0 -9999.0 -213.847392 -210.032509 -202.796394 -200.790085 -184.979206 -186.653684 -179.456003 -171.305133 -144.618414 -112.999592 -77.250358 -47.673593 -56.797896 -55.583362 -42.564825 -34.820961 -20.470524 2.520755 46.354429 92.971283 139.033147 112.267711 111.768617 133.865268 188.301906 231.549935 243.440574 223.299052 229.187452 260.158532 291.329123 296.735184 297.833655 325.655417 340.678367 345.173545 323.038643 299.601853 294.394115 318.038793 258.932345 183.270036 122.608160 119.381253 83.446046 37.944040 12.681320 8.038727 28.694436 11.887503 -27.141614 -64.861644 -75.380672 -92.679086 -76.757276 -54.516359 -7.800524 30.691448 59.206124 59.128469 41.531121 -9999.0 -9999.0 -9999.0 -9999.0 -9999.0 -9999.0 -9999.0 -9999.0 -9999.0 -9999.0
-9999.0 -9999.0 -9999.0 -9999.0 -9999.0 -9999.0 -292.648066 -283.763050 -263.951006 -258.445441 -233.858211 -226.121279 -205.288049 -185.530464 -164.299389 -146.591543 -114.733194 -80.878105 -37.691340 8.819496 44.254329 42.665046 56.177490 94.288481 142.204341 179.224929 209.316714 257.943380 346.645242 398.523217 414.705508 422.474346 433.218060 478.332650 540.890749 558.277898 538.147189 523.696751 545.100527 586.706607 610.733969 616.255623 625.489078 634.176683 659.053929 647.792463 593.063286 569.001087 560.878982 546.114702 489.526288 426.085209 380.342280 323.716338 230.244197 162.487721 159.074179 172.033268 136.029095 76.837216 29.828897 16.349299 -0.462434 -16.164279 -11.956116 6.521280 29.075936 39.886611 26.891198 5.901298 -17.391509 -46.295756 -44.658825 -19.253942 -9999.0 -9999.0 -9999.0 -9999.0 -9999.0 -9999.0
-9999.0 -9999.0 -9999.0 -9999.0 -342.382218 -329.971739 -341.658642 -317.885758 -285.750757 -252.208281 -219.344160 -181.228016 -153.105029 -122.102746 -78.749124 -38.238430 9.607807 49.423109 110.552785 188.155351 251.132275 286.873511 311.766617 379.330069 443.504615 495.539266 516.443524 546.166875 593.645910 666.979984 696.306525 704.563270 722.398686 749.926231 793.479206 825.322177 809.303584 802.252399 809.302249 821.715040 849.372276 852.315069 854.517627 855.761880 858.384272 857.139640 831.121228 795.483507 782.853670 774.316228 749.528025 683.011551 627.226823 592.434914 561.447837 511.798925 443.043082 417.914639 355.473065 290.836186 211.930645 178.953351 140.621146 109.110548 73.735253 70.987201 71.203281 49.310931 17.141160 -15.587826 -30.930164 -49.772707 -60.102881 -30.225434 -12.502719 18.497831 -9999.0 -9999.0 -9999.0 -9999.0
-9999.0 -9999.0 -400.599340 -350.785138 -294.818964 -286.101206 -283.861450 -278.408839 -250.791746 -199.025202 -118.768709 -62.928725 -14.184810 21.106138 87.314260 181.908615 273.830692 332.932029 397.307922 465.770487 528.138070 568.794040 601.740446 644.016079 693.996881 748.534242 772.159463 797.427569 826.853972 859.856782 880.685958 896.329279 902.864278 900.544575 902.112053 901.702217 897.983202 892.465219 875.935776 873.971639 882.252670 886.487947 889.480245 876.897033 872.890390 885.202932 886.615527 885.077775 886.058676 893.975555 901.149637 867.379152 818.125656 802.552282 794.064262 752.385860 688.707403 633.766890 607.318532 564.091585 484.139802 428.936657 373.061007 314.201733 248.813507 205.112911 149.175484 101.734482 52.495698 5.321079 -18.993558 -37.817462 -40.287736 -39.864227 -23.815244 -8.165308 7.286692 15.125985 -9999.0 -9999.0
-9999.0 -499.949207 -427.319375 -299.737515 -220.353743 -174.485159 -133.760477 -103.440534 -76.038086 -56.699998 58.872491 175.943167 280.967404 321.089917 380.158412 482.340453 587.970293 633.626629 667.501253 715.703202 768.825433 814.143688 843.919031 870.221500 898.833087 901.999585 901.649199 902.727717 896.471135 889.423827 879.734661 887.040119 884.457755 867.181495 852.455320 849.477220 842.757071 816.461101 789.391617 775.964928 779.883203 801.434880 790.868053 770.919220 767.257744 787.329141 803.942144 795.025182 784.704560 802.772481 836.722926 858.047791 872.572896 887.533804 907.765939 884.400933 852.126231 810.548920 790.661752 760.861016 694.114566 629.685632 574.404155 510.095721 441.947700 367.758313 295.463790 223.533227 148.244900 103.426222 69.203380 15.590818 -8.455317 -7.651987 -17.211024 -19.953293 -13.499348 -7.081530 -9999.0 -9999.0
-9999.0 -572.552662 -429.072024 -242.808051 -94.233049 -28.267630 94.266012 188.126191 225.281926 204.472694 329.674286 562.932771 650.983027 664.328205 728.722986 806.836145 843.174823 872.036032 890.267240 889.689036 889.327608 895.505237 893.359866 887.156309 873.516210 865.826029 864.681340 861.143988 841.475174 821.424455 801.714621 800.534679 784.075851 744.873791 712.519197 695.264559 676.070676 646.279685 609.552323 582.594223 569.391139 587.817956 578.510343 560.446310 556.714575 580.098762 612.911589 607.408448 613.473898 636.711996 679.748738 727.511248 751.843041 780.975403 817.275557 859.941599 878.134641 897.902527 902.866420 880.242979 836.620318 785.823226 750.976017 679.812188 603.874992 522.356872 457.982515 396.464455 324.144716 270.420703 213.765557 148.647409 86.220960 55.398556 14.311238 -7.254279 -9999.0 -9999.0 -9999.0 -9999.0
-9999.0 -639.753524 -448.311459 -182.156409 83.925854 225.542926 430.691962 568.212760 646.288322 695.743524 728.247713 841.878628 867.411488 858.863970 844.834965 845.829350 859.526773 863.129855 859.135660 848.551864 837.565072 833.086189 830.932104 824.098959 812.120475 797.061776 783.902522 768.813690 721.182435 685.286650 652.125388 636.962289 600.847028 511.158484 468.311605 435.841472 380.263236 367.707773 354.011451 322.195420 301.091704 283.935980 303.140016 303.472528 304.469050 313.024116 335.254859 356.950336 401.295275 438.545859 483.580100 538.144468 573.680854 618.331720 668.728633 733.494358 766.208067 794.797224 840.303220 881.026066 903.349230 893.952297 863.828261 819.559696 749.135681 671.271267 616.797198 540.898886 475.189162 424.715187 382.889231 330.964663 257.151319 151.439304 104.171631 -9999.0 -9999.0 -9999.0 -9999.0 -9999.0
-9999.0 -796.942553 -528.812438 -231.448967 105.003502 431.650766 547.373361 709.459273 785.160358 728.197567 708.139235 739.727290 779.518416 785.981005 765.613338 757.755802 749.420104 749.286960 761.008474 731.823624 694.066167 678.333536 676.654716 664.665775 641.875254 623.642545 609.549020 587.719395 535.629644 485.357779 409.665992 381.623708 303.200003 228.621918 174.704404 121.634586 66.625585 62.632035 77.005363 59.148383 35.726851 16.427888 42.280845 58.170053 69.494150 60.202670 70.398283 107.352469 159.950291 208.883126 267.945196 332.049387 383.771926 436.993839 472.814484 528.190059 576.616566 624.317685 699.566776 784.406860 820.280455 854.750401 889.656954 903.927831 854.665090 801.271631 744.364444 666.942457 571.399780 524.758359 504.753362 475.727503 424.991340 -9999.0 -9999.0 -9999.0 -9999.0 -9999.0 -9999.0 -9999.0
-9999.0 -930.150661 -699.565917 -452.273636 -151.156084 93.215693 286.161631 408.582363 500.114701 491.148849 502.173057 532.873074 564.874728 587.136831 564.351180 527.584516 500.880619 504.273620 502.505142 477.216161 446.229365 430.991423 429.188349 421.337852 394.472232 376.562330 363.039599 336.855378 294.677922 230.138163 139.525591 66.541689 1.240710 -37.182817 -69.562788 -104.050498 -143.543069 -133.579314 -119.519747 -124.465774 -137.051904 -141.625325 -112.047993 -93.602888 -83.505610 -96.428699 -77.681881 -50.196995 -7.356355 36.211701 86.992413 145.509622 204.281747 241.242683 263.473801 300.796097 349.996367 411.900339 499.801941 597.584756 673.902731 730.156676 781.459754 812.672984 825.054562 840.386040 815.012280 724.169984 578.891325 565.172141 566.913279 -9999.0 -9999.0 -9999.0 -9999.0 -9999.0 -9999.0 -9999.0 -9999.0 -9999.0
-9999.0 -9999.0 -936.284006 -747.106890 -588.373443 -401.621477 -248.957551 -139.185023 -60.777838 30.621066 123.454623 204.800323 251.420172 270.270459 250.613989 205.876700 177.132335 176.374181 166.105507 150.809659 125.062039 114.851052 104.597663 95.983181 81.785247 73.305162 66.621726 53.688289 28.547876 -21.270608 -76.151014 -129.729678 -185.306886 -211.310788 -233.869785 -256.886572 -260.585922 -262.566757 -255.838495 -254.724157 -249.420023 -237.719956 -216.955419 -195.584589 -186.175689 -179.071056 -166.470906 -142.698706 -109.335736 -67.919070 -14.801041 42.140684 81.942695 95.669585 88.058079 96.857565 123.208090 175.233954 275.440615 375.053025 471.182026 543.987822 615.928624 665.649452 682.705235 706.333103 721.284721 635.937261 366.527313 496.646677 -9999.0 -9999.0 -9999.0 -9999.0 -9999.0 -9999.0 -9999.0 -9999.0 -9999.0 -9999.0
-9999.0 -9999.0 -9999.0 -9999.0 -890.426457 -733.643721 -639.642593 -557.013471 -435.339693 -325.829514 -233.163155 -155.944472 -102.007437 -77.962274 -89.198850 -95.034061 -103.644358 -107.669945 -116.523896 -122.105856 -127.867135 -135.945085 -147.632075 -155.485172 -156.505333 -153.323293 -155.765900 -169.316165 -185.869045 -213.468984 -237.880433 -273.496160 -310.820432 -340.153677 -353.285787 -360.223668 -360.004447 -365.548647 -356.014557 -349.649229 -334.785113 -319.354271 -295.338418 -267.024987 -254.445461 -240.263108 -230.547898 -209.682302 -179.627022 -126.864518 -64.607876 -8.574190 25.304903 28.687098 2.273459 -13.619280 -16.255470 13.722628 65.438010 143.051187 258.893343 345.487193 414.684864 462.675741 495.401815 540.623308 582.164381 596.835100 -9999.0 -9999.0 -9999.0 -9999.0 -9999.0 -9999.0 -9999.0 -9999.0 -9999.0 -9999.0 -9999.0 -9999.0
-9999.0 -9999.0 -9999.0 -9999.0 -9999.0 -9999.0 -945.989871 -851.435671 -764.819749 -642.806758 -529.081652 -436.959748 -362.333264 -337.125765 -319.436266 -297.093828 -301.649184 -318.645780 -335.283696 -318.784783 -309.194231 -314.172233 -341.757254 -343.278852 -339.819724 -330.570498 -331.854326 -338.030528 -362.931221 -354.815946 -356.289666 -379.432921 -405.585529 -419.991758 -431.526460 -421.486721 -420.615886 -433.121005 -430.682111 -404.551470 -384.803180 -371.324932 -348.790376 -315.674011 -283.756242 -269.537211 -268.636859 -262.468952 -220.998137 -150.820139 -80.822033 -27.686478 2.733036 9.526291 -19.697434 -61.428507 -83.531753 -77.110501 -42.034136 13.286068 94.464563 150.171418 187.396712 214.178337 247.666844 349.571448 -9999.0 -9999.0 -9999.0 -9999.0 -9999.0 -9999.0 -9999.0 -9999.0 -9999.0 -9999.0 -9999.0 -9999.0 -9999.0 -9999.0
-9999.0 -9999.0 -9999.0 -9999.0 -9999.0 -9999.0 -9999.0 -9999.0 -9999.0 -9999.0 -9999.0 -9999.0 -9999.0 -9999.0 -9999.0 -9999.0 -9999.0 -9999.0 -9999.0 -9999.0 -9999.0 -9999.0 -9999.0 -9999.0 -9999.0 -9999.0 -9999.0 -9999.0 -9999.0 -9999.0 -9999.0 -9999.0 -9999.0 -9999.0 -9999.0 -9999.0 -9999.0 -9999.0 -9999.0 -9999.0 -9999.0 -9999.0 -9999.0 -9999.0 -9999.0 -9999.0 -9999.0 -9999.0 -9999.0 -9999.0 -9999.0 -9999.0 -9999.0 -9999.0 -9999.0 -9999.0 -9999.0 -9999.0 -9999.0 -9999.0 -9999.0 -9999.0 -9999.0 -9999.0 -9999.0 -9999.0 -9999.0 -9999.0 -9999.0 -9999.0 -9999.0 -9999.0 -9999.0 -9999.0 -9999.0 -9999.0 -9999.0 -9999.0 -9999.0 -9999.0
-9999.0 -9999.0 -9999.0 -9999.0 -9999.0 -9999.0 -9999.0 -9999.0 -9999.0 -9999.0 -9999.0 -9999.0 -9999.0 -9999.0 -9999.0 -9999.0 -9999.0 -9999.0 -9999.0 -9999.0 -9999.0 -9999.0 -9999.0 -9999.0 -9999.0 -9999.0 -9999.0 -9999.0 -9999.0 -9999.0 -9999.0 -9999.0 -9999.0 -9999.0 -9999.0 -9999.0 -9999.0 -9999.0 -9999.0 -9999.0 -9999.0 -9999.0 -9999.0 -9999.0 -9999.0 -9999.0 -9999.0 -9999.0 -9999.0 -9999.0 -9999.0 -9999.0 -9999.0 -9999.0 -9999.0 -9999.0 -9999.0 -9999.0 -9999.0 -9999.0 -9999.0 -9999.0 -9999.0 -9999.0 -9999.0 -9999.0 -9999.0 -9999.0 -9999.0 -9999.0 -9999.0 -9999.0 -9999.0 -9999.0 -9999.0 -9999.0 -9999.0 -9999.0 -9999.0 -9999.0