Borden_/Borden1m_014/output_maps/psiliqL0004N0029.asc
ncols         80
nrows         18
xllcorner     620200.000000
yllcorner     5168000.000000
cellsize      1.000000
NODATA_value  -9999.0
-9999.0 -9999.0 -9999.0 -9999.0 -9999.0 -9999.0 -9999.0 -9999.0 -9999.0 -9999.0 -9999.0 -9999.0 -9999.0 -9999.0 -9999.0 -9999.0 -9999.0 -9999.0 -9999.0 -9999.0 -9999.0 -9999.0 -9999.0 -9999.0 -9999.0 -9999.0 -9999.0 -9999.0 -9999.0 -9999.0 -9999.0 -9999.0 -9999.0 -9999.0 -9999.0 -9999.0 -9999.0 -9999.0 -9999.0 -9999.0 -9999.0 -9999.0 -9999.0 -9999.0 -9999.0 -9999.0 -9999.0 -9999.0 -9999.0 -9999.0 -9999.0 -9999.0 -9999.0 -9999.0 -9999.0 -9999.0 -9999.0 -9999.0 -9999.0 -9999.0 -9999.0 -9999.0 -9999.0 -9999.0 -9999.0 -9999.0 -9999.0 -9999.0 -9999.0 -9999.0 -9999.0 -9999.0 -9999.0 -9999.0 -9999.0 -9999.0 -9999.0 -9999.0 -9999.0 -9999.0
-9999.0 -9999.0 -9999.0 -9999.0 -9999.0 -9999.0 -9999.0 -9999.0 -9999.0 -9999.0 -9999.0 -9999.0 -9999.0 -9999.0 -9999.0 -9999.0 -9999.0 -9999.0 -9999.0 -9999.0 -9999.0 -9999.0 -9999.0 -9999.0 -9999.0 -9999.0 -9999.0 -9999.0 -9999.0 -9999.0 -9999.0 -9999.0 -9999.0 -9999.0 -9999.0 -9999.0 -9999.0 -9999.0 -9999.0 -9999.0 -9999.0 -9999.0 -9999.0 -9999.0 -9999.0 -9999.0 -9999.0 -9999.0 -9999.0 -9999.0 -9999.0 -9999.0 -9999.0 -9999.0 -9999.0 -9999.0 -9999.0 -9999.0 -9999.0 -9999.0 -9999.0 -9999.0 -9999.0 -9999.0 -9999.0 -9999.0 -9999.0 -9999.0 -9999.0 -9999.0 -9999.0 -9999.0 -9999.0 -9999.0 -9999.0 -9999.0 -9999.0 -9999.0 -9999.0 -9999.0
-9999.0 -9999.0 -9999.0 -9999.0 -9999.0 -9999.0 -9999.0 -9999.0 -9999.0 -9999.0 -9999.0 -9999.0 -9999.0 -9999.0 -9999.0 -9999.0 -9999.0 -9999.0 -9999.0 -9999.0 -602.356039 -600.215580 -606.172960 -613.422532 -619.403254 -619.869640 -613.021334 -604.813773 -595.783417 -593.716155 -600.123338 -598.864589 -601.233176 -602.369992 -602.242582 -600.400725 -599.524342 -596.596203 -594.619474 -595.223645 -597.274940 -598.852740 -599.929862 -599.306398 -597.197575 -600.250519 -595.688754 -590.972015 -589.161701 -589.669971 -596.552217 -599.701112 -601.001424 -605.920591 -597.019149 -593.875223 -586.758777 -585.778656 -584.990727 -592.985130 -601.064940 -9999.0 -9999.0 -9999.0 -9999.0 -9999.0 -9999.0 -9999.0 -9999.0 -9999.0 -9999.0 -9999.0 -9999.0 -9999.0 -9999.0 -9999.0 -9999.0 -9999.0 -9999.0 -9999.0
-9999.0 -9999.0 -9999.0 -9999.0 -9999.0 -9999.0 -9999.0 -9999.0 -9999.0 -9999.0 -9999.0 -9999.0 -9999.0 -9999.0 -616.145944 -619.112866 -620.435368 -620.765444 -614.572230 -609.362221 -608.368530 -611.390080 -609.437780 -615.853116 -621.497195 -618.059158 -612.498879 -607.269195 -599.635604 -594.163840 -598.777185 -599.913528 -597.164895 -588.127483 -583.802003 -585.418955 -595.053897 -585.756129 -580.450925 -577.100847 -577.550797 -581.829627 -575.556368 -568.354018 -571.775611 -579.469255 -577.920443 -573.357950 -566.385733 -570.998746 -595.849100 -599.722936 -598.950867 -599.074458 -602.665054 -604.976918 -595.875151 -596.638043 -598.431986 -601.165420 -607.715949 -617.438334 -621.579074 -611.975925 -602.484410 -585.150721 -9999.0 -9999.0 -9999.0 -9999.0 -9999.0 -9999.0 -9999.0 -9999.0 -9999.0 -9999.0 -9999.0 -9999.0 -9999.0 -9999.0
-9999.0 -9999.0 -9999.0 -9999.0 -9999.0 -9999.0 -9999.0 -9999.0 -9999.0 -622.788192 -623.325078 -622.364880 -623.958313 -621.121758 -624.891292 -623.746063 -624.086485 -619.721811 -615.531062 -609.116666 -601.631302 -606.396808 -606.965110 -603.301792 -602.498337 -600.395636 -596.215058 -583.759325 -569.456929 -549.925373 -565.350296 -566.117985 -556.884728 -526.450327 -498.875932 -490.390367 -504.741853 -504.313518 -485.968871 -463.819176 -463.358953 -465.027937 -440.263458 -425.061863 -415.759851 -437.758655 -460.003674 -463.325952 -436.099511 -484.550039 -527.216319 -560.634513 -559.285848 -572.415657 -587.397097 -593.560699 -595.206587 -585.228896 -589.570034 -600.084467 -608.945798 -607.735122 -612.244463 -607.654207 -603.495679 -589.886545 -577.665671 -566.593337 -566.087868 -572.895516 -9999.0 -9999.0 -9999.0 -9999.0 -9999.0 -9999.0 -9999.0 -9999.0 -9999.0 -9999.0
-9999.0 -9999.0 -9999.0 -9999.0 -9999.0 -9999.0 -629.927218 -629.974985 -627.932484 -632.417176 -628.313436 -630.333486 -627.188543 -625.372221 -622.902153 -622.051225 -616.567649 -611.228284 -602.680783 -591.700268 -581.995584 -585.887485 -583.220445 -570.101237 -546.770666 -526.074793 -512.276521 -487.079545 -406.962690 -346.050942 -321.429257 -309.248393 -294.730450 -264.384534 -208.963099 -162.745945 -212.463822 -232.302891 -216.047111 -173.278462 -99.370403 -96.430022 -90.588970 -83.271248 -57.477757 -64.257620 -167.008787 -197.267492 -206.640024 -216.036935 -257.034974 -300.944494 -363.514638 -428.509934 -500.124703 -536.628800 -542.040198 -535.416614 -551.446806 -573.657281 -587.879889 -588.887791 -592.081165 -596.845844 -594.487599 -588.706702 -580.430924 -575.537390 -579.447690 -585.224615 -590.281492 -598.878040 -597.718311 -589.526283 -9999.0 -9999.0 -9999.0 -9999.0 -9999.0 -9999.0
-9999.0 -9999.0 -9999.0 -9999.0 -638.469789 -635.989363 -642.941155 -638.593854 -634.866530 -631.706925 -630.597092 -625.408795 -623.171187 -619.041713 -611.112973 -604.297356 -593.339253 -584.484864 -563.453224 -525.151981 -488.691005 -465.347506 -448.907923 -364.880705 -291.613976 -253.107997 -239.130137 -215.492774 -166.534152 -50.992088 -24.596486 -41.274718 -1.332951 -0.846423 63.581673 99.069659 80.514816 73.928404 76.247121 84.149116 108.965259 109.954746 110.894631 111.072929 113.151391 114.602562 93.645158 62.164514 22.016263 43.873899 24.304380 -35.140598 -133.599556 -173.285927 -199.339077 -237.598393 -290.186432 -316.054936 -394.667250 -459.498683 -513.355086 -531.491776 -549.620506 -560.116094 -573.047101 -571.037164 -567.903365 -574.798142 -584.354728 -593.579728 -595.666163 -599.957739 -603.828877 -593.496573 -589.080599 -577.888651 -9999.0 -9999.0 -9999.0 -9999.0
-9999.0 -9999.0 -640.085832 -638.936051 -631.586474 -635.001474 -637.258917 -640.318285 -638.168431 -630.590202 -616.492711 -608.886333 -598.789786 -592.513189 -571.562168 -525.921489 -472.389284 -422.110549 -338.567331 -278.140930 -230.454634 -189.459410 -111.857259 -71.120149 -27.654401 21.080488 43.468270 63.657765 86.777584 114.807280 140.087449 153.432944 160.572699 154.816016 154.659339 152.981701 151.217018 146.478734 130.349428 127.994935 135.052859 137.628064 140.990431 128.668225 124.882603 137.072046 139.365611 139.436620 140.389853 149.979793 160.058316 130.973178 77.900337 66.259344 61.002086 24.763378 -36.121905 -127.330990 -158.345657 -198.855033 -266.110113 -304.476680 -370.188332 -442.042350 -494.828634 -518.392173 -542.995200 -559.538526 -575.454169 -590.244628 -595.535522 -598.997711 -597.634390 -598.524749 -592.923105 -588.297884 -582.272593 -579.750956 -9999.0 -9999.0
-9999.0 -643.575961 -644.604479 -631.221816 -626.829915 -622.928694 -618.471422 -614.669601 -610.477278 -612.919280 -577.719707 -519.307502 -458.220832 -429.737275 -353.713828 -256.377790 -110.301460 -74.416082 -48.621656 -6.865792 40.788814 79.575534 104.937551 137.221187 160.742294 155.675526 154.162736 152.627633 144.013076 136.606905 126.992080 135.157143 133.541936 118.413911 107.007298 105.701462 102.732310 76.974524 52.372641 40.143221 44.944091 65.943207 55.888118 35.894069 32.107141 51.448481 67.161202 58.140169 21.946065 62.596478 93.940935 111.542072 127.581691 141.633581 161.424629 139.443407 106.957667 67.590135 53.790513 30.400611 -69.941173 -135.170081 -188.597458 -249.031692 -298.664599 -376.349102 -457.680126 -505.734219 -542.040761 -557.393399 -567.599885 -586.929661 -592.767868 -589.431823 -592.070727 -592.441760 -589.954865 -587.900466 -9999.0 -9999.0
-9999.0 -655.231715 -643.260496 -627.275638 -606.511662 -599.912957 -547.630155 -501.501748 -485.027653 -505.297785 -392.119031 -108.815649 -42.809544 -40.491248 12.814764 80.941345 122.199395 144.807465 159.065832 150.358920 145.088341 147.275041 143.308910 134.844882 121.326112 113.932848 113.781022 111.588008 93.607268 76.441184 61.500626 59.549581 47.294138 13.768629 -15.834702 -30.083520 -51.485495 -114.101362 -156.536666 -185.424891 -198.631923 -179.140189 -189.500717 -207.871440 -211.432961 -187.684301 -154.001561 -159.416055 -153.857002 -129.708335 -84.703843 -4.882500 15.902743 41.659813 74.257612 112.125161 130.568754 149.150650 156.001342 132.126461 93.707976 48.448529 19.437032 -83.929377 -158.206713 -234.407522 -281.434444 -318.708602 -400.600952 -457.893484 -500.317824 -535.813812 -562.875037 -570.466297 -584.630236 -588.416820 -9999.0 -9999.0 -9999.0 -9999.0
-9999.0 -656.932974 -644.815950 -616.058715 -549.967973 -470.020788 -294.244802 -167.016111 -13.907158 -43.716396 61.965242 139.985482 150.210072 134.578247 109.658894 106.537460 116.390333 118.643960 114.640651 105.441199 95.094154 91.288213 89.937177 82.289166 70.524146 56.187770 45.387591 33.459328 -48.396708 -85.489575 -113.353138 -130.090194 -163.981996 -243.675188 -273.173387 -293.342757 -355.925339 -374.647565 -393.917961 -431.607318 -451.139224 -463.508815 -447.467970 -450.764325 -451.813052 -441.852192 -416.202589 -394.655809 -339.181366 -300.077975 -270.239346 -225.512610 -192.702351 -148.175215 -95.583557 1.155698 29.429856 33.044028 95.803372 132.966694 153.570411 145.848202 117.550541 81.986307 22.845188 -88.127432 -140.135440 -206.302733 -258.056600 -292.849755 -319.459865 -381.582452 -466.869163 -530.393749 -548.768402 -9999.0 -9999.0 -9999.0 -9999.0 -9999.0
-9999.0 -674.271281 -646.421143 -621.934981 -518.238534 -282.454295 -190.988115 58.694167 118.456588 47.538601 -45.850689 26.749978 61.204330 61.909441 37.938450 28.669251 23.123630 22.523710 34.881331 4.949218 -66.408425 -85.010500 -87.000694 -99.665534 -123.049431 -142.444274 -157.249329 -178.768948 -230.320538 -267.293119 -317.101159 -351.581798 -440.939791 -500.331163 -528.949341 -553.647574 -577.515886 -577.273263 -569.916636 -576.736744 -584.488913 -592.100335 -582.584067 -577.799427 -573.671840 -578.410275 -576.342909 -563.140865 -541.563482 -519.078814 -484.561473 -430.328678 -370.095718 -303.708190 -278.418410 -233.730425 -189.737959 -141.300439 -65.712764 48.523335 77.070427 107.399340 143.368882 161.393592 122.037741 82.646112 28.955162 -80.415322 -176.199635 -215.003821 -232.603602 -256.652398 -294.356037 -9999.0 -9999.0 -9999.0 -9999.0 -9999.0 -9999.0 -9999.0
-9999.0 -683.482085 -654.452425 -647.975627 -607.103317 -527.703219 -400.884654 -279.124973 -128.109479 -233.434140 -246.419450 -224.112844 -196.939863 -176.345924 -198.743742 -229.220715 -249.220288 -245.674447 -244.339503 -262.983712 -285.297066 -294.664729 -295.395925 -303.700866 -338.849963 -364.138626 -380.329257 -410.097101 -452.954064 -497.791589 -547.953091 -575.084119 -594.955600 -602.866601 -608.732719 -614.777477 -624.519164 -619.681241 -615.615302 -616.659936 -619.726111 -621.770051 -614.422824 -611.298955 -608.909147 -614.814111 -610.089447 -605.000678 -594.635168 -583.716635 -568.770059 -547.906569 -522.322050 -503.594857 -489.752895 -460.677088 -408.191225 -324.229024 -257.765436 -165.759069 -91.043535 -4.512425 45.739824 78.465377 95.644885 108.258547 111.001423 70.261405 -148.453586 -178.270772 -182.279610 -9999.0 -9999.0 -9999.0 -9999.0 -9999.0 -9999.0 -9999.0 -9999.0 -9999.0
-9999.0 -9999.0 -690.224323 -677.549821 -666.523885 -653.031523 -633.792556 -610.470646 -591.361871 -567.560580 -534.589854 -497.588536 -471.716612 -459.083238 -475.434155 -505.802561 -522.565835 -521.773552 -526.388108 -535.086839 -549.844232 -555.150270 -559.002530 -562.178044 -568.913228 -571.876793 -573.322218 -576.401260 -582.918453 -596.609550 -609.031794 -618.177314 -627.567211 -628.368641 -630.281734 -633.416920 -631.500993 -632.060453 -631.174510 -631.453602 -630.672127 -629.124486 -626.994535 -624.265712 -623.751739 -622.911653 -621.677458 -618.515765 -613.636849 -606.988874 -595.391691 -579.498390 -567.416379 -564.280466 -569.704259 -567.901869 -559.561384 -539.286805 -478.392963 -368.466085 -280.898568 -219.074455 -148.135949 -99.049337 -77.542913 -12.780389 36.122254 -88.635819 -228.265730 -213.209479 -9999.0 -9999.0 -9999.0 -9999.0 -9999.0 -9999.0 -9999.0 -9999.0 -9999.0 -9999.0
-9999.0 -9999.0 -9999.0 -9999.0 -695.886727 -677.865929 -662.115012 -662.637065 -650.076930 -641.039305 -632.024349 -621.671860 -613.084668 -608.057284 -613.140759 -614.533308 -615.963863 -615.564825 -617.021298 -618.450962 -619.277008 -620.403958 -621.740047 -623.135906 -622.721104 -621.514433 -621.323701 -623.684646 -624.460650 -628.889779 -630.183249 -633.342862 -636.349102 -639.365132 -639.168745 -639.513940 -638.470670 -639.701088 -637.819599 -638.625334 -636.987363 -636.019420 -633.823864 -630.468462 -630.933519 -629.021224 -628.597925 -625.958162 -623.890421 -616.267754 -604.443406 -591.150236 -582.189043 -582.277021 -592.476849 -597.312436 -599.629052 -592.552999 -579.740387 -553.814442 -493.190378 -417.063383 -321.948183 -281.257137 -255.435242 -211.538769 -168.153252 -157.412501 -9999.0 -9999.0 -9999.0 -9999.0 -9999.0 -9999.0 -9999.0 -9999.0 -9999.0 -9999.0 -9999.0 -9999.0
-9999.0 -9999.0 -9999.0 -9999.0 -9999.0 -9999.0 -688.199958 -679.121300 -681.391924 -673.675304 -666.433758 -660.481996 -652.422634 -652.461108 -650.038025 -644.478111 -645.254647 -648.062028 -651.470295 -646.675333 -644.465803 -644.181877 -649.642195 -648.320746 -647.691810 -645.639113 -645.843486 -645.197012 -649.783934 -644.732682 -642.429481 -643.785570 -645.121982 -644.453948 -645.645524 -642.494502 -642.122018 -644.710094 -645.394929 -641.503632 -640.143583 -640.344219 -639.190399 -636.068263 -631.863602 -630.915948 -632.354187 -634.208098 -629.361968 -618.591020 -606.034380 -594.756795 -587.449588 -585.419711 -594.535901 -606.663578 -612.810528 -613.169978 -607.218370 -595.973840 -572.044422 -554.819695 -540.362721 -524.515576 -504.097569 -406.815777 -9999.0 -9999.0 -9999.0 -9999.0 -9999.0 -9999.0 -9999.0 -9999.0 -9999.0 -9999.0 -9999.0 -9999.0 -9999.0 -9999.0
-9999.0 -9999.0 -9999.0 -9999.0 -9999.0 -9999.0 -9999.0 -9999.0 -9999.0 -9999.0 -9999.0 -9999.0 -9999.0 -9999.0 -9999.0 -9999.0 -9999.0 -9999.0 -9999.0 -9999.0 -9999.0 -9999.0 -9999.0 -9999.0 -9999.0 -9999.0 -9999.0 -9999.0 -9999.0 -9999.0 -9999.0 -9999.0 -9999.0 -9999.0 -9999.0 -9999.0 -9999.0 -9999.0 -9999.0 -9999.0 -9999.0 -9999.0 -9999.0 -9999.0 -9999.0 -9999.0 -9999.0 -9999.0 -9999.0 -9999.0 -9999.0 -9999.0 -9999.0 -9999.0 -9999.0 -9999.0 -9999.0 -9999.0 -9999.0 -9999.0 -9999.0 -9999.0 -9999.0 -9999.0 -9999.0 -9999.0 -9999.0 -9999.0 -9999.0 -9999.0 -9999.0 -9999.0 -9999.0 -9999.0 -9999.0 -9999.0 -9999.0 -9999.0 -9999.0 -9999.0
-9999.0 -9999.0 -9999.0 -9999.0 -9999.0 -9999.0 -9999.0 -9999.0 -9999.0 -9999.0 -9999.0 -9999.0 -9999.0 -9999.0 -9999.0 -9999.0 -9999.0 -9999.0 -9999.0 -9999.0 -9999.0 -9999.0 -9999.0 -9999.0 -9999.0 -9999.0 -9999.0 -9999.0 -9999.0 -9999.0 -9999.0 -9999.0 -9999.0 -9999.0 -9999.0 -9999.0 -9999.0 -9999.0 -9999.0 -9999.0 -9999.0 -9999.0 -9999.0 -9999.0 -9999.0 -9999.0 -9999.0 -9999.0 -9999.0 -9999.0 -9999.0 -9999.0 -9999.0 -9999.0 -9999.0 -9999.0 -9999.0 -9999.0 -9999.0 -9999.0 -9999.0 -9999.0 -9999.0 -9999.0 -9999.0 -9999.0 -9999.0 -9999.0 -9999.0 -9999.0 -9999.0 -9999.0 -9999.0 -9999.0 -9999.0 -9999.0 -9999.0 -9999.0 -9999.0 -9999.0