Borden_/Borden1m_014/output_maps/psiliqL0002N0034.asc
ncols         80
nrows         18
xllcorner     620200.000000
yllcorner     5168000.000000
cellsize      1.000000
NODATA_value  -9999.0
-9999.0 -9999.0 -9999.0 -9999.0 -9999.0 -9999.0 -9999.0 -9999.0 -9999.0 -9999.0 -9999.0 -9999.0 -9999.0 -9999.0 -9999.0 -9999.0 -9999.0 -9999.0 -9999.0 -9999.0 -9999.0 -9999.0 -9999.0 -9999.0 -9999.0 -9999.0 -9999.0 -9999.0 -9999.0 -9999.0 -9999.0 -9999.0 -9999.0 -9999.0 -9999.0 -9999.0 -9999.0 -9999.0 -9999.0 -9999.0 -9999.0 -9999.0 -9999.0 -9999.0 -9999.0 -9999.0 -9999.0 -9999.0 -9999.0 -9999.0 -9999.0 -9999.0 -9999.0 -9999.0 -9999.0 -9999.0 -9999.0 -9999.0 -9999.0 -9999.0 -9999.0 -9999.0 -9999.0 -9999.0 -9999.0 -9999.0 -9999.0 -9999.0 -9999.0 -9999.0 -9999.0 -9999.0 -9999.0 -9999.0 -9999.0 -9999.0 -9999.0 -9999.0 -9999.0 -9999.0
-9999.0 -9999.0 -9999.0 -9999.0 -9999.0 -9999.0 -9999.0 -9999.0 -9999.0 -9999.0 -9999.0 -9999.0 -9999.0 -9999.0 -9999.0 -9999.0 -9999.0 -9999.0 -9999.0 -9999.0 -9999.0 -9999.0 -9999.0 -9999.0 -9999.0 -9999.0 -9999.0 -9999.0 -9999.0 -9999.0 -9999.0 -9999.0 -9999.0 -9999.0 -9999.0 -9999.0 -9999.0 -9999.0 -9999.0 -9999.0 -9999.0 -9999.0 -9999.0 -9999.0 -9999.0 -9999.0 -9999.0 -9999.0 -9999.0 -9999.0 -9999.0 -9999.0 -9999.0 -9999.0 -9999.0 -9999.0 -9999.0 -9999.0 -9999.0 -9999.0 -9999.0 -9999.0 -9999.0 -9999.0 -9999.0 -9999.0 -9999.0 -9999.0 -9999.0 -9999.0 -9999.0 -9999.0 -9999.0 -9999.0 -9999.0 -9999.0 -9999.0 -9999.0 -9999.0 -9999.0
-9999.0 -9999.0 -9999.0 -9999.0 -9999.0 -9999.0 -9999.0 -9999.0 -9999.0 -9999.0 -9999.0 -9999.0 -9999.0 -9999.0 -9999.0 -9999.0 -9999.0 -9999.0 -9999.0 -9999.0 -597.421528 -596.493672 -598.614542 -601.033339 -603.037764 -603.264866 -601.000566 -598.330242 -595.251068 -594.581379 -596.996621 -596.452456 -597.391152 -597.871485 -597.876613 -597.214694 -596.911649 -595.902397 -595.242907 -595.502292 -596.243675 -596.788279 -597.272029 -597.085607 -596.271802 -597.371411 -595.712388 -594.031414 -593.405094 -593.482116 -595.835025 -596.840544 -597.212447 -599.058772 -595.705536 -594.644858 -592.043419 -591.754062 -591.323988 -594.256236 -597.111314 -9999.0 -9999.0 -9999.0 -9999.0 -9999.0 -9999.0 -9999.0 -9999.0 -9999.0 -9999.0 -9999.0 -9999.0 -9999.0 -9999.0 -9999.0 -9999.0 -9999.0 -9999.0 -9999.0
-9999.0 -9999.0 -9999.0 -9999.0 -9999.0 -9999.0 -9999.0 -9999.0 -9999.0 -9999.0 -9999.0 -9999.0 -9999.0 -9999.0 -601.529434 -602.630255 -603.134470 -603.406129 -601.376208 -599.743506 -599.605020 -600.753649 -599.867344 -602.123719 -604.085950 -602.884070 -601.116842 -599.584760 -597.101410 -595.185664 -596.909093 -597.330515 -596.363195 -592.980877 -591.397442 -592.069450 -595.914023 -592.307109 -590.348101 -589.053477 -589.214939 -590.975193 -588.431544 -585.461997 -586.937435 -590.065653 -589.477394 -587.728133 -584.804993 -586.505183 -596.170965 -597.320976 -596.889708 -596.774508 -598.050270 -598.955302 -595.560865 -595.980423 -596.577645 -597.300518 -599.385798 -602.624855 -604.030496 -600.737715 -597.640895 -591.316466 -9999.0 -9999.0 -9999.0 -9999.0 -9999.0 -9999.0 -9999.0 -9999.0 -9999.0 -9999.0 -9999.0 -9999.0 -9999.0 -9999.0
-9999.0 -9999.0 -9999.0 -9999.0 -9999.0 -9999.0 -9999.0 -9999.0 -9999.0 -603.453595 -603.746104 -603.438356 -604.131529 -603.166633 -604.703921 -604.327181 -604.558391 -603.181789 -601.988679 -599.974118 -597.339558 -599.215814 -599.447249 -598.046449 -597.768972 -597.140521 -595.865678 -591.355840 -585.943245 -577.515847 -584.444558 -584.733437 -580.853396 -566.288284 -551.744101 -546.693292 -554.934100 -554.973764 -544.815535 -531.235104 -530.149080 -531.221071 -514.955996 -504.087284 -496.540683 -512.957732 -528.986031 -531.419052 -512.894594 -544.043374 -566.488526 -582.421973 -581.638043 -587.094122 -592.908179 -595.101374 -595.844691 -591.893897 -593.481349 -597.208245 -600.204752 -599.407487 -601.017366 -599.443580 -598.228101 -593.407885 -588.941232 -584.566717 -584.346203 -587.121753 -9999.0 -9999.0 -9999.0 -9999.0 -9999.0 -9999.0 -9999.0 -9999.0 -9999.0 -9999.0
-9999.0 -9999.0 -9999.0 -9999.0 -9999.0 -9999.0 -605.478016 -605.597324 -604.978619 -606.827498 -605.469227 -606.362893 -605.335707 -604.848455 -604.153568 -604.050686 -602.263585 -600.641380 -597.868244 -594.114039 -590.577131 -592.266196 -591.308009 -586.105659 -575.715857 -565.611158 -558.820387 -545.444489 -490.234662 -434.081191 -411.005876 -400.388224 -388.527233 -357.562420 -303.264682 -283.640723 -305.524360 -322.031445 -303.924775 -259.600111 -177.036653 -175.712992 -170.034313 -163.380288 -137.229996 -141.770579 -252.877183 -284.092469 -295.141117 -305.351499 -349.180808 -394.466267 -451.164877 -507.278455 -552.411567 -570.993408 -573.995068 -571.184805 -578.456032 -587.633019 -592.985932 -593.130329 -594.197389 -596.061274 -595.223480 -593.243365 -590.169076 -588.253433 -589.742300 -591.793107 -593.401338 -596.541215 -596.071777 -593.033436 -9999.0 -9999.0 -9999.0 -9999.0 -9999.0 -9999.0
-9999.0 -9999.0 -9999.0 -9999.0 -608.437339 -607.565361 -610.137549 -608.672789 -607.501006 -606.591858 -606.497081 -604.854150 -604.330559 -603.112403 -600.524716 -598.357428 -594.580989 -591.601638 -583.378974 -565.600251 -546.179839 -532.114174 -521.038996 -451.507110 -385.016022 -345.479533 -330.004672 -304.268921 -254.829291 -130.542732 -105.260510 -96.833272 -80.834413 -91.038358 -17.579351 12.428593 -2.396516 -9.001164 -6.802173 0.761554 24.206224 24.619953 25.673695 25.521296 27.530784 29.487121 9.033372 -20.300271 -30.776317 -37.714376 -55.283385 -114.984534 -223.065137 -261.374104 -287.004587 -328.365749 -384.358682 -409.316750 -479.995360 -528.805536 -559.864844 -569.173110 -577.714916 -582.120982 -587.585907 -586.728294 -585.350037 -588.111379 -591.658793 -594.968398 -595.473048 -596.912394 -598.409254 -594.557049 -593.093116 -588.767594 -9999.0 -9999.0 -9999.0 -9999.0
-9999.0 -9999.0 -608.657606 -608.504730 -606.086547 -607.501698 -608.321200 -609.537095 -608.982566 -606.603489 -601.944123 -599.710603 -596.317374 -594.409369 -586.455413 -565.505135 -535.022214 -501.346365 -427.364624 -370.990224 -320.395136 -277.387594 -196.037181 -151.339619 -107.558914 -59.230601 -39.479054 -18.646721 3.700256 29.131406 53.917374 70.968420 75.216341 68.595336 68.062975 66.572533 64.647842 60.245993 44.007215 41.988972 49.092509 51.383020 54.753092 42.467998 38.827692 51.289572 52.923135 53.583137 56.276310 63.973394 74.634792 46.137997 -6.013416 -16.958466 -19.102483 -56.687049 -120.379825 -218.706016 -247.983359 -288.275097 -359.911786 -399.494722 -458.047422 -517.815537 -550.466585 -563.243764 -575.092908 -582.169103 -588.435357 -593.981749 -595.719448 -596.782605 -596.112109 -596.592402 -594.523164 -592.894271 -590.541870 -589.616618 -9999.0 -9999.0
-9999.0 -609.397459 -610.103972 -605.757237 -604.856540 -603.833182 -602.401578 -601.170236 -599.902301 -601.474970 -588.484413 -560.542161 -525.533293 -506.630830 -440.204875 -345.659048 -185.889270 -152.709130 -127.345880 -87.787021 -41.887738 -3.763828 20.069359 52.254785 75.361883 70.684632 66.901105 66.056702 57.349393 49.844072 39.530622 47.508998 46.692964 32.127228 20.992298 20.150784 18.742691 -6.492354 -31.322367 -42.853852 -37.500751 -16.547550 -26.590921 -46.670957 -50.420812 -30.864378 -16.212305 -24.621004 -35.869168 -21.235892 9.225437 25.432088 41.935714 55.276997 75.601371 53.641989 21.320317 -13.636357 -28.014554 -50.360519 -161.864698 -227.569661 -280.673040 -343.133903 -394.216907 -464.347401 -528.657104 -556.724309 -574.674752 -581.152398 -585.128535 -592.759710 -594.797634 -593.322890 -594.324522 -594.447360 -593.514237 -592.772386 -9999.0 -9999.0
-9999.0 -613.195863 -609.310327 -604.505975 -598.201355 -596.786655 -574.742876 -551.534740 -541.071371 -554.051018 -473.408592 -179.857625 -119.092446 -118.599313 -68.371293 -1.419973 39.041436 61.064155 74.606737 65.464339 58.642039 60.687460 56.150118 48.446719 34.980916 27.394081 27.225945 25.509234 8.997307 -7.847272 -52.824748 -23.380100 -35.527401 -68.669492 -102.260693 -118.315795 -148.777032 -207.694232 -246.155209 -273.199818 -285.537520 -264.896848 -276.195046 -295.504179 -299.268699 -274.862324 -241.764915 -248.470098 -244.653519 -221.655912 -176.092263 -87.590215 -67.133030 -42.706278 -10.320918 26.049440 44.316111 63.944612 69.414363 46.163747 8.983888 -35.330488 -63.134090 -176.229906 -251.965681 -330.105598 -378.433246 -414.619832 -485.716362 -528.386276 -553.420193 -571.452072 -583.487100 -586.323912 -591.864635 -592.934534 -9999.0 -9999.0 -9999.0 -9999.0
-9999.0 -613.254346 -609.356690 -600.159310 -576.003301 -533.681109 -387.820051 -257.074066 -88.939276 -132.045710 -9.899970 60.133742 67.945843 51.418914 25.205246 21.567917 30.724331 32.650052 29.262787 20.018876 9.804469 6.882287 5.136156 -1.458035 -13.126914 -27.821743 -38.292108 -48.834471 -139.016519 -176.417652 -205.190825 -219.882176 -252.718083 -335.036372 -367.072058 -387.223368 -443.298597 -461.129002 -479.006063 -509.682715 -523.142039 -530.922887 -520.551069 -523.099586 -523.946240 -517.004160 -497.718992 -480.003492 -429.620229 -395.316651 -364.809260 -317.278239 -283.909832 -240.135271 -187.165861 -81.112159 -53.359222 -27.721365 10.684489 46.238487 66.756122 59.391124 30.986791 -2.212255 -58.201059 -181.711042 -236.443112 -306.723297 -358.654474 -391.726156 -416.010230 -468.846114 -533.747045 -568.814513 -577.145895 -9999.0 -9999.0 -9999.0 -9999.0 -9999.0
-9999.0 -618.280963 -609.004525 -601.334235 -558.003796 -373.015593 -283.114397 -16.120546 36.535925 -32.220236 -136.674763 -51.592916 -19.096928 -19.042653 -44.298367 -55.715712 -58.785965 -59.572702 -46.645266 -83.905385 -159.815072 -178.099463 -180.325555 -192.116077 -214.281820 -232.965622 -247.287032 -268.510899 -321.799938 -361.363191 -410.641544 -439.950276 -515.592269 -552.303002 -566.964488 -578.474258 -588.603561 -588.464598 -585.425569 -588.240723 -591.206175 -594.206037 -590.576584 -588.852472 -587.219449 -589.174132 -588.505267 -583.246268 -573.981208 -563.205472 -544.482481 -509.571693 -458.285159 -399.073701 -373.386928 -325.224504 -279.770730 -232.605183 -157.326483 -34.246235 -7.540014 21.431528 57.204942 75.430962 37.882085 2.236421 -54.424416 -178.401894 -279.823613 -320.530585 -336.019457 -356.391377 -392.173299 -9999.0 -9999.0 -9999.0 -9999.0 -9999.0 -9999.0 -9999.0
-9999.0 -621.380890 -611.368073 -609.236054 -595.628566 -562.696117 -481.522065 -369.117748 -200.244352 -323.698448 -338.140432 -313.398557 -284.023281 -263.048665 -286.591907 -319.322763 -340.978018 -337.657644 -336.447850 -356.803679 -380.487115 -390.093906 -390.622944 -397.900216 -428.478171 -451.709952 -466.730897 -492.798187 -524.396373 -551.013417 -576.420405 -587.488607 -594.875440 -597.510241 -599.390016 -601.319723 -604.781530 -602.979957 -601.526985 -601.924801 -603.039559 -603.859127 -601.310396 -600.369585 -599.542874 -601.839300 -600.195872 -598.597459 -595.047050 -591.264264 -585.697534 -577.115859 -565.252935 -555.445773 -547.557418 -530.032248 -491.874727 -416.745643 -350.866611 -256.874830 -182.705676 -89.390472 -37.236300 -5.121133 13.295819 20.266734 28.272720 0.055910 -252.287892 -286.358033 -288.983038 -9999.0 -9999.0 -9999.0 -9999.0 -9999.0 -9999.0 -9999.0 -9999.0 -9999.0
-9999.0 -9999.0 -623.253027 -618.973820 -614.980296 -610.845419 -604.921637 -597.033833 -590.624404 -581.944564 -567.859205 -549.476807 -534.914497 -527.045497 -537.293960 -554.629074 -563.345049 -562.799066 -565.015124 -569.311852 -576.431144 -578.951341 -580.627784 -581.979371 -584.880100 -586.119860 -586.664059 -587.788381 -590.172723 -595.159233 -599.452302 -602.342976 -605.395636 -605.396317 -605.929136 -606.981043 -606.250325 -606.435688 -606.149701 -606.297185 -606.087030 -605.625959 -605.014316 -604.202929 -604.134436 -603.917328 -603.588646 -602.649280 -601.187846 -599.219837 -595.423980 -589.744454 -585.181514 -583.988533 -586.239584 -585.431913 -581.962611 -573.170992 -540.638428 -456.066185 -375.002360 -311.363234 -240.930778 -192.969305 -172.140793 -106.210422 -41.325114 -188.098843 -337.087433 -325.501240 -9999.0 -9999.0 -9999.0 -9999.0 -9999.0 -9999.0 -9999.0 -9999.0 -9999.0 -9999.0
-9999.0 -9999.0 -9999.0 -9999.0 -624.685543 -618.962154 -613.778048 -614.160617 -610.315170 -607.900063 -605.491037 -602.525094 -600.051267 -598.410352 -600.448288 -601.063865 -601.546521 -601.254445 -601.686496 -602.266181 -602.595272 -602.945966 -603.266046 -603.736375 -603.600550 -603.205595 -603.108056 -603.893034 -603.961597 -605.512566 -605.839831 -606.767870 -607.660874 -608.628144 -608.479428 -608.615720 -608.223823 -608.648587 -607.981794 -608.374664 -607.865821 -607.614103 -606.960215 -605.917928 -606.266433 -605.662027 -605.597589 -604.767991 -604.346370 -602.060930 -598.296214 -593.809948 -590.653194 -590.744914 -594.614719 -596.225911 -597.063951 -594.535937 -589.933597 -579.573755 -549.334508 -499.354716 -414.979341 -376.829064 -351.204673 -308.179616 -267.902388 -259.816694 -9999.0 -9999.0 -9999.0 -9999.0 -9999.0 -9999.0 -9999.0 -9999.0 -9999.0 -9999.0 -9999.0 -9999.0
-9999.0 -9999.0 -9999.0 -9999.0 -9999.0 -9999.0 -622.441378 -619.675260 -620.332476 -618.335719 -616.551666 -615.054647 -612.708062 -613.029271 -612.437081 -610.622071 -610.924102 -611.800038 -612.882437 -611.282276 -610.627698 -610.464831 -612.249506 -611.778456 -611.617124 -610.918178 -610.989486 -610.713756 -612.272328 -610.540109 -609.734769 -610.120041 -610.493520 -610.198217 -610.604777 -609.479343 -609.346833 -610.251263 -610.492836 -609.186442 -608.803828 -608.966453 -608.668253 -607.720495 -606.354016 -606.132540 -606.715976 -607.505574 -606.015849 -602.620255 -598.644950 -594.976657 -592.502645 -591.698065 -594.987876 -599.257449 -601.336979 -601.539219 -599.671121 -596.020521 -587.169345 -580.360057 -574.121026 -566.101319 -555.768677 -491.258308 -9999.0 -9999.0 -9999.0 -9999.0 -9999.0 -9999.0 -9999.0 -9999.0 -9999.0 -9999.0 -9999.0 -9999.0 -9999.0 -9999.0
-9999.0 -9999.0 -9999.0 -9999.0 -9999.0 -9999.0 -9999.0 -9999.0 -9999.0 -9999.0 -9999.0 -9999.0 -9999.0 -9999.0 -9999.0 -9999.0 -9999.0 -9999.0 -9999.0 -9999.0 -9999.0 -9999.0 -9999.0 -9999.0 -9999.0 -9999.0 -9999.0 -9999.0 -9999.0 -9999.0 -9999.0 -9999.0 -9999.0 -9999.0 -9999.0 -9999.0 -9999.0 -9999.0 -9999.0 -9999.0 -9999.0 -9999.0 -9999.0 -9999.0 -9999.0 -9999.0 -9999.0 -9999.0 -9999.0 -9999.0 -9999.0 -9999.0 -9999.0 -9999.0 -9999.0 -9999.0 -9999.0 -9999.0 -9999.0 -9999.0 -9999.0 -9999.0 -9999.0 -9999.0 -9999.0 -9999.0 -9999.0 -9999.0 -9999.0 -9999.0 -9999.0 -9999.0 -9999.0 -9999.0 -9999.0 -9999.0 -9999.0 -9999.0 -9999.0 -9999.0
-9999.0 -9999.0 -9999.0 -9999.0 -9999.0 -9999.0 -9999.0 -9999.0 -9999.0 -9999.0 -9999.0 -9999.0 -9999.0 -9999.0 -9999.0 -9999.0 -9999.0 -9999.0 -9999.0 -9999.0 -9999.0 -9999.0 -9999.0 -9999.0 -9999.0 -9999.0 -9999.0 -9999.0 -9999.0 -9999.0 -9999.0 -9999.0 -9999.0 -9999.0 -9999.0 -9999.0 -9999.0 -9999.0 -9999.0 -9999.0 -9999.0 -9999.0 -9999.0 -9999.0 -9999.0 -9999.0 -9999.0 -9999.0 -9999.0 -9999.0 -9999.0 -9999.0 -9999.0 -9999.0 -9999.0 -9999.0 -9999.0 -9999.0 -9999.0 -9999.0 -9999.0 -9999.0 -9999.0 -9999.0 -9999.0 -9999.0 -9999.0 -9999.0 -9999.0 -9999.0 -9999.0 -9999.0 -9999.0 -9999.0 -9999.0 -9999.0 -9999.0 -9999.0 -9999.0 -9999.0