Borden_/Borden1m_014/output_maps/psiliqL0024N0023.asc
ncols         80
nrows         18
xllcorner     620200.000000
yllcorner     5168000.000000
cellsize      1.000000
NODATA_value  -9999.0
-9999.0 -9999.0 -9999.0 -9999.0 -9999.0 -9999.0 -9999.0 -9999.0 -9999.0 -9999.0 -9999.0 -9999.0 -9999.0 -9999.0 -9999.0 -9999.0 -9999.0 -9999.0 -9999.0 -9999.0 -9999.0 -9999.0 -9999.0 -9999.0 -9999.0 -9999.0 -9999.0 -9999.0 -9999.0 -9999.0 -9999.0 -9999.0 -9999.0 -9999.0 -9999.0 -9999.0 -9999.0 -9999.0 -9999.0 -9999.0 -9999.0 -9999.0 -9999.0 -9999.0 -9999.0 -9999.0 -9999.0 -9999.0 -9999.0 -9999.0 -9999.0 -9999.0 -9999.0 -9999.0 -9999.0 -9999.0 -9999.0 -9999.0 -9999.0 -9999.0 -9999.0 -9999.0 -9999.0 -9999.0 -9999.0 -9999.0 -9999.0 -9999.0 -9999.0 -9999.0 -9999.0 -9999.0 -9999.0 -9999.0 -9999.0 -9999.0 -9999.0 -9999.0 -9999.0 -9999.0
-9999.0 -9999.0 -9999.0 -9999.0 -9999.0 -9999.0 -9999.0 -9999.0 -9999.0 -9999.0 -9999.0 -9999.0 -9999.0 -9999.0 -9999.0 -9999.0 -9999.0 -9999.0 -9999.0 -9999.0 -9999.0 -9999.0 -9999.0 -9999.0 -9999.0 -9999.0 -9999.0 -9999.0 -9999.0 -9999.0 -9999.0 -9999.0 -9999.0 -9999.0 -9999.0 -9999.0 -9999.0 -9999.0 -9999.0 -9999.0 -9999.0 -9999.0 -9999.0 -9999.0 -9999.0 -9999.0 -9999.0 -9999.0 -9999.0 -9999.0 -9999.0 -9999.0 -9999.0 -9999.0 -9999.0 -9999.0 -9999.0 -9999.0 -9999.0 -9999.0 -9999.0 -9999.0 -9999.0 -9999.0 -9999.0 -9999.0 -9999.0 -9999.0 -9999.0 -9999.0 -9999.0 -9999.0 -9999.0 -9999.0 -9999.0 -9999.0 -9999.0 -9999.0 -9999.0 -9999.0
-9999.0 -9999.0 -9999.0 -9999.0 -9999.0 -9999.0 -9999.0 -9999.0 -9999.0 -9999.0 -9999.0 -9999.0 -9999.0 -9999.0 -9999.0 -9999.0 -9999.0 -9999.0 -9999.0 -9999.0 2930.844352 2932.155298 2910.561701 2876.710856 2848.715998 2850.773362 2884.054157 2924.776202 2963.523057 2971.376948 2952.631978 2956.410011 2952.141858 2948.151550 2948.862083 2956.621139 2963.204155 2972.944515 2980.056916 2977.991427 2970.798219 2965.730030 2967.873160 2969.642105 2975.743885 2961.879175 2977.486456 2981.626819 2986.498685 2983.788317 2970.464065 2957.804277 2949.393516 2933.581760 2959.571012 2971.049998 2987.367864 2992.140782 2990.552208 2969.364831 2939.367313 -9999.0 -9999.0 -9999.0 -9999.0 -9999.0 -9999.0 -9999.0 -9999.0 -9999.0 -9999.0 -9999.0 -9999.0 -9999.0 -9999.0 -9999.0 -9999.0 -9999.0 -9999.0 -9999.0
-9999.0 -9999.0 -9999.0 -9999.0 -9999.0 -9999.0 -9999.0 -9999.0 -9999.0 -9999.0 -9999.0 -9999.0 -9999.0 -9999.0 2840.119850 2831.309502 2828.542999 2836.082745 2868.760644 2899.000843 2910.676064 2903.278356 2903.184477 2878.731155 2856.351585 2869.241460 2898.636620 2928.839758 2962.124778 2979.759785 2968.748037 2966.345490 2973.770213 2982.421954 2990.640460 2987.023904 2982.081025 2992.857979 3005.982783 3010.623695 3008.543909 2998.695393 3007.811840 3021.875260 3014.847442 2999.533426 3009.894204 3024.573394 3035.835958 3027.467538 2981.362036 2968.227020 2964.774265 2960.314441 2947.152379 2943.156423 2971.006616 2970.308968 2962.879173 2945.752901 2912.702076 2867.789053 2849.035075 2889.378920 2933.084814 2985.334240 -9999.0 -9999.0 -9999.0 -9999.0 -9999.0 -9999.0 -9999.0 -9999.0 -9999.0 -9999.0 -9999.0 -9999.0 -9999.0 -9999.0
-9999.0 -9999.0 -9999.0 -9999.0 -9999.0 -9999.0 -9999.0 -9999.0 -9999.0 2797.692296 2788.324117 2795.215095 2797.502585 2812.700316 2809.543646 2816.462460 2820.916301 2848.048274 2877.644329 2911.228612 2938.075557 2929.069010 2927.669377 2932.378541 2928.142811 2936.569847 2956.952650 2982.267377 3013.604181 3048.742244 3015.378905 3010.418769 3027.696973 3069.150880 3093.085709 3095.412600 3076.864351 3092.110900 3115.416104 3131.486699 3127.981524 3122.172673 3147.575873 3162.393658 3157.299162 3136.306872 3133.977491 3140.859287 3169.820838 3119.797741 3054.952329 3015.919352 3031.010971 3009.706353 2983.201842 2982.828279 2983.087824 2993.844024 2982.379465 2956.874664 2923.709239 2912.257391 2895.446918 2915.951423 2939.153126 2980.738858 3020.835645 3050.895068 3050.793867 3033.811082 -9999.0 -9999.0 -9999.0 -9999.0 -9999.0 -9999.0 -9999.0 -9999.0 -9999.0 -9999.0
-9999.0 -9999.0 -9999.0 -9999.0 -9999.0 -9999.0 2716.476230 2728.136080 2750.528170 2754.869643 2783.126157 2790.239085 2788.332692 2805.547212 2827.093051 2840.275722 2865.805109 2895.889440 2932.012948 2970.067982 2987.907929 2987.391573 2981.455340 3001.258957 3028.692499 3048.126024 3070.176448 3107.025293 3176.428175 3212.328314 3206.195688 3207.072739 3215.177770 3264.889473 3328.448705 3339.745929 3319.213696 3305.929887 3328.792107 3365.580385 3364.306722 3363.157994 3375.357182 3385.849207 3412.532180 3402.183200 3366.621617 3360.457497 3366.221757 3344.856274 3277.794116 3220.701573 3201.013302 3157.327160 3075.606352 3032.324280 3054.364153 3081.542427 3059.810137 3011.060900 2989.011199 2982.974429 2971.369885 2963.614408 2975.301809 2991.633074 3016.048116 3030.191404 3018.761982 2998.442319 2979.824979 2951.517794 2953.914873 2978.821988 -9999.0 -9999.0 -9999.0 -9999.0 -9999.0 -9999.0
-9999.0 -9999.0 -9999.0 -9999.0 2664.542305 2678.815650 2666.216290 2694.387358 2728.908106 2765.039818 2795.059536 2803.873469 2826.981450 2853.896755 2887.458239 2910.894054 2943.991614 2973.978782 3009.628949 3070.401071 3114.380053 3128.270581 3136.503990 3185.185488 3241.018861 3287.998551 3306.350290 3331.662891 3375.822373 3431.768947 3454.096158 3457.129939 3473.970256 3515.924803 3570.709105 3605.362047 3587.955543 3579.182769 3588.622621 3602.357359 3624.482462 3624.571752 3625.669366 3629.496688 3636.729831 3635.251046 3609.314531 3576.203370 3563.400568 3553.613735 3517.126486 3446.093251 3415.365734 3387.269377 3347.162205 3294.153735 3245.348080 3245.089523 3191.479563 3139.556758 3089.282519 3080.468458 3059.872664 3043.751846 3025.905846 3037.627566 3049.254716 3034.302545 3004.856985 2979.846263 2966.490972 2948.561520 2937.137705 2967.963511 2984.075809 3013.812727 -9999.0 -9999.0 -9999.0 -9999.0
-9999.0 -9999.0 2602.459805 2649.482325 2708.406846 2717.151399 2714.339138 2720.773412 2750.908848 2804.009237 2840.645408 2878.284511 2908.544996 2938.825568 2978.588645 3041.177374 3101.033935 3142.842940 3197.591011 3265.686157 3324.146616 3350.947645 3359.986833 3394.715204 3448.440453 3515.872715 3543.280479 3569.242298 3600.248889 3635.763049 3630.261283 3641.349261 3653.197124 3664.578062 3678.267031 3684.711482 3680.079893 3675.530273 3657.108883 3652.157683 3658.687526 3666.258224 3665.595133 3651.103702 3647.144943 3661.951177 3667.873124 3666.000310 3663.547318 3668.732765 3665.351272 3618.452738 3598.286039 3583.473359 3572.504793 3527.023807 3461.248231 3428.425212 3407.782001 3367.998624 3295.341742 3257.160803 3217.707391 3182.771500 3146.605650 3132.411046 3099.454208 3067.207790 3028.486401 2987.889924 2973.284520 2958.189630 2957.278210 2957.441606 2974.763440 2988.817395 3004.794256 3012.888667 -9999.0 -9999.0
-9999.0 2492.913500 2564.672721 2688.486658 2768.635884 2794.392752 2805.958387 2811.510540 2836.767545 2867.858000 2955.689357 2998.621870 3080.492349 3116.151981 3156.552198 3243.796251 3336.136661 3378.161845 3415.817343 3477.450687 3541.538770 3587.833237 3613.762479 3596.992961 3635.210056 3662.110555 3669.300709 3675.633997 3674.958522 3666.515039 3659.741519 3666.515681 3663.687139 3644.779418 3628.963366 3627.311524 3623.970400 3600.893706 3573.576224 3558.391791 3560.061438 3584.701762 3571.813678 3550.559813 3546.191781 3567.665418 3588.555637 3578.026625 3564.987286 3581.457516 3615.697938 3639.825368 3642.178067 3660.370045 3681.405122 3652.903615 3630.659823 3587.582213 3570.958213 3545.769568 3489.721719 3435.070244 3387.449690 3339.292371 3286.965552 3237.584971 3190.138068 3144.465207 3091.064196 3058.290627 3033.894720 2990.785654 2981.467202 2983.826963 2980.787259 2978.906174 2984.115508 2990.738681 -9999.0 -9999.0
-9999.0 2399.006154 2538.905508 2719.026570 2851.851834 2894.203347 2960.860241 3010.380967 3024.092707 2983.889546 3070.878113 3282.871951 3398.990117 3414.886240 3488.318050 3580.671812 3567.923639 3598.457352 3620.838123 3643.722717 3662.176731 3675.464147 3673.476135 3668.014593 3651.728516 3643.770580 3642.945173 3640.907036 3623.745765 3605.003206 3588.360995 3585.436995 3567.949174 3519.839605 3487.140419 3470.251414 3452.407735 3438.664287 3411.107773 3385.490708 3369.877140 3381.004711 3378.442398 3364.699633 3360.268214 3378.494973 3409.270508 3406.571976 3417.213479 3436.565825 3471.876104 3509.318040 3528.376677 3557.103124 3592.358246 3639.259877 3648.825717 3671.038051 3674.236878 3662.620346 3616.941117 3566.116316 3537.045570 3482.332748 3422.950318 3361.640575 3313.295772 3268.911892 3214.255049 3180.107255 3141.832992 3088.449862 3044.776022 3035.754496 3002.178426 2988.580059 -9999.0 -9999.0 -9999.0 -9999.0
-9999.0 2300.300469 2481.264156 2724.154511 2999.226134 3073.534796 3270.600372 3382.932004 3421.682656 3487.184418 3381.732707 3576.146215 3625.060802 3619.059409 3631.179435 3633.776877 3647.618063 3647.198024 3642.139284 3631.284637 3621.918661 3617.518455 3616.388543 3608.518282 3595.992747 3581.489171 3569.749172 3558.580012 3522.509131 3491.064169 3453.050725 3440.926984 3398.148160 3307.717555 3269.195885 3231.894193 3172.842951 3174.754259 3180.660682 3158.770332 3139.677264 3112.989686 3141.302244 3150.880184 3154.631921 3151.095026 3161.457500 3186.543885 3232.845691 3266.486236 3305.057858 3352.316457 3381.926067 3420.647627 3460.460262 3512.266175 3542.829224 3571.387380 3619.317460 3656.093643 3678.611843 3665.157946 3645.736258 3602.153300 3542.463995 3493.484953 3465.099365 3415.437010 3372.466736 3329.002530 3282.836286 3230.368232 3170.150364 3115.011328 3080.820795 -9999.0 -9999.0 -9999.0 -9999.0 -9999.0
-9999.0 2083.987530 2348.511735 2618.555499 2885.866575 3216.770948 3377.646736 3473.342413 3535.023815 3513.594384 3532.832105 3540.205494 3576.772376 3583.381350 3561.890572 3548.609954 3531.781204 3530.692951 3543.685937 3516.741849 3487.010909 3473.954540 3474.795882 3464.094158 3440.616333 3425.743398 3416.439928 3398.426857 3355.901103 3306.720050 3224.366407 3191.982678 3117.240423 3077.189253 3040.676965 2994.566538 2962.237728 2966.976897 2979.512980 2981.223729 2960.679248 2943.665879 2972.581241 2981.803737 2994.603696 2978.982492 2985.630660 3019.506150 3065.459607 3105.203460 3148.626896 3194.143285 3235.076644 3274.180338 3295.675959 3335.490542 3376.793329 3417.815257 3487.066530 3563.956278 3598.880057 3632.860308 3662.425777 3684.006737 3641.578211 3614.704266 3591.481715 3568.649457 3523.143933 3478.184275 3437.685076 3374.191619 3314.811921 -9999.0 -9999.0 -9999.0 -9999.0 -9999.0 -9999.0 -9999.0
-9999.0 1969.631090 2166.802398 2364.196566 2620.552556 2833.473466 3041.446993 3131.813780 3199.747745 3263.584935 3313.418168 3349.446028 3374.976022 3396.064692 3373.358956 3328.718602 3297.137389 3301.933182 3293.873265 3272.682309 3245.137509 3232.294189 3230.112491 3225.374452 3204.186897 3193.859155 3187.161363 3171.274984 3145.740804 3093.930237 3022.934655 2963.399937 2909.783711 2888.876962 2865.576532 2838.215733 2810.865276 2823.870906 2836.365031 2836.442232 2829.647329 2829.569221 2858.597462 2877.809481 2887.354577 2876.413497 2894.705857 2918.252550 2955.651961 2985.486680 3029.547113 3078.926816 3126.736807 3147.025014 3149.844202 3162.295010 3188.083519 3231.165971 3307.011208 3391.906295 3467.568390 3512.170163 3562.263951 3601.474598 3628.748768 3655.128292 3676.332886 3668.485053 3643.302373 3610.434173 3552.786610 -9999.0 -9999.0 -9999.0 -9999.0 -9999.0 -9999.0 -9999.0 -9999.0 -9999.0
-9999.0 -9999.0 1940.019823 2096.240938 2199.664488 2365.055268 2510.102988 2620.220830 2723.764104 2824.293150 2943.209748 3021.670860 3066.630680 3081.653608 3067.587275 3038.557034 3020.822509 3020.524311 3009.203562 3002.464668 2987.651355 2982.476211 2984.927837 2977.541885 2972.740902 2971.624120 2969.280851 2961.405994 2944.504602 2902.956858 2864.922979 2820.765877 2808.876771 2785.095916 2764.857341 2745.887666 2748.082802 2742.259869 2746.794303 2748.977791 2757.850874 2771.608798 2791.050494 2791.553408 2801.023514 2810.958676 2821.976782 2843.758068 2873.799266 2913.719325 2965.037618 3011.650795 3046.857100 3053.521661 3035.890790 3031.343912 3040.030994 3069.402543 3133.249422 3200.101107 3288.216939 3352.632085 3418.737932 3473.862882 3500.006248 3536.365193 3605.332804 3653.266757 3694.189957 3671.874626 -9999.0 -9999.0 -9999.0 -9999.0 -9999.0 -9999.0 -9999.0 -9999.0 -9999.0 -9999.0
-9999.0 -9999.0 -9999.0 -9999.0 1956.913725 2105.225264 2202.997673 2283.686737 2417.874255 2548.287687 2655.859621 2744.017540 2813.636313 2799.010438 2799.006725 2814.203817 2812.837585 2804.145242 2793.447466 2797.457447 2801.516273 2795.685078 2827.349672 2820.302737 2822.815682 2829.209767 2826.254250 2812.347996 2793.353201 2776.810743 2761.732544 2729.799531 2697.022860 2668.777782 2656.179038 2652.310019 2651.975535 2643.823928 2651.845875 2660.297252 2675.951412 2690.983800 2714.447607 2743.664543 2758.567031 2773.873554 2783.472965 2803.242600 2811.663549 2862.880024 2924.548126 2980.707764 3007.819633 3008.001364 2988.037059 2967.382310 2956.455505 2975.533076 2993.191763 3044.525350 3133.437531 3193.006510 3238.751657 3277.886903 3314.052214 3377.787721 3470.501199 3550.787290 -9999.0 -9999.0 -9999.0 -9999.0 -9999.0 -9999.0 -9999.0 -9999.0 -9999.0 -9999.0 -9999.0 -9999.0
-9999.0 -9999.0 -9999.0 -9999.0 -9999.0 -9999.0 1931.447437 2037.032158 2106.702701 2258.615538 2403.071193 2511.445211 2596.044482 2632.635704 2667.294428 2698.598074 2699.793268 2680.381829 2659.218703 2680.702232 2699.108922 2692.600910 2660.823865 2661.633119 2667.780602 2675.040530 2671.935838 2665.428864 2640.360738 2655.969342 2659.571712 2636.771945 2611.422535 2598.526117 2586.979422 2596.705172 2596.626425 2582.082701 2580.994002 2608.558570 2629.409071 2642.231567 2663.333303 2696.607134 2729.379779 2745.501358 2747.140459 2752.847279 2790.665960 2839.716224 2910.329576 2965.057269 2990.154953 2994.675302 2971.503289 2927.566149 2902.508481 2902.866799 2928.792840 2970.112159 3017.123691 3053.433387 3065.392307 3067.480747 3080.258563 3175.572981 -9999.0 -9999.0 -9999.0 -9999.0 -9999.0 -9999.0 -9999.0 -9999.0 -9999.0 -9999.0 -9999.0 -9999.0 -9999.0 -9999.0
-9999.0 -9999.0 -9999.0 -9999.0 -9999.0 -9999.0 -9999.0 -9999.0 -9999.0 -9999.0 -9999.0 -9999.0 -9999.0 -9999.0 -9999.0 -9999.0 -9999.0 -9999.0 -9999.0 -9999.0 -9999.0 -9999.0 -9999.0 -9999.0 -9999.0 -9999.0 -9999.0 -9999.0 -9999.0 -9999.0 -9999.0 -9999.0 -9999.0 -9999.0 -9999.0 -9999.0 -9999.0 -9999.0 -9999.0 -9999.0 -9999.0 -9999.0 -9999.0 -9999.0 -9999.0 -9999.0 -9999.0 -9999.0 -9999.0 -9999.0 -9999.0 -9999.0 -9999.0 -9999.0 -9999.0 -9999.0 -9999.0 -9999.0 -9999.0 -9999.0 -9999.0 -9999.0 -9999.0 -9999.0 -9999.0 -9999.0 -9999.0 -9999.0 -9999.0 -9999.0 -9999.0 -9999.0 -9999.0 -9999.0 -9999.0 -9999.0 -9999.0 -9999.0 -9999.0 -9999.0
-9999.0 -9999.0 -9999.0 -9999.0 -9999.0 -9999.0 -9999.0 -9999.0 -9999.0 -9999.0 -9999.0 -9999.0 -9999.0 -9999.0 -9999.0 -9999.0 -9999.0 -9999.0 -9999.0 -9999.0 -9999.0 -9999.0 -9999.0 -9999.0 -9999.0 -9999.0 -9999.0 -9999.0 -9999.0 -9999.0 -9999.0 -9999.0 -9999.0 -9999.0 -9999.0 -9999.0 -9999.0 -9999.0 -9999.0 -9999.0 -9999.0 -9999.0 -9999.0 -9999.0 -9999.0 -9999.0 -9999.0 -9999.0 -9999.0 -9999.0 -9999.0 -9999.0 -9999.0 -9999.0 -9999.0 -9999.0 -9999.0 -9999.0 -9999.0 -9999.0 -9999.0 -9999.0 -9999.0 -9999.0 -9999.0 -9999.0 -9999.0 -9999.0 -9999.0 -9999.0 -9999.0 -9999.0 -9999.0 -9999.0 -9999.0 -9999.0 -9999.0 -9999.0 -9999.0 -9999.0