Borden_/Borden1m_014/output_maps/psiliqL0022N0021.asc
ncols         80
nrows         18
xllcorner     620200.000000
yllcorner     5168000.000000
cellsize      1.000000
NODATA_value  -9999.0
-9999.0 -9999.0 -9999.0 -9999.0 -9999.0 -9999.0 -9999.0 -9999.0 -9999.0 -9999.0 -9999.0 -9999.0 -9999.0 -9999.0 -9999.0 -9999.0 -9999.0 -9999.0 -9999.0 -9999.0 -9999.0 -9999.0 -9999.0 -9999.0 -9999.0 -9999.0 -9999.0 -9999.0 -9999.0 -9999.0 -9999.0 -9999.0 -9999.0 -9999.0 -9999.0 -9999.0 -9999.0 -9999.0 -9999.0 -9999.0 -9999.0 -9999.0 -9999.0 -9999.0 -9999.0 -9999.0 -9999.0 -9999.0 -9999.0 -9999.0 -9999.0 -9999.0 -9999.0 -9999.0 -9999.0 -9999.0 -9999.0 -9999.0 -9999.0 -9999.0 -9999.0 -9999.0 -9999.0 -9999.0 -9999.0 -9999.0 -9999.0 -9999.0 -9999.0 -9999.0 -9999.0 -9999.0 -9999.0 -9999.0 -9999.0 -9999.0 -9999.0 -9999.0 -9999.0 -9999.0
-9999.0 -9999.0 -9999.0 -9999.0 -9999.0 -9999.0 -9999.0 -9999.0 -9999.0 -9999.0 -9999.0 -9999.0 -9999.0 -9999.0 -9999.0 -9999.0 -9999.0 -9999.0 -9999.0 -9999.0 -9999.0 -9999.0 -9999.0 -9999.0 -9999.0 -9999.0 -9999.0 -9999.0 -9999.0 -9999.0 -9999.0 -9999.0 -9999.0 -9999.0 -9999.0 -9999.0 -9999.0 -9999.0 -9999.0 -9999.0 -9999.0 -9999.0 -9999.0 -9999.0 -9999.0 -9999.0 -9999.0 -9999.0 -9999.0 -9999.0 -9999.0 -9999.0 -9999.0 -9999.0 -9999.0 -9999.0 -9999.0 -9999.0 -9999.0 -9999.0 -9999.0 -9999.0 -9999.0 -9999.0 -9999.0 -9999.0 -9999.0 -9999.0 -9999.0 -9999.0 -9999.0 -9999.0 -9999.0 -9999.0 -9999.0 -9999.0 -9999.0 -9999.0 -9999.0 -9999.0
-9999.0 -9999.0 -9999.0 -9999.0 -9999.0 -9999.0 -9999.0 -9999.0 -9999.0 -9999.0 -9999.0 -9999.0 -9999.0 -9999.0 -9999.0 -9999.0 -9999.0 -9999.0 -9999.0 -9999.0 2555.399549 2557.771904 2537.384735 2505.212243 2479.099681 2483.216326 2518.894737 2561.923217 2603.036666 2613.806259 2597.587855 2603.123794 2600.320843 2597.709785 2599.553773 2607.821418 2614.734548 2624.980174 2632.912992 2631.977052 2625.899709 2621.624159 2623.927782 2626.126649 2631.828466 2617.897007 2632.304340 2646.808352 2650.059228 2644.635724 2617.948992 2602.495788 2591.370956 2572.933281 2596.074426 2605.393185 2625.259043 2627.141539 2623.211259 2595.287720 2564.472139 -9999.0 -9999.0 -9999.0 -9999.0 -9999.0 -9999.0 -9999.0 -9999.0 -9999.0 -9999.0 -9999.0 -9999.0 -9999.0 -9999.0 -9999.0 -9999.0 -9999.0 -9999.0 -9999.0
-9999.0 -9999.0 -9999.0 -9999.0 -9999.0 -9999.0 -9999.0 -9999.0 -9999.0 -9999.0 -9999.0 -9999.0 -9999.0 -9999.0 2460.135455 2452.312503 2451.256413 2460.883004 2495.545549 2527.133288 2539.129550 2533.042385 2534.605416 2512.286815 2492.436273 2507.828567 2539.614463 2572.201367 2608.267678 2629.223137 2620.821718 2620.720757 2630.380286 2653.864550 2664.347722 2661.562771 2643.204514 2668.221264 2682.856516 2689.357050 2688.797985 2680.260732 2690.591675 2705.153646 2697.818884 2681.317559 2689.638440 2702.378994 2711.993074 2700.087296 2637.200969 2620.332531 2613.796631 2605.991539 2589.933640 2583.347210 2608.478763 2605.000126 2594.992719 2575.830638 2541.525108 2496.114337 2475.741293 2513.754110 2555.605078 2610.126570 -9999.0 -9999.0 -9999.0 -9999.0 -9999.0 -9999.0 -9999.0 -9999.0 -9999.0 -9999.0 -9999.0 -9999.0 -9999.0 -9999.0
-9999.0 -9999.0 -9999.0 -9999.0 -9999.0 -9999.0 -9999.0 -9999.0 -9999.0 2397.791936 2404.190989 2412.825238 2417.181976 2434.307996 2432.466323 2441.253812 2448.461394 2477.925056 2510.011183 2545.893373 2574.575286 2568.114855 2568.981767 2577.118369 2577.074712 2588.895683 2612.301079 2654.260965 2689.523459 2729.736517 2701.167848 2699.992418 2720.177869 2764.660037 2791.424133 2795.071537 2776.735984 2791.207188 2815.651974 2834.136697 2832.696663 2828.690399 2853.260719 2867.911292 2863.662646 2842.036059 2837.670088 2841.817396 2868.306768 2815.803269 2747.734720 2702.854484 2711.534152 2685.678086 2653.042307 2635.017075 2632.140347 2650.209245 2634.304214 2595.863103 2560.137050 2546.616060 2527.167385 2544.352888 2564.909418 2608.332617 2645.854071 2672.780619 2670.028847 2651.193814 -9999.0 -9999.0 -9999.0 -9999.0 -9999.0 -9999.0 -9999.0 -9999.0 -9999.0 -9999.0
-9999.0 -9999.0 -9999.0 -9999.0 -9999.0 -9999.0 2316.814630 2328.207515 2350.372989 2354.942197 2382.745875 2390.513690 2412.429114 2432.830998 2456.889623 2473.577069 2503.115766 2536.832059 2576.360018 2618.317468 2651.400094 2644.017527 2655.422126 2679.844673 2713.671336 2738.993142 2765.524641 2806.998305 2804.257300 2840.451627 2837.119001 2839.220393 2848.340712 2898.600194 2962.785440 2974.954202 2954.870865 2941.570839 2963.839317 3000.201360 3000.035605 2999.095678 2987.714175 2997.657599 3024.207674 3014.665731 3001.905307 2994.456254 2998.819328 2978.257628 2911.983554 2853.028383 2830.702481 2858.816176 2774.496442 2724.976673 2739.900140 2760.924161 2733.003478 2679.959133 2639.929301 2629.508770 2613.610424 2601.122305 2608.454930 2626.797660 2646.672001 2656.182339 2640.811108 2617.331261 2593.446633 2563.264375 2563.939736 2587.812502 -9999.0 -9999.0 -9999.0 -9999.0 -9999.0 -9999.0
-9999.0 -9999.0 -9999.0 -9999.0 2265.032582 2279.224582 2266.935673 2294.724659 2329.132367 2365.141711 2396.279299 2432.857301 2460.677618 2491.947596 2530.238492 2559.690447 2598.623104 2633.649985 2687.426296 2755.004920 2805.479939 2825.953992 2840.595295 2815.440730 2872.259311 2921.106210 2940.576807 2966.336043 2986.085578 3041.480218 3064.103636 3067.593523 3084.438861 3124.885488 3177.926199 3209.134204 3192.005089 3183.549570 3192.186583 3205.224896 3227.333750 3227.453575 3228.340163 3231.776325 3238.476975 3237.357163 3212.418416 3179.709752 3170.122012 3160.658152 3125.967023 3056.001238 3024.334423 2997.792019 2982.696875 2929.723454 2877.102786 2873.109014 2819.313557 2836.364351 2778.276077 2761.143387 2732.516933 2708.530478 2683.678173 2687.131937 2690.702492 2668.756196 2633.394877 2598.908469 2582.404632 2561.885889 2548.468826 2577.374385 2593.257767 2621.813263 -9999.0 -9999.0 -9999.0 -9999.0
-9999.0 -9999.0 2203.136585 2250.685823 2309.482093 2318.682694 2316.975759 2323.693370 2353.893173 2407.386165 2478.172790 2522.634275 2559.847044 2595.739460 2656.055350 2726.991054 2795.361705 2843.141531 2827.664426 2896.256557 2956.034698 2984.179150 2994.781600 3006.044220 3058.723902 3124.330800 3151.138463 3176.589702 3203.399868 3237.719356 3235.452536 3247.045493 3258.187692 3267.860873 3279.969550 3285.541771 3281.212004 3276.730544 3258.516908 3253.847846 3260.434434 3267.415410 3267.197740 3252.937780 3248.996476 3263.563603 3269.070860 3267.460271 3265.535319 3271.050339 3269.074406 3224.008522 3200.607429 3186.332939 3179.526811 3134.780114 3069.978412 3036.326001 3016.729854 3001.065562 2927.467251 2886.039122 2843.900415 2806.922246 2826.087794 2800.663210 2756.492956 2715.082828 2667.482354 2619.352822 2593.730310 2574.913438 2570.970157 2568.405161 2583.437557 2596.821332 2610.922250 2618.053216 -9999.0 -9999.0
-9999.0 2094.819528 2166.882730 2291.424577 2372.130971 2415.120984 2435.416631 2449.155562 2480.076512 2515.554040 2611.714716 2679.514436 2769.225069 2812.469723 2862.378380 2877.980506 2969.797319 2991.245939 3027.093684 3086.649542 3149.039778 3191.617213 3217.093141 3205.326471 3242.039317 3265.676481 3271.794268 3277.338201 3275.821071 3267.460410 3260.347023 3267.246413 3264.615407 3246.064871 3230.587116 3229.063882 3225.801423 3203.068554 3179.179161 3164.367655 3166.552035 3187.487597 3177.994933 3157.101621 3152.813245 3173.867213 3190.982731 3180.669137 3171.028448 3184.106321 3217.853568 3241.015627 3244.824833 3262.607863 3283.544377 3255.696684 3232.362358 3190.269230 3177.222240 3152.388807 3097.145858 3042.479690 2995.234971 2968.520786 2913.874385 2861.045486 2810.723551 2808.285427 2743.584760 2701.353587 2669.877065 2620.126195 2599.965579 2600.951046 2590.969522 2586.668643 2590.568360 2596.009077 -9999.0 -9999.0
-9999.0 2003.820455 2144.436785 2325.824946 2473.655644 2524.764911 2604.191300 2674.050961 2698.608695 2657.807156 2767.167425 2919.395116 3012.988239 3027.432741 3098.932230 3185.373047 3177.957254 3207.462807 3228.947716 3248.547485 3264.425815 3276.546002 3274.265799 3268.477378 3252.442462 3244.544928 3243.815356 3241.861787 3224.989804 3206.503969 3190.051679 3187.422900 3173.576136 3127.084824 3094.827196 3078.475907 3061.843909 3047.648327 3019.706491 2995.205034 3002.974448 2992.434790 2989.006310 2997.447564 2993.158089 2988.947879 3019.438045 3015.365607 3024.869131 3044.005976 3079.324826 3116.125327 3134.928594 3163.334976 3194.900634 3240.565696 3251.048292 3273.015799 3276.517124 3263.576435 3218.902785 3172.215642 3143.339023 3089.218137 3029.859570 2990.512116 2939.318172 2891.830572 2834.478426 2797.669032 2788.337203 2728.991682 2677.685878 2659.110777 2619.116514 2600.297987 -9999.0 -9999.0 -9999.0 -9999.0
-9999.0 1909.377725 2092.027054 2338.508544 2630.397615 2720.388103 2892.482914 2994.767371 3034.332493 3098.305486 3008.777787 3187.548789 3232.016175 3224.921258 3233.076241 3234.999994 3248.362636 3248.191235 3243.157518 3232.482598 3223.362287 3219.152080 3217.946124 3210.124591 3197.709158 3183.358804 3175.036606 3164.110738 3128.730100 3097.662867 3060.803244 3048.890254 3008.684306 2940.519985 2900.680176 2863.190265 2804.489179 2804.745243 2808.906862 2852.569420 2832.872242 2804.749513 2831.609882 2842.786215 2847.421683 2845.334322 2859.303678 2815.118440 2860.581482 2895.130839 2935.272452 2983.054214 2989.364560 3027.769406 3067.863115 3119.417824 3149.369025 3177.737369 3221.283730 3257.797609 3280.072782 3267.288352 3246.930203 3204.544641 3148.574780 3099.776355 3071.490014 3022.202767 2994.738787 2949.033808 2901.447747 2847.165872 2813.719559 2744.413320 2703.219081 -9999.0 -9999.0 -9999.0 -9999.0 -9999.0
-9999.0 1700.969837 1966.322584 2240.389372 2530.416905 2846.174265 2989.798840 3087.978685 3148.181848 3122.538265 3137.769352 3146.442269 3179.902124 3185.847864 3167.081970 3154.601537 3138.611180 3137.520291 3150.425193 3123.865185 3094.636037 3081.839950 3082.584761 3071.843109 3048.708869 3033.785770 3024.440324 3007.519237 2986.759766 2937.033595 2854.362880 2822.598911 2816.887575 2771.434236 2729.891421 2679.151784 2627.901946 2628.770623 2649.556074 2637.264599 2615.225570 2596.988847 2625.380197 2647.227770 2661.183344 2647.793416 2657.066004 2692.945233 2743.762284 2789.533752 2839.294579 2819.145057 2860.150450 2901.350956 2925.630568 2967.967462 2985.500816 3026.181435 3094.899406 3170.362068 3201.029019 3234.356798 3264.626439 3285.850112 3243.881428 3216.369438 3193.604116 3173.341084 3128.050803 3083.336238 3042.899943 2980.341936 2932.634961 -9999.0 -9999.0 -9999.0 -9999.0 -9999.0 -9999.0 -9999.0
-9999.0 1584.047737 1786.025614 1990.666488 2253.292596 2489.796686 2709.768450 2813.124128 2837.582914 2895.861463 2943.123722 2978.952411 2986.013574 3006.618774 2984.068810 2961.878756 2930.973150 2935.435012 2927.996859 2905.959581 2877.705254 2864.061342 2861.425947 2855.952551 2833.952654 2822.698775 2815.730815 2867.061620 2837.766607 2781.462353 2704.221571 2626.828639 2569.678431 2544.104453 2517.148356 2486.527258 2455.818273 2466.172690 2476.403108 2474.978095 2466.556460 2465.278764 2494.125686 2513.208230 2523.459894 2513.418161 2533.463046 2559.708376 2600.681574 2645.718213 2695.352642 2749.324558 2803.572792 2831.563045 2842.650697 2863.553297 2816.763667 2861.948516 2940.205499 3001.260522 3075.109342 3119.162640 3168.589315 3203.677609 3230.045720 3257.940440 3277.849022 3268.991493 3244.465245 3212.124943 3157.051065 -9999.0 -9999.0 -9999.0 -9999.0 -9999.0 -9999.0 -9999.0 -9999.0 -9999.0
-9999.0 -9999.0 1557.863522 1718.963805 1830.474413 1999.490935 2145.904170 2256.326749 2355.987396 2491.818251 2610.916378 2704.630685 2751.152228 2769.614412 2758.334139 2732.102983 2715.339300 2716.145458 2705.635990 2698.013433 2681.465715 2674.250705 2659.723752 2650.282710 2642.066299 2637.484935 2632.042879 2622.063583 2601.734839 2556.519739 2513.590201 2465.516366 2414.580086 2390.149361 2369.356415 2349.589102 2350.725785 2345.116016 2349.664171 2351.555862 2359.851989 2373.273745 2392.871763 2415.733952 2425.954132 2436.469655 2449.066255 2472.912208 2505.783748 2548.171425 2602.641319 2662.275219 2703.229535 2716.186194 2705.501580 2708.505341 2724.547079 2764.248965 2839.848791 2831.464742 2920.721179 2986.168842 3027.059488 3081.363028 3107.040147 3142.984699 3207.723183 3255.391367 3294.488635 3272.350840 -9999.0 -9999.0 -9999.0 -9999.0 -9999.0 -9999.0 -9999.0 -9999.0 -9999.0 -9999.0
-9999.0 -9999.0 -9999.0 -9999.0 1579.615524 1729.639617 1827.539120 1909.090942 2042.255070 2170.407569 2275.823563 2362.576158 2430.126063 2458.448051 2459.472649 2473.805830 2472.795046 2465.524457 2455.518671 2458.367436 2460.888865 2453.789502 2437.463454 2429.904124 2431.507110 2437.014885 2433.730215 2419.612531 2400.740824 2382.557828 2366.039739 2333.381673 2299.386003 2270.755490 2257.861325 2253.364162 2252.889044 2244.897160 2252.952352 2261.008674 2276.479525 2291.527094 2315.066353 2344.436480 2359.115751 2374.389780 2384.176566 2404.385497 2435.266112 2489.087303 2553.228903 2611.773473 2649.744049 2654.995259 2631.427889 2615.672874 2610.885619 2637.227994 2679.791731 2742.488762 2842.921123 2823.532138 2871.759257 2913.641683 2950.658356 2986.889256 3076.995646 3155.675376 -9999.0 -9999.0 -9999.0 -9999.0 -9999.0 -9999.0 -9999.0 -9999.0 -9999.0 -9999.0 -9999.0 -9999.0
-9999.0 -9999.0 -9999.0 -9999.0 -9999.0 -9999.0 1550.650514 1655.332585 1727.908232 1876.301955 2017.068910 2123.341713 2206.680692 2242.205771 2274.775745 2305.124182 2305.792427 2286.897999 2266.472362 2287.301875 2304.468644 2298.007127 2266.316342 2266.481550 2271.885607 2279.009051 2275.794559 2269.040712 2243.774039 2258.133818 2260.826325 2237.773840 2212.104090 2198.861698 2187.054851 2196.605950 2196.472156 2182.054359 2181.287240 2208.571265 2229.203133 2242.081978 2263.369271 2296.653086 2329.366314 2345.331622 2347.015994 2352.974203 2391.693897 2462.063648 2534.877373 2591.636426 2625.453434 2634.469936 2609.279836 2569.770154 2550.070929 2557.049009 2590.721081 2640.855118 2715.635053 2763.360094 2786.159312 2796.130204 2812.439427 2811.076461 -9999.0 -9999.0 -9999.0 -9999.0 -9999.0 -9999.0 -9999.0 -9999.0 -9999.0 -9999.0 -9999.0 -9999.0 -9999.0 -9999.0
-9999.0 -9999.0 -9999.0 -9999.0 -9999.0 -9999.0 -9999.0 -9999.0 -9999.0 -9999.0 -9999.0 -9999.0 -9999.0 -9999.0 -9999.0 -9999.0 -9999.0 -9999.0 -9999.0 -9999.0 -9999.0 -9999.0 -9999.0 -9999.0 -9999.0 -9999.0 -9999.0 -9999.0 -9999.0 -9999.0 -9999.0 -9999.0 -9999.0 -9999.0 -9999.0 -9999.0 -9999.0 -9999.0 -9999.0 -9999.0 -9999.0 -9999.0 -9999.0 -9999.0 -9999.0 -9999.0 -9999.0 -9999.0 -9999.0 -9999.0 -9999.0 -9999.0 -9999.0 -9999.0 -9999.0 -9999.0 -9999.0 -9999.0 -9999.0 -9999.0 -9999.0 -9999.0 -9999.0 -9999.0 -9999.0 -9999.0 -9999.0 -9999.0 -9999.0 -9999.0 -9999.0 -9999.0 -9999.0 -9999.0 -9999.0 -9999.0 -9999.0 -9999.0 -9999.0 -9999.0
-9999.0 -9999.0 -9999.0 -9999.0 -9999.0 -9999.0 -9999.0 -9999.0 -9999.0 -9999.0 -9999.0 -9999.0 -9999.0 -9999.0 -9999.0 -9999.0 -9999.0 -9999.0 -9999.0 -9999.0 -9999.0 -9999.0 -9999.0 -9999.0 -9999.0 -9999.0 -9999.0 -9999.0 -9999.0 -9999.0 -9999.0 -9999.0 -9999.0 -9999.0 -9999.0 -9999.0 -9999.0 -9999.0 -9999.0 -9999.0 -9999.0 -9999.0 -9999.0 -9999.0 -9999.0 -9999.0 -9999.0 -9999.0 -9999.0 -9999.0 -9999.0 -9999.0 -9999.0 -9999.0 -9999.0 -9999.0 -9999.0 -9999.0 -9999.0 -9999.0 -9999.0 -9999.0 -9999.0 -9999.0 -9999.0 -9999.0 -9999.0 -9999.0 -9999.0 -9999.0 -9999.0 -9999.0 -9999.0 -9999.0 -9999.0 -9999.0 -9999.0 -9999.0 -9999.0 -9999.0