Borden_/Borden1m_014/output_maps/psiliqL0018N0015.asc
ncols         80
nrows         18
xllcorner     620200.000000
yllcorner     5168000.000000
cellsize      1.000000
NODATA_value  -9999.0
-9999.0 -9999.0 -9999.0 -9999.0 -9999.0 -9999.0 -9999.0 -9999.0 -9999.0 -9999.0 -9999.0 -9999.0 -9999.0 -9999.0 -9999.0 -9999.0 -9999.0 -9999.0 -9999.0 -9999.0 -9999.0 -9999.0 -9999.0 -9999.0 -9999.0 -9999.0 -9999.0 -9999.0 -9999.0 -9999.0 -9999.0 -9999.0 -9999.0 -9999.0 -9999.0 -9999.0 -9999.0 -9999.0 -9999.0 -9999.0 -9999.0 -9999.0 -9999.0 -9999.0 -9999.0 -9999.0 -9999.0 -9999.0 -9999.0 -9999.0 -9999.0 -9999.0 -9999.0 -9999.0 -9999.0 -9999.0 -9999.0 -9999.0 -9999.0 -9999.0 -9999.0 -9999.0 -9999.0 -9999.0 -9999.0 -9999.0 -9999.0 -9999.0 -9999.0 -9999.0 -9999.0 -9999.0 -9999.0 -9999.0 -9999.0 -9999.0 -9999.0 -9999.0 -9999.0 -9999.0
-9999.0 -9999.0 -9999.0 -9999.0 -9999.0 -9999.0 -9999.0 -9999.0 -9999.0 -9999.0 -9999.0 -9999.0 -9999.0 -9999.0 -9999.0 -9999.0 -9999.0 -9999.0 -9999.0 -9999.0 -9999.0 -9999.0 -9999.0 -9999.0 -9999.0 -9999.0 -9999.0 -9999.0 -9999.0 -9999.0 -9999.0 -9999.0 -9999.0 -9999.0 -9999.0 -9999.0 -9999.0 -9999.0 -9999.0 -9999.0 -9999.0 -9999.0 -9999.0 -9999.0 -9999.0 -9999.0 -9999.0 -9999.0 -9999.0 -9999.0 -9999.0 -9999.0 -9999.0 -9999.0 -9999.0 -9999.0 -9999.0 -9999.0 -9999.0 -9999.0 -9999.0 -9999.0 -9999.0 -9999.0 -9999.0 -9999.0 -9999.0 -9999.0 -9999.0 -9999.0 -9999.0 -9999.0 -9999.0 -9999.0 -9999.0 -9999.0 -9999.0 -9999.0 -9999.0 -9999.0
-9999.0 -9999.0 -9999.0 -9999.0 -9999.0 -9999.0 -9999.0 -9999.0 -9999.0 -9999.0 -9999.0 -9999.0 -9999.0 -9999.0 -9999.0 -9999.0 -9999.0 -9999.0 -9999.0 -9999.0 1755.321659 1758.156163 1737.603895 1705.640750 1679.783739 1684.118297 1720.162999 1762.878036 1803.030097 1813.857668 1797.797611 1803.536913 1802.300384 1803.315801 1807.987460 1817.498838 1824.325044 1835.853055 1844.043254 1842.885017 1836.083769 1830.660557 1831.354529 1833.647272 1839.283388 1827.386865 1842.202268 1857.495630 1861.477968 1855.106571 1826.231363 1808.307686 1795.928706 1776.998719 1799.143506 1808.043085 1827.907141 1829.323662 1825.164460 1796.615249 1765.569456 -9999.0 -9999.0 -9999.0 -9999.0 -9999.0 -9999.0 -9999.0 -9999.0 -9999.0 -9999.0 -9999.0 -9999.0 -9999.0 -9999.0 -9999.0 -9999.0 -9999.0 -9999.0 -9999.0
-9999.0 -9999.0 -9999.0 -9999.0 -9999.0 -9999.0 -9999.0 -9999.0 -9999.0 -9999.0 -9999.0 -9999.0 -9999.0 -9999.0 1659.568705 1651.519016 1650.601797 1660.792914 1696.145899 1728.067590 1740.414431 1734.354827 1736.193356 1714.610167 1696.084432 1712.431808 1744.408186 1777.260318 1812.651168 1833.428410 1824.551489 1825.509535 1838.455268 1866.404253 1881.239469 1880.860022 1863.707905 1888.537867 1903.525408 1910.079149 1908.312032 1898.709372 1909.348573 1923.924450 1916.997911 1901.179612 1909.356328 1922.684498 1933.589378 1919.683084 1854.341996 1832.954871 1824.468192 1814.930883 1798.109838 1789.671143 1812.818713 1809.273822 1798.416737 1778.480270 1744.053854 1698.901479 1678.547307 1715.822264 1757.611011 1812.884519 -9999.0 -9999.0 -9999.0 -9999.0 -9999.0 -9999.0 -9999.0 -9999.0 -9999.0 -9999.0 -9999.0 -9999.0 -9999.0 -9999.0
-9999.0 -9999.0 -9999.0 -9999.0 -9999.0 -9999.0 -9999.0 -9999.0 -9999.0 1597.948053 1603.854989 1612.461993 1616.566365 1633.764449 1632.319672 1641.340064 1649.790228 1679.550122 1712.910495 1750.179547 1780.460720 1773.725182 1776.098068 1787.373201 1792.025501 1806.699336 1830.977653 1872.084230 1909.307366 1949.195511 1921.415047 1922.486376 1947.072207 1998.782102 2033.063064 2041.228351 2025.126584 2037.590332 2061.766555 2080.271969 2077.169338 2072.210950 2095.671357 2109.136361 2107.874611 2088.821835 2082.819632 2087.048613 2113.413988 2060.547983 1990.423622 1937.875740 1939.947008 1909.068961 1872.303655 1851.635303 1845.851923 1861.758460 1843.723317 1804.276837 1766.405393 1752.582695 1732.529304 1748.115069 1768.020031 1811.789799 1849.113005 1875.640420 1872.923855 1853.978469 -9999.0 -9999.0 -9999.0 -9999.0 -9999.0 -9999.0 -9999.0 -9999.0 -9999.0 -9999.0
-9999.0 -9999.0 -9999.0 -9999.0 -9999.0 -9999.0 1517.951817 1528.880606 1550.649678 1555.641746 1582.858763 1591.374078 1613.599521 1634.634063 1658.899151 1677.243342 1708.943787 1744.527643 1787.956504 1833.856242 1868.542885 1864.245737 1876.528541 1907.857474 1949.528594 1981.342336 2009.388661 2049.806717 2123.724317 2163.436800 2167.648125 2175.742821 2192.637269 2250.869177 2320.468136 2336.598412 2318.594842 2305.724518 2326.259739 2360.499373 2361.228430 2360.163455 2371.365050 2380.876657 2407.178324 2398.986288 2362.960186 2354.136790 2356.153963 2336.186938 2267.664889 2198.055369 2161.933061 2108.713021 2024.215093 1970.275523 1976.846238 1991.106732 1958.520907 1901.945696 1859.480010 1845.975263 1827.637006 1812.275701 1816.705159 1833.205183 1852.298059 1860.730621 1844.852912 1821.178512 1796.835763 1766.024712 1766.011104 1789.625718 -9999.0 -9999.0 -9999.0 -9999.0 -9999.0 -9999.0
-9999.0 -9999.0 -9999.0 -9999.0 1466.735339 1481.035859 1469.534409 1496.788731 1531.180925 1567.148676 1599.849246 1637.688779 1666.616498 1699.192760 1741.273846 1776.262611 1819.492065 1858.159514 1917.254864 1990.950682 2045.555854 2069.345786 2085.724256 2147.621607 2216.917944 2275.708880 2300.128094 2327.616593 2370.217793 2426.584906 2451.937455 2460.053569 2482.509703 2526.155017 2579.896049 2617.091306 2602.200190 2595.177159 2602.118730 2612.989299 2634.175342 2633.876303 2634.948702 2637.699027 2643.562530 2643.929222 2621.767767 2591.175242 2577.501110 2567.113447 2532.077605 2457.799007 2417.572185 2385.829435 2347.533072 2292.193734 2227.289103 2208.039634 2145.144560 2083.855308 2020.767942 1996.826527 1962.808454 1934.560603 1903.608854 1902.266609 1902.060644 1877.696845 1841.258862 1805.618582 1787.662905 1765.993789 1751.944355 1779.710474 1795.185060 1823.678618 -9999.0 -9999.0 -9999.0 -9999.0
-9999.0 -9999.0 1404.744974 1453.777987 1512.931817 1523.650502 1524.888471 1532.721693 1563.371142 1617.586186 1692.167967 1741.627560 1783.351902 1820.730351 1883.932418 1964.342133 2038.127248 2090.685560 2159.553197 2240.095810 2307.870136 2341.184753 2357.253860 2399.958010 2460.212420 2529.183901 2558.844609 2585.264900 2616.221744 2648.451053 2652.932906 2666.723898 2678.638936 2687.247160 2697.174962 2701.031418 2696.850340 2692.291920 2674.039401 2669.446214 2675.498070 2681.185699 2681.650449 2668.155699 2664.787085 2679.850325 2686.479408 2687.618091 2688.169596 2695.595831 2696.034510 2652.797725 2620.575806 2604.538501 2591.300866 2544.739604 2476.720991 2433.804512 2408.455117 2362.158992 2282.261629 2227.964810 2173.428540 2123.190316 2067.388571 2032.849578 1981.823305 1934.663095 1883.579257 1832.977833 1805.210691 1783.388578 1776.962113 1772.741652 1785.860964 1798.508318 1811.883127 1818.651148 -9999.0 -9999.0
-9999.0 1298.690268 1371.651611 1498.568629 1581.364809 1628.324214 1658.147464 1679.373676 1710.640072 1742.432813 1845.236312 1926.623369 2018.888041 2061.413677 2116.428241 2220.884009 2321.504579 2373.984269 2419.622990 2485.199782 2550.848242 2600.501528 2628.298176 2631.204901 2669.570484 2690.487206 2696.748755 2701.662711 2698.711188 2689.519030 2680.230371 2686.126613 2682.902063 2664.262070 2647.222070 2642.252220 2635.773392 2611.726764 2583.110593 2568.427105 2570.510136 2595.205453 2582.177433 2561.657297 2558.287261 2580.474587 2603.044476 2596.544851 2586.952088 2608.478444 2644.924544 2668.285134 2676.266675 2693.691662 2714.128108 2686.654903 2659.092962 2615.452940 2594.396689 2565.812423 2507.946383 2447.067662 2391.293215 2329.191012 2259.932048 2187.069564 2117.391158 2048.620868 1977.360476 1931.010966 1894.517085 1839.151729 1813.160116 1809.061144 1795.574871 1788.900801 1791.686866 1796.657176 -9999.0 -9999.0
-9999.0 1213.576032 1356.130303 1541.405846 1693.402900 1754.346718 1852.293624 1930.121407 1957.840342 1925.840416 2035.904106 2259.859238 2374.459010 2397.448464 2475.828369 2574.632485 2588.747033 2625.157564 2651.756486 2670.152890 2683.721719 2694.669602 2692.189534 2686.868786 2673.182744 2667.131446 2667.317036 2665.639127 2648.366042 2627.779337 2607.568137 2601.023449 2579.720831 2532.069940 2495.013748 2471.615780 2450.147664 2430.972911 2401.107564 2375.264944 2359.281340 2374.131367 2370.020323 2353.902671 2350.426070 2372.815720 2405.215266 2405.078835 2419.888439 2446.758406 2490.581426 2532.757019 2556.943068 2588.809024 2627.352970 2672.431063 2685.493769 2707.092731 2711.087873 2695.352013 2651.827471 2599.575778 2567.162731 2507.139081 2436.348449 2355.002303 2285.665220 2216.683115 2141.744663 2090.002552 2034.689109 1967.567367 1905.651285 1874.441253 1828.074301 1804.333307 -9999.0 -9999.0 -9999.0 -9999.0
-9999.0 1127.694715 1314.450994 1570.274595 1858.796639 1969.443432 2186.184568 2319.675315 2376.031250 2448.402884 2401.823268 2571.939374 2619.659991 2619.318703 2627.434770 2636.486101 2655.756370 2661.146707 2659.597305 2651.011641 2641.755069 2635.442677 2631.653170 2622.657028 2610.250008 2596.134084 2583.098771 2571.423425 2533.955864 2498.162007 2455.383871 2435.971096 2392.442053 2296.659046 2248.902888 2203.039863 2137.869040 2130.801660 2127.895895 2100.576432 2081.866822 2058.988569 2083.675296 2091.343931 2094.827663 2095.781084 2111.690528 2140.922270 2192.668958 2237.237263 2289.212786 2346.762980 2386.647495 2433.920432 2482.223347 2538.899404 2572.706325 2604.591557 2654.754145 2694.557593 2719.461960 2709.003659 2686.060301 2642.403569 2574.314062 2511.411520 2463.764807 2390.785117 2325.437290 2268.972203 2212.140136 2145.498954 2065.424478 1968.603112 1918.051268 -9999.0 -9999.0 -9999.0 -9999.0 -9999.0
-9999.0 934.987541 1202.745269 1487.386440 1796.898305 2142.014226 2300.980422 2428.827044 2504.792679 2482.917230 2499.874567 2520.290576 2564.817657 2575.907999 2558.955984 2552.359921 2542.246911 2543.788431 2557.404321 2530.424206 2497.994203 2479.055466 2473.722900 2458.817746 2433.793684 2417.338279 2407.199763 2387.535288 2338.587445 2282.876103 2191.881786 2152.929915 2071.399724 2017.838121 1971.450346 1916.540873 1862.196944 1860.072042 1878.513131 1865.414231 1844.013460 1826.236226 1854.089853 1873.775399 1886.919587 1874.705986 1884.258629 1921.998756 1974.995750 2024.347718 2079.439299 2138.805223 2189.616411 2242.965485 2280.929218 2334.215823 2386.093594 2436.009296 2513.158104 2595.527437 2637.118111 2674.385788 2708.119227 2727.329929 2678.947294 2635.214903 2588.538960 2533.034049 2461.142878 2416.624810 2384.422183 2321.843430 2253.629091 -9999.0 -9999.0 -9999.0 -9999.0 -9999.0 -9999.0 -9999.0
-9999.0 812.743883 1024.959012 1245.682273 1524.919966 1769.082764 1982.292499 2096.775320 2182.843700 2236.679410 2282.640909 2320.973527 2353.014722 2377.790164 2359.843694 2321.263885 2294.015502 2299.285244 2293.189315 2267.592536 2232.804645 2209.606744 2199.731504 2188.389161 2161.778260 2146.933072 2136.606827 2114.206383 2082.254723 2024.355569 1941.700382 1863.906592 1801.864526 1771.113592 1740.553031 1706.164341 1670.287515 1679.449734 1691.108719 1688.581534 1679.361060 1677.488082 1706.828670 1726.335602 1736.697790 1725.906348 1745.843430 1773.306611 1816.511236 1862.759588 1915.065663 1972.949039 2030.013006 2063.251761 2081.246313 2109.075792 2151.665625 2211.116036 2304.906970 2407.608636 2493.083906 2546.541394 2601.796775 2641.678073 2660.266179 2673.606864 2656.025202 2587.002374 2496.569847 2490.490306 2488.897636 -9999.0 -9999.0 -9999.0 -9999.0 -9999.0 -9999.0 -9999.0 -9999.0 -9999.0
-9999.0 -9999.0 793.696130 965.537075 1094.806957 1273.870750 1427.279099 1542.967827 1641.055220 1767.604361 1881.308364 1970.001835 2015.551027 2034.016768 2022.354227 1993.361655 1974.759358 1974.899140 1963.269984 1950.902962 1927.478241 1913.804098 1896.827753 1885.026284 1874.014308 1868.294567 1863.020899 1852.134825 1830.681242 1783.429236 1734.931111 1682.677593 1628.964575 1602.660882 1579.907039 1557.703973 1556.176005 1551.048374 1556.124630 1557.894559 1565.507748 1578.620106 1598.731720 1621.152130 1631.222781 1640.831404 1653.709879 1678.126387 1712.230156 1756.211949 1812.169049 1872.250211 1914.701175 1930.469522 1923.859178 1931.327749 1953.925662 2000.549404 2086.688188 2178.551094 2285.169829 2365.235393 2445.286326 2506.093657 2529.245632 2550.481617 2574.161041 2532.723588 2403.723508 2443.739776 -9999.0 -9999.0 -9999.0 -9999.0 -9999.0 -9999.0 -9999.0 -9999.0 -9999.0 -9999.0
-9999.0 -9999.0 -9999.0 -9999.0 826.163944 980.833551 1080.168144 1165.616006 1298.843354 1424.499714 1528.417929 1613.888389 1678.060731 1705.537617 1703.748280 1712.783006 1709.699022 1702.820304 1691.808300 1689.880409 1686.846698 1676.000549 1658.094120 1648.650302 1648.590284 1653.162946 1650.279742 1636.498354 1618.215052 1596.449982 1576.282703 1541.366632 1505.061076 1475.215805 1461.328984 1455.253268 1454.354060 1446.767372 1455.156608 1462.756515 1478.171700 1493.484256 1517.305847 1546.552654 1560.705463 1575.780402 1585.798321 1606.671390 1637.868349 1692.312552 1757.076775 1816.529878 1854.549766 1861.192948 1839.120985 1825.961300 1824.780200 1856.240885 1905.727564 1978.628582 2088.437411 2170.839145 2238.026583 2294.871496 2336.899979 2392.031364 2458.484363 2499.964084 -9999.0 -9999.0 -9999.0 -9999.0 -9999.0 -9999.0 -9999.0 -9999.0 -9999.0 -9999.0 -9999.0 -9999.0
-9999.0 -9999.0 -9999.0 -9999.0 -9999.0 -9999.0 790.292878 894.071019 973.833085 1116.933815 1251.703895 1355.285440 1436.938444 1470.214205 1498.792010 1526.957851 1525.888240 1506.900403 1486.411077 1504.062765 1516.642215 1508.277225 1475.799562 1474.138014 1478.262686 1485.798777 1483.204303 1476.659197 1451.359363 1463.202319 1463.760814 1439.802093 1413.161521 1398.839691 1386.419769 1395.508199 1395.249697 1381.192458 1381.315096 1408.263209 1428.702438 1441.873491 1463.637928 1496.960433 1529.510889 1545.064572 1546.732553 1553.135891 1593.306798 1664.236414 1737.056112 1793.878076 1828.002495 1837.895743 1812.951338 1775.067324 1757.277609 1767.620569 1806.530952 1864.137842 1946.568986 2003.470964 2038.293856 2061.723678 2087.461693 2183.533879 -9999.0 -9999.0 -9999.0 -9999.0 -9999.0 -9999.0 -9999.0 -9999.0 -9999.0 -9999.0 -9999.0 -9999.0 -9999.0 -9999.0
-9999.0 -9999.0 -9999.0 -9999.0 -9999.0 -9999.0 -9999.0 -9999.0 -9999.0 -9999.0 -9999.0 -9999.0 -9999.0 -9999.0 -9999.0 -9999.0 -9999.0 -9999.0 -9999.0 -9999.0 -9999.0 -9999.0 -9999.0 -9999.0 -9999.0 -9999.0 -9999.0 -9999.0 -9999.0 -9999.0 -9999.0 -9999.0 -9999.0 -9999.0 -9999.0 -9999.0 -9999.0 -9999.0 -9999.0 -9999.0 -9999.0 -9999.0 -9999.0 -9999.0 -9999.0 -9999.0 -9999.0 -9999.0 -9999.0 -9999.0 -9999.0 -9999.0 -9999.0 -9999.0 -9999.0 -9999.0 -9999.0 -9999.0 -9999.0 -9999.0 -9999.0 -9999.0 -9999.0 -9999.0 -9999.0 -9999.0 -9999.0 -9999.0 -9999.0 -9999.0 -9999.0 -9999.0 -9999.0 -9999.0 -9999.0 -9999.0 -9999.0 -9999.0 -9999.0 -9999.0
-9999.0 -9999.0 -9999.0 -9999.0 -9999.0 -9999.0 -9999.0 -9999.0 -9999.0 -9999.0 -9999.0 -9999.0 -9999.0 -9999.0 -9999.0 -9999.0 -9999.0 -9999.0 -9999.0 -9999.0 -9999.0 -9999.0 -9999.0 -9999.0 -9999.0 -9999.0 -9999.0 -9999.0 -9999.0 -9999.0 -9999.0 -9999.0 -9999.0 -9999.0 -9999.0 -9999.0 -9999.0 -9999.0 -9999.0 -9999.0 -9999.0 -9999.0 -9999.0 -9999.0 -9999.0 -9999.0 -9999.0 -9999.0 -9999.0 -9999.0 -9999.0 -9999.0 -9999.0 -9999.0 -9999.0 -9999.0 -9999.0 -9999.0 -9999.0 -9999.0 -9999.0 -9999.0 -9999.0 -9999.0 -9999.0 -9999.0 -9999.0 -9999.0 -9999.0 -9999.0 -9999.0 -9999.0 -9999.0 -9999.0 -9999.0 -9999.0 -9999.0 -9999.0 -9999.0 -9999.0