Borden_/Borden1m_014/output_maps/psiliqL0001N0029.asc
ncols         80
nrows         18
xllcorner     620200.000000
yllcorner     5168000.000000
cellsize      1.000000
NODATA_value  -9999.0
-9999.0 -9999.0 -9999.0 -9999.0 -9999.0 -9999.0 -9999.0 -9999.0 -9999.0 -9999.0 -9999.0 -9999.0 -9999.0 -9999.0 -9999.0 -9999.0 -9999.0 -9999.0 -9999.0 -9999.0 -9999.0 -9999.0 -9999.0 -9999.0 -9999.0 -9999.0 -9999.0 -9999.0 -9999.0 -9999.0 -9999.0 -9999.0 -9999.0 -9999.0 -9999.0 -9999.0 -9999.0 -9999.0 -9999.0 -9999.0 -9999.0 -9999.0 -9999.0 -9999.0 -9999.0 -9999.0 -9999.0 -9999.0 -9999.0 -9999.0 -9999.0 -9999.0 -9999.0 -9999.0 -9999.0 -9999.0 -9999.0 -9999.0 -9999.0 -9999.0 -9999.0 -9999.0 -9999.0 -9999.0 -9999.0 -9999.0 -9999.0 -9999.0 -9999.0 -9999.0 -9999.0 -9999.0 -9999.0 -9999.0 -9999.0 -9999.0 -9999.0 -9999.0 -9999.0 -9999.0
-9999.0 -9999.0 -9999.0 -9999.0 -9999.0 -9999.0 -9999.0 -9999.0 -9999.0 -9999.0 -9999.0 -9999.0 -9999.0 -9999.0 -9999.0 -9999.0 -9999.0 -9999.0 -9999.0 -9999.0 -9999.0 -9999.0 -9999.0 -9999.0 -9999.0 -9999.0 -9999.0 -9999.0 -9999.0 -9999.0 -9999.0 -9999.0 -9999.0 -9999.0 -9999.0 -9999.0 -9999.0 -9999.0 -9999.0 -9999.0 -9999.0 -9999.0 -9999.0 -9999.0 -9999.0 -9999.0 -9999.0 -9999.0 -9999.0 -9999.0 -9999.0 -9999.0 -9999.0 -9999.0 -9999.0 -9999.0 -9999.0 -9999.0 -9999.0 -9999.0 -9999.0 -9999.0 -9999.0 -9999.0 -9999.0 -9999.0 -9999.0 -9999.0 -9999.0 -9999.0 -9999.0 -9999.0 -9999.0 -9999.0 -9999.0 -9999.0 -9999.0 -9999.0 -9999.0 -9999.0
-9999.0 -9999.0 -9999.0 -9999.0 -9999.0 -9999.0 -9999.0 -9999.0 -9999.0 -9999.0 -9999.0 -9999.0 -9999.0 -9999.0 -9999.0 -9999.0 -9999.0 -9999.0 -9999.0 -9999.0 -593.600926 -592.704052 -594.636847 -596.812121 -598.635050 -598.864493 -596.816380 -594.441968 -591.691224 -591.114291 -593.340291 -592.813969 -593.695997 -594.160623 -594.183964 -593.579508 -593.304832 -592.404675 -591.827260 -592.077476 -592.750301 -593.236294 -593.704330 -593.548693 -592.791393 -593.794483 -592.282087 -590.772811 -590.222121 -590.251574 -592.326407 -593.194018 -593.501599 -595.215414 -592.106367 -591.171011 -588.822168 -588.586695 -588.152074 -590.797446 -593.369333 -9999.0 -9999.0 -9999.0 -9999.0 -9999.0 -9999.0 -9999.0 -9999.0 -9999.0 -9999.0 -9999.0 -9999.0 -9999.0 -9999.0 -9999.0 -9999.0 -9999.0 -9999.0 -9999.0
-9999.0 -9999.0 -9999.0 -9999.0 -9999.0 -9999.0 -9999.0 -9999.0 -9999.0 -9999.0 -9999.0 -9999.0 -9999.0 -9999.0 -597.126808 -598.163497 -598.643818 -598.943093 -597.109044 -595.671137 -595.612055 -596.690761 -595.816011 -597.890980 -599.703777 -598.592084 -597.019669 -595.714414 -593.528547 -591.814795 -593.394397 -593.781332 -592.913505 -589.833006 -588.423111 -589.054925 -592.623634 -589.301101 -587.554560 -586.394382 -586.537513 -588.167539 -585.840672 -583.128770 -584.503299 -587.358163 -586.816331 -585.244702 -582.570740 -584.027020 -592.839761 -593.793824 -593.351001 -593.191639 -594.348411 -595.197192 -592.065289 -592.494434 -593.019145 -593.591384 -595.415852 -598.338428 -599.627456 -596.607991 -593.859789 -588.124884 -9999.0 -9999.0 -9999.0 -9999.0 -9999.0 -9999.0 -9999.0 -9999.0 -9999.0 -9999.0 -9999.0 -9999.0 -9999.0 -9999.0
-9999.0 -9999.0 -9999.0 -9999.0 -9999.0 -9999.0 -9999.0 -9999.0 -9999.0 -598.789568 -599.092491 -598.814689 -599.500185 -598.611424 -600.106932 -599.763669 -600.013623 -598.779254 -597.760857 -595.985817 -593.589299 -595.358399 -595.580666 -594.275209 -594.033282 -593.507121 -592.428568 -588.386491 -583.589698 -575.937175 -582.356877 -582.619137 -579.104151 -565.594080 -552.445271 -547.960595 -555.302172 -555.421237 -546.563839 -535.060180 -534.604306 -535.620680 -522.276894 -513.422571 -506.805560 -520.542991 -533.393020 -535.383546 -519.388875 -545.870078 -565.703949 -580.507271 -579.688855 -584.604839 -589.844958 -591.789709 -592.508118 -588.844742 -590.265649 -593.608661 -596.289601 -595.443725 -596.925298 -595.494930 -594.467940 -590.126929 -586.138297 -582.185949 -581.982761 -584.510038 -9999.0 -9999.0 -9999.0 -9999.0 -9999.0 -9999.0 -9999.0 -9999.0 -9999.0 -9999.0
-9999.0 -9999.0 -9999.0 -9999.0 -9999.0 -9999.0 -600.543811 -600.685239 -600.132872 -601.950090 -600.696828 -601.589045 -600.648881 -600.237764 -599.640149 -599.604568 -597.992625 -596.579998 -594.130182 -590.800501 -587.642335 -589.254330 -588.414667 -583.737875 -574.144775 -564.776871 -558.718902 -547.200838 -500.290492 -444.598796 -419.400176 -406.745830 -391.560700 -363.810707 -310.130377 -257.059878 -313.588360 -333.487115 -317.868110 -275.467224 -187.346442 -186.309794 -181.378117 -174.533710 -148.567285 -152.827948 -269.201073 -299.898296 -309.462854 -318.182428 -356.928658 -397.467340 -461.149373 -515.119762 -553.088967 -569.764690 -572.727955 -570.329196 -576.841316 -585.092890 -589.878269 -589.925741 -590.849458 -592.577458 -591.818842 -590.071519 -587.306271 -585.565112 -586.901734 -588.707201 -590.069018 -592.920477 -592.476483 -589.705606 -9999.0 -9999.0 -9999.0 -9999.0 -9999.0 -9999.0
-9999.0 -9999.0 -9999.0 -9999.0 -603.329117 -602.503145 -604.981414 -603.605733 -602.534090 -601.733274 -601.729411 -600.244114 -599.835112 -598.774374 -596.454953 -594.562655 -591.205470 -588.636753 -581.290829 -564.964392 -547.622331 -535.750759 -527.449889 -462.727754 -389.359122 -353.278989 -340.237273 -317.399348 -269.146679 -141.646262 -115.653051 -142.048180 -92.732291 -103.771307 -29.099919 4.692877 -13.910044 -20.336126 -18.246984 -11.289263 11.603784 12.117979 12.790775 12.784677 14.794577 16.831787 -1.862412 -32.028929 -81.834313 -49.324624 -67.045541 -126.354060 -236.579967 -276.212477 -301.176237 -338.135431 -387.897264 -412.955584 -490.588062 -533.081414 -559.857449 -568.418676 -576.217198 -580.111487 -585.099047 -584.288996 -582.990605 -585.489074 -588.652860 -591.609248 -591.980986 -593.252198 -594.652171 -591.107722 -589.835597 -585.892076 -9999.0 -9999.0 -9999.0 -9999.0
-9999.0 -9999.0 -603.443691 -603.368222 -601.126216 -602.524587 -603.310511 -604.503821 -604.032779 -601.867314 -597.617860 -595.718165 -592.712408 -591.117902 -583.992641 -564.735173 -538.381027 -511.082277 -435.650598 -377.292258 -332.187646 -291.600931 -201.338521 -162.448036 -119.329452 -72.363586 -50.332504 -30.624496 -9.428669 16.514940 42.273435 55.326686 62.639105 56.372620 55.651474 53.410393 52.207075 47.690959 31.871451 29.467447 36.245268 38.654241 42.030475 29.721533 25.964477 38.128157 40.647279 40.899157 42.917502 51.737529 62.234070 33.750125 -18.369699 -28.691857 -31.247897 -68.648138 -129.165936 -230.564900 -261.488067 -301.385353 -366.154773 -401.397626 -467.418958 -524.223916 -551.843585 -563.222795 -573.883352 -580.219147 -585.813322 -590.801410 -592.305874 -593.206188 -592.537547 -593.025802 -591.135883 -589.686261 -587.527890 -586.704054 -9999.0 -9999.0
-9999.0 -604.018476 -604.787686 -600.761767 -600.105913 -599.256077 -597.982449 -596.893090 -595.797746 -597.455208 -585.676408 -560.361453 -530.123420 -515.390969 -450.550966 -355.787512 -196.283307 -164.098701 -139.177232 -100.110942 -53.146286 -15.540822 7.743924 40.255788 63.112753 56.732845 55.177813 53.357985 44.380104 36.881708 27.200974 35.871214 34.112073 19.256257 8.482040 7.304903 5.642390 -18.470943 -42.913576 -54.783612 -49.708658 -28.611840 -38.644396 -58.737605 -62.603833 -43.395586 -27.914734 -36.805412 -82.096753 -33.156062 -2.957727 12.962058 29.021565 42.999777 62.861045 40.848151 8.623378 -29.701992 -39.635211 -62.311564 -173.503527 -238.753005 -291.719005 -350.925530 -396.897719 -473.456287 -533.412449 -557.511837 -573.559619 -579.284824 -582.775166 -589.707611 -591.502309 -590.080424 -590.994366 -591.100487 -590.249750 -589.585098 -9999.0 -9999.0
-9999.0 -607.592058 -603.949033 -599.637725 -594.117840 -593.165169 -572.721811 -551.613091 -543.064424 -554.670118 -485.013791 -190.019647 -129.985626 -129.856089 -79.354736 -12.888436 27.283977 48.754378 62.439633 52.361999 46.593879 48.265224 43.928893 35.141538 21.770596 14.393152 14.445424 12.607164 -4.071996 -20.218166 -34.863698 -34.449679 -47.432994 -80.602752 -110.419562 -124.445102 -145.667367 -217.147025 -259.747009 -288.533863 -301.506538 -281.780965 -292.361707 -310.747012 -314.283126 -290.614898 -257.041693 -262.651937 -257.208992 -233.324574 -188.243683 -98.518499 -79.472219 -54.541219 -22.751280 13.302106 31.606536 50.405121 57.311705 33.214422 -3.296719 -47.492560 -74.101039 -187.614697 -261.647099 -336.728369 -380.806298 -413.781384 -494.107602 -532.440309 -554.249510 -570.529630 -581.410248 -583.857409 -588.878868 -589.722368 -9999.0 -9999.0 -9999.0 -9999.0
-9999.0 -607.512902 -603.869899 -595.500756 -573.931279 -535.680426 -391.122006 -267.978099 -90.881793 -145.184058 -20.163405 48.376388 55.967876 39.260850 12.883861 9.097681 18.185165 20.149987 16.245585 7.447717 -1.899268 -5.105230 -6.510450 -14.186457 -25.719043 -39.966255 -50.111658 -60.317441 -152.341901 -189.413406 -216.813579 -233.451449 -266.781866 -344.808975 -372.379805 -390.662664 -453.824841 -471.954608 -489.364452 -517.149916 -528.204949 -534.658781 -525.894875 -528.217805 -529.034481 -523.262255 -506.780203 -490.851234 -436.604409 -397.735315 -370.697885 -328.198848 -296.030770 -251.802957 -199.111097 -92.446723 -65.485204 -70.991119 -1.080054 34.009253 54.246914 46.604593 18.841586 -14.192624 -69.867146 -191.826013 -243.551746 -308.358635 -357.890289 -390.075715 -413.667313 -475.351606 -536.959320 -568.025504 -575.524150 -9999.0 -9999.0 -9999.0 -9999.0 -9999.0
-9999.0 -612.143544 -603.289105 -596.342762 -556.584305 -377.948593 -292.050128 -17.744145 32.551318 -35.058954 -149.412294 -62.932108 -30.594260 -30.741241 -55.457729 -65.379794 -70.308395 -71.095758 -58.520800 -88.546191 -169.795827 -188.479557 -190.485714 -203.139391 -226.387368 -245.772295 -260.576702 -281.908056 -332.812037 -367.610123 -412.900871 -447.856722 -521.912964 -552.900723 -566.029289 -576.593567 -585.869112 -585.712043 -582.901556 -585.463337 -588.133590 -590.899029 -587.593669 -586.068424 -584.583382 -586.393827 -585.849569 -581.124479 -572.830125 -563.128471 -546.559861 -517.529407 -468.663893 -401.438620 -378.300258 -335.906699 -292.848633 -244.484478 -169.240175 -45.652714 -19.673867 8.638460 44.463139 63.006969 25.405121 -9.267481 -62.985792 -183.929621 -278.919539 -316.359149 -333.627207 -356.829745 -391.724051 -9999.0 -9999.0 -9999.0 -9999.0 -9999.0 -9999.0 -9999.0
-9999.0 -615.156368 -605.423581 -603.445318 -590.962494 -560.956323 -488.656378 -373.480459 -201.587423 -332.468387 -346.922941 -325.847224 -299.395202 -278.916727 -301.139420 -330.657838 -349.681599 -346.242056 -344.624012 -362.286421 -382.883085 -391.303479 -391.947458 -400.068836 -435.910345 -461.604652 -476.999948 -502.065000 -529.091213 -551.731178 -574.913939 -584.806571 -591.400417 -593.698711 -595.341760 -597.045676 -600.261722 -598.554062 -597.203070 -597.576957 -598.617766 -599.407144 -597.057555 -596.240984 -595.488188 -597.664758 -596.160595 -594.765537 -591.597748 -588.266994 -583.333907 -575.675154 -565.059694 -556.391522 -549.287484 -534.417626 -502.208998 -420.665965 -358.842074 -268.714492 -194.569094 -98.854541 -49.376441 -16.982444 1.404341 9.842657 18.815685 -4.559548 -251.482265 -280.979592 -284.925346 -9999.0 -9999.0 -9999.0 -9999.0 -9999.0 -9999.0 -9999.0 -9999.0 -9999.0
-9999.0 -9999.0 -616.887765 -612.712659 -608.779881 -604.957941 -599.592345 -592.341791 -586.699293 -578.896211 -566.173784 -549.789083 -537.259931 -530.651592 -539.409610 -554.682435 -562.544576 -561.993474 -563.980499 -567.927851 -574.562400 -576.967533 -578.516323 -579.756539 -582.408675 -583.527780 -583.997446 -584.965057 -587.055486 -591.528241 -595.380503 -597.933709 -600.699552 -600.616166 -601.074569 -602.048633 -601.340895 -601.512597 -601.251310 -601.403104 -601.222093 -600.811316 -600.277611 -599.561701 -599.530437 -599.350008 -599.075603 -598.255994 -596.985291 -595.299505 -591.961556 -586.906388 -582.854854 -581.814113 -583.875901 -583.133443 -580.022516 -572.214774 -543.316895 -464.866925 -380.678688 -321.725325 -251.421953 -202.689654 -181.158375 -106.058689 -48.013169 -191.756087 -326.160376 -313.682486 -9999.0 -9999.0 -9999.0 -9999.0 -9999.0 -9999.0 -9999.0 -9999.0 -9999.0 -9999.0
-9999.0 -9999.0 -9999.0 -9999.0 -618.176885 -612.671697 -607.699487 -608.129296 -604.560501 -602.461333 -600.398971 -597.825730 -595.708493 -594.247827 -596.184165 -596.776050 -597.208355 -596.893422 -597.266629 -597.823301 -598.135302 -598.446227 -598.698589 -599.130017 -599.003778 -598.643028 -598.542339 -599.259563 -599.261093 -600.707603 -600.974078 -601.793784 -602.590120 -603.481281 -603.317189 -603.449564 -603.069981 -603.471374 -602.836761 -603.239308 -602.774644 -602.560571 -601.975214 -601.031159 -601.411253 -600.862302 -600.826383 -600.078224 -599.774670 -597.771399 -594.444636 -590.470566 -587.679210 -587.783833 -591.308279 -592.723072 -593.490238 -591.216543 -587.144269 -577.926366 -550.793702 -508.967729 -418.496172 -380.008639 -355.720904 -313.484935 -270.892334 -260.626932 -9999.0 -9999.0 -9999.0 -9999.0 -9999.0 -9999.0 -9999.0 -9999.0 -9999.0 -9999.0 -9999.0 -9999.0
-9999.0 -9999.0 -9999.0 -9999.0 -9999.0 -9999.0 -616.063390 -613.439663 -614.051855 -612.262015 -610.706003 -609.400428 -607.261870 -607.647803 -607.143441 -605.443570 -605.737716 -606.546006 -607.553651 -606.042951 -605.447824 -605.275938 -606.947164 -606.494004 -606.353942 -605.691970 -605.759733 -605.483238 -606.958885 -605.310998 -604.541389 -604.883068 -605.213097 -604.913895 -605.298217 -604.218566 -604.091602 -604.953666 -605.185412 -603.954671 -603.615938 -603.795868 -603.542126 -602.684240 -601.424752 -601.247505 -601.819405 -602.603687 -601.263172 -598.209866 -594.692483 -591.475770 -589.306145 -588.563763 -591.516762 -595.378212 -597.257826 -597.470711 -595.836847 -592.647482 -584.737207 -578.744307 -573.293497 -565.849744 -556.794983 -501.786634 -9999.0 -9999.0 -9999.0 -9999.0 -9999.0 -9999.0 -9999.0 -9999.0 -9999.0 -9999.0 -9999.0 -9999.0 -9999.0 -9999.0
-9999.0 -9999.0 -9999.0 -9999.0 -9999.0 -9999.0 -9999.0 -9999.0 -9999.0 -9999.0 -9999.0 -9999.0 -9999.0 -9999.0 -9999.0 -9999.0 -9999.0 -9999.0 -9999.0 -9999.0 -9999.0 -9999.0 -9999.0 -9999.0 -9999.0 -9999.0 -9999.0 -9999.0 -9999.0 -9999.0 -9999.0 -9999.0 -9999.0 -9999.0 -9999.0 -9999.0 -9999.0 -9999.0 -9999.0 -9999.0 -9999.0 -9999.0 -9999.0 -9999.0 -9999.0 -9999.0 -9999.0 -9999.0 -9999.0 -9999.0 -9999.0 -9999.0 -9999.0 -9999.0 -9999.0 -9999.0 -9999.0 -9999.0 -9999.0 -9999.0 -9999.0 -9999.0 -9999.0 -9999.0 -9999.0 -9999.0 -9999.0 -9999.0 -9999.0 -9999.0 -9999.0 -9999.0 -9999.0 -9999.0 -9999.0 -9999.0 -9999.0 -9999.0 -9999.0 -9999.0
-9999.0 -9999.0 -9999.0 -9999.0 -9999.0 -9999.0 -9999.0 -9999.0 -9999.0 -9999.0 -9999.0 -9999.0 -9999.0 -9999.0 -9999.0 -9999.0 -9999.0 -9999.0 -9999.0 -9999.0 -9999.0 -9999.0 -9999.0 -9999.0 -9999.0 -9999.0 -9999.0 -9999.0 -9999.0 -9999.0 -9999.0 -9999.0 -9999.0 -9999.0 -9999.0 -9999.0 -9999.0 -9999.0 -9999.0 -9999.0 -9999.0 -9999.0 -9999.0 -9999.0 -9999.0 -9999.0 -9999.0 -9999.0 -9999.0 -9999.0 -9999.0 -9999.0 -9999.0 -9999.0 -9999.0 -9999.0 -9999.0 -9999.0 -9999.0 -9999.0 -9999.0 -9999.0 -9999.0 -9999.0 -9999.0 -9999.0 -9999.0 -9999.0 -9999.0 -9999.0 -9999.0 -9999.0 -9999.0 -9999.0 -9999.0 -9999.0 -9999.0 -9999.0 -9999.0 -9999.0