Borden_/Borden1m_014/output_maps/psiliqL0012N0035.asc
ncols         80
nrows         18
xllcorner     620200.000000
yllcorner     5168000.000000
cellsize      1.000000
NODATA_value  -9999.0
-9999.0 -9999.0 -9999.0 -9999.0 -9999.0 -9999.0 -9999.0 -9999.0 -9999.0 -9999.0 -9999.0 -9999.0 -9999.0 -9999.0 -9999.0 -9999.0 -9999.0 -9999.0 -9999.0 -9999.0 -9999.0 -9999.0 -9999.0 -9999.0 -9999.0 -9999.0 -9999.0 -9999.0 -9999.0 -9999.0 -9999.0 -9999.0 -9999.0 -9999.0 -9999.0 -9999.0 -9999.0 -9999.0 -9999.0 -9999.0 -9999.0 -9999.0 -9999.0 -9999.0 -9999.0 -9999.0 -9999.0 -9999.0 -9999.0 -9999.0 -9999.0 -9999.0 -9999.0 -9999.0 -9999.0 -9999.0 -9999.0 -9999.0 -9999.0 -9999.0 -9999.0 -9999.0 -9999.0 -9999.0 -9999.0 -9999.0 -9999.0 -9999.0 -9999.0 -9999.0 -9999.0 -9999.0 -9999.0 -9999.0 -9999.0 -9999.0 -9999.0 -9999.0 -9999.0 -9999.0
-9999.0 -9999.0 -9999.0 -9999.0 -9999.0 -9999.0 -9999.0 -9999.0 -9999.0 -9999.0 -9999.0 -9999.0 -9999.0 -9999.0 -9999.0 -9999.0 -9999.0 -9999.0 -9999.0 -9999.0 -9999.0 -9999.0 -9999.0 -9999.0 -9999.0 -9999.0 -9999.0 -9999.0 -9999.0 -9999.0 -9999.0 -9999.0 -9999.0 -9999.0 -9999.0 -9999.0 -9999.0 -9999.0 -9999.0 -9999.0 -9999.0 -9999.0 -9999.0 -9999.0 -9999.0 -9999.0 -9999.0 -9999.0 -9999.0 -9999.0 -9999.0 -9999.0 -9999.0 -9999.0 -9999.0 -9999.0 -9999.0 -9999.0 -9999.0 -9999.0 -9999.0 -9999.0 -9999.0 -9999.0 -9999.0 -9999.0 -9999.0 -9999.0 -9999.0 -9999.0 -9999.0 -9999.0 -9999.0 -9999.0 -9999.0 -9999.0 -9999.0 -9999.0 -9999.0 -9999.0
-9999.0 -9999.0 -9999.0 -9999.0 -9999.0 -9999.0 -9999.0 -9999.0 -9999.0 -9999.0 -9999.0 -9999.0 -9999.0 -9999.0 -9999.0 -9999.0 -9999.0 -9999.0 -9999.0 -9999.0 543.121515 546.131938 524.375968 491.299499 464.040925 467.103705 502.880720 545.278639 584.849715 596.225898 579.387348 582.523687 578.789338 578.921666 582.490176 589.811088 594.223589 606.361413 615.869376 616.705276 611.702945 607.286363 607.750752 611.210009 616.174989 605.181471 617.881605 631.945805 636.191980 629.234754 600.087874 582.571046 572.155325 555.387504 578.334735 589.032923 610.668206 613.790380 611.240270 583.349171 552.702178 -9999.0 -9999.0 -9999.0 -9999.0 -9999.0 -9999.0 -9999.0 -9999.0 -9999.0 -9999.0 -9999.0 -9999.0 -9999.0 -9999.0 -9999.0 -9999.0 -9999.0 -9999.0 -9999.0
-9999.0 -9999.0 -9999.0 -9999.0 -9999.0 -9999.0 -9999.0 -9999.0 -9999.0 -9999.0 -9999.0 -9999.0 -9999.0 -9999.0 450.587827 441.329911 439.236797 448.536422 483.011019 513.823129 526.396621 519.590033 520.485976 497.935661 478.598195 493.851027 524.886808 558.138405 594.447471 616.488498 606.068633 604.923098 616.206635 643.645784 658.454163 656.800060 637.383792 661.578873 679.164564 689.967885 691.144463 684.067997 698.591448 714.903940 707.715073 689.248730 692.119664 702.359885 713.563953 696.776383 629.809164 607.262574 600.983488 592.110815 576.274181 568.107639 591.806538 590.914236 581.414287 562.293593 528.825366 484.132830 465.095384 502.820259 546.043742 602.939877 -9999.0 -9999.0 -9999.0 -9999.0 -9999.0 -9999.0 -9999.0 -9999.0 -9999.0 -9999.0 -9999.0 -9999.0 -9999.0 -9999.0
-9999.0 -9999.0 -9999.0 -9999.0 -9999.0 -9999.0 -9999.0 -9999.0 -9999.0 391.075357 395.775687 403.711210 406.662333 423.108244 421.634961 429.582478 437.990503 465.782219 498.019791 534.306229 564.274370 556.282021 558.225199 570.674768 577.057740 591.290678 614.993769 658.469272 702.540386 746.739915 720.332786 719.845778 740.903077 790.996803 827.909923 837.131891 819.399182 827.830436 856.010475 882.755449 886.221623 886.552066 912.601125 926.700968 928.729550 907.378997 889.659320 886.254252 908.665336 853.750235 783.577094 728.128508 727.535937 693.672291 651.206139 627.375663 622.304006 641.377373 624.268452 584.988721 546.852313 534.906252 516.485376 532.039722 553.233165 598.722421 636.482292 664.054884 662.945389 644.848575 -9999.0 -9999.0 -9999.0 -9999.0 -9999.0 -9999.0 -9999.0 -9999.0 -9999.0 -9999.0
-9999.0 -9999.0 -9999.0 -9999.0 -9999.0 -9999.0 311.287779 321.007858 341.712701 347.382087 373.185269 381.605317 403.262959 423.752049 446.262942 464.498575 496.639982 531.298045 574.517541 620.472424 655.450760 653.501650 666.789478 701.579253 744.987832 778.112571 806.421915 850.821517 932.007953 978.674793 990.564899 997.292326 1007.879713 1055.717206 1119.227981 1135.273281 1116.066223 1102.713236 1124.414497 1163.738435 1176.871003 1181.032637 1191.225979 1200.355445 1225.258023 1214.408019 1169.460068 1150.035371 1143.806162 1126.925901 1066.859224 1001.872730 962.266444 909.480457 822.899012 762.252267 763.052914 777.290961 743.889270 686.235841 640.966434 627.286163 609.849395 593.981988 597.807340 615.174219 636.159821 645.853370 631.702857 609.690776 585.843818 556.363671 557.614255 582.567557 -9999.0 -9999.0 -9999.0 -9999.0 -9999.0 -9999.0
-9999.0 -9999.0 -9999.0 -9999.0 260.773443 273.911717 262.541270 287.772152 321.051229 355.900915 389.347218 428.039110 457.111261 489.179016 532.488355 571.458042 617.922017 657.062216 715.738653 788.760424 845.637066 875.813484 896.262555 958.044801 1020.553611 1073.700667 1095.820601 1125.371639 1171.107023 1235.875026 1264.900769 1272.892033 1290.306172 1323.056888 1367.495746 1399.005650 1383.371564 1377.481270 1384.332705 1397.226949 1423.564149 1426.561222 1429.037717 1430.966014 1434.291827 1432.575820 1406.933370 1371.942451 1357.528422 1347.167234 1319.955983 1251.363984 1205.363649 1172.878398 1140.227739 1088.290485 1020.484733 999.512438 940.059481 879.437245 809.779433 781.693044 746.326285 716.509312 682.784848 680.269918 679.971817 656.896297 623.048544 589.262214 573.055056 553.483234 542.238516 571.748070 589.036861 619.424667 -9999.0 -9999.0 -9999.0 -9999.0
-9999.0 -9999.0 201.206183 250.749400 307.825757 317.383888 319.662638 326.558344 355.955857 409.327244 488.562851 543.277344 590.432102 626.772253 690.896415 777.954425 858.725834 912.295898 973.860120 1043.732207 1107.342877 1145.164483 1168.735272 1208.773545 1260.760598 1318.642487 1344.663213 1370.801995 1402.275659 1436.259664 1452.807696 1467.749267 1475.381125 1475.731989 1479.277073 1479.478901 1475.376111 1470.132696 1452.702327 1450.290219 1458.329081 1463.643864 1466.353891 1453.532449 1449.489828 1462.117721 1464.310032 1462.566193 1462.385157 1469.302163 1474.505336 1437.494255 1393.974165 1377.736181 1368.476176 1324.480477 1260.032968 1213.432374 1188.908060 1145.326802 1065.769124 1010.758930 957.102734 903.733174 845.616771 807.839862 755.345355 708.483138 658.655196 610.414904 585.309662 566.036528 562.890352 562.458432 578.086797 593.187408 608.282823 615.936815 -9999.0 -9999.0
-9999.0 99.602786 172.366057 299.682966 380.238636 426.582692 463.954542 492.158663 522.090254 546.944147 658.098611 760.356770 857.038044 896.085218 950.746802 1050.843356 1148.420249 1194.699718 1231.284689 1282.976060 1340.521993 1387.582192 1417.507866 1436.468924 1468.039456 1476.481497 1478.149081 1480.558849 1476.007496 1468.963955 1460.091621 1466.647030 1463.410693 1444.843762 1428.950779 1425.221930 1418.406312 1393.155392 1364.642267 1350.791731 1353.645252 1375.949081 1365.646982 1345.681695 1342.031656 1362.547609 1380.349448 1371.495982 1360.852834 1378.604389 1413.600608 1435.388989 1447.783478 1463.545387 1484.232103 1459.455239 1428.818593 1387.155794 1367.330652 1336.771254 1275.642651 1212.238082 1156.456292 1093.537501 1024.683142 952.792021 885.138778 818.635323 747.473698 703.474913 669.977596 617.573783 594.478686 595.015373 585.193551 581.825398 587.625339 593.788967 -9999.0 -9999.0
-9999.0 22.844268 166.025668 351.909631 501.465504 565.036676 677.268284 763.699341 797.088517 775.168484 888.706275 1111.136528 1207.414754 1223.587742 1292.219268 1375.509945 1403.462740 1434.664214 1455.296579 1460.155136 1464.623704 1473.044443 1471.864864 1466.497264 1452.629641 1445.006707 1443.635378 1440.034813 1421.143076 1401.146353 1382.987973 1378.254045 1360.562026 1318.083670 1284.646495 1266.506792 1248.706631 1225.594043 1190.983689 1164.408515 1150.603472 1167.784077 1159.903048 1142.734548 1139.025382 1161.590249 1194.080417 1189.373942 1196.569010 1219.304175 1260.830731 1302.845224 1326.630491 1356.805312 1394.086518 1437.764186 1454.778775 1475.876292 1480.579865 1459.162593 1414.818417 1362.558298 1326.382416 1260.245213 1184.763833 1103.620337 1036.765036 972.220375 900.779290 851.342297 801.342080 741.812992 684.241488 657.066864 616.112410 594.900731 -9999.0 -9999.0 -9999.0 -9999.0
-9999.0 -50.639668 139.322865 401.885695 673.770426 797.229587 1001.015741 1132.983123 1197.302286 1260.490636 1263.303367 1394.474468 1428.328012 1422.667752 1415.855387 1419.017483 1434.246100 1438.250289 1434.745541 1424.570392 1414.826860 1410.196389 1408.936798 1402.017709 1389.809454 1374.647000 1360.985609 1346.397352 1305.159902 1270.267666 1235.138010 1219.465838 1181.675011 1090.655884 1046.594258 1011.274019 955.239046 946.245284 936.633571 907.315368 887.574427 869.250107 889.344081 891.771855 893.581621 899.389955 918.550795 941.010235 984.860818 1021.990986 1067.725394 1121.585971 1156.998353 1201.403887 1250.049353 1308.758288 1341.685914 1373.354370 1420.124890 1459.537055 1482.001277 1470.979666 1440.844776 1393.812787 1321.025770 1248.738600 1194.438088 1117.471567 1050.100298 997.245630 953.539500 904.076396 837.961852 749.036735 704.499138 -9999.0 -9999.0 -9999.0 -9999.0 -9999.0
-9999.0 -219.898252 48.388411 341.277367 665.549343 990.685360 1114.208687 1253.918071 1327.493237 1284.581684 1282.030278 1307.131062 1349.204503 1357.044577 1337.860414 1330.173492 1320.478722 1320.562951 1332.829247 1305.544721 1273.784722 1259.379361 1258.361422 1246.436889 1223.388247 1205.671694 1192.077149 1170.522579 1120.451530 1068.875846 988.889982 959.895701 884.112651 820.679209 772.221308 721.104615 668.457172 665.447543 680.772149 664.434695 641.626225 622.875719 648.938906 665.741981 677.609165 667.588041 677.492927 714.126692 765.145120 811.452768 865.102738 923.308209 971.881107 1022.285462 1057.439340 1111.128879 1159.529029 1207.340189 1282.076933 1361.836260 1398.259489 1432.406150 1465.237439 1478.213858 1424.676809 1369.488101 1311.415682 1239.913520 1148.818524 1102.721609 1081.607224 1048.704710 996.435993 -9999.0 -9999.0 -9999.0 -9999.0 -9999.0 -9999.0 -9999.0
-9999.0 -349.917098 -124.874094 113.801213 407.014948 647.455468 837.528176 951.716620 1033.703034 1051.970341 1077.182821 1110.522524 1142.936763 1165.886125 1144.183882 1106.561882 1078.892189 1082.525727 1079.264454 1054.143173 1023.413657 1007.802874 1005.479501 997.963159 972.580919 956.579973 944.293282 919.836733 882.267074 823.472800 739.806740 667.315963 604.061195 568.315800 536.595099 502.469858 464.525702 474.166180 487.222778 482.778391 471.091420 467.290665 496.638916 515.432431 525.670243 513.637595 532.875268 560.383529 603.152814 647.144186 697.847046 755.245437 811.616583 844.767038 863.140210 894.348327 938.166464 995.673299 1083.808531 1179.620948 1256.147660 1306.454175 1356.539312 1387.738923 1397.598030 1407.513913 1375.440603 1280.652526 1143.362107 1144.545367 1149.299041 -9999.0 -9999.0 -9999.0 -9999.0 -9999.0 -9999.0 -9999.0 -9999.0 -9999.0
-9999.0 -9999.0 -360.623109 -176.378304 -27.043053 157.439120 310.027225 420.568314 504.268199 605.941005 704.074879 785.567165 830.452186 848.594072 832.372719 794.520639 769.872096 769.270172 759.009271 745.832547 722.874485 713.626112 702.946292 694.441975 682.183294 674.869828 668.396834 655.671416 631.429187 582.536439 529.987177 476.879570 421.931649 395.607848 372.868756 350.166496 347.204709 344.144839 350.225715 351.410589 357.340836 369.404984 389.871500 411.549238 421.204757 429.207208 441.957497 465.988560 499.641314 542.004407 596.156973 654.117175 694.653377 708.790393 701.321257 709.396582 733.875906 781.765966 870.857541 960.851020 1056.362842 1127.924308 1198.605598 1248.285316 1262.183495 1275.691531 1282.189666 1195.259635 825.120357 1061.951360 -9999.0 -9999.0 -9999.0 -9999.0 -9999.0 -9999.0 -9999.0 -9999.0 -9999.0 -9999.0
-9999.0 -9999.0 -9999.0 -9999.0 -319.508667 -162.248283 -66.078053 18.070274 143.490001 257.780776 353.957794 434.059621 491.765774 517.050322 508.893603 507.645749 500.562650 495.471118 486.085310 482.177129 478.106777 470.078348 457.168808 449.326191 448.861956 452.433524 449.558762 435.520327 417.950966 391.980178 368.768928 333.256385 296.140968 266.523722 253.068913 246.405578 246.238790 240.012623 249.104562 255.813257 270.778856 286.115338 310.035875 338.658976 351.792490 366.304583 376.174246 397.085338 427.538809 480.886906 544.064685 601.354013 636.610242 641.085710 616.215059 601.395250 599.392620 629.675498 679.529065 752.935263 860.214637 937.921636 999.963098 1046.199854 1077.337947 1119.089679 1159.006631 1176.814583 -9999.0 -9999.0 -9999.0 -9999.0 -9999.0 -9999.0 -9999.0 -9999.0 -9999.0 -9999.0 -9999.0 -9999.0
-9999.0 -9999.0 -9999.0 -9999.0 -9999.0 -9999.0 -369.546005 -270.962535 -185.568569 -55.933819 65.064252 161.252298 238.314553 266.387409 287.584204 311.526050 307.968518 290.369568 272.696421 289.830968 300.866016 295.339827 266.709113 265.447041 269.228308 277.803473 275.878055 269.283919 244.006645 253.007032 251.974282 228.457016 202.073539 187.621848 175.748680 185.409023 185.886744 172.878197 174.516858 200.838228 220.754614 234.096879 256.346258 289.516162 321.642472 336.334904 337.555293 343.885550 384.964684 455.357589 526.329937 580.777150 612.456722 620.247542 592.414221 552.079766 531.511611 539.278442 575.556673 631.190796 710.992968 764.201232 796.226570 816.321657 840.852226 932.224056 -9999.0 -9999.0 -9999.0 -9999.0 -9999.0 -9999.0 -9999.0 -9999.0 -9999.0 -9999.0 -9999.0 -9999.0 -9999.0 -9999.0
-9999.0 -9999.0 -9999.0 -9999.0 -9999.0 -9999.0 -9999.0 -9999.0 -9999.0 -9999.0 -9999.0 -9999.0 -9999.0 -9999.0 -9999.0 -9999.0 -9999.0 -9999.0 -9999.0 -9999.0 -9999.0 -9999.0 -9999.0 -9999.0 -9999.0 -9999.0 -9999.0 -9999.0 -9999.0 -9999.0 -9999.0 -9999.0 -9999.0 -9999.0 -9999.0 -9999.0 -9999.0 -9999.0 -9999.0 -9999.0 -9999.0 -9999.0 -9999.0 -9999.0 -9999.0 -9999.0 -9999.0 -9999.0 -9999.0 -9999.0 -9999.0 -9999.0 -9999.0 -9999.0 -9999.0 -9999.0 -9999.0 -9999.0 -9999.0 -9999.0 -9999.0 -9999.0 -9999.0 -9999.0 -9999.0 -9999.0 -9999.0 -9999.0 -9999.0 -9999.0 -9999.0 -9999.0 -9999.0 -9999.0 -9999.0 -9999.0 -9999.0 -9999.0 -9999.0 -9999.0
-9999.0 -9999.0 -9999.0 -9999.0 -9999.0 -9999.0 -9999.0 -9999.0 -9999.0 -9999.0 -9999.0 -9999.0 -9999.0 -9999.0 -9999.0 -9999.0 -9999.0 -9999.0 -9999.0 -9999.0 -9999.0 -9999.0 -9999.0 -9999.0 -9999.0 -9999.0 -9999.0 -9999.0 -9999.0 -9999.0 -9999.0 -9999.0 -9999.0 -9999.0 -9999.0 -9999.0 -9999.0 -9999.0 -9999.0 -9999.0 -9999.0 -9999.0 -9999.0 -9999.0 -9999.0 -9999.0 -9999.0 -9999.0 -9999.0 -9999.0 -9999.0 -9999.0 -9999.0 -9999.0 -9999.0 -9999.0 -9999.0 -9999.0 -9999.0 -9999.0 -9999.0 -9999.0 -9999.0 -9999.0 -9999.0 -9999.0 -9999.0 -9999.0 -9999.0 -9999.0 -9999.0 -9999.0 -9999.0 -9999.0 -9999.0 -9999.0 -9999.0 -9999.0 -9999.0 -9999.0