Borden_/Borden1m_014/output_maps/psiliqL0017N0001.asc
ncols         80
nrows         18
xllcorner     620200.000000
yllcorner     5168000.000000
cellsize      1.000000
NODATA_value  -9999.0
-9999.0 -9999.0 -9999.0 -9999.0 -9999.0 -9999.0 -9999.0 -9999.0 -9999.0 -9999.0 -9999.0 -9999.0 -9999.0 -9999.0 -9999.0 -9999.0 -9999.0 -9999.0 -9999.0 -9999.0 -9999.0 -9999.0 -9999.0 -9999.0 -9999.0 -9999.0 -9999.0 -9999.0 -9999.0 -9999.0 -9999.0 -9999.0 -9999.0 -9999.0 -9999.0 -9999.0 -9999.0 -9999.0 -9999.0 -9999.0 -9999.0 -9999.0 -9999.0 -9999.0 -9999.0 -9999.0 -9999.0 -9999.0 -9999.0 -9999.0 -9999.0 -9999.0 -9999.0 -9999.0 -9999.0 -9999.0 -9999.0 -9999.0 -9999.0 -9999.0 -9999.0 -9999.0 -9999.0 -9999.0 -9999.0 -9999.0 -9999.0 -9999.0 -9999.0 -9999.0 -9999.0 -9999.0 -9999.0 -9999.0 -9999.0 -9999.0 -9999.0 -9999.0 -9999.0 -9999.0
-9999.0 -9999.0 -9999.0 -9999.0 -9999.0 -9999.0 -9999.0 -9999.0 -9999.0 -9999.0 -9999.0 -9999.0 -9999.0 -9999.0 -9999.0 -9999.0 -9999.0 -9999.0 -9999.0 -9999.0 -9999.0 -9999.0 -9999.0 -9999.0 -9999.0 -9999.0 -9999.0 -9999.0 -9999.0 -9999.0 -9999.0 -9999.0 -9999.0 -9999.0 -9999.0 -9999.0 -9999.0 -9999.0 -9999.0 -9999.0 -9999.0 -9999.0 -9999.0 -9999.0 -9999.0 -9999.0 -9999.0 -9999.0 -9999.0 -9999.0 -9999.0 -9999.0 -9999.0 -9999.0 -9999.0 -9999.0 -9999.0 -9999.0 -9999.0 -9999.0 -9999.0 -9999.0 -9999.0 -9999.0 -9999.0 -9999.0 -9999.0 -9999.0 -9999.0 -9999.0 -9999.0 -9999.0 -9999.0 -9999.0 -9999.0 -9999.0 -9999.0 -9999.0 -9999.0 -9999.0
-9999.0 -9999.0 -9999.0 -9999.0 -9999.0 -9999.0 -9999.0 -9999.0 -9999.0 -9999.0 -9999.0 -9999.0 -9999.0 -9999.0 -9999.0 -9999.0 -9999.0 -9999.0 -9999.0 -9999.0 1526.320570 1528.264524 1506.034352 1471.978958 1443.643067 1445.336470 1478.917638 1519.298994 1557.109142 1565.737567 1547.131233 1549.715118 1545.050315 1542.865397 1544.608666 1551.570826 1556.320510 1566.830923 1574.378477 1572.955944 1566.109755 1560.678679 1561.220684 1563.635363 1569.183266 1557.559012 1572.197359 1587.842166 1593.181377 1589.163745 1563.714459 1549.880024 1541.918835 1527.117360 1552.728382 1564.967531 1588.290181 1592.951085 1591.597240 1565.047933 1535.244958 -9999.0 -9999.0 -9999.0 -9999.0 -9999.0 -9999.0 -9999.0 -9999.0 -9999.0 -9999.0 -9999.0 -9999.0 -9999.0 -9999.0 -9999.0 -9999.0 -9999.0 -9999.0 -9999.0
-9999.0 -9999.0 -9999.0 -9999.0 -9999.0 -9999.0 -9999.0 -9999.0 -9999.0 -9999.0 -9999.0 -9999.0 -9999.0 -9999.0 1437.025234 1427.438047 1424.249322 1431.832228 1464.542759 1494.306581 1506.293087 1498.636907 1498.330533 1474.077570 1452.480167 1465.613326 1494.604810 1524.999110 1558.087210 1576.482905 1564.621030 1562.068209 1571.010019 1594.755137 1606.235955 1603.353235 1584.353136 1607.745951 1622.118856 1628.629004 1626.896806 1617.504053 1628.653548 1643.392428 1636.480977 1620.358879 1627.687868 1640.840406 1652.989193 1641.456522 1580.364011 1563.854340 1560.750986 1555.773207 1543.006432 1538.057467 1564.703241 1565.202420 1557.844356 1540.718783 1508.393375 1464.128085 1446.142411 1485.924548 1530.221764 1587.554976 -9999.0 -9999.0 -9999.0 -9999.0 -9999.0 -9999.0 -9999.0 -9999.0 -9999.0 -9999.0 -9999.0 -9999.0 -9999.0 -9999.0
-9999.0 -9999.0 -9999.0 -9999.0 -9999.0 -9999.0 -9999.0 -9999.0 -9999.0 1380.588272 1385.175298 1391.921959 1393.757672 1408.813702 1406.089586 1412.688661 1418.247741 1444.393409 1474.119831 1507.929709 1535.495297 1525.736483 1525.001768 1532.670633 1533.113813 1543.464959 1563.982092 1602.048058 1637.509149 1674.898551 1644.172184 1641.198859 1660.479151 1706.686835 1737.408325 1743.413608 1725.735071 1736.344413 1760.008571 1778.875404 1776.103655 1771.681612 1795.542919 1809.026072 1808.405826 1789.105432 1780.970875 1783.930394 1810.311239 1760.146548 1695.221629 1648.747374 1656.965641 1631.282285 1598.530963 1581.989576 1580.661891 1601.777239 1588.624048 1553.460410 1519.064427 1508.803431 1492.545474 1511.605196 1534.977919 1582.038710 1621.541054 1651.175856 1651.523741 1634.645013 -9999.0 -9999.0 -9999.0 -9999.0 -9999.0 -9999.0 -9999.0 -9999.0 -9999.0 -9999.0
-9999.0 -9999.0 -9999.0 -9999.0 -9999.0 -9999.0 1302.546789 1311.950421 1331.838736 1335.625963 1360.612111 1366.624308 1385.868321 1403.734398 1424.463390 1438.860215 1466.122228 1496.623644 1534.699841 1575.052936 1604.799747 1596.783685 1604.420867 1630.541127 1665.502388 1691.897704 1715.857515 1753.346608 1824.813894 1862.025992 1864.092567 1868.324954 1880.125420 1932.618954 1998.698295 2013.915279 1994.966752 1981.350214 2001.559174 2035.991501 2037.577230 2036.734140 2047.007462 2056.441902 2082.720504 2074.198108 2037.382334 2026.435211 2026.378203 2007.764005 1943.364861 1879.669875 1850.193611 1804.203374 1724.742914 1674.602216 1685.284509 1706.235801 1680.399012 1629.537030 1592.438690 1584.530036 1572.002315 1561.952065 1571.397493 1593.097036 1617.273973 1630.521693 1619.064074 1599.014652 1577.206314 1549.293536 1551.874051 1577.331601 -9999.0 -9999.0 -9999.0 -9999.0 -9999.0 -9999.0
-9999.0 -9999.0 -9999.0 -9999.0 1253.412511 1265.683500 1252.119929 1276.527189 1307.977629 1340.833565 1370.197817 1404.074759 1428.631798 1456.432494 1493.403066 1522.669508 1559.400267 1590.756618 1641.278635 1706.223085 1754.650675 1774.441822 1785.786050 1839.976259 1900.005953 1953.740350 1975.905217 2002.425609 2043.670420 2099.365264 2123.838393 2130.764312 2152.487410 2195.620399 2248.532421 2285.104407 2270.586290 2263.935684 2270.862633 2281.809263 2303.174632 2302.915223 2303.835670 2306.334955 2311.689197 2311.355363 2288.092847 2255.553923 2240.053343 2227.876979 2192.078794 2117.213790 2078.651838 2050.509870 2016.154006 1963.333686 1901.279898 1889.430906 1835.337787 1781.252217 1723.901559 1706.989865 1680.948839 1660.283427 1636.884725 1643.884947 1651.932672 1635.315884 1605.886763 1576.071265 1562.848427 1545.439423 1535.293470 1566.248421 1584.403975 1614.890158 -9999.0 -9999.0 -9999.0 -9999.0
-9999.0 -9999.0 1195.654202 1242.819847 1298.572723 1305.228410 1302.306481 1305.634527 1331.733632 1381.095829 1450.681826 1494.509920 1530.616457 1561.198623 1616.534414 1688.287673 1752.893093 1796.056348 1852.941788 1922.717635 1985.639241 2017.421985 2031.055542 2068.433141 2124.874467 2194.237053 2225.161695 2252.219059 2282.524220 2314.122308 2319.708153 2332.978492 2344.371120 2352.814452 2362.703215 2367.439550 2364.839905 2361.269222 2343.630565 2339.352284 2345.361223 2350.518284 2350.815478 2337.079713 2333.203673 2347.172845 2351.976279 2350.593959 2347.859965 2351.626580 2349.286051 2304.960898 2272.082331 2257.995423 2246.557023 2199.336971 2130.093571 2089.320365 2067.780574 2025.837674 1949.092368 1900.929721 1854.799266 1812.697846 1768.275788 1746.310706 1708.076510 1672.731984 1631.950153 1590.136220 1569.947962 1554.610048 1554.172380 1555.536276 1572.999421 1589.097148 1605.096201 1613.198037 -9999.0 -9999.0
-9999.0 1091.673487 1163.038213 1286.778108 1363.945132 1403.530353 1426.540699 1441.695815 1466.465788 1490.807603 1586.545998 1660.869746 1744.783278 1779.389948 1826.765248 1919.555522 2008.767928 2050.709688 2088.264601 2148.967232 2215.354676 2265.706326 2293.578974 2297.859693 2334.922551 2356.018892 2363.190003 2367.954427 2363.949475 2354.237003 2344.552855 2349.944565 2345.808215 2326.174513 2308.715680 2305.778431 2302.126678 2279.961894 2252.279238 2237.808062 2240.079849 2263.812576 2250.524203 2229.443413 2225.357895 2246.417381 2266.687055 2256.954270 2242.672237 2258.537551 2290.336696 2311.824163 2322.351463 2341.642039 2363.170672 2336.342739 2308.008497 2265.890837 2246.188262 2216.329142 2154.840705 2092.560202 2038.573852 1981.033089 1920.778386 1862.546690 1809.936674 1758.921450 1701.897203 1667.521500 1641.555576 1596.015660 1579.547699 1584.836922 1578.638284 1577.249944 1584.330391 1591.031598 -9999.0 -9999.0
-9999.0 1007.637527 1148.153606 1328.612845 1471.422605 1520.135535 1606.164651 1673.660909 1694.434468 1658.579353 1758.987598 1969.193750 2071.029272 2088.768780 2164.296255 2254.298837 2263.567614 2292.950953 2314.587974 2329.962788 2344.511314 2357.802937 2357.192036 2352.462078 2339.256743 2333.726332 2333.435483 2329.780717 2309.655814 2287.417886 2267.878958 2262.214776 2240.920734 2192.345235 2154.683757 2135.790230 2120.492596 2104.413268 2074.991811 2049.773786 2035.159073 2050.195969 2044.287318 2027.465113 2023.029651 2043.861188 2074.595271 2069.391749 2076.001480 2094.578377 2131.146169 2170.355202 2195.966419 2229.327457 2268.968503 2315.951891 2332.326777 2355.896802 2361.045775 2343.739867 2297.094854 2241.854545 2205.829576 2141.827849 2072.038069 1999.988090 1944.616485 1893.359935 1834.269808 1796.097732 1755.025398 1701.930933 1654.416101 1639.713219 1604.835053 1588.717923 -9999.0 -9999.0 -9999.0 -9999.0
-9999.0 923.529922 1108.103245 1358.449962 1631.154275 1723.860370 1916.038976 2032.680575 2081.896087 2150.893815 2106.759628 2261.255309 2300.784526 2297.329917 2302.429886 2307.488362 2321.472962 2322.347566 2317.350079 2306.888182 2298.182526 2294.887249 2294.164883 2287.147832 2275.602827 2261.308203 2246.928006 2232.187535 2191.067008 2154.162192 2115.740876 2101.068264 2061.053525 1968.738861 1925.404814 1889.351066 1834.358299 1832.583478 1831.566899 1806.049044 1787.896710 1766.599763 1789.729133 1794.823420 1796.861383 1797.628304 1811.355479 1833.568842 1875.225784 1907.523955 1947.350384 1996.415441 2030.307752 2073.559213 2119.750355 2177.944561 2214.882230 2248.858316 2299.948733 2340.727482 2364.336595 2352.204397 2325.987510 2278.893813 2209.425293 2147.741441 2107.455668 2046.049544 1991.738994 1944.160842 1899.110005 1846.931083 1786.585226 1722.198647 1686.668301 -9999.0 -9999.0 -9999.0 -9999.0 -9999.0
-9999.0 734.779045 999.661443 1278.563841 1576.300361 1894.966886 2023.923469 2136.434998 2201.688114 2172.444441 2182.273115 2198.239302 2238.514214 2247.028122 2227.825013 2218.226204 2204.526432 2202.653749 2213.498846 2184.444206 2152.059238 2137.626541 2137.330900 2126.067401 2103.303816 2087.403292 2076.101819 2055.662348 2007.700177 1956.545655 1875.805419 1847.309186 1774.324219 1724.519777 1683.993339 1637.453989 1590.669492 1592.873277 1613.069057 1600.720737 1579.804023 1562.230022 1589.205606 1607.085143 1618.855488 1605.717763 1612.880105 1646.104977 1691.574549 1730.722429 1774.774113 1823.398054 1865.081707 1908.416389 1937.046131 1985.272585 2033.085991 2079.900814 2154.825914 2236.515139 2276.242063 2312.755224 2347.002015 2365.846152 2319.055689 2278.748031 2239.518698 2192.784996 2124.898908 2081.233048 2049.870621 1990.699028 1930.999318 -9999.0 -9999.0 -9999.0 -9999.0 -9999.0 -9999.0 -9999.0
-9999.0 611.504306 823.198894 1041.144613 1311.691819 1537.789104 1726.146023 1821.508977 1892.306603 1933.430983 1971.245772 2004.742990 2033.592395 2055.601474 2034.063237 1993.128556 1963.131552 1966.323990 1959.911018 1934.893747 1904.152367 1889.081470 1886.839569 1880.954337 1858.257648 1845.795162 1836.992302 1816.573841 1786.449348 1734.300945 1660.110357 1591.555670 1535.591711 1509.035285 1483.188794 1453.830361 1421.809339 1433.977646 1447.698646 1445.613488 1436.402748 1434.329689 1463.376964 1482.250458 1491.784495 1479.610949 1497.428469 1521.674061 1559.854686 1598.874538 1643.201975 1693.060143 1741.450633 1765.215082 1773.769281 1793.931135 1828.417022 1877.457621 1959.432513 2051.071576 2127.803321 2177.672453 2232.926001 2273.817214 2296.702819 2319.953665 2313.916684 2256.929025 2173.338223 2169.176309 2159.041285 -9999.0 -9999.0 -9999.0 -9999.0 -9999.0 -9999.0 -9999.0 -9999.0 -9999.0
-9999.0 -9999.0 591.469388 761.588980 887.663303 1057.986948 1199.317218 1301.699351 1386.597871 1500.361793 1604.602031 1686.500157 1728.478989 1744.118837 1729.343685 1696.734608 1675.849163 1675.438356 1664.748496 1654.319559 1635.046607 1627.812189 1617.338888 1610.161204 1602.140615 1598.583589 1595.049423 1585.773578 1566.739686 1523.705783 1480.098110 1432.992300 1383.669121 1361.138296 1341.800707 1322.638240 1323.415948 1320.511714 1326.979946 1329.260086 1336.867793 1349.827672 1369.769707 1391.605094 1400.934605 1409.273754 1420.582701 1442.607462 1473.336022 1512.820068 1563.343705 1617.090252 1652.646639 1661.003808 1646.837031 1646.964590 1661.574487 1697.117896 1769.332377 1844.754997 1933.515418 2000.912073 2072.459673 2129.032839 2155.205590 2187.564456 2227.546702 2203.057203 2074.272392 2137.617459 -9999.0 -9999.0 -9999.0 -9999.0 -9999.0 -9999.0 -9999.0 -9999.0 -9999.0 -9999.0
-9999.0 -9999.0 -9999.0 -9999.0 617.769230 768.190170 861.573128 940.000268 1064.693138 1181.585576 1278.174050 1357.954248 1417.445555 1441.712365 1436.754855 1442.514531 1438.022322 1431.572561 1421.866714 1421.562756 1421.317456 1414.566222 1400.882331 1394.491857 1396.640681 1402.924783 1401.749790 1389.761171 1373.980115 1354.604024 1337.462867 1305.902509 1272.553240 1245.477572 1234.067202 1229.983580 1230.909537 1224.835606 1234.196610 1242.119437 1257.658062 1272.972717 1296.641405 1325.475616 1338.920386 1353.078150 1361.863384 1381.007763 1409.651696 1460.846475 1521.688055 1576.629302 1609.237734 1610.127144 1581.823007 1562.249305 1553.590835 1575.195454 1612.003521 1669.914980 1761.991738 1827.015862 1879.528313 1924.109420 1961.953909 2021.778083 2100.123530 2157.328957 -9999.0 -9999.0 -9999.0 -9999.0 -9999.0 -9999.0 -9999.0 -9999.0 -9999.0 -9999.0 -9999.0 -9999.0
-9999.0 -9999.0 -9999.0 -9999.0 -9999.0 -9999.0 575.062573 674.280697 749.935405 885.195633 1012.379252 1110.240137 1187.585366 1217.376810 1242.732992 1268.844687 1266.845101 1248.412231 1229.434768 1248.609513 1263.132834 1257.797055 1228.385536 1228.894448 1234.751922 1244.026102 1243.069234 1238.200207 1214.951531 1228.701965 1231.638172 1210.417099 1186.289618 1174.165607 1163.749237 1174.554418 1175.750637 1162.893377 1163.959846 1191.193219 1211.705293 1224.891830 1246.573107 1279.563616 1311.541261 1326.217635 1326.778310 1331.740303 1370.124882 1438.405407 1507.881703 1560.890452 1590.595764 1595.558946 1564.948555 1521.185133 1496.322313 1497.758224 1525.424871 1569.525282 1635.832149 1676.248089 1695.545129 1705.724646 1724.164402 1817.808494 -9999.0 -9999.0 -9999.0 -9999.0 -9999.0 -9999.0 -9999.0 -9999.0 -9999.0 -9999.0 -9999.0 -9999.0 -9999.0 -9999.0
-9999.0 -9999.0 -9999.0 -9999.0 -9999.0 -9999.0 -9999.0 -9999.0 -9999.0 -9999.0 -9999.0 -9999.0 -9999.0 -9999.0 -9999.0 -9999.0 -9999.0 -9999.0 -9999.0 -9999.0 -9999.0 -9999.0 -9999.0 -9999.0 -9999.0 -9999.0 -9999.0 -9999.0 -9999.0 -9999.0 -9999.0 -9999.0 -9999.0 -9999.0 -9999.0 -9999.0 -9999.0 -9999.0 -9999.0 -9999.0 -9999.0 -9999.0 -9999.0 -9999.0 -9999.0 -9999.0 -9999.0 -9999.0 -9999.0 -9999.0 -9999.0 -9999.0 -9999.0 -9999.0 -9999.0 -9999.0 -9999.0 -9999.0 -9999.0 -9999.0 -9999.0 -9999.0 -9999.0 -9999.0 -9999.0 -9999.0 -9999.0 -9999.0 -9999.0 -9999.0 -9999.0 -9999.0 -9999.0 -9999.0 -9999.0 -9999.0 -9999.0 -9999.0 -9999.0 -9999.0
-9999.0 -9999.0 -9999.0 -9999.0 -9999.0 -9999.0 -9999.0 -9999.0 -9999.0 -9999.0 -9999.0 -9999.0 -9999.0 -9999.0 -9999.0 -9999.0 -9999.0 -9999.0 -9999.0 -9999.0 -9999.0 -9999.0 -9999.0 -9999.0 -9999.0 -9999.0 -9999.0 -9999.0 -9999.0 -9999.0 -9999.0 -9999.0 -9999.0 -9999.0 -9999.0 -9999.0 -9999.0 -9999.0 -9999.0 -9999.0 -9999.0 -9999.0 -9999.0 -9999.0 -9999.0 -9999.0 -9999.0 -9999.0 -9999.0 -9999.0 -9999.0 -9999.0 -9999.0 -9999.0 -9999.0 -9999.0 -9999.0 -9999.0 -9999.0 -9999.0 -9999.0 -9999.0 -9999.0 -9999.0 -9999.0 -9999.0 -9999.0 -9999.0 -9999.0 -9999.0 -9999.0 -9999.0 -9999.0 -9999.0 -9999.0 -9999.0 -9999.0 -9999.0 -9999.0 -9999.0