Borden_/Borden1m_014/output_maps/psiliqL0027N0035.asc
ncols         80
nrows         18
xllcorner     620200.000000
yllcorner     5168000.000000
cellsize      1.000000
NODATA_value  -9999.0
-9999.0 -9999.0 -9999.0 -9999.0 -9999.0 -9999.0 -9999.0 -9999.0 -9999.0 -9999.0 -9999.0 -9999.0 -9999.0 -9999.0 -9999.0 -9999.0 -9999.0 -9999.0 -9999.0 -9999.0 -9999.0 -9999.0 -9999.0 -9999.0 -9999.0 -9999.0 -9999.0 -9999.0 -9999.0 -9999.0 -9999.0 -9999.0 -9999.0 -9999.0 -9999.0 -9999.0 -9999.0 -9999.0 -9999.0 -9999.0 -9999.0 -9999.0 -9999.0 -9999.0 -9999.0 -9999.0 -9999.0 -9999.0 -9999.0 -9999.0 -9999.0 -9999.0 -9999.0 -9999.0 -9999.0 -9999.0 -9999.0 -9999.0 -9999.0 -9999.0 -9999.0 -9999.0 -9999.0 -9999.0 -9999.0 -9999.0 -9999.0 -9999.0 -9999.0 -9999.0 -9999.0 -9999.0 -9999.0 -9999.0 -9999.0 -9999.0 -9999.0 -9999.0 -9999.0 -9999.0
-9999.0 -9999.0 -9999.0 -9999.0 -9999.0 -9999.0 -9999.0 -9999.0 -9999.0 -9999.0 -9999.0 -9999.0 -9999.0 -9999.0 -9999.0 -9999.0 -9999.0 -9999.0 -9999.0 -9999.0 -9999.0 -9999.0 -9999.0 -9999.0 -9999.0 -9999.0 -9999.0 -9999.0 -9999.0 -9999.0 -9999.0 -9999.0 -9999.0 -9999.0 -9999.0 -9999.0 -9999.0 -9999.0 -9999.0 -9999.0 -9999.0 -9999.0 -9999.0 -9999.0 -9999.0 -9999.0 -9999.0 -9999.0 -9999.0 -9999.0 -9999.0 -9999.0 -9999.0 -9999.0 -9999.0 -9999.0 -9999.0 -9999.0 -9999.0 -9999.0 -9999.0 -9999.0 -9999.0 -9999.0 -9999.0 -9999.0 -9999.0 -9999.0 -9999.0 -9999.0 -9999.0 -9999.0 -9999.0 -9999.0 -9999.0 -9999.0 -9999.0 -9999.0 -9999.0 -9999.0
-9999.0 -9999.0 -9999.0 -9999.0 -9999.0 -9999.0 -9999.0 -9999.0 -9999.0 -9999.0 -9999.0 -9999.0 -9999.0 -9999.0 -9999.0 -9999.0 -9999.0 -9999.0 -9999.0 -9999.0 3525.161556 3525.934830 3504.195631 3469.899612 3441.437144 3442.997834 3475.503916 3515.778879 3554.301977 3561.172619 3541.712738 3545.362152 3540.683377 3535.650254 3535.429469 3543.045565 3549.714588 3559.136690 3565.822639 3563.233810 3555.676987 3550.603187 3553.332466 3554.772732 3561.114357 3546.348885 3562.552936 3578.945409 3583.680401 3581.263039 3557.981335 3546.540282 3538.870836 3523.544622 3550.543400 3562.448937 3586.219892 3591.142927 3589.396068 3562.976601 3533.108520 -9999.0 -9999.0 -9999.0 -9999.0 -9999.0 -9999.0 -9999.0 -9999.0 -9999.0 -9999.0 -9999.0 -9999.0 -9999.0 -9999.0 -9999.0 -9999.0 -9999.0 -9999.0 -9999.0
-9999.0 -9999.0 -9999.0 -9999.0 -9999.0 -9999.0 -9999.0 -9999.0 -9999.0 -9999.0 -9999.0 -9999.0 -9999.0 -9999.0 3435.342644 3426.513780 3423.383821 3430.277547 3462.335451 3492.320489 3503.799560 3496.094945 3495.605481 3470.451017 3447.034963 3459.099947 3488.006448 3517.886050 3550.682953 3567.324249 3555.997790 3553.018606 3559.340543 3577.934818 3585.171581 3581.251428 3563.702006 3587.883431 3600.677760 3604.517868 3602.266443 3592.197541 3600.426019 3614.187454 3607.078962 3592.057199 3603.651291 3619.038742 3629.755302 3622.325309 3565.117032 3554.124686 3551.462884 3548.134200 3535.641689 3532.470326 3561.556223 3561.581140 3554.930357 3538.247936 3505.298179 3460.300192 3441.804020 3483.083023 3527.183630 3583.804477 -9999.0 -9999.0 -9999.0 -9999.0 -9999.0 -9999.0 -9999.0 -9999.0 -9999.0 -9999.0 -9999.0 -9999.0 -9999.0 -9999.0
-9999.0 -9999.0 -9999.0 -9999.0 -9999.0 -9999.0 -9999.0 -9999.0 -9999.0 3378.315782 3384.123529 3390.765567 3392.923421 3407.657648 3404.025233 3410.533740 3413.804855 3440.586656 3469.405091 3502.236654 3528.552788 3518.848360 3516.922303 3519.694863 3512.671341 3519.522445 3539.260549 3575.131913 3605.114743 3639.462457 3605.159865 3599.697803 3616.742516 3657.116323 3678.798237 3679.934681 3661.085027 3678.627846 3701.853642 3716.725736 3712.854722 3706.418520 3732.521602 3747.924766 3740.887537 3719.076635 3719.069092 3727.451009 3757.220424 3706.681566 3640.917204 3604.210586 3621.643999 3601.752668 3577.473369 3567.857482 3569.431622 3590.436812 3579.545783 3546.489642 3514.048416 3502.788213 3486.615965 3508.649370 3532.612731 3579.577982 3620.007980 3650.279311 3650.022154 3633.024239 -9999.0 -9999.0 -9999.0 -9999.0 -9999.0 -9999.0 -9999.0 -9999.0 -9999.0 -9999.0
-9999.0 -9999.0 -9999.0 -9999.0 -9999.0 -9999.0 3299.975506 3310.356750 3330.831793 3332.919162 3359.092831 3363.698945 3381.725230 3398.159993 3419.371915 3431.185446 3454.987937 3483.917136 3518.724363 3555.072339 3581.516082 3568.727174 3573.219766 3590.943743 3615.808488 3633.147827 3655.184993 3692.537680 3764.429217 3800.273772 3791.151120 3791.446164 3799.478306 3849.972137 3913.913889 3924.288830 3903.558931 3890.703000 3914.852655 3952.670504 3950.080856 3948.804009 3962.451851 3973.524797 4000.414357 3989.106347 3953.254648 3948.788946 3956.491717 3932.794639 3862.731968 3806.199227 3789.066481 3742.348390 3658.879265 3617.617521 3643.678100 3672.979922 3652.484370 3603.851185 3572.807235 3568.458700 3558.400096 3552.796553 3566.501669 3590.390478 3614.967901 3629.500443 3618.109439 3597.633990 3576.361826 3548.523920 3551.468511 3576.564298 -9999.0 -9999.0 -9999.0 -9999.0 -9999.0 -9999.0
-9999.0 -9999.0 -9999.0 -9999.0 3250.886472 3263.417365 3247.902681 3273.673939 3304.953647 3337.829705 3364.216265 3394.535796 3416.530540 3442.119711 3473.711557 3493.625216 3523.939579 3552.319203 3598.208269 3658.148417 3701.317727 3713.331543 3721.090263 3771.449418 3827.289901 3873.761025 3892.361197 3918.382600 3965.059770 4021.707479 4043.702759 4046.150431 4063.093367 4107.440382 4164.938777 4200.407642 4182.555667 4173.313225 4183.966833 4198.756055 4220.911125 4220.958732 4222.093883 4226.508495 4234.542091 4232.526571 4205.374203 4171.691961 4158.644664 4148.275789 4108.919117 4036.083345 4006.566355 3977.122097 3932.807908 3877.992712 3832.614383 3835.580682 3780.801714 3725.638559 3677.063474 3670.771177 3651.773114 3637.009255 3621.052138 3634.598219 3647.590005 3633.252172 3603.720865 3574.907910 3562.389592 3545.210239 3534.101278 3565.583399 3583.664783 3613.165806 -9999.0 -9999.0 -9999.0 -9999.0
-9999.0 -9999.0 3192.575040 3237.104262 3293.549943 3298.672853 3290.419960 3292.090134 3317.302818 3365.271728 3425.340032 3460.132136 3486.774421 3516.085102 3565.220245 3624.903778 3683.369823 3725.355024 3783.420238 3852.910927 3911.907125 3938.297524 3946.708158 3982.521469 4037.799517 4108.206260 4136.714103 4163.575451 4195.997780 4233.271232 4222.921472 4233.253779 4246.161298 4260.105453 4276.166563 4283.882644 4278.798533 4274.147437 4255.456381 4250.081904 4256.527129 4264.941201 4263.649759 4248.813468 4244.830262 4259.995960 4266.501480 4264.235930 4261.071267 4265.716231 4260.220686 4210.567024 4195.245483 4179.661321 4167.335455 4120.599779 4053.149105 4021.351402 3999.261292 3957.572684 3883.883512 3847.567020 3808.901456 3775.118513 3738.652904 3726.916342 3695.638443 3664.267722 3626.200686 3585.978538 3567.414172 3553.684174 3553.685673 3554.568269 3572.625109 3588.465550 3604.526564 3612.646174 -9999.0 -9999.0
-9999.0 3082.452039 3152.864842 3272.816599 3349.323776 3384.158144 3389.250452 3389.364318 3413.422502 3445.710074 3529.811505 3575.142131 3657.443059 3695.182877 3734.922119 3824.664041 3919.825360 3963.702943 4003.336014 4068.379224 4135.242768 4182.866656 4209.468100 4184.931926 4225.417743 4257.225980 4266.034577 4273.559113 4274.109169 4265.542049 4259.275702 4265.856684 4262.765070 4243.313135 4226.980802 4225.128708 4221.664335 4198.109477 4170.394821 4154.648133 4155.770937 4181.033918 4167.689340 4146.196802 4141.733568 4163.577918 4185.394729 4174.545944 4161.316296 4177.978449 4212.922214 4238.504623 4238.677720 4257.486916 4278.667376 4249.181032 4228.567451 4184.046939 4166.904460 4141.298949 4083.788324 4028.925687 3980.604953 3932.319868 3880.363141 3832.295583 3785.072478 3738.199381 3685.558492 3653.185344 3629.432246 3587.513887 3575.701872 3582.789219 3578.334136 3577.074615 3583.856711 3590.499772 -9999.0 -9999.0
-9999.0 2983.947345 3121.760927 3297.076653 3437.856335 3475.537382 3532.036446 3584.752415 3596.935066 3538.921129 3639.747943 3857.412839 3982.535630 4000.842927 4077.515445 4174.234643 4153.489961 4185.352433 4209.090272 4236.918573 4259.250088 4274.261888 4272.720302 4267.755411 4251.099150 4243.055366 4242.130433 4239.963355 4222.363461 4203.226704 4186.287268 4182.945574 4164.651485 4114.186755 4080.602760 4062.713357 4042.903177 4029.745909 4002.797911 3976.599593 3959.651628 3969.329955 3968.160544 3955.073122 3950.667263 3968.512769 3999.436154 3998.007582 4010.583720 4030.352982 4065.856128 4104.486472 4123.866191 4153.211386 4189.048496 4237.773646 4245.972659 4268.559180 4271.303982 4261.671051 4214.517887 4162.529011 4132.947077 4077.236615 4017.659896 3955.952595 3906.895208 3862.223686 3806.965093 3773.375499 3734.651813 3681.362484 3639.562836 3633.347562 3600.539100 3588.185831 -9999.0 -9999.0 -9999.0 -9999.0
-9999.0 2880.490521 3055.889732 3290.447213 3585.087130 3652.148520 3854.147757 3968.134078 4006.176909 4074.270311 3945.583337 4159.629905 4214.985799 4210.647177 4228.768484 4232.353434 4246.920934 4246.134710 4241.045395 4229.926935 4220.196939 4215.515137 4214.502140 4206.561073 4193.871622 4179.179566 4167.179712 4155.572567 4118.560052 4086.315598 4046.301457 4033.593263 3987.865979 3895.557789 3856.958921 3817.742901 3756.036648 3759.126123 3767.839180 3744.205021 3724.440790 3695.316726 3725.807205 3737.373300 3741.861432 3736.561402 3745.568590 3775.041419 3823.625878 3858.159203 3896.944083 3945.019385 3975.672779 4014.896909 4054.490366 4106.947931 4138.409432 4167.435579 4216.890589 4254.029447 4276.876799 4262.462075 4244.435564 4199.078142 4138.607019 4089.146665 4059.910102 4009.077708 3965.470135 3922.117082 3875.760880 3823.133807 3761.752743 3711.030359 3677.677205 -9999.0 -9999.0 -9999.0 -9999.0 -9999.0
-9999.0 2658.985882 2914.622939 3172.727967 3440.793064 3784.702847 3961.937481 4054.526823 4118.414494 4103.762154 4129.393368 4135.117169 4172.468216 4180.092343 4158.755882 4144.580401 4126.501121 4125.411665 4138.515948 4110.955937 4080.418867 4066.918587 4067.858159 4057.176350 4033.139142 4018.289233 4009.062032 3990.382378 3947.321412 3896.825362 3812.231747 3776.829696 3697.451176 3660.605426 3625.001826 3578.399299 3534.699595 3541.120434 3566.664000 3558.351046 3537.958565 3521.289362 3551.035868 3572.262934 3585.649842 3568.966239 3575.410181 3609.667158 3655.855391 3696.030481 3739.471789 3787.115674 3828.977238 3867.714368 3887.912281 3926.597838 3968.725032 4010.364648 4080.717497 4159.769716 4196.172084 4231.106364 4259.621915 4281.690967 4238.594823 4212.637339 4188.685265 4164.949288 4118.462691 4072.922778 4032.362030 3967.273530 3907.731341 -9999.0 -9999.0 -9999.0 -9999.0 -9999.0 -9999.0 -9999.0
-9999.0 2548.441321 2738.435600 2914.895943 3152.694060 3380.228451 3605.848006 3695.887901 3766.502533 3842.353029 3898.727115 3937.334561 3963.118668 3984.897133 3962.387038 3915.746914 3883.227996 3888.322902 3878.889561 3858.236829 3830.803981 3818.145032 3815.437451 3810.930501 3790.104096 3780.309298 3773.898776 3756.244004 3731.649075 3679.162777 3608.827598 3535.780129 3483.238786 3465.616208 3444.314828 3418.649051 3393.562456 3407.537013 3420.377071 3421.089747 3415.394029 3416.232449 3445.271765 3465.297375 3474.705659 3464.002030 3482.041229 3504.645204 3540.884649 3579.642095 3623.772024 3673.314795 3721.231055 3740.509001 3741.542256 3751.746954 3778.445009 3821.068287 3896.974447 3982.994632 4061.499103 4107.314500 4158.341092 4198.681190 4227.262413 4251.329709 4274.360090 4267.905300 4241.556722 4207.965438 4148.717265 -9999.0 -9999.0 -9999.0 -9999.0 -9999.0 -9999.0 -9999.0 -9999.0 -9999.0
-9999.0 -9999.0 2513.683315 2662.750798 2754.036265 2896.880684 3028.210641 3132.210057 3232.539497 3376.813708 3501.186857 3595.973360 3642.852435 3658.527725 3644.964036 3617.403793 3600.880509 3600.448328 3588.583643 3583.019290 3569.681676 3564.942176 3553.102874 3546.078346 3543.207623 3543.643440 3542.211125 3534.947379 3519.462656 3479.412333 3444.797676 3402.106786 3357.704668 3337.490365 3320.796182 3305.351579 3310.997630 3306.539696 3312.522459 3316.067472 3326.477750 3341.143397 3360.470841 3383.224352 3392.862037 3403.211668 3413.704680 3434.824486 3464.101395 3503.698293 3554.480276 3608.769227 3644.073964 3650.157016 3631.164122 3624.985718 3631.756889 3659.242164 3720.806837 3788.954746 3879.006378 3944.739398 4011.680588 4067.937090 4094.831318 4131.223346 4202.078250 4250.152266 4293.391323 4270.945456 -9999.0 -9999.0 -9999.0 -9999.0 -9999.0 -9999.0 -9999.0 -9999.0 -9999.0 -9999.0
-9999.0 -9999.0 -9999.0 -9999.0 2523.337460 2669.236435 2766.764697 2823.450243 2956.417199 3078.051122 3181.434121 3268.587797 3338.491598 3364.346432 3366.510939 3385.362580 3385.183191 3375.575792 3364.637210 3370.769637 3377.027202 3371.432519 3354.866107 3349.600744 3355.033207 3364.680929 3364.467032 3353.408644 3337.185075 3326.314478 3316.551168 3288.447968 3258.708394 3233.486165 3223.576276 3222.598170 3224.104276 3217.099200 3226.199061 3236.050443 3252.533809 3267.866606 3291.390952 3321.246581 3336.099726 3350.625609 3358.761714 3376.582804 3404.589172 3455.586408 3516.808197 3572.946726 3606.537671 3606.383224 3577.109433 3554.603980 3541.078336 3557.356644 3585.216937 3634.530651 3723.092916 3784.865180 3829.194545 3867.163030 3903.432711 3969.155367 4064.771826 4146.596945 -9999.0 -9999.0 -9999.0 -9999.0 -9999.0 -9999.0 -9999.0 -9999.0 -9999.0 -9999.0 -9999.0 -9999.0
-9999.0 -9999.0 -9999.0 -9999.0 -9999.0 -9999.0 2503.267030 2610.173896 2675.736262 2806.261606 2953.666323 3052.036257 3135.504694 3172.249220 3205.658444 3236.916772 3238.092679 3217.608096 3195.422549 3218.243409 3239.045837 3232.987311 3200.550068 3203.284646 3211.998676 3221.271816 3220.461785 3216.748132 3194.706245 3215.073856 3222.905287 3203.147591 3180.650623 3171.793943 3162.281194 3173.846232 3175.212176 3161.604311 3160.858588 3188.917763 3210.564702 3223.558495 3244.453900 3277.652930 3310.079709 3325.662246 3326.140558 3330.136250 3365.722828 3433.155081 3503.755914 3558.538311 3589.241836 3593.494650 3562.150735 3516.757884 3489.944330 3487.854074 3510.959305 3548.841842 3608.991629 3644.196544 3653.462655 3652.472314 3663.193745 3763.595990 -9999.0 -9999.0 -9999.0 -9999.0 -9999.0 -9999.0 -9999.0 -9999.0 -9999.0 -9999.0 -9999.0 -9999.0 -9999.0 -9999.0
-9999.0 -9999.0 -9999.0 -9999.0 -9999.0 -9999.0 -9999.0 -9999.0 -9999.0 -9999.0 -9999.0 -9999.0 -9999.0 -9999.0 -9999.0 -9999.0 -9999.0 -9999.0 -9999.0 -9999.0 -9999.0 -9999.0 -9999.0 -9999.0 -9999.0 -9999.0 -9999.0 -9999.0 -9999.0 -9999.0 -9999.0 -9999.0 -9999.0 -9999.0 -9999.0 -9999.0 -9999.0 -9999.0 -9999.0 -9999.0 -9999.0 -9999.0 -9999.0 -9999.0 -9999.0 -9999.0 -9999.0 -9999.0 -9999.0 -9999.0 -9999.0 -9999.0 -9999.0 -9999.0 -9999.0 -9999.0 -9999.0 -9999.0 -9999.0 -9999.0 -9999.0 -9999.0 -9999.0 -9999.0 -9999.0 -9999.0 -9999.0 -9999.0 -9999.0 -9999.0 -9999.0 -9999.0 -9999.0 -9999.0 -9999.0 -9999.0 -9999.0 -9999.0 -9999.0 -9999.0
-9999.0 -9999.0 -9999.0 -9999.0 -9999.0 -9999.0 -9999.0 -9999.0 -9999.0 -9999.0 -9999.0 -9999.0 -9999.0 -9999.0 -9999.0 -9999.0 -9999.0 -9999.0 -9999.0 -9999.0 -9999.0 -9999.0 -9999.0 -9999.0 -9999.0 -9999.0 -9999.0 -9999.0 -9999.0 -9999.0 -9999.0 -9999.0 -9999.0 -9999.0 -9999.0 -9999.0 -9999.0 -9999.0 -9999.0 -9999.0 -9999.0 -9999.0 -9999.0 -9999.0 -9999.0 -9999.0 -9999.0 -9999.0 -9999.0 -9999.0 -9999.0 -9999.0 -9999.0 -9999.0 -9999.0 -9999.0 -9999.0 -9999.0 -9999.0 -9999.0 -9999.0 -9999.0 -9999.0 -9999.0 -9999.0 -9999.0 -9999.0 -9999.0 -9999.0 -9999.0 -9999.0 -9999.0 -9999.0 -9999.0 -9999.0 -9999.0 -9999.0 -9999.0 -9999.0 -9999.0