Borden_/Borden1m_014/output_maps/psiliqL0014N0014.asc
ncols         80
nrows         18
xllcorner     620200.000000
yllcorner     5168000.000000
cellsize      1.000000
NODATA_value  -9999.0
-9999.0 -9999.0 -9999.0 -9999.0 -9999.0 -9999.0 -9999.0 -9999.0 -9999.0 -9999.0 -9999.0 -9999.0 -9999.0 -9999.0 -9999.0 -9999.0 -9999.0 -9999.0 -9999.0 -9999.0 -9999.0 -9999.0 -9999.0 -9999.0 -9999.0 -9999.0 -9999.0 -9999.0 -9999.0 -9999.0 -9999.0 -9999.0 -9999.0 -9999.0 -9999.0 -9999.0 -9999.0 -9999.0 -9999.0 -9999.0 -9999.0 -9999.0 -9999.0 -9999.0 -9999.0 -9999.0 -9999.0 -9999.0 -9999.0 -9999.0 -9999.0 -9999.0 -9999.0 -9999.0 -9999.0 -9999.0 -9999.0 -9999.0 -9999.0 -9999.0 -9999.0 -9999.0 -9999.0 -9999.0 -9999.0 -9999.0 -9999.0 -9999.0 -9999.0 -9999.0 -9999.0 -9999.0 -9999.0 -9999.0 -9999.0 -9999.0 -9999.0 -9999.0 -9999.0 -9999.0
-9999.0 -9999.0 -9999.0 -9999.0 -9999.0 -9999.0 -9999.0 -9999.0 -9999.0 -9999.0 -9999.0 -9999.0 -9999.0 -9999.0 -9999.0 -9999.0 -9999.0 -9999.0 -9999.0 -9999.0 -9999.0 -9999.0 -9999.0 -9999.0 -9999.0 -9999.0 -9999.0 -9999.0 -9999.0 -9999.0 -9999.0 -9999.0 -9999.0 -9999.0 -9999.0 -9999.0 -9999.0 -9999.0 -9999.0 -9999.0 -9999.0 -9999.0 -9999.0 -9999.0 -9999.0 -9999.0 -9999.0 -9999.0 -9999.0 -9999.0 -9999.0 -9999.0 -9999.0 -9999.0 -9999.0 -9999.0 -9999.0 -9999.0 -9999.0 -9999.0 -9999.0 -9999.0 -9999.0 -9999.0 -9999.0 -9999.0 -9999.0 -9999.0 -9999.0 -9999.0 -9999.0 -9999.0 -9999.0 -9999.0 -9999.0 -9999.0 -9999.0 -9999.0 -9999.0 -9999.0
-9999.0 -9999.0 -9999.0 -9999.0 -9999.0 -9999.0 -9999.0 -9999.0 -9999.0 -9999.0 -9999.0 -9999.0 -9999.0 -9999.0 -9999.0 -9999.0 -9999.0 -9999.0 -9999.0 -9999.0 946.504862 949.456987 928.113260 895.454164 868.788498 872.441177 908.377099 950.734483 990.142458 1001.021548 984.451176 988.869499 986.831273 988.391350 993.254188 1001.921996 1007.449322 1019.279649 1027.752937 1027.017083 1020.461990 1014.907140 1014.835007 1017.612011 1022.953593 1012.286972 1026.546865 1041.785782 1046.468228 1040.013926 1010.874038 992.697867 981.149762 963.407663 985.947748 995.859732 1016.692517 1019.058724 1015.877573 987.741059 956.957486 -9999.0 -9999.0 -9999.0 -9999.0 -9999.0 -9999.0 -9999.0 -9999.0 -9999.0 -9999.0 -9999.0 -9999.0 -9999.0 -9999.0 -9999.0 -9999.0 -9999.0 -9999.0 -9999.0
-9999.0 -9999.0 -9999.0 -9999.0 -9999.0 -9999.0 -9999.0 -9999.0 -9999.0 -9999.0 -9999.0 -9999.0 -9999.0 -9999.0 852.584295 843.738987 842.070045 851.757803 886.707985 918.103913 930.667543 924.108613 925.340843 903.260078 884.571706 900.676922 932.214324 965.002865 1000.250430 1021.178275 1011.219621 1011.470534 1024.904107 1054.668264 1070.944227 1070.592097 1052.577354 1076.772139 1092.336493 1099.967934 1098.399771 1089.156138 1101.336528 1116.526895 1109.656164 1093.233037 1099.623891 1112.335376 1124.302506 1109.130696 1042.599934 1019.070721 1010.995010 1001.524391 985.307132 976.797407 999.789729 997.620962 987.509788 968.099595 934.290041 889.417678 869.842063 907.382370 950.121316 1006.499049 -9999.0 -9999.0 -9999.0 -9999.0 -9999.0 -9999.0 -9999.0 -9999.0 -9999.0 -9999.0 -9999.0 -9999.0 -9999.0 -9999.0
-9999.0 -9999.0 -9999.0 -9999.0 -9999.0 -9999.0 -9999.0 -9999.0 -9999.0 792.825585 797.863193 805.927201 809.161002 825.783512 824.297491 832.641122 841.130743 869.763931 902.778571 939.896107 970.193444 962.530850 964.583819 977.059047 984.129894 1000.137124 1024.535522 1066.088640 1105.833980 1146.747984 1119.626458 1121.080331 1147.201388 1203.941690 1243.025975 1253.249603 1237.429411 1247.041019 1271.394183 1291.430082 1288.656668 1284.664991 1308.098293 1321.092534 1322.259640 1303.908549 1294.355956 1296.848834 1322.380954 1269.397141 1198.364202 1139.172680 1136.558139 1103.098422 1062.984483 1040.025003 1033.254526 1050.024122 1032.245790 993.033863 954.972531 942.105095 922.817629 938.188310 958.840386 1003.752888 1041.481328 1068.721200 1067.098927 1048.749557 -9999.0 -9999.0 -9999.0 -9999.0 -9999.0 -9999.0 -9999.0 -9999.0 -9999.0 -9999.0
-9999.0 -9999.0 -9999.0 -9999.0 -9999.0 -9999.0 713.408111 723.495652 744.471831 749.766965 775.925357 784.272985 805.996539 826.629557 849.841447 868.328317 900.451741 935.815384 980.164844 1027.594292 1062.809805 1059.553202 1071.816639 1106.352542 1153.141930 1191.193781 1221.124042 1261.715167 1335.732475 1375.983833 1384.261102 1393.946986 1415.235460 1482.417100 1555.439467 1574.119076 1557.145971 1544.161367 1562.521296 1594.343752 1596.039613 1594.631358 1602.821491 1610.959188 1636.406619 1629.907049 1596.323999 1586.545181 1585.872521 1568.259809 1499.932084 1419.649357 1374.695093 1321.194394 1236.814995 1178.028822 1176.258390 1186.946486 1152.862799 1095.951959 1051.962718 1037.339793 1018.598734 1002.296976 1005.914060 1022.778671 1043.102575 1052.365835 1037.629211 1015.025813 991.003026 960.838749 961.380600 985.666778 -9999.0 -9999.0 -9999.0 -9999.0 -9999.0 -9999.0
-9999.0 -9999.0 -9999.0 -9999.0 662.872329 676.479431 665.067063 690.960228 724.537163 759.643629 792.721721 830.991796 859.822780 892.119337 935.570719 974.053813 1019.348707 1058.880739 1120.441829 1198.936629 1256.278630 1282.320720 1298.852300 1362.256660 1437.565495 1506.822908 1534.966069 1561.504081 1598.881186 1652.044572 1676.232432 1684.481236 1707.604385 1750.735340 1801.089740 1835.080646 1821.005158 1815.114303 1820.445012 1829.356909 1849.752538 1849.089119 1849.805445 1851.575625 1856.142780 1857.372612 1837.796833 1809.401408 1798.324425 1789.069918 1757.290467 1683.624909 1641.710330 1612.488857 1579.771562 1523.836657 1445.677533 1417.412349 1354.156705 1294.108885 1227.282311 1196.844660 1158.768900 1127.882035 1093.943673 1091.171450 1090.759189 1067.149566 1032.305279 997.644742 980.426332 959.617634 946.896636 975.358178 991.706528 1021.225613 -9999.0 -9999.0 -9999.0 -9999.0
-9999.0 -9999.0 602.406941 651.935296 709.961501 720.281928 722.573927 729.852027 759.503391 812.980971 890.476940 943.413339 988.159134 1024.921208 1090.297260 1178.454580 1255.932833 1309.868187 1380.750894 1470.490419 1541.386365 1575.011817 1589.863941 1627.979660 1685.673291 1752.655812 1781.580754 1805.826104 1831.619841 1859.712083 1869.672617 1884.061971 1894.726572 1900.584301 1907.397810 1909.207037 1906.039796 1902.454050 1885.452062 1881.731058 1887.708480 1891.842652 1893.330010 1880.519232 1877.074405 1891.230436 1896.722527 1898.576122 1900.422409 1908.142908 1910.931372 1871.135768 1833.253422 1819.166262 1809.740516 1764.656874 1697.376072 1653.775680 1631.424512 1590.178800 1509.668540 1443.493011 1381.035209 1324.767170 1264.035395 1224.852601 1172.146342 1124.472073 1073.696458 1023.947349 996.918371 975.593553 970.207516 967.518790 981.591677 995.434067 1009.677675 1016.905336 -9999.0 -9999.0
-9999.0 499.220663 572.220348 699.803667 781.876205 829.655972 865.987090 891.992988 921.638296 948.455437 1056.387457 1152.212012 1245.698222 1286.133808 1345.907736 1459.930270 1559.892302 1607.853444 1650.199728 1713.003179 1774.086033 1817.963389 1842.616752 1854.188143 1888.767545 1903.406993 1907.861214 1911.122315 1906.125266 1896.881059 1886.854744 1893.234256 1891.189674 1874.244009 1858.206789 1853.158536 1847.318442 1825.613682 1800.598212 1788.022402 1791.086003 1813.230093 1802.257595 1783.114525 1779.791618 1800.011976 1818.864838 1812.322457 1803.567371 1823.091741 1857.581231 1878.124045 1888.462122 1904.500556 1924.142609 1897.305437 1867.454370 1827.509317 1810.590973 1785.027381 1730.357733 1667.960062 1612.100854 1548.660308 1470.473456 1389.256247 1316.713695 1245.681775 1172.374741 1125.698282 1088.538272 1032.452688 1006.012952 1002.705205 990.247568 984.938716 989.246047 994.837682 -9999.0 -9999.0
-9999.0 419.674922 562.967187 749.495417 901.732490 968.153790 1081.102789 1164.261992 1192.561063 1166.847834 1278.726586 1508.346852 1611.844838 1630.668828 1703.860338 1795.511060 1819.323160 1852.263293 1875.700969 1886.832861 1894.262719 1901.793760 1898.233957 1892.143594 1879.183886 1873.861205 1875.064906 1874.371013 1858.739760 1839.500234 1819.932470 1814.735558 1797.571704 1755.509375 1719.608017 1694.549681 1674.479758 1655.564232 1626.111012 1602.653347 1589.857152 1606.273061 1600.000768 1584.455580 1580.823681 1601.584590 1632.865298 1630.350160 1641.922282 1669.464104 1714.830794 1754.868223 1776.672668 1805.690038 1840.730772 1881.369648 1895.047945 1915.894588 1920.614932 1902.716694 1862.243728 1814.083944 1784.039141 1727.088174 1656.587722 1577.899604 1507.291630 1429.734599 1349.981925 1294.731599 1235.982688 1167.197540 1102.893170 1068.380262 1022.743567 999.311891 -9999.0 -9999.0 -9999.0 -9999.0
-9999.0 342.042022 531.402018 793.153088 1074.300709 1202.786354 1427.670710 1560.663181 1615.665892 1681.896346 1665.654207 1809.532875 1847.517929 1843.759480 1842.976864 1849.807524 1867.045999 1871.567492 1868.599880 1859.095845 1849.266285 1843.215427 1840.035130 1832.327082 1821.515349 1809.253578 1799.351058 1790.112186 1756.058910 1721.532509 1678.855703 1659.489595 1620.655863 1530.094057 1479.146669 1425.570311 1357.984642 1348.458949 1342.323610 1315.323643 1296.994172 1277.829459 1299.695305 1304.089245 1306.337335 1309.852018 1327.352255 1352.929222 1403.336430 1452.120146 1513.264267 1572.643790 1609.700624 1656.125889 1706.450831 1760.930486 1790.834320 1819.775742 1865.063854 1902.723764 1926.236838 1916.947284 1892.661144 1853.312564 1790.924464 1732.925531 1688.947729 1617.620446 1553.594062 1494.613754 1429.765112 1357.414467 1275.482726 1164.915943 1113.100117 -9999.0 -9999.0 -9999.0 -9999.0 -9999.0
-9999.0 164.805060 433.450415 725.429228 1050.470240 1398.027970 1543.814159 1679.044714 1751.553570 1719.676517 1727.015230 1747.727920 1787.472546 1795.886864 1779.572594 1774.829130 1766.291390 1766.810938 1778.441056 1749.999795 1715.474932 1696.016620 1691.620337 1678.374224 1655.660220 1640.544518 1630.905387 1613.746957 1567.589851 1510.240258 1411.574907 1371.591783 1292.183391 1233.066086 1183.550736 1125.863564 1069.357801 1065.809187 1082.465141 1067.935539 1046.261652 1028.272968 1055.054712 1072.812947 1084.991599 1073.956591 1083.492851 1120.813018 1173.724721 1224.014351 1282.344262 1342.651301 1394.808768 1454.214533 1503.856550 1561.542631 1610.027502 1658.125792 1734.612909 1812.017529 1848.398284 1882.302955 1916.141952 1934.685596 1888.926134 1846.934917 1804.893018 1754.206434 1683.032497 1644.067045 1613.067333 1553.938107 1489.205353 -9999.0 -9999.0 -9999.0 -9999.0 -9999.0 -9999.0 -9999.0
-9999.0 37.166754 258.267212 492.083415 783.593210 1031.439448 1235.782680 1363.534206 1451.007399 1489.200278 1525.303122 1558.399851 1587.553264 1609.980758 1591.367756 1556.880416 1531.362308 1535.308741 1528.729644 1497.621870 1453.870709 1425.173524 1415.704862 1404.612048 1377.302743 1361.853848 1351.435221 1329.491084 1295.300013 1236.163147 1148.567726 1071.530009 1007.747033 973.636321 941.491470 905.601644 867.162789 876.308476 889.062618 885.522470 874.947234 872.014130 901.508321 920.649836 930.909964 919.184737 938.586284 966.204803 1009.552930 1055.119102 1107.419325 1165.387554 1222.533511 1258.410139 1281.707982 1313.946073 1359.083283 1423.873469 1527.663987 1631.144324 1715.103546 1765.572663 1816.673766 1852.720762 1869.260231 1886.236621 1868.008366 1795.156120 1686.179332 1706.860494 1714.219437 -9999.0 -9999.0 -9999.0 -9999.0 -9999.0 -9999.0 -9999.0 -9999.0 -9999.0
-9999.0 -9999.0 23.569627 204.144625 347.675722 532.407507 688.120734 805.254333 897.328599 1011.218968 1116.574541 1199.085057 1242.171262 1259.627416 1246.299790 1213.821581 1192.682183 1192.054452 1179.638210 1163.204378 1134.484826 1119.063877 1104.056496 1093.404096 1081.143659 1074.603587 1069.171524 1057.826219 1035.209791 986.814142 934.429184 880.521190 825.492374 798.952484 775.853116 752.815039 749.974464 746.123463 751.947699 753.466892 760.108090 772.641551 793.065839 815.018997 824.797370 833.285488 846.042718 870.248134 904.241212 947.512296 1002.633168 1061.401094 1102.770212 1118.363167 1112.821949 1121.763503 1146.826074 1197.115428 1290.754745 1389.560311 1505.410785 1587.283095 1665.480769 1726.972649 1749.558777 1768.998396 1788.581077 1721.669967 1361.481505 1627.801615 -9999.0 -9999.0 -9999.0 -9999.0 -9999.0 -9999.0 -9999.0 -9999.0 -9999.0 -9999.0
-9999.0 -9999.0 -9999.0 -9999.0 61.769084 218.816051 316.778723 402.680014 532.453024 652.326856 752.342083 834.460590 894.129135 920.079663 914.514768 917.404771 911.927819 905.804202 894.794438 889.837658 883.936446 873.178175 857.591723 848.778660 848.382579 852.488957 849.955402 836.369610 818.845775 794.299567 771.789623 736.107375 698.994117 669.130845 655.381360 648.765937 648.264499 641.578697 650.495166 657.590450 672.803329 688.219429 712.178092 741.057612 754.533966 769.203459 779.087942 799.974836 830.706253 884.545481 948.427998 1006.568649 1042.853218 1048.431398 1025.144753 1011.510080 1010.553216 1042.604523 1094.593479 1171.472488 1285.564378 1370.240100 1445.063811 1515.095091 1561.735149 1615.401238 1683.154507 1717.656693 -9999.0 -9999.0 -9999.0 -9999.0 -9999.0 -9999.0 -9999.0 -9999.0 -9999.0 -9999.0 -9999.0 -9999.0
-9999.0 -9999.0 -9999.0 -9999.0 -9999.0 -9999.0 15.931705 116.927375 201.073545 336.336330 462.795261 562.068746 640.866033 670.852138 694.763784 720.360385 717.560570 699.037020 679.679018 696.101637 706.654890 699.319048 668.825605 667.207268 671.120085 679.517488 677.597058 671.238667 646.106009 656.105818 655.527995 631.742796 605.180182 590.709536 578.597156 588.014702 588.229235 574.897027 576.078396 602.662073 622.811297 636.152855 658.291172 691.557868 723.841968 738.803878 740.142338 746.473814 787.247441 857.843375 929.528656 984.862047 1017.452603 1026.146955 999.584859 960.486178 941.379737 950.911313 989.535481 1047.945137 1131.444685 1189.493681 1229.177582 1261.022427 1292.618528 1388.125313 -9999.0 -9999.0 -9999.0 -9999.0 -9999.0 -9999.0 -9999.0 -9999.0 -9999.0 -9999.0 -9999.0 -9999.0 -9999.0 -9999.0
-9999.0 -9999.0 -9999.0 -9999.0 -9999.0 -9999.0 -9999.0 -9999.0 -9999.0 -9999.0 -9999.0 -9999.0 -9999.0 -9999.0 -9999.0 -9999.0 -9999.0 -9999.0 -9999.0 -9999.0 -9999.0 -9999.0 -9999.0 -9999.0 -9999.0 -9999.0 -9999.0 -9999.0 -9999.0 -9999.0 -9999.0 -9999.0 -9999.0 -9999.0 -9999.0 -9999.0 -9999.0 -9999.0 -9999.0 -9999.0 -9999.0 -9999.0 -9999.0 -9999.0 -9999.0 -9999.0 -9999.0 -9999.0 -9999.0 -9999.0 -9999.0 -9999.0 -9999.0 -9999.0 -9999.0 -9999.0 -9999.0 -9999.0 -9999.0 -9999.0 -9999.0 -9999.0 -9999.0 -9999.0 -9999.0 -9999.0 -9999.0 -9999.0 -9999.0 -9999.0 -9999.0 -9999.0 -9999.0 -9999.0 -9999.0 -9999.0 -9999.0 -9999.0 -9999.0 -9999.0
-9999.0 -9999.0 -9999.0 -9999.0 -9999.0 -9999.0 -9999.0 -9999.0 -9999.0 -9999.0 -9999.0 -9999.0 -9999.0 -9999.0 -9999.0 -9999.0 -9999.0 -9999.0 -9999.0 -9999.0 -9999.0 -9999.0 -9999.0 -9999.0 -9999.0 -9999.0 -9999.0 -9999.0 -9999.0 -9999.0 -9999.0 -9999.0 -9999.0 -9999.0 -9999.0 -9999.0 -9999.0 -9999.0 -9999.0 -9999.0 -9999.0 -9999.0 -9999.0 -9999.0 -9999.0 -9999.0 -9999.0 -9999.0 -9999.0 -9999.0 -9999.0 -9999.0 -9999.0 -9999.0 -9999.0 -9999.0 -9999.0 -9999.0 -9999.0 -9999.0 -9999.0 -9999.0 -9999.0 -9999.0 -9999.0 -9999.0 -9999.0 -9999.0 -9999.0 -9999.0 -9999.0 -9999.0 -9999.0 -9999.0 -9999.0 -9999.0 -9999.0 -9999.0 -9999.0 -9999.0