Borden_/Borden1m_014/output_maps/psiliqL0000N0014.asc
ncols         80
nrows         18
xllcorner     620200.000000
yllcorner     5168000.000000
cellsize      1.000000
NODATA_value  -9999.0
-9999.0 -9999.0 -9999.0 -9999.0 -9999.0 -9999.0 -9999.0 -9999.0 -9999.0 -9999.0 -9999.0 -9999.0 -9999.0 -9999.0 -9999.0 -9999.0 -9999.0 -9999.0 -9999.0 -9999.0 -9999.0 -9999.0 -9999.0 -9999.0 -9999.0 -9999.0 -9999.0 -9999.0 -9999.0 -9999.0 -9999.0 -9999.0 -9999.0 -9999.0 -9999.0 -9999.0 -9999.0 -9999.0 -9999.0 -9999.0 -9999.0 -9999.0 -9999.0 -9999.0 -9999.0 -9999.0 -9999.0 -9999.0 -9999.0 -9999.0 -9999.0 -9999.0 -9999.0 -9999.0 -9999.0 -9999.0 -9999.0 -9999.0 -9999.0 -9999.0 -9999.0 -9999.0 -9999.0 -9999.0 -9999.0 -9999.0 -9999.0 -9999.0 -9999.0 -9999.0 -9999.0 -9999.0 -9999.0 -9999.0 -9999.0 -9999.0 -9999.0 -9999.0 -9999.0 -9999.0
-9999.0 -9999.0 -9999.0 -9999.0 -9999.0 -9999.0 -9999.0 -9999.0 -9999.0 -9999.0 -9999.0 -9999.0 -9999.0 -9999.0 -9999.0 -9999.0 -9999.0 -9999.0 -9999.0 -9999.0 -9999.0 -9999.0 -9999.0 -9999.0 -9999.0 -9999.0 -9999.0 -9999.0 -9999.0 -9999.0 -9999.0 -9999.0 -9999.0 -9999.0 -9999.0 -9999.0 -9999.0 -9999.0 -9999.0 -9999.0 -9999.0 -9999.0 -9999.0 -9999.0 -9999.0 -9999.0 -9999.0 -9999.0 -9999.0 -9999.0 -9999.0 -9999.0 -9999.0 -9999.0 -9999.0 -9999.0 -9999.0 -9999.0 -9999.0 -9999.0 -9999.0 -9999.0 -9999.0 -9999.0 -9999.0 -9999.0 -9999.0 -9999.0 -9999.0 -9999.0 -9999.0 -9999.0 -9999.0 -9999.0 -9999.0 -9999.0 -9999.0 -9999.0 -9999.0 -9999.0
-9999.0 -9999.0 -9999.0 -9999.0 -9999.0 -9999.0 -9999.0 -9999.0 -9999.0 -9999.0 -9999.0 -9999.0 -9999.0 -9999.0 -9999.0 -9999.0 -9999.0 -9999.0 -9999.0 -9999.0 -477.406609 -476.099409 -478.091045 -480.190235 -482.153330 -482.580164 -480.512713 -478.465791 -476.040201 -475.841408 -478.369252 -477.478300 -478.594386 -479.449087 -479.723221 -479.024146 -478.622248 -477.927006 -477.595115 -478.037634 -478.736876 -479.120271 -479.708111 -479.734154 -478.776823 -480.010778 -478.375531 -477.026587 -476.721242 -476.318619 -477.694707 -478.046297 -478.102725 -480.213774 -476.463066 -475.823503 -473.665895 -473.687677 -472.914979 -475.299501 -477.676265 -9999.0 -9999.0 -9999.0 -9999.0 -9999.0 -9999.0 -9999.0 -9999.0 -9999.0 -9999.0 -9999.0 -9999.0 -9999.0 -9999.0 -9999.0 -9999.0 -9999.0 -9999.0 -9999.0
-9999.0 -9999.0 -9999.0 -9999.0 -9999.0 -9999.0 -9999.0 -9999.0 -9999.0 -9999.0 -9999.0 -9999.0 -9999.0 -9999.0 -479.435162 -480.799362 -481.487227 -482.256402 -480.392272 -479.226556 -479.750281 -481.162036 -479.664811 -482.093718 -484.364073 -483.046678 -481.634247 -481.019367 -479.412123 -478.037328 -479.668108 -480.082929 -479.432032 -476.599798 -475.693735 -476.497502 -480.532388 -476.836232 -475.563244 -474.758677 -474.881930 -476.725916 -474.549939 -471.984544 -473.524705 -476.269350 -475.498623 -474.111978 -471.613420 -472.007863 -480.452018 -480.337329 -479.458304 -478.754385 -479.911831 -480.928765 -477.245400 -478.148534 -478.490439 -478.315999 -479.631187 -482.585042 -484.106368 -480.585531 -478.320494 -472.835482 -9999.0 -9999.0 -9999.0 -9999.0 -9999.0 -9999.0 -9999.0 -9999.0 -9999.0 -9999.0 -9999.0 -9999.0 -9999.0 -9999.0
-9999.0 -9999.0 -9999.0 -9999.0 -9999.0 -9999.0 -9999.0 -9999.0 -9999.0 -480.637111 -481.179907 -480.885146 -482.042384 -480.979224 -483.432546 -483.042960 -483.742671 -482.479717 -481.953541 -480.583481 -478.148123 -480.474684 -480.847385 -479.492132 -479.766477 -479.738635 -479.341732 -476.000080 -472.811634 -466.100614 -472.959365 -473.248581 -470.664686 -455.951076 -445.068606 -442.647022 -447.554679 -447.631430 -441.395013 -434.332093 -435.391498 -436.323102 -428.562643 -424.645936 -421.678415 -428.265615 -434.112868 -435.180085 -424.703543 -441.012968 -455.858262 -472.101364 -469.463915 -473.366325 -477.531447 -478.647431 -479.677377 -475.502155 -476.573184 -479.389736 -481.676941 -479.857437 -481.579146 -479.932835 -479.525073 -475.580872 -472.416269 -469.066884 -468.910289 -471.199891 -9999.0 -9999.0 -9999.0 -9999.0 -9999.0 -9999.0 -9999.0 -9999.0 -9999.0 -9999.0
-9999.0 -9999.0 -9999.0 -9999.0 -9999.0 -9999.0 -481.987503 -482.335041 -481.745115 -484.900147 -483.273052 -484.937675 -483.879486 -483.724366 -483.281444 -483.820345 -482.353581 -481.433753 -479.668384 -477.276164 -474.843978 -477.258425 -476.827499 -473.237844 -465.873909 -454.368207 -449.560067 -442.174450 -417.311822 -396.731401 -385.128143 -379.554176 -355.532605 -62.107904 0.035432 0.061681 0.038137 0.024530 0.035081 0.057155 0.062406 0.048608 0.053955 0.052162 0.091747 0.077089 0.048882 0.048621 0.050117 0.043619 -45.036955 -351.776766 -404.187122 -423.918311 -446.388299 -459.443296 -465.499135 -462.479680 -467.167551 -473.753948 -477.299364 -476.476662 -476.853275 -478.634779 -477.691036 -476.354959 -474.001904 -472.337813 -473.421788 -474.613556 -474.988304 -477.781075 -477.162318 -474.370254 -9999.0 -9999.0 -9999.0 -9999.0 -9999.0 -9999.0
-9999.0 -9999.0 -9999.0 -9999.0 -485.879650 -484.669246 -488.632319 -486.643594 -485.358999 -484.614604 -485.360871 -483.927056 -484.107053 -483.406933 -481.471038 -480.670519 -478.262143 -477.047068 -471.408111 -455.688727 -441.504541 -434.256596 -431.723469 -406.016304 -294.959652 -24.793277 0.026938 0.037758 0.044974 0.074502 0.098034 0.091763 0.102591 0.136539 0.202934 0.703749 0.238883 0.193631 0.234823 0.261328 4.761264 5.218084 5.953965 5.975484 7.949553 10.035579 0.361014 0.207838 0.210783 0.213816 0.153429 0.078899 0.063463 0.058212 0.049054 -8.208592 -280.809632 -377.256379 -415.523944 -433.173894 -451.809852 -461.810720 -467.145331 -469.542975 -473.943703 -472.585233 -470.762059 -472.795127 -475.208566 -477.546034 -477.101638 -478.035614 -479.856442 -475.891030 -475.176199 -471.407425 -9999.0 -9999.0 -9999.0 -9999.0
-9999.0 -9999.0 -485.434495 -485.936084 -482.999304 -485.487903 -486.949903 -489.015216 -488.728474 -486.297578 -482.019092 -481.557200 -479.616977 -479.179306 -473.431073 -454.739770 -436.261339 -423.503978 -390.654440 -73.429741 0.025221 0.046145 0.045047 0.057306 0.086617 0.149054 0.182914 0.217046 0.293882 9.600904 34.669370 50.794604 53.302413 49.806526 47.706788 46.586154 44.355845 40.959438 24.617845 22.437176 29.502477 31.499686 35.094406 22.798151 19.225202 31.295701 33.749008 34.153944 36.526488 45.264333 54.964508 27.054759 0.240642 0.234404 0.272137 0.142454 0.087796 0.068008 0.072629 0.047118 -42.772286 -337.160884 -406.723137 -428.966281 -450.410338 -457.272015 -465.360153 -469.706230 -473.599521 -477.738693 -478.451004 -478.666899 -477.448929 -478.418689 -476.426945 -475.309694 -473.068789 -472.455506 -9999.0 -9999.0
-9999.0 -485.742570 -487.600186 -482.586019 -483.094701 -483.013652 -482.816068 -482.689972 -481.949227 -485.030725 -474.025430 -451.595009 -431.621316 -425.942832 -397.914376 -79.246034 0.032454 0.056543 0.070038 0.110638 0.164096 0.253888 1.006328 33.505210 54.932960 51.038916 47.135325 46.398352 37.619042 30.344527 20.213108 27.634682 27.822113 12.807630 0.982759 0.856253 0.525762 0.263459 0.188083 0.148002 0.170231 0.394501 0.229273 0.162981 0.133560 0.200694 0.403188 0.221873 0.142115 0.201526 0.386839 6.237925 22.597228 36.642713 55.589137 34.837094 2.569381 0.229276 0.234826 0.180377 0.117241 0.076697 0.048720 -14.236644 -274.093895 -409.726509 -435.534956 -454.243554 -465.682430 -469.200063 -471.058833 -477.140072 -478.060206 -475.826175 -476.635926 -476.679768 -475.844312 -475.293002 -9999.0 -9999.0
-9999.0 -491.549174 -486.632747 -482.369263 -478.239371 -480.712276 -459.826098 -443.669648 -440.403718 -451.422004 -411.964711 -16.203498 0.078922 0.056978 0.092706 0.217326 20.165914 42.220622 54.197457 45.914578 38.805443 41.138155 36.296640 27.913845 14.662534 7.388830 7.588840 5.977291 0.417158 0.282794 0.208190 0.308203 0.216740 0.142376 0.114246 0.095660 0.097315 0.084436 0.065310 0.054582 0.040697 0.082729 0.060411 0.046779 0.038664 0.053587 0.097886 0.064075 0.059513 0.076521 0.112677 0.152495 0.165617 0.194061 0.264444 6.961947 24.919969 44.827944 50.203665 26.913588 0.389310 0.192845 0.170940 0.116487 0.075843 0.032421 -54.974117 -362.901962 -415.783757 -433.321530 -451.746469 -462.750612 -471.214210 -471.616846 -475.947028 -475.337084 -9999.0 -9999.0 -9999.0 -9999.0
-9999.0 -491.617935 -487.032036 -478.430593 -460.462435 -429.959053 -61.819860 0.054323 0.083540 0.153541 0.349996 42.835097 49.265797 33.343164 6.743118 2.770276 10.876387 12.807553 8.699682 0.868035 0.379494 0.391949 0.436982 0.327431 0.267822 0.232354 0.221774 0.217431 0.151342 0.124043 0.088424 0.091237 0.066956 0.013407 -58.380219 -340.155778 -403.727057 -406.836968 -412.814729 -424.876482 -430.027838 -434.328535 -428.620488 -430.123900 -430.800015 -427.996567 -420.556687 -415.369411 -393.506112 -340.026628 -47.272410 0.036111 0.052989 0.073510 0.106932 0.152672 0.180039 0.203889 0.416601 27.405282 47.357506 40.334029 12.314929 0.304312 0.166782 0.126641 0.113988 0.062782 0.035043 -40.119531 -315.235696 -407.221637 -436.797290 -459.823611 -464.865979 -9999.0 -9999.0 -9999.0 -9999.0 -9999.0
-9999.0 -499.502619 -486.327418 -479.668478 -443.675761 -70.260812 0.067483 0.408120 37.311016 0.313227 0.118458 0.159731 0.327672 0.350600 0.185449 0.188918 0.157008 0.143315 0.268404 0.141827 0.106351 0.086770 0.122415 0.097998 0.080880 0.076171 0.076839 0.068004 0.035058 -44.847352 -371.458432 -395.225827 -426.879562 -444.966197 -455.959591 -467.400044 -474.931773 -474.297379 -471.030059 -473.271595 -475.564714 -478.554406 -475.131241 -473.881445 -472.408981 -474.575137 -474.620777 -470.710966 -464.403065 -458.209011 -442.828320 -425.775180 -408.377964 -356.826110 -59.151420 0.028115 0.052390 0.066990 0.109113 0.194450 0.269025 2.822306 38.362127 56.253845 18.828760 0.282003 0.229157 0.188925 0.136475 0.112954 0.101538 0.106663 0.043163 -9999.0 -9999.0 -9999.0 -9999.0 -9999.0 -9999.0 -9999.0
-9999.0 -503.759363 -489.099032 -488.324716 -475.469204 -448.698970 -403.148435 -72.769320 0.046237 0.032819 0.042952 0.050918 0.061495 0.097738 0.060642 0.041992 0.027075 0.039800 0.038043 -18.500010 -207.350377 -347.517957 -350.428806 -362.677587 -391.796397 -402.547943 -407.799382 -417.489367 -429.620374 -444.185412 -465.857367 -473.574578 -478.785113 -479.830170 -480.763567 -481.947984 -485.567358 -483.070188 -481.440251 -481.785638 -482.930006 -483.979430 -481.195892 -480.586299 -479.793694 -482.735990 -481.053640 -480.199584 -477.650906 -475.423296 -472.007706 -466.524728 -458.695718 -453.459592 -445.508501 -434.321795 -420.039262 -378.301752 -50.475125 0.049482 0.108553 0.137353 0.197520 0.305785 0.382533 9.947010 19.265637 2.379233 0.297471 0.269108 0.244775 -9999.0 -9999.0 -9999.0 -9999.0 -9999.0 -9999.0 -9999.0 -9999.0 -9999.0
-9999.0 -9999.0 -506.827238 -501.162060 -496.415340 -492.315182 -486.613898 -477.563232 -472.094026 -464.166612 -453.256132 -441.105910 -433.574890 -429.919516 -435.035319 -445.709038 -451.581463 -450.735941 -452.391866 -456.152257 -465.567288 -467.677314 -468.631681 -469.247907 -471.306313 -472.038670 -472.187665 -472.593393 -473.791038 -477.509934 -480.499598 -482.343426 -485.039635 -484.194949 -484.386337 -485.430288 -484.054323 -484.362156 -484.088334 -484.326016 -484.047224 -483.556021 -483.160448 -482.472605 -482.659202 -482.479416 -482.412514 -481.842328 -481.030525 -480.118051 -477.695500 -473.765081 -470.967251 -470.545752 -472.728220 -472.190685 -470.005309 -464.687887 -439.965882 -402.040784 -67.581395 0.030255 0.069650 0.123819 0.134045 0.145390 0.212178 1.307593 1.542017 0.445910 -9999.0 -9999.0 -9999.0 -9999.0 -9999.0 -9999.0 -9999.0 -9999.0 -9999.0 -9999.0
-9999.0 -9999.0 -9999.0 -9999.0 -509.410311 -501.320008 -493.695420 -494.926148 -489.819025 -487.386096 -485.540081 -483.254785 -481.453268 -480.048526 -482.343242 -482.484953 -482.648321 -482.101897 -482.425244 -482.933592 -483.064746 -483.263197 -483.407210 -483.848909 -483.513684 -482.933189 -482.690891 -483.467576 -483.035522 -484.468631 -484.145422 -484.719745 -485.335800 -486.361243 -485.893030 -485.950068 -485.316457 -485.942181 -485.018383 -485.709718 -485.108493 -484.967429 -484.369234 -483.264124 -484.087591 -483.451010 -483.615062 -482.894896 -483.200571 -481.625456 -478.907548 -475.759969 -473.715470 -474.049824 -477.524920 -478.615591 -479.670484 -477.884367 -475.397837 -468.912161 -445.735910 -422.783943 -379.225592 -57.131069 0.023776 0.048302 0.091220 0.176182 -9999.0 -9999.0 -9999.0 -9999.0 -9999.0 -9999.0 -9999.0 -9999.0 -9999.0 -9999.0 -9999.0 -9999.0
-9999.0 -9999.0 -9999.0 -9999.0 -9999.0 -9999.0 -505.709416 -501.623844 -503.089912 -500.246620 -497.872673 -496.205867 -493.351360 -494.092642 -493.219362 -490.634720 -490.950341 -492.079761 -493.585178 -491.262104 -490.257445 -489.933757 -492.376714 -491.567175 -491.309937 -490.362455 -490.462633 -489.909046 -491.984353 -489.220430 -487.813683 -488.081325 -488.322187 -487.644068 -488.151196 -486.447307 -486.242616 -487.571859 -488.021810 -486.195676 -485.805963 -486.253991 -486.124028 -485.148050 -483.555426 -483.482129 -484.442642 -485.875692 -484.615779 -481.552698 -478.553063 -476.203612 -474.722905 -473.943190 -476.505369 -480.312015 -482.263640 -482.895146 -481.958972 -480.187310 -474.197240 -470.605269 -467.649464 -459.762256 -452.484236 -421.970042 -9999.0 -9999.0 -9999.0 -9999.0 -9999.0 -9999.0 -9999.0 -9999.0 -9999.0 -9999.0 -9999.0 -9999.0 -9999.0 -9999.0
-9999.0 -9999.0 -9999.0 -9999.0 -9999.0 -9999.0 -9999.0 -9999.0 -9999.0 -9999.0 -9999.0 -9999.0 -9999.0 -9999.0 -9999.0 -9999.0 -9999.0 -9999.0 -9999.0 -9999.0 -9999.0 -9999.0 -9999.0 -9999.0 -9999.0 -9999.0 -9999.0 -9999.0 -9999.0 -9999.0 -9999.0 -9999.0 -9999.0 -9999.0 -9999.0 -9999.0 -9999.0 -9999.0 -9999.0 -9999.0 -9999.0 -9999.0 -9999.0 -9999.0 -9999.0 -9999.0 -9999.0 -9999.0 -9999.0 -9999.0 -9999.0 -9999.0 -9999.0 -9999.0 -9999.0 -9999.0 -9999.0 -9999.0 -9999.0 -9999.0 -9999.0 -9999.0 -9999.0 -9999.0 -9999.0 -9999.0 -9999.0 -9999.0 -9999.0 -9999.0 -9999.0 -9999.0 -9999.0 -9999.0 -9999.0 -9999.0 -9999.0 -9999.0 -9999.0 -9999.0
-9999.0 -9999.0 -9999.0 -9999.0 -9999.0 -9999.0 -9999.0 -9999.0 -9999.0 -9999.0 -9999.0 -9999.0 -9999.0 -9999.0 -9999.0 -9999.0 -9999.0 -9999.0 -9999.0 -9999.0 -9999.0 -9999.0 -9999.0 -9999.0 -9999.0 -9999.0 -9999.0 -9999.0 -9999.0 -9999.0 -9999.0 -9999.0 -9999.0 -9999.0 -9999.0 -9999.0 -9999.0 -9999.0 -9999.0 -9999.0 -9999.0 -9999.0 -9999.0 -9999.0 -9999.0 -9999.0 -9999.0 -9999.0 -9999.0 -9999.0 -9999.0 -9999.0 -9999.0 -9999.0 -9999.0 -9999.0 -9999.0 -9999.0 -9999.0 -9999.0 -9999.0 -9999.0 -9999.0 -9999.0 -9999.0 -9999.0 -9999.0 -9999.0 -9999.0 -9999.0 -9999.0 -9999.0 -9999.0 -9999.0 -9999.0 -9999.0 -9999.0 -9999.0 -9999.0 -9999.0