Borden_/Borden1m_014/output_maps/psiliqL0019N0019.asc
ncols         80
nrows         18
xllcorner     620200.000000
yllcorner     5168000.000000
cellsize      1.000000
NODATA_value  -9999.0
-9999.0 -9999.0 -9999.0 -9999.0 -9999.0 -9999.0 -9999.0 -9999.0 -9999.0 -9999.0 -9999.0 -9999.0 -9999.0 -9999.0 -9999.0 -9999.0 -9999.0 -9999.0 -9999.0 -9999.0 -9999.0 -9999.0 -9999.0 -9999.0 -9999.0 -9999.0 -9999.0 -9999.0 -9999.0 -9999.0 -9999.0 -9999.0 -9999.0 -9999.0 -9999.0 -9999.0 -9999.0 -9999.0 -9999.0 -9999.0 -9999.0 -9999.0 -9999.0 -9999.0 -9999.0 -9999.0 -9999.0 -9999.0 -9999.0 -9999.0 -9999.0 -9999.0 -9999.0 -9999.0 -9999.0 -9999.0 -9999.0 -9999.0 -9999.0 -9999.0 -9999.0 -9999.0 -9999.0 -9999.0 -9999.0 -9999.0 -9999.0 -9999.0 -9999.0 -9999.0 -9999.0 -9999.0 -9999.0 -9999.0 -9999.0 -9999.0 -9999.0 -9999.0 -9999.0 -9999.0
-9999.0 -9999.0 -9999.0 -9999.0 -9999.0 -9999.0 -9999.0 -9999.0 -9999.0 -9999.0 -9999.0 -9999.0 -9999.0 -9999.0 -9999.0 -9999.0 -9999.0 -9999.0 -9999.0 -9999.0 -9999.0 -9999.0 -9999.0 -9999.0 -9999.0 -9999.0 -9999.0 -9999.0 -9999.0 -9999.0 -9999.0 -9999.0 -9999.0 -9999.0 -9999.0 -9999.0 -9999.0 -9999.0 -9999.0 -9999.0 -9999.0 -9999.0 -9999.0 -9999.0 -9999.0 -9999.0 -9999.0 -9999.0 -9999.0 -9999.0 -9999.0 -9999.0 -9999.0 -9999.0 -9999.0 -9999.0 -9999.0 -9999.0 -9999.0 -9999.0 -9999.0 -9999.0 -9999.0 -9999.0 -9999.0 -9999.0 -9999.0 -9999.0 -9999.0 -9999.0 -9999.0 -9999.0 -9999.0 -9999.0 -9999.0 -9999.0 -9999.0 -9999.0 -9999.0 -9999.0
-9999.0 -9999.0 -9999.0 -9999.0 -9999.0 -9999.0 -9999.0 -9999.0 -9999.0 -9999.0 -9999.0 -9999.0 -9999.0 -9999.0 -9999.0 -9999.0 -9999.0 -9999.0 -9999.0 -9999.0 1955.243283 1957.934339 1937.361648 1905.207228 1879.061356 1883.123238 1919.018835 1962.024718 2002.837993 2014.077938 1998.118618 2003.408716 2000.756690 1999.427597 2001.895480 2009.853793 2015.729369 2026.470060 2034.467688 2033.577262 2027.382094 2022.717529 2024.209798 2026.694372 2032.308152 2019.599071 2033.862102 2048.663972 2052.615077 2047.172737 2019.963741 2003.825637 1992.652242 1974.392691 1997.153221 2006.482139 2026.819426 2028.741655 2024.933873 1996.704838 1965.816308 -9999.0 -9999.0 -9999.0 -9999.0 -9999.0 -9999.0 -9999.0 -9999.0 -9999.0 -9999.0 -9999.0 -9999.0 -9999.0 -9999.0 -9999.0 -9999.0 -9999.0 -9999.0 -9999.0
-9999.0 -9999.0 -9999.0 -9999.0 -9999.0 -9999.0 -9999.0 -9999.0 -9999.0 -9999.0 -9999.0 -9999.0 -9999.0 -9999.0 1859.797950 1851.709746 1850.597254 1860.427797 1895.339077 1926.941370 1939.234757 1933.098526 1934.769240 1912.745435 1893.427659 1909.059989 1940.798122 1973.943454 2010.196090 2031.757312 2023.314387 2023.497547 2034.104209 2058.491471 2070.082831 2067.511040 2049.025352 2073.107972 2087.879947 2094.812739 2094.033459 2085.402398 2096.546885 2111.426561 2104.328569 2087.811939 2095.223863 2107.865689 2118.545693 2106.046824 2043.136506 2024.685584 2017.929892 2009.447219 1993.216735 1985.636493 2009.851636 2007.047159 1996.869944 1977.396499 1943.194699 1898.045043 1877.910379 1915.577513 1957.524590 2012.756315 -9999.0 -9999.0 -9999.0 -9999.0 -9999.0 -9999.0 -9999.0 -9999.0 -9999.0 -9999.0 -9999.0 -9999.0 -9999.0 -9999.0
-9999.0 -9999.0 -9999.0 -9999.0 -9999.0 -9999.0 -9999.0 -9999.0 -9999.0 1797.863778 1803.869390 1812.422018 1816.505359 1833.599168 1832.017592 1840.785089 1848.646348 1877.963677 1910.509863 1946.852607 1976.412357 1969.436430 1971.342355 1981.306812 1983.686268 1996.501110 2020.024853 2061.514573 2099.761440 2141.231545 2114.021078 2113.830756 2134.727035 2180.583813 2209.619957 2214.399929 2196.111427 2208.117352 2232.298695 2251.569621 2250.110320 2246.524258 2271.228259 2285.467475 2283.330225 2262.654555 2255.426584 2258.523660 2284.828326 2233.294735 2166.340325 2118.970280 2124.640862 2095.504158 2060.213064 2041.207667 2037.295171 2054.918097 2038.279106 1999.737018 1962.760476 1949.527264 1930.118593 1946.475915 1966.810714 2010.770362 2048.217224 2075.065399 2072.556661 2053.784003 -9999.0 -9999.0 -9999.0 -9999.0 -9999.0 -9999.0 -9999.0 -9999.0 -9999.0 -9999.0
-9999.0 -9999.0 -9999.0 -9999.0 -9999.0 -9999.0 1717.309170 1728.291901 1750.105626 1755.019935 1782.295146 1790.528493 1812.496846 1833.158546 1857.061864 1874.504188 1905.107991 1939.548615 1981.083161 2024.634586 2057.696260 2052.385812 2063.995628 2092.812476 2130.067468 2157.811807 2184.336719 2225.590605 2302.421720 2345.541754 2350.621691 2357.366897 2369.210917 2419.793863 2483.667789 2495.595061 2474.709487 2460.333955 2481.392878 2517.689454 2520.510528 2521.452595 2534.732954 2545.154672 2571.173434 2560.633985 2521.107891 2510.356971 2512.533319 2493.355460 2428.278654 2365.147543 2333.471668 2280.852325 2196.586446 2144.930767 2155.791676 2174.330698 2144.436068 2089.326867 2048.627966 2037.083210 2020.381876 2006.435414 2012.148648 2029.690958 2049.554516 2058.779140 2043.451334 2020.136000 1996.040568 1965.605346 1965.983239 1989.815038 -9999.0 -9999.0 -9999.0 -9999.0 -9999.0 -9999.0
-9999.0 -9999.0 -9999.0 -9999.0 1665.801327 1679.884494 1668.060997 1695.275506 1729.503904 1765.309804 1797.416906 1834.564618 1862.875408 1894.703614 1935.223940 1967.747126 2008.863087 2045.507795 2101.300138 2170.487305 2222.050877 2244.511625 2260.484537 2320.042808 2383.566648 2437.137914 2459.658124 2488.481586 2535.724748 2597.375569 2625.847541 2633.887405 2653.261489 2692.626943 2743.591051 2779.056550 2761.421254 2752.074550 2758.741383 2770.928407 2794.093481 2795.480790 2797.616180 2800.971242 2806.687813 2805.169362 2779.731448 2746.255835 2730.934680 2721.068438 2687.551934 2615.613421 2576.406005 2543.470642 2503.850820 2449.451709 2389.749162 2377.105322 2316.953714 2256.831589 2196.441730 2176.589580 2145.845436 2119.835150 2091.413429 2092.810199 2094.958919 2072.351866 2037.062426 2002.429243 1985.335870 1964.444931 1950.990380 1979.392679 1995.188113 2023.851557 -9999.0 -9999.0 -9999.0 -9999.0
-9999.0 -9999.0 1604.147973 1652.536738 1711.197038 1720.979168 1720.911642 1728.030018 1758.221374 1811.856420 1884.827491 1932.397855 1972.400813 2008.730943 2069.568663 2145.493266 2216.123526 2266.088019 2331.415070 2405.990991 2470.289193 2502.990060 2520.057529 2563.337544 2621.365686 2688.516505 2717.550338 2745.417852 2780.785898 2817.709469 2823.341478 2837.430071 2848.203258 2855.202813 2864.217695 2867.273097 2860.921263 2853.647749 2833.197084 2827.709036 2834.132708 2840.758000 2841.362025 2827.754309 2824.111375 2838.585498 2844.082190 2843.578044 2843.077517 2850.523910 2851.368570 2808.198784 2777.079030 2759.734510 2745.286314 2698.855307 2631.815962 2591.202128 2566.317438 2519.573393 2441.256330 2391.917461 2341.206996 2293.703608 2241.450170 2212.279556 2165.761065 2122.160137 2073.580931 2024.856081 1998.870156 1978.826100 1973.959548 1971.067984 1985.267786 1998.535689 2012.312462 2019.266938 -9999.0 -9999.0
-9999.0 1497.668163 1570.175280 1695.946277 1777.274637 1821.778353 1847.716438 1866.146955 1896.743586 1928.678008 2028.852785 2105.173904 2195.807477 2237.606500 2289.533692 2388.841818 2486.951919 2538.425906 2582.469891 2645.994036 2711.360756 2763.621773 2794.000625 2795.269072 2833.318411 2854.114640 2859.734496 2864.972942 2863.507184 2856.093041 2848.488511 2854.643958 2850.473276 2830.650057 2813.447590 2808.905497 2801.275649 2773.850245 2741.036975 2723.903942 2724.786722 2749.774299 2735.811503 2714.942644 2711.538541 2734.103999 2757.583480 2750.619454 2740.256449 2761.788987 2798.585260 2822.905621 2830.255555 2847.907673 2868.855472 2841.900263 2815.643820 2771.666104 2749.163331 2719.252125 2659.904242 2599.440132 2543.348028 2481.249855 2415.372255 2349.658226 2286.239926 2223.161019 2156.066376 2112.735797 2079.504944 2027.753341 2005.416525 2004.650277 1993.576900 1988.347147 1991.978141 1997.233557 -9999.0 -9999.0
-9999.0 1411.020723 1552.716894 1736.049283 1885.021834 1940.438742 2030.444057 2104.140500 2130.309873 2095.432302 2203.600601 2424.617003 2540.359575 2563.332670 2641.502075 2739.764829 2749.617319 2785.821339 2812.399817 2831.954174 2847.590827 2861.222862 2860.915763 2856.314787 2841.326702 2833.088745 2830.967073 2827.395844 2808.897097 2788.529250 2769.467338 2763.267618 2740.645791 2692.371190 2657.153847 2636.885177 2615.890003 2594.582116 2561.587440 2532.607786 2514.387160 2527.540455 2523.777346 2507.594128 2504.281958 2527.302036 2560.183156 2560.650864 2575.575634 2600.159684 2641.461504 2682.987960 2707.223684 2739.581856 2779.421886 2826.647134 2840.785626 2863.459136 2867.431918 2851.505819 2805.656586 2750.121904 2714.627581 2651.035242 2579.358009 2500.303094 2435.564829 2372.873393 2302.118880 2254.406164 2204.668734 2143.583113 2088.312686 2065.169643 2023.365208 2002.612889 -9999.0 -9999.0 -9999.0 -9999.0
-9999.0 1322.955088 1508.168759 1760.235278 2046.200209 2146.126931 2354.640148 2483.729781 2538.295850 2609.994662 2553.944839 2729.234075 2778.373798 2778.490651 2788.238426 2796.635275 2815.580762 2820.966593 2820.032649 2812.480583 2805.330109 2801.978116 2800.382470 2791.516386 2777.243860 2760.025775 2742.969400 2728.340747 2688.875436 2653.953766 2613.916999 2596.510393 2553.083980 2457.893678 2414.356400 2374.325714 2312.234203 2305.456540 2301.370537 2271.853924 2251.655645 2226.998552 2251.875808 2260.071233 2264.024018 2264.939081 2281.030112 2311.032642 2361.640676 2401.896181 2447.943882 2501.971995 2540.360749 2586.087322 2632.215882 2689.186029 2724.631388 2758.110913 2810.214502 2850.375346 2874.587373 2862.125853 2836.740970 2788.299279 2715.284574 2650.206892 2601.991999 2529.752675 2465.501939 2411.281922 2360.167874 2302.289854 2231.699736 2153.278444 2109.709496 -9999.0 -9999.0 -9999.0 -9999.0 -9999.0
-9999.0 1126.361817 1392.963192 1673.360695 1974.333781 2312.149604 2467.008576 2587.810491 2661.049145 2638.030026 2654.421736 2672.749470 2717.948285 2729.576683 2711.959252 2704.339735 2693.537752 2695.657014 2710.833460 2686.272763 2658.005601 2644.556492 2643.005325 2628.948907 2602.139651 2582.684434 2569.594800 2547.122248 2497.374642 2444.588580 2359.364537 2323.796459 2243.228517 2192.613622 2149.700121 2098.886938 2047.390882 2046.061260 2064.044763 2050.045952 2027.717505 2009.392951 2037.092825 2056.949217 2070.413685 2058.332202 2068.264584 2105.895609 2157.560071 2203.817272 2254.629958 2310.804743 2358.884891 2407.771737 2439.601625 2489.282271 2540.636123 2590.296897 2666.240924 2748.225304 2789.792139 2826.647938 2858.606488 2875.237469 2823.117230 2776.128521 2726.137010 2667.664855 2593.661666 2544.746225 2511.622610 2456.746514 2394.651383 -9999.0 -9999.0 -9999.0 -9999.0 -9999.0 -9999.0 -9999.0
-9999.0 1005.539193 1214.776554 1430.348676 1702.908469 1940.791334 2150.252359 2256.490000 2337.177272 2390.158804 2435.102834 2472.792915 2504.398918 2529.418024 2511.572775 2471.947658 2444.381242 2450.693586 2446.297534 2424.806586 2396.661928 2381.882057 2377.397102 2368.266912 2341.435476 2324.876043 2312.294759 2288.003483 2256.299054 2200.460023 2122.249851 2046.981962 1986.947684 1958.268612 1929.804832 1897.736419 1863.865885 1873.408524 1884.413605 1881.479816 1871.993828 1869.977825 1899.035781 1918.512294 1928.972493 1918.618969 1938.834977 1966.062519 2008.313283 2052.950272 2103.046340 2158.806884 2213.728696 2243.418631 2256.725197 2280.768859 2320.626243 2376.270926 2463.894474 2561.705722 2643.332257 2694.801970 2748.807393 2787.131989 2803.821914 2814.188942 2795.328144 2725.718949 2633.583291 2616.913007 2606.673391 -9999.0 -9999.0 -9999.0 -9999.0 -9999.0 -9999.0 -9999.0 -9999.0 -9999.0
-9999.0 -9999.0 984.477879 1153.018206 1276.738364 1451.334210 1600.426888 1711.705027 1807.350873 1933.213612 2046.062132 2134.537443 2180.046836 2198.424222 2186.725618 2158.258712 2140.428858 2141.627316 2131.914543 2123.338197 2105.387404 2097.528130 2084.196408 2074.005621 2063.414841 2056.947970 2050.375653 2038.500066 2017.027828 1970.991587 1925.228718 1875.009160 1822.713824 1797.360882 1775.662868 1754.633444 1754.087937 1748.856325 1753.602456 1755.100302 1762.621455 1775.629637 1795.513612 1817.996509 1828.183547 1838.171151 1851.134839 1875.465105 1909.095138 1952.304108 2007.230665 2066.290039 2107.447945 2121.244632 2112.050147 2117.059788 2136.932033 2179.551503 2259.215860 2343.745699 2442.526525 2516.884197 2592.383239 2648.066770 2667.820275 2687.701847 2710.849982 2673.823789 2560.669611 2582.659716 -9999.0 -9999.0 -9999.0 -9999.0 -9999.0 -9999.0 -9999.0 -9999.0 -9999.0 -9999.0
-9999.0 -9999.0 -9999.0 -9999.0 1013.489580 1166.199121 1264.285518 1347.361414 1478.960146 1603.540753 1706.328983 1791.253540 1855.827388 1883.218985 1882.036725 1892.457003 1890.275754 1884.092909 1874.595895 1875.641886 1876.238970 1868.609875 1852.636170 1844.252128 1844.434484 1848.612718 1844.865279 1830.365302 1811.679158 1791.017689 1772.268324 1738.382702 1702.955538 1673.684809 1660.307913 1654.849945 1654.168241 1646.459074 1654.639747 1662.179656 1677.449885 1692.585788 1716.288789 1745.607222 1759.966555 1775.204570 1785.283788 1806.064580 1837.103976 1891.207136 1955.512713 2014.435301 2051.837338 2057.460569 2034.260250 2019.692761 2016.638860 2045.235867 2090.120295 2156.990618 2259.816409 2335.579011 2394.636342 2441.681645 2477.099725 2528.098644 2589.884244 2633.788614 -9999.0 -9999.0 -9999.0 -9999.0 -9999.0 -9999.0 -9999.0 -9999.0 -9999.0 -9999.0 -9999.0 -9999.0
-9999.0 -9999.0 -9999.0 -9999.0 -9999.0 -9999.0 979.120989 1082.479044 1159.497768 1302.804413 1438.050310 1541.520752 1623.138462 1656.792923 1686.288778 1715.112442 1714.870251 1696.616192 1677.168054 1696.918422 1712.141560 1705.671367 1674.335050 1673.501974 1677.810957 1684.792765 1681.494035 1674.435260 1648.910370 1661.406251 1662.703774 1639.212494 1613.015626 1599.146433 1587.015520 1596.317122 1596.123598 1581.937301 1581.735445 1608.635441 1629.004049 1642.022314 1663.636487 1696.972601 1729.628585 1745.382875 1747.161741 1753.535257 1793.376448 1864.070195 1936.723913 1993.319961 2027.039608 2036.293485 2010.711162 1971.890090 1952.843434 1961.094362 1996.786920 2049.880423 2126.666062 2177.404107 2204.346932 2218.390193 2237.110289 2330.344164 -9999.0 -9999.0 -9999.0 -9999.0 -9999.0 -9999.0 -9999.0 -9999.0 -9999.0 -9999.0 -9999.0 -9999.0 -9999.0 -9999.0
-9999.0 -9999.0 -9999.0 -9999.0 -9999.0 -9999.0 -9999.0 -9999.0 -9999.0 -9999.0 -9999.0 -9999.0 -9999.0 -9999.0 -9999.0 -9999.0 -9999.0 -9999.0 -9999.0 -9999.0 -9999.0 -9999.0 -9999.0 -9999.0 -9999.0 -9999.0 -9999.0 -9999.0 -9999.0 -9999.0 -9999.0 -9999.0 -9999.0 -9999.0 -9999.0 -9999.0 -9999.0 -9999.0 -9999.0 -9999.0 -9999.0 -9999.0 -9999.0 -9999.0 -9999.0 -9999.0 -9999.0 -9999.0 -9999.0 -9999.0 -9999.0 -9999.0 -9999.0 -9999.0 -9999.0 -9999.0 -9999.0 -9999.0 -9999.0 -9999.0 -9999.0 -9999.0 -9999.0 -9999.0 -9999.0 -9999.0 -9999.0 -9999.0 -9999.0 -9999.0 -9999.0 -9999.0 -9999.0 -9999.0 -9999.0 -9999.0 -9999.0 -9999.0 -9999.0 -9999.0
-9999.0 -9999.0 -9999.0 -9999.0 -9999.0 -9999.0 -9999.0 -9999.0 -9999.0 -9999.0 -9999.0 -9999.0 -9999.0 -9999.0 -9999.0 -9999.0 -9999.0 -9999.0 -9999.0 -9999.0 -9999.0 -9999.0 -9999.0 -9999.0 -9999.0 -9999.0 -9999.0 -9999.0 -9999.0 -9999.0 -9999.0 -9999.0 -9999.0 -9999.0 -9999.0 -9999.0 -9999.0 -9999.0 -9999.0 -9999.0 -9999.0 -9999.0 -9999.0 -9999.0 -9999.0 -9999.0 -9999.0 -9999.0 -9999.0 -9999.0 -9999.0 -9999.0 -9999.0 -9999.0 -9999.0 -9999.0 -9999.0 -9999.0 -9999.0 -9999.0 -9999.0 -9999.0 -9999.0 -9999.0 -9999.0 -9999.0 -9999.0 -9999.0 -9999.0 -9999.0 -9999.0 -9999.0 -9999.0 -9999.0 -9999.0 -9999.0 -9999.0 -9999.0 -9999.0 -9999.0