Borden_/Borden1m_014/output_maps/psiliqL0016N0028.asc
ncols         80
nrows         18
xllcorner     620200.000000
yllcorner     5168000.000000
cellsize      1.000000
NODATA_value  -9999.0
-9999.0 -9999.0 -9999.0 -9999.0 -9999.0 -9999.0 -9999.0 -9999.0 -9999.0 -9999.0 -9999.0 -9999.0 -9999.0 -9999.0 -9999.0 -9999.0 -9999.0 -9999.0 -9999.0 -9999.0 -9999.0 -9999.0 -9999.0 -9999.0 -9999.0 -9999.0 -9999.0 -9999.0 -9999.0 -9999.0 -9999.0 -9999.0 -9999.0 -9999.0 -9999.0 -9999.0 -9999.0 -9999.0 -9999.0 -9999.0 -9999.0 -9999.0 -9999.0 -9999.0 -9999.0 -9999.0 -9999.0 -9999.0 -9999.0 -9999.0 -9999.0 -9999.0 -9999.0 -9999.0 -9999.0 -9999.0 -9999.0 -9999.0 -9999.0 -9999.0 -9999.0 -9999.0 -9999.0 -9999.0 -9999.0 -9999.0 -9999.0 -9999.0 -9999.0 -9999.0 -9999.0 -9999.0 -9999.0 -9999.0 -9999.0 -9999.0 -9999.0 -9999.0 -9999.0 -9999.0
-9999.0 -9999.0 -9999.0 -9999.0 -9999.0 -9999.0 -9999.0 -9999.0 -9999.0 -9999.0 -9999.0 -9999.0 -9999.0 -9999.0 -9999.0 -9999.0 -9999.0 -9999.0 -9999.0 -9999.0 -9999.0 -9999.0 -9999.0 -9999.0 -9999.0 -9999.0 -9999.0 -9999.0 -9999.0 -9999.0 -9999.0 -9999.0 -9999.0 -9999.0 -9999.0 -9999.0 -9999.0 -9999.0 -9999.0 -9999.0 -9999.0 -9999.0 -9999.0 -9999.0 -9999.0 -9999.0 -9999.0 -9999.0 -9999.0 -9999.0 -9999.0 -9999.0 -9999.0 -9999.0 -9999.0 -9999.0 -9999.0 -9999.0 -9999.0 -9999.0 -9999.0 -9999.0 -9999.0 -9999.0 -9999.0 -9999.0 -9999.0 -9999.0 -9999.0 -9999.0 -9999.0 -9999.0 -9999.0 -9999.0 -9999.0 -9999.0 -9999.0 -9999.0 -9999.0 -9999.0
-9999.0 -9999.0 -9999.0 -9999.0 -9999.0 -9999.0 -9999.0 -9999.0 -9999.0 -9999.0 -9999.0 -9999.0 -9999.0 -9999.0 -9999.0 -9999.0 -9999.0 -9999.0 -9999.0 -9999.0 1350.158090 1352.988833 1331.930042 1299.401788 1272.799988 1276.467010 1312.383512 1355.253398 1395.633829 1406.963728 1390.602083 1394.869215 1391.667215 1390.973364 1393.971841 1401.776812 1407.175770 1418.833143 1427.899294 1428.286867 1423.183542 1419.143630 1420.542708 1423.552960 1428.740771 1416.381333 1429.360517 1443.157522 1446.544892 1439.866339 1411.382940 1394.389327 1383.401920 1365.676647 1388.369375 1398.139458 1419.049488 1421.491558 1418.201824 1390.034110 1359.200636 -9999.0 -9999.0 -9999.0 -9999.0 -9999.0 -9999.0 -9999.0 -9999.0 -9999.0 -9999.0 -9999.0 -9999.0 -9999.0 -9999.0 -9999.0 -9999.0 -9999.0 -9999.0 -9999.0
-9999.0 -9999.0 -9999.0 -9999.0 -9999.0 -9999.0 -9999.0 -9999.0 -9999.0 -9999.0 -9999.0 -9999.0 -9999.0 -9999.0 1256.377169 1247.807875 1246.288166 1255.873384 1290.541580 1321.738142 1334.079155 1327.661029 1329.037186 1306.788885 1287.435932 1302.911578 1334.458407 1367.882442 1404.330655 1426.103093 1416.766320 1416.215267 1426.880948 1452.281851 1465.172761 1463.144984 1444.549546 1468.869438 1485.181128 1494.286847 1494.972170 1487.621498 1500.602163 1516.186717 1508.890644 1491.114111 1495.862802 1506.642296 1516.725671 1501.913911 1437.219441 1416.968696 1410.387669 1401.662250 1385.453005 1377.404100 1401.258216 1399.310718 1389.435204 1370.046205 1336.062240 1291.026889 1271.282542 1308.864495 1351.243973 1407.180691 -9999.0 -9999.0 -9999.0 -9999.0 -9999.0 -9999.0 -9999.0 -9999.0 -9999.0 -9999.0 -9999.0 -9999.0 -9999.0 -9999.0
-9999.0 -9999.0 -9999.0 -9999.0 -9999.0 -9999.0 -9999.0 -9999.0 -9999.0 1195.134631 1200.721481 1209.179898 1212.929235 1229.842633 1228.322593 1236.775458 1244.899230 1273.550339 1305.915351 1342.170315 1371.930997 1364.554837 1366.594737 1377.552456 1381.421653 1394.690642 1418.317520 1460.657096 1501.558687 1543.955133 1516.936283 1516.262420 1536.668050 1583.672045 1615.652434 1622.464077 1604.687575 1615.271659 1641.180106 1663.870432 1664.924536 1663.655432 1689.539582 1703.865624 1703.283013 1681.809464 1669.341557 1668.800066 1692.492212 1639.380634 1571.646421 1521.418896 1524.821741 1493.802348 1455.494396 1434.501089 1429.987985 1448.182633 1431.460185 1392.659244 1355.007083 1342.184061 1323.108802 1339.004718 1359.547302 1404.059902 1441.397775 1468.366242 1466.361089 1447.852737 -9999.0 -9999.0 -9999.0 -9999.0 -9999.0 -9999.0 -9999.0 -9999.0 -9999.0 -9999.0
-9999.0 -9999.0 -9999.0 -9999.0 -9999.0 -9999.0 1114.528450 1125.067646 1146.564396 1152.002073 1178.870528 1187.449455 1209.492635 1230.235702 1253.639793 1271.482277 1302.773643 1337.289277 1379.438067 1423.739600 1457.308794 1453.552080 1465.756187 1496.822696 1535.914067 1565.284990 1592.186185 1634.443508 1712.665255 1756.516834 1763.944498 1770.094653 1780.888897 1830.319639 1894.531145 1909.338559 1889.076320 1875.036245 1896.430871 1934.108879 1940.914668 1943.593494 1955.495367 1965.459677 1990.751119 1979.727673 1938.576631 1923.554662 1920.795809 1901.999088 1838.846804 1775.174504 1741.194872 1689.596135 1604.741583 1549.773949 1556.493118 1573.426402 1542.542517 1486.488724 1444.049782 1431.560330 1414.556227 1399.713392 1404.391830 1421.618961 1441.722330 1450.956456 1436.035890 1413.238144 1389.161759 1359.239482 1360.179743 1384.649988 -9999.0 -9999.0 -9999.0 -9999.0 -9999.0 -9999.0
-9999.0 -9999.0 -9999.0 -9999.0 1063.282333 1077.019063 1065.517343 1092.056820 1126.119535 1161.827675 1194.877841 1232.994228 1261.916839 1294.064177 1335.873963 1371.057612 1414.225242 1451.697232 1507.955746 1577.684672 1630.512323 1655.868750 1673.308060 1732.863554 1795.044021 1848.060859 1870.303349 1899.572307 1945.724207 2007.501636 2035.831112 2043.372095 2061.491353 2097.982720 2146.509817 2180.298819 2163.608664 2155.721279 2162.540401 2175.327173 2200.088301 2202.540140 2205.113263 2207.925643 2212.374213 2210.283215 2184.298276 2149.531525 2134.050728 2123.435446 2092.091022 2022.086013 1981.619355 1949.700484 1913.132410 1859.604862 1796.398121 1780.783598 1721.786994 1662.055927 1598.456560 1575.564220 1543.348197 1515.922893 1485.115464 1484.695256 1485.625912 1462.646089 1427.917088 1393.694729 1377.061636 1356.966694 1344.765606 1373.957566 1390.733701 1420.372308 -9999.0 -9999.0 -9999.0 -9999.0
-9999.0 -9999.0 1002.489092 1051.361364 1109.362475 1119.124377 1120.228219 1127.539101 1157.778702 1211.751189 1287.743846 1338.640057 1381.878463 1418.306918 1479.966082 1559.693792 1633.120961 1683.954086 1746.134330 1817.922650 1881.534593 1916.548693 1935.547713 1976.114367 2031.005595 2094.070788 2121.657492 2149.111439 2181.872198 2217.227614 2227.436564 2241.735350 2250.899520 2255.111492 2262.046721 2264.383123 2259.303229 2253.169232 2234.197456 2230.171928 2237.515320 2243.700583 2245.324307 2232.054141 2228.050822 2241.348933 2244.852331 2243.096238 2241.689526 2248.215755 2250.514027 2210.178410 2174.325369 2157.740249 2145.800717 2100.145252 2034.472120 1992.346329 1967.825185 1923.214973 1844.553001 1792.823353 1741.317514 1691.612768 1637.701595 1605.227567 1556.419920 1511.409472 1462.434686 1414.161710 1388.978275 1369.749869 1366.154699 1364.884058 1380.152192 1394.632722 1409.324398 1416.759544 -9999.0 -9999.0
-9999.0 898.106963 970.713779 1097.116463 1178.098451 1223.341354 1254.220740 1277.072808 1307.806714 1337.251703 1442.102486 1528.519945 1620.926422 1661.257987 1713.688000 1812.294036 1908.384811 1956.169323 1996.159967 2054.429732 2116.176349 2165.216792 2195.234536 2204.063758 2239.335675 2254.845605 2258.747267 2262.880342 2260.084984 2252.751718 2244.578115 2250.848643 2246.963825 2227.690930 2211.327204 2207.734036 2201.275237 2175.501236 2145.465468 2129.513033 2131.380361 2154.481946 2142.464724 2121.957911 2118.329257 2139.771916 2159.800066 2151.424255 2140.105456 2158.820128 2194.242030 2217.378661 2227.072578 2244.008906 2264.561865 2238.335359 2210.148277 2167.282294 2146.460130 2116.318091 2056.855298 1994.897131 1939.083156 1877.418202 1809.902060 1741.203081 1676.150674 1612.374192 1544.193910 1501.260226 1468.814222 1418.001727 1396.541382 1397.342963 1387.603790 1383.707365 1388.794284 1394.663753 -9999.0 -9999.0
-9999.0 815.708006 958.013919 1142.366230 1291.327086 1349.708254 1448.618365 1526.978031 1556.036395 1527.637631 1636.874069 1856.483496 1962.699255 1982.814402 2056.854235 2147.158136 2164.086802 2197.723863 2221.230782 2234.136563 2244.761135 2256.271105 2255.813614 2251.170112 2237.019593 2229.246861 2227.503442 2223.880149 2205.273118 2184.976933 2166.350292 2160.997926 2141.083997 2095.384493 2061.454267 2043.153531 2025.362840 2004.382638 1970.624995 1942.624202 1926.684871 1941.359056 1935.227252 1918.984526 1915.454679 1937.660447 1970.383546 1967.727237 1977.551069 2000.474398 2040.991563 2081.725223 2105.435289 2136.823097 2174.776347 2220.233837 2235.554117 2257.346736 2261.266657 2242.751826 2197.401215 2143.612033 2107.490042 2042.991215 1968.785185 1888.761553 1821.926269 1757.526694 1686.540087 1639.129335 1591.631581 1533.895560 1480.021603 1457.300666 1417.151504 1397.050349 -9999.0 -9999.0 -9999.0 -9999.0
-9999.0 733.899482 921.101422 1177.485557 1456.454849 1564.355861 1769.255605 1897.353306 1954.598511 2024.039493 1992.815134 2147.780855 2190.327032 2188.295945 2190.983654 2196.846884 2213.827793 2218.254113 2215.749095 2206.685997 2198.401058 2194.927378 2193.743618 2186.122318 2173.491839 2157.722559 2143.023627 2128.476444 2088.969240 2054.240310 2016.514362 2000.288356 1959.251800 1866.715227 1823.375218 1786.242967 1728.234881 1721.543270 1715.546548 1686.490149 1666.151791 1644.392724 1666.981539 1672.282376 1675.249385 1678.414603 1695.456779 1720.949232 1767.034228 1804.656446 1849.831557 1903.199668 1939.232980 1983.839382 2030.782684 2087.638715 2121.785240 2153.985286 2202.682321 2242.135621 2265.276911 2252.981024 2224.699295 2175.671392 2101.940151 2032.633274 1979.879288 1903.884823 1837.862769 1784.581940 1738.829966 1688.202798 1623.454082 1545.342286 1503.306574 -9999.0 -9999.0 -9999.0 -9999.0 -9999.0
-9999.0 549.070049 816.293026 1101.787368 1411.632808 1741.758035 1880.461248 2006.165404 2078.504007 2048.091045 2057.506881 2078.043808 2121.358845 2131.754672 2113.988119 2106.338696 2095.593463 2096.439258 2110.007087 2084.225079 2054.948288 2041.579232 2040.885199 2028.696107 2004.695243 1986.913912 1973.626390 1951.672066 1902.438769 1850.110371 1767.316788 1735.363363 1658.027773 1602.578549 1558.221831 1508.328314 1457.541661 1456.003491 1472.937584 1457.923907 1435.279428 1416.717090 1443.536747 1461.810177 1474.485874 1463.245717 1472.886043 1509.521222 1559.743115 1604.695752 1655.522275 1711.294275 1758.896119 1807.504564 1840.315948 1891.402027 1940.505527 1988.516084 2063.242725 2143.067592 2181.102235 2216.023506 2247.231557 2260.502089 2205.373472 2151.974403 2095.031819 2028.782807 1945.671456 1898.911973 1874.527693 1834.142040 1779.289285 -9999.0 -9999.0 -9999.0 -9999.0 -9999.0 -9999.0 -9999.0
-9999.0 424.362050 640.258173 865.609091 1146.542660 1384.122379 1582.827638 1690.644475 1769.929148 1809.557433 1846.901731 1882.548657 1914.403577 1938.668655 1918.787896 1880.236963 1852.350373 1857.139944 1852.874367 1829.556693 1800.261859 1785.345985 1782.439185 1775.031993 1750.124381 1734.954283 1723.183010 1699.306831 1664.856310 1608.241251 1528.728834 1455.534092 1394.439469 1362.888336 1333.240944 1300.607002 1265.293172 1275.099618 1287.138270 1283.467957 1272.960418 1270.107690 1299.205625 1318.384242 1328.699042 1317.558067 1337.172133 1364.202470 1406.195846 1449.905522 1499.769015 1555.808481 1610.515627 1640.720951 1655.550913 1682.145035 1722.957659 1778.158654 1865.064948 1960.237458 2038.697992 2087.848374 2138.364117 2170.983653 2181.948971 2188.371805 2158.007546 2072.727950 1961.778231 1951.897574 1951.390426 -9999.0 -9999.0 -9999.0 -9999.0 -9999.0 -9999.0 -9999.0 -9999.0 -9999.0
-9999.0 -9999.0 407.750532 582.928723 717.540287 896.207562 1046.465678 1157.034142 1247.165670 1362.454613 1468.535154 1553.121962 1598.132871 1616.346279 1602.796570 1570.371507 1549.675840 1549.890628 1539.802840 1529.261972 1509.378423 1501.297925 1489.835396 1481.154895 1470.751409 1464.653259 1458.504478 1446.209814 1423.384198 1376.090504 1327.537278 1276.146134 1222.813638 1197.032433 1174.913573 1153.267771 1151.806743 1147.612627 1152.995639 1154.347150 1161.146002 1173.694736 1193.763699 1215.830832 1225.726861 1234.784312 1247.528196 1271.549244 1304.982408 1347.693293 1402.148274 1460.464107 1501.013302 1514.638280 1506.032967 1512.245698 1533.871233 1577.699328 1659.609063 1744.632164 1840.455829 1911.918331 1982.843414 2033.795330 2047.937485 2059.723492 2068.820754 2006.963088 1813.157545 1892.620132 -9999.0 -9999.0 -9999.0 -9999.0 -9999.0 -9999.0 -9999.0 -9999.0 -9999.0 -9999.0
-9999.0 -9999.0 -9999.0 -9999.0 442.001306 596.572309 693.809297 777.340877 906.237364 1026.286440 1126.078829 1208.853606 1270.482597 1296.923595 1292.674518 1297.931864 1293.471478 1287.560127 1277.972629 1276.829300 1275.481593 1267.873289 1253.530934 1245.829315 1246.236473 1250.563688 1247.420677 1233.138069 1214.821029 1191.749849 1170.999728 1136.366877 1100.174359 1070.736805 1057.335502 1051.408246 1051.014092 1044.009565 1052.620490 1059.813101 1074.932336 1090.117607 1113.869214 1142.854558 1156.632469 1171.485131 1181.383499 1202.110639 1232.750943 1286.408878 1350.138114 1408.326408 1444.641045 1449.659070 1425.701483 1411.066621 1408.410670 1437.424598 1483.636198 1552.206757 1654.827878 1728.848292 1786.778956 1831.132987 1861.905818 1904.562670 1949.032208 1975.910723 -9999.0 -9999.0 -9999.0 -9999.0 -9999.0 -9999.0 -9999.0 -9999.0 -9999.0 -9999.0 -9999.0 -9999.0
-9999.0 -9999.0 -9999.0 -9999.0 -9999.0 -9999.0 400.964640 502.245549 582.859959 720.215658 849.286747 949.625886 1029.298059 1060.579218 1086.402286 1112.915248 1111.060292 1092.945662 1074.159254 1092.701770 1106.136940 1100.201403 1070.249807 1069.547891 1073.971135 1081.915586 1079.380220 1072.565486 1047.099955 1057.974983 1058.173348 1034.623066 1008.323712 994.201362 982.187696 991.667167 991.809996 978.186135 978.807331 1005.469279 1025.631399 1038.760843 1060.603813 1093.815424 1126.176426 1141.402537 1142.866477 1149.143221 1189.431940 1259.872707 1331.700573 1387.326732 1420.107035 1428.639980 1401.941446 1362.496865 1342.777197 1350.713872 1386.441463 1440.160724 1516.993317 1567.127502 1593.977598 1608.102949 1626.666294 1716.451327 -9999.0 -9999.0 -9999.0 -9999.0 -9999.0 -9999.0 -9999.0 -9999.0 -9999.0 -9999.0 -9999.0 -9999.0 -9999.0 -9999.0
-9999.0 -9999.0 -9999.0 -9999.0 -9999.0 -9999.0 -9999.0 -9999.0 -9999.0 -9999.0 -9999.0 -9999.0 -9999.0 -9999.0 -9999.0 -9999.0 -9999.0 -9999.0 -9999.0 -9999.0 -9999.0 -9999.0 -9999.0 -9999.0 -9999.0 -9999.0 -9999.0 -9999.0 -9999.0 -9999.0 -9999.0 -9999.0 -9999.0 -9999.0 -9999.0 -9999.0 -9999.0 -9999.0 -9999.0 -9999.0 -9999.0 -9999.0 -9999.0 -9999.0 -9999.0 -9999.0 -9999.0 -9999.0 -9999.0 -9999.0 -9999.0 -9999.0 -9999.0 -9999.0 -9999.0 -9999.0 -9999.0 -9999.0 -9999.0 -9999.0 -9999.0 -9999.0 -9999.0 -9999.0 -9999.0 -9999.0 -9999.0 -9999.0 -9999.0 -9999.0 -9999.0 -9999.0 -9999.0 -9999.0 -9999.0 -9999.0 -9999.0 -9999.0 -9999.0 -9999.0
-9999.0 -9999.0 -9999.0 -9999.0 -9999.0 -9999.0 -9999.0 -9999.0 -9999.0 -9999.0 -9999.0 -9999.0 -9999.0 -9999.0 -9999.0 -9999.0 -9999.0 -9999.0 -9999.0 -9999.0 -9999.0 -9999.0 -9999.0 -9999.0 -9999.0 -9999.0 -9999.0 -9999.0 -9999.0 -9999.0 -9999.0 -9999.0 -9999.0 -9999.0 -9999.0 -9999.0 -9999.0 -9999.0 -9999.0 -9999.0 -9999.0 -9999.0 -9999.0 -9999.0 -9999.0 -9999.0 -9999.0 -9999.0 -9999.0 -9999.0 -9999.0 -9999.0 -9999.0 -9999.0 -9999.0 -9999.0 -9999.0 -9999.0 -9999.0 -9999.0 -9999.0 -9999.0 -9999.0 -9999.0 -9999.0 -9999.0 -9999.0 -9999.0 -9999.0 -9999.0 -9999.0 -9999.0 -9999.0 -9999.0 -9999.0 -9999.0 -9999.0 -9999.0 -9999.0 -9999.0