Borden_/Borden1m_014/output_maps/psiliqL0026N0035.asc
ncols         80
nrows         18
xllcorner     620200.000000
yllcorner     5168000.000000
cellsize      1.000000
NODATA_value  -9999.0
-9999.0 -9999.0 -9999.0 -9999.0 -9999.0 -9999.0 -9999.0 -9999.0 -9999.0 -9999.0 -9999.0 -9999.0 -9999.0 -9999.0 -9999.0 -9999.0 -9999.0 -9999.0 -9999.0 -9999.0 -9999.0 -9999.0 -9999.0 -9999.0 -9999.0 -9999.0 -9999.0 -9999.0 -9999.0 -9999.0 -9999.0 -9999.0 -9999.0 -9999.0 -9999.0 -9999.0 -9999.0 -9999.0 -9999.0 -9999.0 -9999.0 -9999.0 -9999.0 -9999.0 -9999.0 -9999.0 -9999.0 -9999.0 -9999.0 -9999.0 -9999.0 -9999.0 -9999.0 -9999.0 -9999.0 -9999.0 -9999.0 -9999.0 -9999.0 -9999.0 -9999.0 -9999.0 -9999.0 -9999.0 -9999.0 -9999.0 -9999.0 -9999.0 -9999.0 -9999.0 -9999.0 -9999.0 -9999.0 -9999.0 -9999.0 -9999.0 -9999.0 -9999.0 -9999.0 -9999.0
-9999.0 -9999.0 -9999.0 -9999.0 -9999.0 -9999.0 -9999.0 -9999.0 -9999.0 -9999.0 -9999.0 -9999.0 -9999.0 -9999.0 -9999.0 -9999.0 -9999.0 -9999.0 -9999.0 -9999.0 -9999.0 -9999.0 -9999.0 -9999.0 -9999.0 -9999.0 -9999.0 -9999.0 -9999.0 -9999.0 -9999.0 -9999.0 -9999.0 -9999.0 -9999.0 -9999.0 -9999.0 -9999.0 -9999.0 -9999.0 -9999.0 -9999.0 -9999.0 -9999.0 -9999.0 -9999.0 -9999.0 -9999.0 -9999.0 -9999.0 -9999.0 -9999.0 -9999.0 -9999.0 -9999.0 -9999.0 -9999.0 -9999.0 -9999.0 -9999.0 -9999.0 -9999.0 -9999.0 -9999.0 -9999.0 -9999.0 -9999.0 -9999.0 -9999.0 -9999.0 -9999.0 -9999.0 -9999.0 -9999.0 -9999.0 -9999.0 -9999.0 -9999.0 -9999.0 -9999.0
-9999.0 -9999.0 -9999.0 -9999.0 -9999.0 -9999.0 -9999.0 -9999.0 -9999.0 -9999.0 -9999.0 -9999.0 -9999.0 -9999.0 -9999.0 -9999.0 -9999.0 -9999.0 -9999.0 -9999.0 3325.339148 3326.226969 3304.435596 3270.159758 3241.703614 3243.267689 3275.869124 3316.142442 3354.584353 3361.621735 3342.235829 3345.759535 3341.050870 3336.255681 3336.193264 3343.716567 3350.182863 3359.694079 3366.458931 3363.984645 3356.499948 3351.392795 3353.906222 3355.447179 3361.714996 3347.272470 3363.327181 3379.352905 3384.180563 3381.661355 3358.497065 3346.861024 3339.189865 3323.933783 3350.806882 3362.756606 3386.323546 3391.239194 3389.551647 3363.264003 3333.408837 -9999.0 -9999.0 -9999.0 -9999.0 -9999.0 -9999.0 -9999.0 -9999.0 -9999.0 -9999.0 -9999.0 -9999.0 -9999.0 -9999.0 -9999.0 -9999.0 -9999.0 -9999.0 -9999.0
-9999.0 -9999.0 -9999.0 -9999.0 -9999.0 -9999.0 -9999.0 -9999.0 -9999.0 -9999.0 -9999.0 -9999.0 -9999.0 -9999.0 3235.563815 3226.657248 3223.519135 3230.478250 3262.594995 3292.548892 3304.073905 3296.364690 3295.881978 3270.803851 3247.549232 3259.692477 3288.575190 3318.467827 3351.269758 3368.065727 3356.661242 3353.684174 3360.196724 3378.915572 3386.481761 3382.609277 3365.211330 3388.946446 3401.872609 3405.969523 3403.767308 3393.766824 3402.290196 3416.150833 3409.069380 3393.952365 3405.138784 3420.331197 3431.247847 3423.502113 3366.331516 3354.880712 3352.238241 3348.787318 3336.301818 3332.993974 3361.865437 3361.953050 3355.250250 3338.546239 3305.673998 3260.758082 3242.320407 3283.453372 3327.573848 3384.162011 -9999.0 -9999.0 -9999.0 -9999.0 -9999.0 -9999.0 -9999.0 -9999.0 -9999.0 -9999.0 -9999.0 -9999.0 -9999.0 -9999.0
-9999.0 -9999.0 -9999.0 -9999.0 -9999.0 -9999.0 -9999.0 -9999.0 -9999.0 3179.257077 3184.300962 3190.940755 3193.047295 3207.805619 3204.258919 3210.767487 3214.257379 3240.962542 3269.851233 3302.750812 3329.149464 3319.413731 3317.562758 3320.781375 3314.441213 3321.557585 3341.282153 3376.993588 3407.447811 3442.035272 3408.020952 3402.699231 3419.790397 3460.517401 3482.919485 3484.430937 3465.633711 3482.429964 3505.669322 3520.928941 3517.170745 3510.939234 3536.819284 3552.026848 3545.636657 3524.099038 3523.309211 3531.200854 3560.719950 3510.385802 3444.941984 3407.508143 3424.204819 3403.864966 3378.850682 3368.939759 3370.313744 3391.152936 3380.110900 3347.117324 3314.539459 3303.415138 3287.259584 3309.012371 3332.926336 3379.787093 3420.134920 3450.355432 3450.168417 3433.187769 -9999.0 -9999.0 -9999.0 -9999.0 -9999.0 -9999.0 -9999.0 -9999.0 -9999.0 -9999.0
-9999.0 -9999.0 -9999.0 -9999.0 -9999.0 -9999.0 3100.855824 3111.197509 3131.688306 3134.001885 3160.129816 3164.913648 3182.152965 3198.692771 3219.825009 3231.864879 3255.981421 3285.028780 3320.094638 3356.753175 3383.165424 3371.025141 3375.436132 3393.862750 3419.541483 3437.532303 3459.529369 3496.707328 3568.365368 3604.230655 3596.102098 3596.588657 3604.642255 3654.872127 3718.683353 3729.364797 3708.699457 3695.699845 3719.418945 3756.892113 3754.739879 3753.505132 3766.741862 3777.621724 3804.442408 3793.453495 3757.626432 3752.595604 3759.653277 3736.736712 3667.678737 3610.964424 3592.979212 3546.646141 3463.783561 3421.867055 3446.636822 3475.303002 3454.437971 3405.744385 3374.515813 3369.917287 3359.688729 3353.698388 3367.018692 3390.565436 3415.137757 3429.570686 3418.193410 3397.774973 3376.521296 3348.667543 3351.565168 3376.689534 -9999.0 -9999.0 -9999.0 -9999.0 -9999.0 -9999.0
-9999.0 -9999.0 -9999.0 -9999.0 3051.655670 3064.232609 3049.000759 3074.736650 3106.141089 3139.115106 3165.841299 3195.444586 3217.615626 3243.352371 3275.380483 3296.140477 3327.015503 3355.594057 3401.478519 3461.668309 3505.076773 3517.642225 3525.545909 3575.960944 3631.799355 3678.434816 3696.947336 3722.728895 3768.641193 3825.055605 3847.161336 3849.804234 3866.712830 3910.262206 3966.855796 4002.058085 3984.354641 3975.268747 3985.517750 3999.955456 4022.100523 4022.162016 4023.285306 4027.504157 4035.270932 4033.434320 4006.686579 3973.194661 3960.223224 3950.048510 3911.648562 3839.413914 3809.493658 3780.492957 3737.511766 3683.303188 3636.787937 3638.684653 3584.295220 3529.615275 3480.503121 3473.435792 3453.970506 3438.814715 3422.272501 3435.282552 3447.872637 3433.377124 3403.906483 3375.119076 3362.529273 3345.313908 3334.286507 3365.702577 3383.745425 3413.342411 -9999.0 -9999.0 -9999.0 -9999.0
-9999.0 -9999.0 2993.261712 3038.102286 3094.587955 3099.980076 3092.396958 3094.368251 3119.799956 3168.005633 3227.682256 3263.233896 3290.690589 3319.938008 3369.138402 3429.774462 3488.643395 3530.524820 3588.077886 3657.102140 3715.914025 3742.437182 3751.053359 3786.579718 3841.340472 3910.755386 3938.896241 3965.457539 3997.414368 4034.101438 4025.367670 4035.951866 4048.506165 4061.595913 4076.866308 4084.158563 4079.225295 4074.608025 4056.006800 4050.773415 4057.246847 4065.379850 4064.297807 4049.576465 4045.601405 4060.647284 4066.958332 4064.823694 4061.896144 4066.721331 4061.930476 4013.195197 3996.258610 3980.931535 3969.051763 3922.734541 3855.842542 3823.703379 3802.095118 3760.966993 3687.628052 3650.697524 3611.776969 3577.611569 3540.761740 3528.281175 3496.522025 3464.919624 3426.696893 3386.383226 3367.787790 3353.883095 3353.821872 3354.729164 3372.711240 3388.534428 3404.586472 3412.703479 -9999.0 -9999.0
-9999.0 2885.256950 2955.993190 3074.696426 3151.370805 3186.130067 3192.951872 3194.456904 3218.430984 3249.733852 3334.749852 3382.427319 3464.551071 3501.531026 3541.457084 3630.971570 3725.191727 3768.511911 3807.490867 3871.397078 3937.335148 3984.521141 4010.898517 3988.951874 4028.681440 4058.853752 4067.122858 4074.250302 4074.391903 4065.865993 4059.430591 4066.075971 4063.071997 4043.801475 4027.641245 4025.855911 4022.432625 3999.037103 3971.448870 3955.889600 3957.194121 3982.256020 3969.057847 3947.644176 3943.212641 3964.934051 3986.447901 3975.705723 3962.533401 3979.137678 4013.847047 4038.944457 4039.844084 4058.447536 4079.579535 4050.421474 4029.264495 3985.224901 3968.249204 3942.782223 3885.759594 3830.967710 3782.880370 3734.573321 3682.497699 3634.000987 3586.710116 3539.834656 3487.021526 3454.587800 3430.662920 3388.393367 3376.204666 3383.013082 3378.422649 3377.134297 3383.907906 3390.555185 -9999.0 -9999.0
-9999.0 2788.324105 2926.637711 3100.748620 3241.247233 3279.956946 3339.238971 3392.900149 3405.492030 3349.499942 3449.468759 3665.833841 3788.011024 3805.514048 3881.105610 3976.379437 3958.300284 3989.720360 4013.005850 4039.186231 4060.225231 4074.662277 4072.971875 4067.841428 4051.308557 4043.293385 4042.401567 4040.277471 4022.823789 4003.818441 3986.978092 3983.775588 3965.744351 3916.064331 3882.775594 3865.219920 3846.065321 3832.712807 3805.562040 3779.551491 3762.975565 3773.210231 3771.576372 3758.197848 3753.782953 3771.828496 3802.703217 3800.856605 3812.787599 3832.417788 3867.856372 3906.090280 3925.363301 3954.502051 3990.151278 4038.268633 4046.923247 4069.385032 4072.281176 4061.987046 4015.325144 3963.718017 3934.306809 3878.928844 3819.416895 3757.776253 3708.967335 3664.400322 3609.352487 3575.582971 3536.707760 3483.452695 3441.081676 3434.007488 3400.984481 3388.248652 -9999.0 -9999.0 -9999.0 -9999.0
-9999.0 2691.728085 2863.594868 3097.795345 3389.594030 3459.020203 3659.582591 3773.060766 3811.338275 3878.535751 3757.623745 3965.134456 4018.343798 4013.450897 4029.571707 4032.827542 4047.152931 4046.488764 4041.409634 4030.379106 4020.770444 4016.182504 4015.130531 4007.213066 3994.578254 3979.948967 3968.029564 3956.568511 3919.869497 3887.891878 3848.545007 3836.031850 3791.281993 3699.533854 3660.965707 3622.392330 3561.544743 3564.245000 3572.047545 3548.359947 3528.811347 3500.521739 3530.284670 3541.192082 3545.427452 3540.722463 3550.172398 3578.807977 3626.633623 3660.865310 3699.573912 3747.376730 3777.750966 3816.807761 3856.473975 3908.713902 3939.876184 3968.746067 4017.699056 4054.717070 4077.454756 4063.360249 4044.868690 4000.102718 3939.886301 3890.586439 3861.634534 3811.192869 3767.754367 3724.371624 3678.082657 3625.514261 3564.269526 3512.175433 3478.597030 -9999.0 -9999.0 -9999.0 -9999.0 -9999.0
-9999.0 2467.505537 2731.255440 2984.080070 3254.338522 3595.346345 3767.169069 3860.792858 3923.946807 3907.034931 3930.534552 3936.807954 3973.902561 3981.188284 3959.795160 3945.917335 3928.254916 3927.165877 3940.233078 3912.878401 3882.610081 3869.257810 3870.164546 3859.476148 3835.625476 3820.767993 3811.515345 3793.052351 3750.101903 3700.049328 3616.208365 3581.783823 3503.368033 3465.487332 3429.630821 3383.209033 3339.624631 3345.669775 3370.414286 3362.024967 3341.607737 3324.867893 3354.337938 3374.928595 3388.140850 3371.805417 3378.305644 3412.432134 3458.509870 3498.519222 3541.907888 3589.395873 3630.949051 3669.802309 3690.426148 3729.481672 3771.408028 3812.841844 3882.827050 3961.158676 3997.074262 4031.690570 4060.556090 4082.462508 4039.588865 4013.325933 3989.617068 3966.178943 3920.020157 3874.673986 3834.133724 3769.577145 3710.060683 -9999.0 -9999.0 -9999.0 -9999.0 -9999.0 -9999.0 -9999.0
-9999.0 2355.693160 2548.083672 2738.321902 2969.524345 3196.097949 3417.383459 3507.440364 3577.436249 3649.349950 3703.532403 3741.304851 3767.061255 3788.610234 3766.034020 3719.995319 3687.789670 3692.786061 3683.811886 3662.981380 3635.512979 3622.793937 3620.230245 3615.648308 3594.703727 3584.733762 3578.225348 3560.571216 3535.682738 3483.470384 3412.942332 3340.806577 3288.058194 3269.630715 3247.949533 3221.966637 3196.228872 3210.039687 3222.969096 3223.422652 3217.385256 3217.939590 3246.981112 3266.865695 3276.285184 3265.434822 3283.450676 3306.216239 3342.640180 3381.158812 3425.247495 3474.726101 3522.558784 3542.116442 3543.682077 3554.575497 3581.588468 3624.361803 3700.239356 3785.958554 3863.515673 3908.925982 3959.641999 3999.611850 4027.757456 4052.595533 4075.017442 4068.098411 4042.138641 4008.788315 3950.071348 -9999.0 -9999.0 -9999.0 -9999.0 -9999.0 -9999.0 -9999.0 -9999.0 -9999.0
-9999.0 -9999.0 2322.666344 2474.094786 2569.440696 2731.491922 2853.018738 2958.391344 3049.755970 3188.756985 3310.840278 3403.844048 3450.082795 3465.614442 3451.865600 3423.796091 3406.871848 3406.494562 3394.825933 3388.888523 3375.079666 3370.182673 3358.911233 3351.907343 3348.552843 3348.629876 3347.045267 3339.665788 3323.912759 3283.639452 3248.181207 3205.123217 3161.822113 3141.300825 3124.248130 3108.346746 3113.438075 3109.077094 3115.062308 3118.459971 3128.577846 3143.067757 3162.448950 3184.104659 3193.698199 3203.848678 3214.425781 3235.638847 3265.049828 3304.625444 3355.368921 3409.375113 3444.640723 3450.873042 3432.262594 3426.572341 3433.934027 3461.968556 3524.241290 3592.595533 3681.997360 3747.288350 3814.026052 3869.905763 3896.549590 3932.931636 4003.162804 4051.190393 4093.657906 4071.255419 -9999.0 -9999.0 -9999.0 -9999.0 -9999.0 -9999.0 -9999.0 -9999.0 -9999.0 -9999.0
-9999.0 -9999.0 -9999.0 -9999.0 2334.774114 2481.466635 2579.093057 2659.247376 2794.751085 2898.633720 2993.279899 3079.433758 3148.355286 3171.970730 3173.244299 3190.786020 3190.189611 3180.917578 3170.127654 3175.649696 3181.290918 3175.635714 3161.442804 3156.041748 3161.092230 3170.347667 3169.981695 3158.773513 3142.518170 3130.699666 3120.089862 3091.540082 3061.387923 3035.955341 3025.804042 3024.434649 3025.816361 3018.851526 3027.938334 3037.524000 3053.899629 3069.225256 3092.762299 3122.489874 3137.217287 3151.736602 3159.981344 3177.980641 3205.188607 3256.185730 3317.370818 3373.378329 3406.691160 3406.607087 3377.609888 3355.361916 3342.266010 3358.984279 3387.243721 3437.181548 3525.805427 3587.501321 3632.301198 3670.651599 3706.882445 3772.026362 3866.676992 3947.990236 -9999.0 -9999.0 -9999.0 -9999.0 -9999.0 -9999.0 -9999.0 -9999.0 -9999.0 -9999.0 -9999.0 -9999.0
-9999.0 -9999.0 -9999.0 -9999.0 -9999.0 -9999.0 2313.026624 2419.564546 2486.567572 2642.457686 2790.979213 2868.853537 2952.204123 2988.629847 3011.469020 3042.114570 3042.989077 3022.704757 3000.818878 3023.243405 3043.379872 3037.356634 3005.231614 3007.700030 3016.074578 3025.288983 3024.400287 3020.499358 2998.251223 3017.858493 3025.095116 3005.089154 2982.405244 2978.229775 2968.242840 2979.337848 2980.354397 2966.556770 2965.781208 2989.933034 3011.403547 3024.411669 3045.386541 3078.569305 3110.967978 3126.488373 3127.015228 3131.158340 3167.056964 3233.775893 3304.258450 3358.864302 3389.322100 3393.628072 3362.529828 3317.290807 3290.652552 3288.879966 3312.378385 3350.791335 3411.010997 3446.533521 3456.605767 3456.561944 3467.919299 3567.505127 -9999.0 -9999.0 -9999.0 -9999.0 -9999.0 -9999.0 -9999.0 -9999.0 -9999.0 -9999.0 -9999.0 -9999.0 -9999.0 -9999.0
-9999.0 -9999.0 -9999.0 -9999.0 -9999.0 -9999.0 -9999.0 -9999.0 -9999.0 -9999.0 -9999.0 -9999.0 -9999.0 -9999.0 -9999.0 -9999.0 -9999.0 -9999.0 -9999.0 -9999.0 -9999.0 -9999.0 -9999.0 -9999.0 -9999.0 -9999.0 -9999.0 -9999.0 -9999.0 -9999.0 -9999.0 -9999.0 -9999.0 -9999.0 -9999.0 -9999.0 -9999.0 -9999.0 -9999.0 -9999.0 -9999.0 -9999.0 -9999.0 -9999.0 -9999.0 -9999.0 -9999.0 -9999.0 -9999.0 -9999.0 -9999.0 -9999.0 -9999.0 -9999.0 -9999.0 -9999.0 -9999.0 -9999.0 -9999.0 -9999.0 -9999.0 -9999.0 -9999.0 -9999.0 -9999.0 -9999.0 -9999.0 -9999.0 -9999.0 -9999.0 -9999.0 -9999.0 -9999.0 -9999.0 -9999.0 -9999.0 -9999.0 -9999.0 -9999.0 -9999.0
-9999.0 -9999.0 -9999.0 -9999.0 -9999.0 -9999.0 -9999.0 -9999.0 -9999.0 -9999.0 -9999.0 -9999.0 -9999.0 -9999.0 -9999.0 -9999.0 -9999.0 -9999.0 -9999.0 -9999.0 -9999.0 -9999.0 -9999.0 -9999.0 -9999.0 -9999.0 -9999.0 -9999.0 -9999.0 -9999.0 -9999.0 -9999.0 -9999.0 -9999.0 -9999.0 -9999.0 -9999.0 -9999.0 -9999.0 -9999.0 -9999.0 -9999.0 -9999.0 -9999.0 -9999.0 -9999.0 -9999.0 -9999.0 -9999.0 -9999.0 -9999.0 -9999.0 -9999.0 -9999.0 -9999.0 -9999.0 -9999.0 -9999.0 -9999.0 -9999.0 -9999.0 -9999.0 -9999.0 -9999.0 -9999.0 -9999.0 -9999.0 -9999.0 -9999.0 -9999.0 -9999.0 -9999.0 -9999.0 -9999.0 -9999.0 -9999.0 -9999.0 -9999.0 -9999.0 -9999.0