Borden_/Borden1m_014/output_maps/psiliqL0009N0018.asc
ncols         80
nrows         18
xllcorner     620200.000000
yllcorner     5168000.000000
cellsize      1.000000
NODATA_value  -9999.0
-9999.0 -9999.0 -9999.0 -9999.0 -9999.0 -9999.0 -9999.0 -9999.0 -9999.0 -9999.0 -9999.0 -9999.0 -9999.0 -9999.0 -9999.0 -9999.0 -9999.0 -9999.0 -9999.0 -9999.0 -9999.0 -9999.0 -9999.0 -9999.0 -9999.0 -9999.0 -9999.0 -9999.0 -9999.0 -9999.0 -9999.0 -9999.0 -9999.0 -9999.0 -9999.0 -9999.0 -9999.0 -9999.0 -9999.0 -9999.0 -9999.0 -9999.0 -9999.0 -9999.0 -9999.0 -9999.0 -9999.0 -9999.0 -9999.0 -9999.0 -9999.0 -9999.0 -9999.0 -9999.0 -9999.0 -9999.0 -9999.0 -9999.0 -9999.0 -9999.0 -9999.0 -9999.0 -9999.0 -9999.0 -9999.0 -9999.0 -9999.0 -9999.0 -9999.0 -9999.0 -9999.0 -9999.0 -9999.0 -9999.0 -9999.0 -9999.0 -9999.0 -9999.0 -9999.0 -9999.0
-9999.0 -9999.0 -9999.0 -9999.0 -9999.0 -9999.0 -9999.0 -9999.0 -9999.0 -9999.0 -9999.0 -9999.0 -9999.0 -9999.0 -9999.0 -9999.0 -9999.0 -9999.0 -9999.0 -9999.0 -9999.0 -9999.0 -9999.0 -9999.0 -9999.0 -9999.0 -9999.0 -9999.0 -9999.0 -9999.0 -9999.0 -9999.0 -9999.0 -9999.0 -9999.0 -9999.0 -9999.0 -9999.0 -9999.0 -9999.0 -9999.0 -9999.0 -9999.0 -9999.0 -9999.0 -9999.0 -9999.0 -9999.0 -9999.0 -9999.0 -9999.0 -9999.0 -9999.0 -9999.0 -9999.0 -9999.0 -9999.0 -9999.0 -9999.0 -9999.0 -9999.0 -9999.0 -9999.0 -9999.0 -9999.0 -9999.0 -9999.0 -9999.0 -9999.0 -9999.0 -9999.0 -9999.0 -9999.0 -9999.0 -9999.0 -9999.0 -9999.0 -9999.0 -9999.0 -9999.0
-9999.0 -9999.0 -9999.0 -9999.0 -9999.0 -9999.0 -9999.0 -9999.0 -9999.0 -9999.0 -9999.0 -9999.0 -9999.0 -9999.0 -9999.0 -9999.0 -9999.0 -9999.0 -9999.0 -9999.0 -66.301835 -63.275769 -85.866092 -119.870610 -148.221996 -146.043042 -110.595205 -68.953340 -30.582434 -19.731524 -37.315687 -35.169791 -39.532317 -39.188727 -35.731776 -29.253608 -26.092666 -14.480962 -5.934826 -6.193885 -12.388303 -18.040773 -18.968575 -15.441685 -10.370049 -19.608190 -6.011343 9.390265 15.536782 10.005072 -17.946151 -34.570737 -43.676296 -59.001637 -34.953026 -22.864164 -0.203039 3.773188 2.148702 -25.191718 -55.500685 -9999.0 -9999.0 -9999.0 -9999.0 -9999.0 -9999.0 -9999.0 -9999.0 -9999.0 -9999.0 -9999.0 -9999.0 -9999.0 -9999.0 -9999.0 -9999.0 -9999.0 -9999.0 -9999.0
-9999.0 -9999.0 -9999.0 -9999.0 -9999.0 -9999.0 -9999.0 -9999.0 -9999.0 -9999.0 -9999.0 -9999.0 -9999.0 -9999.0 -157.698654 -167.777376 -170.711824 -162.035954 -127.910835 -97.509389 -84.774210 -92.234697 -92.109557 -115.528602 -135.548250 -120.915133 -90.854966 -58.825754 -23.895163 -2.525085 -14.159467 -15.779529 -3.958858 24.678746 39.967888 37.769308 16.960818 39.917098 56.383963 65.994725 65.187059 56.623938 71.458181 88.205175 81.527850 63.467038 66.918640 78.815229 93.122619 77.170104 10.921759 -11.632381 -16.711797 -24.619109 -38.857891 -45.945428 -21.520074 -21.161405 -29.878983 -48.218867 -80.879897 -125.319890 -143.506696 -104.854723 -60.328273 -2.326424 -9999.0 -9999.0 -9999.0 -9999.0 -9999.0 -9999.0 -9999.0 -9999.0 -9999.0 -9999.0 -9999.0 -9999.0 -9999.0 -9999.0
-9999.0 -9999.0 -9999.0 -9999.0 -9999.0 -9999.0 -9999.0 -9999.0 -9999.0 -214.820231 -211.120289 -204.051699 -202.236297 -186.596354 -188.382877 -181.347602 -173.395049 -146.810304 -115.115576 -79.269146 -49.880244 -59.333739 -58.386074 -45.329329 -37.152118 -22.945162 -1.037347 40.694533 85.349203 131.155884 105.576701 106.618189 131.245815 185.327744 224.559559 234.974034 215.696014 220.378675 246.517797 272.125568 272.767093 271.510319 298.311043 313.934721 319.779537 297.926459 278.279389 276.507636 303.790422 248.479321 180.349346 120.851969 114.655602 78.007800 34.302618 10.755122 6.490485 26.808631 10.007885 -28.566598 -65.852641 -76.163311 -93.414786 -77.213720 -54.692581 -7.778352 30.849334 59.430801 59.492168 42.060597 -9999.0 -9999.0 -9999.0 -9999.0 -9999.0 -9999.0 -9999.0 -9999.0 -9999.0 -9999.0
-9999.0 -9999.0 -9999.0 -9999.0 -9999.0 -9999.0 -293.396741 -284.588638 -264.888334 -259.549380 -235.172958 -227.719329 -207.205111 -187.755989 -166.794971 -149.392719 -117.870572 -84.196516 -40.974255 5.105368 39.048417 36.002519 48.473566 87.784669 140.155806 177.049726 203.521073 245.873885 334.755432 398.042502 423.934764 440.542381 465.313973 510.049869 567.350706 587.940021 562.245381 545.877254 561.683237 594.392949 611.051685 613.908352 622.126166 630.894195 656.552655 647.245498 599.266141 581.444622 578.259670 568.465932 519.652342 456.214528 384.550877 313.538724 222.789808 162.045563 159.403348 169.521487 131.097525 72.506303 27.549553 15.092417 -1.552471 -16.995706 -12.391512 6.409135 29.264575 40.363471 27.636942 6.839700 -16.300198 -45.273999 -43.746421 -18.422418 -9999.0 -9999.0 -9999.0 -9999.0 -9999.0 -9999.0
-9999.0 -9999.0 -9999.0 -9999.0 -343.136597 -330.795338 -342.718109 -319.024149 -286.998054 -253.725670 -221.338381 -183.829678 -156.372084 -125.817627 -82.687611 -42.884801 2.530242 41.052999 103.817524 182.192933 239.360906 269.848221 292.867798 376.860709 469.756375 524.497503 541.878767 564.987216 605.437921 676.019868 706.823955 716.470728 739.089372 771.233349 812.845812 844.724421 826.857595 816.690409 821.990192 831.248956 856.074309 857.640093 859.332348 860.634303 863.840790 863.878786 840.689897 806.827761 796.555431 788.655632 768.677594 701.914160 643.026482 608.114037 582.857308 540.938816 477.655953 442.380436 353.449049 281.400359 209.080966 179.043413 138.177820 105.856154 71.577972 69.783070 71.000603 49.981375 18.386435 -14.079940 -29.400502 -48.419286 -58.982902 -29.280094 -11.746284 19.071427 -9999.0 -9999.0 -9999.0 -9999.0
-9999.0 -9999.0 -401.206373 -351.429950 -295.401288 -286.839946 -284.868602 -279.823254 -252.714414 -201.675154 -122.317258 -67.784407 -21.533017 12.285969 78.611739 172.111906 253.903416 314.474811 402.442283 489.245763 548.262395 581.431226 608.560851 651.144426 707.549662 764.052582 785.999500 810.570099 839.287209 871.309165 892.397562 908.346867 916.774677 915.271451 917.437490 916.465613 912.208346 905.261963 887.296069 883.882130 890.538739 894.057357 897.223036 884.673538 881.330330 894.321722 896.867611 897.034076 899.764813 909.181630 917.777165 883.337967 833.111408 816.693262 811.274498 770.594865 711.287200 657.649956 627.109966 587.648700 519.908181 466.096550 383.182847 309.336706 244.020576 200.938132 147.432574 102.384503 54.380423 7.727634 -16.548475 -35.691791 -38.596977 -38.593778 -22.885137 -7.518776 7.703308 15.419297 -9999.0 -9999.0
-9999.0 -500.439373 -427.965544 -300.236808 -220.928368 -175.380615 -134.744465 -105.438488 -79.718415 -61.715128 50.120693 162.711576 258.647078 299.462736 376.639223 495.418924 590.982276 634.316501 673.582094 728.283703 781.041394 827.011280 855.660098 881.762179 911.929590 915.427943 915.030396 916.069834 909.932597 902.386995 892.848532 900.042386 897.723446 881.464022 867.628672 864.469387 856.845722 829.263683 800.527052 786.035125 786.739358 808.569970 799.891666 779.726653 777.689297 797.624964 814.165436 806.203034 800.172819 820.569580 856.769764 875.581940 888.816436 903.307327 923.963267 900.648688 869.400222 828.484645 807.826652 778.904861 724.359713 664.379536 606.733292 546.914614 480.537753 381.746624 296.312833 226.364432 152.023249 107.395909 73.171185 18.914994 -5.927689 -5.874635 -15.972915 -19.123750 -13.019046 -6.750043 -9999.0 -9999.0
-9999.0 -573.005694 -429.802476 -243.274054 -94.600078 -28.700975 96.816221 184.400608 213.132964 190.976799 315.597489 560.303702 649.981284 664.371074 734.235181 817.053822 852.266132 881.115343 901.470252 903.515682 904.688609 911.514661 908.932360 901.112890 887.127479 879.325913 878.261782 875.620794 857.888064 837.100462 819.499282 815.343231 798.342661 762.415034 733.329217 716.413317 694.294561 658.011396 619.542105 593.124245 580.351345 597.860889 589.884279 573.786394 570.685605 591.804648 623.449774 621.511419 636.015751 667.305163 711.183805 750.222289 771.629408 799.932735 834.747309 877.160214 895.131248 915.454036 920.779783 898.555957 859.007668 809.865779 777.099953 714.955146 646.842472 569.738328 510.640313 448.918390 346.808737 282.187515 223.742885 155.140320 89.741225 57.460884 15.820618 -6.138248 -9999.0 -9999.0 -9999.0 -9999.0
-9999.0 -640.082565 -449.156088 -182.803064 82.973258 226.927608 464.745499 600.398748 662.647736 703.245588 729.729735 847.011818 874.299649 866.494703 854.567804 857.694894 872.155959 876.603535 874.222531 866.878483 860.341824 857.152382 854.049335 841.022145 827.768125 811.743595 798.608532 785.813134 744.637050 711.254361 676.934231 655.654768 617.627703 537.311944 500.947733 465.764554 384.671744 362.284409 342.874643 305.724136 283.541386 266.395176 285.977836 286.472896 287.491483 296.228577 321.364815 350.556482 416.221121 474.484618 519.419386 566.775569 601.139151 650.173993 698.037338 755.578803 785.846898 815.829264 862.014647 899.954706 922.805728 914.389017 886.007088 845.917224 781.736648 716.815431 675.395467 614.093392 550.537630 499.789010 449.634849 361.673937 266.119464 152.892222 105.448575 -9999.0 -9999.0 -9999.0 -9999.0 -9999.0
-9999.0 -797.001614 -529.652915 -231.994971 106.667794 457.339872 586.005637 740.888691 808.569254 749.071676 724.606782 750.772359 791.643081 797.871457 779.624385 774.876548 767.909322 768.979280 783.004880 760.639448 733.837302 718.375458 713.806406 694.443168 663.077079 639.997653 624.834360 605.556703 561.420929 517.172354 437.904385 390.376225 292.853486 221.066893 172.602583 119.626193 60.851446 55.669975 69.575100 51.737111 28.821830 9.977196 35.563142 51.336516 62.561309 53.159256 63.390058 100.977440 155.395082 204.957680 259.824409 323.744884 389.529292 471.027618 508.638004 556.329942 600.454269 652.736595 730.021070 805.414724 840.975551 875.523614 911.612334 929.157633 884.287004 838.786741 796.626203 751.690446 674.776000 629.565971 600.070310 549.716523 490.753992 -9999.0 -9999.0 -9999.0 -9999.0 -9999.0 -9999.0 -9999.0
-9999.0 -930.153247 -699.850768 -453.719570 -151.856194 94.259489 290.817796 438.707678 522.627448 518.798158 530.798509 555.431087 582.302360 602.193825 583.019495 553.131731 531.479853 536.631468 537.148961 517.226923 492.676330 478.892945 474.292918 456.323821 409.396063 378.645453 358.392073 326.697894 283.354064 223.447167 136.867339 62.345884 -3.511491 -40.414364 -71.938289 -106.826996 -147.020637 -136.967795 -122.697149 -127.487464 -139.955492 -144.414427 -114.633132 -96.096567 -85.998417 -99.028834 -80.248731 -52.656252 -9.754209 33.334264 82.652136 139.179568 196.471604 234.191266 254.911984 289.854384 345.438869 434.756875 530.289437 624.009444 702.470175 755.628026 806.652160 842.784559 859.676264 880.157555 868.112988 809.527507 713.307518 701.384376 684.041538 -9999.0 -9999.0 -9999.0 -9999.0 -9999.0 -9999.0 -9999.0 -9999.0 -9999.0
-9999.0 -9999.0 -936.286883 -747.347412 -589.902556 -404.794690 -251.608069 -140.327027 -60.914183 31.620047 124.911932 199.409936 240.524820 257.661175 240.128233 201.248251 176.737305 177.143829 168.178763 154.429011 129.247523 117.912461 106.152648 95.258027 78.072160 67.837280 60.476085 47.583466 23.518600 -24.445341 -78.525832 -132.484557 -188.078910 -213.661095 -235.960020 -258.944343 -262.608197 -264.530030 -257.699829 -256.487524 -251.092439 -239.336227 -218.564184 -197.207723 -187.826686 -180.764155 -168.196084 -144.387162 -110.873813 -69.339383 -16.507136 39.646849 78.658959 91.947843 83.781097 91.606153 117.674979 170.829903 268.240095 383.344596 501.887171 575.470995 652.756975 710.356554 734.756283 756.113282 788.079151 754.724916 493.015821 673.227610 -9999.0 -9999.0 -9999.0 -9999.0 -9999.0 -9999.0 -9999.0 -9999.0 -9999.0 -9999.0
-9999.0 -9999.0 -9999.0 -9999.0 -890.456588 -734.228030 -641.355565 -560.296901 -439.576440 -328.433425 -235.093428 -158.750276 -105.084579 -81.288202 -92.138961 -97.095847 -105.242195 -109.198062 -118.186222 -123.883591 -129.890615 -138.389908 -150.518601 -158.725765 -159.990771 -156.863071 -159.222995 -172.559484 -188.705296 -215.833259 -239.957623 -275.516295 -312.906735 -342.306033 -355.361488 -362.194989 -361.844934 -367.308881 -357.640895 -351.178652 -336.188011 -320.650189 -296.530750 -268.161867 -255.590333 -241.434120 -231.766825 -210.955396 -180.951667 -128.079502 -65.633963 -9.742618 23.846218 27.050445 0.556925 -15.565954 -18.493914 10.994695 61.272269 138.585877 252.130777 344.364444 444.863249 508.931588 545.485125 593.772462 664.786241 718.165197 -9999.0 -9999.0 -9999.0 -9999.0 -9999.0 -9999.0 -9999.0 -9999.0 -9999.0 -9999.0 -9999.0 -9999.0
-9999.0 -9999.0 -9999.0 -9999.0 -9999.0 -9999.0 -946.004217 -851.541948 -765.421122 -644.807301 -532.502234 -440.819740 -365.913083 -340.468978 -322.447336 -299.608200 -304.248534 -321.726599 -338.894696 -322.054755 -312.330003 -317.512206 -345.669256 -347.137998 -343.496803 -333.944242 -335.034877 -341.031504 -365.921089 -357.433911 -358.665463 -381.717044 -407.708377 -421.914137 -433.283061 -423.107157 -422.129826 -434.547488 -432.049890 -405.876105 -386.088030 -372.579698 -349.978526 -316.737064 -284.739942 -270.528571 -269.682239 -263.579748 -222.137515 -151.922405 -81.681421 -28.517134 1.791392 8.500931 -20.746060 -62.651019 -85.054049 -78.789380 -43.858853 10.789117 90.652747 146.330938 187.647660 217.402389 250.179303 355.217248 -9999.0 -9999.0 -9999.0 -9999.0 -9999.0 -9999.0 -9999.0 -9999.0 -9999.0 -9999.0 -9999.0 -9999.0 -9999.0 -9999.0
-9999.0 -9999.0 -9999.0 -9999.0 -9999.0 -9999.0 -9999.0 -9999.0 -9999.0 -9999.0 -9999.0 -9999.0 -9999.0 -9999.0 -9999.0 -9999.0 -9999.0 -9999.0 -9999.0 -9999.0 -9999.0 -9999.0 -9999.0 -9999.0 -9999.0 -9999.0 -9999.0 -9999.0 -9999.0 -9999.0 -9999.0 -9999.0 -9999.0 -9999.0 -9999.0 -9999.0 -9999.0 -9999.0 -9999.0 -9999.0 -9999.0 -9999.0 -9999.0 -9999.0 -9999.0 -9999.0 -9999.0 -9999.0 -9999.0 -9999.0 -9999.0 -9999.0 -9999.0 -9999.0 -9999.0 -9999.0 -9999.0 -9999.0 -9999.0 -9999.0 -9999.0 -9999.0 -9999.0 -9999.0 -9999.0 -9999.0 -9999.0 -9999.0 -9999.0 -9999.0 -9999.0 -9999.0 -9999.0 -9999.0 -9999.0 -9999.0 -9999.0 -9999.0 -9999.0 -9999.0
-9999.0 -9999.0 -9999.0 -9999.0 -9999.0 -9999.0 -9999.0 -9999.0 -9999.0 -9999.0 -9999.0 -9999.0 -9999.0 -9999.0 -9999.0 -9999.0 -9999.0 -9999.0 -9999.0 -9999.0 -9999.0 -9999.0 -9999.0 -9999.0 -9999.0 -9999.0 -9999.0 -9999.0 -9999.0 -9999.0 -9999.0 -9999.0 -9999.0 -9999.0 -9999.0 -9999.0 -9999.0 -9999.0 -9999.0 -9999.0 -9999.0 -9999.0 -9999.0 -9999.0 -9999.0 -9999.0 -9999.0 -9999.0 -9999.0 -9999.0 -9999.0 -9999.0 -9999.0 -9999.0 -9999.0 -9999.0 -9999.0 -9999.0 -9999.0 -9999.0 -9999.0 -9999.0 -9999.0 -9999.0 -9999.0 -9999.0 -9999.0 -9999.0 -9999.0 -9999.0 -9999.0 -9999.0 -9999.0 -9999.0 -9999.0 -9999.0 -9999.0 -9999.0 -9999.0 -9999.0