Borden_/Borden1m_014/output_maps/psiliqL0021N0030.asc
ncols         80
nrows         18
xllcorner     620200.000000
yllcorner     5168000.000000
cellsize      1.000000
NODATA_value  -9999.0
-9999.0 -9999.0 -9999.0 -9999.0 -9999.0 -9999.0 -9999.0 -9999.0 -9999.0 -9999.0 -9999.0 -9999.0 -9999.0 -9999.0 -9999.0 -9999.0 -9999.0 -9999.0 -9999.0 -9999.0 -9999.0 -9999.0 -9999.0 -9999.0 -9999.0 -9999.0 -9999.0 -9999.0 -9999.0 -9999.0 -9999.0 -9999.0 -9999.0 -9999.0 -9999.0 -9999.0 -9999.0 -9999.0 -9999.0 -9999.0 -9999.0 -9999.0 -9999.0 -9999.0 -9999.0 -9999.0 -9999.0 -9999.0 -9999.0 -9999.0 -9999.0 -9999.0 -9999.0 -9999.0 -9999.0 -9999.0 -9999.0 -9999.0 -9999.0 -9999.0 -9999.0 -9999.0 -9999.0 -9999.0 -9999.0 -9999.0 -9999.0 -9999.0 -9999.0 -9999.0 -9999.0 -9999.0 -9999.0 -9999.0 -9999.0 -9999.0 -9999.0 -9999.0 -9999.0 -9999.0
-9999.0 -9999.0 -9999.0 -9999.0 -9999.0 -9999.0 -9999.0 -9999.0 -9999.0 -9999.0 -9999.0 -9999.0 -9999.0 -9999.0 -9999.0 -9999.0 -9999.0 -9999.0 -9999.0 -9999.0 -9999.0 -9999.0 -9999.0 -9999.0 -9999.0 -9999.0 -9999.0 -9999.0 -9999.0 -9999.0 -9999.0 -9999.0 -9999.0 -9999.0 -9999.0 -9999.0 -9999.0 -9999.0 -9999.0 -9999.0 -9999.0 -9999.0 -9999.0 -9999.0 -9999.0 -9999.0 -9999.0 -9999.0 -9999.0 -9999.0 -9999.0 -9999.0 -9999.0 -9999.0 -9999.0 -9999.0 -9999.0 -9999.0 -9999.0 -9999.0 -9999.0 -9999.0 -9999.0 -9999.0 -9999.0 -9999.0 -9999.0 -9999.0 -9999.0 -9999.0 -9999.0 -9999.0 -9999.0 -9999.0 -9999.0 -9999.0 -9999.0 -9999.0 -9999.0 -9999.0
-9999.0 -9999.0 -9999.0 -9999.0 -9999.0 -9999.0 -9999.0 -9999.0 -9999.0 -9999.0 -9999.0 -9999.0 -9999.0 -9999.0 -9999.0 -9999.0 -9999.0 -9999.0 -9999.0 -9999.0 2356.180915 2358.629465 2338.123464 2305.879676 2279.691199 2283.775110 2319.568829 2362.653475 2403.661467 2414.462233 2398.115993 2403.358074 2400.506933 2398.484039 2400.817482 2409.402312 2416.478145 2427.701401 2436.558358 2436.588406 2431.340309 2427.610761 2430.057370 2432.464316 2437.944168 2423.949315 2437.608441 2451.285943 2453.744691 2447.291226 2419.467302 2403.259719 2391.855207 2373.328454 2396.199835 2405.361335 2425.383439 2427.230797 2423.301612 2395.157927 2364.250744 -9999.0 -9999.0 -9999.0 -9999.0 -9999.0 -9999.0 -9999.0 -9999.0 -9999.0 -9999.0 -9999.0 -9999.0 -9999.0 -9999.0 -9999.0 -9999.0 -9999.0 -9999.0 -9999.0
-9999.0 -9999.0 -9999.0 -9999.0 -9999.0 -9999.0 -9999.0 -9999.0 -9999.0 -9999.0 -9999.0 -9999.0 -9999.0 -9999.0 2261.348612 2253.437929 2252.345457 2261.982927 2296.637616 2328.137711 2340.135515 2333.972685 2335.472980 2313.090823 2293.265391 2308.684315 2340.518483 2373.483410 2409.595366 2430.539481 2421.785403 2421.442749 2431.236505 2454.996044 2466.168508 2463.939989 2446.267111 2471.777144 2487.528051 2495.310058 2495.699599 2487.903170 2498.952102 2513.721520 2506.228877 2489.172493 2496.342930 2507.966833 2516.743698 2503.477710 2439.705843 2421.798385 2415.039245 2406.962098 2390.713247 2383.516446 2408.180272 2404.999646 2394.948990 2375.602479 2341.220050 2295.719840 2275.305019 2313.098658 2354.876394 2409.632445 -9999.0 -9999.0 -9999.0 -9999.0 -9999.0 -9999.0 -9999.0 -9999.0 -9999.0 -9999.0 -9999.0 -9999.0 -9999.0 -9999.0
-9999.0 -9999.0 -9999.0 -9999.0 -9999.0 -9999.0 -9999.0 -9999.0 -9999.0 2198.651149 2205.095656 2213.906910 2218.355031 2235.573191 2233.808389 2242.588305 2249.987200 2279.310084 2311.411421 2347.343827 2376.366864 2369.602513 2370.739987 2379.126926 2379.521538 2391.523318 2415.083641 2456.904466 2493.336298 2533.525341 2504.771415 2503.299795 2523.308803 2568.252228 2596.128168 2600.693952 2583.170683 2597.886200 2623.555808 2643.696432 2643.470212 2640.483326 2665.180445 2679.757922 2675.921742 2653.989216 2648.025198 2650.521156 2675.523071 2622.009766 2553.289310 2507.189963 2515.043225 2488.083029 2454.504920 2436.030090 2432.617638 2450.532640 2434.545620 2396.190282 2359.791734 2346.216112 2326.685833 2343.512629 2363.867186 2407.367379 2444.509854 2471.151292 2468.302342 2449.389337 -9999.0 -9999.0 -9999.0 -9999.0 -9999.0 -9999.0 -9999.0 -9999.0 -9999.0 -9999.0
-9999.0 -9999.0 -9999.0 -9999.0 -9999.0 -9999.0 2117.128181 2128.533416 2150.821219 2155.791454 2183.688025 2191.920336 2214.081020 2234.690325 2258.715181 2275.643398 2305.483659 2339.255440 2379.261022 2421.586764 2454.509092 2447.927258 2458.943046 2484.318305 2518.451818 2544.196053 2570.810253 2612.487823 2689.404273 2731.388088 2733.037695 2737.943948 2748.605752 2799.419920 2863.823027 2875.317521 2855.356588 2842.750101 2866.475720 2905.383781 2908.959621 2910.883698 2825.864035 2834.917846 2861.338801 2852.635310 2908.758700 2897.490274 2899.241893 2876.734837 2808.450586 2745.710145 2716.978971 2663.777554 2579.810719 2529.241982 2542.641288 2563.090653 2534.969608 2481.163621 2440.955000 2429.978260 2413.780682 2400.786892 2407.433541 2425.255983 2444.831954 2453.972147 2438.426002 2414.879864 2390.696770 2360.597498 2361.492261 2385.628893 -9999.0 -9999.0 -9999.0 -9999.0 -9999.0 -9999.0
-9999.0 -9999.0 -9999.0 -9999.0 2065.081880 2079.305606 2067.345472 2095.169343 2129.826163 2166.135909 2198.036099 2235.163611 2263.438491 2294.990664 2334.051471 2364.438768 2403.983684 2439.190341 2493.002773 2560.589971 2611.332179 2632.457315 2647.179980 2704.689847 2766.053782 2818.268350 2841.029647 2870.597532 2823.873306 2879.416263 2903.132269 2907.597022 2925.114523 2965.429368 3017.926467 3018.672319 3001.351403 2993.086608 3001.371192 3014.115636 3036.261381 3036.435219 3036.416400 3039.671515 3046.115425 3045.174472 3021.527824 2989.366971 3010.347008 3000.675199 2966.068682 2895.510395 2861.958158 2834.590924 2882.766287 2826.764030 2769.177888 2759.576212 2700.127046 2639.840738 2580.751187 2562.576257 2533.411852 2508.919576 2482.489261 2485.028014 2487.804124 2465.293003 2429.790568 2395.315175 2378.762764 2358.555502 2345.679039 2374.970662 2391.405310 2420.381762 -9999.0 -9999.0 -9999.0 -9999.0
-9999.0 -9999.0 2003.166010 2050.975517 2109.738275 2119.180094 2118.160213 2125.310035 2155.933524 2209.976269 2281.951870 2328.037739 2366.513222 2402.580132 2462.503311 2534.964554 2603.774747 2651.203138 2716.616033 2790.451745 2854.509257 2886.531739 2902.465525 2845.698053 2898.642598 2964.595678 2992.122751 3017.994530 3012.239906 3045.661883 3045.068607 3056.946947 3067.766753 3076.618189 3087.959335 3092.718606 3088.526996 3084.073731 3066.363619 3061.830628 3068.443487 3074.735994 3075.140545 3061.016869 3057.102454 3071.565772 3076.490592 3075.035326 3074.189879 3079.431682 3078.104670 3033.880411 3008.767843 2995.032165 3020.325317 2975.212282 2909.727090 2874.255704 2854.885756 2898.742426 2819.506312 2771.297389 2722.073500 2677.250906 2625.062657 2598.030008 2552.677111 2509.770619 2461.756486 2413.768682 2388.847420 2370.492940 2367.203537 2365.596230 2381.125285 2395.206101 2409.731431 2417.074499 -9999.0 -9999.0
-9999.0 1895.438363 1967.628162 2092.511349 2173.355581 2216.703683 2238.888323 2254.595665 2285.967055 2320.758550 2418.945273 2490.118610 2580.027541 2622.442292 2672.229635 2771.385654 2870.066523 2828.193796 2865.345519 2925.636622 2988.417976 3001.208958 3026.331535 3016.441825 3052.576752 3074.736116 3080.432081 3085.657319 3083.357172 3075.035184 3067.713252 3074.610830 3072.395053 3053.927377 3038.512165 3036.943816 3033.625012 3011.393879 3018.960132 3004.151211 3006.902020 2996.352714 3017.350249 2997.585746 2993.490099 3013.674967 2999.425000 2989.331412 3012.134535 2992.981738 3026.165595 3048.941627 3053.549133 3071.165645 3092.014475 3064.443801 3040.489362 2999.188840 3018.418786 2993.496862 2937.170750 2881.238963 2832.578466 2857.770196 2792.285196 2728.114541 2664.713169 2600.737028 2535.137213 2493.292496 2462.321140 2413.804758 2395.046145 2397.251326 2388.363918 2384.622022 2389.283410 2395.002324 -9999.0 -9999.0
-9999.0 1805.863284 1946.781610 2128.678027 2276.585619 2328.702743 2411.474635 2482.503207 2508.181353 2470.108336 2579.414774 2803.329843 2846.068845 2861.594551 2933.958890 2994.487558 2989.820127 3018.388835 3039.672808 3057.842624 3072.601856 3083.892149 3081.564514 3075.698891 3059.868084 3052.056827 3051.805280 3049.864821 3033.064327 3014.585589 2998.065264 2995.787977 3013.413083 2967.582914 2934.402361 2917.124499 2899.913519 2884.504318 2856.181922 2831.532934 2903.714814 2828.295038 2825.032416 2897.230949 2893.516163 2825.622668 2855.175073 2852.184569 2862.863936 2882.677066 2919.408123 2957.360096 2976.581719 3005.648027 3003.923944 3048.672042 3059.709242 3081.623190 3085.267084 3071.626271 3027.783654 3014.675625 2984.466822 2928.922741 2867.519958 2869.362582 2803.281387 2739.214361 2668.092694 2622.756364 2576.769914 2520.256428 2471.001736 2454.320957 2415.896369 2397.827113 -9999.0 -9999.0 -9999.0 -9999.0
-9999.0 1713.509720 1896.924655 2145.064730 2434.305719 2526.733722 2735.378656 2817.850543 2860.962024 2926.850701 2847.586920 2999.564283 3041.105476 3033.799956 3040.602900 3042.095088 3055.391421 3055.480257 3050.565396 3040.052100 3031.095191 3027.000226 3025.770481 3017.983959 3005.626404 2991.744700 3015.588172 3004.193659 2968.753140 2936.544539 2898.765333 2885.396117 2845.396059 2839.261884 2796.071120 2755.841605 2694.239003 2690.546893 2690.000356 2660.689898 2641.843674 2614.654809 2640.886835 2651.464365 2655.591371 2653.460965 2667.241198 2697.738608 2747.028700 2785.490488 2830.455508 2884.133093 2827.556769 2866.814182 2908.169104 2961.159027 2991.513669 3020.808475 3030.226114 3066.339312 3088.163183 3076.145677 3055.201243 3013.554152 2988.389876 2936.820548 2903.535274 2849.137365 2818.553249 2766.666259 2719.514500 2668.543511 2604.925647 2538.552233 2499.340260 -9999.0 -9999.0 -9999.0 -9999.0 -9999.0
-9999.0 1509.022114 1774.677788 2050.554993 2343.645841 2684.135427 2810.113895 2913.483850 2977.240936 2952.167205 2967.579631 2978.663802 2987.427089 2993.331327 3002.685640 2992.083375 2977.025707 2976.271368 2989.254199 2962.767941 2933.462795 2920.385594 2920.654426 2909.440128 2885.964027 2870.459149 2860.978107 2843.415393 2881.552960 2827.866154 2741.567967 2705.343275 2623.231216 2576.726758 2534.836594 2484.518664 2434.325669 2435.369163 2456.073986 2443.844691 2422.101558 2404.007441 2432.224219 2453.253386 2466.840327 2453.458194 2462.219593 2497.851513 2547.752296 2592.726174 2642.377889 2698.910709 2744.916189 2791.775447 2821.885235 2870.097734 2824.785108 2866.722802 2936.840604 3012.567499 3010.008306 3042.805030 3073.495425 3094.010855 3052.362399 3023.897379 3000.584075 2995.828546 2944.917787 2898.997115 2859.795166 2798.708886 2758.180084 -9999.0 -9999.0 -9999.0 -9999.0 -9999.0 -9999.0 -9999.0
-9999.0 1390.801042 1595.082460 1803.123011 2068.546275 2304.669542 2519.720827 2623.061833 2704.986204 2765.957468 2815.757091 2855.496010 2817.249560 2838.095875 2817.622418 2853.064856 2823.337137 2828.441369 2821.742549 2799.257746 2770.272936 2755.684704 2752.058961 2745.217122 2721.340152 2707.563119 2696.766009 2672.277034 2642.648085 2586.341429 2508.809324 2432.726917 2374.772012 2348.362992 2321.006208 2290.162013 2258.762344 2269.411330 2280.540923 2278.938006 2270.411657 2269.005418 2297.939634 2317.178674 2327.351818 2316.936145 2336.612009 2362.610043 2403.447463 2447.704229 2497.182289 2551.723604 2605.656896 2633.617516 2645.051893 2666.716917 2704.488257 2757.568284 2842.756695 2841.675523 2916.106504 2962.056451 3011.356485 3012.592961 3037.861080 3065.855068 3083.459868 3072.155074 3045.342087 3014.126945 2969.920813 -9999.0 -9999.0 -9999.0 -9999.0 -9999.0 -9999.0 -9999.0 -9999.0 -9999.0
-9999.0 -9999.0 1366.215136 1529.625933 1644.928396 1815.409384 1962.238118 2072.482432 2170.736513 2303.183549 2420.541388 2512.961722 2559.370184 2577.967881 2566.137916 2538.744144 2520.703034 2520.788053 2509.769317 2501.160611 2483.755886 2476.428718 2463.158928 2454.452188 2446.678252 2442.622159 2437.657389 2427.306589 2406.717873 2361.125102 2317.185196 2268.396887 2217.247901 2192.594625 2171.577067 2151.545394 2152.374938 2147.186526 2152.079688 2154.061661 2162.239008 2175.587301 2195.286683 2217.956582 2228.061426 2238.228028 2250.695602 2274.389754 2307.200529 2349.710118 2404.221269 2463.417914 2504.212755 2517.167812 2506.726812 2510.073156 2526.994453 2566.651235 2642.520790 2724.032670 2821.130980 2892.954033 2868.528565 2921.953616 2946.493893 2978.036706 3013.896967 3057.808050 3090.034669 3069.762601 -9999.0 -9999.0 -9999.0 -9999.0 -9999.0 -9999.0 -9999.0 -9999.0 -9999.0 -9999.0
-9999.0 -9999.0 -9999.0 -9999.0 1390.064033 1540.816201 1638.617919 1720.473772 1853.029178 1980.039492 2084.762902 2171.360179 2238.256321 2266.329292 2266.342329 2278.825112 2276.790827 2269.301746 2258.968127 2260.832298 2262.535260 2255.380396 2239.540042 2232.363300 2234.287635 2240.101371 2237.236563 2223.327847 2204.619311 2185.561636 2168.240535 2135.177011 2100.714763 2071.917397 2058.920710 2054.203585 2053.807065 2046.078377 2054.335367 2062.350244 2077.835901 2092.945747 2116.529872 2145.853433 2160.345792 2175.492189 2185.227367 2205.465986 2236.204410 2289.977498 2354.078799 2412.778537 2450.417065 2455.651618 2432.008142 2416.431417 2411.804162 2438.344037 2480.676506 2543.679362 2643.267014 2716.027876 2768.342867 2809.378564 2840.336478 2823.229633 2904.678545 2975.122815 -9999.0 -9999.0 -9999.0 -9999.0 -9999.0 -9999.0 -9999.0 -9999.0 -9999.0 -9999.0 -9999.0 -9999.0
-9999.0 -9999.0 -9999.0 -9999.0 -9999.0 -9999.0 1359.260915 1463.411331 1537.427818 1684.141982 1823.217798 1928.792376 2011.762112 2046.726197 2078.061793 2107.493396 2107.390354 2088.281576 2067.826820 2088.037207 2104.462353 2098.122397 2066.849035 2067.188134 2072.815926 2080.445726 2077.634175 2071.040932 2045.783727 2059.502673 2061.684805 2038.470615 2012.634366 1999.210332 1987.330893 1996.870567 1996.818302 1982.592474 1982.122281 2009.380864 2029.984593 2042.929465 2064.308361 2097.560852 2130.181525 2145.981594 2147.583597 2153.558966 2192.557892 2262.928154 2335.610108 2392.287207 2426.051801 2435.049817 2409.447809 2369.978865 2350.165782 2357.093968 2390.829958 2441.055641 2514.832307 2561.230533 2582.007955 2589.574690 2603.047855 2694.352730 -9999.0 -9999.0 -9999.0 -9999.0 -9999.0 -9999.0 -9999.0 -9999.0 -9999.0 -9999.0 -9999.0 -9999.0 -9999.0 -9999.0
-9999.0 -9999.0 -9999.0 -9999.0 -9999.0 -9999.0 -9999.0 -9999.0 -9999.0 -9999.0 -9999.0 -9999.0 -9999.0 -9999.0 -9999.0 -9999.0 -9999.0 -9999.0 -9999.0 -9999.0 -9999.0 -9999.0 -9999.0 -9999.0 -9999.0 -9999.0 -9999.0 -9999.0 -9999.0 -9999.0 -9999.0 -9999.0 -9999.0 -9999.0 -9999.0 -9999.0 -9999.0 -9999.0 -9999.0 -9999.0 -9999.0 -9999.0 -9999.0 -9999.0 -9999.0 -9999.0 -9999.0 -9999.0 -9999.0 -9999.0 -9999.0 -9999.0 -9999.0 -9999.0 -9999.0 -9999.0 -9999.0 -9999.0 -9999.0 -9999.0 -9999.0 -9999.0 -9999.0 -9999.0 -9999.0 -9999.0 -9999.0 -9999.0 -9999.0 -9999.0 -9999.0 -9999.0 -9999.0 -9999.0 -9999.0 -9999.0 -9999.0 -9999.0 -9999.0 -9999.0
-9999.0 -9999.0 -9999.0 -9999.0 -9999.0 -9999.0 -9999.0 -9999.0 -9999.0 -9999.0 -9999.0 -9999.0 -9999.0 -9999.0 -9999.0 -9999.0 -9999.0 -9999.0 -9999.0 -9999.0 -9999.0 -9999.0 -9999.0 -9999.0 -9999.0 -9999.0 -9999.0 -9999.0 -9999.0 -9999.0 -9999.0 -9999.0 -9999.0 -9999.0 -9999.0 -9999.0 -9999.0 -9999.0 -9999.0 -9999.0 -9999.0 -9999.0 -9999.0 -9999.0 -9999.0 -9999.0 -9999.0 -9999.0 -9999.0 -9999.0 -9999.0 -9999.0 -9999.0 -9999.0 -9999.0 -9999.0 -9999.0 -9999.0 -9999.0 -9999.0 -9999.0 -9999.0 -9999.0 -9999.0 -9999.0 -9999.0 -9999.0 -9999.0 -9999.0 -9999.0 -9999.0 -9999.0 -9999.0 -9999.0 -9999.0 -9999.0 -9999.0 -9999.0 -9999.0 -9999.0