Borden_/Borden1m_014/output_maps/psiliqL0004N0024.asc
ncols         80
nrows         18
xllcorner     620200.000000
yllcorner     5168000.000000
cellsize      1.000000
NODATA_value  -9999.0
-9999.0 -9999.0 -9999.0 -9999.0 -9999.0 -9999.0 -9999.0 -9999.0 -9999.0 -9999.0 -9999.0 -9999.0 -9999.0 -9999.0 -9999.0 -9999.0 -9999.0 -9999.0 -9999.0 -9999.0 -9999.0 -9999.0 -9999.0 -9999.0 -9999.0 -9999.0 -9999.0 -9999.0 -9999.0 -9999.0 -9999.0 -9999.0 -9999.0 -9999.0 -9999.0 -9999.0 -9999.0 -9999.0 -9999.0 -9999.0 -9999.0 -9999.0 -9999.0 -9999.0 -9999.0 -9999.0 -9999.0 -9999.0 -9999.0 -9999.0 -9999.0 -9999.0 -9999.0 -9999.0 -9999.0 -9999.0 -9999.0 -9999.0 -9999.0 -9999.0 -9999.0 -9999.0 -9999.0 -9999.0 -9999.0 -9999.0 -9999.0 -9999.0 -9999.0 -9999.0 -9999.0 -9999.0 -9999.0 -9999.0 -9999.0 -9999.0 -9999.0 -9999.0 -9999.0 -9999.0
-9999.0 -9999.0 -9999.0 -9999.0 -9999.0 -9999.0 -9999.0 -9999.0 -9999.0 -9999.0 -9999.0 -9999.0 -9999.0 -9999.0 -9999.0 -9999.0 -9999.0 -9999.0 -9999.0 -9999.0 -9999.0 -9999.0 -9999.0 -9999.0 -9999.0 -9999.0 -9999.0 -9999.0 -9999.0 -9999.0 -9999.0 -9999.0 -9999.0 -9999.0 -9999.0 -9999.0 -9999.0 -9999.0 -9999.0 -9999.0 -9999.0 -9999.0 -9999.0 -9999.0 -9999.0 -9999.0 -9999.0 -9999.0 -9999.0 -9999.0 -9999.0 -9999.0 -9999.0 -9999.0 -9999.0 -9999.0 -9999.0 -9999.0 -9999.0 -9999.0 -9999.0 -9999.0 -9999.0 -9999.0 -9999.0 -9999.0 -9999.0 -9999.0 -9999.0 -9999.0 -9999.0 -9999.0 -9999.0 -9999.0 -9999.0 -9999.0 -9999.0 -9999.0 -9999.0 -9999.0
-9999.0 -9999.0 -9999.0 -9999.0 -9999.0 -9999.0 -9999.0 -9999.0 -9999.0 -9999.0 -9999.0 -9999.0 -9999.0 -9999.0 -9999.0 -9999.0 -9999.0 -9999.0 -9999.0 -9999.0 -605.489889 -602.998313 -609.591570 -617.548138 -624.165657 -624.746558 -617.210069 -608.266119 -598.378887 -596.193743 -603.376665 -601.879201 -604.569992 -605.938118 -605.866798 -603.800480 -602.796264 -599.606956 -597.480234 -598.200978 -600.483306 -602.205294 -603.437185 -602.794463 -600.400117 -603.845737 -598.752033 -593.558290 -591.609943 -592.063622 -599.514733 -602.861126 -604.226803 -609.786455 -599.749214 -596.350788 -588.513243 -587.494141 -586.528313 -595.321915 -604.210226 -9999.0 -9999.0 -9999.0 -9999.0 -9999.0 -9999.0 -9999.0 -9999.0 -9999.0 -9999.0 -9999.0 -9999.0 -9999.0 -9999.0 -9999.0 -9999.0 -9999.0 -9999.0 -9999.0
-9999.0 -9999.0 -9999.0 -9999.0 -9999.0 -9999.0 -9999.0 -9999.0 -9999.0 -9999.0 -9999.0 -9999.0 -9999.0 -9999.0 -620.174907 -623.541927 -625.063391 -625.590055 -618.779729 -613.137753 -612.227747 -615.667247 -613.313617 -620.494796 -626.855349 -623.001084 -616.927907 -611.364963 -603.075946 -597.094675 -602.230374 -603.499817 -600.505304 -590.538913 -585.869255 -587.716506 -598.548692 -588.113693 -582.339895 -578.717766 -579.212737 -584.021963 -577.110439 -569.164162 -573.020838 -581.512471 -579.710429 -574.678050 -567.005281 -571.815160 -599.348160 -603.353725 -602.376402 -602.361871 -606.342678 -608.955722 -598.712977 -599.691287 -601.630612 -604.443455 -611.526936 -622.251007 -626.882103 -616.148880 -605.822233 -586.687297 -9999.0 -9999.0 -9999.0 -9999.0 -9999.0 -9999.0 -9999.0 -9999.0 -9999.0 -9999.0 -9999.0 -9999.0 -9999.0 -9999.0
-9999.0 -9999.0 -9999.0 -9999.0 -9999.0 -9999.0 -9999.0 -9999.0 -9999.0 -627.278291 -627.954717 -626.898228 -628.811696 -625.645291 -630.114158 -628.842134 -629.372384 -624.575372 -620.134601 -613.191603 -604.904021 -610.342960 -611.015610 -606.935745 -606.181848 -604.009791 -599.563755 -585.905564 -570.501316 -549.219596 -566.441306 -567.350461 -557.369332 -524.123997 -495.329893 -487.247113 -501.394501 -501.040791 -482.767181 -461.648732 -462.188652 -464.031409 -441.354886 -427.389051 -418.133347 -438.945010 -458.472596 -461.430414 -435.048519 -481.343663 -524.823114 -561.468526 -559.431692 -573.647523 -589.970097 -596.607031 -598.502846 -587.274833 -592.010097 -603.542541 -613.245988 -611.603913 -616.657115 -611.528212 -607.119748 -592.141975 -578.775760 -566.610617 -566.057604 -573.569660 -9999.0 -9999.0 -9999.0 -9999.0 -9999.0 -9999.0 -9999.0 -9999.0 -9999.0 -9999.0
-9999.0 -9999.0 -9999.0 -9999.0 -9999.0 -9999.0 -634.926297 -635.054727 -632.812942 -638.196559 -633.578960 -636.070696 -632.586684 -630.691143 -628.041500 -627.305801 -621.317902 -615.588498 -606.335639 -594.418802 -583.842445 -588.390804 -585.545094 -571.370201 -545.971175 -523.398706 -509.036047 -484.152674 -407.492190 -341.754734 -314.016537 -298.825758 -277.565969 -250.886316 -201.485693 -138.971881 -205.742885 -224.753042 -211.482644 -173.552126 -98.211669 -95.654262 -89.610852 -82.281861 -56.512268 -63.564309 -168.448991 -195.822750 -202.866233 -209.969570 -244.661070 -283.582769 -359.204794 -428.808784 -496.782268 -534.741272 -541.089637 -533.884686 -550.822346 -574.948330 -590.425617 -591.305581 -594.707388 -600.020671 -597.357949 -591.050208 -581.952760 -576.530262 -580.817132 -587.083816 -592.438920 -601.952559 -600.618084 -591.533765 -9999.0 -9999.0 -9999.0 -9999.0 -9999.0 -9999.0
-9999.0 -9999.0 -9999.0 -9999.0 -644.649216 -641.801603 -649.934863 -644.963380 -640.818678 -637.392931 -636.457637 -630.791865 -628.544812 -624.126174 -615.499265 -608.287222 -596.409605 -586.981803 -564.207464 -522.741751 -485.239056 -463.115979 -449.736791 -362.220898 -275.804927 -240.910673 -229.835698 -210.420678 -165.273710 -49.178013 -21.208209 -14.338423 2.385733 27.402668 67.100986 100.630501 81.952128 75.644224 77.284525 85.268580 110.216721 110.966145 112.169576 112.329899 114.407100 115.750877 94.587024 63.572561 52.542877 44.455611 -2.016539 -33.773976 -131.978822 -172.313701 -195.460627 -227.802999 -273.299250 -301.184467 -394.044843 -457.809609 -510.489214 -529.752041 -549.008217 -560.095060 -574.249278 -571.878411 -568.272550 -575.834009 -586.279863 -596.372790 -598.465849 -603.125158 -607.533904 -595.966263 -591.220950 -578.833959 -9999.0 -9999.0 -9999.0 -9999.0
-9999.0 -9999.0 -646.217353 -645.158449 -636.883801 -641.009547 -643.714181 -647.386414 -645.111444 -636.723041 -621.215938 -613.281025 -602.419420 -595.798620 -572.996622 -523.399363 -470.329984 -424.715907 -331.293365 -264.298478 -222.761014 -187.524622 -109.093714 -70.503457 -46.410886 22.016536 43.480904 64.367762 89.436142 116.262498 141.229211 156.717351 163.063072 155.814329 156.993538 153.731074 153.178915 148.178362 131.331245 129.113775 136.543201 138.151417 142.127410 129.823142 126.160135 138.511239 140.278179 140.433473 143.321604 150.462953 161.149858 132.345216 79.336925 67.110714 35.813318 26.085116 -32.268658 -122.728488 -155.573275 -194.028505 -251.783682 -285.679431 -365.411610 -441.979663 -492.077865 -515.663057 -541.566501 -559.367694 -576.670846 -592.922497 -598.597323 -602.252986 -600.586571 -601.711692 -595.470901 -590.426502 -583.712213 -580.964263 -9999.0 -9999.0
-9999.0 -649.959167 -651.433202 -636.448080 -632.078922 -628.073166 -623.526097 -619.618298 -615.100272 -618.235236 -579.499284 -516.493506 -456.724617 -431.924547 -349.570075 -247.647385 -109.321624 -73.886393 -64.092193 -6.009672 42.850752 81.007010 106.031393 138.196566 162.186063 156.515707 155.824898 153.174869 146.352039 138.540934 128.228496 136.177900 134.706207 120.144810 108.386087 107.176641 103.763493 79.593701 53.410262 41.203994 46.184490 64.173131 56.449006 36.979647 33.347714 52.377260 66.016353 59.340332 48.801253 63.591241 94.589198 112.890152 129.108399 142.940694 162.826736 140.945179 108.734422 70.921917 31.069085 31.563076 -65.619074 -128.941823 -182.006575 -237.005939 -280.711509 -371.575128 -456.750820 -503.033974 -540.790636 -557.130105 -568.042104 -589.350984 -595.628996 -591.712469 -594.619349 -595.015565 -592.258583 -590.007006 -9999.0 -9999.0
-9999.0 -663.464414 -649.883941 -632.430641 -610.097144 -603.851083 -546.001971 -497.097541 -481.896057 -502.697972 -392.948081 -108.220076 -41.767968 -39.785625 14.559995 82.564950 123.520303 146.054758 160.538172 151.249453 147.063123 148.788952 143.941489 136.572457 122.929439 115.362566 115.349386 112.966903 95.478640 78.759510 63.001788 62.222328 48.581424 15.950411 -12.687070 -25.460038 -42.927790 -111.066298 -156.110176 -185.259340 -197.530696 -179.569088 -188.989987 -205.029502 -208.270097 -187.311967 -154.934518 -158.933831 -150.585249 -125.330150 -81.013171 -2.810746 17.641151 43.123890 75.344495 113.663724 132.320918 150.780555 157.081527 133.358101 94.821339 48.227863 20.984359 -79.010696 -149.327679 -221.474262 -263.121760 -297.176120 -397.458238 -455.507901 -497.028334 -533.960982 -563.152340 -571.104716 -586.709238 -590.554809 -9999.0 -9999.0 -9999.0 -9999.0
-9999.0 -665.359092 -651.704040 -620.137169 -548.081539 -465.432180 -277.088539 -161.463033 -6.216043 -41.676060 63.116616 141.081402 151.799548 135.743673 111.089277 108.061413 117.944857 120.215167 116.286506 106.888829 97.221037 91.364486 69.016839 83.807348 72.301138 57.899842 47.236648 35.318342 -45.141114 -80.635115 -108.992383 -127.297139 -162.142011 -233.908261 -258.256346 -276.828862 -352.573915 -372.349261 -392.978087 -431.722862 -449.703215 -461.240874 -445.986993 -449.349459 -450.498883 -441.304628 -416.607738 -394.442327 -330.254354 -281.731527 -255.464513 -217.590491 -187.264527 -142.373641 -90.748492 3.410202 31.734119 56.885538 78.145813 133.742483 154.914000 147.112768 118.461473 62.339196 24.890894 -78.549223 -124.770635 -181.797963 -235.769477 -269.867345 -295.797562 -373.731737 -464.125352 -527.650991 -547.338047 -9999.0 -9999.0 -9999.0 -9999.0 -9999.0
-9999.0 -685.471867 -653.364281 -626.640507 -513.461601 -267.726327 -182.246370 67.442276 126.646813 55.739397 -42.196112 28.107955 62.896547 63.143697 39.846416 31.548630 25.236499 24.618958 37.236803 9.376987 -59.952122 -78.323519 -81.330351 -93.974729 -119.493884 -140.078698 -155.484146 -176.347644 -222.231407 -253.208656 -300.182631 -344.367507 -440.569247 -496.946149 -526.650569 -553.407859 -579.494111 -579.073883 -570.754615 -578.190418 -586.685993 -595.190523 -584.606363 -579.355465 -574.770794 -580.132895 -578.021183 -563.592619 -540.412144 -516.808824 -481.951434 -431.151284 -366.476205 -285.293676 -262.514902 -225.040909 -185.911610 -136.464299 -63.692989 47.886699 78.434897 109.132449 144.920412 162.546012 124.189075 85.815934 36.602795 -14.843886 -123.192092 -180.831557 -207.422975 -236.344968 -272.596475 -9999.0 -9999.0 -9999.0 -9999.0 -9999.0 -9999.0 -9999.0
-9999.0 -696.102161 -662.420385 -655.603293 -610.605750 -524.003109 -396.839862 -264.107199 -119.704108 -223.688527 -235.113820 -216.688314 -193.670857 -175.036357 -195.193407 -221.041180 -237.843057 -234.285584 -232.630806 -248.267745 -266.760438 -274.916399 -275.945284 -286.124741 -330.794415 -359.807521 -377.661005 -409.901770 -451.228875 -494.232056 -547.354483 -576.721106 -598.306060 -606.692605 -612.964724 -619.468766 -630.349945 -624.760850 -620.192000 -621.338061 -624.753465 -627.096781 -618.866667 -615.495692 -612.845727 -619.609392 -614.336132 -608.870267 -597.548414 -585.703934 -569.476033 -546.935498 -519.854907 -500.951843 -487.081661 -459.432218 -409.349087 -310.079929 -245.791273 -160.798430 -86.573862 -0.892085 47.606833 65.800362 100.143730 112.874379 117.730467 92.227329 4.469750 -108.598196 -143.671647 -9999.0 -9999.0 -9999.0 -9999.0 -9999.0 -9999.0 -9999.0 -9999.0 -9999.0
-9999.0 -9999.0 -703.966826 -689.386198 -676.870720 -661.994744 -640.975868 -615.427482 -594.263790 -567.587992 -531.627131 -493.276893 -468.046807 -456.106571 -471.788125 -502.053013 -519.514344 -518.583598 -523.438793 -532.843156 -549.107724 -554.987123 -559.174426 -562.588130 -569.888752 -573.073079 -574.568736 -577.791170 -584.741110 -599.700813 -613.195215 -623.058440 -633.355367 -633.957945 -635.956078 -639.414874 -637.083969 -637.742086 -636.769743 -637.109004 -636.226086 -634.510257 -632.233872 -629.263199 -628.780286 -627.864824 -626.585079 -623.201637 -617.987364 -610.898066 -598.317419 -580.949238 -567.814294 -564.479219 -570.554225 -568.643367 -559.705762 -538.317321 -476.293861 -362.829476 -266.388374 -211.202742 -140.190163 -87.025534 -45.215238 -4.389483 49.718781 85.393994 50.445654 -91.405874 -9999.0 -9999.0 -9999.0 -9999.0 -9999.0 -9999.0 -9999.0 -9999.0 -9999.0 -9999.0
-9999.0 -9999.0 -9999.0 -9999.0 -710.617826 -689.784519 -671.525418 -672.377471 -658.087202 -648.128881 -638.378145 -627.140253 -617.823528 -612.302484 -618.035113 -619.443417 -620.941558 -620.417570 -622.000918 -623.568923 -624.412290 -625.617285 -627.040564 -628.581327 -628.059852 -626.666147 -626.409061 -629.023698 -629.716672 -634.582524 -635.794974 -639.160763 -642.381263 -645.726862 -645.404249 -645.761288 -644.532291 -645.954229 -643.794622 -644.782716 -642.946728 -641.916800 -639.516146 -635.798064 -636.473648 -634.354216 -633.964319 -631.086146 -629.044374 -620.827319 -607.984503 -593.499054 -583.745515 -583.900195 -595.221271 -600.496773 -603.138796 -595.405498 -581.592459 -553.732268 -490.545486 -418.624768 -307.364796 -263.738227 -238.817804 -196.672585 -128.495848 -52.594478 -9999.0 -9999.0 -9999.0 -9999.0 -9999.0 -9999.0 -9999.0 -9999.0 -9999.0 -9999.0 -9999.0 -9999.0
-9999.0 -9999.0 -9999.0 -9999.0 -9999.0 -9999.0 -701.615397 -691.091889 -693.844355 -685.000107 -676.793221 -670.174806 -661.113897 -661.320736 -658.554847 -652.149834 -653.013259 -656.196961 -660.105895 -654.559496 -652.003198 -651.631279 -657.883099 -656.304657 -655.579553 -653.228997 -653.464995 -652.653090 -657.892633 -651.964949 -649.222980 -650.679221 -652.110849 -651.251288 -652.600686 -648.938581 -648.504990 -651.496559 -652.317999 -647.855681 -646.352022 -646.664887 -645.447513 -641.997740 -637.289059 -636.295447 -638.007636 -640.271785 -635.003864 -623.203658 -609.557672 -597.346252 -589.431560 -587.167065 -597.173853 -610.584252 -617.394251 -617.916712 -611.534331 -599.431428 -573.294203 -554.887204 -539.978640 -523.203107 -502.597895 -408.224236 -9999.0 -9999.0 -9999.0 -9999.0 -9999.0 -9999.0 -9999.0 -9999.0 -9999.0 -9999.0 -9999.0 -9999.0 -9999.0 -9999.0
-9999.0 -9999.0 -9999.0 -9999.0 -9999.0 -9999.0 -9999.0 -9999.0 -9999.0 -9999.0 -9999.0 -9999.0 -9999.0 -9999.0 -9999.0 -9999.0 -9999.0 -9999.0 -9999.0 -9999.0 -9999.0 -9999.0 -9999.0 -9999.0 -9999.0 -9999.0 -9999.0 -9999.0 -9999.0 -9999.0 -9999.0 -9999.0 -9999.0 -9999.0 -9999.0 -9999.0 -9999.0 -9999.0 -9999.0 -9999.0 -9999.0 -9999.0 -9999.0 -9999.0 -9999.0 -9999.0 -9999.0 -9999.0 -9999.0 -9999.0 -9999.0 -9999.0 -9999.0 -9999.0 -9999.0 -9999.0 -9999.0 -9999.0 -9999.0 -9999.0 -9999.0 -9999.0 -9999.0 -9999.0 -9999.0 -9999.0 -9999.0 -9999.0 -9999.0 -9999.0 -9999.0 -9999.0 -9999.0 -9999.0 -9999.0 -9999.0 -9999.0 -9999.0 -9999.0 -9999.0
-9999.0 -9999.0 -9999.0 -9999.0 -9999.0 -9999.0 -9999.0 -9999.0 -9999.0 -9999.0 -9999.0 -9999.0 -9999.0 -9999.0 -9999.0 -9999.0 -9999.0 -9999.0 -9999.0 -9999.0 -9999.0 -9999.0 -9999.0 -9999.0 -9999.0 -9999.0 -9999.0 -9999.0 -9999.0 -9999.0 -9999.0 -9999.0 -9999.0 -9999.0 -9999.0 -9999.0 -9999.0 -9999.0 -9999.0 -9999.0 -9999.0 -9999.0 -9999.0 -9999.0 -9999.0 -9999.0 -9999.0 -9999.0 -9999.0 -9999.0 -9999.0 -9999.0 -9999.0 -9999.0 -9999.0 -9999.0 -9999.0 -9999.0 -9999.0 -9999.0 -9999.0 -9999.0 -9999.0 -9999.0 -9999.0 -9999.0 -9999.0 -9999.0 -9999.0 -9999.0 -9999.0 -9999.0 -9999.0 -9999.0 -9999.0 -9999.0 -9999.0 -9999.0 -9999.0 -9999.0