Borden_/Borden1m_014/output_maps/psiliqL0027N0031.asc
ncols         80
nrows         18
xllcorner     620200.000000
yllcorner     5168000.000000
cellsize      1.000000
NODATA_value  -9999.0
-9999.0 -9999.0 -9999.0 -9999.0 -9999.0 -9999.0 -9999.0 -9999.0 -9999.0 -9999.0 -9999.0 -9999.0 -9999.0 -9999.0 -9999.0 -9999.0 -9999.0 -9999.0 -9999.0 -9999.0 -9999.0 -9999.0 -9999.0 -9999.0 -9999.0 -9999.0 -9999.0 -9999.0 -9999.0 -9999.0 -9999.0 -9999.0 -9999.0 -9999.0 -9999.0 -9999.0 -9999.0 -9999.0 -9999.0 -9999.0 -9999.0 -9999.0 -9999.0 -9999.0 -9999.0 -9999.0 -9999.0 -9999.0 -9999.0 -9999.0 -9999.0 -9999.0 -9999.0 -9999.0 -9999.0 -9999.0 -9999.0 -9999.0 -9999.0 -9999.0 -9999.0 -9999.0 -9999.0 -9999.0 -9999.0 -9999.0 -9999.0 -9999.0 -9999.0 -9999.0 -9999.0 -9999.0 -9999.0 -9999.0 -9999.0 -9999.0 -9999.0 -9999.0 -9999.0 -9999.0
-9999.0 -9999.0 -9999.0 -9999.0 -9999.0 -9999.0 -9999.0 -9999.0 -9999.0 -9999.0 -9999.0 -9999.0 -9999.0 -9999.0 -9999.0 -9999.0 -9999.0 -9999.0 -9999.0 -9999.0 -9999.0 -9999.0 -9999.0 -9999.0 -9999.0 -9999.0 -9999.0 -9999.0 -9999.0 -9999.0 -9999.0 -9999.0 -9999.0 -9999.0 -9999.0 -9999.0 -9999.0 -9999.0 -9999.0 -9999.0 -9999.0 -9999.0 -9999.0 -9999.0 -9999.0 -9999.0 -9999.0 -9999.0 -9999.0 -9999.0 -9999.0 -9999.0 -9999.0 -9999.0 -9999.0 -9999.0 -9999.0 -9999.0 -9999.0 -9999.0 -9999.0 -9999.0 -9999.0 -9999.0 -9999.0 -9999.0 -9999.0 -9999.0 -9999.0 -9999.0 -9999.0 -9999.0 -9999.0 -9999.0 -9999.0 -9999.0 -9999.0 -9999.0 -9999.0 -9999.0
-9999.0 -9999.0 -9999.0 -9999.0 -9999.0 -9999.0 -9999.0 -9999.0 -9999.0 -9999.0 -9999.0 -9999.0 -9999.0 -9999.0 -9999.0 -9999.0 -9999.0 -9999.0 -9999.0 -9999.0 3525.156363 3525.929435 3504.189923 3469.893504 3441.430567 3442.990740 3475.496301 3515.770781 3554.293385 3561.163523 3541.703131 3545.352023 3540.672727 3535.639366 3535.418089 3543.033712 3549.702024 3559.124170 3565.809885 3563.220825 3555.663809 3550.589869 3553.319060 3554.759283 3561.100924 3546.335530 3562.539879 3578.944020 3583.679266 3581.261784 3557.970110 3546.529641 3538.860982 3523.535504 3550.534952 3562.441147 3586.219012 3591.142244 3589.395357 3562.971092 3533.103141 -9999.0 -9999.0 -9999.0 -9999.0 -9999.0 -9999.0 -9999.0 -9999.0 -9999.0 -9999.0 -9999.0 -9999.0 -9999.0 -9999.0 -9999.0 -9999.0 -9999.0 -9999.0 -9999.0
-9999.0 -9999.0 -9999.0 -9999.0 -9999.0 -9999.0 -9999.0 -9999.0 -9999.0 -9999.0 -9999.0 -9999.0 -9999.0 -9999.0 3435.338469 3426.509349 3423.378994 3430.272259 3462.329709 3492.314386 3503.793402 3496.088448 3495.598594 3470.443637 3447.027003 3459.091353 3487.997250 3517.876649 3550.673053 3567.313797 3555.986777 3553.007008 3559.328509 3577.933257 3585.170139 3581.249708 3563.687907 3587.881629 3600.676148 3604.516225 3602.264775 3592.195854 3600.424328 3614.185756 3607.077264 3592.055508 3603.649617 3619.037305 3629.753917 3622.323792 3565.104146 3554.112511 3551.451609 3548.123728 3535.631941 3532.460918 3561.547523 3561.573502 3554.923372 3538.241224 3505.291827 3460.294027 3441.798327 3483.077861 3527.178989 3583.804047 -9999.0 -9999.0 -9999.0 -9999.0 -9999.0 -9999.0 -9999.0 -9999.0 -9999.0 -9999.0 -9999.0 -9999.0 -9999.0 -9999.0
-9999.0 -9999.0 -9999.0 -9999.0 -9999.0 -9999.0 -9999.0 -9999.0 -9999.0 3378.287090 3384.118905 3390.761008 3392.919083 3407.652919 3404.020293 3410.528385 3413.798956 3440.580158 3469.398007 3502.228997 3528.544920 3518.839554 3516.913290 3519.685234 3512.660936 3519.511203 3539.248667 3575.130359 3605.113360 3639.461006 3605.158340 3599.696205 3616.740835 3657.114745 3678.796585 3679.932974 3661.083063 3678.626063 3701.851829 3716.723886 3712.852844 3706.416626 3732.519733 3747.922894 3740.885663 3719.074764 3719.067201 3727.449151 3757.218622 3706.679847 3640.915400 3604.208909 3621.642443 3601.751166 3577.471774 3567.845487 3569.420392 3590.435540 3579.544649 3546.481084 3514.040024 3502.780483 3486.608986 3508.643131 3532.607194 3579.577479 3620.007604 3650.278987 3650.021879 3633.023993 -9999.0 -9999.0 -9999.0 -9999.0 -9999.0 -9999.0 -9999.0 -9999.0 -9999.0 -9999.0
-9999.0 -9999.0 -9999.0 -9999.0 -9999.0 -9999.0 3299.950596 3310.329236 3330.800875 3332.885578 3359.055780 3363.659818 3381.719179 3398.153966 3419.365310 3431.178126 3454.979797 3483.908163 3518.714944 3555.062206 3581.514536 3568.715203 3573.218183 3590.942310 3615.806940 3633.146150 3655.183193 3692.535985 3764.429035 3800.273608 3791.150950 3791.445985 3799.478121 3849.971943 3913.913690 3924.288627 3903.558723 3890.702792 3914.852442 3952.670287 3950.080637 3948.803789 3962.451804 3973.524753 4000.414311 3989.106300 3953.254428 3948.788727 3956.491499 3932.794431 3862.731770 3806.199043 3789.066283 3742.346610 3658.877529 3617.615722 3643.676437 3672.978556 3652.483113 3603.849671 3572.795974 3568.448364 3558.390887 3552.788412 3566.494506 3590.389801 3614.967421 3629.500042 3618.109106 3597.633606 3576.359024 3548.521519 3551.466517 3576.562576 -9999.0 -9999.0 -9999.0 -9999.0 -9999.0 -9999.0
-9999.0 -9999.0 -9999.0 -9999.0 3250.865956 3263.393733 3247.875136 3273.641614 3304.915925 3337.786543 3364.169976 3394.527711 3416.522930 3442.111190 3473.702473 3493.615119 3523.928331 3552.307014 3598.206670 3658.146861 3701.316186 3713.329697 3721.088508 3771.449226 3827.289722 3873.760834 3892.360992 3918.382389 3965.059752 4021.707463 4043.702743 4046.150414 4063.093351 4107.440364 4164.938760 4200.407637 4182.555664 4173.313221 4183.966828 4198.756051 4220.911120 4220.958727 4222.093881 4226.508493 4234.542090 4232.526569 4205.374199 4171.691956 4158.644646 4148.275770 4108.919099 4036.083329 4006.566338 3977.122051 3932.807696 3877.992508 3832.614193 3835.580508 3780.801527 3725.636864 3677.061738 3670.769621 3651.771744 3637.008051 3621.051053 3634.597388 3647.589315 3633.251605 3603.720343 3574.903862 3562.386072 3545.207372 3534.098973 3565.581556 3583.664615 3613.165712 -9999.0 -9999.0 -9999.0 -9999.0
-9999.0 -9999.0 3192.559647 3237.087345 3293.528403 3298.646122 3290.386530 3292.049260 3317.253852 3365.215316 3425.329869 3460.122776 3486.763827 3516.073398 3565.218627 3624.902240 3683.368118 3725.353208 3783.420047 3852.910747 3911.906932 3938.297319 3946.707944 3982.521449 4037.799501 4108.206242 4136.714085 4163.575432 4195.997779 4233.271231 4222.921471 4233.253777 4246.161297 4260.105452 4276.166561 4283.882644 4278.798532 4274.147436 4255.456379 4250.081903 4256.527127 4264.941201 4263.649758 4248.813466 4244.830261 4259.995958 4266.501478 4264.235929 4261.071265 4265.716231 4260.220685 4210.567023 4195.245482 4179.661320 4167.335437 4120.599760 4053.149088 4021.351385 3999.261273 3957.572471 3883.883312 3847.566842 3808.901296 3775.118349 3738.651538 3726.915163 3695.637467 3664.266894 3626.200019 3585.977880 3567.409689 3553.680499 3553.682692 3554.566089 3572.623425 3588.465406 3604.526493 3612.646118 -9999.0 -9999.0
-9999.0 3082.379226 3152.784400 3272.796706 3349.299785 3384.153094 3389.244222 3389.356660 3413.413118 3445.698521 3529.799809 3575.140514 3657.441454 3695.181087 3734.920366 3824.663841 3919.825171 3963.702899 4003.335998 4068.379208 4135.242750 4182.866652 4209.468095 4184.931924 4225.417742 4257.225978 4266.034576 4273.559111 4274.109167 4265.542048 4259.275701 4265.856683 4262.765069 4243.313133 4226.980801 4225.128706 4221.664334 4198.109476 4170.394804 4154.648117 4155.770917 4181.033916 4167.689323 4146.196783 4141.733549 4163.577902 4185.394728 4174.545943 4161.316279 4177.978448 4212.922213 4238.504622 4238.677719 4257.486914 4278.667374 4249.181031 4228.567450 4184.046938 4166.904444 4141.298930 4083.788306 4028.925669 3980.604936 3932.319695 3880.362966 3832.295430 3785.072335 3738.198256 3685.557567 3653.184605 3629.431570 3587.513299 3575.697978 3582.788849 3578.332186 3577.073162 3583.856614 3590.499714 -9999.0 -9999.0
-9999.0 2983.866579 3121.674908 3297.055032 3437.851955 3475.531893 3532.029100 3584.751261 3596.933558 3538.907174 3639.745994 3857.412649 3982.535592 4000.842887 4077.515402 4174.234639 4153.489957 4185.352432 4209.090271 4236.918573 4259.250087 4274.261887 4272.720300 4267.755410 4251.099149 4243.055365 4242.130432 4239.963354 4222.363459 4203.226702 4186.287267 4182.945572 4164.651469 4114.186737 4080.602742 4062.713340 4042.903159 4029.745891 4002.797895 3976.599545 3959.651408 3969.329908 3968.160498 3955.072901 3950.667040 3968.512722 3999.436112 3998.007565 4010.583703 4030.352965 4065.856109 4104.486453 4123.866175 4153.211369 4189.048495 4237.773644 4245.972657 4268.559178 4271.303980 4261.671050 4214.517886 4162.528994 4132.947060 4077.236597 4017.659877 3955.952419 3906.895056 3862.223547 3806.964981 3773.375397 3734.650997 3681.361824 3639.562269 3633.347217 3600.538839 3588.185653 -9999.0 -9999.0 -9999.0 -9999.0
-9999.0 2880.256026 3055.787385 3290.423744 3585.086199 3652.147825 3854.147555 3968.134052 4006.176877 4074.270065 3945.583296 4159.629901 4214.985798 4210.647176 4228.768482 4232.353433 4246.920933 4246.134710 4241.045393 4229.926933 4220.196937 4215.515136 4214.502139 4206.561071 4193.871620 4179.179565 4167.179695 4155.572550 4118.560033 4086.315580 4046.301441 4033.593245 3987.865933 3895.557584 3856.958728 3817.742718 3756.036271 3759.125759 3767.838988 3744.203093 3724.438829 3695.314830 3725.805306 3737.371532 3741.859647 3736.559634 3745.566812 3775.041226 3823.625705 3858.159019 3896.943886 3945.019202 3975.672760 4014.896892 4054.490348 4106.947911 4138.409416 4167.435561 4216.890587 4254.029446 4276.876798 4262.462074 4244.435563 4199.078141 4138.607002 4089.146649 4059.910088 4009.077694 3965.470019 3922.116984 3875.760783 3823.133723 3761.752074 3711.029922 3677.676897 -9999.0 -9999.0 -9999.0 -9999.0 -9999.0
-9999.0 2658.739787 2914.342329 3172.686562 3440.787404 3784.702437 3961.937400 4054.526733 4118.414469 4103.762137 4129.393353 4135.117155 4172.468215 4180.092342 4158.755867 4144.580384 4126.501104 4125.411647 4138.515930 4110.955921 4080.418850 4066.918570 4067.858140 4057.176332 4033.139125 4018.289215 4009.062014 3990.382332 3947.321201 3896.825165 3812.231561 3776.829301 3697.449295 3660.603631 3625.000168 3578.397562 3534.686306 3541.107678 3566.662278 3558.338570 3537.946049 3521.276990 3551.023625 3572.261394 3585.648475 3568.964858 3575.408765 3609.665745 3655.853892 3696.029023 3739.470226 3787.115496 3828.977076 3867.714189 3887.912085 3926.597626 3968.725012 4010.364629 4080.717478 4159.769699 4196.172083 4231.106363 4259.621913 4281.690965 4238.594821 4212.637337 4188.685264 4164.949278 4118.462683 4072.922770 4032.362024 3967.273522 3907.731261 -9999.0 -9999.0 -9999.0 -9999.0 -9999.0 -9999.0 -9999.0
-9999.0 2548.194518 2738.175520 2914.529178 3152.625710 3380.204310 3605.840634 3695.879593 3766.500716 3842.352616 3898.726736 3937.334371 3963.118616 3984.897093 3962.386996 3915.746714 3883.227797 3888.322707 3878.889369 3858.236640 3830.803797 3818.144848 3815.437038 3810.930094 3790.103700 3780.308912 3773.898376 3756.242112 3731.647231 3679.161069 3608.825843 3535.767087 3483.225238 3465.603671 3444.303302 3418.638367 3393.551996 3407.527067 3420.367884 3421.080288 3415.384641 3416.223133 3445.262490 3465.289215 3474.697425 3463.993605 3482.032499 3504.636042 3540.875004 3579.640817 3623.770790 3673.313624 3721.229763 3740.507561 3741.540653 3751.745207 3778.444811 3821.068094 3896.974234 3982.994612 4061.499084 4107.314480 4158.341075 4198.681188 4227.262412 4251.329708 4274.360089 4267.905299 4241.556721 4207.965438 4148.717259 -9999.0 -9999.0 -9999.0 -9999.0 -9999.0 -9999.0 -9999.0 -9999.0 -9999.0
-9999.0 -9999.0 2513.413907 2662.464200 2753.724226 2896.258899 3027.868129 3131.832908 3232.427857 3376.792165 3501.171880 3595.970117 3642.849243 3658.525905 3644.962267 3617.401973 3600.878699 3600.446547 3588.581900 3583.017595 3569.680031 3564.940333 3553.086978 3546.062707 3543.192454 3543.628759 3542.196938 3534.933500 3519.449501 3479.400154 3444.786513 3402.095070 3357.634754 3337.424880 3320.735858 3305.295670 3310.945111 3306.489957 3312.474865 3316.020937 3326.431858 3341.097823 3360.425788 3383.217409 3392.855719 3403.205166 3413.697895 3434.817318 3464.094370 3503.691007 3554.472424 3608.768180 3644.073038 3650.155975 3631.162804 3624.984242 3631.755286 3659.240342 3720.805019 3788.954532 3879.006166 3944.739197 4011.680568 4067.937072 4094.831299 4131.223332 4202.078249 4250.152266 4293.391325 4270.945457 -9999.0 -9999.0 -9999.0 -9999.0 -9999.0 -9999.0 -9999.0 -9999.0 -9999.0 -9999.0
-9999.0 -9999.0 -9999.0 -9999.0 2522.998021 2668.872524 2766.348485 2822.616552 2955.523534 3077.628517 3181.316316 3268.492027 3338.391405 3364.323250 3366.496871 3385.348434 3385.169055 3375.561839 3364.623547 3370.756326 3377.014267 3371.418469 3354.773940 3349.509995 3354.945415 3364.596321 3364.385830 3353.331108 3337.112063 3326.246717 3316.488855 3288.390585 3258.653590 3233.431597 3223.525939 3222.551523 3224.060607 3217.057886 3226.159499 3236.014904 3252.498881 3267.831934 3291.356368 3321.213163 3336.065705 3350.590372 3358.724709 3376.544060 3404.582899 3455.580865 3516.802117 3572.940371 3606.536910 3606.382324 3577.100054 3554.593388 3541.066366 3557.343244 3585.215043 3634.528755 3723.091047 3784.864955 3829.194332 3867.162797 3903.432471 3969.155347 4064.771814 4146.596936 -9999.0 -9999.0 -9999.0 -9999.0 -9999.0 -9999.0 -9999.0 -9999.0 -9999.0 -9999.0 -9999.0 -9999.0
-9999.0 -9999.0 -9999.0 -9999.0 -9999.0 -9999.0 2502.789839 2609.650327 2675.125426 2805.326010 2952.678363 3051.596666 3135.059000 3171.791972 3205.562187 3236.827268 3238.002840 3217.518921 3195.334797 3218.157562 3238.962166 3232.905701 3200.468293 3203.205070 3211.921709 3221.197719 3220.390843 3216.680719 3194.642920 3215.015050 3222.851171 3203.097916 3180.600791 3171.557524 3162.057945 3173.638161 3175.016948 3161.419360 3160.682966 3188.885269 3210.535797 3223.529813 3244.425195 3277.624048 3310.050164 3325.631572 3326.108278 3330.101936 3365.687459 3433.149940 3503.750861 3558.532843 3589.241211 3593.493906 3562.142525 3516.748564 3489.933715 3487.841883 3510.945526 3548.826293 3608.989696 3644.194650 3653.460527 3652.469982 3663.191302 3763.595765 -9999.0 -9999.0 -9999.0 -9999.0 -9999.0 -9999.0 -9999.0 -9999.0 -9999.0 -9999.0 -9999.0 -9999.0 -9999.0 -9999.0
-9999.0 -9999.0 -9999.0 -9999.0 -9999.0 -9999.0 -9999.0 -9999.0 -9999.0 -9999.0 -9999.0 -9999.0 -9999.0 -9999.0 -9999.0 -9999.0 -9999.0 -9999.0 -9999.0 -9999.0 -9999.0 -9999.0 -9999.0 -9999.0 -9999.0 -9999.0 -9999.0 -9999.0 -9999.0 -9999.0 -9999.0 -9999.0 -9999.0 -9999.0 -9999.0 -9999.0 -9999.0 -9999.0 -9999.0 -9999.0 -9999.0 -9999.0 -9999.0 -9999.0 -9999.0 -9999.0 -9999.0 -9999.0 -9999.0 -9999.0 -9999.0 -9999.0 -9999.0 -9999.0 -9999.0 -9999.0 -9999.0 -9999.0 -9999.0 -9999.0 -9999.0 -9999.0 -9999.0 -9999.0 -9999.0 -9999.0 -9999.0 -9999.0 -9999.0 -9999.0 -9999.0 -9999.0 -9999.0 -9999.0 -9999.0 -9999.0 -9999.0 -9999.0 -9999.0 -9999.0
-9999.0 -9999.0 -9999.0 -9999.0 -9999.0 -9999.0 -9999.0 -9999.0 -9999.0 -9999.0 -9999.0 -9999.0 -9999.0 -9999.0 -9999.0 -9999.0 -9999.0 -9999.0 -9999.0 -9999.0 -9999.0 -9999.0 -9999.0 -9999.0 -9999.0 -9999.0 -9999.0 -9999.0 -9999.0 -9999.0 -9999.0 -9999.0 -9999.0 -9999.0 -9999.0 -9999.0 -9999.0 -9999.0 -9999.0 -9999.0 -9999.0 -9999.0 -9999.0 -9999.0 -9999.0 -9999.0 -9999.0 -9999.0 -9999.0 -9999.0 -9999.0 -9999.0 -9999.0 -9999.0 -9999.0 -9999.0 -9999.0 -9999.0 -9999.0 -9999.0 -9999.0 -9999.0 -9999.0 -9999.0 -9999.0 -9999.0 -9999.0 -9999.0 -9999.0 -9999.0 -9999.0 -9999.0 -9999.0 -9999.0 -9999.0 -9999.0 -9999.0 -9999.0 -9999.0 -9999.0