Borden_/Borden1m_014/output_maps/psiliqL0028N0037.asc
ncols         80
nrows         18
xllcorner     620200.000000
yllcorner     5168000.000000
cellsize      1.000000
NODATA_value  -9999.0
-9999.0 -9999.0 -9999.0 -9999.0 -9999.0 -9999.0 -9999.0 -9999.0 -9999.0 -9999.0 -9999.0 -9999.0 -9999.0 -9999.0 -9999.0 -9999.0 -9999.0 -9999.0 -9999.0 -9999.0 -9999.0 -9999.0 -9999.0 -9999.0 -9999.0 -9999.0 -9999.0 -9999.0 -9999.0 -9999.0 -9999.0 -9999.0 -9999.0 -9999.0 -9999.0 -9999.0 -9999.0 -9999.0 -9999.0 -9999.0 -9999.0 -9999.0 -9999.0 -9999.0 -9999.0 -9999.0 -9999.0 -9999.0 -9999.0 -9999.0 -9999.0 -9999.0 -9999.0 -9999.0 -9999.0 -9999.0 -9999.0 -9999.0 -9999.0 -9999.0 -9999.0 -9999.0 -9999.0 -9999.0 -9999.0 -9999.0 -9999.0 -9999.0 -9999.0 -9999.0 -9999.0 -9999.0 -9999.0 -9999.0 -9999.0 -9999.0 -9999.0 -9999.0 -9999.0 -9999.0
-9999.0 -9999.0 -9999.0 -9999.0 -9999.0 -9999.0 -9999.0 -9999.0 -9999.0 -9999.0 -9999.0 -9999.0 -9999.0 -9999.0 -9999.0 -9999.0 -9999.0 -9999.0 -9999.0 -9999.0 -9999.0 -9999.0 -9999.0 -9999.0 -9999.0 -9999.0 -9999.0 -9999.0 -9999.0 -9999.0 -9999.0 -9999.0 -9999.0 -9999.0 -9999.0 -9999.0 -9999.0 -9999.0 -9999.0 -9999.0 -9999.0 -9999.0 -9999.0 -9999.0 -9999.0 -9999.0 -9999.0 -9999.0 -9999.0 -9999.0 -9999.0 -9999.0 -9999.0 -9999.0 -9999.0 -9999.0 -9999.0 -9999.0 -9999.0 -9999.0 -9999.0 -9999.0 -9999.0 -9999.0 -9999.0 -9999.0 -9999.0 -9999.0 -9999.0 -9999.0 -9999.0 -9999.0 -9999.0 -9999.0 -9999.0 -9999.0 -9999.0 -9999.0 -9999.0 -9999.0
-9999.0 -9999.0 -9999.0 -9999.0 -9999.0 -9999.0 -9999.0 -9999.0 -9999.0 -9999.0 -9999.0 -9999.0 -9999.0 -9999.0 -9999.0 -9999.0 -9999.0 -9999.0 -9999.0 -9999.0 3725.109368 3725.772943 3704.093436 3669.786817 3641.329279 3642.898922 3675.322165 3715.610351 3754.226551 3760.942617 3741.421016 3745.208651 3740.572181 3735.307596 3734.940177 3742.660223 3749.547891 3758.880773 3765.493461 3762.795616 3755.171306 3750.134280 3753.081509 3754.422100 3760.837144 3745.746744 3762.093892 3778.572045 3783.209137 3780.895648 3757.736018 3746.475154 3738.788620 3723.374650 3750.483064 3762.329142 3786.137169 3791.063409 3789.257529 3762.822481 3732.937964 -9999.0 -9999.0 -9999.0 -9999.0 -9999.0 -9999.0 -9999.0 -9999.0 -9999.0 -9999.0 -9999.0 -9999.0 -9999.0 -9999.0 -9999.0 -9999.0 -9999.0 -9999.0 -9999.0
-9999.0 -9999.0 -9999.0 -9999.0 -9999.0 -9999.0 -9999.0 -9999.0 -9999.0 -9999.0 -9999.0 -9999.0 -9999.0 -9999.0 3635.222299 3626.477300 3623.365031 3630.204445 3662.214449 3692.239260 3703.673712 3695.981809 3695.494946 3670.275935 3646.712359 3658.714179 3687.658965 3717.531294 3750.335230 3766.835181 3755.600335 3752.633055 3758.775685 3776.991729 3783.897048 3779.934968 3762.534010 3786.863778 3799.522693 3803.106740 3800.806742 3790.669854 3798.603576 3812.265947 3805.130409 3790.203705 3802.205116 3817.782748 3828.297938 3821.185896 3764.213777 3753.661911 3750.959212 3747.733509 3735.216522 3732.172683 3761.456614 3761.394176 3754.779699 3738.111284 3705.075364 3659.990851 3641.424936 3682.837253 3726.905835 3783.457574 -9999.0 -9999.0 -9999.0 -9999.0 -9999.0 -9999.0 -9999.0 -9999.0 -9999.0 -9999.0 -9999.0 -9999.0 -9999.0 -9999.0
-9999.0 -9999.0 -9999.0 -9999.0 -9999.0 -9999.0 -9999.0 -9999.0 -9999.0 3578.027800 3584.049632 3590.695438 3592.903958 3607.623625 3603.910607 3610.429119 3613.494490 3640.367321 3669.129550 3701.906845 3728.146211 3718.494804 3716.499455 3718.840786 3711.152458 3717.758333 3737.526157 3773.307808 3802.816010 3836.925691 3802.336611 3796.736068 3813.736375 3853.755450 3874.719074 3875.481905 3856.585063 3874.871058 3898.084137 3912.569584 3908.586455 3901.945945 3928.271436 3943.870277 3936.186055 3914.101789 3914.876990 3923.748401 3953.766795 3903.021070 3836.937227 3800.954605 3819.121761 3799.677594 3776.134589 3767.064846 3768.820731 3789.751326 3779.008103 3746.069116 3713.759074 3702.347238 3686.140384 3708.436719 3732.433080 3779.381295 3819.890680 3850.211512 3849.883017 3832.867043 -9999.0 -9999.0 -9999.0 -9999.0 -9999.0 -9999.0 -9999.0 -9999.0 -9999.0 -9999.0
-9999.0 -9999.0 -9999.0 -9999.0 -9999.0 -9999.0 3499.658794 3510.138333 3530.674590 3532.596418 3558.897891 3563.383077 3581.438394 3597.772087 3619.077751 3630.682100 3654.190197 3683.021253 3717.581401 3753.636738 3779.903307 3766.719394 3771.041729 3788.060411 3812.114013 3828.805045 3850.885368 3888.411260 3960.497725 3996.321184 3986.204618 3986.308326 3994.319211 4045.077201 4109.149679 4119.218176 4098.423826 4085.711625 4110.291931 4148.454562 4145.427588 4144.108655 4158.162960 4169.428927 4196.387363 4184.760321 4148.888653 4144.988032 4153.335830 4128.858010 4057.790355 4001.438842 3985.158835 3938.096040 3854.019070 3813.412670 3840.760691 3870.691666 3850.562783 3801.994695 3771.370739 3767.249223 3757.333617 3752.091336 3766.158257 3790.232205 3814.810372 3829.440523 3818.034061 3797.502279 3776.270335 3748.438423 3751.420215 3776.480912 -9999.0 -9999.0 -9999.0 -9999.0 -9999.0 -9999.0
-9999.0 -9999.0 -9999.0 -9999.0 3450.581260 3463.136318 3447.426966 3473.341338 3504.618068 3537.519304 3563.648351 3593.810893 3615.627864 3641.091561 3672.261596 3691.353314 3721.134709 3749.338950 3794.976782 3854.667251 3897.597881 3909.066763 3916.679380 3966.942809 4022.785119 4069.092258 4087.780417 4114.041863 4161.478839 4218.359786 4240.244629 4242.497085 4259.474373 4304.619039 4363.022245 4398.757306 4380.756796 4371.357807 4382.416021 4397.556762 4419.721836 4419.755558 4420.902499 4425.512871 4433.813287 4431.618862 4404.061936 4370.189377 4357.066617 4346.503572 4306.190155 4232.753238 4203.639503 4173.752333 4128.109628 4072.687558 4028.445777 4032.481276 3977.312998 3921.705074 3873.667028 3868.145258 3849.609900 3835.233801 3819.858843 3833.935079 3847.325021 3833.141761 3803.548278 3774.795314 3762.334908 3745.175879 3733.971902 3765.509023 3783.588215 3812.991658 -9999.0 -9999.0 -9999.0 -9999.0
-9999.0 -9999.0 3392.223262 3436.488652 3492.998803 3497.972245 3489.201205 3490.738768 3515.915860 3563.823394 3623.229008 3657.255102 3683.112954 3712.514525 3761.341230 3820.071309 3878.138607 3920.230450 3978.767446 4048.724408 4107.905295 4134.163240 4142.368562 4178.463728 4234.259020 4305.657618 4334.532471 4361.693883 4394.581234 4432.441060 4420.475309 4430.555729 4443.816468 4458.615030 4475.466854 4483.606755 4478.371802 4473.686881 4454.905998 4449.390428 4455.807448 4464.502581 4463.001747 4448.050507 4444.059155 4459.344672 4466.044658 4463.648197 4460.246433 4464.711168 4458.510931 4407.938886 4394.232391 4378.391152 4365.619664 4318.465520 4250.456147 4218.999879 4196.427983 4154.183958 4080.144181 4044.441212 4006.030116 3972.629693 3936.579025 3925.581687 3894.779877 3863.637001 3825.721557 3785.590006 3767.149265 3753.574215 3753.621527 3754.460401 3772.580076 3788.400176 3804.468497 3812.590341 -9999.0 -9999.0
-9999.0 3281.193553 3351.471878 3471.373112 3547.823824 3582.301634 3585.694510 3584.450997 3608.633480 3641.955766 3725.154427 3767.896070 3850.374834 3888.879126 3928.431746 4018.361618 4114.463911 4158.895000 4199.181592 4265.361824 4333.150866 4381.212281 4408.037791 4380.912013 4422.154081 4455.598245 4464.946335 4472.867961 4473.826467 4465.218136 4459.120845 4465.637429 4462.458180 4442.824831 4426.320396 4424.401541 4420.896079 4397.181891 4369.341233 4353.407132 4354.348282 4379.811868 4366.321287 4344.749956 4340.255027 4362.222246 4384.341602 4373.386206 4360.099659 4376.819261 4411.997417 4438.064827 4437.511394 4456.526334 4477.755254 4447.940627 4427.870443 4382.869018 4365.560184 4339.816202 4281.817552 4226.884138 4178.330028 4130.071092 4078.233179 4030.594213 3983.438542 3936.592977 3884.119157 3851.801833 3828.218521 3786.648866 3775.293943 3782.574225 3778.293310 3777.050556 3783.807931 3790.445878 -9999.0 -9999.0
-9999.0 3181.205168 3318.722805 3493.881214 3634.565879 3671.249849 3725.011112 3776.632729 3788.414274 3728.678405 3830.074290 4048.996611 4177.061141 4196.172757 4273.926280 4372.089949 4348.679732 4380.984543 4405.174728 4434.650950 4458.274981 4473.861530 4472.468760 4467.669424 4450.889775 4442.817380 4441.859339 4439.649278 4421.903171 4402.635005 4385.596481 4382.115602 4363.559079 4312.309689 4278.430412 4260.207260 4239.741512 4226.779477 4200.034231 4173.648821 4156.333494 4165.450763 4164.745813 4151.954176 4147.557390 4165.198146 4196.170121 4195.159004 4208.380303 4228.288646 4263.856375 4302.883175 4322.369544 4351.921195 4387.945757 4437.278695 4445.022108 4467.733367 4470.326827 4461.355095 4413.710674 4361.340490 4331.587812 4275.544880 4215.903416 4154.133706 4104.827158 4060.050705 4004.580666 3971.170671 3932.616870 3879.289251 3838.058268 3832.696544 3800.100322 3788.127519 -9999.0 -9999.0 -9999.0 -9999.0
-9999.0 3073.938087 3250.194677 3483.611432 3780.599637 3845.294110 4048.717473 4163.207991 4201.016273 4270.009805 4133.543854 4354.125451 4411.627833 4407.843491 4427.965301 4431.879358 4446.688970 4445.780690 4440.681191 4429.474799 4419.623469 4414.847805 4413.873783 4405.909116 4393.165026 4378.410208 4366.330334 4354.577098 4317.251130 4284.739819 4244.058378 4231.155155 4184.451054 4091.587078 4052.957171 4013.098236 3950.537063 3954.015436 3963.635664 3940.097966 3920.118820 3890.158717 3921.376780 3933.599409 3938.340753 3932.445217 3941.010028 3971.279787 4020.622696 4055.457928 4094.319443 4142.667005 4173.595095 4212.986522 4252.507245 4305.182478 4336.943151 4366.125578 4416.082167 4453.341862 4476.298874 4461.563941 4444.002477 4398.053608 4337.328197 4287.707372 4258.186078 4206.962917 4163.189040 4119.865214 4073.441637 4020.755595 3959.253286 3909.896608 3876.765360 -9999.0 -9999.0 -9999.0 -9999.0 -9999.0
-9999.0 2843.559766 3103.357101 3362.032598 3627.363960 3974.065151 4156.706980 4248.262049 4312.882652 4300.489781 4328.252598 4333.426792 4371.033909 4378.996441 4357.717013 4343.243946 4324.747804 4323.657929 4336.799292 4309.033944 4278.228121 4264.579828 4265.552265 4254.877039 4230.653290 4215.810947 4206.609201 4187.713506 4144.546411 4093.606559 4008.259923 3971.884447 3891.580953 3855.768025 3820.413913 3773.631544 3730.094978 3736.878532 3762.954274 3754.977400 3734.609657 3718.007559 3748.028403 3769.634448 3783.192709 3766.161350 3772.549843 3806.937351 3853.238222 3893.578946 3937.075648 3984.840037 4027.009699 4065.631121 4085.403567 4123.719565 4166.042559 4207.887940 4278.608462 4358.381229 4395.269951 4430.522196 4458.687779 4480.919458 4437.600818 4411.948780 4387.753494 4363.719904 4316.905458 4271.171779 4230.590547 4164.970120 4105.404149 -9999.0 -9999.0 -9999.0 -9999.0 -9999.0 -9999.0 -9999.0
-9999.0 2741.270156 2920.593984 3098.541273 3336.565243 3564.643524 3794.413786 3884.460126 3955.597345 4035.364319 4093.930225 4133.369066 4159.177177 4181.184937 4158.741051 4111.503732 4078.671532 4083.864880 4073.972284 4053.497220 4026.099807 4013.500902 4010.653837 4006.221706 3985.513255 3975.893380 3969.581036 3951.963665 3927.661069 3874.897463 3804.755285 3731.067782 3678.736814 3661.895448 3640.950411 3615.582100 3591.140715 3605.266976 3618.000459 3618.977923 3613.622132 3614.742902 3643.779189 3663.925148 3673.324275 3662.772029 3680.842010 3703.294897 3739.362411 3778.156391 3822.327295 3871.933425 3919.936372 3938.938351 3939.443386 3948.963082 3975.306634 4017.779842 4093.715131 4180.031248 4259.483034 4305.703557 4357.040670 4397.750572 4426.767407 4450.063917 4473.702758 4467.712203 4440.974803 4407.142567 4347.363358 -9999.0 -9999.0 -9999.0 -9999.0 -9999.0 -9999.0 -9999.0 -9999.0 -9999.0
-9999.0 -9999.0 2704.779839 2840.380484 2924.760929 3074.270439 3209.579185 3313.824215 3417.405783 3565.284174 3691.876702 3788.169648 3835.688286 3851.484606 3838.106212 3811.056527 3794.934008 3794.446245 3782.384551 3777.192096 3764.324471 3759.745900 3747.667651 3740.615174 3738.217117 3739.000185 3737.708578 3730.553459 3715.320188 3675.470152 3641.675252 3599.356373 3555.180943 3535.166025 3518.714119 3503.626889 3509.751182 3505.133194 3511.064498 3514.732794 3525.420493 3540.254432 3559.520798 3582.501516 3592.173557 3602.726731 3613.142314 3634.178057 3663.321859 3702.947289 3753.782134 3808.188789 3843.530867 3849.467581 3830.098421 3823.435748 3829.619583 3856.561055 3917.418818 3985.319444 4076.020935 4142.195874 4209.335688 4265.968925 4293.113562 4329.515465 4400.993724 4449.114144 4493.124712 4470.635476 -9999.0 -9999.0 -9999.0 -9999.0 -9999.0 -9999.0 -9999.0 -9999.0 -9999.0 -9999.0
-9999.0 -9999.0 -9999.0 -9999.0 2711.994598 2839.909677 2934.803258 3003.415044 3136.140009 3265.878075 3371.737394 3459.820939 3530.820729 3557.167364 3560.102726 3580.268493 3580.506146 3570.559408 3559.465677 3566.200438 3573.065508 3567.547820 3550.390074 3545.219306 3550.966691 3560.934312 3560.794867 3549.802819 3533.508384 3523.466939 3514.427131 3486.659056 3457.266363 3432.210821 3422.449394 3421.782345 3423.347962 3416.251309 3425.326272 3435.380677 3451.958391 3467.292487 3490.802220 3520.763872 3535.756748 3550.317045 3558.384980 3576.071643 3604.132461 3655.120689 3716.392342 3772.669618 3806.403098 3806.181499 3776.836397 3754.101897 3740.179590 3756.053200 3783.235924 3831.926675 3920.428180 3982.234771 4026.093463 4063.680509 4099.989263 4166.284902 4262.866996 4345.203909 -9999.0 -9999.0 -9999.0 -9999.0 -9999.0 -9999.0 -9999.0 -9999.0 -9999.0 -9999.0 -9999.0 -9999.0
-9999.0 -9999.0 -9999.0 -9999.0 -9999.0 -9999.0 2693.639820 2800.968660 2841.200333 2988.597891 3137.368658 3244.214339 3328.298259 3365.699663 3401.939475 3433.740903 3435.228118 3414.529690 3392.013873 3415.189579 3436.610153 3430.470403 3397.716325 3400.667544 3409.662121 3418.929037 3418.126108 3414.519820 3392.591795 3413.617868 3421.938708 3402.328857 3379.983189 3370.473607 3361.115453 3372.826683 3374.268492 3360.631671 3359.742978 3388.609486 3410.380575 3423.355195 3444.171668 3477.391100 3509.861132 3525.531542 3525.997861 3529.892569 3565.198853 3632.654372 3703.375449 3758.344902 3789.177078 3793.379536 3761.970156 3716.449534 3689.491658 3687.121406 3709.872531 3747.268347 3807.020072 3841.907931 3850.373816 3848.442112 3858.530470 3959.692725 -9999.0 -9999.0 -9999.0 -9999.0 -9999.0 -9999.0 -9999.0 -9999.0 -9999.0 -9999.0 -9999.0 -9999.0 -9999.0 -9999.0
-9999.0 -9999.0 -9999.0 -9999.0 -9999.0 -9999.0 -9999.0 -9999.0 -9999.0 -9999.0 -9999.0 -9999.0 -9999.0 -9999.0 -9999.0 -9999.0 -9999.0 -9999.0 -9999.0 -9999.0 -9999.0 -9999.0 -9999.0 -9999.0 -9999.0 -9999.0 -9999.0 -9999.0 -9999.0 -9999.0 -9999.0 -9999.0 -9999.0 -9999.0 -9999.0 -9999.0 -9999.0 -9999.0 -9999.0 -9999.0 -9999.0 -9999.0 -9999.0 -9999.0 -9999.0 -9999.0 -9999.0 -9999.0 -9999.0 -9999.0 -9999.0 -9999.0 -9999.0 -9999.0 -9999.0 -9999.0 -9999.0 -9999.0 -9999.0 -9999.0 -9999.0 -9999.0 -9999.0 -9999.0 -9999.0 -9999.0 -9999.0 -9999.0 -9999.0 -9999.0 -9999.0 -9999.0 -9999.0 -9999.0 -9999.0 -9999.0 -9999.0 -9999.0 -9999.0 -9999.0
-9999.0 -9999.0 -9999.0 -9999.0 -9999.0 -9999.0 -9999.0 -9999.0 -9999.0 -9999.0 -9999.0 -9999.0 -9999.0 -9999.0 -9999.0 -9999.0 -9999.0 -9999.0 -9999.0 -9999.0 -9999.0 -9999.0 -9999.0 -9999.0 -9999.0 -9999.0 -9999.0 -9999.0 -9999.0 -9999.0 -9999.0 -9999.0 -9999.0 -9999.0 -9999.0 -9999.0 -9999.0 -9999.0 -9999.0 -9999.0 -9999.0 -9999.0 -9999.0 -9999.0 -9999.0 -9999.0 -9999.0 -9999.0 -9999.0 -9999.0 -9999.0 -9999.0 -9999.0 -9999.0 -9999.0 -9999.0 -9999.0 -9999.0 -9999.0 -9999.0 -9999.0 -9999.0 -9999.0 -9999.0 -9999.0 -9999.0 -9999.0 -9999.0 -9999.0 -9999.0 -9999.0 -9999.0 -9999.0 -9999.0 -9999.0 -9999.0 -9999.0 -9999.0 -9999.0 -9999.0