Borden_/Borden1m_014/output_maps/psiliqL0004N0030.asc
ncols         80
nrows         18
xllcorner     620200.000000
yllcorner     5168000.000000
cellsize      1.000000
NODATA_value  -9999.0
-9999.0 -9999.0 -9999.0 -9999.0 -9999.0 -9999.0 -9999.0 -9999.0 -9999.0 -9999.0 -9999.0 -9999.0 -9999.0 -9999.0 -9999.0 -9999.0 -9999.0 -9999.0 -9999.0 -9999.0 -9999.0 -9999.0 -9999.0 -9999.0 -9999.0 -9999.0 -9999.0 -9999.0 -9999.0 -9999.0 -9999.0 -9999.0 -9999.0 -9999.0 -9999.0 -9999.0 -9999.0 -9999.0 -9999.0 -9999.0 -9999.0 -9999.0 -9999.0 -9999.0 -9999.0 -9999.0 -9999.0 -9999.0 -9999.0 -9999.0 -9999.0 -9999.0 -9999.0 -9999.0 -9999.0 -9999.0 -9999.0 -9999.0 -9999.0 -9999.0 -9999.0 -9999.0 -9999.0 -9999.0 -9999.0 -9999.0 -9999.0 -9999.0 -9999.0 -9999.0 -9999.0 -9999.0 -9999.0 -9999.0 -9999.0 -9999.0 -9999.0 -9999.0 -9999.0 -9999.0
-9999.0 -9999.0 -9999.0 -9999.0 -9999.0 -9999.0 -9999.0 -9999.0 -9999.0 -9999.0 -9999.0 -9999.0 -9999.0 -9999.0 -9999.0 -9999.0 -9999.0 -9999.0 -9999.0 -9999.0 -9999.0 -9999.0 -9999.0 -9999.0 -9999.0 -9999.0 -9999.0 -9999.0 -9999.0 -9999.0 -9999.0 -9999.0 -9999.0 -9999.0 -9999.0 -9999.0 -9999.0 -9999.0 -9999.0 -9999.0 -9999.0 -9999.0 -9999.0 -9999.0 -9999.0 -9999.0 -9999.0 -9999.0 -9999.0 -9999.0 -9999.0 -9999.0 -9999.0 -9999.0 -9999.0 -9999.0 -9999.0 -9999.0 -9999.0 -9999.0 -9999.0 -9999.0 -9999.0 -9999.0 -9999.0 -9999.0 -9999.0 -9999.0 -9999.0 -9999.0 -9999.0 -9999.0 -9999.0 -9999.0 -9999.0 -9999.0 -9999.0 -9999.0 -9999.0 -9999.0
-9999.0 -9999.0 -9999.0 -9999.0 -9999.0 -9999.0 -9999.0 -9999.0 -9999.0 -9999.0 -9999.0 -9999.0 -9999.0 -9999.0 -9999.0 -9999.0 -9999.0 -9999.0 -9999.0 -9999.0 -602.428373 -600.338239 -606.206393 -613.355845 -619.244901 -619.694610 -612.944996 -604.840624 -595.928518 -593.875814 -600.173840 -598.950026 -601.272638 -602.375183 -602.238623 -600.428667 -599.570819 -596.678031 -594.720850 -595.307777 -597.326742 -598.884960 -599.939867 -599.318087 -597.250216 -600.246987 -595.760202 -591.108807 -589.316230 -589.834446 -596.641564 -599.765485 -601.057781 -605.885449 -597.145550 -594.035605 -587.017402 -586.041424 -585.279323 -593.165397 -601.133764 -9999.0 -9999.0 -9999.0 -9999.0 -9999.0 -9999.0 -9999.0 -9999.0 -9999.0 -9999.0 -9999.0 -9999.0 -9999.0 -9999.0 -9999.0 -9999.0 -9999.0 -9999.0 -9999.0
-9999.0 -9999.0 -9999.0 -9999.0 -9999.0 -9999.0 -9999.0 -9999.0 -9999.0 -9999.0 -9999.0 -9999.0 -9999.0 -9999.0 -616.093502 -619.002687 -620.296409 -620.598162 -614.493958 -609.344962 -608.337727 -611.299030 -609.405501 -615.710960 -621.251087 -617.873255 -612.385605 -607.200176 -599.655686 -594.253035 -598.793269 -599.910816 -597.195317 -588.284989 -584.002590 -585.586196 -595.052869 -585.915346 -580.670287 -577.352849 -577.796421 -582.001545 -575.811314 -568.705635 -572.067359 -579.656183 -578.146234 -573.646710 -566.764171 -571.363126 -595.850371 -599.712616 -598.971708 -599.117495 -602.653535 -604.922335 -595.982862 -596.713493 -598.488125 -601.213949 -607.691642 -617.271535 -621.341284 -611.901117 -602.525678 -585.439727 -9999.0 -9999.0 -9999.0 -9999.0 -9999.0 -9999.0 -9999.0 -9999.0 -9999.0 -9999.0 -9999.0 -9999.0 -9999.0 -9999.0
-9999.0 -9999.0 -9999.0 -9999.0 -9999.0 -9999.0 -9999.0 -9999.0 -9999.0 -622.666528 -623.183807 -622.237859 -623.785532 -620.997173 -624.665779 -623.539069 -623.851917 -619.550071 -615.394324 -609.053647 -601.681105 -606.349717 -606.902601 -603.297905 -602.484973 -600.388894 -596.241020 -583.945986 -569.773986 -550.454049 -565.647119 -566.396021 -557.256668 -527.139257 -499.599727 -491.018876 -505.467249 -505.025522 -486.553044 -464.102056 -463.421871 -465.045511 -439.907074 -424.602194 -415.379261 -437.412169 -460.142953 -463.561804 -436.259818 -485.130726 -527.918276 -560.965284 -559.712042 -572.712804 -587.525452 -593.629780 -595.239528 -585.437735 -589.726803 -600.102615 -608.847587 -607.701806 -612.133367 -607.620185 -603.494280 -590.073637 -578.004963 -567.075441 -566.576057 -573.291470 -9999.0 -9999.0 -9999.0 -9999.0 -9999.0 -9999.0 -9999.0 -9999.0 -9999.0 -9999.0
-9999.0 -9999.0 -9999.0 -9999.0 -9999.0 -9999.0 -629.725037 -629.762311 -627.750306 -632.106798 -628.078989 -630.031542 -626.936691 -625.132531 -622.688907 -621.820764 -616.409200 -611.123642 -602.672368 -591.817147 -582.226264 -586.020825 -583.373138 -570.381788 -547.313635 -526.816645 -513.029807 -487.611372 -407.070743 -346.807253 -322.687936 -310.949687 -297.163515 -266.158570 -210.671789 -175.945807 -213.983061 -233.090236 -216.292670 -173.011058 -99.511774 -96.824548 -90.614740 -83.427032 -57.640393 -64.406135 -166.636377 -197.159742 -206.960953 -216.912332 -258.689674 -303.380943 -364.337888 -428.507187 -500.812460 -537.292797 -542.588920 -536.022657 -551.969794 -573.951207 -588.014654 -589.046035 -592.213730 -596.902070 -594.587293 -588.877299 -580.712074 -575.889891 -579.750646 -585.463940 -590.484665 -598.954462 -597.819853 -589.751259 -9999.0 -9999.0 -9999.0 -9999.0 -9999.0 -9999.0
-9999.0 -9999.0 -9999.0 -9999.0 -638.093518 -635.666954 -642.447695 -638.192704 -634.528581 -631.410290 -630.277400 -625.159580 -622.923141 -618.834559 -611.003768 -604.238538 -593.400419 -584.610912 -563.798250 -525.849170 -489.336430 -465.640965 -448.610366 -365.420646 -293.827449 -254.755159 -240.494365 -216.042069 -166.733798 -50.795584 -23.475604 -15.957385 -27.180589 23.462208 42.665144 97.061704 79.739645 73.917408 75.539005 83.882651 108.842128 109.609912 110.852246 110.941118 112.967815 114.394429 93.266207 62.417149 50.465084 40.842720 -6.229484 -35.997857 -133.917215 -173.532784 -199.768059 -238.706293 -292.543778 -318.314443 -395.029044 -459.716351 -514.059731 -532.119303 -550.135515 -560.576767 -573.356823 -571.400256 -568.333156 -575.141726 -584.581505 -593.690020 -595.779600 -600.021529 -603.815514 -593.657332 -589.284209 -578.254138 -9999.0 -9999.0 -9999.0 -9999.0
-9999.0 -9999.0 -639.710243 -638.552649 -631.341478 -634.655411 -636.848233 -639.818952 -637.688942 -630.230880 -616.337373 -608.771478 -598.772482 -592.533026 -571.819743 -526.630803 -472.646402 -421.692254 -339.753864 -279.963853 -231.283460 -189.579672 -112.867429 -72.032684 -26.530690 19.472190 11.060636 60.926953 86.700996 114.904437 139.396666 155.742734 159.669426 154.609510 154.135574 152.177999 150.901809 146.628530 129.656239 127.674253 134.980742 137.126107 140.601782 128.441642 124.694673 137.025627 138.880976 139.183795 141.372224 148.844473 158.839078 130.709596 77.534811 63.195212 31.496144 24.073925 -37.026833 -128.010421 -158.735407 -199.274445 -267.979984 -307.164096 -371.140719 -442.044704 -495.403644 -519.103439 -543.620885 -560.027406 -575.770243 -590.365306 -595.607251 -599.046029 -597.727570 -598.583014 -593.070712 -588.501751 -582.571104 -580.079169 -9999.0 -9999.0
-9999.0 -643.155251 -644.125950 -630.986233 -626.598315 -622.713548 -618.266918 -614.475739 -610.326847 -612.663280 -577.940443 -520.003397 -458.329288 -429.295581 -354.429561 -257.372913 -110.776355 -77.152133 -66.970830 -9.389544 39.787440 75.346755 104.514947 136.202278 160.751367 156.257189 152.470400 152.223316 144.001813 136.917153 126.664564 134.317001 133.330449 118.239537 106.735341 105.383619 101.968677 77.923545 51.752647 39.837867 44.889866 65.459040 55.489328 35.665194 31.916121 51.393834 66.689710 58.296061 46.685373 60.452786 92.438988 111.095085 127.402422 140.757704 160.309891 139.297339 106.632866 69.817818 54.838540 30.119705 -70.996840 -136.392022 -189.512928 -250.599631 -301.214557 -377.355285 -457.814551 -506.378408 -542.630257 -557.886888 -568.015898 -587.082953 -592.865289 -589.613971 -592.216482 -592.584384 -590.134748 -588.106956 -9999.0 -9999.0
-9999.0 -654.538297 -642.810736 -627.055276 -606.518309 -599.850310 -548.303203 -502.389927 -485.587953 -505.882570 -392.173575 -108.919437 -43.024748 -40.538716 12.479105 80.528005 121.776972 144.599913 157.818878 149.717498 144.589881 146.127197 142.528252 133.503037 120.420204 114.314973 113.380477 111.975149 94.184968 77.009467 61.320010 60.230384 45.708637 13.458873 -16.483477 -31.402202 -62.696786 -115.221155 -156.646037 -185.269229 -198.415617 -178.739800 -189.392650 -207.874469 -211.476930 -187.570479 -153.945884 -159.636255 -154.474849 -131.284068 -85.743381 -5.469224 15.591631 39.366782 72.626767 111.630533 129.881367 149.512018 155.617146 131.755191 93.056779 46.402927 18.503215 -84.804638 -159.416930 -236.267041 -284.120019 -322.000193 -401.526733 -458.338305 -501.047757 -536.477068 -563.301357 -570.860926 -584.833243 -588.619367 -9999.0 -9999.0 -9999.0 -9999.0
-9999.0 -656.206874 -644.325363 -615.994323 -550.689305 -470.856700 -296.614554 -167.817879 -15.404279 -43.903740 61.816986 139.796449 149.830542 134.445986 109.399102 106.290020 115.993289 118.216848 114.314337 104.887492 94.197602 68.701104 88.255754 58.635582 69.066868 56.595100 44.987690 33.980716 -48.619237 -85.657210 -114.254394 -130.577823 -164.230469 -244.818484 -275.203828 -295.704473 -356.678396 -375.217981 -394.286220 -431.575523 -451.286136 -463.814683 -447.636010 -450.915008 -451.941963 -441.867383 -416.243999 -394.935129 -340.679142 -302.672042 -272.185006 -226.431272 -193.383241 -149.341954 -96.788194 0.534034 29.035148 54.305910 95.686410 132.630834 153.057030 145.477495 116.864852 80.815856 22.421732 -89.280159 -142.018443 -209.491977 -261.552758 -296.420719 -323.107612 -383.171179 -467.372233 -531.182925 -549.423506 -9999.0 -9999.0 -9999.0 -9999.0 -9999.0
-9999.0 -673.131256 -645.914773 -621.776537 -519.281348 -284.417521 -192.247881 57.017018 116.880865 45.960613 -46.555018 26.418718 60.389484 61.692761 37.584661 28.161438 22.642895 22.023521 34.452566 3.020085 -67.713598 -86.881666 -88.262053 -101.285158 -123.655201 -142.852368 -157.572197 -179.074870 -231.223080 -269.156707 -319.656441 -352.839160 -440.963844 -501.029283 -529.647341 -554.125792 -577.703215 -577.490024 -570.267339 -577.010727 -584.666267 -592.154241 -582.784485 -578.061943 -573.995856 -578.646715 -576.578794 -563.531972 -542.132093 -519.723985 -485.038154 -430.236184 -370.845277 -306.305913 -280.552403 -234.703919 -190.183154 -142.087901 -66.503165 48.183489 76.705778 106.988354 143.104692 160.173134 121.626034 82.206299 27.976542 -82.738495 -180.277720 -219.606278 -236.559436 -259.822987 -297.631871 -9999.0 -9999.0 -9999.0 -9999.0 -9999.0 -9999.0 -9999.0
-9999.0 -682.130410 -653.788539 -647.375703 -607.115237 -528.608832 -401.825615 -281.215376 -129.730177 -234.711334 -247.790947 -224.883654 -197.214652 -176.175652 -198.876384 -230.050739 -250.586928 -247.072238 -245.812117 -264.989944 -287.928752 -297.536265 -298.229355 -306.302621 -340.257508 -364.990927 -380.965169 -410.311433 -453.182233 -498.515947 -548.463312 -575.320708 -594.972243 -602.829535 -608.643104 -614.624854 -624.202219 -619.474421 -615.481156 -616.511500 -619.527513 -621.528007 -614.308367 -611.219125 -608.866251 -614.646770 -610.000608 -604.962588 -594.727541 -583.930403 -569.145632 -548.474176 -523.008891 -504.206974 -490.275319 -460.802999 -408.227138 -326.391068 -259.264022 -166.329622 -91.714665 -5.422613 45.056675 50.870223 94.550799 107.447661 110.152079 68.922991 -152.629062 -183.525007 -187.012309 -9999.0 -9999.0 -9999.0 -9999.0 -9999.0 -9999.0 -9999.0 -9999.0 -9999.0
-9999.0 -9999.0 -688.705884 -676.316831 -665.516683 -652.240310 -633.264575 -610.267080 -591.439610 -568.031450 -535.408168 -498.437442 -472.328150 -459.533121 -476.051431 -506.600691 -523.346098 -522.571276 -527.171352 -535.804704 -550.392146 -555.624687 -559.435151 -562.580572 -569.236304 -572.174777 -573.617060 -576.683039 -583.151575 -596.676052 -608.953170 -617.999008 -627.257748 -628.087514 -629.987144 -633.074101 -631.217827 -631.762950 -630.890036 -631.160664 -630.394369 -628.871977 -626.764633 -624.071956 -623.553928 -622.725077 -621.497702 -618.368059 -613.536326 -606.948205 -595.484326 -579.787775 -567.839462 -564.724893 -570.060123 -568.266749 -559.989880 -539.815835 -478.740032 -369.506633 -282.835999 -220.092885 -149.212931 -101.591215 -79.004580 -14.330986 34.954042 -91.598930 -234.950908 -220.075853 -9999.0 -9999.0 -9999.0 -9999.0 -9999.0 -9999.0 -9999.0 -9999.0 -9999.0 -9999.0
-9999.0 -9999.0 -9999.0 -9999.0 -694.222154 -676.621059 -661.242214 -661.721396 -649.423406 -640.529443 -631.627250 -621.403929 -612.918503 -607.959554 -612.950948 -614.345280 -615.767838 -615.387345 -616.825868 -618.236195 -619.060597 -620.176497 -621.500043 -622.874966 -622.476057 -621.296891 -621.115940 -623.440066 -624.228028 -628.593328 -629.897425 -633.024535 -635.996444 -638.962188 -638.782620 -639.125518 -638.108933 -639.311341 -637.470711 -638.251101 -636.643148 -635.685782 -633.522187 -630.221672 -630.657814 -628.776509 -628.349153 -625.745069 -623.674826 -616.137972 -604.456111 -591.325164 -582.468747 -582.546343 -592.592172 -597.368170 -599.637659 -592.650255 -579.962479 -554.258083 -493.718579 -417.000811 -324.215582 -283.742463 -257.727962 -213.778645 -171.387754 -161.383274 -9999.0 -9999.0 -9999.0 -9999.0 -9999.0 -9999.0 -9999.0 -9999.0 -9999.0 -9999.0 -9999.0 -9999.0
-9999.0 -9999.0 -9999.0 -9999.0 -9999.0 -9999.0 -686.729179 -677.866007 -680.067803 -672.523546 -665.431608 -659.584915 -651.678095 -651.693965 -649.322757 -643.888202 -644.651889 -647.403000 -650.736725 -646.052939 -643.894957 -643.623405 -648.966140 -647.682089 -647.067592 -645.059024 -645.258745 -644.635794 -649.125831 -644.202647 -641.962822 -643.302239 -644.622422 -643.980645 -645.148507 -642.071914 -641.708310 -644.237259 -644.902631 -641.095945 -639.758541 -639.944514 -638.802200 -635.730632 -631.601543 -630.661964 -632.061002 -633.856377 -629.074050 -618.454174 -606.051775 -594.901155 -587.674404 -585.676742 -594.672270 -606.620931 -612.673765 -613.008177 -607.113895 -595.981573 -572.341666 -555.242718 -540.803831 -525.038384 -504.515327 -406.880579 -9999.0 -9999.0 -9999.0 -9999.0 -9999.0 -9999.0 -9999.0 -9999.0 -9999.0 -9999.0 -9999.0 -9999.0 -9999.0 -9999.0
-9999.0 -9999.0 -9999.0 -9999.0 -9999.0 -9999.0 -9999.0 -9999.0 -9999.0 -9999.0 -9999.0 -9999.0 -9999.0 -9999.0 -9999.0 -9999.0 -9999.0 -9999.0 -9999.0 -9999.0 -9999.0 -9999.0 -9999.0 -9999.0 -9999.0 -9999.0 -9999.0 -9999.0 -9999.0 -9999.0 -9999.0 -9999.0 -9999.0 -9999.0 -9999.0 -9999.0 -9999.0 -9999.0 -9999.0 -9999.0 -9999.0 -9999.0 -9999.0 -9999.0 -9999.0 -9999.0 -9999.0 -9999.0 -9999.0 -9999.0 -9999.0 -9999.0 -9999.0 -9999.0 -9999.0 -9999.0 -9999.0 -9999.0 -9999.0 -9999.0 -9999.0 -9999.0 -9999.0 -9999.0 -9999.0 -9999.0 -9999.0 -9999.0 -9999.0 -9999.0 -9999.0 -9999.0 -9999.0 -9999.0 -9999.0 -9999.0 -9999.0 -9999.0 -9999.0 -9999.0
-9999.0 -9999.0 -9999.0 -9999.0 -9999.0 -9999.0 -9999.0 -9999.0 -9999.0 -9999.0 -9999.0 -9999.0 -9999.0 -9999.0 -9999.0 -9999.0 -9999.0 -9999.0 -9999.0 -9999.0 -9999.0 -9999.0 -9999.0 -9999.0 -9999.0 -9999.0 -9999.0 -9999.0 -9999.0 -9999.0 -9999.0 -9999.0 -9999.0 -9999.0 -9999.0 -9999.0 -9999.0 -9999.0 -9999.0 -9999.0 -9999.0 -9999.0 -9999.0 -9999.0 -9999.0 -9999.0 -9999.0 -9999.0 -9999.0 -9999.0 -9999.0 -9999.0 -9999.0 -9999.0 -9999.0 -9999.0 -9999.0 -9999.0 -9999.0 -9999.0 -9999.0 -9999.0 -9999.0 -9999.0 -9999.0 -9999.0 -9999.0 -9999.0 -9999.0 -9999.0 -9999.0 -9999.0 -9999.0 -9999.0 -9999.0 -9999.0 -9999.0 -9999.0 -9999.0 -9999.0