Borden_/Borden1m_014/output_maps/psiliqL0010N0026.asc
ncols         80
nrows         18
xllcorner     620200.000000
yllcorner     5168000.000000
cellsize      1.000000
NODATA_value  -9999.0
-9999.0 -9999.0 -9999.0 -9999.0 -9999.0 -9999.0 -9999.0 -9999.0 -9999.0 -9999.0 -9999.0 -9999.0 -9999.0 -9999.0 -9999.0 -9999.0 -9999.0 -9999.0 -9999.0 -9999.0 -9999.0 -9999.0 -9999.0 -9999.0 -9999.0 -9999.0 -9999.0 -9999.0 -9999.0 -9999.0 -9999.0 -9999.0 -9999.0 -9999.0 -9999.0 -9999.0 -9999.0 -9999.0 -9999.0 -9999.0 -9999.0 -9999.0 -9999.0 -9999.0 -9999.0 -9999.0 -9999.0 -9999.0 -9999.0 -9999.0 -9999.0 -9999.0 -9999.0 -9999.0 -9999.0 -9999.0 -9999.0 -9999.0 -9999.0 -9999.0 -9999.0 -9999.0 -9999.0 -9999.0 -9999.0 -9999.0 -9999.0 -9999.0 -9999.0 -9999.0 -9999.0 -9999.0 -9999.0 -9999.0 -9999.0 -9999.0 -9999.0 -9999.0 -9999.0 -9999.0
-9999.0 -9999.0 -9999.0 -9999.0 -9999.0 -9999.0 -9999.0 -9999.0 -9999.0 -9999.0 -9999.0 -9999.0 -9999.0 -9999.0 -9999.0 -9999.0 -9999.0 -9999.0 -9999.0 -9999.0 -9999.0 -9999.0 -9999.0 -9999.0 -9999.0 -9999.0 -9999.0 -9999.0 -9999.0 -9999.0 -9999.0 -9999.0 -9999.0 -9999.0 -9999.0 -9999.0 -9999.0 -9999.0 -9999.0 -9999.0 -9999.0 -9999.0 -9999.0 -9999.0 -9999.0 -9999.0 -9999.0 -9999.0 -9999.0 -9999.0 -9999.0 -9999.0 -9999.0 -9999.0 -9999.0 -9999.0 -9999.0 -9999.0 -9999.0 -9999.0 -9999.0 -9999.0 -9999.0 -9999.0 -9999.0 -9999.0 -9999.0 -9999.0 -9999.0 -9999.0 -9999.0 -9999.0 -9999.0 -9999.0 -9999.0 -9999.0 -9999.0 -9999.0 -9999.0 -9999.0
-9999.0 -9999.0 -9999.0 -9999.0 -9999.0 -9999.0 -9999.0 -9999.0 -9999.0 -9999.0 -9999.0 -9999.0 -9999.0 -9999.0 -9999.0 -9999.0 -9999.0 -9999.0 -9999.0 -9999.0 136.481795 139.501110 117.263126 83.715070 55.838309 58.316350 93.737387 135.499665 174.289990 185.393500 168.096594 170.486885 166.193027 166.311280 169.696120 176.354207 179.790972 191.540381 200.503433 200.802779 195.221586 190.195996 189.969835 193.620003 198.616907 188.534736 201.517351 216.246416 221.618605 215.412861 186.965105 170.123993 160.707483 144.987848 168.602798 180.224350 202.573892 206.325299 204.444993 176.983736 146.643700 -9999.0 -9999.0 -9999.0 -9999.0 -9999.0 -9999.0 -9999.0 -9999.0 -9999.0 -9999.0 -9999.0 -9999.0 -9999.0 -9999.0 -9999.0 -9999.0 -9999.0 -9999.0 -9999.0
-9999.0 -9999.0 -9999.0 -9999.0 -9999.0 -9999.0 -9999.0 -9999.0 -9999.0 -9999.0 -9999.0 -9999.0 -9999.0 -9999.0 45.028651 35.242491 32.606182 41.500006 75.659183 106.047262 118.652066 111.450487 111.877075 88.893445 69.195961 83.938483 114.186156 146.700705 182.421968 204.259017 193.075025 191.462981 202.783625 230.817519 246.048175 244.117071 223.444055 246.724863 263.859611 274.488836 274.981551 267.468556 282.852258 299.840409 292.959241 274.137270 276.381568 287.092950 300.061397 283.151233 216.304534 193.851170 188.589835 180.333984 165.384898 157.865777 182.051748 182.085790 173.174621 154.621198 121.818670 77.536841 59.155386 97.325607 141.232439 198.767647 -9999.0 -9999.0 -9999.0 -9999.0 -9999.0 -9999.0 -9999.0 -9999.0 -9999.0 -9999.0 -9999.0 -9999.0 -9999.0 -9999.0
-9999.0 -9999.0 -9999.0 -9999.0 -9999.0 -9999.0 -9999.0 -9999.0 -9999.0 -12.938302 -8.892901 -1.516621 0.707464 16.644621 14.998562 22.369069 30.517643 57.502556 89.254231 125.021876 154.530516 145.695742 147.138967 160.015889 167.260716 181.312590 204.140866 247.405407 293.237232 338.746712 312.776124 312.612184 334.218237 385.818530 425.434420 436.458580 416.342145 421.881461 450.090167 478.685842 482.654004 483.442614 511.976421 528.045966 532.266556 509.095859 486.700717 482.515343 507.347873 449.688717 378.762981 321.831294 319.411577 283.940695 239.646978 215.420998 210.917576 231.071443 214.277969 175.347883 137.735575 126.930274 109.416379 125.314183 147.286716 193.652505 231.961485 260.210247 259.919334 242.311221 -9999.0 -9999.0 -9999.0 -9999.0 -9999.0 -9999.0 -9999.0 -9999.0 -9999.0 -9999.0
-9999.0 -9999.0 -9999.0 -9999.0 -9999.0 -9999.0 -91.837144 -82.744896 -62.747449 -57.286595 -32.422923 -24.594066 -3.629431 16.251123 37.799810 55.535707 87.309366 121.317590 164.364241 210.241725 244.871103 242.903262 256.468345 294.048329 340.437897 375.083486 403.128466 449.163215 538.518197 591.258682 607.674818 616.320751 628.153510 674.013338 737.638686 759.036309 733.361488 716.150057 735.620125 774.988139 794.312353 799.408538 809.385535 818.703818 843.656712 831.934626 780.704040 758.717150 752.192023 737.858284 682.139747 619.587006 573.597864 514.673498 422.020643 358.889160 357.816957 371.022892 335.894923 277.315755 231.445818 218.334763 201.581871 185.977788 190.222117 208.504144 230.717428 241.355236 228.198030 207.051356 183.736798 154.708026 156.211916 181.427433 -9999.0 -9999.0 -9999.0 -9999.0 -9999.0 -9999.0
-9999.0 -9999.0 -9999.0 -9999.0 -141.702586 -129.106045 -140.770816 -116.627656 -84.285619 -50.505054 -17.658824 20.398217 48.605108 79.819732 122.975389 162.481953 209.204491 248.838839 309.240835 383.800839 442.215388 475.401287 500.214456 570.524965 637.212527 689.420237 709.468995 738.198241 785.722222 856.432221 886.524174 894.619732 913.084411 943.388660 987.804929 1021.075714 1002.874375 993.681527 999.954257 1011.906265 1038.886324 1041.780733 1044.100795 1045.738240 1048.623204 1047.046364 1020.975812 984.952141 971.242896 963.260450 936.895318 872.067179 820.018613 784.484945 752.688890 704.426998 638.213496 613.965704 548.980865 481.978901 407.110018 377.209196 340.429856 309.421698 274.877736 272.599379 273.093896 251.318883 218.989935 186.131929 170.599784 151.534264 140.864604 170.543800 188.055620 218.781200 -9999.0 -9999.0 -9999.0 -9999.0
-9999.0 -9999.0 -200.277693 -150.579057 -94.327878 -85.437249 -83.324210 -77.616461 -49.700439 2.315976 81.883072 136.661696 184.214505 219.817626 285.277319 375.456350 460.883000 520.718462 588.285043 658.820171 720.512362 759.296242 789.247312 830.826045 881.673679 937.497524 960.894701 987.207448 1018.740346 1052.679221 1072.511292 1088.003811 1095.043666 1094.341651 1096.980271 1097.224335 1092.603649 1086.155674 1068.413881 1065.612136 1073.453808 1077.703766 1080.211169 1067.885232 1064.002546 1076.439447 1078.223815 1076.620098 1077.096029 1085.295947 1091.956666 1057.635538 1009.798203 991.967775 981.908381 941.297102 880.504601 829.398007 802.197852 758.381340 680.616871 626.427017 568.820831 508.071942 443.870426 403.023116 349.404397 303.310734 254.712677 207.476830 182.950641 163.919506 161.095355 161.103125 176.907750 192.298210 207.579934 215.331879 -9999.0 -9999.0
-9999.0 -300.322924 -227.706266 -100.264984 -20.644485 25.236391 64.668531 93.638173 121.214716 142.069429 255.404350 364.782655 464.859062 506.723224 568.234290 670.648369 771.267832 817.006657 852.883642 903.695411 959.379519 1005.441567 1035.514296 1059.538399 1089.332795 1094.138754 1094.401881 1095.928382 1090.563682 1083.505662 1074.466456 1081.446220 1079.057735 1061.707936 1047.070966 1044.308370 1037.418136 1010.437918 981.579650 966.781893 969.733327 990.722118 978.332461 960.113546 956.938987 977.315304 994.606882 985.236889 975.804393 994.875687 1029.606177 1051.241485 1064.848242 1079.372743 1099.432093 1076.324772 1045.529524 1003.987782 982.567785 953.511898 890.796736 827.758050 772.405691 708.990776 640.999594 565.532315 491.415857 421.511172 348.978114 304.538877 270.502605 217.155464 193.100419 193.516981 183.720481 180.690339 186.862811 193.167768 -9999.0 -9999.0
-9999.0 -374.358278 -231.011689 -44.982870 103.696116 168.491274 287.277049 375.629796 409.359833 388.868001 512.158611 741.100101 831.908689 847.523607 915.234984 995.842835 1029.379144 1059.102486 1078.771552 1080.633254 1082.390738 1089.535560 1087.661606 1081.640946 1067.826356 1060.128838 1058.790622 1055.131634 1035.631006 1014.825667 996.649302 993.253701 977.276644 937.657982 906.450521 890.282891 872.763842 842.635769 803.813692 774.720376 759.987323 777.122295 768.131808 751.020125 747.620385 770.998526 804.713274 800.767732 808.854525 833.137906 875.655279 920.308925 944.104611 972.734130 1008.906454 1053.275930 1071.658879 1092.067644 1096.553357 1074.529744 1030.799153 979.724905 945.764766 878.697124 804.708866 724.928454 660.894365 599.095870 524.119580 467.745200 411.850598 348.164289 286.472667 256.189724 214.993123 193.538306 -9999.0 -9999.0 -9999.0 -9999.0
-9999.0 -443.760526 -252.760781 12.026086 279.132959 413.378940 623.227878 757.951376 829.581577 883.624094 905.000543 1024.021646 1051.775231 1045.184388 1034.567824 1036.988994 1051.534320 1055.647583 1052.314356 1042.620036 1032.601991 1028.293805 1025.340678 1018.669507 1006.213483 990.881625 977.239053 962.209912 917.722705 882.670569 849.279301 832.697556 794.968710 705.774095 664.424668 631.775884 574.443640 561.060327 546.318404 511.986821 489.039802 470.447390 490.363077 491.499331 493.013928 501.763284 525.336472 549.685606 596.560006 635.587680 680.416262 734.051071 769.959671 815.161943 864.679119 926.297675 959.367941 989.779036 1034.430248 1075.449676 1098.172967 1088.662533 1059.292913 1015.191877 945.600995 873.578618 822.984728 750.870551 685.834565 633.307610 588.014680 530.891784 452.812404 350.059445 303.821757 -9999.0 -9999.0 -9999.0 -9999.0 -9999.0
-9999.0 -605.151105 -336.712641 -41.032675 290.436589 619.390425 739.863701 893.829744 968.696033 915.711233 900.690615 927.071733 964.407181 973.848193 955.318334 948.768254 940.350972 940.821311 953.560307 927.044284 892.574538 877.655318 875.832054 863.039686 838.865839 819.778627 805.039355 782.731434 731.661311 682.152493 605.653015 574.851935 492.792307 421.007502 370.941984 319.983650 265.947619 261.853760 275.885256 257.910177 234.308942 215.028733 240.830058 256.935250 268.440955 259.200787 269.689959 306.715973 358.437863 405.387739 461.192963 525.121304 579.074414 634.111529 669.659354 723.354707 772.127708 821.272816 896.292098 978.630510 1014.998089 1049.851758 1084.456408 1099.345785 1050.571032 999.150062 946.099864 877.793845 790.055354 744.862883 721.279180 684.207119 628.937956 -9999.0 -9999.0 -9999.0 -9999.0 -9999.0 -9999.0 -9999.0
-9999.0 -737.376685 -508.552992 -264.024377 34.350010 276.918716 470.795707 593.070132 679.705545 680.631494 695.456143 724.494262 754.389330 776.926701 755.453374 720.240738 694.674250 698.915584 697.548556 673.893815 644.353483 629.543492 627.378659 618.556777 589.899362 570.933904 556.414175 528.681181 485.458331 423.010544 337.278795 265.032208 200.051560 162.574904 130.860808 96.818028 57.851368 67.632457 81.228058 76.311615 63.930401 59.561540 89.000240 107.510622 117.641029 105.091832 124.039288 151.508174 194.139469 237.419157 287.447532 344.842773 401.797052 436.632539 456.907930 492.638030 543.618200 607.905339 696.495613 794.197222 871.299421 925.056563 975.161781 1007.394083 1022.935601 1039.815175 1015.102404 927.881977 794.583282 792.113903 792.859160 -9999.0 -9999.0 -9999.0 -9999.0 -9999.0 -9999.0 -9999.0 -9999.0 -9999.0
-9999.0 -9999.0 -745.239723 -557.749015 -402.023203 -215.961334 -63.250066 47.256195 127.008427 221.608490 314.468656 392.668302 436.737231 455.136083 436.905288 396.421787 370.739492 370.625425 361.063435 347.434283 323.599153 314.092092 303.729120 294.881508 280.840533 272.329296 265.371483 252.145501 227.066485 177.849374 124.311805 71.096497 15.708098 -10.335112 -32.826465 -55.626114 -59.039750 -61.376593 -54.887786 -53.779653 -48.296827 -36.503154 -15.866103 5.585369 15.066878 22.470869 35.116994 58.958557 92.344511 133.879622 187.014247 243.865343 283.384934 296.847510 289.107601 297.582246 323.512167 373.788412 468.997607 570.029571 668.597854 742.059769 815.412816 867.380557 886.794769 909.535351 924.478206 845.044805 534.895512 721.115614 -9999.0 -9999.0 -9999.0 -9999.0 -9999.0 -9999.0 -9999.0 -9999.0 -9999.0 -9999.0
-9999.0 -9999.0 -9999.0 -9999.0 -701.604333 -544.650150 -449.917275 -366.313569 -243.473362 -132.272046 -38.925239 38.744669 93.401665 117.605094 107.532117 103.627776 95.913297 91.748822 82.916498 78.090964 73.043639 65.005193 52.842317 44.890222 43.948079 47.180257 44.531901 30.773812 13.889188 -13.055550 -36.909945 -72.356484 -109.509193 -138.877636 -152.067900 -158.868778 -158.745012 -164.497068 -155.094444 -148.605465 -133.704400 -118.311510 -94.352664 -65.973140 -53.232382 -38.965590 -29.226499 -8.389593 21.739873 74.624274 136.997172 193.187378 227.255109 230.816641 204.851325 189.259511 186.783175 216.631583 267.221240 343.113501 454.481770 541.501304 613.550713 663.902333 698.637219 747.152471 796.978436 819.038957 -9999.0 -9999.0 -9999.0 -9999.0 -9999.0 -9999.0 -9999.0 -9999.0 -9999.0 -9999.0 -9999.0 -9999.0
-9999.0 -9999.0 -9999.0 -9999.0 -9999.0 -9999.0 -755.691884 -659.978160 -573.829152 -448.881066 -332.138496 -238.979191 -163.601002 -137.472624 -118.609885 -95.714362 -99.830698 -116.932387 -133.868434 -117.086583 -106.971399 -112.133924 -140.138583 -141.610262 -138.053952 -129.020530 -130.510109 -136.810465 -161.812867 -153.319266 -154.565487 -177.781798 -203.958637 -218.321136 -229.911340 -219.953844 -219.178535 -231.824580 -229.636025 -203.433463 -183.620624 -170.180717 -147.733808 -114.606486 -82.654750 -68.309577 -67.329087 -61.150488 -19.888587 50.293488 120.491377 173.862343 204.506426 211.488994 182.677725 141.400376 119.770749 126.494393 161.697336 216.802786 296.875197 351.792947 387.893539 412.858042 444.367710 547.832206 -9999.0 -9999.0 -9999.0 -9999.0 -9999.0 -9999.0 -9999.0 -9999.0 -9999.0 -9999.0 -9999.0 -9999.0 -9999.0 -9999.0
-9999.0 -9999.0 -9999.0 -9999.0 -9999.0 -9999.0 -9999.0 -9999.0 -9999.0 -9999.0 -9999.0 -9999.0 -9999.0 -9999.0 -9999.0 -9999.0 -9999.0 -9999.0 -9999.0 -9999.0 -9999.0 -9999.0 -9999.0 -9999.0 -9999.0 -9999.0 -9999.0 -9999.0 -9999.0 -9999.0 -9999.0 -9999.0 -9999.0 -9999.0 -9999.0 -9999.0 -9999.0 -9999.0 -9999.0 -9999.0 -9999.0 -9999.0 -9999.0 -9999.0 -9999.0 -9999.0 -9999.0 -9999.0 -9999.0 -9999.0 -9999.0 -9999.0 -9999.0 -9999.0 -9999.0 -9999.0 -9999.0 -9999.0 -9999.0 -9999.0 -9999.0 -9999.0 -9999.0 -9999.0 -9999.0 -9999.0 -9999.0 -9999.0 -9999.0 -9999.0 -9999.0 -9999.0 -9999.0 -9999.0 -9999.0 -9999.0 -9999.0 -9999.0 -9999.0 -9999.0
-9999.0 -9999.0 -9999.0 -9999.0 -9999.0 -9999.0 -9999.0 -9999.0 -9999.0 -9999.0 -9999.0 -9999.0 -9999.0 -9999.0 -9999.0 -9999.0 -9999.0 -9999.0 -9999.0 -9999.0 -9999.0 -9999.0 -9999.0 -9999.0 -9999.0 -9999.0 -9999.0 -9999.0 -9999.0 -9999.0 -9999.0 -9999.0 -9999.0 -9999.0 -9999.0 -9999.0 -9999.0 -9999.0 -9999.0 -9999.0 -9999.0 -9999.0 -9999.0 -9999.0 -9999.0 -9999.0 -9999.0 -9999.0 -9999.0 -9999.0 -9999.0 -9999.0 -9999.0 -9999.0 -9999.0 -9999.0 -9999.0 -9999.0 -9999.0 -9999.0 -9999.0 -9999.0 -9999.0 -9999.0 -9999.0 -9999.0 -9999.0 -9999.0 -9999.0 -9999.0 -9999.0 -9999.0 -9999.0 -9999.0 -9999.0 -9999.0 -9999.0 -9999.0 -9999.0 -9999.0