Borden_/Borden1m_014/output_maps/psiliqL0027N0028.asc
ncols         80
nrows         18
xllcorner     620200.000000
yllcorner     5168000.000000
cellsize      1.000000
NODATA_value  -9999.0
-9999.0 -9999.0 -9999.0 -9999.0 -9999.0 -9999.0 -9999.0 -9999.0 -9999.0 -9999.0 -9999.0 -9999.0 -9999.0 -9999.0 -9999.0 -9999.0 -9999.0 -9999.0 -9999.0 -9999.0 -9999.0 -9999.0 -9999.0 -9999.0 -9999.0 -9999.0 -9999.0 -9999.0 -9999.0 -9999.0 -9999.0 -9999.0 -9999.0 -9999.0 -9999.0 -9999.0 -9999.0 -9999.0 -9999.0 -9999.0 -9999.0 -9999.0 -9999.0 -9999.0 -9999.0 -9999.0 -9999.0 -9999.0 -9999.0 -9999.0 -9999.0 -9999.0 -9999.0 -9999.0 -9999.0 -9999.0 -9999.0 -9999.0 -9999.0 -9999.0 -9999.0 -9999.0 -9999.0 -9999.0 -9999.0 -9999.0 -9999.0 -9999.0 -9999.0 -9999.0 -9999.0 -9999.0 -9999.0 -9999.0 -9999.0 -9999.0 -9999.0 -9999.0 -9999.0 -9999.0
-9999.0 -9999.0 -9999.0 -9999.0 -9999.0 -9999.0 -9999.0 -9999.0 -9999.0 -9999.0 -9999.0 -9999.0 -9999.0 -9999.0 -9999.0 -9999.0 -9999.0 -9999.0 -9999.0 -9999.0 -9999.0 -9999.0 -9999.0 -9999.0 -9999.0 -9999.0 -9999.0 -9999.0 -9999.0 -9999.0 -9999.0 -9999.0 -9999.0 -9999.0 -9999.0 -9999.0 -9999.0 -9999.0 -9999.0 -9999.0 -9999.0 -9999.0 -9999.0 -9999.0 -9999.0 -9999.0 -9999.0 -9999.0 -9999.0 -9999.0 -9999.0 -9999.0 -9999.0 -9999.0 -9999.0 -9999.0 -9999.0 -9999.0 -9999.0 -9999.0 -9999.0 -9999.0 -9999.0 -9999.0 -9999.0 -9999.0 -9999.0 -9999.0 -9999.0 -9999.0 -9999.0 -9999.0 -9999.0 -9999.0 -9999.0 -9999.0 -9999.0 -9999.0 -9999.0 -9999.0
-9999.0 -9999.0 -9999.0 -9999.0 -9999.0 -9999.0 -9999.0 -9999.0 -9999.0 -9999.0 -9999.0 -9999.0 -9999.0 -9999.0 -9999.0 -9999.0 -9999.0 -9999.0 -9999.0 -9999.0 3525.153528 3525.926488 3504.186804 3469.890163 3441.426965 3442.986850 3475.492122 3515.766334 3554.288665 3561.158524 3541.697850 3545.346453 3540.666866 3535.633359 3535.411800 3543.027153 3549.695071 3559.117228 3565.802808 3563.213618 3555.656492 3550.582474 3553.311615 3554.751813 3561.093460 3546.328108 3562.532612 3578.943339 3583.678712 3581.261171 3557.963895 3546.523766 3538.855546 3523.530478 3550.530300 3562.436856 3586.218584 3591.141913 3589.395012 3562.968073 3533.100200 -9999.0 -9999.0 -9999.0 -9999.0 -9999.0 -9999.0 -9999.0 -9999.0 -9999.0 -9999.0 -9999.0 -9999.0 -9999.0 -9999.0 -9999.0 -9999.0 -9999.0 -9999.0 -9999.0
-9999.0 -9999.0 -9999.0 -9999.0 -9999.0 -9999.0 -9999.0 -9999.0 -9999.0 -9999.0 -9999.0 -9999.0 -9999.0 -9999.0 3435.336190 3426.506929 3423.376356 3430.269367 3462.326565 3492.311042 3503.790028 3496.084886 3495.594815 3470.439585 3447.022626 3459.086622 3487.992179 3517.871458 3550.667586 3567.308024 3555.980694 3553.000598 3559.321844 3577.932493 3585.169434 3581.248864 3563.680043 3587.880745 3600.675358 3604.515419 3602.263955 3592.195024 3600.423496 3614.184920 3607.076428 3592.054675 3603.648794 3619.036600 3629.753238 3622.323047 3565.096974 3554.105754 3551.445359 3548.117925 3535.626543 3532.455720 3561.542716 3561.569283 3554.919519 3538.237537 3505.288342 3460.290649 3441.795215 3483.075044 3527.176458 3583.803841 -9999.0 -9999.0 -9999.0 -9999.0 -9999.0 -9999.0 -9999.0 -9999.0 -9999.0 -9999.0 -9999.0 -9999.0 -9999.0 -9999.0
-9999.0 -9999.0 -9999.0 -9999.0 -9999.0 -9999.0 -9999.0 -9999.0 -9999.0 3378.269204 3384.116361 3390.758500 3392.916703 3407.650325 3404.017585 3410.525449 3413.795721 3440.576590 3469.394115 3502.224783 3528.540581 3518.834697 3516.908310 3519.679909 3512.655176 3519.504969 3539.242060 3575.129596 3605.112680 3639.460293 3605.157590 3599.695419 3616.740008 3657.113969 3678.795771 3679.932132 3661.082094 3678.625184 3701.850933 3716.722971 3712.851914 3706.415688 3732.518807 3747.921966 3740.884734 3719.073836 3719.066264 3727.448230 3757.217730 3706.678999 3640.914511 3604.208083 3621.641678 3601.750428 3577.470989 3567.838803 3569.414144 3590.434917 3579.544096 3546.476343 3514.035395 3502.776229 3486.605153 3508.639714 3532.604163 3579.577238 3620.007425 3650.278833 3650.021748 3633.023877 -9999.0 -9999.0 -9999.0 -9999.0 -9999.0 -9999.0 -9999.0 -9999.0 -9999.0 -9999.0
-9999.0 -9999.0 -9999.0 -9999.0 -9999.0 -9999.0 3299.935047 3310.312049 3330.781552 3332.864597 3359.032598 3363.635274 3381.715839 3398.150645 3419.361669 3431.174090 3454.975307 3483.903209 3518.709733 3555.056583 3581.513776 3568.708531 3573.217404 3590.941605 3615.806179 3633.145324 3655.182303 3692.535145 3764.428954 3800.273535 3791.150875 3791.445905 3799.478040 3849.971858 3913.913602 3924.288537 3903.558632 3890.702701 3914.852348 3952.670191 3950.080540 3948.803692 3962.451784 3973.524735 4000.414291 3989.106280 3953.254330 3948.788631 3956.491403 3932.794340 3862.731683 3806.198963 3789.066196 3742.345727 3658.876670 3617.614834 3643.675617 3672.977884 3652.482496 3603.848927 3572.789707 3568.442633 3558.385795 3552.783922 3566.490558 3590.389474 3614.967191 3629.499850 3618.108947 3597.633424 3576.357505 3548.520224 3551.465446 3576.561654 -9999.0 -9999.0 -9999.0 -9999.0 -9999.0 -9999.0
-9999.0 -9999.0 -9999.0 -9999.0 3250.853149 3263.378955 3247.857890 3273.621348 3304.892253 3337.759442 3364.140833 3394.523222 3416.518712 3442.106465 3473.697431 3493.609513 3523.922083 3552.300228 3598.205882 3658.146094 3701.315426 3713.328785 3721.087639 3771.449141 3827.289644 3873.760750 3892.360902 3918.382296 3965.059745 4021.707456 4043.702737 4046.150408 4063.093345 4107.440356 4164.938753 4200.407636 4182.555663 4173.313219 4183.966826 4198.756049 4220.911119 4220.958725 4222.093881 4226.508492 4234.542090 4232.526569 4205.374197 4171.691954 4158.644639 4148.275763 4108.919093 4036.083322 4006.566331 3977.122031 3932.807603 3877.992419 3832.614110 3835.580432 3780.801445 3725.636024 3677.060882 3670.768856 3651.771073 3637.007463 3621.050526 3634.596986 3647.588982 3633.251333 3603.720092 3574.901641 3562.384157 3545.205819 3534.097730 3565.580567 3583.664537 3613.165668 -9999.0 -9999.0 -9999.0 -9999.0
-9999.0 -9999.0 3192.550064 3237.076799 3293.514925 3298.629321 3290.365464 3292.023463 3317.222915 3365.179598 3425.324198 3460.117553 3486.757909 3516.066850 3565.217827 3624.901481 3683.367274 3725.352308 3783.419963 3852.910668 3911.906847 3938.297229 3946.707849 3982.521442 4037.799494 4108.206235 4136.714078 4163.575424 4195.997778 4233.271231 4222.921471 4233.253776 4246.161296 4260.105452 4276.166561 4283.882645 4278.798531 4274.147435 4255.456379 4250.081903 4256.527125 4264.941201 4263.649757 4248.813466 4244.830261 4259.995957 4266.501478 4264.235928 4261.071264 4265.716230 4260.220684 4210.567023 4195.245481 4179.661320 4167.335429 4120.599752 4053.149081 4021.351379 3999.261266 3957.572376 3883.883224 3847.566764 3808.901226 3775.118278 3738.650868 3726.914588 3695.636992 3664.266493 3626.199698 3585.977564 3567.407228 3553.678495 3553.681078 3554.564914 3572.622522 3588.465339 3604.526461 3612.646092 -9999.0 -9999.0
-9999.0 3082.327463 3152.726928 3272.784259 3349.284671 3384.150307 3389.240768 3389.352390 3413.407871 3445.692052 3529.793240 3575.139710 3657.440656 3695.180196 3734.919492 3824.663753 3919.825088 3963.702881 4003.335991 4068.379202 4135.242743 4182.866650 4209.468094 4184.931923 4225.417742 4257.225978 4266.034575 4273.559110 4274.109166 4265.542048 4259.275700 4265.856682 4262.765070 4243.313132 4226.980800 4225.128706 4221.664334 4198.109477 4170.394797 4154.648110 4155.770909 4181.033915 4167.689316 4146.196776 4141.733541 4163.577895 4185.394727 4174.545942 4161.316272 4177.978448 4212.922213 4238.504621 4238.677719 4257.486913 4278.667374 4249.181031 4228.567450 4184.046938 4166.904437 4141.298922 4083.788298 4028.925661 3980.604929 3932.319618 3880.362889 3832.295363 3785.072273 3738.197706 3685.557118 3653.184248 3629.431245 3587.513020 3575.695849 3582.788675 3578.331136 3577.072383 3583.856569 3590.499687 -9999.0 -9999.0
-9999.0 2983.808997 3121.613428 3297.041452 3437.849541 3475.528852 3532.024998 3584.750691 3596.932808 3538.899294 3639.745021 3857.412565 3982.535576 4000.842871 4077.515383 4174.234638 4153.489956 4185.352431 4209.090271 4236.918573 4259.250087 4274.261886 4272.720300 4267.755410 4251.099149 4243.055365 4242.130431 4239.963354 4222.363458 4203.226701 4186.287266 4182.945571 4164.651463 4114.186730 4080.602735 4062.713332 4042.903151 4029.745883 4002.797889 3976.599524 3959.651310 3969.329888 3968.160479 3955.072803 3950.666942 3968.512702 3999.436094 3998.007559 4010.583696 4030.352957 4065.856101 4104.486445 4123.866170 4153.211363 4189.048495 4237.773643 4245.972657 4268.559177 4271.303980 4261.671049 4214.517886 4162.528988 4132.947053 4077.236590 4017.659870 3955.952342 3906.894990 3862.223486 3806.964933 3773.375354 3734.650604 3681.361508 3639.562000 3633.347056 3600.538717 3588.185570 -9999.0 -9999.0 -9999.0 -9999.0
-9999.0 2880.074493 3055.713915 3290.408984 3585.085724 3652.147486 3854.147461 3968.134041 4006.176863 4074.269945 3945.583279 4159.629899 4214.985797 4210.647175 4228.768482 4232.353433 4246.920932 4246.134710 4241.045393 4229.926932 4220.196937 4215.515136 4214.502139 4206.561071 4193.871619 4179.179565 4167.179689 4155.572542 4118.560026 4086.315572 4046.301435 4033.593238 3987.865913 3895.557494 3856.958644 3817.742638 3756.036092 3759.125587 3767.838904 3744.202132 3724.437852 3695.313887 3725.804362 3737.370653 3741.858761 3736.558757 3745.565928 3775.041140 3823.625629 3858.158939 3896.943800 3945.019121 3975.672753 4014.896885 4054.490341 4106.947903 4138.409411 4167.435554 4216.890587 4254.029445 4276.876797 4262.462074 4244.435562 4199.078141 4138.606995 4089.146642 4059.910083 4009.077688 3965.469968 3922.116942 3875.760742 3823.133687 3761.751756 3711.029717 3677.676754 -9999.0 -9999.0 -9999.0 -9999.0 -9999.0
-9999.0 2658.593783 2914.123861 3172.658966 3440.784218 3784.702219 3961.937358 4054.526687 4118.414458 4103.762130 4129.393347 4135.117149 4172.468214 4180.092342 4158.755860 4144.580377 4126.501098 4125.411640 4138.515923 4110.955915 4080.418843 4066.918563 4067.858132 4057.176325 4033.139118 4018.289207 4009.062007 3990.382313 3947.321107 3896.825078 3812.231479 3776.829115 3697.448359 3660.602742 3624.999348 3578.396703 3534.678871 3541.100538 3566.661424 3558.331571 3537.939032 3521.270055 3551.016754 3572.260633 3585.647801 3568.964177 3575.408068 3609.665049 3655.853155 3696.028307 3739.469456 3787.115419 3828.977006 3867.714111 3887.911999 3926.597533 3968.725004 4010.364622 4080.717471 4159.769693 4196.172082 4231.106363 4259.621912 4281.690964 4238.594820 4212.637336 4188.685264 4164.949275 4118.462681 4072.922766 4032.362022 3967.273519 3907.731227 -9999.0 -9999.0 -9999.0 -9999.0 -9999.0 -9999.0 -9999.0
-9999.0 2548.049969 2738.025942 2914.241580 3152.578643 3380.188180 3605.836112 3695.874512 3766.499707 3842.352415 3898.726556 3937.334287 3963.118593 3984.897076 3962.386979 3915.746626 3883.227709 3888.322621 3878.889285 3858.236556 3830.803716 3818.144768 3815.436842 3810.929902 3790.103512 3780.308730 3773.898188 3756.241172 3731.646317 3679.160223 3608.824975 3535.759789 3483.217671 3465.596682 3444.296888 3418.632429 3393.546190 3407.521544 3420.362774 3421.075026 3415.379416 3416.217947 3445.257325 3465.284673 3474.692843 3463.988920 3482.027648 3504.630958 3540.869648 3579.640192 3623.770188 3673.313053 3721.229131 3740.506856 3741.539866 3751.744346 3778.444724 3821.068009 3896.974140 3982.994605 4061.499077 4107.314472 4158.341068 4198.681188 4227.262412 4251.329707 4274.360089 4267.905299 4241.556720 4207.965439 4148.717256 -9999.0 -9999.0 -9999.0 -9999.0 -9999.0 -9999.0 -9999.0 -9999.0 -9999.0
-9999.0 -9999.0 2513.261339 2662.306233 2753.559246 2895.766960 3027.618490 3131.558654 3232.354625 3376.779502 3501.163456 3595.968412 3642.847555 3658.524999 3644.961392 3617.401074 3600.877808 3600.445670 3588.581044 3583.016763 3569.679222 3564.939426 3553.078118 3546.053998 3543.183999 3543.620571 3542.189022 3534.925754 3519.442162 3479.393367 3444.780302 3402.088558 3357.590606 3337.383649 3320.697940 3305.260574 3310.912166 3306.458756 3312.444993 3315.991696 3326.402993 3341.069142 3360.397389 3383.213564 3392.852228 3403.201576 3413.694152 3434.813367 3464.090506 3503.686995 3554.468095 3608.767672 3644.072589 3650.155470 3631.162163 3624.983521 3631.754501 3659.239448 3720.804122 3788.954438 3879.006073 3944.739108 4011.680560 4067.937065 4094.831292 4131.223327 4202.078248 4250.152266 4293.391326 4270.945457 -9999.0 -9999.0 -9999.0 -9999.0 -9999.0 -9999.0 -9999.0 -9999.0 -9999.0 -9999.0
-9999.0 -9999.0 -9999.0 -9999.0 2522.817185 2668.679599 2766.124149 2821.960312 2954.821156 3077.321313 3181.238905 3268.430949 3338.327394 3364.309577 3366.489019 3385.340550 3385.161190 3375.554092 3364.615973 3370.748957 3377.007113 3371.410688 3354.715895 3349.452933 3354.890206 3364.543092 3364.334716 3353.282275 3337.066077 3326.204063 3316.449671 3288.354547 3258.619259 3233.397421 3223.494461 3222.522388 3224.033351 3217.032101 3226.134795 3235.992722 3252.477061 3267.810262 3291.334746 3321.192253 3336.044426 3350.568344 3358.701589 3376.519830 3404.579458 3455.577836 3516.798792 3572.936885 3606.536543 3606.381888 3577.094888 3554.587552 3541.059757 3557.335819 3585.214117 3634.527827 3723.090129 3784.864858 3829.194238 3867.162696 3903.432365 3969.155339 4064.771810 4146.596932 -9999.0 -9999.0 -9999.0 -9999.0 -9999.0 -9999.0 -9999.0 -9999.0 -9999.0 -9999.0 -9999.0 -9999.0
-9999.0 -9999.0 -9999.0 -9999.0 -9999.0 -9999.0 2502.521742 2609.351260 2674.764338 2804.597330 2951.911829 3051.278818 3134.737344 3171.461620 3205.501043 3236.770575 3237.946013 3217.462618 3195.279497 3218.103563 3238.909623 3232.854520 3200.417103 3203.155271 3211.873538 3221.151329 3220.346409 3216.638479 3194.603240 3214.978220 3222.817308 3203.066870 3180.569640 3171.389731 3161.899904 3173.491069 3174.879106 3161.288896 3160.559009 3188.865025 3210.517809 3223.511951 3244.407317 3277.606064 3310.031774 3325.612488 3326.088206 3330.080606 3365.665421 3433.147135 3503.748109 3558.529859 3589.240911 3593.493548 3562.138025 3516.743454 3489.927883 3487.835171 3510.937914 3548.817673 3608.988752 3644.193723 3653.459482 3652.468835 3663.190096 3763.595666 -9999.0 -9999.0 -9999.0 -9999.0 -9999.0 -9999.0 -9999.0 -9999.0 -9999.0 -9999.0 -9999.0 -9999.0 -9999.0 -9999.0
-9999.0 -9999.0 -9999.0 -9999.0 -9999.0 -9999.0 -9999.0 -9999.0 -9999.0 -9999.0 -9999.0 -9999.0 -9999.0 -9999.0 -9999.0 -9999.0 -9999.0 -9999.0 -9999.0 -9999.0 -9999.0 -9999.0 -9999.0 -9999.0 -9999.0 -9999.0 -9999.0 -9999.0 -9999.0 -9999.0 -9999.0 -9999.0 -9999.0 -9999.0 -9999.0 -9999.0 -9999.0 -9999.0 -9999.0 -9999.0 -9999.0 -9999.0 -9999.0 -9999.0 -9999.0 -9999.0 -9999.0 -9999.0 -9999.0 -9999.0 -9999.0 -9999.0 -9999.0 -9999.0 -9999.0 -9999.0 -9999.0 -9999.0 -9999.0 -9999.0 -9999.0 -9999.0 -9999.0 -9999.0 -9999.0 -9999.0 -9999.0 -9999.0 -9999.0 -9999.0 -9999.0 -9999.0 -9999.0 -9999.0 -9999.0 -9999.0 -9999.0 -9999.0 -9999.0 -9999.0
-9999.0 -9999.0 -9999.0 -9999.0 -9999.0 -9999.0 -9999.0 -9999.0 -9999.0 -9999.0 -9999.0 -9999.0 -9999.0 -9999.0 -9999.0 -9999.0 -9999.0 -9999.0 -9999.0 -9999.0 -9999.0 -9999.0 -9999.0 -9999.0 -9999.0 -9999.0 -9999.0 -9999.0 -9999.0 -9999.0 -9999.0 -9999.0 -9999.0 -9999.0 -9999.0 -9999.0 -9999.0 -9999.0 -9999.0 -9999.0 -9999.0 -9999.0 -9999.0 -9999.0 -9999.0 -9999.0 -9999.0 -9999.0 -9999.0 -9999.0 -9999.0 -9999.0 -9999.0 -9999.0 -9999.0 -9999.0 -9999.0 -9999.0 -9999.0 -9999.0 -9999.0 -9999.0 -9999.0 -9999.0 -9999.0 -9999.0 -9999.0 -9999.0 -9999.0 -9999.0 -9999.0 -9999.0 -9999.0 -9999.0 -9999.0 -9999.0 -9999.0 -9999.0 -9999.0 -9999.0