Borden_/Borden1m_014/output_maps/psiliqL0004N0026.asc
ncols         80
nrows         18
xllcorner     620200.000000
yllcorner     5168000.000000
cellsize      1.000000
NODATA_value  -9999.0
-9999.0 -9999.0 -9999.0 -9999.0 -9999.0 -9999.0 -9999.0 -9999.0 -9999.0 -9999.0 -9999.0 -9999.0 -9999.0 -9999.0 -9999.0 -9999.0 -9999.0 -9999.0 -9999.0 -9999.0 -9999.0 -9999.0 -9999.0 -9999.0 -9999.0 -9999.0 -9999.0 -9999.0 -9999.0 -9999.0 -9999.0 -9999.0 -9999.0 -9999.0 -9999.0 -9999.0 -9999.0 -9999.0 -9999.0 -9999.0 -9999.0 -9999.0 -9999.0 -9999.0 -9999.0 -9999.0 -9999.0 -9999.0 -9999.0 -9999.0 -9999.0 -9999.0 -9999.0 -9999.0 -9999.0 -9999.0 -9999.0 -9999.0 -9999.0 -9999.0 -9999.0 -9999.0 -9999.0 -9999.0 -9999.0 -9999.0 -9999.0 -9999.0 -9999.0 -9999.0 -9999.0 -9999.0 -9999.0 -9999.0 -9999.0 -9999.0 -9999.0 -9999.0 -9999.0 -9999.0
-9999.0 -9999.0 -9999.0 -9999.0 -9999.0 -9999.0 -9999.0 -9999.0 -9999.0 -9999.0 -9999.0 -9999.0 -9999.0 -9999.0 -9999.0 -9999.0 -9999.0 -9999.0 -9999.0 -9999.0 -9999.0 -9999.0 -9999.0 -9999.0 -9999.0 -9999.0 -9999.0 -9999.0 -9999.0 -9999.0 -9999.0 -9999.0 -9999.0 -9999.0 -9999.0 -9999.0 -9999.0 -9999.0 -9999.0 -9999.0 -9999.0 -9999.0 -9999.0 -9999.0 -9999.0 -9999.0 -9999.0 -9999.0 -9999.0 -9999.0 -9999.0 -9999.0 -9999.0 -9999.0 -9999.0 -9999.0 -9999.0 -9999.0 -9999.0 -9999.0 -9999.0 -9999.0 -9999.0 -9999.0 -9999.0 -9999.0 -9999.0 -9999.0 -9999.0 -9999.0 -9999.0 -9999.0 -9999.0 -9999.0 -9999.0 -9999.0 -9999.0 -9999.0 -9999.0 -9999.0
-9999.0 -9999.0 -9999.0 -9999.0 -9999.0 -9999.0 -9999.0 -9999.0 -9999.0 -9999.0 -9999.0 -9999.0 -9999.0 -9999.0 -9999.0 -9999.0 -9999.0 -9999.0 -9999.0 -9999.0 -603.280592 -600.952574 -607.245298 -614.868064 -621.187085 -621.715108 -614.502061 -605.907795 -596.428800 -594.302657 -601.120501 -599.733029 -602.273228 -603.535387 -603.439846 -601.478780 -600.533878 -597.469981 -595.416495 -596.083814 -598.257095 -599.909969 -601.069810 -600.437917 -598.176666 -601.438885 -596.595441 -591.628991 -589.748276 -590.223883 -597.399201 -600.647628 -601.980304 -607.240427 -597.735364 -594.459966 -586.966703 -585.968181 -585.084452 -593.495725 -601.999238 -9999.0 -9999.0 -9999.0 -9999.0 -9999.0 -9999.0 -9999.0 -9999.0 -9999.0 -9999.0 -9999.0 -9999.0 -9999.0 -9999.0 -9999.0 -9999.0 -9999.0 -9999.0 -9999.0
-9999.0 -9999.0 -9999.0 -9999.0 -9999.0 -9999.0 -9999.0 -9999.0 -9999.0 -9999.0 -9999.0 -9999.0 -9999.0 -9999.0 -617.536639 -620.716937 -622.145750 -622.581565 -616.060677 -610.623623 -609.678010 -612.922756 -610.754064 -617.576688 -623.603411 -619.943499 -614.113051 -608.713135 -600.738998 -595.001890 -599.891127 -601.097982 -598.221688 -588.697698 -584.197517 -585.937920 -596.207848 -586.306677 -580.761162 -577.274292 -577.748012 -582.307276 -575.704041 -568.117268 -571.768307 -579.875742 -578.188452 -573.381060 -566.048566 -570.747715 -597.001073 -600.933209 -600.048635 -600.094357 -603.890674 -606.362979 -596.654777 -597.535172 -599.404056 -602.172971 -609.000572 -619.252784 -623.654896 -613.450083 -603.521335 -585.243459 -9999.0 -9999.0 -9999.0 -9999.0 -9999.0 -9999.0 -9999.0 -9999.0 -9999.0 -9999.0 -9999.0 -9999.0 -9999.0 -9999.0
-9999.0 -9999.0 -9999.0 -9999.0 -9999.0 -9999.0 -9999.0 -9999.0 -9999.0 -624.425976 -625.036862 -624.025049 -625.789064 -622.776196 -626.919681 -625.706762 -626.149570 -621.554896 -617.234417 -610.543587 -602.634855 -607.760122 -608.384844 -604.501367 -603.728423 -601.594418 -597.281072 -584.200678 -569.347292 -548.930578 -565.282637 -566.123670 -556.506051 -524.679180 -496.643848 -488.442419 -502.573830 -502.186129 -484.033740 -462.643054 -462.803148 -464.583493 -441.098703 -426.510624 -417.124986 -438.625207 -459.236334 -462.306142 -435.537011 -482.621223 -525.405400 -560.431183 -558.720778 -572.396649 -588.062710 -594.466123 -596.246224 -585.605626 -590.150484 -601.196244 -610.498409 -609.051858 -613.850272 -608.973795 -604.688413 -590.362101 -577.547907 -565.911555 -565.381744 -572.553475 -9999.0 -9999.0 -9999.0 -9999.0 -9999.0 -9999.0 -9999.0 -9999.0 -9999.0 -9999.0
-9999.0 -9999.0 -9999.0 -9999.0 -9999.0 -9999.0 -631.843828 -631.933261 -629.782546 -634.745343 -630.365754 -632.637453 -629.310854 -627.452413 -624.886978 -624.099896 -618.350025 -612.808130 -603.894228 -592.429070 -582.275252 -586.522510 -583.768483 -570.116899 -545.720665 -524.114966 -510.106850 -485.306147 -407.016571 -343.567964 -317.244430 -303.461875 -285.703709 -257.499836 -204.903626 -147.045712 -209.001606 -228.902606 -214.242865 -173.843844 -98.633630 -95.858652 -89.911021 -82.535998 -56.748014 -63.669482 -168.189324 -197.306034 -205.341812 -213.556497 -250.896824 -291.850258 -360.909374 -428.656478 -498.005287 -535.043404 -540.929661 -534.032985 -550.489322 -573.663271 -588.527342 -589.458850 -592.756827 -597.810796 -595.290399 -589.235837 -580.532226 -575.362542 -579.467536 -585.495926 -590.701169 -599.779425 -598.526271 -589.865229 -9999.0 -9999.0 -9999.0 -9999.0 -9999.0 -9999.0
-9999.0 -9999.0 -9999.0 -9999.0 -641.020122 -638.342917 -645.925262 -641.242589 -637.289451 -633.985033 -632.967234 -627.523918 -625.283602 -621.003021 -612.708051 -605.693188 -594.262802 -585.127154 -563.205186 -523.341194 -486.592083 -464.136904 -449.561543 -363.193707 -283.368676 -246.973506 -234.807046 -213.347718 -165.803059 -49.577446 -23.617546 -38.744514 0.015734 1.476169 65.610947 100.158358 80.348227 46.468143 76.242475 84.815059 109.740225 110.650452 111.668482 111.907196 113.992978 115.406296 93.625244 34.518067 48.891609 44.434087 -3.862121 -34.874272 -132.981255 -173.345246 -197.939392 -232.915533 -281.340405 -307.988952 -393.938291 -458.597019 -511.376599 -530.005499 -548.677251 -559.449514 -573.002633 -570.797633 -567.412644 -574.650532 -584.666357 -594.342241 -596.425070 -600.907445 -605.065523 -594.079128 -589.494661 -577.678535 -9999.0 -9999.0 -9999.0 -9999.0
-9999.0 -9999.0 -642.618545 -641.510436 -633.661879 -637.454369 -639.950735 -643.337807 -641.120127 -633.107710 -618.261508 -610.493743 -600.008325 -593.566414 -571.665108 -524.055716 -471.271741 -423.606037 -334.458930 -271.009337 -226.812658 -188.772915 -110.066983 -73.091550 -48.707327 19.924939 13.167753 61.887788 88.546204 116.018178 140.795606 154.895210 160.615547 155.829384 155.449753 153.648422 151.649947 146.559113 130.935396 128.717339 135.918260 138.243854 141.004969 129.535318 125.792433 137.892554 139.881123 139.192550 141.822350 150.707539 159.752180 131.508279 78.423690 64.375959 31.895379 23.147461 -33.909306 -124.940381 -157.139446 -196.745794 -258.777481 -294.539099 -367.250719 -442.038212 -493.059251 -516.459054 -541.626254 -558.784742 -575.405684 -590.955759 -596.441565 -599.999518 -598.471844 -599.489868 -593.550877 -588.708118 -582.320948 -579.682613 -9999.0 -9999.0
-9999.0 -646.254814 -647.511624 -633.260403 -628.873732 -624.917679 -620.419014 -616.569877 -612.209942 -615.032635 -577.989280 -517.357625 -457.506645 -431.110795 -351.322188 -252.107669 -109.437137 -76.960184 -65.906943 -7.772618 41.101047 80.113999 105.685919 137.759213 160.948591 156.752928 154.378425 153.060615 145.402712 137.815479 127.729981 135.924131 134.863095 119.894662 107.520288 106.851349 102.973821 70.978309 52.936867 40.843776 45.743630 65.915875 27.391313 36.158678 32.997390 52.206383 67.163223 32.455037 46.915564 63.806728 94.051478 112.271183 128.450844 141.991160 160.559807 140.093686 108.053954 70.619968 29.812464 30.821698 -68.475272 -132.142012 -185.142802 -242.865722 -289.187726 -373.331327 -457.168130 -503.897011 -540.780650 -556.601168 -567.152688 -587.510319 -593.571937 -589.923122 -592.701940 -593.085638 -590.456851 -588.299816 -9999.0 -9999.0
-9999.0 -658.902953 -646.059444 -629.271541 -607.677344 -601.298901 -546.127432 -498.768803 -483.154492 -503.564786 -392.275424 -108.259326 -42.781934 -39.858872 14.082847 82.336677 123.428985 145.072461 159.007597 151.157103 145.820867 147.870198 143.479037 135.491475 121.809752 115.118482 114.786428 113.071625 95.356722 75.976273 38.671270 60.041094 48.947651 15.558630 -14.482949 -26.553828 -47.576224 -112.243774 -156.155014 -185.710612 -198.652171 -179.732776 -189.953318 -207.045284 -210.438546 -188.039550 -154.552048 -159.696944 -152.411644 -127.670141 -82.677546 -3.771123 16.780445 40.433668 53.926827 112.547131 131.385446 150.594914 155.462881 132.782070 93.866217 47.642690 20.354311 -80.802516 -153.281811 -227.440754 -271.578689 -306.952599 -398.280957 -456.489748 -498.172707 -534.249497 -562.358389 -570.114909 -585.027036 -588.831987 -9999.0 -9999.0 -9999.0 -9999.0
-9999.0 -660.713785 -647.759329 -617.482178 -548.313769 -467.322868 -285.312919 -164.083133 -9.300450 -42.295663 63.023190 140.880400 150.032615 135.407927 110.672769 107.707772 117.416544 119.818123 115.028410 106.506410 96.124251 91.865195 68.750445 82.625435 71.102458 57.597923 46.621869 35.408417 -46.667683 -83.192090 -111.107899 -128.130648 -162.732965 -238.845894 -265.455219 -284.662304 -353.789068 -373.064034 -393.089751 -431.721214 -450.423071 -462.270985 -446.716413 -450.050460 -451.159962 -441.643673 -416.328524 -394.185099 -334.136275 -290.428160 -262.664486 -221.668649 -190.030794 -145.443316 -93.847694 2.381224 30.727679 56.474550 77.090703 133.165051 153.954952 146.593947 118.375971 82.642145 24.273692 -82.944579 -131.619898 -192.738061 -245.295720 -280.140679 -306.540280 -376.756124 -465.243863 -528.359372 -547.361909 -9999.0 -9999.0 -9999.0 -9999.0 -9999.0
-9999.0 -679.546120 -649.404480 -623.696276 -515.176145 -274.878636 -186.404834 63.864007 123.334547 52.449360 -43.419160 27.026611 23.870408 61.938403 39.210960 30.823363 24.449143 24.010786 35.628305 8.271901 -62.884795 -81.065046 -83.966591 -96.923484 -121.195406 -141.102446 -156.273321 -177.614995 -226.451714 -260.053913 -307.964835 -347.453113 -440.797514 -498.182678 -527.175670 -552.877247 -577.898921 -577.555992 -569.690161 -576.823623 -584.959113 -593.041319 -582.963857 -577.937033 -573.570686 -578.640059 -576.558739 -562.728909 -540.361732 -517.383779 -482.968867 -430.773520 -367.811493 -294.021260 -270.201036 -229.534880 -187.867689 -138.696533 -64.558443 49.208097 76.322072 108.612964 144.466560 161.676302 123.215169 84.289232 32.441913 -68.307516 -153.386051 -195.896429 -218.215643 -245.452985 -282.623801 -9999.0 -9999.0 -9999.0 -9999.0 -9999.0 -9999.0 -9999.0
-9999.0 -689.520841 -657.994955 -651.316484 -608.231984 -525.184964 -398.246835 -271.311111 -123.123879 -228.428571 -240.626866 -220.315903 -195.874827 -176.012023 -197.382061 -225.344580 -243.548107 -239.968626 -238.430077 -255.365242 -275.557024 -284.199321 -285.068182 -294.286588 -334.230660 -361.496348 -378.529587 -409.774821 -452.041916 -495.552782 -547.018195 -575.284310 -596.034200 -604.177192 -610.249816 -616.533046 -626.881211 -621.639648 -617.305581 -618.403626 -621.655354 -623.859488 -616.041797 -612.788607 -610.261116 -616.625742 -611.609693 -606.326486 -595.462405 -584.067250 -568.466914 -546.771004 -520.510179 -501.814126 -488.076506 -460.039214 -408.558317 -316.528185 -251.695622 -162.908293 -88.420674 -2.085222 45.126256 55.026047 98.417702 110.866086 114.039140 75.709087 -121.240623 -150.510550 -161.481780 -9999.0 -9999.0 -9999.0 -9999.0 -9999.0 -9999.0 -9999.0 -9999.0 -9999.0
-9999.0 -9999.0 -696.865745 -683.163967 -671.331405 -657.083724 -636.895713 -612.384150 -592.199790 -566.892611 -532.435844 -494.936376 -469.603034 -457.430758 -473.317135 -503.402953 -520.426993 -519.564593 -524.280789 -533.307590 -548.809134 -554.411634 -558.435855 -561.734257 -568.771018 -571.843640 -573.310385 -576.455586 -583.185071 -597.531210 -610.510204 -620.030022 -629.901263 -630.595123 -632.554040 -635.863058 -633.725649 -634.337892 -633.405340 -633.716317 -632.880128 -631.241824 -629.032674 -626.174065 -625.676707 -624.796226 -623.538200 -620.259559 -615.205547 -608.330163 -596.222430 -579.564424 -566.944512 -563.712008 -569.477155 -567.624865 -558.993966 -538.197261 -477.150088 -365.118603 -273.396681 -215.052376 -144.078149 -94.983887 -67.622950 -8.221359 40.704134 -70.098283 -189.050564 -177.647586 -9999.0 -9999.0 -9999.0 -9999.0 -9999.0 -9999.0 -9999.0 -9999.0 -9999.0 -9999.0
-9999.0 -9999.0 -9999.0 -9999.0 -703.057678 -683.523741 -666.425404 -667.116533 -653.619466 -644.079048 -634.666913 -623.844707 -614.875905 -609.589667 -615.017764 -616.412404 -617.875769 -617.408798 -618.931998 -620.434258 -621.267799 -622.435610 -623.817481 -625.290321 -624.817640 -623.510397 -623.283727 -625.779737 -626.510239 -631.172097 -632.422288 -635.694223 -638.818295 -642.013164 -641.751167 -642.103381 -640.961280 -642.294227 -640.263626 -641.165331 -639.420056 -638.417130 -636.109522 -632.557931 -633.133860 -631.110033 -630.703997 -627.936187 -625.882534 -617.945810 -605.587540 -591.673554 -582.303078 -582.428041 -593.216491 -598.280967 -600.771930 -593.354190 -580.034302 -553.147408 -491.514368 -417.728798 -313.931310 -271.899326 -246.422637 -202.525890 -148.864032 -129.735785 -9999.0 -9999.0 -9999.0 -9999.0 -9999.0 -9999.0 -9999.0 -9999.0 -9999.0 -9999.0 -9999.0 -9999.0
-9999.0 -9999.0 -9999.0 -9999.0 -9999.0 -9999.0 -694.667030 -684.811084 -687.336531 -679.007471 -671.239039 -664.921737 -656.319839 -656.446781 -653.838196 -647.823590 -648.646670 -651.656816 -655.334651 -650.135712 -647.739431 -647.408815 -653.294972 -651.835960 -651.155076 -648.942273 -649.163610 -648.429177 -653.367076 -647.846552 -645.309310 -646.721453 -648.111716 -647.343460 -648.620329 -645.196222 -644.791112 -647.595279 -648.352527 -644.154178 -642.715112 -642.973582 -641.783006 -638.482309 -634.005676 -633.031954 -634.616019 -636.688337 -631.615016 -620.294830 -607.164667 -595.401910 -587.781344 -585.628231 -595.208733 -608.011843 -614.509669 -614.959013 -608.786450 -597.102784 -572.032991 -554.233340 -539.591389 -523.307137 -502.956865 -407.253538 -9999.0 -9999.0 -9999.0 -9999.0 -9999.0 -9999.0 -9999.0 -9999.0 -9999.0 -9999.0 -9999.0 -9999.0 -9999.0 -9999.0
-9999.0 -9999.0 -9999.0 -9999.0 -9999.0 -9999.0 -9999.0 -9999.0 -9999.0 -9999.0 -9999.0 -9999.0 -9999.0 -9999.0 -9999.0 -9999.0 -9999.0 -9999.0 -9999.0 -9999.0 -9999.0 -9999.0 -9999.0 -9999.0 -9999.0 -9999.0 -9999.0 -9999.0 -9999.0 -9999.0 -9999.0 -9999.0 -9999.0 -9999.0 -9999.0 -9999.0 -9999.0 -9999.0 -9999.0 -9999.0 -9999.0 -9999.0 -9999.0 -9999.0 -9999.0 -9999.0 -9999.0 -9999.0 -9999.0 -9999.0 -9999.0 -9999.0 -9999.0 -9999.0 -9999.0 -9999.0 -9999.0 -9999.0 -9999.0 -9999.0 -9999.0 -9999.0 -9999.0 -9999.0 -9999.0 -9999.0 -9999.0 -9999.0 -9999.0 -9999.0 -9999.0 -9999.0 -9999.0 -9999.0 -9999.0 -9999.0 -9999.0 -9999.0 -9999.0 -9999.0
-9999.0 -9999.0 -9999.0 -9999.0 -9999.0 -9999.0 -9999.0 -9999.0 -9999.0 -9999.0 -9999.0 -9999.0 -9999.0 -9999.0 -9999.0 -9999.0 -9999.0 -9999.0 -9999.0 -9999.0 -9999.0 -9999.0 -9999.0 -9999.0 -9999.0 -9999.0 -9999.0 -9999.0 -9999.0 -9999.0 -9999.0 -9999.0 -9999.0 -9999.0 -9999.0 -9999.0 -9999.0 -9999.0 -9999.0 -9999.0 -9999.0 -9999.0 -9999.0 -9999.0 -9999.0 -9999.0 -9999.0 -9999.0 -9999.0 -9999.0 -9999.0 -9999.0 -9999.0 -9999.0 -9999.0 -9999.0 -9999.0 -9999.0 -9999.0 -9999.0 -9999.0 -9999.0 -9999.0 -9999.0 -9999.0 -9999.0 -9999.0 -9999.0 -9999.0 -9999.0 -9999.0 -9999.0 -9999.0 -9999.0 -9999.0 -9999.0 -9999.0 -9999.0 -9999.0 -9999.0