Borden_/Borden1m_014/output_maps/psiliqL0012N0022.asc
ncols         80
nrows         18
xllcorner     620200.000000
yllcorner     5168000.000000
cellsize      1.000000
NODATA_value  -9999.0
-9999.0 -9999.0 -9999.0 -9999.0 -9999.0 -9999.0 -9999.0 -9999.0 -9999.0 -9999.0 -9999.0 -9999.0 -9999.0 -9999.0 -9999.0 -9999.0 -9999.0 -9999.0 -9999.0 -9999.0 -9999.0 -9999.0 -9999.0 -9999.0 -9999.0 -9999.0 -9999.0 -9999.0 -9999.0 -9999.0 -9999.0 -9999.0 -9999.0 -9999.0 -9999.0 -9999.0 -9999.0 -9999.0 -9999.0 -9999.0 -9999.0 -9999.0 -9999.0 -9999.0 -9999.0 -9999.0 -9999.0 -9999.0 -9999.0 -9999.0 -9999.0 -9999.0 -9999.0 -9999.0 -9999.0 -9999.0 -9999.0 -9999.0 -9999.0 -9999.0 -9999.0 -9999.0 -9999.0 -9999.0 -9999.0 -9999.0 -9999.0 -9999.0 -9999.0 -9999.0 -9999.0 -9999.0 -9999.0 -9999.0 -9999.0 -9999.0 -9999.0 -9999.0 -9999.0 -9999.0
-9999.0 -9999.0 -9999.0 -9999.0 -9999.0 -9999.0 -9999.0 -9999.0 -9999.0 -9999.0 -9999.0 -9999.0 -9999.0 -9999.0 -9999.0 -9999.0 -9999.0 -9999.0 -9999.0 -9999.0 -9999.0 -9999.0 -9999.0 -9999.0 -9999.0 -9999.0 -9999.0 -9999.0 -9999.0 -9999.0 -9999.0 -9999.0 -9999.0 -9999.0 -9999.0 -9999.0 -9999.0 -9999.0 -9999.0 -9999.0 -9999.0 -9999.0 -9999.0 -9999.0 -9999.0 -9999.0 -9999.0 -9999.0 -9999.0 -9999.0 -9999.0 -9999.0 -9999.0 -9999.0 -9999.0 -9999.0 -9999.0 -9999.0 -9999.0 -9999.0 -9999.0 -9999.0 -9999.0 -9999.0 -9999.0 -9999.0 -9999.0 -9999.0 -9999.0 -9999.0 -9999.0 -9999.0 -9999.0 -9999.0 -9999.0 -9999.0 -9999.0 -9999.0 -9999.0 -9999.0
-9999.0 -9999.0 -9999.0 -9999.0 -9999.0 -9999.0 -9999.0 -9999.0 -9999.0 -9999.0 -9999.0 -9999.0 -9999.0 -9999.0 -9999.0 -9999.0 -9999.0 -9999.0 -9999.0 -9999.0 541.133790 544.111860 522.322363 489.178450 461.801224 464.741396 500.383666 542.566728 581.928664 593.222824 576.424248 579.575329 575.749297 575.609484 578.788717 585.699098 589.631440 601.122793 609.850497 609.918761 604.298645 599.469972 599.700969 603.110976 608.209518 597.487721 610.579835 625.174051 630.113063 624.025973 595.835004 579.043166 569.058623 552.591085 575.780891 586.714236 608.527036 611.805488 609.418646 581.718490 551.230935 -9999.0 -9999.0 -9999.0 -9999.0 -9999.0 -9999.0 -9999.0 -9999.0 -9999.0 -9999.0 -9999.0 -9999.0 -9999.0 -9999.0 -9999.0 -9999.0 -9999.0 -9999.0 -9999.0
-9999.0 -9999.0 -9999.0 -9999.0 -9999.0 -9999.0 -9999.0 -9999.0 -9999.0 -9999.0 -9999.0 -9999.0 -9999.0 -9999.0 448.665755 439.321293 437.113103 446.314644 480.729732 511.472574 524.026905 517.149650 517.994976 495.410138 475.984708 491.072202 521.826685 554.709860 590.792535 612.845877 602.629847 601.634537 612.854507 639.815731 653.962716 651.803860 631.764184 655.045945 671.391896 680.963854 681.184436 673.560049 687.893675 704.297566 697.375725 679.127091 682.467548 693.464762 705.710076 690.170006 624.762943 603.254231 597.322459 588.631988 573.137556 565.383921 589.349953 588.628803 579.299854 560.407255 527.191534 482.662380 463.790139 501.720774 545.075507 602.020170 -9999.0 -9999.0 -9999.0 -9999.0 -9999.0 -9999.0 -9999.0 -9999.0 -9999.0 -9999.0 -9999.0 -9999.0 -9999.0 -9999.0
-9999.0 -9999.0 -9999.0 -9999.0 -9999.0 -9999.0 -9999.0 -9999.0 -9999.0 389.662194 394.210884 401.937931 404.675752 420.953012 419.400032 427.195744 435.428072 463.093659 495.220683 531.277559 560.917727 552.689664 554.581574 567.201241 573.659363 587.538203 610.573513 653.361158 697.539915 742.426122 716.913545 717.109945 738.460054 787.631204 823.287764 832.110224 813.097089 819.880391 845.772410 870.444308 872.373841 872.030218 898.604957 913.663934 916.291221 894.331039 876.698640 874.531675 899.046365 845.583089 778.249736 724.494537 723.477763 688.915391 646.718610 623.767559 619.227260 638.426674 621.379770 582.341479 544.657480 533.089600 514.942493 530.716460 552.105673 597.770392 635.758496 663.568309 662.709617 644.813582 -9999.0 -9999.0 -9999.0 -9999.0 -9999.0 -9999.0 -9999.0 -9999.0 -9999.0 -9999.0
-9999.0 -9999.0 -9999.0 -9999.0 -9999.0 -9999.0 310.375710 319.948348 340.422500 345.842149 371.349896 379.443314 400.784306 421.023682 443.317434 461.233793 493.005895 527.468198 570.552689 615.976876 650.053754 647.489613 660.926169 697.065568 741.518853 774.065302 800.991232 844.282392 927.875535 978.123684 992.549480 1001.185342 1013.417566 1060.928876 1124.196674 1142.035897 1118.963005 1102.693580 1121.493790 1158.347959 1170.363929 1173.968151 1184.227699 1193.728713 1218.888558 1207.903622 1163.105691 1145.157918 1140.717763 1125.986556 1068.862768 1005.018044 961.976655 904.887950 817.281052 758.540441 760.428877 774.375927 740.144301 682.203486 637.683757 624.739958 607.680079 592.038741 596.203481 613.969009 635.387396 645.514094 631.746155 610.030543 586.473962 557.079289 558.282662 583.145120 -9999.0 -9999.0 -9999.0 -9999.0 -9999.0 -9999.0
-9999.0 -9999.0 -9999.0 -9999.0 260.107657 273.125907 261.553017 286.525217 319.449210 353.862488 386.795619 424.899241 453.416650 485.160491 528.198837 566.427508 611.880710 651.084771 710.618547 783.122061 838.042122 867.091398 888.833589 956.400908 1023.472473 1076.745652 1097.502324 1125.523476 1171.332523 1237.553201 1267.837569 1276.622797 1294.920052 1328.170222 1373.404970 1406.037287 1388.482499 1380.255233 1384.730430 1395.877346 1421.280526 1423.735875 1426.077183 1428.135555 1431.638999 1430.102803 1404.983441 1371.298205 1357.273907 1348.238120 1322.437113 1254.437236 1207.118040 1173.114580 1140.812887 1091.296592 1025.500474 1003.256318 939.089604 875.040813 806.326896 779.535406 744.118694 713.808288 680.400066 678.560980 679.053462 656.809179 623.586036 590.146568 574.089411 554.492792 543.103086 572.413576 589.525793 619.775566 -9999.0 -9999.0 -9999.0 -9999.0
-9999.0 -9999.0 200.746661 250.222712 307.154100 316.490564 318.448554 324.816134 353.543560 406.217621 484.622416 538.106432 584.055741 620.232026 684.837741 770.874215 849.651873 905.372384 972.426001 1044.793447 1107.164313 1143.747856 1168.032072 1210.364801 1264.489526 1322.219701 1347.582076 1373.074074 1404.508929 1438.966075 1456.067781 1471.446848 1479.469101 1480.475070 1484.569179 1485.170685 1480.085938 1473.409599 1454.270122 1450.409579 1457.654932 1462.309350 1464.723441 1452.028161 1448.221164 1461.123072 1463.928786 1463.243420 1463.593846 1471.370712 1477.372912 1440.670182 1396.863483 1380.418768 1371.089800 1328.232984 1265.065856 1218.048726 1191.546430 1147.870207 1070.893958 1017.050294 960.236073 902.762084 843.692998 806.344301 754.666007 709.158643 660.298262 612.378781 587.242899 567.706939 564.174041 563.360303 578.691383 593.578846 608.522076 616.097439 -9999.0 -9999.0
-9999.0 99.250643 171.913939 299.120848 379.410185 425.417990 462.398376 489.460063 518.081499 541.928072 651.887135 752.028162 846.827582 887.653216 947.268818 1049.240311 1145.669435 1192.374102 1231.618754 1285.257476 1342.715651 1389.747849 1419.817214 1439.383810 1471.638491 1479.979575 1481.373074 1483.558651 1479.047822 1472.119135 1463.480685 1470.095937 1466.960219 1449.223099 1434.203608 1430.949117 1423.837076 1396.971196 1366.631877 1350.763262 1352.930171 1374.362661 1363.364359 1343.623280 1340.307065 1361.157356 1379.863955 1372.667668 1362.759596 1381.672679 1417.195060 1439.009550 1451.281806 1466.990252 1487.598750 1463.218982 1433.065515 1391.249097 1370.433044 1341.027417 1281.984006 1219.934823 1164.048936 1101.536455 1033.561855 959.729495 889.258967 823.242699 752.573769 708.122244 673.978783 620.658441 596.557543 596.279762 585.976366 582.322963 587.903803 593.973012 -9999.0 -9999.0
-9999.0 22.437673 165.534069 351.228189 500.431651 563.613947 676.059356 759.922732 790.836702 768.154899 883.065727 1106.428241 1202.588452 1220.152819 1291.381204 1376.091933 1404.212361 1435.881521 1457.728372 1463.696190 1468.595235 1477.310733 1476.167891 1470.590669 1456.633255 1448.705473 1447.055132 1443.338036 1424.588123 1404.611758 1386.596844 1381.314529 1362.994355 1322.181636 1290.700851 1273.706490 1255.974516 1228.950148 1190.867879 1161.565469 1146.303430 1162.484048 1154.560771 1137.914199 1134.592752 1157.498440 1191.301439 1189.058641 1199.013001 1223.803965 1265.584701 1307.022438 1330.649826 1360.801270 1398.038662 1441.699438 1458.892333 1479.906597 1484.355685 1463.746318 1420.590158 1369.497843 1334.554901 1270.682970 1198.055711 1119.609086 1055.484762 993.158787 918.444337 864.407669 811.302466 748.645099 688.069117 658.798004 617.061685 595.552316 -9999.0 -9999.0 -9999.0 -9999.0
-9999.0 -51.064963 138.801574 401.081182 672.432141 796.601683 1005.385694 1136.556249 1199.490156 1260.454731 1262.017752 1392.822782 1426.409937 1421.719864 1416.400499 1420.787742 1436.713322 1441.458400 1438.985000 1429.991123 1421.163667 1417.125735 1415.777583 1407.724854 1394.606670 1378.594659 1364.339250 1349.617325 1308.984837 1274.884115 1239.835911 1222.449913 1182.877336 1093.558909 1051.943211 1017.250080 958.517163 946.115238 932.917486 899.635782 877.598708 858.271524 878.513944 881.115083 883.261751 890.126592 911.850337 937.897993 986.235183 1026.279921 1071.729154 1124.804878 1160.994503 1206.630322 1255.062409 1312.986297 1346.036989 1377.322731 1423.835316 1464.166576 1487.575674 1477.647952 1449.040307 1404.529596 1335.372351 1268.562130 1221.397264 1152.443018 1087.389596 1032.129603 982.685956 923.063064 847.192370 751.203775 705.417640 -9999.0 -9999.0 -9999.0 -9999.0 -9999.0
-9999.0 -220.384859 47.884704 340.545482 664.893680 993.742205 1120.104405 1261.005165 1333.883155 1289.246580 1284.054507 1306.904500 1347.604564 1356.241731 1338.565249 1332.577561 1323.996151 1325.108995 1338.749555 1313.468293 1283.076523 1269.242796 1267.816894 1254.384487 1229.133065 1209.440367 1194.416391 1172.118674 1122.727867 1072.837516 993.420680 961.107883 880.056958 816.023962 769.315677 719.195752 665.888636 661.829560 675.951909 658.414785 634.899176 615.825618 641.789044 658.573143 670.542098 660.900365 671.547820 709.091759 760.857355 807.014533 859.797143 919.282634 971.845456 1026.005090 1061.227988 1113.596697 1162.248349 1211.575013 1286.709776 1366.887408 1404.131730 1439.324904 1473.774651 1489.714960 1440.494958 1391.820607 1344.424905 1288.888914 1206.357372 1158.117472 1127.545635 1080.559889 1021.128726 -9999.0 -9999.0 -9999.0 -9999.0 -9999.0 -9999.0 -9999.0
-9999.0 -350.402017 -125.374459 113.102587 406.187069 647.170278 840.019820 957.779730 1039.396186 1056.688962 1080.015390 1110.379413 1140.424744 1163.065950 1142.778939 1107.646877 1082.091279 1087.066032 1085.261053 1062.245741 1033.403239 1018.553193 1015.754427 1006.358007 977.505817 958.543818 943.776211 916.581378 877.103038 818.989011 736.984044 664.336869 600.154579 564.625833 533.660949 499.950956 461.866730 471.254448 483.982981 479.203386 467.287567 463.361388 492.651861 511.413863 521.673611 509.759476 529.161136 556.803566 599.527981 643.099599 692.994267 749.764684 805.973604 839.132077 857.022583 888.414791 935.567025 998.064054 1087.485292 1184.477140 1262.493549 1313.966185 1365.832234 1401.133956 1416.633115 1433.837453 1414.558630 1340.300430 1220.380218 1223.139105 1212.827763 -9999.0 -9999.0 -9999.0 -9999.0 -9999.0 -9999.0 -9999.0 -9999.0 -9999.0
-9999.0 -9999.0 -361.293369 -177.152160 -28.082915 156.192722 308.882826 420.113204 503.438605 604.845845 701.408056 779.968906 822.645044 840.241778 824.782872 788.995760 766.211758 766.688003 757.458556 745.501134 723.604108 714.682975 703.721021 694.383948 680.840021 672.413438 665.056880 651.589554 627.096415 578.789307 527.082261 474.220494 419.229239 393.093817 370.645333 348.138748 345.203697 342.086600 348.063851 349.139746 354.981400 366.977763 387.395440 409.047067 418.700373 426.726131 439.511994 463.564506 497.155116 539.259810 592.915029 650.300274 690.301183 704.007544 696.154317 704.022073 728.959810 777.438651 866.829711 961.826716 1060.931671 1134.738392 1209.514288 1264.684831 1285.735056 1306.852255 1329.787280 1268.369845 893.695970 1162.707007 -9999.0 -9999.0 -9999.0 -9999.0 -9999.0 -9999.0 -9999.0 -9999.0 -9999.0 -9999.0
-9999.0 -9999.0 -9999.0 -9999.0 -320.480249 -163.452628 -67.525522 16.450881 141.635469 255.863454 351.286244 430.380033 487.211987 512.127176 504.295837 503.843088 497.517041 492.935185 483.978599 480.498687 476.737364 468.747031 455.644102 447.478381 446.627523 449.868919 446.740603 432.547973 415.019525 389.328569 366.475853 331.205733 294.225018 264.716719 251.378527 244.802316 244.677459 238.450241 247.527177 254.208046 269.153472 284.471245 308.369103 336.961326 350.070339 364.560008 374.404102 395.267094 425.639415 478.869438 541.787322 598.685340 633.561107 637.737817 612.653672 597.670109 595.560480 625.609181 675.056938 748.853248 856.369171 938.098293 1007.793344 1059.681103 1096.393099 1147.458184 1210.404003 1251.929767 -9999.0 -9999.0 -9999.0 -9999.0 -9999.0 -9999.0 -9999.0 -9999.0 -9999.0 -9999.0 -9999.0 -9999.0
-9999.0 -9999.0 -9999.0 -9999.0 -9999.0 -9999.0 -371.112363 -272.457514 -187.416412 -57.893327 62.942672 158.509552 235.215178 263.173265 284.506664 308.749570 305.507121 288.130992 270.618196 288.002181 299.196167 293.659366 264.840872 263.426383 267.071468 275.548474 273.543652 266.922134 241.677760 250.863374 250.025530 226.644233 200.380312 186.050473 174.285070 184.016994 184.538745 171.552022 173.186114 199.485937 219.388206 232.722783 254.977107 288.154320 320.265580 334.930944 336.117737 342.383337 383.346599 453.636419 524.450335 578.604024 609.988942 617.557672 589.600266 549.199123 528.519893 536.043888 571.894812 627.127974 706.611055 760.793896 795.391840 818.080737 845.883541 943.466240 -9999.0 -9999.0 -9999.0 -9999.0 -9999.0 -9999.0 -9999.0 -9999.0 -9999.0 -9999.0 -9999.0 -9999.0 -9999.0 -9999.0
-9999.0 -9999.0 -9999.0 -9999.0 -9999.0 -9999.0 -9999.0 -9999.0 -9999.0 -9999.0 -9999.0 -9999.0 -9999.0 -9999.0 -9999.0 -9999.0 -9999.0 -9999.0 -9999.0 -9999.0 -9999.0 -9999.0 -9999.0 -9999.0 -9999.0 -9999.0 -9999.0 -9999.0 -9999.0 -9999.0 -9999.0 -9999.0 -9999.0 -9999.0 -9999.0 -9999.0 -9999.0 -9999.0 -9999.0 -9999.0 -9999.0 -9999.0 -9999.0 -9999.0 -9999.0 -9999.0 -9999.0 -9999.0 -9999.0 -9999.0 -9999.0 -9999.0 -9999.0 -9999.0 -9999.0 -9999.0 -9999.0 -9999.0 -9999.0 -9999.0 -9999.0 -9999.0 -9999.0 -9999.0 -9999.0 -9999.0 -9999.0 -9999.0 -9999.0 -9999.0 -9999.0 -9999.0 -9999.0 -9999.0 -9999.0 -9999.0 -9999.0 -9999.0 -9999.0 -9999.0
-9999.0 -9999.0 -9999.0 -9999.0 -9999.0 -9999.0 -9999.0 -9999.0 -9999.0 -9999.0 -9999.0 -9999.0 -9999.0 -9999.0 -9999.0 -9999.0 -9999.0 -9999.0 -9999.0 -9999.0 -9999.0 -9999.0 -9999.0 -9999.0 -9999.0 -9999.0 -9999.0 -9999.0 -9999.0 -9999.0 -9999.0 -9999.0 -9999.0 -9999.0 -9999.0 -9999.0 -9999.0 -9999.0 -9999.0 -9999.0 -9999.0 -9999.0 -9999.0 -9999.0 -9999.0 -9999.0 -9999.0 -9999.0 -9999.0 -9999.0 -9999.0 -9999.0 -9999.0 -9999.0 -9999.0 -9999.0 -9999.0 -9999.0 -9999.0 -9999.0 -9999.0 -9999.0 -9999.0 -9999.0 -9999.0 -9999.0 -9999.0 -9999.0 -9999.0 -9999.0 -9999.0 -9999.0 -9999.0 -9999.0 -9999.0 -9999.0 -9999.0 -9999.0 -9999.0 -9999.0