Borden_/Borden1m_014/output_maps/psiliqL0006N0022.asc
ncols         80
nrows         18
xllcorner     620200.000000
yllcorner     5168000.000000
cellsize      1.000000
NODATA_value  -9999.0
-9999.0 -9999.0 -9999.0 -9999.0 -9999.0 -9999.0 -9999.0 -9999.0 -9999.0 -9999.0 -9999.0 -9999.0 -9999.0 -9999.0 -9999.0 -9999.0 -9999.0 -9999.0 -9999.0 -9999.0 -9999.0 -9999.0 -9999.0 -9999.0 -9999.0 -9999.0 -9999.0 -9999.0 -9999.0 -9999.0 -9999.0 -9999.0 -9999.0 -9999.0 -9999.0 -9999.0 -9999.0 -9999.0 -9999.0 -9999.0 -9999.0 -9999.0 -9999.0 -9999.0 -9999.0 -9999.0 -9999.0 -9999.0 -9999.0 -9999.0 -9999.0 -9999.0 -9999.0 -9999.0 -9999.0 -9999.0 -9999.0 -9999.0 -9999.0 -9999.0 -9999.0 -9999.0 -9999.0 -9999.0 -9999.0 -9999.0 -9999.0 -9999.0 -9999.0 -9999.0 -9999.0 -9999.0 -9999.0 -9999.0 -9999.0 -9999.0 -9999.0 -9999.0 -9999.0 -9999.0
-9999.0 -9999.0 -9999.0 -9999.0 -9999.0 -9999.0 -9999.0 -9999.0 -9999.0 -9999.0 -9999.0 -9999.0 -9999.0 -9999.0 -9999.0 -9999.0 -9999.0 -9999.0 -9999.0 -9999.0 -9999.0 -9999.0 -9999.0 -9999.0 -9999.0 -9999.0 -9999.0 -9999.0 -9999.0 -9999.0 -9999.0 -9999.0 -9999.0 -9999.0 -9999.0 -9999.0 -9999.0 -9999.0 -9999.0 -9999.0 -9999.0 -9999.0 -9999.0 -9999.0 -9999.0 -9999.0 -9999.0 -9999.0 -9999.0 -9999.0 -9999.0 -9999.0 -9999.0 -9999.0 -9999.0 -9999.0 -9999.0 -9999.0 -9999.0 -9999.0 -9999.0 -9999.0 -9999.0 -9999.0 -9999.0 -9999.0 -9999.0 -9999.0 -9999.0 -9999.0 -9999.0 -9999.0 -9999.0 -9999.0 -9999.0 -9999.0 -9999.0 -9999.0 -9999.0 -9999.0
-9999.0 -9999.0 -9999.0 -9999.0 -9999.0 -9999.0 -9999.0 -9999.0 -9999.0 -9999.0 -9999.0 -9999.0 -9999.0 -9999.0 -9999.0 -9999.0 -9999.0 -9999.0 -9999.0 -9999.0 -648.591143 -645.509159 -668.598955 -702.813327 -731.476983 -730.110620 -695.742125 -655.468276 -618.509182 -608.241374 -626.579460 -625.766772 -631.333719 -631.442634 -628.479112 -622.893498 -620.738142 -609.188756 -600.753309 -601.018224 -607.263462 -613.206916 -615.017063 -611.390270 -606.490043 -614.672258 -601.205093 -585.684206 -578.826368 -583.718923 -610.802179 -626.365758 -633.853171 -647.539379 -622.646568 -609.425388 -585.920319 -581.107205 -581.728664 -608.362696 -638.104254 -9999.0 -9999.0 -9999.0 -9999.0 -9999.0 -9999.0 -9999.0 -9999.0 -9999.0 -9999.0 -9999.0 -9999.0 -9999.0 -9999.0 -9999.0 -9999.0 -9999.0 -9999.0 -9999.0
-9999.0 -9999.0 -9999.0 -9999.0 -9999.0 -9999.0 -9999.0 -9999.0 -9999.0 -9999.0 -9999.0 -9999.0 -9999.0 -9999.0 -737.255540 -747.858694 -751.376418 -743.351295 -710.222179 -680.951122 -668.469431 -676.473237 -677.011564 -700.934923 -721.364695 -707.912231 -679.584849 -649.167281 -615.947106 -595.845290 -609.262114 -612.449217 -601.948588 -573.626887 -558.258714 -561.037407 -583.082398 -560.464835 -543.799077 -533.737372 -534.892566 -543.835887 -528.369976 -511.399585 -518.151433 -536.388618 -533.533022 -521.716350 -506.020311 -521.960149 -588.084355 -609.456094 -611.579893 -617.373203 -629.685558 -635.709995 -610.563276 -608.754838 -616.321837 -633.524517 -664.922887 -708.320536 -725.407798 -686.786191 -641.836296 -583.268324 -9999.0 -9999.0 -9999.0 -9999.0 -9999.0 -9999.0 -9999.0 -9999.0 -9999.0 -9999.0 -9999.0 -9999.0 -9999.0 -9999.0
-9999.0 -9999.0 -9999.0 -9999.0 -9999.0 -9999.0 -9999.0 -9999.0 -9999.0 -792.504521 -789.524901 -782.951404 -781.836318 -766.799366 -768.761303 -762.468300 -754.908833 -729.981683 -699.869004 -665.657133 -637.408398 -648.277055 -648.666677 -636.606497 -629.361558 -616.720567 -596.652034 -556.342006 -512.861669 -468.936728 -498.033814 -499.717473 -477.544758 -417.720577 -367.742750 -353.470514 -377.075024 -374.517203 -342.508048 -307.405758 -306.571547 -308.337430 -270.989761 -248.420206 -236.326337 -268.048996 -299.957080 -304.308030 -265.566104 -340.350115 -420.070924 -485.470238 -487.873974 -521.416940 -564.468215 -587.699276 -590.493475 -567.270925 -581.976855 -618.774607 -654.524882 -662.768049 -678.361458 -661.746985 -638.364735 -590.541823 -551.517299 -522.126039 -521.030794 -537.894159 -9999.0 -9999.0 -9999.0 -9999.0 -9999.0 -9999.0 -9999.0 -9999.0 -9999.0 -9999.0
-9999.0 -9999.0 -9999.0 -9999.0 -9999.0 -9999.0 -870.007436 -861.854602 -842.884384 -837.522939 -814.246699 -807.266664 -787.537670 -768.961381 -749.684106 -733.465389 -703.363321 -672.084245 -631.416447 -587.573435 -555.136293 -559.518847 -549.680092 -512.975536 -461.927946 -420.835131 -391.777878 -343.397545 -221.419122 -144.337886 -117.029254 -102.060893 -80.915819 -47.412242 5.778464 51.823457 1.031071 -17.644138 -3.549551 33.372726 85.449678 90.064498 97.513233 105.739985 131.321729 121.095619 38.142169 13.363747 7.536245 -0.951130 -39.980751 -88.357785 -163.590537 -252.664566 -368.420097 -439.298440 -447.119931 -434.381493 -469.729698 -525.169940 -568.663029 -578.855142 -592.712027 -606.384773 -600.393844 -580.028901 -555.410465 -543.014957 -554.393268 -573.977247 -596.417090 -624.529979 -622.382632 -596.504846 -9999.0 -9999.0 -9999.0 -9999.0 -9999.0 -9999.0
-9999.0 -9999.0 -9999.0 -9999.0 -919.047309 -907.230367 -918.952737 -896.492814 -865.515714 -833.527175 -801.974892 -765.630252 -739.793539 -711.437191 -670.572467 -632.469123 -589.025167 -554.386533 -496.299611 -416.235480 -349.192168 -310.025390 -281.917501 -166.960784 -77.450375 -36.204134 -22.884119 -2.317701 43.131491 140.968182 159.327009 176.811338 184.062729 221.018839 264.365973 298.219034 278.646016 272.567393 274.224315 283.187000 309.876397 311.479801 312.999967 313.522141 315.769280 316.139054 292.366202 260.571303 248.068984 237.788796 223.130041 159.538935 77.703413 37.672462 13.407928 -21.923436 -74.484993 -105.658974 -202.708443 -298.989896 -390.297943 -425.394626 -463.973465 -492.223504 -523.878796 -522.703610 -518.862514 -537.429060 -566.463984 -597.217772 -611.142510 -628.884637 -638.076534 -607.691420 -589.483665 -557.890234 -9999.0 -9999.0 -9999.0 -9999.0
-9999.0 -9999.0 -976.035165 -926.109327 -871.316974 -863.435302 -861.332706 -857.407536 -831.997814 -783.209920 -705.596343 -653.529935 -608.596552 -579.404896 -517.786334 -421.244628 -324.746669 -244.695052 -137.076828 -63.081100 -15.225453 19.925087 78.093467 120.889734 170.015943 203.425158 236.275913 246.353108 287.256835 318.583797 342.430368 358.452863 364.667333 359.595041 360.787439 359.371485 355.980718 351.707733 333.902164 331.595171 339.173929 341.493585 345.252924 332.724685 329.030507 341.370587 343.081672 343.194408 345.293231 352.231177 363.789036 332.667398 279.130844 265.332243 261.480822 222.686918 163.207932 88.331779 54.679758 15.804400 -46.489064 -88.485201 -170.278438 -269.612986 -353.858167 -399.581648 -451.121105 -492.044695 -535.963458 -579.464905 -601.389039 -618.651381 -619.720853 -617.987824 -601.250775 -584.933506 -569.037137 -560.975223 -9999.0 -9999.0
-9999.0 -1072.956833 -1000.594184 -873.305588 -795.898312 -752.229491 -711.338924 -682.024143 -659.932405 -648.967453 -539.693347 -417.361433 -305.695725 -257.275973 -156.579023 -46.865844 71.495886 109.938202 144.866674 174.281480 234.108787 277.143343 306.344257 337.750939 364.088726 359.658920 358.678464 356.966581 350.455314 343.600098 333.449461 340.452907 338.869413 323.951198 311.742495 310.272186 305.736884 279.757745 251.555895 238.539874 242.951519 263.007690 253.511369 233.774439 230.311828 249.782662 265.613221 257.848604 247.075508 261.169963 297.030625 316.117433 331.886142 345.053775 366.637935 343.866444 311.501516 271.806086 240.857165 226.918771 147.474432 85.012224 30.473703 -27.179724 -80.245089 -176.320638 -291.335169 -373.374224 -446.477925 -485.944792 -516.348750 -567.716628 -590.057326 -587.137463 -595.539248 -597.241051 -589.938649 -583.207214 -9999.0 -9999.0
-9999.0 -1141.242159 -997.877641 -812.585602 -668.263877 -607.560744 -479.695599 -385.684134 -354.594133 -380.949268 -210.976025 62.879844 138.752792 145.292310 205.667100 277.814616 318.595857 342.950004 359.933038 351.942706 349.056248 351.927610 348.946227 341.532993 327.750569 320.173866 319.436743 316.685166 298.086193 279.738801 263.024791 247.725996 242.930844 212.664320 185.073237 171.889184 155.671034 98.317015 53.629965 24.582088 11.972106 29.582933 20.716883 4.786031 1.515671 22.403617 54.708354 51.638499 61.854778 88.218590 132.264034 194.226628 215.820295 231.014792 277.043400 317.145536 335.621019 355.220614 359.597202 337.056297 297.229444 250.324467 218.999992 135.146291 64.864475 -8.997259 -57.941573 -103.148591 -210.147873 -296.721061 -367.719391 -437.766842 -499.277942 -526.326801 -564.590957 -585.231934 -9999.0 -9999.0 -9999.0 -9999.0
-9999.0 -1202.074777 -1009.822785 -743.244252 -491.380052 -329.869862 -81.531193 42.623125 161.114164 160.448449 236.770556 329.284525 344.809368 331.298157 310.072053 308.722321 320.017179 322.820005 319.110275 309.465197 298.431796 283.638877 292.022369 284.995956 272.541878 257.849630 245.715785 232.127215 167.750822 132.947835 103.920851 84.027042 47.409022 -26.982477 -55.608768 -79.464306 -155.701131 -178.371674 -203.870190 -257.722791 -288.041849 -307.796553 -283.417884 -286.771529 -287.484271 -272.916573 -235.540285 -202.799034 -133.898183 -82.691190 -49.306794 -6.777002 25.286774 70.828201 121.689363 200.246745 229.734935 255.198769 288.514461 337.648745 360.004601 351.805551 323.120832 285.156507 222.575041 135.364119 90.576575 33.076948 -25.291563 -67.121766 -102.649984 -185.729991 -312.363145 -433.469757 -475.946336 -9999.0 -9999.0 -9999.0 -9999.0 -9999.0
-9999.0 -1347.454671 -1079.812116 -781.708438 -438.930492 -75.550198 24.733126 236.671219 306.011834 234.077361 166.847294 217.167756 253.301779 256.162290 234.645895 227.761377 220.997891 220.759367 233.484415 206.594118 153.059468 135.375996 133.581877 119.297556 92.637102 71.121680 55.382071 34.412238 -11.709561 -47.517478 -106.503547 -151.526990 -273.244939 -370.218551 -426.473412 -479.938667 -535.168350 -537.389822 -522.293087 -539.780627 -561.966148 -580.830252 -555.798673 -541.319686 -530.997920 -540.502814 -531.848332 -497.456124 -447.049036 -399.261841 -336.366117 -251.664830 -168.346186 -86.427540 -57.812745 -15.535844 25.582952 75.602077 149.341477 248.179859 280.729146 312.966424 348.786782 367.182645 325.570168 282.310755 236.697667 194.030713 95.521139 37.485113 8.355934 -26.188814 -71.453463 -9999.0 -9999.0 -9999.0 -9999.0 -9999.0 -9999.0 -9999.0
-9999.0 -1484.146298 -1247.189403 -992.753977 -691.378780 -453.314778 -226.598805 -75.595807 40.122744 -23.242185 -29.397303 -8.706235 15.146254 33.883874 14.033661 -13.302466 -32.078279 -28.067274 -26.807838 -44.525366 -66.468245 -76.955696 -78.538792 -90.383888 -134.975125 -164.397930 -185.336810 -226.968350 -291.007780 -366.577726 -462.988114 -531.756538 -593.554835 -629.631341 -659.493136 -692.060377 -731.038611 -720.173618 -704.984419 -709.873525 -722.754560 -727.840736 -698.554105 -680.833381 -671.135921 -685.107169 -667.521559 -641.369894 -600.659069 -560.717376 -514.618486 -461.301105 -406.399552 -368.930609 -344.446925 -297.651039 -220.386635 -115.782202 -38.532084 50.931041 126.333652 196.868290 244.862580 281.447641 300.249440 317.944661 316.256826 279.343709 204.085464 119.957120 78.614032 -9999.0 -9999.0 -9999.0 -9999.0 -9999.0 -9999.0 -9999.0 -9999.0 -9999.0
-9999.0 -9999.0 -1485.276572 -1289.587930 -1121.605498 -935.736683 -788.143182 -686.966710 -622.281461 -542.301307 -453.255155 -375.105665 -328.101032 -307.237670 -332.960612 -384.558831 -416.157428 -416.161030 -426.215874 -443.903988 -473.220607 -484.709754 -494.174636 -502.314665 -517.537402 -525.704131 -530.998814 -541.950660 -564.621867 -611.088236 -664.402756 -715.614761 -769.148088 -793.270547 -814.697942 -837.319468 -841.431122 -842.366457 -835.168048 -834.132898 -829.473028 -818.295143 -797.651686 -776.965565 -767.998648 -761.894967 -749.771272 -726.842931 -694.614589 -655.286805 -604.921838 -551.427295 -515.276124 -504.825532 -515.238846 -509.491458 -486.580708 -437.530295 -326.174460 -169.396804 -62.540950 -0.009639 72.971652 128.758431 167.556520 196.212740 243.391701 258.876994 162.037355 160.367052 -9999.0 -9999.0 -9999.0 -9999.0 -9999.0 -9999.0 -9999.0 -9999.0 -9999.0 -9999.0
-9999.0 -9999.0 -9999.0 -9999.0 -1432.362700 -1274.117691 -1181.957675 -1101.154880 -986.055437 -885.091083 -799.135403 -728.392337 -680.842027 -659.255742 -672.969766 -682.171547 -691.471180 -694.078729 -701.955502 -708.599766 -715.236796 -722.626968 -732.373862 -739.577458 -740.574957 -737.409214 -738.983983 -751.260777 -765.774830 -793.672418 -818.200928 -852.983238 -889.781946 -918.456327 -931.175696 -938.398511 -937.935841 -942.876771 -933.144321 -927.274780 -912.723420 -897.401902 -873.564295 -845.842674 -833.941491 -820.204746 -810.752830 -790.228354 -761.110094 -709.761247 -649.277161 -595.491761 -563.986571 -562.460344 -590.886194 -608.690387 -613.737135 -587.821405 -541.656046 -469.755380 -350.474775 -231.631080 -111.897800 -60.053980 -30.273379 15.420173 87.395135 166.226187 -9999.0 -9999.0 -9999.0 -9999.0 -9999.0 -9999.0 -9999.0 -9999.0 -9999.0 -9999.0 -9999.0 -9999.0
-9999.0 -9999.0 -9999.0 -9999.0 -9999.0 -9999.0 -1492.456964 -1399.633903 -1309.791927 -1195.055518 -1090.003822 -1003.693265 -933.794160 -912.104623 -898.155495 -877.761832 -883.088221 -899.045160 -914.224029 -898.664498 -890.609394 -894.832539 -920.662381 -922.309922 -919.286212 -909.698278 -910.452246 -916.174763 -940.322977 -933.392537 -935.458425 -958.000830 -983.654353 -998.021630 -1009.335653 -999.316249 -998.284800 -1010.315532 -1007.278179 -981.731892 -962.447278 -949.041235 -926.499750 -893.734870 -862.247983 -848.568381 -847.941224 -841.966245 -800.590410 -731.532899 -663.205598 -611.986860 -583.352932 -577.848117 -608.404928 -651.486998 -675.459317 -671.595452 -640.450496 -590.643452 -516.419809 -467.408212 -431.566936 -400.529885 -361.065113 -215.666077 -9999.0 -9999.0 -9999.0 -9999.0 -9999.0 -9999.0 -9999.0 -9999.0 -9999.0 -9999.0 -9999.0 -9999.0 -9999.0 -9999.0
-9999.0 -9999.0 -9999.0 -9999.0 -9999.0 -9999.0 -9999.0 -9999.0 -9999.0 -9999.0 -9999.0 -9999.0 -9999.0 -9999.0 -9999.0 -9999.0 -9999.0 -9999.0 -9999.0 -9999.0 -9999.0 -9999.0 -9999.0 -9999.0 -9999.0 -9999.0 -9999.0 -9999.0 -9999.0 -9999.0 -9999.0 -9999.0 -9999.0 -9999.0 -9999.0 -9999.0 -9999.0 -9999.0 -9999.0 -9999.0 -9999.0 -9999.0 -9999.0 -9999.0 -9999.0 -9999.0 -9999.0 -9999.0 -9999.0 -9999.0 -9999.0 -9999.0 -9999.0 -9999.0 -9999.0 -9999.0 -9999.0 -9999.0 -9999.0 -9999.0 -9999.0 -9999.0 -9999.0 -9999.0 -9999.0 -9999.0 -9999.0 -9999.0 -9999.0 -9999.0 -9999.0 -9999.0 -9999.0 -9999.0 -9999.0 -9999.0 -9999.0 -9999.0 -9999.0 -9999.0
-9999.0 -9999.0 -9999.0 -9999.0 -9999.0 -9999.0 -9999.0 -9999.0 -9999.0 -9999.0 -9999.0 -9999.0 -9999.0 -9999.0 -9999.0 -9999.0 -9999.0 -9999.0 -9999.0 -9999.0 -9999.0 -9999.0 -9999.0 -9999.0 -9999.0 -9999.0 -9999.0 -9999.0 -9999.0 -9999.0 -9999.0 -9999.0 -9999.0 -9999.0 -9999.0 -9999.0 -9999.0 -9999.0 -9999.0 -9999.0 -9999.0 -9999.0 -9999.0 -9999.0 -9999.0 -9999.0 -9999.0 -9999.0 -9999.0 -9999.0 -9999.0 -9999.0 -9999.0 -9999.0 -9999.0 -9999.0 -9999.0 -9999.0 -9999.0 -9999.0 -9999.0 -9999.0 -9999.0 -9999.0 -9999.0 -9999.0 -9999.0 -9999.0 -9999.0 -9999.0 -9999.0 -9999.0 -9999.0 -9999.0 -9999.0 -9999.0 -9999.0 -9999.0 -9999.0 -9999.0