Borden_/Borden1m_014/output_maps/psiliqL0024N0012.asc
ncols         80
nrows         18
xllcorner     620200.000000
yllcorner     5168000.000000
cellsize      1.000000
NODATA_value  -9999.0
-9999.0 -9999.0 -9999.0 -9999.0 -9999.0 -9999.0 -9999.0 -9999.0 -9999.0 -9999.0 -9999.0 -9999.0 -9999.0 -9999.0 -9999.0 -9999.0 -9999.0 -9999.0 -9999.0 -9999.0 -9999.0 -9999.0 -9999.0 -9999.0 -9999.0 -9999.0 -9999.0 -9999.0 -9999.0 -9999.0 -9999.0 -9999.0 -9999.0 -9999.0 -9999.0 -9999.0 -9999.0 -9999.0 -9999.0 -9999.0 -9999.0 -9999.0 -9999.0 -9999.0 -9999.0 -9999.0 -9999.0 -9999.0 -9999.0 -9999.0 -9999.0 -9999.0 -9999.0 -9999.0 -9999.0 -9999.0 -9999.0 -9999.0 -9999.0 -9999.0 -9999.0 -9999.0 -9999.0 -9999.0 -9999.0 -9999.0 -9999.0 -9999.0 -9999.0 -9999.0 -9999.0 -9999.0 -9999.0 -9999.0 -9999.0 -9999.0 -9999.0 -9999.0 -9999.0 -9999.0
-9999.0 -9999.0 -9999.0 -9999.0 -9999.0 -9999.0 -9999.0 -9999.0 -9999.0 -9999.0 -9999.0 -9999.0 -9999.0 -9999.0 -9999.0 -9999.0 -9999.0 -9999.0 -9999.0 -9999.0 -9999.0 -9999.0 -9999.0 -9999.0 -9999.0 -9999.0 -9999.0 -9999.0 -9999.0 -9999.0 -9999.0 -9999.0 -9999.0 -9999.0 -9999.0 -9999.0 -9999.0 -9999.0 -9999.0 -9999.0 -9999.0 -9999.0 -9999.0 -9999.0 -9999.0 -9999.0 -9999.0 -9999.0 -9999.0 -9999.0 -9999.0 -9999.0 -9999.0 -9999.0 -9999.0 -9999.0 -9999.0 -9999.0 -9999.0 -9999.0 -9999.0 -9999.0 -9999.0 -9999.0 -9999.0 -9999.0 -9999.0 -9999.0 -9999.0 -9999.0 -9999.0 -9999.0 -9999.0 -9999.0 -9999.0 -9999.0 -9999.0 -9999.0 -9999.0 -9999.0
-9999.0 -9999.0 -9999.0 -9999.0 -9999.0 -9999.0 -9999.0 -9999.0 -9999.0 -9999.0 -9999.0 -9999.0 -9999.0 -9999.0 -9999.0 -9999.0 -9999.0 -9999.0 -9999.0 -9999.0 2927.528038 2928.721240 2906.941704 2872.854248 2844.588411 2846.360030 2879.359643 2919.820297 2958.288235 2965.843619 2946.787976 2950.250742 2945.685472 2941.535910 2942.024317 2949.592949 2955.918212 2965.693667 2972.748900 2970.627676 2963.388091 2958.286300 2960.411105 2962.175071 2968.290865 2954.458780 2970.150465 2980.388445 2985.380629 2982.651944 2963.833312 2951.496606 2943.506257 2928.104142 2954.464682 2966.276480 2986.642336 2991.526941 2989.952079 2965.826930 2935.914973 -9999.0 -9999.0 -9999.0 -9999.0 -9999.0 -9999.0 -9999.0 -9999.0 -9999.0 -9999.0 -9999.0 -9999.0 -9999.0 -9999.0 -9999.0 -9999.0 -9999.0 -9999.0 -9999.0
-9999.0 -9999.0 -9999.0 -9999.0 -9999.0 -9999.0 -9999.0 -9999.0 -9999.0 -9999.0 -9999.0 -9999.0 -9999.0 -9999.0 2837.489392 2828.518142 2825.506369 2832.764008 2865.166821 2895.195060 2906.835053 2899.248262 2898.926418 2874.184664 2851.475629 2864.027762 2893.113475 2923.173690 2956.181086 2973.490604 2962.132894 2959.374990 2966.502038 2981.106860 2989.333118 2985.574258 2973.932150 2991.335825 3004.524047 3009.143837 3007.048335 2997.191001 3006.307659 3020.369739 3013.343112 2998.033191 3008.399597 3023.182542 3034.486060 3026.100821 2973.853460 2961.100496 2958.128119 2954.116621 2941.352225 2937.572952 2965.759811 2965.586961 2958.511400 2941.579161 2908.708220 2863.868745 2845.354387 2885.983237 2929.961621 2984.930487 -9999.0 -9999.0 -9999.0 -9999.0 -9999.0 -9999.0 -9999.0 -9999.0 -9999.0 -9999.0 -9999.0 -9999.0 -9999.0 -9999.0
-9999.0 -9999.0 -9999.0 -9999.0 -9999.0 -9999.0 -9999.0 -9999.0 -9999.0 2798.066377 2786.005708 2792.753354 2794.877554 2809.826393 2806.514616 2813.171575 2817.297251 2844.070938 2873.320820 2906.581653 2933.281955 2923.814592 2922.243490 2926.589928 2921.922025 2929.920707 2949.966736 2980.956644 3012.354263 3047.437537 3014.014270 3008.985972 3026.182805 3067.621321 3091.476942 3093.747133 3075.071695 3090.372849 3113.650274 3129.697054 3126.175103 3120.360168 3145.791535 3160.611316 3155.516830 3134.523786 3132.170143 3139.069604 3168.071856 3118.124640 3053.305281 3014.392154 3029.593954 3008.344628 2981.850396 2975.854340 2976.477983 2992.770433 2981.406566 2951.649747 2918.616223 2907.480695 2891.048110 2911.940853 2935.504039 2980.269457 3020.442337 3050.552167 3050.497340 3033.545776 -9999.0 -9999.0 -9999.0 -9999.0 -9999.0 -9999.0 -9999.0 -9999.0 -9999.0 -9999.0
-9999.0 -9999.0 -9999.0 -9999.0 -9999.0 -9999.0 2717.785765 2729.477134 2751.817559 2755.892913 2784.035561 2790.939766 2785.062911 2801.999872 2823.182586 2835.936931 2860.989611 2890.590563 2926.396998 2964.023007 2986.679655 2980.386525 2980.116215 2999.949500 3027.277500 3046.595835 3068.539695 3105.386114 3176.246678 3212.154237 3206.014675 3206.884769 3214.981594 3264.683794 3328.234084 3339.528201 3318.991855 3305.705015 3328.563312 3365.347593 3364.070648 3362.920631 3375.321644 3385.815462 3412.498400 3402.147580 3366.383488 3360.221682 3365.988804 3344.632621 3277.583223 3220.504983 3200.814135 3155.601666 3073.934453 3030.688352 3052.848047 3080.209459 3058.581605 3009.764495 2982.326475 2976.755980 2965.705419 2958.495735 2970.677980 2991.006532 3015.548949 3029.768597 3018.406559 2998.094983 2977.732015 2949.685747 2952.344714 2977.432597 -9999.0 -9999.0 -9999.0 -9999.0 -9999.0 -9999.0
-9999.0 -9999.0 -9999.0 -9999.0 2666.157540 2680.702509 2668.232407 2696.568314 2731.175346 2767.289684 2797.128854 2799.903372 2822.698659 2849.079777 2882.228194 2905.066013 2937.515941 2966.927283 3008.275597 3068.983964 3112.893389 3126.599528 3134.811980 3184.993492 3240.828574 3287.793686 3306.131877 3331.434971 3375.803725 3431.751667 3454.078325 3457.111684 3473.951599 3515.905679 3570.689660 3605.358800 3587.952431 3579.179624 3588.619416 3602.354085 3624.479145 3624.568409 3625.668073 3629.495403 3636.728543 3635.249738 3609.311162 3576.199868 3563.380107 3553.593702 3517.107216 3446.074819 3415.347997 3387.234481 3346.932536 3293.935990 3245.145837 3244.902407 3191.291148 3137.906360 3087.689570 3079.031900 3058.593955 3042.619954 3024.881330 3036.786169 3048.546208 3033.712306 3004.344770 2976.939054 2963.942465 2946.410888 2935.344299 2966.475328 2983.917510 3013.703406 -9999.0 -9999.0 -9999.0 -9999.0
-9999.0 -9999.0 2603.483076 2650.957711 2710.494299 2719.907562 2717.748721 2724.624525 2755.046821 2808.385133 2835.792609 2873.170179 2902.764861 2932.378754 2977.244651 3039.796785 3099.503998 3141.205010 3197.402702 3265.495116 3323.939468 3350.728872 3359.757419 3394.695896 3448.422184 3515.853443 3543.260328 3569.221538 3600.247464 3635.761787 3630.260004 3641.347970 3653.195830 3664.576765 3678.265729 3684.710353 3680.078762 3675.529142 3657.107568 3652.156373 3658.686206 3666.257098 3665.593833 3651.102388 3647.143626 3661.949860 3667.871977 3665.999163 3663.545812 3668.731463 3665.349988 3618.451476 3598.284798 3583.471875 3572.484159 3527.003824 3461.229182 3428.407095 3407.762406 3367.768702 3295.128435 3256.968183 3217.535977 3182.604280 3145.229389 3131.217062 3098.453425 3066.354809 3027.789216 2987.269864 2970.061670 2955.467435 2955.001387 2955.693404 2973.363035 2988.680721 3004.711622 3012.822091 -9999.0 -9999.0
-9999.0 2493.698065 2565.795981 2690.431427 2771.699075 2791.656768 2802.521131 2807.416818 2831.918298 2862.078242 2949.457925 2997.279896 3079.075955 3114.574725 3154.898680 3243.597539 3335.936341 3378.129716 3415.800358 3477.432600 3541.519724 3587.829938 3613.759187 3596.991701 3635.208772 3662.109225 3669.299347 3675.632610 3674.957311 3666.513829 3659.740312 3666.514488 3663.685786 3644.778085 3628.962064 3627.310247 3623.969143 3600.892282 3573.556872 3558.372402 3560.040261 3584.700118 3571.794716 3550.538678 3546.170536 3567.646176 3588.554155 3578.025199 3564.967508 3581.456057 3615.696648 3639.824052 3642.176740 3660.368701 3681.403783 3652.902291 3630.658517 3587.580747 3570.938584 3545.748538 3489.701887 3435.051480 3387.430842 3339.091221 3286.775660 3237.418770 3189.990440 3143.299021 3090.095770 3057.502721 3033.208289 2990.212926 2978.467222 2983.487696 2979.163629 2977.661149 2984.016275 2990.670150 -9999.0 -9999.0
-9999.0 2399.889300 2540.263457 2721.573176 2849.390575 2890.856107 2956.536328 3009.380342 3022.852771 2976.559975 3069.261210 3282.686179 3398.961722 3414.856326 3488.286075 3580.668868 3567.920787 3598.456141 3620.836943 3643.721484 3662.175450 3675.462998 3673.474963 3668.013411 3651.727315 3643.769365 3642.943761 3640.905635 3623.744372 3605.001842 3588.359672 3585.435533 3567.930011 3519.819309 3487.121083 3470.232865 3452.389379 3438.646358 3411.090047 3385.455085 3369.637596 3380.970494 3378.407724 3364.460702 3360.027871 3378.459696 3409.237244 3406.554369 3417.195081 3436.547129 3471.856587 3509.297634 3528.357369 3557.083254 3592.356758 3639.258536 3648.824352 3671.036659 3674.235489 3662.618963 3616.939574 3566.095927 3537.026122 3482.313039 3422.930506 3361.434742 3313.120027 3268.759349 3214.130842 3179.999866 3140.938547 3087.718929 3044.178435 3035.362883 3001.897539 2988.388203 -9999.0 -9999.0 -9999.0 -9999.0
-9999.0 2301.255779 2482.803232 2727.132260 2998.687370 3072.865632 3270.460202 3382.913842 3421.660785 3487.078577 3381.704473 3576.143393 3625.059731 3619.058271 3631.178075 3633.775698 3647.616862 3647.196811 3642.138045 3631.283379 3621.917389 3617.517174 3616.387252 3608.516984 3595.991448 3581.487690 3569.729198 3558.560284 3522.488187 3491.044227 3453.031913 3440.908763 3398.113897 3307.499314 3268.991416 3231.702406 3172.582559 3174.503336 3180.473619 3157.043799 3137.925906 3111.288433 3139.594693 3149.187620 3152.921712 3149.403000 3159.746435 3186.350159 3232.658538 3266.287557 3304.844406 3352.103317 3381.906944 3420.629172 3460.440916 3512.245579 3542.809554 3571.366935 3619.315904 3656.092244 3678.610613 3665.156523 3645.734869 3602.151792 3542.444726 3493.465728 3465.083121 3415.422811 3372.327678 3328.883883 3282.728217 3230.275886 3169.382788 3114.511451 3080.466514 -9999.0 -9999.0 -9999.0 -9999.0 -9999.0
-9999.0 2084.939365 2350.039724 2621.695623 2882.991515 3216.634693 3377.629830 3473.322329 3535.010874 3513.580138 3532.816623 3540.189295 3576.771173 3583.380090 3561.873585 3548.590980 3531.762290 3530.674092 3543.667142 3516.723153 3486.992335 3473.936086 3474.777098 3464.075520 3440.597907 3425.725256 3416.421675 3398.392110 3355.676098 3306.509269 3224.172445 3191.712605 3115.559182 3075.584088 3039.191988 2993.118298 2954.820807 2959.949289 2978.176619 2974.575465 2954.089215 2937.156301 2966.086406 2980.506464 2993.363162 2977.727253 2984.345654 3018.211534 3064.081041 3103.770638 3147.077191 3193.963522 3234.900632 3273.987317 3295.464361 3335.261436 3376.773616 3417.795952 3487.045904 3563.936479 3598.878530 3632.858913 3662.424364 3684.005528 3641.576877 3614.703050 3591.480609 3568.638044 3523.134754 3478.176070 3437.676812 3374.184028 3314.719654 -9999.0 -9999.0 -9999.0 -9999.0 -9999.0 -9999.0 -9999.0
-9999.0 1970.536719 2168.227082 2366.741310 2625.424578 2829.442230 3040.382788 3130.490065 3199.377604 3263.354874 3313.160065 3349.254474 3374.945787 3396.036157 3373.327638 3328.503523 3296.924024 3301.723269 3293.667463 3272.481503 3244.942093 3232.102782 3229.837938 3225.105549 3203.924040 3193.602869 3186.897750 3169.583196 3144.090450 3092.396221 3021.461743 2956.090217 2902.656108 2882.195366 2859.348675 2832.417732 2805.279189 2818.616928 2831.525004 2831.564180 2824.837962 2824.805020 2853.840177 2873.280695 2882.745602 2871.654110 2889.709842 2912.921944 2949.910338 2984.380177 3028.396815 3077.756094 3125.445870 3145.592923 3148.258023 3160.566765 3187.884022 3230.959118 3306.781538 3391.886001 3467.548537 3512.148686 3562.243682 3601.473087 3628.747472 3655.127117 3676.332107 3668.484596 3643.302459 3610.434046 3552.779261 -9999.0 -9999.0 -9999.0 -9999.0 -9999.0 -9999.0 -9999.0 -9999.0 -9999.0
-9999.0 -9999.0 1941.424553 2098.384054 2202.961016 2369.937081 2517.167794 2630.003917 2737.319124 2817.120687 2935.635250 3019.952592 3064.926483 3080.086086 3065.976518 3036.893396 3019.159907 3018.884270 3007.601098 3000.912373 2986.156752 2980.951417 2976.182328 2969.123030 2964.701645 2963.938968 2961.902874 2954.201873 2937.627320 2896.510933 2858.950635 2814.947375 2811.868478 2787.168730 2766.036796 2746.437091 2748.467360 2742.927592 2748.066108 2751.029361 2760.584495 2774.828043 2794.533311 2788.117682 2797.604972 2807.406591 2818.226445 2839.734000 2869.524545 2909.171700 2960.076681 3010.731397 3045.928685 3052.481187 3034.666499 3029.981795 3038.552431 3067.729296 3131.458567 3199.886482 3287.990594 3352.399506 3418.716558 3473.842801 3499.985831 3536.348043 3605.331849 3653.266624 3694.191099 3671.875356 -9999.0 -9999.0 -9999.0 -9999.0 -9999.0 -9999.0 -9999.0 -9999.0 -9999.0 -9999.0
-9999.0 -9999.0 -9999.0 -9999.0 1959.769568 2108.947634 2207.844612 2290.329553 2426.688577 2559.606093 2669.917300 2759.263709 2829.582170 2791.783564 2791.706836 2806.648124 2805.123279 2796.372001 2785.709192 2789.842804 2794.105893 2788.311762 2826.810997 2819.447961 2822.386457 2829.730013 2827.943008 2815.113352 2796.682747 2780.022645 2764.315502 2731.640444 2698.297476 2669.442325 2656.328371 2652.129228 2651.734459 2643.788927 2652.211445 2661.162556 2677.272972 2692.639689 2716.269463 2745.369843 2760.143990 2775.236936 2784.580242 2804.135247 2808.265623 2859.344169 2920.645706 2976.549083 3007.106308 3007.180807 2982.073948 2960.779067 2949.092571 2967.334082 2991.572931 3042.792282 3131.579903 3192.782624 3238.524809 3277.640316 3313.794558 3377.767871 3470.487097 3550.776562 -9999.0 -9999.0 -9999.0 -9999.0 -9999.0 -9999.0 -9999.0 -9999.0 -9999.0 -9999.0 -9999.0 -9999.0
-9999.0 -9999.0 -9999.0 -9999.0 -9999.0 -9999.0 1935.516344 2042.117613 2113.433017 2267.323719 2413.464491 2523.243372 2608.590910 2645.275500 2679.963244 2710.875605 2711.080224 2689.994582 2666.541189 2685.358191 2701.139975 2692.558800 2659.612380 2660.068438 2666.533060 2674.544933 2672.363508 2666.686988 2642.098441 2657.726901 2660.977404 2637.678945 2611.845296 2598.474807 2586.625729 2596.173024 2596.088917 2581.708617 2580.896089 2608.860420 2630.058936 2643.139373 2664.377756 2697.649657 2730.328660 2746.277264 2747.699077 2753.193348 2790.818426 2836.637180 2907.015432 2961.440564 2989.567471 2993.994474 2966.226452 2921.682657 2895.891251 2895.359308 2920.322494 2960.574199 3015.354943 3051.548437 3063.281069 3065.174320 3077.837776 3175.333782 -9999.0 -9999.0 -9999.0 -9999.0 -9999.0 -9999.0 -9999.0 -9999.0 -9999.0 -9999.0 -9999.0 -9999.0 -9999.0 -9999.0
-9999.0 -9999.0 -9999.0 -9999.0 -9999.0 -9999.0 -9999.0 -9999.0 -9999.0 -9999.0 -9999.0 -9999.0 -9999.0 -9999.0 -9999.0 -9999.0 -9999.0 -9999.0 -9999.0 -9999.0 -9999.0 -9999.0 -9999.0 -9999.0 -9999.0 -9999.0 -9999.0 -9999.0 -9999.0 -9999.0 -9999.0 -9999.0 -9999.0 -9999.0 -9999.0 -9999.0 -9999.0 -9999.0 -9999.0 -9999.0 -9999.0 -9999.0 -9999.0 -9999.0 -9999.0 -9999.0 -9999.0 -9999.0 -9999.0 -9999.0 -9999.0 -9999.0 -9999.0 -9999.0 -9999.0 -9999.0 -9999.0 -9999.0 -9999.0 -9999.0 -9999.0 -9999.0 -9999.0 -9999.0 -9999.0 -9999.0 -9999.0 -9999.0 -9999.0 -9999.0 -9999.0 -9999.0 -9999.0 -9999.0 -9999.0 -9999.0 -9999.0 -9999.0 -9999.0 -9999.0
-9999.0 -9999.0 -9999.0 -9999.0 -9999.0 -9999.0 -9999.0 -9999.0 -9999.0 -9999.0 -9999.0 -9999.0 -9999.0 -9999.0 -9999.0 -9999.0 -9999.0 -9999.0 -9999.0 -9999.0 -9999.0 -9999.0 -9999.0 -9999.0 -9999.0 -9999.0 -9999.0 -9999.0 -9999.0 -9999.0 -9999.0 -9999.0 -9999.0 -9999.0 -9999.0 -9999.0 -9999.0 -9999.0 -9999.0 -9999.0 -9999.0 -9999.0 -9999.0 -9999.0 -9999.0 -9999.0 -9999.0 -9999.0 -9999.0 -9999.0 -9999.0 -9999.0 -9999.0 -9999.0 -9999.0 -9999.0 -9999.0 -9999.0 -9999.0 -9999.0 -9999.0 -9999.0 -9999.0 -9999.0 -9999.0 -9999.0 -9999.0 -9999.0 -9999.0 -9999.0 -9999.0 -9999.0 -9999.0 -9999.0 -9999.0 -9999.0 -9999.0 -9999.0 -9999.0 -9999.0