Borden_/Borden1m_014/output_maps/psiliqL0030N0031.asc
ncols         80
nrows         18
xllcorner     620200.000000
yllcorner     5168000.000000
cellsize      1.000000
NODATA_value  -9999.0
-9999.0 -9999.0 -9999.0 -9999.0 -9999.0 -9999.0 -9999.0 -9999.0 -9999.0 -9999.0 -9999.0 -9999.0 -9999.0 -9999.0 -9999.0 -9999.0 -9999.0 -9999.0 -9999.0 -9999.0 -9999.0 -9999.0 -9999.0 -9999.0 -9999.0 -9999.0 -9999.0 -9999.0 -9999.0 -9999.0 -9999.0 -9999.0 -9999.0 -9999.0 -9999.0 -9999.0 -9999.0 -9999.0 -9999.0 -9999.0 -9999.0 -9999.0 -9999.0 -9999.0 -9999.0 -9999.0 -9999.0 -9999.0 -9999.0 -9999.0 -9999.0 -9999.0 -9999.0 -9999.0 -9999.0 -9999.0 -9999.0 -9999.0 -9999.0 -9999.0 -9999.0 -9999.0 -9999.0 -9999.0 -9999.0 -9999.0 -9999.0 -9999.0 -9999.0 -9999.0 -9999.0 -9999.0 -9999.0 -9999.0 -9999.0 -9999.0 -9999.0 -9999.0 -9999.0 -9999.0
-9999.0 -9999.0 -9999.0 -9999.0 -9999.0 -9999.0 -9999.0 -9999.0 -9999.0 -9999.0 -9999.0 -9999.0 -9999.0 -9999.0 -9999.0 -9999.0 -9999.0 -9999.0 -9999.0 -9999.0 -9999.0 -9999.0 -9999.0 -9999.0 -9999.0 -9999.0 -9999.0 -9999.0 -9999.0 -9999.0 -9999.0 -9999.0 -9999.0 -9999.0 -9999.0 -9999.0 -9999.0 -9999.0 -9999.0 -9999.0 -9999.0 -9999.0 -9999.0 -9999.0 -9999.0 -9999.0 -9999.0 -9999.0 -9999.0 -9999.0 -9999.0 -9999.0 -9999.0 -9999.0 -9999.0 -9999.0 -9999.0 -9999.0 -9999.0 -9999.0 -9999.0 -9999.0 -9999.0 -9999.0 -9999.0 -9999.0 -9999.0 -9999.0 -9999.0 -9999.0 -9999.0 -9999.0 -9999.0 -9999.0 -9999.0 -9999.0 -9999.0 -9999.0 -9999.0 -9999.0
-9999.0 -9999.0 -9999.0 -9999.0 -9999.0 -9999.0 -9999.0 -9999.0 -9999.0 -9999.0 -9999.0 -9999.0 -9999.0 -9999.0 -9999.0 -9999.0 -9999.0 -9999.0 -9999.0 -9999.0 4125.027930 4125.473022 4103.914313 4069.588297 4041.142750 4042.732649 4074.992604 4115.309440 4154.114106 4160.523314 4140.880583 4144.947023 4140.397522 4134.671203 4134.012795 4141.942923 4149.271047 4158.425455 4164.892760 4161.978002 4154.219653 4149.256871 4152.640436 4153.781913 4160.343758 4144.603141 4161.235236 4177.830638 4182.270957 4180.165652 4157.295973 4146.392656 4138.668346 4123.075520 4150.400160 4162.124392 4185.975041 4190.906953 4188.983125 4162.538660 4132.620607 -9999.0 -9999.0 -9999.0 -9999.0 -9999.0 -9999.0 -9999.0 -9999.0 -9999.0 -9999.0 -9999.0 -9999.0 -9999.0 -9999.0 -9999.0 -9999.0 -9999.0 -9999.0 -9999.0
-9999.0 -9999.0 -9999.0 -9999.0 -9999.0 -9999.0 -9999.0 -9999.0 -9999.0 -9999.0 -9999.0 -9999.0 -9999.0 -9999.0 4035.000094 4026.423963 4023.348843 4030.081697 4061.997947 4092.103926 4103.449379 4095.784447 4095.304553 4069.958681 4046.102716 4057.981111 4087.005267 4116.864113 4149.684413 4165.904205 4154.855161 4151.914341 4157.700477 4175.111525 4181.353504 4177.308625 4160.262310 4184.831364 4197.218742 4200.290790 4197.893760 4187.620971 4194.965211 4208.429481 4201.239856 4186.503233 4199.319224 4215.276299 4225.388542 4218.912888 4162.465819 4152.791451 4150.002816 4146.979407 4134.410131 4131.619671 4161.296485 4161.054557 4154.509679 4137.867862 4104.657935 4059.399480 4040.691911 4082.368419 4126.370634 4182.765366 -9999.0 -9999.0 -9999.0 -9999.0 -9999.0 -9999.0 -9999.0 -9999.0 -9999.0 -9999.0 -9999.0 -9999.0 -9999.0 -9999.0
-9999.0 -9999.0 -9999.0 -9999.0 -9999.0 -9999.0 -9999.0 -9999.0 -9999.0 3977.611828 3983.922299 3990.575446 3992.884378 4007.576683 4003.703360 4010.243748 4012.900068 4039.957659 4068.610124 4101.281499 4127.368398 4117.827245 4115.694363 4117.176059 4108.161694 4114.281013 4134.111428 4169.665568 4198.223879 4231.857771 4196.695997 4190.818788 4207.730595 4247.039827 4266.567156 4266.582977 4247.592730 4267.364393 4290.552181 4304.264477 4300.057240 4293.008180 4319.778395 4335.768614 4326.790418 4304.159410 4306.500162 4316.350424 4346.866557 4295.706752 4228.984254 4194.449110 4214.083279 4195.533231 4173.463146 4165.534222 4167.649986 4188.385205 4177.937060 4145.266676 4113.217974 4101.499786 4085.220235 4108.039025 4132.098243 4178.989804 4219.657479 4250.077114 4249.605766 4232.553553 -9999.0 -9999.0 -9999.0 -9999.0 -9999.0 -9999.0 -9999.0 -9999.0 -9999.0 -9999.0
-9999.0 -9999.0 -9999.0 -9999.0 -9999.0 -9999.0 3899.163647 3909.854799 3930.533097 3932.139055 3958.716612 3962.973233 3980.891845 3997.023361 4018.519125 4029.708327 4052.631350 4081.269919 4115.338042 4150.811509 4176.683672 4162.758520 4166.691741 4182.299281 4204.731044 4220.125968 4242.293099 4280.165041 4352.635369 4388.416575 4376.312208 4376.033263 4384.001663 4435.287995 4499.621952 4509.077565 4488.154330 4475.729597 4501.171214 4540.023427 4536.121810 4534.718711 4549.585332 4561.237334 4588.333519 4576.068424 4540.157429 4537.386967 4547.024803 4520.985467 4447.907805 4391.918706 4377.344226 4329.598298 4244.305436 4205.009944 4234.932304 4266.120451 4246.724464 4198.287525 4168.548924 4164.876933 4155.242039 4150.717321 4165.503408 4189.918207 4214.497116 4229.322184 4217.884545 4197.240265 4176.099439 4148.277691 4151.332081 4176.321412 -9999.0 -9999.0 -9999.0 -9999.0 -9999.0 -9999.0
-9999.0 -9999.0 -9999.0 -9999.0 3850.083963 3862.705338 3846.629262 3872.857661 3904.159835 3937.143061 3962.776990 3992.397531 4013.857026 4039.073962 4069.402995 4086.855433 4115.576184 4143.434131 4188.519980 4247.710940 4290.164178 4300.544376 4307.864478 4357.930250 4413.776167 4459.755389 4478.619564 4505.361124 4554.317034 4611.664450 4633.328419 4635.190448 4652.236440 4698.976406 4759.189239 4795.456647 4777.159067 4767.446982 4779.314410 4795.158190 4817.343271 4817.349223 4818.519735 4823.521627 4832.355687 4829.803447 4801.437418 4767.184223 4753.910583 4742.959195 4700.732289 4626.093078 4597.785846 4567.012954 4518.713807 4462.077951 4420.109216 4426.283060 4370.336206 4313.844718 4266.880858 4262.899413 4245.288740 4231.687490 4217.476384 4232.611944 4246.797656 4232.923071 4203.205047 4174.587900 4162.240797 4145.119480 4133.722974 4165.368066 4183.435682 4212.643696 -9999.0 -9999.0 -9999.0 -9999.0
-9999.0 -9999.0 3791.603006 3835.350069 3892.015727 3896.720829 3886.952739 3888.268922 3913.422595 3961.252518 4019.053132 4051.543928 4075.838684 4105.427297 4153.589477 4210.412352 4267.682802 4309.988387 4369.462518 4440.351989 4499.902304 4525.895387 4533.690109 4570.348305 4627.178081 4700.560389 4730.169267 4757.930805 4791.748145 4830.780721 4815.582989 4825.159629 4839.126809 4855.634187 4874.067440 4883.054982 4877.518340 4872.765769 4853.805237 4848.007483 4854.368090 4863.625348 4861.705727 4846.524590 4842.516947 4858.042098 4865.131018 4862.472733 4858.596770 4862.701046 4855.091427 4802.682615 4792.206209 4775.850820 4762.188139 4714.197057 4645.070284 4614.296885 4590.761425 4547.407240 4472.666205 4438.190214 4400.287976 4367.652616 4332.436529 4322.916899 4293.066470 4262.378697 4224.765807 4184.815395 4166.639103 4153.370230 4153.506009 4154.253936 4172.497118 4188.269944 4204.352613 4212.478874 -9999.0 -9999.0
-9999.0 3679.239980 3749.320308 3868.595206 3944.958392 3978.610988 3978.610578 3974.659089 3999.098281 4034.500093 4115.894395 4153.410259 4236.244670 4276.278649 4315.457902 4405.757462 4503.741666 4549.279256 4590.872797 4659.327080 4728.967115 4777.903543 4805.177186 4772.872190 4815.626762 4852.342778 4862.769854 4871.485662 4873.261066 4864.570316 4858.811133 4865.198921 4861.844407 4841.848228 4824.999585 4822.947210 4819.359573 4795.326726 4767.234105 4750.925183 4751.503031 4777.367773 4763.585229 4741.856328 4737.298007 4759.510953 4782.235354 4771.066735 4757.666437 4774.500892 4810.147827 4837.185237 4835.178745 4854.605172 4875.931014 4845.459822 4826.476431 4780.513182 4762.871685 4736.850770 4677.876065 4622.801090 4573.780239 4525.574137 4473.973851 4427.191994 4380.171154 4333.384480 4281.243998 4249.037589 4225.793582 4184.920987 4174.494982 4182.145572 4178.219924 4177.008554 4183.710716 4190.338292 -9999.0 -9999.0
-9999.0 3576.344170 3713.324565 3887.609647 4028.004294 4062.699405 4110.993843 4160.397810 4171.378553 4108.258021 4210.734631 4432.164806 4566.112291 4586.832551 4666.748089 4767.800575 4739.059286 4772.248765 4797.343643 4830.115709 4856.324771 4873.060816 4871.965679 4867.497455 4850.471028 4842.341410 4841.317153 4839.021128 4820.982595 4801.451609 4784.214910 4780.455662 4761.374318 4708.555617 4674.085770 4655.195118 4633.418239 4620.846669 4594.506925 4567.747435 4549.698000 4557.692528 4557.916507 4545.717047 4541.338411 4558.569051 4589.638202 4589.461898 4603.973521 4624.160024 4659.856922 4699.676637 4719.376304 4749.340865 4785.740286 4836.288798 4843.121011 4866.081745 4868.372519 4860.723186 4812.096255 4758.963505 4728.869332 4672.161465 4612.390516 4550.496539 4500.691574 4455.705213 4399.812191 4366.761352 4328.550054 4275.145233 4235.051205 4231.395759 4199.223705 4188.011533 -9999.0 -9999.0 -9999.0 -9999.0
-9999.0 3464.403941 3639.605964 3870.069240 4171.628300 4231.587930 4437.857635 4553.355901 4590.695104 4661.489725 4509.465023 4743.116556 4804.911902 4802.236122 4826.358942 4830.931211 4846.225047 4845.072656 4839.952784 4828.570531 4818.476532 4813.513147 4812.617076 4804.605205 4791.751836 4776.871496 4764.631633 4752.586212 4714.633349 4681.588316 4639.572275 4626.278997 4577.621354 4483.646366 4444.954340 4403.809538 4339.539278 4343.795391 4355.229295 4331.891410 4311.482543 4279.850103 4312.523329 4326.058546 4331.306384 4324.219755 4331.899867 4363.757185 4414.616933 4450.056011 4489.070843 4537.962882 4569.439784 4609.165802 4648.541056 4701.651630 4734.010645 4763.505630 4814.465328 4851.966698 4875.143027 4859.767676 4843.136306 4796.004548 4734.770603 4684.828843 4654.738077 4602.733378 4558.627240 4515.361812 4468.803467 4415.999454 4354.256837 4307.630698 4274.942780 -9999.0 -9999.0 -9999.0 -9999.0 -9999.0
-9999.0 3223.831714 3485.195855 3740.895438 4000.530643 4352.791361 4546.246272 4635.732836 4701.819049 4693.945087 4725.971108 4730.046084 4768.165298 4776.804642 4755.639316 4740.571088 4721.241225 4720.150511 4733.366035 4705.190014 4673.846682 4659.902364 4660.940536 4650.278478 4625.681644 4610.854429 4601.703597 4582.375918 4538.997137 4487.169638 4400.316911 4361.995383 4279.847858 4246.100221 4211.244524 4164.102771 4120.946915 4128.453472 4155.541482 4148.287640 4127.969434 4111.500830 4142.069864 4164.383418 4178.283715 4160.556911 4166.834633 4201.483200 4248.009663 4288.681519 4332.289418 4380.289368 4423.075176 4461.465234 4480.386813 4517.963749 4560.677671 4602.934577 4674.390453 4755.604307 4793.465688 4829.353866 4856.819511 4879.376441 4835.612811 4810.571662 4785.889956 4761.261167 4713.791021 4667.669803 4627.047606 4560.363321 4500.750025 -9999.0 -9999.0 -9999.0 -9999.0 -9999.0 -9999.0 -9999.0
-9999.0 3116.935192 3297.996036 3471.752290 3704.794306 3933.623111 4171.581875 4261.646634 4333.794699 4421.388411 4484.337818 4525.438732 4551.294368 4573.760671 4551.449216 4503.018058 4469.559288 4474.949511 4464.138395 4444.018651 4416.692094 4404.213279 4401.088115 4396.805597 4376.333020 4367.062950 4360.947001 4343.410372 4319.692242 4266.373471 4196.617464 4121.703019 4069.794722 4054.510998 4034.273920 4009.496641 3986.344575 4000.771935 4013.288912 4014.797146 4010.120883 4011.806004 4040.836037 4061.217768 4070.598919 4060.350268 4078.483152 4100.635743 4136.361635 4175.189851 4219.442548 4269.175174 4317.351966 4335.802590 4335.251838 4343.402116 4369.030562 4411.203619 4487.197232 4574.104542 4655.450952 4702.481731 4754.439878 4795.889343 4825.777398 4847.532337 4872.388097 4867.326009 4839.810961 4805.496825 4744.655562 -9999.0 -9999.0 -9999.0 -9999.0 -9999.0 -9999.0 -9999.0 -9999.0 -9999.0
-9999.0 -9999.0 3074.309626 3213.186147 3288.521034 3439.454273 3575.178998 3680.192338 3787.813390 3942.328784 4073.324682 4172.575502 4221.373177 4237.405426 4224.397414 4198.369029 4183.047993 4182.448943 4169.993076 4165.544242 4153.616405 4149.360448 4136.869640 4129.760006 4128.305220 4129.780602 4128.768156 4121.828870 4107.095118 4067.641111 4035.480988 3993.908357 3950.533906 3930.889970 3914.892098 3900.493824 3907.555220 3902.601511 3908.418047 3912.327445 3923.566676 3938.735542 3957.877545 3981.086861 3990.824845 4001.785903 4012.047849 4032.917154 4061.794135 4101.477837 4152.421021 4207.031869 4242.448195 4248.092684 4227.972040 4220.341449 4225.351116 4251.205854 4310.649828 4378.049575 4470.050773 4537.109526 4604.645953 4662.032655 4689.678109 4726.099749 4798.824676 4847.037900 4892.591488 4870.015513 -9999.0 -9999.0 -9999.0 -9999.0 -9999.0 -9999.0 -9999.0 -9999.0 -9999.0 -9999.0
-9999.0 -9999.0 -9999.0 -9999.0 3068.659385 3208.440997 3302.377546 3376.396826 3510.847317 3645.058408 3753.062069 3842.837796 3916.058556 3942.922192 3947.349946 3970.144291 3971.215813 3960.589424 3949.183982 3957.121789 3965.200161 3959.841389 3941.962134 3936.971438 3943.332515 3953.922464 3953.912966 3943.032907 3926.570665 3918.156910 3910.532252 3883.405624 3854.690430 3829.965062 3820.476008 3820.409963 3822.077782 3814.784934 3823.800613 3834.239579 3851.002862 3866.338238 3889.818210 3919.985621 3935.261095 3949.896713 3957.837842 3975.265676 4003.246638 4054.213727 4115.587502 4172.143623 4206.136821 4205.781441 4176.332258 4153.145120 4138.435833 4153.506794 4179.281123 4226.725991 4315.105933 4376.974715 4419.892026 4456.716260 4493.103195 4560.544034 4659.057374 4742.417864 -9999.0 -9999.0 -9999.0 -9999.0 -9999.0 -9999.0 -9999.0 -9999.0 -9999.0 -9999.0 -9999.0 -9999.0
-9999.0 -9999.0 -9999.0 -9999.0 -9999.0 -9999.0 3046.698743 3153.136406 3210.074863 3368.861980 3521.550097 3632.236709 3717.623374 3756.451935 3795.050973 3827.900311 3830.010354 3808.878513 3785.692342 3809.565611 3832.209317 3825.895122 3792.507381 3795.879946 3805.421466 3814.660294 3813.854132 3810.442796 3788.719221 3811.036253 3820.308922 3800.969085 3778.925283 3769.709240 3760.540785 3772.418744 3773.907812 3760.131465 3758.890055 3788.172213 3810.172506 3823.107630 3843.766339 3877.027388 3909.587402 3925.439555 3925.890483 3929.594186 3964.346559 4031.675467 4102.636706 4157.982171 4189.049899 4193.152104 4161.645410 4115.874204 4088.633584 4085.710532 4107.760863 4144.191563 4203.084344 4237.337993 4244.204340 4240.390728 4249.213402 4351.886965 -9999.0 -9999.0 -9999.0 -9999.0 -9999.0 -9999.0 -9999.0 -9999.0 -9999.0 -9999.0 -9999.0 -9999.0 -9999.0 -9999.0
-9999.0 -9999.0 -9999.0 -9999.0 -9999.0 -9999.0 -9999.0 -9999.0 -9999.0 -9999.0 -9999.0 -9999.0 -9999.0 -9999.0 -9999.0 -9999.0 -9999.0 -9999.0 -9999.0 -9999.0 -9999.0 -9999.0 -9999.0 -9999.0 -9999.0 -9999.0 -9999.0 -9999.0 -9999.0 -9999.0 -9999.0 -9999.0 -9999.0 -9999.0 -9999.0 -9999.0 -9999.0 -9999.0 -9999.0 -9999.0 -9999.0 -9999.0 -9999.0 -9999.0 -9999.0 -9999.0 -9999.0 -9999.0 -9999.0 -9999.0 -9999.0 -9999.0 -9999.0 -9999.0 -9999.0 -9999.0 -9999.0 -9999.0 -9999.0 -9999.0 -9999.0 -9999.0 -9999.0 -9999.0 -9999.0 -9999.0 -9999.0 -9999.0 -9999.0 -9999.0 -9999.0 -9999.0 -9999.0 -9999.0 -9999.0 -9999.0 -9999.0 -9999.0 -9999.0 -9999.0
-9999.0 -9999.0 -9999.0 -9999.0 -9999.0 -9999.0 -9999.0 -9999.0 -9999.0 -9999.0 -9999.0 -9999.0 -9999.0 -9999.0 -9999.0 -9999.0 -9999.0 -9999.0 -9999.0 -9999.0 -9999.0 -9999.0 -9999.0 -9999.0 -9999.0 -9999.0 -9999.0 -9999.0 -9999.0 -9999.0 -9999.0 -9999.0 -9999.0 -9999.0 -9999.0 -9999.0 -9999.0 -9999.0 -9999.0 -9999.0 -9999.0 -9999.0 -9999.0 -9999.0 -9999.0 -9999.0 -9999.0 -9999.0 -9999.0 -9999.0 -9999.0 -9999.0 -9999.0 -9999.0 -9999.0 -9999.0 -9999.0 -9999.0 -9999.0 -9999.0 -9999.0 -9999.0 -9999.0 -9999.0 -9999.0 -9999.0 -9999.0 -9999.0 -9999.0 -9999.0 -9999.0 -9999.0 -9999.0 -9999.0 -9999.0 -9999.0 -9999.0 -9999.0 -9999.0 -9999.0