Borden_/Borden1m_014/output_maps/psiliqL0023N0028.asc
ncols         80
nrows         18
xllcorner     620200.000000
yllcorner     5168000.000000
cellsize      1.000000
NODATA_value  -9999.0
-9999.0 -9999.0 -9999.0 -9999.0 -9999.0 -9999.0 -9999.0 -9999.0 -9999.0 -9999.0 -9999.0 -9999.0 -9999.0 -9999.0 -9999.0 -9999.0 -9999.0 -9999.0 -9999.0 -9999.0 -9999.0 -9999.0 -9999.0 -9999.0 -9999.0 -9999.0 -9999.0 -9999.0 -9999.0 -9999.0 -9999.0 -9999.0 -9999.0 -9999.0 -9999.0 -9999.0 -9999.0 -9999.0 -9999.0 -9999.0 -9999.0 -9999.0 -9999.0 -9999.0 -9999.0 -9999.0 -9999.0 -9999.0 -9999.0 -9999.0 -9999.0 -9999.0 -9999.0 -9999.0 -9999.0 -9999.0 -9999.0 -9999.0 -9999.0 -9999.0 -9999.0 -9999.0 -9999.0 -9999.0 -9999.0 -9999.0 -9999.0 -9999.0 -9999.0 -9999.0 -9999.0 -9999.0 -9999.0 -9999.0 -9999.0 -9999.0 -9999.0 -9999.0 -9999.0 -9999.0
-9999.0 -9999.0 -9999.0 -9999.0 -9999.0 -9999.0 -9999.0 -9999.0 -9999.0 -9999.0 -9999.0 -9999.0 -9999.0 -9999.0 -9999.0 -9999.0 -9999.0 -9999.0 -9999.0 -9999.0 -9999.0 -9999.0 -9999.0 -9999.0 -9999.0 -9999.0 -9999.0 -9999.0 -9999.0 -9999.0 -9999.0 -9999.0 -9999.0 -9999.0 -9999.0 -9999.0 -9999.0 -9999.0 -9999.0 -9999.0 -9999.0 -9999.0 -9999.0 -9999.0 -9999.0 -9999.0 -9999.0 -9999.0 -9999.0 -9999.0 -9999.0 -9999.0 -9999.0 -9999.0 -9999.0 -9999.0 -9999.0 -9999.0 -9999.0 -9999.0 -9999.0 -9999.0 -9999.0 -9999.0 -9999.0 -9999.0 -9999.0 -9999.0 -9999.0 -9999.0 -9999.0 -9999.0 -9999.0 -9999.0 -9999.0 -9999.0 -9999.0 -9999.0 -9999.0 -9999.0
-9999.0 -9999.0 -9999.0 -9999.0 -9999.0 -9999.0 -9999.0 -9999.0 -9999.0 -9999.0 -9999.0 -9999.0 -9999.0 -9999.0 -9999.0 -9999.0 -9999.0 -9999.0 -9999.0 -9999.0 2756.343187 2758.594192 2738.237019 2706.013186 2679.876744 2684.009679 2719.647410 2762.720201 2803.923719 2814.456456 2798.043873 2803.601788 2800.802200 2797.823063 2799.758203 2808.504129 2816.347912 2826.818691 2835.326696 2834.977921 2829.472889 2825.740615 2828.585347 2830.783079 2836.430284 2821.843498 2835.967091 2796.973130 2801.031520 2797.973922 2818.918044 2803.349717 2791.978119 2773.307979 2796.433248 2805.687021 2796.108144 2799.891993 2797.987995 2795.112287 2764.282962 -9999.0 -9999.0 -9999.0 -9999.0 -9999.0 -9999.0 -9999.0 -9999.0 -9999.0 -9999.0 -9999.0 -9999.0 -9999.0 -9999.0 -9999.0 -9999.0 -9999.0 -9999.0 -9999.0
-9999.0 -9999.0 -9999.0 -9999.0 -9999.0 -9999.0 -9999.0 -9999.0 -9999.0 -9999.0 -9999.0 -9999.0 -9999.0 -9999.0 2661.316379 2653.586614 2652.548491 2662.093619 2696.655642 2728.226538 2740.094442 2734.006567 2735.489739 2713.002702 2692.914863 2708.221880 2740.072550 2772.285791 2808.311810 2828.947651 2820.396951 2820.095681 2829.408929 2799.216579 2807.960857 2805.305062 2843.011003 2811.500374 2824.601901 2829.799384 2828.037588 2818.451168 2827.935679 2842.142214 2835.094321 2819.547737 2829.325434 2843.042602 2854.000121 2844.999235 2836.651595 2819.997595 2813.292337 2805.523785 2789.369724 2783.173105 2808.602546 2804.640293 2794.653514 2775.610781 2741.171779 2695.554446 2675.016158 2713.079014 2754.890285 2790.856091 -9999.0 -9999.0 -9999.0 -9999.0 -9999.0 -9999.0 -9999.0 -9999.0 -9999.0 -9999.0 -9999.0 -9999.0 -9999.0 -9999.0
-9999.0 -9999.0 -9999.0 -9999.0 -9999.0 -9999.0 -9999.0 -9999.0 -9999.0 2598.553904 2605.155411 2613.946671 2618.508406 2635.710839 2633.786964 2642.593292 2649.586570 2679.083372 2710.999118 2746.736427 2774.891119 2768.880444 2769.026570 2776.463442 2775.499875 2786.962323 2810.286772 2799.791687 2831.549941 2867.743652 2835.484153 2831.470005 2849.627494 2891.866826 2917.210132 2920.365456 2902.633080 2916.981792 2940.625646 2957.434130 2954.360230 2948.952366 2973.910191 2988.545304 2984.050966 2963.210843 2960.203801 2966.278958 2994.492290 2943.846018 2878.624772 2837.607298 2850.725128 2828.260737 2800.378552 2833.172734 2830.645165 2807.271195 2794.590206 2794.522869 2759.431997 2745.686836 2726.128193 2743.510871 2764.118072 2786.863917 2826.152731 2855.506022 2854.871670 2837.499204 -9999.0 -9999.0 -9999.0 -9999.0 -9999.0 -9999.0 -9999.0 -9999.0 -9999.0 -9999.0
-9999.0 -9999.0 -9999.0 -9999.0 -9999.0 -9999.0 2517.005224 2528.637819 2551.081872 2555.724929 2583.914486 2591.581374 2613.673394 2634.075452 2658.222406 2674.693438 2703.896014 2737.349200 2775.876585 2817.196307 2803.807818 2842.379230 2799.676264 2820.363450 2849.788985 2871.099891 2894.276469 2931.524906 2983.830107 3019.709463 3014.709912 3015.917515 3024.201588 3073.823657 3137.401763 3149.048456 3128.638775 3115.259337 3137.746636 3174.248557 3173.464451 3172.374965 3180.388878 3190.647923 3217.262330 3207.272716 3175.503328 3168.746726 3173.833504 3153.104675 3086.832278 3029.303260 3008.704976 2982.669271 2900.841031 2856.057699 2875.545700 2900.452307 2877.100681 2828.190703 2836.736071 2826.680250 2810.959464 2798.875506 2806.671020 2799.548584 2822.685377 2835.753554 2823.471127 2802.757807 2790.979262 2760.985985 2761.910010 2785.933438 -9999.0 -9999.0 -9999.0 -9999.0 -9999.0 -9999.0
-9999.0 -9999.0 -9999.0 -9999.0 2464.895037 2479.188868 2466.873840 2495.014456 2529.687288 2565.990746 2596.891577 2633.709967 2661.583058 2692.767664 2730.012039 2758.507532 2796.742272 2831.134926 2829.154695 2891.324205 2936.691692 2952.835876 2962.026317 2993.370753 3049.268812 3096.673467 3115.166868 3140.396174 3179.931147 3235.616870 3258.067915 3261.308343 3278.126503 3319.297498 3373.185995 3407.108268 3389.845699 3381.230260 3390.266859 3403.651511 3425.767426 3425.871020 3426.912344 3430.543711 3437.510231 3436.210801 3410.723566 3377.807877 3365.566709 3355.964695 3320.414714 3249.960127 3218.808431 3191.376687 3156.266286 3103.667250 3053.457466 3051.856653 2998.564521 2963.657777 2911.713834 2900.397247 2877.566672 2859.362505 2839.645115 2848.911604 2858.491677 2841.891750 2811.320933 2795.433353 2779.302187 2759.120840 2745.994870 2775.381209 2786.106992 2815.494167 -9999.0 -9999.0 -9999.0 -9999.0
-9999.0 -9999.0 2402.789834 2450.087359 2508.987757 2518.043542 2515.912582 2522.695060 2553.141233 2606.787432 2677.460230 2721.029102 2757.622892 2793.296909 2798.562452 2863.063575 2925.098260 2968.109091 3005.845124 3073.619884 3132.184710 3159.313459 3168.748359 3199.319883 3252.511683 3318.978355 3346.041466 3371.716729 3401.722813 3436.645190 3432.759930 3444.100048 3455.594901 3466.121677 3479.020141 3485.035197 3480.554422 3476.038723 3457.713405 3452.903294 3459.461490 3466.744865 3466.296983 3451.920923 3447.970511 3462.656872 3468.378634 3466.636851 3464.433082 3469.792018 3467.114493 3421.133574 3399.351064 3384.801949 3374.813082 3329.735086 3264.494101 3231.305023 3211.172792 3175.808976 3103.222295 3064.071173 3023.985788 2988.530118 2965.616000 2948.478479 2912.685670 2878.328080 2837.519338 2795.482357 2788.632907 2770.800525 2767.723369 2765.809969 2781.590363 2790.578353 2806.012746 2813.898123 -9999.0 -9999.0
-9999.0 2293.820990 2365.741116 2489.909245 2570.375968 2613.030494 2631.649235 2644.001605 2675.380492 2712.666362 2807.575814 2821.564504 2904.687384 2941.579358 2983.650909 3053.857327 3145.383298 3183.649069 3220.464915 3280.992708 3344.179537 3389.584237 3415.287728 3401.064720 3438.526780 3463.792881 3470.444736 3476.381758 3475.292017 3466.889765 3459.946896 3466.784900 3464.049287 3445.322139 3429.677123 3428.091113 3424.790422 3401.878758 3375.192563 3360.197295 3362.085282 3385.987360 3373.736019 3352.609641 3348.276088 3369.582843 3389.667148 3379.244464 3366.782404 3382.676227 3416.676671 3440.319949 3443.399684 3461.386405 3482.372768 3454.199016 3431.411140 3388.819740 3372.878212 3347.856689 3292.267835 3237.662069 3190.271585 3145.570023 3092.856478 3042.612250 2994.689532 2959.993681 2903.995141 2869.007563 2843.058041 2798.220696 2794.768390 2787.955257 2788.474548 2785.012160 2785.463403 2791.770796 -9999.0 -9999.0
-9999.0 2201.352969 2341.602260 2522.330137 2669.848173 2719.637127 2795.830328 2829.960652 2846.640600 2847.598016 2899.060836 3094.722202 3205.059141 3220.177286 3292.571704 3382.901250 3372.817120 3402.873584 3424.802715 3446.041356 3463.204493 3475.912779 3473.776825 3468.150287 3451.988322 3444.059559 3443.273824 3441.278428 3424.262890 3405.650633 3389.106046 3386.325530 3369.598086 3322.296033 3289.867460 3273.290410 3256.087489 3242.137445 3214.380927 3189.184269 3177.686531 3185.597948 3182.583683 3172.319254 3167.906397 3182.552904 3213.234537 3209.931866 3219.953945 3239.176688 3274.445655 3311.515855 3330.447312 3358.980629 3393.521758 3439.810550 3449.832838 3471.921274 3475.271337 3462.993407 3417.810860 3367.903662 3338.981145 3284.601485 3225.280325 3167.555129 3118.901763 3074.123658 3019.148017 2984.469966 2954.068355 2899.076006 2853.291681 2841.288306 2806.133757 2791.103367 -9999.0 -9999.0 -9999.0 -9999.0
-9999.0 2104.756401 2286.539347 2531.050206 2809.068180 2888.220971 3078.119565 3188.244919 3227.295468 3292.376429 3194.347495 3381.731915 3428.461612 3421.908492 3432.035646 3434.299672 3447.899734 3447.602433 3442.554674 3431.788598 3422.544424 3418.238399 3417.069796 3409.223344 3396.752559 3382.317951 3371.176986 3360.148162 3324.414202 3293.210120 3255.833822 3243.879219 3202.285515 3115.888785 3077.168762 3040.266991 2982.287052 2983.648711 2988.338367 2983.179254 2964.404993 2937.906780 2965.537659 2974.772054 2978.528716 2975.478954 2986.645194 2993.955823 3039.505443 3073.086456 3111.867373 3158.930541 3184.559862 3223.104327 3263.011220 3314.630478 3344.877845 3373.297923 3420.188878 3456.839045 3479.242017 3466.114822 3446.226991 3403.239453 3344.312859 3295.485579 3267.305800 3217.975418 3177.536477 3133.678781 3087.366653 3034.674636 2981.673432 2922.273987 2886.222718 -9999.0 -9999.0 -9999.0 -9999.0 -9999.0
-9999.0 1892.379558 2157.291289 2429.243266 2715.887857 3029.137389 3183.217309 3280.016073 3340.903589 3317.268510 3334.415155 3342.365518 3378.254425 3384.527365 3363.430291 3350.495066 3334.084338 3332.996306 3345.950365 3319.207696 3289.739979 3276.825913 3277.631936 3266.918685 3243.621646 3228.734365 3219.408900 3201.826864 3162.958554 3113.981056 3032.072726 3000.954060 2943.275721 2901.387565 2863.366222 2816.586031 2822.689387 2824.796561 2798.395305 2835.279455 2813.614952 2795.651280 2824.315582 2799.252158 2811.766816 2796.743796 2803.891762 2837.891587 2884.802048 2925.467221 2970.253264 2999.926083 3040.568801 3080.104620 3102.359292 3142.843218 3180.043832 3220.857640 3289.773751 3365.929059 3399.844303 3433.502344 3463.418372 3484.829689 3442.627631 3415.443613 3392.459979 3370.231145 3324.990648 3280.200032 3239.725522 3176.750789 3119.174583 -9999.0 -9999.0 -9999.0 -9999.0 -9999.0 -9999.0 -9999.0
-9999.0 1776.733922 1976.272060 2177.217565 2436.511651 2672.560159 2863.454018 2956.649182 3013.440685 3073.987700 3122.003920 3157.035055 3179.527925 3200.377342 3177.669598 3137.102339 3105.842030 3110.506281 3102.850058 3081.398587 3053.716217 3040.714068 3039.046911 3034.134443 3012.725380 3002.113408 2995.379051 2995.713821 2969.328788 2916.505921 2844.208412 2821.052089 2764.361757 2739.697016 2713.186428 2683.102613 2653.966098 2664.899239 2674.938597 2674.638874 2666.792058 2665.899735 2694.737386 2713.329230 2723.422873 2713.333501 2733.091457 2758.776431 2798.992195 2800.228337 2845.196287 2895.162380 2944.365956 2966.608286 2971.727305 2986.501878 2995.072813 3038.521329 3114.746911 3195.452740 3270.165309 3314.404744 3364.163586 3402.466890 3429.297914 3456.443403 3477.024725 3468.699768 3443.885260 3411.266274 3354.380566 -9999.0 -9999.0 -9999.0 -9999.0 -9999.0 -9999.0 -9999.0 -9999.0 -9999.0
-9999.0 -9999.0 1748.797123 1907.397863 2014.771501 2181.845029 2327.239662 2437.294049 2538.842382 2678.394749 2799.775212 2846.143271 2890.718433 2906.690965 2893.066016 2864.261534 2846.292129 2845.995751 2834.659661 2827.192666 2811.432046 2805.995416 2850.602480 2841.880833 2834.982954 2831.566606 2826.926242 2817.273631 2797.303439 2752.244141 2710.129281 2662.981260 2612.269748 2588.165538 2567.668171 2548.363885 2550.171925 2544.622652 2549.325306 2551.531458 2560.224997 2573.874136 2593.417245 2616.525422 2626.711874 2637.310000 2649.651104 2673.190223 2705.691611 2747.494911 2801.715041 2823.459588 2859.381597 2867.563740 2852.118352 2849.641323 2860.279648 2892.419358 2958.874570 3007.877435 3095.654815 3159.829103 3221.699792 3276.420601 3302.318590 3338.585147 3406.457678 3454.314308 3494.417490 3472.160551 -9999.0 -9999.0 -9999.0 -9999.0 -9999.0 -9999.0 -9999.0 -9999.0 -9999.0 -9999.0
-9999.0 -9999.0 -9999.0 -9999.0 1768.012592 1917.127527 2014.931629 2095.988934 2229.701467 2359.127673 2465.776021 2553.298323 2622.120883 2651.017005 2652.589256 2667.795128 2666.733058 2658.694836 2648.167345 2651.339144 2654.345362 2647.440552 2631.316178 2624.355400 2626.840009 2633.207327 2630.422720 2616.626113 2597.762096 2580.366559 2564.512620 2532.201328 2498.755008 2470.321202 2457.585268 2453.439887 2453.108451 2445.133352 2453.273732 2461.619926 2477.247710 2492.321994 2515.825847 2545.120192 2559.868345 2575.099401 2584.716968 2604.641248 2635.491685 2689.206829 2753.325400 2811.526162 2817.043098 2818.498414 2831.225706 2814.921524 2809.461457 2834.699894 2814.382768 2868.191127 2959.239311 2999.983309 3046.339604 3086.191675 3122.466831 3181.229395 3272.832742 3352.511144 -9999.0 -9999.0 -9999.0 -9999.0 -9999.0 -9999.0 -9999.0 -9999.0 -9999.0 -9999.0 -9999.0 -9999.0
-9999.0 -9999.0 -9999.0 -9999.0 -9999.0 -9999.0 1740.839238 1845.968213 1917.125175 2067.366456 2210.153219 2317.670468 2401.799010 2437.939690 2471.436833 2502.019323 2502.660289 2483.232325 2462.205054 2483.189050 2500.900145 2494.466293 2462.863275 2463.629754 2469.737713 2477.251138 2474.350732 2467.883653 2442.775407 2457.739647 2460.839573 2437.877552 2412.348614 2399.273421 2387.590804 2397.252710 2397.193312 2382.775021 2381.910905 2409.408459 2430.195959 2443.069188 2464.262400 2497.516941 2530.224803 2546.222657 2547.830042 2553.605451 2591.858466 2662.145752 2735.047459 2791.865366 2797.797873 2803.430291 2809.711512 2769.803099 2749.758667 2756.136650 2788.763214 2837.420091 2840.622689 2879.199095 2894.382815 2899.284410 2913.591283 2984.121292 -9999.0 -9999.0 -9999.0 -9999.0 -9999.0 -9999.0 -9999.0 -9999.0 -9999.0 -9999.0 -9999.0 -9999.0 -9999.0 -9999.0
-9999.0 -9999.0 -9999.0 -9999.0 -9999.0 -9999.0 -9999.0 -9999.0 -9999.0 -9999.0 -9999.0 -9999.0 -9999.0 -9999.0 -9999.0 -9999.0 -9999.0 -9999.0 -9999.0 -9999.0 -9999.0 -9999.0 -9999.0 -9999.0 -9999.0 -9999.0 -9999.0 -9999.0 -9999.0 -9999.0 -9999.0 -9999.0 -9999.0 -9999.0 -9999.0 -9999.0 -9999.0 -9999.0 -9999.0 -9999.0 -9999.0 -9999.0 -9999.0 -9999.0 -9999.0 -9999.0 -9999.0 -9999.0 -9999.0 -9999.0 -9999.0 -9999.0 -9999.0 -9999.0 -9999.0 -9999.0 -9999.0 -9999.0 -9999.0 -9999.0 -9999.0 -9999.0 -9999.0 -9999.0 -9999.0 -9999.0 -9999.0 -9999.0 -9999.0 -9999.0 -9999.0 -9999.0 -9999.0 -9999.0 -9999.0 -9999.0 -9999.0 -9999.0 -9999.0 -9999.0
-9999.0 -9999.0 -9999.0 -9999.0 -9999.0 -9999.0 -9999.0 -9999.0 -9999.0 -9999.0 -9999.0 -9999.0 -9999.0 -9999.0 -9999.0 -9999.0 -9999.0 -9999.0 -9999.0 -9999.0 -9999.0 -9999.0 -9999.0 -9999.0 -9999.0 -9999.0 -9999.0 -9999.0 -9999.0 -9999.0 -9999.0 -9999.0 -9999.0 -9999.0 -9999.0 -9999.0 -9999.0 -9999.0 -9999.0 -9999.0 -9999.0 -9999.0 -9999.0 -9999.0 -9999.0 -9999.0 -9999.0 -9999.0 -9999.0 -9999.0 -9999.0 -9999.0 -9999.0 -9999.0 -9999.0 -9999.0 -9999.0 -9999.0 -9999.0 -9999.0 -9999.0 -9999.0 -9999.0 -9999.0 -9999.0 -9999.0 -9999.0 -9999.0 -9999.0 -9999.0 -9999.0 -9999.0 -9999.0 -9999.0 -9999.0 -9999.0 -9999.0 -9999.0 -9999.0 -9999.0