Borden_/Borden1m_014/output_maps/psiliqL0010N0029.asc
ncols         80
nrows         18
xllcorner     620200.000000
yllcorner     5168000.000000
cellsize      1.000000
NODATA_value  -9999.0
-9999.0 -9999.0 -9999.0 -9999.0 -9999.0 -9999.0 -9999.0 -9999.0 -9999.0 -9999.0 -9999.0 -9999.0 -9999.0 -9999.0 -9999.0 -9999.0 -9999.0 -9999.0 -9999.0 -9999.0 -9999.0 -9999.0 -9999.0 -9999.0 -9999.0 -9999.0 -9999.0 -9999.0 -9999.0 -9999.0 -9999.0 -9999.0 -9999.0 -9999.0 -9999.0 -9999.0 -9999.0 -9999.0 -9999.0 -9999.0 -9999.0 -9999.0 -9999.0 -9999.0 -9999.0 -9999.0 -9999.0 -9999.0 -9999.0 -9999.0 -9999.0 -9999.0 -9999.0 -9999.0 -9999.0 -9999.0 -9999.0 -9999.0 -9999.0 -9999.0 -9999.0 -9999.0 -9999.0 -9999.0 -9999.0 -9999.0 -9999.0 -9999.0 -9999.0 -9999.0 -9999.0 -9999.0 -9999.0 -9999.0 -9999.0 -9999.0 -9999.0 -9999.0 -9999.0 -9999.0
-9999.0 -9999.0 -9999.0 -9999.0 -9999.0 -9999.0 -9999.0 -9999.0 -9999.0 -9999.0 -9999.0 -9999.0 -9999.0 -9999.0 -9999.0 -9999.0 -9999.0 -9999.0 -9999.0 -9999.0 -9999.0 -9999.0 -9999.0 -9999.0 -9999.0 -9999.0 -9999.0 -9999.0 -9999.0 -9999.0 -9999.0 -9999.0 -9999.0 -9999.0 -9999.0 -9999.0 -9999.0 -9999.0 -9999.0 -9999.0 -9999.0 -9999.0 -9999.0 -9999.0 -9999.0 -9999.0 -9999.0 -9999.0 -9999.0 -9999.0 -9999.0 -9999.0 -9999.0 -9999.0 -9999.0 -9999.0 -9999.0 -9999.0 -9999.0 -9999.0 -9999.0 -9999.0 -9999.0 -9999.0 -9999.0 -9999.0 -9999.0 -9999.0 -9999.0 -9999.0 -9999.0 -9999.0 -9999.0 -9999.0 -9999.0 -9999.0 -9999.0 -9999.0 -9999.0 -9999.0
-9999.0 -9999.0 -9999.0 -9999.0 -9999.0 -9999.0 -9999.0 -9999.0 -9999.0 -9999.0 -9999.0 -9999.0 -9999.0 -9999.0 -9999.0 -9999.0 -9999.0 -9999.0 -9999.0 -9999.0 136.899346 139.928849 117.697111 84.166661 56.328489 58.836126 94.282306 136.109713 174.967831 186.109051 168.820624 171.224712 166.964534 167.152341 170.626682 177.366117 180.880273 192.742225 201.853931 202.305132 196.842927 191.893605 191.714811 195.377681 200.348122 190.214225 203.126665 217.763972 223.008999 216.622429 187.963729 170.962025 161.443045 145.644259 169.203067 180.770025 203.078329 206.791835 204.872226 177.365540 146.984797 -9999.0 -9999.0 -9999.0 -9999.0 -9999.0 -9999.0 -9999.0 -9999.0 -9999.0 -9999.0 -9999.0 -9999.0 -9999.0 -9999.0 -9999.0 -9999.0 -9999.0 -9999.0 -9999.0
-9999.0 -9999.0 -9999.0 -9999.0 -9999.0 -9999.0 -9999.0 -9999.0 -9999.0 -9999.0 -9999.0 -9999.0 -9999.0 -9999.0 45.405573 35.641808 33.034896 41.953971 76.123954 106.532743 119.152891 111.972959 112.420409 89.455357 69.793088 84.575085 114.897328 147.526924 183.335635 205.212062 194.010455 192.390969 203.755919 231.939748 247.370635 245.566252 224.977500 248.427792 265.857541 276.799161 277.520594 270.122858 285.547429 302.511915 295.553596 276.702369 278.863741 289.434631 302.179911 284.956770 217.660289 194.923667 189.553562 181.223827 166.168273 158.541481 182.662577 182.650939 173.690510 155.075197 122.200627 77.876183 59.460026 97.573318 141.454609 198.975894 -9999.0 -9999.0 -9999.0 -9999.0 -9999.0 -9999.0 -9999.0 -9999.0 -9999.0 -9999.0 -9999.0 -9999.0 -9999.0 -9999.0
-9999.0 -9999.0 -9999.0 -9999.0 -9999.0 -9999.0 -9999.0 -9999.0 -9999.0 -12.662194 -8.587967 -1.170960 1.097901 17.072230 15.449142 22.857360 31.050841 58.067588 89.849649 125.689542 155.300262 146.540933 148.026418 160.903166 168.171126 182.339251 205.364979 248.869812 294.726454 340.151427 313.981552 313.669523 335.272645 387.341135 427.580715 438.797453 418.874319 424.781927 453.705667 482.944551 487.387093 488.330514 516.391367 531.887518 535.816419 513.225265 491.142579 486.708922 510.692670 452.872381 380.782031 323.141061 320.770625 285.426055 240.971454 216.461855 211.810977 231.914671 215.067313 176.047990 138.297598 127.386486 109.793193 125.633151 147.554871 193.868263 232.114479 260.309954 259.962477 242.306842 -9999.0 -9999.0 -9999.0 -9999.0 -9999.0 -9999.0 -9999.0 -9999.0 -9999.0 -9999.0
-9999.0 -9999.0 -9999.0 -9999.0 -9999.0 -9999.0 -91.657574 -82.536531 -62.491608 -56.982283 -32.059289 -24.162672 -3.128839 16.811994 38.417576 56.235684 88.113247 122.203799 165.329883 211.395088 246.332518 244.600145 258.207604 295.481187 341.685972 376.639170 405.276131 451.820334 539.778551 591.176209 606.793226 614.704798 626.041771 672.429802 736.373998 756.863767 733.048656 716.789282 736.649274 776.607646 796.045492 801.215623 811.076575 820.232199 845.123399 833.627172 782.768958 760.811696 753.572547 738.701290 681.864622 618.427217 573.661305 516.572576 424.439001 360.458936 358.980838 372.223936 337.206833 278.633371 232.457346 219.106142 202.216120 186.518692 190.642886 208.800428 230.893890 241.423810 228.177915 206.970291 183.605688 154.569270 156.086537 181.320354 -9999.0 -9999.0 -9999.0 -9999.0 -9999.0 -9999.0
-9999.0 -9999.0 -9999.0 -9999.0 -141.562641 -128.943942 -140.568737 -116.380755 -83.964237 -50.088934 -17.135316 21.050590 49.395094 80.703338 123.966416 163.733943 210.848099 250.547301 310.793104 385.755101 445.121949 478.839649 503.221300 571.106930 636.152912 688.591859 709.568728 738.499453 785.657082 855.849003 885.570684 892.840798 911.258758 942.162535 986.373150 1020.053557 1003.270438 995.953223 1000.626122 1012.381625 1039.406109 1042.382836 1044.728359 1046.301490 1049.168492 1047.699247 1022.119885 987.774258 972.146329 964.454594 938.412333 871.948764 820.055378 785.381605 753.419762 704.095858 636.563985 612.508435 549.352098 484.141989 408.769398 378.287982 341.382311 310.433446 275.687176 273.143531 273.384856 251.371682 218.881840 185.948023 170.391682 151.339237 140.701660 170.420109 187.966209 218.722261 -9999.0 -9999.0 -9999.0 -9999.0
-9999.0 -9999.0 -200.171605 -150.463300 -94.179994 -85.234541 -83.048307 -77.226063 -49.162325 2.989777 82.733203 137.886013 185.871364 221.567747 286.967033 377.737951 464.358733 523.236787 588.597374 658.515052 720.758861 759.939296 789.772443 831.524097 882.163205 938.266087 963.550445 988.126447 1018.314357 1051.921943 1071.667037 1086.738716 1093.970400 1093.304326 1095.987046 1096.334280 1092.206886 1086.252400 1068.390364 1065.662903 1073.615538 1078.069067 1080.894495 1068.249265 1064.267574 1076.717767 1078.732599 1077.731714 1077.736697 1085.886559 1092.263211 1057.475209 1010.006614 993.881674 984.175710 942.750199 879.780165 828.217619 801.601847 757.911888 679.063065 624.279130 567.899166 509.050137 445.248915 404.023885 349.998635 303.383649 254.447069 207.110800 182.581362 163.603286 160.855806 160.935356 176.795785 192.228733 207.544172 215.314858 -9999.0 -9999.0
-9999.0 -300.251338 -227.597896 -100.136824 -20.432092 25.546334 65.071525 94.346157 122.262235 143.315743 256.987489 367.338300 468.573742 509.510660 568.840427 670.700892 772.179392 818.665485 854.145937 905.101215 960.127722 1005.269719 1035.147046 1059.179878 1088.821723 1093.797786 1094.437724 1095.571368 1089.816155 1082.734742 1073.762286 1080.426464 1077.779296 1060.511033 1045.952005 1043.123201 1036.348995 1009.803702 981.358856 966.913638 970.117947 991.631091 980.905604 960.967095 957.401673 977.763423 995.362900 987.362674 975.535768 995.060280 1029.386118 1050.797708 1064.604617 1079.913923 1099.974594 1076.354963 1044.845025 1003.106202 982.403775 952.840541 889.686324 826.129735 770.396639 706.591815 638.102756 563.568567 491.176845 421.105501 348.172711 303.791429 269.820798 216.611097 192.736847 193.288195 183.574910 180.598868 186.816850 193.142578 -9999.0 -9999.0
-9999.0 -374.265532 -230.889686 -44.802401 104.001336 169.041422 287.784428 377.192926 411.795529 391.158296 513.271529 742.164799 833.817604 848.480634 915.177102 995.427579 1029.122999 1059.094736 1078.527574 1080.388734 1081.940066 1088.666589 1087.028328 1080.919681 1067.043464 1059.367912 1058.109125 1054.328866 1034.762815 1014.529644 997.160108 992.251213 975.536234 936.179134 904.862223 888.344911 870.693753 841.716069 803.897790 775.629264 761.345118 778.824177 770.037668 752.456254 748.902502 772.289814 805.763692 801.549083 808.608944 832.390959 874.709942 919.542755 943.728364 973.640097 1010.016213 1052.955701 1070.935397 1091.250078 1096.071157 1073.923333 1030.574823 979.736524 944.159789 875.899752 800.841151 720.176786 655.338837 592.876975 519.491254 465.261861 410.182329 347.014642 285.922935 255.937056 214.830869 193.416018 -9999.0 -9999.0 -9999.0 -9999.0
-9999.0 -443.651215 -252.626791 12.259443 279.706346 414.176231 621.603982 756.745575 828.537119 883.017918 904.520575 1024.098147 1052.917539 1045.467298 1034.229075 1036.339744 1050.812428 1054.844663 1051.360316 1041.454429 1031.227368 1026.637736 1025.316005 1017.789029 1005.255769 989.981949 976.432013 961.326180 916.615704 881.306984 847.949079 831.551772 794.247301 704.660144 662.576394 629.714703 573.419537 560.957255 547.279060 514.551414 492.572664 474.377779 494.109875 495.209176 496.647799 504.952316 527.436421 550.605966 595.980667 634.034121 679.123746 733.197829 769.019234 814.152208 863.763939 925.458467 958.489287 988.218412 1034.731339 1074.728522 1097.256408 1087.587804 1057.525469 1012.656225 941.889501 868.083585 815.406507 740.999018 675.317509 623.525277 579.744793 525.860317 451.336755 349.993299 303.762410 -9999.0 -9999.0 -9999.0 -9999.0 -9999.0
-9999.0 -605.056907 -336.598134 -40.795354 290.861137 618.282542 737.913121 891.476438 966.397469 913.654160 899.337462 927.297276 968.175771 974.706212 955.060766 947.936136 939.316063 939.586728 952.077224 924.988236 890.118951 874.958340 873.583437 861.096332 837.480278 818.841177 804.440937 782.308648 730.925451 680.642432 603.766469 574.192331 494.472689 423.038624 372.267177 320.890527 266.974690 263.046826 277.298622 259.586981 236.128667 216.904621 242.729659 258.858351 270.363423 261.040643 271.373292 308.265093 359.975532 407.223768 463.602218 526.813827 579.028262 632.638679 668.300132 722.660767 771.456894 820.002052 895.192490 977.384409 1013.616586 1048.283069 1082.725099 1097.193044 1046.822813 993.685863 938.178457 865.980769 774.605737 729.493622 708.342479 675.245500 621.961869 -9999.0 -9999.0 -9999.0 -9999.0 -9999.0 -9999.0 -9999.0
-9999.0 -737.347526 -508.401811 -263.818175 34.648714 277.284771 470.003504 590.911787 677.722213 678.771945 693.955246 724.175564 755.644149 777.888578 755.830530 719.727901 693.498489 697.436981 695.736816 671.445636 641.254077 626.151081 624.133969 615.862340 588.374841 570.259623 556.442459 529.770566 487.675949 424.970355 338.396023 266.048595 201.282872 163.689001 131.733299 97.550081 58.601848 68.391102 82.013809 77.135552 64.778720 60.422274 89.873951 108.405120 118.545974 105.978467 124.922383 152.409768 195.112047 238.565895 288.910165 346.611507 403.812979 438.883474 459.500303 495.218041 544.548610 606.777490 695.176727 792.634843 869.426941 923.216765 973.974070 1006.645084 1018.609209 1033.571828 1006.341426 915.091476 776.490598 771.993592 775.138791 -9999.0 -9999.0 -9999.0 -9999.0 -9999.0 -9999.0 -9999.0 -9999.0 -9999.0
-9999.0 -9999.0 -745.204732 -557.544508 -401.704451 -215.511675 -62.684950 47.619033 127.549838 222.038467 315.345635 394.653742 439.734539 458.271558 439.830985 398.498400 372.200268 371.849942 362.053628 348.114471 323.962593 314.350469 304.031126 295.359007 281.604665 273.299647 266.490200 253.409771 228.379697 178.946213 125.118424 71.798492 16.411696 -9.692031 -32.256894 -55.112073 -58.548705 -60.892647 -54.399944 -53.285593 -47.796394 -35.995243 -15.349771 6.108066 15.594441 23.000439 35.649103 59.495195 92.907322 134.530508 187.813417 244.837431 284.548124 298.188328 290.601852 299.209952 325.081146 375.401071 470.916186 569.555924 666.912819 740.012776 812.496790 863.455168 880.436838 901.819727 913.522518 829.361755 519.439604 697.989247 -9999.0 -9999.0 -9999.0 -9999.0 -9999.0 -9999.0 -9999.0 -9999.0 -9999.0 -9999.0
-9999.0 -9999.0 -9999.0 -9999.0 -701.486809 -544.294019 -449.435890 -365.795365 -242.865384 -131.760232 -38.216291 39.644100 94.564281 118.907061 108.748023 104.629690 96.745192 92.496426 83.599068 78.708041 73.614322 65.582829 53.464904 45.565405 44.669522 47.926625 45.292615 31.538283 14.622408 -12.399237 -36.345714 -71.867049 -109.075165 -138.471037 -151.685200 -158.506613 -158.399808 -164.160135 -154.768585 -148.285808 -133.391248 -117.999436 -94.031612 -65.634539 -52.881211 -38.602613 -28.850694 -7.996060 22.154989 75.058914 137.505816 193.799642 227.967043 231.612599 205.712560 190.186678 187.771350 217.746485 268.577871 344.521588 456.272481 541.687105 610.899600 659.722150 692.962747 738.968961 782.618627 800.008227 -9999.0 -9999.0 -9999.0 -9999.0 -9999.0 -9999.0 -9999.0 -9999.0 -9999.0 -9999.0 -9999.0 -9999.0
-9999.0 -9999.0 -9999.0 -9999.0 -9999.0 -9999.0 -755.606394 -659.723567 -573.359752 -448.313233 -331.677991 -238.328440 -162.927221 -136.785589 -117.941316 -95.076184 -99.235363 -116.358455 -133.288686 -116.547646 -106.453767 -111.607799 -139.557406 -141.015109 -137.460448 -128.442102 -129.941912 -136.257997 -161.271637 -152.834668 -154.127778 -177.368830 -203.571786 -217.965082 -229.582330 -219.646121 -218.886354 -231.543565 -229.361446 -203.162974 -183.354487 -169.917909 -147.477183 -114.352797 -82.388505 -68.029250 -67.036503 -60.836391 -19.540102 50.657565 120.892514 174.342311 205.057242 212.095466 183.319445 142.061009 120.458685 127.263800 162.621949 217.886216 298.185818 353.029150 388.613230 413.099142 443.918501 544.841135 -9999.0 -9999.0 -9999.0 -9999.0 -9999.0 -9999.0 -9999.0 -9999.0 -9999.0 -9999.0 -9999.0 -9999.0 -9999.0 -9999.0
-9999.0 -9999.0 -9999.0 -9999.0 -9999.0 -9999.0 -9999.0 -9999.0 -9999.0 -9999.0 -9999.0 -9999.0 -9999.0 -9999.0 -9999.0 -9999.0 -9999.0 -9999.0 -9999.0 -9999.0 -9999.0 -9999.0 -9999.0 -9999.0 -9999.0 -9999.0 -9999.0 -9999.0 -9999.0 -9999.0 -9999.0 -9999.0 -9999.0 -9999.0 -9999.0 -9999.0 -9999.0 -9999.0 -9999.0 -9999.0 -9999.0 -9999.0 -9999.0 -9999.0 -9999.0 -9999.0 -9999.0 -9999.0 -9999.0 -9999.0 -9999.0 -9999.0 -9999.0 -9999.0 -9999.0 -9999.0 -9999.0 -9999.0 -9999.0 -9999.0 -9999.0 -9999.0 -9999.0 -9999.0 -9999.0 -9999.0 -9999.0 -9999.0 -9999.0 -9999.0 -9999.0 -9999.0 -9999.0 -9999.0 -9999.0 -9999.0 -9999.0 -9999.0 -9999.0 -9999.0
-9999.0 -9999.0 -9999.0 -9999.0 -9999.0 -9999.0 -9999.0 -9999.0 -9999.0 -9999.0 -9999.0 -9999.0 -9999.0 -9999.0 -9999.0 -9999.0 -9999.0 -9999.0 -9999.0 -9999.0 -9999.0 -9999.0 -9999.0 -9999.0 -9999.0 -9999.0 -9999.0 -9999.0 -9999.0 -9999.0 -9999.0 -9999.0 -9999.0 -9999.0 -9999.0 -9999.0 -9999.0 -9999.0 -9999.0 -9999.0 -9999.0 -9999.0 -9999.0 -9999.0 -9999.0 -9999.0 -9999.0 -9999.0 -9999.0 -9999.0 -9999.0 -9999.0 -9999.0 -9999.0 -9999.0 -9999.0 -9999.0 -9999.0 -9999.0 -9999.0 -9999.0 -9999.0 -9999.0 -9999.0 -9999.0 -9999.0 -9999.0 -9999.0 -9999.0 -9999.0 -9999.0 -9999.0 -9999.0 -9999.0 -9999.0 -9999.0 -9999.0 -9999.0 -9999.0 -9999.0