Borden_/Borden1m_014/output_maps/psiliqL0018N0020.asc
ncols         80
nrows         18
xllcorner     620200.000000
yllcorner     5168000.000000
cellsize      1.000000
NODATA_value  -9999.0
-9999.0 -9999.0 -9999.0 -9999.0 -9999.0 -9999.0 -9999.0 -9999.0 -9999.0 -9999.0 -9999.0 -9999.0 -9999.0 -9999.0 -9999.0 -9999.0 -9999.0 -9999.0 -9999.0 -9999.0 -9999.0 -9999.0 -9999.0 -9999.0 -9999.0 -9999.0 -9999.0 -9999.0 -9999.0 -9999.0 -9999.0 -9999.0 -9999.0 -9999.0 -9999.0 -9999.0 -9999.0 -9999.0 -9999.0 -9999.0 -9999.0 -9999.0 -9999.0 -9999.0 -9999.0 -9999.0 -9999.0 -9999.0 -9999.0 -9999.0 -9999.0 -9999.0 -9999.0 -9999.0 -9999.0 -9999.0 -9999.0 -9999.0 -9999.0 -9999.0 -9999.0 -9999.0 -9999.0 -9999.0 -9999.0 -9999.0 -9999.0 -9999.0 -9999.0 -9999.0 -9999.0 -9999.0 -9999.0 -9999.0 -9999.0 -9999.0 -9999.0 -9999.0 -9999.0 -9999.0
-9999.0 -9999.0 -9999.0 -9999.0 -9999.0 -9999.0 -9999.0 -9999.0 -9999.0 -9999.0 -9999.0 -9999.0 -9999.0 -9999.0 -9999.0 -9999.0 -9999.0 -9999.0 -9999.0 -9999.0 -9999.0 -9999.0 -9999.0 -9999.0 -9999.0 -9999.0 -9999.0 -9999.0 -9999.0 -9999.0 -9999.0 -9999.0 -9999.0 -9999.0 -9999.0 -9999.0 -9999.0 -9999.0 -9999.0 -9999.0 -9999.0 -9999.0 -9999.0 -9999.0 -9999.0 -9999.0 -9999.0 -9999.0 -9999.0 -9999.0 -9999.0 -9999.0 -9999.0 -9999.0 -9999.0 -9999.0 -9999.0 -9999.0 -9999.0 -9999.0 -9999.0 -9999.0 -9999.0 -9999.0 -9999.0 -9999.0 -9999.0 -9999.0 -9999.0 -9999.0 -9999.0 -9999.0 -9999.0 -9999.0 -9999.0 -9999.0 -9999.0 -9999.0 -9999.0 -9999.0
-9999.0 -9999.0 -9999.0 -9999.0 -9999.0 -9999.0 -9999.0 -9999.0 -9999.0 -9999.0 -9999.0 -9999.0 -9999.0 -9999.0 -9999.0 -9999.0 -9999.0 -9999.0 -9999.0 -9999.0 1752.789470 1755.511779 1734.758602 1702.456901 1676.131466 1680.033353 1715.913667 1758.863858 1799.532014 1810.816768 1794.733710 1799.655402 1796.745587 1795.517065 1798.006674 1805.749144 1811.291088 1822.187741 1830.370633 1829.745181 1823.788701 1819.244735 1820.644603 1823.270528 1828.737961 1816.172523 1830.069378 1844.650109 1848.564326 1842.908378 1815.468151 1799.217729 1788.233016 1770.244045 1793.060585 1802.605438 1823.240570 1825.406062 1821.820287 1793.631813 1762.783277 -9999.0 -9999.0 -9999.0 -9999.0 -9999.0 -9999.0 -9999.0 -9999.0 -9999.0 -9999.0 -9999.0 -9999.0 -9999.0 -9999.0 -9999.0 -9999.0 -9999.0 -9999.0 -9999.0
-9999.0 -9999.0 -9999.0 -9999.0 -9999.0 -9999.0 -9999.0 -9999.0 -9999.0 -9999.0 -9999.0 -9999.0 -9999.0 -9999.0 1657.995689 1649.725257 1648.445621 1658.162245 1692.962172 1724.399173 1736.694664 1730.435283 1731.993756 1709.883746 1690.533040 1706.078475 1737.719994 1770.959512 1807.299205 1828.984655 1820.293991 1820.227423 1830.775935 1855.314190 1867.133129 1864.555209 1845.876273 1869.830097 1884.876852 1892.296878 1891.824606 1883.502130 1895.180919 1910.254324 1903.090769 1886.192881 1892.803798 1904.963814 1915.637356 1902.654204 1839.474949 1820.639579 1814.052231 1805.549841 1789.408399 1781.741043 1805.903118 1803.469093 1793.440577 1774.025608 1739.925215 1694.828633 1674.858599 1712.539459 1754.668412 1810.194181 -9999.0 -9999.0 -9999.0 -9999.0 -9999.0 -9999.0 -9999.0 -9999.0 -9999.0 -9999.0 -9999.0 -9999.0 -9999.0 -9999.0
-9999.0 -9999.0 -9999.0 -9999.0 -9999.0 -9999.0 -9999.0 -9999.0 -9999.0 1596.421141 1602.262643 1610.741444 1614.665684 1631.659965 1630.078214 1638.707174 1646.616631 1675.679037 1708.136750 1744.401119 1773.978280 1766.790774 1768.753519 1779.083801 1781.965722 1794.881379 1818.362479 1860.039090 1899.263045 1941.189518 1914.183176 1913.874515 1934.535549 1980.557049 2010.289141 2015.511028 1997.209060 2008.489361 2032.884740 2052.910366 2051.999401 2049.025124 2074.102553 2088.337255 2086.720739 2065.821197 2056.918063 2059.006095 2084.701851 2033.073522 1966.318700 1918.271323 1923.233744 1893.409016 1857.215537 1837.740798 1833.724649 1851.570833 1834.922242 1796.340525 1759.163962 1746.117287 1726.869627 1743.119161 1763.567044 1807.790250 1845.256863 1872.216661 1869.946731 1851.312359 -9999.0 -9999.0 -9999.0 -9999.0 -9999.0 -9999.0 -9999.0 -9999.0 -9999.0 -9999.0
-9999.0 -9999.0 -9999.0 -9999.0 -9999.0 -9999.0 1515.952942 1526.752578 1548.410793 1553.451020 1580.536790 1588.835004 1610.766649 1631.408621 1655.112560 1672.635881 1703.408240 1737.848469 1779.601080 1823.322521 1856.356012 1851.452520 1863.211220 1892.957752 1930.915051 1959.145902 1985.651266 2027.093287 2104.431641 2148.045832 2154.148169 2160.788907 2172.275139 2222.340451 2286.111929 2298.941983 2278.068238 2263.516608 2284.289050 2320.626136 2324.425770 2325.784762 2338.393422 2348.636122 2374.412690 2363.765019 2324.029420 2312.089120 2312.743541 2294.062721 2230.013751 2166.872077 2134.368895 2082.063092 1997.662074 1945.181647 1954.836341 1972.854224 1942.554362 1887.061473 1845.932651 1834.176195 1817.437756 1803.234062 1808.650653 1826.169319 1846.208628 1855.539085 1840.441514 1817.375230 1793.349865 1763.136296 1763.741291 1787.808364 -9999.0 -9999.0 -9999.0 -9999.0 -9999.0 -9999.0
-9999.0 -9999.0 -9999.0 -9999.0 1464.606685 1478.535937 1466.768866 1493.699228 1527.803796 1563.505607 1595.856837 1633.225416 1661.646739 1693.533782 1734.480754 1767.815356 1809.492747 1846.411696 1902.420376 1971.688741 2023.385856 2046.539523 2062.950437 2122.756759 2186.081298 2239.525271 2261.863019 2290.709703 2337.582205 2399.418438 2428.025587 2435.923838 2454.858707 2493.217832 2543.274146 2577.832279 2560.355970 2551.206149 2557.539104 2569.600787 2593.068874 2594.706150 2596.944747 2600.101535 2605.382173 2603.685586 2578.166989 2544.415775 2529.386441 2519.522373 2487.037983 2415.876096 2376.299375 2343.691539 2305.229504 2251.363036 2190.684725 2177.029099 2117.056485 2056.996140 1995.752647 1975.075995 1943.898572 1917.418408 1888.242267 1889.168143 1891.066602 1868.489810 1833.515949 1799.111145 1782.216572 1761.626536 1748.614973 1777.302052 1793.469566 1822.486999 -9999.0 -9999.0 -9999.0 -9999.0
-9999.0 -9999.0 1403.343557 1451.853630 1510.233306 1519.943072 1520.192012 1527.284816 1557.390904 1611.034508 1684.871790 1733.411563 1774.334428 1810.653184 1871.743024 1948.882675 2020.212818 2070.580708 2134.985692 2208.693976 2272.586820 2305.960363 2323.554352 2365.817851 2422.934489 2488.799416 2517.331112 2544.999845 2579.337205 2615.893589 2623.183190 2637.370634 2647.588210 2653.665108 2661.971421 2664.734256 2658.661151 2651.481124 2631.128864 2625.810859 2632.372717 2638.790477 2639.676599 2626.160656 2622.377332 2636.455553 2641.382610 2640.637311 2639.965755 2647.294353 2648.801417 2606.644122 2573.961375 2556.820824 2543.470817 2497.451324 2431.090844 2390.069578 2365.077599 2319.258517 2241.042777 2191.054195 2140.033538 2091.646761 2039.123650 2009.037381 1961.971741 1918.098984 1869.549531 1821.053382 1795.371764 1775.571500 1771.093770 1768.743782 1783.308339 1797.030995 1811.163098 1818.305916 -9999.0 -9999.0
-9999.0 1297.598263 1370.109230 1496.035569 1577.169670 1621.802819 1649.277590 1669.037587 1699.515656 1730.462740 1832.024961 1911.442987 2002.458937 2043.750586 2096.088386 2195.286070 2292.605892 2342.662374 2385.514558 2447.332595 2511.465547 2562.242883 2592.442119 2596.265180 2633.429581 2652.493340 2657.542207 2662.396874 2660.595564 2653.311864 2645.543292 2651.731728 2647.643051 2628.066466 2611.208041 2606.982136 2599.621973 2572.433064 2540.282826 2523.158327 2524.234891 2548.350617 2535.152281 2514.383015 2510.880704 2533.070473 2555.321309 2548.153152 2537.815638 2558.455279 2594.899638 2618.835774 2626.984134 2644.408757 2665.262995 2638.650727 2611.861991 2568.291362 2546.533758 2516.563031 2457.403786 2396.475312 2340.611179 2279.052606 2212.841252 2146.241575 2082.544918 2019.702281 1952.389443 1909.177662 1876.078835 1824.484319 1802.307691 1801.975926 1791.344646 1786.570161 1790.756467 1796.250144 -9999.0 -9999.0
-9999.0 1212.361101 1354.231477 1537.838046 1686.680679 1742.933643 1835.802539 1910.774898 1937.645870 1904.832916 2013.120839 2233.513044 2345.740210 2367.771398 2444.814151 2540.245452 2552.519708 2587.999574 2613.713041 2631.143222 2645.133746 2657.991959 2657.561825 2652.879539 2638.085508 2629.957930 2627.926954 2624.351542 2605.938687 2585.674114 2566.704716 2560.742630 2539.238027 2491.949415 2457.337616 2437.802538 2417.792870 2396.282138 2362.418630 2333.366816 2315.863828 2329.443315 2324.668425 2308.609923 2305.231758 2327.833625 2360.962692 2360.678550 2374.051486 2398.375036 2439.402814 2480.544097 2504.581498 2536.674520 2575.787668 2622.464748 2637.050586 2659.499056 2663.468498 2646.682037 2601.073044 2546.421606 2510.964099 2447.519296 2375.402309 2296.814818 2231.970680 2169.295571 2098.543292 2050.706273 2001.387152 1940.894646 1885.633991 1862.354737 1821.023977 1800.498208 -9999.0 -9999.0 -9999.0 -9999.0
-9999.0 1126.376574 1312.222377 1565.656973 1849.103953 1951.498556 2158.678534 2286.919277 2342.058891 2412.957601 2365.110214 2533.286347 2580.157680 2579.546331 2587.032694 2594.734298 2613.166099 2618.399868 2617.127376 2609.256026 2601.872858 2598.429926 2596.862947 2588.247410 2574.308385 2557.451424 2541.314878 2526.705745 2487.437142 2452.763238 2413.518432 2396.424003 2353.580429 2259.665006 2216.403319 2177.412851 2116.515623 2109.422349 2104.251019 2074.556097 2053.974678 2030.286839 2054.334470 2061.430315 2065.061045 2066.884956 2083.487571 2112.213998 2161.637666 2201.174750 2246.868569 2300.584576 2338.058252 2383.498158 2429.991942 2486.801050 2521.778080 2554.979171 2605.856076 2645.791966 2669.704784 2657.401132 2631.339400 2583.202043 2510.891178 2445.405583 2397.023761 2324.929976 2260.708231 2206.368734 2156.029821 2099.205280 2029.623214 1950.527347 1907.285790 -9999.0 -9999.0 -9999.0 -9999.0 -9999.0
-9999.0 933.697314 1200.474571 1482.502968 1786.327170 2121.398013 2270.469028 2392.561873 2465.284739 2439.818956 2453.891432 2472.854774 2517.059957 2528.174261 2510.666751 2503.233437 2492.637940 2494.534171 2509.413703 2484.750503 2456.458486 2443.052701 2441.668907 2428.032031 2401.898795 2382.782781 2369.276169 2346.905539 2297.669824 2245.255047 2160.934383 2126.465926 2046.926483 1994.758271 1951.609444 1901.239107 1849.963049 1848.344727 1865.671986 1851.047456 1828.438031 1809.955843 1837.307640 1856.566677 1869.766818 1858.013300 1867.951918 1905.455217 1956.746625 2002.517078 2053.161921 2108.973047 2157.125007 2206.068117 2238.202829 2288.267411 2338.700500 2387.969228 2463.657813 2544.922528 2585.160472 2621.492954 2653.536898 2669.717903 2617.567329 2569.939497 2519.834085 2461.437564 2385.552730 2336.982997 2305.054241 2252.145569 2191.233389 -9999.0 -9999.0 -9999.0 -9999.0 -9999.0 -9999.0 -9999.0
-9999.0 811.573376 1022.992746 1241.765061 1517.012470 1754.645812 1960.286627 2067.019060 2146.963196 2195.546249 2237.913267 2274.704349 2306.088032 2330.704136 2312.119952 2273.190037 2245.765610 2251.784300 2247.663495 2225.839444 2197.563566 2182.784493 2178.733964 2169.974141 2143.494281 2127.116868 2114.539884 2090.274103 2057.586190 2001.762313 1923.370304 1848.880570 1788.402805 1758.847318 1730.126576 1697.942213 1663.538160 1673.078982 1684.327112 1680.982871 1671.053702 1668.699113 1697.739673 1717.131435 1727.545963 1716.943531 1736.986895 1764.184979 1806.349020 1850.549254 1900.422261 1956.205862 2011.018202 2040.827096 2054.521183 2079.319552 2119.586100 2175.320066 2262.843633 2359.613834 2440.334128 2491.085270 2544.300951 2581.481380 2597.536462 2608.476984 2588.799848 2517.959662 2423.682735 2408.068265 2397.510079 -9999.0 -9999.0 -9999.0 -9999.0 -9999.0 -9999.0 -9999.0 -9999.0 -9999.0
-9999.0 -9999.0 791.932677 962.632340 1089.899780 1265.770626 1415.177454 1526.205105 1619.949133 1742.181397 1852.581287 1939.384750 1984.473794 2002.643813 1990.423893 1960.798379 1942.247875 1943.307136 1933.658643 1924.635488 1906.217690 1898.343669 1885.634982 1875.826168 1865.129419 1858.609127 1851.999923 1839.808463 1817.885737 1771.581270 1725.044189 1674.477886 1621.873605 1596.434310 1574.670712 1553.485407 1552.635171 1547.718821 1552.626656 1554.009411 1561.235564 1574.051107 1593.970248 1616.294275 1626.373574 1636.043986 1648.927282 1673.140260 1706.671398 1749.669160 1804.344452 1863.018335 1903.871864 1917.516963 1908.418104 1913.762194 1934.291091 1977.355751 2057.738729 2142.484854 2240.375986 2313.964472 2388.353489 2443.533367 2462.803837 2481.854784 2504.451338 2465.247621 2340.154934 2371.751004 -9999.0 -9999.0 -9999.0 -9999.0 -9999.0 -9999.0 -9999.0 -9999.0 -9999.0 -9999.0
-9999.0 -9999.0 -9999.0 -9999.0 822.543466 975.808177 1073.546888 1156.723897 1287.354707 1410.333099 1511.950701 1595.956943 1659.365114 1686.334577 1684.171063 1692.990856 1690.183166 1684.206183 1674.791714 1675.223330 1675.263660 1667.670611 1652.202666 1643.989554 1644.177432 1648.329783 1644.709232 1630.227004 1611.675328 1590.287670 1570.965470 1536.893922 1501.247347 1471.967508 1458.631983 1453.054899 1452.484969 1445.007208 1453.311729 1460.707376 1475.899296 1491.029285 1514.733859 1543.937491 1558.091951 1573.185437 1583.183183 1603.916517 1634.768444 1688.660035 1752.694837 1811.303408 1848.231473 1853.557727 1830.013930 1815.378776 1812.432194 1841.140786 1886.353218 1953.769592 2056.479672 2131.724404 2191.071120 2238.096652 2273.150483 2323.543518 2384.236937 2426.374266 -9999.0 -9999.0 -9999.0 -9999.0 -9999.0 -9999.0 -9999.0 -9999.0 -9999.0 -9999.0 -9999.0 -9999.0
-9999.0 -9999.0 -9999.0 -9999.0 -9999.0 -9999.0 785.789770 888.434086 966.564829 1107.798754 1240.853908 1343.120308 1423.954717 1456.765748 1485.056770 1513.174778 1512.471531 1494.336632 1475.182227 1494.607410 1509.294987 1503.024233 1472.125403 1471.312430 1475.632563 1482.904333 1479.828969 1472.833533 1447.342717 1459.348327 1460.346517 1436.898130 1410.719975 1396.817672 1384.768237 1394.160969 1394.099124 1380.106885 1380.171193 1406.976049 1427.256806 1440.296083 1461.975220 1495.262623 1527.808421 1543.368329 1545.016784 1551.323451 1591.269954 1661.812629 1734.116151 1790.313528 1823.636508 1832.556514 1806.481573 1767.406966 1748.085971 1756.167612 1791.790806 1845.022153 1921.726001 1972.364367 1999.649649 2014.250746 2033.577475 2126.453089 -9999.0 -9999.0 -9999.0 -9999.0 -9999.0 -9999.0 -9999.0 -9999.0 -9999.0 -9999.0 -9999.0 -9999.0 -9999.0 -9999.0
-9999.0 -9999.0 -9999.0 -9999.0 -9999.0 -9999.0 -9999.0 -9999.0 -9999.0 -9999.0 -9999.0 -9999.0 -9999.0 -9999.0 -9999.0 -9999.0 -9999.0 -9999.0 -9999.0 -9999.0 -9999.0 -9999.0 -9999.0 -9999.0 -9999.0 -9999.0 -9999.0 -9999.0 -9999.0 -9999.0 -9999.0 -9999.0 -9999.0 -9999.0 -9999.0 -9999.0 -9999.0 -9999.0 -9999.0 -9999.0 -9999.0 -9999.0 -9999.0 -9999.0 -9999.0 -9999.0 -9999.0 -9999.0 -9999.0 -9999.0 -9999.0 -9999.0 -9999.0 -9999.0 -9999.0 -9999.0 -9999.0 -9999.0 -9999.0 -9999.0 -9999.0 -9999.0 -9999.0 -9999.0 -9999.0 -9999.0 -9999.0 -9999.0 -9999.0 -9999.0 -9999.0 -9999.0 -9999.0 -9999.0 -9999.0 -9999.0 -9999.0 -9999.0 -9999.0 -9999.0
-9999.0 -9999.0 -9999.0 -9999.0 -9999.0 -9999.0 -9999.0 -9999.0 -9999.0 -9999.0 -9999.0 -9999.0 -9999.0 -9999.0 -9999.0 -9999.0 -9999.0 -9999.0 -9999.0 -9999.0 -9999.0 -9999.0 -9999.0 -9999.0 -9999.0 -9999.0 -9999.0 -9999.0 -9999.0 -9999.0 -9999.0 -9999.0 -9999.0 -9999.0 -9999.0 -9999.0 -9999.0 -9999.0 -9999.0 -9999.0 -9999.0 -9999.0 -9999.0 -9999.0 -9999.0 -9999.0 -9999.0 -9999.0 -9999.0 -9999.0 -9999.0 -9999.0 -9999.0 -9999.0 -9999.0 -9999.0 -9999.0 -9999.0 -9999.0 -9999.0 -9999.0 -9999.0 -9999.0 -9999.0 -9999.0 -9999.0 -9999.0 -9999.0 -9999.0 -9999.0 -9999.0 -9999.0 -9999.0 -9999.0 -9999.0 -9999.0 -9999.0 -9999.0 -9999.0 -9999.0