Borden_/Borden1m_014/output_maps/psiliqL0027N0003.asc
ncols         80
nrows         18
xllcorner     620200.000000
yllcorner     5168000.000000
cellsize      1.000000
NODATA_value  -9999.0
-9999.0 -9999.0 -9999.0 -9999.0 -9999.0 -9999.0 -9999.0 -9999.0 -9999.0 -9999.0 -9999.0 -9999.0 -9999.0 -9999.0 -9999.0 -9999.0 -9999.0 -9999.0 -9999.0 -9999.0 -9999.0 -9999.0 -9999.0 -9999.0 -9999.0 -9999.0 -9999.0 -9999.0 -9999.0 -9999.0 -9999.0 -9999.0 -9999.0 -9999.0 -9999.0 -9999.0 -9999.0 -9999.0 -9999.0 -9999.0 -9999.0 -9999.0 -9999.0 -9999.0 -9999.0 -9999.0 -9999.0 -9999.0 -9999.0 -9999.0 -9999.0 -9999.0 -9999.0 -9999.0 -9999.0 -9999.0 -9999.0 -9999.0 -9999.0 -9999.0 -9999.0 -9999.0 -9999.0 -9999.0 -9999.0 -9999.0 -9999.0 -9999.0 -9999.0 -9999.0 -9999.0 -9999.0 -9999.0 -9999.0 -9999.0 -9999.0 -9999.0 -9999.0 -9999.0 -9999.0
-9999.0 -9999.0 -9999.0 -9999.0 -9999.0 -9999.0 -9999.0 -9999.0 -9999.0 -9999.0 -9999.0 -9999.0 -9999.0 -9999.0 -9999.0 -9999.0 -9999.0 -9999.0 -9999.0 -9999.0 -9999.0 -9999.0 -9999.0 -9999.0 -9999.0 -9999.0 -9999.0 -9999.0 -9999.0 -9999.0 -9999.0 -9999.0 -9999.0 -9999.0 -9999.0 -9999.0 -9999.0 -9999.0 -9999.0 -9999.0 -9999.0 -9999.0 -9999.0 -9999.0 -9999.0 -9999.0 -9999.0 -9999.0 -9999.0 -9999.0 -9999.0 -9999.0 -9999.0 -9999.0 -9999.0 -9999.0 -9999.0 -9999.0 -9999.0 -9999.0 -9999.0 -9999.0 -9999.0 -9999.0 -9999.0 -9999.0 -9999.0 -9999.0 -9999.0 -9999.0 -9999.0 -9999.0 -9999.0 -9999.0 -9999.0 -9999.0 -9999.0 -9999.0 -9999.0 -9999.0
-9999.0 -9999.0 -9999.0 -9999.0 -9999.0 -9999.0 -9999.0 -9999.0 -9999.0 -9999.0 -9999.0 -9999.0 -9999.0 -9999.0 -9999.0 -9999.0 -9999.0 -9999.0 -9999.0 -9999.0 3525.148156 3525.920897 3504.180874 3469.883796 3441.420081 3442.979388 3475.484077 3515.757737 3554.279516 3561.148808 3541.687571 3545.335605 3540.655449 3535.621633 3535.399523 3543.014339 3549.681496 3559.103626 3565.788907 3563.199421 3555.642035 3550.567832 3553.296843 3554.736966 3561.078622 3546.313356 3562.518146 3578.942337 3583.677900 3581.260273 3557.951747 3546.512347 3538.845005 3523.520754 3550.521320 3562.428569 3586.217962 3591.141440 3589.394517 3562.962341 3533.094649 -9999.0 -9999.0 -9999.0 -9999.0 -9999.0 -9999.0 -9999.0 -9999.0 -9999.0 -9999.0 -9999.0 -9999.0 -9999.0 -9999.0 -9999.0 -9999.0 -9999.0 -9999.0 -9999.0
-9999.0 -9999.0 -9999.0 -9999.0 -9999.0 -9999.0 -9999.0 -9999.0 -9999.0 -9999.0 -9999.0 -9999.0 -9999.0 -9999.0 3435.331846 3426.502313 3423.371318 3430.263837 3462.320552 3492.304635 3503.783567 3496.078053 3495.587547 3470.431772 3447.014170 3459.077443 3487.982306 3517.861289 3550.656838 3567.296643 3555.968690 3552.987937 3559.308640 3577.931364 3585.168392 3581.247616 3563.664392 3587.879435 3600.674190 3604.514220 3602.262740 3592.193783 3600.422256 3614.183671 3607.075177 3592.053422 3603.647569 3619.035548 3629.752229 3622.321943 3565.082764 3554.092447 3551.433077 3548.106545 3535.615976 3532.445599 3561.533356 3561.561095 3554.912070 3538.230480 3505.281701 3460.284234 3441.789349 3483.069767 3527.171740 3583.803551 -9999.0 -9999.0 -9999.0 -9999.0 -9999.0 -9999.0 -9999.0 -9999.0 -9999.0 -9999.0 -9999.0 -9999.0 -9999.0 -9999.0
-9999.0 -9999.0 -9999.0 -9999.0 -9999.0 -9999.0 -9999.0 -9999.0 -9999.0 3378.219850 3384.111441 3390.753642 3392.912107 3407.645308 3404.012357 3410.519787 3413.789472 3440.569688 3469.386575 3502.216604 3528.532128 3518.825213 3516.898548 3519.669450 3512.643832 3519.492649 3539.228910 3575.128456 3605.111658 3639.459219 3605.156447 3599.694232 3616.738755 3657.112801 3678.794542 3679.930872 3661.080638 3678.623858 3701.849592 3716.721587 3712.850508 3706.414261 3732.517397 3747.920556 3740.883319 3719.072423 3719.064835 3727.446833 3757.216390 3706.677724 3640.913183 3604.206843 3621.640533 3601.749332 3577.469818 3567.825499 3569.401760 3590.433993 3579.543283 3546.467068 3514.026427 3502.768052 3486.597839 3508.633245 3532.598456 3579.576904 3620.007173 3650.278618 3650.021573 3633.023719 -9999.0 -9999.0 -9999.0 -9999.0 -9999.0 -9999.0 -9999.0 -9999.0 -9999.0 -9999.0
-9999.0 -9999.0 -9999.0 -9999.0 -9999.0 -9999.0 3299.892637 3310.264808 3330.728024 3332.806223 3358.967564 3363.565791 3381.709282 3398.144131 3419.354538 3431.166180 3454.966495 3483.893472 3518.699456 3555.045431 3581.512640 3568.695164 3573.216236 3590.940554 3615.805034 3633.144076 3655.180953 3692.533866 3764.428859 3800.273447 3791.150789 3791.445804 3799.477942 3849.971753 3913.913500 3924.288425 3903.558521 3890.702596 3914.852231 3952.670076 3950.080424 3948.803578 3962.451760 3973.524716 4000.414263 3989.106258 3953.254214 3948.788521 3956.491284 3932.794230 3862.731572 3806.198870 3789.066097 3742.344383 3658.875364 3617.613498 3643.674381 3672.976882 3652.481569 3603.847823 3572.777295 3568.431399 3558.375897 3552.775272 3566.482992 3590.389010 3614.966869 3629.499587 3618.108733 3597.633176 3576.354796 3548.517953 3551.463595 3576.560084 -9999.0 -9999.0 -9999.0 -9999.0 -9999.0 -9999.0
-9999.0 -9999.0 -9999.0 -9999.0 3250.818753 3263.338827 3247.810479 3273.564968 3304.825719 3337.682669 3364.057351 3394.514277 3416.510312 3442.097042 3473.687353 3493.598306 3523.909583 3552.286586 3598.204697 3658.144934 3701.314280 3713.327401 3721.086314 3771.449039 3827.289545 3873.760654 3892.360791 3918.382187 3965.059737 4021.707446 4043.702731 4046.150405 4063.093342 4107.440345 4164.938748 4200.407634 4182.555668 4173.313216 4183.966824 4198.756048 4220.911117 4220.958722 4222.093880 4226.508489 4234.542095 4232.526567 4205.374198 4171.691948 4158.644634 4148.275752 4108.919088 4036.083319 4006.566319 3977.122004 3932.807496 3877.992311 3832.614010 3835.580338 3780.801345 3725.634751 3677.059599 3670.767713 3651.770087 3637.006597 3621.049765 3634.596402 3647.588504 3633.250949 3603.719742 3574.897554 3562.380719 3545.203076 3534.095575 3565.578865 3583.664443 3613.165612 -9999.0 -9999.0 -9999.0 -9999.0
-9999.0 -9999.0 3192.524968 3237.048875 3293.478584 3298.583090 3290.306522 3291.950224 3317.134042 3365.075731 3425.312765 3460.106983 3486.745880 3516.053473 3565.216609 3624.900329 3683.365983 3725.350932 3783.419860 3852.910571 3911.906746 3938.297124 3946.707731 3982.521431 4037.799490 4108.206227 4136.714075 4163.575414 4195.997779 4233.271231 4222.921476 4233.253771 4246.161294 4260.105451 4276.166558 4283.882651 4278.798526 4274.147432 4255.456377 4250.081907 4256.527120 4264.941208 4263.649756 4248.813465 4244.830266 4259.995952 4266.501476 4264.235925 4261.071263 4265.716233 4260.220685 4210.567023 4195.245481 4179.661322 4167.335422 4120.599739 4053.149075 4021.351373 3999.261260 3957.572260 3883.883117 3847.566678 3808.901136 3775.118198 3738.649874 3726.913750 3695.636305 3664.265923 3626.199245 3585.977132 3567.402723 3553.674902 3553.678249 3554.562889 3572.620985 3588.465260 3604.526420 3612.646062 -9999.0 -9999.0
-9999.0 3082.101202 3152.469725 3272.751063 3349.243293 3384.144972 3389.234041 3389.343906 3413.397292 3445.678914 3529.779751 3575.138478 3657.439426 3695.178819 3734.918130 3824.663647 3919.824984 3963.702858 4003.335981 4068.379202 4135.242731 4182.866648 4209.468090 4184.931920 4225.417746 4257.225975 4266.034573 4273.559109 4274.109163 4265.542052 4259.275698 4265.856680 4262.765074 4243.313129 4226.980799 4225.128702 4221.664337 4198.109483 4170.394786 4154.648105 4155.770898 4181.033916 4167.689304 4146.196773 4141.733532 4163.577886 4185.394729 4174.545943 4161.316264 4177.978451 4212.922217 4238.504619 4238.677718 4257.486909 4278.667375 4249.181035 4228.567451 4184.046941 4166.904431 4141.298915 4083.788291 4028.925648 3980.604929 3932.319525 3880.362797 3832.295282 3785.072204 3738.196910 3685.556478 3653.183746 3629.430797 3587.512648 3575.692058 3582.788449 3578.329343 3577.071068 3583.856516 3590.499653 -9999.0 -9999.0
-9999.0 2983.555418 3121.338215 3297.004977 3437.844982 3475.522986 3532.016902 3584.749840 3596.931661 3538.882949 3639.743513 3857.412456 3982.535559 4000.842854 4077.515357 4174.234642 4153.489953 4185.352427 4209.090272 4236.918575 4259.250086 4274.261883 4272.720297 4267.755413 4251.099149 4243.055364 4242.130430 4239.963358 4222.363456 4203.226698 4186.287265 4182.945568 4164.651457 4114.186726 4080.602725 4062.713322 4042.903142 4029.745872 4002.797886 3976.599499 3959.651198 3969.329859 3968.160465 3955.072682 3950.666819 3968.512678 3999.436081 3998.007551 4010.583688 4030.352946 4065.856089 4104.486434 4123.866169 4153.211357 4189.048497 4237.773641 4245.972655 4268.559174 4271.303976 4261.671049 4214.517889 4162.528984 4132.947041 4077.236583 4017.659862 3955.952253 3906.894908 3862.223414 3806.964881 3773.375303 3734.650061 3681.361075 3639.561641 3633.346846 3600.538562 3588.185466 -9999.0 -9999.0 -9999.0 -9999.0
-9999.0 2878.051459 3055.381771 3290.369329 3585.084953 3652.147000 3854.147337 3968.134028 4006.176845 4074.269764 3945.583259 4159.629895 4214.985795 4210.647176 4228.768483 4232.353435 4246.920932 4246.134715 4241.045389 4229.926928 4220.196936 4215.515138 4214.502142 4206.561070 4193.871615 4179.179568 4167.179684 4155.572531 4118.560023 4086.315562 4046.301435 4033.593232 3987.865889 3895.557383 3856.958543 3817.742541 3756.035845 3759.125345 3767.838806 3744.200653 3724.436355 3695.312453 3725.802918 3737.369320 3741.857417 3736.557417 3745.564575 3775.041037 3823.625542 3858.158844 3896.943701 3945.019028 3975.672742 4014.896878 4054.490331 4106.947891 4138.409411 4167.435545 4216.890589 4254.029446 4276.876797 4262.462073 4244.435561 4199.078149 4138.606983 4089.146640 4059.910080 4009.077681 3965.469907 3922.116898 3875.760690 3823.133655 3761.751334 3711.029452 3677.676569 -9999.0 -9999.0 -9999.0 -9999.0 -9999.0
-9999.0 2650.942115 2911.600487 3172.561803 3440.777628 3784.701789 3961.937285 4054.526605 4118.414442 4103.762118 4129.393344 4135.117145 4172.468215 4180.092346 4158.755848 4144.580368 4126.501094 4125.411632 4138.515915 4110.955913 4080.418834 4066.918554 4067.858125 4057.176321 4033.139115 4018.289198 4009.062000 3990.382297 3947.320989 3896.824975 3812.231376 3776.828856 3697.446919 3660.601388 3624.998094 3578.395396 3534.663727 3541.085994 3566.660122 3558.317315 3537.924808 3521.256018 3551.002830 3572.259493 3585.646785 3568.963161 3575.407024 3609.664011 3655.852048 3696.027242 3739.468301 3787.115329 3828.976925 3867.714014 3887.911900 3926.597420 3968.724994 4010.364611 4080.717466 4159.769686 4196.172081 4231.106367 4259.621910 4281.690959 4238.594819 4212.637330 4188.685266 4164.949272 4118.462685 4072.922759 4032.362027 3967.273514 3907.731191 -9999.0 -9999.0 -9999.0 -9999.0 -9999.0 -9999.0 -9999.0
-9999.0 2540.069226 2728.925168 2910.802408 3152.311661 3380.125077 3605.823985 3695.861156 3766.497682 3842.352120 3898.726307 3937.334187 3963.118566 3984.897054 3962.386962 3915.746521 3883.227600 3888.322520 3878.889188 3858.236453 3830.803619 3818.144673 3815.436565 3810.929627 3790.103248 3780.308472 3773.897924 3756.239730 3731.644928 3679.158935 3608.823662 3535.744996 3483.202407 3465.582642 3444.284059 3418.620577 3393.534615 3407.510535 3420.352576 3421.064548 3415.369022 3416.207645 3445.247079 3465.275661 3474.683769 3463.979646 3482.018064 3504.620935 3540.859088 3579.639272 3623.769305 3673.312215 3721.228198 3740.505812 3741.538697 3751.743056 3778.444623 3821.067912 3896.974027 3982.994598 4061.499069 4107.314462 4158.341058 4198.681190 4227.262412 4251.329705 4274.360089 4267.905297 4241.556713 4207.965442 4148.717251 -9999.0 -9999.0 -9999.0 -9999.0 -9999.0 -9999.0 -9999.0 -9999.0 -9999.0
-9999.0 -9999.0 2503.320535 2650.607296 2739.064566 2889.697684 3026.297098 3130.221980 3232.111787 3376.750076 3501.146487 3595.965439 3642.844567 3658.523620 3644.960082 3617.399722 3600.876478 3600.444361 3588.579761 3583.015520 3569.678007 3564.938058 3553.060265 3546.036460 3543.166952 3543.604060 3542.173077 3534.910170 3519.427439 3479.379806 3444.767936 3402.075615 3357.464022 3337.266404 3320.590639 3305.161577 3310.819295 3306.370735 3312.360603 3315.908890 3326.321153 3340.987800 3360.316627 3383.206067 3392.845452 3403.194617 3413.686904 3434.805741 3464.083070 3503.679270 3554.459738 3608.766933 3644.071941 3650.154740 3631.161226 3624.982463 3631.753337 3659.238119 3720.802772 3788.954329 3879.005958 3944.739007 4011.680554 4067.937060 4094.831286 4131.223324 4202.078248 4250.152265 4293.391331 4270.945456 -9999.0 -9999.0 -9999.0 -9999.0 -9999.0 -9999.0 -9999.0 -9999.0 -9999.0 -9999.0
-9999.0 -9999.0 -9999.0 -9999.0 2507.401285 2651.482273 2746.870915 2813.910901 2945.971194 3075.802747 3180.977120 3268.254484 3338.141021 3364.277231 3366.473457 3385.324979 3385.145713 3375.538895 3364.601140 3370.734531 3376.993088 3371.395343 3354.551284 3349.291238 3354.733358 3364.391556 3364.189043 3353.143109 3336.935272 3326.083136 3316.339021 3288.253179 3258.523314 3233.302110 3223.407073 3222.441746 3223.957985 3216.960801 3226.066393 3235.931354 3252.416601 3267.750221 3291.274892 3321.134372 3335.985652 3350.507663 3358.638086 3376.453229 3404.572920 3455.572113 3516.792509 3572.930260 3606.536019 3606.381257 3577.084944 3554.576281 3541.046925 3557.321268 3585.212753 3634.526449 3723.088762 3784.864741 3829.194126 3867.162571 3903.432243 3969.155333 4064.771807 4146.596927 -9999.0 -9999.0 -9999.0 -9999.0 -9999.0 -9999.0 -9999.0 -9999.0 -9999.0 -9999.0 -9999.0 -9999.0
-9999.0 -9999.0 -9999.0 -9999.0 -9999.0 -9999.0 2483.166399 2588.939960 2652.837701 2795.569046 2942.297109 3049.711812 3133.152017 3169.826731 3205.326102 3236.609654 3237.785568 3217.304539 3195.124963 3217.953155 3238.763492 3232.712134 3200.274706 3203.016411 3211.738878 3221.021404 3220.221838 3216.520092 3194.492216 3214.875459 3222.723180 3202.980907 3180.483452 3170.620459 3161.182359 3172.826390 3174.257865 3160.701060 3159.997405 3188.809577 3210.468695 3223.463156 3244.358535 3277.557083 3309.981801 3325.560761 3326.033953 3330.023097 3365.605786 3433.141879 3503.742964 3558.524256 3589.240484 3593.493043 3562.129465 3516.733713 3489.916706 3487.822228 3510.923127 3548.800787 3608.987365 3644.192357 3653.457929 3652.467132 3663.188282 3763.595549 -9999.0 -9999.0 -9999.0 -9999.0 -9999.0 -9999.0 -9999.0 -9999.0 -9999.0 -9999.0 -9999.0 -9999.0 -9999.0 -9999.0
-9999.0 -9999.0 -9999.0 -9999.0 -9999.0 -9999.0 -9999.0 -9999.0 -9999.0 -9999.0 -9999.0 -9999.0 -9999.0 -9999.0 -9999.0 -9999.0 -9999.0 -9999.0 -9999.0 -9999.0 -9999.0 -9999.0 -9999.0 -9999.0 -9999.0 -9999.0 -9999.0 -9999.0 -9999.0 -9999.0 -9999.0 -9999.0 -9999.0 -9999.0 -9999.0 -9999.0 -9999.0 -9999.0 -9999.0 -9999.0 -9999.0 -9999.0 -9999.0 -9999.0 -9999.0 -9999.0 -9999.0 -9999.0 -9999.0 -9999.0 -9999.0 -9999.0 -9999.0 -9999.0 -9999.0 -9999.0 -9999.0 -9999.0 -9999.0 -9999.0 -9999.0 -9999.0 -9999.0 -9999.0 -9999.0 -9999.0 -9999.0 -9999.0 -9999.0 -9999.0 -9999.0 -9999.0 -9999.0 -9999.0 -9999.0 -9999.0 -9999.0 -9999.0 -9999.0 -9999.0
-9999.0 -9999.0 -9999.0 -9999.0 -9999.0 -9999.0 -9999.0 -9999.0 -9999.0 -9999.0 -9999.0 -9999.0 -9999.0 -9999.0 -9999.0 -9999.0 -9999.0 -9999.0 -9999.0 -9999.0 -9999.0 -9999.0 -9999.0 -9999.0 -9999.0 -9999.0 -9999.0 -9999.0 -9999.0 -9999.0 -9999.0 -9999.0 -9999.0 -9999.0 -9999.0 -9999.0 -9999.0 -9999.0 -9999.0 -9999.0 -9999.0 -9999.0 -9999.0 -9999.0 -9999.0 -9999.0 -9999.0 -9999.0 -9999.0 -9999.0 -9999.0 -9999.0 -9999.0 -9999.0 -9999.0 -9999.0 -9999.0 -9999.0 -9999.0 -9999.0 -9999.0 -9999.0 -9999.0 -9999.0 -9999.0 -9999.0 -9999.0 -9999.0 -9999.0 -9999.0 -9999.0 -9999.0 -9999.0 -9999.0 -9999.0 -9999.0 -9999.0 -9999.0 -9999.0 -9999.0