Borden_/Borden1m_014/output_maps/psiliqL0001N0028.asc
ncols         80
nrows         18
xllcorner     620200.000000
yllcorner     5168000.000000
cellsize      1.000000
NODATA_value  -9999.0
-9999.0 -9999.0 -9999.0 -9999.0 -9999.0 -9999.0 -9999.0 -9999.0 -9999.0 -9999.0 -9999.0 -9999.0 -9999.0 -9999.0 -9999.0 -9999.0 -9999.0 -9999.0 -9999.0 -9999.0 -9999.0 -9999.0 -9999.0 -9999.0 -9999.0 -9999.0 -9999.0 -9999.0 -9999.0 -9999.0 -9999.0 -9999.0 -9999.0 -9999.0 -9999.0 -9999.0 -9999.0 -9999.0 -9999.0 -9999.0 -9999.0 -9999.0 -9999.0 -9999.0 -9999.0 -9999.0 -9999.0 -9999.0 -9999.0 -9999.0 -9999.0 -9999.0 -9999.0 -9999.0 -9999.0 -9999.0 -9999.0 -9999.0 -9999.0 -9999.0 -9999.0 -9999.0 -9999.0 -9999.0 -9999.0 -9999.0 -9999.0 -9999.0 -9999.0 -9999.0 -9999.0 -9999.0 -9999.0 -9999.0 -9999.0 -9999.0 -9999.0 -9999.0 -9999.0 -9999.0
-9999.0 -9999.0 -9999.0 -9999.0 -9999.0 -9999.0 -9999.0 -9999.0 -9999.0 -9999.0 -9999.0 -9999.0 -9999.0 -9999.0 -9999.0 -9999.0 -9999.0 -9999.0 -9999.0 -9999.0 -9999.0 -9999.0 -9999.0 -9999.0 -9999.0 -9999.0 -9999.0 -9999.0 -9999.0 -9999.0 -9999.0 -9999.0 -9999.0 -9999.0 -9999.0 -9999.0 -9999.0 -9999.0 -9999.0 -9999.0 -9999.0 -9999.0 -9999.0 -9999.0 -9999.0 -9999.0 -9999.0 -9999.0 -9999.0 -9999.0 -9999.0 -9999.0 -9999.0 -9999.0 -9999.0 -9999.0 -9999.0 -9999.0 -9999.0 -9999.0 -9999.0 -9999.0 -9999.0 -9999.0 -9999.0 -9999.0 -9999.0 -9999.0 -9999.0 -9999.0 -9999.0 -9999.0 -9999.0 -9999.0 -9999.0 -9999.0 -9999.0 -9999.0 -9999.0 -9999.0
-9999.0 -9999.0 -9999.0 -9999.0 -9999.0 -9999.0 -9999.0 -9999.0 -9999.0 -9999.0 -9999.0 -9999.0 -9999.0 -9999.0 -9999.0 -9999.0 -9999.0 -9999.0 -9999.0 -9999.0 -590.032850 -589.135260 -591.052032 -593.206050 -595.015465 -595.247187 -593.217209 -590.871045 -588.151357 -587.587385 -589.800233 -589.270911 -590.150067 -590.618811 -590.647214 -590.046041 -589.771059 -588.882988 -588.315669 -588.567709 -589.235269 -589.714926 -590.181298 -590.030783 -589.275922 -590.275152 -588.773288 -587.280307 -586.739399 -586.759708 -588.802208 -589.651508 -589.951161 -591.658238 -588.563052 -587.642003 -585.317419 -585.089249 -584.651412 -587.268556 -589.813882 -9999.0 -9999.0 -9999.0 -9999.0 -9999.0 -9999.0 -9999.0 -9999.0 -9999.0 -9999.0 -9999.0 -9999.0 -9999.0 -9999.0 -9999.0 -9999.0 -9999.0 -9999.0 -9999.0
-9999.0 -9999.0 -9999.0 -9999.0 -9999.0 -9999.0 -9999.0 -9999.0 -9999.0 -9999.0 -9999.0 -9999.0 -9999.0 -9999.0 -593.494071 -594.528456 -595.008998 -595.316074 -593.498184 -592.079230 -592.033182 -593.109393 -592.229135 -594.293150 -596.099696 -594.993479 -593.438502 -592.159339 -590.004545 -588.312692 -589.879630 -590.263766 -589.407809 -586.359102 -584.972243 -585.602420 -589.149652 -585.848068 -584.126429 -582.984010 -583.125643 -584.746039 -582.443012 -579.757874 -581.124592 -583.951741 -583.409005 -581.854349 -579.207488 -580.627957 -589.357361 -590.280984 -589.833230 -589.663984 -590.810700 -591.655505 -588.539402 -588.974622 -589.490983 -590.042711 -591.840355 -594.737564 -596.020108 -593.016785 -590.303233 -584.623385 -9999.0 -9999.0 -9999.0 -9999.0 -9999.0 -9999.0 -9999.0 -9999.0 -9999.0 -9999.0 -9999.0 -9999.0 -9999.0 -9999.0
-9999.0 -9999.0 -9999.0 -9999.0 -9999.0 -9999.0 -9999.0 -9999.0 -9999.0 -595.130345 -595.435976 -595.160486 -595.850353 -594.966064 -596.469360 -596.128280 -596.386073 -595.162386 -594.163975 -592.413404 -590.037248 -591.802505 -592.025996 -590.730931 -590.501228 -589.990769 -588.935877 -584.943175 -580.223119 -572.659622 -579.034876 -579.295930 -575.820206 -562.413291 -549.447842 -545.086297 -552.267762 -552.389849 -543.705965 -532.519413 -532.180451 -533.187452 -520.310247 -511.836971 -505.448261 -518.641455 -530.941247 -532.857451 -517.307865 -543.024101 -562.516263 -577.206353 -576.369718 -581.219159 -586.390434 -588.301013 -589.018607 -585.377046 -586.778583 -590.081858 -592.731211 -591.872243 -593.345791 -591.923491 -590.918542 -586.623411 -582.685558 -578.778194 -578.577625 -581.079268 -9999.0 -9999.0 -9999.0 -9999.0 -9999.0 -9999.0 -9999.0 -9999.0 -9999.0 -9999.0
-9999.0 -9999.0 -9999.0 -9999.0 -9999.0 -9999.0 -596.857463 -597.002522 -596.454862 -598.286150 -597.036283 -597.938035 -597.004048 -596.602641 -596.014077 -595.991616 -594.397361 -593.007862 -590.593865 -587.312141 -584.196815 -585.812072 -584.988578 -580.377031 -570.866181 -561.580212 -555.616737 -544.347799 -499.007901 -443.663779 -417.952890 -404.788123 -388.589956 -361.560601 -308.726739 -245.802027 -312.445911 -332.421295 -317.373503 -275.696333 -186.554144 -185.643974 -180.725396 -173.780176 -147.808649 -152.236114 -269.627143 -300.026947 -309.235740 -317.566191 -354.921152 -394.454591 -460.121601 -513.309009 -550.100452 -566.525812 -569.482912 -567.142201 -573.554918 -581.699523 -586.417486 -586.446272 -587.351173 -589.065325 -588.309388 -586.585493 -583.852181 -582.127239 -583.447473 -585.225132 -586.555056 -589.380518 -588.936766 -586.189552 -9999.0 -9999.0 -9999.0 -9999.0 -9999.0 -9999.0
-9999.0 -9999.0 -9999.0 -9999.0 -599.641686 -598.814650 -601.304656 -599.927645 -598.861451 -598.069885 -598.083631 -596.613370 -596.221329 -595.178047 -592.887394 -591.034705 -587.727097 -585.209817 -577.966806 -561.792721 -544.717762 -533.178272 -525.337296 -461.955003 -386.634695 -351.314223 -338.859158 -316.710403 -268.979680 -140.858699 -115.456775 -108.085629 -127.400498 -65.584545 -46.313539 5.030192 -31.068578 -19.384397 -18.213575 -10.680087 12.159438 12.658233 13.313289 13.405535 15.441842 17.361087 -1.754779 -31.636231 -42.582089 -49.977333 -107.469698 -126.260457 -236.382224 -276.069909 -300.743326 -336.691917 -384.996859 -410.231062 -489.540757 -530.609206 -556.765017 -565.238022 -572.950620 -576.775569 -581.706947 -580.892918 -579.594450 -582.062634 -585.184474 -588.102870 -588.454597 -589.707730 -591.104209 -587.581942 -586.332295 -582.425958 -9999.0 -9999.0 -9999.0 -9999.0
-9999.0 -9999.0 -599.740962 -599.680629 -597.444347 -598.855221 -599.649682 -600.852472 -600.390208 -598.238561 -594.026794 -592.174990 -589.218419 -587.662283 -580.630139 -561.556754 -535.797678 -509.617379 -434.174289 -374.931898 -331.044697 -291.427392 -200.848907 -162.093235 -148.701740 -69.768655 -51.912268 -29.419954 -8.153396 17.155936 41.974945 58.297591 59.737998 58.134399 54.091396 54.611272 51.160369 48.680088 31.904058 30.073005 36.671592 39.165445 42.037038 30.355572 26.423320 38.892060 40.603412 41.232571 43.989566 51.077195 62.379277 33.912173 -18.007402 -28.870705 -69.401662 -68.445354 -127.797410 -229.997326 -261.352431 -300.858451 -363.789284 -398.116887 -466.261509 -522.106807 -548.936210 -560.131605 -570.638399 -576.880718 -582.394004 -587.322503 -588.797802 -589.676191 -589.002000 -589.495947 -587.620331 -586.190018 -584.048435 -583.235874 -9999.0 -9999.0
-9999.0 -600.302492 -601.091320 -597.081920 -596.460265 -595.635936 -594.397699 -593.339074 -592.261066 -593.933474 -582.275975 -557.306203 -527.746107 -513.732483 -449.598262 -354.412432 -195.914257 -163.639745 -164.150713 -98.715493 -53.889702 -14.827828 7.844704 40.679546 61.967167 59.379171 53.795510 54.576515 44.837263 38.242573 28.276832 35.126763 34.791911 20.434182 8.337274 8.082809 5.352133 -17.429957 -42.865165 -54.168219 -49.287733 -28.142423 -38.645753 -58.095485 -62.132176 -42.626755 -27.957556 -36.421195 -47.920366 -66.047336 -3.989338 13.234212 29.617431 42.879922 63.049336 41.105554 9.224865 -25.656191 -75.227588 -62.584908 -173.652955 -237.883526 -290.664543 -348.969801 -393.773902 -472.235193 -531.006377 -554.537051 -570.335989 -575.964010 -579.390800 -586.248230 -588.009631 -586.583355 -587.487243 -587.591152 -586.748080 -586.091466 -9999.0 -9999.0
-9999.0 -603.895339 -600.257226 -595.989998 -590.551730 -589.679996 -569.400433 -548.567195 -540.342682 -551.753387 -484.221953 -189.983886 -129.646743 -129.667207 -78.892939 -12.446718 27.693843 49.262833 60.709161 53.797689 45.883972 49.023622 43.327127 34.898147 21.252858 15.633368 14.758343 13.622758 -2.995763 -18.815902 -33.741839 -34.985529 -46.693849 -79.317715 -110.588466 -121.970321 -148.241821 -216.229473 -259.461411 -288.644347 -301.587703 -282.145600 -292.579116 -310.571783 -314.042533 -290.685216 -257.057121 -262.797118 -257.134358 -233.665291 -188.434525 -98.146319 -78.863951 -54.659207 -23.283192 13.851687 31.817861 51.471676 57.049337 33.013017 -3.393416 -47.598218 -73.603250 -187.331221 -260.237033 -334.552666 -377.643443 -409.983467 -492.686937 -529.935799 -551.268079 -567.331776 -578.068432 -580.453685 -585.419025 -586.225669 -9999.0 -9999.0 -9999.0 -9999.0
-9999.0 -603.819755 -600.189541 -591.895992 -570.582104 -532.887797 -388.162680 -267.061981 -89.057679 -144.609112 -20.108340 48.425865 56.311355 39.457363 13.231920 9.531114 18.744587 20.490529 15.375780 7.765233 -2.510360 -4.323336 -7.196414 -45.162887 -26.353762 -38.555373 -49.725880 -58.975725 -151.830657 -188.615583 -216.146778 -232.744961 -266.518466 -343.305256 -369.875276 -387.804660 -453.052163 -471.093073 -488.249641 -515.245984 -525.862383 -532.112326 -523.606536 -525.880151 -526.687216 -521.125638 -505.246243 -489.837493 -434.844080 -394.548251 -368.240181 -327.019258 -295.241318 -251.013718 -198.676808 -91.727916 -65.197753 -39.381964 -1.364472 33.789318 54.236216 46.499622 19.284283 -14.372471 -69.685983 -190.573335 -241.289419 -304.482023 -353.937599 -386.079637 -409.549533 -473.646725 -534.321103 -564.827804 -572.218861 -9999.0 -9999.0 -9999.0 -9999.0 -9999.0
-9999.0 -608.487666 -599.609628 -592.738561 -553.372407 -375.437175 -290.630947 -15.899701 34.274483 -33.252716 -149.715931 -62.926687 -30.266367 -30.548228 -54.992623 -64.486341 -69.672184 -70.717131 -59.490889 -87.373357 -168.832592 -187.144481 -189.944028 -202.888500 -225.668370 -245.305899 -260.256117 -281.560480 -331.617131 -365.263225 -409.844315 -446.370440 -519.821608 -549.892801 -562.824302 -573.292313 -582.482085 -582.316306 -579.519322 -582.050764 -584.689832 -587.435741 -584.156799 -582.649968 -581.177719 -582.980452 -582.454084 -577.787165 -569.609927 -560.034654 -543.743207 -515.702807 -467.690904 -398.226180 -375.620369 -334.608670 -292.350621 -244.216376 -169.296426 -45.873729 -19.627670 9.259154 44.485133 63.199328 25.564318 -9.069102 -62.132960 -181.119883 -273.581197 -310.858579 -329.213052 -353.322283 -387.978954 -9999.0 -9999.0 -9999.0 -9999.0 -9999.0 -9999.0 -9999.0
-9999.0 -611.505669 -601.738250 -599.808865 -587.432892 -557.734729 -487.038792 -370.947154 -199.748502 -330.906914 -345.103806 -324.616466 -299.106251 -278.763267 -300.777279 -329.478001 -347.888745 -344.445431 -342.762802 -359.845926 -379.731899 -387.910325 -388.592670 -396.966052 -434.328559 -460.576112 -475.977247 -500.624672 -526.686997 -548.735044 -571.662309 -581.422781 -587.928151 -590.179207 -591.792338 -593.470167 -596.666883 -594.957154 -593.612179 -593.982076 -595.015808 -595.803811 -593.465806 -592.660991 -591.914052 -594.087713 -592.593016 -591.221583 -588.094099 -584.814066 -579.954031 -572.405835 -561.947063 -553.434364 -546.423660 -531.945865 -500.975396 -418.027119 -356.893360 -267.815938 -194.307056 -97.456017 -49.382117 -50.442778 1.492542 10.554053 19.533808 -3.501200 -245.978675 -274.265356 -279.210409 -9999.0 -9999.0 -9999.0 -9999.0 -9999.0 -9999.0 -9999.0 -9999.0 -9999.0
-9999.0 -9999.0 -613.256692 -609.079459 -605.161301 -601.367864 -596.043696 -588.821960 -583.242933 -575.491494 -562.903557 -546.764815 -534.523849 -528.105421 -536.633762 -551.615396 -559.363034 -558.808967 -560.769412 -564.671632 -571.254720 -573.656469 -575.197739 -576.428739 -579.048715 -580.149667 -580.607942 -581.554100 -583.606513 -588.024243 -591.824599 -594.339968 -597.079291 -596.979280 -597.427149 -598.393614 -597.676974 -597.850177 -597.591123 -597.743531 -597.562046 -597.153408 -596.628055 -595.919634 -595.893672 -595.714993 -595.447823 -594.641316 -593.392153 -591.737853 -588.448045 -583.459080 -579.466958 -578.447535 -580.494822 -579.764390 -576.701867 -569.024284 -540.596842 -463.570787 -378.207656 -320.486636 -250.217419 -202.100409 -179.956088 -104.676609 -47.060748 -187.901078 -316.995889 -304.847190 -9999.0 -9999.0 -9999.0 -9999.0 -9999.0 -9999.0 -9999.0 -9999.0 -9999.0 -9999.0
-9999.0 -9999.0 -9999.0 -9999.0 -614.569050 -609.043970 -604.049873 -604.495799 -600.923807 -598.837258 -596.799374 -594.255891 -592.164431 -590.717984 -592.644576 -593.221232 -593.643765 -593.326630 -593.695399 -594.245702 -594.550137 -594.856450 -595.104381 -595.532293 -595.402627 -595.040285 -594.937368 -595.649396 -595.641111 -597.073974 -597.324325 -598.130326 -598.914523 -599.800079 -599.630141 -599.759416 -599.377392 -599.780221 -599.144897 -599.550618 -599.087361 -598.877275 -598.297501 -597.359010 -597.746043 -597.200386 -597.169518 -596.429162 -596.142442 -594.167026 -590.882955 -586.960716 -584.208588 -584.317037 -587.810286 -589.206276 -589.972796 -587.728779 -583.724487 -574.648865 -547.893736 -507.531833 -415.787984 -376.992354 -352.900583 -310.769262 -266.441677 -255.031124 -9999.0 -9999.0 -9999.0 -9999.0 -9999.0 -9999.0 -9999.0 -9999.0 -9999.0 -9999.0 -9999.0 -9999.0
-9999.0 -9999.0 -9999.0 -9999.0 -9999.0 -9999.0 -612.431610 -609.793261 -610.422075 -608.621884 -607.060147 -605.758130 -603.622038 -604.013225 -603.504728 -601.799430 -602.091377 -602.899809 -603.910081 -602.393834 -601.794530 -601.620584 -603.294653 -602.837114 -602.695578 -602.032953 -602.100846 -601.820244 -603.296418 -601.637123 -600.859474 -601.195858 -601.520301 -601.214652 -601.598139 -600.513862 -600.386252 -601.251181 -601.485982 -600.253000 -599.916569 -600.101398 -599.853333 -599.001239 -597.746304 -597.573385 -598.149003 -598.941158 -597.615314 -594.590191 -591.115821 -587.945615 -585.808959 -585.072213 -587.991673 -591.818290 -593.682941 -593.902901 -592.297984 -589.165413 -581.362034 -575.474284 -570.137326 -562.754038 -553.874650 -500.625893 -9999.0 -9999.0 -9999.0 -9999.0 -9999.0 -9999.0 -9999.0 -9999.0 -9999.0 -9999.0 -9999.0 -9999.0 -9999.0 -9999.0
-9999.0 -9999.0 -9999.0 -9999.0 -9999.0 -9999.0 -9999.0 -9999.0 -9999.0 -9999.0 -9999.0 -9999.0 -9999.0 -9999.0 -9999.0 -9999.0 -9999.0 -9999.0 -9999.0 -9999.0 -9999.0 -9999.0 -9999.0 -9999.0 -9999.0 -9999.0 -9999.0 -9999.0 -9999.0 -9999.0 -9999.0 -9999.0 -9999.0 -9999.0 -9999.0 -9999.0 -9999.0 -9999.0 -9999.0 -9999.0 -9999.0 -9999.0 -9999.0 -9999.0 -9999.0 -9999.0 -9999.0 -9999.0 -9999.0 -9999.0 -9999.0 -9999.0 -9999.0 -9999.0 -9999.0 -9999.0 -9999.0 -9999.0 -9999.0 -9999.0 -9999.0 -9999.0 -9999.0 -9999.0 -9999.0 -9999.0 -9999.0 -9999.0 -9999.0 -9999.0 -9999.0 -9999.0 -9999.0 -9999.0 -9999.0 -9999.0 -9999.0 -9999.0 -9999.0 -9999.0
-9999.0 -9999.0 -9999.0 -9999.0 -9999.0 -9999.0 -9999.0 -9999.0 -9999.0 -9999.0 -9999.0 -9999.0 -9999.0 -9999.0 -9999.0 -9999.0 -9999.0 -9999.0 -9999.0 -9999.0 -9999.0 -9999.0 -9999.0 -9999.0 -9999.0 -9999.0 -9999.0 -9999.0 -9999.0 -9999.0 -9999.0 -9999.0 -9999.0 -9999.0 -9999.0 -9999.0 -9999.0 -9999.0 -9999.0 -9999.0 -9999.0 -9999.0 -9999.0 -9999.0 -9999.0 -9999.0 -9999.0 -9999.0 -9999.0 -9999.0 -9999.0 -9999.0 -9999.0 -9999.0 -9999.0 -9999.0 -9999.0 -9999.0 -9999.0 -9999.0 -9999.0 -9999.0 -9999.0 -9999.0 -9999.0 -9999.0 -9999.0 -9999.0 -9999.0 -9999.0 -9999.0 -9999.0 -9999.0 -9999.0 -9999.0 -9999.0 -9999.0 -9999.0 -9999.0 -9999.0