Borden_/Borden1m_014/output_maps/psiliqL0010N0006.asc
ncols         80
nrows         18
xllcorner     620200.000000
yllcorner     5168000.000000
cellsize      1.000000
NODATA_value  -9999.0
-9999.0 -9999.0 -9999.0 -9999.0 -9999.0 -9999.0 -9999.0 -9999.0 -9999.0 -9999.0 -9999.0 -9999.0 -9999.0 -9999.0 -9999.0 -9999.0 -9999.0 -9999.0 -9999.0 -9999.0 -9999.0 -9999.0 -9999.0 -9999.0 -9999.0 -9999.0 -9999.0 -9999.0 -9999.0 -9999.0 -9999.0 -9999.0 -9999.0 -9999.0 -9999.0 -9999.0 -9999.0 -9999.0 -9999.0 -9999.0 -9999.0 -9999.0 -9999.0 -9999.0 -9999.0 -9999.0 -9999.0 -9999.0 -9999.0 -9999.0 -9999.0 -9999.0 -9999.0 -9999.0 -9999.0 -9999.0 -9999.0 -9999.0 -9999.0 -9999.0 -9999.0 -9999.0 -9999.0 -9999.0 -9999.0 -9999.0 -9999.0 -9999.0 -9999.0 -9999.0 -9999.0 -9999.0 -9999.0 -9999.0 -9999.0 -9999.0 -9999.0 -9999.0 -9999.0 -9999.0
-9999.0 -9999.0 -9999.0 -9999.0 -9999.0 -9999.0 -9999.0 -9999.0 -9999.0 -9999.0 -9999.0 -9999.0 -9999.0 -9999.0 -9999.0 -9999.0 -9999.0 -9999.0 -9999.0 -9999.0 -9999.0 -9999.0 -9999.0 -9999.0 -9999.0 -9999.0 -9999.0 -9999.0 -9999.0 -9999.0 -9999.0 -9999.0 -9999.0 -9999.0 -9999.0 -9999.0 -9999.0 -9999.0 -9999.0 -9999.0 -9999.0 -9999.0 -9999.0 -9999.0 -9999.0 -9999.0 -9999.0 -9999.0 -9999.0 -9999.0 -9999.0 -9999.0 -9999.0 -9999.0 -9999.0 -9999.0 -9999.0 -9999.0 -9999.0 -9999.0 -9999.0 -9999.0 -9999.0 -9999.0 -9999.0 -9999.0 -9999.0 -9999.0 -9999.0 -9999.0 -9999.0 -9999.0 -9999.0 -9999.0 -9999.0 -9999.0 -9999.0 -9999.0 -9999.0 -9999.0
-9999.0 -9999.0 -9999.0 -9999.0 -9999.0 -9999.0 -9999.0 -9999.0 -9999.0 -9999.0 -9999.0 -9999.0 -9999.0 -9999.0 -9999.0 -9999.0 -9999.0 -9999.0 -9999.0 -9999.0 130.786451 133.629351 111.051271 77.082422 48.790765 50.745692 85.585417 126.849304 165.055647 175.437986 157.452300 159.190318 154.220321 153.706842 156.657735 163.136114 166.540977 178.333400 187.502025 188.129276 182.736890 177.698093 177.210421 180.649027 185.714436 175.966127 189.294504 203.978368 209.103327 203.224450 175.562709 159.626767 151.167330 136.330301 160.797228 172.988378 195.776617 199.939754 198.478099 171.371426 141.201137 -9999.0 -9999.0 -9999.0 -9999.0 -9999.0 -9999.0 -9999.0 -9999.0 -9999.0 -9999.0 -9999.0 -9999.0 -9999.0 -9999.0 -9999.0 -9999.0 -9999.0 -9999.0 -9999.0
-9999.0 -9999.0 -9999.0 -9999.0 -9999.0 -9999.0 -9999.0 -9999.0 -9999.0 -9999.0 -9999.0 -9999.0 -9999.0 -9999.0 40.733029 30.675963 27.596922 35.903472 69.424794 99.371650 111.886157 104.351260 104.303365 80.645435 60.229635 74.256789 103.836406 135.594419 170.209571 190.711533 178.487077 175.882614 186.117385 213.067368 227.772773 225.897703 205.219552 228.460413 246.081450 257.697577 258.499602 250.792730 265.009417 281.021817 274.128361 256.631028 260.352558 271.015274 282.660784 265.980907 200.431291 179.541762 176.071421 169.531777 155.847052 148.967294 173.684700 174.247896 165.966298 147.947662 115.420428 71.175649 53.157596 91.762845 136.142509 193.977934 -9999.0 -9999.0 -9999.0 -9999.0 -9999.0 -9999.0 -9999.0 -9999.0 -9999.0 -9999.0 -9999.0 -9999.0 -9999.0 -9999.0
-9999.0 -9999.0 -9999.0 -9999.0 -9999.0 -9999.0 -9999.0 -9999.0 -9999.0 -15.829541 -12.025168 -5.031746 -3.279053 12.130610 10.082337 16.888970 24.319071 50.423291 81.258014 116.266611 145.198567 135.716067 136.195107 147.640918 153.339256 166.147379 187.839708 229.377077 271.992076 313.760050 285.377589 283.178465 302.807996 353.538013 394.885017 408.511136 386.783147 391.487123 422.412960 457.024675 461.407293 461.191300 485.442259 498.298107 501.738805 483.176509 468.233405 464.877905 483.173782 422.190703 350.755057 295.623510 297.684884 267.005934 226.099961 202.280999 197.973444 218.945099 203.637894 166.012456 129.111980 118.857730 101.924417 118.530926 141.202799 188.135459 226.786446 255.550061 255.829019 238.653092 -9999.0 -9999.0 -9999.0 -9999.0 -9999.0 -9999.0 -9999.0 -9999.0 -9999.0 -9999.0
-9999.0 -9999.0 -9999.0 -9999.0 -9999.0 -9999.0 -94.357893 -85.489094 -65.767827 -60.589607 -36.129999 -28.881416 -8.641967 10.350665 30.887254 47.473799 77.976071 110.505049 151.824060 195.872887 229.054426 226.332264 237.567176 270.547253 312.804565 345.551809 372.788649 417.674410 501.751138 545.874735 556.180504 560.871300 571.659249 627.872546 718.270059 762.084710 717.710401 693.158266 732.367184 811.708126 832.096547 835.935875 843.135536 849.335893 871.551988 865.882290 833.998903 817.584430 794.988166 736.275437 649.054484 575.761843 538.786114 491.474477 406.731137 337.500302 333.120004 347.757038 316.826813 261.972404 217.736023 205.700528 190.201836 175.877166 181.448130 200.898034 224.155486 235.816447 223.597516 203.190477 180.433378 151.864215 153.743659 179.207516 -9999.0 -9999.0 -9999.0 -9999.0 -9999.0 -9999.0
-9999.0 -9999.0 -9999.0 -9999.0 -143.906787 -131.655352 -143.731794 -120.054764 -88.167783 -54.918112 -22.918387 14.028418 40.838651 70.348299 111.490753 148.851159 193.234581 229.068377 284.430843 355.159009 412.615924 449.410747 469.203785 528.074602 590.352868 648.980703 679.417211 730.297246 808.811906 870.847252 893.221340 896.898052 910.397648 939.280774 983.668951 1018.397057 998.784638 992.515454 1005.722765 1029.610074 1056.317849 1058.375333 1059.505944 1059.845371 1061.912045 1063.201426 1046.543071 1018.383628 1000.503251 979.155214 948.555764 890.472586 860.469356 837.452982 796.570985 693.307525 600.673144 576.594335 520.179980 460.334084 383.309565 353.176851 318.631588 290.247677 259.067528 259.667381 262.846704 243.391187 212.874857 181.290719 166.615443 148.177629 138.028063 168.161715 186.025774 216.986907 -9999.0 -9999.0 -9999.0 -9999.0
-9999.0 -9999.0 -201.704912 -152.466123 -96.795659 -88.677477 -87.470590 -82.612395 -55.503296 -4.589897 73.090946 126.175249 171.001767 202.631481 262.523068 348.317056 431.860936 483.829926 542.794640 616.688083 700.762201 786.581947 818.475719 850.260196 891.954227 941.031536 964.031117 992.523135 1027.616755 1055.508366 1069.686545 1082.034564 1086.844598 1085.056460 1087.689427 1089.068920 1087.088293 1086.167315 1075.341859 1078.776217 1087.949959 1091.599264 1093.727711 1080.524049 1075.857196 1088.698434 1092.746377 1093.492638 1092.373755 1095.157305 1098.351143 1066.665824 1032.055783 1022.695625 1011.941950 960.494608 902.520676 868.745212 851.725252 799.061027 666.444364 593.043394 532.229448 470.008245 412.029114 377.206235 330.423865 289.839582 245.049006 200.240432 177.222825 159.227612 157.287489 158.115748 174.576178 190.457465 206.127974 214.078039 -9999.0 -9999.0
-9999.0 -301.490927 -229.179190 -102.508927 -24.007478 20.061921 57.445403 85.284584 111.318509 130.431016 239.690774 348.885466 441.446088 473.573108 524.524349 634.208779 776.165918 832.726929 865.052722 910.114652 964.541658 1016.818204 1043.867628 1061.333908 1088.017824 1091.607372 1091.816495 1094.679789 1091.196865 1084.309836 1075.147216 1080.497720 1076.552367 1058.664971 1045.600448 1045.464079 1044.895163 1030.473656 1013.476177 1006.777955 1011.574174 1030.244445 1019.213680 999.519972 993.516190 1013.447071 1029.775963 1022.775505 1011.174296 1022.324921 1046.861767 1062.271470 1077.231193 1093.030781 1110.681179 1083.982773 1058.211450 1028.466546 1015.931279 989.257538 928.681772 870.566029 806.340257 693.094572 604.299321 520.683194 455.043200 396.239690 331.309347 291.470205 260.399107 209.025884 186.815925 189.130718 180.647511 178.508273 185.340519 191.906042 -9999.0 -9999.0
-9999.0 -375.487740 -232.685261 -47.916424 98.211776 158.701279 274.041030 364.944342 394.088207 371.921148 486.030716 754.715141 852.601252 863.461248 918.694437 989.076323 1025.218409 1056.280494 1075.105846 1076.667801 1079.654000 1089.170551 1087.942065 1082.064474 1071.004393 1066.266942 1067.018871 1065.827534 1051.156085 1035.523803 1021.313762 1017.856613 998.282075 947.816554 914.122288 900.630619 893.142976 881.910878 859.294785 841.797601 832.129204 847.761718 837.424546 816.641990 805.007386 832.667999 863.992262 858.506769 861.475133 876.362486 907.291216 942.524031 973.893252 1002.917653 1031.116868 1064.330933 1081.153895 1103.650174 1108.674135 1087.316238 1051.534336 1010.973387 981.955337 917.345548 839.292113 718.532160 637.338617 571.605110 496.515724 443.802525 392.114742 330.586915 273.095230 248.666581 210.458617 190.661064 -9999.0 -9999.0 -9999.0 -9999.0
-9999.0 -444.673673 -254.665799 8.031101 269.829207 393.713653 612.053913 784.826984 846.046747 903.824894 914.345144 1035.774358 1065.406189 1056.861855 1043.284061 1038.827315 1048.663472 1050.861531 1047.843907 1041.884976 1038.393970 1038.943330 1040.334787 1036.747341 1030.078122 1020.715802 1011.315021 998.408476 955.347673 920.788106 889.447850 874.741837 828.308896 686.253538 622.094657 584.172299 532.276213 528.207070 521.758543 495.401345 477.830759 460.986196 478.068176 476.209588 474.882907 483.732868 503.868252 523.397805 563.403899 597.623594 644.794373 714.307691 798.433434 854.074905 896.567157 947.574871 987.313960 1016.878593 1053.612189 1085.598940 1107.109002 1099.333215 1074.596638 1040.404369 983.941432 923.446706 883.804341 817.407001 722.608047 639.598461 573.176993 495.805855 420.394013 336.795378 296.789464 -9999.0 -9999.0 -9999.0 -9999.0 -9999.0
-9999.0 -605.538266 -338.668167 -45.331342 280.441125 612.060033 751.819183 893.507899 958.930628 921.398078 927.040471 962.722547 1003.804448 1008.911486 985.759104 963.219866 943.992314 940.091223 951.411842 930.450233 909.097187 901.532099 904.284636 897.220033 881.138089 869.356616 858.236713 828.796544 735.690749 658.868018 570.122108 542.249332 466.319035 393.431080 343.076578 294.034975 243.987757 243.385919 260.222831 244.998204 223.205732 204.457235 229.394127 244.366163 255.007994 245.407432 254.445197 288.694464 335.944559 376.939160 424.982993 481.184417 535.984081 590.758502 631.093824 703.605750 803.407431 861.195639 928.957082 1004.381105 1034.508452 1062.571537 1095.656956 1114.026103 1073.304433 1037.486663 1006.043031 965.990486 896.114543 852.723505 805.660077 679.853261 580.899842 -9999.0 -9999.0 -9999.0 -9999.0 -9999.0 -9999.0 -9999.0
-9999.0 -737.451718 -509.509185 -267.258425 26.786577 260.312831 436.433634 545.746689 628.989663 651.127501 694.913093 776.172960 821.261107 840.888827 805.602398 719.312238 665.138968 661.677917 657.050656 628.624266 597.536063 582.957984 582.852109 577.285530 553.798134 539.811279 528.587358 502.177622 456.500578 396.334246 314.263775 245.879180 184.602014 148.471164 117.457953 84.364680 46.807876 57.797203 72.359278 68.251596 56.382445 52.159730 81.429603 99.641171 109.474826 96.540289 114.933810 141.374718 182.250921 222.771003 268.983731 321.764398 374.338607 404.446569 421.152201 454.378738 507.149319 570.310133 675.099710 818.990307 900.504785 948.328450 1003.255786 1036.059575 1052.158543 1078.517152 1068.986148 1007.889588 913.072534 934.655029 935.036003 -9999.0 -9999.0 -9999.0 -9999.0 -9999.0 -9999.0 -9999.0 -9999.0 -9999.0
-9999.0 -9999.0 -745.328348 -558.774387 -405.566932 -223.320714 -76.166258 27.470350 103.637119 199.692188 297.015401 382.659803 428.791785 445.208929 424.096992 374.786827 343.374295 340.952842 330.856985 317.396187 294.771264 286.719225 278.010160 271.185403 259.728320 253.460060 248.167814 236.275274 212.210997 164.636873 112.572106 60.754328 6.889417 -18.194129 -40.062546 -62.344070 -65.183356 -67.070306 -60.213759 -58.840131 -53.181074 -41.325751 -20.763321 0.522064 9.808977 16.970607 29.206634 52.378442 84.828749 125.186883 176.762727 231.480775 268.703518 279.947256 270.287056 276.657390 300.051529 345.489674 433.390329 529.975084 632.240329 726.951985 844.332324 906.230749 932.655190 970.652601 1001.966568 948.374146 629.757694 871.125924 -9999.0 -9999.0 -9999.0 -9999.0 -9999.0 -9999.0 -9999.0 -9999.0 -9999.0 -9999.0
-9999.0 -9999.0 -9999.0 -9999.0 -701.966503 -546.561672 -453.929514 -373.544528 -252.692514 -143.222300 -49.988823 27.716773 82.400099 106.109838 94.931353 89.385808 80.406395 75.624319 66.692165 62.178121 57.809487 50.596022 39.336358 32.325826 32.341186 36.405727 34.490854 21.455766 5.311785 -20.802048 -43.891677 -78.724692 -115.332247 -144.171900 -156.885056 -163.294306 -162.852268 -168.351579 -158.789287 -152.204021 -137.260229 -121.869473 -97.938417 -69.603996 -56.972667 -42.861245 -33.383410 -12.962215 16.510071 68.511411 130.021707 185.167544 218.005038 220.423749 193.462390 176.677638 172.576485 199.804615 245.913219 315.251980 417.057177 494.699604 569.172714 630.527321 692.058043 806.828849 909.249004 949.547753 -9999.0 -9999.0 -9999.0 -9999.0 -9999.0 -9999.0 -9999.0 -9999.0 -9999.0 -9999.0 -9999.0 -9999.0
-9999.0 -9999.0 -9999.0 -9999.0 -9999.0 -9999.0 -755.927974 -660.902162 -576.178837 -453.987772 -340.014972 -247.194947 -172.554478 -147.083771 -128.706863 -106.135637 -110.643513 -127.983580 -144.878826 -127.843866 -117.338296 -122.054885 -149.562277 -150.517836 -146.506045 -137.043065 -138.095243 -143.905898 -168.346595 -159.324919 -160.016457 -182.618542 -208.220194 -222.149411 -233.419377 -223.204347 -222.226520 -234.715544 -232.427499 -206.187249 -186.401542 -173.021122 -150.679618 -117.659818 -85.789823 -71.577745 -70.818045 -64.953094 -24.128841 45.298226 114.770776 167.420687 197.212247 203.359500 173.771078 131.464863 108.495281 113.513072 146.410543 197.923675 272.297584 321.164106 353.714673 378.208457 412.356357 519.757882 -9999.0 -9999.0 -9999.0 -9999.0 -9999.0 -9999.0 -9999.0 -9999.0 -9999.0 -9999.0 -9999.0 -9999.0 -9999.0 -9999.0
-9999.0 -9999.0 -9999.0 -9999.0 -9999.0 -9999.0 -9999.0 -9999.0 -9999.0 -9999.0 -9999.0 -9999.0 -9999.0 -9999.0 -9999.0 -9999.0 -9999.0 -9999.0 -9999.0 -9999.0 -9999.0 -9999.0 -9999.0 -9999.0 -9999.0 -9999.0 -9999.0 -9999.0 -9999.0 -9999.0 -9999.0 -9999.0 -9999.0 -9999.0 -9999.0 -9999.0 -9999.0 -9999.0 -9999.0 -9999.0 -9999.0 -9999.0 -9999.0 -9999.0 -9999.0 -9999.0 -9999.0 -9999.0 -9999.0 -9999.0 -9999.0 -9999.0 -9999.0 -9999.0 -9999.0 -9999.0 -9999.0 -9999.0 -9999.0 -9999.0 -9999.0 -9999.0 -9999.0 -9999.0 -9999.0 -9999.0 -9999.0 -9999.0 -9999.0 -9999.0 -9999.0 -9999.0 -9999.0 -9999.0 -9999.0 -9999.0 -9999.0 -9999.0 -9999.0 -9999.0
-9999.0 -9999.0 -9999.0 -9999.0 -9999.0 -9999.0 -9999.0 -9999.0 -9999.0 -9999.0 -9999.0 -9999.0 -9999.0 -9999.0 -9999.0 -9999.0 -9999.0 -9999.0 -9999.0 -9999.0 -9999.0 -9999.0 -9999.0 -9999.0 -9999.0 -9999.0 -9999.0 -9999.0 -9999.0 -9999.0 -9999.0 -9999.0 -9999.0 -9999.0 -9999.0 -9999.0 -9999.0 -9999.0 -9999.0 -9999.0 -9999.0 -9999.0 -9999.0 -9999.0 -9999.0 -9999.0 -9999.0 -9999.0 -9999.0 -9999.0 -9999.0 -9999.0 -9999.0 -9999.0 -9999.0 -9999.0 -9999.0 -9999.0 -9999.0 -9999.0 -9999.0 -9999.0 -9999.0 -9999.0 -9999.0 -9999.0 -9999.0 -9999.0 -9999.0 -9999.0 -9999.0 -9999.0 -9999.0 -9999.0 -9999.0 -9999.0 -9999.0 -9999.0 -9999.0 -9999.0