Borden_/Borden1m_014/output_maps/psiliqL0011N0029.asc
ncols         80
nrows         18
xllcorner     620200.000000
yllcorner     5168000.000000
cellsize      1.000000
NODATA_value  -9999.0
-9999.0 -9999.0 -9999.0 -9999.0 -9999.0 -9999.0 -9999.0 -9999.0 -9999.0 -9999.0 -9999.0 -9999.0 -9999.0 -9999.0 -9999.0 -9999.0 -9999.0 -9999.0 -9999.0 -9999.0 -9999.0 -9999.0 -9999.0 -9999.0 -9999.0 -9999.0 -9999.0 -9999.0 -9999.0 -9999.0 -9999.0 -9999.0 -9999.0 -9999.0 -9999.0 -9999.0 -9999.0 -9999.0 -9999.0 -9999.0 -9999.0 -9999.0 -9999.0 -9999.0 -9999.0 -9999.0 -9999.0 -9999.0 -9999.0 -9999.0 -9999.0 -9999.0 -9999.0 -9999.0 -9999.0 -9999.0 -9999.0 -9999.0 -9999.0 -9999.0 -9999.0 -9999.0 -9999.0 -9999.0 -9999.0 -9999.0 -9999.0 -9999.0 -9999.0 -9999.0 -9999.0 -9999.0 -9999.0 -9999.0 -9999.0 -9999.0 -9999.0 -9999.0 -9999.0 -9999.0
-9999.0 -9999.0 -9999.0 -9999.0 -9999.0 -9999.0 -9999.0 -9999.0 -9999.0 -9999.0 -9999.0 -9999.0 -9999.0 -9999.0 -9999.0 -9999.0 -9999.0 -9999.0 -9999.0 -9999.0 -9999.0 -9999.0 -9999.0 -9999.0 -9999.0 -9999.0 -9999.0 -9999.0 -9999.0 -9999.0 -9999.0 -9999.0 -9999.0 -9999.0 -9999.0 -9999.0 -9999.0 -9999.0 -9999.0 -9999.0 -9999.0 -9999.0 -9999.0 -9999.0 -9999.0 -9999.0 -9999.0 -9999.0 -9999.0 -9999.0 -9999.0 -9999.0 -9999.0 -9999.0 -9999.0 -9999.0 -9999.0 -9999.0 -9999.0 -9999.0 -9999.0 -9999.0 -9999.0 -9999.0 -9999.0 -9999.0 -9999.0 -9999.0 -9999.0 -9999.0 -9999.0 -9999.0 -9999.0 -9999.0 -9999.0 -9999.0 -9999.0 -9999.0 -9999.0 -9999.0
-9999.0 -9999.0 -9999.0 -9999.0 -9999.0 -9999.0 -9999.0 -9999.0 -9999.0 -9999.0 -9999.0 -9999.0 -9999.0 -9999.0 -9999.0 -9999.0 -9999.0 -9999.0 -9999.0 -9999.0 339.546318 342.561442 320.567428 287.262399 259.702454 262.464224 298.042011 340.119671 379.311931 390.568723 373.524415 376.297612 372.286622 372.406603 375.873300 382.838466 386.701364 398.568155 407.743528 408.282733 402.983549 398.274511 398.424087 402.004025 406.991223 396.444200 409.257357 423.647514 428.475760 421.914642 393.165011 376.024672 366.129507 349.895831 373.179586 384.349269 406.351648 409.801674 407.598981 379.938807 349.455070 -9999.0 -9999.0 -9999.0 -9999.0 -9999.0 -9999.0 -9999.0 -9999.0 -9999.0 -9999.0 -9999.0 -9999.0 -9999.0 -9999.0 -9999.0 -9999.0 -9999.0 -9999.0 -9999.0
-9999.0 -9999.0 -9999.0 -9999.0 -9999.0 -9999.0 -9999.0 -9999.0 -9999.0 -9999.0 -9999.0 -9999.0 -9999.0 -9999.0 247.585875 238.061319 235.691134 244.779865 279.078348 309.664523 322.256449 315.259797 315.932657 293.182818 273.676290 288.660732 319.294355 352.202932 388.272866 410.257992 399.510387 398.158547 409.460798 437.175938 452.200486 450.423238 430.284563 453.884925 471.174165 481.901639 482.774196 475.541902 490.568060 507.263987 500.239235 481.567877 484.041648 494.479043 506.556056 489.686976 422.833963 400.379174 394.608064 386.019128 370.593944 362.747837 386.694695 386.273555 377.074276 358.241398 325.110226 280.641443 261.950372 299.892995 343.459328 400.668664 -9999.0 -9999.0 -9999.0 -9999.0 -9999.0 -9999.0 -9999.0 -9999.0 -9999.0 -9999.0 -9999.0 -9999.0 -9999.0 -9999.0
-9999.0 -9999.0 -9999.0 -9999.0 -9999.0 -9999.0 -9999.0 -9999.0 -9999.0 188.886134 193.249004 200.890953 203.467590 219.649139 218.091336 225.745337 234.019938 261.400331 293.382322 329.397755 359.140389 350.762274 352.508391 365.218072 372.044274 386.175698 409.449077 452.891946 497.975959 542.891268 516.821701 516.525020 537.814482 588.608284 626.918064 637.165112 618.030933 624.763119 652.829521 680.541038 684.376298 685.070575 712.326479 727.346745 730.381890 708.245760 688.236930 684.391897 707.759546 651.629248 581.122610 525.042611 523.561707 488.862254 445.356501 421.292877 416.509509 436.100719 419.137046 380.015095 342.118984 330.739586 312.777461 328.502333 350.081643 395.999117 434.021216 461.929692 461.250090 443.425473 -9999.0 -9999.0 -9999.0 -9999.0 -9999.0 -9999.0 -9999.0 -9999.0 -9999.0 -9999.0
-9999.0 -9999.0 -9999.0 -9999.0 -9999.0 -9999.0 109.584992 118.975900 139.307503 144.859558 170.177506 178.290329 199.591657 219.772934 241.800731 259.786181 291.757220 326.127024 369.275874 415.172997 449.992171 448.166888 461.752883 497.968106 542.761196 576.557892 604.753599 650.053674 734.978857 784.416242 798.509319 806.029389 817.189759 864.499222 928.603362 947.539766 925.109920 909.426671 929.560037 968.818348 984.648184 989.331954 999.495637 1008.768480 1033.669279 1022.370849 974.756288 954.274611 947.707469 932.116136 873.900253 809.832920 767.424660 712.031639 622.528322 560.631609 560.519235 574.227354 539.983547 481.829785 436.168314 422.739214 405.634478 389.871699 393.861985 411.655289 433.241639 443.417188 429.796461 408.256459 384.719702 355.491596 356.878001 381.960700 -9999.0 -9999.0 -9999.0 -9999.0 -9999.0 -9999.0
-9999.0 -9999.0 -9999.0 -9999.0 59.437714 72.290823 60.757802 85.415128 118.198456 152.495433 185.627584 223.989881 252.645329 284.313822 327.571912 366.845597 413.558343 453.079314 512.565735 586.240322 643.864740 675.731433 698.487356 763.910466 828.125814 881.046721 902.495325 931.570322 978.080463 1045.464596 1075.091265 1082.746231 1100.924367 1133.068641 1177.687154 1210.990157 1194.364698 1186.986131 1192.055455 1204.040229 1230.610519 1233.580873 1236.012889 1237.804011 1240.901225 1239.269074 1213.733457 1179.360482 1164.222309 1155.568818 1128.626166 1061.295263 1012.613457 978.842103 946.318343 896.000600 828.562841 805.936057 744.172333 680.831580 608.533511 579.524261 543.504404 513.066766 478.801637 476.306463 476.366307 453.949693 420.902255 387.620761 371.779340 352.478305 341.525727 371.114207 388.508293 419.058940 -9999.0 -9999.0 -9999.0 -9999.0
-9999.0 -9999.0 0.398436 50.006564 106.652100 115.867474 118.050212 124.327608 152.961286 205.629035 285.016523 339.804863 387.305574 423.400094 488.169648 576.715836 659.947424 716.541400 780.492692 850.798335 913.622144 951.969919 978.603988 1019.837383 1071.405535 1128.734557 1154.452862 1179.645530 1210.207871 1244.029349 1262.298899 1277.345312 1284.856030 1285.026960 1288.352254 1288.953031 1284.631559 1278.629880 1260.560563 1257.652398 1265.559557 1270.346650 1272.999057 1260.255328 1256.254746 1268.816047 1271.037984 1269.924850 1269.829597 1277.621036 1283.273469 1247.437536 1201.956826 1185.732349 1175.839962 1133.415254 1070.019972 1021.152137 995.271044 951.528739 872.581787 817.758616 762.471928 705.965837 644.870081 605.482082 552.411500 505.867767 456.665663 408.950292 384.139156 364.987935 361.990007 361.759315 377.462983 392.703202 407.892955 415.597764 -9999.0 -9999.0
-9999.0 -100.423229 -27.731679 99.627758 179.717626 225.842674 264.230098 292.789672 321.540975 344.415462 456.686070 562.437586 661.016850 701.367779 758.811657 859.925308 959.002406 1005.661211 1042.108519 1094.325189 1150.611274 1196.431485 1226.269848 1247.885227 1278.580584 1285.379872 1286.575954 1288.234109 1282.981067 1275.872366 1267.031958 1273.624499 1270.717062 1253.048136 1238.098782 1235.069898 1228.300155 1202.056949 1173.287066 1158.576867 1161.579292 1183.324178 1172.421618 1152.405834 1148.831340 1169.357273 1187.308931 1179.344918 1168.104932 1187.151126 1221.618469 1243.175785 1256.308778 1271.908643 1292.084167 1267.988667 1237.001732 1195.220484 1174.614754 1144.746599 1083.246395 1019.994370 964.214209 900.855449 832.073732 758.627956 688.377060 620.223088 548.422759 504.208659 470.387415 417.486927 393.857584 394.260137 384.421669 381.218400 387.207112 393.443180 -9999.0 -9999.0
-9999.0 -175.810290 -32.552243 153.396098 302.524742 366.809467 482.190801 569.504265 603.038793 581.883652 699.575910 924.774654 1018.858304 1034.682914 1102.806550 1184.814460 1215.746537 1246.524144 1266.777124 1270.551295 1273.655147 1281.226999 1279.837879 1274.042188 1260.136317 1252.437937 1251.081497 1247.288127 1227.981766 1207.724447 1190.052577 1185.164374 1167.780927 1127.209915 1095.373690 1078.517034 1061.239244 1034.571861 997.629353 969.550616 955.142946 972.217618 963.774126 946.431312 942.879918 966.017322 999.336187 995.323765 1002.754957 1026.325522 1068.164976 1111.239418 1135.290738 1165.548172 1202.215998 1245.514463 1263.121548 1283.789593 1288.411154 1266.758619 1223.119282 1171.716623 1135.956162 1069.318346 994.361917 913.758463 848.059900 784.592701 711.946848 659.659130 606.856832 545.300114 485.608015 456.657287 415.500938 394.171712 -9999.0 -9999.0 -9999.0 -9999.0
-9999.0 -247.254390 -56.773941 206.901226 476.416549 605.107230 811.314134 944.737508 1012.034323 1071.081241 1082.751577 1208.012693 1239.408404 1233.102364 1224.367158 1227.247924 1242.264451 1246.464188 1243.176169 1233.426834 1223.674522 1219.333154 1218.019027 1210.492477 1197.918521 1182.538562 1168.807714 1153.860650 1111.163573 1076.122926 1041.909265 1025.622017 987.782892 897.633024 854.966821 821.128935 764.927268 753.716783 741.475365 709.828336 688.493368 669.990463 689.861767 691.665327 693.388078 700.687778 721.920657 745.177470 790.149263 828.003228 873.445010 927.428415 963.223882 1008.221919 1057.276796 1117.177684 1150.436990 1181.062737 1227.610969 1267.390774 1290.041799 1279.886399 1249.953964 1204.271985 1132.819682 1060.674505 1007.933760 932.972418 866.716446 814.189816 769.817602 717.069829 645.659663 549.634809 504.055910 -9999.0 -9999.0 -9999.0 -9999.0 -9999.0
-9999.0 -412.656631 -144.221956 150.084968 477.865883 804.369940 926.460438 1072.661337 1146.792433 1098.764676 1090.285737 1116.122107 1157.431437 1164.750276 1145.612750 1138.540191 1129.550595 1129.939096 1142.619042 1115.944271 1083.101051 1068.472853 1067.250567 1054.837406 1031.209945 1012.758182 998.528465 976.484727 925.699625 874.808902 796.359398 766.740690 688.457778 620.998629 571.820505 520.947649 467.770534 464.126392 478.646663 461.373033 438.050842 418.961929 444.856254 461.303870 473.015714 463.466594 473.739235 510.594712 561.911793 608.484560 663.240863 724.116975 774.891554 827.234296 862.736201 916.756198 965.608861 1014.015259 1088.998601 1169.766987 1206.260633 1240.887981 1274.736137 1288.779812 1237.174620 1183.559485 1127.605617 1057.071730 966.846376 921.833010 900.372965 866.019707 812.232578 -9999.0 -9999.0 -9999.0 -9999.0 -9999.0 -9999.0 -9999.0
-9999.0 -543.977977 -316.754386 -75.141950 220.690418 462.231087 653.701168 771.551138 855.375187 865.352758 885.246480 916.442008 948.059985 970.642233 948.956995 912.468332 885.845564 889.889363 887.703688 863.374529 833.190528 817.942575 815.749766 807.654650 780.866706 763.489890 750.136821 724.205868 684.008070 623.327123 538.705125 466.394386 402.267762 365.527760 333.776670 299.717758 261.291062 270.949176 284.201968 279.451127 267.358993 263.236226 292.606376 311.256583 321.453199 309.192830 328.322273 355.837833 398.537153 442.159346 492.546434 549.995249 606.605779 640.563683 659.984829 693.568243 740.641630 800.964480 889.506552 986.396353 1063.309637 1115.326033 1165.890377 1198.330587 1209.764815 1222.978602 1193.688181 1101.107222 964.142199 964.724523 969.064242 -9999.0 -9999.0 -9999.0 -9999.0 -9999.0 -9999.0 -9999.0 -9999.0 -9999.0
-9999.0 -9999.0 -553.380977 -367.115236 -214.531152 -29.138118 123.726338 234.265707 315.987961 413.836375 509.013588 588.653710 633.206735 651.467920 634.263507 595.113903 570.060314 569.798740 560.014186 546.761104 523.491346 514.196232 503.723684 495.072720 481.941959 473.991649 467.211822 454.158435 429.383992 380.207638 327.121921 273.947954 218.768429 192.551238 169.932301 147.189279 143.998513 141.285279 147.546527 148.666133 154.347994 166.259050 186.798911 208.356849 217.926786 225.636832 238.340864 262.273988 295.779520 337.715781 391.345032 448.726763 488.721738 502.530384 495.006079 503.424242 528.743841 577.857524 669.933293 764.695273 861.669374 934.471140 1006.570732 1057.509476 1073.612793 1091.709600 1100.937780 1015.502799 669.240123 885.351842 -9999.0 -9999.0 -9999.0 -9999.0 -9999.0 -9999.0 -9999.0 -9999.0 -9999.0 -9999.0
-9999.0 -9999.0 -9999.0 -9999.0 -511.181707 -353.468111 -257.969520 -174.037609 -49.908837 62.698007 157.379629 236.140030 292.309670 317.074349 307.943115 305.363763 298.015797 293.452415 284.416234 280.122235 275.625518 267.634978 255.120399 247.219133 246.489193 249.850262 247.046516 233.105104 215.829445 189.340047 165.795736 130.309263 93.166104 63.677834 50.363290 43.638950 43.617676 37.626584 46.861687 53.448620 68.367353 83.720986 107.654769 136.155419 149.093413 163.483434 173.288141 194.157712 224.436161 277.522141 340.270577 396.979607 431.604775 435.611070 410.219834 395.063375 392.882560 423.002265 473.307786 548.014065 657.324151 739.350590 805.726866 853.958470 886.848290 931.764213 974.874011 993.193815 -9999.0 -9999.0 -9999.0 -9999.0 -9999.0 -9999.0 -9999.0 -9999.0 -9999.0 -9999.0 -9999.0 -9999.0
-9999.0 -9999.0 -9999.0 -9999.0 -9999.0 -9999.0 -563.655026 -466.138444 -379.865301 -252.478912 -133.714762 -39.058718 37.087140 64.166452 84.186403 107.615553 103.818848 86.524646 69.284226 86.266416 96.865920 91.543284 63.255174 61.879386 65.527874 74.304070 72.574759 66.105907 40.961338 49.686910 48.543281 25.186321 -1.085214 -15.488588 -27.214214 -17.404214 -16.775789 -29.601483 -27.690986 -1.438282 18.417737 31.802333 54.141615 87.280710 119.315814 133.833170 134.931485 141.183860 182.347288 252.606170 323.157306 377.038941 408.168226 415.533869 387.213367 346.417350 325.328622 332.591829 368.375196 423.798700 503.785910 557.982251 592.034391 614.533466 642.603406 739.504849 -9999.0 -9999.0 -9999.0 -9999.0 -9999.0 -9999.0 -9999.0 -9999.0 -9999.0 -9999.0 -9999.0 -9999.0 -9999.0 -9999.0
-9999.0 -9999.0 -9999.0 -9999.0 -9999.0 -9999.0 -9999.0 -9999.0 -9999.0 -9999.0 -9999.0 -9999.0 -9999.0 -9999.0 -9999.0 -9999.0 -9999.0 -9999.0 -9999.0 -9999.0 -9999.0 -9999.0 -9999.0 -9999.0 -9999.0 -9999.0 -9999.0 -9999.0 -9999.0 -9999.0 -9999.0 -9999.0 -9999.0 -9999.0 -9999.0 -9999.0 -9999.0 -9999.0 -9999.0 -9999.0 -9999.0 -9999.0 -9999.0 -9999.0 -9999.0 -9999.0 -9999.0 -9999.0 -9999.0 -9999.0 -9999.0 -9999.0 -9999.0 -9999.0 -9999.0 -9999.0 -9999.0 -9999.0 -9999.0 -9999.0 -9999.0 -9999.0 -9999.0 -9999.0 -9999.0 -9999.0 -9999.0 -9999.0 -9999.0 -9999.0 -9999.0 -9999.0 -9999.0 -9999.0 -9999.0 -9999.0 -9999.0 -9999.0 -9999.0 -9999.0
-9999.0 -9999.0 -9999.0 -9999.0 -9999.0 -9999.0 -9999.0 -9999.0 -9999.0 -9999.0 -9999.0 -9999.0 -9999.0 -9999.0 -9999.0 -9999.0 -9999.0 -9999.0 -9999.0 -9999.0 -9999.0 -9999.0 -9999.0 -9999.0 -9999.0 -9999.0 -9999.0 -9999.0 -9999.0 -9999.0 -9999.0 -9999.0 -9999.0 -9999.0 -9999.0 -9999.0 -9999.0 -9999.0 -9999.0 -9999.0 -9999.0 -9999.0 -9999.0 -9999.0 -9999.0 -9999.0 -9999.0 -9999.0 -9999.0 -9999.0 -9999.0 -9999.0 -9999.0 -9999.0 -9999.0 -9999.0 -9999.0 -9999.0 -9999.0 -9999.0 -9999.0 -9999.0 -9999.0 -9999.0 -9999.0 -9999.0 -9999.0 -9999.0 -9999.0 -9999.0 -9999.0 -9999.0 -9999.0 -9999.0 -9999.0 -9999.0 -9999.0 -9999.0 -9999.0 -9999.0