Borden_/Borden1m_014/output_maps/psiliqL0000N0018.asc
ncols         80
nrows         18
xllcorner     620200.000000
yllcorner     5168000.000000
cellsize      1.000000
NODATA_value  -9999.0
-9999.0 -9999.0 -9999.0 -9999.0 -9999.0 -9999.0 -9999.0 -9999.0 -9999.0 -9999.0 -9999.0 -9999.0 -9999.0 -9999.0 -9999.0 -9999.0 -9999.0 -9999.0 -9999.0 -9999.0 -9999.0 -9999.0 -9999.0 -9999.0 -9999.0 -9999.0 -9999.0 -9999.0 -9999.0 -9999.0 -9999.0 -9999.0 -9999.0 -9999.0 -9999.0 -9999.0 -9999.0 -9999.0 -9999.0 -9999.0 -9999.0 -9999.0 -9999.0 -9999.0 -9999.0 -9999.0 -9999.0 -9999.0 -9999.0 -9999.0 -9999.0 -9999.0 -9999.0 -9999.0 -9999.0 -9999.0 -9999.0 -9999.0 -9999.0 -9999.0 -9999.0 -9999.0 -9999.0 -9999.0 -9999.0 -9999.0 -9999.0 -9999.0 -9999.0 -9999.0 -9999.0 -9999.0 -9999.0 -9999.0 -9999.0 -9999.0 -9999.0 -9999.0 -9999.0 -9999.0
-9999.0 -9999.0 -9999.0 -9999.0 -9999.0 -9999.0 -9999.0 -9999.0 -9999.0 -9999.0 -9999.0 -9999.0 -9999.0 -9999.0 -9999.0 -9999.0 -9999.0 -9999.0 -9999.0 -9999.0 -9999.0 -9999.0 -9999.0 -9999.0 -9999.0 -9999.0 -9999.0 -9999.0 -9999.0 -9999.0 -9999.0 -9999.0 -9999.0 -9999.0 -9999.0 -9999.0 -9999.0 -9999.0 -9999.0 -9999.0 -9999.0 -9999.0 -9999.0 -9999.0 -9999.0 -9999.0 -9999.0 -9999.0 -9999.0 -9999.0 -9999.0 -9999.0 -9999.0 -9999.0 -9999.0 -9999.0 -9999.0 -9999.0 -9999.0 -9999.0 -9999.0 -9999.0 -9999.0 -9999.0 -9999.0 -9999.0 -9999.0 -9999.0 -9999.0 -9999.0 -9999.0 -9999.0 -9999.0 -9999.0 -9999.0 -9999.0 -9999.0 -9999.0 -9999.0 -9999.0
-9999.0 -9999.0 -9999.0 -9999.0 -9999.0 -9999.0 -9999.0 -9999.0 -9999.0 -9999.0 -9999.0 -9999.0 -9999.0 -9999.0 -9999.0 -9999.0 -9999.0 -9999.0 -9999.0 -9999.0 -522.464416 -521.455148 -523.224628 -525.146197 -526.857387 -527.161975 -525.305661 -523.327062 -521.009086 -520.670165 -522.822205 -522.173403 -523.083237 -523.687749 -523.828673 -523.239399 -522.934130 -522.220039 -521.817523 -522.134866 -522.753539 -523.143071 -523.627950 -523.574083 -522.794843 -523.806314 -522.384337 -521.101887 -520.722168 -520.540394 -522.074580 -522.609105 -522.763768 -524.500566 -521.387522 -520.686787 -518.663369 -518.575690 -518.019459 -520.275904 -522.498084 -9999.0 -9999.0 -9999.0 -9999.0 -9999.0 -9999.0 -9999.0 -9999.0 -9999.0 -9999.0 -9999.0 -9999.0 -9999.0 -9999.0 -9999.0 -9999.0 -9999.0 -9999.0 -9999.0
-9999.0 -9999.0 -9999.0 -9999.0 -9999.0 -9999.0 -9999.0 -9999.0 -9999.0 -9999.0 -9999.0 -9999.0 -9999.0 -9999.0 -524.899531 -525.995328 -526.531166 -527.032926 -525.366560 -524.206642 -524.437856 -525.573743 -524.480963 -526.523683 -528.382056 -527.276422 -525.937402 -525.097564 -523.407495 -522.023191 -523.475090 -523.837310 -523.150400 -520.474362 -519.449271 -520.104533 -523.555426 -520.375492 -519.028257 -518.151065 -518.271287 -519.844995 -517.811415 -515.433756 -516.753692 -519.279991 -518.687389 -517.362029 -515.026172 -515.831897 -523.604059 -523.958298 -523.353119 -522.946925 -523.989989 -524.839896 -521.750123 -522.365492 -522.750241 -522.903085 -524.297612 -526.946331 -528.222582 -525.254945 -523.012982 -517.965116 -9999.0 -9999.0 -9999.0 -9999.0 -9999.0 -9999.0 -9999.0 -9999.0 -9999.0 -9999.0 -9999.0 -9999.0 -9999.0 -9999.0
-9999.0 -9999.0 -9999.0 -9999.0 -9999.0 -9999.0 -9999.0 -9999.0 -9999.0 -526.158399 -526.553401 -526.296604 -527.149139 -526.264484 -528.084847 -527.754057 -528.199044 -527.075396 -526.399293 -524.995797 -522.815415 -524.684215 -524.956959 -523.744993 -523.739084 -523.513223 -522.878293 -519.571883 -516.011461 -509.549819 -515.519119 -515.728522 -512.576759 -499.800709 -489.264838 -486.508558 -491.694596 -491.801216 -485.132413 -477.134967 -477.936594 -478.849650 -470.088010 -465.138029 -461.260165 -469.251460 -476.473988 -477.714009 -466.444770 -484.605211 -499.836468 -513.694271 -512.737028 -516.711847 -520.936130 -522.293725 -523.078451 -519.548949 -520.666577 -523.428793 -525.658149 -524.416085 -525.868852 -524.478322 -523.854704 -520.132715 -516.938101 -513.665758 -513.503504 -515.668128 -9999.0 -9999.0 -9999.0 -9999.0 -9999.0 -9999.0 -9999.0 -9999.0 -9999.0 -9999.0
-9999.0 -9999.0 -9999.0 -9999.0 -9999.0 -9999.0 -527.520110 -527.754299 -527.244191 -529.548007 -528.238957 -529.427264 -528.521981 -528.278251 -527.819942 -528.068741 -526.681482 -525.647291 -523.763995 -521.191179 -518.700626 -520.541681 -519.979084 -516.206129 -506.996968 -498.624640 -494.024576 -485.768793 -456.681405 -423.391982 -398.087333 -378.423615 -311.406939 -294.132399 -266.793800 -209.762872 -269.633738 -279.458386 -272.494621 -252.849672 -185.731971 -185.502617 -180.880851 -174.078108 -148.273030 -152.487692 -247.230685 -263.958670 -266.543667 -268.532131 -288.850920 -315.047161 -434.622834 -464.840416 -490.185780 -503.332535 -506.161703 -505.320342 -510.463124 -517.109135 -520.824718 -520.447034 -521.034410 -522.626847 -521.860033 -520.487349 -518.193462 -516.662568 -517.744803 -519.073909 -519.823727 -522.364902 -521.880549 -519.372414 -9999.0 -9999.0 -9999.0 -9999.0 -9999.0 -9999.0
-9999.0 -9999.0 -9999.0 -9999.0 -530.575939 -529.641484 -532.621163 -531.077161 -530.008736 -529.321493 -529.691751 -528.375909 -528.296967 -527.516338 -525.601658 -524.399135 -521.825419 -520.158850 -514.288265 -499.316899 -485.496782 -477.338270 -473.623556 -436.336646 -311.462407 -286.885530 -280.838207 -271.555750 -248.425004 -140.627769 -115.135343 -139.705327 -117.701371 -68.639259 -32.604931 2.329425 -13.636914 -49.377811 -18.531487 -11.706352 11.100542 11.266356 12.304344 12.144792 14.052869 15.881295 -2.504972 -62.325823 -43.937026 -79.546388 -67.007767 -126.949940 -223.138006 -249.587792 -259.587727 -278.663949 -307.860196 -362.685399 -452.622469 -475.798565 -495.333320 -503.013975 -510.156962 -512.978831 -517.194457 -516.238111 -514.821086 -516.852244 -519.340027 -521.706498 -521.645807 -522.628135 -524.092979 -520.694082 -519.817250 -516.345774 -9999.0 -9999.0 -9999.0 -9999.0
-9999.0 -9999.0 -530.383219 -530.611337 -528.255209 -530.061372 -531.102381 -532.618700 -532.288236 -530.201500 -526.336814 -525.307576 -523.098320 -522.220838 -516.406506 -498.997440 -479.720246 -463.894893 -411.019458 -305.482122 -279.144155 -261.544780 -196.207550 -163.503399 -143.354067 -72.813384 -80.668029 -30.266183 -8.898872 16.266298 40.904083 56.091840 60.078166 56.104705 54.267335 52.695019 51.035487 47.306792 30.974627 28.774301 35.537201 37.536075 40.748711 28.857461 25.097269 37.495058 39.488973 40.272781 42.135135 50.815820 60.633133 32.928846 -19.393553 -29.926141 -31.237860 -69.617921 -125.681082 -209.228581 -237.588633 -260.093497 -291.406607 -314.364715 -437.861990 -470.436102 -490.076308 -499.907718 -508.358221 -513.139301 -517.371008 -521.459610 -522.433429 -522.915410 -522.046246 -522.718583 -520.966647 -519.820067 -517.835158 -517.194328 -9999.0 -9999.0
-9999.0 -530.732864 -531.990839 -527.883202 -527.885881 -527.498095 -526.839494 -526.310298 -525.500184 -527.719380 -517.413577 -496.033257 -474.056956 -466.409178 -426.765007 -300.227822 -195.971382 -165.058176 -165.520958 -99.380997 -84.701252 -15.635845 7.074009 39.736641 60.947487 56.824562 53.537268 52.483305 44.042779 36.817192 26.935076 34.535494 34.148956 18.825849 7.485724 6.210908 4.036168 -20.645606 -43.277204 -55.214824 -82.625153 -29.190959 -39.059944 -59.177213 -63.012314 -43.394654 -28.884187 -66.988983 -49.314062 -48.904025 0.180407 11.689238 28.004159 41.846232 60.985409 39.908632 7.451739 -28.250437 -40.139014 -95.308782 -148.402820 -203.292844 -250.809610 -283.436842 -311.940360 -441.358354 -476.926845 -495.813592 -508.373662 -512.472741 -514.830187 -520.702907 -521.906398 -520.233361 -521.009768 -521.075008 -520.314782 -519.770454 -9999.0 -9999.0
-9999.0 -535.058789 -531.137517 -527.298025 -523.015846 -523.776584 -504.805309 -488.063924 -483.564326 -493.321792 -448.565750 -190.141724 -129.677350 -130.315682 -78.643867 -12.883974 26.905286 48.446923 60.334271 52.199073 45.663191 47.727781 42.856507 34.355887 21.534811 13.394764 14.012945 11.694270 0.019605 -20.068340 -35.470467 -34.378112 -48.384409 -80.208843 -107.219831 -119.111157 -128.649872 -209.892684 -243.269522 -259.639502 -265.450330 -251.446196 -258.838164 -269.167508 -271.287037 -258.851056 -237.200244 -241.780241 -231.361965 -200.457121 -150.597536 -97.551589 -80.005459 -55.793863 -42.586547 11.962152 30.422156 49.578424 55.621033 31.251032 0.003759 -47.853553 -74.532066 -159.710290 -217.552823 -272.331993 -297.729827 -327.400814 -453.201833 -475.098987 -491.825134 -505.614868 -514.319242 -515.587512 -519.786996 -519.849639 -9999.0 -9999.0 -9999.0 -9999.0
-9999.0 -535.012997 -531.252813 -523.603463 -505.906464 -474.463112 -307.201594 -186.682703 -74.391151 -144.000427 -20.427026 48.151306 55.068116 38.910661 12.141794 8.403236 17.487236 19.341693 15.600249 6.334510 0.821203 0.029665 0.007363 -36.154680 -26.121083 -40.041678 -50.505373 -58.548326 -130.799335 -164.990166 -193.799857 -214.913022 -241.341031 -284.389923 -297.824909 -311.766271 -432.122022 -441.100348 -450.274463 -465.920220 -472.371097 -476.820992 -470.724785 -472.441721 -473.140695 -469.614725 -460.105243 -452.693495 -410.486610 -312.053436 -293.738545 -273.891568 -255.786816 -215.502990 -173.067391 -91.764053 -66.169894 -53.253687 0.317124 32.306610 52.132746 45.238257 17.511165 -15.177511 -70.655667 -158.428608 -193.584414 -236.565053 -277.201256 -297.180142 -316.374659 -439.069913 -477.984198 -503.164594 -508.817358 -9999.0 -9999.0 -9999.0 -9999.0 -9999.0
-9999.0 -540.809500 -530.581543 -524.469857 -490.028274 -303.084046 -194.956088 0.323978 47.618995 -18.997520 -137.794053 -63.380977 -30.384340 -31.178059 -54.345532 -62.248547 -69.597831 -70.853887 -58.932782 -81.834880 -115.493824 -147.488404 -154.404569 -176.758904 -208.788769 -229.128199 -240.068341 -251.359125 -276.036756 -294.857104 -352.856361 -421.363708 -468.533174 -489.306322 -499.626830 -509.226574 -517.901259 -517.568561 -514.827242 -516.995031 -519.223296 -521.831974 -518.794903 -517.558884 -516.229261 -518.029309 -517.822888 -513.955104 -507.394967 -499.048076 -485.427978 -466.838621 -440.498136 -314.806337 -298.362142 -278.240269 -256.316211 -214.786425 -130.440370 -46.265913 -21.901418 7.641648 43.084104 61.031221 24.370983 -10.044946 -59.706473 -82.572800 -182.320246 -224.316203 -243.015813 -273.179794 -298.445121 -9999.0 -9999.0 -9999.0 -9999.0 -9999.0 -9999.0 -9999.0
-9999.0 -544.223367 -532.796839 -531.590695 -520.094975 -494.284187 -443.223152 -289.342128 -184.867918 -277.787772 -282.631790 -273.081427 -259.024307 -247.465393 -260.760302 -275.186813 -284.656885 -282.188036 -280.005383 -289.111538 -298.410987 -303.335171 -305.449374 -332.210914 -412.440860 -434.213684 -443.129765 -456.946836 -472.415115 -488.364206 -508.816513 -516.804992 -522.124335 -523.600869 -524.733726 -526.032145 -529.163463 -527.234525 -525.875965 -526.204536 -527.201203 -528.047643 -525.714230 -525.081700 -524.383829 -526.726043 -525.282179 -524.284592 -521.723302 -519.238857 -515.522684 -509.674906 -501.429899 -494.637570 -487.755386 -476.955914 -459.159653 -374.767468 -292.810101 -238.185363 -170.491469 -95.498046 -50.467042 -17.767667 1.913338 11.139223 20.396015 3.486450 -30.172926 -151.617396 -186.917824 -9999.0 -9999.0 -9999.0 -9999.0 -9999.0 -9999.0 -9999.0 -9999.0 -9999.0
-9999.0 -9999.0 -546.481054 -541.851245 -537.790157 -534.157546 -529.062185 -521.260072 -516.623836 -509.478538 -498.837153 -486.063868 -477.257279 -472.795834 -478.883121 -490.428496 -496.559473 -495.884511 -497.482490 -500.657332 -506.668688 -509.374044 -511.068230 -512.393231 -514.693089 -515.545189 -515.823841 -516.433196 -517.892049 -521.562384 -524.645596 -526.611873 -529.080683 -528.627921 -528.909642 -529.827209 -528.863417 -529.082427 -528.840360 -529.022962 -528.817192 -528.411973 -528.001163 -527.374643 -527.456402 -527.299182 -527.154119 -526.538484 -525.617609 -524.477213 -521.913684 -517.903476 -514.857561 -514.208144 -516.103996 -515.535103 -513.165118 -507.235704 -483.127022 -434.565912 -305.527284 -271.125781 -215.990694 -163.056070 -114.616053 -100.069144 -43.372793 1.788005 1.817215 -49.647579 -9999.0 -9999.0 -9999.0 -9999.0 -9999.0 -9999.0 -9999.0 -9999.0 -9999.0 -9999.0
-9999.0 -9999.0 -9999.0 -9999.0 -548.310419 -541.904294 -536.009235 -536.800015 -532.818750 -530.791451 -529.062583 -526.899110 -525.162878 -523.875989 -525.815343 -526.153742 -526.417215 -526.011849 -526.320697 -526.802462 -526.991552 -527.238264 -527.413626 -527.814247 -527.605968 -527.178291 -527.018781 -527.695720 -527.479836 -528.790984 -528.748346 -529.365680 -529.993708 -530.862655 -530.561354 -530.646871 -530.177263 -530.649507 -529.933014 -530.446392 -529.963557 -529.810475 -529.280739 -528.356712 -528.925760 -528.390485 -528.458202 -527.798592 -527.829724 -526.237807 -523.538738 -520.361391 -518.210408 -518.415052 -521.567970 -522.682807 -523.507562 -521.682379 -518.751508 -511.714808 -488.700282 -462.829289 -372.882278 -300.134739 -283.433703 -259.587421 -201.684348 -106.097941 -9999.0 -9999.0 -9999.0 -9999.0 -9999.0 -9999.0 -9999.0 -9999.0 -9999.0 -9999.0 -9999.0 -9999.0
-9999.0 -9999.0 -9999.0 -9999.0 -9999.0 -9999.0 -545.554987 -542.404548 -543.394518 -541.256255 -539.464504 -538.121111 -535.833330 -536.380839 -535.756366 -533.778714 -534.061093 -534.950429 -536.109136 -534.334859 -533.600854 -533.366686 -535.262424 -534.674633 -534.493720 -533.750404 -533.827769 -533.438286 -535.076919 -533.031882 -532.021930 -532.291098 -532.541788 -532.080688 -532.489185 -531.201340 -531.047841 -532.058984 -532.375935 -530.971642 -530.646579 -530.946994 -530.783735 -529.957227 -528.661881 -528.558721 -529.269255 -530.301272 -529.132357 -526.379027 -523.468114 -520.995909 -519.377384 -518.689578 -521.160753 -524.613843 -526.343098 -526.735794 -525.595317 -523.396844 -517.165611 -512.933910 -509.129306 -501.594240 -494.747728 -460.152317 -9999.0 -9999.0 -9999.0 -9999.0 -9999.0 -9999.0 -9999.0 -9999.0 -9999.0 -9999.0 -9999.0 -9999.0 -9999.0 -9999.0
-9999.0 -9999.0 -9999.0 -9999.0 -9999.0 -9999.0 -9999.0 -9999.0 -9999.0 -9999.0 -9999.0 -9999.0 -9999.0 -9999.0 -9999.0 -9999.0 -9999.0 -9999.0 -9999.0 -9999.0 -9999.0 -9999.0 -9999.0 -9999.0 -9999.0 -9999.0 -9999.0 -9999.0 -9999.0 -9999.0 -9999.0 -9999.0 -9999.0 -9999.0 -9999.0 -9999.0 -9999.0 -9999.0 -9999.0 -9999.0 -9999.0 -9999.0 -9999.0 -9999.0 -9999.0 -9999.0 -9999.0 -9999.0 -9999.0 -9999.0 -9999.0 -9999.0 -9999.0 -9999.0 -9999.0 -9999.0 -9999.0 -9999.0 -9999.0 -9999.0 -9999.0 -9999.0 -9999.0 -9999.0 -9999.0 -9999.0 -9999.0 -9999.0 -9999.0 -9999.0 -9999.0 -9999.0 -9999.0 -9999.0 -9999.0 -9999.0 -9999.0 -9999.0 -9999.0 -9999.0
-9999.0 -9999.0 -9999.0 -9999.0 -9999.0 -9999.0 -9999.0 -9999.0 -9999.0 -9999.0 -9999.0 -9999.0 -9999.0 -9999.0 -9999.0 -9999.0 -9999.0 -9999.0 -9999.0 -9999.0 -9999.0 -9999.0 -9999.0 -9999.0 -9999.0 -9999.0 -9999.0 -9999.0 -9999.0 -9999.0 -9999.0 -9999.0 -9999.0 -9999.0 -9999.0 -9999.0 -9999.0 -9999.0 -9999.0 -9999.0 -9999.0 -9999.0 -9999.0 -9999.0 -9999.0 -9999.0 -9999.0 -9999.0 -9999.0 -9999.0 -9999.0 -9999.0 -9999.0 -9999.0 -9999.0 -9999.0 -9999.0 -9999.0 -9999.0 -9999.0 -9999.0 -9999.0 -9999.0 -9999.0 -9999.0 -9999.0 -9999.0 -9999.0 -9999.0 -9999.0 -9999.0 -9999.0 -9999.0 -9999.0 -9999.0 -9999.0 -9999.0 -9999.0 -9999.0 -9999.0