Borden_/Borden1m_014/output_maps/psiliqL0000N0033.asc
ncols         80
nrows         18
xllcorner     620200.000000
yllcorner     5168000.000000
cellsize      1.000000
NODATA_value  -9999.0
-9999.0 -9999.0 -9999.0 -9999.0 -9999.0 -9999.0 -9999.0 -9999.0 -9999.0 -9999.0 -9999.0 -9999.0 -9999.0 -9999.0 -9999.0 -9999.0 -9999.0 -9999.0 -9999.0 -9999.0 -9999.0 -9999.0 -9999.0 -9999.0 -9999.0 -9999.0 -9999.0 -9999.0 -9999.0 -9999.0 -9999.0 -9999.0 -9999.0 -9999.0 -9999.0 -9999.0 -9999.0 -9999.0 -9999.0 -9999.0 -9999.0 -9999.0 -9999.0 -9999.0 -9999.0 -9999.0 -9999.0 -9999.0 -9999.0 -9999.0 -9999.0 -9999.0 -9999.0 -9999.0 -9999.0 -9999.0 -9999.0 -9999.0 -9999.0 -9999.0 -9999.0 -9999.0 -9999.0 -9999.0 -9999.0 -9999.0 -9999.0 -9999.0 -9999.0 -9999.0 -9999.0 -9999.0 -9999.0 -9999.0 -9999.0 -9999.0 -9999.0 -9999.0 -9999.0 -9999.0
-9999.0 -9999.0 -9999.0 -9999.0 -9999.0 -9999.0 -9999.0 -9999.0 -9999.0 -9999.0 -9999.0 -9999.0 -9999.0 -9999.0 -9999.0 -9999.0 -9999.0 -9999.0 -9999.0 -9999.0 -9999.0 -9999.0 -9999.0 -9999.0 -9999.0 -9999.0 -9999.0 -9999.0 -9999.0 -9999.0 -9999.0 -9999.0 -9999.0 -9999.0 -9999.0 -9999.0 -9999.0 -9999.0 -9999.0 -9999.0 -9999.0 -9999.0 -9999.0 -9999.0 -9999.0 -9999.0 -9999.0 -9999.0 -9999.0 -9999.0 -9999.0 -9999.0 -9999.0 -9999.0 -9999.0 -9999.0 -9999.0 -9999.0 -9999.0 -9999.0 -9999.0 -9999.0 -9999.0 -9999.0 -9999.0 -9999.0 -9999.0 -9999.0 -9999.0 -9999.0 -9999.0 -9999.0 -9999.0 -9999.0 -9999.0 -9999.0 -9999.0 -9999.0 -9999.0 -9999.0
-9999.0 -9999.0 -9999.0 -9999.0 -9999.0 -9999.0 -9999.0 -9999.0 -9999.0 -9999.0 -9999.0 -9999.0 -9999.0 -9999.0 -9999.0 -9999.0 -9999.0 -9999.0 -9999.0 -9999.0 -610.732073 -609.833835 -611.827102 -614.080558 -615.954784 -616.176908 -614.058923 -611.581644 -608.720733 -608.093926 -610.367134 -609.854128 -610.748476 -611.193558 -611.195565 -610.581392 -610.312929 -609.367093 -608.751869 -608.993289 -609.683670 -610.193391 -610.673334 -610.497078 -609.732089 -610.741901 -609.194271 -607.627812 -607.039941 -607.103966 -609.297719 -610.234991 -610.570298 -612.307992 -609.148798 -608.160765 -605.725411 -605.464315 -605.039140 -607.785411 -610.452945 -9999.0 -9999.0 -9999.0 -9999.0 -9999.0 -9999.0 -9999.0 -9999.0 -9999.0 -9999.0 -9999.0 -9999.0 -9999.0 -9999.0 -9999.0 -9999.0 -9999.0 -9999.0 -9999.0
-9999.0 -9999.0 -9999.0 -9999.0 -9999.0 -9999.0 -9999.0 -9999.0 -9999.0 -9999.0 -9999.0 -9999.0 -9999.0 -9999.0 -614.489439 -615.538375 -616.019377 -616.290460 -614.394680 -612.888530 -612.782388 -613.872011 -613.015273 -615.130935 -616.965830 -615.831015 -614.195189 -612.795851 -610.498073 -608.702044 -610.330225 -610.727786 -609.812775 -606.607228 -605.106883 -605.743642 -609.396000 -605.999618 -604.160834 -602.930440 -603.077528 -604.740781 -602.319947 -599.509285 -600.910532 -603.868288 -603.340930 -601.714042 -598.937343 -600.530389 -609.648671 -610.721793 -610.294628 -610.172217 -611.365135 -612.232273 -609.045718 -609.451857 -610.007308 -610.652489 -612.571661 -615.586554 -616.899348 -613.820399 -610.945273 -605.009652 -9999.0 -9999.0 -9999.0 -9999.0 -9999.0 -9999.0 -9999.0 -9999.0 -9999.0 -9999.0 -9999.0 -9999.0 -9999.0 -9999.0
-9999.0 -9999.0 -9999.0 -9999.0 -9999.0 -9999.0 -9999.0 -9999.0 -9999.0 -616.246529 -616.544029 -616.257595 -616.930437 -616.023673 -617.493017 -617.141572 -617.359375 -616.086961 -614.994727 -613.129101 -610.655590 -612.442136 -612.658741 -611.304175 -611.002292 -610.413969 -609.251833 -605.029742 -599.944809 -591.966680 -598.537411 -598.799347 -595.138508 -581.229007 -567.351822 -562.511022 -570.350998 -570.472857 -560.890644 -548.066440 -547.112850 -548.147022 -532.873923 -522.586973 -515.211994 -530.892309 -546.015262 -548.338107 -530.664778 -560.163785 -581.351009 -596.595966 -595.867730 -601.034446 -606.541207 -608.622075 -609.348920 -605.603435 -607.097063 -610.586235 -613.385181 -612.580148 -614.091528 -612.636836 -611.531673 -607.024247 -602.857595 -598.748467 -598.534350 -601.151131 -9999.0 -9999.0 -9999.0 -9999.0 -9999.0 -9999.0 -9999.0 -9999.0 -9999.0 -9999.0
-9999.0 -9999.0 -9999.0 -9999.0 -9999.0 -9999.0 -618.098873 -618.230594 -617.662201 -619.430626 -618.165758 -619.023734 -618.057685 -617.608862 -616.980321 -616.893233 -615.208430 -613.709412 -611.123836 -607.614477 -604.298089 -605.889777 -604.986766 -600.054705 -590.133140 -580.446939 -574.031690 -561.487216 -508.864840 -452.791658 -429.278731 -418.296553 -405.915580 -375.615985 -321.419309 -300.023435 -323.833651 -341.061037 -323.475191 -279.386227 -193.109238 -192.355918 -186.853223 -180.227461 -154.042745 -158.044331 -272.783359 -304.123369 -314.790708 -324.832042 -367.554182 -411.877713 -469.733154 -525.351388 -567.944591 -585.600119 -588.612850 -586.037450 -592.921207 -601.557595 -606.594888 -606.713771 -607.707951 -609.495256 -608.735376 -606.908687 -604.029960 -602.233802 -603.627833 -605.530054 -607.005500 -609.951157 -609.506677 -606.649172 -9999.0 -9999.0 -9999.0 -9999.0 -9999.0 -9999.0
-9999.0 -9999.0 -9999.0 -9999.0 -620.895105 -620.071475 -622.511026 -621.140051 -620.046761 -619.212410 -619.140372 -617.591634 -617.117415 -615.989822 -613.554333 -611.499065 -607.949363 -605.190707 -597.467657 -580.563649 -562.140654 -548.875190 -538.646411 -470.287485 -402.747206 -363.953491 -348.943298 -323.688240 -274.368889 -146.796795 -120.689816 -114.543974 -133.832624 -72.100395 -74.810397 -5.612263 -58.479841 -25.739125 -24.486765 -17.040568 5.990005 6.279382 7.232014 7.104186 9.130777 11.107509 -7.760963 -36.997370 -87.552996 -54.834205 -113.176682 -132.168230 -242.360938 -281.096048 -306.483351 -347.101036 -401.941696 -426.890212 -498.735158 -545.817623 -575.155539 -584.083150 -592.219272 -596.374589 -601.578426 -600.796178 -599.507862 -602.116691 -605.426985 -608.520392 -608.963891 -610.300429 -611.712188 -608.086945 -606.734829 -602.656389 -9999.0 -9999.0 -9999.0 -9999.0
-9999.0 -9999.0 -621.061554 -620.926952 -618.661069 -620.015911 -620.761705 -621.922173 -621.418549 -619.197703 -614.785933 -612.694684 -609.490902 -607.760583 -600.290060 -580.325709 -551.519464 -519.837094 -445.606017 -389.162964 -339.581988 -296.819101 -210.462488 -168.147774 -155.396166 -78.193476 -56.453577 -74.854250 -13.639156 10.955711 35.241607 54.503659 53.737771 53.464726 47.290459 48.803469 44.559056 42.803461 25.513986 23.425983 30.752689 32.412075 36.605036 23.685023 20.181472 32.616786 34.363444 36.022516 36.250516 45.550758 57.357785 27.552350 -24.141028 -34.608180 -76.379625 -74.064876 -136.021015 -237.657941 -267.410821 -307.683463 -378.123867 -416.826879 -476.544617 -535.615436 -566.452922 -578.605899 -589.851200 -596.524921 -602.407005 -607.608737 -609.219950 -610.201864 -609.552912 -610.020686 -608.080095 -606.561017 -604.342575 -603.478975 -9999.0 -9999.0
-9999.0 -621.667189 -622.368861 -618.266535 -617.487931 -616.535982 -615.092624 -613.859336 -612.703850 -614.338108 -602.090388 -575.389681 -542.360391 -524.781557 -458.670509 -364.347713 -201.315369 -170.073484 -169.809219 -104.883498 -97.896009 -20.839695 2.173706 33.030809 59.280754 50.333275 49.689328 44.953417 40.358425 31.091838 21.480311 28.135777 28.034223 14.025853 2.342467 2.020616 0.073192 -23.925500 -49.187319 -60.566487 -55.075496 -34.556850 -44.368271 -64.222087 -68.049227 -48.665572 -33.952941 -41.820248 -88.177291 -38.764203 -10.189746 7.052154 23.784154 35.949980 58.617398 34.608097 3.052788 -31.751829 -81.474659 -68.403937 -181.228442 -246.315331 -299.803258 -361.738414 -411.799843 -482.860939 -545.977801 -572.444732 -589.431958 -595.507255 -599.226803 -606.433854 -608.358122 -606.954722 -607.909112 -608.023454 -607.144387 -606.450938 -9999.0 -9999.0
-9999.0 -625.148882 -621.471948 -616.984128 -611.162678 -609.897380 -588.790303 -566.635017 -556.781078 -569.113672 -491.858119 -195.124411 -135.363527 -135.176118 -85.390774 -18.291039 21.321836 41.906684 58.611578 43.818221 42.356979 41.440816 37.636105 29.425219 15.600016 8.915091 8.889038 7.255528 -8.651974 -25.095561 -40.836105 -75.131998 -53.754074 -85.364066 -120.715401 -131.007033 -185.592576 -226.197170 -265.463392 -292.963915 -305.461113 -284.900647 -296.238033 -315.396361 -319.118793 -294.796018 -261.582254 -268.192519 -263.845811 -240.928887 -195.375320 -104.677286 -84.987505 -60.475226 -29.627470 7.392201 26.228701 43.266244 52.661499 27.066747 -37.728301 -53.259633 -80.399911 -195.233163 -270.918760 -348.512040 -395.974209 -431.387628 -503.950051 -545.451342 -569.183404 -586.294310 -597.704628 -600.391840 -605.616756 -606.598938 -9999.0 -9999.0 -9999.0 -9999.0
-9999.0 -625.003855 -621.288852 -612.597633 -590.175512 -549.728843 -405.262316 -275.875127 -101.792439 -151.214169 -25.309422 42.368069 51.216782 33.045757 7.101841 3.302269 12.257271 14.142785 10.640993 1.635043 -14.956217 -10.410399 -12.876711 -19.723765 -30.981093 -45.724443 -55.456152 -66.245044 -158.579313 -195.827349 -224.038917 -239.579797 -272.228788 -353.873770 -385.033833 -404.703464 -461.778425 -479.765920 -497.656081 -527.681671 -540.403689 -547.665068 -537.897329 -540.418902 -541.272360 -534.654842 -516.086477 -498.795828 -447.722033 -412.802697 -383.048642 -336.432255 -303.268623 -259.382477 -206.410269 -98.029269 -71.088988 -45.553009 -34.482065 27.546170 49.039104 40.138584 13.058221 -21.180542 -75.776641 -200.749947 -254.983382 -324.373079 -375.655930 -408.407549 -432.443591 -486.666528 -550.487126 -583.823370 -591.708853 -9999.0 -9999.0 -9999.0 -9999.0 -9999.0
-9999.0 -629.422066 -620.615588 -613.345542 -572.108874 -390.354351 -301.572379 -28.686945 21.717167 -46.141391 -156.074855 -68.451396 -36.199385 -36.220687 -61.542925 -72.392504 -75.914424 -76.640177 -65.632661 -100.417168 -178.652540 -196.723681 -199.247655 -210.905730 -233.426357 -252.304439 -266.733957 -287.988984 -340.960120 -379.614909 -427.883313 -458.033659 -533.111767 -567.816571 -581.719828 -592.640837 -602.236611 -602.120371 -599.274912 -601.955902 -604.738984 -607.577783 -604.182892 -602.601265 -601.075026 -602.904162 -602.293797 -597.364241 -588.651999 -578.471839 -560.761184 -527.834169 -477.088058 -416.598528 -391.441257 -344.316876 -299.193244 -251.460230 -176.562178 -51.523567 -29.777273 3.045832 37.667015 57.908772 19.508959 -15.162274 -70.848393 -196.718360 -297.255667 -337.249017 -352.826812 -373.530133 -409.077829 -9999.0 -9999.0 -9999.0 -9999.0 -9999.0 -9999.0 -9999.0
-9999.0 -632.457269 -622.755043 -620.519446 -607.562800 -576.458429 -498.780561 -386.201904 -212.433741 -342.012700 -356.773479 -332.810204 -304.022916 -282.948641 -306.289947 -338.446421 -359.595791 -356.250582 -354.908859 -374.727525 -397.816791 -407.172019 -407.703280 -415.103164 -446.508127 -470.208308 -485.321219 -511.211618 -541.565983 -566.624531 -590.809841 -601.159947 -608.079339 -610.567961 -612.327773 -614.134111 -617.440889 -615.740613 -614.363082 -614.758305 -615.834498 -616.637310 -614.242158 -613.385631 -612.610759 -614.805102 -613.265762 -611.781784 -608.464415 -604.953515 -599.762745 -591.712077 -580.522812 -571.238958 -563.701006 -547.159361 -510.631382 -434.337148 -369.436844 -276.057514 -201.997616 -105.478377 -54.915741 -58.405135 -4.659659 2.229916 11.569460 -12.425933 -269.843607 -303.175221 -305.839775 -9999.0 -9999.0 -9999.0 -9999.0 -9999.0 -9999.0 -9999.0 -9999.0 -9999.0
-9999.0 -9999.0 -634.083902 -629.844099 -625.752239 -621.782391 -616.242387 -608.866290 -603.044974 -595.143617 -582.000798 -564.714780 -551.039634 -543.635485 -553.346533 -569.810184 -578.118819 -577.576079 -579.658260 -583.777869 -590.610723 -593.039682 -594.615510 -595.892021 -598.670573 -599.862681 -600.376917 -601.424796 -603.658703 -608.334957 -612.395825 -615.096140 -617.971703 -617.951381 -618.453586 -619.465302 -618.798602 -618.961315 -618.690088 -618.843067 -618.670042 -618.254858 -617.688930 -616.947606 -616.898385 -616.716412 -616.414008 -615.544449 -614.192125 -612.393459 -608.883630 -603.595539 -599.335975 -598.216359 -600.318964 -599.520061 -596.218863 -587.922797 -557.080403 -474.401875 -393.141284 -330.363118 -259.740473 -212.337056 -190.762928 -119.373696 -55.899721 -206.217181 -353.181015 -341.357908 -9999.0 -9999.0 -9999.0 -9999.0 -9999.0 -9999.0 -9999.0 -9999.0 -9999.0 -9999.0
-9999.0 -9999.0 -9999.0 -9999.0 -635.236344 -629.763141 -624.852309 -625.220617 -621.671786 -619.556479 -617.425322 -614.761273 -612.575715 -611.068043 -613.060943 -613.740627 -614.218599 -613.902468 -614.288234 -614.883289 -615.237734 -615.567725 -615.827856 -616.274859 -616.168036 -615.819782 -615.728334 -616.466780 -616.500923 -618.018863 -618.360199 -619.238040 -620.087357 -621.004580 -620.863771 -621.014686 -620.643810 -621.038873 -620.404275 -620.801576 -620.333054 -620.104508 -619.497729 -618.534313 -618.894445 -618.333500 -618.278166 -617.497603 -617.132844 -615.026915 -611.545632 -607.388664 -604.461266 -604.550928 -608.186065 -609.662563 -610.423184 -608.032879 -603.700180 -593.953766 -565.328153 -517.989931 -432.500150 -394.439570 -369.146341 -326.306613 -286.005305 -277.739789 -9999.0 -9999.0 -9999.0 -9999.0 -9999.0 -9999.0 -9999.0 -9999.0 -9999.0 -9999.0 -9999.0 -9999.0
-9999.0 -9999.0 -9999.0 -9999.0 -9999.0 -9999.0 -633.237335 -630.669291 -631.193506 -629.479215 -627.986975 -626.689544 -624.551202 -624.937256 -624.471145 -622.798104 -623.108504 -623.913418 -624.906689 -623.419483 -622.852290 -622.685036 -624.343490 -623.909545 -623.780931 -623.118926 -623.186372 -622.925902 -624.406614 -622.809688 -622.077692 -622.442128 -622.796268 -622.523890 -622.914419 -621.849633 -621.725018 -622.577794 -622.795201 -621.572641 -621.227832 -621.390777 -621.114632 -620.234722 -618.957152 -618.766531 -619.326646 -620.082912 -618.680506 -615.519321 -611.847291 -608.467940 -606.183849 -605.419919 -608.491733 -612.477278 -614.409145 -614.590703 -612.843704 -609.439059 -601.136977 -594.758310 -588.868474 -581.148139 -571.380856 -510.000962 -9999.0 -9999.0 -9999.0 -9999.0 -9999.0 -9999.0 -9999.0 -9999.0 -9999.0 -9999.0 -9999.0 -9999.0 -9999.0 -9999.0
-9999.0 -9999.0 -9999.0 -9999.0 -9999.0 -9999.0 -9999.0 -9999.0 -9999.0 -9999.0 -9999.0 -9999.0 -9999.0 -9999.0 -9999.0 -9999.0 -9999.0 -9999.0 -9999.0 -9999.0 -9999.0 -9999.0 -9999.0 -9999.0 -9999.0 -9999.0 -9999.0 -9999.0 -9999.0 -9999.0 -9999.0 -9999.0 -9999.0 -9999.0 -9999.0 -9999.0 -9999.0 -9999.0 -9999.0 -9999.0 -9999.0 -9999.0 -9999.0 -9999.0 -9999.0 -9999.0 -9999.0 -9999.0 -9999.0 -9999.0 -9999.0 -9999.0 -9999.0 -9999.0 -9999.0 -9999.0 -9999.0 -9999.0 -9999.0 -9999.0 -9999.0 -9999.0 -9999.0 -9999.0 -9999.0 -9999.0 -9999.0 -9999.0 -9999.0 -9999.0 -9999.0 -9999.0 -9999.0 -9999.0 -9999.0 -9999.0 -9999.0 -9999.0 -9999.0 -9999.0
-9999.0 -9999.0 -9999.0 -9999.0 -9999.0 -9999.0 -9999.0 -9999.0 -9999.0 -9999.0 -9999.0 -9999.0 -9999.0 -9999.0 -9999.0 -9999.0 -9999.0 -9999.0 -9999.0 -9999.0 -9999.0 -9999.0 -9999.0 -9999.0 -9999.0 -9999.0 -9999.0 -9999.0 -9999.0 -9999.0 -9999.0 -9999.0 -9999.0 -9999.0 -9999.0 -9999.0 -9999.0 -9999.0 -9999.0 -9999.0 -9999.0 -9999.0 -9999.0 -9999.0 -9999.0 -9999.0 -9999.0 -9999.0 -9999.0 -9999.0 -9999.0 -9999.0 -9999.0 -9999.0 -9999.0 -9999.0 -9999.0 -9999.0 -9999.0 -9999.0 -9999.0 -9999.0 -9999.0 -9999.0 -9999.0 -9999.0 -9999.0 -9999.0 -9999.0 -9999.0 -9999.0 -9999.0 -9999.0 -9999.0 -9999.0 -9999.0 -9999.0 -9999.0 -9999.0 -9999.0