Borden_/Borden1m_014/output_maps/psiliqL0017N0005.asc
ncols         80
nrows         18
xllcorner     620200.000000
yllcorner     5168000.000000
cellsize      1.000000
NODATA_value  -9999.0
-9999.0 -9999.0 -9999.0 -9999.0 -9999.0 -9999.0 -9999.0 -9999.0 -9999.0 -9999.0 -9999.0 -9999.0 -9999.0 -9999.0 -9999.0 -9999.0 -9999.0 -9999.0 -9999.0 -9999.0 -9999.0 -9999.0 -9999.0 -9999.0 -9999.0 -9999.0 -9999.0 -9999.0 -9999.0 -9999.0 -9999.0 -9999.0 -9999.0 -9999.0 -9999.0 -9999.0 -9999.0 -9999.0 -9999.0 -9999.0 -9999.0 -9999.0 -9999.0 -9999.0 -9999.0 -9999.0 -9999.0 -9999.0 -9999.0 -9999.0 -9999.0 -9999.0 -9999.0 -9999.0 -9999.0 -9999.0 -9999.0 -9999.0 -9999.0 -9999.0 -9999.0 -9999.0 -9999.0 -9999.0 -9999.0 -9999.0 -9999.0 -9999.0 -9999.0 -9999.0 -9999.0 -9999.0 -9999.0 -9999.0 -9999.0 -9999.0 -9999.0 -9999.0 -9999.0 -9999.0
-9999.0 -9999.0 -9999.0 -9999.0 -9999.0 -9999.0 -9999.0 -9999.0 -9999.0 -9999.0 -9999.0 -9999.0 -9999.0 -9999.0 -9999.0 -9999.0 -9999.0 -9999.0 -9999.0 -9999.0 -9999.0 -9999.0 -9999.0 -9999.0 -9999.0 -9999.0 -9999.0 -9999.0 -9999.0 -9999.0 -9999.0 -9999.0 -9999.0 -9999.0 -9999.0 -9999.0 -9999.0 -9999.0 -9999.0 -9999.0 -9999.0 -9999.0 -9999.0 -9999.0 -9999.0 -9999.0 -9999.0 -9999.0 -9999.0 -9999.0 -9999.0 -9999.0 -9999.0 -9999.0 -9999.0 -9999.0 -9999.0 -9999.0 -9999.0 -9999.0 -9999.0 -9999.0 -9999.0 -9999.0 -9999.0 -9999.0 -9999.0 -9999.0 -9999.0 -9999.0 -9999.0 -9999.0 -9999.0 -9999.0 -9999.0 -9999.0 -9999.0 -9999.0 -9999.0 -9999.0
-9999.0 -9999.0 -9999.0 -9999.0 -9999.0 -9999.0 -9999.0 -9999.0 -9999.0 -9999.0 -9999.0 -9999.0 -9999.0 -9999.0 -9999.0 -9999.0 -9999.0 -9999.0 -9999.0 -9999.0 1538.787706 1541.224968 1519.786214 1486.713032 1459.515746 1462.521752 1497.621169 1539.708776 1579.308964 1589.548914 1572.171547 1575.577008 1571.358282 1569.350790 1571.224448 1578.373064 1583.517064 1594.830970 1603.866021 1604.513566 1599.853292 1596.327087 1598.274372 1601.468363 1607.053040 1594.680780 1607.877632 1621.503232 1624.756080 1618.838237 1591.717204 1576.348914 1566.816670 1550.333634 1574.215702 1584.783466 1606.444607 1609.571997 1606.845703 1579.168348 1548.608938 -9999.0 -9999.0 -9999.0 -9999.0 -9999.0 -9999.0 -9999.0 -9999.0 -9999.0 -9999.0 -9999.0 -9999.0 -9999.0 -9999.0 -9999.0 -9999.0 -9999.0 -9999.0 -9999.0
-9999.0 -9999.0 -9999.0 -9999.0 -9999.0 -9999.0 -9999.0 -9999.0 -9999.0 -9999.0 -9999.0 -9999.0 -9999.0 -9999.0 1447.414783 1438.421564 1436.176001 1444.854907 1478.621462 1509.179608 1521.266607 1514.411831 1515.217620 1492.233902 1472.009790 1486.672865 1517.476124 1550.017030 1585.435054 1605.893174 1595.470786 1593.716260 1602.928908 1626.667349 1638.110393 1635.236727 1616.480710 1640.959587 1657.675139 1667.617281 1669.293783 1662.601323 1675.547393 1691.184755 1684.147909 1666.865021 1672.006598 1682.089889 1691.320391 1677.394132 1614.348947 1596.296592 1591.552083 1584.596824 1569.576834 1562.489935 1587.247292 1585.928996 1576.824590 1558.069667 1524.413212 1479.406190 1460.018518 1498.316620 1541.298374 1597.655315 -9999.0 -9999.0 -9999.0 -9999.0 -9999.0 -9999.0 -9999.0 -9999.0 -9999.0 -9999.0 -9999.0 -9999.0 -9999.0 -9999.0
-9999.0 -9999.0 -9999.0 -9999.0 -9999.0 -9999.0 -9999.0 -9999.0 -9999.0 1388.820565 1394.102696 1401.872106 1404.826237 1420.829569 1418.505577 1426.081218 1432.992206 1460.653827 1491.846423 1527.005685 1555.829046 1547.732382 1548.896465 1558.464022 1560.697924 1572.876392 1595.779365 1637.206468 1676.453326 1717.008592 1688.072404 1685.628494 1704.400113 1749.668482 1779.825089 1785.461100 1767.679772 1779.734396 1807.553840 1833.012524 1836.199306 1835.965174 1862.248754 1876.729076 1875.662152 1854.453347 1842.638187 1840.115796 1861.908592 1808.584017 1741.751307 1694.279360 1701.038680 1672.741729 1636.418716 1616.419002 1612.550927 1631.469862 1615.887787 1578.053805 1541.170857 1528.673139 1510.152129 1527.079504 1548.555916 1593.950704 1632.226310 1660.288681 1659.172710 1641.289712 -9999.0 -9999.0 -9999.0 -9999.0 -9999.0 -9999.0 -9999.0 -9999.0 -9999.0 -9999.0
-9999.0 -9999.0 -9999.0 -9999.0 -9999.0 -9999.0 1309.197197 1319.482560 1340.526130 1345.257118 1371.534296 1379.071342 1399.921366 1419.272995 1441.377886 1457.539776 1487.061033 1520.002329 1560.317280 1602.771264 1634.825227 1629.698638 1640.889712 1669.982130 1707.080401 1735.140289 1761.920659 1804.527143 1882.974539 1925.280588 1929.596266 1933.495993 1942.646584 1991.591704 2055.697028 2069.618628 2049.763254 2037.681150 2064.050821 2109.059568 2119.380373 2124.152040 2137.860598 2148.292458 2173.760622 2162.707097 2120.194053 2100.917372 2094.797807 2073.145204 2008.264019 1946.076702 1916.147281 1866.291712 1780.923624 1725.474829 1733.043464 1751.431570 1722.219357 1667.165022 1625.704092 1613.893688 1597.672881 1584.232932 1590.657691 1609.567769 1631.207443 1642.055971 1628.445303 1606.617683 1583.414502 1554.150839 1555.635640 1580.408668 -9999.0 -9999.0 -9999.0 -9999.0 -9999.0 -9999.0
-9999.0 -9999.0 -9999.0 -9999.0 1258.530978 1271.871483 1259.689759 1285.785886 1319.117488 1353.964831 1385.634222 1422.148023 1449.257466 1479.287938 1518.373308 1550.425507 1591.016005 1626.510554 1680.552693 1748.229616 1799.567314 1823.994845 1841.538930 1900.472115 1962.155358 2015.490445 2039.469263 2072.259315 2123.732275 2185.976541 2212.458780 2217.645345 2233.727870 2269.230476 2317.356269 2351.282294 2335.453497 2329.729156 2340.957417 2359.101528 2386.787518 2390.850644 2394.134174 2397.353198 2402.580305 2401.300727 2375.095210 2337.734081 2318.921954 2306.528115 2274.110414 2205.642858 2169.324440 2137.493907 2094.989243 2035.848960 1971.715663 1958.057157 1899.701565 1838.921888 1775.074936 1752.393364 1720.649791 1694.691100 1666.436010 1668.811298 1672.582907 1652.114051 1619.258186 1586.505364 1570.897908 1551.509467 1539.786765 1569.570319 1586.854324 1616.793892 -9999.0 -9999.0 -9999.0 -9999.0
-9999.0 -9999.0 1198.680839 1246.776968 1304.105319 1312.885776 1312.637443 1318.974344 1348.147734 1400.776953 1474.319652 1522.713119 1562.865819 1596.413462 1654.258551 1729.827000 1800.885887 1850.981042 1912.807977 1984.631919 2049.193465 2086.261871 2108.678229 2151.862252 2207.779690 2272.160636 2301.274899 2331.386466 2368.446447 2404.998915 2412.432297 2424.623494 2431.920161 2434.820740 2441.054124 2443.666513 2439.967038 2436.572105 2420.590645 2418.889428 2427.156842 2434.258697 2435.284586 2421.445233 2418.429533 2434.283827 2440.111683 2438.485988 2435.758895 2440.689950 2441.186867 2400.557192 2368.520569 2351.843605 2335.836602 2287.226890 2221.601673 2182.446081 2157.677293 2107.613236 2023.961670 1969.480149 1915.758849 1866.174883 1814.195324 1784.956104 1739.954707 1698.577171 1652.414365 1605.964324 1581.866595 1563.342954 1560.364085 1559.798447 1575.913578 1591.088882 1606.431612 1614.214418 -9999.0 -9999.0
-9999.0 1094.008406 1166.079547 1291.287754 1370.974707 1414.352929 1442.283605 1462.774345 1492.244361 1521.115002 1622.990244 1705.520355 1795.680907 1833.155185 1881.136666 1977.291931 2075.232342 2127.263302 2169.669606 2229.487845 2292.841695 2344.759796 2377.964348 2386.340661 2423.656388 2441.740628 2447.236510 2453.262427 2452.810463 2446.319552 2438.096097 2442.904645 2436.313463 2413.811469 2395.499233 2392.065850 2387.984192 2365.722867 2338.028802 2322.487387 2323.017068 2346.596845 2332.090461 2309.243888 2306.923358 2333.429774 2358.651820 2352.170618 2340.095065 2356.917240 2389.410133 2410.955109 2420.145537 2437.776797 2457.296654 2429.929744 2403.901517 2363.435521 2342.700416 2310.402821 2248.901203 2184.623666 2123.897124 2058.407478 1989.801026 1921.678155 1859.334141 1799.045434 1733.786799 1692.374783 1660.370423 1609.544626 1588.757843 1590.823288 1582.478657 1579.714611 1585.784028 1592.083114 -9999.0 -9999.0
-9999.0 1010.043799 1151.454219 1334.014625 1480.759014 1535.767468 1630.506065 1707.326496 1734.360619 1702.838738 1811.048535 2034.102575 2144.554139 2163.567631 2234.653230 2323.151157 2336.577807 2372.575458 2398.438824 2414.556028 2428.242572 2442.636363 2445.068544 2443.211344 2431.296190 2425.354722 2424.714141 2421.800761 2403.792510 2384.053673 2365.485966 2358.630276 2334.093524 2281.798109 2244.093330 2225.214369 2209.540453 2192.967399 2162.326267 2133.834518 2114.648705 2128.821889 2120.544610 2099.855308 2097.517980 2126.957206 2164.914657 2164.818395 2174.593143 2194.380093 2230.879309 2269.060443 2293.501511 2327.577552 2366.708476 2412.255352 2428.467817 2453.050581 2458.191294 2440.431162 2395.142291 2340.447537 2303.361575 2238.948133 2164.893670 2082.613083 2016.474031 1953.944499 1883.322350 1835.151236 1784.813243 1723.072475 1668.413214 1648.227039 1610.152448 1592.070248 -9999.0 -9999.0 -9999.0 -9999.0
-9999.0 925.971383 1111.618391 1364.630947 1642.781264 1744.868591 1950.679511 2080.985877 2136.843029 2207.519052 2168.485796 2332.563071 2379.515029 2377.425373 2378.532115 2380.016259 2394.306896 2398.356480 2397.163616 2390.536917 2385.526575 2385.361705 2387.558067 2383.204135 2373.590900 2360.080658 2345.646930 2329.920691 2287.912116 2251.619838 2212.581850 2194.799552 2148.416723 2046.456562 1997.795817 1958.667870 1901.465333 1897.976020 1894.846069 1866.022774 1844.681065 1821.633680 1843.183513 1847.094294 1850.989677 1856.832003 1875.862771 1902.820698 1948.069287 1983.019359 2025.245259 2077.462107 2116.500491 2166.442776 2215.249302 2272.780807 2310.095642 2346.741740 2398.825203 2439.309411 2463.530687 2451.836508 2426.021298 2380.351261 2310.561693 2246.118652 2199.272015 2127.428040 2059.533732 2001.106047 1944.841261 1879.135631 1807.472912 1733.403044 1693.881288 -9999.0 -9999.0 -9999.0 -9999.0 -9999.0
-9999.0 737.134559 1003.136279 1284.798607 1588.286657 1917.511072 2060.200214 2182.503083 2253.795786 2228.300115 2244.011838 2268.169255 2316.785259 2327.976943 2305.449989 2290.199375 2273.791905 2272.578015 2286.570585 2263.110558 2237.614623 2227.890391 2230.633183 2221.815480 2200.900561 2185.550510 2172.761725 2147.375556 2091.202895 2034.413480 1949.176822 1915.860320 1836.445793 1779.531760 1733.707579 1683.520659 1634.085441 1634.423310 1652.931133 1638.605267 1615.803955 1596.989001 1623.229173 1641.100568 1654.207870 1643.769697 1654.034932 1690.215437 1738.567060 1780.562271 1827.729017 1880.528029 1927.481827 1977.441612 2011.232395 2063.972863 2118.806562 2173.984444 2253.401308 2337.100705 2378.062173 2414.665015 2448.692208 2467.670576 2419.888107 2377.031137 2332.344558 2277.298141 2201.263913 2152.471707 2112.522178 2034.664277 1961.886016 -9999.0 -9999.0 -9999.0 -9999.0 -9999.0 -9999.0 -9999.0
-9999.0 613.720248 826.379644 1046.508730 1321.344621 1554.582012 1752.050001 1854.934037 1932.386215 1979.237560 2024.099422 2066.766885 2105.909093 2131.898859 2107.164246 2057.911048 2022.927942 2024.861192 2019.617653 1997.519482 1970.422863 1957.959474 1957.362145 1952.608489 1930.426078 1917.433785 1906.391861 1881.246955 1844.997220 1787.389074 1708.532907 1635.584963 1575.334944 1544.422595 1514.964438 1482.920859 1448.981689 1459.662363 1472.047854 1468.828901 1458.587061 1455.798404 1484.489123 1503.435283 1513.746296 1503.003808 1522.624306 1548.803588 1589.094428 1630.505857 1677.461501 1730.503531 1783.019728 1811.711708 1825.153415 1850.665490 1892.497678 1950.929874 2042.590273 2144.924059 2227.838077 2280.353853 2337.082148 2377.993275 2398.766509 2417.623004 2404.987941 2338.216699 2244.770877 2238.358112 2228.854931 -9999.0 -9999.0 -9999.0 -9999.0 -9999.0 -9999.0 -9999.0 -9999.0 -9999.0
-9999.0 -9999.0 594.501540 766.031818 894.591076 1068.742134 1214.904418 1322.114721 1411.881697 1530.835187 1640.884690 1729.469217 1777.706299 1796.221020 1780.194274 1743.702608 1719.914930 1718.384101 1707.853340 1698.434891 1680.451345 1674.165591 1664.155365 1657.182380 1648.973439 1644.591579 1639.336754 1627.303568 1604.616293 1557.931680 1511.041738 1460.989485 1408.833121 1383.648181 1362.032452 1341.071479 1340.500912 1336.510834 1342.061787 1343.609913 1350.627057 1363.196185 1382.986598 1404.962516 1414.779590 1423.950535 1436.348015 1459.643219 1491.822522 1532.946205 1585.455561 1641.702498 1680.300545 1692.171357 1681.824052 1686.354031 1706.600016 1749.635792 1830.879594 1916.791494 2015.046277 2091.422837 2172.186089 2232.938914 2259.100058 2288.496728 2322.710024 2285.163699 2136.893505 2198.621716 -9999.0 -9999.0 -9999.0 -9999.0 -9999.0 -9999.0 -9999.0 -9999.0 -9999.0 -9999.0
-9999.0 -9999.0 -9999.0 -9999.0 623.571701 775.851027 871.421749 952.621024 1080.600372 1201.185639 1301.797450 1385.677824 1448.771471 1475.086838 1470.222429 1474.860691 1469.276752 1462.259868 1452.484900 1452.472386 1452.649055 1446.220788 1432.698432 1426.222288 1427.991446 1433.491111 1431.025203 1417.222778 1399.203186 1377.514256 1358.196860 1324.643887 1289.450144 1260.660776 1247.762159 1242.458086 1242.411810 1235.545680 1244.263347 1251.683034 1266.843732 1281.918602 1305.504020 1334.428793 1348.186225 1362.872763 1372.371320 1392.401041 1422.129222 1474.591777 1536.952640 1593.719478 1628.621581 1632.148367 1606.820297 1590.687600 1586.381544 1613.647405 1657.553050 1723.661093 1824.603614 1899.161110 1961.055757 2012.752278 2056.228035 2121.915037 2204.253031 2253.406957 -9999.0 -9999.0 -9999.0 -9999.0 -9999.0 -9999.0 -9999.0 -9999.0 -9999.0 -9999.0 -9999.0 -9999.0
-9999.0 -9999.0 -9999.0 -9999.0 -9999.0 -9999.0 582.673709 683.444656 761.416528 899.518103 1029.786789 1130.698587 1210.621726 1242.021731 1267.980549 1293.977915 1291.621404 1272.905404 1253.839229 1273.128735 1287.836127 1282.633849 1253.260185 1253.609873 1259.057682 1267.617251 1265.595290 1259.330775 1234.438305 1246.503953 1247.807087 1225.047743 1199.492142 1186.052548 1174.498335 1184.356907 1184.770270 1171.265696 1171.818427 1198.660212 1218.885812 1231.894288 1253.519965 1286.592326 1318.816613 1333.897877 1335.008343 1340.668741 1379.927639 1449.300422 1520.077780 1574.619942 1606.206171 1613.404218 1585.419954 1544.609586 1523.431473 1529.572357 1563.071390 1614.053347 1688.211149 1736.939750 1764.530192 1781.925495 1806.610101 1905.397315 -9999.0 -9999.0 -9999.0 -9999.0 -9999.0 -9999.0 -9999.0 -9999.0 -9999.0 -9999.0 -9999.0 -9999.0 -9999.0 -9999.0
-9999.0 -9999.0 -9999.0 -9999.0 -9999.0 -9999.0 -9999.0 -9999.0 -9999.0 -9999.0 -9999.0 -9999.0 -9999.0 -9999.0 -9999.0 -9999.0 -9999.0 -9999.0 -9999.0 -9999.0 -9999.0 -9999.0 -9999.0 -9999.0 -9999.0 -9999.0 -9999.0 -9999.0 -9999.0 -9999.0 -9999.0 -9999.0 -9999.0 -9999.0 -9999.0 -9999.0 -9999.0 -9999.0 -9999.0 -9999.0 -9999.0 -9999.0 -9999.0 -9999.0 -9999.0 -9999.0 -9999.0 -9999.0 -9999.0 -9999.0 -9999.0 -9999.0 -9999.0 -9999.0 -9999.0 -9999.0 -9999.0 -9999.0 -9999.0 -9999.0 -9999.0 -9999.0 -9999.0 -9999.0 -9999.0 -9999.0 -9999.0 -9999.0 -9999.0 -9999.0 -9999.0 -9999.0 -9999.0 -9999.0 -9999.0 -9999.0 -9999.0 -9999.0 -9999.0 -9999.0
-9999.0 -9999.0 -9999.0 -9999.0 -9999.0 -9999.0 -9999.0 -9999.0 -9999.0 -9999.0 -9999.0 -9999.0 -9999.0 -9999.0 -9999.0 -9999.0 -9999.0 -9999.0 -9999.0 -9999.0 -9999.0 -9999.0 -9999.0 -9999.0 -9999.0 -9999.0 -9999.0 -9999.0 -9999.0 -9999.0 -9999.0 -9999.0 -9999.0 -9999.0 -9999.0 -9999.0 -9999.0 -9999.0 -9999.0 -9999.0 -9999.0 -9999.0 -9999.0 -9999.0 -9999.0 -9999.0 -9999.0 -9999.0 -9999.0 -9999.0 -9999.0 -9999.0 -9999.0 -9999.0 -9999.0 -9999.0 -9999.0 -9999.0 -9999.0 -9999.0 -9999.0 -9999.0 -9999.0 -9999.0 -9999.0 -9999.0 -9999.0 -9999.0 -9999.0 -9999.0 -9999.0 -9999.0 -9999.0 -9999.0 -9999.0 -9999.0 -9999.0 -9999.0 -9999.0 -9999.0