Borden_/Borden1m_014/output_maps/psiliqL0010N0028.asc
ncols         80
nrows         18
xllcorner     620200.000000
yllcorner     5168000.000000
cellsize      1.000000
NODATA_value  -9999.0
-9999.0 -9999.0 -9999.0 -9999.0 -9999.0 -9999.0 -9999.0 -9999.0 -9999.0 -9999.0 -9999.0 -9999.0 -9999.0 -9999.0 -9999.0 -9999.0 -9999.0 -9999.0 -9999.0 -9999.0 -9999.0 -9999.0 -9999.0 -9999.0 -9999.0 -9999.0 -9999.0 -9999.0 -9999.0 -9999.0 -9999.0 -9999.0 -9999.0 -9999.0 -9999.0 -9999.0 -9999.0 -9999.0 -9999.0 -9999.0 -9999.0 -9999.0 -9999.0 -9999.0 -9999.0 -9999.0 -9999.0 -9999.0 -9999.0 -9999.0 -9999.0 -9999.0 -9999.0 -9999.0 -9999.0 -9999.0 -9999.0 -9999.0 -9999.0 -9999.0 -9999.0 -9999.0 -9999.0 -9999.0 -9999.0 -9999.0 -9999.0 -9999.0 -9999.0 -9999.0 -9999.0 -9999.0 -9999.0 -9999.0 -9999.0 -9999.0 -9999.0 -9999.0 -9999.0 -9999.0
-9999.0 -9999.0 -9999.0 -9999.0 -9999.0 -9999.0 -9999.0 -9999.0 -9999.0 -9999.0 -9999.0 -9999.0 -9999.0 -9999.0 -9999.0 -9999.0 -9999.0 -9999.0 -9999.0 -9999.0 -9999.0 -9999.0 -9999.0 -9999.0 -9999.0 -9999.0 -9999.0 -9999.0 -9999.0 -9999.0 -9999.0 -9999.0 -9999.0 -9999.0 -9999.0 -9999.0 -9999.0 -9999.0 -9999.0 -9999.0 -9999.0 -9999.0 -9999.0 -9999.0 -9999.0 -9999.0 -9999.0 -9999.0 -9999.0 -9999.0 -9999.0 -9999.0 -9999.0 -9999.0 -9999.0 -9999.0 -9999.0 -9999.0 -9999.0 -9999.0 -9999.0 -9999.0 -9999.0 -9999.0 -9999.0 -9999.0 -9999.0 -9999.0 -9999.0 -9999.0 -9999.0 -9999.0 -9999.0 -9999.0 -9999.0 -9999.0 -9999.0 -9999.0 -9999.0 -9999.0
-9999.0 -9999.0 -9999.0 -9999.0 -9999.0 -9999.0 -9999.0 -9999.0 -9999.0 -9999.0 -9999.0 -9999.0 -9999.0 -9999.0 -9999.0 -9999.0 -9999.0 -9999.0 -9999.0 -9999.0 136.754966 139.781262 117.547489 84.012220 56.162230 58.659336 94.094737 135.899921 174.736655 185.865482 168.575015 170.976562 166.706719 166.872198 170.317424 177.029907 180.515657 192.338718 201.401353 201.804543 196.305925 191.334711 191.143756 194.804122 199.782263 189.661426 202.590220 217.250617 222.532184 216.202088 187.615261 170.668980 161.185783 145.414055 168.992693 180.578104 202.900371 206.627041 204.721212 177.230254 146.862645 -9999.0 -9999.0 -9999.0 -9999.0 -9999.0 -9999.0 -9999.0 -9999.0 -9999.0 -9999.0 -9999.0 -9999.0 -9999.0 -9999.0 -9999.0 -9999.0 -9999.0 -9999.0 -9999.0
-9999.0 -9999.0 -9999.0 -9999.0 -9999.0 -9999.0 -9999.0 -9999.0 -9999.0 -9999.0 -9999.0 -9999.0 -9999.0 -9999.0 45.279359 35.508094 32.891043 41.800881 75.965384 106.365495 118.980402 111.793710 112.234743 89.264123 69.590336 84.357010 114.652140 147.244780 183.026125 204.888342 193.695360 192.084243 203.436348 231.571595 246.940666 245.099982 224.470330 247.859316 265.192035 276.038094 276.690059 269.260388 284.681245 301.658241 294.723541 275.873541 278.045302 288.647014 301.454141 284.320426 217.181646 194.547470 189.220286 180.918688 165.896933 158.304094 182.446701 182.450795 173.507766 154.913421 122.062236 77.753464 59.350333 97.481021 141.370641 198.896069 -9999.0 -9999.0 -9999.0 -9999.0 -9999.0 -9999.0 -9999.0 -9999.0 -9999.0 -9999.0 -9999.0 -9999.0 -9999.0 -9999.0
-9999.0 -9999.0 -9999.0 -9999.0 -9999.0 -9999.0 -9999.0 -9999.0 -9999.0 -12.755828 -8.690844 -1.287040 0.967275 16.929313 15.298555 22.693775 30.871484 57.875971 89.645191 125.459500 155.037994 146.256323 147.729643 160.605553 167.862802 181.988271 204.944632 248.375184 294.230364 339.677724 313.593580 313.354700 334.927285 386.838901 426.906778 438.122292 418.044453 423.822812 452.526480 481.604250 485.914478 486.820538 515.076397 530.772160 534.788410 511.991519 489.751629 485.357917 509.577715 451.725099 380.028040 322.658185 320.304292 284.937451 240.524141 216.098422 211.492046 231.611886 214.785846 175.798876 138.093747 127.218761 109.653286 125.513137 147.451840 193.780620 232.041881 260.251196 259.922321 242.284425 -9999.0 -9999.0 -9999.0 -9999.0 -9999.0 -9999.0 -9999.0 -9999.0 -9999.0 -9999.0
-9999.0 -9999.0 -9999.0 -9999.0 -9999.0 -9999.0 -91.721272 -82.609998 -62.580408 -57.086215 -32.181776 -24.307118 -3.295957 16.624837 38.210597 55.999663 87.840309 121.901025 164.996044 210.995289 245.833863 244.040497 257.643514 295.008792 341.257804 376.090368 404.492181 450.936339 539.401795 591.235936 607.296529 615.602093 626.677875 672.906224 736.822836 757.963890 733.053314 716.601855 736.299553 776.089476 795.522859 800.659953 810.587334 819.811866 844.722083 833.116143 782.070801 760.084986 752.898716 738.004417 681.598649 618.659610 573.633493 516.048860 423.668554 359.915557 358.542657 371.769261 336.730070 278.165533 232.089330 218.821236 201.981729 186.317741 190.479684 208.674770 230.803640 241.367171 228.152344 206.968907 183.624966 154.596308 156.113228 181.343399 -9999.0 -9999.0 -9999.0 -9999.0 -9999.0 -9999.0
-9999.0 -9999.0 -9999.0 -9999.0 -141.611629 -129.001150 -140.639489 -116.467573 -84.075734 -50.229725 -17.310402 20.832750 49.131630 80.408577 123.632922 163.311518 210.297906 249.972517 310.235168 385.045343 444.104029 477.739893 502.312258 570.944802 636.460220 688.781312 709.159286 738.327432 785.689977 856.293371 887.246765 895.634573 911.247874 942.780717 986.392978 1020.211715 1002.188348 995.642809 1000.503879 1012.257439 1039.225314 1042.117376 1044.522335 1046.148585 1049.029294 1047.510797 1021.779731 987.338969 971.943820 963.177621 936.681575 871.701188 820.051985 785.302401 753.336802 704.263084 637.000253 612.839032 549.140795 483.395655 408.142392 377.860215 341.015967 310.058940 275.370663 272.908899 273.231240 251.296628 218.865111 185.965077 170.425492 151.377232 140.735942 170.446549 187.984627 218.732151 -9999.0 -9999.0 -9999.0 -9999.0
-9999.0 -9999.0 -200.207768 -150.503785 -94.233267 -85.307345 -83.146726 -77.362697 -49.344976 2.765867 82.453126 137.475084 185.320020 220.994062 286.401987 376.965998 463.241768 522.464574 588.340541 658.429087 720.358781 759.615336 789.575143 831.411713 881.828714 938.118381 961.658245 987.882445 1018.504263 1052.254886 1072.222612 1087.732254 1094.351577 1093.540214 1096.249774 1096.574927 1092.233245 1086.469417 1068.481070 1065.650104 1073.420196 1077.596629 1080.627616 1068.131503 1064.191603 1076.676326 1078.536204 1077.385085 1077.140104 1084.591954 1091.432433 1057.293694 1010.027994 993.877778 983.732112 942.810678 880.024823 828.356505 801.440163 757.813679 679.329936 624.806212 568.105930 508.695171 444.708043 403.591080 349.702115 303.252112 254.437117 207.150140 182.639605 163.662098 160.903414 160.969717 176.818677 192.242089 207.549548 215.315596 -9999.0 -9999.0
-9999.0 -300.277046 -227.635125 -100.183213 -20.507131 25.436559 64.925781 94.099695 121.913821 142.914114 256.481455 366.458410 467.339344 508.633997 568.623796 670.621757 771.861217 818.253072 853.200525 904.567339 959.143965 1005.136554 1035.123598 1059.182627 1088.945741 1093.978805 1093.982042 1095.693060 1090.121083 1083.225075 1074.126690 1080.960761 1078.212643 1060.860161 1046.310649 1043.558775 1036.816871 1010.678838 981.607238 966.842375 969.641387 990.435950 980.337255 960.729578 957.259372 977.685156 995.172258 987.051520 975.113114 992.325943 1028.067512 1050.508216 1064.608233 1079.919005 1100.037867 1076.388539 1044.882340 1003.046559 981.503545 952.581026 889.608070 826.456249 770.855718 707.120333 638.800611 564.016822 491.104690 421.033916 348.249682 303.881663 269.918669 216.702001 192.799656 193.327758 183.601300 180.616468 186.825350 193.146330 -9999.0 -9999.0
-9999.0 -374.296486 -230.931634 -44.866448 103.889609 168.846189 287.585739 376.661326 411.020947 390.459688 512.945254 741.614310 832.959398 848.008085 915.121950 995.492636 1029.140983 1059.082898 1078.411032 1080.306073 1081.710425 1088.854093 1086.853691 1080.572629 1067.097475 1059.583433 1058.187220 1054.574576 1035.213362 1015.456367 997.804581 993.612225 976.467670 936.687254 905.351348 889.024704 871.276919 842.201451 803.976694 775.337762 760.744217 777.898291 769.345385 751.956358 748.481796 771.912140 805.451624 801.253580 808.286191 831.694363 874.329861 919.510442 943.773287 973.596929 1010.063696 1052.988835 1070.884133 1091.203803 1095.722083 1073.583484 1029.987082 979.693397 944.421498 876.251531 801.667268 721.330260 656.724354 594.442954 520.631014 465.795163 410.482563 347.225020 286.002039 255.959020 214.848269 193.436892 -9999.0 -9999.0 -9999.0 -9999.0
-9999.0 -443.687305 -252.673385 12.176301 279.498406 413.903830 622.072118 757.124778 828.930822 883.287107 904.535906 1023.554337 1052.317474 1045.197046 1034.265062 1036.510707 1050.999065 1055.017380 1051.521586 1041.669479 1031.471934 1027.233341 1024.604700 1015.901773 1005.015526 990.182395 976.614599 961.568706 916.939142 881.839781 848.413463 832.036378 794.471936 704.922419 663.084514 630.337806 573.755536 561.063202 547.060383 513.822262 491.480584 473.089415 492.943083 494.083752 495.564756 504.025770 526.837266 550.303127 596.011417 634.234626 679.275606 733.318689 769.203204 814.381902 863.950289 925.547118 958.522459 988.968068 1034.441230 1074.478665 1096.988230 1087.613704 1057.656554 1012.488162 942.447805 869.272452 817.177412 743.374339 677.906445 626.014168 581.916820 527.203761 451.668960 349.924608 303.721712 -9999.0 -9999.0 -9999.0 -9999.0 -9999.0
-9999.0 -605.088565 -336.638227 -40.880372 290.693849 618.582275 738.505597 892.236566 967.175739 914.279641 899.241102 925.925801 967.110751 974.301910 955.067010 948.165575 939.598882 939.881117 952.405616 925.496218 890.787333 875.747355 873.908593 861.119140 837.769328 819.123510 804.622327 782.421751 731.097906 681.041214 604.280359 574.365973 493.946258 422.333260 371.791591 320.569647 266.641291 262.673524 276.857107 259.057467 235.541930 216.288567 242.111699 258.237857 269.746518 260.452565 270.828060 307.738712 359.414385 406.539130 462.758677 526.266473 578.983447 632.983238 668.579819 722.711679 771.427808 820.072313 895.085630 977.263742 1013.295409 1048.452186 1083.109857 1097.255279 1047.431410 994.801833 939.905035 868.574851 778.063444 733.212065 711.665560 677.674384 623.892491 -9999.0 -9999.0 -9999.0 -9999.0 -9999.0 -9999.0 -9999.0
-9999.0 -737.357734 -508.451462 -263.890194 34.538188 277.142032 470.272566 591.582029 678.371644 679.338185 694.237745 723.799322 755.034262 777.466339 755.633763 719.814813 693.787141 697.811590 696.213513 672.121601 642.146642 627.142224 625.027235 616.588377 588.834688 570.490948 556.468163 529.479907 487.002457 424.301000 337.988530 265.691318 200.869181 163.307582 131.430762 97.299840 58.354680 68.144152 81.757936 76.865908 64.498977 60.136349 89.582663 108.107414 118.245466 105.683204 124.625815 152.101300 194.770692 238.158523 288.397331 346.004282 403.108442 438.087821 458.599518 494.358620 544.184319 606.946275 695.347017 792.854336 869.628315 923.777708 974.763235 1005.675956 1019.158732 1034.816181 1008.160587 917.749820 780.291963 776.556580 779.448443 -9999.0 -9999.0 -9999.0 -9999.0 -9999.0 -9999.0 -9999.0 -9999.0 -9999.0
-9999.0 -9999.0 -745.217010 -557.612339 -401.809496 -215.663298 -62.874425 47.487068 127.364812 221.884675 315.011223 393.911969 438.711154 457.254660 438.863789 397.773631 371.670184 371.395382 361.676982 347.840195 323.794973 314.223894 303.893545 295.177095 281.350807 272.987410 266.132152 253.005003 227.951988 178.576023 124.838654 71.557898 16.175379 -9.908108 -32.448730 -55.285275 -58.712819 -61.053587 -54.561701 -53.449635 -47.962861 -36.164310 -15.521608 5.934148 15.418820 22.823671 35.470036 59.311550 92.710291 134.301045 187.534079 244.498588 284.138883 297.714310 290.076454 298.643007 324.521920 374.798819 470.216693 569.579980 667.248172 740.529666 813.313816 864.055903 881.526856 903.399299 915.744529 832.492005 522.704823 703.134193 -9999.0 -9999.0 -9999.0 -9999.0 -9999.0 -9999.0 -9999.0 -9999.0 -9999.0 -9999.0
-9999.0 -9999.0 -9999.0 -9999.0 -701.527329 -544.411777 -449.594145 -365.967640 -243.071200 -131.940060 -38.461269 39.329953 94.158628 118.461073 108.324973 104.271537 96.442225 92.222553 83.349822 78.483775 73.409774 65.381082 53.253048 45.340405 44.432468 47.682283 45.043426 31.287359 14.380344 -12.618063 -36.535630 -72.033583 -109.223032 -138.608014 -151.813322 -158.627352 -158.514643 -164.272061 -154.877138 -148.392714 -133.496782 -118.105451 -94.141165 -65.749464 -53.000036 -38.725157 -28.977807 -8.129763 22.012723 74.907104 137.327271 193.586179 227.717912 231.333501 205.410983 189.862477 187.422489 217.346076 268.086273 343.989830 455.596210 541.536937 611.520449 660.614138 694.119637 740.690906 785.496502 803.656099 -9999.0 -9999.0 -9999.0 -9999.0 -9999.0 -9999.0 -9999.0 -9999.0 -9999.0 -9999.0 -9999.0 -9999.0
-9999.0 -9999.0 -9999.0 -9999.0 -9999.0 -9999.0 -755.636265 -659.810174 -573.515880 -448.500268 -331.839556 -238.550373 -163.159020 -137.024960 -118.178220 -95.305626 -99.450237 -116.563148 -133.491189 -116.737222 -106.635553 -111.789489 -139.752359 -141.213125 -137.657441 -128.634568 -130.131124 -136.442012 -161.451204 -152.996231 -154.273896 -177.506080 -203.700202 -218.083474 -229.692046 -219.748550 -218.983606 -231.637382 -229.453102 -203.253030 -183.443244 -170.005891 -147.563852 -114.439772 -82.480221 -68.125672 -67.137375 -60.944586 -19.659114 50.531794 120.751357 174.175034 204.865340 211.883924 183.095345 141.827425 120.211887 126.985038 162.286393 217.482054 297.675366 352.506945 388.175395 412.703360 443.640128 545.320673 -9999.0 -9999.0 -9999.0 -9999.0 -9999.0 -9999.0 -9999.0 -9999.0 -9999.0 -9999.0 -9999.0 -9999.0 -9999.0 -9999.0
-9999.0 -9999.0 -9999.0 -9999.0 -9999.0 -9999.0 -9999.0 -9999.0 -9999.0 -9999.0 -9999.0 -9999.0 -9999.0 -9999.0 -9999.0 -9999.0 -9999.0 -9999.0 -9999.0 -9999.0 -9999.0 -9999.0 -9999.0 -9999.0 -9999.0 -9999.0 -9999.0 -9999.0 -9999.0 -9999.0 -9999.0 -9999.0 -9999.0 -9999.0 -9999.0 -9999.0 -9999.0 -9999.0 -9999.0 -9999.0 -9999.0 -9999.0 -9999.0 -9999.0 -9999.0 -9999.0 -9999.0 -9999.0 -9999.0 -9999.0 -9999.0 -9999.0 -9999.0 -9999.0 -9999.0 -9999.0 -9999.0 -9999.0 -9999.0 -9999.0 -9999.0 -9999.0 -9999.0 -9999.0 -9999.0 -9999.0 -9999.0 -9999.0 -9999.0 -9999.0 -9999.0 -9999.0 -9999.0 -9999.0 -9999.0 -9999.0 -9999.0 -9999.0 -9999.0 -9999.0
-9999.0 -9999.0 -9999.0 -9999.0 -9999.0 -9999.0 -9999.0 -9999.0 -9999.0 -9999.0 -9999.0 -9999.0 -9999.0 -9999.0 -9999.0 -9999.0 -9999.0 -9999.0 -9999.0 -9999.0 -9999.0 -9999.0 -9999.0 -9999.0 -9999.0 -9999.0 -9999.0 -9999.0 -9999.0 -9999.0 -9999.0 -9999.0 -9999.0 -9999.0 -9999.0 -9999.0 -9999.0 -9999.0 -9999.0 -9999.0 -9999.0 -9999.0 -9999.0 -9999.0 -9999.0 -9999.0 -9999.0 -9999.0 -9999.0 -9999.0 -9999.0 -9999.0 -9999.0 -9999.0 -9999.0 -9999.0 -9999.0 -9999.0 -9999.0 -9999.0 -9999.0 -9999.0 -9999.0 -9999.0 -9999.0 -9999.0 -9999.0 -9999.0 -9999.0 -9999.0 -9999.0 -9999.0 -9999.0 -9999.0 -9999.0 -9999.0 -9999.0 -9999.0 -9999.0 -9999.0