Borden_/Borden1m_014/output_maps/psiliqL0027N0030.asc
ncols         80
nrows         18
xllcorner     620200.000000
yllcorner     5168000.000000
cellsize      1.000000
NODATA_value  -9999.0
-9999.0 -9999.0 -9999.0 -9999.0 -9999.0 -9999.0 -9999.0 -9999.0 -9999.0 -9999.0 -9999.0 -9999.0 -9999.0 -9999.0 -9999.0 -9999.0 -9999.0 -9999.0 -9999.0 -9999.0 -9999.0 -9999.0 -9999.0 -9999.0 -9999.0 -9999.0 -9999.0 -9999.0 -9999.0 -9999.0 -9999.0 -9999.0 -9999.0 -9999.0 -9999.0 -9999.0 -9999.0 -9999.0 -9999.0 -9999.0 -9999.0 -9999.0 -9999.0 -9999.0 -9999.0 -9999.0 -9999.0 -9999.0 -9999.0 -9999.0 -9999.0 -9999.0 -9999.0 -9999.0 -9999.0 -9999.0 -9999.0 -9999.0 -9999.0 -9999.0 -9999.0 -9999.0 -9999.0 -9999.0 -9999.0 -9999.0 -9999.0 -9999.0 -9999.0 -9999.0 -9999.0 -9999.0 -9999.0 -9999.0 -9999.0 -9999.0 -9999.0 -9999.0 -9999.0 -9999.0
-9999.0 -9999.0 -9999.0 -9999.0 -9999.0 -9999.0 -9999.0 -9999.0 -9999.0 -9999.0 -9999.0 -9999.0 -9999.0 -9999.0 -9999.0 -9999.0 -9999.0 -9999.0 -9999.0 -9999.0 -9999.0 -9999.0 -9999.0 -9999.0 -9999.0 -9999.0 -9999.0 -9999.0 -9999.0 -9999.0 -9999.0 -9999.0 -9999.0 -9999.0 -9999.0 -9999.0 -9999.0 -9999.0 -9999.0 -9999.0 -9999.0 -9999.0 -9999.0 -9999.0 -9999.0 -9999.0 -9999.0 -9999.0 -9999.0 -9999.0 -9999.0 -9999.0 -9999.0 -9999.0 -9999.0 -9999.0 -9999.0 -9999.0 -9999.0 -9999.0 -9999.0 -9999.0 -9999.0 -9999.0 -9999.0 -9999.0 -9999.0 -9999.0 -9999.0 -9999.0 -9999.0 -9999.0 -9999.0 -9999.0 -9999.0 -9999.0 -9999.0 -9999.0 -9999.0 -9999.0
-9999.0 -9999.0 -9999.0 -9999.0 -9999.0 -9999.0 -9999.0 -9999.0 -9999.0 -9999.0 -9999.0 -9999.0 -9999.0 -9999.0 -9999.0 -9999.0 -9999.0 -9999.0 -9999.0 -9999.0 3525.155324 3525.928356 3504.188781 3469.892281 3441.429249 3442.989317 3475.494772 3515.769155 3554.291660 3561.161695 3541.701200 3545.349987 3540.670585 3535.637173 3535.415794 3543.031319 3549.699487 3559.121638 3565.807304 3563.218198 3555.661142 3550.587174 3553.316347 3554.756560 3561.098204 3546.332825 3562.537232 3578.943763 3583.679057 3581.261552 3557.967842 3546.527496 3538.858996 3523.533668 3550.533252 3562.439579 3586.218850 3591.142119 3589.395226 3562.969987 3533.102064 -9999.0 -9999.0 -9999.0 -9999.0 -9999.0 -9999.0 -9999.0 -9999.0 -9999.0 -9999.0 -9999.0 -9999.0 -9999.0 -9999.0 -9999.0 -9999.0 -9999.0 -9999.0 -9999.0
-9999.0 -9999.0 -9999.0 -9999.0 -9999.0 -9999.0 -9999.0 -9999.0 -9999.0 -9999.0 -9999.0 -9999.0 -9999.0 -9999.0 3435.337635 3426.508463 3423.378028 3430.271200 3462.328558 3492.313162 3503.792168 3496.087145 3495.597212 3470.442155 3447.025403 3459.089624 3487.995397 3517.874753 3550.671057 3567.311689 3555.984556 3553.004668 3559.326078 3577.932969 3585.169872 3581.249389 3563.685044 3587.881295 3600.675850 3604.515921 3602.264466 3592.195541 3600.424014 3614.185441 3607.076949 3592.055194 3603.649307 3619.037039 3629.753661 3622.323511 3565.101533 3554.110047 3551.449329 3548.121611 3535.629971 3532.459020 3561.545768 3561.571961 3554.921964 3538.239876 3505.290552 3460.292790 3441.797188 3483.076829 3527.178062 3583.803968 -9999.0 -9999.0 -9999.0 -9999.0 -9999.0 -9999.0 -9999.0 -9999.0 -9999.0 -9999.0 -9999.0 -9999.0 -9999.0 -9999.0
-9999.0 -9999.0 -9999.0 -9999.0 -9999.0 -9999.0 -9999.0 -9999.0 -9999.0 3378.280784 3384.117975 3390.760091 3392.918213 3407.651970 3404.019303 3410.527311 3413.797773 3440.578853 3469.396584 3502.227457 3528.543335 3518.837780 3516.911472 3519.683291 3512.658835 3519.508929 3539.246260 3575.130071 3605.113104 3639.460737 3605.158057 3599.695909 3616.740523 3657.114453 3678.796278 3679.932657 3661.082698 3678.625732 3701.851491 3716.723541 3712.852494 3706.416273 3732.519385 3747.922545 3740.885314 3719.074415 3719.066849 3727.448805 3757.218286 3706.679528 3640.915065 3604.208598 3621.642155 3601.750887 3577.471478 3567.843053 3569.418115 3590.435304 3579.544440 3546.479354 3514.038333 3502.778928 3486.607584 3508.641881 3532.606084 3579.577387 3620.007536 3650.278929 3650.021829 3633.023949 -9999.0 -9999.0 -9999.0 -9999.0 -9999.0 -9999.0 -9999.0 -9999.0 -9999.0 -9999.0
-9999.0 -9999.0 -9999.0 -9999.0 -9999.0 -9999.0 3299.945115 3310.323180 3330.794067 3332.878186 3359.047616 3363.651181 3381.717960 3398.152753 3419.363980 3431.176652 3454.978158 3483.906354 3518.713043 3555.060156 3581.514249 3568.712773 3573.217889 3590.942044 3615.806653 3633.145839 3655.182858 3692.535669 3764.429003 3800.273580 3791.150921 3791.445954 3799.478089 3849.971910 3913.913655 3924.288592 3903.558688 3890.702757 3914.852405 3952.670250 3950.080599 3948.803751 3962.451796 3973.524746 4000.414303 3989.106292 3953.254390 3948.788690 3956.491462 3932.794395 3862.731736 3806.199012 3789.066249 3742.346277 3658.877206 3617.615388 3643.676128 3672.978303 3652.482880 3603.849390 3572.793690 3568.446274 3558.389028 3552.786772 3566.493063 3590.389677 3614.967334 3629.499969 3618.109045 3597.633537 3576.358466 3548.521043 3551.466123 3576.562236 -9999.0 -9999.0 -9999.0 -9999.0 -9999.0 -9999.0
-9999.0 -9999.0 -9999.0 -9999.0 3250.861441 3263.388526 3247.869063 3273.634480 3304.907595 3337.777008 3364.159731 3394.526075 3416.521392 3442.109467 3473.700635 3493.613076 3523.926054 3552.304542 3598.206373 3658.146572 3701.315900 3713.329354 3721.088181 3771.449193 3827.289692 3873.760801 3892.360957 3918.382353 3965.059749 4021.707460 4043.702740 4046.150412 4063.093348 4107.440361 4164.938757 4200.407637 4182.555664 4173.313220 4183.966828 4198.756050 4220.911120 4220.958727 4222.093881 4226.508493 4234.542090 4232.526569 4205.374198 4171.691955 4158.644643 4148.275767 4108.919097 4036.083326 4006.566335 3977.122043 3932.807660 3877.992474 3832.614161 3835.580478 3780.801495 3725.636548 3677.061416 3670.769333 3651.771490 3637.007829 3621.050854 3634.597236 3647.589189 3633.251502 3603.720247 3574.903048 3562.385369 3545.206801 3534.098516 3565.581192 3583.664585 3613.165695 -9999.0 -9999.0 -9999.0 -9999.0
-9999.0 -9999.0 3192.556266 3237.083626 3293.523654 3298.640211 3290.379124 3292.040197 3317.242987 3365.202780 3425.327805 3460.120875 3486.761674 3516.071017 3565.218326 3624.901954 3683.367800 3725.352870 3783.420014 3852.910716 3911.906899 3938.297284 3946.707907 3982.521446 4037.799498 4108.206239 4136.714082 4163.575429 4195.997778 4233.271231 4222.921471 4233.253777 4246.161296 4260.105452 4276.166561 4283.882644 4278.798531 4274.147436 4255.456379 4250.081903 4256.527126 4264.941201 4263.649758 4248.813466 4244.830261 4259.995957 4266.501478 4264.235928 4261.071265 4265.716230 4260.220684 4210.567023 4195.245482 4179.661320 4167.335434 4120.599757 4053.149085 4021.351383 3999.261270 3957.572434 3883.883278 3847.566812 3808.901269 3775.118321 3738.651286 3726.914946 3695.637287 3664.266742 3626.199897 3585.977760 3567.408788 3553.679764 3553.682099 3554.565657 3572.623092 3588.465380 3604.526481 3612.646108 -9999.0 -9999.0
-9999.0 3082.361684 3152.764953 3272.792320 3349.294470 3384.152076 3389.242962 3389.355105 3413.411209 3445.696168 3529.797423 3575.140212 3657.441154 3695.180752 3734.920038 3824.663807 3919.825139 3963.702892 4003.335995 4068.379206 4135.242747 4182.866651 4209.468095 4184.931924 4225.417742 4257.225978 4266.034576 4273.559111 4274.109167 4265.542048 4259.275701 4265.856683 4262.765069 4243.313133 4226.980801 4225.128706 4221.664334 4198.109476 4170.394801 4154.648114 4155.770914 4181.033916 4167.689320 4146.196780 4141.733546 4163.577899 4185.394728 4174.545942 4161.316276 4177.978448 4212.922213 4238.504622 4238.677719 4257.486914 4278.667374 4249.181031 4228.567450 4184.046938 4166.904441 4141.298927 4083.788303 4028.925666 3980.604933 3932.319665 3880.362936 3832.295404 3785.072311 3738.198048 3685.557397 3653.184470 3629.431446 3587.513193 3575.697197 3582.788783 3578.331799 3577.072875 3583.856597 3590.499703 -9999.0 -9999.0
-9999.0 2983.847082 3121.654106 3297.050252 3437.851073 3475.530783 3532.027606 3584.751046 3596.933276 3538.904315 3639.745629 3857.412617 3982.535586 4000.842881 4077.515395 4174.234639 4153.489957 4185.352431 4209.090271 4236.918573 4259.250087 4274.261887 4272.720300 4267.755410 4251.099149 4243.055365 4242.130431 4239.963354 4222.363459 4203.226702 4186.287267 4182.945572 4164.651466 4114.186734 4080.602739 4062.713337 4042.903156 4029.745888 4002.797892 3976.599537 3959.651370 3969.329900 3968.160491 3955.072863 3950.667002 3968.512714 3999.436105 3998.007563 4010.583700 4030.352962 4065.856106 4104.486450 4123.866173 4153.211367 4189.048495 4237.773644 4245.972657 4268.559178 4271.303980 4261.671050 4214.517886 4162.528992 4132.947057 4077.236594 4017.659874 3955.952389 3906.895030 3862.223523 3806.964962 3773.375380 3734.650848 3681.361704 3639.562167 3633.347156 3600.538792 3588.185621 -9999.0 -9999.0 -9999.0 -9999.0
-9999.0 2880.196165 3055.762558 3290.418551 3585.086022 3652.147697 3854.147519 3968.134047 4006.176872 4074.270020 3945.583290 4159.629900 4214.985798 4210.647175 4228.768482 4232.353433 4246.920933 4246.134710 4241.045393 4229.926933 4220.196937 4215.515136 4214.502139 4206.561071 4193.871620 4179.179565 4167.179693 4155.572547 4118.560030 4086.315577 4046.301439 4033.593242 3987.865925 3895.557549 3856.958696 3817.742687 3756.036203 3759.125694 3767.838955 3744.202732 3724.438462 3695.314475 3725.804951 3737.371201 3741.859314 3736.559304 3745.566480 3775.041192 3823.625675 3858.158988 3896.943852 3945.019170 3975.672757 4014.896889 4054.490345 4106.947908 4138.409414 4167.435559 4216.890587 4254.029446 4276.876797 4262.462074 4244.435563 4199.078141 4138.606999 4089.146646 4059.910086 4009.077691 3965.469999 3922.116967 3875.760767 3823.133709 3761.751953 3711.029843 3677.676842 -9999.0 -9999.0 -9999.0 -9999.0 -9999.0
-9999.0 2658.685791 2914.270409 3172.677027 3440.786247 3784.702357 3961.937384 4054.526716 4118.414464 4103.762134 4129.393350 4135.117152 4172.468215 4180.092342 4158.755864 4144.580381 4126.501102 4125.411644 4138.515927 4110.955918 4080.418847 4066.918567 4067.858137 4057.176329 4033.139122 4018.289212 4009.062011 3990.382325 3947.321164 3896.825131 3812.231529 3776.829230 3697.448943 3660.603297 3624.999860 3578.397239 3534.683602 3541.105081 3566.661957 3558.336027 3537.943498 3521.274469 3551.021128 3572.261108 3585.648221 3568.964601 3575.408503 3609.665483 3655.853614 3696.028753 3739.469936 3787.115466 3828.977049 3867.714159 3887.912052 3926.597590 3968.725009 4010.364627 4080.717475 4159.769697 4196.172082 4231.106363 4259.621913 4281.690965 4238.594821 4212.637337 4188.685264 4164.949277 4118.462682 4072.922769 4032.362023 3967.273521 3907.731248 -9999.0 -9999.0 -9999.0 -9999.0 -9999.0 -9999.0 -9999.0
-9999.0 2548.140795 2738.119240 2914.434694 3152.609620 3380.198749 3605.839033 3695.877793 3766.500349 3842.352540 3898.726667 3937.334339 3963.118607 3984.897087 3962.386989 3915.746680 3883.227762 3888.322673 3878.889336 3858.236607 3830.803765 3818.144817 3815.436963 3810.930021 3790.103628 3780.308843 3773.898305 3756.241759 3731.646887 3679.160750 3608.825516 3535.764433 3483.222484 3465.601127 3444.300966 3418.636204 3393.549879 3407.525054 3420.366022 3421.078371 3415.382738 3416.221244 3445.260609 3465.287561 3474.695756 3463.991898 3482.030731 3504.634188 3540.873051 3579.640581 3623.770562 3673.313409 3721.229525 3740.507295 3741.540356 3751.744882 3778.444777 3821.068061 3896.974197 3982.994609 4061.499081 4107.314477 4158.341072 4198.681188 4227.262412 4251.329707 4274.360089 4267.905299 4241.556721 4207.965438 4148.717258 -9999.0 -9999.0 -9999.0 -9999.0 -9999.0 -9999.0 -9999.0 -9999.0 -9999.0
-9999.0 -9999.0 2513.356062 2662.403011 2753.658059 2896.097683 3027.784148 3131.740568 3232.402424 3376.787624 3501.168819 3595.969486 3642.848619 3658.525564 3644.961938 3617.401634 3600.878363 3600.446216 3588.581577 3583.017282 3569.679726 3564.939991 3553.083751 3546.059535 3543.189375 3543.625778 3542.194056 3534.930681 3519.446829 3479.397682 3444.784250 3402.092696 3357.619244 3337.410383 3320.722520 3305.283319 3310.933515 3306.478976 3312.464354 3316.010652 3326.421708 3341.087740 3360.415808 3383.216006 3392.854445 3403.203855 3413.696528 3434.815874 3464.092958 3503.689540 3554.470843 3608.767988 3644.072868 3650.155784 3631.162562 3624.983969 3631.754990 3659.240005 3720.804681 3788.954495 3879.006130 3944.739162 4011.680564 4067.937069 4094.831296 4131.223330 4202.078248 4250.152266 4293.391325 4270.945457 -9999.0 -9999.0 -9999.0 -9999.0 -9999.0 -9999.0 -9999.0 -9999.0 -9999.0 -9999.0
-9999.0 -9999.0 -9999.0 -9999.0 2522.925856 2668.793954 2766.255946 2822.401158 2955.292887 3077.525095 3181.289451 3268.470630 3338.368992 3364.318353 3366.494012 3385.345562 3385.166188 3375.559014 3364.620784 3370.753636 3377.011656 3371.415630 3354.753529 3349.489922 3354.925995 3364.577601 3364.367857 3353.313940 3337.095896 3326.231719 3316.475073 3288.377905 3258.641502 3233.419562 3223.514849 3222.541255 3224.051000 3217.048797 3226.150793 3236.007086 3252.491193 3267.824299 3291.348752 3321.205799 3336.058210 3350.582612 3358.716563 3376.535524 3404.581640 3455.579756 3516.800899 3572.939096 3606.536771 3606.382159 3577.098166 3554.591256 3541.063953 3557.340536 3585.214693 3634.528405 3723.090701 3784.864917 3829.194295 3867.162758 3903.432430 3969.155344 4064.771813 4146.596935 -9999.0 -9999.0 -9999.0 -9999.0 -9999.0 -9999.0 -9999.0 -9999.0 -9999.0 -9999.0 -9999.0 -9999.0
-9999.0 -9999.0 -9999.0 -9999.0 -9999.0 -9999.0 2502.682796 2609.530315 2674.979870 2805.086087 2952.425667 3051.489509 3134.950502 3171.680575 3205.540743 3236.807368 3237.982884 3217.499138 3195.315354 3218.138567 3238.943674 3232.887682 3200.450262 3203.187527 3211.904741 3221.181381 3220.375197 3216.665846 3194.628949 3215.002081 3222.839243 3203.086977 3180.589815 3171.500617 3162.004304 3173.588215 3174.970126 3161.375033 3160.640859 3188.878130 3210.529452 3223.523513 3244.418890 3277.617706 3310.043677 3325.624839 3326.101196 3330.094409 3365.679686 3433.148912 3503.749853 3558.531750 3589.241097 3593.493770 3562.140878 3516.746694 3489.931582 3487.839430 3510.942746 3548.823149 3608.989339 3644.194300 3653.460133 3652.469550 3663.190848 3763.595726 -9999.0 -9999.0 -9999.0 -9999.0 -9999.0 -9999.0 -9999.0 -9999.0 -9999.0 -9999.0 -9999.0 -9999.0 -9999.0 -9999.0
-9999.0 -9999.0 -9999.0 -9999.0 -9999.0 -9999.0 -9999.0 -9999.0 -9999.0 -9999.0 -9999.0 -9999.0 -9999.0 -9999.0 -9999.0 -9999.0 -9999.0 -9999.0 -9999.0 -9999.0 -9999.0 -9999.0 -9999.0 -9999.0 -9999.0 -9999.0 -9999.0 -9999.0 -9999.0 -9999.0 -9999.0 -9999.0 -9999.0 -9999.0 -9999.0 -9999.0 -9999.0 -9999.0 -9999.0 -9999.0 -9999.0 -9999.0 -9999.0 -9999.0 -9999.0 -9999.0 -9999.0 -9999.0 -9999.0 -9999.0 -9999.0 -9999.0 -9999.0 -9999.0 -9999.0 -9999.0 -9999.0 -9999.0 -9999.0 -9999.0 -9999.0 -9999.0 -9999.0 -9999.0 -9999.0 -9999.0 -9999.0 -9999.0 -9999.0 -9999.0 -9999.0 -9999.0 -9999.0 -9999.0 -9999.0 -9999.0 -9999.0 -9999.0 -9999.0 -9999.0
-9999.0 -9999.0 -9999.0 -9999.0 -9999.0 -9999.0 -9999.0 -9999.0 -9999.0 -9999.0 -9999.0 -9999.0 -9999.0 -9999.0 -9999.0 -9999.0 -9999.0 -9999.0 -9999.0 -9999.0 -9999.0 -9999.0 -9999.0 -9999.0 -9999.0 -9999.0 -9999.0 -9999.0 -9999.0 -9999.0 -9999.0 -9999.0 -9999.0 -9999.0 -9999.0 -9999.0 -9999.0 -9999.0 -9999.0 -9999.0 -9999.0 -9999.0 -9999.0 -9999.0 -9999.0 -9999.0 -9999.0 -9999.0 -9999.0 -9999.0 -9999.0 -9999.0 -9999.0 -9999.0 -9999.0 -9999.0 -9999.0 -9999.0 -9999.0 -9999.0 -9999.0 -9999.0 -9999.0 -9999.0 -9999.0 -9999.0 -9999.0 -9999.0 -9999.0 -9999.0 -9999.0 -9999.0 -9999.0 -9999.0 -9999.0 -9999.0 -9999.0 -9999.0 -9999.0 -9999.0