Borden_/Borden1m_014/output_maps/psiliqL0029N0040.asc
ncols         80
nrows         18
xllcorner     620200.000000
yllcorner     5168000.000000
cellsize      1.000000
NODATA_value  -9999.0
-9999.0 -9999.0 -9999.0 -9999.0 -9999.0 -9999.0 -9999.0 -9999.0 -9999.0 -9999.0 -9999.0 -9999.0 -9999.0 -9999.0 -9999.0 -9999.0 -9999.0 -9999.0 -9999.0 -9999.0 -9999.0 -9999.0 -9999.0 -9999.0 -9999.0 -9999.0 -9999.0 -9999.0 -9999.0 -9999.0 -9999.0 -9999.0 -9999.0 -9999.0 -9999.0 -9999.0 -9999.0 -9999.0 -9999.0 -9999.0 -9999.0 -9999.0 -9999.0 -9999.0 -9999.0 -9999.0 -9999.0 -9999.0 -9999.0 -9999.0 -9999.0 -9999.0 -9999.0 -9999.0 -9999.0 -9999.0 -9999.0 -9999.0 -9999.0 -9999.0 -9999.0 -9999.0 -9999.0 -9999.0 -9999.0 -9999.0 -9999.0 -9999.0 -9999.0 -9999.0 -9999.0 -9999.0 -9999.0 -9999.0 -9999.0 -9999.0 -9999.0 -9999.0 -9999.0 -9999.0
-9999.0 -9999.0 -9999.0 -9999.0 -9999.0 -9999.0 -9999.0 -9999.0 -9999.0 -9999.0 -9999.0 -9999.0 -9999.0 -9999.0 -9999.0 -9999.0 -9999.0 -9999.0 -9999.0 -9999.0 -9999.0 -9999.0 -9999.0 -9999.0 -9999.0 -9999.0 -9999.0 -9999.0 -9999.0 -9999.0 -9999.0 -9999.0 -9999.0 -9999.0 -9999.0 -9999.0 -9999.0 -9999.0 -9999.0 -9999.0 -9999.0 -9999.0 -9999.0 -9999.0 -9999.0 -9999.0 -9999.0 -9999.0 -9999.0 -9999.0 -9999.0 -9999.0 -9999.0 -9999.0 -9999.0 -9999.0 -9999.0 -9999.0 -9999.0 -9999.0 -9999.0 -9999.0 -9999.0 -9999.0 -9999.0 -9999.0 -9999.0 -9999.0 -9999.0 -9999.0 -9999.0 -9999.0 -9999.0 -9999.0 -9999.0 -9999.0 -9999.0 -9999.0 -9999.0 -9999.0
-9999.0 -9999.0 -9999.0 -9999.0 -9999.0 -9999.0 -9999.0 -9999.0 -9999.0 -9999.0 -9999.0 -9999.0 -9999.0 -9999.0 -9999.0 -9999.0 -9999.0 -9999.0 -9999.0 -9999.0 3925.068140 3925.622452 3904.003312 3869.686954 3841.235363 3842.815082 3875.156625 3915.459087 3954.169467 3960.732052 3941.149833 3945.076818 3940.483780 3934.988303 3934.475338 3942.300375 3949.408199 3958.651845 3965.191815 3962.385486 3954.694136 3949.694213 3952.859601 3954.100629 3960.589073 3945.173573 3961.663225 3978.201230 3982.739960 3980.530551 3957.514860 3946.432833 3938.727493 3923.224171 3950.440766 3962.225990 3986.056035 3990.985127 3989.120271 3962.680028 3932.778758 -9999.0 -9999.0 -9999.0 -9999.0 -9999.0 -9999.0 -9999.0 -9999.0 -9999.0 -9999.0 -9999.0 -9999.0 -9999.0 -9999.0 -9999.0 -9999.0 -9999.0 -9999.0 -9999.0
-9999.0 -9999.0 -9999.0 -9999.0 -9999.0 -9999.0 -9999.0 -9999.0 -9999.0 -9999.0 -9999.0 -9999.0 -9999.0 -9999.0 3835.110784 3826.450195 3823.356461 3830.142548 3862.105628 3892.170988 3903.560935 3895.882482 3895.399064 3870.116572 3846.406740 3858.346783 3887.331188 3917.196753 3950.008818 3966.368633 3955.226627 3952.272519 3958.236855 3976.051500 3982.625162 3978.621657 3961.396714 3985.847426 3998.370590 4001.698635 3999.350117 3989.145279 3996.784257 4010.347577 4003.184996 3988.353335 4000.762034 4016.529412 4026.843133 4020.049273 3963.338482 3953.225443 3950.479869 3947.355396 3934.812342 3931.895226 3961.375675 3961.223599 3954.643992 3937.988905 3904.866021 3859.694559 3841.057864 3882.602335 3926.637784 3983.111438 -9999.0 -9999.0 -9999.0 -9999.0 -9999.0 -9999.0 -9999.0 -9999.0 -9999.0 -9999.0 -9999.0 -9999.0 -9999.0 -9999.0
-9999.0 -9999.0 -9999.0 -9999.0 -9999.0 -9999.0 -9999.0 -9999.0 -9999.0 3777.815691 3783.985482 3790.634972 3792.893734 3807.599681 3803.806492 3810.335899 3813.196690 3840.161841 3868.869128 3901.593404 3927.756511 3918.160136 3916.095998 3918.007448 3909.656020 3916.018526 3935.817574 3971.486562 4000.519834 4034.391614 3999.516184 3993.777299 4010.733350 4050.397513 4070.642986 4071.032306 4052.088740 4071.117586 4094.318015 4108.416885 4104.321699 4097.476913 4124.024767 4139.819296 4131.488087 4109.130450 4110.688427 4120.049266 4150.316532 4099.363776 4032.960595 3997.701725 4016.602396 3997.605292 3974.798740 3966.298302 3968.234209 3989.068164 3978.472491 3945.667031 3913.487683 3901.922740 3885.679619 3908.237259 3932.265120 3979.185509 4019.774053 4050.144290 4049.744371 4032.710281 -9999.0 -9999.0 -9999.0 -9999.0 -9999.0 -9999.0 -9999.0 -9999.0 -9999.0 -9999.0
-9999.0 -9999.0 -9999.0 -9999.0 -9999.0 -9999.0 3699.407664 3709.992613 3730.599368 3732.362858 3758.801840 3763.172410 3781.164493 3797.397115 3818.797768 3830.194472 3853.409948 3882.144674 3916.458763 3952.223090 3978.293364 3964.737725 3968.866608 3985.179731 4008.422405 4024.465373 4046.589090 4084.288016 4156.566535 4192.368869 4181.258400 4181.170784 4189.160425 4240.182586 4304.385802 4314.147858 4293.289065 4280.720596 4305.731559 4344.238981 4340.774684 4339.413667 4353.874143 4365.333126 4392.360440 4380.414369 4344.523026 4341.187484 4350.180303 4324.921725 4252.849069 4196.678761 4181.251516 4133.847027 4049.162117 4009.211161 4037.846365 4068.405950 4048.643526 4000.140988 3969.958680 3966.062031 3956.286904 3951.403516 3965.830123 3990.075154 4014.653708 4029.381324 4017.959278 3997.371243 3976.184625 3948.357836 3951.375967 3976.401006 -9999.0 -9999.0 -9999.0 -9999.0 -9999.0 -9999.0
-9999.0 -9999.0 -9999.0 -9999.0 3650.329724 3662.917464 3647.024152 3673.094796 3704.383409 3737.324797 3763.205775 3793.103355 3814.741663 3840.081883 3870.831361 3889.103337 3918.354287 3946.385282 3991.748251 4051.188971 4093.880907 4104.805420 4112.271789 4162.436517 4218.280632 4264.423810 4283.199977 4309.701478 4357.897936 4415.012118 4436.786523 4438.843765 4455.855405 4501.797722 4561.105740 4597.106976 4578.957930 4569.402395 4580.865215 4596.357476 4618.532554 4618.552391 4619.711117 4624.517250 4633.084486 4630.711154 4602.749676 4568.686801 4555.488598 4544.731383 4503.461221 4429.423156 4400.712675 4370.382642 4323.411702 4267.382741 4224.277484 4229.382157 4173.824590 4117.774762 4070.273803 4065.522213 4047.449210 4033.460552 4018.667528 4033.273450 4047.061288 4033.032374 4003.376624 3974.691219 3962.287519 3945.147413 3933.847226 3965.438379 3983.511935 4012.817671 -9999.0 -9999.0 -9999.0 -9999.0
-9999.0 -9999.0 3591.910969 3635.917008 3692.504217 3697.342686 3688.072080 3689.497780 3714.661884 3762.529414 3821.139979 3854.398540 3879.474712 3908.969685 3957.465220 4015.241705 4072.910568 4115.109271 4174.114970 4244.538187 4303.903786 4330.029299 4338.029322 4374.406016 4430.718549 4503.109003 4532.350867 4559.812344 4593.164689 4631.610890 4618.029148 4627.857680 4641.471639 4657.124609 4674.767148 4683.330867 4677.945072 4673.226325 4654.355618 4648.698955 4655.087770 4664.063963 4662.353737 4647.287549 4643.288049 4658.693386 4665.587839 4663.060465 4659.421601 4663.706106 4656.801179 4605.310750 4593.219300 4577.120985 4563.903900 4516.331289 4447.763215 4416.648381 4393.594702 4350.795586 4276.405180 4241.315700 4203.159038 4170.141143 4134.507671 4124.249201 4093.923099 4063.007786 4025.243632 3985.202649 3966.893756 3953.471877 3953.563492 3954.356970 3972.538446 3988.335048 4004.410551 4012.534604 -9999.0 -9999.0
-9999.0 3480.199366 3550.376469 3669.981324 3746.387670 3780.455795 3782.151904 3779.554243 3803.864890 3838.226698 3920.523177 3960.653030 4043.309620 4082.578740 4121.944684 4212.059526 4309.102777 4354.087125 4395.027195 4462.344450 4531.058991 4579.557912 4606.607489 4576.892102 4618.890420 4653.970512 4663.858095 4672.176812 4673.543767 4664.894225 4658.965989 4665.418176 4662.151292 4642.336530 4625.659991 4623.674376 4620.127826 4596.254307 4568.287669 4552.166156 4552.925656 4578.589820 4564.953258 4543.303140 4538.776516 4560.866599 4583.288478 4572.226470 4558.883047 4575.660076 4611.072621 4637.625032 4636.345069 4655.565754 4676.843134 4646.700223 4627.173436 4581.691099 4564.215934 4538.333485 4479.846807 4424.842614 4376.055131 4327.822604 4276.103504 4228.893094 4181.804838 4134.988642 4082.681507 4050.419657 4027.006001 3985.784882 3974.894097 3982.359871 3978.256441 3977.029427 3983.759316 3990.392081 -9999.0 -9999.0
-9999.0 3378.754729 3516.002625 3690.742332 3831.284641 3866.974079 3918.001729 3968.515175 3979.896288 3918.466726 4020.404297 4240.580697 4371.586713 4391.502650 4470.337183 4569.945261 4543.869509 4576.616655 4601.259185 4632.383329 4657.299876 4673.461174 4672.217220 4667.583439 4650.680402 4642.579395 4641.588246 4639.335202 4621.442883 4602.043307 4584.905695 4581.285633 4562.466697 4510.432651 4476.258090 4457.701189 4436.579875 4423.813073 4397.270577 4370.698125 4353.015730 4361.571644 4361.331155 4348.835597 4344.447886 4361.883596 4392.904157 4392.310451 4406.176911 4426.224335 4461.856648 4501.279906 4520.872922 4550.631029 4586.843021 4636.783747 4644.071560 4666.907557 4669.349674 4661.039141 4612.903464 4560.151996 4530.228572 4473.853171 4414.146965 4352.315110 4302.759357 4257.877951 4202.196421 4168.966006 4130.583400 4077.217196 4036.554697 4032.046128 3999.661995 3988.069514 -9999.0 -9999.0 -9999.0 -9999.0
-9999.0 3269.014500 3444.873903 3676.836945 3976.113882 4038.440966 4243.287537 4358.281944 4395.855687 4465.749742 4321.504436 4548.621004 4608.269867 4605.039806 4627.162121 4631.405284 4646.457009 4645.426672 4640.316988 4629.022666 4619.050001 4614.180475 4613.245429 4605.257160 4592.458432 4577.640851 4565.480982 4553.581655 4515.942237 4483.164067 4441.815324 4428.717075 4381.036201 4287.616708 4248.955742 4208.453874 4145.038139 4148.905384 4159.432465 4135.994531 4115.800523 4085.004256 4116.949903 4129.828836 4134.823425 4128.332346 4136.454807 4167.518474 4217.619802 4252.756957 4291.695129 4340.314931 4371.517439 4411.076161 4450.524150 4503.417054 4535.476895 4564.815603 4615.273747 4652.654280 4675.720950 4660.665809 4643.569392 4597.029076 4536.049401 4486.268106 4456.462076 4404.848147 4360.908134 4317.613506 4271.122548 4218.377518 4156.755013 4108.763622 4075.854049 -9999.0 -9999.0 -9999.0 -9999.0 -9999.0
-9999.0 3032.867339 3294.078035 3551.454805 3813.946595 4163.428198 4351.476616 4441.997433 4507.350849 4497.217434 4527.111851 4531.736436 4569.599603 4577.900541 4556.678165 4541.907516 4522.994512 4521.904219 4535.082662 4507.111977 4476.037401 4462.241095 4463.246399 4452.577757 4428.167465 4413.332687 4404.156398 4385.044707 4341.771761 4290.388085 4204.288406 4166.939883 4085.714253 4050.933976 4015.829086 3968.867014 3925.519557 3932.664667 3959.247735 3951.631213 3931.288235 3914.752902 3945.047853 3967.008807 3980.738105 3963.359020 3969.692126 4004.210162 4050.623824 4091.130117 4134.682412 4182.564691 4225.042427 4263.548167 4282.895176 4320.841644 4363.360114 4405.411258 4476.499456 4556.992767 4594.367820 4629.938030 4657.753645 4680.147951 4636.606814 4611.260222 4586.821725 4562.490535 4515.348238 4469.420792 4428.819075 4362.666721 4303.077083 -9999.0 -9999.0 -9999.0 -9999.0 -9999.0 -9999.0 -9999.0
-9999.0 2926.772738 3108.272848 3284.876332 3520.651157 3749.126884 3982.996514 4073.052001 4144.695784 4228.376327 4289.133991 4329.403885 4355.235768 4377.472802 4355.095130 4307.260882 4274.115398 4279.407182 4269.055326 4248.757924 4221.395938 4208.857078 4205.870943 4201.513620 4180.923106 4171.478134 4165.263987 4147.686865 4123.676505 4070.635330 4000.686229 3926.384041 3874.264336 3858.201904 3837.610956 3812.538253 3788.741553 3803.018416 3815.643725 3816.886545 3811.870526 3813.273481 3842.306647 3862.570623 3871.960752 3861.560287 3879.661690 3901.964389 3937.861043 3976.673020 4020.884825 4070.554209 4118.644070 4137.370359 4137.347486 4146.182462 4172.168584 4214.491717 4290.456168 4377.067894 4457.466992 4504.092644 4555.740274 4596.819957 4626.272403 4648.798127 4673.045427 4667.519106 4640.392884 4606.319695 4546.009461 -9999.0 -9999.0 -9999.0 -9999.0 -9999.0 -9999.0 -9999.0 -9999.0 -9999.0
-9999.0 -9999.0 2886.621769 3025.425331 3104.893964 3256.382926 3392.267213 3496.904843 3602.587769 3753.803554 3882.599076 3980.372248 4028.530406 4044.444864 4031.251670 4004.712633 3988.990855 3988.447452 3976.188676 3971.368033 3958.970306 3954.553022 3942.266971 3935.185941 3933.259566 3934.388842 3933.236868 3926.189700 3911.206270 3871.554354 3838.576953 3796.631121 3752.846980 3733.018282 3716.794205 3702.052135 3708.645484 3703.860041 3709.734268 3713.523254 3724.486804 3739.488251 3758.692504 3781.793461 3791.498555 3802.255653 3812.594391 3833.546875 3862.557296 3902.211838 3953.100794 4007.610248 4042.989460 4048.780052 4029.035127 4021.888483 4027.485223 4053.883309 4114.034181 4181.684495 4273.035842 4339.652686 4406.990819 4464.000788 4491.395834 4527.807605 4599.909200 4648.076022 4692.858099 4670.325494 -9999.0 -9999.0 -9999.0 -9999.0 -9999.0 -9999.0 -9999.0 -9999.0 -9999.0 -9999.0
-9999.0 -9999.0 -9999.0 -9999.0 2885.627750 3022.030981 3116.110036 3189.235754 3322.796861 3455.348839 3562.376097 3651.314528 3723.424069 3750.041598 3753.724859 3775.204915 3775.859511 3765.572972 3754.323420 3761.659739 3769.131499 3763.693121 3746.162472 3741.081948 3747.136589 3757.415822 3757.341845 3746.406335 3730.028685 3720.801898 3712.470510 3685.023918 3655.970387 3631.079838 3621.455258 3621.089278 3622.706451 3615.512044 3624.557617 3634.804994 3651.475577 3666.810344 3690.305215 3720.369924 3735.504025 3750.101820 3758.106111 3775.663117 3803.688909 3854.666665 3915.989325 3972.405995 4006.269901 4005.981402 3976.583393 3953.622451 3939.306508 3954.778643 3981.258371 4029.326184 4117.766910 4179.604729 4222.992731 4260.198371 4296.546212 4363.414466 4460.962184 4543.810886 -9999.0 -9999.0 -9999.0 -9999.0 -9999.0 -9999.0 -9999.0 -9999.0 -9999.0 -9999.0 -9999.0 -9999.0
-9999.0 -9999.0 -9999.0 -9999.0 -9999.0 -9999.0 2863.966246 2970.346033 3022.649416 3178.015932 3328.711157 3438.103738 3522.839785 3560.951381 3598.480470 3630.807290 3632.605945 3611.690984 3588.840266 3612.365079 3634.397564 3628.170897 3595.099953 3598.262141 3607.530550 3616.783821 3615.979729 3612.471433 3590.646247 3612.318487 3621.115949 3601.641784 3579.446883 3570.032380 3560.772841 3572.571480 3574.040249 3560.336236 3559.273341 3588.386096 3610.272417 3623.227325 3643.964913 3677.205138 3709.720075 3725.481207 3725.939614 3729.738544 3764.767722 3832.164409 3903.005587 3958.163005 3989.113441 3993.265761 3961.806975 3916.160947 3889.061565 3886.414751 3908.815311 3945.728382 4005.052056 4039.622814 4047.288913 4044.416236 4053.871745 4155.789831 -9999.0 -9999.0 -9999.0 -9999.0 -9999.0 -9999.0 -9999.0 -9999.0 -9999.0 -9999.0 -9999.0 -9999.0 -9999.0 -9999.0
-9999.0 -9999.0 -9999.0 -9999.0 -9999.0 -9999.0 -9999.0 -9999.0 -9999.0 -9999.0 -9999.0 -9999.0 -9999.0 -9999.0 -9999.0 -9999.0 -9999.0 -9999.0 -9999.0 -9999.0 -9999.0 -9999.0 -9999.0 -9999.0 -9999.0 -9999.0 -9999.0 -9999.0 -9999.0 -9999.0 -9999.0 -9999.0 -9999.0 -9999.0 -9999.0 -9999.0 -9999.0 -9999.0 -9999.0 -9999.0 -9999.0 -9999.0 -9999.0 -9999.0 -9999.0 -9999.0 -9999.0 -9999.0 -9999.0 -9999.0 -9999.0 -9999.0 -9999.0 -9999.0 -9999.0 -9999.0 -9999.0 -9999.0 -9999.0 -9999.0 -9999.0 -9999.0 -9999.0 -9999.0 -9999.0 -9999.0 -9999.0 -9999.0 -9999.0 -9999.0 -9999.0 -9999.0 -9999.0 -9999.0 -9999.0 -9999.0 -9999.0 -9999.0 -9999.0 -9999.0
-9999.0 -9999.0 -9999.0 -9999.0 -9999.0 -9999.0 -9999.0 -9999.0 -9999.0 -9999.0 -9999.0 -9999.0 -9999.0 -9999.0 -9999.0 -9999.0 -9999.0 -9999.0 -9999.0 -9999.0 -9999.0 -9999.0 -9999.0 -9999.0 -9999.0 -9999.0 -9999.0 -9999.0 -9999.0 -9999.0 -9999.0 -9999.0 -9999.0 -9999.0 -9999.0 -9999.0 -9999.0 -9999.0 -9999.0 -9999.0 -9999.0 -9999.0 -9999.0 -9999.0 -9999.0 -9999.0 -9999.0 -9999.0 -9999.0 -9999.0 -9999.0 -9999.0 -9999.0 -9999.0 -9999.0 -9999.0 -9999.0 -9999.0 -9999.0 -9999.0 -9999.0 -9999.0 -9999.0 -9999.0 -9999.0 -9999.0 -9999.0 -9999.0 -9999.0 -9999.0 -9999.0 -9999.0 -9999.0 -9999.0 -9999.0 -9999.0 -9999.0 -9999.0 -9999.0 -9999.0