Borden_/Borden1m_014/output_maps/psiliqL0018N0005.asc
ncols         80
nrows         18
xllcorner     620200.000000
yllcorner     5168000.000000
cellsize      1.000000
NODATA_value  -9999.0
-9999.0 -9999.0 -9999.0 -9999.0 -9999.0 -9999.0 -9999.0 -9999.0 -9999.0 -9999.0 -9999.0 -9999.0 -9999.0 -9999.0 -9999.0 -9999.0 -9999.0 -9999.0 -9999.0 -9999.0 -9999.0 -9999.0 -9999.0 -9999.0 -9999.0 -9999.0 -9999.0 -9999.0 -9999.0 -9999.0 -9999.0 -9999.0 -9999.0 -9999.0 -9999.0 -9999.0 -9999.0 -9999.0 -9999.0 -9999.0 -9999.0 -9999.0 -9999.0 -9999.0 -9999.0 -9999.0 -9999.0 -9999.0 -9999.0 -9999.0 -9999.0 -9999.0 -9999.0 -9999.0 -9999.0 -9999.0 -9999.0 -9999.0 -9999.0 -9999.0 -9999.0 -9999.0 -9999.0 -9999.0 -9999.0 -9999.0 -9999.0 -9999.0 -9999.0 -9999.0 -9999.0 -9999.0 -9999.0 -9999.0 -9999.0 -9999.0 -9999.0 -9999.0 -9999.0 -9999.0
-9999.0 -9999.0 -9999.0 -9999.0 -9999.0 -9999.0 -9999.0 -9999.0 -9999.0 -9999.0 -9999.0 -9999.0 -9999.0 -9999.0 -9999.0 -9999.0 -9999.0 -9999.0 -9999.0 -9999.0 -9999.0 -9999.0 -9999.0 -9999.0 -9999.0 -9999.0 -9999.0 -9999.0 -9999.0 -9999.0 -9999.0 -9999.0 -9999.0 -9999.0 -9999.0 -9999.0 -9999.0 -9999.0 -9999.0 -9999.0 -9999.0 -9999.0 -9999.0 -9999.0 -9999.0 -9999.0 -9999.0 -9999.0 -9999.0 -9999.0 -9999.0 -9999.0 -9999.0 -9999.0 -9999.0 -9999.0 -9999.0 -9999.0 -9999.0 -9999.0 -9999.0 -9999.0 -9999.0 -9999.0 -9999.0 -9999.0 -9999.0 -9999.0 -9999.0 -9999.0 -9999.0 -9999.0 -9999.0 -9999.0 -9999.0 -9999.0 -9999.0 -9999.0 -9999.0 -9999.0
-9999.0 -9999.0 -9999.0 -9999.0 -9999.0 -9999.0 -9999.0 -9999.0 -9999.0 -9999.0 -9999.0 -9999.0 -9999.0 -9999.0 -9999.0 -9999.0 -9999.0 -9999.0 -9999.0 -9999.0 1739.596884 1741.958960 1720.636168 1687.626703 1660.518663 1663.616278 1698.702441 1740.850538 1780.589932 1790.737988 1773.372017 1776.973731 1772.828157 1770.579931 1772.308849 1779.581023 1784.994176 1796.227087 1805.210381 1805.778884 1801.103907 1797.674133 1799.877750 1802.993128 1808.656297 1795.953318 1809.277067 1822.915771 1826.000339 1820.114989 1793.089446 1777.849804 1768.227580 1751.581263 1775.492163 1785.921710 1807.463410 1810.481288 1807.621276 1779.912569 1749.322450 -9999.0 -9999.0 -9999.0 -9999.0 -9999.0 -9999.0 -9999.0 -9999.0 -9999.0 -9999.0 -9999.0 -9999.0 -9999.0 -9999.0 -9999.0 -9999.0 -9999.0 -9999.0 -9999.0
-9999.0 -9999.0 -9999.0 -9999.0 -9999.0 -9999.0 -9999.0 -9999.0 -9999.0 -9999.0 -9999.0 -9999.0 -9999.0 -9999.0 1648.063077 1639.193673 1637.025637 1645.712044 1679.479182 1710.104020 1722.129867 1715.332216 1716.188152 1693.205283 1672.914425 1687.592706 1718.488142 1751.019202 1786.422487 1806.765633 1796.497618 1794.810778 1803.874783 1827.241952 1838.328739 1835.391781 1816.813395 1841.467353 1858.023014 1867.623385 1869.225845 1862.480381 1875.110892 1890.652009 1883.603942 1866.445387 1872.067708 1882.412225 1891.453695 1877.817360 1814.964294 1797.318823 1792.483136 1785.606872 1770.543400 1763.565922 1788.450972 1786.913934 1777.757184 1758.972324 1725.208340 1680.103170 1660.570167 1698.901946 1741.755048 1797.928256 -9999.0 -9999.0 -9999.0 -9999.0 -9999.0 -9999.0 -9999.0 -9999.0 -9999.0 -9999.0 -9999.0 -9999.0 -9999.0 -9999.0
-9999.0 -9999.0 -9999.0 -9999.0 -9999.0 -9999.0 -9999.0 -9999.0 -9999.0 1589.258349 1594.714950 1602.546671 1605.623964 1621.673142 1619.286250 1626.923745 1633.693785 1661.504494 1692.676154 1727.808076 1756.561175 1748.581136 1749.671253 1758.811962 1760.428811 1772.415907 1795.370969 1836.678799 1875.193574 1915.427324 1886.243155 1883.709366 1902.441067 1947.280199 1976.556481 1981.681186 1963.895551 1976.697549 2004.241564 2028.757920 2031.526993 2030.966528 2057.260058 2071.916041 2070.256175 2048.903872 2038.283107 2036.748985 2059.119589 2005.761772 1938.731267 1892.027402 1899.528445 1871.825738 1836.404136 1816.977179 1813.287438 1832.073214 1816.576630 1778.818148 1742.070947 1729.371088 1710.723122 1727.806028 1749.213479 1794.451144 1832.718972 1860.736623 1859.466298 1841.509813 -9999.0 -9999.0 -9999.0 -9999.0 -9999.0 -9999.0 -9999.0 -9999.0 -9999.0 -9999.0
-9999.0 -9999.0 -9999.0 -9999.0 -9999.0 -9999.0 1509.503839 1519.957240 1541.148621 1545.772169 1572.249716 1579.736099 1600.599433 1619.927135 1642.176267 1658.181066 1687.448769 1720.302342 1760.332869 1802.497535 1834.415949 1828.840590 1839.785667 1867.995967 1904.252247 1931.659203 1958.394078 2000.821087 2078.838735 2120.864761 2124.192320 2127.960682 2137.106525 2186.180319 2250.048389 2263.118139 2243.280149 2231.333604 2257.517074 2301.511815 2310.738404 2315.356105 2330.077376 2340.879677 2366.526283 2355.169619 2312.457173 2294.799815 2290.317329 2268.300496 2202.710163 2140.773592 2111.659922 2061.475904 1976.297700 1922.001898 1931.012875 1950.033436 1921.245611 1866.471602 1825.457246 1813.859230 1797.725176 1784.575430 1791.295723 1810.276788 1831.796874 1842.622481 1828.885484 1806.908382 1783.686292 1754.366717 1755.829372 1780.526716 -9999.0 -9999.0 -9999.0 -9999.0 -9999.0 -9999.0
-9999.0 -9999.0 -9999.0 -9999.0 1458.706832 1472.151584 1459.879060 1486.235268 1519.688050 1554.667637 1586.151964 1622.460988 1649.464611 1679.436566 1718.106678 1749.294366 1789.240060 1824.395205 1878.104709 1945.480721 1996.442792 2019.941441 2036.800809 2095.421556 2157.071971 2210.226955 2234.112167 2266.431169 2317.643040 2379.770988 2406.221999 2411.352790 2427.605701 2464.018304 2513.135570 2548.003355 2532.120115 2526.197244 2537.567353 2555.586543 2583.100135 2587.140523 2590.529087 2594.021686 2599.573575 2598.130407 2571.541964 2534.186783 2514.728905 2502.207641 2468.782793 2399.452165 2363.286464 2331.170496 2288.188244 2229.499209 2166.887516 2154.364690 2095.862323 2035.137267 1972.307388 1950.596749 1919.441607 1893.970628 1866.355385 1869.206427 1873.256329 1852.811730 1819.753311 1786.925455 1771.277804 1751.825298 1739.932208 1769.707238 1786.927089 1816.733372 -9999.0 -9999.0 -9999.0 -9999.0
-9999.0 -9999.0 1398.636601 1446.529595 1504.027413 1512.779289 1512.142315 1518.476174 1547.761202 1600.457298 1673.218596 1720.703948 1759.985766 1793.635800 1851.219846 1925.533446 1995.631756 2045.155581 2107.486589 2179.716484 2244.121656 2279.994479 2301.017991 2344.751617 2401.435630 2467.081404 2496.700781 2526.984337 2565.010661 2602.184323 2608.106446 2620.113279 2627.787274 2631.550428 2638.574829 2641.659615 2637.777800 2634.238948 2617.948254 2615.949362 2624.196444 2631.633845 2632.445552 2618.577263 2615.585305 2631.532153 2637.607803 2635.877309 2632.829260 2637.649440 2637.462664 2595.802597 2565.179066 2548.177041 2531.245838 2482.422740 2416.066531 2377.074828 2352.321667 2302.188907 2219.205888 2165.888967 2112.990933 2064.379896 2012.853424 1984.551418 1940.043562 1898.853837 1852.739511 1806.234485 1782.111361 1763.648707 1760.629859 1759.933034 1776.046419 1791.142477 1806.452863 1814.218809 -9999.0 -9999.0
-9999.0 1293.281899 1365.287617 1490.223495 1569.952748 1613.013129 1639.264453 1658.358162 1688.019469 1718.000579 1818.669668 1897.917754 1987.740901 2025.870670 2073.632726 2169.577018 2267.398275 2319.586256 2362.580411 2423.715294 2488.120015 2541.197294 2574.465463 2580.324125 2618.518093 2638.349574 2644.444829 2650.869154 2650.832085 2644.273279 2636.190416 2640.904158 2634.127089 2611.412635 2592.847216 2589.262741 2585.016580 2562.352188 2533.781487 2517.933106 2518.418115 2542.735289 2527.561725 2504.906099 2502.576231 2528.931205 2555.018139 2548.416050 2535.867692 2553.309381 2586.266201 2608.409010 2616.876953 2634.699531 2654.364087 2626.732387 2601.104398 2559.902320 2538.281327 2505.974911 2444.131844 2380.264330 2320.142529 2255.024232 2187.209321 2120.372037 2058.366897 1997.966218 1932.980097 1891.600352 1859.703365 1809.160107 1788.737149 1790.898420 1782.639644 1779.836923 1785.821536 1792.091731 -9999.0 -9999.0
-9999.0 1207.877327 1349.044352 1531.190432 1677.838198 1731.747228 1823.295665 1898.420035 1924.853874 1891.521135 1999.676928 2222.438035 2335.800972 2355.702614 2428.141705 2519.068070 2529.780818 2566.056466 2592.365909 2610.222067 2625.309211 2640.413781 2643.008614 2641.340109 2629.282345 2623.266225 2622.500384 2619.515740 2601.336827 2581.365191 2562.558405 2555.431144 2529.998269 2477.224125 2439.278928 2419.961209 2403.466732 2386.893148 2356.538500 2327.932781 2308.380204 2321.847205 2314.614676 2294.762539 2292.420016 2321.082195 2358.362204 2358.616826 2369.356165 2389.217709 2425.998822 2464.723715 2489.255130 2523.305489 2563.312838 2609.724145 2625.561177 2650.233087 2655.254412 2638.182652 2592.220903 2536.299387 2499.094763 2434.354591 2360.752367 2279.041586 2213.368522 2151.099567 2080.873830 2033.116333 1982.905802 1921.317910 1867.295013 1847.920837 1809.972462 1792.195676 -9999.0 -9999.0 -9999.0 -9999.0
-9999.0 1121.681177 1306.625543 1558.127129 1838.482588 1937.658975 2143.713307 2273.341054 2328.596677 2400.246865 2353.342078 2524.305895 2573.432668 2571.938732 2575.120745 2577.233688 2591.905117 2595.861261 2594.675246 2587.953188 2582.811135 2582.561408 2584.789449 2580.362980 2570.583339 2556.831265 2541.601939 2525.769690 2483.676161 2447.160967 2407.339284 2389.381274 2342.734201 2241.108973 2193.120097 2153.505559 2095.415771 2092.217354 2089.926844 2061.073040 2039.907735 2015.733938 2038.190062 2043.412855 2047.576372 2052.145907 2070.392223 2098.321692 2144.392164 2179.646672 2221.915428 2274.156022 2313.238078 2362.282236 2410.477468 2468.322599 2505.980738 2542.611920 2595.924009 2636.718126 2661.150596 2649.052320 2623.602564 2577.045939 2505.981775 2441.436619 2394.331898 2322.408146 2255.190986 2197.439886 2141.452809 2076.513927 2005.113933 1932.610587 1893.286163 -9999.0 -9999.0 -9999.0 -9999.0 -9999.0
-9999.0 928.884656 1194.630648 1474.501168 1774.869165 2106.074167 2253.035171 2373.425030 2445.264442 2421.984685 2439.744261 2463.057619 2512.370866 2523.855749 2500.991146 2485.908860 2469.378035 2468.239603 2482.278685 2458.545622 2432.686911 2422.746381 2425.461001 2416.542071 2395.287363 2379.852238 2367.441507 2342.297978 2286.782663 2230.313900 2144.573255 2110.334808 2030.133862 1975.148570 1929.964288 1879.658304 1830.287316 1830.939032 1849.987137 1836.072604 1813.391869 1794.587893 1821.147566 1839.609383 1852.931977 1842.022203 1852.143310 1888.330800 1936.781020 1978.960103 2026.154953 2079.094266 2125.806631 2175.058100 2208.102557 2260.109133 2314.919418 2369.352002 2448.564930 2532.786227 2575.016942 2612.132522 2645.865362 2664.971921 2616.683251 2573.839210 2528.520862 2472.559204 2397.483673 2347.737834 2307.635564 2231.256383 2159.350301 -9999.0 -9999.0 -9999.0 -9999.0 -9999.0 -9999.0 -9999.0
-9999.0 806.736349 1017.099732 1233.866511 1505.791262 1739.009584 1939.942796 2042.290430 2120.208383 2170.917125 2217.714032 2260.447695 2298.721402 2324.694448 2300.803978 2251.970417 2217.457669 2219.726801 2214.104840 2192.247911 2165.224962 2152.826619 2152.057064 2147.336968 2125.228159 2112.375055 2101.469068 2076.434567 2041.334934 1983.880798 1905.343546 1831.735477 1771.877722 1741.961214 1712.926532 1681.167854 1647.865169 1658.631002 1670.816503 1667.892451 1657.993924 1655.454726 1684.117844 1703.163473 1713.476506 1702.894858 1722.561215 1748.593309 1788.742985 1830.281169 1877.297554 1930.303380 1982.788519 2011.088801 2023.943367 2048.591370 2089.720922 2147.367133 2238.154799 2339.992936 2423.216285 2476.039589 2532.951728 2574.852754 2596.064162 2614.001077 2601.806479 2536.178439 2446.024764 2435.119004 2423.551189 -9999.0 -9999.0 -9999.0 -9999.0 -9999.0 -9999.0 -9999.0 -9999.0 -9999.0
-9999.0 -9999.0 785.886673 955.103364 1079.867323 1252.563809 1398.294547 1505.743552 1597.347072 1719.607839 1831.744012 1921.551376 1969.740903 1988.220317 1972.781783 1937.691103 1914.743470 1913.296524 1902.622610 1893.621561 1876.143462 1870.014355 1859.701170 1852.663461 1844.896669 1840.833264 1835.737059 1823.978446 1801.748063 1755.346767 1709.285120 1659.610121 1607.826269 1582.804022 1561.363066 1540.683276 1540.524540 1536.299429 1541.724504 1543.363013 1550.627773 1563.335320 1583.043869 1605.130612 1614.998197 1624.403879 1636.763530 1660.014659 1692.097863 1733.260336 1785.851990 1842.279061 1880.988909 1892.798682 1882.178890 1886.271000 1905.797869 1948.109072 2028.241907 2113.298070 2211.680606 2287.748437 2367.938827 2428.440358 2454.661289 2484.056961 2519.250793 2486.151853 2363.201797 2401.134090 -9999.0 -9999.0 -9999.0 -9999.0 -9999.0 -9999.0 -9999.0 -9999.0 -9999.0 -9999.0
-9999.0 -9999.0 -9999.0 -9999.0 812.818025 964.394099 1060.131223 1141.116614 1269.950834 1391.992059 1493.587195 1578.238776 1642.319696 1668.923962 1664.963951 1671.155653 1666.119153 1658.809572 1648.899409 1649.504158 1650.303893 1643.973171 1630.130310 1623.737057 1625.781356 1631.543615 1629.095538 1615.327895 1597.196023 1576.264245 1557.587137 1524.300049 1489.393721 1460.697745 1447.853992 1442.771678 1442.707577 1435.682013 1444.315299 1451.885364 1467.105638 1482.154448 1505.703506 1534.713001 1548.618525 1563.367093 1572.837429 1592.777662 1622.513547 1675.003445 1737.450840 1794.386338 1829.533847 1833.123728 1807.893557 1791.667378 1787.081353 1814.029681 1857.313684 1922.615131 2023.313887 2097.744477 2158.437175 2209.274716 2252.074123 2317.078702 2398.870699 2449.650941 -9999.0 -9999.0 -9999.0 -9999.0 -9999.0 -9999.0 -9999.0 -9999.0 -9999.0 -9999.0 -9999.0 -9999.0
-9999.0 -9999.0 -9999.0 -9999.0 -9999.0 -9999.0 773.840191 875.240984 951.969881 1092.009511 1224.344861 1326.328687 1406.925729 1439.087383 1466.153447 1492.737945 1490.731059 1471.817276 1452.425367 1472.063436 1487.387319 1482.119554 1452.475024 1453.034498 1458.720574 1467.206569 1465.110731 1458.865753 1433.988304 1446.597142 1448.275797 1425.564199 1400.080430 1386.768048 1375.224247 1385.084259 1385.451269 1371.819919 1372.146923 1399.103669 1419.411030 1432.376575 1453.906787 1486.989609 1519.264868 1534.458560 1535.593880 1541.193502 1580.205178 1649.552923 1720.493220 1775.262622 1807.052140 1814.336109 1786.511766 1745.752891 1724.628046 1730.681703 1763.975668 1814.544717 1888.410300 1936.810213 1963.458818 1979.750769 2003.378306 2102.168212 -9999.0 -9999.0 -9999.0 -9999.0 -9999.0 -9999.0 -9999.0 -9999.0 -9999.0 -9999.0 -9999.0 -9999.0 -9999.0 -9999.0
-9999.0 -9999.0 -9999.0 -9999.0 -9999.0 -9999.0 -9999.0 -9999.0 -9999.0 -9999.0 -9999.0 -9999.0 -9999.0 -9999.0 -9999.0 -9999.0 -9999.0 -9999.0 -9999.0 -9999.0 -9999.0 -9999.0 -9999.0 -9999.0 -9999.0 -9999.0 -9999.0 -9999.0 -9999.0 -9999.0 -9999.0 -9999.0 -9999.0 -9999.0 -9999.0 -9999.0 -9999.0 -9999.0 -9999.0 -9999.0 -9999.0 -9999.0 -9999.0 -9999.0 -9999.0 -9999.0 -9999.0 -9999.0 -9999.0 -9999.0 -9999.0 -9999.0 -9999.0 -9999.0 -9999.0 -9999.0 -9999.0 -9999.0 -9999.0 -9999.0 -9999.0 -9999.0 -9999.0 -9999.0 -9999.0 -9999.0 -9999.0 -9999.0 -9999.0 -9999.0 -9999.0 -9999.0 -9999.0 -9999.0 -9999.0 -9999.0 -9999.0 -9999.0 -9999.0 -9999.0
-9999.0 -9999.0 -9999.0 -9999.0 -9999.0 -9999.0 -9999.0 -9999.0 -9999.0 -9999.0 -9999.0 -9999.0 -9999.0 -9999.0 -9999.0 -9999.0 -9999.0 -9999.0 -9999.0 -9999.0 -9999.0 -9999.0 -9999.0 -9999.0 -9999.0 -9999.0 -9999.0 -9999.0 -9999.0 -9999.0 -9999.0 -9999.0 -9999.0 -9999.0 -9999.0 -9999.0 -9999.0 -9999.0 -9999.0 -9999.0 -9999.0 -9999.0 -9999.0 -9999.0 -9999.0 -9999.0 -9999.0 -9999.0 -9999.0 -9999.0 -9999.0 -9999.0 -9999.0 -9999.0 -9999.0 -9999.0 -9999.0 -9999.0 -9999.0 -9999.0 -9999.0 -9999.0 -9999.0 -9999.0 -9999.0 -9999.0 -9999.0 -9999.0 -9999.0 -9999.0 -9999.0 -9999.0 -9999.0 -9999.0 -9999.0 -9999.0 -9999.0 -9999.0 -9999.0 -9999.0