Borden_/Borden1m_014/output_maps/psiliqL0023N0008.asc
ncols         80
nrows         18
xllcorner     620200.000000
yllcorner     5168000.000000
cellsize      1.000000
NODATA_value  -9999.0
-9999.0 -9999.0 -9999.0 -9999.0 -9999.0 -9999.0 -9999.0 -9999.0 -9999.0 -9999.0 -9999.0 -9999.0 -9999.0 -9999.0 -9999.0 -9999.0 -9999.0 -9999.0 -9999.0 -9999.0 -9999.0 -9999.0 -9999.0 -9999.0 -9999.0 -9999.0 -9999.0 -9999.0 -9999.0 -9999.0 -9999.0 -9999.0 -9999.0 -9999.0 -9999.0 -9999.0 -9999.0 -9999.0 -9999.0 -9999.0 -9999.0 -9999.0 -9999.0 -9999.0 -9999.0 -9999.0 -9999.0 -9999.0 -9999.0 -9999.0 -9999.0 -9999.0 -9999.0 -9999.0 -9999.0 -9999.0 -9999.0 -9999.0 -9999.0 -9999.0 -9999.0 -9999.0 -9999.0 -9999.0 -9999.0 -9999.0 -9999.0 -9999.0 -9999.0 -9999.0 -9999.0 -9999.0 -9999.0 -9999.0 -9999.0 -9999.0 -9999.0 -9999.0 -9999.0 -9999.0
-9999.0 -9999.0 -9999.0 -9999.0 -9999.0 -9999.0 -9999.0 -9999.0 -9999.0 -9999.0 -9999.0 -9999.0 -9999.0 -9999.0 -9999.0 -9999.0 -9999.0 -9999.0 -9999.0 -9999.0 -9999.0 -9999.0 -9999.0 -9999.0 -9999.0 -9999.0 -9999.0 -9999.0 -9999.0 -9999.0 -9999.0 -9999.0 -9999.0 -9999.0 -9999.0 -9999.0 -9999.0 -9999.0 -9999.0 -9999.0 -9999.0 -9999.0 -9999.0 -9999.0 -9999.0 -9999.0 -9999.0 -9999.0 -9999.0 -9999.0 -9999.0 -9999.0 -9999.0 -9999.0 -9999.0 -9999.0 -9999.0 -9999.0 -9999.0 -9999.0 -9999.0 -9999.0 -9999.0 -9999.0 -9999.0 -9999.0 -9999.0 -9999.0 -9999.0 -9999.0 -9999.0 -9999.0 -9999.0 -9999.0 -9999.0 -9999.0 -9999.0 -9999.0 -9999.0 -9999.0
-9999.0 -9999.0 -9999.0 -9999.0 -9999.0 -9999.0 -9999.0 -9999.0 -9999.0 -9999.0 -9999.0 -9999.0 -9999.0 -9999.0 -9999.0 -9999.0 -9999.0 -9999.0 -9999.0 -9999.0 2748.554818 2750.652802 2729.984918 2697.374118 2670.883545 2674.730700 2710.057756 2752.618485 2793.037694 2802.692201 2785.641253 2791.131824 2789.056395 2787.639889 2791.591812 2802.340150 2811.962975 2823.179815 2831.972760 2831.377654 2825.276822 2820.840655 2823.104251 2825.105498 2831.088729 2817.309454 2832.346630 2783.741384 2788.583887 2785.654669 2813.831736 2797.453537 2785.708301 2767.062066 2790.312517 2799.601178 2788.259019 2792.936969 2791.338340 2789.030306 2758.222177 -9999.0 -9999.0 -9999.0 -9999.0 -9999.0 -9999.0 -9999.0 -9999.0 -9999.0 -9999.0 -9999.0 -9999.0 -9999.0 -9999.0 -9999.0 -9999.0 -9999.0 -9999.0 -9999.0
-9999.0 -9999.0 -9999.0 -9999.0 -9999.0 -9999.0 -9999.0 -9999.0 -9999.0 -9999.0 -9999.0 -9999.0 -9999.0 -9999.0 2654.551687 2646.496175 2645.034122 2654.186097 2688.492701 2720.007553 2731.989332 2725.780047 2726.914164 2703.995334 2683.592194 2698.772690 2730.523408 2762.278806 2797.393223 2816.926915 2807.557255 2807.173292 2817.354561 2785.096579 2793.683478 2790.157094 2841.404650 2795.795118 2809.144090 2814.160971 2812.243126 2802.552021 2812.018147 2826.221358 2819.229632 2803.790008 2813.682435 2828.045190 2839.369771 2830.532846 2832.860442 2814.922800 2807.669505 2799.952809 2783.907358 2777.662303 2802.777151 2798.519457 2788.500677 2769.522696 2735.052296 2689.292399 2668.699992 2706.845349 2748.840185 2786.054446 -9999.0 -9999.0 -9999.0 -9999.0 -9999.0 -9999.0 -9999.0 -9999.0 -9999.0 -9999.0 -9999.0 -9999.0 -9999.0 -9999.0
-9999.0 -9999.0 -9999.0 -9999.0 -9999.0 -9999.0 -9999.0 -9999.0 -9999.0 2594.231096 2600.549275 2608.843483 2612.752236 2629.258630 2626.751444 2635.020247 2641.509500 2670.599398 2702.321705 2738.134601 2766.499151 2760.466132 2760.158151 2767.052599 2765.861899 2777.573199 2801.347966 2785.956455 2817.863992 2853.399297 2820.449969 2815.720223 2833.115938 2874.986119 2899.710425 2902.450225 2883.994552 2898.558979 2922.010631 2938.634970 2935.394589 2929.899719 2955.086948 2969.757284 2965.327230 2944.576741 2941.443687 2947.694623 2976.229179 2926.194902 2861.457292 2821.508685 2835.704757 2813.853789 2786.462756 2829.227863 2825.794042 2795.959632 2784.201229 2788.766156 2753.565518 2739.526030 2719.768518 2737.148711 2757.937873 2781.388415 2821.340206 2851.275419 2851.179476 2834.170551 -9999.0 -9999.0 -9999.0 -9999.0 -9999.0 -9999.0 -9999.0 -9999.0 -9999.0 -9999.0
-9999.0 -9999.0 -9999.0 -9999.0 -9999.0 -9999.0 2513.424352 2524.899544 2547.093194 2551.411789 2579.192133 2586.316046 2607.618461 2627.152693 2650.477389 2666.252349 2694.908497 2727.998105 2766.547742 2808.317137 2791.139104 2834.654986 2785.582825 2806.161780 2834.565712 2854.831522 2877.063925 2913.987816 2980.369222 3016.302290 3011.169405 3012.240334 3020.365717 3069.809832 3133.233376 3144.830320 3124.358443 3110.929662 3133.362202 3169.808665 3168.975743 3167.873702 3179.629619 3189.930123 3216.544322 3206.512983 3171.010534 3164.275096 3169.392615 3148.806650 3082.748928 3025.474489 3004.925816 2964.646188 2883.359456 2839.169690 2859.685404 2886.016178 2863.717027 2814.770038 2831.942536 2821.134601 2804.841452 2792.524428 2800.433430 2792.451121 2816.734020 2830.663609 2819.149608 2798.798725 2788.472268 2758.577355 2759.515444 2783.535956 -9999.0 -9999.0 -9999.0 -9999.0 -9999.0 -9999.0
-9999.0 -9999.0 -9999.0 -9999.0 2461.715914 2475.866757 2463.355714 2491.294208 2525.713918 2561.702005 2592.176037 2628.327036 2655.259342 2685.343224 2721.533408 2749.271606 2787.073193 2821.249919 2814.903727 2876.132062 2920.588945 2935.299353 2943.929957 2989.701881 3045.542408 3092.689146 3110.956065 3136.035304 3179.393019 3235.107624 3257.545222 3260.774150 3277.579969 3318.736590 3372.615877 3407.010012 3389.752150 3381.135890 3390.171084 3403.554250 3425.669317 3425.772479 3426.859693 3430.491264 3437.457586 3436.157687 3410.624339 3377.703363 3364.967754 3355.375272 3319.845161 3249.413411 3218.282777 3190.623469 3151.885395 3099.478393 3049.533249 3048.202375 2994.972682 2946.369276 2895.207468 2885.262793 2863.865325 2847.053705 2828.394235 2839.335867 2850.340771 2835.042538 2805.490571 2793.425453 2777.430112 2757.106662 2743.793930 2773.063899 2784.182017 2814.011440 -9999.0 -9999.0 -9999.0 -9999.0
-9999.0 -9999.0 2400.089737 2447.230984 2505.905757 2514.786026 2512.510024 2519.143890 2549.411457 2602.878124 2673.279107 2716.156992 2751.699924 2786.131501 2784.670888 2848.359502 2908.892109 2950.828958 3002.256776 3069.893276 3128.171587 3155.106788 3164.358932 3198.762330 3251.971438 3318.411513 3345.451921 3371.113504 3401.664283 3436.592211 3432.706427 3444.046283 3455.540926 3466.067455 3478.965705 3484.986482 3480.505730 3475.989932 3457.658210 3452.848104 3459.406139 3466.695943 3466.242096 3451.865601 3447.914987 3462.601401 3468.329026 3466.587123 3464.370927 3469.736777 3467.059989 3421.079855 3399.298123 3384.742311 3374.209790 3329.147492 3263.930998 3230.766859 3210.604152 3171.413662 3099.098015 3060.296188 3020.581055 2985.251824 2950.696279 2935.379354 2901.588985 2868.834203 2829.696362 2788.782222 2788.299325 2769.725741 2766.013638 2763.617452 2779.272130 2788.899431 2804.864525 2812.950966 -9999.0 -9999.0
-9999.0 2291.218911 2363.041892 2487.059910 2567.393110 2610.072215 2628.812749 2641.214380 2672.665889 2710.269831 2805.207065 2808.198296 2890.197402 2925.422628 2966.273979 3050.120320 3141.527793 3182.956123 3219.962795 3280.458765 3343.621011 3389.485218 3415.190435 3401.011860 3438.472692 3463.737230 3470.387867 3476.324046 3475.240271 3466.838001 3459.895427 3466.733997 3463.992955 3445.266660 3429.622735 3428.037671 3424.737649 3401.820138 3374.620264 3359.622954 3361.472944 3385.922455 3373.171950 3351.995343 3347.658964 3369.011214 3389.607547 3379.185193 3366.194021 3382.615510 3416.621689 3440.264098 3443.343321 3461.329541 3482.316164 3454.142953 3431.355777 3388.758940 3372.292724 3347.241274 3291.681871 3237.101465 3189.713694 3141.558310 3089.097526 3039.280686 2991.756206 2947.581738 2893.616477 2860.458753 2835.650009 2791.990173 2794.061145 2784.140110 2786.104829 2782.682817 2784.174009 2790.799510 -9999.0 -9999.0
-9999.0 2198.689756 2338.855525 2519.504154 2667.133415 2717.356762 2794.161731 2819.935445 2834.557489 2848.030985 2883.430564 3091.308652 3204.452641 3219.544722 3291.895321 3382.814366 3372.731831 3402.824266 3424.752722 3445.989356 3463.150817 3475.863598 3473.726752 3468.099650 3451.936945 3444.007609 3443.215144 3441.219998 3424.204942 3405.593814 3389.050722 3386.265784 3369.032436 3321.706513 3289.303015 3272.748069 3255.559823 3241.621127 3213.861708 3188.425404 3173.223406 3184.867718 3181.840564 3167.838290 3163.398767 3181.793093 3212.521737 3209.410543 3219.406574 3238.619787 3273.865172 3310.910324 3329.863338 3358.383270 3393.459770 3439.753744 3449.775169 3471.862744 3475.212917 3462.935190 3417.747077 3367.294770 3338.394889 3284.013748 3224.695339 3163.475709 3115.366484 3071.071514 3016.616811 2982.282124 2944.676363 2891.052076 2846.583320 2836.570919 2802.700328 2788.681688 -9999.0 -9999.0 -9999.0 -9999.0
-9999.0 2101.970237 2283.695026 2528.219574 2803.997609 2881.103174 3076.023554 3187.849025 3226.833371 3291.462942 3193.760536 3381.648581 3428.417895 3421.862174 3431.981516 3434.250006 3447.849065 3447.551076 3442.502500 3431.735770 3422.491118 3418.184766 3417.015869 3409.169199 3396.698299 3382.257329 3370.588902 3359.565736 3323.807272 3292.629607 3255.283980 3243.355344 3201.548612 3111.725473 3073.229687 3036.567836 2978.394810 2979.911664 2984.873759 2966.077215 2947.178291 2921.162330 2948.717718 2957.722714 2961.261259 2958.299553 2969.193684 2990.307220 3035.857431 3069.197336 3107.693718 3154.689048 3183.992541 3222.547618 3262.432757 3314.020584 3344.285511 3372.687275 3420.124619 3456.780105 3479.188791 3466.054939 3446.168227 3403.176605 3343.732999 3294.913693 3266.813970 3217.542652 3174.727826 3131.227559 3085.123683 3032.710646 2973.072132 2916.357828 2881.854878 -9999.0 -9999.0 -9999.0 -9999.0 -9999.0
-9999.0 1889.435728 2154.255545 2426.261341 2713.463751 3027.381910 3182.866907 3279.596185 3340.547355 3316.858550 3333.964116 3341.886957 3378.205686 3384.476215 3362.920791 3349.936480 3333.524721 3332.437022 3345.393069 3318.654449 3289.192349 3276.284024 3277.092161 3266.383795 3243.092443 3228.211897 3218.882699 3201.080333 3158.706435 3109.964659 3028.361320 2996.967593 2926.140725 2884.823185 2847.803824 2801.700535 2816.386823 2820.298087 2785.303620 2836.846320 2816.937886 2800.077168 2829.373707 2786.400974 2799.043708 2783.804711 2790.562230 2824.307066 2870.238664 2909.937706 2953.478344 2996.410608 3037.043202 3076.267029 3098.193552 3138.385405 3179.464389 3220.281338 3289.164557 3365.334874 3399.780948 3433.443353 3463.358776 3484.777281 3442.571139 3415.391833 3392.412562 3369.871729 3324.694167 3279.928837 3239.450369 3176.489125 3117.097788 -9999.0 -9999.0 -9999.0 -9999.0 -9999.0 -9999.0 -9999.0
-9999.0 1773.639322 1972.923835 2173.645506 2432.866437 2668.986844 2853.590171 2944.331920 3010.322030 3070.569236 3118.222723 3153.413798 3178.901481 3199.763313 3176.989840 3132.977457 3101.708416 3106.407684 3098.810490 3077.446022 3049.869495 3036.967676 3034.949960 3030.135753 3008.827094 2998.319020 2991.511847 2978.602080 2952.595834 2900.794801 2829.365623 2816.171915 2758.571400 2732.960046 2705.774092 2675.689672 2647.358752 2659.665210 2671.338373 2672.934896 2666.405923 2666.338179 2695.546032 2713.806944 2723.415248 2712.435949 2730.975920 2755.217746 2794.096596 2788.422264 2832.555396 2881.974929 2929.900570 2950.720340 2954.363853 2967.834851 2991.219113 3034.464338 3110.290514 3194.858058 3269.573639 3313.769683 3363.554183 3402.403981 3429.242720 3456.393123 3476.989569 3468.677716 3443.884244 3411.256842 3354.134873 -9999.0 -9999.0 -9999.0 -9999.0 -9999.0 -9999.0 -9999.0 -9999.0 -9999.0
-9999.0 -9999.0 1745.096880 1903.329868 2010.016782 2176.567497 2321.521862 2431.912692 2535.289500 2678.923414 2804.376103 2831.225820 2875.697623 2891.120596 2876.904336 2847.364796 2829.134672 2828.820281 2817.668045 2810.561759 2795.296116 2789.990807 2839.552202 2832.151880 2826.905638 2825.175635 2822.007889 2813.558594 2793.709556 2747.909309 2704.855214 2657.050663 2605.824724 2581.424266 2560.812442 2541.722680 2544.119403 2539.442647 2545.155839 2548.368670 2557.858177 2572.029101 2591.813531 2614.940781 2624.784987 2634.748340 2646.210602 2668.696219 2700.066244 2740.726963 2794.053134 2813.304270 2848.618670 2855.609274 2838.569515 2834.752738 2844.271764 2874.563798 2939.542814 3003.735208 3091.213483 3155.201846 3221.070485 3275.819845 3301.712675 3338.063776 3406.416502 3454.304666 3494.457273 3472.185041 -9999.0 -9999.0 -9999.0 -9999.0 -9999.0 -9999.0 -9999.0 -9999.0 -9999.0 -9999.0
-9999.0 -9999.0 -9999.0 -9999.0 1762.609429 1911.349503 2008.757509 2089.983175 2224.669057 2356.006799 2465.093967 2553.979213 2623.329303 2652.012957 2652.064212 2664.814524 2660.701171 2649.836334 2637.219583 2639.170996 2641.775030 2635.142530 2619.847053 2613.910638 2617.634088 2625.261193 2623.581123 2610.591986 2592.060052 2574.582183 2558.485508 2525.974922 2492.414104 2463.960120 2451.327826 2447.464514 2447.607277 2440.251217 2449.073930 2458.085317 2474.246594 2489.670190 2513.313979 2542.500768 2556.974334 2571.741538 2580.727664 2599.919209 2629.858095 2682.631931 2745.876023 2803.341375 2808.761618 2809.141139 2821.123071 2804.660779 2799.149026 2824.527403 2797.292596 2849.589315 2938.986048 2995.628085 3041.853899 3081.374334 3117.504914 3180.646014 3272.397535 3352.173008 -9999.0 -9999.0 -9999.0 -9999.0 -9999.0 -9999.0 -9999.0 -9999.0 -9999.0 -9999.0 -9999.0 -9999.0
-9999.0 -9999.0 -9999.0 -9999.0 -9999.0 -9999.0 1734.423236 1839.720524 1911.517523 2062.974273 2207.127042 2315.791430 2400.298822 2435.956325 2468.260407 2496.972836 2495.371528 2473.834644 2451.208186 2471.247546 2488.652217 2482.447652 2451.478405 2453.142119 2460.297918 2468.871361 2466.909800 2461.151273 2436.445663 2451.545388 2454.647887 2431.679933 2406.189879 2393.212593 2381.715401 2391.676763 2392.028578 2378.099029 2377.741981 2405.783456 2426.984064 2440.121515 2461.413774 2494.591516 2527.061907 2542.661300 2543.723869 2548.843449 2586.377247 2655.803028 2727.883999 2783.985363 2790.841167 2795.517872 2799.679879 2759.401793 2739.041107 2745.218752 2777.834816 2826.975248 2821.498111 2858.502656 2871.669098 2875.073868 2888.792951 2979.470772 -9999.0 -9999.0 -9999.0 -9999.0 -9999.0 -9999.0 -9999.0 -9999.0 -9999.0 -9999.0 -9999.0 -9999.0 -9999.0 -9999.0
-9999.0 -9999.0 -9999.0 -9999.0 -9999.0 -9999.0 -9999.0 -9999.0 -9999.0 -9999.0 -9999.0 -9999.0 -9999.0 -9999.0 -9999.0 -9999.0 -9999.0 -9999.0 -9999.0 -9999.0 -9999.0 -9999.0 -9999.0 -9999.0 -9999.0 -9999.0 -9999.0 -9999.0 -9999.0 -9999.0 -9999.0 -9999.0 -9999.0 -9999.0 -9999.0 -9999.0 -9999.0 -9999.0 -9999.0 -9999.0 -9999.0 -9999.0 -9999.0 -9999.0 -9999.0 -9999.0 -9999.0 -9999.0 -9999.0 -9999.0 -9999.0 -9999.0 -9999.0 -9999.0 -9999.0 -9999.0 -9999.0 -9999.0 -9999.0 -9999.0 -9999.0 -9999.0 -9999.0 -9999.0 -9999.0 -9999.0 -9999.0 -9999.0 -9999.0 -9999.0 -9999.0 -9999.0 -9999.0 -9999.0 -9999.0 -9999.0 -9999.0 -9999.0 -9999.0 -9999.0
-9999.0 -9999.0 -9999.0 -9999.0 -9999.0 -9999.0 -9999.0 -9999.0 -9999.0 -9999.0 -9999.0 -9999.0 -9999.0 -9999.0 -9999.0 -9999.0 -9999.0 -9999.0 -9999.0 -9999.0 -9999.0 -9999.0 -9999.0 -9999.0 -9999.0 -9999.0 -9999.0 -9999.0 -9999.0 -9999.0 -9999.0 -9999.0 -9999.0 -9999.0 -9999.0 -9999.0 -9999.0 -9999.0 -9999.0 -9999.0 -9999.0 -9999.0 -9999.0 -9999.0 -9999.0 -9999.0 -9999.0 -9999.0 -9999.0 -9999.0 -9999.0 -9999.0 -9999.0 -9999.0 -9999.0 -9999.0 -9999.0 -9999.0 -9999.0 -9999.0 -9999.0 -9999.0 -9999.0 -9999.0 -9999.0 -9999.0 -9999.0 -9999.0 -9999.0 -9999.0 -9999.0 -9999.0 -9999.0 -9999.0 -9999.0 -9999.0 -9999.0 -9999.0 -9999.0 -9999.0