Borden_/Borden1m_014/output_maps/psiliqL0023N0005.asc
ncols         80
nrows         18
xllcorner     620200.000000
yllcorner     5168000.000000
cellsize      1.000000
NODATA_value  -9999.0
-9999.0 -9999.0 -9999.0 -9999.0 -9999.0 -9999.0 -9999.0 -9999.0 -9999.0 -9999.0 -9999.0 -9999.0 -9999.0 -9999.0 -9999.0 -9999.0 -9999.0 -9999.0 -9999.0 -9999.0 -9999.0 -9999.0 -9999.0 -9999.0 -9999.0 -9999.0 -9999.0 -9999.0 -9999.0 -9999.0 -9999.0 -9999.0 -9999.0 -9999.0 -9999.0 -9999.0 -9999.0 -9999.0 -9999.0 -9999.0 -9999.0 -9999.0 -9999.0 -9999.0 -9999.0 -9999.0 -9999.0 -9999.0 -9999.0 -9999.0 -9999.0 -9999.0 -9999.0 -9999.0 -9999.0 -9999.0 -9999.0 -9999.0 -9999.0 -9999.0 -9999.0 -9999.0 -9999.0 -9999.0 -9999.0 -9999.0 -9999.0 -9999.0 -9999.0 -9999.0 -9999.0 -9999.0 -9999.0 -9999.0 -9999.0 -9999.0 -9999.0 -9999.0 -9999.0 -9999.0
-9999.0 -9999.0 -9999.0 -9999.0 -9999.0 -9999.0 -9999.0 -9999.0 -9999.0 -9999.0 -9999.0 -9999.0 -9999.0 -9999.0 -9999.0 -9999.0 -9999.0 -9999.0 -9999.0 -9999.0 -9999.0 -9999.0 -9999.0 -9999.0 -9999.0 -9999.0 -9999.0 -9999.0 -9999.0 -9999.0 -9999.0 -9999.0 -9999.0 -9999.0 -9999.0 -9999.0 -9999.0 -9999.0 -9999.0 -9999.0 -9999.0 -9999.0 -9999.0 -9999.0 -9999.0 -9999.0 -9999.0 -9999.0 -9999.0 -9999.0 -9999.0 -9999.0 -9999.0 -9999.0 -9999.0 -9999.0 -9999.0 -9999.0 -9999.0 -9999.0 -9999.0 -9999.0 -9999.0 -9999.0 -9999.0 -9999.0 -9999.0 -9999.0 -9999.0 -9999.0 -9999.0 -9999.0 -9999.0 -9999.0 -9999.0 -9999.0 -9999.0 -9999.0 -9999.0 -9999.0
-9999.0 -9999.0 -9999.0 -9999.0 -9999.0 -9999.0 -9999.0 -9999.0 -9999.0 -9999.0 -9999.0 -9999.0 -9999.0 -9999.0 -9999.0 -9999.0 -9999.0 -9999.0 -9999.0 -9999.0 2741.544896 2743.445689 2722.549308 2689.662560 2662.782392 2666.121793 2700.940118 2743.177163 2783.450249 2792.954697 2775.444852 2779.870131 2775.956673 2772.017497 2772.958298 2780.837947 2787.928890 2798.225243 2806.759890 2806.730018 2801.726135 2798.539183 2801.884925 2804.543414 2810.606533 2796.330560 2810.579042 2781.752948 2786.774813 2783.913796 2795.455522 2781.200903 2771.353659 2754.116978 2778.438777 2788.623820 2787.222115 2792.035652 2790.484058 2781.308325 2750.718853 -9999.0 -9999.0 -9999.0 -9999.0 -9999.0 -9999.0 -9999.0 -9999.0 -9999.0 -9999.0 -9999.0 -9999.0 -9999.0 -9999.0 -9999.0 -9999.0 -9999.0 -9999.0 -9999.0
-9999.0 -9999.0 -9999.0 -9999.0 -9999.0 -9999.0 -9999.0 -9999.0 -9999.0 -9999.0 -9999.0 -9999.0 -9999.0 -9999.0 2649.446889 2641.093180 2639.157348 2647.716176 2681.344902 2712.211240 2723.914358 2717.316326 2718.209341 2695.020000 2674.164005 2688.687415 2719.785347 2751.391953 2786.540672 2806.116748 2796.389421 2794.865451 2803.034646 2783.248509 2791.794659 2788.109832 2812.965566 2793.581082 2806.889168 2811.786069 2809.766513 2800.008296 2809.448554 2823.642904 2816.660975 2801.246264 2811.176756 2825.695812 2837.146340 2828.405185 2812.201199 2796.947747 2791.891231 2785.625452 2770.615271 2765.183045 2791.343788 2788.375011 2779.190994 2760.707013 2726.608559 2681.074657 2661.020912 2699.792067 2742.351476 2785.508063 -9999.0 -9999.0 -9999.0 -9999.0 -9999.0 -9999.0 -9999.0 -9999.0 -9999.0 -9999.0 -9999.0 -9999.0 -9999.0 -9999.0
-9999.0 -9999.0 -9999.0 -9999.0 -9999.0 -9999.0 -9999.0 -9999.0 -9999.0 2590.037410 2596.157932 2604.107679 2607.615320 2623.736818 2620.977975 2628.779170 2634.659789 2663.026707 2693.880962 2728.684682 2756.313725 2749.351529 2749.063948 2755.799038 2754.071213 2764.825978 2787.578694 2784.031585 2815.939193 2851.379538 2818.352758 2813.549605 2830.854265 2872.660914 2897.250597 2899.884509 2881.276157 2895.809264 2919.117018 2935.581495 2932.211733 2926.643241 2951.857815 2966.529956 2962.112563 2941.381199 2938.235492 2944.576734 2973.264037 2923.443541 2858.872052 2819.121949 2833.470462 2811.696373 2784.385190 2813.901424 2811.792949 2794.355018 2782.742457 2778.012787 2743.166032 2729.767482 2710.783843 2728.977147 2750.498309 2780.751124 2820.796773 2850.811000 2850.786701 2833.826264 -9999.0 -9999.0 -9999.0 -9999.0 -9999.0 -9999.0 -9999.0 -9999.0 -9999.0 -9999.0
-9999.0 -9999.0 -9999.0 -9999.0 -9999.0 -9999.0 2509.874323 2521.023091 2542.772537 2546.722562 2574.045140 2580.764227 2601.544078 2620.526775 2643.258320 2658.279982 2686.097438 2718.290580 2755.836921 2796.065924 2789.373035 2819.357746 2783.565412 2804.154977 2832.434601 2852.544900 2874.588316 2911.378728 2980.215476 3016.146347 3011.004469 3012.069052 3020.189657 3069.629549 3133.049871 3144.648937 3124.176618 3110.745759 3133.173069 3169.612290 3168.772603 3167.665154 3179.612225 3189.913056 3216.527147 3206.495358 3170.800070 3164.071842 3169.194120 3148.617106 3082.569813 3025.306283 3004.759537 2961.735322 2880.572077 2836.549577 2857.283281 2883.854475 2861.721561 2812.785294 2818.599993 2808.748095 2793.508926 2782.284673 2791.172336 2791.588029 2816.035637 2830.083923 2818.674532 2798.377408 2784.013616 2754.695341 2756.212290 2780.639852 -9999.0 -9999.0 -9999.0 -9999.0 -9999.0 -9999.0
-9999.0 -9999.0 -9999.0 -9999.0 2458.679140 2472.455292 2459.491042 2486.868566 2520.625834 2555.921600 2585.771924 2621.123785 2647.355755 2676.700563 2712.165683 2738.835475 2775.552080 2808.782913 2812.871961 2873.954281 2918.225964 2932.644508 2941.140707 2989.539638 3045.376602 3092.510804 3110.765235 3135.831934 3179.385129 3235.099869 3257.537018 3260.765648 3277.571266 3318.727745 3372.606955 3407.009132 3389.751303 3381.135041 3390.170224 3403.553372 3425.668425 3425.771573 3426.859443 3430.491012 3437.457333 3436.157432 3410.623418 3377.702437 3364.958824 3355.366555 3319.836761 3249.405433 3218.275275 3190.606114 3151.681743 3099.288331 3049.357168 3048.039755 2994.814655 2943.625039 2892.682856 2883.034089 2861.920295 2845.370855 2826.910131 2838.114988 2849.331794 2834.218367 2804.811608 2787.158869 2771.959352 2752.489822 2739.980116 2769.938129 2784.027482 2813.900252 -9999.0 -9999.0 -9999.0 -9999.0
-9999.0 -9999.0 2397.855512 2444.589964 2502.664571 2510.852295 2507.807669 2513.615639 2542.924382 2595.331747 2664.468626 2706.588420 2741.342998 2774.918960 2782.590683 2846.172702 2906.454142 2948.209056 3002.095581 3069.725705 3127.989837 3154.914030 3164.151954 3198.754132 3251.963263 3318.402762 3345.442709 3371.103903 3401.663995 3436.591947 3432.706155 3444.046006 3455.540647 3466.067175 3478.965425 3484.986234 3480.505484 3475.989689 3457.657938 3452.847837 3459.405873 3466.695710 3466.241833 3451.865336 3447.914722 3462.601135 3468.328788 3466.586886 3464.370630 3469.736514 3467.059729 3421.079601 3399.297877 3384.742026 3374.200607 3329.138686 3263.922670 3230.759067 3210.596111 3171.208259 3098.912547 3060.132201 3020.438972 2985.120563 2948.599336 2933.603434 2900.128424 2867.616399 2828.725708 2787.988474 2781.119513 2763.696373 2761.047868 2759.887328 2776.352273 2788.771575 2804.784154 2812.887836 -9999.0 -9999.0
-9999.0 2289.206220 2360.733834 2484.100624 2563.511935 2604.822786 2622.347340 2633.730793 2663.838752 2699.683027 2793.358436 2806.025504 2887.842795 2922.827883 2963.523282 3049.946068 3141.346483 3182.939659 3219.955278 3280.450597 3343.612307 3389.484305 3415.189491 3401.011601 3438.472422 3463.736947 3470.387576 3476.323749 3475.240002 3466.837732 3459.895158 3466.733732 3463.992664 3445.266374 3429.622457 3428.037401 3424.737386 3401.819853 3374.611211 3359.614118 3361.463625 3385.922148 3373.163462 3351.986212 3347.649761 3369.002537 3389.607264 3379.184921 3366.184852 3382.615228 3416.621432 3440.263834 3443.343052 3461.329269 3482.315891 3454.142683 3431.355512 3388.758652 3372.283564 3347.231922 3291.673210 3237.093489 3189.706123 3141.382673 3088.940900 3039.148226 2991.645370 2945.856617 2892.226187 2859.373041 2834.774655 2791.318916 2787.152637 2783.798018 2782.663611 2780.114509 2784.081791 2790.734480 -9999.0 -9999.0
-9999.0 2196.566329 2336.326938 2516.036060 2661.981967 2710.232013 2785.513699 2818.465766 2832.687466 2834.151441 2880.829423 3091.143921 3204.437959 3219.528634 3291.877771 3382.813552 3372.731011 3402.824017 3424.752476 3445.989095 3463.150544 3475.863346 3473.726494 3468.099389 3451.936680 3444.007341 3443.214842 3441.219700 3424.204648 3405.593527 3389.050445 3386.265488 3369.023161 3321.697071 3289.294072 3272.739547 3255.551563 3241.613252 3213.854166 3188.407718 3173.008575 3184.851324 3181.824111 3167.630668 3163.189152 3181.776036 3212.505007 3209.403308 3219.398898 3238.611888 3273.856823 3310.901485 3329.854639 3358.374135 3393.459480 3439.753472 3449.774888 3471.862457 3475.212630 3462.934905 3417.746769 3367.285196 3338.386026 3284.005281 3224.687357 3163.296594 3115.220137 3070.954012 3016.528292 2982.212645 2943.480088 2890.142426 2845.911684 2836.145240 2802.413832 2788.491842 -9999.0 -9999.0 -9999.0 -9999.0
-9999.0 2099.706481 2280.923646 2524.283201 2803.407953 2880.200952 3075.919137 3187.840697 3226.822621 3291.380110 3193.745858 3381.647830 3428.417685 3421.861944 3431.981242 3434.249763 3447.848814 3447.550820 3442.502237 3431.735501 3422.490846 3418.184493 3417.015596 3409.168927 3396.698029 3382.257032 3370.579334 3359.556464 3323.797768 3292.620597 3255.275513 3243.347313 3201.530845 3111.523947 3073.042829 3036.392750 2978.160507 2979.685957 2984.713133 2962.995209 2944.035872 2918.110618 2945.667751 2954.650745 2958.169202 2955.252821 2966.118163 2990.145309 3035.696597 3069.027159 3107.511780 3154.502002 3183.984974 3222.539972 3262.424524 3314.011615 3344.276512 3372.677693 3420.124309 3456.779815 3479.188527 3466.054643 3446.167941 3403.176310 3343.724176 3294.905485 3266.807420 3217.537645 3174.623431 3131.145054 3085.054489 3032.658483 2972.191897 2915.816733 2881.484828 -9999.0 -9999.0 -9999.0 -9999.0 -9999.0
-9999.0 1887.074852 2151.332831 2421.934283 2706.485173 3027.293005 3182.860496 3279.587645 3340.542676 3316.852832 3333.957782 3341.880128 3378.205465 3384.475977 3362.913068 3349.928084 3333.516280 3332.428511 3345.384481 3318.645812 3289.183714 3276.275439 3277.083535 3266.375328 3243.084211 3228.203952 3218.874900 3201.062781 3158.502456 3109.775346 3028.186983 2996.732153 2923.435560 2882.296391 2845.489632 2799.481467 2804.485084 2807.284638 2783.161166 2818.247296 2796.219228 2777.739558 2805.811628 2784.224672 2796.914081 2781.659658 2788.387692 2822.152687 2868.006402 2907.636788 2951.026393 2996.269170 3036.899799 3076.106996 3098.015345 3138.188318 3179.456475 3220.273140 3289.155521 3365.325667 3399.780646 3433.443067 3463.358485 3484.777025 3442.570868 3415.391595 3392.412366 3369.867453 3324.691699 3279.926790 3239.448133 3176.487318 3117.050348 -9999.0 -9999.0 -9999.0 -9999.0 -9999.0 -9999.0 -9999.0
-9999.0 1771.239440 1969.954413 2169.534799 2426.614632 2659.797193 2852.395895 2942.774611 3010.175460 3070.395059 3118.018153 3153.257363 3178.888160 3199.749723 3176.975148 3132.795166 3101.529560 3106.230885 3098.634467 3077.270358 3049.694373 3036.793340 3034.705980 3029.894546 3008.590231 2998.088884 2991.281871 2975.751127 2949.882381 2898.324783 2827.077004 2805.624061 2748.941193 2723.909581 2697.096694 2667.064528 2638.148447 2649.581516 2660.109065 2659.672527 2651.615970 2650.429881 2678.956313 2697.561138 2707.709394 2697.796109 2717.524490 2742.651923 2781.748545 2786.775698 2830.831385 2880.186383 2927.922357 2948.518130 2951.911843 2965.116971 2991.057906 3034.288634 3110.089953 3194.849789 3269.565107 3313.760234 3363.544796 3402.403687 3429.242463 3456.392895 3476.989428 3468.677680 3443.884363 3411.256906 3354.132921 -9999.0 -9999.0 -9999.0 -9999.0 -9999.0 -9999.0 -9999.0 -9999.0 -9999.0
-9999.0 -9999.0 1742.008468 1899.429539 2004.755403 2169.623328 2312.572598 2420.467537 2520.468105 2659.553238 2781.628606 2828.900860 2873.277231 2888.597829 2874.370592 2844.859646 2826.747043 2826.538273 2815.458458 2808.396068 2793.154398 2787.791256 2830.463033 2823.103561 2817.550813 2815.179937 2811.124178 2801.681719 2781.630596 2736.709184 2695.057613 2648.438871 2598.235615 2574.381355 2554.102041 2535.087636 2537.241931 2532.042116 2536.987030 2539.233461 2547.843404 2561.335334 2580.695075 2603.573391 2613.646473 2624.125926 2636.170492 2659.063092 2690.486618 2730.955920 2783.531420 2811.999325 2847.234293 2854.052426 2836.769694 2832.727209 2842.036913 2872.009665 2936.710294 3003.560302 3091.021180 3154.994612 3221.061846 3275.811403 3301.704039 3338.056320 3406.416357 3454.304730 3494.457694 3472.185324 -9999.0 -9999.0 -9999.0 -9999.0 -9999.0 -9999.0 -9999.0 -9999.0 -9999.0 -9999.0
-9999.0 -9999.0 -9999.0 -9999.0 1757.511914 1905.302597 2001.431680 2080.896875 2213.343565 2342.016994 2448.404069 2536.035591 2604.895325 2633.413715 2633.681566 2647.177634 2644.688988 2635.883059 2625.272761 2628.916945 2632.776542 2626.929039 2611.928149 2605.995456 2609.483424 2616.691003 2614.523205 2601.168935 2582.698421 2565.823268 2550.633210 2519.009428 2486.111758 2458.150248 2445.813084 2442.041157 2442.058864 2434.377816 2442.712883 2451.134069 2466.730897 2481.707381 2505.093676 2534.346991 2548.931260 2563.906090 2573.118883 2592.442728 2622.295116 2674.764506 2737.451500 2794.397535 2807.746432 2807.977810 2809.090696 2791.609071 2785.016597 2809.304949 2794.944778 2846.995882 2936.103967 2995.450362 3041.666838 3081.168819 3117.287161 3180.638509 3272.391989 3352.169360 -9999.0 -9999.0 -9999.0 -9999.0 -9999.0 -9999.0 -9999.0 -9999.0 -9999.0 -9999.0 -9999.0 -9999.0
-9999.0 -9999.0 -9999.0 -9999.0 -9999.0 -9999.0 1727.580774 1831.817471 1901.903685 2051.236728 2193.417150 2300.541365 2384.272847 2419.807520 2452.381620 2481.858207 2481.598503 2461.704273 2440.684369 2462.076160 2480.482861 2474.902933 2444.178653 2445.847309 2452.811475 2461.071034 2458.788723 2452.857345 2428.291668 2443.886226 2447.703087 2425.468432 2400.586910 2388.054519 2376.808406 2386.865538 2387.148762 2373.001566 2372.319176 2399.933759 2420.717182 2433.514319 2454.592421 2487.714519 2520.219712 2535.920890 2537.096122 2542.272984 2579.787659 2648.958690 2720.575935 2776.149673 2790.016105 2794.565539 2788.990829 2747.750561 2726.297418 2731.242320 2762.400275 2809.711392 2818.893462 2855.627072 2868.429164 2871.502892 2884.967474 2979.276366 -9999.0 -9999.0 -9999.0 -9999.0 -9999.0 -9999.0 -9999.0 -9999.0 -9999.0 -9999.0 -9999.0 -9999.0 -9999.0 -9999.0
-9999.0 -9999.0 -9999.0 -9999.0 -9999.0 -9999.0 -9999.0 -9999.0 -9999.0 -9999.0 -9999.0 -9999.0 -9999.0 -9999.0 -9999.0 -9999.0 -9999.0 -9999.0 -9999.0 -9999.0 -9999.0 -9999.0 -9999.0 -9999.0 -9999.0 -9999.0 -9999.0 -9999.0 -9999.0 -9999.0 -9999.0 -9999.0 -9999.0 -9999.0 -9999.0 -9999.0 -9999.0 -9999.0 -9999.0 -9999.0 -9999.0 -9999.0 -9999.0 -9999.0 -9999.0 -9999.0 -9999.0 -9999.0 -9999.0 -9999.0 -9999.0 -9999.0 -9999.0 -9999.0 -9999.0 -9999.0 -9999.0 -9999.0 -9999.0 -9999.0 -9999.0 -9999.0 -9999.0 -9999.0 -9999.0 -9999.0 -9999.0 -9999.0 -9999.0 -9999.0 -9999.0 -9999.0 -9999.0 -9999.0 -9999.0 -9999.0 -9999.0 -9999.0 -9999.0 -9999.0
-9999.0 -9999.0 -9999.0 -9999.0 -9999.0 -9999.0 -9999.0 -9999.0 -9999.0 -9999.0 -9999.0 -9999.0 -9999.0 -9999.0 -9999.0 -9999.0 -9999.0 -9999.0 -9999.0 -9999.0 -9999.0 -9999.0 -9999.0 -9999.0 -9999.0 -9999.0 -9999.0 -9999.0 -9999.0 -9999.0 -9999.0 -9999.0 -9999.0 -9999.0 -9999.0 -9999.0 -9999.0 -9999.0 -9999.0 -9999.0 -9999.0 -9999.0 -9999.0 -9999.0 -9999.0 -9999.0 -9999.0 -9999.0 -9999.0 -9999.0 -9999.0 -9999.0 -9999.0 -9999.0 -9999.0 -9999.0 -9999.0 -9999.0 -9999.0 -9999.0 -9999.0 -9999.0 -9999.0 -9999.0 -9999.0 -9999.0 -9999.0 -9999.0 -9999.0 -9999.0 -9999.0 -9999.0 -9999.0 -9999.0 -9999.0 -9999.0 -9999.0 -9999.0 -9999.0 -9999.0