Borden_/Borden1m_014/output_maps/psiliqL0010N0031.asc
ncols         80
nrows         18
xllcorner     620200.000000
yllcorner     5168000.000000
cellsize      1.000000
NODATA_value  -9999.0
-9999.0 -9999.0 -9999.0 -9999.0 -9999.0 -9999.0 -9999.0 -9999.0 -9999.0 -9999.0 -9999.0 -9999.0 -9999.0 -9999.0 -9999.0 -9999.0 -9999.0 -9999.0 -9999.0 -9999.0 -9999.0 -9999.0 -9999.0 -9999.0 -9999.0 -9999.0 -9999.0 -9999.0 -9999.0 -9999.0 -9999.0 -9999.0 -9999.0 -9999.0 -9999.0 -9999.0 -9999.0 -9999.0 -9999.0 -9999.0 -9999.0 -9999.0 -9999.0 -9999.0 -9999.0 -9999.0 -9999.0 -9999.0 -9999.0 -9999.0 -9999.0 -9999.0 -9999.0 -9999.0 -9999.0 -9999.0 -9999.0 -9999.0 -9999.0 -9999.0 -9999.0 -9999.0 -9999.0 -9999.0 -9999.0 -9999.0 -9999.0 -9999.0 -9999.0 -9999.0 -9999.0 -9999.0 -9999.0 -9999.0 -9999.0 -9999.0 -9999.0 -9999.0 -9999.0 -9999.0
-9999.0 -9999.0 -9999.0 -9999.0 -9999.0 -9999.0 -9999.0 -9999.0 -9999.0 -9999.0 -9999.0 -9999.0 -9999.0 -9999.0 -9999.0 -9999.0 -9999.0 -9999.0 -9999.0 -9999.0 -9999.0 -9999.0 -9999.0 -9999.0 -9999.0 -9999.0 -9999.0 -9999.0 -9999.0 -9999.0 -9999.0 -9999.0 -9999.0 -9999.0 -9999.0 -9999.0 -9999.0 -9999.0 -9999.0 -9999.0 -9999.0 -9999.0 -9999.0 -9999.0 -9999.0 -9999.0 -9999.0 -9999.0 -9999.0 -9999.0 -9999.0 -9999.0 -9999.0 -9999.0 -9999.0 -9999.0 -9999.0 -9999.0 -9999.0 -9999.0 -9999.0 -9999.0 -9999.0 -9999.0 -9999.0 -9999.0 -9999.0 -9999.0 -9999.0 -9999.0 -9999.0 -9999.0 -9999.0 -9999.0 -9999.0 -9999.0 -9999.0 -9999.0 -9999.0 -9999.0
-9999.0 -9999.0 -9999.0 -9999.0 -9999.0 -9999.0 -9999.0 -9999.0 -9999.0 -9999.0 -9999.0 -9999.0 -9999.0 -9999.0 -9999.0 -9999.0 -9999.0 -9999.0 -9999.0 -9999.0 137.199031 140.233966 118.005718 84.482613 56.664600 59.192960 94.663243 136.532896 175.429872 186.595500 169.314412 171.729274 167.490616 167.716005 171.233936 178.012607 181.582903 193.526951 202.735610 203.275030 197.877343 192.964290 192.802983 196.465983 201.417550 191.254026 204.130602 218.719174 223.894908 217.412741 188.634743 171.541366 161.962184 146.116101 169.637529 181.169355 203.451529 207.139646 205.192706 177.654155 147.248172 -9999.0 -9999.0 -9999.0 -9999.0 -9999.0 -9999.0 -9999.0 -9999.0 -9999.0 -9999.0 -9999.0 -9999.0 -9999.0 -9999.0 -9999.0 -9999.0 -9999.0 -9999.0 -9999.0
-9999.0 -9999.0 -9999.0 -9999.0 -9999.0 -9999.0 -9999.0 -9999.0 -9999.0 -9999.0 -9999.0 -9999.0 -9999.0 -9999.0 45.663784 35.915222 33.329440 42.268980 76.454592 106.884024 119.512950 112.344870 112.803382 89.847983 70.207030 85.019556 115.393898 148.092107 183.950193 205.855460 194.646967 193.029418 204.425110 232.685587 248.197907 246.415763 225.925293 249.530918 267.155457 278.260311 279.097847 271.745132 287.159577 304.088801 297.077512 278.211927 280.342996 290.834333 303.448413 286.090364 218.549993 195.655279 190.219324 181.841016 166.725443 159.033246 183.112217 183.069299 174.073246 155.416726 122.499143 78.144368 59.702237 97.786132 141.653764 199.171780 -9999.0 -9999.0 -9999.0 -9999.0 -9999.0 -9999.0 -9999.0 -9999.0 -9999.0 -9999.0 -9999.0 -9999.0 -9999.0 -9999.0
-9999.0 -9999.0 -9999.0 -9999.0 -9999.0 -9999.0 -9999.0 -9999.0 -9999.0 -12.470905 -8.377600 -0.933454 1.364966 17.364499 15.756908 23.191777 31.417838 58.462169 90.275866 126.169670 155.841219 147.122067 148.627855 161.506980 168.800441 183.042797 206.189681 249.840278 295.694575 341.101597 314.820419 314.448780 336.066175 388.318157 428.696820 439.636414 420.179101 426.543932 455.909455 485.344190 489.982744 490.948437 518.586840 533.687806 537.446748 515.183443 493.354802 488.736900 512.190597 454.559404 382.008628 324.031241 321.681250 286.381960 241.876496 217.201589 212.466390 232.538669 215.643183 176.558873 138.727289 127.750313 110.104482 125.906772 147.797830 194.088047 232.315746 260.492283 260.109110 242.414900 -9999.0 -9999.0 -9999.0 -9999.0 -9999.0 -9999.0 -9999.0 -9999.0 -9999.0 -9999.0
-9999.0 -9999.0 -9999.0 -9999.0 -9999.0 -9999.0 -91.523648 -82.382209 -62.306216 -56.766389 -31.805370 -23.863946 -2.784541 17.197097 38.843604 56.720137 88.669116 122.815463 166.006499 212.203553 247.323354 245.698472 259.301579 296.405330 342.558353 377.675249 406.613625 453.407836 540.422502 591.167385 606.452386 614.100998 625.123063 671.310061 734.571136 752.547675 731.383990 716.610513 737.186540 777.515288 796.954045 802.094810 811.859269 820.860344 845.684752 834.256821 783.462200 761.059666 753.440464 738.294969 681.172319 617.651360 573.579638 517.375423 425.907665 361.489974 359.852008 373.136117 338.138555 279.540750 233.204718 219.709147 202.724175 186.961681 191.018360 209.109989 231.141003 241.608668 228.299567 207.039527 183.628225 154.567543 156.079094 181.317597 -9999.0 -9999.0 -9999.0 -9999.0 -9999.0 -9999.0
-9999.0 -9999.0 -9999.0 -9999.0 -141.460395 -128.823642 -140.420664 -116.196024 -83.726413 -49.789699 -16.761860 21.512172 49.942341 81.314664 124.658318 164.593784 211.916975 251.610925 311.812044 387.011571 446.847797 480.721307 504.684750 571.144806 635.415909 687.647176 708.810872 738.258711 785.619254 855.701133 885.878661 893.424147 911.410073 941.536068 984.618541 1015.785836 1000.721599 995.174062 1000.442935 1012.504945 1039.621430 1042.603999 1044.945295 1046.447344 1049.252473 1047.677734 1021.744628 986.421760 970.586007 962.588890 937.059679 871.127754 819.573620 784.904124 753.250352 703.178322 635.553818 611.801427 549.597431 485.359033 409.968990 379.182371 342.165288 311.220177 276.386332 273.698819 273.786205 251.617824 219.006313 185.997619 170.398451 151.325659 140.684986 170.412590 187.969457 218.740073 -9999.0 -9999.0 -9999.0 -9999.0
-9999.0 -9999.0 -200.097459 -150.378544 -94.066244 -85.078990 -82.836318 -76.930427 -48.766338 3.488506 83.373084 138.756547 186.944149 222.704563 288.127424 379.278942 466.276397 524.133465 588.376214 657.501798 719.951434 759.993877 789.591871 830.276830 881.126012 935.558871 960.846206 985.849463 1017.780286 1051.555922 1071.318924 1086.517400 1093.616324 1092.459522 1094.776806 1094.505437 1090.802302 1085.768119 1068.091827 1065.567495 1073.639941 1078.129372 1080.969212 1068.263556 1064.223733 1076.548635 1078.205387 1076.508512 1076.284156 1084.375519 1091.225411 1056.695066 1008.940161 991.025596 982.705717 939.524013 878.439219 827.606750 801.620804 757.819858 678.356951 623.267121 567.514314 509.654622 446.364767 405.002500 350.715911 303.792629 254.604589 207.153967 182.572112 163.573319 160.829880 160.921260 176.794063 192.238175 207.562029 215.336317 -9999.0 -9999.0
-9999.0 -300.195921 -227.521197 -100.037254 -20.274418 25.779958 65.402132 94.907468 123.063987 144.283513 258.199606 369.058869 470.367520 510.888193 569.280210 670.897888 772.304115 817.480654 852.943912 901.301109 955.767472 1004.093732 1034.602460 1058.509277 1088.197285 1092.753234 1093.337620 1094.670133 1089.364776 1082.268759 1072.998709 1079.991213 1077.145067 1059.826055 1045.013609 1041.918080 1035.160161 1009.788280 981.184107 966.906856 970.280333 991.871510 981.145479 961.134057 957.497780 977.700528 994.807085 985.767349 973.761343 993.191012 1028.303109 1050.050595 1063.727360 1078.348886 1099.028770 1075.174497 1044.187681 1003.065890 983.295121 952.532625 888.561874 824.938000 769.383201 705.569777 636.940923 562.878445 491.412108 421.462991 348.249942 303.804176 269.797871 216.565052 192.711927 193.284189 183.577721 180.604468 186.829131 193.159179 -9999.0 -9999.0
-9999.0 -374.203105 -230.803392 -44.667556 104.243722 169.459004 288.289010 378.408826 413.579092 392.999976 514.281183 742.614377 833.075856 848.591529 915.214456 995.353376 1028.948099 1058.564018 1077.905971 1079.005848 1080.264467 1087.864120 1086.417513 1080.358831 1066.514038 1058.724647 1057.443705 1053.778439 1034.312447 1013.779250 995.115879 992.020121 974.079968 935.458005 903.755051 886.628125 867.933919 840.776333 803.742692 776.037691 762.114258 779.790683 770.910160 753.225182 749.582180 772.807803 805.836472 800.863864 807.464919 830.998701 873.683875 918.777350 942.624564 970.898593 1008.938065 1052.278364 1070.455749 1091.113750 1095.925948 1073.133594 1028.612007 978.324713 943.048618 874.651921 799.254636 718.244715 653.095378 590.364607 517.657063 464.459424 409.867076 346.830098 285.915215 256.001793 214.873373 193.426854 -9999.0 -9999.0 -9999.0 -9999.0
-9999.0 -443.579629 -252.530218 12.435067 280.150086 414.712290 620.911341 756.307368 828.267934 883.314391 904.898896 1024.264591 1052.464815 1045.431751 1034.201476 1036.201256 1050.590231 1054.490965 1050.901310 1040.605613 1030.015811 1025.984349 1024.510648 1017.073102 1004.657369 989.385424 975.864063 960.847062 916.142621 880.641173 847.027661 831.239458 794.125187 704.353189 661.676136 628.473724 572.437226 560.634873 547.567484 515.695606 494.344389 476.462429 496.000327 497.074892 498.442980 506.413371 528.216583 550.691958 595.356934 633.019115 678.392776 732.692915 768.311896 812.917703 862.918992 924.945061 958.257979 989.132754 1034.509974 1074.144809 1096.268799 1086.641285 1056.550149 1011.489631 940.427445 866.032479 812.590737 737.270946 671.201444 619.503586 576.190697 523.630830 450.838757 350.274796 303.962025 -9999.0 -9999.0 -9999.0 -9999.0 -9999.0
-9999.0 -604.992894 -336.512992 -40.616258 291.221592 617.841481 736.946334 890.268070 965.331343 913.018011 899.280669 927.079427 966.594188 974.494602 955.067473 947.752881 939.028920 939.178089 951.505392 923.932305 888.778214 873.641704 872.243515 859.975602 836.673458 818.264922 804.046358 782.075375 730.667747 680.058253 602.905894 573.964358 495.421756 424.438488 373.240753 321.531814 267.578879 263.743380 278.130463 260.575054 237.217415 218.041300 243.873269 260.015513 271.514128 262.122521 272.350428 309.178294 360.946268 408.423771 465.050614 527.652713 579.024718 631.923244 667.728330 722.449198 771.250362 819.715281 894.762357 976.863867 1012.879015 1047.424256 1081.547833 1095.714441 1045.296457 991.739683 935.443541 862.039659 769.416648 723.732118 703.010562 671.196728 618.704596 -9999.0 -9999.0 -9999.0 -9999.0 -9999.0 -9999.0 -9999.0
-9999.0 -737.325703 -508.304076 -263.668545 34.891691 277.628065 469.535190 589.848003 676.796208 678.213169 693.822754 724.492469 756.014205 778.624587 756.452891 719.898149 693.272707 697.011971 695.092462 670.368327 639.770255 624.491367 622.488530 614.469179 587.538567 569.844114 556.360477 530.210286 488.835864 426.295212 339.254464 266.785643 202.101209 164.456080 132.348676 98.053600 59.082679 68.871388 82.513508 77.661617 65.323361 60.978137 90.441800 108.985723 119.130492 106.550505 125.489628 152.992687 195.757833 239.345300 289.900960 347.790506 405.212775 440.448308 461.204255 496.702079 545.075235 606.391696 694.804280 792.147360 868.681247 922.069737 971.413472 1003.832514 1016.634469 1031.368302 1003.509933 911.132274 770.953384 765.206451 768.516301 -9999.0 -9999.0 -9999.0 -9999.0 -9999.0 -9999.0 -9999.0 -9999.0 -9999.0
-9999.0 -9999.0 -745.178395 -557.409725 -401.496736 -215.205433 -62.294835 47.951238 128.035450 222.584910 316.292055 396.269786 441.652905 460.228260 441.801528 400.095948 373.418904 372.907474 362.948168 348.792997 324.427658 314.723875 304.392364 295.783604 282.153159 273.943191 267.202526 254.195708 229.211921 179.692628 125.697431 72.293277 16.887656 -9.258011 -31.872129 -54.765792 -58.223422 -60.574752 -54.081135 -52.962407 -47.468661 -35.662800 -15.012077 6.449821 15.939399 23.347126 35.999557 59.855323 93.297586 134.987619 188.372342 245.523592 285.390491 299.163700 291.666558 300.332594 326.188429 376.612087 472.257701 569.607829 666.389597 739.206270 811.048618 861.459862 878.338896 899.195176 910.211399 824.920023 514.763666 690.478245 -9999.0 -9999.0 -9999.0 -9999.0 -9999.0 -9999.0 -9999.0 -9999.0 -9999.0 -9999.0
-9999.0 -9999.0 -9999.0 -9999.0 -701.402011 -544.060967 -449.124644 -365.450785 -242.445769 -131.339281 -37.646805 40.375250 95.451353 119.864773 109.670599 105.430346 97.430783 93.116416 84.161884 79.212878 74.071766 66.025296 53.917080 46.036366 45.158036 48.423547 45.793452 32.038508 15.105176 -11.958896 -35.960466 -71.526687 -108.772010 -138.193374 -151.427832 -158.265648 -158.171449 -163.938104 -154.552663 -148.072410 -133.179176 -117.785186 -93.810221 -65.404222 -52.644029 -38.358760 -28.597894 -7.730023 22.439374 75.367473 137.871534 194.238826 228.484634 232.193725 206.337216 190.855954 188.496359 218.588799 269.615376 345.670507 457.665322 542.051502 609.980428 658.254999 691.201003 736.411330 778.610602 795.066762 -9999.0 -9999.0 -9999.0 -9999.0 -9999.0 -9999.0 -9999.0 -9999.0 -9999.0 -9999.0 -9999.0 -9999.0
-9999.0 -9999.0 -9999.0 -9999.0 -9999.0 -9999.0 -755.542648 -659.545566 -573.048465 -447.943824 -331.333943 -237.867049 -162.429644 -136.265041 -117.421365 -94.570885 -98.762512 -115.913128 -132.857300 -116.141229 -106.064603 -111.224341 -139.158001 -140.612652 -137.061343 -128.052172 -129.559792 -135.887427 -160.912195 -152.509193 -153.832783 -177.093275 -203.314899 -217.728634 -229.363412 -219.442289 -218.693182 -231.357139 -229.179390 -202.984279 -183.177960 -169.742187 -147.302511 -114.175354 -82.201673 -67.833631 -66.831650 -60.616951 -19.299997 50.914060 121.185510 174.689402 205.457925 212.538834 183.789479 142.555185 120.988743 127.868855 163.353142 218.778657 299.316746 354.214791 389.718615 414.167122 444.782061 544.260775 -9999.0 -9999.0 -9999.0 -9999.0 -9999.0 -9999.0 -9999.0 -9999.0 -9999.0 -9999.0 -9999.0 -9999.0 -9999.0 -9999.0
-9999.0 -9999.0 -9999.0 -9999.0 -9999.0 -9999.0 -9999.0 -9999.0 -9999.0 -9999.0 -9999.0 -9999.0 -9999.0 -9999.0 -9999.0 -9999.0 -9999.0 -9999.0 -9999.0 -9999.0 -9999.0 -9999.0 -9999.0 -9999.0 -9999.0 -9999.0 -9999.0 -9999.0 -9999.0 -9999.0 -9999.0 -9999.0 -9999.0 -9999.0 -9999.0 -9999.0 -9999.0 -9999.0 -9999.0 -9999.0 -9999.0 -9999.0 -9999.0 -9999.0 -9999.0 -9999.0 -9999.0 -9999.0 -9999.0 -9999.0 -9999.0 -9999.0 -9999.0 -9999.0 -9999.0 -9999.0 -9999.0 -9999.0 -9999.0 -9999.0 -9999.0 -9999.0 -9999.0 -9999.0 -9999.0 -9999.0 -9999.0 -9999.0 -9999.0 -9999.0 -9999.0 -9999.0 -9999.0 -9999.0 -9999.0 -9999.0 -9999.0 -9999.0 -9999.0 -9999.0
-9999.0 -9999.0 -9999.0 -9999.0 -9999.0 -9999.0 -9999.0 -9999.0 -9999.0 -9999.0 -9999.0 -9999.0 -9999.0 -9999.0 -9999.0 -9999.0 -9999.0 -9999.0 -9999.0 -9999.0 -9999.0 -9999.0 -9999.0 -9999.0 -9999.0 -9999.0 -9999.0 -9999.0 -9999.0 -9999.0 -9999.0 -9999.0 -9999.0 -9999.0 -9999.0 -9999.0 -9999.0 -9999.0 -9999.0 -9999.0 -9999.0 -9999.0 -9999.0 -9999.0 -9999.0 -9999.0 -9999.0 -9999.0 -9999.0 -9999.0 -9999.0 -9999.0 -9999.0 -9999.0 -9999.0 -9999.0 -9999.0 -9999.0 -9999.0 -9999.0 -9999.0 -9999.0 -9999.0 -9999.0 -9999.0 -9999.0 -9999.0 -9999.0 -9999.0 -9999.0 -9999.0 -9999.0 -9999.0 -9999.0 -9999.0 -9999.0 -9999.0 -9999.0 -9999.0 -9999.0