Borden_/Borden1m_014/output_maps/psiliqL0013N0026.asc
ncols         80
nrows         18
xllcorner     620200.000000
yllcorner     5168000.000000
cellsize      1.000000
NODATA_value  -9999.0
-9999.0 -9999.0 -9999.0 -9999.0 -9999.0 -9999.0 -9999.0 -9999.0 -9999.0 -9999.0 -9999.0 -9999.0 -9999.0 -9999.0 -9999.0 -9999.0 -9999.0 -9999.0 -9999.0 -9999.0 -9999.0 -9999.0 -9999.0 -9999.0 -9999.0 -9999.0 -9999.0 -9999.0 -9999.0 -9999.0 -9999.0 -9999.0 -9999.0 -9999.0 -9999.0 -9999.0 -9999.0 -9999.0 -9999.0 -9999.0 -9999.0 -9999.0 -9999.0 -9999.0 -9999.0 -9999.0 -9999.0 -9999.0 -9999.0 -9999.0 -9999.0 -9999.0 -9999.0 -9999.0 -9999.0 -9999.0 -9999.0 -9999.0 -9999.0 -9999.0 -9999.0 -9999.0 -9999.0 -9999.0 -9999.0 -9999.0 -9999.0 -9999.0 -9999.0 -9999.0 -9999.0 -9999.0 -9999.0 -9999.0 -9999.0 -9999.0 -9999.0 -9999.0 -9999.0 -9999.0
-9999.0 -9999.0 -9999.0 -9999.0 -9999.0 -9999.0 -9999.0 -9999.0 -9999.0 -9999.0 -9999.0 -9999.0 -9999.0 -9999.0 -9999.0 -9999.0 -9999.0 -9999.0 -9999.0 -9999.0 -9999.0 -9999.0 -9999.0 -9999.0 -9999.0 -9999.0 -9999.0 -9999.0 -9999.0 -9999.0 -9999.0 -9999.0 -9999.0 -9999.0 -9999.0 -9999.0 -9999.0 -9999.0 -9999.0 -9999.0 -9999.0 -9999.0 -9999.0 -9999.0 -9999.0 -9999.0 -9999.0 -9999.0 -9999.0 -9999.0 -9999.0 -9999.0 -9999.0 -9999.0 -9999.0 -9999.0 -9999.0 -9999.0 -9999.0 -9999.0 -9999.0 -9999.0 -9999.0 -9999.0 -9999.0 -9999.0 -9999.0 -9999.0 -9999.0 -9999.0 -9999.0 -9999.0 -9999.0 -9999.0 -9999.0 -9999.0 -9999.0 -9999.0 -9999.0 -9999.0
-9999.0 -9999.0 -9999.0 -9999.0 -9999.0 -9999.0 -9999.0 -9999.0 -9999.0 -9999.0 -9999.0 -9999.0 -9999.0 -9999.0 -9999.0 -9999.0 -9999.0 -9999.0 -9999.0 -9999.0 743.897568 746.856622 725.281860 692.346787 665.230485 668.400447 704.149000 746.587050 786.311303 797.680633 781.015218 784.454063 780.810948 780.607848 783.850663 791.093096 795.491961 807.168891 816.187306 816.579308 811.318485 806.877593 807.544446 810.915327 815.993920 804.728366 817.579038 831.737963 836.035726 829.512584 800.978374 783.927667 773.562305 756.677254 779.646565 790.202904 811.737743 814.762100 812.096900 784.215886 753.589918 -9999.0 -9999.0 -9999.0 -9999.0 -9999.0 -9999.0 -9999.0 -9999.0 -9999.0 -9999.0 -9999.0 -9999.0 -9999.0 -9999.0 -9999.0 -9999.0 -9999.0 -9999.0 -9999.0
-9999.0 -9999.0 -9999.0 -9999.0 -9999.0 -9999.0 -9999.0 -9999.0 -9999.0 -9999.0 -9999.0 -9999.0 -9999.0 -9999.0 651.134147 642.019624 640.030718 649.366160 683.854512 714.716513 727.214227 720.492070 721.520521 699.074035 679.724116 694.965213 726.017208 759.209945 795.550298 817.588415 807.593271 806.681186 817.743954 844.383159 858.373035 856.400870 836.851685 860.543897 877.186070 887.043109 887.755544 880.499076 894.688391 910.935789 903.841366 885.556173 888.925128 899.496001 910.801351 895.028529 829.444866 808.020964 801.847549 793.071475 777.239786 769.252004 793.094145 792.011518 782.486437 763.382741 729.890178 685.219219 666.092409 703.851759 746.906209 803.587363 -9999.0 -9999.0 -9999.0 -9999.0 -9999.0 -9999.0 -9999.0 -9999.0 -9999.0 -9999.0 -9999.0 -9999.0 -9999.0 -9999.0
-9999.0 -9999.0 -9999.0 -9999.0 -9999.0 -9999.0 -9999.0 -9999.0 -9999.0 591.397154 596.263006 604.251124 607.322907 623.823901 622.313573 630.336418 638.617019 666.584631 698.806877 734.972274 764.753954 756.865096 758.892357 771.093616 776.868445 790.686597 814.091968 857.057199 900.532522 944.566048 918.483453 918.236609 939.077598 987.760420 1022.762495 1031.253120 1012.754013 1020.724856 1047.165814 1072.036121 1074.323224 1074.174706 1100.687050 1115.406710 1116.995054 1095.203127 1078.582216 1076.219064 1099.728418 1045.863890 977.819328 924.770445 925.221818 891.849860 850.472567 827.739721 823.045440 841.936440 824.958773 785.882953 748.024418 736.013061 717.549833 733.269071 754.368203 799.691518 837.454200 864.971868 863.757591 845.663945 -9999.0 -9999.0 -9999.0 -9999.0 -9999.0 -9999.0 -9999.0 -9999.0 -9999.0 -9999.0
-9999.0 -9999.0 -9999.0 -9999.0 -9999.0 -9999.0 511.635328 521.494560 542.297861 547.811279 573.773843 582.120138 603.764710 624.238899 646.905195 664.932105 696.740966 731.334029 774.234880 819.484100 853.671578 851.127451 864.347954 898.736563 941.251992 972.994363 1000.243866 1043.684493 1125.234405 1172.339804 1184.045720 1191.320705 1202.456572 1250.689448 1314.715651 1331.638306 1309.954564 1294.540161 1314.789608 1352.665621 1363.447337 1367.095589 1377.880191 1387.477682 1412.537820 1401.462543 1357.733101 1339.831543 1335.034442 1318.541037 1258.780668 1194.894038 1155.983844 1102.184222 1015.552322 957.318951 960.214267 975.105641 942.156690 884.799932 840.549764 827.486944 810.344736 794.817045 798.955165 816.427796 837.364501 847.127040 832.962007 810.892679 787.123863 757.545002 758.666099 783.434682 -9999.0 -9999.0 -9999.0 -9999.0 -9999.0 -9999.0
-9999.0 -9999.0 -9999.0 -9999.0 461.074022 474.313610 462.830111 488.278261 521.608347 556.517048 589.690304 628.023709 656.879587 688.894935 731.740953 769.450857 814.714088 853.566061 911.805098 983.420570 1038.184346 1066.792958 1087.174699 1150.297042 1214.129192 1267.352341 1288.933327 1318.040196 1364.091712 1428.361678 1457.773912 1465.959110 1484.058632 1517.890727 1563.869889 1596.759722 1579.543968 1571.350922 1577.292837 1589.507777 1615.087216 1617.799423 1620.278662 1622.509743 1626.136735 1624.267538 1598.589670 1563.801586 1549.134030 1539.613987 1511.269363 1443.249529 1398.839476 1365.873440 1332.085368 1280.791690 1215.189343 1195.407627 1134.683654 1073.017199 1005.338206 979.265163 944.914194 915.592495 882.684342 880.950355 881.292218 858.606418 824.823804 791.067915 774.779006 755.011063 743.408707 772.703874 789.750317 819.861037 -9999.0 -9999.0 -9999.0 -9999.0
-9999.0 -9999.0 401.293501 450.640471 507.885198 517.418970 519.293305 526.096799 555.468730 608.767864 686.886067 740.131089 785.894572 822.322120 885.890982 970.343959 1048.192899 1102.020213 1165.373288 1236.557673 1299.746357 1336.470088 1358.990716 1399.739600 1453.130253 1512.726495 1538.711621 1565.340994 1597.038143 1631.543718 1646.795834 1661.830929 1669.952764 1671.683146 1676.348572 1677.436777 1672.449610 1666.030302 1647.444091 1643.937527 1651.504152 1656.751727 1658.878533 1646.003170 1642.033365 1654.879712 1657.535359 1656.018327 1655.613981 1663.026072 1667.643218 1630.171615 1588.471343 1571.518514 1561.061755 1517.489133 1454.116471 1409.112882 1383.924112 1339.940131 1261.556723 1207.894747 1154.028413 1100.366314 1042.956334 1006.856729 955.802280 910.025936 860.880490 812.743426 787.527791 768.058311 764.529892 763.629834 778.969160 793.775194 808.670410 816.218824 -9999.0 -9999.0
-9999.0 299.041436 371.727503 498.768021 579.341962 625.306760 660.898471 687.282053 716.930239 742.677829 851.757436 948.693071 1043.348461 1083.628973 1139.299925 1239.378656 1335.704299 1382.486522 1420.872386 1475.575536 1534.378523 1581.772110 1611.675469 1628.301924 1661.058115 1671.344727 1673.483845 1676.340073 1672.284740 1665.200722 1656.673481 1663.280951 1660.034930 1641.587836 1625.945990 1622.597754 1615.798110 1589.576725 1559.923936 1544.380454 1546.728684 1568.717903 1557.061528 1537.184766 1533.721856 1554.637102 1573.302666 1565.051842 1554.582967 1573.491463 1608.663853 1630.836998 1642.479825 1658.292517 1678.716844 1654.005554 1624.548022 1582.679245 1562.143638 1532.105243 1472.517606 1410.176497 1354.692898 1292.492603 1224.262405 1152.762053 1085.031012 1019.541552 949.588049 905.666976 872.065163 819.590925 796.329260 796.413103 786.290409 782.593992 788.070313 794.099015 -9999.0 -9999.0
-9999.0 220.868575 363.791102 549.216586 698.467922 760.551432 869.319762 952.391205 983.591874 960.137492 1072.844255 1293.794591 1392.103117 1410.253691 1481.476073 1567.036743 1592.315472 1624.385721 1646.305545 1653.915874 1660.252415 1669.666114 1668.630912 1663.326148 1649.327980 1641.551013 1639.987096 1636.337203 1617.572340 1597.310785 1579.097186 1574.412774 1556.198324 1513.317640 1480.597690 1463.225459 1446.034953 1421.818213 1385.667422 1357.199601 1342.010731 1357.961728 1350.209904 1333.489341 1330.039935 1352.812039 1386.117715 1382.876599 1391.648237 1415.313131 1456.649240 1497.886711 1521.542158 1551.941314 1589.181267 1633.618517 1650.563693 1671.860171 1676.186698 1655.757990 1611.512002 1559.371096 1524.249458 1460.063670 1386.217266 1306.659251 1240.812250 1177.046688 1104.943765 1054.323011 1003.668621 943.381829 885.384169 858.212509 816.976741 795.842773 -9999.0 -9999.0 -9999.0 -9999.0
-9999.0 145.299608 334.532112 595.424807 868.666425 987.978020 1193.650876 1324.097377 1385.598491 1450.217955 1443.877019 1580.231702 1615.704474 1611.680075 1608.106344 1612.576570 1628.618785 1633.142753 1630.420297 1621.205046 1612.433075 1608.715847 1607.076690 1599.489825 1586.740155 1571.068575 1556.948511 1542.315099 1502.010657 1467.483385 1431.789239 1415.449019 1376.172744 1285.174377 1242.242239 1206.967365 1149.959778 1140.272225 1130.018786 1099.030848 1077.870039 1058.070848 1078.763865 1081.955961 1084.274980 1090.080005 1109.892272 1134.374339 1180.054793 1218.154979 1263.690661 1317.266360 1353.120249 1397.987945 1446.132006 1504.006016 1537.627052 1569.317586 1616.348647 1656.142115 1679.165976 1668.366385 1639.554978 1593.270683 1521.948739 1453.021917 1401.857421 1327.879320 1261.932918 1208.245329 1161.842184 1108.210101 1038.544032 949.310204 904.753146 -9999.0 -9999.0 -9999.0 -9999.0 -9999.0
-9999.0 -27.838228 240.151370 531.073498 851.449002 1178.721510 1307.013649 1442.903261 1515.763408 1475.690715 1475.557008 1497.891940 1538.733191 1548.092852 1530.269800 1523.501786 1514.057351 1514.870885 1528.192705 1502.434727 1472.203159 1458.479790 1457.336291 1444.747320 1420.627542 1402.156177 1388.021460 1365.973321 1316.247758 1264.969998 1184.517309 1153.785629 1075.936265 1014.180970 967.660980 917.569732 865.437951 862.341910 877.404984 860.735073 837.493820 818.543800 844.681911 861.799344 873.939689 863.902491 874.154330 911.130026 962.011824 1007.639192 1060.071524 1118.209754 1167.777491 1218.796202 1253.451865 1306.216127 1355.191746 1403.721064 1478.649833 1558.404287 1595.575078 1630.440326 1663.565073 1677.814690 1625.822135 1573.655516 1519.290610 1453.584868 1367.860386 1322.857894 1298.813751 1258.566852 1202.363517 -9999.0 -9999.0 -9999.0 -9999.0 -9999.0 -9999.0 -9999.0
-9999.0 -156.493729 66.211920 301.495299 591.567866 831.301699 1024.278290 1137.660487 1218.296099 1242.072719 1269.674014 1302.041487 1332.970630 1356.270448 1335.649516 1298.929439 1272.153428 1276.742710 1273.964191 1250.286710 1220.756806 1205.685860 1203.087165 1194.949362 1168.551686 1151.774185 1138.746939 1113.434796 1075.698715 1017.632009 936.018322 863.544012 800.501887 765.768562 734.857942 701.338504 664.046386 673.572524 686.147460 681.651965 670.077332 666.402436 695.618577 714.483475 724.767058 713.062088 732.513176 759.980829 802.503567 846.173450 896.274115 953.045966 1008.712844 1040.885797 1058.169322 1088.508528 1133.033871 1191.546397 1279.946922 1376.188106 1453.892733 1504.214192 1554.853362 1587.769075 1600.675863 1612.707027 1584.123753 1495.331992 1366.275863 1371.808555 1374.850566 -9999.0 -9999.0 -9999.0 -9999.0 -9999.0 -9999.0 -9999.0 -9999.0 -9999.0
-9999.0 -9999.0 -168.710079 13.221916 158.815095 341.861704 494.040935 604.861063 689.934022 794.749205 893.845759 974.413939 1018.170715 1036.117355 1020.893666 985.447542 962.794635 962.969516 953.327600 941.496462 919.935199 911.262712 900.386820 891.574964 879.338543 871.900475 865.118030 852.109263 827.959312 779.599116 728.405420 675.852539 621.274839 595.102849 572.606745 550.242716 547.657731 544.263964 550.089073 551.224497 557.294609 569.423143 589.750572 611.505285 621.225333 629.519392 642.301191 666.347140 699.910333 742.240664 796.255233 854.037102 894.285086 908.082530 900.251622 907.943089 932.050583 979.060529 1066.237006 1156.701188 1253.689882 1326.387395 1398.739031 1450.834834 1467.628021 1483.648822 1493.959140 1413.868624 1037.526189 1292.786657 -9999.0 -9999.0 -9999.0 -9999.0 -9999.0 -9999.0 -9999.0 -9999.0 -9999.0 -9999.0
-9999.0 -9999.0 -9999.0 -9999.0 -129.350392 27.166981 123.528407 207.550040 333.738708 449.355738 546.017204 626.222659 684.443330 709.840568 702.789172 703.540460 697.512035 692.503883 683.332225 680.376747 677.194687 669.347664 656.036571 648.104869 647.690560 651.285490 648.193503 633.965725 616.145988 590.951753 568.467114 533.250335 496.403503 466.862581 453.457909 447.007734 446.791538 440.358884 449.304451 456.101356 471.073513 486.344439 510.197292 538.891284 552.176431 566.770670 576.646220 597.498759 627.962598 681.320891 744.505273 801.847857 837.185628 841.679342 817.012889 802.277686 800.195351 830.157692 878.987689 951.349801 1057.417100 1135.931941 1199.680472 1247.804533 1281.410307 1327.242612 1374.824494 1398.976022 -9999.0 -9999.0 -9999.0 -9999.0 -9999.0 -9999.0 -9999.0 -9999.0 -9999.0 -9999.0 -9999.0 -9999.0
-9999.0 -9999.0 -9999.0 -9999.0 -9999.0 -9999.0 -177.311367 -78.091388 6.045799 137.488141 260.376728 357.297350 434.818639 463.622335 486.008685 510.707507 507.749154 490.184143 472.369224 489.978757 501.699721 496.093886 467.086695 465.894696 469.758864 478.102039 475.957391 469.257743 443.915799 453.414544 452.739991 429.256958 402.931528 388.599284 376.725333 386.361979 386.768212 373.609142 374.983036 401.368966 421.328559 434.603733 456.740925 489.909278 522.076578 536.889039 538.159803 544.456044 585.295101 655.640181 726.727468 781.334700 813.155280 821.040588 793.466237 753.388174 733.076023 740.889966 776.998807 832.165339 911.193451 964.254362 996.114147 1015.898691 1040.562769 1134.393437 -9999.0 -9999.0 -9999.0 -9999.0 -9999.0 -9999.0 -9999.0 -9999.0 -9999.0 -9999.0 -9999.0 -9999.0 -9999.0 -9999.0
-9999.0 -9999.0 -9999.0 -9999.0 -9999.0 -9999.0 -9999.0 -9999.0 -9999.0 -9999.0 -9999.0 -9999.0 -9999.0 -9999.0 -9999.0 -9999.0 -9999.0 -9999.0 -9999.0 -9999.0 -9999.0 -9999.0 -9999.0 -9999.0 -9999.0 -9999.0 -9999.0 -9999.0 -9999.0 -9999.0 -9999.0 -9999.0 -9999.0 -9999.0 -9999.0 -9999.0 -9999.0 -9999.0 -9999.0 -9999.0 -9999.0 -9999.0 -9999.0 -9999.0 -9999.0 -9999.0 -9999.0 -9999.0 -9999.0 -9999.0 -9999.0 -9999.0 -9999.0 -9999.0 -9999.0 -9999.0 -9999.0 -9999.0 -9999.0 -9999.0 -9999.0 -9999.0 -9999.0 -9999.0 -9999.0 -9999.0 -9999.0 -9999.0 -9999.0 -9999.0 -9999.0 -9999.0 -9999.0 -9999.0 -9999.0 -9999.0 -9999.0 -9999.0 -9999.0 -9999.0
-9999.0 -9999.0 -9999.0 -9999.0 -9999.0 -9999.0 -9999.0 -9999.0 -9999.0 -9999.0 -9999.0 -9999.0 -9999.0 -9999.0 -9999.0 -9999.0 -9999.0 -9999.0 -9999.0 -9999.0 -9999.0 -9999.0 -9999.0 -9999.0 -9999.0 -9999.0 -9999.0 -9999.0 -9999.0 -9999.0 -9999.0 -9999.0 -9999.0 -9999.0 -9999.0 -9999.0 -9999.0 -9999.0 -9999.0 -9999.0 -9999.0 -9999.0 -9999.0 -9999.0 -9999.0 -9999.0 -9999.0 -9999.0 -9999.0 -9999.0 -9999.0 -9999.0 -9999.0 -9999.0 -9999.0 -9999.0 -9999.0 -9999.0 -9999.0 -9999.0 -9999.0 -9999.0 -9999.0 -9999.0 -9999.0 -9999.0 -9999.0 -9999.0 -9999.0 -9999.0 -9999.0 -9999.0 -9999.0 -9999.0 -9999.0 -9999.0 -9999.0 -9999.0 -9999.0 -9999.0