Borden_/Borden1m_014/output_maps/psiliqL0001N0005.asc
ncols         80
nrows         18
xllcorner     620200.000000
yllcorner     5168000.000000
cellsize      1.000000
NODATA_value  -9999.0
-9999.0 -9999.0 -9999.0 -9999.0 -9999.0 -9999.0 -9999.0 -9999.0 -9999.0 -9999.0 -9999.0 -9999.0 -9999.0 -9999.0 -9999.0 -9999.0 -9999.0 -9999.0 -9999.0 -9999.0 -9999.0 -9999.0 -9999.0 -9999.0 -9999.0 -9999.0 -9999.0 -9999.0 -9999.0 -9999.0 -9999.0 -9999.0 -9999.0 -9999.0 -9999.0 -9999.0 -9999.0 -9999.0 -9999.0 -9999.0 -9999.0 -9999.0 -9999.0 -9999.0 -9999.0 -9999.0 -9999.0 -9999.0 -9999.0 -9999.0 -9999.0 -9999.0 -9999.0 -9999.0 -9999.0 -9999.0 -9999.0 -9999.0 -9999.0 -9999.0 -9999.0 -9999.0 -9999.0 -9999.0 -9999.0 -9999.0 -9999.0 -9999.0 -9999.0 -9999.0 -9999.0 -9999.0 -9999.0 -9999.0 -9999.0 -9999.0 -9999.0 -9999.0 -9999.0 -9999.0
-9999.0 -9999.0 -9999.0 -9999.0 -9999.0 -9999.0 -9999.0 -9999.0 -9999.0 -9999.0 -9999.0 -9999.0 -9999.0 -9999.0 -9999.0 -9999.0 -9999.0 -9999.0 -9999.0 -9999.0 -9999.0 -9999.0 -9999.0 -9999.0 -9999.0 -9999.0 -9999.0 -9999.0 -9999.0 -9999.0 -9999.0 -9999.0 -9999.0 -9999.0 -9999.0 -9999.0 -9999.0 -9999.0 -9999.0 -9999.0 -9999.0 -9999.0 -9999.0 -9999.0 -9999.0 -9999.0 -9999.0 -9999.0 -9999.0 -9999.0 -9999.0 -9999.0 -9999.0 -9999.0 -9999.0 -9999.0 -9999.0 -9999.0 -9999.0 -9999.0 -9999.0 -9999.0 -9999.0 -9999.0 -9999.0 -9999.0 -9999.0 -9999.0 -9999.0 -9999.0 -9999.0 -9999.0 -9999.0 -9999.0 -9999.0 -9999.0 -9999.0 -9999.0 -9999.0 -9999.0
-9999.0 -9999.0 -9999.0 -9999.0 -9999.0 -9999.0 -9999.0 -9999.0 -9999.0 -9999.0 -9999.0 -9999.0 -9999.0 -9999.0 -9999.0 -9999.0 -9999.0 -9999.0 -9999.0 -9999.0 -529.243834 -528.070071 -530.141250 -532.419960 -534.472169 -534.833053 -532.611717 -530.261566 -527.543601 -527.185696 -529.698218 -528.907826 -529.963380 -530.711355 -530.901068 -530.192365 -529.794410 -528.984549 -528.532675 -528.918718 -529.645622 -530.086248 -530.612306 -530.567262 -529.643580 -530.882111 -529.205981 -527.721617 -527.312570 -527.080535 -528.811344 -529.400900 -529.582922 -531.647603 -527.978311 -527.187874 -524.870823 -524.781384 -524.141383 -526.721941 -529.301979 -9999.0 -9999.0 -9999.0 -9999.0 -9999.0 -9999.0 -9999.0 -9999.0 -9999.0 -9999.0 -9999.0 -9999.0 -9999.0 -9999.0 -9999.0 -9999.0 -9999.0 -9999.0 -9999.0
-9999.0 -9999.0 -9999.0 -9999.0 -9999.0 -9999.0 -9999.0 -9999.0 -9999.0 -9999.0 -9999.0 -9999.0 -9999.0 -9999.0 -532.152948 -533.454492 -534.090478 -534.692645 -532.685990 -531.291824 -531.574888 -532.920624 -531.614157 -534.058399 -536.309497 -534.983657 -533.366679 -532.365445 -530.378020 -528.797799 -530.460329 -530.882503 -530.124359 -527.205064 -526.177715 -526.937768 -530.890994 -527.196388 -525.716603 -524.768915 -524.883778 -526.677337 -524.431522 -521.784819 -523.249831 -526.050341 -525.358523 -523.892566 -521.359508 -522.101597 -530.843437 -531.048395 -530.338497 -529.841875 -531.080407 -532.064869 -528.408398 -529.156545 -529.597786 -529.761692 -531.410324 -534.590529 -536.139737 -532.556126 -529.916946 -524.112302 -9999.0 -9999.0 -9999.0 -9999.0 -9999.0 -9999.0 -9999.0 -9999.0 -9999.0 -9999.0 -9999.0 -9999.0 -9999.0 -9999.0
-9999.0 -9999.0 -9999.0 -9999.0 -9999.0 -9999.0 -9999.0 -9999.0 -9999.0 -533.713798 -534.165324 -533.845677 -534.862209 -533.785424 -535.987864 -535.574473 -536.134479 -534.743747 -533.925071 -532.254088 -529.690284 -531.877933 -532.209465 -530.840339 -530.986134 -530.858111 -530.158449 -526.406739 -522.582975 -515.651867 -522.398474 -522.766214 -520.332938 -511.421749 -502.969350 -500.256084 -505.658993 -505.855389 -499.591699 -490.015151 -489.624601 -490.234456 -482.644724 -478.434975 -474.816743 -480.627221 -488.282717 -492.875976 -484.061617 -498.953169 -512.245006 -521.916003 -519.087549 -523.268538 -527.897032 -529.321142 -530.106740 -525.995702 -527.239731 -530.411393 -533.019682 -531.571465 -533.309399 -531.618008 -530.886455 -526.577571 -522.962918 -519.335974 -519.170150 -521.567083 -9999.0 -9999.0 -9999.0 -9999.0 -9999.0 -9999.0 -9999.0 -9999.0 -9999.0 -9999.0
-9999.0 -9999.0 -9999.0 -9999.0 -9999.0 -9999.0 -535.424874 -535.685750 -535.037647 -537.845631 -536.208270 -537.655896 -536.549869 -536.255055 -535.661421 -535.974700 -534.332862 -533.097835 -530.909457 -528.071425 -525.369212 -527.570397 -526.950978 -523.022569 -516.551200 -511.304739 -507.698656 -500.280342 -474.501778 -456.680647 -449.752352 -447.342705 -443.079198 -411.843233 -332.363931 -274.987270 -338.144015 -367.032730 -337.125935 -25.094646 2.695841 2.768070 2.827309 2.862169 3.134682 3.029434 -11.582927 -253.707196 -309.812423 -330.577172 -399.225525 -443.768678 -462.789057 -479.120731 -503.404628 -516.941054 -515.970902 -511.699108 -516.472414 -523.682538 -527.710980 -527.121224 -527.725708 -529.525834 -528.573665 -526.986520 -524.395080 -522.660939 -523.874402 -525.369392 -526.194383 -529.137896 -528.563252 -525.679643 -9999.0 -9999.0 -9999.0 -9999.0 -9999.0 -9999.0
-9999.0 -9999.0 -9999.0 -9999.0 -539.178183 -538.019921 -541.686814 -539.752495 -538.420710 -537.542354 -537.995320 -536.406767 -536.310277 -535.362713 -533.124561 -531.939438 -529.115403 -527.245489 -521.155862 -510.104044 -499.423976 -492.465347 -487.338416 -464.681197 -434.220476 -394.475904 -375.959286 -336.180104 -34.430644 3.066177 3.308466 3.314736 3.432994 3.674102 4.113089 4.597780 4.212701 4.128426 4.288853 4.847434 5.334164 5.298561 5.349557 5.274477 5.347451 5.468754 5.014695 4.331656 4.122337 4.036211 3.798576 3.200808 2.945427 2.465792 -190.440342 -370.937148 -436.089530 -448.795230 -471.367004 -490.849581 -507.988454 -511.460457 -516.378150 -519.091353 -523.532844 -522.306602 -520.651297 -522.885802 -525.684150 -528.378591 -528.289240 -529.424653 -531.170601 -527.189550 -526.205823 -522.284543 -9999.0 -9999.0 -9999.0 -9999.0
-9999.0 -9999.0 -539.007210 -539.284697 -536.345375 -538.548335 -539.871902 -541.716021 -541.277817 -538.694629 -534.116451 -533.147621 -530.613902 -529.614664 -523.470526 -510.349335 -493.376718 -477.577074 -457.220091 -421.651250 -366.606458 -292.123466 -27.193877 2.783815 3.236562 3.729361 3.907124 4.192632 4.866264 5.184170 7.928672 23.449386 27.191534 23.545607 21.074213 20.251273 18.263168 14.846151 6.695850 7.255815 14.246062 16.486695 19.720752 7.651743 5.468985 10.250116 12.352639 13.042707 15.008786 23.616503 32.904070 6.129672 4.867751 4.802385 4.522575 3.842145 3.302625 2.990121 2.560717 -231.576747 -403.351913 -441.953224 -469.548619 -486.674994 -500.019533 -505.663537 -514.008633 -518.929260 -523.518325 -528.137737 -529.236991 -529.769322 -528.742857 -529.557825 -527.510429 -526.213597 -523.945542 -523.231874 -9999.0 -9999.0
-9999.0 -539.618372 -541.118212 -536.039347 -535.981484 -535.519988 -535.079615 -534.602935 -533.548089 -535.967296 -524.597506 -506.285380 -483.423996 -477.866404 -461.345052 -406.579125 -172.349944 2.491176 3.003430 3.401094 3.891658 4.400579 4.983016 6.760412 28.913004 25.248256 21.162558 20.657346 12.256065 6.176241 5.210508 5.866993 5.590737 5.166156 5.017926 5.122949 5.133022 4.910444 4.713338 4.588316 4.369053 4.932632 4.697914 4.048508 3.988140 4.656780 4.995429 4.846338 4.665011 4.805272 5.089057 5.211289 5.836044 13.325258 33.226892 11.510684 5.161446 4.840478 4.734022 4.196167 3.509852 2.684236 -218.582120 -389.169644 -437.160912 -472.626561 -490.275768 -502.693198 -514.307118 -518.467508 -520.845390 -527.351603 -528.651928 -526.687624 -527.560831 -527.640115 -526.772977 -526.154046 -9999.0 -9999.0
-9999.0 -545.216115 -540.326089 -535.560496 -530.371488 -531.859386 -516.876199 -496.427065 -491.130946 -500.353097 -470.149984 -50.110575 3.018572 3.013345 3.551946 4.236178 5.283564 17.380532 30.951976 21.467122 15.395916 17.623040 12.711208 5.694596 5.273598 5.196198 5.305391 5.308067 5.057248 4.918105 4.792526 4.857420 4.634189 3.775486 3.449199 3.355053 3.331457 3.221014 2.949937 2.443824 -195.122553 2.489599 -19.286469 -309.319552 -322.110217 -21.346039 3.031257 2.971636 2.978368 3.102760 3.379351 3.680156 3.924766 4.558543 4.855083 5.206703 5.913657 20.860773 27.107533 5.749658 5.025095 4.617237 4.160186 3.418005 -17.023768 -365.739577 -417.975103 -447.860840 -476.347096 -489.474868 -500.889138 -511.540272 -520.465310 -521.554984 -526.253288 -526.231788 -9999.0 -9999.0 -9999.0 -9999.0
-9999.0 -545.548347 -540.904090 -531.646530 -511.802277 -493.402042 -391.970913 -17.229642 3.046943 3.667499 4.002906 17.175810 24.378221 7.721693 5.321165 5.128318 5.296789 5.367408 5.164329 5.030886 4.992235 5.017020 5.068810 5.006367 4.958542 4.870584 4.783749 4.654694 3.853721 3.526068 3.258062 3.156943 -8.680284 -380.433989 -421.664519 -438.073768 -461.152956 -463.207819 -468.916189 -481.032264 -488.168507 -488.731342 -484.998202 -488.912152 -489.612872 -484.011394 -474.892121 -471.167244 -457.056865 -441.605380 -415.440924 -371.649151 -306.044397 -7.299149 3.222974 3.720231 4.105162 4.678760 5.044810 6.197351 25.467582 18.534590 5.295327 4.964974 4.425507 3.541291 3.209418 -21.730424 -331.558298 -401.185486 -437.081218 -469.508437 -490.629691 -508.572264 -514.278184 -9999.0 -9999.0 -9999.0 -9999.0 -9999.0
-9999.0 -553.421117 -540.701149 -533.414432 -501.718925 -340.356441 -78.583108 3.746049 10.970369 3.797470 3.588982 3.892778 4.748637 4.839282 4.514076 3.967635 3.737579 3.699230 3.938740 3.657647 3.437051 3.367348 3.441505 3.360943 3.201183 3.099818 2.983790 -12.623601 -345.725429 -403.090362 -450.811104 -456.268245 -480.915390 -502.867171 -510.957048 -517.833908 -525.057519 -524.553206 -521.389310 -523.745873 -526.252398 -529.187145 -525.710207 -524.291341 -522.768248 -524.832172 -524.605259 -520.349394 -513.587806 -507.406652 -497.963754 -484.557633 -471.110502 -445.440404 -424.577573 -379.592165 -262.928930 2.171936 3.533899 4.653668 4.898208 5.153119 13.890178 32.166756 5.708310 4.951511 4.744504 4.455444 3.531823 3.057169 -19.181748 -348.984270 -421.564044 -9999.0 -9999.0 -9999.0 -9999.0 -9999.0 -9999.0 -9999.0
-9999.0 -557.514774 -543.642037 -542.524009 -529.055907 -506.479127 -466.839578 -416.646369 -356.302687 -369.808985 -357.837947 -302.777856 -14.118900 2.853249 -23.633936 -346.018273 -386.866148 -383.710924 -383.096813 -407.318383 -428.971684 -438.119543 -437.653818 -441.199405 -454.380365 -461.269670 -465.400995 -474.189424 -488.624986 -500.837804 -515.800761 -523.904559 -529.686779 -531.280095 -532.489806 -533.916737 -537.567544 -535.226012 -533.619520 -533.973137 -535.119994 -536.093973 -533.287508 -532.515583 -531.682107 -534.444912 -532.708634 -531.551744 -528.591606 -525.791892 -521.756433 -515.553582 -507.163776 -502.014459 -499.298828 -492.213112 -479.821254 -455.029838 -397.385638 -30.178841 3.295988 3.752084 4.611364 4.943136 5.083839 13.869795 22.947452 5.925062 4.356327 4.442891 4.338363 -9999.0 -9999.0 -9999.0 -9999.0 -9999.0 -9999.0 -9999.0 -9999.0 -9999.0
-9999.0 -9999.0 -560.584005 -555.131705 -550.548140 -546.199013 -540.160022 -535.040503 -532.110212 -524.189009 -512.872971 -500.110203 -488.880908 -484.052947 -491.102950 -504.482392 -510.223632 -509.303159 -510.737618 -513.032873 -517.361479 -518.106572 -519.124114 -519.740904 -521.637524 -522.405107 -522.652974 -523.262380 -524.821795 -528.904731 -532.257999 -534.552697 -537.504555 -536.960871 -537.293835 -538.377753 -537.141504 -537.437371 -537.148959 -537.348044 -537.051112 -536.522463 -536.019399 -535.229493 -535.313341 -535.083387 -534.910882 -534.166838 -533.064749 -531.694625 -528.691752 -524.115429 -520.752733 -520.094951 -522.333979 -521.868598 -519.459668 -513.920434 -496.413741 -467.300979 -422.466456 -356.043974 -10.533319 3.369000 3.586036 4.300863 4.779847 5.095859 3.643330 4.247861 -9999.0 -9999.0 -9999.0 -9999.0 -9999.0 -9999.0 -9999.0 -9999.0 -9999.0 -9999.0
-9999.0 -9999.0 -9999.0 -9999.0 -563.201771 -555.319513 -547.962200 -548.981027 -543.913115 -541.110985 -538.765809 -535.973233 -533.685272 -532.092813 -534.316354 -534.529568 -534.761795 -534.326085 -534.710778 -535.171404 -535.249954 -535.495552 -535.748829 -536.218237 -535.916378 -535.357234 -535.158897 -535.979139 -535.742967 -537.236282 -537.105717 -537.844193 -538.592412 -539.657962 -539.282271 -539.348979 -538.769911 -539.364752 -538.486010 -539.077496 -538.460086 -538.258456 -537.593916 -536.430609 -537.087239 -536.418423 -536.499424 -535.698851 -535.716618 -533.771338 -530.546769 -526.841907 -524.387354 -524.633006 -528.240918 -529.550420 -530.569819 -528.516046 -525.464774 -518.230323 -500.062694 -482.182261 -453.128117 -423.046549 -389.104878 -45.740800 3.772440 4.339257 -9999.0 -9999.0 -9999.0 -9999.0 -9999.0 -9999.0 -9999.0 -9999.0 -9999.0 -9999.0 -9999.0 -9999.0
-9999.0 -9999.0 -9999.0 -9999.0 -9999.0 -9999.0 -559.585459 -555.570092 -556.936744 -553.911631 -551.278126 -549.357582 -546.366395 -546.880770 -545.934725 -543.426204 -543.726546 -544.862123 -546.347195 -544.115987 -543.116357 -542.851217 -545.240993 -544.494111 -544.226669 -543.314857 -543.412258 -542.929461 -544.938869 -542.338604 -541.037370 -541.368576 -541.676622 -541.091495 -541.587109 -539.993496 -539.802881 -541.059284 -541.474302 -539.710690 -539.278952 -539.634849 -539.426574 -538.386952 -536.778593 -536.626189 -537.482420 -538.736830 -537.320830 -533.962282 -530.462394 -527.558589 -525.699370 -524.917856 -527.741643 -531.793842 -533.864354 -534.367314 -533.053640 -530.558083 -523.678512 -519.304086 -516.027659 -513.311592 -509.217645 -479.504128 -9999.0 -9999.0 -9999.0 -9999.0 -9999.0 -9999.0 -9999.0 -9999.0 -9999.0 -9999.0 -9999.0 -9999.0 -9999.0 -9999.0
-9999.0 -9999.0 -9999.0 -9999.0 -9999.0 -9999.0 -9999.0 -9999.0 -9999.0 -9999.0 -9999.0 -9999.0 -9999.0 -9999.0 -9999.0 -9999.0 -9999.0 -9999.0 -9999.0 -9999.0 -9999.0 -9999.0 -9999.0 -9999.0 -9999.0 -9999.0 -9999.0 -9999.0 -9999.0 -9999.0 -9999.0 -9999.0 -9999.0 -9999.0 -9999.0 -9999.0 -9999.0 -9999.0 -9999.0 -9999.0 -9999.0 -9999.0 -9999.0 -9999.0 -9999.0 -9999.0 -9999.0 -9999.0 -9999.0 -9999.0 -9999.0 -9999.0 -9999.0 -9999.0 -9999.0 -9999.0 -9999.0 -9999.0 -9999.0 -9999.0 -9999.0 -9999.0 -9999.0 -9999.0 -9999.0 -9999.0 -9999.0 -9999.0 -9999.0 -9999.0 -9999.0 -9999.0 -9999.0 -9999.0 -9999.0 -9999.0 -9999.0 -9999.0 -9999.0 -9999.0
-9999.0 -9999.0 -9999.0 -9999.0 -9999.0 -9999.0 -9999.0 -9999.0 -9999.0 -9999.0 -9999.0 -9999.0 -9999.0 -9999.0 -9999.0 -9999.0 -9999.0 -9999.0 -9999.0 -9999.0 -9999.0 -9999.0 -9999.0 -9999.0 -9999.0 -9999.0 -9999.0 -9999.0 -9999.0 -9999.0 -9999.0 -9999.0 -9999.0 -9999.0 -9999.0 -9999.0 -9999.0 -9999.0 -9999.0 -9999.0 -9999.0 -9999.0 -9999.0 -9999.0 -9999.0 -9999.0 -9999.0 -9999.0 -9999.0 -9999.0 -9999.0 -9999.0 -9999.0 -9999.0 -9999.0 -9999.0 -9999.0 -9999.0 -9999.0 -9999.0 -9999.0 -9999.0 -9999.0 -9999.0 -9999.0 -9999.0 -9999.0 -9999.0 -9999.0 -9999.0 -9999.0 -9999.0 -9999.0 -9999.0 -9999.0 -9999.0 -9999.0 -9999.0 -9999.0 -9999.0