Borden_/Borden1m_014/output_maps/psiliqL0019N0012.asc
ncols         80
nrows         18
xllcorner     620200.000000
yllcorner     5168000.000000
cellsize      1.000000
NODATA_value  -9999.0
-9999.0 -9999.0 -9999.0 -9999.0 -9999.0 -9999.0 -9999.0 -9999.0 -9999.0 -9999.0 -9999.0 -9999.0 -9999.0 -9999.0 -9999.0 -9999.0 -9999.0 -9999.0 -9999.0 -9999.0 -9999.0 -9999.0 -9999.0 -9999.0 -9999.0 -9999.0 -9999.0 -9999.0 -9999.0 -9999.0 -9999.0 -9999.0 -9999.0 -9999.0 -9999.0 -9999.0 -9999.0 -9999.0 -9999.0 -9999.0 -9999.0 -9999.0 -9999.0 -9999.0 -9999.0 -9999.0 -9999.0 -9999.0 -9999.0 -9999.0 -9999.0 -9999.0 -9999.0 -9999.0 -9999.0 -9999.0 -9999.0 -9999.0 -9999.0 -9999.0 -9999.0 -9999.0 -9999.0 -9999.0 -9999.0 -9999.0 -9999.0 -9999.0 -9999.0 -9999.0 -9999.0 -9999.0 -9999.0 -9999.0 -9999.0 -9999.0 -9999.0 -9999.0 -9999.0 -9999.0
-9999.0 -9999.0 -9999.0 -9999.0 -9999.0 -9999.0 -9999.0 -9999.0 -9999.0 -9999.0 -9999.0 -9999.0 -9999.0 -9999.0 -9999.0 -9999.0 -9999.0 -9999.0 -9999.0 -9999.0 -9999.0 -9999.0 -9999.0 -9999.0 -9999.0 -9999.0 -9999.0 -9999.0 -9999.0 -9999.0 -9999.0 -9999.0 -9999.0 -9999.0 -9999.0 -9999.0 -9999.0 -9999.0 -9999.0 -9999.0 -9999.0 -9999.0 -9999.0 -9999.0 -9999.0 -9999.0 -9999.0 -9999.0 -9999.0 -9999.0 -9999.0 -9999.0 -9999.0 -9999.0 -9999.0 -9999.0 -9999.0 -9999.0 -9999.0 -9999.0 -9999.0 -9999.0 -9999.0 -9999.0 -9999.0 -9999.0 -9999.0 -9999.0 -9999.0 -9999.0 -9999.0 -9999.0 -9999.0 -9999.0 -9999.0 -9999.0 -9999.0 -9999.0 -9999.0 -9999.0
-9999.0 -9999.0 -9999.0 -9999.0 -9999.0 -9999.0 -9999.0 -9999.0 -9999.0 -9999.0 -9999.0 -9999.0 -9999.0 -9999.0 -9999.0 -9999.0 -9999.0 -9999.0 -9999.0 -9999.0 1952.794490 1955.545242 1935.048188 1903.040302 1877.155617 1881.485121 1917.382818 1959.906303 1999.803572 2010.033839 1993.470251 1999.005371 1997.671437 1998.588786 2003.554847 2013.760691 2021.424730 2033.252628 2041.669397 2040.601774 2033.840967 2028.472121 2029.319336 2031.422757 2037.054596 2024.764555 2039.612805 2054.760356 2058.377919 2051.847930 2022.935274 2005.151095 1992.820487 1973.911099 1996.228881 2005.094380 2024.913590 2026.434467 2022.413705 1994.078782 1963.127747 -9999.0 -9999.0 -9999.0 -9999.0 -9999.0 -9999.0 -9999.0 -9999.0 -9999.0 -9999.0 -9999.0 -9999.0 -9999.0 -9999.0 -9999.0 -9999.0 -9999.0 -9999.0 -9999.0
-9999.0 -9999.0 -9999.0 -9999.0 -9999.0 -9999.0 -9999.0 -9999.0 -9999.0 -9999.0 -9999.0 -9999.0 -9999.0 -9999.0 1857.691103 1849.522509 1848.309172 1858.070816 1893.020845 1924.793659 1937.223063 1931.241224 1933.024040 1911.230028 1892.425865 1908.718016 1940.727033 1973.311584 2008.211179 2028.214189 2018.796696 2019.257929 2031.776883 2059.635034 2074.757838 2075.064691 2058.693325 2084.229485 2099.432660 2105.934543 2104.214508 2094.520807 2104.696289 2119.028212 2111.993360 2096.237120 2104.763354 2118.049900 2128.411593 2114.465852 2048.998882 2028.034760 2019.734055 2010.579355 1993.857217 1985.563234 2008.925846 2005.469460 1995.012689 1975.430345 1941.091678 1895.785401 1875.343822 1912.741187 1954.506058 2009.653009 -9999.0 -9999.0 -9999.0 -9999.0 -9999.0 -9999.0 -9999.0 -9999.0 -9999.0 -9999.0 -9999.0 -9999.0 -9999.0 -9999.0
-9999.0 -9999.0 -9999.0 -9999.0 -9999.0 -9999.0 -9999.0 -9999.0 -9999.0 1796.886032 1802.837650 1811.294361 1815.242023 1832.157254 1830.325347 1838.988604 1846.760655 1876.027355 1908.708132 1945.492768 1975.606240 1969.015883 1971.066744 1981.381162 1984.876309 1999.393349 2023.956594 2064.975002 2100.841325 2139.441980 2110.344795 2110.431136 2134.521438 2186.159691 2220.627841 2229.430819 2214.151588 2228.003149 2252.579420 2270.941852 2267.831028 2262.577026 2285.721551 2299.147011 2297.152037 2277.857379 2272.864937 2277.298688 2303.433700 2249.843782 2178.919281 2127.101152 2130.515095 2100.835716 2064.986104 2044.454467 2038.738350 2055.217940 2038.235961 1999.573310 1962.263241 1948.409470 1928.380089 1944.265810 1964.267630 2008.030740 2045.421395 2072.208943 2069.671801 2050.882577 -9999.0 -9999.0 -9999.0 -9999.0 -9999.0 -9999.0 -9999.0 -9999.0 -9999.0 -9999.0
-9999.0 -9999.0 -9999.0 -9999.0 -9999.0 -9999.0 1716.876146 1727.889837 1749.699617 1754.487116 1781.722399 1789.904316 1811.789772 1832.350575 1856.206411 1873.717739 1904.325635 1938.738940 1980.590640 2025.231160 2059.772583 2055.194212 2067.002315 2096.184430 2135.637601 2167.206221 2196.247259 2237.142220 2310.449511 2348.764366 2350.505129 2357.194433 2373.448018 2432.475836 2503.570840 2520.401523 2503.419625 2491.498186 2513.044598 2548.013253 2548.485939 2547.429865 2559.610710 2569.257988 2595.549982 2586.873074 2549.865666 2541.078443 2543.456488 2521.769677 2451.221478 2381.562839 2347.162818 2294.021408 2209.177434 2154.877144 2162.049365 2178.481083 2148.328711 2093.394982 2051.813040 2038.745575 2020.744681 2005.887686 2010.896167 2027.944431 2047.469215 2056.477693 2041.019814 2017.595244 1993.433136 1962.873490 1963.162738 1986.964971 -9999.0 -9999.0 -9999.0 -9999.0 -9999.0 -9999.0
-9999.0 -9999.0 -9999.0 -9999.0 1665.608263 1679.865589 1668.133767 1695.487787 1729.835154 1765.737857 1797.958252 1835.234113 1863.572069 1895.428323 1936.194407 1969.271291 2010.642888 2047.235225 2103.659948 2175.170484 2229.719125 2253.623341 2269.538361 2329.367653 2396.183712 2456.055540 2482.760253 2511.713606 2555.317478 2611.050181 2635.121470 2642.076513 2664.271730 2709.505818 2765.539648 2805.654150 2791.989283 2785.829433 2793.880643 2805.517173 2826.869989 2826.564865 2827.583648 2830.401771 2836.403151 2836.450414 2813.597947 2782.198466 2766.556916 2754.820244 2717.546187 2641.811794 2601.972523 2569.517482 2528.251691 2469.855101 2404.386750 2388.980104 2329.043021 2269.203525 2207.174148 2184.084303 2150.871422 2123.221720 2093.267997 2093.445918 2094.743134 2071.560027 2035.883056 2000.858124 1983.363008 1962.087150 1948.361263 1976.655256 1992.528093 2021.296607 -9999.0 -9999.0 -9999.0 -9999.0
-9999.0 -9999.0 1603.703519 1652.346950 1711.390160 1721.729692 1722.226031 1729.773120 1760.302764 1814.317213 1887.760693 1935.807382 1976.033113 2012.591326 2074.338566 2151.965994 2223.441482 2273.173695 2339.334309 2417.436570 2486.287604 2520.890001 2537.542347 2580.799611 2640.857000 2712.417818 2744.587854 2772.602777 2805.262751 2837.405288 2839.219212 2851.766635 2863.403972 2872.895937 2884.303152 2889.954271 2887.176125 2883.923381 2866.515519 2862.379632 2868.716006 2874.842689 2875.026160 2861.265969 2857.694257 2872.626827 2879.045784 2879.278627 2878.478243 2884.701500 2883.555422 2838.833373 2808.041356 2791.223135 2775.047592 2726.001580 2655.942757 2614.957950 2591.697459 2544.717996 2463.922260 2409.594215 2355.403747 2305.436620 2249.630643 2218.012363 2169.727313 2124.795413 2075.333598 2025.717621 1998.570713 1977.466702 1971.816083 1968.506151 1982.625041 1996.030587 2010.056228 2017.167353 -9999.0 -9999.0
-9999.0 1497.085857 1569.814523 1696.119209 1778.409635 1824.365646 1851.807161 1871.215562 1902.460168 1935.159934 2036.323554 2114.082021 2205.322326 2247.457052 2300.634944 2403.303721 2503.181661 2555.014122 2598.778717 2663.652930 2731.101013 2784.347038 2813.705708 2814.443427 2853.824136 2877.602581 2885.808721 2891.964256 2889.524639 2879.639096 2869.488810 2874.163901 2869.577718 2849.680859 2832.184806 2828.436993 2824.032546 2801.707312 2773.566334 2759.495667 2761.874980 2787.938869 2774.008077 2753.123734 2749.444211 2771.443835 2794.406965 2786.640200 2774.808924 2795.957031 2832.121222 2855.731905 2862.764544 2879.882133 2899.595318 2871.090039 2843.891314 2800.806981 2779.727655 2750.884059 2691.344810 2629.095527 2571.255691 2505.608187 2435.075084 2365.922864 2299.356480 2232.893926 2164.040070 2118.896832 2083.131322 2028.754416 2004.371131 2002.478074 1990.976634 1985.778544 1989.694723 1995.122331 -9999.0 -9999.0
-9999.0 1410.487041 1552.539603 1736.825447 1887.757313 1946.214876 2039.595729 2115.393953 2142.583998 2108.777147 2218.772438 2442.812183 2560.765988 2584.085601 2662.588287 2763.213569 2773.410140 2808.453085 2833.301224 2851.666599 2866.567437 2879.415972 2878.500450 2874.447381 2861.609870 2856.666842 2857.801669 2856.621616 2839.093664 2817.593853 2796.112445 2788.021383 2763.488901 2712.674164 2673.886896 2651.747351 2632.735154 2616.502010 2589.295571 2564.435283 2548.046952 2562.949856 2559.869655 2543.114584 2539.289622 2561.629995 2592.544053 2591.205090 2605.100624 2629.928510 2673.324936 2715.951332 2740.041314 2771.419383 2810.543999 2856.902381 2870.626300 2893.574349 2898.262448 2883.169747 2838.232549 2783.112067 2748.497439 2685.250731 2612.543183 2530.890294 2462.855125 2395.856257 2322.908045 2271.827825 2216.017263 2149.218343 2089.575109 2063.740078 2020.892016 1999.917761 -9999.0 -9999.0 -9999.0 -9999.0
-9999.0 1322.434253 1508.127793 1761.577611 2050.767360 2156.112560 2371.224762 2504.531928 2561.185791 2635.459144 2581.509283 2759.350721 2809.406284 2809.352202 2818.816915 2827.336889 2845.469594 2848.805211 2844.818085 2833.751913 2823.211360 2817.730016 2815.781556 2808.596462 2797.782517 2784.967547 2771.986401 2760.435384 2722.166306 2685.105375 2640.507117 2619.788964 2573.914367 2474.021518 2424.697829 2380.645802 2318.720425 2315.262137 2315.446810 2289.367874 2271.654764 2247.980994 2273.498767 2282.136429 2285.493715 2284.681795 2298.805990 2327.181156 2377.068243 2419.330363 2470.223791 2527.517568 2567.402828 2613.003803 2659.856455 2718.507390 2755.087637 2788.786793 2841.202886 2881.195964 2905.663322 2893.998164 2870.404559 2824.611485 2753.812601 2690.590555 2642.863540 2569.966242 2503.816140 2445.603673 2385.610928 2316.782936 2237.276074 2152.893775 2107.478941 -9999.0 -9999.0 -9999.0 -9999.0 -9999.0
-9999.0 1125.770381 1392.853460 1674.700545 1979.067561 2323.269553 2484.606957 2609.311426 2687.019407 2669.281464 2689.739305 2710.453429 2756.555040 2767.871118 2749.754495 2741.651412 2729.531825 2728.786265 2739.218174 2708.170374 2672.849552 2654.844120 2652.103442 2639.886432 2617.089378 2602.576843 2594.320091 2574.950565 2524.802284 2468.138263 2376.150724 2336.179343 2253.072464 2199.972209 2153.432214 2100.042830 2048.422885 2048.875158 2069.564278 2058.059948 2037.433607 2020.028056 2048.237257 2068.377802 2081.380684 2068.127719 2076.528797 2112.588264 2163.605256 2211.041814 2264.645613 2323.010223 2371.284007 2421.123981 2456.490205 2510.982203 2566.384150 2617.780817 2695.304874 2778.117627 2820.516186 2857.883444 2891.098687 2910.326422 2861.821840 2818.967963 2772.445509 2715.953471 2644.094281 2595.301646 2556.290987 2483.872003 2408.440909 -9999.0 -9999.0 -9999.0 -9999.0 -9999.0 -9999.0 -9999.0
-9999.0 1004.832641 1214.370719 1430.864967 1705.476530 1946.757163 2159.958408 2270.646357 2358.568592 2418.499887 2468.216135 2508.259877 2541.145598 2566.145991 2548.149966 2507.288134 2478.156155 2481.243628 2471.276559 2441.492646 2403.715466 2382.464512 2375.684679 2367.614365 2344.018342 2331.567649 2322.852242 2301.097560 2270.260742 2212.252088 2129.926918 2051.615661 1990.062814 1959.966068 1929.797884 1896.614442 1862.815217 1873.347486 1885.789465 1884.349534 1875.949911 1874.582117 1903.932710 1923.349066 1933.417679 1922.313890 1941.554634 1967.800501 2009.522430 2054.530441 2105.600157 2161.927678 2217.006531 2247.554625 2263.384964 2290.755954 2333.483550 2392.118158 2484.371845 2586.365671 2670.446566 2724.197660 2780.265406 2822.120863 2842.837431 2857.463407 2842.210844 2774.947181 2685.760729 2674.845039 2667.229299 -9999.0 -9999.0 -9999.0 -9999.0 -9999.0 -9999.0 -9999.0 -9999.0 -9999.0
-9999.0 -9999.0 983.836287 1152.797154 1277.248465 1453.209832 1604.087526 1718.107938 1818.076303 1948.834661 2065.439370 2156.213798 2202.174534 2220.585159 2208.815352 2180.074230 2160.836740 2159.264258 2145.113767 2130.442051 2105.865393 2093.413985 2078.228747 2068.578588 2060.029226 2056.235423 2052.275348 2042.459342 2021.783241 1974.952382 1927.424390 1875.756729 1822.517325 1796.415402 1774.008513 1752.593631 1752.191067 1747.530448 1753.069408 1755.386310 1763.550207 1776.966440 1797.030515 1819.481868 1829.392269 1838.884134 1851.205587 1874.875737 1908.018744 1951.058941 2006.116125 2065.321760 2106.559974 2120.835225 2112.898615 2119.583170 2140.953791 2185.637563 2268.491804 2356.356461 2459.483073 2538.700044 2619.173586 2680.152493 2706.376195 2732.023581 2760.167062 2723.180274 2607.606083 2635.362951 -9999.0 -9999.0 -9999.0 -9999.0 -9999.0 -9999.0 -9999.0 -9999.0 -9999.0 -9999.0
-9999.0 -9999.0 -9999.0 -9999.0 1013.085932 1166.336500 1265.102083 1349.577212 1483.434255 1610.668891 1715.786120 1802.137597 1867.320665 1894.932545 1893.602940 1903.487645 1900.047449 1891.742497 1879.215111 1876.508780 1873.333693 1863.042730 1845.949726 1837.875880 1839.313382 1845.178750 1843.109415 1829.936482 1811.894596 1791.097023 1771.715716 1737.201070 1701.310774 1671.677058 1658.030999 1652.490377 1651.975781 1644.641617 1653.309635 1661.347754 1677.020528 1692.414335 1716.214586 1745.461194 1759.599888 1774.478857 1784.099935 1804.396881 1835.011399 1888.804755 1952.931004 2011.729516 2049.116751 2054.908814 2032.175440 2018.322795 2016.068595 2045.794715 2092.428122 2161.160645 2266.909167 2346.691684 2410.199051 2464.789957 2509.460731 2569.914461 2641.973296 2687.935104 -9999.0 -9999.0 -9999.0 -9999.0 -9999.0 -9999.0 -9999.0 -9999.0 -9999.0 -9999.0 -9999.0 -9999.0
-9999.0 -9999.0 -9999.0 -9999.0 -9999.0 -9999.0 978.883774 1082.974004 1161.307966 1306.257592 1443.041086 1547.641570 1629.834666 1663.612285 1692.920545 1721.152074 1719.767038 1699.771947 1678.044825 1695.198483 1707.960334 1699.752864 1667.686334 1667.078948 1672.288844 1680.502222 1678.446681 1672.387166 1647.427206 1660.019321 1661.091873 1637.296225 1610.839011 1596.766175 1584.530332 1593.857287 1593.837218 1579.946372 1580.107570 1607.385907 1628.056740 1641.264608 1662.940628 1696.206082 1728.671334 1744.123997 1745.517663 1751.470421 1790.908374 1861.258974 1933.642547 1990.038823 2023.658462 2032.932311 2007.536377 1969.056868 1950.467164 1959.367769 1995.984100 2050.299354 2129.123137 2182.599829 2213.608096 2234.298951 2260.638208 2359.486864 -9999.0 -9999.0 -9999.0 -9999.0 -9999.0 -9999.0 -9999.0 -9999.0 -9999.0 -9999.0 -9999.0 -9999.0 -9999.0 -9999.0
-9999.0 -9999.0 -9999.0 -9999.0 -9999.0 -9999.0 -9999.0 -9999.0 -9999.0 -9999.0 -9999.0 -9999.0 -9999.0 -9999.0 -9999.0 -9999.0 -9999.0 -9999.0 -9999.0 -9999.0 -9999.0 -9999.0 -9999.0 -9999.0 -9999.0 -9999.0 -9999.0 -9999.0 -9999.0 -9999.0 -9999.0 -9999.0 -9999.0 -9999.0 -9999.0 -9999.0 -9999.0 -9999.0 -9999.0 -9999.0 -9999.0 -9999.0 -9999.0 -9999.0 -9999.0 -9999.0 -9999.0 -9999.0 -9999.0 -9999.0 -9999.0 -9999.0 -9999.0 -9999.0 -9999.0 -9999.0 -9999.0 -9999.0 -9999.0 -9999.0 -9999.0 -9999.0 -9999.0 -9999.0 -9999.0 -9999.0 -9999.0 -9999.0 -9999.0 -9999.0 -9999.0 -9999.0 -9999.0 -9999.0 -9999.0 -9999.0 -9999.0 -9999.0 -9999.0 -9999.0
-9999.0 -9999.0 -9999.0 -9999.0 -9999.0 -9999.0 -9999.0 -9999.0 -9999.0 -9999.0 -9999.0 -9999.0 -9999.0 -9999.0 -9999.0 -9999.0 -9999.0 -9999.0 -9999.0 -9999.0 -9999.0 -9999.0 -9999.0 -9999.0 -9999.0 -9999.0 -9999.0 -9999.0 -9999.0 -9999.0 -9999.0 -9999.0 -9999.0 -9999.0 -9999.0 -9999.0 -9999.0 -9999.0 -9999.0 -9999.0 -9999.0 -9999.0 -9999.0 -9999.0 -9999.0 -9999.0 -9999.0 -9999.0 -9999.0 -9999.0 -9999.0 -9999.0 -9999.0 -9999.0 -9999.0 -9999.0 -9999.0 -9999.0 -9999.0 -9999.0 -9999.0 -9999.0 -9999.0 -9999.0 -9999.0 -9999.0 -9999.0 -9999.0 -9999.0 -9999.0 -9999.0 -9999.0 -9999.0 -9999.0 -9999.0 -9999.0 -9999.0 -9999.0 -9999.0 -9999.0