Borden_/Borden1m_014/output_maps/psiliqL0017N0026.asc
ncols         80
nrows         18
xllcorner     620200.000000
yllcorner     5168000.000000
cellsize      1.000000
NODATA_value  -9999.0
-9999.0 -9999.0 -9999.0 -9999.0 -9999.0 -9999.0 -9999.0 -9999.0 -9999.0 -9999.0 -9999.0 -9999.0 -9999.0 -9999.0 -9999.0 -9999.0 -9999.0 -9999.0 -9999.0 -9999.0 -9999.0 -9999.0 -9999.0 -9999.0 -9999.0 -9999.0 -9999.0 -9999.0 -9999.0 -9999.0 -9999.0 -9999.0 -9999.0 -9999.0 -9999.0 -9999.0 -9999.0 -9999.0 -9999.0 -9999.0 -9999.0 -9999.0 -9999.0 -9999.0 -9999.0 -9999.0 -9999.0 -9999.0 -9999.0 -9999.0 -9999.0 -9999.0 -9999.0 -9999.0 -9999.0 -9999.0 -9999.0 -9999.0 -9999.0 -9999.0 -9999.0 -9999.0 -9999.0 -9999.0 -9999.0 -9999.0 -9999.0 -9999.0 -9999.0 -9999.0 -9999.0 -9999.0 -9999.0 -9999.0 -9999.0 -9999.0 -9999.0 -9999.0 -9999.0 -9999.0
-9999.0 -9999.0 -9999.0 -9999.0 -9999.0 -9999.0 -9999.0 -9999.0 -9999.0 -9999.0 -9999.0 -9999.0 -9999.0 -9999.0 -9999.0 -9999.0 -9999.0 -9999.0 -9999.0 -9999.0 -9999.0 -9999.0 -9999.0 -9999.0 -9999.0 -9999.0 -9999.0 -9999.0 -9999.0 -9999.0 -9999.0 -9999.0 -9999.0 -9999.0 -9999.0 -9999.0 -9999.0 -9999.0 -9999.0 -9999.0 -9999.0 -9999.0 -9999.0 -9999.0 -9999.0 -9999.0 -9999.0 -9999.0 -9999.0 -9999.0 -9999.0 -9999.0 -9999.0 -9999.0 -9999.0 -9999.0 -9999.0 -9999.0 -9999.0 -9999.0 -9999.0 -9999.0 -9999.0 -9999.0 -9999.0 -9999.0 -9999.0 -9999.0 -9999.0 -9999.0 -9999.0 -9999.0 -9999.0 -9999.0 -9999.0 -9999.0 -9999.0 -9999.0 -9999.0 -9999.0
-9999.0 -9999.0 -9999.0 -9999.0 -9999.0 -9999.0 -9999.0 -9999.0 -9999.0 -9999.0 -9999.0 -9999.0 -9999.0 -9999.0 -9999.0 -9999.0 -9999.0 -9999.0 -9999.0 -9999.0 1551.335599 1554.101625 1533.180203 1500.743341 1474.256332 1478.028349 1513.934050 1556.868100 1597.403415 1608.676113 1592.375521 1596.874119 1593.744233 1592.769672 1595.553336 1603.404897 1608.982448 1620.431762 1629.285737 1629.437802 1624.181254 1620.127293 1621.697259 1624.581802 1629.850481 1617.208590 1630.381826 1644.266012 1647.605994 1641.145383 1612.948567 1596.209616 1585.192803 1567.329152 1590.065710 1599.703767 1620.493495 1622.820054 1619.397922 1591.212609 1560.364754 -9999.0 -9999.0 -9999.0 -9999.0 -9999.0 -9999.0 -9999.0 -9999.0 -9999.0 -9999.0 -9999.0 -9999.0 -9999.0 -9999.0 -9999.0 -9999.0 -9999.0 -9999.0 -9999.0
-9999.0 -9999.0 -9999.0 -9999.0 -9999.0 -9999.0 -9999.0 -9999.0 -9999.0 -9999.0 -9999.0 -9999.0 -9999.0 -9999.0 1457.293256 1448.865540 1447.447326 1457.062305 1491.744103 1523.008196 1535.284585 1528.925604 1530.368337 1508.142285 1488.736334 1504.222063 1535.839728 1569.233804 1605.661537 1627.335496 1618.201398 1617.746557 1628.232859 1653.154690 1665.557376 1663.352195 1644.846603 1669.161918 1685.110725 1693.708444 1694.154409 1686.613503 1699.160820 1714.573817 1707.269850 1689.702563 1695.033471 1706.120386 1716.122872 1701.882297 1637.710502 1618.078881 1611.520338 1602.934696 1586.736125 1578.832419 1602.832754 1600.683919 1590.770680 1571.375640 1537.322368 1492.241406 1472.386703 1510.019746 1552.275879 1608.026051 -9999.0 -9999.0 -9999.0 -9999.0 -9999.0 -9999.0 -9999.0 -9999.0 -9999.0 -9999.0 -9999.0 -9999.0 -9999.0 -9999.0
-9999.0 -9999.0 -9999.0 -9999.0 -9999.0 -9999.0 -9999.0 -9999.0 -9999.0 1395.771559 1401.532532 1410.057418 1413.941370 1430.918053 1429.355774 1437.885418 1445.880748 1474.691279 1507.033631 1543.232528 1572.880412 1565.585281 1567.556268 1578.092630 1581.327216 1594.355080 1617.952938 1660.057017 1700.197118 1742.233247 1714.992362 1714.238964 1734.545216 1780.975690 1811.895112 1818.037057 1800.145225 1811.284697 1836.772268 1858.559296 1859.056786 1857.305094 1883.087774 1897.474044 1896.274191 1874.783956 1863.613019 1863.889901 1888.106515 1835.320051 1767.813763 1718.667529 1723.031792 1692.729592 1655.456859 1635.170908 1630.897043 1648.989515 1632.405345 1593.753866 1556.312733 1543.365714 1524.220950 1540.312335 1560.816747 1605.199988 1642.579914 1669.526338 1667.375207 1648.794379 -9999.0 -9999.0 -9999.0 -9999.0 -9999.0 -9999.0 -9999.0 -9999.0 -9999.0 -9999.0
-9999.0 -9999.0 -9999.0 -9999.0 -9999.0 -9999.0 1315.055185 1325.758999 1347.396780 1352.715771 1379.772859 1388.293299 1410.344432 1431.066865 1454.615673 1472.282065 1503.288074 1537.695234 1579.525187 1623.428400 1656.690113 1652.389421 1664.304021 1694.487099 1732.680162 1761.311746 1788.055131 1830.067349 1907.933166 1951.420855 1957.797838 1963.798922 1974.618912 2024.279114 2088.378000 2102.403475 2082.000428 2067.922196 2089.408038 2126.900590 2132.630355 2135.001978 2147.437697 2157.606283 2183.015146 2171.869885 2131.025459 2116.991636 2115.347546 2096.144030 2032.245149 1968.916175 1936.083962 1884.449486 1799.762223 1745.946191 1754.154713 1771.821120 1741.475212 1685.768770 1643.975697 1631.847613 1615.038960 1600.579198 1605.649170 1623.031492 1643.093832 1652.358747 1637.335552 1614.388141 1590.296173 1560.253904 1561.085112 1585.408751 -9999.0 -9999.0 -9999.0 -9999.0 -9999.0 -9999.0
-9999.0 -9999.0 -9999.0 -9999.0 1263.681002 1277.520940 1265.922668 1292.711494 1326.878590 1362.693692 1395.518195 1433.372594 1462.132900 1494.178440 1535.520457 1569.728515 1612.108788 1649.176699 1705.009668 1774.241875 1826.433429 1850.739277 1867.597190 1926.865432 1989.071637 2042.024591 2064.344018 2093.625320 2140.302244 2201.966001 2230.123011 2237.540141 2255.837574 2293.162038 2342.501477 2376.702169 2359.764784 2351.450285 2358.445686 2371.309536 2395.794216 2398.112778 2400.650024 2403.638902 2408.374967 2406.207670 2380.030031 2345.219897 2329.567036 2318.955217 2286.771670 2216.257921 2176.518870 2144.363897 2106.736772 2052.914257 1991.052307 1976.759690 1917.703069 1857.931271 1795.458647 1773.700952 1742.194996 1715.410052 1685.470129 1685.756809 1687.176057 1664.378342 1629.524251 1595.225231 1578.488616 1558.219805 1545.717635 1574.771634 1591.362137 1620.776770 -9999.0 -9999.0 -9999.0 -9999.0
-9999.0 -9999.0 1202.656369 1251.326312 1309.496817 1319.219552 1319.914978 1327.193577 1357.496523 1411.468005 1486.546070 1536.412488 1578.605605 1614.976902 1676.160728 1754.417830 1826.668430 1877.051733 1939.754958 2012.040515 2075.690957 2110.019740 2128.304309 2169.357956 2224.975749 2289.208490 2317.284637 2345.028100 2378.653675 2414.620763 2423.266004 2437.357275 2446.883130 2451.929077 2459.545763 2462.216983 2456.825843 2450.422252 2431.109636 2426.758091 2433.961361 2440.429191 2441.682825 2428.228421 2424.220042 2437.714880 2441.593177 2439.850031 2438.354327 2444.962885 2446.646157 2405.372024 2371.138477 2354.170270 2341.498094 2295.617879 2229.764555 2188.481575 2163.900474 2118.695264 2040.084606 1989.250407 1938.314410 1889.522101 1836.480632 1805.299626 1757.409976 1712.943865 1664.215298 1615.907425 1590.603358 1571.258007 1567.419998 1565.820251 1580.912693 1595.166326 1609.702030 1617.055154 -9999.0 -9999.0
-9999.0 1097.601709 1170.138469 1296.257607 1377.253433 1422.116338 1451.261385 1472.663291 1503.458269 1533.876912 1637.283092 1720.295315 1812.085982 1852.805443 1904.813863 2003.323268 2099.779967 2148.289289 2189.248037 2248.870016 2311.700000 2361.517695 2391.679555 2397.958714 2434.065436 2451.287381 2455.804446 2460.396293 2458.179645 2450.912986 2442.989330 2449.207642 2445.141961 2425.567937 2408.902929 2405.142345 2398.541287 2372.417972 2341.757340 2325.429819 2327.034905 2350.640401 2337.977843 2317.239740 2313.587967 2335.300784 2356.090435 2347.803784 2336.536004 2355.836686 2391.569400 2415.011601 2423.873796 2440.936162 2461.586653 2435.206302 2407.838010 2364.747726 2343.561749 2313.311510 2253.792254 2192.214172 2136.489025 2075.041433 2008.164455 1940.574652 1876.259803 1813.003196 1745.368070 1702.483582 1669.979292 1619.166433 1597.772790 1598.400194 1588.515453 1584.389290 1589.211583 1594.972394 -9999.0 -9999.0
-9999.0 1013.776100 1155.825952 1339.722763 1488.473693 1545.581922 1641.295372 1718.008932 1746.201479 1715.900638 1824.790827 2044.727125 2153.789439 2174.731266 2249.959004 2342.289806 2356.601906 2390.850583 2415.082603 2429.887344 2442.005016 2454.219634 2453.940724 2449.436314 2435.083415 2427.237920 2425.434851 2421.863272 2403.326264 2383.033680 2364.377641 2358.858354 2338.267572 2291.588256 2257.243488 2238.557851 2220.176949 2199.451214 2165.943092 2137.586315 2120.972615 2135.094500 2129.461225 2113.259539 2109.743976 2132.020306 2164.779036 2162.773928 2173.641546 2196.788348 2237.306859 2278.129135 2301.881143 2333.471995 2371.930491 2418.098536 2433.146961 2455.274370 2459.149745 2441.341563 2395.668316 2341.339487 2305.461464 2241.334916 2167.810205 2088.272639 2022.028429 1958.173721 1887.384624 1840.114819 1792.374844 1734.091785 1680.341189 1658.132187 1617.875626 1597.873554 -9999.0 -9999.0 -9999.0 -9999.0
-9999.0 929.870070 1116.341733 1371.125678 1652.048033 1756.738096 1962.287244 2090.230755 2146.543749 2217.023708 2177.692709 2339.209560 2383.839201 2382.449543 2387.303083 2393.762605 2411.169010 2415.679000 2413.408625 2404.539653 2396.431312 2393.045957 2391.986797 2384.260569 2371.322633 2355.300618 2340.143094 2325.565175 2286.090972 2251.331691 2212.998700 2196.613290 2154.776273 2061.501452 2018.151204 1980.374475 1921.547409 1915.235007 1910.041738 1880.873513 1860.384440 1837.661173 1860.904608 1866.986037 1870.234373 1872.705896 1889.316324 1915.854769 1962.837672 2000.797066 2045.952419 2099.377984 2135.833992 2180.576258 2227.254321 2284.147673 2318.743480 2351.341527 2400.933187 2440.559994 2463.988493 2451.502329 2424.090302 2375.133128 2301.570618 2233.373413 2181.706153 2106.528672 2041.104071 1987.551634 1940.507929 1888.360400 1822.660314 1745.718940 1703.748294 -9999.0 -9999.0 -9999.0 -9999.0 -9999.0
-9999.0 741.122074 1008.057865 1291.666769 1598.173283 1930.185295 2073.470146 2196.992327 2269.510110 2241.773553 2253.752989 2273.612271 2317.226904 2327.997853 2310.229825 2302.406620 2291.410804 2292.445080 2306.283361 2280.637859 2251.544243 2238.251902 2237.617309 2225.278865 2200.860143 2182.967920 2169.838551 2147.735263 2098.425152 2045.919916 1962.481202 1929.647660 1851.577767 1797.761027 1754.030745 1704.122628 1653.516245 1652.288318 1669.648335 1654.926729 1632.294597 1613.741130 1640.780602 1659.482831 1672.375018 1660.817639 1670.442373 1707.190200 1757.482120 1802.447715 1852.971557 1908.547204 1956.093710 2004.418122 2036.709635 2087.300228 2136.917914 2185.265797 2260.272011 2340.720625 2379.687627 2415.068360 2446.310008 2460.477335 2406.050020 2354.287315 2298.824311 2234.450460 2153.800671 2106.210720 2079.613790 2035.591408 1979.153252 -9999.0 -9999.0 -9999.0 -9999.0 -9999.0 -9999.0 -9999.0
-9999.0 617.721331 831.318690 1053.260689 1331.128874 1568.374577 1770.105297 1876.931176 1956.314451 2000.473647 2040.457673 2076.825115 2108.503158 2132.966916 2113.501013 2074.484429 2046.502019 2051.590140 2047.067527 2024.157167 1995.140834 1980.377280 1977.279100 1969.800200 1944.855757 1929.754860 1918.029908 1894.162466 1860.460154 1804.114189 1725.203955 1651.576080 1590.943174 1560.418017 1531.264441 1498.979079 1464.313754 1474.171068 1485.949134 1482.489032 1472.271638 1469.645645 1498.683672 1517.941945 1528.268836 1517.339932 1537.058104 1563.990852 1605.842167 1649.582165 1699.327662 1755.143391 1809.680411 1839.411533 1853.530706 1879.169696 1919.492721 1974.461169 2061.303291 2156.923398 2236.273153 2285.833930 2337.132899 2371.232659 2383.871123 2391.041753 2363.318169 2282.140012 2178.175181 2164.067945 2160.829300 -9999.0 -9999.0 -9999.0 -9999.0 -9999.0 -9999.0 -9999.0 -9999.0 -9999.0
-9999.0 -9999.0 599.556953 772.418580 903.243628 1080.355968 1229.996490 1340.573169 1432.380238 1551.064864 1659.302188 1745.064997 1790.226153 1808.429832 1795.393920 1764.087655 1744.204558 1744.608091 1734.527088 1724.561858 1705.329879 1697.465159 1685.696515 1676.878245 1666.829152 1660.966067 1654.885334 1642.744198 1620.318051 1573.426125 1525.855466 1474.929337 1422.032446 1396.448040 1374.535684 1353.188426 1352.130410 1347.668307 1352.880787 1354.278337 1361.293560 1373.961704 1393.933299 1416.100725 1426.054232 1435.370664 1448.110632 1472.123431 1505.485358 1548.239908 1602.732760 1661.148316 1701.733539 1715.235329 1706.294687 1712.006600 1732.943724 1776.066369 1856.867320 1941.321374 2037.702491 2109.731645 2181.581272 2233.817928 2249.545640 2263.261466 2275.818023 2222.401886 2068.145644 2113.428595 -9999.0 -9999.0 -9999.0 -9999.0 -9999.0 -9999.0 -9999.0 -9999.0 -9999.0 -9999.0
-9999.0 -9999.0 -9999.0 -9999.0 631.863856 785.710720 883.120070 966.378959 1096.057992 1217.505774 1318.190970 1401.623341 1464.182068 1490.866860 1487.550319 1494.415196 1490.609948 1484.521691 1474.904658 1474.466218 1473.800486 1466.294557 1451.581089 1443.887677 1444.481630 1448.984777 1445.784863 1431.480261 1413.034729 1390.756415 1370.691924 1336.349379 1300.453539 1271.117026 1257.775755 1252.066898 1251.639540 1244.450468 1252.946508 1260.261094 1275.418728 1290.564703 1314.272225 1343.341795 1357.275761 1372.208686 1382.105287 1402.772341 1433.444030 1487.147482 1550.968555 1609.322870 1645.874647 1650.967682 1627.140326 1612.440331 1609.537702 1638.238046 1683.739342 1751.477804 1853.774765 1927.834120 1985.642259 2030.498729 2062.568149 2107.464492 2156.143895 2187.349952 -9999.0 -9999.0 -9999.0 -9999.0 -9999.0 -9999.0 -9999.0 -9999.0 -9999.0 -9999.0 -9999.0 -9999.0
-9999.0 -9999.0 -9999.0 -9999.0 -9999.0 -9999.0 592.931325 694.825012 774.149449 913.377208 1044.415503 1145.722762 1225.987436 1258.007254 1284.974866 1312.160896 1310.760936 1292.543622 1273.505326 1292.443603 1306.512498 1300.491418 1270.211832 1269.644881 1274.221300 1282.010205 1279.333986 1272.493074 1247.022315 1258.437920 1259.016174 1235.516720 1209.288951 1195.292225 1183.282062 1192.750372 1192.829212 1179.057549 1179.428768 1206.181022 1226.406170 1239.481162 1261.222287 1294.443881 1326.863220 1342.217849 1343.730320 1349.973274 1390.039954 1460.473855 1532.481309 1588.348413 1621.352953 1630.013690 1603.537461 1564.209647 1544.606508 1552.508893 1588.065241 1641.389740 1717.893467 1767.866418 1794.299913 1808.065503 1826.549394 1917.421967 -9999.0 -9999.0 -9999.0 -9999.0 -9999.0 -9999.0 -9999.0 -9999.0 -9999.0 -9999.0 -9999.0 -9999.0 -9999.0 -9999.0
-9999.0 -9999.0 -9999.0 -9999.0 -9999.0 -9999.0 -9999.0 -9999.0 -9999.0 -9999.0 -9999.0 -9999.0 -9999.0 -9999.0 -9999.0 -9999.0 -9999.0 -9999.0 -9999.0 -9999.0 -9999.0 -9999.0 -9999.0 -9999.0 -9999.0 -9999.0 -9999.0 -9999.0 -9999.0 -9999.0 -9999.0 -9999.0 -9999.0 -9999.0 -9999.0 -9999.0 -9999.0 -9999.0 -9999.0 -9999.0 -9999.0 -9999.0 -9999.0 -9999.0 -9999.0 -9999.0 -9999.0 -9999.0 -9999.0 -9999.0 -9999.0 -9999.0 -9999.0 -9999.0 -9999.0 -9999.0 -9999.0 -9999.0 -9999.0 -9999.0 -9999.0 -9999.0 -9999.0 -9999.0 -9999.0 -9999.0 -9999.0 -9999.0 -9999.0 -9999.0 -9999.0 -9999.0 -9999.0 -9999.0 -9999.0 -9999.0 -9999.0 -9999.0 -9999.0 -9999.0
-9999.0 -9999.0 -9999.0 -9999.0 -9999.0 -9999.0 -9999.0 -9999.0 -9999.0 -9999.0 -9999.0 -9999.0 -9999.0 -9999.0 -9999.0 -9999.0 -9999.0 -9999.0 -9999.0 -9999.0 -9999.0 -9999.0 -9999.0 -9999.0 -9999.0 -9999.0 -9999.0 -9999.0 -9999.0 -9999.0 -9999.0 -9999.0 -9999.0 -9999.0 -9999.0 -9999.0 -9999.0 -9999.0 -9999.0 -9999.0 -9999.0 -9999.0 -9999.0 -9999.0 -9999.0 -9999.0 -9999.0 -9999.0 -9999.0 -9999.0 -9999.0 -9999.0 -9999.0 -9999.0 -9999.0 -9999.0 -9999.0 -9999.0 -9999.0 -9999.0 -9999.0 -9999.0 -9999.0 -9999.0 -9999.0 -9999.0 -9999.0 -9999.0 -9999.0 -9999.0 -9999.0 -9999.0 -9999.0 -9999.0 -9999.0 -9999.0 -9999.0 -9999.0 -9999.0 -9999.0