Borden_/Borden1m_014/output_maps/psiliqL0017N0035.asc
ncols         80
nrows         18
xllcorner     620200.000000
yllcorner     5168000.000000
cellsize      1.000000
NODATA_value  -9999.0
-9999.0 -9999.0 -9999.0 -9999.0 -9999.0 -9999.0 -9999.0 -9999.0 -9999.0 -9999.0 -9999.0 -9999.0 -9999.0 -9999.0 -9999.0 -9999.0 -9999.0 -9999.0 -9999.0 -9999.0 -9999.0 -9999.0 -9999.0 -9999.0 -9999.0 -9999.0 -9999.0 -9999.0 -9999.0 -9999.0 -9999.0 -9999.0 -9999.0 -9999.0 -9999.0 -9999.0 -9999.0 -9999.0 -9999.0 -9999.0 -9999.0 -9999.0 -9999.0 -9999.0 -9999.0 -9999.0 -9999.0 -9999.0 -9999.0 -9999.0 -9999.0 -9999.0 -9999.0 -9999.0 -9999.0 -9999.0 -9999.0 -9999.0 -9999.0 -9999.0 -9999.0 -9999.0 -9999.0 -9999.0 -9999.0 -9999.0 -9999.0 -9999.0 -9999.0 -9999.0 -9999.0 -9999.0 -9999.0 -9999.0 -9999.0 -9999.0 -9999.0 -9999.0 -9999.0 -9999.0
-9999.0 -9999.0 -9999.0 -9999.0 -9999.0 -9999.0 -9999.0 -9999.0 -9999.0 -9999.0 -9999.0 -9999.0 -9999.0 -9999.0 -9999.0 -9999.0 -9999.0 -9999.0 -9999.0 -9999.0 -9999.0 -9999.0 -9999.0 -9999.0 -9999.0 -9999.0 -9999.0 -9999.0 -9999.0 -9999.0 -9999.0 -9999.0 -9999.0 -9999.0 -9999.0 -9999.0 -9999.0 -9999.0 -9999.0 -9999.0 -9999.0 -9999.0 -9999.0 -9999.0 -9999.0 -9999.0 -9999.0 -9999.0 -9999.0 -9999.0 -9999.0 -9999.0 -9999.0 -9999.0 -9999.0 -9999.0 -9999.0 -9999.0 -9999.0 -9999.0 -9999.0 -9999.0 -9999.0 -9999.0 -9999.0 -9999.0 -9999.0 -9999.0 -9999.0 -9999.0 -9999.0 -9999.0 -9999.0 -9999.0 -9999.0 -9999.0 -9999.0 -9999.0 -9999.0 -9999.0
-9999.0 -9999.0 -9999.0 -9999.0 -9999.0 -9999.0 -9999.0 -9999.0 -9999.0 -9999.0 -9999.0 -9999.0 -9999.0 -9999.0 -9999.0 -9999.0 -9999.0 -9999.0 -9999.0 -9999.0 1553.232128 1556.009170 1535.097317 1502.677546 1476.235793 1480.084558 1516.083243 1559.094876 1599.651634 1610.888545 1594.527087 1599.001809 1595.936630 1595.139346 1598.188731 1606.384957 1612.423329 1624.430788 1633.868335 1634.537022 1629.664534 1625.829946 1627.466816 1630.317173 1635.503021 1622.750875 1635.742058 1649.310772 1652.200671 1645.197239 1616.412279 1599.194382 1587.848776 1569.757587 1592.302789 1601.754924 1622.375664 1624.560497 1621.013291 1592.710993 1561.774965 -9999.0 -9999.0 -9999.0 -9999.0 -9999.0 -9999.0 -9999.0 -9999.0 -9999.0 -9999.0 -9999.0 -9999.0 -9999.0 -9999.0 -9999.0 -9999.0 -9999.0 -9999.0 -9999.0
-9999.0 -9999.0 -9999.0 -9999.0 -9999.0 -9999.0 -9999.0 -9999.0 -9999.0 -9999.0 -9999.0 -9999.0 -9999.0 -9999.0 1459.059338 1450.685784 1449.342829 1459.033079 1493.787401 1525.116452 1537.392594 1531.051362 1532.488694 1510.247940 1490.866355 1506.438097 1538.172636 1571.640493 1608.024133 1629.567665 1620.274253 1619.719202 1630.232926 1655.338289 1668.025509 1666.188203 1648.261608 1673.288479 1689.971743 1699.192065 1700.076674 1692.746727 1705.290141 1720.593676 1713.184349 1695.557547 1700.749337 1711.501026 1720.977816 1706.128053 1641.255214 1621.073506 1614.216426 1605.470395 1589.108825 1580.993087 1604.799015 1602.505646 1592.475761 1572.957957 1538.764011 1493.525415 1473.508525 1510.990588 1553.116655 1608.767875 -9999.0 -9999.0 -9999.0 -9999.0 -9999.0 -9999.0 -9999.0 -9999.0 -9999.0 -9999.0 -9999.0 -9999.0 -9999.0 -9999.0
-9999.0 -9999.0 -9999.0 -9999.0 -9999.0 -9999.0 -9999.0 -9999.0 -9999.0 1397.158965 1403.027648 1411.699074 1415.727431 1432.813442 1431.297146 1439.912164 1448.001830 1476.890740 1509.315314 1545.629480 1575.387218 1568.137259 1570.045824 1580.454230 1583.634102 1596.757967 1620.517920 1662.665407 1702.552002 1744.195666 1716.557134 1715.518052 1735.735165 1782.306580 1813.457570 1819.921314 1802.875309 1815.040831 1841.517790 1864.069750 1865.059371 1863.482961 1889.112099 1903.246514 1901.921763 1880.509890 1869.324618 1869.250454 1892.823175 1839.384929 1771.043996 1721.272339 1725.495712 1695.274887 1657.968483 1637.424784 1632.898464 1650.859785 1634.220789 1595.486462 1557.876325 1544.722320 1525.384322 1541.304351 1561.637567 1605.823944 1642.930281 1669.626637 1667.261296 1648.537958 -9999.0 -9999.0 -9999.0 -9999.0 -9999.0 -9999.0 -9999.0 -9999.0 -9999.0 -9999.0
-9999.0 -9999.0 -9999.0 -9999.0 -9999.0 -9999.0 1316.044071 1326.874040 1348.691448 1354.188237 1381.435015 1390.157401 1412.392017 1433.252099 1456.912381 1474.715994 1505.844933 1540.297753 1582.167456 1626.223000 1659.692514 1655.435309 1667.115278 1696.849547 1734.742839 1763.430486 1790.382825 1832.362824 1909.578020 1952.247933 1957.912168 1963.372977 1973.871507 2023.415053 2087.400763 2101.474529 2082.292213 2069.620985 2092.320931 2130.686523 2136.896010 2139.446864 2151.782727 2161.783732 2187.120892 2176.052695 2135.239344 2120.892117 2118.653687 2098.719608 2033.985520 1970.116487 1937.504709 1886.428350 1801.985218 1747.843341 1755.690393 1773.298296 1743.119315 1687.521152 1645.575286 1633.183196 1616.160185 1601.532663 1606.399562 1623.512390 1643.256913 1652.205039 1636.912229 1613.759928 1589.449600 1559.393487 1560.307572 1584.724466 -9999.0 -9999.0 -9999.0 -9999.0 -9999.0 -9999.0
-9999.0 -9999.0 -9999.0 -9999.0 1264.400162 1278.350852 1266.927111 1293.929978 1328.349580 1364.430391 1397.538818 1435.693442 1464.693595 1496.867990 1538.305898 1572.685458 1615.191870 1652.122224 1707.734746 1777.007662 1829.435593 1853.724524 1870.045751 1928.323364 1989.781394 2042.604564 2065.108162 2094.421218 2140.661452 2201.673082 2229.239650 2236.181473 2254.139482 2291.136703 2340.139344 2374.210364 2358.289327 2351.291276 2359.447324 2373.179491 2398.184293 2400.766738 2403.358476 2406.293112 2410.984085 2408.802923 2382.539999 2347.466996 2331.477059 2320.291927 2287.525447 2216.545029 2176.936475 2145.187969 2107.655599 2053.366662 1991.004768 1976.780333 1918.315242 1859.044582 1796.484414 1774.411874 1742.760478 1715.938893 1685.843055 1685.817805 1686.836043 1663.613243 1628.429047 1593.957907 1577.186689 1557.029981 1544.723862 1573.993477 1590.776544 1620.331187 -9999.0 -9999.0 -9999.0 -9999.0
-9999.0 -9999.0 1203.152230 1251.897856 1310.204060 1320.095392 1321.023920 1328.626387 1359.294499 1413.624812 1489.083269 1539.373757 1581.844903 1618.189708 1679.238963 1757.559152 1829.826389 1879.658006 1941.541134 2013.393658 2077.067149 2111.365803 2129.212368 2169.561916 2224.615067 2288.683820 2316.857703 2344.583357 2377.929967 2413.510821 2421.787946 2435.570827 2444.840924 2449.520106 2456.790828 2459.369259 2454.618861 2449.266959 2431.068687 2427.631519 2435.440849 2442.296321 2443.740813 2430.280909 2426.198643 2439.567920 2443.207472 2441.109383 2439.236387 2445.320902 2446.523267 2404.922383 2370.740419 2354.030726 2341.457969 2295.172756 2228.805354 2187.505481 2163.292559 2118.253403 2039.270140 1988.037350 1937.137210 1888.565749 1835.538252 1804.081098 1755.788713 1710.827318 1661.755278 1613.400850 1588.298658 1569.319533 1565.926343 1564.762305 1580.192274 1594.690795 1609.405160 1616.847927 -9999.0 -9999.0
-9999.0 1098.025826 1170.623199 1296.844944 1377.995176 1423.045936 1452.451295 1474.316189 1505.615745 1536.443789 1640.207760 1723.697556 1815.694071 1855.964468 1907.244694 2005.358133 2101.627449 2149.642770 2189.875244 2248.895980 2311.483558 2361.109623 2391.025648 2396.994937 2432.855704 2450.031129 2454.613328 2459.208360 2456.869906 2449.421185 2441.314445 2447.410600 2443.170317 2423.245975 2406.169606 2402.212904 2395.971841 2370.871551 2341.501566 2326.274026 2328.630273 2352.769466 2340.433491 2319.677317 2315.880973 2337.328532 2357.647984 2348.795747 2336.991146 2355.679985 2390.964866 2414.157775 2422.979244 2440.105036 2460.741416 2434.091094 2406.403914 2363.260437 2342.223275 2311.818370 2251.774131 2189.597285 2133.458144 2071.637734 2004.270628 1936.247227 1871.626148 1807.967935 1740.138452 1697.545627 1665.683249 1615.762545 1595.342820 1596.841328 1587.547376 1583.786226 1588.880173 1594.752535 -9999.0 -9999.0
-9999.0 1014.206617 1156.318686 1340.333172 1489.234357 1546.435060 1642.222385 1719.433093 1748.198632 1718.256715 1827.185829 2047.332399 2156.498950 2176.920472 2251.380218 2343.089616 2357.012575 2390.801269 2414.445730 2428.701012 2440.490518 2452.512644 2452.150159 2447.635660 2433.324319 2425.597266 2423.933475 2420.430628 2401.869315 2381.519596 2362.817229 2357.379414 2336.798685 2289.800647 2254.923229 2235.896059 2217.756055 2198.234429 2166.216632 2139.236251 2123.635218 2138.386504 2132.972014 2116.725026 2113.001887 2134.852796 2166.934052 2164.077003 2174.101348 2196.561250 2236.706079 2277.336633 2300.940406 2332.423799 2370.785442 2416.766797 2431.592718 2453.588117 2457.366771 2439.246393 2393.039221 2338.013198 2301.282495 2236.095100 2161.277324 2080.424634 2012.896553 1947.967524 1876.976516 1830.551520 1784.355230 1727.997406 1676.225111 1655.813040 1616.537457 1597.046978 -9999.0 -9999.0 -9999.0 -9999.0
-9999.0 930.304612 1116.836393 1371.732125 1652.727344 1757.136248 1962.026975 2089.895988 2146.522598 2217.523296 2178.653492 2340.694197 2385.660075 2383.911479 2388.110174 2393.935523 2410.822755 2414.797247 2411.917657 2402.443794 2393.913173 2390.300540 2389.301775 2381.828316 2369.232398 2353.570518 2338.743682 2324.363096 2284.929743 2250.093125 2211.783462 2195.756024 2154.280890 2060.901956 2017.077449 1979.036280 1920.575956 1915.263195 1911.360473 1883.525973 1864.042032 1841.922091 1865.329656 1871.367653 1874.393580 1876.376105 1892.205962 1917.817473 1963.920015 2001.282138 2046.195376 2099.392422 2135.461724 2179.855907 2226.384761 2283.154960 2317.479155 2349.790650 2399.068647 2438.225994 2461.020365 2447.711310 2419.194448 2368.745490 2293.261882 2222.810076 2168.596344 2091.016518 2024.489213 1971.354786 1926.341083 1877.714928 1815.582377 1742.504185 1701.958841 -9999.0 -9999.0 -9999.0 -9999.0 -9999.0
-9999.0 741.552049 1008.535785 1292.222888 1598.672585 1930.059537 2072.480126 2195.546634 2268.202253 2241.080259 2253.925938 2274.711036 2319.053288 2329.622560 2311.253059 2302.729727 2291.081883 2291.464223 2304.578788 2278.176470 2248.564290 2235.041241 2234.523778 2222.613290 2198.818252 2181.560860 2168.983623 2147.315395 2098.221834 2045.646442 1962.193444 1929.854479 1852.517770 1798.920344 1754.908342 1704.767389 1654.318837 1653.595579 1671.666418 1657.698493 1635.656894 1617.473548 1644.660308 1663.375024 1676.140723 1664.290198 1673.484069 1709.778654 1759.721263 1804.529207 1854.968530 1910.164751 1957.135612 2004.948467 2037.039378 2087.455548 2136.554880 2184.257125 2258.724724 2338.539092 2376.690200 2411.094789 2441.064036 2453.421995 2396.539000 2341.721290 2282.705335 2214.799173 2131.768593 2083.541398 2058.969002 2020.365468 1967.292860 -9999.0 -9999.0 -9999.0 -9999.0 -9999.0 -9999.0 -9999.0
-9999.0 618.141274 831.787018 1053.797265 1331.653086 1568.567991 1769.567011 1875.856178 1955.305999 2000.043956 2040.946955 2078.388149 2110.914184 2135.466568 2115.552431 2075.799655 2047.053535 2051.428204 2046.164565 2022.479590 1992.863925 1977.821905 1974.821127 1967.800693 1943.586289 1929.236909 1918.208549 1895.006775 1861.781777 1805.525047 1726.473796 1652.942030 1592.557370 1562.080970 1532.755979 1500.321390 1465.693520 1475.766781 1487.878122 1484.782713 1474.868569 1472.448199 1501.589925 1520.870165 1531.143262 1520.083516 1539.627585 1566.406631 1608.194082 1651.995419 1701.864741 1757.713343 1812.193702 1841.832072 1855.848103 1881.138750 1920.648481 1974.670260 2060.770725 2155.421899 2233.707063 2282.051236 2331.839522 2363.736578 2373.381052 2376.905982 2344.991858 2259.746333 2152.777843 2136.280665 2134.083857 -9999.0 -9999.0 -9999.0 -9999.0 -9999.0 -9999.0 -9999.0 -9999.0 -9999.0
-9999.0 -9999.0 600.045387 772.965462 903.857947 1080.938118 1230.418521 1340.869225 1432.849332 1551.954781 1660.950131 1747.667272 1793.553434 1811.960561 1798.702366 1766.812888 1746.253878 1746.044110 1735.365259 1724.808411 1705.107926 1697.017959 1685.298543 1676.759510 1667.152259 1661.756656 1656.107825 1644.343419 1622.158262 1575.270553 1527.554958 1476.557577 1423.664828 1398.035554 1376.016629 1354.582692 1353.521996 1349.145524 1354.505818 1356.073640 1363.241093 1376.022354 1396.061764 1418.256602 1428.197841 1437.469937 1450.154919 1474.136379 1507.528144 1550.394472 1605.062887 1663.662332 1704.405462 1718.009129 1709.084709 1714.646695 1735.211575 1777.857187 1858.041022 1941.288884 2036.340398 2106.775935 2176.515533 2226.170906 2238.617689 2248.271844 2255.889837 2198.641741 2043.069330 2083.552213 -9999.0 -9999.0 -9999.0 -9999.0 -9999.0 -9999.0 -9999.0 -9999.0 -9999.0 -9999.0
-9999.0 -9999.0 -9999.0 -9999.0 632.534227 786.432625 883.926328 967.264768 1097.138647 1218.898810 1320.089837 1404.126491 1467.165686 1494.050247 1490.636228 1497.157424 1492.913919 1486.401011 1476.378900 1475.563918 1474.607519 1466.958050 1452.258632 1444.709075 1445.528937 1450.276905 1447.301698 1433.173911 1414.817320 1392.508396 1372.338819 1337.901985 1301.938498 1272.532563 1259.116064 1253.350850 1252.909206 1245.752204 1254.314763 1261.712633 1276.950647 1292.162072 1315.914788 1345.008813 1358.950566 1373.880213 1383.774983 1404.460320 1435.189656 1489.001790 1552.985139 1611.529085 1648.267028 1653.498024 1629.734623 1615.011970 1612.000370 1640.540815 1685.764122 1752.890071 1854.219881 1926.493599 1981.917135 2024.138001 2053.033741 2093.454862 2135.420282 2162.580773 -9999.0 -9999.0 -9999.0 -9999.0 -9999.0 -9999.0 -9999.0 -9999.0 -9999.0 -9999.0 -9999.0 -9999.0
-9999.0 -9999.0 -9999.0 -9999.0 -9999.0 -9999.0 593.875691 695.865780 775.373427 914.866656 1046.253217 1147.985750 1228.580946 1260.757364 1287.686505 1314.667181 1312.973099 1294.447063 1275.113994 1293.783718 1307.649448 1301.525423 1271.249249 1270.766537 1275.476425 1283.412436 1280.870533 1274.126592 1248.692668 1260.070152 1260.566414 1236.982386 1210.678741 1196.610007 1184.534971 1193.956076 1194.016252 1180.256802 1180.664582 1207.467668 1227.744882 1240.864492 1262.638332 1295.881823 1328.316943 1343.684064 1345.213994 1351.492361 1391.623826 1462.159954 1534.313594 1590.355986 1623.536122 1632.333470 1605.933982 1566.624537 1546.996744 1554.847771 1590.282816 1643.291477 1719.143153 1767.828049 1792.412075 1803.995902 1819.895322 1907.983654 -9999.0 -9999.0 -9999.0 -9999.0 -9999.0 -9999.0 -9999.0 -9999.0 -9999.0 -9999.0 -9999.0 -9999.0 -9999.0 -9999.0
-9999.0 -9999.0 -9999.0 -9999.0 -9999.0 -9999.0 -9999.0 -9999.0 -9999.0 -9999.0 -9999.0 -9999.0 -9999.0 -9999.0 -9999.0 -9999.0 -9999.0 -9999.0 -9999.0 -9999.0 -9999.0 -9999.0 -9999.0 -9999.0 -9999.0 -9999.0 -9999.0 -9999.0 -9999.0 -9999.0 -9999.0 -9999.0 -9999.0 -9999.0 -9999.0 -9999.0 -9999.0 -9999.0 -9999.0 -9999.0 -9999.0 -9999.0 -9999.0 -9999.0 -9999.0 -9999.0 -9999.0 -9999.0 -9999.0 -9999.0 -9999.0 -9999.0 -9999.0 -9999.0 -9999.0 -9999.0 -9999.0 -9999.0 -9999.0 -9999.0 -9999.0 -9999.0 -9999.0 -9999.0 -9999.0 -9999.0 -9999.0 -9999.0 -9999.0 -9999.0 -9999.0 -9999.0 -9999.0 -9999.0 -9999.0 -9999.0 -9999.0 -9999.0 -9999.0 -9999.0
-9999.0 -9999.0 -9999.0 -9999.0 -9999.0 -9999.0 -9999.0 -9999.0 -9999.0 -9999.0 -9999.0 -9999.0 -9999.0 -9999.0 -9999.0 -9999.0 -9999.0 -9999.0 -9999.0 -9999.0 -9999.0 -9999.0 -9999.0 -9999.0 -9999.0 -9999.0 -9999.0 -9999.0 -9999.0 -9999.0 -9999.0 -9999.0 -9999.0 -9999.0 -9999.0 -9999.0 -9999.0 -9999.0 -9999.0 -9999.0 -9999.0 -9999.0 -9999.0 -9999.0 -9999.0 -9999.0 -9999.0 -9999.0 -9999.0 -9999.0 -9999.0 -9999.0 -9999.0 -9999.0 -9999.0 -9999.0 -9999.0 -9999.0 -9999.0 -9999.0 -9999.0 -9999.0 -9999.0 -9999.0 -9999.0 -9999.0 -9999.0 -9999.0 -9999.0 -9999.0 -9999.0 -9999.0 -9999.0 -9999.0 -9999.0 -9999.0 -9999.0 -9999.0 -9999.0 -9999.0