Borden_/Borden1m_014/output_maps/psiliqL0011N0019.asc
ncols         80
nrows         18
xllcorner     620200.000000
yllcorner     5168000.000000
cellsize      1.000000
NODATA_value  -9999.0
-9999.0 -9999.0 -9999.0 -9999.0 -9999.0 -9999.0 -9999.0 -9999.0 -9999.0 -9999.0 -9999.0 -9999.0 -9999.0 -9999.0 -9999.0 -9999.0 -9999.0 -9999.0 -9999.0 -9999.0 -9999.0 -9999.0 -9999.0 -9999.0 -9999.0 -9999.0 -9999.0 -9999.0 -9999.0 -9999.0 -9999.0 -9999.0 -9999.0 -9999.0 -9999.0 -9999.0 -9999.0 -9999.0 -9999.0 -9999.0 -9999.0 -9999.0 -9999.0 -9999.0 -9999.0 -9999.0 -9999.0 -9999.0 -9999.0 -9999.0 -9999.0 -9999.0 -9999.0 -9999.0 -9999.0 -9999.0 -9999.0 -9999.0 -9999.0 -9999.0 -9999.0 -9999.0 -9999.0 -9999.0 -9999.0 -9999.0 -9999.0 -9999.0 -9999.0 -9999.0 -9999.0 -9999.0 -9999.0 -9999.0 -9999.0 -9999.0 -9999.0 -9999.0 -9999.0 -9999.0
-9999.0 -9999.0 -9999.0 -9999.0 -9999.0 -9999.0 -9999.0 -9999.0 -9999.0 -9999.0 -9999.0 -9999.0 -9999.0 -9999.0 -9999.0 -9999.0 -9999.0 -9999.0 -9999.0 -9999.0 -9999.0 -9999.0 -9999.0 -9999.0 -9999.0 -9999.0 -9999.0 -9999.0 -9999.0 -9999.0 -9999.0 -9999.0 -9999.0 -9999.0 -9999.0 -9999.0 -9999.0 -9999.0 -9999.0 -9999.0 -9999.0 -9999.0 -9999.0 -9999.0 -9999.0 -9999.0 -9999.0 -9999.0 -9999.0 -9999.0 -9999.0 -9999.0 -9999.0 -9999.0 -9999.0 -9999.0 -9999.0 -9999.0 -9999.0 -9999.0 -9999.0 -9999.0 -9999.0 -9999.0 -9999.0 -9999.0 -9999.0 -9999.0 -9999.0 -9999.0 -9999.0 -9999.0 -9999.0 -9999.0 -9999.0 -9999.0 -9999.0 -9999.0 -9999.0 -9999.0
-9999.0 -9999.0 -9999.0 -9999.0 -9999.0 -9999.0 -9999.0 -9999.0 -9999.0 -9999.0 -9999.0 -9999.0 -9999.0 -9999.0 -9999.0 -9999.0 -9999.0 -9999.0 -9999.0 -9999.0 339.233240 342.236715 320.201371 286.801823 259.152670 261.892522 297.508108 339.541526 378.588042 389.795816 372.868142 375.814552 371.948826 372.053939 375.349463 382.101620 385.744699 397.177017 405.701337 405.501541 399.540946 394.308993 394.052951 397.454457 402.578918 392.499302 405.906608 420.922300 426.425979 420.693071 392.744103 376.041995 366.273114 350.114116 373.517175 384.786946 406.805258 410.253072 408.065274 380.464620 350.020196 -9999.0 -9999.0 -9999.0 -9999.0 -9999.0 -9999.0 -9999.0 -9999.0 -9999.0 -9999.0 -9999.0 -9999.0 -9999.0 -9999.0 -9999.0 -9999.0 -9999.0 -9999.0 -9999.0
-9999.0 -9999.0 -9999.0 -9999.0 -9999.0 -9999.0 -9999.0 -9999.0 -9999.0 -9999.0 -9999.0 -9999.0 -9999.0 -9999.0 246.840539 237.279941 234.872484 243.961053 278.355700 309.069164 321.734801 314.702388 315.346334 292.573625 273.077976 288.086137 318.628289 351.215675 386.915673 408.868704 398.412738 397.448321 409.067003 436.604066 451.064919 448.851012 428.547103 451.604992 467.781627 477.088327 476.725162 468.597543 482.885052 499.283917 492.512156 474.566769 478.227300 489.785078 502.922899 487.550494 422.143822 400.311276 394.422918 385.800194 370.684026 363.145933 387.174223 386.712109 377.491234 358.727068 325.656285 281.136955 262.457665 300.597099 344.339120 401.602324 -9999.0 -9999.0 -9999.0 -9999.0 -9999.0 -9999.0 -9999.0 -9999.0 -9999.0 -9999.0 -9999.0 -9999.0 -9999.0 -9999.0
-9999.0 -9999.0 -9999.0 -9999.0 -9999.0 -9999.0 -9999.0 -9999.0 -9999.0 188.486848 192.748055 200.248155 202.680785 218.745711 217.148702 224.730653 232.928595 260.320177 292.437968 328.540969 358.145593 349.565574 351.241224 364.238683 371.584656 385.675958 408.272840 450.577757 494.876870 540.462174 515.531003 516.524161 539.258791 589.611830 625.966787 635.079435 615.993947 621.921420 647.421911 671.681883 672.763542 671.792130 697.802150 712.663095 716.312759 695.003494 677.460118 675.928793 701.457861 648.489038 581.673981 526.438960 523.096826 487.312307 444.614849 421.586723 417.108238 436.427065 419.189997 380.212229 342.643325 331.429419 313.498083 329.340754 351.060906 397.075198 435.247513 463.280752 462.708500 444.960411 -9999.0 -9999.0 -9999.0 -9999.0 -9999.0 -9999.0 -9999.0 -9999.0 -9999.0 -9999.0
-9999.0 -9999.0 -9999.0 -9999.0 -9999.0 -9999.0 109.480025 118.812917 139.038835 144.431563 169.547264 177.426425 198.479868 218.475747 240.394803 258.233218 289.992932 324.354815 367.768026 413.579550 447.624122 444.888340 458.166395 495.961017 543.550397 577.514001 604.031274 646.452607 730.757427 785.333967 803.819501 815.347219 831.174096 878.017812 939.465544 957.667773 933.873881 917.202767 934.857019 969.942521 982.485773 985.521365 994.832497 1003.964354 1029.338761 1019.198244 974.351246 957.074753 953.624537 940.896438 886.369101 822.119408 770.905783 709.227591 621.515991 562.807263 563.442101 575.722985 539.444153 481.049983 436.413812 423.575932 406.445817 390.680883 394.857905 412.847260 434.660084 445.054255 431.599575 410.173157 386.747638 357.421886 358.628964 383.559905 -9999.0 -9999.0 -9999.0 -9999.0 -9999.0 -9999.0
-9999.0 -9999.0 -9999.0 -9999.0 59.403027 72.233538 60.597433 85.167895 117.805515 151.828008 184.563532 222.462691 250.629435 282.051300 325.322607 364.231880 409.684962 448.957257 510.278846 584.759911 640.088610 669.086445 691.122067 763.933886 838.623542 893.230936 913.097587 939.132562 982.821788 1050.383537 1081.580513 1091.402923 1111.535923 1143.650918 1187.630451 1219.681725 1201.738340 1192.371016 1197.163672 1207.511882 1232.513816 1234.535120 1236.523966 1238.278783 1241.712225 1240.842820 1216.611614 1183.369461 1171.483317 1162.769383 1138.348057 1071.102928 1020.156639 985.391655 955.801771 909.249050 843.716751 817.084835 745.524243 679.318608 610.174503 582.537434 545.034222 513.536867 479.623812 477.555556 478.118554 456.177333 423.406716 390.235911 374.342091 354.812083 343.544729 372.828177 389.941651 420.272856 -9999.0 -9999.0 -9999.0 -9999.0
-9999.0 -9999.0 0.403226 50.032172 106.745147 115.953296 118.057833 124.075568 152.264654 204.325453 283.024620 336.904189 382.895255 418.439385 484.136517 572.537553 651.796717 708.886104 782.762666 859.541394 921.411155 956.557354 981.032781 1023.666960 1079.712258 1137.489520 1162.510803 1186.738347 1216.696875 1250.431733 1269.104615 1284.928787 1293.227881 1293.462807 1296.714391 1296.605733 1291.441542 1284.246778 1265.481135 1261.716387 1268.916348 1273.202655 1275.706885 1263.064222 1259.324781 1272.327820 1275.264953 1275.053456 1276.889257 1285.184272 1292.013197 1256.183345 1209.920381 1192.760882 1185.087102 1144.402734 1082.298601 1033.064747 1004.815639 962.663488 888.557270 834.235006 770.206873 707.526714 646.752794 607.354604 554.858680 509.360337 460.545052 412.854991 387.836611 368.218198 364.638313 363.847714 379.088311 393.960548 408.848352 416.392464 -9999.0 -9999.0
-9999.0 -100.445078 -27.706362 99.766399 179.918898 226.071216 264.613331 292.509709 320.126358 341.981340 452.492457 556.403798 651.009922 691.664219 756.985974 863.651348 959.638074 1005.636469 1046.224150 1100.651328 1157.839911 1203.345140 1232.459424 1254.241376 1285.979818 1292.971693 1293.920806 1295.512993 1290.308816 1283.381411 1274.381005 1281.158434 1278.524030 1261.251930 1246.476673 1242.985614 1235.186768 1207.596654 1177.661268 1162.420022 1165.214700 1186.704549 1175.923865 1156.269040 1152.897027 1173.395942 1191.552487 1184.254697 1176.521348 1195.850532 1231.482149 1252.659721 1265.270318 1280.477678 1301.400170 1277.745274 1247.164448 1205.554881 1184.822578 1156.540362 1098.745802 1037.166174 980.538512 918.442324 850.473925 769.911161 695.072994 627.968156 555.778736 510.913065 476.440318 422.392751 397.578676 396.957549 386.407219 382.680935 388.224212 394.265281 -9999.0 -9999.0
-9999.0 -175.937704 -32.520551 153.629479 303.057445 367.795165 484.953204 569.680006 599.753289 577.361534 694.321540 922.901768 1017.062167 1033.687703 1105.042932 1189.550920 1220.310549 1251.428297 1273.380400 1278.618071 1282.779405 1290.383943 1288.339273 1282.018666 1267.905948 1259.926971 1258.396734 1254.991665 1236.638367 1217.151221 1198.667038 1193.361548 1175.946588 1136.700294 1105.913426 1088.521177 1068.659714 1038.320072 999.638783 971.308125 957.245481 974.149153 966.121005 949.640188 946.234075 968.508346 1001.681541 999.985804 1012.499088 1039.758306 1081.934497 1122.850142 1145.915565 1175.630026 1212.920553 1255.717100 1273.118464 1294.083114 1299.058313 1277.934427 1235.554203 1184.942737 1151.175305 1088.495493 1017.392232 939.235081 876.317700 813.720803 731.512859 674.265419 619.481843 554.420491 491.445664 460.206450 417.970625 395.992911 -9999.0 -9999.0 -9999.0 -9999.0
-9999.0 -247.381592 -56.740865 207.166435 477.266616 608.162687 824.352325 955.980885 1019.393885 1075.908915 1086.256279 1211.457597 1242.365508 1236.624668 1229.340609 1233.663807 1249.408129 1254.397498 1252.440962 1244.649500 1237.115199 1232.521231 1229.753776 1220.653829 1206.772992 1190.295430 1176.173522 1162.123916 1121.933175 1088.677336 1053.657085 1034.622150 995.315506 908.689758 868.548284 833.095642 767.941269 751.323787 735.523596 701.322420 679.721210 661.449539 681.318310 683.297200 685.044454 692.300550 714.937608 742.648310 797.159611 842.675658 888.372282 939.898581 975.952751 1023.149995 1071.868139 1129.225285 1161.485689 1193.156032 1240.341323 1279.240001 1301.980984 1292.425239 1264.096578 1221.306320 1153.980898 1088.367209 1043.477786 977.170757 912.384823 858.191678 807.795704 739.864226 657.382934 554.141397 507.079109 -9999.0 -9999.0 -9999.0 -9999.0 -9999.0
-9999.0 -413.131703 -144.323547 150.485834 480.030990 814.430956 940.338199 1086.452325 1158.495611 1109.697174 1100.089302 1123.520392 1162.464492 1170.426560 1152.800051 1147.594738 1139.889947 1141.358646 1155.664475 1132.214154 1104.077800 1088.975174 1085.652302 1069.911953 1041.904026 1020.214127 1004.597068 983.247172 935.879497 888.064298 808.630708 771.917212 685.838739 619.872441 572.931453 521.887582 466.143595 460.974864 474.609524 456.912247 433.689400 414.790538 440.655803 457.132988 468.862089 459.336977 469.998382 508.043037 561.459713 609.031738 662.285175 722.642742 779.593017 841.463701 878.077686 929.241357 976.942054 1028.583667 1105.794458 1183.484766 1219.372617 1254.169387 1289.383824 1305.905805 1258.204837 1210.734827 1165.714237 1114.112627 1033.989725 987.562428 957.168176 908.126841 847.707357 -9999.0 -9999.0 -9999.0 -9999.0 -9999.0 -9999.0 -9999.0
-9999.0 -544.407052 -317.056260 -75.087089 221.362539 464.506695 657.642341 784.135286 866.678486 878.170660 898.284954 926.706881 955.144477 976.768753 956.960189 923.799683 899.765442 905.154533 904.517198 882.914098 855.776451 840.809567 836.814364 824.204328 789.559503 766.095122 748.799425 720.087732 680.223676 622.508824 539.589692 465.980754 400.676541 364.615677 333.457985 299.146553 259.994793 269.307647 282.409687 277.602253 265.538283 261.485834 290.961969 309.684025 319.922769 307.704495 327.006666 354.858129 397.938953 441.605612 491.428701 548.187114 605.112410 640.187018 659.069357 691.270038 741.076183 811.916226 904.178181 1000.567226 1078.725399 1130.657415 1183.002930 1218.325345 1234.279637 1252.798650 1235.764087 1166.065277 1052.439478 1054.876794 1043.197457 -9999.0 -9999.0 -9999.0 -9999.0 -9999.0 -9999.0 -9999.0 -9999.0 -9999.0
-9999.0 -9999.0 -553.938032 -367.828016 -214.994120 -29.322303 123.988539 235.987883 318.156568 416.699092 511.909487 588.668423 630.323331 647.520652 631.780105 595.597117 572.709894 573.423455 564.572460 552.432557 529.884506 520.142615 508.555876 498.107259 482.591212 472.828748 464.965616 451.464978 427.201491 379.201700 326.773468 273.310007 217.903890 191.869368 169.418323 146.642699 143.300756 140.479648 146.689538 147.803286 153.506491 165.438282 185.984965 207.552221 217.143819 224.890113 237.676424 261.769113 295.501366 337.585713 391.066360 448.132347 488.001546 501.851708 494.110978 502.132325 527.870274 578.634352 670.743599 771.579056 876.001316 950.532038 1027.218872 1083.643073 1105.755200 1126.666884 1152.037740 1097.001392 747.422678 1001.722282 -9999.0 -9999.0 -9999.0 -9999.0 -9999.0 -9999.0 -9999.0 -9999.0 -9999.0 -9999.0
-9999.0 -9999.0 -9999.0 -9999.0 -512.307945 -354.561355 -258.601017 -174.898301 -50.151055 62.924975 157.682580 235.867354 291.606503 316.178035 307.505278 305.742630 298.969342 294.667602 285.763403 281.606062 277.085766 268.776666 255.754309 247.268546 245.929534 248.834603 245.770258 231.782097 214.719444 188.607095 165.317840 129.851444 92.623609 63.083499 49.772584 43.037470 42.995217 36.981005 46.221562 52.825416 67.789537 83.199367 107.197674 135.748420 148.720739 163.140491 172.982771 193.894352 224.232067 277.449240 340.334271 396.979051 431.523349 435.528876 410.163963 395.003063 392.897331 423.146753 473.290208 548.745051 658.278352 743.237642 822.397386 878.581789 915.552332 965.691795 1032.239881 1077.575543 -9999.0 -9999.0 -9999.0 -9999.0 -9999.0 -9999.0 -9999.0 -9999.0 -9999.0 -9999.0 -9999.0 -9999.0
-9999.0 -9999.0 -9999.0 -9999.0 -9999.0 -9999.0 -564.876251 -467.801607 -381.586810 -253.115270 -134.244828 -39.449756 36.428883 63.597414 83.916938 107.761109 104.116434 86.730582 69.351063 86.494440 97.130036 91.590247 62.869320 61.245866 64.707755 73.384558 71.587167 65.116013 40.003585 48.902005 47.879541 24.566926 -1.648327 -15.994903 -27.683997 -17.874205 -17.250277 -30.073993 -28.167855 -1.931112 17.927663 31.330915 53.717960 86.944632 119.058765 133.622169 134.756176 141.046213 182.239168 252.557168 323.298400 377.232259 408.341505 415.733949 387.514708 346.798628 325.745854 333.124210 368.976396 424.346860 504.378432 559.716491 597.587970 622.912221 651.964663 750.112830 -9999.0 -9999.0 -9999.0 -9999.0 -9999.0 -9999.0 -9999.0 -9999.0 -9999.0 -9999.0 -9999.0 -9999.0 -9999.0 -9999.0
-9999.0 -9999.0 -9999.0 -9999.0 -9999.0 -9999.0 -9999.0 -9999.0 -9999.0 -9999.0 -9999.0 -9999.0 -9999.0 -9999.0 -9999.0 -9999.0 -9999.0 -9999.0 -9999.0 -9999.0 -9999.0 -9999.0 -9999.0 -9999.0 -9999.0 -9999.0 -9999.0 -9999.0 -9999.0 -9999.0 -9999.0 -9999.0 -9999.0 -9999.0 -9999.0 -9999.0 -9999.0 -9999.0 -9999.0 -9999.0 -9999.0 -9999.0 -9999.0 -9999.0 -9999.0 -9999.0 -9999.0 -9999.0 -9999.0 -9999.0 -9999.0 -9999.0 -9999.0 -9999.0 -9999.0 -9999.0 -9999.0 -9999.0 -9999.0 -9999.0 -9999.0 -9999.0 -9999.0 -9999.0 -9999.0 -9999.0 -9999.0 -9999.0 -9999.0 -9999.0 -9999.0 -9999.0 -9999.0 -9999.0 -9999.0 -9999.0 -9999.0 -9999.0 -9999.0 -9999.0
-9999.0 -9999.0 -9999.0 -9999.0 -9999.0 -9999.0 -9999.0 -9999.0 -9999.0 -9999.0 -9999.0 -9999.0 -9999.0 -9999.0 -9999.0 -9999.0 -9999.0 -9999.0 -9999.0 -9999.0 -9999.0 -9999.0 -9999.0 -9999.0 -9999.0 -9999.0 -9999.0 -9999.0 -9999.0 -9999.0 -9999.0 -9999.0 -9999.0 -9999.0 -9999.0 -9999.0 -9999.0 -9999.0 -9999.0 -9999.0 -9999.0 -9999.0 -9999.0 -9999.0 -9999.0 -9999.0 -9999.0 -9999.0 -9999.0 -9999.0 -9999.0 -9999.0 -9999.0 -9999.0 -9999.0 -9999.0 -9999.0 -9999.0 -9999.0 -9999.0 -9999.0 -9999.0 -9999.0 -9999.0 -9999.0 -9999.0 -9999.0 -9999.0 -9999.0 -9999.0 -9999.0 -9999.0 -9999.0 -9999.0 -9999.0 -9999.0 -9999.0 -9999.0 -9999.0 -9999.0