Borden_/Borden1m_014/output_maps/psiliqL0014N0032.asc
ncols         80
nrows         18
xllcorner     620200.000000
yllcorner     5168000.000000
cellsize      1.000000
NODATA_value  -9999.0
-9999.0 -9999.0 -9999.0 -9999.0 -9999.0 -9999.0 -9999.0 -9999.0 -9999.0 -9999.0 -9999.0 -9999.0 -9999.0 -9999.0 -9999.0 -9999.0 -9999.0 -9999.0 -9999.0 -9999.0 -9999.0 -9999.0 -9999.0 -9999.0 -9999.0 -9999.0 -9999.0 -9999.0 -9999.0 -9999.0 -9999.0 -9999.0 -9999.0 -9999.0 -9999.0 -9999.0 -9999.0 -9999.0 -9999.0 -9999.0 -9999.0 -9999.0 -9999.0 -9999.0 -9999.0 -9999.0 -9999.0 -9999.0 -9999.0 -9999.0 -9999.0 -9999.0 -9999.0 -9999.0 -9999.0 -9999.0 -9999.0 -9999.0 -9999.0 -9999.0 -9999.0 -9999.0 -9999.0 -9999.0 -9999.0 -9999.0 -9999.0 -9999.0 -9999.0 -9999.0 -9999.0 -9999.0 -9999.0 -9999.0 -9999.0 -9999.0 -9999.0 -9999.0 -9999.0 -9999.0
-9999.0 -9999.0 -9999.0 -9999.0 -9999.0 -9999.0 -9999.0 -9999.0 -9999.0 -9999.0 -9999.0 -9999.0 -9999.0 -9999.0 -9999.0 -9999.0 -9999.0 -9999.0 -9999.0 -9999.0 -9999.0 -9999.0 -9999.0 -9999.0 -9999.0 -9999.0 -9999.0 -9999.0 -9999.0 -9999.0 -9999.0 -9999.0 -9999.0 -9999.0 -9999.0 -9999.0 -9999.0 -9999.0 -9999.0 -9999.0 -9999.0 -9999.0 -9999.0 -9999.0 -9999.0 -9999.0 -9999.0 -9999.0 -9999.0 -9999.0 -9999.0 -9999.0 -9999.0 -9999.0 -9999.0 -9999.0 -9999.0 -9999.0 -9999.0 -9999.0 -9999.0 -9999.0 -9999.0 -9999.0 -9999.0 -9999.0 -9999.0 -9999.0 -9999.0 -9999.0 -9999.0 -9999.0 -9999.0 -9999.0 -9999.0 -9999.0 -9999.0 -9999.0 -9999.0 -9999.0
-9999.0 -9999.0 -9999.0 -9999.0 -9999.0 -9999.0 -9999.0 -9999.0 -9999.0 -9999.0 -9999.0 -9999.0 -9999.0 -9999.0 -9999.0 -9999.0 -9999.0 -9999.0 -9999.0 -9999.0 947.173066 950.107799 928.729341 895.965558 869.080594 872.489371 908.380066 951.064551 991.082984 1002.472788 985.913021 989.637359 986.197004 985.952244 989.278371 996.903511 1001.904381 1013.918879 1023.334449 1024.078374 1019.143595 1015.001187 1015.970889 1019.201749 1024.248553 1012.526139 1025.267880 1039.078391 1042.765138 1035.830496 1006.916728 989.549983 978.744041 961.406773 984.129497 994.277380 1015.487774 1018.220668 1015.254438 987.184765 956.418227 -9999.0 -9999.0 -9999.0 -9999.0 -9999.0 -9999.0 -9999.0 -9999.0 -9999.0 -9999.0 -9999.0 -9999.0 -9999.0 -9999.0 -9999.0 -9999.0 -9999.0 -9999.0 -9999.0
-9999.0 -9999.0 -9999.0 -9999.0 -9999.0 -9999.0 -9999.0 -9999.0 -9999.0 -9999.0 -9999.0 -9999.0 -9999.0 -9999.0 853.961717 845.079015 843.315829 852.802503 887.411333 918.445816 930.905601 924.324496 925.501699 903.148779 883.852275 899.265268 930.617825 964.027153 1000.458929 1022.390929 1012.559104 1011.719683 1022.669282 1049.014973 1062.815812 1061.023983 1042.192377 1066.576566 1083.642626 1093.718984 1094.774700 1087.664802 1101.421985 1117.326803 1110.055694 1091.912770 1095.637142 1106.002373 1116.472043 1100.621383 1034.834595 1013.387350 1006.857636 997.963224 981.847681 973.642671 997.325845 995.844402 986.104134 966.794372 933.015520 888.120762 868.672867 906.252699 948.984865 1005.354135 -9999.0 -9999.0 -9999.0 -9999.0 -9999.0 -9999.0 -9999.0 -9999.0 -9999.0 -9999.0 -9999.0 -9999.0 -9999.0 -9999.0
-9999.0 -9999.0 -9999.0 -9999.0 -9999.0 -9999.0 -9999.0 -9999.0 -9999.0 793.462120 798.646039 806.898604 810.306550 827.033989 825.566902 833.819031 842.147734 870.430724 902.793275 939.118773 969.037666 961.421823 963.482904 975.221953 980.357303 994.123101 1017.821731 1060.716741 1103.160856 1146.361643 1119.692330 1119.046270 1139.600995 1187.810200 1221.892721 1229.837094 1212.394289 1222.105663 1249.168685 1273.871642 1276.126495 1275.725633 1301.655573 1315.801993 1316.460788 1295.048974 1280.030350 1277.974609 1300.830354 1246.986836 1178.449641 1125.847508 1127.282305 1094.860894 1054.497387 1032.080771 1027.206870 1045.740069 1028.785668 989.707020 951.729370 939.250641 920.414076 936.043879 956.813804 1001.725058 1039.177907 1066.349026 1064.726786 1046.395992 -9999.0 -9999.0 -9999.0 -9999.0 -9999.0 -9999.0 -9999.0 -9999.0 -9999.0 -9999.0
-9999.0 -9999.0 -9999.0 -9999.0 -9999.0 -9999.0 713.186857 723.355604 744.510304 750.118932 776.525491 785.113394 807.046712 827.742237 850.779440 868.909856 900.719244 935.395048 978.142193 1023.279489 1057.539797 1054.756813 1067.508939 1100.335715 1141.375449 1172.425043 1199.866464 1242.907442 1322.246772 1367.193822 1376.734550 1382.910147 1393.411717 1442.014739 1505.809423 1521.316715 1501.929885 1488.483393 1510.204422 1548.670794 1558.176143 1561.552394 1572.521001 1582.017099 1607.042321 1596.138460 1553.690938 1536.601846 1531.929241 1514.065538 1452.436455 1388.078919 1351.531318 1299.640753 1214.281737 1156.809885 1160.602342 1176.152587 1144.127790 1087.349454 1043.521500 1030.354496 1013.044422 997.580547 1001.693671 1018.843248 1039.248336 1048.592598 1033.973418 1011.511614 987.499633 957.769493 958.850506 983.554245 -9999.0 -9999.0 -9999.0 -9999.0 -9999.0 -9999.0
-9999.0 -9999.0 -9999.0 -9999.0 662.255372 675.739777 664.368586 690.332173 724.093538 759.476117 792.847052 831.377637 860.504814 892.731797 935.389593 972.530612 1017.357475 1055.667698 1112.987327 1184.061700 1238.556848 1266.116175 1284.823331 1345.156661 1407.336990 1460.484928 1482.689138 1511.954443 1557.621431 1620.337467 1649.001691 1656.210251 1673.697530 1708.226162 1754.611755 1787.316488 1771.661884 1764.861400 1771.973793 1784.992566 1810.597451 1813.381221 1815.892265 1818.213718 1822.015344 1820.015410 1794.246341 1759.546033 1744.424949 1733.959195 1704.396690 1635.295418 1592.728452 1560.850350 1526.293985 1473.565563 1407.977479 1389.784553 1330.780226 1270.843431 1204.585717 1179.239639 1145.538533 1116.921587 1084.592385 1082.992328 1083.167379 1060.007157 1025.613576 991.533179 975.053179 955.188990 943.453842 972.799581 989.837260 1019.852757 -9999.0 -9999.0 -9999.0 -9999.0
-9999.0 -9999.0 601.999962 651.244095 708.847078 718.603396 720.418316 727.669053 757.643771 811.474004 889.221536 942.139836 987.431635 1023.888751 1086.662434 1169.692761 1246.133804 1298.047887 1359.624744 1430.552042 1494.251782 1530.463722 1551.163988 1591.165731 1644.510362 1705.234970 1732.061506 1758.600370 1790.469364 1825.040784 1838.390047 1852.780568 1860.890886 1863.192205 1868.349896 1869.716700 1865.360707 1859.881092 1841.968497 1838.904081 1846.818083 1852.628113 1854.687460 1841.548117 1837.416914 1850.214049 1852.877620 1851.209779 1850.288449 1856.992739 1860.695054 1822.132173 1782.674196 1766.454595 1755.661201 1710.893813 1646.008443 1602.166742 1577.836042 1533.848523 1454.791448 1401.284441 1348.700064 1297.295712 1241.539809 1206.570505 1156.025815 1110.065337 1060.607374 1012.287947 987.106466 967.841412 964.467746 963.619911 979.071132 993.869622 1008.772737 1016.322453 -9999.0 -9999.0
-9999.0 498.984573 571.701987 698.621743 779.496244 825.426056 859.695171 885.376101 915.890412 943.256138 1051.173787 1145.019232 1239.113519 1278.674166 1332.012933 1431.093787 1527.130912 1573.864657 1612.084094 1667.625511 1727.510819 1775.127963 1804.768326 1818.600084 1852.020766 1864.027131 1866.873911 1870.029348 1866.378159 1859.150003 1850.536169 1856.854503 1853.048437 1834.200724 1818.103679 1814.553908 1808.154639 1782.893978 1754.090646 1739.188661 1741.954752 1764.665708 1753.168155 1732.770339 1729.000027 1749.742688 1768.287420 1760.002374 1748.938338 1767.200270 1802.253107 1824.691258 1835.845529 1852.333404 1872.790508 1847.287167 1817.953088 1775.875636 1755.692102 1725.272590 1665.294088 1602.625987 1546.806597 1484.663370 1416.330620 1345.941267 1279.689528 1214.784892 1145.331141 1101.952136 1069.078922 1017.600916 995.410216 996.115076 986.353019 982.725846 988.180683 994.203348 -9999.0 -9999.0
-9999.0 419.422551 562.206270 747.411259 896.776018 957.790167 1063.255161 1145.330266 1176.395439 1151.587200 1262.296763 1482.398639 1583.485714 1601.688067 1673.057744 1759.682836 1781.980683 1814.366944 1836.435560 1845.497807 1853.182843 1863.085838 1862.172309 1857.154659 1843.162451 1835.450188 1833.936824 1830.296638 1811.636332 1791.392574 1772.797139 1767.903329 1748.703242 1704.899327 1671.485861 1653.563859 1636.388844 1614.516819 1580.425377 1553.255473 1538.663742 1554.644427 1547.440864 1530.707840 1527.003610 1549.171594 1581.621640 1577.909260 1586.227472 1609.044101 1649.940370 1690.912062 1714.660808 1745.614027 1782.958178 1827.435842 1843.713581 1865.191934 1869.414432 1849.272700 1804.279555 1751.387478 1715.216998 1650.260050 1575.346340 1494.775111 1427.659381 1362.874055 1291.609300 1243.358282 1195.082422 1137.016437 1081.711443 1057.022319 1016.555535 995.928538 -9999.0 -9999.0 -9999.0 -9999.0
-9999.0 341.791729 530.420000 789.974187 1065.283856 1180.297913 1384.374162 1513.789945 1573.774899 1640.797384 1626.303442 1769.142555 1807.418324 1803.653084 1801.629474 1806.143148 1822.225431 1826.439482 1823.430151 1813.862840 1805.043951 1801.236848 1799.823680 1792.482891 1780.067405 1764.614739 1750.576439 1736.096906 1696.217484 1661.488202 1624.964880 1609.046671 1569.510595 1477.993494 1434.404455 1398.272581 1341.516805 1333.811174 1326.129095 1297.163125 1277.270545 1257.359766 1278.606622 1282.387857 1284.727631 1289.144668 1307.088524 1330.853586 1375.575180 1412.870378 1458.332425 1511.833551 1547.431069 1591.926417 1639.575786 1696.988633 1730.720184 1762.502908 1809.910633 1849.093338 1871.751571 1860.061472 1830.711469 1782.551988 1709.155423 1638.554532 1584.882526 1508.226888 1441.277305 1388.061180 1343.459556 1293.877185 1229.155936 1146.681433 1103.700556 -9999.0 -9999.0 -9999.0 -9999.0 -9999.0
-9999.0 164.772487 432.552840 721.808306 1038.621031 1365.684173 1496.190108 1627.641092 1700.250272 1664.181753 1668.374857 1690.998250 1733.611033 1742.747555 1724.369833 1716.763664 1706.462273 1706.897031 1719.833155 1693.480337 1663.336299 1649.582941 1648.726552 1636.735423 1613.291207 1595.607411 1582.179951 1560.513669 1511.109565 1459.152920 1377.657283 1347.293504 1271.003494 1211.958562 1165.905267 1115.653070 1064.151007 1061.905156 1078.026483 1062.430321 1039.781486 1021.183943 1047.577407 1065.052315 1077.289207 1066.651096 1076.368475 1112.902300 1163.310470 1208.666289 1260.557496 1317.205709 1365.104486 1414.499714 1448.498859 1500.835490 1549.495741 1597.242745 1671.707952 1750.904109 1787.869850 1822.257634 1854.073543 1866.856931 1812.133159 1757.476959 1699.625816 1630.797241 1543.371926 1497.346301 1475.051412 1438.857939 1385.524867 -9999.0 -9999.0 -9999.0 -9999.0 -9999.0 -9999.0 -9999.0
-9999.0 37.426569 257.906916 490.017558 777.129385 1015.792816 1209.334166 1319.814314 1399.735436 1429.676713 1461.526181 1496.060097 1528.198887 1551.800673 1530.977245 1492.972615 1465.162365 1469.321530 1465.518628 1441.268900 1411.240747 1395.927959 1393.327184 1385.936277 1360.911892 1345.458482 1333.529284 1309.500045 1273.614422 1216.222244 1135.081563 1062.458542 1000.361548 966.713106 936.004444 902.601695 865.958029 875.653264 888.195110 884.141576 873.063330 869.754008 898.969809 917.957050 928.232584 916.655647 936.081553 963.355249 1005.731456 1049.559309 1099.807342 1156.429504 1211.747720 1243.205716 1259.681524 1288.413928 1330.517655 1386.602206 1473.981178 1569.075357 1646.343843 1695.536461 1745.437126 1776.875239 1786.925277 1794.657348 1762.270081 1670.842680 1543.695517 1543.496960 1546.761533 -9999.0 -9999.0 -9999.0 -9999.0 -9999.0 -9999.0 -9999.0 -9999.0 -9999.0
-9999.0 -9999.0 23.842025 203.608472 345.698683 527.407534 678.907589 789.500601 876.391532 984.931842 1086.937522 1169.669304 1214.480415 1232.635947 1217.855923 1182.941088 1160.407728 1160.187487 1150.014794 1138.198437 1116.848749 1108.213576 1097.202246 1088.677696 1077.439718 1070.796353 1064.507322 1051.989160 1028.441620 980.352369 929.801954 877.505695 823.318218 797.192239 774.694432 752.468424 750.216897 746.567104 752.292201 753.560723 759.930380 772.241769 792.508709 814.379446 824.158006 832.695069 845.452658 869.500514 903.083184 945.685042 1000.053815 1058.221307 1098.771084 1112.688558 1104.741454 1111.948594 1134.993480 1180.605939 1265.473702 1352.432801 1447.864064 1519.080694 1589.513325 1639.553117 1653.215298 1664.925550 1670.947259 1592.184447 1249.277963 1467.241896 -9999.0 -9999.0 -9999.0 -9999.0 -9999.0 -9999.0 -9999.0 -9999.0 -9999.0 -9999.0
-9999.0 -9999.0 -9999.0 -9999.0 61.748519 217.720679 314.525450 398.504489 525.771232 643.009065 741.056976 822.556508 882.298296 908.205017 902.023963 904.014147 898.209164 892.652814 883.120501 880.552830 877.811519 869.968058 856.335293 848.570753 848.556160 852.507793 849.486705 835.295686 817.304228 792.721893 770.670968 735.529441 698.812514 669.228141 655.749901 649.415426 649.106868 642.479210 651.324524 658.275604 673.319987 688.584695 712.424251 741.233718 754.695799 769.385574 779.283504 800.124322 830.700829 884.248391 947.760485 1005.564003 1041.400716 1046.226668 1021.927347 1007.323718 1005.107934 1034.818885 1082.778794 1153.527146 1257.829551 1333.079533 1392.624577 1437.689469 1468.316503 1509.875218 1550.932350 1572.341528 -9999.0 -9999.0 -9999.0 -9999.0 -9999.0 -9999.0 -9999.0 -9999.0 -9999.0 -9999.0 -9999.0 -9999.0
-9999.0 -9999.0 -9999.0 -9999.0 -9999.0 -9999.0 16.345208 116.347190 199.459765 333.030498 458.137203 556.497390 634.934455 664.670855 688.183812 713.365884 710.614488 692.717095 674.447265 692.225255 704.409039 698.644859 669.341650 668.349250 672.444484 680.692034 678.446087 671.714522 646.308609 656.180785 655.697205 632.109761 605.722114 591.392701 579.412164 588.947024 589.236446 575.914073 577.040069 603.526402 623.565383 636.804618 658.853158 692.045994 724.292512 739.259786 740.618400 746.947190 787.659575 858.103661 929.546512 984.639950 1016.926682 1025.154201 997.969036 958.192156 938.167087 946.147552 982.278702 1037.027105 1115.203308 1166.629508 1195.698773 1212.351763 1233.268999 1323.029644 -9999.0 -9999.0 -9999.0 -9999.0 -9999.0 -9999.0 -9999.0 -9999.0 -9999.0 -9999.0 -9999.0 -9999.0 -9999.0 -9999.0
-9999.0 -9999.0 -9999.0 -9999.0 -9999.0 -9999.0 -9999.0 -9999.0 -9999.0 -9999.0 -9999.0 -9999.0 -9999.0 -9999.0 -9999.0 -9999.0 -9999.0 -9999.0 -9999.0 -9999.0 -9999.0 -9999.0 -9999.0 -9999.0 -9999.0 -9999.0 -9999.0 -9999.0 -9999.0 -9999.0 -9999.0 -9999.0 -9999.0 -9999.0 -9999.0 -9999.0 -9999.0 -9999.0 -9999.0 -9999.0 -9999.0 -9999.0 -9999.0 -9999.0 -9999.0 -9999.0 -9999.0 -9999.0 -9999.0 -9999.0 -9999.0 -9999.0 -9999.0 -9999.0 -9999.0 -9999.0 -9999.0 -9999.0 -9999.0 -9999.0 -9999.0 -9999.0 -9999.0 -9999.0 -9999.0 -9999.0 -9999.0 -9999.0 -9999.0 -9999.0 -9999.0 -9999.0 -9999.0 -9999.0 -9999.0 -9999.0 -9999.0 -9999.0 -9999.0 -9999.0
-9999.0 -9999.0 -9999.0 -9999.0 -9999.0 -9999.0 -9999.0 -9999.0 -9999.0 -9999.0 -9999.0 -9999.0 -9999.0 -9999.0 -9999.0 -9999.0 -9999.0 -9999.0 -9999.0 -9999.0 -9999.0 -9999.0 -9999.0 -9999.0 -9999.0 -9999.0 -9999.0 -9999.0 -9999.0 -9999.0 -9999.0 -9999.0 -9999.0 -9999.0 -9999.0 -9999.0 -9999.0 -9999.0 -9999.0 -9999.0 -9999.0 -9999.0 -9999.0 -9999.0 -9999.0 -9999.0 -9999.0 -9999.0 -9999.0 -9999.0 -9999.0 -9999.0 -9999.0 -9999.0 -9999.0 -9999.0 -9999.0 -9999.0 -9999.0 -9999.0 -9999.0 -9999.0 -9999.0 -9999.0 -9999.0 -9999.0 -9999.0 -9999.0 -9999.0 -9999.0 -9999.0 -9999.0 -9999.0 -9999.0 -9999.0 -9999.0 -9999.0 -9999.0 -9999.0 -9999.0