Borden_/Borden1m_014/output_maps/psiliqL0005N0023.asc
ncols         80
nrows         18
xllcorner     620200.000000
yllcorner     5168000.000000
cellsize      1.000000
NODATA_value  -9999.0
-9999.0 -9999.0 -9999.0 -9999.0 -9999.0 -9999.0 -9999.0 -9999.0 -9999.0 -9999.0 -9999.0 -9999.0 -9999.0 -9999.0 -9999.0 -9999.0 -9999.0 -9999.0 -9999.0 -9999.0 -9999.0 -9999.0 -9999.0 -9999.0 -9999.0 -9999.0 -9999.0 -9999.0 -9999.0 -9999.0 -9999.0 -9999.0 -9999.0 -9999.0 -9999.0 -9999.0 -9999.0 -9999.0 -9999.0 -9999.0 -9999.0 -9999.0 -9999.0 -9999.0 -9999.0 -9999.0 -9999.0 -9999.0 -9999.0 -9999.0 -9999.0 -9999.0 -9999.0 -9999.0 -9999.0 -9999.0 -9999.0 -9999.0 -9999.0 -9999.0 -9999.0 -9999.0 -9999.0 -9999.0 -9999.0 -9999.0 -9999.0 -9999.0 -9999.0 -9999.0 -9999.0 -9999.0 -9999.0 -9999.0 -9999.0 -9999.0 -9999.0 -9999.0 -9999.0 -9999.0
-9999.0 -9999.0 -9999.0 -9999.0 -9999.0 -9999.0 -9999.0 -9999.0 -9999.0 -9999.0 -9999.0 -9999.0 -9999.0 -9999.0 -9999.0 -9999.0 -9999.0 -9999.0 -9999.0 -9999.0 -9999.0 -9999.0 -9999.0 -9999.0 -9999.0 -9999.0 -9999.0 -9999.0 -9999.0 -9999.0 -9999.0 -9999.0 -9999.0 -9999.0 -9999.0 -9999.0 -9999.0 -9999.0 -9999.0 -9999.0 -9999.0 -9999.0 -9999.0 -9999.0 -9999.0 -9999.0 -9999.0 -9999.0 -9999.0 -9999.0 -9999.0 -9999.0 -9999.0 -9999.0 -9999.0 -9999.0 -9999.0 -9999.0 -9999.0 -9999.0 -9999.0 -9999.0 -9999.0 -9999.0 -9999.0 -9999.0 -9999.0 -9999.0 -9999.0 -9999.0 -9999.0 -9999.0 -9999.0 -9999.0 -9999.0 -9999.0 -9999.0 -9999.0 -9999.0 -9999.0
-9999.0 -9999.0 -9999.0 -9999.0 -9999.0 -9999.0 -9999.0 -9999.0 -9999.0 -9999.0 -9999.0 -9999.0 -9999.0 -9999.0 -9999.0 -9999.0 -9999.0 -9999.0 -9999.0 -9999.0 -741.850970 -737.861981 -758.660254 -787.933508 -812.306165 -811.983356 -783.017079 -748.782220 -716.037559 -707.261936 -725.083938 -723.638149 -729.457499 -730.393068 -728.214169 -722.977394 -720.920522 -710.579913 -703.162529 -703.777548 -709.701964 -715.113600 -717.293327 -714.226824 -709.254065 -717.118202 -704.272060 -689.829833 -683.544215 -687.336889 -711.503587 -724.812691 -730.964634 -744.328594 -719.876669 -708.105144 -686.116611 -681.912089 -681.681301 -706.443580 -733.560101 -9999.0 -9999.0 -9999.0 -9999.0 -9999.0 -9999.0 -9999.0 -9999.0 -9999.0 -9999.0 -9999.0 -9999.0 -9999.0 -9999.0 -9999.0 -9999.0 -9999.0 -9999.0 -9999.0
-9999.0 -9999.0 -9999.0 -9999.0 -9999.0 -9999.0 -9999.0 -9999.0 -9999.0 -9999.0 -9999.0 -9999.0 -9999.0 -9999.0 -811.923102 -821.773637 -825.467178 -821.097695 -793.807797 -769.817881 -760.603475 -768.713426 -767.325883 -789.174805 -808.041747 -795.865041 -771.883588 -746.606333 -717.377969 -699.127151 -712.120315 -715.311943 -705.920236 -679.574506 -665.893930 -669.120652 -691.404782 -669.194968 -653.845774 -644.453353 -645.636144 -654.777827 -639.586627 -622.899011 -629.769476 -647.732004 -644.924911 -633.588938 -617.656203 -631.876829 -695.229259 -713.151655 -713.922321 -718.030253 -729.303954 -735.267734 -710.584710 -709.726756 -716.392911 -730.596919 -757.600139 -795.461507 -810.670588 -776.038442 -737.219498 -682.603109 -9999.0 -9999.0 -9999.0 -9999.0 -9999.0 -9999.0 -9999.0 -9999.0 -9999.0 -9999.0 -9999.0 -9999.0 -9999.0 -9999.0
-9999.0 -9999.0 -9999.0 -9999.0 -9999.0 -9999.0 -9999.0 -9999.0 -9999.0 -851.143357 -850.435692 -845.581676 -847.254616 -835.116312 -841.122970 -836.028228 -831.898671 -811.700099 -788.127572 -759.391853 -733.763625 -745.234282 -746.003419 -734.631959 -728.871082 -718.529864 -701.475259 -664.442395 -624.053982 -580.989252 -611.002218 -612.973220 -592.855371 -533.933118 -482.008752 -467.493678 -492.302168 -490.722698 -457.417675 -420.512365 -421.301818 -424.034217 -385.982495 -363.525410 -350.380054 -382.268544 -414.087909 -418.716964 -377.056223 -454.970389 -535.792404 -600.451993 -600.601879 -632.378795 -672.874639 -693.500398 -696.290329 -672.498369 -685.835354 -719.572994 -751.606878 -756.189539 -770.652932 -755.397423 -735.716039 -691.403533 -654.654287 -625.787713 -624.523738 -641.267950 -9999.0 -9999.0 -9999.0 -9999.0 -9999.0 -9999.0 -9999.0 -9999.0 -9999.0 -9999.0
-9999.0 -9999.0 -9999.0 -9999.0 -9999.0 -9999.0 -899.118670 -895.808747 -883.788098 -888.829418 -870.688981 -869.994290 -854.763140 -841.778182 -827.372839 -816.336067 -791.304137 -765.520732 -730.414108 -691.480588 -662.026144 -667.852154 -659.322676 -624.672188 -575.655322 -535.197822 -507.132416 -459.403614 -335.277619 -259.577386 -231.704702 -216.532022 -194.856868 -165.372834 -114.337011 -58.403130 -118.865578 -137.801632 -124.126177 -86.703344 -22.122634 -18.306711 -11.801244 -3.995404 21.766129 13.133760 -81.782732 -107.967534 -114.521419 -122.089937 -158.776106 -201.629860 -278.230313 -366.105580 -483.460392 -554.838945 -563.550646 -549.349870 -582.826525 -635.606564 -675.672424 -683.278457 -695.115164 -708.187445 -702.139747 -683.257606 -659.567547 -647.140987 -657.905379 -675.990491 -695.728950 -722.155888 -719.720533 -695.107611 -9999.0 -9999.0 -9999.0 -9999.0 -9999.0 -9999.0
-9999.0 -9999.0 -9999.0 -9999.0 -935.889101 -926.149814 -944.897384 -926.924364 -906.315225 -885.705970 -867.413912 -839.782642 -821.420347 -798.955092 -764.282488 -732.262489 -693.563499 -662.938557 -608.808892 -531.425080 -463.215254 -423.450694 -398.741692 -281.511093 -192.566378 -154.619425 -142.857466 -123.134433 -77.823595 30.274024 58.780548 47.930482 79.818226 89.494602 147.844625 183.124616 163.382645 156.990652 159.434249 167.880115 193.726058 195.038645 196.192328 196.542461 198.750882 199.729680 177.152486 145.876443 131.042524 125.887003 86.403843 46.322224 -43.902375 -84.243239 -108.132589 -141.263163 -189.737732 -219.380639 -317.205462 -413.251261 -507.295745 -541.704602 -577.890078 -603.396225 -633.434393 -630.689785 -625.437979 -643.043780 -670.255310 -698.855254 -710.331188 -726.133461 -735.558826 -706.059607 -689.732053 -658.918955 -9999.0 -9999.0 -9999.0 -9999.0
-9999.0 -9999.0 -959.292941 -939.543537 -902.801653 -905.524576 -908.273502 -911.218051 -894.407296 -856.403069 -792.321378 -750.456889 -710.914058 -685.824414 -628.500650 -534.584246 -437.973099 -359.668681 -250.448800 -179.631366 -135.590066 -100.421616 -31.209522 9.451534 39.388456 104.358266 122.394852 125.686147 171.334310 201.039342 225.641344 240.663051 245.407217 241.561196 241.343209 240.538719 237.646368 232.990265 216.253278 213.965327 221.298678 223.819283 227.189841 214.899737 211.142128 223.377664 225.261230 225.634176 226.948371 235.622208 244.699448 216.234050 162.791414 149.546994 124.019985 107.554391 49.320444 -34.053998 -67.757499 -105.915947 -165.437144 -202.947144 -284.907246 -385.459317 -471.523065 -514.213379 -563.453870 -601.646833 -642.786984 -683.865549 -703.327425 -718.209816 -717.871760 -717.204678 -701.027118 -685.861928 -670.064935 -662.437837 -9999.0 -9999.0
-9999.0 -993.417241 -977.954578 -902.787759 -858.554445 -828.453934 -797.526894 -774.103677 -755.502653 -750.071382 -647.774514 -526.059289 -415.518460 -371.404515 -269.424271 -163.097868 -34.280342 3.945892 30.476256 54.573983 120.141784 161.335691 189.839001 222.214314 245.286021 242.896620 239.900906 238.771818 231.455768 224.384246 214.471624 221.584839 220.914351 205.771972 193.296216 192.281208 188.140804 159.753195 136.117804 123.608311 128.285713 148.972616 138.964453 119.218077 115.565067 134.884189 150.509756 142.472690 128.915296 147.255523 179.025242 198.016650 214.040728 228.044229 246.847427 225.823165 193.649540 154.909887 118.900125 112.901340 24.411798 -38.718523 -92.615419 -148.633143 -196.507399 -291.280956 -408.840974 -490.157981 -560.141102 -596.218235 -623.554139 -672.910882 -693.025071 -688.457015 -696.345250 -697.770714 -690.641741 -684.277384 -9999.0 -9999.0
-9999.0 -1042.672387 -973.628908 -867.547396 -757.659783 -710.059891 -584.238543 -490.797932 -461.736366 -493.062358 -320.143829 -38.136431 10.659215 36.552628 94.094745 164.110095 205.307420 228.786819 242.647362 235.789694 230.823446 233.403896 229.764908 221.533879 208.732965 200.933416 200.764509 198.279214 180.354235 162.821529 146.554171 142.447109 131.394284 98.376885 69.671154 57.247008 40.969288 -23.257873 -68.171747 -97.193682 -109.511128 -91.480892 -100.764086 -116.809443 -120.072729 -99.173076 -66.785026 -70.427619 -61.411097 -35.423488 8.960898 79.358484 100.657629 126.947333 159.724629 198.932943 217.317710 236.595119 241.514634 218.842404 179.464642 133.639299 103.642865 11.642414 -59.146988 -131.940635 -176.730882 -215.839216 -322.618852 -409.350932 -481.773454 -549.231082 -608.179288 -631.579324 -668.554363 -686.257195 -9999.0 -9999.0 -9999.0 -9999.0
-9999.0 -1059.024018 -980.967890 -813.418494 -592.549394 -433.242862 -194.853184 -75.407184 62.657320 43.759000 135.553282 219.577121 230.074129 217.522616 194.178394 191.926958 202.499090 205.113897 201.023765 191.596054 180.269709 159.465884 171.710553 150.111557 155.361353 141.093770 130.042566 117.284575 44.436170 9.424807 -19.409221 -38.611450 -74.286762 -146.854543 -172.999856 -193.888773 -270.741434 -292.500379 -317.023907 -370.669963 -400.255681 -419.868799 -394.619534 -399.331767 -400.778761 -385.815988 -348.301742 -317.447186 -248.506106 -198.156957 -168.702267 -128.828442 -97.829848 -52.302677 -1.214701 85.484462 114.246433 140.819653 179.694194 219.567732 240.400855 232.942242 204.513988 167.853943 107.107896 11.453618 -34.013173 -90.946582 -146.942807 -184.489871 -214.762799 -296.626866 -424.924654 -540.130146 -580.611789 -9999.0 -9999.0 -9999.0 -9999.0 -9999.0
-9999.0 -1141.087042 -1003.140034 -841.833346 -530.811791 -186.819148 -94.810274 137.202199 201.746925 129.597974 44.644132 101.635829 110.943445 142.412435 120.760980 113.244051 106.790468 106.445645 118.934458 91.627664 29.561935 10.983906 9.038049 -5.057275 -30.471196 -51.426730 -66.979558 -87.832107 -133.656013 -166.642773 -219.141490 -264.326721 -385.665617 -485.076802 -540.913609 -591.394225 -644.052507 -645.432400 -630.311747 -647.416651 -668.333380 -686.909783 -662.742630 -649.476571 -639.577804 -649.305747 -641.767486 -609.391121 -561.520755 -516.680418 -454.181246 -367.777265 -284.646171 -201.798821 -176.390155 -136.862152 -97.069017 -47.457662 26.784284 132.614856 161.873491 194.640069 230.823660 248.539239 208.143468 167.291208 120.083162 75.290172 -29.599378 -88.328150 -116.262098 -147.612643 -187.892664 -9999.0 -9999.0 -9999.0 -9999.0 -9999.0 -9999.0 -9999.0
-9999.0 -1191.646376 -1056.821956 -982.385986 -769.166045 -548.638468 -329.428558 -184.341561 -54.018672 -139.122402 -148.595489 -129.622389 -106.879369 -87.476849 -107.317400 -133.680636 -151.287190 -147.534011 -146.052621 -162.547674 -182.584821 -191.768344 -193.018770 -204.032061 -249.260991 -278.874586 -298.886617 -339.361435 -403.343042 -480.356227 -576.611568 -639.832627 -697.364441 -728.987610 -754.291228 -781.555344 -816.753297 -804.889805 -790.964373 -795.234788 -806.726798 -812.177028 -785.881194 -771.303747 -762.666487 -777.393684 -761.351600 -739.079556 -702.590698 -666.735546 -624.559242 -574.404353 -521.587990 -486.715103 -462.792227 -414.555619 -336.036094 -228.999198 -158.574364 -71.584398 3.425909 81.987252 131.710425 164.590674 183.689967 198.816409 200.699136 170.176035 94.671323 -8.647098 -49.290083 -9999.0 -9999.0 -9999.0 -9999.0 -9999.0 -9999.0 -9999.0 -9999.0 -9999.0
-9999.0 -9999.0 -1218.936595 -1143.846898 -1070.219862 -968.409520 -857.161736 -762.094103 -702.588484 -637.352082 -559.517001 -483.141730 -435.618152 -414.530967 -441.823594 -496.776955 -529.633777 -528.940823 -538.521546 -556.131248 -585.047589 -595.523387 -603.746631 -610.928161 -625.845517 -633.587449 -638.243726 -648.068429 -668.578314 -710.992941 -757.821733 -800.285934 -844.045655 -859.085900 -873.477116 -890.033112 -889.050088 -890.396208 -885.423967 -885.386388 -881.878791 -873.853911 -859.886317 -844.818005 -839.080824 -834.552646 -825.895035 -808.302288 -782.686632 -750.323131 -706.037079 -656.801998 -623.222115 -614.230182 -625.711165 -621.067368 -600.270105 -555.123610 -444.259172 -283.116663 -180.686520 -122.253187 -50.027149 4.396093 45.713331 79.341128 130.463733 157.541787 96.727239 32.414175 -9999.0 -9999.0 -9999.0 -9999.0 -9999.0 -9999.0 -9999.0 -9999.0 -9999.0 -9999.0
-9999.0 -9999.0 -9999.0 -9999.0 -1233.922936 -1141.963873 -1072.328193 -1054.064646 -984.896760 -924.310678 -865.525252 -810.543744 -771.231177 -752.250552 -766.293170 -774.358273 -781.994120 -783.232992 -789.712572 -795.602461 -800.869527 -806.763884 -814.235216 -820.292400 -820.548472 -817.345149 -818.122537 -828.339322 -837.908273 -859.869852 -875.147749 -897.555281 -919.588741 -937.391947 -941.885163 -945.334932 -942.866540 -947.353256 -939.689767 -939.315418 -930.319918 -922.255603 -907.978412 -889.519059 -884.656079 -874.782955 -869.281215 -854.506458 -835.306432 -795.160942 -744.043015 -696.087400 -667.329274 -666.439662 -694.136906 -710.470791 -715.829408 -692.574716 -651.688850 -585.772011 -469.334549 -348.422891 -225.795508 -178.172124 -151.097151 -107.405197 -36.884909 43.854516 -9999.0 -9999.0 -9999.0 -9999.0 -9999.0 -9999.0 -9999.0 -9999.0 -9999.0 -9999.0 -9999.0 -9999.0
-9999.0 -9999.0 -9999.0 -9999.0 -9999.0 -9999.0 -1211.657602 -1165.822115 -1160.778438 -1111.145228 -1060.936585 -1015.213068 -968.560270 -958.088003 -947.203520 -927.900238 -931.945521 -944.567742 -957.806084 -942.048366 -934.477693 -936.009934 -957.871170 -956.279654 -953.785776 -945.618365 -946.338736 -947.756957 -967.208521 -954.349665 -950.486688 -961.906679 -973.880446 -976.824332 -983.234607 -972.274778 -971.027937 -981.129825 -981.979810 -964.529513 -955.128797 -951.041055 -940.270046 -920.887097 -899.466729 -891.622774 -893.800513 -893.932311 -864.922513 -811.275050 -754.821602 -710.349143 -684.710713 -679.403591 -707.899197 -747.621524 -769.318075 -766.945255 -740.418308 -696.900397 -629.056651 -585.056226 -552.621953 -522.993988 -484.088875 -332.823478 -9999.0 -9999.0 -9999.0 -9999.0 -9999.0 -9999.0 -9999.0 -9999.0 -9999.0 -9999.0 -9999.0 -9999.0 -9999.0 -9999.0
-9999.0 -9999.0 -9999.0 -9999.0 -9999.0 -9999.0 -9999.0 -9999.0 -9999.0 -9999.0 -9999.0 -9999.0 -9999.0 -9999.0 -9999.0 -9999.0 -9999.0 -9999.0 -9999.0 -9999.0 -9999.0 -9999.0 -9999.0 -9999.0 -9999.0 -9999.0 -9999.0 -9999.0 -9999.0 -9999.0 -9999.0 -9999.0 -9999.0 -9999.0 -9999.0 -9999.0 -9999.0 -9999.0 -9999.0 -9999.0 -9999.0 -9999.0 -9999.0 -9999.0 -9999.0 -9999.0 -9999.0 -9999.0 -9999.0 -9999.0 -9999.0 -9999.0 -9999.0 -9999.0 -9999.0 -9999.0 -9999.0 -9999.0 -9999.0 -9999.0 -9999.0 -9999.0 -9999.0 -9999.0 -9999.0 -9999.0 -9999.0 -9999.0 -9999.0 -9999.0 -9999.0 -9999.0 -9999.0 -9999.0 -9999.0 -9999.0 -9999.0 -9999.0 -9999.0 -9999.0
-9999.0 -9999.0 -9999.0 -9999.0 -9999.0 -9999.0 -9999.0 -9999.0 -9999.0 -9999.0 -9999.0 -9999.0 -9999.0 -9999.0 -9999.0 -9999.0 -9999.0 -9999.0 -9999.0 -9999.0 -9999.0 -9999.0 -9999.0 -9999.0 -9999.0 -9999.0 -9999.0 -9999.0 -9999.0 -9999.0 -9999.0 -9999.0 -9999.0 -9999.0 -9999.0 -9999.0 -9999.0 -9999.0 -9999.0 -9999.0 -9999.0 -9999.0 -9999.0 -9999.0 -9999.0 -9999.0 -9999.0 -9999.0 -9999.0 -9999.0 -9999.0 -9999.0 -9999.0 -9999.0 -9999.0 -9999.0 -9999.0 -9999.0 -9999.0 -9999.0 -9999.0 -9999.0 -9999.0 -9999.0 -9999.0 -9999.0 -9999.0 -9999.0 -9999.0 -9999.0 -9999.0 -9999.0 -9999.0 -9999.0 -9999.0 -9999.0 -9999.0 -9999.0 -9999.0 -9999.0