Borden_/Borden1m_014/output_maps/psiliqL0002N0012.asc
ncols         80
nrows         18
xllcorner     620200.000000
yllcorner     5168000.000000
cellsize      1.000000
NODATA_value  -9999.0
-9999.0 -9999.0 -9999.0 -9999.0 -9999.0 -9999.0 -9999.0 -9999.0 -9999.0 -9999.0 -9999.0 -9999.0 -9999.0 -9999.0 -9999.0 -9999.0 -9999.0 -9999.0 -9999.0 -9999.0 -9999.0 -9999.0 -9999.0 -9999.0 -9999.0 -9999.0 -9999.0 -9999.0 -9999.0 -9999.0 -9999.0 -9999.0 -9999.0 -9999.0 -9999.0 -9999.0 -9999.0 -9999.0 -9999.0 -9999.0 -9999.0 -9999.0 -9999.0 -9999.0 -9999.0 -9999.0 -9999.0 -9999.0 -9999.0 -9999.0 -9999.0 -9999.0 -9999.0 -9999.0 -9999.0 -9999.0 -9999.0 -9999.0 -9999.0 -9999.0 -9999.0 -9999.0 -9999.0 -9999.0 -9999.0 -9999.0 -9999.0 -9999.0 -9999.0 -9999.0 -9999.0 -9999.0 -9999.0 -9999.0 -9999.0 -9999.0 -9999.0 -9999.0 -9999.0 -9999.0
-9999.0 -9999.0 -9999.0 -9999.0 -9999.0 -9999.0 -9999.0 -9999.0 -9999.0 -9999.0 -9999.0 -9999.0 -9999.0 -9999.0 -9999.0 -9999.0 -9999.0 -9999.0 -9999.0 -9999.0 -9999.0 -9999.0 -9999.0 -9999.0 -9999.0 -9999.0 -9999.0 -9999.0 -9999.0 -9999.0 -9999.0 -9999.0 -9999.0 -9999.0 -9999.0 -9999.0 -9999.0 -9999.0 -9999.0 -9999.0 -9999.0 -9999.0 -9999.0 -9999.0 -9999.0 -9999.0 -9999.0 -9999.0 -9999.0 -9999.0 -9999.0 -9999.0 -9999.0 -9999.0 -9999.0 -9999.0 -9999.0 -9999.0 -9999.0 -9999.0 -9999.0 -9999.0 -9999.0 -9999.0 -9999.0 -9999.0 -9999.0 -9999.0 -9999.0 -9999.0 -9999.0 -9999.0 -9999.0 -9999.0 -9999.0 -9999.0 -9999.0 -9999.0 -9999.0 -9999.0
-9999.0 -9999.0 -9999.0 -9999.0 -9999.0 -9999.0 -9999.0 -9999.0 -9999.0 -9999.0 -9999.0 -9999.0 -9999.0 -9999.0 -9999.0 -9999.0 -9999.0 -9999.0 -9999.0 -9999.0 -504.787219 -503.369280 -505.827794 -508.519647 -510.945779 -511.383449 -508.771110 -506.019377 -502.818016 -502.415249 -505.424295 -504.466864 -505.739813 -506.654540 -506.896848 -506.052495 -505.578613 -504.628445 -504.110171 -504.584147 -505.450464 -505.970369 -506.612853 -506.572845 -505.463942 -506.941469 -504.942177 -503.186968 -502.712219 -502.399823 -504.411793 -505.070498 -505.265793 -507.731359 -503.337630 -502.412211 -499.656358 -499.565391 -498.777943 -501.840816 -504.894557 -9999.0 -9999.0 -9999.0 -9999.0 -9999.0 -9999.0 -9999.0 -9999.0 -9999.0 -9999.0 -9999.0 -9999.0 -9999.0 -9999.0 -9999.0 -9999.0 -9999.0 -9999.0 -9999.0
-9999.0 -9999.0 -9999.0 -9999.0 -9999.0 -9999.0 -9999.0 -9999.0 -9999.0 -9999.0 -9999.0 -9999.0 -9999.0 -9999.0 -508.133238 -509.686029 -510.449981 -511.185997 -508.827488 -507.202689 -507.574531 -509.186104 -507.608787 -510.513456 -513.191064 -511.626246 -509.741232 -508.617100 -506.318029 -504.467725 -506.457996 -506.961348 -506.079634 -502.588446 -501.266925 -502.174166 -506.932461 -502.521017 -500.760202 -499.646758 -499.806523 -501.976593 -499.299576 -496.141469 -497.942657 -501.306238 -500.409463 -498.620180 -495.568513 -496.432569 -506.951551 -507.182142 -506.291352 -505.658129 -507.111622 -508.287078 -503.920370 -504.833993 -505.342212 -505.482059 -507.396041 -511.137582 -512.969130 -508.727200 -505.639113 -498.734305 -9999.0 -9999.0 -9999.0 -9999.0 -9999.0 -9999.0 -9999.0 -9999.0 -9999.0 -9999.0 -9999.0 -9999.0 -9999.0 -9999.0
-9999.0 -9999.0 -9999.0 -9999.0 -9999.0 -9999.0 -9999.0 -9999.0 -9999.0 -509.948524 -510.490678 -510.118011 -511.335239 -510.064938 -512.700017 -512.220428 -512.902868 -511.280845 -510.355944 -508.421016 -505.391260 -508.025761 -508.429876 -506.813959 -507.023002 -506.842252 -506.014484 -501.562487 -497.069372 -488.788887 -496.952397 -497.387568 -494.387261 -480.541382 -465.313652 -461.949154 -468.103849 -468.432790 -460.571337 -451.755276 -452.732789 -453.738337 -444.900789 -440.369416 -436.957146 -444.216124 -451.189748 -452.631222 -441.266854 -460.097704 -479.460929 -496.176529 -492.918514 -497.885688 -503.334017 -505.030306 -506.101865 -501.166376 -502.622124 -506.349469 -509.396033 -507.610707 -509.669929 -507.662404 -506.839743 -501.747574 -497.479864 -493.150481 -492.951964 -495.825629 -9999.0 -9999.0 -9999.0 -9999.0 -9999.0 -9999.0 -9999.0 -9999.0 -9999.0 -9999.0
-9999.0 -9999.0 -9999.0 -9999.0 -9999.0 -9999.0 -511.950720 -512.263322 -511.503149 -514.846014 -512.921073 -514.652590 -513.357327 -513.027121 -512.353339 -512.763607 -510.853176 -509.444794 -506.922071 -503.613639 -500.315580 -502.958790 -502.268796 -497.637147 -489.524282 -478.115045 -471.442222 -461.493599 -432.965674 -412.024223 -401.838778 -397.689127 -384.998108 -65.044160 10.679299 11.567760 10.916553 10.366256 10.892101 11.940588 11.919452 11.797982 11.961595 12.093765 13.099546 12.962329 11.781659 11.544868 11.509723 11.034353 -47.645649 -382.250928 -419.716492 -439.988640 -466.176395 -483.116058 -488.755454 -484.004139 -489.799867 -498.357448 -503.209373 -502.497345 -503.179774 -505.318292 -504.179147 -502.311893 -499.234852 -497.157014 -498.593728 -500.339070 -501.250182 -504.744715 -504.051867 -500.607855 -9999.0 -9999.0 -9999.0 -9999.0 -9999.0 -9999.0
-9999.0 -9999.0 -9999.0 -9999.0 -516.388717 -515.024495 -519.361556 -517.086068 -515.521742 -514.503486 -515.073437 -513.227710 -513.160639 -512.086687 -509.494122 -508.137511 -504.738937 -502.659091 -495.417951 -481.137071 -461.681075 -452.055682 -448.655333 -422.141677 -358.606402 -34.321070 10.061156 10.914572 11.702619 13.418332 14.120370 14.229002 15.045618 17.882829 19.582094 20.983031 20.102357 19.987944 20.062473 20.106393 21.242090 21.041785 21.179005 21.006584 22.321061 24.359242 20.506350 19.543733 19.351339 19.224356 18.340303 14.233643 12.808695 12.162065 11.475428 -19.836635 -355.359557 -397.284138 -430.777360 -450.621321 -474.335995 -483.533849 -489.647311 -492.961074 -498.379822 -496.868691 -494.833603 -497.481138 -500.777016 -503.940173 -503.766873 -505.089472 -507.178878 -502.428330 -501.287323 -496.600175 -9999.0 -9999.0 -9999.0 -9999.0
-9999.0 -9999.0 -516.173392 -516.508067 -513.051648 -515.673475 -517.259486 -519.461923 -518.972743 -515.958499 -510.599674 -509.434209 -506.592986 -505.512006 -498.162582 -478.669155 -454.604758 -439.414033 -411.626465 -276.922035 -9.493781 11.152775 11.496661 12.535384 14.576781 18.173584 19.111240 19.667787 20.214617 23.950627 48.927669 62.588629 69.837357 62.603314 62.763353 59.649297 59.273961 54.828469 38.993648 36.637287 43.661790 45.448149 49.099346 36.969850 33.340531 45.454524 47.945704 48.522529 51.029131 59.053831 69.687518 41.472273 19.833556 19.676668 19.825591 18.299707 14.693715 13.113212 12.782876 11.556850 -47.365079 -375.595162 -422.726189 -446.803311 -469.650510 -476.891237 -487.043357 -492.889068 -498.295565 -503.749826 -504.985398 -505.559117 -504.298373 -505.286266 -502.849356 -501.319068 -498.601469 -497.757221 -9999.0 -9999.0
-9999.0 -516.878625 -518.653450 -512.683727 -512.665992 -512.190724 -511.676068 -511.174520 -510.023683 -513.044831 -499.288215 -473.032182 -448.418494 -441.668456 -416.061565 -77.413712 10.753589 12.244905 13.246096 15.649016 18.598567 19.999180 20.724175 46.944702 69.895425 63.581233 62.022435 59.801516 51.526542 43.856404 33.839276 42.458871 41.280762 26.801051 20.367596 20.474506 20.433877 19.733661 19.065871 18.809518 19.012127 19.948749 19.468632 18.821040 18.675527 19.306317 19.901466 19.465356 18.954450 19.502174 20.648770 23.052475 39.282215 52.833037 72.768914 50.770768 21.060064 19.628513 19.443860 18.930632 17.265622 13.830638 11.863366 -27.908115 -355.598772 -427.038331 -456.111618 -473.246209 -487.281011 -492.290390 -495.113686 -502.850339 -504.326784 -501.915112 -502.941893 -503.024726 -501.989053 -501.257518 -9999.0 -9999.0
-9999.0 -523.439218 -517.714052 -512.141899 -506.145620 -507.919825 -485.138323 -463.315370 -458.545043 -470.489138 -427.872394 -13.033519 12.961568 12.885172 15.104644 19.532510 34.183960 54.937699 69.162652 59.321005 53.040341 54.998673 50.262301 41.611989 28.290704 21.618829 21.726696 21.159343 20.377337 19.874060 19.258606 19.426920 19.069675 17.848651 15.604782 14.415699 13.955737 13.521079 12.628012 11.996729 11.593166 12.453476 12.074741 11.502599 11.325150 11.986425 13.075967 12.631258 12.822023 13.764203 16.817769 18.126796 18.480651 19.060915 19.894771 23.717919 41.675019 60.557670 67.599157 43.603144 20.662347 19.159874 18.734458 17.128928 13.698212 10.700156 -59.780809 -390.985774 -431.776199 -451.975815 -470.842676 -483.937036 -494.755133 -495.922830 -501.490737 -501.352991 -9999.0 -9999.0 -9999.0 -9999.0
-9999.0 -523.797934 -518.374104 -507.531039 -483.744381 -450.629048 -59.358468 11.825518 13.424683 15.368142 16.679336 58.864748 66.786011 49.972109 23.791333 20.648182 24.746159 26.798746 22.919966 20.432534 20.089162 20.019002 20.030793 19.799720 19.543637 19.237450 19.048158 19.034688 18.190386 17.092748 14.134775 13.601551 12.572217 -25.637813 -276.626172 -377.328489 -419.063493 -421.719632 -427.980056 -441.053410 -447.024334 -451.638785 -445.360486 -447.234220 -447.989451 -444.488437 -436.005590 -430.564467 -410.120135 -378.432712 -52.568561 10.737859 11.881186 13.224482 15.175394 18.040043 18.808103 19.402377 20.720897 44.167740 64.426981 56.741785 29.297994 20.404096 18.661504 17.392671 16.398350 12.750693 10.696264 -48.411275 -365.304117 -423.676149 -458.145212 -480.440113 -487.211063 -9999.0 -9999.0 -9999.0 -9999.0 -9999.0
-9999.0 -532.962073 -518.098530 -509.512959 -466.128930 -69.441420 11.454396 17.575376 47.924767 18.562980 17.755150 18.355514 19.608886 19.605048 18.814022 18.896880 18.687290 18.623844 19.238020 17.887259 15.212791 14.457469 14.523624 14.148585 13.415800 13.012737 12.832716 12.515069 10.830992 -45.403935 -395.127901 -411.131470 -443.403333 -466.617598 -482.167507 -491.254342 -500.094510 -499.441232 -495.579594 -498.358324 -501.318729 -504.882223 -500.693505 -499.000668 -497.178346 -499.701350 -499.517418 -494.440267 -486.320394 -478.798406 -464.674283 -442.897542 -424.101802 -387.920396 -286.003795 -10.934793 11.737214 13.257115 17.162289 19.470286 19.987776 21.191300 54.628429 73.206618 35.950123 20.091470 19.289285 18.502789 16.960413 15.708086 13.032205 2.799037 -315.112140 -9999.0 -9999.0 -9999.0 -9999.0 -9999.0 -9999.0 -9999.0
-9999.0 -537.727252 -521.520148 -520.254739 -504.354439 -472.007400 -424.057948 -292.156342 8.486286 10.030214 10.679424 11.324670 12.028343 12.756695 12.042790 11.033700 10.238577 10.461055 10.085554 -42.340057 -346.524851 -378.167566 -377.935487 -385.415364 -408.050148 -417.824576 -422.989075 -433.110908 -447.307211 -465.705180 -488.812973 -498.628821 -505.475838 -507.283183 -508.754174 -510.402960 -514.706989 -511.906848 -509.993399 -510.407731 -511.762524 -512.923904 -509.601454 -508.705765 -507.724486 -511.035601 -508.988861 -507.665940 -504.210853 -500.962397 -496.210235 -488.740366 -478.639192 -472.398938 -468.292575 -453.055053 -436.109865 -400.095185 -51.681912 12.212039 15.629567 17.861254 19.242190 20.125265 20.544755 30.791022 39.331284 21.407535 17.404400 17.928977 17.848810 -9999.0 -9999.0 -9999.0 -9999.0 -9999.0 -9999.0 -9999.0 -9999.0 -9999.0
-9999.0 -9999.0 -541.290580 -534.943441 -529.652386 -524.600143 -517.575632 -510.797051 -501.513459 -491.233506 -477.005023 -461.316184 -451.624711 -447.130208 -453.387915 -466.708600 -474.750646 -473.988502 -476.238234 -482.149044 -490.462208 -491.577338 -492.788732 -493.548822 -495.898727 -496.813710 -497.083380 -497.767270 -499.579651 -504.493494 -508.464436 -511.106899 -514.546351 -513.857071 -514.226738 -515.493712 -514.019519 -514.367388 -514.027454 -514.266226 -513.916268 -513.296063 -512.711649 -511.789009 -511.900867 -511.636487 -511.446690 -510.592326 -509.333920 -507.782424 -504.301832 -498.926510 -494.974406 -494.230787 -496.937677 -496.272302 -493.350431 -486.601416 -459.953518 -422.833575 -255.457905 0.117470 13.188747 15.700013 17.464686 18.166915 19.179457 19.180800 12.868886 16.302848 -9999.0 -9999.0 -9999.0 -9999.0 -9999.0 -9999.0 -9999.0 -9999.0 -9999.0 -9999.0
-9999.0 -9999.0 -9999.0 -9999.0 -544.333041 -535.159868 -526.592680 -527.820626 -521.810960 -518.566927 -515.869796 -512.631445 -510.010936 -508.172742 -510.784027 -511.013997 -511.314897 -510.790734 -511.250211 -511.849625 -511.960990 -512.239681 -512.527201 -513.073823 -512.707061 -512.035520 -511.791832 -512.750231 -512.444264 -514.185929 -513.998499 -514.845767 -515.712954 -516.959992 -516.511071 -516.587186 -515.901324 -516.603369 -515.567218 -516.268265 -515.542683 -515.309082 -514.530583 -513.162765 -513.950515 -513.165293 -513.270467 -512.337910 -512.395313 -510.145964 -506.391141 -502.053992 -499.177353 -499.492037 -503.803738 -505.341472 -506.574138 -504.183062 -500.579952 -491.929248 -468.895064 -439.847307 -402.989351 -285.129038 -16.630482 11.796069 15.989131 17.382251 -9999.0 -9999.0 -9999.0 -9999.0 -9999.0 -9999.0 -9999.0 -9999.0 -9999.0 -9999.0 -9999.0 -9999.0
-9999.0 -9999.0 -9999.0 -9999.0 -9999.0 -9999.0 -540.112969 -535.437089 -537.055607 -533.569794 -530.548346 -528.352737 -524.877548 -525.518448 -524.417953 -521.457897 -521.811909 -523.144724 -524.888830 -522.255831 -521.078958 -520.759192 -523.570327 -522.685303 -522.372116 -521.296243 -521.409590 -520.834173 -523.198335 -520.126604 -518.586562 -518.969853 -519.326525 -518.634673 -519.217569 -517.338936 -517.113804 -518.594380 -519.082042 -517.006564 -516.500582 -516.924606 -516.684066 -515.462984 -513.566543 -513.392443 -514.414534 -515.914083 -514.265056 -510.331798 -506.242354 -502.858813 -500.690757 -499.755202 -503.104605 -507.905259 -510.353022 -510.980198 -509.500251 -506.674334 -498.591269 -493.335123 -489.428172 -485.347011 -474.292848 -437.521416 -9999.0 -9999.0 -9999.0 -9999.0 -9999.0 -9999.0 -9999.0 -9999.0 -9999.0 -9999.0 -9999.0 -9999.0 -9999.0 -9999.0
-9999.0 -9999.0 -9999.0 -9999.0 -9999.0 -9999.0 -9999.0 -9999.0 -9999.0 -9999.0 -9999.0 -9999.0 -9999.0 -9999.0 -9999.0 -9999.0 -9999.0 -9999.0 -9999.0 -9999.0 -9999.0 -9999.0 -9999.0 -9999.0 -9999.0 -9999.0 -9999.0 -9999.0 -9999.0 -9999.0 -9999.0 -9999.0 -9999.0 -9999.0 -9999.0 -9999.0 -9999.0 -9999.0 -9999.0 -9999.0 -9999.0 -9999.0 -9999.0 -9999.0 -9999.0 -9999.0 -9999.0 -9999.0 -9999.0 -9999.0 -9999.0 -9999.0 -9999.0 -9999.0 -9999.0 -9999.0 -9999.0 -9999.0 -9999.0 -9999.0 -9999.0 -9999.0 -9999.0 -9999.0 -9999.0 -9999.0 -9999.0 -9999.0 -9999.0 -9999.0 -9999.0 -9999.0 -9999.0 -9999.0 -9999.0 -9999.0 -9999.0 -9999.0 -9999.0 -9999.0
-9999.0 -9999.0 -9999.0 -9999.0 -9999.0 -9999.0 -9999.0 -9999.0 -9999.0 -9999.0 -9999.0 -9999.0 -9999.0 -9999.0 -9999.0 -9999.0 -9999.0 -9999.0 -9999.0 -9999.0 -9999.0 -9999.0 -9999.0 -9999.0 -9999.0 -9999.0 -9999.0 -9999.0 -9999.0 -9999.0 -9999.0 -9999.0 -9999.0 -9999.0 -9999.0 -9999.0 -9999.0 -9999.0 -9999.0 -9999.0 -9999.0 -9999.0 -9999.0 -9999.0 -9999.0 -9999.0 -9999.0 -9999.0 -9999.0 -9999.0 -9999.0 -9999.0 -9999.0 -9999.0 -9999.0 -9999.0 -9999.0 -9999.0 -9999.0 -9999.0 -9999.0 -9999.0 -9999.0 -9999.0 -9999.0 -9999.0 -9999.0 -9999.0 -9999.0 -9999.0 -9999.0 -9999.0 -9999.0 -9999.0 -9999.0 -9999.0 -9999.0 -9999.0 -9999.0 -9999.0