Borden_/Borden1m_014/output_maps/psiliqL0003N0038.asc
ncols         80
nrows         18
xllcorner     620200.000000
yllcorner     5168000.000000
cellsize      1.000000
NODATA_value  -9999.0
-9999.0 -9999.0 -9999.0 -9999.0 -9999.0 -9999.0 -9999.0 -9999.0 -9999.0 -9999.0 -9999.0 -9999.0 -9999.0 -9999.0 -9999.0 -9999.0 -9999.0 -9999.0 -9999.0 -9999.0 -9999.0 -9999.0 -9999.0 -9999.0 -9999.0 -9999.0 -9999.0 -9999.0 -9999.0 -9999.0 -9999.0 -9999.0 -9999.0 -9999.0 -9999.0 -9999.0 -9999.0 -9999.0 -9999.0 -9999.0 -9999.0 -9999.0 -9999.0 -9999.0 -9999.0 -9999.0 -9999.0 -9999.0 -9999.0 -9999.0 -9999.0 -9999.0 -9999.0 -9999.0 -9999.0 -9999.0 -9999.0 -9999.0 -9999.0 -9999.0 -9999.0 -9999.0 -9999.0 -9999.0 -9999.0 -9999.0 -9999.0 -9999.0 -9999.0 -9999.0 -9999.0 -9999.0 -9999.0 -9999.0 -9999.0 -9999.0 -9999.0 -9999.0 -9999.0 -9999.0
-9999.0 -9999.0 -9999.0 -9999.0 -9999.0 -9999.0 -9999.0 -9999.0 -9999.0 -9999.0 -9999.0 -9999.0 -9999.0 -9999.0 -9999.0 -9999.0 -9999.0 -9999.0 -9999.0 -9999.0 -9999.0 -9999.0 -9999.0 -9999.0 -9999.0 -9999.0 -9999.0 -9999.0 -9999.0 -9999.0 -9999.0 -9999.0 -9999.0 -9999.0 -9999.0 -9999.0 -9999.0 -9999.0 -9999.0 -9999.0 -9999.0 -9999.0 -9999.0 -9999.0 -9999.0 -9999.0 -9999.0 -9999.0 -9999.0 -9999.0 -9999.0 -9999.0 -9999.0 -9999.0 -9999.0 -9999.0 -9999.0 -9999.0 -9999.0 -9999.0 -9999.0 -9999.0 -9999.0 -9999.0 -9999.0 -9999.0 -9999.0 -9999.0 -9999.0 -9999.0 -9999.0 -9999.0 -9999.0 -9999.0 -9999.0 -9999.0 -9999.0 -9999.0 -9999.0 -9999.0
-9999.0 -9999.0 -9999.0 -9999.0 -9999.0 -9999.0 -9999.0 -9999.0 -9999.0 -9999.0 -9999.0 -9999.0 -9999.0 -9999.0 -9999.0 -9999.0 -9999.0 -9999.0 -9999.0 -9999.0 -595.587846 -594.491565 -597.244818 -600.464282 -603.103966 -603.354770 -600.350713 -596.743456 -592.639953 -591.711818 -594.780991 -594.137776 -595.297727 -595.868300 -595.838614 -594.982154 -594.583869 -593.240211 -592.342946 -592.651020 -593.614368 -594.338934 -594.905299 -594.636113 -593.615939 -595.040030 -592.895704 -590.685226 -589.842432 -590.020601 -593.187830 -594.584306 -595.130690 -597.463470 -593.225051 -591.793317 -588.406133 -587.979463 -587.514352 -591.332128 -595.082305 -9999.0 -9999.0 -9999.0 -9999.0 -9999.0 -9999.0 -9999.0 -9999.0 -9999.0 -9999.0 -9999.0 -9999.0 -9999.0 -9999.0 -9999.0 -9999.0 -9999.0 -9999.0 -9999.0
-9999.0 -9999.0 -9999.0 -9999.0 -9999.0 -9999.0 -9999.0 -9999.0 -9999.0 -9999.0 -9999.0 -9999.0 -9999.0 -9999.0 -601.401596 -602.777200 -603.397519 -603.646333 -600.946214 -598.705804 -598.385332 -599.817248 -598.801421 -601.714860 -604.244558 -602.699344 -600.301142 -598.110326 -594.726881 -592.191229 -594.395720 -594.934515 -593.658692 -589.308083 -587.220299 -588.041420 -592.840937 -588.281912 -585.705360 -584.021945 -584.235779 -586.426159 -583.209811 -579.462590 -581.271947 -585.232305 -584.490881 -582.224211 -578.550615 -580.873745 -593.205884 -594.879948 -594.424619 -594.385728 -596.049949 -597.172339 -592.854433 -593.301079 -594.111794 -595.225384 -598.093606 -602.394214 -604.227270 -599.942159 -595.754205 -587.548265 -9999.0 -9999.0 -9999.0 -9999.0 -9999.0 -9999.0 -9999.0 -9999.0 -9999.0 -9999.0 -9999.0 -9999.0 -9999.0 -9999.0
-9999.0 -9999.0 -9999.0 -9999.0 -9999.0 -9999.0 -9999.0 -9999.0 -9999.0 -604.123029 -604.431538 -604.020638 -604.821692 -603.570061 -605.398432 -604.901866 -605.125490 -603.267293 -601.554046 -598.791377 -595.357896 -597.671800 -597.950433 -596.195210 -595.819757 -594.912417 -593.094571 -587.171329 -580.036030 -569.419177 -577.919875 -578.289600 -573.353015 -555.559258 -537.565852 -531.378948 -541.531587 -541.390317 -528.452471 -511.246218 -509.437532 -510.538848 -490.288761 -477.515692 -469.456587 -488.150347 -508.041116 -511.141658 -489.531907 -527.511698 -555.943337 -575.367956 -574.585272 -581.551629 -589.063685 -591.980591 -592.852452 -587.910904 -589.992744 -594.901863 -598.896168 -598.108659 -600.179219 -598.114511 -596.364612 -590.035572 -584.165474 -578.558269 -578.286328 -581.799305 -9999.0 -9999.0 -9999.0 -9999.0 -9999.0 -9999.0 -9999.0 -9999.0 -9999.0 -9999.0
-9999.0 -9999.0 -9999.0 -9999.0 -9999.0 -9999.0 -606.987392 -607.076793 -606.233696 -608.409178 -606.639926 -607.660146 -606.309303 -605.595573 -604.601616 -604.344141 -601.961161 -599.699644 -595.931495 -590.900286 -586.244316 -588.259906 -586.969801 -580.253911 -567.390657 -555.091924 -546.489268 -529.090239 -464.054873 -408.010918 -386.269500 -376.844580 -366.370597 -332.972225 -277.088406 -259.436405 -278.718576 -293.799647 -274.218783 -229.624479 -154.057193 -151.881867 -145.888706 -139.000732 -112.627892 -117.823518 -222.698546 -253.553878 -265.144040 -276.505201 -323.326498 -372.334507 -425.711641 -482.688691 -538.296597 -561.607122 -564.943636 -561.253232 -570.484230 -582.239476 -589.239760 -589.592248 -591.057924 -593.394602 -592.299554 -589.635922 -585.633894 -583.187209 -585.119554 -587.862680 -590.130709 -594.198340 -593.624129 -589.714182 -9999.0 -9999.0 -9999.0 -9999.0 -9999.0 -9999.0
-9999.0 -9999.0 -9999.0 -9999.0 -610.738389 -609.642914 -612.794744 -610.923323 -609.369544 -608.102615 -607.803089 -605.605264 -604.770481 -603.061990 -599.593309 -596.607141 -591.559427 -587.445860 -576.759263 -554.730435 -530.401610 -512.397156 -497.599208 -425.079305 -361.718642 -319.420656 -302.315398 -274.960835 -225.948129 -106.079440 -78.420204 -74.016765 -54.119000 -32.037050 9.606577 35.316783 23.984616 16.233071 19.107606 26.835299 50.875330 51.417334 52.438171 52.472311 54.519147 56.237093 36.542597 5.879896 -6.199562 -49.039591 -30.640623 -90.305227 -194.304493 -232.381529 -257.813354 -301.202454 -361.761727 -387.214770 -453.864878 -508.174590 -547.428640 -558.841725 -569.476098 -575.204067 -582.082562 -581.045714 -579.378238 -582.904041 -587.557071 -591.920781 -592.749303 -594.692142 -596.558853 -591.646406 -589.639499 -584.117155 -9999.0 -9999.0 -9999.0 -9999.0
-9999.0 -9999.0 -611.211404 -610.878652 -607.741139 -609.396719 -610.412181 -611.854329 -611.039177 -607.866920 -601.732220 -598.537188 -593.962657 -591.206862 -580.837410 -554.883065 -516.198398 -474.818869 -402.719022 -346.143035 -291.972487 -248.746032 -177.833758 -126.791635 -82.986496 -70.673054 -13.832470 -27.132198 29.193953 56.052179 81.612079 95.575900 103.321888 94.678265 96.724222 92.053751 92.467410 87.276098 71.083773 68.967067 76.426929 78.064297 81.923057 69.559837 65.940875 78.189227 80.406398 80.477157 83.243255 89.837331 101.930021 72.782651 19.880871 -23.552946 5.768176 -31.421306 -99.150563 -191.225161 -219.217038 -259.653565 -334.963468 -378.031771 -433.177966 -494.505092 -535.094051 -551.192077 -566.087743 -575.139749 -583.266129 -590.473554 -592.866478 -594.377151 -593.628104 -594.144414 -591.483358 -589.320409 -586.340000 -585.122034 -9999.0 -9999.0
-9999.0 -612.408695 -613.100440 -607.447241 -605.913047 -604.391693 -602.458337 -600.790687 -599.008536 -600.579358 -583.734549 -549.129641 -504.775343 -480.878547 -414.411903 -318.549522 -162.232514 -128.642051 -103.476460 -95.552569 -16.288860 10.939091 46.929871 78.859372 102.952445 95.737833 95.642253 91.885710 85.269590 77.442216 67.261235 75.383520 73.849651 59.403443 47.859250 46.990155 41.417951 18.877482 -5.290417 -16.960214 -11.362781 8.798946 -1.576592 -20.921516 -24.589981 -5.363854 9.251550 1.190017 -10.820492 -25.000336 35.873176 52.623284 69.111218 81.712013 102.947329 80.592686 48.288828 5.672605 -1.177074 -25.486509 -133.860417 -200.239874 -253.261507 -317.274610 -372.018753 -439.743467 -507.427543 -542.861001 -565.477787 -573.886607 -579.139629 -588.875720 -591.608073 -589.866935 -591.148338 -591.317306 -590.119237 -589.144790 -9999.0 -9999.0
-9999.0 -617.296749 -612.299198 -605.778544 -597.039379 -594.523509 -567.197681 -538.629050 -525.169952 -540.573598 -446.850128 -158.037697 -96.976176 -94.451270 -43.871751 24.419200 65.391498 87.155645 101.812345 90.614272 86.831675 87.056208 83.915297 75.307552 61.674201 54.417058 54.518158 52.667389 36.227515 19.007816 3.568701 3.473814 -9.663906 -43.074128 -83.644700 -104.462155 -153.239270 -182.185179 -217.913048 -243.700680 -255.372681 -234.591218 -245.963310 -265.229716 -269.084613 -244.844289 -212.241217 -219.438388 -216.424597 -194.647026 -148.504734 -62.464767 -41.269316 -45.284482 16.204061 53.103603 71.190115 90.255203 97.319386 72.874408 35.487157 -9.740299 -37.553097 -148.800631 -225.231219 -305.146890 -356.509976 -395.739540 -462.229880 -508.377601 -539.258340 -561.678764 -576.829047 -580.656631 -587.749262 -589.374359 -9999.0 -9999.0 -9999.0 -9999.0
-9999.0 -617.675661 -612.647334 -600.467049 -568.700833 -516.857632 -365.412594 -230.588291 -73.705302 -104.579412 11.964426 84.827622 93.925584 77.298353 51.696476 48.228472 57.692208 59.783191 55.778632 47.115171 36.885983 4.440349 30.716242 24.230350 12.385750 -2.204060 -12.483774 -23.850382 -110.506133 -148.592484 -177.316483 -192.127318 -223.655659 -307.915473 -343.200524 -365.133501 -418.214481 -435.238924 -452.994857 -485.262061 -501.336270 -511.063177 -498.438406 -501.206628 -502.060022 -493.744783 -472.156087 -453.570440 -405.935821 -373.336444 -339.998923 -289.580257 -255.769213 -212.692142 -159.339991 -56.202472 -27.866811 -29.553583 37.655648 73.587569 94.251465 86.090073 58.327551 24.111889 -33.819955 -155.237641 -211.489082 -284.190326 -338.549699 -373.112934 -398.473994 -447.021664 -514.992385 -558.591881 -569.090162 -9999.0 -9999.0 -9999.0 -9999.0 -9999.0
-9999.0 -624.438024 -612.747822 -602.524565 -548.270584 -349.799974 -257.557204 -1.540608 55.024412 -15.364607 -108.951448 -27.669315 5.119618 5.955495 -19.487692 -33.526937 -33.522762 -34.068107 -22.205565 -65.618940 -133.859492 -152.599371 -154.020265 -165.523746 -186.718391 -204.859946 -218.888548 -239.949186 -293.947447 -336.425466 -389.517682 -416.006425 -492.558486 -538.287876 -556.742973 -571.016690 -583.728485 -583.605431 -579.823691 -583.387930 -587.229772 -591.010035 -586.354861 -584.062815 -581.980820 -584.410161 -583.434920 -576.658615 -564.809284 -551.202722 -527.556270 -484.620847 -432.397783 -377.058890 -349.233738 -297.520422 -251.195635 -204.394193 -129.013887 -8.390335 18.943159 48.251236 84.013286 102.380487 63.628972 26.107000 -33.984113 -154.930320 -258.016442 -301.050451 -316.620260 -336.057233 -372.743465 -9999.0 -9999.0 -9999.0 -9999.0 -9999.0 -9999.0 -9999.0
-9999.0 -628.264837 -615.948952 -613.234314 -595.491323 -553.896576 -459.424465 -347.039088 -186.271215 -298.200526 -311.539266 -284.514385 -254.296094 -232.979591 -256.811491 -291.089513 -314.314448 -311.146198 -310.412283 -332.912039 -358.694853 -369.291989 -369.802704 -376.765460 -404.856943 -426.478806 -441.105518 -467.391158 -503.159856 -536.757952 -568.128724 -582.408805 -592.105623 -595.714593 -598.299068 -600.931582 -605.348197 -603.112776 -601.261995 -601.756528 -603.165231 -604.151007 -600.858697 -599.540711 -598.460674 -601.284850 -599.149658 -596.941142 -592.210801 -587.124965 -579.778726 -568.699028 -553.643838 -541.202373 -531.377856 -509.104560 -465.427604 -394.531934 -324.750032 -228.749023 -155.243959 -69.267002 -11.731596 19.870715 37.728434 41.424277 50.150701 12.799044 -230.465559 -266.454482 -269.005696 -9999.0 -9999.0 -9999.0 -9999.0 -9999.0 -9999.0 -9999.0 -9999.0 -9999.0
-9999.0 -9999.0 -630.804277 -625.552168 -620.780343 -615.339627 -607.374042 -597.034402 -588.394350 -577.039737 -559.161160 -535.964064 -517.365669 -507.487939 -520.157474 -541.814521 -552.622050 -552.048316 -554.848201 -560.105909 -568.727326 -571.740046 -573.838782 -575.544767 -579.158697 -580.733192 -581.468290 -582.998313 -586.190532 -592.732519 -598.415478 -602.363931 -606.419748 -606.597096 -607.358211 -608.718094 -607.830939 -608.072152 -607.694865 -607.852233 -607.548145 -606.915023 -606.055383 -604.932202 -604.775333 -604.450307 -603.964229 -602.651599 -600.606618 -597.811541 -592.643198 -585.124408 -579.134520 -577.544620 -580.366601 -579.360312 -574.901881 -563.563213 -522.621205 -431.490522 -350.490997 -284.287165 -213.887459 -168.061557 -152.919072 -129.283940 -25.512153 -165.788371 -319.350113 -308.639375 -9999.0 -9999.0 -9999.0 -9999.0 -9999.0 -9999.0 -9999.0 -9999.0 -9999.0 -9999.0
-9999.0 -9999.0 -9999.0 -9999.0 -632.843346 -625.610836 -619.085363 -619.443445 -614.383723 -610.926114 -607.433324 -603.235933 -599.694486 -597.479048 -599.964086 -600.692860 -601.335056 -601.057714 -601.667408 -602.363747 -602.765568 -603.245392 -603.752039 -604.365543 -604.188420 -603.666778 -603.562359 -604.592683 -604.811445 -606.785700 -607.279722 -608.562621 -609.783379 -611.050267 -610.909530 -611.070398 -610.593437 -611.131077 -610.298560 -610.727443 -610.050267 -609.682992 -608.791227 -607.394146 -607.723509 -606.917877 -606.785003 -605.671860 -604.944476 -601.767437 -596.632222 -590.598831 -586.384272 -586.461324 -591.424527 -593.613648 -594.694926 -591.378801 -585.252800 -571.765711 -533.669871 -473.300482 -393.107135 -354.209226 -327.608226 -286.087208 -244.717176 -236.633621 -9999.0 -9999.0 -9999.0 -9999.0 -9999.0 -9999.0 -9999.0 -9999.0 -9999.0 -9999.0 -9999.0 -9999.0
-9999.0 -9999.0 -9999.0 -9999.0 -9999.0 -9999.0 -629.879996 -626.302021 -627.190245 -624.376970 -621.778439 -619.610622 -616.435339 -616.657770 -615.773532 -613.430880 -613.791489 -614.947815 -616.360556 -614.320044 -613.432599 -613.265871 -615.567873 -614.984845 -614.749795 -613.865579 -613.954916 -613.638605 -615.610718 -613.426703 -612.417486 -612.950415 -613.469673 -613.133812 -613.647379 -612.252280 -612.087514 -613.219993 -613.521783 -611.855986 -611.323213 -611.475019 -611.040707 -609.764775 -607.977480 -607.631150 -608.321715 -609.235525 -607.223349 -602.652275 -597.229805 -592.216797 -588.864184 -587.853017 -592.169116 -597.762575 -600.511432 -600.719253 -598.142420 -593.138460 -581.534019 -572.562186 -564.383288 -554.590731 -541.248018 -464.803748 -9999.0 -9999.0 -9999.0 -9999.0 -9999.0 -9999.0 -9999.0 -9999.0 -9999.0 -9999.0 -9999.0 -9999.0 -9999.0 -9999.0
-9999.0 -9999.0 -9999.0 -9999.0 -9999.0 -9999.0 -9999.0 -9999.0 -9999.0 -9999.0 -9999.0 -9999.0 -9999.0 -9999.0 -9999.0 -9999.0 -9999.0 -9999.0 -9999.0 -9999.0 -9999.0 -9999.0 -9999.0 -9999.0 -9999.0 -9999.0 -9999.0 -9999.0 -9999.0 -9999.0 -9999.0 -9999.0 -9999.0 -9999.0 -9999.0 -9999.0 -9999.0 -9999.0 -9999.0 -9999.0 -9999.0 -9999.0 -9999.0 -9999.0 -9999.0 -9999.0 -9999.0 -9999.0 -9999.0 -9999.0 -9999.0 -9999.0 -9999.0 -9999.0 -9999.0 -9999.0 -9999.0 -9999.0 -9999.0 -9999.0 -9999.0 -9999.0 -9999.0 -9999.0 -9999.0 -9999.0 -9999.0 -9999.0 -9999.0 -9999.0 -9999.0 -9999.0 -9999.0 -9999.0 -9999.0 -9999.0 -9999.0 -9999.0 -9999.0 -9999.0
-9999.0 -9999.0 -9999.0 -9999.0 -9999.0 -9999.0 -9999.0 -9999.0 -9999.0 -9999.0 -9999.0 -9999.0 -9999.0 -9999.0 -9999.0 -9999.0 -9999.0 -9999.0 -9999.0 -9999.0 -9999.0 -9999.0 -9999.0 -9999.0 -9999.0 -9999.0 -9999.0 -9999.0 -9999.0 -9999.0 -9999.0 -9999.0 -9999.0 -9999.0 -9999.0 -9999.0 -9999.0 -9999.0 -9999.0 -9999.0 -9999.0 -9999.0 -9999.0 -9999.0 -9999.0 -9999.0 -9999.0 -9999.0 -9999.0 -9999.0 -9999.0 -9999.0 -9999.0 -9999.0 -9999.0 -9999.0 -9999.0 -9999.0 -9999.0 -9999.0 -9999.0 -9999.0 -9999.0 -9999.0 -9999.0 -9999.0 -9999.0 -9999.0 -9999.0 -9999.0 -9999.0 -9999.0 -9999.0 -9999.0 -9999.0 -9999.0 -9999.0 -9999.0 -9999.0 -9999.0