Borden_/Borden1m_014/output_maps/psiliqL0000N0035.asc
ncols         80
nrows         18
xllcorner     620200.000000
yllcorner     5168000.000000
cellsize      1.000000
NODATA_value  -9999.0
-9999.0 -9999.0 -9999.0 -9999.0 -9999.0 -9999.0 -9999.0 -9999.0 -9999.0 -9999.0 -9999.0 -9999.0 -9999.0 -9999.0 -9999.0 -9999.0 -9999.0 -9999.0 -9999.0 -9999.0 -9999.0 -9999.0 -9999.0 -9999.0 -9999.0 -9999.0 -9999.0 -9999.0 -9999.0 -9999.0 -9999.0 -9999.0 -9999.0 -9999.0 -9999.0 -9999.0 -9999.0 -9999.0 -9999.0 -9999.0 -9999.0 -9999.0 -9999.0 -9999.0 -9999.0 -9999.0 -9999.0 -9999.0 -9999.0 -9999.0 -9999.0 -9999.0 -9999.0 -9999.0 -9999.0 -9999.0 -9999.0 -9999.0 -9999.0 -9999.0 -9999.0 -9999.0 -9999.0 -9999.0 -9999.0 -9999.0 -9999.0 -9999.0 -9999.0 -9999.0 -9999.0 -9999.0 -9999.0 -9999.0 -9999.0 -9999.0 -9999.0 -9999.0 -9999.0 -9999.0
-9999.0 -9999.0 -9999.0 -9999.0 -9999.0 -9999.0 -9999.0 -9999.0 -9999.0 -9999.0 -9999.0 -9999.0 -9999.0 -9999.0 -9999.0 -9999.0 -9999.0 -9999.0 -9999.0 -9999.0 -9999.0 -9999.0 -9999.0 -9999.0 -9999.0 -9999.0 -9999.0 -9999.0 -9999.0 -9999.0 -9999.0 -9999.0 -9999.0 -9999.0 -9999.0 -9999.0 -9999.0 -9999.0 -9999.0 -9999.0 -9999.0 -9999.0 -9999.0 -9999.0 -9999.0 -9999.0 -9999.0 -9999.0 -9999.0 -9999.0 -9999.0 -9999.0 -9999.0 -9999.0 -9999.0 -9999.0 -9999.0 -9999.0 -9999.0 -9999.0 -9999.0 -9999.0 -9999.0 -9999.0 -9999.0 -9999.0 -9999.0 -9999.0 -9999.0 -9999.0 -9999.0 -9999.0 -9999.0 -9999.0 -9999.0 -9999.0 -9999.0 -9999.0 -9999.0 -9999.0
-9999.0 -9999.0 -9999.0 -9999.0 -9999.0 -9999.0 -9999.0 -9999.0 -9999.0 -9999.0 -9999.0 -9999.0 -9999.0 -9999.0 -9999.0 -9999.0 -9999.0 -9999.0 -9999.0 -9999.0 -615.840366 -614.942509 -616.962123 -619.250803 -621.148394 -621.367326 -619.218543 -616.695129 -613.784346 -613.137315 -615.432220 -614.923404 -615.822868 -616.262029 -616.256287 -615.636563 -615.368358 -614.403336 -613.772280 -614.011071 -614.709972 -615.229764 -615.712637 -615.528407 -614.759103 -615.775617 -614.210729 -612.618478 -612.015393 -612.093395 -614.337767 -615.303729 -615.651450 -617.401059 -614.217965 -613.207432 -610.733897 -610.461590 -610.041176 -612.831692 -615.541676 -9999.0 -9999.0 -9999.0 -9999.0 -9999.0 -9999.0 -9999.0 -9999.0 -9999.0 -9999.0 -9999.0 -9999.0 -9999.0 -9999.0 -9999.0 -9999.0 -9999.0 -9999.0 -9999.0
-9999.0 -9999.0 -9999.0 -9999.0 -9999.0 -9999.0 -9999.0 -9999.0 -9999.0 -9999.0 -9999.0 -9999.0 -9999.0 -9999.0 -619.701181 -620.755117 -621.236499 -621.496009 -619.572704 -618.035574 -617.909265 -619.003947 -618.154731 -620.289857 -622.137069 -620.992147 -619.327273 -617.886221 -615.538721 -613.707902 -615.356586 -615.758724 -614.824802 -611.568407 -610.031803 -610.671024 -614.358524 -610.928233 -609.050276 -607.791384 -607.940609 -609.619147 -607.159504 -604.306122 -605.719008 -608.721619 -608.197058 -606.544144 -603.723937 -605.374976 -614.624580 -615.745430 -615.325544 -615.218192 -616.427492 -617.301530 -614.088205 -614.485332 -615.053945 -615.731029 -617.693188 -620.750810 -622.075557 -618.967488 -616.036157 -610.012973 -9999.0 -9999.0 -9999.0 -9999.0 -9999.0 -9999.0 -9999.0 -9999.0 -9999.0 -9999.0 -9999.0 -9999.0 -9999.0 -9999.0
-9999.0 -9999.0 -9999.0 -9999.0 -9999.0 -9999.0 -9999.0 -9999.0 -9999.0 -621.501376 -621.795192 -621.504780 -622.172016 -621.256972 -622.716735 -622.361363 -622.567496 -621.276615 -620.152034 -618.246466 -615.739314 -617.533397 -617.748343 -616.376582 -616.055520 -615.442325 -614.242927 -609.942680 -604.734216 -596.613352 -603.253827 -603.516649 -599.789850 -585.693686 -571.464278 -566.475856 -574.542396 -574.654144 -564.683208 -551.182381 -549.961930 -550.996232 -534.755217 -523.843998 -516.208369 -532.682895 -548.924211 -551.419243 -532.993566 -563.940357 -585.829353 -601.274343 -600.581005 -605.854766 -611.472323 -613.606938 -614.335727 -610.555285 -612.079202 -615.631270 -618.481263 -617.695548 -619.220979 -617.752179 -616.612092 -612.031519 -607.786441 -603.609003 -603.390948 -606.046555 -9999.0 -9999.0 -9999.0 -9999.0 -9999.0 -9999.0 -9999.0 -9999.0 -9999.0 -9999.0
-9999.0 -9999.0 -9999.0 -9999.0 -9999.0 -9999.0 -623.397846 -623.524356 -622.947850 -624.698289 -623.425871 -624.270846 -623.293604 -622.829100 -622.185560 -622.078132 -620.363673 -618.827138 -616.183910 -612.598290 -609.214288 -610.800494 -609.871108 -604.831941 -594.768021 -584.939722 -578.350070 -565.260652 -510.156668 -454.211924 -431.368035 -421.024260 -409.579076 -378.195107 -323.630382 -304.937182 -325.747751 -341.831783 -323.376395 -278.957806 -194.551564 -193.425914 -187.894325 -181.218214 -154.920401 -159.086426 -272.139998 -303.412187 -314.581397 -325.061859 -369.559598 -415.544950 -471.365606 -527.229464 -572.039704 -590.171592 -593.191087 -590.535380 -597.585092 -606.392217 -611.535938 -611.683862 -612.707528 -614.517071 -613.752619 -611.889274 -608.961083 -607.140043 -608.559154 -610.504092 -612.028640 -615.015784 -614.570612 -611.675305 -9999.0 -9999.0 -9999.0 -9999.0 -9999.0 -9999.0
-9999.0 -9999.0 -9999.0 -9999.0 -626.201176 -625.377445 -627.804612 -626.432644 -625.328877 -624.478834 -624.379752 -622.805227 -622.304086 -621.147856 -618.664926 -616.546296 -612.916563 -610.074593 -602.186963 -585.013479 -566.033510 -552.049038 -540.836044 -471.434494 -405.931779 -365.840459 -349.967513 -323.806185 -274.526528 -148.097922 -153.256443 -114.430676 -133.998258 -75.282303 -33.375502 -7.376776 -58.988949 -25.246224 -25.336361 -17.507132 5.347594 5.641690 6.551559 6.485317 8.444577 10.413663 -8.046928 -38.751345 -48.432989 -95.197582 -72.225938 -132.871499 -242.828706 -281.043542 -306.477273 -348.392620 -405.458159 -430.530934 -500.017758 -548.805259 -579.456793 -588.559503 -596.850707 -601.119897 -606.413684 -605.638491 -604.350585 -607.005593 -610.380231 -613.532834 -614.007109 -615.372243 -616.790564 -613.128696 -611.741606 -607.605464 -9999.0 -9999.0 -9999.0 -9999.0
-9999.0 -9999.0 -626.390524 -626.233397 -623.954466 -625.293106 -626.027609 -627.176038 -626.657817 -624.411276 -619.934532 -617.766504 -614.482591 -612.690340 -605.069443 -584.786460 -554.705556 -520.975699 -447.721566 -391.649458 -340.201224 -296.968884 -215.319850 -187.031959 -123.962012 -118.167903 -56.413928 -74.900946 -15.674937 10.015420 36.511879 47.384085 59.671743 47.750498 50.473162 45.606255 46.411758 41.427980 24.889924 23.024669 30.387459 31.461852 35.946682 23.063344 19.861831 31.683386 34.583671 34.301990 36.830051 44.546662 56.818702 26.984193 -24.672546 -35.987737 -36.261999 -74.984884 -138.971366 -238.777327 -267.553637 -308.114985 -380.652413 -420.929256 -478.435914 -537.969762 -570.394268 -582.941257 -594.457649 -601.279350 -607.285037 -612.578863 -614.235408 -615.251487 -614.610537 -615.069937 -613.106245 -611.556999 -609.312265 -608.431354 -9999.0 -9999.0
-9999.0 -627.016359 -627.691385 -623.556394 -622.724504 -621.731899 -620.231887 -618.949697 -617.765637 -619.379123 -606.929850 -579.589917 -545.107292 -526.168871 -460.050779 -365.489577 -202.625312 -170.150816 -144.000482 -143.027043 -57.866269 -32.567744 1.429758 32.810110 58.760310 48.230580 50.229638 46.051383 38.348996 30.704870 20.235128 29.885604 26.493736 13.084469 1.682816 1.699170 0.079526 -23.470147 -85.035941 -61.029890 -55.739998 -72.572391 -44.728408 -65.130511 -68.834879 -49.182084 -34.045115 -43.573232 -53.807004 -71.761620 -8.646507 6.454629 22.698739 35.990722 57.608297 34.014167 2.333219 -32.742747 -44.869644 -69.053099 -181.703220 -247.823504 -301.016237 -363.870417 -415.663481 -484.883760 -548.881038 -576.565541 -593.999809 -600.231996 -604.050848 -611.373705 -613.349610 -611.952150 -612.922332 -613.040104 -612.148897 -611.442905 -9999.0 -9999.0
-9999.0 -630.478168 -626.786094 -622.223581 -616.269030 -614.875991 -593.503121 -570.867301 -560.360596 -573.077169 -492.524589 -196.015447 -135.112212 -136.245832 -86.621748 -19.593683 21.629952 40.853057 57.960502 45.428950 39.585797 41.887498 37.812063 28.924680 14.893033 7.874814 8.032757 6.236484 -10.967220 -25.570577 -41.369702 -74.920111 -54.543139 -86.888118 -121.292587 -138.702681 -185.547836 -227.615072 -266.082647 -292.835232 -305.002697 -284.220359 -295.508170 -314.966138 -318.765665 -294.292800 -261.205413 -268.237085 -264.361062 -241.979366 -196.218369 -105.990464 -85.286581 -61.916345 -28.225098 6.777809 25.428501 43.172740 51.851583 26.330570 -9.418374 -54.003369 -81.116958 -196.667590 -272.561553 -351.121501 -400.010857 -436.564302 -506.140742 -548.625224 -573.305480 -590.821489 -602.462626 -605.246284 -610.557128 -611.595634 -9999.0 -9999.0 -9999.0 -9999.0
-9999.0 -630.327627 -626.586131 -617.765612 -594.944604 -553.469878 -408.799543 -277.181671 -105.495833 -152.000544 -26.186168 41.719657 50.596456 32.494040 6.497478 2.697590 11.710953 13.811511 9.729789 1.199887 -6.793897 -43.660806 -14.269724 -19.220904 -32.212799 -46.563521 -57.048379 -67.346582 -159.129759 -196.594109 -224.977004 -239.918857 -272.183981 -355.214072 -387.950817 -408.317382 -463.336274 -481.061455 -498.974288 -529.657004 -543.125417 -550.796225 -540.538112 -543.139165 -544.002392 -536.995260 -517.618569 -499.963271 -450.384941 -416.723315 -385.722225 -337.537139 -304.067993 -260.346449 -207.136297 -99.355164 -106.259376 -46.522350 -6.843379 27.289977 48.255789 39.879115 12.363618 -20.320246 -76.122224 -202.355505 -257.441869 -328.362762 -380.721304 -413.904702 -438.168786 -489.635543 -553.907644 -588.359664 -596.415214 -9999.0 -9999.0 -9999.0 -9999.0 -9999.0
-9999.0 -634.703616 -625.910391 -618.514372 -576.651498 -393.184319 -303.482327 -32.434228 18.443618 -49.765872 -156.974778 -69.319860 -35.950699 -37.288398 -62.771703 -74.852156 -76.636725 -77.621737 -64.878590 -103.392103 -180.402866 -199.092245 -200.692970 -212.587761 -234.536192 -253.057753 -267.320576 -288.468765 -341.971846 -382.165071 -431.944072 -460.346913 -535.405958 -571.932777 -586.223859 -597.316286 -607.054636 -606.953059 -604.087464 -606.817829 -609.650702 -612.521460 -609.083711 -607.473707 -605.927678 -607.768340 -607.128697 -602.107389 -593.206200 -582.792098 -564.480448 -529.703536 -478.632640 -420.544404 -394.449742 -345.418495 -299.779411 -252.461173 -176.430558 -52.128699 -25.626197 2.399567 37.563912 57.071902 18.889299 -15.523942 -72.746331 -199.709355 -301.778238 -343.019298 -358.426100 -378.370064 -414.153691 -9999.0 -9999.0 -9999.0 -9999.0 -9999.0 -9999.0 -9999.0
-9999.0 -637.738968 -628.062577 -625.751941 -612.611437 -581.012613 -501.086327 -389.326372 -216.169850 -343.776825 -358.340531 -333.084759 -303.289342 -282.408154 -306.103341 -339.197774 -361.215322 -357.942443 -356.772664 -377.603889 -401.725853 -411.506797 -412.008103 -419.173387 -449.037438 -471.881164 -486.788033 -512.767122 -544.437456 -570.729996 -595.413185 -605.973338 -613.035692 -615.601131 -617.409035 -619.257940 -622.599278 -620.899572 -619.510883 -619.912728 -621.001246 -621.807284 -619.390914 -618.515188 -617.730444 -619.931802 -618.376040 -616.854241 -613.472586 -609.882466 -604.578353 -596.352771 -584.895156 -575.307098 -567.531764 -550.120187 -511.857437 -437.878381 -371.412159 -276.854795 -202.727044 -108.992207 -55.913113 -22.913538 -4.929435 0.833642 10.083048 -14.948143 -274.300701 -308.964677 -311.482384 -9999.0 -9999.0 -9999.0 -9999.0 -9999.0 -9999.0 -9999.0 -9999.0 -9999.0
-9999.0 -9999.0 -639.342145 -635.094638 -630.971728 -626.948734 -621.328289 -613.880950 -607.960724 -599.982497 -586.628322 -568.885607 -554.610524 -546.800406 -556.985190 -574.062973 -582.584980 -582.046115 -584.176512 -588.371711 -595.290589 -597.731595 -599.323895 -600.618443 -603.446954 -604.667392 -605.200093 -606.282835 -608.578283 -613.342815 -617.487526 -620.249462 -623.170345 -623.175573 -623.694768 -624.719899 -624.065343 -624.226134 -623.951002 -624.103303 -623.930585 -623.511332 -622.931644 -622.177547 -622.120093 -621.935079 -621.621091 -620.730079 -619.342789 -617.493621 -613.907168 -608.516130 -604.165745 -603.013053 -605.136776 -604.317331 -600.936613 -592.423365 -560.579584 -476.431177 -395.906750 -331.715146 -261.104898 -213.166079 -193.526412 -132.845598 -58.150204 -209.612413 -360.099667 -348.888115 -9999.0 -9999.0 -9999.0 -9999.0 -9999.0 -9999.0 -9999.0 -9999.0 -9999.0 -9999.0
-9999.0 -9999.0 -9999.0 -9999.0 -640.464724 -635.005682 -630.114039 -630.459589 -626.906561 -624.766861 -622.593376 -619.878277 -617.648839 -616.116968 -618.127567 -618.831949 -619.325668 -619.012643 -619.405867 -620.011413 -620.378036 -620.715783 -620.983351 -621.436474 -621.334730 -620.988304 -620.900144 -621.647725 -621.697136 -623.238356 -623.604807 -624.505089 -625.374338 -626.301800 -626.169382 -626.325138 -625.957094 -626.350880 -625.716030 -626.109398 -625.637806 -625.402847 -624.786489 -623.812810 -624.163038 -623.596036 -623.532918 -622.739107 -622.347875 -620.195881 -616.644964 -612.405749 -609.417498 -609.501350 -613.185471 -614.691600 -615.453802 -613.016461 -608.576414 -598.599845 -569.222845 -519.402979 -436.210576 -398.076726 -372.259335 -329.356362 -289.215100 -281.361552 -9999.0 -9999.0 -9999.0 -9999.0 -9999.0 -9999.0 -9999.0 -9999.0 -9999.0 -9999.0 -9999.0 -9999.0
-9999.0 -9999.0 -9999.0 -9999.0 -9999.0 -9999.0 -638.494390 -635.940453 -636.442520 -634.738332 -633.249921 -631.943207 -629.795268 -630.173804 -629.712399 -628.043529 -628.357886 -629.164575 -630.156379 -628.673959 -628.111595 -627.947162 -629.605290 -629.176915 -629.050129 -628.387581 -628.454980 -628.200137 -629.683487 -628.099872 -627.378184 -627.751287 -628.114445 -627.850893 -628.243488 -627.183120 -627.059176 -627.909626 -628.123078 -626.901142 -626.552231 -626.708317 -626.423191 -625.532811 -624.245876 -624.048339 -624.603900 -625.349689 -623.922243 -620.712582 -616.969912 -613.516596 -611.181045 -610.408229 -613.532662 -617.574767 -619.531832 -619.702771 -617.909341 -614.414915 -605.945384 -599.397064 -593.313936 -585.461629 -575.340366 -511.194506 -9999.0 -9999.0 -9999.0 -9999.0 -9999.0 -9999.0 -9999.0 -9999.0 -9999.0 -9999.0 -9999.0 -9999.0 -9999.0 -9999.0
-9999.0 -9999.0 -9999.0 -9999.0 -9999.0 -9999.0 -9999.0 -9999.0 -9999.0 -9999.0 -9999.0 -9999.0 -9999.0 -9999.0 -9999.0 -9999.0 -9999.0 -9999.0 -9999.0 -9999.0 -9999.0 -9999.0 -9999.0 -9999.0 -9999.0 -9999.0 -9999.0 -9999.0 -9999.0 -9999.0 -9999.0 -9999.0 -9999.0 -9999.0 -9999.0 -9999.0 -9999.0 -9999.0 -9999.0 -9999.0 -9999.0 -9999.0 -9999.0 -9999.0 -9999.0 -9999.0 -9999.0 -9999.0 -9999.0 -9999.0 -9999.0 -9999.0 -9999.0 -9999.0 -9999.0 -9999.0 -9999.0 -9999.0 -9999.0 -9999.0 -9999.0 -9999.0 -9999.0 -9999.0 -9999.0 -9999.0 -9999.0 -9999.0 -9999.0 -9999.0 -9999.0 -9999.0 -9999.0 -9999.0 -9999.0 -9999.0 -9999.0 -9999.0 -9999.0 -9999.0
-9999.0 -9999.0 -9999.0 -9999.0 -9999.0 -9999.0 -9999.0 -9999.0 -9999.0 -9999.0 -9999.0 -9999.0 -9999.0 -9999.0 -9999.0 -9999.0 -9999.0 -9999.0 -9999.0 -9999.0 -9999.0 -9999.0 -9999.0 -9999.0 -9999.0 -9999.0 -9999.0 -9999.0 -9999.0 -9999.0 -9999.0 -9999.0 -9999.0 -9999.0 -9999.0 -9999.0 -9999.0 -9999.0 -9999.0 -9999.0 -9999.0 -9999.0 -9999.0 -9999.0 -9999.0 -9999.0 -9999.0 -9999.0 -9999.0 -9999.0 -9999.0 -9999.0 -9999.0 -9999.0 -9999.0 -9999.0 -9999.0 -9999.0 -9999.0 -9999.0 -9999.0 -9999.0 -9999.0 -9999.0 -9999.0 -9999.0 -9999.0 -9999.0 -9999.0 -9999.0 -9999.0 -9999.0 -9999.0 -9999.0 -9999.0 -9999.0 -9999.0 -9999.0 -9999.0 -9999.0