Borden_/Borden1m_014/output_maps/psiliqL0024N0018.asc
ncols         80
nrows         18
xllcorner     620200.000000
yllcorner     5168000.000000
cellsize      1.000000
NODATA_value  -9999.0
-9999.0 -9999.0 -9999.0 -9999.0 -9999.0 -9999.0 -9999.0 -9999.0 -9999.0 -9999.0 -9999.0 -9999.0 -9999.0 -9999.0 -9999.0 -9999.0 -9999.0 -9999.0 -9999.0 -9999.0 -9999.0 -9999.0 -9999.0 -9999.0 -9999.0 -9999.0 -9999.0 -9999.0 -9999.0 -9999.0 -9999.0 -9999.0 -9999.0 -9999.0 -9999.0 -9999.0 -9999.0 -9999.0 -9999.0 -9999.0 -9999.0 -9999.0 -9999.0 -9999.0 -9999.0 -9999.0 -9999.0 -9999.0 -9999.0 -9999.0 -9999.0 -9999.0 -9999.0 -9999.0 -9999.0 -9999.0 -9999.0 -9999.0 -9999.0 -9999.0 -9999.0 -9999.0 -9999.0 -9999.0 -9999.0 -9999.0 -9999.0 -9999.0 -9999.0 -9999.0 -9999.0 -9999.0 -9999.0 -9999.0 -9999.0 -9999.0 -9999.0 -9999.0 -9999.0 -9999.0
-9999.0 -9999.0 -9999.0 -9999.0 -9999.0 -9999.0 -9999.0 -9999.0 -9999.0 -9999.0 -9999.0 -9999.0 -9999.0 -9999.0 -9999.0 -9999.0 -9999.0 -9999.0 -9999.0 -9999.0 -9999.0 -9999.0 -9999.0 -9999.0 -9999.0 -9999.0 -9999.0 -9999.0 -9999.0 -9999.0 -9999.0 -9999.0 -9999.0 -9999.0 -9999.0 -9999.0 -9999.0 -9999.0 -9999.0 -9999.0 -9999.0 -9999.0 -9999.0 -9999.0 -9999.0 -9999.0 -9999.0 -9999.0 -9999.0 -9999.0 -9999.0 -9999.0 -9999.0 -9999.0 -9999.0 -9999.0 -9999.0 -9999.0 -9999.0 -9999.0 -9999.0 -9999.0 -9999.0 -9999.0 -9999.0 -9999.0 -9999.0 -9999.0 -9999.0 -9999.0 -9999.0 -9999.0 -9999.0 -9999.0 -9999.0 -9999.0 -9999.0 -9999.0 -9999.0 -9999.0
-9999.0 -9999.0 -9999.0 -9999.0 -9999.0 -9999.0 -9999.0 -9999.0 -9999.0 -9999.0 -9999.0 -9999.0 -9999.0 -9999.0 -9999.0 -9999.0 -9999.0 -9999.0 -9999.0 -9999.0 2929.528141 2930.794964 2909.131962 2875.194609 2847.101772 2849.052380 2882.218406 2922.819932 2961.431643 2969.145945 2950.272395 2953.944321 2949.601719 2945.610926 2946.293341 2954.027592 2960.545014 2970.314707 2977.400874 2975.293883 2968.053490 2962.942213 2965.054671 2966.811314 2972.925232 2959.095757 2974.770136 2980.973657 2985.906537 2983.184680 2968.023311 2955.452327 2947.177038 2931.507294 2957.630429 2969.233437 2986.976164 2991.807918 2990.226205 2967.987470 2938.019288 -9999.0 -9999.0 -9999.0 -9999.0 -9999.0 -9999.0 -9999.0 -9999.0 -9999.0 -9999.0 -9999.0 -9999.0 -9999.0 -9999.0 -9999.0 -9999.0 -9999.0 -9999.0 -9999.0
-9999.0 -9999.0 -9999.0 -9999.0 -9999.0 -9999.0 -9999.0 -9999.0 -9999.0 -9999.0 -9999.0 -9999.0 -9999.0 -9999.0 2839.057178 2830.185728 2827.327186 2834.763112 2867.342654 2897.509204 2909.172780 2901.705189 2901.526511 2876.969973 2854.476667 2867.247057 2896.519388 2926.642904 2959.782841 2977.258047 2966.099417 2963.578443 2970.941741 2981.719384 2989.945016 2986.257340 2979.179001 2992.057864 3005.216975 3009.848100 3007.760801 2997.907964 3007.024489 3021.087241 3014.060148 2998.748357 3009.111940 3023.843855 3035.125932 3026.746258 2978.647907 2965.610882 2962.308671 2958.004550 2944.986665 2941.064002 2969.033268 2968.519236 2961.213964 2944.152935 2911.170656 2866.289123 2847.623373 2888.072331 2931.882353 2985.111023 -9999.0 -9999.0 -9999.0 -9999.0 -9999.0 -9999.0 -9999.0 -9999.0 -9999.0 -9999.0 -9999.0 -9999.0 -9999.0 -9999.0
-9999.0 -9999.0 -9999.0 -9999.0 -9999.0 -9999.0 -9999.0 -9999.0 -9999.0 2800.605523 2787.406974 2794.236865 2796.455157 2811.553532 2808.334438 2815.154112 2819.485901 2846.487836 2875.963600 2909.439332 2936.241873 2927.063730 2925.602714 2930.185603 2925.810964 2934.100167 2954.365870 2981.571886 3012.940125 3048.047879 3014.651351 3009.654533 3026.890982 3068.340209 3092.238024 3094.539122 3075.928051 3091.205171 3114.498063 3130.557738 3127.044555 3121.232717 3146.650028 3161.468856 3156.374592 3135.382253 3133.040683 3139.930439 3168.910535 3118.923034 3054.087009 3015.113544 3030.262011 3008.986060 2982.486718 2980.294217 2980.666611 2993.270446 2981.858318 2954.930519 2921.808972 2910.470469 2893.794024 2914.438744 2937.776472 2980.480530 3020.618048 3050.704450 3050.628143 3033.662107 -9999.0 -9999.0 -9999.0 -9999.0 -9999.0 -9999.0 -9999.0 -9999.0 -9999.0 -9999.0
-9999.0 -9999.0 -9999.0 -9999.0 -9999.0 -9999.0 2719.793638 2731.546036 2753.990964 2758.229329 2786.501069 2793.602885 2787.048006 2804.151281 2825.558695 2838.582730 2863.937404 2893.849277 2929.876500 2967.802486 2987.255192 2984.799564 2980.745095 3000.563857 3027.942509 3047.317977 3069.315695 3106.166157 3176.317021 3212.221935 3206.085192 3206.957939 3215.057786 3264.763540 3328.317295 3339.612561 3319.077817 3305.792245 3328.652310 3365.438480 3364.163112 3363.013944 3375.334239 3385.827507 3412.510466 3402.160217 3366.477146 3360.313960 3366.079646 3344.719495 3277.664870 3220.580993 3200.891197 3156.425598 3074.730989 3031.464679 3053.563786 3080.836357 3059.158458 3010.372528 2986.605562 2980.720908 2969.305331 2961.742061 2973.612041 2991.291150 3015.773920 3029.957915 3018.564479 2998.248452 2979.072073 2950.853667 2953.339194 2978.306332 -9999.0 -9999.0 -9999.0 -9999.0 -9999.0 -9999.0
-9999.0 -9999.0 -9999.0 -9999.0 2667.806298 2682.339467 2669.938773 2698.317242 2732.976938 2769.146350 2799.097907 2802.349830 2825.327314 2852.036058 2885.447247 2908.667892 2941.532104 2971.322009 3008.911878 3069.651700 3113.596659 3127.392820 3135.616628 3185.067738 3240.902117 3287.873002 3306.216760 3331.524111 3375.809719 3431.757260 3454.084125 3457.117631 3473.957669 3515.911886 3570.695965 3605.359763 3587.953357 3579.180560 3588.620370 3602.355063 3624.480139 3624.569414 3625.668417 3629.495746 3636.728886 3635.250086 3609.312176 3576.200911 3563.386709 3553.600149 3517.113410 3446.080738 3415.353678 3387.246791 3347.022293 3294.020631 3245.224185 3244.974757 3191.363902 3138.691032 3088.442654 3079.706795 3059.191243 3043.145796 3025.354364 3037.172228 3048.869321 3033.979726 3004.575216 2978.845071 2965.607254 2947.809750 2936.501433 2967.425898 2983.984041 3013.748649 -9999.0 -9999.0 -9999.0 -9999.0
-9999.0 -9999.0 2605.017961 2652.422748 2711.877746 2721.154692 2718.846943 2725.643133 2755.995147 2809.198817 2838.838746 2876.361945 2906.360876 2936.390557 2977.881411 3040.450424 3100.229267 3141.982661 3197.475629 3265.569113 3324.019946 3350.814144 3359.847291 3394.702107 3448.428078 3515.859676 3543.266858 3569.228297 3600.247842 3635.762124 3630.260346 3641.348316 3653.196177 3664.577112 3678.266077 3684.710653 3680.079064 3675.529443 3657.107917 3652.156719 3658.686556 3666.257395 3665.594177 3651.102735 3647.143974 3661.950209 3667.872281 3665.999466 3663.546211 3668.731807 3665.350327 3618.451809 3598.285124 3583.472269 3572.490838 3527.010270 3461.235314 3428.412910 3407.768671 3367.858413 3295.211005 3257.042248 3217.601430 3182.667635 3145.873669 3131.772165 3098.915827 3066.746244 3028.106859 2987.549974 2972.236634 2957.291667 2956.513162 2956.835698 2974.265974 2988.737709 3004.745392 3012.849011 -9999.0 -9999.0
-9999.0 2495.272289 2567.302260 2691.695334 2772.606701 2793.448917 2804.773067 2810.081515 2835.047715 2865.780663 2953.433424 2997.924093 3079.755457 3115.330648 3155.690505 3243.675087 3336.014634 3378.141084 3415.805830 3477.438443 3541.525900 3587.830924 3613.760182 3596.992036 3635.209114 3662.109581 3669.299711 3675.632982 3674.957636 3666.514153 3659.740637 3666.514808 3663.686149 3644.778442 3628.962412 3627.310589 3623.969477 3600.892659 3573.563189 3558.378702 3560.047138 3584.700553 3571.800861 3550.545510 3546.177407 3567.652419 3588.554548 3578.025574 3564.973949 3581.456441 3615.696987 3639.824399 3642.177091 3660.369057 3681.404137 3652.902641 3630.658862 3587.581134 3570.944968 3545.755338 3489.708265 3435.057472 3387.436809 3339.168681 3286.848060 3237.481555 3190.045672 3143.842460 3090.543535 3057.863714 3033.518907 2990.468300 2980.531126 2983.634432 2980.230736 2978.463314 2984.057138 2990.697899 -9999.0 -9999.0
-9999.0 2401.467726 2541.708413 2722.574302 2851.020546 2893.096598 2959.441331 3009.857424 3023.448037 2981.342912 3070.043486 3282.759341 3398.971824 3414.867062 3488.297577 3580.669750 3567.921646 3598.456466 3620.837256 3643.721812 3662.175792 3675.463306 3673.475277 3668.013728 3651.727637 3643.769691 3642.944140 3640.906010 3623.744745 3605.002207 3588.360025 3585.435924 3567.936287 3519.825922 3487.127372 3470.238895 3452.395367 3438.652190 3411.095753 3385.467733 3369.732329 3380.982593 3378.419956 3364.554736 3360.122469 3378.472144 3409.249075 3406.559998 3417.200963 3436.553110 3471.862836 3509.304182 3528.363587 3557.089687 3592.357150 3639.258891 3648.824714 3671.037029 3674.235859 3662.619330 3616.939982 3566.102556 3537.032398 3482.319342 3422.936778 3361.513945 3313.186861 3268.816603 3214.176673 3180.038785 3141.349619 3088.048924 3044.443129 3035.533059 3002.017646 2988.469010 -9999.0 -9999.0 -9999.0 -9999.0
-9999.0 2302.914305 2484.258473 2727.993429 2998.949593 3073.180616 3270.517685 3382.920137 3421.668525 3487.127188 3381.714603 3576.144235 3625.060016 3619.058576 3631.178440 3633.776010 3647.617181 3647.197133 3642.138375 3631.283715 3621.917729 3617.517517 3616.387597 3608.517331 3595.991795 3581.488084 3569.735746 3558.566721 3522.494995 3491.050698 3453.038009 3440.914681 3398.126036 3307.584774 3269.071117 3231.777177 3172.691426 3174.608466 3180.546857 3157.880454 3138.775620 3112.114039 3140.423412 3150.008647 3153.750459 3150.220880 3160.572232 3186.425376 3232.730888 3266.364132 3304.926616 3352.185689 3381.912986 3420.635030 3460.447094 3512.252193 3542.815909 3571.373584 3619.316316 3656.092616 3678.610940 3665.156902 3645.735237 3602.152189 3542.450950 3493.471869 3465.088242 3415.427183 3372.379585 3328.927327 3282.767120 3230.308252 3169.726156 3114.730029 3080.618940 -9999.0 -9999.0 -9999.0 -9999.0 -9999.0
-9999.0 2086.735141 2351.677107 2622.665193 2884.924654 3216.691541 3377.635640 3473.329358 3535.015110 3513.584692 3532.821565 3540.194475 3576.771490 3583.380422 3561.879070 3548.597083 3531.768364 3530.680151 3543.673193 3516.729190 3486.998355 3473.942084 3474.783240 3464.081613 3440.603920 3425.731158 3416.427583 3398.404408 3355.764402 3306.591602 3224.248070 3191.825024 3116.361204 3076.345903 3039.893144 2993.801173 2959.455653 2964.344343 2978.814541 2978.831706 2958.339637 2941.380398 2970.320865 2981.129688 2993.957505 2978.327093 2984.957427 3018.825066 3064.731389 3104.444630 3147.807434 3194.031867 3234.967670 3274.061083 3295.545563 3335.349969 3376.779869 3417.802118 3487.052539 3563.942899 3598.878934 3632.859282 3662.424740 3684.005849 3641.577230 3614.703370 3591.480894 3568.641583 3523.137455 3478.178443 3437.679208 3374.186155 3314.751117 -9999.0 -9999.0 -9999.0 -9999.0 -9999.0 -9999.0 -9999.0
-9999.0 1972.472079 2170.154079 2368.412263 2626.231241 2832.143019 3040.906693 3131.146644 3199.577908 3263.450128 3313.267882 3349.328879 3374.956511 3396.046192 3373.338570 3328.586879 3297.006204 3301.803845 3293.746364 3272.558556 3245.017304 3232.176775 3229.951797 3225.217385 3204.033676 3193.709947 3187.007574 3170.394192 3144.879889 3093.127174 3022.160925 2960.733792 2907.167448 2886.410277 2863.252151 2836.020942 2808.728309 2821.862240 2834.535980 2834.629271 2827.886623 2827.843398 2856.883513 2876.177257 2885.686824 2874.678943 2892.872017 2916.288618 2953.547319 2984.895090 3028.931360 3078.300623 3126.047103 3146.261486 3149.001681 3161.382088 3187.960375 3231.038690 3306.870465 3391.892453 3467.554887 3512.155594 3562.250245 3601.473485 3628.747813 3655.127426 3676.332307 3668.484703 3643.302411 3610.434056 3552.781401 -9999.0 -9999.0 -9999.0 -9999.0 -9999.0 -9999.0 -9999.0 -9999.0 -9999.0
-9999.0 -9999.0 1943.633046 2100.583248 2205.235477 2371.930050 2518.465867 2630.005000 2734.815789 2821.961914 2940.785210 3020.820056 3065.789754 3080.840442 3066.749430 3037.688225 3019.949414 3019.658006 3008.352096 3001.635192 2986.849256 2981.657378 2981.584181 2974.283078 2969.625338 2968.669248 2966.484966 2958.725720 2941.975121 2900.587254 2862.707827 2818.588278 2816.857122 2792.489388 2771.604590 2751.964858 2753.553986 2747.264122 2751.531154 2753.671470 2762.617577 2776.497986 2796.068491 2790.277212 2799.746744 2809.624840 2820.560990 2842.235339 2872.183154 2912.010078 2963.188345 3011.154274 3046.355676 3052.960912 3035.233422 3030.615314 3039.243064 3068.514068 3132.302655 3199.968571 3288.077494 3352.489381 3418.723335 3473.849191 3499.992346 3536.353526 3605.332091 3653.266637 3694.190751 3671.875129 -9999.0 -9999.0 -9999.0 -9999.0 -9999.0 -9999.0 -9999.0 -9999.0 -9999.0 -9999.0
-9999.0 -9999.0 -9999.0 -9999.0 1962.701562 2111.794078 2210.583032 2292.340111 2427.569190 2558.981457 2667.546717 2756.377408 2826.503932 2796.582833 2796.539512 2811.635081 2810.190843 2801.441798 2790.705209 2794.693783 2798.752396 2792.865512 2840.343721 2832.152853 2833.387867 2838.694680 2835.000761 2820.691940 2801.439958 2784.598021 2769.092589 2736.663652 2703.478440 2674.714164 2661.586767 2657.199250 2656.405389 2647.903707 2655.716474 2664.095000 2679.777842 2694.893922 2718.460533 2747.731520 2762.829456 2778.431467 2788.437321 2808.696900 2810.349397 2861.513634 2923.047666 2979.119620 3007.431196 3007.555726 2985.806124 2964.919390 2953.725233 2972.526641 2992.326220 3043.601258 3132.450902 3192.867658 3238.611235 3277.734617 3313.893679 3377.774103 3470.491529 3550.779857 -9999.0 -9999.0 -9999.0 -9999.0 -9999.0 -9999.0 -9999.0 -9999.0 -9999.0 -9999.0 -9999.0 -9999.0
-9999.0 -9999.0 -9999.0 -9999.0 -9999.0 -9999.0 1938.922294 2045.154173 2115.718084 2268.622258 2413.988003 2523.113589 2608.316464 2645.305287 2680.250129 2711.954201 2713.455359 2694.182743 2672.978475 2694.231322 2712.185074 2705.004737 2672.476374 2672.254358 2677.325960 2683.661974 2679.889668 2672.954805 2647.578516 2662.870874 2666.076704 2642.818516 2617.005345 2603.646108 2591.670524 2600.966829 2600.509875 2585.676523 2584.406444 2611.851462 2632.705629 2645.592760 2666.793757 2700.193676 2733.160881 2749.557716 2751.564815 2757.725671 2796.000563 2838.507502 2909.032364 2963.650629 2989.833134 2994.303362 2969.492875 2925.332992 2900.014714 2900.065341 2925.677159 2966.661008 3016.176720 3052.427534 3064.270250 3066.261514 3078.987758 3175.425093 -9999.0 -9999.0 -9999.0 -9999.0 -9999.0 -9999.0 -9999.0 -9999.0 -9999.0 -9999.0 -9999.0 -9999.0 -9999.0 -9999.0
-9999.0 -9999.0 -9999.0 -9999.0 -9999.0 -9999.0 -9999.0 -9999.0 -9999.0 -9999.0 -9999.0 -9999.0 -9999.0 -9999.0 -9999.0 -9999.0 -9999.0 -9999.0 -9999.0 -9999.0 -9999.0 -9999.0 -9999.0 -9999.0 -9999.0 -9999.0 -9999.0 -9999.0 -9999.0 -9999.0 -9999.0 -9999.0 -9999.0 -9999.0 -9999.0 -9999.0 -9999.0 -9999.0 -9999.0 -9999.0 -9999.0 -9999.0 -9999.0 -9999.0 -9999.0 -9999.0 -9999.0 -9999.0 -9999.0 -9999.0 -9999.0 -9999.0 -9999.0 -9999.0 -9999.0 -9999.0 -9999.0 -9999.0 -9999.0 -9999.0 -9999.0 -9999.0 -9999.0 -9999.0 -9999.0 -9999.0 -9999.0 -9999.0 -9999.0 -9999.0 -9999.0 -9999.0 -9999.0 -9999.0 -9999.0 -9999.0 -9999.0 -9999.0 -9999.0 -9999.0
-9999.0 -9999.0 -9999.0 -9999.0 -9999.0 -9999.0 -9999.0 -9999.0 -9999.0 -9999.0 -9999.0 -9999.0 -9999.0 -9999.0 -9999.0 -9999.0 -9999.0 -9999.0 -9999.0 -9999.0 -9999.0 -9999.0 -9999.0 -9999.0 -9999.0 -9999.0 -9999.0 -9999.0 -9999.0 -9999.0 -9999.0 -9999.0 -9999.0 -9999.0 -9999.0 -9999.0 -9999.0 -9999.0 -9999.0 -9999.0 -9999.0 -9999.0 -9999.0 -9999.0 -9999.0 -9999.0 -9999.0 -9999.0 -9999.0 -9999.0 -9999.0 -9999.0 -9999.0 -9999.0 -9999.0 -9999.0 -9999.0 -9999.0 -9999.0 -9999.0 -9999.0 -9999.0 -9999.0 -9999.0 -9999.0 -9999.0 -9999.0 -9999.0 -9999.0 -9999.0 -9999.0 -9999.0 -9999.0 -9999.0 -9999.0 -9999.0 -9999.0 -9999.0 -9999.0 -9999.0