Borden_/Borden1m_014/output_maps/psiliqL0022N0003.asc
ncols         80
nrows         18
xllcorner     620200.000000
yllcorner     5168000.000000
cellsize      1.000000
NODATA_value  -9999.0
-9999.0 -9999.0 -9999.0 -9999.0 -9999.0 -9999.0 -9999.0 -9999.0 -9999.0 -9999.0 -9999.0 -9999.0 -9999.0 -9999.0 -9999.0 -9999.0 -9999.0 -9999.0 -9999.0 -9999.0 -9999.0 -9999.0 -9999.0 -9999.0 -9999.0 -9999.0 -9999.0 -9999.0 -9999.0 -9999.0 -9999.0 -9999.0 -9999.0 -9999.0 -9999.0 -9999.0 -9999.0 -9999.0 -9999.0 -9999.0 -9999.0 -9999.0 -9999.0 -9999.0 -9999.0 -9999.0 -9999.0 -9999.0 -9999.0 -9999.0 -9999.0 -9999.0 -9999.0 -9999.0 -9999.0 -9999.0 -9999.0 -9999.0 -9999.0 -9999.0 -9999.0 -9999.0 -9999.0 -9999.0 -9999.0 -9999.0 -9999.0 -9999.0 -9999.0 -9999.0 -9999.0 -9999.0 -9999.0 -9999.0 -9999.0 -9999.0 -9999.0 -9999.0 -9999.0 -9999.0
-9999.0 -9999.0 -9999.0 -9999.0 -9999.0 -9999.0 -9999.0 -9999.0 -9999.0 -9999.0 -9999.0 -9999.0 -9999.0 -9999.0 -9999.0 -9999.0 -9999.0 -9999.0 -9999.0 -9999.0 -9999.0 -9999.0 -9999.0 -9999.0 -9999.0 -9999.0 -9999.0 -9999.0 -9999.0 -9999.0 -9999.0 -9999.0 -9999.0 -9999.0 -9999.0 -9999.0 -9999.0 -9999.0 -9999.0 -9999.0 -9999.0 -9999.0 -9999.0 -9999.0 -9999.0 -9999.0 -9999.0 -9999.0 -9999.0 -9999.0 -9999.0 -9999.0 -9999.0 -9999.0 -9999.0 -9999.0 -9999.0 -9999.0 -9999.0 -9999.0 -9999.0 -9999.0 -9999.0 -9999.0 -9999.0 -9999.0 -9999.0 -9999.0 -9999.0 -9999.0 -9999.0 -9999.0 -9999.0 -9999.0 -9999.0 -9999.0 -9999.0 -9999.0 -9999.0 -9999.0
-9999.0 -9999.0 -9999.0 -9999.0 -9999.0 -9999.0 -9999.0 -9999.0 -9999.0 -9999.0 -9999.0 -9999.0 -9999.0 -9999.0 -9999.0 -9999.0 -9999.0 -9999.0 -9999.0 -9999.0 2535.217057 2537.021420 2515.770900 2482.566083 2455.318696 2458.217531 2492.615246 2534.352745 2574.126634 2583.577670 2566.094777 2570.418886 2566.489988 2562.961462 2563.836359 2571.196708 2577.175956 2586.833674 2593.927452 2591.999111 2584.926285 2579.856578 2581.749191 2584.029065 2590.265529 2577.106001 2592.349958 2608.083191 2612.515919 2608.420384 2582.965163 2568.960878 2559.508052 2542.813268 2567.635168 2578.451067 2600.314538 2603.712569 2601.002190 2573.743363 2543.415306 -9999.0 -9999.0 -9999.0 -9999.0 -9999.0 -9999.0 -9999.0 -9999.0 -9999.0 -9999.0 -9999.0 -9999.0 -9999.0 -9999.0 -9999.0 -9999.0 -9999.0 -9999.0 -9999.0
-9999.0 -9999.0 -9999.0 -9999.0 -9999.0 -9999.0 -9999.0 -9999.0 -9999.0 -9999.0 -9999.0 -9999.0 -9999.0 -9999.0 2444.144873 2435.422521 2433.053461 2441.238382 2474.548716 2505.101613 2516.804090 2509.826794 2510.349771 2486.865276 2465.801790 2479.952695 2510.488448 2541.988990 2576.776059 2596.428637 2586.747486 2585.368488 2593.798242 2615.905430 2625.243760 2621.511680 2602.472852 2626.622916 2640.255619 2645.538439 2643.725674 2634.242558 2644.227608 2659.131548 2652.720619 2637.214285 2646.385520 2660.080163 2670.839922 2660.373339 2599.227007 2583.904888 2579.116494 2573.125170 2558.817736 2553.583547 2580.093881 2578.378943 2569.829490 2551.781730 2518.277892 2473.183331 2453.843066 2493.150559 2536.275535 2592.234074 -9999.0 -9999.0 -9999.0 -9999.0 -9999.0 -9999.0 -9999.0 -9999.0 -9999.0 -9999.0 -9999.0 -9999.0 -9999.0 -9999.0
-9999.0 -9999.0 -9999.0 -9999.0 -9999.0 -9999.0 -9999.0 -9999.0 -9999.0 2385.707756 2391.538707 2399.150917 2402.208195 2417.961357 2415.025818 2422.343265 2427.853170 2455.594651 2486.105322 2520.568420 2548.193163 2540.048402 2539.752796 2546.575828 2545.262568 2555.892290 2578.123421 2618.549225 2652.996581 2692.116183 2662.375730 2659.844169 2678.548228 2721.581577 2747.047875 2749.619527 2730.564881 2744.265504 2767.596002 2784.569587 2781.491383 2776.354527 2800.954961 2816.501697 2813.867988 2793.503187 2789.709387 2794.569539 2822.091533 2770.983541 2704.407663 2661.041766 2671.413305 2647.096286 2616.347406 2600.252279 2598.647234 2618.076387 2603.874093 2567.321497 2532.659583 2520.333016 2502.352910 2521.175286 2543.348104 2588.779161 2627.669567 2656.323447 2655.200196 2637.481873 -9999.0 -9999.0 -9999.0 -9999.0 -9999.0 -9999.0 -9999.0 -9999.0 -9999.0 -9999.0
-9999.0 -9999.0 -9999.0 -9999.0 -9999.0 -9999.0 2306.111234 2316.831734 2338.106285 2341.904978 2368.655266 2375.211056 2395.526262 2414.083951 2436.144315 2450.571431 2477.790015 2509.392882 2547.296146 2587.448262 2618.169885 2608.995118 2618.130942 2641.524752 2674.309233 2698.834892 2724.587558 2765.270314 2785.214963 2821.235801 2817.190177 2818.535429 2826.752385 2875.987866 2939.309829 2951.184780 2930.773866 2917.199834 2939.198642 2975.295816 2974.895758 2973.839106 2983.953996 2994.060783 3020.606134 3010.894390 2976.655399 2969.337535 2973.820427 2953.971340 2888.836217 2831.268104 2809.766378 2814.699520 2731.758083 2683.536690 2699.486889 2721.765808 2695.620712 2644.177027 2606.399635 2597.628107 2583.594457 2573.195758 2582.592130 2603.287369 2625.534184 2637.419620 2624.244160 2602.581337 2580.007319 2551.281148 2553.364735 2578.236063 -9999.0 -9999.0 -9999.0 -9999.0 -9999.0 -9999.0
-9999.0 -9999.0 -9999.0 -9999.0 2255.561467 2268.842237 2255.530507 2282.182556 2315.349218 2350.049662 2379.771801 2414.500124 2440.274157 2469.117521 2504.690014 2531.012137 2566.950590 2599.579137 2651.169218 2716.584452 2764.726225 2782.810714 2795.356996 2795.179491 2851.130536 2898.573875 2916.861663 2941.789384 2982.990260 3038.471911 3061.021144 3064.446591 3081.219515 3121.579920 3174.555535 3208.661195 3191.551884 3183.092174 3191.722762 3204.754404 3226.859454 3226.976497 3228.051191 3231.487000 3238.186500 3237.065504 3211.937412 3179.206739 3166.567809 3157.168374 3122.593372 3052.760700 3021.224971 2994.029677 2957.870488 2905.976094 2854.774311 2852.247548 2799.315298 2793.696407 2737.240557 2721.623611 2694.890688 2673.327251 2650.766725 2657.349055 2664.270686 2645.569431 2613.245255 2581.459358 2566.976531 2548.392397 2536.797902 2567.352038 2584.973570 2614.689843 -9999.0 -9999.0 -9999.0 -9999.0
-9999.0 -9999.0 2195.910270 2242.414013 2299.658326 2307.148375 2303.715198 2308.840896 2337.438122 2389.169548 2457.771090 2500.241330 2535.222361 2568.284159 2624.225454 2691.081357 2755.878007 2801.665673 2807.888979 2875.183363 2933.395241 2960.521946 2970.072922 3002.837284 3055.530685 3120.981335 3147.656671 3173.019534 3203.080946 3237.422498 3235.152705 3246.744450 3257.885879 3267.558010 3279.665554 3285.262515 3280.932606 3276.450632 3258.208735 3253.539722 3260.125962 3267.134705 3266.890251 3252.628701 3248.686232 3263.252826 3268.785982 3267.174986 3265.195885 3270.741956 3268.769850 3223.708092 3200.311310 3186.012568 3175.947071 3131.301735 3066.641867 3033.134262 3013.452694 2976.075115 2903.961232 2864.379872 2824.248777 2788.424320 2785.931006 2763.931344 2723.807698 2686.075701 2642.266838 2597.565197 2575.058813 2558.580655 2556.908830 2556.921092 2574.011327 2589.497716 2605.230927 2613.205299 -9999.0 -9999.0
-9999.0 2088.247620 2159.543762 2282.516168 2360.975067 2401.027514 2418.736130 2430.639330 2459.779207 2493.085218 2587.049359 2652.525644 2740.478672 2780.786522 2826.465914 2857.553232 2948.101753 2987.801084 3024.133616 3083.495043 3145.734123 3191.140387 3216.621605 3205.031892 3241.736481 3265.365102 3271.476256 3277.015349 3275.523121 3267.162058 3260.050423 3266.953387 3264.299976 3245.755088 3230.283263 3228.764955 3225.506018 3202.747836 3175.697345 3160.886921 3162.919096 3187.144616 3174.562573 3153.465211 3149.160487 3170.389376 3190.660776 3180.345033 3167.433379 3183.774792 3217.546582 3240.703993 3244.509753 3262.290235 3283.228401 3255.383472 3232.052891 3189.936959 3173.659235 3148.745095 3093.671259 3039.159209 2992.002426 2944.891531 2892.113910 2841.688044 2793.912040 2774.183217 2713.367657 2674.774749 2645.977363 2598.875176 2582.041875 2586.545901 2580.029962 2578.111609 2584.568702 2591.065034 -9999.0 -9999.0
-9999.0 1997.000556 2136.644407 2315.920443 2460.240299 2507.275711 2583.502503 2651.080775 2674.222502 2631.812729 2738.760631 2900.750579 3009.959511 3024.253362 3095.529686 3184.959714 3177.542795 3207.192255 3228.668373 3248.257094 3264.126051 3276.264091 3273.978433 3268.185779 3252.146465 3244.245741 3243.486384 3241.534217 3224.665362 3206.185630 3189.741614 3187.095852 3170.147380 3123.605211 3091.495378 3075.272682 3058.738512 3044.603497 3016.641190 2991.414029 2977.912265 2988.782110 2985.291127 2972.295511 2967.850493 2985.143971 3015.822849 3012.273545 3021.625273 3040.699685 3075.881868 3112.532397 3131.380082 3159.695279 3194.562603 3240.248801 3250.725836 3272.688679 3276.190197 3263.251267 3218.554399 3168.506518 3139.774586 3085.722868 3026.466184 2966.381223 2918.244731 2873.787875 2819.331106 2784.689330 2760.056624 2702.186376 2653.799967 2640.506730 2605.005307 2589.798463 -9999.0 -9999.0 -9999.0 -9999.0
-9999.0 1902.219179 2083.722534 2327.694781 2614.617491 2699.140723 2881.718051 2992.790066 3032.016197 3095.615526 3005.834776 3187.153556 3231.775927 3224.665939 3232.784794 3234.724191 3248.081144 3247.905214 3242.866821 3232.188020 3223.064701 3218.852209 3217.644335 3209.821264 3197.404999 3183.026790 3171.461863 3160.583650 3125.137532 3094.224639 3057.544241 3045.808739 3005.000548 2917.025811 2878.461942 2842.345703 2784.799269 2785.843286 2789.970065 2814.554207 2794.183936 2766.008839 2792.315829 2802.329277 2806.071711 2803.128584 2815.572951 2794.902979 2839.734051 2872.855055 2911.390921 2958.224136 2986.083978 3024.473093 3064.432782 3115.805551 3145.773226 3174.020861 3220.933152 3257.467814 3279.766845 3266.953199 3246.601427 3204.201231 3145.031815 3096.369118 3068.548959 3019.662777 2977.385009 2933.717969 2887.620445 2835.203238 2783.403571 2721.787114 2685.397092 -9999.0 -9999.0 -9999.0 -9999.0 -9999.0
-9999.0 1693.533235 1957.615397 2228.904104 2514.343541 2838.124214 2988.107374 3085.878369 3146.088436 3120.142453 3135.118519 3143.592828 3179.640054 3185.572188 3163.979077 3151.293508 3135.298917 3134.211718 3147.130528 3120.596707 3091.402505 3078.641282 3079.415493 3068.699649 3045.593965 3030.705170 3021.350415 3003.784178 2962.765154 2914.358511 2833.383305 2802.733369 2781.885283 2736.398686 2695.528450 2646.103646 2596.609214 2598.302788 2619.057983 2606.509271 2584.410685 2566.125615 2594.162999 2614.854897 2627.868132 2613.308071 2620.948811 2655.209876 2703.678843 2747.127159 2794.748204 2799.436365 2839.813760 2879.271368 2901.769142 2942.490039 2982.161736 3022.774947 3091.293134 3166.745351 3200.683181 3234.027632 3264.293029 3285.548904 3243.565242 3216.080462 3193.344349 3171.104791 3126.247240 3081.675698 3041.220511 2978.792208 2919.520645 -9999.0 -9999.0 -9999.0 -9999.0 -9999.0 -9999.0 -9999.0
-9999.0 1576.437238 1777.013861 1979.105786 2237.413887 2468.085430 2681.220980 2779.828162 2821.786845 2878.241250 2923.797080 2958.362849 2982.869846 3003.503898 2980.667184 2938.465919 2907.520318 2912.126520 2904.983873 2883.421716 2855.773120 2842.761128 2840.681928 2835.727113 2814.229972 2803.483614 2796.546355 2827.724144 2800.420864 2746.412049 2671.275143 2595.781027 2539.596113 2515.105260 2489.368782 2460.030774 2430.287624 2441.561786 2452.588832 2451.095225 2442.769112 2441.514353 2470.216008 2489.202394 2498.787585 2487.699802 2506.288048 2530.727730 2569.606634 2611.723524 2658.751155 2710.314352 2761.587875 2787.054518 2796.243000 2815.406174 2795.239063 2838.784329 2914.780173 2997.836786 3071.607020 3115.400734 3164.876340 3203.334680 3229.737807 3257.658972 3277.646900 3268.870666 3244.465827 3212.079468 3155.484998 -9999.0 -9999.0 -9999.0 -9999.0 -9999.0 -9999.0 -9999.0 -9999.0 -9999.0
-9999.0 -9999.0 1548.341477 1707.464379 1815.610297 1980.754315 2122.971433 2229.741680 2326.837256 2460.690817 2578.576732 2670.911992 2716.489290 2733.877211 2721.401716 2693.839586 2676.186804 2676.563249 2666.084798 2658.877733 2643.000001 2636.524340 2622.738605 2613.764937 2605.919958 2601.734312 2597.095565 2588.239054 2569.811097 2526.687308 2485.703327 2439.167019 2389.818593 2366.704732 2347.186066 2328.611631 2330.765550 2326.002465 2331.185778 2333.415369 2341.916899 2355.398696 2374.882677 2397.345747 2406.969181 2416.596595 2427.984136 2450.310774 2481.403003 2522.061402 2574.364274 2630.999933 2669.042436 2679.253777 2666.003853 2666.443534 2680.055655 2716.892559 2790.024069 2808.320444 2895.327215 2959.047545 3023.430496 3077.803747 3103.446571 3139.785420 3207.500949 3255.342482 3294.723121 3272.494505 -9999.0 -9999.0 -9999.0 -9999.0 -9999.0 -9999.0 -9999.0 -9999.0 -9999.0 -9999.0
-9999.0 -9999.0 -9999.0 -9999.0 1564.612710 1712.515287 1807.909984 1886.940531 2017.890406 2144.177854 2247.910466 2333.340468 2399.646929 2426.746387 2426.732235 2440.184017 2438.568144 2431.005920 2421.005312 2424.102917 2427.039861 2420.404924 2404.377221 2397.294820 2399.475927 2405.715950 2403.469691 2390.731948 2373.546132 2357.147031 2342.339001 2311.210001 2278.515644 2251.154645 2239.433769 2235.997172 2236.436648 2229.195958 2237.823223 2246.273342 2261.971228 2277.091531 2300.563605 2329.781502 2343.993509 2358.534136 2367.336117 2386.336749 2415.613963 2467.697651 2529.909499 2586.600866 2621.886798 2624.470722 2598.024757 2579.582312 2571.728963 2594.782823 2633.446198 2692.545075 2789.713444 2799.172559 2845.969932 2885.999565 2922.174346 2983.526157 3074.307302 3153.562888 -9999.0 -9999.0 -9999.0 -9999.0 -9999.0 -9999.0 -9999.0 -9999.0 -9999.0 -9999.0 -9999.0 -9999.0
-9999.0 -9999.0 -9999.0 -9999.0 -9999.0 -9999.0 1532.124085 1635.368115 1706.117783 1852.657047 1991.729098 2096.445529 2178.426416 2212.873544 2244.511530 2274.105612 2274.269578 2255.135884 2234.702000 2255.698101 2273.165684 2267.067395 2235.686390 2236.343413 2242.387795 2250.335551 2248.201693 2242.793681 2219.072996 2235.038953 2239.298622 2217.707756 2193.355332 2181.318279 2170.565657 2181.080280 2181.785234 2168.059606 2167.829307 2195.550344 2216.418248 2229.367847 2250.575586 2283.633410 2315.900459 2331.196531 2331.993799 2336.873513 2374.378551 2443.144432 2514.166254 2569.121385 2600.820690 2607.276091 2578.768382 2536.516091 2513.658507 2517.085936 2546.905941 2593.039986 2663.480427 2707.687921 2728.838136 2739.924857 2759.244746 2784.354228 -9999.0 -9999.0 -9999.0 -9999.0 -9999.0 -9999.0 -9999.0 -9999.0 -9999.0 -9999.0 -9999.0 -9999.0 -9999.0 -9999.0
-9999.0 -9999.0 -9999.0 -9999.0 -9999.0 -9999.0 -9999.0 -9999.0 -9999.0 -9999.0 -9999.0 -9999.0 -9999.0 -9999.0 -9999.0 -9999.0 -9999.0 -9999.0 -9999.0 -9999.0 -9999.0 -9999.0 -9999.0 -9999.0 -9999.0 -9999.0 -9999.0 -9999.0 -9999.0 -9999.0 -9999.0 -9999.0 -9999.0 -9999.0 -9999.0 -9999.0 -9999.0 -9999.0 -9999.0 -9999.0 -9999.0 -9999.0 -9999.0 -9999.0 -9999.0 -9999.0 -9999.0 -9999.0 -9999.0 -9999.0 -9999.0 -9999.0 -9999.0 -9999.0 -9999.0 -9999.0 -9999.0 -9999.0 -9999.0 -9999.0 -9999.0 -9999.0 -9999.0 -9999.0 -9999.0 -9999.0 -9999.0 -9999.0 -9999.0 -9999.0 -9999.0 -9999.0 -9999.0 -9999.0 -9999.0 -9999.0 -9999.0 -9999.0 -9999.0 -9999.0
-9999.0 -9999.0 -9999.0 -9999.0 -9999.0 -9999.0 -9999.0 -9999.0 -9999.0 -9999.0 -9999.0 -9999.0 -9999.0 -9999.0 -9999.0 -9999.0 -9999.0 -9999.0 -9999.0 -9999.0 -9999.0 -9999.0 -9999.0 -9999.0 -9999.0 -9999.0 -9999.0 -9999.0 -9999.0 -9999.0 -9999.0 -9999.0 -9999.0 -9999.0 -9999.0 -9999.0 -9999.0 -9999.0 -9999.0 -9999.0 -9999.0 -9999.0 -9999.0 -9999.0 -9999.0 -9999.0 -9999.0 -9999.0 -9999.0 -9999.0 -9999.0 -9999.0 -9999.0 -9999.0 -9999.0 -9999.0 -9999.0 -9999.0 -9999.0 -9999.0 -9999.0 -9999.0 -9999.0 -9999.0 -9999.0 -9999.0 -9999.0 -9999.0 -9999.0 -9999.0 -9999.0 -9999.0 -9999.0 -9999.0 -9999.0 -9999.0 -9999.0 -9999.0 -9999.0 -9999.0