Borden_/Borden1m_014/output_maps/psiliqL0002N0018.asc
ncols         80
nrows         18
xllcorner     620200.000000
yllcorner     5168000.000000
cellsize      1.000000
NODATA_value  -9999.0
-9999.0 -9999.0 -9999.0 -9999.0 -9999.0 -9999.0 -9999.0 -9999.0 -9999.0 -9999.0 -9999.0 -9999.0 -9999.0 -9999.0 -9999.0 -9999.0 -9999.0 -9999.0 -9999.0 -9999.0 -9999.0 -9999.0 -9999.0 -9999.0 -9999.0 -9999.0 -9999.0 -9999.0 -9999.0 -9999.0 -9999.0 -9999.0 -9999.0 -9999.0 -9999.0 -9999.0 -9999.0 -9999.0 -9999.0 -9999.0 -9999.0 -9999.0 -9999.0 -9999.0 -9999.0 -9999.0 -9999.0 -9999.0 -9999.0 -9999.0 -9999.0 -9999.0 -9999.0 -9999.0 -9999.0 -9999.0 -9999.0 -9999.0 -9999.0 -9999.0 -9999.0 -9999.0 -9999.0 -9999.0 -9999.0 -9999.0 -9999.0 -9999.0 -9999.0 -9999.0 -9999.0 -9999.0 -9999.0 -9999.0 -9999.0 -9999.0 -9999.0 -9999.0 -9999.0 -9999.0
-9999.0 -9999.0 -9999.0 -9999.0 -9999.0 -9999.0 -9999.0 -9999.0 -9999.0 -9999.0 -9999.0 -9999.0 -9999.0 -9999.0 -9999.0 -9999.0 -9999.0 -9999.0 -9999.0 -9999.0 -9999.0 -9999.0 -9999.0 -9999.0 -9999.0 -9999.0 -9999.0 -9999.0 -9999.0 -9999.0 -9999.0 -9999.0 -9999.0 -9999.0 -9999.0 -9999.0 -9999.0 -9999.0 -9999.0 -9999.0 -9999.0 -9999.0 -9999.0 -9999.0 -9999.0 -9999.0 -9999.0 -9999.0 -9999.0 -9999.0 -9999.0 -9999.0 -9999.0 -9999.0 -9999.0 -9999.0 -9999.0 -9999.0 -9999.0 -9999.0 -9999.0 -9999.0 -9999.0 -9999.0 -9999.0 -9999.0 -9999.0 -9999.0 -9999.0 -9999.0 -9999.0 -9999.0 -9999.0 -9999.0 -9999.0 -9999.0 -9999.0 -9999.0 -9999.0 -9999.0
-9999.0 -9999.0 -9999.0 -9999.0 -9999.0 -9999.0 -9999.0 -9999.0 -9999.0 -9999.0 -9999.0 -9999.0 -9999.0 -9999.0 -9999.0 -9999.0 -9999.0 -9999.0 -9999.0 -9999.0 -511.404662 -510.316593 -512.289573 -514.457253 -516.375111 -516.701777 -514.618246 -512.366704 -509.735984 -509.345325 -511.735809 -511.022594 -512.019080 -512.690912 -512.844709 -512.180495 -511.825169 -511.019569 -510.558559 -510.910094 -511.607061 -512.047067 -512.557825 -512.493838 -511.629214 -512.778195 -511.180978 -509.730313 -509.298865 -509.117215 -510.867857 -511.486587 -511.681086 -513.607810 -510.157021 -509.357979 -507.085343 -506.968871 -506.380270 -508.914479 -511.416348 -9999.0 -9999.0 -9999.0 -9999.0 -9999.0 -9999.0 -9999.0 -9999.0 -9999.0 -9999.0 -9999.0 -9999.0 -9999.0 -9999.0 -9999.0 -9999.0 -9999.0 -9999.0 -9999.0
-9999.0 -9999.0 -9999.0 -9999.0 -9999.0 -9999.0 -9999.0 -9999.0 -9999.0 -9999.0 -9999.0 -9999.0 -9999.0 -9999.0 -514.265880 -515.466673 -516.052906 -516.586796 -514.714014 -513.382703 -513.601377 -514.851052 -513.670879 -515.949358 -518.025736 -516.800256 -515.273192 -514.273719 -512.331206 -510.771507 -512.382209 -512.784599 -512.018769 -509.056230 -507.911488 -508.632323 -512.428584 -508.896386 -507.377933 -506.405922 -506.545511 -508.284635 -506.048736 -503.418847 -504.870594 -507.666707 -506.981852 -505.479760 -502.908047 -503.834384 -512.479388 -512.911080 -512.269425 -511.845651 -513.017292 -513.944379 -510.504440 -511.166020 -511.606892 -511.834107 -513.447649 -516.437139 -517.867064 -514.545934 -511.992907 -506.345306 -9999.0 -9999.0 -9999.0 -9999.0 -9999.0 -9999.0 -9999.0 -9999.0 -9999.0 -9999.0 -9999.0 -9999.0 -9999.0 -9999.0
-9999.0 -9999.0 -9999.0 -9999.0 -9999.0 -9999.0 -9999.0 -9999.0 -9999.0 -515.733139 -516.145468 -515.856235 -516.776159 -515.792087 -517.779723 -517.408236 -517.895799 -516.618093 -515.820671 -514.213401 -511.776792 -513.824353 -514.126185 -512.814934 -512.843208 -512.575671 -511.808386 -508.080287 -504.074241 -496.941420 -503.520128 -503.777606 -500.337138 -486.465878 -475.025969 -472.062001 -477.685548 -477.731089 -470.493328 -461.904356 -462.756412 -463.740631 -454.359519 -449.057225 -445.011234 -453.516224 -461.164188 -462.453481 -450.457644 -469.912994 -486.562885 -501.617942 -500.462114 -504.855003 -509.542308 -511.060150 -511.897798 -508.003314 -509.257755 -512.370900 -514.890832 -513.587862 -515.206551 -513.632301 -512.880127 -508.689746 -505.069090 -501.401381 -501.226616 -503.637259 -9999.0 -9999.0 -9999.0 -9999.0 -9999.0 -9999.0 -9999.0 -9999.0 -9999.0 -9999.0
-9999.0 -9999.0 -9999.0 -9999.0 -9999.0 -9999.0 -517.310995 -517.548277 -516.966142 -519.482600 -518.014935 -519.308991 -518.300719 -518.013940 -517.472420 -517.728018 -516.180067 -514.985174 -512.841753 -509.927157 -507.120510 -509.148467 -508.513851 -504.349698 -494.429325 -485.323587 -480.248745 -471.207820 -440.126777 -405.219991 -379.281283 -359.339173 -292.491803 -275.035364 -247.489556 -193.060862 -250.382602 -260.262869 -253.207818 -233.428583 -169.250500 -168.752066 -163.999796 -157.126823 -131.326830 -135.915073 -227.864665 -244.555270 -247.090040 -249.177273 -269.725597 -296.150963 -416.923227 -448.795763 -476.055343 -490.386101 -493.385527 -492.219297 -497.856127 -505.276522 -509.447165 -509.067011 -509.743977 -511.481904 -510.600841 -509.019951 -506.437136 -504.722926 -505.942920 -507.470422 -508.373266 -511.216651 -510.684041 -507.888246 -9999.0 -9999.0 -9999.0 -9999.0 -9999.0 -9999.0
-9999.0 -9999.0 -9999.0 -9999.0 -520.687533 -519.654536 -522.936425 -521.214655 -520.016583 -519.226990 -519.609357 -518.143193 -518.023602 -517.124340 -514.979480 -513.631266 -510.733470 -508.797281 -502.238476 -485.948132 -470.924184 -462.158104 -458.150487 -418.850557 -292.494020 -267.721042 -261.621412 -252.244683 -228.919494 -123.385875 -97.945548 -120.173121 -98.108481 -50.256030 -14.022630 21.151765 4.558663 -29.584125 -0.322539 6.629613 29.504727 30.002259 30.728794 30.781248 32.885540 34.739274 15.779496 -42.502179 -25.865086 -59.736914 -48.803911 -108.908027 -203.497903 -230.077939 -240.261303 -259.505628 -288.822382 -343.473201 -435.752504 -460.457722 -481.560381 -489.846272 -497.520063 -500.657920 -505.291525 -504.209710 -502.637417 -504.900751 -507.723462 -510.400900 -510.388850 -511.511846 -513.131439 -509.353060 -508.334189 -504.471692 -9999.0 -9999.0 -9999.0 -9999.0
-9999.0 -9999.0 -520.523104 -520.760478 -518.134524 -520.107017 -521.284679 -522.945915 -522.554061 -520.209092 -515.925644 -514.734875 -512.257436 -511.181281 -504.678155 -485.734244 -464.829974 -447.868199 -392.548830 -286.405808 -259.847319 -242.148418 -179.426997 -147.182992 -123.823475 -54.836609 -60.901347 -12.310004 9.591373 35.135096 60.882645 73.265936 82.460197 73.509339 74.778772 70.790134 71.073208 65.452389 50.041367 47.536969 54.159045 56.731533 60.174393 47.811310 43.937627 56.683293 58.327135 58.764320 61.029427 69.235997 80.626585 51.226387 -0.814529 -11.774424 -12.965663 -51.477177 -107.383766 -189.514925 -217.983576 -240.643485 -272.200780 -295.315537 -420.251701 -454.607189 -475.639920 -486.103703 -495.364486 -500.706718 -505.480308 -510.079751 -511.213560 -511.789245 -510.853762 -511.574163 -509.616590 -508.315304 -506.111500 -505.384495 -9999.0 -9999.0
-9999.0 -521.012185 -522.362031 -517.811038 -517.723161 -517.264679 -516.614067 -516.080141 -515.126498 -517.398329 -505.932468 -482.702420 -458.908476 -450.620996 -409.034236 -281.282346 -179.652874 -149.583122 -146.179443 -81.688530 -64.927090 2.601990 25.332910 57.863570 82.209286 74.952774 72.654202 72.441278 62.928896 55.871760 45.306313 54.444890 51.831589 37.727582 26.410488 25.121559 22.649204 -2.097234 -24.987173 -37.047536 -62.781900 -11.438190 -20.892696 -41.174244 -44.720444 -25.144875 -10.736524 -47.113914 -30.942460 -29.325241 18.943789 30.913037 46.993078 60.524989 81.337949 58.463583 26.444639 -9.466574 -22.034292 -75.472552 -128.658690 -183.552289 -231.195981 -264.012632 -292.759048 -423.822588 -461.425492 -481.659339 -495.408332 -500.027687 -502.715680 -509.249377 -510.608490 -508.782603 -509.638035 -509.713866 -508.867316 -508.252701 -9999.0 -9999.0
-9999.0 -525.909020 -521.571853 -517.258108 -512.338108 -513.041591 -492.409674 -474.141016 -469.248559 -479.800655 -432.228883 -175.092146 -113.424890 -113.613934 -61.201357 5.262544 45.022013 66.276388 79.626211 71.589370 63.799490 67.008567 62.463033 53.345454 39.972759 32.420531 32.071508 31.428699 18.749339 -1.524266 -16.827415 -15.937412 -30.014393 -61.755829 -88.702083 -100.696484 -111.196780 -190.237478 -223.662703 -240.120734 -246.010570 -232.016243 -239.372720 -249.724881 -251.849750 -239.373130 -217.652782 -222.196529 -211.670046 -180.720438 -131.249426 -79.054545 -61.371338 -37.218757 -22.703001 31.069681 49.488104 67.985221 75.506157 50.298792 18.763828 -29.064426 -56.041070 -139.901208 -197.811914 -252.789308 -278.407658 -308.279059 -436.299219 -459.560875 -477.523875 -492.468541 -502.082571 -503.525390 -508.211411 -508.348251 -9999.0 -9999.0 -9999.0 -9999.0
-9999.0 -526.069145 -521.935953 -513.456373 -493.353184 -459.523618 -288.290561 -169.295251 -60.067110 -124.465606 -5.641236 65.117435 73.887227 56.702751 30.853439 27.325436 36.604750 38.326158 33.458137 25.674894 19.899777 18.828217 18.568842 -16.256913 -7.585105 -21.506804 -32.048110 -40.375302 -111.036953 -145.168228 -174.059000 -195.214715 -221.806900 -265.133250 -278.684877 -292.816450 -414.481896 -423.816268 -433.378406 -449.919953 -456.831476 -461.659061 -455.089950 -456.855248 -457.569456 -453.848903 -443.784827 -435.842789 -391.766590 -292.926834 -274.435922 -254.403695 -236.171475 -195.770037 -153.301506 -73.311111 -47.597203 -33.806959 19.245164 52.011209 70.993500 65.084805 36.402366 3.726477 -52.113632 -138.595842 -173.806366 -216.913694 -257.755326 -277.907691 -297.300686 -421.552171 -462.723306 -489.714090 -495.997399 -9999.0 -9999.0 -9999.0 -9999.0 -9999.0
-9999.0 -532.846911 -521.552604 -514.799298 -477.014486 -284.641712 -177.865226 15.551710 64.046064 -3.469187 -117.925947 -46.385396 -12.684160 -13.279299 -36.263998 -43.990338 -51.282478 -52.466236 -40.482173 -63.336186 -96.663315 -127.843714 -134.709006 -157.024555 -189.086155 -209.458856 -220.428048 -231.786033 -256.608996 -275.607854 -333.766975 -403.244233 -452.899833 -475.193283 -486.474915 -496.989300 -506.428791 -506.046335 -502.988106 -505.366606 -507.863274 -510.744863 -507.344370 -505.915778 -504.423770 -506.429796 -506.167435 -501.825881 -494.519588 -485.447060 -470.700567 -450.730416 -422.854518 -295.653829 -279.091656 -258.833060 -236.758996 -195.098151 -111.307227 -27.957991 -2.951573 26.727844 62.202979 81.076215 42.693851 8.296310 -40.724370 -64.394950 -162.528701 -204.621838 -223.398824 -253.731965 -279.199420 -9999.0 -9999.0 -9999.0 -9999.0 -9999.0 -9999.0 -9999.0
-9999.0 -536.537940 -524.104766 -522.987849 -510.346140 -481.789542 -427.031817 -272.244165 -170.781268 -258.797322 -263.460309 -253.761242 -239.624662 -227.998113 -241.332360 -255.900633 -265.467245 -262.971083 -260.828892 -269.982978 -279.363618 -284.331631 -286.469252 -313.177778 -393.942543 -416.540505 -425.887954 -440.448489 -456.894230 -474.119277 -496.295488 -505.246639 -511.221097 -512.886323 -514.177660 -515.646335 -519.077548 -516.946608 -515.448164 -515.792738 -516.873181 -517.778255 -515.180628 -514.439643 -513.658868 -516.218026 -514.603192 -513.455247 -510.557417 -507.708311 -503.478982 -496.898800 -487.763189 -480.434260 -473.166018 -461.599464 -442.646034 -355.614913 -273.520832 -218.591125 -150.718662 -77.003594 -31.857601 1.103307 20.275063 30.663646 39.138422 21.038456 -14.525686 -131.742335 -167.113691 -9999.0 -9999.0 -9999.0 -9999.0 -9999.0 -9999.0 -9999.0 -9999.0 -9999.0
-9999.0 -9999.0 -539.204638 -534.246340 -530.059849 -526.086384 -520.383682 -511.803622 -506.352719 -498.095974 -486.127894 -472.021799 -462.413096 -457.614272 -464.130043 -476.569815 -483.240298 -482.537654 -484.309249 -487.777999 -494.325314 -497.227827 -499.054816 -500.461316 -502.935931 -503.855900 -504.167484 -504.864348 -506.516155 -510.639107 -514.072014 -516.302654 -519.055952 -518.587494 -518.905499 -519.904240 -518.817701 -519.072286 -518.805026 -518.992018 -518.737767 -518.267390 -517.797042 -517.074485 -517.145388 -516.946088 -516.773048 -516.066121 -515.004615 -513.657296 -510.708131 -506.147293 -502.683546 -501.942310 -504.070395 -503.477223 -500.867204 -494.321087 -468.310062 -416.913143 -286.342826 -251.629635 -196.290309 -143.276375 -96.068702 -81.117586 -25.179327 18.072183 12.222795 -33.964973 -9999.0 -9999.0 -9999.0 -9999.0 -9999.0 -9999.0 -9999.0 -9999.0 -9999.0 -9999.0
-9999.0 -9999.0 -9999.0 -9999.0 -541.457913 -534.377805 -527.844067 -528.713040 -524.209881 -521.784539 -519.705483 -517.148587 -515.052386 -513.577292 -515.649705 -515.929043 -516.204046 -515.801537 -516.169505 -516.655808 -516.822901 -517.098198 -517.338929 -517.780382 -517.529211 -517.031454 -516.856040 -517.610395 -517.410438 -518.810897 -518.737800 -519.425003 -520.117931 -521.077275 -520.746280 -520.818499 -520.300706 -520.828963 -520.041883 -520.580930 -520.033738 -519.853373 -519.254273 -518.208635 -518.801868 -518.198289 -518.264885 -517.528946 -517.518559 -515.686409 -512.596418 -508.963968 -506.500856 -506.718850 -510.240700 -511.535213 -512.477591 -510.441914 -507.140223 -499.274586 -474.256496 -446.504819 -353.669519 -280.958589 -264.126996 -240.074356 -181.929373 -87.949045 -9999.0 -9999.0 -9999.0 -9999.0 -9999.0 -9999.0 -9999.0 -9999.0 -9999.0 -9999.0 -9999.0 -9999.0
-9999.0 -9999.0 -9999.0 -9999.0 -9999.0 -9999.0 -538.254592 -534.695474 -535.895916 -533.333177 -531.136179 -529.517567 -526.893308 -527.410310 -526.619966 -524.386049 -524.673276 -525.682904 -526.997904 -525.007091 -524.141249 -523.896917 -526.025804 -525.364237 -525.139049 -524.317535 -524.403143 -523.973274 -525.780041 -523.476537 -522.330799 -522.629888 -522.907668 -522.392223 -522.837752 -521.415829 -521.245659 -522.365157 -522.726496 -521.161225 -520.783512 -521.104421 -520.916213 -519.984097 -518.536757 -518.401443 -519.175558 -520.302112 -518.997666 -515.890851 -512.560510 -509.705872 -507.837065 -507.079205 -509.868459 -513.754685 -515.709244 -516.146827 -514.844254 -512.319394 -505.296692 -500.507224 -496.323614 -488.334864 -480.875152 -443.665454 -9999.0 -9999.0 -9999.0 -9999.0 -9999.0 -9999.0 -9999.0 -9999.0 -9999.0 -9999.0 -9999.0 -9999.0 -9999.0 -9999.0
-9999.0 -9999.0 -9999.0 -9999.0 -9999.0 -9999.0 -9999.0 -9999.0 -9999.0 -9999.0 -9999.0 -9999.0 -9999.0 -9999.0 -9999.0 -9999.0 -9999.0 -9999.0 -9999.0 -9999.0 -9999.0 -9999.0 -9999.0 -9999.0 -9999.0 -9999.0 -9999.0 -9999.0 -9999.0 -9999.0 -9999.0 -9999.0 -9999.0 -9999.0 -9999.0 -9999.0 -9999.0 -9999.0 -9999.0 -9999.0 -9999.0 -9999.0 -9999.0 -9999.0 -9999.0 -9999.0 -9999.0 -9999.0 -9999.0 -9999.0 -9999.0 -9999.0 -9999.0 -9999.0 -9999.0 -9999.0 -9999.0 -9999.0 -9999.0 -9999.0 -9999.0 -9999.0 -9999.0 -9999.0 -9999.0 -9999.0 -9999.0 -9999.0 -9999.0 -9999.0 -9999.0 -9999.0 -9999.0 -9999.0 -9999.0 -9999.0 -9999.0 -9999.0 -9999.0 -9999.0
-9999.0 -9999.0 -9999.0 -9999.0 -9999.0 -9999.0 -9999.0 -9999.0 -9999.0 -9999.0 -9999.0 -9999.0 -9999.0 -9999.0 -9999.0 -9999.0 -9999.0 -9999.0 -9999.0 -9999.0 -9999.0 -9999.0 -9999.0 -9999.0 -9999.0 -9999.0 -9999.0 -9999.0 -9999.0 -9999.0 -9999.0 -9999.0 -9999.0 -9999.0 -9999.0 -9999.0 -9999.0 -9999.0 -9999.0 -9999.0 -9999.0 -9999.0 -9999.0 -9999.0 -9999.0 -9999.0 -9999.0 -9999.0 -9999.0 -9999.0 -9999.0 -9999.0 -9999.0 -9999.0 -9999.0 -9999.0 -9999.0 -9999.0 -9999.0 -9999.0 -9999.0 -9999.0 -9999.0 -9999.0 -9999.0 -9999.0 -9999.0 -9999.0 -9999.0 -9999.0 -9999.0 -9999.0 -9999.0 -9999.0 -9999.0 -9999.0 -9999.0 -9999.0 -9999.0 -9999.0