Borden_/Borden1m_014/output_maps/psiliqL0026N0038.asc
ncols         80
nrows         18
xllcorner     620200.000000
yllcorner     5168000.000000
cellsize      1.000000
NODATA_value  -9999.0
-9999.0 -9999.0 -9999.0 -9999.0 -9999.0 -9999.0 -9999.0 -9999.0 -9999.0 -9999.0 -9999.0 -9999.0 -9999.0 -9999.0 -9999.0 -9999.0 -9999.0 -9999.0 -9999.0 -9999.0 -9999.0 -9999.0 -9999.0 -9999.0 -9999.0 -9999.0 -9999.0 -9999.0 -9999.0 -9999.0 -9999.0 -9999.0 -9999.0 -9999.0 -9999.0 -9999.0 -9999.0 -9999.0 -9999.0 -9999.0 -9999.0 -9999.0 -9999.0 -9999.0 -9999.0 -9999.0 -9999.0 -9999.0 -9999.0 -9999.0 -9999.0 -9999.0 -9999.0 -9999.0 -9999.0 -9999.0 -9999.0 -9999.0 -9999.0 -9999.0 -9999.0 -9999.0 -9999.0 -9999.0 -9999.0 -9999.0 -9999.0 -9999.0 -9999.0 -9999.0 -9999.0 -9999.0 -9999.0 -9999.0 -9999.0 -9999.0 -9999.0 -9999.0 -9999.0 -9999.0
-9999.0 -9999.0 -9999.0 -9999.0 -9999.0 -9999.0 -9999.0 -9999.0 -9999.0 -9999.0 -9999.0 -9999.0 -9999.0 -9999.0 -9999.0 -9999.0 -9999.0 -9999.0 -9999.0 -9999.0 -9999.0 -9999.0 -9999.0 -9999.0 -9999.0 -9999.0 -9999.0 -9999.0 -9999.0 -9999.0 -9999.0 -9999.0 -9999.0 -9999.0 -9999.0 -9999.0 -9999.0 -9999.0 -9999.0 -9999.0 -9999.0 -9999.0 -9999.0 -9999.0 -9999.0 -9999.0 -9999.0 -9999.0 -9999.0 -9999.0 -9999.0 -9999.0 -9999.0 -9999.0 -9999.0 -9999.0 -9999.0 -9999.0 -9999.0 -9999.0 -9999.0 -9999.0 -9999.0 -9999.0 -9999.0 -9999.0 -9999.0 -9999.0 -9999.0 -9999.0 -9999.0 -9999.0 -9999.0 -9999.0 -9999.0 -9999.0 -9999.0 -9999.0 -9999.0 -9999.0
-9999.0 -9999.0 -9999.0 -9999.0 -9999.0 -9999.0 -9999.0 -9999.0 -9999.0 -9999.0 -9999.0 -9999.0 -9999.0 -9999.0 -9999.0 -9999.0 -9999.0 -9999.0 -9999.0 -9999.0 3325.379282 3326.268584 3304.479515 3270.206603 3241.753873 3243.321681 3275.926927 3316.203832 3354.649489 3361.690696 3342.308588 3345.836061 3341.130989 3336.337137 3336.277913 3343.804285 3350.275487 3359.786197 3366.552700 3364.080125 3356.596928 3351.490917 3354.005053 3355.546303 3361.813891 3347.370592 3363.422849 3379.367480 3384.192929 3381.674644 3358.579971 3346.939999 3339.263243 3324.001836 3350.870067 3362.814949 3386.332693 3391.246541 3389.559150 3363.306014 3333.449986 -9999.0 -9999.0 -9999.0 -9999.0 -9999.0 -9999.0 -9999.0 -9999.0 -9999.0 -9999.0 -9999.0 -9999.0 -9999.0 -9999.0 -9999.0 -9999.0 -9999.0 -9999.0 -9999.0
-9999.0 -9999.0 -9999.0 -9999.0 -9999.0 -9999.0 -9999.0 -9999.0 -9999.0 -9999.0 -9999.0 -9999.0 -9999.0 -9999.0 3235.596170 3226.691542 3223.556405 3230.518949 3262.639048 3292.595560 3304.120959 3296.414196 3295.934319 3270.859754 3247.609290 3259.757017 3288.644049 3318.538191 3351.343895 3368.144036 3356.743727 3353.770824 3360.286171 3378.931750 3386.497030 3382.626948 3365.313647 3388.964900 3401.889514 3405.986716 3403.784754 3393.784443 3402.307867 3416.168549 3409.087077 3393.969970 3405.156230 3420.346593 3431.262734 3423.518007 3366.425505 3354.970012 3352.321221 3348.864534 3336.373816 3333.063629 3361.930007 3362.010074 3355.302644 3338.596842 3305.722056 3260.804842 3242.363819 3283.492952 3327.609576 3384.166781 -9999.0 -9999.0 -9999.0 -9999.0 -9999.0 -9999.0 -9999.0 -9999.0 -9999.0 -9999.0 -9999.0 -9999.0 -9999.0 -9999.0
-9999.0 -9999.0 -9999.0 -9999.0 -9999.0 -9999.0 -9999.0 -9999.0 -9999.0 3179.391266 3184.333924 3190.974102 3193.080389 3207.841717 3204.296719 3210.808445 3214.302369 3241.011941 3269.904878 3302.808541 3329.208587 3319.479581 3317.630039 3320.853041 3314.518278 3321.640399 3341.369209 3377.009594 3407.462385 3442.050556 3408.036986 3402.716041 3419.808040 3460.534319 3482.937130 3484.449136 3465.654094 3482.448874 3505.688539 3520.948493 3517.190571 3510.959210 3536.839003 3552.046580 3545.656385 3524.118718 3523.329070 3531.220413 3560.739001 3510.404034 3444.960776 3407.525652 3424.221099 3403.880731 3378.867035 3369.026799 3370.395625 3391.166073 3380.122712 3347.180626 3314.601815 3303.472926 3287.312110 3309.059630 3332.968474 3379.792623 3420.139227 3450.359168 3450.171634 3433.190646 -9999.0 -9999.0 -9999.0 -9999.0 -9999.0 -9999.0 -9999.0 -9999.0 -9999.0 -9999.0
-9999.0 -9999.0 -9999.0 -9999.0 -9999.0 -9999.0 3100.970281 3111.323684 3131.830055 3134.156459 3160.300285 3165.093944 3182.197121 3198.738105 3219.874716 3231.919878 3256.042412 3285.095794 3320.164727 3356.828102 3383.181062 3371.112640 3375.452434 3393.877862 3419.557746 3437.549835 3459.548098 3496.725260 3568.367899 3604.232981 3596.104517 3596.591173 3604.644879 3654.874859 3718.686188 3729.367666 3708.702385 3695.702795 3719.421943 3756.895158 3754.742965 3753.508214 3766.742535 3777.622353 3804.443038 3793.454167 3757.629516 3752.598680 3759.656323 3736.739645 3667.681525 3610.967032 3592.981971 3546.664872 3463.801859 3421.885703 3446.654144 3475.317632 3454.451463 3405.759977 3374.597720 3369.993067 3359.756768 3353.758980 3367.072250 3390.572767 3415.143205 3429.575274 3418.197259 3397.779152 3376.542791 3348.686128 3351.580771 3376.703144 -9999.0 -9999.0 -9999.0 -9999.0 -9999.0 -9999.0
-9999.0 -9999.0 -9999.0 -9999.0 3051.749365 3064.339862 3049.125389 3074.882377 3106.310822 3139.309270 3166.049860 3195.501428 3217.671796 3243.415263 3275.447574 3296.214941 3327.098228 3355.683326 3401.494926 3461.684619 3505.093192 3517.661402 3525.564473 3575.963617 3631.801888 3678.437529 3696.950220 3722.731863 3768.641522 3825.055893 3847.161633 3849.804537 3866.713140 3910.262526 3966.856119 4002.058163 3984.354714 3975.268822 3985.517826 3999.955533 4022.100601 4022.162094 4023.285337 4027.504188 4035.270962 4033.434351 4006.686658 3973.194745 3960.223563 3950.048845 3911.648884 3839.414223 3809.493960 3780.493614 3737.514747 3683.306052 3636.790610 3638.687125 3584.297823 3529.633166 3480.521193 3473.452098 3453.985007 3438.827534 3422.284164 3435.291731 3447.880323 3433.383498 3403.912240 3375.149335 3362.555864 3345.335799 3334.304350 3365.717008 3383.747340 3413.343581 -9999.0 -9999.0 -9999.0 -9999.0
-9999.0 -9999.0 2993.330515 3038.179681 3094.685205 3100.099299 3092.544725 3094.548064 3120.014899 3168.252800 3227.752549 3263.301690 3290.767272 3320.022595 3369.154860 3429.790486 3488.661115 3530.543631 3588.080523 3657.104680 3715.916757 3742.440071 3751.056352 3786.580059 3841.340778 3910.755708 3938.896576 3965.457881 3997.414401 4034.101466 4025.367697 4035.951895 4048.506193 4061.595942 4076.866337 4084.158586 4079.225320 4074.608049 4056.006829 4050.773444 4057.246877 4065.379874 4064.297836 4049.576494 4045.601434 4060.647314 4066.958356 4064.823719 4061.896179 4066.721360 4061.930504 4013.195225 3996.258638 3980.931571 3969.052104 3922.734875 3855.842860 3823.703682 3802.095464 3760.969979 3687.630863 3650.700074 3611.779252 3577.613909 3540.776438 3528.293988 3496.532717 3464.928760 3426.704317 3386.390323 3367.820827 3353.910573 3353.844534 3354.746051 3372.724474 3388.536085 3404.587359 3412.704193 -9999.0 -9999.0
-9999.0 2885.416730 2956.166910 3074.783968 3151.476965 3186.165791 3192.996265 3194.510915 3218.496703 3249.814412 3334.832897 3382.443529 3464.567506 3501.549335 3541.475381 3630.974319 3725.194364 3768.512526 3807.491156 3871.397380 3937.335465 3984.521219 4010.898594 3988.951903 4028.681468 4058.853782 4067.122888 4074.250333 4074.391928 4065.866017 4059.430616 4066.075996 4063.072026 4043.801505 4027.641274 4025.855939 4022.432653 3999.037135 3971.449171 3955.889907 3957.194469 3982.256060 3969.058146 3947.644526 3943.212994 3964.934354 3986.447936 3975.705756 3962.533707 3979.137711 4013.847076 4038.944487 4039.844113 4058.447566 4079.579565 4050.421503 4029.264524 3985.224935 3968.249511 3942.782573 3885.759925 3830.968028 3782.880703 3734.575841 3682.500207 3634.003212 3586.712175 3539.846812 3487.031615 3454.595944 3430.670323 3388.399787 3376.233617 3383.017141 3378.437857 3377.145799 3383.909060 3390.555921 -9999.0 -9999.0
-9999.0 2788.492766 2926.820282 3100.842600 3241.278349 3279.996936 3339.291594 3392.911888 3405.507006 3349.597362 3449.488036 3665.836388 3788.011565 3805.514609 3881.106199 3976.379509 3958.300351 3989.720389 4013.005876 4039.186258 4060.225259 4074.662302 4072.971900 4067.841452 4051.308582 4043.293410 4042.401598 4040.277502 4022.823820 4003.818472 3986.978122 3983.775622 3965.744652 3916.064667 3882.775916 3865.220228 3846.065635 3832.713114 3805.562339 3779.552165 3762.978631 3773.210882 3771.577031 3758.200920 3753.786045 3771.829159 3802.703829 3800.856902 3812.787908 3832.418103 3867.856701 3906.090621 3925.363607 3954.502363 3990.151312 4038.268664 4046.923278 4069.385063 4072.281207 4061.987077 4015.325179 3963.718336 3934.307118 3878.929173 3819.417245 3757.778815 3708.969551 3664.402334 3609.354145 3575.584467 3536.716702 3483.460087 3441.088040 3434.011538 3400.987532 3388.250766 -9999.0 -9999.0 -9999.0 -9999.0
-9999.0 2691.919891 2863.794605 3097.895847 3389.601849 3459.027574 3659.584827 3773.061132 3811.338709 3878.537932 3757.624291 3965.134526 4018.343824 4013.450924 4029.571740 4032.827569 4047.152959 4046.488790 4041.409662 4030.379134 4020.770473 4016.182532 4015.130560 4007.213094 3994.578283 3979.949001 3968.029874 3956.568823 3919.869843 3887.892208 3848.545319 3836.032166 3791.282645 3699.536711 3660.968411 3622.394893 3561.548850 3564.248951 3572.050156 3548.379539 3528.831294 3500.541063 3530.304018 3541.210516 3545.446070 3540.740910 3550.190943 3578.810644 3626.636097 3660.867932 3699.576726 3747.379402 3777.751306 3816.808075 3856.474302 3908.714247 3939.876496 3968.746388 4017.699092 4054.717101 4077.454782 4063.360281 4044.868721 4000.102752 3939.886605 3890.586760 3861.634808 3811.193124 3767.756081 3724.373109 3678.084087 3625.515555 3564.277124 3512.180543 3478.600692 -9999.0 -9999.0 -9999.0 -9999.0 -9999.0
-9999.0 2467.698193 2731.457277 2984.204624 3254.374981 3595.349095 3767.169627 3860.793483 3923.947095 3907.035199 3930.534827 3936.808225 3973.902591 3981.188314 3959.795430 3945.917652 3928.255233 3927.166194 3940.233394 3912.878714 3882.610392 3869.258118 3870.164869 3859.476468 3835.625792 3820.768305 3811.515664 3793.053011 3750.104827 3700.052094 3616.210944 3581.788142 3503.387265 3465.505825 3429.647980 3383.226626 3339.720217 3345.761421 3370.431259 3362.113811 3341.696780 3324.955853 3354.424887 3374.944172 3388.155057 3371.819809 3378.320409 3412.446916 3458.525578 3498.534878 3541.924624 3589.398389 3630.951398 3669.804876 3690.428953 3729.484674 3771.408380 3812.842172 3882.827395 3961.158988 3997.074297 4031.690601 4060.556121 4082.462534 4039.588894 4013.325961 3989.617094 3966.179126 3920.020319 3874.674134 3834.133873 3769.577295 3710.061944 -9999.0 -9999.0 -9999.0 -9999.0 -9999.0 -9999.0 -9999.0
-9999.0 2355.886860 2548.288077 2738.539149 2969.701826 3196.168264 3417.412014 3507.474062 3577.446396 3649.353888 3703.536460 3741.307416 3767.061892 3788.610777 3766.034623 3719.998124 3687.792487 3692.788844 3683.814625 3662.984062 3635.515593 3622.796523 3620.234690 3615.652672 3594.707980 3584.737897 3578.229657 3560.590541 3535.701657 3483.487980 3412.960062 3340.900011 3288.153603 3269.719480 3248.031657 3222.043119 3196.303889 3210.110965 3223.034762 3223.490025 3217.451963 3218.005715 3247.046957 3266.925001 3276.345149 3265.496318 3283.514583 3306.283515 3342.711073 3381.172143 3425.260702 3474.738891 3522.572859 3542.132051 3543.699363 3554.594180 3581.591253 3624.364562 3700.242370 3785.958917 3863.516008 3908.926340 3959.642318 3999.611886 4027.757485 4052.595560 4075.017459 4068.098423 4042.138643 4008.788321 3950.071470 -9999.0 -9999.0 -9999.0 -9999.0 -9999.0 -9999.0 -9999.0 -9999.0 -9999.0
-9999.0 -9999.0 2322.877581 2474.318187 2569.680877 2731.734534 2853.595429 2959.052596 3050.136299 3188.872295 3310.941315 3403.869364 3450.107518 3465.632502 3451.883779 3423.814872 3406.890638 3406.513142 3394.844170 3388.906308 3375.096941 3370.201420 3359.023906 3352.018227 3348.660222 3348.733598 3347.145344 3339.763568 3324.005530 3283.725641 3248.260566 3205.204756 3162.129901 3141.591271 3124.517707 3108.598281 3113.675357 3109.302194 3115.277555 3118.669799 3128.784170 3143.272253 3162.650811 3184.153530 3193.744069 3203.895987 3214.475275 3235.691301 3265.102572 3304.680271 3355.427917 3409.386208 3444.650998 3450.884547 3432.276727 3426.588071 3433.950993 3461.987718 3524.260716 3592.598539 3682.000373 3747.291270 3814.026432 3869.906105 3896.549935 3932.931907 4003.162827 4051.190399 4093.657886 4071.255406 -9999.0 -9999.0 -9999.0 -9999.0 -9999.0 -9999.0 -9999.0 -9999.0 -9999.0 -9999.0
-9999.0 -9999.0 -9999.0 -9999.0 2335.032498 2481.737242 2579.393403 2659.579025 2795.139058 2899.375663 2993.675532 3079.821271 3148.761300 3172.093701 3173.341896 3190.885124 3190.289224 3181.016519 3170.225117 3175.745128 3181.383998 3175.734206 3161.850094 3156.444158 3161.482039 3170.723297 3170.341810 3159.116880 3142.841573 3131.000616 3120.367959 3091.797632 3061.634961 3036.195836 3026.027251 3024.642697 3026.011903 3019.036888 3028.115826 3037.687845 3054.060322 3069.384521 3092.921083 3122.643704 3137.374075 3151.899206 3160.152297 3178.159602 3205.234051 3256.228194 3317.417390 3373.426910 3406.699496 3406.616804 3377.680509 3355.441271 3342.355110 3359.083199 3387.263357 3437.201505 3525.825515 3587.504484 3632.304249 3670.654892 3706.885837 3772.026721 3866.677218 3947.990410 -9999.0 -9999.0 -9999.0 -9999.0 -9999.0 -9999.0 -9999.0 -9999.0 -9999.0 -9999.0 -9999.0 -9999.0
-9999.0 -9999.0 -9999.0 -9999.0 -9999.0 -9999.0 2313.366212 2419.932062 2486.989506 2642.972071 2791.589959 2869.680467 2953.076295 2989.529075 3011.866634 3042.499060 3043.377151 3023.092543 3001.203338 3023.622413 3043.751996 3037.721844 3005.598900 3008.058401 3016.421643 3025.623137 3024.719991 3020.802950 2998.536530 3018.124032 3025.340495 3005.315522 2982.626268 2978.754771 2968.742980 2979.808758 2980.800655 2966.983376 2966.189477 2990.079737 3011.538712 3024.545610 3045.520523 3078.704202 3111.106099 3126.631928 3127.166449 3131.319191 3167.222752 3233.814514 3304.297615 3358.906580 3389.329000 3393.636185 3362.592345 3317.361452 3290.732489 3288.971111 3312.480629 3350.905745 3411.031471 3446.554025 3456.628617 3456.586773 3467.945032 3567.508328 -9999.0 -9999.0 -9999.0 -9999.0 -9999.0 -9999.0 -9999.0 -9999.0 -9999.0 -9999.0 -9999.0 -9999.0 -9999.0 -9999.0
-9999.0 -9999.0 -9999.0 -9999.0 -9999.0 -9999.0 -9999.0 -9999.0 -9999.0 -9999.0 -9999.0 -9999.0 -9999.0 -9999.0 -9999.0 -9999.0 -9999.0 -9999.0 -9999.0 -9999.0 -9999.0 -9999.0 -9999.0 -9999.0 -9999.0 -9999.0 -9999.0 -9999.0 -9999.0 -9999.0 -9999.0 -9999.0 -9999.0 -9999.0 -9999.0 -9999.0 -9999.0 -9999.0 -9999.0 -9999.0 -9999.0 -9999.0 -9999.0 -9999.0 -9999.0 -9999.0 -9999.0 -9999.0 -9999.0 -9999.0 -9999.0 -9999.0 -9999.0 -9999.0 -9999.0 -9999.0 -9999.0 -9999.0 -9999.0 -9999.0 -9999.0 -9999.0 -9999.0 -9999.0 -9999.0 -9999.0 -9999.0 -9999.0 -9999.0 -9999.0 -9999.0 -9999.0 -9999.0 -9999.0 -9999.0 -9999.0 -9999.0 -9999.0 -9999.0 -9999.0
-9999.0 -9999.0 -9999.0 -9999.0 -9999.0 -9999.0 -9999.0 -9999.0 -9999.0 -9999.0 -9999.0 -9999.0 -9999.0 -9999.0 -9999.0 -9999.0 -9999.0 -9999.0 -9999.0 -9999.0 -9999.0 -9999.0 -9999.0 -9999.0 -9999.0 -9999.0 -9999.0 -9999.0 -9999.0 -9999.0 -9999.0 -9999.0 -9999.0 -9999.0 -9999.0 -9999.0 -9999.0 -9999.0 -9999.0 -9999.0 -9999.0 -9999.0 -9999.0 -9999.0 -9999.0 -9999.0 -9999.0 -9999.0 -9999.0 -9999.0 -9999.0 -9999.0 -9999.0 -9999.0 -9999.0 -9999.0 -9999.0 -9999.0 -9999.0 -9999.0 -9999.0 -9999.0 -9999.0 -9999.0 -9999.0 -9999.0 -9999.0 -9999.0 -9999.0 -9999.0 -9999.0 -9999.0 -9999.0 -9999.0 -9999.0 -9999.0 -9999.0 -9999.0 -9999.0 -9999.0