Borden_/Borden1m_014/output_maps/psiliqL0018N0036.asc
ncols         80
nrows         18
xllcorner     620200.000000
yllcorner     5168000.000000
cellsize      1.000000
NODATA_value  -9999.0
-9999.0 -9999.0 -9999.0 -9999.0 -9999.0 -9999.0 -9999.0 -9999.0 -9999.0 -9999.0 -9999.0 -9999.0 -9999.0 -9999.0 -9999.0 -9999.0 -9999.0 -9999.0 -9999.0 -9999.0 -9999.0 -9999.0 -9999.0 -9999.0 -9999.0 -9999.0 -9999.0 -9999.0 -9999.0 -9999.0 -9999.0 -9999.0 -9999.0 -9999.0 -9999.0 -9999.0 -9999.0 -9999.0 -9999.0 -9999.0 -9999.0 -9999.0 -9999.0 -9999.0 -9999.0 -9999.0 -9999.0 -9999.0 -9999.0 -9999.0 -9999.0 -9999.0 -9999.0 -9999.0 -9999.0 -9999.0 -9999.0 -9999.0 -9999.0 -9999.0 -9999.0 -9999.0 -9999.0 -9999.0 -9999.0 -9999.0 -9999.0 -9999.0 -9999.0 -9999.0 -9999.0 -9999.0 -9999.0 -9999.0 -9999.0 -9999.0 -9999.0 -9999.0 -9999.0 -9999.0
-9999.0 -9999.0 -9999.0 -9999.0 -9999.0 -9999.0 -9999.0 -9999.0 -9999.0 -9999.0 -9999.0 -9999.0 -9999.0 -9999.0 -9999.0 -9999.0 -9999.0 -9999.0 -9999.0 -9999.0 -9999.0 -9999.0 -9999.0 -9999.0 -9999.0 -9999.0 -9999.0 -9999.0 -9999.0 -9999.0 -9999.0 -9999.0 -9999.0 -9999.0 -9999.0 -9999.0 -9999.0 -9999.0 -9999.0 -9999.0 -9999.0 -9999.0 -9999.0 -9999.0 -9999.0 -9999.0 -9999.0 -9999.0 -9999.0 -9999.0 -9999.0 -9999.0 -9999.0 -9999.0 -9999.0 -9999.0 -9999.0 -9999.0 -9999.0 -9999.0 -9999.0 -9999.0 -9999.0 -9999.0 -9999.0 -9999.0 -9999.0 -9999.0 -9999.0 -9999.0 -9999.0 -9999.0 -9999.0 -9999.0 -9999.0 -9999.0 -9999.0 -9999.0 -9999.0 -9999.0
-9999.0 -9999.0 -9999.0 -9999.0 -9999.0 -9999.0 -9999.0 -9999.0 -9999.0 -9999.0 -9999.0 -9999.0 -9999.0 -9999.0 -9999.0 -9999.0 -9999.0 -9999.0 -9999.0 -9999.0 1754.819656 1757.525873 1736.736821 1704.391169 1678.052251 1682.004270 1717.995374 1761.066149 1801.759682 1812.905478 1796.568449 1801.261390 1798.292638 1797.279065 1800.221718 1808.596237 1814.966589 1826.925133 1836.328335 1836.926452 1832.025132 1828.250862 1830.089903 1832.810787 1838.048606 1824.963837 1838.075301 1851.610127 1854.296919 1847.324592 1818.642192 1801.549217 1790.091227 1771.812206 1794.366096 1803.657595 1824.108788 1826.148835 1822.448935 1794.116360 1763.151103 -9999.0 -9999.0 -9999.0 -9999.0 -9999.0 -9999.0 -9999.0 -9999.0 -9999.0 -9999.0 -9999.0 -9999.0 -9999.0 -9999.0 -9999.0 -9999.0 -9999.0 -9999.0 -9999.0
-9999.0 -9999.0 -9999.0 -9999.0 -9999.0 -9999.0 -9999.0 -9999.0 -9999.0 -9999.0 -9999.0 -9999.0 -9999.0 -9999.0 1660.400459 1652.170214 1650.928987 1660.646282 1695.411492 1726.807595 1739.013066 1732.722995 1734.199257 1711.947774 1692.490034 1708.066402 1739.871613 1773.287407 1809.609646 1830.992213 1821.832907 1821.340253 1831.699794 1856.444707 1868.797131 1866.943961 1849.249190 1874.478391 1891.026287 1899.955217 1900.758263 1893.324594 1905.471032 1920.600011 1913.148737 1895.669273 1901.346925 1912.267836 1921.484684 1906.963283 1842.351299 1822.631753 1815.720129 1807.081796 1790.695987 1782.696304 1806.620523 1804.089992 1794.006175 1774.468694 1740.179452 1694.841659 1674.673109 1712.173118 1754.147676 1809.570498 -9999.0 -9999.0 -9999.0 -9999.0 -9999.0 -9999.0 -9999.0 -9999.0 -9999.0 -9999.0 -9999.0 -9999.0 -9999.0 -9999.0
-9999.0 -9999.0 -9999.0 -9999.0 -9999.0 -9999.0 -9999.0 -9999.0 -9999.0 1598.129293 1604.192547 1612.960107 1617.152723 1634.320649 1632.765720 1641.459531 1649.417687 1678.453985 1710.840062 1747.095671 1776.735477 1769.568037 1771.345259 1781.260675 1783.760311 1796.635125 1820.376309 1862.317605 1901.367225 1942.545539 1914.560566 1913.372195 1933.510501 1979.661715 2009.991681 2016.029370 1999.014611 2011.961711 2038.320386 2060.289113 2060.958667 2059.012516 2084.559223 2098.754510 2096.778978 2075.267262 2065.253361 2065.814688 2089.691041 2036.232385 1967.792904 1918.904976 1924.021307 1894.526020 1858.189318 1838.237942 1833.900779 1851.753645 1835.253338 1796.647830 1759.236897 1745.920979 1726.476000 1742.558589 1762.818339 1806.802245 1843.839729 1870.434927 1867.868578 1849.042649 -9999.0 -9999.0 -9999.0 -9999.0 -9999.0 -9999.0 -9999.0 -9999.0 -9999.0 -9999.0
-9999.0 -9999.0 -9999.0 -9999.0 -9999.0 -9999.0 1516.780541 1527.801678 1549.800542 1555.224402 1582.699253 1591.395811 1613.674595 1634.531336 1658.336221 1675.963804 1706.799402 1741.106433 1782.597150 1826.252128 1859.480896 1854.673523 1866.031178 1894.744693 1931.666046 1959.609492 1986.439798 2028.225901 2105.103366 2147.310010 2151.769127 2156.972389 2167.448632 2217.327239 2281.436030 2294.973955 2275.762737 2263.289941 2286.366767 2324.882713 2330.341886 2332.720289 2345.745528 2355.952208 2381.368868 2370.070430 2329.213023 2315.643164 2314.308026 2293.686237 2227.995909 2164.381006 2132.857512 2081.650790 1997.255351 1944.075980 1953.286062 1971.591975 1941.968933 1886.753820 1845.371344 1833.288534 1816.422371 1802.146576 1807.364960 1824.559989 1844.168460 1853.062505 1837.609196 1814.274515 1789.904910 1759.782371 1760.670671 1785.011108 -9999.0 -9999.0 -9999.0 -9999.0 -9999.0 -9999.0
-9999.0 -9999.0 -9999.0 -9999.0 1464.933461 1479.002674 1467.515141 1494.804015 1529.372265 1565.604655 1598.528974 1636.484805 1665.368179 1697.448655 1738.392690 1771.795742 1813.524866 1849.989445 1905.097864 1973.878566 2025.764904 2049.092801 2064.830828 2122.745477 2184.120209 2236.808518 2259.350847 2288.658015 2335.394743 2396.220109 2423.475221 2430.168101 2448.169754 2486.085148 2536.076204 2570.966892 2554.975942 2547.884235 2556.467666 2570.534511 2595.475950 2598.013147 2600.641982 2603.782824 2608.747494 2606.422047 2579.829716 2544.576537 2527.924672 2516.509340 2482.740713 2411.244536 2372.305444 2340.316311 2301.560451 2246.806657 2185.602860 2172.597818 2114.067028 2054.734873 1993.167054 1972.119883 1941.113817 1914.881547 1885.578465 1886.143438 1887.522737 1864.370625 1829.005403 1794.465245 1777.664042 1757.461088 1745.004188 1774.280262 1790.995675 1820.411526 -9999.0 -9999.0 -9999.0 -9999.0
-9999.0 -9999.0 1403.413068 1451.962744 1510.450481 1520.312772 1520.853235 1528.459764 1559.236592 1613.608831 1688.227663 1737.563415 1779.063064 1815.366907 1875.967308 1952.828403 2024.028213 2073.327488 2135.641991 2207.894579 2271.551241 2305.130513 2322.306865 2363.252241 2418.972697 2484.163485 2512.724095 2540.673017 2574.871479 2610.870617 2617.406119 2630.887116 2640.485502 2646.076451 2654.123914 2657.134182 2652.217529 2646.946054 2628.758428 2625.274112 2633.116281 2640.294551 2641.507797 2627.944478 2623.860411 2637.355535 2641.232026 2638.984749 2636.706156 2642.605967 2643.103395 2600.613607 2568.116411 2551.137510 2537.549514 2490.870116 2423.974315 2383.222470 2358.938156 2313.233247 2234.241193 2183.821047 2133.406315 2085.647520 2033.185950 2002.800981 1955.211033 1910.621591 1861.740927 1813.435793 1788.401157 1769.573930 1766.225221 1764.996626 1780.461067 1794.882452 1809.554086 1816.972073 -9999.0 -9999.0
-9999.0 1297.602302 1370.131226 1496.069993 1577.228842 1621.904928 1649.587201 1670.045110 1701.462713 1733.303038 1835.697322 1915.967488 2007.498766 2048.243252 2099.070461 2197.051948 2293.756662 2342.544088 2383.471070 2443.732510 2507.201218 2557.716592 2587.741922 2591.154839 2627.870765 2646.744867 2651.859211 2656.818670 2654.853522 2647.234427 2639.194774 2645.159493 2640.779492 2620.690603 2603.365451 2599.221725 2592.920541 2567.887582 2538.270664 2523.004433 2525.282385 2550.078234 2537.173401 2516.278641 2512.460726 2534.096641 2555.141888 2546.165547 2533.850330 2552.882072 2588.403812 2612.020834 2620.085292 2637.388852 2658.025557 2631.052883 2603.893160 2560.223035 2538.503056 2508.104467 2447.894541 2386.008109 2329.736925 2267.710316 2200.684312 2133.425722 2069.153840 2005.644298 1938.291207 1895.925390 1864.363491 1814.934398 1795.100704 1796.896763 1787.796969 1784.042985 1789.046994 1794.882521 -9999.0 -9999.0
-9999.0 1212.351021 1354.201722 1537.748938 1686.432943 1742.354761 1834.936652 1910.604851 1938.601932 1906.705374 2015.433817 2236.100752 2348.369419 2369.746822 2445.327412 2539.140536 2550.353643 2584.570591 2608.660408 2624.602424 2637.688816 2650.334376 2650.080768 2645.754982 2631.393545 2623.663804 2621.922286 2618.373165 2599.655428 2579.058732 2560.163771 2554.501032 2533.169051 2485.391763 2450.142503 2430.675926 2411.994153 2393.092795 2361.916659 2334.982614 2318.843271 2333.146436 2328.491091 2312.255661 2308.525057 2330.438008 2362.245209 2359.756494 2370.538195 2392.844536 2432.914653 2473.741344 2497.415276 2529.071042 2567.946189 2614.527780 2628.865703 2650.898390 2654.430273 2637.070319 2590.481934 2534.580073 2497.726494 2432.296932 2357.543370 2276.359205 2208.846150 2143.965100 2072.964741 2026.963056 1981.174326 1925.124882 1874.338253 1855.230178 1816.356729 1797.289983 -9999.0 -9999.0 -9999.0 -9999.0
-9999.0 1126.343781 1312.134563 1565.406977 1848.369354 1949.612116 2155.168091 2283.104862 2338.961423 2410.810145 2363.714966 2532.540601 2579.800250 2578.894379 2585.275141 2591.576978 2608.726597 2612.575502 2609.672306 2600.122091 2591.540830 2587.921628 2586.923144 2579.427825 2566.848867 2551.129123 2535.758270 2521.301783 2481.670041 2446.589803 2407.579362 2391.414948 2349.336445 2255.206848 2211.396376 2172.700624 2113.513980 2108.885589 2106.194040 2078.548021 2059.198380 2036.176217 2060.363669 2067.295130 2070.563802 2071.670507 2086.859374 2113.306366 2160.041867 2197.529498 2242.335165 2295.570452 2332.090526 2376.517537 2422.635968 2479.439416 2514.057550 2546.401230 2596.404328 2635.702796 2658.674753 2644.970459 2616.865499 2565.704559 2489.218573 2418.798091 2364.482611 2286.569908 2220.250979 2167.283007 2122.023816 2073.413295 2011.650566 1941.068094 1901.195326 -9999.0 -9999.0 -9999.0 -9999.0 -9999.0
-9999.0 933.664129 1200.349755 1482.123524 1785.211510 2118.531561 2265.648284 2386.724844 2459.627452 2434.945502 2450.061104 2470.114343 2515.276886 2526.530061 2508.113466 2499.272131 2487.179303 2487.520399 2500.636646 2474.056813 2444.321044 2430.737718 2430.252158 2418.373576 2394.472460 2377.346630 2365.184401 2343.417482 2294.046385 2241.197474 2157.077737 2123.899539 2045.827396 1993.873939 1950.413585 1900.210923 1849.975946 1849.769209 1868.565226 1855.157808 1833.316249 1815.249101 1842.735502 1861.942754 1874.893399 1862.619598 1871.639369 1907.828475 1957.687924 2002.441194 2052.597077 2107.702828 2154.497507 2201.919607 2233.397647 2283.228870 2332.752224 2380.447453 2454.832261 2535.119541 2574.075059 2608.691277 2638.184891 2650.495705 2593.037202 2538.296260 2478.976818 2411.080246 2329.723951 2280.790493 2255.071155 2215.651460 2162.585677 -9999.0 -9999.0 -9999.0 -9999.0 -9999.0 -9999.0 -9999.0
-9999.0 811.555272 1022.892846 1241.460421 1516.202791 1752.758093 1956.868099 2062.185124 2141.857919 2190.911153 2234.312312 2272.544909 2305.240253 2330.238640 2310.831960 2270.358850 2241.304656 2245.754426 2239.994454 2216.469515 2186.926150 2171.955114 2168.802689 2161.897245 2137.900308 2123.849236 2113.056288 2089.926788 2057.495923 2001.375714 1922.819121 1848.828832 1788.985579 1759.550090 1730.695762 1698.605118 1664.693308 1674.932204 1686.918613 1684.204036 1674.699487 1672.582563 1701.706040 1721.056287 1731.313044 1720.404259 1739.965553 1766.547150 1808.114903 1851.942861 1901.702267 1957.308925 2011.590517 2040.726068 2054.008651 2078.299122 2117.170088 2170.683396 2256.384660 2351.291384 2430.023593 2478.417545 2528.380689 2560.624916 2570.345177 2572.760935 2541.347700 2457.803249 2354.767603 2334.793791 2331.459167 -9999.0 -9999.0 -9999.0 -9999.0 -9999.0 -9999.0 -9999.0 -9999.0 -9999.0
-9999.0 -9999.0 791.890347 962.473475 1089.531627 1264.984956 1413.777067 1524.169488 1617.807666 1740.323179 1851.557275 1939.693882 1985.966960 2004.525596 1991.726873 1960.798196 1940.834642 1940.613601 1929.742033 1919.564320 1900.359836 1892.420574 1880.407482 1871.857515 1862.777295 1857.793268 1852.378424 1840.922374 1819.196788 1772.686519 1725.922473 1675.410422 1622.972422 1597.554970 1575.740852 1554.609368 1553.984243 1549.398278 1554.662138 1556.357164 1563.806818 1576.754214 1596.724388 1619.032538 1629.020500 1638.521928 1651.161281 1675.090445 1708.376278 1751.258170 1805.965021 1864.695694 1905.478405 1918.941336 1909.642799 1914.623502 1934.317917 1976.064070 2054.953967 2137.383397 2232.542568 2302.946709 2372.738111 2422.202110 2434.482324 2444.281863 2452.500389 2399.834687 2267.961605 2287.296364 -9999.0 -9999.0 -9999.0 -9999.0 -9999.0 -9999.0 -9999.0 -9999.0 -9999.0 -9999.0
-9999.0 -9999.0 -9999.0 -9999.0 822.375782 975.524591 1073.160266 1156.188509 1286.833385 1410.026674 1512.207343 1597.037667 1661.147695 1688.369217 1685.858472 1693.874921 1690.143846 1683.313158 1673.124865 1672.890082 1672.524381 1664.944820 1649.909104 1642.450919 1643.569429 1648.612730 1645.692044 1631.634861 1613.202069 1591.698242 1572.210771 1538.069890 1502.418297 1473.119669 1459.763694 1454.220685 1453.761975 1446.449634 1454.936627 1462.498570 1477.811949 1493.011353 1516.735271 1545.913186 1560.005272 1575.002211 1584.876761 1605.483785 1636.240793 1690.100778 1754.186826 1812.898955 1849.899048 1855.199606 1831.530089 1816.660822 1813.276537 1841.334892 1885.668841 1951.657561 2052.266612 2124.016462 2178.298035 2219.653946 2248.235830 2288.657795 2331.365628 2360.628919 -9999.0 -9999.0 -9999.0 -9999.0 -9999.0 -9999.0 -9999.0 -9999.0 -9999.0 -9999.0 -9999.0 -9999.0
-9999.0 -9999.0 -9999.0 -9999.0 -9999.0 -9999.0 785.837370 888.426518 966.651873 1108.055189 1241.484271 1344.287931 1425.570303 1458.527086 1486.585459 1514.169327 1512.830631 1494.095295 1474.407389 1493.384316 1507.822385 1501.592944 1471.016922 1470.728398 1475.671844 1483.539848 1480.938515 1474.234253 1448.836060 1460.772673 1461.651847 1438.117468 1411.885575 1397.939806 1385.868552 1395.282309 1395.288425 1381.398433 1381.581087 1408.502303 1428.867969 1441.952297 1463.635979 1496.892668 1529.384829 1544.874610 1546.444032 1552.679872 1592.584485 1663.126743 1735.478215 1791.774866 1825.194485 1834.122124 1807.938318 1768.677894 1749.066873 1756.741400 1791.798066 1844.101932 1919.200206 1967.045471 1990.257010 2000.317107 2014.932472 2103.093522 -9999.0 -9999.0 -9999.0 -9999.0 -9999.0 -9999.0 -9999.0 -9999.0 -9999.0 -9999.0 -9999.0 -9999.0 -9999.0 -9999.0
-9999.0 -9999.0 -9999.0 -9999.0 -9999.0 -9999.0 -9999.0 -9999.0 -9999.0 -9999.0 -9999.0 -9999.0 -9999.0 -9999.0 -9999.0 -9999.0 -9999.0 -9999.0 -9999.0 -9999.0 -9999.0 -9999.0 -9999.0 -9999.0 -9999.0 -9999.0 -9999.0 -9999.0 -9999.0 -9999.0 -9999.0 -9999.0 -9999.0 -9999.0 -9999.0 -9999.0 -9999.0 -9999.0 -9999.0 -9999.0 -9999.0 -9999.0 -9999.0 -9999.0 -9999.0 -9999.0 -9999.0 -9999.0 -9999.0 -9999.0 -9999.0 -9999.0 -9999.0 -9999.0 -9999.0 -9999.0 -9999.0 -9999.0 -9999.0 -9999.0 -9999.0 -9999.0 -9999.0 -9999.0 -9999.0 -9999.0 -9999.0 -9999.0 -9999.0 -9999.0 -9999.0 -9999.0 -9999.0 -9999.0 -9999.0 -9999.0 -9999.0 -9999.0 -9999.0 -9999.0
-9999.0 -9999.0 -9999.0 -9999.0 -9999.0 -9999.0 -9999.0 -9999.0 -9999.0 -9999.0 -9999.0 -9999.0 -9999.0 -9999.0 -9999.0 -9999.0 -9999.0 -9999.0 -9999.0 -9999.0 -9999.0 -9999.0 -9999.0 -9999.0 -9999.0 -9999.0 -9999.0 -9999.0 -9999.0 -9999.0 -9999.0 -9999.0 -9999.0 -9999.0 -9999.0 -9999.0 -9999.0 -9999.0 -9999.0 -9999.0 -9999.0 -9999.0 -9999.0 -9999.0 -9999.0 -9999.0 -9999.0 -9999.0 -9999.0 -9999.0 -9999.0 -9999.0 -9999.0 -9999.0 -9999.0 -9999.0 -9999.0 -9999.0 -9999.0 -9999.0 -9999.0 -9999.0 -9999.0 -9999.0 -9999.0 -9999.0 -9999.0 -9999.0 -9999.0 -9999.0 -9999.0 -9999.0 -9999.0 -9999.0 -9999.0 -9999.0 -9999.0 -9999.0 -9999.0 -9999.0