Borden_/Borden1m_014/output_maps/psiliqL0007N0023.asc
ncols         80
nrows         18
xllcorner     620200.000000
yllcorner     5168000.000000
cellsize      1.000000
NODATA_value  -9999.0
-9999.0 -9999.0 -9999.0 -9999.0 -9999.0 -9999.0 -9999.0 -9999.0 -9999.0 -9999.0 -9999.0 -9999.0 -9999.0 -9999.0 -9999.0 -9999.0 -9999.0 -9999.0 -9999.0 -9999.0 -9999.0 -9999.0 -9999.0 -9999.0 -9999.0 -9999.0 -9999.0 -9999.0 -9999.0 -9999.0 -9999.0 -9999.0 -9999.0 -9999.0 -9999.0 -9999.0 -9999.0 -9999.0 -9999.0 -9999.0 -9999.0 -9999.0 -9999.0 -9999.0 -9999.0 -9999.0 -9999.0 -9999.0 -9999.0 -9999.0 -9999.0 -9999.0 -9999.0 -9999.0 -9999.0 -9999.0 -9999.0 -9999.0 -9999.0 -9999.0 -9999.0 -9999.0 -9999.0 -9999.0 -9999.0 -9999.0 -9999.0 -9999.0 -9999.0 -9999.0 -9999.0 -9999.0 -9999.0 -9999.0 -9999.0 -9999.0 -9999.0 -9999.0 -9999.0 -9999.0
-9999.0 -9999.0 -9999.0 -9999.0 -9999.0 -9999.0 -9999.0 -9999.0 -9999.0 -9999.0 -9999.0 -9999.0 -9999.0 -9999.0 -9999.0 -9999.0 -9999.0 -9999.0 -9999.0 -9999.0 -9999.0 -9999.0 -9999.0 -9999.0 -9999.0 -9999.0 -9999.0 -9999.0 -9999.0 -9999.0 -9999.0 -9999.0 -9999.0 -9999.0 -9999.0 -9999.0 -9999.0 -9999.0 -9999.0 -9999.0 -9999.0 -9999.0 -9999.0 -9999.0 -9999.0 -9999.0 -9999.0 -9999.0 -9999.0 -9999.0 -9999.0 -9999.0 -9999.0 -9999.0 -9999.0 -9999.0 -9999.0 -9999.0 -9999.0 -9999.0 -9999.0 -9999.0 -9999.0 -9999.0 -9999.0 -9999.0 -9999.0 -9999.0 -9999.0 -9999.0 -9999.0 -9999.0 -9999.0 -9999.0 -9999.0 -9999.0 -9999.0 -9999.0 -9999.0 -9999.0
-9999.0 -9999.0 -9999.0 -9999.0 -9999.0 -9999.0 -9999.0 -9999.0 -9999.0 -9999.0 -9999.0 -9999.0 -9999.0 -9999.0 -9999.0 -9999.0 -9999.0 -9999.0 -9999.0 -9999.0 -472.151122 -469.107064 -492.152462 -526.462439 -555.203479 -553.673985 -518.931487 -478.153589 -440.642553 -430.195851 -448.511106 -447.375961 -452.683086 -452.676983 -449.528980 -443.621481 -441.154823 -429.438276 -420.834178 -421.062131 -427.348968 -433.272164 -434.805082 -431.145912 -426.154292 -434.786973 -421.143442 -405.480788 -398.761684 -403.975758 -431.682105 -447.661840 -455.592751 -469.741325 -444.899208 -431.886117 -408.452013 -403.818686 -404.709889 -431.635881 -461.622052 -9999.0 -9999.0 -9999.0 -9999.0 -9999.0 -9999.0 -9999.0 -9999.0 -9999.0 -9999.0 -9999.0 -9999.0 -9999.0 -9999.0 -9999.0 -9999.0 -9999.0 -9999.0 -9999.0
-9999.0 -9999.0 -9999.0 -9999.0 -9999.0 -9999.0 -9999.0 -9999.0 -9999.0 -9999.0 -9999.0 -9999.0 -9999.0 -9999.0 -561.620155 -572.137513 -575.569840 -567.429222 -534.004695 -504.377881 -491.796078 -499.710055 -500.122843 -524.074090 -544.582636 -530.805806 -501.882595 -470.842883 -436.875069 -416.206602 -429.374299 -432.229693 -421.181970 -392.063987 -376.183794 -378.701540 -400.754605 -377.597361 -360.583668 -350.325422 -351.259615 -360.133819 -344.391426 -327.058643 -333.847542 -352.589831 -349.771422 -337.889123 -322.485624 -339.014341 -406.464048 -428.796416 -431.794690 -438.224324 -451.179487 -457.522723 -432.393411 -430.929889 -438.820250 -456.391861 -488.236297 -532.064596 -549.469146 -510.650108 -465.657361 -407.053630 -9999.0 -9999.0 -9999.0 -9999.0 -9999.0 -9999.0 -9999.0 -9999.0 -9999.0 -9999.0 -9999.0 -9999.0 -9999.0 -9999.0
-9999.0 -9999.0 -9999.0 -9999.0 -9999.0 -9999.0 -9999.0 -9999.0 -9999.0 -617.322793 -614.170131 -607.512003 -606.272697 -591.109357 -593.089794 -586.657041 -579.084343 -553.703454 -523.132601 -488.382700 -459.692761 -470.256666 -470.337077 -457.990837 -450.435527 -437.074383 -415.988688 -374.269206 -328.932772 -283.175004 -311.252495 -312.066373 -288.960992 -231.935774 -185.204232 -171.317774 -194.376691 -191.227381 -160.389682 -127.048627 -124.189787 -124.668057 -90.066479 -69.519053 -60.090668 -88.681590 -118.887522 -123.430669 -89.801519 -158.663476 -235.578241 -298.028263 -302.072999 -337.718582 -382.215560 -406.214524 -409.676987 -387.059819 -402.595872 -440.287433 -476.696907 -485.546912 -501.601958 -484.954724 -461.666961 -413.877030 -374.779446 -345.524427 -344.724677 -361.775694 -9999.0 -9999.0 -9999.0 -9999.0 -9999.0 -9999.0 -9999.0 -9999.0 -9999.0 -9999.0
-9999.0 -9999.0 -9999.0 -9999.0 -9999.0 -9999.0 -695.103859 -686.819074 -667.706407 -662.423478 -638.886543 -631.883147 -612.009201 -593.261998 -573.557277 -557.079032 -526.552721 -494.536348 -452.904027 -407.723998 -374.054397 -377.874784 -366.756631 -327.658467 -276.113734 -237.265077 -208.578144 -160.070274 -48.898411 18.900906 43.078249 55.371330 72.292121 110.325717 168.729933 205.652426 164.028980 144.868040 160.961112 199.821659 240.193340 245.662616 253.982621 262.743938 288.172488 276.709898 205.092467 180.169504 173.567802 163.326940 117.889521 63.914423 0.063805 -77.065452 -185.974174 -254.887666 -260.456486 -248.147461 -284.740931 -342.387096 -387.484585 -398.822223 -413.774464 -428.088816 -422.430921 -402.326974 -378.047450 -365.966606 -377.768948 -397.751756 -420.426526 -448.781802 -446.751654 -420.966023 -9999.0 -9999.0 -9999.0 -9999.0 -9999.0 -9999.0
-9999.0 -9999.0 -9999.0 -9999.0 -744.225066 -732.353290 -744.226614 -721.564345 -690.444272 -658.206620 -626.527741 -589.886904 -563.606401 -534.623149 -492.990841 -454.049263 -409.221377 -372.224937 -310.599904 -231.467298 -167.146978 -129.170165 -99.882871 -2.454504 77.025212 123.626227 138.843813 162.567772 210.486980 299.426736 330.357406 330.848602 352.963784 375.555453 423.964681 459.093608 439.372014 431.901727 435.380196 445.261200 472.665499 474.863085 476.553177 477.393866 479.790738 479.499043 454.560616 421.725093 405.827194 399.766396 371.720050 316.408368 245.399616 205.904690 178.089534 138.562404 79.762534 50.200294 -33.215511 -119.012324 -205.928141 -239.635530 -278.541160 -309.015269 -342.352698 -342.482536 -339.663196 -359.159504 -389.151166 -420.516736 -434.823234 -452.885770 -462.400730 -432.098584 -414.005446 -382.571810 -9999.0 -9999.0 -9999.0 -9999.0
-9999.0 -9999.0 -801.316371 -751.584108 -696.632043 -688.776385 -686.995601 -683.005959 -657.281290 -607.842614 -529.375173 -476.155274 -430.360618 -399.018079 -333.536437 -237.160948 -142.370835 -67.882399 22.402183 94.311503 147.884077 185.573069 234.114355 277.752190 320.879608 377.731634 396.984571 414.010664 450.258605 483.082814 506.729157 521.742804 527.518340 524.591895 525.611118 525.278319 521.496206 515.855472 498.543332 496.026032 503.654036 506.847238 510.012265 497.652670 493.821116 506.139800 507.851818 507.740888 508.283309 516.961304 525.611089 495.106854 442.317556 426.944598 412.341974 381.920827 322.393084 255.459441 223.181762 181.854432 112.679642 65.124402 -6.290881 -90.468239 -168.965448 -214.491312 -268.138243 -311.039335 -356.703691 -401.575676 -424.305211 -442.100981 -443.580846 -442.216646 -425.649230 -409.512386 -393.742291 -385.747086 -9999.0 -9999.0
-9999.0 -898.823193 -826.526893 -699.428862 -621.707080 -577.710779 -536.899873 -507.616070 -484.379898 -471.094956 -358.135197 -236.558471 -127.528954 -80.239057 4.200671 111.382104 224.305298 267.920723 299.466274 338.586883 394.428191 439.198247 469.304122 499.800007 525.623182 525.454327 523.472981 523.087729 516.657403 509.823069 499.994666 506.767515 505.436207 489.842202 476.725412 475.063199 469.244599 441.115613 414.029518 400.352689 404.238305 425.038614 414.805588 395.191213 391.650147 411.345595 427.746538 420.020405 406.943084 426.331445 460.232925 480.976276 496.429679 510.759172 530.066933 508.392322 476.213726 435.242483 408.512259 388.118486 315.425813 252.382639 197.035195 135.635756 75.722509 -11.328047 -109.914528 -188.783739 -263.103840 -304.987619 -337.043211 -389.851365 -413.099164 -410.888336 -419.668490 -421.676944 -414.617251 -407.975168 -9999.0 -9999.0
-9999.0 -968.369397 -825.228690 -640.027916 -494.381077 -431.512426 -302.860852 -211.090835 -177.964652 -201.523555 -47.003939 208.520413 280.466893 299.095540 362.723342 437.365459 477.458331 503.812597 520.002597 515.925002 512.990800 517.051371 514.377708 507.027993 493.958646 486.218770 485.433901 482.381715 463.216863 444.451656 426.772166 421.324041 408.400111 374.199819 345.508137 331.663197 313.845951 266.554391 223.118620 193.199862 179.460260 197.382215 188.299137 171.419213 168.013042 190.448279 224.013327 220.890761 229.994062 255.976200 299.826119 355.505636 378.751637 406.789660 441.418946 482.541762 501.057847 520.540498 525.087765 502.764005 461.494744 413.624340 380.650992 303.179265 231.268085 154.559129 99.451348 47.754338 -44.435401 -120.278461 -187.305475 -256.419723 -319.642130 -349.042253 -388.470557 -409.453379 -9999.0 -9999.0 -9999.0 -9999.0
-9999.0 -1031.080472 -839.434585 -573.356758 -315.823735 -161.010011 70.624554 202.671967 303.160084 324.064824 383.393139 482.569334 499.907616 490.424873 471.933205 471.662806 483.964719 487.262492 483.371638 473.699373 461.917805 450.114530 452.588376 440.851462 435.631037 421.036310 408.591982 394.113109 337.241083 302.427673 271.787993 252.830243 215.600432 134.899258 101.443429 74.458905 7.367102 -12.765708 -34.997537 -81.428211 -109.841232 -129.133321 -106.568397 -108.466098 -108.407639 -95.220084 -62.270244 -32.699123 26.329494 71.954621 110.231524 158.132168 192.484191 238.873123 289.537190 361.531846 392.440273 420.583589 461.863848 503.563603 525.676905 517.726594 488.603791 448.490583 383.532079 302.730771 256.754885 195.528783 134.117938 86.331336 45.395984 -27.416385 -135.651640 -255.031814 -299.445336 -9999.0 -9999.0 -9999.0 -9999.0 -9999.0
-9999.0 -1179.942876 -912.530673 -615.213616 -273.079670 75.007226 184.441496 376.857082 450.340999 381.324477 331.691015 367.543807 396.556965 413.773873 394.167723 387.648416 380.610820 380.672473 393.210833 366.239379 319.563875 302.098541 300.151450 286.219567 260.951082 240.232703 224.613398 202.685507 153.364548 112.170283 46.680166 7.909820 -97.235828 -187.313296 -241.905222 -294.433538 -351.861461 -355.279153 -340.386012 -358.599396 -381.596067 -400.866096 -375.158394 -360.026706 -349.297743 -358.808837 -349.320221 -313.156472 -261.048561 -212.820776 -151.700218 -73.310167 -1.818887 68.587313 100.612238 148.287648 193.115854 243.514418 318.295907 410.631267 444.389963 478.764652 515.097954 531.975915 488.516671 442.668920 397.374604 349.053561 256.603281 199.053851 168.562965 131.275791 80.503800 -9999.0 -9999.0 -9999.0 -9999.0 -9999.0 -9999.0 -9999.0
-9999.0 -1315.556379 -1080.654820 -829.108760 -527.985988 -284.999092 -71.114192 69.399662 174.823394 132.448261 130.449137 153.203872 179.217615 200.317290 179.571892 149.232667 127.922513 132.117860 132.774887 112.602687 87.214167 74.984940 73.310202 62.487309 24.562328 -0.945507 -19.569247 -55.679485 -112.774984 -184.569265 -277.526674 -349.257985 -414.426305 -451.494396 -482.227102 -515.676860 -555.138837 -544.270109 -529.139649 -533.968042 -546.771132 -551.695577 -522.086402 -504.040389 -494.203580 -508.022756 -490.076056 -463.443282 -421.805256 -380.272438 -332.204640 -276.912635 -220.143181 -182.471244 -159.000189 -115.058521 -46.463848 40.708387 123.226200 218.062898 294.558013 359.563558 411.140845 444.731683 462.529496 482.261351 475.989623 429.122046 339.633971 276.747567 242.509662 -9999.0 -9999.0 -9999.0 -9999.0 -9999.0 -9999.0 -9999.0 -9999.0 -9999.0
-9999.0 -9999.0 -1318.203990 -1124.580331 -959.938367 -774.521123 -629.086961 -525.779823 -453.570680 -365.212488 -276.316713 -199.251251 -153.334996 -133.289367 -156.773308 -205.034009 -234.774015 -234.834868 -244.563749 -260.696704 -287.803224 -298.873254 -309.019875 -318.064500 -334.232496 -343.276842 -349.435196 -361.502593 -385.428483 -433.413989 -487.582388 -539.870051 -594.229368 -618.767395 -640.385975 -662.996757 -666.806413 -667.929684 -660.760666 -659.629009 -654.713127 -643.328377 -622.599628 -601.663953 -592.575431 -586.214461 -573.992280 -550.823927 -518.223629 -478.208016 -426.864871 -372.001225 -334.520596 -322.938598 -332.442875 -325.564689 -300.710236 -249.394005 -141.611018 -6.377427 96.970560 165.757648 240.840915 295.778620 327.653056 357.543986 399.754816 398.539749 249.267702 284.188371 -9999.0 -9999.0 -9999.0 -9999.0 -9999.0 -9999.0 -9999.0 -9999.0 -9999.0 -9999.0
-9999.0 -9999.0 -9999.0 -9999.0 -1267.442233 -1109.850384 -1017.617334 -936.914726 -820.809421 -717.898495 -629.953128 -557.097852 -507.329998 -484.922623 -497.971279 -505.967325 -515.083278 -518.212452 -526.547172 -532.996217 -539.511745 -547.249859 -557.691481 -565.103048 -566.021843 -562.686303 -564.379044 -576.947643 -591.952429 -619.661388 -643.991663 -678.866710 -715.623200 -744.280049 -756.930893 -763.915989 -763.417433 -768.456019 -758.740722 -752.694336 -738.038062 -722.683764 -698.797402 -670.896475 -658.814807 -644.977482 -635.512642 -614.958316 -585.624385 -533.797288 -472.658636 -418.077288 -385.773276 -383.772100 -411.942358 -429.494402 -434.044884 -406.672145 -357.811703 -282.086666 -163.757032 -54.840856 45.306120 97.729344 131.036403 181.299187 252.326581 318.679753 -9999.0 -9999.0 -9999.0 -9999.0 -9999.0 -9999.0 -9999.0 -9999.0 -9999.0 -9999.0 -9999.0 -9999.0
-9999.0 -9999.0 -9999.0 -9999.0 -9999.0 -9999.0 -1326.158703 -1232.841925 -1144.159355 -1027.801430 -920.991254 -833.717210 -763.039957 -740.555731 -725.602667 -704.600506 -709.714580 -726.004723 -741.597281 -725.663979 -717.038935 -721.394063 -747.654400 -749.137730 -745.869811 -736.265484 -737.039228 -742.720615 -766.869788 -759.377331 -761.050471 -783.529787 -809.087413 -823.281811 -834.524916 -824.437620 -823.390883 -835.489341 -832.607466 -806.915914 -787.519869 -774.118789 -751.621264 -718.786767 -687.191465 -673.386433 -672.745927 -666.808350 -625.479713 -556.053812 -487.097774 -435.226050 -406.025425 -400.203894 -430.662323 -473.763963 -497.583236 -493.223651 -460.948816 -409.024669 -331.202865 -278.907807 -240.948614 -210.883607 -172.152871 -40.264258 -9999.0 -9999.0 -9999.0 -9999.0 -9999.0 -9999.0 -9999.0 -9999.0 -9999.0 -9999.0 -9999.0 -9999.0 -9999.0 -9999.0
-9999.0 -9999.0 -9999.0 -9999.0 -9999.0 -9999.0 -9999.0 -9999.0 -9999.0 -9999.0 -9999.0 -9999.0 -9999.0 -9999.0 -9999.0 -9999.0 -9999.0 -9999.0 -9999.0 -9999.0 -9999.0 -9999.0 -9999.0 -9999.0 -9999.0 -9999.0 -9999.0 -9999.0 -9999.0 -9999.0 -9999.0 -9999.0 -9999.0 -9999.0 -9999.0 -9999.0 -9999.0 -9999.0 -9999.0 -9999.0 -9999.0 -9999.0 -9999.0 -9999.0 -9999.0 -9999.0 -9999.0 -9999.0 -9999.0 -9999.0 -9999.0 -9999.0 -9999.0 -9999.0 -9999.0 -9999.0 -9999.0 -9999.0 -9999.0 -9999.0 -9999.0 -9999.0 -9999.0 -9999.0 -9999.0 -9999.0 -9999.0 -9999.0 -9999.0 -9999.0 -9999.0 -9999.0 -9999.0 -9999.0 -9999.0 -9999.0 -9999.0 -9999.0 -9999.0 -9999.0
-9999.0 -9999.0 -9999.0 -9999.0 -9999.0 -9999.0 -9999.0 -9999.0 -9999.0 -9999.0 -9999.0 -9999.0 -9999.0 -9999.0 -9999.0 -9999.0 -9999.0 -9999.0 -9999.0 -9999.0 -9999.0 -9999.0 -9999.0 -9999.0 -9999.0 -9999.0 -9999.0 -9999.0 -9999.0 -9999.0 -9999.0 -9999.0 -9999.0 -9999.0 -9999.0 -9999.0 -9999.0 -9999.0 -9999.0 -9999.0 -9999.0 -9999.0 -9999.0 -9999.0 -9999.0 -9999.0 -9999.0 -9999.0 -9999.0 -9999.0 -9999.0 -9999.0 -9999.0 -9999.0 -9999.0 -9999.0 -9999.0 -9999.0 -9999.0 -9999.0 -9999.0 -9999.0 -9999.0 -9999.0 -9999.0 -9999.0 -9999.0 -9999.0 -9999.0 -9999.0 -9999.0 -9999.0 -9999.0 -9999.0 -9999.0 -9999.0 -9999.0 -9999.0 -9999.0 -9999.0