Borden_/Borden1m_014/output_maps/psiliqL0014N0024.asc
ncols         80
nrows         18
xllcorner     620200.000000
yllcorner     5168000.000000
cellsize      1.000000
NODATA_value  -9999.0
-9999.0 -9999.0 -9999.0 -9999.0 -9999.0 -9999.0 -9999.0 -9999.0 -9999.0 -9999.0 -9999.0 -9999.0 -9999.0 -9999.0 -9999.0 -9999.0 -9999.0 -9999.0 -9999.0 -9999.0 -9999.0 -9999.0 -9999.0 -9999.0 -9999.0 -9999.0 -9999.0 -9999.0 -9999.0 -9999.0 -9999.0 -9999.0 -9999.0 -9999.0 -9999.0 -9999.0 -9999.0 -9999.0 -9999.0 -9999.0 -9999.0 -9999.0 -9999.0 -9999.0 -9999.0 -9999.0 -9999.0 -9999.0 -9999.0 -9999.0 -9999.0 -9999.0 -9999.0 -9999.0 -9999.0 -9999.0 -9999.0 -9999.0 -9999.0 -9999.0 -9999.0 -9999.0 -9999.0 -9999.0 -9999.0 -9999.0 -9999.0 -9999.0 -9999.0 -9999.0 -9999.0 -9999.0 -9999.0 -9999.0 -9999.0 -9999.0 -9999.0 -9999.0 -9999.0 -9999.0
-9999.0 -9999.0 -9999.0 -9999.0 -9999.0 -9999.0 -9999.0 -9999.0 -9999.0 -9999.0 -9999.0 -9999.0 -9999.0 -9999.0 -9999.0 -9999.0 -9999.0 -9999.0 -9999.0 -9999.0 -9999.0 -9999.0 -9999.0 -9999.0 -9999.0 -9999.0 -9999.0 -9999.0 -9999.0 -9999.0 -9999.0 -9999.0 -9999.0 -9999.0 -9999.0 -9999.0 -9999.0 -9999.0 -9999.0 -9999.0 -9999.0 -9999.0 -9999.0 -9999.0 -9999.0 -9999.0 -9999.0 -9999.0 -9999.0 -9999.0 -9999.0 -9999.0 -9999.0 -9999.0 -9999.0 -9999.0 -9999.0 -9999.0 -9999.0 -9999.0 -9999.0 -9999.0 -9999.0 -9999.0 -9999.0 -9999.0 -9999.0 -9999.0 -9999.0 -9999.0 -9999.0 -9999.0 -9999.0 -9999.0 -9999.0 -9999.0 -9999.0 -9999.0 -9999.0 -9999.0
-9999.0 -9999.0 -9999.0 -9999.0 -9999.0 -9999.0 -9999.0 -9999.0 -9999.0 -9999.0 -9999.0 -9999.0 -9999.0 -9999.0 -9999.0 -9999.0 -9999.0 -9999.0 -9999.0 -9999.0 945.730537 948.651789 927.264094 894.482616 867.551079 870.890921 906.689943 949.259406 989.199040 1000.583153 984.069495 987.819549 984.326621 983.911497 986.980374 994.300323 998.907502 1010.419695 1019.258133 1019.448418 1014.075952 1009.655897 1010.501919 1013.739631 1018.889943 1007.335760 1020.338783 1034.530552 1038.715238 1032.362196 1004.055629 987.156043 976.639548 959.497961 982.389980 992.704558 1014.052785 1016.896731 1014.032702 986.069882 955.392503 -9999.0 -9999.0 -9999.0 -9999.0 -9999.0 -9999.0 -9999.0 -9999.0 -9999.0 -9999.0 -9999.0 -9999.0 -9999.0 -9999.0 -9999.0 -9999.0 -9999.0 -9999.0 -9999.0
-9999.0 -9999.0 -9999.0 -9999.0 -9999.0 -9999.0 -9999.0 -9999.0 -9999.0 -9999.0 -9999.0 -9999.0 -9999.0 -9999.0 852.567420 843.634429 841.804231 851.232605 885.795736 916.779645 929.232193 922.618793 923.790239 901.454020 882.139633 897.466813 928.666145 961.911557 998.298257 1020.313601 1010.640358 1009.922472 1020.862452 1046.982133 1060.440915 1058.308658 1038.955103 1062.645018 1078.874556 1088.160620 1088.623135 1081.190377 1094.887849 1110.903100 1103.797870 1085.775711 1089.757467 1100.602159 1111.754406 1096.659259 1031.732029 1010.883734 1004.591607 995.807161 979.870044 971.902128 995.767761 994.401680 984.755441 965.563338 931.931377 887.173941 867.859524 905.573840 948.412619 1004.856557 -9999.0 -9999.0 -9999.0 -9999.0 -9999.0 -9999.0 -9999.0 -9999.0 -9999.0 -9999.0 -9999.0 -9999.0 -9999.0 -9999.0
-9999.0 -9999.0 -9999.0 -9999.0 -9999.0 -9999.0 -9999.0 -9999.0 -9999.0 792.409148 797.490004 805.602254 808.870982 825.493687 823.984285 832.150530 840.382636 868.597561 900.896215 937.093958 966.844255 959.117579 961.206795 973.112750 978.349680 991.986196 1015.390584 1058.037813 1100.661452 1144.301980 1118.141688 1117.912044 1138.653156 1186.572298 1220.222060 1227.924594 1209.550143 1218.108424 1243.808805 1267.320598 1268.754505 1268.011064 1294.174019 1308.772276 1309.712020 1288.134494 1273.196229 1271.786924 1295.748380 1242.825953 1175.573120 1123.766031 1125.112200 1092.382172 1052.096539 1030.087119 1025.511513 1044.135617 1027.189956 988.190327 950.429940 938.176410 919.519302 935.298498 956.221149 1001.305942 1038.998275 1066.385938 1064.946966 1046.737165 -9999.0 -9999.0 -9999.0 -9999.0 -9999.0 -9999.0 -9999.0 -9999.0 -9999.0 -9999.0
-9999.0 -9999.0 -9999.0 -9999.0 -9999.0 -9999.0 712.499886 722.560342 743.550847 748.986621 775.202113 783.581143 805.319688 825.870065 848.789074 866.751914 898.384686 933.001002 975.724286 1020.634165 1054.481678 1051.445641 1064.394569 1097.966952 1139.583359 1170.517668 1197.442163 1240.161478 1320.441046 1366.730348 1377.402355 1384.547699 1395.766198 1444.439364 1508.354097 1524.425381 1503.080546 1487.851318 1507.839645 1544.941674 1553.717623 1556.770481 1567.805618 1577.554710 1602.765981 1591.849602 1549.512429 1533.076372 1529.486161 1512.783775 1452.350716 1388.529438 1350.945872 1297.603219 1211.861861 1155.112199 1159.434896 1174.922995 1142.497004 1085.490843 1041.954090 1029.147744 1012.044549 996.713743 1001.039950 1018.474187 1039.201112 1048.854270 1034.481476 1012.188574 988.342992 958.605186 959.596228 984.205575 -9999.0 -9999.0 -9999.0 -9999.0 -9999.0 -9999.0
-9999.0 -9999.0 -9999.0 -9999.0 661.771008 675.169011 663.655342 689.431953 722.951423 758.060094 791.122365 829.303203 858.119327 890.181233 932.722039 969.557234 1014.028833 1052.515818 1110.294966 1181.237184 1234.986948 1262.122143 1281.493505 1343.983805 1407.928224 1461.342429 1483.051885 1511.935074 1557.737363 1621.117498 1650.547947 1658.606015 1676.753282 1711.661012 1758.390140 1791.414214 1774.344948 1766.167438 1771.636198 1783.463949 1808.359264 1810.761786 1813.234644 1815.713472 1819.673361 1817.794560 1792.259385 1758.001312 1743.644238 1734.085318 1705.080601 1636.321102 1593.253128 1560.683380 1526.243562 1474.458232 1409.698533 1391.142784 1330.598264 1269.424549 1203.486856 1178.664660 1144.977755 1116.177308 1084.017618 1082.820000 1083.473593 1060.805634 1026.758673 992.822519 976.340779 956.343546 944.406408 973.542157 990.402799 1020.288009 -9999.0 -9999.0 -9999.0 -9999.0
-9999.0 -9999.0 601.670291 650.863646 708.363099 717.978252 719.588925 726.513502 756.091352 809.523324 886.814087 939.113692 983.870937 1020.312062 1083.353199 1166.105995 1242.039183 1295.005005 1358.551912 1430.362024 1493.645652 1529.396414 1550.442806 1591.468991 1645.931191 1706.953598 1733.472940 1760.175934 1791.871959 1826.584603 1840.267588 1855.115510 1863.685935 1866.333305 1871.811111 1873.228572 1868.129190 1861.563893 1842.325469 1838.213776 1845.345818 1850.594999 1852.622094 1839.733716 1835.805248 1848.776124 1851.863045 1850.739034 1850.552158 1857.957245 1861.974456 1823.563964 1783.909935 1767.432399 1756.776527 1712.544146 1648.339304 1604.461483 1579.442255 1535.288138 1457.091336 1404.059091 1350.657783 1298.068355 1242.102776 1207.480508 1157.423177 1112.162579 1063.149759 1014.846361 989.414445 969.739175 965.900265 964.630063 979.764199 994.337594 1009.076238 1016.542452 -9999.0 -9999.0
-9999.0 498.718134 571.379220 698.220904 778.951899 824.704698 858.744454 883.842825 913.692225 940.557936 1047.983245 1140.976205 1234.405852 1274.680647 1329.719866 1429.547100 1525.524973 1572.985971 1612.484256 1668.796964 1728.667535 1776.143003 1805.883230 1820.041867 1853.860224 1865.972415 1868.707424 1871.913079 1868.252305 1861.082899 1852.577132 1859.039712 1855.574648 1837.033030 1821.285797 1817.820696 1810.999915 1784.643305 1754.372962 1738.244198 1739.984424 1761.789252 1750.371090 1730.465066 1726.974671 1747.883779 1767.115994 1759.649390 1749.544247 1768.632256 1803.891955 1826.424958 1837.524400 1853.962355 1874.602704 1849.366514 1820.379286 1778.386517 1758.016311 1727.982193 1668.801544 1606.673619 1551.116860 1489.353100 1421.673349 1351.310483 1284.794988 1220.472377 1151.231164 1107.300974 1073.564329 1021.022596 997.763160 997.596805 987.283531 983.316479 988.519255 994.437963 -9999.0 -9999.0
-9999.0 419.138084 561.867324 746.965105 896.165010 957.060324 1062.593236 1143.737591 1173.809155 1148.638037 1259.723552 1479.884642 1580.908813 1599.656695 1672.120005 1759.478971 1782.108044 1815.044872 1837.883589 1847.541001 1855.498910 1865.429679 1864.504842 1859.456931 1845.366849 1837.510563 1835.854237 1832.209795 1813.669920 1793.573785 1775.023830 1769.893246 1750.905335 1707.411566 1674.564398 1656.900488 1639.359582 1615.852806 1579.915980 1551.125838 1535.367643 1550.594750 1543.429747 1527.063260 1523.667841 1546.216801 1579.611579 1577.223502 1587.017337 1610.865875 1651.926690 1692.783840 1716.525812 1747.571985 1785.147141 1829.710200 1846.152951 1867.822413 1872.202353 1852.430522 1807.971779 1755.473499 1720.409275 1656.953032 1583.949374 1505.382601 1440.386387 1377.450632 1305.627341 1255.165471 1204.427958 1143.663334 1085.843258 1059.207216 1017.815157 996.729949 -9999.0 -9999.0 -9999.0 -9999.0
-9999.0 341.496182 530.071694 789.500356 1064.665297 1180.087045 1385.788221 1515.100713 1574.535848 1640.800965 1625.821883 1768.224991 1806.368499 1802.871591 1801.494221 1806.666515 1823.262645 1828.034280 1825.694757 1816.811933 1808.464194 1804.706294 1803.245675 1795.631129 1782.669043 1766.723325 1752.328609 1737.743011 1698.084824 1663.708357 1627.171659 1610.563743 1570.462783 1479.313172 1436.520511 1400.583194 1342.861009 1333.653186 1324.212518 1293.339353 1272.130894 1251.559074 1272.814096 1276.751166 1279.377538 1284.458224 1303.716792 1329.144735 1375.647474 1414.056402 1459.533972 1512.951769 1548.998869 1594.063524 1641.859618 1699.081143 1732.908809 1765.054535 1812.712854 1852.292954 1875.536838 1864.578052 1836.517643 1790.225348 1719.711948 1652.994215 1604.288170 1532.813755 1467.538764 1412.338571 1363.331357 1307.417403 1237.079554 1149.705372 1105.316696 -9999.0 -9999.0 -9999.0 -9999.0 -9999.0
-9999.0 164.466494 432.222103 721.389991 1038.309033 1366.658314 1498.498789 1630.552433 1702.919831 1666.101604 1669.190550 1690.723824 1732.874896 1742.051751 1724.228598 1717.438607 1707.852278 1708.956159 1722.677147 1697.294364 1667.896036 1654.404073 1653.348170 1640.686225 1616.157718 1597.493320 1583.314075 1561.182330 1511.856994 1460.463501 1379.141968 1347.623902 1269.593179 1210.247743 1164.802032 1114.896275 1063.058822 1060.177628 1075.507797 1059.086381 1035.858222 1016.955433 1043.271086 1060.770837 1073.144687 1062.838025 1073.111939 1110.279259 1161.198372 1206.648656 1258.324756 1315.521867 1364.806809 1415.443213 1449.598984 1501.676688 1550.755764 1599.453064 1674.396806 1753.852689 1791.628944 1827.103771 1860.502215 1875.768574 1824.653815 1775.251840 1725.274752 1666.266398 1583.821006 1535.760326 1506.417785 1459.648501 1400.967048 -9999.0 -9999.0 -9999.0 -9999.0 -9999.0 -9999.0 -9999.0
-9999.0 37.132439 257.580751 489.609851 776.729509 1015.816156 1210.569263 1322.218976 1402.056236 1431.451301 1462.300153 1495.440897 1526.565533 1549.895592 1529.626922 1492.741360 1465.987582 1470.942387 1467.957124 1444.714838 1415.573496 1400.634626 1397.812079 1389.583361 1363.140442 1346.398745 1333.355744 1308.196760 1271.531702 1214.362297 1133.780266 1061.031676 998.478437 964.838972 934.440856 901.229288 864.496630 873.970599 886.213799 881.847975 870.533844 867.084077 896.240225 915.221117 925.550790 914.107501 933.718808 961.168997 1003.617747 1047.312777 1097.259549 1153.729333 1209.121666 1240.663335 1257.030504 1285.979494 1329.502622 1387.467794 1475.712242 1571.717936 1650.116300 1700.591909 1752.461873 1787.146160 1801.758310 1815.911877 1793.936730 1716.046868 1597.174160 1597.152537 1591.044102 -9999.0 -9999.0 -9999.0 -9999.0 -9999.0 -9999.0 -9999.0 -9999.0 -9999.0
-9999.0 -9999.0 23.465470 203.171462 345.165540 526.860884 678.531273 789.426015 876.158769 984.429445 1085.600979 1166.997383 1210.744649 1228.566291 1214.155411 1180.238996 1158.663581 1159.111311 1149.552580 1138.396435 1117.607657 1109.190765 1098.039705 1089.058937 1077.128726 1069.838750 1063.002090 1050.015598 1026.239104 978.348986 928.148932 875.965809 821.745932 795.690096 773.332175 751.201198 748.943896 745.219667 750.829404 751.973421 758.240007 770.480196 790.707730 812.566850 822.362583 830.945244 843.762878 867.857663 901.427782 943.907013 998.047018 1055.971884 1096.315378 1110.060619 1101.967875 1109.189699 1132.643526 1178.790619 1264.201210 1353.178942 1450.414164 1523.487927 1596.861142 1650.907727 1669.912169 1688.981619 1708.522841 1645.629783 1298.845734 1532.701853 -9999.0 -9999.0 -9999.0 -9999.0 -9999.0 -9999.0 -9999.0 -9999.0 -9999.0 -9999.0
-9999.0 -9999.0 -9999.0 -9999.0 61.205408 217.085868 313.780884 397.708739 524.824390 641.905249 739.490833 820.361610 879.560550 905.240880 899.239056 901.706730 896.398718 891.229867 882.032835 879.780918 877.275007 869.500701 855.770463 847.791466 847.496471 851.182990 847.940364 833.591379 815.560665 791.093127 769.217433 734.197633 697.551150 668.032840 654.624708 648.339260 648.042375 641.391961 650.195301 657.095910 672.096128 687.326546 711.141171 739.934232 753.391732 768.086231 777.990670 798.824603 829.365068 882.834031 946.194047 1003.800219 1039.445833 1044.115412 1019.707235 1005.061879 1002.899208 1032.676270 1080.737457 1152.056590 1257.162956 1334.770857 1398.132406 1447.110782 1482.593843 1532.308499 1590.523948 1627.311780 -9999.0 -9999.0 -9999.0 -9999.0 -9999.0 -9999.0 -9999.0 -9999.0 -9999.0 -9999.0 -9999.0 -9999.0
-9999.0 -9999.0 -9999.0 -9999.0 -9999.0 -9999.0 15.510057 115.465175 198.420603 331.835076 456.736102 554.700487 632.863317 662.491314 686.088041 711.494582 709.009585 691.343211 673.266568 691.238000 703.553129 697.814169 668.426582 667.313698 671.271682 679.392241 677.039213 670.241479 644.828610 654.781340 654.403932 630.901178 604.583137 590.319932 578.398101 587.973438 588.280120 574.953259 576.058304 602.515646 622.528581 635.748601 657.787425 690.975067 723.212738 738.171427 739.519506 745.821856 786.482796 856.860088 928.190699 983.120609 1015.244397 1023.341756 996.075661 956.266912 936.236140 944.194498 980.303291 1035.191571 1113.766848 1166.447552 1197.712882 1216.961140 1241.189572 1335.388077 -9999.0 -9999.0 -9999.0 -9999.0 -9999.0 -9999.0 -9999.0 -9999.0 -9999.0 -9999.0 -9999.0 -9999.0 -9999.0 -9999.0
-9999.0 -9999.0 -9999.0 -9999.0 -9999.0 -9999.0 -9999.0 -9999.0 -9999.0 -9999.0 -9999.0 -9999.0 -9999.0 -9999.0 -9999.0 -9999.0 -9999.0 -9999.0 -9999.0 -9999.0 -9999.0 -9999.0 -9999.0 -9999.0 -9999.0 -9999.0 -9999.0 -9999.0 -9999.0 -9999.0 -9999.0 -9999.0 -9999.0 -9999.0 -9999.0 -9999.0 -9999.0 -9999.0 -9999.0 -9999.0 -9999.0 -9999.0 -9999.0 -9999.0 -9999.0 -9999.0 -9999.0 -9999.0 -9999.0 -9999.0 -9999.0 -9999.0 -9999.0 -9999.0 -9999.0 -9999.0 -9999.0 -9999.0 -9999.0 -9999.0 -9999.0 -9999.0 -9999.0 -9999.0 -9999.0 -9999.0 -9999.0 -9999.0 -9999.0 -9999.0 -9999.0 -9999.0 -9999.0 -9999.0 -9999.0 -9999.0 -9999.0 -9999.0 -9999.0 -9999.0
-9999.0 -9999.0 -9999.0 -9999.0 -9999.0 -9999.0 -9999.0 -9999.0 -9999.0 -9999.0 -9999.0 -9999.0 -9999.0 -9999.0 -9999.0 -9999.0 -9999.0 -9999.0 -9999.0 -9999.0 -9999.0 -9999.0 -9999.0 -9999.0 -9999.0 -9999.0 -9999.0 -9999.0 -9999.0 -9999.0 -9999.0 -9999.0 -9999.0 -9999.0 -9999.0 -9999.0 -9999.0 -9999.0 -9999.0 -9999.0 -9999.0 -9999.0 -9999.0 -9999.0 -9999.0 -9999.0 -9999.0 -9999.0 -9999.0 -9999.0 -9999.0 -9999.0 -9999.0 -9999.0 -9999.0 -9999.0 -9999.0 -9999.0 -9999.0 -9999.0 -9999.0 -9999.0 -9999.0 -9999.0 -9999.0 -9999.0 -9999.0 -9999.0 -9999.0 -9999.0 -9999.0 -9999.0 -9999.0 -9999.0 -9999.0 -9999.0 -9999.0 -9999.0 -9999.0 -9999.0