Borden_/Borden1m_014/output_maps/psiliqL0024N0007.asc
ncols         80
nrows         18
xllcorner     620200.000000
yllcorner     5168000.000000
cellsize      1.000000
NODATA_value  -9999.0
-9999.0 -9999.0 -9999.0 -9999.0 -9999.0 -9999.0 -9999.0 -9999.0 -9999.0 -9999.0 -9999.0 -9999.0 -9999.0 -9999.0 -9999.0 -9999.0 -9999.0 -9999.0 -9999.0 -9999.0 -9999.0 -9999.0 -9999.0 -9999.0 -9999.0 -9999.0 -9999.0 -9999.0 -9999.0 -9999.0 -9999.0 -9999.0 -9999.0 -9999.0 -9999.0 -9999.0 -9999.0 -9999.0 -9999.0 -9999.0 -9999.0 -9999.0 -9999.0 -9999.0 -9999.0 -9999.0 -9999.0 -9999.0 -9999.0 -9999.0 -9999.0 -9999.0 -9999.0 -9999.0 -9999.0 -9999.0 -9999.0 -9999.0 -9999.0 -9999.0 -9999.0 -9999.0 -9999.0 -9999.0 -9999.0 -9999.0 -9999.0 -9999.0 -9999.0 -9999.0 -9999.0 -9999.0 -9999.0 -9999.0 -9999.0 -9999.0 -9999.0 -9999.0 -9999.0 -9999.0
-9999.0 -9999.0 -9999.0 -9999.0 -9999.0 -9999.0 -9999.0 -9999.0 -9999.0 -9999.0 -9999.0 -9999.0 -9999.0 -9999.0 -9999.0 -9999.0 -9999.0 -9999.0 -9999.0 -9999.0 -9999.0 -9999.0 -9999.0 -9999.0 -9999.0 -9999.0 -9999.0 -9999.0 -9999.0 -9999.0 -9999.0 -9999.0 -9999.0 -9999.0 -9999.0 -9999.0 -9999.0 -9999.0 -9999.0 -9999.0 -9999.0 -9999.0 -9999.0 -9999.0 -9999.0 -9999.0 -9999.0 -9999.0 -9999.0 -9999.0 -9999.0 -9999.0 -9999.0 -9999.0 -9999.0 -9999.0 -9999.0 -9999.0 -9999.0 -9999.0 -9999.0 -9999.0 -9999.0 -9999.0 -9999.0 -9999.0 -9999.0 -9999.0 -9999.0 -9999.0 -9999.0 -9999.0 -9999.0 -9999.0 -9999.0 -9999.0 -9999.0 -9999.0 -9999.0 -9999.0
-9999.0 -9999.0 -9999.0 -9999.0 -9999.0 -9999.0 -9999.0 -9999.0 -9999.0 -9999.0 -9999.0 -9999.0 -9999.0 -9999.0 -9999.0 -9999.0 -9999.0 -9999.0 -9999.0 -9999.0 2926.140580 2927.280283 2905.419959 2871.229277 2842.838894 2844.470975 2877.331440 2917.672610 2956.029215 2963.475449 2944.301755 2947.622722 2942.885888 2938.572949 2938.843547 2946.201587 2952.300169 2962.011848 2968.987384 2966.810796 2959.540112 2954.426829 2956.554352 2958.326036 2964.452449 2950.634685 2966.357674 2980.127139 2985.149407 2982.419937 2960.658608 2948.546524 2940.791108 2925.597650 2952.144765 2964.122620 2986.499524 2991.407725 2989.836364 2964.321197 2934.461265 -9999.0 -9999.0 -9999.0 -9999.0 -9999.0 -9999.0 -9999.0 -9999.0 -9999.0 -9999.0 -9999.0 -9999.0 -9999.0 -9999.0 -9999.0 -9999.0 -9999.0 -9999.0 -9999.0
-9999.0 -9999.0 -9999.0 -9999.0 -9999.0 -9999.0 -9999.0 -9999.0 -9999.0 -9999.0 -9999.0 -9999.0 -9999.0 -9999.0 2836.391502 2827.353783 2824.237814 2831.372509 2863.650578 2893.575928 2905.192842 2897.514215 2897.092030 2872.224412 2849.360516 2861.737732 2890.657161 2920.643800 2953.546171 2970.745813 2959.265639 2956.353252 2963.297400 2980.836913 2989.065944 2985.276492 2969.726655 2991.019942 3004.218183 3008.828546 3006.724948 2996.861856 3005.975905 3020.035914 3013.009148 2997.701484 3008.072019 3022.882455 3034.199536 3025.814872 2970.174328 2957.698168 2954.996315 2951.209990 2938.647671 2935.001560 2963.374722 2963.474843 2956.584126 2939.767605 2906.997257 2862.212622 2843.827645 2884.601011 2928.708244 2984.859140 -9999.0 -9999.0 -9999.0 -9999.0 -9999.0 -9999.0 -9999.0 -9999.0 -9999.0 -9999.0 -9999.0 -9999.0 -9999.0 -9999.0
-9999.0 -9999.0 -9999.0 -9999.0 -9999.0 -9999.0 -9999.0 -9999.0 -9999.0 2793.009936 2784.981032 2791.668227 2793.730728 2808.581189 2805.218999 2811.768654 2815.752698 2842.367701 2871.457211 2904.554285 2931.158872 2921.463096 2919.814530 2924.004912 2919.127943 2926.883976 2946.707878 2980.680282 3012.086792 3047.155172 3013.718135 3008.676568 3025.858598 3067.296110 3091.134861 3093.392596 3074.688785 3089.999320 3113.265463 3129.300366 3125.768551 3119.947541 3145.382848 3160.200821 3155.105665 3134.114128 3131.758243 3138.667780 3167.685841 3117.761849 3052.952738 3014.066789 3029.291802 3008.054588 2981.563677 2972.508634 2973.369729 2992.548741 2981.207713 2949.292893 2916.360754 2905.406854 2889.177950 2910.270359 2934.008392 2980.185275 3020.373699 3050.493875 3050.448395 3033.503104 -9999.0 -9999.0 -9999.0 -9999.0 -9999.0 -9999.0 -9999.0 -9999.0 -9999.0 -9999.0
-9999.0 -9999.0 -9999.0 -9999.0 -9999.0 -9999.0 2712.220019 2723.746012 2745.943959 2750.066015 2777.981960 2784.645614 2783.591163 2800.421473 2821.457829 2834.028664 2858.868302 2888.250375 2923.899881 2961.287814 2986.422526 2977.081643 2979.831836 2999.672241 3026.978467 3046.271285 3068.187725 3105.025764 3176.225923 3212.133884 3205.993200 3206.862414 3214.958466 3264.659909 3328.209525 3339.503696 3318.967119 3305.680002 3328.537707 3365.321239 3364.043614 3362.893089 3375.318598 3385.812498 3412.495422 3402.144506 3366.355715 3360.194651 3365.962310 3344.607350 3277.559447 3220.482805 3200.791694 3155.216382 3073.564913 3030.331599 3052.521029 3079.923915 3058.320306 3009.491892 2979.232669 2973.950608 2963.207076 2956.286346 2968.716774 2990.890792 3015.459605 3029.695073 3018.346832 2998.038503 2976.969607 2949.043129 2951.815454 2976.978808 -9999.0 -9999.0 -9999.0 -9999.0 -9999.0 -9999.0
-9999.0 -9999.0 -9999.0 -9999.0 2660.536224 2674.618383 2661.838871 2689.829419 2724.149108 2760.047792 2789.761402 2798.033709 2820.700787 2846.856316 2879.838352 2902.411444 2934.558456 2963.692430 3007.985573 3068.680195 3112.571712 3126.232784 3134.435757 3184.971609 3240.806793 3287.770165 3306.106623 3331.408150 3375.802555 3431.750557 3454.077158 3457.110479 3473.950366 3515.904421 3570.688389 3605.358636 3587.952274 3579.179466 3588.619254 3602.353920 3624.478977 3624.568238 3625.668028 3629.495358 3636.728499 3635.249692 3609.310990 3576.199693 3563.378814 3553.592441 3517.106005 3446.073668 3415.346903 3387.231476 3346.905816 3293.910986 3245.122746 3244.881175 3191.269966 3137.543604 3087.348018 3078.730791 3058.331867 3042.393438 3024.681422 3036.626175 3048.415083 3033.606332 3004.256068 2975.800411 2962.985502 2945.637206 2934.728511 2965.984985 2983.896660 3013.689671 -9999.0 -9999.0 -9999.0 -9999.0
-9999.0 -9999.0 2599.063269 2645.793730 2704.333786 2712.758115 2709.705206 2715.986334 2745.987268 2798.968082 2833.411145 2870.661296 2899.948787 2929.266410 2976.946515 3039.492921 3099.165729 3140.840189 3197.381000 3265.473079 3323.915483 3350.703399 3359.730240 3394.694680 3448.421014 3515.852195 3543.259015 3569.220170 3600.247414 3635.761743 3630.259960 3641.347922 3653.195783 3664.576718 3678.265682 3684.710313 3680.078721 3675.529101 3657.107522 3652.156328 3658.686159 3666.257061 3665.593789 3651.102343 3647.143582 3661.949814 3667.871938 3665.999123 3663.545760 3668.731419 3665.349944 3618.451433 3598.284755 3583.471823 3572.482837 3527.002554 3461.227982 3428.405968 3407.761206 3367.741921 3295.104168 3256.946717 3217.517338 3182.586581 3144.949682 3130.981148 3098.261304 3066.196333 3027.664529 2987.163962 2968.796810 2954.451234 2954.197052 2955.107627 2972.914730 2988.663342 3004.701687 3012.814328 -9999.0 -9999.0
-9999.0 2489.640499 2561.201126 2684.610442 2764.300205 2790.416074 2800.905855 2805.431917 2829.510759 2859.157553 2946.260002 2996.971858 3078.748534 3114.209727 3154.517589 3243.574081 3335.912609 3378.126875 3415.799277 3477.431435 3541.518481 3587.829768 3613.759012 3596.991656 3635.208727 3662.109177 3669.299297 3675.632560 3674.957267 3666.513786 3659.740268 3666.514444 3663.685738 3644.778036 3628.962017 3627.310201 3623.969099 3600.892233 3573.555604 3558.371153 3560.038907 3584.700061 3571.793509 3550.537346 3546.169194 3567.644947 3588.554104 3578.025152 3564.966223 3581.456008 3615.696604 3639.824006 3642.176694 3660.368654 3681.403737 3652.902246 3630.658472 3587.580698 3570.937306 3545.747194 3489.700640 3435.050325 3387.429715 3339.068726 3286.755106 3237.401332 3189.975500 3143.073467 3089.916371 3057.363945 3033.094090 2990.123334 2977.368814 2983.440167 2978.638401 2977.273957 2984.004146 2990.662138 -9999.0 -9999.0
-9999.0 2395.602472 2535.249189 2714.870535 2848.287364 2889.282970 2954.423163 3009.169171 3022.577745 2972.688758 3068.884945 3282.664024 3398.959190 3414.853566 3488.283090 3580.668715 3567.920636 3598.456096 3620.836902 3643.721441 3662.175404 3675.462956 3673.474921 3668.013369 3651.727272 3643.769321 3642.943711 3640.905586 3623.744322 3605.001793 3588.359625 3585.435481 3567.928727 3519.817968 3487.119812 3470.231652 3452.388170 3438.645196 3411.088947 3385.451991 3369.609256 3380.967589 3378.404806 3364.433030 3359.999980 3378.456709 3409.234346 3406.553304 3417.193961 3436.545982 3471.855379 3509.296359 3528.356148 3557.081977 3592.356708 3639.258490 3648.824304 3671.036610 3674.235440 3662.618915 3616.939521 3566.094595 3537.024880 3482.311819 3422.929319 3361.411817 3313.101251 3268.743899 3214.119121 3179.990400 3140.785665 3087.602305 3044.089946 3035.308257 3001.860066 2988.363525 -9999.0 -9999.0 -9999.0 -9999.0
-9999.0 2296.677628 2477.355099 2719.673452 2998.576005 3072.740228 3270.441316 3382.912356 3421.658866 3487.056994 3381.701884 3576.143250 3625.059693 3619.058231 3631.178026 3633.775657 3647.616820 3647.196769 3642.138000 3631.283333 3621.917343 3617.517128 3616.387207 3608.516938 3595.991401 3581.487638 3569.727868 3558.558988 3522.486828 3491.042939 3453.030704 3440.907581 3398.110858 3307.473142 3268.967121 3231.679610 3172.542543 3174.464833 3180.451911 3156.639919 3137.518455 3110.895649 3139.202220 3148.799208 3152.529377 3149.015329 3159.353234 3186.328370 3232.637542 3266.265331 3304.820549 3352.079273 3381.905810 3420.628059 3460.439725 3512.244285 3542.808295 3571.365600 3619.315850 3656.092196 3678.610570 3665.156473 3645.734820 3602.151742 3542.443493 3493.464544 3465.082165 3415.422047 3372.314295 3328.873228 3282.718977 3230.268632 3169.268935 3114.441544 3080.418965 -9999.0 -9999.0 -9999.0 -9999.0 -9999.0
-9999.0 2080.137313 2344.307257 2613.675491 2881.685681 3216.616230 3377.628492 3473.320635 3535.009965 3513.579248 3532.815671 3540.188302 3576.771133 3583.380047 3561.872499 3548.589774 3531.761085 3530.672881 3543.665924 3516.721931 3486.991113 3473.934870 3474.775841 3464.074283 3440.596699 3425.724083 3416.420515 3398.389083 3355.649497 3306.484598 3224.149761 3191.672214 3115.178756 3075.226871 3038.865095 2992.798138 2951.308896 2956.517360 2977.874536 2971.017699 2950.491547 2933.552612 2962.455189 2980.218842 2993.089450 2977.450632 2984.063471 3017.929853 3063.785221 3103.467578 3146.750513 3193.944347 3234.881717 3273.966257 3295.440920 3335.235538 3376.772432 3417.794764 3487.044603 3563.935195 3598.878478 3632.858866 3662.424314 3684.005485 3641.576831 3614.703008 3591.480575 3568.637423 3523.134356 3478.175733 3437.676457 3374.183726 3314.713036 -9999.0 -9999.0 -9999.0 -9999.0 -9999.0 -9999.0 -9999.0
-9999.0 1965.600471 2162.247645 2358.853140 2613.984293 2827.615871 3040.149125 3130.188500 3199.261373 3263.323164 3313.123361 3349.233232 3374.943153 3396.033766 3373.325055 3328.479291 3296.900220 3301.699827 3293.644264 3272.458509 3244.919318 3232.080154 3229.795926 3225.064194 3203.883567 3193.563585 3186.858205 3169.197115 3143.719981 3092.056657 3021.137277 2952.605607 2899.307728 2879.114411 2856.530126 2829.805159 2802.722657 2816.139057 2829.153667 2829.085283 2822.331358 2822.285019 2851.309695 2870.882915 2880.335470 2869.219371 2887.229027 2910.363922 2947.224880 2984.154805 3028.164876 3077.519912 3125.183845 3145.299670 3147.929259 3160.201465 3187.862239 3230.936059 3306.755328 3391.884769 3467.547305 3512.147329 3562.242373 3601.473036 3628.747428 3655.127078 3676.332083 3668.484587 3643.302472 3610.434053 3552.778953 -9999.0 -9999.0 -9999.0 -9999.0 -9999.0 -9999.0 -9999.0 -9999.0 -9999.0
-9999.0 -9999.0 1935.060015 2090.524910 2192.624638 2356.722830 2500.472436 2609.884415 2713.882352 2813.427591 2931.553478 3019.520630 3064.488316 3079.746202 3065.630906 3036.543000 3018.817612 3018.551831 3007.277744 3000.597013 2985.848140 2980.628684 2972.463150 2965.456832 2961.081912 2960.365184 2958.383009 2950.704415 2934.291212 2893.432730 2856.158016 2812.271624 2800.625680 2776.794282 2756.626468 2738.025637 2740.939953 2736.099780 2741.720430 2744.926844 2754.568738 2768.788101 2788.401707 2786.380232 2795.903398 2805.674755 2816.447227 2837.881167 2867.611951 2907.175507 2957.909732 3010.552383 3045.747565 3052.276512 3034.422726 3029.706579 3038.248855 3067.380405 3131.078969 3199.862939 3287.965378 3352.373034 3418.715271 3473.841577 3499.984579 3536.346992 3605.331821 3653.266630 3694.191162 3671.875397 -9999.0 -9999.0 -9999.0 -9999.0 -9999.0 -9999.0 -9999.0 -9999.0 -9999.0 -9999.0
-9999.0 -9999.0 -9999.0 -9999.0 1949.385173 2096.943520 2193.886328 2274.116362 2408.542477 2540.114231 2649.720597 2739.558845 2810.059938 2788.061458 2788.026799 2802.956584 2801.504569 2792.884601 2782.385273 2786.689698 2791.104480 2785.324686 2813.058636 2807.289040 2811.277976 2819.071174 2817.250162 2804.112858 2785.465014 2768.983573 2753.914195 2722.058757 2689.375072 2661.283326 2648.913071 2645.423098 2645.641341 2638.168157 2646.904948 2656.021232 2672.172933 2687.494348 2711.029370 2740.056891 2754.628467 2769.419256 2778.329059 2797.319035 2806.790107 2857.844135 2919.004220 2974.798159 3006.971555 3007.024214 2979.511136 2957.913228 2945.860648 2963.689278 2991.244466 3042.437260 3131.194262 3192.758605 3238.500208 3277.613306 3313.765983 3377.766729 3470.486299 3550.776021 -9999.0 -9999.0 -9999.0 -9999.0 -9999.0 -9999.0 -9999.0 -9999.0 -9999.0 -9999.0 -9999.0 -9999.0
-9999.0 -9999.0 -9999.0 -9999.0 -9999.0 -9999.0 1922.424569 2027.848405 2097.677143 2250.324416 2395.840586 2505.386796 2590.476536 2626.602620 2659.951308 2689.229090 2688.206386 2666.914282 2644.495658 2665.404441 2683.858065 2677.900779 2647.008787 2648.972366 2656.379475 2664.834548 2662.725296 2656.939913 2632.310124 2648.160653 2651.942537 2629.340822 2604.211023 2591.553181 2580.279166 2590.371591 2590.750660 2576.720905 2576.134919 2604.253968 2625.475402 2638.500465 2659.634607 2692.770721 2725.254496 2740.932316 2741.978706 2746.974053 2784.042054 2835.354489 2905.651199 2959.951897 2989.459048 2993.867482 2964.011276 2919.193300 2893.062671 2892.121344 2916.634842 2956.375667 3014.998807 3051.165214 3062.847449 3064.695161 3077.325933 3175.308124 -9999.0 -9999.0 -9999.0 -9999.0 -9999.0 -9999.0 -9999.0 -9999.0 -9999.0 -9999.0 -9999.0 -9999.0 -9999.0 -9999.0
-9999.0 -9999.0 -9999.0 -9999.0 -9999.0 -9999.0 -9999.0 -9999.0 -9999.0 -9999.0 -9999.0 -9999.0 -9999.0 -9999.0 -9999.0 -9999.0 -9999.0 -9999.0 -9999.0 -9999.0 -9999.0 -9999.0 -9999.0 -9999.0 -9999.0 -9999.0 -9999.0 -9999.0 -9999.0 -9999.0 -9999.0 -9999.0 -9999.0 -9999.0 -9999.0 -9999.0 -9999.0 -9999.0 -9999.0 -9999.0 -9999.0 -9999.0 -9999.0 -9999.0 -9999.0 -9999.0 -9999.0 -9999.0 -9999.0 -9999.0 -9999.0 -9999.0 -9999.0 -9999.0 -9999.0 -9999.0 -9999.0 -9999.0 -9999.0 -9999.0 -9999.0 -9999.0 -9999.0 -9999.0 -9999.0 -9999.0 -9999.0 -9999.0 -9999.0 -9999.0 -9999.0 -9999.0 -9999.0 -9999.0 -9999.0 -9999.0 -9999.0 -9999.0 -9999.0 -9999.0
-9999.0 -9999.0 -9999.0 -9999.0 -9999.0 -9999.0 -9999.0 -9999.0 -9999.0 -9999.0 -9999.0 -9999.0 -9999.0 -9999.0 -9999.0 -9999.0 -9999.0 -9999.0 -9999.0 -9999.0 -9999.0 -9999.0 -9999.0 -9999.0 -9999.0 -9999.0 -9999.0 -9999.0 -9999.0 -9999.0 -9999.0 -9999.0 -9999.0 -9999.0 -9999.0 -9999.0 -9999.0 -9999.0 -9999.0 -9999.0 -9999.0 -9999.0 -9999.0 -9999.0 -9999.0 -9999.0 -9999.0 -9999.0 -9999.0 -9999.0 -9999.0 -9999.0 -9999.0 -9999.0 -9999.0 -9999.0 -9999.0 -9999.0 -9999.0 -9999.0 -9999.0 -9999.0 -9999.0 -9999.0 -9999.0 -9999.0 -9999.0 -9999.0 -9999.0 -9999.0 -9999.0 -9999.0 -9999.0 -9999.0 -9999.0 -9999.0 -9999.0 -9999.0 -9999.0 -9999.0