Borden_/Borden1m_014/output_maps/psiliqL0017N0017.asc
ncols         80
nrows         18
xllcorner     620200.000000
yllcorner     5168000.000000
cellsize      1.000000
NODATA_value  -9999.0
-9999.0 -9999.0 -9999.0 -9999.0 -9999.0 -9999.0 -9999.0 -9999.0 -9999.0 -9999.0 -9999.0 -9999.0 -9999.0 -9999.0 -9999.0 -9999.0 -9999.0 -9999.0 -9999.0 -9999.0 -9999.0 -9999.0 -9999.0 -9999.0 -9999.0 -9999.0 -9999.0 -9999.0 -9999.0 -9999.0 -9999.0 -9999.0 -9999.0 -9999.0 -9999.0 -9999.0 -9999.0 -9999.0 -9999.0 -9999.0 -9999.0 -9999.0 -9999.0 -9999.0 -9999.0 -9999.0 -9999.0 -9999.0 -9999.0 -9999.0 -9999.0 -9999.0 -9999.0 -9999.0 -9999.0 -9999.0 -9999.0 -9999.0 -9999.0 -9999.0 -9999.0 -9999.0 -9999.0 -9999.0 -9999.0 -9999.0 -9999.0 -9999.0 -9999.0 -9999.0 -9999.0 -9999.0 -9999.0 -9999.0 -9999.0 -9999.0 -9999.0 -9999.0 -9999.0 -9999.0
-9999.0 -9999.0 -9999.0 -9999.0 -9999.0 -9999.0 -9999.0 -9999.0 -9999.0 -9999.0 -9999.0 -9999.0 -9999.0 -9999.0 -9999.0 -9999.0 -9999.0 -9999.0 -9999.0 -9999.0 -9999.0 -9999.0 -9999.0 -9999.0 -9999.0 -9999.0 -9999.0 -9999.0 -9999.0 -9999.0 -9999.0 -9999.0 -9999.0 -9999.0 -9999.0 -9999.0 -9999.0 -9999.0 -9999.0 -9999.0 -9999.0 -9999.0 -9999.0 -9999.0 -9999.0 -9999.0 -9999.0 -9999.0 -9999.0 -9999.0 -9999.0 -9999.0 -9999.0 -9999.0 -9999.0 -9999.0 -9999.0 -9999.0 -9999.0 -9999.0 -9999.0 -9999.0 -9999.0 -9999.0 -9999.0 -9999.0 -9999.0 -9999.0 -9999.0 -9999.0 -9999.0 -9999.0 -9999.0 -9999.0 -9999.0 -9999.0 -9999.0 -9999.0 -9999.0 -9999.0
-9999.0 -9999.0 -9999.0 -9999.0 -9999.0 -9999.0 -9999.0 -9999.0 -9999.0 -9999.0 -9999.0 -9999.0 -9999.0 -9999.0 -9999.0 -9999.0 -9999.0 -9999.0 -9999.0 -9999.0 1555.899313 1558.941405 1538.466283 1506.621714 1480.788980 1485.082714 1521.205371 1564.017727 1604.309331 1615.586510 1599.836116 1605.532211 1604.068170 1604.799694 1608.964289 1617.775035 1623.900782 1635.295823 1643.473152 1642.434099 1635.757973 1630.394179 1631.016897 1633.557855 1639.220223 1627.676737 1642.393269 1657.801395 1662.206693 1656.157746 1627.593800 1609.815402 1597.499086 1578.545097 1600.500988 1609.469243 1629.468231 1630.963946 1626.838678 1598.197913 1567.114025 -9999.0 -9999.0 -9999.0 -9999.0 -9999.0 -9999.0 -9999.0 -9999.0 -9999.0 -9999.0 -9999.0 -9999.0 -9999.0 -9999.0 -9999.0 -9999.0 -9999.0 -9999.0 -9999.0
-9999.0 -9999.0 -9999.0 -9999.0 -9999.0 -9999.0 -9999.0 -9999.0 -9999.0 -9999.0 -9999.0 -9999.0 -9999.0 -9999.0 1459.656780 1451.550217 1450.667152 1460.997081 1496.513087 1528.527566 1541.089708 1535.198485 1537.283971 1515.976342 1497.658425 1513.990097 1545.891038 1578.956081 1614.813159 1636.343349 1627.926660 1629.182640 1642.099751 1669.404832 1683.462940 1682.269724 1664.374564 1688.686130 1703.715180 1710.610285 1709.026441 1699.667495 1710.895798 1725.846253 1719.110543 1703.152927 1710.821697 1724.106689 1735.635710 1722.041098 1657.313067 1636.097472 1627.533943 1617.448844 1600.336073 1591.680183 1614.737442 1611.430511 1600.498350 1580.430224 1546.030741 1501.041918 1480.704633 1517.741921 1559.461064 1614.805182 -9999.0 -9999.0 -9999.0 -9999.0 -9999.0 -9999.0 -9999.0 -9999.0 -9999.0 -9999.0 -9999.0 -9999.0 -9999.0 -9999.0
-9999.0 -9999.0 -9999.0 -9999.0 -9999.0 -9999.0 -9999.0 -9999.0 -9999.0 1397.897755 1403.685909 1412.312622 1416.393350 1433.653573 1432.362498 1441.432028 1450.176851 1479.986426 1513.577835 1551.056544 1581.646264 1575.143204 1578.099659 1590.297773 1595.739441 1610.405612 1634.456744 1675.851186 1714.640632 1756.197239 1730.034403 1732.115528 1756.505226 1806.372096 1839.187508 1846.277907 1829.248871 1840.433931 1864.560046 1883.694288 1880.983626 1876.537279 1900.413690 1914.215397 1913.944106 1894.977765 1887.678891 1891.487994 1918.206666 1866.593133 1798.447288 1746.642705 1747.383054 1714.703352 1676.341915 1655.062699 1649.363062 1665.579923 1647.259908 1607.482585 1569.342148 1555.657467 1535.464753 1550.523272 1570.155639 1613.852326 1651.063439 1677.444635 1674.693373 1655.692234 -9999.0 -9999.0 -9999.0 -9999.0 -9999.0 -9999.0 -9999.0 -9999.0 -9999.0 -9999.0
-9999.0 -9999.0 -9999.0 -9999.0 -9999.0 -9999.0 1317.919256 1328.714696 1350.389095 1355.549621 1382.649260 1391.329350 1413.681303 1434.901927 1459.184842 1477.840245 1510.010970 1545.994415 1590.018698 1636.327428 1671.290406 1667.931617 1681.183687 1714.261215 1756.879479 1788.593713 1816.019951 1856.564919 1931.927372 1974.296073 1982.112306 1992.212722 2008.962473 2062.695526 2128.357473 2142.766963 2123.412716 2109.619505 2129.604088 2163.823199 2165.356991 2164.532396 2175.147414 2184.992753 2211.798380 2203.884923 2168.028265 2158.841190 2160.875052 2143.452695 2078.961952 2012.111407 1973.708334 1918.655170 1833.050769 1778.293459 1784.404802 1798.793666 1765.449632 1708.183597 1665.340635 1651.728066 1632.800072 1616.391387 1619.878764 1635.851106 1654.734502 1662.896373 1646.871848 1623.129420 1598.661616 1567.683904 1567.466260 1590.993793 -9999.0 -9999.0 -9999.0 -9999.0 -9999.0 -9999.0
-9999.0 -9999.0 -9999.0 -9999.0 1266.779398 1281.006651 1269.638631 1296.697133 1331.054247 1366.994427 1400.008061 1438.188036 1467.438970 1500.351612 1543.105972 1579.079496 1623.159819 1662.646028 1722.497397 1796.266157 1851.029945 1876.035498 1893.868394 1957.260672 2026.510108 2083.936833 2107.047818 2134.187235 2177.101260 2235.948854 2264.230249 2274.467292 2297.118054 2337.236857 2387.174178 2421.284729 2405.040367 2397.217293 2403.343004 2413.875890 2435.225734 2435.094287 2436.370882 2439.336055 2445.367514 2446.002589 2424.270256 2394.433770 2382.762765 2374.311542 2342.366868 2269.952949 2227.581993 2194.161252 2156.409856 2102.030682 2037.710575 2019.005356 1955.813299 1894.350601 1831.123162 1807.145579 1771.695350 1741.530760 1708.876848 1706.463970 1705.529682 1680.750857 1644.103916 1608.177160 1589.934127 1567.972232 1553.727912 1581.187831 1596.486806 1624.936148 -9999.0 -9999.0 -9999.0 -9999.0
-9999.0 -9999.0 1204.938621 1254.212616 1313.247333 1324.045270 1325.734987 1333.677551 1364.365505 1418.675196 1494.160678 1544.595660 1587.498832 1625.258524 1689.056839 1770.481218 1844.993984 1898.655326 1967.650191 2047.001216 2114.010205 2148.172155 2165.755539 2209.133623 2269.599207 2337.038471 2365.385757 2391.082400 2421.402497 2454.683040 2462.628452 2477.911024 2489.736011 2496.436373 2504.377816 2506.716198 2501.434325 2495.656217 2476.604163 2471.616334 2477.456994 2482.740170 2483.549751 2470.402754 2467.381619 2482.700700 2489.639971 2491.863672 2494.127019 2503.079603 2505.263946 2463.213456 2428.283137 2411.343458 2398.839226 2352.955772 2286.194041 2243.413042 2217.827575 2172.877632 2094.939473 2041.950924 1985.492047 1932.239032 1875.062577 1839.292288 1787.464324 1739.814543 1688.103674 1637.004421 1608.802530 1586.321601 1579.275651 1574.622296 1587.288190 1599.689167 1612.831795 1619.477698 -9999.0 -9999.0
-9999.0 1099.521432 1172.590607 1299.843791 1382.659357 1429.944299 1461.458124 1484.213876 1515.574405 1546.506355 1650.505837 1734.601945 1827.461703 1870.125559 1926.056780 2029.570777 2128.822303 2180.873125 2227.144680 2292.291482 2357.485027 2406.581446 2435.110720 2441.490464 2479.412050 2498.185713 2503.100796 2507.121703 2503.829232 2495.500121 2487.026604 2493.558811 2490.616089 2472.126692 2455.486692 2450.597602 2442.823757 2417.023362 2387.382343 2371.722848 2373.330081 2396.830150 2384.466168 2364.266154 2361.296112 2383.995009 2406.864503 2402.094451 2395.066679 2417.515710 2454.008219 2476.674784 2484.866381 2501.616302 2521.582815 2494.281710 2466.280519 2423.326399 2403.184663 2375.306117 2319.000595 2258.588304 2201.329885 2137.985843 2067.979938 1994.756745 1925.329583 1857.357473 1785.141569 1738.054680 1700.907661 1644.338545 1616.859010 1611.663617 1597.392675 1590.212932 1592.670450 1597.495180 -9999.0 -9999.0
-9999.0 1015.834486 1158.693700 1344.468839 1496.567342 1558.441280 1659.214149 1738.597315 1767.497857 1737.891126 1847.636224 2069.656814 2180.911138 2203.903203 2282.261343 2378.538967 2395.236902 2432.040940 2459.665478 2477.904271 2491.672428 2503.328831 2501.450355 2495.839906 2481.437925 2474.233781 2473.386778 2471.001945 2453.696664 2433.742022 2414.312224 2407.979759 2387.411978 2341.141880 2305.933344 2284.201311 2261.770977 2239.506072 2206.397652 2178.847588 2162.778824 2177.532765 2172.444102 2156.593333 2153.547674 2176.741957 2211.312508 2213.083114 2229.781714 2258.740112 2302.051657 2343.063660 2366.889689 2398.631580 2435.750485 2479.541089 2492.814769 2514.351448 2518.661734 2502.684713 2460.356799 2409.516169 2376.417043 2315.479508 2243.811518 2163.359942 2095.370015 2028.257886 1952.487584 1900.024654 1844.840270 1776.401343 1711.899492 1678.288283 1630.779810 1606.021737 -9999.0 -9999.0 -9999.0 -9999.0
-9999.0 932.050117 1119.590597 1377.016225 1663.150644 1775.936705 1990.705905 2123.646421 2181.577524 2254.129341 2215.681167 2377.941344 2423.454641 2423.178020 2430.020066 2438.893950 2458.245073 2464.706083 2464.774935 2458.501834 2452.153695 2448.549879 2445.563287 2435.231884 2420.408193 2404.027487 2389.904948 2377.303900 2339.934178 2305.096996 2264.010330 2244.316743 2200.516762 2106.177171 2060.750742 2018.179169 1952.549169 1942.449502 1936.126263 1907.044942 1887.259894 1865.014039 1888.754851 1895.461964 1899.120844 1902.085583 1920.413384 1951.147813 2005.162570 2051.164115 2101.250561 2157.253462 2196.773561 2244.888485 2292.255829 2347.338756 2380.145703 2411.935494 2461.237495 2501.279268 2526.532724 2516.813211 2493.183365 2449.627670 2382.205612 2319.540360 2272.726881 2200.938279 2135.845145 2080.188494 2025.055682 1956.902913 1874.221647 1773.721951 1721.855424 -9999.0 -9999.0 -9999.0 -9999.0 -9999.0
-9999.0 743.242880 1011.351203 1297.869454 1610.281923 1952.053149 2104.810479 2234.201538 2310.117198 2286.380674 2301.271554 2322.120243 2365.873756 2377.071664 2360.862723 2354.877345 2345.623160 2348.255257 2363.827047 2340.341522 2312.890516 2298.883224 2294.927906 2277.353608 2248.112651 2227.765526 2214.500153 2193.322722 2144.606491 2090.517725 2002.384519 1964.153582 1882.411824 1827.120379 1781.372586 1727.758954 1672.563245 1668.537076 1684.877944 1670.161574 1647.942934 1629.787818 1657.236996 1676.442471 1689.729262 1678.685322 1689.610992 1729.134425 1784.096631 1834.570995 1889.227026 1948.343233 2000.656460 2055.455889 2091.243755 2142.576905 2192.964278 2243.177404 2320.240631 2402.104331 2443.029734 2480.510294 2514.896774 2533.866000 2485.700327 2441.798226 2395.934204 2341.742677 2269.330156 2226.825561 2196.375437 2132.271024 2061.923349 -9999.0 -9999.0 -9999.0 -9999.0 -9999.0 -9999.0 -9999.0
-9999.0 619.671298 834.257594 1058.464012 1340.658031 1584.585314 1793.781208 1908.015389 1992.651078 2042.139555 2085.883165 2123.646042 2155.722559 2180.619323 2162.309235 2124.710369 2098.137437 2104.384161 2100.835193 2078.732592 2049.693732 2032.805687 2025.034481 2010.791984 1979.270705 1960.210904 1946.957854 1922.809952 1889.290660 1831.747482 1749.650866 1672.352535 1609.275696 1577.379281 1546.709940 1512.280724 1475.305231 1483.597194 1494.667463 1491.170134 1481.168984 1478.810544 1508.123767 1527.647077 1538.267858 1527.785183 1548.422823 1577.054945 1621.551393 1668.504428 1721.029529 1779.471278 1837.576631 1871.794044 1889.073916 1916.607919 1959.639936 2019.838281 2112.713568 2214.080558 2299.063888 2352.833590 2408.352853 2447.471611 2465.566960 2479.848643 2462.170689 2392.531189 2299.245525 2298.705415 2300.508242 -9999.0 -9999.0 -9999.0 -9999.0 -9999.0 -9999.0 -9999.0 -9999.0 -9999.0
-9999.0 -9999.0 602.220399 776.467502 909.602605 1090.217179 1244.076226 1359.342906 1455.333161 1578.306989 1689.816873 1777.163676 1822.677451 1841.327925 1829.332567 1799.449459 1780.645107 1781.683647 1771.817282 1761.585965 1741.208256 1730.859098 1715.143223 1701.676463 1687.399556 1678.859398 1671.600459 1659.201199 1636.666741 1588.996476 1539.757556 1486.945294 1432.569562 1405.960770 1383.045701 1360.539041 1358.350211 1353.071690 1357.873364 1359.206199 1366.327855 1379.164175 1399.322934 1421.693123 1431.881328 1441.548668 1454.901756 1479.931225 1514.760792 1559.253496 1615.507472 1675.821436 1718.718958 1734.881402 1728.207821 1735.852332 1759.383946 1806.988389 1893.759929 1985.845274 2091.527708 2171.496853 2251.733311 2312.210342 2334.759176 2355.635212 2378.956321 2333.995062 2179.994807 2245.248057 -9999.0 -9999.0 -9999.0 -9999.0 -9999.0 -9999.0 -9999.0 -9999.0 -9999.0 -9999.0
-9999.0 -9999.0 -9999.0 -9999.0 636.782509 792.237739 891.400340 977.059146 1109.444922 1233.683193 1336.696018 1421.542897 1484.870869 1512.219633 1509.698806 1517.445336 1514.231947 1508.338097 1498.526182 1497.473864 1495.608603 1486.178202 1468.928156 1458.531549 1456.792934 1459.759775 1455.790564 1441.194930 1422.533469 1399.764684 1378.844945 1343.524891 1306.775440 1276.733883 1262.738992 1256.371954 1255.343616 1247.711182 1255.970427 1263.231129 1278.447828 1293.706495 1317.548899 1346.764363 1360.882465 1376.079989 1386.388563 1407.684957 1439.244053 1494.018188 1559.007044 1618.620792 1656.705874 1663.493578 1641.315267 1628.291449 1627.613622 1659.704360 1709.962752 1783.926687 1894.188504 1977.169009 2045.810866 2101.662775 2142.433202 2196.854866 2263.297166 2304.472376 -9999.0 -9999.0 -9999.0 -9999.0 -9999.0 -9999.0 -9999.0 -9999.0 -9999.0 -9999.0 -9999.0 -9999.0
-9999.0 -9999.0 -9999.0 -9999.0 -9999.0 -9999.0 598.747880 701.958205 783.019249 924.302078 1057.166187 1159.846516 1241.011162 1273.712092 1301.361295 1329.171500 1328.104439 1309.858702 1290.474136 1308.781542 1321.806450 1314.286565 1282.209715 1279.845409 1282.917186 1289.686609 1286.444251 1279.320017 1253.614379 1264.682446 1264.727381 1240.604735 1213.787707 1199.262032 1186.771182 1195.788694 1195.471212 1181.404837 1181.612182 1208.320699 1228.583950 1241.743348 1263.595736 1296.950323 1329.537581 1345.115685 1346.947009 1353.647361 1394.339012 1465.570533 1538.487481 1595.339772 1629.495766 1639.465458 1614.411183 1576.589676 1558.952172 1569.677523 1609.140300 1667.630900 1750.868908 1808.824215 1844.933419 1868.426780 1894.171452 1989.756744 -9999.0 -9999.0 -9999.0 -9999.0 -9999.0 -9999.0 -9999.0 -9999.0 -9999.0 -9999.0 -9999.0 -9999.0 -9999.0 -9999.0
-9999.0 -9999.0 -9999.0 -9999.0 -9999.0 -9999.0 -9999.0 -9999.0 -9999.0 -9999.0 -9999.0 -9999.0 -9999.0 -9999.0 -9999.0 -9999.0 -9999.0 -9999.0 -9999.0 -9999.0 -9999.0 -9999.0 -9999.0 -9999.0 -9999.0 -9999.0 -9999.0 -9999.0 -9999.0 -9999.0 -9999.0 -9999.0 -9999.0 -9999.0 -9999.0 -9999.0 -9999.0 -9999.0 -9999.0 -9999.0 -9999.0 -9999.0 -9999.0 -9999.0 -9999.0 -9999.0 -9999.0 -9999.0 -9999.0 -9999.0 -9999.0 -9999.0 -9999.0 -9999.0 -9999.0 -9999.0 -9999.0 -9999.0 -9999.0 -9999.0 -9999.0 -9999.0 -9999.0 -9999.0 -9999.0 -9999.0 -9999.0 -9999.0 -9999.0 -9999.0 -9999.0 -9999.0 -9999.0 -9999.0 -9999.0 -9999.0 -9999.0 -9999.0 -9999.0 -9999.0
-9999.0 -9999.0 -9999.0 -9999.0 -9999.0 -9999.0 -9999.0 -9999.0 -9999.0 -9999.0 -9999.0 -9999.0 -9999.0 -9999.0 -9999.0 -9999.0 -9999.0 -9999.0 -9999.0 -9999.0 -9999.0 -9999.0 -9999.0 -9999.0 -9999.0 -9999.0 -9999.0 -9999.0 -9999.0 -9999.0 -9999.0 -9999.0 -9999.0 -9999.0 -9999.0 -9999.0 -9999.0 -9999.0 -9999.0 -9999.0 -9999.0 -9999.0 -9999.0 -9999.0 -9999.0 -9999.0 -9999.0 -9999.0 -9999.0 -9999.0 -9999.0 -9999.0 -9999.0 -9999.0 -9999.0 -9999.0 -9999.0 -9999.0 -9999.0 -9999.0 -9999.0 -9999.0 -9999.0 -9999.0 -9999.0 -9999.0 -9999.0 -9999.0 -9999.0 -9999.0 -9999.0 -9999.0 -9999.0 -9999.0 -9999.0 -9999.0 -9999.0 -9999.0 -9999.0 -9999.0