Borden_/Borden1m_014/output_maps/psiliqL0020N0003.asc
ncols         80
nrows         18
xllcorner     620200.000000
yllcorner     5168000.000000
cellsize      1.000000
NODATA_value  -9999.0
-9999.0 -9999.0 -9999.0 -9999.0 -9999.0 -9999.0 -9999.0 -9999.0 -9999.0 -9999.0 -9999.0 -9999.0 -9999.0 -9999.0 -9999.0 -9999.0 -9999.0 -9999.0 -9999.0 -9999.0 -9999.0 -9999.0 -9999.0 -9999.0 -9999.0 -9999.0 -9999.0 -9999.0 -9999.0 -9999.0 -9999.0 -9999.0 -9999.0 -9999.0 -9999.0 -9999.0 -9999.0 -9999.0 -9999.0 -9999.0 -9999.0 -9999.0 -9999.0 -9999.0 -9999.0 -9999.0 -9999.0 -9999.0 -9999.0 -9999.0 -9999.0 -9999.0 -9999.0 -9999.0 -9999.0 -9999.0 -9999.0 -9999.0 -9999.0 -9999.0 -9999.0 -9999.0 -9999.0 -9999.0 -9999.0 -9999.0 -9999.0 -9999.0 -9999.0 -9999.0 -9999.0 -9999.0 -9999.0 -9999.0 -9999.0 -9999.0 -9999.0 -9999.0 -9999.0 -9999.0
-9999.0 -9999.0 -9999.0 -9999.0 -9999.0 -9999.0 -9999.0 -9999.0 -9999.0 -9999.0 -9999.0 -9999.0 -9999.0 -9999.0 -9999.0 -9999.0 -9999.0 -9999.0 -9999.0 -9999.0 -9999.0 -9999.0 -9999.0 -9999.0 -9999.0 -9999.0 -9999.0 -9999.0 -9999.0 -9999.0 -9999.0 -9999.0 -9999.0 -9999.0 -9999.0 -9999.0 -9999.0 -9999.0 -9999.0 -9999.0 -9999.0 -9999.0 -9999.0 -9999.0 -9999.0 -9999.0 -9999.0 -9999.0 -9999.0 -9999.0 -9999.0 -9999.0 -9999.0 -9999.0 -9999.0 -9999.0 -9999.0 -9999.0 -9999.0 -9999.0 -9999.0 -9999.0 -9999.0 -9999.0 -9999.0 -9999.0 -9999.0 -9999.0 -9999.0 -9999.0 -9999.0 -9999.0 -9999.0 -9999.0 -9999.0 -9999.0 -9999.0 -9999.0 -9999.0 -9999.0
-9999.0 -9999.0 -9999.0 -9999.0 -9999.0 -9999.0 -9999.0 -9999.0 -9999.0 -9999.0 -9999.0 -9999.0 -9999.0 -9999.0 -9999.0 -9999.0 -9999.0 -9999.0 -9999.0 -9999.0 2134.847685 2136.848921 2115.448176 2082.221367 2054.912780 2057.742119 2092.266551 2133.977830 2173.545750 2183.271223 2165.864822 2169.870583 2165.852028 2162.980624 2164.162900 2171.281533 2176.629539 2186.650056 2193.921331 2192.218960 2185.283781 2180.147239 2181.624503 2184.136043 2190.253797 2177.731735 2192.637168 2208.171550 2212.804644 2208.514528 2182.699852 2168.306449 2158.918641 2142.436402 2167.072457 2177.979935 2200.040685 2203.503712 2200.941771 2173.632640 2143.310440 -9999.0 -9999.0 -9999.0 -9999.0 -9999.0 -9999.0 -9999.0 -9999.0 -9999.0 -9999.0 -9999.0 -9999.0 -9999.0 -9999.0 -9999.0 -9999.0 -9999.0 -9999.0 -9999.0
-9999.0 -9999.0 -9999.0 -9999.0 -9999.0 -9999.0 -9999.0 -9999.0 -9999.0 -9999.0 -9999.0 -9999.0 -9999.0 -9999.0 2043.962528 2035.050563 2032.612369 2040.871352 2074.253383 2104.716445 2116.539620 2109.494118 2110.014404 2086.635326 2065.828835 2080.067348 2110.532400 2142.342519 2177.225265 2197.217738 2187.365816 2185.948864 2194.731351 2217.255394 2227.236800 2223.607278 2204.511753 2228.127422 2242.023439 2247.828418 2246.122254 2236.798832 2247.455125 2262.627634 2256.330504 2240.602258 2248.830867 2262.085184 2273.237691 2262.166257 2200.896971 2184.625357 2179.874419 2173.612316 2159.305696 2153.548209 2179.565569 2178.306719 2169.732877 2151.584746 2118.217284 2073.292889 2054.130824 2093.220969 2136.431541 2192.703683 -9999.0 -9999.0 -9999.0 -9999.0 -9999.0 -9999.0 -9999.0 -9999.0 -9999.0 -9999.0 -9999.0 -9999.0 -9999.0 -9999.0
-9999.0 -9999.0 -9999.0 -9999.0 -9999.0 -9999.0 -9999.0 -9999.0 -9999.0 1985.736485 1991.293565 1998.876621 2001.786480 2017.534420 2014.758773 2022.031318 2027.919941 2055.458889 2086.109457 2120.709396 2148.724842 2140.226351 2140.386884 2148.186975 2148.259466 2159.414295 2181.690880 2221.875528 2258.251211 2298.114599 2269.055653 2266.822111 2285.598851 2329.298714 2356.181114 2359.451479 2340.482152 2352.665706 2376.025405 2393.791408 2390.960398 2386.335935 2411.048477 2426.518722 2425.445712 2405.493496 2399.370103 2403.010558 2430.007994 2379.296281 2313.349632 2268.448684 2277.144887 2250.997579 2218.652586 2201.905464 2199.744913 2219.070887 2204.578204 2168.042466 2132.756843 2120.704866 2102.826745 2121.164321 2143.265683 2188.919910 2227.694595 2256.289570 2255.343843 2237.685008 -9999.0 -9999.0 -9999.0 -9999.0 -9999.0 -9999.0 -9999.0 -9999.0 -9999.0 -9999.0
-9999.0 -9999.0 -9999.0 -9999.0 -9999.0 -9999.0 1906.277782 1916.742124 1937.819305 1941.901872 1968.336213 1975.194115 1995.567009 2014.291654 2036.180571 2051.013820 2078.814984 2110.684837 2149.534483 2190.439349 2221.079472 2213.093289 2222.229895 2248.041035 2282.692764 2308.622885 2334.373950 2375.069957 2451.505515 2494.276817 2497.335658 2501.987807 2511.509346 2560.525015 2623.081043 2632.644899 2611.230292 2596.670886 2617.486563 2652.900854 2653.605955 2653.518044 2668.380735 2681.582089 2711.214424 2701.389939 2659.730413 2648.999573 2652.673990 2633.207146 2567.629230 2505.580295 2476.477574 2425.398845 2342.756739 2293.085890 2306.371849 2327.234287 2300.146243 2247.666625 2209.485825 2200.092626 2185.698853 2174.518799 2183.045897 2203.303608 2225.590877 2237.329210 2224.231320 2202.724575 2180.086688 2151.344455 2153.376611 2178.334250 -9999.0 -9999.0 -9999.0 -9999.0 -9999.0 -9999.0
-9999.0 -9999.0 -9999.0 -9999.0 1855.831214 1869.006164 1856.005279 1882.284414 1915.365856 1949.963686 1980.315105 2015.454146 2041.569136 2070.699638 2107.510689 2135.596543 2172.725786 2206.068950 2258.595769 2324.678731 2373.333727 2392.570055 2405.801521 2463.212079 2525.976651 2579.485378 2602.558756 2632.426005 2682.634687 2747.592171 2777.106666 2783.978041 2801.260399 2839.334269 2889.588076 2814.742876 2797.840377 2789.681476 2797.484310 2809.794056 2831.863225 2832.005122 2833.071529 2836.134500 2842.316263 2841.548494 2817.203980 2784.912067 2875.408762 2865.896971 2831.713260 2758.967373 2719.418122 2685.472477 2644.362621 2589.236397 2530.612309 2519.831899 2461.371518 2403.191685 2345.248457 2327.886584 2300.007161 2277.437074 2252.899766 2258.362407 2264.516635 2245.524919 2213.381784 2181.608533 2166.952190 2148.341499 2136.960209 2167.418798 2185.092607 2215.016088 -9999.0 -9999.0 -9999.0 -9999.0
-9999.0 -9999.0 1796.402765 1843.395198 1900.444252 1908.181186 1905.735669 1911.102749 1939.738572 1991.596017 2061.650654 2106.130628 2142.959925 2176.089891 2232.037368 2301.738330 2367.656532 2414.440863 2478.262127 2551.271347 2613.730662 2643.332575 2658.567642 2703.690393 2764.705630 2834.789823 2865.545028 2895.074542 2808.968976 2842.156005 2843.204723 2855.353828 2865.821367 2873.801566 2884.324102 2888.961297 2884.895437 2880.430242 2862.408526 2857.973176 2864.582757 2870.924917 2871.184119 2857.155618 2853.239202 2867.575385 2872.636233 2871.285648 2869.950269 2875.750450 2875.159508 2831.868274 2805.148365 2791.356215 2891.345821 2844.113097 2775.712952 2734.331968 2709.275489 2660.938350 2582.309678 2533.543860 2484.273418 2440.044808 2391.405668 2367.301124 2325.972897 2287.152170 2243.010720 2198.185094 2175.627854 2158.747252 2156.940193 2157.078935 2174.032128 2189.603288 2205.333200 2213.307640 -9999.0 -9999.0
-9999.0 1690.049896 1761.539439 1885.159850 1963.737544 2004.534386 2025.717013 2040.636212 2069.664769 2100.694113 2197.189860 2268.264920 2356.839727 2396.034596 2442.330373 2535.329922 2630.252186 2682.331966 2728.553945 2793.738775 2859.238351 2797.236965 2822.303932 2816.036456 2851.392568 2871.896991 2877.030286 2881.840016 2879.476583 2871.212340 2863.744382 2870.728638 2868.285503 2850.035249 2834.831888 2833.359952 2830.082381 2807.623225 2895.540326 2875.239861 2873.566650 2792.416964 2882.216789 2861.121184 2857.731413 2880.312992 2795.545712 2785.477593 2886.395387 2789.020526 2822.323014 2844.588169 2849.898599 2867.304232 2888.161522 2860.966037 2836.484395 2795.311323 2896.364134 2866.075415 2805.563474 2743.911320 2685.479699 2621.845364 2557.318068 2495.727691 2436.957122 2378.551011 2316.651851 2277.776571 2248.340269 2200.512339 2182.833598 2186.914911 2180.102918 2178.112881 2184.650230 2191.162952 -9999.0 -9999.0
-9999.0 1601.702480 1741.899336 1922.130550 2066.722720 2115.912164 2198.453894 2268.540762 2293.018265 2254.836889 2360.788035 2580.653916 2700.716871 2723.359418 2798.377795 2791.709039 2789.692236 2818.606136 2839.350861 2855.820829 2869.243621 2880.235490 2877.707744 2871.632428 2855.891627 2848.085646 2847.500281 2845.612961 2828.985030 2810.678495 2794.305473 2791.882976 2900.037120 2848.483392 2812.341594 2792.832161 2772.779889 2751.325539 2715.543512 2682.826609 2661.341388 2672.657016 2669.136789 2651.890036 2648.035993 2670.961554 2702.225004 2701.573551 2717.176016 2742.262533 2785.017868 2827.142008 2851.475471 2884.898094 2799.827056 2844.349460 2855.832734 2877.598894 2881.424230 2867.141087 2823.423941 2899.618087 2862.454488 2797.195285 2725.034048 2645.399747 2582.842968 2522.875414 2456.104627 2412.052419 2364.855642 2306.547411 2256.769650 2241.734143 2205.827065 2189.875450 -9999.0 -9999.0 -9999.0 -9999.0
-9999.0 1511.199531 1694.167610 1941.296198 2223.597998 2313.489542 2516.619839 2644.285736 2698.935904 2772.095268 2706.757580 2800.257480 2840.715201 2832.727437 2837.122748 2838.468806 2851.432148 2851.578305 2846.644388 2836.216653 2827.378837 2823.363019 2822.058984 2814.244610 2801.883943 2787.666202 2898.843154 2884.995311 2847.492184 2814.616466 2774.940447 2756.061454 2708.736757 2608.843970 2564.831525 2525.592790 2465.083525 2459.913555 2455.925572 2425.089770 2404.292662 2378.086493 2402.962365 2411.137055 2414.382326 2413.186302 2426.779548 2454.694128 2502.960282 2541.613992 2586.754994 2639.758793 2678.441223 2725.280062 2773.396212 2832.249748 2868.899389 2903.595882 2825.813389 2862.172368 2884.237645 2872.144757 2850.743215 2809.384683 2869.473837 2806.258805 2759.340400 2687.520898 2623.169731 2569.274313 2515.901725 2455.769579 2388.892862 2324.008809 2287.150649 -9999.0 -9999.0 -9999.0 -9999.0 -9999.0
-9999.0 1310.474390 1575.118332 1850.029727 2141.630358 2473.109728 2625.518218 2741.373596 2814.653363 2795.233502 2814.287523 2830.950515 2784.699341 2790.126462 2867.717874 2856.950327 2843.424149 2844.484000 2859.938932 2836.394496 2809.651260 2797.939985 2797.939509 2784.653101 2756.812677 2734.662649 2720.767252 2698.246311 2648.933372 2597.591416 2513.299033 2477.985753 2396.488463 2347.654643 2306.031669 2256.945606 2207.822815 2208.402392 2227.380773 2213.676032 2191.309658 2172.865537 2200.343970 2219.799518 2232.442727 2218.648545 2226.489464 2261.328913 2309.744130 2353.005951 2400.926555 2454.059342 2498.740768 2545.394306 2576.670957 2625.924346 2678.620737 2729.643209 2807.925909 2893.408152 2805.684080 2838.468154 2869.501446 2890.286704 2848.639501 2820.141207 2797.263696 2839.547667 2768.801414 2717.828258 2676.431685 2605.184181 2538.300548 -9999.0 -9999.0 -9999.0 -9999.0 -9999.0 -9999.0 -9999.0
-9999.0 1190.884588 1396.118737 1605.031938 1869.154586 2099.581942 2304.792278 2404.499999 2482.588414 2539.449198 2586.972222 2625.125008 2656.296787 2680.684635 2661.805193 2618.395998 2588.588023 2593.931486 2588.830547 2567.933282 2540.771546 2527.357462 2524.137202 2516.374443 2490.387075 2473.878539 2461.742623 2438.699082 2409.936282 2356.322423 2280.747912 2207.037369 2149.173328 2122.806659 2096.247856 2066.230556 2034.763586 2045.707352 2057.245761 2054.835564 2045.773573 2043.964029 2072.716046 2091.781116 2101.427414 2090.048904 2108.593459 2133.394336 2172.723164 2214.376195 2261.365251 2313.619635 2364.861061 2391.024710 2401.467126 2422.494728 2459.299348 2512.589736 2599.677486 2700.371039 2784.915667 2838.992791 2896.361475 2808.275723 2833.655211 2862.777207 2880.657913 2869.440472 2843.875529 2812.655091 2791.727364 -9999.0 -9999.0 -9999.0 -9999.0 -9999.0 -9999.0 -9999.0 -9999.0 -9999.0
-9999.0 -9999.0 1166.207952 1330.049331 1445.966491 1614.138341 1757.334856 1863.913108 1957.902528 2085.119386 2198.842215 2287.675109 2332.423176 2349.696758 2336.807918 2307.674036 2289.097473 2289.568690 2279.501289 2271.590994 2254.822764 2248.126097 2235.598439 2226.627694 2217.698170 2212.570745 2207.363502 2197.383303 2178.285357 2134.698020 2091.986978 2044.282644 1994.231211 1970.659410 1950.667445 1931.404068 1932.598315 1928.182592 1933.514117 1935.476876 1943.424672 1956.579108 1976.194654 1998.377195 2007.932191 2017.147696 2028.681737 2051.170189 2082.542130 2123.388696 2175.695659 2231.821961 2269.738100 2280.212730 2267.703398 2269.173139 2284.837664 2323.032744 2398.327997 2479.460177 2577.020979 2651.219683 2730.679469 2792.004622 2820.188449 2851.742225 2810.986498 2856.338868 2889.659954 2869.291373 -9999.0 -9999.0 -9999.0 -9999.0 -9999.0 -9999.0 -9999.0 -9999.0 -9999.0 -9999.0
-9999.0 -9999.0 -9999.0 -9999.0 1187.212590 1336.612440 1431.864299 1511.520030 1641.018912 1764.628469 1866.416457 1950.457674 2014.648884 2041.040571 2039.455786 2050.190564 2047.688529 2040.782995 2031.092046 2033.001120 2034.744519 2027.953113 2012.500100 2005.211151 2006.772018 2012.366953 2009.961830 1997.056667 1980.030973 1962.011934 1945.788754 1913.966896 1880.468397 1852.782039 1840.821331 1836.821966 1837.193131 1830.182382 1838.899767 1846.985378 1862.513984 1877.648293 1901.172895 1930.263563 1944.207121 1958.670297 1967.592769 1986.852727 2016.133093 2068.234968 2130.358626 2186.980654 2221.780057 2224.438967 2198.129332 2180.211589 2173.191597 2197.265166 2236.938239 2298.143058 2396.140275 2468.358720 2524.957544 2574.159472 2616.061979 2681.690880 2766.965371 2824.367219 -9999.0 -9999.0 -9999.0 -9999.0 -9999.0 -9999.0 -9999.0 -9999.0 -9999.0 -9999.0 -9999.0 -9999.0
-9999.0 -9999.0 -9999.0 -9999.0 -9999.0 -9999.0 1151.267302 1253.380909 1326.798649 1469.627105 1604.746724 1707.393294 1788.084725 1821.158094 1850.635218 1879.125370 1878.625753 1859.901722 1840.131488 1860.440934 1876.700179 1870.764801 1839.875721 1840.118542 1845.660996 1853.686388 1851.601287 1846.036835 1822.154042 1836.877309 1840.231304 1818.404498 1793.771905 1781.381951 1770.478277 1780.874588 1781.576541 1768.026307 1768.174007 1795.597327 1816.254258 1829.257178 1850.636374 1883.672823 1915.854199 1930.963207 1931.765500 1936.831626 1974.926560 2043.781051 2114.544635 2169.172370 2200.613199 2207.100908 2178.407796 2136.394913 2113.741552 2117.676097 2148.353925 2195.762365 2266.742492 2312.073287 2334.961443 2348.091644 2368.985267 2467.510620 -9999.0 -9999.0 -9999.0 -9999.0 -9999.0 -9999.0 -9999.0 -9999.0 -9999.0 -9999.0 -9999.0 -9999.0 -9999.0 -9999.0
-9999.0 -9999.0 -9999.0 -9999.0 -9999.0 -9999.0 -9999.0 -9999.0 -9999.0 -9999.0 -9999.0 -9999.0 -9999.0 -9999.0 -9999.0 -9999.0 -9999.0 -9999.0 -9999.0 -9999.0 -9999.0 -9999.0 -9999.0 -9999.0 -9999.0 -9999.0 -9999.0 -9999.0 -9999.0 -9999.0 -9999.0 -9999.0 -9999.0 -9999.0 -9999.0 -9999.0 -9999.0 -9999.0 -9999.0 -9999.0 -9999.0 -9999.0 -9999.0 -9999.0 -9999.0 -9999.0 -9999.0 -9999.0 -9999.0 -9999.0 -9999.0 -9999.0 -9999.0 -9999.0 -9999.0 -9999.0 -9999.0 -9999.0 -9999.0 -9999.0 -9999.0 -9999.0 -9999.0 -9999.0 -9999.0 -9999.0 -9999.0 -9999.0 -9999.0 -9999.0 -9999.0 -9999.0 -9999.0 -9999.0 -9999.0 -9999.0 -9999.0 -9999.0 -9999.0 -9999.0
-9999.0 -9999.0 -9999.0 -9999.0 -9999.0 -9999.0 -9999.0 -9999.0 -9999.0 -9999.0 -9999.0 -9999.0 -9999.0 -9999.0 -9999.0 -9999.0 -9999.0 -9999.0 -9999.0 -9999.0 -9999.0 -9999.0 -9999.0 -9999.0 -9999.0 -9999.0 -9999.0 -9999.0 -9999.0 -9999.0 -9999.0 -9999.0 -9999.0 -9999.0 -9999.0 -9999.0 -9999.0 -9999.0 -9999.0 -9999.0 -9999.0 -9999.0 -9999.0 -9999.0 -9999.0 -9999.0 -9999.0 -9999.0 -9999.0 -9999.0 -9999.0 -9999.0 -9999.0 -9999.0 -9999.0 -9999.0 -9999.0 -9999.0 -9999.0 -9999.0 -9999.0 -9999.0 -9999.0 -9999.0 -9999.0 -9999.0 -9999.0 -9999.0 -9999.0 -9999.0 -9999.0 -9999.0 -9999.0 -9999.0 -9999.0 -9999.0 -9999.0 -9999.0 -9999.0 -9999.0