Borden_/Borden1m_014/output_maps/psiliqL0009N0037.asc
ncols         80
nrows         18
xllcorner     620200.000000
yllcorner     5168000.000000
cellsize      1.000000
NODATA_value  -9999.0
-9999.0 -9999.0 -9999.0 -9999.0 -9999.0 -9999.0 -9999.0 -9999.0 -9999.0 -9999.0 -9999.0 -9999.0 -9999.0 -9999.0 -9999.0 -9999.0 -9999.0 -9999.0 -9999.0 -9999.0 -9999.0 -9999.0 -9999.0 -9999.0 -9999.0 -9999.0 -9999.0 -9999.0 -9999.0 -9999.0 -9999.0 -9999.0 -9999.0 -9999.0 -9999.0 -9999.0 -9999.0 -9999.0 -9999.0 -9999.0 -9999.0 -9999.0 -9999.0 -9999.0 -9999.0 -9999.0 -9999.0 -9999.0 -9999.0 -9999.0 -9999.0 -9999.0 -9999.0 -9999.0 -9999.0 -9999.0 -9999.0 -9999.0 -9999.0 -9999.0 -9999.0 -9999.0 -9999.0 -9999.0 -9999.0 -9999.0 -9999.0 -9999.0 -9999.0 -9999.0 -9999.0 -9999.0 -9999.0 -9999.0 -9999.0 -9999.0 -9999.0 -9999.0 -9999.0 -9999.0
-9999.0 -9999.0 -9999.0 -9999.0 -9999.0 -9999.0 -9999.0 -9999.0 -9999.0 -9999.0 -9999.0 -9999.0 -9999.0 -9999.0 -9999.0 -9999.0 -9999.0 -9999.0 -9999.0 -9999.0 -9999.0 -9999.0 -9999.0 -9999.0 -9999.0 -9999.0 -9999.0 -9999.0 -9999.0 -9999.0 -9999.0 -9999.0 -9999.0 -9999.0 -9999.0 -9999.0 -9999.0 -9999.0 -9999.0 -9999.0 -9999.0 -9999.0 -9999.0 -9999.0 -9999.0 -9999.0 -9999.0 -9999.0 -9999.0 -9999.0 -9999.0 -9999.0 -9999.0 -9999.0 -9999.0 -9999.0 -9999.0 -9999.0 -9999.0 -9999.0 -9999.0 -9999.0 -9999.0 -9999.0 -9999.0 -9999.0 -9999.0 -9999.0 -9999.0 -9999.0 -9999.0 -9999.0 -9999.0 -9999.0 -9999.0 -9999.0 -9999.0 -9999.0 -9999.0 -9999.0
-9999.0 -9999.0 -9999.0 -9999.0 -9999.0 -9999.0 -9999.0 -9999.0 -9999.0 -9999.0 -9999.0 -9999.0 -9999.0 -9999.0 -9999.0 -9999.0 -9999.0 -9999.0 -9999.0 -9999.0 -64.744519 -61.675997 -84.140863 -117.885213 -145.949125 -143.627119 -108.216910 -66.492177 -27.820325 -16.705368 -34.242890 -32.169709 -36.623198 -36.256573 -32.644240 -26.013770 -22.711063 -10.631990 -1.339682 -0.784613 -6.288272 -11.423916 -11.905578 -8.153144 -3.233604 -13.037410 -0.046280 14.789622 20.312618 13.848102 -15.116009 -32.258699 -41.579508 -57.092836 -33.333856 -21.451810 1.121306 5.028581 3.306988 -24.181953 -54.562132 -9999.0 -9999.0 -9999.0 -9999.0 -9999.0 -9999.0 -9999.0 -9999.0 -9999.0 -9999.0 -9999.0 -9999.0 -9999.0 -9999.0 -9999.0 -9999.0 -9999.0 -9999.0 -9999.0
-9999.0 -9999.0 -9999.0 -9999.0 -9999.0 -9999.0 -9999.0 -9999.0 -9999.0 -9999.0 -9999.0 -9999.0 -9999.0 -9999.0 -155.951196 -165.913569 -168.697431 -159.887832 -125.787334 -95.480518 -82.801058 -90.136547 -89.875969 -113.035277 -132.797693 -118.113055 -87.936125 -55.389874 -19.686097 2.214285 -9.519381 -11.413158 0.145281 29.188757 45.409984 43.674776 22.759715 46.508186 64.621130 76.159687 76.964892 69.410310 85.216269 102.423750 95.350206 76.242387 78.146821 88.805889 102.000747 84.036960 15.264426 -8.325006 -13.478352 -21.689848 -36.538293 -44.119934 -19.902461 -19.587494 -28.422838 -46.953717 -79.707846 -123.994660 -142.216529 -103.990456 -59.802023 -1.909887 -9999.0 -9999.0 -9999.0 -9999.0 -9999.0 -9999.0 -9999.0 -9999.0 -9999.0 -9999.0 -9999.0 -9999.0 -9999.0 -9999.0
-9999.0 -9999.0 -9999.0 -9999.0 -9999.0 -9999.0 -9999.0 -9999.0 -9999.0 -213.598925 -209.760775 -202.490900 -200.445906 -184.600677 -186.250686 -179.014554 -170.815679 -144.081785 -112.401831 -76.566930 -46.905140 -55.976661 -54.710059 -41.625228 -33.778117 -19.274051 3.906101 47.942556 94.623683 140.824538 113.903536 113.352969 135.606612 190.556101 234.166286 246.039757 226.251105 232.350347 263.286540 294.070215 299.533848 300.599122 327.693211 342.235298 346.580943 324.895459 302.011388 296.821349 319.821289 261.441609 185.602924 124.376504 121.051136 85.016025 39.400795 13.901211 9.137779 29.751211 12.826089 -26.344042 -64.185628 -74.793826 -92.168059 -76.300532 -54.096622 -7.385889 31.132573 59.676844 59.554749 41.874288 -9999.0 -9999.0 -9999.0 -9999.0 -9999.0 -9999.0 -9999.0 -9999.0 -9999.0 -9999.0
-9999.0 -9999.0 -9999.0 -9999.0 -9999.0 -9999.0 -292.459083 -283.548766 -263.701205 -258.160454 -233.528311 -225.734432 -204.842390 -185.026366 -163.731259 -145.933999 -113.967621 -80.011663 -36.684648 10.068274 45.762431 44.260459 57.822279 95.946655 144.057360 181.519453 212.016891 260.434405 347.398593 398.485759 414.098572 421.415306 431.962723 477.515235 540.372230 557.442486 538.369166 524.537067 546.091426 587.620086 611.242129 616.707104 625.799207 634.368126 659.262648 648.243656 594.133723 570.455587 561.648831 545.783515 488.941662 425.274798 380.226880 324.599369 232.693555 164.603499 160.930060 173.897333 137.732422 78.334370 31.090380 17.399142 0.416882 -15.408797 -11.299348 7.105776 29.604819 40.348976 27.250276 6.163002 -17.215084 -46.172798 -44.554896 -19.145997 -9999.0 -9999.0 -9999.0 -9999.0 -9999.0 -9999.0
-9999.0 -9999.0 -9999.0 -9999.0 -342.235389 -329.797412 -341.447340 -317.623432 -285.424219 -251.810935 -218.855088 -180.628549 -152.391316 -121.281868 -77.777137 -36.996330 11.133256 51.034576 112.344901 190.543195 253.868127 289.069425 313.198196 379.513308 443.011328 495.501913 516.764293 546.333784 593.646576 666.539837 694.611457 703.239859 720.991616 749.450729 792.246207 822.550742 809.230559 803.405883 809.420583 821.666928 849.250748 852.175588 854.363127 855.585892 858.232983 857.125237 831.762235 797.599343 782.676322 769.104478 746.749802 682.001326 626.758689 591.948851 561.453454 511.572399 442.077645 417.041284 355.618250 292.314315 214.173191 180.854427 142.227349 110.560359 75.026605 72.091168 72.081363 49.932917 17.543106 -15.327696 -30.750765 -49.644198 -59.999875 -30.119886 -12.395738 18.612766 -9999.0 -9999.0 -9999.0 -9999.0
-9999.0 -9999.0 -400.498012 -350.663320 -294.649857 -285.868746 -283.544092 -277.979293 -250.243621 -198.359626 -117.909835 -61.739051 -12.752993 22.674254 89.112076 184.435441 276.219206 333.768887 397.031203 465.270193 528.694314 568.956312 600.899463 643.608891 693.435226 748.360171 771.728769 794.177261 826.094431 859.332635 879.999763 895.334231 901.731551 899.311916 901.092089 900.040274 896.743606 891.953921 875.425034 873.592803 881.981764 886.161579 889.230269 876.625654 872.662033 884.921922 886.576088 885.295097 885.613233 891.673291 899.833927 866.560227 817.027271 798.656893 791.799635 751.341735 687.511553 632.907753 606.773517 563.961519 483.590940 427.851543 372.608237 314.885497 250.759075 207.153630 150.752241 102.817532 53.112825 5.683476 -18.752995 -37.650634 -40.155097 -39.747430 -23.703477 -8.061191 7.380526 15.216060 -9999.0 -9999.0
-9999.0 -499.865964 -427.212804 -299.588002 -220.118825 -174.126856 -133.216943 -102.568229 -74.889557 -55.352163 60.593208 178.604348 283.140424 322.305707 380.409284 482.604240 588.041063 631.651335 665.570797 712.044434 768.977629 813.022042 843.265244 869.658543 898.121908 901.532595 901.269361 901.671368 895.851198 888.889439 879.516714 886.015174 883.723325 866.335795 851.140526 847.407546 839.309261 814.983361 788.557926 775.563348 779.741087 801.301125 790.826884 770.853087 767.211611 787.159074 803.812694 794.773850 783.766339 798.173062 835.198381 857.288184 871.801850 886.037173 906.754850 883.603883 851.420709 809.959998 789.002126 760.196255 693.357491 628.342136 573.369595 509.030266 440.692999 367.045856 295.939074 224.782389 149.138525 104.052485 69.680414 15.899553 -8.225979 -7.460749 -17.061966 -19.838509 -13.410551 -7.000946 -9999.0 -9999.0
-9999.0 -572.466158 -428.950843 -242.605339 -93.831475 -27.565370 95.318062 190.180380 227.739120 207.075171 330.509943 563.542068 651.947433 664.435945 728.423768 806.587554 842.848656 871.067518 889.350147 888.366382 888.899018 894.345006 892.707624 885.954224 872.453633 865.129592 864.035066 860.467165 840.842324 821.078400 803.483179 797.565532 783.389433 744.057457 710.203775 691.226378 668.400464 643.453836 608.670566 582.626612 569.931913 588.572909 579.272960 561.181266 557.400981 580.628979 613.161878 607.281035 612.803844 635.053608 678.714638 726.786296 750.897153 777.842266 816.301417 859.344998 877.584113 897.711400 902.234085 879.690452 835.751240 782.519643 749.775526 678.645159 602.261708 520.289443 455.490728 393.711363 322.183345 269.708163 214.103367 149.200346 86.731306 55.845353 14.595452 -7.096633 -9999.0 -9999.0 -9999.0 -9999.0
-9999.0 -639.680099 -448.171089 -181.874000 84.795226 226.185911 429.748213 567.396761 645.118552 695.326870 727.856395 841.477792 866.940652 858.393755 844.353564 845.270250 858.998721 862.538305 858.426902 847.514116 836.308934 829.568040 830.031846 821.452221 810.645720 796.192969 783.138451 768.123473 720.472343 684.451314 651.666756 636.057279 600.655510 510.849204 467.059796 433.824609 378.125257 366.728050 353.874750 323.000076 302.679740 285.972600 304.872657 305.219955 306.174687 314.342381 335.916260 357.084992 400.717784 437.519430 482.905657 537.696800 573.105771 617.274820 668.019866 733.018123 765.979620 795.833685 840.562898 880.552892 902.602985 892.718224 862.883522 818.505696 747.593797 669.024079 613.777706 537.108265 470.969408 420.467052 379.048962 328.507002 256.799966 152.472541 104.922304 -9999.0 -9999.0 -9999.0 -9999.0 -9999.0
-9999.0 -796.924138 -528.668384 -231.148589 105.841096 431.176052 546.021382 707.329238 782.957517 726.397014 707.230527 738.935723 777.606028 785.336389 765.149047 756.934264 748.860762 748.754442 760.149672 729.942514 692.297426 676.402387 675.370088 662.980314 640.670404 622.816723 608.932633 587.290522 535.256743 484.685647 408.593068 381.100062 304.114857 230.909596 176.621627 122.973232 67.712946 63.790284 78.301993 60.553723 37.191155 17.918774 43.803865 59.741884 71.094039 61.750645 71.914371 108.976442 161.882596 211.193530 270.107825 332.983815 383.828893 436.295095 472.297725 528.045708 576.450307 624.176379 699.333884 783.769018 819.234855 853.595084 888.133125 902.782070 852.930811 798.721641 740.972676 662.844678 566.590191 519.354156 499.488463 471.357838 421.280272 -9999.0 -9999.0 -9999.0 -9999.0 -9999.0 -9999.0 -9999.0
-9999.0 -930.149585 -699.493938 -452.040168 -150.690248 94.115177 285.377222 407.001542 498.349394 490.127985 501.798269 533.100996 565.129328 587.689650 564.957602 527.898566 500.888373 504.100392 502.004775 476.003283 444.558923 429.103975 427.378569 419.639756 393.357110 375.933372 362.741198 337.075518 295.882255 232.278884 141.187625 67.843657 2.506668 -35.982987 -68.559501 -103.219587 -142.790342 -132.856926 -118.796103 -123.736438 -136.320559 -140.890798 -111.294974 -92.829128 -82.716743 -95.634591 -76.863420 -49.306445 -6.310392 37.508430 88.632690 147.529276 206.811501 243.928553 266.023728 302.555870 350.512322 411.435561 499.481542 597.045202 672.889424 728.214641 777.179770 811.281648 822.494608 836.029942 810.963706 719.675472 573.904348 559.295309 561.015081 -9999.0 -9999.0 -9999.0 -9999.0 -9999.0 -9999.0 -9999.0 -9999.0 -9999.0
-9999.0 -9999.0 -936.282799 -747.040295 -588.078634 -401.109239 -248.228749 -138.461491 -59.846364 31.643157 125.102855 207.209207 253.644563 272.306945 253.051190 208.552082 179.498465 178.582814 168.089213 152.462667 126.398199 116.048458 105.737287 97.114026 82.967335 74.532232 67.869898 54.954031 29.813211 -20.112718 -75.227852 -128.960463 -184.602016 -210.673860 -233.300675 -256.372193 -260.112304 -262.114546 -255.397566 -254.289020 -248.988412 -237.288153 -216.518429 -195.141214 -185.723244 -178.608065 -165.989783 -142.184776 -108.755976 -67.230082 -13.945935 43.244310 83.367037 97.312956 89.781079 98.645306 125.095637 177.427644 277.369578 375.141802 470.618849 542.977986 614.092232 663.373782 677.721327 695.534129 715.487042 631.167509 362.308884 490.287386 -9999.0 -9999.0 -9999.0 -9999.0 -9999.0 -9999.0 -9999.0 -9999.0 -9999.0 -9999.0
-9999.0 -9999.0 -9999.0 -9999.0 -890.416040 -733.493587 -639.278922 -556.433927 -434.660680 -325.128790 -232.297032 -154.881131 -100.766154 -76.648334 -87.864650 -93.768088 -102.483856 -106.573713 -115.500800 -121.165256 -127.001814 -135.117096 -146.816555 -154.673299 -155.701341 -152.534605 -154.995785 -168.570499 -185.166909 -212.830198 -237.317897 -272.996298 -310.375524 -339.753222 -352.919776 -359.884579 -359.686754 -365.244086 -355.722042 -349.363077 -334.502101 -319.069017 -295.046070 -266.724862 -254.135899 -239.942123 -230.209615 -209.319635 -179.231035 -126.419246 -64.069674 -7.906147 26.120220 29.599619 3.222254 -12.610337 -15.134537 15.073640 67.145138 145.114612 261.142761 345.965854 413.631559 461.016587 492.706473 535.805248 577.438489 592.228764 -9999.0 -9999.0 -9999.0 -9999.0 -9999.0 -9999.0 -9999.0 -9999.0 -9999.0 -9999.0 -9999.0 -9999.0
-9999.0 -9999.0 -9999.0 -9999.0 -9999.0 -9999.0 -945.984713 -851.401027 -764.657567 -642.383516 -528.501617 -436.300219 -361.627083 -336.367266 -318.655862 -296.314895 -300.895001 -317.920361 -334.580823 -318.104664 -308.535559 -313.531226 -341.117670 -342.649201 -339.205878 -329.978339 -331.283717 -337.487728 -362.415590 -354.352004 -355.871551 -379.047648 -405.229721 -419.667063 -431.227677 -421.211073 -420.356989 -432.873857 -430.443540 -404.319688 -384.575301 -371.097914 -348.562263 -315.438524 -283.509744 -269.279065 -268.363229 -262.172245 -220.670714 -150.460813 -80.395754 -27.168997 3.346514 10.206489 -18.996499 -60.696364 -82.730557 -76.180613 -40.895276 14.743067 96.437883 152.424034 189.775193 216.523851 249.275737 348.368484 -9999.0 -9999.0 -9999.0 -9999.0 -9999.0 -9999.0 -9999.0 -9999.0 -9999.0 -9999.0 -9999.0 -9999.0 -9999.0 -9999.0
-9999.0 -9999.0 -9999.0 -9999.0 -9999.0 -9999.0 -9999.0 -9999.0 -9999.0 -9999.0 -9999.0 -9999.0 -9999.0 -9999.0 -9999.0 -9999.0 -9999.0 -9999.0 -9999.0 -9999.0 -9999.0 -9999.0 -9999.0 -9999.0 -9999.0 -9999.0 -9999.0 -9999.0 -9999.0 -9999.0 -9999.0 -9999.0 -9999.0 -9999.0 -9999.0 -9999.0 -9999.0 -9999.0 -9999.0 -9999.0 -9999.0 -9999.0 -9999.0 -9999.0 -9999.0 -9999.0 -9999.0 -9999.0 -9999.0 -9999.0 -9999.0 -9999.0 -9999.0 -9999.0 -9999.0 -9999.0 -9999.0 -9999.0 -9999.0 -9999.0 -9999.0 -9999.0 -9999.0 -9999.0 -9999.0 -9999.0 -9999.0 -9999.0 -9999.0 -9999.0 -9999.0 -9999.0 -9999.0 -9999.0 -9999.0 -9999.0 -9999.0 -9999.0 -9999.0 -9999.0
-9999.0 -9999.0 -9999.0 -9999.0 -9999.0 -9999.0 -9999.0 -9999.0 -9999.0 -9999.0 -9999.0 -9999.0 -9999.0 -9999.0 -9999.0 -9999.0 -9999.0 -9999.0 -9999.0 -9999.0 -9999.0 -9999.0 -9999.0 -9999.0 -9999.0 -9999.0 -9999.0 -9999.0 -9999.0 -9999.0 -9999.0 -9999.0 -9999.0 -9999.0 -9999.0 -9999.0 -9999.0 -9999.0 -9999.0 -9999.0 -9999.0 -9999.0 -9999.0 -9999.0 -9999.0 -9999.0 -9999.0 -9999.0 -9999.0 -9999.0 -9999.0 -9999.0 -9999.0 -9999.0 -9999.0 -9999.0 -9999.0 -9999.0 -9999.0 -9999.0 -9999.0 -9999.0 -9999.0 -9999.0 -9999.0 -9999.0 -9999.0 -9999.0 -9999.0 -9999.0 -9999.0 -9999.0 -9999.0 -9999.0 -9999.0 -9999.0 -9999.0 -9999.0 -9999.0 -9999.0