Borden_/Borden1m_014/output_maps/psiliqL0016N0004.asc
ncols         80
nrows         18
xllcorner     620200.000000
yllcorner     5168000.000000
cellsize      1.000000
NODATA_value  -9999.0
-9999.0 -9999.0 -9999.0 -9999.0 -9999.0 -9999.0 -9999.0 -9999.0 -9999.0 -9999.0 -9999.0 -9999.0 -9999.0 -9999.0 -9999.0 -9999.0 -9999.0 -9999.0 -9999.0 -9999.0 -9999.0 -9999.0 -9999.0 -9999.0 -9999.0 -9999.0 -9999.0 -9999.0 -9999.0 -9999.0 -9999.0 -9999.0 -9999.0 -9999.0 -9999.0 -9999.0 -9999.0 -9999.0 -9999.0 -9999.0 -9999.0 -9999.0 -9999.0 -9999.0 -9999.0 -9999.0 -9999.0 -9999.0 -9999.0 -9999.0 -9999.0 -9999.0 -9999.0 -9999.0 -9999.0 -9999.0 -9999.0 -9999.0 -9999.0 -9999.0 -9999.0 -9999.0 -9999.0 -9999.0 -9999.0 -9999.0 -9999.0 -9999.0 -9999.0 -9999.0 -9999.0 -9999.0 -9999.0 -9999.0 -9999.0 -9999.0 -9999.0 -9999.0 -9999.0 -9999.0
-9999.0 -9999.0 -9999.0 -9999.0 -9999.0 -9999.0 -9999.0 -9999.0 -9999.0 -9999.0 -9999.0 -9999.0 -9999.0 -9999.0 -9999.0 -9999.0 -9999.0 -9999.0 -9999.0 -9999.0 -9999.0 -9999.0 -9999.0 -9999.0 -9999.0 -9999.0 -9999.0 -9999.0 -9999.0 -9999.0 -9999.0 -9999.0 -9999.0 -9999.0 -9999.0 -9999.0 -9999.0 -9999.0 -9999.0 -9999.0 -9999.0 -9999.0 -9999.0 -9999.0 -9999.0 -9999.0 -9999.0 -9999.0 -9999.0 -9999.0 -9999.0 -9999.0 -9999.0 -9999.0 -9999.0 -9999.0 -9999.0 -9999.0 -9999.0 -9999.0 -9999.0 -9999.0 -9999.0 -9999.0 -9999.0 -9999.0 -9999.0 -9999.0 -9999.0 -9999.0 -9999.0 -9999.0 -9999.0 -9999.0 -9999.0 -9999.0 -9999.0 -9999.0 -9999.0 -9999.0
-9999.0 -9999.0 -9999.0 -9999.0 -9999.0 -9999.0 -9999.0 -9999.0 -9999.0 -9999.0 -9999.0 -9999.0 -9999.0 -9999.0 -9999.0 -9999.0 -9999.0 -9999.0 -9999.0 -9999.0 1335.712014 1338.149348 1316.497891 1283.266526 1255.867493 1258.622991 1293.524605 1335.325836 1374.635524 1384.956678 1367.621298 1370.858630 1366.509496 1364.570189 1366.315533 1372.981367 1377.366052 1387.961836 1395.821568 1394.991653 1388.922191 1384.433522 1386.015504 1389.784140 1395.931142 1384.406723 1397.969020 1412.367892 1416.708271 1411.582610 1384.973316 1369.830415 1360.573839 1344.421317 1368.545512 1379.596883 1401.707088 1405.227090 1402.871947 1375.432679 1345.054801 -9999.0 -9999.0 -9999.0 -9999.0 -9999.0 -9999.0 -9999.0 -9999.0 -9999.0 -9999.0 -9999.0 -9999.0 -9999.0 -9999.0 -9999.0 -9999.0 -9999.0 -9999.0 -9999.0
-9999.0 -9999.0 -9999.0 -9999.0 -9999.0 -9999.0 -9999.0 -9999.0 -9999.0 -9999.0 -9999.0 -9999.0 -9999.0 -9999.0 1244.949235 1235.723540 1233.242954 1241.745238 1275.344302 1305.684848 1317.760316 1310.692611 1311.290295 1288.196210 1267.916402 1282.357138 1312.750820 1344.923267 1380.116794 1400.797677 1390.439436 1388.746652 1398.060805 1421.928696 1433.290298 1429.950460 1410.349881 1433.502864 1448.366346 1455.937357 1455.403581 1447.680207 1461.340233 1478.499907 1472.727973 1455.898057 1460.857504 1471.765457 1482.586617 1469.602516 1407.215101 1389.167295 1384.604007 1377.645894 1363.051079 1356.411310 1381.534530 1380.795433 1372.039567 1353.604710 1320.334221 1275.617156 1256.652109 1295.180530 1338.512324 1395.201881 -9999.0 -9999.0 -9999.0 -9999.0 -9999.0 -9999.0 -9999.0 -9999.0 -9999.0 -9999.0 -9999.0 -9999.0 -9999.0 -9999.0
-9999.0 -9999.0 -9999.0 -9999.0 -9999.0 -9999.0 -9999.0 -9999.0 -9999.0 1186.935948 1191.950315 1199.524241 1202.211998 1218.027446 1215.658575 1222.985971 1229.815568 1257.111152 1288.101529 1323.024672 1351.585257 1342.984072 1343.890128 1353.790685 1356.554319 1368.627462 1390.886747 1431.643572 1471.060796 1512.485263 1484.544329 1482.617114 1501.419061 1546.652877 1576.842038 1582.073429 1563.376491 1572.817785 1597.106088 1617.923806 1617.359758 1616.088745 1644.245387 1662.511951 1664.678795 1644.015062 1630.379516 1628.643988 1652.393417 1601.233922 1535.992930 1488.212445 1493.928788 1464.720941 1428.174222 1408.729821 1405.599772 1425.215922 1409.932583 1372.432373 1335.931464 1324.108971 1306.138493 1323.276568 1345.133593 1390.939524 1429.404811 1457.765622 1457.050550 1439.415398 -9999.0 -9999.0 -9999.0 -9999.0 -9999.0 -9999.0 -9999.0 -9999.0 -9999.0 -9999.0
-9999.0 -9999.0 -9999.0 -9999.0 -9999.0 -9999.0 1107.616603 1117.628975 1138.381670 1143.094681 1168.988244 1176.365812 1197.019745 1216.200749 1237.912906 1253.898668 1283.313690 1316.055092 1356.347280 1398.639165 1430.123514 1424.488744 1435.216841 1465.346267 1503.492052 1531.842035 1557.552644 1598.547855 1676.101312 1720.606370 1727.904689 1732.993408 1742.299041 1790.429685 1853.369156 1866.602842 1845.591595 1830.740892 1851.209761 1887.663787 1892.764882 1896.370441 1913.671667 1931.560393 1961.163353 1950.073038 1904.774203 1886.467125 1882.799915 1864.655625 1802.438248 1740.245110 1708.068738 1656.749426 1572.502607 1518.378769 1526.249189 1544.817809 1515.579187 1460.779547 1419.705643 1408.487816 1392.819877 1379.646123 1386.261104 1405.535922 1427.686539 1438.940862 1425.819439 1404.454955 1381.523152 1352.587192 1354.326641 1379.327660 -9999.0 -9999.0 -9999.0 -9999.0 -9999.0 -9999.0
-9999.0 -9999.0 -9999.0 -9999.0 1057.243765 1070.336723 1058.083513 1083.718926 1116.685731 1151.097927 1182.557525 1218.881813 1245.870987 1275.739124 1314.856995 1347.199373 1387.829803 1423.396863 1477.504522 1544.783486 1595.051776 1618.252593 1634.809257 1695.405806 1758.404349 1811.800894 1834.270078 1864.568145 1914.025624 1980.747514 2010.923681 2017.938004 2034.304735 2068.466794 2114.564083 2146.522258 2129.408379 2121.183487 2126.988735 2137.818857 2160.405747 2163.004439 2169.065256 2177.347241 2185.419735 2184.296923 2157.349613 2122.034286 2106.908499 2097.364058 2067.473180 1999.372686 1959.765706 1923.847586 1883.443968 1828.060592 1765.128856 1751.221296 1693.005630 1632.338805 1568.795515 1546.311571 1514.778938 1489.159991 1461.029876 1463.609823 1467.734860 1447.837807 1415.762937 1383.615683 1368.510170 1349.582838 1338.361590 1368.415983 1385.973095 1416.187339 -9999.0 -9999.0 -9999.0 -9999.0
-9999.0 -9999.0 997.949451 1046.083349 1102.989577 1111.500562 1111.316144 1117.306849 1145.953054 1197.923151 1271.385590 1319.780110 1360.688151 1394.107019 1451.833898 1527.696793 1598.664090 1649.501308 1711.105167 1781.802384 1844.302410 1878.747372 1899.526131 1946.071919 2004.257118 2068.022026 2095.594733 2123.576058 2158.792343 2197.484541 2209.102429 2222.916662 2230.336337 2232.286463 2237.244138 2238.541593 2233.648528 2227.763842 2207.605163 2200.565428 2205.026182 2210.245374 2212.978216 2202.406632 2201.105356 2216.672015 2222.481164 2222.661367 2222.718588 2230.097483 2232.631864 2192.746108 2157.199525 2138.373010 2124.257134 2078.718220 2015.691404 1976.599854 1950.891780 1899.657987 1816.898743 1762.400037 1708.257355 1658.854326 1607.427036 1578.223391 1533.647018 1492.962065 1447.661379 1402.146959 1378.825460 1360.866895 1358.443095 1358.423046 1374.859536 1390.350771 1405.913063 1413.808311 -9999.0 -9999.0
-9999.0 894.095008 966.087002 1091.296720 1170.529220 1213.713626 1242.781197 1264.136266 1292.769788 1319.440195 1420.601961 1504.251788 1595.343252 1632.956013 1681.085696 1776.294149 1872.902027 1926.615532 1969.803469 2028.237129 2089.023940 2137.458962 2168.650711 2181.252684 2219.257873 2235.751857 2239.789647 2244.417175 2243.661356 2239.128246 2232.598787 2238.531841 2232.531598 2210.351609 2192.237219 2188.447118 2183.159440 2158.374548 2126.234763 2104.759679 2102.202338 2123.375496 2110.571937 2090.853415 2089.550573 2115.257917 2141.553954 2137.407351 2127.981725 2146.702394 2180.143281 2201.108023 2209.915327 2226.413199 2246.580430 2220.966922 2195.484246 2155.727907 2134.929976 2102.217494 2041.851214 1977.226622 1914.754478 1849.802789 1781.511836 1713.031005 1651.338915 1592.124940 1527.937790 1487.907121 1457.001020 1406.850701 1386.492067 1389.117230 1381.160293 1378.783215 1385.216782 1391.662709 -9999.0 -9999.0
-9999.0 811.551572 953.016389 1135.592382 1281.798103 1337.074591 1434.209215 1512.174350 1539.013883 1507.568460 1612.402937 1831.281832 1941.323861 1961.806933 2032.477391 2118.830717 2134.747771 2171.641240 2198.131230 2212.760403 2224.410537 2236.835418 2238.046366 2236.173566 2224.394139 2217.654206 2215.646499 2211.827968 2195.105116 2177.730818 2161.135426 2155.420912 2131.767051 2079.976141 2042.744543 2024.131208 2008.070729 1988.423434 1951.548344 1915.028301 1893.485108 1906.264821 1898.250835 1881.195601 1879.625847 1908.018611 1950.169247 1952.727822 1964.007791 1985.772481 2023.222872 2060.813881 2084.435906 2118.522635 2157.766128 2203.163421 2219.968939 2244.328911 2249.200869 2230.644364 2186.574639 2132.985079 2095.544700 2031.793037 1957.424282 1874.079240 1807.929480 1745.757053 1676.322669 1629.790976 1581.004431 1520.440495 1466.322927 1446.360454 1408.825021 1390.897219 -9999.0 -9999.0 -9999.0 -9999.0
-9999.0 729.592206 915.707398 1169.705222 1444.763041 1548.585150 1753.445765 1884.626468 1940.455417 2008.373002 1973.803361 2126.888900 2171.304709 2170.007913 2170.521028 2173.265902 2188.664339 2194.166628 2193.941582 2187.861168 2182.875009 2182.227298 2183.666250 2178.750428 2168.203200 2152.902519 2136.130075 2118.420860 2078.804563 2045.943201 2009.904636 1993.295314 1947.371480 1844.486040 1795.547476 1757.089133 1700.154220 1694.553309 1687.256179 1654.422405 1631.502859 1608.632583 1629.904330 1634.468314 1638.184751 1644.002310 1664.798092 1691.964021 1737.590832 1773.493699 1816.279779 1867.968580 1906.273517 1957.826389 2008.014628 2065.388601 2101.994310 2138.650247 2189.314737 2229.080206 2253.793908 2243.185878 2217.268522 2172.687849 2103.790699 2039.147400 1992.248083 1920.141428 1852.561057 1795.816845 1741.062194 1675.822462 1605.341047 1531.461402 1492.527195 -9999.0 -9999.0 -9999.0 -9999.0 -9999.0
-9999.0 544.738517 810.743643 1093.627462 1399.214446 1725.156747 1863.306946 1987.282010 2057.067832 2027.581445 2037.961694 2058.290157 2103.082176 2114.349517 2093.459894 2082.174260 2069.298093 2070.069634 2085.165061 2062.614486 2037.661236 2027.888078 2030.036040 2020.366461 1998.201103 1980.263317 1963.148719 1933.641639 1880.114060 1827.204418 1745.106004 1713.965535 1635.808859 1577.405972 1531.521821 1481.811991 1432.157704 1431.460856 1448.130551 1431.961264 1408.413878 1389.285850 1415.378282 1433.088155 1445.746366 1435.061284 1445.322441 1481.562324 1530.148976 1572.422695 1619.689080 1671.888767 1718.199469 1768.586962 1802.990440 1855.672160 1909.540448 1965.650041 2044.290057 2126.256200 2167.755632 2205.415838 2240.592576 2259.821973 2212.550469 2169.505161 2125.402076 2071.237621 1995.712177 1949.591702 1910.468697 1830.967961 1758.207225 -9999.0 -9999.0 -9999.0 -9999.0 -9999.0 -9999.0 -9999.0
-9999.0 420.100805 634.836786 857.863742 1134.821415 1367.028221 1560.223458 1662.786492 1738.515106 1779.634808 1819.198952 1856.489837 1891.211394 1917.459060 1892.771318 1849.094725 1818.358235 1822.450143 1818.834473 1797.183364 1770.270519 1757.590059 1756.650466 1750.998694 1727.417826 1712.403746 1698.927465 1672.083385 1636.906793 1581.872361 1504.591846 1433.355737 1373.359989 1341.971484 1312.590354 1280.607320 1246.127193 1256.521497 1268.671790 1264.712994 1253.893531 1250.747359 1279.466426 1298.295574 1308.353390 1297.012880 1316.253946 1342.386030 1382.787968 1424.147850 1470.956239 1523.608432 1575.526490 1604.065547 1617.568828 1643.018524 1684.198843 1742.057408 1832.099862 1932.630611 2017.727696 2072.236895 2130.257160 2170.966776 2191.134754 2210.593747 2198.199850 2131.117278 2034.315218 2035.061678 2028.107480 -9999.0 -9999.0 -9999.0 -9999.0 -9999.0 -9999.0 -9999.0 -9999.0 -9999.0
-9999.0 -9999.0 402.338107 575.880886 707.765269 882.735298 1028.675344 1134.938173 1221.896087 1336.174972 1441.885211 1525.999563 1571.080123 1589.285202 1573.574429 1539.142553 1517.370091 1517.412131 1507.894730 1498.509065 1480.164687 1473.586809 1463.471955 1455.969863 1446.511254 1440.840990 1434.510865 1421.914683 1399.821847 1354.238294 1307.622098 1257.942419 1205.903631 1180.965414 1159.534139 1138.556275 1137.707400 1133.955028 1139.541048 1140.886383 1147.588443 1159.980950 1179.820510 1201.605812 1211.182552 1219.842059 1232.007939 1255.136441 1287.278474 1328.259463 1380.518221 1436.281292 1474.323237 1485.770706 1475.161994 1479.369241 1499.202171 1541.491872 1621.729640 1706.504150 1805.129781 1882.676665 1965.534607 2026.780663 2052.074873 2080.649029 2115.783339 2074.233499 1886.608312 1988.650534 -9999.0 -9999.0 -9999.0 -9999.0 -9999.0 -9999.0 -9999.0 -9999.0 -9999.0 -9999.0
-9999.0 -9999.0 -9999.0 -9999.0 433.027613 585.696753 680.786364 761.768996 888.279194 1006.551101 1104.943510 1186.450874 1247.111017 1272.781246 1267.502683 1271.971594 1267.141118 1261.283207 1252.135445 1251.742188 1251.337755 1244.687307 1231.219213 1224.280355 1225.315920 1230.091916 1227.287571 1213.484073 1196.103970 1174.358055 1155.024064 1121.689400 1086.581242 1058.005209 1045.310801 1039.985554 1040.088206 1033.447602 1042.268799 1049.535519 1064.631718 1079.721067 1103.309816 1132.072419 1145.547183 1159.989961 1169.323308 1189.265584 1218.838687 1271.130084 1333.218125 1389.550241 1423.873265 1426.937034 1401.039089 1384.390149 1379.533218 1406.003717 1449.133819 1514.659585 1615.283779 1689.739988 1752.679981 1804.534079 1846.778293 1911.078865 1997.667330 2048.190297 -9999.0 -9999.0 -9999.0 -9999.0 -9999.0 -9999.0 -9999.0 -9999.0 -9999.0 -9999.0 -9999.0 -9999.0
-9999.0 -9999.0 -9999.0 -9999.0 -9999.0 -9999.0 390.011204 489.886446 568.690128 704.250812 831.670625 930.595572 1009.069737 1039.420053 1064.483117 1090.505685 1088.457710 1070.438827 1052.000816 1071.071465 1085.155678 1079.902449 1050.596656 1050.462547 1055.372467 1063.748729 1061.679436 1055.498368 1030.933483 1042.898636 1044.249838 1021.798524 996.461014 983.137363 971.781493 981.807758 982.391701 969.096692 969.927158 996.686078 1016.847576 1029.899329 1051.594092 1084.591540 1116.658079 1131.487489 1132.420032 1137.989264 1177.347305 1246.593087 1317.021011 1371.099496 1402.190185 1408.948238 1380.385104 1338.998978 1317.089995 1322.437012 1355.072809 1405.401976 1479.078093 1527.465610 1555.364833 1572.941475 1597.059846 1693.905771 -9999.0 -9999.0 -9999.0 -9999.0 -9999.0 -9999.0 -9999.0 -9999.0 -9999.0 -9999.0 -9999.0 -9999.0 -9999.0 -9999.0
-9999.0 -9999.0 -9999.0 -9999.0 -9999.0 -9999.0 -9999.0 -9999.0 -9999.0 -9999.0 -9999.0 -9999.0 -9999.0 -9999.0 -9999.0 -9999.0 -9999.0 -9999.0 -9999.0 -9999.0 -9999.0 -9999.0 -9999.0 -9999.0 -9999.0 -9999.0 -9999.0 -9999.0 -9999.0 -9999.0 -9999.0 -9999.0 -9999.0 -9999.0 -9999.0 -9999.0 -9999.0 -9999.0 -9999.0 -9999.0 -9999.0 -9999.0 -9999.0 -9999.0 -9999.0 -9999.0 -9999.0 -9999.0 -9999.0 -9999.0 -9999.0 -9999.0 -9999.0 -9999.0 -9999.0 -9999.0 -9999.0 -9999.0 -9999.0 -9999.0 -9999.0 -9999.0 -9999.0 -9999.0 -9999.0 -9999.0 -9999.0 -9999.0 -9999.0 -9999.0 -9999.0 -9999.0 -9999.0 -9999.0 -9999.0 -9999.0 -9999.0 -9999.0 -9999.0 -9999.0
-9999.0 -9999.0 -9999.0 -9999.0 -9999.0 -9999.0 -9999.0 -9999.0 -9999.0 -9999.0 -9999.0 -9999.0 -9999.0 -9999.0 -9999.0 -9999.0 -9999.0 -9999.0 -9999.0 -9999.0 -9999.0 -9999.0 -9999.0 -9999.0 -9999.0 -9999.0 -9999.0 -9999.0 -9999.0 -9999.0 -9999.0 -9999.0 -9999.0 -9999.0 -9999.0 -9999.0 -9999.0 -9999.0 -9999.0 -9999.0 -9999.0 -9999.0 -9999.0 -9999.0 -9999.0 -9999.0 -9999.0 -9999.0 -9999.0 -9999.0 -9999.0 -9999.0 -9999.0 -9999.0 -9999.0 -9999.0 -9999.0 -9999.0 -9999.0 -9999.0 -9999.0 -9999.0 -9999.0 -9999.0 -9999.0 -9999.0 -9999.0 -9999.0 -9999.0 -9999.0 -9999.0 -9999.0 -9999.0 -9999.0 -9999.0 -9999.0 -9999.0 -9999.0 -9999.0 -9999.0