Borden_/Borden1m_014/output_maps/psiliqL0004N0012.asc
ncols         80
nrows         18
xllcorner     620200.000000
yllcorner     5168000.000000
cellsize      1.000000
NODATA_value  -9999.0
-9999.0 -9999.0 -9999.0 -9999.0 -9999.0 -9999.0 -9999.0 -9999.0 -9999.0 -9999.0 -9999.0 -9999.0 -9999.0 -9999.0 -9999.0 -9999.0 -9999.0 -9999.0 -9999.0 -9999.0 -9999.0 -9999.0 -9999.0 -9999.0 -9999.0 -9999.0 -9999.0 -9999.0 -9999.0 -9999.0 -9999.0 -9999.0 -9999.0 -9999.0 -9999.0 -9999.0 -9999.0 -9999.0 -9999.0 -9999.0 -9999.0 -9999.0 -9999.0 -9999.0 -9999.0 -9999.0 -9999.0 -9999.0 -9999.0 -9999.0 -9999.0 -9999.0 -9999.0 -9999.0 -9999.0 -9999.0 -9999.0 -9999.0 -9999.0 -9999.0 -9999.0 -9999.0 -9999.0 -9999.0 -9999.0 -9999.0 -9999.0 -9999.0 -9999.0 -9999.0 -9999.0 -9999.0 -9999.0 -9999.0 -9999.0 -9999.0 -9999.0 -9999.0 -9999.0 -9999.0
-9999.0 -9999.0 -9999.0 -9999.0 -9999.0 -9999.0 -9999.0 -9999.0 -9999.0 -9999.0 -9999.0 -9999.0 -9999.0 -9999.0 -9999.0 -9999.0 -9999.0 -9999.0 -9999.0 -9999.0 -9999.0 -9999.0 -9999.0 -9999.0 -9999.0 -9999.0 -9999.0 -9999.0 -9999.0 -9999.0 -9999.0 -9999.0 -9999.0 -9999.0 -9999.0 -9999.0 -9999.0 -9999.0 -9999.0 -9999.0 -9999.0 -9999.0 -9999.0 -9999.0 -9999.0 -9999.0 -9999.0 -9999.0 -9999.0 -9999.0 -9999.0 -9999.0 -9999.0 -9999.0 -9999.0 -9999.0 -9999.0 -9999.0 -9999.0 -9999.0 -9999.0 -9999.0 -9999.0 -9999.0 -9999.0 -9999.0 -9999.0 -9999.0 -9999.0 -9999.0 -9999.0 -9999.0 -9999.0 -9999.0 -9999.0 -9999.0 -9999.0 -9999.0 -9999.0 -9999.0
-9999.0 -9999.0 -9999.0 -9999.0 -9999.0 -9999.0 -9999.0 -9999.0 -9999.0 -9999.0 -9999.0 -9999.0 -9999.0 -9999.0 -9999.0 -9999.0 -9999.0 -9999.0 -9999.0 -9999.0 -753.889803 -749.883597 -764.025852 -782.367346 -797.517796 -798.115112 -780.406005 -759.184053 -737.263663 -731.767054 -745.517809 -743.531015 -748.367286 -750.017080 -749.078295 -745.074531 -743.343919 -736.244004 -731.276143 -732.158190 -736.643547 -740.422069 -742.468582 -740.614505 -736.409301 -742.718489 -732.846067 -722.217466 -717.839069 -719.869724 -736.527429 -744.940069 -748.605697 -759.117793 -740.050079 -732.261137 -716.283995 -713.653238 -712.684102 -730.641303 -749.561089 -9999.0 -9999.0 -9999.0 -9999.0 -9999.0 -9999.0 -9999.0 -9999.0 -9999.0 -9999.0 -9999.0 -9999.0 -9999.0 -9999.0 -9999.0 -9999.0 -9999.0 -9999.0 -9999.0
-9999.0 -9999.0 -9999.0 -9999.0 -9999.0 -9999.0 -9999.0 -9999.0 -9999.0 -9999.0 -9999.0 -9999.0 -9999.0 -9999.0 -792.580702 -799.479267 -802.383603 -801.806033 -785.605011 -771.597860 -767.495964 -773.962995 -770.944664 -786.078854 -799.329138 -791.027042 -776.342522 -761.497173 -742.158035 -729.224134 -739.224879 -741.695410 -735.085548 -715.245854 -705.398751 -708.368906 -727.254880 -708.757083 -697.222565 -690.135296 -691.048261 -698.991212 -686.722387 -673.028651 -679.216175 -693.891056 -691.139643 -682.030680 -668.954334 -678.916546 -729.576582 -740.665537 -740.087665 -741.743793 -749.966399 -754.824712 -735.432925 -735.991350 -740.471731 -748.674074 -765.675230 -790.073495 -800.188369 -776.930701 -752.497969 -713.165546 -9999.0 -9999.0 -9999.0 -9999.0 -9999.0 -9999.0 -9999.0 -9999.0 -9999.0 -9999.0 -9999.0 -9999.0 -9999.0 -9999.0
-9999.0 -9999.0 -9999.0 -9999.0 -9999.0 -9999.0 -9999.0 -9999.0 -9999.0 -811.823168 -812.574059 -809.975315 -812.918086 -805.693822 -812.992424 -809.991420 -809.490433 -797.805024 -785.321542 -768.039422 -750.266444 -759.963798 -760.911546 -752.507148 -749.485309 -743.419509 -732.387516 -704.716884 -674.670685 -639.799485 -666.998352 -669.049688 -653.936754 -608.469530 -566.397195 -555.791845 -574.905246 -575.219951 -550.383963 -523.871809 -525.282732 -527.494417 -503.728882 -490.820230 -481.746532 -500.314685 -520.399034 -524.401109 -497.092749 -548.200498 -609.732423 -660.671567 -656.196691 -680.790659 -711.849674 -726.515530 -729.264433 -709.338032 -719.134085 -743.456268 -765.259306 -765.212710 -775.612688 -764.897179 -753.230067 -721.659034 -694.560796 -671.933546 -670.911528 -684.385961 -9999.0 -9999.0 -9999.0 -9999.0 -9999.0 -9999.0 -9999.0 -9999.0 -9999.0 -9999.0
-9999.0 -9999.0 -9999.0 -9999.0 -9999.0 -9999.0 -832.958131 -832.502527 -826.801259 -835.502230 -824.959453 -828.164140 -819.721474 -813.860764 -806.551810 -802.400027 -787.593952 -772.611717 -750.254121 -723.571370 -701.982035 -708.348829 -702.256922 -676.200969 -639.521295 -608.445405 -586.912671 -552.325528 -474.732339 -424.378341 -403.699289 -395.481461 -375.635743 -20.403770 60.495460 64.967945 61.705741 58.969908 61.706411 67.052995 66.995326 66.437807 67.323780 68.094010 73.066479 72.361849 66.390682 65.092731 64.926477 62.329738 -2.887207 -373.957342 -441.829321 -492.108731 -567.534676 -624.335634 -631.325177 -615.866134 -641.170756 -683.025177 -713.375051 -717.348207 -725.306222 -735.553049 -730.714491 -717.270810 -699.319670 -689.405229 -697.670823 -710.773730 -723.714639 -743.050358 -740.832194 -722.651150 -9999.0 -9999.0 -9999.0 -9999.0 -9999.0 -9999.0
-9999.0 -9999.0 -9999.0 -9999.0 -854.472658 -848.348140 -864.153668 -853.224680 -842.984185 -833.644134 -828.003055 -813.383261 -805.345911 -793.199180 -771.990865 -752.799076 -726.187730 -705.137660 -664.125457 -605.410103 -553.609815 -525.939057 -513.620501 -448.110186 -333.717241 10.373833 57.288408 61.760390 66.107301 74.919679 78.520446 79.203291 83.478922 97.526094 106.104706 111.816690 108.750031 108.283223 108.560311 108.827401 112.839498 112.153709 112.247189 111.997373 113.122338 115.501836 110.563819 106.042468 104.987845 104.241990 99.732537 79.421060 71.875715 68.338039 64.534315 24.951690 -327.178296 -395.427861 -466.353322 -520.471820 -588.556474 -611.883751 -637.965185 -656.880401 -681.213550 -678.135358 -673.010306 -686.978504 -707.590632 -728.523045 -735.112886 -745.703473 -753.593252 -731.089868 -720.180503 -696.462436 -9999.0 -9999.0 -9999.0 -9999.0
-9999.0 -9999.0 -860.922800 -855.907751 -836.522480 -843.074785 -847.469825 -853.303461 -846.188411 -825.345035 -787.613041 -764.630404 -738.743019 -722.458450 -679.377502 -606.947413 -534.389702 -489.535687 -425.263257 -225.799004 36.260015 63.025487 64.948676 70.476607 81.123512 98.905267 103.717392 106.553356 109.244148 114.898275 138.100372 151.899073 158.794174 152.521679 152.361180 149.128091 148.891061 145.280470 129.888746 127.615519 134.033094 135.526551 139.181920 127.406927 123.786575 135.703540 138.365875 139.826771 142.820788 150.688383 160.649752 132.552267 107.572895 106.651526 107.112027 99.634932 81.796673 73.547749 71.515832 65.111648 -2.066406 -361.544994 -449.381313 -506.612269 -559.029754 -585.823906 -624.729435 -655.183743 -687.429098 -719.064916 -732.332217 -741.761508 -740.061678 -740.875488 -728.622795 -717.867797 -705.381517 -699.787672 -9999.0 -9999.0
-9999.0 -872.053395 -872.227938 -835.812103 -819.912856 -806.715051 -791.912138 -779.490824 -768.053000 -769.033014 -692.548126 -595.350496 -515.813803 -493.615969 -437.321869 -33.324743 61.035252 68.753798 74.149189 86.520947 101.139933 108.135770 111.341762 136.616441 159.462825 153.974087 152.285406 150.014872 141.655132 133.707187 123.784014 132.157711 131.294101 117.297034 109.881594 109.799433 109.763956 106.902859 103.693235 102.471925 103.412109 107.380693 105.522077 102.433261 101.796340 104.802514 107.178415 105.615381 103.353570 106.010654 111.426679 115.163437 131.019505 144.340528 163.687614 141.443825 112.545313 106.535822 105.426890 102.850502 94.374093 77.250551 66.952286 18.871712 -327.155942 -457.405586 -520.439097 -569.933030 -623.212048 -651.107846 -671.803239 -711.155349 -725.340762 -720.031845 -725.931288 -726.884909 -721.475345 -716.833401 -9999.0 -9999.0
-9999.0 -901.489893 -868.953387 -822.399099 -763.723775 -739.763908 -643.926392 -565.302883 -545.127952 -570.436583 -465.717360 30.896237 72.109039 72.183667 83.688850 105.682226 123.570865 144.137573 158.214050 149.043824 143.053628 144.617234 139.484427 130.979519 117.898667 111.649005 112.186507 112.116418 110.054956 107.732982 104.745679 105.137830 103.527196 97.367543 86.337537 80.219292 77.633943 75.353716 70.776588 67.460362 65.427090 69.574000 67.787533 64.888393 64.020019 67.407195 72.855711 70.846111 71.974578 76.971720 92.066344 98.757638 100.679300 103.681759 107.890963 115.902973 132.688904 151.832387 158.286459 135.055532 111.450330 104.275779 101.914051 93.672365 76.527982 61.049949 -14.042533 -386.011124 -469.246665 -517.565197 -563.653440 -613.281388 -660.925323 -677.894191 -707.137769 -718.132835 -9999.0 -9999.0 -9999.0 -9999.0
-9999.0 -906.771902 -872.951233 -792.182883 -642.153193 -531.336353 -18.599402 66.060844 74.460431 84.220184 90.244596 146.437081 155.186942 138.988705 113.643828 110.419665 115.525724 117.490171 113.371497 110.073674 108.570625 108.079500 107.932466 107.062612 105.898250 104.419965 103.458911 103.311723 99.089203 93.409951 78.764755 75.784500 70.281273 20.138754 -224.450450 -360.323914 -438.888129 -446.249503 -461.685089 -494.409671 -511.570152 -522.942526 -507.090331 -511.759956 -513.334907 -503.198736 -480.324001 -465.920024 -420.658025 -363.313304 -6.798064 61.027603 67.002794 74.083319 84.143666 98.308672 102.323809 105.454133 111.698085 135.181676 155.050736 147.674539 121.334852 110.368911 101.739806 95.077406 89.732396 71.555651 60.770300 -2.909526 -344.329946 -451.025337 -525.185492 -603.509274 -636.291774 -9999.0 -9999.0 -9999.0 -9999.0 -9999.0
-9999.0 -952.130977 -878.769459 -807.793019 -591.432093 -31.494863 64.129513 94.648642 133.243945 100.056437 96.851192 99.900962 105.732857 105.711613 102.306227 102.611233 101.637468 101.385090 103.973407 97.493333 84.409573 80.461881 80.579818 78.695655 74.920210 72.787655 71.786774 70.039368 61.438075 -0.223912 -397.141393 -425.380234 -502.078869 -570.254055 -612.708865 -650.561951 -691.188125 -691.268445 -677.671438 -690.951338 -707.043158 -722.241769 -702.940916 -692.789229 -684.699894 -693.344901 -688.456602 -662.739964 -625.041853 -592.147748 -549.947955 -497.097522 -450.647817 -377.126184 -232.997366 35.696450 66.221744 74.318314 93.910276 105.631049 108.375022 113.167794 145.621774 164.028097 127.283996 108.905323 104.768700 100.519563 92.482038 86.058492 72.831498 48.380579 -268.758811 -9999.0 -9999.0 -9999.0 -9999.0 -9999.0 -9999.0 -9999.0
-9999.0 -977.178120 -901.099514 -878.954398 -766.540606 -607.237269 -465.431423 -250.771923 48.773280 56.477627 60.084231 63.659747 67.422989 71.035531 67.469847 62.220205 58.107278 59.129969 57.232701 2.116686 -313.617914 -360.789317 -360.899925 -374.447361 -417.250215 -438.282994 -450.596426 -475.256893 -513.891809 -565.945112 -638.044359 -687.285947 -729.433063 -749.868124 -765.597361 -782.005674 -805.836687 -795.654984 -786.009070 -788.709195 -796.296524 -800.754716 -782.993256 -774.464215 -768.652681 -780.995842 -769.774445 -756.015899 -730.868716 -705.363137 -673.545962 -634.006374 -592.120809 -568.060128 -555.316588 -524.391577 -480.845311 -408.064986 -5.756750 68.831961 86.334998 97.518297 104.591488 108.936577 110.994776 124.202501 129.545109 107.057871 94.074113 97.070771 96.879985 -9999.0 -9999.0 -9999.0 -9999.0 -9999.0 -9999.0 -9999.0 -9999.0 -9999.0
-9999.0 -9999.0 -994.654803 -959.425254 -927.436974 -885.792068 -831.033740 -781.323725 -737.181304 -684.880909 -621.761575 -563.255404 -529.739624 -515.608459 -534.836149 -576.373379 -603.332348 -602.177166 -609.482350 -624.276246 -647.001141 -653.597160 -659.726197 -664.694012 -675.747555 -681.255603 -684.322205 -690.937013 -705.346331 -736.055542 -767.042579 -792.180032 -817.603247 -822.417414 -828.676160 -837.335940 -833.885455 -835.102510 -832.635639 -833.106470 -831.107411 -826.906987 -820.491676 -812.800759 -810.675088 -808.311937 -804.318463 -795.108315 -781.072047 -762.336063 -733.125996 -697.194941 -671.627756 -664.949765 -674.925394 -671.500175 -655.604445 -622.104590 -544.155412 -451.098980 -201.101030 47.424491 73.854009 86.746056 95.433231 99.152834 104.088824 99.302946 63.790610 87.572814 -9999.0 -9999.0 -9999.0 -9999.0 -9999.0 -9999.0 -9999.0 -9999.0 -9999.0 -9999.0
-9999.0 -9999.0 -9999.0 -9999.0 -1008.617294 -959.876711 -918.846181 -917.893188 -883.585951 -856.805714 -829.323161 -799.642160 -776.425516 -763.943951 -774.985940 -779.443893 -783.744893 -783.546287 -787.424818 -791.158696 -793.802573 -797.023258 -800.940233 -804.622677 -804.111172 -801.534934 -801.469273 -807.644002 -811.181617 -823.378460 -828.844600 -838.634437 -847.878718 -856.323340 -856.654049 -857.840835 -855.511817 -858.489620 -853.800709 -855.275180 -850.842091 -847.777479 -841.424427 -832.237414 -832.147594 -826.967121 -825.140887 -817.667035 -810.007980 -788.333727 -757.147845 -724.786485 -704.224832 -703.954472 -725.505478 -736.952376 -741.480656 -724.812354 -695.448116 -645.468978 -560.467674 -489.374474 -407.077247 -232.786429 29.527447 66.636144 87.964050 94.835971 -9999.0 -9999.0 -9999.0 -9999.0 -9999.0 -9999.0 -9999.0 -9999.0 -9999.0 -9999.0 -9999.0 -9999.0
-9999.0 -9999.0 -9999.0 -9999.0 -9999.0 -9999.0 -989.501028 -965.159163 -969.517579 -947.564246 -926.401214 -908.083651 -885.282425 -883.425944 -877.102427 -863.689752 -865.843750 -873.168218 -881.683704 -870.257418 -864.971530 -864.747718 -878.458000 -875.796967 -874.232275 -869.095319 -869.595556 -868.674780 -880.369084 -868.953871 -864.079825 -868.367493 -872.649124 -871.752672 -874.937695 -867.326439 -866.436600 -872.826806 -874.285314 -864.368695 -860.461265 -860.261632 -856.481450 -847.655894 -836.481998 -833.426555 -836.322765 -839.533187 -825.453989 -796.012793 -762.618578 -734.059914 -716.519453 -712.308456 -732.926366 -761.106044 -775.930067 -775.582686 -759.163971 -730.087350 -678.445850 -645.020059 -622.396280 -604.530653 -578.008088 -479.849330 -9999.0 -9999.0 -9999.0 -9999.0 -9999.0 -9999.0 -9999.0 -9999.0 -9999.0 -9999.0 -9999.0 -9999.0 -9999.0 -9999.0
-9999.0 -9999.0 -9999.0 -9999.0 -9999.0 -9999.0 -9999.0 -9999.0 -9999.0 -9999.0 -9999.0 -9999.0 -9999.0 -9999.0 -9999.0 -9999.0 -9999.0 -9999.0 -9999.0 -9999.0 -9999.0 -9999.0 -9999.0 -9999.0 -9999.0 -9999.0 -9999.0 -9999.0 -9999.0 -9999.0 -9999.0 -9999.0 -9999.0 -9999.0 -9999.0 -9999.0 -9999.0 -9999.0 -9999.0 -9999.0 -9999.0 -9999.0 -9999.0 -9999.0 -9999.0 -9999.0 -9999.0 -9999.0 -9999.0 -9999.0 -9999.0 -9999.0 -9999.0 -9999.0 -9999.0 -9999.0 -9999.0 -9999.0 -9999.0 -9999.0 -9999.0 -9999.0 -9999.0 -9999.0 -9999.0 -9999.0 -9999.0 -9999.0 -9999.0 -9999.0 -9999.0 -9999.0 -9999.0 -9999.0 -9999.0 -9999.0 -9999.0 -9999.0 -9999.0 -9999.0
-9999.0 -9999.0 -9999.0 -9999.0 -9999.0 -9999.0 -9999.0 -9999.0 -9999.0 -9999.0 -9999.0 -9999.0 -9999.0 -9999.0 -9999.0 -9999.0 -9999.0 -9999.0 -9999.0 -9999.0 -9999.0 -9999.0 -9999.0 -9999.0 -9999.0 -9999.0 -9999.0 -9999.0 -9999.0 -9999.0 -9999.0 -9999.0 -9999.0 -9999.0 -9999.0 -9999.0 -9999.0 -9999.0 -9999.0 -9999.0 -9999.0 -9999.0 -9999.0 -9999.0 -9999.0 -9999.0 -9999.0 -9999.0 -9999.0 -9999.0 -9999.0 -9999.0 -9999.0 -9999.0 -9999.0 -9999.0 -9999.0 -9999.0 -9999.0 -9999.0 -9999.0 -9999.0 -9999.0 -9999.0 -9999.0 -9999.0 -9999.0 -9999.0 -9999.0 -9999.0 -9999.0 -9999.0 -9999.0 -9999.0 -9999.0 -9999.0 -9999.0 -9999.0 -9999.0 -9999.0