Borden_/Borden1m_014/output_maps/psiliqL0006N0015.asc
ncols         80
nrows         18
xllcorner     620200.000000
yllcorner     5168000.000000
cellsize      1.000000
NODATA_value  -9999.0
-9999.0 -9999.0 -9999.0 -9999.0 -9999.0 -9999.0 -9999.0 -9999.0 -9999.0 -9999.0 -9999.0 -9999.0 -9999.0 -9999.0 -9999.0 -9999.0 -9999.0 -9999.0 -9999.0 -9999.0 -9999.0 -9999.0 -9999.0 -9999.0 -9999.0 -9999.0 -9999.0 -9999.0 -9999.0 -9999.0 -9999.0 -9999.0 -9999.0 -9999.0 -9999.0 -9999.0 -9999.0 -9999.0 -9999.0 -9999.0 -9999.0 -9999.0 -9999.0 -9999.0 -9999.0 -9999.0 -9999.0 -9999.0 -9999.0 -9999.0 -9999.0 -9999.0 -9999.0 -9999.0 -9999.0 -9999.0 -9999.0 -9999.0 -9999.0 -9999.0 -9999.0 -9999.0 -9999.0 -9999.0 -9999.0 -9999.0 -9999.0 -9999.0 -9999.0 -9999.0 -9999.0 -9999.0 -9999.0 -9999.0 -9999.0 -9999.0 -9999.0 -9999.0 -9999.0 -9999.0
-9999.0 -9999.0 -9999.0 -9999.0 -9999.0 -9999.0 -9999.0 -9999.0 -9999.0 -9999.0 -9999.0 -9999.0 -9999.0 -9999.0 -9999.0 -9999.0 -9999.0 -9999.0 -9999.0 -9999.0 -9999.0 -9999.0 -9999.0 -9999.0 -9999.0 -9999.0 -9999.0 -9999.0 -9999.0 -9999.0 -9999.0 -9999.0 -9999.0 -9999.0 -9999.0 -9999.0 -9999.0 -9999.0 -9999.0 -9999.0 -9999.0 -9999.0 -9999.0 -9999.0 -9999.0 -9999.0 -9999.0 -9999.0 -9999.0 -9999.0 -9999.0 -9999.0 -9999.0 -9999.0 -9999.0 -9999.0 -9999.0 -9999.0 -9999.0 -9999.0 -9999.0 -9999.0 -9999.0 -9999.0 -9999.0 -9999.0 -9999.0 -9999.0 -9999.0 -9999.0 -9999.0 -9999.0 -9999.0 -9999.0 -9999.0 -9999.0 -9999.0 -9999.0 -9999.0 -9999.0
-9999.0 -9999.0 -9999.0 -9999.0 -9999.0 -9999.0 -9999.0 -9999.0 -9999.0 -9999.0 -9999.0 -9999.0 -9999.0 -9999.0 -9999.0 -9999.0 -9999.0 -9999.0 -9999.0 -9999.0 -648.885209 -645.822541 -668.857990 -702.995330 -731.608536 -730.256218 -695.997318 -655.912727 -619.189377 -609.033430 -627.298024 -626.534997 -632.123588 -632.304057 -629.434624 -623.947030 -621.842868 -610.440112 -602.129197 -602.424318 -608.620940 -614.511624 -616.330109 -612.760839 -607.905345 -615.979527 -602.637495 -587.269600 -580.451284 -585.181423 -611.867937 -627.201456 -634.556793 -648.102246 -623.289711 -610.085980 -586.654568 -581.808300 -582.369223 -608.839030 -638.447796 -9999.0 -9999.0 -9999.0 -9999.0 -9999.0 -9999.0 -9999.0 -9999.0 -9999.0 -9999.0 -9999.0 -9999.0 -9999.0 -9999.0 -9999.0 -9999.0 -9999.0 -9999.0 -9999.0
-9999.0 -9999.0 -9999.0 -9999.0 -9999.0 -9999.0 -9999.0 -9999.0 -9999.0 -9999.0 -9999.0 -9999.0 -9999.0 -9999.0 -737.338035 -747.933483 -751.452595 -743.442706 -710.380230 -681.199345 -668.764678 -676.759010 -677.315645 -701.181449 -721.570137 -708.188796 -680.026826 -649.852231 -616.973719 -597.174622 -610.520067 -613.761832 -603.546585 -575.967066 -561.242250 -564.170930 -585.863778 -563.679808 -547.504504 -537.835550 -539.015414 -547.829552 -532.881404 -516.418890 -523.102720 -540.756933 -537.763689 -526.136613 -510.851126 -525.884965 -590.333630 -610.976499 -612.863461 -618.436541 -630.529847 -636.427386 -611.362128 -609.492537 -616.944761 -634.004506 -665.241222 -708.497639 -725.534519 -686.980021 -642.128341 -583.733951 -9999.0 -9999.0 -9999.0 -9999.0 -9999.0 -9999.0 -9999.0 -9999.0 -9999.0 -9999.0 -9999.0 -9999.0 -9999.0 -9999.0
-9999.0 -9999.0 -9999.0 -9999.0 -9999.0 -9999.0 -9999.0 -9999.0 -9999.0 -792.543972 -789.566179 -782.998228 -781.885344 -766.862603 -768.822608 -762.540619 -754.996637 -730.124053 -700.114641 -666.082553 -638.043350 -648.911067 -649.366600 -637.507629 -630.552491 -618.361521 -598.850082 -559.578576 -517.953966 -476.444306 -505.396611 -507.711963 -487.906608 -431.552708 -383.678123 -371.010244 -391.987548 -389.588653 -360.227947 -330.274511 -331.709342 -334.035812 -305.303208 -288.817270 -279.646101 -302.924660 -324.917108 -327.735879 -296.176453 -358.829494 -433.488893 -495.406946 -495.044620 -526.203993 -567.502478 -589.869480 -592.306734 -569.103485 -583.381024 -619.673973 -655.081404 -663.209379 -678.683906 -662.086814 -638.745768 -591.063545 -552.181757 -522.882201 -521.711656 -538.430194 -9999.0 -9999.0 -9999.0 -9999.0 -9999.0 -9999.0 -9999.0 -9999.0 -9999.0 -9999.0
-9999.0 -9999.0 -9999.0 -9999.0 -9999.0 -9999.0 -870.033915 -861.881028 -842.913649 -837.548989 -814.281362 -807.304368 -787.590808 -769.036621 -749.796859 -733.631473 -703.663435 -672.607345 -632.388746 -589.399395 -557.957985 -562.738958 -553.580130 -519.357864 -473.253629 -434.228858 -406.363634 -362.786830 -267.139562 -195.996790 -163.937179 -145.325598 -86.575121 128.960543 200.597467 209.933309 201.591515 194.889228 201.927578 215.394133 215.889048 214.737376 217.362712 219.836744 231.978223 229.828180 214.574179 210.957741 210.856704 205.158425 146.499591 -82.204753 -213.988973 -289.778050 -384.576828 -451.877931 -459.673316 -445.286639 -476.578193 -529.296548 -571.184125 -580.709108 -594.041735 -607.364497 -601.236601 -580.859337 -556.260200 -543.803450 -555.001463 -574.418649 -596.734352 -624.736378 -622.561999 -596.710454 -9999.0 -9999.0 -9999.0 -9999.0 -9999.0 -9999.0
-9999.0 -9999.0 -9999.0 -9999.0 -919.067879 -907.252664 -918.969695 -896.512608 -865.539246 -833.558469 -802.023009 -765.727403 -739.965013 -711.741054 -671.198815 -633.779811 -591.498405 -558.340613 -503.829717 -429.678920 -367.055078 -333.715000 -315.709488 -220.489453 94.192831 183.620489 194.809782 202.947463 215.486214 239.534087 250.159477 253.494883 266.316529 293.049230 312.827722 326.265602 318.984389 317.392542 318.251512 319.768337 332.512500 331.707967 332.263459 332.188230 333.667916 336.132528 324.014318 312.452631 309.679165 307.792631 297.664371 255.637470 232.251472 221.126492 212.974607 191.683573 102.791674 -127.391549 -250.772751 -325.393967 -405.743202 -438.438357 -471.931156 -497.251390 -527.000295 -525.019005 -520.676271 -538.680686 -567.256689 -597.710085 -611.495129 -629.126179 -638.253466 -607.888926 -589.680425 -558.128422 -9999.0 -9999.0 -9999.0 -9999.0
-9999.0 -9999.0 -976.059361 -926.129908 -871.341563 -863.457501 -861.354989 -857.431212 -832.033559 -783.295857 -705.970633 -654.669637 -610.825700 -582.666188 -524.118713 -433.907269 -348.408473 -288.687326 -178.475476 112.667553 193.669431 208.874459 213.099386 230.999375 271.464818 299.451399 307.200610 313.800377 321.460709 336.174676 356.932267 371.509982 379.382215 373.388543 373.954109 369.435130 369.509386 366.183659 351.640266 349.085543 355.240913 356.057416 360.094984 348.480594 345.154856 356.636541 359.757812 362.108176 366.571075 373.638404 383.649288 354.220465 318.508588 315.171663 316.259342 301.586583 274.321026 241.434704 230.312624 213.842519 153.504126 -45.911996 -219.304972 -303.906055 -374.119881 -411.054439 -456.941220 -495.287863 -537.723283 -580.428457 -601.999113 -619.044425 -620.014415 -618.210626 -601.451458 -585.118766 -569.215332 -561.147328 -9999.0 -9999.0
-9999.0 -1072.989361 -1000.615685 -873.330371 -795.935739 -752.323434 -711.711399 -682.967137 -661.283400 -650.552497 -544.636874 -429.186389 -332.159490 -298.076820 -205.268802 106.091561 202.378962 222.708832 241.220425 279.271226 304.138783 319.151961 328.586467 355.549436 381.684152 375.887099 375.085069 371.342993 363.658145 355.341023 345.424120 353.634722 352.943449 340.249204 328.698790 326.415005 323.748849 315.683602 306.983003 303.368466 305.491843 315.011920 310.607775 302.878859 301.385905 309.051234 315.282365 311.991322 307.379808 314.903654 328.758119 338.634572 353.443053 366.616814 386.189296 363.455664 335.191580 316.728853 312.132274 304.894253 285.056189 251.766954 224.207456 196.773231 110.506427 -220.749400 -321.285207 -389.845653 -453.805942 -490.122152 -518.813214 -568.886219 -590.704251 -587.567540 -595.812169 -597.433031 -590.087898 -583.343464 -9999.0 -9999.0
-9999.0 -1141.266088 -997.900346 -812.616360 -668.569425 -609.352406 -487.537585 -397.786717 -371.606695 -396.100233 -258.652070 166.964800 228.019463 230.246032 261.414801 311.525285 340.313728 361.437764 377.973867 370.402332 366.114941 365.824383 360.697513 352.341632 339.361097 333.303439 334.179907 333.846392 325.159329 318.863559 311.492302 311.885624 308.052300 295.843658 281.000076 260.862277 247.361579 239.295589 226.703828 217.292153 211.911194 221.489523 217.434478 210.253840 208.262085 217.069629 231.087626 227.807174 233.518870 250.885507 279.292832 294.585094 300.270684 309.380663 321.738199 340.290179 355.288514 373.704023 379.542129 357.049549 328.830865 311.096262 304.441135 287.255334 260.827968 209.965909 141.907887 -96.568354 -252.948680 -322.335872 -384.378877 -445.493015 -502.470769 -527.518111 -565.103599 -585.507745 -9999.0 -9999.0 -9999.0 -9999.0
-9999.0 -1202.104113 -1009.844893 -743.350606 -494.289489 -347.142796 108.957345 212.884341 234.188112 258.147561 272.406075 354.739091 367.195731 351.997179 329.648176 327.235740 337.825415 340.505448 336.164658 328.992197 324.790636 321.939665 320.568245 317.674579 313.918826 309.581091 306.661867 305.477073 294.069643 280.711363 251.934126 242.083015 228.456889 188.161493 133.156154 -57.207214 -213.308769 -230.508695 -250.540101 -292.004678 -314.331514 -330.085736 -310.020259 -312.889312 -313.693157 -302.963830 -275.293095 -250.849341 -175.205035 -45.254980 150.792414 204.888555 220.588341 244.444880 275.661000 297.545400 305.102741 313.255974 329.306786 356.844651 376.865216 369.850904 345.373615 327.268552 305.919505 286.421655 272.903656 234.733864 205.501829 162.627323 3.261742 -227.187107 -337.723599 -437.876097 -477.517645 -9999.0 -9999.0 -9999.0 -9999.0 -9999.0
-9999.0 -1347.476327 -1079.840591 -781.988243 -445.086004 92.226571 209.613482 293.690318 341.950550 294.396877 287.156727 295.260073 309.908426 310.398828 302.340528 302.646814 300.609333 300.788699 308.110622 297.852932 282.898878 263.263177 259.602702 252.519394 240.445015 233.378792 229.733097 224.110305 203.250601 146.693286 -120.335795 -195.362456 -306.604702 -387.308978 -440.282542 -489.920518 -540.865018 -542.314546 -527.107105 -543.760470 -565.311192 -583.768875 -559.245360 -545.048864 -534.956942 -544.457631 -536.372179 -503.449133 -456.601076 -414.674241 -358.409683 -289.424490 -218.289921 -76.835798 136.101308 199.106213 219.563705 241.087258 283.389589 313.085304 322.599950 336.171725 368.282382 386.749320 349.469716 322.687169 310.943418 298.460933 276.742470 264.120006 245.790091 216.622944 187.506847 -9999.0 -9999.0 -9999.0 -9999.0 -9999.0 -9999.0 -9999.0
-9999.0 -1484.170127 -1247.231913 -992.771982 -691.879489 -461.588322 -270.461791 91.213733 181.982338 186.980664 195.685129 205.519492 215.707366 224.755832 215.886486 202.460389 192.296524 195.331334 195.311209 181.447752 126.093913 -58.455325 -82.847756 -111.715701 -181.053226 -215.160198 -234.454217 -269.004584 -317.864072 -383.243617 -472.978072 -537.459365 -596.546020 -631.405675 -660.564806 -692.645341 -731.325008 -720.478983 -705.345981 -710.195514 -723.014598 -728.077242 -698.912192 -681.287231 -671.653593 -685.564404 -668.106372 -642.208001 -602.034410 -562.968555 -518.427508 -467.662847 -417.489220 -386.842995 -365.489338 -325.148235 -265.761701 -135.794074 144.932155 227.967665 277.135897 295.432066 312.576743 324.594464 329.009522 345.912727 344.705640 311.600055 278.013686 287.774090 290.280142 -9999.0 -9999.0 -9999.0 -9999.0 -9999.0 -9999.0 -9999.0 -9999.0 -9999.0
-9999.0 -9999.0 -1485.292608 -1289.601669 -1121.618520 -936.265697 -791.539496 -691.831744 -627.563694 -549.867788 -464.044048 -388.890393 -346.490638 -329.013813 -351.219457 -398.812474 -429.592391 -429.775182 -439.646878 -457.106953 -484.998112 -494.906980 -503.148951 -510.143138 -523.828250 -531.147285 -535.887614 -546.050356 -567.683095 -612.909480 -665.224314 -715.959461 -769.274531 -793.345249 -814.747119 -837.353494 -841.464007 -842.397908 -835.201376 -834.165867 -829.507538 -818.334145 -797.701619 -777.032260 -768.075106 -761.980301 -749.877027 -727.000317 -694.884393 -655.775955 -605.842134 -553.077258 -517.799335 -508.105220 -518.997095 -514.212932 -493.314284 -449.429075 -350.847507 -211.949776 122.396315 205.663302 244.489156 282.410412 290.714228 296.680825 307.339137 289.805724 185.081003 259.265585 -9999.0 -9999.0 -9999.0 -9999.0 -9999.0 -9999.0 -9999.0 -9999.0 -9999.0 -9999.0
-9999.0 -9999.0 -9999.0 -9999.0 -1432.371952 -1274.130342 -1181.979393 -1101.188328 -986.115547 -885.236186 -799.602293 -729.395004 -682.363579 -661.078723 -674.587016 -683.450120 -692.504892 -695.052580 -702.799500 -709.291718 -715.758675 -723.051381 -732.721555 -739.874862 -740.839187 -737.666649 -739.221353 -751.444817 -765.905053 -793.745438 -818.246949 -853.012690 -889.804956 -918.476893 -931.197036 -938.419955 -937.958299 -942.898299 -933.167025 -927.296173 -912.745468 -897.424066 -873.587912 -845.870214 -833.969888 -820.237255 -810.788526 -790.274867 -761.180974 -709.921698 -649.653219 -596.201129 -565.036186 -563.679352 -592.015989 -609.827976 -615.051784 -589.890655 -545.754460 -478.918858 -371.502660 -275.329117 -132.103912 134.829815 195.426085 221.031019 266.433949 282.679208 -9999.0 -9999.0 -9999.0 -9999.0 -9999.0 -9999.0 -9999.0 -9999.0 -9999.0 -9999.0 -9999.0 -9999.0
-9999.0 -9999.0 -9999.0 -9999.0 -9999.0 -9999.0 -1492.475563 -1399.654693 -1309.804104 -1195.066801 -1090.014535 -1003.704287 -933.809070 -912.121778 -898.173853 -877.784961 -883.109478 -899.062713 -914.238525 -898.681993 -890.628605 -894.851248 -920.676712 -922.324867 -919.301499 -909.714847 -910.468536 -916.191237 -940.336803 -933.409402 -935.477127 -958.019653 -983.673867 -998.043123 -1009.356946 -999.340155 -998.309050 -1010.337972 -1007.299526 -981.755051 -962.470024 -949.062504 -926.520358 -893.756430 -862.272653 -848.594234 -847.966058 -841.990352 -800.626536 -731.628100 -663.458050 -612.462844 -584.042440 -578.660414 -609.118398 -652.031991 -675.946482 -672.211767 -641.529157 -592.829848 -521.384913 -476.025298 -445.186977 -417.944750 -381.211855 -258.413498 -9999.0 -9999.0 -9999.0 -9999.0 -9999.0 -9999.0 -9999.0 -9999.0 -9999.0 -9999.0 -9999.0 -9999.0 -9999.0 -9999.0
-9999.0 -9999.0 -9999.0 -9999.0 -9999.0 -9999.0 -9999.0 -9999.0 -9999.0 -9999.0 -9999.0 -9999.0 -9999.0 -9999.0 -9999.0 -9999.0 -9999.0 -9999.0 -9999.0 -9999.0 -9999.0 -9999.0 -9999.0 -9999.0 -9999.0 -9999.0 -9999.0 -9999.0 -9999.0 -9999.0 -9999.0 -9999.0 -9999.0 -9999.0 -9999.0 -9999.0 -9999.0 -9999.0 -9999.0 -9999.0 -9999.0 -9999.0 -9999.0 -9999.0 -9999.0 -9999.0 -9999.0 -9999.0 -9999.0 -9999.0 -9999.0 -9999.0 -9999.0 -9999.0 -9999.0 -9999.0 -9999.0 -9999.0 -9999.0 -9999.0 -9999.0 -9999.0 -9999.0 -9999.0 -9999.0 -9999.0 -9999.0 -9999.0 -9999.0 -9999.0 -9999.0 -9999.0 -9999.0 -9999.0 -9999.0 -9999.0 -9999.0 -9999.0 -9999.0 -9999.0
-9999.0 -9999.0 -9999.0 -9999.0 -9999.0 -9999.0 -9999.0 -9999.0 -9999.0 -9999.0 -9999.0 -9999.0 -9999.0 -9999.0 -9999.0 -9999.0 -9999.0 -9999.0 -9999.0 -9999.0 -9999.0 -9999.0 -9999.0 -9999.0 -9999.0 -9999.0 -9999.0 -9999.0 -9999.0 -9999.0 -9999.0 -9999.0 -9999.0 -9999.0 -9999.0 -9999.0 -9999.0 -9999.0 -9999.0 -9999.0 -9999.0 -9999.0 -9999.0 -9999.0 -9999.0 -9999.0 -9999.0 -9999.0 -9999.0 -9999.0 -9999.0 -9999.0 -9999.0 -9999.0 -9999.0 -9999.0 -9999.0 -9999.0 -9999.0 -9999.0 -9999.0 -9999.0 -9999.0 -9999.0 -9999.0 -9999.0 -9999.0 -9999.0 -9999.0 -9999.0 -9999.0 -9999.0 -9999.0 -9999.0 -9999.0 -9999.0 -9999.0 -9999.0 -9999.0 -9999.0