Borden_/Borden1m_014/output_maps/psiliqL0021N0023.asc
ncols         80
nrows         18
xllcorner     620200.000000
yllcorner     5168000.000000
cellsize      1.000000
NODATA_value  -9999.0
-9999.0 -9999.0 -9999.0 -9999.0 -9999.0 -9999.0 -9999.0 -9999.0 -9999.0 -9999.0 -9999.0 -9999.0 -9999.0 -9999.0 -9999.0 -9999.0 -9999.0 -9999.0 -9999.0 -9999.0 -9999.0 -9999.0 -9999.0 -9999.0 -9999.0 -9999.0 -9999.0 -9999.0 -9999.0 -9999.0 -9999.0 -9999.0 -9999.0 -9999.0 -9999.0 -9999.0 -9999.0 -9999.0 -9999.0 -9999.0 -9999.0 -9999.0 -9999.0 -9999.0 -9999.0 -9999.0 -9999.0 -9999.0 -9999.0 -9999.0 -9999.0 -9999.0 -9999.0 -9999.0 -9999.0 -9999.0 -9999.0 -9999.0 -9999.0 -9999.0 -9999.0 -9999.0 -9999.0 -9999.0 -9999.0 -9999.0 -9999.0 -9999.0 -9999.0 -9999.0 -9999.0 -9999.0 -9999.0 -9999.0 -9999.0 -9999.0 -9999.0 -9999.0 -9999.0 -9999.0
-9999.0 -9999.0 -9999.0 -9999.0 -9999.0 -9999.0 -9999.0 -9999.0 -9999.0 -9999.0 -9999.0 -9999.0 -9999.0 -9999.0 -9999.0 -9999.0 -9999.0 -9999.0 -9999.0 -9999.0 -9999.0 -9999.0 -9999.0 -9999.0 -9999.0 -9999.0 -9999.0 -9999.0 -9999.0 -9999.0 -9999.0 -9999.0 -9999.0 -9999.0 -9999.0 -9999.0 -9999.0 -9999.0 -9999.0 -9999.0 -9999.0 -9999.0 -9999.0 -9999.0 -9999.0 -9999.0 -9999.0 -9999.0 -9999.0 -9999.0 -9999.0 -9999.0 -9999.0 -9999.0 -9999.0 -9999.0 -9999.0 -9999.0 -9999.0 -9999.0 -9999.0 -9999.0 -9999.0 -9999.0 -9999.0 -9999.0 -9999.0 -9999.0 -9999.0 -9999.0 -9999.0 -9999.0 -9999.0 -9999.0 -9999.0 -9999.0 -9999.0 -9999.0 -9999.0 -9999.0
-9999.0 -9999.0 -9999.0 -9999.0 -9999.0 -9999.0 -9999.0 -9999.0 -9999.0 -9999.0 -9999.0 -9999.0 -9999.0 -9999.0 -9999.0 -9999.0 -9999.0 -9999.0 -9999.0 -9999.0 2354.835724 2357.291199 2336.805166 2304.587569 2278.409102 2282.470258 2318.214331 2361.253054 2402.263779 2413.130440 2396.877982 2402.178851 2399.290538 2397.092376 2399.146363 2407.367934 2413.996602 2424.670736 2432.918705 2432.347303 2426.587077 2422.490507 2424.735284 2427.102443 2432.683309 2418.914076 2432.922469 2447.129480 2450.207030 2444.409479 2417.209528 2401.404793 2390.258920 2371.903094 2394.922674 2404.226105 2424.374804 2426.318287 2422.470066 2394.412311 2363.567032 -9999.0 -9999.0 -9999.0 -9999.0 -9999.0 -9999.0 -9999.0 -9999.0 -9999.0 -9999.0 -9999.0 -9999.0 -9999.0 -9999.0 -9999.0 -9999.0 -9999.0 -9999.0 -9999.0
-9999.0 -9999.0 -9999.0 -9999.0 -9999.0 -9999.0 -9999.0 -9999.0 -9999.0 -9999.0 -9999.0 -9999.0 -9999.0 -9999.0 2259.911828 2251.976004 2250.853707 2260.472895 2295.120575 2326.619266 2338.651095 2332.500906 2334.045295 2311.734005 2291.960026 2307.370849 2339.147013 2372.059485 2408.203885 2429.282701 2420.703377 2420.490395 2430.296125 2453.901668 2464.769622 2462.136260 2443.939871 2468.815051 2483.840903 2490.906646 2490.701807 2482.498958 2493.339892 2508.091149 2500.722430 2483.913403 2491.499521 2503.710436 2513.196362 2500.671686 2437.576982 2420.081361 2413.531156 2405.568931 2389.452660 2382.422190 2407.225109 2404.128005 2394.138100 2374.870792 2340.593912 2295.236412 2274.950742 2312.864290 2354.750420 2409.594777 -9999.0 -9999.0 -9999.0 -9999.0 -9999.0 -9999.0 -9999.0 -9999.0 -9999.0 -9999.0 -9999.0 -9999.0 -9999.0 -9999.0
-9999.0 -9999.0 -9999.0 -9999.0 -9999.0 -9999.0 -9999.0 -9999.0 -9999.0 2197.565062 2203.900523 2212.569341 2216.883717 2234.015547 2232.235651 2240.979459 2248.345366 2277.661094 2309.769338 2345.686282 2374.679650 2367.908389 2369.143545 2377.712001 2378.263819 2390.297934 2413.788170 2455.546487 2492.071177 2532.560474 2504.166296 2502.982086 2523.100665 2567.906398 2595.460194 2599.575485 2581.418793 2595.339921 2620.112761 2639.383035 2638.462007 2635.025818 2659.475234 2674.066437 2670.379989 2648.710872 2643.268938 2646.454305 2672.304506 2619.638475 2551.651733 2505.958893 2513.871816 2486.880387 2453.386753 2435.105633 2431.845005 2449.823580 2433.829293 2395.519121 2359.245137 2345.819338 2326.424279 2343.379248 2363.876157 2407.569065 2445.019256 2471.905878 2469.235142 2450.423134 -9999.0 -9999.0 -9999.0 -9999.0 -9999.0 -9999.0 -9999.0 -9999.0 -9999.0 -9999.0
-9999.0 -9999.0 -9999.0 -9999.0 -9999.0 -9999.0 2116.494909 2127.783710 2149.895881 2154.674035 2182.380653 2190.424560 2212.413809 2232.918140 2256.892834 2273.771403 2303.580612 2337.389064 2377.470621 2419.801530 2452.637536 2446.040112 2457.242085 2483.026683 2517.551022 2543.426106 2569.955295 2611.548018 2688.643695 2731.165425 2733.422854 2738.827324 2749.764319 2800.539919 2864.704408 2875.723814 2854.985700 2841.401816 2864.089985 2902.036128 2904.887260 2906.389749 2819.113422 2828.269937 2854.753994 2846.097917 2905.075144 2894.520922 2897.263346 2875.644809 2808.059052 2745.577630 2716.609607 2663.060603 2579.171243 2528.840354 2542.428584 2562.857220 2534.581407 2480.746123 2440.662722 2429.852997 2413.784732 2400.914580 2407.746040 2425.846561 2445.733597 2455.158352 2439.816304 2416.399041 2392.395638 2362.207436 2362.921603 2386.898161 -9999.0 -9999.0 -9999.0 -9999.0 -9999.0 -9999.0
-9999.0 -9999.0 -9999.0 -9999.0 2064.715190 2078.858500 2066.749893 2094.391277 2128.819921 2164.877585 2196.513703 2233.356903 2261.414804 2292.870924 2331.924485 2362.285506 2401.825541 2437.175255 2491.257232 2558.980114 2609.650930 2630.740127 2645.745332 2704.002055 2766.108162 2818.622381 2841.307310 2870.720553 2817.380161 2872.684614 2896.127045 2900.446422 2917.923293 2958.260347 3010.856974 3015.797246 2998.618484 2990.351838 2998.624484 3011.349708 3033.472807 3033.628313 3033.758978 3037.010896 3043.455152 3042.519375 3018.735881 2986.446106 3003.637572 2993.983714 2959.458672 2889.040436 2855.752047 2828.535931 2883.245147 2827.515140 2770.128417 2760.384537 2700.548045 2640.104103 2581.168595 2563.197033 2534.115051 2509.711224 2483.562852 2486.449170 2489.621868 2467.500541 2432.221736 2397.777431 2381.124154 2360.649394 2347.434025 2376.388023 2392.509680 2421.271215 -9999.0 -9999.0 -9999.0 -9999.0
-9999.0 -9999.0 2002.956823 2050.731164 2109.418638 2118.762336 2117.584007 2124.490985 2154.812653 2208.533551 2280.145767 2325.869567 2364.087449 2400.126905 2460.187378 2532.736590 2601.625302 2649.358488 2715.472076 2789.766092 2853.882124 2885.814472 2901.982754 2838.917217 2891.800993 2957.635023 2985.039880 3010.821009 3009.374176 3042.907998 3042.287482 3054.148436 3064.954114 3073.794676 3085.131950 3090.044417 3085.867944 3081.426681 3063.573202 3059.045837 3065.659827 3072.099541 3072.353273 3058.221267 3054.301852 3068.763094 3073.832415 3072.367152 3071.207924 3076.607493 3075.294043 3031.095090 3006.021324 2992.182425 3013.566984 2968.507361 2903.187438 2867.967641 2848.664627 2900.305243 2821.380429 2773.441592 2724.235374 2679.566013 2627.611113 2601.033779 2556.220470 2513.965749 2466.188565 2418.037892 2392.602144 2373.633115 2369.691822 2367.423431 2382.468649 2396.150171 2410.390124 2417.591515 -9999.0 -9999.0
-9999.0 1895.274350 1967.442283 2092.293852 2173.091410 2216.374172 2238.419401 2253.817468 2284.801578 2319.215115 2417.025740 2487.756575 2577.381901 2619.936655 2670.153397 2769.714519 2868.626754 2821.768950 2858.771058 2918.844760 2981.511882 2998.310610 3023.491059 3013.686332 3049.760068 3071.868507 3077.528157 3082.730654 3080.572925 3072.251257 3064.940236 3071.856768 3069.514035 3051.076442 3035.699327 3034.176407 3030.904026 3008.561820 3012.076897 2997.321207 3000.097593 2993.451187 3010.701239 2990.737019 2986.621089 3006.970409 2996.614909 2986.477028 3005.326923 2990.034008 3023.331511 3046.068371 3050.651038 3068.254489 3089.116528 3061.561910 3037.634657 2996.222740 3011.565209 2986.724230 2930.720793 2874.991121 2826.647753 2862.235441 2797.443702 2734.368400 2671.835050 2608.420694 2543.023454 2500.719877 2468.901202 2419.035984 2398.840654 2399.855110 2390.075208 2385.795823 2389.999681 2395.537250 -9999.0 -9999.0
-9999.0 1805.706929 1946.616447 2128.504682 2276.422294 2328.584028 2411.342476 2482.047838 2507.290139 2468.819368 2577.850570 2801.452568 2840.717565 2855.837482 2927.843126 2991.914652 2987.227094 3015.824800 3037.017145 3055.109886 3069.810987 3081.202291 3078.840419 3072.945896 3057.091180 3049.264862 3048.856361 3046.931666 3030.162039 3011.728079 2995.264992 2992.902529 3006.424072 2960.524610 2927.470830 2910.347734 2893.363451 2878.228623 2850.024000 2825.425180 2901.093262 2822.574784 2819.172858 2894.251562 2890.730161 2819.607791 2849.323708 2846.216553 2856.573555 2876.319703 2912.819851 2950.504895 2969.616572 2998.580773 3000.883615 3045.747591 3056.751873 3078.643718 3082.294551 3068.669079 3024.702382 3007.779364 2977.885225 2922.809571 2861.928882 2879.487410 2815.216930 2752.841067 2682.769877 2636.394664 2587.762331 2528.688175 2477.015920 2458.096530 2418.290645 2399.378357 -9999.0 -9999.0 -9999.0 -9999.0
-9999.0 1713.365454 1896.783765 2144.950324 2434.312227 2527.021071 2736.108923 2814.698932 2857.143210 2922.487795 2842.781161 2997.204442 3038.905009 3031.467260 3038.020917 3039.539752 3052.758966 3052.788216 3047.829038 3037.288901 3028.320271 3024.222784 3022.992849 3015.209013 3002.858127 2988.835505 3008.600279 2997.352218 2962.057415 2930.067504 2892.469581 2879.294429 2839.193762 2840.235115 2797.184977 2756.837380 2694.637966 2690.001971 2688.384310 2658.081078 2638.667790 2611.098782 2637.225001 2647.891757 2652.231155 2650.486908 2664.915539 2696.426645 2746.723248 2785.896908 2831.197699 2885.094393 2821.148593 2860.254080 2901.475924 2954.188860 2984.409989 3013.577766 3027.112966 3063.333667 3085.286505 3073.108391 3052.212675 3010.522516 2982.624194 2931.893060 2899.891709 2846.917555 2841.778718 2788.532669 2737.853111 2681.984525 2613.905041 2543.556806 2502.573999 -9999.0 -9999.0 -9999.0 -9999.0 -9999.0
-9999.0 1508.887704 1774.557591 2050.489489 2343.761081 2684.741739 2807.516622 2910.123038 2973.225421 2947.731678 2962.805821 2973.660371 2985.111224 2990.900564 2996.800724 2985.854648 2970.633608 2969.751873 2982.656476 2956.149438 2926.867802 2913.818108 2914.121456 2902.969005 2879.600184 2864.246933 2854.822759 2837.373804 2882.197589 2828.644720 2742.302091 2705.660669 2623.035946 2576.508430 2534.697212 2484.305063 2433.717594 2434.234691 2454.264975 2441.412519 2419.260526 2400.914782 2429.031562 2450.055639 2463.789442 2450.706690 2459.936322 2496.157165 2546.615120 2591.963680 2641.803796 2698.630331 2745.007369 2792.306668 2822.606322 2870.898055 2818.249993 2859.979316 2929.900424 3005.527254 3006.912615 3039.794535 3070.470064 3091.201032 3049.541124 3021.342799 2998.362280 2995.027713 2945.646922 2900.039838 2860.206179 2797.820489 2772.234521 -9999.0 -9999.0 -9999.0 -9999.0 -9999.0 -9999.0 -9999.0
-9999.0 1390.670940 1594.964982 1803.051547 2068.614104 2305.048164 2520.563756 2624.272346 2706.301106 2766.996384 2816.262816 2855.354398 2812.703062 2833.386135 2812.467662 2853.180180 2824.116838 2829.886976 2823.836012 2801.973479 2773.461871 2759.028558 2755.159862 2747.715034 2722.991401 2708.367739 2696.858722 2671.844316 2642.128223 2585.901854 2508.422925 2432.180086 2374.051280 2347.601078 2320.280560 2289.400807 2257.817133 2268.160956 2278.920644 2276.956675 2268.169137 2266.602304 2295.472075 2314.742133 2325.007640 2314.764416 2334.689924 2360.976370 2402.062852 2446.477916 2496.005660 2550.589240 2604.678271 2632.814149 2644.351787 2666.167381 2704.396364 2758.241991 2844.153134 2835.029213 2909.354348 2955.058297 3004.531088 3009.557579 3035.101285 3063.385013 3081.655904 3071.133657 3045.341828 3013.841029 2972.273831 -9999.0 -9999.0 -9999.0 -9999.0 -9999.0 -9999.0 -9999.0 -9999.0 -9999.0
-9999.0 -9999.0 1366.087435 1529.521175 1644.874273 1815.468151 1962.454895 2072.831012 2171.037213 2303.285987 2420.244396 2512.073462 2557.930256 2576.345288 2564.760147 2537.956523 2520.523321 2521.165136 2510.652695 2502.494107 2485.404581 2478.149393 2464.628430 2455.504418 2447.171309 2442.548432 2437.105339 2426.437063 2405.726027 2360.177254 2316.315883 2267.532053 2216.339271 2191.682595 2170.685503 2150.635858 2151.372950 2146.027996 2150.731384 2152.527323 2160.559150 2173.813048 2193.468249 2216.132642 2226.284348 2236.542364 2249.136275 2272.966126 2305.882104 2348.434419 2402.925026 2462.082426 2502.880011 2515.860450 2505.453033 2508.912502 2526.116056 2566.267500 2642.757476 2725.323615 2823.800178 2897.358993 2861.988892 2915.927682 2941.151990 2974.073557 3012.066383 3057.389309 3091.876264 3070.988492 -9999.0 -9999.0 -9999.0 -9999.0 -9999.0 -9999.0 -9999.0 -9999.0 -9999.0 -9999.0
-9999.0 -9999.0 -9999.0 -9999.0 1389.947087 1540.717929 1638.514658 1720.372578 1852.849802 1979.681395 2084.093386 2170.287324 2236.849124 2264.783727 2264.947891 2277.795944 2276.187911 2269.100074 2259.121511 2261.280524 2263.173034 2256.050674 2240.076990 2232.624889 2234.185855 2239.629089 2236.450011 2222.328812 2203.534005 2184.500087 2167.243064 2134.222463 2099.779210 2071.001240 2058.021639 2053.296432 2052.851723 2045.039296 2053.192962 2061.103776 2076.504756 2091.558470 2115.118118 2144.450976 2158.970233 2174.161820 2183.954510 2204.247825 2235.019579 2288.789776 2352.847784 2411.484991 2449.057641 2454.256447 2430.618726 2415.108205 2410.650311 2437.472342 2480.267481 2543.989939 2644.683206 2719.449089 2774.537311 2819.132112 2854.333388 2819.107014 2903.136625 2975.764260 -9999.0 -9999.0 -9999.0 -9999.0 -9999.0 -9999.0 -9999.0 -9999.0 -9999.0 -9999.0 -9999.0 -9999.0
-9999.0 -9999.0 -9999.0 -9999.0 -9999.0 -9999.0 1359.006937 1463.131222 1537.056463 1683.609382 1822.445145 1927.718942 2010.450609 2045.328085 2076.766357 2106.455757 2106.671133 2087.871669 2067.688963 2088.118500 2104.675605 2098.350398 2066.976704 2067.107185 2072.465897 2079.821847 2076.777680 2070.026979 2044.704127 2058.438397 2060.672764 2037.507482 2011.707315 1998.312718 1986.451055 1995.988246 1995.906993 1981.628779 1981.092454 2008.278995 2028.823810 2041.729696 2063.091910 2096.348906 2128.986799 2144.814104 2146.448151 2152.450353 2191.460555 2261.812409 2334.445457 2391.053528 2424.739742 2433.686133 2408.078559 2368.655795 2348.961007 2356.093230 2390.160782 2440.940898 2515.750297 2563.823567 2587.031567 2597.581737 2614.291334 2708.959408 -9999.0 -9999.0 -9999.0 -9999.0 -9999.0 -9999.0 -9999.0 -9999.0 -9999.0 -9999.0 -9999.0 -9999.0 -9999.0 -9999.0
-9999.0 -9999.0 -9999.0 -9999.0 -9999.0 -9999.0 -9999.0 -9999.0 -9999.0 -9999.0 -9999.0 -9999.0 -9999.0 -9999.0 -9999.0 -9999.0 -9999.0 -9999.0 -9999.0 -9999.0 -9999.0 -9999.0 -9999.0 -9999.0 -9999.0 -9999.0 -9999.0 -9999.0 -9999.0 -9999.0 -9999.0 -9999.0 -9999.0 -9999.0 -9999.0 -9999.0 -9999.0 -9999.0 -9999.0 -9999.0 -9999.0 -9999.0 -9999.0 -9999.0 -9999.0 -9999.0 -9999.0 -9999.0 -9999.0 -9999.0 -9999.0 -9999.0 -9999.0 -9999.0 -9999.0 -9999.0 -9999.0 -9999.0 -9999.0 -9999.0 -9999.0 -9999.0 -9999.0 -9999.0 -9999.0 -9999.0 -9999.0 -9999.0 -9999.0 -9999.0 -9999.0 -9999.0 -9999.0 -9999.0 -9999.0 -9999.0 -9999.0 -9999.0 -9999.0 -9999.0
-9999.0 -9999.0 -9999.0 -9999.0 -9999.0 -9999.0 -9999.0 -9999.0 -9999.0 -9999.0 -9999.0 -9999.0 -9999.0 -9999.0 -9999.0 -9999.0 -9999.0 -9999.0 -9999.0 -9999.0 -9999.0 -9999.0 -9999.0 -9999.0 -9999.0 -9999.0 -9999.0 -9999.0 -9999.0 -9999.0 -9999.0 -9999.0 -9999.0 -9999.0 -9999.0 -9999.0 -9999.0 -9999.0 -9999.0 -9999.0 -9999.0 -9999.0 -9999.0 -9999.0 -9999.0 -9999.0 -9999.0 -9999.0 -9999.0 -9999.0 -9999.0 -9999.0 -9999.0 -9999.0 -9999.0 -9999.0 -9999.0 -9999.0 -9999.0 -9999.0 -9999.0 -9999.0 -9999.0 -9999.0 -9999.0 -9999.0 -9999.0 -9999.0 -9999.0 -9999.0 -9999.0 -9999.0 -9999.0 -9999.0 -9999.0 -9999.0 -9999.0 -9999.0 -9999.0 -9999.0