Borden_/Borden1m_014/output_maps/psiliqL0007N0002.asc
ncols         80
nrows         18
xllcorner     620200.000000
yllcorner     5168000.000000
cellsize      1.000000
NODATA_value  -9999.0
-9999.0 -9999.0 -9999.0 -9999.0 -9999.0 -9999.0 -9999.0 -9999.0 -9999.0 -9999.0 -9999.0 -9999.0 -9999.0 -9999.0 -9999.0 -9999.0 -9999.0 -9999.0 -9999.0 -9999.0 -9999.0 -9999.0 -9999.0 -9999.0 -9999.0 -9999.0 -9999.0 -9999.0 -9999.0 -9999.0 -9999.0 -9999.0 -9999.0 -9999.0 -9999.0 -9999.0 -9999.0 -9999.0 -9999.0 -9999.0 -9999.0 -9999.0 -9999.0 -9999.0 -9999.0 -9999.0 -9999.0 -9999.0 -9999.0 -9999.0 -9999.0 -9999.0 -9999.0 -9999.0 -9999.0 -9999.0 -9999.0 -9999.0 -9999.0 -9999.0 -9999.0 -9999.0 -9999.0 -9999.0 -9999.0 -9999.0 -9999.0 -9999.0 -9999.0 -9999.0 -9999.0 -9999.0 -9999.0 -9999.0 -9999.0 -9999.0 -9999.0 -9999.0 -9999.0 -9999.0
-9999.0 -9999.0 -9999.0 -9999.0 -9999.0 -9999.0 -9999.0 -9999.0 -9999.0 -9999.0 -9999.0 -9999.0 -9999.0 -9999.0 -9999.0 -9999.0 -9999.0 -9999.0 -9999.0 -9999.0 -9999.0 -9999.0 -9999.0 -9999.0 -9999.0 -9999.0 -9999.0 -9999.0 -9999.0 -9999.0 -9999.0 -9999.0 -9999.0 -9999.0 -9999.0 -9999.0 -9999.0 -9999.0 -9999.0 -9999.0 -9999.0 -9999.0 -9999.0 -9999.0 -9999.0 -9999.0 -9999.0 -9999.0 -9999.0 -9999.0 -9999.0 -9999.0 -9999.0 -9999.0 -9999.0 -9999.0 -9999.0 -9999.0 -9999.0 -9999.0 -9999.0 -9999.0 -9999.0 -9999.0 -9999.0 -9999.0 -9999.0 -9999.0 -9999.0 -9999.0 -9999.0 -9999.0 -9999.0 -9999.0 -9999.0 -9999.0 -9999.0 -9999.0 -9999.0 -9999.0
-9999.0 -9999.0 -9999.0 -9999.0 -9999.0 -9999.0 -9999.0 -9999.0 -9999.0 -9999.0 -9999.0 -9999.0 -9999.0 -9999.0 -9999.0 -9999.0 -9999.0 -9999.0 -9999.0 -9999.0 -474.047837 -471.090424 -494.039981 -528.144930 -556.730184 -555.374606 -521.237138 -481.248055 -444.604986 -434.663752 -452.919023 -452.058531 -457.609212 -458.023936 -455.334107 -449.817278 -447.554499 -436.339189 -428.192800 -428.613021 -434.835395 -440.656734 -442.291700 -438.857536 -433.980424 -442.250559 -428.885263 -413.588932 -406.880560 -411.391925 -437.651974 -452.674920 -459.966581 -473.504021 -448.661415 -435.532932 -412.147916 -407.281666 -407.851686 -434.207740 -463.742548 -9999.0 -9999.0 -9999.0 -9999.0 -9999.0 -9999.0 -9999.0 -9999.0 -9999.0 -9999.0 -9999.0 -9999.0 -9999.0 -9999.0 -9999.0 -9999.0 -9999.0 -9999.0 -9999.0
-9999.0 -9999.0 -9999.0 -9999.0 -9999.0 -9999.0 -9999.0 -9999.0 -9999.0 -9999.0 -9999.0 -9999.0 -9999.0 -9999.0 -562.456145 -572.975036 -576.478491 -568.521383 -535.527644 -506.355048 -493.985515 -501.961670 -502.522525 -526.411742 -546.907399 -533.610454 -505.497847 -475.478022 -442.832248 -423.373708 -436.567679 -439.811914 -429.908928 -403.149217 -389.223548 -392.313834 -413.526971 -391.611994 -376.035849 -367.026448 -368.310988 -377.055071 -362.861469 -347.026336 -353.623429 -370.639921 -367.191037 -355.553194 -340.743338 -354.656533 -417.385933 -437.190135 -438.997454 -444.353763 -456.328503 -462.035988 -436.870963 -435.047544 -442.395096 -459.346321 -490.557292 -533.816357 -550.893852 -512.253627 -467.485910 -409.270679 -9999.0 -9999.0 -9999.0 -9999.0 -9999.0 -9999.0 -9999.0 -9999.0 -9999.0 -9999.0 -9999.0 -9999.0 -9999.0 -9999.0
-9999.0 -9999.0 -9999.0 -9999.0 -9999.0 -9999.0 -9999.0 -9999.0 -9999.0 -617.726542 -614.627527 -608.058275 -606.902878 -591.896924 -593.927312 -587.639559 -580.280563 -555.348860 -525.434397 -491.543157 -463.697048 -474.509490 -475.059459 -463.686894 -457.445283 -445.715098 -426.570605 -388.257869 -348.545554 -309.012335 -337.735433 -340.341753 -322.007827 -273.105558 -235.243636 -226.082896 -244.796465 -241.964266 -217.272635 -193.535178 -195.126897 -197.508953 -174.966437 -162.743430 -155.868787 -173.003609 -190.017140 -191.748745 -166.533677 -214.903458 -277.269650 -329.897674 -327.326195 -356.454463 -395.664737 -416.815254 -418.855088 -395.828445 -409.698543 -445.510856 -480.576367 -488.772039 -504.215356 -487.402528 -464.063643 -416.502891 -377.650786 -348.365187 -347.197864 -363.837590 -9999.0 -9999.0 -9999.0 -9999.0 -9999.0 -9999.0 -9999.0 -9999.0 -9999.0 -9999.0
-9999.0 -9999.0 -9999.0 -9999.0 -9999.0 -9999.0 -695.247383 -687.001698 -667.972360 -662.745884 -639.359184 -632.483618 -612.840869 -594.383473 -575.074954 -559.112829 -529.461645 -498.607108 -458.866507 -416.654182 -386.130046 -391.545220 -383.044471 -350.966118 -309.209514 -277.757636 -255.379679 -219.370324 -147.493038 -105.528704 -86.122783 -78.587730 -67.561315 -17.207153 49.842750 68.283370 45.977827 28.574411 46.416508 83.247568 90.918896 90.593157 98.415432 110.875158 154.635242 145.070859 90.368531 69.679892 63.020877 52.644658 -4.437853 -74.736320 -119.962297 -164.210867 -239.546184 -296.470466 -296.656757 -280.023510 -308.425013 -358.804532 -398.928359 -407.807871 -420.695369 -433.484832 -426.970403 -406.455383 -381.882936 -369.302700 -380.389464 -399.744776 -421.941994 -449.880096 -447.659558 -421.848751 -9999.0 -9999.0 -9999.0 -9999.0 -9999.0 -9999.0
-9999.0 -9999.0 -9999.0 -9999.0 -744.282538 -732.437871 -744.314576 -721.719531 -690.734924 -658.719702 -627.406577 -591.373128 -565.798958 -537.744150 -497.735832 -461.410796 -420.429358 -388.470242 -336.584988 -270.083187 -219.553317 -195.061808 -183.020315 -125.761478 -56.798541 2.205322 22.514839 47.680984 90.994699 198.963921 335.816490 354.532359 365.548280 381.914902 404.796083 422.436157 411.065481 407.372423 410.199966 414.988028 428.090271 426.936966 427.884606 429.669651 434.050545 434.657415 421.162096 403.029209 397.238072 393.541848 378.919998 316.518050 145.382546 98.561484 72.138924 21.439399 -57.507648 -87.575836 -139.554048 -189.147196 -252.195817 -275.333670 -304.324336 -327.179944 -354.970070 -352.064796 -347.062976 -364.527541 -392.837147 -423.034972 -436.685486 -454.239345 -463.420360 -433.015707 -414.810522 -383.354957 -9999.0 -9999.0 -9999.0 -9999.0
-9999.0 -9999.0 -801.328523 -751.625698 -696.768988 -689.001778 -687.334805 -683.507623 -658.122681 -609.435137 -532.949553 -482.780770 -440.459115 -412.918837 -356.601697 -276.076303 -206.309867 -163.277475 -108.124063 -33.696521 30.071751 64.123797 82.502564 141.101770 321.641766 377.519288 392.097068 404.874934 421.031826 445.287868 472.761791 486.269596 491.195101 487.614105 486.109468 483.409134 481.239556 478.154812 467.494627 465.789134 469.067845 470.257201 473.834443 464.726837 462.414600 470.059613 471.840219 473.729346 475.722167 481.685216 491.752904 466.233782 419.953701 408.878119 405.945245 381.004092 326.813344 153.725123 115.865377 71.486262 -8.459941 -73.691898 -124.081210 -169.245494 -217.254727 -245.183203 -286.772501 -322.988917 -364.197182 -406.267436 -427.503473 -444.293138 -445.173214 -443.377350 -426.553197 -410.232689 -394.314891 -386.239389 -9999.0 -9999.0
-9999.0 -898.824111 -826.534467 -699.543159 -622.190580 -578.961276 -539.940086 -512.745619 -491.244702 -479.739918 -377.188312 -277.521957 -192.696056 -163.607466 -111.794146 -17.201952 69.584922 119.839404 196.145254 342.815478 388.305935 412.900775 425.579148 445.502419 483.971309 487.092332 485.686153 485.614172 481.457765 477.720246 471.227358 475.603205 475.126893 466.978251 460.325026 459.630531 454.109732 425.817251 403.653853 394.045962 395.227296 409.116430 402.128267 390.089614 387.874415 399.854460 410.908835 405.324876 398.534114 413.142819 449.855860 462.599088 469.930078 477.040698 492.901147 476.916308 456.950796 417.544559 405.440265 389.712221 342.423195 158.065089 76.326818 11.340769 -61.820837 -125.725993 -178.309566 -228.149564 -285.263580 -319.038776 -346.276796 -395.202329 -416.325861 -412.925187 -420.941104 -422.512150 -415.171519 -408.424610 -9999.0 -9999.0
-9999.0 -968.369521 -825.237873 -640.359373 -496.548403 -438.965648 -327.426585 -249.737676 -223.502111 -246.953675 -146.531938 69.630851 204.484790 306.931692 365.989089 411.493432 427.782801 444.527084 466.854826 478.497006 479.938464 482.852306 478.206445 472.464650 464.896541 462.212731 463.640031 464.521041 457.472170 446.291186 423.062921 415.587151 404.183153 381.352673 364.772472 355.353644 333.699306 200.941512 122.436981 86.582287 73.331932 98.510579 85.069824 62.429736 57.414790 84.198207 125.497752 112.763687 115.443307 158.792240 329.712788 369.444196 381.451714 398.431541 427.373341 461.318578 472.924075 484.885716 491.179582 475.683962 451.745458 407.998349 386.327088 333.874328 127.271805 31.694144 -31.843877 -84.543270 -140.175754 -179.885084 -223.755254 -277.018646 -330.339714 -353.640164 -390.695055 -410.654930 -9999.0 -9999.0 -9999.0 -9999.0
-9999.0 -1031.080488 -839.446389 -574.296371 -325.114573 -209.271574 -25.528202 131.355035 313.172484 367.880393 378.698820 437.321916 456.162969 461.018793 455.501314 454.308333 459.781859 460.381440 459.338156 458.516315 457.402113 456.493990 454.159798 444.859920 422.786330 410.524898 403.481302 398.715249 378.246346 347.802707 219.688663 168.660276 116.646077 15.603773 -29.021821 -60.956998 -112.239973 -124.513878 -137.783341 -165.405685 -181.767195 -194.569116 -178.209249 -179.906745 -180.465613 -173.363033 -154.383764 -140.159326 -104.897165 -71.980685 -21.259728 31.451704 64.102892 118.698235 240.933055 361.622053 389.144496 410.170622 452.012602 475.701492 493.320651 485.469380 467.948518 445.897632 392.641507 344.422473 217.078397 105.102801 44.280773 -10.882919 -69.224578 -126.981037 -187.720024 -266.260837 -304.089587 -9999.0 -9999.0 -9999.0 -9999.0 -9999.0
-9999.0 -1179.942876 -912.535944 -616.328340 -290.689785 3.716609 104.613990 334.711576 405.740382 375.867465 368.817252 377.005518 399.313744 404.379231 393.363495 389.882962 383.502813 382.997316 392.976439 380.043452 366.053800 359.554668 356.070000 326.932570 181.895382 137.899631 118.763587 96.784151 45.725768 -5.062261 -90.034002 -111.382317 -176.986676 -238.550661 -281.304368 -325.413532 -373.514270 -374.377819 -358.854525 -374.553462 -395.526556 -413.579598 -389.248312 -374.987195 -364.977558 -374.737025 -367.137765 -335.294037 -290.873560 -253.112378 -208.666060 -160.509706 -122.410277 -77.340709 -39.529288 21.404560 71.960933 141.589878 341.689307 405.437782 440.974894 461.608835 483.302089 499.685201 471.208414 446.123240 415.122995 387.021218 348.369636 300.874610 129.936487 23.651497 -43.459546 -9999.0 -9999.0 -9999.0 -9999.0 -9999.0 -9999.0 -9999.0
-9999.0 -1315.556379 -1080.654831 -829.151175 -530.915030 -309.533201 -161.021739 -57.251522 13.042214 15.472262 31.592281 57.437757 89.296878 114.014724 83.364196 42.189151 12.830431 15.976387 15.326493 -10.943439 -42.711821 -59.590780 -61.451261 -71.797663 -103.652297 -120.072782 -129.798557 -149.668227 -182.109047 -232.071696 -308.820915 -370.316095 -427.314072 -460.566097 -488.963042 -520.544560 -558.528087 -547.561507 -532.551485 -537.148639 -549.640286 -554.445327 -525.341238 -507.665094 -498.075999 -511.818063 -494.406742 -468.795322 -429.120287 -390.607416 -347.154446 -298.509247 -251.537072 -225.769177 -212.928873 -186.535841 -149.588540 -97.741092 -2.119957 109.838507 320.707839 371.119888 405.969544 444.067239 457.759933 477.528137 474.843060 439.756935 392.312656 398.033974 374.932071 -9999.0 -9999.0 -9999.0 -9999.0 -9999.0 -9999.0 -9999.0 -9999.0 -9999.0
-9999.0 -9999.0 -1318.203990 -1124.580343 -959.993676 -776.088592 -632.934676 -536.216577 -472.464422 -393.410378 -312.048095 -244.615111 -208.625418 -194.329220 -212.385604 -252.085574 -277.693877 -277.050984 -285.288341 -298.794189 -322.148822 -330.358335 -338.315218 -344.902466 -357.346533 -363.900214 -368.168850 -377.658980 -398.227690 -442.318872 -493.306473 -543.472000 -596.333989 -620.223357 -641.418666 -663.719773 -667.419997 -668.500913 -661.355461 -660.214586 -655.315440 -643.996879 -623.422476 -602.665583 -593.683410 -587.413462 -575.385337 -552.602562 -520.655033 -481.638859 -431.930151 -379.601359 -344.958717 -335.888227 -347.346596 -343.749540 -324.991107 -285.831817 -206.212534 -126.545751 -33.660457 38.785187 135.978739 331.780942 364.235297 386.396960 430.329579 414.406766 266.987743 375.358141 -9999.0 -9999.0 -9999.0 -9999.0 -9999.0 -9999.0 -9999.0 -9999.0 -9999.0 -9999.0
-9999.0 -9999.0 -9999.0 -9999.0 -1267.442236 -1109.851384 -1017.636207 -937.094627 -821.323037 -719.248249 -632.919969 -562.292212 -514.623140 -493.327969 -506.013708 -513.453032 -521.974504 -524.785185 -532.607129 -538.505299 -544.380921 -551.573242 -561.517090 -568.573484 -569.258118 -565.811702 -567.301280 -579.453772 -593.966273 -621.074823 -644.948831 -679.429577 -715.923973 -744.450747 -757.052358 -764.012934 -763.507076 -768.533270 -758.828267 -752.790008 -738.158304 -722.836522 -699.013794 -671.207192 -659.183823 -645.419168 -636.026795 -615.629508 -586.584942 -535.371135 -475.170960 -421.813633 -390.774747 -389.584125 -417.870853 -435.858905 -441.517347 -417.184535 -375.036240 -312.689143 -219.977216 -154.439970 -94.675717 -34.862994 11.430492 91.808850 347.522816 401.842634 -9999.0 -9999.0 -9999.0 -9999.0 -9999.0 -9999.0 -9999.0 -9999.0 -9999.0 -9999.0 -9999.0 -9999.0
-9999.0 -9999.0 -9999.0 -9999.0 -9999.0 -9999.0 -1326.158703 -1232.841937 -1144.159504 -1027.802966 -921.004924 -833.801061 -763.338789 -741.024060 -726.172693 -705.327771 -710.379390 -726.521720 -741.990646 -726.129639 -717.541775 -721.840875 -747.942863 -749.406977 -746.144755 -736.570988 -737.326551 -742.964419 -767.020952 -759.529587 -761.181681 -783.606726 -809.128568 -823.308975 -834.544156 -824.459182 -823.411295 -835.504231 -832.622633 -806.941203 -787.556687 -774.166494 -751.693433 -718.911495 -687.388762 -673.631079 -673.009479 -667.117367 -625.999223 -557.081740 -488.880662 -437.857281 -409.478389 -404.219487 -434.633862 -477.531040 -501.524797 -498.093412 -467.979171 -420.410907 -351.366449 -309.359025 -283.426049 -264.577983 -239.235705 -147.534442 -9999.0 -9999.0 -9999.0 -9999.0 -9999.0 -9999.0 -9999.0 -9999.0 -9999.0 -9999.0 -9999.0 -9999.0 -9999.0 -9999.0
-9999.0 -9999.0 -9999.0 -9999.0 -9999.0 -9999.0 -9999.0 -9999.0 -9999.0 -9999.0 -9999.0 -9999.0 -9999.0 -9999.0 -9999.0 -9999.0 -9999.0 -9999.0 -9999.0 -9999.0 -9999.0 -9999.0 -9999.0 -9999.0 -9999.0 -9999.0 -9999.0 -9999.0 -9999.0 -9999.0 -9999.0 -9999.0 -9999.0 -9999.0 -9999.0 -9999.0 -9999.0 -9999.0 -9999.0 -9999.0 -9999.0 -9999.0 -9999.0 -9999.0 -9999.0 -9999.0 -9999.0 -9999.0 -9999.0 -9999.0 -9999.0 -9999.0 -9999.0 -9999.0 -9999.0 -9999.0 -9999.0 -9999.0 -9999.0 -9999.0 -9999.0 -9999.0 -9999.0 -9999.0 -9999.0 -9999.0 -9999.0 -9999.0 -9999.0 -9999.0 -9999.0 -9999.0 -9999.0 -9999.0 -9999.0 -9999.0 -9999.0 -9999.0 -9999.0 -9999.0
-9999.0 -9999.0 -9999.0 -9999.0 -9999.0 -9999.0 -9999.0 -9999.0 -9999.0 -9999.0 -9999.0 -9999.0 -9999.0 -9999.0 -9999.0 -9999.0 -9999.0 -9999.0 -9999.0 -9999.0 -9999.0 -9999.0 -9999.0 -9999.0 -9999.0 -9999.0 -9999.0 -9999.0 -9999.0 -9999.0 -9999.0 -9999.0 -9999.0 -9999.0 -9999.0 -9999.0 -9999.0 -9999.0 -9999.0 -9999.0 -9999.0 -9999.0 -9999.0 -9999.0 -9999.0 -9999.0 -9999.0 -9999.0 -9999.0 -9999.0 -9999.0 -9999.0 -9999.0 -9999.0 -9999.0 -9999.0 -9999.0 -9999.0 -9999.0 -9999.0 -9999.0 -9999.0 -9999.0 -9999.0 -9999.0 -9999.0 -9999.0 -9999.0 -9999.0 -9999.0 -9999.0 -9999.0 -9999.0 -9999.0 -9999.0 -9999.0 -9999.0 -9999.0 -9999.0 -9999.0