Borden_/Borden1m_014/output_maps/psiliqL0023N0037.asc
ncols         80
nrows         18
xllcorner     620200.000000
yllcorner     5168000.000000
cellsize      1.000000
NODATA_value  -9999.0
-9999.0 -9999.0 -9999.0 -9999.0 -9999.0 -9999.0 -9999.0 -9999.0 -9999.0 -9999.0 -9999.0 -9999.0 -9999.0 -9999.0 -9999.0 -9999.0 -9999.0 -9999.0 -9999.0 -9999.0 -9999.0 -9999.0 -9999.0 -9999.0 -9999.0 -9999.0 -9999.0 -9999.0 -9999.0 -9999.0 -9999.0 -9999.0 -9999.0 -9999.0 -9999.0 -9999.0 -9999.0 -9999.0 -9999.0 -9999.0 -9999.0 -9999.0 -9999.0 -9999.0 -9999.0 -9999.0 -9999.0 -9999.0 -9999.0 -9999.0 -9999.0 -9999.0 -9999.0 -9999.0 -9999.0 -9999.0 -9999.0 -9999.0 -9999.0 -9999.0 -9999.0 -9999.0 -9999.0 -9999.0 -9999.0 -9999.0 -9999.0 -9999.0 -9999.0 -9999.0 -9999.0 -9999.0 -9999.0 -9999.0 -9999.0 -9999.0 -9999.0 -9999.0 -9999.0 -9999.0
-9999.0 -9999.0 -9999.0 -9999.0 -9999.0 -9999.0 -9999.0 -9999.0 -9999.0 -9999.0 -9999.0 -9999.0 -9999.0 -9999.0 -9999.0 -9999.0 -9999.0 -9999.0 -9999.0 -9999.0 -9999.0 -9999.0 -9999.0 -9999.0 -9999.0 -9999.0 -9999.0 -9999.0 -9999.0 -9999.0 -9999.0 -9999.0 -9999.0 -9999.0 -9999.0 -9999.0 -9999.0 -9999.0 -9999.0 -9999.0 -9999.0 -9999.0 -9999.0 -9999.0 -9999.0 -9999.0 -9999.0 -9999.0 -9999.0 -9999.0 -9999.0 -9999.0 -9999.0 -9999.0 -9999.0 -9999.0 -9999.0 -9999.0 -9999.0 -9999.0 -9999.0 -9999.0 -9999.0 -9999.0 -9999.0 -9999.0 -9999.0 -9999.0 -9999.0 -9999.0 -9999.0 -9999.0 -9999.0 -9999.0 -9999.0 -9999.0 -9999.0 -9999.0 -9999.0 -9999.0
-9999.0 -9999.0 -9999.0 -9999.0 -9999.0 -9999.0 -9999.0 -9999.0 -9999.0 -9999.0 -9999.0 -9999.0 -9999.0 -9999.0 -9999.0 -9999.0 -9999.0 -9999.0 -9999.0 -9999.0 2758.411460 2760.666425 2740.315340 2708.109364 2682.016462 2686.218606 2721.929216 2765.044630 2806.237799 2816.715055 2800.234694 2805.760795 2803.009834 2800.199951 2802.376535 2811.451907 2819.713547 2830.698798 2839.700698 2839.764523 2834.548454 2830.967879 2833.846590 2836.006176 2841.587908 2826.921362 2840.931296 2801.299131 2805.039754 2801.854985 2822.324234 2806.404988 2794.747084 2775.866146 2798.819304 2807.920398 2798.562851 2802.099249 2800.094599 2796.798449 2765.903224 -9999.0 -9999.0 -9999.0 -9999.0 -9999.0 -9999.0 -9999.0 -9999.0 -9999.0 -9999.0 -9999.0 -9999.0 -9999.0 -9999.0 -9999.0 -9999.0 -9999.0 -9999.0 -9999.0
-9999.0 -9999.0 -9999.0 -9999.0 -9999.0 -9999.0 -9999.0 -9999.0 -9999.0 -9999.0 -9999.0 -9999.0 -9999.0 -9999.0 2663.236392 2655.558053 2654.592620 2664.213178 2698.845147 2730.464182 2742.312462 2736.221077 2737.689113 2715.193711 2695.131904 2710.505695 2742.429181 2774.665652 2810.637178 2831.155946 2822.472454 2822.080761 2831.388282 2803.557560 2812.277737 2809.793680 2846.183862 2816.195923 2829.359391 2834.749975 2833.179695 2823.745572 2833.317752 2847.552313 2840.456234 2824.789818 2834.402136 2847.805115 2858.542158 2849.395857 2839.997162 2822.981520 2816.012454 2808.070795 2791.771239 2785.411461 2810.686260 2806.594644 2796.496109 2777.343147 2742.793762 2697.045215 2676.367646 2714.300487 2756.005575 2792.309787 -9999.0 -9999.0 -9999.0 -9999.0 -9999.0 -9999.0 -9999.0 -9999.0 -9999.0 -9999.0 -9999.0 -9999.0 -9999.0 -9999.0
-9999.0 -9999.0 -9999.0 -9999.0 -9999.0 -9999.0 -9999.0 -9999.0 -9999.0 2600.104492 2606.798932 2615.721359 2620.415555 2637.719347 2635.840800 2644.719512 2651.791036 2681.357422 2713.340319 2749.143571 2777.321756 2771.311812 2771.385745 2778.750977 2777.768188 2789.286893 2812.683229 2804.064688 2835.873921 2872.321665 2840.270813 2836.401563 2854.650093 2896.852994 2922.237684 2925.433303 2907.865012 2922.233481 2946.058802 2963.097709 2960.255255 2955.022025 2980.015638 2994.672272 2990.119504 2969.139064 2965.988801 2971.838304 2999.821092 2948.925627 2883.539727 2842.265723 2855.119681 2832.500377 2804.432236 2835.346890 2832.685523 2810.621834 2797.696791 2796.285443 2761.080069 2747.191629 2727.484205 2744.728497 2765.211009 2788.458437 2827.516943 2856.662162 2855.842102 2838.346806 -9999.0 -9999.0 -9999.0 -9999.0 -9999.0 -9999.0 -9999.0 -9999.0 -9999.0 -9999.0
-9999.0 -9999.0 -9999.0 -9999.0 -9999.0 -9999.0 2518.163357 2529.920132 2552.535687 2557.343081 2585.698746 2593.516561 2615.768597 2636.287675 2660.522774 2677.085032 2706.358230 2739.843839 2778.399153 2819.779983 2807.769746 2844.969860 2804.046360 2824.703210 2854.313115 2875.825913 2899.244930 2936.627596 2986.080090 3021.955501 3017.053039 3018.344895 3026.706862 3076.400162 3140.031947 3151.677526 3131.285607 3117.926310 3140.446764 3176.993192 3176.257745 3175.177555 3181.131648 3191.345586 3217.958783 3208.011505 3178.254037 3171.483733 3176.549851 3155.748231 3089.373028 3031.714727 3011.084658 2987.675262 2905.697276 2860.725787 2879.975456 2904.562672 2880.948500 2832.012114 2838.304684 2828.110742 2812.242783 2800.024802 2807.683489 2801.513833 2824.296825 2837.074631 2824.538637 2803.654714 2790.533979 2760.496410 2761.450388 2785.526085 -9999.0 -9999.0 -9999.0 -9999.0 -9999.0 -9999.0
-9999.0 -9999.0 -9999.0 -9999.0 2465.749691 2480.157719 2468.021473 2496.363297 2531.261033 2567.786484 2598.891694 2635.950342 2663.991289 2695.274011 2732.578006 2761.150120 2799.410739 2833.744518 2833.593733 2895.946106 2941.528033 2958.059155 2967.391691 2995.740211 3051.660861 3099.194326 3117.803383 3143.102195 3180.539792 3236.194691 3258.660936 3261.914663 3278.746299 3319.931606 3373.825066 3407.254447 3389.983050 3381.368423 3390.406576 3403.792872 3425.909830 3426.013679 3427.006258 3430.637087 3437.603818 3436.305197 3410.866600 3377.960813 3366.226434 3356.619830 3321.051526 3250.573916 3219.399378 3192.106997 3158.926883 3106.246737 3055.904365 3054.155365 3000.819660 2968.305955 2916.138866 2904.457899 2881.255352 2862.668410 2842.637653 2851.415773 2860.545118 2843.522441 2812.602806 2794.765735 2778.534279 2758.385594 2745.366908 2774.890826 2786.488619 2815.810233 -9999.0 -9999.0 -9999.0 -9999.0
-9999.0 -9999.0 2403.389065 2450.765903 2509.804874 2519.024272 2517.107418 2524.156371 2554.889269 2608.802914 2679.775677 2723.585649 2760.322557 2796.015249 2803.034194 2867.727853 2930.166292 2973.400414 3008.175373 3076.013836 3134.728763 3161.964258 3171.496219 3199.951624 3253.123249 3319.615730 3346.700332 3372.384511 3401.827346 3436.739859 3432.855350 3444.195957 3455.691351 3466.218691 3479.117518 3485.122626 3480.641653 3476.126110 3457.811626 3453.001574 3459.560018 3466.832515 3466.394721 3452.019456 3448.069335 3462.755464 3468.467254 3466.725865 3464.543548 3469.891023 3467.212335 3421.230138 3399.446330 3384.908104 3375.478060 3330.389185 3265.124129 3231.909071 3211.811854 3178.469321 3105.750130 3066.409974 3026.118238 2990.595600 2969.262508 2951.621653 2915.223272 2880.332948 2839.022242 2796.633879 2787.216249 2769.570568 2766.718560 2765.135371 2781.126590 2790.914918 2806.268102 2814.118674 -9999.0 -9999.0
-9999.0 2294.347594 2366.318125 2490.581372 2571.177877 2614.007037 2632.855919 2645.550918 2677.282561 2714.867463 2810.030071 2825.706514 2909.238984 2946.626903 2988.984827 3056.261071 3147.844528 3184.337369 3221.037077 3281.597049 3344.805072 3389.731147 3415.429594 3401.159663 3438.623578 3463.892135 3470.545908 3476.484099 3475.383911 3466.981508 3460.038112 3466.875336 3464.149208 3445.420964 3429.774241 3428.186544 3424.884605 3401.982776 3375.818018 3360.827793 3362.751683 3386.101807 3374.353215 3353.282758 3348.952135 3370.207772 3389.772480 3379.350081 3367.423336 3382.784739 3416.775538 3440.420262 3443.500748 3461.488216 3482.474104 3454.299448 3431.510422 3388.928350 3373.522261 3348.536865 3292.919712 3238.293137 3190.903226 3147.991118 3095.142429 3044.648821 2996.465570 2962.151092 2905.591823 2870.160911 2843.978043 2799.021419 2793.115800 2788.552685 2787.889889 2784.646851 2785.737673 2791.995174 -9999.0 -9999.0
-9999.0 2201.877973 2342.172022 2522.986673 2670.628734 2720.520824 2796.859977 2832.626110 2849.976689 2849.669521 2903.526888 3096.833795 3205.653407 3220.791403 3293.223905 3383.030873 3372.943290 3402.962229 3424.893013 3446.134891 3463.300584 3476.000825 3473.866145 3468.240393 3452.079540 3444.151731 3443.377361 3441.381623 3424.365266 3405.751133 3389.204116 3386.431347 3370.221711 3322.951892 3290.499762 3273.899258 3256.677097 3242.711899 3214.960295 3189.916144 3180.339260 3186.299205 3183.300986 3174.994482 3170.599341 3183.286737 3213.915579 3210.513004 3220.567936 3239.800660 3275.095882 3312.192216 3331.098980 3359.641421 3393.633019 3439.912563 3449.935982 3472.025652 3475.375409 3463.097251 3417.924432 3368.571911 3339.630599 3285.254922 3225.935110 3169.911804 3120.934702 3075.839623 3020.537797 2985.652062 2954.741541 2899.823213 2854.068432 2841.971109 2806.704985 2791.552091 -9999.0 -9999.0 -9999.0 -9999.0
-9999.0 2105.277455 2287.098952 2531.673900 2810.356178 2889.919424 3079.300617 3188.636894 3227.745410 3292.976941 3194.909030 3381.855743 3428.539638 3421.990828 3432.131472 3434.388975 3447.991055 3447.695085 3442.648688 3431.883560 3422.639948 3418.334175 3417.165828 3409.319562 3396.848904 3382.425083 3371.818455 3360.787349 3325.079883 3293.849876 3256.442904 3244.461797 3203.006684 3118.469512 3079.657117 3042.629919 2984.623743 2985.883870 2990.514223 2988.105400 2969.372340 2942.733918 2970.369337 2979.660618 2983.471689 2980.403525 2991.595553 2996.231578 3041.795142 3075.520120 3114.462711 3161.544623 3185.207550 3223.738370 3263.663322 3315.312870 3345.537859 3373.971099 3420.303478 3456.944145 3479.337199 3466.221364 3446.331895 3403.351608 3344.944929 3296.110280 3267.843604 3218.448104 3178.893408 3134.857792 3088.482948 3035.727841 2982.412017 2923.039693 2886.907588 -9999.0 -9999.0 -9999.0 -9999.0 -9999.0
-9999.0 1892.895227 2157.837925 2429.834282 2716.465748 3030.084562 3183.566268 3280.426359 3341.310560 3317.728413 3334.917008 3342.890909 3378.341434 3384.618404 3363.991507 3351.115343 3334.710721 3333.625730 3346.579544 3319.833033 3290.358463 3277.436592 3278.236993 3267.516310 3244.211094 3229.315184 3219.995973 3202.552254 3165.529180 3116.444754 3034.381733 3003.299798 2948.074790 2906.097457 2867.859394 2820.954931 2823.257961 2825.668792 2802.361222 2837.379496 2816.163073 2798.537402 2827.367658 2803.113646 2815.607313 2800.646475 2807.891300 2841.907884 2889.023272 2929.889309 2974.915934 3002.185677 3042.826596 3082.539652 3104.973773 3145.595735 3180.703452 3221.509755 3290.454293 3366.586788 3399.957676 3433.607923 3463.524585 3484.923385 3442.728056 3415.535886 3392.544771 3370.606683 3325.298995 3280.482389 3240.020798 3177.056202 3120.318650 -9999.0 -9999.0 -9999.0 -9999.0 -9999.0 -9999.0 -9999.0
-9999.0 1777.246734 1976.816443 2177.795340 2437.077677 2672.960561 2865.860905 2959.600730 3015.236823 3075.909169 3124.093631 3159.160655 3180.128308 3200.962771 3178.328410 3139.580083 3108.365589 3113.036081 3105.369779 3083.889892 3056.163506 3043.113615 3041.495772 3036.528611 3015.056834 3004.375986 2997.670474 3000.501576 2974.002230 2920.912716 2848.421243 2822.366496 2765.704379 2741.009505 2714.380269 2684.186208 2655.030947 2666.146906 2676.514550 2676.566732 2669.022444 2668.350108 2697.304880 2715.896033 2725.951017 2715.772184 2735.417555 2761.010565 2801.190116 2803.767024 2848.957356 2899.056605 2948.587679 2971.173381 2976.635714 2991.675367 2997.524179 3041.080990 3117.503273 3196.128706 3270.831394 3315.112423 3364.835686 3402.579407 3429.396511 3456.532764 3477.087776 3468.740711 3443.891317 3411.285885 3354.619112 -9999.0 -9999.0 -9999.0 -9999.0 -9999.0 -9999.0 -9999.0 -9999.0 -9999.0
-9999.0 -9999.0 1749.357182 1907.991440 2015.405379 2182.466286 2327.832325 2437.903879 2539.640460 2679.571389 2801.464311 2849.918169 2894.639836 2910.791906 2897.323795 2868.679286 2850.760198 2850.481795 2839.142891 2831.655366 2815.861385 2810.474249 2850.705112 2842.127291 2835.481686 2832.367158 2828.024224 2818.608274 2798.816033 2753.826092 2711.688164 2664.489912 2613.745408 2589.587950 2569.006350 2549.631325 2551.431356 2545.963001 2550.816557 2553.200324 2562.058384 2575.834942 2595.457744 2618.624593 2628.810263 2639.379813 2651.687589 2675.217001 2707.756826 2749.646221 2803.989292 2826.602781 2862.711840 2871.213136 2856.175616 2854.036699 2864.918076 2897.471220 2964.190986 3010.499938 3098.428307 3162.662327 3222.411848 3277.091231 3302.983401 3339.145600 3406.531407 3454.334734 3494.356614 3472.122933 -9999.0 -9999.0 -9999.0 -9999.0 -9999.0 -9999.0 -9999.0 -9999.0 -9999.0 -9999.0
-9999.0 -9999.0 -9999.0 -9999.0 1768.711387 1917.861454 2015.755651 2096.917826 2230.836337 2360.596101 2467.693696 2555.690588 2624.865115 2653.973738 2655.520805 2670.510865 2669.122832 2660.712544 2649.802701 2652.616436 2655.337788 2648.260564 2632.067669 2625.178963 2627.816198 2634.373885 2631.778586 2618.137221 2599.371295 2581.998461 2566.106396 2533.734662 2500.226561 2471.725762 2458.919209 2454.719069 2454.372878 2446.433981 2454.652580 2463.099174 2478.826171 2493.982208 2517.540423 2546.851129 2561.611998 2576.850071 2586.479716 2606.434978 2637.364540 2691.194657 2755.460270 2813.805649 2819.703521 2821.460960 2833.859417 2817.530979 2811.991839 2837.103948 2819.293743 2873.376956 2964.668479 3002.742827 3049.117735 3089.084350 3125.326177 3181.870675 3273.288405 3352.851735 -9999.0 -9999.0 -9999.0 -9999.0 -9999.0 -9999.0 -9999.0 -9999.0 -9999.0 -9999.0 -9999.0 -9999.0
-9999.0 -9999.0 -9999.0 -9999.0 -9999.0 -9999.0 1741.807547 1847.036436 1918.390346 2068.935665 2212.087638 2320.005933 2404.440929 2440.741448 2474.245021 2504.674026 2505.057685 2485.323740 2463.980818 2484.671874 2502.148148 2495.563263 2463.889872 2464.694238 2470.908013 2478.558827 2475.795427 2469.437894 2444.391077 2459.358197 2462.414608 2439.388135 2413.789603 2400.641932 2388.898244 2398.513451 2398.435781 2384.033204 2383.212576 2410.777232 2431.634041 2444.567718 2465.805860 2499.088184 2531.816904 2547.834124 2549.468375 2555.288056 2593.606683 2664.015695 2737.067436 2794.038554 2800.089727 2805.999469 2812.287059 2772.392338 2752.323612 2758.636441 2791.133379 2839.539305 2845.917942 2884.638398 2899.945112 2904.710821 2918.599011 2986.830075 -9999.0 -9999.0 -9999.0 -9999.0 -9999.0 -9999.0 -9999.0 -9999.0 -9999.0 -9999.0 -9999.0 -9999.0 -9999.0 -9999.0
-9999.0 -9999.0 -9999.0 -9999.0 -9999.0 -9999.0 -9999.0 -9999.0 -9999.0 -9999.0 -9999.0 -9999.0 -9999.0 -9999.0 -9999.0 -9999.0 -9999.0 -9999.0 -9999.0 -9999.0 -9999.0 -9999.0 -9999.0 -9999.0 -9999.0 -9999.0 -9999.0 -9999.0 -9999.0 -9999.0 -9999.0 -9999.0 -9999.0 -9999.0 -9999.0 -9999.0 -9999.0 -9999.0 -9999.0 -9999.0 -9999.0 -9999.0 -9999.0 -9999.0 -9999.0 -9999.0 -9999.0 -9999.0 -9999.0 -9999.0 -9999.0 -9999.0 -9999.0 -9999.0 -9999.0 -9999.0 -9999.0 -9999.0 -9999.0 -9999.0 -9999.0 -9999.0 -9999.0 -9999.0 -9999.0 -9999.0 -9999.0 -9999.0 -9999.0 -9999.0 -9999.0 -9999.0 -9999.0 -9999.0 -9999.0 -9999.0 -9999.0 -9999.0 -9999.0 -9999.0
-9999.0 -9999.0 -9999.0 -9999.0 -9999.0 -9999.0 -9999.0 -9999.0 -9999.0 -9999.0 -9999.0 -9999.0 -9999.0 -9999.0 -9999.0 -9999.0 -9999.0 -9999.0 -9999.0 -9999.0 -9999.0 -9999.0 -9999.0 -9999.0 -9999.0 -9999.0 -9999.0 -9999.0 -9999.0 -9999.0 -9999.0 -9999.0 -9999.0 -9999.0 -9999.0 -9999.0 -9999.0 -9999.0 -9999.0 -9999.0 -9999.0 -9999.0 -9999.0 -9999.0 -9999.0 -9999.0 -9999.0 -9999.0 -9999.0 -9999.0 -9999.0 -9999.0 -9999.0 -9999.0 -9999.0 -9999.0 -9999.0 -9999.0 -9999.0 -9999.0 -9999.0 -9999.0 -9999.0 -9999.0 -9999.0 -9999.0 -9999.0 -9999.0 -9999.0 -9999.0 -9999.0 -9999.0 -9999.0 -9999.0 -9999.0 -9999.0 -9999.0 -9999.0 -9999.0 -9999.0