Borden_/Borden1m_014/output_maps/psiliqL0020N0007.asc
ncols         80
nrows         18
xllcorner     620200.000000
yllcorner     5168000.000000
cellsize      1.000000
NODATA_value  -9999.0
-9999.0 -9999.0 -9999.0 -9999.0 -9999.0 -9999.0 -9999.0 -9999.0 -9999.0 -9999.0 -9999.0 -9999.0 -9999.0 -9999.0 -9999.0 -9999.0 -9999.0 -9999.0 -9999.0 -9999.0 -9999.0 -9999.0 -9999.0 -9999.0 -9999.0 -9999.0 -9999.0 -9999.0 -9999.0 -9999.0 -9999.0 -9999.0 -9999.0 -9999.0 -9999.0 -9999.0 -9999.0 -9999.0 -9999.0 -9999.0 -9999.0 -9999.0 -9999.0 -9999.0 -9999.0 -9999.0 -9999.0 -9999.0 -9999.0 -9999.0 -9999.0 -9999.0 -9999.0 -9999.0 -9999.0 -9999.0 -9999.0 -9999.0 -9999.0 -9999.0 -9999.0 -9999.0 -9999.0 -9999.0 -9999.0 -9999.0 -9999.0 -9999.0 -9999.0 -9999.0 -9999.0 -9999.0 -9999.0 -9999.0 -9999.0 -9999.0 -9999.0 -9999.0 -9999.0 -9999.0
-9999.0 -9999.0 -9999.0 -9999.0 -9999.0 -9999.0 -9999.0 -9999.0 -9999.0 -9999.0 -9999.0 -9999.0 -9999.0 -9999.0 -9999.0 -9999.0 -9999.0 -9999.0 -9999.0 -9999.0 -9999.0 -9999.0 -9999.0 -9999.0 -9999.0 -9999.0 -9999.0 -9999.0 -9999.0 -9999.0 -9999.0 -9999.0 -9999.0 -9999.0 -9999.0 -9999.0 -9999.0 -9999.0 -9999.0 -9999.0 -9999.0 -9999.0 -9999.0 -9999.0 -9999.0 -9999.0 -9999.0 -9999.0 -9999.0 -9999.0 -9999.0 -9999.0 -9999.0 -9999.0 -9999.0 -9999.0 -9999.0 -9999.0 -9999.0 -9999.0 -9999.0 -9999.0 -9999.0 -9999.0 -9999.0 -9999.0 -9999.0 -9999.0 -9999.0 -9999.0 -9999.0 -9999.0 -9999.0 -9999.0 -9999.0 -9999.0 -9999.0 -9999.0 -9999.0 -9999.0
-9999.0 -9999.0 -9999.0 -9999.0 -9999.0 -9999.0 -9999.0 -9999.0 -9999.0 -9999.0 -9999.0 -9999.0 -9999.0 -9999.0 -9999.0 -9999.0 -9999.0 -9999.0 -9999.0 -9999.0 2145.616691 2147.942339 2126.939964 2094.125680 2067.311341 2070.797250 2106.101904 2148.522481 2188.553450 2198.480583 2181.248272 2185.724169 2182.728470 2181.526792 2184.868848 2194.186960 2201.662796 2213.762241 2223.470669 2224.226414 2219.345060 2215.595516 2217.718009 2220.261872 2226.041654 2213.087248 2227.390204 2241.590569 2244.011813 2236.786757 2207.942461 2191.212829 2180.108363 2162.288538 2185.657284 2195.263776 2215.815646 2218.033603 2214.496577 2186.512531 2155.711954 -9999.0 -9999.0 -9999.0 -9999.0 -9999.0 -9999.0 -9999.0 -9999.0 -9999.0 -9999.0 -9999.0 -9999.0 -9999.0 -9999.0 -9999.0 -9999.0 -9999.0 -9999.0 -9999.0
-9999.0 -9999.0 -9999.0 -9999.0 -9999.0 -9999.0 -9999.0 -9999.0 -9999.0 -9999.0 -9999.0 -9999.0 -9999.0 -9999.0 2052.576888 2044.138666 2042.412581 2051.471064 2085.660385 2116.846382 2128.959231 2122.538596 2123.589079 2100.641226 2080.336688 2095.330808 2126.763615 2159.391961 2194.619983 2214.507207 2204.544340 2203.538119 2213.651411 2238.774011 2252.012432 2251.315254 2234.495511 2260.712594 2277.696785 2286.569931 2287.295049 2279.433508 2290.469732 2305.278473 2298.279928 2282.201957 2290.269243 2302.395870 2310.980746 2296.040260 2230.406029 2211.112157 2204.468517 2196.872793 2181.139090 2173.828455 2198.284692 2195.540874 2185.787498 2166.645461 2132.417770 2086.935972 2066.708032 2104.646010 2146.818698 2202.203938 -9999.0 -9999.0 -9999.0 -9999.0 -9999.0 -9999.0 -9999.0 -9999.0 -9999.0 -9999.0 -9999.0 -9999.0 -9999.0 -9999.0
-9999.0 -9999.0 -9999.0 -9999.0 -9999.0 -9999.0 -9999.0 -9999.0 -9999.0 1992.744171 1998.701040 2006.887531 2010.472719 2026.860814 2024.508440 2032.570830 2039.437242 2067.975640 2099.631172 2135.382196 2164.621126 2157.502484 2158.431280 2166.584150 2167.067233 2179.154286 2202.919299 2244.663053 2281.022691 2319.873215 2289.861499 2287.784249 2308.511696 2356.297089 2388.569702 2396.287291 2380.285900 2395.309802 2422.819873 2444.713261 2444.928088 2441.849284 2466.123960 2480.352569 2477.757775 2457.685634 2452.770087 2455.815140 2479.739793 2423.559247 2351.363782 2302.223542 2309.007074 2281.882359 2247.756525 2228.300932 2223.948237 2241.675112 2225.795186 2187.701197 2150.915259 2137.317880 2117.816285 2134.577320 2155.264385 2199.561971 2237.401090 2264.904374 2262.957553 2244.605153 -9999.0 -9999.0 -9999.0 -9999.0 -9999.0 -9999.0 -9999.0 -9999.0 -9999.0 -9999.0
-9999.0 -9999.0 -9999.0 -9999.0 -9999.0 -9999.0 1912.197766 1923.204777 1945.000983 1949.689709 1976.890412 1984.572888 2005.818969 2025.464677 2048.405183 2064.621476 2093.937809 2127.126884 2167.176982 2209.869708 2243.152878 2237.553228 2248.225635 2273.886083 2308.430155 2335.404874 2363.528847 2406.657831 2482.979368 2522.801469 2523.156897 2527.191304 2539.049851 2593.819853 2664.396280 2680.248541 2662.384191 2650.804418 2677.069742 2717.802809 2722.243344 2724.042087 2739.682559 2750.354681 2776.700736 2766.864247 2726.902440 2716.169935 2716.392705 2689.903010 2615.973383 2549.064701 2518.931034 2466.987970 2382.468398 2328.967141 2339.026688 2358.092712 2329.658450 2275.445821 2234.377908 2222.373457 2205.532880 2192.020652 2198.478056 2216.797554 2237.393088 2247.596849 2233.114505 2210.417422 2186.829660 2157.039268 2158.121988 2182.441230 -9999.0 -9999.0 -9999.0 -9999.0 -9999.0 -9999.0
-9999.0 -9999.0 -9999.0 -9999.0 1860.760427 1874.631722 1862.467724 1889.709761 1923.859671 1959.604735 1991.212346 2027.691392 2054.975798 2085.337874 2123.749049 2154.057163 2193.549701 2228.527867 2282.461727 2351.069142 2403.822989 2427.311840 2442.646149 2499.359042 2560.519896 2614.487001 2640.572618 2673.890562 2723.845282 2782.813787 2807.177616 2812.104037 2830.875178 2873.680046 2930.385700 2821.102271 2804.014194 2795.916966 2803.866556 2816.370646 2838.606374 2838.883588 2840.070442 2843.222894 2849.446704 2848.648544 2824.189214 2791.956421 2941.706482 2925.823523 2884.789581 2809.637756 2772.413568 2740.197691 2695.952434 2635.873258 2573.488962 2561.741634 2502.706135 2442.065685 2380.144158 2359.035975 2327.799289 2301.855821 2274.277120 2276.830785 2280.422130 2259.255442 2225.111560 2191.444084 2175.168685 2155.062304 2142.362622 2171.736248 2188.469230 2217.781527 -9999.0 -9999.0 -9999.0 -9999.0
-9999.0 -9999.0 1799.788980 1847.487745 1905.651753 1914.740449 1913.785690 1920.645906 1950.817985 2004.450149 2076.629572 2123.030284 2161.168932 2195.672113 2254.030494 2327.115070 2396.683295 2444.975457 2509.615420 2584.934753 2652.600426 2688.232106 2706.041121 2749.488507 2806.054511 2874.402289 2906.618135 2938.307128 2816.219789 2849.422147 2850.571761 2862.710298 2873.101557 2880.995941 2891.465975 2895.875641 2891.808004 2887.367776 2869.642493 2865.259543 2871.909417 2878.054013 2878.580256 2864.581508 2860.711564 2875.102318 2879.949996 2878.583733 2877.674251 2883.148993 2882.498652 2839.173472 2812.397697 2798.673015 2945.328160 2894.789761 2825.191607 2786.002619 2762.799145 2711.584984 2628.306387 2575.655761 2522.963873 2474.538757 2420.955170 2392.834441 2347.986790 2306.413253 2259.565042 2211.964709 2186.731401 2167.610411 2163.833725 2162.249358 2177.901773 2192.446925 2207.399349 2214.984964 -9999.0 -9999.0
-9999.0 1692.931750 1764.963371 1889.686937 1969.999909 2013.153351 2036.800917 2053.872106 2084.895666 2118.416808 2217.975820 2292.176813 2381.719901 2421.820937 2470.323786 2567.813155 2667.609614 2721.443254 2765.305175 2830.034162 2898.398773 2803.996421 2829.189362 2823.221649 2858.779312 2879.405527 2884.632668 2889.554567 2887.088811 2878.908190 2871.438813 2878.320871 2875.936551 2857.472679 2842.112734 2840.548570 2837.223187 2814.983247 2953.805700 2941.511819 2945.248572 2799.775799 2959.452065 2938.458118 2934.452110 2955.961393 2802.969242 2793.037407 2951.999025 2796.702340 2829.782408 2852.113109 2857.513135 2874.964791 2895.775206 2868.531041 2844.030260 2803.051420 2950.995290 2919.562957 2856.695868 2794.156194 2734.520781 2665.833864 2596.887281 2530.791427 2467.729307 2405.513375 2340.294192 2297.589258 2264.520851 2213.219920 2192.304852 2193.692657 2184.837314 2181.479132 2186.850816 2192.881479 -9999.0 -9999.0
-9999.0 1604.686751 1745.576116 1927.374425 2074.716469 2127.588095 2213.912182 2287.044813 2313.616648 2278.135287 2388.483655 2613.286061 2734.707055 2756.722120 2832.132807 2797.615590 2795.757370 2825.040496 2846.084431 2862.783528 2876.416302 2887.416514 2885.102197 2879.214509 2863.604006 2855.850642 2855.506243 2853.558316 2836.857506 2818.473238 2801.978041 2799.570677 2934.293994 2881.105338 2843.266324 2824.126671 2807.884788 2794.510330 2770.220190 2746.690174 2729.899785 2745.338731 2743.782382 2725.980829 2721.802137 2744.410422 2773.085620 2769.492775 2780.547173 2799.002373 2837.175967 2879.134976 2905.782927 2939.361679 2807.550785 2851.978398 2863.631405 2885.535120 2889.384108 2875.035978 2831.444357 2949.578265 2912.557760 2845.758973 2771.887499 2688.050676 2622.212894 2559.927470 2490.065775 2440.832936 2387.937592 2324.770796 2270.298695 2250.877845 2212.084714 2194.189575 -9999.0 -9999.0 -9999.0 -9999.0
-9999.0 1514.290024 1698.093249 1947.206053 2233.409487 2328.718786 2537.847147 2669.888750 2726.188653 2802.129933 2741.665120 2805.769983 2846.485088 2838.864966 2843.641717 2844.888955 2857.962528 2858.261605 2853.489302 2843.218764 2834.536455 2830.675767 2829.516372 2821.826162 2809.539449 2795.559954 2948.915027 2934.672930 2892.869154 2853.836498 2810.066163 2790.331634 2743.218877 2640.210775 2593.279850 2552.965946 2494.273176 2493.987481 2496.845928 2471.585570 2454.914588 2430.179325 2456.456530 2466.240092 2469.447464 2466.627720 2478.845881 2505.791268 2551.907253 2587.910536 2632.183800 2687.624877 2731.134950 2778.536410 2824.126033 2882.812225 2921.558740 2956.720688 2833.863619 2870.170121 2892.100600 2880.264065 2858.712335 2817.280072 2915.691982 2851.165094 2803.900034 2732.922911 2665.658569 2606.575310 2547.850159 2481.628199 2407.790520 2335.572686 2295.304275 -9999.0 -9999.0 -9999.0 -9999.0 -9999.0
-9999.0 1313.591834 1579.127465 1856.153891 2151.759949 2489.856029 2649.177735 2768.471633 2844.222116 2828.753981 2854.304585 2878.360336 2790.577699 2796.328343 2916.494481 2900.875657 2881.242815 2877.080486 2888.622832 2862.553172 2834.893023 2823.894525 2826.153952 2816.906090 2795.306258 2780.718937 2771.641420 2748.940356 2693.571286 2635.087106 2545.362842 2507.390475 2424.196390 2373.126676 2329.003878 2278.617091 2229.963890 2232.762634 2255.440964 2245.242417 2225.129581 2207.918875 2236.351857 2256.930610 2269.753171 2255.439370 2262.557757 2296.309177 2343.983849 2386.838208 2435.518925 2491.722679 2539.474117 2588.025295 2620.350724 2672.454622 2730.274351 2782.384457 2858.789908 2942.794800 2813.636689 2846.424566 2877.573956 2898.030853 2856.312196 2827.162750 2803.364673 2883.525134 2811.718487 2758.617956 2715.686610 2639.317587 2565.622252 -9999.0 -9999.0 -9999.0 -9999.0 -9999.0 -9999.0 -9999.0
-9999.0 1193.967019 1400.029054 1610.670152 1877.920848 2112.853282 2322.843528 2426.337079 2509.084899 2571.362230 2626.198580 2672.041495 2709.327653 2734.335267 2712.378047 2661.674798 2624.578852 2624.030386 2614.921139 2591.451508 2563.142845 2550.043568 2548.531058 2543.813225 2522.121178 2510.243764 2500.705370 2476.593182 2444.653757 2385.996125 2306.157777 2229.657999 2170.150063 2141.938488 2113.631557 2082.616492 2051.261718 2063.160150 2076.201619 2075.646373 2067.845573 2066.800760 2096.020540 2115.217380 2124.942100 2113.492519 2131.921697 2156.591988 2196.005520 2238.231255 2286.298614 2340.355686 2394.051964 2422.439115 2435.122446 2459.375185 2500.324301 2556.401537 2645.156735 2747.866879 2831.713446 2886.002936 2943.416190 2816.151720 2841.128904 2869.669545 2886.015839 2872.569010 2844.113932 2813.756232 2832.262618 -9999.0 -9999.0 -9999.0 -9999.0 -9999.0 -9999.0 -9999.0 -9999.0 -9999.0
-9999.0 -9999.0 1170.156744 1335.158393 1453.032930 1623.769756 1769.826501 1879.293095 1976.713674 2108.555072 2227.850307 2322.689952 2370.598750 2388.548383 2373.893004 2341.064565 2317.468621 2313.739071 2300.755451 2291.021580 2273.459943 2266.993226 2255.633179 2248.460732 2241.805449 2238.835278 2234.717360 2224.374207 2203.207559 2156.632834 2111.216769 2061.557743 2009.935801 1984.969621 1963.774571 1943.744560 1944.745634 1940.605602 1946.525337 1949.231073 1957.770206 1971.330948 1991.223407 2013.635153 2023.334815 2032.666041 2044.334656 2067.020231 2098.718227 2140.026526 2193.299059 2251.042701 2290.890507 2303.370400 2293.076886 2297.258765 2315.832113 2357.000150 2435.211788 2519.511678 2619.732677 2697.060490 2778.620156 2838.962212 2866.524362 2897.428890 2816.201076 2857.867742 2884.622775 2866.313744 -9999.0 -9999.0 -9999.0 -9999.0 -9999.0 -9999.0 -9999.0 -9999.0 -9999.0 -9999.0
-9999.0 -9999.0 -9999.0 -9999.0 1193.746978 1344.442252 1441.227613 1522.810777 1654.803758 1781.627733 1887.238552 1974.865963 2041.432452 2068.687654 2066.202733 2074.704463 2069.307854 2059.836670 2048.289921 2049.069618 2050.384766 2043.841270 2029.268631 2023.099716 2025.893270 2032.485058 2030.412595 2016.981242 1998.588715 1978.756656 1960.776734 1927.495837 1892.802189 1864.046757 1851.198300 1846.583902 1846.660564 1839.634636 1848.533739 1856.899194 1872.691566 1888.030181 1911.695301 1940.856800 1954.927308 1969.565595 1978.717905 1998.288286 2028.031214 2080.729247 2143.705398 2201.406678 2237.748499 2242.129414 2217.803263 2202.067943 2197.529154 2224.296480 2267.072676 2331.435991 2432.908807 2509.295019 2568.925795 2620.010123 2663.908780 2730.415910 2811.146770 2863.846452 -9999.0 -9999.0 -9999.0 -9999.0 -9999.0 -9999.0 -9999.0 -9999.0 -9999.0 -9999.0 -9999.0 -9999.0
-9999.0 -9999.0 -9999.0 -9999.0 -9999.0 -9999.0 1159.504118 1262.803898 1338.112614 1483.455463 1621.420879 1726.804791 1809.398038 1843.163494 1872.162875 1899.234924 1896.854503 1876.368965 1855.280860 1874.813303 1890.822633 1885.123315 1854.885124 1855.935307 1862.274089 1870.845850 1868.815979 1862.716017 1837.772848 1851.161010 1853.164639 1830.125593 1804.449870 1791.153922 1779.520794 1789.380286 1789.760141 1776.081948 1776.246298 1803.770175 1824.555798 1837.678143 1859.158868 1892.286372 1924.607975 1939.911686 1940.967210 1946.355544 1984.859794 2054.317408 2125.882602 2181.474599 2214.152855 2222.201680 2195.479796 2155.427977 2135.010062 2141.453663 2174.919862 2225.426636 2300.049505 2349.242151 2375.720346 2391.919063 2415.816513 2516.672047 -9999.0 -9999.0 -9999.0 -9999.0 -9999.0 -9999.0 -9999.0 -9999.0 -9999.0 -9999.0 -9999.0 -9999.0 -9999.0 -9999.0
-9999.0 -9999.0 -9999.0 -9999.0 -9999.0 -9999.0 -9999.0 -9999.0 -9999.0 -9999.0 -9999.0 -9999.0 -9999.0 -9999.0 -9999.0 -9999.0 -9999.0 -9999.0 -9999.0 -9999.0 -9999.0 -9999.0 -9999.0 -9999.0 -9999.0 -9999.0 -9999.0 -9999.0 -9999.0 -9999.0 -9999.0 -9999.0 -9999.0 -9999.0 -9999.0 -9999.0 -9999.0 -9999.0 -9999.0 -9999.0 -9999.0 -9999.0 -9999.0 -9999.0 -9999.0 -9999.0 -9999.0 -9999.0 -9999.0 -9999.0 -9999.0 -9999.0 -9999.0 -9999.0 -9999.0 -9999.0 -9999.0 -9999.0 -9999.0 -9999.0 -9999.0 -9999.0 -9999.0 -9999.0 -9999.0 -9999.0 -9999.0 -9999.0 -9999.0 -9999.0 -9999.0 -9999.0 -9999.0 -9999.0 -9999.0 -9999.0 -9999.0 -9999.0 -9999.0 -9999.0
-9999.0 -9999.0 -9999.0 -9999.0 -9999.0 -9999.0 -9999.0 -9999.0 -9999.0 -9999.0 -9999.0 -9999.0 -9999.0 -9999.0 -9999.0 -9999.0 -9999.0 -9999.0 -9999.0 -9999.0 -9999.0 -9999.0 -9999.0 -9999.0 -9999.0 -9999.0 -9999.0 -9999.0 -9999.0 -9999.0 -9999.0 -9999.0 -9999.0 -9999.0 -9999.0 -9999.0 -9999.0 -9999.0 -9999.0 -9999.0 -9999.0 -9999.0 -9999.0 -9999.0 -9999.0 -9999.0 -9999.0 -9999.0 -9999.0 -9999.0 -9999.0 -9999.0 -9999.0 -9999.0 -9999.0 -9999.0 -9999.0 -9999.0 -9999.0 -9999.0 -9999.0 -9999.0 -9999.0 -9999.0 -9999.0 -9999.0 -9999.0 -9999.0 -9999.0 -9999.0 -9999.0 -9999.0 -9999.0 -9999.0 -9999.0 -9999.0 -9999.0 -9999.0 -9999.0 -9999.0