Borden_/Borden1m_014/output_maps/psiliqL0003N0035.asc
ncols         80
nrows         18
xllcorner     620200.000000
yllcorner     5168000.000000
cellsize      1.000000
NODATA_value  -9999.0
-9999.0 -9999.0 -9999.0 -9999.0 -9999.0 -9999.0 -9999.0 -9999.0 -9999.0 -9999.0 -9999.0 -9999.0 -9999.0 -9999.0 -9999.0 -9999.0 -9999.0 -9999.0 -9999.0 -9999.0 -9999.0 -9999.0 -9999.0 -9999.0 -9999.0 -9999.0 -9999.0 -9999.0 -9999.0 -9999.0 -9999.0 -9999.0 -9999.0 -9999.0 -9999.0 -9999.0 -9999.0 -9999.0 -9999.0 -9999.0 -9999.0 -9999.0 -9999.0 -9999.0 -9999.0 -9999.0 -9999.0 -9999.0 -9999.0 -9999.0 -9999.0 -9999.0 -9999.0 -9999.0 -9999.0 -9999.0 -9999.0 -9999.0 -9999.0 -9999.0 -9999.0 -9999.0 -9999.0 -9999.0 -9999.0 -9999.0 -9999.0 -9999.0 -9999.0 -9999.0 -9999.0 -9999.0 -9999.0 -9999.0 -9999.0 -9999.0 -9999.0 -9999.0 -9999.0 -9999.0
-9999.0 -9999.0 -9999.0 -9999.0 -9999.0 -9999.0 -9999.0 -9999.0 -9999.0 -9999.0 -9999.0 -9999.0 -9999.0 -9999.0 -9999.0 -9999.0 -9999.0 -9999.0 -9999.0 -9999.0 -9999.0 -9999.0 -9999.0 -9999.0 -9999.0 -9999.0 -9999.0 -9999.0 -9999.0 -9999.0 -9999.0 -9999.0 -9999.0 -9999.0 -9999.0 -9999.0 -9999.0 -9999.0 -9999.0 -9999.0 -9999.0 -9999.0 -9999.0 -9999.0 -9999.0 -9999.0 -9999.0 -9999.0 -9999.0 -9999.0 -9999.0 -9999.0 -9999.0 -9999.0 -9999.0 -9999.0 -9999.0 -9999.0 -9999.0 -9999.0 -9999.0 -9999.0 -9999.0 -9999.0 -9999.0 -9999.0 -9999.0 -9999.0 -9999.0 -9999.0 -9999.0 -9999.0 -9999.0 -9999.0 -9999.0 -9999.0 -9999.0 -9999.0 -9999.0 -9999.0
-9999.0 -9999.0 -9999.0 -9999.0 -9999.0 -9999.0 -9999.0 -9999.0 -9999.0 -9999.0 -9999.0 -9999.0 -9999.0 -9999.0 -9999.0 -9999.0 -9999.0 -9999.0 -9999.0 -9999.0 -589.942524 -588.830521 -591.575404 -594.777007 -597.411494 -597.671325 -594.680349 -591.104609 -587.031958 -586.125887 -589.199524 -588.540358 -589.707532 -590.296037 -590.279296 -589.420769 -589.016889 -587.687865 -586.805553 -587.122306 -588.084168 -588.801355 -589.371058 -589.111897 -588.085002 -589.516794 -587.372673 -585.176253 -584.347876 -584.504504 -587.628046 -588.994182 -589.526370 -591.870553 -587.615425 -586.202962 -582.835659 -582.422365 -581.942835 -585.736023 -589.463849 -9999.0 -9999.0 -9999.0 -9999.0 -9999.0 -9999.0 -9999.0 -9999.0 -9999.0 -9999.0 -9999.0 -9999.0 -9999.0 -9999.0 -9999.0 -9999.0 -9999.0 -9999.0 -9999.0
-9999.0 -9999.0 -9999.0 -9999.0 -9999.0 -9999.0 -9999.0 -9999.0 -9999.0 -9999.0 -9999.0 -9999.0 -9999.0 -9999.0 -595.655050 -597.040372 -597.668259 -597.940386 -595.251839 -593.035271 -592.745702 -594.188561 -593.145396 -596.064454 -598.606871 -597.058144 -594.678372 -592.530888 -589.187449 -586.676770 -588.876729 -589.415237 -588.154326 -583.831504 -581.778701 -582.607756 -587.413384 -582.849128 -580.306344 -578.651843 -578.865417 -581.059188 -577.869706 -574.149373 -575.962889 -579.895812 -579.136353 -576.883689 -573.240116 -575.487222 -587.759182 -589.372801 -588.897813 -588.832010 -590.490818 -591.617198 -587.285910 -587.754318 -588.553444 -589.626736 -592.459052 -596.743418 -598.580327 -594.288051 -590.140958 -581.974472 -9999.0 -9999.0 -9999.0 -9999.0 -9999.0 -9999.0 -9999.0 -9999.0 -9999.0 -9999.0 -9999.0 -9999.0 -9999.0 -9999.0
-9999.0 -9999.0 -9999.0 -9999.0 -9999.0 -9999.0 -9999.0 -9999.0 -9999.0 -598.338825 -598.657745 -598.248172 -599.069283 -597.815301 -599.684224 -599.187826 -599.434472 -597.583734 -595.904071 -593.173705 -589.751525 -592.084586 -592.369964 -590.619489 -590.271658 -589.395631 -587.618350 -581.750160 -574.742878 -564.254452 -572.733856 -573.108600 -568.233717 -550.624514 -533.167931 -527.225196 -537.014948 -536.907016 -524.607396 -508.444214 -507.132298 -508.295323 -489.202606 -476.940546 -468.983153 -487.096939 -505.584542 -508.403411 -487.439835 -523.679486 -550.983174 -570.223140 -569.361165 -576.222842 -583.636955 -586.500572 -587.381236 -582.430185 -584.488417 -589.356930 -593.317829 -592.484633 -594.559096 -592.491162 -590.778450 -584.488672 -578.673262 -573.108589 -572.839520 -576.332016 -9999.0 -9999.0 -9999.0 -9999.0 -9999.0 -9999.0 -9999.0 -9999.0 -9999.0 -9999.0
-9999.0 -9999.0 -9999.0 -9999.0 -9999.0 -9999.0 -601.167496 -601.266556 -600.425914 -602.659116 -600.879666 -601.935274 -600.585697 -599.889514 -598.908578 -598.683093 -596.319306 -594.092749 -590.373182 -585.405248 -580.804431 -582.860129 -581.601337 -574.991502 -562.244052 -550.097127 -541.762831 -525.299828 -462.770480 -406.179360 -383.566293 -373.331384 -361.952572 -329.958531 -275.057769 -256.479918 -277.256662 -293.260506 -274.615262 -230.120222 -152.444415 -150.332635 -144.539993 -137.641048 -111.464032 -116.833260 -223.332520 -254.434263 -265.417894 -276.162510 -321.199429 -367.929208 -423.563683 -481.038659 -533.960286 -556.518029 -559.877941 -556.271240 -565.294719 -576.889951 -583.796647 -584.102578 -585.537097 -587.868460 -586.766621 -584.129629 -580.157366 -577.720293 -579.635760 -582.343113 -584.558030 -588.609765 -588.028867 -584.130780 -9999.0 -9999.0 -9999.0 -9999.0 -9999.0 -9999.0
-9999.0 -9999.0 -9999.0 -9999.0 -604.955142 -603.845781 -607.058056 -605.164221 -603.607675 -602.350583 -602.093037 -599.910230 -599.111257 -597.429901 -593.996409 -591.079699 -586.104712 -582.086971 -571.552898 -549.813099 -526.377139 -509.516859 -496.121749 -423.618956 -357.981687 -317.389260 -301.341881 -275.015545 -225.533090 -105.243257 -105.039759 -70.891312 -85.381188 -30.957436 10.935303 37.034031 -9.491868 18.842675 19.696580 27.945262 51.715969 52.314936 53.401571 53.375208 55.425271 57.101986 37.394147 5.551968 -4.078419 -45.744383 -28.364659 -89.592494 -193.661682 -231.967577 -257.741966 -299.976634 -357.503935 -382.678987 -452.311364 -505.473499 -542.740130 -553.891666 -564.333304 -569.920338 -576.723724 -575.659091 -573.969256 -577.462783 -582.068875 -586.391191 -587.177935 -589.097946 -590.979089 -586.062304 -584.088166 -578.590004 -9999.0 -9999.0 -9999.0 -9999.0
-9999.0 -9999.0 -605.398394 -605.096380 -601.939533 -603.642951 -604.689760 -606.171256 -605.370735 -602.201156 -596.096090 -592.992233 -588.498611 -585.818261 -575.578134 -549.957856 -513.354822 -474.210044 -400.065408 -343.325687 -291.378932 -248.137635 -171.531983 -139.987261 -81.541737 -69.061096 -13.440405 -25.436007 29.759065 56.991971 81.629326 98.271128 104.463475 95.259022 97.964335 93.110116 91.510420 89.393547 71.382017 70.084993 77.180007 78.716541 82.928031 70.361075 66.746540 79.284449 81.395604 80.951946 84.485928 90.416724 103.241993 73.360567 21.076166 9.225550 8.381286 -30.598011 -94.600441 -189.465426 -218.311490 -259.076815 -332.089927 -373.026715 -430.641209 -492.442669 -530.995487 -546.416149 -560.935114 -569.827753 -577.847727 -584.996537 -587.344668 -588.817202 -588.043790 -588.581854 -585.923992 -583.783205 -580.807414 -579.602566 -9999.0 -9999.0
-9999.0 -606.581106 -607.321314 -601.646567 -600.181189 -598.709061 -596.846513 -595.239962 -593.485033 -595.117563 -578.403876 -544.556250 -502.493349 -480.160308 -412.697102 -317.434728 -161.635095 -127.366591 -100.722908 -94.447056 -14.765595 13.960691 47.410978 78.920364 104.336305 96.151656 95.941381 94.315364 84.591782 78.808238 68.158835 75.550907 74.278675 60.124985 48.911751 47.896696 45.794089 21.627401 -35.376865 -16.228517 -11.856668 -22.938380 -0.011300 -20.043191 -23.729138 -4.058626 11.141254 1.054339 -8.768561 -22.112899 37.143194 53.212238 69.966017 82.601476 104.389553 81.267213 49.184932 13.123658 0.291474 -24.972730 -132.264337 -198.399929 -251.717668 -314.758513 -367.328859 -437.003083 -504.768551 -538.420702 -560.392252 -568.614903 -573.759111 -583.427614 -586.109866 -584.334484 -585.606687 -585.772090 -584.578345 -583.612043 -9999.0 -9999.0
-9999.0 -611.561500 -606.521682 -600.037249 -591.410378 -589.088299 -561.886029 -533.943068 -521.529503 -536.407421 -446.233409 -157.272827 -93.521721 -93.594853 -42.663452 25.050152 65.919019 88.187894 102.909538 90.864522 88.326546 88.261998 83.555463 77.266333 62.668297 55.426833 55.149908 53.324072 35.573885 20.396233 4.247847 -25.184443 -9.509526 -42.139501 -76.143105 -93.649263 -137.537760 -178.436779 -216.909371 -243.648323 -255.924787 -235.301286 -246.417278 -265.803582 -269.603378 -245.177302 -212.082030 -219.040827 -214.971075 -192.609072 -146.802242 -61.490844 -40.092927 -16.227421 17.806750 54.042602 71.435733 91.379337 98.774550 73.384900 36.634673 -8.476223 -36.799211 -147.166532 -223.126367 -301.902084 -351.467067 -389.138502 -459.183202 -505.121651 -534.769210 -556.619212 -571.533130 -575.242363 -582.284882 -583.836689 -9999.0 -9999.0 -9999.0 -9999.0
-9999.0 -611.953343 -606.899096 -594.771318 -563.292159 -512.782570 -361.160522 -228.699179 -68.389590 -103.315659 12.761443 85.647859 95.419423 78.113619 52.445239 49.081073 58.678674 60.542154 56.875238 47.734526 38.545118 6.103044 30.490663 26.289708 13.481305 -0.867101 -11.618122 -22.772163 -109.533731 -147.037437 -175.604013 -190.660920 -223.103951 -306.480814 -339.639030 -360.549627 -415.821595 -433.469416 -451.426611 -483.599283 -498.984274 -508.211242 -496.131927 -498.849364 -499.715619 -491.802965 -470.738938 -452.189094 -402.495203 -368.585886 -336.917492 -288.298243 -254.695475 -210.913344 -157.720878 -55.207131 -56.768306 -1.138070 39.361973 74.501275 95.461510 87.201514 58.925829 25.283710 -32.376403 -152.830373 -208.007611 -279.224077 -332.158215 -366.014276 -391.051255 -442.841362 -511.472015 -553.468920 -563.780518 -9999.0 -9999.0 -9999.0 -9999.0 -9999.0
-9999.0 -618.865300 -607.002988 -596.848528 -543.050209 -346.514582 -255.025914 3.992024 59.668754 -10.136270 -107.434100 -26.725912 7.709901 6.872232 -18.243183 -29.839525 -32.311900 -33.196679 -20.721916 -58.426374 -131.044803 -149.822583 -151.359096 -163.224694 -185.234471 -203.754898 -218.014656 -239.225555 -292.812473 -333.476079 -384.463413 -412.984014 -490.581934 -533.918708 -551.745656 -565.827554 -578.437838 -578.284557 -574.486239 -578.008200 -581.813096 -585.588863 -580.946118 -578.672420 -576.597272 -579.039822 -578.105510 -571.403366 -559.758978 -546.488947 -523.852131 -483.049255 -430.366413 -372.300870 -345.747732 -296.333561 -250.569267 -203.139588 -127.030142 -7.442009 20.378385 49.230959 84.853900 103.700398 64.984717 27.758378 -29.303773 -150.193616 -252.419320 -293.996726 -309.547648 -329.773877 -366.200494 -9999.0 -9999.0 -9999.0 -9999.0 -9999.0 -9999.0 -9999.0
-9999.0 -622.742464 -610.226717 -607.588394 -589.916503 -548.712075 -456.406878 -343.120463 -180.814685 -295.958266 -309.824704 -284.229195 -254.332670 -233.414938 -257.114328 -290.443848 -312.683987 -309.388673 -308.356959 -329.386963 -353.890864 -363.904929 -364.446535 -371.655108 -401.487369 -424.219932 -439.194104 -465.743948 -500.534717 -532.370718 -563.025111 -577.106921 -586.678578 -590.197485 -592.732726 -595.326524 -599.744155 -597.477040 -595.620335 -596.110509 -597.517485 -598.511710 -595.211642 -593.909647 -592.832027 -595.683498 -593.547590 -591.374680 -586.690276 -581.671866 -574.425577 -563.524263 -548.825434 -536.881896 -527.491405 -506.532552 -464.198971 -390.149700 -322.571576 -227.684149 -153.311841 -63.899967 -10.701032 22.283656 39.563447 47.548099 53.674709 19.608906 -224.764375 -259.508175 -262.140573 -9999.0 -9999.0 -9999.0 -9999.0 -9999.0 -9999.0 -9999.0 -9999.0 -9999.0
-9999.0 -9999.0 -625.348505 -620.038339 -615.249137 -609.825203 -601.903438 -591.582702 -582.992544 -571.620900 -553.928992 -531.406024 -513.769825 -504.448214 -516.477801 -537.164127 -547.653123 -547.068821 -549.799589 -554.965776 -563.512550 -566.525792 -568.611058 -570.300336 -573.878091 -575.422899 -576.133652 -577.620133 -580.743495 -587.217051 -592.831923 -596.726825 -600.758779 -600.894202 -601.636610 -602.992079 -602.073570 -602.320909 -601.945217 -602.105924 -601.797758 -601.163468 -600.315857 -599.199937 -599.055228 -598.731485 -598.258892 -596.965903 -594.954211 -592.209592 -587.103429 -579.658872 -573.745227 -572.192830 -575.017125 -574.038145 -569.670296 -558.609046 -519.276698 -428.873337 -347.293089 -282.525099 -211.771036 -163.708991 -144.056578 -87.117343 -18.923252 -160.145065 -311.444038 -299.809285 -9999.0 -9999.0 -9999.0 -9999.0 -9999.0 -9999.0 -9999.0 -9999.0 -9999.0 -9999.0
-9999.0 -9999.0 -9999.0 -9999.0 -627.456880 -620.109269 -613.470286 -613.868457 -608.750422 -605.290336 -601.826058 -597.663798 -594.155740 -591.954331 -594.443129 -595.139014 -595.762752 -595.475165 -596.079625 -596.768336 -597.155076 -597.627545 -598.127009 -598.738237 -598.550277 -598.018958 -597.907455 -598.935859 -599.130595 -601.092464 -601.551138 -602.813472 -604.017557 -605.284410 -605.128544 -605.284098 -604.796608 -605.343041 -604.500204 -604.941001 -604.260095 -603.898385 -603.010683 -601.612575 -601.962912 -601.157008 -601.035445 -599.930000 -599.238621 -596.099365 -591.016022 -585.042734 -580.875611 -580.963557 -585.910683 -588.078474 -589.171514 -585.890299 -579.869831 -566.630452 -529.695419 -471.981487 -388.461431 -349.794028 -323.628362 -280.374610 -239.902766 -231.863173 -9999.0 -9999.0 -9999.0 -9999.0 -9999.0 -9999.0 -9999.0 -9999.0 -9999.0 -9999.0 -9999.0 -9999.0
-9999.0 -9999.0 -9999.0 -9999.0 -9999.0 -9999.0 -624.413932 -620.768822 -621.700483 -618.836248 -616.200012 -614.021014 -610.822123 -611.061867 -610.159803 -607.780148 -608.139188 -609.307165 -610.740293 -608.665500 -607.759215 -607.585331 -609.917357 -609.317590 -609.076814 -608.182023 -608.272613 -607.942841 -609.936238 -607.702728 -606.664249 -607.190274 -607.702117 -607.348396 -607.865436 -606.445759 -606.277880 -607.428372 -607.740003 -606.051932 -605.518708 -605.683117 -605.257377 -603.981914 -602.186944 -601.847631 -602.554625 -603.497777 -601.501524 -596.953502 -591.581127 -586.628493 -583.319069 -582.309440 -586.593636 -592.165692 -594.908108 -595.137236 -592.605863 -587.687930 -576.215515 -567.439910 -559.530867 -549.931180 -537.196209 -463.500045 -9999.0 -9999.0 -9999.0 -9999.0 -9999.0 -9999.0 -9999.0 -9999.0 -9999.0 -9999.0 -9999.0 -9999.0 -9999.0 -9999.0
-9999.0 -9999.0 -9999.0 -9999.0 -9999.0 -9999.0 -9999.0 -9999.0 -9999.0 -9999.0 -9999.0 -9999.0 -9999.0 -9999.0 -9999.0 -9999.0 -9999.0 -9999.0 -9999.0 -9999.0 -9999.0 -9999.0 -9999.0 -9999.0 -9999.0 -9999.0 -9999.0 -9999.0 -9999.0 -9999.0 -9999.0 -9999.0 -9999.0 -9999.0 -9999.0 -9999.0 -9999.0 -9999.0 -9999.0 -9999.0 -9999.0 -9999.0 -9999.0 -9999.0 -9999.0 -9999.0 -9999.0 -9999.0 -9999.0 -9999.0 -9999.0 -9999.0 -9999.0 -9999.0 -9999.0 -9999.0 -9999.0 -9999.0 -9999.0 -9999.0 -9999.0 -9999.0 -9999.0 -9999.0 -9999.0 -9999.0 -9999.0 -9999.0 -9999.0 -9999.0 -9999.0 -9999.0 -9999.0 -9999.0 -9999.0 -9999.0 -9999.0 -9999.0 -9999.0 -9999.0
-9999.0 -9999.0 -9999.0 -9999.0 -9999.0 -9999.0 -9999.0 -9999.0 -9999.0 -9999.0 -9999.0 -9999.0 -9999.0 -9999.0 -9999.0 -9999.0 -9999.0 -9999.0 -9999.0 -9999.0 -9999.0 -9999.0 -9999.0 -9999.0 -9999.0 -9999.0 -9999.0 -9999.0 -9999.0 -9999.0 -9999.0 -9999.0 -9999.0 -9999.0 -9999.0 -9999.0 -9999.0 -9999.0 -9999.0 -9999.0 -9999.0 -9999.0 -9999.0 -9999.0 -9999.0 -9999.0 -9999.0 -9999.0 -9999.0 -9999.0 -9999.0 -9999.0 -9999.0 -9999.0 -9999.0 -9999.0 -9999.0 -9999.0 -9999.0 -9999.0 -9999.0 -9999.0 -9999.0 -9999.0 -9999.0 -9999.0 -9999.0 -9999.0 -9999.0 -9999.0 -9999.0 -9999.0 -9999.0 -9999.0 -9999.0 -9999.0 -9999.0 -9999.0 -9999.0 -9999.0