Borden_/Borden1m_014/output_maps/psiliqL0017N0012.asc
ncols         80
nrows         18
xllcorner     620200.000000
yllcorner     5168000.000000
cellsize      1.000000
NODATA_value  -9999.0
-9999.0 -9999.0 -9999.0 -9999.0 -9999.0 -9999.0 -9999.0 -9999.0 -9999.0 -9999.0 -9999.0 -9999.0 -9999.0 -9999.0 -9999.0 -9999.0 -9999.0 -9999.0 -9999.0 -9999.0 -9999.0 -9999.0 -9999.0 -9999.0 -9999.0 -9999.0 -9999.0 -9999.0 -9999.0 -9999.0 -9999.0 -9999.0 -9999.0 -9999.0 -9999.0 -9999.0 -9999.0 -9999.0 -9999.0 -9999.0 -9999.0 -9999.0 -9999.0 -9999.0 -9999.0 -9999.0 -9999.0 -9999.0 -9999.0 -9999.0 -9999.0 -9999.0 -9999.0 -9999.0 -9999.0 -9999.0 -9999.0 -9999.0 -9999.0 -9999.0 -9999.0 -9999.0 -9999.0 -9999.0 -9999.0 -9999.0 -9999.0 -9999.0 -9999.0 -9999.0 -9999.0 -9999.0 -9999.0 -9999.0 -9999.0 -9999.0 -9999.0 -9999.0 -9999.0 -9999.0
-9999.0 -9999.0 -9999.0 -9999.0 -9999.0 -9999.0 -9999.0 -9999.0 -9999.0 -9999.0 -9999.0 -9999.0 -9999.0 -9999.0 -9999.0 -9999.0 -9999.0 -9999.0 -9999.0 -9999.0 -9999.0 -9999.0 -9999.0 -9999.0 -9999.0 -9999.0 -9999.0 -9999.0 -9999.0 -9999.0 -9999.0 -9999.0 -9999.0 -9999.0 -9999.0 -9999.0 -9999.0 -9999.0 -9999.0 -9999.0 -9999.0 -9999.0 -9999.0 -9999.0 -9999.0 -9999.0 -9999.0 -9999.0 -9999.0 -9999.0 -9999.0 -9999.0 -9999.0 -9999.0 -9999.0 -9999.0 -9999.0 -9999.0 -9999.0 -9999.0 -9999.0 -9999.0 -9999.0 -9999.0 -9999.0 -9999.0 -9999.0 -9999.0 -9999.0 -9999.0 -9999.0 -9999.0 -9999.0 -9999.0 -9999.0 -9999.0 -9999.0 -9999.0 -9999.0 -9999.0
-9999.0 -9999.0 -9999.0 -9999.0 -9999.0 -9999.0 -9999.0 -9999.0 -9999.0 -9999.0 -9999.0 -9999.0 -9999.0 -9999.0 -9999.0 -9999.0 -9999.0 -9999.0 -9999.0 -9999.0 1550.171747 1553.036017 1532.250506 1500.040552 1473.905200 1478.013355 1513.947234 1556.401528 1596.055886 1606.475207 1589.850427 1594.908633 1593.334139 1594.653732 1599.760363 1609.536698 1616.484473 1628.483223 1637.018743 1636.141161 1629.498055 1624.067318 1624.532581 1626.878155 1632.373491 1620.721452 1635.291594 1650.400916 1654.344016 1647.738655 1618.608643 1600.542097 1588.452086 1569.964284 1592.312594 1601.512859 1621.734963 1623.571796 1619.863683 1591.561506 1560.654053 -9999.0 -9999.0 -9999.0 -9999.0 -9999.0 -9999.0 -9999.0 -9999.0 -9999.0 -9999.0 -9999.0 -9999.0 -9999.0 -9999.0 -9999.0 -9999.0 -9999.0 -9999.0 -9999.0
-9999.0 -9999.0 -9999.0 -9999.0 -9999.0 -9999.0 -9999.0 -9999.0 -9999.0 -9999.0 -9999.0 -9999.0 -9999.0 -9999.0 1455.609668 1447.154402 1445.728647 1455.416268 1490.319694 1521.932054 1534.480013 1528.334016 1529.975822 1508.133134 1489.440590 1505.732719 1537.616786 1570.331787 1605.310739 1625.549946 1615.804626 1616.113538 1629.003202 1657.627762 1673.408873 1673.712297 1656.968538 1682.055182 1697.467727 1704.457479 1702.825788 1693.319272 1704.272094 1718.893388 1711.906092 1695.896126 1703.517462 1716.485180 1727.358379 1712.844879 1646.961336 1624.893987 1616.654920 1607.350667 1590.781798 1582.261798 1605.355959 1602.425163 1592.110141 1572.571819 1538.407165 1493.246868 1473.104531 1510.486947 1552.571049 1608.214313 -9999.0 -9999.0 -9999.0 -9999.0 -9999.0 -9999.0 -9999.0 -9999.0 -9999.0 -9999.0 -9999.0 -9999.0 -9999.0 -9999.0
-9999.0 -9999.0 -9999.0 -9999.0 -9999.0 -9999.0 -9999.0 -9999.0 -9999.0 1395.315461 1400.923175 1409.236492 1412.894827 1429.673119 1427.940412 1436.440849 1444.444823 1473.371924 1506.094490 1542.967257 1573.286537 1566.379058 1568.594660 1579.824902 1584.743796 1599.957283 1624.580578 1665.701639 1703.045829 1742.239428 1713.648384 1714.046332 1738.707307 1792.130947 1828.643087 1838.375291 1823.181490 1835.492696 1860.048402 1879.112876 1876.171353 1871.437197 1894.834072 1908.029269 1907.284823 1888.393005 1881.318647 1884.821480 1910.486781 1857.088110 1786.144238 1731.693607 1733.012211 1701.910438 1664.389413 1642.887086 1636.594247 1653.161789 1635.960994 1597.176088 1559.475686 1545.934855 1526.133439 1541.728682 1561.894916 1606.090429 1643.557074 1670.501612 1668.334951 1649.733561 -9999.0 -9999.0 -9999.0 -9999.0 -9999.0 -9999.0 -9999.0 -9999.0 -9999.0 -9999.0
-9999.0 -9999.0 -9999.0 -9999.0 -9999.0 -9999.0 1315.530841 1326.193456 1347.693845 1352.703624 1379.535147 1387.825631 1409.644925 1430.220179 1453.793204 1471.635113 1502.732147 1537.327614 1579.925563 1625.399471 1660.291877 1656.629817 1668.684472 1699.934340 1741.815228 1775.833559 1805.405295 1846.162456 1919.360360 1957.740918 1961.432125 1968.705863 1986.085848 2047.081117 2119.112677 2137.525534 2120.835058 2108.648498 2129.166291 2163.151416 2164.249013 2163.065878 2173.222689 2182.271554 2208.322292 2200.497014 2165.031771 2155.519844 2156.008617 2135.630220 2065.991092 1993.518516 1956.292392 1903.986346 1819.274034 1763.028553 1766.648260 1781.240251 1750.011055 1694.407886 1652.002487 1638.241490 1619.895069 1604.367236 1608.668242 1625.543566 1645.341725 1654.447868 1639.303676 1616.233306 1592.118724 1561.719027 1562.125650 1586.139071 -9999.0 -9999.0 -9999.0 -9999.0 -9999.0 -9999.0
-9999.0 -9999.0 -9999.0 -9999.0 1264.540055 1278.566487 1267.002129 1293.816727 1327.904967 1363.547597 1396.184310 1433.869442 1462.407533 1494.422797 1536.230644 1571.311525 1613.994502 1651.274303 1708.680273 1781.603512 1837.587679 1863.088891 1879.495214 1939.940323 2008.219531 2070.847459 2098.397879 2126.813849 2167.971958 2222.650440 2246.548038 2253.716721 2276.009168 2320.280415 2374.613994 2412.288320 2398.813461 2392.996307 2400.199391 2410.994245 2432.154892 2431.766089 2432.649795 2435.031318 2440.461215 2440.926800 2419.169310 2388.553411 2374.922056 2363.779280 2328.338639 2253.394792 2212.861555 2181.708421 2143.665049 2085.664546 2015.801990 1997.014065 1937.198962 1877.899758 1814.108014 1788.328515 1753.482087 1724.564211 1692.847187 1691.858933 1692.509343 1669.211302 1633.954369 1599.152268 1581.759082 1560.668809 1547.362589 1575.766370 1591.895995 1621.015877 -9999.0 -9999.0 -9999.0 -9999.0
-9999.0 -9999.0 1203.181601 1252.191815 1310.859028 1321.250589 1322.542197 1330.083723 1360.367833 1414.259003 1489.317070 1539.331758 1581.359896 1617.904478 1680.611004 1761.784252 1835.047784 1885.627363 1950.876832 2029.723404 2100.178741 2136.403799 2153.324347 2194.179457 2253.044654 2323.043548 2354.497983 2381.528708 2411.090456 2441.624991 2446.495083 2459.499101 2470.493203 2478.414219 2488.219358 2492.828259 2490.355892 2487.276911 2470.227248 2466.405291 2472.733696 2478.142886 2478.820714 2465.350647 2461.783698 2476.404867 2482.360479 2482.966861 2482.901617 2489.439235 2489.651262 2446.734755 2412.911436 2396.951248 2383.768767 2335.632090 2266.424067 2224.745188 2201.900284 2157.698291 2076.848800 2018.924151 1962.689510 1910.393250 1853.232316 1819.138917 1769.428599 1723.599310 1673.852131 1624.319761 1597.286926 1576.054415 1570.510574 1567.579032 1581.795047 1595.502259 1609.701968 1616.901837 -9999.0 -9999.0
-9999.0 1097.929740 1170.783165 1297.618012 1379.868117 1426.552919 1457.543991 1479.715149 1510.483612 1540.922640 1644.710901 1729.121821 1821.189905 1862.331397 1917.168940 2022.158720 2121.227666 2170.301849 2212.296438 2275.015909 2340.906744 2391.128149 2419.593268 2425.126133 2462.836410 2483.333523 2490.419470 2495.675579 2492.238370 2482.390670 2471.921654 2476.819272 2472.661736 2453.293072 2436.138806 2432.465409 2428.207603 2406.507519 2380.214324 2366.829409 2369.679959 2393.817942 2381.495544 2361.130870 2357.510948 2378.874407 2399.684009 2392.099576 2381.528559 2401.372972 2436.917168 2459.413667 2467.796457 2484.423818 2504.014871 2476.141168 2447.885512 2406.075920 2387.221725 2359.340109 2301.066826 2237.987542 2180.558317 2115.886274 2042.825086 1970.510106 1902.646614 1835.695941 1765.741911 1720.252250 1683.877373 1628.784466 1603.677039 1601.594739 1590.073277 1585.036148 1589.286174 1594.841279 -9999.0 -9999.0
-9999.0 1014.174431 1156.737656 1341.936908 1493.308178 1554.654961 1655.240334 1733.855319 1761.829470 1731.657937 1841.731545 2065.962561 2177.191517 2198.661025 2275.151731 2370.931549 2386.325117 2420.201417 2443.966335 2458.977430 2471.236174 2482.665647 2481.284800 2476.794605 2464.173183 2459.326885 2460.678975 2459.717245 2442.701182 2421.633874 2400.404836 2392.831535 2370.772433 2321.900836 2283.411776 2261.571590 2243.779294 2227.309238 2199.168041 2175.062229 2160.786553 2176.367248 2171.588027 2155.593838 2151.759704 2173.030355 2204.360406 2202.053906 2213.965207 2239.468211 2283.317230 2325.027398 2348.236389 2378.625524 2415.740747 2460.546767 2474.982181 2497.593243 2502.575078 2486.262711 2442.630854 2390.097145 2356.474610 2294.672031 2221.704655 2141.617034 2072.723988 2003.539867 1929.322158 1877.132772 1820.557046 1752.914300 1691.464566 1663.621224 1620.531465 1599.071907 -9999.0 -9999.0 -9999.0 -9999.0
-9999.0 930.309059 1117.481639 1374.230793 1659.693296 1772.650624 1988.355620 2120.246769 2176.987860 2249.048589 2210.861501 2374.372158 2419.779589 2418.394744 2423.787549 2431.502187 2449.048992 2452.518646 2448.474223 2437.538538 2427.127020 2421.753253 2419.720699 2412.648277 2402.071707 2389.631637 2378.473151 2367.727374 2330.758766 2294.290459 2250.416333 2229.887254 2185.427053 2087.731275 2036.612890 1992.191100 1931.144426 1926.755153 1925.184677 1899.492983 1881.602647 1860.177726 1884.187645 1890.736294 1893.549483 1894.597136 1909.752712 1936.031986 1984.778030 2027.841411 2081.101425 2138.795573 2176.555917 2221.540211 2269.174500 2327.433445 2362.806936 2395.691177 2445.488954 2484.849868 2508.873003 2497.976906 2473.713586 2429.711208 2361.847769 2299.714590 2252.774557 2180.411368 2115.305288 2056.292631 1994.624789 1924.136565 1843.390854 1754.050377 1707.878137 -9999.0 -9999.0 -9999.0 -9999.0 -9999.0
-9999.0 741.460939 1009.148323 1294.944724 1606.758091 1948.941356 2100.912726 2228.332463 2304.934484 2282.728495 2298.743684 2320.072746 2363.635471 2373.993603 2356.807768 2349.880751 2338.850114 2338.201113 2348.536594 2317.687390 2282.270967 2264.298052 2261.535996 2249.466908 2227.226467 2212.812015 2203.794361 2185.279640 2137.037979 2080.216944 1987.096852 1947.927528 1866.709720 1810.258752 1762.077213 1708.251456 1656.134516 1655.728311 1675.140579 1662.667788 1641.784592 1624.268753 1651.889399 1670.885073 1683.467333 1671.012403 1679.653898 1715.959601 1767.112194 1814.890230 1869.679028 1927.866448 1976.615224 2027.512958 2065.253274 2122.321660 2176.151023 2227.090782 2304.665834 2385.595114 2425.035911 2461.414346 2495.153238 2514.069450 2466.468494 2423.575941 2378.220753 2323.755630 2250.581501 2204.223451 2166.594148 2094.341990 2017.528885 -9999.0 -9999.0 -9999.0 -9999.0 -9999.0 -9999.0 -9999.0
-9999.0 617.880042 832.009493 1055.397117 1336.399552 1578.893276 1785.834106 1899.110099 1987.481995 2040.204077 2085.462984 2123.445118 2155.109006 2179.258385 2160.538921 2122.277764 2094.178343 2097.136510 2087.790390 2056.501211 2016.319260 1993.772458 1987.022909 1978.716023 1954.748284 1941.894087 1933.008846 1911.749436 1879.439441 1821.085962 1737.052946 1659.537148 1596.919268 1564.893951 1533.745115 1499.762812 1464.460473 1474.731101 1487.550466 1485.340268 1476.154565 1474.212629 1503.627516 1522.976136 1533.088297 1521.664815 1540.836354 1567.448978 1609.559392 1654.387213 1705.672469 1762.418148 1817.632632 1849.060254 1866.651736 1896.508107 1940.574749 2000.769462 2095.616112 2196.382515 2279.387659 2332.342781 2387.172066 2426.696007 2446.502023 2462.742444 2446.455040 2377.229890 2283.342687 2279.582759 2275.479272 -9999.0 -9999.0 -9999.0 -9999.0 -9999.0 -9999.0 -9999.0 -9999.0 -9999.0
-9999.0 -9999.0 599.908269 773.493160 905.536458 1084.733083 1236.881313 1351.220243 1448.539540 1573.064872 1685.464291 1772.966827 1818.096031 1836.183660 1823.756686 1793.201771 1772.999748 1771.480727 1757.534870 1741.559107 1715.075762 1701.886031 1687.337744 1677.749249 1668.226652 1663.726511 1659.414951 1649.013559 1627.569748 1580.084729 1530.563621 1477.881695 1423.859096 1397.440665 1374.669693 1352.657888 1351.386959 1347.166316 1352.922801 1354.981998 1362.581974 1375.668369 1395.875243 1418.098678 1427.923613 1436.962450 1449.377163 1473.151297 1506.504616 1549.547693 1604.513125 1663.295780 1704.265965 1718.662414 1711.407328 1719.219989 1742.352439 1788.846477 1874.704129 1964.319967 2068.234121 2148.374811 2227.636200 2288.571309 2314.615761 2338.958103 2365.049225 2321.026041 2167.273652 2230.577149 -9999.0 -9999.0 -9999.0 -9999.0 -9999.0 -9999.0 -9999.0 -9999.0 -9999.0 -9999.0
-9999.0 -9999.0 -9999.0 -9999.0 632.874053 787.562732 885.935432 970.953357 1103.386202 1227.911194 1331.120248 1415.903881 1478.924678 1505.827047 1502.782039 1509.788168 1505.410972 1497.778109 1485.583119 1481.653079 1477.170362 1466.717734 1450.345757 1442.147702 1443.048327 1448.372507 1446.229042 1432.938984 1415.110113 1392.766270 1372.051604 1336.976238 1300.503817 1270.712305 1256.985905 1251.023364 1250.552822 1243.531578 1252.345831 1260.042038 1275.552584 1290.965626 1314.830429 1343.936052 1357.792490 1372.553304 1382.230970 1402.700047 1433.263026 1486.983375 1550.924848 1609.405199 1646.180777 1651.754552 1628.759309 1615.118523 1613.468466 1643.980730 1692.066262 1762.858650 1869.920825 1950.280452 2016.227473 2073.496287 2120.133917 2179.587616 2250.588394 2292.487043 -9999.0 -9999.0 -9999.0 -9999.0 -9999.0 -9999.0 -9999.0 -9999.0 -9999.0 -9999.0 -9999.0 -9999.0
-9999.0 -9999.0 -9999.0 -9999.0 -9999.0 -9999.0 594.179433 697.027328 777.844269 918.991523 1051.723458 1154.232657 1235.079047 1267.351727 1294.456563 1321.544202 1319.491001 1299.957681 1279.014147 1295.663106 1307.388350 1299.496783 1268.099967 1267.171207 1271.958565 1280.326678 1278.387954 1272.242981 1247.222330 1258.730447 1259.078997 1235.230715 1208.678878 1194.411252 1182.196687 1191.554138 1191.646836 1178.012762 1178.611362 1205.632481 1226.107900 1239.375666 1261.233325 1294.489023 1326.860622 1342.088996 1343.425655 1349.487920 1389.411295 1459.774281 1531.795902 1587.716345 1620.858353 1629.833940 1603.894743 1565.233332 1546.462308 1555.519020 1592.642356 1648.000373 1727.661423 1782.163896 1815.345794 1839.008901 1868.108109 1966.288748 -9999.0 -9999.0 -9999.0 -9999.0 -9999.0 -9999.0 -9999.0 -9999.0 -9999.0 -9999.0 -9999.0 -9999.0 -9999.0 -9999.0
-9999.0 -9999.0 -9999.0 -9999.0 -9999.0 -9999.0 -9999.0 -9999.0 -9999.0 -9999.0 -9999.0 -9999.0 -9999.0 -9999.0 -9999.0 -9999.0 -9999.0 -9999.0 -9999.0 -9999.0 -9999.0 -9999.0 -9999.0 -9999.0 -9999.0 -9999.0 -9999.0 -9999.0 -9999.0 -9999.0 -9999.0 -9999.0 -9999.0 -9999.0 -9999.0 -9999.0 -9999.0 -9999.0 -9999.0 -9999.0 -9999.0 -9999.0 -9999.0 -9999.0 -9999.0 -9999.0 -9999.0 -9999.0 -9999.0 -9999.0 -9999.0 -9999.0 -9999.0 -9999.0 -9999.0 -9999.0 -9999.0 -9999.0 -9999.0 -9999.0 -9999.0 -9999.0 -9999.0 -9999.0 -9999.0 -9999.0 -9999.0 -9999.0 -9999.0 -9999.0 -9999.0 -9999.0 -9999.0 -9999.0 -9999.0 -9999.0 -9999.0 -9999.0 -9999.0 -9999.0
-9999.0 -9999.0 -9999.0 -9999.0 -9999.0 -9999.0 -9999.0 -9999.0 -9999.0 -9999.0 -9999.0 -9999.0 -9999.0 -9999.0 -9999.0 -9999.0 -9999.0 -9999.0 -9999.0 -9999.0 -9999.0 -9999.0 -9999.0 -9999.0 -9999.0 -9999.0 -9999.0 -9999.0 -9999.0 -9999.0 -9999.0 -9999.0 -9999.0 -9999.0 -9999.0 -9999.0 -9999.0 -9999.0 -9999.0 -9999.0 -9999.0 -9999.0 -9999.0 -9999.0 -9999.0 -9999.0 -9999.0 -9999.0 -9999.0 -9999.0 -9999.0 -9999.0 -9999.0 -9999.0 -9999.0 -9999.0 -9999.0 -9999.0 -9999.0 -9999.0 -9999.0 -9999.0 -9999.0 -9999.0 -9999.0 -9999.0 -9999.0 -9999.0 -9999.0 -9999.0 -9999.0 -9999.0 -9999.0 -9999.0 -9999.0 -9999.0 -9999.0 -9999.0 -9999.0 -9999.0