Borden_/Borden1m_014/output_maps/psiliqL0003N0020.asc
ncols         80
nrows         18
xllcorner     620200.000000
yllcorner     5168000.000000
cellsize      1.000000
NODATA_value  -9999.0
-9999.0 -9999.0 -9999.0 -9999.0 -9999.0 -9999.0 -9999.0 -9999.0 -9999.0 -9999.0 -9999.0 -9999.0 -9999.0 -9999.0 -9999.0 -9999.0 -9999.0 -9999.0 -9999.0 -9999.0 -9999.0 -9999.0 -9999.0 -9999.0 -9999.0 -9999.0 -9999.0 -9999.0 -9999.0 -9999.0 -9999.0 -9999.0 -9999.0 -9999.0 -9999.0 -9999.0 -9999.0 -9999.0 -9999.0 -9999.0 -9999.0 -9999.0 -9999.0 -9999.0 -9999.0 -9999.0 -9999.0 -9999.0 -9999.0 -9999.0 -9999.0 -9999.0 -9999.0 -9999.0 -9999.0 -9999.0 -9999.0 -9999.0 -9999.0 -9999.0 -9999.0 -9999.0 -9999.0 -9999.0 -9999.0 -9999.0 -9999.0 -9999.0 -9999.0 -9999.0 -9999.0 -9999.0 -9999.0 -9999.0 -9999.0 -9999.0 -9999.0 -9999.0 -9999.0 -9999.0
-9999.0 -9999.0 -9999.0 -9999.0 -9999.0 -9999.0 -9999.0 -9999.0 -9999.0 -9999.0 -9999.0 -9999.0 -9999.0 -9999.0 -9999.0 -9999.0 -9999.0 -9999.0 -9999.0 -9999.0 -9999.0 -9999.0 -9999.0 -9999.0 -9999.0 -9999.0 -9999.0 -9999.0 -9999.0 -9999.0 -9999.0 -9999.0 -9999.0 -9999.0 -9999.0 -9999.0 -9999.0 -9999.0 -9999.0 -9999.0 -9999.0 -9999.0 -9999.0 -9999.0 -9999.0 -9999.0 -9999.0 -9999.0 -9999.0 -9999.0 -9999.0 -9999.0 -9999.0 -9999.0 -9999.0 -9999.0 -9999.0 -9999.0 -9999.0 -9999.0 -9999.0 -9999.0 -9999.0 -9999.0 -9999.0 -9999.0 -9999.0 -9999.0 -9999.0 -9999.0 -9999.0 -9999.0 -9999.0 -9999.0 -9999.0 -9999.0 -9999.0 -9999.0 -9999.0 -9999.0
-9999.0 -9999.0 -9999.0 -9999.0 -9999.0 -9999.0 -9999.0 -9999.0 -9999.0 -9999.0 -9999.0 -9999.0 -9999.0 -9999.0 -9999.0 -9999.0 -9999.0 -9999.0 -9999.0 -9999.0 -540.258266 -538.921225 -541.759177 -544.996693 -547.761845 -548.129935 -545.059441 -541.556328 -537.531284 -536.781723 -540.084245 -539.231909 -540.541844 -541.336187 -541.440264 -540.509786 -540.030372 -538.759692 -537.966764 -538.383915 -539.388304 -540.078902 -540.718255 -540.537423 -539.384681 -540.973514 -538.703556 -536.513297 -535.773822 -535.735398 -538.625726 -539.785640 -540.213617 -542.815507 -538.134222 -536.823395 -533.452261 -533.145664 -532.498108 -536.273474 -540.009980 -9999.0 -9999.0 -9999.0 -9999.0 -9999.0 -9999.0 -9999.0 -9999.0 -9999.0 -9999.0 -9999.0 -9999.0 -9999.0 -9999.0 -9999.0 -9999.0 -9999.0 -9999.0 -9999.0
-9999.0 -9999.0 -9999.0 -9999.0 -9999.0 -9999.0 -9999.0 -9999.0 -9999.0 -9999.0 -9999.0 -9999.0 -9999.0 -9999.0 -545.338885 -546.919345 -547.668108 -548.194122 -545.433511 -543.303685 -543.296308 -544.941566 -543.562772 -546.733798 -549.578575 -547.883620 -545.518296 -543.645126 -540.473602 -538.046666 -540.336318 -540.904411 -539.704816 -535.374511 -533.509496 -534.448268 -539.608799 -534.728624 -532.333946 -530.811364 -531.025098 -533.378955 -530.193389 -526.458354 -528.406204 -532.370520 -531.457472 -529.216056 -525.580209 -527.357050 -539.814818 -540.971768 -540.282827 -539.958452 -541.668296 -542.906406 -538.182470 -538.887627 -539.624478 -540.375715 -543.039994 -547.454479 -549.459285 -544.799285 -540.779555 -532.508630 -9999.0 -9999.0 -9999.0 -9999.0 -9999.0 -9999.0 -9999.0 -9999.0 -9999.0 -9999.0 -9999.0 -9999.0 -9999.0 -9999.0
-9999.0 -9999.0 -9999.0 -9999.0 -9999.0 -9999.0 -9999.0 -9999.0 -9999.0 -547.811441 -548.264643 -547.841095 -548.929494 -547.563507 -549.978927 -549.448421 -549.941323 -548.033344 -546.565209 -543.962865 -540.428733 -543.095071 -543.462397 -541.640077 -541.521955 -540.877121 -539.368036 -533.648065 -527.253880 -517.087524 -525.983723 -526.413599 -521.694303 -503.689292 -487.919468 -483.638314 -491.431945 -491.422140 -481.424000 -469.650159 -470.401816 -471.608467 -458.998511 -451.582187 -446.166012 -457.696160 -468.301867 -470.044125 -454.461957 -480.616280 -503.911363 -523.626179 -522.071839 -528.538476 -535.613833 -538.169661 -539.195831 -533.872199 -535.829871 -540.601034 -544.494907 -543.166007 -545.416005 -543.182364 -541.719583 -535.431622 -529.819922 -524.360334 -524.104782 -527.593880 -9999.0 -9999.0 -9999.0 -9999.0 -9999.0 -9999.0 -9999.0 -9999.0 -9999.0 -9999.0
-9999.0 -9999.0 -9999.0 -9999.0 -9999.0 -9999.0 -550.433353 -550.650291 -549.783965 -552.794250 -550.783008 -552.283091 -550.846627 -550.276935 -549.357262 -549.429313 -547.081537 -545.039855 -541.541959 -536.862784 -532.482090 -534.986423 -533.894561 -527.687779 -514.846740 -502.669635 -495.311189 -482.340138 -439.874209 -390.426366 -359.924289 -340.288973 -300.920991 -280.361862 -243.292388 -176.387441 -247.241671 -261.731602 -252.287737 -224.068360 -146.288210 -144.840569 -139.835796 -132.689769 -106.901077 -112.384155 -220.276595 -241.008702 -245.786765 -249.311699 -274.930540 -305.875098 -406.047285 -451.814226 -489.011625 -509.062304 -512.918801 -509.987381 -518.091069 -529.133867 -535.644879 -535.546183 -536.775902 -539.199324 -537.972545 -535.442258 -531.536220 -529.059790 -530.918695 -533.429899 -535.256100 -539.394612 -538.714243 -534.699706 -9999.0 -9999.0 -9999.0 -9999.0 -9999.0 -9999.0
-9999.0 -9999.0 -9999.0 -9999.0 -554.880125 -553.540332 -557.649877 -555.376883 -553.682124 -552.443209 -552.600990 -550.405267 -549.901010 -548.362127 -545.025976 -542.562080 -537.905656 -534.433142 -524.536602 -502.958365 -482.376762 -470.249385 -464.078458 -409.465022 -300.839889 -272.330830 -264.511297 -251.410458 -217.709883 -98.660024 -72.663162 -94.315418 -77.472734 -24.527414 7.400166 47.025169 22.100296 22.134182 -6.196339 32.128751 56.143917 56.871393 57.601672 57.802539 59.875107 61.601903 41.641601 11.263955 -34.485466 -7.762216 -54.953006 -83.960627 -186.406469 -222.511406 -238.349131 -262.163040 -297.315038 -333.030711 -432.691075 -467.704066 -496.693806 -507.459591 -517.440267 -522.320689 -528.971121 -527.627228 -525.645918 -529.032411 -533.441700 -537.612308 -538.043195 -539.859049 -541.995661 -536.738487 -534.967199 -529.393173 -9999.0 -9999.0 -9999.0 -9999.0
-9999.0 -9999.0 -554.993893 -555.032580 -551.455229 -553.798431 -555.247877 -557.253964 -556.541179 -553.152397 -546.883561 -544.420830 -540.326099 -538.120633 -528.319163 -502.917906 -473.994515 -450.228768 -375.897685 -292.458720 -260.537667 -235.046669 -156.710102 -122.963987 -100.554005 -27.784876 -38.370702 11.984818 35.745071 62.300081 87.115899 101.699092 107.320393 101.537405 101.145177 98.824904 97.577862 93.097941 76.191336 74.392681 81.610730 83.826717 86.848307 74.987127 71.245676 83.311797 85.398571 86.056130 87.680032 96.306233 106.470404 78.286063 25.657898 13.463840 -21.820270 -26.537924 -82.951325 -174.525914 -207.639369 -237.744509 -279.875399 -306.499742 -410.938398 -459.614955 -487.573529 -500.806094 -513.973684 -522.152243 -529.648383 -536.636444 -538.693532 -539.890335 -538.835780 -539.616241 -536.832173 -534.782488 -531.683471 -530.539352 -9999.0 -9999.0
-9999.0 -556.021311 -557.413651 -551.133972 -550.308538 -549.225401 -547.896207 -546.742483 -545.109794 -547.458455 -530.695770 -498.786663 -465.983610 -453.878757 -396.461322 -282.695055 -156.673033 -126.299853 -119.348841 -57.580208 -42.668730 28.194645 52.082473 84.497916 107.286633 103.657871 99.401301 98.903034 90.378017 83.321748 73.123200 80.872489 79.765159 65.039778 53.615983 52.238050 49.413780 25.657786 -31.661048 -12.584408 -6.150895 14.361399 -28.847807 -15.465996 -19.243201 -33.188021 13.957533 6.658195 -34.760228 9.631635 18.772176 57.821667 74.157571 87.860700 107.335740 85.847129 53.495207 -6.100053 3.383876 -19.646698 -116.350695 -175.909473 -226.601110 -269.476174 -303.269204 -416.006504 -468.302506 -494.415910 -513.841513 -521.143809 -525.661036 -535.248679 -537.611655 -535.408010 -536.667476 -536.808721 -535.587567 -534.645019 -9999.0 -9999.0
-9999.0 -562.379611 -556.535279 -550.027341 -541.944509 -541.237608 -513.244881 -487.464924 -479.893554 -493.059380 -429.927276 -153.406410 -124.383741 -89.550258 -36.279523 30.911425 71.185636 92.451449 106.074658 97.779290 91.206122 94.056589 88.857877 80.184213 66.601691 60.700212 59.739105 58.733064 42.314859 25.182910 9.078647 9.066294 -4.330214 -36.174333 -63.632623 -76.045369 -88.609792 -168.254109 -211.298438 -234.389343 -243.025467 -227.433535 -235.397111 -247.964795 -250.640413 -234.949535 -208.517063 -211.971987 -201.421507 -173.423341 -131.175676 -54.273439 -35.381716 -11.209097 -0.317345 58.348303 76.507037 95.492319 102.113051 77.981357 18.758277 -4.332031 -30.602009 -128.397312 -193.087204 -256.329158 -287.812015 -316.352166 -433.800400 -466.433016 -490.075777 -510.037587 -524.058875 -526.949217 -533.898835 -534.833780 -9999.0 -9999.0 -9999.0 -9999.0
-9999.0 -562.869652 -557.202474 -544.810672 -514.187928 -468.999707 -298.754693 -205.563359 -42.684218 -96.929231 17.693279 90.493949 98.623643 83.062286 57.395469 54.109058 63.619155 65.640221 60.596285 52.756500 46.733148 39.674035 36.480108 4.854423 16.760625 5.314230 -5.970572 -15.318478 -97.611930 -131.083954 -159.919110 -180.121989 -212.715444 -268.409936 -285.632350 -301.277241 -402.303070 -416.706110 -430.449745 -453.294018 -462.910316 -469.357815 -460.636630 -462.863636 -463.703484 -458.596925 -444.810240 -432.917887 -374.173950 -303.417189 -282.717919 -255.827607 -232.153244 -188.961658 -140.743037 -48.213885 -22.817696 -18.603532 46.236739 79.056869 98.975960 91.790657 63.712172 7.360221 -26.589299 -127.290592 -168.485348 -217.748996 -265.014260 -290.395376 -311.508133 -414.334042 -471.004046 -506.372545 -515.837950 -9999.0 -9999.0 -9999.0 -9999.0 -9999.0
-9999.0 -571.944941 -557.235708 -547.161711 -493.881947 -292.228550 -220.283691 31.515446 84.953334 16.079487 -93.819352 -21.513647 -29.180170 11.728509 -11.334543 -19.168266 -25.956515 -26.811061 -15.164278 -39.097178 -88.810892 -121.603996 -127.485834 -143.960593 -173.000003 -194.676720 -209.007271 -225.361939 -259.327965 -282.036745 -327.775230 -388.965115 -457.806130 -488.587579 -504.402200 -518.443197 -531.070405 -530.678180 -526.538203 -529.954822 -533.678334 -537.659281 -532.833605 -530.609432 -528.478378 -531.163860 -530.501141 -524.018962 -513.218832 -500.989002 -481.508701 -454.034103 -413.410010 -306.687611 -288.120827 -261.269077 -231.826137 -183.749392 -106.909585 -2.461743 2.538924 53.670357 89.762342 107.688757 69.984132 34.106409 -15.094723 -45.403045 -158.873780 -211.735522 -234.960282 -262.876683 -292.045213 -9999.0 -9999.0 -9999.0 -9999.0 -9999.0 -9999.0 -9999.0
-9999.0 -576.749241 -560.872059 -558.930421 -540.726368 -500.090191 -427.215401 -287.091233 -153.884363 -259.482678 -267.796592 -254.250168 -237.283845 -222.503898 -238.588829 -257.690557 -269.984872 -266.919773 -265.081742 -276.407041 -288.742830 -295.210962 -296.822148 -311.982634 -376.447896 -406.210066 -419.919019 -440.577058 -463.419509 -487.070092 -516.293927 -529.580539 -538.697416 -541.689975 -543.940547 -546.347243 -551.099748 -548.362160 -546.316410 -546.801793 -548.294761 -549.446457 -545.838688 -544.605537 -543.479742 -546.788263 -544.501539 -542.527587 -537.993005 -533.319613 -526.558544 -516.427740 -503.087115 -493.089376 -484.589867 -469.106106 -442.450703 -343.088957 -277.097121 -208.277102 -137.119044 -52.595408 -5.959922 19.115497 47.086235 57.894492 65.202002 45.112813 -2.907982 -130.911496 -175.343143 -9999.0 -9999.0 -9999.0 -9999.0 -9999.0 -9999.0 -9999.0 -9999.0 -9999.0
-9999.0 -9999.0 -580.334012 -573.852101 -568.412333 -562.694138 -554.419746 -543.168771 -534.572267 -522.498626 -505.168572 -485.162673 -471.584321 -464.992330 -473.846622 -490.798165 -500.163668 -499.424820 -501.932240 -506.865785 -515.612938 -519.021324 -521.234350 -522.944717 -526.348570 -527.724968 -528.284792 -529.512091 -532.263840 -538.544795 -543.893997 -547.540718 -551.634573 -551.360055 -551.966642 -553.380147 -552.071015 -552.398525 -552.011884 -552.222354 -551.854404 -551.166503 -550.384138 -549.265869 -549.235995 -548.905439 -548.534583 -547.345414 -545.520872 -543.083379 -538.259551 -531.102732 -525.576172 -524.261377 -527.234001 -526.369758 -522.398800 -512.635332 -478.375468 -407.217069 -293.840084 -251.203212 -187.194435 -132.467478 -77.429667 -55.871875 -0.481730 40.849116 26.072756 -33.029539 -9999.0 -9999.0 -9999.0 -9999.0 -9999.0 -9999.0 -9999.0 -9999.0 -9999.0 -9999.0
-9999.0 -9999.0 -9999.0 -9999.0 -583.403210 -574.054117 -565.574415 -566.476095 -560.347935 -556.636010 -553.214756 -549.090809 -545.640333 -543.406259 -546.127576 -546.599212 -547.099897 -546.690927 -547.287038 -547.957772 -548.237064 -548.676159 -549.139306 -549.773874 -549.470922 -548.810065 -548.621698 -549.705542 -549.674521 -551.664082 -551.802013 -552.941112 -554.052105 -555.406522 -555.070285 -555.181657 -554.542043 -555.223142 -554.206582 -554.818978 -554.054471 -553.733407 -552.832449 -551.331213 -551.935411 -551.070961 -551.059492 -549.954237 -549.580587 -546.594950 -541.680204 -535.926816 -531.979894 -532.175718 -537.249028 -539.336765 -540.602911 -537.449494 -532.000490 -519.880264 -486.305982 -447.901400 -340.634429 -289.087053 -269.492867 -238.639153 -172.596890 -71.769632 -9999.0 -9999.0 -9999.0 -9999.0 -9999.0 -9999.0 -9999.0 -9999.0 -9999.0 -9999.0 -9999.0 -9999.0
-9999.0 -9999.0 -9999.0 -9999.0 -9999.0 -9999.0 -579.166253 -574.437686 -575.951158 -572.320831 -569.100256 -566.646088 -562.939285 -563.393183 -562.247154 -559.295726 -559.673288 -561.054511 -562.814670 -560.214897 -559.049249 -558.784166 -561.615070 -560.791955 -560.476494 -559.397832 -559.508959 -559.010141 -561.391120 -558.458274 -557.029385 -557.514499 -557.975524 -557.391640 -557.984373 -556.184744 -555.969916 -557.403973 -557.848445 -555.797403 -555.232240 -555.556537 -555.202287 -553.849984 -551.850949 -551.568202 -552.502720 -553.825967 -551.845440 -547.204624 -541.966423 -537.295444 -534.211301 -533.157065 -537.381674 -543.089809 -545.949672 -546.394905 -544.124136 -539.710703 -528.764624 -520.981676 -514.500581 -504.908078 -494.363390 -442.769470 -9999.0 -9999.0 -9999.0 -9999.0 -9999.0 -9999.0 -9999.0 -9999.0 -9999.0 -9999.0 -9999.0 -9999.0 -9999.0 -9999.0
-9999.0 -9999.0 -9999.0 -9999.0 -9999.0 -9999.0 -9999.0 -9999.0 -9999.0 -9999.0 -9999.0 -9999.0 -9999.0 -9999.0 -9999.0 -9999.0 -9999.0 -9999.0 -9999.0 -9999.0 -9999.0 -9999.0 -9999.0 -9999.0 -9999.0 -9999.0 -9999.0 -9999.0 -9999.0 -9999.0 -9999.0 -9999.0 -9999.0 -9999.0 -9999.0 -9999.0 -9999.0 -9999.0 -9999.0 -9999.0 -9999.0 -9999.0 -9999.0 -9999.0 -9999.0 -9999.0 -9999.0 -9999.0 -9999.0 -9999.0 -9999.0 -9999.0 -9999.0 -9999.0 -9999.0 -9999.0 -9999.0 -9999.0 -9999.0 -9999.0 -9999.0 -9999.0 -9999.0 -9999.0 -9999.0 -9999.0 -9999.0 -9999.0 -9999.0 -9999.0 -9999.0 -9999.0 -9999.0 -9999.0 -9999.0 -9999.0 -9999.0 -9999.0 -9999.0 -9999.0
-9999.0 -9999.0 -9999.0 -9999.0 -9999.0 -9999.0 -9999.0 -9999.0 -9999.0 -9999.0 -9999.0 -9999.0 -9999.0 -9999.0 -9999.0 -9999.0 -9999.0 -9999.0 -9999.0 -9999.0 -9999.0 -9999.0 -9999.0 -9999.0 -9999.0 -9999.0 -9999.0 -9999.0 -9999.0 -9999.0 -9999.0 -9999.0 -9999.0 -9999.0 -9999.0 -9999.0 -9999.0 -9999.0 -9999.0 -9999.0 -9999.0 -9999.0 -9999.0 -9999.0 -9999.0 -9999.0 -9999.0 -9999.0 -9999.0 -9999.0 -9999.0 -9999.0 -9999.0 -9999.0 -9999.0 -9999.0 -9999.0 -9999.0 -9999.0 -9999.0 -9999.0 -9999.0 -9999.0 -9999.0 -9999.0 -9999.0 -9999.0 -9999.0 -9999.0 -9999.0 -9999.0 -9999.0 -9999.0 -9999.0 -9999.0 -9999.0 -9999.0 -9999.0 -9999.0 -9999.0