Borden_/Borden1m_014/output_maps/psiliqL0000N0027.asc
ncols         80
nrows         18
xllcorner     620200.000000
yllcorner     5168000.000000
cellsize      1.000000
NODATA_value  -9999.0
-9999.0 -9999.0 -9999.0 -9999.0 -9999.0 -9999.0 -9999.0 -9999.0 -9999.0 -9999.0 -9999.0 -9999.0 -9999.0 -9999.0 -9999.0 -9999.0 -9999.0 -9999.0 -9999.0 -9999.0 -9999.0 -9999.0 -9999.0 -9999.0 -9999.0 -9999.0 -9999.0 -9999.0 -9999.0 -9999.0 -9999.0 -9999.0 -9999.0 -9999.0 -9999.0 -9999.0 -9999.0 -9999.0 -9999.0 -9999.0 -9999.0 -9999.0 -9999.0 -9999.0 -9999.0 -9999.0 -9999.0 -9999.0 -9999.0 -9999.0 -9999.0 -9999.0 -9999.0 -9999.0 -9999.0 -9999.0 -9999.0 -9999.0 -9999.0 -9999.0 -9999.0 -9999.0 -9999.0 -9999.0 -9999.0 -9999.0 -9999.0 -9999.0 -9999.0 -9999.0 -9999.0 -9999.0 -9999.0 -9999.0 -9999.0 -9999.0 -9999.0 -9999.0 -9999.0 -9999.0
-9999.0 -9999.0 -9999.0 -9999.0 -9999.0 -9999.0 -9999.0 -9999.0 -9999.0 -9999.0 -9999.0 -9999.0 -9999.0 -9999.0 -9999.0 -9999.0 -9999.0 -9999.0 -9999.0 -9999.0 -9999.0 -9999.0 -9999.0 -9999.0 -9999.0 -9999.0 -9999.0 -9999.0 -9999.0 -9999.0 -9999.0 -9999.0 -9999.0 -9999.0 -9999.0 -9999.0 -9999.0 -9999.0 -9999.0 -9999.0 -9999.0 -9999.0 -9999.0 -9999.0 -9999.0 -9999.0 -9999.0 -9999.0 -9999.0 -9999.0 -9999.0 -9999.0 -9999.0 -9999.0 -9999.0 -9999.0 -9999.0 -9999.0 -9999.0 -9999.0 -9999.0 -9999.0 -9999.0 -9999.0 -9999.0 -9999.0 -9999.0 -9999.0 -9999.0 -9999.0 -9999.0 -9999.0 -9999.0 -9999.0 -9999.0 -9999.0 -9999.0 -9999.0 -9999.0 -9999.0
-9999.0 -9999.0 -9999.0 -9999.0 -9999.0 -9999.0 -9999.0 -9999.0 -9999.0 -9999.0 -9999.0 -9999.0 -9999.0 -9999.0 -9999.0 -9999.0 -9999.0 -9999.0 -9999.0 -9999.0 -591.180895 -590.279528 -592.181361 -594.313293 -596.109206 -596.343703 -594.330172 -592.013612 -589.328556 -588.774433 -590.972401 -590.443187 -591.320651 -591.788186 -591.818378 -591.223134 -590.953241 -590.075574 -589.517064 -589.768425 -590.428892 -590.902858 -591.373059 -591.225485 -590.474816 -591.462129 -589.974596 -588.500031 -587.966982 -587.980106 -589.992271 -590.826734 -591.117541 -592.815776 -589.737059 -588.829499 -586.530737 -586.310396 -585.867540 -588.455074 -590.972385 -9999.0 -9999.0 -9999.0 -9999.0 -9999.0 -9999.0 -9999.0 -9999.0 -9999.0 -9999.0 -9999.0 -9999.0 -9999.0 -9999.0 -9999.0 -9999.0 -9999.0 -9999.0 -9999.0
-9999.0 -9999.0 -9999.0 -9999.0 -9999.0 -9999.0 -9999.0 -9999.0 -9999.0 -9999.0 -9999.0 -9999.0 -9999.0 -9999.0 -594.572764 -595.607221 -596.088663 -596.402827 -594.600220 -593.201918 -593.168628 -594.242920 -593.356555 -595.408113 -597.205111 -596.102722 -594.566690 -593.314712 -591.192574 -589.520102 -591.076318 -591.457921 -590.609916 -587.584159 -586.213253 -586.840779 -590.370601 -587.093389 -585.394532 -584.264352 -584.403186 -586.011992 -583.726373 -581.066691 -582.424567 -585.225305 -584.691818 -583.159755 -580.536133 -581.926840 -590.575936 -591.478296 -591.024050 -590.846704 -591.982400 -592.826422 -589.731071 -590.170676 -590.679139 -591.209461 -592.976932 -595.846054 -597.120467 -594.136408 -591.458001 -585.833391 -9999.0 -9999.0 -9999.0 -9999.0 -9999.0 -9999.0 -9999.0 -9999.0 -9999.0 -9999.0 -9999.0 -9999.0 -9999.0 -9999.0
-9999.0 -9999.0 -9999.0 -9999.0 -9999.0 -9999.0 -9999.0 -9999.0 -9999.0 -596.179269 -596.491389 -596.218328 -596.914385 -596.034129 -597.544343 -597.205709 -597.466844 -596.256297 -595.277374 -593.550884 -591.193717 -592.956864 -593.180028 -591.884872 -591.651555 -591.151584 -590.122427 -586.178501 -581.527039 -574.050883 -580.372422 -580.628577 -577.192234 -563.882059 -551.086740 -546.850523 -553.859399 -554.002675 -545.492171 -534.607818 -534.380857 -535.372308 -522.955968 -514.869435 -508.706218 -521.336277 -533.115246 -534.971416 -519.877331 -544.825052 -563.962707 -578.554262 -577.717690 -582.508644 -587.626333 -589.515213 -590.236691 -586.614990 -587.999871 -591.265023 -593.884826 -593.007751 -594.472382 -593.064668 -592.083668 -587.835538 -583.953095 -580.094491 -579.894913 -582.369036 -9999.0 -9999.0 -9999.0 -9999.0 -9999.0 -9999.0 -9999.0 -9999.0 -9999.0 -9999.0
-9999.0 -9999.0 -9999.0 -9999.0 -9999.0 -9999.0 -597.877316 -598.028953 -597.487837 -599.330996 -598.087615 -598.997060 -598.067340 -597.673541 -597.096710 -597.083010 -595.499621 -594.131820 -591.749039 -588.510223 -585.434871 -587.044718 -586.233288 -581.671994 -572.224727 -563.008025 -557.143510 -546.128801 -502.405803 -447.575363 -421.284696 -407.572740 -390.188853 -363.943479 -312.270933 -243.502820 -316.073744 -336.017161 -321.541848 -280.744694 -190.612897 -189.730583 -184.918998 -178.055514 -152.095355 -156.306819 -274.851877 -304.764043 -313.574295 -321.379452 -357.523625 -395.973719 -463.939269 -516.129244 -551.729675 -567.913992 -570.895949 -568.634715 -574.952759 -582.986652 -587.644874 -587.659330 -588.547892 -590.256709 -589.512388 -587.817309 -585.117532 -583.412033 -584.714594 -586.461471 -587.758746 -590.557375 -590.114648 -587.391039 -9999.0 -9999.0 -9999.0 -9999.0 -9999.0 -9999.0
-9999.0 -9999.0 -9999.0 -9999.0 -600.661672 -599.833940 -602.333117 -600.957936 -599.897350 -599.116279 -599.142565 -597.680656 -597.302005 -596.273776 -594.002371 -592.170754 -588.901687 -586.434052 -579.291763 -563.268132 -546.458170 -535.231480 -527.834769 -466.008368 -388.477848 -353.954144 -342.117822 -320.788096 -273.686817 -144.753326 -151.791275 -113.593067 -96.050673 -71.653154 -32.285376 0.728110 -17.655613 -24.315315 -22.555643 -15.247350 7.665192 7.905467 8.959477 8.766269 10.789852 12.857356 -6.134445 -35.395581 -47.141809 -95.427389 -70.704956 -130.381185 -241.293086 -280.964312 -305.167651 -339.807064 -386.657500 -412.188715 -493.249405 -532.770438 -558.324161 -566.726860 -574.363193 -578.125228 -583.012288 -582.207197 -580.918392 -583.358428 -586.434458 -589.314677 -589.646510 -590.881184 -592.271994 -588.773655 -587.547551 -583.677662 -9999.0 -9999.0 -9999.0 -9999.0
-9999.0 -9999.0 -600.743137 -600.692452 -598.463145 -599.884656 -600.676183 -601.886905 -601.433469 -599.294528 -595.100756 -593.280039 -590.355293 -588.841839 -581.898440 -562.991540 -537.815682 -512.748800 -437.482778 -377.162544 -334.617775 -296.057986 -203.501601 -166.398825 -123.256895 -73.988157 -55.544416 -33.744757 -12.506535 13.356261 37.848470 51.849869 57.741545 51.796541 51.017600 48.977403 47.608280 43.585259 27.567667 25.249388 32.137268 34.193975 37.435712 25.737707 21.864085 34.119133 36.348231 37.062658 39.108692 47.694624 57.233258 30.163394 -22.466539 -32.761868 -34.830447 -72.400341 -131.752619 -233.972529 -265.764231 -304.935949 -365.992539 -399.408191 -469.972257 -524.657886 -550.717558 -561.748873 -572.107781 -578.256937 -583.688290 -588.556410 -590.004231 -590.863265 -590.184027 -590.683074 -588.823719 -587.413073 -585.289111 -584.488498 -9999.0 -9999.0
-9999.0 -601.274617 -602.082452 -598.080331 -597.493647 -596.685671 -595.442187 -594.382094 -593.325327 -595.040395 -583.485473 -558.803320 -529.926898 -516.636254 -453.418312 -357.630578 -199.615218 -167.237582 -144.005079 -102.599091 -57.921006 -18.999558 3.837602 36.584162 57.038432 53.293898 49.765476 49.175162 40.485512 32.989828 24.107370 31.420517 29.494171 16.499781 3.966620 3.402060 0.895872 -22.400565 -47.243308 -58.734852 -53.476887 -32.508692 -42.899688 -62.574220 -66.539935 -46.879793 -32.296158 -40.214128 -52.487706 -70.815594 -6.997135 8.886514 24.963308 39.308312 57.952106 37.183391 4.792619 -30.419942 -43.524744 -66.427661 -179.172536 -241.695387 -294.388870 -351.679253 -395.258418 -475.906052 -533.293494 -556.267379 -571.812777 -577.339801 -580.703536 -587.490840 -589.228692 -587.801911 -588.699734 -588.801696 -587.965893 -587.317574 -9999.0 -9999.0
-9999.0 -604.853768 -601.212380 -596.978521 -591.621205 -590.810452 -570.632160 -550.059252 -542.150518 -553.324183 -488.030811 -193.335648 -133.694974 -133.491968 -82.968937 -16.553229 23.849816 44.621025 56.598409 48.955303 42.183228 44.349405 39.468449 31.130626 18.292089 10.424647 10.927254 8.589417 -7.407597 -23.430888 -38.858649 -38.685699 -51.509678 -84.341394 -114.595394 -127.128257 -149.401081 -220.706199 -264.321042 -293.644674 -306.442840 -287.144437 -297.556550 -315.116018 -318.530935 -295.722236 -262.080795 -267.712260 -261.679402 -237.491838 -192.832389 -102.456833 -83.272121 -58.671582 -26.587570 9.297487 27.767329 46.712655 52.351531 29.184347 -7.775689 -51.358686 -78.134414 -191.297595 -263.477035 -337.093038 -379.116660 -410.809965 -496.070229 -532.116478 -552.978494 -568.819800 -579.419142 -581.760018 -586.671562 -587.448427 -9999.0 -9999.0 -9999.0 -9999.0
-9999.0 -604.728550 -601.092367 -592.837837 -571.849488 -534.664737 -389.715907 -270.940078 -90.797290 -150.422828 -23.476843 44.862253 51.559434 35.713586 8.938840 5.179230 14.294397 16.380007 12.897515 3.528990 -6.615132 -8.587199 -11.086133 -18.665471 -30.451161 -43.075645 -54.174696 -63.166079 -156.207961 -192.795622 -220.320168 -237.014428 -270.740718 -346.388973 -371.955502 -389.513794 -457.130733 -475.015729 -491.859945 -517.971390 -528.142516 -534.170202 -525.939765 -528.179719 -528.982867 -523.615606 -508.352436 -493.562449 -437.910086 -395.938866 -370.378492 -330.558332 -299.251778 -255.018919 -203.327612 -95.997698 -69.617503 -44.302430 -5.245236 29.714281 49.189901 42.560284 14.151684 -18.346104 -73.787620 -193.824857 -243.434263 -304.812204 -354.584378 -386.711888 -410.034156 -476.819351 -536.360335 -566.340791 -573.623241 -9999.0 -9999.0 -9999.0 -9999.0 -9999.0
-9999.0 -609.339366 -600.424916 -593.586834 -554.560798 -377.332031 -293.929805 -17.590724 31.933558 -35.291169 -155.190800 -66.623450 -34.266610 -34.531555 -59.120253 -68.314568 -73.909063 -74.861023 -63.221134 -90.686042 -172.663351 -191.177582 -193.267040 -206.392063 -230.016144 -249.809753 -264.873000 -286.082365 -335.116449 -367.527456 -411.413410 -449.685338 -522.314344 -551.500689 -564.236584 -574.600908 -583.707207 -583.541295 -580.770944 -583.279886 -585.886985 -588.614530 -585.369682 -583.891038 -582.436450 -584.222567 -583.713614 -579.111020 -571.059635 -561.618136 -545.603665 -518.552502 -471.607863 -399.605316 -377.528486 -337.976406 -296.602573 -248.160242 -174.573624 -49.782015 -24.045099 4.861662 40.784282 58.224505 21.627686 -13.124687 -65.650212 -182.420199 -271.257307 -309.378864 -329.360293 -354.476651 -388.835277 -9999.0 -9999.0 -9999.0 -9999.0 -9999.0 -9999.0 -9999.0
-9999.0 -612.395285 -602.527531 -600.565246 -588.226758 -558.859943 -489.969398 -372.825821 -201.358768 -333.958729 -347.908873 -328.242284 -303.465202 -283.558870 -305.173362 -332.939818 -350.690444 -347.254269 -345.504788 -361.983982 -381.111771 -389.044310 -389.773010 -398.449991 -437.563754 -464.380069 -479.738675 -503.852493 -528.915115 -550.370229 -573.042079 -582.648484 -589.066890 -591.287902 -592.878549 -594.536630 -597.730199 -596.021292 -594.679472 -595.051891 -596.086987 -596.880893 -594.554183 -593.764512 -593.023317 -595.198491 -593.714098 -592.363631 -589.273938 -586.047667 -581.265745 -573.835825 -563.542918 -555.181544 -548.245888 -534.134448 -504.443938 -420.080280 -359.566449 -271.847669 -197.939023 -101.322817 -53.205283 -21.086248 -2.609224 6.527578 15.862588 -5.931991 -243.066439 -270.365592 -277.264018 -9999.0 -9999.0 -9999.0 -9999.0 -9999.0 -9999.0 -9999.0 -9999.0 -9999.0
-9999.0 -9999.0 -614.124782 -609.884157 -605.882738 -602.081804 -596.790236 -589.602555 -584.137693 -576.522854 -564.132510 -548.284390 -536.348726 -530.120997 -538.425685 -553.127383 -560.766658 -560.207955 -562.135894 -565.999611 -572.540445 -574.943998 -576.473145 -577.694443 -580.292590 -581.383024 -581.832830 -582.759215 -584.778028 -589.143270 -592.909994 -595.395351 -598.117936 -598.004831 -598.447352 -599.414763 -598.699995 -598.870676 -598.612430 -598.768560 -598.593358 -598.190973 -597.672696 -596.974571 -596.955046 -596.783235 -596.521723 -595.726733 -594.496667 -592.876036 -589.637925 -584.721058 -580.792749 -579.792285 -581.814869 -581.084850 -578.058287 -570.503050 -542.526290 -467.113695 -380.347486 -324.001167 -254.014856 -205.989630 -183.375379 -107.835436 -50.081555 -187.463054 -309.322978 -298.310255 -9999.0 -9999.0 -9999.0 -9999.0 -9999.0 -9999.0 -9999.0 -9999.0 -9999.0 -9999.0
-9999.0 -9999.0 -9999.0 -9999.0 -615.401151 -609.833342 -604.815019 -605.271387 -601.714302 -599.674885 -597.685465 -595.193195 -593.155972 -591.730135 -593.665692 -594.259198 -594.681902 -594.353818 -594.714128 -595.272875 -595.584538 -595.888090 -596.122822 -596.549421 -596.423701 -596.067256 -595.963532 -596.671718 -596.650893 -598.090152 -598.341108 -599.140902 -599.921007 -600.805157 -600.632289 -600.765796 -600.382242 -600.784344 -600.147204 -600.561271 -600.101592 -599.895662 -599.321170 -598.390708 -598.788811 -598.247344 -598.220253 -597.484637 -597.214512 -595.267619 -592.029096 -588.164500 -585.456881 -585.567782 -589.027285 -590.397935 -591.154194 -588.931193 -584.980778 -576.038679 -549.664319 -510.786603 -417.786559 -378.561089 -354.631788 -312.595021 -265.152956 -251.654309 -9999.0 -9999.0 -9999.0 -9999.0 -9999.0 -9999.0 -9999.0 -9999.0 -9999.0 -9999.0 -9999.0 -9999.0
-9999.0 -9999.0 -9999.0 -9999.0 -9999.0 -9999.0 -613.276504 -610.635241 -611.248909 -609.482820 -607.963831 -606.690297 -604.571802 -604.986638 -604.499195 -602.800247 -603.097768 -603.901372 -604.906611 -603.392356 -602.803530 -602.625130 -604.295203 -603.838015 -603.701640 -603.037612 -603.105624 -602.822931 -604.302966 -602.646746 -601.871989 -602.206257 -602.528686 -602.221385 -602.606417 -601.518593 -601.390707 -602.257308 -602.491022 -601.258928 -600.927621 -601.117270 -600.873161 -600.027326 -598.777754 -598.611622 -599.191275 -599.989795 -598.672005 -595.673785 -592.246885 -589.129999 -587.030938 -586.298783 -589.181972 -592.969509 -594.815377 -595.036075 -593.452712 -590.367775 -582.665923 -576.880828 -571.642295 -564.294103 -555.576285 -504.156021 -9999.0 -9999.0 -9999.0 -9999.0 -9999.0 -9999.0 -9999.0 -9999.0 -9999.0 -9999.0 -9999.0 -9999.0 -9999.0 -9999.0
-9999.0 -9999.0 -9999.0 -9999.0 -9999.0 -9999.0 -9999.0 -9999.0 -9999.0 -9999.0 -9999.0 -9999.0 -9999.0 -9999.0 -9999.0 -9999.0 -9999.0 -9999.0 -9999.0 -9999.0 -9999.0 -9999.0 -9999.0 -9999.0 -9999.0 -9999.0 -9999.0 -9999.0 -9999.0 -9999.0 -9999.0 -9999.0 -9999.0 -9999.0 -9999.0 -9999.0 -9999.0 -9999.0 -9999.0 -9999.0 -9999.0 -9999.0 -9999.0 -9999.0 -9999.0 -9999.0 -9999.0 -9999.0 -9999.0 -9999.0 -9999.0 -9999.0 -9999.0 -9999.0 -9999.0 -9999.0 -9999.0 -9999.0 -9999.0 -9999.0 -9999.0 -9999.0 -9999.0 -9999.0 -9999.0 -9999.0 -9999.0 -9999.0 -9999.0 -9999.0 -9999.0 -9999.0 -9999.0 -9999.0 -9999.0 -9999.0 -9999.0 -9999.0 -9999.0 -9999.0
-9999.0 -9999.0 -9999.0 -9999.0 -9999.0 -9999.0 -9999.0 -9999.0 -9999.0 -9999.0 -9999.0 -9999.0 -9999.0 -9999.0 -9999.0 -9999.0 -9999.0 -9999.0 -9999.0 -9999.0 -9999.0 -9999.0 -9999.0 -9999.0 -9999.0 -9999.0 -9999.0 -9999.0 -9999.0 -9999.0 -9999.0 -9999.0 -9999.0 -9999.0 -9999.0 -9999.0 -9999.0 -9999.0 -9999.0 -9999.0 -9999.0 -9999.0 -9999.0 -9999.0 -9999.0 -9999.0 -9999.0 -9999.0 -9999.0 -9999.0 -9999.0 -9999.0 -9999.0 -9999.0 -9999.0 -9999.0 -9999.0 -9999.0 -9999.0 -9999.0 -9999.0 -9999.0 -9999.0 -9999.0 -9999.0 -9999.0 -9999.0 -9999.0 -9999.0 -9999.0 -9999.0 -9999.0 -9999.0 -9999.0 -9999.0 -9999.0 -9999.0 -9999.0 -9999.0 -9999.0