Borden_/Borden1m_014/output_maps/psiliqL0010N0007.asc
ncols         80
nrows         18
xllcorner     620200.000000
yllcorner     5168000.000000
cellsize      1.000000
NODATA_value  -9999.0
-9999.0 -9999.0 -9999.0 -9999.0 -9999.0 -9999.0 -9999.0 -9999.0 -9999.0 -9999.0 -9999.0 -9999.0 -9999.0 -9999.0 -9999.0 -9999.0 -9999.0 -9999.0 -9999.0 -9999.0 -9999.0 -9999.0 -9999.0 -9999.0 -9999.0 -9999.0 -9999.0 -9999.0 -9999.0 -9999.0 -9999.0 -9999.0 -9999.0 -9999.0 -9999.0 -9999.0 -9999.0 -9999.0 -9999.0 -9999.0 -9999.0 -9999.0 -9999.0 -9999.0 -9999.0 -9999.0 -9999.0 -9999.0 -9999.0 -9999.0 -9999.0 -9999.0 -9999.0 -9999.0 -9999.0 -9999.0 -9999.0 -9999.0 -9999.0 -9999.0 -9999.0 -9999.0 -9999.0 -9999.0 -9999.0 -9999.0 -9999.0 -9999.0 -9999.0 -9999.0 -9999.0 -9999.0 -9999.0 -9999.0 -9999.0 -9999.0 -9999.0 -9999.0 -9999.0 -9999.0
-9999.0 -9999.0 -9999.0 -9999.0 -9999.0 -9999.0 -9999.0 -9999.0 -9999.0 -9999.0 -9999.0 -9999.0 -9999.0 -9999.0 -9999.0 -9999.0 -9999.0 -9999.0 -9999.0 -9999.0 -9999.0 -9999.0 -9999.0 -9999.0 -9999.0 -9999.0 -9999.0 -9999.0 -9999.0 -9999.0 -9999.0 -9999.0 -9999.0 -9999.0 -9999.0 -9999.0 -9999.0 -9999.0 -9999.0 -9999.0 -9999.0 -9999.0 -9999.0 -9999.0 -9999.0 -9999.0 -9999.0 -9999.0 -9999.0 -9999.0 -9999.0 -9999.0 -9999.0 -9999.0 -9999.0 -9999.0 -9999.0 -9999.0 -9999.0 -9999.0 -9999.0 -9999.0 -9999.0 -9999.0 -9999.0 -9999.0 -9999.0 -9999.0 -9999.0 -9999.0 -9999.0 -9999.0 -9999.0 -9999.0 -9999.0 -9999.0 -9999.0 -9999.0 -9999.0 -9999.0
-9999.0 -9999.0 -9999.0 -9999.0 -9999.0 -9999.0 -9999.0 -9999.0 -9999.0 -9999.0 -9999.0 -9999.0 -9999.0 -9999.0 -9999.0 -9999.0 -9999.0 -9999.0 -9999.0 -9999.0 131.565193 134.424336 111.848220 77.865090 49.578079 51.596816 86.564077 127.951144 166.193906 176.584032 158.653041 160.526330 155.827867 155.748699 159.224399 166.048973 169.644521 181.499142 190.683503 191.106607 185.495131 180.313578 179.763603 183.203393 188.331634 178.738181 192.315253 207.289486 212.600701 206.495105 178.208370 161.730145 152.907777 137.838922 162.161938 174.232917 196.911278 200.979780 199.440274 172.270340 142.051185 -9999.0 -9999.0 -9999.0 -9999.0 -9999.0 -9999.0 -9999.0 -9999.0 -9999.0 -9999.0 -9999.0 -9999.0 -9999.0 -9999.0 -9999.0 -9999.0 -9999.0 -9999.0 -9999.0
-9999.0 -9999.0 -9999.0 -9999.0 -9999.0 -9999.0 -9999.0 -9999.0 -9999.0 -9999.0 -9999.0 -9999.0 -9999.0 -9999.0 41.217068 31.188659 28.162033 36.547489 70.183975 100.250761 112.822942 105.329197 105.303747 81.650253 61.275281 75.445293 105.256223 137.232211 171.830501 192.251463 180.030429 177.614429 188.360096 216.383027 232.675849 231.379511 210.995427 234.020942 251.711284 262.271419 262.232767 254.100298 268.203633 284.259753 277.474818 260.229299 264.479180 275.955401 288.464193 271.791155 204.511693 182.407489 178.304171 171.435094 157.564125 150.520811 175.073483 175.504073 167.119029 149.012170 116.388866 72.052142 53.944591 92.504812 136.846355 194.640774 -9999.0 -9999.0 -9999.0 -9999.0 -9999.0 -9999.0 -9999.0 -9999.0 -9999.0 -9999.0 -9999.0 -9999.0 -9999.0 -9999.0
-9999.0 -9999.0 -9999.0 -9999.0 -9999.0 -9999.0 -9999.0 -9999.0 -9999.0 -15.475117 -11.641807 -4.607014 -2.808364 12.650064 10.636517 17.503701 25.019016 51.245493 82.251745 117.473167 146.608285 137.241807 137.757084 149.253933 155.127486 168.343482 190.739656 233.153215 275.340237 316.583656 287.970004 286.089313 307.034942 361.404027 410.212707 424.370893 404.968714 406.686176 439.130669 467.249957 467.987952 466.416951 490.357400 503.239200 506.861396 488.804494 475.104135 474.287274 496.755942 438.668204 359.913304 300.762783 301.257237 269.923320 228.782251 204.737131 200.040396 220.745974 205.256396 167.503602 130.453127 120.047890 102.971904 119.473149 142.049464 188.892867 227.478946 256.165814 256.367378 239.133493 -9999.0 -9999.0 -9999.0 -9999.0 -9999.0 -9999.0 -9999.0 -9999.0 -9999.0 -9999.0
-9999.0 -9999.0 -9999.0 -9999.0 -9999.0 -9999.0 -94.093034 -85.184959 -65.407842 -60.181673 -35.666705 -28.353500 -8.048632 11.023717 31.661227 48.383249 79.061261 111.803804 153.414225 197.916834 231.684964 229.179817 240.313442 273.387612 316.296754 350.698417 381.096878 430.973395 510.648116 551.574226 560.847443 566.001360 579.864621 648.006197 772.293475 807.444791 782.244395 737.995624 788.955613 833.674670 841.234089 841.674433 848.172641 854.450551 877.022500 872.107204 842.212481 831.262169 823.368047 789.052697 671.747445 585.477850 544.769399 496.548250 412.116058 342.929011 336.997634 350.861112 319.526049 264.373140 219.903581 207.573496 191.830339 177.284566 182.646270 201.923435 225.039847 236.576139 224.242430 203.735205 180.897952 152.245571 154.056377 179.477863 -9999.0 -9999.0 -9999.0 -9999.0 -9999.0 -9999.0
-9999.0 -9999.0 -9999.0 -9999.0 -143.715471 -131.420880 -143.453146 -119.697657 -87.709998 -54.360297 -22.248672 14.831407 41.764842 71.429944 112.812321 150.501131 195.157845 231.252430 287.243650 359.317077 418.941409 455.465983 474.328982 533.201066 597.278284 661.670055 703.988786 779.396110 829.444351 878.891828 898.053931 901.553755 916.881900 951.089231 1006.031445 1040.704854 1025.776576 1014.666492 1028.881945 1042.436929 1063.825639 1064.209702 1065.255303 1066.080514 1068.627714 1070.293563 1054.672498 1029.358564 1017.158106 1001.553136 961.987286 898.351236 866.137988 843.122362 805.450667 708.232999 608.505121 581.935353 524.734826 464.735784 387.607118 356.615890 321.538434 292.708453 261.059179 261.326720 264.222973 244.537878 213.829072 182.058615 167.224331 148.652773 138.396120 168.452312 186.257262 217.179937 -9999.0 -9999.0 -9999.0 -9999.0
-9999.0 -9999.0 -201.594138 -152.308477 -96.549146 -88.330678 -87.003312 -82.009541 -54.761246 -3.690124 74.285349 127.768788 172.726979 204.529452 264.881213 351.639462 435.494845 487.726621 547.812307 625.497539 717.503560 796.575981 824.303802 855.142428 897.378918 948.785056 976.380026 1011.345118 1038.784206 1061.776277 1074.541648 1086.856026 1092.563636 1092.608796 1098.120059 1100.240720 1099.303425 1097.331327 1085.720442 1086.506602 1094.220943 1097.810836 1100.909497 1089.165645 1085.436707 1097.669705 1101.156350 1102.404987 1102.690749 1106.316382 1107.236260 1073.666922 1037.709023 1028.122810 1018.199016 968.078107 908.014776 873.207365 856.174158 805.104164 675.377336 599.409287 537.803714 475.186265 415.970599 380.439253 332.946741 291.919731 246.820761 201.576830 178.201578 159.944592 157.806406 158.487370 174.845494 190.656842 206.276091 214.200819 -9999.0 -9999.0
-9999.0 -301.421347 -229.064060 -102.289697 -23.626013 20.692273 58.413516 86.546949 112.819674 132.244208 242.024034 352.172923 444.684089 477.053245 528.937196 641.403356 781.277453 836.684656 869.278117 915.793254 972.462269 1023.107727 1048.779725 1066.180979 1092.909551 1097.224709 1099.028392 1103.475804 1098.570034 1089.747761 1079.266767 1084.840552 1081.325365 1063.872812 1051.395368 1051.509517 1051.168678 1036.585646 1019.390246 1012.302999 1017.239328 1037.001620 1028.328244 1012.176621 1008.910605 1024.767700 1038.054808 1029.836835 1018.090229 1029.335652 1053.684800 1069.124276 1083.753058 1099.289826 1116.708971 1089.901895 1063.022471 1032.714604 1020.105893 993.933561 934.124349 875.938988 813.785384 704.758464 612.636544 528.204806 460.301799 400.643135 335.584650 294.423492 262.331008 210.327851 187.674179 189.675503 181.003163 178.747384 185.497913 192.031242 -9999.0 -9999.0
-9999.0 -375.446392 -232.554312 -47.587998 98.979647 160.307066 276.754933 367.875497 397.101413 375.358347 490.519461 759.378317 856.579104 867.328030 922.935029 994.233740 1029.676188 1060.420339 1079.217915 1081.133735 1084.594925 1093.752562 1092.051193 1085.927950 1074.540257 1070.097662 1071.827393 1072.173425 1058.732353 1041.032165 1025.225434 1021.485272 1002.628842 953.623756 919.189642 905.149721 897.448027 886.230854 863.774665 846.553431 837.580547 854.840550 847.975687 833.664632 829.763231 846.959134 872.487519 864.810707 867.260399 882.552111 914.861108 952.284143 982.492935 1009.844596 1037.139603 1070.057295 1086.402682 1108.477338 1113.303119 1091.979341 1055.967620 1015.475500 987.289871 924.682241 849.494950 736.957323 648.704965 581.943091 510.027194 451.508655 396.473011 333.554204 274.840572 249.563451 210.971633 190.978300 -9999.0 -9999.0 -9999.0 -9999.0
-9999.0 -444.651604 -254.521334 8.526463 271.535229 398.875519 620.712661 790.674823 850.850161 908.961894 920.370237 1041.936302 1070.928021 1062.221544 1049.135408 1046.149166 1054.454866 1055.560719 1051.967226 1045.677533 1041.995936 1042.289771 1043.422659 1039.649913 1032.919050 1024.027353 1016.270473 1007.767204 972.827020 930.357246 894.543017 878.813229 834.130787 697.308189 629.199897 589.188352 536.387911 532.299973 526.158152 500.179805 483.163536 467.339037 486.454992 487.620798 488.192466 493.291706 510.782099 529.214654 569.208921 604.646245 655.671178 732.599807 811.316015 862.525184 903.878499 955.348063 993.369305 1021.781148 1058.255636 1090.362479 1111.786047 1104.081591 1079.280917 1045.571491 990.234399 932.390986 893.341739 835.540844 766.038176 658.891686 583.038341 503.978634 424.653297 338.286858 297.564406 -9999.0 -9999.0 -9999.0 -9999.0 -9999.0
-9999.0 -605.535135 -338.573977 -44.734822 283.631702 627.013181 761.928199 900.284595 967.154592 930.888846 938.631733 971.750880 1010.595242 1015.771719 996.340226 981.738487 955.262336 947.766667 957.486027 935.168626 912.871528 904.790538 907.275912 900.049789 883.982053 872.876186 864.585676 846.031026 784.376526 677.616803 577.211827 546.548996 470.168411 397.525304 346.229593 296.562883 246.199584 245.629285 262.665987 247.686344 226.269392 208.046865 233.728241 249.576325 260.485940 249.921067 258.107171 291.999426 339.338745 380.864302 430.359315 488.990251 544.287784 598.790664 640.664489 717.736020 812.107364 867.079886 934.795657 1009.504567 1039.472195 1068.127690 1101.105396 1119.134681 1078.032766 1042.731716 1012.239036 975.817908 912.888363 864.285972 818.395474 703.710177 592.245542 -9999.0 -9999.0 -9999.0 -9999.0 -9999.0 -9999.0 -9999.0
-9999.0 -737.451502 -509.494477 -267.015226 27.916858 264.054239 441.190084 553.336067 644.544331 669.989882 720.929181 791.135488 829.740602 849.800927 825.467149 770.602820 688.039125 675.812189 668.216208 636.330937 602.852264 587.239564 586.795761 580.980299 557.274957 543.553709 533.398092 509.819445 469.154309 402.976959 317.704794 248.099723 186.419816 150.179016 118.941849 85.656715 47.989008 59.023116 73.701172 69.717692 57.995614 53.972198 83.523955 101.987219 111.869278 98.693751 116.881916 143.228487 184.128826 224.888604 271.665283 325.271627 378.440520 408.784219 426.059422 460.489990 513.178748 576.846642 684.686448 826.183370 907.699596 958.585439 1009.961283 1041.090609 1056.655258 1082.741375 1073.320090 1013.125359 919.610924 940.663898 941.917414 -9999.0 -9999.0 -9999.0 -9999.0 -9999.0 -9999.0 -9999.0 -9999.0 -9999.0
-9999.0 -9999.0 -745.328092 -558.762384 -405.450218 -222.736787 -74.916824 29.585848 107.394343 205.089472 304.610706 390.345188 434.872535 451.160917 432.220509 387.123744 350.916720 346.198905 335.022218 320.611532 297.308519 288.905907 280.033127 273.112414 261.598834 255.402433 250.357419 238.941550 215.363225 166.900326 114.157324 61.905031 7.803917 -17.377125 -39.308550 -61.629641 -64.487370 -66.352058 -59.443005 -58.003994 -52.270115 -40.327558 -19.663512 1.701919 10.996143 18.092081 30.262489 53.420851 85.939327 126.457797 178.277438 233.334742 270.868177 282.314444 272.876019 279.592364 303.283302 349.236595 438.263731 536.246968 643.523235 752.310002 855.169674 912.875209 938.936762 975.450977 1005.731753 951.755615 632.316473 874.596619 -9999.0 -9999.0 -9999.0 -9999.0 -9999.0 -9999.0 -9999.0 -9999.0 -9999.0 -9999.0
-9999.0 -9999.0 -9999.0 -9999.0 -701.964621 -546.534841 -453.824483 -373.250978 -251.939627 -141.855555 -47.860817 30.365972 85.098485 108.881262 97.892278 92.584696 82.926391 77.645942 68.386981 63.624512 59.073029 51.738885 40.399531 33.348978 33.356140 37.444108 35.568988 22.573820 6.426721 -19.838039 -43.078410 -78.037318 -114.768502 -143.701667 -156.466344 -162.902223 -162.465323 -167.957676 -158.368851 -151.750317 -136.763019 -121.323112 -97.331659 -68.941202 -56.289364 -42.180780 -32.715472 -12.293078 17.217930 69.331964 131.018271 186.341527 219.354671 221.915687 195.087648 178.471350 174.559717 202.039052 248.617958 318.816767 422.363497 503.352397 576.637524 639.075689 703.676757 814.019195 913.415115 952.764932 -9999.0 -9999.0 -9999.0 -9999.0 -9999.0 -9999.0 -9999.0 -9999.0 -9999.0 -9999.0 -9999.0 -9999.0
-9999.0 -9999.0 -9999.0 -9999.0 -9999.0 -9999.0 -755.926885 -660.895147 -576.147619 -453.839686 -339.515701 -246.206977 -171.369943 -145.814388 -127.378305 -104.775578 -109.432816 -126.949778 -143.983265 -126.993574 -116.526340 -121.292615 -148.872571 -149.845224 -145.829269 -136.348650 -137.404784 -143.241561 -167.748351 -158.773942 -159.528842 -182.204175 -207.857164 -221.818646 -233.109602 -222.915268 -221.943439 -234.429516 -232.132169 -205.868184 -186.053570 -172.646119 -150.271617 -117.208551 -85.300309 -71.074302 -70.313025 -64.433841 -23.571215 45.938271 115.555828 168.340874 198.257976 204.522630 175.045113 132.852922 110.003322 115.217986 148.422769 200.341015 275.459165 325.358283 358.320403 383.501927 418.740843 526.151448 -9999.0 -9999.0 -9999.0 -9999.0 -9999.0 -9999.0 -9999.0 -9999.0 -9999.0 -9999.0 -9999.0 -9999.0 -9999.0 -9999.0
-9999.0 -9999.0 -9999.0 -9999.0 -9999.0 -9999.0 -9999.0 -9999.0 -9999.0 -9999.0 -9999.0 -9999.0 -9999.0 -9999.0 -9999.0 -9999.0 -9999.0 -9999.0 -9999.0 -9999.0 -9999.0 -9999.0 -9999.0 -9999.0 -9999.0 -9999.0 -9999.0 -9999.0 -9999.0 -9999.0 -9999.0 -9999.0 -9999.0 -9999.0 -9999.0 -9999.0 -9999.0 -9999.0 -9999.0 -9999.0 -9999.0 -9999.0 -9999.0 -9999.0 -9999.0 -9999.0 -9999.0 -9999.0 -9999.0 -9999.0 -9999.0 -9999.0 -9999.0 -9999.0 -9999.0 -9999.0 -9999.0 -9999.0 -9999.0 -9999.0 -9999.0 -9999.0 -9999.0 -9999.0 -9999.0 -9999.0 -9999.0 -9999.0 -9999.0 -9999.0 -9999.0 -9999.0 -9999.0 -9999.0 -9999.0 -9999.0 -9999.0 -9999.0 -9999.0 -9999.0
-9999.0 -9999.0 -9999.0 -9999.0 -9999.0 -9999.0 -9999.0 -9999.0 -9999.0 -9999.0 -9999.0 -9999.0 -9999.0 -9999.0 -9999.0 -9999.0 -9999.0 -9999.0 -9999.0 -9999.0 -9999.0 -9999.0 -9999.0 -9999.0 -9999.0 -9999.0 -9999.0 -9999.0 -9999.0 -9999.0 -9999.0 -9999.0 -9999.0 -9999.0 -9999.0 -9999.0 -9999.0 -9999.0 -9999.0 -9999.0 -9999.0 -9999.0 -9999.0 -9999.0 -9999.0 -9999.0 -9999.0 -9999.0 -9999.0 -9999.0 -9999.0 -9999.0 -9999.0 -9999.0 -9999.0 -9999.0 -9999.0 -9999.0 -9999.0 -9999.0 -9999.0 -9999.0 -9999.0 -9999.0 -9999.0 -9999.0 -9999.0 -9999.0 -9999.0 -9999.0 -9999.0 -9999.0 -9999.0 -9999.0 -9999.0 -9999.0 -9999.0 -9999.0 -9999.0 -9999.0