Borden_/Borden1m_014/output_maps/psiliqL0029N0035.asc
ncols         80
nrows         18
xllcorner     620200.000000
yllcorner     5168000.000000
cellsize      1.000000
NODATA_value  -9999.0
-9999.0 -9999.0 -9999.0 -9999.0 -9999.0 -9999.0 -9999.0 -9999.0 -9999.0 -9999.0 -9999.0 -9999.0 -9999.0 -9999.0 -9999.0 -9999.0 -9999.0 -9999.0 -9999.0 -9999.0 -9999.0 -9999.0 -9999.0 -9999.0 -9999.0 -9999.0 -9999.0 -9999.0 -9999.0 -9999.0 -9999.0 -9999.0 -9999.0 -9999.0 -9999.0 -9999.0 -9999.0 -9999.0 -9999.0 -9999.0 -9999.0 -9999.0 -9999.0 -9999.0 -9999.0 -9999.0 -9999.0 -9999.0 -9999.0 -9999.0 -9999.0 -9999.0 -9999.0 -9999.0 -9999.0 -9999.0 -9999.0 -9999.0 -9999.0 -9999.0 -9999.0 -9999.0 -9999.0 -9999.0 -9999.0 -9999.0 -9999.0 -9999.0 -9999.0 -9999.0 -9999.0 -9999.0 -9999.0 -9999.0 -9999.0 -9999.0 -9999.0 -9999.0 -9999.0 -9999.0
-9999.0 -9999.0 -9999.0 -9999.0 -9999.0 -9999.0 -9999.0 -9999.0 -9999.0 -9999.0 -9999.0 -9999.0 -9999.0 -9999.0 -9999.0 -9999.0 -9999.0 -9999.0 -9999.0 -9999.0 -9999.0 -9999.0 -9999.0 -9999.0 -9999.0 -9999.0 -9999.0 -9999.0 -9999.0 -9999.0 -9999.0 -9999.0 -9999.0 -9999.0 -9999.0 -9999.0 -9999.0 -9999.0 -9999.0 -9999.0 -9999.0 -9999.0 -9999.0 -9999.0 -9999.0 -9999.0 -9999.0 -9999.0 -9999.0 -9999.0 -9999.0 -9999.0 -9999.0 -9999.0 -9999.0 -9999.0 -9999.0 -9999.0 -9999.0 -9999.0 -9999.0 -9999.0 -9999.0 -9999.0 -9999.0 -9999.0 -9999.0 -9999.0 -9999.0 -9999.0 -9999.0 -9999.0 -9999.0 -9999.0 -9999.0 -9999.0 -9999.0 -9999.0 -9999.0 -9999.0
-9999.0 -9999.0 -9999.0 -9999.0 -9999.0 -9999.0 -9999.0 -9999.0 -9999.0 -9999.0 -9999.0 -9999.0 -9999.0 -9999.0 -9999.0 -9999.0 -9999.0 -9999.0 -9999.0 -9999.0 3925.068066 3925.622375 3904.003231 3869.686866 3841.235269 3842.814979 3875.156516 3915.458970 3954.169343 3960.731920 3941.149694 3945.076670 3940.483625 3934.988145 3934.475173 3942.300203 3949.408015 3958.651663 3965.191629 3962.385297 3954.693942 3949.694018 3952.859403 3954.100430 3960.588875 3945.173376 3961.663033 3978.201214 3982.739947 3980.530536 3957.514697 3946.432678 3938.727350 3923.224039 3950.440644 3962.225877 3986.056023 3990.985119 3989.120262 3962.679950 3932.778682 -9999.0 -9999.0 -9999.0 -9999.0 -9999.0 -9999.0 -9999.0 -9999.0 -9999.0 -9999.0 -9999.0 -9999.0 -9999.0 -9999.0 -9999.0 -9999.0 -9999.0 -9999.0 -9999.0
-9999.0 -9999.0 -9999.0 -9999.0 -9999.0 -9999.0 -9999.0 -9999.0 -9999.0 -9999.0 -9999.0 -9999.0 -9999.0 -9999.0 3835.110725 3826.450131 3823.356391 3830.142472 3862.105546 3892.170900 3903.560847 3895.882389 3895.398965 3870.116466 3846.406626 3858.346658 3887.331055 3917.196617 3950.008674 3966.368479 3955.226467 3952.272349 3958.236679 3976.051481 3982.625144 3978.621636 3961.396508 3985.847403 3998.370570 4001.698615 3999.350098 3989.145258 3996.784237 4010.347557 4003.184976 3988.353313 4000.762015 4016.529395 4026.843116 4020.049254 3963.338293 3953.225264 3950.479705 3947.355244 3934.812199 3931.895090 3961.375548 3961.223490 3954.643891 3937.988810 3904.865930 3859.694470 3841.057785 3882.602261 3926.637720 3983.111433 -9999.0 -9999.0 -9999.0 -9999.0 -9999.0 -9999.0 -9999.0 -9999.0 -9999.0 -9999.0 -9999.0 -9999.0 -9999.0 -9999.0
-9999.0 -9999.0 -9999.0 -9999.0 -9999.0 -9999.0 -9999.0 -9999.0 -9999.0 3777.815112 3783.985407 3790.634901 3792.893671 3807.599613 3803.806420 3810.335822 3813.196605 3840.161747 3868.869025 3901.593293 3927.756399 3918.160007 3916.095866 3918.007307 3909.655868 3916.018362 3935.817400 3971.486543 4000.519817 4034.391597 3999.516164 3993.777280 4010.733330 4050.397496 4070.642966 4071.032287 4052.088716 4071.117564 4094.317995 4108.416863 4104.321677 4097.476890 4124.024745 4139.819274 4131.488065 4109.130429 4110.688404 4120.049244 4150.316512 4099.363756 4032.960575 3997.701704 4016.602377 3997.605275 3974.798719 3966.298126 3968.234046 3989.068147 3978.472477 3945.666908 3913.487561 3901.922629 3885.679518 3908.237170 3932.265042 3979.185505 4019.774048 4050.144286 4049.744368 4032.710278 -9999.0 -9999.0 -9999.0 -9999.0 -9999.0 -9999.0 -9999.0 -9999.0 -9999.0 -9999.0
-9999.0 -9999.0 -9999.0 -9999.0 -9999.0 -9999.0 3699.407163 3709.992054 3730.598737 3732.362171 3758.801078 3763.171611 3781.164400 3797.397026 3818.797673 3830.194366 3853.409829 3882.144543 3916.458626 3952.222941 3978.293343 3964.737549 3968.866587 3985.179714 4008.422386 4024.465352 4046.589068 4084.287996 4156.566533 4192.368867 4181.258400 4181.170781 4189.160423 4240.182583 4304.385801 4314.147855 4293.289062 4280.720595 4305.731556 4344.238978 4340.774682 4339.413666 4353.874142 4365.333126 4392.360438 4380.414369 4344.523024 4341.187483 4350.180300 4324.921723 4252.849066 4196.678760 4181.251515 4133.847007 4049.162095 4009.211141 4037.846344 4068.405935 4048.643511 4000.140969 3969.958516 3966.061880 3956.286770 3951.403399 3965.830020 3990.075146 4014.653703 4029.381320 4017.959275 3997.371238 3976.184587 3948.357803 3951.375940 3976.400984 -9999.0 -9999.0 -9999.0 -9999.0 -9999.0 -9999.0
-9999.0 -9999.0 -9999.0 -9999.0 3650.329315 3662.916990 3647.023591 3673.094132 3704.382628 3737.323897 3763.204814 3793.103224 3814.741550 3840.081758 3870.831227 3889.103186 3918.354121 3946.385102 3991.748231 4051.188952 4093.880890 4104.805398 4112.271769 4162.436515 4218.280629 4264.423809 4283.199975 4309.701477 4357.897936 4415.012117 4436.786523 4438.843766 4455.855405 4501.797721 4561.105741 4597.106976 4578.957931 4569.402394 4580.865215 4596.357476 4618.532553 4618.552390 4619.711117 4624.517249 4633.084487 4630.711154 4602.749676 4568.686800 4555.488599 4544.731382 4503.461221 4429.423157 4400.712674 4370.382640 4323.411701 4267.382739 4224.277482 4229.382155 4173.824588 4117.774742 4070.273783 4065.522194 4047.449195 4033.460537 4018.667516 4033.273439 4047.061279 4033.032368 4003.376617 3974.691163 3962.287472 3945.147374 3933.847196 3965.438354 3983.511934 4012.817670 -9999.0 -9999.0 -9999.0 -9999.0
-9999.0 -9999.0 3591.910650 3635.916675 3692.503787 3697.342146 3688.071394 3689.496932 3714.660856 3762.528224 3821.139814 3854.398400 3879.474553 3908.969509 3957.465200 4015.241687 4072.910546 4115.109249 4174.114968 4244.538185 4303.903785 4330.029298 4338.029319 4374.406016 4430.718549 4503.109002 4532.350867 4559.812343 4593.164689 4631.610891 4618.029149 4627.857679 4641.471638 4657.124609 4674.767147 4683.330869 4677.945071 4673.226325 4654.355617 4648.698956 4655.087769 4664.063964 4662.353737 4647.287549 4643.288050 4658.693385 4665.587838 4663.060465 4659.421601 4663.706107 4656.801179 4605.310750 4593.219300 4577.120986 4563.903900 4516.331288 4447.763214 4416.648381 4393.594702 4350.795583 4276.405178 4241.315699 4203.159034 4170.141142 4134.507655 4124.249188 4093.923088 4063.007777 4025.243625 3985.202643 3966.893694 3953.471827 3953.563452 3954.356941 3972.538424 3988.335048 4004.410550 4012.534603 -9999.0 -9999.0
-9999.0 3480.196960 3550.373786 3669.980912 3746.387190 3780.455716 3782.151809 3779.554125 3803.864743 3838.226518 3920.523000 3960.653010 4043.309601 4082.578719 4121.944662 4212.059524 4309.102774 4354.087124 4395.027194 4462.344451 4531.058990 4579.557911 4606.607488 4576.892102 4618.890421 4653.970512 4663.858095 4672.176812 4673.543766 4664.894226 4658.965989 4665.418175 4662.151293 4642.336530 4625.659990 4623.674375 4620.127826 4596.254308 4568.287668 4552.166156 4552.925655 4578.589820 4564.953257 4543.303141 4538.776516 4560.866599 4583.288478 4572.226471 4558.883047 4575.660076 4611.072622 4637.625032 4636.345069 4655.565753 4676.843134 4646.700224 4627.173436 4581.691100 4564.215934 4538.333485 4479.846807 4424.842613 4376.055132 4327.822602 4276.103502 4228.893092 4181.804837 4134.988630 4082.681497 4050.419648 4027.005993 3985.784876 3974.894046 3982.359867 3978.256416 3977.029407 3983.759315 3990.392080 -9999.0 -9999.0
-9999.0 3378.751838 3515.999729 3690.741883 3831.284574 3866.973999 3918.001621 3968.515161 3979.896269 3918.466514 4020.404273 4240.580694 4371.586713 4391.502650 4470.337182 4569.945262 4543.869509 4576.616654 4601.259185 4632.383329 4657.299876 4673.461173 4672.217220 4667.583439 4650.680402 4642.579395 4641.588246 4639.335203 4621.442883 4602.043307 4584.905695 4581.285632 4562.466697 4510.432651 4476.258090 4457.701188 4436.579874 4423.813072 4397.270577 4370.698124 4353.015730 4361.571642 4361.331156 4348.835594 4344.447884 4361.883595 4392.904158 4392.310450 4406.176911 4426.224334 4461.856647 4501.279905 4520.872923 4550.631029 4586.843021 4636.783747 4644.071559 4666.907556 4669.349673 4661.039140 4612.903465 4560.151997 4530.228571 4473.853171 4414.146965 4352.315109 4302.759355 4257.877949 4202.196420 4168.966004 4130.583392 4077.217187 4036.554690 4032.046124 3999.661992 3988.069512 -9999.0 -9999.0 -9999.0 -9999.0
-9999.0 3268.992483 3444.869968 3676.836446 3976.113866 4038.440958 4243.287535 4358.281944 4395.855686 4465.749739 4321.504435 4548.621003 4608.269867 4605.039806 4627.162121 4631.405285 4646.457009 4645.426673 4640.316988 4629.022665 4619.050000 4614.180476 4613.245429 4605.257160 4592.458431 4577.640852 4565.480983 4553.581654 4515.942238 4483.164066 4441.815325 4428.717075 4381.036200 4287.616706 4248.955741 4208.453873 4145.038135 4148.905379 4159.432464 4135.994507 4115.800498 4085.004233 4116.949878 4129.828816 4134.823405 4128.332325 4136.454785 4167.518471 4217.619801 4252.756955 4291.695128 4340.314929 4371.517438 4411.076161 4450.524149 4503.417053 4535.476897 4564.815603 4615.273747 4652.654280 4675.720950 4660.665809 4643.569391 4597.029078 4536.049399 4486.268106 4456.462076 4404.848147 4360.908132 4317.613506 4271.122546 4218.377518 4156.755006 4108.763618 4075.854046 -9999.0 -9999.0 -9999.0 -9999.0 -9999.0
-9999.0 3032.752936 3294.049123 3551.453089 3813.946450 4163.428183 4351.476613 4441.997430 4507.350848 4497.217433 4527.111852 4531.736437 4569.599603 4577.900541 4556.678164 4541.907516 4522.994513 4521.904219 4535.082662 4507.111978 4476.037401 4462.241095 4463.246399 4452.577757 4428.167465 4413.332687 4404.156398 4385.044708 4341.771758 4290.388083 4204.288403 4166.939878 4085.714229 4050.933955 4015.829065 3968.866992 3925.519357 3932.664476 3959.247712 3951.631025 3931.288048 3914.752717 3945.047671 3967.008788 3980.738087 3963.359004 3969.692109 4004.210146 4050.623805 4091.130101 4134.682393 4182.564689 4225.042425 4263.548164 4282.895175 4320.841642 4363.360114 4405.411257 4476.499456 4556.992767 4594.367820 4629.938031 4657.753645 4680.147950 4636.606814 4611.260221 4586.821725 4562.490535 4515.348239 4469.420791 4428.819076 4362.666720 4303.077082 -9999.0 -9999.0 -9999.0 -9999.0 -9999.0 -9999.0 -9999.0
-9999.0 2926.470575 3108.126345 3284.837266 3520.644721 3749.125555 3982.996227 4073.051741 4144.695735 4228.376320 4289.133985 4329.403884 4355.235768 4377.472801 4355.095130 4307.260880 4274.115395 4279.407181 4269.055325 4248.757921 4221.395936 4208.857076 4205.870937 4201.513613 4180.923100 4171.478128 4165.263981 4147.686841 4123.676483 4070.635309 4000.686208 3926.383846 3874.264126 3858.201710 3837.610779 3812.538089 3788.741391 3803.018262 3815.643584 3816.886399 3811.870382 3813.273337 3842.306503 3862.570502 3871.960633 3861.560163 3879.661562 3901.964254 3937.860902 3976.673003 4020.884810 4070.554196 4118.644055 4137.370342 4137.347468 4146.182442 4172.168582 4214.491716 4290.456165 4377.067894 4457.466992 4504.092643 4555.740273 4596.819958 4626.272403 4648.798127 4673.045427 4667.519106 4640.392882 4606.319696 4546.009460 -9999.0 -9999.0 -9999.0 -9999.0 -9999.0 -9999.0 -9999.0 -9999.0 -9999.0
-9999.0 -9999.0 2886.242754 3025.238311 3104.654303 3256.314297 3392.248333 3496.889985 3602.584088 3753.803043 3882.598827 3980.372192 4028.530350 4044.444840 4031.251649 4004.712610 3988.990834 3988.447431 3976.188654 3971.368013 3958.970286 3954.552999 3942.266724 3935.185697 3933.259330 3934.388613 3933.236647 3926.189484 3911.206065 3871.554166 3838.576781 3796.630933 3752.845523 3733.016919 3716.792956 3702.050981 3708.644403 3703.859016 3709.733285 3713.522291 3724.485853 3739.487306 3758.691573 3781.793351 3791.498459 3802.255554 3812.594287 3833.546768 3862.557195 3902.211733 3953.100682 4007.610234 4042.989449 4048.780041 4029.035112 4021.888465 4027.485203 4053.883287 4114.034159 4181.684493 4273.035839 4339.652685 4406.990819 4464.000789 4491.395834 4527.807606 4599.909200 4648.076022 4692.858100 4670.325494 -9999.0 -9999.0 -9999.0 -9999.0 -9999.0 -9999.0 -9999.0 -9999.0 -9999.0 -9999.0
-9999.0 -9999.0 -9999.0 -9999.0 2885.018793 3021.735328 3115.770295 3189.123476 3322.700084 3455.331403 3562.372099 3651.312362 3723.421821 3750.041061 3753.724636 3775.204698 3775.859293 3765.572758 3754.323209 3761.659536 3769.131300 3763.692895 3746.160570 3741.080067 3747.134765 3757.414062 3757.340152 3746.404719 3730.027167 3720.800493 3712.469222 3685.022737 3655.969258 3631.078661 3621.454175 3621.088278 3622.705512 3615.511158 3624.556769 3634.804269 3651.474863 3666.809638 3690.304510 3720.369248 3735.503337 3750.101109 3758.105368 3775.662341 3803.688811 3854.666586 3915.989239 3972.405906 4006.269892 4005.981390 3976.583260 3953.622299 3939.306336 3954.778448 3981.258348 4029.326160 4117.766889 4179.604726 4222.992729 4260.198368 4296.546210 4363.414466 4460.962185 4543.810886 -9999.0 -9999.0 -9999.0 -9999.0 -9999.0 -9999.0 -9999.0 -9999.0 -9999.0 -9999.0 -9999.0 -9999.0
-9999.0 -9999.0 -9999.0 -9999.0 -9999.0 -9999.0 2863.145135 2969.481382 3022.241172 3177.916176 3328.611449 3438.086443 3522.823207 3560.934436 3598.478323 3630.805422 3632.604080 3611.689144 3588.838463 3612.363323 3634.395856 3628.169231 3595.098274 3598.260506 3607.528964 3616.782293 3615.978264 3612.470041 3590.644942 3612.317276 3621.114842 3601.640767 3579.445808 3570.024317 3560.765253 3572.564445 3574.033671 3560.330012 3559.267439 3588.385398 3610.271837 3623.226746 3643.964336 3677.204557 3709.719483 3725.480593 3725.938970 3729.737862 3764.767024 3832.164332 3903.005516 3958.162928 3989.113433 3993.265753 3961.806858 3916.160814 3889.061413 3886.414575 3908.815112 3945.728157 4005.052032 4039.622793 4047.288888 4044.416210 4053.871716 4155.789828 -9999.0 -9999.0 -9999.0 -9999.0 -9999.0 -9999.0 -9999.0 -9999.0 -9999.0 -9999.0 -9999.0 -9999.0 -9999.0 -9999.0
-9999.0 -9999.0 -9999.0 -9999.0 -9999.0 -9999.0 -9999.0 -9999.0 -9999.0 -9999.0 -9999.0 -9999.0 -9999.0 -9999.0 -9999.0 -9999.0 -9999.0 -9999.0 -9999.0 -9999.0 -9999.0 -9999.0 -9999.0 -9999.0 -9999.0 -9999.0 -9999.0 -9999.0 -9999.0 -9999.0 -9999.0 -9999.0 -9999.0 -9999.0 -9999.0 -9999.0 -9999.0 -9999.0 -9999.0 -9999.0 -9999.0 -9999.0 -9999.0 -9999.0 -9999.0 -9999.0 -9999.0 -9999.0 -9999.0 -9999.0 -9999.0 -9999.0 -9999.0 -9999.0 -9999.0 -9999.0 -9999.0 -9999.0 -9999.0 -9999.0 -9999.0 -9999.0 -9999.0 -9999.0 -9999.0 -9999.0 -9999.0 -9999.0 -9999.0 -9999.0 -9999.0 -9999.0 -9999.0 -9999.0 -9999.0 -9999.0 -9999.0 -9999.0 -9999.0 -9999.0
-9999.0 -9999.0 -9999.0 -9999.0 -9999.0 -9999.0 -9999.0 -9999.0 -9999.0 -9999.0 -9999.0 -9999.0 -9999.0 -9999.0 -9999.0 -9999.0 -9999.0 -9999.0 -9999.0 -9999.0 -9999.0 -9999.0 -9999.0 -9999.0 -9999.0 -9999.0 -9999.0 -9999.0 -9999.0 -9999.0 -9999.0 -9999.0 -9999.0 -9999.0 -9999.0 -9999.0 -9999.0 -9999.0 -9999.0 -9999.0 -9999.0 -9999.0 -9999.0 -9999.0 -9999.0 -9999.0 -9999.0 -9999.0 -9999.0 -9999.0 -9999.0 -9999.0 -9999.0 -9999.0 -9999.0 -9999.0 -9999.0 -9999.0 -9999.0 -9999.0 -9999.0 -9999.0 -9999.0 -9999.0 -9999.0 -9999.0 -9999.0 -9999.0 -9999.0 -9999.0 -9999.0 -9999.0 -9999.0 -9999.0 -9999.0 -9999.0 -9999.0 -9999.0 -9999.0 -9999.0