Borden_/Borden1m_014/output_maps/psiliqL0005N0014.asc
ncols         80
nrows         18
xllcorner     620200.000000
yllcorner     5168000.000000
cellsize      1.000000
NODATA_value  -9999.0
-9999.0 -9999.0 -9999.0 -9999.0 -9999.0 -9999.0 -9999.0 -9999.0 -9999.0 -9999.0 -9999.0 -9999.0 -9999.0 -9999.0 -9999.0 -9999.0 -9999.0 -9999.0 -9999.0 -9999.0 -9999.0 -9999.0 -9999.0 -9999.0 -9999.0 -9999.0 -9999.0 -9999.0 -9999.0 -9999.0 -9999.0 -9999.0 -9999.0 -9999.0 -9999.0 -9999.0 -9999.0 -9999.0 -9999.0 -9999.0 -9999.0 -9999.0 -9999.0 -9999.0 -9999.0 -9999.0 -9999.0 -9999.0 -9999.0 -9999.0 -9999.0 -9999.0 -9999.0 -9999.0 -9999.0 -9999.0 -9999.0 -9999.0 -9999.0 -9999.0 -9999.0 -9999.0 -9999.0 -9999.0 -9999.0 -9999.0 -9999.0 -9999.0 -9999.0 -9999.0 -9999.0 -9999.0 -9999.0 -9999.0 -9999.0 -9999.0 -9999.0 -9999.0 -9999.0 -9999.0
-9999.0 -9999.0 -9999.0 -9999.0 -9999.0 -9999.0 -9999.0 -9999.0 -9999.0 -9999.0 -9999.0 -9999.0 -9999.0 -9999.0 -9999.0 -9999.0 -9999.0 -9999.0 -9999.0 -9999.0 -9999.0 -9999.0 -9999.0 -9999.0 -9999.0 -9999.0 -9999.0 -9999.0 -9999.0 -9999.0 -9999.0 -9999.0 -9999.0 -9999.0 -9999.0 -9999.0 -9999.0 -9999.0 -9999.0 -9999.0 -9999.0 -9999.0 -9999.0 -9999.0 -9999.0 -9999.0 -9999.0 -9999.0 -9999.0 -9999.0 -9999.0 -9999.0 -9999.0 -9999.0 -9999.0 -9999.0 -9999.0 -9999.0 -9999.0 -9999.0 -9999.0 -9999.0 -9999.0 -9999.0 -9999.0 -9999.0 -9999.0 -9999.0 -9999.0 -9999.0 -9999.0 -9999.0 -9999.0 -9999.0 -9999.0 -9999.0 -9999.0 -9999.0 -9999.0 -9999.0
-9999.0 -9999.0 -9999.0 -9999.0 -9999.0 -9999.0 -9999.0 -9999.0 -9999.0 -9999.0 -9999.0 -9999.0 -9999.0 -9999.0 -9999.0 -9999.0 -9999.0 -9999.0 -9999.0 -9999.0 -772.781471 -769.592984 -792.644362 -826.680676 -855.232797 -853.934525 -819.741610 -779.852972 -743.363774 -733.220012 -751.459552 -750.762206 -756.419459 -756.536356 -753.655022 -748.279092 -746.331938 -734.986150 -726.739822 -727.018361 -733.156339 -739.033849 -741.016817 -737.444860 -732.645117 -740.465692 -727.272193 -712.034754 -705.179144 -709.815162 -736.286084 -751.540179 -758.777570 -772.244511 -747.448986 -734.240546 -710.838135 -705.989066 -706.425709 -732.828076 -762.361941 -9999.0 -9999.0 -9999.0 -9999.0 -9999.0 -9999.0 -9999.0 -9999.0 -9999.0 -9999.0 -9999.0 -9999.0 -9999.0 -9999.0 -9999.0 -9999.0 -9999.0 -9999.0 -9999.0
-9999.0 -9999.0 -9999.0 -9999.0 -9999.0 -9999.0 -9999.0 -9999.0 -9999.0 -9999.0 -9999.0 -9999.0 -9999.0 -9999.0 -860.654953 -871.334052 -874.898163 -866.993647 -834.017090 -805.000390 -792.663836 -800.707822 -801.177647 -825.002290 -845.316408 -831.915912 -803.919085 -773.984366 -741.382590 -721.704676 -735.081214 -738.359031 -728.193728 -700.775146 -686.320361 -689.367138 -710.995483 -689.148008 -673.305658 -663.823283 -665.027693 -673.742234 -658.946347 -642.770931 -649.366997 -666.727647 -663.926201 -652.527382 -637.236187 -651.763724 -715.235655 -735.640816 -737.334239 -742.788405 -754.741524 -760.667695 -735.687589 -733.780596 -741.173769 -758.076207 -789.100286 -832.193647 -849.170497 -810.708064 -765.964287 -707.521925 -9999.0 -9999.0 -9999.0 -9999.0 -9999.0 -9999.0 -9999.0 -9999.0 -9999.0 -9999.0 -9999.0 -9999.0 -9999.0 -9999.0
-9999.0 -9999.0 -9999.0 -9999.0 -9999.0 -9999.0 -9999.0 -9999.0 -9999.0 -915.350151 -912.557648 -906.032672 -905.092222 -890.103666 -892.237241 -885.982317 -878.439769 -853.721064 -823.871202 -789.987160 -762.009117 -772.989914 -773.456623 -761.418116 -754.228948 -742.177691 -723.111452 -684.530730 -643.765974 -603.120242 -631.694570 -634.081017 -615.417150 -562.892796 -518.582022 -506.866652 -527.489699 -526.179043 -498.264528 -468.430749 -469.678207 -471.940599 -443.702927 -427.541693 -417.393747 -440.288903 -463.327483 -467.105089 -435.962007 -496.191388 -564.924861 -622.716448 -621.762834 -652.073448 -692.707533 -714.752284 -717.094745 -693.768786 -707.881336 -743.933878 -779.187708 -787.018929 -802.438063 -785.992444 -762.771675 -715.108784 -676.283334 -646.904592 -645.619999 -662.354699 -9999.0 -9999.0 -9999.0 -9999.0 -9999.0 -9999.0 -9999.0 -9999.0 -9999.0 -9999.0
-9999.0 -9999.0 -9999.0 -9999.0 -9999.0 -9999.0 -991.854527 -983.972600 -965.259433 -960.336030 -937.225568 -930.449386 -910.775708 -892.316787 -873.261132 -857.142839 -827.132896 -796.234352 -756.194403 -713.565114 -682.674302 -687.588526 -678.747416 -645.170403 -600.755016 -564.921431 -540.412528 -500.356464 -407.779344 -339.316096 -308.860381 -293.875844 -245.437859 42.700830 116.639448 123.414100 117.791230 113.194253 117.874771 126.946826 127.088496 126.239756 127.911980 129.417665 137.751144 136.405131 126.113889 123.804044 123.679037 119.666578 59.964336 -240.975231 -360.667213 -429.631020 -519.954133 -582.509450 -589.015421 -573.692790 -603.665081 -654.851772 -695.859181 -705.021342 -718.103323 -731.476788 -725.466197 -705.183950 -680.534153 -668.025079 -679.131010 -698.431730 -720.663497 -748.671693 -746.478857 -720.544921 -9999.0 -9999.0 -9999.0 -9999.0 -9999.0 -9999.0
-9999.0 -9999.0 -9999.0 -9999.0 -1040.733588 -1028.915928 -1041.075497 -1018.723205 -988.018507 -956.382587 -925.127354 -888.858120 -863.217141 -835.098891 -794.550325 -757.108005 -715.277038 -682.924444 -629.995040 -560.176909 -502.895010 -471.367919 -455.119071 -369.805324 -163.901040 79.386019 111.462359 118.229264 126.265629 142.082480 148.839269 150.646717 158.799396 179.452920 193.078300 202.449759 197.308894 196.389348 196.869796 197.622699 206.748168 206.264548 206.812776 206.724567 208.273249 210.740146 200.589918 192.803856 190.993646 189.779877 182.751851 151.672800 136.900771 129.990733 123.999677 96.108295 -146.445998 -287.142648 -394.572404 -464.119853 -539.630774 -567.948412 -599.090930 -623.058882 -652.065118 -649.899999 -645.404552 -663.203137 -691.507113 -721.858903 -735.533429 -753.106667 -762.209657 -731.774769 -713.574607 -681.836854 -9999.0 -9999.0 -9999.0 -9999.0
-9999.0 -9999.0 -1096.245608 -1047.482765 -993.181206 -985.748056 -983.581441 -979.892391 -954.706245 -906.142478 -828.641377 -777.523394 -733.953927 -706.540674 -649.376996 -563.410241 -483.382380 -427.731317 -332.340301 29.994328 112.018835 122.346227 124.502488 134.972593 156.173633 181.938178 188.961246 193.689109 198.612402 210.335583 232.237200 247.232552 253.935583 248.773614 245.956579 245.036900 242.892557 240.368603 225.142640 222.934825 229.022236 230.495814 233.908844 222.722024 218.871157 230.908394 233.567550 235.473787 239.264344 246.522092 256.957434 227.798497 196.182540 194.190228 194.898935 183.488277 157.927487 141.081385 135.747049 124.902405 63.397636 -213.998384 -369.367502 -445.635407 -507.574423 -539.697397 -583.520513 -620.630015 -662.350928 -704.709867 -726.133492 -743.116373 -743.995643 -742.189293 -725.403229 -709.031235 -693.040446 -684.949984 -9999.0 -9999.0
-9999.0 -1189.422343 -1120.368718 -994.533695 -918.252345 -874.781889 -833.487281 -804.349834 -783.053345 -773.330447 -668.933463 -557.145581 -464.286924 -433.952552 -352.189475 24.220521 117.772250 131.311931 142.787990 170.594880 187.386088 197.186909 202.788546 230.786003 255.069314 249.368276 247.956649 245.425487 236.739940 228.974037 219.025768 227.209521 226.474556 213.196419 202.046672 200.777486 199.767167 194.631640 188.953576 186.703538 188.201392 194.749218 191.702947 186.517025 185.475169 190.605435 194.682023 192.293648 188.851827 193.656983 202.936362 210.392854 225.822117 238.978932 258.707782 235.560468 206.213087 194.511136 192.057802 187.534293 173.814410 148.416945 129.980944 94.660545 -136.552768 -377.683096 -461.624871 -520.521981 -580.838443 -615.410029 -643.165338 -692.916218 -714.745186 -711.519992 -719.823381 -721.416460 -714.010377 -707.243210 -9999.0 -9999.0
-9999.0 -1256.993800 -1116.519714 -933.639840 -790.413514 -731.628214 -610.640871 -525.655866 -500.798162 -525.556905 -396.558595 86.617163 135.603933 136.390692 156.795307 192.395429 217.073995 239.302265 251.524608 245.587852 239.291908 239.191362 234.543546 225.459658 212.683186 207.085920 207.283372 207.124489 200.436947 196.363150 191.435811 192.001753 189.693885 181.800668 171.212984 154.855505 147.067387 142.232354 134.022953 127.966749 124.394959 131.125831 128.260072 123.390128 121.987491 127.837012 137.218049 134.464951 137.539622 148.020759 170.072842 180.781914 184.337877 190.077618 198.149774 211.803080 227.140418 247.010529 251.756867 229.395971 202.863614 190.807122 186.529205 173.653534 149.366163 120.255686 52.820911 -258.182287 -398.795786 -460.404021 -514.502955 -571.330119 -626.748465 -651.433714 -689.000012 -709.463746 -9999.0 -9999.0 -9999.0 -9999.0
-9999.0 -1313.787372 -1126.806846 -862.488930 -616.444460 -480.678028 33.862379 126.028214 139.967445 155.991196 166.081548 235.994494 244.625445 230.144566 205.478260 202.167443 211.434510 213.609704 208.912004 201.652157 199.022212 197.628073 197.085515 195.377259 193.136421 190.436162 188.625413 188.117895 180.700024 171.565722 149.721014 143.802542 135.521940 107.826031 45.569106 -221.219478 -358.663817 -371.054709 -390.777032 -431.614350 -453.113089 -467.525365 -448.446797 -452.571135 -453.826888 -442.445066 -414.751226 -393.800379 -326.826928 -214.989234 60.062863 118.706213 129.171631 144.253544 167.857837 182.877824 187.568543 192.708240 203.268106 229.195570 249.417868 242.033210 216.512768 201.407243 186.808060 174.879360 166.187503 138.123716 118.661160 66.317511 -185.611392 -376.962442 -472.652781 -562.115280 -601.008419 -9999.0 -9999.0 -9999.0 -9999.0 -9999.0
-9999.0 -1455.172078 -1192.194567 -898.659345 -562.743244 19.274615 123.678815 182.873197 225.264559 182.088998 176.591348 181.863443 191.619580 191.785379 186.191067 186.571597 185.158994 185.007577 189.628836 180.826655 165.424167 154.644040 153.757284 149.786343 142.305126 138.029361 135.915483 132.508650 118.266460 61.146031 -278.286840 -340.353424 -444.281509 -521.875773 -569.770599 -615.710546 -665.138844 -666.568329 -651.777010 -668.282645 -689.429916 -707.699849 -683.643214 -669.892510 -660.077356 -669.366085 -661.580462 -629.614144 -584.395996 -545.251799 -495.645975 -433.081289 -369.321348 -242.139194 47.834429 115.046850 128.871480 142.428815 173.070183 192.962243 198.745132 207.629471 240.384617 259.049494 221.685162 198.727814 191.306213 183.562079 169.492753 160.013644 143.832503 127.159007 108.585534 -9999.0 -9999.0 -9999.0 -9999.0 -9999.0 -9999.0 -9999.0
-9999.0 -1587.642670 -1351.478296 -1106.112262 -805.774777 -578.956092 -407.401706 18.411853 106.206294 109.099845 114.558247 120.790197 127.385083 133.497064 127.480402 118.510944 111.619691 113.515464 112.160490 83.874975 -77.205906 -229.611311 -237.150868 -260.851256 -327.242960 -358.289863 -375.925107 -408.965497 -456.654576 -517.034688 -600.167107 -661.588297 -719.511450 -754.049400 -782.935586 -814.879483 -853.847201 -843.001456 -827.807830 -832.795078 -845.794577 -851.061453 -821.933123 -804.487518 -794.883946 -808.961141 -791.578650 -765.801082 -725.869437 -687.346996 -643.772038 -594.610401 -546.359085 -518.277289 -501.801416 -466.207461 -411.703362 -294.561570 57.673197 133.831403 169.272501 181.227035 192.280692 200.130640 202.935515 217.849864 220.160206 193.080177 171.254397 177.079266 177.945477 -9999.0 -9999.0 -9999.0 -9999.0 -9999.0 -9999.0 -9999.0 -9999.0 -9999.0
-9999.0 -9999.0 -1591.457179 -1399.892297 -1232.953805 -1049.143509 -905.385106 -803.019570 -737.231699 -666.621023 -589.486187 -520.626878 -480.412664 -463.392795 -485.819058 -532.159348 -561.071384 -560.630253 -569.077105 -584.829817 -611.062010 -620.074600 -627.727946 -634.394739 -648.039231 -655.326656 -659.914663 -669.741429 -690.874429 -735.413872 -787.602194 -838.180352 -891.505187 -915.393156 -936.730843 -959.412447 -963.570418 -964.434180 -957.258568 -956.339063 -951.866960 -940.866597 -920.382376 -899.915747 -891.081984 -885.149771 -873.100601 -850.315032 -818.308999 -779.469787 -729.889175 -677.626115 -642.892010 -633.552645 -644.571371 -640.181806 -620.220216 -579.028134 -489.511980 -367.400231 38.120135 119.106653 144.681742 172.630279 178.359375 182.140695 189.576479 179.483312 114.748028 159.450403 -9999.0 -9999.0 -9999.0 -9999.0 -9999.0 -9999.0 -9999.0 -9999.0 -9999.0 -9999.0
-9999.0 -9999.0 -9999.0 -9999.0 -1542.052170 -1384.641106 -1292.068820 -1214.183589 -1100.745849 -1001.825804 -917.516871 -848.368480 -802.405715 -781.442678 -795.370236 -804.825713 -813.961390 -816.222072 -823.795113 -830.590714 -837.340988 -844.623087 -854.006327 -861.183454 -862.293304 -859.286341 -860.842845 -873.053394 -887.295022 -915.503477 -940.141986 -974.743787 -1011.283528 -1039.745012 -1052.198427 -1059.456065 -1058.884209 -1063.807750 -1054.054420 -1048.576668 -1034.241576 -1019.178808 -995.630848 -968.220075 -956.682574 -943.060212 -933.704352 -913.253100 -884.433559 -833.439611 -773.452088 -720.319039 -689.438818 -688.169143 -716.496210 -734.156358 -739.266183 -714.313659 -671.016147 -606.848266 -507.971907 -422.320250 -295.135138 48.710286 112.574592 129.914924 162.301822 173.398065 -9999.0 -9999.0 -9999.0 -9999.0 -9999.0 -9999.0 -9999.0 -9999.0 -9999.0 -9999.0 -9999.0 -9999.0
-9999.0 -9999.0 -9999.0 -9999.0 -9999.0 -9999.0 -1596.609840 -1505.775011 -1420.775161 -1309.438655 -1207.254886 -1122.647342 -1053.601770 -1032.668131 -1019.379252 -999.215405 -1004.708452 -1020.497421 -1035.493799 -1020.027217 -1012.302855 -1016.379946 -1042.037125 -1043.675903 -1040.816490 -1031.207418 -1031.964736 -1037.584506 -1061.780349 -1054.865056 -1056.903081 -1079.138354 -1104.366454 -1118.297121 -1129.506240 -1119.270761 -1118.213383 -1130.284895 -1127.379078 -1102.066677 -1083.240953 -1070.258319 -1048.118744 -1015.782011 -984.568880 -971.140683 -970.658653 -964.895534 -923.667424 -854.947856 -787.125368 -736.456305 -708.255241 -702.893865 -733.290584 -776.054101 -799.846891 -796.054862 -765.482618 -717.234415 -647.273250 -604.214008 -575.921135 -552.998155 -522.047657 -406.788627 -9999.0 -9999.0 -9999.0 -9999.0 -9999.0 -9999.0 -9999.0 -9999.0 -9999.0 -9999.0 -9999.0 -9999.0 -9999.0 -9999.0
-9999.0 -9999.0 -9999.0 -9999.0 -9999.0 -9999.0 -9999.0 -9999.0 -9999.0 -9999.0 -9999.0 -9999.0 -9999.0 -9999.0 -9999.0 -9999.0 -9999.0 -9999.0 -9999.0 -9999.0 -9999.0 -9999.0 -9999.0 -9999.0 -9999.0 -9999.0 -9999.0 -9999.0 -9999.0 -9999.0 -9999.0 -9999.0 -9999.0 -9999.0 -9999.0 -9999.0 -9999.0 -9999.0 -9999.0 -9999.0 -9999.0 -9999.0 -9999.0 -9999.0 -9999.0 -9999.0 -9999.0 -9999.0 -9999.0 -9999.0 -9999.0 -9999.0 -9999.0 -9999.0 -9999.0 -9999.0 -9999.0 -9999.0 -9999.0 -9999.0 -9999.0 -9999.0 -9999.0 -9999.0 -9999.0 -9999.0 -9999.0 -9999.0 -9999.0 -9999.0 -9999.0 -9999.0 -9999.0 -9999.0 -9999.0 -9999.0 -9999.0 -9999.0 -9999.0 -9999.0
-9999.0 -9999.0 -9999.0 -9999.0 -9999.0 -9999.0 -9999.0 -9999.0 -9999.0 -9999.0 -9999.0 -9999.0 -9999.0 -9999.0 -9999.0 -9999.0 -9999.0 -9999.0 -9999.0 -9999.0 -9999.0 -9999.0 -9999.0 -9999.0 -9999.0 -9999.0 -9999.0 -9999.0 -9999.0 -9999.0 -9999.0 -9999.0 -9999.0 -9999.0 -9999.0 -9999.0 -9999.0 -9999.0 -9999.0 -9999.0 -9999.0 -9999.0 -9999.0 -9999.0 -9999.0 -9999.0 -9999.0 -9999.0 -9999.0 -9999.0 -9999.0 -9999.0 -9999.0 -9999.0 -9999.0 -9999.0 -9999.0 -9999.0 -9999.0 -9999.0 -9999.0 -9999.0 -9999.0 -9999.0 -9999.0 -9999.0 -9999.0 -9999.0 -9999.0 -9999.0 -9999.0 -9999.0 -9999.0 -9999.0 -9999.0 -9999.0 -9999.0 -9999.0 -9999.0 -9999.0