Borden_/Borden1m_014/output_maps/psiliqL0025N0028.asc
ncols         80
nrows         18
xllcorner     620200.000000
yllcorner     5168000.000000
cellsize      1.000000
NODATA_value  -9999.0
-9999.0 -9999.0 -9999.0 -9999.0 -9999.0 -9999.0 -9999.0 -9999.0 -9999.0 -9999.0 -9999.0 -9999.0 -9999.0 -9999.0 -9999.0 -9999.0 -9999.0 -9999.0 -9999.0 -9999.0 -9999.0 -9999.0 -9999.0 -9999.0 -9999.0 -9999.0 -9999.0 -9999.0 -9999.0 -9999.0 -9999.0 -9999.0 -9999.0 -9999.0 -9999.0 -9999.0 -9999.0 -9999.0 -9999.0 -9999.0 -9999.0 -9999.0 -9999.0 -9999.0 -9999.0 -9999.0 -9999.0 -9999.0 -9999.0 -9999.0 -9999.0 -9999.0 -9999.0 -9999.0 -9999.0 -9999.0 -9999.0 -9999.0 -9999.0 -9999.0 -9999.0 -9999.0 -9999.0 -9999.0 -9999.0 -9999.0 -9999.0 -9999.0 -9999.0 -9999.0 -9999.0 -9999.0 -9999.0 -9999.0 -9999.0 -9999.0 -9999.0 -9999.0 -9999.0 -9999.0
-9999.0 -9999.0 -9999.0 -9999.0 -9999.0 -9999.0 -9999.0 -9999.0 -9999.0 -9999.0 -9999.0 -9999.0 -9999.0 -9999.0 -9999.0 -9999.0 -9999.0 -9999.0 -9999.0 -9999.0 -9999.0 -9999.0 -9999.0 -9999.0 -9999.0 -9999.0 -9999.0 -9999.0 -9999.0 -9999.0 -9999.0 -9999.0 -9999.0 -9999.0 -9999.0 -9999.0 -9999.0 -9999.0 -9999.0 -9999.0 -9999.0 -9999.0 -9999.0 -9999.0 -9999.0 -9999.0 -9999.0 -9999.0 -9999.0 -9999.0 -9999.0 -9999.0 -9999.0 -9999.0 -9999.0 -9999.0 -9999.0 -9999.0 -9999.0 -9999.0 -9999.0 -9999.0 -9999.0 -9999.0 -9999.0 -9999.0 -9999.0 -9999.0 -9999.0 -9999.0 -9999.0 -9999.0 -9999.0 -9999.0 -9999.0 -9999.0 -9999.0 -9999.0 -9999.0 -9999.0
-9999.0 -9999.0 -9999.0 -9999.0 -9999.0 -9999.0 -9999.0 -9999.0 -9999.0 -9999.0 -9999.0 -9999.0 -9999.0 -9999.0 -9999.0 -9999.0 -9999.0 -9999.0 -9999.0 -9999.0 3126.085626 3127.109912 3105.300390 3071.088114 3042.689193 3044.312244 3077.065079 3117.388363 3155.802011 3163.060370 3143.803625 3147.258593 3142.577243 3138.056335 3138.206653 3145.688133 3152.017352 3161.623120 3168.491295 3166.154738 3158.761173 3153.634361 3155.940081 3157.585590 3163.777919 3149.650351 3165.535236 3179.906701 3184.809692 3182.192434 3160.243693 3148.340370 3140.582506 3125.316968 3151.992071 3163.920513 3186.512617 3191.406214 3189.777128 3164.160756 3134.300059 -9999.0 -9999.0 -9999.0 -9999.0 -9999.0 -9999.0 -9999.0 -9999.0 -9999.0 -9999.0 -9999.0 -9999.0 -9999.0 -9999.0 -9999.0 -9999.0 -9999.0 -9999.0 -9999.0
-9999.0 -9999.0 -9999.0 -9999.0 -9999.0 -9999.0 -9999.0 -9999.0 -9999.0 -9999.0 -9999.0 -9999.0 -9999.0 -9999.0 3036.240861 3027.284556 3024.181554 3031.256364 3063.481708 3093.443765 3105.021058 3097.343804 3096.910249 3071.961880 3048.931680 3061.221232 3090.145134 3120.081278 3152.941862 3169.951978 3158.530818 3155.620060 3162.381667 3180.053447 3187.945497 3184.139986 3168.287312 3190.191044 3203.239377 3207.596368 3205.446035 3195.515722 3204.334501 3218.294911 3211.240493 3196.027475 3206.804956 3221.786703 3232.897805 3224.840149 3168.969144 3156.971889 3154.250683 3150.590159 3138.032498 3134.542413 3163.129133 3163.172389 3156.346085 3139.579508 3106.745881 3061.892472 3043.462933 3084.392688 3128.480384 3184.564546 -9999.0 -9999.0 -9999.0 -9999.0 -9999.0 -9999.0 -9999.0 -9999.0 -9999.0 -9999.0 -9999.0 -9999.0 -9999.0 -9999.0
-9999.0 -9999.0 -9999.0 -9999.0 -9999.0 -9999.0 -9999.0 -9999.0 -9999.0 2982.869422 2984.908429 2991.567153 2993.641762 3008.467686 3005.030082 3011.584365 3015.352083 3042.045884 3071.068807 3104.098964 3130.610825 3120.937079 3119.192803 3122.925220 3117.352980 3124.825526 3144.615115 3179.012997 3209.929897 3244.764485 3211.046048 3205.872753 3223.019593 3264.098730 3287.229906 3289.122735 3270.395433 3286.436255 3309.693186 3325.344211 3321.701880 3315.676655 3341.330780 3356.343061 3350.600138 3329.335561 3327.765692 3335.163745 3364.426519 3314.287094 3249.162498 3210.986955 3226.933728 3206.138785 3180.390181 3171.346733 3172.436451 3191.996960 3180.791129 3148.694886 3115.946885 3104.887866 3088.668694 3110.061419 3133.854662 3180.048858 3220.304703 3250.468565 3250.346373 3233.379421 -9999.0 -9999.0 -9999.0 -9999.0 -9999.0 -9999.0 -9999.0 -9999.0 -9999.0 -9999.0
-9999.0 -9999.0 -9999.0 -9999.0 -9999.0 -9999.0 2904.032811 2914.566669 2935.377378 2938.158965 2964.584586 2969.820423 2983.193044 2999.877759 3020.994271 3033.338141 3057.857612 3087.113957 3122.497088 3159.553295 3184.963947 3174.651878 3177.813787 3196.937170 3223.442548 3242.098911 3264.069498 3301.072079 3372.319771 3408.204900 3401.071189 3401.749974 3409.825828 3459.792625 3523.474155 3534.462339 3513.861940 3500.718923 3524.007872 3561.136793 3559.422340 3558.229857 3571.035499 3581.722103 3608.473913 3597.804279 3562.021916 3556.425680 3562.837938 3540.700939 3472.646393 3415.749092 3396.911898 3351.149431 3268.886489 3226.312265 3249.776203 3277.782583 3256.535323 3207.792620 3177.471346 3172.513913 3161.993858 3155.501463 3168.336140 3190.811444 3215.362503 3229.686940 3218.315615 3197.954201 3176.999039 3149.082893 3151.888538 3177.011350 -9999.0 -9999.0 -9999.0 -9999.0 -9999.0 -9999.0
-9999.0 -9999.0 -9999.0 -9999.0 2854.326457 2867.227486 2852.626153 2878.750091 2910.757569 2944.315468 2971.759393 2997.132093 3019.519844 3045.504385 3078.039954 3099.757395 3131.318787 3160.209395 3204.912455 3265.357273 3309.011741 3322.153800 3330.203534 3380.491758 3436.327712 3483.128981 3501.555230 3527.097941 3572.224327 3628.405300 3650.621538 3653.459703 3670.333997 3713.085775 3768.774590 3803.708836 3786.153911 3777.224566 3787.068971 3801.155166 3823.290235 3823.365616 3824.476842 3828.499931 3835.999887 3834.342183 3807.999276 3774.697690 3761.803643 3751.823049 3714.379757 3642.746156 3612.422568 3583.867373 3542.238470 3488.635292 3440.981556 3441.807149 3387.807574 3333.787598 3284.132175 3276.269766 3256.317338 3240.751260 3223.610586 3236.061543 3248.234153 3233.567056 3204.148528 3175.794449 3163.065157 3145.741719 3134.733709 3166.033165 3183.842591 3213.529856 -9999.0 -9999.0 -9999.0 -9999.0
-9999.0 -9999.0 2795.278229 2840.674975 2897.617976 2903.767007 2897.453900 2900.389609 2926.761795 2975.924314 3031.005930 3067.349285 3095.756017 3125.070595 3173.221587 3234.811778 3294.101867 3335.892933 3392.754503 3461.312361 3519.941546 3546.598657 3555.421481 3590.639740 3644.883090 3713.306268 3741.080218 3767.341520 3798.831080 3834.931754 3827.813980 3838.650063 3850.851142 3863.086484 3877.566165 3884.434581 3879.652153 3875.068708 3856.557333 3851.465042 3857.966677 3865.818598 3864.945967 3850.339575 3846.372664 3861.298721 3867.415281 3865.411556 3862.721152 3867.726544 3863.640377 3815.823479 3797.271844 3782.201881 3770.769948 3724.871116 3658.537708 3626.056998 3604.930738 3564.384171 3491.393737 3453.847045 3414.669317 3380.121166 3343.028930 3329.782089 3297.518387 3265.666586 3227.269693 3186.856567 3168.674178 3154.500822 3154.296500 3155.140866 3172.992614 3188.617476 3204.654493 3212.767272 -9999.0 -9999.0
-9999.0 2692.071483 2763.668174 2878.313199 2955.675095 2988.600342 2997.296070 3000.342391 3024.406696 3054.937885 3140.963059 3189.878738 3271.833035 3308.073381 3348.193179 3437.299211 3530.578124 3573.324175 3611.647265 3674.416580 3739.429262 3786.175938 3812.329246 3792.971931 3831.945249 3860.481638 3868.211255 3874.941612 3874.674739 3866.190042 3859.585583 3866.295360 3863.379042 3844.289930 3828.301801 3826.583223 3823.201025 3799.964855 3772.504662 3757.132815 3758.619230 3783.478267 3770.428058 3749.093474 3744.693646 3766.291914 3787.501203 3776.865626 3763.752285 3780.297035 3814.771993 3839.384403 3841.010562 3859.408271 3880.491810 3851.662031 3829.961653 3786.402993 3769.595716 3744.267411 3687.732664 3633.011430 3585.157508 3536.846408 3484.650889 3435.722618 3388.362221 3341.601334 3288.592003 3256.076107 3231.967969 3189.334497 3177.160197 3183.273050 3178.738685 3177.364341 3183.969148 3190.617280 -9999.0 -9999.0
-9999.0 2596.704964 2736.237397 2906.327998 3045.075389 3084.982663 3147.256962 3201.167650 3214.201411 3161.609309 3259.391161 3474.273663 3593.489334 3610.188257 3684.699073 3778.524514 3763.110876 3794.088392 3816.921529 3841.453995 3861.200484 3875.062764 3873.223547 3867.927548 3851.518066 3843.531507 3842.672822 3840.591710 3823.284237 3804.410295 3787.669031 3784.605729 3766.838951 3717.943760 3684.950191 3667.728172 3649.229150 3635.681348 3608.327778 3582.507032 3566.323388 3577.093994 3574.995733 3561.346309 3556.922530 3575.147808 3605.973675 3603.707220 3614.993141 3634.484285 3669.858383 3707.695937 3726.862147 3755.794504 3791.254189 3838.763737 3847.873953 3870.211003 3873.258489 3862.303161 3816.132536 3764.908861 3735.668288 3680.622858 3621.175700 3559.619983 3511.056474 3466.591733 3411.751772 3377.800709 3338.859949 3285.620060 3242.663117 3234.707325 3201.458512 3188.330888 -9999.0 -9999.0 -9999.0 -9999.0
-9999.0 2495.859980 2675.975719 2907.187824 3194.170728 3265.967560 3465.033312 3577.989306 3616.501899 3682.816290 3569.667085 3770.639274 3821.701891 3816.254717 3830.375052 3833.301754 3847.385033 3846.842923 3841.773979 3830.831384 3821.344059 3816.849982 3815.759036 3807.865171 3795.284998 3780.718498 3768.881221 3757.566234 3721.180853 3689.469971 3650.790270 3638.472112 3594.701518 3503.531782 3464.992953 3427.060968 3367.083087 3369.392988 3376.274793 3352.725954 3333.395482 3305.933364 3334.969059 3345.213638 3349.198389 3345.086253 3354.981379 3382.593915 3429.659852 3463.591030 3502.224820 3549.754920 3579.830893 3618.720282 3658.459335 3710.481741 3741.344709 3770.058397 3818.507659 3855.404814 3878.032819 3864.258546 3845.301936 3801.127428 3741.167314 3692.027956 3663.360431 3613.309311 3570.051763 3526.637284 3480.414598 3427.903386 3366.865558 3313.371475 3279.552599 -9999.0 -9999.0 -9999.0 -9999.0 -9999.0
-9999.0 2275.586699 2539.661651 2797.295025 3068.386743 3406.003909 3572.402456 3667.061065 3729.480376 3710.309025 3731.677156 3738.500206 3775.337012 3782.284336 3760.835965 3747.255994 3730.010432 3728.921805 3741.951920 3714.802572 3684.802989 3671.598716 3672.472662 3661.777662 3638.113503 3623.248415 3613.970331 3595.725877 3552.904852 3503.294308 3420.204336 3386.769195 3309.489549 3270.563720 3234.439043 3188.196135 3146.005695 3151.615070 3174.330838 3167.062700 3146.615574 3129.789878 3158.980456 3177.751507 3190.779835 3174.794360 3181.354403 3215.351052 3261.327717 3301.175298 3344.524695 3391.693887 3432.938114 3471.909224 3492.960887 3532.388177 3574.092823 3615.320788 3684.938477 3762.549419 3797.976572 3832.274899 3861.490386 3883.234151 3840.583021 3814.014631 3790.548967 3767.409607 3721.578434 3676.425911 3635.906147 3571.881429 3512.398497 -9999.0 -9999.0 -9999.0 -9999.0 -9999.0 -9999.0 -9999.0
-9999.0 2162.502812 2357.265784 2550.976788 2789.226161 3012.421728 3229.118817 3319.245101 3388.439870 3456.373062 3508.367160 3545.294130 3571.007016 3592.326234 3569.684183 3524.265016 3492.372456 3497.270002 3488.754624 3467.745902 3440.241471 3427.462010 3425.055074 3420.397499 3399.334010 3389.188049 3382.582503 3365.104140 3339.916142 3287.962822 3217.236700 3147.262733 3094.277274 3074.940345 3052.776299 3026.389049 2999.968072 3013.562004 3026.509561 3026.725209 3020.338817 3020.601905 3049.643081 3069.323968 3078.765007 3067.789250 3085.815988 3108.791740 3145.463654 3182.806150 3226.856586 3276.271748 3324.035025 3343.889312 3346.006115 3357.606028 3384.751796 3427.675763 3503.527040 3588.924333 3665.534043 3710.539414 3760.944729 3800.542643 3828.252611 3853.861458 3875.674861 3868.291560 3842.720550 3809.611203 3751.426066 -9999.0 -9999.0 -9999.0 -9999.0 -9999.0 -9999.0 -9999.0 -9999.0 -9999.0
-9999.0 -9999.0 2131.164128 2284.955410 2384.303024 2547.963180 2692.637890 2802.734772 2873.992725 3002.184226 3122.008093 3211.956273 3257.554245 3272.888127 3258.958660 3230.385434 3213.059114 3212.733476 3201.256485 3194.940672 3180.654718 3175.607928 3166.369638 3159.344733 3155.456058 3155.123196 3153.336009 3145.811233 3129.717250 3089.121857 3052.714459 3009.269210 2972.423814 2951.137382 2933.268905 2916.515487 2920.741266 2916.214158 2921.992596 2925.134680 2934.890542 2949.169756 2968.595660 2985.652754 2995.183062 3005.154088 3015.844831 3037.192587 3066.764159 3106.357477 3157.132758 3210.087849 3245.312827 3251.707562 3233.502944 3228.317720 3236.284376 3264.892248 3327.885428 3396.257725 3485.010710 3549.860091 3616.373470 3671.876257 3698.269715 3734.641462 3804.247440 3852.228531 3893.924389 3871.565316 -9999.0 -9999.0 -9999.0 -9999.0 -9999.0 -9999.0 -9999.0 -9999.0 -9999.0 -9999.0
-9999.0 -9999.0 -9999.0 -9999.0 2145.604478 2293.074709 2390.765553 2471.107494 2605.788415 2737.784696 2812.085944 2898.270991 2966.685250 2981.145628 2981.403842 2997.661773 2996.649508 2987.696152 2977.026221 2981.901123 2986.884601 2981.191262 2976.642882 2970.882519 2975.261324 2983.813051 2982.965638 2971.260591 2954.557775 2941.318325 2929.374818 2899.935360 2869.075257 2843.101501 2832.350236 2830.279816 2831.282999 2824.153408 2833.073403 2842.252487 2858.462516 2873.754007 2897.296401 2926.831996 2941.496152 2956.128777 2964.655246 2983.039231 3006.395131 3057.392256 3118.601641 3174.520684 3206.925750 3206.925037 3179.154376 3157.288814 3144.772791 3162.098281 3189.462352 3240.035829 3328.733661 3390.159722 3435.430184 3474.164491 3510.357635 3574.899168 3668.583411 3749.384469 -9999.0 -9999.0 -9999.0 -9999.0 -9999.0 -9999.0 -9999.0 -9999.0 -9999.0 -9999.0 -9999.0 -9999.0
-9999.0 -9999.0 -9999.0 -9999.0 -9999.0 -9999.0 2121.935505 2227.979494 2296.265817 2450.085925 2596.451912 2706.141238 2791.529001 2828.848574 2825.337443 2855.451062 2856.099892 2835.995403 2814.317153 2836.203537 2855.497652 2849.328635 2817.448175 2819.438451 2827.220706 2836.098881 2834.830029 2830.411433 2807.582746 2826.022547 2832.245732 2811.591284 2788.416545 2798.744139 2787.357468 2797.178106 2797.149875 2782.581136 2781.387021 2793.705649 2814.905653 2827.907147 2848.963665 2882.149842 2914.585875 2930.154069 2930.884743 2935.372160 2971.757481 3034.923632 3105.316964 3159.797431 3189.468590 3193.838934 3163.816020 3118.845164 3092.522374 3091.238221 3115.314375 3154.465610 3213.236786 3249.087846 3259.993300 3260.919747 3272.927627 3371.437791 -9999.0 -9999.0 -9999.0 -9999.0 -9999.0 -9999.0 -9999.0 -9999.0 -9999.0 -9999.0 -9999.0 -9999.0 -9999.0 -9999.0
-9999.0 -9999.0 -9999.0 -9999.0 -9999.0 -9999.0 -9999.0 -9999.0 -9999.0 -9999.0 -9999.0 -9999.0 -9999.0 -9999.0 -9999.0 -9999.0 -9999.0 -9999.0 -9999.0 -9999.0 -9999.0 -9999.0 -9999.0 -9999.0 -9999.0 -9999.0 -9999.0 -9999.0 -9999.0 -9999.0 -9999.0 -9999.0 -9999.0 -9999.0 -9999.0 -9999.0 -9999.0 -9999.0 -9999.0 -9999.0 -9999.0 -9999.0 -9999.0 -9999.0 -9999.0 -9999.0 -9999.0 -9999.0 -9999.0 -9999.0 -9999.0 -9999.0 -9999.0 -9999.0 -9999.0 -9999.0 -9999.0 -9999.0 -9999.0 -9999.0 -9999.0 -9999.0 -9999.0 -9999.0 -9999.0 -9999.0 -9999.0 -9999.0 -9999.0 -9999.0 -9999.0 -9999.0 -9999.0 -9999.0 -9999.0 -9999.0 -9999.0 -9999.0 -9999.0 -9999.0
-9999.0 -9999.0 -9999.0 -9999.0 -9999.0 -9999.0 -9999.0 -9999.0 -9999.0 -9999.0 -9999.0 -9999.0 -9999.0 -9999.0 -9999.0 -9999.0 -9999.0 -9999.0 -9999.0 -9999.0 -9999.0 -9999.0 -9999.0 -9999.0 -9999.0 -9999.0 -9999.0 -9999.0 -9999.0 -9999.0 -9999.0 -9999.0 -9999.0 -9999.0 -9999.0 -9999.0 -9999.0 -9999.0 -9999.0 -9999.0 -9999.0 -9999.0 -9999.0 -9999.0 -9999.0 -9999.0 -9999.0 -9999.0 -9999.0 -9999.0 -9999.0 -9999.0 -9999.0 -9999.0 -9999.0 -9999.0 -9999.0 -9999.0 -9999.0 -9999.0 -9999.0 -9999.0 -9999.0 -9999.0 -9999.0 -9999.0 -9999.0 -9999.0 -9999.0 -9999.0 -9999.0 -9999.0 -9999.0 -9999.0 -9999.0 -9999.0 -9999.0 -9999.0 -9999.0 -9999.0