Borden_/Borden1m_014/output_maps/psiliqL0016N0016.asc
ncols         80
nrows         18
xllcorner     620200.000000
yllcorner     5168000.000000
cellsize      1.000000
NODATA_value  -9999.0
-9999.0 -9999.0 -9999.0 -9999.0 -9999.0 -9999.0 -9999.0 -9999.0 -9999.0 -9999.0 -9999.0 -9999.0 -9999.0 -9999.0 -9999.0 -9999.0 -9999.0 -9999.0 -9999.0 -9999.0 -9999.0 -9999.0 -9999.0 -9999.0 -9999.0 -9999.0 -9999.0 -9999.0 -9999.0 -9999.0 -9999.0 -9999.0 -9999.0 -9999.0 -9999.0 -9999.0 -9999.0 -9999.0 -9999.0 -9999.0 -9999.0 -9999.0 -9999.0 -9999.0 -9999.0 -9999.0 -9999.0 -9999.0 -9999.0 -9999.0 -9999.0 -9999.0 -9999.0 -9999.0 -9999.0 -9999.0 -9999.0 -9999.0 -9999.0 -9999.0 -9999.0 -9999.0 -9999.0 -9999.0 -9999.0 -9999.0 -9999.0 -9999.0 -9999.0 -9999.0 -9999.0 -9999.0 -9999.0 -9999.0 -9999.0 -9999.0 -9999.0 -9999.0 -9999.0 -9999.0
-9999.0 -9999.0 -9999.0 -9999.0 -9999.0 -9999.0 -9999.0 -9999.0 -9999.0 -9999.0 -9999.0 -9999.0 -9999.0 -9999.0 -9999.0 -9999.0 -9999.0 -9999.0 -9999.0 -9999.0 -9999.0 -9999.0 -9999.0 -9999.0 -9999.0 -9999.0 -9999.0 -9999.0 -9999.0 -9999.0 -9999.0 -9999.0 -9999.0 -9999.0 -9999.0 -9999.0 -9999.0 -9999.0 -9999.0 -9999.0 -9999.0 -9999.0 -9999.0 -9999.0 -9999.0 -9999.0 -9999.0 -9999.0 -9999.0 -9999.0 -9999.0 -9999.0 -9999.0 -9999.0 -9999.0 -9999.0 -9999.0 -9999.0 -9999.0 -9999.0 -9999.0 -9999.0 -9999.0 -9999.0 -9999.0 -9999.0 -9999.0 -9999.0 -9999.0 -9999.0 -9999.0 -9999.0 -9999.0 -9999.0 -9999.0 -9999.0 -9999.0 -9999.0 -9999.0 -9999.0
-9999.0 -9999.0 -9999.0 -9999.0 -9999.0 -9999.0 -9999.0 -9999.0 -9999.0 -9999.0 -9999.0 -9999.0 -9999.0 -9999.0 -9999.0 -9999.0 -9999.0 -9999.0 -9999.0 -9999.0 1352.937904 1355.968018 1335.244681 1303.190987 1277.139933 1281.233598 1317.259999 1359.859436 1399.778180 1410.841605 1394.757639 1400.022211 1398.469527 1399.693629 1404.300387 1413.220168 1419.253138 1430.872672 1439.174948 1438.226049 1431.567296 1426.117216 1426.481009 1429.063475 1434.583415 1423.319989 1437.878970 1453.198399 1457.607681 1451.271084 1422.315702 1404.236186 1392.130768 1373.633682 1395.857943 1405.185155 1425.466786 1427.179095 1423.263973 1394.690493 1363.648214 -9999.0 -9999.0 -9999.0 -9999.0 -9999.0 -9999.0 -9999.0 -9999.0 -9999.0 -9999.0 -9999.0 -9999.0 -9999.0 -9999.0 -9999.0 -9999.0 -9999.0 -9999.0 -9999.0
-9999.0 -9999.0 -9999.0 -9999.0 -9999.0 -9999.0 -9999.0 -9999.0 -9999.0 -9999.0 -9999.0 -9999.0 -9999.0 -9999.0 1257.446224 1249.111160 1247.990795 1258.136983 1293.501599 1325.348300 1337.923154 1331.854604 1333.751570 1312.340518 1294.061477 1310.352915 1342.069199 1374.941011 1410.462253 1431.637940 1422.584200 1423.484441 1436.763626 1465.279948 1480.441259 1479.783238 1462.039192 1486.412949 1501.632928 1508.720041 1507.082394 1497.721558 1509.220072 1524.171980 1517.316598 1501.204393 1508.486898 1521.577746 1533.147972 1518.811123 1453.173895 1430.854151 1422.340569 1412.543938 1395.872038 1387.355109 1410.364852 1407.269433 1396.410209 1376.399707 1342.091600 1297.088913 1276.991446 1314.215843 1356.303789 1412.024603 -9999.0 -9999.0 -9999.0 -9999.0 -9999.0 -9999.0 -9999.0 -9999.0 -9999.0 -9999.0 -9999.0 -9999.0 -9999.0 -9999.0
-9999.0 -9999.0 -9999.0 -9999.0 -9999.0 -9999.0 -9999.0 -9999.0 -9999.0 1196.317267 1201.869729 1210.328124 1214.146231 1231.217367 1229.885646 1238.755764 1247.463929 1276.942591 1310.437683 1347.916808 1378.521439 1371.751357 1374.657711 1387.388929 1393.886795 1409.055153 1433.027099 1474.193620 1513.013563 1553.987788 1527.193542 1528.975650 1554.319619 1607.294947 1642.887816 1651.460795 1635.156662 1645.995059 1670.176367 1689.453329 1686.578283 1682.210157 1705.878363 1719.235624 1719.256395 1700.524964 1692.613711 1696.058485 1722.254941 1669.859361 1600.200525 1545.312661 1544.704641 1511.945060 1473.335814 1451.806126 1445.752683 1461.629005 1442.996172 1403.104956 1364.800920 1351.278684 1331.320978 1346.487072 1366.478630 1410.585073 1447.953060 1474.576575 1472.168933 1453.370759 -9999.0 -9999.0 -9999.0 -9999.0 -9999.0 -9999.0 -9999.0 -9999.0 -9999.0 -9999.0
-9999.0 -9999.0 -9999.0 -9999.0 -9999.0 -9999.0 1116.543474 1127.113538 1148.565960 1153.780192 1180.593527 1189.204814 1211.383456 1232.460139 1256.473488 1275.191556 1307.460000 1343.379880 1387.766150 1434.770322 1470.056690 1466.996305 1480.411281 1515.078234 1560.511207 1594.158369 1621.767343 1661.686786 1735.913156 1776.712656 1783.911334 1793.517534 1812.183555 1871.355628 1940.493152 1957.049268 1938.953795 1925.673944 1945.077895 1978.264216 1979.638075 1978.512053 1988.146187 1997.113581 2023.136869 2015.763602 1980.997969 1971.725389 1972.622019 1954.730809 1888.332769 1816.548900 1775.920492 1721.995872 1637.517245 1582.219746 1586.044883 1597.854318 1563.142617 1505.426908 1462.019576 1447.924601 1428.777283 1412.312030 1415.801503 1431.929612 1451.133740 1459.533478 1443.866048 1420.476457 1396.152013 1365.435703 1365.463502 1389.238109 -9999.0 -9999.0 -9999.0 -9999.0 -9999.0 -9999.0
-9999.0 -9999.0 -9999.0 -9999.0 1065.612350 1079.670064 1068.320952 1095.019485 1129.139343 1164.840967 1197.954801 1236.256711 1265.445925 1298.267895 1341.477081 1378.596828 1423.340718 1463.116206 1523.993469 1599.931951 1656.006813 1681.710567 1699.809996 1764.970421 1838.795858 1898.826656 1922.053867 1947.882684 1987.888710 2043.484282 2069.132297 2077.906386 2100.604582 2142.488330 2193.435502 2228.066996 2212.973781 2206.083380 2212.031508 2221.966240 2242.948119 2242.589611 2243.566929 2245.913976 2251.205877 2252.004805 2231.060383 2201.618601 2189.919631 2180.845260 2148.547737 2075.705712 2034.265545 2003.437355 1968.690330 1915.446083 1848.008321 1823.727742 1758.786532 1697.265242 1633.018252 1607.049312 1569.795407 1539.026320 1505.778665 1502.701556 1501.422113 1476.670930 1440.452459 1404.895811 1386.961459 1365.338425 1351.557358 1379.317646 1394.960783 1423.756219 -9999.0 -9999.0 -9999.0 -9999.0
-9999.0 -9999.0 1004.179555 1053.579941 1112.350130 1123.104801 1125.119270 1132.910460 1163.287593 1217.396128 1293.724982 1345.248819 1388.921375 1426.544311 1491.254265 1575.540526 1651.506822 1705.567190 1775.491666 1858.539681 1927.296183 1961.591713 1978.509848 2020.689486 2080.993558 2147.287386 2174.715743 2199.104506 2227.062474 2257.668737 2265.383486 2279.788970 2291.078988 2297.832563 2305.808606 2308.260087 2303.997245 2299.315515 2281.244876 2276.859735 2282.840244 2287.772035 2288.771558 2275.644509 2272.323355 2287.104372 2293.394506 2295.277379 2297.119745 2305.402062 2307.532942 2266.287120 2230.933177 2215.822241 2205.470284 2161.034506 2095.083721 2051.153386 2025.989495 1982.660876 1905.241671 1849.479383 1789.174993 1734.428148 1676.165022 1637.800915 1584.390234 1535.881581 1484.126574 1433.400707 1405.540918 1383.269779 1376.600547 1372.468894 1385.514623 1398.350661 1411.830635 1418.654749 -9999.0 -9999.0
-9999.0 899.487273 972.571555 1100.028605 1182.793418 1230.559280 1264.011867 1287.961227 1318.722428 1348.362026 1454.060807 1542.576782 1635.851369 1677.902158 1735.467812 1842.945470 1942.968869 1993.539596 2038.138285 2102.158570 2165.817157 2212.986701 2240.193363 2248.423784 2285.369042 2302.397473 2306.662347 2310.026477 2305.746335 2296.628573 2287.191201 2293.455000 2290.837290 2273.036550 2256.740440 2251.872380 2244.897247 2220.944193 2193.451310 2179.257739 2181.615086 2204.754955 2192.917070 2173.049917 2169.831969 2191.433874 2212.527822 2206.814668 2198.955579 2220.358682 2255.855470 2277.581242 2286.558266 2303.409697 2323.872861 2297.420873 2269.266544 2227.033133 2207.817845 2181.013201 2126.238796 2066.439426 2010.008140 1948.111489 1876.947059 1798.759600 1726.249389 1656.017317 1582.962927 1536.042766 1498.808105 1441.840551 1414.192853 1409.197144 1395.293919 1388.594121 1391.592586 1396.647668 -9999.0 -9999.0
-9999.0 817.197931 960.270739 1146.497402 1299.096763 1363.276844 1468.856439 1549.563239 1577.939828 1549.533758 1660.406326 1885.489314 1994.100745 2015.426521 2091.879947 2186.716781 2206.076035 2241.451418 2267.262969 2282.637973 2293.774708 2303.521100 2300.785640 2295.139361 2281.549862 2275.157697 2275.043056 2273.222606 2256.381206 2236.469244 2216.800100 2210.924954 2191.859239 2147.285854 2112.054003 2089.279695 2067.274793 2046.570060 2015.426428 1989.911904 1975.309900 1990.756560 1985.305191 1969.654613 1966.298319 1988.222436 2021.185099 2021.230961 2036.324665 2065.495937 2108.654769 2148.398857 2170.978253 2201.618694 2238.335444 2281.511054 2295.120062 2316.280358 2320.566105 2303.977172 2262.602248 2213.335037 2182.077070 2123.949420 2054.019926 1973.553133 1903.721077 1832.633074 1755.646693 1702.993573 1646.960903 1576.914084 1511.158319 1476.085168 1428.630580 1404.035311 -9999.0 -9999.0 -9999.0 -9999.0
-9999.0 735.479484 923.737938 1182.955542 1468.265462 1587.679191 1806.661057 1939.448720 1995.535930 2065.334595 2034.386176 2190.963445 2233.978368 2232.282073 2236.378117 2244.666421 2263.480210 2269.245467 2268.070829 2260.317834 2252.085395 2246.496622 2242.654873 2233.453334 2220.794912 2206.538759 2194.406159 2183.309833 2147.268169 2112.511142 2070.743086 2051.304353 2009.627895 1917.140323 1870.374960 1824.484097 1756.465762 1746.125828 1740.239978 1712.337640 1693.227000 1672.130790 1695.327673 1701.269164 1704.362003 1707.250115 1724.960671 1753.996975 1807.909990 1857.204066 1909.667211 1965.329705 2002.999902 2050.047744 2098.593704 2153.757002 2185.664829 2216.322009 2264.000356 2303.012968 2327.591277 2318.176992 2294.748973 2253.292123 2188.248655 2127.173965 2081.306688 2010.095612 1946.683667 1892.103803 1835.556397 1763.655109 1679.186996 1572.693959 1519.832039 -9999.0 -9999.0 -9999.0 -9999.0 -9999.0
-9999.0 550.540119 818.947495 1107.693936 1425.302697 1770.366053 1921.811289 2053.097717 2127.425603 2100.532620 2112.807363 2133.632508 2175.916278 2185.984465 2169.728803 2164.409217 2155.627519 2157.642289 2171.914482 2146.676590 2116.269516 2098.342025 2092.388009 2076.458527 2050.721249 2033.372079 2022.146950 2002.979553 1955.512554 1900.126130 1808.011422 1768.770518 1687.870012 1631.384761 1584.339311 1529.007333 1472.536166 1468.434281 1485.039308 1470.603905 1448.695789 1430.660653 1457.929363 1476.640558 1489.482998 1478.272427 1488.539907 1527.353931 1582.142895 1633.641101 1689.458639 1748.487451 1800.486497 1857.025335 1897.939220 1951.970102 2001.835158 2051.153294 2127.723353 2207.690973 2246.629396 2282.666618 2316.786069 2335.708191 2288.455313 2245.107096 2200.440858 2147.707383 2076.604836 2037.096679 2008.265139 1946.305963 1877.638910 -9999.0 -9999.0 -9999.0 -9999.0 -9999.0 -9999.0 -9999.0
-9999.0 425.608296 642.441715 870.134799 1156.119342 1402.529491 1611.249549 1730.401904 1816.308796 1862.150414 1903.296692 1939.325399 1970.203312 1994.099616 1975.819310 1939.656446 1913.748561 1919.395443 1915.058273 1890.453014 1856.810873 1833.314595 1821.774680 1807.937993 1778.713251 1761.851122 1750.267412 1727.392567 1693.818490 1635.506649 1550.992081 1473.344273 1409.820641 1377.088263 1345.771489 1310.589774 1272.842274 1281.382863 1293.135055 1289.729402 1279.615823 1277.108909 1306.502459 1325.906389 1336.360870 1325.366790 1345.466479 1373.692496 1417.899270 1464.654334 1517.210619 1575.485786 1633.287373 1668.426551 1688.495992 1718.269723 1762.448695 1824.588092 1921.299706 2023.325419 2107.592593 2159.750343 2213.349653 2251.111300 2268.446224 2283.262106 2264.913315 2193.908411 2096.337388 2103.024976 2108.043622 -9999.0 -9999.0 -9999.0 -9999.0 -9999.0 -9999.0 -9999.0 -9999.0 -9999.0
-9999.0 -9999.0 409.505298 585.992914 722.886207 905.423583 1060.600178 1177.193343 1272.301297 1392.456587 1501.934504 1587.541151 1632.138010 1650.321885 1638.033993 1607.500974 1588.118672 1588.673280 1577.975345 1565.643280 1541.977223 1528.169903 1511.126007 1498.304913 1485.171746 1477.852298 1471.608699 1459.795891 1437.325081 1389.300551 1338.734215 1285.320091 1230.606549 1203.932494 1180.855756 1158.061776 1155.583970 1150.798620 1156.007869 1157.464778 1164.471087 1177.231300 1197.486574 1219.706543 1229.725359 1238.940563 1252.016283 1276.699734 1311.227725 1355.372183 1411.299203 1471.102291 1513.532321 1529.724545 1523.880285 1532.400325 1556.888834 1605.966013 1695.793729 1790.778747 1899.986980 1980.662578 2059.903183 2120.349615 2142.473707 2162.075211 2183.184576 2130.645667 1933.395280 2039.807916 -9999.0 -9999.0 -9999.0 -9999.0 -9999.0 -9999.0 -9999.0 -9999.0 -9999.0 -9999.0
-9999.0 -9999.0 -9999.0 -9999.0 445.502380 601.662067 700.643408 786.702284 918.454840 1041.394583 1143.463954 1227.405392 1289.485161 1316.352726 1312.889681 1319.115226 1315.213585 1309.222834 1298.905547 1296.317253 1292.610250 1281.919437 1264.629800 1254.701934 1253.666067 1257.310945 1254.050516 1239.934077 1221.714136 1198.326211 1176.783357 1141.251788 1104.314922 1074.283014 1060.320224 1053.829595 1052.963022 1045.666652 1054.180859 1061.421383 1076.661754 1091.986864 1115.871611 1144.970552 1158.854768 1173.840895 1183.962166 1205.075078 1236.319439 1290.775708 1355.410811 1414.568564 1452.084361 1458.581218 1436.246972 1423.261098 1422.754835 1455.208147 1506.577037 1582.206281 1694.449995 1778.528556 1849.726788 1910.486429 1953.195733 2006.644284 2071.827427 2109.101808 -9999.0 -9999.0 -9999.0 -9999.0 -9999.0 -9999.0 -9999.0 -9999.0 -9999.0 -9999.0 -9999.0 -9999.0
-9999.0 -9999.0 -9999.0 -9999.0 -9999.0 -9999.0 404.938993 507.511361 589.743941 729.101406 859.889139 961.444587 1041.825967 1073.639977 1100.071833 1127.166870 1125.525798 1107.137383 1087.635606 1105.080787 1116.930437 1109.061755 1077.257271 1075.142655 1078.652502 1086.150356 1083.501755 1076.734647 1051.274222 1061.985434 1061.790800 1037.744266 1010.978156 996.441649 984.048521 993.179056 993.036875 979.230844 979.785270 1006.473982 1026.716222 1039.946798 1061.896682 1095.215108 1127.683692 1143.030733 1144.666753 1151.213237 1191.908722 1262.911748 1335.421153 1391.795747 1425.469864 1435.083755 1409.626563 1371.526718 1353.569358 1364.129895 1403.658893 1462.593429 1546.464259 1605.036093 1643.066477 1670.134242 1698.156022 1793.530738 -9999.0 -9999.0 -9999.0 -9999.0 -9999.0 -9999.0 -9999.0 -9999.0 -9999.0 -9999.0 -9999.0 -9999.0 -9999.0 -9999.0
-9999.0 -9999.0 -9999.0 -9999.0 -9999.0 -9999.0 -9999.0 -9999.0 -9999.0 -9999.0 -9999.0 -9999.0 -9999.0 -9999.0 -9999.0 -9999.0 -9999.0 -9999.0 -9999.0 -9999.0 -9999.0 -9999.0 -9999.0 -9999.0 -9999.0 -9999.0 -9999.0 -9999.0 -9999.0 -9999.0 -9999.0 -9999.0 -9999.0 -9999.0 -9999.0 -9999.0 -9999.0 -9999.0 -9999.0 -9999.0 -9999.0 -9999.0 -9999.0 -9999.0 -9999.0 -9999.0 -9999.0 -9999.0 -9999.0 -9999.0 -9999.0 -9999.0 -9999.0 -9999.0 -9999.0 -9999.0 -9999.0 -9999.0 -9999.0 -9999.0 -9999.0 -9999.0 -9999.0 -9999.0 -9999.0 -9999.0 -9999.0 -9999.0 -9999.0 -9999.0 -9999.0 -9999.0 -9999.0 -9999.0 -9999.0 -9999.0 -9999.0 -9999.0 -9999.0 -9999.0
-9999.0 -9999.0 -9999.0 -9999.0 -9999.0 -9999.0 -9999.0 -9999.0 -9999.0 -9999.0 -9999.0 -9999.0 -9999.0 -9999.0 -9999.0 -9999.0 -9999.0 -9999.0 -9999.0 -9999.0 -9999.0 -9999.0 -9999.0 -9999.0 -9999.0 -9999.0 -9999.0 -9999.0 -9999.0 -9999.0 -9999.0 -9999.0 -9999.0 -9999.0 -9999.0 -9999.0 -9999.0 -9999.0 -9999.0 -9999.0 -9999.0 -9999.0 -9999.0 -9999.0 -9999.0 -9999.0 -9999.0 -9999.0 -9999.0 -9999.0 -9999.0 -9999.0 -9999.0 -9999.0 -9999.0 -9999.0 -9999.0 -9999.0 -9999.0 -9999.0 -9999.0 -9999.0 -9999.0 -9999.0 -9999.0 -9999.0 -9999.0 -9999.0 -9999.0 -9999.0 -9999.0 -9999.0 -9999.0 -9999.0 -9999.0 -9999.0 -9999.0 -9999.0 -9999.0 -9999.0