Borden_/Borden1m_014/output_maps/psiliqL0008N0013.asc
ncols         80
nrows         18
xllcorner     620200.000000
yllcorner     5168000.000000
cellsize      1.000000
NODATA_value  -9999.0
-9999.0 -9999.0 -9999.0 -9999.0 -9999.0 -9999.0 -9999.0 -9999.0 -9999.0 -9999.0 -9999.0 -9999.0 -9999.0 -9999.0 -9999.0 -9999.0 -9999.0 -9999.0 -9999.0 -9999.0 -9999.0 -9999.0 -9999.0 -9999.0 -9999.0 -9999.0 -9999.0 -9999.0 -9999.0 -9999.0 -9999.0 -9999.0 -9999.0 -9999.0 -9999.0 -9999.0 -9999.0 -9999.0 -9999.0 -9999.0 -9999.0 -9999.0 -9999.0 -9999.0 -9999.0 -9999.0 -9999.0 -9999.0 -9999.0 -9999.0 -9999.0 -9999.0 -9999.0 -9999.0 -9999.0 -9999.0 -9999.0 -9999.0 -9999.0 -9999.0 -9999.0 -9999.0 -9999.0 -9999.0 -9999.0 -9999.0 -9999.0 -9999.0 -9999.0 -9999.0 -9999.0 -9999.0 -9999.0 -9999.0 -9999.0 -9999.0 -9999.0 -9999.0 -9999.0 -9999.0
-9999.0 -9999.0 -9999.0 -9999.0 -9999.0 -9999.0 -9999.0 -9999.0 -9999.0 -9999.0 -9999.0 -9999.0 -9999.0 -9999.0 -9999.0 -9999.0 -9999.0 -9999.0 -9999.0 -9999.0 -9999.0 -9999.0 -9999.0 -9999.0 -9999.0 -9999.0 -9999.0 -9999.0 -9999.0 -9999.0 -9999.0 -9999.0 -9999.0 -9999.0 -9999.0 -9999.0 -9999.0 -9999.0 -9999.0 -9999.0 -9999.0 -9999.0 -9999.0 -9999.0 -9999.0 -9999.0 -9999.0 -9999.0 -9999.0 -9999.0 -9999.0 -9999.0 -9999.0 -9999.0 -9999.0 -9999.0 -9999.0 -9999.0 -9999.0 -9999.0 -9999.0 -9999.0 -9999.0 -9999.0 -9999.0 -9999.0 -9999.0 -9999.0 -9999.0 -9999.0 -9999.0 -9999.0 -9999.0 -9999.0 -9999.0 -9999.0 -9999.0 -9999.0 -9999.0 -9999.0
-9999.0 -9999.0 -9999.0 -9999.0 -9999.0 -9999.0 -9999.0 -9999.0 -9999.0 -9999.0 -9999.0 -9999.0 -9999.0 -9999.0 -9999.0 -9999.0 -9999.0 -9999.0 -9999.0 -9999.0 -270.826873 -267.838920 -290.830456 -325.298188 -354.167434 -352.489342 -317.316677 -275.972434 -238.121549 -227.729093 -245.929492 -244.469574 -249.414706 -249.192512 -245.732196 -239.362669 -236.407681 -224.638205 -216.047773 -216.348895 -222.672844 -228.545346 -229.881413 -226.371680 -221.354189 -230.226894 -216.505983 -200.937861 -194.524391 -199.885374 -227.746733 -244.065781 -252.439708 -267.014989 -242.302838 -229.612644 -206.469278 -202.057567 -203.181356 -230.185920 -260.293058 -9999.0 -9999.0 -9999.0 -9999.0 -9999.0 -9999.0 -9999.0 -9999.0 -9999.0 -9999.0 -9999.0 -9999.0 -9999.0 -9999.0 -9999.0 -9999.0 -9999.0 -9999.0 -9999.0
-9999.0 -9999.0 -9999.0 -9999.0 -9999.0 -9999.0 -9999.0 -9999.0 -9999.0 -9999.0 -9999.0 -9999.0 -9999.0 -9999.0 -361.104698 -371.537920 -374.900430 -366.682621 -332.975673 -302.952616 -290.254138 -298.083592 -298.387074 -322.472009 -343.178981 -329.057160 -299.388318 -267.761831 -233.599921 -213.166668 -226.010044 -228.568789 -217.205317 -187.679086 -171.490574 -173.553099 -194.692484 -171.459227 -154.788479 -145.160202 -146.377900 -155.376841 -140.573304 -123.934555 -130.813041 -148.692323 -144.898856 -132.735283 -118.029993 -134.101786 -201.325995 -224.207075 -227.912199 -234.605699 -247.900153 -254.500622 -229.612361 -228.560335 -236.650730 -254.440181 -286.694878 -331.058921 -348.806297 -309.715168 -264.681020 -206.272627 -9999.0 -9999.0 -9999.0 -9999.0 -9999.0 -9999.0 -9999.0 -9999.0 -9999.0 -9999.0 -9999.0 -9999.0 -9999.0 -9999.0
-9999.0 -9999.0 -9999.0 -9999.0 -9999.0 -9999.0 -9999.0 -9999.0 -9999.0 -417.189479 -413.853858 -407.124388 -405.769513 -390.514252 -392.543512 -385.999988 -378.480333 -352.682168 -321.670765 -286.364372 -257.273439 -267.499359 -267.389050 -255.160746 -247.751748 -233.534221 -211.703906 -170.442147 -127.542337 -84.937480 -113.419961 -114.332610 -90.066067 -25.076391 21.956598 33.991285 16.094102 20.873692 47.314220 72.058928 70.163456 67.641570 92.459529 106.108893 111.526523 92.401365 76.392229 75.929544 102.748677 46.999485 -27.060216 -97.273097 -101.137816 -134.801385 -177.593182 -201.394867 -205.788911 -184.163531 -199.689298 -237.349440 -274.107605 -283.602334 -300.135666 -283.378840 -260.201795 -212.657193 -173.730440 -144.696260 -144.118448 -161.236283 -9999.0 -9999.0 -9999.0 -9999.0 -9999.0 -9999.0 -9999.0 -9999.0 -9999.0 -9999.0
-9999.0 -9999.0 -9999.0 -9999.0 -9999.0 -9999.0 -495.176472 -486.747466 -467.497208 -462.315736 -438.535931 -431.542213 -411.586190 -392.745301 -372.677445 -356.044052 -325.161559 -292.506003 -250.414303 -204.795762 -170.759251 -174.604003 -163.957171 -127.484746 -76.244605 -29.317899 1.696765 43.354911 123.834264 172.222452 189.889728 202.333708 239.143522 395.922304 480.336743 496.987177 484.287728 473.947117 485.795020 507.711302 508.720584 506.998732 511.302086 515.786700 534.900750 531.477846 507.424539 500.739084 499.623443 488.081383 413.866172 242.151454 165.137646 106.319134 20.141638 -45.852265 -59.139944 -49.290306 -83.443353 -139.318553 -183.738904 -195.878688 -211.265412 -225.679025 -220.186716 -200.407848 -176.564521 -164.723306 -176.747401 -196.940978 -219.702999 -248.221346 -246.294582 -220.636701 -9999.0 -9999.0 -9999.0 -9999.0 -9999.0 -9999.0
-9999.0 -9999.0 -9999.0 -9999.0 -544.369581 -532.430038 -544.457744 -521.562054 -490.309266 -457.863711 -426.179032 -389.397290 -362.798812 -333.283092 -291.107633 -251.822927 -207.038544 -170.717200 -110.598911 -26.419084 37.306539 67.451306 84.376309 157.242295 273.706956 425.600944 466.540082 485.293046 507.273128 544.340138 560.603720 565.699410 584.619565 626.508247 662.189414 685.482245 674.769980 671.879079 673.979392 677.502316 692.320589 690.876558 691.202746 691.402813 693.471152 696.167199 683.769060 664.980168 659.203144 654.395609 633.357239 567.909067 534.197117 516.017372 497.230929 441.770990 281.618718 215.755242 138.878564 76.237675 1.526342 -38.444088 -77.664167 -106.990389 -140.076435 -140.223140 -137.476035 -157.219423 -187.574158 -219.176203 -233.756706 -252.089784 -261.922853 -231.711772 -213.746855 -182.523977 -9999.0 -9999.0 -9999.0 -9999.0
-9999.0 -9999.0 -601.586181 -552.074280 -496.964028 -489.149036 -487.740887 -483.691469 -457.718335 -407.811917 -328.770161 -274.735959 -229.174354 -197.655845 -133.641073 -34.035427 49.441218 104.232199 189.302740 382.881685 468.817225 494.607583 502.542582 527.947157 572.744630 630.189418 650.759737 664.936154 678.805676 695.741144 712.746482 727.181240 734.138734 734.858978 735.392961 733.654045 732.294287 730.641500 715.773700 713.310543 718.594832 720.209503 723.279326 711.927502 708.354480 720.612922 724.277024 727.659122 731.300410 739.445556 745.939210 713.881740 675.718179 668.968509 666.858221 635.202936 577.526994 542.216294 529.151176 501.247363 418.388866 262.031524 164.981654 97.427413 26.870787 -15.030466 -65.493744 -108.543336 -154.408435 -199.575424 -222.745357 -240.894043 -242.732811 -241.701120 -225.273183 -209.303663 -193.634626 -185.689309 -9999.0 -9999.0
-9999.0 -699.769105 -627.545693 -500.683895 -422.769062 -378.671737 -338.600923 -309.384667 -284.947577 -269.486146 -157.982344 -38.191491 56.339583 91.267758 166.056080 379.131759 484.061934 517.544249 546.611706 602.762359 645.701222 672.825907 686.947577 708.790159 735.049897 737.613932 737.059018 736.348016 728.301467 719.437841 709.356667 716.771269 716.663009 703.205701 690.812404 687.056410 684.342130 671.372878 656.412545 649.845047 653.093881 668.644228 661.383643 648.420330 645.923970 658.934929 669.854214 664.514307 657.083851 669.737357 693.400380 705.592944 719.157371 732.915126 751.111975 727.167499 697.385799 671.422148 663.339979 649.181492 611.998221 556.654937 513.137571 448.717709 294.298146 166.386501 84.463933 9.443056 -61.143442 -102.694487 -135.632507 -188.626378 -212.037185 -210.197295 -219.130814 -221.338284 -214.461188 -207.886685 -9999.0 -9999.0
-9999.0 -770.771022 -627.863435 -442.901327 -296.041607 -231.664691 -101.127887 -10.921161 15.067724 -7.083084 117.329130 440.002930 525.602901 533.125628 583.713632 658.657527 689.048962 713.607084 730.061760 729.342919 726.361730 728.217323 722.424396 714.667581 702.131334 697.194516 698.777805 699.472285 690.114420 678.475830 664.894593 663.867016 655.818440 631.882950 604.717632 574.072017 558.307187 545.889327 525.805027 510.786151 502.594035 517.332875 511.120816 499.379225 496.259081 510.728065 532.882532 527.808244 534.477061 557.181971 602.251559 630.700437 642.448690 659.067606 681.215579 707.390375 721.046197 740.575535 745.435639 724.957485 694.061857 662.528953 646.818159 609.675046 552.000590 489.864649 411.501809 241.687919 138.143228 76.728569 10.721471 -57.334288 -119.898816 -148.643199 -188.165091 -209.024317 -9999.0 -9999.0 -9999.0 -9999.0
-9999.0 -835.624285 -644.656418 -379.636354 -117.246260 39.288737 370.191864 496.440905 534.270815 576.716919 592.809113 697.885867 717.326001 705.865098 688.566947 689.096398 700.469895 703.032382 698.592729 690.633541 683.120981 679.394261 677.773397 673.406754 667.288083 660.203031 655.203986 652.063447 631.440322 606.534150 563.711891 548.808669 525.951625 459.254490 393.938119 251.621404 159.839749 147.087185 134.998579 104.053858 85.016454 69.380636 88.308743 88.271170 88.493818 95.765841 116.996311 138.893845 193.373991 266.517641 417.042228 486.242688 512.568673 547.285713 595.566964 634.723271 650.745978 666.843170 695.356843 724.455636 744.526939 737.522474 713.556079 689.353335 650.132345 615.889347 589.238228 529.096445 481.365749 414.025337 264.583105 148.716544 51.411534 -56.032055 -99.723602 -9999.0 -9999.0 -9999.0 -9999.0 -9999.0
-9999.0 -988.475983 -721.310529 -425.610009 -80.759111 350.002547 486.554202 609.426527 667.970766 624.292121 618.148822 632.759564 657.927741 660.284788 647.403906 646.370214 641.778987 641.440991 650.046827 625.934222 589.245975 572.113880 570.077330 561.256416 545.200280 535.175705 529.628805 519.994103 485.561145 418.556270 225.919262 172.886150 87.883238 17.681930 -37.947409 -97.404851 -153.598388 -156.030456 -140.186534 -156.822342 -179.070738 -197.870033 -172.229263 -156.782289 -145.952304 -155.953559 -147.123829 -111.871064 -61.445472 -13.594121 49.920372 113.770194 170.106030 256.440526 404.277648 477.319646 512.412574 546.557484 611.866549 664.221868 684.039761 704.513506 736.238219 754.215956 715.749773 684.799080 662.385508 635.808578 593.599298 566.602280 529.646833 467.734213 334.264264 -9999.0 -9999.0 -9999.0 -9999.0 -9999.0 -9999.0 -9999.0
-9999.0 -1122.854894 -890.280628 -642.051563 -342.545426 -95.210448 97.122831 328.849059 435.482040 452.282520 470.428390 489.065198 507.171175 521.977507 507.668242 484.947889 467.525794 470.560252 464.484261 417.224009 295.950550 242.555182 233.667384 219.129282 180.547463 159.566789 146.629922 121.481787 82.060267 19.650783 -77.649715 -150.258580 -213.473948 -249.995249 -281.653327 -315.839293 -355.341365 -344.220667 -329.001057 -333.608353 -346.248491 -350.937192 -320.867770 -302.398548 -292.423696 -306.189097 -287.937535 -261.156193 -219.494230 -177.758363 -129.240563 -74.428575 -20.787974 14.132888 43.375677 82.421119 133.352494 222.402813 421.922403 526.076228 599.902955 633.312296 664.429419 686.837518 696.336955 716.813436 708.447913 659.228489 593.215561 611.652601 615.393766 -9999.0 -9999.0 -9999.0 -9999.0 -9999.0 -9999.0 -9999.0 -9999.0 -9999.0
-9999.0 -9999.0 -1127.245526 -935.984302 -775.194821 -592.200814 -446.852637 -341.692757 -260.952030 -166.000716 -68.980198 7.601957 47.895120 63.953423 46.056458 5.385684 -21.689183 -22.588043 -34.482486 -55.359312 -90.651795 -104.413579 -114.965887 -123.322598 -137.475222 -145.063352 -150.311398 -161.389619 -184.352159 -232.185990 -286.897652 -340.139337 -395.023963 -419.763801 -441.412457 -463.845934 -467.257819 -468.579977 -461.465567 -460.220382 -455.022439 -443.436574 -422.683896 -401.529253 -392.337008 -385.712246 -373.438020 -350.080528 -317.150743 -276.509508 -224.591970 -169.554273 -132.087278 -120.357924 -129.102664 -121.993414 -97.965712 -47.579149 57.404077 176.023419 399.291752 489.988407 550.140346 607.223188 624.234932 637.073884 654.145115 614.734944 396.152192 557.429155 -9999.0 -9999.0 -9999.0 -9999.0 -9999.0 -9999.0 -9999.0 -9999.0 -9999.0 -9999.0
-9999.0 -9999.0 -9999.0 -9999.0 -1078.951077 -922.102116 -829.771616 -749.344831 -632.413578 -527.904733 -438.229407 -362.796883 -310.012299 -286.579648 -299.036508 -305.973330 -315.238563 -319.163284 -328.283680 -334.703976 -341.021991 -348.909505 -359.876344 -367.276376 -367.846529 -364.142164 -365.834339 -378.591586 -393.967897 -421.202602 -445.080113 -479.859559 -516.452586 -545.060960 -557.639920 -564.363236 -563.831900 -568.987678 -559.297804 -553.055651 -538.289767 -522.912792 -499.001691 -470.945790 -458.687954 -444.772325 -435.328292 -414.815096 -385.351042 -333.085818 -271.279219 -216.260027 -183.688405 -181.433198 -209.011304 -226.158294 -230.422618 -202.695827 -153.860152 -79.063640 39.874555 129.219908 228.923341 406.957458 472.884762 515.884999 584.015185 610.668850 -9999.0 -9999.0 -9999.0 -9999.0 -9999.0 -9999.0 -9999.0 -9999.0 -9999.0 -9999.0 -9999.0 -9999.0
-9999.0 -9999.0 -9999.0 -9999.0 -9999.0 -9999.0 -1136.082239 -1042.198646 -954.850322 -836.632994 -727.766192 -639.273555 -567.664425 -544.319947 -528.231762 -506.624008 -511.480929 -528.090939 -544.104552 -527.789115 -518.536946 -523.010974 -549.685711 -550.977392 -547.437471 -537.837118 -538.641189 -544.278624 -568.425524 -560.312806 -561.554499 -583.975814 -609.447573 -623.462936 -634.640788 -624.475469 -623.415938 -635.602915 -632.901328 -607.034404 -587.508827 -574.114931 -551.672990 -518.779242 -487.095640 -473.170572 -472.520955 -466.645647 -425.483036 -355.799367 -286.175199 -233.804513 -204.317832 -198.315936 -228.404557 -271.327284 -295.063634 -290.319523 -257.154448 -204.595574 -126.662088 -74.562794 -36.851265 1.282365 41.888372 146.721221 -9999.0 -9999.0 -9999.0 -9999.0 -9999.0 -9999.0 -9999.0 -9999.0 -9999.0 -9999.0 -9999.0 -9999.0 -9999.0 -9999.0
-9999.0 -9999.0 -9999.0 -9999.0 -9999.0 -9999.0 -9999.0 -9999.0 -9999.0 -9999.0 -9999.0 -9999.0 -9999.0 -9999.0 -9999.0 -9999.0 -9999.0 -9999.0 -9999.0 -9999.0 -9999.0 -9999.0 -9999.0 -9999.0 -9999.0 -9999.0 -9999.0 -9999.0 -9999.0 -9999.0 -9999.0 -9999.0 -9999.0 -9999.0 -9999.0 -9999.0 -9999.0 -9999.0 -9999.0 -9999.0 -9999.0 -9999.0 -9999.0 -9999.0 -9999.0 -9999.0 -9999.0 -9999.0 -9999.0 -9999.0 -9999.0 -9999.0 -9999.0 -9999.0 -9999.0 -9999.0 -9999.0 -9999.0 -9999.0 -9999.0 -9999.0 -9999.0 -9999.0 -9999.0 -9999.0 -9999.0 -9999.0 -9999.0 -9999.0 -9999.0 -9999.0 -9999.0 -9999.0 -9999.0 -9999.0 -9999.0 -9999.0 -9999.0 -9999.0 -9999.0
-9999.0 -9999.0 -9999.0 -9999.0 -9999.0 -9999.0 -9999.0 -9999.0 -9999.0 -9999.0 -9999.0 -9999.0 -9999.0 -9999.0 -9999.0 -9999.0 -9999.0 -9999.0 -9999.0 -9999.0 -9999.0 -9999.0 -9999.0 -9999.0 -9999.0 -9999.0 -9999.0 -9999.0 -9999.0 -9999.0 -9999.0 -9999.0 -9999.0 -9999.0 -9999.0 -9999.0 -9999.0 -9999.0 -9999.0 -9999.0 -9999.0 -9999.0 -9999.0 -9999.0 -9999.0 -9999.0 -9999.0 -9999.0 -9999.0 -9999.0 -9999.0 -9999.0 -9999.0 -9999.0 -9999.0 -9999.0 -9999.0 -9999.0 -9999.0 -9999.0 -9999.0 -9999.0 -9999.0 -9999.0 -9999.0 -9999.0 -9999.0 -9999.0 -9999.0 -9999.0 -9999.0 -9999.0 -9999.0 -9999.0 -9999.0 -9999.0 -9999.0 -9999.0 -9999.0 -9999.0