Borden_/Borden1m_014/output_maps/psiliqL0004N0017.asc
ncols         80
nrows         18
xllcorner     620200.000000
yllcorner     5168000.000000
cellsize      1.000000
NODATA_value  -9999.0
-9999.0 -9999.0 -9999.0 -9999.0 -9999.0 -9999.0 -9999.0 -9999.0 -9999.0 -9999.0 -9999.0 -9999.0 -9999.0 -9999.0 -9999.0 -9999.0 -9999.0 -9999.0 -9999.0 -9999.0 -9999.0 -9999.0 -9999.0 -9999.0 -9999.0 -9999.0 -9999.0 -9999.0 -9999.0 -9999.0 -9999.0 -9999.0 -9999.0 -9999.0 -9999.0 -9999.0 -9999.0 -9999.0 -9999.0 -9999.0 -9999.0 -9999.0 -9999.0 -9999.0 -9999.0 -9999.0 -9999.0 -9999.0 -9999.0 -9999.0 -9999.0 -9999.0 -9999.0 -9999.0 -9999.0 -9999.0 -9999.0 -9999.0 -9999.0 -9999.0 -9999.0 -9999.0 -9999.0 -9999.0 -9999.0 -9999.0 -9999.0 -9999.0 -9999.0 -9999.0 -9999.0 -9999.0 -9999.0 -9999.0 -9999.0 -9999.0 -9999.0 -9999.0 -9999.0 -9999.0
-9999.0 -9999.0 -9999.0 -9999.0 -9999.0 -9999.0 -9999.0 -9999.0 -9999.0 -9999.0 -9999.0 -9999.0 -9999.0 -9999.0 -9999.0 -9999.0 -9999.0 -9999.0 -9999.0 -9999.0 -9999.0 -9999.0 -9999.0 -9999.0 -9999.0 -9999.0 -9999.0 -9999.0 -9999.0 -9999.0 -9999.0 -9999.0 -9999.0 -9999.0 -9999.0 -9999.0 -9999.0 -9999.0 -9999.0 -9999.0 -9999.0 -9999.0 -9999.0 -9999.0 -9999.0 -9999.0 -9999.0 -9999.0 -9999.0 -9999.0 -9999.0 -9999.0 -9999.0 -9999.0 -9999.0 -9999.0 -9999.0 -9999.0 -9999.0 -9999.0 -9999.0 -9999.0 -9999.0 -9999.0 -9999.0 -9999.0 -9999.0 -9999.0 -9999.0 -9999.0 -9999.0 -9999.0 -9999.0 -9999.0 -9999.0 -9999.0 -9999.0 -9999.0 -9999.0 -9999.0
-9999.0 -9999.0 -9999.0 -9999.0 -9999.0 -9999.0 -9999.0 -9999.0 -9999.0 -9999.0 -9999.0 -9999.0 -9999.0 -9999.0 -9999.0 -9999.0 -9999.0 -9999.0 -9999.0 -9999.0 -650.743081 -647.370034 -656.278128 -667.057267 -676.064987 -676.869866 -666.608496 -654.485440 -641.153315 -638.212616 -647.851211 -645.849966 -649.462677 -651.283730 -651.166959 -648.388363 -647.041992 -642.742114 -639.870608 -640.819269 -643.877109 -646.197680 -647.838245 -646.955537 -643.759788 -648.367392 -641.541312 -634.581334 -631.965207 -632.606637 -642.628870 -647.161753 -649.013945 -656.507580 -642.994043 -638.424435 -627.937722 -626.573335 -625.289741 -637.050812 -649.008465 -9999.0 -9999.0 -9999.0 -9999.0 -9999.0 -9999.0 -9999.0 -9999.0 -9999.0 -9999.0 -9999.0 -9999.0 -9999.0 -9999.0 -9999.0 -9999.0 -9999.0 -9999.0 -9999.0
-9999.0 -9999.0 -9999.0 -9999.0 -9999.0 -9999.0 -9999.0 -9999.0 -9999.0 -9999.0 -9999.0 -9999.0 -9999.0 -9999.0 -670.506354 -675.122745 -677.216330 -677.990635 -668.723274 -661.080066 -659.853908 -664.515684 -661.320737 -671.085208 -679.766687 -674.498766 -666.216135 -658.618785 -647.370152 -639.316910 -646.190646 -647.894866 -643.857764 -630.569893 -624.344518 -626.777396 -641.105631 -627.290025 -619.627930 -614.851613 -615.498108 -621.796536 -612.743923 -602.375338 -607.419241 -618.494072 -616.125511 -609.516005 -599.543637 -605.784987 -642.208794 -647.676654 -646.410023 -646.437648 -651.805405 -655.317876 -641.561603 -642.847332 -645.468160 -649.301892 -658.893045 -673.479488 -679.805786 -665.168763 -651.175283 -625.500435 -9999.0 -9999.0 -9999.0 -9999.0 -9999.0 -9999.0 -9999.0 -9999.0 -9999.0 -9999.0 -9999.0 -9999.0 -9999.0 -9999.0
-9999.0 -9999.0 -9999.0 -9999.0 -9999.0 -9999.0 -9999.0 -9999.0 -9999.0 -680.001243 -680.984159 -679.549480 -682.249647 -677.921595 -684.154249 -682.410674 -683.182113 -676.632374 -670.595064 -661.144815 -649.928033 -657.248769 -658.149773 -652.631551 -651.603966 -648.663021 -642.617070 -624.362635 -604.147956 -576.944913 -599.471948 -600.911733 -588.864896 -546.907202 -510.317502 -501.300005 -517.856118 -517.812019 -496.066001 -472.212165 -473.948620 -476.178442 -452.827907 -439.766444 -430.840501 -450.364351 -469.266728 -472.639029 -444.740958 -494.317917 -547.479573 -594.175159 -590.008772 -608.236609 -629.725722 -638.645743 -641.121343 -626.188828 -632.509719 -648.005958 -661.162958 -658.988828 -665.845345 -658.890118 -652.896387 -632.749143 -614.945840 -598.900325 -598.172593 -608.058215 -9999.0 -9999.0 -9999.0 -9999.0 -9999.0 -9999.0 -9999.0 -9999.0 -9999.0 -9999.0
-9999.0 -9999.0 -9999.0 -9999.0 -9999.0 -9999.0 -690.112811 -690.378243 -687.363750 -695.057144 -688.702779 -692.263765 -687.496339 -684.953684 -681.353385 -680.381724 -672.199840 -664.381418 -651.797443 -635.764080 -621.680449 -627.637346 -623.847241 -605.489197 -574.702249 -545.504016 -527.411962 -497.977843 -420.884393 -353.352068 -313.363539 -285.841366 -169.990945 -147.784252 -120.794264 -109.073855 -124.496580 -132.284005 -125.131783 -108.055233 -90.293745 -90.477348 -85.415372 -78.188761 -52.250476 -57.147940 -105.671927 -113.412027 -113.750704 -116.304488 -140.393100 -172.817385 -375.192727 -440.218710 -512.094010 -559.481112 -568.763900 -558.226424 -578.664316 -609.875041 -630.353843 -631.574185 -636.130921 -643.248635 -639.690315 -631.231913 -619.123995 -611.957288 -617.634109 -625.982787 -633.174408 -645.944264 -644.154937 -631.977235 -9999.0 -9999.0 -9999.0 -9999.0 -9999.0 -9999.0
-9999.0 -9999.0 -9999.0 -9999.0 -703.587143 -699.604782 -711.139672 -704.207090 -698.549235 -693.938039 -692.835071 -685.102031 -682.073569 -676.029173 -664.251416 -654.436758 -638.402150 -625.797512 -596.567005 -545.174318 -498.678469 -473.744490 -462.309575 -380.951575 -168.365603 -136.843201 -130.594568 -122.769037 -105.333058 -41.639554 -14.614196 -17.604063 32.658748 94.361999 101.249667 108.781544 102.908253 102.058503 102.412675 103.314503 116.715243 116.736447 117.620063 117.868092 120.021854 121.887911 105.589039 100.396742 99.444346 99.006472 94.514151 -13.670177 -75.692743 -97.754328 -107.829904 -127.937405 -163.498269 -260.762067 -410.586444 -468.661603 -530.021223 -554.044523 -576.581508 -590.486556 -608.866903 -605.754040 -601.051085 -611.004614 -624.863046 -638.369207 -641.237222 -647.521522 -653.448304 -637.900575 -631.533414 -615.050212 -9999.0 -9999.0 -9999.0 -9999.0
-9999.0 -9999.0 -705.377151 -704.266298 -692.894039 -698.846447 -702.689545 -707.900003 -704.813676 -693.273080 -672.045512 -661.230045 -646.477163 -637.511629 -607.721540 -545.439440 -481.940700 -438.315661 -334.851323 -161.754588 -129.683946 -116.109130 -98.504523 -75.080840 -9.069954 93.402344 98.289902 101.061800 104.762674 122.953385 148.383730 160.907707 171.433264 164.204904 164.854612 160.072317 160.372091 155.452979 140.361791 137.628429 144.603334 145.538151 149.796805 137.569782 134.233118 146.393929 148.538342 149.671757 153.818037 160.625530 171.929459 141.060863 104.288638 102.106991 102.337244 94.300873 -4.478103 -58.873152 -82.529078 -104.747057 -139.123230 -169.101237 -382.348238 -454.259463 -508.338181 -534.380224 -566.527137 -589.389158 -612.066540 -633.656452 -641.327876 -646.299857 -644.093498 -645.583959 -637.213168 -630.456148 -621.521891 -617.869500 -9999.0 -9999.0
-9999.0 -710.096427 -712.719082 -692.254113 -686.745606 -681.388960 -675.262754 -669.854564 -663.655761 -667.666174 -616.080936 -535.847520 -466.204795 -444.138368 -362.758029 -161.669298 -102.715667 -83.910981 -38.693436 8.850140 95.498335 103.435371 113.038620 143.816992 170.345597 165.008612 164.915259 160.759099 153.592999 145.785480 135.752440 144.892269 142.856094 129.390860 116.550214 114.770296 111.148584 103.317530 98.896040 96.986871 97.683406 101.870751 99.869644 96.527196 95.047560 99.370070 102.480540 101.196373 99.791099 103.911510 110.627124 123.947468 139.836965 152.622165 172.810357 150.227892 117.791987 103.922747 101.368810 96.848974 25.348334 -35.622915 -90.982623 -127.887418 -164.983560 -389.426266 -469.772644 -520.471452 -565.772370 -586.563370 -600.742640 -628.855740 -637.311813 -632.154003 -636.048534 -636.585656 -632.901161 -629.890618 -9999.0 -9999.0
-9999.0 -729.256303 -710.506271 -687.113517 -656.931134 -648.427238 -573.261023 -510.333300 -494.040236 -519.158550 -408.631421 -116.271226 -38.020532 -35.971644 20.416711 100.813458 130.293566 150.566230 167.665084 158.413423 155.998333 155.891702 151.709496 143.829466 129.919265 123.159564 123.380720 122.005591 110.203492 106.278832 102.583658 102.168744 99.780407 93.230820 26.586745 -0.732502 -25.475347 -63.856006 -89.898711 -105.599568 -112.432250 -96.345356 -104.695686 -115.200182 -118.096443 -104.581342 -79.986279 -86.308982 -74.631746 -36.371313 12.635939 92.197578 96.641913 101.492812 107.239545 124.667468 141.283668 161.158216 165.865598 142.862370 110.814747 102.198302 96.627821 16.697922 -46.415420 -112.650102 -146.490488 -198.216078 -412.646134 -466.331962 -513.291035 -557.126425 -594.339424 -604.750682 -625.392770 -630.622313 -9999.0 -9999.0 -9999.0 -9999.0
-9999.0 -731.733442 -713.074821 -670.413218 -574.581146 -474.242547 -166.997751 -57.824241 11.521540 23.097437 88.477659 149.113029 158.978404 142.737075 118.916216 116.765449 126.491709 129.256775 124.720869 116.596062 110.334700 109.418491 109.467091 106.440802 103.408800 100.810088 99.168411 97.970168 74.785747 12.090516 -33.496080 -57.102921 -85.425496 -132.009153 -149.676886 -168.742307 -372.029465 -387.240600 -406.171689 -442.502526 -459.739240 -471.679281 -455.574228 -459.650299 -461.119466 -451.697874 -428.300442 -410.399397 -332.176239 -166.089696 -140.842225 -116.717363 -95.531019 -47.102875 0.436466 92.997647 98.049626 102.244457 110.586818 142.774061 163.537774 156.061410 130.050291 109.506669 97.768389 23.647153 -15.700124 -67.422658 -116.482750 -141.284916 -168.745739 -386.218486 -475.666767 -548.492570 -573.711293 -9999.0 -9999.0 -9999.0 -9999.0 -9999.0
-9999.0 -760.404794 -714.997583 -679.262545 -529.484895 -166.885401 -63.328292 90.604631 142.692680 91.459860 36.915235 92.121791 99.528592 99.963030 96.390669 96.424472 95.498008 95.592220 98.922944 94.289447 41.998285 25.433635 46.245386 -15.398938 -55.224929 -74.801894 -83.505644 -94.573874 -120.311643 -146.328543 -246.075828 -351.387743 -451.034769 -512.899075 -550.235883 -583.918663 -616.116747 -615.516170 -604.567026 -614.245480 -625.457549 -636.706728 -622.705983 -615.752165 -609.719328 -616.748770 -613.982376 -595.175083 -566.012322 -538.031600 -496.663786 -444.199094 -385.265512 -169.035039 -147.235458 -123.498103 -100.869201 -62.284948 9.132945 99.847054 106.672184 119.347559 154.000128 172.983780 135.306425 107.895991 102.301006 95.481270 14.886702 -25.846687 -47.934347 -103.815228 -140.125171 -9999.0 -9999.0 -9999.0 -9999.0 -9999.0 -9999.0 -9999.0
-9999.0 -775.549444 -727.275600 -718.811016 -657.472546 -543.564856 -405.302275 -167.822344 -101.682057 -131.033143 -129.475543 -118.041789 -103.300720 -89.930172 -105.341716 -122.111964 -133.042536 -130.077802 -127.940782 -137.846069 -148.749204 -155.431804 -159.509422 -216.231481 -335.735882 -373.580131 -391.471932 -421.798665 -461.264065 -509.552000 -575.505019 -612.577857 -640.947396 -652.308170 -660.843533 -669.674043 -684.541849 -676.895011 -670.660050 -672.221736 -676.887554 -680.097000 -668.857014 -664.276395 -660.674525 -669.850403 -662.676566 -655.230742 -639.933062 -624.073573 -602.670043 -573.525721 -539.669181 -518.336734 -502.741413 -471.656297 -425.872175 -277.891408 -146.302594 -84.122483 -10.166546 55.011248 101.206792 108.090281 112.296395 126.403763 131.793220 109.204270 92.592414 94.764730 94.780814 -9999.0 -9999.0 -9999.0 -9999.0 -9999.0 -9999.0 -9999.0 -9999.0 -9999.0
-9999.0 -9999.0 -786.950819 -766.217177 -748.669795 -728.245235 -699.482816 -666.468952 -637.494542 -601.248221 -554.204206 -506.458131 -477.379186 -464.472462 -481.882113 -518.063160 -540.216761 -538.945016 -545.067183 -557.615820 -578.975193 -586.050525 -591.064844 -595.023747 -603.766661 -607.702789 -609.612204 -613.771167 -622.922137 -642.893519 -661.118332 -674.562973 -688.652233 -689.384086 -692.058378 -696.782590 -693.447027 -694.375343 -693.058735 -693.543921 -692.329217 -689.988628 -686.939335 -682.916455 -682.296895 -681.052828 -679.337022 -674.750093 -667.664101 -658.018283 -640.990556 -617.780954 -600.449164 -596.090235 -604.060626 -601.610848 -590.102473 -564.051988 -490.460904 -377.035711 -159.142589 -116.957573 -56.912707 7.324915 39.610457 86.011832 100.885971 100.404284 65.021369 87.954185 -9999.0 -9999.0 -9999.0 -9999.0 -9999.0 -9999.0 -9999.0 -9999.0 -9999.0 -9999.0
-9999.0 -9999.0 -9999.0 -9999.0 -796.688181 -766.835456 -740.721241 -742.396721 -722.439659 -708.862732 -695.560967 -680.154047 -667.434587 -659.930542 -667.686234 -669.639513 -671.703251 -670.995187 -673.150314 -675.304359 -676.440614 -678.062176 -679.988803 -682.098729 -681.376568 -679.467592 -679.109385 -682.691508 -683.588114 -690.251840 -691.801794 -696.300717 -700.584038 -705.138248 -704.571221 -705.026200 -703.266186 -705.266314 -702.244067 -703.713555 -701.202527 -699.858304 -696.634830 -691.582932 -692.644458 -689.754080 -689.276429 -685.373061 -682.699100 -671.531779 -654.091873 -634.571292 -621.541733 -621.733313 -636.805743 -643.899634 -647.419332 -637.004080 -618.611768 -582.838518 -506.700561 -434.900305 -275.356538 -152.498033 -129.493555 -99.165478 -24.469585 91.518535 -9999.0 -9999.0 -9999.0 -9999.0 -9999.0 -9999.0 -9999.0 -9999.0 -9999.0 -9999.0 -9999.0 -9999.0
-9999.0 -9999.0 -9999.0 -9999.0 -9999.0 -9999.0 -783.536392 -768.439624 -772.629565 -760.157106 -748.714537 -739.584916 -726.977289 -727.344263 -723.480105 -714.527660 -715.721551 -720.149123 -725.616335 -717.838244 -714.258470 -713.708570 -722.441710 -720.192053 -719.176833 -715.893153 -716.225536 -715.036145 -722.354170 -713.941801 -710.006034 -711.925975 -713.795620 -712.454044 -714.317303 -709.114630 -708.498108 -712.720895 -713.927860 -707.687763 -705.675015 -706.231142 -704.666683 -700.002649 -693.558514 -692.266038 -694.700204 -697.950298 -690.803694 -674.734297 -656.229924 -639.755525 -629.141207 -626.124311 -639.508444 -657.587979 -666.829518 -667.507890 -658.759656 -642.270915 -607.604410 -583.883452 -566.399577 -547.210833 -522.586856 -425.480801 -9999.0 -9999.0 -9999.0 -9999.0 -9999.0 -9999.0 -9999.0 -9999.0 -9999.0 -9999.0 -9999.0 -9999.0 -9999.0 -9999.0
-9999.0 -9999.0 -9999.0 -9999.0 -9999.0 -9999.0 -9999.0 -9999.0 -9999.0 -9999.0 -9999.0 -9999.0 -9999.0 -9999.0 -9999.0 -9999.0 -9999.0 -9999.0 -9999.0 -9999.0 -9999.0 -9999.0 -9999.0 -9999.0 -9999.0 -9999.0 -9999.0 -9999.0 -9999.0 -9999.0 -9999.0 -9999.0 -9999.0 -9999.0 -9999.0 -9999.0 -9999.0 -9999.0 -9999.0 -9999.0 -9999.0 -9999.0 -9999.0 -9999.0 -9999.0 -9999.0 -9999.0 -9999.0 -9999.0 -9999.0 -9999.0 -9999.0 -9999.0 -9999.0 -9999.0 -9999.0 -9999.0 -9999.0 -9999.0 -9999.0 -9999.0 -9999.0 -9999.0 -9999.0 -9999.0 -9999.0 -9999.0 -9999.0 -9999.0 -9999.0 -9999.0 -9999.0 -9999.0 -9999.0 -9999.0 -9999.0 -9999.0 -9999.0 -9999.0 -9999.0
-9999.0 -9999.0 -9999.0 -9999.0 -9999.0 -9999.0 -9999.0 -9999.0 -9999.0 -9999.0 -9999.0 -9999.0 -9999.0 -9999.0 -9999.0 -9999.0 -9999.0 -9999.0 -9999.0 -9999.0 -9999.0 -9999.0 -9999.0 -9999.0 -9999.0 -9999.0 -9999.0 -9999.0 -9999.0 -9999.0 -9999.0 -9999.0 -9999.0 -9999.0 -9999.0 -9999.0 -9999.0 -9999.0 -9999.0 -9999.0 -9999.0 -9999.0 -9999.0 -9999.0 -9999.0 -9999.0 -9999.0 -9999.0 -9999.0 -9999.0 -9999.0 -9999.0 -9999.0 -9999.0 -9999.0 -9999.0 -9999.0 -9999.0 -9999.0 -9999.0 -9999.0 -9999.0 -9999.0 -9999.0 -9999.0 -9999.0 -9999.0 -9999.0 -9999.0 -9999.0 -9999.0 -9999.0 -9999.0 -9999.0 -9999.0 -9999.0 -9999.0 -9999.0 -9999.0 -9999.0