Borden_/Borden1m_014/output_maps/psiliqL0023N0036.asc
ncols         80
nrows         18
xllcorner     620200.000000
yllcorner     5168000.000000
cellsize      1.000000
NODATA_value  -9999.0
-9999.0 -9999.0 -9999.0 -9999.0 -9999.0 -9999.0 -9999.0 -9999.0 -9999.0 -9999.0 -9999.0 -9999.0 -9999.0 -9999.0 -9999.0 -9999.0 -9999.0 -9999.0 -9999.0 -9999.0 -9999.0 -9999.0 -9999.0 -9999.0 -9999.0 -9999.0 -9999.0 -9999.0 -9999.0 -9999.0 -9999.0 -9999.0 -9999.0 -9999.0 -9999.0 -9999.0 -9999.0 -9999.0 -9999.0 -9999.0 -9999.0 -9999.0 -9999.0 -9999.0 -9999.0 -9999.0 -9999.0 -9999.0 -9999.0 -9999.0 -9999.0 -9999.0 -9999.0 -9999.0 -9999.0 -9999.0 -9999.0 -9999.0 -9999.0 -9999.0 -9999.0 -9999.0 -9999.0 -9999.0 -9999.0 -9999.0 -9999.0 -9999.0 -9999.0 -9999.0 -9999.0 -9999.0 -9999.0 -9999.0 -9999.0 -9999.0 -9999.0 -9999.0 -9999.0 -9999.0
-9999.0 -9999.0 -9999.0 -9999.0 -9999.0 -9999.0 -9999.0 -9999.0 -9999.0 -9999.0 -9999.0 -9999.0 -9999.0 -9999.0 -9999.0 -9999.0 -9999.0 -9999.0 -9999.0 -9999.0 -9999.0 -9999.0 -9999.0 -9999.0 -9999.0 -9999.0 -9999.0 -9999.0 -9999.0 -9999.0 -9999.0 -9999.0 -9999.0 -9999.0 -9999.0 -9999.0 -9999.0 -9999.0 -9999.0 -9999.0 -9999.0 -9999.0 -9999.0 -9999.0 -9999.0 -9999.0 -9999.0 -9999.0 -9999.0 -9999.0 -9999.0 -9999.0 -9999.0 -9999.0 -9999.0 -9999.0 -9999.0 -9999.0 -9999.0 -9999.0 -9999.0 -9999.0 -9999.0 -9999.0 -9999.0 -9999.0 -9999.0 -9999.0 -9999.0 -9999.0 -9999.0 -9999.0 -9999.0 -9999.0 -9999.0 -9999.0 -9999.0 -9999.0 -9999.0 -9999.0
-9999.0 -9999.0 -9999.0 -9999.0 -9999.0 -9999.0 -9999.0 -9999.0 -9999.0 -9999.0 -9999.0 -9999.0 -9999.0 -9999.0 -9999.0 -9999.0 -9999.0 -9999.0 -9999.0 -9999.0 2758.183071 2760.435223 2740.079072 2707.865374 2681.761796 2685.951441 2721.651084 2764.761156 2805.955747 2816.439300 2799.966510 2805.496298 2802.739790 2799.911853 2802.064589 2811.110787 2819.340030 2830.287200 2839.256839 2839.297455 2834.068453 2830.484558 2833.366882 2835.532703 2841.119594 2826.456422 2840.470662 2800.832292 2804.607090 2801.437081 2821.973435 2806.082996 2794.450235 2775.588728 2798.557310 2807.671315 2798.300101 2801.862641 2799.868918 2796.597733 2765.708519 -9999.0 -9999.0 -9999.0 -9999.0 -9999.0 -9999.0 -9999.0 -9999.0 -9999.0 -9999.0 -9999.0 -9999.0 -9999.0 -9999.0 -9999.0 -9999.0 -9999.0 -9999.0 -9999.0
-9999.0 -9999.0 -9999.0 -9999.0 -9999.0 -9999.0 -9999.0 -9999.0 -9999.0 -9999.0 -9999.0 -9999.0 -9999.0 -9999.0 2663.041253 2655.355276 2654.379161 2663.988292 2698.609367 2730.220331 2742.068041 2735.973446 2737.437378 2714.935486 2694.863320 2710.223234 2742.134358 2774.367998 2810.345786 2830.877671 2822.210003 2821.831280 2831.141708 2803.100681 2811.821634 2809.318203 2845.835343 2815.694310 2828.849093 2834.218237 2832.627392 2823.177435 2832.740935 2846.973101 2839.882232 2824.228119 2833.857580 2847.293732 2858.054846 2848.925303 2839.660861 2822.672233 2815.724417 2807.797956 2791.510551 2785.163501 2810.449666 2806.367976 2796.279125 2777.136033 2742.595887 2696.857114 2676.190947 2714.134571 2755.848162 2792.154541 -9999.0 -9999.0 -9999.0 -9999.0 -9999.0 -9999.0 -9999.0 -9999.0 -9999.0 -9999.0 -9999.0 -9999.0 -9999.0 -9999.0
-9999.0 -9999.0 -9999.0 -9999.0 -9999.0 -9999.0 -9999.0 -9999.0 -9999.0 2599.955281 2606.642029 2615.553245 2620.234778 2637.526142 2635.637477 2644.504626 2651.564250 2681.119263 2713.090533 2748.882638 2777.054245 2771.039102 2771.113155 2778.476531 2777.486287 2788.989350 2812.369771 2803.613898 2835.419405 2871.842748 2839.771905 2835.888600 2854.127772 2896.333357 2921.712563 2924.902181 2907.314319 2921.677563 2945.481595 2962.495089 2959.628064 2954.376913 2979.367615 2994.022731 2989.476167 2968.509793 2965.373835 2971.247098 2999.255054 2948.387020 2883.020298 2841.774551 2854.656480 2832.052909 2804.004089 2835.109981 2832.455085 2810.267880 2797.368224 2796.072287 2760.875644 2746.998456 2727.303526 2744.559593 2765.052142 2788.289008 2827.372026 2856.539565 2855.739495 2838.257479 -9999.0 -9999.0 -9999.0 -9999.0 -9999.0 -9999.0 -9999.0 -9999.0 -9999.0 -9999.0
-9999.0 -9999.0 -9999.0 -9999.0 -9999.0 -9999.0 2518.045032 2529.791554 2552.393262 2557.187892 2585.530984 2593.337547 2615.576212 2636.081990 2660.302969 2676.851025 2706.113339 2739.591453 2778.136720 2819.504479 2807.350190 2844.678301 2803.586117 2824.247088 2853.838298 2875.329894 2898.723701 2936.093631 2985.820804 3021.696068 3016.782498 3018.065082 3026.418900 3076.105045 3139.731548 3151.377794 3130.983846 3117.621883 3140.137903 3176.678402 3175.936529 3174.855076 3181.037515 3191.257179 3217.870581 3207.918058 3177.938866 3171.170473 3176.239497 3155.446427 3089.082790 3031.438802 3010.812399 2987.152776 2905.188892 2860.237281 2879.512279 2904.132566 2880.545151 2831.611316 2838.103150 2827.919508 2812.063968 2799.857733 2807.527472 2801.306776 2824.127010 2836.935794 2824.426971 2803.561897 2790.511961 2760.483482 2761.439752 2785.514176 -9999.0 -9999.0 -9999.0 -9999.0 -9999.0 -9999.0
-9999.0 -9999.0 -9999.0 -9999.0 2465.656947 2480.054785 2467.903144 2496.227879 2531.106967 2567.614837 2598.705883 2635.750343 2663.782613 2695.055419 2732.345214 2760.903905 2799.160569 2833.499338 2833.126453 2895.459856 2941.019690 2957.512187 2966.832150 2995.467726 3051.386327 3098.905859 3117.502075 3142.793328 3180.461138 3236.119814 3258.584041 3261.836050 3278.666018 3319.849611 3373.742672 3407.234102 3389.963991 3381.349264 3390.387211 3403.773283 3425.890087 3425.993901 3426.992658 3430.623567 3437.590274 3436.291543 3410.846804 3377.939604 3366.141780 3356.535611 3320.969566 3250.494839 3219.323230 3192.015103 3158.624697 3105.953203 3055.625512 3053.892962 3000.562330 2967.823299 2915.678622 2904.035462 2880.871518 2862.324090 2842.325822 2851.154728 2860.331508 2843.353639 2812.471282 2794.754016 2778.536367 2758.390699 2745.368320 2774.885055 2786.450027 2815.777864 -9999.0 -9999.0 -9999.0 -9999.0
-9999.0 -9999.0 2403.320244 2450.689278 2509.715120 2518.919461 2516.983352 2524.008715 2554.716332 2608.606964 2679.558291 2723.364022 2760.105683 2795.800927 2802.562713 2867.236875 2929.634504 2972.847792 3007.906879 3075.738671 3134.437020 3161.660544 3171.181902 3199.869951 3253.044179 3319.533474 3346.615410 3372.298606 3401.812210 3436.726128 3432.841507 3444.182041 3455.677352 3466.204612 3479.103394 3485.109931 3480.628998 3476.113438 3457.797420 3452.987360 3459.545771 3466.819809 3466.380584 3452.005203 3448.055043 3462.741211 3468.454421 3466.712972 3464.527601 3469.876692 3467.198166 3421.216148 3399.432527 3384.892773 3375.392770 3330.305098 3265.043059 3231.831302 3211.729615 3178.168063 3105.463492 3066.144611 3025.876032 2990.361122 2968.887920 2951.298927 2914.963721 2880.129829 2838.871832 2796.520543 2787.269037 2769.612860 2766.747259 2765.142126 2781.120236 2790.880689 2806.241675 2814.095651 -9999.0 -9999.0
-9999.0 2294.285571 2366.251028 2490.504710 2571.088533 2613.900866 2632.727754 2645.390126 2677.085792 2714.636631 2809.781424 2825.269275 2908.759954 2946.097974 2988.427986 3055.984174 3147.561539 3184.250085 3220.962939 3281.518896 3344.724402 3389.710688 3415.409897 3401.145883 3438.609539 3463.877753 3470.531259 3476.469292 3475.370598 3466.968220 3460.024896 3466.862224 3464.134739 3445.406642 3429.760160 3428.172709 3424.870958 3401.967745 3375.737701 3360.746741 3362.666274 3386.085324 3374.273979 3353.196353 3348.865362 3370.127572 3389.757293 3379.334831 3367.341266 3382.769059 3416.761221 3440.405737 3443.486118 3461.473482 3482.459437 3454.284907 3431.496044 3388.912648 3373.439631 3348.449613 3292.836060 3238.211995 3190.822074 3147.718746 3094.885592 3044.420507 2996.267972 2961.939872 2905.438599 2870.053005 2843.893919 2798.947769 2793.193192 2788.494943 2787.889865 2784.634377 2785.709446 2791.971781 -9999.0 -9999.0
-9999.0 2201.815712 2342.104976 2522.910453 2670.539918 2720.421884 2796.745793 2832.345707 2849.626132 2849.417987 2903.059629 3096.591798 3205.578186 3220.713737 3293.141594 3383.012784 3372.925708 3402.949359 3424.879891 3446.121311 3463.286648 3475.988044 3473.853188 3468.227327 3452.066322 3444.138379 3443.362399 3441.366711 3424.350477 3405.736610 3389.189935 3386.416057 3370.141485 3322.867410 3290.418191 3273.820648 3256.601010 3242.637843 3214.885576 3189.823923 3180.037512 3186.210955 3183.210592 3174.689680 3170.292587 3183.194289 3213.829936 3210.438252 3220.488865 3239.720412 3275.012286 3312.105298 3331.015159 3359.556591 3393.616924 3439.897789 3449.921053 3472.010553 3475.360358 3463.082233 3417.908032 3368.486345 3339.547351 3285.171330 3225.851468 3169.651228 3120.711506 3075.653997 3020.389959 2985.527991 2954.690907 2899.761231 2853.999479 2841.906457 2806.648855 2791.507018 -9999.0 -9999.0 -9999.0 -9999.0
-9999.0 2105.214961 2287.032070 2531.599625 2810.220038 2889.741847 3079.167846 3188.587511 3227.688723 3292.903380 3194.838409 3381.838509 3428.528349 3421.978919 3432.117632 3434.376029 3447.977807 3447.681638 3442.635042 3431.869780 3422.626094 3418.320293 3417.151916 3409.305631 3396.834960 3382.409613 3371.736140 3360.705242 3324.994503 3293.767755 3256.364613 3244.386817 3202.915674 3118.175669 3079.372942 3042.359498 2984.357330 2985.628689 2990.264601 2987.593087 2968.851443 2942.225024 2969.858865 2979.143861 2982.949952 2979.885269 2991.077020 2995.971106 3041.533302 3075.242486 3114.167217 3161.247485 3185.124028 3223.656571 3263.579387 3315.225125 3345.452947 3373.884687 3420.286916 3456.928944 3479.323412 3466.205968 3446.316734 3403.335433 3344.864517 3296.031100 3267.775812 3218.389142 3178.756253 3134.739948 3088.370332 3035.618831 2982.353229 2922.969222 2886.841055 -9999.0 -9999.0 -9999.0 -9999.0 -9999.0
-9999.0 1892.832708 2157.771575 2429.762062 2716.392622 3029.978218 3183.522443 3280.374858 3341.258170 3317.669354 3334.852638 3342.823731 3378.328884 3384.605273 3363.919515 3351.035698 3334.630176 3333.544706 3346.498487 3319.752428 3290.278718 3277.357835 3278.158982 3267.439269 3244.135139 3229.240383 3219.920316 3202.460886 3165.237486 3116.164499 3034.118402 3003.033119 2947.579585 2905.610894 2867.396211 2820.506208 2823.297303 2825.669132 2801.949135 2837.232434 2815.963293 2798.298132 2827.109217 2802.702471 2815.198582 2800.232260 2807.468386 2841.484824 2888.580060 2929.425812 2974.428607 3001.926650 3042.568051 3082.261451 3104.675678 3145.282840 3180.618386 3221.425670 3290.366805 3366.502341 3399.941285 3433.592650 3463.509240 3484.909838 3442.713590 3415.522620 3392.532643 3370.560739 3325.262113 3280.448845 3239.985173 3177.018250 3120.199523 -9999.0 -9999.0 -9999.0 -9999.0 -9999.0 -9999.0 -9999.0
-9999.0 1777.184178 1976.749935 2177.724303 2437.006209 2672.904448 2865.613430 2959.298718 3015.034416 3075.692680 3123.858280 3158.920640 3180.053066 3200.889350 3178.245586 3139.299340 3108.079229 3112.748922 3105.083636 3083.606780 3055.885091 3042.840224 3041.217860 3036.256489 3014.791462 3004.118179 2997.409570 3000.007300 2973.517523 2920.454534 2847.983188 2822.266550 2765.618283 2740.937809 2714.324817 2684.142072 2654.988400 2666.079957 2676.404661 2676.416172 2668.836185 2668.137787 2697.077851 2715.664646 2725.719314 2715.544222 2735.195169 2760.792264 2800.971834 2803.392388 2848.559502 2898.645172 2948.142708 2970.693414 2976.121052 2991.135089 2997.243791 3040.788727 3117.190026 3196.041586 3270.745725 3315.021632 3364.749659 3402.563176 3429.382304 3456.519939 3477.078757 3468.734940 3443.890577 3411.283270 3354.591850 -9999.0 -9999.0 -9999.0 -9999.0 -9999.0 -9999.0 -9999.0 -9999.0 -9999.0
-9999.0 -9999.0 1749.288858 1907.919118 2015.328466 2182.390800 2327.760186 2437.828585 2539.540933 2679.421971 2801.259226 2849.518236 2894.222646 2910.355595 2896.871581 2868.211820 2850.289600 2850.011782 2838.675841 2831.193092 2815.404687 2810.014338 2850.617957 2842.035399 2835.379086 2832.250308 2827.892996 2818.466930 2798.666008 2753.673626 2711.541724 2664.356341 2613.623562 2589.476939 2568.906665 2549.539622 2551.339825 2545.860578 2550.694892 2553.057218 2561.895673 2575.656954 2595.269654 2618.428144 2628.610569 2639.178835 2651.485268 2675.010985 2707.542603 2749.418644 2803.745658 2826.267564 2862.356831 2870.825017 2855.745682 2853.572679 2864.430484 2896.942671 2963.637356 3010.200906 3098.113188 3162.341995 3222.320449 3277.005558 3302.899038 3339.075107 3406.520919 3454.331920 3494.365421 3472.128499 -9999.0 -9999.0 -9999.0 -9999.0 -9999.0 -9999.0 -9999.0 -9999.0 -9999.0 -9999.0
-9999.0 -9999.0 -9999.0 -9999.0 1768.628396 1917.775675 2015.662193 2096.814158 2230.711201 2360.435558 2467.488453 2555.446667 2624.596439 2653.686740 2655.226816 2670.221706 2668.849355 2660.463240 2649.583074 2652.427555 2655.174921 2648.115162 2631.932857 2625.044241 2627.676342 2634.226012 2631.622218 2617.974102 2599.204532 2581.833151 2565.947987 2533.586538 2500.090025 2471.599651 2458.802512 2454.609135 2454.264665 2446.321204 2454.530222 2462.964872 2478.680128 2493.826287 2517.377257 2546.683792 2561.440699 2576.674863 2586.299648 2606.248080 2637.165542 2690.979882 2755.226618 2813.553279 2819.417695 2821.143528 2833.563641 2817.235780 2811.700949 2836.822178 2818.778178 2872.835248 2964.104902 3002.429082 3048.804162 3088.760978 3125.010604 3181.789752 3273.232248 3352.811046 -9999.0 -9999.0 -9999.0 -9999.0 -9999.0 -9999.0 -9999.0 -9999.0 -9999.0 -9999.0 -9999.0 -9999.0
-9999.0 -9999.0 -9999.0 -9999.0 -9999.0 -9999.0 1741.701074 1846.920545 1918.255369 2068.770848 2211.888240 2319.770721 2404.179260 2440.462596 2473.956548 2504.387775 2504.783913 2485.070110 2463.751930 2484.468628 2501.967344 2495.398881 2463.735942 2464.542777 2470.754020 2478.399666 2475.630568 2469.268711 2444.220534 2459.190540 2462.253931 2439.236912 2413.648638 2400.510777 2388.775099 2398.396407 2398.321350 2383.917235 2383.091721 2410.648812 2431.497592 2444.423980 2465.656143 2498.933773 2531.658111 2547.670614 2549.298945 2555.110672 2593.419014 2663.811473 2736.843993 2793.795907 2799.842315 2805.722887 2811.995307 2772.097238 2752.027977 2758.344538 2790.853186 2839.285289 2845.364930 2884.074666 2899.374184 2904.160319 2918.098738 2986.530953 -9999.0 -9999.0 -9999.0 -9999.0 -9999.0 -9999.0 -9999.0 -9999.0 -9999.0 -9999.0 -9999.0 -9999.0 -9999.0 -9999.0
-9999.0 -9999.0 -9999.0 -9999.0 -9999.0 -9999.0 -9999.0 -9999.0 -9999.0 -9999.0 -9999.0 -9999.0 -9999.0 -9999.0 -9999.0 -9999.0 -9999.0 -9999.0 -9999.0 -9999.0 -9999.0 -9999.0 -9999.0 -9999.0 -9999.0 -9999.0 -9999.0 -9999.0 -9999.0 -9999.0 -9999.0 -9999.0 -9999.0 -9999.0 -9999.0 -9999.0 -9999.0 -9999.0 -9999.0 -9999.0 -9999.0 -9999.0 -9999.0 -9999.0 -9999.0 -9999.0 -9999.0 -9999.0 -9999.0 -9999.0 -9999.0 -9999.0 -9999.0 -9999.0 -9999.0 -9999.0 -9999.0 -9999.0 -9999.0 -9999.0 -9999.0 -9999.0 -9999.0 -9999.0 -9999.0 -9999.0 -9999.0 -9999.0 -9999.0 -9999.0 -9999.0 -9999.0 -9999.0 -9999.0 -9999.0 -9999.0 -9999.0 -9999.0 -9999.0 -9999.0
-9999.0 -9999.0 -9999.0 -9999.0 -9999.0 -9999.0 -9999.0 -9999.0 -9999.0 -9999.0 -9999.0 -9999.0 -9999.0 -9999.0 -9999.0 -9999.0 -9999.0 -9999.0 -9999.0 -9999.0 -9999.0 -9999.0 -9999.0 -9999.0 -9999.0 -9999.0 -9999.0 -9999.0 -9999.0 -9999.0 -9999.0 -9999.0 -9999.0 -9999.0 -9999.0 -9999.0 -9999.0 -9999.0 -9999.0 -9999.0 -9999.0 -9999.0 -9999.0 -9999.0 -9999.0 -9999.0 -9999.0 -9999.0 -9999.0 -9999.0 -9999.0 -9999.0 -9999.0 -9999.0 -9999.0 -9999.0 -9999.0 -9999.0 -9999.0 -9999.0 -9999.0 -9999.0 -9999.0 -9999.0 -9999.0 -9999.0 -9999.0 -9999.0 -9999.0 -9999.0 -9999.0 -9999.0 -9999.0 -9999.0 -9999.0 -9999.0 -9999.0 -9999.0 -9999.0 -9999.0