Borden_/Borden1m_014/output_maps/psiliqL0015N0024.asc
ncols         80
nrows         18
xllcorner     620200.000000
yllcorner     5168000.000000
cellsize      1.000000
NODATA_value  -9999.0
-9999.0 -9999.0 -9999.0 -9999.0 -9999.0 -9999.0 -9999.0 -9999.0 -9999.0 -9999.0 -9999.0 -9999.0 -9999.0 -9999.0 -9999.0 -9999.0 -9999.0 -9999.0 -9999.0 -9999.0 -9999.0 -9999.0 -9999.0 -9999.0 -9999.0 -9999.0 -9999.0 -9999.0 -9999.0 -9999.0 -9999.0 -9999.0 -9999.0 -9999.0 -9999.0 -9999.0 -9999.0 -9999.0 -9999.0 -9999.0 -9999.0 -9999.0 -9999.0 -9999.0 -9999.0 -9999.0 -9999.0 -9999.0 -9999.0 -9999.0 -9999.0 -9999.0 -9999.0 -9999.0 -9999.0 -9999.0 -9999.0 -9999.0 -9999.0 -9999.0 -9999.0 -9999.0 -9999.0 -9999.0 -9999.0 -9999.0 -9999.0 -9999.0 -9999.0 -9999.0 -9999.0 -9999.0 -9999.0 -9999.0 -9999.0 -9999.0 -9999.0 -9999.0 -9999.0 -9999.0
-9999.0 -9999.0 -9999.0 -9999.0 -9999.0 -9999.0 -9999.0 -9999.0 -9999.0 -9999.0 -9999.0 -9999.0 -9999.0 -9999.0 -9999.0 -9999.0 -9999.0 -9999.0 -9999.0 -9999.0 -9999.0 -9999.0 -9999.0 -9999.0 -9999.0 -9999.0 -9999.0 -9999.0 -9999.0 -9999.0 -9999.0 -9999.0 -9999.0 -9999.0 -9999.0 -9999.0 -9999.0 -9999.0 -9999.0 -9999.0 -9999.0 -9999.0 -9999.0 -9999.0 -9999.0 -9999.0 -9999.0 -9999.0 -9999.0 -9999.0 -9999.0 -9999.0 -9999.0 -9999.0 -9999.0 -9999.0 -9999.0 -9999.0 -9999.0 -9999.0 -9999.0 -9999.0 -9999.0 -9999.0 -9999.0 -9999.0 -9999.0 -9999.0 -9999.0 -9999.0 -9999.0 -9999.0 -9999.0 -9999.0 -9999.0 -9999.0 -9999.0 -9999.0 -9999.0 -9999.0
-9999.0 -9999.0 -9999.0 -9999.0 -9999.0 -9999.0 -9999.0 -9999.0 -9999.0 -9999.0 -9999.0 -9999.0 -9999.0 -9999.0 -9999.0 -9999.0 -9999.0 -9999.0 -9999.0 -9999.0 1147.682773 1150.561062 1129.346181 1096.702503 1069.943088 1073.444971 1109.292913 1152.001411 1192.161304 1203.537952 1187.131188 1191.158812 1187.803954 1187.204584 1190.161418 1197.631602 1202.527003 1213.980361 1222.775908 1222.906697 1217.537702 1213.217597 1214.291751 1217.408415 1222.605465 1210.706349 1223.785316 1237.905382 1241.846875 1235.506154 1207.277061 1190.442224 1179.748498 1162.346481 1185.164764 1195.234207 1216.389937 1219.050587 1215.986609 1187.935080 1157.194020 -9999.0 -9999.0 -9999.0 -9999.0 -9999.0 -9999.0 -9999.0 -9999.0 -9999.0 -9999.0 -9999.0 -9999.0 -9999.0 -9999.0 -9999.0 -9999.0 -9999.0 -9999.0 -9999.0
-9999.0 -9999.0 -9999.0 -9999.0 -9999.0 -9999.0 -9999.0 -9999.0 -9999.0 -9999.0 -9999.0 -9999.0 -9999.0 -9999.0 1054.178829 1045.424877 1043.747841 1053.256926 1087.877152 1118.968979 1131.369707 1124.856041 1126.145981 1103.881455 1084.569357 1099.971297 1131.327877 1164.647486 1201.077359 1223.017263 1213.575683 1212.984428 1223.785139 1249.471125 1262.531679 1260.338554 1241.248468 1265.084763 1281.139623 1290.114501 1290.515822 1283.017565 1296.303330 1312.102381 1304.940406 1287.105694 1291.577867 1302.543708 1313.356851 1298.645904 1234.075679 1213.665898 1207.267991 1198.517237 1182.469906 1174.500596 1198.388460 1196.746316 1186.990549 1167.710640 1133.925472 1089.064100 1069.559854 1107.228689 1149.856693 1206.066821 -9999.0 -9999.0 -9999.0 -9999.0 -9999.0 -9999.0 -9999.0 -9999.0 -9999.0 -9999.0 -9999.0 -9999.0 -9999.0 -9999.0
-9999.0 -9999.0 -9999.0 -9999.0 -9999.0 -9999.0 -9999.0 -9999.0 -9999.0 993.552667 998.863849 1007.119335 1010.600921 1027.352428 1025.837236 1034.142273 1042.317814 1070.758554 1103.102509 1139.324144 1169.060346 1161.498522 1163.598758 1175.105103 1179.717804 1193.172883 1216.645890 1259.087735 1300.878131 1343.997606 1317.542747 1317.184815 1337.778476 1385.131949 1417.762142 1424.862455 1406.651850 1416.002321 1441.477975 1464.229120 1465.213124 1464.070055 1490.033333 1504.508184 1504.732499 1483.280140 1469.736365 1468.975517 1493.066982 1440.429017 1373.300697 1322.466777 1324.827266 1292.892268 1253.634696 1232.227977 1227.736941 1246.142782 1229.285773 1190.382179 1152.701189 1140.195367 1121.351849 1137.207057 1157.964412 1202.806684 1240.397551 1267.631728 1265.948691 1247.610360 -9999.0 -9999.0 -9999.0 -9999.0 -9999.0 -9999.0 -9999.0 -9999.0 -9999.0 -9999.0
-9999.0 -9999.0 -9999.0 -9999.0 -9999.0 -9999.0 913.402192 923.678318 944.883762 950.276562 976.776544 985.214482 1007.069250 1027.698193 1050.856318 1068.750187 1100.205519 1134.798618 1177.277194 1221.868911 1255.499754 1252.057498 1264.682570 1297.172849 1337.668581 1367.830609 1394.652019 1437.016885 1516.241440 1561.450003 1570.689907 1577.478779 1588.585814 1637.634997 1701.593553 1716.900036 1695.946981 1681.059309 1701.404491 1738.420863 1745.865131 1748.574188 1759.967248 1769.839938 1795.138678 1784.257472 1742.777068 1727.306307 1724.441712 1707.034906 1645.507628 1581.818528 1545.935807 1493.360980 1408.173931 1352.515748 1358.149369 1374.341485 1342.603851 1286.025095 1243.097260 1230.501469 1213.464001 1198.381319 1202.913085 1220.300771 1240.789706 1250.300572 1235.697946 1213.172900 1189.236285 1159.366715 1160.271298 1184.760081 -9999.0 -9999.0 -9999.0 -9999.0 -9999.0 -9999.0
-9999.0 -9999.0 -9999.0 -9999.0 862.469093 876.024838 864.490943 890.613120 924.354866 959.706905 992.702728 1030.783211 1059.599395 1091.693965 1133.884850 1169.875926 1213.658361 1251.702987 1308.838227 1379.169950 1432.301490 1458.390508 1476.817599 1538.094160 1601.457162 1654.800532 1676.742987 1705.714573 1751.630118 1814.225085 1843.231626 1851.120723 1869.371508 1905.119455 1952.698954 1985.963862 1968.942651 1960.661403 1966.492882 1978.511491 2003.114528 2005.418147 2007.893315 2010.555261 2014.797030 2012.868444 1987.240902 1952.928920 1938.364624 1928.564384 1898.585886 1829.226187 1787.448767 1755.161077 1719.777987 1667.301928 1603.439707 1586.331787 1526.410616 1465.890729 1401.271506 1377.515894 1344.563207 1316.422803 1284.989168 1284.273562 1285.173708 1262.451316 1228.112798 1194.019492 1177.400761 1157.253541 1145.069261 1174.126828 1190.861103 1220.563145 -9999.0 -9999.0 -9999.0 -9999.0
-9999.0 -9999.0 802.045773 851.076591 908.819655 918.499995 919.836566 926.905065 956.743398 1010.369956 1086.917680 1138.401947 1182.302672 1218.745351 1281.153012 1362.359929 1436.896734 1488.895269 1552.027927 1624.016707 1687.460956 1722.700337 1742.625355 1783.553333 1838.482453 1900.641291 1927.711285 1954.722923 1986.888029 2021.950577 2033.964450 2048.591097 2057.521874 2061.004483 2067.195655 2068.998087 2063.766809 2057.184778 2037.800945 2033.489050 2040.543339 2046.133429 2047.907225 2034.857656 2030.928735 2044.099590 2047.507825 2046.281641 2045.802671 2053.030254 2056.313553 2016.947902 1979.163432 1962.613773 1951.453743 1906.644564 1841.892640 1799.038448 1774.245891 1729.873880 1651.572859 1599.230392 1546.707857 1495.524250 1440.745582 1407.379933 1358.133332 1313.176166 1264.240893 1215.867138 1190.380771 1170.698200 1166.744992 1165.268470 1180.315286 1194.733845 1209.369836 1216.780740 -9999.0 -9999.0
-9999.0 698.386999 771.019416 897.643291 978.503788 1024.005570 1056.454989 1080.347493 1110.525321 1138.589122 1244.587265 1334.068936 1426.786562 1467.113276 1521.045969 1620.383535 1716.346227 1764.092847 1804.152944 1861.652154 1922.564662 1970.689519 2000.502616 2012.051136 2046.687417 2060.539517 2063.875116 2067.529068 2064.325243 2057.103774 2048.768578 2055.146515 2051.507403 2032.652720 2016.610929 2013.028304 2006.244776 1979.924867 1949.488603 1933.186268 1934.794746 1957.070359 1945.315156 1925.170515 1921.654345 1942.847521 1962.591038 1954.966110 1944.673597 1963.851967 1999.278939 2022.088456 2032.469063 2049.174132 2069.858364 2044.232887 2015.799822 1973.532793 1953.068617 1923.006659 1863.867486 1801.923265 1746.347305 1684.854528 1617.512567 1548.254239 1482.790029 1419.091863 1350.454003 1306.789769 1273.299364 1221.135721 1198.300585 1198.221970 1187.929803 1183.824414 1188.842874 1194.686269 -9999.0 -9999.0
-9999.0 617.399458 759.920740 944.656380 1093.753903 1153.417621 1255.656972 1335.242502 1364.598496 1337.742029 1447.691085 1667.377025 1770.934397 1790.415156 1863.864947 1952.838331 1972.721265 2006.186891 2029.601130 2041.074388 2050.491236 2061.189764 2060.469114 2055.605241 2041.423626 2033.555135 2031.837895 2028.214775 2009.718207 1989.561835 1970.925978 1965.639434 1946.213480 1901.695426 1868.371930 1850.361385 1832.556119 1810.032067 1774.807369 1746.098859 1730.058994 1744.873218 1738.158594 1721.923185 1718.519025 1740.951418 1774.232477 1772.060541 1782.266254 1805.968195 1846.829373 1887.540816 1911.267812 1942.543860 1980.364151 2025.421897 2041.417227 2063.306138 2067.578597 2048.485834 2003.701141 1950.734256 1915.470297 1852.062161 1779.104724 1700.591790 1635.472840 1572.491764 1501.190187 1451.748154 1401.790980 1341.543156 1284.785268 1259.356000 1218.160165 1197.317670 -9999.0 -9999.0 -9999.0 -9999.0
-9999.0 537.677904 725.575019 983.499841 1260.583703 1372.255135 1577.670169 1706.235054 1764.295034 1832.128902 1808.880041 1957.433756 1997.766757 1995.008966 1995.785276 2001.475940 2018.431756 2023.215443 2020.998382 2012.223536 2004.073501 2000.492642 1999.165389 1991.472861 1978.464781 1962.442390 1947.841414 1933.282880 1893.863272 1859.412655 1822.238893 1805.692427 1765.014894 1673.269766 1630.287749 1593.711956 1535.647792 1527.381866 1519.296047 1489.015557 1468.021645 1446.762198 1468.629019 1473.257818 1476.118874 1480.374944 1498.766968 1524.569988 1571.235283 1609.516409 1654.919461 1708.311673 1744.426857 1789.392570 1836.828100 1893.812349 1927.881965 1960.244289 2008.533187 2048.106457 2071.450342 2060.066860 2032.357184 1985.452855 1914.392636 1847.821284 1798.873106 1726.885464 1661.759421 1606.731653 1557.686595 1502.320288 1433.178449 1348.993601 1305.222129 -9999.0 -9999.0 -9999.0 -9999.0 -9999.0
-9999.0 356.752639 624.251680 911.611480 1225.036951 1554.353360 1689.708624 1818.446786 1890.660238 1857.041121 1863.294323 1884.188553 1926.790957 1936.493328 1918.799141 1911.778310 1901.815385 1902.989393 1916.845900 1891.504675 1862.423945 1849.081763 1848.165521 1835.570342 1811.015221 1792.532153 1778.597093 1756.477523 1707.296090 1655.541386 1573.460554 1541.562888 1463.732133 1406.407647 1361.635853 1311.769968 1260.355855 1257.945147 1273.837945 1257.908358 1234.830096 1216.026134 1242.557111 1260.439519 1273.006540 1262.332353 1272.451073 1309.561172 1360.311455 1405.586249 1456.789445 1513.247427 1561.859982 1611.666555 1645.230544 1696.817924 1746.014734 1794.612072 1869.621902 1949.315906 1987.432011 2022.967377 2055.862707 2071.107381 2019.397285 1970.074563 1919.567514 1860.181282 1778.807085 1730.609121 1701.102346 1653.524822 1594.802327 -9999.0 -9999.0 -9999.0 -9999.0 -9999.0 -9999.0 -9999.0
-9999.0 230.734714 448.912629 677.631380 961.713264 1200.117514 1396.856868 1506.643782 1586.078843 1620.687647 1654.741292 1688.936703 1720.226189 1743.914708 1723.923822 1686.468857 1659.394483 1664.474039 1661.047173 1637.970368 1608.929280 1594.057280 1591.119638 1583.093476 1557.112825 1540.867662 1528.215768 1503.535867 1467.952728 1411.219333 1331.306861 1258.310452 1196.394020 1163.796281 1133.813690 1100.893487 1064.805233 1074.343470 1086.371625 1082.242890 1071.255488 1068.061364 1097.169732 1116.256290 1126.605665 1115.368678 1135.061844 1162.397226 1204.695240 1248.418036 1298.298159 1354.545220 1409.638207 1440.548129 1456.135447 1483.905026 1526.241769 1583.124714 1670.963037 1766.762651 1845.536584 1895.746539 1947.679869 1982.589717 1997.181779 2010.126116 1987.963535 1910.881473 1798.379771 1793.487578 1786.690893 -9999.0 -9999.0 -9999.0 -9999.0 -9999.0 -9999.0 -9999.0 -9999.0 -9999.0
-9999.0 -9999.0 215.601896 393.057171 531.393551 711.637143 862.682089 973.495289 1061.917971 1173.658016 1277.132819 1359.848471 1403.983949 1421.897677 1408.041920 1375.137600 1354.251072 1354.762732 1345.099825 1334.408879 1314.199281 1305.988224 1294.628416 1285.655653 1274.291830 1267.402263 1260.737765 1247.962558 1224.614044 1177.074696 1127.758204 1075.966229 1022.160640 996.234269 974.004184 952.111594 950.221121 946.215029 951.658600 952.855235 959.349347 971.719601 991.856217 1013.819199 1023.678227 1032.524827 1045.342963 1069.442719 1102.978263 1145.587275 1199.872588 1257.973065 1298.417349 1312.108126 1303.765676 1310.520723 1333.192541 1378.344903 1462.126470 1549.387851 1646.352636 1719.211773 1792.337164 1846.341122 1864.973842 1883.377638 1902.811611 1845.598619 1591.143201 1735.951250 -9999.0 -9999.0 -9999.0 -9999.0 -9999.0 -9999.0 -9999.0 -9999.0 -9999.0 -9999.0
-9999.0 -9999.0 -9999.0 -9999.0 251.632140 406.868496 503.853474 587.617613 715.627602 834.164826 932.765744 1014.453095 1074.749119 1100.762919 1095.702945 1099.702504 1094.958278 1089.529717 1080.231109 1078.614104 1076.740486 1069.052297 1054.967359 1047.039191 1046.984284 1050.880625 1047.591886 1033.204577 1015.000254 991.243433 969.953666 935.133599 898.708086 869.227967 855.824214 849.713525 849.353439 842.504504 851.186169 858.208178 873.248482 888.444018 912.221715 941.112327 954.736707 969.522339 979.440624 1000.238756 1030.840884 1084.407549 1147.943334 1205.826420 1241.791358 1246.631968 1222.460699 1207.859197 1205.529228 1235.030115 1282.285028 1352.445406 1456.594456 1532.952684 1594.620674 1642.708369 1677.764487 1727.129357 1784.772325 1821.750516 -9999.0 -9999.0 -9999.0 -9999.0 -9999.0 -9999.0 -9999.0 -9999.0 -9999.0 -9999.0 -9999.0 -9999.0
-9999.0 -9999.0 -9999.0 -9999.0 -9999.0 -9999.0 208.236104 308.867998 390.646255 526.012522 652.948254 752.022958 830.875803 861.315677 886.064606 912.100485 910.015690 892.198897 873.827879 892.132283 905.032825 899.187419 869.476804 868.507858 872.626900 880.588808 878.083954 871.233534 845.774350 856.188902 856.109488 832.590603 806.285384 792.095521 780.129237 789.653086 789.869749 776.382767 777.230628 803.773896 823.848723 837.015981 858.954308 892.155639 924.458973 939.558134 940.973575 947.272165 987.751776 1058.158581 1129.729164 1184.992664 1217.429895 1225.738491 1198.762376 1159.169686 1139.351366 1147.377906 1183.407979 1237.897604 1315.886104 1367.822026 1397.723055 1415.480948 1438.145912 1531.453896 -9999.0 -9999.0 -9999.0 -9999.0 -9999.0 -9999.0 -9999.0 -9999.0 -9999.0 -9999.0 -9999.0 -9999.0 -9999.0 -9999.0
-9999.0 -9999.0 -9999.0 -9999.0 -9999.0 -9999.0 -9999.0 -9999.0 -9999.0 -9999.0 -9999.0 -9999.0 -9999.0 -9999.0 -9999.0 -9999.0 -9999.0 -9999.0 -9999.0 -9999.0 -9999.0 -9999.0 -9999.0 -9999.0 -9999.0 -9999.0 -9999.0 -9999.0 -9999.0 -9999.0 -9999.0 -9999.0 -9999.0 -9999.0 -9999.0 -9999.0 -9999.0 -9999.0 -9999.0 -9999.0 -9999.0 -9999.0 -9999.0 -9999.0 -9999.0 -9999.0 -9999.0 -9999.0 -9999.0 -9999.0 -9999.0 -9999.0 -9999.0 -9999.0 -9999.0 -9999.0 -9999.0 -9999.0 -9999.0 -9999.0 -9999.0 -9999.0 -9999.0 -9999.0 -9999.0 -9999.0 -9999.0 -9999.0 -9999.0 -9999.0 -9999.0 -9999.0 -9999.0 -9999.0 -9999.0 -9999.0 -9999.0 -9999.0 -9999.0 -9999.0
-9999.0 -9999.0 -9999.0 -9999.0 -9999.0 -9999.0 -9999.0 -9999.0 -9999.0 -9999.0 -9999.0 -9999.0 -9999.0 -9999.0 -9999.0 -9999.0 -9999.0 -9999.0 -9999.0 -9999.0 -9999.0 -9999.0 -9999.0 -9999.0 -9999.0 -9999.0 -9999.0 -9999.0 -9999.0 -9999.0 -9999.0 -9999.0 -9999.0 -9999.0 -9999.0 -9999.0 -9999.0 -9999.0 -9999.0 -9999.0 -9999.0 -9999.0 -9999.0 -9999.0 -9999.0 -9999.0 -9999.0 -9999.0 -9999.0 -9999.0 -9999.0 -9999.0 -9999.0 -9999.0 -9999.0 -9999.0 -9999.0 -9999.0 -9999.0 -9999.0 -9999.0 -9999.0 -9999.0 -9999.0 -9999.0 -9999.0 -9999.0 -9999.0 -9999.0 -9999.0 -9999.0 -9999.0 -9999.0 -9999.0 -9999.0 -9999.0 -9999.0 -9999.0 -9999.0 -9999.0