Borden_/Borden1m_014/output_maps/psiliqL0016N0006.asc
ncols         80
nrows         18
xllcorner     620200.000000
yllcorner     5168000.000000
cellsize      1.000000
NODATA_value  -9999.0
-9999.0 -9999.0 -9999.0 -9999.0 -9999.0 -9999.0 -9999.0 -9999.0 -9999.0 -9999.0 -9999.0 -9999.0 -9999.0 -9999.0 -9999.0 -9999.0 -9999.0 -9999.0 -9999.0 -9999.0 -9999.0 -9999.0 -9999.0 -9999.0 -9999.0 -9999.0 -9999.0 -9999.0 -9999.0 -9999.0 -9999.0 -9999.0 -9999.0 -9999.0 -9999.0 -9999.0 -9999.0 -9999.0 -9999.0 -9999.0 -9999.0 -9999.0 -9999.0 -9999.0 -9999.0 -9999.0 -9999.0 -9999.0 -9999.0 -9999.0 -9999.0 -9999.0 -9999.0 -9999.0 -9999.0 -9999.0 -9999.0 -9999.0 -9999.0 -9999.0 -9999.0 -9999.0 -9999.0 -9999.0 -9999.0 -9999.0 -9999.0 -9999.0 -9999.0 -9999.0 -9999.0 -9999.0 -9999.0 -9999.0 -9999.0 -9999.0 -9999.0 -9999.0 -9999.0 -9999.0
-9999.0 -9999.0 -9999.0 -9999.0 -9999.0 -9999.0 -9999.0 -9999.0 -9999.0 -9999.0 -9999.0 -9999.0 -9999.0 -9999.0 -9999.0 -9999.0 -9999.0 -9999.0 -9999.0 -9999.0 -9999.0 -9999.0 -9999.0 -9999.0 -9999.0 -9999.0 -9999.0 -9999.0 -9999.0 -9999.0 -9999.0 -9999.0 -9999.0 -9999.0 -9999.0 -9999.0 -9999.0 -9999.0 -9999.0 -9999.0 -9999.0 -9999.0 -9999.0 -9999.0 -9999.0 -9999.0 -9999.0 -9999.0 -9999.0 -9999.0 -9999.0 -9999.0 -9999.0 -9999.0 -9999.0 -9999.0 -9999.0 -9999.0 -9999.0 -9999.0 -9999.0 -9999.0 -9999.0 -9999.0 -9999.0 -9999.0 -9999.0 -9999.0 -9999.0 -9999.0 -9999.0 -9999.0 -9999.0 -9999.0 -9999.0 -9999.0 -9999.0 -9999.0 -9999.0 -9999.0
-9999.0 -9999.0 -9999.0 -9999.0 -9999.0 -9999.0 -9999.0 -9999.0 -9999.0 -9999.0 -9999.0 -9999.0 -9999.0 -9999.0 -9999.0 -9999.0 -9999.0 -9999.0 -9999.0 -9999.0 1339.856176 1342.440387 1320.946384 1287.849063 1260.615534 1263.625701 1298.864825 1340.995809 1380.492715 1390.799774 1373.389456 1376.670924 1372.631508 1371.356759 1374.100473 1381.932164 1387.562214 1399.776179 1409.761500 1411.198084 1406.837224 1403.095001 1404.426553 1407.313183 1412.575150 1400.518758 1413.746920 1427.367033 1430.258916 1423.371349 1395.237729 1379.117965 1369.335637 1352.840758 1376.532394 1386.979690 1408.420528 1411.359936 1408.549560 1380.758247 1350.129329 -9999.0 -9999.0 -9999.0 -9999.0 -9999.0 -9999.0 -9999.0 -9999.0 -9999.0 -9999.0 -9999.0 -9999.0 -9999.0 -9999.0 -9999.0 -9999.0 -9999.0 -9999.0 -9999.0
-9999.0 -9999.0 -9999.0 -9999.0 -9999.0 -9999.0 -9999.0 -9999.0 -9999.0 -9999.0 -9999.0 -9999.0 -9999.0 -9999.0 1248.177514 1239.140490 1236.935191 1245.743847 1279.679752 1310.369018 1322.648893 1315.901694 1316.734005 1293.762100 1273.637018 1288.391240 1319.257750 1351.918680 1387.341095 1407.821356 1397.169224 1395.427700 1405.171905 1430.118159 1443.136525 1441.523716 1423.284353 1448.414313 1466.315755 1477.345715 1479.210030 1472.197207 1484.863452 1500.095044 1492.875761 1475.757126 1481.174779 1491.607770 1500.389465 1484.534769 1419.703533 1400.289829 1395.242299 1388.125933 1373.049785 1365.498123 1389.675522 1388.181406 1378.874886 1359.972866 1326.248395 1281.215901 1261.752265 1299.784396 1342.687569 1399.066619 -9999.0 -9999.0 -9999.0 -9999.0 -9999.0 -9999.0 -9999.0 -9999.0 -9999.0 -9999.0 -9999.0 -9999.0 -9999.0 -9999.0
-9999.0 -9999.0 -9999.0 -9999.0 -9999.0 -9999.0 -9999.0 -9999.0 -9999.0 1189.547907 1194.742654 1202.567747 1205.522190 1221.594596 1219.404026 1227.069437 1234.296323 1261.973533 1293.403753 1328.933817 1358.264447 1350.455760 1351.751640 1361.626222 1364.426748 1376.924931 1400.030355 1441.803328 1481.630772 1522.228525 1493.324091 1491.056483 1510.526779 1557.788578 1591.328634 1599.759243 1582.313450 1594.105380 1623.402229 1650.530458 1653.821308 1653.037671 1678.243698 1691.846699 1691.306368 1671.222670 1660.538229 1659.433318 1679.809501 1622.938157 1553.101998 1503.143590 1508.715754 1480.095390 1443.034926 1421.699207 1416.780041 1435.268023 1419.333236 1381.234049 1343.890649 1331.229316 1312.468270 1328.870343 1350.080494 1395.344800 1433.432473 1461.338285 1460.205158 1442.281321 -9999.0 -9999.0 -9999.0 -9999.0 -9999.0 -9999.0 -9999.0 -9999.0 -9999.0 -9999.0
-9999.0 -9999.0 -9999.0 -9999.0 -9999.0 -9999.0 1109.785784 1120.012647 1141.068801 1146.057816 1172.314017 1180.082548 1201.100189 1220.672043 1242.882424 1259.538830 1289.636498 1322.841250 1363.700360 1407.088182 1440.361651 1436.615818 1447.968817 1477.340065 1514.970149 1543.861573 1571.192750 1614.405090 1692.920516 1734.821373 1739.642038 1743.699317 1753.780175 1805.091038 1873.854430 1892.567722 1872.014172 1859.547234 1887.532763 1934.211906 1944.875438 1948.514793 1960.076652 1969.277841 1994.561293 1985.468370 1947.124774 1931.453929 1922.726031 1894.927940 1825.290321 1760.291155 1729.294630 1680.798444 1596.308909 1538.050727 1542.335408 1559.186175 1529.454569 1474.218077 1431.579451 1418.811211 1401.880780 1387.462073 1392.960631 1411.292210 1432.668519 1443.239929 1429.514250 1407.641271 1384.298443 1354.923806 1356.282743 1381.032883 -9999.0 -9999.0 -9999.0 -9999.0 -9999.0 -9999.0
-9999.0 -9999.0 -9999.0 -9999.0 1059.070711 1072.409737 1060.460356 1086.486138 1119.945985 1154.957533 1187.142282 1224.195670 1251.690940 1282.103342 1322.105257 1355.761507 1397.674342 1433.534189 1488.141094 1557.287096 1611.343546 1639.033181 1656.336774 1713.837898 1774.584065 1828.223503 1853.108419 1887.156110 1938.159863 1999.223335 2024.869307 2029.895327 2046.421445 2082.791519 2132.888613 2168.973383 2153.732515 2149.003856 2161.929538 2181.592280 2209.572185 2212.784702 2214.850909 2216.883733 2221.290497 2220.760718 2197.114306 2162.320765 2142.684255 2126.269771 2091.367825 2022.445424 1986.826062 1957.884251 1918.366783 1855.668096 1786.837945 1770.972037 1713.412412 1653.524212 1587.116500 1562.056994 1528.802257 1501.007555 1470.858623 1471.820487 1474.654969 1453.698391 1420.687069 1387.702315 1371.881244 1352.327373 1340.573759 1370.199709 1387.402750 1417.379582 -9999.0 -9999.0 -9999.0 -9999.0
-9999.0 -9999.0 999.236178 1047.630575 1104.942878 1113.945713 1114.324580 1120.959857 1150.409465 1203.479111 1278.424441 1328.295688 1369.709063 1403.624674 1462.705235 1541.109976 1614.707597 1664.703280 1725.771482 1798.676566 1867.331577 1909.967515 1931.145191 1970.340121 2023.345096 2085.772941 2114.539424 2144.657110 2180.243273 2215.047229 2223.181352 2235.246253 2242.470844 2245.554309 2252.678938 2256.656416 2254.477536 2253.085183 2240.131636 2241.493071 2251.489946 2258.074105 2258.699222 2244.211479 2239.776451 2254.119562 2259.063716 2257.329753 2253.531072 2256.330646 2255.863229 2215.994470 2183.683199 2169.266677 2155.496739 2105.578588 2039.067215 1999.852411 1977.375501 1929.861594 1842.752192 1785.285709 1730.085217 1676.982673 1621.999487 1590.223291 1543.679791 1501.454881 1454.744118 1407.889703 1383.404167 1364.482911 1361.248514 1360.555740 1376.470708 1391.566749 1406.815448 1414.550754 -9999.0 -9999.0
-9999.0 895.171774 967.388070 1093.025869 1172.920574 1216.966652 1246.981775 1269.323231 1299.179472 1327.749158 1431.857319 1518.749014 1609.699050 1647.016137 1696.458490 1795.435963 1896.428607 1946.597854 1986.632183 2045.254999 2109.604382 2162.993727 2194.570904 2202.929133 2237.655172 2253.301108 2258.127148 2263.775801 2262.447423 2255.223739 2246.175386 2250.751638 2244.494448 2222.808787 2205.689008 2203.663478 2201.387023 2182.128679 2159.034758 2148.330807 2152.630426 2175.755120 2161.812789 2139.088682 2134.230662 2156.785712 2178.030524 2169.584333 2156.196832 2171.283736 2202.820328 2224.369062 2235.556129 2253.673342 2273.376798 2245.701359 2218.808785 2179.375433 2160.795409 2130.300438 2068.594015 2004.611849 1944.542096 1874.459378 1801.482182 1729.919622 1665.754543 1604.609587 1538.466273 1496.323557 1463.591734 1411.957605 1390.325748 1391.883915 1383.143777 1380.200911 1386.171481 1392.421279 -9999.0 -9999.0
-9999.0 812.656413 954.418846 1137.636363 1284.917079 1341.661658 1440.299481 1519.551475 1547.947012 1519.308124 1629.202265 1854.465297 1962.728007 1981.009906 2051.269308 2138.875277 2156.125666 2190.256758 2213.964518 2227.802080 2240.707518 2255.208905 2256.838152 2253.597851 2240.972576 2234.829454 2234.446098 2231.821429 2213.857877 2193.731313 2174.754389 2167.835519 2144.050039 2092.514371 2055.400468 2037.718551 2024.343930 2010.437544 1983.868255 1961.228536 1947.725721 1962.302070 1953.873859 1934.200036 1928.506265 1952.424241 1985.990984 1982.687598 1990.052398 2009.032675 2045.776242 2085.331390 2111.977861 2145.295878 2182.938818 2227.508839 2244.332882 2268.415886 2273.587652 2255.503397 2211.002356 2158.225712 2122.189041 2056.121135 1979.669038 1894.980992 1826.957868 1763.392660 1691.810889 1642.060851 1590.510432 1527.837850 1471.773867 1450.049563 1411.393084 1392.703109 -9999.0 -9999.0 -9999.0 -9999.0
-9999.0 730.714627 917.204899 1172.074395 1448.758172 1554.953717 1761.850837 1894.184396 1951.685192 2022.806303 1993.539343 2152.849220 2197.699449 2194.602010 2193.532025 2194.442311 2207.960849 2210.681336 2208.059500 2200.746447 2195.756061 2195.800617 2197.738813 2193.075544 2183.445523 2170.353411 2157.015525 2141.977856 2100.143099 2063.217250 2024.034692 2005.932916 1959.828740 1857.110013 1807.505276 1769.066132 1713.676999 1711.796790 1710.794770 1685.673510 1667.508313 1645.754358 1666.703729 1669.797719 1671.312802 1674.762063 1691.555202 1715.703725 1759.194532 1793.837021 1837.414761 1892.959316 1936.234427 1985.069526 2033.073344 2091.211261 2129.700207 2164.629059 2213.810516 2253.038124 2276.762235 2265.799007 2239.959372 2194.513259 2125.029912 2060.196514 2013.183338 1941.512811 1872.619197 1811.862465 1753.929249 1686.432537 1613.218811 1536.152613 1495.843472 -9999.0 -9999.0 -9999.0 -9999.0 -9999.0
-9999.0 545.818557 812.237512 1096.101258 1403.638036 1732.662032 1872.453658 1997.693695 2069.875845 2044.247906 2060.888397 2088.680970 2135.954385 2145.576373 2122.641309 2106.509183 2088.819171 2085.903083 2098.430424 2074.248313 2048.599478 2038.894162 2041.553418 2032.807157 2012.384389 1997.542490 1985.205414 1960.375946 1903.426348 1844.918537 1758.792037 1725.593514 1646.537359 1587.574685 1540.944936 1490.975757 1441.996176 1443.153468 1462.860453 1450.118454 1428.764468 1410.311167 1436.309562 1453.460805 1465.330510 1453.808867 1462.781105 1497.894559 1545.653595 1587.567157 1635.617844 1690.291227 1739.588404 1790.070402 1825.263676 1881.664741 1940.297396 1993.357267 2069.991813 2151.663379 2190.996623 2227.091270 2261.466756 2280.110577 2232.680842 2189.755998 2145.483801 2091.033309 2013.985323 1965.432838 1925.024482 1844.941740 1769.751223 -9999.0 -9999.0 -9999.0 -9999.0 -9999.0 -9999.0 -9999.0
-9999.0 421.104604 636.201592 860.003732 1138.372732 1372.649112 1567.662091 1672.312860 1751.407125 1796.933488 1843.831117 1890.825111 1928.797076 1952.658928 1926.352064 1875.424321 1837.930728 1837.748117 1831.468221 1807.953727 1780.012300 1767.118282 1766.585103 1761.843164 1739.769022 1726.983753 1716.277492 1691.391276 1654.081917 1595.518172 1515.420985 1442.460568 1381.512706 1349.437841 1319.456773 1287.193280 1252.946832 1264.148355 1277.582918 1275.048726 1265.194487 1262.434130 1291.176070 1309.819425 1319.668030 1308.140635 1327.114694 1352.985635 1393.203025 1434.591234 1481.939261 1535.846449 1589.358387 1618.902425 1633.870692 1662.174718 1706.693686 1764.981414 1856.485438 1959.201680 2041.671508 2094.260898 2150.963529 2191.186342 2211.879784 2231.860989 2218.137980 2148.948176 2049.525082 2048.895038 2041.932013 -9999.0 -9999.0 -9999.0 -9999.0 -9999.0 -9999.0 -9999.0 -9999.0 -9999.0
-9999.0 -9999.0 403.612147 577.650015 710.325070 886.415759 1033.593150 1141.358392 1230.532330 1347.913148 1458.293052 1548.108978 1595.909821 1613.635035 1596.528133 1557.814069 1531.779938 1528.881144 1517.469583 1506.834489 1487.818094 1481.117591 1471.325453 1464.488905 1456.008016 1451.557355 1446.426608 1434.357393 1411.170985 1363.793159 1315.562905 1264.718871 1211.898511 1186.385412 1164.510568 1143.286310 1142.458789 1138.995884 1145.076246 1146.977272 1154.091377 1166.694108 1186.602413 1208.394570 1217.985681 1226.688984 1238.892823 1262.057777 1294.261239 1335.398064 1388.056804 1444.543995 1483.524197 1495.910621 1486.504960 1492.456212 1514.279362 1558.045741 1640.334794 1727.404615 1826.306896 1904.283411 1986.570496 2048.248835 2075.676420 2106.106616 2138.034303 2092.123706 1899.212476 2000.625091 -9999.0 -9999.0 -9999.0 -9999.0 -9999.0 -9999.0 -9999.0 -9999.0 -9999.0 -9999.0
-9999.0 -9999.0 -9999.0 -9999.0 435.140219 588.365305 684.066044 765.929115 893.768400 1013.888591 1114.776772 1199.052223 1261.471769 1287.460537 1281.455210 1283.980260 1277.013120 1269.472822 1259.166322 1258.046690 1257.292852 1250.628084 1237.425852 1230.952798 1232.593428 1238.005847 1235.677274 1221.916275 1203.930713 1181.244347 1160.979189 1126.873787 1091.171924 1062.136411 1049.097292 1043.555475 1043.587930 1037.015082 1046.008501 1053.488037 1068.763693 1083.969871 1107.630359 1136.450317 1150.005026 1164.556121 1174.009529 1194.080376 1223.806240 1276.310652 1338.738321 1395.557189 1430.520733 1434.330139 1409.348424 1393.841935 1390.308028 1418.159468 1462.977575 1530.305583 1632.256400 1708.152237 1772.402346 1826.694730 1873.424540 1942.065055 2023.961643 2069.643248 -9999.0 -9999.0 -9999.0 -9999.0 -9999.0 -9999.0 -9999.0 -9999.0 -9999.0 -9999.0 -9999.0 -9999.0
-9999.0 -9999.0 -9999.0 -9999.0 -9999.0 -9999.0 392.555398 492.977201 572.647666 709.491703 838.501213 939.117486 1018.815840 1049.593259 1074.335384 1099.369960 1096.096340 1076.991867 1057.763754 1076.365907 1090.254318 1085.031334 1055.941553 1056.164860 1061.501496 1070.271433 1068.423617 1062.162145 1037.169183 1048.514752 1049.216313 1026.184629 1000.371702 986.668353 975.021579 984.847683 985.327792 972.017715 972.901738 999.751524 1020.004235 1033.130860 1054.892076 1087.964385 1120.131649 1135.084199 1136.152604 1141.870529 1181.402638 1250.876488 1321.620950 1376.107275 1407.714229 1415.111289 1387.334620 1346.852806 1325.997023 1332.554152 1366.605932 1418.452944 1493.614248 1543.640003 1573.430915 1593.755149 1621.938277 1722.875574 -9999.0 -9999.0 -9999.0 -9999.0 -9999.0 -9999.0 -9999.0 -9999.0 -9999.0 -9999.0 -9999.0 -9999.0 -9999.0 -9999.0
-9999.0 -9999.0 -9999.0 -9999.0 -9999.0 -9999.0 -9999.0 -9999.0 -9999.0 -9999.0 -9999.0 -9999.0 -9999.0 -9999.0 -9999.0 -9999.0 -9999.0 -9999.0 -9999.0 -9999.0 -9999.0 -9999.0 -9999.0 -9999.0 -9999.0 -9999.0 -9999.0 -9999.0 -9999.0 -9999.0 -9999.0 -9999.0 -9999.0 -9999.0 -9999.0 -9999.0 -9999.0 -9999.0 -9999.0 -9999.0 -9999.0 -9999.0 -9999.0 -9999.0 -9999.0 -9999.0 -9999.0 -9999.0 -9999.0 -9999.0 -9999.0 -9999.0 -9999.0 -9999.0 -9999.0 -9999.0 -9999.0 -9999.0 -9999.0 -9999.0 -9999.0 -9999.0 -9999.0 -9999.0 -9999.0 -9999.0 -9999.0 -9999.0 -9999.0 -9999.0 -9999.0 -9999.0 -9999.0 -9999.0 -9999.0 -9999.0 -9999.0 -9999.0 -9999.0 -9999.0
-9999.0 -9999.0 -9999.0 -9999.0 -9999.0 -9999.0 -9999.0 -9999.0 -9999.0 -9999.0 -9999.0 -9999.0 -9999.0 -9999.0 -9999.0 -9999.0 -9999.0 -9999.0 -9999.0 -9999.0 -9999.0 -9999.0 -9999.0 -9999.0 -9999.0 -9999.0 -9999.0 -9999.0 -9999.0 -9999.0 -9999.0 -9999.0 -9999.0 -9999.0 -9999.0 -9999.0 -9999.0 -9999.0 -9999.0 -9999.0 -9999.0 -9999.0 -9999.0 -9999.0 -9999.0 -9999.0 -9999.0 -9999.0 -9999.0 -9999.0 -9999.0 -9999.0 -9999.0 -9999.0 -9999.0 -9999.0 -9999.0 -9999.0 -9999.0 -9999.0 -9999.0 -9999.0 -9999.0 -9999.0 -9999.0 -9999.0 -9999.0 -9999.0 -9999.0 -9999.0 -9999.0 -9999.0 -9999.0 -9999.0 -9999.0 -9999.0 -9999.0 -9999.0 -9999.0 -9999.0