Borden_/Borden1m_014/output_maps/psiliqL0012N0021.asc
ncols         80
nrows         18
xllcorner     620200.000000
yllcorner     5168000.000000
cellsize      1.000000
NODATA_value  -9999.0
-9999.0 -9999.0 -9999.0 -9999.0 -9999.0 -9999.0 -9999.0 -9999.0 -9999.0 -9999.0 -9999.0 -9999.0 -9999.0 -9999.0 -9999.0 -9999.0 -9999.0 -9999.0 -9999.0 -9999.0 -9999.0 -9999.0 -9999.0 -9999.0 -9999.0 -9999.0 -9999.0 -9999.0 -9999.0 -9999.0 -9999.0 -9999.0 -9999.0 -9999.0 -9999.0 -9999.0 -9999.0 -9999.0 -9999.0 -9999.0 -9999.0 -9999.0 -9999.0 -9999.0 -9999.0 -9999.0 -9999.0 -9999.0 -9999.0 -9999.0 -9999.0 -9999.0 -9999.0 -9999.0 -9999.0 -9999.0 -9999.0 -9999.0 -9999.0 -9999.0 -9999.0 -9999.0 -9999.0 -9999.0 -9999.0 -9999.0 -9999.0 -9999.0 -9999.0 -9999.0 -9999.0 -9999.0 -9999.0 -9999.0 -9999.0 -9999.0 -9999.0 -9999.0 -9999.0 -9999.0
-9999.0 -9999.0 -9999.0 -9999.0 -9999.0 -9999.0 -9999.0 -9999.0 -9999.0 -9999.0 -9999.0 -9999.0 -9999.0 -9999.0 -9999.0 -9999.0 -9999.0 -9999.0 -9999.0 -9999.0 -9999.0 -9999.0 -9999.0 -9999.0 -9999.0 -9999.0 -9999.0 -9999.0 -9999.0 -9999.0 -9999.0 -9999.0 -9999.0 -9999.0 -9999.0 -9999.0 -9999.0 -9999.0 -9999.0 -9999.0 -9999.0 -9999.0 -9999.0 -9999.0 -9999.0 -9999.0 -9999.0 -9999.0 -9999.0 -9999.0 -9999.0 -9999.0 -9999.0 -9999.0 -9999.0 -9999.0 -9999.0 -9999.0 -9999.0 -9999.0 -9999.0 -9999.0 -9999.0 -9999.0 -9999.0 -9999.0 -9999.0 -9999.0 -9999.0 -9999.0 -9999.0 -9999.0 -9999.0 -9999.0 -9999.0 -9999.0 -9999.0 -9999.0 -9999.0 -9999.0
-9999.0 -9999.0 -9999.0 -9999.0 -9999.0 -9999.0 -9999.0 -9999.0 -9999.0 -9999.0 -9999.0 -9999.0 -9999.0 -9999.0 -9999.0 -9999.0 -9999.0 -9999.0 -9999.0 -9999.0 541.158043 544.134586 522.338703 489.182800 461.798010 464.740090 500.392327 542.577624 581.925687 593.221073 576.447776 579.629031 575.828712 575.692823 578.855533 585.740935 589.644632 601.079953 609.725931 609.699565 603.990133 599.084109 599.248738 602.623013 607.735083 597.082794 610.264471 624.950312 629.981510 624.000522 595.907367 579.171605 569.201893 552.742336 575.944683 586.886154 608.692907 611.964824 609.576158 581.883339 551.399988 -9999.0 -9999.0 -9999.0 -9999.0 -9999.0 -9999.0 -9999.0 -9999.0 -9999.0 -9999.0 -9999.0 -9999.0 -9999.0 -9999.0 -9999.0 -9999.0 -9999.0 -9999.0 -9999.0
-9999.0 -9999.0 -9999.0 -9999.0 -9999.0 -9999.0 -9999.0 -9999.0 -9999.0 -9999.0 -9999.0 -9999.0 -9999.0 -9999.0 448.610246 439.263589 437.054552 446.261775 480.695924 511.463264 524.032324 517.152880 517.995705 495.411350 475.994381 491.090546 521.840259 554.690383 590.727801 612.787829 602.617189 601.679608 612.947897 639.899225 653.993928 651.790879 631.730181 654.951998 671.177770 680.583828 680.647200 672.890942 687.098200 703.433885 696.534148 678.407292 681.936633 693.100616 705.481425 690.117880 624.846035 603.393656 597.437918 588.738675 573.285220 565.569221 589.537036 588.802220 579.463375 560.576050 527.362060 482.818260 463.940593 501.889706 545.262895 602.204702 -9999.0 -9999.0 -9999.0 -9999.0 -9999.0 -9999.0 -9999.0 -9999.0 -9999.0 -9999.0 -9999.0 -9999.0 -9999.0 -9999.0
-9999.0 -9999.0 -9999.0 -9999.0 -9999.0 -9999.0 -9999.0 -9999.0 -9999.0 389.655795 394.190553 401.898355 404.617217 420.880226 419.324616 427.115484 435.344121 463.019107 495.174495 531.257090 560.893052 552.645979 554.532943 567.197023 573.732232 587.620843 610.588090 653.250559 697.314310 742.294231 716.919164 717.287594 738.820655 787.970186 823.444025 832.156622 813.145297 819.842174 845.502260 869.806612 871.416493 870.834309 897.137399 912.056757 914.724387 893.000040 875.800039 873.973980 898.714769 845.630202 778.556766 724.836694 723.591704 688.895795 646.809324 623.983126 619.473416 638.625452 621.525145 582.496668 544.846159 533.287581 515.132553 530.911737 552.308482 597.968234 635.959681 663.777068 662.926392 645.036909 -9999.0 -9999.0 -9999.0 -9999.0 -9999.0 -9999.0 -9999.0 -9999.0 -9999.0 -9999.0
-9999.0 -9999.0 -9999.0 -9999.0 -9999.0 -9999.0 310.407763 319.975916 340.440052 345.839532 371.319923 379.382531 400.691149 420.909722 443.197358 461.105079 492.861954 527.337807 570.476777 615.923964 649.949208 647.287772 660.686307 697.017100 741.803570 774.440498 801.223226 844.214888 927.526390 978.261031 993.136889 1002.286183 1015.000476 1062.504062 1125.370965 1143.067909 1119.923054 1103.485596 1122.130039 1158.575397 1170.214597 1173.596399 1183.683378 1193.109109 1218.320826 1207.553494 1163.223403 1145.819715 1141.857875 1127.378097 1070.185808 1006.247124 962.376060 904.697104 817.414179 759.050137 761.022551 774.784196 740.281219 682.309552 637.889786 624.995213 607.910723 592.249227 596.416353 614.182941 635.609602 645.749042 631.993423 610.292142 586.756031 557.359501 558.545491 583.389532 -9999.0 -9999.0 -9999.0 -9999.0 -9999.0 -9999.0
-9999.0 -9999.0 -9999.0 -9999.0 260.146536 273.165461 261.584412 286.550087 319.460789 353.841173 386.723889 424.771009 453.227970 484.946733 528.005634 566.218047 611.559613 650.756543 710.528386 783.204373 838.000184 866.736978 888.324189 956.546510 1024.567768 1078.347219 1098.983906 1126.781386 1172.023978 1238.159028 1268.637126 1278.070249 1296.659712 1329.938128 1374.491539 1406.959071 1389.223889 1380.423434 1385.203154 1396.291709 1421.556625 1423.914997 1426.155660 1428.152595 1431.669820 1430.256409 1405.497435 1372.358064 1359.032038 1350.072915 1323.221298 1255.330871 1207.812964 1173.656486 1141.715715 1092.797362 1027.207872 1004.514101 939.376028 875.182811 806.796178 780.115619 744.503820 714.041833 680.640088 678.808487 679.322880 657.104464 623.896980 590.473237 574.422933 554.812872 543.393247 572.668665 589.745709 619.968251 -9999.0 -9999.0 -9999.0 -9999.0
-9999.0 -9999.0 200.786862 250.268620 307.214500 316.559710 318.519105 324.866199 353.547340 406.148965 484.476141 537.859210 583.622682 619.740797 684.492459 770.590356 849.074982 904.847070 972.770212 1045.881343 1108.354041 1144.507153 1168.470239 1210.901488 1265.170258 1324.131545 1349.283224 1375.104813 1405.707768 1439.848244 1456.878031 1472.358432 1480.481628 1481.524010 1485.457033 1485.977198 1480.784384 1473.830312 1454.760025 1450.898267 1458.174863 1462.877191 1465.197764 1452.381613 1448.480283 1461.329302 1464.476340 1464.213814 1464.974006 1472.914815 1478.408406 1441.602207 1397.574058 1380.709360 1371.390333 1329.382270 1266.525147 1219.449922 1192.706996 1149.216072 1072.671528 1018.840160 961.211058 903.164408 844.143283 806.723392 755.040520 709.588587 660.731051 612.816305 587.677820 568.110976 564.525662 563.653630 578.931774 593.775648 608.682959 616.239291 -9999.0 -9999.0
-9999.0 99.285007 171.960212 299.186766 379.496693 425.526290 462.544859 489.557776 518.079166 541.824619 651.604000 751.528482 845.799510 886.650104 947.079924 1049.660136 1146.016350 1193.126168 1232.298106 1286.491431 1344.356561 1390.932881 1420.753248 1440.284158 1472.477597 1481.122718 1482.586969 1484.842125 1480.217018 1473.211618 1464.407629 1470.911323 1467.914042 1450.142143 1435.082387 1431.779927 1424.478754 1397.345163 1367.019177 1351.230707 1353.589806 1375.249983 1364.124082 1344.166247 1340.595458 1361.089991 1380.243816 1373.495694 1363.890182 1383.500132 1418.578816 1440.157335 1452.269917 1467.832178 1488.390356 1464.375587 1434.353829 1392.559959 1371.823118 1342.439931 1283.555533 1221.695313 1165.828401 1103.431476 1035.484964 960.939439 890.035566 824.067043 753.288595 708.800925 674.633836 621.222716 597.015347 596.633541 586.253962 582.542131 588.071937 594.118220 -9999.0 -9999.0
-9999.0 22.462374 165.585722 351.317265 500.584528 563.863379 676.524815 760.191853 790.846825 768.093678 882.891506 1106.276883 1201.760352 1219.822868 1291.566519 1376.599141 1404.832029 1436.743702 1458.580182 1465.007550 1470.230255 1478.754965 1477.476005 1471.825620 1457.687080 1449.655325 1448.025920 1444.422507 1425.883893 1406.139625 1387.795019 1382.270403 1364.329994 1323.336296 1291.824227 1274.729893 1256.575154 1229.134411 1190.920984 1161.735836 1146.700241 1163.026072 1155.080763 1138.381375 1134.923546 1157.568695 1191.472471 1189.648397 1200.259648 1225.607352 1267.280669 1308.422676 1331.942437 1362.218269 1399.030081 1442.920275 1460.177476 1481.224574 1485.654237 1464.917520 1421.367433 1370.532830 1336.131993 1272.687463 1200.400490 1122.068204 1058.055040 995.634350 919.994675 865.704253 812.569916 749.637039 688.770279 659.256183 617.396597 595.810594 -9999.0 -9999.0 -9999.0 -9999.0
-9999.0 -51.034618 138.858103 401.186347 672.670995 797.158957 1006.778020 1137.801354 1200.523760 1261.635193 1263.457106 1393.895482 1426.861120 1422.129015 1416.963298 1421.531019 1437.599512 1442.505989 1440.219300 1431.747280 1423.537672 1419.236474 1417.594246 1409.397541 1395.856320 1379.522648 1365.197160 1350.630942 1310.344260 1276.503560 1241.199127 1223.387794 1183.796669 1094.789996 1053.371134 1018.450275 958.771366 945.723281 932.137283 898.736468 876.862126 857.668328 877.873687 880.454196 882.541730 889.280782 911.063864 937.627110 987.058472 1027.933119 1073.422967 1126.232113 1162.461330 1208.376761 1256.739664 1314.483800 1347.468200 1378.957295 1425.368334 1465.416496 1488.540418 1478.842485 1450.572583 1406.238479 1337.420030 1271.030429 1224.296836 1155.746664 1090.769055 1035.672261 986.003248 925.253670 848.531698 751.807958 705.838571 -9999.0 -9999.0 -9999.0 -9999.0 -9999.0
-9999.0 -220.382902 47.922393 340.669679 665.268577 994.844515 1121.512649 1262.490190 1335.310543 1290.931944 1286.132783 1308.720074 1348.532037 1357.020517 1339.445332 1333.664305 1325.269180 1326.548973 1340.461590 1315.835916 1286.412073 1272.164656 1270.297160 1256.397756 1230.447726 1210.241872 1195.010561 1172.819136 1123.870900 1074.329221 994.738954 961.693067 879.958199 816.144286 769.636496 719.443477 665.789231 661.501121 675.502719 657.947097 634.491112 615.469680 641.434601 658.218018 670.173676 660.503408 671.181483 708.901315 760.987836 807.325931 859.992390 919.336422 972.500753 1027.605694 1062.994117 1115.098901 1163.603884 1213.231868 1288.373437 1368.205577 1405.000723 1440.709034 1475.556759 1491.445455 1442.398038 1393.996888 1347.041184 1292.228000 1210.331491 1162.688878 1132.109530 1084.449905 1024.642211 -9999.0 -9999.0 -9999.0 -9999.0 -9999.0 -9999.0 -9999.0
-9999.0 -350.442545 -125.363387 113.178918 406.360489 647.537270 840.451347 959.089325 1040.724662 1058.344700 1081.934511 1112.104165 1141.623013 1163.984482 1143.833828 1109.026663 1083.749320 1088.902487 1087.326027 1064.726960 1036.353549 1021.388443 1018.263388 1008.288697 978.524868 958.825950 943.568510 916.114449 876.872063 819.142899 737.266266 664.427342 600.100357 564.656343 533.752239 499.987477 461.787081 471.107095 483.806498 479.024955 467.124643 463.216900 492.525172 511.298473 521.561471 509.646450 529.070670 556.769408 599.566654 643.177698 693.040753 749.757654 806.063269 839.416393 857.292000 888.507343 935.799197 999.314472 1089.107558 1186.047530 1264.087879 1315.859295 1368.282502 1403.149098 1418.686155 1435.954273 1416.961896 1343.304486 1224.339977 1228.372903 1218.005394 -9999.0 -9999.0 -9999.0 -9999.0 -9999.0 -9999.0 -9999.0 -9999.0 -9999.0
-9999.0 -9999.0 -361.352208 -177.166060 -28.056898 156.272281 309.032488 420.457866 503.884571 605.424202 702.091911 780.444888 822.817632 840.237505 824.916834 789.398725 766.825757 767.423053 758.320853 746.525789 724.738693 715.722776 704.568554 694.958520 681.074763 672.379117 664.855409 651.331918 626.939637 578.789521 527.156671 474.244108 419.216323 393.101077 370.671474 348.152316 345.184207 342.042713 348.007998 349.083208 354.930236 366.931547 387.351238 409.005278 418.662076 426.692482 439.491299 463.570449 497.200735 539.339944 592.990897 650.357431 690.376924 704.125332 696.270757 704.103240 729.091342 777.808077 867.264991 962.763918 1062.528911 1136.558333 1211.835129 1267.133629 1288.239963 1309.108390 1332.227066 1271.169156 896.490141 1168.847814 -9999.0 -9999.0 -9999.0 -9999.0 -9999.0 -9999.0 -9999.0 -9999.0 -9999.0 -9999.0
-9999.0 -9999.0 -9999.0 -9999.0 -320.527920 -163.481069 -67.486469 16.483758 141.755830 256.054525 351.510066 430.561293 487.354199 512.245446 504.466073 504.102080 497.840519 493.292506 484.357768 480.902998 477.140764 469.094011 455.900757 447.630681 446.671444 449.828082 446.648997 432.445571 414.951408 389.316847 366.501903 331.231487 294.233033 264.715164 251.374260 244.790666 244.655767 238.420262 247.493708 254.174722 269.125975 284.452878 308.362615 336.965864 350.082869 364.578457 374.429426 395.299953 425.684239 478.937797 541.884239 598.782755 633.662451 637.856451 612.791634 597.823287 595.738243 625.831658 675.298940 749.197999 856.760912 938.659641 1009.515627 1061.981432 1098.693563 1149.532480 1213.164943 1255.318331 -9999.0 -9999.0 -9999.0 -9999.0 -9999.0 -9999.0 -9999.0 -9999.0 -9999.0 -9999.0 -9999.0 -9999.0
-9999.0 -9999.0 -9999.0 -9999.0 -9999.0 -9999.0 -371.251828 -272.447546 -187.463856 -57.818748 63.022676 158.613566 235.284324 263.255872 284.633172 308.934455 305.713561 288.326986 270.799985 288.202272 299.396290 293.820499 264.933538 263.467210 267.068190 275.514788 273.490117 266.863523 241.625662 250.834517 250.013274 226.637442 200.379561 186.056399 174.294187 184.019383 184.535435 171.546883 173.176783 199.468704 219.369148 232.706899 254.969594 288.161714 320.288811 334.965147 336.160828 342.435581 383.403424 453.702298 524.549353 578.717785 610.107021 617.690815 589.762604 549.389094 528.726830 536.281452 572.154713 627.383580 706.883259 761.174231 796.155656 819.018441 846.636545 943.783057 -9999.0 -9999.0 -9999.0 -9999.0 -9999.0 -9999.0 -9999.0 -9999.0 -9999.0 -9999.0 -9999.0 -9999.0 -9999.0 -9999.0
-9999.0 -9999.0 -9999.0 -9999.0 -9999.0 -9999.0 -9999.0 -9999.0 -9999.0 -9999.0 -9999.0 -9999.0 -9999.0 -9999.0 -9999.0 -9999.0 -9999.0 -9999.0 -9999.0 -9999.0 -9999.0 -9999.0 -9999.0 -9999.0 -9999.0 -9999.0 -9999.0 -9999.0 -9999.0 -9999.0 -9999.0 -9999.0 -9999.0 -9999.0 -9999.0 -9999.0 -9999.0 -9999.0 -9999.0 -9999.0 -9999.0 -9999.0 -9999.0 -9999.0 -9999.0 -9999.0 -9999.0 -9999.0 -9999.0 -9999.0 -9999.0 -9999.0 -9999.0 -9999.0 -9999.0 -9999.0 -9999.0 -9999.0 -9999.0 -9999.0 -9999.0 -9999.0 -9999.0 -9999.0 -9999.0 -9999.0 -9999.0 -9999.0 -9999.0 -9999.0 -9999.0 -9999.0 -9999.0 -9999.0 -9999.0 -9999.0 -9999.0 -9999.0 -9999.0 -9999.0
-9999.0 -9999.0 -9999.0 -9999.0 -9999.0 -9999.0 -9999.0 -9999.0 -9999.0 -9999.0 -9999.0 -9999.0 -9999.0 -9999.0 -9999.0 -9999.0 -9999.0 -9999.0 -9999.0 -9999.0 -9999.0 -9999.0 -9999.0 -9999.0 -9999.0 -9999.0 -9999.0 -9999.0 -9999.0 -9999.0 -9999.0 -9999.0 -9999.0 -9999.0 -9999.0 -9999.0 -9999.0 -9999.0 -9999.0 -9999.0 -9999.0 -9999.0 -9999.0 -9999.0 -9999.0 -9999.0 -9999.0 -9999.0 -9999.0 -9999.0 -9999.0 -9999.0 -9999.0 -9999.0 -9999.0 -9999.0 -9999.0 -9999.0 -9999.0 -9999.0 -9999.0 -9999.0 -9999.0 -9999.0 -9999.0 -9999.0 -9999.0 -9999.0 -9999.0 -9999.0 -9999.0 -9999.0 -9999.0 -9999.0 -9999.0 -9999.0 -9999.0 -9999.0 -9999.0 -9999.0