Borden_/Borden1m_014/output_maps/psiliqL0022N0017.asc
ncols         80
nrows         18
xllcorner     620200.000000
yllcorner     5168000.000000
cellsize      1.000000
NODATA_value  -9999.0
-9999.0 -9999.0 -9999.0 -9999.0 -9999.0 -9999.0 -9999.0 -9999.0 -9999.0 -9999.0 -9999.0 -9999.0 -9999.0 -9999.0 -9999.0 -9999.0 -9999.0 -9999.0 -9999.0 -9999.0 -9999.0 -9999.0 -9999.0 -9999.0 -9999.0 -9999.0 -9999.0 -9999.0 -9999.0 -9999.0 -9999.0 -9999.0 -9999.0 -9999.0 -9999.0 -9999.0 -9999.0 -9999.0 -9999.0 -9999.0 -9999.0 -9999.0 -9999.0 -9999.0 -9999.0 -9999.0 -9999.0 -9999.0 -9999.0 -9999.0 -9999.0 -9999.0 -9999.0 -9999.0 -9999.0 -9999.0 -9999.0 -9999.0 -9999.0 -9999.0 -9999.0 -9999.0 -9999.0 -9999.0 -9999.0 -9999.0 -9999.0 -9999.0 -9999.0 -9999.0 -9999.0 -9999.0 -9999.0 -9999.0 -9999.0 -9999.0 -9999.0 -9999.0 -9999.0 -9999.0
-9999.0 -9999.0 -9999.0 -9999.0 -9999.0 -9999.0 -9999.0 -9999.0 -9999.0 -9999.0 -9999.0 -9999.0 -9999.0 -9999.0 -9999.0 -9999.0 -9999.0 -9999.0 -9999.0 -9999.0 -9999.0 -9999.0 -9999.0 -9999.0 -9999.0 -9999.0 -9999.0 -9999.0 -9999.0 -9999.0 -9999.0 -9999.0 -9999.0 -9999.0 -9999.0 -9999.0 -9999.0 -9999.0 -9999.0 -9999.0 -9999.0 -9999.0 -9999.0 -9999.0 -9999.0 -9999.0 -9999.0 -9999.0 -9999.0 -9999.0 -9999.0 -9999.0 -9999.0 -9999.0 -9999.0 -9999.0 -9999.0 -9999.0 -9999.0 -9999.0 -9999.0 -9999.0 -9999.0 -9999.0 -9999.0 -9999.0 -9999.0 -9999.0 -9999.0 -9999.0 -9999.0 -9999.0 -9999.0 -9999.0 -9999.0 -9999.0 -9999.0 -9999.0 -9999.0 -9999.0
-9999.0 -9999.0 -9999.0 -9999.0 -9999.0 -9999.0 -9999.0 -9999.0 -9999.0 -9999.0 -9999.0 -9999.0 -9999.0 -9999.0 -9999.0 -9999.0 -9999.0 -9999.0 -9999.0 -9999.0 2561.601506 2564.310834 2544.456563 2512.977932 2487.613939 2492.325048 2528.253416 2571.132400 2611.983854 2622.722987 2607.017108 2613.745264 2612.655803 2611.847429 2615.420833 2625.090592 2633.120574 2643.552148 2651.264288 2649.658689 2642.642726 2637.428127 2639.031746 2640.985730 2647.001624 2633.896238 2649.377555 2664.998135 2668.769407 2663.137265 2635.623805 2618.818229 2606.175570 2586.452337 2608.599265 2617.105625 2635.757338 2636.610078 2631.870103 2603.542963 2572.491334 -9999.0 -9999.0 -9999.0 -9999.0 -9999.0 -9999.0 -9999.0 -9999.0 -9999.0 -9999.0 -9999.0 -9999.0 -9999.0 -9999.0 -9999.0 -9999.0 -9999.0 -9999.0 -9999.0
-9999.0 -9999.0 -9999.0 -9999.0 -9999.0 -9999.0 -9999.0 -9999.0 -9999.0 -9999.0 -9999.0 -9999.0 -9999.0 -9999.0 2464.048395 2456.627598 2456.225276 2466.676834 2502.238660 2534.596300 2546.823410 2541.305517 2543.557893 2522.176781 2503.398409 2519.650688 2551.756209 2583.853940 2619.340188 2640.083697 2632.226645 2633.590696 2645.376791 2671.702770 2684.296510 2682.996008 2665.449758 2691.108141 2705.485657 2711.048588 2709.175912 2699.340547 2708.659269 2722.884246 2715.996703 2700.717989 2710.773345 2725.012315 2735.410936 2723.292509 2658.821317 2640.201204 2631.770716 2622.507191 2605.382983 2598.093002 2622.248978 2617.269160 2606.162130 2586.362725 2551.725743 2506.437141 2485.494704 2522.749044 2563.902305 2617.684757 -9999.0 -9999.0 -9999.0 -9999.0 -9999.0 -9999.0 -9999.0 -9999.0 -9999.0 -9999.0 -9999.0 -9999.0 -9999.0 -9999.0
-9999.0 -9999.0 -9999.0 -9999.0 -9999.0 -9999.0 -9999.0 -9999.0 -9999.0 2401.162672 2407.656260 2416.535464 2421.261648 2438.806648 2437.276777 2446.714509 2454.814528 2485.373545 2518.691798 2555.812404 2585.330287 2580.016596 2581.673478 2591.150992 2592.836904 2606.072642 2630.089445 2671.976067 2705.518021 2745.033893 2717.027528 2717.918532 2741.290966 2789.061401 2818.293624 2823.580599 2806.399801 2821.404724 2845.431601 2862.569034 2859.239423 2853.396184 2876.238167 2890.414206 2886.829084 2867.027814 2865.661208 2872.085807 2899.915098 2847.408534 2777.899510 2730.554890 2736.595141 2709.457463 2675.608522 2655.808295 2651.563857 2668.170560 2650.705252 2610.906965 2574.732331 2560.444075 2539.891001 2555.924933 2575.483231 2617.862235 2655.019683 2681.166114 2677.623100 2658.243266 -9999.0 -9999.0 -9999.0 -9999.0 -9999.0 -9999.0 -9999.0 -9999.0 -9999.0 -9999.0
-9999.0 -9999.0 -9999.0 -9999.0 -9999.0 -9999.0 2320.716090 2332.314476 2354.673342 2359.215862 2387.241440 2395.309253 2417.755822 2438.827957 2463.698696 2481.490321 2512.362720 2547.643904 2588.864393 2632.844012 2668.142393 2661.783309 2674.849108 2700.821458 2737.519979 2765.182801 2792.581115 2833.481919 2800.514194 2836.556813 2832.993192 2834.916700 2843.928537 2894.160525 2958.373315 2970.636888 2950.607722 2937.339480 2959.611717 2995.942563 2995.716663 2994.750648 2986.492911 2996.496480 3023.046362 3013.443673 2997.637136 2990.195368 2994.529922 2973.985994 2907.765621 2848.941659 2826.754776 2891.660066 2806.772047 2755.805332 2768.684025 2787.257375 2757.268874 2703.595260 2661.805727 2649.884708 2632.115670 2617.815787 2623.658551 2640.639651 2659.107653 2667.249315 2650.636334 2626.177391 2601.903413 2570.733689 2570.305059 2593.345577 -9999.0 -9999.0 -9999.0 -9999.0 -9999.0 -9999.0
-9999.0 -9999.0 -9999.0 -9999.0 2268.985777 2283.662953 2271.742806 2299.993068 2334.832406 2371.213890 2402.725175 2439.970176 2468.585290 2500.865984 2540.337537 2571.441819 2612.244589 2649.363000 2706.201197 2777.221781 2830.301011 2852.163110 2868.000662 2811.510559 2868.198348 2916.885239 2936.231524 2961.893538 2984.972612 3040.406216 3063.006720 3066.472492 3083.288512 3123.701903 3176.722155 3208.928455 3191.808933 3183.351764 3191.986581 3205.022867 3227.130750 3227.250052 3228.202058 3231.638292 3238.338523 3237.218019 3212.213303 3179.492893 3168.861984 3159.411806 3124.756318 3054.835681 3023.214574 2996.551733 2978.321097 2925.424564 2872.937092 2869.151526 2815.523652 2871.123728 2811.774452 2792.542501 2761.027300 2734.388135 2707.804288 2708.655019 2709.683498 2685.533813 2648.126200 2611.712335 2593.775619 2571.580267 2556.456229 2583.780776 2598.223435 2625.770590 -9999.0 -9999.0 -9999.0 -9999.0
-9999.0 -9999.0 2206.002166 2254.245308 2314.015558 2324.368034 2323.778902 2331.403103 2362.372883 2416.628242 2488.320819 2533.446625 2571.682605 2608.970687 2671.735349 2744.816999 2815.618777 2865.664369 2823.816972 2892.235769 2951.818596 2979.824926 2990.247901 3004.888707 3057.575552 3123.130733 3149.897661 3175.328024 3203.248250 3237.578842 3235.311060 3246.903538 3258.045190 3267.717590 3279.825514 3285.409294 3281.079329 3276.597418 3258.370343 3253.701133 3260.287502 3267.281580 3267.051302 3252.790603 3248.848819 3263.415769 3268.935190 3267.324211 3265.373442 3270.902938 3268.928786 3223.864806 3200.465590 3186.179591 3178.255875 3133.536464 3068.780337 3035.176577 3015.545089 2996.630329 2923.196961 2881.996229 2840.152011 2803.340695 2861.864108 2832.777525 2784.961911 2741.144097 2690.595771 2639.607289 2610.709625 2589.169528 2582.556481 2576.954833 2589.836447 2601.183636 2613.847041 2620.254970 -9999.0 -9999.0
-9999.0 2097.294966 2169.901431 2295.628887 2378.106642 2423.622563 2446.193938 2461.369692 2493.482355 2530.290807 2627.271937 2696.182008 2786.950870 2831.961814 2884.298196 2874.104335 2965.732254 2990.100908 3026.026045 3085.515553 3147.859132 3191.410968 3216.891460 3205.186424 3241.895726 3265.529066 3271.643865 3277.185757 3275.680638 3267.320076 3260.207638 3267.108583 3264.466814 3245.918546 3230.443359 3228.922355 3225.661395 3202.916322 3177.966370 3163.150973 3165.284014 3187.323672 3176.793256 3155.825528 3151.531681 3172.650294 3190.828970 3180.514103 3169.767812 3183.947655 3217.706516 3240.866501 3244.674237 3262.456208 3283.393604 3255.547271 3232.214695 3190.110647 3175.963907 3151.091674 3095.897242 3041.273128 2994.045848 2964.268099 2909.863319 2857.404015 2807.505834 2846.705035 2778.364910 2732.567162 2698.104972 2643.576002 2617.778304 2613.801461 2599.391254 2592.450628 2593.840809 2598.315575 -9999.0 -9999.0
-9999.0 2006.475446 2147.846938 2330.987535 2481.969490 2537.086703 2620.069405 2692.890345 2719.064446 2679.205099 2790.236480 2916.131060 3011.998388 3026.400827 3097.831024 3185.193650 3177.778498 3207.333580 3228.814452 3248.409368 3264.283657 3276.412648 3274.130195 3268.340013 3252.303149 3244.404072 3243.660453 3241.707335 3224.836687 3206.353658 3189.905170 3187.268186 3172.373367 3125.852360 3093.640944 3077.335975 3060.742939 3046.571554 3018.620558 2993.976820 2998.945786 2991.250497 2987.797890 2993.400909 2989.069235 2987.710192 3018.267872 3014.259130 3023.702671 3042.812471 3078.080804 3114.831133 3133.656910 3162.039306 3194.738624 3240.414228 3250.894645 3272.860249 3276.361771 3263.421742 3218.736736 3170.901782 3142.063067 3087.951246 3028.611716 2986.330487 2935.611550 2888.626258 2831.790778 2795.329878 2831.156201 2764.963139 2706.267912 2678.360393 2631.746998 2608.332741 -9999.0 -9999.0 -9999.0 -9999.0
-9999.0 1912.222427 2095.799079 2344.447799 2641.062514 2736.929458 2890.598620 2994.091381 3033.558576 3097.415942 3007.818508 3187.376911 3231.901115 3224.799494 3232.937492 3234.868158 3248.228000 3248.054536 3243.018884 3232.342509 3223.221179 3219.010262 3217.803643 3209.981467 3197.565523 3183.201855 3173.793735 3162.876952 3127.467058 3096.448374 3059.648562 3047.793665 3007.469024 2936.210749 2896.464789 2859.151208 2800.683174 2801.189965 2805.494455 2880.167331 2861.721409 2833.570919 2860.987263 2873.432502 2878.458008 2876.147175 2891.071771 2811.465340 2856.726864 2890.991701 2930.879121 2978.557433 2988.155243 3026.561898 3066.616039 3118.116032 3148.085007 3176.422319 3221.116615 3257.640805 3279.927435 3267.129101 3246.773467 3204.380170 3147.309019 3098.542590 3070.407340 3021.243305 2992.093758 2946.650599 2899.150256 2844.964758 2855.290288 2770.222075 2720.835301 -9999.0 -9999.0 -9999.0 -9999.0 -9999.0
-9999.0 1703.905568 1970.249381 2246.687075 2540.922820 2844.690270 2989.207110 3087.265361 3147.402793 3121.660736 3136.810155 3145.424091 3179.775551 3185.715239 3165.980354 3153.416231 3137.415375 3136.320164 3149.227889 3122.678231 3093.465855 3080.688980 3081.451554 3070.725413 3047.605325 3032.694951 3023.342138 3006.294432 2982.611004 2933.000957 2850.510283 2818.877242 2845.931742 2799.510876 2755.896823 2702.117482 2647.233428 2646.465258 2667.087106 2655.443444 2633.975704 2616.124472 2644.972121 2667.868515 2682.246133 2669.203392 2679.379839 2716.595123 2770.733598 2820.717180 2874.038541 2815.310969 2856.204045 2897.114514 2921.149405 2963.307427 2984.276698 3024.945512 3093.603534 3169.075156 3200.863718 3234.199800 3264.467686 3285.706544 3243.730384 3216.230504 3193.477454 3172.511035 3127.347594 3082.674808 3042.223551 2979.683215 2930.191352 -9999.0 -9999.0 -9999.0 -9999.0 -9999.0 -9999.0 -9999.0
-9999.0 1586.990803 1789.927574 1996.527695 2262.721545 2504.299660 2730.712188 2839.589341 2834.777194 2892.869588 2939.959084 2975.674493 2984.978762 3005.599213 2982.942230 2957.908527 2926.851525 2931.201335 2923.669534 2901.561427 2873.275058 2859.659154 2857.109034 2851.798549 2830.007354 2818.970182 2812.116329 2894.566550 2865.692572 2807.966272 2727.983230 2647.308010 2588.892836 2562.012692 2533.489920 2501.029466 2468.798533 2477.968511 2487.512907 2486.535774 2478.482804 2477.512459 2506.600396 2525.628378 2536.105038 2526.451549 2547.265938 2574.855736 2617.933130 2666.380827 2718.745673 2774.530756 2831.663661 2863.045030 2876.992406 2899.900539 2812.615908 2857.548618 2935.499599 3000.006973 3073.837698 3117.807986 3167.264046 3203.513123 3229.898006 3257.805062 3277.750287 3268.928190 3244.455489 3212.094074 3156.436612 -9999.0 -9999.0 -9999.0 -9999.0 -9999.0 -9999.0 -9999.0 -9999.0 -9999.0
-9999.0 -9999.0 1561.883580 1724.345398 1838.127758 2010.110368 2160.018998 2274.095641 2377.150520 2517.049301 2639.203065 2735.557622 2782.584840 2801.744094 2791.286002 2766.399029 2750.141752 2751.032073 2740.190861 2731.720804 2713.582349 2703.757950 2685.013246 2672.337275 2661.436245 2655.277391 2649.328042 2639.879169 2619.420082 2573.242914 2528.747167 2479.274391 2426.840239 2401.334151 2379.449118 2358.547416 2358.695726 2352.372973 2356.570631 2358.510788 2366.978790 2380.596951 2400.383516 2423.511948 2433.960191 2444.811740 2457.987111 2482.779081 2517.005559 2560.790207 2616.945134 2678.922142 2722.222330 2737.706764 2729.335438 2734.343876 2752.022997 2795.289673 2875.470779 2826.992775 2915.932592 2981.189747 3025.724471 3080.062729 3105.737426 3141.833738 3207.613301 3255.359727 3294.582746 3272.406094 -9999.0 -9999.0 -9999.0 -9999.0 -9999.0 -9999.0 -9999.0 -9999.0 -9999.0 -9999.0
-9999.0 -9999.0 -9999.0 -9999.0 1586.743580 1738.292720 1837.977619 1921.791834 2057.363873 2188.056779 2295.880079 2384.018084 2452.545081 2481.855993 2483.580400 2498.505282 2497.734264 2490.330457 2479.805142 2481.702836 2482.768223 2473.680342 2455.030010 2445.292442 2445.096417 2449.485188 2445.708068 2431.457133 2412.315724 2393.491498 2376.024017 2342.397927 2307.603596 2278.174675 2264.512187 2259.277640 2258.171236 2249.732780 2257.566678 2265.608217 2281.169813 2296.342378 2319.994827 2349.414510 2364.247974 2379.779557 2389.976908 2410.804163 2442.686213 2497.602669 2562.938096 2622.572956 2662.437924 2669.527975 2647.684703 2633.680652 2631.122129 2660.550888 2707.979350 2775.715729 2882.419117 2818.770232 2866.845048 2908.582125 2945.706871 2985.649517 3076.019992 3154.899229 -9999.0 -9999.0 -9999.0 -9999.0 -9999.0 -9999.0 -9999.0 -9999.0 -9999.0 -9999.0 -9999.0 -9999.0
-9999.0 -9999.0 -9999.0 -9999.0 -9999.0 -9999.0 1559.638069 1665.573202 1739.932386 1890.324602 2032.902704 2140.661117 2225.028686 2261.195047 2294.364597 2325.125986 2325.905175 2306.776588 2285.771613 2305.675093 2321.543677 2313.475032 2280.130710 2278.619631 2282.658025 2288.901692 2285.238338 2278.257385 2252.707678 2266.574400 2268.571100 2244.762393 2218.387856 2204.451528 2192.054281 2201.063180 2200.475437 2185.738586 2184.810435 2212.076003 2232.769499 2245.743353 2267.129105 2300.504752 2333.362297 2349.549462 2351.568528 2358.001300 2397.326669 2468.598058 2542.388674 2600.135205 2635.225101 2645.754860 2622.467784 2584.622429 2567.101047 2577.040275 2614.536045 2669.388117 2750.835966 2805.422254 2835.882110 2853.163875 2874.606661 2806.351386 -9999.0 -9999.0 -9999.0 -9999.0 -9999.0 -9999.0 -9999.0 -9999.0 -9999.0 -9999.0 -9999.0 -9999.0 -9999.0 -9999.0
-9999.0 -9999.0 -9999.0 -9999.0 -9999.0 -9999.0 -9999.0 -9999.0 -9999.0 -9999.0 -9999.0 -9999.0 -9999.0 -9999.0 -9999.0 -9999.0 -9999.0 -9999.0 -9999.0 -9999.0 -9999.0 -9999.0 -9999.0 -9999.0 -9999.0 -9999.0 -9999.0 -9999.0 -9999.0 -9999.0 -9999.0 -9999.0 -9999.0 -9999.0 -9999.0 -9999.0 -9999.0 -9999.0 -9999.0 -9999.0 -9999.0 -9999.0 -9999.0 -9999.0 -9999.0 -9999.0 -9999.0 -9999.0 -9999.0 -9999.0 -9999.0 -9999.0 -9999.0 -9999.0 -9999.0 -9999.0 -9999.0 -9999.0 -9999.0 -9999.0 -9999.0 -9999.0 -9999.0 -9999.0 -9999.0 -9999.0 -9999.0 -9999.0 -9999.0 -9999.0 -9999.0 -9999.0 -9999.0 -9999.0 -9999.0 -9999.0 -9999.0 -9999.0 -9999.0 -9999.0
-9999.0 -9999.0 -9999.0 -9999.0 -9999.0 -9999.0 -9999.0 -9999.0 -9999.0 -9999.0 -9999.0 -9999.0 -9999.0 -9999.0 -9999.0 -9999.0 -9999.0 -9999.0 -9999.0 -9999.0 -9999.0 -9999.0 -9999.0 -9999.0 -9999.0 -9999.0 -9999.0 -9999.0 -9999.0 -9999.0 -9999.0 -9999.0 -9999.0 -9999.0 -9999.0 -9999.0 -9999.0 -9999.0 -9999.0 -9999.0 -9999.0 -9999.0 -9999.0 -9999.0 -9999.0 -9999.0 -9999.0 -9999.0 -9999.0 -9999.0 -9999.0 -9999.0 -9999.0 -9999.0 -9999.0 -9999.0 -9999.0 -9999.0 -9999.0 -9999.0 -9999.0 -9999.0 -9999.0 -9999.0 -9999.0 -9999.0 -9999.0 -9999.0 -9999.0 -9999.0 -9999.0 -9999.0 -9999.0 -9999.0 -9999.0 -9999.0 -9999.0 -9999.0 -9999.0 -9999.0