Borden_/Borden1m_014/output_maps/psiliqL0004N0034.asc
ncols         80
nrows         18
xllcorner     620200.000000
yllcorner     5168000.000000
cellsize      1.000000
NODATA_value  -9999.0
-9999.0 -9999.0 -9999.0 -9999.0 -9999.0 -9999.0 -9999.0 -9999.0 -9999.0 -9999.0 -9999.0 -9999.0 -9999.0 -9999.0 -9999.0 -9999.0 -9999.0 -9999.0 -9999.0 -9999.0 -9999.0 -9999.0 -9999.0 -9999.0 -9999.0 -9999.0 -9999.0 -9999.0 -9999.0 -9999.0 -9999.0 -9999.0 -9999.0 -9999.0 -9999.0 -9999.0 -9999.0 -9999.0 -9999.0 -9999.0 -9999.0 -9999.0 -9999.0 -9999.0 -9999.0 -9999.0 -9999.0 -9999.0 -9999.0 -9999.0 -9999.0 -9999.0 -9999.0 -9999.0 -9999.0 -9999.0 -9999.0 -9999.0 -9999.0 -9999.0 -9999.0 -9999.0 -9999.0 -9999.0 -9999.0 -9999.0 -9999.0 -9999.0 -9999.0 -9999.0 -9999.0 -9999.0 -9999.0 -9999.0 -9999.0 -9999.0 -9999.0 -9999.0 -9999.0 -9999.0
-9999.0 -9999.0 -9999.0 -9999.0 -9999.0 -9999.0 -9999.0 -9999.0 -9999.0 -9999.0 -9999.0 -9999.0 -9999.0 -9999.0 -9999.0 -9999.0 -9999.0 -9999.0 -9999.0 -9999.0 -9999.0 -9999.0 -9999.0 -9999.0 -9999.0 -9999.0 -9999.0 -9999.0 -9999.0 -9999.0 -9999.0 -9999.0 -9999.0 -9999.0 -9999.0 -9999.0 -9999.0 -9999.0 -9999.0 -9999.0 -9999.0 -9999.0 -9999.0 -9999.0 -9999.0 -9999.0 -9999.0 -9999.0 -9999.0 -9999.0 -9999.0 -9999.0 -9999.0 -9999.0 -9999.0 -9999.0 -9999.0 -9999.0 -9999.0 -9999.0 -9999.0 -9999.0 -9999.0 -9999.0 -9999.0 -9999.0 -9999.0 -9999.0 -9999.0 -9999.0 -9999.0 -9999.0 -9999.0 -9999.0 -9999.0 -9999.0 -9999.0 -9999.0 -9999.0 -9999.0
-9999.0 -9999.0 -9999.0 -9999.0 -9999.0 -9999.0 -9999.0 -9999.0 -9999.0 -9999.0 -9999.0 -9999.0 -9999.0 -9999.0 -9999.0 -9999.0 -9999.0 -9999.0 -9999.0 -9999.0 -603.728097 -601.794854 -607.384904 -614.218014 -619.814428 -620.211771 -613.777292 -605.997836 -597.451098 -595.440694 -601.400834 -600.286877 -602.466182 -603.460126 -603.293579 -601.583155 -600.783660 -597.998566 -596.099622 -596.632018 -598.551196 -600.049688 -601.035403 -600.417448 -598.477415 -601.298756 -597.044417 -592.592084 -590.851462 -591.403956 -597.986407 -601.036479 -602.305079 -606.846485 -598.610546 -595.603565 -588.883576 -587.918408 -587.236829 -594.795320 -602.421048 -9999.0 -9999.0 -9999.0 -9999.0 -9999.0 -9999.0 -9999.0 -9999.0 -9999.0 -9999.0 -9999.0 -9999.0 -9999.0 -9999.0 -9999.0 -9999.0 -9999.0 -9999.0 -9999.0
-9999.0 -9999.0 -9999.0 -9999.0 -9999.0 -9999.0 -9999.0 -9999.0 -9999.0 -9999.0 -9999.0 -9999.0 -9999.0 -9999.0 -616.994815 -619.720820 -620.923324 -621.137517 -615.318826 -610.364105 -609.314314 -612.085771 -610.377412 -616.335221 -621.543939 -618.358054 -613.101390 -608.053682 -600.783385 -595.590776 -599.905543 -600.964687 -598.349550 -589.824241 -585.662725 -587.141462 -596.092797 -587.447974 -582.374473 -579.142879 -579.565857 -583.547587 -577.594235 -570.764853 -573.947125 -581.233491 -579.851599 -575.538417 -568.908909 -573.498485 -596.903673 -600.740971 -600.099717 -600.317953 -603.685092 -605.819351 -597.385911 -598.014359 -599.730690 -602.436688 -608.688388 -617.817045 -621.660042 -612.738693 -603.726772 -587.398964 -9999.0 -9999.0 -9999.0 -9999.0 -9999.0 -9999.0 -9999.0 -9999.0 -9999.0 -9999.0 -9999.0 -9999.0 -9999.0 -9999.0
-9999.0 -9999.0 -9999.0 -9999.0 -9999.0 -9999.0 -9999.0 -9999.0 -9999.0 -623.337177 -623.793963 -622.894459 -624.298793 -621.665576 -625.016023 -623.949092 -624.176163 -620.077398 -616.035590 -609.928024 -602.907711 -607.272475 -607.776409 -604.354015 -603.508159 -601.428337 -597.374440 -585.556498 -571.725715 -552.962790 -567.497266 -568.189933 -559.302099 -529.956964 -502.214345 -493.295554 -508.147204 -507.640413 -488.472689 -464.763795 -463.163610 -464.566294 -438.387390 -423.053348 -414.231121 -436.015174 -460.253260 -464.073176 -436.872184 -487.050712 -530.785746 -562.906590 -561.953019 -574.618824 -588.962059 -594.898727 -596.396233 -587.135617 -591.270714 -601.225034 -609.609493 -608.669442 -612.855980 -608.586061 -604.560505 -591.718557 -580.102911 -569.590553 -569.108786 -575.554912 -9999.0 -9999.0 -9999.0 -9999.0 -9999.0 -9999.0 -9999.0 -9999.0 -9999.0 -9999.0
-9999.0 -9999.0 -9999.0 -9999.0 -9999.0 -9999.0 -630.120966 -630.127609 -628.216907 -632.170726 -628.389180 -630.130468 -627.198820 -625.437393 -623.081490 -622.161321 -616.980482 -611.865425 -603.712488 -593.235662 -583.976127 -587.460126 -584.857073 -572.207200 -549.855792 -529.815031 -515.892719 -489.335650 -407.810183 -349.480966 -326.832376 -316.557606 -305.003227 -271.962658 -216.458071 -197.120750 -218.833447 -235.134680 -216.461734 -172.000446 -100.828587 -97.944137 -91.695162 -84.651893 -58.705128 -65.250287 -165.317592 -196.165519 -206.854861 -217.601124 -263.096880 -311.138317 -367.362856 -428.749133 -503.270159 -540.129767 -545.107319 -538.668360 -554.481857 -575.861128 -589.476918 -590.590844 -593.685667 -598.140031 -595.960947 -590.465207 -582.631361 -578.022484 -581.737725 -587.264470 -592.182450 -600.263367 -599.207248 -591.517215 -9999.0 -9999.0 -9999.0 -9999.0 -9999.0 -9999.0
-9999.0 -9999.0 -9999.0 -9999.0 -637.926494 -635.673497 -641.908354 -637.952729 -634.497343 -631.518665 -630.321091 -625.434422 -623.206234 -619.250455 -611.729866 -605.116730 -594.631087 -586.006548 -565.797206 -528.683309 -491.524612 -466.348726 -447.291796 -367.408918 -300.602253 -259.157383 -243.046614 -216.685512 -166.907499 -52.621518 -26.516319 -18.073843 -1.391098 -2.883908 62.353448 93.127775 77.915419 70.096292 74.339394 82.814815 107.812813 108.673071 109.882022 109.904718 111.972021 113.415045 91.315430 59.549940 49.930745 42.895007 24.360275 -36.722793 -134.813639 -173.169295 -199.603624 -241.871076 -300.069847 -325.815461 -396.652880 -460.300806 -516.774785 -534.804271 -552.605114 -562.955408 -575.327587 -573.542242 -570.680903 -577.241307 -586.338029 -595.096653 -597.201238 -601.291667 -604.844192 -595.226397 -590.980813 -580.437820 -9999.0 -9999.0 -9999.0 -9999.0
-9999.0 -9999.0 -639.531945 -638.360736 -631.601756 -634.598395 -636.586206 -639.275993 -637.215919 -630.151912 -616.916047 -609.474511 -599.759078 -593.611706 -573.574905 -529.490143 -473.141604 -420.448493 -343.841425 -285.372966 -232.959348 -189.809219 -117.719820 -72.851141 -28.044952 20.831556 40.957753 62.510542 86.102779 113.449501 137.981508 154.758958 159.413025 153.030791 152.892086 151.572328 149.400546 144.679271 128.553864 126.551408 133.878534 136.366936 139.720795 127.417863 123.705143 136.139891 137.692108 137.939891 140.523764 148.343116 158.609856 129.536321 76.591209 64.746267 61.452672 23.447067 -40.258152 -130.230278 -159.564205 -200.326279 -273.597631 -315.821249 -374.689496 -442.190722 -497.435346 -521.926625 -546.430110 -562.517754 -577.780997 -591.794996 -596.893448 -600.264683 -599.087851 -599.833091 -594.596508 -590.197231 -584.553819 -582.149540 -9999.0 -9999.0
-9999.0 -642.816008 -643.614028 -631.274445 -626.920338 -623.097029 -618.687110 -614.927062 -610.910911 -612.910381 -579.609699 -522.676781 -458.302907 -427.798624 -356.922976 -260.073118 -111.608586 -75.406127 -48.614937 -8.027870 38.509427 77.926373 103.363214 135.484189 159.180722 155.273032 151.923591 151.240580 142.740768 135.360848 124.842228 132.992570 131.957296 117.059101 105.323223 104.204026 101.509204 75.272803 50.570392 38.737120 43.869210 64.822655 54.736903 34.722250 30.987345 50.600657 65.542081 56.953412 46.028664 61.296100 92.358316 109.965575 126.366847 139.911944 160.182743 138.161473 105.570310 68.794161 53.450632 29.176228 -73.085041 -138.857882 -192.267906 -255.425875 -309.398763 -381.157074 -458.283223 -508.835993 -545.299980 -560.368830 -570.312462 -588.606994 -594.227240 -591.241719 -593.734219 -594.093125 -591.757352 -589.809852 -9999.0 -9999.0
-9999.0 -653.314575 -642.388586 -627.405800 -607.607348 -600.697283 -551.303858 -505.663740 -487.427889 -507.999567 -392.485680 -109.771314 -44.106250 -41.638948 10.915274 79.197224 120.580951 143.501188 157.593694 149.330977 143.080452 145.603375 141.398949 133.783200 120.305511 112.681447 112.366524 110.344521 92.638002 74.927015 36.579484 58.578640 46.039176 12.184596 -20.845976 -37.058184 -65.606288 -119.158210 -157.730991 -184.839873 -197.311775 -176.934384 -187.983279 -207.188983 -210.962201 -186.619404 -153.498167 -160.079151 -155.895366 -132.826663 -87.366325 -7.155571 14.558650 39.769631 72.829511 110.740611 129.165919 148.618320 154.175486 130.825949 91.993921 46.526417 17.053830 -87.382200 -163.281248 -242.188790 -292.866997 -332.995984 -405.443615 -460.084188 -503.820190 -539.353655 -565.599968 -573.107685 -586.513612 -590.310649 -9999.0 -9999.0 -9999.0 -9999.0
-9999.0 -654.869064 -643.766765 -616.846192 -553.873814 -473.900003 -304.115926 -170.566218 -21.438522 -45.121307 60.784695 138.787525 148.807334 133.258631 108.268689 105.140671 114.966733 117.133803 113.473219 103.826678 92.900953 89.585731 87.628717 81.035805 69.353477 54.613394 43.673503 31.714670 -49.946707 -87.406808 -116.734049 -131.296932 -164.563564 -247.985127 -281.566978 -303.397239 -359.809854 -377.514975 -395.913038 -431.609642 -451.593399 -464.585165 -448.066390 -451.248662 -452.184260 -441.860664 -416.720587 -396.299275 -345.950257 -310.977938 -278.084220 -229.052733 -195.305866 -151.336526 -98.431352 -0.777954 28.282834 53.307539 93.874199 131.092268 151.874925 144.311322 115.600364 80.152626 21.056973 -92.874256 -147.788242 -218.971976 -272.903657 -308.397885 -335.424981 -389.208723 -469.235201 -534.464228 -552.407373 -9999.0 -9999.0 -9999.0 -9999.0 -9999.0
-9999.0 -670.436863 -645.289780 -622.318583 -523.308177 -290.481132 -196.463029 50.382098 110.722447 39.751362 -47.991601 25.411655 59.531449 60.595242 36.071767 25.409481 21.357908 20.712940 33.158920 -2.831991 -71.211459 -89.426783 -91.624951 -103.455977 -125.732565 -144.422790 -158.745044 -180.102922 -233.661225 -274.800613 -328.085164 -357.299785 -441.108061 -503.525507 -532.525823 -556.507989 -579.258941 -579.147080 -572.331332 -578.862832 -586.239922 -593.354366 -584.426032 -579.886859 -576.002803 -580.385676 -578.300776 -565.687275 -544.705450 -522.311097 -486.571992 -430.171345 -373.641825 -314.609467 -287.096459 -237.337301 -191.385731 -144.069785 -68.574785 46.589645 75.516423 105.994151 141.926976 159.630115 120.504628 80.676749 24.200746 -89.746800 -191.513885 -233.355061 -249.347184 -270.507321 -308.608561 -9999.0 -9999.0 -9999.0 -9999.0 -9999.0 -9999.0 -9999.0
-9999.0 -678.741989 -652.642168 -646.461006 -608.200759 -532.211464 -405.598753 -287.967315 -136.161018 -238.666311 -251.508585 -225.902434 -196.227822 -175.115962 -198.700963 -232.062278 -254.417230 -251.057060 -250.133550 -271.298503 -296.373670 -306.839312 -307.452065 -314.902699 -345.317518 -368.172528 -383.449071 -411.468144 -453.879918 -501.118695 -550.901696 -577.030798 -596.052975 -603.770944 -609.426770 -615.210951 -624.264910 -619.888375 -616.126306 -617.111620 -619.968178 -621.830899 -615.017820 -612.038752 -609.802212 -615.189655 -610.791583 -605.910634 -596.075217 -585.636581 -571.306646 -551.114646 -525.779925 -506.475711 -492.022841 -460.997812 -408.798433 -333.576707 -263.730460 -168.604383 -93.968874 -8.104909 44.347222 76.322768 93.753938 104.357242 106.914750 63.846770 -163.895419 -198.037129 -200.801230 -9999.0 -9999.0 -9999.0 -9999.0 -9999.0 -9999.0 -9999.0 -9999.0 -9999.0
-9999.0 -9999.0 -684.769544 -673.319526 -663.265984 -650.721205 -632.620323 -610.660812 -592.688992 -570.472930 -538.756116 -501.508927 -474.316834 -460.921755 -478.063754 -509.555246 -526.433018 -525.710914 -530.312007 -538.820849 -552.985322 -558.014083 -561.713150 -564.777976 -571.195121 -574.071042 -575.513398 -578.555900 -584.902275 -597.938952 -609.772627 -618.503005 -627.338409 -628.252658 -630.104467 -633.033220 -631.365057 -631.864451 -631.034585 -631.278998 -630.562374 -629.123046 -627.092545 -624.519256 -623.990695 -623.198956 -621.995604 -618.971010 -614.291403 -607.891545 -596.836764 -581.727805 -570.159453 -567.094059 -572.162980 -570.378963 -562.244562 -542.218967 -479.757230 -373.242176 -288.814449 -223.222418 -152.327803 -104.108274 -83.363139 -24.956094 30.373374 -99.798514 -252.412795 -238.886602 -9999.0 -9999.0 -9999.0 -9999.0 -9999.0 -9999.0 -9999.0 -9999.0 -9999.0 -9999.0
-9999.0 -9999.0 -9999.0 -9999.0 -689.806128 -673.585172 -659.422110 -659.772825 -648.341191 -639.933012 -631.412723 -621.612920 -613.450013 -608.703001 -613.407938 -614.814949 -616.213514 -615.891385 -617.272684 -618.622286 -619.441970 -620.522122 -621.804315 -623.111950 -622.763823 -621.672745 -621.522623 -623.728241 -624.551127 -628.709207 -630.041497 -633.056714 -635.910310 -638.709329 -638.580117 -638.914401 -637.982644 -639.094929 -637.386139 -638.087925 -636.578904 -635.659065 -633.603000 -630.483603 -630.832146 -629.052500 -628.614895 -626.128604 -624.057458 -616.800077 -605.567962 -592.933687 -584.388845 -584.432716 -594.011032 -598.605700 -600.726948 -594.007386 -581.668462 -556.510319 -495.507208 -417.268673 -331.815341 -291.631032 -264.727067 -220.581481 -179.605940 -171.059785 -9999.0 -9999.0 -9999.0 -9999.0 -9999.0 -9999.0 -9999.0 -9999.0 -9999.0 -9999.0 -9999.0 -9999.0
-9999.0 -9999.0 -9999.0 -9999.0 -9999.0 -9999.0 -682.947369 -674.792302 -676.772827 -669.802725 -663.213246 -657.724114 -650.325182 -650.275111 -648.075487 -643.048223 -643.769963 -646.336616 -649.427141 -645.103829 -643.113543 -642.880192 -647.839990 -646.675404 -646.108288 -644.243132 -644.427826 -643.878534 -648.053122 -643.541500 -641.503668 -642.784822 -644.047795 -643.487034 -644.577264 -641.739828 -641.404711 -643.742964 -644.346603 -640.814664 -639.553512 -639.695973 -638.595530 -635.692758 -631.811108 -630.900979 -632.176494 -633.788335 -629.218689 -619.090965 -607.179491 -596.419795 -589.434168 -587.534093 -596.164599 -607.558409 -613.314829 -613.568875 -607.851358 -597.055742 -574.258613 -557.438208 -542.918964 -527.251649 -506.049141 -407.665975 -9999.0 -9999.0 -9999.0 -9999.0 -9999.0 -9999.0 -9999.0 -9999.0 -9999.0 -9999.0 -9999.0 -9999.0 -9999.0 -9999.0
-9999.0 -9999.0 -9999.0 -9999.0 -9999.0 -9999.0 -9999.0 -9999.0 -9999.0 -9999.0 -9999.0 -9999.0 -9999.0 -9999.0 -9999.0 -9999.0 -9999.0 -9999.0 -9999.0 -9999.0 -9999.0 -9999.0 -9999.0 -9999.0 -9999.0 -9999.0 -9999.0 -9999.0 -9999.0 -9999.0 -9999.0 -9999.0 -9999.0 -9999.0 -9999.0 -9999.0 -9999.0 -9999.0 -9999.0 -9999.0 -9999.0 -9999.0 -9999.0 -9999.0 -9999.0 -9999.0 -9999.0 -9999.0 -9999.0 -9999.0 -9999.0 -9999.0 -9999.0 -9999.0 -9999.0 -9999.0 -9999.0 -9999.0 -9999.0 -9999.0 -9999.0 -9999.0 -9999.0 -9999.0 -9999.0 -9999.0 -9999.0 -9999.0 -9999.0 -9999.0 -9999.0 -9999.0 -9999.0 -9999.0 -9999.0 -9999.0 -9999.0 -9999.0 -9999.0 -9999.0
-9999.0 -9999.0 -9999.0 -9999.0 -9999.0 -9999.0 -9999.0 -9999.0 -9999.0 -9999.0 -9999.0 -9999.0 -9999.0 -9999.0 -9999.0 -9999.0 -9999.0 -9999.0 -9999.0 -9999.0 -9999.0 -9999.0 -9999.0 -9999.0 -9999.0 -9999.0 -9999.0 -9999.0 -9999.0 -9999.0 -9999.0 -9999.0 -9999.0 -9999.0 -9999.0 -9999.0 -9999.0 -9999.0 -9999.0 -9999.0 -9999.0 -9999.0 -9999.0 -9999.0 -9999.0 -9999.0 -9999.0 -9999.0 -9999.0 -9999.0 -9999.0 -9999.0 -9999.0 -9999.0 -9999.0 -9999.0 -9999.0 -9999.0 -9999.0 -9999.0 -9999.0 -9999.0 -9999.0 -9999.0 -9999.0 -9999.0 -9999.0 -9999.0 -9999.0 -9999.0 -9999.0 -9999.0 -9999.0 -9999.0 -9999.0 -9999.0 -9999.0 -9999.0 -9999.0 -9999.0