Borden_/Borden1m_014/output_maps/psiliqL0012N0012.asc
ncols         80
nrows         18
xllcorner     620200.000000
yllcorner     5168000.000000
cellsize      1.000000
NODATA_value  -9999.0
-9999.0 -9999.0 -9999.0 -9999.0 -9999.0 -9999.0 -9999.0 -9999.0 -9999.0 -9999.0 -9999.0 -9999.0 -9999.0 -9999.0 -9999.0 -9999.0 -9999.0 -9999.0 -9999.0 -9999.0 -9999.0 -9999.0 -9999.0 -9999.0 -9999.0 -9999.0 -9999.0 -9999.0 -9999.0 -9999.0 -9999.0 -9999.0 -9999.0 -9999.0 -9999.0 -9999.0 -9999.0 -9999.0 -9999.0 -9999.0 -9999.0 -9999.0 -9999.0 -9999.0 -9999.0 -9999.0 -9999.0 -9999.0 -9999.0 -9999.0 -9999.0 -9999.0 -9999.0 -9999.0 -9999.0 -9999.0 -9999.0 -9999.0 -9999.0 -9999.0 -9999.0 -9999.0 -9999.0 -9999.0 -9999.0 -9999.0 -9999.0 -9999.0 -9999.0 -9999.0 -9999.0 -9999.0 -9999.0 -9999.0 -9999.0 -9999.0 -9999.0 -9999.0 -9999.0 -9999.0
-9999.0 -9999.0 -9999.0 -9999.0 -9999.0 -9999.0 -9999.0 -9999.0 -9999.0 -9999.0 -9999.0 -9999.0 -9999.0 -9999.0 -9999.0 -9999.0 -9999.0 -9999.0 -9999.0 -9999.0 -9999.0 -9999.0 -9999.0 -9999.0 -9999.0 -9999.0 -9999.0 -9999.0 -9999.0 -9999.0 -9999.0 -9999.0 -9999.0 -9999.0 -9999.0 -9999.0 -9999.0 -9999.0 -9999.0 -9999.0 -9999.0 -9999.0 -9999.0 -9999.0 -9999.0 -9999.0 -9999.0 -9999.0 -9999.0 -9999.0 -9999.0 -9999.0 -9999.0 -9999.0 -9999.0 -9999.0 -9999.0 -9999.0 -9999.0 -9999.0 -9999.0 -9999.0 -9999.0 -9999.0 -9999.0 -9999.0 -9999.0 -9999.0 -9999.0 -9999.0 -9999.0 -9999.0 -9999.0 -9999.0 -9999.0 -9999.0 -9999.0 -9999.0 -9999.0 -9999.0
-9999.0 -9999.0 -9999.0 -9999.0 -9999.0 -9999.0 -9999.0 -9999.0 -9999.0 -9999.0 -9999.0 -9999.0 -9999.0 -9999.0 -9999.0 -9999.0 -9999.0 -9999.0 -9999.0 -9999.0 539.847193 542.826765 520.983551 487.795422 460.488441 463.554749 499.220118 541.181460 579.971111 590.563868 573.354603 576.688615 573.766949 575.175266 579.935980 588.154601 593.099423 605.119264 613.793347 613.324218 606.928051 601.313449 600.840443 603.842772 609.021539 598.940500 612.923129 628.144340 633.242279 626.919561 597.940821 580.083638 569.445325 552.736308 575.894261 586.667570 608.213172 611.265231 608.777784 581.033755 550.482122 -9999.0 -9999.0 -9999.0 -9999.0 -9999.0 -9999.0 -9999.0 -9999.0 -9999.0 -9999.0 -9999.0 -9999.0 -9999.0 -9999.0 -9999.0 -9999.0 -9999.0 -9999.0 -9999.0
-9999.0 -9999.0 -9999.0 -9999.0 -9999.0 -9999.0 -9999.0 -9999.0 -9999.0 -9999.0 -9999.0 -9999.0 -9999.0 -9999.0 447.335634 437.922097 435.614115 444.723991 479.143309 510.046622 522.779482 515.927221 516.714710 494.106050 474.957559 490.599810 521.627034 554.057100 588.853042 609.413074 598.356406 597.620995 610.631193 641.038448 658.028105 657.709451 639.237909 663.280755 679.285231 687.586623 686.179802 677.103783 690.031173 705.527741 698.639429 681.855928 687.361968 699.753785 712.308033 696.562065 629.467972 605.284162 598.209508 589.500000 574.143866 566.085106 589.437944 588.277138 578.840771 559.954312 526.630325 481.914988 462.910673 500.838503 544.268878 601.277813 -9999.0 -9999.0 -9999.0 -9999.0 -9999.0 -9999.0 -9999.0 -9999.0 -9999.0 -9999.0 -9999.0 -9999.0 -9999.0 -9999.0
-9999.0 -9999.0 -9999.0 -9999.0 -9999.0 -9999.0 -9999.0 -9999.0 -9999.0 389.075855 393.543175 401.136944 403.705618 419.801807 418.092945 425.778186 433.868005 461.405660 493.598682 530.072843 560.198781 552.028060 553.664999 566.232439 573.837566 590.128501 614.313971 655.839918 696.231883 736.956383 709.203629 709.849735 736.045697 796.678983 839.377335 851.060991 835.550176 843.976105 868.709872 889.745138 887.197695 883.655838 906.924323 919.617490 921.900032 903.852043 892.709691 894.319570 919.467715 865.985226 793.501680 729.602858 725.670347 692.139140 651.098787 627.346125 620.521561 638.469542 621.433564 582.751586 544.999635 532.981501 514.475548 530.145961 551.523802 597.218895 635.268888 663.115164 662.302683 644.441244 -9999.0 -9999.0 -9999.0 -9999.0 -9999.0 -9999.0 -9999.0 -9999.0 -9999.0 -9999.0
-9999.0 -9999.0 -9999.0 -9999.0 -9999.0 -9999.0 310.038325 319.592322 340.033321 345.348077 370.752147 378.690952 399.819108 419.835101 442.001209 459.919061 491.513323 525.703868 568.974339 615.742631 651.446433 648.980534 661.166858 696.402496 744.900081 787.465047 819.089057 859.780362 933.416720 972.929566 981.978781 991.357642 1015.854765 1098.462909 1176.914337 1197.325754 1181.728203 1169.363482 1186.510519 1216.519260 1218.348164 1216.690778 1223.550021 1230.681758 1255.104610 1249.540999 1217.693297 1207.986966 1206.305519 1189.266341 1117.547755 1021.353193 971.211688 918.455146 834.752391 772.974981 765.646598 775.465825 741.799251 685.559618 641.156241 626.460996 608.323233 592.315934 596.212062 613.835552 635.234255 645.380341 631.659575 609.967685 586.422454 556.898177 557.981979 582.784967 -9999.0 -9999.0 -9999.0 -9999.0 -9999.0 -9999.0
-9999.0 -9999.0 -9999.0 -9999.0 259.907771 272.958651 261.351603 286.314042 319.237287 353.607684 386.425709 424.403812 452.600663 484.022839 527.196090 566.392200 611.546036 649.456567 709.073525 787.095906 848.995183 878.552872 895.764618 959.423215 1038.782191 1124.081040 1158.022825 1184.043906 1217.471385 1266.707084 1288.504953 1295.558206 1318.394964 1363.201618 1412.279807 1445.236522 1432.488027 1427.886545 1432.635713 1440.308278 1459.668350 1458.597343 1458.996986 1460.105363 1463.791733 1465.543177 1447.980175 1421.401527 1411.265010 1402.301818 1371.512022 1296.983743 1255.854950 1229.366918 1199.562617 1140.356185 1045.091306 1011.684536 949.489611 890.694028 821.497417 786.487741 747.330325 716.305205 681.822542 679.393628 679.794589 657.478712 624.280023 590.784974 574.510560 554.603902 542.951970 572.115079 589.140999 619.340738 -9999.0 -9999.0 -9999.0 -9999.0
-9999.0 -9999.0 200.550189 250.098375 307.208810 316.792973 318.985899 325.429861 354.127853 406.721804 485.055153 539.017954 584.396516 619.713158 685.113828 777.226164 855.835805 907.565470 974.746927 1066.279659 1152.216704 1192.264854 1208.126777 1243.658370 1298.899748 1366.462038 1395.576140 1418.179415 1440.771063 1465.191890 1476.793297 1490.609638 1499.993534 1504.311103 1509.763958 1511.242731 1509.696518 1507.561492 1491.852473 1488.872595 1494.756740 1498.036508 1499.986237 1487.522124 1483.912284 1497.394606 1502.233604 1504.307996 1506.402467 1513.707420 1517.199509 1479.114726 1439.815837 1427.571579 1419.787922 1375.598297 1307.716243 1265.477141 1246.427307 1207.916852 1124.374117 1041.701728 974.198274 915.246967 850.625633 810.377488 758.210918 711.853725 662.834470 614.710387 588.887221 568.566334 564.420425 563.231772 578.369930 593.166776 608.076661 615.642345 -9999.0 -9999.0
-9999.0 98.924299 171.739591 299.234493 380.185356 427.268472 465.666398 493.185525 521.415691 545.072525 654.948515 758.791807 852.352996 890.685435 953.031157 1080.870882 1181.729714 1225.435751 1262.001756 1319.653644 1381.685882 1425.634198 1449.445483 1465.112574 1497.467213 1509.185624 1512.903717 1515.260767 1509.133824 1499.394746 1488.464525 1494.409653 1492.039531 1474.950149 1459.035077 1455.587924 1452.276884 1433.827215 1411.908734 1401.322758 1404.985289 1425.961037 1415.831511 1397.754848 1394.386252 1412.883731 1429.450938 1422.410228 1413.042809 1430.621535 1463.126719 1481.531815 1492.888453 1507.859339 1526.738228 1500.536809 1470.352818 1433.937197 1419.756453 1396.529652 1343.877474 1279.813467 1224.596964 1157.331610 1064.179274 977.955468 904.270618 832.216156 760.217707 715.096639 678.628915 623.112056 597.512882 596.440695 585.763259 581.950570 587.467169 593.521392 -9999.0 -9999.0
-9999.0 22.084523 165.438778 351.848919 502.861824 570.245619 690.034433 775.224484 803.226967 779.942293 894.005670 1135.582582 1234.958508 1250.775094 1319.303156 1407.892125 1435.121751 1464.665482 1484.666977 1490.722932 1495.882683 1502.914937 1499.539244 1493.442305 1481.144684 1476.541462 1478.522324 1478.657335 1464.529902 1446.247381 1426.684487 1421.511767 1404.662828 1362.617667 1323.494710 1300.719969 1285.517539 1269.900241 1243.262380 1222.378910 1211.263247 1228.326567 1221.524713 1206.289572 1202.457598 1221.843316 1250.958846 1246.331337 1255.079795 1281.288476 1328.595924 1367.262155 1386.601142 1411.898431 1443.401728 1481.984913 1497.075799 1518.381080 1523.788881 1504.914092 1466.458712 1420.845022 1393.090049 1338.198789 1266.870947 1189.792138 1115.669981 1025.043473 943.670250 887.147862 824.765585 754.925220 690.269495 659.277837 616.959091 595.237251 -9999.0 -9999.0 -9999.0 -9999.0
-9999.0 -51.473325 138.740121 402.365531 678.242059 815.996683 1053.315338 1185.608482 1239.275126 1301.808435 1299.877825 1432.018786 1464.937763 1458.806940 1452.720355 1457.745488 1472.806087 1475.902167 1471.380197 1461.013670 1450.871432 1445.799335 1443.744051 1437.546775 1428.507319 1418.060575 1409.960894 1402.591147 1371.110402 1336.942674 1291.903461 1271.814583 1233.783566 1138.722957 1072.406580 1018.142657 954.825166 947.489737 941.445997 915.158450 897.531298 880.030242 900.622078 903.596532 905.038003 909.176661 926.663574 949.398994 997.456014 1048.422469 1124.448967 1187.433490 1221.558249 1263.041430 1310.330342 1367.411417 1398.149375 1426.103062 1468.613453 1504.060117 1526.167581 1517.375757 1492.851726 1456.767463 1398.328093 1344.665448 1303.290480 1233.116736 1171.500082 1107.805428 1025.391341 942.602814 853.788729 752.127796 705.413149 -9999.0 -9999.0 -9999.0 -9999.0 -9999.0
-9999.0 -221.032420 47.616733 342.095643 673.968967 1029.008456 1168.431465 1301.683438 1375.881836 1342.583012 1346.455679 1367.081924 1403.905884 1410.468530 1394.245088 1390.195732 1382.079826 1381.422909 1390.916258 1360.070054 1321.406995 1302.587502 1299.829890 1288.703144 1268.655743 1255.536385 1247.423592 1232.341859 1187.628705 1126.295579 1012.588446 970.201290 890.832481 826.668633 772.497086 716.271056 661.934936 659.810221 676.798035 662.156844 640.652586 622.607332 648.904342 665.784865 677.345723 666.512523 675.430137 711.426861 762.726874 811.937234 872.481979 933.029457 982.837445 1039.844133 1092.026366 1166.630593 1220.646407 1268.974215 1345.432541 1417.949634 1449.635815 1481.146201 1514.900308 1533.418056 1490.146022 1451.050001 1413.672448 1368.184182 1301.554395 1263.160486 1223.826194 1147.950313 1050.459802 -9999.0 -9999.0 -9999.0 -9999.0 -9999.0 -9999.0 -9999.0
-9999.0 -351.337061 -126.085889 113.201302 408.887649 656.141370 850.777062 979.696195 1083.637522 1121.038420 1154.083585 1184.382364 1211.445814 1232.132431 1213.712162 1181.409216 1156.887204 1159.575365 1150.971932 1111.179593 1049.816635 1018.760959 1011.252057 1001.647155 975.160800 960.428233 950.670269 929.189575 894.247648 833.908427 742.200175 665.783047 601.665734 565.851475 532.941198 497.669683 459.417513 469.558761 483.406767 479.741360 468.651499 465.232615 494.824255 513.684878 523.760598 511.306527 530.080785 557.140470 599.602531 643.742805 695.013871 751.656840 806.568446 840.143271 863.029663 900.775879 949.378525 1018.604810 1136.193679 1239.451452 1318.505824 1369.048140 1417.913383 1451.556675 1468.634170 1489.493642 1474.020529 1404.405624 1296.222155 1323.914158 1330.604085 -9999.0 -9999.0 -9999.0 -9999.0 -9999.0 -9999.0 -9999.0 -9999.0 -9999.0
-9999.0 -9999.0 -362.514950 -178.184305 -28.690229 156.683844 310.200093 424.106007 514.943926 624.257068 726.643556 806.769879 848.480866 865.203652 850.730501 816.189636 793.235656 791.807647 778.327274 758.435163 725.256846 710.023147 696.945301 687.735929 675.665687 669.379491 664.392989 653.347416 630.577118 581.930079 527.954137 473.806496 418.547964 392.214769 369.297341 346.439925 343.552397 340.764553 347.219752 348.780288 355.021471 367.293601 387.863094 409.539539 419.077986 426.851619 439.312466 463.044865 496.450429 538.644519 592.557416 649.818132 689.422431 703.220556 696.592764 706.032357 731.686218 782.477572 878.738810 976.830199 1094.592667 1187.421860 1266.077173 1325.834099 1353.679565 1377.063603 1398.597561 1329.583133 938.418311 1240.244723 -9999.0 -9999.0 -9999.0 -9999.0 -9999.0 -9999.0 -9999.0 -9999.0 -9999.0 -9999.0
-9999.0 -9999.0 -9999.0 -9999.0 -322.631358 -165.151941 -68.856010 15.548292 142.928826 259.544974 357.576143 437.861071 495.124004 520.148031 512.366999 511.895507 504.958256 499.135189 488.172502 481.862314 474.873147 464.834239 450.948021 442.891674 442.718787 446.920899 444.836872 431.624822 414.764433 389.142904 365.844439 330.168006 292.968294 263.341696 249.917490 243.320070 243.286413 237.240121 246.550918 253.469040 268.623950 284.103620 308.122204 336.775797 349.843759 364.208354 373.862063 394.512330 424.691376 477.817589 540.786192 597.666128 632.434890 636.664867 611.940087 597.397945 595.617819 626.358240 677.154055 751.800964 863.403096 948.961429 1023.777306 1097.555305 1162.391758 1224.400629 1299.746626 1334.056056 -9999.0 -9999.0 -9999.0 -9999.0 -9999.0 -9999.0 -9999.0 -9999.0 -9999.0 -9999.0 -9999.0 -9999.0
-9999.0 -9999.0 -9999.0 -9999.0 -9999.0 -9999.0 -373.757343 -274.812115 -189.373834 -58.478050 63.375259 160.319422 237.423423 265.465888 286.831702 311.044242 307.269357 288.970079 270.326929 286.517676 296.510195 290.120996 260.932028 259.612160 263.643340 272.672737 271.254856 265.164824 240.285267 249.641092 248.787615 225.354378 199.073417 184.737192 172.973040 182.748272 183.355570 170.492794 172.278848 198.730962 218.752133 232.168974 254.471523 287.682492 319.797560 334.386965 335.429120 341.532369 382.353244 452.491747 523.279069 577.440529 608.792116 616.387282 588.548418 548.216437 527.596667 535.404022 571.827739 627.542819 708.004884 763.576153 801.310245 833.417446 872.353567 971.813560 -9999.0 -9999.0 -9999.0 -9999.0 -9999.0 -9999.0 -9999.0 -9999.0 -9999.0 -9999.0 -9999.0 -9999.0 -9999.0 -9999.0
-9999.0 -9999.0 -9999.0 -9999.0 -9999.0 -9999.0 -9999.0 -9999.0 -9999.0 -9999.0 -9999.0 -9999.0 -9999.0 -9999.0 -9999.0 -9999.0 -9999.0 -9999.0 -9999.0 -9999.0 -9999.0 -9999.0 -9999.0 -9999.0 -9999.0 -9999.0 -9999.0 -9999.0 -9999.0 -9999.0 -9999.0 -9999.0 -9999.0 -9999.0 -9999.0 -9999.0 -9999.0 -9999.0 -9999.0 -9999.0 -9999.0 -9999.0 -9999.0 -9999.0 -9999.0 -9999.0 -9999.0 -9999.0 -9999.0 -9999.0 -9999.0 -9999.0 -9999.0 -9999.0 -9999.0 -9999.0 -9999.0 -9999.0 -9999.0 -9999.0 -9999.0 -9999.0 -9999.0 -9999.0 -9999.0 -9999.0 -9999.0 -9999.0 -9999.0 -9999.0 -9999.0 -9999.0 -9999.0 -9999.0 -9999.0 -9999.0 -9999.0 -9999.0 -9999.0 -9999.0
-9999.0 -9999.0 -9999.0 -9999.0 -9999.0 -9999.0 -9999.0 -9999.0 -9999.0 -9999.0 -9999.0 -9999.0 -9999.0 -9999.0 -9999.0 -9999.0 -9999.0 -9999.0 -9999.0 -9999.0 -9999.0 -9999.0 -9999.0 -9999.0 -9999.0 -9999.0 -9999.0 -9999.0 -9999.0 -9999.0 -9999.0 -9999.0 -9999.0 -9999.0 -9999.0 -9999.0 -9999.0 -9999.0 -9999.0 -9999.0 -9999.0 -9999.0 -9999.0 -9999.0 -9999.0 -9999.0 -9999.0 -9999.0 -9999.0 -9999.0 -9999.0 -9999.0 -9999.0 -9999.0 -9999.0 -9999.0 -9999.0 -9999.0 -9999.0 -9999.0 -9999.0 -9999.0 -9999.0 -9999.0 -9999.0 -9999.0 -9999.0 -9999.0 -9999.0 -9999.0 -9999.0 -9999.0 -9999.0 -9999.0 -9999.0 -9999.0 -9999.0 -9999.0 -9999.0 -9999.0