Borden_/Borden1m_014/output_maps/psiliqL0026N0021.asc
ncols         80
nrows         18
xllcorner     620200.000000
yllcorner     5168000.000000
cellsize      1.000000
NODATA_value  -9999.0
-9999.0 -9999.0 -9999.0 -9999.0 -9999.0 -9999.0 -9999.0 -9999.0 -9999.0 -9999.0 -9999.0 -9999.0 -9999.0 -9999.0 -9999.0 -9999.0 -9999.0 -9999.0 -9999.0 -9999.0 -9999.0 -9999.0 -9999.0 -9999.0 -9999.0 -9999.0 -9999.0 -9999.0 -9999.0 -9999.0 -9999.0 -9999.0 -9999.0 -9999.0 -9999.0 -9999.0 -9999.0 -9999.0 -9999.0 -9999.0 -9999.0 -9999.0 -9999.0 -9999.0 -9999.0 -9999.0 -9999.0 -9999.0 -9999.0 -9999.0 -9999.0 -9999.0 -9999.0 -9999.0 -9999.0 -9999.0 -9999.0 -9999.0 -9999.0 -9999.0 -9999.0 -9999.0 -9999.0 -9999.0 -9999.0 -9999.0 -9999.0 -9999.0 -9999.0 -9999.0 -9999.0 -9999.0 -9999.0 -9999.0 -9999.0 -9999.0 -9999.0 -9999.0 -9999.0 -9999.0
-9999.0 -9999.0 -9999.0 -9999.0 -9999.0 -9999.0 -9999.0 -9999.0 -9999.0 -9999.0 -9999.0 -9999.0 -9999.0 -9999.0 -9999.0 -9999.0 -9999.0 -9999.0 -9999.0 -9999.0 -9999.0 -9999.0 -9999.0 -9999.0 -9999.0 -9999.0 -9999.0 -9999.0 -9999.0 -9999.0 -9999.0 -9999.0 -9999.0 -9999.0 -9999.0 -9999.0 -9999.0 -9999.0 -9999.0 -9999.0 -9999.0 -9999.0 -9999.0 -9999.0 -9999.0 -9999.0 -9999.0 -9999.0 -9999.0 -9999.0 -9999.0 -9999.0 -9999.0 -9999.0 -9999.0 -9999.0 -9999.0 -9999.0 -9999.0 -9999.0 -9999.0 -9999.0 -9999.0 -9999.0 -9999.0 -9999.0 -9999.0 -9999.0 -9999.0 -9999.0 -9999.0 -9999.0 -9999.0 -9999.0 -9999.0 -9999.0 -9999.0 -9999.0 -9999.0 -9999.0
-9999.0 -9999.0 -9999.0 -9999.0 -9999.0 -9999.0 -9999.0 -9999.0 -9999.0 -9999.0 -9999.0 -9999.0 -9999.0 -9999.0 -9999.0 -9999.0 -9999.0 -9999.0 -9999.0 -9999.0 3325.218110 3326.101307 3304.302758 3270.017776 3241.550915 3243.103274 3275.692868 3315.955241 3354.385877 3361.411712 3342.014128 3345.525886 3340.805375 3336.004336 3335.930843 3343.443639 3349.894604 3359.406426 3366.166143 3363.686847 3356.197965 3351.087757 3353.599337 3355.139446 3361.407702 3346.967036 3363.027955 3379.317822 3384.150967 3381.629528 3358.238777 3346.616313 3338.962975 3323.723648 3350.611994 3362.576424 3386.301845 3391.221883 3389.533970 3363.135556 3333.283533 -9999.0 -9999.0 -9999.0 -9999.0 -9999.0 -9999.0 -9999.0 -9999.0 -9999.0 -9999.0 -9999.0 -9999.0 -9999.0 -9999.0 -9999.0 -9999.0 -9999.0 -9999.0 -9999.0
-9999.0 -9999.0 -9999.0 -9999.0 -9999.0 -9999.0 -9999.0 -9999.0 -9999.0 -9999.0 -9999.0 -9999.0 -9999.0 -9999.0 3235.466650 3226.554156 3223.406888 3230.355381 3262.461652 3292.407294 3303.931023 3296.214097 3295.722483 3270.633130 3247.365303 3259.494270 3288.363350 3318.250930 3351.041522 3367.824903 3356.407536 3353.417129 3359.919298 3378.876782 3386.445150 3382.566619 3364.887431 3388.901762 3401.831762 3405.927936 3403.725092 3393.724182 3402.247434 3416.107942 3409.026501 3393.909675 3405.096452 3420.293953 3431.211889 3423.463716 3366.035591 3354.601216 3351.979112 3348.546441 3336.077439 3332.777722 3361.664890 3361.776063 3355.088083 3338.390784 3305.526647 3260.614850 3242.187779 3283.332789 3327.464954 3384.150973 -9999.0 -9999.0 -9999.0 -9999.0 -9999.0 -9999.0 -9999.0 -9999.0 -9999.0 -9999.0 -9999.0 -9999.0 -9999.0 -9999.0
-9999.0 -9999.0 -9999.0 -9999.0 -9999.0 -9999.0 -9999.0 -9999.0 -9999.0 3178.719151 3184.200369 3190.839232 3192.947061 3207.696267 3204.144565 3210.643470 3214.120885 3240.812295 3269.687584 3302.574105 3328.967588 3319.211076 3317.354911 3320.559485 3314.201799 3321.299368 3341.009253 3376.954966 3407.412676 3441.998419 3407.982286 3402.658671 3419.747736 3460.476440 3482.876598 3484.386613 3465.583866 3482.383748 3505.622277 3520.881026 3517.122144 3510.890266 3536.770964 3551.978471 3545.588244 3524.050698 3523.260383 3531.152788 3560.673220 3510.341227 3444.896142 3407.465575 3424.165309 3403.826819 3378.811044 3368.664730 3370.055833 3391.121347 3380.082607 3346.919555 3314.346109 3303.236518 3287.097803 3308.867289 3332.796951 3379.774210 3420.124956 3450.346819 3450.161034 3433.181194 -9999.0 -9999.0 -9999.0 -9999.0 -9999.0 -9999.0 -9999.0 -9999.0 -9999.0 -9999.0
-9999.0 -9999.0 -9999.0 -9999.0 -9999.0 -9999.0 3100.390601 3110.685275 3131.114304 3133.378675 3159.441946 3164.183373 3182.017610 3198.554277 3219.673078 3231.696555 3255.794378 3284.822715 3319.877890 3356.519851 3383.127693 3370.750089 3375.396748 3393.826245 3419.502083 3437.489676 3459.483656 3496.663391 3568.360438 3604.226126 3596.097384 3596.583749 3604.637141 3654.866799 3718.677816 3729.359191 3708.693734 3695.694075 3719.413070 3756.886133 3754.733812 3753.499053 3766.740655 3777.620588 3804.441267 3793.452287 3757.620334 3752.589549 3759.647290 3736.730969 3667.673292 3610.959346 3592.973832 3546.599998 3463.738674 3421.821395 3446.594574 3475.267492 3454.405300 3405.706631 3374.257052 3369.679493 3359.476117 3353.509742 3366.851922 3390.548170 3415.125043 3429.560021 3418.184515 3397.765278 3376.454716 3348.610346 3351.517400 3376.648078 -9999.0 -9999.0 -9999.0 -9999.0 -9999.0 -9999.0
-9999.0 -9999.0 -9999.0 -9999.0 3051.270980 3063.791819 3048.489565 3074.139773 3105.447375 3138.323351 3164.988336 3195.268082 3217.442099 3243.157938 3275.172501 3295.909313 3326.758151 3355.314868 3401.438747 3461.628727 3505.036852 3517.595372 3525.500427 3575.955742 3631.794426 3678.429520 3696.941687 3722.723046 3768.640665 3825.055139 3847.160859 3849.803746 3866.712331 3910.261690 3966.855276 4002.057968 3984.354533 3975.268634 3985.517635 3999.955338 4022.100404 4022.161896 4023.285263 4027.504114 4035.270893 4033.434276 4006.686461 3973.194533 3960.222677 3950.047969 3911.648045 3839.413421 3809.493174 3780.491775 3737.505891 3683.297575 3636.782716 3638.679837 3584.290150 3529.571302 3480.458951 3473.396161 3453.935458 3438.783893 3422.244648 3435.260773 3447.854473 3433.362132 3403.892967 3375.023442 3362.446200 3345.245867 3334.231435 3365.658261 3383.741122 3413.339832 -9999.0 -9999.0 -9999.0 -9999.0
-9999.0 -9999.0 2992.978733 3037.783589 3094.185618 3099.483839 3091.781172 3093.620020 3118.907680 3166.978548 3227.461307 3263.021342 3290.450005 3319.671797 3369.098323 3429.735469 3488.600188 3530.478742 3588.072746 3657.097188 3715.908682 3742.431518 3751.047457 3786.579171 3841.339983 3910.754868 3938.895701 3965.456983 3997.414324 4034.101402 4025.367634 4035.951825 4048.506125 4061.595874 4076.866268 4084.158534 4079.225261 4074.607991 4056.006760 4050.773378 4057.246804 4065.379821 4064.297768 4049.576425 4045.601368 4060.647243 4066.958298 4064.823660 4061.896096 4066.721293 4061.930438 4013.195160 3996.258573 3980.931488 3969.051211 3922.734000 3855.842031 3823.702893 3802.094564 3760.961109 3687.622554 3650.692569 3611.772556 3577.607078 3540.726028 3528.250278 3496.496362 3464.897835 3426.679281 3386.366422 3367.682166 3353.796139 3353.751011 3354.676815 3372.670522 3388.530722 3404.584535 3412.701930 -9999.0 -9999.0
-9999.0 2884.449467 2955.110202 3074.332214 3150.923695 3186.018189 3192.812139 3194.285806 3218.222366 3249.478235 3334.485250 3382.387337 3464.510580 3501.485874 3541.411915 3630.966176 3725.186544 3768.510806 3807.490403 3871.396595 3937.334635 3984.521022 4010.898399 3988.951835 4028.681404 4058.853711 4067.122816 4074.250261 4074.391867 4065.865961 4059.430556 4066.075936 4063.071959 4043.801434 4027.641206 4025.855871 4022.432589 3999.037062 3971.448377 3955.889104 3957.193554 3982.255964 3969.057360 3947.643612 3943.212071 3964.933558 3986.447853 3975.705679 3962.532901 3979.137635 4013.847011 4038.944416 4039.844044 4058.447494 4079.579495 4050.421436 4029.264457 3985.224858 3968.248705 3942.781659 3885.759061 3830.967200 3782.879844 3734.568401 3682.492842 3633.996719 3586.706187 3539.805071 3486.997156 3454.568257 3430.645321 3388.378265 3376.111915 3383.003734 3378.375482 3377.098948 3383.905355 3390.553586 -9999.0 -9999.0
-9999.0 2787.466722 2925.706300 3100.353264 3241.149610 3279.830421 3339.070438 3392.871357 3405.454970 3349.185026 3449.420662 3665.828791 3788.010050 3805.513027 3881.104532 3976.379330 3958.300182 3989.720319 4013.005815 4039.186195 4060.225192 4074.662243 4072.971840 4067.841397 4051.308523 4043.293350 4042.401524 4040.277432 4022.823746 4003.818399 3986.978053 3983.775542 3965.743862 3916.063788 3882.775074 3865.219420 3846.064806 3832.712304 3805.561560 3779.550275 3762.969458 3773.209058 3771.575191 3758.191756 3753.776822 3771.827305 3802.702111 3800.856127 3812.787103 3832.417284 3867.855844 3906.089731 3925.362810 3954.501547 3990.151232 4038.268592 4046.923206 4069.384988 4072.281133 4061.987005 4015.325097 3963.717501 3934.306309 3878.928316 3819.416338 3757.771238 3708.963037 3664.396450 3609.349339 3575.580152 3536.686080 3483.435094 3441.066778 3433.998190 3400.977553 3388.243911 -9999.0 -9999.0 -9999.0 -9999.0
-9999.0 2691.634448 2862.565259 3097.370007 3389.573831 3459.002394 3659.577763 3773.060115 3811.337485 3878.530537 3757.622746 3965.134349 4018.343763 4013.450860 4029.571663 4032.827508 4047.152895 4046.488730 4041.409595 4030.379066 4020.770406 4016.182467 4015.130495 4007.213027 3994.578213 3979.948923 3968.029059 3956.568003 3919.868939 3887.891342 3848.544507 3836.031336 3791.280820 3699.528217 3660.960402 3622.387309 3561.535769 3564.236360 3572.042411 3548.311223 3528.761838 3500.473812 3530.236689 3541.146445 3545.381365 3540.676844 3550.126444 3578.802760 3626.628808 3660.860210 3699.568438 3747.371511 3777.750425 3816.807262 3856.473452 3908.713345 3939.875685 3968.745547 4017.699008 4054.717029 4077.454721 4063.360207 4044.868648 4000.102675 3939.885808 3890.585927 3861.634099 3811.192469 3767.751048 3724.368791 3678.079956 3625.511869 3564.251523 3512.163623 3478.588688 -9999.0 -9999.0 -9999.0 -9999.0 -9999.0
-9999.0 2467.455015 2731.225273 2983.535978 3254.222733 3595.339767 3767.167817 3860.791429 3923.946284 3907.034491 3930.534108 3936.807519 3973.902521 3981.188244 3959.794722 3945.916823 3928.254407 3927.165367 3940.232570 3912.877900 3882.609580 3869.257313 3870.164017 3859.475626 3835.624962 3820.767484 3811.514828 3793.051167 3750.096116 3700.043887 3616.203304 3581.774439 3503.320535 3465.441949 3429.588893 3383.166040 3339.322250 3345.379741 3370.372585 3361.741965 3341.324347 3324.587711 3354.060048 3374.890419 3388.106176 3371.770328 3378.269696 3412.396152 3458.471685 3498.481257 3541.867143 3589.391036 3630.944535 3669.797350 3690.420708 3729.475806 3771.407466 3812.841320 3882.826496 3961.158172 3997.074214 4031.690531 4060.556046 4082.462471 4039.588824 4013.325894 3989.617035 3966.178653 3920.019909 3874.673758 3834.133501 3769.576922 3710.058387 -9999.0 -9999.0 -9999.0 -9999.0 -9999.0 -9999.0 -9999.0
-9999.0 2355.669212 2548.095309 2738.412047 2968.742966 3195.836932 3417.282915 3507.320892 3577.406252 3649.341128 3703.523495 3741.299772 3767.060060 3788.609254 3766.032947 3719.989809 3687.784170 3692.780642 3683.806562 3662.976166 3635.507894 3622.788901 3620.220543 3615.638779 3594.694433 3584.724722 3578.215989 3560.523447 3535.636153 3483.427198 3412.898858 3340.509815 3287.756419 3269.351020 3247.691823 3221.727488 3195.995210 3209.817597 3222.763686 3223.211727 3217.175991 3217.731916 3246.774179 3266.679327 3276.096841 3265.241954 3283.250585 3306.005933 3342.418010 3381.126843 3425.215908 3474.695464 3522.524986 3542.078841 3543.640264 3554.529968 3581.583082 3624.356449 3700.233458 3785.957978 3863.515136 3908.925404 3959.641481 3999.611804 4027.757417 4052.595497 4075.017420 4068.098395 4042.138638 4008.788311 3950.071158 -9999.0 -9999.0 -9999.0 -9999.0 -9999.0 -9999.0 -9999.0 -9999.0 -9999.0
-9999.0 -9999.0 2322.703999 2474.195057 2569.653567 2731.865745 2849.888168 2954.782445 3048.080414 3188.362612 3310.512675 3403.775447 3450.015245 3465.569685 3451.820843 3423.749995 3406.825927 3406.449326 3394.781673 3388.845468 3375.037914 3370.137245 3358.555981 3351.558884 3348.215218 3348.303361 3346.729773 3339.357038 3323.619801 3283.367779 3247.931922 3204.867723 3160.538392 3140.097151 3123.135182 3107.312309 3112.465407 3108.156494 3114.182976 3117.602305 3127.733823 3142.230575 3161.619862 3183.952678 3193.556205 3203.702394 3214.272973 3235.477076 3264.887641 3304.456406 3355.186330 3409.348810 3444.616436 3450.845767 3432.228893 3426.534679 3433.893158 3461.922157 3524.193967 3592.589720 3681.991509 3747.282644 3814.025448 3869.905220 3896.549038 3932.931201 4003.162773 4051.190387 4093.657938 4071.255437 -9999.0 -9999.0 -9999.0 -9999.0 -9999.0 -9999.0 -9999.0 -9999.0 -9999.0 -9999.0
-9999.0 -9999.0 -9999.0 -9999.0 2334.955009 2481.685822 2579.296681 2659.433904 2794.782670 2894.714501 2991.553939 3077.767875 3146.607336 3171.549459 3172.933214 3190.470901 3189.873982 3180.605336 3169.821361 3175.351005 3181.000710 3175.328531 3159.736609 3154.366449 3159.473844 3168.790708 3168.489863 3157.350622 3141.177950 3129.453646 3118.940865 3090.479017 3060.375712 3034.970473 3024.893288 3023.588686 3025.023611 3018.101652 3027.220921 3036.863548 3053.251310 3068.582270 3092.120905 3121.867112 3136.582291 3151.077731 3159.288043 3177.251922 3205.049683 3256.056716 3317.229139 3373.229574 3406.671622 3406.584211 3377.391686 3355.116532 3341.989384 3358.674845 3387.196535 3437.133388 3525.756674 3587.495240 3632.295306 3670.645203 3706.875807 3772.025792 3866.676633 3947.989962 -9999.0 -9999.0 -9999.0 -9999.0 -9999.0 -9999.0 -9999.0 -9999.0 -9999.0 -9999.0 -9999.0 -9999.0
-9999.0 -9999.0 -9999.0 -9999.0 -9999.0 -9999.0 2313.055280 2419.536619 2486.368506 2641.897985 2790.005810 2864.630265 2947.781138 2984.063399 3009.779370 3040.487409 3041.348147 3021.068184 2999.200846 3021.653846 3041.825491 3035.837756 3003.713676 3006.223892 3014.648678 3023.918361 3023.089884 3019.255156 2997.082211 3016.771413 3024.092345 3004.166491 2981.504053 2975.523621 2965.674117 2976.925636 2978.078168 2964.394367 2963.723499 2989.343783 3010.862407 3023.874995 3044.849416 3078.028333 3110.413849 3125.912119 3126.407722 3130.511383 3166.385716 3233.659008 3304.140227 3358.736118 3389.306052 3393.609120 3362.338559 3317.074508 3290.406817 3288.598486 3312.060269 3350.432442 3410.961851 3446.484067 3456.550315 3456.501279 3467.855817 3567.498913 -9999.0 -9999.0 -9999.0 -9999.0 -9999.0 -9999.0 -9999.0 -9999.0 -9999.0 -9999.0 -9999.0 -9999.0 -9999.0 -9999.0
-9999.0 -9999.0 -9999.0 -9999.0 -9999.0 -9999.0 -9999.0 -9999.0 -9999.0 -9999.0 -9999.0 -9999.0 -9999.0 -9999.0 -9999.0 -9999.0 -9999.0 -9999.0 -9999.0 -9999.0 -9999.0 -9999.0 -9999.0 -9999.0 -9999.0 -9999.0 -9999.0 -9999.0 -9999.0 -9999.0 -9999.0 -9999.0 -9999.0 -9999.0 -9999.0 -9999.0 -9999.0 -9999.0 -9999.0 -9999.0 -9999.0 -9999.0 -9999.0 -9999.0 -9999.0 -9999.0 -9999.0 -9999.0 -9999.0 -9999.0 -9999.0 -9999.0 -9999.0 -9999.0 -9999.0 -9999.0 -9999.0 -9999.0 -9999.0 -9999.0 -9999.0 -9999.0 -9999.0 -9999.0 -9999.0 -9999.0 -9999.0 -9999.0 -9999.0 -9999.0 -9999.0 -9999.0 -9999.0 -9999.0 -9999.0 -9999.0 -9999.0 -9999.0 -9999.0 -9999.0
-9999.0 -9999.0 -9999.0 -9999.0 -9999.0 -9999.0 -9999.0 -9999.0 -9999.0 -9999.0 -9999.0 -9999.0 -9999.0 -9999.0 -9999.0 -9999.0 -9999.0 -9999.0 -9999.0 -9999.0 -9999.0 -9999.0 -9999.0 -9999.0 -9999.0 -9999.0 -9999.0 -9999.0 -9999.0 -9999.0 -9999.0 -9999.0 -9999.0 -9999.0 -9999.0 -9999.0 -9999.0 -9999.0 -9999.0 -9999.0 -9999.0 -9999.0 -9999.0 -9999.0 -9999.0 -9999.0 -9999.0 -9999.0 -9999.0 -9999.0 -9999.0 -9999.0 -9999.0 -9999.0 -9999.0 -9999.0 -9999.0 -9999.0 -9999.0 -9999.0 -9999.0 -9999.0 -9999.0 -9999.0 -9999.0 -9999.0 -9999.0 -9999.0 -9999.0 -9999.0 -9999.0 -9999.0 -9999.0 -9999.0 -9999.0 -9999.0 -9999.0 -9999.0 -9999.0 -9999.0