Borden_/Borden1m_014/output_maps/psiliqL0013N0010.asc
ncols         80
nrows         18
xllcorner     620200.000000
yllcorner     5168000.000000
cellsize      1.000000
NODATA_value  -9999.0
-9999.0 -9999.0 -9999.0 -9999.0 -9999.0 -9999.0 -9999.0 -9999.0 -9999.0 -9999.0 -9999.0 -9999.0 -9999.0 -9999.0 -9999.0 -9999.0 -9999.0 -9999.0 -9999.0 -9999.0 -9999.0 -9999.0 -9999.0 -9999.0 -9999.0 -9999.0 -9999.0 -9999.0 -9999.0 -9999.0 -9999.0 -9999.0 -9999.0 -9999.0 -9999.0 -9999.0 -9999.0 -9999.0 -9999.0 -9999.0 -9999.0 -9999.0 -9999.0 -9999.0 -9999.0 -9999.0 -9999.0 -9999.0 -9999.0 -9999.0 -9999.0 -9999.0 -9999.0 -9999.0 -9999.0 -9999.0 -9999.0 -9999.0 -9999.0 -9999.0 -9999.0 -9999.0 -9999.0 -9999.0 -9999.0 -9999.0 -9999.0 -9999.0 -9999.0 -9999.0 -9999.0 -9999.0 -9999.0 -9999.0 -9999.0 -9999.0 -9999.0 -9999.0 -9999.0 -9999.0
-9999.0 -9999.0 -9999.0 -9999.0 -9999.0 -9999.0 -9999.0 -9999.0 -9999.0 -9999.0 -9999.0 -9999.0 -9999.0 -9999.0 -9999.0 -9999.0 -9999.0 -9999.0 -9999.0 -9999.0 -9999.0 -9999.0 -9999.0 -9999.0 -9999.0 -9999.0 -9999.0 -9999.0 -9999.0 -9999.0 -9999.0 -9999.0 -9999.0 -9999.0 -9999.0 -9999.0 -9999.0 -9999.0 -9999.0 -9999.0 -9999.0 -9999.0 -9999.0 -9999.0 -9999.0 -9999.0 -9999.0 -9999.0 -9999.0 -9999.0 -9999.0 -9999.0 -9999.0 -9999.0 -9999.0 -9999.0 -9999.0 -9999.0 -9999.0 -9999.0 -9999.0 -9999.0 -9999.0 -9999.0 -9999.0 -9999.0 -9999.0 -9999.0 -9999.0 -9999.0 -9999.0 -9999.0 -9999.0 -9999.0 -9999.0 -9999.0 -9999.0 -9999.0 -9999.0 -9999.0
-9999.0 -9999.0 -9999.0 -9999.0 -9999.0 -9999.0 -9999.0 -9999.0 -9999.0 -9999.0 -9999.0 -9999.0 -9999.0 -9999.0 -9999.0 -9999.0 -9999.0 -9999.0 -9999.0 -9999.0 740.503246 743.380712 721.615326 688.460086 661.226685 664.374712 700.041609 742.123004 781.106946 791.619418 774.389805 777.813526 774.857337 776.084002 781.199480 790.188274 795.943948 808.268177 817.117722 816.699132 810.342533 804.813192 804.525563 807.349888 812.507256 801.978381 815.832632 830.666445 835.090059 828.303497 799.091686 781.362875 770.785771 754.067281 777.300487 787.893656 809.257637 812.109372 809.382882 781.507096 750.867927 -9999.0 -9999.0 -9999.0 -9999.0 -9999.0 -9999.0 -9999.0 -9999.0 -9999.0 -9999.0 -9999.0 -9999.0 -9999.0 -9999.0 -9999.0 -9999.0 -9999.0 -9999.0 -9999.0
-9999.0 -9999.0 -9999.0 -9999.0 -9999.0 -9999.0 -9999.0 -9999.0 -9999.0 -9999.0 -9999.0 -9999.0 -9999.0 -9999.0 647.878549 638.595795 636.388541 645.525286 679.931398 710.885782 723.557356 716.751838 717.525227 694.810305 675.470315 691.049010 722.277560 754.904888 789.804065 810.197468 799.141473 798.105882 810.307798 839.635614 857.200964 858.111614 840.820050 865.501982 881.608530 889.768824 888.412045 879.303606 891.785588 907.002842 899.997858 883.248514 888.880127 900.879832 912.379191 896.155146 828.851367 805.568688 798.961655 790.698266 775.436091 767.402828 790.717360 789.224407 779.609901 760.552467 727.020146 682.200194 663.086444 701.016732 744.281442 801.098632 -9999.0 -9999.0 -9999.0 -9999.0 -9999.0 -9999.0 -9999.0 -9999.0 -9999.0 -9999.0 -9999.0 -9999.0 -9999.0 -9999.0
-9999.0 -9999.0 -9999.0 -9999.0 -9999.0 -9999.0 -9999.0 -9999.0 -9999.0 589.569350 594.235947 601.898645 604.558585 620.624416 618.777886 626.482690 634.451147 662.159757 694.326568 730.752517 760.877424 752.862701 754.334148 766.078846 772.426565 788.093630 812.704833 854.567679 894.442829 934.502605 905.950633 905.278500 928.662852 984.426846 1028.974430 1043.424493 1029.791072 1039.821530 1064.842652 1085.615630 1083.112366 1079.374076 1102.552850 1115.169139 1116.698874 1098.375733 1087.655254 1088.860013 1112.725134 1057.585603 983.727423 923.656877 922.745201 890.970392 851.250318 828.040500 821.203797 838.843689 821.786036 783.007756 745.169578 732.982619 714.487866 730.373038 751.678551 797.200399 835.188488 862.968821 862.017822 844.109547 -9999.0 -9999.0 -9999.0 -9999.0 -9999.0 -9999.0 -9999.0 -9999.0 -9999.0 -9999.0
-9999.0 -9999.0 -9999.0 -9999.0 -9999.0 -9999.0 510.280892 520.051487 540.707786 545.987402 571.641831 579.556997 600.629898 620.464097 642.546205 660.105330 691.475261 725.650438 768.552717 814.746523 850.353150 847.719269 859.403413 892.550241 937.628775 977.234052 1009.626205 1051.529618 1125.116347 1163.448953 1169.927784 1176.177235 1192.696881 1258.222327 1345.610612 1373.366673 1360.729706 1349.648824 1368.219471 1399.602260 1401.566123 1400.060690 1407.475738 1414.951693 1439.716060 1433.387943 1400.081860 1389.153156 1385.699714 1364.132772 1287.928388 1202.713049 1160.371469 1110.455140 1027.531100 966.631683 961.213108 972.290962 939.399039 883.037247 838.656145 824.714827 807.286533 791.889753 796.153959 813.823422 835.061292 845.200976 831.405033 809.617378 786.091385 756.581543 757.711426 782.481852 -9999.0 -9999.0 -9999.0 -9999.0 -9999.0 -9999.0
-9999.0 -9999.0 -9999.0 -9999.0 459.950353 473.126966 461.518292 486.839968 519.999846 554.629111 587.358789 625.113534 653.042044 683.972407 725.920959 763.262148 808.009851 845.845926 904.205654 979.705826 1040.959752 1070.414141 1086.958844 1147.218858 1218.931826 1296.416796 1331.807888 1361.071820 1397.418507 1448.117813 1469.754725 1475.238611 1494.875222 1535.706403 1590.807637 1629.254961 1618.705402 1615.036196 1620.951722 1629.723809 1649.821721 1648.989916 1649.460880 1650.721600 1654.551081 1655.661913 1636.586985 1607.936176 1595.337482 1583.176511 1548.477651 1475.245109 1436.357618 1410.184043 1378.695907 1318.349139 1228.474392 1199.956768 1139.515417 1079.732109 1009.716410 978.959891 943.001931 913.565624 880.129128 878.304935 879.003765 856.916980 823.706415 790.276601 774.075629 754.237323 742.536708 771.784990 788.829325 818.951291 -9999.0 -9999.0 -9999.0 -9999.0
-9999.0 -9999.0 400.406724 449.703694 506.923059 516.472641 518.366853 525.061393 554.159587 607.052942 684.598724 737.489495 781.623607 815.879964 877.962225 963.775231 1042.775001 1095.253827 1159.855486 1243.279042 1327.842227 1370.024870 1386.893016 1422.436145 1476.573217 1544.291971 1575.867483 1601.319023 1626.237516 1652.092656 1661.956632 1674.839596 1683.309782 1687.473022 1695.442421 1699.743827 1699.543687 1698.206784 1682.785918 1679.983009 1686.191699 1690.004755 1691.680896 1678.885068 1675.074854 1688.483160 1693.008291 1693.826429 1694.026948 1699.339643 1700.682214 1662.306002 1625.327870 1613.149935 1604.371016 1558.180498 1488.675580 1445.919038 1424.719235 1380.826585 1290.916078 1221.148957 1161.899113 1106.455956 1044.139276 1005.760289 954.341275 909.283074 861.022630 813.181032 787.710442 767.777743 763.849903 762.751048 778.041924 792.876446 807.839694 815.430982 -9999.0 -9999.0
-9999.0 298.176712 370.867570 497.953373 578.754591 625.249178 661.742390 688.313418 717.364039 742.592474 850.999059 949.967584 1042.182522 1078.636655 1132.915556 1242.516547 1350.130163 1399.920502 1438.643731 1496.760667 1561.779213 1609.136820 1634.797987 1648.088388 1680.845806 1694.336004 1699.408526 1703.027327 1697.519545 1687.522439 1676.618721 1682.224112 1679.082166 1661.016257 1645.208295 1643.083154 1640.904095 1622.566330 1600.197453 1589.291050 1593.070764 1614.855774 1604.287588 1585.481100 1581.841119 1600.769062 1617.665681 1609.413597 1598.137308 1614.008721 1645.551637 1666.189274 1678.641102 1694.976268 1714.278842 1687.595916 1657.315212 1618.934832 1602.459641 1575.452399 1518.015029 1455.810098 1401.703360 1334.701297 1245.777090 1163.345248 1089.890075 1023.333955 954.166337 909.835593 874.657768 820.472319 795.957415 795.536006 785.298398 781.650264 787.230053 793.311476 -9999.0 -9999.0
-9999.0 219.973717 362.961783 548.674418 698.925266 763.747991 877.951138 962.171174 991.169187 967.228194 1079.547599 1313.882799 1414.806540 1430.326917 1497.585163 1582.946662 1610.326231 1642.911306 1664.192057 1672.191008 1680.129422 1689.572929 1687.505987 1681.979266 1669.658277 1665.210156 1667.162154 1666.732723 1650.862783 1630.764528 1611.323547 1606.255569 1588.156987 1543.208808 1503.073342 1482.407226 1468.815973 1454.112304 1427.537530 1406.286878 1394.887070 1411.937800 1405.358557 1389.766375 1385.717248 1405.271038 1434.458049 1428.842460 1435.471782 1457.231572 1498.887183 1542.661722 1566.881645 1595.139202 1628.452989 1669.012672 1684.081613 1705.289358 1709.814164 1690.318878 1649.817492 1603.102593 1574.236164 1516.468292 1441.199009 1356.778947 1274.570366 1201.664155 1127.101474 1071.864071 1014.101247 947.646870 885.585210 857.179622 815.795068 794.784504 -9999.0 -9999.0 -9999.0 -9999.0
-9999.0 144.376071 333.718844 595.327141 871.560044 1000.609527 1226.971789 1360.182621 1416.971910 1483.475055 1475.206172 1613.051740 1648.114144 1642.155714 1637.005387 1640.791503 1656.113417 1658.884699 1653.315189 1641.798361 1633.257988 1630.179730 1629.565370 1623.975585 1615.007949 1604.233796 1595.173626 1585.685031 1549.941983 1511.813399 1469.828622 1451.864593 1412.642024 1314.664098 1249.774561 1202.606622 1144.156553 1139.301220 1135.160254 1109.805208 1092.527873 1074.528892 1095.698635 1099.194102 1100.725356 1103.944381 1120.148332 1141.726828 1185.753505 1226.409534 1283.341096 1355.055205 1396.950633 1441.130820 1488.549296 1547.671429 1580.659473 1609.927465 1653.764482 1689.757546 1712.226054 1703.543055 1679.354000 1641.074587 1578.540527 1518.999494 1471.582865 1403.012369 1338.497927 1270.179476 1199.983203 1125.611683 1041.724287 948.066782 903.232559 -9999.0 -9999.0 -9999.0 -9999.0 -9999.0
-9999.0 -28.906807 239.226042 531.284826 857.142727 1203.364878 1341.625484 1473.512695 1550.376120 1521.533579 1528.925976 1550.158612 1588.358178 1595.159398 1577.660332 1571.653411 1561.438001 1558.384012 1563.779049 1528.292545 1494.667778 1480.224726 1479.992590 1470.191045 1450.692258 1437.635227 1428.737103 1410.866282 1360.303553 1293.020927 1193.347050 1157.212309 1080.109295 1017.637542 964.407086 910.306131 858.096382 857.200352 875.150402 861.311954 840.167144 822.359624 848.863180 866.027206 877.641110 866.268414 874.635005 909.686061 958.923361 1004.210703 1058.880333 1121.029472 1171.909258 1225.407515 1270.386297 1342.875945 1398.756834 1447.790065 1524.383024 1599.327336 1633.048300 1666.791236 1701.316973 1720.129501 1675.633001 1634.592522 1593.642933 1545.237727 1473.885407 1430.519213 1392.341524 1315.370139 1221.650887 -9999.0 -9999.0 -9999.0 -9999.0 -9999.0 -9999.0 -9999.0
-9999.0 -157.748703 64.985181 300.624874 592.327162 836.222076 1029.693618 1149.396284 1251.073116 1294.411748 1331.358604 1363.888671 1392.021504 1413.056488 1393.475176 1358.504272 1331.074182 1329.965477 1312.970837 1264.366265 1219.806029 1198.617113 1194.932821 1187.979801 1164.226090 1151.048628 1141.691529 1119.659324 1083.331468 1021.364283 934.355846 860.181968 797.651174 762.961440 730.542188 696.032382 658.926883 669.449464 683.328887 680.109983 669.515539 666.449000 695.970707 714.879602 724.877010 712.493673 731.070181 757.553427 799.094379 842.058921 891.972605 948.732182 1003.666262 1035.812353 1056.235012 1092.493888 1139.620801 1204.284924 1313.385482 1415.581628 1494.698825 1547.913977 1600.102751 1635.954001 1654.647053 1675.269648 1659.182710 1587.764480 1476.613096 1499.663422 1504.041614 -9999.0 -9999.0 -9999.0 -9999.0 -9999.0 -9999.0 -9999.0 -9999.0 -9999.0
-9999.0 -9999.0 -170.325556 11.572604 157.150501 340.570931 492.730713 605.483955 697.808253 810.943537 915.431812 997.060464 1039.251981 1055.805740 1041.114725 1006.401564 982.481586 978.927717 962.262306 940.420157 912.255963 900.692000 889.323094 881.354447 870.800474 865.409486 860.652402 849.438109 826.328057 777.472224 725.151283 672.128579 617.711784 591.646978 568.936799 546.467594 544.117463 541.218235 547.663373 549.409816 555.977882 568.439301 588.928615 610.678981 620.215797 628.144157 640.428727 663.900722 696.894878 738.749330 792.374264 849.689473 889.306131 902.773032 895.514071 904.334766 928.824516 977.211762 1069.081480 1162.193673 1270.041241 1361.911082 1443.051867 1503.540290 1533.219010 1558.955467 1582.289005 1514.037982 1121.316136 1420.877787 -9999.0 -9999.0 -9999.0 -9999.0 -9999.0 -9999.0 -9999.0 -9999.0 -9999.0 -9999.0
-9999.0 -9999.0 -9999.0 -9999.0 -131.992908 24.576283 120.938242 205.280586 333.488728 451.703991 550.698476 631.788516 689.921704 714.943062 707.650131 708.053997 700.875044 693.845265 681.761857 675.448947 669.920957 660.984200 647.550510 640.143540 640.646676 645.316521 643.280022 629.970034 612.762366 587.731519 565.165147 529.911811 493.128348 463.672048 450.334684 443.996331 443.993227 437.857409 447.141573 454.265303 469.514745 484.986940 508.963083 537.686518 550.875529 565.254968 574.812141 595.272314 625.305117 678.262278 741.136555 798.113750 833.025169 837.217580 812.507572 797.800509 795.519272 825.366141 874.457498 946.730712 1054.776584 1138.408200 1209.152280 1274.836739 1337.935619 1402.820792 1479.414303 1515.809205 -9999.0 -9999.0 -9999.0 -9999.0 -9999.0 -9999.0 -9999.0 -9999.0 -9999.0 -9999.0 -9999.0 -9999.0
-9999.0 -9999.0 -9999.0 -9999.0 -9999.0 -9999.0 -180.643486 -81.134557 3.357315 135.988280 259.852417 357.699946 435.310277 463.890073 486.000417 510.298686 506.428780 487.531447 468.188012 484.402377 495.133223 489.039576 459.997638 459.175970 463.637414 472.679925 471.214131 465.104406 440.189141 449.958746 449.439716 426.097075 399.935305 385.753752 374.013150 383.795312 384.386288 371.449487 373.056033 399.654977 419.783722 433.174122 455.371282 488.557131 520.679939 535.343802 536.370361 542.360964 582.852514 652.820565 723.620820 777.930285 809.411021 817.009131 789.232217 748.899352 728.209684 735.671580 771.502736 826.265477 905.385217 959.909912 995.476454 1024.344837 1062.205026 1162.164595 -9999.0 -9999.0 -9999.0 -9999.0 -9999.0 -9999.0 -9999.0 -9999.0 -9999.0 -9999.0 -9999.0 -9999.0 -9999.0 -9999.0
-9999.0 -9999.0 -9999.0 -9999.0 -9999.0 -9999.0 -9999.0 -9999.0 -9999.0 -9999.0 -9999.0 -9999.0 -9999.0 -9999.0 -9999.0 -9999.0 -9999.0 -9999.0 -9999.0 -9999.0 -9999.0 -9999.0 -9999.0 -9999.0 -9999.0 -9999.0 -9999.0 -9999.0 -9999.0 -9999.0 -9999.0 -9999.0 -9999.0 -9999.0 -9999.0 -9999.0 -9999.0 -9999.0 -9999.0 -9999.0 -9999.0 -9999.0 -9999.0 -9999.0 -9999.0 -9999.0 -9999.0 -9999.0 -9999.0 -9999.0 -9999.0 -9999.0 -9999.0 -9999.0 -9999.0 -9999.0 -9999.0 -9999.0 -9999.0 -9999.0 -9999.0 -9999.0 -9999.0 -9999.0 -9999.0 -9999.0 -9999.0 -9999.0 -9999.0 -9999.0 -9999.0 -9999.0 -9999.0 -9999.0 -9999.0 -9999.0 -9999.0 -9999.0 -9999.0 -9999.0
-9999.0 -9999.0 -9999.0 -9999.0 -9999.0 -9999.0 -9999.0 -9999.0 -9999.0 -9999.0 -9999.0 -9999.0 -9999.0 -9999.0 -9999.0 -9999.0 -9999.0 -9999.0 -9999.0 -9999.0 -9999.0 -9999.0 -9999.0 -9999.0 -9999.0 -9999.0 -9999.0 -9999.0 -9999.0 -9999.0 -9999.0 -9999.0 -9999.0 -9999.0 -9999.0 -9999.0 -9999.0 -9999.0 -9999.0 -9999.0 -9999.0 -9999.0 -9999.0 -9999.0 -9999.0 -9999.0 -9999.0 -9999.0 -9999.0 -9999.0 -9999.0 -9999.0 -9999.0 -9999.0 -9999.0 -9999.0 -9999.0 -9999.0 -9999.0 -9999.0 -9999.0 -9999.0 -9999.0 -9999.0 -9999.0 -9999.0 -9999.0 -9999.0 -9999.0 -9999.0 -9999.0 -9999.0 -9999.0 -9999.0 -9999.0 -9999.0 -9999.0 -9999.0 -9999.0 -9999.0