Borden_/Borden1m_014/output_maps/psiliqL0016N0031.asc
ncols         80
nrows         18
xllcorner     620200.000000
yllcorner     5168000.000000
cellsize      1.000000
NODATA_value  -9999.0
-9999.0 -9999.0 -9999.0 -9999.0 -9999.0 -9999.0 -9999.0 -9999.0 -9999.0 -9999.0 -9999.0 -9999.0 -9999.0 -9999.0 -9999.0 -9999.0 -9999.0 -9999.0 -9999.0 -9999.0 -9999.0 -9999.0 -9999.0 -9999.0 -9999.0 -9999.0 -9999.0 -9999.0 -9999.0 -9999.0 -9999.0 -9999.0 -9999.0 -9999.0 -9999.0 -9999.0 -9999.0 -9999.0 -9999.0 -9999.0 -9999.0 -9999.0 -9999.0 -9999.0 -9999.0 -9999.0 -9999.0 -9999.0 -9999.0 -9999.0 -9999.0 -9999.0 -9999.0 -9999.0 -9999.0 -9999.0 -9999.0 -9999.0 -9999.0 -9999.0 -9999.0 -9999.0 -9999.0 -9999.0 -9999.0 -9999.0 -9999.0 -9999.0 -9999.0 -9999.0 -9999.0 -9999.0 -9999.0 -9999.0 -9999.0 -9999.0 -9999.0 -9999.0 -9999.0 -9999.0
-9999.0 -9999.0 -9999.0 -9999.0 -9999.0 -9999.0 -9999.0 -9999.0 -9999.0 -9999.0 -9999.0 -9999.0 -9999.0 -9999.0 -9999.0 -9999.0 -9999.0 -9999.0 -9999.0 -9999.0 -9999.0 -9999.0 -9999.0 -9999.0 -9999.0 -9999.0 -9999.0 -9999.0 -9999.0 -9999.0 -9999.0 -9999.0 -9999.0 -9999.0 -9999.0 -9999.0 -9999.0 -9999.0 -9999.0 -9999.0 -9999.0 -9999.0 -9999.0 -9999.0 -9999.0 -9999.0 -9999.0 -9999.0 -9999.0 -9999.0 -9999.0 -9999.0 -9999.0 -9999.0 -9999.0 -9999.0 -9999.0 -9999.0 -9999.0 -9999.0 -9999.0 -9999.0 -9999.0 -9999.0 -9999.0 -9999.0 -9999.0 -9999.0 -9999.0 -9999.0 -9999.0 -9999.0 -9999.0 -9999.0 -9999.0 -9999.0 -9999.0 -9999.0 -9999.0 -9999.0
-9999.0 -9999.0 -9999.0 -9999.0 -9999.0 -9999.0 -9999.0 -9999.0 -9999.0 -9999.0 -9999.0 -9999.0 -9999.0 -9999.0 -9999.0 -9999.0 -9999.0 -9999.0 -9999.0 -9999.0 1350.779475 1353.611066 1332.550204 1300.021089 1273.428838 1277.118270 1313.066927 1355.968694 1396.362863 1407.684860 1391.302121 1395.556227 1392.369325 1391.728934 1394.811795 1402.731887 1408.299062 1420.165437 1429.451703 1430.034546 1425.075598 1421.116281 1422.536947 1425.529753 1430.681482 1418.276903 1431.185730 1444.867241 1448.096026 1441.230911 1412.545756 1395.389627 1384.293863 1366.494320 1389.123423 1398.829998 1419.682167 1422.075074 1418.741292 1390.531831 1359.666298 -9999.0 -9999.0 -9999.0 -9999.0 -9999.0 -9999.0 -9999.0 -9999.0 -9999.0 -9999.0 -9999.0 -9999.0 -9999.0 -9999.0 -9999.0 -9999.0 -9999.0 -9999.0 -9999.0
-9999.0 -9999.0 -9999.0 -9999.0 -9999.0 -9999.0 -9999.0 -9999.0 -9999.0 -9999.0 -9999.0 -9999.0 -9999.0 -9999.0 1256.961278 1248.412020 1246.920223 1256.532579 1291.225376 1322.443062 1334.780460 1328.364023 1329.730819 1307.467066 1288.113353 1303.615085 1335.207601 1368.669091 1405.112220 1426.845031 1417.449146 1416.850975 1427.511734 1452.961902 1465.932502 1464.015844 1445.647369 1470.254889 1486.861686 1496.216694 1497.076909 1489.807421 1502.779069 1518.310879 1510.963904 1493.159494 1497.851043 1508.500336 1518.391497 1503.368579 1438.422539 1417.979827 1411.302916 1402.529494 1386.267457 1378.144915 1401.932132 1399.934938 1390.018047 1370.584124 1336.547862 1291.456300 1271.653789 1309.181832 1351.515984 1407.419253 -9999.0 -9999.0 -9999.0 -9999.0 -9999.0 -9999.0 -9999.0 -9999.0 -9999.0 -9999.0 -9999.0 -9999.0 -9999.0 -9999.0
-9999.0 -9999.0 -9999.0 -9999.0 -9999.0 -9999.0 -9999.0 -9999.0 -9999.0 1195.590734 1201.215781 1209.726175 1213.526635 1230.478534 1228.974369 1237.459743 1245.620556 1274.301600 1306.695905 1342.991563 1372.790317 1365.425011 1367.429889 1378.320591 1382.151627 1395.451989 1419.154778 1461.537131 1502.361379 1544.621362 1517.443587 1516.633895 1536.977698 1583.999294 1615.999942 1622.853107 1605.463397 1616.520871 1642.861794 1665.878798 1667.143780 1665.945902 1691.745169 1705.941069 1705.285375 1683.838406 1671.357636 1670.658661 1694.102027 1640.778645 1572.730931 1522.282101 1525.657346 1494.689331 1456.383217 1435.297887 1430.699731 1448.854146 1432.114132 1393.281093 1355.561113 1342.657885 1323.510360 1339.344533 1359.827153 1404.273654 1441.524254 1468.410059 1466.332031 1447.773970 -9999.0 -9999.0 -9999.0 -9999.0 -9999.0 -9999.0 -9999.0 -9999.0 -9999.0 -9999.0
-9999.0 -9999.0 -9999.0 -9999.0 -9999.0 -9999.0 1114.848021 1125.431417 1146.991679 1152.492146 1179.429218 1188.082219 1210.192827 1230.986143 1254.432422 1272.331140 1303.676966 1338.213856 1380.377634 1424.736128 1458.385197 1454.640833 1466.733700 1497.581620 1536.517243 1565.906110 1592.932366 1635.230211 1713.214055 1756.750369 1763.865466 1769.738646 1780.375512 1829.688758 1893.681435 1908.287434 1888.702850 1875.408849 1897.356349 1935.414599 1942.431169 1945.190844 1957.041498 1966.908115 1992.132459 1981.097054 1939.898849 1924.682503 1921.716278 1902.705771 1839.259384 1775.431019 1741.589811 1690.244302 1605.527107 1550.444168 1557.058548 1573.999524 1543.193925 1487.183291 1444.671771 1432.069884 1414.981266 1400.077936 1404.684749 1421.818897 1441.814423 1450.940036 1435.924900 1413.053595 1388.902007 1358.966009 1359.924440 1384.419286 -9999.0 -9999.0 -9999.0 -9999.0 -9999.0 -9999.0
-9999.0 -9999.0 -9999.0 -9999.0 1063.512716 1077.287477 1065.845818 1092.461359 1126.615801 1162.422024 1195.579627 1233.812658 1262.830297 1295.026931 1336.875615 1372.138951 1415.376404 1452.794809 1508.960768 1578.700137 1631.630689 1656.985439 1674.175334 1733.232263 1795.024679 1847.973484 1870.375606 1899.736138 1945.797038 2007.350227 2035.389494 2042.647959 2060.673083 2096.960978 2145.168991 2178.732460 2162.613711 2155.453736 2162.784669 2175.938921 2200.942084 2203.520409 2206.076596 2208.812907 2213.182111 2211.002878 2184.860714 2149.837484 2134.279246 2123.586480 2092.091457 2021.991746 1981.587068 1949.774852 1913.274598 1859.601272 1796.323747 1780.831134 1722.124767 1662.609731 1598.949500 1575.908042 1543.633891 1516.208674 1485.352898 1484.822954 1485.613659 1462.483218 1427.631753 1393.337751 1376.677330 1356.602109 1344.450339 1373.701491 1390.533139 1420.213514 -9999.0 -9999.0 -9999.0 -9999.0
-9999.0 -9999.0 1002.646701 1051.544433 1109.592168 1119.413878 1120.601529 1128.032808 1158.410835 1212.521643 1288.667335 1339.745708 1383.109903 1419.527260 1481.128304 1560.901841 1634.365095 1684.935718 1746.753406 1818.312076 1881.925508 1916.965062 1935.781019 1975.980746 2030.561147 2093.529331 2121.296872 2148.812039 2181.589349 2216.860617 2226.930236 2241.060377 2250.092464 2254.116447 2260.775713 2262.995111 2258.212882 2252.616298 2234.101287 2230.462173 2238.119771 2244.510446 2246.101464 2232.729724 2228.616006 2241.767577 2245.057803 2243.040679 2241.574650 2248.107890 2250.319225 2209.876568 2173.951065 2157.278981 2145.415105 2099.676909 2034.104972 1992.169051 1967.862800 1923.262825 1844.387985 1792.465516 1741.002869 1691.445198 1637.573360 1605.014940 1556.077984 1510.892287 1461.779942 1413.465141 1388.315809 1369.175595 1365.699558 1364.549994 1379.914297 1394.466104 1409.211775 1416.674583 -9999.0 -9999.0
-9999.0 898.240365 970.868671 1097.307636 1178.346719 1223.660728 1254.638074 1277.674974 1308.613077 1338.224853 1443.235797 1529.886106 1622.401452 1662.539188 1714.631205 1813.068280 1909.079620 1956.598158 1996.303714 2054.227023 2115.857299 2164.939841 2194.915264 2203.590129 2238.687052 2254.147414 2258.178107 2262.381510 2259.631170 2252.274789 2244.082151 2250.321672 2246.357004 2226.886145 2210.246015 2206.504247 2200.180988 2174.871993 2145.330774 2129.840591 2132.124352 2155.534093 2143.437724 2122.783449 2119.008255 2140.252180 2159.980126 2151.257966 2139.859499 2158.629169 2194.015362 2217.022974 2226.610565 2243.463838 2264.089490 2237.893361 2209.823701 2167.134947 2146.449564 2116.126804 2056.363376 1994.120714 1938.176443 1876.412680 1808.740084 1739.951062 1674.874119 1610.979161 1542.718058 1499.856497 1467.578058 1417.004790 1395.818820 1396.869826 1387.297303 1383.504798 1388.671331 1394.574592 -9999.0 -9999.0
-9999.0 815.844558 958.173329 1142.570256 1291.593109 1350.018870 1448.958089 1527.542211 1556.854599 1528.609057 1637.872889 1857.605194 1963.837049 1983.762766 2057.468877 2147.524592 2164.300943 2197.734682 2221.013089 2233.653895 2244.111890 2255.594246 2255.185239 2250.543660 2236.313002 2228.533753 2226.888545 2223.347310 2204.773631 2184.436509 2165.846170 2160.601674 2140.708114 2094.834746 2060.585214 2042.055009 2024.303637 2003.829673 1970.661714 1943.229437 1927.754396 1942.719896 1936.562843 1920.206737 1916.532378 1938.511069 1970.896614 1967.848364 1977.419201 2000.239853 2040.718944 2081.384098 2104.989469 2136.267137 2174.328583 2219.882007 2235.310640 2257.220923 2261.160500 2242.437890 2196.774761 2142.654652 2106.289443 2041.497178 1966.846837 1886.383170 1819.141284 1754.398725 1683.385615 1636.269076 1589.225508 1532.057118 1478.790079 1456.614823 1416.746797 1396.784946 -9999.0 -9999.0 -9999.0 -9999.0
-9999.0 734.038405 921.262977 1177.693211 1456.705042 1564.509590 1769.125381 1897.226307 1954.626966 2024.323292 1993.367212 2148.636090 2191.235559 2189.027398 2191.407732 2197.000775 2213.783344 2218.013227 2215.283406 2205.956309 2197.460161 2193.935492 2192.910234 2185.427050 2172.770414 2157.051054 2142.481635 2128.048660 2088.592586 2053.841556 2016.160708 2000.112741 1959.230695 1866.577953 1822.951751 1785.646256 1727.756480 1721.457526 1715.968813 1687.463458 1667.560040 1646.052264 1668.655533 1673.896894 1676.744177 1679.678870 1696.366993 1721.466711 1767.228314 1804.681975 1849.832485 1903.141469 1939.026190 1983.498364 2030.492829 2087.446979 2121.675539 2153.940649 2202.582152 2241.804626 2264.654007 2252.001395 2223.391180 2173.977204 2099.598474 2029.536841 1975.951066 1899.155216 1832.709394 1779.479646 1734.303658 1684.793420 1621.232465 1544.395293 1502.787588 -9999.0 -9999.0 -9999.0 -9999.0 -9999.0
-9999.0 549.207647 816.448088 1101.976315 1411.809109 1741.681647 1880.053595 2005.604414 2078.032978 2047.925628 2057.822042 2078.863100 2122.263219 2132.532581 2114.474372 2106.516016 2095.515726 2096.129485 2109.437913 2083.344965 2053.811894 2040.341699 2039.747282 2027.742768 2003.916781 1986.345089 1973.278490 1951.518425 1902.388196 1850.031633 1767.234223 1735.498587 1658.480427 1603.090809 1558.562731 1508.534056 1457.787106 1456.433242 1473.634056 1458.913066 1436.501870 1418.079678 1444.937922 1463.198733 1475.812689 1464.446743 1473.909654 1510.369656 1560.478191 1605.412130 1656.250307 1711.875157 1759.231807 1807.642402 1840.448406 1891.576455 1940.616283 1988.510192 2063.113109 2142.726203 2180.498252 2215.009217 2245.781082 2258.549995 2202.730811 2148.433626 2090.397855 2022.980904 1938.955007 1891.794756 1867.914285 1829.166549 1775.363345 -9999.0 -9999.0 -9999.0 -9999.0 -9999.0 -9999.0 -9999.0
-9999.0 424.495038 640.408896 865.788606 1146.724528 1384.185876 1582.598942 1690.205619 1769.542457 1809.429211 1847.202529 1883.354091 1915.474537 1939.725323 1919.618355 1880.734621 1852.533370 1857.056782 1852.518296 1828.891190 1799.329389 1784.284967 1781.422751 1774.200813 1749.571938 1734.693661 1723.204393 1699.614823 1665.389134 1608.812535 1529.224111 1456.058332 1395.059816 1363.510272 1333.772095 1301.063313 1265.754319 1275.635065 1287.793262 1284.256555 1273.860298 1271.080395 1300.210258 1319.391058 1329.680602 1318.486114 1338.032585 1365.007314 1406.986220 1450.736674 1500.668793 1556.733378 1611.432910 1641.630774 1656.472313 1682.984574 1723.521509 1778.410091 1865.107976 1959.975745 2038.094828 2086.795207 2136.773603 2168.808784 2179.049334 2184.489561 2152.900083 2066.320249 1954.252364 1943.336176 1942.925257 -9999.0 -9999.0 -9999.0 -9999.0 -9999.0 -9999.0 -9999.0 -9999.0 -9999.0
-9999.0 -9999.0 407.908600 583.109597 717.749924 896.413257 1046.617698 1157.140239 1247.346822 1362.800609 1469.199282 1554.198686 1599.489329 1617.756935 1604.089937 1571.401603 1550.426106 1550.409765 1540.102621 1529.336615 1509.263722 1501.088149 1489.640409 1481.065549 1470.829258 1464.908294 1458.925686 1446.781673 1424.056207 1376.760544 1328.141963 1276.718741 1223.385871 1197.582007 1175.416483 1153.733577 1152.268542 1148.103258 1153.537942 1154.949485 1161.801596 1174.388772 1194.479160 1216.553001 1226.441929 1235.481098 1248.203620 1272.213071 1305.659110 1348.415790 1402.941926 1461.331398 1501.948763 1515.629347 1507.057759 1513.247305 1534.766959 1578.467402 1660.207065 1744.790051 1840.169647 1911.110601 1981.380235 2031.637139 2044.968118 2055.662715 2063.350721 2000.314256 1806.057129 1883.574623 -9999.0 -9999.0 -9999.0 -9999.0 -9999.0 -9999.0 -9999.0 -9999.0 -9999.0 -9999.0
-9999.0 -9999.0 -9999.0 -9999.0 442.224543 596.818365 694.089806 777.651888 906.621231 1026.780642 1126.763952 1209.772436 1271.582710 1298.088660 1293.786988 1298.898510 1294.266896 1288.201071 1278.470793 1277.193608 1275.740031 1268.078982 1253.742117 1246.092811 1246.581306 1250.996192 1247.934090 1233.716311 1215.432066 1192.347432 1171.555885 1136.887335 1100.669760 1071.206457 1057.777505 1051.829774 1051.430317 1044.436808 1053.070463 1060.291377 1075.437545 1090.644375 1114.410610 1143.403616 1157.183238 1172.033640 1181.930319 1202.662980 1233.322727 1287.018472 1350.806163 1409.063528 1445.447635 1450.522449 1426.600709 1411.975322 1409.302897 1438.294326 1484.454848 1552.852531 1655.203119 1728.640521 1785.808918 1829.430095 1859.375960 1900.804298 1943.352976 1969.074098 -9999.0 -9999.0 -9999.0 -9999.0 -9999.0 -9999.0 -9999.0 -9999.0 -9999.0 -9999.0 -9999.0 -9999.0
-9999.0 -9999.0 -9999.0 -9999.0 -9999.0 -9999.0 401.283887 502.600121 583.278466 720.725394 849.915453 950.408679 1030.196791 1061.527594 1087.328430 1113.760692 1111.797414 1093.574738 1074.688739 1093.140381 1106.506676 1100.537069 1070.589131 1069.917126 1074.386020 1082.380139 1079.890250 1073.108427 1047.655114 1058.514988 1058.683452 1035.103825 1008.778663 994.631863 982.596283 992.060005 992.196919 978.577586 979.211251 1005.890015 1026.069012 1039.212596 1061.065613 1094.283984 1126.650102 1141.880062 1143.349344 1149.637602 1189.947741 1260.421907 1332.299427 1387.986595 1420.828860 1429.412860 1402.747957 1363.320272 1343.607341 1351.550805 1387.273573 1440.934429 1517.621438 1567.401550 1593.740139 1607.304649 1625.188457 1714.135261 -9999.0 -9999.0 -9999.0 -9999.0 -9999.0 -9999.0 -9999.0 -9999.0 -9999.0 -9999.0 -9999.0 -9999.0 -9999.0 -9999.0
-9999.0 -9999.0 -9999.0 -9999.0 -9999.0 -9999.0 -9999.0 -9999.0 -9999.0 -9999.0 -9999.0 -9999.0 -9999.0 -9999.0 -9999.0 -9999.0 -9999.0 -9999.0 -9999.0 -9999.0 -9999.0 -9999.0 -9999.0 -9999.0 -9999.0 -9999.0 -9999.0 -9999.0 -9999.0 -9999.0 -9999.0 -9999.0 -9999.0 -9999.0 -9999.0 -9999.0 -9999.0 -9999.0 -9999.0 -9999.0 -9999.0 -9999.0 -9999.0 -9999.0 -9999.0 -9999.0 -9999.0 -9999.0 -9999.0 -9999.0 -9999.0 -9999.0 -9999.0 -9999.0 -9999.0 -9999.0 -9999.0 -9999.0 -9999.0 -9999.0 -9999.0 -9999.0 -9999.0 -9999.0 -9999.0 -9999.0 -9999.0 -9999.0 -9999.0 -9999.0 -9999.0 -9999.0 -9999.0 -9999.0 -9999.0 -9999.0 -9999.0 -9999.0 -9999.0 -9999.0
-9999.0 -9999.0 -9999.0 -9999.0 -9999.0 -9999.0 -9999.0 -9999.0 -9999.0 -9999.0 -9999.0 -9999.0 -9999.0 -9999.0 -9999.0 -9999.0 -9999.0 -9999.0 -9999.0 -9999.0 -9999.0 -9999.0 -9999.0 -9999.0 -9999.0 -9999.0 -9999.0 -9999.0 -9999.0 -9999.0 -9999.0 -9999.0 -9999.0 -9999.0 -9999.0 -9999.0 -9999.0 -9999.0 -9999.0 -9999.0 -9999.0 -9999.0 -9999.0 -9999.0 -9999.0 -9999.0 -9999.0 -9999.0 -9999.0 -9999.0 -9999.0 -9999.0 -9999.0 -9999.0 -9999.0 -9999.0 -9999.0 -9999.0 -9999.0 -9999.0 -9999.0 -9999.0 -9999.0 -9999.0 -9999.0 -9999.0 -9999.0 -9999.0 -9999.0 -9999.0 -9999.0 -9999.0 -9999.0 -9999.0 -9999.0 -9999.0 -9999.0 -9999.0 -9999.0 -9999.0