Borden_/Borden1m_014/output_maps/psiliqL0019N0008.asc
ncols         80
nrows         18
xllcorner     620200.000000
yllcorner     5168000.000000
cellsize      1.000000
NODATA_value  -9999.0
-9999.0 -9999.0 -9999.0 -9999.0 -9999.0 -9999.0 -9999.0 -9999.0 -9999.0 -9999.0 -9999.0 -9999.0 -9999.0 -9999.0 -9999.0 -9999.0 -9999.0 -9999.0 -9999.0 -9999.0 -9999.0 -9999.0 -9999.0 -9999.0 -9999.0 -9999.0 -9999.0 -9999.0 -9999.0 -9999.0 -9999.0 -9999.0 -9999.0 -9999.0 -9999.0 -9999.0 -9999.0 -9999.0 -9999.0 -9999.0 -9999.0 -9999.0 -9999.0 -9999.0 -9999.0 -9999.0 -9999.0 -9999.0 -9999.0 -9999.0 -9999.0 -9999.0 -9999.0 -9999.0 -9999.0 -9999.0 -9999.0 -9999.0 -9999.0 -9999.0 -9999.0 -9999.0 -9999.0 -9999.0 -9999.0 -9999.0 -9999.0 -9999.0 -9999.0 -9999.0 -9999.0 -9999.0 -9999.0 -9999.0 -9999.0 -9999.0 -9999.0 -9999.0 -9999.0 -9999.0
-9999.0 -9999.0 -9999.0 -9999.0 -9999.0 -9999.0 -9999.0 -9999.0 -9999.0 -9999.0 -9999.0 -9999.0 -9999.0 -9999.0 -9999.0 -9999.0 -9999.0 -9999.0 -9999.0 -9999.0 -9999.0 -9999.0 -9999.0 -9999.0 -9999.0 -9999.0 -9999.0 -9999.0 -9999.0 -9999.0 -9999.0 -9999.0 -9999.0 -9999.0 -9999.0 -9999.0 -9999.0 -9999.0 -9999.0 -9999.0 -9999.0 -9999.0 -9999.0 -9999.0 -9999.0 -9999.0 -9999.0 -9999.0 -9999.0 -9999.0 -9999.0 -9999.0 -9999.0 -9999.0 -9999.0 -9999.0 -9999.0 -9999.0 -9999.0 -9999.0 -9999.0 -9999.0 -9999.0 -9999.0 -9999.0 -9999.0 -9999.0 -9999.0 -9999.0 -9999.0 -9999.0 -9999.0 -9999.0 -9999.0 -9999.0 -9999.0 -9999.0 -9999.0 -9999.0 -9999.0
-9999.0 -9999.0 -9999.0 -9999.0 -9999.0 -9999.0 -9999.0 -9999.0 -9999.0 -9999.0 -9999.0 -9999.0 -9999.0 -9999.0 -9999.0 -9999.0 -9999.0 -9999.0 -9999.0 -9999.0 1946.728603 1949.191512 1928.183045 1895.473648 1868.802802 1872.467960 1908.037663 1950.582525 1990.593725 2000.764648 1983.813854 1988.607124 1986.318452 1986.404782 1991.002404 2001.194691 2009.042925 2021.318347 2030.418807 2030.191092 2024.284165 2019.648427 2021.024658 2023.425178 2029.115730 2016.635828 2031.035029 2045.459247 2048.199527 2040.891683 2011.649826 1994.282272 1982.742836 1964.624796 1987.583985 1996.979366 2017.381098 2019.428481 2015.801806 1987.672487 1956.812676 -9999.0 -9999.0 -9999.0 -9999.0 -9999.0 -9999.0 -9999.0 -9999.0 -9999.0 -9999.0 -9999.0 -9999.0 -9999.0 -9999.0 -9999.0 -9999.0 -9999.0 -9999.0 -9999.0
-9999.0 -9999.0 -9999.0 -9999.0 -9999.0 -9999.0 -9999.0 -9999.0 -9999.0 -9999.0 -9999.0 -9999.0 -9999.0 -9999.0 1853.253319 1844.779247 1843.121230 1852.362780 1886.771399 1918.093154 1930.352396 1923.961758 1925.089858 1902.342435 1882.408001 1897.754654 1929.431984 1962.313893 1997.627767 2017.717882 2007.873637 2007.365015 2018.555751 2045.253005 2060.295022 2061.062856 2045.228157 2071.421192 2087.477352 2094.963956 2094.208297 2085.315937 2096.048664 2110.675901 2103.673790 2087.658566 2095.575001 2107.870038 2116.938323 2101.720609 2035.661646 2015.339146 2008.184408 2000.030087 1983.991048 1976.180778 2000.081859 1997.237778 1987.252424 1967.921876 1933.665549 1888.230522 1868.050838 1905.848431 1948.040166 2003.571068 -9999.0 -9999.0 -9999.0 -9999.0 -9999.0 -9999.0 -9999.0 -9999.0 -9999.0 -9999.0 -9999.0 -9999.0 -9999.0 -9999.0
-9999.0 -9999.0 -9999.0 -9999.0 -9999.0 -9999.0 -9999.0 -9999.0 -9999.0 1793.364229 1799.211836 1807.425627 1810.988547 1827.435105 1825.224203 1833.362239 1840.560881 1869.203997 1901.213597 1937.361839 1967.010229 1959.845475 1961.005791 1969.832180 1971.377489 1984.247249 2008.485946 2050.401322 2087.481478 2126.548778 2096.975137 2095.616264 2117.549988 2167.480226 2202.709625 2213.080110 2199.082706 2213.996558 2239.717580 2259.292065 2257.310348 2252.957094 2276.713025 2290.437776 2288.432178 2268.767959 2262.914771 2265.893700 2289.909959 2233.903238 2161.462502 2110.773622 2116.111146 2087.823264 2052.666141 2032.542963 2027.370319 2044.561409 2028.160802 1989.783985 1952.587984 1939.030448 1919.517783 1935.992708 1956.607765 2000.985477 2038.756562 2066.143105 2064.185282 2045.790401 -9999.0 -9999.0 -9999.0 -9999.0 -9999.0 -9999.0 -9999.0 -9999.0 -9999.0 -9999.0
-9999.0 -9999.0 -9999.0 -9999.0 -9999.0 -9999.0 1712.890953 1723.802805 1745.540039 1750.392652 1777.485986 1785.358754 1806.714392 1826.534726 1849.514676 1866.108881 1895.948267 1929.601998 1970.574597 2014.307354 2048.241296 2043.181829 2053.821421 2080.690807 2116.710579 2145.291320 2174.252299 2217.554217 2293.490529 2332.996235 2334.325067 2339.101113 2352.269175 2408.909117 2482.186388 2502.210097 2487.525338 2477.189094 2500.149205 2536.491106 2538.187515 2538.077079 2550.994777 2560.941418 2587.162237 2577.973915 2539.767844 2529.060446 2528.345540 2502.694906 2429.156566 2361.164125 2329.582914 2278.250407 2193.759300 2139.350443 2146.938554 2164.292421 2134.772907 2079.794988 2038.202601 2025.750324 2008.648935 1994.690066 2000.652940 2018.701243 2039.179131 2049.132328 2034.521405 2011.769333 1988.054009 1958.113453 1959.018366 1983.265564 -9999.0 -9999.0 -9999.0 -9999.0 -9999.0 -9999.0
-9999.0 -9999.0 -9999.0 -9999.0 1661.527306 1675.420488 1663.462306 1690.583258 1724.759659 1760.526359 1792.510140 1829.325898 1856.879168 1887.522444 1926.701995 1958.218525 1998.695368 2034.517802 2089.730063 2160.020534 2214.341546 2238.307459 2253.278494 2310.036789 2371.891446 2427.323234 2454.501299 2487.842291 2535.875655 2593.818726 2617.998877 2623.445345 2643.145536 2686.686235 2744.484728 2787.936608 2776.798844 2772.431801 2781.970377 2794.945827 2817.442468 2818.006093 2819.586885 2822.626532 2828.495446 2827.982689 2803.964735 2770.489735 2751.405008 2735.993406 2695.969646 2621.136043 2583.345660 2551.968460 2510.254285 2450.911042 2385.435287 2370.967508 2311.381530 2250.641964 2187.664237 2165.444981 2133.568182 2107.065361 2078.556609 2080.380203 2083.249824 2061.555083 2027.185577 1993.267390 1976.718613 1956.383378 1943.556949 1972.658039 1989.237854 2018.519748 -9999.0 -9999.0 -9999.0 -9999.0
-9999.0 -9999.0 1600.522726 1648.594717 1706.835738 1716.251378 1715.961955 1723.066335 1753.361262 1807.175114 1880.313564 1927.846145 1967.031269 2001.711560 2060.583954 2135.489213 2206.261724 2255.778592 2320.711802 2397.648708 2467.312319 2503.239871 2519.933589 2561.027680 2617.226232 2685.426845 2717.992422 2749.418816 2785.981306 2820.009543 2822.070660 2833.659769 2843.671874 2852.215735 2864.971624 2873.116967 2872.642890 2871.214714 2855.300283 2852.415735 2859.774056 2866.664310 2867.302879 2853.691941 2849.949211 2864.301300 2869.551410 2867.795687 2864.057659 2866.928466 2863.324546 2818.720109 2789.121272 2772.869564 2756.064414 2706.172912 2636.013960 2595.341470 2571.243684 2521.739623 2438.341533 2384.813605 2331.822441 2282.517323 2228.889640 2199.569528 2153.404908 2110.614988 2063.017843 2014.969658 1989.391387 1969.763873 1965.524473 1963.570601 1978.799357 1993.125537 2007.885627 2015.376459 -9999.0 -9999.0
-9999.0 1494.254125 1566.505126 1691.822390 1772.603749 1816.645754 1842.442241 1861.235809 1892.359032 1925.025861 2026.094972 2103.473097 2193.609443 2233.289452 2282.490032 2380.755539 2480.413124 2532.883780 2576.756507 2641.703165 2710.609630 2766.012200 2796.381620 2796.455599 2834.003650 2856.088741 2864.360754 2872.062816 2871.128070 2861.961021 2851.958488 2856.003182 2850.089454 2829.327725 2812.999299 2811.779331 2809.964634 2789.714158 2763.179320 2750.224545 2753.466683 2780.231745 2766.626012 2745.773472 2741.859043 2763.275865 2784.984080 2775.096762 2760.084517 2777.619042 2810.949485 2834.365187 2842.429369 2860.164797 2879.672347 2850.792433 2823.779157 2780.807679 2758.604832 2727.487182 2665.485786 2602.755251 2544.076270 2477.369409 2408.354218 2341.221880 2276.582018 2213.218777 2146.685954 2103.336426 2069.659573 2017.575736 1995.505655 1995.835531 1986.152041 1982.293091 1987.372308 1993.284116 -9999.0 -9999.0
-9999.0 1407.507343 1548.886889 1731.668254 1880.038011 1935.119522 2025.396975 2100.400689 2127.888632 2094.708261 2205.161218 2429.479727 2546.712209 2567.829494 2642.547162 2738.113425 2746.688080 2781.784221 2807.292463 2827.137273 2844.735693 2860.465177 2861.498163 2858.144005 2845.108687 2839.635852 2840.438998 2839.007595 2820.841380 2798.701467 2777.409583 2769.001285 2742.822036 2690.656637 2653.124515 2634.214832 2618.545106 2604.827924 2579.333535 2555.657143 2540.080151 2555.508543 2552.632863 2535.821857 2531.707952 2553.337106 2582.857918 2579.083823 2589.259819 2609.267875 2648.761257 2691.401187 2717.064196 2749.312629 2788.499406 2834.729821 2849.061742 2872.407981 2876.646584 2860.488095 2814.361039 2758.305597 2722.399760 2657.534944 2584.752973 2503.059561 2435.054156 2370.716052 2299.587597 2249.720722 2196.836828 2133.167343 2076.741389 2054.622510 2014.432999 1995.395641 -9999.0 -9999.0 -9999.0 -9999.0
-9999.0 1319.299317 1504.154449 1755.658842 2041.212608 2141.406636 2350.959558 2482.697342 2539.923609 2615.629105 2563.606238 2743.141918 2793.509060 2791.810153 2797.476873 2800.824888 2814.795152 2816.183153 2812.641746 2804.363454 2798.393105 2797.339917 2798.576219 2793.248064 2783.272255 2770.488311 2756.737654 2743.557800 2702.763160 2663.773702 2619.968877 2599.937107 2552.999071 2451.580150 2403.777979 2363.457936 2305.238178 2304.388510 2306.268550 2281.327909 2264.253861 2240.967696 2266.592888 2275.099867 2278.111412 2276.601571 2289.403289 2315.251436 2361.159983 2398.076595 2444.288488 2501.653576 2543.100478 2588.986702 2634.731176 2692.969180 2730.675439 2765.123746 2817.701226 2857.891275 2882.601749 2870.962558 2846.730921 2799.860479 2728.238350 2664.440227 2616.233267 2544.169686 2477.537010 2418.428787 2360.728356 2294.926957 2219.124662 2141.232958 2098.998141 -9999.0 -9999.0 -9999.0 -9999.0 -9999.0
-9999.0 1122.580544 1388.767571 1668.601790 1969.377035 2308.093158 2463.181609 2584.489778 2661.124239 2644.795838 2668.613470 2692.082920 2739.646386 2749.562929 2726.727022 2712.094688 2692.872102 2688.040691 2698.570008 2671.690430 2643.450304 2631.967355 2633.816574 2624.475232 2603.297048 2589.259233 2580.213332 2558.737314 2505.326059 2446.322005 2356.076484 2318.208804 2235.893225 2182.665889 2137.586913 2086.880620 2037.938214 2040.226958 2062.149223 2051.447807 2031.290499 2014.137815 2042.392201 2062.384338 2075.061609 2061.200680 2068.505512 2102.682712 2150.753029 2194.295316 2244.334287 2301.388098 2349.412789 2397.808937 2430.783833 2484.090220 2540.343583 2591.873858 2668.651038 2752.443461 2796.410104 2834.780328 2868.114214 2886.939135 2838.293301 2795.798288 2749.645616 2693.130781 2620.188221 2569.669922 2530.550136 2457.633275 2382.603230 -9999.0 -9999.0 -9999.0 -9999.0 -9999.0 -9999.0 -9999.0
-9999.0 1001.661448 1210.345594 1425.127628 1696.752991 1933.659282 2141.455163 2247.272140 2332.167045 2392.724569 2446.208849 2489.581718 2524.035835 2547.802034 2525.367813 2476.925801 2439.560825 2437.834761 2427.867864 2402.830595 2373.346860 2359.439019 2357.685345 2352.779529 2331.109494 2319.481032 2310.525020 2287.555959 2254.813963 2195.674656 2114.649304 2038.129870 1977.581976 1948.106772 1919.074870 1887.466409 1855.175071 1866.869370 1880.141707 1879.211692 1871.120769 1869.906468 1899.271750 1918.584117 1928.394707 1916.822572 1935.268375 1960.246285 2000.102732 2042.614083 2091.341853 2146.271315 2200.174343 2228.952883 2242.533835 2268.205685 2309.914163 2366.573307 2456.524092 2559.091147 2644.257565 2699.215073 2755.630832 2797.289030 2818.281012 2834.729502 2821.718175 2755.897652 2666.806686 2654.278024 2644.201575 -9999.0 -9999.0 -9999.0 -9999.0 -9999.0 -9999.0 -9999.0 -9999.0 -9999.0
-9999.0 -9999.0 979.747653 1147.512364 1269.943956 1443.183847 1590.732863 1701.375177 1798.956970 1929.173046 2047.251751 2139.775267 2186.495767 2203.907910 2189.100419 2155.331470 2130.749680 2126.164324 2112.326447 2101.167225 2082.270771 2075.084836 2063.807636 2056.582323 2049.537379 2046.468880 2042.537820 2032.162985 2010.728108 1963.590147 1916.776800 1866.122623 1813.754365 1788.345067 1766.748762 1746.257477 1746.719587 1742.756528 1748.803416 1751.446676 1759.802357 1773.303403 1793.358819 1815.709154 1825.412475 1834.551797 1846.312438 1869.141367 1901.117701 1942.732755 1996.318821 2054.193630 2094.160437 2106.914348 2097.222844 2102.270740 2122.106387 2164.496441 2244.746373 2331.184086 2433.185542 2512.321845 2591.991274 2651.194154 2677.360464 2706.265849 2739.437206 2705.769990 2592.241796 2619.229355 -9999.0 -9999.0 -9999.0 -9999.0 -9999.0 -9999.0 -9999.0 -9999.0 -9999.0 -9999.0
-9999.0 -9999.0 -9999.0 -9999.0 1006.257326 1158.119813 1255.250683 1337.830497 1470.045122 1596.468426 1701.730939 1788.574842 1853.816717 1880.608360 1877.404204 1884.544491 1878.381242 1868.657231 1856.577447 1856.084279 1856.232103 1849.195347 1834.666217 1828.309524 1830.841739 1837.282663 1835.365535 1822.050475 1803.799570 1783.016626 1764.061322 1730.157608 1694.865233 1665.799651 1652.737129 1647.789171 1647.816671 1640.925905 1649.921205 1658.176319 1673.970613 1689.407330 1713.183604 1742.344365 1756.315976 1770.926423 1780.145292 1799.870229 1829.697599 1882.542328 1945.659405 2003.482837 2039.759934 2044.310182 2020.187163 2004.927934 2001.111241 2028.843916 2073.116982 2139.803759 2243.369831 2321.022618 2381.579772 2432.655014 2476.295007 2540.918564 2619.456198 2669.193635 -9999.0 -9999.0 -9999.0 -9999.0 -9999.0 -9999.0 -9999.0 -9999.0 -9999.0 -9999.0 -9999.0 -9999.0
-9999.0 -9999.0 -9999.0 -9999.0 -9999.0 -9999.0 970.449028 1073.545936 1150.737244 1294.835809 1431.269877 1535.780596 1617.726016 1650.801049 1678.802094 1705.323424 1702.391186 1681.700914 1660.453291 1679.165255 1694.160710 1688.227614 1658.042881 1658.790438 1664.886555 1673.593192 1671.731133 1665.682566 1640.705738 1653.405630 1654.801776 1631.464561 1605.495871 1591.908272 1580.138671 1589.913941 1590.296935 1576.736907 1577.144979 1604.593616 1625.355321 1638.586687 1660.227851 1693.403705 1725.715640 1740.936889 1741.999118 1747.499685 1786.346691 1855.949817 1927.516685 1983.083332 2015.762405 2023.944903 1997.270848 1957.507941 1937.450348 1944.580269 1979.168775 2031.344495 2107.656454 2158.384196 2185.967978 2203.063828 2227.705723 2327.769085 -9999.0 -9999.0 -9999.0 -9999.0 -9999.0 -9999.0 -9999.0 -9999.0 -9999.0 -9999.0 -9999.0 -9999.0 -9999.0 -9999.0
-9999.0 -9999.0 -9999.0 -9999.0 -9999.0 -9999.0 -9999.0 -9999.0 -9999.0 -9999.0 -9999.0 -9999.0 -9999.0 -9999.0 -9999.0 -9999.0 -9999.0 -9999.0 -9999.0 -9999.0 -9999.0 -9999.0 -9999.0 -9999.0 -9999.0 -9999.0 -9999.0 -9999.0 -9999.0 -9999.0 -9999.0 -9999.0 -9999.0 -9999.0 -9999.0 -9999.0 -9999.0 -9999.0 -9999.0 -9999.0 -9999.0 -9999.0 -9999.0 -9999.0 -9999.0 -9999.0 -9999.0 -9999.0 -9999.0 -9999.0 -9999.0 -9999.0 -9999.0 -9999.0 -9999.0 -9999.0 -9999.0 -9999.0 -9999.0 -9999.0 -9999.0 -9999.0 -9999.0 -9999.0 -9999.0 -9999.0 -9999.0 -9999.0 -9999.0 -9999.0 -9999.0 -9999.0 -9999.0 -9999.0 -9999.0 -9999.0 -9999.0 -9999.0 -9999.0 -9999.0
-9999.0 -9999.0 -9999.0 -9999.0 -9999.0 -9999.0 -9999.0 -9999.0 -9999.0 -9999.0 -9999.0 -9999.0 -9999.0 -9999.0 -9999.0 -9999.0 -9999.0 -9999.0 -9999.0 -9999.0 -9999.0 -9999.0 -9999.0 -9999.0 -9999.0 -9999.0 -9999.0 -9999.0 -9999.0 -9999.0 -9999.0 -9999.0 -9999.0 -9999.0 -9999.0 -9999.0 -9999.0 -9999.0 -9999.0 -9999.0 -9999.0 -9999.0 -9999.0 -9999.0 -9999.0 -9999.0 -9999.0 -9999.0 -9999.0 -9999.0 -9999.0 -9999.0 -9999.0 -9999.0 -9999.0 -9999.0 -9999.0 -9999.0 -9999.0 -9999.0 -9999.0 -9999.0 -9999.0 -9999.0 -9999.0 -9999.0 -9999.0 -9999.0 -9999.0 -9999.0 -9999.0 -9999.0 -9999.0 -9999.0 -9999.0 -9999.0 -9999.0 -9999.0 -9999.0 -9999.0