Borden_/Borden1m_014/output_maps/psiliqL0020N0030.asc
ncols         80
nrows         18
xllcorner     620200.000000
yllcorner     5168000.000000
cellsize      1.000000
NODATA_value  -9999.0
-9999.0 -9999.0 -9999.0 -9999.0 -9999.0 -9999.0 -9999.0 -9999.0 -9999.0 -9999.0 -9999.0 -9999.0 -9999.0 -9999.0 -9999.0 -9999.0 -9999.0 -9999.0 -9999.0 -9999.0 -9999.0 -9999.0 -9999.0 -9999.0 -9999.0 -9999.0 -9999.0 -9999.0 -9999.0 -9999.0 -9999.0 -9999.0 -9999.0 -9999.0 -9999.0 -9999.0 -9999.0 -9999.0 -9999.0 -9999.0 -9999.0 -9999.0 -9999.0 -9999.0 -9999.0 -9999.0 -9999.0 -9999.0 -9999.0 -9999.0 -9999.0 -9999.0 -9999.0 -9999.0 -9999.0 -9999.0 -9999.0 -9999.0 -9999.0 -9999.0 -9999.0 -9999.0 -9999.0 -9999.0 -9999.0 -9999.0 -9999.0 -9999.0 -9999.0 -9999.0 -9999.0 -9999.0 -9999.0 -9999.0 -9999.0 -9999.0 -9999.0 -9999.0 -9999.0 -9999.0
-9999.0 -9999.0 -9999.0 -9999.0 -9999.0 -9999.0 -9999.0 -9999.0 -9999.0 -9999.0 -9999.0 -9999.0 -9999.0 -9999.0 -9999.0 -9999.0 -9999.0 -9999.0 -9999.0 -9999.0 -9999.0 -9999.0 -9999.0 -9999.0 -9999.0 -9999.0 -9999.0 -9999.0 -9999.0 -9999.0 -9999.0 -9999.0 -9999.0 -9999.0 -9999.0 -9999.0 -9999.0 -9999.0 -9999.0 -9999.0 -9999.0 -9999.0 -9999.0 -9999.0 -9999.0 -9999.0 -9999.0 -9999.0 -9999.0 -9999.0 -9999.0 -9999.0 -9999.0 -9999.0 -9999.0 -9999.0 -9999.0 -9999.0 -9999.0 -9999.0 -9999.0 -9999.0 -9999.0 -9999.0 -9999.0 -9999.0 -9999.0 -9999.0 -9999.0 -9999.0 -9999.0 -9999.0 -9999.0 -9999.0 -9999.0 -9999.0 -9999.0 -9999.0 -9999.0 -9999.0
-9999.0 -9999.0 -9999.0 -9999.0 -9999.0 -9999.0 -9999.0 -9999.0 -9999.0 -9999.0 -9999.0 -9999.0 -9999.0 -9999.0 -9999.0 -9999.0 -9999.0 -9999.0 -9999.0 -9999.0 2155.519940 2158.058727 2137.466546 2105.196538 2078.960638 2082.996302 2118.848136 2161.927335 2202.835686 2213.768430 2197.449488 2202.524407 2199.633054 2197.953171 2200.446215 2208.897326 2215.624775 2227.030364 2235.976723 2236.119949 2230.939218 2227.174156 2229.415557 2231.935221 2237.345352 2223.664020 2237.145816 2250.812029 2253.398034 2246.849614 2218.814414 2202.375477 2191.003501 2172.589969 2195.374412 2204.578785 2224.805244 2226.726089 2222.882774 2194.666907 2163.745434 -9999.0 -9999.0 -9999.0 -9999.0 -9999.0 -9999.0 -9999.0 -9999.0 -9999.0 -9999.0 -9999.0 -9999.0 -9999.0 -9999.0 -9999.0 -9999.0 -9999.0 -9999.0 -9999.0
-9999.0 -9999.0 -9999.0 -9999.0 -9999.0 -9999.0 -9999.0 -9999.0 -9999.0 -9999.0 -9999.0 -9999.0 -9999.0 -9999.0 2060.833642 2052.813950 2051.668289 2061.327495 2096.011491 2127.468771 2139.539496 2133.335680 2134.842288 2112.512492 2092.809828 2108.270916 2140.085801 2173.248438 2209.445294 2230.562438 2221.712757 2221.348735 2231.339352 2255.336385 2266.841817 2264.667613 2246.933668 2272.182797 2288.071170 2296.132382 2296.593444 2288.891050 2300.303831 2315.204761 2307.740403 2290.556443 2297.250638 2308.677050 2317.664331 2304.081362 2240.224046 2221.797741 2215.044119 2206.808543 2190.533467 2183.039833 2207.447964 2204.543679 2194.495158 2175.081884 2140.743442 2095.321402 2075.005197 2112.708378 2154.544324 2209.556666 -9999.0 -9999.0 -9999.0 -9999.0 -9999.0 -9999.0 -9999.0 -9999.0 -9999.0 -9999.0 -9999.0 -9999.0 -9999.0 -9999.0
-9999.0 -9999.0 -9999.0 -9999.0 -9999.0 -9999.0 -9999.0 -9999.0 -9999.0 1998.300851 2004.616331 2013.401460 2017.752124 2034.945755 2033.248042 2041.993000 2049.571408 2078.792043 2110.981215 2147.008876 2176.278518 2169.331682 2170.763389 2179.679771 2180.772481 2193.042887 2216.651314 2258.405118 2295.852346 2336.417815 2307.986452 2306.661370 2326.725615 2372.030271 2400.652825 2405.603337 2388.109413 2402.060306 2427.778207 2448.380537 2448.354457 2445.681759 2470.890200 2485.372876 2482.168282 2460.370402 2452.871996 2454.775486 2479.507348 2426.143615 2357.696613 2310.812096 2317.817089 2289.913332 2255.454608 2236.625665 2232.904739 2250.771122 2234.627779 2196.266607 2159.480480 2146.011760 2126.529712 2143.118667 2163.433527 2207.137510 2244.260406 2270.903077 2268.168554 2249.301776 -9999.0 -9999.0 -9999.0 -9999.0 -9999.0 -9999.0 -9999.0 -9999.0 -9999.0 -9999.0
-9999.0 -9999.0 -9999.0 -9999.0 -9999.0 -9999.0 1916.887868 1928.149088 1950.317819 1955.416175 1983.147968 1991.539308 2013.715492 2034.396231 2058.341582 2075.486045 2105.641345 2139.587409 2180.145651 2222.905706 2255.802707 2249.887297 2260.951441 2287.606990 2322.666568 2349.097851 2375.730398 2417.443461 2494.387575 2536.496292 2539.167506 2544.258403 2554.920462 2605.454062 2669.746259 2681.351903 2661.447576 2648.672814 2671.967679 2710.564226 2714.633558 2716.719424 2731.947744 2742.702959 2768.283001 2756.287384 2714.242059 2702.209921 2703.478486 2681.739840 2614.479320 2551.576435 2521.980952 2469.676591 2385.356765 2334.013826 2346.085736 2365.843642 2337.225002 2282.833968 2242.371537 2231.041649 2214.643792 2201.232645 2207.387524 2225.001178 2244.612040 2253.699454 2238.214507 2214.767248 2190.556599 2160.445188 2161.326472 2185.516583 -9999.0 -9999.0 -9999.0 -9999.0 -9999.0 -9999.0
-9999.0 -9999.0 -9999.0 -9999.0 1864.946713 1879.106406 1867.281290 1894.899969 1929.496694 1965.753588 1997.993152 2035.330738 2063.777102 2095.497934 2135.238948 2166.602349 2206.840212 2242.485185 2296.752280 2364.693831 2415.746960 2437.563023 2452.682028 2510.395241 2571.786722 2624.138979 2646.793742 2676.320980 2724.952248 2786.429497 2813.823340 2820.527637 2838.966679 2878.802832 2930.806519 2856.872331 2838.934500 2830.862881 2838.841686 2851.422796 2873.817824 2874.262743 2875.460567 2878.652763 2884.805643 2883.850323 2859.325316 2827.919664 2920.818009 2909.287346 2873.818215 2801.295473 2763.287100 2730.336735 2688.789719 2633.240428 2574.534504 2563.840329 2504.717437 2444.720446 2384.824253 2365.761059 2336.025441 2310.972755 2283.483392 2285.400262 2287.762234 2265.091034 2229.681471 2195.228872 2178.578062 2158.356965 2145.592676 2174.841606 2191.351382 2220.451417 -9999.0 -9999.0 -9999.0 -9999.0
-9999.0 -9999.0 1803.190704 1851.237662 1909.894976 1919.464365 1918.939350 1926.205161 1956.840098 2010.961920 2083.713714 2130.860692 2170.300098 2206.467981 2266.477479 2340.453206 2409.986701 2458.359633 2522.536302 2595.868946 2659.756098 2691.761044 2708.210016 2751.557323 2808.567741 2875.843032 2905.262095 2933.792284 2853.106244 2885.753303 2887.198449 2899.558788 2910.162178 2918.251557 2928.830336 2932.221970 2927.976851 2923.336662 2906.450918 2901.978428 2908.615929 2913.838583 2915.413367 2901.462444 2897.612369 2912.014805 2915.896547 2914.636568 2915.859803 2920.337781 2919.588448 2875.972622 2848.694876 2835.322150 2931.186352 2883.900810 2816.035665 2776.144694 2751.943784 2703.601386 2624.422006 2575.580885 2525.999029 2479.965828 2427.967050 2399.801044 2353.761000 2310.291953 2262.052439 2213.984165 2189.044093 2170.468755 2167.086366 2165.550243 2180.989717 2195.161226 2209.707965 2217.061823 -9999.0 -9999.0
-9999.0 1696.108637 1768.409074 1893.632279 1974.578313 2018.315926 2042.282079 2059.525642 2090.836417 2124.530686 2224.103781 2298.137354 2388.714692 2430.598586 2480.801857 2578.803114 2676.895566 2728.736625 2771.558014 2834.477695 2899.813925 2839.715381 2864.899692 2859.670778 2895.952943 2917.134029 2922.747058 2927.897352 2924.520453 2916.289224 2908.654706 2915.308453 2913.660341 2894.896439 2879.138106 2877.038270 2873.105950 2851.315144 2934.308981 2917.984031 2919.200621 2836.206774 2930.613089 2909.424818 2905.606691 2927.699620 2839.080899 2829.626537 2928.884334 2834.478748 2867.115195 2889.947121 2895.649351 2913.204766 2933.873656 2906.451276 2881.583530 2841.022441 2933.717163 2903.052693 2842.113947 2781.363316 2724.833486 2661.500246 2595.434012 2530.129158 2466.545243 2403.004563 2336.779378 2294.758722 2263.523319 2214.614733 2195.404081 2197.346965 2188.323498 2184.499280 2189.245084 2194.986011 -9999.0 -9999.0
-9999.0 1607.977193 1749.205304 1931.644953 2079.766419 2133.101708 2219.161076 2291.649266 2317.998215 2281.997105 2390.963756 2613.159608 2732.800880 2756.049715 2833.735320 2829.479469 2828.621212 2859.245606 2881.398629 2898.938817 2913.199773 2923.727850 2921.806798 2916.260916 2900.903759 2893.292631 2893.946527 2891.795120 2874.686330 2855.731165 2838.526062 2836.335822 2928.978725 2879.846265 2844.383046 2824.641195 2804.790107 2785.817370 2755.302793 2727.150905 2708.301452 2721.205790 2718.490693 2701.565729 2697.885550 2720.874482 2751.984320 2750.788819 2764.196382 2786.140542 2826.457375 2868.179618 2892.382304 2924.519617 2846.588035 2890.450403 2902.449189 2924.508272 2928.256902 2913.690447 2870.710093 2930.830402 2894.106557 2828.375024 2754.703323 2672.582064 2605.963827 2541.702886 2470.736984 2425.150596 2379.147805 2322.591869 2272.600501 2254.911385 2216.220973 2197.757458 -9999.0 -9999.0 -9999.0 -9999.0
-9999.0 1517.742415 1701.949516 1951.806948 2238.844685 2334.201918 2541.823989 2671.296343 2726.161882 2799.619008 2736.065963 2834.358951 2875.671852 2869.742359 2876.890348 2878.662799 2892.842437 2893.948315 2889.678723 2879.641493 2870.989112 2867.072889 2865.849498 2858.087594 2845.698129 2832.548103 2932.059015 2917.276146 2876.905826 2841.292712 2800.852787 2784.202755 2741.235640 2644.685142 2601.339224 2561.742750 2500.970092 2496.843673 2495.401315 2466.647193 2447.181700 2421.486161 2447.022339 2456.129927 2460.000024 2459.254383 2473.592044 2502.621704 2551.153469 2589.297865 2634.203436 2687.828376 2726.419170 2771.263994 2816.379531 2873.625699 2909.245300 2942.120558 2873.586194 2909.478520 2930.714700 2919.889984 2897.696139 2855.817655 2886.793094 2817.857312 2764.509194 2686.621960 2620.864933 2568.424779 2521.722842 2471.266922 2407.978818 2339.750037 2300.166156 -9999.0 -9999.0 -9999.0 -9999.0 -9999.0
-9999.0 1317.196219 1583.196320 1861.029549 2157.465559 2495.501306 2653.790334 2772.233546 2846.174760 2825.956313 2845.105250 2863.046202 2820.546758 2827.674953 2902.880679 2893.427699 2880.724458 2881.359781 2894.946443 2868.448526 2838.592778 2824.882957 2824.445136 2812.386393 2787.818907 2770.479716 2759.332508 2736.900983 2685.750845 2632.273539 2546.718161 2511.493674 2430.979934 2382.412773 2340.113843 2289.936730 2239.867446 2240.391387 2260.246459 2247.441138 2225.553567 2207.388020 2235.328259 2255.652476 2269.044184 2256.069910 2264.969866 2300.971606 2350.875954 2395.749288 2445.581937 2501.384583 2547.914288 2594.961174 2625.496216 2674.357672 2726.015245 2774.397114 2848.905464 2930.658571 2853.226057 2885.770230 2916.996569 2935.515123 2892.713496 2859.831509 2830.885368 2814.622076 2738.318240 2688.400697 2658.647017 2615.653148 2560.826031 -9999.0 -9999.0 -9999.0 -9999.0 -9999.0 -9999.0 -9999.0
-9999.0 1197.684222 1404.317787 1615.870144 1884.387508 2120.653164 2332.009323 2436.050804 2516.905983 2573.903619 2621.496540 2660.627919 2693.234794 2718.661265 2700.707400 2658.367235 2628.999251 2634.032224 2627.804156 2605.140115 2576.103744 2561.456851 2557.997886 2551.092780 2527.096526 2513.138755 2502.278824 2478.382472 2447.487501 2391.263146 2313.451711 2238.194470 2179.467723 2152.074333 2124.272307 2093.051584 2060.749826 2071.223327 2082.634648 2080.521942 2071.604401 2069.915197 2098.890242 2118.229095 2128.445288 2117.886286 2137.547929 2163.757343 2204.851235 2248.843882 2298.369294 2353.357781 2407.362134 2435.685224 2447.728480 2470.341646 2508.572109 2561.855832 2647.361557 2744.469476 2824.587821 2874.191080 2925.688669 2854.602795 2876.687575 2901.106155 2909.127678 2884.511934 2842.740801 2815.437653 2740.759551 -9999.0 -9999.0 -9999.0 -9999.0 -9999.0 -9999.0 -9999.0 -9999.0 -9999.0
-9999.0 -9999.0 1174.744195 1340.545216 1459.775435 1631.933228 1779.444285 1889.757736 1986.498536 2115.515175 2230.713880 2321.412089 2367.811327 2386.376984 2374.324865 2345.677975 2327.141800 2327.257407 2316.420211 2307.422006 2289.526596 2282.057608 2269.310900 2260.620869 2252.355264 2247.918849 2242.722754 2231.817447 2210.811102 2164.913407 2120.052624 2070.646063 2019.111141 1994.207684 1972.942760 1952.559820 1952.900594 1947.891297 1952.874774 1954.719173 1962.618583 1975.805176 1995.576001 2018.097699 2028.163955 2038.117426 2050.651835 2074.427627 2107.391360 2150.059949 2204.626919 2263.557305 2304.303210 2317.405016 2307.347276 2311.264647 2329.269930 2369.651760 2446.596210 2528.476361 2624.989914 2696.535881 2768.476263 2818.937882 2833.111983 2846.886673 2837.930116 2861.877536 2859.895717 2848.936544 -9999.0 -9999.0 -9999.0 -9999.0 -9999.0 -9999.0 -9999.0 -9999.0 -9999.0 -9999.0
-9999.0 -9999.0 -9999.0 -9999.0 1200.823189 1352.377102 1450.129847 1532.369750 1664.274037 1789.966352 1893.726665 1979.657458 2045.543271 2073.268380 2072.471257 2083.548671 2081.044947 2073.868023 2063.673753 2064.924021 2066.006048 2058.746364 2043.153932 2035.861696 2037.481783 2042.993136 2040.062396 2026.060119 2007.416015 1987.533062 1969.493781 1936.071424 1901.193405 1872.232453 1859.123366 1854.136362 1853.717016 1846.115449 1854.429731 1862.271542 1877.678547 1892.800670 1916.420655 1945.706204 1960.065775 1975.164787 1984.949831 2005.315316 2036.034156 2089.818776 2153.891723 2212.622541 2249.981175 2255.227365 2231.591793 2216.298607 2212.118584 2239.220140 2282.153555 2346.266410 2446.296433 2518.686489 2572.028893 2613.416575 2643.748343 2686.858244 2734.010335 2768.850052 -9999.0 -9999.0 -9999.0 -9999.0 -9999.0 -9999.0 -9999.0 -9999.0 -9999.0 -9999.0 -9999.0 -9999.0
-9999.0 -9999.0 -9999.0 -9999.0 -9999.0 -9999.0 1168.101948 1271.726114 1347.123770 1492.020463 1629.153316 1733.719650 1816.066324 1850.354437 1880.607235 1909.468357 1909.017277 1890.101991 1869.970533 1889.830225 1905.640511 1899.364194 1868.310851 1868.428060 1873.802525 1881.478301 1878.701951 1872.041057 1846.714928 1859.828439 1861.574678 1838.256455 1812.290179 1798.700870 1786.757038 1796.255480 1796.219989 1782.098049 1781.831415 1808.963690 1829.472712 1842.450800 1863.921343 1897.170581 1929.745146 1945.440684 1947.031150 1953.092036 1992.399349 2062.804247 2135.351478 2191.892833 2225.532225 2234.501994 2208.661626 2169.306529 2149.587429 2156.789487 2191.014519 2241.998243 2316.203399 2363.242367 2384.986599 2393.583239 2407.643111 2498.078086 -9999.0 -9999.0 -9999.0 -9999.0 -9999.0 -9999.0 -9999.0 -9999.0 -9999.0 -9999.0 -9999.0 -9999.0 -9999.0 -9999.0
-9999.0 -9999.0 -9999.0 -9999.0 -9999.0 -9999.0 -9999.0 -9999.0 -9999.0 -9999.0 -9999.0 -9999.0 -9999.0 -9999.0 -9999.0 -9999.0 -9999.0 -9999.0 -9999.0 -9999.0 -9999.0 -9999.0 -9999.0 -9999.0 -9999.0 -9999.0 -9999.0 -9999.0 -9999.0 -9999.0 -9999.0 -9999.0 -9999.0 -9999.0 -9999.0 -9999.0 -9999.0 -9999.0 -9999.0 -9999.0 -9999.0 -9999.0 -9999.0 -9999.0 -9999.0 -9999.0 -9999.0 -9999.0 -9999.0 -9999.0 -9999.0 -9999.0 -9999.0 -9999.0 -9999.0 -9999.0 -9999.0 -9999.0 -9999.0 -9999.0 -9999.0 -9999.0 -9999.0 -9999.0 -9999.0 -9999.0 -9999.0 -9999.0 -9999.0 -9999.0 -9999.0 -9999.0 -9999.0 -9999.0 -9999.0 -9999.0 -9999.0 -9999.0 -9999.0 -9999.0
-9999.0 -9999.0 -9999.0 -9999.0 -9999.0 -9999.0 -9999.0 -9999.0 -9999.0 -9999.0 -9999.0 -9999.0 -9999.0 -9999.0 -9999.0 -9999.0 -9999.0 -9999.0 -9999.0 -9999.0 -9999.0 -9999.0 -9999.0 -9999.0 -9999.0 -9999.0 -9999.0 -9999.0 -9999.0 -9999.0 -9999.0 -9999.0 -9999.0 -9999.0 -9999.0 -9999.0 -9999.0 -9999.0 -9999.0 -9999.0 -9999.0 -9999.0 -9999.0 -9999.0 -9999.0 -9999.0 -9999.0 -9999.0 -9999.0 -9999.0 -9999.0 -9999.0 -9999.0 -9999.0 -9999.0 -9999.0 -9999.0 -9999.0 -9999.0 -9999.0 -9999.0 -9999.0 -9999.0 -9999.0 -9999.0 -9999.0 -9999.0 -9999.0 -9999.0 -9999.0 -9999.0 -9999.0 -9999.0 -9999.0 -9999.0 -9999.0 -9999.0 -9999.0 -9999.0 -9999.0