Borden_/Borden1m_014/output_maps/psiliqL0000N0022.asc
ncols         80
nrows         18
xllcorner     620200.000000
yllcorner     5168000.000000
cellsize      1.000000
NODATA_value  -9999.0
-9999.0 -9999.0 -9999.0 -9999.0 -9999.0 -9999.0 -9999.0 -9999.0 -9999.0 -9999.0 -9999.0 -9999.0 -9999.0 -9999.0 -9999.0 -9999.0 -9999.0 -9999.0 -9999.0 -9999.0 -9999.0 -9999.0 -9999.0 -9999.0 -9999.0 -9999.0 -9999.0 -9999.0 -9999.0 -9999.0 -9999.0 -9999.0 -9999.0 -9999.0 -9999.0 -9999.0 -9999.0 -9999.0 -9999.0 -9999.0 -9999.0 -9999.0 -9999.0 -9999.0 -9999.0 -9999.0 -9999.0 -9999.0 -9999.0 -9999.0 -9999.0 -9999.0 -9999.0 -9999.0 -9999.0 -9999.0 -9999.0 -9999.0 -9999.0 -9999.0 -9999.0 -9999.0 -9999.0 -9999.0 -9999.0 -9999.0 -9999.0 -9999.0 -9999.0 -9999.0 -9999.0 -9999.0 -9999.0 -9999.0 -9999.0 -9999.0 -9999.0 -9999.0 -9999.0 -9999.0
-9999.0 -9999.0 -9999.0 -9999.0 -9999.0 -9999.0 -9999.0 -9999.0 -9999.0 -9999.0 -9999.0 -9999.0 -9999.0 -9999.0 -9999.0 -9999.0 -9999.0 -9999.0 -9999.0 -9999.0 -9999.0 -9999.0 -9999.0 -9999.0 -9999.0 -9999.0 -9999.0 -9999.0 -9999.0 -9999.0 -9999.0 -9999.0 -9999.0 -9999.0 -9999.0 -9999.0 -9999.0 -9999.0 -9999.0 -9999.0 -9999.0 -9999.0 -9999.0 -9999.0 -9999.0 -9999.0 -9999.0 -9999.0 -9999.0 -9999.0 -9999.0 -9999.0 -9999.0 -9999.0 -9999.0 -9999.0 -9999.0 -9999.0 -9999.0 -9999.0 -9999.0 -9999.0 -9999.0 -9999.0 -9999.0 -9999.0 -9999.0 -9999.0 -9999.0 -9999.0 -9999.0 -9999.0 -9999.0 -9999.0 -9999.0 -9999.0 -9999.0 -9999.0 -9999.0 -9999.0
-9999.0 -9999.0 -9999.0 -9999.0 -9999.0 -9999.0 -9999.0 -9999.0 -9999.0 -9999.0 -9999.0 -9999.0 -9999.0 -9999.0 -9999.0 -9999.0 -9999.0 -9999.0 -9999.0 -9999.0 -565.243699 -564.323192 -566.141561 -568.159073 -569.891184 -570.145662 -568.224995 -566.070040 -563.564388 -563.095103 -565.233162 -564.673674 -565.544659 -566.049791 -566.117198 -565.535720 -565.259047 -564.454662 -563.960510 -564.229265 -564.862268 -565.298026 -565.763769 -565.651023 -564.905614 -565.881561 -564.445950 -563.066491 -562.596474 -562.543047 -564.351859 -565.067300 -565.305808 -566.983765 -563.954421 -563.135833 -560.977996 -560.807396 -560.335002 -562.756551 -565.122337 -9999.0 -9999.0 -9999.0 -9999.0 -9999.0 -9999.0 -9999.0 -9999.0 -9999.0 -9999.0 -9999.0 -9999.0 -9999.0 -9999.0 -9999.0 -9999.0 -9999.0 -9999.0 -9999.0
-9999.0 -9999.0 -9999.0 -9999.0 -9999.0 -9999.0 -9999.0 -9999.0 -9999.0 -9999.0 -9999.0 -9999.0 -9999.0 -9999.0 -568.236717 -569.272699 -569.764023 -570.137976 -568.417312 -567.128785 -567.187339 -568.262017 -567.321708 -569.330808 -571.115509 -570.032504 -568.593344 -567.506568 -565.573284 -564.032556 -565.522098 -565.889616 -565.113720 -562.269673 -561.044953 -561.669294 -565.099908 -561.922660 -560.379072 -559.359667 -559.489300 -561.052252 -558.902405 -556.397097 -557.714345 -560.359461 -559.815330 -558.385811 -555.918793 -557.075875 -565.247672 -565.944396 -565.447172 -565.195302 -566.276996 -567.106395 -564.074257 -564.564888 -565.021039 -565.412031 -567.016905 -569.755236 -571.006533 -568.084366 -565.608209 -560.294553 -9999.0 -9999.0 -9999.0 -9999.0 -9999.0 -9999.0 -9999.0 -9999.0 -9999.0 -9999.0 -9999.0 -9999.0 -9999.0 -9999.0
-9999.0 -9999.0 -9999.0 -9999.0 -9999.0 -9999.0 -9999.0 -9999.0 -9999.0 -569.688406 -570.024170 -569.762240 -570.500482 -569.635682 -571.226480 -570.897005 -571.217686 -570.060150 -569.204739 -567.622495 -565.372096 -567.136746 -567.372557 -566.131142 -565.981670 -565.585792 -564.711221 -561.064519 -556.890434 -549.944778 -556.018039 -556.261676 -553.034725 -540.243583 -528.527537 -525.053975 -531.107009 -531.252785 -523.664628 -514.303656 -514.639939 -515.572354 -505.254306 -498.978558 -494.105248 -504.000300 -513.227709 -514.746297 -501.889768 -523.064340 -540.292355 -554.291112 -553.361309 -557.752069 -562.453592 -564.123339 -564.851496 -561.333317 -562.598441 -565.626826 -568.062454 -567.077261 -568.509556 -567.134941 -566.295422 -562.311681 -558.743277 -555.164526 -554.981784 -557.298943 -9999.0 -9999.0 -9999.0 -9999.0 -9999.0 -9999.0 -9999.0 -9999.0 -9999.0 -9999.0
-9999.0 -9999.0 -9999.0 -9999.0 -9999.0 -9999.0 -571.231196 -571.410063 -570.891113 -572.864461 -571.621389 -572.612968 -571.709289 -571.375773 -570.851326 -570.929425 -569.443497 -568.216471 -566.050836 -563.105491 -560.293324 -561.949318 -561.240595 -557.063142 -548.005371 -539.268470 -533.979663 -524.302592 -488.879575 -441.157355 -411.909539 -394.321511 -365.367873 -343.561819 -301.398359 -223.564541 -305.482925 -322.404894 -311.550885 -278.365820 -188.443481 -187.895717 -182.871375 -176.143656 -150.344614 -154.646551 -273.957613 -298.573613 -304.505275 -309.476158 -337.962153 -370.620890 -456.546172 -499.402026 -529.244336 -543.961184 -546.885185 -545.090904 -550.811758 -558.188609 -562.427505 -562.307325 -563.073887 -564.708796 -563.971715 -562.420599 -559.914279 -558.303694 -559.504269 -561.073090 -562.157641 -564.811927 -564.363853 -561.769098 -9999.0 -9999.0 -9999.0 -9999.0 -9999.0 -9999.0
-9999.0 -9999.0 -9999.0 -9999.0 -574.059708 -573.209180 -575.835719 -574.425192 -573.381981 -572.649627 -572.797856 -571.414441 -571.147553 -570.224166 -568.118423 -566.539227 -563.573160 -561.432749 -554.908071 -539.689106 -524.371372 -514.748738 -509.430481 -459.452401 -364.961475 -335.069287 -326.158713 -310.520180 -271.104803 -143.374926 -149.835806 -111.333141 -128.077348 -70.704300 -30.334374 1.867696 -17.272163 -21.680370 -21.193523 -13.650418 9.209072 9.640544 10.550206 10.419662 12.508895 14.394972 -4.549519 -34.544567 -44.560098 -53.115622 -68.097123 -128.734448 -238.512499 -277.624213 -296.666797 -323.781221 -362.104065 -391.983709 -482.233657 -512.775907 -535.210002 -543.152912 -550.346211 -553.680822 -558.231167 -557.389089 -556.083563 -558.333537 -561.145985 -563.792988 -563.984657 -565.108547 -566.497100 -563.102575 -562.020504 -558.366161 -9999.0 -9999.0 -9999.0 -9999.0
-9999.0 -9999.0 -574.038197 -574.091072 -571.859338 -573.392729 -574.258919 -575.557128 -575.155421 -573.072883 -569.070607 -567.558408 -564.936602 -563.672272 -557.279096 -539.380128 -517.263587 -497.486620 -427.746676 -355.961372 -321.132984 -290.832332 -200.117359 -165.424894 -119.912974 -111.451945 -52.154878 -70.541631 -10.609570 14.523904 38.743880 54.683623 56.737512 54.690631 51.990519 50.988766 49.557269 45.063361 29.250625 26.838472 33.769463 36.201746 39.076069 27.455284 23.458277 35.850320 37.876002 38.303980 40.955693 48.558518 59.460212 30.896621 -20.841556 -31.950431 -32.432181 -71.145050 -128.810902 -228.289697 -261.672403 -296.047071 -344.355871 -372.462703 -461.643657 -506.339746 -528.680213 -538.829828 -548.265709 -553.811896 -558.720467 -563.223706 -564.481405 -565.195001 -564.464636 -565.012764 -563.227430 -561.935409 -559.902609 -559.172961 -9999.0 -9999.0
-9999.0 -574.489492 -575.448990 -571.486532 -571.123440 -570.478742 -569.463514 -568.605742 -567.653642 -569.506984 -558.621860 -535.811360 -510.437743 -500.407438 -446.541155 -342.731939 -198.187095 -167.200701 -139.647293 -137.657331 -54.463458 -20.960368 5.039387 37.434738 60.497795 56.240059 51.963090 51.404811 42.264815 34.342884 25.359920 32.365208 32.365230 17.276184 5.307314 4.688937 2.316817 -19.795643 -45.917661 -57.142825 -51.359953 -31.587409 -40.480221 -61.106936 -64.827932 -45.363674 -30.696542 -39.366833 -49.932351 -37.070834 -4.569772 10.448403 26.808113 40.131624 60.155179 38.217723 6.300924 -28.173869 -77.412400 -65.090853 -170.636013 -232.809320 -284.818315 -333.187797 -369.272794 -466.850924 -513.653766 -534.027603 -548.097969 -553.004026 -555.950606 -562.284781 -563.805883 -562.324490 -563.162785 -563.250194 -562.457164 -561.857491 -9999.0 -9999.0
-9999.0 -578.274401 -574.599309 -570.590521 -565.712017 -565.461887 -546.158642 -527.321227 -521.119636 -531.313122 -477.938903 -191.879682 -131.370939 -132.238284 -81.166202 -15.096410 25.260204 45.866551 59.384386 49.506426 44.081907 45.111478 40.853713 31.822917 18.329457 11.605509 11.575965 10.479737 -5.592649 -21.736325 -37.600496 -71.435794 -50.725663 -82.812969 -111.280825 -123.119311 -133.577056 -218.293634 -263.589454 -290.426639 -300.800520 -283.489540 -292.519383 -306.937287 -309.901506 -291.605051 -261.559946 -265.449292 -255.972164 -229.739849 -185.663518 -100.344486 -81.531268 -87.558312 -24.414865 10.789361 29.079193 47.713442 54.341884 30.145218 -5.636223 -50.403782 -76.191425 -183.512229 -252.130010 -319.354171 -353.937257 -382.196499 -483.621662 -512.096284 -530.610361 -545.256037 -554.958483 -556.881349 -561.449418 -561.968070 -9999.0 -9999.0 -9999.0 -9999.0
-9999.0 -578.177427 -574.564282 -566.685062 -547.256040 -513.172006 -364.158718 -262.887343 -81.540654 -148.001412 -22.038487 46.733176 52.951090 37.131616 10.379499 6.818769 15.814815 17.822604 13.479705 4.888584 -3.286886 -35.328344 -9.628840 -16.250746 -28.311577 -42.004295 -52.607245 -62.203310 -151.911500 -186.752972 -214.004708 -233.398339 -267.456613 -330.321603 -349.781426 -365.492066 -451.933299 -466.826719 -480.273622 -500.747214 -508.787950 -513.876321 -506.883204 -508.864301 -509.610078 -505.247875 -493.254819 -482.472137 -426.832313 -369.420362 -347.915662 -317.119779 -290.345037 -246.286815 -196.183218 -94.247260 -68.208744 -41.952966 -30.413935 30.953074 51.139256 43.683227 16.186529 -16.332018 -72.126321 -183.293196 -227.248053 -280.007089 -329.964003 -357.870096 -379.098056 -465.548062 -515.658353 -542.804288 -549.377474 -9999.0 -9999.0 -9999.0 -9999.0 -9999.0
-9999.0 -583.143506 -573.901448 -567.459857 -530.802581 -354.778432 -281.311345 -8.262255 40.807596 -26.081954 -149.329446 -65.151550 -32.180183 -33.236119 -57.246358 -65.816617 -72.124441 -73.102743 -60.253904 -86.622637 -164.215372 -182.292986 -184.411376 -198.798953 -225.235368 -246.816443 -262.230392 -281.314500 -321.026061 -346.206563 -388.425186 -440.259223 -504.148839 -528.835612 -540.422540 -550.269017 -558.937794 -558.711980 -556.006303 -558.339495 -560.761411 -563.391537 -560.285607 -558.920192 -557.538696 -559.292441 -558.900480 -554.651312 -547.320902 -538.571545 -523.944595 -501.666376 -464.052723 -372.866159 -353.723845 -323.133559 -289.389137 -241.518683 -168.865729 -48.246010 -21.851255 6.268488 41.768340 60.291041 22.551590 -11.430239 -62.331555 -97.779635 -219.555586 -276.572366 -301.817329 -329.059071 -359.727857 -9999.0 -9999.0 -9999.0 -9999.0 -9999.0 -9999.0 -9999.0
-9999.0 -586.285054 -576.003270 -574.354683 -562.544424 -535.025147 -475.953942 -350.337400 -192.045939 -319.159185 -330.224423 -315.052563 -295.658374 -278.968322 -296.987888 -318.768811 -332.613139 -329.397858 -327.462606 -340.304288 -354.624301 -361.384512 -362.593934 -374.317007 -428.073736 -456.798943 -470.257369 -489.546386 -509.253597 -527.793829 -549.086103 -557.889252 -563.782510 -565.703279 -567.106259 -568.607913 -571.720092 -569.966192 -568.643712 -568.993881 -569.996329 -570.793775 -568.508262 -567.787974 -567.075974 -569.267119 -567.824767 -566.621119 -563.772697 -560.865572 -556.547944 -549.822174 -540.491184 -532.985778 -526.377476 -514.102095 -491.190378 -400.841128 -340.630587 -264.671722 -191.727630 -99.054979 -52.442552 -18.955392 0.731684 8.986805 18.320698 1.420185 -53.141922 -195.185487 -239.806690 -9999.0 -9999.0 -9999.0 -9999.0 -9999.0 -9999.0 -9999.0 -9999.0 -9999.0
-9999.0 -9999.0 -588.184699 -583.863068 -579.901527 -576.226167 -571.105521 -563.911454 -558.824989 -551.503276 -539.971544 -525.588345 -515.187021 -509.895192 -517.044504 -530.178651 -537.121972 -536.537359 -538.304884 -541.868521 -548.104959 -550.545513 -552.065507 -553.259008 -555.672767 -556.648570 -557.026146 -557.818311 -559.599207 -563.636687 -567.093784 -569.352908 -571.936990 -571.706423 -572.083747 -573.015520 -572.225293 -572.409892 -572.162361 -572.325125 -572.142566 -571.746988 -571.276868 -570.617530 -570.634162 -570.470869 -570.255156 -569.537858 -568.438377 -567.014138 -564.070172 -559.561999 -556.015974 -555.157357 -557.096336 -556.438886 -553.709421 -546.940741 -521.301276 -458.107384 -358.244190 -311.620533 -244.095901 -189.363005 -133.090883 -103.368350 -45.956866 0.634067 0.517331 -104.688371 -9999.0 -9999.0 -9999.0 -9999.0 -9999.0 -9999.0 -9999.0 -9999.0 -9999.0 -9999.0
-9999.0 -9999.0 -9999.0 -9999.0 -589.648734 -583.851357 -578.590743 -579.165774 -575.516306 -573.519350 -571.658356 -569.326114 -567.431426 -566.080986 -567.980255 -568.474419 -568.834417 -568.485820 -568.821500 -569.343583 -569.606745 -569.883968 -570.093054 -570.502474 -570.350042 -569.975409 -569.854158 -570.538345 -570.449365 -571.817323 -571.959752 -572.679253 -573.389748 -574.251544 -574.035101 -574.148844 -573.741227 -574.161049 -573.507226 -573.950019 -573.491023 -573.308473 -572.761474 -571.851600 -572.303823 -571.774981 -571.782242 -571.087545 -570.928931 -569.142571 -566.152357 -562.599770 -560.137270 -560.277730 -563.562100 -564.818220 -565.582719 -563.539736 -560.020460 -551.952216 -527.575260 -496.114297 -398.481710 -354.210991 -333.148190 -297.946725 -229.444247 -128.776863 -9999.0 -9999.0 -9999.0 -9999.0 -9999.0 -9999.0 -9999.0 -9999.0 -9999.0 -9999.0 -9999.0 -9999.0
-9999.0 -9999.0 -9999.0 -9999.0 -9999.0 -9999.0 -587.319425 -584.529784 -585.273405 -583.398898 -581.805876 -580.528588 -578.384433 -578.840086 -578.311781 -576.542277 -576.829291 -577.649688 -578.692831 -577.111228 -576.480799 -576.285408 -578.007315 -577.511068 -577.361130 -576.680213 -576.750382 -576.434174 -577.945327 -576.178099 -575.332371 -575.636444 -575.926340 -575.568350 -575.954637 -574.814163 -574.679348 -575.582289 -575.842021 -574.570723 -574.248588 -574.475409 -574.265750 -573.443521 -572.201778 -572.061842 -572.677544 -573.544818 -572.304514 -569.448751 -566.266827 -563.432994 -561.540576 -560.838621 -563.522407 -567.120675 -568.891241 -569.166799 -567.764915 -565.041878 -558.001570 -552.883611 -548.325746 -541.182415 -533.410251 -491.392339 -9999.0 -9999.0 -9999.0 -9999.0 -9999.0 -9999.0 -9999.0 -9999.0 -9999.0 -9999.0 -9999.0 -9999.0 -9999.0 -9999.0
-9999.0 -9999.0 -9999.0 -9999.0 -9999.0 -9999.0 -9999.0 -9999.0 -9999.0 -9999.0 -9999.0 -9999.0 -9999.0 -9999.0 -9999.0 -9999.0 -9999.0 -9999.0 -9999.0 -9999.0 -9999.0 -9999.0 -9999.0 -9999.0 -9999.0 -9999.0 -9999.0 -9999.0 -9999.0 -9999.0 -9999.0 -9999.0 -9999.0 -9999.0 -9999.0 -9999.0 -9999.0 -9999.0 -9999.0 -9999.0 -9999.0 -9999.0 -9999.0 -9999.0 -9999.0 -9999.0 -9999.0 -9999.0 -9999.0 -9999.0 -9999.0 -9999.0 -9999.0 -9999.0 -9999.0 -9999.0 -9999.0 -9999.0 -9999.0 -9999.0 -9999.0 -9999.0 -9999.0 -9999.0 -9999.0 -9999.0 -9999.0 -9999.0 -9999.0 -9999.0 -9999.0 -9999.0 -9999.0 -9999.0 -9999.0 -9999.0 -9999.0 -9999.0 -9999.0 -9999.0
-9999.0 -9999.0 -9999.0 -9999.0 -9999.0 -9999.0 -9999.0 -9999.0 -9999.0 -9999.0 -9999.0 -9999.0 -9999.0 -9999.0 -9999.0 -9999.0 -9999.0 -9999.0 -9999.0 -9999.0 -9999.0 -9999.0 -9999.0 -9999.0 -9999.0 -9999.0 -9999.0 -9999.0 -9999.0 -9999.0 -9999.0 -9999.0 -9999.0 -9999.0 -9999.0 -9999.0 -9999.0 -9999.0 -9999.0 -9999.0 -9999.0 -9999.0 -9999.0 -9999.0 -9999.0 -9999.0 -9999.0 -9999.0 -9999.0 -9999.0 -9999.0 -9999.0 -9999.0 -9999.0 -9999.0 -9999.0 -9999.0 -9999.0 -9999.0 -9999.0 -9999.0 -9999.0 -9999.0 -9999.0 -9999.0 -9999.0 -9999.0 -9999.0 -9999.0 -9999.0 -9999.0 -9999.0 -9999.0 -9999.0 -9999.0 -9999.0 -9999.0 -9999.0 -9999.0 -9999.0