Borden_/Borden1m_014/output_maps/psiliqL0020N0039.asc
ncols         80
nrows         18
xllcorner     620200.000000
yllcorner     5168000.000000
cellsize      1.000000
NODATA_value  -9999.0
-9999.0 -9999.0 -9999.0 -9999.0 -9999.0 -9999.0 -9999.0 -9999.0 -9999.0 -9999.0 -9999.0 -9999.0 -9999.0 -9999.0 -9999.0 -9999.0 -9999.0 -9999.0 -9999.0 -9999.0 -9999.0 -9999.0 -9999.0 -9999.0 -9999.0 -9999.0 -9999.0 -9999.0 -9999.0 -9999.0 -9999.0 -9999.0 -9999.0 -9999.0 -9999.0 -9999.0 -9999.0 -9999.0 -9999.0 -9999.0 -9999.0 -9999.0 -9999.0 -9999.0 -9999.0 -9999.0 -9999.0 -9999.0 -9999.0 -9999.0 -9999.0 -9999.0 -9999.0 -9999.0 -9999.0 -9999.0 -9999.0 -9999.0 -9999.0 -9999.0 -9999.0 -9999.0 -9999.0 -9999.0 -9999.0 -9999.0 -9999.0 -9999.0 -9999.0 -9999.0 -9999.0 -9999.0 -9999.0 -9999.0 -9999.0 -9999.0 -9999.0 -9999.0 -9999.0 -9999.0
-9999.0 -9999.0 -9999.0 -9999.0 -9999.0 -9999.0 -9999.0 -9999.0 -9999.0 -9999.0 -9999.0 -9999.0 -9999.0 -9999.0 -9999.0 -9999.0 -9999.0 -9999.0 -9999.0 -9999.0 -9999.0 -9999.0 -9999.0 -9999.0 -9999.0 -9999.0 -9999.0 -9999.0 -9999.0 -9999.0 -9999.0 -9999.0 -9999.0 -9999.0 -9999.0 -9999.0 -9999.0 -9999.0 -9999.0 -9999.0 -9999.0 -9999.0 -9999.0 -9999.0 -9999.0 -9999.0 -9999.0 -9999.0 -9999.0 -9999.0 -9999.0 -9999.0 -9999.0 -9999.0 -9999.0 -9999.0 -9999.0 -9999.0 -9999.0 -9999.0 -9999.0 -9999.0 -9999.0 -9999.0 -9999.0 -9999.0 -9999.0 -9999.0 -9999.0 -9999.0 -9999.0 -9999.0 -9999.0 -9999.0 -9999.0 -9999.0 -9999.0 -9999.0 -9999.0 -9999.0
-9999.0 -9999.0 -9999.0 -9999.0 -9999.0 -9999.0 -9999.0 -9999.0 -9999.0 -9999.0 -9999.0 -9999.0 -9999.0 -9999.0 -9999.0 -9999.0 -9999.0 -9999.0 -9999.0 -9999.0 2157.508658 2160.054130 2139.476448 2107.238576 2081.063178 2085.184249 2121.125607 2164.270618 2205.204100 2216.130099 2199.797993 2204.895270 2202.097765 2200.600433 2203.337675 2212.085669 2219.167516 2230.960651 2240.263147 2240.681771 2235.674988 2231.978393 2234.202311 2236.661105 2242.005917 2228.264895 2241.661020 2255.157062 2257.480730 2250.591507 2222.154921 2205.379249 2193.746993 2175.142565 2197.772222 2206.831476 2226.912514 2228.705463 2224.746358 2196.426822 2165.435575 -9999.0 -9999.0 -9999.0 -9999.0 -9999.0 -9999.0 -9999.0 -9999.0 -9999.0 -9999.0 -9999.0 -9999.0 -9999.0 -9999.0 -9999.0 -9999.0 -9999.0 -9999.0 -9999.0
-9999.0 -9999.0 -9999.0 -9999.0 -9999.0 -9999.0 -9999.0 -9999.0 -9999.0 -9999.0 -9999.0 -9999.0 -9999.0 -9999.0 2062.661878 2054.691903 2053.617335 2063.352082 2098.107821 2129.615159 2141.669713 2135.463652 2136.967278 2114.651927 2095.002927 2110.555299 2142.462727 2175.670648 2211.842243 2232.890573 2223.966820 2223.575441 2233.626751 2257.792131 2269.545892 2267.690518 2250.377513 2276.081412 2292.375072 2300.726942 2301.353239 2293.688812 2305.037279 2319.835506 2312.299685 2295.088522 2301.729276 2313.001863 2321.718298 2307.791338 2243.517120 2224.740516 2217.750404 2209.367172 2192.970176 2185.332961 2209.597911 2206.571315 2196.416380 2176.899347 2142.458755 2096.925708 2076.487651 2114.078767 2155.823010 2210.765903 -9999.0 -9999.0 -9999.0 -9999.0 -9999.0 -9999.0 -9999.0 -9999.0 -9999.0 -9999.0 -9999.0 -9999.0 -9999.0 -9999.0
-9999.0 -9999.0 -9999.0 -9999.0 -9999.0 -9999.0 -9999.0 -9999.0 -9999.0 1999.790875 2006.196796 2015.104879 2019.577449 2036.865077 2035.209310 2044.023953 2051.678360 2080.969113 2113.229302 2149.324933 2178.622970 2171.658771 2173.034826 2181.911307 2183.030442 2195.398457 2219.100223 2260.844475 2298.137278 2338.478547 2309.832686 2308.364159 2328.407949 2373.832845 2402.671659 2407.952506 2390.989094 2405.525727 2431.733652 2452.646290 2452.766328 2450.089166 2475.188410 2489.514665 2486.240338 2464.477855 2456.974027 2458.749366 2483.191096 2429.489065 2360.619968 2313.382698 2320.239037 2292.314469 2257.834045 2238.881925 2235.017848 2252.779743 2236.575283 2198.144043 2161.259203 2147.663149 2128.047667 2144.515743 2164.720753 2208.302219 2245.259598 2271.721237 2268.806607 2249.805922 -9999.0 -9999.0 -9999.0 -9999.0 -9999.0 -9999.0 -9999.0 -9999.0 -9999.0 -9999.0
-9999.0 -9999.0 -9999.0 -9999.0 -9999.0 -9999.0 1918.024576 1929.403794 1951.734097 1956.983866 1984.871199 1993.417554 2015.734773 2036.523371 2060.553527 2077.786046 2108.006450 2141.981698 2182.572948 2225.392000 2258.314710 2252.305416 2263.181280 2289.668409 2324.673051 2351.194553 2377.914048 2419.525264 2496.095645 2537.745288 2540.010487 2544.787208 2555.269233 2605.767049 2670.135300 2682.085980 2662.835873 2650.818517 2674.745330 2713.723631 2717.943498 2720.015677 2735.011962 2745.609360 2771.150514 2759.256817 2717.381093 2705.258484 2706.166403 2684.024796 2616.317772 2553.127030 2523.577414 2471.526885 2387.311201 2335.865825 2347.778130 2367.494644 2338.941725 2284.594664 2244.093925 2232.645262 2216.118025 2202.595382 2208.635265 2226.095248 2245.510912 2254.373180 2238.662352 2215.007342 2190.550019 2160.352909 2161.227856 2185.442461 -9999.0 -9999.0 -9999.0 -9999.0 -9999.0 -9999.0
-9999.0 -9999.0 -9999.0 -9999.0 1865.804932 1880.077430 1868.424258 1896.239648 1931.056507 1967.533410 1999.988489 2037.535354 2066.128534 2097.933469 2137.735478 2169.166330 2209.403816 2244.948445 2299.106912 2367.010786 2418.004372 2439.596122 2454.335097 2511.649892 2572.846664 2625.254780 2648.003381 2677.433375 2725.677177 2786.685205 2813.664427 2820.002136 2838.154448 2877.770714 2929.633944 2864.968789 2846.877540 2838.856887 2846.964036 2859.740130 2882.362223 2882.984750 2884.218682 2887.433158 2893.521825 2892.405936 2867.708147 2836.208911 2922.263369 2910.366069 2874.506528 2801.779411 2763.867467 2731.161223 2689.699284 2633.979731 2575.086333 2564.456582 2505.624724 2445.895938 2386.061925 2366.908313 2337.090545 2311.990033 2284.418570 2286.192540 2288.333500 2265.386493 2229.720637 2195.074175 2178.307640 2158.075518 2145.369348 2174.709086 2191.307668 2220.470662 -9999.0 -9999.0 -9999.0 -9999.0
-9999.0 -9999.0 1803.799038 1851.929214 1910.729146 1920.466425 1920.160500 1927.700322 1958.630966 2013.037581 2086.065028 2133.440673 2172.976984 2209.116241 2269.060227 2343.001263 2412.380248 2460.423121 2524.163950 2597.232134 2660.929699 2692.698977 2708.729291 2751.625447 2808.516249 2875.894102 2905.419984 2933.861894 2861.757354 2894.494296 2896.093529 2908.501366 2919.071117 2927.077053 2937.561329 2940.711590 2936.380059 2931.693313 2914.968750 2910.559415 2917.293767 2922.456108 2924.236859 2910.296023 2906.414693 2920.742302 2924.351228 2922.975996 2924.414918 2928.694073 2927.924984 2884.262324 2856.845142 2843.426625 2931.066152 2883.567048 2815.498656 2775.696502 2751.753824 2703.698742 2624.499978 2575.532265 2525.927240 2479.911606 2427.982740 2399.722031 2353.484791 2309.717763 2261.250592 2213.082927 2188.188160 2169.754439 2166.573287 2165.266363 2180.874866 2195.163590 2209.780625 2217.166365 -9999.0 -9999.0
-9999.0 1696.642581 1769.002468 1894.330953 1975.425988 2019.345621 2043.552905 2061.143819 2092.822971 2126.839770 2226.661878 2300.899708 2391.440868 2433.069438 2482.956283 2580.707058 2678.508230 2729.793885 2772.104692 2834.639947 2899.674141 2848.141747 2873.456843 2868.383011 2904.786113 2926.016988 2931.665147 2936.854891 2933.369870 2925.183358 2917.561441 2924.175155 2922.583878 2903.689614 2887.786238 2885.524623 2881.416568 2859.623188 2933.776661 2918.307970 2920.172198 2844.534777 2932.244486 2911.027186 2907.094800 2929.007792 2847.272936 2837.813544 2929.029204 2842.766945 2875.378503 2898.346306 2904.123154 2921.702706 2942.362805 2914.919631 2889.970050 2849.372124 2932.837046 2902.210268 2841.114517 2780.055255 2723.332355 2659.928622 2593.689186 2528.102067 2464.344086 2400.694036 2334.367609 2292.436125 2261.454701 2212.999226 2194.329901 2196.776226 2188.096557 2184.447391 2189.304239 2195.085729 -9999.0 -9999.0
-9999.0 1608.513943 1749.801043 1932.351071 2080.609889 2134.049436 2220.242003 2293.062374 2319.792256 2284.123519 2393.236316 2615.525787 2734.959927 2757.839616 2835.088569 2837.258265 2836.639718 2867.495352 2889.831874 2907.472718 2921.818930 2932.313762 2930.529841 2925.091916 2909.773439 2902.138864 2902.866847 2900.590603 2883.325272 2864.236951 2846.917165 2844.742607 2927.789929 2878.295012 2842.243795 2822.095954 2802.429097 2784.384357 2755.040107 2727.959982 2709.958211 2723.377842 2720.804543 2703.874118 2700.050598 2722.705180 2753.396625 2751.682674 2764.575441 2786.144640 2826.236102 2867.819671 2891.906701 2923.950853 2855.108836 2898.993078 2911.100521 2933.184843 2936.869824 2922.162795 2879.060740 2928.758956 2891.633147 2825.396661 2751.026696 2668.378378 2601.250733 2536.572161 2465.389597 2420.150018 2375.008110 2319.423768 2270.481630 2253.873595 2215.800425 2197.620468 -9999.0 -9999.0 -9999.0 -9999.0
-9999.0 1518.280697 1702.544345 1952.498563 2239.603452 2334.832056 2542.163919 2671.509603 2726.606681 2800.532527 2737.401756 2840.866210 2882.492514 2877.003025 2884.618492 2886.525937 2900.942785 2902.221310 2898.036182 2888.002893 2879.324303 2875.409566 2874.217571 2866.474364 2854.058501 2840.967245 2930.802211 2916.278885 2876.100664 2840.582173 2800.244812 2783.775011 2740.894458 2644.250768 2600.525126 2560.646519 2500.043333 2496.582795 2496.048303 2468.233496 2449.423152 2424.185741 2449.887080 2458.968258 2462.693019 2461.678039 2475.623038 2504.170763 2552.290314 2590.152362 2634.884040 2688.324514 2726.609801 2771.240783 2816.226942 2873.284975 2908.651116 2941.289461 2882.261477 2918.114467 2939.191029 2928.318417 2905.699619 2863.154385 2881.668984 2811.703431 2757.264856 2678.347644 2612.384667 2560.175795 2514.402815 2465.597140 2404.199127 2338.158271 2299.492210 -9999.0 -9999.0 -9999.0 -9999.0 -9999.0
-9999.0 1317.730872 1583.781429 1861.689708 2158.125260 2495.851536 2653.552980 2771.673333 2845.759584 2826.134595 2846.036146 2864.556959 2827.052030 2834.565211 2904.099033 2894.196172 2881.003109 2881.065696 2893.957215 2866.751553 2836.472736 2822.597835 2822.197214 2810.354578 2786.152798 2769.278319 2758.570944 2736.561225 2685.793894 2632.462925 2547.007876 2512.006364 2431.783833 2383.238807 2340.746865 2290.384886 2240.390465 2241.235687 2261.596270 2249.337343 2227.880571 2210.014844 2238.095669 2258.450739 2271.761774 2258.614037 2267.286086 2303.079215 2352.837527 2397.636385 2447.389834 2502.983951 2549.314454 2596.125879 2626.464087 2675.076379 2726.235955 2774.164347 2848.260308 2929.483601 2861.671274 2894.094495 2925.057173 2942.805570 2898.966005 2864.349851 2832.901850 2804.055259 2727.080721 2676.909847 2647.788710 2607.256899 2554.286280 -9999.0 -9999.0 -9999.0 -9999.0 -9999.0 -9999.0 -9999.0
-9999.0 1198.214562 1404.897934 1616.514636 1885.046083 2121.127334 2332.084575 2435.873198 2516.827419 2574.397405 2622.778274 2662.615198 2695.683395 2721.127115 2702.850495 2660.110080 2630.269549 2634.740191 2627.862121 2604.538889 2575.033137 2560.154662 2556.691380 2549.990751 2526.372876 2512.878063 2502.493938 2479.085024 2448.506475 2392.471726 2314.705408 2239.510880 2180.854233 2153.452782 2125.526843 2094.176751 2061.859992 2072.477581 2084.149491 2082.328052 2073.663730 2072.158837 2101.235074 2120.601065 2130.790653 2120.161994 2139.742550 2165.903717 2207.010708 2251.080044 2300.694012 2355.745917 2409.762155 2438.024852 2449.923169 2472.251522 2510.009968 2562.753157 2647.728599 2743.983423 2823.243533 2871.820842 2922.183705 2861.658402 2882.464337 2904.916047 2909.847728 2880.873078 2834.670822 2807.344095 2727.097899 -9999.0 -9999.0 -9999.0 -9999.0 -9999.0 -9999.0 -9999.0 -9999.0 -9999.0
-9999.0 -9999.0 1175.340592 1341.197398 1460.494643 1632.643776 1780.086814 1890.398663 1987.356762 2116.819425 2232.631959 2323.969709 2370.791124 2389.481077 2377.330259 2348.374002 2329.433105 2329.082657 2317.731696 2308.221078 2289.926938 2282.235378 2269.465600 2260.888825 2252.851645 2248.700611 2243.794566 2233.147079 2212.340148 2166.534153 2121.653804 2072.204211 2020.636337 1995.676704 1974.316653 1953.845134 1954.157286 1949.201780 1954.303554 1956.292921 1964.329407 1977.624211 1997.465648 2020.027473 2030.101017 2040.043917 2052.571890 2076.372204 2109.411783 2152.208385 2206.937254 2266.047480 2306.941267 2320.115230 2310.028012 2313.802020 2331.575339 2371.635270 2448.134872 2529.258314 2624.828128 2695.214652 2765.496018 2814.119475 2826.070797 2837.550296 2837.354462 2855.639391 2845.632891 2835.556558 -9999.0 -9999.0 -9999.0 -9999.0 -9999.0 -9999.0 -9999.0 -9999.0 -9999.0 -9999.0
-9999.0 -9999.0 -9999.0 -9999.0 1201.606728 1353.205852 1451.050785 1533.404471 1665.533274 1791.581606 1895.808273 1982.212049 2048.434630 2076.321145 2075.505417 2086.401767 2083.608907 2076.086511 2065.518773 2066.404923 2067.190882 2059.744339 2044.080356 2036.829757 2038.569937 2044.240625 2041.473350 2027.610892 2009.059485 1989.197784 1971.114281 1937.623866 1902.676801 1873.641367 1860.452189 1855.397996 1854.947522 1847.361215 1855.729555 1863.647070 1879.132519 1894.322354 1917.991997 1947.307752 1961.688272 1976.805793 1986.619262 2007.038446 2037.853680 2091.777784 2156.025518 2214.946137 2252.497900 2257.873847 2234.286560 2218.971275 2214.720227 2241.703085 2284.403611 2348.095924 2447.419143 2518.581775 2570.432461 2610.044966 2638.355222 2678.708244 2722.921519 2756.468330 -9999.0 -9999.0 -9999.0 -9999.0 -9999.0 -9999.0 -9999.0 -9999.0 -9999.0 -9999.0 -9999.0 -9999.0
-9999.0 -9999.0 -9999.0 -9999.0 -9999.0 -9999.0 1169.160056 1272.895438 1348.501754 1493.704346 1631.207242 1736.156171 1818.791147 1853.232008 1883.498285 1912.238101 1911.566947 1892.377277 1871.950282 1891.525058 1907.099165 1900.663225 1869.533038 1869.659516 1875.103603 1882.879555 1880.206931 1873.630166 1848.349431 1861.456272 1863.151693 1839.762181 1813.719515 1800.052333 1788.036549 1797.477012 1797.409924 1783.288381 1783.049912 1810.229909 1830.792574 1843.820583 1865.331887 1898.612200 1931.214097 1946.939068 1948.570181 1954.693375 1994.094077 2064.636884 2137.355547 2194.083455 2227.914043 2237.029183 2211.273737 2171.947938 2152.228518 2159.403147 2193.536231 2244.285352 2317.973025 2364.111154 2384.595841 2391.649496 2403.974139 2492.716164 -9999.0 -9999.0 -9999.0 -9999.0 -9999.0 -9999.0 -9999.0 -9999.0 -9999.0 -9999.0 -9999.0 -9999.0 -9999.0 -9999.0
-9999.0 -9999.0 -9999.0 -9999.0 -9999.0 -9999.0 -9999.0 -9999.0 -9999.0 -9999.0 -9999.0 -9999.0 -9999.0 -9999.0 -9999.0 -9999.0 -9999.0 -9999.0 -9999.0 -9999.0 -9999.0 -9999.0 -9999.0 -9999.0 -9999.0 -9999.0 -9999.0 -9999.0 -9999.0 -9999.0 -9999.0 -9999.0 -9999.0 -9999.0 -9999.0 -9999.0 -9999.0 -9999.0 -9999.0 -9999.0 -9999.0 -9999.0 -9999.0 -9999.0 -9999.0 -9999.0 -9999.0 -9999.0 -9999.0 -9999.0 -9999.0 -9999.0 -9999.0 -9999.0 -9999.0 -9999.0 -9999.0 -9999.0 -9999.0 -9999.0 -9999.0 -9999.0 -9999.0 -9999.0 -9999.0 -9999.0 -9999.0 -9999.0 -9999.0 -9999.0 -9999.0 -9999.0 -9999.0 -9999.0 -9999.0 -9999.0 -9999.0 -9999.0 -9999.0 -9999.0
-9999.0 -9999.0 -9999.0 -9999.0 -9999.0 -9999.0 -9999.0 -9999.0 -9999.0 -9999.0 -9999.0 -9999.0 -9999.0 -9999.0 -9999.0 -9999.0 -9999.0 -9999.0 -9999.0 -9999.0 -9999.0 -9999.0 -9999.0 -9999.0 -9999.0 -9999.0 -9999.0 -9999.0 -9999.0 -9999.0 -9999.0 -9999.0 -9999.0 -9999.0 -9999.0 -9999.0 -9999.0 -9999.0 -9999.0 -9999.0 -9999.0 -9999.0 -9999.0 -9999.0 -9999.0 -9999.0 -9999.0 -9999.0 -9999.0 -9999.0 -9999.0 -9999.0 -9999.0 -9999.0 -9999.0 -9999.0 -9999.0 -9999.0 -9999.0 -9999.0 -9999.0 -9999.0 -9999.0 -9999.0 -9999.0 -9999.0 -9999.0 -9999.0 -9999.0 -9999.0 -9999.0 -9999.0 -9999.0 -9999.0 -9999.0 -9999.0 -9999.0 -9999.0 -9999.0 -9999.0