Borden_/Borden1m_014/output_maps/psiliqL0014N0037.asc
ncols         80
nrows         18
xllcorner     620200.000000
yllcorner     5168000.000000
cellsize      1.000000
NODATA_value  -9999.0
-9999.0 -9999.0 -9999.0 -9999.0 -9999.0 -9999.0 -9999.0 -9999.0 -9999.0 -9999.0 -9999.0 -9999.0 -9999.0 -9999.0 -9999.0 -9999.0 -9999.0 -9999.0 -9999.0 -9999.0 -9999.0 -9999.0 -9999.0 -9999.0 -9999.0 -9999.0 -9999.0 -9999.0 -9999.0 -9999.0 -9999.0 -9999.0 -9999.0 -9999.0 -9999.0 -9999.0 -9999.0 -9999.0 -9999.0 -9999.0 -9999.0 -9999.0 -9999.0 -9999.0 -9999.0 -9999.0 -9999.0 -9999.0 -9999.0 -9999.0 -9999.0 -9999.0 -9999.0 -9999.0 -9999.0 -9999.0 -9999.0 -9999.0 -9999.0 -9999.0 -9999.0 -9999.0 -9999.0 -9999.0 -9999.0 -9999.0 -9999.0 -9999.0 -9999.0 -9999.0 -9999.0 -9999.0 -9999.0 -9999.0 -9999.0 -9999.0 -9999.0 -9999.0 -9999.0 -9999.0
-9999.0 -9999.0 -9999.0 -9999.0 -9999.0 -9999.0 -9999.0 -9999.0 -9999.0 -9999.0 -9999.0 -9999.0 -9999.0 -9999.0 -9999.0 -9999.0 -9999.0 -9999.0 -9999.0 -9999.0 -9999.0 -9999.0 -9999.0 -9999.0 -9999.0 -9999.0 -9999.0 -9999.0 -9999.0 -9999.0 -9999.0 -9999.0 -9999.0 -9999.0 -9999.0 -9999.0 -9999.0 -9999.0 -9999.0 -9999.0 -9999.0 -9999.0 -9999.0 -9999.0 -9999.0 -9999.0 -9999.0 -9999.0 -9999.0 -9999.0 -9999.0 -9999.0 -9999.0 -9999.0 -9999.0 -9999.0 -9999.0 -9999.0 -9999.0 -9999.0 -9999.0 -9999.0 -9999.0 -9999.0 -9999.0 -9999.0 -9999.0 -9999.0 -9999.0 -9999.0 -9999.0 -9999.0 -9999.0 -9999.0 -9999.0 -9999.0 -9999.0 -9999.0 -9999.0 -9999.0
-9999.0 -9999.0 -9999.0 -9999.0 -9999.0 -9999.0 -9999.0 -9999.0 -9999.0 -9999.0 -9999.0 -9999.0 -9999.0 -9999.0 -9999.0 -9999.0 -9999.0 -9999.0 -9999.0 -9999.0 948.156621 951.104136 929.743916 897.008729 870.171517 873.644259 909.606603 952.357824 992.421868 1003.834864 987.280144 991.030013 987.660745 987.538080 991.006964 998.772829 1003.930939 1016.127100 1025.721765 1026.606829 1021.765954 1017.662935 1018.627569 1021.835508 1026.857693 1015.119317 1027.839331 1041.581609 1045.130702 1037.998233 1008.823943 991.225821 980.255984 962.801359 985.430228 995.489649 1016.622049 1019.281923 1016.242334 988.099776 957.281001 -9999.0 -9999.0 -9999.0 -9999.0 -9999.0 -9999.0 -9999.0 -9999.0 -9999.0 -9999.0 -9999.0 -9999.0 -9999.0 -9999.0 -9999.0 -9999.0 -9999.0 -9999.0 -9999.0
-9999.0 -9999.0 -9999.0 -9999.0 -9999.0 -9999.0 -9999.0 -9999.0 -9999.0 -9999.0 -9999.0 -9999.0 -9999.0 -9999.0 854.811729 845.965002 844.253433 853.796013 888.462603 919.550329 932.020085 925.459212 926.656405 904.332917 885.094196 900.595323 932.045448 965.525616 1001.970968 1023.891297 1014.020053 1013.179350 1024.211277 1050.732193 1064.724620 1063.090538 1044.458324 1069.077858 1086.364124 1096.587830 1097.739230 1090.643359 1104.325694 1120.150673 1112.842173 1094.736056 1098.501280 1108.808253 1119.102759 1103.052741 1036.931554 1015.187948 1008.494264 999.506265 983.309023 974.995279 998.579151 997.015382 987.194190 967.802039 933.945889 888.986984 869.467849 906.986754 949.676571 1006.024686 -9999.0 -9999.0 -9999.0 -9999.0 -9999.0 -9999.0 -9999.0 -9999.0 -9999.0 -9999.0 -9999.0 -9999.0 -9999.0 -9999.0
-9999.0 -9999.0 -9999.0 -9999.0 -9999.0 -9999.0 -9999.0 -9999.0 -9999.0 794.123923 799.357085 807.678726 811.158586 827.947756 826.516879 834.829836 843.227675 871.577420 904.018357 940.441846 970.441551 962.860369 964.923249 976.667204 981.871091 995.783782 1019.634717 1062.577144 1104.863180 1147.900477 1121.047002 1120.311041 1140.934923 1189.380422 1223.692740 1231.778123 1214.665654 1224.719821 1252.032319 1276.808369 1279.111569 1278.653218 1304.299691 1318.210595 1318.825924 1297.632975 1282.864429 1280.787863 1303.364230 1249.428591 1180.523096 1127.554451 1128.913906 1096.548754 1056.227720 1033.678731 1028.661987 1047.109344 1030.080300 990.921513 952.845290 940.259701 921.324208 936.874947 957.581490 1002.440117 1039.842000 1066.941417 1065.222220 1046.804692 -9999.0 -9999.0 -9999.0 -9999.0 -9999.0 -9999.0 -9999.0 -9999.0 -9999.0 -9999.0
-9999.0 -9999.0 -9999.0 -9999.0 -9999.0 -9999.0 713.693541 723.921149 745.156807 750.840858 777.335239 786.021328 808.048277 828.828544 851.952968 870.193005 902.102653 936.843803 979.682396 1024.988352 1059.400325 1056.616851 1069.250426 1101.923492 1142.970338 1174.246549 1201.900769 1244.847528 1323.475623 1367.823416 1376.912142 1382.853637 1393.314878 1441.990108 1505.859697 1521.377574 1502.471384 1489.538904 1511.655068 1550.305625 1559.801944 1563.138084 1573.976255 1583.367921 1608.423844 1597.735428 1555.576419 1538.506606 1533.527423 1515.222710 1453.109591 1388.505776 1352.222172 1300.839620 1215.975692 1158.398372 1161.979480 1177.479675 1145.497701 1088.773905 1044.893210 1031.582700 1014.143806 998.590584 1002.623883 1019.677197 1039.965542 1049.171938 1034.403127 1011.804965 987.653086 957.854100 958.913726 983.620896 -9999.0 -9999.0 -9999.0 -9999.0 -9999.0 -9999.0
-9999.0 -9999.0 -9999.0 -9999.0 662.646149 676.190112 664.905273 690.976512 724.860925 760.371057 793.883259 832.567049 861.817245 894.141345 936.919511 974.242376 1019.177523 1057.418014 1114.703818 1185.961703 1240.622847 1267.989243 1286.215571 1345.951639 1407.842989 1461.167933 1483.566620 1512.922526 1558.121089 1620.293918 1648.481141 1655.642061 1673.217650 1707.510692 1753.799307 1786.458680 1771.075780 1764.700262 1772.164306 1785.473718 1811.215950 1814.063451 1816.573599 1818.888996 1822.745041 1820.885333 1795.281289 1760.526787 1745.057678 1733.931071 1704.157283 1635.071630 1592.717208 1561.087246 1526.729098 1473.835161 1407.936580 1389.796102 1331.250074 1271.894508 1205.863896 1180.387919 1146.610371 1118.014664 1085.690527 1083.985009 1083.969605 1060.576049 1025.957383 991.712733 975.129452 955.220216 943.483004 972.850946 989.912428 1019.946582 -9999.0 -9999.0 -9999.0 -9999.0
-9999.0 -9999.0 602.274487 651.565751 709.251187 719.111954 721.066471 728.501907 758.669640 812.683417 890.630090 943.783594 989.179260 1025.644341 1088.455517 1171.685266 1248.066802 1299.399956 1360.436632 1431.229367 1495.055265 1531.116194 1551.385388 1591.170895 1644.487555 1705.374660 1732.175979 1758.929569 1790.444998 1824.653863 1837.755276 1852.046733 1860.101412 1862.137179 1867.031827 1868.171283 1863.800785 1858.758313 1841.398678 1838.803404 1847.014477 1852.995601 1855.128902 1842.025135 1837.939855 1850.808969 1853.540034 1851.635290 1850.419512 1856.695262 1860.236453 1821.648198 1782.172389 1765.811730 1755.130825 1710.350137 1645.273093 1601.470585 1577.361401 1533.736430 1454.648538 1400.974929 1348.616841 1297.656905 1242.288442 1207.366094 1156.671359 1110.464564 1060.733800 1012.250865 987.010081 967.749076 964.423274 963.638168 979.134822 993.957737 1008.870647 1016.424834 -9999.0 -9999.0
-9999.0 499.219484 571.977583 698.971231 779.962589 826.037128 860.502481 886.500214 917.307432 944.883552 1052.942478 1147.024385 1240.945919 1280.134119 1333.075673 1432.060069 1527.970806 1574.256631 1612.146763 1667.452135 1727.369255 1774.861884 1804.372790 1818.078467 1851.463613 1863.599190 1866.456000 1869.713896 1865.913051 1858.544504 1849.915041 1856.156712 1852.361245 1833.075611 1816.401354 1812.282413 1805.575142 1781.048816 1753.180520 1739.011908 1742.257770 1765.247904 1753.868991 1733.508543 1729.753154 1750.517551 1769.070808 1760.195355 1748.783025 1766.619765 1801.717050 1824.145291 1835.226495 1851.578282 1872.059019 1846.552073 1817.089524 1774.876005 1754.531100 1724.451031 1664.468025 1601.546268 1545.794974 1483.714174 1415.359548 1345.063740 1279.041680 1214.223388 1144.670986 1101.304932 1068.546534 1017.216985 995.210053 996.090174 986.414427 982.812088 988.275339 994.301890 -9999.0 -9999.0
-9999.0 419.663940 562.498726 747.809515 897.337034 958.476897 1064.059666 1146.559804 1177.955024 1153.272390 1263.568287 1483.441459 1584.245619 1602.266902 1673.411137 1759.907665 1782.069007 1814.180766 1835.989273 1844.847350 1852.439432 1862.287921 1861.421111 1856.245520 1842.271499 1834.671468 1833.218775 1829.658054 1810.972332 1790.733753 1772.349978 1767.374381 1748.502014 1704.029152 1669.659339 1650.836624 1633.167154 1612.497268 1579.687268 1553.499677 1539.575385 1555.932702 1548.842035 1532.116413 1528.358230 1550.388440 1582.583632 1578.362062 1586.245816 1608.728418 1649.580085 1690.488358 1714.099137 1744.821036 1782.275104 1826.768392 1842.937140 1864.273269 1868.368775 1848.355216 1803.306517 1749.885029 1713.750408 1648.650132 1573.343135 1492.329619 1424.830627 1359.787364 1288.671995 1240.929221 1193.281118 1135.811267 1081.095791 1056.940076 1016.652024 996.025427 -9999.0 -9999.0 -9999.0 -9999.0
-9999.0 342.041117 530.728478 790.416644 1065.910431 1180.720195 1384.201821 1513.536790 1573.587167 1640.941951 1626.560461 1769.366742 1807.445162 1803.752203 1801.681357 1806.062889 1822.007146 1826.001466 1822.695069 1812.796488 1803.781971 1799.917747 1798.818713 1791.212997 1778.958462 1763.702189 1749.806698 1735.465605 1695.653294 1660.923068 1624.503822 1608.774153 1569.575047 1477.795839 1433.529876 1396.809329 1339.982133 1332.999343 1326.208462 1298.112196 1278.895592 1259.376012 1280.670689 1284.452803 1286.712945 1290.881057 1308.424284 1331.741985 1376.042175 1413.090212 1458.526232 1511.914464 1547.290011 1591.548624 1639.197809 1696.595433 1730.176915 1761.738618 1809.057703 1848.233541 1870.734733 1858.688010 1829.156982 1780.666191 1706.645353 1635.223091 1580.708937 1503.312188 1435.982739 1382.828266 1338.822185 1290.476778 1227.258298 1146.478602 1103.901843 -9999.0 -9999.0 -9999.0 -9999.0 -9999.0
-9999.0 165.020702 432.855414 722.235461 1039.153130 1365.700786 1495.508928 1626.525575 1699.130431 1663.462052 1668.158753 1690.977882 1733.394898 1742.908651 1724.608886 1716.826235 1706.364416 1706.549496 1719.079789 1692.193218 1661.864736 1648.109220 1647.412800 1635.422764 1612.223116 1594.830986 1581.668331 1560.263532 1511.050871 1459.100250 1377.551148 1347.493494 1271.807869 1213.087707 1166.748267 1116.119068 1064.509426 1062.493530 1078.983307 1063.769476 1041.424350 1023.016357 1049.484232 1066.991192 1079.205876 1068.465245 1078.043683 1114.482894 1164.886044 1210.306628 1262.140688 1318.383301 1365.861325 1414.914003 1448.850807 1501.129000 1549.515940 1596.932855 1671.258451 1750.287966 1786.941902 1820.945268 1852.398667 1864.722154 1809.151176 1753.417937 1694.580317 1624.840598 1536.673054 1490.198562 1468.256729 1433.493171 1381.201067 -9999.0 -9999.0 -9999.0 -9999.0 -9999.0 -9999.0 -9999.0
-9999.0 37.664362 258.196474 490.406195 777.621915 1016.161453 1209.007733 1319.021020 1398.941318 1429.340239 1461.784767 1496.811956 1529.119447 1552.933852 1532.124940 1493.898777 1465.784364 1469.626222 1465.408216 1440.635714 1410.262864 1394.807973 1392.235359 1384.973393 1360.282028 1345.188659 1333.599088 1309.978656 1274.570368 1217.465779 1136.199573 1063.528277 1001.534178 967.913335 937.042314 903.453547 866.734857 876.483764 889.153742 885.246662 874.293409 871.072964 900.342933 919.360375 929.640092 918.041094 937.446764 964.740412 1007.205788 1051.187628 1101.595190 1158.313271 1213.729871 1245.196075 1261.578787 1289.958047 1331.459470 1387.010478 1474.160847 1568.871500 1645.646563 1694.257664 1743.550776 1774.434734 1783.275042 1789.539904 1756.421494 1664.295377 1536.520267 1535.304241 1538.472106 -9999.0 -9999.0 -9999.0 -9999.0 -9999.0 -9999.0 -9999.0 -9999.0 -9999.0
-9999.0 -9999.0 24.135537 203.968733 346.160870 527.929434 679.367244 789.901705 876.926591 985.748254 1088.265014 1171.530675 1216.542341 1234.779542 1220.080579 1185.073115 1162.267608 1161.775179 1151.286919 1139.109499 1117.468795 1108.680982 1097.632727 1089.158742 1078.058233 1071.574203 1065.439716 1053.084651 1029.685901 981.632890 930.963808 878.567711 824.338476 798.159606 775.570273 753.255417 750.957224 747.312725 753.078893 754.403142 760.826502 773.182011 793.481796 815.375116 825.166697 833.710950 846.482718 870.569212 904.232004 946.961236 1001.496200 1059.853123 1100.601905 1114.647688 1106.728126 1113.861999 1136.772857 1182.280807 1266.896841 1353.104724 1447.892938 1518.387248 1587.967035 1637.000776 1648.967709 1658.600540 1664.368124 1585.498187 1243.475634 1458.886165 -9999.0 -9999.0 -9999.0 -9999.0 -9999.0 -9999.0 -9999.0 -9999.0 -9999.0 -9999.0
-9999.0 -9999.0 -9999.0 -9999.0 62.206619 218.238779 315.126200 399.180310 526.582872 644.000544 742.338250 824.153435 884.104366 910.114515 903.960860 905.869930 899.901733 894.171812 884.451539 881.689346 878.786710 870.847664 857.180450 849.426904 849.455231 853.460680 850.492727 836.347673 818.378763 793.769519 771.643545 736.427073 699.649729 670.008137 656.471217 650.086101 649.746454 643.111751 651.967831 658.940504 674.010013 689.299518 713.161506 741.990048 755.468849 770.175902 780.098519 800.979732 831.620326 885.261870 948.904680 1006.865079 1042.861906 1047.803850 1023.562231 1008.987655 1006.806930 1036.593898 1084.609214 1155.250734 1259.264695 1333.581748 1392.042683 1436.089975 1465.331504 1505.054388 1544.656959 1565.561529 -9999.0 -9999.0 -9999.0 -9999.0 -9999.0 -9999.0 -9999.0 -9999.0 -9999.0 -9999.0 -9999.0 -9999.0
-9999.0 -9999.0 -9999.0 -9999.0 -9999.0 -9999.0 16.950057 117.032577 200.250297 333.972636 459.252244 557.825157 636.413167 666.239680 689.778243 714.917544 712.069596 694.055403 675.662833 693.320251 705.402942 699.572064 670.240127 669.243784 673.350834 681.616370 679.388367 672.666472 647.253677 657.088839 656.549549 632.906113 606.466467 592.086712 580.059494 589.555102 589.818734 576.485894 577.613528 604.109515 624.162657 637.417808 659.482319 692.692095 724.957005 739.944867 741.330902 747.699869 788.469768 858.992176 930.544147 985.768375 1018.186246 1026.514117 999.389193 959.660226 939.700095 947.783519 984.042273 1038.898029 1117.104413 1168.230183 1196.789775 1212.755635 1232.521026 1320.640907 -9999.0 -9999.0 -9999.0 -9999.0 -9999.0 -9999.0 -9999.0 -9999.0 -9999.0 -9999.0 -9999.0 -9999.0 -9999.0 -9999.0
-9999.0 -9999.0 -9999.0 -9999.0 -9999.0 -9999.0 -9999.0 -9999.0 -9999.0 -9999.0 -9999.0 -9999.0 -9999.0 -9999.0 -9999.0 -9999.0 -9999.0 -9999.0 -9999.0 -9999.0 -9999.0 -9999.0 -9999.0 -9999.0 -9999.0 -9999.0 -9999.0 -9999.0 -9999.0 -9999.0 -9999.0 -9999.0 -9999.0 -9999.0 -9999.0 -9999.0 -9999.0 -9999.0 -9999.0 -9999.0 -9999.0 -9999.0 -9999.0 -9999.0 -9999.0 -9999.0 -9999.0 -9999.0 -9999.0 -9999.0 -9999.0 -9999.0 -9999.0 -9999.0 -9999.0 -9999.0 -9999.0 -9999.0 -9999.0 -9999.0 -9999.0 -9999.0 -9999.0 -9999.0 -9999.0 -9999.0 -9999.0 -9999.0 -9999.0 -9999.0 -9999.0 -9999.0 -9999.0 -9999.0 -9999.0 -9999.0 -9999.0 -9999.0 -9999.0 -9999.0
-9999.0 -9999.0 -9999.0 -9999.0 -9999.0 -9999.0 -9999.0 -9999.0 -9999.0 -9999.0 -9999.0 -9999.0 -9999.0 -9999.0 -9999.0 -9999.0 -9999.0 -9999.0 -9999.0 -9999.0 -9999.0 -9999.0 -9999.0 -9999.0 -9999.0 -9999.0 -9999.0 -9999.0 -9999.0 -9999.0 -9999.0 -9999.0 -9999.0 -9999.0 -9999.0 -9999.0 -9999.0 -9999.0 -9999.0 -9999.0 -9999.0 -9999.0 -9999.0 -9999.0 -9999.0 -9999.0 -9999.0 -9999.0 -9999.0 -9999.0 -9999.0 -9999.0 -9999.0 -9999.0 -9999.0 -9999.0 -9999.0 -9999.0 -9999.0 -9999.0 -9999.0 -9999.0 -9999.0 -9999.0 -9999.0 -9999.0 -9999.0 -9999.0 -9999.0 -9999.0 -9999.0 -9999.0 -9999.0 -9999.0 -9999.0 -9999.0 -9999.0 -9999.0 -9999.0 -9999.0