Borden_/Borden1m_014/output_maps/psiliqL0013N0001.asc
ncols         80
nrows         18
xllcorner     620200.000000
yllcorner     5168000.000000
cellsize      1.000000
NODATA_value  -9999.0
-9999.0 -9999.0 -9999.0 -9999.0 -9999.0 -9999.0 -9999.0 -9999.0 -9999.0 -9999.0 -9999.0 -9999.0 -9999.0 -9999.0 -9999.0 -9999.0 -9999.0 -9999.0 -9999.0 -9999.0 -9999.0 -9999.0 -9999.0 -9999.0 -9999.0 -9999.0 -9999.0 -9999.0 -9999.0 -9999.0 -9999.0 -9999.0 -9999.0 -9999.0 -9999.0 -9999.0 -9999.0 -9999.0 -9999.0 -9999.0 -9999.0 -9999.0 -9999.0 -9999.0 -9999.0 -9999.0 -9999.0 -9999.0 -9999.0 -9999.0 -9999.0 -9999.0 -9999.0 -9999.0 -9999.0 -9999.0 -9999.0 -9999.0 -9999.0 -9999.0 -9999.0 -9999.0 -9999.0 -9999.0 -9999.0 -9999.0 -9999.0 -9999.0 -9999.0 -9999.0 -9999.0 -9999.0 -9999.0 -9999.0 -9999.0 -9999.0 -9999.0 -9999.0 -9999.0 -9999.0
-9999.0 -9999.0 -9999.0 -9999.0 -9999.0 -9999.0 -9999.0 -9999.0 -9999.0 -9999.0 -9999.0 -9999.0 -9999.0 -9999.0 -9999.0 -9999.0 -9999.0 -9999.0 -9999.0 -9999.0 -9999.0 -9999.0 -9999.0 -9999.0 -9999.0 -9999.0 -9999.0 -9999.0 -9999.0 -9999.0 -9999.0 -9999.0 -9999.0 -9999.0 -9999.0 -9999.0 -9999.0 -9999.0 -9999.0 -9999.0 -9999.0 -9999.0 -9999.0 -9999.0 -9999.0 -9999.0 -9999.0 -9999.0 -9999.0 -9999.0 -9999.0 -9999.0 -9999.0 -9999.0 -9999.0 -9999.0 -9999.0 -9999.0 -9999.0 -9999.0 -9999.0 -9999.0 -9999.0 -9999.0 -9999.0 -9999.0 -9999.0 -9999.0 -9999.0 -9999.0 -9999.0 -9999.0 -9999.0 -9999.0 -9999.0 -9999.0 -9999.0 -9999.0 -9999.0 -9999.0
-9999.0 -9999.0 -9999.0 -9999.0 -9999.0 -9999.0 -9999.0 -9999.0 -9999.0 -9999.0 -9999.0 -9999.0 -9999.0 -9999.0 -9999.0 -9999.0 -9999.0 -9999.0 -9999.0 -9999.0 726.209767 728.563794 706.052134 671.981764 643.552629 645.133032 678.975145 719.241604 756.622990 765.805682 747.363871 749.296580 744.346155 742.963518 745.165562 751.598624 755.377511 766.204003 774.022196 773.019419 766.426740 760.843006 760.533937 763.373322 768.651432 758.345588 772.446652 787.915170 793.759175 789.465689 763.588678 749.170609 741.403125 727.056481 752.320879 764.882131 788.204805 792.929818 791.873470 765.387097 735.679906 -9999.0 -9999.0 -9999.0 -9999.0 -9999.0 -9999.0 -9999.0 -9999.0 -9999.0 -9999.0 -9999.0 -9999.0 -9999.0 -9999.0 -9999.0 -9999.0 -9999.0 -9999.0 -9999.0
-9999.0 -9999.0 -9999.0 -9999.0 -9999.0 -9999.0 -9999.0 -9999.0 -9999.0 -9999.0 -9999.0 -9999.0 -9999.0 -9999.0 637.238443 627.281656 623.973412 631.720133 664.570099 694.126981 706.285093 698.520058 698.137351 674.062206 652.952934 666.233072 694.967317 725.311420 758.326255 777.225593 764.898379 762.184143 771.731311 796.965123 809.652213 806.823341 787.027131 809.861963 824.771266 832.318520 830.772168 821.658293 834.074617 849.281701 842.513380 826.002036 831.705366 844.188868 857.289055 844.613286 782.586169 764.396574 761.577882 756.296790 743.726844 738.374473 764.340017 765.310899 757.910432 740.811233 708.893428 665.006734 647.364222 686.680011 731.157454 788.838669 -9999.0 -9999.0 -9999.0 -9999.0 -9999.0 -9999.0 -9999.0 -9999.0 -9999.0 -9999.0 -9999.0 -9999.0 -9999.0 -9999.0
-9999.0 -9999.0 -9999.0 -9999.0 -9999.0 -9999.0 -9999.0 -9999.0 -9999.0 581.259666 585.253604 591.932969 593.501508 608.548354 606.116143 612.611201 618.917535 644.621813 674.492147 708.425994 736.205695 726.107058 725.541698 734.843083 737.843279 749.084354 769.348930 807.745124 845.148647 883.486913 853.840592 851.397768 871.040050 919.044729 952.771118 960.234859 942.617485 950.193630 973.976372 994.475331 992.130744 988.543636 1011.704710 1024.555754 1026.646575 1008.402372 997.033042 998.135739 1023.661187 974.283085 910.374991 860.483458 865.641749 838.179362 802.502704 783.811596 781.851873 803.477021 789.874042 754.309594 719.507575 709.975641 693.977196 712.092343 735.418620 782.658425 821.888420 851.372024 852.040650 835.254457 -9999.0 -9999.0 -9999.0 -9999.0 -9999.0 -9999.0 -9999.0 -9999.0 -9999.0 -9999.0
-9999.0 -9999.0 -9999.0 -9999.0 -9999.0 -9999.0 503.424549 512.366826 531.915748 536.285816 560.646002 567.022918 586.454960 604.609315 624.855219 639.972796 668.296623 699.075943 738.032597 779.444008 809.864720 803.207357 811.448621 840.396791 878.788454 908.249312 932.151590 968.921191 1039.698566 1077.146969 1083.422295 1088.971674 1102.594453 1156.734350 1223.303059 1239.897543 1221.127797 1206.920831 1225.574170 1258.745738 1261.852661 1260.952185 1269.139124 1277.917379 1304.304419 1297.192954 1260.974537 1248.194192 1245.641696 1229.873892 1167.921841 1099.953690 1065.734772 1020.944318 943.616884 890.621508 895.697870 914.039042 886.816131 835.762742 797.005776 788.357951 775.445984 764.116991 772.259082 793.399623 817.682920 830.630053 819.300406 799.518109 777.549525 749.624278 752.060066 777.658762 -9999.0 -9999.0 -9999.0 -9999.0 -9999.0 -9999.0
-9999.0 -9999.0 -9999.0 -9999.0 454.330591 466.433209 453.549220 477.246881 508.538651 541.106192 571.325692 606.160731 631.267179 659.404080 697.954125 730.391613 769.131330 801.093625 852.668392 918.805007 968.644488 990.743320 1002.572429 1057.329367 1118.847863 1176.761142 1199.832361 1225.419369 1263.266669 1318.376791 1344.161513 1353.736163 1381.154103 1429.100406 1479.514198 1513.067090 1499.069149 1493.439313 1499.051679 1508.311027 1528.741831 1528.097142 1528.872511 1530.797871 1535.218533 1535.674740 1514.983564 1484.920109 1471.869926 1460.314853 1424.910581 1341.432914 1297.401220 1270.321963 1241.137879 1189.467528 1119.349378 1101.799428 1048.915154 996.445449 936.420389 916.294776 888.506385 866.399413 840.837858 845.916432 852.572152 835.509202 806.459147 776.454454 763.043591 745.569681 735.807511 766.541944 784.717358 815.591502 -9999.0 -9999.0 -9999.0 -9999.0
-9999.0 -9999.0 396.857715 445.039779 500.440801 507.559806 506.521767 510.143448 536.107451 585.446938 658.139773 704.889677 743.994066 774.199689 831.214980 907.007060 973.248671 1016.049219 1071.334850 1141.021679 1206.355514 1239.685632 1253.985631 1290.291675 1349.040899 1425.779849 1458.391353 1483.631804 1509.514676 1537.347093 1548.562040 1562.803278 1574.727233 1582.664387 1589.497252 1591.873400 1590.034430 1587.457715 1571.507199 1568.179164 1573.767057 1577.206753 1578.639844 1566.087524 1562.419039 1575.301053 1579.085997 1578.817661 1577.739115 1581.550959 1580.395979 1537.305117 1498.796690 1486.534103 1477.786457 1429.927506 1352.339452 1305.976329 1285.201769 1244.738796 1165.999992 1113.620525 1065.850987 1021.638946 975.538026 950.723025 910.838602 874.870688 833.706977 791.666478 771.004564 755.059955 754.435681 755.969731 773.177274 789.364462 805.331383 813.422848 -9999.0 -9999.0
-9999.0 295.470964 367.206291 492.255828 569.528870 610.669536 640.353042 660.843952 685.065893 705.380831 804.898402 889.783424 973.366366 1006.106214 1057.462400 1150.579807 1236.014796 1275.238359 1311.460346 1373.160434 1444.922891 1493.812293 1519.511034 1532.872831 1567.734923 1586.254311 1592.793160 1595.944897 1589.709403 1579.724519 1569.381235 1575.045041 1572.030840 1553.342817 1533.842104 1529.768676 1526.276236 1505.937146 1481.191235 1468.360146 1471.071624 1492.462262 1481.043261 1461.449632 1457.649436 1477.086700 1494.454272 1485.358242 1472.465900 1486.649972 1516.529278 1536.741026 1552.859795 1571.831852 1592.507560 1566.699093 1534.118686 1493.834349 1475.948504 1444.638979 1375.370053 1308.198727 1252.741388 1191.893156 1129.439978 1068.661984 1015.811424 965.108460 907.701164 873.217686 846.581695 799.588283 781.213030 785.732728 778.804782 777.344006 784.529140 791.248895 -9999.0 -9999.0
-9999.0 217.229289 358.795915 541.052259 684.377607 737.005552 834.187980 906.947396 930.709950 904.231538 1003.735453 1209.459328 1300.331980 1318.840473 1401.456522 1486.232955 1504.390494 1530.419335 1549.911963 1560.387994 1572.431799 1583.540045 1581.970949 1576.538840 1564.672488 1560.850095 1561.646577 1558.022978 1537.159645 1513.326654 1493.797632 1488.948623 1469.877233 1422.045858 1375.578501 1353.840314 1339.976209 1322.617752 1291.912845 1267.463395 1254.714039 1271.790590 1263.866451 1246.484429 1242.035910 1263.126326 1293.900205 1286.996707 1290.934893 1309.594155 1347.725476 1390.774113 1425.021776 1459.870085 1497.542734 1543.050223 1562.093453 1584.877767 1590.410929 1570.664304 1524.441810 1471.632222 1433.854931 1360.527933 1285.608618 1210.101053 1154.447938 1103.627715 1045.376183 1006.079925 963.945006 910.576170 860.582779 842.381891 806.621886 788.967108 -9999.0 -9999.0 -9999.0 -9999.0
-9999.0 141.677882 329.084981 585.418316 848.966216 951.389443 1139.424596 1258.699113 1315.029595 1392.090810 1380.953205 1505.912714 1535.511508 1531.654717 1533.859933 1538.656775 1550.882389 1551.362411 1545.725806 1534.627982 1523.876277 1519.665981 1518.455841 1511.730865 1501.126091 1488.296102 1476.002855 1460.946667 1416.157786 1371.442704 1332.316388 1317.545519 1280.662859 1189.336296 1142.879034 1107.971550 1055.965402 1052.502882 1047.779007 1021.992576 1004.634583 986.817526 1007.046803 1009.407336 1010.429605 1013.712301 1029.328748 1048.204620 1086.800799 1118.122702 1158.341857 1208.142871 1243.590166 1287.879662 1337.358558 1402.852097 1444.653746 1478.910657 1527.057558 1568.768232 1591.739567 1581.713786 1554.090712 1507.267342 1437.670921 1367.203129 1324.614967 1264.108260 1208.995762 1158.368633 1111.703567 1057.577574 996.937256 926.839430 890.364511 -9999.0 -9999.0 -9999.0 -9999.0 -9999.0
-9999.0 -31.124224 234.779821 520.686592 829.920702 1138.182918 1249.110663 1376.882769 1444.431980 1412.392036 1415.053082 1431.857768 1468.627908 1476.015732 1459.322363 1452.047009 1440.122748 1437.784688 1446.980513 1414.686044 1373.384718 1355.560847 1354.116197 1342.239951 1319.809348 1303.780952 1292.074774 1271.934185 1222.779455 1170.578352 1091.677302 1066.866091 997.478590 943.079114 901.004912 855.004266 807.476345 808.280183 826.464707 812.687519 791.648601 773.849849 799.753183 816.141770 827.215794 815.498340 822.925179 855.675727 900.696560 939.184037 983.093724 1031.443435 1072.473340 1116.690271 1147.944973 1200.162749 1249.167631 1296.956774 1375.478185 1463.383715 1502.718931 1539.554003 1576.429414 1594.525614 1549.933373 1507.928798 1471.034046 1427.204327 1355.272470 1305.135137 1269.263809 1202.913449 1141.114705 -9999.0 -9999.0 -9999.0 -9999.0 -9999.0 -9999.0 -9999.0
-9999.0 -159.339273 61.639226 293.042742 574.885012 799.807897 972.976821 1071.634581 1142.062074 1169.016061 1198.400385 1228.433652 1256.626240 1277.673755 1255.822063 1217.573575 1188.657051 1191.256742 1186.056373 1158.584850 1124.581325 1107.938617 1105.925608 1099.579511 1076.291433 1063.130647 1053.968270 1033.456027 1001.671831 950.132593 875.036763 809.008049 752.207967 722.545328 695.316065 664.836499 630.284231 641.924130 656.141920 653.006428 642.441714 639.262505 668.353478 686.764685 696.334459 683.549757 701.242067 726.089379 764.927201 803.815295 847.940156 897.526645 945.557495 970.350859 981.012334 1004.201915 1040.397006 1090.516948 1174.205018 1268.003807 1344.852329 1400.611054 1461.007252 1501.148240 1524.134869 1553.647239 1547.808631 1488.528487 1386.407191 1403.929010 1399.155628 -9999.0 -9999.0 -9999.0 -9999.0 -9999.0 -9999.0 -9999.0 -9999.0 -9999.0
-9999.0 -9999.0 -172.439476 7.075490 148.573838 324.507096 467.134932 568.394165 645.829733 746.600641 842.145988 918.074489 957.512469 972.627915 956.911328 921.997957 899.386519 899.165993 889.157825 876.913331 855.245062 847.182943 837.587311 830.559243 820.680410 815.800557 811.782868 802.121623 782.077094 738.265336 691.461873 642.944088 592.045005 568.854974 548.693614 528.225304 527.182237 524.997435 531.734657 533.550517 540.068560 552.372153 572.574630 593.984820 603.179785 610.698091 622.308628 644.659321 675.904709 715.242661 765.502651 818.767875 854.080159 862.884326 850.055388 851.972921 868.807810 906.402452 981.637371 1058.707328 1146.012087 1214.151998 1287.676765 1345.941308 1376.951205 1419.775770 1460.527585 1418.051773 1063.555320 1349.780758 -9999.0 -9999.0 -9999.0 -9999.0 -9999.0 -9999.0 -9999.0 -9999.0 -9999.0 -9999.0
-9999.0 -9999.0 -9999.0 -9999.0 -136.423414 16.867236 109.821467 189.211232 310.564339 421.808795 514.554161 590.947695 645.969274 669.172228 661.132145 661.550242 655.367206 650.293669 641.228043 638.520018 635.835359 628.790786 616.540598 609.840686 610.822424 615.937812 614.582041 602.439892 587.068525 564.515010 544.624247 511.850389 477.204496 449.521274 437.619545 432.378245 433.133882 427.478449 436.979944 444.150212 459.328548 474.649267 498.384183 526.811815 539.690447 553.693289 562.724801 582.376269 611.188767 662.409831 723.019573 777.358890 809.373003 810.433480 782.217077 763.399079 756.129661 779.111454 818.512125 878.845903 971.179036 1036.325247 1091.488788 1138.763212 1179.038830 1242.311318 1327.848320 1396.324842 -9999.0 -9999.0 -9999.0 -9999.0 -9999.0 -9999.0 -9999.0 -9999.0 -9999.0 -9999.0 -9999.0 -9999.0
-9999.0 -9999.0 -9999.0 -9999.0 -9999.0 -9999.0 -185.635337 -88.775068 -7.920721 119.855896 238.986343 332.681049 407.374380 434.236823 455.413204 479.422501 476.181245 458.630541 441.019067 458.854854 470.982247 466.034957 437.912465 437.621795 442.441294 451.838264 450.954312 445.760245 422.164362 433.404330 434.499245 412.786616 388.095346 375.148116 364.405268 374.925199 376.064293 363.514026 365.308433 391.922990 411.985839 425.256346 447.257785 480.168887 511.966846 526.276779 526.862568 532.198168 571.679870 640.223245 709.201452 761.429078 790.615818 795.714107 765.207336 721.829490 697.375385 699.715014 728.549473 774.347519 842.128183 883.658850 906.141671 920.263084 941.915773 1033.950137 -9999.0 -9999.0 -9999.0 -9999.0 -9999.0 -9999.0 -9999.0 -9999.0 -9999.0 -9999.0 -9999.0 -9999.0 -9999.0 -9999.0
-9999.0 -9999.0 -9999.0 -9999.0 -9999.0 -9999.0 -9999.0 -9999.0 -9999.0 -9999.0 -9999.0 -9999.0 -9999.0 -9999.0 -9999.0 -9999.0 -9999.0 -9999.0 -9999.0 -9999.0 -9999.0 -9999.0 -9999.0 -9999.0 -9999.0 -9999.0 -9999.0 -9999.0 -9999.0 -9999.0 -9999.0 -9999.0 -9999.0 -9999.0 -9999.0 -9999.0 -9999.0 -9999.0 -9999.0 -9999.0 -9999.0 -9999.0 -9999.0 -9999.0 -9999.0 -9999.0 -9999.0 -9999.0 -9999.0 -9999.0 -9999.0 -9999.0 -9999.0 -9999.0 -9999.0 -9999.0 -9999.0 -9999.0 -9999.0 -9999.0 -9999.0 -9999.0 -9999.0 -9999.0 -9999.0 -9999.0 -9999.0 -9999.0 -9999.0 -9999.0 -9999.0 -9999.0 -9999.0 -9999.0 -9999.0 -9999.0 -9999.0 -9999.0 -9999.0 -9999.0
-9999.0 -9999.0 -9999.0 -9999.0 -9999.0 -9999.0 -9999.0 -9999.0 -9999.0 -9999.0 -9999.0 -9999.0 -9999.0 -9999.0 -9999.0 -9999.0 -9999.0 -9999.0 -9999.0 -9999.0 -9999.0 -9999.0 -9999.0 -9999.0 -9999.0 -9999.0 -9999.0 -9999.0 -9999.0 -9999.0 -9999.0 -9999.0 -9999.0 -9999.0 -9999.0 -9999.0 -9999.0 -9999.0 -9999.0 -9999.0 -9999.0 -9999.0 -9999.0 -9999.0 -9999.0 -9999.0 -9999.0 -9999.0 -9999.0 -9999.0 -9999.0 -9999.0 -9999.0 -9999.0 -9999.0 -9999.0 -9999.0 -9999.0 -9999.0 -9999.0 -9999.0 -9999.0 -9999.0 -9999.0 -9999.0 -9999.0 -9999.0 -9999.0 -9999.0 -9999.0 -9999.0 -9999.0 -9999.0 -9999.0 -9999.0 -9999.0 -9999.0 -9999.0 -9999.0 -9999.0