Borden_/Borden1m_014/output_maps/psiliqL0022N0035.asc
ncols         80
nrows         18
xllcorner     620200.000000
yllcorner     5168000.000000
cellsize      1.000000
NODATA_value  -9999.0
-9999.0 -9999.0 -9999.0 -9999.0 -9999.0 -9999.0 -9999.0 -9999.0 -9999.0 -9999.0 -9999.0 -9999.0 -9999.0 -9999.0 -9999.0 -9999.0 -9999.0 -9999.0 -9999.0 -9999.0 -9999.0 -9999.0 -9999.0 -9999.0 -9999.0 -9999.0 -9999.0 -9999.0 -9999.0 -9999.0 -9999.0 -9999.0 -9999.0 -9999.0 -9999.0 -9999.0 -9999.0 -9999.0 -9999.0 -9999.0 -9999.0 -9999.0 -9999.0 -9999.0 -9999.0 -9999.0 -9999.0 -9999.0 -9999.0 -9999.0 -9999.0 -9999.0 -9999.0 -9999.0 -9999.0 -9999.0 -9999.0 -9999.0 -9999.0 -9999.0 -9999.0 -9999.0 -9999.0 -9999.0 -9999.0 -9999.0 -9999.0 -9999.0 -9999.0 -9999.0 -9999.0 -9999.0 -9999.0 -9999.0 -9999.0 -9999.0 -9999.0 -9999.0 -9999.0 -9999.0
-9999.0 -9999.0 -9999.0 -9999.0 -9999.0 -9999.0 -9999.0 -9999.0 -9999.0 -9999.0 -9999.0 -9999.0 -9999.0 -9999.0 -9999.0 -9999.0 -9999.0 -9999.0 -9999.0 -9999.0 -9999.0 -9999.0 -9999.0 -9999.0 -9999.0 -9999.0 -9999.0 -9999.0 -9999.0 -9999.0 -9999.0 -9999.0 -9999.0 -9999.0 -9999.0 -9999.0 -9999.0 -9999.0 -9999.0 -9999.0 -9999.0 -9999.0 -9999.0 -9999.0 -9999.0 -9999.0 -9999.0 -9999.0 -9999.0 -9999.0 -9999.0 -9999.0 -9999.0 -9999.0 -9999.0 -9999.0 -9999.0 -9999.0 -9999.0 -9999.0 -9999.0 -9999.0 -9999.0 -9999.0 -9999.0 -9999.0 -9999.0 -9999.0 -9999.0 -9999.0 -9999.0 -9999.0 -9999.0 -9999.0 -9999.0 -9999.0 -9999.0 -9999.0 -9999.0 -9999.0
-9999.0 -9999.0 -9999.0 -9999.0 -9999.0 -9999.0 -9999.0 -9999.0 -9999.0 -9999.0 -9999.0 -9999.0 -9999.0 -9999.0 -9999.0 -9999.0 -9999.0 -9999.0 -9999.0 -9999.0 2557.768142 2560.123619 2539.699451 2507.482024 2481.354287 2485.514766 2521.283117 2564.389679 2605.487159 2616.115940 2599.689341 2605.061604 2602.254064 2599.891974 2602.175333 2611.062290 2618.774105 2630.036991 2639.079444 2639.225044 2634.066099 2630.452634 2633.126037 2635.403091 2640.921922 2626.577556 2640.375874 2653.941226 2656.104425 2649.516169 2621.667355 2605.510603 2593.920584 2575.173550 2598.049967 2607.125049 2626.790699 2628.519649 2624.454936 2596.367808 2565.449130 -9999.0 -9999.0 -9999.0 -9999.0 -9999.0 -9999.0 -9999.0 -9999.0 -9999.0 -9999.0 -9999.0 -9999.0 -9999.0 -9999.0 -9999.0 -9999.0 -9999.0 -9999.0 -9999.0
-9999.0 -9999.0 -9999.0 -9999.0 -9999.0 -9999.0 -9999.0 -9999.0 -9999.0 -9999.0 -9999.0 -9999.0 -9999.0 -9999.0 2462.733199 2454.950339 2453.938521 2463.585163 2498.243736 2529.813197 2541.729976 2535.606375 2537.087274 2514.647143 2494.710661 2510.121533 2542.011616 2574.693487 2610.701353 2631.405992 2622.661240 2622.271739 2631.827038 2655.481476 2666.425730 2664.325097 2646.911969 2673.098398 2689.044574 2696.818600 2697.315814 2689.509775 2700.228423 2714.838192 2707.282359 2690.320844 2697.889597 2709.599657 2717.982827 2704.781654 2640.671402 2623.093241 2616.175727 2608.150531 2591.851043 2584.964582 2609.860763 2606.262161 2596.161936 2576.864336 2542.383593 2496.737190 2476.162111 2513.996124 2555.696078 2610.114215 -9999.0 -9999.0 -9999.0 -9999.0 -9999.0 -9999.0 -9999.0 -9999.0 -9999.0 -9999.0 -9999.0 -9999.0 -9999.0 -9999.0
-9999.0 -9999.0 -9999.0 -9999.0 -9999.0 -9999.0 -9999.0 -9999.0 -9999.0 2399.738737 2406.341223 2415.236430 2419.837460 2437.119143 2435.301827 2444.144992 2451.396860 2480.855163 2512.906153 2548.783699 2577.479344 2571.003811 2571.694819 2579.533485 2579.232759 2591.004343 2614.527618 2656.605807 2691.746047 2731.435985 2702.205377 2700.455048 2720.336255 2764.921086 2792.140122 2796.536137 2779.343459 2795.258907 2821.305321 2841.316976 2841.101381 2837.907020 2862.942835 2877.602666 2873.093887 2850.968388 2845.666847 2848.616383 2873.662512 2819.705386 2750.358318 2704.757132 2713.309713 2687.450374 2654.651817 2636.271693 2633.150314 2651.131708 2635.263124 2596.741750 2560.806765 2547.052397 2527.404629 2544.412256 2564.782437 2607.959331 2645.035907 2671.586128 2668.536554 2649.514832 -9999.0 -9999.0 -9999.0 -9999.0 -9999.0 -9999.0 -9999.0 -9999.0 -9999.0 -9999.0
-9999.0 -9999.0 -9999.0 -9999.0 -9999.0 -9999.0 2317.915338 2329.526972 2352.020307 2356.945917 2385.098561 2393.199158 2415.426975 2436.012469 2460.151328 2476.908071 2506.473535 2540.098050 2579.463970 2621.364015 2654.540838 2647.126637 2658.213240 2681.994357 2715.181191 2740.289009 2766.955813 2808.563752 2814.121034 2850.755784 2847.925084 2850.322615 2859.551766 2909.790476 2973.902342 2985.862636 2965.725862 2952.488202 2974.969396 3011.690430 3011.953759 3011.242877 2992.589828 3002.309987 3028.847166 3019.496900 3013.415706 3005.694054 3009.844852 2989.002440 2922.450797 2863.154181 2840.509714 2859.691746 2775.211502 2725.252873 2739.855341 2760.949748 2733.324034 2680.297435 2640.081988 2629.425962 2613.361549 2600.729794 2607.840302 2625.813690 2645.250436 2654.328451 2638.611965 2614.869648 2590.583218 2560.488081 2561.414031 2585.526529 -9999.0 -9999.0 -9999.0 -9999.0 -9999.0 -9999.0
-9999.0 -9999.0 -9999.0 -9999.0 2265.613310 2279.957385 2267.952661 2296.085540 2330.919449 2367.394257 2399.003859 2436.098346 2464.287767 2495.710389 2533.991308 2563.455365 2602.346518 2637.102699 2690.396779 2757.670834 2808.169913 2828.627761 2842.808895 2825.666397 2882.651615 2931.795931 2951.610152 2977.693943 2990.658675 3045.960912 3068.709693 3072.302999 3089.243618 3129.780890 3182.844996 3210.320079 3193.123141 3184.672710 3193.319260 3206.368020 3228.484637 3228.608481 3229.247320 3232.682109 3239.384176 3238.267610 3213.574556 3180.938767 3175.120471 3165.631456 3130.824771 3060.700728 3028.848301 3002.565246 2993.365404 2940.152319 2887.168930 2882.705841 2828.503048 2835.416933 2777.117776 2759.715570 2731.039815 2707.017203 2681.775314 2684.813292 2687.860596 2665.345072 2629.615415 2594.993342 2578.541433 2558.367372 2545.436205 2574.856347 2591.274718 2620.185767 -9999.0 -9999.0 -9999.0 -9999.0
-9999.0 -9999.0 2203.413520 2251.025401 2309.960455 2319.343791 2317.934877 2325.106793 2355.868597 2409.954529 2481.420770 2526.500942 2564.117663 2600.026956 2660.082012 2730.831974 2798.990785 2846.226760 2837.836650 2906.721475 2966.952119 2995.499052 3006.564536 3010.800492 3063.444725 3129.226421 3156.176211 3181.690761 3204.397509 3238.647774 3236.388179 3247.985822 3259.132980 3268.811252 3280.923188 3286.420281 3282.088405 3277.607161 3259.473876 3254.804735 3261.392102 3268.293143 3268.152589 3253.897572 3249.958776 3264.525920 3269.958144 3268.351340 3266.588065 3272.017360 3270.032475 3224.955541 3201.541803 3187.336421 3184.577111 3139.757151 3074.791702 3040.948204 3021.479238 3011.590162 2937.478705 2895.400989 2852.533444 2815.054130 2821.790043 2795.905611 2751.092742 2708.657612 2660.706333 2612.745950 2587.836934 2569.841866 2566.801551 2565.272535 2581.045241 2595.110774 2609.685159 2617.051229 -9999.0 -9999.0
-9999.0 2095.008298 2167.106465 2291.699568 2372.479796 2415.578276 2436.135211 2450.465693 2482.117621 2518.313112 2615.173427 2683.782883 2773.903733 2816.817119 2865.934109 2888.444584 2980.703810 2995.835146 3031.522438 3091.316903 3153.854862 3192.809511 3218.248785 3206.255381 3242.989000 3266.647902 3272.782235 3278.336456 3276.742916 3268.381098 3261.262608 3268.154256 3265.592202 3247.030277 3231.537421 3229.998591 3226.723363 3204.061225 3184.035630 3169.237704 3171.574349 3188.544947 3182.769605 3162.169230 3157.902055 3178.699958 3191.978732 3181.677037 3176.009144 3185.143086 3218.821235 3241.996764 3245.814373 3263.603399 3284.534619 3256.679257 3233.334435 3191.308050 3182.232353 3157.538568 3102.095045 3047.283070 2999.949333 2977.941878 2922.502557 2868.578835 2816.921866 2796.828983 2731.942286 2690.277894 2659.676057 2611.809723 2593.805857 2596.603201 2588.056110 2584.571899 2589.238503 2594.978166 -9999.0 -9999.0
-9999.0 2003.986671 2144.610300 2325.997373 2473.786207 2524.790373 2604.279215 2674.741069 2700.147537 2660.154738 2770.063481 2928.198491 3016.914635 3031.537549 3103.293546 3186.421571 3178.995904 3208.324648 3229.836732 3249.466026 3265.367460 3277.430110 3275.162205 3269.383279 3253.358660 3245.469312 3244.824712 3242.867518 3225.986389 3207.483476 3191.008810 3188.432960 3178.443867 3132.094191 3099.678770 3083.159259 3066.362341 3052.033854 3024.102347 2999.971839 3013.616365 2996.986573 2993.666797 3008.119825 3003.905317 2993.720311 3023.943172 3019.779284 3029.542271 3048.766449 3084.281302 3121.279651 3140.012223 3168.493159 3195.965167 3241.563308 3252.057568 3274.035264 3277.534208 3264.589672 3219.986943 3177.403790 3148.374815 3094.166893 3034.693379 2998.662330 2945.951376 2896.769129 2837.887276 2800.189830 2771.877104 2715.933829 2667.984317 2652.893511 2615.103022 2597.627767 -9999.0 -9999.0 -9999.0 -9999.0
-9999.0 1909.509784 2092.143784 2338.557576 2630.176399 2719.622792 2896.750577 2997.349877 3037.319775 3101.749196 3012.486747 3188.540432 3232.770624 3225.719084 3233.983003 3235.870630 3249.255195 3249.099830 3244.079771 3233.413903 3224.298520 3220.090310 3218.886007 3211.065689 3198.650823 3184.380161 3180.015349 3169.050438 3133.752861 3102.504018 3065.434253 3053.314316 3013.433782 2951.261355 2911.236618 2873.419132 2814.361625 2814.169827 2818.047890 2856.705771 2837.904527 2810.441116 2837.503382 2848.542049 2852.847965 2850.165175 2863.124878 2824.444373 2870.156531 2905.169547 2945.830944 2993.854955 2994.225198 3032.631128 3072.853265 3124.620031 3154.517063 3182.985759 3222.377307 3258.825269 3281.028500 3268.329440 3247.955731 3205.616061 3153.430514 3104.424534 3075.464332 3025.571377 2996.451924 2950.181878 2902.808372 2849.134490 2799.619781 2736.224101 2697.866597 -9999.0 -9999.0 -9999.0 -9999.0 -9999.0
-9999.0 1701.074428 1966.390984 2240.337138 2530.019745 2849.480763 2992.026321 3090.683494 3151.274694 3125.999031 3141.532093 3150.397134 3180.724723 3186.709802 3171.434198 3159.303590 3143.383077 3142.335895 3155.254465 3128.675342 3099.398352 3086.542309 3087.225780 3076.419509 3053.213250 3038.214645 3028.888394 3012.263570 2997.040597 2946.994657 2863.905424 2831.906371 2816.895579 2771.444856 2729.765724 2679.190010 2628.711766 2630.478947 2652.455359 2641.199058 2619.813645 2602.000522 2630.568755 2652.468765 2666.195292 2652.330061 2660.831699 2695.712823 2745.532470 2790.580508 2839.943505 2828.511583 2869.732689 2911.533986 2936.383584 2979.154021 2990.432659 3031.163992 3100.083135 3175.496805 3202.113478 3235.387616 3265.664539 3286.790092 3244.860900 3217.266316 3194.413300 3176.054615 3130.129218 3085.228003 3044.944248 2982.559802 2934.972903 -9999.0 -9999.0 -9999.0 -9999.0 -9999.0 -9999.0 -9999.0
-9999.0 1584.139633 1786.078415 1990.610604 2252.953080 2488.870066 2707.925928 2810.575197 2844.157882 2902.953194 2950.694884 2986.857440 2989.888784 3010.463551 2988.344725 2971.488867 2940.864775 2945.474977 2938.136308 2916.144369 2887.886155 2874.202669 2871.539964 2865.920184 2843.695847 2832.135221 2824.968383 2867.487008 2838.327428 2781.933909 2704.656580 2627.565319 2570.650975 2545.141344 2518.139971 2487.608518 2457.237194 2468.149561 2479.037985 2478.236018 2470.254845 2469.249763 2498.206792 2517.224124 2527.325898 2517.004838 2536.636216 2562.388633 2602.919205 2647.634383 2697.133364 2751.041990 2804.989215 2832.601646 2843.398550 2863.959569 2826.873077 2872.601984 2951.443219 3006.308904 3080.193467 3124.539878 3173.811305 3204.751223 3231.005593 3258.810281 3278.478944 3269.386225 3244.518549 3212.299475 3158.572395 -9999.0 -9999.0 -9999.0 -9999.0 -9999.0 -9999.0 -9999.0 -9999.0 -9999.0
-9999.0 -9999.0 1557.920357 1718.954955 1830.336107 1999.119405 2145.234424 2255.416071 2355.186189 2491.391059 2611.193302 2705.962640 2753.413379 2772.153583 2760.420358 2733.142809 2715.270488 2715.023397 2703.528215 2695.030966 2677.898252 2670.596524 2656.649991 2648.010575 2640.851189 2637.333287 2632.766200 2623.318650 2603.200173 2557.934851 2514.898194 2466.813217 2415.943109 2391.518949 2370.703190 2350.986116 2352.302549 2346.982477 2351.870466 2354.085578 2362.630442 2376.212520 2395.886279 2418.772052 2428.914120 2439.274751 2451.654099 2475.260596 2507.937778 2550.232960 2604.715993 2664.410967 2705.330166 2718.178213 2707.345419 2710.074810 2725.626145 2764.449383 2839.021586 2842.109003 2931.948919 2997.603271 3032.347542 3086.420176 3111.984459 3147.206844 3208.415745 3255.584251 3293.897867 3271.984630 -9999.0 -9999.0 -9999.0 -9999.0 -9999.0 -9999.0 -9999.0 -9999.0 -9999.0 -9999.0
-9999.0 -9999.0 -9999.0 -9999.0 1579.578229 1729.543370 1827.426607 1908.962464 2042.267995 2170.763809 2276.752144 2364.218738 2432.330756 2460.898504 2461.659934 2475.352338 2473.570208 2465.544355 2454.850341 2457.125482 2459.288331 2452.141992 2436.072200 2429.049337 2431.357436 2437.577983 2434.885136 2421.153506 2402.437507 2384.224435 2367.607270 2334.878737 2300.846754 2272.183078 2259.265743 2254.794205 2254.417191 2246.585295 2254.831532 2263.076295 2278.697094 2293.841852 2317.420627 2346.764730 2361.392816 2376.585404 2386.270016 2406.382187 2437.205427 2491.025050 2555.230743 2613.871583 2651.951832 2657.219955 2633.557106 2617.630645 2612.515211 2638.366454 2680.150089 2741.760418 2840.566941 2834.483971 2882.588507 2924.191392 2960.234540 2991.472832 3080.297646 3158.015372 -9999.0 -9999.0 -9999.0 -9999.0 -9999.0 -9999.0 -9999.0 -9999.0 -9999.0 -9999.0 -9999.0 -9999.0
-9999.0 -9999.0 -9999.0 -9999.0 -9999.0 -9999.0 1550.806837 1655.530012 1728.269096 1876.969738 2018.181458 2124.999985 2208.759485 2244.440007 2276.841875 2306.732544 2306.815561 2287.331877 2266.373116 2286.770637 2303.680259 2297.192987 2265.691540 2266.270762 2272.208745 2279.870751 2277.104925 2270.646810 2245.502015 2259.839724 2262.444870 2239.308173 2213.573537 2200.275679 2188.441885 2198.005683 2197.933234 2183.617834 2182.975313 2210.397743 2231.137565 2244.085307 2265.399558 2298.670279 2331.347264 2347.258778 2348.881577 2354.787737 2393.482404 2463.886258 2536.779655 2593.648417 2627.599224 2636.669354 2611.413377 2571.776509 2551.839705 2558.454489 2591.593879 2640.902230 2714.130488 2759.422758 2778.738090 2784.641957 2796.899237 2820.145098 -9999.0 -9999.0 -9999.0 -9999.0 -9999.0 -9999.0 -9999.0 -9999.0 -9999.0 -9999.0 -9999.0 -9999.0 -9999.0 -9999.0
-9999.0 -9999.0 -9999.0 -9999.0 -9999.0 -9999.0 -9999.0 -9999.0 -9999.0 -9999.0 -9999.0 -9999.0 -9999.0 -9999.0 -9999.0 -9999.0 -9999.0 -9999.0 -9999.0 -9999.0 -9999.0 -9999.0 -9999.0 -9999.0 -9999.0 -9999.0 -9999.0 -9999.0 -9999.0 -9999.0 -9999.0 -9999.0 -9999.0 -9999.0 -9999.0 -9999.0 -9999.0 -9999.0 -9999.0 -9999.0 -9999.0 -9999.0 -9999.0 -9999.0 -9999.0 -9999.0 -9999.0 -9999.0 -9999.0 -9999.0 -9999.0 -9999.0 -9999.0 -9999.0 -9999.0 -9999.0 -9999.0 -9999.0 -9999.0 -9999.0 -9999.0 -9999.0 -9999.0 -9999.0 -9999.0 -9999.0 -9999.0 -9999.0 -9999.0 -9999.0 -9999.0 -9999.0 -9999.0 -9999.0 -9999.0 -9999.0 -9999.0 -9999.0 -9999.0 -9999.0
-9999.0 -9999.0 -9999.0 -9999.0 -9999.0 -9999.0 -9999.0 -9999.0 -9999.0 -9999.0 -9999.0 -9999.0 -9999.0 -9999.0 -9999.0 -9999.0 -9999.0 -9999.0 -9999.0 -9999.0 -9999.0 -9999.0 -9999.0 -9999.0 -9999.0 -9999.0 -9999.0 -9999.0 -9999.0 -9999.0 -9999.0 -9999.0 -9999.0 -9999.0 -9999.0 -9999.0 -9999.0 -9999.0 -9999.0 -9999.0 -9999.0 -9999.0 -9999.0 -9999.0 -9999.0 -9999.0 -9999.0 -9999.0 -9999.0 -9999.0 -9999.0 -9999.0 -9999.0 -9999.0 -9999.0 -9999.0 -9999.0 -9999.0 -9999.0 -9999.0 -9999.0 -9999.0 -9999.0 -9999.0 -9999.0 -9999.0 -9999.0 -9999.0 -9999.0 -9999.0 -9999.0 -9999.0 -9999.0 -9999.0 -9999.0 -9999.0 -9999.0 -9999.0 -9999.0 -9999.0