Borden_/Borden1m_014/output_maps/psiliqL0029N0033.asc
ncols         80
nrows         18
xllcorner     620200.000000
yllcorner     5168000.000000
cellsize      1.000000
NODATA_value  -9999.0
-9999.0 -9999.0 -9999.0 -9999.0 -9999.0 -9999.0 -9999.0 -9999.0 -9999.0 -9999.0 -9999.0 -9999.0 -9999.0 -9999.0 -9999.0 -9999.0 -9999.0 -9999.0 -9999.0 -9999.0 -9999.0 -9999.0 -9999.0 -9999.0 -9999.0 -9999.0 -9999.0 -9999.0 -9999.0 -9999.0 -9999.0 -9999.0 -9999.0 -9999.0 -9999.0 -9999.0 -9999.0 -9999.0 -9999.0 -9999.0 -9999.0 -9999.0 -9999.0 -9999.0 -9999.0 -9999.0 -9999.0 -9999.0 -9999.0 -9999.0 -9999.0 -9999.0 -9999.0 -9999.0 -9999.0 -9999.0 -9999.0 -9999.0 -9999.0 -9999.0 -9999.0 -9999.0 -9999.0 -9999.0 -9999.0 -9999.0 -9999.0 -9999.0 -9999.0 -9999.0 -9999.0 -9999.0 -9999.0 -9999.0 -9999.0 -9999.0 -9999.0 -9999.0 -9999.0 -9999.0
-9999.0 -9999.0 -9999.0 -9999.0 -9999.0 -9999.0 -9999.0 -9999.0 -9999.0 -9999.0 -9999.0 -9999.0 -9999.0 -9999.0 -9999.0 -9999.0 -9999.0 -9999.0 -9999.0 -9999.0 -9999.0 -9999.0 -9999.0 -9999.0 -9999.0 -9999.0 -9999.0 -9999.0 -9999.0 -9999.0 -9999.0 -9999.0 -9999.0 -9999.0 -9999.0 -9999.0 -9999.0 -9999.0 -9999.0 -9999.0 -9999.0 -9999.0 -9999.0 -9999.0 -9999.0 -9999.0 -9999.0 -9999.0 -9999.0 -9999.0 -9999.0 -9999.0 -9999.0 -9999.0 -9999.0 -9999.0 -9999.0 -9999.0 -9999.0 -9999.0 -9999.0 -9999.0 -9999.0 -9999.0 -9999.0 -9999.0 -9999.0 -9999.0 -9999.0 -9999.0 -9999.0 -9999.0 -9999.0 -9999.0 -9999.0 -9999.0 -9999.0 -9999.0 -9999.0 -9999.0
-9999.0 -9999.0 -9999.0 -9999.0 -9999.0 -9999.0 -9999.0 -9999.0 -9999.0 -9999.0 -9999.0 -9999.0 -9999.0 -9999.0 -9999.0 -9999.0 -9999.0 -9999.0 -9999.0 -9999.0 3925.068048 3925.622357 3904.003211 3869.686845 3841.235246 3842.814954 3875.156489 3915.458940 3954.169312 3960.731887 3941.149659 3945.076634 3940.483586 3934.988105 3934.475132 3942.300160 3949.407969 3958.651617 3965.191583 3962.385250 3954.693893 3949.693970 3952.859354 3954.100381 3960.588826 3945.173327 3961.662985 3978.201210 3982.739944 3980.530533 3957.514657 3946.432640 3938.727314 3923.224006 3950.440614 3962.225849 3986.056021 3990.985118 3989.120260 3962.679931 3932.778663 -9999.0 -9999.0 -9999.0 -9999.0 -9999.0 -9999.0 -9999.0 -9999.0 -9999.0 -9999.0 -9999.0 -9999.0 -9999.0 -9999.0 -9999.0 -9999.0 -9999.0 -9999.0 -9999.0
-9999.0 -9999.0 -9999.0 -9999.0 -9999.0 -9999.0 -9999.0 -9999.0 -9999.0 -9999.0 -9999.0 -9999.0 -9999.0 -9999.0 3835.110710 3826.450115 3823.356374 3830.142453 3862.105526 3892.170878 3903.560825 3895.882366 3895.398940 3870.116439 3846.406597 3858.346627 3887.331022 3917.196583 3950.008638 3966.368441 3955.226428 3952.272306 3958.236635 3976.051477 3982.625140 3978.621631 3961.396457 3985.847398 3998.370566 4001.698610 3999.350093 3989.145253 3996.784233 4010.347553 4003.184971 3988.353308 4000.762011 4016.529391 4026.843113 4020.049249 3963.338246 3953.225220 3950.479664 3947.355206 3934.812163 3931.895056 3961.375516 3961.223463 3954.643866 3937.988786 3904.865908 3859.694448 3841.057765 3882.602243 3926.637704 3983.111431 -9999.0 -9999.0 -9999.0 -9999.0 -9999.0 -9999.0 -9999.0 -9999.0 -9999.0 -9999.0 -9999.0 -9999.0 -9999.0 -9999.0
-9999.0 -9999.0 -9999.0 -9999.0 -9999.0 -9999.0 -9999.0 -9999.0 -9999.0 3777.814952 3783.985389 3790.634884 3792.893656 3807.599596 3803.806402 3810.335803 3813.196584 3840.161723 3868.869000 3901.593265 3927.756371 3918.159975 3916.095834 3918.007272 3909.655830 3916.018321 3935.817357 3971.486538 4000.519814 4034.391593 3999.516159 3993.777276 4010.733325 4050.397492 4070.642961 4071.032283 4052.088710 4071.117559 4094.317991 4108.416858 4104.321672 4097.476885 4124.024740 4139.819270 4131.488061 4109.130424 4110.688398 4120.049238 4150.316508 4099.363751 4032.960570 3997.701699 4016.602373 3997.605271 3974.798714 3966.298083 3968.234005 3989.068143 3978.472474 3945.666877 3913.487530 3901.922602 3885.679493 3908.237148 3932.265023 3979.185504 4019.774047 4050.144285 4049.744368 4032.710277 -9999.0 -9999.0 -9999.0 -9999.0 -9999.0 -9999.0 -9999.0 -9999.0 -9999.0 -9999.0
-9999.0 -9999.0 -9999.0 -9999.0 -9999.0 -9999.0 3699.407026 3709.991900 3730.598563 3732.361981 3758.800867 3763.171389 3781.164377 3797.397003 3818.797649 3830.194339 3853.409800 3882.144511 3916.458592 3952.222904 3978.293338 3964.737505 3968.866583 3985.179711 4008.422382 4024.465348 4046.589062 4084.287991 4156.566532 4192.368867 4181.258400 4181.170780 4189.160423 4240.182583 4304.385800 4314.147854 4293.289062 4280.720595 4305.731556 4344.238978 4340.774682 4339.413666 4353.874142 4365.333127 4392.360437 4380.414369 4344.523024 4341.187483 4350.180299 4324.921722 4252.849065 4196.678760 4181.251515 4133.847002 4049.162090 4009.211136 4037.846340 4068.405932 4048.643507 4000.140965 3969.958475 3966.061842 3956.286736 3951.403370 3965.829995 3990.075144 4014.653702 4029.381319 4017.959275 3997.371237 3976.184578 3948.357795 3951.375934 3976.400979 -9999.0 -9999.0 -9999.0 -9999.0 -9999.0 -9999.0
-9999.0 -9999.0 -9999.0 -9999.0 3650.329202 3662.916860 3647.023436 3673.093948 3704.382412 3737.323647 3763.204547 3793.103191 3814.741521 3840.081727 3870.831193 3889.103148 3918.354080 3946.385056 3991.748227 4051.188947 4093.880886 4104.805393 4112.271764 4162.436514 4218.280629 4264.423809 4283.199974 4309.701477 4357.897936 4415.012117 4436.786523 4438.843766 4455.855406 4501.797721 4561.105741 4597.106976 4578.957931 4569.402394 4580.865215 4596.357476 4618.532553 4618.552390 4619.711117 4624.517249 4633.084487 4630.711154 4602.749677 4568.686800 4555.488599 4544.731382 4503.461221 4429.423157 4400.712673 4370.382640 4323.411701 4267.382739 4224.277482 4229.382155 4173.824587 4117.774737 4070.273779 4065.522189 4047.449192 4033.460534 4018.667514 4033.273437 4047.061277 4033.032366 4003.376616 3974.691149 3962.287460 3945.147365 3933.847189 3965.438347 3983.511934 4012.817670 -9999.0 -9999.0 -9999.0 -9999.0
-9999.0 -9999.0 3591.910563 3635.916584 3692.503669 3697.341997 3688.071204 3689.496695 3714.660569 3762.527890 3821.139773 3854.398364 3879.474512 3908.969464 3957.465196 4015.241684 4072.910541 4115.109244 4174.114967 4244.538185 4303.903785 4330.029298 4338.029318 4374.406015 4430.718550 4503.109002 4532.350868 4559.812343 4593.164689 4631.610891 4618.029149 4627.857678 4641.471638 4657.124609 4674.767147 4683.330869 4677.945070 4673.226325 4654.355617 4648.698956 4655.087769 4664.063965 4662.353737 4647.287549 4643.288051 4658.693385 4665.587838 4663.060465 4659.421601 4663.706107 4656.801179 4605.310750 4593.219300 4577.120986 4563.903900 4516.331287 4447.763214 4416.648381 4393.594702 4350.795582 4276.405177 4241.315700 4203.159034 4170.141142 4134.507652 4124.249186 4093.923086 4063.007775 4025.243623 3985.202641 3966.893678 3953.471814 3953.563443 3954.356934 3972.538419 3988.335048 4004.410550 4012.534603 -9999.0 -9999.0
-9999.0 3480.196226 3550.372962 3669.980799 3746.387058 3780.455696 3782.151786 3779.554096 3803.864706 3838.226472 3920.522955 3960.653006 4043.309596 4082.578714 4121.944657 4212.059524 4309.102774 4354.087124 4395.027194 4462.344451 4531.058990 4579.557911 4606.607488 4576.892101 4618.890421 4653.970511 4663.858095 4672.176811 4673.543766 4664.894226 4658.965989 4665.418175 4662.151293 4642.336529 4625.659990 4623.674375 4620.127826 4596.254309 4568.287668 4552.166156 4552.925655 4578.589820 4564.953257 4543.303141 4538.776516 4560.866599 4583.288478 4572.226471 4558.883047 4575.660077 4611.072622 4637.625032 4636.345069 4655.565753 4676.843134 4646.700224 4627.173437 4581.691100 4564.215934 4538.333485 4479.846807 4424.842612 4376.055133 4327.822601 4276.103501 4228.893092 4181.804837 4134.988627 4082.681495 4050.419646 4027.005991 3985.784875 3974.894033 3982.359866 3978.256410 3977.029403 3983.759315 3990.392080 -9999.0 -9999.0
-9999.0 3378.750953 3515.998840 3690.741760 3831.284558 3866.973979 3918.001593 3968.515158 3979.896265 3918.466460 4020.404267 4240.580693 4371.586713 4391.502651 4470.337181 4569.945262 4543.869509 4576.616654 4601.259185 4632.383329 4657.299876 4673.461173 4672.217219 4667.583440 4650.680402 4642.579395 4641.588246 4639.335203 4621.442883 4602.043307 4584.905695 4581.285632 4562.466697 4510.432652 4476.258089 4457.701188 4436.579874 4423.813072 4397.270577 4370.698124 4353.015730 4361.571642 4361.331156 4348.835594 4344.447883 4361.883595 4392.904158 4392.310450 4406.176911 4426.224334 4461.856647 4501.279905 4520.872923 4550.631029 4586.843021 4636.783746 4644.071559 4666.907556 4669.349673 4661.039140 4612.903465 4560.151997 4530.228571 4473.853171 4414.146965 4352.315109 4302.759354 4257.877948 4202.196420 4168.966004 4130.583391 4077.217185 4036.554688 4032.046123 3999.661992 3988.069511 -9999.0 -9999.0 -9999.0 -9999.0
-9999.0 3268.984880 3444.868757 3676.836309 3976.113862 4038.440956 4243.287535 4358.281944 4395.855686 4465.749738 4321.504435 4548.621003 4608.269867 4605.039806 4627.162122 4631.405285 4646.457009 4645.426674 4640.316987 4629.022665 4619.050000 4614.180476 4613.245430 4605.257160 4592.458431 4577.640852 4565.480983 4553.581654 4515.942239 4483.164066 4441.815326 4428.717075 4381.036200 4287.616706 4248.955741 4208.453872 4145.038134 4148.905378 4159.432464 4135.994502 4115.800493 4085.004228 4116.949872 4129.828811 4134.823401 4128.332320 4136.454780 4167.518470 4217.619801 4252.756955 4291.695128 4340.314929 4371.517438 4411.076161 4450.524149 4503.417052 4535.476897 4564.815603 4615.273747 4652.654280 4675.720950 4660.665809 4643.569391 4597.029078 4536.049399 4486.268107 4456.462076 4404.848147 4360.908131 4317.613506 4271.122545 4218.377519 4156.755005 4108.763617 4075.854045 -9999.0 -9999.0 -9999.0 -9999.0 -9999.0
-9999.0 3032.708863 3294.039099 3551.452577 3813.946411 4163.428180 4351.476612 4441.997429 4507.350848 4497.217433 4527.111852 4531.736437 4569.599603 4577.900542 4556.678163 4541.907516 4522.994513 4521.904219 4535.082662 4507.111978 4476.037401 4462.241095 4463.246399 4452.577758 4428.167466 4413.332687 4404.156398 4385.044708 4341.771757 4290.388083 4204.288403 4166.939877 4085.714224 4050.933951 4015.829060 3968.866987 3925.519307 3932.664427 3959.247706 3951.630978 3931.288001 3914.752670 3945.047626 3967.008784 3980.738083 3963.359000 3969.692105 4004.210142 4050.623801 4091.130098 4134.682389 4182.564689 4225.042425 4263.548164 4282.895175 4320.841641 4363.360113 4405.411257 4476.499456 4556.992767 4594.367820 4629.938031 4657.753645 4680.147949 4636.606814 4611.260220 4586.821725 4562.490535 4515.348239 4469.420791 4428.819077 4362.666720 4303.077081 -9999.0 -9999.0 -9999.0 -9999.0 -9999.0 -9999.0 -9999.0
-9999.0 2926.346822 3108.069695 3284.823677 3520.642571 3749.125150 3982.996147 4073.051670 4144.695722 4228.376318 4289.133984 4329.403884 4355.235768 4377.472800 4355.095131 4307.260880 4274.115395 4279.407180 4269.055325 4248.757921 4221.395936 4208.857076 4205.870935 4201.513611 4180.923099 4171.478127 4165.263979 4147.686836 4123.676478 4070.635304 4000.686203 3926.383796 3874.264074 3858.201661 3837.610735 3812.538048 3788.741350 3803.018224 3815.643548 3816.886363 3811.870346 3813.273301 3842.306468 3862.570471 3871.960603 3861.560133 3879.661530 3901.964220 3937.860867 3976.673000 4020.884807 4070.554193 4118.644051 4137.370338 4137.347464 4146.182437 4172.168582 4214.491716 4290.456165 4377.067894 4457.466992 4504.092643 4555.740273 4596.819958 4626.272403 4648.798127 4673.045427 4667.519106 4640.392882 4606.319696 4546.009460 -9999.0 -9999.0 -9999.0 -9999.0 -9999.0 -9999.0 -9999.0 -9999.0 -9999.0
-9999.0 -9999.0 2886.086699 3025.165971 3104.561203 3256.290339 3392.242209 3496.885338 3602.583004 3753.802907 3882.598765 3980.372178 4028.530337 4044.444835 4031.251645 4004.712605 3988.990829 3988.447426 3976.188649 3971.368009 3958.970281 3954.552994 3942.266662 3935.185636 3933.259271 3934.388556 3933.236592 3926.189430 3911.206013 3871.554119 3838.576738 3796.630886 3752.845117 3733.016539 3716.792608 3702.050660 3708.644102 3703.858731 3709.733012 3713.522024 3724.485589 3739.487043 3758.691313 3781.793324 3791.498435 3802.255530 3812.594261 3833.546741 3862.557170 3902.211707 3953.100655 4007.610231 4042.989447 4048.780039 4029.035108 4021.888461 4027.485199 4053.883283 4114.034154 4181.684493 4273.035838 4339.652685 4406.990819 4464.000789 4491.395834 4527.807606 4599.909200 4648.076022 4692.858101 4670.325494 -9999.0 -9999.0 -9999.0 -9999.0 -9999.0 -9999.0 -9999.0 -9999.0 -9999.0 -9999.0
-9999.0 -9999.0 -9999.0 -9999.0 2884.765958 3021.620649 3115.638208 3189.083341 3322.666202 3455.325944 3562.370917 3651.311756 3723.421191 3750.040917 3753.724581 3775.204644 3775.859239 3765.572704 3754.323157 3761.659486 3769.131251 3763.692838 3746.160040 3741.079543 3747.134257 3757.413571 3757.339681 3746.404268 3730.026744 3720.800102 3712.468864 3685.022409 3655.968945 3631.078334 3621.453875 3621.088002 3622.705252 3615.510913 3624.556534 3634.804068 3651.474665 3666.809443 3690.304316 3720.369061 3735.503147 3750.100913 3758.105163 3775.662127 3803.688787 3854.666566 3915.989218 3972.405884 4006.269890 4005.981387 3976.583227 3953.622261 3939.306294 3954.778399 3981.258343 4029.326155 4117.766885 4179.604726 4222.992728 4260.198367 4296.546210 4363.414466 4460.962185 4543.810886 -9999.0 -9999.0 -9999.0 -9999.0 -9999.0 -9999.0 -9999.0 -9999.0 -9999.0 -9999.0 -9999.0 -9999.0
-9999.0 -9999.0 -9999.0 -9999.0 -9999.0 -9999.0 2862.804524 2969.122472 3022.082497 3177.881319 3328.576546 3438.081035 3522.818027 3560.929132 3598.477724 3630.804902 3632.603562 3611.688633 3588.837963 3612.362836 3634.395382 3628.168769 3595.097810 3598.260053 3607.528524 3616.781869 3615.977857 3612.469656 3590.644580 3612.316941 3621.114536 3601.640486 3579.445511 3570.021824 3560.762912 3572.562277 3574.031645 3560.328095 3559.265619 3588.385206 3610.271677 3623.226586 3643.964178 3677.204398 3709.719320 3725.480425 3725.938794 3729.737674 3764.766833 3832.164314 3903.005498 3958.162909 3989.113432 3993.265752 3961.806829 3916.160781 3889.061375 3886.414531 3908.815063 3945.728101 4005.052027 4039.622789 4047.288882 4044.416205 4053.871709 4155.789828 -9999.0 -9999.0 -9999.0 -9999.0 -9999.0 -9999.0 -9999.0 -9999.0 -9999.0 -9999.0 -9999.0 -9999.0 -9999.0 -9999.0
-9999.0 -9999.0 -9999.0 -9999.0 -9999.0 -9999.0 -9999.0 -9999.0 -9999.0 -9999.0 -9999.0 -9999.0 -9999.0 -9999.0 -9999.0 -9999.0 -9999.0 -9999.0 -9999.0 -9999.0 -9999.0 -9999.0 -9999.0 -9999.0 -9999.0 -9999.0 -9999.0 -9999.0 -9999.0 -9999.0 -9999.0 -9999.0 -9999.0 -9999.0 -9999.0 -9999.0 -9999.0 -9999.0 -9999.0 -9999.0 -9999.0 -9999.0 -9999.0 -9999.0 -9999.0 -9999.0 -9999.0 -9999.0 -9999.0 -9999.0 -9999.0 -9999.0 -9999.0 -9999.0 -9999.0 -9999.0 -9999.0 -9999.0 -9999.0 -9999.0 -9999.0 -9999.0 -9999.0 -9999.0 -9999.0 -9999.0 -9999.0 -9999.0 -9999.0 -9999.0 -9999.0 -9999.0 -9999.0 -9999.0 -9999.0 -9999.0 -9999.0 -9999.0 -9999.0 -9999.0
-9999.0 -9999.0 -9999.0 -9999.0 -9999.0 -9999.0 -9999.0 -9999.0 -9999.0 -9999.0 -9999.0 -9999.0 -9999.0 -9999.0 -9999.0 -9999.0 -9999.0 -9999.0 -9999.0 -9999.0 -9999.0 -9999.0 -9999.0 -9999.0 -9999.0 -9999.0 -9999.0 -9999.0 -9999.0 -9999.0 -9999.0 -9999.0 -9999.0 -9999.0 -9999.0 -9999.0 -9999.0 -9999.0 -9999.0 -9999.0 -9999.0 -9999.0 -9999.0 -9999.0 -9999.0 -9999.0 -9999.0 -9999.0 -9999.0 -9999.0 -9999.0 -9999.0 -9999.0 -9999.0 -9999.0 -9999.0 -9999.0 -9999.0 -9999.0 -9999.0 -9999.0 -9999.0 -9999.0 -9999.0 -9999.0 -9999.0 -9999.0 -9999.0 -9999.0 -9999.0 -9999.0 -9999.0 -9999.0 -9999.0 -9999.0 -9999.0 -9999.0 -9999.0 -9999.0 -9999.0