Borden_/Borden1m_014/output_maps/psiliqL0026N0023.asc
ncols         80
nrows         18
xllcorner     620200.000000
yllcorner     5168000.000000
cellsize      1.000000
NODATA_value  -9999.0
-9999.0 -9999.0 -9999.0 -9999.0 -9999.0 -9999.0 -9999.0 -9999.0 -9999.0 -9999.0 -9999.0 -9999.0 -9999.0 -9999.0 -9999.0 -9999.0 -9999.0 -9999.0 -9999.0 -9999.0 -9999.0 -9999.0 -9999.0 -9999.0 -9999.0 -9999.0 -9999.0 -9999.0 -9999.0 -9999.0 -9999.0 -9999.0 -9999.0 -9999.0 -9999.0 -9999.0 -9999.0 -9999.0 -9999.0 -9999.0 -9999.0 -9999.0 -9999.0 -9999.0 -9999.0 -9999.0 -9999.0 -9999.0 -9999.0 -9999.0 -9999.0 -9999.0 -9999.0 -9999.0 -9999.0 -9999.0 -9999.0 -9999.0 -9999.0 -9999.0 -9999.0 -9999.0 -9999.0 -9999.0 -9999.0 -9999.0 -9999.0 -9999.0 -9999.0 -9999.0 -9999.0 -9999.0 -9999.0 -9999.0 -9999.0 -9999.0 -9999.0 -9999.0 -9999.0 -9999.0
-9999.0 -9999.0 -9999.0 -9999.0 -9999.0 -9999.0 -9999.0 -9999.0 -9999.0 -9999.0 -9999.0 -9999.0 -9999.0 -9999.0 -9999.0 -9999.0 -9999.0 -9999.0 -9999.0 -9999.0 -9999.0 -9999.0 -9999.0 -9999.0 -9999.0 -9999.0 -9999.0 -9999.0 -9999.0 -9999.0 -9999.0 -9999.0 -9999.0 -9999.0 -9999.0 -9999.0 -9999.0 -9999.0 -9999.0 -9999.0 -9999.0 -9999.0 -9999.0 -9999.0 -9999.0 -9999.0 -9999.0 -9999.0 -9999.0 -9999.0 -9999.0 -9999.0 -9999.0 -9999.0 -9999.0 -9999.0 -9999.0 -9999.0 -9999.0 -9999.0 -9999.0 -9999.0 -9999.0 -9999.0 -9999.0 -9999.0 -9999.0 -9999.0 -9999.0 -9999.0 -9999.0 -9999.0 -9999.0 -9999.0 -9999.0 -9999.0 -9999.0 -9999.0 -9999.0 -9999.0
-9999.0 -9999.0 -9999.0 -9999.0 -9999.0 -9999.0 -9999.0 -9999.0 -9999.0 -9999.0 -9999.0 -9999.0 -9999.0 -9999.0 -9999.0 -9999.0 -9999.0 -9999.0 -9999.0 -9999.0 3325.228918 3326.112543 3304.314656 3270.030520 3241.564657 3243.118111 3275.708807 3315.972183 3354.403835 3361.430707 3342.034184 3345.547058 3340.827696 3336.027349 3335.954995 3343.468871 3349.921291 3359.433179 3366.193414 3363.714601 3356.226106 3351.116169 3353.627910 3355.168102 3361.436338 3346.995532 3363.055977 3379.320194 3384.152952 3381.631660 3358.262695 3346.638830 3338.983793 3323.742892 3350.629811 3362.592905 3386.303276 3391.223015 3389.535125 3363.147144 3333.294784 -9999.0 -9999.0 -9999.0 -9999.0 -9999.0 -9999.0 -9999.0 -9999.0 -9999.0 -9999.0 -9999.0 -9999.0 -9999.0 -9999.0 -9999.0 -9999.0 -9999.0 -9999.0 -9999.0
-9999.0 -9999.0 -9999.0 -9999.0 -9999.0 -9999.0 -9999.0 -9999.0 -9999.0 -9999.0 -9999.0 -9999.0 -9999.0 -9999.0 3235.475319 3226.563361 3223.416926 3230.366392 3262.473630 3292.420042 3303.943892 3296.227687 3295.736900 3270.648593 3247.382011 3259.512334 3288.382705 3318.270800 3351.062414 3367.846925 3356.430732 3353.441581 3359.944853 3378.879391 3386.447609 3382.569504 3364.917951 3388.904795 3401.834532 3405.930765 3403.727971 3393.727095 3402.250359 3416.110879 3409.029440 3393.912601 3405.099350 3420.296490 3431.214329 3423.466318 3366.063305 3354.627214 3352.003149 3348.568754 3336.098192 3332.797635 3361.683347 3361.792324 3355.102929 3338.404899 3305.539985 3260.627785 3242.199704 3283.343581 3327.474686 3384.151672 -9999.0 -9999.0 -9999.0 -9999.0 -9999.0 -9999.0 -9999.0 -9999.0 -9999.0 -9999.0 -9999.0 -9999.0 -9999.0 -9999.0
-9999.0 -9999.0 -9999.0 -9999.0 -9999.0 -9999.0 -9999.0 -9999.0 -9999.0 3178.785524 3184.209503 3190.848438 3192.956107 3207.706136 3204.154863 3210.654643 3214.133201 3240.825881 3269.702421 3302.590180 3328.984218 3319.229622 3317.373998 3320.579898 3314.223895 3321.323296 3341.034697 3376.957589 3407.415065 3442.000931 3407.984923 3402.661437 3419.750647 3460.479236 3482.879534 3484.389651 3465.587295 3482.386928 3505.625525 3520.884344 3517.125517 3510.893670 3536.774326 3551.981841 3545.591620 3524.054069 3523.263786 3531.156129 3560.676455 3510.344297 3444.899286 3407.468484 3424.168004 3403.829413 3378.813741 3368.690544 3370.079942 3391.123472 3380.084500 3346.937852 3314.363845 3303.252824 3287.112492 3308.880394 3332.808616 3379.775033 3420.125585 3450.347359 3450.161491 3433.181598 -9999.0 -9999.0 -9999.0 -9999.0 -9999.0 -9999.0 -9999.0 -9999.0 -9999.0 -9999.0
-9999.0 -9999.0 -9999.0 -9999.0 -9999.0 -9999.0 3100.448720 3110.749214 3131.185802 3133.455992 3159.527320 3164.274274 3182.029994 3198.566905 3219.686930 3231.711914 3255.811474 3284.841591 3319.897844 3356.541478 3383.130251 3370.775848 3375.399427 3393.828727 3419.504770 3437.492595 3459.486803 3496.666436 3568.360688 3604.226357 3596.097625 3596.584000 3604.637402 3654.867070 3718.678098 3729.359475 3708.694025 3695.694368 3719.413369 3756.886439 3754.734122 3753.499366 3766.740709 3777.620640 3804.441319 3793.452342 3757.620648 3752.589859 3759.647596 3736.731261 3667.673569 3610.959603 3592.974104 3546.603210 3463.741781 3421.824544 3446.597472 3475.269915 3454.407522 3405.709193 3374.281276 3369.701569 3359.495737 3353.527052 3366.867194 3390.549290 3415.125855 3429.560696 3418.185071 3397.765882 3376.460627 3348.615370 3351.521555 3376.651655 -9999.0 -9999.0 -9999.0 -9999.0 -9999.0 -9999.0
-9999.0 -9999.0 -9999.0 -9999.0 3051.319437 3063.847415 3048.553958 3074.214891 3105.534528 3138.422608 3165.095522 3195.284462 3217.458139 3243.175917 3275.191768 3295.930744 3326.782052 3355.340923 3401.441467 3461.631436 3505.039593 3517.598607 3525.503583 3575.956005 3631.794676 3678.429789 3696.941975 3722.723347 3768.640685 3825.055157 3847.160877 3849.803764 3866.712350 3910.261710 3966.855296 4002.057972 3984.354536 3975.268638 3985.517639 3999.955342 4022.100408 4022.161900 4023.285265 4027.504116 4035.270894 4033.434278 4006.686465 3973.194537 3960.222697 3950.047990 3911.648064 3839.413439 3809.493192 3780.491829 3737.506193 3683.297861 3636.782981 3638.680080 3584.290406 3529.574349 3480.461984 3473.398859 3453.937823 3438.785956 3422.246493 3435.262201 3447.855654 3433.363096 3403.893829 3375.032151 3362.453646 3345.251905 3334.236267 3365.662115 3383.741373 3413.339978 -9999.0 -9999.0 -9999.0 -9999.0
-9999.0 -9999.0 2993.014385 3037.823814 3094.236645 3099.547155 3091.859863 3093.715547 3119.021367 3167.109511 3227.482076 3263.041307 3290.472628 3319.696899 3369.101092 3429.738158 3488.603174 3530.481941 3588.073007 3657.097440 3715.908954 3742.431808 3751.047761 3786.579192 3841.340001 3910.754887 3938.895722 3965.457004 3997.414325 4034.101402 4025.367635 4035.951827 4048.506126 4061.595875 4076.866269 4084.158535 4079.225262 4074.607992 4056.006761 4050.773379 4057.246805 4065.379822 4064.297769 4049.576426 4045.601369 4060.647244 4066.958299 4064.823661 4061.896098 4066.721294 4061.930439 4013.195161 3996.258574 3980.931489 3969.051232 3922.734021 3855.842050 3823.702911 3802.094585 3760.961412 3687.622833 3650.692818 3611.772776 3577.607299 3540.728447 3528.252345 3496.498063 3464.899262 3426.680420 3386.367496 3367.691845 3353.803996 3353.757312 3354.681413 3372.674059 3388.530936 3404.584643 3412.702016 -9999.0 -9999.0
-9999.0 2884.578656 2955.251855 3074.378601 3150.981314 3186.028523 3192.825164 3194.301920 3218.242119 3249.502486 3334.510502 3382.390140 3464.513421 3501.489047 3541.415093 3630.966453 3725.186811 3768.510857 3807.490421 3871.396612 3937.334655 3984.521026 4010.898403 3988.951836 4028.681405 4058.853712 4067.122817 4074.250262 4074.391868 4065.865961 4059.430557 4066.075937 4063.071960 4043.801435 4027.641207 4025.855872 4022.432590 3999.037063 3971.448397 3955.889123 3957.193576 3982.255966 3969.057379 3947.643633 3943.212093 3964.933577 3986.447854 3975.705680 3962.532920 3979.137635 4013.847011 4038.944418 4039.844045 4058.447495 4079.579496 4050.421437 4029.264458 3985.224859 3968.248724 3942.781680 3885.759081 3830.967219 3782.879863 3734.568649 3682.493084 3633.996928 3586.706377 3539.807054 3486.998765 3454.569527 3430.646444 3388.379209 3376.120356 3383.004298 3378.379614 3377.102007 3383.905500 3390.553675 -9999.0 -9999.0
-9999.0 2787.604567 2925.856049 3100.404110 3241.158612 3279.842232 3339.086411 3392.873338 3405.457562 3349.215471 3449.424074 3665.829053 3788.010095 3805.513075 3881.104583 3976.379334 3958.300185 3989.720321 4013.005816 4039.186196 4060.225194 4074.662244 4072.971841 4067.841397 4051.308524 4043.293351 4042.401526 4040.277432 4022.823748 4003.818400 3986.978054 3983.775543 3965.743881 3916.063808 3882.775094 3865.219439 3846.064826 3832.712324 3805.561578 3779.550331 3762.969776 3773.209112 3771.575244 3758.192071 3753.777140 3771.827359 3802.702161 3800.856145 3812.787122 3832.417303 3867.855864 3906.089752 3925.362828 3954.501566 3990.151234 4038.268593 4046.923207 4069.384990 4072.281134 4061.987006 4015.325098 3963.717520 3934.306328 3878.928335 3819.416359 3757.771491 3708.963250 3664.396639 3609.349488 3575.580283 3536.687491 3483.436210 3441.067698 3433.998749 3400.977963 3388.244187 -9999.0 -9999.0 -9999.0 -9999.0
-9999.0 2691.300096 2862.732234 3097.424957 3389.575322 3459.003581 3659.578046 3773.060144 3811.337521 3878.530892 3757.622792 3965.134353 4018.343764 4013.450861 4029.571665 4032.827508 4047.152896 4046.488730 4041.409597 4030.379067 4020.770407 4016.182468 4015.130496 4007.213028 3994.578215 3979.948924 3968.029079 3956.568022 3919.868960 3887.891362 3848.544526 3836.031356 3791.280873 3699.528509 3660.960674 3622.387567 3561.536313 3564.236884 3572.042674 3548.314664 3528.765324 3500.477178 3530.240057 3541.149644 3545.384595 3540.680038 3550.129669 3578.803024 3626.629050 3660.860467 3699.568713 3747.371775 3777.750445 3816.807280 3856.473472 3908.713366 3939.875703 3968.745567 4017.699009 4054.717030 4077.454722 4063.360208 4044.868650 4000.102676 3939.885827 3890.585945 3861.634115 3811.192483 3767.751209 3724.368924 3678.080081 3625.511975 3564.252648 3512.164338 3478.589183 -9999.0 -9999.0 -9999.0 -9999.0 -9999.0
-9999.0 2467.095895 2730.839759 2983.609255 3254.233536 3595.340231 3767.167901 3860.791528 3923.946309 3907.034508 3930.534125 3936.807535 3973.902522 3981.188245 3959.794739 3945.916842 3928.254426 3927.165386 3940.232589 3912.877918 3882.609599 3869.257332 3870.164037 3859.475647 3835.624981 3820.767504 3811.514848 3793.051220 3750.096415 3700.044166 3616.203563 3581.775002 3503.323859 3465.445100 3429.591789 3383.169012 3339.350778 3345.407150 3370.375486 3361.768954 3341.351360 3324.614442 3354.086642 3374.893058 3388.108562 3371.772739 3378.272162 3412.398617 3458.474294 3498.483841 3541.869927 3589.391275 3630.944759 3669.797597 3690.420981 3729.476103 3771.407487 3812.841339 3882.826516 3961.158191 3997.074215 4031.690532 4060.556048 4082.462473 4039.588825 4013.325895 3989.617035 3966.178663 3920.019917 3874.673766 3834.133508 3769.576929 3710.058485 -9999.0 -9999.0 -9999.0 -9999.0 -9999.0 -9999.0 -9999.0
-9999.0 2355.293233 2547.680522 2737.932906 2968.848454 3195.867639 3417.294175 3507.334369 3577.408932 3649.341679 3703.524031 3741.300033 3767.060119 3788.609299 3766.032995 3719.990089 3687.784448 3692.780915 3683.806830 3662.976430 3635.508152 3622.789157 3620.221129 3615.639355 3594.694995 3584.725270 3578.216550 3560.526792 3535.639397 3483.430191 3412.901867 3340.537887 3287.784840 3269.377247 3247.715876 3221.749731 3196.016884 3209.838231 3222.782865 3223.231460 3217.195617 3217.751417 3246.793619 3266.696830 3276.114509 3265.260005 3283.269257 3306.025495 3342.438692 3381.128985 3425.218016 3474.697513 3522.527254 3542.081375 3543.643098 3554.533084 3581.583350 3624.356718 3700.233758 3785.957999 3863.515156 3908.925426 3959.641501 3999.611805 4027.757418 4052.595498 4075.017421 4068.098396 4042.138638 4008.788310 3950.071164 -9999.0 -9999.0 -9999.0 -9999.0 -9999.0 -9999.0 -9999.0 -9999.0 -9999.0
-9999.0 -9999.0 2322.258625 2473.691125 2569.048329 2731.159691 2850.403211 2955.377341 3048.305253 3188.403506 3310.544188 3403.780880 3450.020662 3465.572810 3451.823937 3423.753169 3406.829070 3406.452408 3394.784678 3388.848386 3375.040744 3370.140340 3358.589155 3351.591372 3348.246767 3348.333949 3346.759395 3339.386085 3323.647353 3283.393262 3247.955211 3204.891522 3160.701610 3140.249285 3123.275293 3107.442024 3112.587052 3108.271532 3114.292986 3117.709932 3127.840056 3142.336192 3161.724851 3183.966765 3193.569299 3203.715856 3214.286997 3235.491884 3264.902428 3304.471837 3355.203052 3409.350542 3444.618032 3450.847567 3432.231133 3426.537197 3433.895912 3461.925306 3524.197206 3592.590010 3681.991802 3747.282933 3814.025470 3869.905240 3896.549058 3932.931217 4003.162774 4051.190388 4093.657937 4071.255437 -9999.0 -9999.0 -9999.0 -9999.0 -9999.0 -9999.0 -9999.0 -9999.0 -9999.0 -9999.0
-9999.0 -9999.0 -9999.0 -9999.0 2334.321419 2480.995794 2578.532209 2658.594282 2793.886421 2895.348817 2991.784877 3077.987202 3146.837949 3171.593486 3172.962656 3190.500613 3189.903590 3180.634466 3169.849784 3175.378590 3181.027408 3175.356814 3159.952843 3154.577655 3159.677557 3168.986681 3168.677868 3157.530286 3141.347389 3129.611132 3119.085813 3090.612503 3060.502403 3035.093624 3025.006758 3023.693734 3025.121821 3018.194474 3027.309814 3036.945372 3053.331855 3068.662317 3092.200852 3121.944895 3136.661579 3151.159948 3159.374511 3177.343036 3205.062240 3256.068299 3317.241869 3373.243023 3406.672889 3406.585704 3377.411616 3355.138979 3342.014804 3358.703504 3387.199702 3437.136637 3525.759987 3587.495540 3632.295599 3670.645523 3706.876141 3772.025813 3866.676646 3947.989972 -9999.0 -9999.0 -9999.0 -9999.0 -9999.0 -9999.0 -9999.0 -9999.0 -9999.0 -9999.0 -9999.0 -9999.0
-9999.0 -9999.0 -9999.0 -9999.0 -9999.0 -9999.0 2312.291242 2418.733352 2485.526818 2641.032319 2789.129309 2865.297565 2948.475441 2984.781265 3009.999501 3040.698304 3041.560239 3021.278888 2999.408175 3021.856442 3042.022497 3036.029236 3003.903836 3006.408278 3014.826516 3024.089275 3023.253436 3019.410663 2997.228462 3016.907393 3024.217594 3004.281448 2981.616325 2975.946931 2966.074500 2977.300387 2978.430052 2964.726513 2964.037847 2989.416510 3010.929138 3023.941312 3044.915867 3078.095282 3110.482415 3125.983391 3126.482827 3130.591362 3166.469127 3233.669443 3304.150751 3358.747577 3389.307082 3393.610343 3362.355838 3317.094075 3290.429147 3288.624192 3312.089539 3350.465731 3410.965141 3446.487396 3456.554072 3456.505418 3467.860193 3567.499222 -9999.0 -9999.0 -9999.0 -9999.0 -9999.0 -9999.0 -9999.0 -9999.0 -9999.0 -9999.0 -9999.0 -9999.0 -9999.0 -9999.0
-9999.0 -9999.0 -9999.0 -9999.0 -9999.0 -9999.0 -9999.0 -9999.0 -9999.0 -9999.0 -9999.0 -9999.0 -9999.0 -9999.0 -9999.0 -9999.0 -9999.0 -9999.0 -9999.0 -9999.0 -9999.0 -9999.0 -9999.0 -9999.0 -9999.0 -9999.0 -9999.0 -9999.0 -9999.0 -9999.0 -9999.0 -9999.0 -9999.0 -9999.0 -9999.0 -9999.0 -9999.0 -9999.0 -9999.0 -9999.0 -9999.0 -9999.0 -9999.0 -9999.0 -9999.0 -9999.0 -9999.0 -9999.0 -9999.0 -9999.0 -9999.0 -9999.0 -9999.0 -9999.0 -9999.0 -9999.0 -9999.0 -9999.0 -9999.0 -9999.0 -9999.0 -9999.0 -9999.0 -9999.0 -9999.0 -9999.0 -9999.0 -9999.0 -9999.0 -9999.0 -9999.0 -9999.0 -9999.0 -9999.0 -9999.0 -9999.0 -9999.0 -9999.0 -9999.0 -9999.0
-9999.0 -9999.0 -9999.0 -9999.0 -9999.0 -9999.0 -9999.0 -9999.0 -9999.0 -9999.0 -9999.0 -9999.0 -9999.0 -9999.0 -9999.0 -9999.0 -9999.0 -9999.0 -9999.0 -9999.0 -9999.0 -9999.0 -9999.0 -9999.0 -9999.0 -9999.0 -9999.0 -9999.0 -9999.0 -9999.0 -9999.0 -9999.0 -9999.0 -9999.0 -9999.0 -9999.0 -9999.0 -9999.0 -9999.0 -9999.0 -9999.0 -9999.0 -9999.0 -9999.0 -9999.0 -9999.0 -9999.0 -9999.0 -9999.0 -9999.0 -9999.0 -9999.0 -9999.0 -9999.0 -9999.0 -9999.0 -9999.0 -9999.0 -9999.0 -9999.0 -9999.0 -9999.0 -9999.0 -9999.0 -9999.0 -9999.0 -9999.0 -9999.0 -9999.0 -9999.0 -9999.0 -9999.0 -9999.0 -9999.0 -9999.0 -9999.0 -9999.0 -9999.0 -9999.0 -9999.0