Borden_/Borden1m_014/output_maps/psiliqL0022N0023.asc
ncols         80
nrows         18
xllcorner     620200.000000
yllcorner     5168000.000000
cellsize      1.000000
NODATA_value  -9999.0
-9999.0 -9999.0 -9999.0 -9999.0 -9999.0 -9999.0 -9999.0 -9999.0 -9999.0 -9999.0 -9999.0 -9999.0 -9999.0 -9999.0 -9999.0 -9999.0 -9999.0 -9999.0 -9999.0 -9999.0 -9999.0 -9999.0 -9999.0 -9999.0 -9999.0 -9999.0 -9999.0 -9999.0 -9999.0 -9999.0 -9999.0 -9999.0 -9999.0 -9999.0 -9999.0 -9999.0 -9999.0 -9999.0 -9999.0 -9999.0 -9999.0 -9999.0 -9999.0 -9999.0 -9999.0 -9999.0 -9999.0 -9999.0 -9999.0 -9999.0 -9999.0 -9999.0 -9999.0 -9999.0 -9999.0 -9999.0 -9999.0 -9999.0 -9999.0 -9999.0 -9999.0 -9999.0 -9999.0 -9999.0 -9999.0 -9999.0 -9999.0 -9999.0 -9999.0 -9999.0 -9999.0 -9999.0 -9999.0 -9999.0 -9999.0 -9999.0 -9999.0 -9999.0 -9999.0 -9999.0
-9999.0 -9999.0 -9999.0 -9999.0 -9999.0 -9999.0 -9999.0 -9999.0 -9999.0 -9999.0 -9999.0 -9999.0 -9999.0 -9999.0 -9999.0 -9999.0 -9999.0 -9999.0 -9999.0 -9999.0 -9999.0 -9999.0 -9999.0 -9999.0 -9999.0 -9999.0 -9999.0 -9999.0 -9999.0 -9999.0 -9999.0 -9999.0 -9999.0 -9999.0 -9999.0 -9999.0 -9999.0 -9999.0 -9999.0 -9999.0 -9999.0 -9999.0 -9999.0 -9999.0 -9999.0 -9999.0 -9999.0 -9999.0 -9999.0 -9999.0 -9999.0 -9999.0 -9999.0 -9999.0 -9999.0 -9999.0 -9999.0 -9999.0 -9999.0 -9999.0 -9999.0 -9999.0 -9999.0 -9999.0 -9999.0 -9999.0 -9999.0 -9999.0 -9999.0 -9999.0 -9999.0 -9999.0 -9999.0 -9999.0 -9999.0 -9999.0 -9999.0 -9999.0 -9999.0 -9999.0
-9999.0 -9999.0 -9999.0 -9999.0 -9999.0 -9999.0 -9999.0 -9999.0 -9999.0 -9999.0 -9999.0 -9999.0 -9999.0 -9999.0 -9999.0 -9999.0 -9999.0 -9999.0 -9999.0 -9999.0 2555.254957 2557.614997 2537.206825 2505.004407 2478.860791 2482.958454 2518.636315 2561.675121 2602.783742 2613.511498 2597.220136 2602.677805 2599.822388 2597.213199 2599.103204 2607.454703 2614.485237 2624.906781 2633.059609 2632.371487 2626.538219 2622.472469 2624.924823 2627.182202 2632.835234 2618.754003 2632.948813 2647.176054 2650.142882 2644.448500 2617.518501 2601.958303 2590.789056 2572.331641 2595.450883 2604.751124 2624.635202 2626.535092 2622.616261 2594.675835 2563.853493 -9999.0 -9999.0 -9999.0 -9999.0 -9999.0 -9999.0 -9999.0 -9999.0 -9999.0 -9999.0 -9999.0 -9999.0 -9999.0 -9999.0 -9999.0 -9999.0 -9999.0 -9999.0 -9999.0
-9999.0 -9999.0 -9999.0 -9999.0 -9999.0 -9999.0 -9999.0 -9999.0 -9999.0 -9999.0 -9999.0 -9999.0 -9999.0 -9999.0 2460.207894 2452.373425 2451.293506 2460.880765 2495.492646 2527.032861 2538.994331 2532.884533 2534.415853 2512.046407 2492.141356 2507.503768 2539.296138 2571.915939 2607.988827 2628.890812 2620.391871 2620.186174 2629.772886 2653.247630 2663.789685 2661.105241 2642.876298 2668.091888 2682.986171 2689.786626 2689.522293 2681.236878 2691.750595 2706.384196 2698.987436 2682.292424 2690.318903 2702.724459 2712.003208 2699.788721 2636.661350 2619.699955 2613.149760 2605.343723 2589.257919 2582.628001 2607.748387 2604.301327 2594.321934 2575.162831 2540.845310 2495.410185 2475.036834 2513.057451 2554.919377 2609.470854 -9999.0 -9999.0 -9999.0 -9999.0 -9999.0 -9999.0 -9999.0 -9999.0 -9999.0 -9999.0 -9999.0 -9999.0 -9999.0 -9999.0
-9999.0 -9999.0 -9999.0 -9999.0 -9999.0 -9999.0 -9999.0 -9999.0 -9999.0 2397.754038 2404.194944 2412.875890 2417.272046 2434.415558 2432.563958 2441.335609 2448.514791 2477.928226 2509.946817 2545.770467 2574.422983 2567.938690 2568.761709 2576.804861 2576.653448 2588.417477 2611.835131 2653.857387 2689.169777 2729.300368 2700.576322 2699.235223 2719.299600 2763.763251 2790.604725 2794.377320 2776.196717 2790.889774 2815.646513 2834.501265 2833.420695 2829.716229 2854.519364 2869.254857 2864.927208 2843.053717 2838.288000 2842.012114 2868.087370 2815.224653 2746.916812 2701.978307 2710.726947 2684.909664 2652.229959 2634.129827 2631.234280 2649.350087 2633.510817 2595.085562 2559.336861 2545.805823 2526.370284 2543.576748 2564.150620 2607.600889 2645.099909 2672.012007 2669.249009 2650.404997 -9999.0 -9999.0 -9999.0 -9999.0 -9999.0 -9999.0 -9999.0 -9999.0 -9999.0 -9999.0
-9999.0 -9999.0 -9999.0 -9999.0 -9999.0 -9999.0 2316.607956 2328.029588 2350.246589 2354.885954 2382.754971 2390.584889 2412.555577 2432.977744 2457.025886 2473.691082 2503.193787 2536.836854 2576.255414 2618.120666 2651.164577 2643.774514 2655.121703 2679.381582 2712.990064 2738.193689 2764.741291 2806.308768 2805.841441 2842.116471 2838.879017 2841.040359 2850.185382 2900.440852 2964.607951 2976.732941 2956.623669 2943.312520 2965.592306 3001.990779 3001.877978 3000.968250 2988.356564 2998.268913 3024.818358 3015.305984 3003.691983 2996.211849 3000.561045 2979.974377 2913.672159 2854.668304 2832.288211 2857.824072 2773.409922 2723.767928 2738.657188 2759.770900 2731.979929 2678.955820 2638.907269 2628.484924 2612.626390 2600.186842 2607.547300 2625.911408 2645.784585 2655.285826 2639.905619 2616.410341 2592.468116 2562.314091 2563.048113 2586.975816 -9999.0 -9999.0 -9999.0 -9999.0 -9999.0 -9999.0
-9999.0 -9999.0 -9999.0 -9999.0 2264.752826 2278.947948 2266.687815 2294.518034 2328.990041 2365.082285 2396.310556 2432.986416 2460.873927 2492.158097 2530.413536 2559.823720 2598.710061 2633.633236 2687.202512 2754.592726 2805.004812 2825.498054 2840.094605 2817.086146 2873.944649 2922.845095 2942.368859 2968.180075 2986.685534 3042.062906 3064.700788 3068.204293 3085.064287 3125.526262 3178.574590 3209.260046 3192.124445 3183.669731 3192.307908 3205.347341 3227.456813 3227.576946 3228.429398 3231.865462 3238.566346 3237.446987 3212.542529 3179.841468 3170.790968 3161.321901 3126.613738 3056.625267 3024.933752 2998.436805 2984.437583 2931.430486 2878.756651 2874.683635 2820.816186 2834.975876 2776.842753 2759.712365 2731.183017 2707.296099 2682.461091 2685.945326 2689.528810 2667.576110 2632.218820 2597.737388 2581.254108 2560.803954 2547.484824 2576.500565 2592.516942 2621.161496 -9999.0 -9999.0 -9999.0 -9999.0
-9999.0 -9999.0 2202.862739 2250.391949 2309.168435 2318.353779 2316.655886 2323.424211 2353.711195 2407.312491 2478.233599 2522.820719 2560.119252 2596.008235 2656.227336 2727.070868 2795.373288 2843.017092 2829.291755 2897.939248 2957.791606 2986.000196 2996.685372 3006.667675 3059.343340 3124.976160 3151.804262 3177.265489 3203.498005 3237.810305 3235.544087 3247.137407 3258.280043 3267.953776 3280.062912 3285.627659 3281.297922 3276.816680 3258.611510 3253.942507 3260.529205 3267.501862 3267.292179 3253.032699 3249.091689 3263.658911 3269.158467 3267.548221 3265.639844 3271.145803 3269.168821 3224.101747 3200.699437 3186.432231 3180.203355 3135.444228 3070.619473 3036.941283 3017.363233 3002.805789 2929.128668 2887.601216 2845.344014 2808.288879 2824.362970 2798.992219 2754.855167 2713.400401 2665.830074 2617.760621 2592.245182 2573.561175 2569.776536 2567.413425 2582.605927 2596.155814 2610.381987 2617.577183 -9999.0 -9999.0
-9999.0 2094.546397 2166.592360 2291.096360 2371.749083 2414.674123 2434.944875 2448.754291 2479.798740 2515.417427 2611.734795 2679.709192 2769.532127 2812.719831 2862.420521 2879.643220 2971.538393 2991.851924 3027.671257 3087.261424 3149.674653 3191.743459 3217.216035 3205.417316 3242.132359 3265.771889 3271.891501 3277.436629 3275.911745 3267.550971 3260.436991 3267.335465 3264.711426 3246.159582 3230.680241 3229.155527 3225.892001 3203.166765 3179.824582 3165.014537 3167.223338 3187.593105 3178.631663 3157.777722 3153.492334 3174.512234 3191.081836 3180.769251 3171.697104 3184.209031 3217.948972 3241.112349 3244.922444 3262.706114 3283.642061 3255.793523 3232.458094 3190.371927 3177.892809 3153.079591 3097.810833 3043.123730 2995.869302 2970.133880 2915.373678 2862.384989 2811.869417 2805.837556 2741.210959 2699.086811 2667.710131 2618.225743 2598.405102 2599.723585 2590.025684 2585.909809 2590.005485 2595.525907 -9999.0 -9999.0
-9999.0 2003.534284 2144.121377 2325.445640 2473.165286 2524.136930 2603.480837 2673.398430 2698.115424 2657.494104 2766.989367 2920.780237 3013.509022 3027.976270 3099.511697 3185.483301 3178.066790 3207.546839 3229.034397 3248.637228 3264.518039 3276.632463 3274.353585 3268.566199 3252.532447 3244.635856 3243.915175 3241.961327 3225.088500 3206.600907 3190.146242 3187.522782 3174.220696 3127.746744 3095.466098 3079.090881 3062.437034 3048.225790 3020.286579 2995.844738 3004.642323 2993.048330 2989.633085 2999.110060 2994.836693 2989.590129 3020.044851 3015.954053 3025.491364 3044.642297 3079.988010 3116.815097 3135.607132 3164.025330 3195.005750 3240.663959 3251.147827 3273.116461 3276.617621 3263.676558 3219.010259 3172.914419 3144.017812 3089.890322 3030.520827 2992.021813 2940.612932 2892.888546 2835.307609 2798.345115 2785.185730 2726.286317 2675.476888 2657.510495 2617.935316 2599.404996 -9999.0 -9999.0 -9999.0 -9999.0
-9999.0 1909.073111 2091.685273 2338.080900 2629.781907 2719.523594 2893.193054 2995.118303 3034.735519 3098.769249 3009.277588 3187.654083 3232.090619 3224.999975 3233.165902 3235.085528 3248.450121 3248.280140 3243.247700 3232.573692 3223.453953 3219.244070 3218.038400 3210.217145 3197.801938 3183.459986 3175.699527 3164.768508 3129.402011 3098.309847 3061.420019 3049.477278 3009.320885 2942.283113 2902.414816 2864.869011 2806.094111 2806.256051 2810.350513 2852.941715 2833.250832 2805.133203 2831.970994 2843.099412 2847.699846 2845.557228 2859.346723 2816.600565 2862.126133 2896.767312 2937.000580 2984.825354 2990.011859 3028.416095 3068.529406 3120.112776 3150.055073 3178.438911 3221.391921 3257.899109 3280.166929 3267.391391 3247.031732 3204.651230 3149.242793 3100.424750 3072.055862 3022.699574 2995.441889 2949.624105 2902.020188 2847.755005 2810.676373 2742.415475 2701.742012 -9999.0 -9999.0 -9999.0 -9999.0 -9999.0
-9999.0 1700.652589 1965.961635 2239.928731 2529.772155 2846.726657 2990.104243 3088.347420 3148.596724 3123.003745 3138.276559 3146.978350 3179.984003 3185.933603 3167.665870 3155.231425 3139.248731 3138.162163 3151.067553 3124.503916 3095.267411 3082.462115 3083.197651 3072.446895 3049.303383 3034.371354 3025.028634 3008.158336 2988.438675 2938.661967 2855.923253 2824.114030 2816.059497 2770.618404 2729.123234 2678.561253 2627.620813 2628.745406 2649.770530 2637.580866 2615.560906 2597.316180 2625.690966 2647.529182 2661.452481 2647.995854 2657.109771 2692.707716 2743.172994 2788.648717 2838.244494 2820.659302 2861.707420 2903.014805 2927.390267 2969.801044 2986.156626 3026.843678 3095.591872 3171.048972 3201.136207 3234.458581 3264.729242 3285.943150 3243.979192 3216.459464 3193.686378 3173.763148 3128.400672 3083.662853 3043.238157 2980.681252 2933.293965 -9999.0 -9999.0 -9999.0 -9999.0 -9999.0 -9999.0 -9999.0
-9999.0 1583.725286 1785.656181 1990.208783 2252.682906 2488.972847 2708.676399 2811.778991 2838.677669 2897.029933 2944.357364 2980.229125 2986.544469 3007.142793 2984.650223 2963.442078 2932.595535 2937.097223 2929.690761 2907.675865 2879.432185 2865.785111 2863.137082 2857.625121 2835.568357 2824.244119 2817.229524 2866.515939 2837.130747 2780.721817 2703.470264 2626.184172 2569.114123 2543.583229 2516.678618 2486.170460 2455.627607 2466.150380 2476.511851 2475.163386 2466.762334 2465.478287 2494.307699 2513.362285 2523.579759 2513.479992 2533.419176 2559.502798 2600.291215 2645.145702 2694.664686 2748.557007 2802.643551 2830.446109 2841.412607 2862.246526 2818.404671 2863.690272 2942.058898 3001.932676 3075.789306 3119.885260 3169.294617 3203.784323 3230.141488 3258.028089 3277.913167 3269.033241 3244.473261 3212.146272 3157.344579 -9999.0 -9999.0 -9999.0 -9999.0 -9999.0 -9999.0 -9999.0 -9999.0 -9999.0
-9999.0 -9999.0 1557.482517 1718.517604 1829.919654 1998.808861 2145.075249 2255.344305 2354.904759 2490.651634 2609.728073 2703.502631 2750.151665 2768.652751 2757.261074 2730.793669 2713.792961 2714.379594 2703.667915 2695.877972 2679.259157 2672.140345 2657.910345 2648.807994 2640.986044 2636.762821 2631.571814 2621.695286 2601.350923 2556.075867 2513.119413 2465.067851 2414.178767 2389.783290 2369.033688 2349.337974 2350.569867 2345.054725 2349.676511 2351.611813 2359.922356 2373.340015 2392.925129 2415.772849 2425.963492 2436.432621 2448.957159 2472.703960 2505.463948 2547.753860 2602.148657 2661.709196 2702.559130 2715.395448 2704.611168 2707.528303 2723.449649 2762.924693 2838.296551 2833.219764 2922.593002 2988.102950 3027.772518 3082.053620 3107.727034 3143.585948 3207.794582 3255.413105 3294.431254 3272.317443 -9999.0 -9999.0 -9999.0 -9999.0 -9999.0 -9999.0 -9999.0 -9999.0 -9999.0 -9999.0
-9999.0 -9999.0 -9999.0 -9999.0 1579.067067 1729.025649 1826.843131 1908.304519 2041.393029 2169.493027 2274.894706 2361.685076 2429.277874 2457.607938 2458.552018 2472.739601 2471.571878 2464.159451 2454.034675 2456.801041 2459.309065 2452.294402 2436.139690 2428.817700 2430.691519 2436.445326 2433.338010 2419.308655 2400.447656 2382.237960 2365.700467 2333.048105 2299.072023 2270.467045 2257.606989 2253.158552 2252.742863 2244.809040 2252.910385 2260.996131 2276.477102 2291.519912 2315.044176 2344.390331 2359.039838 2374.275171 2384.011512 2404.160381 2434.973802 2488.726862 2552.807996 2611.302850 2649.209156 2654.373625 2630.697828 2614.853242 2609.948223 2636.140259 2678.524272 2741.021716 2841.195645 2825.373781 2873.630833 2915.532697 2952.467801 2987.539082 3077.495909 3156.064113 -9999.0 -9999.0 -9999.0 -9999.0 -9999.0 -9999.0 -9999.0 -9999.0 -9999.0 -9999.0 -9999.0 -9999.0
-9999.0 -9999.0 -9999.0 -9999.0 -9999.0 -9999.0 1550.000708 1654.630556 1727.153272 1875.501639 2016.250629 2122.536821 2205.890289 2241.403543 2273.913869 2304.156229 2304.709473 2285.713757 2265.208802 2285.990919 2303.164913 2296.780993 2265.227143 2265.584047 2271.199162 2278.513256 2275.438804 2268.760888 2243.513472 2257.861151 2260.540372 2237.488565 2211.830432 2198.604436 2186.824094 2196.412498 2196.322082 2181.946198 2181.213665 2208.525520 2229.166895 2242.041092 2263.313170 2296.573442 2329.257072 2345.186481 2346.827825 2352.737316 2391.406465 2461.724724 2534.485398 2591.198431 2624.969043 2633.910242 2608.604426 2569.004646 2549.197075 2556.045640 2589.575315 2639.544039 2714.089126 2761.473081 2783.816317 2793.410426 2809.542554 2812.805760 -9999.0 -9999.0 -9999.0 -9999.0 -9999.0 -9999.0 -9999.0 -9999.0 -9999.0 -9999.0 -9999.0 -9999.0 -9999.0 -9999.0
-9999.0 -9999.0 -9999.0 -9999.0 -9999.0 -9999.0 -9999.0 -9999.0 -9999.0 -9999.0 -9999.0 -9999.0 -9999.0 -9999.0 -9999.0 -9999.0 -9999.0 -9999.0 -9999.0 -9999.0 -9999.0 -9999.0 -9999.0 -9999.0 -9999.0 -9999.0 -9999.0 -9999.0 -9999.0 -9999.0 -9999.0 -9999.0 -9999.0 -9999.0 -9999.0 -9999.0 -9999.0 -9999.0 -9999.0 -9999.0 -9999.0 -9999.0 -9999.0 -9999.0 -9999.0 -9999.0 -9999.0 -9999.0 -9999.0 -9999.0 -9999.0 -9999.0 -9999.0 -9999.0 -9999.0 -9999.0 -9999.0 -9999.0 -9999.0 -9999.0 -9999.0 -9999.0 -9999.0 -9999.0 -9999.0 -9999.0 -9999.0 -9999.0 -9999.0 -9999.0 -9999.0 -9999.0 -9999.0 -9999.0 -9999.0 -9999.0 -9999.0 -9999.0 -9999.0 -9999.0
-9999.0 -9999.0 -9999.0 -9999.0 -9999.0 -9999.0 -9999.0 -9999.0 -9999.0 -9999.0 -9999.0 -9999.0 -9999.0 -9999.0 -9999.0 -9999.0 -9999.0 -9999.0 -9999.0 -9999.0 -9999.0 -9999.0 -9999.0 -9999.0 -9999.0 -9999.0 -9999.0 -9999.0 -9999.0 -9999.0 -9999.0 -9999.0 -9999.0 -9999.0 -9999.0 -9999.0 -9999.0 -9999.0 -9999.0 -9999.0 -9999.0 -9999.0 -9999.0 -9999.0 -9999.0 -9999.0 -9999.0 -9999.0 -9999.0 -9999.0 -9999.0 -9999.0 -9999.0 -9999.0 -9999.0 -9999.0 -9999.0 -9999.0 -9999.0 -9999.0 -9999.0 -9999.0 -9999.0 -9999.0 -9999.0 -9999.0 -9999.0 -9999.0 -9999.0 -9999.0 -9999.0 -9999.0 -9999.0 -9999.0 -9999.0 -9999.0 -9999.0 -9999.0 -9999.0 -9999.0