Borden_/Borden1m_014/output_maps/psiliqL0025N0012.asc
ncols         80
nrows         18
xllcorner     620200.000000
yllcorner     5168000.000000
cellsize      1.000000
NODATA_value  -9999.0
-9999.0 -9999.0 -9999.0 -9999.0 -9999.0 -9999.0 -9999.0 -9999.0 -9999.0 -9999.0 -9999.0 -9999.0 -9999.0 -9999.0 -9999.0 -9999.0 -9999.0 -9999.0 -9999.0 -9999.0 -9999.0 -9999.0 -9999.0 -9999.0 -9999.0 -9999.0 -9999.0 -9999.0 -9999.0 -9999.0 -9999.0 -9999.0 -9999.0 -9999.0 -9999.0 -9999.0 -9999.0 -9999.0 -9999.0 -9999.0 -9999.0 -9999.0 -9999.0 -9999.0 -9999.0 -9999.0 -9999.0 -9999.0 -9999.0 -9999.0 -9999.0 -9999.0 -9999.0 -9999.0 -9999.0 -9999.0 -9999.0 -9999.0 -9999.0 -9999.0 -9999.0 -9999.0 -9999.0 -9999.0 -9999.0 -9999.0 -9999.0 -9999.0 -9999.0 -9999.0 -9999.0 -9999.0 -9999.0 -9999.0 -9999.0 -9999.0 -9999.0 -9999.0 -9999.0 -9999.0
-9999.0 -9999.0 -9999.0 -9999.0 -9999.0 -9999.0 -9999.0 -9999.0 -9999.0 -9999.0 -9999.0 -9999.0 -9999.0 -9999.0 -9999.0 -9999.0 -9999.0 -9999.0 -9999.0 -9999.0 -9999.0 -9999.0 -9999.0 -9999.0 -9999.0 -9999.0 -9999.0 -9999.0 -9999.0 -9999.0 -9999.0 -9999.0 -9999.0 -9999.0 -9999.0 -9999.0 -9999.0 -9999.0 -9999.0 -9999.0 -9999.0 -9999.0 -9999.0 -9999.0 -9999.0 -9999.0 -9999.0 -9999.0 -9999.0 -9999.0 -9999.0 -9999.0 -9999.0 -9999.0 -9999.0 -9999.0 -9999.0 -9999.0 -9999.0 -9999.0 -9999.0 -9999.0 -9999.0 -9999.0 -9999.0 -9999.0 -9999.0 -9999.0 -9999.0 -9999.0 -9999.0 -9999.0 -9999.0 -9999.0 -9999.0 -9999.0 -9999.0 -9999.0 -9999.0 -9999.0
-9999.0 -9999.0 -9999.0 -9999.0 -9999.0 -9999.0 -9999.0 -9999.0 -9999.0 -9999.0 -9999.0 -9999.0 -9999.0 -9999.0 -9999.0 -9999.0 -9999.0 -9999.0 -9999.0 -9999.0 3125.337795 3126.333709 3104.480103 3070.211614 3041.746872 3043.298340 3075.979449 3116.237109 3154.583522 3161.772707 3142.444988 3145.825977 3141.069878 3136.504265 3136.583794 3143.999101 3150.240022 3159.843417 3166.681888 3164.317706 3156.901991 3151.759662 3154.056628 3155.698493 3161.893630 3147.776021 3163.690242 3179.696096 3184.626627 3182.001194 3158.646452 3146.832078 3139.183836 3124.021161 3150.789598 3162.804650 3186.386948 3191.303405 3189.674360 3163.362050 3133.523037 -9999.0 -9999.0 -9999.0 -9999.0 -9999.0 -9999.0 -9999.0 -9999.0 -9999.0 -9999.0 -9999.0 -9999.0 -9999.0 -9999.0 -9999.0 -9999.0 -9999.0 -9999.0 -9999.0
-9999.0 -9999.0 -9999.0 -9999.0 -9999.0 -9999.0 -9999.0 -9999.0 -9999.0 -9999.0 -9999.0 -9999.0 -9999.0 -9999.0 3035.642911 3026.650035 3023.490568 3030.499810 3062.660371 3092.571311 3104.140157 3096.415765 3095.927542 3070.910188 3047.798809 3060.001118 3088.842509 3118.744181 3151.537566 3168.472660 3156.973301 3153.979750 3160.669298 3179.825485 3187.725152 3183.888898 3166.271946 3189.927419 3202.992744 3207.345209 3205.191166 3195.258431 3204.076570 3218.036263 3210.981912 3195.769954 3206.549266 3221.556064 3232.675037 3224.608756 3167.134809 3155.245318 3152.649898 3149.101677 3136.645260 3133.210237 3161.889362 3162.072356 3155.337184 3138.618200 3105.833709 3061.004582 3042.639243 3083.642325 3127.799259 3184.498878 -9999.0 -9999.0 -9999.0 -9999.0 -9999.0 -9999.0 -9999.0 -9999.0 -9999.0 -9999.0 -9999.0 -9999.0 -9999.0 -9999.0
-9999.0 -9999.0 -9999.0 -9999.0 -9999.0 -9999.0 -9999.0 -9999.0 -9999.0 2980.107733 2984.328020 2990.966987 2993.027411 3007.797003 3004.328187 3010.822868 3014.513837 3041.122959 3070.063021 3103.012519 3129.487849 3119.692049 3117.910612 3121.556271 3115.875826 3123.232870 3142.927837 3178.784999 3209.717400 3244.541721 3210.812552 3205.627799 3222.761568 3263.844980 3286.963598 3288.847279 3270.092034 3286.148598 3309.400095 3325.045801 3321.399335 3315.371993 3341.030256 3356.042240 3350.299087 3329.034833 3327.461743 3334.864296 3364.135329 3314.009662 3248.883707 3210.728543 3226.693979 3205.907970 3180.155646 3169.644235 3170.839382 3191.811152 3180.624080 3147.465855 3114.753168 3103.783079 3087.665921 3109.160115 3133.046537 3179.972150 3220.243270 3250.415424 3250.300796 3233.338892 -9999.0 -9999.0 -9999.0 -9999.0 -9999.0 -9999.0 -9999.0 -9999.0 -9999.0 -9999.0
-9999.0 -9999.0 -9999.0 -9999.0 -9999.0 -9999.0 2901.628312 2911.939596 2932.457653 2935.003944 2961.105735 2966.098073 2982.387370 2999.031211 3020.064783 3032.307954 3056.712693 3085.852155 3121.163017 3158.111411 3184.745762 3172.949183 3177.580910 3196.715762 3223.203349 3241.839909 3263.791457 3300.798494 3372.291970 3408.178786 3401.043976 3401.721683 3409.796338 3459.761833 3523.442120 3534.429921 3513.828906 3500.685518 3523.973859 3561.102143 3559.387154 3558.194490 3571.029502 3581.716420 3608.468220 3597.798270 3561.986418 3556.390538 3562.803249 3540.667668 3472.614967 3415.719788 3396.881507 3350.861331 3268.607332 3226.034199 3249.519205 3277.562081 3256.332571 3207.568714 3175.865690 3171.040551 3160.673448 3154.326915 3167.291958 3190.708331 3215.283994 3229.621030 3218.260698 3197.897582 3176.573617 3148.717457 3151.582337 3176.745007 -9999.0 -9999.0 -9999.0 -9999.0 -9999.0 -9999.0
-9999.0 -9999.0 -9999.0 -9999.0 2852.303036 2864.933581 2849.998888 2875.720318 2907.274403 2940.371146 2967.488455 2996.103412 3018.463414 3044.319944 3076.766340 3098.340772 3129.741545 3158.492218 3204.676769 3265.116875 3308.764220 3321.868692 3329.920395 3380.462394 3436.299282 3483.098376 3501.522565 3527.063903 3572.221574 3628.402813 3650.618972 3653.457074 3670.331308 3713.083013 3768.771790 3803.708298 3786.153400 3777.224045 3787.068440 3801.154625 3823.289686 3823.365062 3824.476645 3828.499735 3835.999696 3834.341983 3807.998721 3774.697108 3761.800704 3751.820164 3714.376987 3642.743510 3612.420005 3583.861498 3542.204268 3488.602806 3440.951387 3441.779298 3387.778890 3333.513205 3283.862957 3276.028527 3256.104076 3240.563821 3223.441717 3235.926852 3248.121731 3233.474248 3204.066791 3175.181635 3162.536372 3145.306882 3134.380509 3165.747357 3183.817751 3213.514035 -9999.0 -9999.0 -9999.0 -9999.0
-9999.0 -9999.0 2793.798359 2838.976206 2895.506423 2901.192797 2894.311485 2896.629244 2922.333959 2970.853571 3029.717552 3066.052733 3094.289142 3123.442386 3172.984439 3234.575245 3293.839565 3335.612245 3392.725585 3461.283785 3519.910603 3546.565898 3555.387169 3590.636888 3644.880461 3713.303490 3741.077315 3767.338530 3798.830868 3834.931572 3827.813796 3838.649872 3850.850953 3863.086295 3877.565974 3884.434424 3879.651990 3875.068545 3856.557140 3851.464853 3857.966480 3865.818441 3864.945777 3850.339383 3846.372475 3861.298527 3867.415117 3865.411390 3862.720927 3867.726356 3863.640190 3815.823296 3797.271663 3782.201655 3770.766982 3724.868237 3658.534969 3626.054397 3604.927850 3564.349931 3491.361952 3453.818426 3414.643921 3380.095891 3342.805801 3329.589653 3297.358551 3265.531310 3227.160369 3186.756309 3167.995524 3153.942162 3153.841462 3154.802498 3172.728316 3188.596127 3204.642628 3212.757777 -9999.0 -9999.0
-9999.0 2692.807765 2764.714326 2876.424489 2953.321188 2987.932417 2996.449851 2999.308809 3023.153511 3053.412959 3139.344528 3189.640779 3271.586948 3307.798949 3347.912309 3437.268677 3530.548095 3573.318713 3611.644806 3674.413978 3739.426517 3786.175391 3812.328701 3792.971744 3831.945065 3860.481443 3868.211056 3874.941409 3874.674566 3866.189873 3859.585411 3866.295189 3863.378848 3844.289734 3828.301610 3826.583035 3823.200844 3799.964647 3772.501948 3757.130088 3758.616187 3783.478011 3770.425395 3749.090437 3744.690590 3766.289212 3787.500977 3776.865415 3763.749521 3780.296821 3814.771807 3839.384210 3841.010368 3859.408073 3880.491615 3851.661840 3829.961464 3786.402777 3769.592964 3744.264384 3687.729812 3633.008727 3585.154748 3536.817256 3484.622835 3435.698096 3388.340097 3341.415715 3288.439508 3255.953828 3231.860455 3189.244160 3176.556618 3183.218972 3178.431346 3177.133521 3183.954153 3190.607495 -9999.0 -9999.0
-9999.0 2597.549094 2737.521345 2904.272189 3044.487356 3084.190971 3146.203575 3200.995514 3213.982125 3159.676530 3259.103690 3474.245080 3593.484508 3610.183169 3684.693667 3778.524019 3763.110405 3794.088207 3816.921358 3841.453817 3861.200297 3875.062599 3873.223379 3867.927383 3851.517897 3843.531335 3842.672616 3840.591508 3823.284033 3804.410095 3787.668838 3784.605510 3766.836252 3717.940835 3684.947402 3667.725498 3649.226450 3635.678714 3608.325221 3582.501003 3566.287696 3577.088204 3574.989879 3561.310786 3556.886782 3575.141884 3605.968108 3603.704685 3614.990499 3634.481599 3669.855575 3707.693006 3726.859441 3755.791721 3791.253969 3838.763540 3847.873754 3870.210798 3873.258285 3862.302959 3816.132308 3764.906005 3735.665555 3680.620030 3621.172795 3559.590207 3511.031123 3466.569416 3411.733725 3377.784913 3338.723114 3285.509685 3242.572128 3234.649631 3201.416540 3188.302327 -9999.0 -9999.0 -9999.0 -9999.0
-9999.0 2496.789402 2677.452261 2904.982176 3194.063560 3265.858895 3465.008150 3577.986174 3616.498091 3682.791423 3569.662195 3770.638795 3821.701727 3816.254545 3830.374844 3833.301582 3847.384857 3846.842749 3841.773797 3830.831198 3821.343874 3816.849797 3815.758850 3807.864982 3795.284806 3780.718280 3768.878421 3757.563453 3721.177841 3689.467100 3650.787569 3638.469423 3594.695706 3503.499048 3464.962257 3427.032066 3367.035802 3369.347458 3376.245955 3352.427649 3333.093013 3305.640468 3334.675662 3344.928947 3348.910788 3344.801711 3354.693984 3382.564405 3429.632030 3463.561533 3502.193135 3549.723982 3579.828085 3618.717628 3658.456552 3710.478775 3741.341950 3770.055530 3818.507428 3855.404611 3878.032645 3864.258339 3845.301733 3801.127208 3741.164611 3692.025200 3663.358106 3613.307240 3570.032114 3526.620612 3480.399133 3427.890006 3366.752092 3313.297931 3279.500851 -9999.0 -9999.0 -9999.0 -9999.0 -9999.0
-9999.0 2276.534519 2541.129471 2794.853352 3067.701763 3405.976563 3572.398191 3667.056077 3729.478090 3710.306841 3731.674860 3738.497880 3775.336826 3782.284145 3760.833574 3747.253259 3730.007706 3728.919084 3741.949207 3714.799876 3684.800307 3671.596053 3672.469889 3661.774917 3638.110794 3623.245748 3613.967637 3595.719999 3552.871216 3503.262777 3420.175198 3386.720074 3309.200125 3270.288045 3234.184704 3187.941397 3144.152763 3149.838566 3174.088878 3165.326173 3144.880388 3128.072293 3157.269521 3177.524617 3190.568850 3174.580875 3181.135878 3215.131865 3261.095116 3300.939365 3344.270465 3391.666668 3432.912097 3471.880631 3492.929475 3532.354153 3574.089914 3615.318006 3684.935509 3762.546642 3797.976345 3832.274698 3861.490179 3883.233977 3840.582827 3814.014450 3790.548804 3767.408024 3721.577129 3676.424743 3635.904974 3571.880319 3512.385500 -9999.0 -9999.0 -9999.0 -9999.0 -9999.0 -9999.0 -9999.0
-9999.0 2163.426566 2358.701901 2553.454900 2785.750670 3011.328533 3228.758462 3318.806610 3388.315640 3456.329889 3508.320629 3545.265288 3571.001496 3592.321410 3569.678893 3524.233066 3492.340707 3497.238744 3488.723927 3467.715867 3440.212166 3427.433123 3425.004624 3420.348015 3399.285689 3389.141021 3382.534057 3364.812863 3339.632743 3287.700324 3216.978539 3145.438836 3092.467021 3073.261874 3051.228919 3024.953755 2998.571876 3012.235033 3025.277009 3025.462575 3019.084833 3019.356171 3048.400098 3068.176028 3077.603771 3066.600132 3084.582101 3107.493897 3144.085857 3182.616856 3226.665189 3276.081617 3323.825069 3343.655685 3345.746259 3357.322007 3384.721466 3427.644943 3503.492855 3588.921337 3665.531183 3710.536324 3760.941885 3800.542420 3828.252422 3853.861287 3875.674751 3868.291491 3842.720555 3809.611183 3751.425053 -9999.0 -9999.0 -9999.0 -9999.0 -9999.0 -9999.0 -9999.0 -9999.0 -9999.0
-9999.0 -9999.0 2132.622016 2287.159818 2387.623160 2552.875796 2699.869342 2812.619336 2866.296048 3000.130512 3120.030672 3211.592527 3257.193746 3272.619809 3258.686033 3230.104849 3212.779931 3212.458824 3200.988141 3194.680031 3180.402461 3175.341141 3164.236947 3157.263027 3153.440589 3153.173552 3151.449984 3143.962284 3127.959763 3087.490173 3051.217530 3007.776580 2965.957330 2945.067215 2927.627909 2911.261038 2915.809559 2911.567171 2917.578870 2920.854902 2930.696900 2945.018790 2964.470324 2984.761775 2994.328324 3004.273181 3014.924462 3036.217127 3065.763725 3105.308012 3155.994113 3209.932413 3245.162959 3251.539169 3233.299331 3228.090140 3236.036712 3264.610713 3327.590559 3396.225035 3484.977006 3549.826275 3616.370323 3671.873363 3698.266772 3734.639066 3804.247297 3852.228509 3893.924552 3871.565418 -9999.0 -9999.0 -9999.0 -9999.0 -9999.0 -9999.0 -9999.0 -9999.0 -9999.0 -9999.0
-9999.0 -9999.0 -9999.0 -9999.0 2148.592356 2296.925455 2395.690578 2477.814603 2614.421463 2748.814438 2804.411197 2890.338424 2958.363365 2979.000807 2979.534369 2995.758946 2994.741798 2985.808140 2975.175321 2980.099426 2985.139074 2979.396260 2967.869124 2962.352128 2967.075125 2975.982547 2975.491511 2964.142441 2947.842397 2935.049684 2923.565785 2894.547591 2863.946598 2838.218509 2827.820256 2826.065144 2827.337583 2820.433168 2829.528475 2838.917317 2855.198193 2870.521965 2894.070789 2923.672689 2938.262601 2952.758218 2961.089116 2979.255637 3005.577024 3056.593376 3117.723026 3173.590589 3206.808466 3206.788636 3177.794105 3155.765750 3143.057986 3160.175110 3189.184045 3239.744737 3328.429863 3390.125641 3435.396415 3474.127761 3510.319308 3574.896231 3668.581448 3749.382984 -9999.0 -9999.0 -9999.0 -9999.0 -9999.0 -9999.0 -9999.0 -9999.0 -9999.0 -9999.0 -9999.0 -9999.0
-9999.0 -9999.0 -9999.0 -9999.0 -9999.0 -9999.0 2126.136818 2233.140041 2302.976766 2458.631893 2606.406864 2717.340913 2803.328086 2840.711195 2817.178063 2847.277163 2847.769245 2827.602858 2805.949981 2827.937302 2847.397528 2841.427786 2809.629906 2811.880455 2819.963630 2829.159022 2828.218028 2824.141471 2801.684613 2820.520442 2827.149281 2806.883589 2783.933176 2798.077073 2786.408726 2796.043089 2795.979877 2781.526942 2780.544992 2790.789996 2812.146365 2825.173539 2846.226582 2879.386412 2911.745857 2927.188080 2927.742371 2932.008032 2968.218544 3034.218211 3104.582841 3158.998130 3189.372512 3193.726279 3162.626944 3117.506059 3091.002749 3089.499171 3113.342875 3152.233944 3212.940555 3248.780729 3259.648431 3260.541878 3272.530361 3371.402186 -9999.0 -9999.0 -9999.0 -9999.0 -9999.0 -9999.0 -9999.0 -9999.0 -9999.0 -9999.0 -9999.0 -9999.0 -9999.0 -9999.0
-9999.0 -9999.0 -9999.0 -9999.0 -9999.0 -9999.0 -9999.0 -9999.0 -9999.0 -9999.0 -9999.0 -9999.0 -9999.0 -9999.0 -9999.0 -9999.0 -9999.0 -9999.0 -9999.0 -9999.0 -9999.0 -9999.0 -9999.0 -9999.0 -9999.0 -9999.0 -9999.0 -9999.0 -9999.0 -9999.0 -9999.0 -9999.0 -9999.0 -9999.0 -9999.0 -9999.0 -9999.0 -9999.0 -9999.0 -9999.0 -9999.0 -9999.0 -9999.0 -9999.0 -9999.0 -9999.0 -9999.0 -9999.0 -9999.0 -9999.0 -9999.0 -9999.0 -9999.0 -9999.0 -9999.0 -9999.0 -9999.0 -9999.0 -9999.0 -9999.0 -9999.0 -9999.0 -9999.0 -9999.0 -9999.0 -9999.0 -9999.0 -9999.0 -9999.0 -9999.0 -9999.0 -9999.0 -9999.0 -9999.0 -9999.0 -9999.0 -9999.0 -9999.0 -9999.0 -9999.0
-9999.0 -9999.0 -9999.0 -9999.0 -9999.0 -9999.0 -9999.0 -9999.0 -9999.0 -9999.0 -9999.0 -9999.0 -9999.0 -9999.0 -9999.0 -9999.0 -9999.0 -9999.0 -9999.0 -9999.0 -9999.0 -9999.0 -9999.0 -9999.0 -9999.0 -9999.0 -9999.0 -9999.0 -9999.0 -9999.0 -9999.0 -9999.0 -9999.0 -9999.0 -9999.0 -9999.0 -9999.0 -9999.0 -9999.0 -9999.0 -9999.0 -9999.0 -9999.0 -9999.0 -9999.0 -9999.0 -9999.0 -9999.0 -9999.0 -9999.0 -9999.0 -9999.0 -9999.0 -9999.0 -9999.0 -9999.0 -9999.0 -9999.0 -9999.0 -9999.0 -9999.0 -9999.0 -9999.0 -9999.0 -9999.0 -9999.0 -9999.0 -9999.0 -9999.0 -9999.0 -9999.0 -9999.0 -9999.0 -9999.0 -9999.0 -9999.0 -9999.0 -9999.0 -9999.0 -9999.0