Borden_/Borden1m_014/output_maps/psiliqL0009N0039.asc
ncols         80
nrows         18
xllcorner     620200.000000
yllcorner     5168000.000000
cellsize      1.000000
NODATA_value  -9999.0
-9999.0 -9999.0 -9999.0 -9999.0 -9999.0 -9999.0 -9999.0 -9999.0 -9999.0 -9999.0 -9999.0 -9999.0 -9999.0 -9999.0 -9999.0 -9999.0 -9999.0 -9999.0 -9999.0 -9999.0 -9999.0 -9999.0 -9999.0 -9999.0 -9999.0 -9999.0 -9999.0 -9999.0 -9999.0 -9999.0 -9999.0 -9999.0 -9999.0 -9999.0 -9999.0 -9999.0 -9999.0 -9999.0 -9999.0 -9999.0 -9999.0 -9999.0 -9999.0 -9999.0 -9999.0 -9999.0 -9999.0 -9999.0 -9999.0 -9999.0 -9999.0 -9999.0 -9999.0 -9999.0 -9999.0 -9999.0 -9999.0 -9999.0 -9999.0 -9999.0 -9999.0 -9999.0 -9999.0 -9999.0 -9999.0 -9999.0 -9999.0 -9999.0 -9999.0 -9999.0 -9999.0 -9999.0 -9999.0 -9999.0 -9999.0 -9999.0 -9999.0 -9999.0 -9999.0 -9999.0
-9999.0 -9999.0 -9999.0 -9999.0 -9999.0 -9999.0 -9999.0 -9999.0 -9999.0 -9999.0 -9999.0 -9999.0 -9999.0 -9999.0 -9999.0 -9999.0 -9999.0 -9999.0 -9999.0 -9999.0 -9999.0 -9999.0 -9999.0 -9999.0 -9999.0 -9999.0 -9999.0 -9999.0 -9999.0 -9999.0 -9999.0 -9999.0 -9999.0 -9999.0 -9999.0 -9999.0 -9999.0 -9999.0 -9999.0 -9999.0 -9999.0 -9999.0 -9999.0 -9999.0 -9999.0 -9999.0 -9999.0 -9999.0 -9999.0 -9999.0 -9999.0 -9999.0 -9999.0 -9999.0 -9999.0 -9999.0 -9999.0 -9999.0 -9999.0 -9999.0 -9999.0 -9999.0 -9999.0 -9999.0 -9999.0 -9999.0 -9999.0 -9999.0 -9999.0 -9999.0 -9999.0 -9999.0 -9999.0 -9999.0 -9999.0 -9999.0 -9999.0 -9999.0 -9999.0 -9999.0
-9999.0 -9999.0 -9999.0 -9999.0 -9999.0 -9999.0 -9999.0 -9999.0 -9999.0 -9999.0 -9999.0 -9999.0 -9999.0 -9999.0 -9999.0 -9999.0 -9999.0 -9999.0 -9999.0 -9999.0 -64.461383 -61.385873 -83.845687 -117.581151 -145.626706 -143.280002 -107.837235 -66.069108 -27.347396 -16.193847 -33.718610 -31.622144 -36.042483 -35.625167 -31.961387 -25.293377 -21.963467 -9.839880 -0.500407 0.086660 -5.393295 -10.519621 -10.991741 -7.232911 -2.323438 -12.154113 0.820850 15.650114 21.144261 14.613098 -14.461266 -31.688156 -41.066421 -56.627534 -32.898693 -21.041172 1.522455 5.410657 3.661963 -23.871007 -54.282786 -9999.0 -9999.0 -9999.0 -9999.0 -9999.0 -9999.0 -9999.0 -9999.0 -9999.0 -9999.0 -9999.0 -9999.0 -9999.0 -9999.0 -9999.0 -9999.0 -9999.0 -9999.0 -9999.0
-9999.0 -9999.0 -9999.0 -9999.0 -9999.0 -9999.0 -9999.0 -9999.0 -9999.0 -9999.0 -9999.0 -9999.0 -9999.0 -9999.0 -155.727562 -165.676890 -168.441211 -159.609743 -125.486456 -95.155209 -82.466909 -89.790674 -89.514206 -112.653245 -132.385737 -117.661000 -87.431712 -54.821958 -19.049115 2.919028 -8.804980 -10.671057 0.955462 30.135632 46.477295 44.791164 23.892997 47.717496 65.908418 77.492651 78.339712 70.790931 86.587628 103.792240 96.681885 77.545100 79.441646 90.083017 103.224038 85.195303 16.201834 -7.548604 -12.782046 -21.063320 -35.976992 -43.616315 -19.428173 -19.140884 -28.017291 -46.595971 -79.391826 -123.706573 -141.955358 -103.747350 -59.563058 -1.649647 -9999.0 -9999.0 -9999.0 -9999.0 -9999.0 -9999.0 -9999.0 -9999.0 -9999.0 -9999.0 -9999.0 -9999.0 -9999.0 -9999.0
-9999.0 -9999.0 -9999.0 -9999.0 -9999.0 -9999.0 -9999.0 -9999.0 -9999.0 -213.433970 -209.580440 -202.288248 -200.218103 -184.350185 -185.984805 -178.723727 -170.493547 -143.727458 -112.006657 -76.118716 -46.408002 -55.451905 -54.154569 -41.022512 -33.103753 -18.502293 4.793117 48.948483 95.686260 142.007114 115.027420 114.493809 136.868477 192.167704 235.898933 247.772837 228.153915 234.365682 265.153502 295.611335 301.054923 302.080693 328.749349 343.039975 347.312273 325.842637 303.241081 298.036825 320.696943 262.884927 187.119852 125.564467 122.165224 86.051303 40.367062 14.722813 9.881281 30.469959 13.463623 -25.805710 -63.728176 -74.394321 -91.818935 -75.987893 -53.806961 -7.092623 31.454471 60.028180 59.875143 42.135610 -9999.0 -9999.0 -9999.0 -9999.0 -9999.0 -9999.0 -9999.0 -9999.0 -9999.0 -9999.0
-9999.0 -9999.0 -9999.0 -9999.0 -9999.0 -9999.0 -292.331865 -283.405227 -263.535040 -257.971592 -233.309644 -225.478158 -204.546904 -184.692326 -163.354922 -145.499049 -113.463684 -79.442151 -36.022845 10.879008 46.697781 45.218312 58.788906 96.948636 145.201072 182.894535 213.608427 261.776967 347.748350 398.466103 414.093411 421.264981 431.567737 477.704693 540.409063 557.754596 538.374386 525.035636 546.767824 588.159662 611.426035 616.835373 625.741151 634.260708 659.197053 648.303512 594.487757 570.794539 561.524608 545.886246 488.819146 424.887689 380.173505 325.114127 234.172473 165.989116 162.154033 175.125870 138.860611 79.316551 31.935816 18.112840 1.016405 -14.896853 -10.851303 7.512785 29.983591 40.688705 27.518783 6.361413 -17.079418 -46.076769 -44.473700 -19.065667 -9999.0 -9999.0 -9999.0 -9999.0 -9999.0 -9999.0
-9999.0 -9999.0 -9999.0 -9999.0 -342.135163 -329.678511 -341.303485 -317.445909 -285.206470 -251.547038 -218.528139 -180.224784 -151.912676 -120.734344 -77.131732 -36.179536 12.115153 52.091425 113.533316 192.053968 255.250680 289.984196 313.511008 379.198530 442.310941 494.644360 516.515798 546.316965 593.461881 666.489864 696.871385 704.370643 720.161964 750.722619 790.837331 822.982104 806.892429 802.759967 809.405951 821.654340 849.124013 852.024696 854.091520 855.301864 857.955484 856.886846 831.523071 797.095265 780.377334 768.311578 746.092369 681.518872 626.500395 592.111039 561.629462 511.474622 441.419648 416.495598 355.711414 293.122535 215.586301 182.120433 143.302350 111.515461 75.881851 72.841801 72.694064 50.377570 17.836436 -15.134812 -30.614369 -49.543946 -59.918184 -30.039180 -12.316469 18.697777 -9999.0 -9999.0 -9999.0 -9999.0
-9999.0 -9999.0 -400.429980 -350.580010 -294.535516 -285.712416 -283.331024 -277.692579 -249.879605 -197.911270 -117.325803 -60.941137 -11.821066 23.704911 90.303893 186.054690 277.575817 334.478388 397.091955 465.410271 528.179929 568.161075 598.858681 641.870056 691.154739 743.076629 769.299747 793.262285 825.606305 858.863629 879.876296 895.246435 901.246905 899.379929 900.275833 899.714356 895.728990 891.395741 875.241054 873.416036 881.728753 886.004791 888.950853 876.358942 872.343320 884.685406 886.300503 885.106129 884.534774 891.120123 899.330080 866.090231 816.809971 800.522616 791.642697 750.757837 686.067639 632.124825 606.813109 563.961698 483.394337 427.354033 372.359070 315.207262 251.860145 208.424955 151.779756 103.552096 53.551191 5.946698 -18.572769 -37.521721 -40.050436 -39.654663 -23.618295 -7.983944 7.450370 15.283600 -9999.0 -9999.0
-9999.0 -499.810271 -427.141480 -299.486591 -219.960880 -173.884339 -132.845218 -101.990312 -74.139770 -54.452843 61.760721 180.297565 284.082357 322.923241 380.580296 482.820033 588.280634 632.925619 665.691876 714.114320 766.361133 811.201406 842.063637 868.624069 897.295751 899.960254 900.309853 901.059293 895.400508 888.338355 878.936614 885.760931 882.977460 865.544510 850.151921 846.218439 837.760829 814.302238 788.317663 775.398821 779.569929 801.262387 790.673192 770.711917 767.005268 787.029637 803.732520 795.046453 781.809886 797.375980 834.664715 856.752044 871.325359 886.008281 906.295205 883.047917 850.648829 809.338616 790.463033 760.194600 693.201298 628.182477 572.835583 508.361400 439.914693 366.557715 296.086104 225.492459 149.728041 104.482213 70.026162 16.132966 -8.050383 -7.310571 -16.944039 -19.751779 -13.344520 -6.940931 -9999.0 -9999.0
-9999.0 -572.408133 -428.869706 -242.468808 -93.557868 -27.103363 96.028264 191.386845 229.132036 208.678158 331.095915 563.605156 650.155643 664.028658 728.062766 806.256510 842.555862 871.126843 888.817632 888.258856 887.459191 893.158535 891.938118 885.613678 871.916881 864.447329 863.421551 859.963838 840.456472 820.622503 803.136750 799.321481 782.279186 742.808017 708.066386 688.424845 666.983060 642.952770 608.505989 582.713787 570.224030 588.981456 579.581230 561.484327 557.650644 580.761109 613.177724 607.286623 612.121337 634.423728 678.144792 726.210380 750.598875 779.323564 815.968108 858.766737 877.038233 897.040331 902.389424 879.429964 835.801928 784.583145 749.409279 677.793871 601.151356 518.929531 453.884795 392.001831 320.933454 269.152498 214.276383 149.587638 87.094213 56.180688 14.816087 -6.974236 -9999.0 -9999.0 -9999.0 -9999.0
-9999.0 -639.629668 -448.077155 -181.680130 85.383277 226.495568 429.211960 566.842376 644.276520 695.093719 727.870013 841.460663 866.405879 858.149101 844.007735 844.852494 858.593643 862.040391 857.573162 846.281046 834.419863 827.959622 829.409153 822.447873 810.337781 795.608672 782.545365 767.615903 720.038317 683.982074 651.055777 635.733149 600.204342 510.481954 466.197084 432.650006 377.456096 366.478053 353.912564 323.441716 303.503867 287.030831 305.733775 306.079957 307.000425 314.948744 336.201510 357.146546 400.364502 437.011511 482.540975 537.398220 572.753421 616.950949 667.495611 732.441152 765.410349 794.412802 840.270971 880.233622 902.186596 892.486047 862.094727 817.446271 746.332436 667.325893 611.596493 534.631740 468.382611 417.914824 376.769843 327.012976 256.491401 153.175467 105.475704 -9999.0 -9999.0 -9999.0 -9999.0 -9999.0
-9999.0 -796.910593 -528.572433 -230.943377 106.426565 430.948174 545.201344 705.911211 781.515744 725.276351 706.909405 738.984765 777.543585 785.287474 764.805728 756.225383 748.418882 748.161415 758.921714 727.094178 690.341115 674.856247 674.118294 662.268776 639.852672 622.164557 608.449484 586.951878 535.010531 484.329065 407.943005 380.751067 304.521684 232.246732 177.864873 123.901564 68.529163 64.623473 79.189943 61.476488 38.130908 18.864372 44.763746 60.729713 72.097475 62.721295 72.878160 110.034874 163.145741 212.657196 271.338853 333.491873 383.870001 435.930667 471.991637 527.888882 576.202021 623.607818 699.004027 783.330974 818.467984 852.670681 887.247437 901.113371 851.227445 796.474181 738.033613 659.738668 563.539252 516.162712 496.415340 468.778744 419.070882 -9999.0 -9999.0 -9999.0 -9999.0 -9999.0 -9999.0 -9999.0
-9999.0 -930.148735 -699.443403 -451.884705 -150.365879 94.726249 284.890880 406.036224 497.186657 489.571275 501.786608 533.546367 565.689658 588.190089 565.363371 528.120216 500.969512 504.024377 501.585378 474.915256 443.355627 427.851044 426.160784 418.600182 392.610792 375.483215 362.504511 337.130684 296.485619 233.532777 142.267465 68.695177 3.319853 -35.201961 -67.891388 -102.656973 -142.279287 -132.368083 -118.310432 -123.252243 -135.838485 -140.408903 -110.804019 -92.326982 -82.205682 -95.119273 -76.329819 -48.719559 -5.613271 38.375017 89.714155 148.857710 208.438096 245.562692 267.481331 303.488345 350.756340 411.105481 499.223106 596.562089 671.943559 726.747141 777.640335 807.811377 819.706132 832.029114 807.444005 715.802747 570.618122 555.837056 557.608408 -9999.0 -9999.0 -9999.0 -9999.0 -9999.0 -9999.0 -9999.0 -9999.0 -9999.0
-9999.0 -9999.0 -936.281844 -746.992585 -587.881280 -400.770164 -247.757625 -137.975184 -59.228470 32.372142 126.257986 208.759753 254.986152 273.475035 254.455890 210.226044 181.053619 180.034859 169.377164 153.509787 127.257403 116.823560 106.471605 97.850299 83.728436 75.322878 68.676503 55.768940 30.625031 -19.360596 -74.617479 -128.449623 -184.138321 -210.255512 -232.926919 -256.034415 -259.801581 -261.817921 -255.108230 -254.003528 -248.705261 -237.004897 -216.231705 -194.850141 -185.426187 -178.303827 -165.672383 -141.842848 -108.367578 -66.767649 -13.368662 43.998024 84.337845 98.414898 90.915070 99.806651 126.322627 178.816201 278.417058 375.114935 470.122261 542.050922 612.805009 660.773798 674.313417 689.999408 711.209518 627.577058 359.722013 486.637143 -9999.0 -9999.0 -9999.0 -9999.0 -9999.0 -9999.0 -9999.0 -9999.0 -9999.0 -9999.0
-9999.0 -9999.0 -9999.0 -9999.0 -890.408155 -733.387503 -639.031909 -556.051945 -434.214198 -324.652128 -231.709619 -154.153625 -99.941918 -75.790316 -86.991395 -92.922379 -101.697224 -105.829098 -114.808009 -120.533103 -126.423337 -134.567863 -146.280611 -154.141938 -155.175565 -152.017510 -154.489825 -168.080546 -184.705392 -212.409962 -236.947407 -272.666120 -310.079242 -339.485707 -352.675924 -359.659361 -359.476009 -365.042186 -355.527552 -349.172312 -334.313049 -318.878699 -294.852263 -266.526952 -253.932049 -239.730788 -229.986628 -209.079785 -178.967100 -126.118463 -63.704846 -7.447631 26.683859 30.226431 3.863741 -11.936134 -14.390002 15.963571 68.244235 146.415540 262.372374 346.077527 412.804207 459.657985 490.742854 532.576037 573.950474 588.884093 -9999.0 -9999.0 -9999.0 -9999.0 -9999.0 -9999.0 -9999.0 -9999.0 -9999.0 -9999.0 -9999.0 -9999.0
-9999.0 -9999.0 -9999.0 -9999.0 -9999.0 -9999.0 -945.980760 -851.375189 -764.541627 -642.095387 -528.116353 -435.860018 -361.148750 -335.852603 -318.126394 -295.788467 -300.382631 -317.424722 -334.101835 -317.642671 -308.090326 -313.099607 -340.690753 -342.230480 -338.797828 -329.584173 -330.903821 -337.126254 -362.073120 -354.042630 -355.592519 -378.791805 -404.994269 -419.452172 -431.029889 -421.028648 -420.185619 -432.710049 -430.285248 -404.165716 -384.423478 -370.946139 -348.409021 -315.280663 -283.345990 -269.108012 -268.181745 -261.975370 -220.453363 -150.218440 -80.105915 -26.813583 3.771193 10.676116 -18.519676 -60.204388 -82.194608 -75.562730 -40.146571 15.694168 97.700868 153.834593 191.213408 217.829906 249.954004 347.272373 -9999.0 -9999.0 -9999.0 -9999.0 -9999.0 -9999.0 -9999.0 -9999.0 -9999.0 -9999.0 -9999.0 -9999.0 -9999.0 -9999.0
-9999.0 -9999.0 -9999.0 -9999.0 -9999.0 -9999.0 -9999.0 -9999.0 -9999.0 -9999.0 -9999.0 -9999.0 -9999.0 -9999.0 -9999.0 -9999.0 -9999.0 -9999.0 -9999.0 -9999.0 -9999.0 -9999.0 -9999.0 -9999.0 -9999.0 -9999.0 -9999.0 -9999.0 -9999.0 -9999.0 -9999.0 -9999.0 -9999.0 -9999.0 -9999.0 -9999.0 -9999.0 -9999.0 -9999.0 -9999.0 -9999.0 -9999.0 -9999.0 -9999.0 -9999.0 -9999.0 -9999.0 -9999.0 -9999.0 -9999.0 -9999.0 -9999.0 -9999.0 -9999.0 -9999.0 -9999.0 -9999.0 -9999.0 -9999.0 -9999.0 -9999.0 -9999.0 -9999.0 -9999.0 -9999.0 -9999.0 -9999.0 -9999.0 -9999.0 -9999.0 -9999.0 -9999.0 -9999.0 -9999.0 -9999.0 -9999.0 -9999.0 -9999.0 -9999.0 -9999.0
-9999.0 -9999.0 -9999.0 -9999.0 -9999.0 -9999.0 -9999.0 -9999.0 -9999.0 -9999.0 -9999.0 -9999.0 -9999.0 -9999.0 -9999.0 -9999.0 -9999.0 -9999.0 -9999.0 -9999.0 -9999.0 -9999.0 -9999.0 -9999.0 -9999.0 -9999.0 -9999.0 -9999.0 -9999.0 -9999.0 -9999.0 -9999.0 -9999.0 -9999.0 -9999.0 -9999.0 -9999.0 -9999.0 -9999.0 -9999.0 -9999.0 -9999.0 -9999.0 -9999.0 -9999.0 -9999.0 -9999.0 -9999.0 -9999.0 -9999.0 -9999.0 -9999.0 -9999.0 -9999.0 -9999.0 -9999.0 -9999.0 -9999.0 -9999.0 -9999.0 -9999.0 -9999.0 -9999.0 -9999.0 -9999.0 -9999.0 -9999.0 -9999.0 -9999.0 -9999.0 -9999.0 -9999.0 -9999.0 -9999.0 -9999.0 -9999.0 -9999.0 -9999.0 -9999.0 -9999.0