Borden_/Borden1m_014/output_maps/psiliqL0010N0038.asc
ncols         80
nrows         18
xllcorner     620200.000000
yllcorner     5168000.000000
cellsize      1.000000
NODATA_value  -9999.0
-9999.0 -9999.0 -9999.0 -9999.0 -9999.0 -9999.0 -9999.0 -9999.0 -9999.0 -9999.0 -9999.0 -9999.0 -9999.0 -9999.0 -9999.0 -9999.0 -9999.0 -9999.0 -9999.0 -9999.0 -9999.0 -9999.0 -9999.0 -9999.0 -9999.0 -9999.0 -9999.0 -9999.0 -9999.0 -9999.0 -9999.0 -9999.0 -9999.0 -9999.0 -9999.0 -9999.0 -9999.0 -9999.0 -9999.0 -9999.0 -9999.0 -9999.0 -9999.0 -9999.0 -9999.0 -9999.0 -9999.0 -9999.0 -9999.0 -9999.0 -9999.0 -9999.0 -9999.0 -9999.0 -9999.0 -9999.0 -9999.0 -9999.0 -9999.0 -9999.0 -9999.0 -9999.0 -9999.0 -9999.0 -9999.0 -9999.0 -9999.0 -9999.0 -9999.0 -9999.0 -9999.0 -9999.0 -9999.0 -9999.0 -9999.0 -9999.0 -9999.0 -9999.0 -9999.0 -9999.0
-9999.0 -9999.0 -9999.0 -9999.0 -9999.0 -9999.0 -9999.0 -9999.0 -9999.0 -9999.0 -9999.0 -9999.0 -9999.0 -9999.0 -9999.0 -9999.0 -9999.0 -9999.0 -9999.0 -9999.0 -9999.0 -9999.0 -9999.0 -9999.0 -9999.0 -9999.0 -9999.0 -9999.0 -9999.0 -9999.0 -9999.0 -9999.0 -9999.0 -9999.0 -9999.0 -9999.0 -9999.0 -9999.0 -9999.0 -9999.0 -9999.0 -9999.0 -9999.0 -9999.0 -9999.0 -9999.0 -9999.0 -9999.0 -9999.0 -9999.0 -9999.0 -9999.0 -9999.0 -9999.0 -9999.0 -9999.0 -9999.0 -9999.0 -9999.0 -9999.0 -9999.0 -9999.0 -9999.0 -9999.0 -9999.0 -9999.0 -9999.0 -9999.0 -9999.0 -9999.0 -9999.0 -9999.0 -9999.0 -9999.0 -9999.0 -9999.0 -9999.0 -9999.0 -9999.0 -9999.0
-9999.0 -9999.0 -9999.0 -9999.0 -9999.0 -9999.0 -9999.0 -9999.0 -9999.0 -9999.0 -9999.0 -9999.0 -9999.0 -9999.0 -9999.0 -9999.0 -9999.0 -9999.0 -9999.0 -9999.0 138.278880 141.337782 119.133148 85.646012 57.898991 60.515713 96.094484 138.104858 177.138138 188.398555 171.144009 173.607984 169.462339 169.845570 173.536816 180.458938 184.179352 196.338357 205.784678 206.517838 201.252547 196.405027 196.275002 199.942992 204.854847 194.622535 207.446002 221.961920 226.981385 220.229175 191.050286 173.634790 163.837100 147.821044 171.216490 182.639419 204.849174 208.457507 206.413968 178.750460 148.252727 -9999.0 -9999.0 -9999.0 -9999.0 -9999.0 -9999.0 -9999.0 -9999.0 -9999.0 -9999.0 -9999.0 -9999.0 -9999.0 -9999.0 -9999.0 -9999.0 -9999.0 -9999.0 -9999.0
-9999.0 -9999.0 -9999.0 -9999.0 -9999.0 -9999.0 -9999.0 -9999.0 -9999.0 -9999.0 -9999.0 -9999.0 -9999.0 -9999.0 46.547027 36.848294 34.334421 43.350720 77.612564 108.128491 120.791376 113.668898 114.179971 91.287200 71.747529 86.700276 117.259061 150.160590 186.182404 208.220805 196.995331 195.409305 206.965243 235.589472 251.462252 249.846953 229.555967 253.514124 271.543126 282.924176 283.978363 276.681650 292.016574 308.860242 301.730919 282.854588 285.007581 295.404631 307.736610 290.092935 221.801918 198.337840 192.624089 184.039372 168.725378 160.828966 184.776132 184.626920 175.497875 156.691550 123.636065 79.182967 60.646183 98.652622 142.487262 200.025678 -9999.0 -9999.0 -9999.0 -9999.0 -9999.0 -9999.0 -9999.0 -9999.0 -9999.0 -9999.0 -9999.0 -9999.0 -9999.0 -9999.0
-9999.0 -9999.0 -9999.0 -9999.0 -9999.0 -9999.0 -9999.0 -9999.0 -9999.0 -11.808205 -7.655519 -0.125955 2.266921 18.349570 16.796641 24.322297 32.658973 59.810563 91.759854 127.846076 157.705210 149.097663 150.691818 163.675175 171.169246 185.740234 209.278416 253.268032 299.073349 344.550550 317.941782 317.453404 339.307608 392.431840 433.439850 444.295185 425.639734 432.652038 462.384212 491.473266 496.268623 497.137820 523.470580 537.621578 541.093460 519.698481 498.855139 494.173933 516.482861 459.931219 386.695020 327.563902 325.026454 289.675692 245.066570 219.932089 214.912370 234.866305 217.754154 178.410375 140.326576 129.144297 111.324649 127.000168 148.801020 195.054401 233.294911 261.474404 260.976519 243.119331 -9999.0 -9999.0 -9999.0 -9999.0 -9999.0 -9999.0 -9999.0 -9999.0 -9999.0 -9999.0
-9999.0 -9999.0 -9999.0 -9999.0 -9999.0 -9999.0 -91.023346 -81.815623 -61.645839 -56.015595 -30.940168 -22.859840 -1.639430 18.477273 40.270051 58.349485 90.529161 124.871477 168.331241 215.011044 250.634968 249.154548 262.735957 299.696525 346.097080 382.008231 411.733751 458.290480 542.197979 591.287505 605.554609 612.525399 623.171828 669.926091 733.244530 749.916217 730.942704 717.432799 739.234674 779.853562 798.770585 803.751308 813.145863 821.868573 846.727737 835.791679 785.944966 763.740044 755.273679 739.297490 681.210169 616.670787 573.779635 519.627123 430.706636 365.618860 363.347833 376.587139 341.439080 282.630738 235.908593 221.984726 204.660519 188.656940 192.513616 210.433666 232.308154 242.595860 229.053788 207.579136 183.971629 154.796298 156.266541 181.510689 -9999.0 -9999.0 -9999.0 -9999.0 -9999.0 -9999.0
-9999.0 -9999.0 -9999.0 -9999.0 -141.072215 -128.366019 -139.866316 -115.512011 -82.880705 -48.766307 -15.516329 23.024684 51.708751 83.301530 126.948187 167.427623 215.271194 255.030670 315.412418 391.621139 452.222402 485.297925 507.703112 571.688243 634.556399 687.365854 709.318411 739.020180 785.345797 854.688755 884.480198 891.875218 909.824603 939.868942 982.964802 1013.358073 999.035940 992.779170 999.847570 1012.559659 1039.730920 1042.676915 1044.884609 1046.382798 1049.241243 1047.812084 1022.260057 987.489274 971.020540 960.122055 936.092066 870.153121 819.037672 785.137938 754.199063 703.510049 634.002916 610.320962 550.126808 488.387594 414.047478 382.610180 345.135728 314.038738 279.013175 275.971495 275.590729 252.894881 219.820328 186.505790 170.725764 151.547325 140.862041 170.598216 188.168048 218.961170 -9999.0 -9999.0 -9999.0 -9999.0
-9999.0 -9999.0 -199.827038 -150.056009 -93.631725 -84.493761 -82.048401 -75.867100 -47.409190 5.137617 85.448221 141.518076 190.152960 226.102902 291.834450 384.197390 471.274943 526.743067 588.636664 657.481758 721.043359 760.382709 788.162065 829.491964 879.591763 933.941988 959.530401 984.225004 1015.413867 1049.892703 1069.722639 1084.843761 1091.839941 1090.495775 1092.559932 1091.817363 1088.141279 1083.193442 1066.764340 1064.890042 1073.231627 1077.662601 1080.201328 1067.807269 1063.821155 1075.936358 1077.598806 1076.347390 1075.647876 1082.564118 1089.909497 1055.507488 1007.778904 989.741986 982.196147 940.722402 876.551376 825.677611 800.710627 757.515623 677.196666 621.211544 566.670200 511.013152 449.818081 408.581761 353.560358 305.757232 255.698641 207.763970 182.949783 163.822981 161.035230 161.120319 176.997042 192.439603 207.750730 215.519988 -9999.0 -9999.0
-9999.0 -299.978819 -227.240517 -99.653974 -19.690918 26.639719 66.655147 96.877647 125.659641 147.323761 261.862109 374.253113 474.855092 513.783034 570.277657 671.764060 773.326017 818.369402 852.281001 900.458604 956.516024 1002.581009 1032.843961 1056.900168 1086.550391 1091.197547 1091.884652 1093.111458 1087.703017 1080.844655 1071.611376 1078.427338 1075.677334 1057.820081 1042.063569 1038.096183 1030.350987 1005.555920 979.361801 966.250627 970.147158 991.567798 979.656989 960.806154 957.261927 976.609569 993.130647 985.537081 973.090600 989.989257 1026.428727 1048.599302 1062.346264 1076.780332 1097.666140 1074.231475 1042.478710 1000.922785 981.708138 951.127436 886.704426 822.346367 766.942196 703.086422 634.291848 561.296316 491.966102 423.115077 349.304473 304.513794 270.352164 216.936483 193.032243 193.602344 183.849695 180.822078 187.008986 193.327083 -9999.0 -9999.0
-9999.0 -373.976545 -230.488381 -44.163810 105.162722 170.914511 290.271671 382.242147 418.406748 398.023953 516.452388 743.994158 833.828864 848.908650 914.837116 994.819766 1028.364784 1057.827040 1076.636786 1077.449124 1078.910939 1085.436992 1083.920423 1078.164777 1064.647585 1057.090353 1056.004084 1052.339082 1032.969637 1012.972072 995.103470 991.255549 974.429563 933.622326 899.281797 880.290022 860.252256 836.599304 802.384268 776.469946 763.641149 781.744885 772.496908 754.983212 751.229248 773.905146 806.218734 800.937285 806.471003 829.013406 871.963505 917.285136 941.132569 968.911967 1007.174784 1050.756645 1068.744806 1088.939967 1093.895022 1071.436937 1027.307741 975.691322 940.265224 871.310510 795.233949 713.429618 647.516671 584.285206 513.012382 462.188176 409.434322 347.051087 286.461304 256.724792 215.400756 193.722629 -9999.0 -9999.0 -9999.0 -9999.0
-9999.0 -443.330745 -252.174545 13.102839 281.794215 415.985464 619.263392 754.839442 826.483946 882.852755 904.607780 1023.999626 1052.008326 1044.971513 1033.501588 1035.214836 1049.507194 1053.189181 1049.163441 1038.230724 1027.119549 1020.934583 1020.047680 1013.921089 1002.373740 987.553220 974.366720 959.424159 914.790891 879.127351 845.305045 829.974292 793.934528 703.655964 659.206172 624.851359 569.306164 559.123523 547.697980 517.812004 498.085996 481.080203 500.096259 501.194036 502.430753 509.577560 530.021693 551.404922 594.644617 631.522701 677.352980 731.893852 767.178718 811.157448 861.217382 923.469074 956.459778 985.541758 1031.654548 1071.984227 1094.244376 1084.128829 1053.728845 1007.927126 936.241527 860.482153 805.377748 728.329918 661.378278 609.747619 567.491963 517.939946 449.383322 351.818238 305.272558 -9999.0 -9999.0 -9999.0 -9999.0 -9999.0
-9999.0 -604.762424 -336.178718 -39.931649 292.708230 617.048926 734.290421 886.253934 961.231945 909.872103 897.889182 926.524208 966.096071 974.292740 954.601281 946.560141 937.928540 937.809580 949.336581 919.940449 884.860323 869.317990 868.121672 856.491697 834.147320 816.491322 802.822768 781.281994 730.045990 678.895866 600.915292 573.182612 497.424669 428.624779 376.647337 323.888123 269.590792 265.948550 280.711143 263.534503 240.438869 221.400926 247.282028 263.508386 275.031086 265.485327 275.556312 312.476290 364.680114 412.808313 469.353457 529.874083 579.469074 630.892177 666.868878 722.112675 770.461307 817.766577 892.632920 974.858543 1010.566298 1044.851648 1078.892852 1091.986839 1040.625529 985.459399 927.414090 852.161097 757.723236 710.767056 690.552630 661.129936 610.379336 -9999.0 -9999.0 -9999.0 -9999.0 -9999.0 -9999.0 -9999.0
-9999.0 -737.235599 -507.970003 -263.116491 35.877868 279.071204 468.101673 586.804596 673.581343 676.340442 693.378352 725.530815 757.679557 780.489142 758.140631 720.810126 693.415170 696.636984 693.943287 667.819946 636.292683 620.507379 618.522732 611.010081 585.328480 568.676472 555.973355 530.960005 491.456465 430.294457 342.305520 269.296550 204.703108 167.025507 134.517568 99.847928 60.719301 70.476809 84.167639 79.381606 67.093597 62.785164 92.295592 110.886178 121.057090 108.471492 127.439830 155.073251 198.141406 242.223413 293.409773 351.898006 410.113475 445.638047 466.233640 500.398126 546.297768 605.458225 693.802269 790.623053 866.400193 919.155781 969.775019 999.421659 1010.293646 1021.956644 994.187366 900.519869 758.754695 750.755990 754.023867 -9999.0 -9999.0 -9999.0 -9999.0 -9999.0 -9999.0 -9999.0 -9999.0 -9999.0
-9999.0 -9999.0 -745.068711 -556.944208 -400.780021 -214.119546 -60.960204 49.211531 129.688340 224.540026 319.521403 401.121449 446.614886 464.955054 447.038612 405.355045 377.957001 377.027503 366.543975 351.673553 326.653668 316.634786 306.194451 297.650641 284.236060 276.217297 269.610444 256.742551 231.872850 182.210001 127.745910 74.032709 18.511105 -7.766747 -30.538413 -53.565917 -57.111559 -59.499973 -53.013128 -51.886731 -46.382054 -34.561892 -13.891433 7.589675 17.098953 24.526604 37.215260 61.143242 94.732335 136.668714 190.413823 248.058214 288.533048 302.727130 295.388969 304.100081 329.960913 380.703030 475.915454 569.917928 665.259219 737.112513 807.821797 856.005186 869.229822 883.398370 898.520694 813.812535 504.955661 675.078391 -9999.0 -9999.0 -9999.0 -9999.0 -9999.0 -9999.0 -9999.0 -9999.0 -9999.0 -9999.0
-9999.0 -9999.0 -9999.0 -9999.0 -701.070152 -543.263818 -448.073532 -364.234549 -240.969769 -129.762657 -35.640583 42.880059 98.350618 122.925110 112.761235 108.347124 100.079416 95.576266 86.420120 81.250160 75.915909 67.771126 55.636214 47.763976 46.899874 50.166048 47.526702 33.748823 16.751070 -10.439354 -34.614104 -70.325463 -107.689914 -137.208378 -150.524016 -157.427741 -157.382971 -163.176702 -153.810735 -147.337022 -132.443418 -117.039105 -93.044471 -64.617192 -51.834576 -37.523391 -27.723972 -6.798568 23.453910 76.503489 139.220809 195.873308 230.433363 234.361147 208.604227 193.239302 191.077116 221.577801 273.185480 349.660011 461.861028 543.059388 607.921810 654.598124 685.595375 727.135911 767.932066 783.891888 -9999.0 -9999.0 -9999.0 -9999.0 -9999.0 -9999.0 -9999.0 -9999.0 -9999.0 -9999.0 -9999.0 -9999.0
-9999.0 -9999.0 -9999.0 -9999.0 -9999.0 -9999.0 -755.279706 -658.879149 -571.966237 -446.675027 -329.991289 -236.214951 -160.644201 -134.365067 -115.478164 -92.649010 -96.924471 -114.167762 -131.191670 -114.559923 -104.556139 -109.765591 -137.704091 -139.173166 -135.644457 -126.668413 -128.209612 -134.583908 -159.661019 -151.365226 -152.792955 -176.132027 -202.424259 -216.909694 -228.606629 -218.740959 -218.031189 -230.719494 -228.557911 -202.374793 -182.573295 -169.135777 -146.690723 -113.546436 -81.546194 -67.149995 -66.111417 -59.842344 -18.451253 51.847344 122.273584 175.983591 206.965482 214.200600 185.519205 144.361983 122.940309 130.089487 165.997686 222.013842 303.400824 358.542869 393.952967 418.074405 447.133229 541.552649 -9999.0 -9999.0 -9999.0 -9999.0 -9999.0 -9999.0 -9999.0 -9999.0 -9999.0 -9999.0 -9999.0 -9999.0 -9999.0 -9999.0
-9999.0 -9999.0 -9999.0 -9999.0 -9999.0 -9999.0 -9999.0 -9999.0 -9999.0 -9999.0 -9999.0 -9999.0 -9999.0 -9999.0 -9999.0 -9999.0 -9999.0 -9999.0 -9999.0 -9999.0 -9999.0 -9999.0 -9999.0 -9999.0 -9999.0 -9999.0 -9999.0 -9999.0 -9999.0 -9999.0 -9999.0 -9999.0 -9999.0 -9999.0 -9999.0 -9999.0 -9999.0 -9999.0 -9999.0 -9999.0 -9999.0 -9999.0 -9999.0 -9999.0 -9999.0 -9999.0 -9999.0 -9999.0 -9999.0 -9999.0 -9999.0 -9999.0 -9999.0 -9999.0 -9999.0 -9999.0 -9999.0 -9999.0 -9999.0 -9999.0 -9999.0 -9999.0 -9999.0 -9999.0 -9999.0 -9999.0 -9999.0 -9999.0 -9999.0 -9999.0 -9999.0 -9999.0 -9999.0 -9999.0 -9999.0 -9999.0 -9999.0 -9999.0 -9999.0 -9999.0
-9999.0 -9999.0 -9999.0 -9999.0 -9999.0 -9999.0 -9999.0 -9999.0 -9999.0 -9999.0 -9999.0 -9999.0 -9999.0 -9999.0 -9999.0 -9999.0 -9999.0 -9999.0 -9999.0 -9999.0 -9999.0 -9999.0 -9999.0 -9999.0 -9999.0 -9999.0 -9999.0 -9999.0 -9999.0 -9999.0 -9999.0 -9999.0 -9999.0 -9999.0 -9999.0 -9999.0 -9999.0 -9999.0 -9999.0 -9999.0 -9999.0 -9999.0 -9999.0 -9999.0 -9999.0 -9999.0 -9999.0 -9999.0 -9999.0 -9999.0 -9999.0 -9999.0 -9999.0 -9999.0 -9999.0 -9999.0 -9999.0 -9999.0 -9999.0 -9999.0 -9999.0 -9999.0 -9999.0 -9999.0 -9999.0 -9999.0 -9999.0 -9999.0 -9999.0 -9999.0 -9999.0 -9999.0 -9999.0 -9999.0 -9999.0 -9999.0 -9999.0 -9999.0 -9999.0 -9999.0