Borden_/Borden1m_014/output_maps/psiliqL0006N0032.asc
ncols         80
nrows         18
xllcorner     620200.000000
yllcorner     5168000.000000
cellsize      1.000000
NODATA_value  -9999.0
-9999.0 -9999.0 -9999.0 -9999.0 -9999.0 -9999.0 -9999.0 -9999.0 -9999.0 -9999.0 -9999.0 -9999.0 -9999.0 -9999.0 -9999.0 -9999.0 -9999.0 -9999.0 -9999.0 -9999.0 -9999.0 -9999.0 -9999.0 -9999.0 -9999.0 -9999.0 -9999.0 -9999.0 -9999.0 -9999.0 -9999.0 -9999.0 -9999.0 -9999.0 -9999.0 -9999.0 -9999.0 -9999.0 -9999.0 -9999.0 -9999.0 -9999.0 -9999.0 -9999.0 -9999.0 -9999.0 -9999.0 -9999.0 -9999.0 -9999.0 -9999.0 -9999.0 -9999.0 -9999.0 -9999.0 -9999.0 -9999.0 -9999.0 -9999.0 -9999.0 -9999.0 -9999.0 -9999.0 -9999.0 -9999.0 -9999.0 -9999.0 -9999.0 -9999.0 -9999.0 -9999.0 -9999.0 -9999.0 -9999.0 -9999.0 -9999.0 -9999.0 -9999.0 -9999.0 -9999.0
-9999.0 -9999.0 -9999.0 -9999.0 -9999.0 -9999.0 -9999.0 -9999.0 -9999.0 -9999.0 -9999.0 -9999.0 -9999.0 -9999.0 -9999.0 -9999.0 -9999.0 -9999.0 -9999.0 -9999.0 -9999.0 -9999.0 -9999.0 -9999.0 -9999.0 -9999.0 -9999.0 -9999.0 -9999.0 -9999.0 -9999.0 -9999.0 -9999.0 -9999.0 -9999.0 -9999.0 -9999.0 -9999.0 -9999.0 -9999.0 -9999.0 -9999.0 -9999.0 -9999.0 -9999.0 -9999.0 -9999.0 -9999.0 -9999.0 -9999.0 -9999.0 -9999.0 -9999.0 -9999.0 -9999.0 -9999.0 -9999.0 -9999.0 -9999.0 -9999.0 -9999.0 -9999.0 -9999.0 -9999.0 -9999.0 -9999.0 -9999.0 -9999.0 -9999.0 -9999.0 -9999.0 -9999.0 -9999.0 -9999.0 -9999.0 -9999.0 -9999.0 -9999.0 -9999.0 -9999.0
-9999.0 -9999.0 -9999.0 -9999.0 -9999.0 -9999.0 -9999.0 -9999.0 -9999.0 -9999.0 -9999.0 -9999.0 -9999.0 -9999.0 -9999.0 -9999.0 -9999.0 -9999.0 -9999.0 -9999.0 -647.654953 -644.515233 -667.711921 -702.074920 -730.851667 -729.456983 -694.848382 -654.224656 -616.853386 -606.388743 -624.848031 -623.931722 -629.468565 -629.473170 -626.372795 -620.645437 -618.425256 -606.670298 -598.050819 -598.248470 -604.533402 -610.527170 -612.299166 -608.570808 -603.606855 -611.983621 -598.371879 -582.670845 -575.779985 -580.917151 -608.569562 -624.478308 -632.180967 -646.128727 -621.100215 -607.868997 -584.238707 -579.481757 -580.183634 -607.113514 -637.097245 -9999.0 -9999.0 -9999.0 -9999.0 -9999.0 -9999.0 -9999.0 -9999.0 -9999.0 -9999.0 -9999.0 -9999.0 -9999.0 -9999.0 -9999.0 -9999.0 -9999.0 -9999.0 -9999.0
-9999.0 -9999.0 -9999.0 -9999.0 -9999.0 -9999.0 -9999.0 -9999.0 -9999.0 -9999.0 -9999.0 -9999.0 -9999.0 -9999.0 -736.710349 -747.345346 -750.866494 -742.822465 -709.535670 -680.085323 -667.534519 -675.563797 -676.035393 -700.073123 -720.594383 -706.976172 -678.328970 -647.490833 -613.674045 -593.017948 -606.513324 -609.591359 -598.653415 -569.363906 -553.195805 -555.740777 -578.295553 -555.220552 -537.865404 -527.071420 -527.952772 -536.905128 -520.545757 -502.757551 -509.652889 -528.821635 -526.522267 -514.674354 -498.477304 -515.812180 -584.029493 -606.386262 -608.903414 -615.093036 -627.802640 -634.060059 -608.781352 -607.089674 -614.849212 -632.277700 -663.948584 -707.623611 -724.833454 -686.053602 -640.931641 -582.009703 -9999.0 -9999.0 -9999.0 -9999.0 -9999.0 -9999.0 -9999.0 -9999.0 -9999.0 -9999.0 -9999.0 -9999.0 -9999.0 -9999.0
-9999.0 -9999.0 -9999.0 -9999.0 -9999.0 -9999.0 -9999.0 -9999.0 -9999.0 -792.026309 -789.058263 -782.471719 -781.376289 -766.297155 -768.308036 -761.983351 -754.400478 -729.337931 -699.011528 -664.460223 -635.835384 -646.702791 -646.948356 -634.484598 -626.723927 -613.428316 -592.576926 -550.730323 -504.440734 -457.434871 -487.032759 -488.241372 -464.829305 -402.024925 -346.781446 -329.875134 -357.184924 -354.308468 -317.135866 -277.782963 -273.026998 -273.153149 -238.537905 -220.418355 -212.142051 -237.189366 -268.812232 -274.860308 -242.543791 -315.570397 -405.034099 -473.806230 -477.560807 -513.709435 -559.351450 -583.817078 -587.063271 -563.811365 -579.188790 -616.795713 -653.117372 -661.539249 -677.370112 -660.733390 -637.311557 -589.241972 -549.940511 -520.270670 -519.272423 -536.464456 -9999.0 -9999.0 -9999.0 -9999.0 -9999.0 -9999.0 -9999.0 -9999.0 -9999.0 -9999.0
-9999.0 -9999.0 -9999.0 -9999.0 -9999.0 -9999.0 -869.447922 -861.326707 -842.371258 -837.114047 -813.809043 -806.864880 -787.094383 -768.473776 -749.107258 -732.775067 -702.370528 -670.645812 -629.167654 -584.034351 -550.195787 -553.798650 -542.721484 -503.306716 -449.767285 -406.532994 -373.957991 -317.189610 -208.153737 -148.578514 -127.069499 -117.452842 -105.991728 -67.808485 -8.719490 12.390304 -11.575067 -28.511390 -9.167130 34.808910 86.574838 91.528521 99.017168 106.911975 132.393292 122.692297 41.281315 12.190040 2.681611 -9.580197 -58.473985 -112.586904 -167.672418 -232.283719 -346.725780 -426.312490 -434.065467 -420.673314 -459.455934 -518.483876 -564.256015 -575.353666 -589.997058 -604.272684 -598.548209 -578.242966 -553.595242 -541.263993 -552.946846 -572.822175 -595.472750 -623.813859 -621.706571 -595.735061 -9999.0 -9999.0 -9999.0 -9999.0 -9999.0 -9999.0
-9999.0 -9999.0 -9999.0 -9999.0 -918.520131 -906.684035 -918.528036 -896.044930 -865.078686 -833.100478 -801.556232 -765.090882 -739.091035 -710.436611 -668.904503 -629.585657 -584.093297 -547.184016 -485.652632 -400.580398 -324.990577 -280.398721 -250.240761 -167.528840 -99.634844 -53.698229 -36.195945 -9.422721 41.269956 138.800643 169.000086 172.503060 176.713063 215.012430 258.139960 285.545596 274.052962 264.922117 271.487255 281.394639 308.509475 310.221636 311.769649 312.229697 314.433050 314.787723 290.837224 258.799049 246.451404 237.161415 202.305352 153.881689 74.399066 36.008436 7.139678 -36.664236 -98.950601 -126.099767 -196.662134 -272.288228 -372.111152 -411.201167 -453.105874 -484.399357 -518.693750 -518.698084 -515.621988 -535.040415 -564.784655 -596.029658 -610.170935 -628.106695 -637.438356 -606.965888 -588.741252 -556.953258 -9999.0 -9999.0 -9999.0 -9999.0
-9999.0 -9999.0 -975.299302 -925.567742 -870.795831 -863.011225 -860.948344 -857.066979 -831.642336 -782.718917 -704.430794 -650.947757 -603.984367 -573.111207 -508.074428 -404.893381 -292.510965 -220.531907 -145.371920 -81.391710 -25.079650 17.589543 74.564095 117.551614 152.966143 213.177263 236.543631 242.952415 284.655847 315.881673 340.322173 354.931630 360.638135 355.652620 356.957906 354.360492 353.170256 347.506628 331.649631 329.401427 337.229356 339.822452 343.401346 330.975404 327.111622 339.417920 340.537572 340.875560 342.855562 350.045188 359.358754 329.492044 276.259563 261.958852 242.212603 217.519075 155.777511 80.396258 51.239284 8.714995 -67.329608 -115.345245 -175.598019 -246.564972 -330.500860 -383.240796 -442.175377 -486.918058 -532.916835 -577.557446 -600.018075 -617.624241 -618.847889 -617.257116 -600.529737 -584.209059 -568.248498 -560.152652 -9999.0 -9999.0
-9999.0 -1071.728196 -999.896133 -872.769867 -795.477238 -751.697944 -710.220438 -679.837703 -656.890508 -645.577760 -531.523211 -399.649832 -273.402313 -229.601017 -159.289185 -57.858554 71.358641 112.030273 132.738979 183.907062 235.187688 275.891783 303.697666 334.845643 359.780879 356.927870 356.313423 353.878430 347.775469 340.566908 330.382310 338.067615 335.959487 320.864915 308.077345 306.473056 301.427609 274.428537 249.361123 236.574821 241.275249 261.880924 251.972496 232.001664 228.256111 247.643414 260.393011 255.209262 244.718084 260.288791 292.582346 312.839301 328.917053 342.870366 362.435432 340.670659 308.100863 268.727122 252.520716 223.915223 137.740748 72.813556 18.492430 -45.593549 -105.930747 -181.885239 -267.428448 -354.511040 -436.686582 -479.988055 -512.479897 -565.495157 -588.621360 -586.029357 -594.700055 -596.538069 -589.286740 -582.552524 -9999.0 -9999.0
-9999.0 -1140.172345 -997.149306 -812.150659 -667.293194 -604.243252 -472.462586 -369.563111 -329.420752 -358.177973 -200.121517 63.826311 139.961657 145.879512 203.081005 274.452890 316.098007 340.778588 356.104473 349.515564 346.446184 349.256585 345.673671 338.312052 324.598208 317.035539 316.736352 313.783354 295.051088 276.349208 257.572281 257.930241 240.498485 208.438346 177.427079 162.408016 136.872482 92.638796 52.748418 24.792193 11.624690 31.070475 20.675941 1.998067 -1.716409 22.312965 55.383862 49.764705 55.218865 78.336427 123.298457 189.295046 212.668030 239.515659 273.248219 313.964317 332.794078 351.911353 358.285127 333.735321 290.413743 245.555574 213.442784 124.028722 48.372322 -31.490551 -87.419613 -137.129149 -213.306344 -278.228930 -351.977439 -428.298520 -494.405808 -524.033315 -563.352644 -584.362904 -9999.0 -9999.0 -9999.0 -9999.0
-9999.0 -1200.626950 -1009.096073 -742.615706 -486.490091 -312.592574 -105.061389 32.851526 150.815938 158.647573 235.658476 327.708456 343.386182 329.545249 307.539545 305.640140 316.850821 319.567809 315.460587 305.433695 294.615339 289.714791 285.492436 280.573781 268.801680 254.182894 242.573466 228.401923 161.732580 124.544659 94.608214 79.130124 44.310569 -40.925508 -77.588400 -103.391734 -161.074631 -178.165681 -196.460477 -234.428075 -260.001742 -278.935731 -256.509083 -259.084690 -259.399528 -246.528441 -218.132379 -195.554648 -146.088759 -108.800998 -70.518364 -18.873605 15.698540 60.306451 112.521646 195.434421 226.759835 254.210473 296.317988 334.827722 355.827704 348.098089 318.912042 279.622183 215.137286 118.553758 64.477367 -7.525040 -66.002358 -107.999135 -142.383142 -199.543649 -292.962971 -425.970123 -472.684980 -9999.0 -9999.0 -9999.0 -9999.0 -9999.0
-9999.0 -1346.032996 -1078.728542 -780.740020 -431.343408 -94.795190 9.205449 221.297295 292.028787 221.142670 161.022406 214.487026 252.237932 254.282189 231.219830 222.165918 216.088404 215.721089 227.555574 195.744065 140.156544 122.140464 119.802055 107.964301 85.273321 66.404645 51.924596 30.140652 -23.401323 -67.844470 -130.563585 -160.401288 -249.205316 -348.144855 -411.563501 -468.229676 -526.085769 -529.259914 -514.371674 -533.000556 -556.139343 -575.599589 -549.932487 -535.137396 -524.513615 -533.887695 -524.404942 -488.198036 -434.155421 -381.172808 -310.080522 -230.358920 -171.153836 -111.934960 -80.394528 -28.014088 19.019722 67.386710 142.899822 243.847919 275.992543 309.043984 344.983124 361.918908 319.062566 272.808626 217.573691 121.747352 22.139987 -21.511734 -39.250397 -63.712009 -108.109420 -9999.0 -9999.0 -9999.0 -9999.0 -9999.0 -9999.0 -9999.0
-9999.0 -1482.246670 -1245.033592 -992.215213 -689.911177 -443.855343 -225.426006 -97.702879 26.337121 -38.722681 -45.804386 -18.929912 11.468166 32.729914 9.285976 -25.039591 -48.690542 -45.190018 -44.893961 -67.437553 -95.219381 -107.696597 -108.692384 -116.760992 -147.252788 -169.155300 -184.559164 -213.892950 -265.022405 -345.330340 -450.639561 -523.205784 -587.912416 -625.945505 -656.939119 -690.370915 -730.035352 -719.128838 -703.829487 -708.820464 -721.846466 -726.999205 -697.454555 -679.565831 -669.748997 -683.837738 -666.002194 -639.400188 -597.797433 -556.577244 -508.416906 -451.283984 -389.840277 -346.831546 -318.769470 -269.110598 -207.404471 -134.278022 -55.421886 41.520285 117.117199 190.357080 242.284329 274.694127 289.826115 306.073455 297.886994 231.930887 47.194421 16.808258 14.262034 -9999.0 -9999.0 -9999.0 -9999.0 -9999.0 -9999.0 -9999.0 -9999.0 -9999.0
-9999.0 -9999.0 -1483.925584 -1288.739103 -1121.090552 -934.227989 -782.280802 -682.075709 -615.179041 -533.951461 -443.146056 -357.182719 -303.433821 -281.336436 -308.281295 -366.872439 -401.984898 -402.054632 -412.818833 -431.293634 -461.514574 -473.203951 -483.149469 -491.846158 -508.076068 -517.060693 -523.032679 -534.962695 -559.098232 -607.417947 -662.327878 -714.466566 -768.529598 -792.758758 -814.238470 -836.897847 -840.973931 -841.921040 -834.722383 -833.695604 -829.031103 -817.845177 -797.191082 -776.471236 -767.492118 -761.367366 -749.201864 -726.159941 -693.700869 -653.973948 -602.898873 -548.292850 -510.834380 -499.321788 -509.148129 -502.002064 -476.472893 -422.060681 -298.692126 -175.014640 -82.423298 -12.853376 59.134458 108.100561 128.834045 176.302895 211.975821 108.963499 -58.228334 -29.205067 -9999.0 -9999.0 -9999.0 -9999.0 -9999.0 -9999.0 -9999.0 -9999.0 -9999.0 -9999.0
-9999.0 -9999.0 -9999.0 -9999.0 -1431.602558 -1273.358016 -1180.998086 -1100.561604 -985.478293 -884.402341 -797.819411 -725.987905 -677.469828 -655.390086 -669.445949 -679.270449 -688.970113 -691.655463 -699.747777 -706.653199 -713.609905 -721.208320 -731.139786 -738.479599 -739.572276 -736.433571 -738.063456 -750.481213 -765.120006 -793.171418 -817.742030 -852.535688 -889.302106 -917.953142 -930.620105 -937.822753 -937.331770 -942.287776 -932.542182 -926.719703 -912.181740 -896.892854 -873.084720 -845.373497 -833.511064 -819.768060 -810.324114 -789.780247 -760.632694 -709.088915 -648.195833 -593.842590 -561.788819 -560.003145 -588.551352 -606.279725 -610.972320 -583.839401 -534.811155 -457.239029 -324.620032 -215.967740 -132.263893 -87.098835 -57.004711 -10.167682 32.432126 43.252150 -9999.0 -9999.0 -9999.0 -9999.0 -9999.0 -9999.0 -9999.0 -9999.0 -9999.0 -9999.0 -9999.0 -9999.0
-9999.0 -9999.0 -9999.0 -9999.0 -9999.0 -9999.0 -1490.906627 -1398.144461 -1309.002478 -1194.472789 -1089.575828 -1003.367435 -933.485173 -911.823763 -897.866502 -877.430171 -882.761763 -898.735370 -913.937312 -898.339800 -890.266691 -894.479737 -920.344057 -921.968894 -918.941664 -909.341698 -910.097986 -915.797428 -939.967338 -932.961015 -934.969079 -957.463536 -983.050194 -997.329016 -1008.628239 -998.544395 -997.504085 -1009.568805 -1006.572634 -981.017354 -961.781885 -948.443458 -925.962334 -893.240415 -861.762804 -848.104110 -847.506674 -841.577883 -800.194145 -730.996409 -662.349525 -610.735839 -581.741445 -576.026159 -606.737999 -650.073698 -674.110635 -669.984003 -638.027377 -586.503404 -508.754376 -455.097435 -414.627998 -380.653808 -335.927717 -204.860362 -9999.0 -9999.0 -9999.0 -9999.0 -9999.0 -9999.0 -9999.0 -9999.0 -9999.0 -9999.0 -9999.0 -9999.0 -9999.0 -9999.0
-9999.0 -9999.0 -9999.0 -9999.0 -9999.0 -9999.0 -9999.0 -9999.0 -9999.0 -9999.0 -9999.0 -9999.0 -9999.0 -9999.0 -9999.0 -9999.0 -9999.0 -9999.0 -9999.0 -9999.0 -9999.0 -9999.0 -9999.0 -9999.0 -9999.0 -9999.0 -9999.0 -9999.0 -9999.0 -9999.0 -9999.0 -9999.0 -9999.0 -9999.0 -9999.0 -9999.0 -9999.0 -9999.0 -9999.0 -9999.0 -9999.0 -9999.0 -9999.0 -9999.0 -9999.0 -9999.0 -9999.0 -9999.0 -9999.0 -9999.0 -9999.0 -9999.0 -9999.0 -9999.0 -9999.0 -9999.0 -9999.0 -9999.0 -9999.0 -9999.0 -9999.0 -9999.0 -9999.0 -9999.0 -9999.0 -9999.0 -9999.0 -9999.0 -9999.0 -9999.0 -9999.0 -9999.0 -9999.0 -9999.0 -9999.0 -9999.0 -9999.0 -9999.0 -9999.0 -9999.0
-9999.0 -9999.0 -9999.0 -9999.0 -9999.0 -9999.0 -9999.0 -9999.0 -9999.0 -9999.0 -9999.0 -9999.0 -9999.0 -9999.0 -9999.0 -9999.0 -9999.0 -9999.0 -9999.0 -9999.0 -9999.0 -9999.0 -9999.0 -9999.0 -9999.0 -9999.0 -9999.0 -9999.0 -9999.0 -9999.0 -9999.0 -9999.0 -9999.0 -9999.0 -9999.0 -9999.0 -9999.0 -9999.0 -9999.0 -9999.0 -9999.0 -9999.0 -9999.0 -9999.0 -9999.0 -9999.0 -9999.0 -9999.0 -9999.0 -9999.0 -9999.0 -9999.0 -9999.0 -9999.0 -9999.0 -9999.0 -9999.0 -9999.0 -9999.0 -9999.0 -9999.0 -9999.0 -9999.0 -9999.0 -9999.0 -9999.0 -9999.0 -9999.0 -9999.0 -9999.0 -9999.0 -9999.0 -9999.0 -9999.0 -9999.0 -9999.0 -9999.0 -9999.0 -9999.0 -9999.0