Borden_/Borden1m_014/output_maps/psiliqL0019N0023.asc
ncols         80
nrows         18
xllcorner     620200.000000
yllcorner     5168000.000000
cellsize      1.000000
NODATA_value  -9999.0
-9999.0 -9999.0 -9999.0 -9999.0 -9999.0 -9999.0 -9999.0 -9999.0 -9999.0 -9999.0 -9999.0 -9999.0 -9999.0 -9999.0 -9999.0 -9999.0 -9999.0 -9999.0 -9999.0 -9999.0 -9999.0 -9999.0 -9999.0 -9999.0 -9999.0 -9999.0 -9999.0 -9999.0 -9999.0 -9999.0 -9999.0 -9999.0 -9999.0 -9999.0 -9999.0 -9999.0 -9999.0 -9999.0 -9999.0 -9999.0 -9999.0 -9999.0 -9999.0 -9999.0 -9999.0 -9999.0 -9999.0 -9999.0 -9999.0 -9999.0 -9999.0 -9999.0 -9999.0 -9999.0 -9999.0 -9999.0 -9999.0 -9999.0 -9999.0 -9999.0 -9999.0 -9999.0 -9999.0 -9999.0 -9999.0 -9999.0 -9999.0 -9999.0 -9999.0 -9999.0 -9999.0 -9999.0 -9999.0 -9999.0 -9999.0 -9999.0 -9999.0 -9999.0 -9999.0 -9999.0
-9999.0 -9999.0 -9999.0 -9999.0 -9999.0 -9999.0 -9999.0 -9999.0 -9999.0 -9999.0 -9999.0 -9999.0 -9999.0 -9999.0 -9999.0 -9999.0 -9999.0 -9999.0 -9999.0 -9999.0 -9999.0 -9999.0 -9999.0 -9999.0 -9999.0 -9999.0 -9999.0 -9999.0 -9999.0 -9999.0 -9999.0 -9999.0 -9999.0 -9999.0 -9999.0 -9999.0 -9999.0 -9999.0 -9999.0 -9999.0 -9999.0 -9999.0 -9999.0 -9999.0 -9999.0 -9999.0 -9999.0 -9999.0 -9999.0 -9999.0 -9999.0 -9999.0 -9999.0 -9999.0 -9999.0 -9999.0 -9999.0 -9999.0 -9999.0 -9999.0 -9999.0 -9999.0 -9999.0 -9999.0 -9999.0 -9999.0 -9999.0 -9999.0 -9999.0 -9999.0 -9999.0 -9999.0 -9999.0 -9999.0 -9999.0 -9999.0 -9999.0 -9999.0 -9999.0 -9999.0
-9999.0 -9999.0 -9999.0 -9999.0 -9999.0 -9999.0 -9999.0 -9999.0 -9999.0 -9999.0 -9999.0 -9999.0 -9999.0 -9999.0 -9999.0 -9999.0 -9999.0 -9999.0 -9999.0 -9999.0 1953.306827 1955.933010 1935.258688 1902.968533 1876.672707 1880.616657 1916.457907 1959.461879 2000.253136 2011.363809 1995.146527 2000.097353 1997.115732 1995.563370 1997.932301 2005.892859 2011.865662 2022.874786 2031.300670 2030.953495 2025.325682 2021.158951 2023.000523 2025.600321 2031.045065 2017.902187 2031.575732 2045.743947 2049.080341 2043.095252 2015.488358 1999.264379 1988.196996 1970.078446 1992.940735 2002.370267 2022.893310 2025.005300 2021.345970 1993.176531 1962.318341 -9999.0 -9999.0 -9999.0 -9999.0 -9999.0 -9999.0 -9999.0 -9999.0 -9999.0 -9999.0 -9999.0 -9999.0 -9999.0 -9999.0 -9999.0 -9999.0 -9999.0 -9999.0 -9999.0
-9999.0 -9999.0 -9999.0 -9999.0 -9999.0 -9999.0 -9999.0 -9999.0 -9999.0 -9999.0 -9999.0 -9999.0 -9999.0 -9999.0 1858.715535 1850.549421 1849.303309 1858.949222 1893.642315 1925.044467 1937.214206 1930.972139 1932.508784 1910.287408 1890.741583 1906.215818 1937.925988 1971.153080 2007.456831 2028.879843 2020.103719 2019.841950 2030.024349 2054.155650 2065.690194 2063.173309 2044.805939 2069.206674 2084.506328 2092.129546 2092.070600 2084.066136 2095.663293 2110.700777 2103.393538 2086.307696 2092.915273 2104.727666 2114.645230 2101.487545 2038.150243 2019.663811 2013.119857 2004.828502 1988.667589 1981.121451 2005.465619 2002.887386 1992.913071 1973.541953 1939.367444 1894.164556 1874.085993 1911.836509 1953.869632 2009.204409 -9999.0 -9999.0 -9999.0 -9999.0 -9999.0 -9999.0 -9999.0 -9999.0 -9999.0 -9999.0 -9999.0 -9999.0 -9999.0 -9999.0
-9999.0 -9999.0 -9999.0 -9999.0 -9999.0 -9999.0 -9999.0 -9999.0 -9999.0 1796.749052 1802.807147 1811.406769 1815.510053 1832.576786 1830.921408 1839.577736 1847.282100 1876.376447 1908.642997 1944.728469 1974.129198 1967.033615 1968.772436 1978.407237 1980.362219 1992.914747 2016.451076 2058.174203 2096.641392 2137.938785 2110.224670 2109.357423 2129.608504 2175.142685 2204.205317 2209.146905 2191.028942 2203.395787 2228.248099 2248.438663 2247.932627 2245.151788 2270.458733 2284.904552 2282.495695 2261.052893 2252.689154 2254.674563 2279.980003 2227.604832 2160.173295 2112.901583 2119.051819 2090.222705 2054.917611 2035.837403 2032.028239 2049.962176 2033.645491 1995.244577 1958.288417 1945.096552 1925.812180 1942.308145 1962.763364 2006.841476 2044.263719 2071.172024 2068.749407 2050.043383 -9999.0 -9999.0 -9999.0 -9999.0 -9999.0 -9999.0 -9999.0 -9999.0 -9999.0 -9999.0
-9999.0 -9999.0 -9999.0 -9999.0 -9999.0 -9999.0 1715.911693 1726.904342 1748.767450 1753.793537 1781.158909 1789.468622 1811.478570 1832.106255 1855.898779 1873.186886 1903.603592 1937.749018 1978.856199 2022.013613 2054.879374 2049.501494 2060.938141 2089.218185 2125.666067 2152.923710 2179.468900 2221.124573 2298.419069 2341.343875 2345.733316 2351.555120 2362.531604 2412.752078 2476.748007 2488.975259 2468.313838 2454.323232 2476.117662 2513.448244 2517.333238 2519.110439 2533.010026 2543.590860 2569.266955 2557.851452 2516.985113 2504.959837 2505.904925 2485.792081 2420.266597 2357.433441 2326.593428 2274.431227 2189.968880 2138.073561 2149.024517 2168.042607 2138.696567 2083.755631 2043.042064 2031.574757 2015.117456 2001.418005 2007.308648 2025.016177 2044.992007 2054.334504 2039.139594 2015.939620 1991.877476 1961.701184 1962.413642 1986.515325 -9999.0 -9999.0 -9999.0 -9999.0 -9999.0 -9999.0
-9999.0 -9999.0 -9999.0 -9999.0 1664.349073 1678.353280 1666.502941 1693.716658 1728.003243 1763.925906 1796.174049 1833.450035 1861.829873 1893.601623 1933.925190 1966.214738 2007.126627 2043.377629 2098.415960 2166.879061 2218.165432 2240.676029 2256.561799 2315.395057 2377.679833 2430.486919 2452.940187 2482.216542 2530.134225 2591.912110 2619.971208 2627.296035 2645.976091 2685.055686 2736.145928 2771.998562 2754.677546 2745.739243 2753.011283 2765.990015 2789.953081 2791.952586 2794.440314 2797.828237 2803.220554 2800.986800 2774.482224 2739.795453 2723.177842 2712.477494 2678.563898 2606.844055 2568.172044 2535.395625 2495.340972 2440.588648 2380.977818 2368.971153 2309.587872 2249.577393 2189.028332 2169.274489 2139.000516 2113.401976 2085.208409 2086.840869 2089.189029 2066.759678 2031.691751 1997.302848 1980.499064 1960.027881 1947.065359 1975.967427 1992.268336 2021.300977 -9999.0 -9999.0 -9999.0 -9999.0
-9999.0 -9999.0 1602.930479 1651.170256 1709.628478 1719.200122 1718.984193 1726.083782 1756.381458 1810.204409 1883.406141 1931.169962 1971.293175 2007.523076 2067.967182 2143.468576 2213.855986 2263.304813 2327.382756 2400.745813 2464.564062 2497.426133 2514.627582 2557.471198 2614.586664 2681.101976 2710.013407 2738.184141 2774.095264 2811.256992 2816.764593 2830.500035 2840.904906 2847.767953 2856.943941 2860.390041 2854.493850 2847.677371 2827.660881 2822.596222 2829.414943 2836.341171 2837.055750 2823.370332 2819.460800 2833.449456 2838.185993 2836.655458 2834.963722 2841.519418 2841.963475 2798.886199 2768.013295 2750.657009 2735.784537 2689.040687 2621.978847 2581.641572 2556.990969 2510.033634 2431.337103 2382.081336 2332.042576 2285.011197 2233.085213 2204.276520 2158.061717 2114.682727 2066.457662 2018.163952 1992.716537 1973.341619 1969.233407 1967.144568 1982.050375 1995.945794 2010.258888 2017.496793 -9999.0 -9999.0
-9999.0 1496.549280 1568.923503 1694.439824 1775.399988 1819.470440 1845.072930 1863.477460 1894.291234 1926.538414 2027.053670 2103.607985 2194.385210 2235.974657 2287.185841 2385.705678 2483.402321 2534.218458 2577.047694 2639.359203 2704.118290 2756.341478 2786.965607 2788.249072 2826.027353 2846.591599 2852.166856 2857.514947 2856.233083 2848.927098 2841.313154 2847.366959 2843.079097 2823.238193 2806.261080 2802.271021 2795.384300 2768.582380 2736.104614 2719.065624 2719.977523 2745.021750 2730.920404 2709.887586 2706.291046 2728.611117 2751.593894 2743.639953 2731.849964 2752.364768 2788.699754 2813.060494 2820.529614 2838.137458 2858.908682 2831.804357 2805.480948 2761.453975 2738.753320 2708.434567 2648.517545 2587.754942 2531.772965 2469.732811 2403.940182 2338.571562 2275.521430 2212.830872 2146.275988 2103.557118 2071.075254 2020.408327 1999.322792 1999.832889 1989.820583 1985.419972 1989.833013 1995.433605 -9999.0 -9999.0
-9999.0 1409.861756 1551.373018 1734.319601 1882.669726 1937.301093 2026.620548 2100.230684 2126.776452 2092.364199 2200.886324 2421.961674 2537.597871 2560.264255 2637.722388 2735.016904 2744.265410 2779.777926 2805.320494 2823.794800 2838.745648 2852.310580 2852.368594 2848.216383 2833.559559 2825.540045 2823.498743 2819.853320 2801.200640 2780.752844 2761.756030 2755.693396 2733.133475 2684.908607 2649.998950 2630.552532 2610.757275 2590.397634 2557.751642 2528.727340 2510.318701 2523.340202 2519.371179 2502.983629 2499.541729 2522.424404 2554.898152 2554.281923 2567.539269 2590.687511 2631.307801 2672.750367 2696.924287 2729.106526 2768.947569 2816.201910 2830.289540 2852.746422 2856.457700 2840.246464 2793.957900 2737.871881 2701.982935 2637.799364 2565.492688 2486.132458 2421.214920 2358.605635 2288.334099 2241.310301 2192.768651 2133.399560 2080.064420 2059.045959 2018.730678 1999.075280 -9999.0 -9999.0 -9999.0 -9999.0
-9999.0 1321.749434 1506.733308 1758.290778 2043.339821 2141.999972 2349.197224 2477.819036 2532.736912 2604.855402 2549.064502 2724.390412 2773.504658 2773.438266 2782.612040 2790.248538 2808.508444 2813.145856 2811.244997 2802.616662 2794.649983 2791.251047 2790.283881 2782.385956 2769.081838 2752.586455 2735.770937 2720.955929 2681.072523 2645.939141 2606.142402 2589.273068 2546.199844 2451.110025 2407.887461 2368.807073 2308.191942 2302.569894 2299.022851 2269.494917 2249.048191 2224.211366 2248.913272 2256.912765 2260.747761 2261.553643 2277.216248 2306.108239 2354.974649 2393.634669 2438.855447 2492.573867 2530.512971 2575.625606 2621.467706 2678.454288 2713.770195 2746.827791 2798.623588 2838.736673 2862.795360 2849.970074 2824.004492 2774.666206 2700.464892 2634.418971 2585.204283 2512.054540 2447.474859 2393.334577 2343.367236 2288.045371 2220.327344 2145.775374 2103.979884 -9999.0 -9999.0 -9999.0 -9999.0 -9999.0
-9999.0 1125.145846 1391.488197 1671.318471 1971.286169 2307.589510 2461.016344 2581.118147 2654.334797 2631.356668 2647.719300 2665.952270 2711.369036 2722.992619 2704.783946 2696.462294 2684.921145 2686.268505 2700.537025 2674.950316 2645.884668 2632.527169 2631.875406 2619.263448 2594.067661 2575.889768 2563.360992 2540.799269 2490.585345 2437.560723 2352.684105 2317.930954 2238.039156 2187.600446 2144.971893 2094.864732 2044.372740 2043.812802 2062.207238 2048.219429 2025.737785 2007.251929 2034.815571 2054.546594 2067.890151 2055.638776 2065.176660 2102.021140 2152.538232 2197.726300 2247.898219 2303.600585 2350.927267 2398.743278 2429.966726 2479.454254 2530.424146 2579.242075 2654.496451 2736.328822 2777.817555 2814.347486 2845.699148 2861.439203 2808.269703 2760.120881 2708.691548 2648.407226 2572.948870 2522.850499 2490.003309 2438.202582 2378.383087 -9999.0 -9999.0 -9999.0 -9999.0 -9999.0 -9999.0 -9999.0
-9999.0 1004.341960 1213.323070 1428.405852 1700.169502 1936.982297 2145.345019 2250.550736 2330.713735 2383.321466 2428.033821 2465.731442 2497.519624 2522.540283 2504.244405 2463.848171 2435.559673 2441.185627 2436.078503 2413.872765 2385.270889 2370.726507 2367.186162 2359.574742 2334.534468 2319.474860 2307.743255 2283.598257 2251.551507 2195.459008 2117.409414 2042.650030 1983.044351 1954.593826 1926.402165 1894.796742 1861.491186 1871.486577 1882.742650 1879.842860 1870.279080 1868.153389 1897.103956 1916.479406 1926.816511 1916.281955 1936.178242 1962.888247 2004.466733 2048.438501 2098.050856 2153.408660 2207.707830 2236.622176 2249.392646 2273.097961 2312.356899 2366.776589 2453.348320 2550.445655 2631.391925 2682.181026 2735.369895 2772.812223 2788.622625 2798.110215 2777.992814 2706.694832 2612.458643 2592.958751 2581.599782 -9999.0 -9999.0 -9999.0 -9999.0 -9999.0 -9999.0 -9999.0 -9999.0 -9999.0
-9999.0 -9999.0 983.015215 1151.207957 1274.379747 1448.313653 1596.687844 1707.233983 1802.342845 1927.750486 2040.297304 2128.748051 2174.368733 2192.684872 2180.598564 2151.503880 2133.082801 2133.782970 2123.634603 2114.709115 2096.653119 2089.123328 2076.570391 2067.457619 2058.090964 2052.666936 2046.736202 2035.054622 2013.479319 1967.331123 1921.656359 1871.702497 1819.683419 1794.542364 1773.075895 1752.347849 1752.127606 1747.158329 1752.056780 1753.593801 1761.080177 1774.018970 1793.822238 1816.217051 1826.286618 1836.107528 1848.821796 1872.800082 1906.000685 1948.780439 2003.326130 2062.015100 2102.707540 2115.965604 2106.300813 2110.896572 2130.187989 2171.864535 2250.563481 2334.037179 2431.526817 2504.678627 2578.754974 2633.129791 2652.058476 2671.398864 2693.562650 2655.412315 2540.894908 2559.038551 -9999.0 -9999.0 -9999.0 -9999.0 -9999.0 -9999.0 -9999.0 -9999.0 -9999.0 -9999.0
-9999.0 -9999.0 -9999.0 -9999.0 1011.247120 1163.599072 1261.267665 1343.884019 1475.026934 1599.197851 1701.679355 1786.462577 1850.964789 1878.229561 1876.762964 1886.787050 1884.233482 1877.760062 1868.051943 1868.982780 1869.636948 1862.309235 1846.860969 1839.180709 1840.135194 1844.982532 1841.682781 1827.385250 1808.732443 1788.074402 1769.410455 1735.697704 1700.463670 1671.377484 1658.193106 1652.947579 1652.475315 1644.934938 1653.220687 1660.800601 1676.056451 1691.142822 1714.775060 1744.006041 1758.250113 1773.336050 1783.214108 1803.739606 1834.473915 1888.246244 1952.219397 2010.823256 2047.856010 2053.042878 2029.369577 2014.362819 2010.771549 2038.664402 2082.741151 2148.657080 2250.298508 2324.605091 2381.782818 2427.260439 2461.874400 2512.335587 2572.331149 2615.211265 -9999.0 -9999.0 -9999.0 -9999.0 -9999.0 -9999.0 -9999.0 -9999.0 -9999.0 -9999.0 -9999.0 -9999.0
-9999.0 -9999.0 -9999.0 -9999.0 -9999.0 -9999.0 976.392808 1079.449896 1156.113251 1299.024880 1433.958412 1537.205959 1618.676690 1652.170979 1681.440653 1709.978594 1709.483329 1691.052266 1671.499765 1691.222096 1706.548495 1700.351145 1669.435909 1669.135463 1674.009443 1681.485742 1678.540200 1671.679060 1646.241804 1658.792366 1660.180265 1636.826773 1610.785680 1597.072886 1585.106118 1594.579959 1594.549421 1580.495097 1580.381767 1607.328583 1627.695311 1640.675417 1662.224668 1695.471897 1728.011997 1743.620713 1745.218617 1751.373536 1790.963764 1861.374479 1933.719195 1990.009999 2023.405215 2032.256610 2006.189424 1966.924980 1947.369066 1954.991557 1989.949483 2042.181183 2117.878204 2167.210835 2192.445149 2205.149786 2223.341014 2316.695050 -9999.0 -9999.0 -9999.0 -9999.0 -9999.0 -9999.0 -9999.0 -9999.0 -9999.0 -9999.0 -9999.0 -9999.0 -9999.0 -9999.0
-9999.0 -9999.0 -9999.0 -9999.0 -9999.0 -9999.0 -9999.0 -9999.0 -9999.0 -9999.0 -9999.0 -9999.0 -9999.0 -9999.0 -9999.0 -9999.0 -9999.0 -9999.0 -9999.0 -9999.0 -9999.0 -9999.0 -9999.0 -9999.0 -9999.0 -9999.0 -9999.0 -9999.0 -9999.0 -9999.0 -9999.0 -9999.0 -9999.0 -9999.0 -9999.0 -9999.0 -9999.0 -9999.0 -9999.0 -9999.0 -9999.0 -9999.0 -9999.0 -9999.0 -9999.0 -9999.0 -9999.0 -9999.0 -9999.0 -9999.0 -9999.0 -9999.0 -9999.0 -9999.0 -9999.0 -9999.0 -9999.0 -9999.0 -9999.0 -9999.0 -9999.0 -9999.0 -9999.0 -9999.0 -9999.0 -9999.0 -9999.0 -9999.0 -9999.0 -9999.0 -9999.0 -9999.0 -9999.0 -9999.0 -9999.0 -9999.0 -9999.0 -9999.0 -9999.0 -9999.0
-9999.0 -9999.0 -9999.0 -9999.0 -9999.0 -9999.0 -9999.0 -9999.0 -9999.0 -9999.0 -9999.0 -9999.0 -9999.0 -9999.0 -9999.0 -9999.0 -9999.0 -9999.0 -9999.0 -9999.0 -9999.0 -9999.0 -9999.0 -9999.0 -9999.0 -9999.0 -9999.0 -9999.0 -9999.0 -9999.0 -9999.0 -9999.0 -9999.0 -9999.0 -9999.0 -9999.0 -9999.0 -9999.0 -9999.0 -9999.0 -9999.0 -9999.0 -9999.0 -9999.0 -9999.0 -9999.0 -9999.0 -9999.0 -9999.0 -9999.0 -9999.0 -9999.0 -9999.0 -9999.0 -9999.0 -9999.0 -9999.0 -9999.0 -9999.0 -9999.0 -9999.0 -9999.0 -9999.0 -9999.0 -9999.0 -9999.0 -9999.0 -9999.0 -9999.0 -9999.0 -9999.0 -9999.0 -9999.0 -9999.0 -9999.0 -9999.0 -9999.0 -9999.0 -9999.0 -9999.0