Borden_/Borden1m_014/output_maps/psiliqL0006N0016.asc
ncols         80
nrows         18
xllcorner     620200.000000
yllcorner     5168000.000000
cellsize      1.000000
NODATA_value  -9999.0
-9999.0 -9999.0 -9999.0 -9999.0 -9999.0 -9999.0 -9999.0 -9999.0 -9999.0 -9999.0 -9999.0 -9999.0 -9999.0 -9999.0 -9999.0 -9999.0 -9999.0 -9999.0 -9999.0 -9999.0 -9999.0 -9999.0 -9999.0 -9999.0 -9999.0 -9999.0 -9999.0 -9999.0 -9999.0 -9999.0 -9999.0 -9999.0 -9999.0 -9999.0 -9999.0 -9999.0 -9999.0 -9999.0 -9999.0 -9999.0 -9999.0 -9999.0 -9999.0 -9999.0 -9999.0 -9999.0 -9999.0 -9999.0 -9999.0 -9999.0 -9999.0 -9999.0 -9999.0 -9999.0 -9999.0 -9999.0 -9999.0 -9999.0 -9999.0 -9999.0 -9999.0 -9999.0 -9999.0 -9999.0 -9999.0 -9999.0 -9999.0 -9999.0 -9999.0 -9999.0 -9999.0 -9999.0 -9999.0 -9999.0 -9999.0 -9999.0 -9999.0 -9999.0 -9999.0 -9999.0
-9999.0 -9999.0 -9999.0 -9999.0 -9999.0 -9999.0 -9999.0 -9999.0 -9999.0 -9999.0 -9999.0 -9999.0 -9999.0 -9999.0 -9999.0 -9999.0 -9999.0 -9999.0 -9999.0 -9999.0 -9999.0 -9999.0 -9999.0 -9999.0 -9999.0 -9999.0 -9999.0 -9999.0 -9999.0 -9999.0 -9999.0 -9999.0 -9999.0 -9999.0 -9999.0 -9999.0 -9999.0 -9999.0 -9999.0 -9999.0 -9999.0 -9999.0 -9999.0 -9999.0 -9999.0 -9999.0 -9999.0 -9999.0 -9999.0 -9999.0 -9999.0 -9999.0 -9999.0 -9999.0 -9999.0 -9999.0 -9999.0 -9999.0 -9999.0 -9999.0 -9999.0 -9999.0 -9999.0 -9999.0 -9999.0 -9999.0 -9999.0 -9999.0 -9999.0 -9999.0 -9999.0 -9999.0 -9999.0 -9999.0 -9999.0 -9999.0 -9999.0 -9999.0 -9999.0 -9999.0
-9999.0 -9999.0 -9999.0 -9999.0 -9999.0 -9999.0 -9999.0 -9999.0 -9999.0 -9999.0 -9999.0 -9999.0 -9999.0 -9999.0 -9999.0 -9999.0 -9999.0 -9999.0 -9999.0 -9999.0 -648.856482 -645.791851 -668.833469 -702.979252 -731.597618 -730.243875 -695.973559 -655.867440 -619.115757 -608.946405 -627.220533 -626.452181 -632.038683 -632.210788 -629.329690 -623.829462 -621.718384 -610.296140 -601.968400 -602.259474 -608.462700 -614.360488 -616.178224 -612.601608 -607.740030 -615.828280 -602.469233 -587.080508 -580.257099 -585.009136 -611.747861 -627.110179 -634.481221 -648.043060 -623.220383 -610.014066 -586.573352 -581.731008 -582.299523 -608.789050 -638.413407 -9999.0 -9999.0 -9999.0 -9999.0 -9999.0 -9999.0 -9999.0 -9999.0 -9999.0 -9999.0 -9999.0 -9999.0 -9999.0 -9999.0 -9999.0 -9999.0 -9999.0 -9999.0 -9999.0
-9999.0 -9999.0 -9999.0 -9999.0 -9999.0 -9999.0 -9999.0 -9999.0 -9999.0 -9999.0 -9999.0 -9999.0 -9999.0 -9999.0 -737.332092 -747.928186 -751.447119 -743.435667 -710.366571 -681.176059 -668.735981 -676.731370 -677.286315 -701.158575 -721.551693 -708.163097 -679.982885 -649.779598 -616.859550 -597.024412 -610.380516 -613.617259 -603.368826 -575.692395 -560.873925 -563.781028 -585.524034 -563.274757 -547.028631 -537.307067 -538.487653 -547.324828 -532.311104 -515.783020 -522.482176 -540.209620 -537.221931 -525.562044 -510.220918 -525.375480 -590.069547 -610.806459 -612.719761 -618.317923 -630.437250 -636.349911 -611.274290 -609.411660 -616.877463 -633.954426 -665.210126 -708.481986 -725.523932 -686.962663 -642.100096 -583.686202 -9999.0 -9999.0 -9999.0 -9999.0 -9999.0 -9999.0 -9999.0 -9999.0 -9999.0 -9999.0 -9999.0 -9999.0 -9999.0 -9999.0
-9999.0 -9999.0 -9999.0 -9999.0 -9999.0 -9999.0 -9999.0 -9999.0 -9999.0 -792.542150 -789.564115 -782.995658 -781.882437 -766.858426 -768.818383 -762.535381 -754.989840 -730.111917 -700.091747 -666.039787 -637.976042 -648.844152 -649.292620 -637.411731 -630.426240 -618.179511 -598.593171 -559.178971 -517.331239 -475.547560 -504.529937 -506.771473 -486.593579 -429.070089 -380.617287 -367.811343 -389.031100 -386.523225 -356.736815 -326.135661 -327.672429 -330.064360 -300.162600 -282.752924 -273.037995 -297.716989 -320.604880 -323.412409 -290.346645 -355.240651 -431.021173 -494.101108 -494.167815 -525.608661 -567.128383 -589.614490 -592.101174 -568.891584 -583.219875 -619.575115 -655.023855 -663.165294 -678.652902 -662.053686 -638.707552 -591.008783 -552.110313 -522.801496 -521.640859 -538.375679 -9999.0 -9999.0 -9999.0 -9999.0 -9999.0 -9999.0 -9999.0 -9999.0 -9999.0 -9999.0
-9999.0 -9999.0 -9999.0 -9999.0 -9999.0 -9999.0 -870.033368 -861.880411 -842.912788 -837.548050 -814.279747 -807.302293 -787.587341 -769.031018 -749.787614 -733.616869 -703.634876 -672.554270 -632.284412 -589.190544 -557.611688 -562.344301 -553.108899 -518.592735 -471.422951 -431.646210 -403.444625 -359.180102 -258.773151 -179.981055 -143.131197 -119.938315 -40.250031 140.363806 202.497048 210.899251 202.349854 195.602722 202.663876 216.205468 216.821075 215.718455 218.455191 221.022844 233.197983 230.915781 215.485621 211.890221 212.041192 207.214841 158.871238 -31.674990 -198.474918 -283.120523 -381.494679 -449.520807 -457.585721 -443.866814 -475.726108 -528.780409 -570.884842 -580.499206 -593.893854 -607.257659 -601.145101 -580.768056 -556.165881 -543.716894 -554.936887 -574.373930 -596.704133 -624.718110 -622.546810 -596.693146 -9999.0 -9999.0 -9999.0 -9999.0 -9999.0 -9999.0
-9999.0 -9999.0 -9999.0 -9999.0 -919.067562 -907.252295 -918.969407 -896.512205 -865.538561 -833.557081 -802.019921 -765.719628 -739.949661 -711.711852 -671.134494 -633.636366 -591.208554 -557.873516 -502.893707 -427.214209 -363.554847 -329.436083 -310.311030 -202.946726 102.316326 186.019229 196.191412 204.162575 217.113485 242.030087 253.310045 257.231632 271.417305 295.422333 313.988423 327.485012 319.695046 318.015555 318.835606 320.484963 334.533897 333.945544 334.451811 334.403322 335.881066 338.183140 324.799833 313.176305 310.479305 308.988010 300.091459 260.975642 234.899537 222.714240 214.251032 193.558216 110.904587 -97.050962 -239.996945 -320.566535 -402.792979 -436.473898 -470.942852 -496.621106 -526.623467 -524.741163 -520.459861 -538.536682 -567.169959 -597.659369 -611.460832 -629.104264 -638.238274 -607.872207 -589.664129 -558.109341 -9999.0 -9999.0 -9999.0 -9999.0
-9999.0 -9999.0 -976.059070 -926.129605 -871.341057 -863.456916 -861.354262 -857.430192 -832.031428 -783.289068 -705.933976 -654.543004 -610.565973 -582.283926 -523.345361 -431.701265 -344.674114 -281.748702 -158.112408 117.882047 195.087283 210.135492 214.814395 233.852228 273.886753 301.234788 308.301027 314.872745 322.544020 338.901871 360.166255 374.069372 381.294645 376.687054 376.153755 372.377572 371.577732 368.503886 353.544211 351.230337 356.990242 358.640419 361.867478 350.841242 347.108907 359.104053 361.467476 364.618341 368.339174 376.788084 385.933716 357.178465 319.863402 316.247681 317.301807 302.898585 276.432829 245.145978 232.854567 218.256744 184.146572 100.476273 -200.930453 -297.078264 -370.153619 -409.489880 -456.174431 -494.883272 -537.517064 -580.323180 -601.936268 -619.006383 -619.987442 -618.191002 -601.434483 -585.103806 -569.202014 -561.135133 -9999.0 -9999.0
-9999.0 -1072.989078 -1000.615439 -873.329891 -795.933908 -752.316359 -711.676214 -682.864743 -661.132985 -650.372706 -544.026214 -427.243749 -328.364156 -292.277637 -189.748749 110.288313 203.779824 224.298022 243.679948 280.722327 305.155923 320.311075 331.274598 359.197463 382.947959 380.940160 376.237758 375.052782 365.327850 357.958451 348.197268 356.412966 355.967080 343.094065 331.764117 329.837578 326.091222 316.732901 307.749380 304.034501 306.084793 315.639400 311.187463 303.500314 302.005828 309.746018 316.052300 313.021995 308.902183 317.476519 330.642233 341.205174 355.975720 369.069396 388.064427 366.157045 337.769253 318.277077 313.514249 306.932169 290.358700 265.797806 228.573346 199.238977 115.950924 -204.015054 -315.380316 -387.445950 -452.852513 -489.583589 -518.523402 -568.761122 -590.639259 -587.526202 -595.787655 -597.417035 -590.076591 -583.333759 -9999.0 -9999.0
-9999.0 -1141.265903 -997.900085 -812.615209 -668.540874 -609.147209 -486.068583 -395.515131 -369.011109 -393.764447 -249.721525 170.171580 229.167916 231.508684 263.327749 312.765658 342.467931 364.435813 379.756185 373.328830 368.267764 368.453756 363.151879 354.732454 342.123137 336.078790 336.515265 336.309340 326.101216 319.844262 312.685918 313.023479 309.189991 297.511341 285.587333 272.631493 251.032163 241.369968 228.219431 218.399873 212.823878 222.316180 218.307578 211.144982 209.187374 218.116104 232.454115 229.913188 238.187451 265.206898 284.749218 296.634033 301.715875 310.910784 323.042056 342.760132 357.583079 376.702733 381.303690 359.707714 330.723917 313.762304 306.187955 288.583019 262.512520 213.192527 152.609204 -57.445395 -241.535112 -316.589055 -381.072426 -444.459484 -502.092225 -527.389190 -565.053203 -585.483257 -9999.0 -9999.0 -9999.0 -9999.0
-9999.0 -1202.103926 -1009.844641 -743.342855 -493.906480 -342.821250 111.215915 213.673990 235.000488 258.824522 273.586136 357.088141 368.877957 354.268594 331.766337 329.342909 340.109351 342.801028 338.668194 331.292839 326.511827 324.327494 322.637774 319.389591 315.348381 310.781641 307.678335 306.396554 294.960008 282.327679 255.369891 244.540821 230.158675 191.835067 163.102397 75.046288 -195.676922 -218.517871 -241.034328 -285.885408 -309.493587 -325.946696 -305.040978 -307.959406 -308.769120 -297.519136 -267.996989 -240.717481 -149.946457 107.068175 184.266212 209.730944 223.687031 249.848281 278.118300 298.864649 306.230286 314.487886 330.470676 359.140282 378.834522 372.587182 347.876648 328.426411 307.048238 287.737691 275.190458 239.490370 210.172888 184.782706 102.317117 -207.989194 -331.795860 -437.290487 -477.342341 -9999.0 -9999.0 -9999.0 -9999.0 -9999.0
-9999.0 -1347.476224 -1079.840328 -781.960576 -443.847975 94.920916 211.157409 294.708409 344.795348 294.993136 287.612524 295.798624 310.440623 310.985227 302.935123 303.259572 301.278502 301.553315 309.098418 299.482849 287.337263 274.879375 266.729254 257.298677 243.562528 235.688093 231.595607 225.627258 205.018776 154.361788 -89.539975 -178.252951 -300.772075 -384.013851 -437.804316 -488.587550 -540.207441 -541.729398 -526.513214 -543.260645 -564.892370 -583.405515 -558.809894 -544.570848 -534.445055 -543.957400 -535.809422 -502.707109 -455.407969 -412.337836 -354.177806 -282.245833 -203.008240 -25.955714 148.861199 201.557012 221.524366 244.208585 285.044826 314.267925 323.679632 338.548726 370.887464 388.732860 351.716653 323.666689 312.003811 299.931037 278.712390 268.655861 256.595984 221.260655 189.913214 -9999.0 -9999.0 -9999.0 -9999.0 -9999.0 -9999.0 -9999.0
-9999.0 -1484.170048 -1247.231687 -992.771713 -691.831215 -460.119611 -260.002303 94.422158 182.940294 187.580972 196.257611 206.146875 216.412164 225.519654 216.629600 203.174958 193.043830 196.187071 196.525856 184.939768 154.021528 65.265659 -28.395838 -78.090833 -161.479474 -201.016707 -222.985672 -260.988551 -312.854575 -380.100946 -471.656317 -536.773377 -596.198633 -631.208326 -660.455311 -692.589272 -731.298611 -720.450252 -705.310980 -710.164613 -722.990274 -728.055317 -698.877107 -681.241162 -671.600151 -685.518144 -668.045580 -642.117908 -601.881203 -562.709114 -517.953227 -466.844317 -416.085247 -384.281042 -361.448502 -319.935872 -256.465860 -108.737666 152.158075 230.585039 278.491860 296.548016 313.766887 325.599959 330.350478 347.072847 345.832585 312.814272 279.060406 289.445429 293.104981 -9999.0 -9999.0 -9999.0 -9999.0 -9999.0 -9999.0 -9999.0 -9999.0 -9999.0
-9999.0 -9999.0 -1485.292549 -1289.601586 -1121.618321 -936.212997 -791.175954 -690.772794 -626.622752 -548.557549 -461.937004 -386.049196 -342.862338 -324.851532 -347.618455 -395.899021 -426.876604 -427.045182 -437.026156 -454.681763 -483.140256 -493.626072 -502.075048 -509.207318 -523.087766 -530.500667 -535.298386 -545.550004 -567.311880 -612.703180 -665.140329 -715.927202 -769.264082 -793.339868 -814.744127 -837.351812 -841.462562 -842.396557 -835.199863 -834.164362 -829.505914 -818.332135 -797.698588 -777.027663 -768.069532 -761.973878 -749.868593 -726.986726 -694.859068 -655.726350 -605.741405 -552.883963 -517.491891 -507.701597 -518.530029 -513.617674 -492.466888 -447.823675 -346.432592 -196.104263 127.235989 207.804175 247.729283 284.021614 291.644622 297.427102 307.942959 290.538869 185.682482 260.084997 -9999.0 -9999.0 -9999.0 -9999.0 -9999.0 -9999.0 -9999.0 -9999.0 -9999.0 -9999.0
-9999.0 -9999.0 -9999.0 -9999.0 -1432.371908 -1274.130257 -1181.979085 -1101.186255 -986.110690 -885.223221 -799.555643 -729.286403 -682.194482 -660.873807 -674.407577 -683.313653 -692.399836 -694.955166 -702.717258 -709.227169 -715.711927 -723.013643 -732.690719 -739.848408 -740.815513 -737.643409 -739.200058 -751.428814 -765.894424 -793.740200 -818.244271 -853.011519 -889.804384 -918.476514 -931.196692 -938.419629 -937.957964 -942.897985 -933.166682 -927.295835 -912.745088 -897.423636 -873.587344 -845.869342 -833.968823 -820.235854 -810.786801 -790.272185 -761.175931 -709.907799 -649.615717 -596.124184 -564.917412 -563.540104 -591.889538 -609.702353 -614.906733 -589.654971 -545.259019 -477.730206 -367.600775 -266.388089 -103.815867 142.045072 197.183388 222.511148 267.041133 283.153916 -9999.0 -9999.0 -9999.0 -9999.0 -9999.0 -9999.0 -9999.0 -9999.0 -9999.0 -9999.0 -9999.0 -9999.0
-9999.0 -9999.0 -9999.0 -9999.0 -9999.0 -9999.0 -1492.475498 -1399.654606 -1309.804032 -1195.066710 -1090.014414 -1003.704080 -933.808605 -912.121063 -898.173091 -877.783944 -883.108609 -899.062098 -914.238085 -898.681425 -890.627948 -894.850656 -920.676356 -922.324516 -919.301133 -909.714424 -910.468130 -916.190868 -940.336550 -933.409103 -935.476816 -958.019386 -983.673622 -998.042872 -1009.356706 -999.339883 -998.308774 -1010.337723 -1007.299285 -981.754772 -962.469730 -949.062211 -926.520040 -893.756022 -862.272051 -848.593498 -847.965311 -841.989521 -800.624671 -731.620809 -663.434290 -612.413413 -583.967490 -578.570882 -609.041705 -651.976298 -675.898264 -672.149821 -641.414563 -592.581278 -520.770897 -474.912828 -443.257744 -414.513683 -376.917618 -249.101125 -9999.0 -9999.0 -9999.0 -9999.0 -9999.0 -9999.0 -9999.0 -9999.0 -9999.0 -9999.0 -9999.0 -9999.0 -9999.0 -9999.0
-9999.0 -9999.0 -9999.0 -9999.0 -9999.0 -9999.0 -9999.0 -9999.0 -9999.0 -9999.0 -9999.0 -9999.0 -9999.0 -9999.0 -9999.0 -9999.0 -9999.0 -9999.0 -9999.0 -9999.0 -9999.0 -9999.0 -9999.0 -9999.0 -9999.0 -9999.0 -9999.0 -9999.0 -9999.0 -9999.0 -9999.0 -9999.0 -9999.0 -9999.0 -9999.0 -9999.0 -9999.0 -9999.0 -9999.0 -9999.0 -9999.0 -9999.0 -9999.0 -9999.0 -9999.0 -9999.0 -9999.0 -9999.0 -9999.0 -9999.0 -9999.0 -9999.0 -9999.0 -9999.0 -9999.0 -9999.0 -9999.0 -9999.0 -9999.0 -9999.0 -9999.0 -9999.0 -9999.0 -9999.0 -9999.0 -9999.0 -9999.0 -9999.0 -9999.0 -9999.0 -9999.0 -9999.0 -9999.0 -9999.0 -9999.0 -9999.0 -9999.0 -9999.0 -9999.0 -9999.0
-9999.0 -9999.0 -9999.0 -9999.0 -9999.0 -9999.0 -9999.0 -9999.0 -9999.0 -9999.0 -9999.0 -9999.0 -9999.0 -9999.0 -9999.0 -9999.0 -9999.0 -9999.0 -9999.0 -9999.0 -9999.0 -9999.0 -9999.0 -9999.0 -9999.0 -9999.0 -9999.0 -9999.0 -9999.0 -9999.0 -9999.0 -9999.0 -9999.0 -9999.0 -9999.0 -9999.0 -9999.0 -9999.0 -9999.0 -9999.0 -9999.0 -9999.0 -9999.0 -9999.0 -9999.0 -9999.0 -9999.0 -9999.0 -9999.0 -9999.0 -9999.0 -9999.0 -9999.0 -9999.0 -9999.0 -9999.0 -9999.0 -9999.0 -9999.0 -9999.0 -9999.0 -9999.0 -9999.0 -9999.0 -9999.0 -9999.0 -9999.0 -9999.0 -9999.0 -9999.0 -9999.0 -9999.0 -9999.0 -9999.0 -9999.0 -9999.0 -9999.0 -9999.0 -9999.0 -9999.0