Borden_/Borden1m_014/output_maps/psiliqL0028N0031.asc
ncols         80
nrows         18
xllcorner     620200.000000
yllcorner     5168000.000000
cellsize      1.000000
NODATA_value  -9999.0
-9999.0 -9999.0 -9999.0 -9999.0 -9999.0 -9999.0 -9999.0 -9999.0 -9999.0 -9999.0 -9999.0 -9999.0 -9999.0 -9999.0 -9999.0 -9999.0 -9999.0 -9999.0 -9999.0 -9999.0 -9999.0 -9999.0 -9999.0 -9999.0 -9999.0 -9999.0 -9999.0 -9999.0 -9999.0 -9999.0 -9999.0 -9999.0 -9999.0 -9999.0 -9999.0 -9999.0 -9999.0 -9999.0 -9999.0 -9999.0 -9999.0 -9999.0 -9999.0 -9999.0 -9999.0 -9999.0 -9999.0 -9999.0 -9999.0 -9999.0 -9999.0 -9999.0 -9999.0 -9999.0 -9999.0 -9999.0 -9999.0 -9999.0 -9999.0 -9999.0 -9999.0 -9999.0 -9999.0 -9999.0 -9999.0 -9999.0 -9999.0 -9999.0 -9999.0 -9999.0 -9999.0 -9999.0 -9999.0 -9999.0 -9999.0 -9999.0 -9999.0 -9999.0 -9999.0 -9999.0
-9999.0 -9999.0 -9999.0 -9999.0 -9999.0 -9999.0 -9999.0 -9999.0 -9999.0 -9999.0 -9999.0 -9999.0 -9999.0 -9999.0 -9999.0 -9999.0 -9999.0 -9999.0 -9999.0 -9999.0 -9999.0 -9999.0 -9999.0 -9999.0 -9999.0 -9999.0 -9999.0 -9999.0 -9999.0 -9999.0 -9999.0 -9999.0 -9999.0 -9999.0 -9999.0 -9999.0 -9999.0 -9999.0 -9999.0 -9999.0 -9999.0 -9999.0 -9999.0 -9999.0 -9999.0 -9999.0 -9999.0 -9999.0 -9999.0 -9999.0 -9999.0 -9999.0 -9999.0 -9999.0 -9999.0 -9999.0 -9999.0 -9999.0 -9999.0 -9999.0 -9999.0 -9999.0 -9999.0 -9999.0 -9999.0 -9999.0 -9999.0 -9999.0 -9999.0 -9999.0 -9999.0 -9999.0 -9999.0 -9999.0 -9999.0 -9999.0 -9999.0 -9999.0 -9999.0 -9999.0
-9999.0 -9999.0 -9999.0 -9999.0 -9999.0 -9999.0 -9999.0 -9999.0 -9999.0 -9999.0 -9999.0 -9999.0 -9999.0 -9999.0 -9999.0 -9999.0 -9999.0 -9999.0 -9999.0 -9999.0 3725.108606 3725.772151 3704.092598 3669.785918 3641.328309 3642.897874 3675.321039 3715.609150 3754.225276 3760.941265 3741.419587 3745.207144 3740.570596 3735.305975 3734.938482 3742.658455 3749.546012 3758.878901 3765.491552 3762.793670 3755.169327 3750.132280 3753.079493 3754.420076 3760.835123 3745.744734 3762.091929 3778.571865 3783.208994 3780.895486 3757.734343 3746.473568 3738.787152 3723.373295 3750.481810 3762.327988 3786.137051 3791.063321 3789.257436 3762.821672 3732.937175 -9999.0 -9999.0 -9999.0 -9999.0 -9999.0 -9999.0 -9999.0 -9999.0 -9999.0 -9999.0 -9999.0 -9999.0 -9999.0 -9999.0 -9999.0 -9999.0 -9999.0 -9999.0 -9999.0
-9999.0 -9999.0 -9999.0 -9999.0 -9999.0 -9999.0 -9999.0 -9999.0 -9999.0 -9999.0 -9999.0 -9999.0 -9999.0 -9999.0 3635.221686 3626.476648 3623.364320 3630.203666 3662.213603 3692.238359 3703.672803 3695.980850 3695.493928 3670.274842 3646.711179 3658.712901 3687.657594 3717.529894 3750.333753 3766.833619 3755.598691 3752.631320 3758.773885 3776.991524 3783.896862 3779.934740 3762.531894 3786.863539 3799.522485 3803.106526 3800.806526 3790.669634 3798.603356 3812.265726 3805.130188 3790.203483 3802.204899 3817.782565 3828.297763 3821.185699 3764.211844 3753.660088 3750.957526 3747.731945 3735.215066 3732.171280 3761.455318 3761.393045 3754.778666 3738.110293 3705.074427 3659.989943 3641.424103 3682.836499 3726.905160 3783.457519 -9999.0 -9999.0 -9999.0 -9999.0 -9999.0 -9999.0 -9999.0 -9999.0 -9999.0 -9999.0 -9999.0 -9999.0 -9999.0 -9999.0
-9999.0 -9999.0 -9999.0 -9999.0 -9999.0 -9999.0 -9999.0 -9999.0 -9999.0 3578.022436 3584.048905 3590.694737 3592.903314 3607.622925 3603.909875 3610.428327 3613.493617 3640.366357 3669.128499 3701.905707 3728.145043 3718.493490 3716.498111 3718.839348 3711.150902 3717.756648 3737.524374 3773.307603 3802.815830 3836.925503 3802.336411 3796.735861 3813.736156 3853.755250 3874.718864 3875.481689 3856.584808 3874.870830 3898.083908 3912.569348 3908.586216 3901.945703 3928.271196 3943.870038 3936.185816 3914.101550 3914.876747 3923.748163 3953.766566 3903.020852 3836.936995 3800.954387 3819.121559 3799.677400 3776.134377 3767.063043 3768.819047 3789.751157 3779.007954 3746.067843 3713.757825 3702.346093 3686.139353 3708.435803 3732.432271 3779.381232 3819.890634 3850.211472 3849.882985 3832.867013 -9999.0 -9999.0 -9999.0 -9999.0 -9999.0 -9999.0 -9999.0 -9999.0 -9999.0 -9999.0
-9999.0 -9999.0 -9999.0 -9999.0 -9999.0 -9999.0 3499.654140 3510.133172 3530.668768 3532.590085 3558.890891 3563.375698 3581.437465 3597.771185 3619.076766 3630.681007 3654.188980 3683.019911 3717.579993 3753.635220 3779.903099 3766.717595 3771.041520 3788.060226 3812.113813 3828.804827 3850.885133 3888.411043 3960.497704 3996.321165 3986.204600 3986.308304 3994.319190 4045.077178 4109.149657 4119.218152 4098.423802 4085.711603 4110.291906 4148.454537 4145.427563 4144.108630 4158.162954 4169.428922 4196.387356 4184.760315 4148.888628 4144.988009 4153.335804 4128.857986 4057.790331 4001.438822 3985.158813 3938.095812 3854.018847 3813.412437 3840.760475 3870.691494 3850.562623 3801.994496 3771.369052 3767.247679 3757.332248 3752.090132 3766.157202 3790.232119 3814.810313 3829.440475 3818.034021 3797.502230 3776.269936 3748.438083 3751.419934 3776.480673 -9999.0 -9999.0 -9999.0 -9999.0 -9999.0 -9999.0
-9999.0 -9999.0 -9999.0 -9999.0 3450.577451 3463.131906 3447.421788 3473.335226 3504.610899 3537.511069 3563.639528 3593.809620 3615.626715 3641.090277 3672.260228 3691.351792 3721.133014 3749.337113 3794.976571 3854.667048 3897.597685 3909.066523 3916.679157 3966.942786 4022.785097 4069.092237 4087.780393 4114.041839 4161.478837 4218.359784 4240.244627 4242.497084 4259.474372 4304.619036 4363.022244 4398.757305 4380.756797 4371.357806 4382.416020 4397.556762 4419.721835 4419.755557 4420.902499 4425.512870 4433.813289 4431.618861 4404.061936 4370.189376 4357.066616 4346.503569 4306.190154 4232.753237 4203.639500 4173.752327 4128.109605 4072.687534 4028.445755 4032.481256 3977.312976 3921.704858 3873.666804 3868.145057 3849.609726 3835.233646 3819.858706 3833.934974 3847.324935 3833.141692 3803.548212 3774.794729 3762.334404 3745.175471 3733.971577 3765.508764 3783.588195 3812.991647 -9999.0 -9999.0 -9999.0 -9999.0
-9999.0 -9999.0 3392.220352 3436.485532 3492.994793 3497.967225 3489.194870 3490.730964 3515.906456 3563.812522 3623.227399 3657.253679 3683.111341 3712.512743 3761.341015 3820.071110 3878.138383 3920.230213 3978.767424 4048.724387 4107.905273 4134.163218 4142.368536 4178.463725 4234.259019 4305.657616 4334.532470 4361.693880 4394.581234 4432.441060 4420.475310 4430.555727 4443.816467 4458.615030 4475.466854 4483.606757 4478.371801 4473.686880 4454.905998 4449.390429 4455.807447 4464.502583 4463.001747 4448.050507 4444.059156 4459.344671 4466.044658 4463.648196 4460.246432 4464.711169 4458.510932 4407.938886 4394.232391 4378.391153 4365.619662 4318.465517 4250.456145 4218.999877 4196.427981 4154.183933 4080.144158 4044.441193 4006.030096 3972.629675 3936.578852 3925.581540 3894.779756 3863.636899 3825.721474 3785.589924 3767.148616 3753.573688 3753.621104 3754.460095 3772.579842 3788.400159 3804.468489 3812.590335 -9999.0 -9999.0
-9999.0 3281.174342 3351.450489 3471.369339 3547.819338 3582.300855 3585.693559 3584.449817 3608.632024 3641.953966 3725.152637 3767.895855 3850.374623 3888.878892 3928.431519 4018.361595 4114.463889 4158.894994 4199.181590 4265.361824 4333.150863 4381.212280 4408.037790 4380.912012 4422.154082 4455.598244 4464.946335 4472.867961 4473.826466 4465.218137 4459.120844 4465.637429 4462.458181 4442.824831 4426.320395 4424.401540 4420.896080 4397.181892 4369.341230 4353.407131 4354.348279 4379.811867 4366.321284 4344.749955 4340.255025 4362.222244 4384.341603 4373.386206 4360.099657 4376.819262 4411.997417 4438.064826 4437.511394 4456.526333 4477.755254 4447.940627 4427.870443 4382.869019 4365.560183 4339.816201 4281.817550 4226.884134 4178.330028 4130.071072 4078.233158 4030.594195 3983.438526 3936.592838 3884.119043 3851.801742 3828.218436 3786.648793 3775.293389 3782.574178 3778.293038 3777.050355 3783.807919 3790.445870 -9999.0 -9999.0
-9999.0 3181.182957 3318.699801 3493.877105 3634.565209 3671.249033 3725.010009 3776.632577 3788.414071 3728.676260 3830.074029 4048.996587 4177.061137 4196.172753 4273.926274 4372.089950 4348.679732 4380.984542 4405.174728 4434.650951 4458.274981 4473.861529 4472.468759 4467.669425 4450.889775 4442.817380 4441.859338 4439.649278 4421.903170 4402.635004 4385.596481 4382.115602 4363.559077 4312.309688 4278.430409 4260.207258 4239.741510 4226.779475 4200.034230 4173.648815 4156.333470 4165.450756 4164.745809 4151.954150 4147.557363 4165.198140 4196.170118 4195.159002 4208.380301 4228.288643 4263.856371 4302.883172 4322.369544 4351.921193 4387.945758 4437.278695 4445.022108 4467.733367 4470.326826 4461.355095 4413.710675 4361.340489 4331.587809 4275.544878 4215.903414 4154.133687 4104.827140 4060.050689 4004.580654 3971.170659 3932.616771 3879.289170 3838.058198 3832.696503 3800.100291 3788.127498 -9999.0 -9999.0 -9999.0 -9999.0
-9999.0 3073.812238 3250.165348 3483.606918 3780.599492 3845.294022 4048.717446 4163.207987 4201.016268 4270.009769 4133.543849 4354.125450 4411.627832 4407.843491 4427.965302 4431.879359 4446.688970 4445.780691 4440.681190 4429.474798 4419.623469 4414.847806 4413.873784 4405.909115 4393.165025 4378.410208 4366.330333 4354.577096 4317.251129 4284.739816 4244.058377 4231.155153 4184.451048 4091.587054 4052.957150 4013.098215 3950.537013 3954.015386 3963.635642 3940.097713 3920.118562 3890.158470 3921.376530 3933.599184 3938.340526 3932.444990 3941.009800 3971.279764 4020.622678 4055.457907 4094.319421 4142.666985 4173.595092 4212.986520 4252.507242 4305.182475 4336.943151 4366.125576 4416.082167 4453.341862 4476.298874 4461.563941 4444.002477 4398.053610 4337.328194 4287.707372 4258.186077 4206.962915 4163.189026 4119.865204 4073.441625 4020.755587 3959.253206 3909.896556 3876.765323 -9999.0 -9999.0 -9999.0 -9999.0 -9999.0
-9999.0 2843.194371 3103.197779 3362.020960 3627.362876 3974.065055 4156.706961 4248.262030 4312.882647 4300.489778 4328.252597 4333.426791 4371.033909 4378.996442 4357.717010 4343.243943 4324.747803 4323.657927 4336.799290 4309.033943 4278.228119 4264.579826 4265.552263 4254.877038 4230.653289 4215.810944 4206.609199 4187.713502 4144.546386 4093.606537 4008.259901 3971.884393 3891.580705 3855.767791 3820.413695 3773.631313 3730.092957 3736.876592 3762.954039 3754.975498 3734.607750 3718.005674 3748.026541 3769.634244 3783.192530 3766.161172 3772.549660 3806.937169 3853.238027 3893.578763 3937.075450 3984.840017 4027.009681 4065.631099 4085.403545 4123.719541 4166.042556 4207.887937 4278.608461 4358.381227 4395.269951 4430.522197 4458.687778 4480.919457 4437.600817 4411.948778 4387.753495 4363.719903 4316.905459 4271.171778 4230.590548 4164.970119 4105.404140 -9999.0 -9999.0 -9999.0 -9999.0 -9999.0 -9999.0 -9999.0
-9999.0 2740.894743 2920.147740 3098.327221 3336.534476 3564.635436 3794.411871 3884.458172 3955.596969 4035.364253 4093.930172 4133.369044 4159.177169 4181.184931 4158.741047 4111.503710 4078.671509 4083.864858 4073.972263 4053.497198 4026.099786 4013.500882 4010.653779 4006.221649 3985.513200 3975.893327 3969.580980 3951.963416 3927.660829 3874.897239 3804.755053 3731.065801 3678.734716 3661.893510 3640.948635 3615.580456 3591.139104 3605.265443 3617.999045 3618.976465 3613.620685 3614.741465 3643.777760 3663.923918 3673.323038 3662.770763 3680.840700 3703.293523 3739.360970 3778.156223 3822.327137 3871.933278 3919.936209 3938.938169 3939.443184 3948.962861 3975.306611 4017.779821 4093.715106 4180.031246 4259.483031 4305.703554 4357.040667 4397.750573 4426.767407 4450.063917 4473.702758 4467.712202 4440.974801 4407.142567 4347.363357 -9999.0 -9999.0 -9999.0 -9999.0 -9999.0 -9999.0 -9999.0 -9999.0 -9999.0
-9999.0 -9999.0 2704.370854 2839.804336 2924.039684 3073.897201 3209.461912 3313.714064 3417.378404 3565.279951 3691.874312 3788.169128 3835.687773 3851.484359 3838.105982 3811.056289 3794.933774 3794.446014 3782.384324 3777.191877 3764.324257 3759.745654 3747.665195 3740.612752 3738.214766 3738.997909 3737.706379 3730.551308 3715.318151 3675.468272 3641.673531 3599.354528 3555.167581 3535.153536 3518.702653 3503.616289 3509.741234 3505.123769 3511.055468 3514.723949 3525.411759 3540.245753 3559.512224 3582.500431 3592.172594 3602.725741 3613.141281 3634.176970 3663.320818 3702.946212 3753.780976 3808.188652 3843.530751 3849.467452 3830.098252 3823.435559 3829.619375 3856.560820 3917.418586 3985.319420 4076.020910 4142.195853 4209.335686 4265.968924 4293.113560 4329.515464 4400.993724 4449.114144 4493.124713 4470.635476 -9999.0 -9999.0 -9999.0 -9999.0 -9999.0 -9999.0 -9999.0 -9999.0 -9999.0 -9999.0
-9999.0 -9999.0 -9999.0 -9999.0 2711.486844 2839.018507 2933.788421 3002.890415 3135.609718 3265.751017 3371.707929 3459.801763 3530.800719 3557.162836 3560.100534 3580.266312 3580.503970 3570.557266 3559.463582 3566.198401 3573.063527 3567.545612 3550.372576 3545.202048 3550.949973 3560.918180 3560.779368 3549.788012 3533.494453 3523.454035 3514.415294 3486.648184 3457.255984 3432.200242 3422.439658 3421.773342 3423.339538 3416.243342 3425.318639 3435.373990 3451.951814 3467.285959 3490.795710 3520.757601 3535.750373 3550.310452 3558.378070 3576.064425 3604.131494 3655.119876 3716.391450 3772.668689 3806.403002 3806.181383 3776.835014 3754.100329 3740.177813 3756.051203 3783.235675 3831.926430 3920.427945 3982.234745 4026.093438 4063.680482 4099.989236 4166.284900 4262.866995 4345.203908 -9999.0 -9999.0 -9999.0 -9999.0 -9999.0 -9999.0 -9999.0 -9999.0 -9999.0 -9999.0 -9999.0 -9999.0
-9999.0 -9999.0 -9999.0 -9999.0 -9999.0 -9999.0 2692.941176 2800.211811 2839.981486 2988.051271 3136.807815 3244.085594 3328.171498 3365.569852 3401.920365 3433.723745 3435.210965 3414.512732 3391.997246 3415.173363 3436.594381 3430.455032 3397.700892 3400.652512 3409.647561 3418.915006 3418.112662 3414.507040 3392.579797 3413.606743 3421.928498 3402.319503 3379.973548 3370.410434 3361.055991 3372.771475 3374.216822 3360.582768 3359.696556 3388.603220 3410.375182 3423.349839 3444.166313 3477.385716 3509.855633 3525.525840 3525.991873 3529.886213 3565.192325 3632.653601 3703.374712 3758.344105 3789.176998 3793.379442 3761.968950 3716.448160 3689.490089 3687.119598 3709.870483 3747.266030 3807.019823 3841.907693 3850.373547 3848.441818 3858.530160 3959.692699 -9999.0 -9999.0 -9999.0 -9999.0 -9999.0 -9999.0 -9999.0 -9999.0 -9999.0 -9999.0 -9999.0 -9999.0 -9999.0 -9999.0
-9999.0 -9999.0 -9999.0 -9999.0 -9999.0 -9999.0 -9999.0 -9999.0 -9999.0 -9999.0 -9999.0 -9999.0 -9999.0 -9999.0 -9999.0 -9999.0 -9999.0 -9999.0 -9999.0 -9999.0 -9999.0 -9999.0 -9999.0 -9999.0 -9999.0 -9999.0 -9999.0 -9999.0 -9999.0 -9999.0 -9999.0 -9999.0 -9999.0 -9999.0 -9999.0 -9999.0 -9999.0 -9999.0 -9999.0 -9999.0 -9999.0 -9999.0 -9999.0 -9999.0 -9999.0 -9999.0 -9999.0 -9999.0 -9999.0 -9999.0 -9999.0 -9999.0 -9999.0 -9999.0 -9999.0 -9999.0 -9999.0 -9999.0 -9999.0 -9999.0 -9999.0 -9999.0 -9999.0 -9999.0 -9999.0 -9999.0 -9999.0 -9999.0 -9999.0 -9999.0 -9999.0 -9999.0 -9999.0 -9999.0 -9999.0 -9999.0 -9999.0 -9999.0 -9999.0 -9999.0
-9999.0 -9999.0 -9999.0 -9999.0 -9999.0 -9999.0 -9999.0 -9999.0 -9999.0 -9999.0 -9999.0 -9999.0 -9999.0 -9999.0 -9999.0 -9999.0 -9999.0 -9999.0 -9999.0 -9999.0 -9999.0 -9999.0 -9999.0 -9999.0 -9999.0 -9999.0 -9999.0 -9999.0 -9999.0 -9999.0 -9999.0 -9999.0 -9999.0 -9999.0 -9999.0 -9999.0 -9999.0 -9999.0 -9999.0 -9999.0 -9999.0 -9999.0 -9999.0 -9999.0 -9999.0 -9999.0 -9999.0 -9999.0 -9999.0 -9999.0 -9999.0 -9999.0 -9999.0 -9999.0 -9999.0 -9999.0 -9999.0 -9999.0 -9999.0 -9999.0 -9999.0 -9999.0 -9999.0 -9999.0 -9999.0 -9999.0 -9999.0 -9999.0 -9999.0 -9999.0 -9999.0 -9999.0 -9999.0 -9999.0 -9999.0 -9999.0 -9999.0 -9999.0 -9999.0 -9999.0