Borden_/Borden1m_014/output_maps/psiliqL0003N0021.asc
ncols         80
nrows         18
xllcorner     620200.000000
yllcorner     5168000.000000
cellsize      1.000000
NODATA_value  -9999.0
-9999.0 -9999.0 -9999.0 -9999.0 -9999.0 -9999.0 -9999.0 -9999.0 -9999.0 -9999.0 -9999.0 -9999.0 -9999.0 -9999.0 -9999.0 -9999.0 -9999.0 -9999.0 -9999.0 -9999.0 -9999.0 -9999.0 -9999.0 -9999.0 -9999.0 -9999.0 -9999.0 -9999.0 -9999.0 -9999.0 -9999.0 -9999.0 -9999.0 -9999.0 -9999.0 -9999.0 -9999.0 -9999.0 -9999.0 -9999.0 -9999.0 -9999.0 -9999.0 -9999.0 -9999.0 -9999.0 -9999.0 -9999.0 -9999.0 -9999.0 -9999.0 -9999.0 -9999.0 -9999.0 -9999.0 -9999.0 -9999.0 -9999.0 -9999.0 -9999.0 -9999.0 -9999.0 -9999.0 -9999.0 -9999.0 -9999.0 -9999.0 -9999.0 -9999.0 -9999.0 -9999.0 -9999.0 -9999.0 -9999.0 -9999.0 -9999.0 -9999.0 -9999.0 -9999.0 -9999.0
-9999.0 -9999.0 -9999.0 -9999.0 -9999.0 -9999.0 -9999.0 -9999.0 -9999.0 -9999.0 -9999.0 -9999.0 -9999.0 -9999.0 -9999.0 -9999.0 -9999.0 -9999.0 -9999.0 -9999.0 -9999.0 -9999.0 -9999.0 -9999.0 -9999.0 -9999.0 -9999.0 -9999.0 -9999.0 -9999.0 -9999.0 -9999.0 -9999.0 -9999.0 -9999.0 -9999.0 -9999.0 -9999.0 -9999.0 -9999.0 -9999.0 -9999.0 -9999.0 -9999.0 -9999.0 -9999.0 -9999.0 -9999.0 -9999.0 -9999.0 -9999.0 -9999.0 -9999.0 -9999.0 -9999.0 -9999.0 -9999.0 -9999.0 -9999.0 -9999.0 -9999.0 -9999.0 -9999.0 -9999.0 -9999.0 -9999.0 -9999.0 -9999.0 -9999.0 -9999.0 -9999.0 -9999.0 -9999.0 -9999.0 -9999.0 -9999.0 -9999.0 -9999.0 -9999.0 -9999.0
-9999.0 -9999.0 -9999.0 -9999.0 -9999.0 -9999.0 -9999.0 -9999.0 -9999.0 -9999.0 -9999.0 -9999.0 -9999.0 -9999.0 -9999.0 -9999.0 -9999.0 -9999.0 -9999.0 -9999.0 -546.051960 -544.760740 -547.551189 -550.741359 -553.451370 -553.800551 -550.783006 -547.316229 -543.333341 -542.571963 -545.805743 -544.988826 -546.264125 -547.022124 -547.109256 -546.199327 -545.735197 -544.471853 -543.676231 -544.075388 -545.062636 -545.748610 -546.370665 -546.181726 -545.059175 -546.608963 -544.382072 -542.215462 -541.472278 -541.460389 -544.349276 -545.522572 -545.959171 -548.495302 -543.926691 -542.617593 -539.283960 -538.966238 -538.348161 -542.084976 -545.776735 -9999.0 -9999.0 -9999.0 -9999.0 -9999.0 -9999.0 -9999.0 -9999.0 -9999.0 -9999.0 -9999.0 -9999.0 -9999.0 -9999.0 -9999.0 -9999.0 -9999.0 -9999.0 -9999.0
-9999.0 -9999.0 -9999.0 -9999.0 -9999.0 -9999.0 -9999.0 -9999.0 -9999.0 -9999.0 -9999.0 -9999.0 -9999.0 -9999.0 -551.146751 -552.680141 -553.402917 -553.889534 -551.177022 -549.064729 -549.021202 -550.618754 -549.301295 -552.397485 -555.164039 -553.511751 -551.176909 -549.292572 -546.137231 -543.727622 -545.978616 -546.536063 -545.342804 -541.063855 -539.195002 -540.109704 -545.164132 -540.380516 -537.991984 -536.469445 -536.681325 -538.989086 -535.839467 -532.145910 -534.057971 -537.974021 -537.087480 -534.866080 -531.268378 -533.085287 -545.385342 -546.588240 -545.935945 -545.649547 -547.332178 -548.540044 -543.924251 -544.589903 -545.326388 -546.111237 -548.764294 -553.103053 -555.058247 -550.509536 -546.524889 -538.361726 -9999.0 -9999.0 -9999.0 -9999.0 -9999.0 -9999.0 -9999.0 -9999.0 -9999.0 -9999.0 -9999.0 -9999.0 -9999.0 -9999.0
-9999.0 -9999.0 -9999.0 -9999.0 -9999.0 -9999.0 -9999.0 -9999.0 -9999.0 -553.610557 -554.040084 -553.624491 -554.663319 -553.331422 -555.643036 -555.124644 -555.579770 -553.706606 -552.232398 -549.648510 -546.173540 -548.763073 -549.115166 -547.325668 -547.180308 -546.514061 -544.987190 -539.311178 -532.909787 -522.809722 -531.567542 -531.989103 -527.304485 -509.568892 -493.793504 -489.392924 -497.292815 -497.279434 -487.203086 -475.242984 -475.864881 -477.065517 -464.165532 -456.448895 -450.812370 -462.787235 -473.808481 -475.590677 -459.722735 -486.390900 -509.798822 -529.223056 -527.759741 -534.204347 -541.243548 -543.810849 -544.804626 -539.589358 -541.539109 -546.268818 -550.123192 -548.876001 -551.073929 -548.890576 -547.413509 -541.198076 -535.616387 -530.193038 -529.937997 -533.395809 -9999.0 -9999.0 -9999.0 -9999.0 -9999.0 -9999.0 -9999.0 -9999.0 -9999.0 -9999.0
-9999.0 -9999.0 -9999.0 -9999.0 -9999.0 -9999.0 -556.219869 -556.418399 -555.568203 -558.435279 -556.483676 -557.905670 -556.502060 -555.925352 -555.011540 -555.045539 -552.729392 -550.691760 -547.209693 -542.548021 -538.186724 -540.606593 -539.506363 -533.325368 -520.658422 -508.613822 -501.223787 -488.105334 -444.311953 -392.399045 -362.372014 -343.890967 -310.987885 -289.353667 -249.064374 -177.519126 -253.158005 -269.119641 -258.809467 -227.636551 -146.887917 -145.503606 -140.178960 -133.134159 -107.355117 -113.047412 -223.544096 -246.342436 -251.608894 -256.145707 -283.803510 -316.158768 -408.403519 -456.837695 -494.838101 -514.929039 -518.700482 -515.670822 -523.796641 -534.797843 -541.291006 -541.246471 -542.489427 -544.872461 -543.675731 -541.158645 -537.284044 -534.837074 -536.685600 -539.198141 -541.057269 -545.137128 -544.477861 -540.524325 -9999.0 -9999.0 -9999.0 -9999.0 -9999.0 -9999.0
-9999.0 -9999.0 -9999.0 -9999.0 -560.514981 -559.225179 -563.156995 -560.967614 -559.316813 -558.094901 -558.199075 -556.038698 -555.505360 -553.970790 -550.668249 -548.179067 -543.538797 -540.037538 -530.171361 -508.834369 -488.219376 -475.887705 -469.333065 -411.832437 -310.585405 -280.926763 -272.362575 -257.719124 -220.564006 -99.764877 -100.612347 -65.652051 -51.183665 -22.959577 9.120960 47.424584 28.906297 21.711639 24.496353 32.007298 55.683145 56.253359 57.224044 57.328533 59.380680 60.954283 40.369031 11.172075 -0.183944 -6.330399 -25.524061 -84.218682 -188.496483 -226.483192 -244.321570 -270.081995 -307.353883 -339.524133 -436.451290 -473.248528 -502.554111 -513.208815 -523.117300 -528.029096 -534.629334 -533.333455 -531.409251 -534.778365 -539.170899 -543.317070 -543.790664 -545.599033 -547.676200 -542.526037 -540.747205 -535.240891 -9999.0 -9999.0 -9999.0 -9999.0
-9999.0 -9999.0 -560.669860 -560.664067 -557.194853 -559.421666 -560.798732 -562.708053 -561.996203 -558.688043 -552.532496 -550.022658 -545.930414 -543.690305 -533.947590 -508.813156 -479.631464 -454.989765 -378.509623 -301.659693 -267.613164 -239.408357 -157.754923 -120.594456 -78.563985 -28.435273 -8.580678 12.330925 35.014979 61.581857 86.285871 102.756351 106.060614 102.321398 100.287494 98.816423 96.834075 92.534532 76.287393 74.125067 81.351459 83.332706 86.645668 74.627069 70.909791 83.083924 85.154481 85.711164 87.662539 96.510192 106.194225 77.993282 25.364569 14.251430 10.143352 -25.367523 -83.697747 -177.125416 -210.640077 -243.429349 -289.422627 -317.281782 -413.557436 -464.879393 -493.262071 -506.486394 -519.663324 -527.859377 -535.357461 -542.295873 -544.369195 -545.588699 -544.583794 -545.323029 -542.587617 -540.548191 -537.498220 -536.357336 -9999.0 -9999.0
-9999.0 -561.705254 -562.989165 -556.883065 -555.989931 -554.874901 -553.500754 -552.307197 -550.680858 -552.902425 -536.357261 -504.643162 -471.476963 -458.796286 -398.647305 -290.040212 -157.593176 -123.211189 -98.260444 -57.956407 -10.605325 27.567332 51.513942 84.700554 106.157231 102.643287 99.764961 98.323866 89.895059 82.401750 72.992135 79.938141 79.711856 64.104427 52.740355 52.351310 49.310276 25.360912 0.099027 -11.694308 -6.394790 14.120407 4.044764 -15.596962 -19.365074 -0.374309 14.911061 6.366276 -34.046265 10.609749 40.767949 57.619463 73.818270 87.709322 106.931292 86.027967 53.304925 17.500250 2.286158 -20.085491 -119.555794 -180.311963 -231.958236 -278.242445 -313.847388 -418.873898 -473.717260 -499.996885 -519.492213 -526.839132 -531.396321 -540.899309 -543.279118 -541.157171 -542.404240 -542.547142 -541.343195 -540.407619 -9999.0 -9999.0
-9999.0 -567.786821 -562.136880 -555.731839 -547.692911 -546.789959 -519.210101 -493.415811 -485.536648 -498.652957 -433.675767 -153.498845 -93.385986 -89.917589 -37.032889 29.774092 70.058135 92.856440 105.159292 97.174183 91.237688 93.169828 88.560263 80.635365 67.895254 59.422128 58.950520 57.844941 41.215054 24.250128 9.443523 -20.283354 -3.935328 -37.271452 -65.153179 -76.141424 -88.945765 -168.849324 -213.543268 -238.818346 -248.436411 -231.865848 -240.478523 -254.078938 -256.936342 -239.907868 -211.127019 -214.740115 -204.500880 -177.209172 -133.725985 -54.941564 -35.809204 -10.805213 20.148839 58.075320 76.251779 95.588484 101.430673 77.837933 39.317937 -4.416158 -31.171844 -131.576872 -198.738664 -264.492249 -298.175670 -327.075644 -437.770188 -471.975171 -495.799511 -515.729453 -529.725982 -532.696532 -539.590849 -540.599205 -9999.0 -9999.0 -9999.0 -9999.0
-9999.0 -568.260997 -562.760050 -550.588943 -520.168062 -474.948637 -309.452814 -211.193479 -44.504629 -97.720890 17.370777 90.153767 98.340757 82.365509 56.717443 53.305039 62.787672 64.798523 60.975647 51.880008 46.238247 38.478130 37.109580 30.147541 19.235181 3.985500 -6.913523 -16.488444 -100.221440 -134.238562 -162.491262 -182.977636 -216.250710 -276.388052 -295.087558 -311.105651 -404.094289 -419.728084 -434.428326 -458.401495 -468.369903 -474.936232 -466.057115 -468.311265 -469.150440 -463.885546 -449.532107 -436.740829 -376.966592 -314.094429 -292.572897 -263.146390 -237.524628 -193.601214 -144.293754 -48.843575 -22.212870 3.514934 41.832863 78.415922 98.206493 91.077330 63.487241 29.275252 -26.580728 -131.060395 -173.897404 -225.270437 -274.434037 -301.664392 -323.330066 -417.635846 -476.653103 -512.135100 -521.631364 -9999.0 -9999.0 -9999.0 -9999.0 -9999.0
-9999.0 -576.914222 -562.808338 -552.877448 -500.063761 -301.815096 -228.117810 29.408342 83.139084 14.174136 -96.246696 -21.748821 9.752835 11.200879 -12.284552 -20.480209 -27.030968 -27.895497 -14.979770 -41.140989 -102.132693 -127.881235 -131.324414 -146.349706 -174.398964 -196.476525 -211.591031 -229.617906 -266.960210 -291.325551 -335.453297 -391.493069 -463.085973 -494.488393 -510.333100 -524.206235 -536.686514 -536.325887 -532.268758 -535.658572 -539.352055 -543.260281 -538.512998 -536.303719 -534.200967 -536.828478 -536.139742 -529.695308 -518.899740 -506.699969 -487.229334 -459.048447 -415.893164 -317.443130 -298.258013 -269.020563 -236.969787 -189.256130 -116.948566 -3.102345 22.818869 53.771666 89.855482 107.374945 69.945250 33.955452 -15.763586 -48.303713 -165.018532 -220.647151 -245.181683 -272.966492 -303.482533 -9999.0 -9999.0 -9999.0 -9999.0 -9999.0 -9999.0 -9999.0
-9999.0 -581.518560 -566.339716 -564.337402 -546.473004 -506.171804 -431.854134 -297.378898 -155.862005 -266.548711 -276.145893 -261.464412 -243.191584 -227.342149 -244.401365 -265.161123 -278.468204 -275.268151 -273.421569 -285.698882 -299.321433 -306.113878 -307.531241 -320.630477 -378.794945 -408.736723 -423.264708 -445.160028 -468.957658 -492.967550 -521.977253 -535.232402 -544.298915 -547.319682 -549.577683 -551.975347 -556.617338 -553.978288 -551.985256 -552.464158 -553.924851 -555.039867 -551.521692 -550.296206 -549.191391 -552.396987 -550.160036 -548.185526 -543.685204 -539.016258 -532.257839 -522.123274 -508.761313 -498.691101 -490.301779 -474.632474 -446.738675 -348.966176 -285.963078 -212.622260 -140.498404 -52.768936 -5.202181 26.180873 46.701654 57.420660 64.716141 44.542925 -7.021717 -138.112340 -183.858058 -9999.0 -9999.0 -9999.0 -9999.0 -9999.0 -9999.0 -9999.0 -9999.0 -9999.0
-9999.0 -9999.0 -584.918628 -578.697719 -573.435871 -567.854615 -559.770766 -548.839310 -540.340719 -528.461690 -511.225409 -491.153588 -477.375762 -470.646071 -479.658452 -496.745813 -506.139703 -505.427938 -507.934679 -512.857611 -521.491828 -524.793155 -526.956666 -528.641076 -532.033394 -533.417561 -533.988837 -535.232996 -537.999896 -544.233624 -549.549198 -553.177957 -557.203889 -556.984151 -557.598045 -558.982024 -557.741293 -558.053922 -557.674709 -557.875588 -557.520459 -556.849591 -556.071066 -554.969743 -554.925944 -554.600878 -554.222806 -553.037782 -551.214959 -548.769865 -543.966754 -536.846975 -531.320233 -529.986325 -532.914041 -532.047582 -528.072159 -518.262504 -484.048519 -409.949605 -303.390777 -257.994689 -191.284346 -136.623343 -82.435246 -56.653080 -1.081983 40.471532 25.603091 -42.546179 -9999.0 -9999.0 -9999.0 -9999.0 -9999.0 -9999.0 -9999.0 -9999.0 -9999.0 -9999.0
-9999.0 -9999.0 -9999.0 -9999.0 -587.815252 -578.880566 -570.777370 -571.599482 -565.699141 -562.077773 -558.704846 -554.637390 -551.227535 -549.027637 -551.680962 -552.171962 -552.680718 -552.293251 -552.882282 -553.545103 -553.832750 -554.269284 -554.730620 -555.352937 -555.068358 -554.432977 -554.256894 -555.317964 -555.315584 -557.270954 -557.445782 -558.582231 -559.687197 -561.009221 -560.700995 -560.815938 -560.205624 -560.859076 -559.880455 -560.461189 -559.719000 -559.397697 -558.512329 -557.046966 -557.610000 -556.766053 -556.741102 -555.652662 -555.245066 -552.282977 -547.411170 -541.695893 -537.760865 -537.940187 -542.942479 -545.017666 -546.246551 -543.113089 -537.649765 -525.522685 -492.057487 -452.466753 -346.492400 -299.073143 -278.384796 -244.816504 -176.799062 -75.675853 -9999.0 -9999.0 -9999.0 -9999.0 -9999.0 -9999.0 -9999.0 -9999.0 -9999.0 -9999.0 -9999.0 -9999.0
-9999.0 -9999.0 -9999.0 -9999.0 -9999.0 -9999.0 -583.802113 -579.291291 -580.704612 -577.230230 -574.135511 -571.756937 -568.175801 -568.595487 -567.497717 -564.665047 -565.033713 -566.365920 -568.056685 -565.564512 -564.449380 -564.199915 -566.922656 -566.140493 -565.839192 -564.801118 -564.907876 -564.437995 -566.731404 -563.932956 -562.575446 -563.057879 -563.518009 -562.972754 -563.546405 -561.823819 -561.618365 -562.993634 -563.414160 -561.441464 -560.888763 -561.187392 -560.829530 -559.507920 -557.565369 -557.279718 -558.171361 -559.426783 -557.475459 -552.914971 -547.729983 -543.078085 -539.997681 -538.960748 -543.147185 -548.769054 -551.576729 -551.988547 -549.713731 -545.286656 -534.387262 -526.559900 -519.992983 -510.571564 -499.967502 -446.895032 -9999.0 -9999.0 -9999.0 -9999.0 -9999.0 -9999.0 -9999.0 -9999.0 -9999.0 -9999.0 -9999.0 -9999.0 -9999.0 -9999.0
-9999.0 -9999.0 -9999.0 -9999.0 -9999.0 -9999.0 -9999.0 -9999.0 -9999.0 -9999.0 -9999.0 -9999.0 -9999.0 -9999.0 -9999.0 -9999.0 -9999.0 -9999.0 -9999.0 -9999.0 -9999.0 -9999.0 -9999.0 -9999.0 -9999.0 -9999.0 -9999.0 -9999.0 -9999.0 -9999.0 -9999.0 -9999.0 -9999.0 -9999.0 -9999.0 -9999.0 -9999.0 -9999.0 -9999.0 -9999.0 -9999.0 -9999.0 -9999.0 -9999.0 -9999.0 -9999.0 -9999.0 -9999.0 -9999.0 -9999.0 -9999.0 -9999.0 -9999.0 -9999.0 -9999.0 -9999.0 -9999.0 -9999.0 -9999.0 -9999.0 -9999.0 -9999.0 -9999.0 -9999.0 -9999.0 -9999.0 -9999.0 -9999.0 -9999.0 -9999.0 -9999.0 -9999.0 -9999.0 -9999.0 -9999.0 -9999.0 -9999.0 -9999.0 -9999.0 -9999.0
-9999.0 -9999.0 -9999.0 -9999.0 -9999.0 -9999.0 -9999.0 -9999.0 -9999.0 -9999.0 -9999.0 -9999.0 -9999.0 -9999.0 -9999.0 -9999.0 -9999.0 -9999.0 -9999.0 -9999.0 -9999.0 -9999.0 -9999.0 -9999.0 -9999.0 -9999.0 -9999.0 -9999.0 -9999.0 -9999.0 -9999.0 -9999.0 -9999.0 -9999.0 -9999.0 -9999.0 -9999.0 -9999.0 -9999.0 -9999.0 -9999.0 -9999.0 -9999.0 -9999.0 -9999.0 -9999.0 -9999.0 -9999.0 -9999.0 -9999.0 -9999.0 -9999.0 -9999.0 -9999.0 -9999.0 -9999.0 -9999.0 -9999.0 -9999.0 -9999.0 -9999.0 -9999.0 -9999.0 -9999.0 -9999.0 -9999.0 -9999.0 -9999.0 -9999.0 -9999.0 -9999.0 -9999.0 -9999.0 -9999.0 -9999.0 -9999.0 -9999.0 -9999.0 -9999.0 -9999.0