Borden_/Borden1m_014/output_maps/psiliqL0007N0013.asc
ncols         80
nrows         18
xllcorner     620200.000000
yllcorner     5168000.000000
cellsize      1.000000
NODATA_value  -9999.0
-9999.0 -9999.0 -9999.0 -9999.0 -9999.0 -9999.0 -9999.0 -9999.0 -9999.0 -9999.0 -9999.0 -9999.0 -9999.0 -9999.0 -9999.0 -9999.0 -9999.0 -9999.0 -9999.0 -9999.0 -9999.0 -9999.0 -9999.0 -9999.0 -9999.0 -9999.0 -9999.0 -9999.0 -9999.0 -9999.0 -9999.0 -9999.0 -9999.0 -9999.0 -9999.0 -9999.0 -9999.0 -9999.0 -9999.0 -9999.0 -9999.0 -9999.0 -9999.0 -9999.0 -9999.0 -9999.0 -9999.0 -9999.0 -9999.0 -9999.0 -9999.0 -9999.0 -9999.0 -9999.0 -9999.0 -9999.0 -9999.0 -9999.0 -9999.0 -9999.0 -9999.0 -9999.0 -9999.0 -9999.0 -9999.0 -9999.0 -9999.0 -9999.0 -9999.0 -9999.0 -9999.0 -9999.0 -9999.0 -9999.0 -9999.0 -9999.0 -9999.0 -9999.0 -9999.0 -9999.0
-9999.0 -9999.0 -9999.0 -9999.0 -9999.0 -9999.0 -9999.0 -9999.0 -9999.0 -9999.0 -9999.0 -9999.0 -9999.0 -9999.0 -9999.0 -9999.0 -9999.0 -9999.0 -9999.0 -9999.0 -9999.0 -9999.0 -9999.0 -9999.0 -9999.0 -9999.0 -9999.0 -9999.0 -9999.0 -9999.0 -9999.0 -9999.0 -9999.0 -9999.0 -9999.0 -9999.0 -9999.0 -9999.0 -9999.0 -9999.0 -9999.0 -9999.0 -9999.0 -9999.0 -9999.0 -9999.0 -9999.0 -9999.0 -9999.0 -9999.0 -9999.0 -9999.0 -9999.0 -9999.0 -9999.0 -9999.0 -9999.0 -9999.0 -9999.0 -9999.0 -9999.0 -9999.0 -9999.0 -9999.0 -9999.0 -9999.0 -9999.0 -9999.0 -9999.0 -9999.0 -9999.0 -9999.0 -9999.0 -9999.0 -9999.0 -9999.0 -9999.0 -9999.0 -9999.0 -9999.0
-9999.0 -9999.0 -9999.0 -9999.0 -9999.0 -9999.0 -9999.0 -9999.0 -9999.0 -9999.0 -9999.0 -9999.0 -9999.0 -9999.0 -9999.0 -9999.0 -9999.0 -9999.0 -9999.0 -9999.0 -473.357223 -470.360856 -493.396697 -527.636489 -556.309202 -554.900822 -520.507022 -480.098388 -442.941037 -432.736901 -451.110335 -450.141637 -455.625132 -455.861601 -452.931404 -447.170090 -444.765436 -433.200327 -424.735054 -425.039523 -431.329953 -437.238901 -438.837873 -435.266354 -430.287741 -438.797302 -425.187224 -409.597036 -402.871352 -407.822488 -435.017312 -450.583568 -458.190454 -472.041853 -447.087887 -433.959548 -410.465375 -405.699181 -406.431506 -433.136136 -462.943684 -9999.0 -9999.0 -9999.0 -9999.0 -9999.0 -9999.0 -9999.0 -9999.0 -9999.0 -9999.0 -9999.0 -9999.0 -9999.0 -9999.0 -9999.0 -9999.0 -9999.0 -9999.0 -9999.0
-9999.0 -9999.0 -9999.0 -9999.0 -9999.0 -9999.0 -9999.0 -9999.0 -9999.0 -9999.0 -9999.0 -9999.0 -9999.0 -9999.0 -562.226741 -572.752325 -576.239373 -568.227628 -535.073536 -505.700629 -493.224641 -501.196751 -501.708101 -525.683203 -546.233742 -532.756085 -504.256544 -473.674350 -440.275928 -420.184179 -433.495247 -436.628807 -426.187575 -397.994565 -382.583650 -385.260750 -407.181692 -384.165192 -367.376853 -357.419438 -358.578506 -367.657434 -352.394982 -335.416973 -342.355128 -360.567386 -357.172316 -345.071757 -329.734019 -345.582006 -412.291037 -433.566024 -435.865484 -441.694046 -454.163662 -460.193016 -434.935828 -433.273093 -440.892102 -458.178299 -489.747461 -533.302862 -550.506585 -511.762549 -466.836370 -408.341288 -9999.0 -9999.0 -9999.0 -9999.0 -9999.0 -9999.0 -9999.0 -9999.0 -9999.0 -9999.0 -9999.0 -9999.0 -9999.0 -9999.0
-9999.0 -9999.0 -9999.0 -9999.0 -9999.0 -9999.0 -9999.0 -9999.0 -9999.0 -617.631964 -614.517974 -607.923384 -606.745561 -591.691886 -593.712379 -587.383843 -579.963007 -554.877787 -524.706207 -490.412868 -462.109481 -472.857288 -473.227081 -461.443120 -454.696156 -442.115916 -421.732736 -381.086300 -338.033321 -295.238466 -324.779229 -326.837743 -304.954957 -242.366489 -194.073937 -181.776736 -200.993914 -197.411827 -169.799903 -143.020256 -144.598302 -146.917162 -121.054621 -106.717159 -99.979108 -120.025577 -138.233417 -139.788441 -111.845750 -169.318842 -243.841446 -312.388973 -313.364794 -346.089210 -388.688676 -411.789197 -414.726399 -391.677649 -406.401599 -443.297651 -479.128253 -487.630239 -503.354280 -486.560789 -463.183460 -415.408546 -376.339466 -346.983876 -346.013942 -362.909725 -9999.0 -9999.0 -9999.0 -9999.0 -9999.0 -9999.0 -9999.0 -9999.0 -9999.0 -9999.0
-9999.0 -9999.0 -9999.0 -9999.0 -9999.0 -9999.0 -695.223289 -686.969219 -667.920069 -662.679638 -639.251777 -632.342076 -612.631321 -594.086094 -574.652370 -558.522057 -528.523580 -497.146492 -456.488418 -412.691752 -380.060299 -384.650600 -374.841887 -339.277736 -290.233016 -245.405536 -215.321608 -172.953189 -88.503067 -35.271531 -14.374461 -1.564445 37.777851 238.766100 323.580228 337.617574 326.915348 318.166976 327.780288 345.823494 346.422368 344.877235 348.296621 351.731206 367.769855 365.062986 345.092642 339.870040 339.107887 329.838533 256.504864 40.737459 -46.169084 -107.285208 -195.295453 -262.631065 -274.456335 -261.735373 -294.603730 -349.790515 -393.417506 -403.747610 -417.691845 -431.238881 -425.074303 -404.656085 -380.121707 -367.740421 -379.221345 -398.924194 -421.376243 -449.521156 -447.373052 -421.553628 -9999.0 -9999.0 -9999.0 -9999.0 -9999.0 -9999.0
-9999.0 -9999.0 -9999.0 -9999.0 -744.274916 -732.425833 -744.302074 -721.694678 -690.680622 -658.608420 -627.191749 -590.963585 -565.136893 -536.717693 -495.994445 -458.417153 -415.247138 -380.647459 -323.222793 -243.386182 -178.405521 -146.996039 -130.063553 -53.946090 79.591164 269.744201 312.384755 327.628341 344.920978 375.517855 388.741554 392.601970 408.297660 446.007015 475.084836 494.036235 484.885608 482.744462 484.174629 486.483403 499.015019 497.674375 498.040864 498.046789 499.744363 502.540381 491.828986 476.501795 472.148194 468.696634 452.035751 394.541431 366.492235 352.121214 337.479266 285.536421 88.238920 9.291692 -74.242026 -138.723129 -215.330133 -252.990392 -289.631591 -317.132210 -348.641843 -347.220233 -343.272069 -361.934902 -391.213570 -422.040950 -436.007622 -453.796672 -463.112817 -432.720143 -414.544977 -383.079956 -9999.0 -9999.0 -9999.0 -9999.0
-9999.0 -9999.0 -801.327271 -751.620553 -696.747480 -688.963779 -687.274709 -683.411091 -657.936302 -609.014276 -531.729751 -479.994905 -435.701381 -406.244008 -344.898543 -247.589275 -162.994514 -107.978348 -20.236390 226.081085 314.091472 335.422565 341.144601 361.717004 399.468746 449.555429 466.081965 477.038096 487.729040 501.985178 520.487179 535.014140 540.969592 540.409948 539.659282 537.538713 536.287237 534.626234 519.819127 517.503327 522.810734 524.193958 527.488518 516.297865 512.705206 524.690078 527.942457 531.275948 534.918619 543.202299 550.454824 520.237508 484.316767 479.450361 478.721751 453.152939 402.953237 373.255499 363.049694 340.376115 260.207171 60.887971 -48.735777 -118.691003 -188.258544 -227.365188 -275.761442 -316.466965 -360.559295 -404.290487 -426.284056 -443.536790 -444.653159 -443.011672 -426.263389 -409.998327 -394.128011 -386.080494 -9999.0 -9999.0
-9999.0 -898.824047 -826.533756 -699.526155 -622.091431 -578.657799 -539.053439 -510.838385 -488.397572 -475.963226 -366.944072 -246.403944 -151.545936 -118.360990 -41.131617 222.228635 326.423809 353.843292 377.274228 427.163553 462.201995 483.599193 494.623616 518.054804 542.692613 542.688536 541.191497 539.786635 531.455144 522.845907 513.005074 520.590393 520.671898 507.452915 496.092490 493.203104 491.317205 481.001561 469.143125 464.135275 466.943991 479.795883 473.832784 463.286972 461.222196 471.719109 480.312818 475.783592 469.333820 479.411356 498.542184 508.504311 522.735445 536.318791 554.351856 531.226010 501.816963 480.783583 474.920133 464.216359 434.306603 385.932627 349.686077 288.926751 98.075862 -50.087563 -133.432331 -204.517146 -271.961239 -311.079979 -341.743117 -393.063379 -415.179862 -412.213795 -420.521156 -422.247395 -414.999927 -408.287524 -9999.0 -9999.0
-9999.0 -968.369514 -825.237012 -640.298626 -495.864832 -435.907973 -308.949377 -216.875255 -191.060334 -214.158599 -87.106218 284.326039 361.418555 366.067837 407.313166 472.481501 501.013819 524.019776 539.074092 535.992816 531.270287 532.466613 526.526375 518.513028 505.850139 500.787226 502.080725 502.698755 495.041881 486.030489 475.195163 475.033882 469.226923 450.868058 428.478413 399.768666 386.454306 376.610799 360.255910 348.104695 341.301728 353.950385 348.594348 338.874471 336.208567 348.031314 366.362099 361.578733 366.953771 386.026745 426.491645 449.610301 458.355913 471.148522 488.631972 510.253075 524.251301 543.616720 548.468454 527.449905 498.790462 473.481315 462.052408 432.556975 383.123559 330.636652 252.391234 36.010574 -75.614341 -137.304477 -200.932966 -265.620735 -325.621222 -351.748252 -389.890707 -410.253714 -9999.0 -9999.0 -9999.0 -9999.0
-9999.0 -1031.080487 -839.445231 -574.079238 -319.472880 -166.195544 220.368735 339.055746 369.284076 403.273482 419.600628 514.309857 529.560284 516.666878 496.313605 495.172271 505.066081 507.352413 502.886345 495.736737 489.760526 486.961163 485.780413 482.376778 477.631462 472.053170 468.205033 466.261102 450.118484 429.997690 391.156839 379.110636 361.300022 305.868229 237.983036 51.908747 -48.939980 -61.587743 -75.682114 -109.090882 -128.840609 -144.068159 -125.242814 -126.558424 -126.820056 -118.272592 -95.347258 -74.005000 -17.118553 63.809610 258.078040 327.840657 349.371594 378.081274 421.190157 453.108845 465.003798 477.148942 499.779189 526.969288 546.473856 539.815487 515.585953 495.217811 464.042780 437.563108 416.948240 364.496363 325.250249 258.394108 69.648705 -61.492213 -159.478297 -260.644320 -301.875931 -9999.0 -9999.0 -9999.0 -9999.0 -9999.0
-9999.0 -1179.942876 -912.535418 -616.056307 -275.143239 201.149266 331.717989 438.774244 491.302524 447.448906 440.364045 451.980206 472.179559 473.483386 462.669644 462.356379 458.839752 458.475563 466.027403 445.857904 412.749583 398.042304 396.715627 389.502763 376.055541 367.892762 363.567324 356.127946 327.522757 260.255999 20.152114 -35.075517 -124.250404 -198.324329 -254.940666 -309.635169 -363.285369 -364.819539 -348.815052 -365.763790 -388.051516 -406.971070 -381.542550 -366.527479 -355.893716 -365.873233 -357.348692 -322.741199 -273.633748 -228.611163 -168.147507 -103.667438 -45.558616 49.593799 245.328325 320.399238 349.173395 376.815670 433.728578 475.909903 490.580198 506.803804 538.430546 556.266342 518.942158 491.158415 474.175177 454.591799 422.258579 400.380522 366.930690 313.816797 157.109330 -9999.0 -9999.0 -9999.0 -9999.0 -9999.0 -9999.0 -9999.0
-9999.0 -1315.556379 -1080.654830 -829.146451 -530.116576 -291.462618 -104.077144 183.063625 291.459462 303.552415 317.289132 331.692631 346.011418 358.156346 346.250996 327.793605 313.579052 316.372746 311.275193 262.252788 105.387639 43.050669 35.178760 18.914800 -25.716079 -49.151337 -63.282003 -90.373913 -132.143429 -194.993778 -290.342560 -359.915922 -421.369959 -456.789776 -486.526735 -518.956077 -557.512333 -546.522142 -531.411472 -536.101346 -548.737546 -553.596966 -524.230336 -506.347148 -496.620085 -510.463116 -492.769609 -466.632628 -425.929309 -385.788814 -339.257782 -285.729091 -233.531796 -201.110971 -175.716743 -135.957030 -83.498565 12.813077 260.718651 359.773762 424.651085 451.141763 475.433832 492.955745 500.084166 519.431812 514.557845 473.542463 424.035792 437.499969 439.479406 -9999.0 -9999.0 -9999.0 -9999.0 -9999.0 -9999.0 -9999.0 -9999.0 -9999.0
-9999.0 -9999.0 -1318.203990 -1124.580342 -959.987049 -775.682214 -631.956184 -533.346707 -464.693993 -376.943954 -280.176738 -203.355976 -162.607448 -146.335382 -165.922788 -209.626370 -238.843870 -239.599024 -251.063071 -271.795555 -304.415808 -315.526351 -324.680355 -332.213322 -346.140909 -353.578190 -358.576225 -369.309866 -391.851625 -438.438545 -491.211307 -542.355514 -595.777151 -619.870631 -641.187280 -663.568934 -667.292545 -668.382661 -661.229770 -660.091170 -655.186958 -643.849106 -623.228592 -602.414223 -593.397968 -587.099035 -575.007465 -552.087440 -519.876791 -480.393276 -429.807535 -375.951174 -339.509035 -329.056634 -339.587610 -333.813063 -311.133891 -263.400565 -160.811221 -39.812590 239.180994 329.935563 379.983554 430.664887 444.283883 454.037605 468.720059 441.010881 282.157797 396.912871 -9999.0 -9999.0 -9999.0 -9999.0 -9999.0 -9999.0 -9999.0 -9999.0 -9999.0 -9999.0
-9999.0 -9999.0 -9999.0 -9999.0 -1267.442236 -1109.851269 -1017.633701 -937.072539 -821.244149 -718.990724 -632.165906 -560.671358 -511.937900 -489.993464 -503.003258 -510.838244 -519.766465 -522.758091 -530.822609 -536.943820 -543.015489 -550.350293 -560.438770 -567.592225 -568.327523 -564.896302 -566.450055 -578.755129 -593.437352 -620.737715 -644.738626 -679.320308 -715.873146 -744.424791 -757.034709 -763.999168 -763.494352 -768.522545 -758.815852 -752.776298 -738.140370 -722.812637 -698.976882 -671.148142 -659.110347 -645.326702 -635.915825 -615.475758 -586.346828 -534.913679 -474.262883 -420.225045 -388.467925 -386.890760 -415.291858 -433.183542 -438.396777 -412.514447 -366.481834 -295.086034 -180.219932 -90.439326 16.115493 247.080157 316.088459 351.857810 411.998915 434.365324 -9999.0 -9999.0 -9999.0 -9999.0 -9999.0 -9999.0 -9999.0 -9999.0 -9999.0 -9999.0 -9999.0 -9999.0
-9999.0 -9999.0 -9999.0 -9999.0 -9999.0 -9999.0 -1326.158703 -1232.841936 -1144.159492 -1027.802829 -921.003501 -833.790795 -763.295781 -740.951318 -726.083063 -705.207735 -710.272836 -726.443368 -741.933433 -726.057479 -717.459723 -721.767670 -747.898825 -749.365774 -746.102176 -736.522441 -737.281394 -742.927200 -766.999747 -759.507859 -761.163084 -783.596566 -809.123544 -823.305814 -834.542008 -824.456705 -823.408954 -835.502606 -832.620980 -806.938229 -787.552134 -774.160403 -751.683623 -718.892546 -687.354899 -673.586691 -672.961537 -667.059813 -625.887849 -556.811024 -488.280488 -436.803200 -407.974637 -402.437875 -432.997097 -476.160833 -500.199081 -496.418392 -465.275577 -415.429558 -340.780032 -291.466925 -257.270207 -224.724168 -184.009410 -73.854167 -9999.0 -9999.0 -9999.0 -9999.0 -9999.0 -9999.0 -9999.0 -9999.0 -9999.0 -9999.0 -9999.0 -9999.0 -9999.0 -9999.0
-9999.0 -9999.0 -9999.0 -9999.0 -9999.0 -9999.0 -9999.0 -9999.0 -9999.0 -9999.0 -9999.0 -9999.0 -9999.0 -9999.0 -9999.0 -9999.0 -9999.0 -9999.0 -9999.0 -9999.0 -9999.0 -9999.0 -9999.0 -9999.0 -9999.0 -9999.0 -9999.0 -9999.0 -9999.0 -9999.0 -9999.0 -9999.0 -9999.0 -9999.0 -9999.0 -9999.0 -9999.0 -9999.0 -9999.0 -9999.0 -9999.0 -9999.0 -9999.0 -9999.0 -9999.0 -9999.0 -9999.0 -9999.0 -9999.0 -9999.0 -9999.0 -9999.0 -9999.0 -9999.0 -9999.0 -9999.0 -9999.0 -9999.0 -9999.0 -9999.0 -9999.0 -9999.0 -9999.0 -9999.0 -9999.0 -9999.0 -9999.0 -9999.0 -9999.0 -9999.0 -9999.0 -9999.0 -9999.0 -9999.0 -9999.0 -9999.0 -9999.0 -9999.0 -9999.0 -9999.0
-9999.0 -9999.0 -9999.0 -9999.0 -9999.0 -9999.0 -9999.0 -9999.0 -9999.0 -9999.0 -9999.0 -9999.0 -9999.0 -9999.0 -9999.0 -9999.0 -9999.0 -9999.0 -9999.0 -9999.0 -9999.0 -9999.0 -9999.0 -9999.0 -9999.0 -9999.0 -9999.0 -9999.0 -9999.0 -9999.0 -9999.0 -9999.0 -9999.0 -9999.0 -9999.0 -9999.0 -9999.0 -9999.0 -9999.0 -9999.0 -9999.0 -9999.0 -9999.0 -9999.0 -9999.0 -9999.0 -9999.0 -9999.0 -9999.0 -9999.0 -9999.0 -9999.0 -9999.0 -9999.0 -9999.0 -9999.0 -9999.0 -9999.0 -9999.0 -9999.0 -9999.0 -9999.0 -9999.0 -9999.0 -9999.0 -9999.0 -9999.0 -9999.0 -9999.0 -9999.0 -9999.0 -9999.0 -9999.0 -9999.0 -9999.0 -9999.0 -9999.0 -9999.0 -9999.0 -9999.0