Borden_/Borden1m_014/output_maps/psiliqL0026N0001.asc
ncols         80
nrows         18
xllcorner     620200.000000
yllcorner     5168000.000000
cellsize      1.000000
NODATA_value  -9999.0
-9999.0 -9999.0 -9999.0 -9999.0 -9999.0 -9999.0 -9999.0 -9999.0 -9999.0 -9999.0 -9999.0 -9999.0 -9999.0 -9999.0 -9999.0 -9999.0 -9999.0 -9999.0 -9999.0 -9999.0 -9999.0 -9999.0 -9999.0 -9999.0 -9999.0 -9999.0 -9999.0 -9999.0 -9999.0 -9999.0 -9999.0 -9999.0 -9999.0 -9999.0 -9999.0 -9999.0 -9999.0 -9999.0 -9999.0 -9999.0 -9999.0 -9999.0 -9999.0 -9999.0 -9999.0 -9999.0 -9999.0 -9999.0 -9999.0 -9999.0 -9999.0 -9999.0 -9999.0 -9999.0 -9999.0 -9999.0 -9999.0 -9999.0 -9999.0 -9999.0 -9999.0 -9999.0 -9999.0 -9999.0 -9999.0 -9999.0 -9999.0 -9999.0 -9999.0 -9999.0 -9999.0 -9999.0 -9999.0 -9999.0 -9999.0 -9999.0 -9999.0 -9999.0 -9999.0 -9999.0
-9999.0 -9999.0 -9999.0 -9999.0 -9999.0 -9999.0 -9999.0 -9999.0 -9999.0 -9999.0 -9999.0 -9999.0 -9999.0 -9999.0 -9999.0 -9999.0 -9999.0 -9999.0 -9999.0 -9999.0 -9999.0 -9999.0 -9999.0 -9999.0 -9999.0 -9999.0 -9999.0 -9999.0 -9999.0 -9999.0 -9999.0 -9999.0 -9999.0 -9999.0 -9999.0 -9999.0 -9999.0 -9999.0 -9999.0 -9999.0 -9999.0 -9999.0 -9999.0 -9999.0 -9999.0 -9999.0 -9999.0 -9999.0 -9999.0 -9999.0 -9999.0 -9999.0 -9999.0 -9999.0 -9999.0 -9999.0 -9999.0 -9999.0 -9999.0 -9999.0 -9999.0 -9999.0 -9999.0 -9999.0 -9999.0 -9999.0 -9999.0 -9999.0 -9999.0 -9999.0 -9999.0 -9999.0 -9999.0 -9999.0 -9999.0 -9999.0 -9999.0 -9999.0 -9999.0 -9999.0
-9999.0 -9999.0 -9999.0 -9999.0 -9999.0 -9999.0 -9999.0 -9999.0 -9999.0 -9999.0 -9999.0 -9999.0 -9999.0 -9999.0 -9999.0 -9999.0 -9999.0 -9999.0 -9999.0 -9999.0 3325.188232 3326.070189 3304.269728 3269.982296 3241.512525 3243.061636 3275.647901 3315.907171 3354.334652 3361.357307 3341.956568 3345.465134 3340.741426 3335.938445 3335.861766 3343.371478 3349.818314 3359.329684 3366.087624 3363.606561 3356.116165 3351.004820 3353.515647 3355.055320 3361.323577 3346.883429 3362.945784 3379.312903 3384.146881 3381.625147 3358.170339 3346.552244 3338.903892 3323.669166 3350.561707 3362.529963 3386.298937 3391.219602 3389.531648 3363.103568 3333.252663 -9999.0 -9999.0 -9999.0 -9999.0 -9999.0 -9999.0 -9999.0 -9999.0 -9999.0 -9999.0 -9999.0 -9999.0 -9999.0 -9999.0 -9999.0 -9999.0 -9999.0 -9999.0 -9999.0
-9999.0 -9999.0 -9999.0 -9999.0 -9999.0 -9999.0 -9999.0 -9999.0 -9999.0 -9999.0 -9999.0 -9999.0 -9999.0 -9999.0 3235.442431 3226.528431 3223.378811 3230.324552 3262.428087 3292.371538 3303.894963 3296.175921 3295.681879 3270.589470 3247.317987 3259.442888 3288.307985 3318.193681 3350.980981 3367.760791 3356.339866 3353.345804 3359.844697 3378.871309 3386.440022 3382.560612 3364.798420 3388.895459 3401.826005 3405.922031 3403.719066 3393.718055 3402.241270 3416.101734 3409.020283 3393.903487 3405.090348 3420.288632 3431.206793 3423.458296 3365.955082 3354.526114 3351.909831 3348.482257 3336.017927 3332.720909 3361.612315 3361.729940 3355.046201 3338.351351 3305.489623 3260.579153 3242.155161 3283.303552 3327.438776 3384.149614 -9999.0 -9999.0 -9999.0 -9999.0 -9999.0 -9999.0 -9999.0 -9999.0 -9999.0 -9999.0 -9999.0 -9999.0 -9999.0 -9999.0
-9999.0 -9999.0 -9999.0 -9999.0 -9999.0 -9999.0 -9999.0 -9999.0 -9999.0 3178.422526 3184.174489 3190.813041 3192.921350 3207.668183 3204.115358 3210.611799 3214.085941 3240.773699 3269.645393 3302.528308 3328.920038 3319.157870 3317.299944 3320.500582 3314.137880 3321.229862 3340.934738 3376.949418 3407.407585 3441.993034 3407.976599 3402.652712 3419.741475 3460.470458 3482.870338 3484.380169 3465.576608 3482.377015 3505.615393 3520.873958 3517.114931 3510.882956 3536.763732 3551.971203 3545.580952 3524.043427 3523.253060 3531.145637 3560.666333 3510.334714 3444.889491 3407.459422 3424.159618 3403.821364 3378.805376 3368.589258 3369.985685 3391.116923 3380.078691 3346.867199 3314.295914 3303.190806 3287.057042 3308.831319 3332.765193 3379.772603 3420.123738 3450.345788 3450.160175 3433.180442 -9999.0 -9999.0 -9999.0 -9999.0 -9999.0 -9999.0 -9999.0 -9999.0 -9999.0 -9999.0
-9999.0 -9999.0 -9999.0 -9999.0 -9999.0 -9999.0 3100.135634 3110.401480 3130.793003 3133.028615 3159.051222 3163.763315 3181.981761 3198.517723 3219.633008 3231.652131 3255.744877 3284.767990 3319.819928 3356.456740 3383.122297 3370.674046 3375.391069 3393.820977 3419.496365 3437.483446 3459.476906 3496.656808 3568.360022 3604.225738 3596.096982 3596.583319 3604.636701 3654.866340 3718.677348 3729.358713 3708.693252 3695.693594 3719.412571 3756.885626 3754.733295 3753.498532 3766.740570 3777.620510 3804.441179 3793.452203 3757.619809 3752.589037 3759.646779 3736.730484 3667.672829 3610.958924 3592.973386 3546.593077 3463.732008 3421.814681 3446.588408 3475.262357 3454.400606 3405.701255 3374.186751 3369.616223 3359.420518 3353.461256 3366.809521 3390.545944 3415.123453 3429.558720 3418.183461 3397.764146 3376.439916 3348.598041 3351.507434 3376.639641 -9999.0 -9999.0 -9999.0 -9999.0 -9999.0 -9999.0
-9999.0 -9999.0 -9999.0 -9999.0 3051.063686 3063.549991 3048.204224 3073.800741 3105.047685 3137.862547 3164.484144 3195.219861 3217.394742 3243.104735 3275.115474 3295.845933 3326.687383 3355.237405 3401.432935 3461.622934 3505.030980 3517.588409 3525.493592 3575.955302 3631.794006 3678.429073 3696.941200 3722.722540 3768.640638 3825.055113 3847.160834 3849.803722 3866.712308 3910.261660 3966.855251 4002.057963 3984.354533 3975.268628 3985.517630 3999.955334 4022.100399 4022.161889 4023.285262 4027.504111 4035.270896 4033.434274 4006.686457 3973.194524 3960.222651 3950.047939 3911.648020 3839.413398 3809.493145 3780.491689 3737.505390 3683.297097 3636.782275 3638.679431 3584.289725 3529.564762 3480.452512 3473.390480 3453.930533 3438.779634 3422.240890 3435.257890 3447.852121 3433.360242 3403.891308 3375.000773 3362.427359 3345.230941 3334.219775 3365.649133 3383.740695 3413.339585 -9999.0 -9999.0 -9999.0 -9999.0
-9999.0 -9999.0 2992.832292 3037.615146 3093.966204 3099.203845 3091.424453 3093.177329 3118.371199 3166.350149 3227.399310 3262.961336 3290.381614 3319.595535 3369.092319 3429.729653 3488.593712 3530.471780 3588.072308 3657.096766 3715.908226 3742.431035 3751.046939 3786.579141 3841.339959 3910.754840 3938.895677 3965.456951 3997.414323 4034.101401 4025.367637 4035.951820 4048.506122 4061.595872 4076.866265 4084.158538 4079.225256 4074.607987 4056.006758 4050.773381 4057.246798 4065.379825 4064.297766 4049.576424 4045.601372 4060.647238 4066.958295 4064.823656 4061.896094 4066.721295 4061.930437 4013.195159 3996.258572 3980.931489 3969.051183 3922.733968 3855.842005 3823.702869 3802.094538 3760.960600 3687.622089 3650.692164 3611.772192 3577.606724 3540.720990 3528.246032 3496.492916 3464.894997 3426.677058 3386.364376 3367.657264 3353.776460 3353.735663 3354.665873 3372.662275 3388.530364 3404.584356 3412.701792 -9999.0 -9999.0
-9999.0 2883.054925 2953.519546 3074.136351 3150.671596 3185.989636 3192.775196 3194.238845 3218.163631 3249.405187 3334.408205 3382.381216 3464.504344 3501.478875 3541.404875 3630.965708 3725.186091 3768.510726 3807.490377 3871.396574 3937.334604 3984.521016 4010.898392 3988.951831 4028.681406 4058.853707 4067.122814 4074.250259 4074.391863 4065.865963 4059.430554 4066.075933 4063.071962 4043.801430 4027.641204 4025.855867 4022.432590 3999.037066 3971.448348 3955.889079 3957.193522 3982.255963 3969.057330 3947.643586 3943.212041 3964.933531 3986.447853 3975.705679 3962.532874 3979.137636 4013.847012 4038.944414 4039.844043 4058.447489 4079.579495 4050.421438 4029.264458 3985.224860 3968.248679 3942.781630 3885.759033 3830.967169 3782.879823 3734.567988 3682.492446 3633.996379 3586.705886 3539.801052 3486.993971 3454.565799 3430.643203 3388.376533 3376.091082 3383.002742 3378.365816 3377.091907 3383.905115 3390.553440 -9999.0 -9999.0
-9999.0 2785.959175 2924.009490 3100.136757 3241.125211 3279.797515 3339.024591 3392.867182 3405.449364 3349.091261 3449.413139 3665.828342 3788.009982 3805.512954 3881.104448 3976.379329 3958.300176 3989.720316 4013.005815 4039.186197 4060.225191 4074.662239 4072.971837 4067.841398 4051.308522 4043.293349 4042.401522 4040.277433 4022.823743 4003.818395 3986.978051 3983.775538 3965.743836 3916.063761 3882.775044 3865.219391 3846.064776 3832.712274 3805.561538 3779.550188 3762.968928 3773.208971 3771.575116 3758.191228 3753.776290 3771.827221 3802.702038 3800.856102 3812.787077 3832.417254 3867.855813 3906.089701 3925.362789 3954.501521 3990.151233 4038.268590 4046.923204 4069.384984 4072.281129 4061.987003 4015.325099 3963.717476 3934.306279 3878.928289 3819.416311 3757.770822 3708.962687 3664.396149 3609.349111 3575.579954 3536.683396 3483.433023 3441.065121 3433.997208 3400.976848 3388.243444 -9999.0 -9999.0 -9999.0 -9999.0
-9999.0 2682.635126 2860.640477 3097.136029 3389.570506 3459.000023 3659.577236 3773.060071 3811.337426 3878.529776 3757.622671 3965.134342 4018.343760 4013.450860 4029.571663 4032.827508 4047.152894 4046.488733 4041.409592 4030.379062 4020.770404 4016.182467 4015.130497 4007.213025 3994.578209 3979.948924 3968.029033 3956.567972 3919.868913 3887.891311 3848.544486 3836.031309 3791.280734 3699.527722 3660.959943 3622.386875 3561.534699 3564.235329 3572.041975 3548.303735 3528.754294 3500.466568 3530.229450 3541.139576 3545.374426 3540.669972 3550.119478 3578.802322 3626.628411 3660.859788 3699.567986 3747.371075 3777.750396 3816.807237 3856.473424 3908.713313 3939.875665 3968.745517 4017.699008 4054.717028 4077.454721 4063.360206 4044.868647 4000.102680 3939.885778 3890.585904 3861.634080 3811.192450 3767.750797 3724.368593 3678.079766 3625.511720 3564.249499 3512.162369 3478.587832 -9999.0 -9999.0 -9999.0 -9999.0 -9999.0
-9999.0 2457.985685 2720.480036 2983.117272 3254.193289 3595.338599 3767.167624 3860.791196 3923.946240 3907.034463 3930.534088 3936.807498 3973.902520 3981.188246 3959.794694 3945.916795 3928.254383 3927.165340 3940.232543 3912.877878 3882.609552 3869.257285 3870.163987 3859.475601 3835.624937 3820.767455 3811.514801 3793.051088 3750.095608 3700.043420 3616.202865 3581.773347 3503.313274 3465.435108 3429.582619 3383.159603 3339.236000 3345.296837 3370.366336 3361.660542 3341.243266 3324.507749 3353.980485 3374.884851 3388.101144 3371.765243 3378.264488 3412.390947 3458.466177 3498.475815 3541.861263 3589.390649 3630.944174 3669.796942 3690.420261 3729.475311 3771.407436 3812.841290 3882.826469 3961.158146 3997.074212 4031.690533 4060.556043 4082.462466 4039.588822 4013.325888 3989.617036 3966.178640 3920.019904 3874.673746 3834.133499 3769.576912 3710.058247 -9999.0 -9999.0 -9999.0 -9999.0 -9999.0 -9999.0 -9999.0
-9999.0 2345.828160 2536.559615 2724.009531 2968.148216 3195.625759 3417.238025 3507.265998 3577.398676 3649.340023 3703.522470 3741.299338 3767.059964 3788.609182 3766.032876 3719.989342 3687.783705 3692.780189 3683.806117 3662.975722 3635.507460 3622.788470 3620.219383 3615.637638 3594.693324 3584.723647 3578.214899 3560.516184 3535.629156 3483.420758 3412.892393 3340.425658 3287.671636 3269.273192 3247.620771 3221.661889 3195.931297 3209.756735 3222.707130 3223.153682 3217.118401 3217.674859 3246.717428 3266.628294 3276.045384 3265.189440 3283.196369 3305.949335 3342.358240 3381.122413 3425.211558 3474.691228 3522.520277 3542.073553 3543.634316 3554.523368 3581.582643 3624.356008 3700.232958 3785.957950 3863.515108 3908.925373 3959.641452 3999.611805 4027.757417 4052.595495 4075.017420 4068.098394 4042.138633 4008.788313 3950.071148 -9999.0 -9999.0 -9999.0 -9999.0 -9999.0 -9999.0 -9999.0 -9999.0 -9999.0
-9999.0 -9999.0 2310.117370 2458.956326 2549.987297 2707.129280 2843.335476 2946.904676 3046.877988 3188.223844 3310.420424 3403.762086 3450.001698 3465.563017 3451.814303 3423.743288 3406.819305 3406.442834 3394.775324 3388.839278 3375.031875 3370.130594 3358.457142 3351.461947 3348.120864 3348.211880 3346.641385 3339.270605 3323.538215 3283.292705 3247.863586 3204.798035 3159.774072 3139.391895 3122.490164 3106.717505 3111.907328 3107.627150 3113.674796 3117.102711 3127.239318 3141.738559 3161.129661 3183.912469 3193.518988 3203.664189 3214.233258 3235.435269 3264.846048 3304.413081 3355.139310 3409.345289 3444.613189 3450.842090 3432.224287 3426.529468 3433.887411 3461.915539 3524.187088 3592.589247 3681.991020 3747.282166 3814.025420 3869.905195 3896.549011 3932.931181 4003.162772 4051.190387 4093.657943 4071.255438 -9999.0 -9999.0 -9999.0 -9999.0 -9999.0 -9999.0 -9999.0 -9999.0 -9999.0 -9999.0
-9999.0 -9999.0 -9999.0 -9999.0 2314.229939 2457.896813 2551.761961 2627.481923 2759.089956 2886.055203 2990.282168 3076.726733 3145.501868 3171.395579 3172.847964 3190.385207 3189.789014 3180.522053 3169.740194 3175.272112 3180.924064 3175.246662 3158.747685 3153.397857 3158.533656 3167.881267 3167.614416 3156.513188 3140.390150 3128.725219 3118.274619 3089.869037 3059.800948 3034.414465 3024.384099 3023.119011 3024.584728 3017.686096 3026.821657 3036.495283 3052.887853 3068.220882 3091.760456 3121.517290 3136.227175 3150.711317 3158.904837 3176.849085 3205.015015 3256.024909 3317.194178 3373.192472 3406.669085 3406.581198 3377.335839 3355.053337 3341.917289 3358.592762 3387.189962 3437.126603 3525.749704 3587.494750 3632.294827 3670.644676 3706.875258 3772.025766 3866.676617 3947.989948 -9999.0 -9999.0 -9999.0 -9999.0 -9999.0 -9999.0 -9999.0 -9999.0 -9999.0 -9999.0 -9999.0 -9999.0
-9999.0 -9999.0 -9999.0 -9999.0 -9999.0 -9999.0 2285.840320 2390.090273 2453.687484 2605.557692 2750.547704 2855.540227 2938.332342 2974.289383 3008.751159 3039.512779 3040.377316 3020.113223 2998.269180 3020.749013 3040.948226 3034.984481 3002.863826 3005.395241 3013.844694 3023.141782 3022.344416 3018.545863 2996.416554 3016.155202 3023.527935 3003.651522 2981.002848 2970.924626 2961.396544 2972.962525 2974.374749 2960.891075 2960.366641 2989.022036 3010.567424 3023.581671 3044.555935 3077.733652 3110.113271 3125.601166 3126.081779 3130.166071 3166.025531 3233.630684 3304.111718 3358.704951 3389.304014 3393.606688 3362.290819 3317.020216 3290.344413 3288.526129 3311.977215 3350.337196 3410.955038 3446.477144 3456.542460 3456.492598 3467.846577 3567.498411 -9999.0 -9999.0 -9999.0 -9999.0 -9999.0 -9999.0 -9999.0 -9999.0 -9999.0 -9999.0 -9999.0 -9999.0 -9999.0 -9999.0
-9999.0 -9999.0 -9999.0 -9999.0 -9999.0 -9999.0 -9999.0 -9999.0 -9999.0 -9999.0 -9999.0 -9999.0 -9999.0 -9999.0 -9999.0 -9999.0 -9999.0 -9999.0 -9999.0 -9999.0 -9999.0 -9999.0 -9999.0 -9999.0 -9999.0 -9999.0 -9999.0 -9999.0 -9999.0 -9999.0 -9999.0 -9999.0 -9999.0 -9999.0 -9999.0 -9999.0 -9999.0 -9999.0 -9999.0 -9999.0 -9999.0 -9999.0 -9999.0 -9999.0 -9999.0 -9999.0 -9999.0 -9999.0 -9999.0 -9999.0 -9999.0 -9999.0 -9999.0 -9999.0 -9999.0 -9999.0 -9999.0 -9999.0 -9999.0 -9999.0 -9999.0 -9999.0 -9999.0 -9999.0 -9999.0 -9999.0 -9999.0 -9999.0 -9999.0 -9999.0 -9999.0 -9999.0 -9999.0 -9999.0 -9999.0 -9999.0 -9999.0 -9999.0 -9999.0 -9999.0
-9999.0 -9999.0 -9999.0 -9999.0 -9999.0 -9999.0 -9999.0 -9999.0 -9999.0 -9999.0 -9999.0 -9999.0 -9999.0 -9999.0 -9999.0 -9999.0 -9999.0 -9999.0 -9999.0 -9999.0 -9999.0 -9999.0 -9999.0 -9999.0 -9999.0 -9999.0 -9999.0 -9999.0 -9999.0 -9999.0 -9999.0 -9999.0 -9999.0 -9999.0 -9999.0 -9999.0 -9999.0 -9999.0 -9999.0 -9999.0 -9999.0 -9999.0 -9999.0 -9999.0 -9999.0 -9999.0 -9999.0 -9999.0 -9999.0 -9999.0 -9999.0 -9999.0 -9999.0 -9999.0 -9999.0 -9999.0 -9999.0 -9999.0 -9999.0 -9999.0 -9999.0 -9999.0 -9999.0 -9999.0 -9999.0 -9999.0 -9999.0 -9999.0 -9999.0 -9999.0 -9999.0 -9999.0 -9999.0 -9999.0 -9999.0 -9999.0 -9999.0 -9999.0 -9999.0 -9999.0