Borden_/Borden1m_014/output_maps/psiliqL0022N0020.asc
ncols         80
nrows         18
xllcorner     620200.000000
yllcorner     5168000.000000
cellsize      1.000000
NODATA_value  -9999.0
-9999.0 -9999.0 -9999.0 -9999.0 -9999.0 -9999.0 -9999.0 -9999.0 -9999.0 -9999.0 -9999.0 -9999.0 -9999.0 -9999.0 -9999.0 -9999.0 -9999.0 -9999.0 -9999.0 -9999.0 -9999.0 -9999.0 -9999.0 -9999.0 -9999.0 -9999.0 -9999.0 -9999.0 -9999.0 -9999.0 -9999.0 -9999.0 -9999.0 -9999.0 -9999.0 -9999.0 -9999.0 -9999.0 -9999.0 -9999.0 -9999.0 -9999.0 -9999.0 -9999.0 -9999.0 -9999.0 -9999.0 -9999.0 -9999.0 -9999.0 -9999.0 -9999.0 -9999.0 -9999.0 -9999.0 -9999.0 -9999.0 -9999.0 -9999.0 -9999.0 -9999.0 -9999.0 -9999.0 -9999.0 -9999.0 -9999.0 -9999.0 -9999.0 -9999.0 -9999.0 -9999.0 -9999.0 -9999.0 -9999.0 -9999.0 -9999.0 -9999.0 -9999.0 -9999.0 -9999.0
-9999.0 -9999.0 -9999.0 -9999.0 -9999.0 -9999.0 -9999.0 -9999.0 -9999.0 -9999.0 -9999.0 -9999.0 -9999.0 -9999.0 -9999.0 -9999.0 -9999.0 -9999.0 -9999.0 -9999.0 -9999.0 -9999.0 -9999.0 -9999.0 -9999.0 -9999.0 -9999.0 -9999.0 -9999.0 -9999.0 -9999.0 -9999.0 -9999.0 -9999.0 -9999.0 -9999.0 -9999.0 -9999.0 -9999.0 -9999.0 -9999.0 -9999.0 -9999.0 -9999.0 -9999.0 -9999.0 -9999.0 -9999.0 -9999.0 -9999.0 -9999.0 -9999.0 -9999.0 -9999.0 -9999.0 -9999.0 -9999.0 -9999.0 -9999.0 -9999.0 -9999.0 -9999.0 -9999.0 -9999.0 -9999.0 -9999.0 -9999.0 -9999.0 -9999.0 -9999.0 -9999.0 -9999.0 -9999.0 -9999.0 -9999.0 -9999.0 -9999.0 -9999.0 -9999.0 -9999.0
-9999.0 -9999.0 -9999.0 -9999.0 -9999.0 -9999.0 -9999.0 -9999.0 -9999.0 -9999.0 -9999.0 -9999.0 -9999.0 -9999.0 -9999.0 -9999.0 -9999.0 -9999.0 -9999.0 -9999.0 2555.975889 2558.365276 2538.004766 2505.867976 2479.794375 2483.941070 2519.633101 2562.663852 2603.790370 2614.604919 2598.466526 2604.101536 2601.389435 2598.834158 2600.703595 2608.969358 2615.857376 2626.025830 2633.844291 2632.764636 2626.536247 2622.127595 2624.338557 2626.506716 2632.251501 2618.429443 2632.978886 2647.639980 2651.056357 2645.786770 2619.241565 2603.817280 2592.672193 2574.202084 2597.318020 2606.611929 2626.407575 2628.236335 2624.267059 2596.344002 2565.522562 -9999.0 -9999.0 -9999.0 -9999.0 -9999.0 -9999.0 -9999.0 -9999.0 -9999.0 -9999.0 -9999.0 -9999.0 -9999.0 -9999.0 -9999.0 -9999.0 -9999.0 -9999.0 -9999.0
-9999.0 -9999.0 -9999.0 -9999.0 -9999.0 -9999.0 -9999.0 -9999.0 -9999.0 -9999.0 -9999.0 -9999.0 -9999.0 -9999.0 2460.469958 2452.669653 2451.652593 2461.332106 2496.054806 2527.695776 2539.724415 2533.664421 2535.260108 2512.989605 2493.194218 2508.624912 2540.417927 2572.984959 2609.050600 2630.056718 2621.755850 2621.778945 2631.547320 2655.099346 2665.599015 2662.799473 2644.414763 2669.336760 2683.832986 2690.153512 2689.404704 2680.701006 2690.912576 2705.432199 2698.148807 2681.788771 2690.308134 2703.256264 2713.069039 2701.344411 2638.598336 2621.751877 2615.178428 2607.333735 2591.258482 2584.668600 2609.767252 2606.218657 2596.155832 2576.969458 2542.658145 2497.261568 2476.874617 2514.865062 2556.691631 2611.164473 -9999.0 -9999.0 -9999.0 -9999.0 -9999.0 -9999.0 -9999.0 -9999.0 -9999.0 -9999.0 -9999.0 -9999.0 -9999.0 -9999.0
-9999.0 -9999.0 -9999.0 -9999.0 -9999.0 -9999.0 -9999.0 -9999.0 -9999.0 2398.146507 2404.525239 2413.144317 2417.493333 2434.625553 2432.804394 2441.624534 2448.879313 2478.407025 2510.567172 2546.513093 2575.228811 2568.799119 2569.698672 2577.905392 2577.953119 2589.833625 2613.239754 2655.145249 2690.363953 2730.644114 2702.226629 2701.233803 2721.577671 2766.142822 2792.908430 2796.518674 2778.134121 2792.507582 2816.780605 2835.034215 2833.351317 2829.136062 2853.548207 2868.143525 2863.957224 2842.510601 2838.411294 2842.817438 2869.549419 2817.270497 2749.352326 2704.484474 2713.082353 2687.182768 2654.550277 2636.539005 2633.631956 2651.610655 2635.619679 2597.147149 2561.424784 2547.894574 2528.416477 2545.567323 2566.091967 2609.462998 2646.986932 2673.898391 2671.126460 2652.276534 -9999.0 -9999.0 -9999.0 -9999.0 -9999.0 -9999.0 -9999.0 -9999.0 -9999.0 -9999.0
-9999.0 -9999.0 -9999.0 -9999.0 -9999.0 -9999.0 2317.249051 2328.637757 2350.788358 2355.326758 2383.105451 2390.850978 2412.750165 2433.159648 2457.247575 2473.980619 2503.579726 2537.380530 2577.009306 2619.052375 2652.173369 2644.802123 2656.227161 2680.745649 2714.737818 2740.168932 2766.697315 2808.090365 2803.428487 2839.580353 2836.195652 2838.263215 2847.368620 2897.629630 2961.825114 2974.017906 2953.949676 2940.657841 2962.923998 2999.271319 2999.082112 2998.129159 2987.401316 2997.360100 3023.910324 3014.353352 3000.977782 2993.540761 2997.906544 2977.353843 2911.091721 2852.161515 2829.864451 2860.577743 2776.308669 2726.827704 2741.714037 2762.613311 2734.559539 2681.489572 2641.461516 2631.022222 2615.071976 2602.528456 2609.819641 2628.112030 2647.956046 2657.436995 2642.034284 2618.530399 2594.658342 2564.412423 2565.001339 2588.803309 -9999.0 -9999.0 -9999.0 -9999.0 -9999.0 -9999.0
-9999.0 -9999.0 -9999.0 -9999.0 2265.484673 2279.694875 2267.410268 2295.197179 2329.588510 2365.567838 2396.669176 2433.211712 2461.016438 2492.299762 2530.635647 2560.152838 2599.161256 2634.296480 2688.239051 2755.960752 2806.472290 2826.913452 2841.545333 2814.578811 2871.373588 2920.190504 2939.633612 2965.366940 2985.795185 3041.199066 3063.815935 3067.299323 3084.137269 3124.575881 3177.612143 3209.076969 3191.950671 3183.494742 3192.131190 3205.168973 3227.277559 3227.397247 3228.300618 3231.736814 3238.437352 3237.317336 3212.361689 3179.649642 3169.795838 3160.334927 3125.652480 3055.698034 3024.043173 2997.476113 2981.774227 2928.816994 2876.223530 2872.272582 2818.515665 2838.241489 2780.182546 2763.031125 2734.314622 2710.245119 2685.366960 2688.763514 2692.283383 2670.294632 2634.880384 2600.345467 2583.779501 2563.157378 2549.616078 2578.393498 2594.121186 2622.574412 -9999.0 -9999.0 -9999.0 -9999.0
-9999.0 -9999.0 2203.530065 2251.115937 2309.960505 2319.208303 2317.533207 2324.253000 2354.428592 2407.881240 2478.613275 2523.030067 2560.224386 2596.137511 2656.535172 2727.567428 2796.035070 2843.946268 2826.813568 2895.373767 2955.112184 2983.224473 2993.784339 3005.742574 3058.424154 3124.018047 3150.815489 3176.261628 3203.356417 3237.679101 3235.412016 3247.004825 3258.146846 3267.819788 3279.928251 3285.503784 3281.173978 3276.692401 3258.474959 3253.805861 3260.392394 3267.377094 3267.155845 3252.895673 3248.954235 3263.521314 3269.032021 3267.421296 3265.488963 3271.008066 3269.032623 3223.967276 3200.566719 3186.288961 3179.197200 3134.457015 3069.666792 3036.026960 3016.421806 3000.138977 2926.580425 2885.203526 2843.127939 2806.189791 2828.246525 2802.743979 2758.503759 2717.074904 2669.391752 2621.158530 2595.398438 2576.425690 2572.307493 2569.532063 2584.391797 2597.591147 2611.546601 2618.601742 -9999.0 -9999.0
-9999.0 2095.195600 2167.288158 2291.888185 2372.676733 2415.767770 2436.134696 2449.870928 2480.748195 2516.168747 2612.259179 2680.003522 2769.695214 2812.981159 2863.014451 2877.114833 2968.889997 2990.951340 3026.814616 3086.353488 3148.732080 3191.559823 3217.037163 3205.286299 3241.998152 3265.634243 3271.751197 3277.294574 3275.780887 3267.420269 3260.307153 3267.206967 3264.572871 3246.022947 3230.545910 3229.023322 3225.761312 3203.024995 3178.865038 3164.052695 3166.224493 3187.440726 3177.684392 3156.771842 3152.482016 3173.552640 3190.938738 3180.624735 3170.702273 3184.060821 3217.811355 3240.972826 3244.781627 3262.564364 3283.501132 3255.653822 3232.319992 3190.223753 3176.895713 3152.052262 3096.821818 3042.166138 2994.925962 2967.654244 2913.065910 2860.320279 2810.097782 2810.891623 2746.074570 2703.704218 2672.094058 2622.085561 2601.616927 2602.286311 2592.030100 2587.535658 2591.216560 2596.565158 -9999.0 -9999.0
-9999.0 2004.210475 2144.866874 2326.338703 2474.308334 2525.586000 2605.134008 2675.011265 2699.497754 2658.603987 2767.901509 2918.674232 3012.734384 3027.167994 3098.649829 3185.323027 3177.907495 3207.425687 3228.909432 3248.507829 3264.385032 3276.507763 3274.226949 3268.438049 3252.402596 3244.504630 3243.771070 3241.817625 3224.946016 3206.460972 3190.009754 3187.378617 3173.263281 3126.763839 3094.517779 3078.178343 3061.556800 3047.368264 3019.424669 2994.892011 3002.107622 2992.133865 2988.699069 2996.582227 2992.284338 2988.633153 3019.140705 3015.078924 3024.566343 3043.696154 3079.001885 3115.789426 3134.598390 3162.998787 3194.854121 3240.522221 3251.004228 3272.971215 3276.472606 3263.532091 3218.855175 3171.874955 3143.008078 3088.889875 3029.536307 2989.690063 2938.606773 2891.239866 2834.006472 2797.276312 2791.285610 2731.568616 2679.850538 2660.766274 2620.399384 2601.303956 -9999.0 -9999.0 -9999.0 -9999.0
-9999.0 1909.788132 2092.484533 2339.068665 2631.163129 2721.409105 2892.099855 2994.595194 3034.135122 3098.078468 3008.533060 3187.500929 3231.983196 3224.886376 3233.036499 3234.962157 3248.323966 3248.151956 3243.117682 3232.442355 3223.321775 3219.111399 3217.905288 3210.083603 3197.668046 3183.313916 3174.714176 3163.790733 3128.402808 3097.347882 3060.503327 3048.605103 3008.373418 2939.590106 2899.766153 2862.308272 2803.650980 2803.960672 2808.159505 2853.168050 2833.538300 2805.466777 2832.392314 2843.638245 2848.302288 2846.222196 2860.260571 2814.343292 2859.768462 2894.264922 2934.356197 2982.114989 2989.049875 3027.455128 3067.538946 3119.079623 3149.035353 3177.395897 3221.235813 3257.752658 3280.031106 3267.242707 3246.885246 3204.497436 3148.247702 3099.458080 3071.211319 3021.956680 2994.319482 2948.672865 2901.097684 2846.813445 2816.514364 2746.397475 2704.775737 -9999.0 -9999.0 -9999.0 -9999.0 -9999.0
-9999.0 1701.396220 1966.802916 2240.984803 2531.207344 2845.874667 2989.648648 3087.797596 3147.979727 3122.311144 3137.521556 3146.179849 3179.865825 3185.809847 3166.797078 3154.294519 3138.300854 3137.208266 3150.113316 3123.555425 3094.330152 3081.538776 3082.288204 3071.550896 3048.420891 3033.501734 3024.154736 3007.206594 2985.874840 2936.173838 2853.538846 2821.799964 2818.219854 2772.723781 2731.092881 2680.175934 2628.688444 2629.392632 2650.064382 2637.787775 2615.789256 2597.599383 2626.034997 2647.917643 2661.905066 2648.553032 2657.913818 2693.966116 2745.044221 2791.069852 2840.995494 2818.343344 2859.324690 2900.466284 2924.694286 2966.991837 2985.182113 3025.859662 3094.562496 3170.027737 3200.981578 3234.311750 3264.580912 3285.808923 3243.838104 3216.329548 3193.567671 3173.130092 3127.873644 3083.170077 3042.728974 2980.172922 2932.240631 -9999.0 -9999.0 -9999.0 -9999.0 -9999.0 -9999.0 -9999.0
-9999.0 1584.482772 1786.522313 1991.270239 2254.066647 2490.791312 2711.014045 2814.596087 2836.996876 2895.237232 2942.465684 2978.272490 2985.751939 3006.360856 2983.783053 2961.047330 2930.108556 2934.546696 2927.088833 2905.036673 2876.774831 2863.133679 2860.509198 2855.061791 2833.098203 2821.886596 2814.945566 2868.152088 2838.968689 2782.738520 2705.475182 2627.979078 2570.751856 2545.111896 2518.074594 2487.333769 2456.489781 2466.730947 2476.895092 2475.464435 2467.065908 2465.821613 2494.702244 2513.812382 2524.098909 2514.105588 2534.231151 2560.602464 2601.732253 2646.940039 2696.702858 2750.764109 2805.168508 2833.356215 2844.610367 2865.641855 2815.891205 2861.021031 2939.216387 3000.933943 3074.778569 3118.810731 3168.245470 3203.630373 3230.003310 3257.901583 3277.820608 3268.973068 3244.461915 3212.115620 3156.899042 -9999.0 -9999.0 -9999.0 -9999.0 -9999.0 -9999.0 -9999.0 -9999.0 -9999.0
-9999.0 -9999.0 1558.384648 1719.569602 1831.220571 2000.387546 2146.962841 2257.544776 2357.323516 2493.264951 2612.438562 2706.177421 2752.689692 2771.177989 2759.977388 2733.883162 2717.248965 2718.174737 2707.776029 2700.241466 2683.714083 2676.400929 2661.645189 2651.941384 2643.432219 2638.605677 2633.016295 2623.003851 2602.706634 2557.522746 2514.580252 2466.459446 2415.460005 2390.971574 2370.111845 2350.262387 2351.313405 2345.634053 2350.141528 2352.023470 2360.330609 2373.773779 2393.396034 2416.281708 2426.536199 2437.098853 2449.763119 2473.701561 2506.682793 2549.174417 2603.739954 2663.470487 2704.549000 2717.655235 2707.117774 2710.261294 2726.466293 2766.424198 2842.262912 2830.528192 2919.721966 2985.135225 3026.712274 3081.025816 3106.703554 3142.688703 3207.691534 3255.381888 3294.514621 3272.365967 -9999.0 -9999.0 -9999.0 -9999.0 -9999.0 -9999.0 -9999.0 -9999.0 -9999.0 -9999.0
-9999.0 -9999.0 -9999.0 -9999.0 1580.375728 1730.485968 1828.495128 1910.156172 2043.422411 2171.663080 2277.147653 2363.934630 2431.507982 2459.855377 2460.940121 2475.360089 2474.436087 2467.239548 2457.291492 2460.172636 2462.679609 2455.501043 2439.045432 2431.306373 2432.709701 2438.044851 2434.645486 2420.477519 2401.598661 2383.416440 2366.880433 2334.184077 2300.143980 2271.464480 2258.515803 2253.958144 2253.423709 2245.384008 2253.409378 2261.454067 2276.929808 2291.992995 2315.553986 2344.949758 2359.663698 2374.982502 2384.826155 2405.102660 2436.061842 2489.968814 2554.196092 2612.815391 2650.880404 2656.255865 2632.848024 2617.225146 2612.597974 2639.129437 2681.903857 2744.806035 2845.483354 2822.548052 2870.755309 2912.623065 2949.679378 2986.569768 3076.746931 3155.479605 -9999.0 -9999.0 -9999.0 -9999.0 -9999.0 -9999.0 -9999.0 -9999.0 -9999.0 -9999.0 -9999.0 -9999.0
-9999.0 -9999.0 -9999.0 -9999.0 -9999.0 -9999.0 1551.582048 1656.330666 1728.987305 1877.464128 2018.299665 2124.618919 2207.993567 2243.552479 2276.165274 2306.578704 2307.311101 2288.467426 2268.075472 2288.916049 2306.057437 2299.525263 2267.727389 2267.747980 2272.996140 2279.982809 2276.671472 2269.865053 2244.577086 2258.924835 2261.596260 2238.509895 2212.800640 2199.518772 2187.666739 2197.168290 2196.987109 2182.530788 2181.737417 2209.003797 2229.636229 2242.527460 2263.835165 2297.146081 2329.894349 2345.903257 2347.640493 2353.659600 2392.443738 2462.884341 2535.777874 2592.612011 2626.505151 2635.636134 2610.614710 2571.233897 2551.685425 2558.839957 2592.701940 2643.037552 2718.063362 2766.103553 2789.277123 2799.533242 2815.942776 2810.145483 -9999.0 -9999.0 -9999.0 -9999.0 -9999.0 -9999.0 -9999.0 -9999.0 -9999.0 -9999.0 -9999.0 -9999.0 -9999.0 -9999.0
-9999.0 -9999.0 -9999.0 -9999.0 -9999.0 -9999.0 -9999.0 -9999.0 -9999.0 -9999.0 -9999.0 -9999.0 -9999.0 -9999.0 -9999.0 -9999.0 -9999.0 -9999.0 -9999.0 -9999.0 -9999.0 -9999.0 -9999.0 -9999.0 -9999.0 -9999.0 -9999.0 -9999.0 -9999.0 -9999.0 -9999.0 -9999.0 -9999.0 -9999.0 -9999.0 -9999.0 -9999.0 -9999.0 -9999.0 -9999.0 -9999.0 -9999.0 -9999.0 -9999.0 -9999.0 -9999.0 -9999.0 -9999.0 -9999.0 -9999.0 -9999.0 -9999.0 -9999.0 -9999.0 -9999.0 -9999.0 -9999.0 -9999.0 -9999.0 -9999.0 -9999.0 -9999.0 -9999.0 -9999.0 -9999.0 -9999.0 -9999.0 -9999.0 -9999.0 -9999.0 -9999.0 -9999.0 -9999.0 -9999.0 -9999.0 -9999.0 -9999.0 -9999.0 -9999.0 -9999.0
-9999.0 -9999.0 -9999.0 -9999.0 -9999.0 -9999.0 -9999.0 -9999.0 -9999.0 -9999.0 -9999.0 -9999.0 -9999.0 -9999.0 -9999.0 -9999.0 -9999.0 -9999.0 -9999.0 -9999.0 -9999.0 -9999.0 -9999.0 -9999.0 -9999.0 -9999.0 -9999.0 -9999.0 -9999.0 -9999.0 -9999.0 -9999.0 -9999.0 -9999.0 -9999.0 -9999.0 -9999.0 -9999.0 -9999.0 -9999.0 -9999.0 -9999.0 -9999.0 -9999.0 -9999.0 -9999.0 -9999.0 -9999.0 -9999.0 -9999.0 -9999.0 -9999.0 -9999.0 -9999.0 -9999.0 -9999.0 -9999.0 -9999.0 -9999.0 -9999.0 -9999.0 -9999.0 -9999.0 -9999.0 -9999.0 -9999.0 -9999.0 -9999.0 -9999.0 -9999.0 -9999.0 -9999.0 -9999.0 -9999.0 -9999.0 -9999.0 -9999.0 -9999.0 -9999.0 -9999.0