Borden_/Borden1m_014/output_maps/psiliqL0000N0030.asc
ncols         80
nrows         18
xllcorner     620200.000000
yllcorner     5168000.000000
cellsize      1.000000
NODATA_value  -9999.0
-9999.0 -9999.0 -9999.0 -9999.0 -9999.0 -9999.0 -9999.0 -9999.0 -9999.0 -9999.0 -9999.0 -9999.0 -9999.0 -9999.0 -9999.0 -9999.0 -9999.0 -9999.0 -9999.0 -9999.0 -9999.0 -9999.0 -9999.0 -9999.0 -9999.0 -9999.0 -9999.0 -9999.0 -9999.0 -9999.0 -9999.0 -9999.0 -9999.0 -9999.0 -9999.0 -9999.0 -9999.0 -9999.0 -9999.0 -9999.0 -9999.0 -9999.0 -9999.0 -9999.0 -9999.0 -9999.0 -9999.0 -9999.0 -9999.0 -9999.0 -9999.0 -9999.0 -9999.0 -9999.0 -9999.0 -9999.0 -9999.0 -9999.0 -9999.0 -9999.0 -9999.0 -9999.0 -9999.0 -9999.0 -9999.0 -9999.0 -9999.0 -9999.0 -9999.0 -9999.0 -9999.0 -9999.0 -9999.0 -9999.0 -9999.0 -9999.0 -9999.0 -9999.0 -9999.0 -9999.0
-9999.0 -9999.0 -9999.0 -9999.0 -9999.0 -9999.0 -9999.0 -9999.0 -9999.0 -9999.0 -9999.0 -9999.0 -9999.0 -9999.0 -9999.0 -9999.0 -9999.0 -9999.0 -9999.0 -9999.0 -9999.0 -9999.0 -9999.0 -9999.0 -9999.0 -9999.0 -9999.0 -9999.0 -9999.0 -9999.0 -9999.0 -9999.0 -9999.0 -9999.0 -9999.0 -9999.0 -9999.0 -9999.0 -9999.0 -9999.0 -9999.0 -9999.0 -9999.0 -9999.0 -9999.0 -9999.0 -9999.0 -9999.0 -9999.0 -9999.0 -9999.0 -9999.0 -9999.0 -9999.0 -9999.0 -9999.0 -9999.0 -9999.0 -9999.0 -9999.0 -9999.0 -9999.0 -9999.0 -9999.0 -9999.0 -9999.0 -9999.0 -9999.0 -9999.0 -9999.0 -9999.0 -9999.0 -9999.0 -9999.0 -9999.0 -9999.0 -9999.0 -9999.0 -9999.0 -9999.0
-9999.0 -9999.0 -9999.0 -9999.0 -9999.0 -9999.0 -9999.0 -9999.0 -9999.0 -9999.0 -9999.0 -9999.0 -9999.0 -9999.0 -9999.0 -9999.0 -9999.0 -9999.0 -9999.0 -9999.0 -601.924842 -601.025739 -602.975577 -605.171225 -607.007585 -607.235191 -605.167333 -602.766028 -599.987789 -599.394701 -601.632006 -601.111893 -601.997898 -602.452973 -602.467913 -601.862860 -601.593922 -600.679968 -600.091119 -600.336954 -601.013192 -601.506181 -601.981337 -601.818355 -601.060437 -602.059246 -600.540183 -599.016720 -598.454270 -598.494937 -600.604239 -601.493743 -601.808388 -603.526697 -600.406628 -599.456092 -597.084539 -596.842228 -596.409105 -599.081358 -601.678343 -9999.0 -9999.0 -9999.0 -9999.0 -9999.0 -9999.0 -9999.0 -9999.0 -9999.0 -9999.0 -9999.0 -9999.0 -9999.0 -9999.0 -9999.0 -9999.0 -9999.0 -9999.0 -9999.0
-9999.0 -9999.0 -9999.0 -9999.0 -9999.0 -9999.0 -9999.0 -9999.0 -9999.0 -9999.0 -9999.0 -9999.0 -9999.0 -9999.0 -605.510914 -606.552176 -607.032892 -607.323543 -605.472531 -604.017359 -603.944836 -605.026499 -604.156830 -606.241102 -608.056678 -606.937947 -605.349618 -604.019239 -601.803798 -600.065577 -601.659742 -602.049725 -601.166078 -598.044946 -596.604817 -597.237201 -600.831269 -597.491371 -595.717701 -594.534160 -594.677492 -596.315112 -593.957957 -591.217955 -592.599232 -595.483112 -594.952401 -593.369380 -590.664418 -592.162825 -601.061934 -602.055865 -601.616524 -601.468973 -602.634811 -603.490694 -600.348155 -600.769410 -601.302958 -601.894980 -603.742994 -606.688116 -607.981879 -604.949617 -602.167226 -596.377479 -9999.0 -9999.0 -9999.0 -9999.0 -9999.0 -9999.0 -9999.0 -9999.0 -9999.0 -9999.0 -9999.0 -9999.0 -9999.0 -9999.0
-9999.0 -9999.0 -9999.0 -9999.0 -9999.0 -9999.0 -9999.0 -9999.0 -9999.0 -607.196903 -607.500838 -607.220860 -607.903675 -607.010079 -608.496665 -608.151506 -608.389014 -607.146477 -606.107523 -604.307586 -601.889410 -603.663906 -603.883352 -602.557062 -602.286965 -601.739775 -600.639481 -596.547314 -591.665285 -583.921769 -590.376666 -590.636478 -587.082392 -573.462758 -560.115928 -555.518224 -562.999740 -563.133985 -554.101604 -542.265791 -541.687918 -542.707264 -528.892953 -519.667506 -512.821747 -527.078430 -540.505989 -542.585298 -526.158733 -553.399071 -573.564074 -588.495422 -587.713489 -592.704292 -598.028733 -600.020318 -600.744155 -597.057182 -598.500238 -601.884672 -604.599265 -603.761719 -605.250325 -603.818504 -602.771262 -598.385482 -594.350530 -590.356804 -590.149358 -592.700461 -9999.0 -9999.0 -9999.0 -9999.0 -9999.0 -9999.0 -9999.0 -9999.0 -9999.0 -9999.0
-9999.0 -9999.0 -9999.0 -9999.0 -9999.0 -9999.0 -608.976318 -609.117020 -608.561818 -610.362407 -609.108979 -609.989621 -609.041433 -608.618471 -608.014478 -607.961290 -606.324859 -604.887606 -602.397269 -599.014434 -595.810418 -597.410246 -596.550214 -591.793035 -582.099418 -572.636436 -566.487638 -554.722924 -506.298006 -450.385875 -425.645028 -413.455401 -399.133045 -370.669087 -316.551072 -277.338790 -319.812724 -339.241745 -323.081182 -280.118767 -191.746743 -191.174624 -185.735755 -179.067953 -153.120704 -157.263025 -273.722505 -304.715940 -314.733069 -323.828222 -363.557800 -405.069611 -467.031420 -521.602564 -560.731883 -577.669104 -580.669775 -578.233394 -584.850113 -593.205372 -598.066124 -598.136859 -599.081981 -600.832298 -600.080002 -598.314570 -595.518908 -593.764748 -595.116531 -596.946975 -598.340155 -601.216736 -600.773335 -597.978792 -9999.0 -9999.0 -9999.0 -9999.0 -9999.0 -9999.0
-9999.0 -9999.0 -9999.0 -9999.0 -611.763559 -610.939142 -613.402676 -612.031685 -610.954854 -610.146063 -610.119365 -608.612399 -608.182750 -607.102111 -604.744383 -602.793733 -599.375765 -596.753521 -589.302208 -572.821394 -555.207770 -542.984699 -534.210261 -468.338623 -396.710364 -359.897346 -346.380179 -322.825713 -274.254437 -145.669853 -120.608705 -112.919398 -133.679946 -72.059648 -63.179317 0.176781 -18.620844 -24.564560 -23.578685 -16.137276 6.705494 7.199188 7.934852 7.960389 9.953725 11.887452 -6.821730 -36.711701 -47.586503 -54.624753 -113.973202 -130.857681 -241.775020 -281.199151 -306.365010 -344.220522 -395.408153 -420.391338 -496.428969 -540.223186 -567.639153 -576.306883 -584.200978 -588.171384 -593.227168 -592.434133 -591.145686 -593.676707 -596.878747 -599.873057 -600.265118 -601.554082 -602.955241 -599.390534 -598.096879 -594.115425 -9999.0 -9999.0 -9999.0 -9999.0
-9999.0 -9999.0 -611.891024 -611.794816 -609.548591 -610.932304 -611.698031 -612.880075 -612.400290 -610.220051 -605.913384 -603.948716 -600.876215 -599.247398 -592.024456 -572.564988 -545.601335 -517.186571 -441.923310 -384.252858 -337.953116 -296.619096 -206.818285 -167.957940 -123.374035 -75.689186 -97.291695 -35.312935 -13.785217 11.809578 37.640829 50.246859 58.102351 51.256320 50.785760 48.221064 47.291140 42.566930 26.890380 24.388334 31.269495 33.698243 37.022084 24.758049 20.968692 33.461188 35.623179 35.971821 37.886128 46.694688 57.240056 28.645587 -23.016064 -33.840025 -77.179183 -73.104219 -134.488492 -236.205954 -266.879407 -306.750944 -373.146252 -409.300565 -473.455723 -531.048014 -559.476069 -571.059194 -581.880352 -588.310586 -593.985074 -599.032133 -600.567624 -601.492586 -600.830146 -601.311990 -599.409790 -597.941158 -595.766871 -594.932387 -9999.0 -9999.0
-9999.0 -612.462283 -613.210997 -609.159720 -608.470240 -607.585610 -606.235744 -605.083237 -603.974411 -605.644240 -593.725516 -568.008631 -537.086104 -521.651887 -456.283668 -361.792022 -200.861322 -168.820522 -170.081881 -105.099499 -57.957915 -25.638062 2.991999 34.925209 58.324164 51.687605 50.411671 47.970907 40.088970 31.974997 22.321898 31.139814 29.093531 14.352057 3.472249 2.860744 0.440683 -22.766985 -48.276410 -59.658727 -54.234349 -33.695839 -43.581800 -63.458982 -67.262650 -47.888672 -32.925311 -41.534360 -52.954762 -38.529517 -9.213772 7.913257 23.979037 37.941653 57.994628 36.033214 3.917307 -31.000164 -44.557464 -66.985668 -179.530415 -244.812840 -297.580226 -357.588738 -404.677325 -479.584011 -540.548535 -565.227804 -581.521275 -587.340501 -590.895346 -597.907875 -599.745814 -598.332435 -599.260435 -599.369046 -598.510255 -597.837805 -9999.0 -9999.0
-9999.0 -615.982958 -612.327281 -607.961388 -602.359127 -601.304778 -580.635397 -559.233639 -550.351541 -562.108078 -490.428572 -194.007102 -134.444057 -134.149647 -84.114226 -17.799617 22.735991 42.761305 57.521442 47.734573 40.962801 42.975856 38.828861 30.155147 16.653596 9.550193 9.701793 8.071724 -7.949523 -24.355209 -39.721928 -40.052727 -51.983131 -85.212769 -115.541712 -130.051055 -164.626319 -223.192941 -264.773465 -293.317877 -306.246479 -286.289466 -297.178520 -315.721881 -319.305027 -295.410186 -261.891428 -267.790982 -262.927778 -239.790988 -194.218922 -103.509731 -84.022874 -59.696335 -29.156972 8.405044 26.742160 46.465327 51.365464 28.420393 -8.345427 -52.247794 -79.324227 -193.428064 -267.832586 -343.640538 -388.641159 -422.240956 -500.368667 -539.667068 -561.959482 -578.450889 -589.482908 -592.010025 -597.090088 -597.977880 -9999.0 -9999.0 -9999.0 -9999.0
-9999.0 -615.846958 -612.172771 -603.691881 -581.935963 -543.079677 -398.650057 -273.690675 -96.298017 -150.279210 -24.165980 43.745258 51.290946 34.418360 8.008113 4.151010 12.929009 15.336619 11.085332 2.341048 -6.894404 -40.414454 -11.905763 -50.552271 -31.504496 -43.776360 -55.093749 -63.922818 -157.546879 -194.528698 -222.724212 -238.996694 -271.881846 -350.996066 -379.521365 -398.140750 -459.458060 -477.623717 -495.242612 -523.722900 -535.206356 -541.845245 -532.841427 -535.228836 -536.060726 -530.062760 -512.997168 -496.643313 -443.197337 -405.549693 -377.803891 -334.141208 -301.657106 -257.802997 -205.283027 -97.478748 -70.752022 -44.800841 -6.070019 28.436660 48.866360 41.383629 13.578966 -20.126746 -74.558126 -197.944963 -250.418388 -316.625590 -366.453590 -398.726975 -422.429945 -481.946680 -544.311823 -575.971271 -583.577391 -9999.0 -9999.0 -9999.0 -9999.0 -9999.0
-9999.0 -620.344958 -611.502656 -604.439011 -564.234553 -384.918577 -298.219001 -23.139563 26.753337 -40.731195 -155.099990 -67.314804 -35.299131 -35.199516 -60.274636 -70.410006 -75.243639 -76.036911 -63.329402 -95.223801 -176.042408 -195.095715 -196.646923 -209.434333 -231.882826 -251.121087 -265.840748 -287.165470 -338.754836 -374.610017 -420.617728 -454.151260 -528.626570 -560.561543 -573.890209 -584.543532 -593.906885 -593.767197 -590.956443 -593.556448 -596.257170 -599.043199 -595.719186 -594.185243 -592.692278 -594.501429 -593.938674 -589.161378 -580.758065 -570.936949 -554.089904 -524.073453 -474.539305 -409.294966 -385.624440 -341.924733 -298.223888 -250.342332 -175.002129 -50.407273 -24.774946 3.914047 39.151403 57.914829 20.363233 -13.925321 -68.189583 -191.228368 -288.099008 -326.066702 -342.616376 -365.025795 -400.117926 -9999.0 -9999.0 -9999.0 -9999.0 -9999.0 -9999.0 -9999.0
-9999.0 -623.384963 -613.622590 -611.513436 -598.854994 -568.563027 -494.858892 -380.479862 -206.898455 -338.676994 -353.354346 -331.585194 -304.431000 -283.641242 -306.239767 -336.511340 -356.110509 -352.687126 -351.125045 -369.352113 -390.624041 -399.286820 -399.893541 -407.796286 -442.312811 -467.476808 -482.833007 -508.216715 -536.164381 -559.395611 -582.835142 -592.838521 -599.522552 -601.885545 -603.566082 -605.302490 -608.553836 -606.851385 -605.491623 -605.876009 -606.932280 -607.730226 -605.368949 -604.543994 -603.785258 -605.968915 -604.456212 -603.034780 -599.824091 -596.445436 -591.443993 -583.681732 -572.917729 -564.089158 -556.873728 -541.585771 -508.189274 -428.021470 -365.455741 -274.214767 -200.195401 -104.308475 -54.035966 -58.120876 -3.452530 4.399848 13.739653 -9.060328 -260.732542 -291.357741 -294.723786 -9999.0 -9999.0 -9999.0 -9999.0 -9999.0 -9999.0 -9999.0 -9999.0 -9999.0
-9999.0 -9999.0 -625.055184 -620.821396 -616.776404 -612.890212 -607.474770 -600.201767 -594.546405 -586.776686 -573.981921 -557.394118 -544.592737 -537.792889 -546.788862 -562.365785 -570.349556 -569.799791 -571.807677 -575.807294 -582.502796 -584.916157 -586.467669 -587.716471 -590.411099 -591.556096 -592.040139 -593.030991 -595.164043 -599.694481 -603.617032 -606.215981 -609.018038 -608.954974 -609.429136 -610.419291 -609.731406 -609.897547 -609.632616 -609.786884 -609.613133 -609.204374 -608.661037 -607.940474 -607.905002 -607.727950 -607.444700 -606.610382 -605.315634 -603.600419 -600.217740 -595.102047 -590.995180 -589.930600 -591.996682 -591.230525 -588.058523 -580.112201 -550.722784 -471.011267 -387.801421 -327.741809 -257.436581 -209.926433 -187.543123 -112.054868 -52.902915 -199.713378 -338.289529 -325.805123 -9999.0 -9999.0 -9999.0 -9999.0 -9999.0 -9999.0 -9999.0 -9999.0 -9999.0 -9999.0
-9999.0 -9999.0 -9999.0 -9999.0 -626.261460 -620.754103 -615.802251 -616.210085 -612.663120 -610.586069 -608.523291 -605.941812 -603.827275 -602.358819 -604.323475 -604.962774 -605.414851 -605.093436 -605.467055 -606.044914 -606.379318 -606.696706 -606.944737 -607.381865 -607.266480 -606.914878 -606.817874 -607.541606 -607.550320 -609.030475 -609.329922 -610.170848 -610.987372 -611.888266 -611.733006 -611.875828 -611.499669 -611.897395 -611.262475 -611.666948 -611.203105 -610.985208 -610.394004 -609.446930 -609.824115 -609.272812 -609.230527 -608.471525 -608.150787 -606.120312 -602.753677 -598.733471 -595.908020 -596.007384 -599.560446 -600.987554 -601.745657 -599.433544 -595.278842 -585.909276 -558.400828 -515.139267 -425.932909 -387.643276 -363.130815 -320.767086 -279.212807 -269.705609 -9999.0 -9999.0 -9999.0 -9999.0 -9999.0 -9999.0 -9999.0 -9999.0 -9999.0 -9999.0 -9999.0 -9999.0
-9999.0 -9999.0 -9999.0 -9999.0 -9999.0 -9999.0 -624.209109 -621.612154 -622.175714 -620.441026 -618.939506 -617.655472 -615.529858 -615.928856 -615.453943 -613.771560 -614.075666 -614.878730 -615.875926 -614.378566 -613.802400 -613.630218 -615.291507 -614.847559 -614.715642 -614.053668 -614.121278 -613.850978 -615.329234 -613.707568 -612.957109 -613.307257 -613.646448 -613.358585 -613.746080 -612.672319 -612.546393 -613.404260 -613.628746 -612.403563 -612.065381 -612.240272 -611.979119 -611.115979 -609.852880 -609.673754 -610.242149 -611.016877 -609.655115 -606.572480 -603.016545 -599.760009 -597.561907 -596.812860 -599.796718 -603.688679 -605.579355 -605.778721 -604.108389 -600.852783 -592.829854 -586.728677 -581.148101 -573.619025 -564.374269 -507.684516 -9999.0 -9999.0 -9999.0 -9999.0 -9999.0 -9999.0 -9999.0 -9999.0 -9999.0 -9999.0 -9999.0 -9999.0 -9999.0 -9999.0
-9999.0 -9999.0 -9999.0 -9999.0 -9999.0 -9999.0 -9999.0 -9999.0 -9999.0 -9999.0 -9999.0 -9999.0 -9999.0 -9999.0 -9999.0 -9999.0 -9999.0 -9999.0 -9999.0 -9999.0 -9999.0 -9999.0 -9999.0 -9999.0 -9999.0 -9999.0 -9999.0 -9999.0 -9999.0 -9999.0 -9999.0 -9999.0 -9999.0 -9999.0 -9999.0 -9999.0 -9999.0 -9999.0 -9999.0 -9999.0 -9999.0 -9999.0 -9999.0 -9999.0 -9999.0 -9999.0 -9999.0 -9999.0 -9999.0 -9999.0 -9999.0 -9999.0 -9999.0 -9999.0 -9999.0 -9999.0 -9999.0 -9999.0 -9999.0 -9999.0 -9999.0 -9999.0 -9999.0 -9999.0 -9999.0 -9999.0 -9999.0 -9999.0 -9999.0 -9999.0 -9999.0 -9999.0 -9999.0 -9999.0 -9999.0 -9999.0 -9999.0 -9999.0 -9999.0 -9999.0
-9999.0 -9999.0 -9999.0 -9999.0 -9999.0 -9999.0 -9999.0 -9999.0 -9999.0 -9999.0 -9999.0 -9999.0 -9999.0 -9999.0 -9999.0 -9999.0 -9999.0 -9999.0 -9999.0 -9999.0 -9999.0 -9999.0 -9999.0 -9999.0 -9999.0 -9999.0 -9999.0 -9999.0 -9999.0 -9999.0 -9999.0 -9999.0 -9999.0 -9999.0 -9999.0 -9999.0 -9999.0 -9999.0 -9999.0 -9999.0 -9999.0 -9999.0 -9999.0 -9999.0 -9999.0 -9999.0 -9999.0 -9999.0 -9999.0 -9999.0 -9999.0 -9999.0 -9999.0 -9999.0 -9999.0 -9999.0 -9999.0 -9999.0 -9999.0 -9999.0 -9999.0 -9999.0 -9999.0 -9999.0 -9999.0 -9999.0 -9999.0 -9999.0 -9999.0 -9999.0 -9999.0 -9999.0 -9999.0 -9999.0 -9999.0 -9999.0 -9999.0 -9999.0 -9999.0 -9999.0