Borden_/Borden1m_014/output_maps/psiliqL0017N0025.asc
ncols         80
nrows         18
xllcorner     620200.000000
yllcorner     5168000.000000
cellsize      1.000000
NODATA_value  -9999.0
-9999.0 -9999.0 -9999.0 -9999.0 -9999.0 -9999.0 -9999.0 -9999.0 -9999.0 -9999.0 -9999.0 -9999.0 -9999.0 -9999.0 -9999.0 -9999.0 -9999.0 -9999.0 -9999.0 -9999.0 -9999.0 -9999.0 -9999.0 -9999.0 -9999.0 -9999.0 -9999.0 -9999.0 -9999.0 -9999.0 -9999.0 -9999.0 -9999.0 -9999.0 -9999.0 -9999.0 -9999.0 -9999.0 -9999.0 -9999.0 -9999.0 -9999.0 -9999.0 -9999.0 -9999.0 -9999.0 -9999.0 -9999.0 -9999.0 -9999.0 -9999.0 -9999.0 -9999.0 -9999.0 -9999.0 -9999.0 -9999.0 -9999.0 -9999.0 -9999.0 -9999.0 -9999.0 -9999.0 -9999.0 -9999.0 -9999.0 -9999.0 -9999.0 -9999.0 -9999.0 -9999.0 -9999.0 -9999.0 -9999.0 -9999.0 -9999.0 -9999.0 -9999.0 -9999.0 -9999.0
-9999.0 -9999.0 -9999.0 -9999.0 -9999.0 -9999.0 -9999.0 -9999.0 -9999.0 -9999.0 -9999.0 -9999.0 -9999.0 -9999.0 -9999.0 -9999.0 -9999.0 -9999.0 -9999.0 -9999.0 -9999.0 -9999.0 -9999.0 -9999.0 -9999.0 -9999.0 -9999.0 -9999.0 -9999.0 -9999.0 -9999.0 -9999.0 -9999.0 -9999.0 -9999.0 -9999.0 -9999.0 -9999.0 -9999.0 -9999.0 -9999.0 -9999.0 -9999.0 -9999.0 -9999.0 -9999.0 -9999.0 -9999.0 -9999.0 -9999.0 -9999.0 -9999.0 -9999.0 -9999.0 -9999.0 -9999.0 -9999.0 -9999.0 -9999.0 -9999.0 -9999.0 -9999.0 -9999.0 -9999.0 -9999.0 -9999.0 -9999.0 -9999.0 -9999.0 -9999.0 -9999.0 -9999.0 -9999.0 -9999.0 -9999.0 -9999.0 -9999.0 -9999.0 -9999.0 -9999.0
-9999.0 -9999.0 -9999.0 -9999.0 -9999.0 -9999.0 -9999.0 -9999.0 -9999.0 -9999.0 -9999.0 -9999.0 -9999.0 -9999.0 -9999.0 -9999.0 -9999.0 -9999.0 -9999.0 -9999.0 1551.147653 1553.914111 1532.994522 1500.559411 1474.070818 1477.836302 1513.730276 1556.649427 1597.174388 1608.446022 1592.150014 1596.651030 1593.513901 1592.516202 1595.263394 1603.070857 1608.594796 1619.975289 1628.743530 1628.805145 1623.470120 1619.359830 1620.899468 1623.781117 1629.072012 1616.474379 1629.714637 1643.686673 1647.124591 1640.762858 1612.652171 1595.968549 1584.980181 1567.133565 1589.887656 1599.545103 1620.351515 1622.690404 1619.278313 1591.103284 1560.264070 -9999.0 -9999.0 -9999.0 -9999.0 -9999.0 -9999.0 -9999.0 -9999.0 -9999.0 -9999.0 -9999.0 -9999.0 -9999.0 -9999.0 -9999.0 -9999.0 -9999.0 -9999.0 -9999.0
-9999.0 -9999.0 -9999.0 -9999.0 -9999.0 -9999.0 -9999.0 -9999.0 -9999.0 -9999.0 -9999.0 -9999.0 -9999.0 -9999.0 1457.086003 1448.654003 1447.230849 1456.843622 1491.526033 1522.790830 1535.071787 1528.712523 1530.158991 1507.940684 1488.538492 1504.017505 1535.617861 1568.990932 1605.410006 1627.092389 1617.975010 1617.534996 1628.024651 1652.927258 1665.292895 1663.043546 1644.477703 1668.709861 1684.543644 1693.018477 1693.362627 1685.753933 1698.269997 1713.687370 1706.414850 1688.899150 1694.312097 1705.507361 1715.631861 1701.514753 1637.449349 1617.874059 1611.327342 1602.742474 1586.558650 1578.679023 1602.698643 1600.560239 1590.653123 1571.266803 1537.226634 1492.161012 1472.319955 1509.967449 1552.237980 1608.000748 -9999.0 -9999.0 -9999.0 -9999.0 -9999.0 -9999.0 -9999.0 -9999.0 -9999.0 -9999.0 -9999.0 -9999.0 -9999.0 -9999.0
-9999.0 -9999.0 -9999.0 -9999.0 -9999.0 -9999.0 -9999.0 -9999.0 -9999.0 1395.614400 1401.358094 1409.860482 1413.723608 1430.686815 1429.122826 1437.646127 1445.635731 1474.446714 1506.792948 1542.988811 1572.625736 1565.321291 1567.299993 1577.862347 1581.117511 1594.140442 1617.710965 1659.781956 1699.923239 1741.997294 1714.805454 1714.099299 1734.438941 1780.867616 1811.762665 1817.874220 1799.909753 1810.938139 1836.250184 1857.853563 1858.211099 1856.376143 1882.131827 1896.540007 1895.387003 1873.954236 1862.885715 1863.306577 1887.685552 1835.060914 1767.697124 1718.596218 1722.921457 1692.573539 1655.305882 1635.053058 1630.802133 1648.897374 1632.304454 1593.652070 1556.225482 1543.295476 1524.164117 1540.269893 1560.795158 1605.208527 1642.636309 1669.621036 1667.496202 1648.928602 -9999.0 -9999.0 -9999.0 -9999.0 -9999.0 -9999.0 -9999.0 -9999.0 -9999.0 -9999.0
-9999.0 -9999.0 -9999.0 -9999.0 -9999.0 -9999.0 1314.966690 1325.652488 1347.262417 1352.550828 1379.576864 1388.065738 1410.089284 1430.793694 1454.332976 1471.988641 1502.987795 1537.407079 1579.259557 1623.162422 1656.394057 1652.064179 1663.994542 1694.250070 1732.508252 1761.150202 1787.861692 1829.822479 1907.708256 1951.283072 1957.758744 1963.857379 1974.758249 2024.466110 2088.607909 2102.659033 2082.174075 2067.966876 2089.206395 2126.460903 2132.028795 2134.311073 2146.720310 2156.913106 2182.379346 2171.313432 2130.591517 2116.729883 2115.257599 2096.235272 2032.492919 1969.149188 1936.185842 1884.434966 1799.742739 1745.973424 1754.202219 1771.845824 1741.450324 1685.714854 1643.934660 1631.824155 1615.020522 1600.568856 1605.668530 1623.098936 1643.217932 1652.533191 1637.541872 1614.608281 1590.532043 1560.467971 1561.265409 1585.561406 -9999.0 -9999.0 -9999.0 -9999.0 -9999.0 -9999.0
-9999.0 -9999.0 -9999.0 -9999.0 1263.629197 1277.457125 1265.836679 1292.596287 1326.725121 1362.496912 1395.275798 1433.083914 1461.805851 1493.831108 1535.168182 1569.364893 1611.740079 1648.861394 1704.786145 1774.049956 1826.190497 1850.428723 1867.306661 1926.717832 1989.058136 2042.066421 2064.391364 2093.594969 2140.236873 2201.945554 2230.190132 2237.707674 2256.075817 2293.473086 2342.922013 2377.187454 2360.255771 2351.866744 2358.556463 2371.145496 2395.456474 2397.682777 2400.193703 2403.207921 2408.009837 2405.939453 2379.905685 2345.291027 2329.767606 2319.309263 2287.282989 2216.702100 2176.856220 2144.672658 2107.086485 2053.306743 1991.424583 1977.064819 1917.896459 1858.050863 1795.593948 1773.847664 1742.311345 1715.505177 1685.603614 1685.965654 1687.472907 1664.755491 1629.940289 1595.632926 1578.858065 1558.527582 1545.957940 1574.952139 1591.497117 1620.880266 -9999.0 -9999.0 -9999.0 -9999.0
-9999.0 -9999.0 1202.626069 1251.290926 1309.450067 1319.157086 1319.826551 1327.061788 1357.308785 1411.221752 1486.240850 1536.047739 1578.192597 1614.549423 1675.760199 1754.028969 1826.296147 1876.830534 1939.772010 2012.176076 2075.786018 2109.996830 2128.245651 2169.369979 2225.069866 2289.372649 2317.526710 2345.185503 2378.737412 2414.702430 2423.377844 2437.517642 2447.115139 2452.241865 2459.958823 2462.677088 2457.292077 2450.805752 2431.253585 2426.676286 2433.727712 2440.114488 2441.354105 2427.922119 2423.980453 2437.570809 2441.586912 2440.030354 2438.657909 2445.386814 2447.169557 2405.871129 2371.633034 2354.775713 2342.172274 2296.290262 2230.341770 2189.005921 2164.398401 2119.201542 2040.641878 1989.798884 1938.760328 1889.897093 1836.905954 1805.844979 1758.096272 1713.766612 1665.082553 1616.714442 1591.283303 1571.785948 1567.801559 1566.079545 1581.085497 1595.280133 1609.775306 1617.108676 -9999.0 -9999.0
-9999.0 1097.578321 1170.110799 1296.224435 1377.210712 1422.060673 1451.182152 1472.522308 1503.237827 1533.587905 1636.942581 1719.914222 1811.679851 1852.397899 1904.496119 2003.088759 2099.628126 2148.366777 2189.593413 2249.337076 2312.127235 2361.796029 2391.867452 2398.130581 2434.256998 2451.504569 2456.039066 2460.584415 2458.349002 2451.095139 2443.159773 2449.365081 2445.322272 2425.824371 2409.254178 2405.535421 2398.915412 2372.687438 2341.803682 2325.281295 2326.753094 2350.293539 2337.640313 2316.911006 2313.317717 2335.118905 2356.054061 2347.988027 2336.848998 2356.250618 2392.041936 2415.478261 2424.364961 2441.531996 2462.232484 2435.824519 2408.410942 2365.345283 2344.236491 2314.093579 2254.685695 2193.131562 2137.343380 2075.923515 2009.219502 1941.867578 1877.804302 1814.776040 1747.172962 1704.102390 1671.293497 1620.131488 1598.421453 1598.804428 1588.761550 1584.539132 1589.293895 1595.028756 -9999.0 -9999.0
-9999.0 1013.752290 1155.799729 1339.693125 1488.442099 1545.556023 1641.278110 1717.920588 1746.015018 1715.653741 1824.555600 2044.570717 2153.728461 2174.601425 2249.828286 2342.223231 2356.627158 2391.048585 2415.466038 2430.371418 2442.499845 2454.639448 2454.291279 2449.726326 2435.367131 2427.504839 2425.673763 2422.076748 2403.564396 2383.325435 2364.631731 2359.023675 2338.393263 2291.782205 2257.534897 2238.881164 2220.438682 2199.557930 2165.835145 2137.279424 2120.527410 2134.576280 2128.943390 2112.774182 2109.323826 2131.696816 2164.605934 2162.824364 2173.881378 2197.152372 2237.710931 2278.529171 2302.327547 2334.029628 2372.504492 2418.604786 2433.630297 2455.821858 2459.832108 2442.182116 2396.702205 2342.474831 2306.613846 2242.683117 2169.587692 2090.640147 2025.086829 1961.816787 1891.074620 1843.339506 1794.877226 1735.835606 1681.452131 1658.757045 1618.237216 1598.087222 -9999.0 -9999.0 -9999.0 -9999.0
-9999.0 929.846616 1116.317761 1371.102780 1652.040225 1756.788063 1962.444948 2090.383684 2146.630482 2217.049249 2177.723022 2339.350362 2384.107853 2382.577348 2387.338983 2393.817165 2411.301299 2415.930870 2413.793008 2405.023340 2396.972683 2393.582370 2392.478573 2384.628285 2371.667602 2355.594374 2340.369278 2325.754442 2286.297585 2251.578784 2213.214604 2196.726400 2154.815548 2061.592151 2018.327028 1980.562605 1921.634244 1915.158703 1909.765886 1880.401248 1859.782317 1836.992399 1860.226357 1866.335177 1869.641771 1872.209308 1888.976118 1915.728724 1962.916235 2001.004167 2046.186408 2099.615938 2136.139787 2180.975839 2227.658646 2284.502983 2319.098400 2351.778878 2401.525443 2441.283487 2464.898961 2452.607063 2425.434852 2376.930766 2304.124666 2237.055088 2186.872323 2113.071644 2047.801845 1993.447263 1945.070249 1891.375678 1824.514489 1746.591924 1704.257102 -9999.0 -9999.0 -9999.0 -9999.0 -9999.0
-9999.0 741.098430 1008.036300 1291.652116 1598.194347 1930.314356 2073.716080 2197.287261 2269.777021 2241.994140 2253.969215 2273.932993 2317.716029 2328.247483 2310.322845 2302.510764 2291.597664 2292.736133 2306.689796 2281.153010 2252.147889 2238.884161 2238.215967 2225.771450 2201.251747 2183.235351 2169.990057 2147.812836 2098.499217 2046.036562 1962.588627 1929.645167 1851.448882 1797.636465 1753.962631 1704.070634 1653.407678 1652.086756 1669.333148 1654.501132 1631.793573 1613.199804 1640.228611 1658.943971 1671.872399 1660.376984 1670.094651 1706.956526 1757.349247 1802.365268 1852.889968 1908.495397 1956.145799 2004.577362 2036.885751 2087.451106 2137.106684 2185.565978 2260.702991 2341.291451 2380.484522 2416.173036 2447.904790 2462.818998 2409.525042 2359.583759 2306.704410 2244.769277 2164.563942 2115.755920 2086.967886 2040.015604 1982.175158 -9999.0 -9999.0 -9999.0 -9999.0 -9999.0 -9999.0 -9999.0
-9999.0 617.697760 831.295981 1053.242069 1331.131356 1568.436029 1770.260629 1877.171783 1956.552763 2000.676977 2040.619892 2076.969583 2108.651804 2132.974322 2113.460265 2074.514164 2046.642472 2051.837792 2047.421279 2024.615862 1995.686304 1980.954294 1977.823146 1970.244105 1945.154811 1929.897320 1918.028387 1894.044865 1860.296946 1803.983216 1725.101294 1651.440661 1590.758873 1560.237669 1531.113043 1498.838209 1464.148950 1473.962490 1485.686411 1482.173245 1471.917265 1469.269245 1498.300438 1517.565522 1527.911611 1517.015019 1536.777307 1563.758961 1605.648410 1649.400616 1699.133487 1754.944721 1809.508229 1839.266481 1853.381102 1879.022967 1919.437148 1974.564194 2061.544200 2157.347592 2236.965801 2286.953912 2338.977153 2374.130144 2388.255288 2397.881476 2373.894009 2296.320724 2192.960485 2177.726624 2171.598943 -9999.0 -9999.0 -9999.0 -9999.0 -9999.0 -9999.0 -9999.0 -9999.0 -9999.0
-9999.0 -9999.0 599.528956 772.391012 903.218536 1080.344727 1230.012054 1340.618962 1432.415326 1551.071511 1659.248651 1744.929120 1790.015462 1808.150273 1795.131686 1763.921887 1744.147264 1744.642185 1734.642047 1724.750988 1705.574840 1697.725977 1685.928409 1677.042883 1666.897996 1660.934165 1654.763741 1642.555428 1620.104249 1573.232347 1525.687817 1474.763163 1421.857288 1396.278606 1374.379827 1353.038432 1351.971497 1347.490016 1352.677647 1354.050485 1361.046545 1373.702827 1393.669908 1415.839598 1425.802055 1435.133618 1447.893344 1471.926427 1505.301961 1548.056343 1602.535440 1660.935797 1701.514287 1715.010768 1706.059302 1711.771492 1732.750656 1775.949668 1856.848319 1941.512922 2038.187059 2110.673191 2183.342361 2236.791396 2254.335877 2270.996386 2288.505387 2239.361399 2084.038729 2130.013550 -9999.0 -9999.0 -9999.0 -9999.0 -9999.0 -9999.0 -9999.0 -9999.0 -9999.0 -9999.0
-9999.0 -9999.0 -9999.0 -9999.0 631.828476 785.672379 883.076043 966.333235 1095.996938 1217.420055 1318.056199 1401.425709 1463.930536 1490.586784 1487.294406 1494.224365 1490.491115 1484.464198 1474.898291 1474.502339 1473.864122 1466.361617 1451.626960 1443.893091 1444.433826 1448.882043 1445.634290 1431.296337 1412.839533 1390.571594 1370.523557 1336.190538 1300.299066 1270.968607 1257.634348 1251.928666 1251.497995 1244.300175 1252.784510 1260.087083 1275.235125 1290.375007 1314.080098 1343.150634 1357.088444 1372.027707 1381.932206 1402.606450 1433.281704 1486.982431 1550.792637 1609.131587 1645.669329 1650.750638 1626.913730 1612.211709 1609.322781 1638.051536 1683.603081 1751.459209 1853.965920 1928.457356 1987.026851 2032.985639 2066.744565 2114.726574 2169.404826 2205.369846 -9999.0 -9999.0 -9999.0 -9999.0 -9999.0 -9999.0 -9999.0 -9999.0 -9999.0 -9999.0 -9999.0 -9999.0
-9999.0 -9999.0 -9999.0 -9999.0 -9999.0 -9999.0 592.863498 694.753441 774.059660 913.264627 1044.268841 1145.529021 1225.758589 1257.767155 1284.755152 1311.984721 1310.633765 1292.459222 1273.455749 1292.422709 1306.508071 1300.486040 1270.188664 1269.593426 1274.135456 1281.889727 1279.183650 1272.322600 1246.844904 1258.266810 1258.856126 1235.365718 1209.144880 1195.154776 1183.150258 1192.621226 1192.698798 1178.922418 1179.286678 1206.031336 1226.250375 1239.321650 1261.061738 1294.284502 1326.706107 1342.063869 1343.579867 1349.825083 1389.891223 1460.321411 1532.319988 1588.173056 1621.163112 1629.812022 1603.328231 1563.999059 1544.401767 1552.317237 1587.902021 1641.299892 1717.964943 1768.273910 1795.293196 1809.901242 1829.526487 1921.742893 -9999.0 -9999.0 -9999.0 -9999.0 -9999.0 -9999.0 -9999.0 -9999.0 -9999.0 -9999.0 -9999.0 -9999.0 -9999.0 -9999.0
-9999.0 -9999.0 -9999.0 -9999.0 -9999.0 -9999.0 -9999.0 -9999.0 -9999.0 -9999.0 -9999.0 -9999.0 -9999.0 -9999.0 -9999.0 -9999.0 -9999.0 -9999.0 -9999.0 -9999.0 -9999.0 -9999.0 -9999.0 -9999.0 -9999.0 -9999.0 -9999.0 -9999.0 -9999.0 -9999.0 -9999.0 -9999.0 -9999.0 -9999.0 -9999.0 -9999.0 -9999.0 -9999.0 -9999.0 -9999.0 -9999.0 -9999.0 -9999.0 -9999.0 -9999.0 -9999.0 -9999.0 -9999.0 -9999.0 -9999.0 -9999.0 -9999.0 -9999.0 -9999.0 -9999.0 -9999.0 -9999.0 -9999.0 -9999.0 -9999.0 -9999.0 -9999.0 -9999.0 -9999.0 -9999.0 -9999.0 -9999.0 -9999.0 -9999.0 -9999.0 -9999.0 -9999.0 -9999.0 -9999.0 -9999.0 -9999.0 -9999.0 -9999.0 -9999.0 -9999.0
-9999.0 -9999.0 -9999.0 -9999.0 -9999.0 -9999.0 -9999.0 -9999.0 -9999.0 -9999.0 -9999.0 -9999.0 -9999.0 -9999.0 -9999.0 -9999.0 -9999.0 -9999.0 -9999.0 -9999.0 -9999.0 -9999.0 -9999.0 -9999.0 -9999.0 -9999.0 -9999.0 -9999.0 -9999.0 -9999.0 -9999.0 -9999.0 -9999.0 -9999.0 -9999.0 -9999.0 -9999.0 -9999.0 -9999.0 -9999.0 -9999.0 -9999.0 -9999.0 -9999.0 -9999.0 -9999.0 -9999.0 -9999.0 -9999.0 -9999.0 -9999.0 -9999.0 -9999.0 -9999.0 -9999.0 -9999.0 -9999.0 -9999.0 -9999.0 -9999.0 -9999.0 -9999.0 -9999.0 -9999.0 -9999.0 -9999.0 -9999.0 -9999.0 -9999.0 -9999.0 -9999.0 -9999.0 -9999.0 -9999.0 -9999.0 -9999.0 -9999.0 -9999.0 -9999.0 -9999.0