Borden_/Borden1m_014/output_maps/psiliqL0006N0013.asc
ncols         80
nrows         18
xllcorner     620200.000000
yllcorner     5168000.000000
cellsize      1.000000
NODATA_value  -9999.0
-9999.0 -9999.0 -9999.0 -9999.0 -9999.0 -9999.0 -9999.0 -9999.0 -9999.0 -9999.0 -9999.0 -9999.0 -9999.0 -9999.0 -9999.0 -9999.0 -9999.0 -9999.0 -9999.0 -9999.0 -9999.0 -9999.0 -9999.0 -9999.0 -9999.0 -9999.0 -9999.0 -9999.0 -9999.0 -9999.0 -9999.0 -9999.0 -9999.0 -9999.0 -9999.0 -9999.0 -9999.0 -9999.0 -9999.0 -9999.0 -9999.0 -9999.0 -9999.0 -9999.0 -9999.0 -9999.0 -9999.0 -9999.0 -9999.0 -9999.0 -9999.0 -9999.0 -9999.0 -9999.0 -9999.0 -9999.0 -9999.0 -9999.0 -9999.0 -9999.0 -9999.0 -9999.0 -9999.0 -9999.0 -9999.0 -9999.0 -9999.0 -9999.0 -9999.0 -9999.0 -9999.0 -9999.0 -9999.0 -9999.0 -9999.0 -9999.0 -9999.0 -9999.0 -9999.0 -9999.0
-9999.0 -9999.0 -9999.0 -9999.0 -9999.0 -9999.0 -9999.0 -9999.0 -9999.0 -9999.0 -9999.0 -9999.0 -9999.0 -9999.0 -9999.0 -9999.0 -9999.0 -9999.0 -9999.0 -9999.0 -9999.0 -9999.0 -9999.0 -9999.0 -9999.0 -9999.0 -9999.0 -9999.0 -9999.0 -9999.0 -9999.0 -9999.0 -9999.0 -9999.0 -9999.0 -9999.0 -9999.0 -9999.0 -9999.0 -9999.0 -9999.0 -9999.0 -9999.0 -9999.0 -9999.0 -9999.0 -9999.0 -9999.0 -9999.0 -9999.0 -9999.0 -9999.0 -9999.0 -9999.0 -9999.0 -9999.0 -9999.0 -9999.0 -9999.0 -9999.0 -9999.0 -9999.0 -9999.0 -9999.0 -9999.0 -9999.0 -9999.0 -9999.0 -9999.0 -9999.0 -9999.0 -9999.0 -9999.0 -9999.0 -9999.0 -9999.0 -9999.0 -9999.0 -9999.0 -9999.0
-9999.0 -9999.0 -9999.0 -9999.0 -9999.0 -9999.0 -9999.0 -9999.0 -9999.0 -9999.0 -9999.0 -9999.0 -9999.0 -9999.0 -9999.0 -9999.0 -9999.0 -9999.0 -9999.0 -9999.0 -648.932373 -645.873027 -668.897689 -703.020668 -731.625379 -730.275338 -696.035260 -655.987776 -619.315050 -609.183181 -627.430042 -626.675853 -632.267147 -632.461353 -629.612095 -624.147026 -622.055388 -610.688299 -602.408736 -602.711847 -608.896740 -614.774693 -616.594621 -613.038983 -608.195022 -616.243009 -602.932269 -587.602506 -580.792908 -585.482682 -612.073985 -627.356406 -634.684448 -648.201293 -623.407533 -610.209003 -586.794975 -581.942005 -582.489377 -608.923725 -638.504797 -9999.0 -9999.0 -9999.0 -9999.0 -9999.0 -9999.0 -9999.0 -9999.0 -9999.0 -9999.0 -9999.0 -9999.0 -9999.0 -9999.0 -9999.0 -9999.0 -9999.0 -9999.0 -9999.0
-9999.0 -9999.0 -9999.0 -9999.0 -9999.0 -9999.0 -9999.0 -9999.0 -9999.0 -9999.0 -9999.0 -9999.0 -9999.0 -9999.0 -737.346977 -747.941403 -751.460798 -743.453406 -710.401650 -681.236818 -668.811411 -676.803852 -677.363226 -701.217922 -721.599110 -708.229550 -680.098278 -649.973847 -617.169882 -597.435731 -610.760721 -614.009810 -603.850622 -576.437633 -561.881662 -564.851455 -586.452112 -564.388352 -548.348467 -538.782441 -539.963902 -548.734958 -533.909749 -517.571346 -524.222765 -541.740532 -538.738426 -527.171893 -511.983262 -526.788706 -590.786070 -611.266983 -613.110188 -618.640027 -630.687444 -636.558427 -611.512591 -609.631152 -617.059472 -634.088609 -665.291964 -708.522204 -725.550832 -687.007468 -642.174454 -583.814213 -9999.0 -9999.0 -9999.0 -9999.0 -9999.0 -9999.0 -9999.0 -9999.0 -9999.0 -9999.0 -9999.0 -9999.0 -9999.0 -9999.0
-9999.0 -9999.0 -9999.0 -9999.0 -9999.0 -9999.0 -9999.0 -9999.0 -9999.0 -792.546411 -789.569011 -783.001844 -781.889515 -766.868758 -768.828875 -762.548473 -755.006967 -730.142956 -700.151236 -666.152722 -638.156192 -649.022964 -649.490495 -637.668799 -630.762595 -618.665907 -599.288803 -560.275351 -519.052827 -477.998121 -506.877982 -509.298662 -490.080942 -436.256324 -389.540405 -377.080622 -397.740449 -395.576513 -366.827520 -337.657708 -338.886085 -341.095984 -313.979697 -298.795782 -290.402014 -311.645916 -332.474503 -335.418402 -306.031934 -365.521312 -438.201451 -497.590714 -496.573287 -527.258450 -568.156192 -590.308963 -592.658421 -569.472397 -583.661630 -619.842606 -655.176825 -663.281638 -678.733952 -662.140709 -638.808762 -591.155789 -552.303449 -523.019882 -521.831369 -538.521383 -9999.0 -9999.0 -9999.0 -9999.0 -9999.0 -9999.0 -9999.0 -9999.0 -9999.0 -9999.0
-9999.0 -9999.0 -9999.0 -9999.0 -9999.0 -9999.0 -870.034438 -861.881658 -842.914635 -837.550147 -814.283532 -807.307285 -787.595893 -769.045085 -749.811131 -733.654358 -703.709317 -672.694722 -632.563986 -589.752343 -558.556215 -563.424687 -554.401894 -520.647450 -475.949935 -438.977462 -411.988031 -369.480836 -280.430519 -220.978206 -196.347312 -183.382289 -143.238760 114.690306 197.660797 208.187790 200.103977 193.469838 200.479985 213.839923 214.078242 212.849941 215.308252 217.649213 229.748279 227.809937 212.902445 209.279262 208.851402 202.223729 132.190745 -139.974810 -236.953248 -300.538845 -390.302776 -456.268931 -462.816318 -447.589278 -478.070110 -530.204333 -571.698411 -581.068996 -594.294501 -607.545386 -601.391356 -581.014634 -556.421503 -543.951212 -555.110367 -574.492744 -596.783299 -624.765160 -622.585600 -596.737357 -9999.0 -9999.0 -9999.0 -9999.0 -9999.0 -9999.0
-9999.0 -9999.0 -9999.0 -9999.0 -919.068132 -907.252972 -918.969939 -896.512992 -865.540028 -833.560309 -802.027509 -765.739330 -739.989271 -711.788218 -671.305139 -634.019678 -591.998995 -559.146300 -505.410012 -434.259631 -373.693147 -341.333010 -324.601189 -245.326564 -91.810635 146.646289 189.501688 200.558832 212.741215 235.431964 245.076037 247.641201 259.163417 289.552333 310.729438 324.631896 317.561360 316.152692 317.012623 318.295210 328.028840 326.977172 327.441816 327.340944 328.859960 331.609025 322.431896 311.139969 308.190115 306.013325 294.298300 248.994574 228.267289 218.114831 207.924146 162.075952 -82.309068 -175.528364 -267.094284 -333.651636 -411.206466 -441.500303 -473.621227 -498.334237 -527.634528 -525.498613 -521.052251 -538.928306 -567.403214 -597.793873 -611.550676 -629.160813 -638.277009 -607.914823 -589.705499 -558.157500 -9999.0 -9999.0 -9999.0 -9999.0
-9999.0 -9999.0 -976.059568 -926.130141 -871.342040 -863.458131 -861.355847 -857.432539 -832.036589 -783.306199 -706.030148 -654.885461 -611.280023 -583.331177 -525.452612 -438.139371 -355.167470 -300.134839 -211.905456 102.662424 190.644632 206.403067 210.004756 224.913379 253.323814 292.530330 304.346527 311.944451 319.382088 331.050829 351.190004 365.896224 370.875631 369.212903 367.422349 365.288319 363.944309 362.032621 347.037391 344.822332 350.344488 351.725153 355.140976 343.950398 340.326677 352.193923 355.055586 358.017878 361.391176 369.885235 377.837300 349.135773 316.223730 313.104705 313.288789 294.841372 255.596167 233.346756 226.265579 209.789149 135.036949 -119.221327 -242.797231 -314.926079 -379.841055 -413.552814 -458.235949 -495.979677 -538.076903 -580.604195 -602.101851 -619.105282 -620.056822 -618.241106 -601.477589 -585.141541 -569.235175 -561.165199 -9999.0 -9999.0
-9999.0 -1072.989551 -1000.615857 -873.330805 -795.938178 -752.333900 -711.766015 -683.138693 -661.541235 -650.862430 -545.719338 -432.905185 -338.667200 -307.604174 -229.921517 98.523743 199.540391 219.624952 236.383269 276.101664 301.671270 316.829010 324.628432 349.677627 373.101729 370.872522 368.750578 366.838676 358.434722 350.079022 340.445262 348.114102 348.241183 334.813461 324.411561 322.525919 321.394580 313.975479 305.509132 302.075395 304.241201 313.814111 309.381836 301.666461 300.133307 307.762237 313.866678 310.406846 305.371687 312.562267 326.405053 334.218596 349.111185 362.723736 380.739622 358.414420 329.031593 313.607318 309.835996 302.605000 281.094923 243.163306 216.269611 161.892668 -75.388060 -248.021583 -331.700573 -393.730391 -455.421903 -491.025186 -519.294932 -569.089430 -590.807174 -587.632470 -595.850181 -597.457462 -590.104791 -583.357722 -9999.0 -9999.0
-9999.0 -1141.266209 -997.900530 -812.617761 -668.614128 -609.690614 -490.299607 -402.055076 -376.339268 -400.475780 -273.193663 161.414625 225.975884 228.175062 258.252563 309.163088 334.690914 356.622414 370.484920 365.323415 359.306274 360.278944 354.450100 346.245896 333.345304 328.127339 328.975573 329.311755 323.300425 317.038969 309.338758 309.719547 305.961215 293.351493 276.881485 253.004566 243.070003 236.130219 224.175881 215.347571 210.250250 219.967370 215.839387 208.632286 206.592050 215.253990 228.890570 224.899338 228.773059 242.962697 275.449581 292.210190 297.990454 306.809572 319.141397 335.895566 350.679661 369.919712 374.918737 353.246359 326.437070 308.188418 300.847806 279.895155 241.826685 202.219853 126.198483 -150.410698 -270.314922 -331.556062 -388.704276 -447.095287 -503.054447 -527.721012 -565.182398 -585.545527 -9999.0 -9999.0 -9999.0 -9999.0
-9999.0 -1202.104230 -1009.845071 -743.361883 -494.962173 -355.232500 103.633977 210.495467 232.048056 256.557857 270.302304 352.215157 363.720411 349.688162 326.760743 324.173819 332.637030 334.728132 330.351305 323.976115 319.773686 317.941898 317.192675 314.802916 311.503217 307.550056 304.867838 303.865442 292.527631 278.073591 246.569453 238.013315 225.611275 184.298200 115.085672 -126.951401 -237.269350 -249.059105 -265.541868 -302.088687 -322.644737 -337.384348 -318.539175 -321.426256 -322.240186 -312.141543 -287.051075 -266.468465 -206.793723 -118.306110 132.122719 200.401647 216.104005 237.230302 271.680425 294.937675 302.806621 310.999642 327.125899 352.946720 372.107845 365.658464 340.731770 323.963009 301.694013 283.378777 269.194443 228.054912 199.288765 134.841854 -103.921302 -252.869411 -348.503595 -438.769214 -477.792251 -9999.0 -9999.0 -9999.0 -9999.0 -9999.0
-9999.0 -1347.476388 -1079.840774 -782.031969 -447.479378 86.234650 205.681104 288.948687 334.967596 292.661418 286.054589 294.272902 308.903032 309.445508 301.303797 301.476627 299.046746 298.699723 304.685352 289.640644 262.949692 251.748484 251.086220 245.803329 235.695503 229.748875 226.731048 221.594529 200.327390 135.066675 -166.388822 -221.765316 -316.351845 -393.576972 -444.736520 -491.999556 -541.981184 -543.329058 -528.153798 -544.646717 -566.050358 -584.407680 -560.015045 -545.898068 -535.870231 -545.346219 -537.369808 -504.763714 -458.631839 -418.277150 -366.105109 -301.524823 -241.501473 -137.592976 119.576277 194.842025 215.948175 235.848298 280.383840 310.797693 320.355780 332.035485 364.109797 381.841976 345.193092 320.671400 309.090927 296.248336 274.013819 258.189708 231.225044 190.677055 5.460778 -9999.0 -9999.0 -9999.0 -9999.0 -9999.0 -9999.0 -9999.0
-9999.0 -1484.170171 -1247.232050 -992.772208 -691.954723 -464.287173 -289.570181 70.311751 177.311181 185.012424 194.255992 204.193026 214.336227 223.326493 214.460748 201.000976 190.601718 192.918136 189.120946 140.009040 -62.104314 -133.993800 -139.967781 -158.233955 -210.636918 -236.858500 -252.323167 -281.850070 -326.598845 -389.165644 -475.238103 -538.626679 -597.142147 -631.736683 -660.741997 -692.735698 -731.367003 -720.525062 -705.402639 -710.245243 -723.053292 -728.111954 -698.968914 -681.362759 -671.741905 -685.640133 -668.207353 -642.360195 -602.297315 -563.414306 -519.239069 -469.097181 -419.863720 -390.976563 -373.141663 -334.671840 -280.776157 -177.689186 133.010255 223.203660 274.268545 292.950122 309.936479 322.163433 326.915417 344.235375 343.239913 310.174981 276.454137 285.334208 286.102473 -9999.0 -9999.0 -9999.0 -9999.0 -9999.0 -9999.0 -9999.0 -9999.0 -9999.0
-9999.0 -9999.0 -1485.292641 -1289.601721 -1121.618712 -936.348168 -792.093705 -693.946881 -629.398766 -552.334030 -468.142725 -394.311312 -353.021760 -336.288178 -357.795433 -404.480759 -434.945979 -435.116570 -444.664018 -461.441476 -487.834653 -496.852641 -504.872596 -511.689478 -525.086245 -532.263385 -536.911305 -546.922142 -568.327959 -613.258523 -665.362479 -716.010911 -769.290579 -793.353248 -814.751403 -837.355784 -841.465918 -842.399681 -835.203388 -834.167868 -829.509715 -818.336904 -797.705951 -777.039032 -768.083424 -761.989968 -749.889903 -727.021520 -694.924964 -655.857711 -606.012871 -553.413693 -518.338058 -508.798570 -519.789462 -515.246567 -494.803554 -452.205717 -358.863599 -238.666796 112.927209 201.285070 238.388186 278.677442 288.309738 294.822412 305.969430 288.684052 184.294810 257.972229 -9999.0 -9999.0 -9999.0 -9999.0 -9999.0 -9999.0 -9999.0 -9999.0 -9999.0 -9999.0
-9999.0 -9999.0 -9999.0 -9999.0 -1432.371978 -1274.130397 -1181.979717 -1101.191085 -986.123098 -885.256065 -799.675876 -729.574639 -682.647979 -661.425550 -674.888002 -683.673248 -692.671685 -695.205954 -702.927679 -709.390859 -715.830853 -723.110751 -732.770155 -739.916562 -740.876581 -737.703405 -739.254903 -751.469724 -765.921287 -793.753183 -818.250734 -853.014188 -889.805570 -918.477241 -931.197327 -938.420220 -937.958569 -942.898547 -933.167302 -927.296453 -912.745798 -897.424466 -873.588503 -845.871237 -833.971212 -820.239078 -810.790847 -790.278651 -761.188449 -709.943405 -649.714845 -596.331921 -565.241236 -563.919834 -592.231698 -610.040970 -615.297554 -590.293237 -546.602526 -480.964900 -378.954248 -290.542799 -177.893401 121.123484 191.285042 217.732790 264.859939 281.510100 -9999.0 -9999.0 -9999.0 -9999.0 -9999.0 -9999.0 -9999.0 -9999.0 -9999.0 -9999.0 -9999.0 -9999.0
-9999.0 -9999.0 -9999.0 -9999.0 -9999.0 -9999.0 -1492.475599 -1399.654744 -1309.804149 -1195.066860 -1090.014625 -1003.704489 -933.809624 -912.122702 -898.174827 -877.786271 -883.110574 -899.063457 -914.239030 -898.682666 -890.629400 -894.851947 -920.677092 -922.325234 -919.301883 -909.715305 -910.468969 -916.191611 -940.337031 -933.409669 -935.477393 -958.019863 -983.674047 -998.043303 -1009.357115 -999.340348 -998.309246 -1010.338147 -1007.299696 -981.755252 -962.470241 -949.062726 -926.520613 -893.756800 -862.273278 -848.595055 -847.966911 -841.991350 -800.629083 -731.639118 -663.496386 -612.545761 -584.170309 -578.813701 -609.247967 -652.123788 -676.024690 -672.312670 -641.719756 -593.251019 -522.437064 -477.965368 -448.459375 -424.352080 -389.476684 -274.133808 -9999.0 -9999.0 -9999.0 -9999.0 -9999.0 -9999.0 -9999.0 -9999.0 -9999.0 -9999.0 -9999.0 -9999.0 -9999.0 -9999.0
-9999.0 -9999.0 -9999.0 -9999.0 -9999.0 -9999.0 -9999.0 -9999.0 -9999.0 -9999.0 -9999.0 -9999.0 -9999.0 -9999.0 -9999.0 -9999.0 -9999.0 -9999.0 -9999.0 -9999.0 -9999.0 -9999.0 -9999.0 -9999.0 -9999.0 -9999.0 -9999.0 -9999.0 -9999.0 -9999.0 -9999.0 -9999.0 -9999.0 -9999.0 -9999.0 -9999.0 -9999.0 -9999.0 -9999.0 -9999.0 -9999.0 -9999.0 -9999.0 -9999.0 -9999.0 -9999.0 -9999.0 -9999.0 -9999.0 -9999.0 -9999.0 -9999.0 -9999.0 -9999.0 -9999.0 -9999.0 -9999.0 -9999.0 -9999.0 -9999.0 -9999.0 -9999.0 -9999.0 -9999.0 -9999.0 -9999.0 -9999.0 -9999.0 -9999.0 -9999.0 -9999.0 -9999.0 -9999.0 -9999.0 -9999.0 -9999.0 -9999.0 -9999.0 -9999.0 -9999.0
-9999.0 -9999.0 -9999.0 -9999.0 -9999.0 -9999.0 -9999.0 -9999.0 -9999.0 -9999.0 -9999.0 -9999.0 -9999.0 -9999.0 -9999.0 -9999.0 -9999.0 -9999.0 -9999.0 -9999.0 -9999.0 -9999.0 -9999.0 -9999.0 -9999.0 -9999.0 -9999.0 -9999.0 -9999.0 -9999.0 -9999.0 -9999.0 -9999.0 -9999.0 -9999.0 -9999.0 -9999.0 -9999.0 -9999.0 -9999.0 -9999.0 -9999.0 -9999.0 -9999.0 -9999.0 -9999.0 -9999.0 -9999.0 -9999.0 -9999.0 -9999.0 -9999.0 -9999.0 -9999.0 -9999.0 -9999.0 -9999.0 -9999.0 -9999.0 -9999.0 -9999.0 -9999.0 -9999.0 -9999.0 -9999.0 -9999.0 -9999.0 -9999.0 -9999.0 -9999.0 -9999.0 -9999.0 -9999.0 -9999.0 -9999.0 -9999.0 -9999.0 -9999.0 -9999.0 -9999.0