Borden_/Borden1m_014/output_maps/psiliqL0006N0024.asc
ncols         80
nrows         18
xllcorner     620200.000000
yllcorner     5168000.000000
cellsize      1.000000
NODATA_value  -9999.0
-9999.0 -9999.0 -9999.0 -9999.0 -9999.0 -9999.0 -9999.0 -9999.0 -9999.0 -9999.0 -9999.0 -9999.0 -9999.0 -9999.0 -9999.0 -9999.0 -9999.0 -9999.0 -9999.0 -9999.0 -9999.0 -9999.0 -9999.0 -9999.0 -9999.0 -9999.0 -9999.0 -9999.0 -9999.0 -9999.0 -9999.0 -9999.0 -9999.0 -9999.0 -9999.0 -9999.0 -9999.0 -9999.0 -9999.0 -9999.0 -9999.0 -9999.0 -9999.0 -9999.0 -9999.0 -9999.0 -9999.0 -9999.0 -9999.0 -9999.0 -9999.0 -9999.0 -9999.0 -9999.0 -9999.0 -9999.0 -9999.0 -9999.0 -9999.0 -9999.0 -9999.0 -9999.0 -9999.0 -9999.0 -9999.0 -9999.0 -9999.0 -9999.0 -9999.0 -9999.0 -9999.0 -9999.0 -9999.0 -9999.0 -9999.0 -9999.0 -9999.0 -9999.0 -9999.0 -9999.0
-9999.0 -9999.0 -9999.0 -9999.0 -9999.0 -9999.0 -9999.0 -9999.0 -9999.0 -9999.0 -9999.0 -9999.0 -9999.0 -9999.0 -9999.0 -9999.0 -9999.0 -9999.0 -9999.0 -9999.0 -9999.0 -9999.0 -9999.0 -9999.0 -9999.0 -9999.0 -9999.0 -9999.0 -9999.0 -9999.0 -9999.0 -9999.0 -9999.0 -9999.0 -9999.0 -9999.0 -9999.0 -9999.0 -9999.0 -9999.0 -9999.0 -9999.0 -9999.0 -9999.0 -9999.0 -9999.0 -9999.0 -9999.0 -9999.0 -9999.0 -9999.0 -9999.0 -9999.0 -9999.0 -9999.0 -9999.0 -9999.0 -9999.0 -9999.0 -9999.0 -9999.0 -9999.0 -9999.0 -9999.0 -9999.0 -9999.0 -9999.0 -9999.0 -9999.0 -9999.0 -9999.0 -9999.0 -9999.0 -9999.0 -9999.0 -9999.0 -9999.0 -9999.0 -9999.0 -9999.0
-9999.0 -9999.0 -9999.0 -9999.0 -9999.0 -9999.0 -9999.0 -9999.0 -9999.0 -9999.0 -9999.0 -9999.0 -9999.0 -9999.0 -9999.0 -9999.0 -9999.0 -9999.0 -9999.0 -9999.0 -648.459816 -645.369483 -668.478734 -702.721343 -731.405194 -730.033404 -695.622175 -655.281964 -618.244785 -607.939625 -626.300106 -625.469190 -631.029077 -631.116006 -628.124411 -622.510340 -620.341345 -608.750442 -600.279315 -600.533710 -606.790292 -612.746796 -614.552018 -610.906755 -605.993873 -614.210499 -600.710791 -585.150056 -578.282813 -583.222279 -610.419346 -626.052050 -633.581713 -647.315738 -622.398003 -609.173359 -585.645552 -580.843281 -581.482359 -608.170454 -637.956753 -9999.0 -9999.0 -9999.0 -9999.0 -9999.0 -9999.0 -9999.0 -9999.0 -9999.0 -9999.0 -9999.0 -9999.0 -9999.0 -9999.0 -9999.0 -9999.0 -9999.0 -9999.0 -9999.0
-9999.0 -9999.0 -9999.0 -9999.0 -9999.0 -9999.0 -9999.0 -9999.0 -9999.0 -9999.0 -9999.0 -9999.0 -9999.0 -9999.0 -737.201927 -747.809245 -751.326841 -743.296277 -710.139703 -680.834910 -668.337762 -676.345326 -676.874842 -700.819036 -721.264609 -707.783895 -679.396999 -648.898474 -615.566083 -595.361397 -608.795085 -611.961377 -601.371356 -572.846411 -557.315343 -560.050721 -582.192576 -559.476606 -542.684046 -532.498218 -533.619599 -542.575153 -526.939729 -509.811899 -516.575320 -534.996865 -532.237752 -520.403472 -504.598219 -520.804161 -587.338493 -608.914524 -611.116563 -616.985047 -629.370522 -635.437394 -610.266208 -608.478792 -616.082990 -633.330922 -664.782748 -708.232058 -725.339931 -686.691024 -641.706746 -583.077200 -9999.0 -9999.0 -9999.0 -9999.0 -9999.0 -9999.0 -9999.0 -9999.0 -9999.0 -9999.0 -9999.0 -9999.0 -9999.0 -9999.0
-9999.0 -9999.0 -9999.0 -9999.0 -9999.0 -9999.0 -9999.0 -9999.0 -9999.0 -792.468141 -789.488542 -782.912579 -781.797906 -766.754257 -768.719450 -762.421460 -754.856213 -729.906145 -699.753848 -665.477928 -637.158896 -648.026954 -648.391610 -636.258666 -628.913599 -616.139506 -595.913804 -555.307714 -511.244172 -466.651801 -495.798107 -497.347295 -474.848325 -414.567701 -363.629007 -348.567486 -373.262617 -370.674076 -337.448180 -300.362348 -298.504213 -299.861621 -261.086013 -238.569740 -227.184567 -258.343809 -292.125568 -297.123662 -257.940197 -335.238652 -417.104613 -482.982640 -485.784709 -519.937908 -563.511166 -586.981962 -589.871144 -566.647415 -581.486756 -618.441439 -654.301685 -662.582098 -678.218455 -661.598795 -638.205229 -590.336585 -551.264490 -521.834695 -520.760266 -537.676376 -9999.0 -9999.0 -9999.0 -9999.0 -9999.0 -9999.0 -9999.0 -9999.0 -9999.0 -9999.0
-9999.0 -9999.0 -9999.0 -9999.0 -9999.0 -9999.0 -869.973258 -861.821682 -842.850710 -837.495288 -814.214442 -807.235192 -787.499120 -768.913789 -749.620813 -733.380982 -703.226487 -671.866214 -631.045114 -586.944391 -554.233240 -558.475665 -548.398385 -511.036872 -459.389532 -417.999775 -388.351950 -337.816010 -215.120675 -145.012418 -119.472003 -106.191352 -88.706322 -54.124992 1.693486 47.134954 -2.768556 -22.212658 -6.940357 32.537276 85.649476 90.434089 98.086451 106.364594 131.923627 121.588666 37.861114 11.154194 4.414655 -5.062555 -47.317125 -96.317844 -163.897992 -244.928202 -364.153777 -436.692561 -444.387494 -431.575183 -467.715443 -523.907241 -567.845227 -578.221381 -592.237448 -606.024851 -600.082484 -579.726671 -555.104532 -542.726194 -554.161161 -573.798877 -596.278936 -624.431840 -622.293210 -596.402500 -9999.0 -9999.0 -9999.0 -9999.0 -9999.0 -9999.0
-9999.0 -9999.0 -9999.0 -9999.0 -919.018037 -907.199310 -918.929160 -896.466713 -865.488150 -833.496939 -801.939372 -765.573721 -739.707520 -711.299416 -670.315403 -631.983821 -588.163920 -553.050553 -494.138676 -413.156060 -344.357295 -302.891269 -272.509438 -166.253467 -84.985248 -42.085560 -28.191945 -5.210789 42.408273 141.009696 171.751581 179.120942 194.808251 222.439110 262.461824 296.993547 277.483301 271.168622 273.411635 282.556722 309.489133 311.054110 312.653552 313.234477 315.465006 315.727321 291.708312 259.409961 247.200425 238.988408 204.526826 157.073120 76.481815 36.330844 9.563524 -27.676346 -82.483488 -111.609821 -198.743807 -291.743764 -386.702505 -422.478127 -461.772729 -490.732953 -522.909542 -521.969270 -518.279288 -537.006750 -566.178095 -597.026108 -610.994772 -628.774207 -637.990357 -607.594248 -589.385222 -557.767631 -9999.0 -9999.0 -9999.0 -9999.0
-9999.0 -9999.0 -975.997173 -926.079610 -871.285264 -863.408706 -861.307891 -857.384263 -831.969646 -783.159350 -705.431190 -653.104906 -607.801241 -578.266777 -515.861084 -418.111538 -317.311262 -235.623979 -139.205097 -69.076285 -19.181897 18.224234 77.517398 119.538209 156.777469 216.709716 237.042416 260.763414 287.865430 318.009145 342.407544 358.020882 364.190482 358.858322 360.032489 358.010445 356.031959 350.656508 333.312327 330.917169 338.431960 340.410656 344.283692 332.156470 328.392853 340.558658 341.983674 342.096366 344.397480 351.977023 361.407394 331.716104 278.322385 263.904996 244.287889 220.334385 161.332265 86.019402 53.489738 12.696478 -53.730741 -97.058726 -170.693098 -261.833587 -348.896496 -396.382722 -449.476112 -491.086613 -535.397717 -579.126298 -601.158510 -618.490117 -619.592012 -617.884784 -601.153266 -584.838802 -568.938993 -560.876148 -9999.0 -9999.0
-9999.0 -1072.899037 -1000.559507 -873.273189 -795.865478 -752.173350 -711.175880 -681.668118 -659.428718 -648.392031 -538.124753 -414.087764 -297.325488 -247.686700 -156.862405 -51.203586 71.607794 112.570181 135.150624 187.600455 237.810808 277.904234 305.696208 337.022270 362.287588 359.414911 358.384165 357.009722 350.283847 342.820205 332.762466 340.387113 338.587305 323.384162 311.000973 309.399102 304.595117 278.651103 251.024466 237.802876 241.688055 258.368599 251.333832 232.780629 229.230323 247.796536 261.236895 256.236519 246.091767 262.577893 294.763076 315.087597 331.057176 345.109265 364.794402 343.017512 310.712381 270.582044 240.441691 225.979316 144.150328 80.624857 26.420391 -33.479554 -88.408504 -176.492897 -284.198613 -369.330264 -444.502500 -484.784754 -515.606742 -567.312640 -589.813860 -586.963444 -595.417734 -597.146763 -589.857172 -583.128542 -9999.0 -9999.0
-9999.0 -1141.196667 -997.841151 -812.554447 -668.126561 -606.957505 -478.175901 -382.735887 -349.527813 -376.449829 -205.504314 63.302755 139.316758 145.778029 205.251982 276.910371 318.047158 342.819899 358.581177 352.181266 348.944584 351.630630 347.538441 340.743119 327.089910 319.442610 319.005833 316.103301 297.269264 279.222687 262.762311 260.680064 245.553745 211.924387 183.471534 169.869858 151.669780 97.696282 53.483759 23.568376 10.046607 27.652960 18.639764 2.033244 -1.342768 20.737004 53.940166 50.586117 59.368650 84.750750 128.729388 192.748050 215.297430 242.197460 276.205054 316.451840 335.259597 354.178198 359.372403 336.265074 294.996757 245.857579 216.849410 130.991997 59.901565 -15.699271 -66.576056 -112.512603 -207.798346 -290.837365 -364.326130 -435.825926 -498.341238 -525.924284 -564.391597 -585.107580 -9999.0 -9999.0 -9999.0 -9999.0
-9999.0 -1202.015625 -1009.786899 -743.178977 -490.513477 -325.827811 -89.401393 39.326556 158.943643 160.643360 237.134078 329.107420 344.817190 331.042522 309.553731 307.975537 319.236704 322.082554 318.248920 308.491797 297.688956 290.335496 278.874640 283.333451 271.716728 256.968311 245.152696 231.229951 165.763155 130.380657 100.919591 82.708151 46.242619 -32.318773 -62.983024 -87.022004 -155.992489 -176.522520 -199.370937 -249.353756 -280.200935 -300.898442 -275.706881 -279.063208 -279.697259 -264.586223 -228.141354 -198.347338 -137.044012 -91.212366 -56.794832 -11.471214 21.685988 67.473239 118.846989 198.968486 229.401284 256.259626 288.090399 336.413191 358.514719 350.472230 321.232131 271.761577 220.155926 131.442087 84.841629 24.620144 -34.417766 -77.763741 -113.597457 -187.715569 -307.041883 -432.174154 -475.414951 -9999.0 -9999.0 -9999.0 -9999.0 -9999.0
-9999.0 -1347.405307 -1079.761788 -781.585293 -437.595494 -82.248519 19.721735 233.001260 302.981865 231.295853 165.537700 216.490018 253.861713 255.812884 233.762141 226.360691 219.565721 219.319034 231.873930 204.079929 149.200305 131.331820 128.414876 115.823162 90.353741 69.804315 54.336373 32.638772 -16.444563 -54.576844 -113.747829 -153.598912 -265.282077 -365.839549 -423.470504 -477.467981 -533.361893 -535.805916 -520.771012 -538.518197 -560.898583 -579.880956 -554.715830 -540.174065 -529.796181 -539.270697 -530.430374 -495.643126 -444.455156 -395.609356 -330.571543 -243.778898 -168.120509 -94.752090 -65.604404 -20.550968 22.875203 73.049728 146.309104 243.249267 278.403594 311.973452 348.156540 364.807167 324.205404 280.616885 233.654084 181.859179 83.898099 25.715936 -2.935544 -36.372543 -82.199827 -9999.0 -9999.0 -9999.0 -9999.0 -9999.0 -9999.0 -9999.0
-9999.0 -1484.086499 -1247.101019 -992.726688 -691.164130 -451.440465 -223.476435 -82.668322 36.891412 -28.531634 -35.407924 -13.339314 12.544965 32.061896 10.926810 -18.345493 -38.359960 -34.411523 -33.334494 -52.246375 -75.796468 -86.692609 -88.031452 -98.387522 -137.984062 -164.621457 -183.277990 -220.607947 -283.513650 -362.358799 -460.425337 -530.032630 -592.524526 -628.993908 -659.072887 -691.806247 -730.903452 -720.031930 -704.822572 -709.727979 -722.633270 -727.729390 -698.397264 -680.643864 -670.924369 -684.916110 -667.285330 -641.047951 -600.163783 -559.964460 -513.462648 -459.436129 -403.189642 -364.395218 -339.017278 -290.040953 -214.198287 -121.162429 -44.658902 47.431207 123.183975 195.691845 245.950394 271.910893 297.976522 316.201404 314.030869 274.551752 182.053247 98.497110 65.966299 -9999.0 -9999.0 -9999.0 -9999.0 -9999.0 -9999.0 -9999.0 -9999.0 -9999.0
-9999.0 -9999.0 -1485.236012 -1289.558233 -1121.583575 -935.519635 -786.967650 -685.969537 -620.881816 -540.524969 -451.231266 -371.808678 -322.818543 -300.850436 -327.808367 -381.242464 -413.385373 -413.379495 -423.528758 -441.277326 -470.666344 -482.200567 -491.799825 -500.107144 -515.617425 -523.990651 -529.444073 -540.623752 -563.614342 -610.447369 -664.071299 -715.455840 -769.078672 -793.221995 -814.660080 -837.288647 -841.399033 -842.335420 -835.136249 -834.101601 -829.440922 -818.261010 -797.613286 -776.920085 -767.949557 -761.842103 -749.710180 -726.761024 -694.489715 -655.084918 -604.581684 -550.870801 -514.472205 -503.813641 -514.099388 -508.077597 -484.601075 -434.394316 -319.531007 -170.259263 -69.312252 -4.358273 69.257022 122.915511 157.551615 193.398130 240.705314 254.785579 154.436481 100.807119 -9999.0 -9999.0 -9999.0 -9999.0 -9999.0 -9999.0 -9999.0 -9999.0 -9999.0 -9999.0
-9999.0 -9999.0 -9999.0 -9999.0 -1432.340226 -1274.090882 -1181.918198 -1101.123497 -986.014158 -885.016994 -798.943552 -728.011026 -680.279837 -658.593261 -672.375555 -681.688339 -691.063289 -693.688271 -701.607439 -708.301668 -714.998733 -722.427139 -732.206344 -739.432374 -740.445249 -737.283401 -738.866950 -751.166342 -765.702300 -793.624908 -818.164133 -852.952939 -889.753121 -918.428004 -931.145153 -938.367267 -937.903001 -942.845060 -933.111343 -927.244166 -912.692768 -897.372255 -873.534884 -845.811781 -833.911942 -820.173285 -810.720577 -790.191378 -761.063856 -709.678695 -649.116940 -595.222958 -563.612379 -562.034096 -590.482478 -608.276552 -613.259149 -587.105536 -540.362238 -467.227646 -344.820760 -224.664583 -117.559627 -68.311482 -37.742492 10.743811 80.136230 147.291530 -9999.0 -9999.0 -9999.0 -9999.0 -9999.0 -9999.0 -9999.0 -9999.0 -9999.0 -9999.0 -9999.0 -9999.0
-9999.0 -9999.0 -9999.0 -9999.0 -9999.0 -9999.0 -1492.409837 -1399.584596 -1309.765158 -1195.033424 -1089.985442 -1003.677232 -933.776404 -912.086971 -898.136865 -877.739371 -883.066701 -899.025891 -914.207041 -898.644611 -890.588012 -894.810966 -920.644246 -922.290642 -919.266616 -909.677554 -910.431733 -916.153293 -940.303790 -933.368956 -935.431783 -957.972675 -983.623833 -997.987129 -1009.300946 -999.277612 -998.245631 -1010.278819 -1007.243463 -981.695376 -962.412433 -949.009439 -926.470190 -893.706020 -862.217674 -848.538333 -847.912925 -841.940270 -800.559426 -731.475940 -663.088595 -611.794177 -583.091537 -577.546908 -608.132614 -651.265257 -675.253359 -671.341697 -640.041083 -589.891437 -514.941691 -464.972000 -428.037628 -396.529560 -355.822778 -209.269115 -9999.0 -9999.0 -9999.0 -9999.0 -9999.0 -9999.0 -9999.0 -9999.0 -9999.0 -9999.0 -9999.0 -9999.0 -9999.0 -9999.0
-9999.0 -9999.0 -9999.0 -9999.0 -9999.0 -9999.0 -9999.0 -9999.0 -9999.0 -9999.0 -9999.0 -9999.0 -9999.0 -9999.0 -9999.0 -9999.0 -9999.0 -9999.0 -9999.0 -9999.0 -9999.0 -9999.0 -9999.0 -9999.0 -9999.0 -9999.0 -9999.0 -9999.0 -9999.0 -9999.0 -9999.0 -9999.0 -9999.0 -9999.0 -9999.0 -9999.0 -9999.0 -9999.0 -9999.0 -9999.0 -9999.0 -9999.0 -9999.0 -9999.0 -9999.0 -9999.0 -9999.0 -9999.0 -9999.0 -9999.0 -9999.0 -9999.0 -9999.0 -9999.0 -9999.0 -9999.0 -9999.0 -9999.0 -9999.0 -9999.0 -9999.0 -9999.0 -9999.0 -9999.0 -9999.0 -9999.0 -9999.0 -9999.0 -9999.0 -9999.0 -9999.0 -9999.0 -9999.0 -9999.0 -9999.0 -9999.0 -9999.0 -9999.0 -9999.0 -9999.0
-9999.0 -9999.0 -9999.0 -9999.0 -9999.0 -9999.0 -9999.0 -9999.0 -9999.0 -9999.0 -9999.0 -9999.0 -9999.0 -9999.0 -9999.0 -9999.0 -9999.0 -9999.0 -9999.0 -9999.0 -9999.0 -9999.0 -9999.0 -9999.0 -9999.0 -9999.0 -9999.0 -9999.0 -9999.0 -9999.0 -9999.0 -9999.0 -9999.0 -9999.0 -9999.0 -9999.0 -9999.0 -9999.0 -9999.0 -9999.0 -9999.0 -9999.0 -9999.0 -9999.0 -9999.0 -9999.0 -9999.0 -9999.0 -9999.0 -9999.0 -9999.0 -9999.0 -9999.0 -9999.0 -9999.0 -9999.0 -9999.0 -9999.0 -9999.0 -9999.0 -9999.0 -9999.0 -9999.0 -9999.0 -9999.0 -9999.0 -9999.0 -9999.0 -9999.0 -9999.0 -9999.0 -9999.0 -9999.0 -9999.0 -9999.0 -9999.0 -9999.0 -9999.0 -9999.0 -9999.0