Borden_/Borden1m_014/output_maps/psiliqL0022N0040.asc
ncols         80
nrows         18
xllcorner     620200.000000
yllcorner     5168000.000000
cellsize      1.000000
NODATA_value  -9999.0
-9999.0 -9999.0 -9999.0 -9999.0 -9999.0 -9999.0 -9999.0 -9999.0 -9999.0 -9999.0 -9999.0 -9999.0 -9999.0 -9999.0 -9999.0 -9999.0 -9999.0 -9999.0 -9999.0 -9999.0 -9999.0 -9999.0 -9999.0 -9999.0 -9999.0 -9999.0 -9999.0 -9999.0 -9999.0 -9999.0 -9999.0 -9999.0 -9999.0 -9999.0 -9999.0 -9999.0 -9999.0 -9999.0 -9999.0 -9999.0 -9999.0 -9999.0 -9999.0 -9999.0 -9999.0 -9999.0 -9999.0 -9999.0 -9999.0 -9999.0 -9999.0 -9999.0 -9999.0 -9999.0 -9999.0 -9999.0 -9999.0 -9999.0 -9999.0 -9999.0 -9999.0 -9999.0 -9999.0 -9999.0 -9999.0 -9999.0 -9999.0 -9999.0 -9999.0 -9999.0 -9999.0 -9999.0 -9999.0 -9999.0 -9999.0 -9999.0 -9999.0 -9999.0 -9999.0 -9999.0
-9999.0 -9999.0 -9999.0 -9999.0 -9999.0 -9999.0 -9999.0 -9999.0 -9999.0 -9999.0 -9999.0 -9999.0 -9999.0 -9999.0 -9999.0 -9999.0 -9999.0 -9999.0 -9999.0 -9999.0 -9999.0 -9999.0 -9999.0 -9999.0 -9999.0 -9999.0 -9999.0 -9999.0 -9999.0 -9999.0 -9999.0 -9999.0 -9999.0 -9999.0 -9999.0 -9999.0 -9999.0 -9999.0 -9999.0 -9999.0 -9999.0 -9999.0 -9999.0 -9999.0 -9999.0 -9999.0 -9999.0 -9999.0 -9999.0 -9999.0 -9999.0 -9999.0 -9999.0 -9999.0 -9999.0 -9999.0 -9999.0 -9999.0 -9999.0 -9999.0 -9999.0 -9999.0 -9999.0 -9999.0 -9999.0 -9999.0 -9999.0 -9999.0 -9999.0 -9999.0 -9999.0 -9999.0 -9999.0 -9999.0 -9999.0 -9999.0 -9999.0 -9999.0 -9999.0 -9999.0
-9999.0 -9999.0 -9999.0 -9999.0 -9999.0 -9999.0 -9999.0 -9999.0 -9999.0 -9999.0 -9999.0 -9999.0 -9999.0 -9999.0 -9999.0 -9999.0 -9999.0 -9999.0 -9999.0 -9999.0 2558.838388 2561.198522 2540.788029 2508.598339 2482.514420 2486.729757 2522.552728 2565.702829 2606.829691 2617.480453 2601.081571 2606.506466 2603.790826 2601.564185 2603.994157 2613.024085 2620.868854 2632.254616 2641.390411 2641.592062 2636.452556 2632.826186 2635.464786 2637.701026 2643.186381 2628.817986 2642.590102 2656.099286 2658.172989 2651.459376 2623.443131 2607.148441 2595.438817 2576.598651 2599.399405 2608.406081 2627.995573 2629.657048 2625.529582 2597.386539 2566.434092 -9999.0 -9999.0 -9999.0 -9999.0 -9999.0 -9999.0 -9999.0 -9999.0 -9999.0 -9999.0 -9999.0 -9999.0 -9999.0 -9999.0 -9999.0 -9999.0 -9999.0 -9999.0 -9999.0
-9999.0 -9999.0 -9999.0 -9999.0 -9999.0 -9999.0 -9999.0 -9999.0 -9999.0 -9999.0 -9999.0 -9999.0 -9999.0 -9999.0 2463.717454 2455.960533 2454.985550 2464.671119 2499.364850 2530.954992 2542.859453 2536.732880 2538.219194 2515.801338 2495.907798 2511.375019 2543.316278 2576.027720 2612.041828 2632.742202 2624.001116 2623.645715 2633.279519 2657.071307 2668.172542 2666.224112 2648.959518 2675.272166 2691.311630 2699.132836 2699.636398 2691.801084 2702.467774 2717.021788 2709.431665 2692.459644 2700.014600 2711.682515 2719.984194 2706.671912 2642.409808 2624.697793 2617.672423 2609.570794 2593.209767 2586.254934 2611.081588 2607.418927 2597.260131 2577.907133 2543.377393 2497.679117 2477.045688 2514.825237 2556.482279 2610.866325 -9999.0 -9999.0 -9999.0 -9999.0 -9999.0 -9999.0 -9999.0 -9999.0 -9999.0 -9999.0 -9999.0 -9999.0 -9999.0 -9999.0
-9999.0 -9999.0 -9999.0 -9999.0 -9999.0 -9999.0 -9999.0 -9999.0 -9999.0 2400.540110 2407.186714 2416.143317 2420.806651 2438.137751 2436.345102 2445.223635 2452.512911 2482.006027 2514.089811 2549.991360 2578.685459 2572.192934 2572.866738 2580.711493 2580.447077 2592.274740 2615.839261 2657.912175 2693.008849 2732.628287 2703.343448 2701.582472 2721.526737 2766.251244 2793.635319 2798.191573 2781.156551 2797.215546 2823.356670 2843.402147 2843.174110 2839.931635 2864.915175 2879.504139 2874.963129 2852.848043 2847.539151 2850.463718 2875.436217 2821.390846 2751.919646 2706.193393 2714.674399 2688.776764 2655.961297 2637.528061 2634.343516 2652.263260 2636.355805 2597.795176 2561.818051 2548.010338 2528.301678 2545.251368 2565.571490 2608.692540 2645.696444 2672.161917 2669.022566 2649.931100 -9999.0 -9999.0 -9999.0 -9999.0 -9999.0 -9999.0 -9999.0 -9999.0 -9999.0 -9999.0
-9999.0 -9999.0 -9999.0 -9999.0 -9999.0 -9999.0 2318.540969 2330.209827 2352.781483 2357.781332 2386.009910 2394.182671 2416.481402 2437.121633 2461.303232 2478.100119 2507.692537 2541.330439 2580.711136 2622.624958 2655.787251 2648.305935 2659.309223 2683.068052 2716.267035 2741.424348 2768.115180 2809.666639 2817.102441 2853.837256 2851.122277 2853.584547 2862.836481 2913.072936 2977.174164 2989.093785 2968.987381 2955.822600 2978.415729 3015.277758 3015.686460 3015.039927 2994.484014 3004.123048 3030.651773 3021.362055 3017.010750 3009.202091 3013.261609 2992.300790 2925.631897 2866.213792 2843.474281 2860.762237 2776.302528 2726.305555 2740.835099 2761.896002 2734.282332 2681.256493 2641.043632 2630.350625 2614.231695 2601.545376 2608.602128 2626.503869 2645.853688 2654.826599 2638.998538 2615.146557 2590.716994 2560.572784 2561.486708 2585.604958 -9999.0 -9999.0 -9999.0 -9999.0 -9999.0 -9999.0
-9999.0 -9999.0 -9999.0 -9999.0 2266.096861 2280.496746 2268.576317 2296.802355 2331.739446 2368.316998 2400.024258 2437.219827 2465.477056 2496.941426 2535.252287 2564.741688 2603.622845 2638.337531 2691.594509 2758.837708 2809.267488 2829.581876 2843.593465 2828.741388 2885.759659 2934.988797 2954.909479 2981.078409 2992.428366 3047.709467 3070.510203 3074.141246 3091.110628 3131.671455 3184.728900 3210.903908 3193.671622 3185.222972 3193.874160 3206.928604 3229.050421 3229.177049 3229.725920 3233.159887 3239.862093 3238.746143 3214.140453 3181.539602 3177.019633 3167.525353 3132.677300 3062.496743 3030.574326 3004.359912 2996.543815 2943.253478 2890.147793 2885.548412 2831.237359 2836.062654 2777.829217 2760.423086 2731.717511 2707.662001 2682.354009 2685.329103 2688.280636 2665.639580 2629.790299 2595.068209 2578.551521 2558.363475 2545.450883 2574.906536 2591.361588 2620.295886 -9999.0 -9999.0 -9999.0 -9999.0
-9999.0 -9999.0 2203.766211 2251.420821 2310.427672 2319.892220 2318.585261 2325.879481 2356.771743 2410.983186 2482.578927 2527.756459 2565.411702 2601.316095 2661.350932 2732.089848 2800.160706 2847.263903 2840.917127 2909.877619 2970.236445 2998.890137 3010.060335 3012.641703 3065.269833 3131.109402 3158.108969 3183.641566 3204.921448 3239.138331 3236.883276 3248.483795 3259.633524 3269.313844 3281.426508 3286.885084 3282.550857 3278.068847 3259.974597 3255.305364 3261.893216 3268.755320 3268.652838 3254.400459 3250.462636 3265.029066 3270.423595 3268.818471 3267.134997 3272.522799 3270.533905 3225.451713 3202.031188 3187.858949 3186.485185 3141.645583 3076.620494 3042.705615 3023.281867 3014.666442 2940.403400 2898.122089 2855.037190 2817.402239 2821.922400 2795.997255 2751.099074 2708.498857 2660.455391 2612.456354 2587.580661 2569.645076 2566.683915 2565.259571 2581.100604 2595.213960 2609.809256 2617.183045 -9999.0 -9999.0
-9999.0 2095.323380 2167.450432 2292.095912 2372.946280 2416.129796 2436.792703 2451.269295 2483.072452 2519.402961 2616.373046 2685.071096 2775.167204 2817.984487 2866.994179 2891.627222 2983.997679 2997.603876 3033.248691 3093.124293 3155.706338 3193.398521 3218.818346 3206.746555 3243.490234 3267.159264 3273.301280 3278.860038 3277.228286 3268.865977 3261.745367 3268.633723 3266.106185 3247.538989 3232.038574 3230.491289 3227.208508 3204.579656 3185.889764 3171.103432 3173.486326 3189.092476 3184.595947 3164.106352 3159.846000 3180.544647 3192.495872 3182.200513 3177.889180 3185.682061 3219.327016 3242.509692 3246.331503 3264.123457 3285.052227 3257.193298 3233.843317 3191.849160 3184.124576 3159.477933 3103.953939 3049.090111 3001.712186 2980.579078 2924.883099 2870.605601 2818.517399 2795.855052 2730.958528 2689.352039 2658.833384 2611.182279 2593.439794 2596.463614 2588.075632 2584.656333 2589.358834 2595.108629 -9999.0 -9999.0
-9999.0 2004.303318 2144.954714 2326.393589 2474.247008 2525.296100 2604.846106 2675.436741 2700.986311 2661.133927 2771.091383 2930.913381 3018.426291 3033.119509 3104.964760 3186.943523 3179.512016 3208.781722 3230.307884 3249.951636 3265.864043 3277.897713 3275.635908 3269.861670 3253.841744 3245.955984 3245.352595 3243.392927 3226.506454 3207.994882 3191.509425 3188.960258 3180.303834 3134.010894 3101.539735 3084.959868 3068.101391 3053.720857 3025.796435 3001.779263 3016.869099 2998.710181 2995.437485 3011.430345 3007.228480 2995.529387 3025.647443 3021.463637 3031.325063 3050.571347 3086.157032 3123.229127 3141.941313 3170.442903 3196.519896 3242.085281 3252.585232 3274.567699 3278.064975 3265.118067 3220.549261 3179.342811 3150.253608 3095.991402 3036.452483 3000.722813 2947.516302 2897.775052 2838.409346 2800.466240 2770.154987 2714.638998 2667.131373 2652.541703 2615.042556 2597.690288 -9999.0 -9999.0 -9999.0 -9999.0
-9999.0 1909.828046 2092.488250 2338.945622 2630.595809 2719.983648 2898.014044 2998.313759 3038.445163 3103.050208 3013.887259 3189.027988 3233.166112 3226.137508 3234.456786 3236.328327 3249.725198 3249.578903 3244.566191 3233.904820 3224.791548 3220.583908 3219.380164 3211.559989 3199.144756 3184.912506 3181.907209 3170.929498 3135.652779 3104.336869 3067.193966 3055.003251 3015.230069 2954.382936 2914.288704 2876.360960 2817.218931 2816.942333 2820.791135 2857.321110 2838.794204 2811.548241 2838.696390 2849.727426 2853.978377 2851.200994 2864.026297 2827.286816 2873.039635 2908.164503 2948.966088 2997.048682 2996.074726 3034.483682 3074.745349 3126.590952 3156.473322 3184.971143 3222.946348 3259.361437 3281.528860 3268.870751 3248.487934 3206.167043 3155.182167 3106.060928 3076.810848 3026.634317 2996.233221 2949.823346 2902.589565 2849.226912 2798.105197 2735.623593 2697.698952 -9999.0 -9999.0 -9999.0 -9999.0 -9999.0
-9999.0 1701.392888 1966.733310 2240.715193 2530.405158 2850.462824 2992.846976 3091.686952 3152.440527 3127.302592 3142.949052 3151.878009 3181.150348 3187.156380 3173.082725 3161.084761 3145.193210 3144.164382 3157.089157 3130.503026 3101.208638 3088.332570 3088.996569 3078.169000 3054.937037 3039.909231 3030.593398 3014.048665 3000.062431 2949.930785 2866.720287 2834.663652 2817.245263 2771.773995 2730.005932 2679.346515 2628.921656 2630.823229 2653.026764 2642.019306 2620.821744 2603.148261 2631.787856 2653.716086 2667.417498 2653.492850 2661.921466 2696.759239 2746.548416 2791.582012 2840.916198 2831.349195 2872.618328 2914.578852 2939.585980 2982.466045 2992.312616 3033.063416 3102.045062 3177.435331 3202.677485 3235.924523 3266.202945 3287.277336 3245.361593 3217.718988 3194.810099 3176.815919 3130.597985 3085.622009 3045.432688 2983.203844 2935.137362 -9999.0 -9999.0 -9999.0 -9999.0 -9999.0 -9999.0 -9999.0
-9999.0 1584.458128 1786.421516 1990.983793 2253.334030 2489.168951 2708.024586 2810.534341 2846.071256 2905.055341 2952.982959 2989.277343 2991.330909 3011.904199 2989.948307 2974.401561 2943.832333 2948.447270 2941.095422 2919.074330 2890.782984 2877.072645 2874.409920 2868.766599 2846.508146 2834.893424 2827.695653 2867.882208 2838.846836 2782.555324 2705.315721 2628.251282 2571.331714 2545.804110 2518.742841 2488.147558 2457.754564 2468.732117 2479.749199 2479.080427 2471.217613 2470.301365 2499.310628 2518.346375 2528.447384 2518.111880 2537.730332 2563.489214 2604.049151 2648.819091 2698.368222 2752.334396 2806.296176 2833.873022 2844.582966 2865.008132 2829.912195 2875.771115 2954.743672 3008.225862 3082.111033 3126.552102 3175.749337 3205.302930 3231.495273 3259.245960 3278.785470 3269.558285 3244.507137 3212.341337 3158.762174 -9999.0 -9999.0 -9999.0 -9999.0 -9999.0 -9999.0 -9999.0 -9999.0 -9999.0
-9999.0 -9999.0 1558.273805 1719.335005 1830.748501 1999.528226 2145.618264 2255.801587 2355.676499 2492.080727 2612.140855 2707.182265 2754.821796 2773.641052 2761.905038 2734.525193 2716.496971 2716.030789 2704.268330 2695.507620 2678.195580 2670.817311 2656.898816 2648.314055 2641.242667 2637.830256 2633.371428 2624.012072 2603.980008 2558.766770 2515.733455 2467.624945 2416.730086 2392.273272 2371.409027 2351.645819 2352.942760 2347.644569 2352.587128 2354.868794 2363.477498 2377.111356 2396.821138 2419.735204 2429.889994 2440.258749 2452.652581 2476.291184 2509.024762 2551.397351 2605.968555 2665.769708 2706.766790 2719.644074 2708.784300 2711.437028 2726.892854 2765.549469 2839.889981 2845.251751 2935.207614 3000.851933 3034.311407 3088.260182 3113.730981 3148.631670 3208.744246 3255.648094 3293.556205 3271.749401 -9999.0 -9999.0 -9999.0 -9999.0 -9999.0 -9999.0 -9999.0 -9999.0 -9999.0 -9999.0
-9999.0 -9999.0 -9999.0 -9999.0 1580.025804 1730.011174 1827.940224 1909.531032 2042.944712 2171.613199 2277.820450 2365.501890 2433.765945 2462.425390 2463.205285 2476.845498 2474.951412 2466.766295 2455.883568 2457.972271 2459.990487 2452.757276 2436.648431 2429.639867 2431.992537 2438.273668 2435.645151 2421.970619 2403.297142 2385.099862 2368.468568 2335.708577 2301.639769 2272.936036 2259.976020 2255.467417 2255.070639 2247.242526 2255.512519 2263.792100 2279.449866 2294.627538 2318.231831 2347.592615 2362.237478 2377.449300 2387.161112 2407.314175 2438.204430 2492.110235 2556.416359 2615.158749 2653.351106 2658.685144 2635.040084 2619.097521 2613.942281 2639.721969 2681.349271 2742.725330 2841.143608 2837.642823 2885.605147 2926.991695 2962.594750 2993.029065 3081.274281 3158.551178 -9999.0 -9999.0 -9999.0 -9999.0 -9999.0 -9999.0 -9999.0 -9999.0 -9999.0 -9999.0 -9999.0 -9999.0
-9999.0 -9999.0 -9999.0 -9999.0 -9999.0 -9999.0 1551.394206 1656.171217 1729.014090 1877.869628 2019.262883 2126.267198 2210.167122 2245.930967 2278.360796 2308.216801 2308.211305 2288.599427 2267.490360 2287.738598 2304.524973 2297.953460 2266.404263 2266.979396 2272.941230 2280.641839 2277.918272 2271.496419 2246.373681 2260.712032 2263.296384 2240.125564 2214.351217 2201.011206 2189.139142 2198.670584 2198.578481 2184.259520 2183.627531 2211.071176 2231.836086 2244.808279 2266.143950 2299.432954 2332.128971 2348.063445 2349.717496 2355.667382 2394.420949 2464.912356 2537.907114 2594.878877 2628.939815 2638.087951 2612.874568 2573.246350 2553.300496 2559.882748 2592.945126 2642.096565 2714.980716 2759.739577 2778.288645 2783.231324 2794.477820 2822.342540 -9999.0 -9999.0 -9999.0 -9999.0 -9999.0 -9999.0 -9999.0 -9999.0 -9999.0 -9999.0 -9999.0 -9999.0 -9999.0 -9999.0
-9999.0 -9999.0 -9999.0 -9999.0 -9999.0 -9999.0 -9999.0 -9999.0 -9999.0 -9999.0 -9999.0 -9999.0 -9999.0 -9999.0 -9999.0 -9999.0 -9999.0 -9999.0 -9999.0 -9999.0 -9999.0 -9999.0 -9999.0 -9999.0 -9999.0 -9999.0 -9999.0 -9999.0 -9999.0 -9999.0 -9999.0 -9999.0 -9999.0 -9999.0 -9999.0 -9999.0 -9999.0 -9999.0 -9999.0 -9999.0 -9999.0 -9999.0 -9999.0 -9999.0 -9999.0 -9999.0 -9999.0 -9999.0 -9999.0 -9999.0 -9999.0 -9999.0 -9999.0 -9999.0 -9999.0 -9999.0 -9999.0 -9999.0 -9999.0 -9999.0 -9999.0 -9999.0 -9999.0 -9999.0 -9999.0 -9999.0 -9999.0 -9999.0 -9999.0 -9999.0 -9999.0 -9999.0 -9999.0 -9999.0 -9999.0 -9999.0 -9999.0 -9999.0 -9999.0 -9999.0
-9999.0 -9999.0 -9999.0 -9999.0 -9999.0 -9999.0 -9999.0 -9999.0 -9999.0 -9999.0 -9999.0 -9999.0 -9999.0 -9999.0 -9999.0 -9999.0 -9999.0 -9999.0 -9999.0 -9999.0 -9999.0 -9999.0 -9999.0 -9999.0 -9999.0 -9999.0 -9999.0 -9999.0 -9999.0 -9999.0 -9999.0 -9999.0 -9999.0 -9999.0 -9999.0 -9999.0 -9999.0 -9999.0 -9999.0 -9999.0 -9999.0 -9999.0 -9999.0 -9999.0 -9999.0 -9999.0 -9999.0 -9999.0 -9999.0 -9999.0 -9999.0 -9999.0 -9999.0 -9999.0 -9999.0 -9999.0 -9999.0 -9999.0 -9999.0 -9999.0 -9999.0 -9999.0 -9999.0 -9999.0 -9999.0 -9999.0 -9999.0 -9999.0 -9999.0 -9999.0 -9999.0 -9999.0 -9999.0 -9999.0 -9999.0 -9999.0 -9999.0 -9999.0 -9999.0 -9999.0