Borden_/Borden1m_014/output_maps/psiliqL0005N0004.asc
ncols         80
nrows         18
xllcorner     620200.000000
yllcorner     5168000.000000
cellsize      1.000000
NODATA_value  -9999.0
-9999.0 -9999.0 -9999.0 -9999.0 -9999.0 -9999.0 -9999.0 -9999.0 -9999.0 -9999.0 -9999.0 -9999.0 -9999.0 -9999.0 -9999.0 -9999.0 -9999.0 -9999.0 -9999.0 -9999.0 -9999.0 -9999.0 -9999.0 -9999.0 -9999.0 -9999.0 -9999.0 -9999.0 -9999.0 -9999.0 -9999.0 -9999.0 -9999.0 -9999.0 -9999.0 -9999.0 -9999.0 -9999.0 -9999.0 -9999.0 -9999.0 -9999.0 -9999.0 -9999.0 -9999.0 -9999.0 -9999.0 -9999.0 -9999.0 -9999.0 -9999.0 -9999.0 -9999.0 -9999.0 -9999.0 -9999.0 -9999.0 -9999.0 -9999.0 -9999.0 -9999.0 -9999.0 -9999.0 -9999.0 -9999.0 -9999.0 -9999.0 -9999.0 -9999.0 -9999.0 -9999.0 -9999.0 -9999.0 -9999.0 -9999.0 -9999.0 -9999.0 -9999.0 -9999.0 -9999.0
-9999.0 -9999.0 -9999.0 -9999.0 -9999.0 -9999.0 -9999.0 -9999.0 -9999.0 -9999.0 -9999.0 -9999.0 -9999.0 -9999.0 -9999.0 -9999.0 -9999.0 -9999.0 -9999.0 -9999.0 -9999.0 -9999.0 -9999.0 -9999.0 -9999.0 -9999.0 -9999.0 -9999.0 -9999.0 -9999.0 -9999.0 -9999.0 -9999.0 -9999.0 -9999.0 -9999.0 -9999.0 -9999.0 -9999.0 -9999.0 -9999.0 -9999.0 -9999.0 -9999.0 -9999.0 -9999.0 -9999.0 -9999.0 -9999.0 -9999.0 -9999.0 -9999.0 -9999.0 -9999.0 -9999.0 -9999.0 -9999.0 -9999.0 -9999.0 -9999.0 -9999.0 -9999.0 -9999.0 -9999.0 -9999.0 -9999.0 -9999.0 -9999.0 -9999.0 -9999.0 -9999.0 -9999.0 -9999.0 -9999.0 -9999.0 -9999.0 -9999.0 -9999.0 -9999.0 -9999.0
-9999.0 -9999.0 -9999.0 -9999.0 -9999.0 -9999.0 -9999.0 -9999.0 -9999.0 -9999.0 -9999.0 -9999.0 -9999.0 -9999.0 -9999.0 -9999.0 -9999.0 -9999.0 -9999.0 -9999.0 -773.990163 -770.869276 -793.908748 -827.998433 -856.592362 -855.252266 -820.993695 -781.029388 -744.534961 -734.368351 -752.528910 -751.879453 -757.495969 -757.566820 -754.662150 -749.307046 -747.376786 -736.035945 -727.788462 -728.046844 -734.163980 -740.036786 -741.998709 -738.418249 -733.654654 -741.429918 -728.287404 -713.090165 -706.238615 -710.894614 -737.348407 -752.629777 -759.888846 -773.288341 -748.610297 -735.391375 -712.040929 -707.177941 -707.657025 -734.001189 -763.508007 -9999.0 -9999.0 -9999.0 -9999.0 -9999.0 -9999.0 -9999.0 -9999.0 -9999.0 -9999.0 -9999.0 -9999.0 -9999.0 -9999.0 -9999.0 -9999.0 -9999.0 -9999.0 -9999.0
-9999.0 -9999.0 -9999.0 -9999.0 -9999.0 -9999.0 -9999.0 -9999.0 -9999.0 -9999.0 -9999.0 -9999.0 -9999.0 -9999.0 -862.290581 -872.936147 -876.467572 -868.430784 -835.367448 -806.256911 -793.821381 -801.817765 -802.384288 -826.177702 -846.453744 -833.065460 -805.015554 -774.992231 -742.373958 -722.723901 -736.050856 -739.317719 -729.165839 -701.859070 -687.490205 -690.521523 -711.953193 -690.274709 -674.559580 -665.214696 -666.423157 -675.031734 -660.464907 -644.571883 -651.098359 -668.165755 -665.329349 -654.019253 -638.969111 -653.243339 -716.161923 -736.583512 -738.316548 -743.815519 -755.741993 -761.635198 -736.768913 -734.808644 -742.204036 -759.170734 -790.247936 -833.374976 -850.345700 -811.903846 -767.086972 -708.756008 -9999.0 -9999.0 -9999.0 -9999.0 -9999.0 -9999.0 -9999.0 -9999.0 -9999.0 -9999.0 -9999.0 -9999.0 -9999.0 -9999.0
-9999.0 -9999.0 -9999.0 -9999.0 -9999.0 -9999.0 -9999.0 -9999.0 -9999.0 -917.422569 -914.533019 -907.969279 -906.889154 -891.862866 -893.773093 -887.501943 -879.836449 -855.044059 -825.048821 -791.081742 -763.127767 -774.022607 -774.471382 -762.461130 -755.234014 -743.157025 -724.095297 -685.719239 -645.519357 -606.041571 -634.186774 -636.670686 -618.662685 -570.586603 -533.280984 -524.021529 -541.988123 -540.442313 -516.816506 -493.356236 -494.774214 -496.825673 -475.198734 -463.508297 -455.838798 -472.249721 -490.099011 -492.424978 -467.831083 -514.326808 -573.483712 -625.834015 -624.185719 -653.697166 -693.814471 -715.753201 -718.043502 -694.882416 -708.945120 -744.930010 -780.179560 -788.142703 -803.529271 -787.108127 -763.816660 -716.215497 -677.486457 -648.276907 -646.998214 -663.606567 -9999.0 -9999.0 -9999.0 -9999.0 -9999.0 -9999.0 -9999.0 -9999.0 -9999.0 -9999.0
-9999.0 -9999.0 -9999.0 -9999.0 -9999.0 -9999.0 -994.882883 -986.796689 -967.874903 -962.412318 -939.233762 -932.187447 -912.432411 -893.823624 -874.658350 -858.385860 -828.298275 -797.304375 -757.210312 -714.610982 -683.878333 -688.757096 -680.022215 -647.120864 -604.789500 -573.441542 -552.266409 -518.448114 -449.602887 -409.755907 -395.257978 -389.795611 -379.653548 -325.877341 -230.934502 -192.068559 -236.010255 -265.188459 -237.024685 -154.196741 -119.453568 -112.402819 -1.384823 110.594004 125.486574 114.190614 -92.829421 -190.969542 -211.187650 -228.237020 -308.488524 -383.130101 -423.589289 -465.162648 -536.345102 -591.925589 -593.626050 -577.848609 -606.245342 -656.300150 -696.918632 -706.094456 -719.164513 -732.475938 -726.496490 -706.236749 -681.666329 -669.228791 -680.284457 -699.550870 -721.815073 -749.760114 -747.593834 -721.729405 -9999.0 -9999.0 -9999.0 -9999.0 -9999.0 -9999.0
-9999.0 -9999.0 -9999.0 -9999.0 -1043.915131 -1032.121120 -1043.723954 -1021.365870 -990.401992 -958.449962 -926.766664 -890.315646 -864.474438 -836.237565 -795.608018 -758.077518 -716.366689 -684.267197 -632.371810 -566.990235 -518.479971 -494.513658 -483.352756 -428.639580 -365.331138 -301.601275 -275.951074 -236.247983 -119.819940 117.058516 134.414806 135.933344 139.988868 147.645941 160.052226 169.958580 162.981136 160.797493 162.982193 167.573148 176.270320 176.922904 183.380735 190.813383 192.497633 191.726701 176.409943 162.268770 158.308988 156.438786 150.272462 131.100031 113.142269 -62.582320 -180.549216 -273.472253 -367.069581 -392.220356 -442.241684 -489.261023 -549.859791 -572.798269 -601.765992 -624.867677 -653.339255 -651.180280 -646.742678 -664.398789 -692.591418 -722.883163 -736.616493 -754.197792 -763.234112 -732.910306 -714.696089 -683.093885 -9999.0 -9999.0 -9999.0 -9999.0
-9999.0 -9999.0 -1100.867531 -1050.776288 -996.037555 -988.070651 -985.657928 -981.667020 -956.267130 -907.524425 -829.826494 -778.524184 -735.083059 -707.786858 -651.436360 -571.159027 -503.723384 -462.891224 -411.526493 -342.143952 -264.704984 -203.818922 -145.011089 92.277196 131.422658 148.446581 153.981343 161.189107 173.415644 191.356145 199.240154 211.540013 215.884434 210.340931 208.746853 206.025106 204.766898 202.249622 194.877664 193.708971 199.401706 201.127024 205.338246 194.804199 192.918849 197.963588 200.284978 202.170122 205.041183 213.233711 221.658591 198.480291 182.693333 171.385230 165.157587 151.229035 135.087700 123.877064 98.230394 -182.620480 -314.384454 -378.282995 -427.635619 -470.861573 -516.695269 -544.400011 -585.936159 -622.206270 -663.527174 -705.696998 -727.124559 -744.141549 -745.087326 -743.222918 -726.491235 -710.134958 -694.227885 -686.155679 -9999.0 -9999.0
-9999.0 -1197.393497 -1124.959766 -997.465223 -920.048186 -876.194744 -834.631118 -805.414114 -784.123865 -774.203847 -670.696542 -568.807273 -488.803132 -466.563033 -419.664129 -320.287161 -173.243233 87.547258 124.255489 138.661177 153.497813 166.187737 175.309059 195.088986 217.636723 213.047633 210.247370 208.560225 201.446008 199.099841 195.727329 198.709730 198.123036 192.601765 189.142517 189.710470 189.779125 184.377178 176.007288 160.511121 158.264816 167.676512 162.059961 154.200531 153.433099 163.684133 181.402055 181.548166 178.180240 182.160312 189.692151 192.741348 197.878876 204.379440 222.692240 201.177654 192.294522 183.378971 178.262593 159.178979 140.656945 105.467551 -177.886992 -292.288970 -367.322571 -429.856193 -479.479752 -527.243740 -583.526450 -617.099352 -644.501661 -693.913673 -715.728859 -712.604201 -720.886434 -722.480843 -715.098548 -708.343852 -9999.0 -9999.0
-9999.0 -1264.763879 -1121.231062 -935.661723 -791.630092 -732.574359 -617.277575 -539.795627 -518.166376 -539.761984 -448.084517 -147.316687 113.869686 124.727303 143.015301 163.863193 176.732994 201.494368 216.897872 210.145508 203.719856 205.496105 201.004526 197.296220 193.980540 192.665622 192.997162 192.300908 188.677644 185.678233 182.663347 182.940925 176.717232 151.032183 140.570087 137.159512 135.497915 130.133498 102.435123 -140.443710 -185.867450 -97.266941 -155.605698 -214.033035 -223.402513 -146.093320 111.451412 121.486760 123.370288 128.042852 137.236569 146.323115 153.128955 173.237353 183.472910 192.904725 198.154796 212.642818 217.481265 198.819167 188.797612 175.601167 157.494456 137.717935 84.589363 -263.628942 -334.088915 -387.190701 -440.939810 -478.985349 -521.580746 -574.085684 -628.112763 -652.670123 -690.038212 -710.567951 -9999.0 -9999.0 -9999.0 -9999.0
-9999.0 -1324.264080 -1131.558480 -864.146616 -618.473950 -500.344664 -311.994886 80.172588 125.241996 143.829627 150.493821 189.022209 207.616844 197.163060 189.117024 186.463748 189.166026 190.559144 189.635629 188.283284 187.598160 187.801634 188.191311 187.461212 186.068606 183.121042 178.584027 165.386461 150.327879 141.838100 133.669301 129.745935 93.009387 -284.259614 -341.081814 -372.139158 -420.591597 -426.979039 -439.513227 -466.574710 -482.017191 -493.140564 -478.242789 -480.912147 -481.887136 -474.159706 -454.794805 -442.202940 -408.504843 -376.534883 -329.875615 -267.886353 -209.674805 88.877026 131.523602 147.703930 157.704514 177.196645 189.242130 198.759371 215.871587 209.586202 194.981501 187.019816 169.964832 142.183135 130.165631 72.852757 -232.653219 -311.020778 -368.893308 -425.171185 -484.481548 -564.610105 -602.730639 -9999.0 -9999.0 -9999.0 -9999.0 -9999.0
-9999.0 -1467.143198 -1199.344297 -900.495458 -570.728755 -258.569558 18.700398 144.395063 170.034793 147.153211 142.710897 148.917141 165.190935 173.802910 159.097836 153.255830 148.671726 148.334592 153.765906 146.887130 140.144447 137.941277 139.246745 136.954998 131.565755 126.864675 112.914595 -103.067805 -244.724429 -312.165270 -395.424329 -412.326602 -475.095458 -535.249103 -576.353808 -619.138694 -667.019374 -668.371381 -653.649711 -669.799910 -690.726375 -708.830276 -684.975333 -671.292667 -661.581310 -670.789045 -663.152806 -631.698451 -587.920119 -551.261316 -508.859333 -463.279877 -427.114500 -382.464539 -344.897602 -278.784346 -189.310149 94.159382 140.704175 169.513960 183.536396 191.914080 205.535869 223.896707 198.109959 186.461450 179.115925 168.483492 139.713179 125.498202 80.813714 -249.481247 -338.771556 -9999.0 -9999.0 -9999.0 -9999.0 -9999.0 -9999.0 -9999.0
-9999.0 -1604.608605 -1366.215817 -1109.644545 -807.158715 -586.551062 -447.546303 -347.926615 -265.251357 -275.497308 -258.670090 -214.257339 -115.678883 56.467266 -148.636616 -246.531611 -290.409351 -286.479004 -286.132969 -319.704136 -354.772547 -371.502388 -371.549105 -379.151801 -405.972099 -421.372852 -430.955414 -450.537243 -482.144449 -529.033903 -603.670152 -663.609921 -720.707099 -755.070227 -783.976530 -815.991188 -854.936708 -844.196145 -829.024485 -834.019056 -847.019305 -852.247232 -823.140399 -805.642687 -796.041482 -810.009770 -792.648341 -766.818405 -726.908942 -688.472464 -645.219457 -597.027391 -550.949524 -525.687768 -513.214783 -488.025891 -452.915903 -403.680349 -308.849453 -55.733247 127.074666 148.492155 175.665194 186.124045 190.068180 204.130833 208.463992 183.712103 162.330539 166.801849 164.144470 -9999.0 -9999.0 -9999.0 -9999.0 -9999.0 -9999.0 -9999.0 -9999.0 -9999.0
-9999.0 -9999.0 -1604.641685 -1407.474148 -1237.065373 -1051.015673 -907.382392 -811.162222 -750.203011 -676.428785 -599.327865 -536.138083 -502.717059 -489.207484 -507.166305 -545.986503 -571.216942 -570.450255 -578.086308 -591.687152 -615.165067 -623.387302 -630.875103 -637.290506 -650.310579 -657.319429 -661.752280 -671.336870 -692.189371 -736.492539 -788.675539 -839.392342 -892.869969 -917.035582 -938.569598 -961.385983 -965.788026 -966.616359 -959.384247 -958.423926 -953.938271 -942.870844 -922.203108 -901.606302 -892.673507 -886.709582 -874.566464 -851.659404 -819.512880 -780.543746 -730.929347 -678.797805 -644.289426 -635.064423 -645.980197 -641.752786 -622.354799 -583.162249 -506.123671 -430.717506 -342.642191 -252.545073 91.155924 136.436231 143.128863 155.108636 178.527009 172.203819 110.396419 153.955845 -9999.0 -9999.0 -9999.0 -9999.0 -9999.0 -9999.0 -9999.0 -9999.0 -9999.0 -9999.0
-9999.0 -9999.0 -9999.0 -9999.0 -1550.178942 -1391.472571 -1299.368471 -1218.407745 -1103.855147 -1003.877466 -918.964807 -849.591907 -803.600048 -782.676834 -796.473862 -805.879879 -815.023185 -817.323080 -824.909073 -831.707429 -838.490884 -845.801255 -855.226263 -862.416595 -863.560349 -860.579715 -862.165469 -874.400179 -888.784849 -917.112057 -942.045583 -977.005834 -1014.007531 -1042.782213 -1055.586815 -1062.997033 -1062.566953 -1067.445322 -1057.695363 -1051.944108 -1037.451420 -1022.130528 -998.285450 -970.632825 -958.821559 -945.113720 -935.626717 -915.035820 -885.922035 -834.692761 -774.571575 -721.432069 -690.602780 -689.319666 -717.520626 -735.166888 -740.240110 -715.341211 -672.275238 -609.554631 -519.514700 -457.684906 -399.776237 -343.922435 -294.002609 -160.425419 136.999036 164.653549 -9999.0 -9999.0 -9999.0 -9999.0 -9999.0 -9999.0 -9999.0 -9999.0 -9999.0 -9999.0 -9999.0 -9999.0
-9999.0 -9999.0 -9999.0 -9999.0 -9999.0 -9999.0 -1611.273391 -1518.806762 -1428.121765 -1314.541089 -1210.735890 -1125.064322 -1055.575401 -1034.337679 -1021.035146 -1000.973143 -1006.491817 -1022.308723 -1037.274337 -1021.935877 -1014.264702 -1018.432375 -1044.059189 -1045.838738 -1042.986035 -1033.390427 -1034.142688 -1039.925762 -1064.134440 -1057.609965 -1059.974544 -1082.600795 -1108.349466 -1122.853605 -1134.223575 -1124.255538 -1123.236425 -1135.219576 -1132.069086 -1106.622507 -1087.408587 -1073.988714 -1051.397327 -1018.646637 -987.191556 -973.570471 -972.937742 -966.902911 -925.369641 -856.348802 -788.328798 -737.590723 -709.393500 -704.063429 -734.401337 -777.106427 -800.887562 -797.043882 -766.413920 -718.166061 -648.704299 -606.671189 -580.187101 -560.890786 -536.438037 -451.085539 -9999.0 -9999.0 -9999.0 -9999.0 -9999.0 -9999.0 -9999.0 -9999.0 -9999.0 -9999.0 -9999.0 -9999.0 -9999.0 -9999.0
-9999.0 -9999.0 -9999.0 -9999.0 -9999.0 -9999.0 -9999.0 -9999.0 -9999.0 -9999.0 -9999.0 -9999.0 -9999.0 -9999.0 -9999.0 -9999.0 -9999.0 -9999.0 -9999.0 -9999.0 -9999.0 -9999.0 -9999.0 -9999.0 -9999.0 -9999.0 -9999.0 -9999.0 -9999.0 -9999.0 -9999.0 -9999.0 -9999.0 -9999.0 -9999.0 -9999.0 -9999.0 -9999.0 -9999.0 -9999.0 -9999.0 -9999.0 -9999.0 -9999.0 -9999.0 -9999.0 -9999.0 -9999.0 -9999.0 -9999.0 -9999.0 -9999.0 -9999.0 -9999.0 -9999.0 -9999.0 -9999.0 -9999.0 -9999.0 -9999.0 -9999.0 -9999.0 -9999.0 -9999.0 -9999.0 -9999.0 -9999.0 -9999.0 -9999.0 -9999.0 -9999.0 -9999.0 -9999.0 -9999.0 -9999.0 -9999.0 -9999.0 -9999.0 -9999.0 -9999.0
-9999.0 -9999.0 -9999.0 -9999.0 -9999.0 -9999.0 -9999.0 -9999.0 -9999.0 -9999.0 -9999.0 -9999.0 -9999.0 -9999.0 -9999.0 -9999.0 -9999.0 -9999.0 -9999.0 -9999.0 -9999.0 -9999.0 -9999.0 -9999.0 -9999.0 -9999.0 -9999.0 -9999.0 -9999.0 -9999.0 -9999.0 -9999.0 -9999.0 -9999.0 -9999.0 -9999.0 -9999.0 -9999.0 -9999.0 -9999.0 -9999.0 -9999.0 -9999.0 -9999.0 -9999.0 -9999.0 -9999.0 -9999.0 -9999.0 -9999.0 -9999.0 -9999.0 -9999.0 -9999.0 -9999.0 -9999.0 -9999.0 -9999.0 -9999.0 -9999.0 -9999.0 -9999.0 -9999.0 -9999.0 -9999.0 -9999.0 -9999.0 -9999.0 -9999.0 -9999.0 -9999.0 -9999.0 -9999.0 -9999.0 -9999.0 -9999.0 -9999.0 -9999.0 -9999.0 -9999.0