Borden_/Borden1m_014/output_maps/psiliqL0012N0039.asc
ncols         80
nrows         18
xllcorner     620200.000000
yllcorner     5168000.000000
cellsize      1.000000
NODATA_value  -9999.0
-9999.0 -9999.0 -9999.0 -9999.0 -9999.0 -9999.0 -9999.0 -9999.0 -9999.0 -9999.0 -9999.0 -9999.0 -9999.0 -9999.0 -9999.0 -9999.0 -9999.0 -9999.0 -9999.0 -9999.0 -9999.0 -9999.0 -9999.0 -9999.0 -9999.0 -9999.0 -9999.0 -9999.0 -9999.0 -9999.0 -9999.0 -9999.0 -9999.0 -9999.0 -9999.0 -9999.0 -9999.0 -9999.0 -9999.0 -9999.0 -9999.0 -9999.0 -9999.0 -9999.0 -9999.0 -9999.0 -9999.0 -9999.0 -9999.0 -9999.0 -9999.0 -9999.0 -9999.0 -9999.0 -9999.0 -9999.0 -9999.0 -9999.0 -9999.0 -9999.0 -9999.0 -9999.0 -9999.0 -9999.0 -9999.0 -9999.0 -9999.0 -9999.0 -9999.0 -9999.0 -9999.0 -9999.0 -9999.0 -9999.0 -9999.0 -9999.0 -9999.0 -9999.0 -9999.0 -9999.0
-9999.0 -9999.0 -9999.0 -9999.0 -9999.0 -9999.0 -9999.0 -9999.0 -9999.0 -9999.0 -9999.0 -9999.0 -9999.0 -9999.0 -9999.0 -9999.0 -9999.0 -9999.0 -9999.0 -9999.0 -9999.0 -9999.0 -9999.0 -9999.0 -9999.0 -9999.0 -9999.0 -9999.0 -9999.0 -9999.0 -9999.0 -9999.0 -9999.0 -9999.0 -9999.0 -9999.0 -9999.0 -9999.0 -9999.0 -9999.0 -9999.0 -9999.0 -9999.0 -9999.0 -9999.0 -9999.0 -9999.0 -9999.0 -9999.0 -9999.0 -9999.0 -9999.0 -9999.0 -9999.0 -9999.0 -9999.0 -9999.0 -9999.0 -9999.0 -9999.0 -9999.0 -9999.0 -9999.0 -9999.0 -9999.0 -9999.0 -9999.0 -9999.0 -9999.0 -9999.0 -9999.0 -9999.0 -9999.0 -9999.0 -9999.0 -9999.0 -9999.0 -9999.0 -9999.0 -9999.0
-9999.0 -9999.0 -9999.0 -9999.0 -9999.0 -9999.0 -9999.0 -9999.0 -9999.0 -9999.0 -9999.0 -9999.0 -9999.0 -9999.0 -9999.0 -9999.0 -9999.0 -9999.0 -9999.0 -9999.0 543.813085 546.833589 525.091295 492.037754 464.818556 467.934575 503.775622 546.244002 585.882018 597.310282 580.499749 583.680587 580.024487 580.274663 583.966282 591.389398 595.892688 608.131832 617.731912 618.629998 613.664900 609.255841 609.708620 613.149298 618.086199 607.062268 619.739036 633.764769 637.930746 630.849162 601.517435 583.835466 573.301151 556.443211 579.322179 589.960416 611.549944 614.623524 612.016348 584.058660 553.363330 -9999.0 -9999.0 -9999.0 -9999.0 -9999.0 -9999.0 -9999.0 -9999.0 -9999.0 -9999.0 -9999.0 -9999.0 -9999.0 -9999.0 -9999.0 -9999.0 -9999.0 -9999.0 -9999.0
-9999.0 -9999.0 -9999.0 -9999.0 -9999.0 -9999.0 -9999.0 -9999.0 -9999.0 -9999.0 -9999.0 -9999.0 -9999.0 -9999.0 451.173473 441.942856 439.889309 449.232461 483.752505 514.607059 527.188738 520.397304 521.313040 498.794881 479.512847 494.844143 525.970060 559.304005 595.671383 617.762545 607.346193 606.233709 617.625172 645.267531 660.268055 658.740709 639.437522 663.768566 681.457892 692.303562 693.512311 686.419069 700.865940 717.110949 709.871250 691.405743 694.296576 704.497587 715.582233 698.697408 631.489304 608.714570 602.307279 593.346264 577.433608 569.178480 592.808304 591.857551 582.288076 563.090621 529.553438 484.809475 465.715615 503.395979 546.595476 603.493100 -9999.0 -9999.0 -9999.0 -9999.0 -9999.0 -9999.0 -9999.0 -9999.0 -9999.0 -9999.0 -9999.0 -9999.0 -9999.0 -9999.0
-9999.0 -9999.0 -9999.0 -9999.0 -9999.0 -9999.0 -9999.0 -9999.0 -9999.0 391.525338 396.261452 404.247848 407.253070 423.746575 422.302471 430.298686 438.762947 466.610813 498.916378 535.285714 565.315914 557.345240 559.300602 571.787066 578.263376 592.646193 616.500153 660.043336 704.034801 748.203281 721.687284 721.158686 742.336909 792.781348 829.949371 839.322473 821.821865 830.446585 858.623097 885.179973 888.583936 888.809050 914.485414 928.314286 930.268562 909.117180 891.656937 888.241093 910.346484 855.634612 785.362600 729.644289 729.002963 695.158644 652.722570 628.766125 623.578201 642.591326 625.398025 586.019287 547.784364 535.743408 517.234618 532.720868 553.867112 599.334111 637.091697 664.643613 663.464369 645.286861 -9999.0 -9999.0 -9999.0 -9999.0 -9999.0 -9999.0 -9999.0 -9999.0 -9999.0 -9999.0
-9999.0 -9999.0 -9999.0 -9999.0 -9999.0 -9999.0 311.637381 321.398419 342.159510 347.882016 373.750872 382.247100 403.978923 424.538839 447.126001 465.459072 497.691873 532.418991 575.740401 621.863162 656.949480 654.953529 668.137250 702.867520 746.378314 779.781076 808.308620 852.492379 932.829709 978.989908 990.586982 997.021752 1007.517029 1055.670239 1119.336678 1135.681331 1116.699078 1103.727560 1125.641416 1164.905799 1177.825754 1181.869558 1191.879869 1200.886067 1225.787124 1215.095248 1170.442810 1151.098483 1144.290446 1127.095713 1066.713386 1001.770493 962.573189 910.373298 824.503604 763.819308 764.432183 778.648852 745.248861 687.593397 642.266450 628.442687 610.865494 594.895186 598.642235 615.937447 636.845854 646.441044 632.165115 610.032053 586.063566 556.516625 557.741247 582.692130 -9999.0 -9999.0 -9999.0 -9999.0 -9999.0 -9999.0
-9999.0 -9999.0 -9999.0 -9999.0 261.048063 274.230372 262.921482 288.230799 321.599929 356.546597 390.108230 428.929860 458.107423 490.272419 533.712045 572.876856 619.447325 658.539245 717.238373 790.504779 847.363948 877.081077 896.882098 958.150245 1020.441360 1073.846029 1096.283600 1125.833883 1171.140362 1235.606873 1264.706973 1272.189805 1289.338319 1322.177469 1366.142832 1398.331560 1382.746171 1377.274491 1384.482800 1397.468376 1423.805102 1426.752200 1429.112081 1430.977910 1434.293394 1432.646056 1407.210148 1372.463931 1356.612798 1345.665901 1318.153605 1250.493849 1205.011565 1172.815089 1140.242513 1088.239086 1020.066368 999.209192 940.326132 880.422700 811.210572 783.011453 747.518117 717.667382 683.930464 681.323959 680.851981 657.557740 623.494893 589.551271 573.244882 553.618785 542.354674 571.868422 589.163604 619.558912 -9999.0 -9999.0 -9999.0 -9999.0
-9999.0 -9999.0 201.398065 250.977882 308.119102 317.761407 320.152761 327.194913 356.742942 410.266078 489.687336 544.634804 591.861911 628.253915 692.487426 779.827070 860.379225 913.177855 974.129679 1044.085516 1107.572839 1144.856074 1167.587887 1207.930237 1259.981798 1318.061151 1344.419786 1370.626429 1401.818268 1435.549999 1451.994909 1466.802742 1474.131998 1474.613524 1477.848722 1478.176452 1473.936144 1469.259152 1452.435425 1450.223347 1458.530187 1463.854330 1466.323136 1453.416161 1449.324695 1461.927543 1464.149154 1462.456052 1461.393666 1467.898851 1473.113568 1436.579023 1393.257729 1376.915870 1367.056336 1323.434314 1258.759970 1212.431634 1188.308618 1145.141858 1065.588662 1010.373460 956.965428 904.116568 846.581713 808.952271 756.305893 709.199002 659.078137 610.648182 585.456031 566.144164 562.996636 562.580466 578.218090 593.317297 608.405081 616.055992 -9999.0 -9999.0
-9999.0 99.765490 172.561841 299.940978 380.600243 427.077692 464.636241 493.128656 523.307264 548.359359 659.672186 762.195238 858.355346 897.070848 951.369386 1051.430440 1148.795086 1194.459976 1230.591776 1283.082506 1339.997263 1386.528411 1416.274551 1435.322724 1467.000178 1475.541331 1477.410190 1479.796335 1475.192981 1467.986710 1459.047237 1465.505562 1462.054225 1443.413890 1427.081811 1422.903013 1415.735026 1391.704086 1364.593759 1350.959000 1354.593125 1377.014510 1365.977561 1345.796893 1342.050153 1362.478734 1380.266333 1371.536506 1359.541326 1376.976421 1412.312845 1434.456467 1446.964317 1462.659408 1483.059499 1458.417995 1427.706904 1386.009355 1366.232467 1335.995017 1274.875345 1211.226514 1155.507231 1092.629446 1023.757445 952.070247 884.845311 818.673411 747.459024 703.428508 669.981336 617.608350 594.569329 595.172076 585.359981 581.968910 587.746180 593.902794 -9999.0 -9999.0
-9999.0 23.012226 166.239462 352.223579 501.957961 565.679139 678.075706 764.955368 798.593222 776.812254 889.639760 1111.559815 1206.891212 1223.460745 1292.100516 1375.378063 1403.211897 1434.102852 1454.375477 1459.330428 1463.461905 1471.762127 1470.756630 1465.296341 1451.463906 1443.916194 1442.663518 1439.099324 1420.205886 1400.086467 1381.922216 1377.320910 1359.056972 1316.462426 1282.132345 1263.167749 1245.392424 1223.840208 1190.495188 1164.613638 1151.420247 1168.788438 1160.706611 1143.452584 1139.640388 1162.004056 1194.238884 1189.285839 1195.781762 1218.217367 1259.896205 1302.069035 1325.894332 1355.994954 1393.122987 1436.895116 1453.992923 1474.895844 1479.486626 1458.210876 1413.776460 1361.123403 1325.039113 1258.788439 1182.946089 1101.424967 1034.281939 969.636477 898.543287 849.751459 800.468901 741.409405 684.189410 657.323319 616.391073 595.087909 -9999.0 -9999.0 -9999.0 -9999.0
-9999.0 -50.463223 139.556660 402.267010 674.432657 797.607418 1000.655586 1132.485303 1196.704763 1260.321243 1263.247414 1394.217102 1427.480944 1422.223314 1415.506858 1418.597823 1433.757633 1437.570476 1433.680180 1423.042454 1413.084021 1408.720375 1408.071177 1400.846865 1388.573784 1373.511704 1360.002648 1345.518871 1304.327082 1269.353378 1234.167074 1218.613591 1180.965258 1090.041172 1045.425143 1009.614780 953.771405 945.535594 936.657282 908.017326 888.841092 870.802238 890.793186 893.189023 894.913108 900.452391 919.223834 941.333591 984.737868 1021.656405 1067.474045 1121.332782 1156.600169 1200.793641 1249.384285 1308.257821 1341.572251 1372.481965 1419.115625 1458.503818 1480.784468 1469.538408 1439.283901 1391.971361 1318.677575 1245.672576 1190.707075 1113.297528 1045.798853 993.096527 949.923957 901.533769 836.805302 749.390099 705.042032 -9999.0 -9999.0 -9999.0 -9999.0 -9999.0
-9999.0 -219.721794 48.618938 341.657529 666.152706 990.626793 1113.358340 1252.480862 1325.977605 1283.472525 1281.504504 1306.621907 1347.928519 1356.600564 1337.625485 1329.762574 1320.086900 1319.986795 1331.673317 1303.345471 1271.677094 1257.522994 1256.805515 1244.963828 1222.116593 1204.691302 1191.366478 1170.044082 1120.142259 1068.537224 988.388338 959.671407 884.585141 821.833062 773.225467 721.761175 669.022163 666.177391 681.741186 665.629701 642.994702 624.340141 650.427900 667.251506 679.105698 669.003134 678.823571 715.458843 766.571265 813.003866 866.522658 924.195106 972.316535 1022.329878 1057.434409 1111.159640 1159.432167 1206.775181 1281.311725 1360.839865 1396.826004 1430.674646 1463.134532 1475.563145 1421.486463 1365.379358 1306.581295 1234.683874 1143.428325 1097.167645 1076.364498 1044.483237 992.982877 -9999.0 -9999.0 -9999.0 -9999.0 -9999.0 -9999.0 -9999.0
-9999.0 -349.751455 -124.658168 114.126683 407.506978 647.938148 837.093613 950.719819 1032.604447 1051.407386 1077.225765 1110.946410 1143.275307 1166.514690 1144.918901 1107.163394 1079.298869 1082.676812 1078.950060 1053.115590 1022.087118 1006.389197 1004.127583 996.778264 971.749234 956.118934 944.150639 920.077745 883.047317 824.716166 740.918001 668.300312 605.107223 569.418425 537.571405 503.285285 465.268593 474.924193 488.041548 483.664861 472.033330 468.270440 497.644654 516.457105 526.701012 514.659550 533.902396 561.465735 604.362316 648.542785 699.440605 757.002206 813.556652 846.696782 864.901165 895.648046 938.801240 995.698966 1083.605210 1178.972946 1254.856596 1304.370508 1353.662952 1383.828193 1393.048803 1401.497931 1369.462338 1274.609609 1137.597889 1138.311355 1143.103112 -9999.0 -9999.0 -9999.0 -9999.0 -9999.0 -9999.0 -9999.0 -9999.0 -9999.0
-9999.0 -9999.0 -360.407984 -176.097305 -26.645687 157.946625 310.521695 421.020267 504.844074 606.760213 705.386935 787.318243 832.162603 850.305769 834.289189 796.557899 771.745936 770.942722 760.392296 746.838860 723.599175 714.212684 703.494854 695.029658 682.876086 675.681269 669.311689 656.689576 632.548442 583.677419 530.995507 477.771082 422.771419 396.400421 373.588245 350.814538 347.808932 344.738903 350.831095 352.035982 357.986360 370.068167 390.550175 412.240812 421.906878 429.919470 442.690182 466.765799 500.501601 542.991473 597.315312 655.492140 696.265154 710.537084 703.082696 711.100722 735.507027 783.355399 872.086877 961.123729 1055.917974 1126.654640 1196.304545 1244.637177 1256.657535 1267.410777 1275.118576 1189.117267 820.784708 1055.604257 -9999.0 -9999.0 -9999.0 -9999.0 -9999.0 -9999.0 -9999.0 -9999.0 -9999.0 -9999.0
-9999.0 -9999.0 -9999.0 -9999.0 -319.137473 -161.813546 -65.547784 18.677249 144.212934 258.631050 355.032933 435.373828 493.213398 518.568606 510.463745 509.197881 502.015165 496.809271 487.282420 483.215064 479.011971 470.905799 457.965502 450.125330 449.682213 453.278983 450.425375 436.399930 418.825987 392.817610 369.533809 333.952468 296.782475 267.116948 253.615613 246.912166 246.717734 240.479256 249.568914 256.282602 271.256585 286.603636 310.535820 339.170562 352.316677 366.844005 376.736854 397.684614 428.194117 481.624431 544.922108 602.364609 637.780017 642.360104 617.529555 602.740500 600.795909 631.192599 681.144990 754.515248 861.503711 938.084234 998.914776 1044.076167 1073.775597 1113.528304 1152.703286 1170.615139 -9999.0 -9999.0 -9999.0 -9999.0 -9999.0 -9999.0 -9999.0 -9999.0 -9999.0 -9999.0 -9999.0 -9999.0
-9999.0 -9999.0 -9999.0 -9999.0 -9999.0 -9999.0 -369.066972 -270.406290 -184.936967 -55.191111 65.919759 162.257250 239.419235 267.561328 288.790062 312.720269 309.111943 291.444557 273.693475 290.747086 301.711403 296.136240 267.482685 266.211278 269.990577 278.565032 276.637484 270.034030 244.737487 253.696345 252.612866 229.048704 202.622443 188.131204 176.221746 185.850475 186.305962 173.285243 174.918801 201.239752 221.159727 234.508396 256.765971 289.947015 322.086831 336.795821 338.039429 344.403678 385.530370 455.987441 527.054991 581.621211 613.420741 621.296133 593.501591 553.203150 532.698939 540.573619 576.997013 632.794890 712.732908 765.757393 797.389116 816.857836 840.171832 929.579751 -9999.0 -9999.0 -9999.0 -9999.0 -9999.0 -9999.0 -9999.0 -9999.0 -9999.0 -9999.0 -9999.0 -9999.0 -9999.0 -9999.0
-9999.0 -9999.0 -9999.0 -9999.0 -9999.0 -9999.0 -9999.0 -9999.0 -9999.0 -9999.0 -9999.0 -9999.0 -9999.0 -9999.0 -9999.0 -9999.0 -9999.0 -9999.0 -9999.0 -9999.0 -9999.0 -9999.0 -9999.0 -9999.0 -9999.0 -9999.0 -9999.0 -9999.0 -9999.0 -9999.0 -9999.0 -9999.0 -9999.0 -9999.0 -9999.0 -9999.0 -9999.0 -9999.0 -9999.0 -9999.0 -9999.0 -9999.0 -9999.0 -9999.0 -9999.0 -9999.0 -9999.0 -9999.0 -9999.0 -9999.0 -9999.0 -9999.0 -9999.0 -9999.0 -9999.0 -9999.0 -9999.0 -9999.0 -9999.0 -9999.0 -9999.0 -9999.0 -9999.0 -9999.0 -9999.0 -9999.0 -9999.0 -9999.0 -9999.0 -9999.0 -9999.0 -9999.0 -9999.0 -9999.0 -9999.0 -9999.0 -9999.0 -9999.0 -9999.0 -9999.0
-9999.0 -9999.0 -9999.0 -9999.0 -9999.0 -9999.0 -9999.0 -9999.0 -9999.0 -9999.0 -9999.0 -9999.0 -9999.0 -9999.0 -9999.0 -9999.0 -9999.0 -9999.0 -9999.0 -9999.0 -9999.0 -9999.0 -9999.0 -9999.0 -9999.0 -9999.0 -9999.0 -9999.0 -9999.0 -9999.0 -9999.0 -9999.0 -9999.0 -9999.0 -9999.0 -9999.0 -9999.0 -9999.0 -9999.0 -9999.0 -9999.0 -9999.0 -9999.0 -9999.0 -9999.0 -9999.0 -9999.0 -9999.0 -9999.0 -9999.0 -9999.0 -9999.0 -9999.0 -9999.0 -9999.0 -9999.0 -9999.0 -9999.0 -9999.0 -9999.0 -9999.0 -9999.0 -9999.0 -9999.0 -9999.0 -9999.0 -9999.0 -9999.0 -9999.0 -9999.0 -9999.0 -9999.0 -9999.0 -9999.0 -9999.0 -9999.0 -9999.0 -9999.0 -9999.0 -9999.0