Borden_/Borden1m_014/output_maps/psiliqL0021N0038.asc
ncols         80
nrows         18
xllcorner     620200.000000
yllcorner     5168000.000000
cellsize      1.000000
NODATA_value  -9999.0
-9999.0 -9999.0 -9999.0 -9999.0 -9999.0 -9999.0 -9999.0 -9999.0 -9999.0 -9999.0 -9999.0 -9999.0 -9999.0 -9999.0 -9999.0 -9999.0 -9999.0 -9999.0 -9999.0 -9999.0 -9999.0 -9999.0 -9999.0 -9999.0 -9999.0 -9999.0 -9999.0 -9999.0 -9999.0 -9999.0 -9999.0 -9999.0 -9999.0 -9999.0 -9999.0 -9999.0 -9999.0 -9999.0 -9999.0 -9999.0 -9999.0 -9999.0 -9999.0 -9999.0 -9999.0 -9999.0 -9999.0 -9999.0 -9999.0 -9999.0 -9999.0 -9999.0 -9999.0 -9999.0 -9999.0 -9999.0 -9999.0 -9999.0 -9999.0 -9999.0 -9999.0 -9999.0 -9999.0 -9999.0 -9999.0 -9999.0 -9999.0 -9999.0 -9999.0 -9999.0 -9999.0 -9999.0 -9999.0 -9999.0 -9999.0 -9999.0 -9999.0 -9999.0 -9999.0 -9999.0
-9999.0 -9999.0 -9999.0 -9999.0 -9999.0 -9999.0 -9999.0 -9999.0 -9999.0 -9999.0 -9999.0 -9999.0 -9999.0 -9999.0 -9999.0 -9999.0 -9999.0 -9999.0 -9999.0 -9999.0 -9999.0 -9999.0 -9999.0 -9999.0 -9999.0 -9999.0 -9999.0 -9999.0 -9999.0 -9999.0 -9999.0 -9999.0 -9999.0 -9999.0 -9999.0 -9999.0 -9999.0 -9999.0 -9999.0 -9999.0 -9999.0 -9999.0 -9999.0 -9999.0 -9999.0 -9999.0 -9999.0 -9999.0 -9999.0 -9999.0 -9999.0 -9999.0 -9999.0 -9999.0 -9999.0 -9999.0 -9999.0 -9999.0 -9999.0 -9999.0 -9999.0 -9999.0 -9999.0 -9999.0 -9999.0 -9999.0 -9999.0 -9999.0 -9999.0 -9999.0 -9999.0 -9999.0 -9999.0 -9999.0 -9999.0 -9999.0 -9999.0 -9999.0 -9999.0 -9999.0
-9999.0 -9999.0 -9999.0 -9999.0 -9999.0 -9999.0 -9999.0 -9999.0 -9999.0 -9999.0 -9999.0 -9999.0 -9999.0 -9999.0 -9999.0 -9999.0 -9999.0 -9999.0 -9999.0 -9999.0 2357.994335 2360.451145 2339.960225 2307.746045 2281.610756 2285.767575 2321.633493 2364.762488 2405.771386 2416.538750 2400.151448 2405.384927 2402.592451 2400.716233 2403.259718 2412.116158 2419.528467 2431.132276 2440.343957 2440.654721 2435.590633 2431.943820 2434.390113 2436.752288 2442.179078 2428.131980 2441.712641 2455.227873 2457.439828 2450.665788 2422.462098 2405.949585 2394.306128 2375.604379 2398.334939 2407.366312 2427.253727 2428.984994 2424.952362 2396.717039 2365.750125 -9999.0 -9999.0 -9999.0 -9999.0 -9999.0 -9999.0 -9999.0 -9999.0 -9999.0 -9999.0 -9999.0 -9999.0 -9999.0 -9999.0 -9999.0 -9999.0 -9999.0 -9999.0 -9999.0
-9999.0 -9999.0 -9999.0 -9999.0 -9999.0 -9999.0 -9999.0 -9999.0 -9999.0 -9999.0 -9999.0 -9999.0 -9999.0 -9999.0 2263.004783 2255.138671 2254.109946 2263.815518 2298.535897 2330.083889 2342.072552 2335.913176 2337.414538 2315.046817 2295.268251 2310.764100 2342.671349 2375.659902 2411.725792 2432.576561 2423.721781 2423.320873 2433.135771 2457.014591 2468.393342 2466.455441 2449.188222 2475.145001 2491.305205 2499.391627 2499.964188 2492.228078 2503.240806 2517.931762 2510.382068 2493.300935 2500.416455 2511.893603 2520.417835 2506.827379 2442.662356 2424.437227 2417.456920 2409.239388 2392.876691 2385.549439 2410.083881 2406.792105 2396.645755 2377.206817 2342.734423 2297.134804 2276.612339 2314.306537 2356.002164 2410.692554 -9999.0 -9999.0 -9999.0 -9999.0 -9999.0 -9999.0 -9999.0 -9999.0 -9999.0 -9999.0 -9999.0 -9999.0 -9999.0 -9999.0
-9999.0 -9999.0 -9999.0 -9999.0 -9999.0 -9999.0 -9999.0 -9999.0 -9999.0 2199.999186 2206.523820 2215.444882 2220.002645 2237.305264 2235.578620 2244.419815 2251.885165 2281.269718 2313.434965 2349.431186 2378.486691 2371.719610 2372.816289 2381.173358 2381.591674 2393.673872 2417.306278 2459.106266 2495.379590 2535.328162 2506.335952 2504.693116 2524.643973 2569.657923 2597.703529 2602.567628 2585.551046 2600.846083 2627.017475 2647.497237 2647.449994 2644.496247 2669.149872 2683.610513 2679.719635 2657.809309 2651.804862 2654.172703 2678.910201 2625.078198 2555.965307 2509.533814 2517.231321 2490.226683 2456.616859 2438.026702 2434.487413 2452.302873 2436.257146 2397.833433 2361.345850 2347.659033 2328.013358 2344.734933 2364.992810 2408.379084 2445.365269 2471.838738 2468.826098 2449.793192 -9999.0 -9999.0 -9999.0 -9999.0 -9999.0 -9999.0 -9999.0 -9999.0 -9999.0 -9999.0
-9999.0 -9999.0 -9999.0 -9999.0 -9999.0 -9999.0 2118.155539 2129.666825 2152.099736 2157.206078 2185.241241 2193.609085 2215.896547 2236.601047 2260.698452 2277.700104 2307.593238 2341.388100 2381.423558 2423.807138 2456.773841 2450.133008 2461.005986 2486.253044 2520.344071 2546.161378 2572.840687 2614.424733 2690.988144 2732.502593 2733.717800 2738.287717 2748.744174 2799.487434 2863.926615 2875.714045 2856.391245 2844.546862 2868.920103 2908.242116 2912.009265 2913.960884 2832.836133 2841.782190 2868.134425 2859.381109 2911.728378 2900.358768 2901.797716 2878.940271 2810.253398 2747.224286 2718.495932 2665.501514 2581.583442 2530.917341 2544.171928 2564.571545 2536.489906 2482.694451 2442.439826 2431.359858 2415.053399 2401.964772 2408.510790 2426.191795 2445.589060 2454.524390 2438.775204 2415.043295 2390.634722 2360.465129 2361.358787 2385.520483 -9999.0 -9999.0 -9999.0 -9999.0 -9999.0 -9999.0
-9999.0 -9999.0 -9999.0 -9999.0 2065.854552 2080.179261 2068.373905 2096.373325 2131.225933 2167.730080 2199.817966 2237.133580 2265.539042 2297.163374 2336.270187 2366.706498 2406.243244 2441.363514 2495.090608 2562.662423 2613.392201 2634.369108 2648.807195 2705.989430 2767.190400 2819.447825 2842.275479 2871.751177 2830.270266 2886.010170 2909.945858 2914.512015 2932.037880 2972.308020 3024.676793 3022.129734 3004.644967 2996.384807 3004.691104 3017.469424 3039.655050 3039.859551 3039.703001 3042.962310 3049.400828 3048.442524 3024.910717 2992.880163 3017.056655 3007.335851 2972.605874 2901.887452 2868.087563 2840.591135 2883.687642 2827.535495 2769.778348 2760.212698 2700.987995 2640.882404 2581.812281 2563.553468 2534.322352 2509.788778 2483.269949 2485.677900 2488.254159 2465.492907 2429.761714 2395.112435 2378.458766 2358.246889 2345.427640 2374.806144 2391.328861 2420.366573 -9999.0 -9999.0 -9999.0 -9999.0
-9999.0 -9999.0 2003.713013 2051.596000 2110.485279 2120.075731 2119.249527 2126.640404 2157.523642 2211.815412 2284.038844 2330.325650 2368.891654 2404.936732 2464.797580 2537.217859 2605.883033 2653.047854 2718.065760 2791.702694 2855.664436 2887.533108 2903.149764 2852.361543 2905.344185 2971.404739 2999.057169 3025.005107 3015.742572 3049.051073 3048.497893 3060.398412 3071.231019 3080.087638 3091.425519 3096.003888 3091.787840 3087.316661 3069.767824 3065.231669 3071.848422 3077.979858 3078.557812 3064.444346 3060.532631 3074.991245 3079.742700 3078.290241 3077.792232 3082.855265 3081.513391 3037.261054 3012.099626 2998.472744 3026.926580 2981.752040 2916.084173 2880.370911 2860.950258 2898.854991 2819.553683 2771.228138 2721.997036 2677.165356 2625.054399 2597.929712 2552.390616 2509.183593 2460.962050 2412.885768 2388.014801 2369.790105 2366.680936 2365.290155 2380.976108 2395.174016 2409.770011 2417.145366 -9999.0 -9999.0
-9999.0 1895.919135 1968.159806 2093.134003 2174.106381 2217.614933 2240.012158 2256.025333 2287.720216 2322.796527 2421.210180 2492.583431 2582.488718 2624.693437 2674.209078 2773.103344 2871.512230 2834.592246 2871.843580 2932.315653 2995.183560 3004.713340 3029.776738 3019.830463 3056.034396 3078.247555 3083.982218 3089.232225 3086.771535 3078.452294 3071.121356 3077.998997 3075.925256 3057.420468 3041.958344 3040.333379 3036.954619 3014.839956 3025.714859 3010.949398 3013.718272 2999.866089 3024.080646 3004.515108 3000.425332 3020.420253 3002.828119 2992.778779 3018.827754 2996.532152 3029.592728 3052.418232 3057.056052 3074.687895 3095.523203 3067.935258 3043.948689 3002.765352 3025.054089 3000.041804 2943.371539 2887.213205 2838.194155 2856.368863 2790.759994 2726.294266 2662.721046 2598.655727 2532.949348 2491.165280 2460.378693 2412.268910 2394.009973 2396.672135 2388.109890 2384.532780 2389.308231 2395.068578 -9999.0 -9999.0
-9999.0 1806.345267 1947.312302 2129.300391 2277.325518 2329.537742 2412.440583 2483.787897 2509.810092 2472.034637 2581.489403 2805.506605 2851.517403 2867.418451 2940.080883 2997.620961 2992.980104 3021.550808 3042.939821 3061.194786 3076.018211 3087.195711 3084.911910 3079.082648 3063.277962 3055.480080 3055.399440 3053.433529 3036.589629 3018.056389 3001.471582 2999.291210 3020.172985 2974.381434 2941.036607 2923.582100 2906.171956 2890.582253 2862.268374 2837.675935 2905.265465 2834.176274 2831.073969 2899.439782 2895.625173 2831.759444 2861.095960 2858.146454 2869.088674 2888.912790 2925.846195 2964.045284 2983.375469 3012.516871 3007.586456 3052.212005 3063.289976 3085.228529 3088.860284 3075.194208 3031.474545 3021.217302 2990.665775 2934.576990 2872.541784 2865.662042 2799.147537 2734.692978 2663.267152 2618.208066 2573.035710 2517.361741 2469.012580 2453.299627 2415.445558 2397.651965 -9999.0 -9999.0 -9999.0 -9999.0
-9999.0 1713.991566 1897.451648 2145.668054 2434.964303 2527.298562 2735.711213 2820.952015 2864.749173 2931.214453 2852.409009 3002.392911 3043.792838 3036.652126 3043.747429 3045.215839 3058.607246 3058.769455 3053.906799 3043.422131 3034.476003 3030.383902 3029.157008 3021.368842 3009.002045 2995.273446 3022.361651 3010.854933 2975.264883 2942.838594 2904.882288 2891.341900 2851.456204 2838.916224 2795.378792 2754.881525 2693.402129 2690.292179 2690.571857 2662.149769 2643.878940 2617.126487 2643.530736 2654.102038 2658.115674 2655.760707 2669.201199 2699.244458 2748.159500 2786.358969 2831.152960 2884.657399 2833.834872 2873.232526 2914.696847 2967.948893 2998.431375 3027.814633 3033.974466 3069.967585 3091.643196 3079.791143 3058.768676 3017.120857 2993.473963 2940.904896 2906.169653 2850.129894 2810.996141 2759.299378 2712.967401 2663.450112 2601.531397 2537.022733 2498.634999 -9999.0 -9999.0 -9999.0 -9999.0 -9999.0
-9999.0 1509.500414 1775.195535 2051.130175 2344.219370 2684.458148 2812.619590 2916.725822 2981.135863 2956.522599 2972.326863 2983.668201 2990.206846 2996.255906 3008.557217 2998.250108 2983.302631 2982.620210 2995.622888 2969.100554 2939.731567 2926.609106 2926.850646 2915.604823 2892.068343 2876.464693 2866.983028 2849.337592 2881.692554 2828.092868 2741.859057 2705.828003 2623.984288 2577.452382 2535.379972 2484.894496 2434.770280 2436.087595 2457.251632 2445.529859 2424.182205 2406.373757 2434.733921 2455.813288 2469.336597 2455.800980 2464.354121 2499.791386 2549.549835 2594.444739 2644.021505 2700.358451 2746.212700 2792.867457 2822.811720 2870.826500 2831.192891 2873.305198 2943.563285 3019.346052 3013.722709 3046.418225 3077.103662 3097.342740 3055.636643 3026.780924 3002.944717 2995.138608 2942.552091 2896.327269 2857.894132 2798.465869 2752.294536 -9999.0 -9999.0 -9999.0 -9999.0 -9999.0 -9999.0 -9999.0
-9999.0 1391.276233 1595.597029 1803.685918 2069.115043 2305.087127 2519.816621 2622.957333 2704.956616 2766.434275 2816.936958 2857.307424 2821.901036 2842.924248 2822.858720 2854.646493 2824.504356 2829.124122 2821.886204 2798.859644 2769.466709 2754.661494 2751.026350 2744.370339 2720.833378 2707.456963 2697.066181 2673.004713 2643.600216 2587.431750 2509.929179 2433.900002 2375.988518 2349.557705 2322.085764 2291.125460 2259.707466 2270.489644 2281.867303 2280.541870 2272.258848 2271.032816 2300.068615 2319.335028 2329.486978 2319.008323 2338.606517 2364.551160 2405.386151 2449.697944 2499.242876 2553.842795 2607.785885 2635.698124 2647.016550 2668.456807 2705.834912 2758.439816 2843.172110 2848.107715 2922.568577 2968.659732 3017.688812 3016.147392 3041.040622 3068.601077 3085.319917 3072.911214 3044.758408 3013.807600 2965.697697 -9999.0 -9999.0 -9999.0 -9999.0 -9999.0 -9999.0 -9999.0 -9999.0 -9999.0
-9999.0 -9999.0 1366.744518 1530.198801 1645.553689 1816.026745 1962.809037 2073.063730 2171.515387 2304.350085 2422.233837 2515.229414 2562.032277 2580.748530 2568.825299 2541.130682 2522.727751 2522.408013 2510.955283 2501.919644 2484.177211 2476.658718 2463.381293 2454.773265 2447.193495 2443.376889 2438.654040 2428.510201 2408.081917 2362.559441 2318.600301 2269.771798 2218.589564 2193.882294 2172.778189 2152.667705 2153.473044 2148.337794 2153.345872 2155.468565 2163.779616 2177.234194 2197.003491 2219.716108 2229.828582 2239.983581 2252.440128 2276.147940 2309.016014 2351.626977 2406.269621 2465.621135 2506.540369 2519.557919 2509.095494 2512.324517 2529.060291 2568.441687 2643.941624 2724.813579 2821.105134 2891.964990 2874.571239 2927.302467 2950.910680 2980.823486 3015.682669 3057.772922 3087.190046 3067.583333 -9999.0 -9999.0 -9999.0 -9999.0 -9999.0 -9999.0 -9999.0 -9999.0 -9999.0 -9999.0
-9999.0 -9999.0 -9999.0 -9999.0 1390.748144 1541.537936 1639.422318 1721.379293 1854.132397 1981.457051 2086.592032 2173.608885 2240.807117 2269.031665 2269.025449 2281.341747 2279.049051 2271.256079 2260.599633 2262.152851 2263.602644 2256.286760 2240.382092 2233.242286 2235.270920 2241.222460 2238.499132 2224.710750 2206.081302 2187.040854 2169.681266 2136.557826 2102.033481 2073.168368 2060.099283 2055.322219 2054.899609 2047.188758 2055.500674 2063.591255 2079.154919 2094.331735 2117.964159 2147.314691 2161.825447 2176.986642 2186.743725 2207.024875 2237.844430 2291.735072 2355.983797 2414.841543 2452.650850 2457.999858 2434.400428 2418.806916 2414.119567 2440.556082 2482.682363 2545.337984 2644.338999 2716.021127 2767.068978 2806.550292 2835.792904 2826.163120 2904.582885 2972.517262 -9999.0 -9999.0 -9999.0 -9999.0 -9999.0 -9999.0 -9999.0 -9999.0 -9999.0 -9999.0 -9999.0 -9999.0
-9999.0 -9999.0 -9999.0 -9999.0 -9999.0 -9999.0 1360.190076 1464.437172 1538.637858 1685.625166 1825.030779 1930.949316 2014.179220 2049.281044 2080.628500 2109.948730 2109.646999 2090.293167 2069.577458 2089.538734 2105.758202 2099.279030 2067.936803 2068.284979 2073.975351 2081.694833 2078.976391 2072.459049 2047.243236 2060.957406 2063.095387 2039.818050 2013.913211 2000.418415 1988.474662 1997.962934 1997.883998 1983.661652 1983.221087 2010.528478 2031.186095 2044.180426 2065.598828 2098.879960 2131.524673 2147.349421 2148.984876 2155.011673 2194.087792 2264.577088 2337.406274 2394.241495 2428.174292 2437.301644 2411.778420 2372.335722 2352.521291 2359.421737 2393.074027 2443.095852 2516.414804 2562.038847 2581.720162 2587.942174 2599.942920 2689.795861 -9999.0 -9999.0 -9999.0 -9999.0 -9999.0 -9999.0 -9999.0 -9999.0 -9999.0 -9999.0 -9999.0 -9999.0 -9999.0 -9999.0
-9999.0 -9999.0 -9999.0 -9999.0 -9999.0 -9999.0 -9999.0 -9999.0 -9999.0 -9999.0 -9999.0 -9999.0 -9999.0 -9999.0 -9999.0 -9999.0 -9999.0 -9999.0 -9999.0 -9999.0 -9999.0 -9999.0 -9999.0 -9999.0 -9999.0 -9999.0 -9999.0 -9999.0 -9999.0 -9999.0 -9999.0 -9999.0 -9999.0 -9999.0 -9999.0 -9999.0 -9999.0 -9999.0 -9999.0 -9999.0 -9999.0 -9999.0 -9999.0 -9999.0 -9999.0 -9999.0 -9999.0 -9999.0 -9999.0 -9999.0 -9999.0 -9999.0 -9999.0 -9999.0 -9999.0 -9999.0 -9999.0 -9999.0 -9999.0 -9999.0 -9999.0 -9999.0 -9999.0 -9999.0 -9999.0 -9999.0 -9999.0 -9999.0 -9999.0 -9999.0 -9999.0 -9999.0 -9999.0 -9999.0 -9999.0 -9999.0 -9999.0 -9999.0 -9999.0 -9999.0
-9999.0 -9999.0 -9999.0 -9999.0 -9999.0 -9999.0 -9999.0 -9999.0 -9999.0 -9999.0 -9999.0 -9999.0 -9999.0 -9999.0 -9999.0 -9999.0 -9999.0 -9999.0 -9999.0 -9999.0 -9999.0 -9999.0 -9999.0 -9999.0 -9999.0 -9999.0 -9999.0 -9999.0 -9999.0 -9999.0 -9999.0 -9999.0 -9999.0 -9999.0 -9999.0 -9999.0 -9999.0 -9999.0 -9999.0 -9999.0 -9999.0 -9999.0 -9999.0 -9999.0 -9999.0 -9999.0 -9999.0 -9999.0 -9999.0 -9999.0 -9999.0 -9999.0 -9999.0 -9999.0 -9999.0 -9999.0 -9999.0 -9999.0 -9999.0 -9999.0 -9999.0 -9999.0 -9999.0 -9999.0 -9999.0 -9999.0 -9999.0 -9999.0 -9999.0 -9999.0 -9999.0 -9999.0 -9999.0 -9999.0 -9999.0 -9999.0 -9999.0 -9999.0 -9999.0 -9999.0