Borden_/Borden1m_014/output_maps/psiliqL0021N0029.asc
ncols         80
nrows         18
xllcorner     620200.000000
yllcorner     5168000.000000
cellsize      1.000000
NODATA_value  -9999.0
-9999.0 -9999.0 -9999.0 -9999.0 -9999.0 -9999.0 -9999.0 -9999.0 -9999.0 -9999.0 -9999.0 -9999.0 -9999.0 -9999.0 -9999.0 -9999.0 -9999.0 -9999.0 -9999.0 -9999.0 -9999.0 -9999.0 -9999.0 -9999.0 -9999.0 -9999.0 -9999.0 -9999.0 -9999.0 -9999.0 -9999.0 -9999.0 -9999.0 -9999.0 -9999.0 -9999.0 -9999.0 -9999.0 -9999.0 -9999.0 -9999.0 -9999.0 -9999.0 -9999.0 -9999.0 -9999.0 -9999.0 -9999.0 -9999.0 -9999.0 -9999.0 -9999.0 -9999.0 -9999.0 -9999.0 -9999.0 -9999.0 -9999.0 -9999.0 -9999.0 -9999.0 -9999.0 -9999.0 -9999.0 -9999.0 -9999.0 -9999.0 -9999.0 -9999.0 -9999.0 -9999.0 -9999.0 -9999.0 -9999.0 -9999.0 -9999.0 -9999.0 -9999.0 -9999.0 -9999.0
-9999.0 -9999.0 -9999.0 -9999.0 -9999.0 -9999.0 -9999.0 -9999.0 -9999.0 -9999.0 -9999.0 -9999.0 -9999.0 -9999.0 -9999.0 -9999.0 -9999.0 -9999.0 -9999.0 -9999.0 -9999.0 -9999.0 -9999.0 -9999.0 -9999.0 -9999.0 -9999.0 -9999.0 -9999.0 -9999.0 -9999.0 -9999.0 -9999.0 -9999.0 -9999.0 -9999.0 -9999.0 -9999.0 -9999.0 -9999.0 -9999.0 -9999.0 -9999.0 -9999.0 -9999.0 -9999.0 -9999.0 -9999.0 -9999.0 -9999.0 -9999.0 -9999.0 -9999.0 -9999.0 -9999.0 -9999.0 -9999.0 -9999.0 -9999.0 -9999.0 -9999.0 -9999.0 -9999.0 -9999.0 -9999.0 -9999.0 -9999.0 -9999.0 -9999.0 -9999.0 -9999.0 -9999.0 -9999.0 -9999.0 -9999.0 -9999.0 -9999.0 -9999.0 -9999.0 -9999.0
-9999.0 -9999.0 -9999.0 -9999.0 -9999.0 -9999.0 -9999.0 -9999.0 -9999.0 -9999.0 -9999.0 -9999.0 -9999.0 -9999.0 -9999.0 -9999.0 -9999.0 -9999.0 -9999.0 -9999.0 2355.948713 2358.398576 2337.895322 2305.654372 2279.466412 2283.547641 2319.337304 2362.420738 2403.434738 2414.247171 2397.911058 2403.153565 2400.290556 2398.244949 2400.549260 2409.093121 2416.109091 2427.256188 2436.035603 2435.998554 2430.701253 2426.943210 2429.380139 2431.790774 2437.282317 2423.306252 2436.995706 2450.725491 2453.246210 2446.855241 2419.087342 2402.917378 2391.539629 2373.033956 2395.926362 2405.110194 2425.156351 2427.023749 2423.111307 2394.982110 2364.084482 -9999.0 -9999.0 -9999.0 -9999.0 -9999.0 -9999.0 -9999.0 -9999.0 -9999.0 -9999.0 -9999.0 -9999.0 -9999.0 -9999.0 -9999.0 -9999.0 -9999.0 -9999.0 -9999.0
-9999.0 -9999.0 -9999.0 -9999.0 -9999.0 -9999.0 -9999.0 -9999.0 -9999.0 -9999.0 -9999.0 -9999.0 -9999.0 -9999.0 2261.127122 2253.209321 2252.106727 2261.734067 2296.380102 2327.875159 2339.878524 2333.719133 2335.226908 2312.854350 2293.035700 2308.455758 2340.287660 2373.253651 2409.378555 2430.344958 2421.610013 2421.271038 2431.053211 2454.793827 2465.944286 2463.678513 2445.931261 2471.346884 2487.001059 2494.703591 2495.038989 2487.215504 2498.260394 2513.040522 2505.563947 2488.528887 2495.738134 2507.424749 2516.278786 2503.082188 2439.360603 2421.481695 2414.736452 2406.669304 2390.435913 2383.261823 2407.949295 2404.788548 2394.753678 2375.421914 2341.054822 2295.573402 2275.178164 2312.990469 2354.784585 2409.554042 -9999.0 -9999.0 -9999.0 -9999.0 -9999.0 -9999.0 -9999.0 -9999.0 -9999.0 -9999.0 -9999.0 -9999.0 -9999.0 -9999.0
-9999.0 -9999.0 -9999.0 -9999.0 -9999.0 -9999.0 -9999.0 -9999.0 -9999.0 2198.481409 2204.911405 2213.703160 2218.132020 2235.336014 2233.565609 2242.335068 2249.721858 2279.034140 2311.126397 2347.050384 2376.070715 2369.310639 2370.467487 2378.881746 2379.299963 2391.313540 2414.876399 2456.704552 2493.162186 2533.398610 2504.684630 2503.222036 2523.217009 2568.147415 2596.022976 2600.567142 2582.949945 2597.528892 2623.066725 2643.108487 2642.822005 2639.810782 2664.506982 2679.104593 2675.290269 2653.383160 2647.478909 2650.065185 2675.179154 2621.747135 2553.064881 2506.965256 2514.796100 2487.817524 2454.239316 2435.783934 2432.394580 2450.328438 2434.351182 2396.006496 2359.623848 2346.068461 2326.558951 2343.405726 2363.780375 2407.305339 2444.482398 2471.155248 2468.332461 2449.436456 -9999.0 -9999.0 -9999.0 -9999.0 -9999.0 -9999.0 -9999.0 -9999.0 -9999.0 -9999.0
-9999.0 -9999.0 -9999.0 -9999.0 -9999.0 -9999.0 2117.011395 2128.400711 2150.665082 2155.611169 2183.482241 2191.689126 2213.825699 2234.417870 2258.430494 2275.344417 2305.170966 2338.935173 2378.936931 2421.254529 2454.168584 2447.599447 2458.657975 2484.100134 2518.297504 2544.080746 2570.707832 2612.386350 2689.346590 2731.413503 2733.132541 2738.050873 2748.697277 2799.521173 2863.980284 2875.490231 2855.406694 2842.596925 2866.138176 2904.922792 2908.434372 2910.339121 2824.934748 2834.002678 2860.432650 2851.736140 2908.403458 2897.270316 2899.211868 2876.809133 2808.517019 2745.700848 2716.875991 2663.592309 2579.612275 2529.055279 2542.475983 2562.933954 2534.806422 2480.997926 2440.800174 2429.843241 2413.665432 2400.690735 2407.360528 2425.215043 2444.827945 2454.004948 2438.490205 2414.969080 2390.815651 2360.718825 2361.604981 2385.731408 -9999.0 -9999.0 -9999.0 -9999.0 -9999.0 -9999.0
-9999.0 -9999.0 -9999.0 -9999.0 2064.999020 2079.210160 2067.228979 2095.026391 2129.650323 2165.924026 2197.787276 2234.876574 2263.123292 2294.659601 2333.712048 2364.086555 2403.621314 2438.833639 2492.661824 2560.256437 2610.998181 2632.144746 2646.938680 2704.588051 2766.087630 2818.397135 2841.192956 2870.724661 2823.003712 2878.516966 2902.199563 2906.647065 2924.159897 2964.477546 3016.988391 3018.249966 3000.949779 2992.684802 3000.967412 3013.708546 3035.850307 3036.020976 3036.021809 3039.276416 3045.720645 3044.781078 3021.117088 2988.938657 3009.440877 2999.773851 2965.180902 2894.642499 2861.124695 2833.776702 2882.762234 2826.749647 2769.167185 2759.554172 2700.068580 2639.749576 2580.661751 2562.503959 2533.351212 2508.870420 2482.466788 2485.041101 2487.860701 2465.396004 2429.929623 2395.476100 2378.931065 2358.713554 2345.816717 2375.084257 2391.494150 2420.453232 -9999.0 -9999.0 -9999.0 -9999.0
-9999.0 -9999.0 2003.108614 2050.910362 2109.658936 2119.082672 2118.036118 2125.147421 2155.723183 2209.714493 2281.635893 2327.678766 2366.128188 2402.189188 2462.117601 2534.579890 2603.395357 2650.857752 2716.347284 2790.241352 2854.319552 2886.352078 2902.359824 2844.789414 2897.728142 2963.666456 2991.177006 3017.037244 3011.816060 3045.253267 3044.655501 3056.531149 3067.349057 3076.199277 3087.540232 3092.321889 3088.132951 3083.681834 3065.951436 3061.419245 3068.032087 3074.345408 3074.728245 3060.603330 3056.688346 3071.151729 3076.097735 3074.641463 3073.751462 3079.015797 3077.690625 3033.469917 3008.363185 2994.613185 3019.422206 2974.317317 2908.856162 2873.418824 2854.057430 2898.810316 2819.580519 2771.386793 2722.157177 2677.339316 2625.161285 2598.165295 2552.860910 2510.017209 2462.040112 2414.060840 2389.119877 2370.730742 2367.397854 2365.741092 2381.232339 2395.281176 2409.783402 2417.114942 -9999.0 -9999.0
-9999.0 1895.388419 1967.572909 2092.446773 2173.277211 2216.606045 2238.759862 2254.412719 2285.715337 2320.436659 2418.566773 2489.698944 2579.597523 2622.028039 2671.851889 2771.045974 2869.757521 2827.327157 2864.462145 2924.726606 2987.494406 3000.782601 3025.913096 3016.033129 3052.159297 3074.311604 3080.002539 3085.224590 3082.944807 3074.622654 3067.302058 3074.202229 3071.968290 3053.505019 3038.095378 3036.533765 3033.222078 3010.975730 3018.034402 3003.227337 3005.979295 2995.925963 3016.445207 2996.653624 2992.556135 3012.765081 2999.011562 2988.911853 3011.221725 2992.548816 3025.748613 3048.518731 3053.122557 3070.737170 3091.587802 3064.019337 3040.068832 2998.752837 3017.508795 2992.598745 2936.318165 2880.415849 2831.801712 2858.059438 2792.615367 2728.519786 2665.175150 2601.242834 2535.672248 2493.815477 2462.804183 2414.203417 2395.343032 2397.455560 2388.498098 2384.714257 2389.339722 2395.044181 -9999.0 -9999.0
-9999.0 1805.813539 1946.727208 2128.614948 2276.511131 2328.617646 2411.367792 2482.328403 2507.917766 2469.760437 2579.017458 2802.932343 2845.340565 2860.812797 2933.132466 2994.107992 2989.437454 3018.008185 3039.278910 3057.437769 3072.188743 3083.493413 3081.160580 3075.290621 3059.456463 3051.643291 3051.369661 3049.431914 3032.636314 3014.164174 2997.651994 2995.362430 3012.483613 2966.644760 2933.482234 2916.225174 2899.042143 2883.664278 2855.350538 2830.702264 2903.385621 2827.510117 2824.227692 2896.886635 2893.203854 2824.800790 2854.378946 2851.377869 2862.018067 2881.826143 2918.527878 2956.444871 2975.651674 3004.705951 3003.477262 3048.241477 3059.273754 3081.184553 3084.829667 3071.191451 3027.331934 3013.769855 2983.606443 2928.132625 2866.811017 2870.068047 2804.098076 2740.139340 2669.098383 2623.720080 2577.583971 2520.907320 2471.478110 2454.617073 2416.080799 2397.946785 -9999.0 -9999.0 -9999.0 -9999.0
-9999.0 1713.460574 1896.871719 2145.005886 2434.245103 2526.688110 2735.360290 2817.430145 2860.450452 2926.264060 2846.939706 2999.218882 3040.780610 3033.455306 3040.221947 3041.717534 3055.002321 3055.082222 3050.160818 3039.643694 3030.685186 3026.589825 3025.359910 3017.573732 3005.217282 2991.315800 3014.657203 3003.280916 2967.861155 2935.682743 2897.928074 2884.583311 2844.567885 2839.349268 2796.191255 2755.991754 2694.355573 2690.544762 2689.843803 2660.385604 2641.454322 2614.214083 2640.436665 2651.027206 2655.185758 2653.114149 2666.985168 2697.625478 2747.039477 2785.560991 2830.522026 2884.197821 2826.700220 2865.938047 2907.276600 2960.229933 2990.567010 3019.847494 3029.768762 3065.897224 3087.739639 3075.699911 3054.763589 3013.112821 2987.666718 2936.226758 2903.132402 2848.949135 2820.071025 2768.164089 2720.853845 2669.592659 2605.654026 2538.948155 2499.587348 -9999.0 -9999.0 -9999.0 -9999.0 -9999.0
-9999.0 1508.973969 1774.626982 2050.501558 2343.599696 2684.128818 2809.770671 2913.039157 2976.708235 2951.576018 2966.940110 2977.991620 2987.087904 2992.974878 3001.893552 2991.248106 2976.171802 2975.403705 2988.379522 2961.893996 2932.594833 2919.522544 2919.794987 2908.586061 2885.120697 2869.632583 2860.155670 2842.606798 2881.598403 2827.913315 2741.615712 2705.348533 2623.167383 2576.651745 2534.778891 2484.476120 2434.257523 2435.242302 2455.860405 2443.544300 2421.741504 2403.610495 2431.813524 2452.842211 2466.448599 2453.106462 2461.925411 2497.621891 2547.575819 2592.572625 2642.224933 2698.781027 2744.817572 2791.726325 2821.860504 2870.092765 2823.912091 2865.824117 2935.919169 3011.635327 3009.554077 3042.363175 3073.052483 3093.600394 3051.953834 3023.531480 3000.273264 2995.862008 2945.171951 2899.289399 2859.983979 2798.684696 2759.348344 -9999.0 -9999.0 -9999.0 -9999.0 -9999.0 -9999.0 -9999.0
-9999.0 1390.753650 1595.032539 1803.071297 2068.500488 2304.649339 2519.741994 2623.098198 2704.981850 2765.861030 2815.569651 2855.260641 2816.632620 2837.455470 2816.924292 2852.828574 2823.195102 2828.398738 2821.798860 2799.412664 2770.505475 2755.951837 2752.310012 2745.414413 2721.460342 2707.609565 2696.749544 2672.201839 2642.550997 2586.238196 2508.708565 2432.609270 2374.634176 2348.218620 2320.871547 2290.036028 2258.627858 2269.245684 2280.329323 2278.678672 2270.115081 2268.684479 2297.607673 2316.847868 2327.030444 2316.633843 2336.335470 2362.359129 2403.212805 2447.471317 2496.938314 2551.469799 2605.407658 2633.381286 2644.829646 2666.521916 2704.355919 2757.509433 2842.744221 2840.794600 2915.216839 2961.141581 3010.473353 3012.151832 3037.462562 3065.503353 3083.210240 3072.028718 3045.371526 3014.118498 2970.412440 -9999.0 -9999.0 -9999.0 -9999.0 -9999.0 -9999.0 -9999.0 -9999.0 -9999.0
-9999.0 -9999.0 1366.163907 1529.572451 1644.873415 1815.359808 1962.196238 2072.436008 2170.652398 2303.031278 2420.306681 2512.644609 2558.991486 2577.557879 2565.749854 2538.429070 2520.473134 2520.640021 2509.697941 2501.160056 2483.809174 2476.505209 2463.219516 2454.478174 2446.656603 2442.552798 2437.546631 2427.164611 2406.556752 2360.960740 2317.026772 2268.240183 2217.087860 2192.435725 2171.424726 2151.397891 2152.223553 2147.020432 2151.891458 2153.849443 2162.006225 2175.339760 2195.030783 2217.697136 2227.804761 2237.978868 2250.456155 2274.158041 2306.969697 2349.470797 2403.966289 2463.144883 2503.927221 2516.876660 2506.437633 2509.799077 2526.749406 2566.446101 2642.360015 2723.961128 2821.189864 2893.182330 2867.687049 2921.198355 2945.854889 2977.610385 3013.648885 3057.773670 3090.337168 3069.978378 -9999.0 -9999.0 -9999.0 -9999.0 -9999.0 -9999.0 -9999.0 -9999.0 -9999.0 -9999.0
-9999.0 -9999.0 -9999.0 -9999.0 1390.001997 1540.751612 1638.544476 1720.386993 1852.912280 1979.872841 2084.530562 2171.062296 2237.909956 2265.959200 2265.987889 2278.518043 2276.543390 2269.113250 2258.834132 2260.746282 2262.484786 2255.346446 2239.502436 2232.305385 2234.200422 2239.983697 2237.092023 2223.163116 2204.443591 2185.385547 2168.070593 2135.013092 2100.555054 2071.762399 2058.771136 2054.057440 2053.659462 2045.923602 2054.169203 2062.170971 2077.644553 2092.745039 2116.323352 2145.645012 2160.137330 2175.285228 2185.022080 2205.260300 2235.993445 2289.755355 2353.840447 2412.522540 2450.142321 2455.364130 2431.715747 2416.142720 2411.527011 2438.083719 2480.444554 2543.500230 2643.180203 2716.116429 2768.639538 2809.903912 2841.088853 2822.785705 2904.634244 2975.412695 -9999.0 -9999.0 -9999.0 -9999.0 -9999.0 -9999.0 -9999.0 -9999.0 -9999.0 -9999.0 -9999.0 -9999.0
-9999.0 -9999.0 -9999.0 -9999.0 -9999.0 -9999.0 1359.171229 1463.309562 1537.300592 1683.974599 1822.999963 1928.520502 2011.450314 2046.397670 2077.742873 2107.207318 2107.148378 2088.085154 2067.672828 2087.919897 2104.371845 2098.045007 2066.770848 2067.096284 2072.703423 2080.311163 2077.480014 2070.872418 2045.608160 2059.327931 2061.515892 2038.308518 2012.478460 1999.060310 1987.185841 1996.728536 1996.675946 1982.446085 1981.969006 2009.218818 2029.814107 2042.752072 2064.126217 2097.376145 2129.995442 2145.794782 2147.395658 2153.368060 2192.360876 2262.719691 2335.386016 2392.045818 2425.792048 2434.775661 2409.165173 2369.695155 2349.886102 2356.822208 2390.573807 2440.833743 2514.684474 2561.208638 2582.158135 2589.918701 2603.590134 2695.096208 -9999.0 -9999.0 -9999.0 -9999.0 -9999.0 -9999.0 -9999.0 -9999.0 -9999.0 -9999.0 -9999.0 -9999.0 -9999.0 -9999.0
-9999.0 -9999.0 -9999.0 -9999.0 -9999.0 -9999.0 -9999.0 -9999.0 -9999.0 -9999.0 -9999.0 -9999.0 -9999.0 -9999.0 -9999.0 -9999.0 -9999.0 -9999.0 -9999.0 -9999.0 -9999.0 -9999.0 -9999.0 -9999.0 -9999.0 -9999.0 -9999.0 -9999.0 -9999.0 -9999.0 -9999.0 -9999.0 -9999.0 -9999.0 -9999.0 -9999.0 -9999.0 -9999.0 -9999.0 -9999.0 -9999.0 -9999.0 -9999.0 -9999.0 -9999.0 -9999.0 -9999.0 -9999.0 -9999.0 -9999.0 -9999.0 -9999.0 -9999.0 -9999.0 -9999.0 -9999.0 -9999.0 -9999.0 -9999.0 -9999.0 -9999.0 -9999.0 -9999.0 -9999.0 -9999.0 -9999.0 -9999.0 -9999.0 -9999.0 -9999.0 -9999.0 -9999.0 -9999.0 -9999.0 -9999.0 -9999.0 -9999.0 -9999.0 -9999.0 -9999.0
-9999.0 -9999.0 -9999.0 -9999.0 -9999.0 -9999.0 -9999.0 -9999.0 -9999.0 -9999.0 -9999.0 -9999.0 -9999.0 -9999.0 -9999.0 -9999.0 -9999.0 -9999.0 -9999.0 -9999.0 -9999.0 -9999.0 -9999.0 -9999.0 -9999.0 -9999.0 -9999.0 -9999.0 -9999.0 -9999.0 -9999.0 -9999.0 -9999.0 -9999.0 -9999.0 -9999.0 -9999.0 -9999.0 -9999.0 -9999.0 -9999.0 -9999.0 -9999.0 -9999.0 -9999.0 -9999.0 -9999.0 -9999.0 -9999.0 -9999.0 -9999.0 -9999.0 -9999.0 -9999.0 -9999.0 -9999.0 -9999.0 -9999.0 -9999.0 -9999.0 -9999.0 -9999.0 -9999.0 -9999.0 -9999.0 -9999.0 -9999.0 -9999.0 -9999.0 -9999.0 -9999.0 -9999.0 -9999.0 -9999.0 -9999.0 -9999.0 -9999.0 -9999.0 -9999.0 -9999.0