Borden_/Borden1m_014/output_maps/psiliqL0012N0030.asc
ncols         80
nrows         18
xllcorner     620200.000000
yllcorner     5168000.000000
cellsize      1.000000
NODATA_value  -9999.0
-9999.0 -9999.0 -9999.0 -9999.0 -9999.0 -9999.0 -9999.0 -9999.0 -9999.0 -9999.0 -9999.0 -9999.0 -9999.0 -9999.0 -9999.0 -9999.0 -9999.0 -9999.0 -9999.0 -9999.0 -9999.0 -9999.0 -9999.0 -9999.0 -9999.0 -9999.0 -9999.0 -9999.0 -9999.0 -9999.0 -9999.0 -9999.0 -9999.0 -9999.0 -9999.0 -9999.0 -9999.0 -9999.0 -9999.0 -9999.0 -9999.0 -9999.0 -9999.0 -9999.0 -9999.0 -9999.0 -9999.0 -9999.0 -9999.0 -9999.0 -9999.0 -9999.0 -9999.0 -9999.0 -9999.0 -9999.0 -9999.0 -9999.0 -9999.0 -9999.0 -9999.0 -9999.0 -9999.0 -9999.0 -9999.0 -9999.0 -9999.0 -9999.0 -9999.0 -9999.0 -9999.0 -9999.0 -9999.0 -9999.0 -9999.0 -9999.0 -9999.0 -9999.0 -9999.0 -9999.0
-9999.0 -9999.0 -9999.0 -9999.0 -9999.0 -9999.0 -9999.0 -9999.0 -9999.0 -9999.0 -9999.0 -9999.0 -9999.0 -9999.0 -9999.0 -9999.0 -9999.0 -9999.0 -9999.0 -9999.0 -9999.0 -9999.0 -9999.0 -9999.0 -9999.0 -9999.0 -9999.0 -9999.0 -9999.0 -9999.0 -9999.0 -9999.0 -9999.0 -9999.0 -9999.0 -9999.0 -9999.0 -9999.0 -9999.0 -9999.0 -9999.0 -9999.0 -9999.0 -9999.0 -9999.0 -9999.0 -9999.0 -9999.0 -9999.0 -9999.0 -9999.0 -9999.0 -9999.0 -9999.0 -9999.0 -9999.0 -9999.0 -9999.0 -9999.0 -9999.0 -9999.0 -9999.0 -9999.0 -9999.0 -9999.0 -9999.0 -9999.0 -9999.0 -9999.0 -9999.0 -9999.0 -9999.0 -9999.0 -9999.0 -9999.0 -9999.0 -9999.0 -9999.0 -9999.0 -9999.0
-9999.0 -9999.0 -9999.0 -9999.0 -9999.0 -9999.0 -9999.0 -9999.0 -9999.0 -9999.0 -9999.0 -9999.0 -9999.0 -9999.0 -9999.0 -9999.0 -9999.0 -9999.0 -9999.0 -9999.0 542.232800 545.229442 523.457754 490.356891 463.051360 466.052098 501.754463 544.067568 583.571775 594.911059 578.069689 581.193438 577.412128 577.449525 580.898920 588.096204 592.340185 604.257933 613.530204 614.168683 609.027560 604.541965 604.993064 608.470328 613.472104 602.516635 615.261482 629.413350 633.815146 627.080785 598.234253 580.971188 570.726314 554.081156 577.126849 587.916583 609.625521 612.814535 610.334104 582.518371 551.928027 -9999.0 -9999.0 -9999.0 -9999.0 -9999.0 -9999.0 -9999.0 -9999.0 -9999.0 -9999.0 -9999.0 -9999.0 -9999.0 -9999.0 -9999.0 -9999.0 -9999.0 -9999.0 -9999.0
-9999.0 -9999.0 -9999.0 -9999.0 -9999.0 -9999.0 -9999.0 -9999.0 -9999.0 -9999.0 -9999.0 -9999.0 -9999.0 -9999.0 449.819641 440.525800 438.381271 447.626868 482.047133 512.801791 525.357969 518.523805 519.394748 496.815405 477.419314 492.579141 523.495563 556.635350 592.892480 614.915032 604.536374 603.408561 614.633625 641.908474 656.533361 654.757692 635.090274 658.949726 676.180597 686.725525 687.720692 680.590293 695.195305 711.611534 704.496989 686.003895 688.847575 699.179376 710.606393 694.050868 627.557084 605.401596 599.314178 590.552493 574.825807 566.798464 590.604867 589.792484 580.375000 561.345005 527.967064 483.346432 464.383020 502.172476 545.436357 602.348377 -9999.0 -9999.0 -9999.0 -9999.0 -9999.0 -9999.0 -9999.0 -9999.0 -9999.0 -9999.0 -9999.0 -9999.0 -9999.0 -9999.0
-9999.0 -9999.0 -9999.0 -9999.0 -9999.0 -9999.0 -9999.0 -9999.0 -9999.0 390.480499 395.130800 402.996178 405.874076 422.258761 420.751257 428.635441 436.967981 464.688472 496.839677 533.003578 562.852590 554.793415 556.712870 569.153589 575.456419 589.503027 612.977673 656.310564 700.530515 744.868452 718.690107 718.346722 739.370460 789.187115 825.871380 835.170298 816.807795 824.608864 852.254838 878.816203 882.110152 882.475909 909.076577 923.651130 925.823208 904.073728 885.933940 882.604058 905.465089 850.406509 780.866320 726.104323 725.624294 691.682421 649.204741 625.631203 620.753321 639.913175 622.892309 583.724097 545.731276 533.923982 515.621028 531.264623 552.529091 598.073854 635.880722 663.514394 662.500176 644.496050 -9999.0 -9999.0 -9999.0 -9999.0 -9999.0 -9999.0 -9999.0 -9999.0 -9999.0 -9999.0
-9999.0 -9999.0 -9999.0 -9999.0 -9999.0 -9999.0 310.846271 320.507858 341.129763 346.720484 372.429203 380.741140 402.294595 422.692782 445.109694 463.214236 495.216213 529.776492 572.866226 618.565713 653.258826 651.223351 664.604823 699.630527 743.041900 775.804237 803.688461 848.124506 930.583168 978.164473 990.683633 997.847650 1008.620581 1056.508181 1120.295010 1137.422579 1116.683673 1102.149456 1122.931982 1161.834039 1174.984332 1179.173328 1189.576364 1198.898375 1223.815275 1212.710445 1167.402980 1148.036297 1141.815324 1125.157284 1065.792462 1001.683020 961.651867 907.851983 820.350489 760.150037 761.336544 775.607993 742.137495 684.451855 639.351340 625.915784 608.663741 592.917178 596.854970 614.346962 635.468366 645.311556 631.319854 609.446406 585.732484 556.319158 557.588796 582.534749 -9999.0 -9999.0 -9999.0 -9999.0 -9999.0 -9999.0
-9999.0 -9999.0 -9999.0 -9999.0 260.437097 273.517912 262.063657 287.184674 320.329873 355.035379 388.313033 426.809887 455.713870 487.664211 530.824654 569.511724 615.718662 654.897047 713.594745 786.249318 842.655260 872.968716 894.125299 957.208438 1020.398553 1073.255488 1094.868720 1124.393335 1170.654860 1236.030179 1265.640684 1273.768259 1290.846678 1323.902471 1368.463437 1401.354845 1385.181064 1378.542278 1384.430148 1396.804105 1422.996600 1425.895715 1428.353718 1430.326996 1433.643897 1431.846490 1406.217210 1371.549654 1356.253548 1345.836757 1318.346769 1251.133618 1205.186558 1172.088230 1139.030357 1087.997965 1020.991770 999.893787 939.432319 877.742674 807.875255 780.137812 744.936069 715.095248 681.405071 679.077306 679.048576 656.278317 622.702900 589.099275 573.001234 553.479660 542.240864 571.728324 588.991248 619.354684 -9999.0 -9999.0 -9999.0 -9999.0
-9999.0 -9999.0 200.972268 250.472694 307.465922 316.913536 319.042102 325.726079 354.892034 408.036461 486.988645 541.296225 588.193452 624.530534 688.640179 775.254677 855.825305 910.318088 972.922018 1043.253896 1106.563421 1144.357387 1168.503507 1209.072519 1261.180104 1318.747984 1344.080005 1370.758374 1402.468225 1436.687472 1453.423961 1468.541705 1476.082351 1476.911831 1480.710664 1481.456648 1477.111094 1471.531808 1453.499446 1450.535414 1458.426463 1463.498233 1465.905637 1453.062838 1449.017759 1461.620084 1463.946283 1462.459875 1461.794451 1468.733797 1474.082257 1437.662511 1394.083910 1377.115202 1367.106691 1324.537389 1260.875779 1214.124530 1188.953634 1145.239236 1066.186010 1011.583494 957.450680 903.123514 844.259891 806.470345 754.252102 707.800993 658.391907 610.377927 585.366731 566.116649 562.941394 562.462257 578.052339 593.127717 608.211002 615.859075 -9999.0 -9999.0
-9999.0 99.409901 172.128465 299.370332 379.791617 425.959765 463.092916 490.846631 520.347801 544.895120 655.733587 757.297801 853.953211 893.840486 949.553136 1049.871316 1147.320948 1193.601590 1230.460168 1283.376221 1341.115869 1388.094170 1418.040818 1437.052432 1468.643584 1476.912883 1478.392862 1480.920492 1476.536037 1469.540088 1460.712793 1467.310248 1464.006308 1445.943042 1430.559343 1427.242922 1420.557176 1395.079139 1366.124203 1351.278256 1354.150232 1376.096287 1364.899121 1344.829501 1341.204448 1361.765560 1379.969103 1371.752604 1360.486792 1378.444798 1413.690193 1435.799341 1448.176834 1463.644897 1484.094503 1459.896096 1429.554705 1387.693863 1367.359253 1337.215914 1276.552905 1213.419601 1157.833681 1095.025508 1026.249678 953.948403 885.502040 818.762155 747.843582 703.879761 670.324599 617.844829 594.616436 595.026687 585.151607 581.769809 587.559692 593.717742 -9999.0 -9999.0
-9999.0 22.642769 165.766637 351.528433 500.859260 564.196321 676.249330 761.807838 794.532419 772.436772 886.797658 1109.313434 1205.572823 1222.431424 1291.801504 1375.413303 1403.464626 1434.755434 1455.558871 1460.924960 1465.567507 1474.111362 1472.971371 1467.334435 1453.497621 1445.787365 1444.316273 1440.687153 1421.829556 1401.812730 1383.660864 1378.979787 1360.480729 1318.845112 1286.421261 1269.015174 1251.662278 1227.371349 1191.589485 1163.908608 1149.484620 1166.165601 1158.022669 1140.912258 1137.317491 1160.093963 1193.117091 1189.049569 1196.509888 1219.580487 1261.271356 1303.367492 1327.080006 1356.995168 1394.309591 1438.317147 1455.554279 1476.421723 1480.966017 1459.862197 1415.677822 1363.315883 1327.902840 1262.399728 1187.485270 1106.861150 1040.474472 976.297784 904.343151 853.838801 802.957110 742.811946 684.651729 657.030044 615.994211 594.830590 -9999.0 -9999.0 -9999.0 -9999.0
-9999.0 -50.853230 139.042298 401.429624 672.953476 796.594671 1001.617925 1133.504076 1197.644339 1260.143431 1262.610516 1393.347914 1426.875937 1421.838486 1415.645343 1419.210503 1434.643404 1438.867383 1435.653953 1425.860640 1416.371173 1412.052632 1410.841844 1402.930188 1390.872218 1375.626845 1361.806853 1347.090665 1305.799864 1270.987075 1235.846525 1219.773305 1181.377930 1090.744520 1047.568300 1012.793186 956.542940 946.758180 936.195487 905.713763 885.049643 866.184316 886.343873 888.814132 890.755666 897.004501 916.944074 940.147899 984.688007 1022.216268 1067.867730 1121.733693 1157.324378 1201.885172 1250.526423 1309.371740 1342.717127 1373.691340 1420.574270 1460.330799 1483.011959 1472.197395 1442.533695 1396.026294 1323.949730 1252.632922 1199.492645 1123.753675 1057.038610 1004.129977 959.637988 908.305853 839.849575 748.913276 704.141993 -9999.0 -9999.0 -9999.0 -9999.0 -9999.0
-9999.0 -220.113293 48.119727 340.834755 664.885500 990.957499 1115.480585 1255.733104 1329.200115 1285.556204 1281.846142 1305.888072 1347.107741 1355.770083 1337.359356 1330.277997 1320.861861 1321.263874 1334.016917 1307.427996 1275.828594 1261.538674 1260.484697 1248.123590 1224.749230 1206.649503 1192.699424 1170.820096 1120.585870 1069.206741 989.465426 959.815683 882.758381 818.651923 770.662502 720.046412 667.499804 664.298843 679.297986 662.584810 639.482374 620.555894 646.569615 663.349663 675.248065 665.370443 675.474027 712.213991 763.164717 809.243735 862.835291 921.825172 971.237427 1022.284809 1057.420983 1111.013979 1159.744860 1207.767602 1282.644511 1362.671469 1399.321220 1433.756070 1466.838489 1480.136923 1427.604170 1373.599091 1316.892976 1247.011221 1157.441306 1112.231958 1090.653152 1055.783695 1002.123209 -9999.0 -9999.0 -9999.0 -9999.0 -9999.0 -9999.0 -9999.0
-9999.0 -350.113066 -125.125942 113.416549 406.458406 646.940323 838.176437 953.125187 1035.034814 1052.579642 1076.781249 1108.949051 1140.607688 1163.833779 1142.622106 1105.657999 1078.571466 1082.626041 1079.862311 1055.431282 1025.203746 1009.849551 1007.521600 999.691082 973.686077 957.099137 944.299407 919.165945 880.726866 821.518417 738.271450 665.916285 602.503465 566.741984 535.257383 501.356115 463.489467 473.105371 486.073226 481.517762 469.737089 465.871153 495.177784 513.946351 524.184132 512.182533 531.445301 558.924931 601.565951 645.317860 695.728767 752.925840 809.052431 842.072705 860.452296 892.180729 937.150827 995.648029 1083.992093 1180.258430 1257.194617 1307.815334 1357.878201 1388.998661 1400.664322 1412.225340 1381.336940 1288.067886 1152.426740 1155.456187 1160.317042 -9999.0 -9999.0 -9999.0 -9999.0 -9999.0 -9999.0 -9999.0 -9999.0 -9999.0
-9999.0 -9999.0 -360.883384 -176.716519 -27.525955 156.819503 309.405794 420.023460 503.505171 604.873444 702.229755 782.703947 827.146628 845.367149 829.181043 791.673608 767.542468 767.288363 757.391272 744.646167 722.063158 713.007767 702.373670 693.780154 681.319886 673.804492 667.154028 654.239247 629.833027 580.969488 528.657904 475.703006 420.803230 394.549274 371.917503 349.309436 346.397481 343.344544 349.403494 350.553034 356.448288 368.482913 388.926278 410.588463 420.235930 428.235917 440.976541 464.972935 498.541453 540.755658 594.699107 652.409010 692.656456 706.577534 699.013357 707.119714 731.738376 779.653668 868.947422 960.377913 1056.702241 1128.891682 1200.239894 1250.580081 1265.992710 1281.454254 1288.764665 1202.855225 832.105175 1073.333456 -9999.0 -9999.0 -9999.0 -9999.0 -9999.0 -9999.0 -9999.0 -9999.0 -9999.0 -9999.0
-9999.0 -9999.0 -9999.0 -9999.0 -319.946871 -162.775483 -66.743872 17.312606 142.567184 256.708999 352.542315 432.237096 489.644543 514.833398 506.710296 505.642819 498.794604 493.890808 484.687106 480.964196 477.048246 469.101924 456.210279 448.342574 447.829196 451.351674 448.433935 434.362566 416.791885 390.881209 367.777793 332.358426 295.314531 265.759907 252.363890 245.749078 245.613682 239.399039 248.490498 255.189093 270.140785 285.460737 309.363108 337.969612 351.089001 365.587003 375.435740 396.311460 426.707828 479.969299 543.008906 600.125170 635.197202 639.531882 614.581481 599.704120 597.630670 627.755017 677.408160 750.811350 858.160309 937.260007 1000.826899 1047.972632 1080.188793 1123.750002 1165.755943 1184.689361 -9999.0 -9999.0 -9999.0 -9999.0 -9999.0 -9999.0 -9999.0 -9999.0 -9999.0 -9999.0 -9999.0 -9999.0
-9999.0 -9999.0 -9999.0 -9999.0 -9999.0 -9999.0 -370.139715 -271.654827 -186.356899 -56.871498 63.995577 159.938417 236.856296 264.850956 286.041463 310.042132 306.590477 289.100497 271.526171 288.758349 299.872517 294.393347 265.769600 264.504167 268.277222 276.845692 274.914766 268.324803 243.066108 252.123300 251.158400 227.699013 201.367684 186.967277 175.140045 184.838891 185.342478 172.346744 173.989009 200.308203 220.218414 233.552114 255.792309 288.949049 321.057682 335.731686 336.928415 343.222641 384.250114 454.577654 525.445321 579.758966 611.302276 618.986814 591.089171 550.698939 530.050666 537.674036 573.741227 629.134285 708.665300 762.011393 794.381236 814.864460 840.307752 933.883450 -9999.0 -9999.0 -9999.0 -9999.0 -9999.0 -9999.0 -9999.0 -9999.0 -9999.0 -9999.0 -9999.0 -9999.0 -9999.0 -9999.0
-9999.0 -9999.0 -9999.0 -9999.0 -9999.0 -9999.0 -9999.0 -9999.0 -9999.0 -9999.0 -9999.0 -9999.0 -9999.0 -9999.0 -9999.0 -9999.0 -9999.0 -9999.0 -9999.0 -9999.0 -9999.0 -9999.0 -9999.0 -9999.0 -9999.0 -9999.0 -9999.0 -9999.0 -9999.0 -9999.0 -9999.0 -9999.0 -9999.0 -9999.0 -9999.0 -9999.0 -9999.0 -9999.0 -9999.0 -9999.0 -9999.0 -9999.0 -9999.0 -9999.0 -9999.0 -9999.0 -9999.0 -9999.0 -9999.0 -9999.0 -9999.0 -9999.0 -9999.0 -9999.0 -9999.0 -9999.0 -9999.0 -9999.0 -9999.0 -9999.0 -9999.0 -9999.0 -9999.0 -9999.0 -9999.0 -9999.0 -9999.0 -9999.0 -9999.0 -9999.0 -9999.0 -9999.0 -9999.0 -9999.0 -9999.0 -9999.0 -9999.0 -9999.0 -9999.0 -9999.0
-9999.0 -9999.0 -9999.0 -9999.0 -9999.0 -9999.0 -9999.0 -9999.0 -9999.0 -9999.0 -9999.0 -9999.0 -9999.0 -9999.0 -9999.0 -9999.0 -9999.0 -9999.0 -9999.0 -9999.0 -9999.0 -9999.0 -9999.0 -9999.0 -9999.0 -9999.0 -9999.0 -9999.0 -9999.0 -9999.0 -9999.0 -9999.0 -9999.0 -9999.0 -9999.0 -9999.0 -9999.0 -9999.0 -9999.0 -9999.0 -9999.0 -9999.0 -9999.0 -9999.0 -9999.0 -9999.0 -9999.0 -9999.0 -9999.0 -9999.0 -9999.0 -9999.0 -9999.0 -9999.0 -9999.0 -9999.0 -9999.0 -9999.0 -9999.0 -9999.0 -9999.0 -9999.0 -9999.0 -9999.0 -9999.0 -9999.0 -9999.0 -9999.0 -9999.0 -9999.0 -9999.0 -9999.0 -9999.0 -9999.0 -9999.0 -9999.0 -9999.0 -9999.0 -9999.0 -9999.0