Borden_/Borden1m_014/output_maps/psiliqL0000N0023.asc
ncols         80
nrows         18
xllcorner     620200.000000
yllcorner     5168000.000000
cellsize      1.000000
NODATA_value  -9999.0
-9999.0 -9999.0 -9999.0 -9999.0 -9999.0 -9999.0 -9999.0 -9999.0 -9999.0 -9999.0 -9999.0 -9999.0 -9999.0 -9999.0 -9999.0 -9999.0 -9999.0 -9999.0 -9999.0 -9999.0 -9999.0 -9999.0 -9999.0 -9999.0 -9999.0 -9999.0 -9999.0 -9999.0 -9999.0 -9999.0 -9999.0 -9999.0 -9999.0 -9999.0 -9999.0 -9999.0 -9999.0 -9999.0 -9999.0 -9999.0 -9999.0 -9999.0 -9999.0 -9999.0 -9999.0 -9999.0 -9999.0 -9999.0 -9999.0 -9999.0 -9999.0 -9999.0 -9999.0 -9999.0 -9999.0 -9999.0 -9999.0 -9999.0 -9999.0 -9999.0 -9999.0 -9999.0 -9999.0 -9999.0 -9999.0 -9999.0 -9999.0 -9999.0 -9999.0 -9999.0 -9999.0 -9999.0 -9999.0 -9999.0 -9999.0 -9999.0 -9999.0 -9999.0 -9999.0 -9999.0
-9999.0 -9999.0 -9999.0 -9999.0 -9999.0 -9999.0 -9999.0 -9999.0 -9999.0 -9999.0 -9999.0 -9999.0 -9999.0 -9999.0 -9999.0 -9999.0 -9999.0 -9999.0 -9999.0 -9999.0 -9999.0 -9999.0 -9999.0 -9999.0 -9999.0 -9999.0 -9999.0 -9999.0 -9999.0 -9999.0 -9999.0 -9999.0 -9999.0 -9999.0 -9999.0 -9999.0 -9999.0 -9999.0 -9999.0 -9999.0 -9999.0 -9999.0 -9999.0 -9999.0 -9999.0 -9999.0 -9999.0 -9999.0 -9999.0 -9999.0 -9999.0 -9999.0 -9999.0 -9999.0 -9999.0 -9999.0 -9999.0 -9999.0 -9999.0 -9999.0 -9999.0 -9999.0 -9999.0 -9999.0 -9999.0 -9999.0 -9999.0 -9999.0 -9999.0 -9999.0 -9999.0 -9999.0 -9999.0 -9999.0 -9999.0 -9999.0 -9999.0 -9999.0 -9999.0 -9999.0
-9999.0 -9999.0 -9999.0 -9999.0 -9999.0 -9999.0 -9999.0 -9999.0 -9999.0 -9999.0 -9999.0 -9999.0 -9999.0 -9999.0 -9999.0 -9999.0 -9999.0 -9999.0 -9999.0 -9999.0 -571.681097 -570.767702 -572.602171 -574.642844 -576.386248 -576.635146 -574.696427 -572.506844 -569.962827 -569.473469 -571.621004 -571.070580 -571.940927 -572.435286 -572.493154 -571.909745 -571.635516 -570.814798 -570.305730 -570.569387 -571.207642 -571.651879 -572.117543 -571.996311 -571.251541 -572.227753 -570.782840 -569.383015 -568.898319 -568.861830 -570.717165 -571.460661 -571.711656 -573.390324 -570.356488 -569.517696 -567.329997 -567.147320 -566.683541 -569.140604 -571.538249 -9999.0 -9999.0 -9999.0 -9999.0 -9999.0 -9999.0 -9999.0 -9999.0 -9999.0 -9999.0 -9999.0 -9999.0 -9999.0 -9999.0 -9999.0 -9999.0 -9999.0 -9999.0 -9999.0
-9999.0 -9999.0 -9999.0 -9999.0 -9999.0 -9999.0 -9999.0 -9999.0 -9999.0 -9999.0 -9999.0 -9999.0 -9999.0 -9999.0 -574.765082 -575.798028 -576.285658 -576.643948 -574.907503 -573.595125 -573.630683 -574.702488 -573.778027 -575.792482 -577.575635 -576.490573 -575.031020 -573.905756 -571.930067 -570.360202 -571.862641 -572.232754 -571.440741 -568.558482 -567.300124 -567.923704 -571.370233 -568.176172 -566.597471 -565.552914 -565.684548 -567.254939 -565.076780 -562.539268 -563.863615 -566.540593 -566.000281 -564.548534 -562.048748 -563.261087 -571.532117 -572.278760 -571.793613 -571.561148 -572.653597 -573.484517 -570.444414 -570.920932 -571.389056 -571.814004 -573.455342 -576.219145 -577.472953 -574.542952 -572.022761 -566.644741 -9999.0 -9999.0 -9999.0 -9999.0 -9999.0 -9999.0 -9999.0 -9999.0 -9999.0 -9999.0 -9999.0 -9999.0 -9999.0 -9999.0
-9999.0 -9999.0 -9999.0 -9999.0 -9999.0 -9999.0 -9999.0 -9999.0 -9999.0 -576.250744 -576.579935 -576.315979 -577.042036 -576.175707 -577.742649 -577.411776 -577.716954 -576.549349 -575.665554 -574.051471 -571.780194 -573.539899 -573.771921 -572.520182 -572.350116 -571.929225 -571.018027 -567.305900 -563.023480 -555.964199 -562.085727 -562.332852 -559.065325 -546.181918 -534.225043 -530.590566 -536.845201 -536.992718 -529.207108 -519.540783 -519.762996 -520.707399 -509.989269 -503.370217 -498.238874 -508.656979 -518.380135 -519.961902 -506.666010 -528.592087 -546.236455 -560.345330 -559.434598 -563.912642 -568.706131 -570.426830 -571.151304 -567.616039 -568.908052 -571.988205 -574.463780 -573.508131 -574.944786 -573.565524 -572.692794 -568.652923 -565.014431 -561.373756 -561.187188 -563.538388 -9999.0 -9999.0 -9999.0 -9999.0 -9999.0 -9999.0 -9999.0 -9999.0 -9999.0 -9999.0
-9999.0 -9999.0 -9999.0 -9999.0 -9999.0 -9999.0 -577.826977 -577.998854 -577.475968 -579.412572 -578.172714 -579.141710 -578.233979 -577.886543 -577.350603 -577.405821 -575.899474 -574.640534 -572.426105 -569.414794 -566.543741 -568.183890 -567.451306 -563.190575 -554.068892 -545.231644 -539.812411 -529.847069 -492.771096 -442.771364 -414.060124 -397.410664 -371.960331 -349.157085 -304.596847 -226.164139 -308.713607 -326.521479 -314.876471 -279.614402 -188.928591 -188.230861 -183.434216 -176.615325 -150.664248 -154.815572 -274.873447 -301.033617 -307.617644 -313.208382 -343.447844 -377.364323 -458.523206 -503.945323 -534.921543 -549.962818 -552.901027 -550.984324 -556.835435 -564.357829 -568.691317 -568.605287 -569.400475 -571.049805 -570.312860 -568.729502 -566.180784 -564.550311 -565.773624 -567.383392 -568.518762 -571.202448 -570.756881 -568.136475 -9999.0 -9999.0 -9999.0 -9999.0 -9999.0 -9999.0
-9999.0 -9999.0 -9999.0 -9999.0 -580.637324 -579.794545 -582.383481 -580.985201 -579.940538 -579.198327 -579.316432 -577.917258 -577.623498 -576.676475 -574.534803 -572.896576 -569.862191 -567.645573 -560.985924 -545.613708 -529.971720 -520.024236 -514.308132 -461.376551 -371.294540 -340.405380 -330.850928 -314.010237 -272.165473 -143.582110 -118.501184 -143.900946 -97.170701 -105.441247 -31.948907 1.198806 -16.906592 -22.705198 -21.156471 -14.014835 8.814473 9.151766 9.998698 9.989175 11.957103 14.018320 -4.726302 -34.466859 -45.862525 -51.953150 -108.437926 -128.638849 -239.248264 -279.060143 -299.559854 -328.433144 -368.671027 -396.990862 -485.505376 -517.954281 -541.032230 -549.064793 -556.341539 -559.772203 -564.395406 -563.564537 -562.266466 -564.558927 -567.430835 -570.129847 -570.356321 -571.505112 -572.890610 -569.478841 -568.363354 -564.663957 -9999.0 -9999.0 -9999.0 -9999.0
-9999.0 -9999.0 -580.640544 -580.668314 -578.443122 -579.945430 -580.791111 -582.064762 -581.651472 -579.560351 -575.520756 -573.935636 -571.244764 -569.921380 -563.408840 -545.310592 -522.556534 -501.765575 -430.014265 -361.812484 -325.312005 -292.838206 -200.744444 -164.559113 -151.427992 -73.659861 -54.016977 -70.604509 -11.109020 13.851482 39.100101 53.464740 59.698781 52.770154 53.357688 50.003196 49.350460 44.803224 28.627573 26.383834 33.582232 35.401814 39.192808 26.804034 23.256168 35.251635 37.725496 37.760662 40.570525 48.291003 59.412912 30.831510 -20.930233 -31.273831 -72.448927 -71.259204 -128.980365 -229.785353 -263.113482 -298.923075 -350.339149 -379.593994 -463.879454 -511.200157 -534.260971 -544.577226 -554.217068 -559.901739 -564.930381 -569.514299 -570.816735 -571.565111 -570.849499 -571.383877 -569.584575 -568.266028 -566.215461 -565.469765 -9999.0 -9999.0
-9999.0 -581.109591 -582.030087 -578.068476 -577.652183 -576.969043 -575.899826 -574.993577 -574.017830 -575.831602 -564.808372 -541.613361 -515.511063 -504.861756 -448.326527 -347.096861 -198.262225 -166.532956 -142.914963 -138.440973 -56.054463 -21.428581 4.444531 37.327430 60.624899 54.094577 52.517596 49.694788 42.037199 34.092422 24.293860 32.404729 31.272245 16.655320 5.277540 4.184067 1.863179 -26.397105 -45.876335 -57.502315 -52.161612 -31.463146 -41.312030 -61.336273 -65.099805 -46.001551 -30.881445 -39.285776 -51.216814 -35.889588 -6.391489 9.891395 26.260900 39.832454 59.935733 38.067788 5.813445 -29.028139 -78.156312 -64.860754 -172.078865 -235.118939 -287.632060 -338.443892 -376.201007 -469.324942 -518.761473 -539.625595 -554.020103 -559.068936 -562.113221 -568.545769 -570.117721 -568.653999 -569.505151 -569.596005 -568.794262 -568.183881 -9999.0 -9999.0
-9999.0 -584.834559 -581.176994 -577.124304 -572.140418 -571.751247 -552.280728 -533.045837 -526.485039 -536.866484 -481.069223 -191.678784 -171.203507 -132.244033 -81.656329 -15.237115 24.812736 45.856690 59.886130 49.595740 43.667199 45.607163 40.434187 32.528321 18.379009 11.431725 11.306392 9.607828 -6.100134 -22.411590 -37.210150 -37.948622 -49.338907 -82.406108 -111.918912 -123.352861 -136.598767 -218.726683 -264.098182 -292.053341 -303.157332 -285.179393 -294.671742 -309.925852 -312.999023 -293.430091 -262.139915 -266.258680 -257.615122 -232.003899 -187.464848 -100.438039 -81.888069 -57.137295 -26.215682 10.356433 28.653926 47.547288 54.304218 30.034420 -6.427634 -50.453440 -76.599986 -185.162973 -255.143466 -324.221029 -360.629553 -389.555555 -487.130655 -517.270125 -536.252363 -551.147244 -561.049892 -563.073258 -567.716689 -568.299276 -9999.0 -9999.0 -9999.0 -9999.0
-9999.0 -584.730166 -581.120459 -573.170276 -553.398059 -518.655401 -371.054399 -265.257669 -83.395762 -147.490460 -21.770177 45.874735 53.329670 36.440297 10.055143 6.245922 15.294872 17.239229 13.141727 4.376858 -4.776257 -37.820583 -9.770643 -47.323301 -28.053168 -42.662384 -52.326382 -62.477320 -152.941572 -187.840079 -215.771173 -234.836403 -268.981621 -335.027955 -355.819745 -371.911179 -453.377119 -469.290566 -483.672577 -505.382638 -513.835254 -519.100149 -511.868408 -513.904274 -514.661925 -510.103406 -497.458700 -485.783362 -429.330095 -376.453550 -354.100549 -321.185463 -293.095891 -248.700701 -197.591605 -94.259873 -68.162502 -42.836811 -4.397183 30.831704 50.986693 43.522759 15.487206 -16.999544 -72.844813 -185.437525 -230.415608 -284.754534 -335.885055 -365.272614 -387.059909 -468.413508 -520.972812 -548.688269 -555.426439 -9999.0 -9999.0 -9999.0 -9999.0 -9999.0
-9999.0 -589.597373 -580.456634 -573.935670 -536.765629 -360.937277 -284.968184 -10.137328 39.015070 -27.931193 -151.377563 -65.116549 -85.036445 -33.273965 -57.768417 -66.500551 -72.522653 -73.174658 -60.535426 -87.633186 -166.510272 -185.076545 -187.249540 -201.036689 -226.715453 -247.656144 -263.109859 -283.042391 -325.316425 -352.081480 -394.174413 -442.455553 -508.973154 -534.563581 -546.405630 -556.352628 -565.100647 -564.889817 -562.174227 -564.544725 -567.006751 -569.654354 -566.521827 -565.131346 -563.734935 -565.492420 -565.072507 -560.745809 -553.255808 -544.365656 -529.459545 -506.249996 -466.174791 -379.963002 -360.208185 -327.584970 -291.900760 -243.534269 -169.777003 -48.341284 -24.724812 5.798577 41.487694 59.864133 22.488799 -12.144686 -62.856839 -104.725784 -224.763476 -282.431367 -308.263537 -335.574215 -367.308783 -9999.0 -9999.0 -9999.0 -9999.0 -9999.0 -9999.0 -9999.0
-9999.0 -592.711954 -582.553011 -580.831664 -568.921824 -541.004827 -479.836527 -356.561110 -193.916960 -323.380872 -335.299633 -319.262237 -298.745768 -280.950515 -299.867009 -323.038149 -337.762032 -334.468374 -332.558667 -346.228015 -361.704056 -368.665137 -369.727543 -380.483151 -430.178335 -458.864856 -473.036645 -493.578449 -514.367506 -533.500378 -555.073357 -564.052118 -570.060027 -572.050924 -573.497262 -575.033949 -578.158493 -576.420219 -575.096306 -575.451150 -576.459206 -577.253817 -574.963932 -574.228293 -573.510852 -575.692418 -574.243279 -573.005970 -570.104282 -567.124304 -562.700653 -555.814448 -546.268298 -538.582004 -531.931710 -519.293415 -495.025224 -405.543244 -346.028660 -266.632330 -193.007311 -99.000396 -51.847121 -19.701521 0.421920 8.537261 17.874738 0.976933 -64.727956 -204.088437 -245.709776 -9999.0 -9999.0 -9999.0 -9999.0 -9999.0 -9999.0 -9999.0 -9999.0 -9999.0
-9999.0 -9999.0 -594.566238 -590.272374 -586.308860 -582.611763 -577.463585 -570.299168 -565.130341 -557.750497 -546.026992 -531.316387 -520.586946 -515.104306 -522.491882 -535.962958 -543.064236 -542.487205 -544.290383 -547.924314 -554.223929 -556.645446 -558.160625 -559.354970 -561.806640 -562.808185 -563.202460 -564.025423 -565.860834 -569.969984 -573.495565 -575.805232 -578.417034 -578.215886 -578.608213 -579.546370 -578.776668 -578.957347 -578.707848 -578.868628 -578.688441 -578.292310 -577.811683 -577.144636 -577.152395 -576.987502 -576.761084 -576.026478 -574.897464 -573.427970 -570.417827 -565.818177 -562.184414 -561.292197 -563.247815 -562.574136 -559.778010 -552.835896 -526.732478 -460.432789 -364.312583 -315.325940 -246.053124 -192.211744 -140.861401 -104.026203 -46.473387 0.406534 0.266132 -138.163727 -9999.0 -9999.0 -9999.0 -9999.0 -9999.0 -9999.0 -9999.0 -9999.0 -9999.0 -9999.0
-9999.0 -9999.0 -9999.0 -9999.0 -595.981652 -590.251033 -585.060768 -585.606063 -581.988274 -579.986760 -578.099511 -575.734006 -573.809124 -572.443491 -574.346929 -574.864769 -575.239544 -574.896868 -575.237759 -575.767764 -576.042343 -576.325281 -576.540032 -576.952657 -576.807255 -576.438148 -576.321546 -577.009922 -576.937875 -578.320073 -578.488835 -579.226060 -579.951637 -580.816619 -580.611277 -580.729607 -580.328873 -580.743278 -580.095185 -580.529999 -580.072101 -579.884416 -579.332239 -578.419845 -578.857853 -578.327347 -578.326221 -577.623313 -577.437831 -575.616484 -572.572192 -568.950545 -566.432627 -566.565260 -569.885309 -571.166980 -571.927345 -569.844301 -566.225764 -557.962246 -533.179548 -500.257705 -403.173355 -360.677757 -338.692082 -301.204969 -232.711688 -139.757374 -9999.0 -9999.0 -9999.0 -9999.0 -9999.0 -9999.0 -9999.0 -9999.0 -9999.0 -9999.0 -9999.0 -9999.0
-9999.0 -9999.0 -9999.0 -9999.0 -9999.0 -9999.0 -593.706523 -590.958627 -591.668949 -589.825316 -588.254565 -586.981658 -584.849130 -585.294061 -584.777292 -583.029439 -583.318398 -584.132614 -585.163903 -583.602621 -582.984065 -582.793235 -584.498185 -584.012682 -583.866500 -583.191368 -583.260840 -582.953551 -584.453428 -582.717672 -581.891402 -582.201979 -582.498978 -582.154175 -582.539183 -581.414388 -581.281604 -582.173398 -582.426125 -581.167673 -580.844255 -581.061549 -580.844144 -580.018431 -578.778112 -578.632265 -579.237629 -580.085960 -578.829915 -575.946551 -572.712153 -569.814892 -567.875421 -567.167657 -569.894668 -573.531061 -575.315855 -575.576945 -574.133116 -571.325888 -564.137055 -558.865783 -554.157577 -546.996277 -539.024764 -495.113663 -9999.0 -9999.0 -9999.0 -9999.0 -9999.0 -9999.0 -9999.0 -9999.0 -9999.0 -9999.0 -9999.0 -9999.0 -9999.0 -9999.0
-9999.0 -9999.0 -9999.0 -9999.0 -9999.0 -9999.0 -9999.0 -9999.0 -9999.0 -9999.0 -9999.0 -9999.0 -9999.0 -9999.0 -9999.0 -9999.0 -9999.0 -9999.0 -9999.0 -9999.0 -9999.0 -9999.0 -9999.0 -9999.0 -9999.0 -9999.0 -9999.0 -9999.0 -9999.0 -9999.0 -9999.0 -9999.0 -9999.0 -9999.0 -9999.0 -9999.0 -9999.0 -9999.0 -9999.0 -9999.0 -9999.0 -9999.0 -9999.0 -9999.0 -9999.0 -9999.0 -9999.0 -9999.0 -9999.0 -9999.0 -9999.0 -9999.0 -9999.0 -9999.0 -9999.0 -9999.0 -9999.0 -9999.0 -9999.0 -9999.0 -9999.0 -9999.0 -9999.0 -9999.0 -9999.0 -9999.0 -9999.0 -9999.0 -9999.0 -9999.0 -9999.0 -9999.0 -9999.0 -9999.0 -9999.0 -9999.0 -9999.0 -9999.0 -9999.0 -9999.0
-9999.0 -9999.0 -9999.0 -9999.0 -9999.0 -9999.0 -9999.0 -9999.0 -9999.0 -9999.0 -9999.0 -9999.0 -9999.0 -9999.0 -9999.0 -9999.0 -9999.0 -9999.0 -9999.0 -9999.0 -9999.0 -9999.0 -9999.0 -9999.0 -9999.0 -9999.0 -9999.0 -9999.0 -9999.0 -9999.0 -9999.0 -9999.0 -9999.0 -9999.0 -9999.0 -9999.0 -9999.0 -9999.0 -9999.0 -9999.0 -9999.0 -9999.0 -9999.0 -9999.0 -9999.0 -9999.0 -9999.0 -9999.0 -9999.0 -9999.0 -9999.0 -9999.0 -9999.0 -9999.0 -9999.0 -9999.0 -9999.0 -9999.0 -9999.0 -9999.0 -9999.0 -9999.0 -9999.0 -9999.0 -9999.0 -9999.0 -9999.0 -9999.0 -9999.0 -9999.0 -9999.0 -9999.0 -9999.0 -9999.0 -9999.0 -9999.0 -9999.0 -9999.0 -9999.0 -9999.0