Borden_/Borden1m_014/output_maps/psiliqL0021N0022.asc
ncols         80
nrows         18
xllcorner     620200.000000
yllcorner     5168000.000000
cellsize      1.000000
NODATA_value  -9999.0
-9999.0 -9999.0 -9999.0 -9999.0 -9999.0 -9999.0 -9999.0 -9999.0 -9999.0 -9999.0 -9999.0 -9999.0 -9999.0 -9999.0 -9999.0 -9999.0 -9999.0 -9999.0 -9999.0 -9999.0 -9999.0 -9999.0 -9999.0 -9999.0 -9999.0 -9999.0 -9999.0 -9999.0 -9999.0 -9999.0 -9999.0 -9999.0 -9999.0 -9999.0 -9999.0 -9999.0 -9999.0 -9999.0 -9999.0 -9999.0 -9999.0 -9999.0 -9999.0 -9999.0 -9999.0 -9999.0 -9999.0 -9999.0 -9999.0 -9999.0 -9999.0 -9999.0 -9999.0 -9999.0 -9999.0 -9999.0 -9999.0 -9999.0 -9999.0 -9999.0 -9999.0 -9999.0 -9999.0 -9999.0 -9999.0 -9999.0 -9999.0 -9999.0 -9999.0 -9999.0 -9999.0 -9999.0 -9999.0 -9999.0 -9999.0 -9999.0 -9999.0 -9999.0 -9999.0 -9999.0
-9999.0 -9999.0 -9999.0 -9999.0 -9999.0 -9999.0 -9999.0 -9999.0 -9999.0 -9999.0 -9999.0 -9999.0 -9999.0 -9999.0 -9999.0 -9999.0 -9999.0 -9999.0 -9999.0 -9999.0 -9999.0 -9999.0 -9999.0 -9999.0 -9999.0 -9999.0 -9999.0 -9999.0 -9999.0 -9999.0 -9999.0 -9999.0 -9999.0 -9999.0 -9999.0 -9999.0 -9999.0 -9999.0 -9999.0 -9999.0 -9999.0 -9999.0 -9999.0 -9999.0 -9999.0 -9999.0 -9999.0 -9999.0 -9999.0 -9999.0 -9999.0 -9999.0 -9999.0 -9999.0 -9999.0 -9999.0 -9999.0 -9999.0 -9999.0 -9999.0 -9999.0 -9999.0 -9999.0 -9999.0 -9999.0 -9999.0 -9999.0 -9999.0 -9999.0 -9999.0 -9999.0 -9999.0 -9999.0 -9999.0 -9999.0 -9999.0 -9999.0 -9999.0 -9999.0 -9999.0
-9999.0 -9999.0 -9999.0 -9999.0 -9999.0 -9999.0 -9999.0 -9999.0 -9999.0 -9999.0 -9999.0 -9999.0 -9999.0 -9999.0 -9999.0 -9999.0 -9999.0 -9999.0 -9999.0 -9999.0 2354.826696 2357.287478 2336.810687 2304.605899 2278.439984 2282.507691 2318.249580 2361.280741 2402.290198 2413.171916 2396.947596 2402.277384 2399.404576 2397.195827 2399.216244 2407.385964 2413.947410 2424.531236 2432.670143 2431.979124 2426.103397 2421.909088 2424.085625 2426.426938 2432.031393 2418.332302 2432.443059 2446.781457 2449.995935 2444.331320 2417.246076 2401.498178 2390.375693 2372.029961 2395.061068 2404.376428 2424.527220 2426.469901 2422.621703 2394.571561 2363.731160 -9999.0 -9999.0 -9999.0 -9999.0 -9999.0 -9999.0 -9999.0 -9999.0 -9999.0 -9999.0 -9999.0 -9999.0 -9999.0 -9999.0 -9999.0 -9999.0 -9999.0 -9999.0 -9999.0
-9999.0 -9999.0 -9999.0 -9999.0 -9999.0 -9999.0 -9999.0 -9999.0 -9999.0 -9999.0 -9999.0 -9999.0 -9999.0 -9999.0 2259.813512 2251.881467 2250.768076 2260.403013 2295.071313 2326.589108 2338.635363 2332.494595 2334.053252 2311.764669 2292.014121 2307.436457 2339.207515 2372.104115 2408.244230 2429.346413 2420.809230 2420.639131 2430.471077 2454.070962 2464.897534 2462.201339 2443.927430 2468.700273 2483.596934 2490.517850 2490.174110 2481.854844 2492.613087 2507.333387 2499.993547 2483.271312 2490.990444 2503.356264 2513.003352 2500.634996 2437.664098 2420.221397 2413.678427 2405.713647 2389.609255 2382.599975 2407.413768 2404.311885 2394.315451 2375.049889 2340.780518 2295.434649 2275.151104 2313.063617 2354.947407 2409.784893 -9999.0 -9999.0 -9999.0 -9999.0 -9999.0 -9999.0 -9999.0 -9999.0 -9999.0 -9999.0 -9999.0 -9999.0 -9999.0 -9999.0
-9999.0 -9999.0 -9999.0 -9999.0 -9999.0 -9999.0 -9999.0 -9999.0 -9999.0 2197.524021 2203.840704 2212.487054 2216.781764 2233.903306 2232.125397 2240.873854 2248.250093 2277.586032 2309.721847 2345.661530 2374.665461 2367.902694 2369.158928 2377.771613 2378.372791 2390.431050 2413.913220 2455.644110 2492.154354 2532.688200 2504.368899 2503.258199 2523.425245 2568.228121 2595.727669 2599.762726 2581.513152 2595.315182 2619.929125 2639.018573 2637.927549 2634.352402 2658.696521 2673.252217 2669.601408 2648.038500 2642.772030 2646.147366 2672.197123 2619.723822 2551.876988 2506.224052 2514.100015 2487.074707 2453.593307 2435.347324 2432.103798 2450.072069 2434.055248 2395.739554 2359.475649 2346.056435 2326.658092 2343.606520 2364.099059 2407.788038 2445.251937 2472.149923 2469.488930 2450.684159 -9999.0 -9999.0 -9999.0 -9999.0 -9999.0 -9999.0 -9999.0 -9999.0 -9999.0 -9999.0
-9999.0 -9999.0 -9999.0 -9999.0 -9999.0 -9999.0 2116.534796 2127.808610 2149.894946 2154.639437 2182.315028 2190.329362 2212.293231 2232.786418 2256.763010 2273.647909 2303.469457 2337.307719 2377.435652 2419.802724 2452.648465 2446.052040 2457.282279 2483.149018 2517.775662 2543.702852 2570.223315 2611.775101 2688.839613 2731.436176 2733.812519 2739.326164 2750.338042 2801.118923 2865.220436 2876.139052 2855.296244 2841.584035 2864.088746 2901.828236 2904.493170 2905.859184 2818.101682 2827.274458 2853.766945 2845.115223 2904.770366 2894.416126 2897.402066 2876.008158 2808.567258 2746.079027 2716.993553 2663.350992 2579.487658 2529.213034 2542.829800 2563.231996 2534.903581 2481.053633 2440.979721 2430.173683 2414.090155 2401.201084 2408.024633 2426.123642 2446.018341 2455.454297 2440.122694 2416.717221 2392.740362 2362.545631 2363.239520 2387.195739 -9999.0 -9999.0 -9999.0 -9999.0 -9999.0 -9999.0
-9999.0 -9999.0 -9999.0 -9999.0 2064.791887 2078.931059 2066.806226 2094.425185 2128.820634 2164.837072 2196.429690 2233.229452 2261.256888 2292.706529 2331.774583 2362.149843 2401.704181 2437.097758 2491.270462 2559.068594 2609.756091 2630.833069 2645.865997 2704.252356 2766.533456 2819.139556 2841.827050 2871.191079 2816.366757 2871.631799 2895.026868 2899.319234 2916.787026 2957.127421 3009.740178 3015.405513 2998.246048 2989.978783 2998.249909 3010.973084 3033.094000 3033.247700 3033.402177 3036.653725 3043.097661 3042.161713 3018.355401 2986.046153 3002.595464 2992.939340 2958.422082 2888.024298 2854.779529 2827.588721 2883.761944 2828.108396 2770.760504 2760.970289 2701.039391 2640.571214 2581.654112 2563.684133 2534.561402 2510.116149 2483.961008 2486.844901 2490.023088 2467.915028 2432.643411 2398.201718 2381.543842 2361.044725 2347.791878 2376.702481 2392.776452 2421.504153 -9999.0 -9999.0 -9999.0 -9999.0
-9999.0 -9999.0 2003.037845 2050.818147 2109.509972 2118.855873 2117.667860 2124.544940 2154.818700 2208.481606 2280.029049 2325.698471 2363.881347 2399.929982 2460.040767 2532.629761 2601.538823 2649.327040 2715.609245 2790.047288 2854.207163 2886.114641 2902.289595 2837.857727 2890.728181 2956.541972 2983.928774 3009.695985 3008.988057 3042.538868 3041.915450 3053.774301 3064.577826 3073.416357 3084.752537 3089.685878 3085.510698 3081.070315 3063.196035 3058.669278 3065.283561 3071.744398 3071.976945 3057.843827 3053.923521 3068.384005 3073.473125 3072.005941 3070.801989 3076.224046 3074.912793 3030.717585 3005.648887 2991.794763 3012.501914 2967.449344 2902.153347 2866.973679 2847.682468 2901.019667 2822.132859 2774.195620 2724.920322 2680.204494 2628.225527 2601.641997 2556.829825 2514.600666 2466.821921 2418.652495 2393.177005 2374.152048 2370.141679 2367.791414 2382.769869 2396.389658 2410.582098 2417.759226 -9999.0 -9999.0
-9999.0 1895.356372 1967.529906 2092.394608 2173.210793 2216.514407 2238.561985 2253.917067 2284.827375 2319.155086 2416.882679 2487.546809 2577.140354 2619.743609 2670.076591 2769.745296 2868.699918 2820.774653 2857.747610 2917.782820 2980.429476 2997.916379 3023.105499 3013.316725 3049.381835 3071.482713 3077.136935 3082.336104 3080.198526 3071.877267 3064.568162 3071.487568 3069.126948 3050.693499 3035.321634 3033.804783 3030.538164 3008.179053 3011.011465 2996.270927 2999.053507 2993.055890 3009.685207 2989.690075 2985.569337 3005.940922 2996.232453 2986.088194 3004.259855 2989.632286 3022.946398 3045.678201 3050.257544 3067.859204 3088.723267 3061.171116 3037.247708 2995.819457 3010.480899 2985.649779 2929.692435 2873.991140 2825.691993 2863.178612 2798.420429 2735.380796 2672.850206 2609.424009 2544.007871 2501.662188 2469.787839 2419.803265 2399.458346 2400.327225 2390.429239 2386.070842 2390.200684 2395.707825 -9999.0 -9999.0
-9999.0 1805.793449 1946.713838 2128.626433 2276.586482 2328.801209 2411.590339 2482.243359 2507.379456 2468.788056 2577.719200 2801.284733 2839.902639 2854.957331 2926.900565 2991.566082 2986.876004 3015.481272 3036.660965 3054.742778 3069.435604 3080.841254 3078.474961 3072.576613 3056.718369 3048.889508 3048.458258 3046.535106 3029.769188 3011.341342 2994.886450 2992.512121 3005.324573 2959.412207 2926.376701 2909.279230 2892.336076 2877.253057 2849.077070 2824.493692 2900.843198 2821.710011 2818.287698 2894.029621 2890.547411 2818.692747 2848.427946 2845.292976 2855.590870 2875.318358 2911.779323 2949.422070 2968.517703 2997.463845 3000.469785 3045.350789 3056.350759 3078.239509 3081.891050 3068.267247 3024.281988 3006.673196 2976.823496 2921.809369 2860.993314 2880.917709 2816.741741 2754.436137 2684.402033 2637.960790 2589.141781 2529.846966 2477.928467 2458.732767 2418.744092 2399.710622 -9999.0 -9999.0 -9999.0 -9999.0
-9999.0 1713.457976 1896.891100 2145.092942 2434.529514 2527.344253 2736.552118 2814.200497 2856.545228 2921.809814 2842.037253 2996.880844 3038.607216 3031.151990 3037.671385 3039.194672 3052.403826 3052.425357 3047.460329 3036.916493 3027.946172 3023.848411 3022.618625 3014.835140 3002.484854 2988.441662 3007.501763 2996.278788 2961.004241 2929.046783 2891.477341 2878.335615 2838.221830 2840.756894 2797.686703 2757.231805 2694.829723 2689.979539 2688.184873 2657.772950 2638.320588 2610.728221 2636.862015 2647.559848 2651.925938 2650.214200 2664.734692 2696.452159 2747.019612 2786.412866 2831.814474 2885.747362 2820.137657 2859.218589 2900.418046 2953.088540 2983.290374 3012.435308 3026.689371 3062.925495 3084.896501 3072.694851 3051.804665 3010.105472 2981.647547 2931.019990 2899.186889 2846.392771 2844.141898 2790.894544 2740.025996 2683.763774 2615.235273 2544.371523 2503.153310 -9999.0 -9999.0 -9999.0 -9999.0 -9999.0
-9999.0 1508.983335 1774.670840 2050.644108 2343.996496 2685.123113 2807.099423 2909.586444 2972.588158 2947.033018 2962.059496 2972.881234 2984.793963 2990.568188 2995.883703 2984.878179 2969.625849 2968.718709 2981.605578 2955.089825 2925.807598 2912.760651 2913.071293 2901.933958 2878.589462 2863.267339 2853.858669 2836.429499 2882.658902 2829.146642 2742.793056 2706.059191 2623.324978 2576.786714 2534.958159 2484.493128 2433.770657 2434.160858 2454.071391 2441.147436 2418.966770 2400.612135 2428.732185 2449.763524 2463.515522 2450.467070 2459.772809 2496.126790 2546.746430 2592.226579 2642.136341 2699.027079 2745.493034 2792.906941 2823.255795 2871.551943 2817.222054 2858.916450 2928.801480 3004.409082 3006.490874 3039.384757 3070.057087 3090.816634 3049.151082 3020.985302 2998.043369 2994.662833 2945.489986 2899.939102 2860.044946 2797.527222 2774.302844 -9999.0 -9999.0 -9999.0 -9999.0 -9999.0 -9999.0 -9999.0
-9999.0 1390.766869 1595.078320 1803.200003 2068.825728 2305.353520 2520.980102 2624.791577 2706.866573 2767.551937 2816.788435 2855.855822 2812.000630 2832.659947 2811.667745 2853.868169 2824.930874 2830.828692 2824.901682 2803.146419 2774.694562 2760.235423 2756.248850 2748.612771 2723.653667 2708.799007 2697.114670 2672.013875 2642.325004 2586.143581 2508.674638 2432.384527 2374.208983 2347.738661 2320.400236 2289.475909 2257.819993 2268.086900 2278.780753 2276.771874 2267.964592 2266.393077 2295.266899 2314.548263 2324.829239 2314.612867 2334.587128 2360.947375 2402.117143 2446.606753 2496.178255 2550.794533 2604.947638 2633.154512 2644.729620 2666.562552 2704.835965 2758.795061 2844.784755 2833.974283 2908.275490 2953.930059 3003.416649 3009.139618 3034.718775 3063.037515 3081.394847 3070.970040 3045.310166 3013.765133 2972.333127 -9999.0 -9999.0 -9999.0 -9999.0 -9999.0 -9999.0 -9999.0 -9999.0 -9999.0
-9999.0 -9999.0 1366.201294 1529.659149 1645.052236 1815.697522 1962.745764 2073.186420 2171.428394 2303.695501 2420.644833 2512.435754 2558.240073 2576.647367 2565.120500 2538.430691 2521.106794 2521.848820 2511.426945 2503.340665 2486.281883 2478.991319 2465.358744 2456.091716 2447.588319 2442.803277 2437.238550 2426.511218 2405.800172 2360.278635 2316.432905 2267.638724 2216.423391 2191.752304 2170.740288 2150.663619 2151.361348 2145.974638 2150.642584 2152.414274 2160.434447 2173.685805 2193.343952 2216.014078 2226.177708 2236.455310 2249.080136 2272.952223 2305.914463 2348.505608 2403.022696 2462.204348 2503.038426 2516.059429 2505.680988 2509.164117 2526.408812 2566.639731 2643.207901 2725.876341 2824.479875 2898.172932 2860.913915 2914.905348 2940.197518 2973.287774 3011.795941 3057.304463 3092.092444 3071.116798 -9999.0 -9999.0 -9999.0 -9999.0 -9999.0 -9999.0 -9999.0 -9999.0 -9999.0 -9999.0
-9999.0 -9999.0 -9999.0 -9999.0 1390.115515 1540.910536 1638.736804 1720.630222 1853.135296 1979.983699 2084.393117 2170.564033 2237.102159 2265.033405 2265.234730 2278.150032 2276.614751 2269.593647 2259.672272 2261.872356 2263.775530 2256.621081 2240.575283 2233.021188 2234.463976 2239.796378 2236.533707 2222.367636 2203.565073 2184.544059 2167.298844 2134.278227 2099.827520 2071.040636 2058.049653 2053.306898 2052.839007 2045.002365 2053.135224 2061.031257 2076.425144 2091.478274 2115.042211 2144.383522 2158.913832 2174.120284 2183.932853 2204.250184 2235.048171 2288.842934 2352.920415 2411.572758 2449.165271 2454.390296 2430.782588 2415.298615 2410.877889 2437.750549 2480.604978 2544.403125 2645.200992 2720.141620 2775.492216 2820.359190 2855.761463 2818.294634 2902.627852 2975.514125 -9999.0 -9999.0 -9999.0 -9999.0 -9999.0 -9999.0 -9999.0 -9999.0 -9999.0 -9999.0 -9999.0 -9999.0
-9999.0 -9999.0 -9999.0 -9999.0 -9999.0 -9999.0 1359.201817 1463.347129 1537.291353 1683.860329 1822.698468 1927.960488 2010.680288 2045.560039 2077.024676 2106.761451 2107.029382 2088.277847 2068.134791 2088.590996 2105.150634 2098.795987 2067.364305 2067.412857 2072.679768 2079.950740 2076.842033 2070.054663 2044.721672 2058.462277 2060.705254 2037.542685 2011.740012 1998.340474 1986.470436 1995.994712 1995.897259 1981.602343 1981.051225 2008.225703 2028.764917 2041.670933 2063.037871 2096.303223 2128.951849 2144.792273 2146.442151 2152.462180 2191.490677 2261.860460 2334.509939 2391.130868 2424.830281 2433.798251 2408.222795 2368.827821 2349.166710 2356.339897 2390.453833 2441.293851 2516.196389 2564.421822 2587.847524 2598.597259 2615.426222 2710.134473 -9999.0 -9999.0 -9999.0 -9999.0 -9999.0 -9999.0 -9999.0 -9999.0 -9999.0 -9999.0 -9999.0 -9999.0 -9999.0 -9999.0
-9999.0 -9999.0 -9999.0 -9999.0 -9999.0 -9999.0 -9999.0 -9999.0 -9999.0 -9999.0 -9999.0 -9999.0 -9999.0 -9999.0 -9999.0 -9999.0 -9999.0 -9999.0 -9999.0 -9999.0 -9999.0 -9999.0 -9999.0 -9999.0 -9999.0 -9999.0 -9999.0 -9999.0 -9999.0 -9999.0 -9999.0 -9999.0 -9999.0 -9999.0 -9999.0 -9999.0 -9999.0 -9999.0 -9999.0 -9999.0 -9999.0 -9999.0 -9999.0 -9999.0 -9999.0 -9999.0 -9999.0 -9999.0 -9999.0 -9999.0 -9999.0 -9999.0 -9999.0 -9999.0 -9999.0 -9999.0 -9999.0 -9999.0 -9999.0 -9999.0 -9999.0 -9999.0 -9999.0 -9999.0 -9999.0 -9999.0 -9999.0 -9999.0 -9999.0 -9999.0 -9999.0 -9999.0 -9999.0 -9999.0 -9999.0 -9999.0 -9999.0 -9999.0 -9999.0 -9999.0
-9999.0 -9999.0 -9999.0 -9999.0 -9999.0 -9999.0 -9999.0 -9999.0 -9999.0 -9999.0 -9999.0 -9999.0 -9999.0 -9999.0 -9999.0 -9999.0 -9999.0 -9999.0 -9999.0 -9999.0 -9999.0 -9999.0 -9999.0 -9999.0 -9999.0 -9999.0 -9999.0 -9999.0 -9999.0 -9999.0 -9999.0 -9999.0 -9999.0 -9999.0 -9999.0 -9999.0 -9999.0 -9999.0 -9999.0 -9999.0 -9999.0 -9999.0 -9999.0 -9999.0 -9999.0 -9999.0 -9999.0 -9999.0 -9999.0 -9999.0 -9999.0 -9999.0 -9999.0 -9999.0 -9999.0 -9999.0 -9999.0 -9999.0 -9999.0 -9999.0 -9999.0 -9999.0 -9999.0 -9999.0 -9999.0 -9999.0 -9999.0 -9999.0 -9999.0 -9999.0 -9999.0 -9999.0 -9999.0 -9999.0 -9999.0 -9999.0 -9999.0 -9999.0 -9999.0 -9999.0