Borden_/Borden1m_014/output_maps/psiliqL0016N0013.asc
ncols         80
nrows         18
xllcorner     620200.000000
yllcorner     5168000.000000
cellsize      1.000000
NODATA_value  -9999.0
-9999.0 -9999.0 -9999.0 -9999.0 -9999.0 -9999.0 -9999.0 -9999.0 -9999.0 -9999.0 -9999.0 -9999.0 -9999.0 -9999.0 -9999.0 -9999.0 -9999.0 -9999.0 -9999.0 -9999.0 -9999.0 -9999.0 -9999.0 -9999.0 -9999.0 -9999.0 -9999.0 -9999.0 -9999.0 -9999.0 -9999.0 -9999.0 -9999.0 -9999.0 -9999.0 -9999.0 -9999.0 -9999.0 -9999.0 -9999.0 -9999.0 -9999.0 -9999.0 -9999.0 -9999.0 -9999.0 -9999.0 -9999.0 -9999.0 -9999.0 -9999.0 -9999.0 -9999.0 -9999.0 -9999.0 -9999.0 -9999.0 -9999.0 -9999.0 -9999.0 -9999.0 -9999.0 -9999.0 -9999.0 -9999.0 -9999.0 -9999.0 -9999.0 -9999.0 -9999.0 -9999.0 -9999.0 -9999.0 -9999.0 -9999.0 -9999.0 -9999.0 -9999.0 -9999.0 -9999.0
-9999.0 -9999.0 -9999.0 -9999.0 -9999.0 -9999.0 -9999.0 -9999.0 -9999.0 -9999.0 -9999.0 -9999.0 -9999.0 -9999.0 -9999.0 -9999.0 -9999.0 -9999.0 -9999.0 -9999.0 -9999.0 -9999.0 -9999.0 -9999.0 -9999.0 -9999.0 -9999.0 -9999.0 -9999.0 -9999.0 -9999.0 -9999.0 -9999.0 -9999.0 -9999.0 -9999.0 -9999.0 -9999.0 -9999.0 -9999.0 -9999.0 -9999.0 -9999.0 -9999.0 -9999.0 -9999.0 -9999.0 -9999.0 -9999.0 -9999.0 -9999.0 -9999.0 -9999.0 -9999.0 -9999.0 -9999.0 -9999.0 -9999.0 -9999.0 -9999.0 -9999.0 -9999.0 -9999.0 -9999.0 -9999.0 -9999.0 -9999.0 -9999.0 -9999.0 -9999.0 -9999.0 -9999.0 -9999.0 -9999.0 -9999.0 -9999.0 -9999.0 -9999.0 -9999.0 -9999.0
-9999.0 -9999.0 -9999.0 -9999.0 -9999.0 -9999.0 -9999.0 -9999.0 -9999.0 -9999.0 -9999.0 -9999.0 -9999.0 -9999.0 -9999.0 -9999.0 -9999.0 -9999.0 -9999.0 -9999.0 1349.612146 1352.516879 1331.575774 1299.264595 1273.011158 1277.024701 1313.013640 1355.501793 1395.159837 1405.846111 1389.380233 1394.372075 1392.771812 1394.244946 1399.257661 1408.586310 1414.950302 1426.794572 1435.222955 1434.328849 1427.675891 1422.185061 1422.466234 1424.960406 1430.419406 1419.120454 1433.609816 1448.784886 1452.990833 1446.441328 1417.288903 1399.126622 1387.138574 1368.818611 1391.152858 1400.519934 1420.896465 1422.861243 1419.284449 1391.000515 1360.115684 -9999.0 -9999.0 -9999.0 -9999.0 -9999.0 -9999.0 -9999.0 -9999.0 -9999.0 -9999.0 -9999.0 -9999.0 -9999.0 -9999.0 -9999.0 -9999.0 -9999.0 -9999.0 -9999.0
-9999.0 -9999.0 -9999.0 -9999.0 -9999.0 -9999.0 -9999.0 -9999.0 -9999.0 -9999.0 -9999.0 -9999.0 -9999.0 -9999.0 1255.202189 1246.653114 1245.199260 1254.949984 1289.932387 1321.512242 1334.036015 1327.752928 1329.287466 1307.420467 1288.797988 1305.092779 1336.922854 1369.740523 1404.906418 1425.499399 1415.845921 1416.309336 1429.523654 1458.564957 1474.464378 1474.448787 1457.171324 1481.822056 1497.172678 1504.294455 1502.637216 1493.198561 1504.553570 1519.364708 1512.437016 1496.327136 1503.566273 1516.477433 1527.737390 1513.042429 1446.979572 1424.387453 1416.115369 1406.657173 1390.119395 1381.519389 1404.502907 1401.770292 1391.468936 1371.927338 1337.854130 1292.802153 1272.827010 1310.224229 1352.491589 1408.365943 -9999.0 -9999.0 -9999.0 -9999.0 -9999.0 -9999.0 -9999.0 -9999.0 -9999.0 -9999.0 -9999.0 -9999.0 -9999.0 -9999.0
-9999.0 -9999.0 -9999.0 -9999.0 -9999.0 -9999.0 -9999.0 -9999.0 -9999.0 1194.892070 1200.348879 1208.639369 1212.227082 1229.023418 1227.422185 1235.938082 1244.188528 1273.126557 1306.080664 1343.142494 1373.457403 1366.264819 1368.441738 1380.137935 1385.833528 1401.371904 1425.975376 1467.278512 1505.521849 1545.400217 1517.476978 1518.412687 1543.651055 1598.054114 1635.274966 1645.016093 1629.451161 1640.695744 1665.040865 1684.325488 1681.386613 1676.879705 1700.304270 1713.435575 1713.360625 1694.706642 1686.812128 1690.008576 1715.651441 1662.503448 1591.661257 1535.788526 1535.799069 1503.826377 1465.368645 1443.332066 1436.801858 1453.356640 1435.899013 1396.923347 1359.047109 1345.689658 1326.016984 1341.491811 1361.778819 1406.192246 1443.740964 1470.711508 1468.633354 1450.044157 -9999.0 -9999.0 -9999.0 -9999.0 -9999.0 -9999.0 -9999.0 -9999.0 -9999.0 -9999.0
-9999.0 -9999.0 -9999.0 -9999.0 -9999.0 -9999.0 1115.183450 1125.681467 1147.044164 1152.186132 1178.853299 1187.247130 1209.127946 1229.826020 1253.388617 1271.567332 1303.154416 1338.229361 1381.736791 1428.130108 1463.018932 1459.311187 1471.312420 1503.618067 1547.009651 1582.272932 1611.953546 1652.663078 1726.129880 1765.150124 1770.471566 1778.649406 1797.154196 1859.486297 1931.579104 1949.962776 1932.928504 1920.254443 1939.952411 1973.199188 1974.475256 1973.196684 1982.627652 1991.422116 2017.372665 2010.039166 1975.255576 1965.641867 1965.717670 1946.342002 1877.374207 1803.066710 1763.700346 1711.155350 1626.521645 1569.405820 1571.265231 1584.619242 1552.453889 1496.369043 1453.427572 1439.344116 1420.823525 1404.991813 1409.018101 1425.846314 1445.751080 1454.782500 1439.620212 1416.564263 1392.366768 1361.933554 1362.295477 1386.343454 -9999.0 -9999.0 -9999.0 -9999.0 -9999.0 -9999.0
-9999.0 -9999.0 -9999.0 -9999.0 1064.318464 1078.245299 1066.776496 1093.336035 1127.312268 1162.848267 1195.729273 1233.720089 1262.487285 1294.747531 1337.271142 1373.653638 1417.433456 1455.874874 1515.309049 1590.618486 1646.521821 1671.540321 1687.564455 1748.559014 1818.370295 1882.583973 1910.233951 1938.130769 1978.193790 2032.645111 2056.907112 2064.654948 2087.337838 2131.162450 2184.137580 2220.296113 2206.327279 2200.242955 2206.680474 2216.790124 2237.681174 2237.198166 2238.043466 2240.273668 2245.495962 2246.279039 2225.271812 2195.404615 2182.816637 2172.395037 2138.230429 2063.768545 2022.690419 1992.040342 1955.657448 1898.231684 1826.017727 1804.694172 1744.093363 1684.676782 1619.964513 1592.798624 1556.993227 1527.455589 1495.013978 1493.440834 1493.651483 1470.031253 1434.637717 1399.628850 1382.079894 1360.912988 1347.671032 1376.000752 1392.136625 1421.346123 -9999.0 -9999.0 -9999.0 -9999.0
-9999.0 -9999.0 1003.182085 1052.406996 1110.925984 1121.382150 1123.104608 1130.654937 1160.821617 1214.678619 1290.657557 1341.777447 1384.875747 1421.670924 1485.369965 1568.880821 1643.742520 1695.999429 1763.957710 1847.037182 1916.294206 1950.450826 1966.040949 2005.605690 2063.884269 2132.810926 2163.454599 2189.671289 2218.022896 2247.964828 2254.755857 2268.445854 2279.541498 2286.949793 2295.757672 2299.147179 2296.064521 2292.507963 2275.266269 2271.358085 2277.520596 2282.495770 2283.455112 2270.233106 2266.776907 2281.354250 2287.276665 2288.440334 2289.207135 2296.321453 2297.493422 2255.594863 2220.237171 2204.731887 2192.787609 2145.442142 2076.748381 2034.408354 2011.650461 1968.491351 1887.866648 1827.951340 1770.292253 1716.979205 1659.029735 1623.579093 1572.903001 1526.134296 1475.590142 1425.563808 1398.195375 1376.656841 1370.956326 1367.974546 1382.050267 1395.738351 1409.897523 1417.077236 -9999.0 -9999.0
-9999.0 898.592870 971.532368 1098.687260 1180.993748 1228.182493 1261.085324 1284.666805 1315.181017 1344.532199 1449.774857 1537.904981 1630.554818 1671.573399 1727.925464 1835.179409 1934.581456 1983.725895 2026.733240 2090.294912 2154.028750 2201.190667 2227.889642 2235.202865 2271.761986 2290.279971 2296.456042 2301.075571 2297.174119 2287.636274 2277.479970 2283.120219 2280.037783 2261.892237 2245.260261 2240.594601 2235.168679 2212.955499 2186.823995 2173.524867 2176.397413 2199.786705 2187.990536 2168.023473 2164.567427 2185.724052 2206.019347 2199.014618 2189.415856 2209.364529 2244.774011 2266.678470 2275.656616 2292.063809 2311.649426 2283.943999 2254.910775 2213.505101 2195.286621 2168.097528 2110.948550 2048.126026 1991.338854 1927.418354 1853.475490 1779.409883 1710.472839 1641.981321 1570.322201 1523.850069 1486.724624 1430.901870 1405.042094 1402.410220 1390.490715 1385.284997 1389.483696 1395.017193 -9999.0 -9999.0
-9999.0 816.258676 959.114894 1144.863278 1296.672595 1359.841569 1464.515515 1544.734177 1572.958451 1544.420045 1654.892689 1880.080456 1988.603642 2009.368035 2085.015503 2179.330619 2197.761580 2231.715667 2255.884945 2270.013213 2280.420194 2290.121101 2287.675037 2282.435693 2269.560887 2264.463522 2265.691869 2264.771476 2248.181189 2227.736046 2207.201137 2200.746929 2181.047177 2135.292655 2098.212827 2074.358026 2054.823208 2036.838328 2007.752928 1983.644702 1969.883918 1985.739107 1980.370712 1964.597133 1960.901751 1982.120108 2013.791865 2011.693963 2023.733707 2050.236861 2094.700885 2135.940082 2158.772114 2188.973439 2225.598940 2268.793587 2282.591871 2304.376004 2309.222552 2292.430147 2249.879082 2198.863427 2166.414617 2106.305431 2034.470134 1955.584079 1886.555411 1814.784096 1738.322929 1684.565543 1626.873788 1558.371745 1495.501870 1465.551721 1421.630529 1399.476931 -9999.0 -9999.0 -9999.0 -9999.0
-9999.0 734.488154 922.453465 1180.999925 1465.112164 1582.955390 1800.719937 1932.923548 1989.271682 2059.597466 2028.901918 2185.720616 2228.778677 2226.790281 2230.316589 2237.889880 2255.530161 2259.594823 2256.160680 2245.834525 2235.484550 2229.701026 2227.067499 2219.560416 2208.698084 2196.144755 2185.373792 2175.030813 2138.939151 2103.146551 2059.997024 2040.292087 1998.455787 1904.549495 1854.694843 1806.214128 1742.061200 1735.335181 1731.940793 1705.762797 1687.661297 1667.053113 1690.329059 1696.123277 1698.822289 1700.884573 1717.024389 1743.254754 1792.683701 1837.523627 1892.905213 1951.087963 1988.724334 2034.795072 2084.076234 2140.471950 2173.257451 2204.517053 2252.804905 2291.901162 2316.016297 2305.710689 2281.413582 2238.973500 2173.153210 2112.539483 2066.535840 1993.960205 1928.441791 1868.804874 1805.982782 1734.404259 1652.420632 1557.626444 1509.921697 -9999.0 -9999.0 -9999.0 -9999.0 -9999.0
-9999.0 549.531911 817.597307 1105.578723 1421.779509 1764.864478 1914.398106 2044.652520 2119.822779 2094.287067 2107.430256 2128.700363 2171.107874 2180.993068 2164.275066 2158.209104 2148.148373 2148.066813 2158.982087 2128.907461 2093.719299 2075.386140 2072.021914 2059.388474 2036.803351 2021.969697 2012.524747 1994.355866 1946.847597 1890.082957 1796.076080 1757.262072 1677.371778 1620.758904 1572.607710 1516.806688 1462.524833 1460.606602 1478.840719 1465.568877 1444.376817 1426.703706 1454.041622 1472.622785 1485.135174 1473.288054 1482.422868 1519.358679 1571.399536 1620.252943 1676.292580 1735.179353 1785.303755 1839.577360 1881.929377 1937.878077 1988.609732 2038.124079 2115.491563 2195.936588 2234.912976 2270.502866 2304.133572 2322.847322 2275.763982 2233.013318 2188.420712 2134.598940 2061.065900 2016.449425 1980.267767 1910.125284 1834.014604 -9999.0 -9999.0 -9999.0 -9999.0 -9999.0 -9999.0 -9999.0
-9999.0 424.610203 641.113624 868.113253 1152.781757 1397.082187 1603.141784 1720.775643 1808.201184 1855.778350 1897.961690 1934.456967 1965.433471 1989.168869 1970.509139 1933.655223 1906.517052 1909.944325 1901.588403 1870.278779 1829.073290 1805.245917 1797.773066 1788.526106 1763.474194 1749.724350 1740.284793 1718.841350 1685.882753 1627.358322 1542.369665 1465.165018 1402.294862 1369.757272 1338.333884 1303.388997 1266.672480 1276.316305 1288.977076 1286.235333 1276.551114 1274.270579 1303.717226 1323.035799 1333.257097 1321.834125 1341.232028 1368.397742 1411.186597 1456.515165 1508.343736 1565.666972 1621.770120 1655.152491 1675.160487 1705.291528 1749.034600 1810.222188 1907.687292 2010.154889 2094.601905 2146.463813 2199.694776 2237.848916 2256.127146 2272.113877 2254.609542 2183.512467 2084.603043 2087.703762 2087.089801 -9999.0 -9999.0 -9999.0 -9999.0 -9999.0 -9999.0 -9999.0 -9999.0 -9999.0
-9999.0 -9999.0 408.188892 584.194825 720.240714 901.502413 1055.100590 1170.569014 1266.079020 1386.946686 1496.931956 1582.749311 1627.302650 1645.289097 1632.696628 1601.629672 1581.286154 1580.210198 1566.859361 1550.711422 1523.443696 1509.590150 1494.833550 1484.755283 1474.199164 1468.905912 1464.124644 1453.322384 1431.432080 1383.607383 1333.097684 1279.957282 1225.583457 1199.116344 1176.188438 1153.688625 1151.732642 1147.515455 1153.220031 1155.053063 1162.310639 1175.205725 1195.490417 1217.643662 1227.495562 1236.421629 1249.056320 1273.121337 1306.870198 1350.188182 1405.371511 1464.270625 1505.530814 1520.580452 1514.164683 1522.319168 1546.073121 1593.993919 1682.955294 1776.760664 1885.515544 1965.351620 2043.689628 2104.890242 2128.733925 2150.275602 2173.381093 2121.882357 1924.944576 2029.354381 -9999.0 -9999.0 -9999.0 -9999.0 -9999.0 -9999.0 -9999.0 -9999.0 -9999.0 -9999.0
-9999.0 -9999.0 -9999.0 -9999.0 443.171990 598.748618 697.128045 782.623687 914.257195 1037.276500 1139.453800 1223.403591 1285.376125 1312.045423 1308.283738 1314.052522 1309.450454 1302.436237 1290.702651 1286.414687 1281.371884 1270.710415 1254.454702 1245.896362 1246.223891 1251.023649 1248.657770 1235.195304 1217.408383 1194.271171 1172.891003 1137.545102 1100.801302 1070.938666 1057.147958 1050.890170 1050.330824 1043.360677 1052.165751 1059.634097 1075.029859 1090.439163 1114.340715 1143.390684 1157.153058 1171.934164 1181.755667 1202.464824 1233.203154 1287.088793 1351.121720 1409.588954 1446.292031 1451.994693 1429.045317 1415.512019 1414.256776 1445.628517 1495.654120 1569.527431 1679.918383 1761.640993 1830.637818 1892.358884 1937.246541 1993.065940 2061.595106 2100.421270 -9999.0 -9999.0 -9999.0 -9999.0 -9999.0 -9999.0 -9999.0 -9999.0 -9999.0 -9999.0 -9999.0 -9999.0
-9999.0 -9999.0 -9999.0 -9999.0 -9999.0 -9999.0 402.253902 504.553357 586.587036 725.829138 856.528834 958.016936 1038.250540 1069.854878 1095.998418 1122.696090 1120.509472 1101.412456 1081.053943 1097.606673 1108.859302 1101.035486 1069.803394 1068.502913 1072.870570 1081.140914 1079.125932 1072.844871 1047.734160 1058.677647 1058.653540 1034.766058 1008.153903 993.766379 981.532271 990.852561 990.934630 977.361666 978.124515 1004.978106 1025.333003 1038.622758 1060.578875 1093.851892 1126.218897 1141.399138 1142.796414 1149.027864 1189.328622 1259.862246 1331.854828 1387.656070 1420.686528 1429.650411 1403.594117 1364.913929 1346.222675 1355.767432 1393.937724 1451.093995 1532.817469 1588.901201 1624.720943 1651.556364 1680.610431 1776.850850 -9999.0 -9999.0 -9999.0 -9999.0 -9999.0 -9999.0 -9999.0 -9999.0 -9999.0 -9999.0 -9999.0 -9999.0 -9999.0 -9999.0
-9999.0 -9999.0 -9999.0 -9999.0 -9999.0 -9999.0 -9999.0 -9999.0 -9999.0 -9999.0 -9999.0 -9999.0 -9999.0 -9999.0 -9999.0 -9999.0 -9999.0 -9999.0 -9999.0 -9999.0 -9999.0 -9999.0 -9999.0 -9999.0 -9999.0 -9999.0 -9999.0 -9999.0 -9999.0 -9999.0 -9999.0 -9999.0 -9999.0 -9999.0 -9999.0 -9999.0 -9999.0 -9999.0 -9999.0 -9999.0 -9999.0 -9999.0 -9999.0 -9999.0 -9999.0 -9999.0 -9999.0 -9999.0 -9999.0 -9999.0 -9999.0 -9999.0 -9999.0 -9999.0 -9999.0 -9999.0 -9999.0 -9999.0 -9999.0 -9999.0 -9999.0 -9999.0 -9999.0 -9999.0 -9999.0 -9999.0 -9999.0 -9999.0 -9999.0 -9999.0 -9999.0 -9999.0 -9999.0 -9999.0 -9999.0 -9999.0 -9999.0 -9999.0 -9999.0 -9999.0
-9999.0 -9999.0 -9999.0 -9999.0 -9999.0 -9999.0 -9999.0 -9999.0 -9999.0 -9999.0 -9999.0 -9999.0 -9999.0 -9999.0 -9999.0 -9999.0 -9999.0 -9999.0 -9999.0 -9999.0 -9999.0 -9999.0 -9999.0 -9999.0 -9999.0 -9999.0 -9999.0 -9999.0 -9999.0 -9999.0 -9999.0 -9999.0 -9999.0 -9999.0 -9999.0 -9999.0 -9999.0 -9999.0 -9999.0 -9999.0 -9999.0 -9999.0 -9999.0 -9999.0 -9999.0 -9999.0 -9999.0 -9999.0 -9999.0 -9999.0 -9999.0 -9999.0 -9999.0 -9999.0 -9999.0 -9999.0 -9999.0 -9999.0 -9999.0 -9999.0 -9999.0 -9999.0 -9999.0 -9999.0 -9999.0 -9999.0 -9999.0 -9999.0 -9999.0 -9999.0 -9999.0 -9999.0 -9999.0 -9999.0 -9999.0 -9999.0 -9999.0 -9999.0 -9999.0 -9999.0