Borden_/Borden1m_014/output_maps/psiliqL0020N0035.asc
ncols         80
nrows         18
xllcorner     620200.000000
yllcorner     5168000.000000
cellsize      1.000000
NODATA_value  -9999.0
-9999.0 -9999.0 -9999.0 -9999.0 -9999.0 -9999.0 -9999.0 -9999.0 -9999.0 -9999.0 -9999.0 -9999.0 -9999.0 -9999.0 -9999.0 -9999.0 -9999.0 -9999.0 -9999.0 -9999.0 -9999.0 -9999.0 -9999.0 -9999.0 -9999.0 -9999.0 -9999.0 -9999.0 -9999.0 -9999.0 -9999.0 -9999.0 -9999.0 -9999.0 -9999.0 -9999.0 -9999.0 -9999.0 -9999.0 -9999.0 -9999.0 -9999.0 -9999.0 -9999.0 -9999.0 -9999.0 -9999.0 -9999.0 -9999.0 -9999.0 -9999.0 -9999.0 -9999.0 -9999.0 -9999.0 -9999.0 -9999.0 -9999.0 -9999.0 -9999.0 -9999.0 -9999.0 -9999.0 -9999.0 -9999.0 -9999.0 -9999.0 -9999.0 -9999.0 -9999.0 -9999.0 -9999.0 -9999.0 -9999.0 -9999.0 -9999.0 -9999.0 -9999.0 -9999.0 -9999.0
-9999.0 -9999.0 -9999.0 -9999.0 -9999.0 -9999.0 -9999.0 -9999.0 -9999.0 -9999.0 -9999.0 -9999.0 -9999.0 -9999.0 -9999.0 -9999.0 -9999.0 -9999.0 -9999.0 -9999.0 -9999.0 -9999.0 -9999.0 -9999.0 -9999.0 -9999.0 -9999.0 -9999.0 -9999.0 -9999.0 -9999.0 -9999.0 -9999.0 -9999.0 -9999.0 -9999.0 -9999.0 -9999.0 -9999.0 -9999.0 -9999.0 -9999.0 -9999.0 -9999.0 -9999.0 -9999.0 -9999.0 -9999.0 -9999.0 -9999.0 -9999.0 -9999.0 -9999.0 -9999.0 -9999.0 -9999.0 -9999.0 -9999.0 -9999.0 -9999.0 -9999.0 -9999.0 -9999.0 -9999.0 -9999.0 -9999.0 -9999.0 -9999.0 -9999.0 -9999.0 -9999.0 -9999.0 -9999.0 -9999.0 -9999.0 -9999.0 -9999.0 -9999.0 -9999.0 -9999.0
-9999.0 -9999.0 -9999.0 -9999.0 -9999.0 -9999.0 -9999.0 -9999.0 -9999.0 -9999.0 -9999.0 -9999.0 -9999.0 -9999.0 -9999.0 -9999.0 -9999.0 -9999.0 -9999.0 -9999.0 2156.662832 2159.205974 2138.620415 2106.364676 2080.158571 2084.238820 2120.137315 2163.246102 2204.153632 2215.059363 2198.702768 2203.754167 2200.876363 2199.262240 2201.868989 2210.489053 2217.452658 2229.142710 2238.369212 2238.744755 2233.724979 2230.041907 2232.297833 2234.793526 2240.169377 2226.452157 2239.876410 2253.425398 2255.829777 2249.045776 2220.738365 2204.077914 2192.540530 2174.009230 2196.698586 2205.813681 2225.952226 2227.798362 2223.889748 2195.615905 2164.654759 -9999.0 -9999.0 -9999.0 -9999.0 -9999.0 -9999.0 -9999.0 -9999.0 -9999.0 -9999.0 -9999.0 -9999.0 -9999.0 -9999.0 -9999.0 -9999.0 -9999.0 -9999.0 -9999.0
-9999.0 -9999.0 -9999.0 -9999.0 -9999.0 -9999.0 -9999.0 -9999.0 -9999.0 -9999.0 -9999.0 -9999.0 -9999.0 -9999.0 2061.889286 2053.898066 2052.793495 2062.496640 2097.223590 2128.713513 2140.777708 2134.576723 2136.080969 2113.753883 2094.075460 2109.584573 2141.449715 2174.631365 2210.796665 2231.847062 2222.919581 2222.496734 2232.472368 2256.511219 2268.118630 2266.119973 2248.673531 2274.265447 2290.484568 2298.805424 2299.434143 2291.801313 2303.201984 2318.053713 2310.552293 2293.355270 2300.014990 2311.335860 2320.134652 2306.304630 2242.148216 2223.480021 2216.569991 2208.241159 2191.888295 2184.302730 2208.621857 2205.645154 2195.536635 2176.064528 2141.665549 2096.175712 2075.786603 2113.422726 2155.202439 2210.170714 -9999.0 -9999.0 -9999.0 -9999.0 -9999.0 -9999.0 -9999.0 -9999.0 -9999.0 -9999.0 -9999.0 -9999.0 -9999.0 -9999.0
-9999.0 -9999.0 -9999.0 -9999.0 -9999.0 -9999.0 -9999.0 -9999.0 -9999.0 1999.165808 2005.535560 2014.393962 2018.816343 2036.063522 2034.387118 2043.172247 2050.796105 2080.059320 2112.293749 2148.370699 2177.672047 2170.730165 2172.132361 2181.016254 2182.112931 2194.434482 2218.097832 2259.846162 2297.183509 2337.585168 2308.986045 2307.522935 2327.504636 2372.793774 2401.469428 2406.584085 2389.466092 2403.870589 2430.004168 2450.905837 2451.053665 2448.433754 2473.604756 2488.006122 2484.767741 2463.000997 2455.507195 2457.328394 2481.868128 2428.252534 2359.477959 2312.321572 2319.210772 2291.287581 2256.805036 2237.884337 2234.067851 2251.870444 2235.693067 2197.289662 2160.439841 2146.890808 2127.328092 2143.844963 2164.092277 2207.717420 2244.731338 2271.260283 2268.418122 2249.474275 -9999.0 -9999.0 -9999.0 -9999.0 -9999.0 -9999.0 -9999.0 -9999.0 -9999.0 -9999.0
-9999.0 -9999.0 -9999.0 -9999.0 -9999.0 -9999.0 1917.536715 1928.870121 1951.138039 1956.329268 1984.155971 1992.641443 2014.902326 2035.645173 2059.638077 2076.835636 2107.034653 2141.003712 2181.589967 2224.405861 2257.357542 2251.421493 2262.393058 2288.932557 2323.938630 2350.412447 2377.098596 2418.758451 2495.466632 2537.270027 2539.657576 2544.503544 2554.969142 2605.346960 2669.558471 2681.294300 2661.876076 2649.685987 2673.504359 2712.459432 2716.715488 2718.855112 2733.988637 2744.667430 2770.237993 2758.320543 2716.386816 2704.313475 2705.396841 2683.389407 2615.766020 2552.585581 2522.968491 2470.798451 2386.525670 2335.086367 2347.040228 2366.765923 2338.185529 2283.812145 2243.306277 2231.891956 2215.413187 2201.935920 2208.019862 2225.535096 2245.021307 2253.969495 2238.350495 2214.784902 2190.436950 2160.284086 2161.170204 2185.380807 -9999.0 -9999.0 -9999.0 -9999.0 -9999.0 -9999.0
-9999.0 -9999.0 -9999.0 -9999.0 1865.427219 1879.654450 1867.933649 1895.673185 1930.406367 1966.800051 1999.174097 2036.643731 2065.182961 2096.951318 2136.723527 2168.130698 2208.383396 2243.983619 2298.205457 2366.162797 2417.249901 2439.002964 2453.935461 2511.398251 2572.640410 2625.002573 2647.702314 2677.173309 2725.562393 2786.735324 2813.852311 2820.296238 2838.485343 2878.028153 2929.819124 2861.554000 2843.518741 2835.468307 2843.512920 2856.201175 2878.724957 2879.272022 2880.493098 2883.698707 2889.814018 2888.764285 2864.136175 2832.679505 2922.186078 2910.454616 2874.644501 2801.829655 2763.800870 2730.989374 2689.474115 2633.767296 2574.910224 2564.238201 2505.279692 2445.407244 2385.501042 2366.353445 2336.560301 2311.479769 2283.937427 2285.759067 2287.978736 2265.134986 2229.570380 2195.006037 2178.293906 2158.075849 2145.356150 2174.668466 2191.240773 2220.385877 -9999.0 -9999.0 -9999.0 -9999.0
-9999.0 -9999.0 1803.524962 1851.619946 1910.360942 1920.030793 1919.639526 1927.076346 1957.898661 2012.202546 2085.134417 2132.437249 2171.951393 2208.095915 2268.053693 2342.011352 2411.482375 2459.688872 2523.642534 2596.863877 2660.727113 2692.684487 2708.946444 2752.025900 2808.924435 2876.224043 2905.674599 2934.137694 2858.106633 2890.807972 2892.346486 2904.737121 2915.322572 2923.365812 2933.892805 2937.143757 2932.846018 2928.169996 2911.369927 2906.924999 2913.612927 2918.795318 2920.489951 2906.544061 2902.675792 2917.035444 2920.758479 2919.434582 2920.792058 2925.157659 2924.400480 2880.759023 2853.399986 2840.001899 2931.437505 2883.947295 2815.909881 2776.049119 2751.987021 2703.727115 2624.458950 2575.498997 2525.890518 2479.867881 2427.900660 2399.664095 2353.489871 2309.823856 2261.435606 2213.305081 2188.396051 2169.914323 2166.663665 2165.276863 2180.829278 2195.083956 2209.685198 2217.064952 -9999.0 -9999.0
-9999.0 1696.399360 1768.733894 1894.017605 1975.051164 2018.899333 2043.016184 2060.483918 2092.038045 2125.949584 2225.703347 2299.907482 2390.502928 2432.211134 2482.185261 2580.022393 2677.969780 2729.542988 2772.116786 2834.849787 2900.092787 2844.585511 2869.847097 2864.712226 2901.064502 2922.272816 2927.904736 2933.077754 2929.637166 2921.434117 2913.808628 2920.440657 2918.830688 2899.995838 2884.160711 2881.973345 2877.938594 2856.137594 2934.126129 2918.319684 2919.931664 2840.999363 2931.893600 2910.712203 2906.850185 2928.867145 2843.795271 2834.343784 2929.495886 2839.266418 2871.888560 2894.800463 2900.546609 2918.116572 2938.780402 2911.347449 2886.434489 2845.855368 2933.456099 2902.713446 2841.580951 2780.603447 2723.929520 2660.534533 2594.360011 2528.881368 2465.170702 2401.519792 2335.200530 2293.216051 2262.126965 2213.497270 2194.625336 2196.884410 2188.082668 2184.379987 2189.211658 2194.985503 -9999.0 -9999.0
-9999.0 1608.268762 1749.530051 1932.032476 2080.235115 2133.638975 2219.791331 2292.511771 2319.131199 2283.367303 2392.479208 2614.822193 2734.440917 2757.396515 2834.728708 2833.958294 2833.240952 2864.006624 2886.272111 2903.876134 2918.190669 2928.699914 2926.860460 2921.377461 2906.040770 2898.412967 2899.110403 2896.884958 2879.685370 2860.653713 2843.382331 2841.204571 2928.702422 2879.281999 2843.452851 2823.484878 2803.708855 2785.205884 2755.334859 2727.817304 2709.490801 2722.745890 2720.159666 2703.241649 2699.486580 2722.298252 2753.153545 2751.648653 2764.784702 2786.478650 2826.593182 2868.180993 2892.317206 2924.438033 2851.516360 2895.389794 2907.453571 2929.528819 2933.241599 2918.595272 2875.551307 2929.697058 2892.699187 2826.644225 2752.570512 2670.117979 2603.151788 2538.566334 2467.401147 2421.980946 2376.477622 2320.513405 2271.170117 2254.146189 2215.842043 2197.570187 -9999.0 -9999.0 -9999.0 -9999.0
-9999.0 1518.033637 1702.271731 1952.182798 2239.260190 2334.553475 2542.025051 2671.476764 2726.544709 2800.342787 2737.121024 2838.100056 2879.591679 2873.918025 2881.341518 2883.194268 2897.516011 2898.727917 2894.514669 2884.487364 2875.824918 2871.912432 2870.708020 2862.955714 2850.546711 2837.428751 2931.571255 2916.930467 2876.667102 2841.113299 2800.758304 2784.254188 2741.342963 2644.668572 2601.077587 2561.317404 2500.630195 2496.865788 2495.944912 2467.754777 2448.698052 2423.297091 2448.948715 2458.048469 2461.831939 2460.917634 2475.004931 2503.729964 2552.000511 2589.951701 2634.725290 2688.224922 2726.649857 2771.395960 2816.448450 2873.583032 2909.062791 2941.841467 2878.607942 2914.478349 2935.624275 2924.781595 2902.349005 2860.098481 2883.968745 2814.412315 2760.330789 2681.683500 2615.640156 2563.251681 2517.079885 2467.643199 2405.524949 2338.633346 2299.609949 -9999.0 -9999.0 -9999.0 -9999.0 -9999.0
-9999.0 1317.484170 1583.511008 1861.383672 2157.816000 2495.677913 2653.649337 2771.953965 2846.042982 2826.241311 2845.931863 2864.354389 2824.283179 2831.633222 2903.811040 2893.999058 2880.957950 2881.264459 2894.509899 2867.692928 2837.633863 2823.824449 2823.379693 2811.418494 2787.042102 2769.952491 2759.052516 2736.858800 2685.914153 2632.509201 2547.013451 2511.937541 2431.592876 2383.017851 2340.587475 2290.298661 2240.269641 2240.977699 2261.133660 2248.663109 2227.044757 2209.069779 2237.101335 2257.447314 2270.786992 2257.698601 2266.443602 2302.294406 2352.089646 2396.902303 2446.679301 2502.353588 2548.759846 2595.678433 2626.115718 2674.846245 2726.235563 2774.381977 2848.669969 2930.130878 2858.121518 2890.602028 2921.686923 2939.770430 2896.391137 2862.526613 2832.154604 2808.429834 2731.460794 2681.208759 2651.775030 2610.331634 2556.670639 -9999.0 -9999.0 -9999.0 -9999.0 -9999.0 -9999.0 -9999.0
-9999.0 1197.968978 1404.628893 1616.214818 1884.736698 2120.898379 2332.038707 2435.959215 2516.914386 2574.290356 2622.410569 2662.047388 2695.004742 2720.369380 2702.115112 2659.436521 2629.740342 2634.435702 2627.860908 2604.864169 2575.581307 2560.803704 2557.334033 2550.537161 2526.754913 2513.062247 2502.479578 2478.867654 2448.155634 2392.026237 2314.228821 2239.009105 2180.326989 2152.921432 2125.039283 2093.742769 2061.436281 2071.997439 2083.566540 2081.635079 2072.876363 2071.303248 2100.341094 2119.693397 2129.887816 2119.277057 2138.874960 2165.036121 2206.119249 2250.142915 2299.710610 2354.726116 2408.733595 2437.031087 2449.007771 2471.468797 2509.430292 2562.408648 2647.629150 2744.290342 2823.990413 2873.125026 2924.123062 2858.735125 2880.101882 2903.409571 2909.658611 2882.539548 2838.216734 2810.913645 2732.085405 -9999.0 -9999.0 -9999.0 -9999.0 -9999.0 -9999.0 -9999.0 -9999.0 -9999.0
-9999.0 -9999.0 1175.064297 1340.895277 1460.162007 1632.316302 1779.795249 1890.118946 1987.003306 2116.302057 2231.894859 2323.022090 2369.700551 2388.315852 2376.148212 2347.255392 2328.435503 2328.261680 2317.134229 2307.860106 2289.748852 2282.158285 2269.399575 2260.776781 2252.647348 2248.381171 2243.359849 2232.611610 2211.722167 2165.869773 2120.989905 2071.557931 2020.004992 1995.067273 1973.745520 1953.312729 1953.641033 1948.667725 1953.725544 1955.661270 1963.647000 1976.901261 1996.714918 2019.258427 2029.323824 2039.262591 2051.781336 2075.557139 2108.550425 2151.280086 2205.930408 2264.955461 2305.781987 2318.929737 2308.864977 2312.706889 2330.579143 2370.782872 2447.493304 2528.973803 2625.013179 2696.001652 2767.174871 2816.803964 2829.914325 2842.478028 2837.728106 2858.406624 2851.787412 2841.359940 -9999.0 -9999.0 -9999.0 -9999.0 -9999.0 -9999.0 -9999.0 -9999.0 -9999.0 -9999.0
-9999.0 -9999.0 -9999.0 -9999.0 1201.246980 1352.828676 1450.638812 1532.949691 1664.991890 1790.901338 1894.950415 1981.179776 2047.277191 2075.087980 2074.248848 2085.180643 2082.475886 2075.081478 2064.669286 2065.716630 2066.636742 2059.277410 2043.651048 2036.389433 2038.085831 2043.696268 2040.867109 2026.951845 2008.363740 1988.490841 1970.423011 1936.960878 1902.043900 1873.040327 1859.885735 1854.862143 1854.428391 1846.839856 1855.190004 1863.080498 1878.537163 1893.701283 1917.350665 1946.651706 1961.019268 1976.122570 1985.915485 2006.301930 2037.065327 2090.919225 2155.082640 2213.913419 2251.376910 2256.697331 2233.092831 2217.789914 2213.570428 2240.609869 2283.427956 2347.329525 2447.011776 2518.792556 2571.409205 2611.960541 2641.319829 2682.969902 2728.267027 2762.111702 -9999.0 -9999.0 -9999.0 -9999.0 -9999.0 -9999.0 -9999.0 -9999.0 -9999.0 -9999.0 -9999.0 -9999.0
-9999.0 -9999.0 -9999.0 -9999.0 -9999.0 -9999.0 1168.689947 1272.380798 1347.903481 1492.983565 1630.340150 1735.140625 1817.661247 1852.031183 1882.271442 1911.035155 1910.432422 1891.343538 1871.036761 1890.734764 1906.415143 1900.054690 1868.965681 1869.096286 1874.518572 1882.259415 1879.549696 1872.942866 1847.645853 1860.755578 1862.471684 1839.112430 1813.102958 1799.469664 1787.485742 1796.953078 1796.902542 1782.784486 1782.537958 1809.701721 1830.244910 1843.253729 1864.747994 1898.013433 1930.600310 1946.307531 1947.914416 1954.002883 1993.354664 2063.828720 2136.464694 2193.104364 2226.846581 2235.897347 2210.106633 2170.769592 2151.051376 2158.242373 2192.427718 2243.302229 2317.262234 2363.861825 2384.997841 2392.868555 2406.101552 2495.687134 -9999.0 -9999.0 -9999.0 -9999.0 -9999.0 -9999.0 -9999.0 -9999.0 -9999.0 -9999.0 -9999.0 -9999.0 -9999.0 -9999.0
-9999.0 -9999.0 -9999.0 -9999.0 -9999.0 -9999.0 -9999.0 -9999.0 -9999.0 -9999.0 -9999.0 -9999.0 -9999.0 -9999.0 -9999.0 -9999.0 -9999.0 -9999.0 -9999.0 -9999.0 -9999.0 -9999.0 -9999.0 -9999.0 -9999.0 -9999.0 -9999.0 -9999.0 -9999.0 -9999.0 -9999.0 -9999.0 -9999.0 -9999.0 -9999.0 -9999.0 -9999.0 -9999.0 -9999.0 -9999.0 -9999.0 -9999.0 -9999.0 -9999.0 -9999.0 -9999.0 -9999.0 -9999.0 -9999.0 -9999.0 -9999.0 -9999.0 -9999.0 -9999.0 -9999.0 -9999.0 -9999.0 -9999.0 -9999.0 -9999.0 -9999.0 -9999.0 -9999.0 -9999.0 -9999.0 -9999.0 -9999.0 -9999.0 -9999.0 -9999.0 -9999.0 -9999.0 -9999.0 -9999.0 -9999.0 -9999.0 -9999.0 -9999.0 -9999.0 -9999.0
-9999.0 -9999.0 -9999.0 -9999.0 -9999.0 -9999.0 -9999.0 -9999.0 -9999.0 -9999.0 -9999.0 -9999.0 -9999.0 -9999.0 -9999.0 -9999.0 -9999.0 -9999.0 -9999.0 -9999.0 -9999.0 -9999.0 -9999.0 -9999.0 -9999.0 -9999.0 -9999.0 -9999.0 -9999.0 -9999.0 -9999.0 -9999.0 -9999.0 -9999.0 -9999.0 -9999.0 -9999.0 -9999.0 -9999.0 -9999.0 -9999.0 -9999.0 -9999.0 -9999.0 -9999.0 -9999.0 -9999.0 -9999.0 -9999.0 -9999.0 -9999.0 -9999.0 -9999.0 -9999.0 -9999.0 -9999.0 -9999.0 -9999.0 -9999.0 -9999.0 -9999.0 -9999.0 -9999.0 -9999.0 -9999.0 -9999.0 -9999.0 -9999.0 -9999.0 -9999.0 -9999.0 -9999.0 -9999.0 -9999.0 -9999.0 -9999.0 -9999.0 -9999.0 -9999.0 -9999.0