Borden_/Borden1m_014/output_maps/psiliqL0022N0039.asc
ncols         80
nrows         18
xllcorner     620200.000000
yllcorner     5168000.000000
cellsize      1.000000
NODATA_value  -9999.0
-9999.0 -9999.0 -9999.0 -9999.0 -9999.0 -9999.0 -9999.0 -9999.0 -9999.0 -9999.0 -9999.0 -9999.0 -9999.0 -9999.0 -9999.0 -9999.0 -9999.0 -9999.0 -9999.0 -9999.0 -9999.0 -9999.0 -9999.0 -9999.0 -9999.0 -9999.0 -9999.0 -9999.0 -9999.0 -9999.0 -9999.0 -9999.0 -9999.0 -9999.0 -9999.0 -9999.0 -9999.0 -9999.0 -9999.0 -9999.0 -9999.0 -9999.0 -9999.0 -9999.0 -9999.0 -9999.0 -9999.0 -9999.0 -9999.0 -9999.0 -9999.0 -9999.0 -9999.0 -9999.0 -9999.0 -9999.0 -9999.0 -9999.0 -9999.0 -9999.0 -9999.0 -9999.0 -9999.0 -9999.0 -9999.0 -9999.0 -9999.0 -9999.0 -9999.0 -9999.0 -9999.0 -9999.0 -9999.0 -9999.0 -9999.0 -9999.0 -9999.0 -9999.0 -9999.0 -9999.0
-9999.0 -9999.0 -9999.0 -9999.0 -9999.0 -9999.0 -9999.0 -9999.0 -9999.0 -9999.0 -9999.0 -9999.0 -9999.0 -9999.0 -9999.0 -9999.0 -9999.0 -9999.0 -9999.0 -9999.0 -9999.0 -9999.0 -9999.0 -9999.0 -9999.0 -9999.0 -9999.0 -9999.0 -9999.0 -9999.0 -9999.0 -9999.0 -9999.0 -9999.0 -9999.0 -9999.0 -9999.0 -9999.0 -9999.0 -9999.0 -9999.0 -9999.0 -9999.0 -9999.0 -9999.0 -9999.0 -9999.0 -9999.0 -9999.0 -9999.0 -9999.0 -9999.0 -9999.0 -9999.0 -9999.0 -9999.0 -9999.0 -9999.0 -9999.0 -9999.0 -9999.0 -9999.0 -9999.0 -9999.0 -9999.0 -9999.0 -9999.0 -9999.0 -9999.0 -9999.0 -9999.0 -9999.0 -9999.0 -9999.0 -9999.0 -9999.0 -9999.0 -9999.0 -9999.0 -9999.0
-9999.0 -9999.0 -9999.0 -9999.0 -9999.0 -9999.0 -9999.0 -9999.0 -9999.0 -9999.0 -9999.0 -9999.0 -9999.0 -9999.0 -9999.0 -9999.0 -9999.0 -9999.0 -9999.0 -9999.0 2558.624290 2560.981386 2540.564313 2508.363835 2482.265439 2486.464794 2522.273499 2565.413632 2606.534638 2617.181944 2600.779581 2606.197693 2603.469621 2601.225231 2603.638401 2612.653657 2620.483646 2631.849638 2640.967307 2641.155457 2636.008824 2632.381636 2635.023626 2637.264278 2642.752163 2628.383372 2642.153857 2655.663509 2657.746198 2651.053402 2623.072564 2606.809310 2595.127501 2576.308615 2599.126214 2608.147791 2627.753493 2629.429259 2625.314659 2597.182753 2566.236709 -9999.0 -9999.0 -9999.0 -9999.0 -9999.0 -9999.0 -9999.0 -9999.0 -9999.0 -9999.0 -9999.0 -9999.0 -9999.0 -9999.0 -9999.0 -9999.0 -9999.0 -9999.0 -9999.0
-9999.0 -9999.0 -9999.0 -9999.0 -9999.0 -9999.0 -9999.0 -9999.0 -9999.0 -9999.0 -9999.0 -9999.0 -9999.0 -9999.0 2463.519556 2455.757079 2454.773986 2464.450659 2499.135928 2530.720297 2542.626336 2536.496225 2537.975472 2515.545652 2495.636036 2511.086412 2543.014880 2575.721908 2611.737047 2632.440766 2623.702210 2623.345326 2632.970852 2656.747549 2667.835671 2665.878246 2648.599736 2674.895758 2690.915938 2698.721548 2699.216292 2691.379478 2702.049393 2716.607908 2709.018095 2692.040224 2699.586247 2711.246899 2719.549162 2706.251335 2642.026032 2624.348827 2617.352847 2609.271548 2592.926606 2585.988622 2610.832437 2607.185555 2597.039989 2577.698459 2543.177956 2497.488771 2476.865778 2514.655323 2556.320310 2610.710590 -9999.0 -9999.0 -9999.0 -9999.0 -9999.0 -9999.0 -9999.0 -9999.0 -9999.0 -9999.0 -9999.0 -9999.0 -9999.0 -9999.0
-9999.0 -9999.0 -9999.0 -9999.0 -9999.0 -9999.0 -9999.0 -9999.0 -9999.0 2400.378574 2407.015944 2415.959799 2420.610295 2437.931397 2436.133849 2445.004424 2452.284377 2481.767638 2513.840934 2549.732393 2578.420784 2571.921354 2572.588790 2580.420890 2580.139068 2591.949934 2615.505504 2657.580897 2692.695061 2732.332970 2703.062924 2701.312355 2721.255538 2765.969520 2793.347009 2797.906578 2780.866118 2796.909374 2823.030058 2843.057078 2842.817273 2839.570907 2864.552237 2879.144502 2874.599891 2852.470392 2847.141975 2850.043031 2874.997830 2820.953251 2751.512646 2705.832038 2714.345988 2688.464804 2655.662087 2637.253047 2634.089930 2652.028411 2636.133541 2597.583510 2561.614705 2547.816331 2528.118537 2545.079006 2565.408591 2608.539996 2645.557275 2672.038822 2668.916998 2649.839339 -9999.0 -9999.0 -9999.0 -9999.0 -9999.0 -9999.0 -9999.0 -9999.0 -9999.0 -9999.0
-9999.0 -9999.0 -9999.0 -9999.0 -9999.0 -9999.0 2318.415632 2330.072969 2352.628532 2357.612637 2385.824793 2393.981867 2416.265303 2436.894248 2461.066774 2477.853616 2507.436403 2541.064777 2580.433465 2622.331395 2655.475141 2647.992186 2658.985616 2682.735711 2715.920563 2741.067298 2767.760806 2809.331898 2816.524729 2853.240856 2850.504025 2852.953913 2862.201084 2912.437180 2976.539659 2988.466561 2968.353719 2955.174248 2977.745430 3014.580412 3014.961586 3014.303539 2994.101281 3003.756519 3030.287055 3020.985531 3016.313398 3008.520907 3012.598079 2991.660627 2925.015059 2865.620898 2842.899746 2860.453955 2776.003094 2726.036390 2740.602532 2761.686006 2734.080262 2681.059856 2640.848458 2630.161557 2614.052297 2601.376539 2608.443962 2626.359540 2645.725985 2654.719134 2638.912854 2615.082576 2590.681630 2560.547497 2561.464242 2585.581726 -9999.0 -9999.0 -9999.0 -9999.0 -9999.0 -9999.0
-9999.0 -9999.0 -9999.0 -9999.0 2265.999867 2280.388810 2268.451699 2296.659073 2331.574717 2368.129692 2399.814263 2436.985512 2465.226695 2496.682532 2534.987435 2564.468628 2603.343963 2638.053797 2691.295269 2758.513851 2808.921360 2829.231131 2843.243612 2828.147651 2885.159238 2934.371640 2954.271545 2980.424651 2992.071383 3047.356364 3070.146612 3073.770172 3090.734020 3131.290443 3184.349740 3210.781016 3193.556189 3185.107170 3193.757362 3206.810573 3228.931235 3229.057243 3229.624036 3233.058180 3239.760382 3238.644350 3214.021336 3181.413212 3176.637395 3167.144077 3132.304339 3062.135076 3030.226692 3003.999308 2995.929476 2942.654236 2889.572721 2884.999574 2830.708922 2835.921921 2777.678787 2760.271866 2731.571652 2707.523899 2682.230228 2685.218573 2688.189266 2665.572719 2629.746574 2595.043956 2578.540005 2558.354957 2545.439151 2574.888381 2591.336872 2620.267161 -9999.0 -9999.0 -9999.0 -9999.0
-9999.0 -9999.0 2203.695029 2251.341241 2310.334047 2319.782845 2318.456039 2325.725926 2356.590506 2410.772378 2482.333788 2527.483093 2565.125184 2601.031590 2661.070806 2731.809164 2799.884807 2846.992711 2840.320819 2909.267068 2969.601921 2998.236380 3009.387935 3012.270388 3064.901812 3130.729999 3157.719668 3183.248876 3204.810097 3239.033938 3236.777891 3248.377789 3259.526982 3269.206902 3281.319458 3286.786165 3282.452480 3277.970652 3259.868225 3255.198996 3261.786731 3268.656974 3268.546502 3254.293560 3250.355546 3264.922162 3270.324635 3268.719180 3267.018988 3272.415471 3270.427413 3225.346320 3201.927242 3187.748095 3186.101766 3141.265855 3076.252724 3042.352146 3022.919373 3014.073814 2939.839395 2897.597411 2854.554514 2816.949812 2821.882437 2795.968136 2751.088773 2708.521386 2660.495245 2612.502923 2587.620198 2569.672955 2566.696655 2565.252666 2581.081116 2595.186281 2609.778526 2617.151377 -9999.0 -9999.0
-9999.0 2095.259539 2167.380907 2292.016139 2372.852986 2416.020477 2436.663371 2451.111383 2482.881362 2519.175392 2616.107628 2684.765035 2774.854542 2817.697778 2866.737739 2891.011096 2983.360900 2997.247196 3032.900059 3092.759699 3155.333333 3193.274448 3218.698382 3206.642029 3243.383604 3267.050531 3273.190949 3278.748772 3277.125048 3268.762838 3261.642658 3268.531686 3265.996904 3247.430812 3231.931999 3230.386523 3227.105372 3204.469593 3185.516604 3170.727538 3173.101455 3188.976372 3184.227890 3163.716023 3159.454359 3180.173075 3192.386164 3182.089481 3177.511409 3185.567757 3219.219639 3242.400794 3246.221718 3264.013057 3284.942333 3257.084148 3233.735252 3191.734375 3183.744446 3159.088514 3103.580854 3048.727368 3001.358758 2980.074144 2924.428025 2870.219262 2818.214585 2796.036552 2731.140945 2689.521415 2658.984758 2611.291310 2593.498634 2596.479329 2588.061793 2584.631220 2589.328562 2595.077152 -9999.0 -9999.0
-9999.0 2004.239064 2144.884956 2326.313688 2474.154929 2525.196360 2604.735858 2675.302765 2700.819443 2660.923793 2770.842859 2930.385445 3018.121257 3032.800302 3104.627970 3186.833412 3179.403152 3208.684394 3230.207585 3249.848312 3265.758434 3277.798195 3275.535102 3269.759873 3253.738973 3245.852474 3245.240474 3243.281355 3226.396043 3207.886304 3191.403103 3188.848327 3179.929605 3133.625255 3101.165284 3084.597528 3067.751362 3053.381151 3025.454925 3001.415648 3016.240300 2998.363297 2995.080894 3010.789249 3006.585316 2995.165285 3025.304585 3021.124416 3030.966120 3050.208403 3085.779995 3122.837331 3141.553383 3170.051123 3196.402222 3241.974450 3252.473204 3274.454678 3277.952326 3265.005945 3220.430098 3178.954116 3149.877121 3095.626636 3036.101742 3000.334710 2947.224196 2897.591081 2838.318657 2800.422039 2770.472766 2714.873559 2667.281044 2652.595929 2615.041815 2597.667752 -9999.0 -9999.0 -9999.0 -9999.0
-9999.0 1909.763282 2092.418213 2338.866909 2630.511332 2719.912017 2897.769635 2998.120311 3038.218936 3102.788506 3013.605537 3188.925381 3233.082051 3226.048564 3234.356170 3236.231027 3249.625266 3249.477028 3244.462758 3233.800450 3224.686751 3220.479005 3219.275144 3211.454947 3199.039807 3184.799536 3181.526862 3170.551565 3135.271005 3103.968514 3066.840115 3054.663361 3014.869049 2953.783496 2913.703370 2875.797396 2816.670876 2816.409118 2820.262093 2857.213371 2838.623765 2811.320981 2838.437254 2849.455910 2853.706373 2850.935894 2863.771399 2826.736672 2872.481983 2907.585764 2948.360713 2996.432396 2995.702586 3034.110838 3074.364900 3126.194737 3156.079860 3184.572191 3222.825666 3259.247657 3281.422602 3268.755979 3248.375160 3206.050557 3154.833548 3105.736871 3076.546337 3026.428804 2996.290129 2949.906236 2902.643900 2849.218779 2798.378307 2735.723503 2697.716397 -9999.0 -9999.0 -9999.0 -9999.0 -9999.0
-9999.0 1701.327872 1966.663370 2240.637873 2530.326066 2850.272427 2992.682680 3091.485859 3152.206360 3127.040670 3142.664228 3151.580567 3181.060137 3187.061700 3172.751055 3160.726493 3144.829133 3143.796673 3156.720304 3130.135713 3100.844888 3087.972803 3088.640597 3077.817167 3054.590238 3039.568217 3030.250058 3013.690150 2999.480777 2949.364888 2866.177500 2834.131747 2817.121624 2771.673616 2729.938026 2679.301718 2628.874196 2630.756129 2652.919800 2641.863130 2620.624600 2602.917276 2631.535826 2653.450105 2667.148861 2653.227111 2661.659416 2696.496150 2746.282483 2791.317936 2840.663710 2830.799021 2872.059144 2913.989440 2938.966736 2981.826579 2991.934237 3032.681145 3101.650766 3177.045959 3202.557911 3235.810659 3266.088877 3287.174137 3245.255905 3217.623766 3194.727286 3176.672899 3130.515593 3085.554783 3045.345275 2983.082009 2935.116876 -9999.0 -9999.0 -9999.0 -9999.0 -9999.0 -9999.0 -9999.0
-9999.0 1584.392955 1786.351183 1990.907094 2253.255275 2489.106064 2708.001087 2810.537640 2845.702615 2904.648621 2952.538353 2988.805997 2991.041256 3011.614506 2989.625915 2973.836647 2943.257689 2947.873227 2940.525882 2918.512307 2890.228221 2876.523140 2873.859950 2868.220645 2845.968121 2834.363019 2827.170550 2867.742973 2838.689274 2782.381520 2705.138298 2628.077449 2571.166826 2545.652868 2518.611502 2488.033486 2457.648375 2468.616291 2479.609847 2478.915317 2471.027986 2470.091908 2499.088002 2518.117228 2528.214656 2517.877242 2537.492626 2563.244753 2603.794819 2648.551555 2698.093421 2752.052166 2806.010971 2833.592623 2844.316443 2864.762774 2829.323738 2875.158616 2954.107404 3007.840404 3081.725983 3126.148730 3175.361503 3205.186339 3231.391990 3259.154501 3278.721663 3269.523682 3244.511825 3212.335188 3158.738247 -9999.0 -9999.0 -9999.0 -9999.0 -9999.0 -9999.0 -9999.0 -9999.0 -9999.0
-9999.0 -9999.0 1558.201220 1719.256795 1830.663314 1999.443295 2145.537731 2255.719592 2355.570773 2491.928578 2611.928388 2706.904513 2754.507226 2773.323175 2761.602945 2734.253132 2716.261069 2715.841605 2704.131090 2695.408737 2678.099738 2670.699743 2656.756324 2648.159151 2641.084196 2637.672603 2633.211676 2623.845531 2603.801711 2558.580107 2515.547068 2467.444803 2416.559318 2392.113315 2371.262274 2351.510476 2352.812851 2347.511663 2352.444484 2354.713761 2363.310189 2376.933696 2396.635792 2419.542979 2429.693464 2440.058108 2452.446055 2476.075324 2508.795634 2551.152963 2605.707205 2665.487064 2706.468483 2719.339377 2708.483629 2711.148386 2726.619907 2765.306017 2839.689985 2844.645420 2934.581327 3000.230412 3033.918384 3087.893482 3113.385079 3148.352232 3208.676340 3255.636661 3293.630846 3271.801916 -9999.0 -9999.0 -9999.0 -9999.0 -9999.0 -9999.0 -9999.0 -9999.0 -9999.0 -9999.0
-9999.0 -9999.0 -9999.0 -9999.0 1579.933383 1729.914415 1827.833803 1909.412834 2042.803412 2171.434787 2277.595155 2365.232255 2433.467613 2462.114540 2462.897979 2476.553564 2474.684538 2466.532578 2455.686197 2457.804541 2459.836099 2452.602555 2436.489420 2429.476815 2431.827693 2438.107905 2435.476764 2421.797309 2403.118253 2384.918403 2368.289670 2335.536002 2301.475356 2272.781077 2259.830895 2255.330549 2254.938339 2247.110140 2255.376208 2263.649789 2279.301083 2294.472892 2318.072483 2347.429934 2362.070909 2377.277809 2386.982718 2407.126039 2438.001210 2491.889092 2556.174938 2614.897131 2653.066655 2658.387797 2634.740011 2618.800242 2613.652132 2639.445528 2681.102138 2742.520746 2841.001022 2837.036337 2885.029801 2926.462765 2962.155631 2992.723432 3081.088414 3158.456566 -9999.0 -9999.0 -9999.0 -9999.0 -9999.0 -9999.0 -9999.0 -9999.0 -9999.0 -9999.0 -9999.0 -9999.0
-9999.0 -9999.0 -9999.0 -9999.0 -9999.0 -9999.0 1551.272923 1656.038719 1728.859983 1877.683400 2019.039447 2126.006851 2209.880716 2245.631809 2278.060398 2307.926544 2307.940697 2288.355402 2267.275511 2287.549137 2304.351545 2297.786863 2266.239470 2266.814129 2272.775200 2280.474643 2277.748729 2271.323550 2246.197986 2260.536152 2263.123975 2239.959455 2214.193002 2200.861809 2188.997743 2198.535877 2198.447932 2184.130098 2183.496681 2210.937086 2231.698022 2244.666263 2265.998345 2299.284036 2331.976144 2347.905464 2349.552350 2355.492422 2394.233211 2464.706034 2537.679908 2594.630737 2628.669475 2637.802572 2612.581860 2572.952622 2553.009284 2559.599160 2592.678082 2641.858443 2714.797325 2759.637826 2778.303711 2783.400281 2794.817321 2821.935378 -9999.0 -9999.0 -9999.0 -9999.0 -9999.0 -9999.0 -9999.0 -9999.0 -9999.0 -9999.0 -9999.0 -9999.0 -9999.0 -9999.0
-9999.0 -9999.0 -9999.0 -9999.0 -9999.0 -9999.0 -9999.0 -9999.0 -9999.0 -9999.0 -9999.0 -9999.0 -9999.0 -9999.0 -9999.0 -9999.0 -9999.0 -9999.0 -9999.0 -9999.0 -9999.0 -9999.0 -9999.0 -9999.0 -9999.0 -9999.0 -9999.0 -9999.0 -9999.0 -9999.0 -9999.0 -9999.0 -9999.0 -9999.0 -9999.0 -9999.0 -9999.0 -9999.0 -9999.0 -9999.0 -9999.0 -9999.0 -9999.0 -9999.0 -9999.0 -9999.0 -9999.0 -9999.0 -9999.0 -9999.0 -9999.0 -9999.0 -9999.0 -9999.0 -9999.0 -9999.0 -9999.0 -9999.0 -9999.0 -9999.0 -9999.0 -9999.0 -9999.0 -9999.0 -9999.0 -9999.0 -9999.0 -9999.0 -9999.0 -9999.0 -9999.0 -9999.0 -9999.0 -9999.0 -9999.0 -9999.0 -9999.0 -9999.0 -9999.0 -9999.0
-9999.0 -9999.0 -9999.0 -9999.0 -9999.0 -9999.0 -9999.0 -9999.0 -9999.0 -9999.0 -9999.0 -9999.0 -9999.0 -9999.0 -9999.0 -9999.0 -9999.0 -9999.0 -9999.0 -9999.0 -9999.0 -9999.0 -9999.0 -9999.0 -9999.0 -9999.0 -9999.0 -9999.0 -9999.0 -9999.0 -9999.0 -9999.0 -9999.0 -9999.0 -9999.0 -9999.0 -9999.0 -9999.0 -9999.0 -9999.0 -9999.0 -9999.0 -9999.0 -9999.0 -9999.0 -9999.0 -9999.0 -9999.0 -9999.0 -9999.0 -9999.0 -9999.0 -9999.0 -9999.0 -9999.0 -9999.0 -9999.0 -9999.0 -9999.0 -9999.0 -9999.0 -9999.0 -9999.0 -9999.0 -9999.0 -9999.0 -9999.0 -9999.0 -9999.0 -9999.0 -9999.0 -9999.0 -9999.0 -9999.0 -9999.0 -9999.0 -9999.0 -9999.0 -9999.0 -9999.0