Borden_/Borden1m_014/output_maps/psiliqL0013N0030.asc
ncols         80
nrows         18
xllcorner     620200.000000
yllcorner     5168000.000000
cellsize      1.000000
NODATA_value  -9999.0
-9999.0 -9999.0 -9999.0 -9999.0 -9999.0 -9999.0 -9999.0 -9999.0 -9999.0 -9999.0 -9999.0 -9999.0 -9999.0 -9999.0 -9999.0 -9999.0 -9999.0 -9999.0 -9999.0 -9999.0 -9999.0 -9999.0 -9999.0 -9999.0 -9999.0 -9999.0 -9999.0 -9999.0 -9999.0 -9999.0 -9999.0 -9999.0 -9999.0 -9999.0 -9999.0 -9999.0 -9999.0 -9999.0 -9999.0 -9999.0 -9999.0 -9999.0 -9999.0 -9999.0 -9999.0 -9999.0 -9999.0 -9999.0 -9999.0 -9999.0 -9999.0 -9999.0 -9999.0 -9999.0 -9999.0 -9999.0 -9999.0 -9999.0 -9999.0 -9999.0 -9999.0 -9999.0 -9999.0 -9999.0 -9999.0 -9999.0 -9999.0 -9999.0 -9999.0 -9999.0 -9999.0 -9999.0 -9999.0 -9999.0 -9999.0 -9999.0 -9999.0 -9999.0 -9999.0 -9999.0
-9999.0 -9999.0 -9999.0 -9999.0 -9999.0 -9999.0 -9999.0 -9999.0 -9999.0 -9999.0 -9999.0 -9999.0 -9999.0 -9999.0 -9999.0 -9999.0 -9999.0 -9999.0 -9999.0 -9999.0 -9999.0 -9999.0 -9999.0 -9999.0 -9999.0 -9999.0 -9999.0 -9999.0 -9999.0 -9999.0 -9999.0 -9999.0 -9999.0 -9999.0 -9999.0 -9999.0 -9999.0 -9999.0 -9999.0 -9999.0 -9999.0 -9999.0 -9999.0 -9999.0 -9999.0 -9999.0 -9999.0 -9999.0 -9999.0 -9999.0 -9999.0 -9999.0 -9999.0 -9999.0 -9999.0 -9999.0 -9999.0 -9999.0 -9999.0 -9999.0 -9999.0 -9999.0 -9999.0 -9999.0 -9999.0 -9999.0 -9999.0 -9999.0 -9999.0 -9999.0 -9999.0 -9999.0 -9999.0 -9999.0 -9999.0 -9999.0 -9999.0 -9999.0 -9999.0 -9999.0
-9999.0 -9999.0 -9999.0 -9999.0 -9999.0 -9999.0 -9999.0 -9999.0 -9999.0 -9999.0 -9999.0 -9999.0 -9999.0 -9999.0 -9999.0 -9999.0 -9999.0 -9999.0 -9999.0 -9999.0 744.597517 747.565770 725.997632 693.073872 665.985084 669.190909 704.985141 747.485045 787.253726 798.633561 781.956470 785.400030 781.804396 781.705593 785.086373 792.476080 797.054209 808.961459 818.248358 818.898005 813.837725 809.519650 810.238124 813.603921 818.637828 807.305016 820.046999 834.035934 838.099186 831.293902 802.455173 785.168340 774.654362 757.665603 780.545519 791.013712 812.474777 815.437684 812.715548 784.776181 754.101841 -9999.0 -9999.0 -9999.0 -9999.0 -9999.0 -9999.0 -9999.0 -9999.0 -9999.0 -9999.0 -9999.0 -9999.0 -9999.0 -9999.0 -9999.0 -9999.0 -9999.0 -9999.0 -9999.0
-9999.0 -9999.0 -9999.0 -9999.0 -9999.0 -9999.0 -9999.0 -9999.0 -9999.0 -9999.0 -9999.0 -9999.0 -9999.0 -9999.0 651.785070 642.697994 640.745834 650.114064 684.628832 715.522922 728.032391 721.331968 722.368474 699.918324 680.583050 695.870417 727.004086 760.286959 796.653596 818.659027 808.597501 807.651669 818.758961 845.558611 859.750858 857.947447 838.642246 862.668611 879.721589 889.965584 890.962537 883.847873 898.041267 914.217892 907.042119 888.730283 892.008056 902.357912 913.317273 897.165484 831.117569 809.371059 803.068531 794.227961 778.296675 770.179432 793.920717 792.770197 783.187128 764.015107 730.439576 685.692370 666.492241 704.176267 747.172364 803.811322 -9999.0 -9999.0 -9999.0 -9999.0 -9999.0 -9999.0 -9999.0 -9999.0 -9999.0 -9999.0 -9999.0 -9999.0 -9999.0 -9999.0
-9999.0 -9999.0 -9999.0 -9999.0 -9999.0 -9999.0 -9999.0 -9999.0 -9999.0 591.881916 596.795149 604.849214 607.988633 624.543035 623.058690 631.129793 639.465400 667.473845 699.736351 735.979789 765.862841 758.041672 760.062788 772.184492 777.916575 791.812787 815.385565 858.496946 901.857027 945.659906 919.324361 918.909290 939.726135 988.682563 1023.980541 1032.574178 1014.572888 1023.164661 1050.305070 1075.769031 1078.460072 1078.444621 1104.715136 1119.104754 1120.533137 1098.959503 1082.426385 1079.753592 1102.606307 1048.303893 979.505149 925.983227 926.480694 893.277326 851.856252 828.888916 824.019892 842.845280 825.841380 786.708210 748.719745 736.577171 718.008038 733.639787 754.651229 799.876879 837.511141 864.917555 863.609450 845.453138 -9999.0 -9999.0 -9999.0 -9999.0 -9999.0 -9999.0 -9999.0 -9999.0 -9999.0 -9999.0
-9999.0 -9999.0 -9999.0 -9999.0 -9999.0 -9999.0 511.958229 521.866614 542.744840 548.336152 574.387212 582.833887 604.575740 625.126690 647.861567 665.987516 697.905791 732.547819 775.480100 820.877516 855.320292 852.932165 866.048524 900.014855 942.219677 974.046510 1001.623851 1045.286894 1126.126049 1172.394216 1183.504324 1190.338795 1201.104082 1249.484711 1313.379994 1329.797902 1309.467379 1295.238142 1316.240689 1354.717343 1365.771501 1369.517436 1380.217157 1389.662566 1414.649264 1403.667743 1360.014228 1341.848439 1336.384987 1319.159825 1258.734088 1194.556221 1156.313887 1103.458901 1017.150961 958.489848 961.041722 975.930394 943.168752 885.928265 841.484914 828.193748 810.912480 795.292187 799.299151 816.608387 837.369685 846.969628 832.676571 810.521632 786.674159 757.103333 758.271787 783.088159 -9999.0 -9999.0 -9999.0 -9999.0 -9999.0 -9999.0
-9999.0 -9999.0 -9999.0 -9999.0 461.309799 474.589598 463.171052 488.704624 522.146950 557.182324 590.501822 629.011365 658.033519 690.143893 733.074101 770.991159 816.506637 855.289470 913.293112 985.042451 1040.312808 1069.184934 1089.125982 1150.848448 1213.571876 1266.569176 1288.450050 1317.910760 1363.850546 1427.741842 1456.934397 1464.900983 1482.374615 1516.285319 1561.797407 1594.685375 1578.475688 1571.623165 1577.839786 1590.368382 1616.162152 1618.976614 1621.463613 1623.637878 1627.216428 1625.333340 1599.690334 1564.979337 1549.668184 1539.212292 1510.759646 1442.710351 1398.634352 1366.103271 1332.330656 1280.585957 1214.329562 1194.667493 1134.890643 1074.101537 1006.212382 979.765051 945.354421 916.112261 883.086566 881.109221 881.181166 858.226869 824.255400 790.418936 774.126529 754.422367 742.918567 772.316440 789.451546 819.628846 -9999.0 -9999.0 -9999.0 -9999.0
-9999.0 -9999.0 401.459868 450.831051 508.127360 517.732350 519.706279 526.668476 556.229326 609.709713 688.049032 741.641073 787.731091 824.176272 887.628588 972.348080 1050.641647 1103.826959 1165.937755 1236.591820 1300.054150 1337.058936 1359.364547 1399.633782 1452.391005 1511.437657 1537.472380 1564.319450 1596.124013 1630.522816 1645.625558 1660.536773 1668.503400 1670.171197 1674.694893 1675.779013 1671.269981 1665.627032 1647.445965 1644.287665 1652.097456 1657.484154 1659.692065 1646.730370 1642.674186 1655.416683 1658.006327 1656.408123 1655.534418 1662.362900 1666.922938 1629.467679 1587.888888 1571.106660 1560.767684 1517.282557 1453.149567 1407.978308 1383.177612 1339.385374 1260.442832 1206.387255 1153.024200 1100.167979 1042.937940 1006.625489 955.300489 909.133654 859.721945 811.547280 786.427144 767.136338 763.821600 763.119362 778.610792 793.528190 808.508198 816.100625 -9999.0 -9999.0
-9999.0 299.174912 371.892839 498.974534 579.629742 625.693684 661.402919 688.098580 718.084550 744.048387 853.356566 950.843870 1046.009099 1085.784861 1140.380444 1240.096006 1336.624854 1383.154434 1420.805665 1475.047858 1533.792767 1581.194514 1611.052865 1627.497377 1660.002599 1670.106045 1672.232646 1675.182504 1671.200685 1664.117571 1655.443225 1661.945414 1658.491974 1640.074130 1624.373085 1620.939052 1614.339500 1588.922539 1559.848260 1544.809097 1547.505650 1569.734615 1558.348747 1538.161349 1534.513245 1555.245331 1573.816710 1565.527427 1554.292727 1572.441044 1607.658073 1629.915423 1641.601217 1657.447059 1677.938979 1653.227675 1623.443862 1581.429892 1561.076149 1530.943474 1470.924090 1408.073568 1352.427524 1290.022770 1221.440898 1150.077594 1082.778208 1017.081039 946.981616 903.295779 870.040751 818.007174 795.218693 795.694370 785.823478 782.288238 787.890167 793.972425 -9999.0 -9999.0
-9999.0 221.013617 363.968731 549.458987 698.820679 761.006753 869.731423 953.381596 985.130097 961.732709 1073.974190 1294.911199 1393.525019 1411.240412 1481.809591 1567.028243 1592.247837 1624.162307 1645.668734 1652.923041 1659.068605 1668.370035 1667.410559 1662.047473 1648.113267 1640.379104 1638.855662 1635.243541 1616.532986 1596.449764 1578.145608 1573.297165 1554.546831 1511.795868 1478.916259 1461.262521 1444.041306 1420.974685 1385.878935 1358.288291 1343.658131 1359.900241 1352.185438 1335.305425 1331.704204 1354.246673 1387.145173 1383.328932 1391.240278 1414.239574 1455.527824 1496.876209 1520.501853 1550.827286 1588.221155 1632.550489 1649.340915 1670.483539 1674.863720 1654.368223 1609.921948 1557.230043 1521.558129 1456.610195 1381.811808 1301.313946 1234.579814 1170.087721 1098.476071 1049.068105 999.492731 940.352503 883.506753 857.207447 816.371570 795.436810 -9999.0 -9999.0 -9999.0 -9999.0
-9999.0 145.453191 334.718776 595.697651 869.083934 988.232347 1192.795835 1323.293805 1385.001752 1449.912217 1443.650975 1580.233626 1616.089646 1611.907801 1608.017037 1612.200351 1628.049240 1632.345013 1629.298616 1619.682830 1610.574445 1606.569323 1605.345797 1597.592868 1585.307536 1569.925165 1555.962602 1541.371542 1500.964370 1466.263988 1430.437410 1414.382937 1375.416387 1284.352911 1241.002141 1205.547730 1149.035185 1140.227682 1130.972452 1101.121125 1080.734970 1061.295009 1081.951117 1085.091198 1087.274783 1092.679214 1111.725894 1135.295729 1179.961982 1217.418431 1263.003115 1316.657904 1352.225765 1396.728157 1444.882870 1502.893406 1536.408850 1567.767661 1615.003626 1654.591269 1677.348898 1666.089409 1636.651602 1589.436789 1516.844916 1446.194890 1393.001881 1316.997437 1250.215980 1197.077827 1152.343859 1101.628608 1034.852378 947.991758 904.027840 -9999.0 -9999.0 -9999.0 -9999.0 -9999.0
-9999.0 -27.678064 240.326755 531.322472 851.696913 1178.166882 1305.655228 1441.153902 1514.051489 1474.227268 1474.498546 1497.460591 1539.191432 1548.345578 1530.216047 1523.051900 1513.283856 1513.780149 1526.714303 1500.391455 1469.731379 1455.787445 1454.861929 1442.597411 1419.112848 1401.148854 1387.381677 1365.567079 1315.780999 1264.121957 1183.459435 1153.413880 1076.745236 1015.287239 968.407131 918.067344 866.071572 863.290115 878.751935 862.510955 839.567454 820.768323 846.944185 864.066440 876.153677 865.949674 875.924055 912.604294 963.271887 1008.921427 1061.539638 1119.274092 1167.930065 1218.164422 1252.781374 1305.759145 1354.484211 1402.418681 1477.175135 1556.743826 1593.589695 1627.993779 1660.474930 1673.590007 1620.101785 1565.948264 1508.916782 1439.970694 1351.698243 1306.353340 1284.357047 1248.370791 1194.547833 -9999.0 -9999.0 -9999.0 -9999.0 -9999.0 -9999.0 -9999.0
-9999.0 -156.344697 66.381502 301.727900 591.827472 831.365914 1023.564003 1136.200987 1216.842364 1240.813784 1268.815005 1301.935358 1333.685842 1357.196302 1336.327817 1299.005573 1271.665617 1275.855785 1272.657338 1248.409388 1218.365784 1203.062040 1200.594874 1192.921478 1167.332748 1151.241328 1138.798321 1114.151278 1076.971039 1018.789175 936.764677 864.318454 801.545326 766.822850 735.737779 702.097657 664.833736 674.453622 687.162440 682.811167 671.345546 667.735945 696.984104 715.862378 726.130243 714.367273 733.741034 761.143017 803.659339 847.434989 897.736611 954.617235 1010.285468 1042.461670 1059.851732 1090.054776 1133.629885 1190.981336 1278.975277 1374.723549 1451.868580 1501.655169 1551.610525 1582.968756 1594.048501 1603.912874 1572.327754 1479.914205 1347.763607 1351.079203 1355.553585 -9999.0 -9999.0 -9999.0 -9999.0 -9999.0 -9999.0 -9999.0 -9999.0 -9999.0
-9999.0 -9999.0 -168.512985 13.458501 159.122047 342.203239 494.311950 604.954628 690.106478 794.993789 894.501619 975.837016 1020.281968 1038.455469 1023.083469 987.072209 963.892048 963.732780 953.780702 941.598217 919.726954 910.928581 900.116514 891.532867 879.643369 872.511230 865.981900 853.204171 829.180081 780.699341 729.287066 676.656104 622.095790 595.888918 573.320128 550.902370 548.311606 544.944950 550.817406 552.005860 558.120775 570.281590 590.629386 612.393853 622.111202 630.389312 643.149790 667.182038 700.763301 743.171313 797.319889 855.244365 895.625166 909.538799 901.803792 909.501119 933.392965 980.167529 1067.136581 1156.309393 1252.287954 1324.075576 1395.069048 1445.424526 1460.139523 1473.754357 1480.379685 1396.871350 1022.445619 1270.068759 -9999.0 -9999.0 -9999.0 -9999.0 -9999.0 -9999.0 -9999.0 -9999.0 -9999.0 -9999.0
-9999.0 -9999.0 -9999.0 -9999.0 -129.058184 27.518614 123.955670 208.004805 334.268804 449.927290 546.809417 627.331500 685.859823 711.402004 704.277705 704.787783 698.513294 693.324347 683.996695 680.890226 677.593182 669.712504 656.447837 648.614442 648.323141 652.027466 649.024411 634.860303 617.051320 591.790907 569.208873 533.923328 497.035672 467.460886 454.021601 447.545606 447.319604 440.893029 449.852673 456.668493 471.657925 486.944064 510.811093 539.517608 552.809697 567.406433 577.283996 598.145302 628.631580 682.032036 745.300292 802.749790 838.192016 842.771897 818.165538 803.458802 801.361167 831.322137 880.155306 952.251868 1057.986068 1135.146822 1196.814991 1243.129694 1274.758979 1317.539609 1359.431612 1379.727278 -9999.0 -9999.0 -9999.0 -9999.0 -9999.0 -9999.0 -9999.0 -9999.0 -9999.0 -9999.0 -9999.0 -9999.0
-9999.0 -9999.0 -9999.0 -9999.0 -9999.0 -9999.0 -176.865113 -77.613334 6.595495 138.108530 261.065086 358.186066 435.836954 464.700895 487.059835 511.665458 508.590183 490.925328 473.030189 490.552429 502.213674 496.596835 467.631717 466.490096 470.406627 478.794133 476.686237 470.006858 444.661967 454.113665 453.382754 429.857254 403.496768 389.130958 377.227275 386.841972 387.236812 374.076402 375.456305 401.852003 421.820967 435.103781 457.245346 490.418153 522.594512 537.415727 538.695590 545.009062 585.877168 656.255631 727.401748 782.094862 813.999196 821.950864 794.417317 754.356229 734.050085 741.888807 778.034344 833.161623 912.049461 964.514198 995.326243 1013.968812 1037.201052 1128.855008 -9999.0 -9999.0 -9999.0 -9999.0 -9999.0 -9999.0 -9999.0 -9999.0 -9999.0 -9999.0 -9999.0 -9999.0 -9999.0 -9999.0
-9999.0 -9999.0 -9999.0 -9999.0 -9999.0 -9999.0 -9999.0 -9999.0 -9999.0 -9999.0 -9999.0 -9999.0 -9999.0 -9999.0 -9999.0 -9999.0 -9999.0 -9999.0 -9999.0 -9999.0 -9999.0 -9999.0 -9999.0 -9999.0 -9999.0 -9999.0 -9999.0 -9999.0 -9999.0 -9999.0 -9999.0 -9999.0 -9999.0 -9999.0 -9999.0 -9999.0 -9999.0 -9999.0 -9999.0 -9999.0 -9999.0 -9999.0 -9999.0 -9999.0 -9999.0 -9999.0 -9999.0 -9999.0 -9999.0 -9999.0 -9999.0 -9999.0 -9999.0 -9999.0 -9999.0 -9999.0 -9999.0 -9999.0 -9999.0 -9999.0 -9999.0 -9999.0 -9999.0 -9999.0 -9999.0 -9999.0 -9999.0 -9999.0 -9999.0 -9999.0 -9999.0 -9999.0 -9999.0 -9999.0 -9999.0 -9999.0 -9999.0 -9999.0 -9999.0 -9999.0
-9999.0 -9999.0 -9999.0 -9999.0 -9999.0 -9999.0 -9999.0 -9999.0 -9999.0 -9999.0 -9999.0 -9999.0 -9999.0 -9999.0 -9999.0 -9999.0 -9999.0 -9999.0 -9999.0 -9999.0 -9999.0 -9999.0 -9999.0 -9999.0 -9999.0 -9999.0 -9999.0 -9999.0 -9999.0 -9999.0 -9999.0 -9999.0 -9999.0 -9999.0 -9999.0 -9999.0 -9999.0 -9999.0 -9999.0 -9999.0 -9999.0 -9999.0 -9999.0 -9999.0 -9999.0 -9999.0 -9999.0 -9999.0 -9999.0 -9999.0 -9999.0 -9999.0 -9999.0 -9999.0 -9999.0 -9999.0 -9999.0 -9999.0 -9999.0 -9999.0 -9999.0 -9999.0 -9999.0 -9999.0 -9999.0 -9999.0 -9999.0 -9999.0 -9999.0 -9999.0 -9999.0 -9999.0 -9999.0 -9999.0 -9999.0 -9999.0 -9999.0 -9999.0 -9999.0 -9999.0