Borden_/Borden1m_014/output_maps/psiliqL0020N0027.asc
ncols         80
nrows         18
xllcorner     620200.000000
yllcorner     5168000.000000
cellsize      1.000000
NODATA_value  -9999.0
-9999.0 -9999.0 -9999.0 -9999.0 -9999.0 -9999.0 -9999.0 -9999.0 -9999.0 -9999.0 -9999.0 -9999.0 -9999.0 -9999.0 -9999.0 -9999.0 -9999.0 -9999.0 -9999.0 -9999.0 -9999.0 -9999.0 -9999.0 -9999.0 -9999.0 -9999.0 -9999.0 -9999.0 -9999.0 -9999.0 -9999.0 -9999.0 -9999.0 -9999.0 -9999.0 -9999.0 -9999.0 -9999.0 -9999.0 -9999.0 -9999.0 -9999.0 -9999.0 -9999.0 -9999.0 -9999.0 -9999.0 -9999.0 -9999.0 -9999.0 -9999.0 -9999.0 -9999.0 -9999.0 -9999.0 -9999.0 -9999.0 -9999.0 -9999.0 -9999.0 -9999.0 -9999.0 -9999.0 -9999.0 -9999.0 -9999.0 -9999.0 -9999.0 -9999.0 -9999.0 -9999.0 -9999.0 -9999.0 -9999.0 -9999.0 -9999.0 -9999.0 -9999.0 -9999.0 -9999.0
-9999.0 -9999.0 -9999.0 -9999.0 -9999.0 -9999.0 -9999.0 -9999.0 -9999.0 -9999.0 -9999.0 -9999.0 -9999.0 -9999.0 -9999.0 -9999.0 -9999.0 -9999.0 -9999.0 -9999.0 -9999.0 -9999.0 -9999.0 -9999.0 -9999.0 -9999.0 -9999.0 -9999.0 -9999.0 -9999.0 -9999.0 -9999.0 -9999.0 -9999.0 -9999.0 -9999.0 -9999.0 -9999.0 -9999.0 -9999.0 -9999.0 -9999.0 -9999.0 -9999.0 -9999.0 -9999.0 -9999.0 -9999.0 -9999.0 -9999.0 -9999.0 -9999.0 -9999.0 -9999.0 -9999.0 -9999.0 -9999.0 -9999.0 -9999.0 -9999.0 -9999.0 -9999.0 -9999.0 -9999.0 -9999.0 -9999.0 -9999.0 -9999.0 -9999.0 -9999.0 -9999.0 -9999.0 -9999.0 -9999.0 -9999.0 -9999.0 -9999.0 -9999.0 -9999.0 -9999.0
-9999.0 -9999.0 -9999.0 -9999.0 -9999.0 -9999.0 -9999.0 -9999.0 -9999.0 -9999.0 -9999.0 -9999.0 -9999.0 -9999.0 -9999.0 -9999.0 -9999.0 -9999.0 -9999.0 -9999.0 2154.864801 2157.402766 2136.813377 2104.547263 2078.308647 2082.331130 2118.163725 2161.229707 2202.144144 2213.101116 2196.809202 2201.891792 2198.969951 2197.211444 2199.589600 2207.892421 2214.431507 2225.614168 2234.329205 2234.263640 2228.923162 2225.060679 2227.264164 2229.790202 2235.233626 2221.607123 2235.178711 2248.995561 2251.777010 2245.449424 2217.636295 2201.360972 2190.103691 2171.771585 2194.626530 2203.900315 2224.195457 2226.174031 2222.380360 2194.210265 2163.321389 -9999.0 -9999.0 -9999.0 -9999.0 -9999.0 -9999.0 -9999.0 -9999.0 -9999.0 -9999.0 -9999.0 -9999.0 -9999.0 -9999.0 -9999.0 -9999.0 -9999.0 -9999.0 -9999.0
-9999.0 -9999.0 -9999.0 -9999.0 -9999.0 -9999.0 -9999.0 -9999.0 -9999.0 -9999.0 -9999.0 -9999.0 -9999.0 -9999.0 2060.209404 2052.172914 2051.004250 2060.641275 2095.304888 2126.745210 2138.820075 2132.615204 2134.133054 2111.822838 2092.131642 2107.584930 2139.379830 2172.533258 2208.755409 2229.927229 2221.136577 2220.806927 2230.785357 2254.713354 2266.103336 2263.770211 2245.806805 2270.785077 2286.391148 2294.203634 2294.483036 2286.680944 2298.068810 2312.994366 2305.571712 2288.438773 2295.227041 2306.815661 2316.024926 2302.687226 2239.072427 2220.815615 2214.160751 2205.984474 2189.769543 2182.350823 2206.831443 2203.984747 2193.982602 2174.617211 2140.333602 2094.981833 2074.734017 2112.501149 2154.394042 2209.452143 -9999.0 -9999.0 -9999.0 -9999.0 -9999.0 -9999.0 -9999.0 -9999.0 -9999.0 -9999.0 -9999.0 -9999.0 -9999.0 -9999.0
-9999.0 -9999.0 -9999.0 -9999.0 -9999.0 -9999.0 -9999.0 -9999.0 -9999.0 1997.820193 2004.095429 2012.826366 2017.124201 2034.279876 2032.568296 2041.288154 2048.839324 2078.038758 2110.208022 2146.207565 2175.451244 2168.496678 2169.962525 2178.941634 2180.085606 2192.364867 2215.953162 2257.707088 2295.223303 2335.915295 2307.614651 2306.384692 2326.478728 2371.734483 2400.260411 2405.050906 2387.257471 2400.840602 2426.193449 2446.490552 2446.255875 2443.483040 2468.680394 2483.214802 2480.061660 2458.303552 2450.905205 2452.991456 2477.987274 2424.895972 2356.708282 2309.987367 2317.039526 2289.133820 2254.703615 2235.955693 2232.316321 2250.237471 2234.121413 2195.798023 2159.075553 2145.684527 2126.277105 2142.935905 2163.322826 2207.115550 2244.368388 2271.118710 2268.466856 2249.650123 -9999.0 -9999.0 -9999.0 -9999.0 -9999.0 -9999.0 -9999.0 -9999.0 -9999.0 -9999.0
-9999.0 -9999.0 -9999.0 -9999.0 -9999.0 -9999.0 1916.562643 1927.779147 1949.882572 1954.913138 1982.574765 1990.893903 2013.004035 2033.639512 2057.554080 2074.662868 2104.786734 2138.723618 2179.279840 2222.009313 2254.854237 2248.936063 2260.081524 2286.895765 2322.100971 2348.587090 2375.203346 2416.920420 2493.992973 2536.325327 2539.220425 2544.493760 2555.266266 2605.817668 2670.095203 2681.553495 2661.251812 2647.987416 2670.839858 2709.090604 2712.940573 2714.930661 2730.193771 2741.012593 2766.648693 2754.689528 2712.703259 2700.855157 2702.430796 2680.977188 2613.950180 2551.143981 2521.496071 2469.077251 2384.748507 2333.492112 2345.666162 2365.457766 2336.812768 2282.420967 2242.023575 2230.784236 2214.465171 2201.124475 2207.365510 2225.094445 2244.835751 2254.045515 2238.656488 2215.277978 2191.147542 2161.020699 2161.848203 2185.986489 -9999.0 -9999.0 -9999.0 -9999.0 -9999.0 -9999.0
-9999.0 -9999.0 -9999.0 -9999.0 1864.720389 1878.844635 1866.960105 1894.506027 1929.014402 1965.175489 1997.313333 2034.543705 2062.908610 2094.590595 2134.314032 2165.643805 2205.855154 2241.531739 2295.860892 2363.808033 2414.812897 2436.638005 2451.904131 2509.920210 2571.609256 2624.109891 2646.765326 2676.261904 2724.969581 2786.645431 2814.257871 2821.168482 2839.770598 2879.678793 2931.745883 2853.769974 2835.921556 2827.863758 2835.824643 2848.353951 2870.675731 2871.058708 2872.238685 2875.419919 2881.595485 2880.700938 2856.244068 2824.864358 2920.348092 2909.032359 2873.716446 2801.218403 2763.159931 2730.127111 2688.572317 2633.111740 2574.522473 2563.827510 2504.587972 2444.522758 2384.695625 2365.746550 2336.081653 2311.082726 2283.693510 2285.742488 2288.257278 2265.739534 2230.436865 2196.031466 2179.374230 2159.083611 2146.216111 2175.354404 2191.757547 2220.781940 -9999.0 -9999.0 -9999.0 -9999.0
-9999.0 -9999.0 1803.036307 1851.061930 1909.679796 1919.200003 1918.603468 1925.766824 1956.278781 2010.270197 2082.878046 2129.885434 2169.236752 2205.408631 2265.462829 2339.444326 2408.979422 2457.457234 2521.840034 2595.287683 2659.177908 2691.191904 2707.789540 2751.466006 2808.806684 2876.292076 2905.736320 2934.209170 2849.848612 2882.457804 2883.834634 2896.166779 2906.772112 2914.880510 2925.482123 2928.967742 2924.768909 2920.174222 2903.251747 2898.780977 2905.399066 2910.658100 2912.153905 2898.198247 2894.357258 2908.783922 2912.766970 2911.542248 2912.664473 2917.212494 2916.461283 2872.858654 2845.635078 2832.278001 2931.353692 2884.101575 2816.345545 2776.466886 2752.183830 2703.804347 2624.767748 2576.094953 2526.578656 2480.596706 2428.675225 2400.656919 2354.792362 2311.526429 2263.394963 2215.319584 2190.268570 2171.522832 2167.939471 2166.193911 2181.468508 2195.505709 2209.950667 2217.253015 -9999.0 -9999.0
-9999.0 1695.975719 1768.260976 1893.458876 1974.368141 2018.058656 2041.951008 2059.057530 2090.200067 2123.726588 2223.135047 2296.999869 2387.508980 2429.500710 2479.887078 2578.004108 2676.152938 2728.158517 2771.217801 2834.304825 2899.701364 2836.549647 2861.680996 2856.381941 2892.614511 2913.777285 2919.380063 2924.517216 2921.185951 2912.933868 2905.290163 2911.954047 2910.269517 2891.541858 2875.822293 2873.773419 2869.914675 2848.147045 2934.213907 2917.491613 2918.376014 2833.133242 2929.563765 2908.485481 2904.805966 2927.059025 2836.042351 2826.574285 2928.901478 2831.363755 2864.007899 2886.784530 2892.457214 2910.003128 2930.674444 2903.255797 2878.416089 2837.864477 2934.165593 2903.532509 2842.820379 2782.378503 2726.051085 2662.872112 2597.024846 2532.004207 2468.642216 2405.280175 2339.141022 2297.027346 2265.568648 2216.293916 2196.666587 2198.230528 2188.923290 2184.915637 2189.506543 2195.183329 -9999.0 -9999.0
-9999.0 1607.844690 1749.059904 1931.476870 2079.573183 2132.896009 2218.928259 2291.269116 2317.412006 2281.206233 2390.005730 2612.064658 2731.699277 2755.152735 2833.100941 2826.589522 2825.634886 2856.156552 2878.227135 2895.718529 2909.939464 2920.479606 2918.502353 2912.914147 2897.543904 2889.945908 2890.570059 2888.470421 2871.422739 2852.517484 2835.355140 2833.151860 2929.769760 2880.648198 2845.242475 2825.512922 2805.494083 2786.099134 2755.073528 2726.436039 2707.201140 2719.870766 2717.158163 2700.309007 2696.744761 2719.947556 2751.287096 2750.390728 2764.114764 2786.281824 2826.701616 2868.503065 2892.807594 2925.022331 2843.369105 2887.226923 2899.181948 2921.230011 2925.001155 2910.482401 2867.530488 2932.133809 2895.725518 2830.371693 2757.226614 2675.604002 2609.460260 2545.626223 2474.892125 2429.094960 2382.508653 2325.260926 2274.546463 2256.154474 2217.026969 2198.297115 -9999.0 -9999.0 -9999.0 -9999.0
-9999.0 1517.611620 1701.808852 1951.652772 2238.699030 2334.135659 2541.901607 2671.386972 2726.065071 2799.210284 2735.362823 2831.969365 2873.168087 2867.064764 2874.019667 2875.731342 2889.808537 2890.835601 2886.519017 2876.465640 2867.813004 2863.890677 2862.654643 2854.889182 2842.516995 2829.347276 2932.640922 2917.818722 2877.460937 2841.897814 2801.477484 2784.741213 2741.668328 2645.053596 2601.750947 2562.150527 2501.207932 2496.739355 2494.863516 2465.669217 2445.899596 2420.010292 2445.501290 2454.650700 2458.619961 2458.042627 2472.620254 2501.962008 2550.783552 2589.124235 2634.121392 2687.837805 2726.610229 2771.582645 2816.709470 2873.946927 2909.613046 2942.608819 2870.301413 2906.204824 2927.495566 2916.665955 2894.614400 2852.954706 2889.978288 2821.836510 2769.417631 2692.483628 2627.078538 2574.509736 2527.112431 2475.446890 2410.911972 2341.378203 2301.228177 -9999.0 -9999.0 -9999.0 -9999.0 -9999.0
-9999.0 1317.068449 1583.062579 1860.893325 2157.368853 2495.566010 2654.105122 2772.649927 2846.476557 2825.959983 2844.757271 2862.508784 2818.163621 2825.142393 2902.551814 2893.327476 2880.870425 2881.751624 2895.596754 2869.356861 2839.697121 2826.069882 2825.579425 2813.357529 2788.566743 2771.010052 2759.696273 2737.142877 2685.932620 2632.488185 2546.936893 2511.584637 2430.875475 2382.254092 2339.979075 2289.802969 2239.625582 2239.959500 2259.553188 2246.479159 2224.391820 2206.098376 2233.989484 2254.315298 2267.766931 2254.908213 2263.968662 2300.146286 2350.198221 2395.157260 2445.034423 2500.942810 2547.614880 2594.802948 2625.397513 2674.306273 2726.133198 2774.732571 2849.413489 2931.371633 2850.006595 2882.583129 2913.884803 2932.672448 2890.213857 2857.937858 2829.872839 2822.030503 2746.514618 2696.846128 2666.506351 2621.509942 2565.357856 -9999.0 -9999.0 -9999.0 -9999.0 -9999.0 -9999.0 -9999.0
-9999.0 1197.558908 1404.186538 1615.737437 1884.284453 2120.656321 2332.189837 2436.348353 2517.169093 2573.959071 2621.251429 2660.108001 2692.513906 2717.905708 2700.104446 2658.012570 2628.901103 2634.189417 2628.214576 2605.796056 2576.949359 2562.381527 2558.868015 2551.794021 2527.556089 2513.350589 2502.268003 2478.180878 2447.208607 2390.986642 2313.199694 2237.896352 2179.097550 2151.675418 2123.888713 2092.673324 2060.325114 2070.697006 2081.968196 2079.708159 2070.672491 2068.904659 2097.843845 2117.185146 2127.432010 2116.932551 2136.672715 2162.959857 2204.106781 2248.114594 2297.629813 2352.623604 2406.666825 2435.036840 2447.120210 2469.821057 2508.260685 2561.824549 2647.578847 2745.050084 2825.591109 2875.690116 2927.753350 2851.824687 2874.351992 2899.454377 2908.590330 2885.550947 2845.402303 2818.057053 2750.911261 -9999.0 -9999.0 -9999.0 -9999.0 -9999.0 -9999.0 -9999.0 -9999.0 -9999.0
-9999.0 -9999.0 1174.608302 1340.404856 1459.636203 1631.823544 1779.386123 1889.730638 1986.416838 2115.296526 2230.274335 2320.703851 2366.892094 2385.385505 2373.414693 2344.977293 2326.672960 2327.006736 2316.373984 2307.563726 2289.809462 2282.397104 2269.602100 2260.797572 2252.369800 2247.763399 2242.415176 2231.394076 2210.326699 2164.431634 2119.601896 2070.204245 2018.656327 1993.751360 1972.498982 1952.120991 1952.440666 1947.381643 1952.295540 1954.065223 1961.900578 1975.041458 1994.787189 2017.301036 2027.378628 2037.358349 2049.926419 2073.731292 2106.706394 2149.361864 2203.895725 2262.789694 2303.513427 2316.607571 2306.562263 2310.539451 2328.673192 2369.239388 2446.409284 2528.665499 2625.647709 2697.755010 2770.496491 2821.879379 2837.173456 2852.306298 2837.847483 2863.886941 2864.902410 2853.540190 -9999.0 -9999.0 -9999.0 -9999.0 -9999.0 -9999.0 -9999.0 -9999.0 -9999.0 -9999.0
-9999.0 -9999.0 -9999.0 -9999.0 1200.660585 1352.211798 1449.949272 1532.171745 1664.019805 1789.608200 1893.208169 1978.950711 2044.685573 2072.342129 2071.586421 2082.793168 2080.451074 2073.432807 2063.385083 2064.763678 2065.938673 2058.717484 2043.105000 2035.742967 2037.262757 2042.667303 2039.641164 2025.568514 2006.890290 1987.012620 1968.999129 1935.598296 1900.732526 1871.783040 1858.686057 1853.704189 1853.275550 1845.649039 1853.927127 1861.728523 1877.098995 1892.193441 1915.796986 1945.077978 1959.440373 1974.548169 1984.343823 2004.715023 2035.427280 2089.189497 2153.225141 2211.913362 2249.229316 2254.448819 2230.811594 2215.548245 2211.437030 2238.641408 2281.733126 2346.101757 2446.513031 2519.530653 2573.677584 2615.993517 2647.377565 2692.110679 2741.672874 2777.973574 -9999.0 -9999.0 -9999.0 -9999.0 -9999.0 -9999.0 -9999.0 -9999.0 -9999.0 -9999.0 -9999.0 -9999.0
-9999.0 -9999.0 -9999.0 -9999.0 -9999.0 -9999.0 1167.864748 1271.464863 1346.808109 1491.616703 1628.628752 1733.052128 1815.284716 1849.520387 1879.795064 1908.742620 1908.409666 1889.616469 1869.598280 1889.555271 1905.434253 1899.186780 1868.121424 1868.189855 1873.493754 1881.093810 1878.250068 1871.540937 1846.193318 1859.313069 1861.081037 1837.785401 1811.837530 1798.263917 1786.332364 1795.836608 1795.796934 1781.660371 1781.371379 1808.476864 1828.960871 1841.919282 1863.377266 1896.621025 1929.194538 1944.892030 1946.484525 1952.543086 1991.839620 2062.220312 2134.730899 2191.229352 2224.824990 2233.764031 2207.914906 2168.576686 2148.901599 2156.174391 2190.511831 2241.684419 2316.219946 2363.786161 2386.243991 2395.661818 2410.592475 2501.880413 -9999.0 -9999.0 -9999.0 -9999.0 -9999.0 -9999.0 -9999.0 -9999.0 -9999.0 -9999.0 -9999.0 -9999.0 -9999.0 -9999.0
-9999.0 -9999.0 -9999.0 -9999.0 -9999.0 -9999.0 -9999.0 -9999.0 -9999.0 -9999.0 -9999.0 -9999.0 -9999.0 -9999.0 -9999.0 -9999.0 -9999.0 -9999.0 -9999.0 -9999.0 -9999.0 -9999.0 -9999.0 -9999.0 -9999.0 -9999.0 -9999.0 -9999.0 -9999.0 -9999.0 -9999.0 -9999.0 -9999.0 -9999.0 -9999.0 -9999.0 -9999.0 -9999.0 -9999.0 -9999.0 -9999.0 -9999.0 -9999.0 -9999.0 -9999.0 -9999.0 -9999.0 -9999.0 -9999.0 -9999.0 -9999.0 -9999.0 -9999.0 -9999.0 -9999.0 -9999.0 -9999.0 -9999.0 -9999.0 -9999.0 -9999.0 -9999.0 -9999.0 -9999.0 -9999.0 -9999.0 -9999.0 -9999.0 -9999.0 -9999.0 -9999.0 -9999.0 -9999.0 -9999.0 -9999.0 -9999.0 -9999.0 -9999.0 -9999.0 -9999.0
-9999.0 -9999.0 -9999.0 -9999.0 -9999.0 -9999.0 -9999.0 -9999.0 -9999.0 -9999.0 -9999.0 -9999.0 -9999.0 -9999.0 -9999.0 -9999.0 -9999.0 -9999.0 -9999.0 -9999.0 -9999.0 -9999.0 -9999.0 -9999.0 -9999.0 -9999.0 -9999.0 -9999.0 -9999.0 -9999.0 -9999.0 -9999.0 -9999.0 -9999.0 -9999.0 -9999.0 -9999.0 -9999.0 -9999.0 -9999.0 -9999.0 -9999.0 -9999.0 -9999.0 -9999.0 -9999.0 -9999.0 -9999.0 -9999.0 -9999.0 -9999.0 -9999.0 -9999.0 -9999.0 -9999.0 -9999.0 -9999.0 -9999.0 -9999.0 -9999.0 -9999.0 -9999.0 -9999.0 -9999.0 -9999.0 -9999.0 -9999.0 -9999.0 -9999.0 -9999.0 -9999.0 -9999.0 -9999.0 -9999.0 -9999.0 -9999.0 -9999.0 -9999.0 -9999.0 -9999.0