Borden_/Borden1m_014/output_maps/psiliqL0023N0014.asc
ncols         80
nrows         18
xllcorner     620200.000000
yllcorner     5168000.000000
cellsize      1.000000
NODATA_value  -9999.0
-9999.0 -9999.0 -9999.0 -9999.0 -9999.0 -9999.0 -9999.0 -9999.0 -9999.0 -9999.0 -9999.0 -9999.0 -9999.0 -9999.0 -9999.0 -9999.0 -9999.0 -9999.0 -9999.0 -9999.0 -9999.0 -9999.0 -9999.0 -9999.0 -9999.0 -9999.0 -9999.0 -9999.0 -9999.0 -9999.0 -9999.0 -9999.0 -9999.0 -9999.0 -9999.0 -9999.0 -9999.0 -9999.0 -9999.0 -9999.0 -9999.0 -9999.0 -9999.0 -9999.0 -9999.0 -9999.0 -9999.0 -9999.0 -9999.0 -9999.0 -9999.0 -9999.0 -9999.0 -9999.0 -9999.0 -9999.0 -9999.0 -9999.0 -9999.0 -9999.0 -9999.0 -9999.0 -9999.0 -9999.0 -9999.0 -9999.0 -9999.0 -9999.0 -9999.0 -9999.0 -9999.0 -9999.0 -9999.0 -9999.0 -9999.0 -9999.0 -9999.0 -9999.0 -9999.0 -9999.0
-9999.0 -9999.0 -9999.0 -9999.0 -9999.0 -9999.0 -9999.0 -9999.0 -9999.0 -9999.0 -9999.0 -9999.0 -9999.0 -9999.0 -9999.0 -9999.0 -9999.0 -9999.0 -9999.0 -9999.0 -9999.0 -9999.0 -9999.0 -9999.0 -9999.0 -9999.0 -9999.0 -9999.0 -9999.0 -9999.0 -9999.0 -9999.0 -9999.0 -9999.0 -9999.0 -9999.0 -9999.0 -9999.0 -9999.0 -9999.0 -9999.0 -9999.0 -9999.0 -9999.0 -9999.0 -9999.0 -9999.0 -9999.0 -9999.0 -9999.0 -9999.0 -9999.0 -9999.0 -9999.0 -9999.0 -9999.0 -9999.0 -9999.0 -9999.0 -9999.0 -9999.0 -9999.0 -9999.0 -9999.0 -9999.0 -9999.0 -9999.0 -9999.0 -9999.0 -9999.0 -9999.0 -9999.0 -9999.0 -9999.0 -9999.0 -9999.0 -9999.0 -9999.0 -9999.0 -9999.0
-9999.0 -9999.0 -9999.0 -9999.0 -9999.0 -9999.0 -9999.0 -9999.0 -9999.0 -9999.0 -9999.0 -9999.0 -9999.0 -9999.0 -9999.0 -9999.0 -9999.0 -9999.0 -9999.0 -9999.0 2757.984444 2760.367887 2740.245925 2708.421343 2682.821914 2687.428960 2723.190824 2765.880558 2806.462991 2816.558721 2800.320030 2806.916533 2805.961358 2805.164256 2809.272775 2819.733047 2828.878052 2839.187046 2846.970301 2845.292404 2838.168679 2832.899672 2834.596135 2836.312564 2842.286658 2828.770220 2844.300715 2788.501161 2793.042095 2790.040908 2829.343587 2812.575355 2799.965085 2780.372401 2802.824159 2811.504995 2790.882315 2795.226791 2793.514780 2798.530061 2767.618490 -9999.0 -9999.0 -9999.0 -9999.0 -9999.0 -9999.0 -9999.0 -9999.0 -9999.0 -9999.0 -9999.0 -9999.0 -9999.0 -9999.0 -9999.0 -9999.0 -9999.0 -9999.0 -9999.0
-9999.0 -9999.0 -9999.0 -9999.0 -9999.0 -9999.0 -9999.0 -9999.0 -9999.0 -9999.0 -9999.0 -9999.0 -9999.0 -9999.0 2661.642975 2654.122267 2653.455077 2663.521396 2698.705062 2730.814963 2742.768515 2736.919065 2738.683586 2716.767108 2697.547871 2713.688979 2745.821061 2777.222701 2812.255661 2832.164399 2823.699861 2824.635576 2836.161394 2789.912639 2798.708815 2795.657366 2859.421186 2801.664263 2814.913442 2819.964116 2818.046598 2808.332622 2817.752130 2831.928860 2824.923074 2809.485370 2819.393991 2833.545077 2844.730880 2835.795929 2850.253648 2831.825464 2823.478080 2814.666351 2797.812524 2791.185454 2815.770921 2810.505685 2799.801523 2780.513516 2745.956465 2700.448815 2679.590659 2717.271729 2758.780143 2787.571023 -9999.0 -9999.0 -9999.0 -9999.0 -9999.0 -9999.0 -9999.0 -9999.0 -9999.0 -9999.0 -9999.0 -9999.0 -9999.0 -9999.0
-9999.0 -9999.0 -9999.0 -9999.0 -9999.0 -9999.0 -9999.0 -9999.0 -9999.0 2599.573294 2606.029109 2614.730004 2619.277893 2636.550212 2634.703914 2643.865664 2651.403002 2681.647613 2714.494716 2751.185979 2779.720301 2774.382112 2774.620218 2782.892915 2783.473954 2796.556390 2820.693146 2790.751183 2822.509210 2858.170596 2825.390055 2820.911825 2838.676488 2880.869368 2906.041308 2909.123448 2891.094762 2905.641877 2929.174523 2945.815765 2942.553926 2937.006367 2962.028820 2976.648717 2972.205424 2951.485366 2948.500070 2954.745176 2983.155850 2932.817292 2867.778167 2827.310201 2841.060836 2818.983991 2791.426841 2845.681954 2841.760781 2799.846236 2787.743460 2802.390963 2767.282809 2752.989386 2732.699593 2749.431676 2769.577452 2783.149126 2822.877476 2852.619531 2852.344868 2835.214555 -9999.0 -9999.0 -9999.0 -9999.0 -9999.0 -9999.0 -9999.0 -9999.0 -9999.0 -9999.0
-9999.0 -9999.0 -9999.0 -9999.0 -9999.0 -9999.0 2519.227634 2530.869116 2553.211120 2557.509822 2585.560330 2593.094741 2615.231496 2635.867097 2660.457154 2677.652271 2707.760721 2742.380823 2782.230425 2825.278254 2795.499343 2852.432225 2790.446141 2811.051595 2839.870498 2860.621834 2883.284468 2920.336554 2981.006236 3016.929818 3011.820580 3012.914010 3021.066763 3070.546323 3134.006151 3145.618178 3125.163147 3111.749007 3134.199399 3170.664331 3169.846449 3168.753514 3179.727685 3190.024312 3216.638694 3206.611439 3171.891679 3165.142358 3170.245158 3149.620295 3083.510777 3026.183371 3005.627355 2971.299524 2889.804927 2845.332267 2865.356949 2891.097646 2868.410089 2819.492043 2849.874498 2838.545608 2821.431830 2808.224933 2815.278245 2794.801219 2818.684379 2832.322007 2820.547950 2800.079500 2797.073745 2766.309857 2766.319150 2789.644931 -9999.0 -9999.0 -9999.0 -9999.0 -9999.0 -9999.0
-9999.0 -9999.0 -9999.0 -9999.0 2467.558089 2482.175141 2469.980593 2498.266389 2532.971751 2569.194099 2599.938277 2636.844896 2664.907335 2696.582835 2734.539388 2764.315362 2803.955354 2839.957948 2819.786126 2881.422820 2926.293794 2941.563909 2950.384167 2990.373920 3046.223463 3093.422886 3111.741934 3136.863479 3179.448017 3235.160553 3257.600144 3260.830399 3277.637284 3318.795041 3372.675254 3407.017435 3389.759297 3381.143100 3390.178444 3403.561796 3425.676989 3425.780254 3426.862631 3430.494206 3437.460547 3436.160668 3410.632189 3377.711395 3365.030040 3355.435967 3319.903539 3249.469290 3218.336236 3190.719223 3152.724859 3100.267713 3050.263184 3048.877941 2995.635678 2952.692905 2901.188262 2890.664563 2868.691788 2851.346515 2832.278252 2842.609733 2853.110303 2837.360655 2807.459782 2805.141616 2787.989867 2766.367143 2751.761195 2779.809833 2784.753160 2814.435644 -9999.0 -9999.0 -9999.0 -9999.0
-9999.0 -9999.0 2404.722950 2452.590553 2512.256951 2522.192878 2520.850260 2528.088746 2558.755705 2612.572254 2683.539138 2726.982985 2763.881462 2800.351696 2789.473661 2853.457085 2914.536617 2956.867882 3002.913582 3070.577780 3128.918115 3155.898293 3165.194669 3198.819376 3252.027058 3318.470223 3345.513396 3371.177252 3401.667589 3436.595236 3432.709510 3444.049393 3455.544042 3466.070573 3478.968822 3484.989256 3480.508494 3475.992683 3457.661316 3452.851192 3459.409231 3466.698663 3466.245159 3451.868688 3447.918089 3462.604509 3468.331797 3466.589892 3464.374397 3469.739844 3467.063017 3421.082833 3399.301043 3384.745645 3374.272888 3329.208292 3263.988929 3230.821856 3210.661732 3172.250450 3099.866513 3060.986661 3021.192721 2985.829786 2956.066076 2940.043568 2905.519564 2872.193015 2832.461902 2791.142225 2802.179990 2781.901423 2776.574226 2771.872263 2785.959720 2789.388690 2805.183003 2813.206502 -9999.0 -9999.0
-9999.0 2295.473541 2367.837855 2493.034711 2575.012746 2620.075127 2640.682428 2653.717753 2685.528343 2723.559773 2818.475241 2813.062099 2895.411524 2931.189736 2972.464825 3050.817883 3142.251925 3183.043752 3220.014232 3280.513880 3343.679287 3389.492843 3415.198156 3401.014845 3438.475772 3463.740417 3470.391133 3476.327373 3475.243266 3466.841012 3459.898429 3466.736960 3463.996225 3445.269861 3429.625859 3428.040730 3424.740650 3401.823451 3374.681610 3359.683886 3361.537949 3385.926070 3373.231451 3352.059805 3347.723793 3369.071702 3389.610881 3379.188461 3366.256700 3382.618867 3416.624725 3440.267194 3443.346455 3461.332714 3482.319328 3454.146090 3431.358870 3388.762332 3372.354675 3347.305447 3291.742041 3237.157912 3189.768637 3142.297750 3089.773687 3039.867047 2992.262012 2952.224525 2897.498796 2863.641838 2838.357062 2794.188533 2808.995944 2785.374800 2794.197731 2788.793991 2784.537908 2791.062576 -9999.0 -9999.0
-9999.0 2203.163066 2344.056069 2526.350233 2676.919923 2730.705238 2810.339174 2823.746993 2839.135716 2865.122664 2889.347979 3091.971741 3204.530830 3219.627815 3291.984707 3382.821065 3372.738504 3402.827062 3424.755532 3445.992305 3463.153885 3475.866424 3473.729643 3468.102583 3451.939928 3444.010621 3443.218545 3441.223370 3424.208279 3405.597081 3389.053895 3386.269205 3369.093233 3321.768943 3289.362388 3272.805086 3255.615552 3241.675455 3213.915501 3188.523761 3174.116554 3184.961803 3181.935742 3168.726947 3164.292090 3181.890455 3212.614664 3209.463675 3219.462186 3238.676302 3273.924099 3310.972117 3329.923484 3358.445639 3393.463195 3439.756907 3449.778407 3471.866050 3475.216222 3462.938473 3417.750659 3367.359072 3338.455585 3284.073234 3224.753013 3164.231848 3116.005357 3071.610002 3017.050021 2982.643058 2948.347780 2894.028779 2848.936690 2838.130724 2803.781782 2789.411949 -9999.0 -9999.0 -9999.0 -9999.0
-9999.0 2106.725003 2289.312790 2535.732407 2805.881883 2883.857176 3076.446093 3187.896537 3226.891555 3291.689422 3193.837393 3381.654939 3428.420335 3421.864798 3431.984606 3434.252780 3447.851898 3447.553957 3442.505449 3431.738779 3422.494172 3418.187852 3417.018977 3409.172318 3396.701411 3382.260793 3370.652571 3359.628015 3323.871607 3292.690754 3255.341700 3243.410191 3201.642590 3112.513999 3073.963563 3037.255870 2979.198720 2980.692268 2985.538911 2972.611081 2953.857642 2927.710449 2955.325938 2964.420114 2968.007633 2964.922801 2975.843728 2990.996556 3036.535953 3069.913356 3108.460763 3155.476084 3184.048034 3222.602761 3262.490963 3314.082885 3344.346986 3372.751745 3420.128224 3456.783438 3479.191807 3466.058334 3446.171526 3403.180090 3343.793289 3294.971607 3266.862212 3217.582821 3175.233880 3131.651129 3085.493507 3033.011202 2976.215273 2918.360751 2883.258479 -9999.0 -9999.0 -9999.0 -9999.0 -9999.0
-9999.0 1894.412226 2160.176727 2434.346715 2725.343969 3027.754924 3182.906685 3279.646278 3340.581409 3316.899077 3334.009271 3341.935669 3378.208332 3384.479028 3362.973727 3349.993761 3333.581650 3332.493789 3345.449829 3318.711225 3289.249109 3276.340723 3277.149248 3266.440532 3243.148503 3228.266929 3218.937484 3201.175846 3159.528746 3110.729116 3029.061112 2997.792121 2932.314276 2890.702680 2853.214385 2806.807524 2832.619859 2833.859000 2790.008566 2846.431905 2825.746924 2808.432823 2837.623194 2791.302159 2803.850913 2788.630069 2795.450146 2829.203158 2875.425589 2915.451665 2959.496812 2997.034158 3037.671261 3076.956139 3098.949903 3139.210645 3179.521639 3220.339364 3289.227098 3365.397096 3399.784481 3433.446660 3463.362137 3484.780227 3442.574296 3415.394673 3392.415050 3369.906020 3324.719316 3279.950870 3239.472606 3176.508126 3117.394375 -9999.0 -9999.0 -9999.0 -9999.0 -9999.0 -9999.0 -9999.0
-9999.0 1778.755675 1979.100503 2181.776691 2444.514421 2685.826938 2857.279026 2949.027038 3010.940961 3071.278975 3119.030158 3154.108123 3178.979665 3199.841189 3177.074246 3133.754119 3102.469005 3107.149627 3099.533934 3078.150396 3050.556892 3037.643509 3035.773081 3030.947735 3009.627639 2999.105018 2992.314875 2984.901293 2958.773335 2906.535630 2834.691950 2834.359552 2776.467771 2750.525050 2722.280286 2690.213964 2659.832778 2670.100958 2680.007599 2680.701174 2673.561002 2673.175670 2702.320427 2720.665415 2730.736789 2720.593495 2740.465440 2766.649467 2807.964298 2792.489063 2836.913509 2886.534601 2934.915185 2956.263062 2960.501538 2974.548249 2991.913428 3035.204405 3111.117410 3194.917154 3269.633408 3313.834826 3363.617767 3402.407456 3429.245765 3456.395874 3476.991398 3468.678602 3443.883683 3411.256811 3354.155459 -9999.0 -9999.0 -9999.0 -9999.0 -9999.0 -9999.0 -9999.0 -9999.0 -9999.0
-9999.0 -9999.0 1751.678425 1911.452613 2020.796668 2190.587528 2339.321329 2453.086878 2558.296119 2702.293024 2826.431816 2837.210009 2881.674432 2897.278291 2883.232809 2853.903520 2835.651802 2835.180906 2823.760093 2816.304237 2800.674400 2795.217601 2860.802678 2850.497163 2842.960767 2839.774612 2835.996795 2827.792077 2808.392413 2762.773995 2719.262197 2670.973880 2618.872620 2593.840983 2572.316609 2551.967093 2553.011020 2547.096541 2551.820401 2554.373141 2563.457092 2577.433436 2597.201979 2620.531651 2630.762185 2641.375326 2653.827594 2677.708476 2710.875238 2753.363909 2808.649216 2816.702874 2852.218069 2859.633778 2843.189597 2839.891141 2849.849302 2880.851036 2946.443633 3004.478525 3092.019316 3156.056765 3221.132615 3275.879856 3301.773847 3338.116910 3406.418561 3454.304677 3494.453936 3472.182856 -9999.0 -9999.0 -9999.0 -9999.0 -9999.0 -9999.0 -9999.0 -9999.0 -9999.0 -9999.0
-9999.0 -9999.0 -9999.0 -9999.0 1773.443408 1923.930772 2023.374877 2106.655667 2242.646350 2374.412126 2483.273073 2571.506538 2640.835722 2670.490713 2672.618941 2688.293109 2687.082448 2678.034218 2665.559878 2665.943250 2665.696005 2655.749827 2637.401835 2629.253863 2631.234661 2637.696431 2635.399487 2622.225916 2603.675749 2586.067070 2569.561695 2536.513299 2502.484448 2473.408419 2460.028463 2455.281892 2454.512365 2446.333331 2454.499470 2463.043277 2478.921500 2494.220070 2517.871959 2547.167984 2561.943893 2577.206704 2586.906870 2607.023548 2638.340921 2692.611148 2757.400398 2816.099209 2811.456014 2812.208952 2839.961175 2825.182799 2821.732090 2849.737519 2803.183829 2856.066132 2946.144792 2996.396803 3042.654372 3082.246867 3118.424391 3180.702711 3272.440533 3352.205097 -9999.0 -9999.0 -9999.0 -9999.0 -9999.0 -9999.0 -9999.0 -9999.0 -9999.0 -9999.0 -9999.0 -9999.0
-9999.0 -9999.0 -9999.0 -9999.0 -9999.0 -9999.0 1747.856877 1854.169307 1926.996770 2079.064802 2223.364678 2332.015778 2416.800584 2453.231297 2487.118229 2517.892989 2518.231708 2497.830486 2475.144590 2493.920227 2509.159410 2500.442965 2467.195826 2466.923761 2472.588900 2480.143041 2477.583004 2471.530810 2446.655019 2461.528147 2464.237976 2440.759365 2414.722185 2401.117218 2388.994580 2398.265105 2397.926687 2383.381962 2382.539455 2410.188142 2431.164816 2444.214041 2465.535493 2498.853149 2531.601575 2547.634917 2549.307484 2555.213099 2593.658972 2664.359812 2737.753633 2795.072118 2793.062046 2798.063449 2816.270545 2777.693115 2759.488366 2768.464984 2804.505780 2857.506445 2828.096451 2865.759737 2879.807583 2884.006555 2898.253528 2980.318292 -9999.0 -9999.0 -9999.0 -9999.0 -9999.0 -9999.0 -9999.0 -9999.0 -9999.0 -9999.0 -9999.0 -9999.0 -9999.0 -9999.0
-9999.0 -9999.0 -9999.0 -9999.0 -9999.0 -9999.0 -9999.0 -9999.0 -9999.0 -9999.0 -9999.0 -9999.0 -9999.0 -9999.0 -9999.0 -9999.0 -9999.0 -9999.0 -9999.0 -9999.0 -9999.0 -9999.0 -9999.0 -9999.0 -9999.0 -9999.0 -9999.0 -9999.0 -9999.0 -9999.0 -9999.0 -9999.0 -9999.0 -9999.0 -9999.0 -9999.0 -9999.0 -9999.0 -9999.0 -9999.0 -9999.0 -9999.0 -9999.0 -9999.0 -9999.0 -9999.0 -9999.0 -9999.0 -9999.0 -9999.0 -9999.0 -9999.0 -9999.0 -9999.0 -9999.0 -9999.0 -9999.0 -9999.0 -9999.0 -9999.0 -9999.0 -9999.0 -9999.0 -9999.0 -9999.0 -9999.0 -9999.0 -9999.0 -9999.0 -9999.0 -9999.0 -9999.0 -9999.0 -9999.0 -9999.0 -9999.0 -9999.0 -9999.0 -9999.0 -9999.0
-9999.0 -9999.0 -9999.0 -9999.0 -9999.0 -9999.0 -9999.0 -9999.0 -9999.0 -9999.0 -9999.0 -9999.0 -9999.0 -9999.0 -9999.0 -9999.0 -9999.0 -9999.0 -9999.0 -9999.0 -9999.0 -9999.0 -9999.0 -9999.0 -9999.0 -9999.0 -9999.0 -9999.0 -9999.0 -9999.0 -9999.0 -9999.0 -9999.0 -9999.0 -9999.0 -9999.0 -9999.0 -9999.0 -9999.0 -9999.0 -9999.0 -9999.0 -9999.0 -9999.0 -9999.0 -9999.0 -9999.0 -9999.0 -9999.0 -9999.0 -9999.0 -9999.0 -9999.0 -9999.0 -9999.0 -9999.0 -9999.0 -9999.0 -9999.0 -9999.0 -9999.0 -9999.0 -9999.0 -9999.0 -9999.0 -9999.0 -9999.0 -9999.0 -9999.0 -9999.0 -9999.0 -9999.0 -9999.0 -9999.0 -9999.0 -9999.0 -9999.0 -9999.0 -9999.0 -9999.0