Borden_/Borden1m_014/output_maps/psiliqL0024N0033.asc
ncols         80
nrows         18
xllcorner     620200.000000
yllcorner     5168000.000000
cellsize      1.000000
NODATA_value  -9999.0
-9999.0 -9999.0 -9999.0 -9999.0 -9999.0 -9999.0 -9999.0 -9999.0 -9999.0 -9999.0 -9999.0 -9999.0 -9999.0 -9999.0 -9999.0 -9999.0 -9999.0 -9999.0 -9999.0 -9999.0 -9999.0 -9999.0 -9999.0 -9999.0 -9999.0 -9999.0 -9999.0 -9999.0 -9999.0 -9999.0 -9999.0 -9999.0 -9999.0 -9999.0 -9999.0 -9999.0 -9999.0 -9999.0 -9999.0 -9999.0 -9999.0 -9999.0 -9999.0 -9999.0 -9999.0 -9999.0 -9999.0 -9999.0 -9999.0 -9999.0 -9999.0 -9999.0 -9999.0 -9999.0 -9999.0 -9999.0 -9999.0 -9999.0 -9999.0 -9999.0 -9999.0 -9999.0 -9999.0 -9999.0 -9999.0 -9999.0 -9999.0 -9999.0 -9999.0 -9999.0 -9999.0 -9999.0 -9999.0 -9999.0 -9999.0 -9999.0 -9999.0 -9999.0 -9999.0 -9999.0
-9999.0 -9999.0 -9999.0 -9999.0 -9999.0 -9999.0 -9999.0 -9999.0 -9999.0 -9999.0 -9999.0 -9999.0 -9999.0 -9999.0 -9999.0 -9999.0 -9999.0 -9999.0 -9999.0 -9999.0 -9999.0 -9999.0 -9999.0 -9999.0 -9999.0 -9999.0 -9999.0 -9999.0 -9999.0 -9999.0 -9999.0 -9999.0 -9999.0 -9999.0 -9999.0 -9999.0 -9999.0 -9999.0 -9999.0 -9999.0 -9999.0 -9999.0 -9999.0 -9999.0 -9999.0 -9999.0 -9999.0 -9999.0 -9999.0 -9999.0 -9999.0 -9999.0 -9999.0 -9999.0 -9999.0 -9999.0 -9999.0 -9999.0 -9999.0 -9999.0 -9999.0 -9999.0 -9999.0 -9999.0 -9999.0 -9999.0 -9999.0 -9999.0 -9999.0 -9999.0 -9999.0 -9999.0 -9999.0 -9999.0 -9999.0 -9999.0 -9999.0 -9999.0 -9999.0 -9999.0
-9999.0 -9999.0 -9999.0 -9999.0 -9999.0 -9999.0 -9999.0 -9999.0 -9999.0 -9999.0 -9999.0 -9999.0 -9999.0 -9999.0 -9999.0 -9999.0 -9999.0 -9999.0 -9999.0 -9999.0 2933.092330 2934.473764 2912.990263 2879.276160 2851.438560 2853.673299 2887.151358 2928.082782 2967.057998 2975.135982 2956.586709 2960.520939 2956.364414 2952.370089 2953.148107 2960.983423 2967.733771 2977.480249 2984.715110 2982.803873 2975.768511 2970.835075 2973.068877 2974.869474 2980.932437 2966.963756 2982.386570 2983.164579 2987.894185 2985.205635 2974.551172 2961.712661 2953.053125 2936.991621 2962.745675 2974.000208 2988.298909 2992.938770 2991.333536 2971.567717 2941.521869 -9999.0 -9999.0 -9999.0 -9999.0 -9999.0 -9999.0 -9999.0 -9999.0 -9999.0 -9999.0 -9999.0 -9999.0 -9999.0 -9999.0 -9999.0 -9999.0 -9999.0 -9999.0 -9999.0
-9999.0 -9999.0 -9999.0 -9999.0 -9999.0 -9999.0 -9999.0 -9999.0 -9999.0 -9999.0 -9999.0 -9999.0 -9999.0 -9999.0 2841.996024 2833.286942 2830.671306 2838.378058 2871.211077 2901.565097 2913.249606 2905.963344 2906.001810 2881.707048 2859.504686 2872.590646 2902.198362 2932.537787 2966.067666 2983.955002 2973.160384 2970.924904 2978.420839 2984.088828 2992.278256 2988.807052 2986.963239 2994.707303 3007.762241 3012.433437 3010.381788 3000.553788 3009.678196 3023.745979 3016.712872 3001.384007 3011.724986 3026.275744 3037.487702 3029.140316 2985.872067 2972.544823 2968.825141 2964.098484 2950.684393 2946.557629 2974.191768 2973.182569 2965.547403 2948.320476 2915.145337 2870.163064 2851.251246 2891.411780 2934.933200 2985.872016 -9999.0 -9999.0 -9999.0 -9999.0 -9999.0 -9999.0 -9999.0 -9999.0 -9999.0 -9999.0 -9999.0 -9999.0 -9999.0 -9999.0
-9999.0 -9999.0 -9999.0 -9999.0 -9999.0 -9999.0 -9999.0 -9999.0 -9999.0 2799.339422 2789.926335 2796.940258 2799.361899 2814.734219 2811.680390 2818.764007 2823.418491 2850.759001 2880.543110 2914.298669 2941.206773 2932.492027 2931.170781 2936.063601 2932.032742 2940.679707 2961.256210 2983.907657 3015.185021 3050.405215 3017.124800 3012.245656 3029.605247 3071.050370 3095.048876 3097.419694 3078.998655 3094.176307 3117.512028 3133.617583 3130.144652 3124.355927 3149.737402 3164.556197 3159.456413 3138.451128 3136.130871 3142.980309 3171.893048 3121.791439 3056.930301 3017.774135 3032.742411 3011.376404 2984.853331 2986.909113 2986.970463 2995.183299 2983.601602 2959.976824 2926.738703 2915.083647 2898.040340 2918.303776 2941.265408 2981.353983 3021.354118 3051.347822 3051.186414 3034.163391 -9999.0 -9999.0 -9999.0 -9999.0 -9999.0 -9999.0 -9999.0 -9999.0 -9999.0 -9999.0
-9999.0 -9999.0 -9999.0 -9999.0 -9999.0 -9999.0 2717.527167 2729.351096 2751.983906 2756.577979 2785.086148 2792.408857 2790.607738 2808.022132 2829.800751 2843.247956 2869.065011 2899.422430 2935.672625 2973.917734 2989.445451 2991.775041 2983.127676 3002.892392 3030.441466 3049.995815 3072.160545 3109.006720 3176.808547 3212.694107 3206.576161 3207.468100 3215.589911 3265.319448 3328.894247 3340.195955 3319.670437 3306.391141 3329.259279 3366.053752 3364.785644 3363.636974 3375.451798 3385.937851 3412.620795 3402.277748 3367.099500 3360.934316 3366.695218 3345.314429 3278.230148 3221.110813 3201.427236 3159.371517 3077.595812 3034.279092 3056.195209 3083.170808 3061.317580 3012.648044 2992.810977 2986.515983 2974.590871 2966.511006 2977.878076 2992.434027 3016.692442 3030.738293 3019.223155 2998.887677 2980.729196 2952.294156 2954.573390 2979.406182 -9999.0 -9999.0 -9999.0 -9999.0 -9999.0 -9999.0
-9999.0 -9999.0 -9999.0 -9999.0 2665.205263 2679.602579 2667.220837 2695.649994 2730.481697 2766.941425 2797.258984 2806.557222 2829.917996 2857.188744 2890.986245 2914.775909 2948.255435 2978.536827 3011.316708 3072.153006 3116.202998 3130.304044 3138.557756 3185.588076 3241.417730 3288.424711 3306.800644 3332.127321 3375.883062 3431.824820 3454.153509 3457.188590 3474.030297 3515.986454 3570.771609 3605.374802 3587.967634 3579.194963 3588.635002 3602.369938 3624.495151 3624.584468 3625.675620 3629.502880 3636.736044 3635.257351 3609.327325 3576.216938 3563.466149 3553.678451 3517.189005 3446.153231 3415.423637 3387.362799 3347.627771 3294.600756 3245.767182 3245.479505 3191.872274 3141.512989 3091.185709 3082.202267 3061.431442 3045.142608 3027.175996 3038.678948 3050.142629 3035.043023 3005.496973 2981.058108 2967.529524 2949.418807 2937.851801 2968.561342 2984.287202 3013.963869 -9999.0 -9999.0 -9999.0 -9999.0
-9999.0 -9999.0 2602.868541 2649.954748 2709.005494 2717.913986 2715.341177 2722.110265 2752.642780 2806.133288 2843.790842 2881.673071 2912.403090 2943.097979 2980.260162 3042.891052 3102.923692 3144.850136 3197.985647 3266.085235 3324.575606 3351.397852 3360.454716 3394.778065 3448.499777 3515.934958 3543.345220 3569.308326 3600.255831 3635.769166 3630.267457 3641.355471 3653.203365 3664.584338 3678.273333 3684.716986 3680.085393 3675.535788 3657.115285 3652.164087 3658.693966 3666.263758 3665.601477 3651.110119 3647.151381 3661.957589 3667.878730 3666.005936 3663.554670 3668.739172 3665.357585 3618.458955 3598.292167 3583.480559 3572.570796 3527.088294 3461.309997 3428.484233 3407.846142 3368.465615 3295.781749 3257.563298 3218.070238 3183.129796 3148.249287 3133.850786 3100.664140 3068.240391 3029.329124 2988.635177 2974.430995 2959.161718 2958.107124 2958.101131 2975.306684 2989.001400 3004.910844 3012.984476 -9999.0 -9999.0
-9999.0 2493.249735 2565.044090 2688.925692 2769.167233 2795.887047 2807.868227 2813.860806 2839.657126 2871.410273 2959.586680 3000.235208 3082.205958 3118.063760 3158.553338 3244.206720 3336.548721 3378.248287 3415.872712 3477.509326 3541.599960 3587.846078 3613.775016 3596.999106 3635.216304 3662.116990 3669.307290 3675.640672 3674.964343 3666.520853 3659.747301 3666.521406 3663.693639 3644.785844 3628.969661 3627.317705 3623.976503 3600.900628 3573.637164 3558.453305 3560.128363 3584.709711 3571.873900 3550.627168 3546.259449 3567.726441 3588.562795 3578.033631 3565.049741 3581.464696 3615.704311 3639.831846 3642.184588 3660.376630 3681.411684 3652.910107 3630.666232 3587.589395 3571.020634 3545.837065 3489.786004 3435.131913 3387.512405 3339.708533 3287.364995 3237.940141 3190.456912 3145.808372 3092.180091 3059.197955 3034.692166 2991.463539 2982.411128 2984.249790 2981.386902 2979.388036 2984.252509 2990.837009 -9999.0 -9999.0
-9999.0 2399.330627 2539.251072 2719.410328 2853.136888 2895.931798 2963.090497 3011.553825 3025.543128 2988.168439 3072.762056 3283.245536 3399.065596 3414.964450 3488.401208 3580.683247 3567.934613 3598.463198 3620.843908 3643.728736 3662.182943 3675.469703 3673.481786 3668.020283 3651.734289 3643.776422 3642.951943 3640.913779 3623.752466 3605.009772 3588.367386 3585.444046 3568.009630 3519.904298 3487.202384 3470.310918 3452.466090 3438.721329 3411.165001 3385.584929 3370.349705 3381.095423 3378.534764 3365.174739 3360.746297 3378.589071 3409.357812 3406.629283 3417.273608 3436.626912 3471.939836 3509.384410 3528.439183 3557.166804 3592.365583 3639.266467 3648.832386 3671.044824 3674.243630 3662.627092 3616.948654 3566.181190 3537.108288 3482.397127 3423.016064 3362.062572 3313.662273 3269.234197 3214.522379 3180.342586 3142.810708 3089.279969 3045.480943 3036.237541 3002.536304 2988.832650 -9999.0 -9999.0 -9999.0 -9999.0
-9999.0 2300.605579 2481.579335 2724.472894 2999.833599 3074.318082 3270.851315 3382.981932 3421.740738 3487.337895 3381.805955 3576.157211 3625.065986 3619.064878 3631.185950 3633.782667 3647.623965 3647.203984 3642.145336 3631.290760 3621.924832 3617.524655 3616.394775 3608.524537 3595.999016 3581.496322 3569.811788 3558.642397 3522.575637 3491.127795 3453.110956 3440.985145 3398.239787 3308.162042 3269.617987 3232.291707 3173.308688 3175.201087 3181.042209 3160.781381 3141.709990 3114.958700 3143.275160 3152.839455 3156.615470 3153.068065 3163.453907 3186.942728 3233.234864 3266.900791 3305.502580 3352.757110 3381.989964 3420.708944 3460.523811 3512.333156 3542.892627 3571.452469 3619.325063 3656.100454 3678.617840 3665.164863 3645.743050 3602.160723 3542.525777 3493.547562 3465.153238 3415.485528 3372.752745 3329.252622 3283.070406 3230.577874 3171.020370 3115.615058 3081.265579 -9999.0 -9999.0 -9999.0 -9999.0 -9999.0
-9999.0 2084.275849 2348.798109 2618.814663 2887.281009 3217.000746 3377.693366 3473.396135 3535.064928 3513.640757 3532.882498 3540.257914 3576.778274 3583.387507 3561.945028 3548.671309 3531.842732 3530.754463 3543.747228 3516.802671 3487.071078 3474.014041 3474.855705 3464.153386 3440.674869 3425.801147 3416.498460 3398.519612 3356.353809 3307.149210 3224.764388 3192.465821 3119.242971 3079.125243 3042.490336 2996.346584 2966.855111 2971.413725 2981.129113 2985.396462 2964.797449 2947.705129 2976.570891 2983.341896 2996.085905 2980.489980 2987.183522 3021.076334 3067.136323 3106.948351 3150.497190 3194.528185 3235.452405 3274.589474 3296.120362 3335.964458 3376.858824 3417.878747 3487.133432 3564.019667 3598.887549 3632.867148 3662.432664 3684.012643 3641.584739 3614.710274 3591.487309 3568.687600 3523.176519 3478.214036 3437.715323 3374.221283 3315.028565 -9999.0 -9999.0 -9999.0 -9999.0 -9999.0 -9999.0 -9999.0
-9999.0 1969.910681 2167.077684 2364.442047 2620.681074 2835.484841 3042.625299 3133.259211 3200.185644 3263.990953 3313.865735 3349.831654 3375.055356 3396.140439 3373.443663 3329.156806 3297.578422 3302.370972 3294.305279 3273.105665 3245.550067 3232.697509 3230.607561 3225.858167 3204.657842 3194.316753 3187.633670 3173.277558 3147.699326 3095.762331 3024.707035 2967.744618 2914.069664 2892.924921 2869.396138 2841.843559 2814.446989 2827.286481 2839.515775 2839.609949 2832.746332 2832.617313 2861.624380 2880.683564 2890.272660 2879.419206 2897.840419 2921.555386 2959.131684 2986.869371 3030.987023 3080.387851 3128.340810 3148.791985 3151.782745 3164.378349 3188.505557 3231.600045 3307.485759 3391.973540 3467.633490 3512.239841 3562.328958 3601.482046 3628.755173 3655.134104 3676.336852 3668.487659 3643.302628 3610.435416 3552.812609 -9999.0 -9999.0 -9999.0 -9999.0 -9999.0 -9999.0 -9999.0 -9999.0 -9999.0
-9999.0 -9999.0 1940.299889 2096.506895 2199.897957 2365.209332 2510.152031 2620.209841 2723.867986 2827.936927 2947.037126 3023.499114 3068.444503 3083.454265 3069.448435 3040.493850 3022.778687 3022.477377 3011.137397 3004.364800 2989.506133 2984.380293 2990.042297 2982.613826 2977.681239 2976.396330 2973.861095 2965.833491 2948.684938 2906.858768 2868.560513 2824.341537 2810.271838 2786.474804 2766.198686 2747.232877 2749.519201 2743.876378 2748.645227 2751.069363 2760.140008 2774.032647 2793.542264 2793.781347 2803.244944 2813.258053 2824.388518 2846.317918 2876.491354 2916.535885 2968.064995 3012.827277 3048.048322 3054.847729 3037.433601 3033.046115 3041.859569 3071.450530 3135.413326 3200.555384 3288.691968 3353.113260 3418.808981 3473.929069 3500.072923 3536.420716 3605.337728 3653.267982 3694.185604 3671.871936 -9999.0 -9999.0 -9999.0 -9999.0 -9999.0 -9999.0 -9999.0 -9999.0 -9999.0 -9999.0
-9999.0 -9999.0 -9999.0 -9999.0 1957.210221 2105.520898 2203.343891 2284.089121 2418.447434 2549.180693 2657.231072 2745.933255 2815.958781 2802.960086 2803.004074 2818.318989 2817.025950 2808.376048 2797.698807 2801.711425 2805.757267 2800.006907 2827.073559 2820.307183 2823.221503 2830.040883 2827.457848 2813.814395 2794.944376 2778.399905 2763.257880 2731.264529 2698.444466 2670.159864 2657.526224 2653.653604 2653.368748 2645.319441 2653.477306 2662.073189 2677.850356 2692.968534 2716.472080 2745.654804 2760.526853 2775.785009 2785.326830 2805.050485 2813.839952 2865.141115 2927.021375 2983.306580 3008.754058 3009.067302 2991.659457 2971.379512 2960.865390 2980.346566 2995.203284 3046.656507 3135.690486 3193.485708 3239.232367 3278.402473 3314.580668 3377.853924 3470.547533 3550.823163 -9999.0 -9999.0 -9999.0 -9999.0 -9999.0 -9999.0 -9999.0 -9999.0 -9999.0 -9999.0 -9999.0 -9999.0
-9999.0 -9999.0 -9999.0 -9999.0 -9999.0 -9999.0 1931.963262 2037.618869 2107.458204 2259.664396 2404.491058 2513.312407 2598.242353 2634.961015 2669.523641 2700.512339 2701.292733 2681.456218 2659.904648 2681.067508 2699.263421 2692.686457 2660.958843 2661.990925 2668.452095 2676.044586 2673.231219 2666.929456 2641.957347 2657.561609 2661.104986 2638.238697 2612.831811 2599.881703 2588.303389 2598.021958 2597.971891 2583.491087 2582.484964 2610.155390 2631.093301 2643.977573 2665.110364 2698.383485 2731.139701 2747.233198 2748.841392 2754.527925 2792.342264 2841.709823 2912.467847 2967.365214 2990.937092 2995.574085 2974.776904 2931.199767 2906.548115 2907.379558 2933.764439 2975.557624 3019.315139 3055.735527 3067.924209 3070.186866 3083.026044 3176.070799 -9999.0 -9999.0 -9999.0 -9999.0 -9999.0 -9999.0 -9999.0 -9999.0 -9999.0 -9999.0 -9999.0 -9999.0 -9999.0 -9999.0
-9999.0 -9999.0 -9999.0 -9999.0 -9999.0 -9999.0 -9999.0 -9999.0 -9999.0 -9999.0 -9999.0 -9999.0 -9999.0 -9999.0 -9999.0 -9999.0 -9999.0 -9999.0 -9999.0 -9999.0 -9999.0 -9999.0 -9999.0 -9999.0 -9999.0 -9999.0 -9999.0 -9999.0 -9999.0 -9999.0 -9999.0 -9999.0 -9999.0 -9999.0 -9999.0 -9999.0 -9999.0 -9999.0 -9999.0 -9999.0 -9999.0 -9999.0 -9999.0 -9999.0 -9999.0 -9999.0 -9999.0 -9999.0 -9999.0 -9999.0 -9999.0 -9999.0 -9999.0 -9999.0 -9999.0 -9999.0 -9999.0 -9999.0 -9999.0 -9999.0 -9999.0 -9999.0 -9999.0 -9999.0 -9999.0 -9999.0 -9999.0 -9999.0 -9999.0 -9999.0 -9999.0 -9999.0 -9999.0 -9999.0 -9999.0 -9999.0 -9999.0 -9999.0 -9999.0 -9999.0
-9999.0 -9999.0 -9999.0 -9999.0 -9999.0 -9999.0 -9999.0 -9999.0 -9999.0 -9999.0 -9999.0 -9999.0 -9999.0 -9999.0 -9999.0 -9999.0 -9999.0 -9999.0 -9999.0 -9999.0 -9999.0 -9999.0 -9999.0 -9999.0 -9999.0 -9999.0 -9999.0 -9999.0 -9999.0 -9999.0 -9999.0 -9999.0 -9999.0 -9999.0 -9999.0 -9999.0 -9999.0 -9999.0 -9999.0 -9999.0 -9999.0 -9999.0 -9999.0 -9999.0 -9999.0 -9999.0 -9999.0 -9999.0 -9999.0 -9999.0 -9999.0 -9999.0 -9999.0 -9999.0 -9999.0 -9999.0 -9999.0 -9999.0 -9999.0 -9999.0 -9999.0 -9999.0 -9999.0 -9999.0 -9999.0 -9999.0 -9999.0 -9999.0 -9999.0 -9999.0 -9999.0 -9999.0 -9999.0 -9999.0 -9999.0 -9999.0 -9999.0 -9999.0 -9999.0 -9999.0