Borden_/Borden1m_014/output_maps/psiliqL0019N0022.asc
ncols         80
nrows         18
xllcorner     620200.000000
yllcorner     5168000.000000
cellsize      1.000000
NODATA_value  -9999.0
-9999.0 -9999.0 -9999.0 -9999.0 -9999.0 -9999.0 -9999.0 -9999.0 -9999.0 -9999.0 -9999.0 -9999.0 -9999.0 -9999.0 -9999.0 -9999.0 -9999.0 -9999.0 -9999.0 -9999.0 -9999.0 -9999.0 -9999.0 -9999.0 -9999.0 -9999.0 -9999.0 -9999.0 -9999.0 -9999.0 -9999.0 -9999.0 -9999.0 -9999.0 -9999.0 -9999.0 -9999.0 -9999.0 -9999.0 -9999.0 -9999.0 -9999.0 -9999.0 -9999.0 -9999.0 -9999.0 -9999.0 -9999.0 -9999.0 -9999.0 -9999.0 -9999.0 -9999.0 -9999.0 -9999.0 -9999.0 -9999.0 -9999.0 -9999.0 -9999.0 -9999.0 -9999.0 -9999.0 -9999.0 -9999.0 -9999.0 -9999.0 -9999.0 -9999.0 -9999.0 -9999.0 -9999.0 -9999.0 -9999.0 -9999.0 -9999.0 -9999.0 -9999.0 -9999.0 -9999.0
-9999.0 -9999.0 -9999.0 -9999.0 -9999.0 -9999.0 -9999.0 -9999.0 -9999.0 -9999.0 -9999.0 -9999.0 -9999.0 -9999.0 -9999.0 -9999.0 -9999.0 -9999.0 -9999.0 -9999.0 -9999.0 -9999.0 -9999.0 -9999.0 -9999.0 -9999.0 -9999.0 -9999.0 -9999.0 -9999.0 -9999.0 -9999.0 -9999.0 -9999.0 -9999.0 -9999.0 -9999.0 -9999.0 -9999.0 -9999.0 -9999.0 -9999.0 -9999.0 -9999.0 -9999.0 -9999.0 -9999.0 -9999.0 -9999.0 -9999.0 -9999.0 -9999.0 -9999.0 -9999.0 -9999.0 -9999.0 -9999.0 -9999.0 -9999.0 -9999.0 -9999.0 -9999.0 -9999.0 -9999.0 -9999.0 -9999.0 -9999.0 -9999.0 -9999.0 -9999.0 -9999.0 -9999.0 -9999.0 -9999.0 -9999.0 -9999.0 -9999.0 -9999.0 -9999.0 -9999.0
-9999.0 -9999.0 -9999.0 -9999.0 -9999.0 -9999.0 -9999.0 -9999.0 -9999.0 -9999.0 -9999.0 -9999.0 -9999.0 -9999.0 -9999.0 -9999.0 -9999.0 -9999.0 -9999.0 -9999.0 1953.291580 1955.922095 1935.255427 1902.976019 1876.690880 1880.640322 1916.478992 1959.474601 2000.262713 2011.387014 1995.197094 2000.176302 1997.210119 1995.648070 1997.983283 2005.892761 2011.799986 2022.722134 2031.040675 2030.574881 2024.832792 2020.569402 2022.342748 2024.916098 2030.383843 2017.311129 2031.089193 2045.384896 2048.855029 2043.001140 2015.503896 1999.339294 1988.294848 1970.185887 1993.060022 2002.502080 2023.029663 2025.141548 2021.482510 1993.319000 1962.466086 -9999.0 -9999.0 -9999.0 -9999.0 -9999.0 -9999.0 -9999.0 -9999.0 -9999.0 -9999.0 -9999.0 -9999.0 -9999.0 -9999.0 -9999.0 -9999.0 -9999.0 -9999.0 -9999.0
-9999.0 -9999.0 -9999.0 -9999.0 -9999.0 -9999.0 -9999.0 -9999.0 -9999.0 -9999.0 -9999.0 -9999.0 -9999.0 -9999.0 1858.615222 1850.451960 1849.213310 1858.873531 1893.586260 1925.006677 1937.189961 1930.955525 1932.504670 1910.304626 1890.781225 1906.265691 1937.968976 1971.178463 2007.475637 2028.922507 2020.190293 2019.973067 2030.182726 2054.305996 2065.796826 2063.217022 2044.774469 2069.075767 2084.245428 2091.721036 2091.521231 2083.399187 2094.912112 2109.917319 2102.638680 2085.640281 2092.382390 2104.349691 2114.428252 2101.430404 2038.218813 2019.788107 2013.246970 2004.949329 1988.801290 1981.277383 2005.632964 2003.051405 1993.070633 1973.701181 1939.534499 1894.342228 1874.265841 1912.016605 1954.048777 2009.379654 -9999.0 -9999.0 -9999.0 -9999.0 -9999.0 -9999.0 -9999.0 -9999.0 -9999.0 -9999.0 -9999.0 -9999.0 -9999.0 -9999.0
-9999.0 -9999.0 -9999.0 -9999.0 -9999.0 -9999.0 -9999.0 -9999.0 -9999.0 1796.704672 1802.744822 1811.322178 1815.405789 1832.461779 1830.807773 1839.467240 1847.179755 1876.292480 1908.585659 1944.692353 1974.100852 1967.009503 1968.767970 1978.449720 1980.457830 1993.033422 2016.556029 2058.245397 2096.699101 2138.047963 2110.416603 2109.629263 2129.933885 2175.462472 2204.463869 2209.322585 2191.115171 2203.365008 2228.050693 2248.048134 2247.362968 2244.437835 2269.640123 2284.049277 2281.677001 2260.342987 2252.155786 2254.337571 2279.849408 2227.681161 2160.401562 2113.167528 2119.264911 2090.387086 2055.095730 2036.056127 2032.267543 2050.189627 2033.847684 1995.439897 1958.494370 1945.310398 1926.023239 1942.513512 1962.965600 2007.042770 2044.478565 2071.398497 2068.985976 2050.287400 -9999.0 -9999.0 -9999.0 -9999.0 -9999.0 -9999.0 -9999.0 -9999.0 -9999.0 -9999.0
-9999.0 -9999.0 -9999.0 -9999.0 -9999.0 -9999.0 1715.944276 1726.922646 1748.760852 1753.754119 1781.088442 1789.367919 1811.352551 1831.968323 1855.761745 1873.053508 1903.478089 1937.650938 1978.806134 2021.998777 2054.867423 2049.481838 2060.946319 2089.323171 2125.889035 2153.200299 2179.729222 2221.331111 2298.600551 2341.613037 2346.133700 2352.073751 2363.132240 2413.355942 2477.283035 2489.410419 2468.649595 2454.536442 2476.138521 2513.250964 2516.942234 2518.575508 2532.381547 2542.938628 2568.659823 2557.358826 2516.678150 2504.867266 2506.062411 2486.185908 2420.814855 2357.963656 2326.979660 2274.703795 2190.263867 2138.438173 2149.423218 2168.407795 2138.995360 2084.030522 2043.331474 2031.872237 2015.398749 2001.678884 2007.562158 2025.269854 2045.254410 2054.609098 2039.425449 2016.237421 1992.198304 1962.017072 1962.710803 1986.793210 -9999.0 -9999.0 -9999.0 -9999.0 -9999.0 -9999.0
-9999.0 -9999.0 -9999.0 -9999.0 1664.415659 1678.416079 1666.550427 1693.742251 1727.995679 1763.876169 1796.078964 1833.311068 1861.657770 1893.421953 1933.760725 1966.060897 2006.977046 2043.271052 2098.412862 2166.956486 2218.250056 2240.735021 2256.650304 2315.642098 2378.127911 2431.029471 2453.481370 2482.695093 2530.555894 2592.376972 2620.536995 2627.954987 2646.693934 2685.779275 2736.821378 2772.592639 2755.186239 2746.147520 2753.217743 2765.988096 2789.775288 2791.645825 2794.079773 2797.478692 2802.924849 2800.786334 2774.432537 2739.949451 2723.582851 2713.104952 2679.328666 2607.552720 2568.740461 2535.876888 2495.863345 2441.200759 2381.633510 2369.570549 2310.070667 2250.019325 2189.499130 2169.753056 2139.430329 2113.780958 2085.574588 2087.205432 2089.560552 2067.145637 2032.086360 1997.700388 1980.892344 1960.398725 1947.400438 1976.260976 1992.519487 2021.520697 -9999.0 -9999.0 -9999.0 -9999.0
-9999.0 -9999.0 1603.001205 1651.246858 1709.709604 1719.284007 1719.058931 1726.127500 1756.373942 1810.133765 1883.267832 1930.973115 1971.053927 2007.294188 2067.799856 2143.343869 2213.736264 2263.246784 2327.516909 2401.038396 2464.897495 2497.731831 2514.941399 2557.910803 2615.194991 2681.780474 2710.701898 2738.822862 2774.673976 2811.834792 2817.405585 2831.204828 2841.638381 2848.497772 2857.633835 2860.998893 2854.997398 2848.060943 2827.867920 2822.637139 2829.307113 2836.112790 2836.814024 2823.187100 2819.348701 2833.413555 2838.270041 2836.922638 2835.475128 2842.242607 2842.784814 2799.655347 2768.685199 2751.273825 2736.426877 2689.762263 2622.756344 2582.410288 2557.710772 2510.751205 2432.105098 2382.855495 2332.731950 2285.627093 2233.680737 2204.862299 2158.645612 2115.284061 2067.057805 2018.747347 1993.265863 1973.835984 1969.657537 1967.491288 1982.331263 1996.171225 2010.440008 2017.655079 -9999.0 -9999.0
-9999.0 1496.620165 1569.000190 1694.529988 1775.509238 1819.600594 1845.207240 1863.566245 1894.297185 1926.446935 2026.868610 2103.360256 2194.101510 2235.747375 2287.109562 2385.750443 2483.483048 2534.367193 2577.374927 2639.835477 2704.656337 2756.904959 2787.535514 2788.870443 2826.734027 2847.326830 2852.884659 2858.190507 2856.857157 2849.536290 2841.986903 2848.098074 2843.799740 2823.948132 2806.940797 2802.861379 2795.834920 2768.872641 2736.205026 2719.033143 2719.824996 2744.744764 2730.672767 2709.730886 2706.211141 2728.587223 2751.679906 2743.920436 2732.396158 2753.129980 2789.535542 2813.853797 2821.256020 2838.814234 2859.581824 2832.537520 2806.273563 2762.273194 2739.568259 2709.262656 2649.399648 2588.691595 2532.715803 2470.690071 2404.937009 2339.575744 2276.516119 2213.825542 2147.245957 2104.481410 2071.931522 2021.145423 1999.914345 2000.280349 1990.156430 1985.676978 1990.022484 1995.594630 -9999.0 -9999.0
-9999.0 1409.936016 1551.458841 1734.431030 1882.825459 1937.515111 2026.877420 2100.432813 2126.854474 2092.299342 2200.711175 2421.782295 2537.455095 2560.224617 2637.857760 2735.332962 2744.667855 2780.265694 2805.949681 2824.535192 2839.548138 2853.135344 2853.172673 2848.995609 2834.345375 2826.298370 2824.205296 2820.517526 2801.832728 2781.379318 2762.471474 2756.452886 2733.823314 2685.584142 2650.651590 2631.097230 2611.107447 2590.531949 2557.704706 2528.553883 2510.062510 2523.021525 2519.073707 2502.755416 2499.360900 2522.285756 2554.856104 2554.458784 2568.020659 2591.408510 2632.115118 2673.545770 2697.696455 2729.851546 2769.659369 2816.948802 2831.080846 2853.560036 2857.248124 2841.023206 2794.766637 2738.786846 2702.987727 2638.941205 2566.811384 2487.584905 2422.776594 2360.242291 2289.960453 2242.862050 2194.159983 2134.554741 2080.951664 2059.652298 2019.159491 1999.388498 -9999.0 -9999.0 -9999.0 -9999.0
-9999.0 1321.828144 1506.828206 1758.424269 2043.552056 2142.334428 2349.665734 2478.289710 2533.076529 2605.009362 2549.079773 2724.462660 2773.658037 2773.688616 2783.014781 2790.803347 2809.180010 2813.930231 2812.160059 2803.638006 2795.742296 2792.363204 2791.338890 2783.329111 2769.938739 2753.334516 2736.417901 2721.568191 2681.700694 2646.594417 2606.820334 2589.905904 2546.753427 2451.650973 2408.416784 2369.226618 2308.391833 2302.540377 2298.804736 2269.156489 2248.660442 2223.800984 2248.511501 2256.542951 2260.405231 2261.245562 2277.009145 2306.121364 2355.284165 2394.180683 2439.498223 2493.242900 2531.239167 2576.406260 2622.255956 2679.239230 2714.565150 2747.635723 2799.388615 2839.474293 2863.543368 2850.793950 2824.953127 2775.833366 2701.923588 2636.145355 2587.218517 2514.351567 2449.896743 2395.773435 2345.614827 2289.868561 2221.685387 2146.561856 2104.528993 -9999.0 -9999.0 -9999.0 -9999.0 -9999.0
-9999.0 1125.224779 1391.586691 1671.463132 1971.525397 2307.991777 2461.575758 2581.739285 2654.899348 2631.813074 2648.099073 2666.387267 2711.807160 2723.453922 2705.368058 2697.182980 2685.777330 2687.257138 2701.662079 2676.195351 2647.207771 2633.844432 2633.091100 2620.304659 2594.911793 2576.530422 2563.855787 2541.237683 2491.056309 2438.083496 2353.199589 2318.341181 2238.324154 2187.869175 2145.233984 2095.055257 2044.419814 2043.716355 2061.987984 2047.924108 2025.412348 2006.918597 2034.486321 2054.228691 2067.589623 2055.370238 2064.984346 2101.968552 2152.660149 2197.985059 2248.219947 2303.975833 2351.415018 2399.361863 2430.633249 2480.117416 2531.111003 2579.986475 2655.246895 2737.072645 2778.562796 2815.139887 2846.615562 2862.622180 2809.775490 2761.971581 2710.959109 2651.150459 2576.063694 2526.200836 2493.205059 2440.762740 2380.511946 -9999.0 -9999.0 -9999.0 -9999.0 -9999.0 -9999.0 -9999.0
-9999.0 1004.418414 1213.417485 1428.537813 1700.370032 1937.287921 2145.770498 2251.096949 2331.293962 2383.887276 2428.567365 2466.242416 2497.983525 2522.998218 2504.792753 2464.538622 2436.387496 2442.143332 2437.162759 2415.069398 2386.534530 2371.968436 2368.309319 2360.498165 2335.209139 2319.905760 2307.988489 2283.750092 2251.724389 2195.691000 2117.659158 2042.846561 1983.178962 1954.711302 1926.509104 1894.861227 1861.479971 1871.396583 1882.587043 1879.644357 1870.062195 1867.932822 1896.887652 1916.272869 1926.624008 1916.114180 1936.057685 1962.841999 2004.506448 2048.548633 2098.198116 2153.587836 2207.956041 2236.947448 2249.750851 2273.466523 2312.783634 2367.335422 2453.991054 2551.151194 2632.153457 2683.006851 2736.328404 2774.077006 2790.214207 2800.025512 2780.352787 2709.629775 2616.044690 2597.173866 2585.627319 -9999.0 -9999.0 -9999.0 -9999.0 -9999.0 -9999.0 -9999.0 -9999.0 -9999.0
-9999.0 -9999.0 983.105031 1151.321828 1274.532299 1448.519580 1596.959795 1707.581087 1802.729512 1928.155700 2040.690379 2129.096262 2174.658186 2192.961080 2180.939158 2151.961769 2133.656279 2134.458841 2124.403096 2115.553968 2097.533208 2089.970023 2077.310690 2068.045773 2058.497590 2052.901235 2046.840971 2035.094378 2013.522819 1967.411555 1921.758394 1871.791085 1819.746794 1794.593472 1773.116141 1752.363609 1752.104832 1747.094929 1751.959436 1753.473808 1760.949667 1773.886480 1793.692876 1816.094006 1826.174483 1836.013185 1848.756275 1872.774906 1906.020224 1948.836865 2003.405360 2062.114681 2102.841585 2116.138410 2106.497710 2111.112202 2130.449905 2172.213958 2250.995375 2334.584225 2432.206246 2505.496025 2579.806882 2634.500832 2653.710174 2673.307693 2695.953008 2658.348986 2544.512954 2563.792505 -9999.0 -9999.0 -9999.0 -9999.0 -9999.0 -9999.0 -9999.0 -9999.0 -9999.0 -9999.0
-9999.0 -9999.0 -9999.0 -9999.0 1011.382931 1163.757899 1261.454887 1344.108272 1475.281187 1599.472535 1701.951378 1786.709110 1851.183182 1878.444071 1877.017667 1887.112804 1884.633459 1878.225590 1868.573236 1869.545242 1870.210800 1862.850773 1847.328520 1839.544886 1840.381341 1845.118841 1841.736726 1827.395827 1808.738785 1788.098569 1769.449939 1735.737673 1700.495621 1671.401607 1658.207935 1652.946936 1652.453413 1644.890817 1653.157645 1660.724415 1675.974283 1691.060651 1714.697229 1743.935788 1758.189884 1773.289199 1783.185387 1803.733347 1834.492234 1888.287446 1952.278122 2010.895279 2047.946003 2053.156270 2029.507262 2014.523781 2010.967481 2038.910345 2083.043110 2149.037889 2250.785899 2325.267639 2382.733138 2428.500110 2463.328866 2514.063330 2574.703640 2618.041296 -9999.0 -9999.0 -9999.0 -9999.0 -9999.0 -9999.0 -9999.0 -9999.0 -9999.0 -9999.0 -9999.0 -9999.0
-9999.0 -9999.0 -9999.0 -9999.0 -9999.0 -9999.0 976.543590 1079.625090 1156.306588 1299.238293 1434.175646 1537.411337 1618.868808 1652.366184 1681.664845 1710.251330 1709.806977 1691.420062 1671.903662 1691.651585 1706.980520 1700.753511 1669.779279 1669.399761 1674.186914 1681.583699 1678.578182 1671.683675 1646.238845 1658.798296 1660.196653 1636.846776 1610.803900 1597.087225 1585.113727 1594.576353 1594.531452 1580.462329 1580.335748 1607.272186 1627.634174 1640.614830 1662.168946 1695.424342 1727.974608 1743.595281 1745.207405 1751.378278 1790.984911 1861.412254 1933.772356 1990.074552 2023.482023 2032.352435 2006.311386 1967.072568 1947.547072 1955.206422 1990.205351 2042.492296 2118.276501 2167.760253 2193.222987 2206.132502 2224.439047 2317.844913 -9999.0 -9999.0 -9999.0 -9999.0 -9999.0 -9999.0 -9999.0 -9999.0 -9999.0 -9999.0 -9999.0 -9999.0 -9999.0 -9999.0
-9999.0 -9999.0 -9999.0 -9999.0 -9999.0 -9999.0 -9999.0 -9999.0 -9999.0 -9999.0 -9999.0 -9999.0 -9999.0 -9999.0 -9999.0 -9999.0 -9999.0 -9999.0 -9999.0 -9999.0 -9999.0 -9999.0 -9999.0 -9999.0 -9999.0 -9999.0 -9999.0 -9999.0 -9999.0 -9999.0 -9999.0 -9999.0 -9999.0 -9999.0 -9999.0 -9999.0 -9999.0 -9999.0 -9999.0 -9999.0 -9999.0 -9999.0 -9999.0 -9999.0 -9999.0 -9999.0 -9999.0 -9999.0 -9999.0 -9999.0 -9999.0 -9999.0 -9999.0 -9999.0 -9999.0 -9999.0 -9999.0 -9999.0 -9999.0 -9999.0 -9999.0 -9999.0 -9999.0 -9999.0 -9999.0 -9999.0 -9999.0 -9999.0 -9999.0 -9999.0 -9999.0 -9999.0 -9999.0 -9999.0 -9999.0 -9999.0 -9999.0 -9999.0 -9999.0 -9999.0
-9999.0 -9999.0 -9999.0 -9999.0 -9999.0 -9999.0 -9999.0 -9999.0 -9999.0 -9999.0 -9999.0 -9999.0 -9999.0 -9999.0 -9999.0 -9999.0 -9999.0 -9999.0 -9999.0 -9999.0 -9999.0 -9999.0 -9999.0 -9999.0 -9999.0 -9999.0 -9999.0 -9999.0 -9999.0 -9999.0 -9999.0 -9999.0 -9999.0 -9999.0 -9999.0 -9999.0 -9999.0 -9999.0 -9999.0 -9999.0 -9999.0 -9999.0 -9999.0 -9999.0 -9999.0 -9999.0 -9999.0 -9999.0 -9999.0 -9999.0 -9999.0 -9999.0 -9999.0 -9999.0 -9999.0 -9999.0 -9999.0 -9999.0 -9999.0 -9999.0 -9999.0 -9999.0 -9999.0 -9999.0 -9999.0 -9999.0 -9999.0 -9999.0 -9999.0 -9999.0 -9999.0 -9999.0 -9999.0 -9999.0 -9999.0 -9999.0 -9999.0 -9999.0 -9999.0 -9999.0