Borden_/Borden1m_014/output_maps/psiliqL0027N0009.asc
ncols         80
nrows         18
xllcorner     620200.000000
yllcorner     5168000.000000
cellsize      1.000000
NODATA_value  -9999.0
-9999.0 -9999.0 -9999.0 -9999.0 -9999.0 -9999.0 -9999.0 -9999.0 -9999.0 -9999.0 -9999.0 -9999.0 -9999.0 -9999.0 -9999.0 -9999.0 -9999.0 -9999.0 -9999.0 -9999.0 -9999.0 -9999.0 -9999.0 -9999.0 -9999.0 -9999.0 -9999.0 -9999.0 -9999.0 -9999.0 -9999.0 -9999.0 -9999.0 -9999.0 -9999.0 -9999.0 -9999.0 -9999.0 -9999.0 -9999.0 -9999.0 -9999.0 -9999.0 -9999.0 -9999.0 -9999.0 -9999.0 -9999.0 -9999.0 -9999.0 -9999.0 -9999.0 -9999.0 -9999.0 -9999.0 -9999.0 -9999.0 -9999.0 -9999.0 -9999.0 -9999.0 -9999.0 -9999.0 -9999.0 -9999.0 -9999.0 -9999.0 -9999.0 -9999.0 -9999.0 -9999.0 -9999.0 -9999.0 -9999.0 -9999.0 -9999.0 -9999.0 -9999.0 -9999.0 -9999.0
-9999.0 -9999.0 -9999.0 -9999.0 -9999.0 -9999.0 -9999.0 -9999.0 -9999.0 -9999.0 -9999.0 -9999.0 -9999.0 -9999.0 -9999.0 -9999.0 -9999.0 -9999.0 -9999.0 -9999.0 -9999.0 -9999.0 -9999.0 -9999.0 -9999.0 -9999.0 -9999.0 -9999.0 -9999.0 -9999.0 -9999.0 -9999.0 -9999.0 -9999.0 -9999.0 -9999.0 -9999.0 -9999.0 -9999.0 -9999.0 -9999.0 -9999.0 -9999.0 -9999.0 -9999.0 -9999.0 -9999.0 -9999.0 -9999.0 -9999.0 -9999.0 -9999.0 -9999.0 -9999.0 -9999.0 -9999.0 -9999.0 -9999.0 -9999.0 -9999.0 -9999.0 -9999.0 -9999.0 -9999.0 -9999.0 -9999.0 -9999.0 -9999.0 -9999.0 -9999.0 -9999.0 -9999.0 -9999.0 -9999.0 -9999.0 -9999.0 -9999.0 -9999.0 -9999.0 -9999.0
-9999.0 -9999.0 -9999.0 -9999.0 -9999.0 -9999.0 -9999.0 -9999.0 -9999.0 -9999.0 -9999.0 -9999.0 -9999.0 -9999.0 -9999.0 -9999.0 -9999.0 -9999.0 -9999.0 -9999.0 3525.148183 3525.920925 3504.180904 3469.883828 3441.420117 3442.979429 3475.484120 3515.757786 3554.279567 3561.148864 3541.687631 3545.335670 3540.655517 3535.621703 3535.399594 3543.014412 3549.681573 3559.103702 3565.788984 3563.199499 3555.642116 3550.567913 3553.296926 3554.737051 3561.078705 3546.313439 3562.518228 3578.942338 3583.677901 3581.260275 3557.951813 3546.512408 3538.845061 3523.520805 3550.521366 3562.428612 3586.217964 3591.141440 3589.394518 3562.962368 3533.094675 -9999.0 -9999.0 -9999.0 -9999.0 -9999.0 -9999.0 -9999.0 -9999.0 -9999.0 -9999.0 -9999.0 -9999.0 -9999.0 -9999.0 -9999.0 -9999.0 -9999.0 -9999.0 -9999.0
-9999.0 -9999.0 -9999.0 -9999.0 -9999.0 -9999.0 -9999.0 -9999.0 -9999.0 -9999.0 -9999.0 -9999.0 -9999.0 -9999.0 3435.331868 3426.502337 3423.371345 3430.263866 3462.320583 3492.304669 3503.783601 3496.078088 3495.587587 3470.431815 3447.014216 3459.077496 3487.982362 3517.861349 3550.656903 3567.296714 3555.968764 3552.988018 3559.308726 3577.931365 3585.168394 3581.247618 3563.664487 3587.879438 3600.674192 3604.514223 3602.262742 3592.193786 3600.422257 3614.183673 3607.075179 3592.053426 3603.647569 3619.035551 3629.752232 3622.321946 3565.082849 3554.092524 3551.433147 3548.106608 3535.616036 3532.445654 3561.533408 3561.561137 3554.912109 3538.230514 3505.281733 3460.284266 3441.789375 3483.069792 3527.171761 3583.803552 -9999.0 -9999.0 -9999.0 -9999.0 -9999.0 -9999.0 -9999.0 -9999.0 -9999.0 -9999.0 -9999.0 -9999.0 -9999.0 -9999.0
-9999.0 -9999.0 -9999.0 -9999.0 -9999.0 -9999.0 -9999.0 -9999.0 -9999.0 3378.220677 3384.111466 3390.753667 3392.912131 3407.645335 3404.012387 3410.519817 3413.789506 3440.569727 3469.386618 3502.216651 3528.532176 3518.825269 3516.898606 3519.669513 3512.643902 3519.492726 3539.228994 3575.128458 3605.111661 3639.459220 3605.156451 3599.694234 3616.738758 3657.112803 3678.794545 3679.930873 3661.080641 3678.623863 3701.849593 3716.721590 3712.850511 3706.414265 3732.517400 3747.920558 3740.883321 3719.072426 3719.064839 3727.446837 3757.216392 3706.677726 3640.913184 3604.206847 3621.640535 3601.749333 3577.469821 3567.825578 3569.401833 3590.433996 3579.543284 3546.467119 3514.026477 3502.768093 3486.597876 3508.633277 3532.598482 3579.576903 3620.007174 3650.278619 3650.021573 3633.023720 -9999.0 -9999.0 -9999.0 -9999.0 -9999.0 -9999.0 -9999.0 -9999.0 -9999.0 -9999.0
-9999.0 -9999.0 -9999.0 -9999.0 -9999.0 -9999.0 3299.893296 3310.265575 3330.728933 3332.807244 3358.968748 3363.567094 3381.709320 3398.144170 3419.354579 3431.166227 3454.966548 3483.893531 3518.699519 3555.045501 3581.512643 3568.695250 3573.216239 3590.940555 3615.805037 3633.144079 3655.180957 3692.533869 3764.428858 3800.273447 3791.150788 3791.445806 3799.477942 3849.971754 3913.913499 3924.288426 3903.558521 3890.702595 3914.852232 3952.670076 3950.080424 3948.803577 3962.451760 3973.524716 4000.414265 3989.106258 3953.254214 3948.788520 3956.491285 3932.794230 3862.731573 3806.198869 3789.066095 3742.344385 3658.875368 3617.613500 3643.674385 3672.976883 3652.481572 3603.847824 3572.777368 3568.431464 3558.375952 3552.775317 3566.483031 3590.389011 3614.966869 3629.499586 3618.108732 3597.633176 3576.354805 3548.517960 3551.463601 3576.560087 -9999.0 -9999.0 -9999.0 -9999.0 -9999.0 -9999.0
-9999.0 -9999.0 -9999.0 -9999.0 3250.819236 3263.339424 3247.811238 3273.565930 3304.826920 3337.684116 3364.058982 3394.514333 3416.510365 3442.097101 3473.687419 3493.598381 3523.909665 3552.286677 3598.204699 3658.144938 3701.314282 3713.327404 3721.086317 3771.449039 3827.289546 3873.760652 3892.360791 3918.382186 3965.059737 4021.707447 4043.702731 4046.150404 4063.093341 4107.440346 4164.938748 4200.407634 4182.555666 4173.313216 4183.966825 4198.756048 4220.911117 4220.958722 4222.093880 4226.508490 4234.542094 4232.526567 4205.374197 4171.691949 4158.644633 4148.275753 4108.919087 4036.083318 4006.566320 3977.122006 3932.807494 3877.992311 3832.614010 3835.580339 3780.801345 3725.634753 3677.059601 3670.767716 3651.770087 3637.006600 3621.049765 3634.596405 3647.588506 3633.250950 3603.719743 3574.897570 3562.380729 3545.203084 3534.095580 3565.578871 3583.664442 3613.165613 -9999.0 -9999.0 -9999.0 -9999.0
-9999.0 -9999.0 3192.525270 3237.049235 3293.479096 3298.583806 3290.307519 3291.951563 3317.135772 3365.077858 3425.312838 3460.107053 3486.745963 3516.053569 3565.216611 3624.900331 3683.365988 3725.350935 3783.419861 3852.910572 3911.906745 3938.297123 3946.707732 3982.521432 4037.799490 4108.206227 4136.714074 4163.575415 4195.997779 4233.271231 4222.921475 4233.253772 4246.161294 4260.105451 4276.166559 4283.882649 4278.798527 4274.147433 4255.456377 4250.081906 4256.527121 4264.941206 4263.649756 4248.813465 4244.830265 4259.995953 4266.501476 4264.235926 4261.071263 4265.716233 4260.220685 4210.567023 4195.245481 4179.661322 4167.335422 4120.599740 4053.149075 4021.351373 3999.261259 3957.572261 3883.883118 3847.566677 3808.901138 3775.118197 3738.649877 3726.913750 3695.636306 3664.265923 3626.199246 3585.977131 3567.402740 3553.674914 3553.678257 3554.562894 3572.620989 3588.465259 3604.526420 3612.646062 -9999.0 -9999.0
-9999.0 3082.110101 3152.480506 3272.751495 3349.243894 3384.144999 3389.234077 3389.343956 3413.397361 3445.679001 3529.779847 3575.138479 3657.439428 3695.178822 3734.918135 3824.663647 3919.824985 3963.702859 4003.335982 4068.379200 4135.242732 4182.866648 4209.468090 4184.931921 4225.417745 4257.225975 4266.034574 4273.559109 4274.109164 4265.542051 4259.275698 4265.856680 4262.765073 4243.313129 4226.980799 4225.128703 4221.664336 4198.109481 4170.394787 4154.648105 4155.770899 4181.033915 4167.689305 4146.196772 4141.733533 4163.577887 4185.394728 4174.545943 4161.316265 4177.978450 4212.922216 4238.504620 4238.677718 4257.486910 4278.667375 4249.181034 4228.567451 4184.046940 4166.904431 4141.298915 4083.788291 4028.925649 3980.604927 3932.319526 3880.362797 3832.295283 3785.072203 3738.196910 3685.556479 3653.183747 3629.430799 3587.512647 3575.692068 3582.788449 3578.329347 3577.071072 3583.856515 3590.499653 -9999.0 -9999.0
-9999.0 2983.565379 3121.349633 3297.005454 3437.845002 3475.523017 3532.016949 3584.749841 3596.931664 3538.883070 3639.743516 3857.412458 3982.535559 4000.842853 4077.515358 4174.234640 4153.489953 4185.352428 4209.090272 4236.918575 4259.250086 4274.261884 4272.720298 4267.755412 4251.099149 4243.055364 4242.130430 4239.963357 4222.363456 4203.226698 4186.287266 4182.945569 4164.651457 4114.186725 4080.602726 4062.713323 4042.903142 4029.745873 4002.797885 3976.599500 3959.651196 3969.329861 3968.160463 3955.072683 3950.666820 3968.512678 3999.436079 3998.007551 4010.583688 4030.352947 4065.856090 4104.486435 4123.866167 4153.211357 4189.048496 4237.773642 4245.972656 4268.559175 4271.303977 4261.671049 4214.517888 4162.528983 4132.947042 4077.236583 4017.659862 3955.952252 3906.894909 3862.223415 3806.964881 3773.375304 3734.650061 3681.361076 3639.561642 3633.346846 3600.538562 3588.185466 -9999.0 -9999.0 -9999.0 -9999.0
-9999.0 2878.354799 3055.395439 3290.369838 3585.084957 3652.147000 3854.147336 3968.134028 4006.176846 4074.269764 3945.583259 4159.629896 4214.985796 4210.647175 4228.768483 4232.353434 4246.920932 4246.134714 4241.045390 4229.926929 4220.196936 4215.515137 4214.502142 4206.561070 4193.871616 4179.179567 4167.179683 4155.572532 4118.560022 4086.315563 4046.301433 4033.593231 3987.865889 3895.557383 3856.958543 3817.742541 3756.035844 3759.125345 3767.838805 3744.200657 3724.436359 3695.312455 3725.802923 3737.369321 3741.857418 3736.557421 3745.564578 3775.041038 3823.625541 3858.158844 3896.943700 3945.019027 3975.672743 4014.896878 4054.490332 4106.947892 4138.409410 4167.435545 4216.890588 4254.029445 4276.876797 4262.462073 4244.435562 4199.078147 4138.606984 4089.146639 4059.910079 4009.077682 3965.469908 3922.116897 3875.760692 3823.133654 3761.751334 3711.029451 3677.676569 -9999.0 -9999.0 -9999.0 -9999.0 -9999.0
-9999.0 2656.674389 2911.990211 3172.564676 3440.777689 3784.701793 3961.937286 4054.526606 4118.414442 4103.762119 4129.393343 4135.117145 4172.468215 4180.092345 4158.755850 4144.580369 4126.501094 4125.411633 4138.515916 4110.955912 4080.418835 4066.918555 4067.858125 4057.176320 4033.139114 4018.289198 4009.062000 3990.382295 3947.320990 3896.824974 3812.231377 3776.828857 3697.446923 3660.601389 3624.998098 3578.395398 3534.663833 3541.086093 3566.660125 3558.317407 3537.924895 3521.256104 3551.002913 3572.259495 3585.646789 3568.963162 3575.407026 3609.664012 3655.852051 3696.027243 3739.468304 3787.115329 3828.976925 3867.714015 3887.911899 3926.597420 3968.724995 4010.364612 4080.717465 4159.769686 4196.172081 4231.106366 4259.621910 4281.690960 4238.594819 4212.637332 4188.685266 4164.949272 4118.462683 4072.922761 4032.362025 3967.273515 3907.731192 -9999.0 -9999.0 -9999.0 -9999.0 -9999.0 -9999.0 -9999.0
-9999.0 2546.013701 2736.002590 2911.356382 3152.339900 3380.127699 3605.824193 3695.861362 3766.497696 3842.352120 3898.726308 3937.334187 3963.118565 3984.897055 3962.386961 3915.746521 3883.227601 3888.322519 3878.889187 3858.236454 3830.803619 3818.144672 3815.436566 3810.929629 3790.103249 3780.308473 3773.897925 3756.239734 3731.644930 3679.158939 3608.823663 3535.745096 3483.202507 3465.582734 3444.284140 3418.620651 3393.534688 3407.510602 3420.352636 3421.064608 3415.369080 3416.207702 3445.247136 3465.275712 3474.683817 3463.979697 3482.018117 3504.620992 3540.859148 3579.639274 3623.769307 3673.312216 3721.228201 3740.505814 3741.538699 3751.743058 3778.444623 3821.067911 3896.974027 3982.994598 4061.499069 4107.314463 4158.341059 4198.681189 4227.262412 4251.329706 4274.360089 4267.905298 4241.556715 4207.965441 4148.717251 -9999.0 -9999.0 -9999.0 -9999.0 -9999.0 -9999.0 -9999.0 -9999.0 -9999.0
-9999.0 -9999.0 2511.013046 2660.096814 2751.280256 2890.745289 3026.391095 3130.294776 3232.118988 3376.750406 3501.146593 3595.965452 3642.844580 3658.523622 3644.960083 3617.399726 3600.876480 3600.444364 3588.579765 3583.015522 3569.678010 3564.938060 3553.060389 3546.036579 3543.167065 3543.604166 3542.173177 3534.910267 3519.427530 3479.379888 3444.768010 3402.075693 3357.466530 3337.268689 3320.592708 3305.163466 3310.821047 3306.372367 3312.362132 3315.910357 3326.322574 3340.989189 3360.317998 3383.206104 3392.845485 3403.194652 3413.686941 3434.805778 3464.083107 3503.679309 3554.459781 3608.766935 3644.071942 3650.154740 3631.161227 3624.982465 3631.753340 3659.238120 3720.802776 3788.954329 3879.005959 3944.739006 4011.680553 4067.937060 4094.831286 4131.223323 4202.078248 4250.152265 4293.391329 4270.945456 -9999.0 -9999.0 -9999.0 -9999.0 -9999.0 -9999.0 -9999.0 -9999.0 -9999.0 -9999.0
-9999.0 -9999.0 -9999.0 -9999.0 2520.056245 2666.121784 2763.842529 2815.359554 2947.635674 3075.887631 3180.985301 3268.257621 3338.144422 3364.277612 3366.473548 3385.325069 3385.145805 3375.538987 3364.601232 3370.734620 3376.993175 3371.395440 3354.554660 3349.294518 3354.736502 3364.394544 3364.191865 3353.145761 3336.937726 3326.085378 3316.341056 3288.255030 3258.525052 3233.303817 3223.408618 3222.443155 3223.959288 3216.962011 3226.067530 3235.932353 3252.417569 3267.751161 3291.275820 3321.135259 3335.986551 3350.508593 3358.639062 3376.454265 3404.572950 3455.572140 3516.792538 3572.930291 3606.536020 3606.381260 3577.084995 3554.576342 3541.046995 3557.321352 3585.212755 3634.526452 3723.088764 3784.864742 3829.194127 3867.162572 3903.432242 3969.155333 4064.771806 4146.596927 -9999.0 -9999.0 -9999.0 -9999.0 -9999.0 -9999.0 -9999.0 -9999.0 -9999.0 -9999.0 -9999.0 -9999.0
-9999.0 -9999.0 -9999.0 -9999.0 -9999.0 -9999.0 2499.810477 2607.197320 2673.813594 2797.296819 2944.212582 3049.801474 3133.244621 3169.923698 3205.329209 3236.612533 3237.788466 3217.307424 3195.127821 3217.955975 3238.766266 3232.714862 3200.277442 3203.019066 3211.741429 3221.023826 3220.224122 3216.522225 3194.494187 3214.877263 3222.724812 3202.982389 3180.484929 3170.665319 3161.223545 3172.864137 3174.292784 3160.733740 3160.028434 3188.810433 3210.469431 3223.463881 3244.359246 3277.557792 3309.982520 3325.561506 3326.034737 3330.023933 3365.606664 3433.141903 3503.742988 3558.524281 3589.240485 3593.493042 3562.129508 3516.733762 3489.916763 3487.822298 3510.923208 3548.800883 3608.987367 3644.192359 3653.457933 3652.467134 3663.188286 3763.595549 -9999.0 -9999.0 -9999.0 -9999.0 -9999.0 -9999.0 -9999.0 -9999.0 -9999.0 -9999.0 -9999.0 -9999.0 -9999.0 -9999.0
-9999.0 -9999.0 -9999.0 -9999.0 -9999.0 -9999.0 -9999.0 -9999.0 -9999.0 -9999.0 -9999.0 -9999.0 -9999.0 -9999.0 -9999.0 -9999.0 -9999.0 -9999.0 -9999.0 -9999.0 -9999.0 -9999.0 -9999.0 -9999.0 -9999.0 -9999.0 -9999.0 -9999.0 -9999.0 -9999.0 -9999.0 -9999.0 -9999.0 -9999.0 -9999.0 -9999.0 -9999.0 -9999.0 -9999.0 -9999.0 -9999.0 -9999.0 -9999.0 -9999.0 -9999.0 -9999.0 -9999.0 -9999.0 -9999.0 -9999.0 -9999.0 -9999.0 -9999.0 -9999.0 -9999.0 -9999.0 -9999.0 -9999.0 -9999.0 -9999.0 -9999.0 -9999.0 -9999.0 -9999.0 -9999.0 -9999.0 -9999.0 -9999.0 -9999.0 -9999.0 -9999.0 -9999.0 -9999.0 -9999.0 -9999.0 -9999.0 -9999.0 -9999.0 -9999.0 -9999.0
-9999.0 -9999.0 -9999.0 -9999.0 -9999.0 -9999.0 -9999.0 -9999.0 -9999.0 -9999.0 -9999.0 -9999.0 -9999.0 -9999.0 -9999.0 -9999.0 -9999.0 -9999.0 -9999.0 -9999.0 -9999.0 -9999.0 -9999.0 -9999.0 -9999.0 -9999.0 -9999.0 -9999.0 -9999.0 -9999.0 -9999.0 -9999.0 -9999.0 -9999.0 -9999.0 -9999.0 -9999.0 -9999.0 -9999.0 -9999.0 -9999.0 -9999.0 -9999.0 -9999.0 -9999.0 -9999.0 -9999.0 -9999.0 -9999.0 -9999.0 -9999.0 -9999.0 -9999.0 -9999.0 -9999.0 -9999.0 -9999.0 -9999.0 -9999.0 -9999.0 -9999.0 -9999.0 -9999.0 -9999.0 -9999.0 -9999.0 -9999.0 -9999.0 -9999.0 -9999.0 -9999.0 -9999.0 -9999.0 -9999.0 -9999.0 -9999.0 -9999.0 -9999.0 -9999.0 -9999.0