Borden_/Borden1m_014/output_maps/psiliqL0023N0009.asc
ncols         80
nrows         18
xllcorner     620200.000000
yllcorner     5168000.000000
cellsize      1.000000
NODATA_value  -9999.0
-9999.0 -9999.0 -9999.0 -9999.0 -9999.0 -9999.0 -9999.0 -9999.0 -9999.0 -9999.0 -9999.0 -9999.0 -9999.0 -9999.0 -9999.0 -9999.0 -9999.0 -9999.0 -9999.0 -9999.0 -9999.0 -9999.0 -9999.0 -9999.0 -9999.0 -9999.0 -9999.0 -9999.0 -9999.0 -9999.0 -9999.0 -9999.0 -9999.0 -9999.0 -9999.0 -9999.0 -9999.0 -9999.0 -9999.0 -9999.0 -9999.0 -9999.0 -9999.0 -9999.0 -9999.0 -9999.0 -9999.0 -9999.0 -9999.0 -9999.0 -9999.0 -9999.0 -9999.0 -9999.0 -9999.0 -9999.0 -9999.0 -9999.0 -9999.0 -9999.0 -9999.0 -9999.0 -9999.0 -9999.0 -9999.0 -9999.0 -9999.0 -9999.0 -9999.0 -9999.0 -9999.0 -9999.0 -9999.0 -9999.0 -9999.0 -9999.0 -9999.0 -9999.0 -9999.0 -9999.0
-9999.0 -9999.0 -9999.0 -9999.0 -9999.0 -9999.0 -9999.0 -9999.0 -9999.0 -9999.0 -9999.0 -9999.0 -9999.0 -9999.0 -9999.0 -9999.0 -9999.0 -9999.0 -9999.0 -9999.0 -9999.0 -9999.0 -9999.0 -9999.0 -9999.0 -9999.0 -9999.0 -9999.0 -9999.0 -9999.0 -9999.0 -9999.0 -9999.0 -9999.0 -9999.0 -9999.0 -9999.0 -9999.0 -9999.0 -9999.0 -9999.0 -9999.0 -9999.0 -9999.0 -9999.0 -9999.0 -9999.0 -9999.0 -9999.0 -9999.0 -9999.0 -9999.0 -9999.0 -9999.0 -9999.0 -9999.0 -9999.0 -9999.0 -9999.0 -9999.0 -9999.0 -9999.0 -9999.0 -9999.0 -9999.0 -9999.0 -9999.0 -9999.0 -9999.0 -9999.0 -9999.0 -9999.0 -9999.0 -9999.0 -9999.0 -9999.0 -9999.0 -9999.0 -9999.0 -9999.0
-9999.0 -9999.0 -9999.0 -9999.0 -9999.0 -9999.0 -9999.0 -9999.0 -9999.0 -9999.0 -9999.0 -9999.0 -9999.0 -9999.0 -9999.0 -9999.0 -9999.0 -9999.0 -9999.0 -9999.0 2750.522362 2752.674221 2732.102604 2699.652664 2673.388840 2677.478012 2712.968123 2755.548062 2795.927242 2805.587161 2788.663457 2794.435687 2792.786092 2791.895887 2796.430964 2807.724897 2817.760730 2829.003314 2837.513934 2836.394111 2829.677577 2824.670559 2826.485275 2828.181962 2833.994108 2820.152452 2835.202146 2784.510836 2789.294824 2786.344201 2817.040417 2800.617195 2788.798315 2770.091388 2793.279994 2802.465594 2788.660109 2793.284838 2791.667215 2790.810587 2759.917931 -9999.0 -9999.0 -9999.0 -9999.0 -9999.0 -9999.0 -9999.0 -9999.0 -9999.0 -9999.0 -9999.0 -9999.0 -9999.0 -9999.0 -9999.0 -9999.0 -9999.0 -9999.0 -9999.0
-9999.0 -9999.0 -9999.0 -9999.0 -9999.0 -9999.0 -9999.0 -9999.0 -9999.0 -9999.0 -9999.0 -9999.0 -9999.0 -9999.0 2655.759064 2647.811464 2646.533391 2655.925600 2690.493361 2722.220530 2734.258209 2728.138513 2729.385339 2706.678262 2686.601453 2702.141420 2734.106419 2765.731464 2800.673877 2820.112715 2810.815841 2810.698172 2821.285882 2785.837434 2794.465371 2791.025625 2847.597111 2796.740651 2810.080357 2815.109024 2813.196520 2803.505692 2812.966572 2827.166583 2820.172192 2804.730727 2814.621333 2828.940779 2840.231265 2831.364838 2836.369016 2818.390642 2811.076805 2803.345911 2787.300000 2781.034426 2805.908898 2801.189155 2790.800717 2771.577658 2736.978540 2691.198844 2670.557311 2708.647056 2750.581901 2786.271211 -9999.0 -9999.0 -9999.0 -9999.0 -9999.0 -9999.0 -9999.0 -9999.0 -9999.0 -9999.0 -9999.0 -9999.0 -9999.0 -9999.0
-9999.0 -9999.0 -9999.0 -9999.0 -9999.0 -9999.0 -9999.0 -9999.0 -9999.0 2595.317325 2601.634643 2609.960946 2613.930026 2630.518535 2628.094897 2636.522189 2643.243028 2672.632532 2704.692606 2740.816088 2769.329504 2763.489348 2763.262305 2770.454371 2769.792858 2782.121144 2806.271721 2786.689288 2818.583516 2854.143401 2821.220272 2816.526176 2833.975900 2875.899244 2900.708398 2903.519818 2885.147645 2899.719831 2923.193135 2939.826909 2936.588306 2931.088485 2956.249516 2970.912208 2966.479254 2945.731250 2942.617966 2948.857482 2977.355365 2927.251127 2862.448052 2822.413824 2836.543987 2814.661860 2787.245468 2833.564925 2829.809679 2796.561808 2784.745572 2791.267339 2755.946961 2741.815057 2721.989851 2739.306726 2760.017227 2781.640392 2821.557917 2851.463869 2851.341086 2834.313945 -9999.0 -9999.0 -9999.0 -9999.0 -9999.0 -9999.0 -9999.0 -9999.0 -9999.0 -9999.0
-9999.0 -9999.0 -9999.0 -9999.0 -9999.0 -9999.0 2514.655819 2526.182233 2548.417543 2552.709089 2580.505539 2587.641695 2609.008823 2628.651417 2652.130653 2668.134539 2697.096271 2730.575818 2769.548693 2811.763893 2791.814739 2838.607671 2786.337415 2806.909255 2835.364765 2855.700218 2878.010195 2914.973464 2980.444322 3016.377414 3011.248017 3012.321663 3020.449696 3069.896960 3133.323726 3144.921338 3124.450709 3111.023484 3133.458783 3169.908585 3169.078563 3167.978587 3179.639487 3189.939711 3216.553946 3206.522928 3171.115877 3164.377730 3169.492838 3148.901813 3082.837969 3025.557662 3005.008280 2965.712893 2884.392501 2840.151444 2860.581213 2886.812924 2864.446960 2815.495590 2835.002378 2824.089955 2807.740298 2795.367552 2803.166625 2792.789644 2817.012030 2830.897561 2819.344436 2798.974769 2790.060158 2760.020776 2760.800260 2784.700007 -9999.0 -9999.0 -9999.0 -9999.0 -9999.0 -9999.0
-9999.0 -9999.0 -9999.0 -9999.0 2462.960996 2477.230328 2464.809988 2492.862053 2527.376467 2563.412067 2593.881206 2630.070343 2657.063924 2687.276172 2723.644593 2751.679413 2789.850528 2824.470583 2815.657315 2876.953088 2921.484986 2936.292278 2944.953635 2989.781157 3045.622584 3092.775108 3111.048213 3136.133451 3179.397918 3235.112405 3257.550238 3260.779315 3277.585232 3318.741932 3372.621270 3407.010596 3389.752712 3381.136455 3390.171661 3403.554842 3425.669920 3425.773093 3426.859887 3430.491458 3437.457782 3436.157884 3410.624961 3377.703992 3364.973294 3355.380671 3319.850364 3249.418382 3218.287499 3190.633124 3151.985269 3099.571719 3049.619579 3048.282299 2995.050841 2947.352233 2896.120364 2886.077274 2864.586070 2847.687959 2828.963066 2839.811486 2850.739380 2835.372667 2805.767334 2795.547091 2779.355662 2758.814195 2745.281218 2774.341136 2784.254249 2814.064128 -9999.0 -9999.0 -9999.0 -9999.0
-9999.0 -9999.0 2401.068809 2448.385974 2507.297171 2516.445358 2514.435932 2521.289701 2551.729250 2605.303371 2675.755322 2718.517657 2754.061912 2788.612442 2785.415252 2849.143097 2909.764338 2951.768286 3002.334839 3069.974438 3128.260043 3155.200928 3164.459283 3198.767427 3251.976458 3318.416840 3345.457508 3371.119318 3401.664504 3436.592415 3432.706635 3444.046494 3455.541138 3466.067667 3478.965917 3484.986670 3480.505917 3475.990117 3457.658417 3452.848308 3459.406344 3466.696123 3466.242298 3451.865804 3447.915192 3462.601607 3468.329210 3466.587306 3464.371156 3469.736980 3467.060189 3421.080052 3399.298315 3384.742532 3374.215461 3329.152940 3263.936177 3230.771747 3210.609233 3171.513605 3099.188756 3060.376960 3020.651726 2985.317672 2951.492793 2936.065782 2902.161398 2869.317889 2830.088993 2789.111245 2790.772023 2771.912599 2767.925931 2765.149466 2780.537544 2788.960417 2804.903307 2812.981621 -9999.0 -9999.0
-9999.0 2292.117827 2364.073824 2488.386398 2569.128840 2612.430035 2631.721004 2644.449929 2676.190518 2714.020802 2808.790353 2808.977954 2891.032776 2926.338812 2967.244799 3050.203917 3141.614775 3182.965091 3219.967431 3280.463761 3343.626309 3389.485826 3415.191060 3401.012060 3438.472900 3463.737446 3470.388089 3476.324272 3475.240475 3466.838206 3459.895632 3466.734199 3463.993177 3445.266877 3429.622947 3428.037878 3424.737850 3401.820358 3374.625821 3359.628422 3361.478745 3385.922692 3373.177239 3352.001050 3347.664712 3369.016612 3389.607766 3379.185406 3366.199685 3382.615730 3416.621889 3440.264303 3443.343528 3461.329752 3482.316374 3454.143162 3431.355982 3388.759164 3372.298351 3347.247057 3291.687255 3237.106464 3189.718491 3141.644446 3089.175240 3039.347221 2991.812761 2948.259456 2894.173998 2860.906244 2836.023298 2792.287861 2796.624440 2784.300859 2787.601352 2783.842373 2784.218589 2790.831119 -9999.0 -9999.0
-9999.0 2199.652869 2340.006293 2521.079033 2669.457155 2720.617826 2798.265298 2820.502747 2835.263390 2853.425367 2884.380601 3091.388366 3204.460653 3219.553366 3291.904674 3382.814906 3372.732373 3402.824455 3424.752911 3445.989555 3463.151025 3475.863790 3473.726949 3468.099849 3451.937148 3444.007814 3443.215374 3441.220226 3424.205167 3405.594034 3389.050935 3386.266014 3369.038049 3321.712245 3289.308455 3272.753277 3255.564894 3241.626016 3213.866466 3188.435352 3173.330884 3184.877112 3181.850028 3167.944007 3163.505173 3181.802823 3212.531154 3209.415179 3219.411457 3238.624775 3273.870398 3310.915823 3329.868720 3358.388893 3393.459996 3439.753954 3449.775385 3471.862965 3475.213138 3462.935409 3417.747316 3367.300625 3338.400354 3284.019030 3224.700381 3163.563730 3115.439613 3071.131791 3016.663793 2982.320027 2945.186966 2891.458609 2846.897099 2836.774564 2802.838973 2788.773755 -9999.0 -9999.0 -9999.0 -9999.0
-9999.0 2103.013626 2284.969559 2529.998317 2804.256098 2881.488230 3076.072833 3187.853664 3226.839227 3291.495452 3193.768444 3381.649085 3428.418057 3421.862350 3431.981725 3434.250192 3447.849256 3447.551270 3442.502700 3431.735974 3422.491325 3418.184975 3417.016079 3409.169409 3396.698507 3382.257560 3370.594744 3359.571415 3323.813110 3292.635151 3255.289208 3243.360309 3201.558249 3111.820667 3073.318146 3036.651028 2978.498298 2980.012277 2984.953421 2967.174323 2948.304535 2922.268452 2949.835271 2958.855348 2962.399601 2959.410525 2970.301481 2990.388714 3035.937555 3069.281539 3107.783475 3154.781194 3183.997350 3222.552445 3262.437907 3314.026145 3344.291050 3372.693137 3420.124859 3456.780328 3479.188994 3466.055167 3446.168447 3403.176836 3343.738435 3294.918825 3266.818153 3217.545987 3174.783195 3131.272427 3085.161947 3032.740510 2973.492362 2916.620022 2882.035697 -9999.0 -9999.0 -9999.0 -9999.0 -9999.0
-9999.0 1890.539684 2155.618082 2428.219023 2716.463591 3027.425498 3182.870595 3279.600973 3340.550282 3316.862086 3333.968056 3341.891223 3378.205858 3384.476400 3362.925538 3349.941615 3333.529847 3332.442165 3345.398247 3318.659660 3289.197575 3276.289245 3277.097420 3266.388995 3243.097542 3228.216858 3218.887595 3201.090042 3158.805149 3110.056028 3028.445130 2997.072108 2927.101973 2885.729752 2848.635769 2802.495779 2819.410244 2822.914483 2786.075354 2839.006413 2819.004864 2802.076017 2831.346548 2787.220458 2799.844349 2784.603361 2791.363176 2825.097174 2871.060580 2910.796273 2954.408182 2996.481926 3037.115316 3076.346744 3098.281513 3138.482023 3179.469391 3220.286473 3289.170161 3365.340521 3399.781183 3433.443573 3463.359001 3484.777478 3442.571349 3415.392020 3392.412720 3369.874589 3324.696048 3279.930439 3239.452025 3176.490479 3117.125991 -9999.0 -9999.0 -9999.0 -9999.0 -9999.0 -9999.0 -9999.0
-9999.0 1774.778135 1974.351526 2175.617616 2435.840807 2673.526943 2854.110778 2945.010053 3010.393779 3070.653827 3118.321079 3153.493193 3178.909101 3199.771003 3176.998127 3133.066956 3101.795227 3106.492390 3098.893958 3077.528740 3049.951700 3037.049563 3035.055786 3030.240712 3008.930734 2998.420527 2991.614652 2979.615826 2953.575019 2901.689974 2830.190918 2819.476564 2762.065462 2736.492358 2708.965972 2678.388339 2649.677635 2661.688497 2673.139059 2674.666663 2668.083287 2667.985433 2697.187312 2715.446844 2725.114855 2714.255102 2733.007420 2757.595350 2796.958378 2789.048196 2833.219439 2882.668599 2930.663121 2951.561106 2955.294431 2968.859112 2991.299353 3034.550780 3110.388059 3194.863264 3269.578960 3313.775529 3363.559945 3402.404210 3429.242921 3456.393303 3476.989684 3468.677758 3443.884178 3411.256815 3354.136387 -9999.0 -9999.0 -9999.0 -9999.0 -9999.0 -9999.0 -9999.0 -9999.0 -9999.0
-9999.0 -9999.0 1746.624962 1905.288515 2012.734345 2180.317660 2326.707833 2438.793444 2543.844328 2688.462986 2813.249718 2832.165265 2876.638431 2892.082209 2877.870528 2848.328517 2830.055787 2829.692464 2818.497212 2811.356377 2796.065586 2790.767745 2842.275672 2834.623271 2829.221893 2827.436432 2824.298867 2815.959567 2796.200460 2750.426319 2707.325236 2659.522836 2608.234271 2583.756781 2562.947163 2543.605864 2545.784609 2540.948109 2546.558123 2549.720806 2559.188019 2573.355448 2593.150614 2616.308593 2626.207459 2636.265562 2647.884841 2670.615910 2702.337758 2743.402273 2797.195090 2813.814671 2849.157664 2856.210620 2839.259895 2835.523295 2845.110372 2875.509824 2940.583214 3003.821601 3091.307808 3155.302762 3221.075938 3275.825147 3301.718090 3338.068472 3406.416626 3454.304640 3494.456998 3472.184857 -9999.0 -9999.0 -9999.0 -9999.0 -9999.0 -9999.0 -9999.0 -9999.0 -9999.0 -9999.0
-9999.0 -9999.0 -9999.0 -9999.0 1765.314812 1914.641499 2012.846579 2095.092485 2230.714241 2362.549913 2471.484865 2559.608139 2628.324421 2656.577877 2656.547097 2669.469575 2665.509614 2654.503017 2641.461300 2642.838421 2644.875242 2637.778266 2622.153290 2616.027224 2619.637757 2627.221493 2625.548864 2612.593123 2594.081371 2576.582796 2560.422269 2527.840587 2494.227873 2465.679492 2452.912950 2448.901184 2448.915451 2441.466085 2450.231232 2459.214893 2475.370201 2490.802281 2514.463820 2543.670881 2558.190081 2573.029725 2582.125246 2601.470728 2631.661313 2684.736512 2748.308767 2806.025246 2809.160397 2809.594434 2824.972912 2808.795275 2803.477347 2829.054619 2798.170506 2850.558846 2940.063985 2995.716631 3041.946487 3081.475504 3117.611862 3180.650875 3272.401196 3352.175600 -9999.0 -9999.0 -9999.0 -9999.0 -9999.0 -9999.0 -9999.0 -9999.0 -9999.0 -9999.0 -9999.0 -9999.0
-9999.0 -9999.0 -9999.0 -9999.0 -9999.0 -9999.0 1738.095387 1843.908847 1916.335435 2068.199912 2212.335150 2320.672473 2404.791145 2440.139261 2472.291888 2501.002614 2499.389000 2477.690157 2454.741462 2474.366880 2491.354084 2484.796216 2453.576493 2455.072996 2462.133790 2470.669412 2468.706597 2462.958959 2438.249661 2453.313719 2456.346797 2433.293255 2407.715170 2394.634416 2383.034965 2392.893880 2393.159440 2379.168366 2378.774734 2406.795747 2427.997327 2441.148786 2462.463749 2495.671500 2528.186040 2543.848965 2545.002605 2550.247370 2587.937070 2657.598726 2729.934481 2786.267064 2791.167371 2795.891311 2802.937904 2762.923399 2742.816233 2749.281753 2782.241432 2831.802820 2822.481686 2859.585312 2872.878819 2876.396318 2890.198939 2979.568014 -9999.0 -9999.0 -9999.0 -9999.0 -9999.0 -9999.0 -9999.0 -9999.0 -9999.0 -9999.0 -9999.0 -9999.0 -9999.0 -9999.0
-9999.0 -9999.0 -9999.0 -9999.0 -9999.0 -9999.0 -9999.0 -9999.0 -9999.0 -9999.0 -9999.0 -9999.0 -9999.0 -9999.0 -9999.0 -9999.0 -9999.0 -9999.0 -9999.0 -9999.0 -9999.0 -9999.0 -9999.0 -9999.0 -9999.0 -9999.0 -9999.0 -9999.0 -9999.0 -9999.0 -9999.0 -9999.0 -9999.0 -9999.0 -9999.0 -9999.0 -9999.0 -9999.0 -9999.0 -9999.0 -9999.0 -9999.0 -9999.0 -9999.0 -9999.0 -9999.0 -9999.0 -9999.0 -9999.0 -9999.0 -9999.0 -9999.0 -9999.0 -9999.0 -9999.0 -9999.0 -9999.0 -9999.0 -9999.0 -9999.0 -9999.0 -9999.0 -9999.0 -9999.0 -9999.0 -9999.0 -9999.0 -9999.0 -9999.0 -9999.0 -9999.0 -9999.0 -9999.0 -9999.0 -9999.0 -9999.0 -9999.0 -9999.0 -9999.0 -9999.0
-9999.0 -9999.0 -9999.0 -9999.0 -9999.0 -9999.0 -9999.0 -9999.0 -9999.0 -9999.0 -9999.0 -9999.0 -9999.0 -9999.0 -9999.0 -9999.0 -9999.0 -9999.0 -9999.0 -9999.0 -9999.0 -9999.0 -9999.0 -9999.0 -9999.0 -9999.0 -9999.0 -9999.0 -9999.0 -9999.0 -9999.0 -9999.0 -9999.0 -9999.0 -9999.0 -9999.0 -9999.0 -9999.0 -9999.0 -9999.0 -9999.0 -9999.0 -9999.0 -9999.0 -9999.0 -9999.0 -9999.0 -9999.0 -9999.0 -9999.0 -9999.0 -9999.0 -9999.0 -9999.0 -9999.0 -9999.0 -9999.0 -9999.0 -9999.0 -9999.0 -9999.0 -9999.0 -9999.0 -9999.0 -9999.0 -9999.0 -9999.0 -9999.0 -9999.0 -9999.0 -9999.0 -9999.0 -9999.0 -9999.0 -9999.0 -9999.0 -9999.0 -9999.0 -9999.0 -9999.0