Borden_/Borden1m_014/output_maps/psiliqL0010N0017.asc
ncols         80
nrows         18
xllcorner     620200.000000
yllcorner     5168000.000000
cellsize      1.000000
NODATA_value  -9999.0
-9999.0 -9999.0 -9999.0 -9999.0 -9999.0 -9999.0 -9999.0 -9999.0 -9999.0 -9999.0 -9999.0 -9999.0 -9999.0 -9999.0 -9999.0 -9999.0 -9999.0 -9999.0 -9999.0 -9999.0 -9999.0 -9999.0 -9999.0 -9999.0 -9999.0 -9999.0 -9999.0 -9999.0 -9999.0 -9999.0 -9999.0 -9999.0 -9999.0 -9999.0 -9999.0 -9999.0 -9999.0 -9999.0 -9999.0 -9999.0 -9999.0 -9999.0 -9999.0 -9999.0 -9999.0 -9999.0 -9999.0 -9999.0 -9999.0 -9999.0 -9999.0 -9999.0 -9999.0 -9999.0 -9999.0 -9999.0 -9999.0 -9999.0 -9999.0 -9999.0 -9999.0 -9999.0 -9999.0 -9999.0 -9999.0 -9999.0 -9999.0 -9999.0 -9999.0 -9999.0 -9999.0 -9999.0 -9999.0 -9999.0 -9999.0 -9999.0 -9999.0 -9999.0 -9999.0 -9999.0
-9999.0 -9999.0 -9999.0 -9999.0 -9999.0 -9999.0 -9999.0 -9999.0 -9999.0 -9999.0 -9999.0 -9999.0 -9999.0 -9999.0 -9999.0 -9999.0 -9999.0 -9999.0 -9999.0 -9999.0 -9999.0 -9999.0 -9999.0 -9999.0 -9999.0 -9999.0 -9999.0 -9999.0 -9999.0 -9999.0 -9999.0 -9999.0 -9999.0 -9999.0 -9999.0 -9999.0 -9999.0 -9999.0 -9999.0 -9999.0 -9999.0 -9999.0 -9999.0 -9999.0 -9999.0 -9999.0 -9999.0 -9999.0 -9999.0 -9999.0 -9999.0 -9999.0 -9999.0 -9999.0 -9999.0 -9999.0 -9999.0 -9999.0 -9999.0 -9999.0 -9999.0 -9999.0 -9999.0 -9999.0 -9999.0 -9999.0 -9999.0 -9999.0 -9999.0 -9999.0 -9999.0 -9999.0 -9999.0 -9999.0 -9999.0 -9999.0 -9999.0 -9999.0 -9999.0 -9999.0
-9999.0 -9999.0 -9999.0 -9999.0 -9999.0 -9999.0 -9999.0 -9999.0 -9999.0 -9999.0 -9999.0 -9999.0 -9999.0 -9999.0 -9999.0 -9999.0 -9999.0 -9999.0 -9999.0 -9999.0 137.068983 140.129537 117.882337 84.270392 56.384961 58.965269 94.585698 136.450558 175.130266 186.108311 168.883630 171.687979 168.060240 168.890335 172.791363 179.795257 183.485322 195.230524 203.825088 203.458142 197.116672 191.420565 190.652835 194.056030 199.220818 189.734243 203.580873 219.084370 224.987235 219.139622 190.633517 173.349473 163.412442 147.339515 170.884453 182.413716 204.613620 208.134721 206.046634 178.419545 147.945826 -9999.0 -9999.0 -9999.0 -9999.0 -9999.0 -9999.0 -9999.0 -9999.0 -9999.0 -9999.0 -9999.0 -9999.0 -9999.0 -9999.0 -9999.0 -9999.0 -9999.0 -9999.0 -9999.0
-9999.0 -9999.0 -9999.0 -9999.0 -9999.0 -9999.0 -9999.0 -9999.0 -9999.0 -9999.0 -9999.0 -9999.0 -9999.0 -9999.0 44.828344 35.060377 32.478982 41.497349 75.939513 106.681300 119.453222 112.298447 112.807590 89.910458 70.449539 85.556606 116.043490 148.388139 183.589033 205.108341 194.128300 193.372559 206.231281 235.694540 251.456336 249.690801 229.558926 252.887906 269.166975 278.224148 277.022642 268.191284 282.350860 298.739867 292.150685 274.663856 279.008884 291.317691 305.210521 289.395404 222.694699 199.174117 192.605792 183.749886 168.718602 161.101135 185.057190 184.657987 175.369015 156.570992 123.535210 78.997302 60.415431 98.688741 142.733494 200.338261 -9999.0 -9999.0 -9999.0 -9999.0 -9999.0 -9999.0 -9999.0 -9999.0 -9999.0 -9999.0 -9999.0 -9999.0 -9999.0 -9999.0
-9999.0 -9999.0 -9999.0 -9999.0 -9999.0 -9999.0 -9999.0 -9999.0 -9999.0 -13.008215 -9.001184 -1.673915 0.503516 16.428627 14.794684 22.224599 30.469063 57.698375 89.948392 126.380024 156.254903 147.439811 149.003764 162.609854 171.473260 186.651611 209.481984 251.432620 295.075388 339.963243 315.083254 317.818596 345.111137 400.712500 439.798991 449.397829 431.750050 437.780777 463.062695 486.283542 484.662020 482.087813 507.167876 521.788840 526.787346 507.033482 491.705251 492.125166 519.012462 465.579438 396.691058 335.845347 327.495325 290.011790 246.309916 222.303079 217.082279 235.932581 218.099492 178.765451 140.927955 129.803478 111.816750 127.545494 149.460020 195.805267 234.173072 262.325569 261.896856 244.183563 -9999.0 -9999.0 -9999.0 -9999.0 -9999.0 -9999.0 -9999.0 -9999.0 -9999.0 -9999.0
-9999.0 -9999.0 -9999.0 -9999.0 -9999.0 -9999.0 -91.792120 -82.695562 -62.697166 -57.308963 -32.498336 -24.742750 -3.838497 16.041469 37.711501 55.666064 87.672574 122.184982 166.414170 213.919269 248.922992 246.366134 259.548519 299.486531 353.714336 392.465037 420.034544 461.161827 543.680571 598.481874 621.823346 641.839723 676.676144 727.871145 786.088096 800.017860 781.291853 767.448320 783.454976 813.624206 818.476969 817.716883 825.151399 834.024177 860.825648 854.260548 817.912518 806.923974 806.306646 795.921443 742.313968 671.774506 596.493847 528.277575 439.585376 378.499474 375.273215 383.033845 343.451630 284.214366 238.846618 225.123969 206.842575 190.332266 194.130196 212.014286 233.942092 244.311452 230.883386 209.510444 186.075722 156.723005 157.924960 182.951158 -9999.0 -9999.0 -9999.0 -9999.0 -9999.0 -9999.0
-9999.0 -9999.0 -9999.0 -9999.0 -141.682257 -129.041616 -140.773367 -116.580940 -84.165826 -50.393695 -17.628966 20.359210 48.447179 79.759054 123.527831 163.951708 210.297676 250.187092 314.310481 395.758382 454.233566 483.361095 504.529643 584.875892 684.821425 746.978308 766.281788 787.805675 823.358189 883.321728 915.071952 929.839572 961.028310 995.865284 1032.287286 1058.530314 1043.584672 1038.020361 1041.254790 1048.101404 1068.033753 1067.497742 1068.560217 1070.244014 1074.411429 1075.898097 1057.541760 1033.229330 1025.993024 1021.236291 998.758115 925.919010 870.507917 837.073342 810.354757 765.680989 696.258241 654.123491 568.007707 498.798966 428.154980 396.363360 352.304267 318.231356 282.680581 279.071979 278.736557 256.334402 223.398549 190.006564 173.975958 154.315863 143.081881 172.336390 189.498713 219.952403 -9999.0 -9999.0 -9999.0 -9999.0
-9999.0 -9999.0 -200.326324 -150.524365 -94.010643 -84.917055 -82.650453 -76.926029 -49.062219 2.877256 82.434098 137.340649 184.123841 219.522885 286.885225 381.294535 462.087111 521.296916 606.235742 704.138918 769.817389 800.577798 817.785994 861.069487 927.948994 993.497060 1015.560895 1033.762185 1055.141085 1082.685984 1101.994898 1119.284297 1130.477601 1131.081732 1131.995151 1129.996360 1126.077598 1121.831084 1105.075202 1101.680344 1107.393948 1109.958477 1112.646068 1100.938504 1097.830048 1111.058461 1115.504744 1119.056017 1123.746929 1133.475755 1140.202470 1103.937089 1058.378084 1045.211017 1039.887463 1003.054677 938.887998 888.048931 859.514265 820.357072 750.124890 690.402878 601.107794 529.065895 463.315278 416.532844 360.342466 312.977391 262.898322 214.553306 188.977196 168.698314 164.715128 163.705755 178.750917 193.582766 208.446601 215.984900 -9999.0 -9999.0
-9999.0 -300.534183 -227.757335 -99.922401 -19.679864 27.053374 67.669408 96.932678 123.997682 144.613764 256.895239 366.772344 462.470859 503.369763 576.126365 700.245837 792.648015 838.112103 884.234936 948.086925 1007.556324 1045.404820 1067.714583 1090.839858 1124.562072 1132.309950 1132.454385 1132.311061 1125.282230 1117.546339 1108.590949 1116.253357 1115.417554 1100.183986 1085.446346 1080.741565 1072.245403 1050.054404 1026.515072 1014.864775 1017.401649 1036.531258 1027.158128 1010.522138 1007.789360 1025.910246 1042.709094 1038.539186 1033.542486 1053.644124 1084.633865 1102.338250 1114.504579 1128.980356 1148.142375 1123.754626 1092.553244 1055.709970 1040.208817 1018.351315 968.723342 907.789439 845.575360 782.578353 708.847834 602.536966 517.073784 444.187792 366.142722 319.179489 283.048448 226.541708 199.748797 197.826865 186.451649 182.391577 187.828638 193.850610 -9999.0 -9999.0
-9999.0 -374.756730 -231.032502 -44.161569 106.247803 174.406348 299.795134 387.969228 417.490613 397.433107 516.809622 754.664627 849.047552 865.630078 938.388392 1026.273201 1057.834252 1088.221992 1111.655003 1118.321399 1122.323187 1127.402119 1123.142909 1115.921837 1102.637892 1096.269336 1096.434312 1095.285735 1081.048073 1064.780061 1047.816709 1043.224801 1028.587303 994.599597 962.393584 939.554704 910.427777 882.405431 847.916251 822.595464 809.873914 827.589599 819.525380 803.703955 800.383739 822.162949 855.519351 854.930000 872.085454 908.904953 954.654925 993.848388 1013.204927 1039.477969 1069.261611 1104.519144 1118.625108 1138.232186 1142.862650 1123.224400 1087.111638 1046.114603 1019.117098 963.794814 894.178264 811.009870 744.429965 672.152784 567.367228 503.114927 443.136689 368.993839 299.969924 263.532744 219.228566 196.019224 -9999.0 -9999.0 -9999.0 -9999.0
-9999.0 -444.184189 -252.798001 13.405349 284.417710 429.320489 669.391647 804.736685 865.007325 926.952853 941.310634 1056.646144 1083.815106 1076.919799 1068.697896 1073.939833 1089.341766 1094.529802 1093.190577 1087.491661 1082.058929 1079.222423 1076.627256 1065.994724 1051.944643 1038.145843 1028.115423 1019.792765 988.985643 955.215533 913.321219 888.421831 848.434685 764.375151 723.280694 680.792556 591.637229 569.840744 553.388857 519.366523 498.393428 481.261820 500.840523 502.239975 503.648574 511.497179 535.345526 564.891452 630.249659 698.894520 751.042299 802.615702 840.291712 894.695937 944.152208 997.124655 1021.740642 1046.687250 1085.950091 1122.341150 1145.290101 1138.431248 1113.739584 1080.025410 1025.576901 969.477003 928.400938 861.086490 794.415561 740.873352 683.464178 584.410929 485.379571 361.930762 310.248594 -9999.0 -9999.0 -9999.0 -9999.0 -9999.0
-9999.0 -605.407485 -337.136674 -39.471323 299.201860 655.029500 789.730089 938.283422 1008.992545 966.524686 960.735227 983.022530 1017.316014 1023.284873 1008.224586 1005.376055 999.496536 1001.267944 1015.332057 996.166565 971.780404 959.563501 956.600964 929.774586 893.056086 869.560901 855.650537 837.230675 793.118791 742.872558 650.316206 598.720399 505.998112 437.355690 387.750801 332.112640 271.050777 264.618114 278.314680 260.830769 237.961626 219.189301 245.081872 261.318720 272.839511 263.427953 274.112109 312.746271 369.129428 423.296197 480.327307 543.667525 608.841900 696.624406 739.530910 789.153084 833.638729 884.901049 962.068502 1037.585713 1070.164793 1101.519646 1136.472771 1155.001019 1112.798926 1073.450421 1039.972412 999.693129 934.292573 899.347862 870.603924 801.175758 729.983001 -9999.0 -9999.0 -9999.0 -9999.0 -9999.0 -9999.0 -9999.0
-9999.0 -737.434886 -509.081266 -264.006864 37.346040 286.906874 485.865830 632.672297 716.897552 733.728673 757.345401 785.109452 812.102758 833.066126 813.579486 781.961569 759.153027 764.573519 764.459990 744.108884 718.287122 702.978672 694.924297 667.864176 615.704261 585.902524 567.654039 538.825452 498.229316 438.305386 348.872572 271.825483 204.915456 167.620286 135.341015 99.691367 59.140157 68.430070 82.055512 77.310691 65.104618 60.912370 90.644173 109.361383 119.580083 106.985051 126.192917 154.362644 198.419747 243.580202 294.507618 352.381149 411.808623 453.235386 475.608018 509.581385 562.714006 647.927504 754.392018 855.760086 941.133035 993.745966 1043.123899 1075.487274 1089.658177 1110.568620 1097.403624 1035.242158 940.920031 968.127707 978.303879 -9999.0 -9999.0 -9999.0 -9999.0 -9999.0 -9999.0 -9999.0 -9999.0 -9999.0
-9999.0 -9999.0 -745.308665 -558.373774 -403.316984 -215.511965 -60.570627 54.086440 137.548169 237.078874 334.324243 412.050748 453.542505 470.684725 454.406366 417.173774 393.174977 393.548257 384.144375 370.369639 345.108857 333.160860 319.632694 306.034334 287.118920 276.225863 268.585693 255.560017 231.290375 182.393542 127.678372 73.031557 16.945305 -9.255867 -31.988485 -55.201310 -58.919651 -61.387085 -54.870359 -53.677139 -48.083230 -36.181937 -15.441600 6.093919 15.622071 23.065223 35.837849 59.995444 93.986537 136.357884 190.221164 247.652085 288.077008 303.022391 296.087023 304.669411 331.550853 386.269002 486.080257 598.861387 727.510334 808.728629 891.212248 955.961159 979.539133 1001.263721 1024.079352 969.365707 644.944512 894.190374 -9999.0 -9999.0 -9999.0 -9999.0 -9999.0 -9999.0 -9999.0 -9999.0 -9999.0 -9999.0
-9999.0 -9999.0 -9999.0 -9999.0 -701.867851 -545.770770 -451.733252 -368.420415 -243.222372 -130.179903 -34.687933 43.848355 99.047507 123.516137 113.800098 110.438365 102.855957 98.563956 89.360762 84.086373 78.336662 69.351119 56.070366 46.933422 45.063508 47.872055 45.142423 31.478724 14.760749 -12.170218 -36.274308 -72.099841 -109.598668 -139.184057 -152.461881 -159.326698 -159.232386 -165.002667 -155.546076 -148.991792 -133.988011 -118.485806 -94.394885 -65.903839 -53.110897 -38.802705 -29.010718 -8.057099 22.292896 75.605864 138.584777 195.268494 229.822307 233.939537 208.392065 193.108053 191.191120 222.428407 274.959677 354.556868 472.563047 565.193003 663.281664 739.402396 782.803405 836.788206 916.602046 966.458617 -9999.0 -9999.0 -9999.0 -9999.0 -9999.0 -9999.0 -9999.0 -9999.0 -9999.0 -9999.0 -9999.0 -9999.0
-9999.0 -9999.0 -9999.0 -9999.0 -9999.0 -9999.0 -755.868526 -660.611561 -575.234831 -451.058242 -333.563324 -238.881756 -162.965342 -136.486181 -117.225394 -93.818083 -98.018608 -115.582600 -132.993587 -116.161179 -106.179220 -111.786134 -140.475134 -142.248828 -138.829794 -129.756551 -131.192792 -137.420527 -162.448784 -153.815294 -155.037515 -178.333248 -204.548269 -218.906915 -230.495120 -220.507140 -219.719675 -232.363020 -230.145089 -203.889776 -184.031770 -170.550238 -148.032716 -114.778529 -82.707597 -68.309765 -67.305416 -61.072040 -19.662015 50.786483 121.473268 175.265234 206.259388 213.592524 185.068414 143.956874 122.590572 130.123895 166.806994 223.981169 306.970579 365.587598 410.125208 444.977837 479.898701 582.127492 -9999.0 -9999.0 -9999.0 -9999.0 -9999.0 -9999.0 -9999.0 -9999.0 -9999.0 -9999.0 -9999.0 -9999.0 -9999.0 -9999.0
-9999.0 -9999.0 -9999.0 -9999.0 -9999.0 -9999.0 -9999.0 -9999.0 -9999.0 -9999.0 -9999.0 -9999.0 -9999.0 -9999.0 -9999.0 -9999.0 -9999.0 -9999.0 -9999.0 -9999.0 -9999.0 -9999.0 -9999.0 -9999.0 -9999.0 -9999.0 -9999.0 -9999.0 -9999.0 -9999.0 -9999.0 -9999.0 -9999.0 -9999.0 -9999.0 -9999.0 -9999.0 -9999.0 -9999.0 -9999.0 -9999.0 -9999.0 -9999.0 -9999.0 -9999.0 -9999.0 -9999.0 -9999.0 -9999.0 -9999.0 -9999.0 -9999.0 -9999.0 -9999.0 -9999.0 -9999.0 -9999.0 -9999.0 -9999.0 -9999.0 -9999.0 -9999.0 -9999.0 -9999.0 -9999.0 -9999.0 -9999.0 -9999.0 -9999.0 -9999.0 -9999.0 -9999.0 -9999.0 -9999.0 -9999.0 -9999.0 -9999.0 -9999.0 -9999.0 -9999.0
-9999.0 -9999.0 -9999.0 -9999.0 -9999.0 -9999.0 -9999.0 -9999.0 -9999.0 -9999.0 -9999.0 -9999.0 -9999.0 -9999.0 -9999.0 -9999.0 -9999.0 -9999.0 -9999.0 -9999.0 -9999.0 -9999.0 -9999.0 -9999.0 -9999.0 -9999.0 -9999.0 -9999.0 -9999.0 -9999.0 -9999.0 -9999.0 -9999.0 -9999.0 -9999.0 -9999.0 -9999.0 -9999.0 -9999.0 -9999.0 -9999.0 -9999.0 -9999.0 -9999.0 -9999.0 -9999.0 -9999.0 -9999.0 -9999.0 -9999.0 -9999.0 -9999.0 -9999.0 -9999.0 -9999.0 -9999.0 -9999.0 -9999.0 -9999.0 -9999.0 -9999.0 -9999.0 -9999.0 -9999.0 -9999.0 -9999.0 -9999.0 -9999.0 -9999.0 -9999.0 -9999.0 -9999.0 -9999.0 -9999.0 -9999.0 -9999.0 -9999.0 -9999.0 -9999.0 -9999.0