Borden_/Borden1m_014/output_maps/psiliqL0028N0018.asc
ncols         80
nrows         18
xllcorner     620200.000000
yllcorner     5168000.000000
cellsize      1.000000
NODATA_value  -9999.0
-9999.0 -9999.0 -9999.0 -9999.0 -9999.0 -9999.0 -9999.0 -9999.0 -9999.0 -9999.0 -9999.0 -9999.0 -9999.0 -9999.0 -9999.0 -9999.0 -9999.0 -9999.0 -9999.0 -9999.0 -9999.0 -9999.0 -9999.0 -9999.0 -9999.0 -9999.0 -9999.0 -9999.0 -9999.0 -9999.0 -9999.0 -9999.0 -9999.0 -9999.0 -9999.0 -9999.0 -9999.0 -9999.0 -9999.0 -9999.0 -9999.0 -9999.0 -9999.0 -9999.0 -9999.0 -9999.0 -9999.0 -9999.0 -9999.0 -9999.0 -9999.0 -9999.0 -9999.0 -9999.0 -9999.0 -9999.0 -9999.0 -9999.0 -9999.0 -9999.0 -9999.0 -9999.0 -9999.0 -9999.0 -9999.0 -9999.0 -9999.0 -9999.0 -9999.0 -9999.0 -9999.0 -9999.0 -9999.0 -9999.0 -9999.0 -9999.0 -9999.0 -9999.0 -9999.0 -9999.0
-9999.0 -9999.0 -9999.0 -9999.0 -9999.0 -9999.0 -9999.0 -9999.0 -9999.0 -9999.0 -9999.0 -9999.0 -9999.0 -9999.0 -9999.0 -9999.0 -9999.0 -9999.0 -9999.0 -9999.0 -9999.0 -9999.0 -9999.0 -9999.0 -9999.0 -9999.0 -9999.0 -9999.0 -9999.0 -9999.0 -9999.0 -9999.0 -9999.0 -9999.0 -9999.0 -9999.0 -9999.0 -9999.0 -9999.0 -9999.0 -9999.0 -9999.0 -9999.0 -9999.0 -9999.0 -9999.0 -9999.0 -9999.0 -9999.0 -9999.0 -9999.0 -9999.0 -9999.0 -9999.0 -9999.0 -9999.0 -9999.0 -9999.0 -9999.0 -9999.0 -9999.0 -9999.0 -9999.0 -9999.0 -9999.0 -9999.0 -9999.0 -9999.0 -9999.0 -9999.0 -9999.0 -9999.0 -9999.0 -9999.0 -9999.0 -9999.0 -9999.0 -9999.0 -9999.0 -9999.0
-9999.0 -9999.0 -9999.0 -9999.0 -9999.0 -9999.0 -9999.0 -9999.0 -9999.0 -9999.0 -9999.0 -9999.0 -9999.0 -9999.0 -9999.0 -9999.0 -9999.0 -9999.0 -9999.0 -9999.0 3725.108108 3725.771633 3704.092050 3669.785329 3641.327672 3642.897181 3675.320294 3715.608351 3754.224428 3760.940363 3741.418631 3745.206137 3740.569535 3735.304887 3734.937346 3742.657268 3749.544752 3758.877641 3765.490265 3762.792356 3755.167986 3750.130923 3753.078121 3754.418697 3760.833747 3745.743364 3762.090589 3778.571773 3783.208921 3780.895402 3757.733220 3746.472509 3738.786174 3723.372393 3750.480979 3762.327220 3786.136991 3791.063279 3789.257388 3762.821142 3732.936662 -9999.0 -9999.0 -9999.0 -9999.0 -9999.0 -9999.0 -9999.0 -9999.0 -9999.0 -9999.0 -9999.0 -9999.0 -9999.0 -9999.0 -9999.0 -9999.0 -9999.0 -9999.0 -9999.0
-9999.0 -9999.0 -9999.0 -9999.0 -9999.0 -9999.0 -9999.0 -9999.0 -9999.0 -9999.0 -9999.0 -9999.0 -9999.0 -9999.0 3635.221284 3626.476220 3623.363853 3630.203153 3662.213047 3692.237765 3703.672205 3695.980219 3695.493254 3670.274117 3646.710396 3658.712048 3687.656679 3717.528952 3750.332756 3766.832561 3755.597580 3752.630144 3758.772661 3776.991420 3783.896766 3779.934623 3762.530450 3786.863416 3799.522377 3803.106415 3800.806416 3790.669517 3798.603244 3812.265611 3805.130073 3790.203364 3802.204789 3817.782469 3828.297671 3821.185595 3764.210528 3753.658854 3750.956389 3747.730892 3735.214085 3732.170342 3761.454450 3761.392291 3754.777978 3738.109642 3705.073812 3659.989349 3641.423564 3682.836011 3726.904727 3783.457491 -9999.0 -9999.0 -9999.0 -9999.0 -9999.0 -9999.0 -9999.0 -9999.0 -9999.0 -9999.0 -9999.0 -9999.0 -9999.0 -9999.0
-9999.0 -9999.0 -9999.0 -9999.0 -9999.0 -9999.0 -9999.0 -9999.0 -9999.0 3578.017663 3584.048421 3590.694269 3592.902888 3607.622459 3603.909387 3610.427803 3613.493037 3640.365715 3669.127799 3701.904947 3728.144262 3718.492609 3716.497206 3718.838378 3711.149849 3717.755506 3737.523156 3773.307497 3802.815736 3836.925406 3802.336303 3796.735754 3813.736040 3853.755146 3874.718751 3875.481577 3856.584674 3874.870709 3898.083791 3912.569222 3908.586090 3901.945573 3928.271068 3943.869912 3936.185689 3914.101423 3914.876616 3923.748035 3953.766448 3903.020737 3836.936876 3800.954270 3819.121452 3799.677301 3776.134265 3767.061813 3768.817903 3789.751068 3779.007878 3746.066986 3713.756991 3702.345338 3686.138675 3708.435204 3732.431746 3779.381204 3819.890609 3850.211452 3849.882970 3832.866998 -9999.0 -9999.0 -9999.0 -9999.0 -9999.0 -9999.0 -9999.0 -9999.0 -9999.0 -9999.0
-9999.0 -9999.0 -9999.0 -9999.0 -9999.0 -9999.0 3499.650041 3510.128596 3530.663578 3532.584420 3558.884582 3563.368993 3581.436840 3597.770577 3619.076105 3630.680272 3654.188162 3683.019008 3717.579041 3753.634187 3779.902989 3766.716358 3771.041409 3788.060132 3812.113708 3828.804711 3850.885007 3888.410929 3960.497695 3996.321157 3986.204594 3986.308292 3994.319182 4045.077168 4109.149650 4119.218140 4098.423791 4085.711595 4110.291893 4148.454527 4145.427553 4144.108622 4158.162951 4169.428921 4196.387350 4184.760314 4148.888619 4144.988002 4153.335791 4128.857976 4057.790318 4001.438815 3985.158805 3938.095692 3854.018727 3813.412317 3840.760360 3870.691407 3850.562538 3801.994393 3771.367905 3767.246638 3757.331331 3752.089333 3766.156503 3790.232077 3814.810285 3829.440453 3818.034003 3797.502206 3776.269688 3748.437875 3751.419765 3776.480532 -9999.0 -9999.0 -9999.0 -9999.0 -9999.0 -9999.0
-9999.0 -9999.0 -9999.0 -9999.0 3450.574132 3463.128033 3447.417196 3473.329757 3504.604435 3537.503600 3563.631446 3593.808748 3615.625931 3641.089401 3672.259292 3691.350748 3721.131854 3749.335847 3794.976461 3854.666941 3897.597582 3909.066397 3916.679039 3966.942776 4022.785087 4069.092231 4087.780382 4114.041831 4161.478836 4218.359781 4240.244627 4242.497085 4259.474374 4304.619033 4363.022244 4398.757305 4380.756800 4371.357805 4382.416020 4397.556762 4419.721835 4419.755556 4420.902498 4425.512869 4433.813291 4431.618860 4404.061937 4370.189374 4357.066616 4346.503567 4306.190155 4232.753238 4203.639496 4173.752322 4128.109598 4072.687524 4028.445746 4032.481246 3977.312966 3921.704744 3873.666689 3868.144950 3849.609639 3835.233565 3819.858639 3833.934919 3847.324890 3833.141658 3803.548179 3774.794355 3762.334091 3745.175221 3733.971382 3765.508606 3783.588188 3812.991641 -9999.0 -9999.0 -9999.0 -9999.0
-9999.0 -9999.0 3392.217864 3436.482846 3492.991291 3497.962770 3489.189173 3490.723870 3515.897830 3563.802450 3623.226289 3657.252693 3683.110220 3712.511496 3761.340902 3820.071006 3878.138262 3920.230088 3978.767414 4048.724378 4107.905265 4134.163211 4142.368524 4178.463723 4234.259020 4305.657614 4334.532471 4361.693879 4394.581234 4432.441061 4420.475312 4430.555725 4443.816466 4458.615030 4475.466853 4483.606760 4478.371798 4473.686878 4454.905997 4449.390431 4455.807444 4464.502586 4463.001746 4448.050507 4444.059159 4459.344669 4466.044657 4463.648195 4460.246432 4464.711170 4458.510932 4407.938887 4394.232391 4378.391154 4365.619661 4318.465513 4250.456144 4218.999877 4196.427981 4154.183921 4080.144147 4044.441189 4006.030085 3972.629670 3936.578763 3925.581467 3894.779695 3863.636849 3825.721433 3785.589886 3767.148203 3753.573360 3753.620847 3754.459912 3772.579702 3788.400154 3804.468485 3812.590333 -9999.0 -9999.0
-9999.0 3281.151221 3351.424318 3471.366070 3547.815368 3582.300340 3585.692922 3584.449014 3608.631018 3641.952717 3725.151381 3767.895741 3850.374511 3888.878766 3928.431394 4018.361585 4114.463879 4158.894991 4199.181587 4265.361826 4333.150860 4381.212280 4408.037789 4380.912011 4422.154084 4455.598243 4464.946334 4472.867960 4473.826465 4465.218139 4459.120843 4465.637427 4462.458184 4442.824829 4426.320395 4424.401539 4420.896081 4397.181896 4369.341227 4353.407131 4354.348277 4379.811868 4366.321280 4344.749957 4340.255024 4362.222242 4384.341604 4373.386207 4360.099656 4376.819264 4411.997419 4438.064825 4437.511394 4456.526331 4477.755255 4447.940630 4427.870444 4382.869021 4365.560182 4339.816200 4281.817549 4226.884130 4178.330030 4130.071063 4078.233149 4030.594187 3983.438520 3936.592768 3884.118986 3851.801695 3828.218394 3786.648761 3775.293047 3782.574157 3778.292876 3777.050235 3783.807915 3790.445866 -9999.0 -9999.0
-9999.0 3181.156057 3318.671691 3493.873522 3634.564774 3671.248490 3725.009260 3776.632498 3788.413962 3728.674740 3830.073890 4048.996575 4177.061136 4196.172752 4273.926269 4372.089952 4348.679731 4380.984541 4405.174729 4434.650952 4458.274981 4473.861528 4472.468758 4467.669427 4450.889775 4442.817380 4441.859338 4439.649280 4421.903169 4402.635002 4385.596480 4382.115600 4363.559077 4312.309689 4278.430407 4260.207255 4239.741508 4226.779472 4200.034231 4173.648811 4156.333463 4165.450750 4164.745810 4151.954138 4147.557351 4165.198136 4196.170119 4195.159000 4208.380299 4228.288640 4263.856368 4302.883169 4322.369546 4351.921193 4387.945759 4437.278694 4445.022107 4467.733365 4470.326824 4461.355095 4413.710677 4361.340490 4331.587806 4275.544877 4215.903414 4154.133681 4104.827131 4060.050681 4004.580651 3971.170653 3932.616725 3879.289130 3838.058164 3832.696484 3800.100277 3788.127489 -9999.0 -9999.0 -9999.0 -9999.0
-9999.0 3073.580090 3250.129212 3483.602983 3780.599407 3845.293978 4048.717436 4163.207986 4201.016266 4270.009751 4133.543847 4354.125449 4411.627831 4407.843491 4427.965302 4431.879360 4446.688971 4445.780694 4440.681188 4429.474797 4419.623468 4414.847807 4413.873786 4405.909115 4393.165023 4378.410210 4366.330333 4354.577093 4317.251131 4284.739814 4244.058380 4231.155153 4184.451044 4091.587044 4052.957142 4013.098207 3950.536989 3954.015361 3963.635635 3940.097577 3920.118423 3890.158340 3921.376395 3933.599065 3938.340409 3932.444868 3941.009677 3971.279754 4020.622671 4055.457899 4094.319414 4142.666978 4173.595090 4212.986520 4252.507240 4305.182472 4336.943154 4366.125574 4416.082168 4453.341863 4476.298874 4461.563941 4444.002476 4398.053613 4337.328191 4287.707373 4258.186078 4206.962914 4163.189019 4119.865202 4073.441617 4020.755587 3959.253169 3909.896534 3876.765307 -9999.0 -9999.0 -9999.0 -9999.0 -9999.0
-9999.0 2842.229992 3102.899884 3362.008191 3627.362039 3974.064985 4156.706948 4248.262017 4312.882645 4300.489775 4328.252598 4333.426791 4371.033909 4378.996444 4357.717006 4343.243942 4324.747804 4323.657926 4336.799289 4309.033946 4278.228117 4264.579824 4265.552262 4254.877039 4230.653290 4215.810942 4206.609199 4187.713502 4144.546373 4093.606529 4008.259889 3971.884366 3891.580571 3855.767669 3820.413576 3773.631191 3730.091547 3736.875240 3762.953913 3754.974173 3734.606430 3718.004368 3748.025252 3769.634138 3783.192433 3766.161080 3772.549564 3806.937076 3853.237924 3893.578669 3937.075344 3984.840009 4027.009675 4065.631089 4085.403537 4123.719530 4166.042554 4207.887934 4278.608461 4358.381226 4395.269950 4430.522199 4458.687777 4480.919454 4437.600816 4411.948775 4387.753496 4363.719904 4316.905462 4271.171775 4230.590552 4164.970117 4105.404136 -9999.0 -9999.0 -9999.0 -9999.0 -9999.0 -9999.0 -9999.0
-9999.0 2743.754899 2918.956292 3097.922597 3336.486963 3564.625995 3794.410134 3884.456477 3955.596704 4035.364218 4093.930145 4133.369035 4159.177166 4181.184927 4158.741046 4111.503700 4078.671497 4083.864850 4073.972256 4053.497187 4026.099777 4013.500874 4010.653750 4006.221619 3985.513173 3975.893299 3969.580951 3951.963283 3927.660703 3874.897119 3804.754932 3731.064424 3678.733268 3661.892177 3640.947419 3615.579333 3591.138003 3605.264398 3617.998079 3618.975472 3613.619699 3614.740488 3643.776788 3663.923080 3673.322199 3662.769903 3680.839812 3703.292593 3739.359994 3778.156135 3822.327056 3871.933204 3919.936124 3938.938074 3939.443080 3948.962746 3975.306602 4017.779813 4093.715096 4180.031246 4259.483030 4305.703552 4357.040666 4397.750574 4426.767407 4450.063916 4473.702758 4467.712202 4440.974798 4407.142569 4347.363355 -9999.0 -9999.0 -9999.0 -9999.0 -9999.0 -9999.0 -9999.0 -9999.0 -9999.0
-9999.0 -9999.0 2708.070477 2838.263488 2922.089508 3073.184764 3209.296897 3313.572066 3417.349692 3565.276589 3691.872653 3788.168809 3835.687453 3851.484226 3838.105862 3811.056163 3794.933653 3794.445893 3782.384204 3777.191764 3764.324144 3759.745525 3747.663498 3740.611081 3738.213143 3738.996338 3737.704863 3730.549827 3715.316751 3675.466985 3641.672357 3599.353271 3555.155327 3535.142161 3518.692249 3503.606692 3509.732235 3505.115238 3511.047287 3514.715922 3525.403825 3540.237869 3559.504414 3582.499705 3592.171952 3602.725082 3613.140591 3634.176251 3663.320129 3702.945499 3753.780208 3808.188581 3843.530694 3849.467389 3830.098166 3823.435462 3829.619267 3856.560700 3917.418463 3985.319411 4076.020898 4142.195846 4209.335687 4265.968925 4293.113560 4329.515465 4400.993724 4449.114144 4493.124715 4470.635475 -9999.0 -9999.0 -9999.0 -9999.0 -9999.0 -9999.0 -9999.0 -9999.0 -9999.0 -9999.0
-9999.0 -9999.0 -9999.0 -9999.0 2717.506773 2836.622342 2931.054561 3001.863548 3134.591122 3265.586134 3371.676649 3459.784099 3530.782168 3557.159193 3560.099041 3580.264834 3580.502499 3570.555823 3559.462171 3566.197031 3573.062192 3567.544115 3550.356657 3545.186366 3550.934753 3560.903472 3560.765227 3549.774505 3533.481766 3523.442312 3514.404571 3486.638366 3457.246664 3432.190752 3422.430955 3421.765314 3423.332027 3416.236241 3425.311828 3435.368033 3451.945947 3467.280140 3490.789909 3520.752010 3535.744696 3550.304593 3558.371943 3576.058014 3604.130860 3655.119346 3716.390871 3772.668080 3806.402954 3806.181322 3776.834099 3754.099287 3740.176628 3756.049856 3783.235547 3831.926301 3920.427823 3982.234733 4026.093427 4063.680469 4099.989226 4166.284900 4262.866996 4345.203906 -9999.0 -9999.0 -9999.0 -9999.0 -9999.0 -9999.0 -9999.0 -9999.0 -9999.0 -9999.0 -9999.0 -9999.0
-9999.0 -9999.0 -9999.0 -9999.0 -9999.0 -9999.0 2700.688745 2808.431922 2836.754237 2987.008589 3135.733134 3243.919039 3328.007710 3365.401499 3401.902879 3433.708155 3435.195436 3414.497444 3391.982306 3415.158824 3436.580254 3430.441259 3397.687073 3400.639032 3409.634477 3418.902381 3418.100555 3414.495539 3392.569014 3413.596763 3421.919369 3402.311160 3379.964947 3370.331891 3360.982555 3372.703474 3374.153273 3360.522626 3359.639224 3388.597673 3410.370429 3423.345111 3444.161593 3477.380977 3509.850800 3525.520840 3525.986632 3529.880660 3565.186596 3632.653101 3703.374237 3758.343588 3789.176958 3793.379397 3761.968157 3716.447259 3689.489055 3687.118397 3709.869116 3747.264470 3807.019695 3841.907572 3850.373405 3848.441668 3858.529995 3959.692688 -9999.0 -9999.0 -9999.0 -9999.0 -9999.0 -9999.0 -9999.0 -9999.0 -9999.0 -9999.0 -9999.0 -9999.0 -9999.0 -9999.0
-9999.0 -9999.0 -9999.0 -9999.0 -9999.0 -9999.0 -9999.0 -9999.0 -9999.0 -9999.0 -9999.0 -9999.0 -9999.0 -9999.0 -9999.0 -9999.0 -9999.0 -9999.0 -9999.0 -9999.0 -9999.0 -9999.0 -9999.0 -9999.0 -9999.0 -9999.0 -9999.0 -9999.0 -9999.0 -9999.0 -9999.0 -9999.0 -9999.0 -9999.0 -9999.0 -9999.0 -9999.0 -9999.0 -9999.0 -9999.0 -9999.0 -9999.0 -9999.0 -9999.0 -9999.0 -9999.0 -9999.0 -9999.0 -9999.0 -9999.0 -9999.0 -9999.0 -9999.0 -9999.0 -9999.0 -9999.0 -9999.0 -9999.0 -9999.0 -9999.0 -9999.0 -9999.0 -9999.0 -9999.0 -9999.0 -9999.0 -9999.0 -9999.0 -9999.0 -9999.0 -9999.0 -9999.0 -9999.0 -9999.0 -9999.0 -9999.0 -9999.0 -9999.0 -9999.0 -9999.0
-9999.0 -9999.0 -9999.0 -9999.0 -9999.0 -9999.0 -9999.0 -9999.0 -9999.0 -9999.0 -9999.0 -9999.0 -9999.0 -9999.0 -9999.0 -9999.0 -9999.0 -9999.0 -9999.0 -9999.0 -9999.0 -9999.0 -9999.0 -9999.0 -9999.0 -9999.0 -9999.0 -9999.0 -9999.0 -9999.0 -9999.0 -9999.0 -9999.0 -9999.0 -9999.0 -9999.0 -9999.0 -9999.0 -9999.0 -9999.0 -9999.0 -9999.0 -9999.0 -9999.0 -9999.0 -9999.0 -9999.0 -9999.0 -9999.0 -9999.0 -9999.0 -9999.0 -9999.0 -9999.0 -9999.0 -9999.0 -9999.0 -9999.0 -9999.0 -9999.0 -9999.0 -9999.0 -9999.0 -9999.0 -9999.0 -9999.0 -9999.0 -9999.0 -9999.0 -9999.0 -9999.0 -9999.0 -9999.0 -9999.0 -9999.0 -9999.0 -9999.0 -9999.0 -9999.0 -9999.0