Borden_/Borden1m_014/output_maps/psiliqL0004N0005.asc
ncols         80
nrows         18
xllcorner     620200.000000
yllcorner     5168000.000000
cellsize      1.000000
NODATA_value  -9999.0
-9999.0 -9999.0 -9999.0 -9999.0 -9999.0 -9999.0 -9999.0 -9999.0 -9999.0 -9999.0 -9999.0 -9999.0 -9999.0 -9999.0 -9999.0 -9999.0 -9999.0 -9999.0 -9999.0 -9999.0 -9999.0 -9999.0 -9999.0 -9999.0 -9999.0 -9999.0 -9999.0 -9999.0 -9999.0 -9999.0 -9999.0 -9999.0 -9999.0 -9999.0 -9999.0 -9999.0 -9999.0 -9999.0 -9999.0 -9999.0 -9999.0 -9999.0 -9999.0 -9999.0 -9999.0 -9999.0 -9999.0 -9999.0 -9999.0 -9999.0 -9999.0 -9999.0 -9999.0 -9999.0 -9999.0 -9999.0 -9999.0 -9999.0 -9999.0 -9999.0 -9999.0 -9999.0 -9999.0 -9999.0 -9999.0 -9999.0 -9999.0 -9999.0 -9999.0 -9999.0 -9999.0 -9999.0 -9999.0 -9999.0 -9999.0 -9999.0 -9999.0 -9999.0 -9999.0 -9999.0
-9999.0 -9999.0 -9999.0 -9999.0 -9999.0 -9999.0 -9999.0 -9999.0 -9999.0 -9999.0 -9999.0 -9999.0 -9999.0 -9999.0 -9999.0 -9999.0 -9999.0 -9999.0 -9999.0 -9999.0 -9999.0 -9999.0 -9999.0 -9999.0 -9999.0 -9999.0 -9999.0 -9999.0 -9999.0 -9999.0 -9999.0 -9999.0 -9999.0 -9999.0 -9999.0 -9999.0 -9999.0 -9999.0 -9999.0 -9999.0 -9999.0 -9999.0 -9999.0 -9999.0 -9999.0 -9999.0 -9999.0 -9999.0 -9999.0 -9999.0 -9999.0 -9999.0 -9999.0 -9999.0 -9999.0 -9999.0 -9999.0 -9999.0 -9999.0 -9999.0 -9999.0 -9999.0 -9999.0 -9999.0 -9999.0 -9999.0 -9999.0 -9999.0 -9999.0 -9999.0 -9999.0 -9999.0 -9999.0 -9999.0 -9999.0 -9999.0 -9999.0 -9999.0 -9999.0 -9999.0
-9999.0 -9999.0 -9999.0 -9999.0 -9999.0 -9999.0 -9999.0 -9999.0 -9999.0 -9999.0 -9999.0 -9999.0 -9999.0 -9999.0 -9999.0 -9999.0 -9999.0 -9999.0 -9999.0 -9999.0 -863.089443 -859.881605 -882.935580 -916.959641 -945.506609 -944.198720 -909.972188 -870.093279 -833.676312 -823.464612 -841.628677 -841.013672 -846.669466 -846.664804 -843.711785 -838.396120 -836.556426 -825.184037 -816.914066 -817.136233 -823.229571 -829.115972 -831.186869 -827.571004 -822.823713 -830.472069 -817.376430 -802.199107 -795.308894 -799.991180 -826.489526 -841.820038 -849.050860 -862.440483 -837.760101 -824.531867 -801.183501 -796.334233 -796.761753 -823.110974 -852.600670 -9999.0 -9999.0 -9999.0 -9999.0 -9999.0 -9999.0 -9999.0 -9999.0 -9999.0 -9999.0 -9999.0 -9999.0 -9999.0 -9999.0 -9999.0 -9999.0 -9999.0 -9999.0 -9999.0
-9999.0 -9999.0 -9999.0 -9999.0 -9999.0 -9999.0 -9999.0 -9999.0 -9999.0 -9999.0 -9999.0 -9999.0 -9999.0 -9999.0 -951.018442 -961.712906 -965.270010 -957.300120 -924.298089 -895.288065 -882.903795 -890.929861 -891.437037 -915.203005 -935.422750 -922.008399 -894.030629 -864.082292 -831.505636 -811.798302 -825.183110 -828.460231 -818.232823 -790.725233 -776.210819 -779.239469 -800.817383 -779.133992 -763.348421 -753.880389 -755.068548 -763.681151 -748.946108 -732.960373 -739.506413 -756.665059 -753.996639 -742.749319 -727.560194 -741.973460 -805.132615 -825.704988 -827.390820 -832.901186 -844.821314 -850.786606 -825.959809 -823.992284 -831.395084 -848.314717 -879.295564 -922.329855 -939.260332 -900.893183 -856.141458 -797.762640 -9999.0 -9999.0 -9999.0 -9999.0 -9999.0 -9999.0 -9999.0 -9999.0 -9999.0 -9999.0 -9999.0 -9999.0 -9999.0 -9999.0
-9999.0 -9999.0 -9999.0 -9999.0 -9999.0 -9999.0 -9999.0 -9999.0 -9999.0 -1005.781335 -1003.018029 -996.487106 -995.518394 -980.524483 -982.538743 -976.288262 -968.616435 -943.932330 -914.028022 -880.114848 -852.134118 -863.097751 -863.526594 -851.315605 -843.821610 -831.668978 -812.652182 -774.204082 -733.759151 -694.025886 -722.206169 -724.635743 -706.568147 -658.110601 -620.105191 -610.496361 -628.725529 -627.583673 -603.701952 -579.435148 -580.632421 -582.579318 -560.647010 -548.880725 -540.806201 -557.300779 -575.932680 -578.998128 -554.037560 -601.201645 -660.731227 -713.656868 -712.257271 -742.043262 -782.543406 -804.728530 -807.117649 -783.843196 -797.975118 -834.020959 -869.303705 -877.109798 -892.488927 -876.182097 -852.966016 -805.354789 -766.646694 -737.406661 -736.093150 -752.736310 -9999.0 -9999.0 -9999.0 -9999.0 -9999.0 -9999.0 -9999.0 -9999.0 -9999.0 -9999.0
-9999.0 -9999.0 -9999.0 -9999.0 -9999.0 -9999.0 -1082.531858 -1074.631223 -1055.896735 -1050.710645 -1027.662650 -1020.745371 -1001.027620 -982.486328 -963.449619 -947.195657 -917.048800 -886.094866 -845.955896 -803.259568 -772.430508 -777.198446 -768.376797 -735.109116 -692.283975 -660.487291 -639.218394 -605.212034 -534.983027 -494.375612 -479.334608 -473.848803 -463.517978 -404.636205 -282.850561 -213.643788 -290.203369 -330.754466 -289.857871 29.133531 61.280879 62.587365 63.764416 64.563780 69.359119 67.556757 42.940119 -187.384941 -251.305714 -279.474889 -383.905292 -466.666153 -508.382217 -550.511479 -622.679568 -679.136934 -681.468622 -665.844475 -694.528862 -744.750113 -785.601393 -794.836958 -807.953382 -821.446896 -815.614366 -795.435809 -770.845285 -758.425028 -769.486530 -788.726467 -810.972182 -838.932929 -836.768723 -810.870241 -9999.0 -9999.0 -9999.0 -9999.0 -9999.0 -9999.0
-9999.0 -9999.0 -9999.0 -9999.0 -1131.394132 -1119.618926 -1131.477752 -1109.224239 -1078.471550 -1046.776953 -1015.289820 -978.862867 -953.091007 -924.896013 -884.158595 -846.351198 -804.430759 -772.273957 -720.174486 -654.413471 -605.390359 -580.814689 -569.240561 -513.262236 -447.809307 -375.868267 -344.949876 -288.266775 21.023777 68.607329 73.161162 73.432848 75.735907 80.474531 88.732337 95.630418 90.615355 89.270857 92.074183 102.162923 108.551921 108.617491 108.821890 108.585365 108.578758 109.035070 104.984502 93.137643 88.974859 87.087203 82.653363 71.437712 66.234340 57.602030 -124.948776 -340.333758 -450.227059 -476.339702 -527.534343 -575.595522 -637.254025 -660.638219 -689.940173 -713.267673 -742.086428 -740.132644 -735.830666 -753.590409 -781.777706 -812.105538 -825.818081 -843.388711 -852.415516 -822.073363 -803.880564 -772.190045 -9999.0 -9999.0 -9999.0 -9999.0
-9999.0 -9999.0 -1187.316534 -1138.029887 -1083.681701 -1076.002401 -1073.527882 -1069.689483 -1044.450513 -995.850488 -917.974802 -866.502054 -822.760805 -795.545690 -738.986324 -657.973693 -589.535770 -547.795386 -495.944080 -423.019944 -330.645226 -231.562391 27.383586 63.371902 72.127236 81.433857 84.896423 90.396934 102.521051 107.766557 113.233761 127.673597 131.271363 127.221905 124.770881 123.378005 121.730300 119.211487 110.607695 111.665803 118.174411 120.399149 123.654861 111.375445 108.753597 115.283853 117.587354 118.598154 120.687741 128.743351 137.549354 111.840637 102.914606 101.407624 95.886465 83.816403 73.353194 67.205619 59.557842 -165.100618 -391.826368 -461.725274 -513.100781 -557.639113 -604.338344 -632.598451 -674.629358 -711.117190 -752.574390 -794.830228 -816.294918 -833.346603 -834.271657 -832.423235 -815.700406 -799.338529 -783.402469 -775.329349 -9999.0 -9999.0
-9999.0 -1281.259478 -1211.045084 -1084.658464 -1008.027114 -964.269916 -922.152191 -892.436879 -871.241412 -861.898017 -757.904378 -653.790963 -572.867850 -551.161581 -504.009263 -396.861338 -109.306030 58.048543 67.469240 75.283687 84.701084 94.097854 104.603858 111.775217 133.611456 129.727616 125.750972 125.185045 117.578429 111.490056 108.612441 110.664039 110.231149 107.003078 105.001946 105.506794 105.730385 103.009629 99.839011 97.854016 93.906945 102.209215 99.209569 87.961279 87.073566 98.738526 103.185180 101.967475 99.479904 101.573847 105.880460 107.568829 111.302715 119.969836 138.678403 116.800509 107.348658 102.236387 100.064946 90.439320 77.458176 62.140261 -150.726572 -366.571525 -449.851339 -515.957879 -566.797151 -615.193530 -671.967866 -705.663364 -733.172890 -782.837123 -804.847096 -801.749525 -810.116835 -811.716299 -804.314008 -797.555721 -9999.0 -9999.0
-9999.0 -1347.888844 -1206.527503 -1022.717278 -879.251281 -820.007922 -703.215751 -623.562362 -601.511152 -622.522028 -531.023120 1.152725 67.170892 67.642085 77.929786 90.570669 101.956638 120.125651 134.309458 125.466935 119.389421 121.595274 117.153594 110.160905 107.817659 107.141518 107.671586 107.837971 105.321013 103.162776 101.229210 101.470916 98.108788 82.534274 76.099123 74.084483 73.339296 71.289324 66.199136 57.234892 -124.507474 57.935892 35.094260 -251.451934 -267.855481 33.651196 67.357612 66.545155 66.873165 69.323963 74.708646 80.503903 85.473140 97.052287 102.394558 107.718446 111.148400 127.494523 133.101369 111.559749 105.405370 98.274988 89.693279 75.727236 39.640310 -331.128078 -414.785448 -470.491067 -526.806124 -565.892971 -609.223365 -662.145969 -716.666681 -741.600586 -779.128769 -799.773907 -9999.0 -9999.0 -9999.0 -9999.0
-9999.0 -1404.549402 -1215.651893 -949.868204 -705.406734 -585.305440 -383.378396 34.858989 67.579099 78.639167 83.717079 119.086003 128.229858 112.978234 106.451762 104.142608 105.635639 106.171899 105.337861 104.435072 104.082359 104.297522 104.609209 104.103915 103.423760 102.053500 100.581864 98.224332 83.956640 77.466040 72.191028 70.060030 46.233374 -356.821106 -422.683992 -455.485084 -505.163600 -511.476715 -524.386332 -552.245628 -568.069021 -578.540754 -563.968334 -567.289737 -568.438513 -559.978919 -539.716355 -527.300635 -492.909949 -460.185764 -410.409521 -336.693765 -246.043361 49.156526 71.810424 81.335441 88.815335 99.379766 105.804239 111.951268 131.133191 124.580846 109.076442 104.353167 94.626804 78.113837 71.345800 34.028254 -282.321007 -386.888255 -450.399201 -509.889329 -571.209455 -652.986885 -691.387848 -9999.0 -9999.0 -9999.0 -9999.0 -9999.0
-9999.0 -1544.049099 -1280.222743 -984.384357 -653.155060 -307.504375 -24.594714 79.677210 98.490507 81.070773 78.895666 84.800446 99.372071 100.871175 95.841595 85.800991 81.597747 81.050232 84.241560 79.865684 75.744465 74.443233 75.308073 74.018534 71.017302 69.008207 66.746260 42.735124 -301.367591 -390.005418 -480.123854 -496.298165 -559.765682 -621.819694 -663.300579 -706.171500 -754.271349 -755.767534 -741.205493 -757.556877 -778.523244 -796.703637 -772.922213 -759.384315 -749.723543 -758.819485 -751.167563 -719.701545 -675.818492 -639.048413 -596.306235 -550.054370 -513.088380 -466.098287 -426.917176 -350.086958 -196.900559 58.594535 78.082602 98.719368 103.120526 107.277781 120.400194 138.545690 110.842452 103.914870 99.912677 94.438962 77.391504 68.255213 35.960671 -306.813287 -413.882526 -9999.0 -9999.0 -9999.0 -9999.0 -9999.0 -9999.0 -9999.0
-9999.0 -1677.958788 -1441.489259 -1191.088830 -889.037048 -668.220177 -528.265347 -421.908594 -323.104284 -340.397728 -320.458295 -245.867290 39.883492 63.927079 30.331216 -303.596986 -362.894175 -357.964407 -357.174651 -397.592772 -437.068873 -454.976897 -454.703035 -462.472025 -490.161105 -505.759072 -515.394581 -535.550727 -568.403717 -615.763188 -690.974011 -750.783890 -808.020478 -842.684261 -871.693013 -903.768013 -942.989442 -932.255895 -917.033236 -922.138573 -935.281188 -940.657258 -911.557081 -894.158546 -884.559266 -898.653924 -881.305844 -855.461234 -815.500319 -777.083498 -733.815919 -685.529598 -639.231055 -613.650150 -600.853713 -575.052305 -539.106213 -488.344241 -385.292811 25.475736 73.200006 82.220218 98.025560 103.692123 105.970723 119.536479 125.425041 103.166649 90.359251 92.738753 91.254518 -9999.0 -9999.0 -9999.0 -9999.0 -9999.0 -9999.0 -9999.0 -9999.0 -9999.0
-9999.0 -9999.0 -1679.759623 -1486.256896 -1316.878141 -1131.979628 -988.762443 -892.835134 -832.536473 -760.368615 -684.072748 -621.086894 -587.143696 -573.333257 -591.975928 -631.849147 -657.499188 -656.668250 -664.250369 -678.112846 -701.922826 -710.229546 -717.642678 -724.052556 -737.320141 -744.493963 -748.987684 -758.618589 -779.581279 -823.983492 -876.472723 -927.230530 -980.753731 -1004.802198 -1026.291245 -1049.152069 -1053.603179 -1054.377691 -1047.163725 -1046.284559 -1041.936179 -1030.998509 -1010.440827 -989.994498 -981.147738 -975.300896 -963.193691 -940.345412 -908.252873 -869.407532 -819.879570 -767.785165 -733.261017 -723.966493 -734.763025 -730.312182 -710.610184 -671.054479 -593.099704 -515.762918 -424.224511 -316.415790 45.896507 74.465666 78.909595 92.195236 100.522582 96.415095 61.817591 85.365643 -9999.0 -9999.0 -9999.0 -9999.0 -9999.0 -9999.0 -9999.0 -9999.0 -9999.0 -9999.0
-9999.0 -9999.0 -9999.0 -9999.0 -1627.996944 -1470.438135 -1378.348624 -1299.444065 -1186.197416 -1087.659063 -1003.649597 -934.882485 -889.489370 -868.692896 -882.855638 -892.821543 -902.124254 -904.244346 -911.744544 -918.801427 -925.827760 -933.149926 -942.385969 -949.602614 -950.860918 -948.005143 -949.599831 -961.834236 -976.077351 -1004.668648 -1029.706207 -1064.543234 -1101.356570 -1129.965637 -1142.589047 -1150.024823 -1149.529234 -1154.383488 -1144.634987 -1139.149871 -1124.820730 -1109.685584 -1086.054335 -1058.635439 -1047.074765 -1033.453435 -1024.031642 -1003.492344 -974.572135 -923.529648 -863.561452 -810.534451 -779.768906 -778.467488 -806.687388 -824.224200 -829.140089 -804.064785 -760.690452 -697.583005 -606.946010 -544.251205 -484.099840 -425.434087 -368.687672 9.313063 82.080624 91.912450 -9999.0 -9999.0 -9999.0 -9999.0 -9999.0 -9999.0 -9999.0 -9999.0 -9999.0 -9999.0 -9999.0 -9999.0
-9999.0 -9999.0 -9999.0 -9999.0 -9999.0 -9999.0 -1684.976106 -1594.415884 -1507.304105 -1396.402060 -1294.799773 -1210.437831 -1141.623855 -1120.935790 -1108.117554 -1088.240030 -1093.875409 -1109.560625 -1124.382155 -1109.129056 -1101.703708 -1105.767887 -1131.245036 -1133.022491 -1130.290434 -1120.690683 -1121.444421 -1127.156418 -1151.371535 -1144.887146 -1147.249484 -1169.649813 -1195.089434 -1209.299572 -1220.583587 -1210.505360 -1209.473096 -1221.452100 -1218.381935 -1193.142572 -1174.258856 -1161.128456 -1138.824268 -1106.393352 -1075.153924 -1061.712369 -1061.172668 -1055.276111 -1013.857307 -945.058729 -877.271271 -826.701861 -798.582111 -793.218256 -823.539017 -866.188040 -889.895768 -885.963584 -855.235532 -806.827226 -737.117267 -694.875960 -667.966733 -648.187385 -623.347840 -537.019866 -9999.0 -9999.0 -9999.0 -9999.0 -9999.0 -9999.0 -9999.0 -9999.0 -9999.0 -9999.0 -9999.0 -9999.0 -9999.0 -9999.0
-9999.0 -9999.0 -9999.0 -9999.0 -9999.0 -9999.0 -9999.0 -9999.0 -9999.0 -9999.0 -9999.0 -9999.0 -9999.0 -9999.0 -9999.0 -9999.0 -9999.0 -9999.0 -9999.0 -9999.0 -9999.0 -9999.0 -9999.0 -9999.0 -9999.0 -9999.0 -9999.0 -9999.0 -9999.0 -9999.0 -9999.0 -9999.0 -9999.0 -9999.0 -9999.0 -9999.0 -9999.0 -9999.0 -9999.0 -9999.0 -9999.0 -9999.0 -9999.0 -9999.0 -9999.0 -9999.0 -9999.0 -9999.0 -9999.0 -9999.0 -9999.0 -9999.0 -9999.0 -9999.0 -9999.0 -9999.0 -9999.0 -9999.0 -9999.0 -9999.0 -9999.0 -9999.0 -9999.0 -9999.0 -9999.0 -9999.0 -9999.0 -9999.0 -9999.0 -9999.0 -9999.0 -9999.0 -9999.0 -9999.0 -9999.0 -9999.0 -9999.0 -9999.0 -9999.0 -9999.0
-9999.0 -9999.0 -9999.0 -9999.0 -9999.0 -9999.0 -9999.0 -9999.0 -9999.0 -9999.0 -9999.0 -9999.0 -9999.0 -9999.0 -9999.0 -9999.0 -9999.0 -9999.0 -9999.0 -9999.0 -9999.0 -9999.0 -9999.0 -9999.0 -9999.0 -9999.0 -9999.0 -9999.0 -9999.0 -9999.0 -9999.0 -9999.0 -9999.0 -9999.0 -9999.0 -9999.0 -9999.0 -9999.0 -9999.0 -9999.0 -9999.0 -9999.0 -9999.0 -9999.0 -9999.0 -9999.0 -9999.0 -9999.0 -9999.0 -9999.0 -9999.0 -9999.0 -9999.0 -9999.0 -9999.0 -9999.0 -9999.0 -9999.0 -9999.0 -9999.0 -9999.0 -9999.0 -9999.0 -9999.0 -9999.0 -9999.0 -9999.0 -9999.0 -9999.0 -9999.0 -9999.0 -9999.0 -9999.0 -9999.0 -9999.0 -9999.0 -9999.0 -9999.0 -9999.0 -9999.0