Borden_/Borden1m_014/output_maps/psiliqL0014N0023.asc
ncols         80
nrows         18
xllcorner     620200.000000
yllcorner     5168000.000000
cellsize      1.000000
NODATA_value  -9999.0
-9999.0 -9999.0 -9999.0 -9999.0 -9999.0 -9999.0 -9999.0 -9999.0 -9999.0 -9999.0 -9999.0 -9999.0 -9999.0 -9999.0 -9999.0 -9999.0 -9999.0 -9999.0 -9999.0 -9999.0 -9999.0 -9999.0 -9999.0 -9999.0 -9999.0 -9999.0 -9999.0 -9999.0 -9999.0 -9999.0 -9999.0 -9999.0 -9999.0 -9999.0 -9999.0 -9999.0 -9999.0 -9999.0 -9999.0 -9999.0 -9999.0 -9999.0 -9999.0 -9999.0 -9999.0 -9999.0 -9999.0 -9999.0 -9999.0 -9999.0 -9999.0 -9999.0 -9999.0 -9999.0 -9999.0 -9999.0 -9999.0 -9999.0 -9999.0 -9999.0 -9999.0 -9999.0 -9999.0 -9999.0 -9999.0 -9999.0 -9999.0 -9999.0 -9999.0 -9999.0 -9999.0 -9999.0 -9999.0 -9999.0 -9999.0 -9999.0 -9999.0 -9999.0 -9999.0 -9999.0
-9999.0 -9999.0 -9999.0 -9999.0 -9999.0 -9999.0 -9999.0 -9999.0 -9999.0 -9999.0 -9999.0 -9999.0 -9999.0 -9999.0 -9999.0 -9999.0 -9999.0 -9999.0 -9999.0 -9999.0 -9999.0 -9999.0 -9999.0 -9999.0 -9999.0 -9999.0 -9999.0 -9999.0 -9999.0 -9999.0 -9999.0 -9999.0 -9999.0 -9999.0 -9999.0 -9999.0 -9999.0 -9999.0 -9999.0 -9999.0 -9999.0 -9999.0 -9999.0 -9999.0 -9999.0 -9999.0 -9999.0 -9999.0 -9999.0 -9999.0 -9999.0 -9999.0 -9999.0 -9999.0 -9999.0 -9999.0 -9999.0 -9999.0 -9999.0 -9999.0 -9999.0 -9999.0 -9999.0 -9999.0 -9999.0 -9999.0 -9999.0 -9999.0 -9999.0 -9999.0 -9999.0 -9999.0 -9999.0 -9999.0 -9999.0 -9999.0 -9999.0 -9999.0 -9999.0 -9999.0
-9999.0 -9999.0 -9999.0 -9999.0 -9999.0 -9999.0 -9999.0 -9999.0 -9999.0 -9999.0 -9999.0 -9999.0 -9999.0 -9999.0 -9999.0 -9999.0 -9999.0 -9999.0 -9999.0 -9999.0 945.624757 948.545484 927.157674 894.374382 867.439086 870.774571 906.566786 949.121830 989.047702 1000.435539 983.940514 987.709627 984.223257 983.789574 986.818975 994.091559 998.648638 1010.093555 1018.843367 1018.933274 1013.467890 1008.972610 1009.764512 1012.980098 1018.145809 1006.642672 1019.725366 1034.013246 1038.301671 1032.060080 1003.852561 987.016491 976.527316 959.398871 982.302989 992.630608 1013.986634 1016.835916 1013.978655 986.027434 955.361397 -9999.0 -9999.0 -9999.0 -9999.0 -9999.0 -9999.0 -9999.0 -9999.0 -9999.0 -9999.0 -9999.0 -9999.0 -9999.0 -9999.0 -9999.0 -9999.0 -9999.0 -9999.0 -9999.0
-9999.0 -9999.0 -9999.0 -9999.0 -9999.0 -9999.0 -9999.0 -9999.0 -9999.0 -9999.0 -9999.0 -9999.0 -9999.0 -9999.0 852.421157 843.484465 841.650571 851.079565 885.649321 916.639762 929.098258 922.483278 923.656739 901.327849 882.018773 897.341202 928.521376 961.735756 998.104865 1020.140408 1010.508533 1009.834141 1020.796879 1046.886904 1060.278042 1058.076031 1038.666426 1062.276016 1078.384953 1087.523029 1087.852519 1080.316522 1093.937675 1109.925527 1102.844777 1084.889901 1088.989792 1099.969545 1111.255472 1096.315375 1031.528269 1010.754965 1004.468146 995.676025 979.758328 971.817877 995.696567 994.332174 984.687219 965.506968 931.892527 887.144522 867.838830 905.566418 948.413884 1004.859218 -9999.0 -9999.0 -9999.0 -9999.0 -9999.0 -9999.0 -9999.0 -9999.0 -9999.0 -9999.0 -9999.0 -9999.0 -9999.0 -9999.0
-9999.0 -9999.0 -9999.0 -9999.0 -9999.0 -9999.0 -9999.0 -9999.0 -9999.0 792.309160 797.373409 805.464163 808.712967 825.323003 823.812269 831.971980 840.197069 868.412634 900.719165 936.915691 966.648914 958.907275 961.003605 972.949630 978.223523 991.849822 1015.202374 1057.781279 1100.392694 1144.121778 1118.071027 1117.957227 1138.785015 1186.652479 1220.164389 1227.740188 1209.291363 1217.735630 1243.258978 1266.532790 1267.766731 1266.881318 1292.939451 1307.516647 1308.500399 1287.002254 1272.249559 1271.051966 1295.187552 1242.488885 1175.471214 1123.757523 1125.022025 1092.199466 1051.941704 1029.996274 1025.448158 1044.056479 1027.084481 988.091312 950.366840 938.140807 919.497328 935.286636 956.219281 1001.312944 1039.022301 1066.428734 1065.006217 1046.807626 -9999.0 -9999.0 -9999.0 -9999.0 -9999.0 -9999.0 -9999.0 -9999.0 -9999.0 -9999.0
-9999.0 -9999.0 -9999.0 -9999.0 -9999.0 -9999.0 712.460990 722.507633 743.474494 748.880823 775.064073 783.409878 805.118804 825.651729 848.563057 866.511425 898.124169 932.739882 975.484184 1020.384767 1054.174493 1051.088111 1064.059985 1097.782179 1139.535210 1170.462924 1197.283557 1239.866395 1320.175417 1366.723281 1377.615635 1384.990071 1396.441871 1445.072149 1508.834531 1524.739754 1503.230436 1487.823517 1507.698287 1544.599690 1553.205446 1556.148998 1567.096254 1576.818154 1602.071225 1591.266812 1549.144804 1532.970252 1529.470531 1512.911568 1452.723053 1388.945060 1351.076967 1297.436958 1211.742253 1155.136915 1159.506737 1174.913786 1142.355311 1085.319128 1041.857260 1029.108952 1012.016680 996.684709 1001.027040 1018.483069 1039.236079 1048.916603 1034.566474 1012.292049 988.468839 958.736407 959.720438 984.319091 -9999.0 -9999.0 -9999.0 -9999.0 -9999.0 -9999.0
-9999.0 -9999.0 -9999.0 -9999.0 661.756938 675.147723 663.617608 689.371317 722.856060 757.918273 790.926900 829.050350 857.814099 889.857438 932.404138 969.211626 1013.615321 1052.106663 1110.001356 1180.970054 1234.592083 1261.624627 1281.065256 1343.961494 1408.221622 1461.657042 1483.241950 1511.955428 1557.756957 1621.265083 1650.763653 1658.918281 1677.339880 1712.223060 1758.979215 1791.849310 1774.533039 1766.056705 1771.594678 1783.393137 1808.238194 1810.631142 1813.032818 1815.456253 1819.452568 1817.722254 1792.421643 1758.385755 1743.827009 1734.253994 1705.504027 1636.779168 1593.584291 1560.900263 1526.567208 1474.959782 1410.238651 1391.469735 1330.531155 1269.236475 1203.478387 1178.764244 1145.029035 1116.156894 1084.013476 1082.849486 1083.541538 1060.918462 1026.902971 992.985177 976.512206 956.509318 944.554304 973.666460 990.505619 1020.374758 -9999.0 -9999.0 -9999.0 -9999.0
-9999.0 -9999.0 601.667608 650.860984 708.357109 717.964132 719.556732 726.439663 755.953575 809.309687 886.514248 938.707419 983.347147 1019.786438 1082.925135 1165.680900 1241.466488 1294.468926 1358.381121 1430.366781 1493.540236 1529.301162 1550.452845 1591.698216 1646.186046 1707.134503 1733.523667 1760.089722 1791.986209 1826.876662 1840.635122 1855.521573 1864.190821 1866.902654 1872.349415 1873.685649 1868.385540 1861.630513 1842.402294 1838.290152 1845.495243 1850.931794 1852.859939 1839.810660 1835.903659 1849.089368 1852.394146 1851.364595 1850.977949 1858.351753 1862.503180 1824.096930 1784.376546 1767.849036 1757.258868 1713.129415 1648.868646 1604.795395 1579.535889 1535.518756 1457.655436 1404.739483 1351.079098 1298.218574 1242.248767 1207.634763 1157.594867 1112.403414 1063.427640 1015.132802 989.692151 969.986079 966.102656 964.786442 979.883042 994.428268 1009.145520 1016.600708 -9999.0 -9999.0
-9999.0 498.720670 571.380074 698.224268 778.953319 824.702991 858.735260 883.757979 913.492969 940.242683 1047.528585 1140.343923 1233.529833 1273.930925 1329.383870 1429.437029 1525.337256 1572.761448 1612.361780 1668.630862 1728.387031 1776.177947 1806.131635 1820.403308 1854.194550 1866.271278 1868.926051 1872.133675 1868.563928 1861.514086 1853.024916 1859.410078 1856.006117 1837.536451 1821.795020 1818.285879 1811.310769 1784.751540 1754.427686 1738.310526 1740.268652 1762.557503 1750.956233 1730.707867 1727.219068 1748.469916 1767.961725 1760.423365 1750.060531 1769.174556 1804.661269 1827.118450 1838.146491 1854.556327 1875.133236 1849.873114 1820.780859 1778.603355 1758.055659 1728.331084 1669.597559 1607.681578 1552.003820 1490.199691 1422.544864 1352.026349 1285.357809 1221.090872 1151.840491 1107.870128 1074.084166 1021.446539 998.075852 997.811797 987.433493 983.423417 988.593143 994.498060 -9999.0 -9999.0
-9999.0 419.137182 561.870075 746.974970 896.189053 957.110880 1062.706616 1143.710872 1173.583843 1148.269391 1259.240385 1479.285624 1580.031745 1599.143925 1671.981216 1759.565461 1782.243094 1815.197733 1838.060062 1847.795915 1855.688031 1865.764174 1864.967764 1859.910794 1845.799802 1837.895835 1836.192981 1832.585838 1814.128407 1794.108036 1775.446037 1770.054108 1751.182238 1707.852821 1675.095139 1657.412377 1639.686328 1615.898843 1579.773924 1550.903414 1535.232872 1550.662568 1543.442482 1526.947718 1523.557293 1546.252845 1579.823041 1577.600438 1587.546537 1611.573043 1652.753112 1693.528005 1717.259652 1748.351793 1785.786899 1830.213815 1846.502756 1868.029196 1872.365857 1852.950565 1808.995617 1756.775569 1721.523315 1658.109447 1585.211822 1506.775047 1441.935994 1379.125887 1307.094652 1256.428756 1205.531235 1144.494834 1086.388556 1059.519497 1018.013733 996.865806 -9999.0 -9999.0 -9999.0 -9999.0
-9999.0 341.495866 530.077331 789.518826 1064.725806 1180.274053 1386.281823 1515.531036 1574.793484 1640.859503 1625.646339 1767.709898 1805.611113 1802.528558 1801.507568 1806.907035 1823.616999 1828.458086 1826.173993 1817.402508 1809.057890 1805.312862 1803.947404 1796.136065 1783.165435 1767.144381 1752.688786 1738.145841 1698.617568 1664.366039 1627.771690 1610.900645 1570.677451 1479.687358 1437.038165 1401.053606 1343.012083 1333.483272 1323.761654 1292.667997 1271.419786 1250.893520 1272.127434 1276.032839 1278.669145 1283.825690 1303.274284 1329.027624 1375.946278 1414.656831 1460.184934 1513.534873 1549.663315 1594.857780 1642.565813 1699.598162 1733.234779 1765.249016 1813.012948 1852.959086 1876.488938 1865.658398 1837.628465 1791.526464 1721.080991 1654.649243 1606.392027 1535.436552 1470.392564 1415.199950 1365.836468 1309.172283 1238.144218 1150.141064 1105.577849 -9999.0 -9999.0 -9999.0 -9999.0 -9999.0
-9999.0 164.458862 432.226991 721.419503 1038.430115 1367.052640 1499.082872 1631.193220 1703.461207 1666.465237 1669.168899 1689.991932 1731.752842 1741.644914 1724.310476 1717.808871 1708.388145 1709.600210 1723.420063 1698.205316 1668.924519 1655.479481 1654.414782 1641.549047 1616.789298 1597.902464 1583.570799 1561.410758 1512.220979 1461.005920 1379.672670 1347.838899 1269.444984 1210.147813 1164.817636 1114.914256 1062.932479 1059.902774 1075.102852 1058.585750 1035.329512 1016.431260 1042.739740 1060.233529 1072.615483 1062.344040 1072.705106 1110.019088 1161.105930 1206.642365 1258.281353 1315.483946 1365.055999 1416.001139 1450.156454 1502.067762 1551.050447 1599.827827 1674.999502 1754.893029 1792.755481 1828.203656 1861.689139 1877.042456 1826.069453 1777.010260 1727.686380 1669.662372 1587.985465 1540.265426 1510.326147 1462.455616 1403.211882 -9999.0 -9999.0 -9999.0 -9999.0 -9999.0 -9999.0 -9999.0
-9999.0 37.119199 257.578656 489.623330 776.784796 1015.969763 1210.859764 1322.772090 1402.589093 1431.927809 1462.571858 1495.294036 1526.126214 1549.684564 1529.726083 1493.131112 1466.584492 1471.670017 1468.805242 1445.727323 1416.727821 1401.834190 1398.944204 1390.485440 1363.687067 1346.625565 1333.325611 1307.974878 1271.304303 1214.299557 1133.809240 1060.976511 998.309515 964.691428 934.342296 901.129880 864.341934 873.759029 885.952721 881.550436 870.220486 866.767632 895.923730 914.905799 925.241606 913.815882 933.462416 960.964830 1003.465602 1047.179996 1097.098295 1153.542024 1208.990824 1240.594309 1256.915558 1285.778192 1329.412744 1387.734857 1476.212389 1572.492524 1651.085316 1701.699034 1753.828902 1788.622319 1803.381714 1817.810907 1796.512551 1719.781626 1602.402384 1603.748464 1596.470505 -9999.0 -9999.0 -9999.0 -9999.0 -9999.0 -9999.0 -9999.0 -9999.0 -9999.0
-9999.0 -9999.0 23.444291 203.157678 345.159404 526.874506 678.583041 789.563222 876.298932 984.561427 1085.631066 1166.792479 1210.334680 1228.162652 1213.917963 1180.223008 1158.813900 1159.365100 1149.894616 1138.834661 1118.118812 1109.705354 1098.488520 1089.372323 1077.258368 1069.803555 1062.839662 1049.773240 1026.003633 978.192262 928.052564 875.860641 821.615002 795.566767 773.225564 751.096087 748.820902 745.074345 750.663177 751.791680 758.049655 770.285862 790.511942 812.371839 822.171446 830.762832 843.596328 867.713477 901.305548 943.791841 997.914929 1055.817772 1096.157739 1109.900273 1101.777618 1108.962051 1132.443881 1178.690478 1264.186834 1353.499734 1451.052252 1524.355045 1598.121591 1652.468482 1671.769732 1691.010132 1711.262070 1649.410829 1303.410093 1541.783148 -9999.0 -9999.0 -9999.0 -9999.0 -9999.0 -9999.0 -9999.0 -9999.0 -9999.0 -9999.0
-9999.0 -9999.0 -9999.0 -9999.0 61.185956 217.062061 313.761222 397.697419 524.817436 641.904869 739.444884 820.234463 879.365490 905.039280 899.104259 901.668848 896.440012 891.323220 882.165082 879.948653 877.461411 869.672810 855.896921 847.850119 847.475699 851.090912 847.794146 833.415329 815.388794 790.952466 769.107070 734.098509 697.451396 667.934616 654.530222 648.244020 647.940701 641.281255 650.076051 656.969966 671.967273 687.197629 711.013881 739.808771 753.268826 767.967028 777.877512 798.718795 829.266514 882.741149 946.097141 1003.687311 1039.320271 1043.979762 1019.558376 1004.900389 1002.737970 1032.526618 1080.599241 1151.998035 1257.186168 1335.030488 1398.964276 1448.333159 1484.060312 1534.087591 1593.504970 1631.455675 -9999.0 -9999.0 -9999.0 -9999.0 -9999.0 -9999.0 -9999.0 -9999.0 -9999.0 -9999.0 -9999.0 -9999.0
-9999.0 -9999.0 -9999.0 -9999.0 -9999.0 -9999.0 15.449676 115.432517 198.367477 331.794171 456.683713 554.608683 632.743443 662.376472 686.009947 711.467343 709.022806 691.379910 673.318476 691.310845 703.633892 697.878750 668.452693 667.298138 671.213646 679.297349 676.915612 670.102023 644.688120 654.656199 654.294949 630.801127 604.488559 590.230788 578.313192 587.888162 588.191888 574.861046 575.960581 602.412078 622.422284 635.642522 657.684494 690.877384 723.119716 738.082014 739.433982 745.739044 786.399477 856.778848 928.110603 983.029057 1015.140248 1023.229059 995.959086 956.150735 936.119133 944.074166 980.171852 1035.061455 1113.662810 1166.458988 1197.989257 1217.434960 1241.752844 1336.033091 -9999.0 -9999.0 -9999.0 -9999.0 -9999.0 -9999.0 -9999.0 -9999.0 -9999.0 -9999.0 -9999.0 -9999.0 -9999.0 -9999.0
-9999.0 -9999.0 -9999.0 -9999.0 -9999.0 -9999.0 -9999.0 -9999.0 -9999.0 -9999.0 -9999.0 -9999.0 -9999.0 -9999.0 -9999.0 -9999.0 -9999.0 -9999.0 -9999.0 -9999.0 -9999.0 -9999.0 -9999.0 -9999.0 -9999.0 -9999.0 -9999.0 -9999.0 -9999.0 -9999.0 -9999.0 -9999.0 -9999.0 -9999.0 -9999.0 -9999.0 -9999.0 -9999.0 -9999.0 -9999.0 -9999.0 -9999.0 -9999.0 -9999.0 -9999.0 -9999.0 -9999.0 -9999.0 -9999.0 -9999.0 -9999.0 -9999.0 -9999.0 -9999.0 -9999.0 -9999.0 -9999.0 -9999.0 -9999.0 -9999.0 -9999.0 -9999.0 -9999.0 -9999.0 -9999.0 -9999.0 -9999.0 -9999.0 -9999.0 -9999.0 -9999.0 -9999.0 -9999.0 -9999.0 -9999.0 -9999.0 -9999.0 -9999.0 -9999.0 -9999.0
-9999.0 -9999.0 -9999.0 -9999.0 -9999.0 -9999.0 -9999.0 -9999.0 -9999.0 -9999.0 -9999.0 -9999.0 -9999.0 -9999.0 -9999.0 -9999.0 -9999.0 -9999.0 -9999.0 -9999.0 -9999.0 -9999.0 -9999.0 -9999.0 -9999.0 -9999.0 -9999.0 -9999.0 -9999.0 -9999.0 -9999.0 -9999.0 -9999.0 -9999.0 -9999.0 -9999.0 -9999.0 -9999.0 -9999.0 -9999.0 -9999.0 -9999.0 -9999.0 -9999.0 -9999.0 -9999.0 -9999.0 -9999.0 -9999.0 -9999.0 -9999.0 -9999.0 -9999.0 -9999.0 -9999.0 -9999.0 -9999.0 -9999.0 -9999.0 -9999.0 -9999.0 -9999.0 -9999.0 -9999.0 -9999.0 -9999.0 -9999.0 -9999.0 -9999.0 -9999.0 -9999.0 -9999.0 -9999.0 -9999.0 -9999.0 -9999.0 -9999.0 -9999.0 -9999.0 -9999.0