Borden_/Borden1m_014/output_maps/psiliqL0023N0025.asc
ncols         80
nrows         18
xllcorner     620200.000000
yllcorner     5168000.000000
cellsize      1.000000
NODATA_value  -9999.0
-9999.0 -9999.0 -9999.0 -9999.0 -9999.0 -9999.0 -9999.0 -9999.0 -9999.0 -9999.0 -9999.0 -9999.0 -9999.0 -9999.0 -9999.0 -9999.0 -9999.0 -9999.0 -9999.0 -9999.0 -9999.0 -9999.0 -9999.0 -9999.0 -9999.0 -9999.0 -9999.0 -9999.0 -9999.0 -9999.0 -9999.0 -9999.0 -9999.0 -9999.0 -9999.0 -9999.0 -9999.0 -9999.0 -9999.0 -9999.0 -9999.0 -9999.0 -9999.0 -9999.0 -9999.0 -9999.0 -9999.0 -9999.0 -9999.0 -9999.0 -9999.0 -9999.0 -9999.0 -9999.0 -9999.0 -9999.0 -9999.0 -9999.0 -9999.0 -9999.0 -9999.0 -9999.0 -9999.0 -9999.0 -9999.0 -9999.0 -9999.0 -9999.0 -9999.0 -9999.0 -9999.0 -9999.0 -9999.0 -9999.0 -9999.0 -9999.0 -9999.0 -9999.0 -9999.0 -9999.0
-9999.0 -9999.0 -9999.0 -9999.0 -9999.0 -9999.0 -9999.0 -9999.0 -9999.0 -9999.0 -9999.0 -9999.0 -9999.0 -9999.0 -9999.0 -9999.0 -9999.0 -9999.0 -9999.0 -9999.0 -9999.0 -9999.0 -9999.0 -9999.0 -9999.0 -9999.0 -9999.0 -9999.0 -9999.0 -9999.0 -9999.0 -9999.0 -9999.0 -9999.0 -9999.0 -9999.0 -9999.0 -9999.0 -9999.0 -9999.0 -9999.0 -9999.0 -9999.0 -9999.0 -9999.0 -9999.0 -9999.0 -9999.0 -9999.0 -9999.0 -9999.0 -9999.0 -9999.0 -9999.0 -9999.0 -9999.0 -9999.0 -9999.0 -9999.0 -9999.0 -9999.0 -9999.0 -9999.0 -9999.0 -9999.0 -9999.0 -9999.0 -9999.0 -9999.0 -9999.0 -9999.0 -9999.0 -9999.0 -9999.0 -9999.0 -9999.0 -9999.0 -9999.0 -9999.0 -9999.0
-9999.0 -9999.0 -9999.0 -9999.0 -9999.0 -9999.0 -9999.0 -9999.0 -9999.0 -9999.0 -9999.0 -9999.0 -9999.0 -9999.0 -9999.0 -9999.0 -9999.0 -9999.0 -9999.0 -9999.0 2755.728140 2757.980165 2737.629022 2705.413651 2679.278905 2683.400366 2719.016598 2762.070445 2803.273049 2813.824657 2797.435346 2802.998570 2800.166625 2797.099247 2798.912516 2807.506149 2815.168052 2825.412097 2833.669947 2833.073777 2827.359004 2823.479115 2826.247126 2828.436101 2834.132295 2819.644999 2833.909240 2795.477890 2799.642021 2796.618404 2817.927669 2802.518538 2791.259977 2772.667191 2795.859468 2805.174832 2795.232938 2799.106046 2797.236350 2794.779471 2763.975004 -9999.0 -9999.0 -9999.0 -9999.0 -9999.0 -9999.0 -9999.0 -9999.0 -9999.0 -9999.0 -9999.0 -9999.0 -9999.0 -9999.0 -9999.0 -9999.0 -9999.0 -9999.0 -9999.0
-9999.0 -9999.0 -9999.0 -9999.0 -9999.0 -9999.0 -9999.0 -9999.0 -9999.0 -9999.0 -9999.0 -9999.0 -9999.0 -9999.0 2660.674005 2652.934373 2651.885200 2661.423880 2695.982469 2727.550011 2739.426758 2733.339467 2734.836268 2712.373052 2692.301230 2707.602086 2739.429562 2771.623817 2807.661238 2828.339162 2819.836766 2819.561972 2828.862380 2797.629347 2806.392236 2803.682409 2841.881712 2809.835488 2822.933566 2828.074565 2826.252075 2816.614159 2826.066677 2840.260772 2833.228553 2817.724564 2827.559653 2841.384387 2852.411526 2843.449802 2835.711189 2819.218142 2812.609436 2804.899927 2788.808858 2782.690977 2808.185834 2804.259486 2794.302166 2775.296595 2740.904403 2695.356249 2674.881106 2713.005414 2754.873314 2790.324920 -9999.0 -9999.0 -9999.0 -9999.0 -9999.0 -9999.0 -9999.0 -9999.0 -9999.0 -9999.0 -9999.0 -9999.0 -9999.0 -9999.0
-9999.0 -9999.0 -9999.0 -9999.0 -9999.0 -9999.0 -9999.0 -9999.0 -9999.0 2598.068130 2604.624211 2613.355289 2617.859457 2635.023964 2633.092122 2641.884900 2648.868289 2678.366086 2710.285929 2746.014848 2774.153269 2768.128755 2768.306174 2775.800587 2774.885247 2786.354442 2809.654837 2798.240382 2829.972657 2866.061458 2833.714212 2829.638690 2847.759325 2890.016707 2915.350496 2918.502120 2900.727425 2915.093607 2938.692451 2955.432966 2952.284106 2946.815852 2971.759048 2986.382810 2981.907952 2961.119536 2958.163723 2964.314698 2992.600095 2942.030808 2876.853549 2835.919395 2849.131254 2826.726158 2798.910811 2832.772827 2830.310949 2806.053599 2793.462783 2794.260555 2759.227267 2745.547758 2726.054274 2743.505538 2764.188652 2786.274768 2825.642735 2855.067121 2854.496911 2837.167091 -9999.0 -9999.0 -9999.0 -9999.0 -9999.0 -9999.0 -9999.0 -9999.0 -9999.0 -9999.0
-9999.0 -9999.0 -9999.0 -9999.0 -9999.0 -9999.0 2516.710534 2528.294846 2550.666115 2555.228979 2583.339718 2590.932843 2612.950193 2633.306934 2657.432938 2673.888156 2703.088241 2736.566963 2775.128027 2816.448569 2802.384627 2841.556798 2798.094369 2818.783318 2848.133523 2869.368128 2892.455192 2929.649839 2983.134222 3019.018539 3013.989328 3015.169159 3023.425147 3073.019793 3136.576584 3148.220554 3127.804137 3114.418871 3136.897922 3173.389483 3172.594274 3171.503163 3180.195327 3190.465968 3217.080499 3207.079544 3174.640615 3167.886359 3172.977149 3152.270637 3086.032244 3028.546723 3007.958439 2980.829485 2899.062100 2854.342960 2873.914053 2898.939437 2875.688101 2826.787517 2836.674275 2826.682203 2811.025901 2799.017010 2806.915639 2798.812629 2822.075272 2835.244353 2823.050634 2802.392055 2791.978727 2761.902938 2762.702019 2786.622937 -9999.0 -9999.0 -9999.0 -9999.0 -9999.0 -9999.0
-9999.0 -9999.0 -9999.0 -9999.0 2464.713723 2478.973583 2466.596570 2494.662761 2529.243668 2565.446957 2596.247734 2632.946170 2660.731354 2691.874130 2729.116443 2757.608526 2795.861209 2830.325773 2827.544606 2889.645861 2934.935657 2950.931802 2960.058226 2992.635104 3048.523438 3095.883558 3114.338588 3139.544474 3179.779636 3235.473699 3257.921161 3261.158323 3277.972921 3319.139908 3373.026337 3407.076620 3389.815761 3381.200096 3390.236314 3403.620579 3425.736278 3425.839805 3426.893688 3430.525151 3437.491614 3436.192010 3410.692175 3377.774496 3365.400196 3355.799968 3320.255010 3249.806512 3218.660579 3191.184327 3155.420866 3102.850548 3052.685192 3051.133412 2997.854350 2961.928119 2910.066417 2898.880939 2876.185550 2858.121491 2838.515778 2847.958692 2857.697957 2841.246537 2810.796913 2796.899931 2780.689577 2760.321377 2746.978462 2776.164242 2785.940049 2815.359166 -9999.0 -9999.0 -9999.0 -9999.0
-9999.0 -9999.0 2402.677244 2449.958890 2508.826497 2517.839992 2515.644078 2522.331024 2552.661163 2606.188477 2676.716174 2720.149619 2756.646749 2792.298736 2796.952016 2861.377646 2923.257396 2966.171893 3005.123918 3072.875476 3131.390233 3158.484647 3167.887385 3199.162766 3252.359594 3318.819306 3345.876630 3371.549034 3401.702071 3436.626447 3432.741036 3444.081067 3455.575826 3466.102493 3479.000871 3485.017929 3480.537164 3476.021419 3457.693863 3452.883739 3459.441879 3466.727494 3466.277536 3451.901320 3447.950843 3462.637235 3468.361040 3466.619192 3464.411052 3469.772375 3467.095102 3421.114451 3399.332202 3384.780800 3374.645278 3329.570754 3264.336147 3231.153744 3211.012649 3174.960066 3102.417606 3063.327794 3023.309454 2987.874631 2964.208498 2947.253100 2911.676483 2877.503752 2836.876399 2794.965765 2790.747661 2772.554167 2769.124015 2766.803967 2782.332641 2790.432096 2805.905412 2813.806734 -9999.0 -9999.0
-9999.0 2293.728026 2365.638908 2489.791897 2570.237482 2612.863397 2631.424830 2643.652398 2674.885554 2712.038004 2806.817324 2820.079716 2903.050724 2939.750242 2981.702432 3053.112923 3144.618734 3183.470298 3220.323154 3280.842453 3344.023219 3389.552446 3415.256808 3401.045959 3438.507622 3463.773200 3470.424646 3476.361401 3475.273772 3466.871539 3459.928781 3466.766966 3464.029435 3445.302545 3429.657889 3428.072208 3424.771747 3401.858033 3375.034781 3360.038497 3361.916533 3385.964416 3373.580150 3352.439653 3348.105344 3369.424959 3389.646074 3379.223413 3366.620027 3382.654640 3416.657083 3440.300068 3443.379640 3461.366200 3482.352661 3454.179099 3431.391463 3388.798150 3372.715755 3347.685182 3292.103683 3237.503831 3190.113167 3144.790020 3092.118825 3041.953139 2994.108020 2959.046488 2903.255190 2868.439959 2842.584770 2797.812660 2796.844685 2787.673648 2789.372730 2785.647924 2785.346658 2791.677624 -9999.0 -9999.0
-9999.0 2201.263522 2341.508451 2522.230551 2669.746084 2719.545238 2795.724064 2828.990142 2845.428482 2847.066862 2897.434786 3094.060899 3204.904102 3220.016724 3292.400600 3382.873306 3372.789826 3402.856077 3424.784924 3446.022892 3463.185479 3475.895376 3473.759140 3468.132427 3451.970219 3444.041254 3443.253176 3441.257849 3424.242470 3405.630601 3389.086523 3386.304443 3369.441446 3322.131795 3289.709614 3273.138649 3255.940303 3241.993683 3214.235962 3188.991782 3176.844672 3185.412983 3182.394929 3171.471616 3167.053029 3182.359772 3213.054645 3209.785879 3219.800127 3239.020098 3274.282413 3311.345898 3330.283747 3358.814177 3393.499681 3439.790339 3449.812369 3471.900534 3475.250646 3462.972769 3417.788240 3367.734662 3338.817325 3284.436321 3225.114699 3166.775214 3118.222063 3073.537470 3018.662118 2984.049138 2953.615333 2898.635657 2852.878651 2840.958398 2805.872154 2790.904811 -9999.0 -9999.0 -9999.0 -9999.0
-9999.0 2104.672489 2286.455284 2530.971967 2808.598438 2887.592633 3077.736864 3188.142043 3227.177177 3292.208313 3194.199256 3381.705107 3428.446103 3421.892108 3432.016532 3434.282001 3447.881692 3447.584146 3442.536118 3431.769841 3422.525534 3418.219429 3417.050748 3409.204236 3396.733408 3382.296572 3371.015058 3359.987124 3324.246125 3293.048872 3255.680708 3243.733087 3202.096643 3115.074349 3076.388241 3039.529248 2981.552050 2982.946700 2987.660093 2981.387135 2962.621557 2936.188902 2963.823212 2973.036255 2976.766780 2973.711986 2984.851310 2993.241996 3038.786542 3072.319348 3111.046552 3158.101482 3184.398297 3222.946225 3262.847911 3314.459197 3344.712222 3373.128285 3420.166081 3456.818159 3479.223148 3466.093619 3446.206133 3403.217099 3344.151620 3295.325561 3267.167185 3217.852099 3177.027462 3133.230952 3086.948079 3034.293167 2981.224543 2921.888738 2885.904017 -9999.0 -9999.0 -9999.0 -9999.0 -9999.0
-9999.0 1892.300552 2157.216028 2429.184977 2715.889492 3028.829351 3183.125333 3279.907637 3340.801807 3317.152812 3334.288540 3342.232169 3378.237062 3384.509189 3363.288586 3350.338846 3333.927091 3332.838688 3345.793103 3319.051593 3289.585688 3276.673606 3277.480867 3266.769350 3243.474161 3228.588831 3219.261940 3201.636220 3162.141260 3113.201114 3031.345255 3000.210239 2941.484254 2899.633819 2861.689816 2814.951005 2822.345007 2824.269896 2796.946113 2834.193531 2812.360178 2794.279055 2822.890104 2797.895854 2810.414257 2795.360167 2802.461100 2836.441068 2883.265431 2923.850700 2968.540743 2999.219606 3039.861728 3079.339131 3101.534474 3141.970465 3179.879256 3220.694804 3289.602885 3365.763470 3399.821781 3433.481389 3463.397240 3484.811080 3442.607576 3415.425160 3392.442945 3370.130408 3324.905825 3280.121795 3239.645378 3176.671485 3118.763862 -9999.0 -9999.0 -9999.0 -9999.0 -9999.0 -9999.0 -9999.0
-9999.0 1776.657419 1976.199550 2177.160667 2436.504490 2672.666631 2862.543209 2955.526290 3012.862105 3073.367493 3121.328019 3156.350545 3179.368491 3200.221915 3177.495656 3136.310270 3105.038133 3109.701698 3102.050224 3080.609673 3052.943546 3039.959026 3038.269563 3033.376502 3011.988908 3001.399630 2994.654907 2993.928781 2967.597244 2914.876492 2842.648991 2820.755298 2764.012480 2739.326741 2712.821878 2682.720863 2653.518149 2664.328255 2674.213470 2673.749928 2665.783315 2664.813635 2693.618822 2712.238938 2722.377882 2712.369644 2732.240735 2758.051199 2798.369096 2798.952896 2843.838348 2893.752970 2942.831657 2964.942834 2969.930245 2984.596697 2994.303755 3037.716139 3113.873053 3195.283979 3269.998373 3314.226606 3363.993699 3402.444486 3429.278255 3456.425489 3477.012073 3468.691493 3443.884060 3411.262188 3354.311191 -9999.0 -9999.0 -9999.0 -9999.0 -9999.0 -9999.0 -9999.0 -9999.0 -9999.0
-9999.0 -9999.0 1748.722543 1907.331646 2014.723342 2181.835725 2327.279579 2437.374181 2538.904706 2678.387986 2799.633459 2844.783258 2889.317911 2905.226559 2891.538089 2862.661831 2844.658244 2844.339554 2832.989208 2825.515504 2809.756250 2804.291532 2851.053919 2842.181758 2835.079131 2831.452228 2826.630730 2816.857904 2796.835708 2751.788431 2709.703236 2662.566838 2611.840291 2587.734744 2567.243423 2547.931365 2549.703421 2544.090799 2548.713681 2550.838261 2559.465517 2573.069902 2592.591000 2615.689771 2625.899050 2636.541733 2648.943139 2672.545560 2705.095410 2746.919290 2801.133671 2822.336310 2858.190460 2866.253813 2850.654343 2848.046352 2858.583343 2890.555880 2956.896943 3007.050878 3094.775599 3158.923739 3221.521071 3276.250989 3302.148698 3338.440028 3406.442786 3454.310199 3494.430052 3472.168131 -9999.0 -9999.0 -9999.0 -9999.0 -9999.0 -9999.0 -9999.0 -9999.0 -9999.0 -9999.0
-9999.0 -9999.0 -9999.0 -9999.0 1767.941952 1917.063456 2014.861790 2095.916092 2229.593316 2358.942400 2465.464742 2552.822785 2621.511241 2650.330065 2651.944406 2667.283884 2666.388273 2658.512131 2648.129240 2651.419761 2654.501785 2647.612183 2631.445131 2624.382638 2626.729297 2632.953371 2630.044662 2616.161818 2597.259424 2579.868812 2564.038263 2531.745803 2498.310199 2469.885738 2457.157644 2453.009986 2452.659484 2444.649241 2452.744446 2461.043264 2476.631060 2491.677841 2515.169539 2544.472755 2559.234129 2574.486691 2584.131276 2604.080649 2634.947038 2688.662490 2752.764334 2810.942444 2816.101375 2817.445305 2830.615154 2814.353558 2808.987206 2834.368410 2812.574548 2866.262352 2957.195403 2999.109851 3045.449769 3085.250524 3121.517229 3181.064498 3272.711606 3352.417078 -9999.0 -9999.0 -9999.0 -9999.0 -9999.0 -9999.0 -9999.0 -9999.0 -9999.0 -9999.0 -9999.0 -9999.0
-9999.0 -9999.0 -9999.0 -9999.0 -9999.0 -9999.0 1740.710567 1845.826112 1916.943900 2067.112292 2209.796238 2317.183474 2401.207382 2437.301233 2470.826222 2501.505877 2502.275031 2482.976279 2462.064457 2483.141123 2500.908919 2494.485496 2462.851353 2463.537429 2469.538441 2476.940905 2473.944301 2467.410160 2442.271655 2457.239036 2460.359012 2437.417855 2411.905559 2398.844419 2387.170297 2396.832605 2396.762177 2382.322151 2381.429900 2408.893935 2429.653415 2442.507232 2463.691412 2496.947733 2529.663544 2545.674566 2547.297756 2553.086979 2591.348137 2661.628768 2734.510171 2791.301581 2796.991865 2802.522691 2809.101982 2769.226113 2749.255577 2755.759912 2788.590453 2837.560280 2838.643504 2877.130907 2892.220622 2897.117329 2911.521910 2983.222969 -9999.0 -9999.0 -9999.0 -9999.0 -9999.0 -9999.0 -9999.0 -9999.0 -9999.0 -9999.0 -9999.0 -9999.0 -9999.0 -9999.0
-9999.0 -9999.0 -9999.0 -9999.0 -9999.0 -9999.0 -9999.0 -9999.0 -9999.0 -9999.0 -9999.0 -9999.0 -9999.0 -9999.0 -9999.0 -9999.0 -9999.0 -9999.0 -9999.0 -9999.0 -9999.0 -9999.0 -9999.0 -9999.0 -9999.0 -9999.0 -9999.0 -9999.0 -9999.0 -9999.0 -9999.0 -9999.0 -9999.0 -9999.0 -9999.0 -9999.0 -9999.0 -9999.0 -9999.0 -9999.0 -9999.0 -9999.0 -9999.0 -9999.0 -9999.0 -9999.0 -9999.0 -9999.0 -9999.0 -9999.0 -9999.0 -9999.0 -9999.0 -9999.0 -9999.0 -9999.0 -9999.0 -9999.0 -9999.0 -9999.0 -9999.0 -9999.0 -9999.0 -9999.0 -9999.0 -9999.0 -9999.0 -9999.0 -9999.0 -9999.0 -9999.0 -9999.0 -9999.0 -9999.0 -9999.0 -9999.0 -9999.0 -9999.0 -9999.0 -9999.0
-9999.0 -9999.0 -9999.0 -9999.0 -9999.0 -9999.0 -9999.0 -9999.0 -9999.0 -9999.0 -9999.0 -9999.0 -9999.0 -9999.0 -9999.0 -9999.0 -9999.0 -9999.0 -9999.0 -9999.0 -9999.0 -9999.0 -9999.0 -9999.0 -9999.0 -9999.0 -9999.0 -9999.0 -9999.0 -9999.0 -9999.0 -9999.0 -9999.0 -9999.0 -9999.0 -9999.0 -9999.0 -9999.0 -9999.0 -9999.0 -9999.0 -9999.0 -9999.0 -9999.0 -9999.0 -9999.0 -9999.0 -9999.0 -9999.0 -9999.0 -9999.0 -9999.0 -9999.0 -9999.0 -9999.0 -9999.0 -9999.0 -9999.0 -9999.0 -9999.0 -9999.0 -9999.0 -9999.0 -9999.0 -9999.0 -9999.0 -9999.0 -9999.0 -9999.0 -9999.0 -9999.0 -9999.0 -9999.0 -9999.0 -9999.0 -9999.0 -9999.0 -9999.0 -9999.0 -9999.0