Borden_/Borden1m_014/output_maps/psiliqL0020N0031.asc
ncols         80
nrows         18
xllcorner     620200.000000
yllcorner     5168000.000000
cellsize      1.000000
NODATA_value  -9999.0
-9999.0 -9999.0 -9999.0 -9999.0 -9999.0 -9999.0 -9999.0 -9999.0 -9999.0 -9999.0 -9999.0 -9999.0 -9999.0 -9999.0 -9999.0 -9999.0 -9999.0 -9999.0 -9999.0 -9999.0 -9999.0 -9999.0 -9999.0 -9999.0 -9999.0 -9999.0 -9999.0 -9999.0 -9999.0 -9999.0 -9999.0 -9999.0 -9999.0 -9999.0 -9999.0 -9999.0 -9999.0 -9999.0 -9999.0 -9999.0 -9999.0 -9999.0 -9999.0 -9999.0 -9999.0 -9999.0 -9999.0 -9999.0 -9999.0 -9999.0 -9999.0 -9999.0 -9999.0 -9999.0 -9999.0 -9999.0 -9999.0 -9999.0 -9999.0 -9999.0 -9999.0 -9999.0 -9999.0 -9999.0 -9999.0 -9999.0 -9999.0 -9999.0 -9999.0 -9999.0 -9999.0 -9999.0 -9999.0 -9999.0 -9999.0 -9999.0 -9999.0 -9999.0 -9999.0 -9999.0
-9999.0 -9999.0 -9999.0 -9999.0 -9999.0 -9999.0 -9999.0 -9999.0 -9999.0 -9999.0 -9999.0 -9999.0 -9999.0 -9999.0 -9999.0 -9999.0 -9999.0 -9999.0 -9999.0 -9999.0 -9999.0 -9999.0 -9999.0 -9999.0 -9999.0 -9999.0 -9999.0 -9999.0 -9999.0 -9999.0 -9999.0 -9999.0 -9999.0 -9999.0 -9999.0 -9999.0 -9999.0 -9999.0 -9999.0 -9999.0 -9999.0 -9999.0 -9999.0 -9999.0 -9999.0 -9999.0 -9999.0 -9999.0 -9999.0 -9999.0 -9999.0 -9999.0 -9999.0 -9999.0 -9999.0 -9999.0 -9999.0 -9999.0 -9999.0 -9999.0 -9999.0 -9999.0 -9999.0 -9999.0 -9999.0 -9999.0 -9999.0 -9999.0 -9999.0 -9999.0 -9999.0 -9999.0 -9999.0 -9999.0 -9999.0 -9999.0 -9999.0 -9999.0 -9999.0 -9999.0
-9999.0 -9999.0 -9999.0 -9999.0 -9999.0 -9999.0 -9999.0 -9999.0 -9999.0 -9999.0 -9999.0 -9999.0 -9999.0 -9999.0 -9999.0 -9999.0 -9999.0 -9999.0 -9999.0 -9999.0 2155.745916 2158.282753 2137.687102 2105.413980 2079.178403 2083.219425 2119.080306 2162.168244 2203.080801 2214.011984 2197.686364 2202.752521 2199.855984 2198.180929 2200.692051 2209.178493 2215.962539 2227.440645 2236.460982 2236.668622 2231.535018 2227.795712 2230.042691 2232.553711 2237.947868 2224.246619 2237.702577 2251.331700 2253.872821 2247.272225 2219.178843 2202.694219 2191.289768 2172.854705 2195.622374 2204.810754 2225.021637 2226.929235 2223.073934 2194.846642 2163.916810 -9999.0 -9999.0 -9999.0 -9999.0 -9999.0 -9999.0 -9999.0 -9999.0 -9999.0 -9999.0 -9999.0 -9999.0 -9999.0 -9999.0 -9999.0 -9999.0 -9999.0 -9999.0 -9999.0
-9999.0 -9999.0 -9999.0 -9999.0 -9999.0 -9999.0 -9999.0 -9999.0 -9999.0 -9999.0 -9999.0 -9999.0 -9999.0 -9999.0 2061.055524 2053.041132 2051.902973 2061.569609 2096.260092 2127.721160 2139.786736 2133.579320 2135.079332 2112.742428 2093.037805 2108.505344 2140.332335 2173.505012 2209.703145 2230.812983 2221.948263 2221.564039 2231.536428 2255.524458 2267.039597 2264.900151 2247.238291 2272.577581 2288.555582 2296.691887 2297.205802 2289.529354 2300.943033 2315.828802 2308.345130 2291.142375 2297.811574 2309.203114 2318.148148 2304.514443 2240.593759 2222.116127 2215.330369 2207.077468 2190.788329 2183.277072 2207.668989 2204.752311 2194.693199 2175.268105 2140.916040 2095.477619 2075.144349 2112.831854 2154.654462 2209.656265 -9999.0 -9999.0 -9999.0 -9999.0 -9999.0 -9999.0 -9999.0 -9999.0 -9999.0 -9999.0 -9999.0 -9999.0 -9999.0 -9999.0
-9999.0 -9999.0 -9999.0 -9999.0 -9999.0 -9999.0 -9999.0 -9999.0 -9999.0 1998.482844 2004.811555 2013.613978 2017.980801 2035.185309 2033.490140 2042.242158 2049.828605 2079.055861 2111.251372 2147.285975 2176.558738 2169.608473 2171.026406 2179.925586 2181.010389 2193.289667 2216.916979 2258.684081 2296.123690 2336.667202 2308.201669 2306.829571 2326.844739 2372.111258 2400.722022 2405.700054 2388.306592 2402.384715 2428.217692 2448.909638 2448.943589 2446.297312 2471.502702 2485.961001 2482.732568 2460.918046 2453.394162 2455.267057 2479.968736 2426.565561 2358.052721 2311.107443 2318.084881 2290.176951 2255.712689 2236.861824 2233.122454 2250.979471 2234.831809 2196.461698 2159.659914 2146.171549 2126.670248 2143.242016 2163.540485 2207.225120 2244.320736 2270.937194 2268.179461 2249.296838 -9999.0 -9999.0 -9999.0 -9999.0 -9999.0 -9999.0 -9999.0 -9999.0 -9999.0 -9999.0
-9999.0 -9999.0 -9999.0 -9999.0 -9999.0 -9999.0 1917.017868 1928.296299 1950.489361 1955.611003 1983.366643 1991.780836 2013.976339 2034.669163 2058.621888 2075.775037 2105.937092 2139.884122 2180.443156 2223.210488 2256.115989 2250.193828 2261.231215 2287.849364 2322.888599 2349.332953 2375.996432 2417.721676 2494.643673 2536.708364 2539.319983 2544.324154 2554.889004 2605.326550 2669.561818 2681.179461 2661.419329 2648.821307 2672.256041 2710.953666 2715.087993 2717.203333 2732.419788 2743.147552 2768.699437 2756.682474 2714.619317 2702.565363 2703.836293 2682.086244 2614.761959 2551.793826 2522.184605 2469.903247 2385.588662 2334.211900 2346.259888 2366.018553 2337.412940 2283.024350 2242.546918 2231.194000 2214.775147 2201.346770 2207.483176 2225.072377 2244.653867 2253.710313 2238.197229 2214.726325 2190.488146 2160.371072 2161.256764 2185.453723 -9999.0 -9999.0 -9999.0 -9999.0 -9999.0 -9999.0
-9999.0 -9999.0 -9999.0 -9999.0 1865.039296 1879.213801 1867.412456 1895.060261 1929.691714 1965.984969 1998.260512 2035.632049 2064.099824 2095.827317 2135.568362 2166.935209 2207.171233 2242.798830 2297.046184 2364.983144 2416.041659 2437.849334 2452.928314 2510.579039 2571.936686 2624.310070 2647.012950 2676.555890 2725.166524 2786.601515 2813.934595 2820.532413 2838.849102 2878.534703 2930.445774 2857.856043 2839.893672 2831.821986 2839.810415 2852.411311 2874.831862 2875.297517 2876.500557 2879.695718 2885.840741 2884.865332 2860.317819 2828.901471 2921.039145 2909.552370 2874.032918 2801.442297 2763.419737 2730.497629 2688.945609 2633.323948 2574.590098 2563.919513 2504.841760 2444.864078 2384.953665 2365.862008 2336.106049 2311.040567 2283.532831 2285.424263 2287.753000 2265.043810 2229.602301 2195.128796 2178.468634 2158.252750 2145.502721 2174.769585 2191.297081 2220.409965 -9999.0 -9999.0 -9999.0 -9999.0
-9999.0 -9999.0 1803.253301 1851.309904 1909.984586 1919.576004 1919.082227 1926.391008 1957.077006 2011.252349 2084.058375 2131.248650 2170.705388 2206.859487 2266.843222 2340.800542 2410.308800 2458.629088 2522.738531 2596.030961 2659.907208 2691.922347 2708.347217 2751.644659 2808.648874 2875.972455 2905.458115 2933.994742 2854.146343 2886.805751 2888.271799 2900.639817 2911.241046 2919.322626 2929.892728 2933.254878 2928.996720 2924.345412 2907.474402 2903.004875 2909.651147 2914.863946 2916.463675 2902.513773 2898.659996 2913.053546 2916.901752 2915.628316 2916.881075 2921.336625 2920.587528 2876.967460 2849.672900 2836.295197 2931.291449 2883.884657 2816.001327 2776.159791 2752.011848 2703.659856 2624.439751 2575.554629 2525.949451 2479.902263 2427.895925 2399.706635 2353.633905 2310.119973 2261.849729 2213.772549 2188.845380 2170.296893 2166.949712 2165.452408 2180.921896 2195.116789 2209.680127 2217.042175 -9999.0 -9999.0
-9999.0 1696.162457 1768.469631 1893.704926 1974.669235 2018.431814 2042.435130 2059.739086 2091.123433 2124.892897 2224.533834 2298.624538 2389.203212 2431.028503 2481.151656 2579.086503 2677.122153 2728.867649 2771.615021 2834.469571 2899.766886 2840.728121 2865.928753 2860.720372 2897.017155 2918.203344 2923.820109 2928.975415 2925.585472 2917.361112 2909.729312 2916.379080 2914.740569 2895.963404 2880.190955 2878.073832 2874.118963 2852.323399 2934.257914 2918.046443 2919.373418 2837.198093 2930.951059 2909.733992 2905.871584 2927.904675 2840.056252 2830.603015 2928.870535 2835.472425 2868.106846 2890.956477 2896.668312 2914.226945 2934.895227 2907.471484 2882.594945 2842.030818 2933.797265 2903.076097 2842.058166 2781.229712 2724.631517 2661.247266 2595.134704 2529.778942 2466.161743 2402.592964 2336.347693 2294.340368 2263.144352 2214.306375 2195.179896 2197.200714 2188.233420 2184.442444 2189.214044 2194.965291 -9999.0 -9999.0
-9999.0 1608.031052 1749.265556 1931.717565 2079.856082 2133.208607 2219.295830 2291.855798 2318.299725 2282.397088 2391.449113 2613.714593 2733.347974 2756.489290 2834.041529 2830.408488 2829.580256 2860.235785 2882.413499 2899.967762 2914.240191 2924.764124 2922.860366 2917.327567 2901.974404 2894.359227 2895.022505 2892.855532 2875.728140 2856.757619 2839.539124 2837.352003 2929.072148 2879.801378 2844.194395 2824.385455 2804.559666 2785.686645 2755.297031 2727.286354 2708.568207 2721.572346 2718.892384 2701.942987 2698.222389 2721.135894 2752.123865 2750.812621 2764.188278 2786.123767 2826.427045 2868.150207 2892.378283 2924.559137 2847.614737 2891.479490 2903.492593 2925.555645 2929.297094 2914.714375 2871.722411 2930.644089 2893.815731 2827.967219 2754.169548 2671.951237 2605.244656 2540.902950 2469.889728 2424.346207 2378.465880 2322.054813 2272.220272 2254.689221 2216.092692 2197.680010 -9999.0 -9999.0 -9999.0 -9999.0
-9999.0 1517.795944 1702.008784 1951.876333 2238.922198 2334.269700 2541.871045 2671.373210 2726.339972 2799.951378 2736.560458 2835.132475 2876.482292 2870.606651 2877.813543 2879.603642 2893.814278 2894.943706 2890.687323 2880.653380 2871.999547 2868.084385 2866.864849 2859.104472 2846.710289 2833.566789 2931.975820 2917.242046 2876.909611 2841.325237 2800.943601 2784.342229 2741.369970 2644.723099 2601.279109 2561.631040 2500.878970 2496.830013 2495.500498 2466.879183 2447.516780 2421.896182 2447.458683 2456.553016 2460.386584 2459.579048 2473.826314 2502.756737 2551.230422 2589.345909 2634.240078 2687.859994 2726.450648 2771.312928 2816.450057 2873.699686 2909.342872 2942.259507 2874.635083 2910.523119 2931.740704 2920.914031 2898.671738 2856.718581 2886.112591 2817.007742 2763.471480 2685.391545 2619.560337 2567.134960 2520.567446 2470.365268 2407.358853 2339.442022 2299.989481 -9999.0 -9999.0 -9999.0 -9999.0 -9999.0
-9999.0 1317.248817 1583.253554 1861.093495 2157.527424 2495.529129 2653.764770 2772.211411 2846.243152 2826.201452 2845.576199 2863.715380 2821.318420 2828.493012 2903.194370 2893.594067 2880.784784 2881.343051 2894.862018 2868.294493 2838.380485 2824.634806 2824.188979 2812.165286 2787.638815 2770.356209 2759.276965 2736.914026 2685.821160 2632.369333 2546.842119 2511.651722 2431.153398 2382.552095 2340.197879 2289.985847 2239.925322 2240.491478 2260.417686 2247.695326 2225.876034 2207.757850 2235.717830 2256.039918 2269.408636 2256.392959 2265.237711 2301.187599 2351.059920 2395.920776 2445.749047 2501.537030 2548.055157 2595.094353 2625.633225 2674.493908 2726.144578 2774.518548 2848.975262 2930.637616 2854.250413 2886.781931 2917.980616 2936.410111 2893.492452 2860.410138 2831.172839 2813.085274 2736.606357 2686.606188 2656.941355 2614.347340 2559.809126 -9999.0 -9999.0 -9999.0 -9999.0 -9999.0 -9999.0 -9999.0
-9999.0 1197.735990 1404.374040 1615.931912 1884.448724 2120.693765 2332.012900 2436.047253 2516.963804 2574.098703 2621.874188 2661.171704 2693.857819 2719.191128 2701.085522 2658.608791 2629.145798 2634.099833 2627.799343 2605.063249 2575.965664 2561.280158 2557.812274 2550.935336 2526.991330 2513.099994 2502.313020 2478.491223 2447.645092 2391.444597 2313.638493 2238.385747 2179.659127 2152.247838 2124.416127 2093.173966 2060.871735 2071.367436 2082.818604 2080.752219 2071.875182 2070.214321 2099.202407 2118.539865 2128.744221 2118.164101 2137.799646 2163.986654 2205.069917 2249.064956 2298.600299 2353.598548 2407.609292 2435.937471 2447.982644 2470.582404 2508.778722 2562.014365 2647.460419 2744.463529 2824.477806 2873.986216 2925.395726 2855.474063 2877.412459 2901.604755 2909.261976 2884.131312 2841.833603 2814.535761 2738.588560 -9999.0 -9999.0 -9999.0 -9999.0 -9999.0 -9999.0 -9999.0 -9999.0 -9999.0
-9999.0 -9999.0 1174.802079 1340.608208 1459.844604 1632.001754 1779.509249 1889.832580 1986.619658 2115.721932 2231.035804 2321.854262 2368.307779 2386.851630 2374.735575 2346.005624 2327.391714 2327.439206 2316.539340 2307.481770 2289.537364 2282.038481 2269.287135 2260.614385 2252.383669 2247.991488 2242.841857 2231.978942 2211.003279 2165.116986 2120.252193 2070.838412 2019.295002 1994.378289 1973.096663 1952.701549 1953.040835 1948.042136 1953.045605 1954.913931 1962.835273 1976.037976 1995.817455 2018.341171 2028.402858 2038.347156 2050.870858 2074.639038 2107.602663 2150.280100 2204.862559 2263.812154 2304.576263 2317.692647 2307.642260 2311.554193 2329.540589 2369.890745 2446.784759 2528.568909 2624.970495 2696.396113 2768.185071 2818.454768 2832.366271 2845.843548 2837.913988 2861.184815 2858.240365 2847.399152 -9999.0 -9999.0 -9999.0 -9999.0 -9999.0 -9999.0 -9999.0 -9999.0 -9999.0 -9999.0
-9999.0 -9999.0 -9999.0 -9999.0 1200.899568 1352.459292 1450.224879 1532.482333 1664.421438 1790.168942 1894.002150 1980.004782 2045.934264 2073.665927 2072.843006 2083.874355 2081.318096 2074.090339 2063.848448 2065.055389 2066.102679 2058.821513 2043.222433 2035.939318 2037.579944 2043.117756 2040.214353 2026.235750 2007.607007 1987.727573 1969.682430 1936.250992 1901.363225 1872.391449 1859.271612 1854.277026 1853.856026 1846.259477 1854.584063 1862.438806 1877.858232 1892.990010 1916.615714 1945.902812 1960.261335 1975.357560 1985.139787 2005.504871 2036.228258 2090.023517 2154.112588 2212.862585 2250.242439 2255.505901 2231.880938 2216.590383 2212.405625 2239.495115 2282.400792 2346.458482 2446.403001 2518.652724 2571.827774 2613.021719 2643.127478 2685.896952 2732.578248 2767.147879 -9999.0 -9999.0 -9999.0 -9999.0 -9999.0 -9999.0 -9999.0 -9999.0 -9999.0 -9999.0 -9999.0 -9999.0
-9999.0 -9999.0 -9999.0 -9999.0 -9999.0 -9999.0 1168.212296 1271.851177 1347.277139 1492.215842 1629.400044 1734.019004 1816.401472 1850.701064 1880.942797 1909.774921 1909.285535 1890.330036 1870.160155 1889.985458 1905.768682 1899.475491 1868.416192 1868.538822 1873.926921 1881.620536 1878.862426 1872.216598 1846.899170 1860.013163 1861.753500 1838.426608 1812.450922 1798.852056 1786.899929 1796.392625 1796.355394 1782.236110 1781.975665 1809.116344 1829.633749 1842.618670 1864.093682 1897.344982 1929.920099 1945.615392 1947.206034 1953.269120 1992.582119 2062.997860 2135.560674 2192.120420 2225.780093 2234.767210 2208.939192 2169.590153 2149.872495 2157.071115 2191.282738 2242.233566 2316.372762 2363.301942 2384.900079 2393.328525 2407.203618 2497.451583 -9999.0 -9999.0 -9999.0 -9999.0 -9999.0 -9999.0 -9999.0 -9999.0 -9999.0 -9999.0 -9999.0 -9999.0 -9999.0 -9999.0
-9999.0 -9999.0 -9999.0 -9999.0 -9999.0 -9999.0 -9999.0 -9999.0 -9999.0 -9999.0 -9999.0 -9999.0 -9999.0 -9999.0 -9999.0 -9999.0 -9999.0 -9999.0 -9999.0 -9999.0 -9999.0 -9999.0 -9999.0 -9999.0 -9999.0 -9999.0 -9999.0 -9999.0 -9999.0 -9999.0 -9999.0 -9999.0 -9999.0 -9999.0 -9999.0 -9999.0 -9999.0 -9999.0 -9999.0 -9999.0 -9999.0 -9999.0 -9999.0 -9999.0 -9999.0 -9999.0 -9999.0 -9999.0 -9999.0 -9999.0 -9999.0 -9999.0 -9999.0 -9999.0 -9999.0 -9999.0 -9999.0 -9999.0 -9999.0 -9999.0 -9999.0 -9999.0 -9999.0 -9999.0 -9999.0 -9999.0 -9999.0 -9999.0 -9999.0 -9999.0 -9999.0 -9999.0 -9999.0 -9999.0 -9999.0 -9999.0 -9999.0 -9999.0 -9999.0 -9999.0
-9999.0 -9999.0 -9999.0 -9999.0 -9999.0 -9999.0 -9999.0 -9999.0 -9999.0 -9999.0 -9999.0 -9999.0 -9999.0 -9999.0 -9999.0 -9999.0 -9999.0 -9999.0 -9999.0 -9999.0 -9999.0 -9999.0 -9999.0 -9999.0 -9999.0 -9999.0 -9999.0 -9999.0 -9999.0 -9999.0 -9999.0 -9999.0 -9999.0 -9999.0 -9999.0 -9999.0 -9999.0 -9999.0 -9999.0 -9999.0 -9999.0 -9999.0 -9999.0 -9999.0 -9999.0 -9999.0 -9999.0 -9999.0 -9999.0 -9999.0 -9999.0 -9999.0 -9999.0 -9999.0 -9999.0 -9999.0 -9999.0 -9999.0 -9999.0 -9999.0 -9999.0 -9999.0 -9999.0 -9999.0 -9999.0 -9999.0 -9999.0 -9999.0 -9999.0 -9999.0 -9999.0 -9999.0 -9999.0 -9999.0 -9999.0 -9999.0 -9999.0 -9999.0 -9999.0 -9999.0