Borden_/Borden1m_014/output_maps/psiliqL0019N0015.asc
ncols         80
nrows         18
xllcorner     620200.000000
yllcorner     5168000.000000
cellsize      1.000000
NODATA_value  -9999.0
-9999.0 -9999.0 -9999.0 -9999.0 -9999.0 -9999.0 -9999.0 -9999.0 -9999.0 -9999.0 -9999.0 -9999.0 -9999.0 -9999.0 -9999.0 -9999.0 -9999.0 -9999.0 -9999.0 -9999.0 -9999.0 -9999.0 -9999.0 -9999.0 -9999.0 -9999.0 -9999.0 -9999.0 -9999.0 -9999.0 -9999.0 -9999.0 -9999.0 -9999.0 -9999.0 -9999.0 -9999.0 -9999.0 -9999.0 -9999.0 -9999.0 -9999.0 -9999.0 -9999.0 -9999.0 -9999.0 -9999.0 -9999.0 -9999.0 -9999.0 -9999.0 -9999.0 -9999.0 -9999.0 -9999.0 -9999.0 -9999.0 -9999.0 -9999.0 -9999.0 -9999.0 -9999.0 -9999.0 -9999.0 -9999.0 -9999.0 -9999.0 -9999.0 -9999.0 -9999.0 -9999.0 -9999.0 -9999.0 -9999.0 -9999.0 -9999.0 -9999.0 -9999.0 -9999.0 -9999.0
-9999.0 -9999.0 -9999.0 -9999.0 -9999.0 -9999.0 -9999.0 -9999.0 -9999.0 -9999.0 -9999.0 -9999.0 -9999.0 -9999.0 -9999.0 -9999.0 -9999.0 -9999.0 -9999.0 -9999.0 -9999.0 -9999.0 -9999.0 -9999.0 -9999.0 -9999.0 -9999.0 -9999.0 -9999.0 -9999.0 -9999.0 -9999.0 -9999.0 -9999.0 -9999.0 -9999.0 -9999.0 -9999.0 -9999.0 -9999.0 -9999.0 -9999.0 -9999.0 -9999.0 -9999.0 -9999.0 -9999.0 -9999.0 -9999.0 -9999.0 -9999.0 -9999.0 -9999.0 -9999.0 -9999.0 -9999.0 -9999.0 -9999.0 -9999.0 -9999.0 -9999.0 -9999.0 -9999.0 -9999.0 -9999.0 -9999.0 -9999.0 -9999.0 -9999.0 -9999.0 -9999.0 -9999.0 -9999.0 -9999.0 -9999.0 -9999.0 -9999.0 -9999.0 -9999.0 -9999.0
-9999.0 -9999.0 -9999.0 -9999.0 -9999.0 -9999.0 -9999.0 -9999.0 -9999.0 -9999.0 -9999.0 -9999.0 -9999.0 -9999.0 -9999.0 -9999.0 -9999.0 -9999.0 -9999.0 -9999.0 1956.663637 1959.435542 1939.016669 1907.140740 1881.394282 1885.828224 1921.847331 1964.591310 2004.865506 2015.600587 1999.570635 2005.540644 2004.404062 2005.181856 2009.756424 2019.457116 2026.626512 2038.031697 2046.141144 2044.875097 2038.008127 2032.612823 2033.496894 2035.669580 2041.376738 2029.166190 2044.127930 2059.452199 2063.287825 2056.977057 2028.244676 2010.490374 1998.020147 1978.905440 2001.057277 2009.811795 2029.462825 2030.726518 2026.421349 1997.876760 1966.819134 -9999.0 -9999.0 -9999.0 -9999.0 -9999.0 -9999.0 -9999.0 -9999.0 -9999.0 -9999.0 -9999.0 -9999.0 -9999.0 -9999.0 -9999.0 -9999.0 -9999.0 -9999.0 -9999.0
-9999.0 -9999.0 -9999.0 -9999.0 -9999.0 -9999.0 -9999.0 -9999.0 -9999.0 -9999.0 -9999.0 -9999.0 -9999.0 -9999.0 1860.633948 1852.731285 1851.924965 1862.155473 1897.528399 1929.521565 1941.798349 1935.812340 1937.699462 1916.112852 1897.502952 1913.840509 1945.872911 1978.634704 2013.970904 2034.618398 2025.891101 2026.905298 2039.643889 2067.238772 2081.747972 2081.350620 2064.342924 2089.388814 2104.254318 2110.551428 2108.732774 2099.031856 2109.274696 2123.704046 2116.755011 2101.071544 2109.716704 2123.216205 2133.877968 2120.266463 2055.109796 2034.278592 2025.803876 2016.390515 1999.526103 1991.236864 2014.537607 2010.730506 1999.822000 1979.886869 1945.391141 1900.175704 1879.686762 1916.984980 1958.628048 2013.639565 -9999.0 -9999.0 -9999.0 -9999.0 -9999.0 -9999.0 -9999.0 -9999.0 -9999.0 -9999.0 -9999.0 -9999.0 -9999.0 -9999.0
-9999.0 -9999.0 -9999.0 -9999.0 -9999.0 -9999.0 -9999.0 -9999.0 -9999.0 1798.740138 1804.811872 1813.486256 1817.735479 1835.004721 1833.517590 1842.623511 1850.960502 1880.885778 1914.205199 1951.405308 1981.555488 1974.981278 1977.210282 1987.948377 1991.814749 2006.165920 2030.447812 2071.536060 2107.943971 2147.486429 2119.406493 2120.281133 2144.581388 2195.539789 2228.899681 2236.619199 2220.461679 2233.679296 2257.847414 2275.984455 2272.784039 2267.550452 2290.804223 2304.366812 2302.476269 2283.244142 2278.377390 2283.092662 2309.697661 2256.715802 2186.510073 2135.156550 2138.331793 2108.293471 2072.405481 2052.158183 2046.633210 2062.582162 2044.722000 2005.355016 1967.730243 1953.774125 1933.632272 1949.388677 1969.236438 2012.790539 2050.087019 2076.544084 2073.647080 2054.610801 -9999.0 -9999.0 -9999.0 -9999.0 -9999.0 -9999.0 -9999.0 -9999.0 -9999.0 -9999.0
-9999.0 -9999.0 -9999.0 -9999.0 -9999.0 -9999.0 1718.635063 1729.735057 1751.653753 1756.530305 1783.941557 1792.387260 1814.642667 1835.665742 1860.065731 1878.242528 1909.693163 1945.153751 1988.121000 2033.541926 2068.121179 2063.341886 2075.464540 2105.533712 2145.800952 2176.607250 2204.578833 2245.112946 2319.029286 2358.616877 2361.767638 2369.516518 2385.923807 2443.635786 2513.016499 2528.306984 2510.166577 2497.427267 2518.452458 2553.146332 2553.532588 2552.510392 2564.825368 2574.621526 2601.029822 2592.429350 2555.568420 2547.146820 2550.217604 2529.539570 2460.319426 2391.692387 2356.994066 2303.374235 2218.905349 2165.752987 2173.831977 2189.175179 2157.327475 2101.235914 2059.168331 2046.017281 2027.896505 2012.916778 2017.751931 2034.399199 2053.387788 2061.790083 2045.766632 2021.924041 1997.579481 1966.699574 1966.628930 1990.135946 -9999.0 -9999.0 -9999.0 -9999.0 -9999.0 -9999.0
-9999.0 -9999.0 -9999.0 -9999.0 1667.283868 1681.690851 1670.095968 1697.609016 1732.119735 1768.202320 1800.668513 1838.295973 1867.110815 1899.585718 1941.107322 1975.085140 2017.640303 2055.865763 2114.327727 2187.210818 2241.308310 2264.413674 2280.459531 2341.768210 2409.993763 2468.072939 2492.534742 2520.405209 2564.220830 2621.026455 2646.403213 2654.383204 2676.819226 2721.115371 2775.782705 2814.335056 2799.337520 2792.140964 2799.491081 2810.749452 2831.989781 2831.707994 2832.832831 2835.793404 2841.937532 2842.112688 2819.461251 2788.544197 2773.755279 2763.053572 2727.018035 2652.210949 2612.373028 2580.027181 2540.001230 2484.006795 2420.550116 2403.289634 2340.674624 2279.244245 2217.008063 2194.282009 2161.126906 2133.572342 2103.585369 2102.937369 2103.135927 2078.882796 2042.264569 2006.524144 1988.546658 1966.801019 1952.550683 1980.260735 1995.587578 2023.891488 -9999.0 -9999.0 -9999.0 -9999.0
-9999.0 -9999.0 1605.031487 1653.873119 1713.200226 1723.869616 1724.683764 1732.493803 1763.243966 1817.495846 1891.256982 1939.702079 1980.494945 2017.834541 2080.579946 2159.252813 2232.151016 2284.068788 2353.280696 2433.345579 2500.878001 2533.580878 2549.517039 2593.438998 2654.129194 2724.108445 2754.288870 2781.207640 2813.804075 2846.761308 2849.679983 2863.233500 2875.481657 2884.910442 2895.643677 2900.000730 2895.667822 2891.033596 2872.614915 2867.862441 2873.898980 2879.923383 2880.143942 2866.513218 2863.142390 2878.356021 2885.223532 2886.201440 2886.417931 2893.683507 2893.430937 2849.282821 2818.632135 2802.219146 2787.311361 2740.144987 2671.451484 2629.034241 2603.726385 2555.905517 2475.835373 2422.879997 2369.351690 2320.318247 2264.885765 2231.831964 2181.717428 2135.159094 2084.299381 2033.695468 2005.871465 1984.154022 1977.714334 1973.305930 1986.386844 1998.853479 2012.119185 2018.831460 -9999.0 -9999.0
-9999.0 1498.302189 1571.190683 1697.824655 1780.606800 1827.176409 1855.187632 1874.984461 1906.462317 1939.373794 2040.823380 2118.938484 2210.728428 2253.708552 2307.900322 2411.502230 2512.625545 2566.643735 2613.073151 2679.661467 2746.273164 2797.677745 2825.864389 2826.283778 2865.415729 2887.994062 2894.834825 2900.193692 2897.725794 2888.506574 2879.381994 2885.186459 2881.780192 2862.883709 2845.647420 2840.645393 2834.128095 2809.818146 2780.183273 2765.204916 2767.036728 2792.812619 2778.846954 2758.094602 2754.698834 2777.162555 2800.930119 2794.341242 2784.034902 2806.282238 2843.034853 2866.939645 2874.240181 2891.894655 2912.368159 2884.545841 2857.485468 2813.286978 2791.035483 2762.034303 2703.490355 2642.966660 2586.925218 2523.789114 2455.132051 2384.284136 2315.480059 2246.878502 2176.319181 2130.218245 2094.099423 2039.145698 2013.536746 2009.603092 1996.116661 1989.375363 1991.956274 1996.847231 -9999.0 -9999.0
-9999.0 1411.766456 1554.048130 1738.832287 1890.572611 1950.032137 2044.343874 2120.732166 2148.032741 2114.162692 2224.243077 2448.343495 2566.564193 2590.476316 2669.776102 2771.313362 2782.826478 2819.785325 2846.885749 2866.933552 2881.839384 2893.486183 2891.212224 2886.079789 2872.266802 2866.172508 2866.268084 2864.507880 2847.022941 2826.246870 2805.913910 2799.147306 2776.522435 2727.790114 2690.354035 2666.813810 2644.841822 2625.855990 2596.593107 2570.407315 2553.235975 2567.771008 2564.619700 2548.009828 2544.529132 2567.570028 2599.638707 2599.975608 2615.819927 2642.299096 2686.082537 2728.808768 2753.427019 2785.688210 2825.236831 2871.058987 2883.748472 2905.514117 2909.363393 2894.252411 2850.115715 2796.503766 2763.616856 2702.780268 2631.965271 2549.788981 2480.843604 2412.674147 2338.478668 2287.274227 2232.100428 2165.439088 2104.533549 2074.553023 2028.376135 2004.876659 -9999.0 -9999.0 -9999.0 -9999.0
-9999.0 1323.795136 1509.786799 1763.907235 2054.284673 2161.165440 2377.873973 2512.313264 2568.646109 2642.104281 2587.576437 2765.058115 2815.076263 2815.367543 2825.501126 2834.949862 2854.497322 2859.806935 2858.271072 2849.591584 2840.225086 2833.871028 2830.139586 2821.101856 2808.598163 2794.327421 2780.258333 2768.244702 2730.160178 2694.017465 2650.728777 2631.201836 2587.028292 2489.659131 2442.163624 2396.517343 2331.183937 2324.735302 2322.759949 2295.192402 2276.672012 2252.591858 2278.029439 2286.836387 2290.594841 2290.525276 2305.871334 2336.187589 2388.409271 2432.585257 2483.863186 2541.449849 2582.529297 2629.947513 2677.747240 2734.819437 2769.327092 2801.604245 2853.099227 2893.157253 2918.252088 2907.426138 2884.858194 2840.378968 2770.783340 2707.490719 2659.485970 2586.165700 2520.209564 2463.906190 2407.279500 2341.211234 2261.427966 2167.898297 2117.959817 -9999.0 -9999.0 -9999.0 -9999.0 -9999.0
-9999.0 1127.188814 1394.619855 1677.238361 1982.985270 2329.303537 2493.221218 2619.643977 2696.372500 2676.873553 2696.071580 2716.127816 2761.980195 2773.509395 2756.022723 2748.833786 2738.186017 2739.670947 2753.265944 2725.981924 2693.295469 2674.403552 2669.171202 2654.247202 2628.992828 2612.527493 2602.904881 2582.852135 2532.785972 2476.963207 2386.120098 2346.707830 2264.180967 2212.280843 2166.489835 2111.858732 2057.866709 2056.287470 2075.425315 2062.831392 2041.571741 2023.843228 2051.987763 2072.287345 2085.650265 2073.035373 2082.455246 2119.992996 2172.850713 2222.002562 2276.628631 2336.239255 2386.589988 2439.117453 2475.820207 2528.451252 2581.586176 2631.790417 2708.955315 2792.215690 2835.328108 2873.061811 2906.518886 2925.891996 2877.128840 2833.523214 2786.371772 2729.897584 2658.901875 2613.125611 2579.733622 2516.341553 2447.230251 -9999.0 -9999.0 -9999.0 -9999.0 -9999.0 -9999.0 -9999.0
-9999.0 1006.277561 1216.185169 1433.418641 1709.392041 1952.848473 2168.978551 2281.882913 2368.485062 2426.284544 2474.549959 2513.868751 2546.505568 2571.672305 2554.193965 2514.254130 2486.501454 2491.806696 2485.214557 2459.812189 2425.412293 2403.040826 2393.394745 2382.329732 2356.027998 2341.460883 2331.258356 2308.568738 2277.467371 2219.689378 2137.767820 2059.563887 1998.170097 1968.401057 1938.300457 1904.354990 1869.310559 1878.628247 1890.072967 1887.945666 1879.113640 1877.520879 1906.822715 1926.341679 1936.683932 1926.059853 1946.038458 1973.309942 2016.293075 2062.660929 2114.872870 2172.475981 2229.362800 2261.981051 2279.005810 2305.811211 2347.847396 2406.587649 2499.370527 2602.934365 2688.894180 2742.916069 2798.822548 2839.871868 2858.945785 2871.523864 2854.494646 2786.308873 2697.368389 2688.771101 2685.854731 -9999.0 -9999.0 -9999.0 -9999.0 -9999.0 -9999.0 -9999.0 -9999.0 -9999.0
-9999.0 -9999.0 985.727618 1155.237956 1280.676487 1458.025486 1610.619480 1725.948093 1825.487273 1955.297609 2071.149526 2161.514293 2207.390748 2225.997022 2214.668001 2186.670718 2168.562924 2168.666670 2156.852612 2144.907150 2122.158501 2108.953729 2091.726765 2079.995458 2069.538991 2064.212104 2059.142789 2048.614358 2027.573908 1980.655301 1933.160527 1881.476079 1828.189258 1802.068724 1779.505735 1757.616710 1756.537084 1751.186330 1756.138657 1758.027314 1765.912822 1779.183617 1799.221270 1821.762124 1831.882002 1841.726820 1854.570430 1878.944008 1912.943426 1956.899985 2012.889854 2073.200564 2115.758590 2131.405595 2124.408625 2131.332449 2152.979933 2198.655922 2283.279351 2374.186233 2480.343820 2560.384382 2641.297234 2702.117057 2725.615529 2747.799533 2772.295809 2733.285264 2616.787337 2645.456551 -9999.0 -9999.0 -9999.0 -9999.0 -9999.0 -9999.0 -9999.0 -9999.0 -9999.0 -9999.0
-9999.0 -9999.0 -9999.0 -9999.0 1016.345901 1170.261272 1269.738387 1354.829026 1488.731739 1615.717057 1720.576384 1806.794408 1872.024582 1899.859894 1898.929799 1909.417250 1906.818804 1899.626059 1888.456133 1887.114411 1884.702688 1873.985971 1855.765504 1846.409869 1846.622877 1851.460881 1848.609218 1834.890668 1816.507988 1795.527748 1776.045878 1741.442187 1705.463514 1675.715330 1661.876850 1656.014201 1655.088659 1647.334538 1655.636800 1663.394750 1678.881319 1694.178293 1717.964620 1747.277867 1761.576263 1776.718934 1786.718620 1807.513800 1838.753692 1893.240230 1958.095977 2017.681563 2056.020709 2062.760978 2040.801073 2027.514697 2026.000630 2057.011340 2105.751798 2177.457864 2286.441373 2368.698672 2434.474560 2489.906634 2531.658943 2587.687004 2654.975360 2698.548294 -9999.0 -9999.0 -9999.0 -9999.0 -9999.0 -9999.0 -9999.0 -9999.0 -9999.0 -9999.0 -9999.0 -9999.0
-9999.0 -9999.0 -9999.0 -9999.0 -9999.0 -9999.0 982.731165 1087.086980 1165.553114 1310.505601 1447.255867 1551.858589 1634.164829 1668.176416 1697.860033 1726.614773 1725.905521 1706.722592 1685.879709 1703.814170 1716.933808 1708.437331 1675.645306 1674.137173 1678.452710 1685.889249 1683.218579 1676.707005 1651.436812 1663.829949 1664.764750 1640.850553 1614.275538 1600.060365 1587.635929 1596.707897 1596.385780 1582.189175 1582.081311 1609.144942 1629.672373 1642.807640 1664.478972 1697.807115 1730.410313 1746.085110 1747.791958 1754.149469 1794.081091 1865.017587 1938.025235 1995.076032 2029.437782 2039.483578 2014.840384 1977.031714 1959.317488 1969.557417 2008.164413 2065.142843 2147.096693 2203.400671 2236.958146 2258.776496 2283.441586 2380.032477 -9999.0 -9999.0 -9999.0 -9999.0 -9999.0 -9999.0 -9999.0 -9999.0 -9999.0 -9999.0 -9999.0 -9999.0 -9999.0 -9999.0
-9999.0 -9999.0 -9999.0 -9999.0 -9999.0 -9999.0 -9999.0 -9999.0 -9999.0 -9999.0 -9999.0 -9999.0 -9999.0 -9999.0 -9999.0 -9999.0 -9999.0 -9999.0 -9999.0 -9999.0 -9999.0 -9999.0 -9999.0 -9999.0 -9999.0 -9999.0 -9999.0 -9999.0 -9999.0 -9999.0 -9999.0 -9999.0 -9999.0 -9999.0 -9999.0 -9999.0 -9999.0 -9999.0 -9999.0 -9999.0 -9999.0 -9999.0 -9999.0 -9999.0 -9999.0 -9999.0 -9999.0 -9999.0 -9999.0 -9999.0 -9999.0 -9999.0 -9999.0 -9999.0 -9999.0 -9999.0 -9999.0 -9999.0 -9999.0 -9999.0 -9999.0 -9999.0 -9999.0 -9999.0 -9999.0 -9999.0 -9999.0 -9999.0 -9999.0 -9999.0 -9999.0 -9999.0 -9999.0 -9999.0 -9999.0 -9999.0 -9999.0 -9999.0 -9999.0 -9999.0
-9999.0 -9999.0 -9999.0 -9999.0 -9999.0 -9999.0 -9999.0 -9999.0 -9999.0 -9999.0 -9999.0 -9999.0 -9999.0 -9999.0 -9999.0 -9999.0 -9999.0 -9999.0 -9999.0 -9999.0 -9999.0 -9999.0 -9999.0 -9999.0 -9999.0 -9999.0 -9999.0 -9999.0 -9999.0 -9999.0 -9999.0 -9999.0 -9999.0 -9999.0 -9999.0 -9999.0 -9999.0 -9999.0 -9999.0 -9999.0 -9999.0 -9999.0 -9999.0 -9999.0 -9999.0 -9999.0 -9999.0 -9999.0 -9999.0 -9999.0 -9999.0 -9999.0 -9999.0 -9999.0 -9999.0 -9999.0 -9999.0 -9999.0 -9999.0 -9999.0 -9999.0 -9999.0 -9999.0 -9999.0 -9999.0 -9999.0 -9999.0 -9999.0 -9999.0 -9999.0 -9999.0 -9999.0 -9999.0 -9999.0 -9999.0 -9999.0 -9999.0 -9999.0 -9999.0 -9999.0