Borden_/Borden1m_014/output_maps/psiliqL0009N0021.asc
ncols         80
nrows         18
xllcorner     620200.000000
yllcorner     5168000.000000
cellsize      1.000000
NODATA_value  -9999.0
-9999.0 -9999.0 -9999.0 -9999.0 -9999.0 -9999.0 -9999.0 -9999.0 -9999.0 -9999.0 -9999.0 -9999.0 -9999.0 -9999.0 -9999.0 -9999.0 -9999.0 -9999.0 -9999.0 -9999.0 -9999.0 -9999.0 -9999.0 -9999.0 -9999.0 -9999.0 -9999.0 -9999.0 -9999.0 -9999.0 -9999.0 -9999.0 -9999.0 -9999.0 -9999.0 -9999.0 -9999.0 -9999.0 -9999.0 -9999.0 -9999.0 -9999.0 -9999.0 -9999.0 -9999.0 -9999.0 -9999.0 -9999.0 -9999.0 -9999.0 -9999.0 -9999.0 -9999.0 -9999.0 -9999.0 -9999.0 -9999.0 -9999.0 -9999.0 -9999.0 -9999.0 -9999.0 -9999.0 -9999.0 -9999.0 -9999.0 -9999.0 -9999.0 -9999.0 -9999.0 -9999.0 -9999.0 -9999.0 -9999.0 -9999.0 -9999.0 -9999.0 -9999.0 -9999.0 -9999.0
-9999.0 -9999.0 -9999.0 -9999.0 -9999.0 -9999.0 -9999.0 -9999.0 -9999.0 -9999.0 -9999.0 -9999.0 -9999.0 -9999.0 -9999.0 -9999.0 -9999.0 -9999.0 -9999.0 -9999.0 -9999.0 -9999.0 -9999.0 -9999.0 -9999.0 -9999.0 -9999.0 -9999.0 -9999.0 -9999.0 -9999.0 -9999.0 -9999.0 -9999.0 -9999.0 -9999.0 -9999.0 -9999.0 -9999.0 -9999.0 -9999.0 -9999.0 -9999.0 -9999.0 -9999.0 -9999.0 -9999.0 -9999.0 -9999.0 -9999.0 -9999.0 -9999.0 -9999.0 -9999.0 -9999.0 -9999.0 -9999.0 -9999.0 -9999.0 -9999.0 -9999.0 -9999.0 -9999.0 -9999.0 -9999.0 -9999.0 -9999.0 -9999.0 -9999.0 -9999.0 -9999.0 -9999.0 -9999.0 -9999.0 -9999.0 -9999.0 -9999.0 -9999.0 -9999.0 -9999.0
-9999.0 -9999.0 -9999.0 -9999.0 -9999.0 -9999.0 -9999.0 -9999.0 -9999.0 -9999.0 -9999.0 -9999.0 -9999.0 -9999.0 -9999.0 -9999.0 -9999.0 -9999.0 -9999.0 -9999.0 -66.635307 -63.624234 -86.145321 -120.049204 -148.365472 -146.200944 -110.848725 -69.388165 -31.140215 -20.290650 -37.851281 -35.844438 -40.411873 -40.314679 -37.054695 -30.738344 -27.715401 -16.138413 -7.488021 -7.555832 -13.533743 -18.988138 -19.747829 -16.145867 -11.133946 -20.592796 -7.277588 7.908463 13.917024 8.258083 -19.685075 -36.069804 -44.929525 -60.058148 -36.091533 -24.010958 -1.337543 2.720000 1.191663 -26.010711 -56.154027 -9999.0 -9999.0 -9999.0 -9999.0 -9999.0 -9999.0 -9999.0 -9999.0 -9999.0 -9999.0 -9999.0 -9999.0 -9999.0 -9999.0 -9999.0 -9999.0 -9999.0 -9999.0 -9999.0
-9999.0 -9999.0 -9999.0 -9999.0 -9999.0 -9999.0 -9999.0 -9999.0 -9999.0 -9999.0 -9999.0 -9999.0 -9999.0 -9999.0 -157.703274 -167.785576 -170.729876 -162.068581 -128.006284 -97.746288 -85.102543 -92.546727 -92.421162 -115.770360 -135.790888 -121.272484 -91.391631 -59.462776 -24.459269 -2.985195 -14.677729 -16.564790 -5.224180 23.067631 38.357036 36.141289 15.012080 38.038767 54.813325 64.914755 64.617967 56.453358 71.730281 88.729328 82.008084 63.401408 66.085848 77.482977 91.534346 75.157623 8.588397 -13.663878 -18.323350 -26.070158 -40.277112 -47.316422 -22.901599 -22.399761 -30.957805 -49.123234 -81.548001 -125.780859 -143.906517 -105.353600 -61.028336 -3.227680 -9999.0 -9999.0 -9999.0 -9999.0 -9999.0 -9999.0 -9999.0 -9999.0 -9999.0 -9999.0 -9999.0 -9999.0 -9999.0 -9999.0
-9999.0 -9999.0 -9999.0 -9999.0 -9999.0 -9999.0 -9999.0 -9999.0 -9999.0 -214.835815 -211.136161 -204.065641 -202.244309 -186.598884 -188.381406 -181.347556 -173.395220 -146.833661 -115.280822 -79.734081 -50.561957 -59.974899 -59.014466 -46.148288 -38.536488 -24.729049 -2.673636 39.799239 85.498013 131.573241 105.646941 105.813920 128.442735 180.838254 221.060874 232.358733 211.792118 216.241306 243.625534 271.390272 274.056431 273.948750 302.743747 319.710345 325.677555 301.550297 278.447039 275.186761 302.427120 244.661107 174.709694 117.035976 112.964668 76.591456 32.278700 8.378874 4.272041 25.034679 8.513033 -29.949259 -66.993305 -77.142282 -94.192987 -78.041268 -55.640403 -8.888434 29.681433 58.297612 58.415390 41.034431 -9999.0 -9999.0 -9999.0 -9999.0 -9999.0 -9999.0 -9999.0 -9999.0 -9999.0 -9999.0
-9999.0 -9999.0 -9999.0 -9999.0 -9999.0 -9999.0 -293.278414 -284.484580 -264.831138 -259.497937 -235.172894 -227.722416 -207.204441 -187.727826 -166.745320 -149.359421 -117.887745 -84.397953 -41.655166 3.965189 38.058372 35.321165 48.216598 87.332551 136.451992 171.913641 199.110419 244.039522 337.910161 399.010739 420.111024 431.997360 447.527849 491.299850 551.673051 576.254320 546.570750 528.537936 545.654860 582.616805 605.195688 609.971476 619.156256 628.287533 653.496027 641.962985 587.531820 566.719059 561.651873 549.902588 498.908758 437.914645 381.483682 312.935151 218.419991 155.718026 153.729130 165.855925 129.312690 70.704228 25.280609 12.821062 -3.427967 -18.684511 -14.003987 4.866294 27.793989 38.970087 26.328548 5.633074 -17.387697 -46.131963 -44.479457 -19.136675 -9999.0 -9999.0 -9999.0 -9999.0 -9999.0 -9999.0
-9999.0 -9999.0 -9999.0 -9999.0 -342.945437 -330.601746 -342.462628 -318.798713 -286.877700 -253.728890 -221.385876 -183.820437 -156.266034 -125.679204 -82.773669 -43.443798 2.358544 41.358825 103.160912 178.882945 237.015545 269.488409 295.101669 377.669630 453.933296 505.656547 523.569799 549.373682 594.928195 669.889535 699.962738 711.448809 729.439268 760.408511 801.842206 835.099194 816.409723 807.017249 811.741803 822.284810 849.002110 851.443843 853.497495 854.844960 857.621764 856.567961 831.575639 798.920802 786.185107 777.823011 753.678516 688.521710 630.399774 593.113687 564.371660 520.732513 456.969650 428.509611 352.210840 278.647789 203.202896 173.137949 135.193465 103.538033 69.297746 67.667233 68.952310 48.039102 16.563049 -15.722917 -30.802164 -49.515144 -59.840189 -30.063001 -12.427274 18.477867 -9999.0 -9999.0 -9999.0 -9999.0
-9999.0 -9999.0 -401.052130 -351.259308 -295.336230 -286.818439 -284.863049 -279.833655 -252.848212 -201.809802 -122.316535 -68.047777 -21.495600 12.822115 79.047592 170.661873 255.619227 318.873229 398.863587 473.608602 532.491772 568.972504 602.045884 646.357785 698.536807 753.872070 776.183317 801.191485 830.362744 863.644060 884.938847 900.913038 907.889370 906.481737 908.325599 908.057320 903.538858 896.869117 878.734984 875.655462 883.271471 887.013604 889.924925 877.415145 873.512846 885.796156 888.214583 888.191114 889.366162 897.810232 905.364503 871.668558 821.595276 804.709685 796.490512 758.042029 697.135659 641.961370 611.935837 569.495940 496.670733 444.124296 377.337873 305.923385 239.273115 197.450282 144.054163 99.302029 51.672264 5.192655 -18.767904 -37.458351 -39.968328 -39.634960 -23.692632 -8.130152 7.262398 15.070444 -9999.0 -9999.0
-9999.0 -500.331866 -427.804202 -300.178189 -221.175879 -175.753623 -135.380236 -106.291909 -80.456823 -62.317927 50.665619 162.802330 261.488988 304.522171 377.751833 485.083934 585.921770 632.058901 669.217739 718.442883 772.785301 817.471782 847.301222 874.061165 903.081512 906.330877 905.915925 906.775761 900.730031 893.789572 884.467376 891.062765 888.955909 872.352173 858.520536 856.057199 849.130504 821.477863 791.941337 777.165713 780.399388 801.358712 790.865934 771.235460 767.566868 786.891818 805.032707 798.090064 786.512783 807.464010 841.974605 862.852777 876.855819 891.334097 911.522878 889.132336 857.652588 816.249803 794.950787 766.794913 703.862508 641.955821 586.007417 523.537344 457.819629 374.360337 290.666671 220.033184 147.249274 103.233755 69.529501 15.964773 -8.200034 -7.493969 -17.097724 -19.878752 -13.483956 -7.098456 -9999.0 -9999.0
-9999.0 -572.924066 -429.620171 -243.466833 -95.315448 -30.636030 92.300465 179.918307 211.826629 190.892559 320.734529 558.353174 645.056583 660.863366 729.473778 809.377150 845.244925 874.551420 893.606840 894.109475 894.644929 900.591570 898.586329 892.133255 878.205849 870.204108 868.905348 865.509782 846.491126 827.181237 809.348620 802.619755 787.976679 750.975766 721.587377 706.185643 687.700875 651.331920 609.930123 580.458686 566.373196 583.724619 575.068570 558.306009 554.799961 577.017740 610.696354 608.610886 619.296808 646.063746 688.655354 734.027847 757.389038 786.068882 821.332949 864.730804 883.155259 903.289668 907.887646 885.508908 842.033474 793.444071 760.209964 692.915096 621.473632 543.668517 483.071245 423.984920 337.946643 273.939617 215.469639 149.598750 86.155058 55.168268 14.238971 -7.194625 -9999.0 -9999.0 -9999.0 -9999.0
-9999.0 -640.032752 -448.950448 -183.090111 81.371567 221.619352 443.035431 576.171980 652.170724 697.643623 729.128791 842.558174 867.314948 859.522855 846.976358 849.133603 863.311804 867.480666 864.394933 855.517341 846.534599 840.579019 839.224082 831.233129 817.912822 801.876909 788.226119 773.571335 727.864596 694.024855 661.195189 641.956813 603.491678 519.103610 481.502352 449.829918 385.165066 366.695840 347.067166 307.462328 283.230212 265.150153 285.065104 285.421142 286.491129 296.179570 322.970880 351.526903 407.310382 452.339524 495.477674 546.094866 581.791068 628.507707 677.794817 739.956132 771.837305 801.770023 845.601955 886.454432 908.806402 900.532333 871.792898 829.734470 763.036045 692.628821 647.383597 583.383659 519.352908 466.565169 419.264978 349.927510 258.711746 149.331134 103.238437 -9999.0 -9999.0 -9999.0 -9999.0 -9999.0
-9999.0 -796.995592 -529.476349 -232.419664 103.330769 440.894117 559.659263 722.722335 797.058199 738.466062 714.893033 743.025031 779.744654 787.197320 768.553487 762.871623 755.395096 756.074745 769.369648 744.310800 710.759851 694.139210 691.565953 677.040652 650.133185 628.820009 612.993887 590.981684 542.281924 496.810650 422.577451 385.559613 292.091770 217.470281 167.854582 116.931970 60.856232 56.219322 69.915243 51.472162 28.000460 8.785474 34.497827 50.269932 61.499015 52.254081 62.690627 99.984160 152.609981 199.836913 255.411147 321.738477 384.766470 449.672322 484.994227 535.495484 582.209010 632.913301 707.717439 790.769522 825.511958 861.616963 897.920109 914.306046 868.375651 820.850334 776.298154 727.040789 642.674035 590.575738 559.177768 515.434655 458.320139 -9999.0 -9999.0 -9999.0 -9999.0 -9999.0 -9999.0 -9999.0
-9999.0 -930.153071 -699.813637 -453.362979 -152.458245 90.985448 288.200758 422.017052 511.133465 502.290691 512.209073 538.124402 565.439192 586.260152 565.879866 533.811822 510.662737 515.403953 515.309553 493.818934 466.942900 452.775074 450.064396 438.571037 403.277069 379.374404 361.185027 328.606373 281.857110 219.717072 133.803329 61.145610 -4.752014 -42.017125 -73.152359 -107.221596 -146.954318 -136.883809 -122.741982 -127.658291 -140.211405 -144.745373 -115.117007 -96.716585 -86.686019 -99.623521 -80.966395 -53.690741 -11.325110 31.389242 80.633258 137.126754 194.027594 229.809802 250.264720 286.702205 343.385978 420.394047 509.551710 606.210449 683.276308 739.512352 791.801034 825.947705 843.026738 863.333086 850.397545 789.745710 687.715444 664.824667 640.242527 -9999.0 -9999.0 -9999.0 -9999.0 -9999.0 -9999.0 -9999.0 -9999.0 -9999.0
-9999.0 -9999.0 -936.286688 -747.318812 -589.627613 -404.009489 -252.151496 -141.474249 -63.953229 28.120136 119.211768 194.841470 237.200327 254.913725 236.431287 195.792756 170.082756 170.287662 161.137121 147.413811 123.169366 113.029709 102.326051 92.760121 77.131042 67.744677 60.528136 47.242950 22.450969 -26.013303 -79.459514 -132.769312 -188.345154 -213.971561 -236.155001 -258.905029 -262.492666 -264.404959 -257.642934 -256.484884 -251.157620 -239.477704 -218.771523 -197.440355 -188.066946 -181.005417 -168.452481 -144.706090 -111.392216 -70.268775 -17.881407 38.162670 77.007821 89.931212 81.622789 89.537606 115.509940 166.865277 264.199432 377.539307 481.866108 554.757888 631.055896 686.889576 712.925737 737.076711 769.515229 737.193655 478.802804 643.014050 -9999.0 -9999.0 -9999.0 -9999.0 -9999.0 -9999.0 -9999.0 -9999.0 -9999.0 -9999.0
-9999.0 -9999.0 -9999.0 -9999.0 -890.453819 -734.150773 -641.075249 -559.654875 -438.552384 -328.078265 -236.251567 -159.670597 -106.434193 -82.940772 -93.783213 -98.813593 -106.871129 -110.703025 -119.462387 -124.940478 -130.681667 -138.933740 -150.870227 -158.909250 -160.019384 -156.818981 -159.203581 -172.649418 -188.939567 -216.131729 -240.097119 -275.355489 -312.503567 -341.804452 -354.863572 -361.721123 -361.407796 -366.896478 -357.267136 -350.834873 -335.890709 -320.405866 -296.374730 -268.113710 -255.590406 -241.483647 -231.855464 -211.117820 -181.188202 -128.439091 -66.374935 -10.863225 22.535484 25.561220 -1.094467 -17.282405 -20.345865 8.777244 58.900127 135.396152 247.455873 340.103086 427.509602 482.967952 519.237174 570.308900 640.127131 695.825602 -9999.0 -9999.0 -9999.0 -9999.0 -9999.0 -9999.0 -9999.0 -9999.0 -9999.0 -9999.0 -9999.0 -9999.0
-9999.0 -9999.0 -9999.0 -9999.0 -9999.0 -9999.0 -946.002940 -851.531459 -765.345462 -644.480109 -531.770929 -439.904095 -365.099619 -339.802074 -321.962554 -299.447346 -303.962347 -321.104535 -338.003151 -321.289749 -311.610211 -316.683084 -344.638853 -346.147270 -342.580278 -333.141148 -334.301441 -340.348197 -365.221874 -356.818496 -358.097510 -381.170095 -407.212333 -421.471972 -432.884148 -422.737855 -421.786691 -434.229599 -431.745527 -405.576457 -385.793741 -372.289677 -349.704520 -316.520576 -284.605589 -270.432072 -269.581000 -263.502172 -222.242095 -152.155528 -82.178291 -29.380914 0.693057 7.250433 -22.048989 -63.782000 -86.084805 -80.078340 -45.880060 8.079491 87.456342 142.053539 180.281266 207.480582 241.057675 350.744731 -9999.0 -9999.0 -9999.0 -9999.0 -9999.0 -9999.0 -9999.0 -9999.0 -9999.0 -9999.0 -9999.0 -9999.0 -9999.0 -9999.0
-9999.0 -9999.0 -9999.0 -9999.0 -9999.0 -9999.0 -9999.0 -9999.0 -9999.0 -9999.0 -9999.0 -9999.0 -9999.0 -9999.0 -9999.0 -9999.0 -9999.0 -9999.0 -9999.0 -9999.0 -9999.0 -9999.0 -9999.0 -9999.0 -9999.0 -9999.0 -9999.0 -9999.0 -9999.0 -9999.0 -9999.0 -9999.0 -9999.0 -9999.0 -9999.0 -9999.0 -9999.0 -9999.0 -9999.0 -9999.0 -9999.0 -9999.0 -9999.0 -9999.0 -9999.0 -9999.0 -9999.0 -9999.0 -9999.0 -9999.0 -9999.0 -9999.0 -9999.0 -9999.0 -9999.0 -9999.0 -9999.0 -9999.0 -9999.0 -9999.0 -9999.0 -9999.0 -9999.0 -9999.0 -9999.0 -9999.0 -9999.0 -9999.0 -9999.0 -9999.0 -9999.0 -9999.0 -9999.0 -9999.0 -9999.0 -9999.0 -9999.0 -9999.0 -9999.0 -9999.0
-9999.0 -9999.0 -9999.0 -9999.0 -9999.0 -9999.0 -9999.0 -9999.0 -9999.0 -9999.0 -9999.0 -9999.0 -9999.0 -9999.0 -9999.0 -9999.0 -9999.0 -9999.0 -9999.0 -9999.0 -9999.0 -9999.0 -9999.0 -9999.0 -9999.0 -9999.0 -9999.0 -9999.0 -9999.0 -9999.0 -9999.0 -9999.0 -9999.0 -9999.0 -9999.0 -9999.0 -9999.0 -9999.0 -9999.0 -9999.0 -9999.0 -9999.0 -9999.0 -9999.0 -9999.0 -9999.0 -9999.0 -9999.0 -9999.0 -9999.0 -9999.0 -9999.0 -9999.0 -9999.0 -9999.0 -9999.0 -9999.0 -9999.0 -9999.0 -9999.0 -9999.0 -9999.0 -9999.0 -9999.0 -9999.0 -9999.0 -9999.0 -9999.0 -9999.0 -9999.0 -9999.0 -9999.0 -9999.0 -9999.0 -9999.0 -9999.0 -9999.0 -9999.0 -9999.0 -9999.0