Borden_/Borden1m_014/output_maps/psiliqL0009N0011.asc
ncols         80
nrows         18
xllcorner     620200.000000
yllcorner     5168000.000000
cellsize      1.000000
NODATA_value  -9999.0
-9999.0 -9999.0 -9999.0 -9999.0 -9999.0 -9999.0 -9999.0 -9999.0 -9999.0 -9999.0 -9999.0 -9999.0 -9999.0 -9999.0 -9999.0 -9999.0 -9999.0 -9999.0 -9999.0 -9999.0 -9999.0 -9999.0 -9999.0 -9999.0 -9999.0 -9999.0 -9999.0 -9999.0 -9999.0 -9999.0 -9999.0 -9999.0 -9999.0 -9999.0 -9999.0 -9999.0 -9999.0 -9999.0 -9999.0 -9999.0 -9999.0 -9999.0 -9999.0 -9999.0 -9999.0 -9999.0 -9999.0 -9999.0 -9999.0 -9999.0 -9999.0 -9999.0 -9999.0 -9999.0 -9999.0 -9999.0 -9999.0 -9999.0 -9999.0 -9999.0 -9999.0 -9999.0 -9999.0 -9999.0 -9999.0 -9999.0 -9999.0 -9999.0 -9999.0 -9999.0 -9999.0 -9999.0 -9999.0 -9999.0 -9999.0 -9999.0 -9999.0 -9999.0 -9999.0 -9999.0
-9999.0 -9999.0 -9999.0 -9999.0 -9999.0 -9999.0 -9999.0 -9999.0 -9999.0 -9999.0 -9999.0 -9999.0 -9999.0 -9999.0 -9999.0 -9999.0 -9999.0 -9999.0 -9999.0 -9999.0 -9999.0 -9999.0 -9999.0 -9999.0 -9999.0 -9999.0 -9999.0 -9999.0 -9999.0 -9999.0 -9999.0 -9999.0 -9999.0 -9999.0 -9999.0 -9999.0 -9999.0 -9999.0 -9999.0 -9999.0 -9999.0 -9999.0 -9999.0 -9999.0 -9999.0 -9999.0 -9999.0 -9999.0 -9999.0 -9999.0 -9999.0 -9999.0 -9999.0 -9999.0 -9999.0 -9999.0 -9999.0 -9999.0 -9999.0 -9999.0 -9999.0 -9999.0 -9999.0 -9999.0 -9999.0 -9999.0 -9999.0 -9999.0 -9999.0 -9999.0 -9999.0 -9999.0 -9999.0 -9999.0 -9999.0 -9999.0 -9999.0 -9999.0 -9999.0 -9999.0
-9999.0 -9999.0 -9999.0 -9999.0 -9999.0 -9999.0 -9999.0 -9999.0 -9999.0 -9999.0 -9999.0 -9999.0 -9999.0 -9999.0 -9999.0 -9999.0 -9999.0 -9999.0 -9999.0 -9999.0 -68.633482 -65.675154 -88.397659 -122.545730 -151.014174 -149.008417 -113.787562 -72.334533 -34.271386 -23.864348 -41.845954 -40.021123 -44.552993 -44.083391 -40.188674 -33.223811 -29.656867 -17.738856 -9.064780 -9.355744 -15.657073 -21.439238 -22.541906 -19.161924 -14.137157 -23.321975 -9.613341 5.766808 11.767395 6.090932 -22.089740 -38.806503 -47.699901 -62.732815 -38.392727 -26.154090 -3.405619 0.688983 -0.755433 -27.912468 -58.110261 -9999.0 -9999.0 -9999.0 -9999.0 -9999.0 -9999.0 -9999.0 -9999.0 -9999.0 -9999.0 -9999.0 -9999.0 -9999.0 -9999.0 -9999.0 -9999.0 -9999.0 -9999.0 -9999.0
-9999.0 -9999.0 -9999.0 -9999.0 -9999.0 -9999.0 -9999.0 -9999.0 -9999.0 -9999.0 -9999.0 -9999.0 -9999.0 -9999.0 -159.352930 -169.538993 -172.655244 -164.233031 -130.407857 -100.212944 -87.500878 -95.086292 -95.159409 -118.868114 -139.152783 -124.684460 -94.721495 -62.877989 -28.559424 -8.180545 -20.651219 -22.928941 -11.456958 17.941138 34.925477 33.855131 13.844386 37.309909 53.799958 63.081013 61.859626 52.926780 67.153155 83.375366 76.497802 58.997196 63.172976 75.256469 89.200967 73.157671 5.966907 -17.470663 -22.022851 -29.163112 -42.929485 -49.899348 -25.454567 -24.941464 -33.347421 -51.404871 -83.919077 -128.323002 -146.337812 -107.572287 -62.941593 -4.901441 -9999.0 -9999.0 -9999.0 -9999.0 -9999.0 -9999.0 -9999.0 -9999.0 -9999.0 -9999.0 -9999.0 -9999.0 -9999.0 -9999.0
-9999.0 -9999.0 -9999.0 -9999.0 -9999.0 -9999.0 -9999.0 -9999.0 -9999.0 -215.901539 -212.289452 -205.364466 -203.733106 -188.305415 -190.264131 -183.460863 -175.806336 -149.610043 -118.360531 -82.815612 -53.459147 -63.121530 -62.644287 -50.406731 -42.987502 -28.059576 -5.316549 36.021054 77.955834 119.493422 90.956957 89.819033 113.046682 173.348706 223.602624 237.922144 221.962327 228.074318 253.798171 277.139657 275.113036 272.353679 296.135533 309.000607 313.267310 295.057394 280.817008 280.876364 306.399992 251.904034 177.468412 108.441209 104.736898 71.565321 29.491910 5.583728 0.254912 20.798500 4.958778 -32.905366 -69.923800 -80.087466 -97.065678 -80.577189 -57.831411 -10.764380 27.912097 56.659404 56.946971 39.703575 -9999.0 -9999.0 -9999.0 -9999.0 -9999.0 -9999.0 -9999.0 -9999.0 -9999.0 -9999.0
-9999.0 -9999.0 -9999.0 -9999.0 -9999.0 -9999.0 -294.390919 -285.664487 -266.051906 -260.798367 -236.561510 -229.327301 -209.091512 -189.996152 -169.455263 -152.530071 -121.504378 -88.505852 -46.216501 -0.532120 34.178058 31.055333 42.093325 77.759801 127.317444 173.976570 206.616044 247.882745 323.908989 365.603465 377.664411 385.858114 409.174131 511.322617 629.414629 658.086539 646.809352 636.327113 650.237883 675.156492 676.549679 674.730669 679.624139 684.801704 705.850551 701.808173 674.975293 666.996923 665.143253 650.813038 572.725915 422.486184 360.928324 307.849942 224.201767 158.750709 145.304175 155.320043 122.007660 66.456231 22.013601 8.953465 -7.112797 -21.886861 -16.814983 2.402585 25.624873 37.099546 24.755736 4.279096 -18.612936 -47.306607 -45.542658 -20.075928 -9999.0 -9999.0 -9999.0 -9999.0 -9999.0 -9999.0
-9999.0 -9999.0 -9999.0 -9999.0 -343.993016 -331.817932 -343.892798 -320.417338 -288.555425 -255.439416 -223.339198 -186.198447 -159.235934 -129.370408 -87.148064 -48.044611 -2.987440 33.580661 92.161890 170.560318 237.081396 269.048988 285.992276 351.672010 443.741699 581.141065 625.653785 648.119313 673.425169 713.819718 730.932755 735.147656 752.624090 791.175408 839.686719 870.396643 860.463879 857.773713 860.926769 865.774624 882.138900 880.567252 880.670357 880.867379 882.880180 885.191523 872.080721 850.600359 843.170309 836.417941 810.602544 738.842458 703.201438 683.084852 660.172664 597.190952 449.588212 402.613495 337.792447 278.894394 205.593357 165.844140 127.275266 97.722400 64.219289 63.435822 65.590617 45.431941 14.601839 -17.305859 -32.215709 -50.850694 -61.059034 -31.067258 -13.287242 17.708094 -9999.0 -9999.0 -9999.0 -9999.0
-9999.0 -9999.0 -401.656347 -352.160272 -296.468310 -288.279586 -286.740781 -282.045132 -255.141129 -204.326393 -125.449589 -71.188512 -25.699331 6.390181 69.712464 165.085218 248.584499 300.937381 369.198679 477.562769 606.101679 652.962949 666.496513 694.813716 742.030648 806.538057 831.883846 849.254849 865.511082 883.284876 898.050745 911.468205 918.133053 918.682989 922.163873 922.834820 922.564232 921.650378 906.981285 904.599185 910.059880 911.996121 914.774938 903.035222 899.252822 911.672331 915.687335 918.523120 921.404032 928.591722 933.685550 899.865032 862.066151 854.170292 850.281169 812.480677 747.638467 710.579939 697.024389 665.077681 576.818247 439.780242 360.887740 298.468444 229.085830 188.405642 137.633573 94.683474 48.703006 3.136979 -20.551342 -39.119195 -41.433545 -40.849074 -24.661397 -8.917181 6.616821 14.497185 -9999.0 -9999.0
-9999.0 -500.648667 -428.391497 -301.222439 -222.334897 -177.329561 -137.446199 -108.544585 -83.094570 -65.391043 45.789020 161.606341 254.936273 288.906653 353.458191 523.227830 639.948535 680.118138 709.437600 758.555292 817.055618 854.637685 873.130160 892.747613 920.418661 926.108509 927.085439 927.487534 919.739072 910.096234 899.191040 905.760095 904.208123 888.867216 875.265865 873.573570 872.283988 858.381403 841.567048 834.029054 837.700959 855.275752 847.019852 832.154507 829.204968 843.938983 856.400518 849.836595 840.624298 853.495265 878.828177 893.829498 908.027997 922.310214 940.628209 915.964212 886.339986 857.353180 847.749207 830.439853 786.483352 724.553333 676.295236 604.659430 461.520096 357.879822 277.425887 209.817845 141.986201 100.367187 66.723504 13.386514 -10.396617 -9.101562 -18.299486 -20.788348 -14.159832 -7.677995 -9999.0 -9999.0
-9999.0 -573.137282 -430.299299 -244.544935 -96.528448 -30.885316 97.179624 186.118802 212.725916 190.765654 309.948260 600.803023 692.667833 701.993315 756.997009 835.020295 867.435727 893.964802 910.829913 910.511576 911.391588 916.162428 911.741622 904.556029 892.456517 888.238599 890.484227 891.551733 880.998829 866.795477 850.425935 847.704147 835.373169 800.373244 760.277678 739.938205 728.910348 716.941529 695.177722 678.634794 669.745165 685.874366 679.138063 665.892440 662.336080 678.444459 702.715063 696.391443 701.198419 720.735540 760.680578 801.530466 819.905844 839.934663 864.365246 895.458412 910.396152 930.983513 936.173060 916.006419 883.317745 846.468750 826.453654 780.991667 711.673065 630.473770 512.608286 413.034155 332.808312 276.035560 210.882448 143.514616 80.939258 52.357762 12.531796 -8.329081 -9999.0 -9999.0 -9999.0 -9999.0
-9999.0 -640.152438 -449.686978 -184.262718 81.560902 233.024603 525.897139 655.835942 700.778043 750.987098 764.324928 876.616554 899.914733 889.491686 874.612040 876.069883 887.807960 889.926530 884.402702 874.735070 867.424479 864.693311 863.878844 859.518289 852.975138 845.233776 839.594960 835.415604 810.939734 781.398841 734.929007 717.713396 686.837131 591.326321 482.548542 416.603272 350.832582 342.973912 334.305447 306.505618 288.637496 272.908594 291.863014 292.624358 293.082640 299.060409 318.043239 338.018134 383.838471 433.955017 522.800710 630.162746 671.525227 708.032156 749.477989 804.543093 830.102141 851.377325 884.939087 914.985186 935.222824 927.707862 903.588360 875.915382 828.413098 783.453599 743.227612 686.812080 637.287909 566.970391 433.285162 337.398566 244.092649 144.048251 100.545518 -9999.0 -9999.0 -9999.0 -9999.0 -9999.0
-9999.0 -797.008126 -529.996077 -233.745921 107.738049 505.264705 641.831500 764.021194 834.843904 797.740680 794.785901 811.758774 840.779887 843.986398 829.333501 827.003936 820.507284 818.351668 823.065402 787.989177 753.595357 739.571010 739.204434 730.870238 714.728849 704.451408 698.537117 687.390458 648.383917 579.297771 411.482705 365.210982 286.114990 216.685242 158.114960 103.284926 49.574261 47.733899 64.014314 48.149930 26.279030 7.792107 33.452161 49.159743 60.068424 49.837638 58.457098 93.294160 142.599924 187.847211 245.326547 311.845667 364.541101 426.987612 494.862306 614.468762 672.677654 714.596256 786.433045 845.874021 868.104448 893.140075 925.312579 943.514313 903.932219 870.469358 842.326515 811.295350 761.651892 729.214508 685.501809 606.155517 457.895087 -9999.0 -9999.0 -9999.0 -9999.0 -9999.0 -9999.0 -9999.0
-9999.0 -930.153396 -699.897570 -454.668603 -154.527655 91.945238 276.450286 422.109540 570.421960 604.823789 629.495945 652.207790 673.303198 689.924286 673.656805 647.164028 626.124208 625.922894 606.795669 525.724018 446.086856 414.394412 409.691857 400.088740 370.807854 354.553196 344.045263 321.580220 284.524454 222.643038 126.340653 53.224240 -9.811071 -46.286193 -78.515765 -112.872210 -151.880186 -141.014082 -126.144977 -130.491499 -142.707341 -147.055335 -117.187688 -98.641867 -88.660035 -102.087195 -83.765840 -57.015396 -15.472722 26.242002 74.696347 130.068195 183.608227 216.126904 239.100051 282.122332 333.180033 411.233332 582.615527 687.310709 755.657996 803.215238 843.685355 869.902982 883.807651 906.502014 896.204566 840.654894 760.493351 782.636261 786.355097 -9999.0 -9999.0 -9999.0 -9999.0 -9999.0 -9999.0 -9999.0 -9999.0 -9999.0
-9999.0 -9999.0 -936.287047 -747.382011 -590.389389 -407.633969 -257.863779 -149.711877 -65.715825 33.631980 131.205059 208.587999 248.669284 264.485739 247.672327 208.864992 182.105852 179.767037 164.977644 140.533814 108.524970 96.222216 85.930046 77.978698 64.982400 58.073639 53.068081 42.118365 19.226864 -29.002715 -83.645514 -137.034245 -191.945813 -217.159978 -239.228806 -261.858615 -265.120761 -266.762884 -259.735148 -258.384015 -252.892892 -241.086714 -220.325094 -199.024680 -189.749807 -182.858325 -170.567560 -147.183480 -114.254054 -73.381158 -21.168399 34.261204 72.058065 84.011465 75.562698 83.696924 108.230790 158.206444 259.662072 361.564115 496.747747 629.358023 707.809363 761.148941 792.045519 814.139536 835.258735 786.302539 513.005669 718.202351 -9999.0 -9999.0 -9999.0 -9999.0 -9999.0 -9999.0 -9999.0 -9999.0 -9999.0 -9999.0
-9999.0 -9999.0 -9999.0 -9999.0 -890.459503 -734.331650 -641.825749 -561.517073 -442.673690 -333.635958 -239.318884 -162.392635 -108.702449 -84.954803 -96.288858 -101.756894 -110.613069 -115.229442 -125.029980 -131.691365 -138.041589 -146.249603 -157.770770 -165.214421 -165.624440 -161.771152 -163.550627 -176.412843 -192.206026 -219.125296 -242.979319 -278.193012 -315.260149 -344.342271 -357.130279 -363.757457 -363.268076 -368.620155 -358.922172 -352.449874 -337.472566 -321.948234 -297.822359 -269.438819 -256.918180 -242.858471 -233.358534 -212.810016 -183.185068 -130.801376 -68.827532 -13.446701 19.547216 22.201007 -4.656638 -21.125105 -24.784316 3.575074 52.582988 125.470280 235.746338 324.942350 405.251316 496.626039 608.001226 676.256981 754.409459 785.485508 -9999.0 -9999.0 -9999.0 -9999.0 -9999.0 -9999.0 -9999.0 -9999.0 -9999.0 -9999.0 -9999.0 -9999.0
-9999.0 -9999.0 -9999.0 -9999.0 -9999.0 -9999.0 -946.005561 -851.553460 -765.520100 -645.325888 -534.012481 -443.518490 -369.760171 -344.832352 -327.120312 -304.444868 -309.279069 -326.761885 -343.699868 -326.846886 -316.936704 -321.727094 -349.316782 -350.498616 -346.677541 -337.002095 -337.936074 -343.741691 -368.333663 -359.680668 -360.677013 -383.381488 -409.041556 -423.029911 -434.244095 -424.016064 -422.974979 -435.308166 -432.792600 -406.680967 -386.954598 -373.502679 -350.987693 -317.817795 -285.842206 -271.690757 -270.957692 -265.020470 -223.856370 -154.087141 -84.282331 -31.538500 -1.677798 4.628627 -24.938896 -67.244678 -90.246986 -84.828962 -51.015608 1.921277 79.306519 131.787074 167.847644 200.098341 244.873070 348.338681 -9999.0 -9999.0 -9999.0 -9999.0 -9999.0 -9999.0 -9999.0 -9999.0 -9999.0 -9999.0 -9999.0 -9999.0 -9999.0 -9999.0
-9999.0 -9999.0 -9999.0 -9999.0 -9999.0 -9999.0 -9999.0 -9999.0 -9999.0 -9999.0 -9999.0 -9999.0 -9999.0 -9999.0 -9999.0 -9999.0 -9999.0 -9999.0 -9999.0 -9999.0 -9999.0 -9999.0 -9999.0 -9999.0 -9999.0 -9999.0 -9999.0 -9999.0 -9999.0 -9999.0 -9999.0 -9999.0 -9999.0 -9999.0 -9999.0 -9999.0 -9999.0 -9999.0 -9999.0 -9999.0 -9999.0 -9999.0 -9999.0 -9999.0 -9999.0 -9999.0 -9999.0 -9999.0 -9999.0 -9999.0 -9999.0 -9999.0 -9999.0 -9999.0 -9999.0 -9999.0 -9999.0 -9999.0 -9999.0 -9999.0 -9999.0 -9999.0 -9999.0 -9999.0 -9999.0 -9999.0 -9999.0 -9999.0 -9999.0 -9999.0 -9999.0 -9999.0 -9999.0 -9999.0 -9999.0 -9999.0 -9999.0 -9999.0 -9999.0 -9999.0
-9999.0 -9999.0 -9999.0 -9999.0 -9999.0 -9999.0 -9999.0 -9999.0 -9999.0 -9999.0 -9999.0 -9999.0 -9999.0 -9999.0 -9999.0 -9999.0 -9999.0 -9999.0 -9999.0 -9999.0 -9999.0 -9999.0 -9999.0 -9999.0 -9999.0 -9999.0 -9999.0 -9999.0 -9999.0 -9999.0 -9999.0 -9999.0 -9999.0 -9999.0 -9999.0 -9999.0 -9999.0 -9999.0 -9999.0 -9999.0 -9999.0 -9999.0 -9999.0 -9999.0 -9999.0 -9999.0 -9999.0 -9999.0 -9999.0 -9999.0 -9999.0 -9999.0 -9999.0 -9999.0 -9999.0 -9999.0 -9999.0 -9999.0 -9999.0 -9999.0 -9999.0 -9999.0 -9999.0 -9999.0 -9999.0 -9999.0 -9999.0 -9999.0 -9999.0 -9999.0 -9999.0 -9999.0 -9999.0 -9999.0 -9999.0 -9999.0 -9999.0 -9999.0 -9999.0 -9999.0