Borden_/Borden1m_014/output_maps/psiliqL0030N0020.asc
ncols         80
nrows         18
xllcorner     620200.000000
yllcorner     5168000.000000
cellsize      1.000000
NODATA_value  -9999.0
-9999.0 -9999.0 -9999.0 -9999.0 -9999.0 -9999.0 -9999.0 -9999.0 -9999.0 -9999.0 -9999.0 -9999.0 -9999.0 -9999.0 -9999.0 -9999.0 -9999.0 -9999.0 -9999.0 -9999.0 -9999.0 -9999.0 -9999.0 -9999.0 -9999.0 -9999.0 -9999.0 -9999.0 -9999.0 -9999.0 -9999.0 -9999.0 -9999.0 -9999.0 -9999.0 -9999.0 -9999.0 -9999.0 -9999.0 -9999.0 -9999.0 -9999.0 -9999.0 -9999.0 -9999.0 -9999.0 -9999.0 -9999.0 -9999.0 -9999.0 -9999.0 -9999.0 -9999.0 -9999.0 -9999.0 -9999.0 -9999.0 -9999.0 -9999.0 -9999.0 -9999.0 -9999.0 -9999.0 -9999.0 -9999.0 -9999.0 -9999.0 -9999.0 -9999.0 -9999.0 -9999.0 -9999.0 -9999.0 -9999.0 -9999.0 -9999.0 -9999.0 -9999.0 -9999.0 -9999.0
-9999.0 -9999.0 -9999.0 -9999.0 -9999.0 -9999.0 -9999.0 -9999.0 -9999.0 -9999.0 -9999.0 -9999.0 -9999.0 -9999.0 -9999.0 -9999.0 -9999.0 -9999.0 -9999.0 -9999.0 -9999.0 -9999.0 -9999.0 -9999.0 -9999.0 -9999.0 -9999.0 -9999.0 -9999.0 -9999.0 -9999.0 -9999.0 -9999.0 -9999.0 -9999.0 -9999.0 -9999.0 -9999.0 -9999.0 -9999.0 -9999.0 -9999.0 -9999.0 -9999.0 -9999.0 -9999.0 -9999.0 -9999.0 -9999.0 -9999.0 -9999.0 -9999.0 -9999.0 -9999.0 -9999.0 -9999.0 -9999.0 -9999.0 -9999.0 -9999.0 -9999.0 -9999.0 -9999.0 -9999.0 -9999.0 -9999.0 -9999.0 -9999.0 -9999.0 -9999.0 -9999.0 -9999.0 -9999.0 -9999.0 -9999.0 -9999.0 -9999.0 -9999.0 -9999.0 -9999.0
-9999.0 -9999.0 -9999.0 -9999.0 -9999.0 -9999.0 -9999.0 -9999.0 -9999.0 -9999.0 -9999.0 -9999.0 -9999.0 -9999.0 -9999.0 -9999.0 -9999.0 -9999.0 -9999.0 -9999.0 4125.027928 4125.473020 4103.914312 4069.588295 4041.142748 4042.732646 4074.992604 4115.309437 4154.114104 4160.523312 4140.880579 4144.947020 4140.397518 4134.671198 4134.012792 4141.942920 4149.271042 4158.425451 4164.892757 4161.977999 4154.219647 4149.256869 4152.640431 4153.781907 4160.343756 4144.603137 4161.235232 4177.830639 4182.270957 4180.165651 4157.295972 4146.392653 4138.668342 4123.075517 4150.400158 4162.124389 4185.975039 4190.906954 4188.983124 4162.538658 4132.620606 -9999.0 -9999.0 -9999.0 -9999.0 -9999.0 -9999.0 -9999.0 -9999.0 -9999.0 -9999.0 -9999.0 -9999.0 -9999.0 -9999.0 -9999.0 -9999.0 -9999.0 -9999.0 -9999.0
-9999.0 -9999.0 -9999.0 -9999.0 -9999.0 -9999.0 -9999.0 -9999.0 -9999.0 -9999.0 -9999.0 -9999.0 -9999.0 -9999.0 4035.000093 4026.423961 4023.348841 4030.081694 4061.997947 4092.103924 4103.449378 4095.784447 4095.304551 4069.958679 4046.102715 4057.981107 4087.005265 4116.864112 4149.684410 4165.904200 4154.855161 4151.914337 4157.700472 4175.111527 4181.353504 4177.308625 4160.262307 4184.831364 4197.218742 4200.290789 4197.893761 4187.620969 4194.965212 4208.429482 4201.239856 4186.503229 4199.319226 4215.276298 4225.388541 4218.912887 4162.465814 4152.791448 4150.002814 4146.979406 4134.410126 4131.619670 4161.296481 4161.054557 4154.509677 4137.867862 4104.657933 4059.399477 4040.691912 4082.368416 4126.370634 4182.765365 -9999.0 -9999.0 -9999.0 -9999.0 -9999.0 -9999.0 -9999.0 -9999.0 -9999.0 -9999.0 -9999.0 -9999.0 -9999.0 -9999.0
-9999.0 -9999.0 -9999.0 -9999.0 -9999.0 -9999.0 -9999.0 -9999.0 -9999.0 3977.611811 3983.922297 3990.575445 3992.884377 4007.576682 4003.703355 4010.243748 4012.900067 4039.957656 4068.610122 4101.281496 4127.368398 4117.827242 4115.694360 4117.176056 4108.161690 4114.281009 4134.111425 4169.665569 4198.223878 4231.857772 4196.695993 4190.818789 4207.730594 4247.039828 4266.567154 4266.582979 4247.592729 4267.364390 4290.552184 4304.264475 4300.057241 4293.008178 4319.778393 4335.768615 4326.790419 4304.159411 4306.500160 4316.350422 4346.866559 4295.706752 4228.984257 4194.449107 4214.083277 4195.533232 4173.463144 4165.534219 4167.649984 4188.385203 4177.937060 4145.266674 4113.217969 4101.499786 4085.220231 4108.039023 4132.098243 4178.989806 4219.657477 4250.077113 4249.605767 4232.553552 -9999.0 -9999.0 -9999.0 -9999.0 -9999.0 -9999.0 -9999.0 -9999.0 -9999.0 -9999.0
-9999.0 -9999.0 -9999.0 -9999.0 -9999.0 -9999.0 3899.163634 3909.854782 3930.533078 3932.139035 3958.716584 3962.973209 3980.891844 3997.023357 4018.519125 4029.708326 4052.631348 4081.269918 4115.338041 4150.811505 4176.683670 4162.758517 4166.691740 4182.299283 4204.731044 4220.125967 4242.293097 4280.165041 4352.635369 4388.416574 4376.312211 4376.033261 4384.001664 4435.287994 4499.621954 4509.077562 4488.154329 4475.729599 4501.171211 4540.023427 4536.121811 4534.718712 4549.585331 4561.237335 4588.333516 4576.068424 4540.157430 4537.386970 4547.024801 4520.985467 4447.907802 4391.918708 4377.344228 4329.598299 4244.305432 4205.009946 4234.932302 4266.120453 4246.724462 4198.287526 4168.548922 4164.876929 4155.242035 4150.717319 4165.503404 4189.918208 4214.497116 4229.322186 4217.884547 4197.240265 4176.099438 4148.277689 4151.332080 4176.321413 -9999.0 -9999.0 -9999.0 -9999.0 -9999.0 -9999.0
-9999.0 -9999.0 -9999.0 -9999.0 3850.083948 3862.705326 3846.629240 3872.857639 3904.159810 3937.143029 3962.776962 3992.397526 4013.857024 4039.073962 4069.402992 4086.855428 4115.576182 4143.434127 4188.519981 4247.710938 4290.164178 4300.544376 4307.864479 4357.930250 4413.776165 4459.755392 4478.619563 4505.361126 4554.317034 4611.664448 4633.328420 4635.190450 4652.236442 4698.976405 4759.189240 4795.456647 4777.159070 4767.446982 4779.314409 4795.158190 4817.343271 4817.349222 4818.519735 4823.521625 4832.355690 4829.803446 4801.437419 4767.184221 4753.910584 4742.959193 4700.732290 4626.093079 4597.785844 4567.012952 4518.713809 4462.077951 4420.109216 4426.283059 4370.336204 4313.844717 4266.880860 4262.899411 4245.288743 4231.687488 4217.476387 4232.611941 4246.797654 4232.923072 4203.205046 4174.587898 4162.240798 4145.119480 4133.722975 4165.368062 4183.435684 4212.643695 -9999.0 -9999.0 -9999.0 -9999.0
-9999.0 -9999.0 3791.602994 3835.350059 3892.015716 3896.720815 3886.952718 3888.268896 3913.422561 3961.252477 4019.053129 4051.543924 4075.838679 4105.427290 4153.589479 4210.412355 4267.682800 4309.988388 4369.462518 4440.351988 4499.902305 4525.895389 4533.690108 4570.348304 4627.178082 4700.560388 4730.169269 4757.930804 4791.748146 4830.780722 4815.582991 4825.159626 4839.126809 4855.634187 4874.067439 4883.054985 4877.518338 4872.765768 4853.805236 4848.007485 4854.368087 4863.625351 4861.705727 4846.524590 4842.516949 4858.042097 4865.131018 4862.472731 4858.596769 4862.701048 4855.091428 4802.682615 4792.206209 4775.850822 4762.188140 4714.197055 4645.070284 4614.296885 4590.761425 4547.407239 4472.666204 4438.190217 4400.287973 4367.652617 4332.436528 4322.916901 4293.066470 4262.378698 4224.765806 4184.815398 4166.639100 4153.370228 4153.506009 4154.253936 4172.497117 4188.269946 4204.352613 4212.478874 -9999.0 -9999.0
-9999.0 3679.239864 3749.320171 3868.595195 3944.958379 3978.610984 3978.610577 3974.659087 3999.098277 4034.500091 4115.894390 4153.410261 4236.244671 4276.278650 4315.457900 4405.757463 4503.741665 4549.279255 4590.872796 4659.327082 4728.967113 4777.903543 4805.177185 4772.872189 4815.626764 4852.342777 4862.769854 4871.485662 4873.261064 4864.570318 4858.811132 4865.198920 4861.844409 4841.848226 4824.999585 4822.947208 4819.359574 4795.326729 4767.234103 4750.925184 4751.503030 4777.367773 4763.585227 4741.856330 4737.298007 4759.510952 4782.235355 4771.066736 4757.666436 4774.500894 4810.147829 4837.185236 4835.178745 4854.605170 4875.931015 4845.459823 4826.476431 4780.513184 4762.871685 4736.850770 4677.876065 4622.801087 4573.780241 4525.574137 4473.973850 4427.191993 4380.171155 4333.384481 4281.243998 4249.037587 4225.793580 4184.920989 4174.494983 4182.145572 4178.219924 4177.008553 4183.710717 4190.338291 -9999.0 -9999.0
-9999.0 3576.344015 3713.324419 3887.609633 4028.004295 4062.699402 4110.993839 4160.397811 4171.378553 4108.258015 4210.734633 4432.164803 4566.112291 4586.832552 4666.748087 4767.800577 4739.059285 4772.248764 4797.343643 4830.115710 4856.324771 4873.060815 4871.965678 4867.497457 4850.471028 4842.341410 4841.317153 4839.021130 4820.982594 4801.451607 4784.214909 4780.455661 4761.374319 4708.555618 4674.085769 4655.195117 4633.418238 4620.846667 4594.506927 4567.747434 4549.698003 4557.692525 4557.916510 4545.717045 4541.338409 4558.569050 4589.638205 4589.461897 4603.973521 4624.160022 4659.856919 4699.676636 4719.376306 4749.340866 4785.740287 4836.288797 4843.121010 4866.081743 4868.372518 4860.723186 4812.096257 4758.963506 4728.869330 4672.161465 4612.390516 4550.496541 4500.691572 4455.705211 4399.812192 4366.761351 4328.550056 4275.145231 4235.051204 4231.395759 4199.223705 4188.011533 -9999.0 -9999.0 -9999.0 -9999.0
-9999.0 3464.401619 3639.605748 3870.069226 4171.628297 4231.587931 4437.857637 4553.355901 4590.695103 4661.489726 4509.465023 4743.116555 4804.911901 4802.236122 4826.358943 4830.931212 4846.225047 4845.072659 4839.952783 4828.570529 4818.476532 4813.513148 4812.617077 4804.605205 4791.751834 4776.871497 4764.631634 4752.586210 4714.633351 4681.588315 4639.572278 4626.278998 4577.621353 4483.646366 4444.954342 4403.809539 4339.539280 4343.795391 4355.229297 4331.891409 4311.482541 4279.850105 4312.523326 4326.058548 4331.306387 4324.219754 4331.899866 4363.757184 4414.616934 4450.056012 4489.070845 4537.962884 4569.439782 4609.165802 4648.541055 4701.651628 4734.010648 4763.505628 4814.465328 4851.966698 4875.143027 4859.767676 4843.136306 4796.004551 4734.770601 4684.828845 4654.738078 4602.733377 4558.627239 4515.361813 4468.803464 4415.999457 4354.256838 4307.630699 4274.942780 -9999.0 -9999.0 -9999.0 -9999.0 -9999.0
-9999.0 3223.803032 3485.192648 3740.895339 4000.530638 4352.791361 4546.246270 4635.732835 4701.819048 4693.945085 4725.971110 4730.046085 4768.165299 4776.804644 4755.639314 4740.571088 4721.241226 4720.150511 4733.366034 4705.190017 4673.846682 4659.902363 4660.940536 4650.278480 4625.681646 4610.854428 4601.703597 4582.375920 4538.997135 4487.169639 4400.316909 4361.995383 4279.847856 4246.100223 4211.244521 4164.102772 4120.946908 4128.453468 4155.541480 4148.287634 4127.969433 4111.500825 4142.069862 4164.383419 4178.283711 4160.556912 4166.834633 4201.483201 4248.009661 4288.681521 4332.289416 4380.289369 4423.075177 4461.465232 4480.386814 4517.963749 4560.677670 4602.934575 4674.390454 4755.604307 4793.465688 4829.353868 4856.819510 4879.376439 4835.612810 4810.571659 4785.889958 4761.261168 4713.791024 4667.669801 4627.047610 4560.363320 4500.750024 -9999.0 -9999.0 -9999.0 -9999.0 -9999.0 -9999.0 -9999.0
-9999.0 3116.705305 3297.957432 3471.747879 3704.793519 3933.623023 4171.581859 4261.646627 4333.794699 4421.388411 4484.337817 4525.438733 4551.294369 4573.760669 4551.449217 4503.018058 4469.559287 4474.949512 4464.138397 4444.018649 4416.692094 4404.213280 4401.088114 4396.805595 4376.333020 4367.062949 4360.946999 4343.410370 4319.692244 4266.373470 4196.617466 4121.703012 4069.794719 4054.510994 4034.273918 4009.496639 3986.344571 4000.771933 4013.288911 4014.797144 4010.120881 4011.806001 4040.836033 4061.217764 4070.598920 4060.350266 4078.483149 4100.635739 4136.361633 4175.189849 4219.442548 4269.175175 4317.351965 4335.802589 4335.251839 4343.402117 4369.030562 4411.203620 4487.197232 4574.104543 4655.450952 4702.481731 4754.439877 4795.889344 4825.777399 4847.532336 4872.388097 4867.326009 4839.810958 4805.496827 4744.655561 -9999.0 -9999.0 -9999.0 -9999.0 -9999.0 -9999.0 -9999.0 -9999.0 -9999.0
-9999.0 -9999.0 3074.010340 3213.137961 3288.457139 3439.446313 3575.177290 3680.191423 3787.813198 3942.328766 4073.324677 4172.575500 4221.373176 4237.405427 4224.397415 4198.369027 4183.047995 4182.448943 4169.993074 4165.544243 4153.616404 4149.360449 4136.869634 4129.760000 4128.305216 4129.780598 4128.768152 4121.828865 4107.095112 4067.641108 4035.480985 3993.908354 3950.533859 3930.889923 3914.892055 3900.493784 3907.555186 3902.601479 3908.418015 3912.327413 3923.566645 3938.735510 3957.877513 3981.086861 3990.824843 4001.785902 4012.047844 4032.917155 4061.794134 4101.477835 4152.421020 4207.031867 4242.448195 4248.092686 4227.972041 4220.341449 4225.351114 4251.205855 4310.649826 4378.049576 4470.050771 4537.109529 4604.645954 4662.032656 4689.678110 4726.099750 4798.824676 4847.037900 4892.591490 4870.015512 -9999.0 -9999.0 -9999.0 -9999.0 -9999.0 -9999.0 -9999.0 -9999.0 -9999.0 -9999.0
-9999.0 -9999.0 -9999.0 -9999.0 3068.152513 3208.362587 3302.285419 3376.376914 3510.835901 3645.057341 3753.061860 3842.837722 3916.058476 3942.922178 3947.349938 3970.144290 3971.215808 3960.589420 3949.183977 3957.121787 3965.200158 3959.841384 3941.962073 3936.971375 3943.332455 3953.922406 3953.912909 3943.032852 3926.570617 3918.156866 3910.532209 3883.405586 3854.690395 3829.965025 3820.475975 3820.409934 3822.077745 3814.784905 3823.800586 3834.239554 3851.002837 3866.338220 3889.818189 3919.985602 3935.261073 3949.896690 3957.837820 3975.265651 4003.246636 4054.213726 4115.587501 4172.143622 4206.136821 4205.781438 4176.332257 4153.145116 4138.435831 4153.506787 4179.281123 4226.725990 4315.105933 4376.974715 4419.892025 4456.716258 4493.103196 4560.544034 4659.057375 4742.417862 -9999.0 -9999.0 -9999.0 -9999.0 -9999.0 -9999.0 -9999.0 -9999.0 -9999.0 -9999.0 -9999.0 -9999.0
-9999.0 -9999.0 -9999.0 -9999.0 -9999.0 -9999.0 3046.012765 3152.402397 3209.962312 3368.850260 3521.538569 3632.235675 3717.622410 3756.450939 3795.050900 3827.900251 3830.010294 3808.878455 3785.692284 3809.565554 3832.209263 3825.895068 3792.507325 3795.879896 3805.421411 3814.660246 3813.854084 3810.442753 3788.719179 3811.036211 3820.308892 3800.969049 3778.925248 3769.708787 3760.540364 3772.418356 3773.907451 3760.131125 3758.889728 3788.172190 3810.172492 3823.107608 3843.766324 3877.027369 3909.587384 3925.439536 3925.890464 3929.594166 3964.346539 4031.675465 4102.636704 4157.982169 4189.049897 4193.152105 4161.645406 4115.874202 4088.633582 4085.710528 4107.760861 4144.191558 4203.084344 4237.337994 4244.204337 4240.390731 4249.213400 4351.886964 -9999.0 -9999.0 -9999.0 -9999.0 -9999.0 -9999.0 -9999.0 -9999.0 -9999.0 -9999.0 -9999.0 -9999.0 -9999.0 -9999.0
-9999.0 -9999.0 -9999.0 -9999.0 -9999.0 -9999.0 -9999.0 -9999.0 -9999.0 -9999.0 -9999.0 -9999.0 -9999.0 -9999.0 -9999.0 -9999.0 -9999.0 -9999.0 -9999.0 -9999.0 -9999.0 -9999.0 -9999.0 -9999.0 -9999.0 -9999.0 -9999.0 -9999.0 -9999.0 -9999.0 -9999.0 -9999.0 -9999.0 -9999.0 -9999.0 -9999.0 -9999.0 -9999.0 -9999.0 -9999.0 -9999.0 -9999.0 -9999.0 -9999.0 -9999.0 -9999.0 -9999.0 -9999.0 -9999.0 -9999.0 -9999.0 -9999.0 -9999.0 -9999.0 -9999.0 -9999.0 -9999.0 -9999.0 -9999.0 -9999.0 -9999.0 -9999.0 -9999.0 -9999.0 -9999.0 -9999.0 -9999.0 -9999.0 -9999.0 -9999.0 -9999.0 -9999.0 -9999.0 -9999.0 -9999.0 -9999.0 -9999.0 -9999.0 -9999.0 -9999.0
-9999.0 -9999.0 -9999.0 -9999.0 -9999.0 -9999.0 -9999.0 -9999.0 -9999.0 -9999.0 -9999.0 -9999.0 -9999.0 -9999.0 -9999.0 -9999.0 -9999.0 -9999.0 -9999.0 -9999.0 -9999.0 -9999.0 -9999.0 -9999.0 -9999.0 -9999.0 -9999.0 -9999.0 -9999.0 -9999.0 -9999.0 -9999.0 -9999.0 -9999.0 -9999.0 -9999.0 -9999.0 -9999.0 -9999.0 -9999.0 -9999.0 -9999.0 -9999.0 -9999.0 -9999.0 -9999.0 -9999.0 -9999.0 -9999.0 -9999.0 -9999.0 -9999.0 -9999.0 -9999.0 -9999.0 -9999.0 -9999.0 -9999.0 -9999.0 -9999.0 -9999.0 -9999.0 -9999.0 -9999.0 -9999.0 -9999.0 -9999.0 -9999.0 -9999.0 -9999.0 -9999.0 -9999.0 -9999.0 -9999.0 -9999.0 -9999.0 -9999.0 -9999.0 -9999.0 -9999.0