Borden_/Borden1m_014/output_maps/psiliqL0007N0012.asc
ncols         80
nrows         18
xllcorner     620200.000000
yllcorner     5168000.000000
cellsize      1.000000
NODATA_value  -9999.0
-9999.0 -9999.0 -9999.0 -9999.0 -9999.0 -9999.0 -9999.0 -9999.0 -9999.0 -9999.0 -9999.0 -9999.0 -9999.0 -9999.0 -9999.0 -9999.0 -9999.0 -9999.0 -9999.0 -9999.0 -9999.0 -9999.0 -9999.0 -9999.0 -9999.0 -9999.0 -9999.0 -9999.0 -9999.0 -9999.0 -9999.0 -9999.0 -9999.0 -9999.0 -9999.0 -9999.0 -9999.0 -9999.0 -9999.0 -9999.0 -9999.0 -9999.0 -9999.0 -9999.0 -9999.0 -9999.0 -9999.0 -9999.0 -9999.0 -9999.0 -9999.0 -9999.0 -9999.0 -9999.0 -9999.0 -9999.0 -9999.0 -9999.0 -9999.0 -9999.0 -9999.0 -9999.0 -9999.0 -9999.0 -9999.0 -9999.0 -9999.0 -9999.0 -9999.0 -9999.0 -9999.0 -9999.0 -9999.0 -9999.0 -9999.0 -9999.0 -9999.0 -9999.0 -9999.0 -9999.0
-9999.0 -9999.0 -9999.0 -9999.0 -9999.0 -9999.0 -9999.0 -9999.0 -9999.0 -9999.0 -9999.0 -9999.0 -9999.0 -9999.0 -9999.0 -9999.0 -9999.0 -9999.0 -9999.0 -9999.0 -9999.0 -9999.0 -9999.0 -9999.0 -9999.0 -9999.0 -9999.0 -9999.0 -9999.0 -9999.0 -9999.0 -9999.0 -9999.0 -9999.0 -9999.0 -9999.0 -9999.0 -9999.0 -9999.0 -9999.0 -9999.0 -9999.0 -9999.0 -9999.0 -9999.0 -9999.0 -9999.0 -9999.0 -9999.0 -9999.0 -9999.0 -9999.0 -9999.0 -9999.0 -9999.0 -9999.0 -9999.0 -9999.0 -9999.0 -9999.0 -9999.0 -9999.0 -9999.0 -9999.0 -9999.0 -9999.0 -9999.0 -9999.0 -9999.0 -9999.0 -9999.0 -9999.0 -9999.0 -9999.0 -9999.0 -9999.0 -9999.0 -9999.0 -9999.0 -9999.0
-9999.0 -9999.0 -9999.0 -9999.0 -9999.0 -9999.0 -9999.0 -9999.0 -9999.0 -9999.0 -9999.0 -9999.0 -9999.0 -9999.0 -9999.0 -9999.0 -9999.0 -9999.0 -9999.0 -9999.0 -473.462880 -470.471505 -493.500204 -527.724972 -556.386348 -554.987309 -520.630976 -480.271689 -443.162537 -432.982655 -451.350748 -450.398075 -455.899421 -456.168144 -453.274025 -447.543802 -445.157316 -433.625147 -425.184944 -425.494704 -431.775096 -437.673022 -439.273087 -435.710386 -430.736452 -439.229485 -425.640055 -410.077210 -403.357719 -408.269383 -435.373234 -450.876369 -458.442898 -472.257680 -447.304796 -434.169334 -410.676997 -405.896506 -406.610618 -433.282306 -463.063083 -9999.0 -9999.0 -9999.0 -9999.0 -9999.0 -9999.0 -9999.0 -9999.0 -9999.0 -9999.0 -9999.0 -9999.0 -9999.0 -9999.0 -9999.0 -9999.0 -9999.0 -9999.0 -9999.0
-9999.0 -9999.0 -9999.0 -9999.0 -9999.0 -9999.0 -9999.0 -9999.0 -9999.0 -9999.0 -9999.0 -9999.0 -9999.0 -9999.0 -562.268683 -572.793751 -576.284071 -568.281846 -535.152581 -505.807496 -493.345306 -501.320354 -501.839359 -525.807105 -546.353399 -532.904760 -504.458172 -473.938186 -440.607945 -420.570455 -433.876762 -437.032667 -426.669855 -398.676584 -383.409781 -386.119566 -407.995679 -385.071906 -368.354271 -358.425850 -359.568242 -368.620449 -353.403991 -336.457890 -343.386397 -361.553211 -358.171695 -346.120435 -330.830843 -346.575104 -412.973961 -434.052991 -436.276696 -442.045741 -454.461055 -460.452678 -435.190509 -433.505373 -441.093977 -458.345321 -489.876186 -533.394352 -550.578586 -511.847845 -466.937981 -408.468703 -9999.0 -9999.0 -9999.0 -9999.0 -9999.0 -9999.0 -9999.0 -9999.0 -9999.0 -9999.0 -9999.0 -9999.0 -9999.0 -9999.0
-9999.0 -9999.0 -9999.0 -9999.0 -9999.0 -9999.0 -9999.0 -9999.0 -9999.0 -617.651160 -614.539881 -607.949795 -606.776030 -591.730479 -593.753069 -587.431803 -580.021875 -554.961349 -524.827702 -490.586561 -462.336101 -473.097782 -473.491763 -461.759370 -455.091114 -442.645820 -422.397587 -381.934181 -339.091287 -296.484375 -326.088803 -328.301832 -307.062662 -246.644597 -197.201996 -184.626691 -203.694973 -200.148978 -172.659791 -145.991559 -147.487669 -149.782445 -124.304305 -110.296168 -103.731390 -123.291186 -141.265438 -142.933651 -115.534201 -172.349456 -246.981782 -314.420390 -314.735744 -347.141355 -389.488758 -412.425133 -415.245037 -392.165435 -406.801231 -443.595251 -479.347133 -487.808986 -503.496240 -486.695645 -463.317584 -415.559523 -376.509133 -347.155172 -346.163910 -363.034104 -9999.0 -9999.0 -9999.0 -9999.0 -9999.0 -9999.0 -9999.0 -9999.0 -9999.0 -9999.0
-9999.0 -9999.0 -9999.0 -9999.0 -9999.0 -9999.0 -695.229077 -686.976819 -667.931727 -662.694081 -639.273870 -632.370477 -612.671527 -594.141188 -574.728301 -558.625799 -528.678022 -497.367134 -456.814133 -413.206408 -380.793685 -385.453738 -375.756905 -340.549139 -292.553191 -248.677443 -218.179053 -175.998476 -93.236249 -43.251889 -24.682906 -13.727479 20.993668 232.957458 321.600281 336.290156 325.807695 317.155171 326.811052 344.862964 345.432879 343.840947 347.149496 350.491603 366.457849 363.818311 344.013261 338.765061 337.828677 328.094272 251.211363 24.501966 -53.769295 -111.390117 -198.049881 -265.412494 -276.835874 -263.475610 -295.841015 -350.761407 -394.125014 -404.272154 -418.089158 -431.548673 -425.334735 -404.896072 -380.349949 -367.941805 -379.378989 -399.042562 -421.464434 -449.582617 -447.423419 -421.603793 -9999.0 -9999.0 -9999.0 -9999.0 -9999.0 -9999.0
-9999.0 -9999.0 -9999.0 -9999.0 -744.276923 -732.428914 -744.305267 -721.700730 -690.692981 -658.631854 -627.233920 -591.038484 -565.250580 -536.883154 -496.252894 -458.843289 -415.889485 -381.533572 -324.744158 -247.940536 -182.731002 -150.620450 -133.886629 -61.697967 57.405307 262.809566 310.437978 326.285754 343.319357 373.213906 385.912122 389.319613 404.633190 443.546692 473.476452 492.688414 483.826369 481.796697 483.309998 485.616229 497.764956 496.154789 496.194750 496.032554 497.428070 500.286015 490.735574 475.493077 471.057816 467.325561 450.024873 391.211511 364.276941 350.438296 335.352225 278.182728 64.475440 -3.544051 -79.973878 -142.273425 -218.426996 -255.430392 -291.141430 -318.249083 -349.405064 -347.804131 -343.735449 -362.266612 -391.436591 -422.189829 -436.115749 -453.872721 -463.168537 -432.771685 -414.590733 -383.125534 -9999.0 -9999.0 -9999.0 -9999.0
-9999.0 -9999.0 -801.327633 -751.621945 -696.752797 -688.972859 -687.288690 -683.432658 -657.974939 -609.093056 -531.924848 -480.374359 -436.252689 -406.988690 -346.257918 -251.015143 -166.159605 -113.028325 -36.895299 124.457344 291.009899 330.682039 338.917293 359.110881 395.327979 447.196284 464.715720 475.857704 486.372218 499.253690 517.496793 531.492939 538.418974 536.463438 536.854387 534.426630 534.099269 532.315354 517.691740 515.420762 520.767434 522.040036 525.373503 514.034557 510.402226 522.340954 525.768931 528.888748 532.597239 540.263935 547.842803 517.299026 482.717042 478.036263 477.167600 450.651239 398.579465 370.211647 361.073423 338.304790 254.223263 42.248800 -56.713559 -123.489662 -191.710249 -229.375215 -277.134680 -317.263849 -361.036781 -404.579590 -426.474806 -443.663156 -444.743231 -443.076499 -426.314303 -410.039138 -394.160413 -386.108134 -9999.0 -9999.0
-9999.0 -898.824068 -826.533968 -699.530467 -622.113294 -578.719666 -539.220608 -511.132161 -488.786844 -476.453195 -367.983952 -248.294287 -154.162420 -122.060145 -49.270889 218.571412 324.376155 351.119695 371.580692 411.205516 455.581424 480.796843 492.695223 515.160494 539.830303 539.539403 538.676336 537.239991 528.987360 520.157309 509.982472 517.558420 517.033942 503.195386 491.900948 490.471721 489.634963 479.766533 468.148377 463.271980 466.144937 479.006835 473.042394 462.459210 460.352325 470.785352 479.289799 474.569673 467.863929 477.611957 496.785948 506.159092 520.480873 533.685396 551.932432 528.436444 499.679160 479.184579 473.612983 462.816199 432.233089 382.186349 346.289595 280.377412 72.958160 -59.375429 -139.331621 -207.860849 -273.502427 -312.105662 -342.369013 -393.393595 -415.369492 -412.332903 -420.593846 -422.294314 -415.030711 -408.312284 -9999.0 -9999.0
-9999.0 -968.369517 -825.237269 -640.312843 -495.992470 -436.418563 -311.353133 -218.929953 -193.142278 -216.270297 -91.907267 281.561444 360.057333 364.609481 405.339931 470.815758 498.297502 520.575691 535.493709 530.586664 527.353258 529.313500 523.754481 515.824141 503.319171 498.137065 499.792665 500.716730 493.870946 484.775854 473.616339 473.105941 466.020605 443.038990 411.414220 392.766753 383.390234 374.686944 358.807429 346.968031 340.312651 353.027034 347.637807 337.883243 335.168970 346.893369 365.000427 359.796425 364.262446 382.104966 423.979777 447.677622 456.341520 468.401812 484.588291 506.620927 521.346074 541.130196 546.547296 525.333739 497.205948 471.650467 460.045298 429.552678 377.783744 325.984847 243.416961 18.463458 -82.467312 -141.678895 -203.822797 -267.090520 -326.345466 -352.041959 -390.023527 -410.322822 -9999.0 -9999.0 -9999.0 -9999.0
-9999.0 -1031.080487 -839.445570 -574.126225 -320.210849 -169.555233 217.309534 336.237442 367.454179 402.067892 418.205448 512.172321 528.004736 514.686175 494.385698 493.426893 502.433231 504.429318 499.772121 493.222773 487.277578 484.801084 483.891458 480.720701 476.209801 470.794104 467.098331 465.252028 449.104599 428.411165 388.291767 376.128989 355.339714 275.529916 129.462014 25.200584 -57.641958 -67.783651 -80.688011 -112.784596 -132.035092 -146.980941 -128.453740 -129.849706 -130.155026 -121.768466 -99.558039 -79.534576 -27.355784 44.137860 251.112237 324.841237 345.889104 371.048885 403.804859 446.052351 462.071403 475.245953 498.149944 524.557668 544.135618 537.089755 512.964483 493.064751 461.539114 434.875221 413.394582 360.256667 321.916540 250.953424 48.253321 -70.474526 -165.054459 -261.471561 -302.192660 -9999.0 -9999.0 -9999.0 -9999.0 -9999.0
-9999.0 -1179.942876 -912.535576 -616.115720 -276.559838 198.065520 327.794839 425.404539 485.812063 445.796019 439.422559 451.096662 471.367029 472.600175 461.745796 461.377209 457.634990 457.035885 464.151537 442.796166 407.210209 393.621876 392.858287 386.236972 373.619783 365.962836 361.929458 354.688598 325.850719 255.707805 6.646569 -43.620333 -128.662492 -202.658775 -259.413023 -311.497007 -364.360736 -365.779763 -349.772378 -366.650141 -388.859557 -407.720111 -382.375084 -367.420746 -356.823214 -366.792163 -358.332809 -323.914110 -275.297958 -231.694943 -172.655394 -108.947595 -54.405854 24.050655 133.243977 295.057626 343.598054 373.356499 431.348383 473.300760 486.789514 503.691544 535.109696 553.293793 516.129924 489.131119 472.198777 452.703262 420.475743 397.662575 361.080610 299.327522 98.640274 -9999.0 -9999.0 -9999.0 -9999.0 -9999.0 -9999.0 -9999.0
-9999.0 -1315.556379 -1080.654831 -829.147796 -530.281277 -293.410330 -113.754118 83.680042 277.976669 300.937452 316.089492 330.724510 345.050593 357.147389 345.205796 326.687211 312.306793 314.813070 308.661420 252.997262 76.216992 24.300322 18.546876 4.746325 -35.051425 -56.157221 -69.133063 -94.888011 -135.708959 -197.924127 -292.316957 -361.057615 -422.084038 -457.310690 -486.888692 -519.204636 -557.682885 -546.693817 -531.596365 -536.276207 -548.894619 -553.747431 -524.416244 -506.558648 -496.846879 -510.680479 -493.016581 -466.933888 -426.337139 -386.390676 -340.243537 -287.070597 -235.342748 -204.372591 -183.374874 -141.779154 -89.663524 0.181764 254.740859 353.932020 409.555090 444.543719 471.246044 488.356010 497.010613 517.446657 513.054596 472.300903 422.949206 436.150503 437.421960 -9999.0 -9999.0 -9999.0 -9999.0 -9999.0 -9999.0 -9999.0 -9999.0 -9999.0
-9999.0 -9999.0 -1318.203990 -1124.580342 -959.988901 -775.767750 -632.135920 -533.946793 -466.017398 -379.232998 -282.921125 -205.802822 -165.297695 -149.214575 -168.720354 -212.370963 -242.092715 -243.153909 -255.121135 -276.297711 -306.955288 -317.301901 -326.201114 -333.557901 -347.273269 -354.610555 -359.552997 -370.207132 -392.617402 -438.978586 -491.528268 -542.542790 -595.880172 -619.939321 -641.234168 -663.600814 -667.319731 -668.408157 -661.256817 -660.117985 -655.214863 -643.880706 -623.268696 -602.464446 -593.454066 -587.159866 -575.078722 -552.180315 -520.007536 -480.583069 -430.097446 -376.398194 -340.115980 -329.813328 -340.506266 -334.941871 -312.569011 -265.667142 -165.327986 -54.666537 145.973036 309.569157 370.478761 412.333720 436.639783 451.041086 467.187171 440.012986 281.599912 396.122059 -9999.0 -9999.0 -9999.0 -9999.0 -9999.0 -9999.0 -9999.0 -9999.0 -9999.0 -9999.0
-9999.0 -9999.0 -9999.0 -9999.0 -1267.442236 -1109.851302 -1017.634310 -937.078094 -821.264280 -719.051803 -632.322309 -560.961333 -512.367364 -490.494571 -503.481572 -511.284530 -520.168448 -523.132052 -531.151996 -537.224246 -543.248512 -550.554999 -560.620373 -567.759184 -568.486889 -565.053749 -566.598931 -578.881951 -593.537332 -620.804869 -644.782313 -679.344543 -715.885180 -744.431208 -757.039152 -764.002671 -763.497602 -768.525320 -758.819054 -752.779836 -738.144949 -722.818648 -698.985875 -671.161856 -659.127004 -645.347044 -635.939694 -615.507520 -586.393638 -534.995733 -474.402599 -420.437521 -388.754609 -387.223900 -415.630419 -433.547984 -438.823793 -413.123091 -367.538211 -297.140785 -188.292868 -98.861241 -5.935079 133.321740 288.058090 345.919129 410.049063 433.260506 -9999.0 -9999.0 -9999.0 -9999.0 -9999.0 -9999.0 -9999.0 -9999.0 -9999.0 -9999.0 -9999.0 -9999.0
-9999.0 -9999.0 -9999.0 -9999.0 -9999.0 -9999.0 -1326.158703 -1232.841937 -1144.159496 -1027.802870 -921.003907 -833.793562 -763.306710 -740.969236 -726.105034 -705.236480 -710.298403 -726.462398 -741.947442 -726.074642 -717.478835 -721.784768 -747.909486 -749.375806 -746.112561 -736.534224 -737.292448 -742.936439 -767.005187 -759.513397 -761.167835 -783.599233 -809.124905 -823.306688 -834.542612 -824.457394 -823.409608 -835.503070 -832.621453 -806.939058 -787.553382 -774.162056 -751.686232 -718.897397 -687.363156 -673.597225 -672.972855 -667.073172 -625.911678 -556.862623 -488.378353 -436.951617 -408.171084 -402.666983 -433.222345 -476.371193 -500.414926 -496.686154 -465.671084 -416.082430 -342.048966 -293.387415 -260.270492 -231.258498 -189.856361 -80.584267 -9999.0 -9999.0 -9999.0 -9999.0 -9999.0 -9999.0 -9999.0 -9999.0 -9999.0 -9999.0 -9999.0 -9999.0 -9999.0 -9999.0
-9999.0 -9999.0 -9999.0 -9999.0 -9999.0 -9999.0 -9999.0 -9999.0 -9999.0 -9999.0 -9999.0 -9999.0 -9999.0 -9999.0 -9999.0 -9999.0 -9999.0 -9999.0 -9999.0 -9999.0 -9999.0 -9999.0 -9999.0 -9999.0 -9999.0 -9999.0 -9999.0 -9999.0 -9999.0 -9999.0 -9999.0 -9999.0 -9999.0 -9999.0 -9999.0 -9999.0 -9999.0 -9999.0 -9999.0 -9999.0 -9999.0 -9999.0 -9999.0 -9999.0 -9999.0 -9999.0 -9999.0 -9999.0 -9999.0 -9999.0 -9999.0 -9999.0 -9999.0 -9999.0 -9999.0 -9999.0 -9999.0 -9999.0 -9999.0 -9999.0 -9999.0 -9999.0 -9999.0 -9999.0 -9999.0 -9999.0 -9999.0 -9999.0 -9999.0 -9999.0 -9999.0 -9999.0 -9999.0 -9999.0 -9999.0 -9999.0 -9999.0 -9999.0 -9999.0 -9999.0
-9999.0 -9999.0 -9999.0 -9999.0 -9999.0 -9999.0 -9999.0 -9999.0 -9999.0 -9999.0 -9999.0 -9999.0 -9999.0 -9999.0 -9999.0 -9999.0 -9999.0 -9999.0 -9999.0 -9999.0 -9999.0 -9999.0 -9999.0 -9999.0 -9999.0 -9999.0 -9999.0 -9999.0 -9999.0 -9999.0 -9999.0 -9999.0 -9999.0 -9999.0 -9999.0 -9999.0 -9999.0 -9999.0 -9999.0 -9999.0 -9999.0 -9999.0 -9999.0 -9999.0 -9999.0 -9999.0 -9999.0 -9999.0 -9999.0 -9999.0 -9999.0 -9999.0 -9999.0 -9999.0 -9999.0 -9999.0 -9999.0 -9999.0 -9999.0 -9999.0 -9999.0 -9999.0 -9999.0 -9999.0 -9999.0 -9999.0 -9999.0 -9999.0 -9999.0 -9999.0 -9999.0 -9999.0 -9999.0 -9999.0 -9999.0 -9999.0 -9999.0 -9999.0 -9999.0 -9999.0