Borden_/Borden1m_014/output_maps/psiliqL0015N0014.asc
ncols         80
nrows         18
xllcorner     620200.000000
yllcorner     5168000.000000
cellsize      1.000000
NODATA_value  -9999.0
-9999.0 -9999.0 -9999.0 -9999.0 -9999.0 -9999.0 -9999.0 -9999.0 -9999.0 -9999.0 -9999.0 -9999.0 -9999.0 -9999.0 -9999.0 -9999.0 -9999.0 -9999.0 -9999.0 -9999.0 -9999.0 -9999.0 -9999.0 -9999.0 -9999.0 -9999.0 -9999.0 -9999.0 -9999.0 -9999.0 -9999.0 -9999.0 -9999.0 -9999.0 -9999.0 -9999.0 -9999.0 -9999.0 -9999.0 -9999.0 -9999.0 -9999.0 -9999.0 -9999.0 -9999.0 -9999.0 -9999.0 -9999.0 -9999.0 -9999.0 -9999.0 -9999.0 -9999.0 -9999.0 -9999.0 -9999.0 -9999.0 -9999.0 -9999.0 -9999.0 -9999.0 -9999.0 -9999.0 -9999.0 -9999.0 -9999.0 -9999.0 -9999.0 -9999.0 -9999.0 -9999.0 -9999.0 -9999.0 -9999.0 -9999.0 -9999.0 -9999.0 -9999.0 -9999.0 -9999.0
-9999.0 -9999.0 -9999.0 -9999.0 -9999.0 -9999.0 -9999.0 -9999.0 -9999.0 -9999.0 -9999.0 -9999.0 -9999.0 -9999.0 -9999.0 -9999.0 -9999.0 -9999.0 -9999.0 -9999.0 -9999.0 -9999.0 -9999.0 -9999.0 -9999.0 -9999.0 -9999.0 -9999.0 -9999.0 -9999.0 -9999.0 -9999.0 -9999.0 -9999.0 -9999.0 -9999.0 -9999.0 -9999.0 -9999.0 -9999.0 -9999.0 -9999.0 -9999.0 -9999.0 -9999.0 -9999.0 -9999.0 -9999.0 -9999.0 -9999.0 -9999.0 -9999.0 -9999.0 -9999.0 -9999.0 -9999.0 -9999.0 -9999.0 -9999.0 -9999.0 -9999.0 -9999.0 -9999.0 -9999.0 -9999.0 -9999.0 -9999.0 -9999.0 -9999.0 -9999.0 -9999.0 -9999.0 -9999.0 -9999.0 -9999.0 -9999.0 -9999.0 -9999.0 -9999.0 -9999.0
-9999.0 -9999.0 -9999.0 -9999.0 -9999.0 -9999.0 -9999.0 -9999.0 -9999.0 -9999.0 -9999.0 -9999.0 -9999.0 -9999.0 -9999.0 -9999.0 -9999.0 -9999.0 -9999.0 -9999.0 1148.769352 1151.695429 1130.560367 1098.095558 1071.663642 1075.523016 1111.514073 1153.980236 1193.577771 1204.442722 1188.011591 1192.790674 1191.019207 1192.541517 1197.447825 1206.398324 1212.295075 1224.095386 1232.517893 1231.684060 1225.070651 1219.547933 1219.660135 1222.305528 1227.714623 1216.740513 1231.125141 1246.348885 1250.811408 1244.321177 1215.173508 1196.974594 1185.148340 1167.052732 1189.432106 1199.025672 1219.590945 1221.707358 1218.275943 1190.022532 1159.165864 -9999.0 -9999.0 -9999.0 -9999.0 -9999.0 -9999.0 -9999.0 -9999.0 -9999.0 -9999.0 -9999.0 -9999.0 -9999.0 -9999.0 -9999.0 -9999.0 -9999.0 -9999.0 -9999.0
-9999.0 -9999.0 -9999.0 -9999.0 -9999.0 -9999.0 -9999.0 -9999.0 -9999.0 -9999.0 -9999.0 -9999.0 -9999.0 -9999.0 1054.407079 1045.767509 1044.296071 1054.120678 1089.182350 1120.720744 1133.230869 1126.801558 1128.196595 1106.257657 1087.644729 1103.867735 1135.572906 1168.424811 1203.717594 1224.591506 1214.907803 1215.368392 1228.747255 1258.108243 1274.115747 1273.856030 1256.153115 1280.521102 1295.940246 1303.293139 1301.671966 1292.336002 1304.116734 1319.129922 1312.242263 1295.984345 1302.806690 1315.639254 1327.282037 1312.387841 1246.136332 1223.073732 1214.817602 1205.256925 1188.810353 1180.211278 1203.154364 1200.635509 1190.348498 1170.806425 1136.829986 1091.878100 1072.080482 1109.513195 1151.980486 1208.083251 -9999.0 -9999.0 -9999.0 -9999.0 -9999.0 -9999.0 -9999.0 -9999.0 -9999.0 -9999.0 -9999.0 -9999.0 -9999.0 -9999.0
-9999.0 -9999.0 -9999.0 -9999.0 -9999.0 -9999.0 -9999.0 -9999.0 -9999.0 994.180644 999.452703 1007.671599 1011.137825 1027.913682 1026.438601 1034.964707 1043.461422 1072.396535 1105.528602 1142.715906 1173.042103 1165.612946 1167.758670 1179.921566 1186.382842 1202.143393 1226.620780 1268.075747 1307.192201 1347.763562 1320.436812 1321.786992 1347.496776 1402.820458 1440.736514 1450.565420 1434.771101 1445.121198 1469.415396 1489.046285 1486.187404 1481.951240 1505.408750 1518.492083 1519.053992 1500.556544 1491.822455 1494.691809 1520.328461 1467.380154 1396.626158 1339.287620 1337.900478 1305.038811 1265.681211 1243.191272 1236.533419 1253.071675 1235.296708 1196.083189 1158.040238 1144.884713 1125.353353 1140.718891 1161.131870 1205.746126 1243.358019 1270.405915 1268.498015 1249.989769 -9999.0 -9999.0 -9999.0 -9999.0 -9999.0 -9999.0 -9999.0 -9999.0 -9999.0 -9999.0
-9999.0 -9999.0 -9999.0 -9999.0 -9999.0 -9999.0 914.607014 924.919702 946.112617 951.349333 977.799463 986.226649 1008.101171 1028.860893 1052.368221 1070.853622 1102.901213 1138.360711 1182.542817 1229.611666 1264.673605 1261.175192 1273.348962 1306.926383 1352.124732 1388.551737 1418.156669 1458.762520 1532.614215 1572.473852 1579.527592 1588.638318 1608.405429 1672.284193 1744.367872 1762.687526 1745.498166 1732.535406 1751.521401 1784.078163 1785.593571 1784.268185 1793.077833 1801.579464 1827.323752 1820.399837 1786.193442 1776.491609 1776.243920 1757.925728 1689.696408 1613.203805 1571.141608 1518.026661 1433.515949 1375.746725 1376.008989 1387.855821 1354.444064 1297.736604 1254.190262 1239.793647 1221.075036 1204.911536 1208.633865 1225.365350 1245.371370 1254.416256 1239.378555 1216.484058 1192.338407 1161.983179 1162.371786 1186.484974 -9999.0 -9999.0 -9999.0 -9999.0 -9999.0 -9999.0
-9999.0 -9999.0 -9999.0 -9999.0 863.893650 877.700277 866.297877 892.565567 926.380994 961.745389 994.785870 1032.993160 1061.894495 1094.311376 1137.479049 1175.119034 1219.924059 1259.270981 1320.121187 1397.103140 1453.618171 1479.043092 1495.344523 1557.699908 1630.194876 1696.060288 1723.433964 1750.528410 1789.379386 1843.492763 1868.014104 1876.222273 1899.166843 1942.358996 1993.806658 2028.657991 2014.422612 2008.259969 2014.044730 2023.535780 2044.218420 2043.668166 2044.467145 2046.487076 2051.400537 2052.401555 2032.077485 2002.940592 1991.229014 1981.542111 1948.788763 1874.950892 1833.381162 1803.367668 1768.956427 1712.738804 1638.380016 1613.519174 1551.248040 1491.302384 1425.555751 1396.907930 1359.902012 1329.573839 1296.259826 1293.870898 1293.554869 1269.761221 1234.499922 1199.564070 1182.106438 1161.043984 1147.970042 1176.253008 1192.395909 1221.676204 -9999.0 -9999.0 -9999.0 -9999.0
-9999.0 -9999.0 803.015513 852.440627 910.785370 921.268915 923.375180 930.871329 960.841451 1014.569910 1091.380323 1143.496164 1187.547927 1224.509549 1289.243056 1375.195565 1451.616643 1505.125316 1574.797793 1660.681753 1730.434918 1764.176653 1779.366203 1818.299899 1876.377596 1944.018271 1973.525359 1998.668311 2025.788569 2055.028426 2063.634376 2077.866955 2088.859893 2095.451041 2103.156251 2105.579336 2102.211688 2098.394475 2081.086230 2077.165263 2083.202028 2087.748179 2088.976011 2075.964571 2072.535301 2086.938412 2092.691140 2094.277453 2095.716592 2103.289308 2105.426549 2064.682621 2028.032477 2013.254392 2002.752628 1956.749087 1888.970183 1845.743280 1822.835019 1780.531643 1700.230182 1637.982428 1578.127363 1523.384511 1464.138334 1426.519837 1374.490301 1327.012592 1276.148354 1226.134549 1198.869337 1177.360169 1171.674549 1168.600978 1182.444244 1196.026821 1210.093498 1217.229662 -9999.0 -9999.0
-9999.0 699.101268 772.112093 899.567664 981.898595 1029.568934 1064.367661 1089.291110 1119.440459 1147.578525 1254.209782 1346.127352 1439.278984 1480.170920 1538.311377 1648.498570 1748.276579 1797.189129 1840.266880 1903.518317 1965.874791 2011.215318 2036.801783 2046.229136 2081.772286 2098.173083 2103.318050 2107.170367 2102.737683 2093.477777 2083.568571 2089.768383 2087.374102 2069.919209 2053.582402 2048.589955 2042.628837 2020.283604 1994.414020 1981.268292 1984.145442 2006.854640 1995.477324 1975.905695 1972.547209 1993.333919 2013.013734 2006.393710 1997.442443 2017.360411 2052.456375 2073.808194 2083.580243 2099.945329 2119.694293 2092.496298 2063.016471 2022.092408 2004.331665 1977.862177 1922.035830 1859.673214 1803.480980 1740.198333 1664.832456 1587.058003 1516.034971 1446.180708 1373.517932 1326.879549 1289.798560 1233.866010 1207.535798 1204.016745 1191.333507 1185.714844 1189.709658 1195.177057 -9999.0 -9999.0
-9999.0 618.177774 761.314049 947.594682 1099.856101 1164.947294 1273.956032 1355.799434 1384.104697 1356.969775 1467.973886 1694.718474 1800.611508 1820.527138 1895.182342 1988.232860 2009.625917 2043.425237 2067.584115 2080.415261 2089.369062 2097.847102 2094.673644 2088.859750 2075.793390 2070.404252 2071.475253 2070.575285 2054.435616 2034.682756 2014.817063 2009.184071 1990.982516 1947.235597 1910.904489 1886.504592 1866.315458 1847.352460 1817.616894 1793.537591 1780.138332 1796.219054 1790.338357 1774.693398 1771.076510 1792.175598 1823.891083 1821.827789 1833.914232 1861.195286 1906.073811 1946.800189 1969.356841 1999.267655 2035.230294 2077.148070 2090.747177 2111.869227 2116.508279 2099.117935 2057.644433 2008.176098 1977.003011 1918.604140 1847.554079 1768.556222 1698.734118 1624.665518 1546.714415 1492.505952 1434.923469 1366.780375 1303.162037 1269.537229 1223.749955 1200.295899 -9999.0 -9999.0 -9999.0 -9999.0
-9999.0 538.492682 727.241259 987.590622 1270.532625 1393.911751 1614.974416 1747.757174 1803.415961 1871.547229 1847.950321 1998.043790 2038.522537 2035.713651 2037.226406 2044.601247 2062.305443 2066.920064 2064.078770 2054.484386 2044.584846 2038.540537 2035.382106 2027.496989 2016.381575 2003.724247 1993.238688 1983.339214 1948.241480 1913.246241 1870.696383 1851.342033 1811.113529 1719.091954 1669.107642 1618.671083 1552.541769 1543.907559 1538.731927 1511.891448 1493.509073 1473.574433 1496.113290 1501.199943 1503.730726 1506.655545 1523.674206 1549.849596 1600.098637 1647.023617 1704.712190 1763.422046 1801.075177 1847.744351 1897.603909 1952.895108 1984.026987 2013.980266 2060.652548 2099.050616 2122.937564 2113.249140 2089.035512 2048.141013 1983.947449 1924.349294 1879.200734 1807.350284 1742.794056 1684.383671 1622.544921 1552.653631 1471.763192 1365.349326 1313.925635 -9999.0 -9999.0 -9999.0 -9999.0 -9999.0
-9999.0 357.408804 625.857999 916.062042 1236.989106 1582.272080 1730.314023 1863.564131 1937.100444 1907.837796 1917.698997 1938.519056 1979.536613 1988.716073 1972.277627 1966.998062 1957.901533 1958.440658 1970.193591 1941.554453 1907.281228 1888.253536 1884.005370 1870.661362 1847.614986 1832.303078 1822.493149 1804.686613 1757.884906 1701.180609 1605.733446 1566.600655 1487.067297 1429.320140 1380.628753 1323.854765 1268.104482 1264.966049 1282.088015 1267.970459 1246.409006 1228.520813 1255.560206 1273.734611 1286.129562 1274.790963 1284.288998 1321.668795 1374.461101 1424.308899 1481.562300 1541.371868 1592.983084 1650.150296 1695.637373 1752.037045 1801.361355 1850.055308 1926.857172 2005.859020 2043.628328 2078.564017 2112.433788 2131.050838 2084.446864 2041.748084 1998.127327 1945.742597 1873.429931 1832.637182 1801.395376 1741.255699 1675.643678 -9999.0 -9999.0 -9999.0 -9999.0 -9999.0 -9999.0 -9999.0
-9999.0 231.131656 450.016765 680.639554 969.124888 1215.757214 1421.702427 1544.553126 1631.215138 1673.340320 1712.046134 1746.667730 1776.686909 1799.791540 1781.154213 1745.568363 1719.386820 1723.381388 1716.478732 1686.260461 1645.033556 1618.708547 1609.785496 1599.175096 1572.610533 1557.686647 1547.521864 1525.703984 1492.078572 1433.354413 1347.286766 1270.203990 1206.855181 1173.537771 1141.734496 1106.176867 1068.348768 1077.493691 1090.004978 1086.720942 1076.506450 1073.858189 1103.316337 1122.564543 1132.846656 1121.346781 1140.858395 1168.416650 1211.702755 1257.385649 1309.682856 1367.656597 1424.738156 1459.814447 1481.570289 1512.657682 1556.996412 1619.825620 1719.844869 1822.728576 1907.009959 1958.426153 2010.853418 2047.932738 2065.097218 2081.182742 2062.837770 1990.415647 1886.312901 1898.777809 1903.534196 -9999.0 -9999.0 -9999.0 -9999.0 -9999.0 -9999.0 -9999.0 -9999.0 -9999.0
-9999.0 -9999.0 216.217976 394.649830 534.710777 718.147364 873.381594 990.128154 1083.722306 1200.747538 1308.130568 1392.123455 1435.901543 1453.634374 1440.725171 1409.037293 1388.444355 1387.811102 1375.272276 1359.477127 1331.928485 1317.157885 1301.976208 1291.299125 1279.599741 1273.440211 1268.149679 1256.941539 1234.612426 1186.482216 1135.038920 1081.486647 1026.757706 1000.228944 977.166812 954.294996 951.754177 947.580418 953.230909 954.823708 961.720805 974.408656 994.757382 1016.822784 1026.669022 1035.428509 1048.202074 1072.446270 1106.459909 1149.928941 1205.281920 1264.369626 1306.008973 1321.666402 1315.908172 1324.555511 1349.080582 1398.358132 1489.768937 1586.199753 1698.134520 1779.185156 1857.788681 1919.076083 1941.895073 1961.800132 1982.437718 1922.629183 1659.888722 1829.022070 -9999.0 -9999.0 -9999.0 -9999.0 -9999.0 -9999.0 -9999.0 -9999.0 -9999.0 -9999.0
-9999.0 -9999.0 -9999.0 -9999.0 253.128052 409.630896 508.020228 593.963698 724.700394 846.086180 947.101184 1030.089296 1090.899845 1117.228844 1112.618520 1117.021613 1112.082917 1105.638657 1094.425701 1089.978369 1084.611627 1073.818827 1057.736953 1048.874083 1048.667453 1052.970931 1050.402425 1036.787736 1019.069786 995.187883 973.212978 937.669392 900.714432 870.824437 857.011953 850.509128 849.896498 842.988046 851.780410 859.011603 874.282942 889.679030 913.606572 942.582696 956.226638 970.991257 980.901633 1001.777838 1032.612964 1086.599223 1150.705784 1209.196888 1245.909561 1251.777330 1228.847773 1215.411749 1214.484044 1246.467938 1297.843861 1373.705209 1486.372571 1570.088549 1642.376642 1707.678096 1752.805650 1806.846997 1873.890309 1909.986105 -9999.0 -9999.0 -9999.0 -9999.0 -9999.0 -9999.0 -9999.0 -9999.0 -9999.0 -9999.0 -9999.0 -9999.0
-9999.0 -9999.0 -9999.0 -9999.0 -9999.0 -9999.0 209.875771 311.612763 394.783272 532.050455 660.633401 761.008289 840.539441 871.370529 896.444625 922.646452 920.225485 901.497759 881.725231 898.280346 909.205644 901.573492 870.615491 869.041373 873.066235 881.295235 879.241193 872.852987 847.681351 858.111566 857.778394 833.915631 807.303311 792.846726 780.636505 789.955520 790.046735 776.538579 777.462723 804.144490 824.373081 837.677915 859.724978 893.004358 925.349690 940.453700 941.869600 948.215767 988.835896 1059.501439 1131.460936 1187.175544 1220.156121 1229.159738 1203.007700 1164.272116 1145.564461 1155.383799 1194.187401 1252.515647 1335.753542 1393.527116 1431.919531 1461.411106 1491.432075 1586.871173 -9999.0 -9999.0 -9999.0 -9999.0 -9999.0 -9999.0 -9999.0 -9999.0 -9999.0 -9999.0 -9999.0 -9999.0 -9999.0 -9999.0
-9999.0 -9999.0 -9999.0 -9999.0 -9999.0 -9999.0 -9999.0 -9999.0 -9999.0 -9999.0 -9999.0 -9999.0 -9999.0 -9999.0 -9999.0 -9999.0 -9999.0 -9999.0 -9999.0 -9999.0 -9999.0 -9999.0 -9999.0 -9999.0 -9999.0 -9999.0 -9999.0 -9999.0 -9999.0 -9999.0 -9999.0 -9999.0 -9999.0 -9999.0 -9999.0 -9999.0 -9999.0 -9999.0 -9999.0 -9999.0 -9999.0 -9999.0 -9999.0 -9999.0 -9999.0 -9999.0 -9999.0 -9999.0 -9999.0 -9999.0 -9999.0 -9999.0 -9999.0 -9999.0 -9999.0 -9999.0 -9999.0 -9999.0 -9999.0 -9999.0 -9999.0 -9999.0 -9999.0 -9999.0 -9999.0 -9999.0 -9999.0 -9999.0 -9999.0 -9999.0 -9999.0 -9999.0 -9999.0 -9999.0 -9999.0 -9999.0 -9999.0 -9999.0 -9999.0 -9999.0
-9999.0 -9999.0 -9999.0 -9999.0 -9999.0 -9999.0 -9999.0 -9999.0 -9999.0 -9999.0 -9999.0 -9999.0 -9999.0 -9999.0 -9999.0 -9999.0 -9999.0 -9999.0 -9999.0 -9999.0 -9999.0 -9999.0 -9999.0 -9999.0 -9999.0 -9999.0 -9999.0 -9999.0 -9999.0 -9999.0 -9999.0 -9999.0 -9999.0 -9999.0 -9999.0 -9999.0 -9999.0 -9999.0 -9999.0 -9999.0 -9999.0 -9999.0 -9999.0 -9999.0 -9999.0 -9999.0 -9999.0 -9999.0 -9999.0 -9999.0 -9999.0 -9999.0 -9999.0 -9999.0 -9999.0 -9999.0 -9999.0 -9999.0 -9999.0 -9999.0 -9999.0 -9999.0 -9999.0 -9999.0 -9999.0 -9999.0 -9999.0 -9999.0 -9999.0 -9999.0 -9999.0 -9999.0 -9999.0 -9999.0 -9999.0 -9999.0 -9999.0 -9999.0 -9999.0 -9999.0