Borden_/Borden1m_014/output_maps/psiliqL0013N0009.asc
ncols         80
nrows         18
xllcorner     620200.000000
yllcorner     5168000.000000
cellsize      1.000000
NODATA_value  -9999.0
-9999.0 -9999.0 -9999.0 -9999.0 -9999.0 -9999.0 -9999.0 -9999.0 -9999.0 -9999.0 -9999.0 -9999.0 -9999.0 -9999.0 -9999.0 -9999.0 -9999.0 -9999.0 -9999.0 -9999.0 -9999.0 -9999.0 -9999.0 -9999.0 -9999.0 -9999.0 -9999.0 -9999.0 -9999.0 -9999.0 -9999.0 -9999.0 -9999.0 -9999.0 -9999.0 -9999.0 -9999.0 -9999.0 -9999.0 -9999.0 -9999.0 -9999.0 -9999.0 -9999.0 -9999.0 -9999.0 -9999.0 -9999.0 -9999.0 -9999.0 -9999.0 -9999.0 -9999.0 -9999.0 -9999.0 -9999.0 -9999.0 -9999.0 -9999.0 -9999.0 -9999.0 -9999.0 -9999.0 -9999.0 -9999.0 -9999.0 -9999.0 -9999.0 -9999.0 -9999.0 -9999.0 -9999.0 -9999.0 -9999.0 -9999.0 -9999.0 -9999.0 -9999.0 -9999.0 -9999.0
-9999.0 -9999.0 -9999.0 -9999.0 -9999.0 -9999.0 -9999.0 -9999.0 -9999.0 -9999.0 -9999.0 -9999.0 -9999.0 -9999.0 -9999.0 -9999.0 -9999.0 -9999.0 -9999.0 -9999.0 -9999.0 -9999.0 -9999.0 -9999.0 -9999.0 -9999.0 -9999.0 -9999.0 -9999.0 -9999.0 -9999.0 -9999.0 -9999.0 -9999.0 -9999.0 -9999.0 -9999.0 -9999.0 -9999.0 -9999.0 -9999.0 -9999.0 -9999.0 -9999.0 -9999.0 -9999.0 -9999.0 -9999.0 -9999.0 -9999.0 -9999.0 -9999.0 -9999.0 -9999.0 -9999.0 -9999.0 -9999.0 -9999.0 -9999.0 -9999.0 -9999.0 -9999.0 -9999.0 -9999.0 -9999.0 -9999.0 -9999.0 -9999.0 -9999.0 -9999.0 -9999.0 -9999.0 -9999.0 -9999.0 -9999.0 -9999.0 -9999.0 -9999.0 -9999.0 -9999.0
-9999.0 -9999.0 -9999.0 -9999.0 -9999.0 -9999.0 -9999.0 -9999.0 -9999.0 -9999.0 -9999.0 -9999.0 -9999.0 -9999.0 -9999.0 -9999.0 -9999.0 -9999.0 -9999.0 -9999.0 739.519779 742.344230 720.487533 687.210658 659.834872 662.846043 698.434485 740.502238 779.501902 790.016806 772.751469 776.087104 772.996091 774.081853 779.122484 788.087644 793.847280 806.216523 815.147416 814.826042 808.570434 803.133111 802.916914 805.791739 810.976232 800.438966 814.242532 828.972710 833.252081 826.329483 797.074125 779.490111 769.093900 752.521423 775.864631 786.545839 807.998652 810.937952 808.283815 780.456812 749.839725 -9999.0 -9999.0 -9999.0 -9999.0 -9999.0 -9999.0 -9999.0 -9999.0 -9999.0 -9999.0 -9999.0 -9999.0 -9999.0 -9999.0 -9999.0 -9999.0 -9999.0 -9999.0 -9999.0
-9999.0 -9999.0 -9999.0 -9999.0 -9999.0 -9999.0 -9999.0 -9999.0 -9999.0 -9999.0 -9999.0 -9999.0 -9999.0 -9999.0 647.219417 637.889696 635.608980 644.653232 678.954755 709.815248 722.438740 715.550165 716.191392 693.279961 673.681056 689.008922 720.184904 752.884305 787.858719 808.273910 797.173086 796.007392 807.989768 837.086248 854.656826 855.652525 838.423762 863.180380 879.389509 887.658234 886.411938 877.399045 889.942176 905.198201 898.216202 881.453229 886.992935 898.797608 909.985667 893.385080 825.856329 803.024756 796.845201 788.848694 773.736467 765.795721 789.209833 787.821788 778.293104 759.286252 725.771973 680.931200 661.854612 699.835571 743.169249 800.048527 -9999.0 -9999.0 -9999.0 -9999.0 -9999.0 -9999.0 -9999.0 -9999.0 -9999.0 -9999.0 -9999.0 -9999.0 -9999.0 -9999.0
-9999.0 -9999.0 -9999.0 -9999.0 -9999.0 -9999.0 -9999.0 -9999.0 -9999.0 589.019418 593.668995 601.298256 603.908549 619.911224 618.010550 625.628737 633.494356 661.082530 693.110802 729.398735 759.420404 751.281617 752.531038 763.860546 769.528482 784.456407 809.251165 851.573555 891.719199 931.837242 903.197642 902.271104 925.161290 980.331459 1025.290798 1040.228940 1026.842416 1037.021815 1062.222118 1083.145893 1080.778670 1077.144130 1100.379792 1113.029453 1114.571248 1096.212707 1085.325470 1086.139538 1109.212136 1052.710250 977.425844 919.203729 919.594106 888.439354 848.970013 825.829257 819.098679 836.891193 819.951180 781.215446 743.386621 731.269949 712.865074 728.847384 750.283785 795.944767 834.035335 861.954898 861.129493 843.303413 -9999.0 -9999.0 -9999.0 -9999.0 -9999.0 -9999.0 -9999.0 -9999.0 -9999.0 -9999.0
-9999.0 -9999.0 -9999.0 -9999.0 -9999.0 -9999.0 509.680838 519.425160 540.057891 545.339043 570.965377 578.829759 599.825824 619.547392 641.479042 658.859508 690.070308 724.076990 766.761016 812.715112 848.218308 845.463438 856.778278 888.975323 932.024355 968.816791 1002.885510 1046.765389 1121.233534 1159.719304 1165.997912 1171.772593 1187.285822 1251.370305 1340.590504 1369.846179 1357.885020 1347.119447 1365.904010 1397.451128 1399.550677 1398.150402 1405.635826 1413.149156 1437.910559 1431.503973 1397.954237 1386.411165 1381.377502 1355.943480 1273.939037 1194.828683 1155.743626 1107.013626 1024.393951 963.343906 957.919241 969.270944 936.557020 880.117835 835.589860 821.913592 804.726201 789.522028 794.067895 812.056373 833.576879 843.959905 830.357027 808.710583 785.284475 755.881916 757.105457 781.938579 -9999.0 -9999.0 -9999.0 -9999.0 -9999.0 -9999.0
-9999.0 -9999.0 -9999.0 -9999.0 459.365223 472.464406 460.794918 486.061151 519.176592 553.765120 586.430119 624.089042 651.881890 682.591217 724.197966 761.130778 805.672322 843.297420 901.243937 976.216034 1037.614046 1067.177757 1083.271913 1141.743285 1208.500426 1276.983069 1319.772784 1354.711364 1393.186467 1444.440235 1466.023628 1471.204707 1490.316137 1530.616192 1586.579938 1625.934547 1615.963801 1612.639905 1618.793731 1627.741630 1647.974982 1647.245865 1647.787332 1649.082621 1652.900178 1653.919601 1634.612866 1605.443787 1591.751210 1577.545915 1540.562057 1469.547469 1432.298002 1406.796218 1375.304977 1314.304152 1223.561666 1195.432749 1135.163932 1074.653488 1003.503712 973.823384 938.582329 909.491402 876.658146 875.533734 876.807917 855.167566 822.279078 789.081616 773.069123 753.396024 741.837130 771.201547 788.339618 818.528629 -9999.0 -9999.0 -9999.0 -9999.0
-9999.0 -9999.0 399.985360 449.174395 506.227875 515.560799 517.240268 523.862696 552.930661 605.767126 683.191478 735.916759 779.837661 813.669262 874.927104 959.590508 1038.537212 1091.000539 1154.998580 1237.417683 1323.268350 1366.381777 1383.227009 1417.684446 1469.302764 1533.579501 1567.926167 1596.064473 1622.223369 1648.426122 1658.179428 1670.862105 1679.111119 1683.130991 1691.511533 1696.361248 1696.673742 1695.701495 1680.554564 1677.946794 1684.297539 1688.211442 1689.953433 1677.184854 1673.361274 1686.682806 1691.003697 1691.427619 1690.956391 1695.334124 1695.878915 1658.037312 1621.683058 1609.777605 1600.946911 1554.410933 1484.479757 1441.587013 1419.614240 1373.059348 1278.621371 1212.332396 1154.732096 1099.563473 1038.273851 1001.280015 950.882443 906.605417 858.859014 811.368604 786.237239 766.599656 762.918353 762.028503 777.481672 792.439735 807.502036 815.144703 -9999.0 -9999.0
-9999.0 297.832030 370.425516 497.299619 577.726680 623.622402 659.402286 686.073492 715.308128 740.573762 848.832838 947.560450 1039.472163 1075.202957 1127.796331 1234.534839 1343.166898 1393.952040 1432.980550 1491.240142 1557.249613 1605.387468 1631.217281 1644.014482 1675.893495 1688.480680 1694.256004 1698.695659 1693.563950 1683.623622 1672.703918 1678.225314 1674.930875 1656.826472 1641.214508 1639.620363 1638.035742 1620.152763 1598.104128 1587.415112 1591.342697 1613.225781 1602.708886 1583.913797 1580.245767 1599.081640 1615.780346 1607.176045 1595.357029 1610.558980 1641.575162 1662.326434 1674.911556 1691.287220 1710.528941 1683.721696 1653.325624 1614.701159 1597.547608 1569.054781 1509.611390 1448.101439 1393.742578 1325.565292 1237.160662 1156.626846 1084.374778 1019.067154 950.605679 906.671790 872.191508 818.609870 794.561921 794.541504 784.585574 781.136130 786.873166 793.019666 -9999.0 -9999.0
-9999.0 219.620741 362.454878 547.786941 697.204745 760.294006 871.715803 957.460376 987.687981 964.213818 1076.465249 1310.735078 1411.523396 1426.380957 1492.225983 1575.443758 1602.015447 1634.514143 1656.394952 1665.565327 1674.891279 1685.359041 1683.810658 1678.383934 1666.009353 1661.456870 1663.506835 1663.053814 1646.839556 1626.349424 1607.165818 1602.227053 1583.945319 1538.591582 1498.196233 1478.295413 1465.621334 1451.539449 1425.355398 1404.355982 1393.114478 1410.259682 1403.708849 1388.103845 1384.010169 1403.463837 1432.436693 1426.419483 1432.377574 1453.214187 1494.056827 1538.293573 1562.907696 1591.191137 1624.381223 1664.901337 1679.762972 1700.571823 1704.517161 1684.519398 1643.550359 1596.716146 1567.275145 1508.689809 1433.545951 1349.324859 1266.627566 1195.213234 1121.095464 1065.626069 1009.586318 944.442569 883.269638 855.726897 814.831260 794.123363 -9999.0 -9999.0 -9999.0 -9999.0
-9999.0 144.022447 333.152954 594.179910 868.846376 993.685045 1210.938440 1351.184905 1411.914870 1479.843913 1471.887737 1609.569684 1644.304866 1637.527174 1630.826032 1632.026733 1644.594543 1645.719434 1641.089884 1632.535555 1626.751913 1625.478216 1625.851414 1620.745926 1612.013731 1601.284159 1592.060358 1581.952965 1544.824347 1505.262515 1464.611988 1447.446760 1408.183199 1309.323290 1243.424345 1197.567502 1140.547703 1136.472338 1132.762504 1107.677267 1090.560503 1072.650935 1093.817125 1097.269785 1098.744388 1101.868776 1117.849659 1138.958122 1182.074622 1221.258860 1276.578949 1349.619398 1392.366359 1436.430046 1483.467944 1542.881056 1575.819563 1604.328647 1647.042594 1683.406039 1706.301632 1697.730172 1673.312353 1634.716225 1572.262853 1512.885813 1465.317610 1396.700265 1330.152217 1258.618154 1192.330571 1120.266956 1037.574250 945.999554 901.919090 -9999.0 -9999.0 -9999.0 -9999.0 -9999.0
-9999.0 -29.211826 238.684324 530.147175 854.594850 1198.032428 1332.372082 1466.213121 1545.197244 1517.677145 1525.535207 1546.730052 1584.495011 1590.144195 1570.251725 1559.935171 1543.525637 1535.412681 1542.315071 1513.825719 1485.739477 1474.398777 1475.712233 1466.723216 1447.699488 1434.799293 1425.653386 1406.713570 1353.361193 1282.633995 1186.738346 1152.560656 1076.063817 1013.465838 960.376295 907.061780 855.625013 855.206228 873.434348 859.777099 838.746696 820.997066 847.493263 864.618117 876.176907 864.721264 872.917177 907.646031 956.340554 1000.820354 1054.605091 1116.647503 1167.274775 1219.844593 1263.747849 1337.089682 1392.922292 1439.901988 1512.993734 1590.852769 1626.584796 1661.093367 1695.587202 1714.146797 1669.689604 1629.116083 1588.564487 1540.259024 1468.033900 1423.310814 1386.122756 1308.816787 1214.091232 -9999.0 -9999.0 -9999.0 -9999.0 -9999.0 -9999.0 -9999.0
-9999.0 -157.985415 64.549806 299.756869 590.577420 832.890064 1024.335647 1142.922566 1245.937334 1290.506414 1327.891468 1360.447493 1388.137804 1407.905729 1385.468685 1344.619381 1306.773167 1294.715619 1279.592960 1244.336076 1208.692000 1191.742821 1189.919760 1183.978918 1160.948454 1148.112105 1138.743376 1116.293603 1078.996322 1016.181986 930.467401 857.172389 795.010538 760.436454 728.248978 694.116266 657.373663 668.146238 682.184289 679.069069 668.540190 665.503260 695.015257 713.895961 723.851668 711.402933 729.865626 756.161025 797.410177 839.964682 889.416132 945.832564 1000.376710 1031.907311 1051.629227 1087.543936 1133.381997 1193.582311 1293.644073 1403.717259 1486.752337 1541.540473 1593.887708 1629.209791 1647.732639 1669.244276 1654.234496 1583.568999 1472.684374 1495.325616 1499.552695 -9999.0 -9999.0 -9999.0 -9999.0 -9999.0 -9999.0 -9999.0 -9999.0 -9999.0
-9999.0 -9999.0 -170.638099 10.993956 156.147358 338.868454 490.173615 602.191684 694.227391 807.560926 912.023356 993.683416 1035.564287 1051.240440 1034.725405 996.745913 968.205111 961.159574 945.913974 929.457257 905.479840 896.255847 886.078670 878.759637 868.609226 863.416626 858.692013 847.367389 824.032823 775.053322 723.057518 670.332094 616.097829 590.150705 567.592017 545.306478 543.128553 540.360285 546.895153 548.698830 555.301003 567.778111 588.265187 609.997653 619.502065 627.378799 639.579856 662.923428 695.734137 737.351557 790.706573 847.748776 887.060756 900.159970 892.496207 900.893231 924.518823 970.849798 1059.387036 1153.783076 1261.690512 1354.618314 1435.517166 1494.485370 1523.496036 1551.115876 1576.604562 1509.909085 1118.873843 1417.879453 -9999.0 -9999.0 -9999.0 -9999.0 -9999.0 -9999.0 -9999.0 -9999.0 -9999.0 -9999.0
-9999.0 -9999.0 -9999.0 -9999.0 -132.606429 23.624190 119.655446 203.614440 331.424621 449.458018 548.270395 629.262574 687.146041 711.674939 703.506378 702.585882 693.911931 686.077330 674.661406 670.108483 666.180045 658.319770 645.530109 638.492594 639.208398 643.985256 641.985178 628.665593 611.427219 586.398725 563.925110 528.775598 492.081638 462.709399 449.465206 443.226869 443.316679 437.256197 446.592252 453.748482 469.013051 484.486964 508.453386 537.159613 550.322621 564.663829 574.161906 594.534245 624.441341 677.231854 739.914012 796.688018 831.374501 835.320594 810.349602 795.348999 792.618663 821.670808 869.667544 941.596987 1048.920538 1131.730442 1200.525357 1262.839210 1324.561201 1392.693644 1472.660807 1510.805885 -9999.0 -9999.0 -9999.0 -9999.0 -9999.0 -9999.0 -9999.0 -9999.0 -9999.0 -9999.0 -9999.0 -9999.0
-9999.0 -9999.0 -9999.0 -9999.0 -9999.0 -9999.0 -181.356550 -82.097481 2.096359 134.430450 258.093435 355.759470 433.178320 461.448244 483.082536 506.768668 502.352575 483.282299 464.299746 481.220486 492.680297 487.162433 458.517332 457.933320 462.529905 471.642254 470.210459 464.116739 439.216876 449.003863 448.529850 425.248627 399.149296 385.029032 373.352750 383.199740 383.851807 370.965588 372.608633 399.231537 419.370408 432.759443 454.943296 488.105662 520.199529 534.827584 535.804020 541.724395 582.118694 651.950822 722.589130 776.728646 808.023921 815.423966 787.442022 746.885782 725.907020 732.952904 768.253469 822.517246 900.872440 954.306099 988.103316 1014.445244 1050.493432 1151.354585 -9999.0 -9999.0 -9999.0 -9999.0 -9999.0 -9999.0 -9999.0 -9999.0 -9999.0 -9999.0 -9999.0 -9999.0 -9999.0 -9999.0
-9999.0 -9999.0 -9999.0 -9999.0 -9999.0 -9999.0 -9999.0 -9999.0 -9999.0 -9999.0 -9999.0 -9999.0 -9999.0 -9999.0 -9999.0 -9999.0 -9999.0 -9999.0 -9999.0 -9999.0 -9999.0 -9999.0 -9999.0 -9999.0 -9999.0 -9999.0 -9999.0 -9999.0 -9999.0 -9999.0 -9999.0 -9999.0 -9999.0 -9999.0 -9999.0 -9999.0 -9999.0 -9999.0 -9999.0 -9999.0 -9999.0 -9999.0 -9999.0 -9999.0 -9999.0 -9999.0 -9999.0 -9999.0 -9999.0 -9999.0 -9999.0 -9999.0 -9999.0 -9999.0 -9999.0 -9999.0 -9999.0 -9999.0 -9999.0 -9999.0 -9999.0 -9999.0 -9999.0 -9999.0 -9999.0 -9999.0 -9999.0 -9999.0 -9999.0 -9999.0 -9999.0 -9999.0 -9999.0 -9999.0 -9999.0 -9999.0 -9999.0 -9999.0 -9999.0 -9999.0
-9999.0 -9999.0 -9999.0 -9999.0 -9999.0 -9999.0 -9999.0 -9999.0 -9999.0 -9999.0 -9999.0 -9999.0 -9999.0 -9999.0 -9999.0 -9999.0 -9999.0 -9999.0 -9999.0 -9999.0 -9999.0 -9999.0 -9999.0 -9999.0 -9999.0 -9999.0 -9999.0 -9999.0 -9999.0 -9999.0 -9999.0 -9999.0 -9999.0 -9999.0 -9999.0 -9999.0 -9999.0 -9999.0 -9999.0 -9999.0 -9999.0 -9999.0 -9999.0 -9999.0 -9999.0 -9999.0 -9999.0 -9999.0 -9999.0 -9999.0 -9999.0 -9999.0 -9999.0 -9999.0 -9999.0 -9999.0 -9999.0 -9999.0 -9999.0 -9999.0 -9999.0 -9999.0 -9999.0 -9999.0 -9999.0 -9999.0 -9999.0 -9999.0 -9999.0 -9999.0 -9999.0 -9999.0 -9999.0 -9999.0 -9999.0 -9999.0 -9999.0 -9999.0 -9999.0 -9999.0