Borden_/Borden1m_014/output_maps/psiliqL0013N0006.asc
ncols         80
nrows         18
xllcorner     620200.000000
yllcorner     5168000.000000
cellsize      1.000000
NODATA_value  -9999.0
-9999.0 -9999.0 -9999.0 -9999.0 -9999.0 -9999.0 -9999.0 -9999.0 -9999.0 -9999.0 -9999.0 -9999.0 -9999.0 -9999.0 -9999.0 -9999.0 -9999.0 -9999.0 -9999.0 -9999.0 -9999.0 -9999.0 -9999.0 -9999.0 -9999.0 -9999.0 -9999.0 -9999.0 -9999.0 -9999.0 -9999.0 -9999.0 -9999.0 -9999.0 -9999.0 -9999.0 -9999.0 -9999.0 -9999.0 -9999.0 -9999.0 -9999.0 -9999.0 -9999.0 -9999.0 -9999.0 -9999.0 -9999.0 -9999.0 -9999.0 -9999.0 -9999.0 -9999.0 -9999.0 -9999.0 -9999.0 -9999.0 -9999.0 -9999.0 -9999.0 -9999.0 -9999.0 -9999.0 -9999.0 -9999.0 -9999.0 -9999.0 -9999.0 -9999.0 -9999.0 -9999.0 -9999.0 -9999.0 -9999.0 -9999.0 -9999.0 -9999.0 -9999.0 -9999.0 -9999.0
-9999.0 -9999.0 -9999.0 -9999.0 -9999.0 -9999.0 -9999.0 -9999.0 -9999.0 -9999.0 -9999.0 -9999.0 -9999.0 -9999.0 -9999.0 -9999.0 -9999.0 -9999.0 -9999.0 -9999.0 -9999.0 -9999.0 -9999.0 -9999.0 -9999.0 -9999.0 -9999.0 -9999.0 -9999.0 -9999.0 -9999.0 -9999.0 -9999.0 -9999.0 -9999.0 -9999.0 -9999.0 -9999.0 -9999.0 -9999.0 -9999.0 -9999.0 -9999.0 -9999.0 -9999.0 -9999.0 -9999.0 -9999.0 -9999.0 -9999.0 -9999.0 -9999.0 -9999.0 -9999.0 -9999.0 -9999.0 -9999.0 -9999.0 -9999.0 -9999.0 -9999.0 -9999.0 -9999.0 -9999.0 -9999.0 -9999.0 -9999.0 -9999.0 -9999.0 -9999.0 -9999.0 -9999.0 -9999.0 -9999.0 -9999.0 -9999.0 -9999.0 -9999.0 -9999.0 -9999.0
-9999.0 -9999.0 -9999.0 -9999.0 -9999.0 -9999.0 -9999.0 -9999.0 -9999.0 -9999.0 -9999.0 -9999.0 -9999.0 -9999.0 -9999.0 -9999.0 -9999.0 -9999.0 -9999.0 -9999.0 735.795658 738.531683 716.555224 683.100343 655.422310 657.987335 693.104254 734.885336 773.816398 784.251164 766.652046 769.216939 764.796214 764.013623 766.983706 774.229229 778.790754 790.868135 800.608293 801.864918 797.181713 792.921814 793.411961 796.582369 801.713038 790.787890 803.940176 817.919752 821.712230 815.081403 786.990833 770.796552 761.547361 745.782606 769.688137 780.863532 802.871869 806.350527 804.140044 776.627371 746.192561 -9999.0 -9999.0 -9999.0 -9999.0 -9999.0 -9999.0 -9999.0 -9999.0 -9999.0 -9999.0 -9999.0 -9999.0 -9999.0 -9999.0 -9999.0 -9999.0 -9999.0 -9999.0 -9999.0
-9999.0 -9999.0 -9999.0 -9999.0 -9999.0 -9999.0 -9999.0 -9999.0 -9999.0 -9999.0 -9999.0 -9999.0 -9999.0 -9999.0 644.841489 635.337946 632.759051 641.389431 675.179822 705.552539 717.978022 710.922622 711.404021 688.212782 668.074165 682.580753 712.942955 745.338286 780.545383 801.175826 789.868762 787.781549 797.861876 823.937149 838.024007 836.487342 817.133716 841.358889 859.388040 871.103275 872.768167 865.619521 879.118156 894.709174 887.630099 870.316343 874.772099 885.074831 894.854880 878.159869 812.686738 792.267443 787.791486 780.772514 766.181854 758.709729 782.903850 782.303881 773.397567 754.824500 721.606407 676.935462 658.108803 696.306510 739.848052 796.895700 -9999.0 -9999.0 -9999.0 -9999.0 -9999.0 -9999.0 -9999.0 -9999.0 -9999.0 -9999.0 -9999.0 -9999.0 -9999.0 -9999.0
-9999.0 -9999.0 -9999.0 -9999.0 -9999.0 -9999.0 -9999.0 -9999.0 -9999.0 587.141141 591.688179 599.161001 601.583347 617.380281 615.308562 622.630566 630.077995 657.088402 688.347727 723.741614 753.027738 744.631606 745.744378 756.571279 760.986811 773.840723 796.533321 838.564507 880.196826 921.556390 893.147360 891.020387 910.652148 959.699623 997.111194 1008.022800 989.012180 997.509200 1027.773435 1058.476578 1062.734444 1062.512733 1087.223312 1100.328884 1101.687680 1082.441281 1069.610635 1067.134825 1085.877199 1027.052652 956.330440 903.633010 907.179415 877.300844 837.963129 814.898815 809.813582 829.193129 813.353469 775.292972 737.923187 726.216265 708.183730 724.489950 746.266458 792.242420 830.542250 858.798056 858.309104 840.721677 -9999.0 -9999.0 -9999.0 -9999.0 -9999.0 -9999.0 -9999.0 -9999.0 -9999.0 -9999.0
-9999.0 -9999.0 -9999.0 -9999.0 -9999.0 -9999.0 507.953089 517.548247 537.995689 543.156207 568.601312 576.243938 596.987530 616.393431 637.918111 654.762014 685.323173 718.429585 759.730008 803.709349 837.329959 834.675086 846.367611 877.768571 917.781610 948.708871 976.325302 1020.641767 1101.480326 1144.391869 1152.007045 1156.395644 1166.789021 1219.552379 1294.302940 1319.897807 1293.793613 1277.883173 1308.740944 1363.903767 1378.722110 1382.621248 1392.057886 1400.016089 1424.442227 1416.904719 1380.725954 1363.791954 1349.156873 1313.805091 1240.186210 1172.376329 1138.670191 1090.991215 1006.422820 942.898230 942.252565 957.466262 926.872000 871.438875 827.474762 814.519190 797.878113 783.124480 788.315247 806.937135 829.062003 840.032217 826.952246 805.732662 782.618788 753.588796 755.156767 780.228812 -9999.0 -9999.0 -9999.0 -9999.0 -9999.0 -9999.0
-9999.0 -9999.0 -9999.0 -9999.0 457.795755 470.657840 458.757319 483.730323 516.529956 550.810931 583.133803 620.422418 647.848014 678.052539 718.893544 754.833262 798.513129 834.838260 890.113942 960.284207 1016.408952 1048.658575 1067.495954 1125.431023 1186.382795 1241.464404 1268.151340 1307.159671 1364.478195 1426.244517 1451.219377 1455.960311 1471.569635 1505.076922 1552.988186 1588.339083 1571.572220 1566.384569 1579.398661 1600.694370 1628.873039 1631.783372 1633.445278 1634.646953 1638.006943 1638.363976 1617.421649 1584.750695 1565.627086 1547.243713 1514.127455 1448.756177 1414.329047 1387.545919 1348.612695 1275.764966 1198.138607 1178.282763 1121.422007 1061.505131 990.110289 961.828194 927.267984 898.444413 867.111478 867.330142 869.929153 849.432060 817.451338 785.008851 769.626347 750.525387 739.492893 769.308516 786.808203 817.255860 -9999.0 -9999.0 -9999.0 -9999.0
-9999.0 -9999.0 398.887092 447.762230 504.345173 513.090430 514.169090 520.269688 548.844386 601.156887 677.944711 730.047010 773.585234 806.740067 866.579448 949.108066 1027.402265 1078.614634 1138.497412 1211.312377 1284.776402 1339.365372 1364.563461 1401.045517 1449.963579 1507.300978 1534.104622 1563.944621 1599.032163 1631.386149 1643.319853 1655.669212 1661.703200 1662.307728 1667.254715 1669.970357 1667.953069 1666.825469 1654.958292 1657.484766 1667.379842 1672.633221 1673.960651 1659.947704 1655.357450 1669.185867 1673.683368 1672.962897 1670.288631 1672.973959 1674.246913 1638.036702 1603.067763 1590.579404 1578.251209 1527.431445 1463.422338 1425.224819 1404.697358 1355.898574 1257.335499 1193.517918 1135.476596 1077.968315 1020.819477 986.673896 939.327167 897.376678 851.182217 805.010217 781.002530 762.328586 759.572023 759.527604 775.643123 791.091732 806.525694 814.356338 -9999.0 -9999.0
-9999.0 296.936248 369.249833 495.502784 574.905325 619.382893 653.742310 679.560007 708.071532 732.571621 839.939512 937.893895 1029.726647 1064.741816 1115.031224 1217.555285 1328.073389 1379.882554 1417.074029 1470.545839 1531.500888 1584.412687 1614.704761 1628.853948 1659.960983 1669.826517 1672.569579 1677.001824 1674.629696 1667.623503 1658.331520 1663.328680 1657.934966 1637.394247 1621.619132 1620.340747 1618.762629 1601.315334 1580.638995 1571.668739 1576.482589 1597.791378 1585.034015 1563.058902 1557.638624 1579.451701 1598.728264 1590.808319 1578.112681 1591.611843 1620.715553 1639.977585 1653.533079 1670.800382 1689.609583 1662.286331 1634.964890 1599.093993 1582.945345 1553.414966 1491.728163 1428.507594 1366.683776 1285.579962 1206.703677 1129.713962 1064.244062 1003.582082 937.359976 895.725964 863.306996 811.375739 789.116755 790.812236 782.075780 779.459405 785.816675 792.208244 -9999.0 -9999.0
-9999.0 218.693667 361.056637 545.225639 692.346970 751.811625 859.759649 944.854052 974.360508 950.014006 1061.452646 1296.294461 1398.487161 1413.640214 1478.296618 1559.191543 1586.033871 1619.079436 1640.744455 1648.787496 1657.137098 1669.467435 1670.011448 1665.669077 1653.533195 1647.850160 1647.983563 1645.870701 1628.902920 1610.193112 1592.796787 1587.213388 1564.984991 1513.947652 1477.575946 1461.427409 1450.726178 1437.511107 1411.848553 1391.141470 1379.534202 1395.084218 1385.085712 1364.364904 1356.671273 1382.065554 1415.521436 1411.025605 1416.089823 1433.757059 1468.888075 1507.250085 1535.832143 1568.067552 1602.339712 1642.747670 1660.312331 1683.837613 1689.103712 1669.189416 1627.671289 1579.225227 1545.236302 1479.144710 1400.964968 1307.228319 1235.284613 1170.648239 1097.420999 1045.837697 993.652858 930.869238 873.436248 849.853392 811.189697 791.830178 -9999.0 -9999.0 -9999.0 -9999.0
-9999.0 143.074285 331.510723 590.565229 860.394544 976.001675 1186.055928 1328.607752 1388.446137 1455.050968 1447.948556 1588.851705 1626.814645 1621.295177 1613.630759 1612.019131 1624.059776 1626.719048 1623.897817 1617.000670 1612.571335 1612.886636 1614.616882 1610.316643 1601.725248 1589.991588 1578.296131 1563.790526 1521.257487 1484.724084 1448.385944 1431.249364 1385.284764 1273.153988 1218.642336 1180.798272 1127.552790 1124.693517 1121.196281 1095.925405 1078.194136 1058.961843 1077.705002 1078.168986 1078.310616 1084.399572 1102.895393 1124.636271 1166.081937 1200.229588 1244.965108 1304.741037 1358.116110 1409.549393 1456.663718 1513.045573 1552.104655 1585.584582 1630.219004 1667.201890 1690.023321 1680.564701 1654.601954 1613.172207 1547.933487 1484.133860 1439.206230 1368.871947 1293.330724 1226.285966 1165.177372 1093.253270 1018.419777 937.194157 896.685903 -9999.0 -9999.0 -9999.0 -9999.0 -9999.0
-9999.0 -30.016390 237.036597 525.974830 843.026122 1169.842141 1303.060502 1436.353388 1506.664557 1474.604195 1485.787905 1517.541187 1562.842315 1570.549174 1547.007968 1528.426348 1509.993580 1506.466503 1518.592458 1495.467636 1471.302040 1462.407261 1465.133495 1456.932776 1438.078536 1424.159608 1411.810669 1385.158597 1318.827484 1255.204370 1168.959003 1138.271313 1060.803865 995.215691 946.325409 896.587791 847.084748 847.310199 865.530716 851.593236 830.033495 811.429653 836.714427 852.599998 863.802163 853.405089 862.571427 897.380771 944.891263 986.384468 1034.627200 1090.277271 1142.045594 1194.596060 1232.248789 1294.325101 1363.087107 1418.054512 1492.629034 1572.309498 1608.269506 1641.747827 1676.439603 1694.933656 1650.096792 1609.054554 1569.178484 1519.236844 1442.411338 1396.554661 1353.770966 1260.025252 1176.818924 -9999.0 -9999.0 -9999.0 -9999.0 -9999.0 -9999.0 -9999.0
-9999.0 -158.584560 63.307445 296.863939 583.588092 818.098556 1003.643004 1110.475651 1189.952369 1224.351420 1268.377906 1323.290106 1363.833908 1386.129071 1355.990538 1296.247469 1253.659086 1251.767905 1246.320229 1221.264064 1192.435670 1178.996058 1178.783950 1173.788605 1151.313117 1138.073698 1127.038151 1101.262322 1059.957807 1000.317623 919.032770 848.090027 786.541264 751.890498 720.959831 688.049498 652.052116 663.046213 676.991564 673.630955 662.749014 659.232662 688.153244 706.535407 716.377242 704.267015 723.026224 749.255900 789.854367 830.916299 877.931325 931.662568 985.169037 1015.436769 1031.814282 1063.141118 1111.635012 1172.385884 1268.435353 1381.082282 1463.244323 1514.822780 1571.334823 1609.078129 1628.240432 1651.720583 1638.556243 1568.250431 1456.393214 1476.993910 1476.873867 -9999.0 -9999.0 -9999.0 -9999.0 -9999.0 -9999.0 -9999.0 -9999.0 -9999.0
-9999.0 -9999.0 -171.427142 9.344666 152.968242 332.846782 480.701598 587.079114 670.291787 777.497680 881.925651 969.695060 1016.781998 1033.887709 1014.652072 970.885280 941.841191 938.794686 927.892469 915.864093 895.130861 887.800298 878.623383 871.850636 861.945198 856.563443 851.186077 838.834977 814.693657 766.778658 716.361511 664.795704 611.202907 585.595822 563.500400 541.622503 539.687137 536.967952 543.406066 545.021923 551.382676 563.583412 583.788763 605.311193 614.763726 622.734181 635.006590 658.240547 690.642138 731.477760 783.702605 839.486033 877.846011 889.969831 880.854079 887.601982 910.969612 956.258881 1041.835206 1133.150045 1233.144410 1315.831764 1406.964810 1469.447250 1497.231557 1530.786588 1561.387262 1497.508298 1109.759566 1405.513955 -9999.0 -9999.0 -9999.0 -9999.0 -9999.0 -9999.0 -9999.0 -9999.0 -9999.0 -9999.0
-9999.0 -9999.0 -9999.0 -9999.0 -134.244665 20.852915 115.659918 197.555187 322.276152 437.461787 534.960315 616.522641 675.434231 700.345448 691.638773 689.710501 681.369129 674.985257 665.267243 662.391165 659.798815 652.845671 640.613152 633.870325 634.679498 639.361837 637.133068 623.553408 606.237434 581.613130 559.745695 525.144588 488.873184 459.810357 446.816875 440.758251 440.936498 434.874938 444.127981 451.147759 466.240644 481.529712 505.315951 533.885864 546.992263 561.338429 570.834643 591.115764 620.765886 673.081706 735.111483 791.183912 825.205935 828.484157 802.748209 786.940299 783.575740 811.620865 857.736671 926.835847 1029.256337 1106.368094 1175.267919 1232.994105 1285.145112 1365.892802 1455.600198 1497.886786 -9999.0 -9999.0 -9999.0 -9999.0 -9999.0 -9999.0 -9999.0 -9999.0 -9999.0 -9999.0 -9999.0 -9999.0
-9999.0 -9999.0 -9999.0 -9999.0 -9999.0 -9999.0 -183.135638 -84.874243 -2.006333 128.580895 250.897411 347.899273 425.229025 453.487001 474.978066 498.538081 494.493484 476.201354 458.111615 475.834460 487.974001 482.985917 454.723171 454.328760 458.971597 468.027353 466.509518 460.367606 435.549482 445.559368 445.419743 422.495316 396.694829 382.795080 371.277283 381.229187 381.922878 369.017892 370.591947 397.107775 417.115176 430.369036 452.421834 485.468611 517.486002 532.082261 533.029448 538.863702 579.065152 648.548543 718.702259 772.331013 803.111543 809.980614 781.430611 740.281565 718.679905 724.835460 758.751748 810.993155 886.382475 936.619753 968.630407 991.876051 1023.789584 1127.232632 -9999.0 -9999.0 -9999.0 -9999.0 -9999.0 -9999.0 -9999.0 -9999.0 -9999.0 -9999.0 -9999.0 -9999.0 -9999.0 -9999.0
-9999.0 -9999.0 -9999.0 -9999.0 -9999.0 -9999.0 -9999.0 -9999.0 -9999.0 -9999.0 -9999.0 -9999.0 -9999.0 -9999.0 -9999.0 -9999.0 -9999.0 -9999.0 -9999.0 -9999.0 -9999.0 -9999.0 -9999.0 -9999.0 -9999.0 -9999.0 -9999.0 -9999.0 -9999.0 -9999.0 -9999.0 -9999.0 -9999.0 -9999.0 -9999.0 -9999.0 -9999.0 -9999.0 -9999.0 -9999.0 -9999.0 -9999.0 -9999.0 -9999.0 -9999.0 -9999.0 -9999.0 -9999.0 -9999.0 -9999.0 -9999.0 -9999.0 -9999.0 -9999.0 -9999.0 -9999.0 -9999.0 -9999.0 -9999.0 -9999.0 -9999.0 -9999.0 -9999.0 -9999.0 -9999.0 -9999.0 -9999.0 -9999.0 -9999.0 -9999.0 -9999.0 -9999.0 -9999.0 -9999.0 -9999.0 -9999.0 -9999.0 -9999.0 -9999.0 -9999.0
-9999.0 -9999.0 -9999.0 -9999.0 -9999.0 -9999.0 -9999.0 -9999.0 -9999.0 -9999.0 -9999.0 -9999.0 -9999.0 -9999.0 -9999.0 -9999.0 -9999.0 -9999.0 -9999.0 -9999.0 -9999.0 -9999.0 -9999.0 -9999.0 -9999.0 -9999.0 -9999.0 -9999.0 -9999.0 -9999.0 -9999.0 -9999.0 -9999.0 -9999.0 -9999.0 -9999.0 -9999.0 -9999.0 -9999.0 -9999.0 -9999.0 -9999.0 -9999.0 -9999.0 -9999.0 -9999.0 -9999.0 -9999.0 -9999.0 -9999.0 -9999.0 -9999.0 -9999.0 -9999.0 -9999.0 -9999.0 -9999.0 -9999.0 -9999.0 -9999.0 -9999.0 -9999.0 -9999.0 -9999.0 -9999.0 -9999.0 -9999.0 -9999.0 -9999.0 -9999.0 -9999.0 -9999.0 -9999.0 -9999.0 -9999.0 -9999.0 -9999.0 -9999.0 -9999.0 -9999.0