Borden_/Borden1m_014/output_maps/psiliqL0003N0019.asc
ncols         80
nrows         18
xllcorner     620200.000000
yllcorner     5168000.000000
cellsize      1.000000
NODATA_value  -9999.0
-9999.0 -9999.0 -9999.0 -9999.0 -9999.0 -9999.0 -9999.0 -9999.0 -9999.0 -9999.0 -9999.0 -9999.0 -9999.0 -9999.0 -9999.0 -9999.0 -9999.0 -9999.0 -9999.0 -9999.0 -9999.0 -9999.0 -9999.0 -9999.0 -9999.0 -9999.0 -9999.0 -9999.0 -9999.0 -9999.0 -9999.0 -9999.0 -9999.0 -9999.0 -9999.0 -9999.0 -9999.0 -9999.0 -9999.0 -9999.0 -9999.0 -9999.0 -9999.0 -9999.0 -9999.0 -9999.0 -9999.0 -9999.0 -9999.0 -9999.0 -9999.0 -9999.0 -9999.0 -9999.0 -9999.0 -9999.0 -9999.0 -9999.0 -9999.0 -9999.0 -9999.0 -9999.0 -9999.0 -9999.0 -9999.0 -9999.0 -9999.0 -9999.0 -9999.0 -9999.0 -9999.0 -9999.0 -9999.0 -9999.0 -9999.0 -9999.0 -9999.0 -9999.0 -9999.0 -9999.0
-9999.0 -9999.0 -9999.0 -9999.0 -9999.0 -9999.0 -9999.0 -9999.0 -9999.0 -9999.0 -9999.0 -9999.0 -9999.0 -9999.0 -9999.0 -9999.0 -9999.0 -9999.0 -9999.0 -9999.0 -9999.0 -9999.0 -9999.0 -9999.0 -9999.0 -9999.0 -9999.0 -9999.0 -9999.0 -9999.0 -9999.0 -9999.0 -9999.0 -9999.0 -9999.0 -9999.0 -9999.0 -9999.0 -9999.0 -9999.0 -9999.0 -9999.0 -9999.0 -9999.0 -9999.0 -9999.0 -9999.0 -9999.0 -9999.0 -9999.0 -9999.0 -9999.0 -9999.0 -9999.0 -9999.0 -9999.0 -9999.0 -9999.0 -9999.0 -9999.0 -9999.0 -9999.0 -9999.0 -9999.0 -9999.0 -9999.0 -9999.0 -9999.0 -9999.0 -9999.0 -9999.0 -9999.0 -9999.0 -9999.0 -9999.0 -9999.0 -9999.0 -9999.0 -9999.0 -9999.0
-9999.0 -9999.0 -9999.0 -9999.0 -9999.0 -9999.0 -9999.0 -9999.0 -9999.0 -9999.0 -9999.0 -9999.0 -9999.0 -9999.0 -9999.0 -9999.0 -9999.0 -9999.0 -9999.0 -9999.0 -533.769493 -532.361110 -535.285032 -538.611550 -541.471758 -541.867365 -538.702107 -535.122456 -531.009310 -530.269157 -533.688893 -532.783128 -534.149332 -534.997653 -535.124740 -534.159927 -533.656810 -532.366319 -531.570664 -532.014831 -533.049700 -533.751844 -534.419399 -534.247793 -533.046147 -534.698647 -532.354157 -530.115525 -529.375130 -529.301179 -532.216207 -533.367819 -533.787807 -536.497021 -531.629783 -530.306088 -526.858292 -526.564085 -525.872043 -529.728790 -533.554474 -9999.0 -9999.0 -9999.0 -9999.0 -9999.0 -9999.0 -9999.0 -9999.0 -9999.0 -9999.0 -9999.0 -9999.0 -9999.0 -9999.0 -9999.0 -9999.0 -9999.0 -9999.0 -9999.0
-9999.0 -9999.0 -9999.0 -9999.0 -9999.0 -9999.0 -9999.0 -9999.0 -9999.0 -9999.0 -9999.0 -9999.0 -9999.0 -9999.0 -538.875437 -540.530564 -541.319322 -541.900356 -539.053626 -536.882915 -536.922589 -538.643686 -537.173478 -540.468213 -543.437782 -541.673455 -539.249080 -537.375543 -534.157866 -531.688878 -534.047721 -534.634331 -533.416902 -528.984076 -527.109043 -528.087083 -533.429005 -528.382855 -525.961180 -524.426146 -524.643937 -527.077659 -523.818516 -519.998225 -522.009009 -526.069473 -525.114777 -522.829499 -519.113313 -520.851762 -533.616881 -534.722288 -533.979310 -533.602206 -535.361402 -536.649319 -531.745494 -532.508485 -533.251638 -533.964386 -536.664861 -541.214344 -543.300008 -538.456987 -534.358372 -525.878344 -9999.0 -9999.0 -9999.0 -9999.0 -9999.0 -9999.0 -9999.0 -9999.0 -9999.0 -9999.0 -9999.0 -9999.0 -9999.0 -9999.0
-9999.0 -9999.0 -9999.0 -9999.0 -9999.0 -9999.0 -9999.0 -9999.0 -9999.0 -541.382347 -541.869900 -541.432224 -542.593687 -541.171620 -543.741132 -543.190382 -543.735662 -541.766414 -540.293565 -537.645719 -534.005238 -536.794075 -537.184261 -535.303797 -535.219991 -534.597831 -533.100685 -527.277870 -520.841456 -510.500445 -519.650691 -520.093488 -515.288686 -496.758835 -480.873415 -476.688728 -484.430623 -484.421011 -474.435987 -462.784351 -463.675856 -464.899385 -452.496660 -445.337238 -440.112800 -451.275751 -461.525157 -463.235778 -447.829939 -473.629158 -496.975661 -517.256573 -515.572130 -522.123607 -529.304118 -531.865119 -532.942876 -527.433519 -529.417204 -534.280691 -538.257292 -536.810369 -539.146737 -536.829447 -535.373766 -528.940107 -523.244491 -517.693828 -517.435506 -520.993732 -9999.0 -9999.0 -9999.0 -9999.0 -9999.0 -9999.0 -9999.0 -9999.0 -9999.0 -9999.0
-9999.0 -9999.0 -9999.0 -9999.0 -9999.0 -9999.0 -544.046479 -544.288571 -543.393306 -546.612151 -544.506683 -546.119121 -544.627662 -544.061524 -543.126208 -543.247445 -540.838702 -538.774911 -535.228143 -530.488836 -526.047567 -528.683457 -527.593908 -521.300607 -508.109036 -495.648062 -488.271475 -475.374611 -433.970689 -387.616963 -357.135292 -336.393855 -287.274836 -267.881048 -234.671517 -173.297766 -238.306511 -250.991285 -242.424677 -217.769888 -145.559463 -144.432563 -139.290390 -132.345224 -106.686647 -112.070382 -213.904687 -232.307964 -236.048240 -238.992756 -262.539187 -291.870249 -402.585806 -445.401655 -482.038706 -502.204275 -506.202822 -503.389605 -511.539915 -522.727307 -529.313628 -529.142473 -530.364266 -532.860641 -531.584871 -529.017584 -525.039246 -522.504220 -524.391475 -526.920375 -528.717094 -532.966257 -532.252604 -528.125087 -9999.0 -9999.0 -9999.0 -9999.0 -9999.0 -9999.0
-9999.0 -9999.0 -9999.0 -9999.0 -548.727072 -547.311668 -551.682349 -549.283190 -547.516782 -546.244340 -546.470629 -544.209762 -543.738043 -542.180464 -538.772888 -536.321658 -531.606802 -528.144973 -518.123690 -496.029129 -475.319273 -463.331333 -457.509518 -405.805177 -287.345444 -260.141510 -253.057833 -241.500664 -212.209731 -98.355953 -72.235441 -91.537301 -47.558529 -48.092280 16.529837 47.656782 30.992724 -5.344576 25.980114 32.939469 56.684218 57.237998 58.139544 58.191467 60.165651 61.879579 42.227199 -18.187152 1.108590 -36.677267 -23.619340 -83.163677 -182.966589 -215.813940 -229.007391 -250.815574 -283.613747 -325.399034 -427.485569 -460.869338 -489.732173 -500.753206 -510.918974 -515.801475 -522.572977 -521.155117 -519.082353 -522.518648 -526.984422 -531.220038 -531.597618 -533.437804 -535.669745 -530.229378 -528.454080 -522.745634 -9999.0 -9999.0 -9999.0 -9999.0
-9999.0 -9999.0 -548.791771 -548.885110 -545.136918 -547.648201 -549.201495 -551.347181 -550.626450 -547.105202 -540.636345 -538.214034 -534.082915 -531.906418 -521.946517 -495.964332 -467.092473 -444.058927 -372.823088 -279.842866 -249.949881 -227.653387 -155.782932 -136.264010 -74.302983 -29.089854 -6.018929 13.632591 36.126470 62.595144 88.461753 100.361326 109.657094 100.975748 103.061829 98.741700 99.086043 92.935220 77.706124 74.795800 82.378446 83.849628 87.923733 75.362288 71.791071 84.028333 86.431508 85.759362 89.509001 95.801817 107.916075 78.596666 26.024689 -14.105737 11.920252 -24.755811 -81.449990 -169.579140 -201.816182 -228.590850 -266.471717 -291.821047 -407.134629 -452.997349 -480.758588 -494.149036 -507.416902 -515.636697 -523.188380 -530.296696 -532.348137 -533.524310 -532.395734 -533.236917 -530.366469 -528.287006 -525.098189 -523.940759 -9999.0 -9999.0
-9999.0 -549.820325 -551.359991 -544.800026 -544.050852 -542.997840 -541.713142 -540.600306 -538.946465 -541.481784 -524.298632 -491.838426 -459.206698 -447.599880 -393.297193 -272.061459 -156.086569 -141.492220 -97.072411 -83.899443 -8.578626 28.325023 52.670608 84.627037 109.425154 102.337678 101.361131 100.174050 90.485561 84.215931 73.618060 82.700025 80.125972 66.111035 53.808483 52.884756 50.083429 24.144443 1.610547 -10.820261 -5.120375 14.872938 5.575428 -14.547706 -18.123704 0.943927 16.103481 -21.858808 -3.549762 -12.070274 42.328554 58.531984 74.956701 87.626678 108.661562 86.292780 54.374383 17.592158 4.099523 -19.101360 -109.577087 -168.241647 -218.155037 -256.904043 -288.781745 -411.870415 -461.609107 -487.826408 -507.331984 -514.634437 -519.134074 -528.909436 -531.268652 -528.939274 -530.225326 -530.365499 -529.111831 -528.152600 -9999.0 -9999.0
-9999.0 -556.583372 -550.439359 -543.736592 -535.525545 -535.069503 -506.293156 -480.340816 -473.059247 -486.428339 -424.677335 -152.837164 -89.578623 -89.088680 -35.833269 31.635483 71.760921 92.274501 107.965116 96.985660 93.194886 93.682748 90.232671 81.575648 67.699354 60.436736 60.011032 58.625634 42.256829 26.251204 10.387203 10.349623 -3.205599 -34.763972 -63.008053 -74.682455 -86.651772 -166.679893 -206.270423 -226.538553 -234.055542 -219.409110 -226.906644 -238.453955 -240.905699 -226.634867 -202.401068 -206.274912 -194.986595 -166.094024 -124.378337 -53.293903 -34.555382 -32.890336 22.475930 59.079155 77.330841 96.219511 103.184603 78.507933 41.700855 -3.422304 -29.581023 -121.701732 -184.429577 -244.483117 -273.538264 -302.268331 -428.418209 -459.594571 -483.258496 -503.441011 -517.610453 -520.416895 -527.494470 -528.339062 -9999.0 -9999.0 -9999.0 -9999.0
-9999.0 -557.096635 -551.166051 -538.374183 -507.238590 -461.696244 -284.004736 -192.606477 -40.721483 -95.569998 17.996616 90.839616 100.062222 83.307184 57.830487 54.466093 63.797896 66.157343 61.541499 52.988658 47.223996 39.596610 38.947754 31.180541 19.159516 5.262659 -5.547645 -15.206255 -93.417188 -125.898499 -154.577504 -175.883123 -206.143415 -256.844230 -272.513758 -287.762856 -399.404879 -412.279388 -425.014631 -446.818158 -456.135335 -462.512637 -453.888775 -456.099572 -456.946577 -451.974640 -438.680380 -427.642411 -371.047842 -288.887872 -268.924018 -244.903432 -223.536187 -181.250230 -134.344238 -47.133865 -20.938066 -7.254469 47.180340 79.612741 100.255976 92.271916 64.577357 31.050529 -25.779440 -121.136419 -160.094392 -206.779274 -251.653124 -274.982308 -295.592809 -409.819626 -464.078423 -499.662021 -509.158122 -9999.0 -9999.0 -9999.0 -9999.0 -9999.0
-9999.0 -566.773525 -551.179296 -540.823065 -486.498236 -279.027575 -204.234228 33.953222 86.832446 18.088415 -90.261341 -20.631800 11.779969 12.435325 -10.578967 -18.389867 -25.485271 -25.989044 -13.841130 -38.155980 -80.501135 -114.782825 -120.713423 -137.975914 -168.534647 -190.584222 -203.707759 -217.907041 -247.979704 -269.069151 -318.502270 -385.744035 -451.170646 -481.502312 -497.408110 -511.806645 -524.735948 -524.299510 -520.017552 -523.498698 -527.291752 -531.400749 -526.433226 -524.172394 -521.987039 -524.770540 -524.136786 -517.552618 -506.653078 -494.276040 -474.581687 -447.636859 -409.717891 -292.016027 -274.108451 -249.926283 -223.444850 -176.545373 -85.560685 -1.283137 25.611358 54.494832 90.080236 108.976193 70.280056 34.556869 -13.899465 -41.290418 -149.717239 -198.790463 -220.287168 -248.766688 -276.497394 -9999.0 -9999.0 -9999.0 -9999.0 -9999.0 -9999.0 -9999.0
-9999.0 -571.865878 -554.981764 -553.091442 -534.285816 -492.877100 -420.987527 -271.918380 -151.771920 -249.154209 -255.863488 -243.787751 -228.270553 -214.783848 -229.519629 -246.712973 -257.881369 -254.993405 -253.104279 -263.488712 -274.586156 -280.485384 -282.316873 -301.049323 -373.692418 -402.493331 -415.157905 -434.551928 -456.550901 -479.980727 -509.745011 -523.186187 -532.444202 -535.424036 -537.683251 -540.121705 -545.056965 -542.169586 -540.038328 -540.536481 -542.084117 -543.293118 -539.539172 -538.285917 -537.123453 -540.593438 -538.223289 -536.234196 -531.618623 -526.903216 -520.085870 -509.879777 -496.455459 -486.456437 -477.705394 -462.290663 -436.720973 -336.394520 -265.094185 -201.857516 -130.983130 -51.211285 -4.739490 28.182514 47.761181 58.808610 66.120003 46.150871 3.533454 -120.539567 -162.647144 -9999.0 -9999.0 -9999.0 -9999.0 -9999.0 -9999.0 -9999.0 -9999.0 -9999.0
-9999.0 -9999.0 -575.704811 -568.846319 -563.135115 -557.191718 -548.602222 -536.837841 -528.037435 -515.618575 -498.028462 -477.951072 -464.509802 -458.023985 -466.763023 -483.680728 -493.079564 -492.299276 -494.828506 -499.811182 -508.786426 -512.378364 -514.676741 -516.433422 -519.882440 -521.261824 -521.811779 -523.027634 -525.782068 -532.175878 -537.613043 -541.313506 -545.530211 -545.183934 -545.787248 -547.251647 -545.844652 -546.193857 -545.794073 -546.018676 -545.631290 -544.915459 -544.120677 -542.970538 -542.958077 -542.617683 -542.252606 -541.047536 -539.205067 -536.757569 -531.868357 -524.606654 -519.037498 -517.737848 -520.793020 -519.923638 -515.924982 -506.131003 -471.467517 -403.360982 -280.563234 -240.976277 -179.737855 -125.464234 -72.448816 -54.502175 0.628006 41.561157 26.880583 -20.151408 -9999.0 -9999.0 -9999.0 -9999.0 -9999.0 -9999.0 -9999.0 -9999.0 -9999.0 -9999.0
-9999.0 -9999.0 -9999.0 -9999.0 -579.006500 -569.072722 -560.053638 -561.060311 -554.591994 -550.731883 -547.218602 -542.987451 -539.456956 -537.160377 -539.993469 -540.445149 -540.939876 -540.499238 -541.109322 -541.796565 -542.068236 -542.514449 -542.983460 -543.639214 -543.310368 -542.611399 -542.405692 -543.528227 -543.460328 -545.512114 -545.605503 -546.759373 -547.889403 -549.297955 -548.923908 -549.032289 -548.349974 -549.072179 -547.998211 -548.656083 -547.856104 -547.531936 -546.602341 -545.041316 -545.702945 -544.804363 -544.809628 -543.672522 -543.338393 -540.296386 -535.285068 -529.435624 -525.442007 -525.661328 -530.868783 -532.989091 -534.313997 -531.109237 -525.635969 -513.422184 -479.384180 -441.910002 -333.990308 -275.370315 -256.876439 -228.971255 -165.809906 -65.937469 -9999.0 -9999.0 -9999.0 -9999.0 -9999.0 -9999.0 -9999.0 -9999.0 -9999.0 -9999.0 -9999.0 -9999.0
-9999.0 -9999.0 -9999.0 -9999.0 -9999.0 -9999.0 -574.464376 -569.429472 -571.076820 -567.224058 -563.820107 -561.249889 -557.353387 -557.854016 -556.638349 -553.512391 -553.904827 -555.359746 -557.222072 -554.464932 -553.226022 -552.939023 -555.930724 -555.049373 -554.713576 -553.574282 -553.691894 -553.152611 -555.665045 -552.538264 -551.007452 -551.501120 -551.968328 -551.331266 -551.953734 -550.040751 -549.812162 -551.333436 -551.811771 -549.643043 -549.056577 -549.415716 -549.062022 -547.657742 -545.568191 -545.286217 -546.283457 -547.704170 -545.667786 -540.882567 -535.530927 -530.797172 -527.683759 -526.598067 -530.906815 -536.774055 -539.725018 -540.217171 -537.933568 -533.504034 -522.411001 -514.623367 -508.188375 -498.266165 -487.688211 -437.253914 -9999.0 -9999.0 -9999.0 -9999.0 -9999.0 -9999.0 -9999.0 -9999.0 -9999.0 -9999.0 -9999.0 -9999.0 -9999.0 -9999.0
-9999.0 -9999.0 -9999.0 -9999.0 -9999.0 -9999.0 -9999.0 -9999.0 -9999.0 -9999.0 -9999.0 -9999.0 -9999.0 -9999.0 -9999.0 -9999.0 -9999.0 -9999.0 -9999.0 -9999.0 -9999.0 -9999.0 -9999.0 -9999.0 -9999.0 -9999.0 -9999.0 -9999.0 -9999.0 -9999.0 -9999.0 -9999.0 -9999.0 -9999.0 -9999.0 -9999.0 -9999.0 -9999.0 -9999.0 -9999.0 -9999.0 -9999.0 -9999.0 -9999.0 -9999.0 -9999.0 -9999.0 -9999.0 -9999.0 -9999.0 -9999.0 -9999.0 -9999.0 -9999.0 -9999.0 -9999.0 -9999.0 -9999.0 -9999.0 -9999.0 -9999.0 -9999.0 -9999.0 -9999.0 -9999.0 -9999.0 -9999.0 -9999.0 -9999.0 -9999.0 -9999.0 -9999.0 -9999.0 -9999.0 -9999.0 -9999.0 -9999.0 -9999.0 -9999.0 -9999.0
-9999.0 -9999.0 -9999.0 -9999.0 -9999.0 -9999.0 -9999.0 -9999.0 -9999.0 -9999.0 -9999.0 -9999.0 -9999.0 -9999.0 -9999.0 -9999.0 -9999.0 -9999.0 -9999.0 -9999.0 -9999.0 -9999.0 -9999.0 -9999.0 -9999.0 -9999.0 -9999.0 -9999.0 -9999.0 -9999.0 -9999.0 -9999.0 -9999.0 -9999.0 -9999.0 -9999.0 -9999.0 -9999.0 -9999.0 -9999.0 -9999.0 -9999.0 -9999.0 -9999.0 -9999.0 -9999.0 -9999.0 -9999.0 -9999.0 -9999.0 -9999.0 -9999.0 -9999.0 -9999.0 -9999.0 -9999.0 -9999.0 -9999.0 -9999.0 -9999.0 -9999.0 -9999.0 -9999.0 -9999.0 -9999.0 -9999.0 -9999.0 -9999.0 -9999.0 -9999.0 -9999.0 -9999.0 -9999.0 -9999.0 -9999.0 -9999.0 -9999.0 -9999.0 -9999.0 -9999.0