Borden_/Borden1m_014/output_maps/psiliqL0023N0018.asc
ncols         80
nrows         18
xllcorner     620200.000000
yllcorner     5168000.000000
cellsize      1.000000
NODATA_value  -9999.0
-9999.0 -9999.0 -9999.0 -9999.0 -9999.0 -9999.0 -9999.0 -9999.0 -9999.0 -9999.0 -9999.0 -9999.0 -9999.0 -9999.0 -9999.0 -9999.0 -9999.0 -9999.0 -9999.0 -9999.0 -9999.0 -9999.0 -9999.0 -9999.0 -9999.0 -9999.0 -9999.0 -9999.0 -9999.0 -9999.0 -9999.0 -9999.0 -9999.0 -9999.0 -9999.0 -9999.0 -9999.0 -9999.0 -9999.0 -9999.0 -9999.0 -9999.0 -9999.0 -9999.0 -9999.0 -9999.0 -9999.0 -9999.0 -9999.0 -9999.0 -9999.0 -9999.0 -9999.0 -9999.0 -9999.0 -9999.0 -9999.0 -9999.0 -9999.0 -9999.0 -9999.0 -9999.0 -9999.0 -9999.0 -9999.0 -9999.0 -9999.0 -9999.0 -9999.0 -9999.0 -9999.0 -9999.0 -9999.0 -9999.0 -9999.0 -9999.0 -9999.0 -9999.0 -9999.0 -9999.0
-9999.0 -9999.0 -9999.0 -9999.0 -9999.0 -9999.0 -9999.0 -9999.0 -9999.0 -9999.0 -9999.0 -9999.0 -9999.0 -9999.0 -9999.0 -9999.0 -9999.0 -9999.0 -9999.0 -9999.0 -9999.0 -9999.0 -9999.0 -9999.0 -9999.0 -9999.0 -9999.0 -9999.0 -9999.0 -9999.0 -9999.0 -9999.0 -9999.0 -9999.0 -9999.0 -9999.0 -9999.0 -9999.0 -9999.0 -9999.0 -9999.0 -9999.0 -9999.0 -9999.0 -9999.0 -9999.0 -9999.0 -9999.0 -9999.0 -9999.0 -9999.0 -9999.0 -9999.0 -9999.0 -9999.0 -9999.0 -9999.0 -9999.0 -9999.0 -9999.0 -9999.0 -9999.0 -9999.0 -9999.0 -9999.0 -9999.0 -9999.0 -9999.0 -9999.0 -9999.0 -9999.0 -9999.0 -9999.0 -9999.0 -9999.0 -9999.0 -9999.0 -9999.0 -9999.0 -9999.0
-9999.0 -9999.0 -9999.0 -9999.0 -9999.0 -9999.0 -9999.0 -9999.0 -9999.0 -9999.0 -9999.0 -9999.0 -9999.0 -9999.0 -9999.0 -9999.0 -9999.0 -9999.0 -9999.0 -9999.0 2760.334784 2762.785386 2742.748564 2710.936761 2685.226657 2689.678483 2725.446390 2768.487070 2809.707939 2820.497106 2804.647537 2810.992598 2808.996496 2806.561806 2808.870823 2817.758694 2825.543809 2835.361380 2842.908953 2841.345329 2834.576381 2829.760984 2831.895349 2833.912385 2839.968496 2826.306089 2841.585229 2791.688542 2796.075060 2793.076870 2829.283904 2813.697486 2801.948438 2782.816588 2805.549865 2814.475731 2792.844258 2796.962293 2795.176178 2802.193034 2771.308167 -9999.0 -9999.0 -9999.0 -9999.0 -9999.0 -9999.0 -9999.0 -9999.0 -9999.0 -9999.0 -9999.0 -9999.0 -9999.0 -9999.0 -9999.0 -9999.0 -9999.0 -9999.0 -9999.0
-9999.0 -9999.0 -9999.0 -9999.0 -9999.0 -9999.0 -9999.0 -9999.0 -9999.0 -9999.0 -9999.0 -9999.0 -9999.0 -9999.0 2663.380583 2655.875350 2655.215687 2665.255164 2700.359049 2732.394127 2744.498660 2738.724864 2740.603742 2718.657348 2699.153042 2714.876924 2746.836742 2778.784493 2814.708890 2835.603691 2827.723094 2828.371545 2838.608001 2793.381426 2802.220920 2799.383576 2853.247070 2805.498769 2818.652477 2823.707174 2821.784076 2812.057889 2821.456758 2835.626945 2828.621853 2813.194215 2823.126107 2837.171963 2848.315557 2839.383257 2848.303153 2831.542269 2824.320049 2816.027728 2799.520959 2793.213510 2818.303677 2813.568971 2803.054323 2783.797742 2749.326246 2703.950044 2683.264886 2721.046254 2762.576727 2788.817202 -9999.0 -9999.0 -9999.0 -9999.0 -9999.0 -9999.0 -9999.0 -9999.0 -9999.0 -9999.0 -9999.0 -9999.0 -9999.0 -9999.0
-9999.0 -9999.0 -9999.0 -9999.0 -9999.0 -9999.0 -9999.0 -9999.0 -9999.0 2600.678664 2607.145029 2615.881759 2620.470397 2637.801268 2636.061071 2645.191351 2652.644348 2682.739005 2715.327852 2751.674179 2780.165237 2774.668522 2775.215592 2783.411231 2783.346752 2795.433961 2818.906803 2794.135510 2825.807847 2861.602648 2828.993291 2824.723046 2842.723731 2885.040075 2910.368642 2913.540569 2895.680552 2910.149681 2933.694398 2950.330235 2947.053058 2941.479504 2966.417112 2981.019885 2976.579509 2955.885277 2952.999308 2959.272915 2987.667848 2937.227397 2872.100093 2831.362882 2844.829101 2822.593549 2794.934532 2845.519097 2842.633245 2802.721777 2790.379825 2804.609543 2769.623034 2755.749121 2735.842359 2752.812577 2773.073042 2784.591395 2824.160972 2853.761890 2853.353986 2836.133277 -9999.0 -9999.0 -9999.0 -9999.0 -9999.0 -9999.0 -9999.0 -9999.0 -9999.0 -9999.0
-9999.0 -9999.0 -9999.0 -9999.0 -9999.0 -9999.0 2519.885201 2531.522205 2553.884703 2558.275578 2586.323930 2593.869875 2615.935121 2636.519042 2660.996207 2677.932674 2707.726085 2741.955060 2781.329317 2823.491816 2798.649189 2849.770519 2793.936027 2814.596742 2843.709333 2864.726117 2887.585581 2924.658618 2981.671347 3017.578334 3012.491283 3013.610789 3021.798228 3071.320115 3134.817748 3146.445485 3126.007032 3112.605170 3135.066778 3171.540985 3170.729806 3169.638112 3179.852792 3190.143071 3216.757549 3206.736807 3172.778918 3166.026334 3171.123112 3150.467624 3084.310882 3026.928326 3006.361947 2975.844061 2894.234803 2849.650971 2869.431927 2894.794714 2871.828626 2822.937590 2849.957423 2839.567546 2823.252802 2810.561113 2817.931093 2796.700921 2820.293137 2833.716132 2821.749165 2801.206484 2800.539615 2769.764127 2769.697265 2792.941247 -9999.0 -9999.0 -9999.0 -9999.0 -9999.0 -9999.0
-9999.0 -9999.0 -9999.0 -9999.0 2467.926661 2482.423959 2470.197502 2498.409441 2533.048361 2569.199235 2599.872618 2636.502719 2664.385117 2695.845544 2733.545114 2762.679318 2801.643835 2836.972869 2823.320347 2885.221978 2930.311550 2945.916166 2954.862398 2991.081228 3046.943800 3094.198548 3112.565276 3137.717505 3179.528920 3235.237232 3257.678913 3260.910826 3277.719472 3318.879405 3372.761322 3407.030185 3389.771538 3381.155470 3390.191038 3403.574638 3425.689978 3425.793341 3426.868609 3430.500175 3437.466544 3436.166713 3410.645378 3377.725113 3365.121225 3355.525184 3319.989415 3249.551552 3218.415277 3190.842766 3153.587207 3101.087988 3051.026908 3049.586377 2996.333123 2957.161000 2905.496440 2894.647677 2872.315172 2854.625946 2835.305732 2845.210897 2855.352126 2839.274513 2809.123641 2808.094035 2791.124207 2769.615849 2755.012825 2783.003317 2785.340459 2814.882279 -9999.0 -9999.0 -9999.0 -9999.0
-9999.0 -9999.0 2405.228051 2452.887328 2512.272281 2521.822563 2520.097165 2527.068431 2557.505734 2611.015832 2681.389468 2724.596534 2761.161477 2797.213552 2792.812478 2857.021099 2918.481377 2961.104188 3003.604968 3071.299200 3129.698891 3156.717684 3166.049660 3198.903058 3252.108164 3318.555588 3345.602528 3371.269007 3401.674235 3436.601275 3432.715630 3444.055547 3455.550208 3466.076752 3478.975018 3484.994790 3480.514023 3475.998216 3457.667589 3452.857456 3459.415513 3466.704200 3466.251389 3451.874967 3447.924395 3462.610815 3468.337421 3466.595518 3464.381444 3469.746077 3467.069162 3421.088885 3399.306999 3384.752400 3374.364558 3329.297071 3264.073733 3230.902750 3210.747056 3173.115509 3100.675251 3061.723567 3021.855005 2986.466456 2960.144525 2943.657125 2908.625852 2874.902893 2834.747457 2793.157645 2804.341353 2784.479485 2779.348027 2774.861768 2788.902329 2789.905518 2805.527181 2813.485907 -9999.0 -9999.0
-9999.0 2296.073501 2368.267424 2493.009040 2574.272464 2618.040050 2637.532117 2650.078448 2681.384375 2718.547878 2812.947760 2816.269677 2898.868048 2935.051460 2976.649036 3051.541401 3143.000055 3183.156455 3220.089413 3280.594041 3343.763602 3389.505745 3415.211001 3401.020838 3438.481924 3463.746761 3470.397625 3476.333977 3475.249195 3466.846958 3459.904346 3466.742804 3464.002685 3445.276201 3429.632061 3428.046821 3424.746660 3401.830130 3374.769511 3359.771901 3361.632098 3385.933454 3373.317974 3352.153905 3347.818327 3369.159386 3389.617662 3379.195158 3366.346850 3382.625717 3416.630910 3440.273485 3443.352814 3461.339139 3482.325727 3454.152427 3431.365125 3388.769209 3372.443827 3347.398722 3291.830345 3237.241734 3189.851501 3143.088342 3090.512122 3040.519630 2992.836935 2955.861815 2900.620545 2866.297279 2840.727415 2796.215125 2810.440508 2786.617085 2796.968616 2791.546304 2784.930492 2791.350298 -9999.0 -9999.0
-9999.0 2203.714852 2344.327609 2525.849590 2674.761801 2726.286570 2803.878670 2826.344626 2842.186668 2855.583944 2893.172829 3092.642285 3204.630283 3219.732079 3292.096466 3382.832360 3372.749663 3402.832647 3424.761173 3445.998194 3463.159988 3475.872029 3473.735369 3468.108386 3451.945824 3444.016582 3443.225287 3441.230072 3424.214919 3405.603587 3389.060222 3386.276034 3369.179525 3321.858309 3289.447618 3272.886972 3255.695558 3241.753966 3213.994321 3188.649167 3175.006230 3185.082791 3182.058628 3169.620797 3165.190546 3182.015909 3212.732924 3209.542506 3219.544581 3238.759979 3274.011265 3311.063239 3330.011579 3358.536201 3393.470168 3439.763312 3449.784937 3471.872695 3475.222860 3462.945077 3417.757885 3367.451670 3338.544132 3284.161429 3224.840045 3165.044611 3116.709509 3072.219782 3017.557934 2983.083350 2951.506659 2896.741878 2851.214881 2839.709286 2804.910320 2790.188296 -9999.0 -9999.0 -9999.0 -9999.0
-9999.0 2107.270993 2289.478037 2534.906372 2807.261921 2885.800355 3076.882896 3187.960720 3226.967344 3291.875306 3193.934626 3381.665771 3428.425285 3421.870068 3431.990780 3434.258377 3447.857602 3447.559741 3442.511338 3431.744761 3422.500230 3418.193968 3417.025143 3409.178516 3396.707619 3382.267732 3370.742889 3359.717106 3323.964263 3292.779082 3255.425144 3243.489560 3201.762948 3113.326478 3074.726306 3037.967778 2979.972939 2981.437071 2986.214340 2976.773289 2958.057347 2931.803920 2959.445417 2968.598101 2972.245956 2969.152288 2980.169675 2991.709807 3037.246179 3070.671369 3109.277356 3156.309010 3184.132146 3222.685530 3262.577458 3314.174594 3344.436495 3372.844612 3420.135502 3456.790129 3479.197848 3466.065140 3446.178176 3403.187169 3343.881185 3295.057674 3266.935590 3217.646512 3175.816021 3132.159574 3085.954699 3033.408001 2979.258772 2920.388619 2884.723149 -9999.0 -9999.0 -9999.0 -9999.0 -9999.0
-9999.0 1895.018259 2160.404588 2433.417810 2721.943833 3028.133348 3182.963224 3279.714997 3340.634058 3316.960494 3334.077252 3342.008345 3378.213800 3384.484794 3363.051200 3350.078173 3333.665747 3332.577506 3345.533057 3318.793789 3289.330937 3276.421938 3277.230573 3266.521421 3243.228769 3228.346283 3219.017238 3201.298292 3160.368088 3111.517904 3029.785017 2998.593271 2936.648713 2894.909912 2857.173087 2810.558467 2831.270535 2832.147715 2793.186978 2841.497088 2819.896644 2802.046864 2830.892488 2794.441147 2806.961294 2791.804371 2798.743701 2832.607928 2879.140431 2919.472705 2963.874795 2997.714854 3038.354188 3077.701352 3099.762533 3140.085152 3179.607804 3220.425539 3289.318835 3365.487135 3399.791630 3433.453328 3463.368892 3484.786155 3442.580680 3415.400481 3392.420284 3369.959782 3324.762525 3279.989883 3239.511712 3176.543539 3117.814316 -9999.0 -9999.0 -9999.0 -9999.0 -9999.0 -9999.0 -9999.0
-9999.0 1779.449523 1979.529484 2181.438448 2442.372872 2680.673189 2859.956193 2952.345147 3011.583459 3071.988530 3119.817828 3154.837613 3179.083222 3199.943123 3177.186032 3134.577147 3103.289488 3107.958916 3100.325789 3078.917829 3051.295950 3038.357373 3036.586728 3031.739635 3010.400057 2999.859128 2993.087062 2989.145687 2962.956167 2910.488663 2838.431939 2831.841837 2774.369033 2748.971898 2721.671337 2690.602514 2660.523558 2670.515930 2679.813892 2679.401278 2671.565584 2670.768351 2699.744288 2718.414243 2728.824084 2719.256631 2739.839930 2766.691538 2808.271847 2795.518093 2840.176223 2889.945887 2938.670796 2960.409172 2965.034001 2979.396850 2992.661485 3035.993291 3111.989376 3195.005606 3269.721900 3313.930355 3363.709992 3402.414528 3429.251966 3456.401514 3476.995268 3468.680831 3443.883313 3411.257435 3354.191450 -9999.0 -9999.0 -9999.0 -9999.0 -9999.0 -9999.0 -9999.0 -9999.0 -9999.0
-9999.0 -9999.0 1752.275059 1911.641614 2020.305810 2188.828596 2335.829272 2447.439751 2550.241311 2691.023316 2813.189351 2841.073105 2885.539695 2901.280913 2887.398859 2858.286269 2840.142244 2839.719625 2828.291689 2820.766855 2804.993508 2799.443249 2867.716423 2857.080378 2847.964064 2842.647783 2836.785265 2826.729697 2806.635114 2761.398659 2718.836507 2671.181792 2619.711092 2594.994113 2573.850336 2553.839875 2554.952970 2548.806414 2553.096193 2555.128566 2563.796781 2577.507595 2597.158045 2620.429585 2630.890062 2641.910963 2654.873957 2679.250440 2712.740603 2755.379191 2810.486224 2819.307182 2854.984399 2862.719527 2846.691998 2843.725327 2853.963813 2885.449523 2951.447325 3005.282815 3092.885566 3156.964172 3221.226020 3275.969514 3301.864889 3338.195805 3406.423046 3454.305372 3494.448571 3472.179453 -9999.0 -9999.0 -9999.0 -9999.0 -9999.0 -9999.0 -9999.0 -9999.0 -9999.0 -9999.0
-9999.0 -9999.0 -9999.0 -9999.0 1773.645624 1923.579132 2022.410686 2104.563906 2239.317624 2369.686601 2477.129980 2565.040569 2634.168407 2663.351811 2665.561113 2681.608115 2681.309311 2673.831043 2663.637402 2666.885082 2669.615784 2662.008769 2644.919497 2636.553008 2637.451319 2642.425960 2638.654532 2624.301756 2605.127670 2587.456290 2571.218959 2538.436695 2504.546587 2475.602560 2462.344854 2457.667055 2456.831907 2448.437729 2456.288336 2464.483562 2480.078489 2495.198189 2518.793885 2548.194153 2563.167369 2578.736007 2588.815293 2609.305584 2640.912062 2695.405457 2760.301463 2819.093459 2813.565160 2814.602451 2842.130081 2826.890979 2822.823425 2849.776456 2807.607318 2860.927346 2951.488806 2997.241038 3043.529470 3083.195632 3119.412938 3180.789621 3272.506310 3352.256118 -9999.0 -9999.0 -9999.0 -9999.0 -9999.0 -9999.0 -9999.0 -9999.0 -9999.0 -9999.0 -9999.0 -9999.0
-9999.0 -9999.0 -9999.0 -9999.0 -9999.0 -9999.0 1748.007048 1853.791313 1925.815615 2076.966820 2220.533179 2328.614092 2413.190689 2449.702578 2483.621477 2514.809597 2515.998742 2496.940192 2476.070727 2496.979107 2514.322073 2507.206736 2474.724766 2474.279154 2479.086392 2485.450265 2481.693632 2474.674318 2449.208782 2463.869849 2466.612521 2443.227443 2417.258259 2403.738089 2391.626465 2400.851759 2400.387694 2385.636792 2384.539510 2411.873937 2432.621996 2445.533074 2466.817405 2500.209371 2533.131389 2549.432095 2551.440426 2557.704017 2596.478444 2667.437342 2741.049499 2798.512619 2794.820533 2800.072329 2819.530580 2780.700607 2762.050936 2770.210656 2805.000718 2856.216510 2833.136438 2871.279993 2885.951988 2890.643213 2905.112869 2981.241473 -9999.0 -9999.0 -9999.0 -9999.0 -9999.0 -9999.0 -9999.0 -9999.0 -9999.0 -9999.0 -9999.0 -9999.0 -9999.0 -9999.0
-9999.0 -9999.0 -9999.0 -9999.0 -9999.0 -9999.0 -9999.0 -9999.0 -9999.0 -9999.0 -9999.0 -9999.0 -9999.0 -9999.0 -9999.0 -9999.0 -9999.0 -9999.0 -9999.0 -9999.0 -9999.0 -9999.0 -9999.0 -9999.0 -9999.0 -9999.0 -9999.0 -9999.0 -9999.0 -9999.0 -9999.0 -9999.0 -9999.0 -9999.0 -9999.0 -9999.0 -9999.0 -9999.0 -9999.0 -9999.0 -9999.0 -9999.0 -9999.0 -9999.0 -9999.0 -9999.0 -9999.0 -9999.0 -9999.0 -9999.0 -9999.0 -9999.0 -9999.0 -9999.0 -9999.0 -9999.0 -9999.0 -9999.0 -9999.0 -9999.0 -9999.0 -9999.0 -9999.0 -9999.0 -9999.0 -9999.0 -9999.0 -9999.0 -9999.0 -9999.0 -9999.0 -9999.0 -9999.0 -9999.0 -9999.0 -9999.0 -9999.0 -9999.0 -9999.0 -9999.0
-9999.0 -9999.0 -9999.0 -9999.0 -9999.0 -9999.0 -9999.0 -9999.0 -9999.0 -9999.0 -9999.0 -9999.0 -9999.0 -9999.0 -9999.0 -9999.0 -9999.0 -9999.0 -9999.0 -9999.0 -9999.0 -9999.0 -9999.0 -9999.0 -9999.0 -9999.0 -9999.0 -9999.0 -9999.0 -9999.0 -9999.0 -9999.0 -9999.0 -9999.0 -9999.0 -9999.0 -9999.0 -9999.0 -9999.0 -9999.0 -9999.0 -9999.0 -9999.0 -9999.0 -9999.0 -9999.0 -9999.0 -9999.0 -9999.0 -9999.0 -9999.0 -9999.0 -9999.0 -9999.0 -9999.0 -9999.0 -9999.0 -9999.0 -9999.0 -9999.0 -9999.0 -9999.0 -9999.0 -9999.0 -9999.0 -9999.0 -9999.0 -9999.0 -9999.0 -9999.0 -9999.0 -9999.0 -9999.0 -9999.0 -9999.0 -9999.0 -9999.0 -9999.0 -9999.0 -9999.0