Borden_/Borden1m_014/output_maps/psiliqL0006N0028.asc
ncols         80
nrows         18
xllcorner     620200.000000
yllcorner     5168000.000000
cellsize      1.000000
NODATA_value  -9999.0
-9999.0 -9999.0 -9999.0 -9999.0 -9999.0 -9999.0 -9999.0 -9999.0 -9999.0 -9999.0 -9999.0 -9999.0 -9999.0 -9999.0 -9999.0 -9999.0 -9999.0 -9999.0 -9999.0 -9999.0 -9999.0 -9999.0 -9999.0 -9999.0 -9999.0 -9999.0 -9999.0 -9999.0 -9999.0 -9999.0 -9999.0 -9999.0 -9999.0 -9999.0 -9999.0 -9999.0 -9999.0 -9999.0 -9999.0 -9999.0 -9999.0 -9999.0 -9999.0 -9999.0 -9999.0 -9999.0 -9999.0 -9999.0 -9999.0 -9999.0 -9999.0 -9999.0 -9999.0 -9999.0 -9999.0 -9999.0 -9999.0 -9999.0 -9999.0 -9999.0 -9999.0 -9999.0 -9999.0 -9999.0 -9999.0 -9999.0 -9999.0 -9999.0 -9999.0 -9999.0 -9999.0 -9999.0 -9999.0 -9999.0 -9999.0 -9999.0 -9999.0 -9999.0 -9999.0 -9999.0
-9999.0 -9999.0 -9999.0 -9999.0 -9999.0 -9999.0 -9999.0 -9999.0 -9999.0 -9999.0 -9999.0 -9999.0 -9999.0 -9999.0 -9999.0 -9999.0 -9999.0 -9999.0 -9999.0 -9999.0 -9999.0 -9999.0 -9999.0 -9999.0 -9999.0 -9999.0 -9999.0 -9999.0 -9999.0 -9999.0 -9999.0 -9999.0 -9999.0 -9999.0 -9999.0 -9999.0 -9999.0 -9999.0 -9999.0 -9999.0 -9999.0 -9999.0 -9999.0 -9999.0 -9999.0 -9999.0 -9999.0 -9999.0 -9999.0 -9999.0 -9999.0 -9999.0 -9999.0 -9999.0 -9999.0 -9999.0 -9999.0 -9999.0 -9999.0 -9999.0 -9999.0 -9999.0 -9999.0 -9999.0 -9999.0 -9999.0 -9999.0 -9999.0 -9999.0 -9999.0 -9999.0 -9999.0 -9999.0 -9999.0 -9999.0 -9999.0 -9999.0 -9999.0 -9999.0 -9999.0
-9999.0 -9999.0 -9999.0 -9999.0 -9999.0 -9999.0 -9999.0 -9999.0 -9999.0 -9999.0 -9999.0 -9999.0 -9999.0 -9999.0 -9999.0 -9999.0 -9999.0 -9999.0 -9999.0 -9999.0 -648.117678 -645.005934 -668.157599 -702.460439 -731.189647 -729.806282 -695.299673 -654.819222 -617.617981 -607.234369 -625.642372 -624.771126 -630.318367 -630.362894 -627.316266 -621.645716 -619.450812 -607.777803 -599.234086 -599.463259 -605.737401 -611.715484 -613.506659 -609.821533 -604.883196 -613.175430 -599.616408 -583.982230 -577.100457 -582.136173 -609.559965 -625.330849 -632.946520 -646.783171 -621.812451 -608.583017 -585.006304 -580.226331 -580.898458 -607.702634 -637.584507 -9999.0 -9999.0 -9999.0 -9999.0 -9999.0 -9999.0 -9999.0 -9999.0 -9999.0 -9999.0 -9999.0 -9999.0 -9999.0 -9999.0 -9999.0 -9999.0 -9999.0 -9999.0 -9999.0
-9999.0 -9999.0 -9999.0 -9999.0 -9999.0 -9999.0 -9999.0 -9999.0 -9999.0 -9999.0 -9999.0 -9999.0 -9999.0 -9999.0 -737.021563 -747.640629 -751.159075 -743.119073 -709.899719 -680.522474 -667.995930 -676.012956 -676.518369 -700.507963 -720.989421 -707.444113 -678.929781 -648.263055 -614.693929 -594.269730 -607.734713 -610.857351 -600.090861 -571.177223 -555.329363 -557.972044 -580.314996 -557.418234 -540.359589 -529.888141 -530.907023 -539.867202 -523.869390 -506.411196 -513.223163 -532.021809 -529.491944 -517.646181 -501.630039 -518.398984 -585.750536 -607.721438 -610.081597 -616.107876 -628.649676 -634.807795 -609.584981 -607.843088 -615.523992 -632.862970 -664.424332 -707.984565 -725.140254 -686.428901 -641.374240 -582.606910 -9999.0 -9999.0 -9999.0 -9999.0 -9999.0 -9999.0 -9999.0 -9999.0 -9999.0 -9999.0 -9999.0 -9999.0 -9999.0 -9999.0
-9999.0 -9999.0 -9999.0 -9999.0 -9999.0 -9999.0 -9999.0 -9999.0 -9999.0 -792.320606 -789.343801 -782.762301 -781.652828 -766.592595 -768.572765 -762.262528 -754.686420 -729.682987 -699.444555 -665.032824 -636.565015 -647.432205 -647.740701 -635.448897 -627.897538 -614.860776 -594.322782 -553.108154 -507.893445 -462.056022 -491.378727 -492.726193 -469.736953 -408.300040 -355.065514 -338.600045 -365.239662 -362.564953 -326.888397 -287.362822 -283.794629 -284.422009 -246.768832 -226.388373 -216.835694 -244.727590 -278.300011 -284.092331 -247.810168 -324.813654 -411.135247 -478.300980 -481.659611 -516.878461 -561.501987 -585.459567 -588.530067 -565.298287 -580.405878 -617.682414 -653.769913 -662.123532 -677.853275 -661.224145 -637.812441 -589.846485 -550.667647 -521.135159 -520.099987 -537.141131 -9999.0 -9999.0 -9999.0 -9999.0 -9999.0 -9999.0 -9999.0 -9999.0 -9999.0 -9999.0
-9999.0 -9999.0 -9999.0 -9999.0 -9999.0 -9999.0 -869.811027 -861.667672 -842.698751 -837.373739 -814.081141 -807.111121 -787.358223 -768.753763 -749.424970 -733.139037 -702.865837 -671.329075 -630.185311 -585.568758 -552.304349 -556.235077 -545.656099 -507.167771 -454.532217 -412.314668 -381.239648 -326.780819 -209.792619 -146.893451 -123.812873 -112.474718 -99.152680 -62.474274 -3.323786 36.503746 -7.213538 -26.507466 -9.166726 33.406096 86.404552 91.424764 98.956455 107.143869 132.637183 122.551770 39.614235 11.030811 2.324687 -8.780806 -54.805686 -106.394788 -165.781731 -236.071406 -355.297784 -431.546359 -439.169370 -426.087369 -463.624077 -521.271287 -566.116746 -576.854097 -591.185387 -605.211993 -599.374407 -579.041423 -554.409269 -542.059069 -553.613487 -573.365536 -595.929411 -624.171388 -622.049378 -596.123867 -9999.0 -9999.0 -9999.0 -9999.0 -9999.0 -9999.0
-9999.0 -9999.0 -9999.0 -9999.0 -918.869817 -907.044541 -918.810240 -896.339150 -865.360777 -833.368652 -801.807495 -765.393288 -739.461517 -710.936245 -669.689409 -630.877165 -586.247003 -550.200063 -489.879454 -406.924743 -334.316450 -289.855087 -258.544573 -166.688427 -94.075601 -49.597281 -33.971070 -8.025233 41.665275 139.978750 170.300570 177.757360 179.817631 218.092572 253.715249 294.591060 269.234170 269.559754 272.505627 282.150306 309.101672 310.860080 312.321783 312.924568 315.152462 315.465383 291.467304 258.977805 243.396969 237.405816 202.081736 155.038183 75.186220 35.973639 7.293315 -33.783019 -92.671854 -120.243976 -196.622959 -279.886519 -379.392599 -416.799875 -457.431198 -487.639666 -520.877382 -520.407493 -517.021857 -536.081919 -565.532623 -596.575509 -610.631887 -628.488789 -637.759282 -607.331514 -589.116643 -557.429490 -9999.0 -9999.0 -9999.0 -9999.0
-9999.0 -9999.0 -975.794057 -925.927769 -871.134480 -863.285237 -861.195418 -857.283468 -831.860223 -782.996272 -705.004599 -652.120850 -606.008571 -575.788107 -511.984925 -411.617982 -303.321292 -225.282766 -142.791267 -76.966249 -23.777125 17.427565 76.592829 118.817219 154.516022 215.570024 233.983033 259.826788 286.328631 317.039572 341.303897 357.140062 360.758491 358.158139 357.289841 357.248355 353.672060 349.639872 332.520245 330.381478 337.758397 340.522094 343.842394 331.768158 327.876545 340.282907 341.792855 341.678416 342.677500 350.035933 359.817681 330.401235 277.170500 262.794565 242.943298 218.709883 158.459777 82.294464 51.033291 9.518221 -62.530853 -108.262675 -173.138982 -251.579847 -339.175110 -389.813847 -445.956390 -489.080919 -534.203124 -578.384465 -600.632556 -618.103159 -619.268436 -617.617150 -600.891559 -584.577500 -568.659070 -560.588826 -9999.0 -9999.0
-9999.0 -1072.568068 -1000.369494 -873.118481 -795.735119 -751.994636 -710.763392 -680.837551 -658.264357 -647.087254 -534.879006 -407.056440 -283.017898 -235.610236 -158.119481 -55.775536 71.611966 112.613152 133.218019 186.510511 234.629661 277.005549 304.722448 336.053164 360.322346 359.373785 356.078768 356.727817 348.647363 341.892189 332.107139 339.253029 337.777657 322.396720 309.465263 308.221389 303.018504 277.650762 250.331577 237.415837 241.435806 261.567334 252.022515 232.594105 228.902357 248.694242 264.445512 256.110050 241.677359 247.525280 292.273800 313.754626 329.898557 343.836056 363.317812 341.649771 309.230118 269.233505 238.061679 223.885517 139.981861 75.808576 21.527354 -41.104559 -99.175526 -179.157940 -273.581540 -361.557169 -440.560276 -482.419071 -514.081984 -566.443488 -589.261878 -586.546059 -595.108078 -596.892082 -589.624694 -582.898551 -9999.0 -9999.0
-9999.0 -1140.918888 -997.642208 -812.422646 -667.771452 -605.657702 -475.317425 -376.265998 -339.068454 -367.198336 -201.532235 63.510466 139.346622 145.945466 204.246797 275.684804 317.174193 341.939059 356.343063 351.560001 346.562145 350.775923 346.578691 338.320547 325.270452 318.630645 317.662831 315.254813 295.958861 278.064117 262.030666 259.606035 245.433860 210.540296 180.439451 166.734704 144.287318 95.769237 53.500583 24.086599 10.239895 28.856988 19.221217 1.176648 -2.353748 21.482549 55.430509 50.365331 56.472115 79.818824 125.020958 190.798885 213.822413 240.646192 274.612220 315.131774 333.639963 353.165800 357.937364 334.670163 293.508677 246.988300 215.205142 126.633623 52.727974 -25.372445 -79.265527 -127.302564 -209.789425 -282.383225 -357.794252 -432.013724 -496.417093 -525.040054 -563.922850 -584.787631 -9999.0 -9999.0 -9999.0 -9999.0
-9999.0 -1201.643420 -1009.589417 -742.968236 -488.624241 -318.117860 -99.115900 35.421795 154.781659 159.532450 236.261597 327.990470 343.608906 330.154922 308.538055 306.860410 318.120801 320.759871 316.226473 306.952947 295.280515 291.783844 287.973422 268.905610 268.953058 255.904575 243.736324 230.115495 163.186871 126.683748 97.494498 80.810306 45.332172 -38.055260 -72.083830 -96.887978 -158.305132 -176.695870 -196.541185 -239.089355 -267.632203 -288.100639 -263.658848 -266.650404 -267.100547 -252.791798 -220.730651 -195.608328 -142.152783 -102.083385 -65.582324 -16.361770 17.797415 62.910630 114.796252 196.999138 227.579523 255.187080 296.842131 335.741010 357.042704 349.185586 320.225215 280.350698 217.111974 122.927702 71.411983 3.275582 -54.064497 -96.026930 -130.708241 -193.890984 -298.290933 -429.243317 -474.176195 -9999.0 -9999.0 -9999.0 -9999.0 -9999.0
-9999.0 -1347.060325 -1079.471794 -781.246338 -434.655103 -90.213847 13.453565 226.810828 297.303865 225.877729 161.904769 213.884445 252.034256 254.712295 232.393832 224.386304 217.746836 217.270661 228.953191 200.433192 143.955310 126.254819 123.581994 110.162395 87.401226 67.998841 53.055688 31.123555 -21.164365 -63.026131 -123.753733 -157.289450 -254.582008 -356.824337 -417.524248 -472.768840 -529.718867 -532.558763 -517.619384 -535.841278 -558.611571 -577.835442 -552.412003 -537.747707 -527.252703 -536.664576 -527.477304 -491.954576 -439.310664 -388.350306 -319.433368 -234.479622 -169.534821 -105.380719 -75.024314 -25.674780 20.202267 69.196547 144.452860 244.950126 276.977012 310.381598 346.264575 362.552541 320.751549 275.331376 222.144736 130.600206 36.312099 -5.546820 -25.058298 -52.511822 -97.570828 -9999.0 -9999.0 -9999.0 -9999.0 -9999.0 -9999.0 -9999.0
-9999.0 -1483.639992 -1246.543544 -992.579929 -690.622492 -447.672291 -223.331455 -91.747007 31.332560 -34.920104 -42.393292 -17.887391 10.616497 31.635414 9.038662 -23.220220 -45.286169 -41.543329 -40.860297 -61.692057 -87.666393 -99.373444 -100.479356 -109.376535 -143.103577 -166.809160 -183.265738 -215.218709 -271.845618 -353.655363 -455.485415 -526.604883 -590.298729 -627.568554 -658.096672 -691.174888 -730.540939 -719.653946 -704.400923 -709.345415 -722.306866 -727.427853 -697.994460 -680.173399 -670.406737 -684.443725 -666.714628 -640.297691 -599.057608 -558.348234 -511.036792 -455.487252 -396.573955 -355.404825 -328.316984 -277.418009 -208.908663 -128.966126 -51.619421 43.968525 119.301693 192.983641 243.215198 262.779633 291.228928 309.522736 302.086054 238.667719 62.098519 35.286651 31.236961 -9999.0 -9999.0 -9999.0 -9999.0 -9999.0 -9999.0 -9999.0 -9999.0 -9999.0
-9999.0 -9999.0 -1484.925028 -1289.353139 -1121.451774 -934.972715 -784.603579 -684.021786 -618.050453 -537.165508 -447.249546 -364.582986 -312.163519 -289.354562 -317.261881 -374.187018 -407.772681 -407.780349 -418.207147 -436.250326 -465.965397 -477.558585 -487.345647 -495.881663 -511.813652 -520.529163 -526.263661 -537.848154 -561.443961 -609.025782 -663.284163 -715.037544 -768.867620 -793.055664 -814.516442 -837.161101 -841.261934 -842.202138 -835.002008 -833.969801 -829.307148 -818.123159 -797.468510 -776.760363 -767.783524 -761.667497 -749.517983 -726.522760 -694.158435 -654.593072 -603.806351 -549.655905 -512.747177 -501.670623 -511.716818 -505.131239 -480.580433 -428.204206 -307.732417 -172.829231 -77.630028 -9.709216 62.727958 111.580195 133.457730 182.556550 217.731579 119.994702 -38.020981 -6.022976 -9999.0 -9999.0 -9999.0 -9999.0 -9999.0 -9999.0 -9999.0 -9999.0 -9999.0 -9999.0
-9999.0 -9999.0 -9999.0 -9999.0 -1432.167512 -1273.907093 -1181.673165 -1100.964464 -985.845198 -884.788677 -798.462832 -727.105038 -678.983422 -657.093201 -671.018073 -680.577505 -690.109826 -692.767091 -700.772777 -707.570816 -714.394743 -721.906076 -731.758308 -739.037351 -740.087113 -736.935466 -738.540253 -750.893919 -765.479561 -793.462132 -818.021683 -852.820117 -889.615175 -918.286052 -930.989423 -938.206497 -937.734081 -942.680921 -932.942559 -927.088437 -912.539575 -897.227033 -873.395936 -845.673040 -833.783380 -820.041083 -810.589326 -790.050657 -760.907194 -709.442243 -648.716059 -594.596196 -562.768549 -561.086432 -589.581554 -607.347198 -612.190259 -585.551410 -537.662153 -462.232356 -333.993002 -218.097539 -126.282361 -80.135113 -50.352149 -2.731037 43.457148 56.935852 -9999.0 -9999.0 -9999.0 -9999.0 -9999.0 -9999.0 -9999.0 -9999.0 -9999.0 -9999.0 -9999.0 -9999.0
-9999.0 -9999.0 -9999.0 -9999.0 -9999.0 -9999.0 -1492.050811 -1399.229082 -1309.576709 -1194.889416 -1089.875576 -1003.590163 -933.689860 -912.006482 -898.053286 -877.641791 -882.971355 -898.936934 -914.125931 -898.551623 -890.489236 -894.709776 -920.554956 -922.195073 -919.169864 -909.576699 -910.331638 -916.047089 -940.205419 -933.248688 -935.295297 -957.824508 -983.458828 -997.798436 -1009.109152 -999.066633 -998.032032 -1010.076056 -1007.051993 -981.498915 -962.228171 -948.843354 -926.319579 -893.564967 -862.076208 -848.401632 -847.784929 -841.825274 -800.436898 -731.294841 -662.777992 -611.325623 -582.480003 -576.852195 -607.498571 -650.732691 -674.748213 -670.732776 -639.108783 -588.270584 -511.917115 -460.062517 -421.213686 -388.391861 -345.275752 -205.325642 -9999.0 -9999.0 -9999.0 -9999.0 -9999.0 -9999.0 -9999.0 -9999.0 -9999.0 -9999.0 -9999.0 -9999.0 -9999.0 -9999.0
-9999.0 -9999.0 -9999.0 -9999.0 -9999.0 -9999.0 -9999.0 -9999.0 -9999.0 -9999.0 -9999.0 -9999.0 -9999.0 -9999.0 -9999.0 -9999.0 -9999.0 -9999.0 -9999.0 -9999.0 -9999.0 -9999.0 -9999.0 -9999.0 -9999.0 -9999.0 -9999.0 -9999.0 -9999.0 -9999.0 -9999.0 -9999.0 -9999.0 -9999.0 -9999.0 -9999.0 -9999.0 -9999.0 -9999.0 -9999.0 -9999.0 -9999.0 -9999.0 -9999.0 -9999.0 -9999.0 -9999.0 -9999.0 -9999.0 -9999.0 -9999.0 -9999.0 -9999.0 -9999.0 -9999.0 -9999.0 -9999.0 -9999.0 -9999.0 -9999.0 -9999.0 -9999.0 -9999.0 -9999.0 -9999.0 -9999.0 -9999.0 -9999.0 -9999.0 -9999.0 -9999.0 -9999.0 -9999.0 -9999.0 -9999.0 -9999.0 -9999.0 -9999.0 -9999.0 -9999.0
-9999.0 -9999.0 -9999.0 -9999.0 -9999.0 -9999.0 -9999.0 -9999.0 -9999.0 -9999.0 -9999.0 -9999.0 -9999.0 -9999.0 -9999.0 -9999.0 -9999.0 -9999.0 -9999.0 -9999.0 -9999.0 -9999.0 -9999.0 -9999.0 -9999.0 -9999.0 -9999.0 -9999.0 -9999.0 -9999.0 -9999.0 -9999.0 -9999.0 -9999.0 -9999.0 -9999.0 -9999.0 -9999.0 -9999.0 -9999.0 -9999.0 -9999.0 -9999.0 -9999.0 -9999.0 -9999.0 -9999.0 -9999.0 -9999.0 -9999.0 -9999.0 -9999.0 -9999.0 -9999.0 -9999.0 -9999.0 -9999.0 -9999.0 -9999.0 -9999.0 -9999.0 -9999.0 -9999.0 -9999.0 -9999.0 -9999.0 -9999.0 -9999.0 -9999.0 -9999.0 -9999.0 -9999.0 -9999.0 -9999.0 -9999.0 -9999.0 -9999.0 -9999.0 -9999.0 -9999.0