Borden_/Borden1m_014/output_maps/psiliqL0030N0027.asc
ncols         80
nrows         18
xllcorner     620200.000000
yllcorner     5168000.000000
cellsize      1.000000
NODATA_value  -9999.0
-9999.0 -9999.0 -9999.0 -9999.0 -9999.0 -9999.0 -9999.0 -9999.0 -9999.0 -9999.0 -9999.0 -9999.0 -9999.0 -9999.0 -9999.0 -9999.0 -9999.0 -9999.0 -9999.0 -9999.0 -9999.0 -9999.0 -9999.0 -9999.0 -9999.0 -9999.0 -9999.0 -9999.0 -9999.0 -9999.0 -9999.0 -9999.0 -9999.0 -9999.0 -9999.0 -9999.0 -9999.0 -9999.0 -9999.0 -9999.0 -9999.0 -9999.0 -9999.0 -9999.0 -9999.0 -9999.0 -9999.0 -9999.0 -9999.0 -9999.0 -9999.0 -9999.0 -9999.0 -9999.0 -9999.0 -9999.0 -9999.0 -9999.0 -9999.0 -9999.0 -9999.0 -9999.0 -9999.0 -9999.0 -9999.0 -9999.0 -9999.0 -9999.0 -9999.0 -9999.0 -9999.0 -9999.0 -9999.0 -9999.0 -9999.0 -9999.0 -9999.0 -9999.0 -9999.0 -9999.0
-9999.0 -9999.0 -9999.0 -9999.0 -9999.0 -9999.0 -9999.0 -9999.0 -9999.0 -9999.0 -9999.0 -9999.0 -9999.0 -9999.0 -9999.0 -9999.0 -9999.0 -9999.0 -9999.0 -9999.0 -9999.0 -9999.0 -9999.0 -9999.0 -9999.0 -9999.0 -9999.0 -9999.0 -9999.0 -9999.0 -9999.0 -9999.0 -9999.0 -9999.0 -9999.0 -9999.0 -9999.0 -9999.0 -9999.0 -9999.0 -9999.0 -9999.0 -9999.0 -9999.0 -9999.0 -9999.0 -9999.0 -9999.0 -9999.0 -9999.0 -9999.0 -9999.0 -9999.0 -9999.0 -9999.0 -9999.0 -9999.0 -9999.0 -9999.0 -9999.0 -9999.0 -9999.0 -9999.0 -9999.0 -9999.0 -9999.0 -9999.0 -9999.0 -9999.0 -9999.0 -9999.0 -9999.0 -9999.0 -9999.0 -9999.0 -9999.0 -9999.0 -9999.0 -9999.0 -9999.0
-9999.0 -9999.0 -9999.0 -9999.0 -9999.0 -9999.0 -9999.0 -9999.0 -9999.0 -9999.0 -9999.0 -9999.0 -9999.0 -9999.0 -9999.0 -9999.0 -9999.0 -9999.0 -9999.0 -9999.0 4125.027929 4125.473021 4103.914312 4069.588296 4041.142749 4042.732647 4074.992604 4115.309438 4154.114105 4160.523312 4140.880581 4144.947021 4140.397520 4134.671200 4134.012793 4141.942921 4149.271044 4158.425453 4164.892758 4161.978000 4154.219650 4149.256869 4152.640433 4153.781909 4160.343756 4144.603138 4161.235234 4177.830638 4182.270957 4180.165652 4157.295972 4146.392654 4138.668344 4123.075518 4150.400159 4162.124391 4185.975040 4190.906954 4188.983125 4162.538658 4132.620607 -9999.0 -9999.0 -9999.0 -9999.0 -9999.0 -9999.0 -9999.0 -9999.0 -9999.0 -9999.0 -9999.0 -9999.0 -9999.0 -9999.0 -9999.0 -9999.0 -9999.0 -9999.0 -9999.0
-9999.0 -9999.0 -9999.0 -9999.0 -9999.0 -9999.0 -9999.0 -9999.0 -9999.0 -9999.0 -9999.0 -9999.0 -9999.0 -9999.0 4035.000093 4026.423962 4023.348842 4030.081695 4061.997947 4092.103925 4103.449378 4095.784446 4095.304552 4069.958680 4046.102715 4057.981109 4087.005265 4116.864112 4149.684411 4165.904203 4154.855160 4151.914339 4157.700474 4175.111526 4181.353504 4177.308625 4160.262308 4184.831364 4197.218742 4200.290790 4197.893760 4187.620970 4194.965211 4208.429481 4201.239856 4186.503231 4199.319224 4215.276299 4225.388541 4218.912888 4162.465816 4152.791449 4150.002815 4146.979406 4134.410128 4131.619669 4161.296483 4161.054557 4154.509678 4137.867861 4104.657934 4059.399478 4040.691911 4082.368417 4126.370634 4182.765366 -9999.0 -9999.0 -9999.0 -9999.0 -9999.0 -9999.0 -9999.0 -9999.0 -9999.0 -9999.0 -9999.0 -9999.0 -9999.0 -9999.0
-9999.0 -9999.0 -9999.0 -9999.0 -9999.0 -9999.0 -9999.0 -9999.0 -9999.0 3977.611817 3983.922298 3990.575445 3992.884377 4007.576682 4003.703358 4010.243748 4012.900067 4039.957657 4068.610123 4101.281497 4127.368397 4117.827244 4115.694361 4117.176057 4108.161692 4114.281010 4134.111426 4169.665568 4198.223879 4231.857771 4196.695996 4190.818788 4207.730595 4247.039828 4266.567155 4266.582978 4247.592730 4267.364392 4290.552182 4304.264476 4300.057240 4293.008179 4319.778394 4335.768614 4326.790418 4304.159410 4306.500161 4316.350424 4346.866558 4295.706752 4228.984255 4194.449109 4214.083278 4195.533231 4173.463146 4165.534220 4167.649984 4188.385204 4177.937060 4145.266674 4113.217972 4101.499786 4085.220233 4108.039024 4132.098243 4178.989805 4219.657478 4250.077114 4249.605767 4232.553553 -9999.0 -9999.0 -9999.0 -9999.0 -9999.0 -9999.0 -9999.0 -9999.0 -9999.0 -9999.0
-9999.0 -9999.0 -9999.0 -9999.0 -9999.0 -9999.0 3899.163638 3909.854789 3930.533085 3932.139042 3958.716596 3962.973218 3980.891844 3997.023359 4018.519124 4029.708326 4052.631349 4081.269918 4115.338041 4150.811507 4176.683671 4162.758518 4166.691741 4182.299282 4204.731044 4220.125967 4242.293098 4280.165041 4352.635369 4388.416574 4376.312209 4376.033262 4384.001663 4435.287994 4499.621953 4509.077564 4488.154329 4475.729598 4501.171213 4540.023427 4536.121810 4534.718711 4549.585332 4561.237334 4588.333518 4576.068424 4540.157430 4537.386968 4547.024802 4520.985467 4447.907804 4391.918707 4377.344226 4329.598298 4244.305434 4205.009945 4234.932303 4266.120452 4246.724463 4198.287525 4168.548922 4164.876930 4155.242037 4150.717319 4165.503406 4189.918207 4214.497116 4229.322185 4217.884546 4197.240265 4176.099438 4148.277690 4151.332081 4176.321412 -9999.0 -9999.0 -9999.0 -9999.0 -9999.0 -9999.0
-9999.0 -9999.0 -9999.0 -9999.0 3850.083954 3862.705330 3846.629249 3872.857648 3904.159820 3937.143042 3962.776972 3992.397529 4013.857025 4039.073961 4069.402993 4086.855430 4115.576182 4143.434129 4188.519980 4247.710939 4290.164178 4300.544376 4307.864478 4357.930250 4413.776166 4459.755390 4478.619563 4505.361124 4554.317034 4611.664449 4633.328420 4635.190449 4652.236441 4698.976406 4759.189239 4795.456647 4777.159068 4767.446982 4779.314410 4795.158190 4817.343271 4817.349223 4818.519735 4823.521626 4832.355688 4829.803446 4801.437418 4767.184222 4753.910583 4742.959194 4700.732290 4626.093079 4597.785845 4567.012953 4518.713808 4462.077951 4420.109216 4426.283060 4370.336205 4313.844718 4266.880859 4262.899412 4245.288741 4231.687489 4217.476385 4232.611943 4246.797655 4232.923071 4203.205047 4174.587899 4162.240797 4145.119480 4133.722974 4165.368064 4183.435683 4212.643696 -9999.0 -9999.0 -9999.0 -9999.0
-9999.0 -9999.0 3791.602999 3835.350063 3892.015720 3896.720820 3886.952726 3888.268906 3913.422574 3961.252493 4019.053130 4051.543926 4075.838681 4105.427293 4153.589478 4210.412353 4267.682801 4309.988388 4369.462518 4440.351989 4499.902305 4525.895388 4533.690109 4570.348305 4627.178081 4700.560389 4730.169268 4757.930805 4791.748146 4830.780721 4815.582989 4825.159628 4839.126809 4855.634187 4874.067440 4883.054983 4877.518339 4872.765768 4853.805236 4848.007484 4854.368089 4863.625349 4861.705727 4846.524590 4842.516948 4858.042098 4865.131018 4862.472732 4858.596769 4862.701047 4855.091427 4802.682615 4792.206209 4775.850821 4762.188139 4714.197056 4645.070284 4614.296885 4590.761425 4547.407240 4472.666204 4438.190215 4400.287975 4367.652616 4332.436529 4322.916899 4293.066470 4262.378697 4224.765806 4184.815396 4166.639102 4153.370229 4153.506009 4154.253936 4172.497117 4188.269945 4204.352613 4212.478874 -9999.0 -9999.0
-9999.0 3679.239911 3749.320229 3868.595199 3944.958383 3978.610986 3978.610577 3974.659087 3999.098279 4034.500091 4115.894392 4153.410260 4236.244670 4276.278649 4315.457901 4405.757463 4503.741666 4549.279256 4590.872797 4659.327080 4728.967115 4777.903543 4805.177185 4772.872190 4815.626763 4852.342778 4862.769854 4871.485662 4873.261065 4864.570316 4858.811133 4865.198920 4861.844407 4841.848227 4824.999585 4822.947209 4819.359574 4795.326727 4767.234105 4750.925183 4751.503030 4777.367773 4763.585228 4741.856329 4737.298007 4759.510953 4782.235355 4771.066736 4757.666437 4774.500893 4810.147828 4837.185237 4835.178745 4854.605171 4875.931015 4845.459822 4826.476431 4780.513183 4762.871685 4736.850770 4677.876065 4622.801089 4573.780240 4525.574137 4473.973851 4427.191993 4380.171154 4333.384480 4281.243998 4249.037588 4225.793581 4184.920988 4174.494982 4182.145572 4178.219924 4177.008554 4183.710716 4190.338291 -9999.0 -9999.0
-9999.0 3576.344081 3713.324479 3887.609638 4028.004294 4062.699404 4110.993841 4160.397810 4171.378553 4108.258017 4210.734631 4432.164805 4566.112291 4586.832551 4666.748088 4767.800576 4739.059285 4772.248764 4797.343643 4830.115709 4856.324771 4873.060815 4871.965679 4867.497456 4850.471028 4842.341410 4841.317153 4839.021129 4820.982594 4801.451608 4784.214909 4780.455661 4761.374318 4708.555617 4674.085770 4655.195118 4633.418238 4620.846668 4594.506926 4567.747434 4549.698001 4557.692527 4557.916508 4545.717046 4541.338410 4558.569051 4589.638203 4589.461898 4603.973521 4624.160023 4659.856921 4699.676637 4719.376305 4749.340865 4785.740286 4836.288798 4843.121010 4866.081744 4868.372518 4860.723186 4812.096256 4758.963506 4728.869331 4672.161465 4612.390516 4550.496540 4500.691573 4455.705212 4399.812191 4366.761351 4328.550055 4275.145232 4235.051205 4231.395759 4199.223705 4188.011533 -9999.0 -9999.0 -9999.0 -9999.0
-9999.0 3464.402713 3639.605838 3870.069231 4171.628299 4231.587930 4437.857636 4553.355901 4590.695104 4661.489725 4509.465023 4743.116555 4804.911902 4802.236122 4826.358942 4830.931212 4846.225047 4845.072657 4839.952784 4828.570530 4818.476532 4813.513147 4812.617076 4804.605205 4791.751835 4776.871496 4764.631633 4752.586212 4714.633350 4681.588316 4639.572276 4626.278997 4577.621353 4483.646366 4444.954341 4403.809539 4339.539279 4343.795391 4355.229296 4331.891409 4311.482542 4279.850104 4312.523328 4326.058547 4331.306385 4324.219755 4331.899867 4363.757184 4414.616933 4450.056011 4489.070844 4537.962882 4569.439783 4609.165802 4648.541055 4701.651629 4734.010646 4763.505629 4814.465328 4851.966698 4875.143027 4859.767676 4843.136306 4796.004549 4734.770602 4684.828844 4654.738077 4602.733378 4558.627240 4515.361812 4468.803466 4415.999455 4354.256838 4307.630699 4274.942780 -9999.0 -9999.0 -9999.0 -9999.0 -9999.0
-9999.0 3223.818342 3485.194164 3740.895380 4000.530639 4352.791361 4546.246271 4635.732836 4701.819049 4693.945086 4725.971109 4730.046084 4768.165299 4776.804643 4755.639315 4740.571088 4721.241225 4720.150511 4733.366034 4705.190015 4673.846682 4659.902363 4660.940536 4650.278479 4625.681645 4610.854429 4601.703597 4582.375919 4538.997136 4487.169638 4400.316911 4361.995383 4279.847857 4246.100222 4211.244523 4164.102771 4120.946911 4128.453469 4155.541481 4148.287637 4127.969433 4111.500827 4142.069863 4164.383418 4178.283714 4160.556911 4166.834633 4201.483200 4248.009662 4288.681519 4332.289417 4380.289369 4423.075177 4461.465234 4480.386813 4517.963749 4560.677671 4602.934576 4674.390454 4755.604307 4793.465688 4829.353867 4856.819510 4879.376441 4835.612810 4810.571661 4785.889957 4761.261167 4713.791022 4667.669802 4627.047608 4560.363321 4500.750025 -9999.0 -9999.0 -9999.0 -9999.0 -9999.0 -9999.0 -9999.0
-9999.0 3116.843837 3297.978098 3471.749975 3704.793888 3933.623060 4171.581866 4261.646629 4333.794698 4421.388411 4484.337818 4525.438733 4551.294369 4573.760670 4551.449217 4503.018058 4469.559288 4474.949511 4464.138395 4444.018650 4416.692094 4404.213280 4401.088115 4396.805596 4376.333020 4367.062949 4360.947000 4343.410371 4319.692242 4266.373471 4196.617464 4121.703015 4069.794720 4054.510995 4034.273918 4009.496639 3986.344572 4000.771934 4013.288911 4014.797144 4010.120882 4011.806002 4040.836035 4061.217766 4070.598919 4060.350267 4078.483150 4100.635741 4136.361634 4175.189850 4219.442548 4269.175174 4317.351966 4335.802589 4335.251838 4343.402116 4369.030562 4411.203619 4487.197232 4574.104542 4655.450952 4702.481731 4754.439878 4795.889344 4825.777399 4847.532337 4872.388097 4867.326009 4839.810960 4805.496826 4744.655562 -9999.0 -9999.0 -9999.0 -9999.0 -9999.0 -9999.0 -9999.0 -9999.0 -9999.0
-9999.0 -9999.0 3074.191008 3213.163787 3288.491529 3439.450122 3575.178070 3680.191819 3787.813278 3942.328773 4073.324679 4172.575501 4221.373177 4237.405426 4224.397415 4198.369028 4183.047994 4182.448943 4169.993076 4165.544242 4153.616404 4149.360448 4136.869637 4129.760003 4128.305217 4129.780599 4128.768153 4121.828867 4107.095115 4067.641109 4035.480986 3993.908355 3950.533877 3930.889942 3914.892072 3900.493800 3907.555198 3902.601491 3908.418027 3912.327425 3923.566657 3938.735522 3957.877526 3981.086861 3990.824844 4001.785902 4012.047847 4032.917154 4061.794134 4101.477836 4152.421020 4207.031868 4242.448195 4248.092684 4227.972040 4220.341449 4225.351115 4251.205854 4310.649827 4378.049575 4470.050773 4537.109527 4604.645954 4662.032655 4689.678110 4726.099750 4798.824676 4847.037900 4892.591489 4870.015512 -9999.0 -9999.0 -9999.0 -9999.0 -9999.0 -9999.0 -9999.0 -9999.0 -9999.0 -9999.0
-9999.0 -9999.0 -9999.0 -9999.0 3068.459230 3208.404785 3302.335160 3376.387055 3510.841409 3645.057801 3753.061946 3842.837750 3916.058508 3942.922182 3947.349942 3970.144290 3971.215810 3960.589421 3949.183979 3957.121787 3965.200159 3959.841385 3941.962097 3936.971400 3943.332478 3953.922428 3953.912931 3943.032874 3926.570635 3918.156883 3910.532226 3883.405600 3854.690409 3829.965039 3820.475987 3820.409944 3822.077761 3814.784917 3823.800596 3834.239564 3851.002847 3866.338226 3889.818197 3919.985609 3935.261082 3949.896699 3957.837828 3975.265660 4003.246637 4054.213726 4115.587501 4172.143622 4206.136821 4205.781440 4176.332257 4153.145118 4138.435831 4153.506790 4179.281123 4226.725991 4315.105933 4376.974715 4419.892025 4456.716260 4493.103195 4560.544034 4659.057374 4742.417863 -9999.0 -9999.0 -9999.0 -9999.0 -9999.0 -9999.0 -9999.0 -9999.0 -9999.0 -9999.0 -9999.0 -9999.0
-9999.0 -9999.0 -9999.0 -9999.0 -9999.0 -9999.0 3046.427890 3152.847553 3210.023288 3368.855912 3521.544149 3632.236121 3717.622825 3756.451370 3795.050928 3827.900274 3830.010317 3808.878477 3785.692306 3809.565576 3832.209284 3825.895089 3792.507347 3795.879915 3805.421433 3814.660264 3813.854103 3810.442769 3788.719196 3811.036228 3820.308902 3800.969064 3778.925262 3769.708982 3760.540545 3772.418522 3773.907605 3760.131270 3758.889868 3788.172199 3810.172496 3823.107617 3843.766329 3877.027377 3909.587391 3925.439544 3925.890471 3929.594173 3964.346546 4031.675466 4102.636705 4157.982170 4189.049898 4193.152104 4161.645408 4115.874203 4088.633582 4085.710530 4107.760861 4144.191560 4203.084344 4237.337993 4244.204339 4240.390729 4249.213401 4351.886965 -9999.0 -9999.0 -9999.0 -9999.0 -9999.0 -9999.0 -9999.0 -9999.0 -9999.0 -9999.0 -9999.0 -9999.0 -9999.0 -9999.0
-9999.0 -9999.0 -9999.0 -9999.0 -9999.0 -9999.0 -9999.0 -9999.0 -9999.0 -9999.0 -9999.0 -9999.0 -9999.0 -9999.0 -9999.0 -9999.0 -9999.0 -9999.0 -9999.0 -9999.0 -9999.0 -9999.0 -9999.0 -9999.0 -9999.0 -9999.0 -9999.0 -9999.0 -9999.0 -9999.0 -9999.0 -9999.0 -9999.0 -9999.0 -9999.0 -9999.0 -9999.0 -9999.0 -9999.0 -9999.0 -9999.0 -9999.0 -9999.0 -9999.0 -9999.0 -9999.0 -9999.0 -9999.0 -9999.0 -9999.0 -9999.0 -9999.0 -9999.0 -9999.0 -9999.0 -9999.0 -9999.0 -9999.0 -9999.0 -9999.0 -9999.0 -9999.0 -9999.0 -9999.0 -9999.0 -9999.0 -9999.0 -9999.0 -9999.0 -9999.0 -9999.0 -9999.0 -9999.0 -9999.0 -9999.0 -9999.0 -9999.0 -9999.0 -9999.0 -9999.0
-9999.0 -9999.0 -9999.0 -9999.0 -9999.0 -9999.0 -9999.0 -9999.0 -9999.0 -9999.0 -9999.0 -9999.0 -9999.0 -9999.0 -9999.0 -9999.0 -9999.0 -9999.0 -9999.0 -9999.0 -9999.0 -9999.0 -9999.0 -9999.0 -9999.0 -9999.0 -9999.0 -9999.0 -9999.0 -9999.0 -9999.0 -9999.0 -9999.0 -9999.0 -9999.0 -9999.0 -9999.0 -9999.0 -9999.0 -9999.0 -9999.0 -9999.0 -9999.0 -9999.0 -9999.0 -9999.0 -9999.0 -9999.0 -9999.0 -9999.0 -9999.0 -9999.0 -9999.0 -9999.0 -9999.0 -9999.0 -9999.0 -9999.0 -9999.0 -9999.0 -9999.0 -9999.0 -9999.0 -9999.0 -9999.0 -9999.0 -9999.0 -9999.0 -9999.0 -9999.0 -9999.0 -9999.0 -9999.0 -9999.0 -9999.0 -9999.0 -9999.0 -9999.0 -9999.0 -9999.0