Borden_/Borden1m_014/output_maps/psiliqL0010N0022.asc
ncols         80
nrows         18
xllcorner     620200.000000
yllcorner     5168000.000000
cellsize      1.000000
NODATA_value  -9999.0
-9999.0 -9999.0 -9999.0 -9999.0 -9999.0 -9999.0 -9999.0 -9999.0 -9999.0 -9999.0 -9999.0 -9999.0 -9999.0 -9999.0 -9999.0 -9999.0 -9999.0 -9999.0 -9999.0 -9999.0 -9999.0 -9999.0 -9999.0 -9999.0 -9999.0 -9999.0 -9999.0 -9999.0 -9999.0 -9999.0 -9999.0 -9999.0 -9999.0 -9999.0 -9999.0 -9999.0 -9999.0 -9999.0 -9999.0 -9999.0 -9999.0 -9999.0 -9999.0 -9999.0 -9999.0 -9999.0 -9999.0 -9999.0 -9999.0 -9999.0 -9999.0 -9999.0 -9999.0 -9999.0 -9999.0 -9999.0 -9999.0 -9999.0 -9999.0 -9999.0 -9999.0 -9999.0 -9999.0 -9999.0 -9999.0 -9999.0 -9999.0 -9999.0 -9999.0 -9999.0 -9999.0 -9999.0 -9999.0 -9999.0 -9999.0 -9999.0 -9999.0 -9999.0 -9999.0 -9999.0
-9999.0 -9999.0 -9999.0 -9999.0 -9999.0 -9999.0 -9999.0 -9999.0 -9999.0 -9999.0 -9999.0 -9999.0 -9999.0 -9999.0 -9999.0 -9999.0 -9999.0 -9999.0 -9999.0 -9999.0 -9999.0 -9999.0 -9999.0 -9999.0 -9999.0 -9999.0 -9999.0 -9999.0 -9999.0 -9999.0 -9999.0 -9999.0 -9999.0 -9999.0 -9999.0 -9999.0 -9999.0 -9999.0 -9999.0 -9999.0 -9999.0 -9999.0 -9999.0 -9999.0 -9999.0 -9999.0 -9999.0 -9999.0 -9999.0 -9999.0 -9999.0 -9999.0 -9999.0 -9999.0 -9999.0 -9999.0 -9999.0 -9999.0 -9999.0 -9999.0 -9999.0 -9999.0 -9999.0 -9999.0 -9999.0 -9999.0 -9999.0 -9999.0 -9999.0 -9999.0 -9999.0 -9999.0 -9999.0 -9999.0 -9999.0 -9999.0 -9999.0 -9999.0 -9999.0 -9999.0
-9999.0 -9999.0 -9999.0 -9999.0 -9999.0 -9999.0 -9999.0 -9999.0 -9999.0 -9999.0 -9999.0 -9999.0 -9999.0 -9999.0 -9999.0 -9999.0 -9999.0 -9999.0 -9999.0 -9999.0 136.086021 139.092457 116.838575 83.235279 55.287302 57.737490 93.174069 134.884759 173.554874 184.602684 167.326651 169.730752 165.434641 165.488310 168.760415 175.300980 178.636795 190.220739 198.955790 199.003379 193.207465 188.015577 187.648663 191.228566 196.261957 186.324689 199.490354 214.420707 220.019052 214.118091 185.982511 169.365596 160.065691 144.436472 168.089311 179.754699 202.123766 205.906077 204.068582 176.675910 146.403353 -9999.0 -9999.0 -9999.0 -9999.0 -9999.0 -9999.0 -9999.0 -9999.0 -9999.0 -9999.0 -9999.0 -9999.0 -9999.0 -9999.0 -9999.0 -9999.0 -9999.0 -9999.0 -9999.0
-9999.0 -9999.0 -9999.0 -9999.0 -9999.0 -9999.0 -9999.0 -9999.0 -9999.0 -9999.0 -9999.0 -9999.0 -9999.0 -9999.0 44.555386 34.740573 32.069349 40.940661 75.122564 105.539269 118.152641 110.926244 111.324129 88.298714 68.552221 83.280102 113.476100 145.816925 181.337508 203.121350 191.996764 190.448253 201.785340 229.660556 244.625437 242.495669 221.757601 244.855672 261.562319 271.632155 271.676322 263.847714 278.934235 295.804278 289.023868 270.426783 273.092174 284.193693 297.522989 281.249954 214.995069 192.861835 187.646875 179.440224 164.658192 157.288041 181.510472 181.573297 172.711624 154.248789 121.534301 77.235738 58.859464 97.130377 141.081918 198.588473 -9999.0 -9999.0 -9999.0 -9999.0 -9999.0 -9999.0 -9999.0 -9999.0 -9999.0 -9999.0 -9999.0 -9999.0 -9999.0 -9999.0
-9999.0 -9999.0 -9999.0 -9999.0 -9999.0 -9999.0 -9999.0 -9999.0 -9999.0 -13.255137 -9.255864 -1.942750 0.215185 16.097506 14.423666 21.747735 29.843053 56.807451 88.576867 124.319736 153.707290 144.773810 146.153445 159.062517 166.373192 180.298337 202.833962 245.641354 291.165088 336.941211 311.335662 311.515816 333.488907 384.589528 423.213499 433.717233 413.730473 418.974369 445.897953 472.796803 475.623234 475.761078 503.799312 520.043487 524.678912 501.379831 479.862381 476.643118 502.407664 446.301496 377.317430 321.069141 318.067603 282.163444 238.253135 214.458591 210.114338 230.257434 213.458787 174.659786 137.270363 126.573975 109.113421 125.069256 147.079070 193.446349 231.801446 260.115125 259.884982 242.321371 -9999.0 -9999.0 -9999.0 -9999.0 -9999.0 -9999.0 -9999.0 -9999.0 -9999.0 -9999.0
-9999.0 -9999.0 -9999.0 -9999.0 -9999.0 -9999.0 -91.997499 -82.934483 -62.995054 -57.608061 -32.850618 -25.129093 -4.276665 15.516579 37.001118 54.647018 86.309037 120.241977 163.243133 208.932639 243.161553 240.752000 254.142626 292.364876 339.571910 373.929797 401.165248 445.799990 535.522705 591.261188 609.417139 619.456896 632.848811 678.390324 740.745608 762.326177 735.808425 718.514287 736.371690 773.785467 792.076983 796.658549 806.377300 815.708360 840.828035 829.305838 778.826627 758.492245 753.094020 739.962757 686.568282 623.947364 574.182019 511.468640 419.604806 357.974738 357.283403 370.080041 334.386094 275.793091 230.419936 217.604949 200.945386 185.405703 189.774754 208.173473 230.512284 241.271786 228.209546 207.136941 183.902711 154.918821 156.413914 181.595447 -9999.0 -9999.0 -9999.0 -9999.0 -9999.0 -9999.0
-9999.0 -9999.0 -9999.0 -9999.0 -141.843974 -129.263638 -140.982236 -116.872080 -84.602403 -50.974536 -18.321385 19.537394 47.539270 78.638029 121.730814 160.921304 206.991413 246.413890 307.423583 381.824033 438.819111 470.434856 495.051480 570.166803 641.180654 693.271755 712.651213 739.647758 786.137297 857.330064 887.693305 896.942995 914.659666 946.450134 990.633026 1023.594380 1005.532507 997.637255 1001.334940 1012.074255 1038.444110 1041.011329 1043.263213 1044.897011 1047.896525 1046.562509 1021.276694 987.756672 973.794556 964.823357 942.198696 875.309364 821.860895 785.921949 755.488132 708.739998 643.274352 617.494721 547.991175 478.797232 405.623573 376.537261 339.524336 308.172528 273.937276 271.969867 272.756869 251.249770 219.086788 186.329525 170.860200 151.816411 141.121386 170.737863 188.201112 218.889942 -9999.0 -9999.0 -9999.0 -9999.0
-9999.0 -9999.0 -200.386452 -150.690650 -94.432341 -85.583374 -83.538328 -77.963582 -50.282139 1.453373 80.747584 135.045211 181.829323 217.150640 282.946608 372.601745 455.695940 515.930204 588.740259 661.502792 722.105322 759.446330 789.125156 832.759404 885.977465 939.479222 963.938192 987.929963 1019.736637 1053.912783 1073.988381 1089.632952 1096.960778 1096.242948 1099.147857 1099.199281 1094.483911 1088.125664 1069.369978 1065.998652 1073.462175 1077.466592 1080.319424 1067.823540 1064.035002 1076.630156 1078.875053 1078.364391 1079.086009 1086.908986 1094.740393 1059.939897 1012.099464 995.871638 987.754759 946.311137 884.234851 832.515232 804.075561 760.787419 685.407352 631.762272 570.485117 505.890822 442.122385 401.771497 348.639699 303.284424 255.022344 207.891119 183.402476 164.338284 161.434222 161.355233 177.084190 192.420598 207.664266 215.396095 -9999.0 -9999.0
-9999.0 -300.381397 -227.805298 -100.345670 -20.814804 24.971975 64.385639 93.008255 120.045813 140.416045 252.902973 361.130702 458.862979 500.976836 567.082398 671.504491 770.480807 816.307316 854.856430 904.713009 959.896173 1006.305236 1036.606271 1061.130941 1091.530231 1095.903666 1096.099035 1097.256498 1091.951770 1085.147360 1076.143508 1082.838876 1080.116103 1063.274094 1049.105143 1046.318879 1039.384543 1012.265716 982.191683 966.885771 969.537705 990.406310 979.909477 960.414833 957.119469 977.503026 995.347955 988.179729 978.088861 996.306877 1032.011151 1053.415757 1066.987523 1081.974494 1102.676052 1079.101661 1047.893926 1006.232638 984.573682 956.193759 895.211126 832.921676 776.869843 713.818619 646.569720 568.282185 491.133857 422.201861 350.028673 305.551861 271.480046 217.881421 193.585382 193.833532 183.936393 180.841162 186.960252 193.241190 -9999.0 -9999.0
-9999.0 -374.487545 -231.121368 -45.105887 103.546225 168.139269 287.404766 374.167177 406.223849 385.274852 508.633042 739.335324 830.674696 846.170929 915.243992 996.658213 1030.037827 1059.998823 1080.425865 1082.223078 1084.014485 1091.149830 1089.609128 1083.490724 1069.656083 1061.751417 1060.275127 1056.583315 1037.464725 1017.585517 999.977676 994.170436 977.025342 939.316760 909.305015 893.288593 875.480810 843.489157 803.303056 773.609802 758.805953 775.729908 767.263632 750.433923 747.096873 770.048180 803.908268 801.496057 811.367301 836.735966 879.263526 923.031093 946.598024 975.218201 1012.746763 1055.685196 1073.614685 1093.991815 1098.508495 1076.951572 1034.483382 984.431519 949.803213 883.787002 811.392841 732.985885 670.451898 609.753191 530.397992 470.946544 414.531926 349.937401 287.335334 256.606156 215.253334 193.724708 -9999.0 -9999.0 -9999.0 -9999.0
-9999.0 -443.917373 -252.868219 11.853128 278.825225 413.068687 627.431096 760.784724 831.116280 883.520150 903.924090 1023.596257 1052.234181 1045.447349 1035.283808 1038.189539 1052.973893 1057.318919 1054.420592 1045.025398 1035.265761 1030.187372 1029.358426 1021.375618 1008.380446 992.595248 978.701654 963.776118 920.185176 885.989696 852.598857 834.478273 795.531828 708.567059 668.879373 636.112328 575.571713 560.008537 543.150297 506.467847 482.985624 464.470516 484.325574 485.507443 487.040419 495.866518 520.639879 547.538309 598.531113 640.366080 684.813944 737.125293 773.228136 819.292504 868.605290 928.933632 961.314860 991.363905 1036.305760 1077.648038 1100.913218 1091.779754 1062.663382 1019.610869 951.593227 882.601207 836.239234 769.787975 705.092849 650.640311 602.222805 538.543331 454.936564 350.373356 304.090252 -9999.0 -9999.0 -9999.0 -9999.0 -9999.0
-9999.0 -605.272243 -336.838208 -41.184680 290.564879 622.661942 744.031859 898.057514 972.175261 918.399057 902.037008 928.059565 967.596287 975.029593 956.621049 950.757232 942.818430 943.606642 956.869899 931.132481 897.747237 883.031765 881.352095 867.576345 841.928014 821.598061 806.122105 783.754595 734.055053 686.207079 609.849070 576.004520 489.328329 418.567685 369.832808 319.278049 264.509081 259.969875 273.627280 255.348296 231.724636 212.498034 238.262437 254.364270 265.862804 256.621156 267.269773 304.695406 356.922769 403.750842 458.412330 522.074263 579.668336 638.567301 674.130860 726.186759 774.157861 824.085971 899.159046 981.220697 1017.870432 1052.793115 1088.055900 1104.499268 1057.136213 1008.832640 963.044646 910.502080 826.603949 775.552556 744.219655 699.522995 641.242596 -9999.0 -9999.0 -9999.0 -9999.0 -9999.0 -9999.0 -9999.0
-9999.0 -737.408318 -508.770338 -264.185084 34.193589 276.914218 471.407716 597.338180 683.190018 684.398491 698.898960 726.660570 755.686118 777.395117 756.761072 723.124266 698.716940 703.444347 702.619082 679.996641 651.637220 637.181097 634.668043 624.460958 592.903525 571.742800 555.408610 525.518447 481.583987 420.813924 336.339360 263.821997 198.376331 161.317236 130.025723 96.047145 56.883907 66.614867 80.185510 75.243429 62.860125 58.506133 87.979083 106.494531 116.615996 104.072349 123.029126 150.509162 193.115106 236.248025 285.882051 342.746108 399.581008 434.403069 454.044825 488.815906 541.425041 610.512392 699.905314 797.375681 874.934033 928.678634 980.074154 1015.749839 1032.076507 1051.589568 1035.811035 968.686090 857.322547 845.346663 826.947452 -9999.0 -9999.0 -9999.0 -9999.0 -9999.0 -9999.0 -9999.0 -9999.0 -9999.0
-9999.0 -9999.0 -745.277363 -558.026946 -402.478239 -216.490660 -63.891916 47.095897 126.684648 221.529371 314.060543 390.739946 433.291169 451.021329 433.616878 394.668966 369.918526 370.157472 360.946727 347.790069 324.385592 314.834259 304.188546 294.834121 280.069488 271.035546 263.712317 250.225404 225.269487 176.590175 123.518456 70.297424 14.841871 -11.089704 -33.452346 -56.175434 -59.590215 -61.933324 -55.456147 -54.348197 -48.866615 -37.084636 -16.465564 4.976671 14.452496 21.851896 34.501670 58.366701 91.787138 133.278798 186.208381 242.831940 282.190069 295.508319 287.534133 295.679359 321.583499 372.049120 466.525252 571.106742 672.369590 746.063503 821.594658 877.262846 901.015861 924.623980 953.095278 907.591606 599.943411 804.599049 -9999.0 -9999.0 -9999.0 -9999.0 -9999.0 -9999.0 -9999.0 -9999.0 -9999.0 -9999.0
-9999.0 -9999.0 -9999.0 -9999.0 -701.740235 -545.140367 -450.607021 -367.028856 -244.121854 -132.703422 -39.592340 37.855687 92.318085 116.354117 106.496098 102.927713 95.423764 91.337148 82.531252 77.739152 72.683094 64.545137 52.235440 44.144225 43.077036 46.229869 43.533739 29.765844 12.957151 -13.832441 -37.523244 -72.857976 -109.983242 -139.360346 -152.534090 -159.317346 -159.176299 -164.920055 -155.497857 -148.993412 -134.067194 -118.651484 -94.677647 -66.309393 -53.583604 -39.339226 -29.621079 -8.813369 21.293921 74.199977 136.547139 192.588567 226.543022 230.017888 203.971053 188.291563 185.720813 215.405103 265.641653 341.496139 452.048438 540.124477 618.255047 672.026807 708.942500 760.822369 827.793090 876.703505 -9999.0 -9999.0 -9999.0 -9999.0 -9999.0 -9999.0 -9999.0 -9999.0 -9999.0 -9999.0 -9999.0 -9999.0
-9999.0 -9999.0 -9999.0 -9999.0 -9999.0 -9999.0 -755.785910 -660.289665 -574.459195 -449.693244 -332.610637 -239.643974 -164.344640 -138.162509 -119.190981 -96.170844 -100.250970 -117.411575 -134.441396 -117.579271 -107.435503 -112.664447 -140.838427 -142.352676 -138.803761 -129.745229 -131.224018 -137.506157 -162.506035 -153.922962 -155.104412 -178.294812 -204.430860 -218.741877 -230.286197 -220.315319 -219.523698 -232.145289 -229.951542 -203.761554 -183.946074 -170.497865 -148.029894 -114.867474 -82.901760 -68.563733 -67.591025 -61.434582 -20.242899 49.923702 120.153124 173.427232 203.977684 210.900990 182.074767 140.828639 119.165642 125.798006 160.756163 215.523295 295.254365 350.096438 387.166443 412.871799 444.711234 549.459645 -9999.0 -9999.0 -9999.0 -9999.0 -9999.0 -9999.0 -9999.0 -9999.0 -9999.0 -9999.0 -9999.0 -9999.0 -9999.0 -9999.0
-9999.0 -9999.0 -9999.0 -9999.0 -9999.0 -9999.0 -9999.0 -9999.0 -9999.0 -9999.0 -9999.0 -9999.0 -9999.0 -9999.0 -9999.0 -9999.0 -9999.0 -9999.0 -9999.0 -9999.0 -9999.0 -9999.0 -9999.0 -9999.0 -9999.0 -9999.0 -9999.0 -9999.0 -9999.0 -9999.0 -9999.0 -9999.0 -9999.0 -9999.0 -9999.0 -9999.0 -9999.0 -9999.0 -9999.0 -9999.0 -9999.0 -9999.0 -9999.0 -9999.0 -9999.0 -9999.0 -9999.0 -9999.0 -9999.0 -9999.0 -9999.0 -9999.0 -9999.0 -9999.0 -9999.0 -9999.0 -9999.0 -9999.0 -9999.0 -9999.0 -9999.0 -9999.0 -9999.0 -9999.0 -9999.0 -9999.0 -9999.0 -9999.0 -9999.0 -9999.0 -9999.0 -9999.0 -9999.0 -9999.0 -9999.0 -9999.0 -9999.0 -9999.0 -9999.0 -9999.0
-9999.0 -9999.0 -9999.0 -9999.0 -9999.0 -9999.0 -9999.0 -9999.0 -9999.0 -9999.0 -9999.0 -9999.0 -9999.0 -9999.0 -9999.0 -9999.0 -9999.0 -9999.0 -9999.0 -9999.0 -9999.0 -9999.0 -9999.0 -9999.0 -9999.0 -9999.0 -9999.0 -9999.0 -9999.0 -9999.0 -9999.0 -9999.0 -9999.0 -9999.0 -9999.0 -9999.0 -9999.0 -9999.0 -9999.0 -9999.0 -9999.0 -9999.0 -9999.0 -9999.0 -9999.0 -9999.0 -9999.0 -9999.0 -9999.0 -9999.0 -9999.0 -9999.0 -9999.0 -9999.0 -9999.0 -9999.0 -9999.0 -9999.0 -9999.0 -9999.0 -9999.0 -9999.0 -9999.0 -9999.0 -9999.0 -9999.0 -9999.0 -9999.0 -9999.0 -9999.0 -9999.0 -9999.0 -9999.0 -9999.0 -9999.0 -9999.0 -9999.0 -9999.0 -9999.0 -9999.0