Borden_/Borden1m_014/output_maps/psiliqL0011N0010.asc
ncols         80
nrows         18
xllcorner     620200.000000
yllcorner     5168000.000000
cellsize      1.000000
NODATA_value  -9999.0
-9999.0 -9999.0 -9999.0 -9999.0 -9999.0 -9999.0 -9999.0 -9999.0 -9999.0 -9999.0 -9999.0 -9999.0 -9999.0 -9999.0 -9999.0 -9999.0 -9999.0 -9999.0 -9999.0 -9999.0 -9999.0 -9999.0 -9999.0 -9999.0 -9999.0 -9999.0 -9999.0 -9999.0 -9999.0 -9999.0 -9999.0 -9999.0 -9999.0 -9999.0 -9999.0 -9999.0 -9999.0 -9999.0 -9999.0 -9999.0 -9999.0 -9999.0 -9999.0 -9999.0 -9999.0 -9999.0 -9999.0 -9999.0 -9999.0 -9999.0 -9999.0 -9999.0 -9999.0 -9999.0 -9999.0 -9999.0 -9999.0 -9999.0 -9999.0 -9999.0 -9999.0 -9999.0 -9999.0 -9999.0 -9999.0 -9999.0 -9999.0 -9999.0 -9999.0 -9999.0 -9999.0 -9999.0 -9999.0 -9999.0 -9999.0 -9999.0 -9999.0 -9999.0 -9999.0 -9999.0
-9999.0 -9999.0 -9999.0 -9999.0 -9999.0 -9999.0 -9999.0 -9999.0 -9999.0 -9999.0 -9999.0 -9999.0 -9999.0 -9999.0 -9999.0 -9999.0 -9999.0 -9999.0 -9999.0 -9999.0 -9999.0 -9999.0 -9999.0 -9999.0 -9999.0 -9999.0 -9999.0 -9999.0 -9999.0 -9999.0 -9999.0 -9999.0 -9999.0 -9999.0 -9999.0 -9999.0 -9999.0 -9999.0 -9999.0 -9999.0 -9999.0 -9999.0 -9999.0 -9999.0 -9999.0 -9999.0 -9999.0 -9999.0 -9999.0 -9999.0 -9999.0 -9999.0 -9999.0 -9999.0 -9999.0 -9999.0 -9999.0 -9999.0 -9999.0 -9999.0 -9999.0 -9999.0 -9999.0 -9999.0 -9999.0 -9999.0 -9999.0 -9999.0 -9999.0 -9999.0 -9999.0 -9999.0 -9999.0 -9999.0 -9999.0 -9999.0 -9999.0 -9999.0 -9999.0 -9999.0
-9999.0 -9999.0 -9999.0 -9999.0 -9999.0 -9999.0 -9999.0 -9999.0 -9999.0 -9999.0 -9999.0 -9999.0 -9999.0 -9999.0 -9999.0 -9999.0 -9999.0 -9999.0 -9999.0 -9999.0 335.938448 338.848631 316.616822 282.998497 255.194947 257.803141 293.244872 335.019087 373.566864 384.061841 366.500940 369.141036 365.449365 366.390203 371.026830 379.098850 383.825860 395.992379 404.794739 404.474044 398.172078 392.539097 391.864330 394.971393 400.045470 390.182814 403.911135 418.941689 424.045039 417.663609 388.833855 371.525212 361.754515 345.877513 369.606314 380.986208 403.003406 406.454937 404.340590 376.807452 346.380483 -9999.0 -9999.0 -9999.0 -9999.0 -9999.0 -9999.0 -9999.0 -9999.0 -9999.0 -9999.0 -9999.0 -9999.0 -9999.0 -9999.0 -9999.0 -9999.0 -9999.0 -9999.0 -9999.0
-9999.0 -9999.0 -9999.0 -9999.0 -9999.0 -9999.0 -9999.0 -9999.0 -9999.0 -9999.0 -9999.0 -9999.0 -9999.0 -9999.0 244.281105 234.566756 231.928373 240.732881 274.847101 305.425759 318.130266 310.964470 311.319012 288.161589 268.433627 283.514119 314.173241 346.484477 381.159654 401.584326 389.877559 388.262042 400.174236 429.692535 447.373234 447.620195 429.217045 453.322073 469.609169 478.300859 477.022677 468.050029 481.352874 496.997486 490.057943 472.988185 477.855971 489.778414 502.241600 485.814819 418.277639 394.744388 389.077020 381.332342 366.768917 359.179557 382.921316 382.361260 373.295201 354.682206 321.624847 277.034317 258.467842 296.747416 340.654587 398.056142 -9999.0 -9999.0 -9999.0 -9999.0 -9999.0 -9999.0 -9999.0 -9999.0 -9999.0 -9999.0 -9999.0 -9999.0 -9999.0 -9999.0
-9999.0 -9999.0 -9999.0 -9999.0 -9999.0 -9999.0 -9999.0 -9999.0 -9999.0 186.850305 191.004880 198.314799 200.482085 216.234363 214.357699 221.640933 229.500904 256.485826 288.232137 324.267964 354.087616 345.350434 346.376427 358.394925 365.374089 380.906383 404.945752 446.782216 487.718164 528.380330 499.938703 499.046419 522.278626 579.863888 628.229412 643.564336 629.388726 637.650854 662.828835 684.578766 682.272587 679.017197 702.241009 714.778018 717.552591 699.486661 687.190096 687.742855 711.759386 656.377633 581.068438 517.350646 515.169331 482.858521 441.995700 418.199828 411.709445 430.497386 413.904675 375.466366 337.915196 326.642616 308.878130 324.999509 346.973420 393.218784 431.523445 459.761765 459.424577 441.853881 -9999.0 -9999.0 -9999.0 -9999.0 -9999.0 -9999.0 -9999.0 -9999.0 -9999.0 -9999.0
-9999.0 -9999.0 -9999.0 -9999.0 -9999.0 -9999.0 107.954577 117.215384 137.363586 142.669486 167.642879 175.273937 195.963903 215.464046 236.823829 254.156880 285.448587 319.131314 361.852778 408.011692 443.535179 440.943472 452.371582 486.642424 533.716651 576.788761 610.234505 652.305415 726.462013 765.450707 774.005739 780.651762 798.664564 872.464579 974.949013 1006.437116 995.029100 984.153911 1000.854260 1029.765629 1031.654687 1029.950491 1036.143242 1042.626068 1066.121250 1060.822460 1029.824802 1019.608791 1015.798741 994.837971 912.145184 809.335731 761.499538 711.437120 628.836991 565.444844 555.285580 565.290030 532.033845 475.857607 431.004664 417.358538 400.550002 385.379406 389.908571 408.237716 430.383336 441.140447 428.052103 406.912445 383.697458 354.599622 356.043407 381.156295 -9999.0 -9999.0 -9999.0 -9999.0 -9999.0 -9999.0
-9999.0 -9999.0 -9999.0 -9999.0 58.016658 70.710416 58.930158 83.356811 115.892641 149.818361 182.344645 219.924520 247.469435 277.923436 320.057725 358.441667 403.741141 441.251044 499.806293 576.691666 641.124898 672.241536 688.875003 750.346873 827.630477 925.037029 966.556673 994.620282 1026.796587 1073.659414 1093.498223 1098.344775 1116.912978 1156.190810 1210.478189 1247.169569 1237.181828 1234.075949 1238.773358 1245.838967 1264.576207 1263.368310 1263.635343 1264.347064 1267.315906 1268.990669 1252.372452 1226.372709 1215.495736 1204.413561 1171.281331 1099.035333 1061.715238 1038.432362 1010.610403 948.009471 836.805067 801.252463 739.961015 680.209533 606.900779 573.024550 536.266702 506.730242 472.941409 471.316948 472.513662 451.279985 419.200446 386.495563 370.913415 351.668037 340.709740 370.317162 387.731832 418.291311 -9999.0 -9999.0 -9999.0 -9999.0
-9999.0 -9999.0 -0.626364 48.811124 105.284189 114.245065 116.114228 121.974559 150.091654 202.079150 280.466352 334.418525 379.461160 412.732162 475.157423 564.366245 646.714263 699.678091 764.832965 854.885214 956.337043 1002.129026 1018.082795 1050.411350 1101.466973 1168.295880 1198.644532 1221.522616 1242.988052 1265.392503 1277.559642 1290.608195 1298.114878 1300.457349 1306.732968 1309.724725 1309.813243 1308.848247 1293.921889 1291.394725 1297.271476 1300.156152 1302.353415 1290.052326 1286.231876 1299.120945 1303.312514 1304.987893 1306.208093 1311.876403 1314.434879 1278.504404 1240.764693 1230.689090 1224.132982 1180.498589 1111.555208 1070.201244 1051.508159 1008.998027 910.150835 825.451176 761.860227 704.001038 638.055059 598.147640 546.624002 502.386516 455.110383 408.280047 383.637933 364.353522 361.196703 360.922555 376.654260 391.945644 407.199242 414.938548 -9999.0 -9999.0
-9999.0 -101.371536 -28.769860 98.430839 178.363373 224.355737 262.965089 291.049011 318.546542 340.385722 450.633726 558.068603 650.759541 685.535164 741.685627 861.486308 980.626609 1030.494579 1066.130353 1120.646409 1184.346796 1228.597073 1251.406271 1267.843939 1297.859741 1307.599677 1311.082003 1313.378341 1306.759072 1296.812017 1285.893585 1292.034931 1289.747169 1272.818466 1257.898986 1256.129192 1254.550973 1238.126909 1218.067894 1208.645141 1212.555039 1232.752816 1223.121611 1205.783774 1202.364002 1219.616581 1234.579897 1226.811313 1216.062649 1230.489757 1259.471818 1278.106074 1291.671487 1307.175930 1325.970234 1300.129896 1269.751923 1234.911550 1220.878043 1196.382239 1141.310680 1080.464850 1029.093089 959.326402 851.101770 761.158328 684.211664 617.359892 548.690732 505.258227 470.825806 417.090852 392.853645 393.209161 383.471352 380.398958 386.507835 392.792947 -9999.0 -9999.0
-9999.0 -176.852696 -33.660503 152.209625 301.564077 367.457608 488.900660 575.745098 604.129620 581.939995 696.902404 949.097490 1046.290226 1058.925844 1120.674153 1201.013950 1233.962802 1265.054283 1284.518870 1288.537506 1293.466547 1300.905726 1297.760477 1291.376881 1279.139359 1274.960930 1277.171924 1277.338574 1263.220233 1244.847520 1226.960029 1223.346843 1207.764979 1166.226784 1124.873804 1104.402626 1092.415026 1078.840171 1054.021963 1034.698735 1024.462749 1041.624296 1034.671229 1019.760764 1015.823269 1034.162491 1061.537980 1055.147202 1060.426138 1080.929752 1121.702044 1165.951028 1188.794249 1213.960046 1243.741354 1280.631275 1295.588850 1316.274287 1320.870027 1300.494080 1262.945940 1220.539733 1195.578159 1142.167215 1067.417902 981.702491 884.743768 805.233155 729.202949 671.705657 612.145288 545.903638 483.491110 454.804553 414.144185 393.192866 -9999.0 -9999.0 -9999.0 -9999.0
-9999.0 -248.340728 -57.983129 205.814359 477.214496 616.793223 863.161108 997.414736 1051.209229 1111.841784 1116.155363 1241.680409 1271.284141 1263.166198 1253.205189 1255.480053 1269.542945 1272.076919 1266.290289 1255.049522 1247.169915 1244.460489 1243.873996 1238.827860 1230.876550 1221.371969 1213.686961 1205.966443 1173.055524 1135.088121 1093.468827 1076.780763 1041.084735 942.406422 860.561127 808.167136 748.787011 742.969195 737.015088 711.040582 693.742096 677.030317 696.950602 699.134264 700.127964 704.549272 721.779050 742.109874 785.685822 828.178149 892.965874 980.359707 1024.424555 1066.185951 1111.643109 1170.514205 1201.049318 1227.130908 1266.777187 1300.064717 1321.465961 1313.664419 1289.718438 1256.081107 1199.102384 1144.406363 1098.433291 1033.901698 971.366761 893.147859 809.808579 730.329011 642.691312 546.097253 501.835818 -9999.0 -9999.0 -9999.0 -9999.0 -9999.0
-9999.0 -413.823526 -145.627759 149.256109 482.985929 844.102449 980.134862 1111.049232 1186.936104 1154.508631 1156.912435 1176.818162 1211.317591 1216.353252 1199.691206 1195.140075 1186.381151 1183.200770 1187.060090 1149.484166 1116.173370 1102.421385 1102.445349 1093.379391 1075.369475 1063.421777 1055.499240 1039.335826 988.854268 910.618217 798.360331 761.486957 685.144447 619.375111 562.924086 508.416766 455.646279 454.278591 471.372710 456.618649 435.181302 417.087206 443.105039 459.508940 470.740346 459.970323 468.433169 503.274864 552.354027 597.388002 653.021470 717.850925 769.543666 825.354859 877.408374 967.938048 1026.204929 1073.021687 1148.601542 1218.050774 1247.208851 1277.850537 1311.632916 1330.265602 1288.095510 1250.060706 1214.040523 1172.247262 1107.570544 1066.025880 1026.701196 946.796552 832.317316 -9999.0 -9999.0 -9999.0 -9999.0 -9999.0 -9999.0 -9999.0
-9999.0 -544.695793 -318.341491 -76.908639 219.712780 465.089201 653.141047 780.000746 899.131819 939.106581 970.879774 999.348406 1024.694664 1043.882132 1025.250666 993.501029 968.183944 966.382684 945.231426 879.706491 827.575503 804.261314 800.700274 793.221625 768.222374 754.219550 744.516592 722.233390 684.606795 620.700623 531.165031 458.145599 395.521928 359.726679 327.041016 292.436619 254.371870 264.981371 279.307479 275.527760 264.147757 260.459546 290.086570 308.791864 318.773359 305.922844 324.356432 350.985514 392.548285 434.935616 484.231091 540.569729 594.952842 627.279369 649.073310 689.200482 738.246968 807.602225 937.246564 1041.676376 1117.063873 1169.430890 1217.844798 1250.119447 1267.280953 1289.659370 1275.576593 1209.184958 1106.397279 1132.329946 1137.948890 -9999.0 -9999.0 -9999.0 -9999.0 -9999.0 -9999.0 -9999.0 -9999.0 -9999.0
-9999.0 -9999.0 -554.301653 -369.423861 -217.479397 -32.583007 118.986357 230.068125 319.173128 426.113134 526.756311 605.965073 646.841123 662.864628 647.237712 610.670489 585.207386 581.746530 565.138613 540.921175 511.302658 499.605416 488.917088 481.087702 469.480753 463.395409 458.477523 447.248172 423.922032 374.952692 321.429959 268.229719 213.570674 187.811918 165.298054 142.674854 139.803554 137.515486 144.242422 145.787283 151.809337 163.941212 184.572332 206.099161 215.511548 222.924834 235.218674 258.649094 291.608403 332.985670 385.958258 442.416420 481.190369 494.000216 486.390928 495.255799 520.017094 569.345369 665.684487 762.159642 876.981246 984.418977 1066.440204 1124.896880 1156.480444 1181.934744 1204.644583 1140.073736 776.361793 1054.879831 -9999.0 -9999.0 -9999.0 -9999.0 -9999.0 -9999.0 -9999.0 -9999.0 -9999.0 -9999.0
-9999.0 -9999.0 -9999.0 -9999.0 -513.247978 -357.337360 -262.261263 -179.092253 -53.721672 60.674365 157.361880 236.485616 292.291973 316.611051 307.357343 304.799238 296.702321 290.713334 279.542220 272.724598 266.655045 258.059751 245.606690 238.207413 238.254417 242.494088 240.555027 227.427136 210.833299 184.761757 161.451313 126.153985 89.198209 59.905071 46.794519 40.278297 40.495906 34.750612 44.231730 51.031696 66.135021 81.627837 105.668149 134.214649 147.081793 161.305166 170.844128 191.358285 221.202068 273.862360 336.268962 392.466683 426.440709 429.902513 404.213810 388.759414 385.939138 415.217829 464.587219 537.403703 646.316079 732.755543 806.829902 880.376395 962.116525 1030.551663 1110.292730 1144.723304 -9999.0 -9999.0 -9999.0 -9999.0 -9999.0 -9999.0 -9999.0 -9999.0 -9999.0 -9999.0 -9999.0 -9999.0
-9999.0 -9999.0 -9999.0 -9999.0 -9999.0 -9999.0 -565.681129 -469.651919 -385.065208 -257.149557 -137.934097 -42.373633 33.667906 60.490430 80.376710 103.739860 99.364729 81.178591 63.010035 79.378658 89.600865 84.122490 55.851697 54.821026 58.944382 68.268070 67.052519 61.062925 36.308149 45.424725 44.598193 21.531379 -4.435353 -18.574995 -30.085371 -20.086341 -19.273827 -31.916945 -29.847498 -3.474023 16.462336 29.894275 52.256156 85.424996 117.460523 131.871586 132.765431 138.748258 179.580463 249.432802 319.704245 373.231546 403.907149 410.861668 382.215312 340.970887 319.226206 325.777354 360.752446 414.843512 493.322472 547.251006 583.383307 614.286852 656.622345 758.010589 -9999.0 -9999.0 -9999.0 -9999.0 -9999.0 -9999.0 -9999.0 -9999.0 -9999.0 -9999.0 -9999.0 -9999.0 -9999.0 -9999.0
-9999.0 -9999.0 -9999.0 -9999.0 -9999.0 -9999.0 -9999.0 -9999.0 -9999.0 -9999.0 -9999.0 -9999.0 -9999.0 -9999.0 -9999.0 -9999.0 -9999.0 -9999.0 -9999.0 -9999.0 -9999.0 -9999.0 -9999.0 -9999.0 -9999.0 -9999.0 -9999.0 -9999.0 -9999.0 -9999.0 -9999.0 -9999.0 -9999.0 -9999.0 -9999.0 -9999.0 -9999.0 -9999.0 -9999.0 -9999.0 -9999.0 -9999.0 -9999.0 -9999.0 -9999.0 -9999.0 -9999.0 -9999.0 -9999.0 -9999.0 -9999.0 -9999.0 -9999.0 -9999.0 -9999.0 -9999.0 -9999.0 -9999.0 -9999.0 -9999.0 -9999.0 -9999.0 -9999.0 -9999.0 -9999.0 -9999.0 -9999.0 -9999.0 -9999.0 -9999.0 -9999.0 -9999.0 -9999.0 -9999.0 -9999.0 -9999.0 -9999.0 -9999.0 -9999.0 -9999.0
-9999.0 -9999.0 -9999.0 -9999.0 -9999.0 -9999.0 -9999.0 -9999.0 -9999.0 -9999.0 -9999.0 -9999.0 -9999.0 -9999.0 -9999.0 -9999.0 -9999.0 -9999.0 -9999.0 -9999.0 -9999.0 -9999.0 -9999.0 -9999.0 -9999.0 -9999.0 -9999.0 -9999.0 -9999.0 -9999.0 -9999.0 -9999.0 -9999.0 -9999.0 -9999.0 -9999.0 -9999.0 -9999.0 -9999.0 -9999.0 -9999.0 -9999.0 -9999.0 -9999.0 -9999.0 -9999.0 -9999.0 -9999.0 -9999.0 -9999.0 -9999.0 -9999.0 -9999.0 -9999.0 -9999.0 -9999.0 -9999.0 -9999.0 -9999.0 -9999.0 -9999.0 -9999.0 -9999.0 -9999.0 -9999.0 -9999.0 -9999.0 -9999.0 -9999.0 -9999.0 -9999.0 -9999.0 -9999.0 -9999.0 -9999.0 -9999.0 -9999.0 -9999.0 -9999.0 -9999.0