Borden_/Borden1m_014/output_maps/psiliqL0024N0004.asc
ncols         80
nrows         18
xllcorner     620200.000000
yllcorner     5168000.000000
cellsize      1.000000
NODATA_value  -9999.0
-9999.0 -9999.0 -9999.0 -9999.0 -9999.0 -9999.0 -9999.0 -9999.0 -9999.0 -9999.0 -9999.0 -9999.0 -9999.0 -9999.0 -9999.0 -9999.0 -9999.0 -9999.0 -9999.0 -9999.0 -9999.0 -9999.0 -9999.0 -9999.0 -9999.0 -9999.0 -9999.0 -9999.0 -9999.0 -9999.0 -9999.0 -9999.0 -9999.0 -9999.0 -9999.0 -9999.0 -9999.0 -9999.0 -9999.0 -9999.0 -9999.0 -9999.0 -9999.0 -9999.0 -9999.0 -9999.0 -9999.0 -9999.0 -9999.0 -9999.0 -9999.0 -9999.0 -9999.0 -9999.0 -9999.0 -9999.0 -9999.0 -9999.0 -9999.0 -9999.0 -9999.0 -9999.0 -9999.0 -9999.0 -9999.0 -9999.0 -9999.0 -9999.0 -9999.0 -9999.0 -9999.0 -9999.0 -9999.0 -9999.0 -9999.0 -9999.0 -9999.0 -9999.0 -9999.0 -9999.0
-9999.0 -9999.0 -9999.0 -9999.0 -9999.0 -9999.0 -9999.0 -9999.0 -9999.0 -9999.0 -9999.0 -9999.0 -9999.0 -9999.0 -9999.0 -9999.0 -9999.0 -9999.0 -9999.0 -9999.0 -9999.0 -9999.0 -9999.0 -9999.0 -9999.0 -9999.0 -9999.0 -9999.0 -9999.0 -9999.0 -9999.0 -9999.0 -9999.0 -9999.0 -9999.0 -9999.0 -9999.0 -9999.0 -9999.0 -9999.0 -9999.0 -9999.0 -9999.0 -9999.0 -9999.0 -9999.0 -9999.0 -9999.0 -9999.0 -9999.0 -9999.0 -9999.0 -9999.0 -9999.0 -9999.0 -9999.0 -9999.0 -9999.0 -9999.0 -9999.0 -9999.0 -9999.0 -9999.0 -9999.0 -9999.0 -9999.0 -9999.0 -9999.0 -9999.0 -9999.0 -9999.0 -9999.0 -9999.0 -9999.0 -9999.0 -9999.0 -9999.0 -9999.0 -9999.0 -9999.0
-9999.0 -9999.0 -9999.0 -9999.0 -9999.0 -9999.0 -9999.0 -9999.0 -9999.0 -9999.0 -9999.0 -9999.0 -9999.0 -9999.0 -9999.0 -9999.0 -9999.0 -9999.0 -9999.0 -9999.0 2925.541236 2926.656078 2904.757883 2870.520131 2842.074543 2843.643571 2876.435076 2916.706985 2954.991909 2962.370675 2943.139175 2946.412148 2941.636041 2937.306509 2937.539958 2944.855705 2950.888228 2960.568992 2967.476986 2965.219516 2957.870420 2952.692964 2954.776794 2956.526184 2962.654294 2948.862163 2964.630079 2980.067364 2985.096708 2982.366794 2959.299784 2947.271141 2939.602334 2924.491870 2951.119651 2963.170143 2986.467143 2991.380947 2989.810603 2963.661412 2933.828839 -9999.0 -9999.0 -9999.0 -9999.0 -9999.0 -9999.0 -9999.0 -9999.0 -9999.0 -9999.0 -9999.0 -9999.0 -9999.0 -9999.0 -9999.0 -9999.0 -9999.0 -9999.0 -9999.0
-9999.0 -9999.0 -9999.0 -9999.0 -9999.0 -9999.0 -9999.0 -9999.0 -9999.0 -9999.0 -9999.0 -9999.0 -9999.0 -9999.0 2835.891066 2826.823898 2823.662054 2830.744082 2862.971168 2892.856721 2904.469554 2896.748428 2896.277928 2871.352548 2848.421784 2860.723049 2889.561400 2919.493047 2952.316644 2969.438424 2957.892620 2954.926401 2961.826227 2980.768456 2989.000191 2985.205125 2968.064095 2990.946515 3004.147632 3008.755798 3006.649964 2996.784905 3005.897566 3019.956241 3012.928962 2997.622030 3007.994200 3022.811752 3034.132224 3025.747290 2968.568734 2956.193433 2953.589939 2949.894577 2937.424454 2933.840039 2962.293874 2962.517546 2955.712798 2938.955887 2906.238697 2861.485745 2843.167635 2884.013440 2928.182853 2984.844146 -9999.0 -9999.0 -9999.0 -9999.0 -9999.0 -9999.0 -9999.0 -9999.0 -9999.0 -9999.0 -9999.0 -9999.0 -9999.0 -9999.0
-9999.0 -9999.0 -9999.0 -9999.0 -9999.0 -9999.0 -9999.0 -9999.0 -9999.0 2788.024121 2784.511497 2791.165065 2793.195208 2807.998114 2804.615770 2811.117032 2815.036619 2841.581505 2870.604742 2903.635636 2930.201691 2920.396242 2918.704846 2922.822094 2917.857842 2925.514635 2945.233185 2980.609151 3012.016826 3047.079599 3013.637497 3008.591865 3025.770628 3067.209760 3091.046810 3093.303986 3074.595152 3089.908972 3113.172840 3129.204719 3125.669908 3119.846494 3145.281875 3160.098120 3155.002045 3134.011262 3131.655781 3138.569013 3167.591225 3117.672328 3052.864806 3013.985044 3029.216123 3007.982565 2981.493084 2970.948641 2971.918554 2992.494755 2981.159814 2948.199960 2915.330262 2904.474768 2888.352707 2909.547190 2933.371147 2980.167114 3020.359233 3050.481949 3050.438737 3033.494952 -9999.0 -9999.0 -9999.0 -9999.0 -9999.0 -9999.0 -9999.0 -9999.0 -9999.0 -9999.0
-9999.0 -9999.0 -9999.0 -9999.0 -9999.0 -9999.0 2707.991716 2719.139750 2740.819254 2744.497147 2771.834103 2778.064824 2782.888137 2799.664990 2820.632797 2833.117471 2857.855328 2887.135981 2922.724345 2960.013472 2986.357631 2975.535192 2979.759066 2999.600198 3026.899691 3046.185350 3068.094367 3104.929309 3176.222768 3212.130737 3205.989816 3206.858839 3214.954742 3264.656071 3328.205624 3339.499869 3318.963297 3305.676175 3328.533841 3365.317317 3364.039630 3362.889038 3375.318233 3385.812138 3412.495057 3402.144135 3366.351589 3360.190646 3365.958344 3344.603538 3277.555848 3220.479477 3200.788393 3155.116262 3073.469775 3030.240228 3052.437257 3079.850964 3058.254259 3009.423859 2977.772679 2972.652304 2962.074379 2955.305884 2967.861422 2990.864739 3015.440089 3029.679547 3018.334736 2998.027566 2976.692570 2948.818919 2951.638350 2976.831710 -9999.0 -9999.0 -9999.0 -9999.0 -9999.0 -9999.0
-9999.0 -9999.0 -9999.0 -9999.0 2656.977558 2670.632856 2657.315816 2684.649673 2718.183954 2753.235511 2782.233499 2797.125633 2819.718647 2845.758762 2878.663028 2901.109569 2933.104262 2962.097688 3007.908988 3068.600057 3112.487201 3126.136495 3134.335526 3184.968281 3240.803401 3287.766444 3306.102606 3331.403873 3375.802448 3431.750455 3454.077050 3457.110366 3473.950248 3515.904299 3570.688265 3605.358622 3587.952262 3579.179452 3588.619241 3602.353906 3624.478964 3624.568224 3625.668025 3629.495355 3636.728497 3635.249689 3609.310976 3576.199679 3563.378693 3553.592323 3517.105893 3446.073564 3415.346805 3387.231103 3346.901748 3293.907193 3245.119270 3244.878027 3191.266879 3137.448764 3087.260060 3078.654378 3058.266607 3042.338130 3024.633512 3036.588645 3048.385185 3033.583029 3004.237464 2975.361475 2962.632912 2945.364854 2934.521517 2965.826504 2983.893460 3013.687675 -9999.0 -9999.0 -9999.0 -9999.0
-9999.0 -9999.0 2596.489884 2642.781590 2700.655876 2708.342941 2704.430130 2709.746486 2738.601258 2790.297015 2832.247720 2869.410675 2898.524435 2927.682301 2976.865358 3039.410506 3099.073922 3140.740386 3197.377657 3265.469636 3323.911725 3350.699431 3359.725978 3394.694569 3448.420905 3515.852075 3543.258889 3569.220037 3600.247411 3635.761741 3630.259958 3641.347919 3653.195780 3664.576715 3678.265679 3684.710312 3680.078718 3675.529099 3657.107519 3652.156326 3658.686156 3666.257060 3665.593786 3651.102341 3647.143580 3661.949811 3667.871935 3665.999120 3663.545757 3668.731417 3665.349942 3618.451431 3598.284753 3583.471821 3572.482714 3527.002436 3461.227873 3428.405868 3407.761101 3367.737840 3295.100518 3256.943543 3217.514641 3182.584076 3144.879679 3130.923516 3098.215737 3066.160174 3027.637431 2987.142213 2968.325545 2954.090254 2953.925585 2954.918447 2972.775694 2988.660768 3004.700317 3012.813308 -9999.0 -9999.0
-9999.0 2487.337213 2558.602449 2681.366435 2760.195814 2789.910551 2800.210041 2804.528319 2828.371436 2857.737946 2944.667986 2996.888545 3078.658330 3114.107370 3154.409522 3243.570363 3335.908849 3378.126506 3415.799177 3477.431326 3541.518362 3587.829755 3613.758998 3596.991654 3635.208725 3662.109174 3669.299294 3675.632557 3674.957264 3666.513784 3659.740265 3666.514441 3663.685736 3644.778033 3628.962014 3627.310198 3623.969097 3600.892231 3573.555482 3558.371036 3560.038780 3584.700058 3571.793395 3550.537223 3546.169069 3567.644831 3588.554101 3578.025149 3564.966103 3581.456006 3615.696603 3639.824003 3642.176692 3660.368651 3681.403734 3652.902243 3630.658470 3587.580696 3570.937186 3545.747070 3489.700526 3435.050221 3387.429618 3339.065356 3286.752117 3237.398867 3189.973474 3143.020278 3089.876309 3057.334640 3033.071278 2990.106466 2976.998105 2983.432160 2978.476313 2977.157870 2984.002433 2990.661078 -9999.0 -9999.0
-9999.0 2393.217074 2532.504585 2711.318792 2847.866435 2888.650503 2953.519585 3009.114949 3022.504017 2970.783180 3068.781308 3282.660588 3398.958864 3414.853198 3488.282682 3580.668703 3567.920623 3598.456093 3620.836900 3643.721439 3662.175401 3675.462953 3673.474918 3668.013367 3651.727269 3643.769318 3642.943708 3640.905583 3623.744319 3605.001790 3588.359622 3585.435478 3567.928605 3519.817841 3487.119693 3470.231539 3452.388056 3438.645088 3411.088849 3385.451611 3369.605010 3380.967240 3378.404456 3364.428927 3359.995840 3378.456350 3409.233992 3406.553212 3417.193864 3436.545881 3471.855271 3509.296244 3528.356036 3557.081858 3592.356705 3639.258487 3648.824301 3671.036607 3674.235437 3662.618912 3616.939518 3566.094469 3537.024765 3482.311709 3422.929216 3361.408399 3313.098568 3268.741837 3214.117692 3179.989332 3140.754547 3087.579908 3044.074017 3035.298956 3001.854011 2988.359728 -9999.0 -9999.0 -9999.0 -9999.0
-9999.0 2294.178467 2474.448291 2715.844340 2998.548608 3072.711974 3270.437699 3382.912174 3421.658617 3487.051311 3381.701537 3576.143238 3625.059691 3619.058228 3631.178023 3633.775655 3647.616817 3647.196767 3642.137998 3631.283330 3621.917341 3617.517126 3616.387205 3608.516936 3595.991398 3581.487636 3569.727743 3558.558865 3522.486702 3491.042820 3453.030595 3440.907473 3398.110469 3307.468969 3268.963263 3231.676019 3172.534113 3174.456889 3180.448727 3156.536830 3137.416939 3110.799970 3139.107601 3148.705321 3152.433884 3148.919824 3159.254371 3186.325287 3232.634530 3266.262088 3304.817011 3352.075651 3381.905711 3420.627962 3460.439618 3512.244167 3542.808179 3571.365473 3619.315847 3656.092193 3678.610567 3665.156470 3645.734817 3602.151740 3542.443378 3493.464439 3465.082085 3415.421990 3372.312693 3328.872044 3282.717977 3230.267891 3169.248404 3114.429565 3080.411162 -9999.0 -9999.0 -9999.0 -9999.0 -9999.0
-9999.0 2077.544168 2341.279825 2609.601054 2881.221188 3216.612828 3377.628323 3473.320408 3535.009853 3513.579162 3532.815582 3540.188212 3576.771130 3583.380045 3561.872396 3548.589659 3531.760970 3530.672764 3543.665807 3516.721815 3486.990997 3473.934756 3474.775722 3464.074168 3440.596589 3425.723977 3416.420411 3398.388710 3355.645400 3306.480808 3224.146291 3191.663918 3115.073005 3075.127969 3038.774818 2992.710252 2949.496955 2954.759396 2977.797404 2969.279970 2948.778126 2931.876815 2960.793765 2980.152097 2993.025564 2977.385157 2983.995438 3017.860798 3063.711534 3103.391080 3146.667403 3193.941621 3234.879007 3273.963188 3295.437436 3335.231618 3376.772328 3417.794657 3487.044485 3563.935075 3598.878475 3632.858864 3662.424311 3684.005482 3641.576828 3614.703005 3591.480574 3568.637378 3523.134340 3478.175720 3437.676439 3374.183710 3314.712395 -9999.0 -9999.0 -9999.0 -9999.0 -9999.0 -9999.0 -9999.0
-9999.0 1962.947205 2159.101538 2354.818770 2608.338049 2826.945235 3040.086549 3130.105078 3199.221762 3263.317090 3313.116287 3349.230083 3374.942808 3396.033474 3373.324740 3328.475525 3296.896458 3301.696066 3293.640509 3272.454778 3244.915641 3232.076540 3229.786835 3225.055379 3203.875090 3193.555512 3186.850308 3169.094510 3143.622017 3091.966617 3021.050739 2950.829180 2897.602782 2877.559310 2855.115963 2828.496816 2801.445727 2814.915283 2828.008996 2827.918062 2821.181554 2821.156277 2850.195800 2869.836133 2879.274788 2868.125960 2886.089371 2909.171422 2945.967081 2984.100537 3028.108635 3077.462388 3125.119428 3145.226466 3147.845946 3160.107604 3187.859079 3230.932642 3306.751351 3391.884661 3467.547195 3512.147205 3562.242251 3601.473034 3628.747425 3655.127075 3676.332082 3668.484587 3643.302473 3610.434055 3552.778942 -9999.0 -9999.0 -9999.0 -9999.0 -9999.0 -9999.0 -9999.0 -9999.0 -9999.0
-9999.0 -9999.0 1931.722548 2086.480934 2187.406256 2350.157679 2492.217985 2599.681974 2700.967040 2812.005600 2929.920589 3019.398534 3064.361170 3079.662958 3065.545045 3036.454228 3018.729099 3018.463887 3007.190276 3000.510079 2985.762083 2980.538447 2970.486420 2963.489620 2959.137769 2958.465499 2956.550687 2948.930403 2932.639787 2891.925910 2854.787513 2810.948099 2791.041814 2767.897483 2748.250560 2729.877473 2732.635606 2727.299546 2732.150359 2734.394174 2743.210974 2756.833288 2776.082685 2785.649555 2795.183539 2804.929443 2815.666454 2837.056573 2866.756472 2906.288782 2956.952660 3010.510657 3045.704820 3052.227513 3034.363619 3029.638965 3038.173179 3067.291606 3130.980163 3199.859506 3287.961625 3352.369010 3418.715160 3473.841470 3499.984469 3536.346901 3605.331820 3653.266631 3694.191167 3671.875401 -9999.0 -9999.0 -9999.0 -9999.0 -9999.0 -9999.0 -9999.0 -9999.0 -9999.0 -9999.0
-9999.0 -9999.0 -9999.0 -9999.0 1944.095100 2090.850212 2186.701277 2265.471515 2398.050550 2527.170938 2633.535662 2720.935485 2789.861839 2786.466840 2786.452208 2801.394956 2799.980545 2791.397085 2780.922892 2785.240775 2789.660868 2783.828227 2802.805204 2796.511103 2799.777505 2806.816659 2804.440369 2791.205863 2773.151180 2757.789365 2743.971330 2713.195121 2681.256781 2653.808577 2641.902149 2638.661837 2638.882178 2631.181164 2639.511273 2648.118824 2663.799366 2678.762019 2702.096684 2731.293284 2745.854869 2760.644305 2769.555323 2788.509177 2806.158329 2857.201749 2918.302294 2974.048769 3006.941093 3006.988223 2978.381513 2956.635619 2944.395928 2962.008281 2991.162737 3042.347546 3131.095136 3192.755173 3238.496653 3277.609362 3313.761794 3377.766637 3470.486240 3550.775991 -9999.0 -9999.0 -9999.0 -9999.0 -9999.0 -9999.0 -9999.0 -9999.0 -9999.0 -9999.0 -9999.0 -9999.0
-9999.0 -9999.0 -9999.0 -9999.0 -9999.0 -9999.0 1915.489456 2020.019687 2088.343568 2238.921788 2382.247381 2489.567601 2573.253212 2609.116354 2642.984538 2673.565435 2674.284102 2654.714606 2633.700248 2655.581050 2674.564570 2668.715834 2637.511680 2639.004103 2645.827950 2653.728636 2651.281149 2645.552155 2621.463150 2638.210357 2643.004064 2621.329426 2596.950032 2584.878512 2573.994194 2584.338888 2584.797100 2570.683258 2569.897640 2597.710525 2618.628269 2631.406126 2652.376541 2685.447316 2717.867709 2733.485511 2734.464286 2739.370169 2776.388158 2834.819014 2905.080452 2959.326312 2989.435304 2993.839177 2963.049758 2918.100221 2891.800981 2890.654371 2914.941733 2954.427104 3014.910063 3051.068582 3062.736935 3064.572200 3077.194131 3175.304533 -9999.0 -9999.0 -9999.0 -9999.0 -9999.0 -9999.0 -9999.0 -9999.0 -9999.0 -9999.0 -9999.0 -9999.0 -9999.0 -9999.0
-9999.0 -9999.0 -9999.0 -9999.0 -9999.0 -9999.0 -9999.0 -9999.0 -9999.0 -9999.0 -9999.0 -9999.0 -9999.0 -9999.0 -9999.0 -9999.0 -9999.0 -9999.0 -9999.0 -9999.0 -9999.0 -9999.0 -9999.0 -9999.0 -9999.0 -9999.0 -9999.0 -9999.0 -9999.0 -9999.0 -9999.0 -9999.0 -9999.0 -9999.0 -9999.0 -9999.0 -9999.0 -9999.0 -9999.0 -9999.0 -9999.0 -9999.0 -9999.0 -9999.0 -9999.0 -9999.0 -9999.0 -9999.0 -9999.0 -9999.0 -9999.0 -9999.0 -9999.0 -9999.0 -9999.0 -9999.0 -9999.0 -9999.0 -9999.0 -9999.0 -9999.0 -9999.0 -9999.0 -9999.0 -9999.0 -9999.0 -9999.0 -9999.0 -9999.0 -9999.0 -9999.0 -9999.0 -9999.0 -9999.0 -9999.0 -9999.0 -9999.0 -9999.0 -9999.0 -9999.0
-9999.0 -9999.0 -9999.0 -9999.0 -9999.0 -9999.0 -9999.0 -9999.0 -9999.0 -9999.0 -9999.0 -9999.0 -9999.0 -9999.0 -9999.0 -9999.0 -9999.0 -9999.0 -9999.0 -9999.0 -9999.0 -9999.0 -9999.0 -9999.0 -9999.0 -9999.0 -9999.0 -9999.0 -9999.0 -9999.0 -9999.0 -9999.0 -9999.0 -9999.0 -9999.0 -9999.0 -9999.0 -9999.0 -9999.0 -9999.0 -9999.0 -9999.0 -9999.0 -9999.0 -9999.0 -9999.0 -9999.0 -9999.0 -9999.0 -9999.0 -9999.0 -9999.0 -9999.0 -9999.0 -9999.0 -9999.0 -9999.0 -9999.0 -9999.0 -9999.0 -9999.0 -9999.0 -9999.0 -9999.0 -9999.0 -9999.0 -9999.0 -9999.0 -9999.0 -9999.0 -9999.0 -9999.0 -9999.0 -9999.0 -9999.0 -9999.0 -9999.0 -9999.0 -9999.0 -9999.0