Borden_/Borden1m_014/output_maps/psiliqL0027N0016.asc
ncols         80
nrows         18
xllcorner     620200.000000
yllcorner     5168000.000000
cellsize      1.000000
NODATA_value  -9999.0
-9999.0 -9999.0 -9999.0 -9999.0 -9999.0 -9999.0 -9999.0 -9999.0 -9999.0 -9999.0 -9999.0 -9999.0 -9999.0 -9999.0 -9999.0 -9999.0 -9999.0 -9999.0 -9999.0 -9999.0 -9999.0 -9999.0 -9999.0 -9999.0 -9999.0 -9999.0 -9999.0 -9999.0 -9999.0 -9999.0 -9999.0 -9999.0 -9999.0 -9999.0 -9999.0 -9999.0 -9999.0 -9999.0 -9999.0 -9999.0 -9999.0 -9999.0 -9999.0 -9999.0 -9999.0 -9999.0 -9999.0 -9999.0 -9999.0 -9999.0 -9999.0 -9999.0 -9999.0 -9999.0 -9999.0 -9999.0 -9999.0 -9999.0 -9999.0 -9999.0 -9999.0 -9999.0 -9999.0 -9999.0 -9999.0 -9999.0 -9999.0 -9999.0 -9999.0 -9999.0 -9999.0 -9999.0 -9999.0 -9999.0 -9999.0 -9999.0 -9999.0 -9999.0 -9999.0 -9999.0
-9999.0 -9999.0 -9999.0 -9999.0 -9999.0 -9999.0 -9999.0 -9999.0 -9999.0 -9999.0 -9999.0 -9999.0 -9999.0 -9999.0 -9999.0 -9999.0 -9999.0 -9999.0 -9999.0 -9999.0 -9999.0 -9999.0 -9999.0 -9999.0 -9999.0 -9999.0 -9999.0 -9999.0 -9999.0 -9999.0 -9999.0 -9999.0 -9999.0 -9999.0 -9999.0 -9999.0 -9999.0 -9999.0 -9999.0 -9999.0 -9999.0 -9999.0 -9999.0 -9999.0 -9999.0 -9999.0 -9999.0 -9999.0 -9999.0 -9999.0 -9999.0 -9999.0 -9999.0 -9999.0 -9999.0 -9999.0 -9999.0 -9999.0 -9999.0 -9999.0 -9999.0 -9999.0 -9999.0 -9999.0 -9999.0 -9999.0 -9999.0 -9999.0 -9999.0 -9999.0 -9999.0 -9999.0 -9999.0 -9999.0 -9999.0 -9999.0 -9999.0 -9999.0 -9999.0 -9999.0
-9999.0 -9999.0 -9999.0 -9999.0 -9999.0 -9999.0 -9999.0 -9999.0 -9999.0 -9999.0 -9999.0 -9999.0 -9999.0 -9999.0 -9999.0 -9999.0 -9999.0 -9999.0 -9999.0 -9999.0 3525.148596 3525.921356 3504.181363 3469.884325 3441.420656 3442.980018 3475.484759 3515.758477 3554.280309 3561.149659 3541.688477 3545.336562 3540.656452 3535.622659 3535.400587 3543.015442 3549.682659 3559.104792 3565.790101 3563.200646 3555.643294 3550.569112 3553.298144 3554.738280 3561.079934 3546.314660 3562.519425 3578.942384 3583.677939 3581.260317 3557.952789 3546.513319 3538.845900 3523.521576 3550.522074 3562.429266 3586.217993 3591.141461 3589.394540 3562.962806 3533.095095 -9999.0 -9999.0 -9999.0 -9999.0 -9999.0 -9999.0 -9999.0 -9999.0 -9999.0 -9999.0 -9999.0 -9999.0 -9999.0 -9999.0 -9999.0 -9999.0 -9999.0 -9999.0 -9999.0
-9999.0 -9999.0 -9999.0 -9999.0 -9999.0 -9999.0 -9999.0 -9999.0 -9999.0 -9999.0 -9999.0 -9999.0 -9999.0 -9999.0 3435.332208 3426.502699 3423.371740 3430.264302 3462.321056 3492.305174 3503.784109 3496.078627 3495.588163 3470.432439 3447.014893 3459.078237 3487.983165 3517.862185 3550.657797 3567.297671 3555.969777 3552.989089 3559.309843 3577.931419 3585.168444 3581.247678 3563.665779 3587.879500 3600.674247 3604.514281 3602.262799 3592.193847 3600.422316 3614.183733 3607.075239 3592.053488 3603.647627 3619.035602 3629.752281 3622.321999 3565.084020 3554.093614 3551.434149 3548.107533 3535.616892 3532.446466 3561.534161 3561.561790 3554.912699 3538.231063 3505.282246 3460.284758 3441.789817 3483.070185 3527.172107 3583.803565 -9999.0 -9999.0 -9999.0 -9999.0 -9999.0 -9999.0 -9999.0 -9999.0 -9999.0 -9999.0 -9999.0 -9999.0 -9999.0 -9999.0
-9999.0 -9999.0 -9999.0 -9999.0 -9999.0 -9999.0 -9999.0 -9999.0 -9999.0 3378.227324 3384.111857 3390.754057 3392.912499 3407.645738 3404.012807 3410.520270 3413.790008 3440.570283 3469.387226 3502.217313 3528.532861 3518.826043 3516.899408 3519.670378 3512.644844 3519.493754 3539.230103 3575.128514 3605.111713 3639.459274 3605.156512 3599.694294 3616.738823 3657.112862 3678.794608 3679.930936 3661.080714 3678.623929 3701.849658 3716.721660 3712.850581 3706.414337 3732.517472 3747.920629 3740.883393 3719.072497 3719.064912 3727.446908 3757.216457 3706.677790 3640.913248 3604.206909 3621.640592 3601.749386 3577.469879 3567.826690 3569.402862 3590.434041 3579.543323 3546.467871 3514.027193 3502.768735 3486.598443 3508.633769 3532.598910 3579.576916 3620.007185 3650.278629 3650.021579 3633.023726 -9999.0 -9999.0 -9999.0 -9999.0 -9999.0 -9999.0 -9999.0 -9999.0 -9999.0 -9999.0
-9999.0 -9999.0 -9999.0 -9999.0 -9999.0 -9999.0 3299.898818 3310.271826 3330.736138 3332.815194 3358.977733 3363.576818 3381.709860 3398.144710 3419.355168 3431.166882 3454.967279 3483.894340 3518.700376 3555.046439 3581.512700 3568.696390 3573.216298 3590.940606 3615.805095 3633.144143 3655.181028 3692.533935 3764.428861 3800.273450 3791.150789 3791.445810 3799.477944 3849.971758 3913.913501 3924.288431 3903.558525 3890.702597 3914.852237 3952.670080 3950.080427 3948.803580 3962.451761 3973.524715 4000.414267 3989.106259 3953.254217 3948.788521 3956.491290 3932.794233 3862.731579 3806.198871 3789.066097 3742.344454 3658.875436 3617.613566 3643.674447 3672.976931 3652.481619 3603.847878 3572.778397 3568.432379 3558.376746 3552.775998 3566.483619 3590.389031 3614.966883 3629.499596 3618.108740 3597.633186 3576.354981 3548.518102 3551.463712 3576.560178 -9999.0 -9999.0 -9999.0 -9999.0 -9999.0 -9999.0
-9999.0 -9999.0 -9999.0 -9999.0 3250.823534 3263.344547 3247.817455 3273.573505 3304.836050 3337.694824 3364.070822 3394.515089 3416.511080 3442.097907 3473.688284 3493.599344 3523.910738 3552.287858 3598.204758 3658.144997 3701.314340 3713.327474 3721.086385 3771.449042 3827.289550 3873.760654 3892.360795 3918.382188 3965.059737 4021.707448 4043.702731 4046.150403 4063.093340 4107.440348 4164.938747 4200.407634 4182.555665 4173.313217 4183.966825 4198.756048 4220.911117 4220.958723 4222.093880 4226.508491 4234.542092 4232.526568 4205.374197 4171.691950 4158.644633 4148.275754 4108.919087 4036.083317 4006.566322 3977.122007 3932.807496 3877.992314 3832.614013 3835.580342 3780.801349 3725.634818 3677.059664 3670.767773 3651.770132 3637.006642 3621.049799 3634.596432 3647.588528 3633.250966 3603.719758 3574.897854 3562.380955 3545.203257 3534.095710 3565.578972 3583.664443 3613.165615 -9999.0 -9999.0 -9999.0 -9999.0
-9999.0 -9999.0 3192.528232 3237.052609 3293.483638 3298.589791 3290.315398 3291.961642 3317.148298 3365.092800 3425.313823 3460.107975 3486.747024 3516.054762 3565.216674 3624.900389 3683.366056 3725.351007 3783.419864 3852.910575 3911.906748 3938.297125 3946.707736 3982.521433 4037.799489 4108.206228 4136.714073 4163.575416 4195.997778 4233.271231 4222.921473 4233.253773 4246.161295 4260.105451 4276.166559 4283.882647 4278.798529 4274.147434 4255.456378 4250.081905 4256.527122 4264.941204 4263.649756 4248.813465 4244.830264 4259.995954 4266.501477 4264.235926 4261.071263 4265.716232 4260.220684 4210.567023 4195.245481 4179.661321 4167.335422 4120.599742 4053.149075 4021.351373 3999.261259 3957.572265 3883.883122 3847.566677 3808.901143 3775.118198 3738.649925 3726.913788 3695.636337 3664.265948 3626.199265 3585.977147 3567.403046 3553.675146 3553.678431 3554.563013 3572.621077 3588.465260 3604.526422 3612.646063 -9999.0 -9999.0
-9999.0 3082.156094 3152.533941 3272.755521 3349.249128 3384.145405 3389.234610 3389.344659 3413.398268 3445.680148 3529.781049 3575.138543 3657.439493 3695.178895 3734.918210 3824.663650 3919.824989 3963.702860 4003.335983 4068.379199 4135.242734 4182.866648 4209.468091 4184.931922 4225.417744 4257.225976 4266.034574 4273.559110 4274.109165 4265.542050 4259.275699 4265.856681 4262.765072 4243.313130 4226.980800 4225.128704 4221.664335 4198.109479 4170.394789 4154.648105 4155.770900 4181.033915 4167.689307 4146.196771 4141.733533 4163.577887 4185.394728 4174.545942 4161.316265 4177.978449 4212.922215 4238.504620 4238.677718 4257.486911 4278.667374 4249.181033 4228.567450 4184.046939 4166.904431 4141.298915 4083.788291 4028.925651 3980.604925 3932.319529 3880.362801 3832.295286 3785.072205 3738.196946 3685.556506 3653.183769 3629.430817 3587.512660 3575.692305 3582.788457 3578.329450 3577.071145 3583.856516 3590.499655 -9999.0 -9999.0
-9999.0 2983.617118 3121.406770 3297.009891 3437.845334 3475.523467 3532.017603 3584.749882 3596.931723 3538.884547 3639.743595 3857.412463 3982.535559 4000.842853 4077.515360 4174.234639 4153.489954 4185.352429 4209.090271 4236.918574 4259.250086 4274.261884 4272.720298 4267.755412 4251.099149 4243.055364 4242.130430 4239.963356 4222.363457 4203.226699 4186.287266 4182.945570 4164.651457 4114.186724 4080.602727 4062.713324 4042.903143 4029.745874 4002.797884 3976.599501 3959.651197 3969.329863 3968.160461 3955.072687 3950.666825 3968.512680 3999.436077 3998.007552 4010.583689 4030.352949 4065.856092 4104.486436 4123.866166 4153.211357 4189.048495 4237.773642 4245.972656 4268.559176 4271.303978 4261.671049 4214.517887 4162.528982 4132.947044 4077.236583 4017.659863 3955.952253 3906.894913 3862.223417 3806.964881 3773.375306 3734.650081 3681.361094 3639.561656 3633.346854 3600.538567 3588.185470 -9999.0 -9999.0 -9999.0 -9999.0
-9999.0 2879.100128 3055.464658 3290.374634 3585.085002 3652.147022 3854.147340 3968.134029 4006.176847 4074.269772 3945.583259 4159.629896 4214.985796 4210.647175 4228.768482 4232.353433 4246.920932 4246.134712 4241.045391 4229.926930 4220.196936 4215.515137 4214.502140 4206.561070 4193.871617 4179.179566 4167.179683 4155.572534 4118.560021 4086.315564 4046.301432 4033.593231 3987.865890 3895.557386 3856.958545 3817.742544 3756.035854 3759.125356 3767.838807 3744.200733 3724.436436 3695.312526 3725.802997 3737.369388 3741.857484 3736.557489 3745.564648 3775.041041 3823.625543 3858.158846 3896.943702 3945.019029 3975.672744 4014.896878 4054.490333 4106.947894 4138.409408 4167.435546 4216.890588 4254.029445 4276.876797 4262.462073 4244.435562 4199.078145 4138.606986 4089.146638 4059.910078 4009.077682 3965.469910 3922.116897 3875.760695 3823.133653 3761.751349 3711.029460 3677.676575 -9999.0 -9999.0 -9999.0 -9999.0 -9999.0
-9999.0 2661.737439 2912.934014 3172.581390 3440.778291 3784.701832 3961.937292 4054.526613 4118.414443 4103.762121 4129.393342 4135.117144 4172.468214 4180.092344 4158.755852 4144.580369 4126.501093 4125.411633 4138.515916 4110.955910 4080.418835 4066.918555 4067.858125 4057.176319 4033.139113 4018.289199 4009.062000 3990.382294 3947.320995 3896.824977 3812.231382 3776.828868 3697.447000 3660.601459 3624.998165 3578.395465 3534.665176 3541.087377 3566.660192 3558.318643 3537.926112 3521.257297 3551.004094 3572.259550 3585.646840 3568.963211 3575.407077 3609.664062 3655.852106 3696.027294 3739.468362 3787.115332 3828.976926 3867.714019 3887.911901 3926.597424 3968.724996 4010.364613 4080.717465 4159.769686 4196.172082 4231.106365 4259.621911 4281.690962 4238.594819 4212.637333 4188.685265 4164.949272 4118.462681 4072.922762 4032.362023 3967.273515 3907.731193 -9999.0 -9999.0 -9999.0 -9999.0 -9999.0 -9999.0 -9999.0
-9999.0 2551.318349 2742.118556 2912.658693 3152.416061 3380.140063 3605.825755 3695.863022 3766.497870 3842.352135 3898.726319 3937.334189 3963.118566 3984.897056 3962.386961 3915.746524 3883.227605 3888.322522 3878.889189 3858.236458 3830.803622 3818.144674 3815.436579 3810.929642 3790.103260 3780.308485 3773.897937 3756.239809 3731.645000 3679.159006 3608.823729 3535.746388 3483.203829 3465.583943 3444.285239 3418.621664 3393.535675 3407.511535 3420.353494 3421.065481 3415.369939 3416.208548 3445.247974 3465.276449 3474.684557 3463.980456 3482.018902 3504.621813 3540.860014 3579.639319 3623.769349 3673.312256 3721.228246 3740.505865 3741.538756 3751.743122 3778.444625 3821.067913 3896.974031 3982.994598 4061.499069 4107.314463 4158.341060 4198.681189 4227.262412 4251.329706 4274.360089 4267.905298 4241.556717 4207.965440 4148.717252 -9999.0 -9999.0 -9999.0 -9999.0 -9999.0 -9999.0 -9999.0 -9999.0 -9999.0
-9999.0 -9999.0 2517.730430 2668.088971 2761.290705 2893.053090 3026.715367 3130.594703 3232.158978 3376.753540 3501.148008 3595.965651 3642.844786 3658.523692 3644.960147 3617.399794 3600.876545 3600.444430 3588.579830 3583.015584 3569.678073 3564.938130 3553.061959 3546.038118 3543.168556 3543.605602 3542.174553 3534.911603 3519.428783 3479.381034 3444.769051 3402.076780 3357.484461 3337.285150 3320.607696 3305.177263 3310.833993 3306.384639 3312.373884 3315.921875 3326.333927 3341.000437 3360.329171 3383.206695 3392.846018 3403.195198 3413.687512 3434.806376 3464.083691 3503.679917 3554.460440 3608.766970 3644.071971 3650.154772 3631.161271 3624.982515 3631.753397 3659.238184 3720.802845 3788.954331 3879.005964 3944.739008 4011.680553 4067.937059 4094.831286 4131.223322 4202.078248 4250.152265 4293.391328 4270.945457 -9999.0 -9999.0 -9999.0 -9999.0 -9999.0 -9999.0 -9999.0 -9999.0 -9999.0 -9999.0
-9999.0 -9999.0 -9999.0 -9999.0 2530.654229 2677.903721 2776.812178 2818.405284 2951.011539 3076.235369 3181.029744 3268.281935 3338.170420 3364.281182 3366.474819 3385.326336 3385.147065 3375.540225 3364.602447 3370.735809 3376.994343 3371.396735 3354.577860 3349.317371 3354.758753 3364.416058 3364.212502 3353.165393 3336.956069 3326.102231 3316.356398 3288.269028 3258.538219 3233.316852 3223.420512 3222.454098 3223.969508 3216.971669 3226.076787 3235.940631 3252.425706 3267.759214 3291.283820 3321.142976 3335.994364 3350.516637 3358.647453 3376.463068 3404.573448 3455.572573 3516.793015 3572.930798 3606.536043 3606.381289 3577.085777 3554.577236 3541.048023 3557.322539 3585.212820 3634.526520 3723.088831 3784.864745 3829.194131 3867.162577 3903.432245 3969.155333 4064.771806 4146.596928 -9999.0 -9999.0 -9999.0 -9999.0 -9999.0 -9999.0 -9999.0 -9999.0 -9999.0 -9999.0 -9999.0 -9999.0
-9999.0 -9999.0 -9999.0 -9999.0 -9999.0 -9999.0 2512.547946 2620.331425 2687.294941 2800.712058 2947.849147 3050.162970 3133.611331 3170.302582 3205.353137 3236.634362 3237.810101 3217.328642 3195.148541 3217.976202 3238.786044 3232.734298 3200.297022 3203.038283 3211.760139 3221.041893 3220.241412 3216.538590 3194.509451 3214.891311 3222.737610 3202.994024 3180.496576 3170.835036 3161.380876 3173.009622 3174.428901 3160.862983 3160.152782 3188.817791 3210.475904 3223.470296 3244.365634 3277.564181 3309.989018 3325.568212 3326.041747 3330.031341 3365.614364 3433.142293 3503.743369 3558.524701 3589.240505 3593.493063 3562.130167 3516.734515 3489.917637 3487.823324 3510.924395 3548.802259 3608.987433 3644.192424 3653.458010 3652.467216 3663.188377 3763.595553 -9999.0 -9999.0 -9999.0 -9999.0 -9999.0 -9999.0 -9999.0 -9999.0 -9999.0 -9999.0 -9999.0 -9999.0 -9999.0 -9999.0
-9999.0 -9999.0 -9999.0 -9999.0 -9999.0 -9999.0 -9999.0 -9999.0 -9999.0 -9999.0 -9999.0 -9999.0 -9999.0 -9999.0 -9999.0 -9999.0 -9999.0 -9999.0 -9999.0 -9999.0 -9999.0 -9999.0 -9999.0 -9999.0 -9999.0 -9999.0 -9999.0 -9999.0 -9999.0 -9999.0 -9999.0 -9999.0 -9999.0 -9999.0 -9999.0 -9999.0 -9999.0 -9999.0 -9999.0 -9999.0 -9999.0 -9999.0 -9999.0 -9999.0 -9999.0 -9999.0 -9999.0 -9999.0 -9999.0 -9999.0 -9999.0 -9999.0 -9999.0 -9999.0 -9999.0 -9999.0 -9999.0 -9999.0 -9999.0 -9999.0 -9999.0 -9999.0 -9999.0 -9999.0 -9999.0 -9999.0 -9999.0 -9999.0 -9999.0 -9999.0 -9999.0 -9999.0 -9999.0 -9999.0 -9999.0 -9999.0 -9999.0 -9999.0 -9999.0 -9999.0
-9999.0 -9999.0 -9999.0 -9999.0 -9999.0 -9999.0 -9999.0 -9999.0 -9999.0 -9999.0 -9999.0 -9999.0 -9999.0 -9999.0 -9999.0 -9999.0 -9999.0 -9999.0 -9999.0 -9999.0 -9999.0 -9999.0 -9999.0 -9999.0 -9999.0 -9999.0 -9999.0 -9999.0 -9999.0 -9999.0 -9999.0 -9999.0 -9999.0 -9999.0 -9999.0 -9999.0 -9999.0 -9999.0 -9999.0 -9999.0 -9999.0 -9999.0 -9999.0 -9999.0 -9999.0 -9999.0 -9999.0 -9999.0 -9999.0 -9999.0 -9999.0 -9999.0 -9999.0 -9999.0 -9999.0 -9999.0 -9999.0 -9999.0 -9999.0 -9999.0 -9999.0 -9999.0 -9999.0 -9999.0 -9999.0 -9999.0 -9999.0 -9999.0 -9999.0 -9999.0 -9999.0 -9999.0 -9999.0 -9999.0 -9999.0 -9999.0 -9999.0 -9999.0 -9999.0 -9999.0