Borden_/Borden1m_014/output_maps/psiliqL0019N0016.asc
ncols         80
nrows         18
xllcorner     620200.000000
yllcorner     5168000.000000
cellsize      1.000000
NODATA_value  -9999.0
-9999.0 -9999.0 -9999.0 -9999.0 -9999.0 -9999.0 -9999.0 -9999.0 -9999.0 -9999.0 -9999.0 -9999.0 -9999.0 -9999.0 -9999.0 -9999.0 -9999.0 -9999.0 -9999.0 -9999.0 -9999.0 -9999.0 -9999.0 -9999.0 -9999.0 -9999.0 -9999.0 -9999.0 -9999.0 -9999.0 -9999.0 -9999.0 -9999.0 -9999.0 -9999.0 -9999.0 -9999.0 -9999.0 -9999.0 -9999.0 -9999.0 -9999.0 -9999.0 -9999.0 -9999.0 -9999.0 -9999.0 -9999.0 -9999.0 -9999.0 -9999.0 -9999.0 -9999.0 -9999.0 -9999.0 -9999.0 -9999.0 -9999.0 -9999.0 -9999.0 -9999.0 -9999.0 -9999.0 -9999.0 -9999.0 -9999.0 -9999.0 -9999.0 -9999.0 -9999.0 -9999.0 -9999.0 -9999.0 -9999.0 -9999.0 -9999.0 -9999.0 -9999.0 -9999.0 -9999.0
-9999.0 -9999.0 -9999.0 -9999.0 -9999.0 -9999.0 -9999.0 -9999.0 -9999.0 -9999.0 -9999.0 -9999.0 -9999.0 -9999.0 -9999.0 -9999.0 -9999.0 -9999.0 -9999.0 -9999.0 -9999.0 -9999.0 -9999.0 -9999.0 -9999.0 -9999.0 -9999.0 -9999.0 -9999.0 -9999.0 -9999.0 -9999.0 -9999.0 -9999.0 -9999.0 -9999.0 -9999.0 -9999.0 -9999.0 -9999.0 -9999.0 -9999.0 -9999.0 -9999.0 -9999.0 -9999.0 -9999.0 -9999.0 -9999.0 -9999.0 -9999.0 -9999.0 -9999.0 -9999.0 -9999.0 -9999.0 -9999.0 -9999.0 -9999.0 -9999.0 -9999.0 -9999.0 -9999.0 -9999.0 -9999.0 -9999.0 -9999.0 -9999.0 -9999.0 -9999.0 -9999.0 -9999.0 -9999.0 -9999.0 -9999.0 -9999.0 -9999.0 -9999.0 -9999.0 -9999.0
-9999.0 -9999.0 -9999.0 -9999.0 -9999.0 -9999.0 -9999.0 -9999.0 -9999.0 -9999.0 -9999.0 -9999.0 -9999.0 -9999.0 -9999.0 -9999.0 -9999.0 -9999.0 -9999.0 -9999.0 1957.930445 1960.818456 1940.575243 1908.880817 1883.258403 1887.725196 1923.723418 1966.456767 2006.778672 2017.614264 2001.694110 2007.730178 2006.565794 2007.199281 2011.581644 2021.102955 2028.137251 2039.455930 2047.524397 2046.249970 2039.395885 2034.029298 2034.952608 2037.163326 2042.897967 2030.707497 2045.702030 2061.093198 2065.028781 2058.840694 2030.238524 2012.564030 2000.101879 1980.970363 2003.124858 2011.896755 2031.519834 2032.689475 2028.245286 1999.576664 1968.448108 -9999.0 -9999.0 -9999.0 -9999.0 -9999.0 -9999.0 -9999.0 -9999.0 -9999.0 -9999.0 -9999.0 -9999.0 -9999.0 -9999.0 -9999.0 -9999.0 -9999.0 -9999.0 -9999.0
-9999.0 -9999.0 -9999.0 -9999.0 -9999.0 -9999.0 -9999.0 -9999.0 -9999.0 -9999.0 -9999.0 -9999.0 -9999.0 -9999.0 1861.399721 1853.557541 1852.846275 1863.193985 1898.695409 1930.818502 1943.214266 1937.426333 1939.575169 1918.258533 1899.820914 1916.164085 1948.115502 1980.823367 2016.213694 2037.010710 2028.454177 2029.579580 2042.287192 2069.654838 2083.858827 2083.195791 2065.999306 2090.939310 2105.759528 2112.052747 2110.255002 2100.594143 2110.891784 2125.372413 2118.454569 2102.785609 2111.463201 2125.045458 2135.848387 2122.422343 2057.474125 2036.786500 2028.298046 2018.828881 2001.961160 1993.726892 2017.045776 2013.131848 2002.035007 1981.923912 1947.335494 1902.141202 1881.583649 1918.783025 1960.327093 2015.250063 -9999.0 -9999.0 -9999.0 -9999.0 -9999.0 -9999.0 -9999.0 -9999.0 -9999.0 -9999.0 -9999.0 -9999.0 -9999.0 -9999.0
-9999.0 -9999.0 -9999.0 -9999.0 -9999.0 -9999.0 -9999.0 -9999.0 -9999.0 1799.250944 1805.357197 1814.090612 1818.417707 1835.772956 1834.360048 1843.562967 1852.024192 1882.097708 1915.578212 1952.949133 1983.313073 1977.065961 1979.728178 1990.932466 1995.077081 2009.347005 2033.398272 2074.352378 2110.825474 2150.628046 2122.853942 2123.941592 2148.192761 2198.683232 2231.486577 2238.773454 2222.336451 2235.401567 2259.508665 2277.644357 2274.475048 2269.296165 2292.624974 2306.256018 2304.402388 2285.176794 2280.343384 2285.174514 2312.006623 2259.356182 2189.584513 2138.559452 2141.656227 2111.460523 2075.547552 2055.407496 2049.981461 2065.849099 2047.713461 2008.073224 1970.320736 1956.296072 1936.005737 1951.587398 1971.275980 2014.681028 2051.890729 2078.191203 2075.142862 2056.008370 -9999.0 -9999.0 -9999.0 -9999.0 -9999.0 -9999.0 -9999.0 -9999.0 -9999.0 -9999.0
-9999.0 -9999.0 -9999.0 -9999.0 -9999.0 -9999.0 1719.101023 1730.227264 1752.182003 1757.091859 1784.558659 1793.081126 1815.437791 1836.579006 1861.105611 1879.424488 1911.048224 1946.716157 1989.901288 2035.533926 2070.413551 2066.100489 2078.931132 2109.793495 2150.503446 2181.015269 2208.439052 2248.639452 2322.611980 2362.579056 2366.198096 2374.288180 2390.631802 2447.540485 2516.052482 2530.713780 2512.190320 2499.236672 2520.163447 2554.839840 2555.258054 2554.290738 2566.683869 2576.544571 2602.988711 2594.402758 2557.593025 2549.333886 2552.743638 2532.607416 2464.146763 2396.132594 2361.244603 2307.304726 2222.836905 2169.947648 2178.316025 2193.641002 2161.425360 2105.033173 2062.883288 2049.711455 2031.283268 2015.943771 2020.491052 2036.883285 2055.628284 2063.790324 2047.557598 2023.563210 1999.144580 1968.115504 1967.879592 1991.262929 -9999.0 -9999.0 -9999.0 -9999.0 -9999.0 -9999.0
-9999.0 -9999.0 -9999.0 -9999.0 1667.717966 1682.161914 1670.604825 1698.164621 1732.730526 1768.879261 1801.431921 1839.172464 1868.129379 1900.774160 1942.478377 1976.638852 2019.420982 2057.937639 2116.713486 2189.807556 2244.197637 2267.855995 2284.792892 2347.252390 2416.035370 2473.513113 2497.040685 2524.286215 2567.936034 2624.980024 2650.726185 2658.973101 2681.330213 2725.003151 2778.996569 2816.985860 2801.586431 2794.108792 2801.290188 2812.485105 2833.737899 2833.495081 2834.671353 2837.682065 2843.866741 2844.083680 2821.522682 2790.828749 2776.446871 2766.274985 2730.890030 2656.572322 2616.659971 2584.189397 2544.383526 2488.880840 2425.967199 2408.869804 2345.886386 2284.277795 2222.377535 2199.965669 2166.171616 2137.888935 2107.407764 2106.360853 2106.181090 2081.592927 2044.687179 2008.716371 1990.541750 1968.548206 1954.030183 1981.497900 1996.623962 2024.781920 -9999.0 -9999.0 -9999.0 -9999.0
-9999.0 -9999.0 1605.378770 1654.266759 1713.660673 1724.406511 1725.296871 1733.180239 1764.010905 1818.363681 1892.255506 1940.847872 1981.829753 2019.406114 2082.411301 2161.272049 2234.413633 2286.687581 2356.294341 2436.473206 2504.179847 2537.346965 2554.063154 2598.974981 2660.096490 2729.500023 2758.763967 2785.010129 2817.267223 2850.303509 2853.439069 2867.155431 2879.386943 2888.561535 2899.015818 2903.078389 2898.353646 2893.332221 2874.622395 2869.704499 2875.670113 2881.677888 2881.917908 2868.331562 2865.027331 2880.351989 2887.423210 2888.755427 2889.477587 2897.257417 2897.343383 2853.354666 2822.638800 2806.238769 2791.672497 2744.988604 2676.789642 2634.560747 2609.157395 2561.701989 2482.742667 2430.743270 2376.146309 2325.977750 2269.858935 2236.369647 2185.834028 2138.930560 2087.755482 2036.899406 2008.780849 1986.635392 1979.712081 1974.854658 1987.591565 1999.786626 2012.841550 2019.445141 -9999.0 -9999.0
-9999.0 1498.622763 1571.547948 1698.256457 1781.147729 1827.849024 1855.980720 1875.875796 1907.456449 1940.500290 2042.115443 2120.399210 2212.401731 2255.663310 2310.132551 2413.857782 2515.132253 2569.473098 2616.240014 2682.991100 2749.794095 2801.618228 2830.361896 2831.315583 2870.592121 2892.713660 2898.858836 2903.672287 2900.935405 2891.735783 2882.751254 2888.664867 2885.329117 2866.532912 2849.490413 2844.522077 2837.518495 2812.597822 2782.471883 2767.192100 2768.841777 2794.520737 2780.546522 2759.841760 2756.554063 2779.215488 2803.367312 2797.391737 2787.921341 2810.802738 2847.520221 2871.156157 2878.256407 2895.894179 2916.512347 2888.953473 2862.152705 2818.065898 2795.950474 2767.401129 2709.837354 2650.071426 2593.470334 2529.674525 2460.723736 2389.741694 2320.738005 2251.952162 2181.198440 2135.004439 2098.669239 2042.968259 2016.430046 2011.703233 1997.627365 1990.481380 1992.723511 1997.474801 -9999.0 -9999.0
-9999.0 1412.101532 1554.434327 1739.327527 1891.238082 1950.893632 2045.363892 2121.862229 2149.264406 2115.524122 2225.780070 2450.000707 2568.369816 2592.490970 2672.004888 2773.675752 2785.364758 2822.626911 2850.096371 2870.492024 2885.803855 2897.891749 2895.936236 2890.921147 2876.942540 2870.386073 2869.928507 2867.751029 2850.082908 2829.381901 2809.221296 2802.535411 2780.035904 2731.685503 2694.941514 2671.831609 2649.149820 2629.237616 2599.231978 2572.560820 2555.100375 2569.500184 2566.320769 2549.765271 2546.424650 2569.781306 2602.431220 2603.719742 2620.825537 2648.389319 2691.710883 2733.644786 2757.844663 2789.988515 2829.404598 2875.186756 2887.901354 2909.677013 2913.570593 2898.727211 2855.146843 2802.096643 2769.109555 2708.109776 2637.300120 2555.331602 2486.660376 2418.883187 2344.955102 2294.191157 2239.024969 2171.161208 2108.716482 2077.409044 2030.369251 2006.284749 -9999.0 -9999.0 -9999.0 -9999.0
-9999.0 1324.148921 1510.205427 1764.467237 2055.079742 2162.223989 2379.117176 2513.642352 2570.018899 2643.533479 2589.105350 2766.682705 2816.799094 2817.235799 2827.541588 2837.154810 2856.940254 2862.613930 2861.578914 2853.538989 2844.954407 2839.285161 2835.698296 2826.366553 2813.323824 2798.424300 2783.776872 2771.426432 2733.259255 2697.318651 2654.297296 2634.769505 2590.588127 2493.628740 2447.030415 2402.051193 2335.787529 2328.250782 2325.464011 2297.329514 2278.498427 2254.261888 2279.667655 2288.537811 2292.460639 2292.726044 2308.686949 2340.131646 2393.950844 2439.514608 2490.081205 2546.693890 2587.393647 2634.742960 2682.203843 2738.931550 2773.290044 2805.522895 2856.952520 2897.064406 2922.360784 2911.780453 2889.276960 2844.828324 2775.447602 2712.391684 2664.823924 2592.202965 2527.233371 2472.279146 2416.469889 2348.896897 2266.941902 2171.441732 2120.528298 -9999.0 -9999.0 -9999.0 -9999.0 -9999.0
-9999.0 1127.556133 1395.060446 1677.833575 1983.832844 2330.464510 2494.616885 2621.087871 2697.801337 2678.277848 2697.500158 2717.603030 2763.547919 2775.199586 2757.875997 2750.878532 2740.523102 2742.459997 2756.740170 2730.466928 2699.107890 2681.349812 2676.118091 2660.465226 2634.243821 2616.882401 2606.555850 2586.071857 2535.895530 2480.296577 2389.737316 2350.182673 2267.380666 2215.549920 2170.137148 2115.727754 2061.155800 2058.919465 2077.529658 2064.548842 2043.057823 2025.209010 2053.327844 2073.685132 2087.188693 2074.843301 2084.732569 2123.027358 2176.921255 2226.968266 2281.477428 2340.862531 2391.320025 2444.054341 2480.358136 2532.576279 2585.596866 2635.821220 2712.849775 2795.986550 2839.059319 2876.866082 2910.375206 2929.741232 2880.991473 2837.473958 2790.649345 2734.976715 2665.029292 2620.755051 2588.461227 2524.470371 2453.932858 -9999.0 -9999.0 -9999.0 -9999.0 -9999.0 -9999.0 -9999.0
-9999.0 1006.651292 1216.634980 1434.010294 1710.217394 1953.973463 2170.365722 2283.314414 2369.877980 2427.638758 2475.911565 2515.279443 2548.006913 2573.291251 2555.964645 2516.237068 2488.783220 2494.561323 2488.709317 2464.452847 2431.634331 2410.650116 2400.851476 2388.812151 2361.346540 2345.775604 2334.810438 2311.583821 2280.248565 2222.456731 2140.567627 2062.184035 2000.579316 1970.737377 1940.696883 1906.749486 1871.439282 1880.415471 1891.553504 1889.204084 1880.225875 1878.553950 1907.836432 1927.389285 1937.829992 1927.388468 1947.664414 1975.374091 2018.912644 2065.805597 2118.171709 2175.861449 2232.997419 2265.860085 2282.802592 2309.527128 2351.715845 2410.676384 2503.374610 2606.819081 2692.677133 2746.697940 2802.616569 2843.508638 2862.403859 2874.865309 2857.886453 2790.073702 2701.899618 2694.600824 2693.423245 -9999.0 -9999.0 -9999.0 -9999.0 -9999.0 -9999.0 -9999.0 -9999.0 -9999.0
-9999.0 -9999.0 986.194764 1155.808764 1281.419138 1458.968272 1611.749882 1727.171220 1826.732674 1956.559511 2072.446146 2162.879805 2208.852629 2227.575701 2216.384620 2188.577328 2170.745857 2171.257154 2160.029396 2148.893725 2127.113495 2114.636026 2097.251058 2084.881131 2073.637850 2067.598733 2061.968554 2051.041611 2029.757100 1982.719100 1935.148862 1883.337064 1829.900196 1803.686626 1781.079733 1759.127246 1757.905901 1752.379443 1757.167496 1758.928805 1766.726893 1779.949402 1799.976264 1822.544681 1832.733659 1842.699327 1855.726871 1880.352517 1914.652279 1958.886811 2015.067308 2075.573228 2118.367363 2134.226315 2127.317975 2134.339640 2156.198349 2202.158112 2286.963444 2378.044499 2484.269617 2564.435352 2645.428530 2706.002523 2729.131011 2750.990085 2775.186798 2736.188918 2620.102460 2649.505957 -9999.0 -9999.0 -9999.0 -9999.0 -9999.0 -9999.0 -9999.0 -9999.0 -9999.0 -9999.0
-9999.0 -9999.0 -9999.0 -9999.0 1017.070284 1171.085102 1270.658302 1355.827309 1489.783695 1616.816035 1721.727828 1808.014686 1873.333457 1901.278648 1900.482918 1911.148367 1908.792771 1901.923567 1891.165687 1890.312006 1888.389238 1877.975271 1859.665190 1849.941977 1849.675071 1854.047988 1850.806766 1836.791921 1818.203084 1797.089052 1777.508802 1742.805238 1706.729040 1676.900798 1662.999624 1657.069206 1656.053056 1648.196740 1656.402753 1664.082151 1679.513194 1694.779070 1718.558794 1747.890491 1762.237424 1777.462393 1787.581175 1808.531974 1839.960119 1894.633956 1959.655995 2019.404626 2057.939959 2064.861585 2043.045069 2029.913968 2028.619727 2059.907528 2108.947031 2180.975170 2290.289211 2372.956564 2439.012659 2494.178046 2535.510344 2591.092416 2657.759562 2701.079769 -9999.0 -9999.0 -9999.0 -9999.0 -9999.0 -9999.0 -9999.0 -9999.0 -9999.0 -9999.0 -9999.0 -9999.0
-9999.0 -9999.0 -9999.0 -9999.0 -9999.0 -9999.0 983.561758 1087.965629 1166.485617 1311.493349 1448.303903 1552.974372 1635.365484 1669.479931 1699.295051 1728.219389 1727.729916 1708.820249 1688.295599 1706.565496 1719.973289 1711.621106 1678.757716 1676.996961 1680.971405 1688.061491 1685.087422 1678.334584 1652.885508 1665.151485 1665.988398 1641.986112 1615.329998 1601.043109 1588.556771 1597.566041 1597.173542 1582.902940 1582.726121 1609.731368 1630.217202 1643.329427 1664.996989 1698.341580 1730.984597 1746.724983 1748.524073 1754.998523 1795.067058 1866.155700 1939.311948 1996.509833 2031.034004 2041.245576 2016.769715 1979.130195 1961.629159 1972.132678 2011.045615 2068.382783 2150.762223 2207.523344 2241.395582 2263.124292 2287.570597 2384.020769 -9999.0 -9999.0 -9999.0 -9999.0 -9999.0 -9999.0 -9999.0 -9999.0 -9999.0 -9999.0 -9999.0 -9999.0 -9999.0 -9999.0
-9999.0 -9999.0 -9999.0 -9999.0 -9999.0 -9999.0 -9999.0 -9999.0 -9999.0 -9999.0 -9999.0 -9999.0 -9999.0 -9999.0 -9999.0 -9999.0 -9999.0 -9999.0 -9999.0 -9999.0 -9999.0 -9999.0 -9999.0 -9999.0 -9999.0 -9999.0 -9999.0 -9999.0 -9999.0 -9999.0 -9999.0 -9999.0 -9999.0 -9999.0 -9999.0 -9999.0 -9999.0 -9999.0 -9999.0 -9999.0 -9999.0 -9999.0 -9999.0 -9999.0 -9999.0 -9999.0 -9999.0 -9999.0 -9999.0 -9999.0 -9999.0 -9999.0 -9999.0 -9999.0 -9999.0 -9999.0 -9999.0 -9999.0 -9999.0 -9999.0 -9999.0 -9999.0 -9999.0 -9999.0 -9999.0 -9999.0 -9999.0 -9999.0 -9999.0 -9999.0 -9999.0 -9999.0 -9999.0 -9999.0 -9999.0 -9999.0 -9999.0 -9999.0 -9999.0 -9999.0
-9999.0 -9999.0 -9999.0 -9999.0 -9999.0 -9999.0 -9999.0 -9999.0 -9999.0 -9999.0 -9999.0 -9999.0 -9999.0 -9999.0 -9999.0 -9999.0 -9999.0 -9999.0 -9999.0 -9999.0 -9999.0 -9999.0 -9999.0 -9999.0 -9999.0 -9999.0 -9999.0 -9999.0 -9999.0 -9999.0 -9999.0 -9999.0 -9999.0 -9999.0 -9999.0 -9999.0 -9999.0 -9999.0 -9999.0 -9999.0 -9999.0 -9999.0 -9999.0 -9999.0 -9999.0 -9999.0 -9999.0 -9999.0 -9999.0 -9999.0 -9999.0 -9999.0 -9999.0 -9999.0 -9999.0 -9999.0 -9999.0 -9999.0 -9999.0 -9999.0 -9999.0 -9999.0 -9999.0 -9999.0 -9999.0 -9999.0 -9999.0 -9999.0 -9999.0 -9999.0 -9999.0 -9999.0 -9999.0 -9999.0 -9999.0 -9999.0 -9999.0 -9999.0 -9999.0 -9999.0