Borden_/Borden1m_014/output_maps/psiliqL0010N0034.asc
ncols         80
nrows         18
xllcorner     620200.000000
yllcorner     5168000.000000
cellsize      1.000000
NODATA_value  -9999.0
-9999.0 -9999.0 -9999.0 -9999.0 -9999.0 -9999.0 -9999.0 -9999.0 -9999.0 -9999.0 -9999.0 -9999.0 -9999.0 -9999.0 -9999.0 -9999.0 -9999.0 -9999.0 -9999.0 -9999.0 -9999.0 -9999.0 -9999.0 -9999.0 -9999.0 -9999.0 -9999.0 -9999.0 -9999.0 -9999.0 -9999.0 -9999.0 -9999.0 -9999.0 -9999.0 -9999.0 -9999.0 -9999.0 -9999.0 -9999.0 -9999.0 -9999.0 -9999.0 -9999.0 -9999.0 -9999.0 -9999.0 -9999.0 -9999.0 -9999.0 -9999.0 -9999.0 -9999.0 -9999.0 -9999.0 -9999.0 -9999.0 -9999.0 -9999.0 -9999.0 -9999.0 -9999.0 -9999.0 -9999.0 -9999.0 -9999.0 -9999.0 -9999.0 -9999.0 -9999.0 -9999.0 -9999.0 -9999.0 -9999.0 -9999.0 -9999.0 -9999.0 -9999.0 -9999.0 -9999.0
-9999.0 -9999.0 -9999.0 -9999.0 -9999.0 -9999.0 -9999.0 -9999.0 -9999.0 -9999.0 -9999.0 -9999.0 -9999.0 -9999.0 -9999.0 -9999.0 -9999.0 -9999.0 -9999.0 -9999.0 -9999.0 -9999.0 -9999.0 -9999.0 -9999.0 -9999.0 -9999.0 -9999.0 -9999.0 -9999.0 -9999.0 -9999.0 -9999.0 -9999.0 -9999.0 -9999.0 -9999.0 -9999.0 -9999.0 -9999.0 -9999.0 -9999.0 -9999.0 -9999.0 -9999.0 -9999.0 -9999.0 -9999.0 -9999.0 -9999.0 -9999.0 -9999.0 -9999.0 -9999.0 -9999.0 -9999.0 -9999.0 -9999.0 -9999.0 -9999.0 -9999.0 -9999.0 -9999.0 -9999.0 -9999.0 -9999.0 -9999.0 -9999.0 -9999.0 -9999.0 -9999.0 -9999.0 -9999.0 -9999.0 -9999.0 -9999.0 -9999.0 -9999.0 -9999.0 -9999.0
-9999.0 -9999.0 -9999.0 -9999.0 -9999.0 -9999.0 -9999.0 -9999.0 -9999.0 -9999.0 -9999.0 -9999.0 -9999.0 -9999.0 -9999.0 -9999.0 -9999.0 -9999.0 -9999.0 -9999.0 137.660776 140.705952 118.487447 84.979117 57.192389 59.757423 95.271835 137.202695 176.156510 187.359393 170.085398 172.511210 168.297562 168.573529 172.152302 178.988149 182.634332 194.690712 204.028665 204.678357 199.358295 194.486552 194.345239 198.012164 202.947325 192.755942 205.607599 220.155748 225.252029 218.640617 189.678919 172.440056 162.763780 146.843200 170.307318 181.788446 204.034342 207.687174 205.699571 178.111125 147.667791 -9999.0 -9999.0 -9999.0 -9999.0 -9999.0 -9999.0 -9999.0 -9999.0 -9999.0 -9999.0 -9999.0 -9999.0 -9999.0 -9999.0 -9999.0 -9999.0 -9999.0 -9999.0 -9999.0
-9999.0 -9999.0 -9999.0 -9999.0 -9999.0 -9999.0 -9999.0 -9999.0 -9999.0 -9999.0 -9999.0 -9999.0 -9999.0 -9999.0 46.045950 36.319205 33.764513 42.736214 76.951870 107.417932 120.062623 112.915151 113.395885 90.464836 70.865258 85.735580 116.190605 148.980993 184.909344 206.867137 195.646417 194.027209 205.463502 233.844126 249.484828 247.760355 227.380832 251.177036 269.040362 280.323839 281.292889 273.984201 289.370273 306.258887 299.194758 280.333467 282.472950 292.910446 305.379906 287.869015 219.962275 196.805200 191.247528 182.783082 167.578809 159.793582 183.811207 183.721437 174.670365 155.952308 122.975405 78.577379 60.095170 98.142703 141.993749 199.514246 -9999.0 -9999.0 -9999.0 -9999.0 -9999.0 -9999.0 -9999.0 -9999.0 -9999.0 -9999.0 -9999.0 -9999.0 -9999.0 -9999.0
-9999.0 -9999.0 -9999.0 -9999.0 -9999.0 -9999.0 -9999.0 -9999.0 -9999.0 -12.182925 -8.063364 -0.581694 1.758015 17.793231 16.208623 23.682455 31.956304 59.045114 90.914472 126.893103 156.652256 147.988183 149.532811 162.448444 169.818782 184.201344 207.525599 251.345494 297.177317 342.599809 316.164939 315.719628 337.372018 389.942617 430.561104 441.388803 422.344831 429.097471 458.863115 488.321148 493.123334 494.080777 521.107241 535.732773 539.340592 517.531959 496.173657 491.500215 514.405006 457.215177 384.111341 325.539046 323.114769 287.824410 243.259434 218.363622 213.495486 233.512406 216.530829 177.343868 139.402155 128.333991 110.612352 126.359712 148.209253 194.475519 232.695035 260.860765 260.426689 242.667568 -9999.0 -9999.0 -9999.0 -9999.0 -9999.0 -9999.0 -9999.0 -9999.0 -9999.0 -9999.0
-9999.0 -9999.0 -9999.0 -9999.0 -9999.0 -9999.0 -91.311178 -82.140221 -62.021551 -56.440749 -31.428400 -23.425479 -2.283900 17.755819 39.463861 57.427628 89.480308 123.713365 167.015944 213.426764 248.797325 247.268238 260.869436 297.875288 344.102150 379.586703 408.919965 455.768949 541.336915 591.259790 606.000712 613.389548 624.070345 670.329058 733.302284 750.275270 730.452458 716.355579 737.885982 778.605050 797.943258 803.060970 812.664982 821.528768 846.361301 835.173152 784.772690 762.380484 754.839079 739.421015 681.479123 617.181905 573.686106 518.575981 428.163765 363.303389 361.327982 374.580583 339.535234 280.876255 234.354736 220.664044 203.535391 187.672369 191.638729 209.646663 231.599370 241.983015 228.576063 207.229941 183.741274 154.636083 156.132502 181.375364 -9999.0 -9999.0 -9999.0 -9999.0 -9999.0 -9999.0
-9999.0 -9999.0 -9999.0 -9999.0 -141.297257 -128.631182 -140.186397 -115.905485 -83.362208 -49.344370 -16.217391 22.175246 50.720345 82.186649 125.657455 165.836430 213.427642 253.163368 313.414695 389.104873 449.467327 483.115060 506.417480 571.658852 635.235963 687.933967 709.351504 739.106718 785.808556 855.306093 884.707071 892.874834 910.605610 940.187811 983.608226 1015.459065 999.527905 992.791381 999.779291 1012.469282 1039.752371 1042.798408 1045.124250 1046.609071 1049.434847 1047.935793 1021.979849 986.536760 973.125898 964.170447 938.280564 871.082468 819.587361 785.735843 754.141133 703.622509 634.833213 611.004020 549.772899 486.812564 411.754872 380.620099 343.411947 312.427977 277.501352 274.636601 274.509534 252.111036 219.306195 186.173767 170.501596 151.387672 140.731549 170.465545 188.032221 218.816474 -9999.0 -9999.0 -9999.0 -9999.0
-9999.0 -9999.0 -199.982610 -150.243297 -93.883219 -84.831083 -82.501394 -76.473774 -48.175257 4.210338 84.282137 139.982653 188.409059 224.241776 289.764663 381.487628 468.810055 525.701115 588.777125 657.958374 720.942786 760.584865 789.519214 831.020401 881.830952 937.702766 962.113827 987.815242 1017.809164 1051.126441 1070.610964 1086.049885 1092.905343 1091.528123 1093.652994 1093.492218 1089.571448 1084.095419 1067.315418 1065.234441 1073.540004 1078.155089 1081.003232 1068.327943 1064.289279 1076.658380 1078.249873 1076.583487 1077.128622 1084.869851 1091.302185 1056.474343 1009.163636 993.347928 984.325389 941.855841 878.012612 826.614746 800.865224 757.530489 677.663044 622.164101 567.075582 510.356586 447.971607 406.559224 351.917234 304.580510 255.009364 207.361131 182.684843 163.637626 160.881503 160.975149 176.854557 192.304814 207.627756 215.401372 -9999.0 -9999.0
-9999.0 -300.105871 -227.402122 -99.876393 -20.026340 26.146142 65.930451 95.761627 124.218066 145.634287 259.834925 371.451350 472.761311 512.443388 569.787869 671.315029 773.127623 819.124563 854.034849 903.808783 958.429921 1004.348872 1034.162624 1058.157138 1087.842325 1092.817484 1093.140243 1094.679019 1088.961490 1081.888980 1072.465726 1079.528831 1076.652207 1058.922188 1043.757127 1040.518867 1033.727120 1007.826252 980.338219 966.646617 970.366234 992.151033 981.438621 961.435261 957.767455 977.964653 994.952712 986.105892 975.644397 993.897920 1028.135395 1049.627075 1063.497901 1078.773377 1099.055104 1075.242965 1043.453576 1001.719694 981.595579 951.571607 887.640358 823.626259 768.186374 704.370995 635.642153 562.125774 491.748414 422.185460 348.629600 304.038650 269.958011 216.658416 192.798726 193.377230 183.659444 180.672397 186.890349 193.218024 -9999.0 -9999.0
-9999.0 -374.107591 -230.669734 -44.454532 104.631438 170.093296 289.121042 380.159618 415.910582 395.355276 515.369738 743.531796 834.424849 849.095090 915.196248 995.190542 1028.839485 1058.615879 1077.703523 1079.065969 1080.311815 1087.292668 1085.475934 1079.569053 1065.880120 1058.193857 1056.945325 1053.326794 1033.900904 1013.768949 994.760059 992.221804 975.116877 934.788907 902.164911 884.705540 866.468226 839.260885 803.222205 776.361080 763.008883 781.004252 772.088760 754.315423 750.592663 773.692982 806.388553 801.151213 807.577151 830.752848 873.205954 918.250400 942.443073 972.061020 1008.679728 1051.716034 1069.568975 1089.655951 1094.413501 1072.231941 1028.343931 976.971934 941.720340 873.149411 797.404970 715.996417 650.471948 587.450920 515.465711 463.456666 409.606663 346.824829 286.082711 256.245722 215.046686 193.518323 -9999.0 -9999.0 -9999.0 -9999.0
-9999.0 -443.472941 -252.379840 12.714708 280.847263 415.373535 620.102448 755.678847 827.602687 883.230076 904.900515 1024.386523 1052.805825 1045.493499 1034.042833 1035.869884 1050.162455 1053.961528 1050.126294 1039.687521 1029.201495 1024.817585 1022.837622 1015.870955 1003.803236 988.673680 975.288988 960.321596 915.662866 880.163425 846.253477 830.918807 794.188981 703.992810 660.560295 626.974041 571.392075 560.054346 547.712468 516.862386 496.341266 478.910995 498.218968 499.277994 500.575465 508.158781 529.251273 551.128547 595.098624 632.377573 677.940006 732.357276 767.903133 812.509784 862.244461 924.223932 957.143200 986.625011 1032.479525 1072.925488 1095.390398 1085.498933 1055.366837 1010.116971 938.747987 863.656041 809.343827 733.038762 666.460036 614.783398 571.968993 520.914473 450.209726 350.874634 304.438261 -9999.0 -9999.0 -9999.0 -9999.0 -9999.0
-9999.0 -604.895284 -336.375235 -40.330917 291.823667 617.398457 735.705501 888.517402 963.587298 911.708396 898.765722 927.195433 967.647089 974.823799 955.056880 947.394855 938.544193 938.502099 950.413801 922.102105 887.122517 871.965876 870.471218 858.479237 835.594347 817.513675 803.551696 781.783909 730.429089 679.520985 601.941382 573.657288 496.466042 426.359474 374.716797 322.545531 268.481921 264.714586 279.275057 261.918035 238.699336 219.597515 245.453311 261.627936 273.132850 263.667724 273.805143 310.641507 362.582731 410.389920 467.122503 528.764241 579.223304 631.401374 667.253888 722.214611 770.702409 818.358627 893.372065 975.809576 1012.006100 1046.482366 1080.766866 1094.516270 1043.662449 989.457089 932.212779 857.606033 763.752215 717.324317 696.878956 666.326982 614.716642 -9999.0 -9999.0 -9999.0 -9999.0 -9999.0 -9999.0 -9999.0
-9999.0 -737.289613 -508.159991 -263.435290 35.295436 278.217871 468.884711 588.442991 675.401280 677.351407 693.576699 725.045450 757.137924 779.681588 757.308539 720.279455 693.195547 696.664412 694.388468 669.067253 638.067421 622.585417 620.574858 612.813710 586.506662 569.316177 556.219284 530.653364 490.200482 428.168774 340.578824 267.880651 203.254893 165.578991 133.279880 98.820373 59.791114 69.568352 83.235896 78.419714 66.108575 61.782292 91.268087 109.833000 119.988135 107.402092 126.349094 153.900199 196.788118 240.589454 291.434062 349.582510 407.357798 442.788496 463.562617 498.504983 545.603516 605.745886 694.123695 791.301674 867.708601 921.311675 972.149673 1003.289199 1014.841348 1028.598832 1000.115447 906.672776 765.076770 757.973541 761.260959 -9999.0 -9999.0 -9999.0 -9999.0 -9999.0 -9999.0 -9999.0 -9999.0 -9999.0
-9999.0 -9999.0 -745.134620 -557.209305 -401.188500 -214.739818 -61.712570 48.482596 128.754483 223.404361 317.682211 398.512031 444.134113 462.621569 444.347494 402.444764 375.342242 374.621587 364.425612 349.962475 325.314421 315.481174 305.109644 296.546120 283.034542 274.924250 268.255227 255.325725 230.401961 180.800752 126.581166 73.042338 17.592999 -8.611529 -31.296025 -54.247838 -57.741676 -60.107475 -53.614927 -52.490973 -46.991036 -35.178105 -14.518548 6.951292 16.448544 23.863522 36.529190 60.411755 93.912706 135.707455 189.245465 246.598962 286.719107 300.684110 293.276351 301.972198 327.801266 378.352638 473.940240 569.660465 665.803752 738.365484 809.967552 859.771143 875.813525 895.364866 906.258876 820.179770 509.945519 682.672654 -9999.0 -9999.0 -9999.0 -9999.0 -9999.0 -9999.0 -9999.0 -9999.0 -9999.0 -9999.0
-9999.0 -9999.0 -9999.0 -9999.0 -701.266097 -543.716418 -448.667982 -364.930854 -241.808002 -130.675290 -36.783277 41.464552 96.744809 121.239703 111.035979 106.678377 98.537662 94.133283 85.091066 80.050971 74.833013 66.752608 54.642004 46.772501 45.905906 49.174905 46.543745 32.782109 15.822080 -11.299376 -35.379003 -71.009818 -108.308587 -137.771485 -151.039695 -157.904783 -157.831150 -163.608685 -154.231738 -147.754371 -132.861272 -117.462702 -93.478060 -65.061656 -52.291743 -37.995789 -28.219260 -7.327877 22.875023 75.850569 138.443944 194.927639 229.301504 233.105415 207.299772 191.872061 189.592189 219.854749 271.144427 347.381942 459.603858 542.564007 609.074033 656.792892 689.277376 733.407187 774.382169 790.114362 -9999.0 -9999.0 -9999.0 -9999.0 -9999.0 -9999.0 -9999.0 -9999.0 -9999.0 -9999.0 -9999.0 -9999.0
-9999.0 -9999.0 -9999.0 -9999.0 -9999.0 -9999.0 -755.437346 -659.267658 -572.583529 -447.396740 -330.776339 -237.156416 -161.665125 -135.455526 -116.598942 -93.761814 -97.995900 -115.189553 -132.165089 -115.484342 -105.435993 -110.612663 -138.540415 -139.997644 -136.454618 -127.459526 -128.980710 -135.327482 -160.372901 -152.017645 -153.386472 -176.679224 -202.930336 -217.375181 -229.036729 -219.139101 -218.406647 -231.080984 -228.910047 -202.720030 -182.916167 -169.480280 -147.039420 -113.905356 -81.919062 -67.538697 -66.521635 -60.284182 -18.935920 51.310799 121.645039 175.233268 206.088545 213.234980 184.519683 143.320530 121.812917 128.806402 164.474575 220.151929 301.066945 356.083465 391.575315 416.009436 446.212648 543.610808 -9999.0 -9999.0 -9999.0 -9999.0 -9999.0 -9999.0 -9999.0 -9999.0 -9999.0 -9999.0 -9999.0 -9999.0 -9999.0 -9999.0
-9999.0 -9999.0 -9999.0 -9999.0 -9999.0 -9999.0 -9999.0 -9999.0 -9999.0 -9999.0 -9999.0 -9999.0 -9999.0 -9999.0 -9999.0 -9999.0 -9999.0 -9999.0 -9999.0 -9999.0 -9999.0 -9999.0 -9999.0 -9999.0 -9999.0 -9999.0 -9999.0 -9999.0 -9999.0 -9999.0 -9999.0 -9999.0 -9999.0 -9999.0 -9999.0 -9999.0 -9999.0 -9999.0 -9999.0 -9999.0 -9999.0 -9999.0 -9999.0 -9999.0 -9999.0 -9999.0 -9999.0 -9999.0 -9999.0 -9999.0 -9999.0 -9999.0 -9999.0 -9999.0 -9999.0 -9999.0 -9999.0 -9999.0 -9999.0 -9999.0 -9999.0 -9999.0 -9999.0 -9999.0 -9999.0 -9999.0 -9999.0 -9999.0 -9999.0 -9999.0 -9999.0 -9999.0 -9999.0 -9999.0 -9999.0 -9999.0 -9999.0 -9999.0 -9999.0 -9999.0
-9999.0 -9999.0 -9999.0 -9999.0 -9999.0 -9999.0 -9999.0 -9999.0 -9999.0 -9999.0 -9999.0 -9999.0 -9999.0 -9999.0 -9999.0 -9999.0 -9999.0 -9999.0 -9999.0 -9999.0 -9999.0 -9999.0 -9999.0 -9999.0 -9999.0 -9999.0 -9999.0 -9999.0 -9999.0 -9999.0 -9999.0 -9999.0 -9999.0 -9999.0 -9999.0 -9999.0 -9999.0 -9999.0 -9999.0 -9999.0 -9999.0 -9999.0 -9999.0 -9999.0 -9999.0 -9999.0 -9999.0 -9999.0 -9999.0 -9999.0 -9999.0 -9999.0 -9999.0 -9999.0 -9999.0 -9999.0 -9999.0 -9999.0 -9999.0 -9999.0 -9999.0 -9999.0 -9999.0 -9999.0 -9999.0 -9999.0 -9999.0 -9999.0 -9999.0 -9999.0 -9999.0 -9999.0 -9999.0 -9999.0 -9999.0 -9999.0 -9999.0 -9999.0 -9999.0 -9999.0