Borden_/Borden1m_014/output_maps/psiliqL0012N0040.asc
ncols         80
nrows         18
xllcorner     620200.000000
yllcorner     5168000.000000
cellsize      1.000000
NODATA_value  -9999.0
-9999.0 -9999.0 -9999.0 -9999.0 -9999.0 -9999.0 -9999.0 -9999.0 -9999.0 -9999.0 -9999.0 -9999.0 -9999.0 -9999.0 -9999.0 -9999.0 -9999.0 -9999.0 -9999.0 -9999.0 -9999.0 -9999.0 -9999.0 -9999.0 -9999.0 -9999.0 -9999.0 -9999.0 -9999.0 -9999.0 -9999.0 -9999.0 -9999.0 -9999.0 -9999.0 -9999.0 -9999.0 -9999.0 -9999.0 -9999.0 -9999.0 -9999.0 -9999.0 -9999.0 -9999.0 -9999.0 -9999.0 -9999.0 -9999.0 -9999.0 -9999.0 -9999.0 -9999.0 -9999.0 -9999.0 -9999.0 -9999.0 -9999.0 -9999.0 -9999.0 -9999.0 -9999.0 -9999.0 -9999.0 -9999.0 -9999.0 -9999.0 -9999.0 -9999.0 -9999.0 -9999.0 -9999.0 -9999.0 -9999.0 -9999.0 -9999.0 -9999.0 -9999.0 -9999.0 -9999.0
-9999.0 -9999.0 -9999.0 -9999.0 -9999.0 -9999.0 -9999.0 -9999.0 -9999.0 -9999.0 -9999.0 -9999.0 -9999.0 -9999.0 -9999.0 -9999.0 -9999.0 -9999.0 -9999.0 -9999.0 -9999.0 -9999.0 -9999.0 -9999.0 -9999.0 -9999.0 -9999.0 -9999.0 -9999.0 -9999.0 -9999.0 -9999.0 -9999.0 -9999.0 -9999.0 -9999.0 -9999.0 -9999.0 -9999.0 -9999.0 -9999.0 -9999.0 -9999.0 -9999.0 -9999.0 -9999.0 -9999.0 -9999.0 -9999.0 -9999.0 -9999.0 -9999.0 -9999.0 -9999.0 -9999.0 -9999.0 -9999.0 -9999.0 -9999.0 -9999.0 -9999.0 -9999.0 -9999.0 -9999.0 -9999.0 -9999.0 -9999.0 -9999.0 -9999.0 -9999.0 -9999.0 -9999.0 -9999.0 -9999.0 -9999.0 -9999.0 -9999.0 -9999.0 -9999.0 -9999.0
-9999.0 -9999.0 -9999.0 -9999.0 -9999.0 -9999.0 -9999.0 -9999.0 -9999.0 -9999.0 -9999.0 -9999.0 -9999.0 -9999.0 -9999.0 -9999.0 -9999.0 -9999.0 -9999.0 -9999.0 543.987565 547.011745 525.274964 492.230010 465.023476 468.155552 504.014697 546.501954 586.158264 597.600728 580.797045 583.987549 580.348146 580.622554 584.336878 591.775127 596.293102 608.552223 618.172388 619.085535 614.130520 609.725115 610.178032 613.617429 618.550470 607.522192 620.199197 634.223981 638.379672 631.271777 601.892714 584.165105 573.597212 556.714218 579.574994 590.197650 611.775616 614.836732 612.214786 584.239526 553.531538 -9999.0 -9999.0 -9999.0 -9999.0 -9999.0 -9999.0 -9999.0 -9999.0 -9999.0 -9999.0 -9999.0 -9999.0 -9999.0 -9999.0 -9999.0 -9999.0 -9999.0 -9999.0 -9999.0
-9999.0 -9999.0 -9999.0 -9999.0 -9999.0 -9999.0 -9999.0 -9999.0 -9999.0 -9999.0 -9999.0 -9999.0 -9999.0 -9999.0 451.320673 442.096995 440.053766 449.408771 483.941713 514.808325 527.392845 520.607622 521.532466 499.027380 479.763641 495.117249 526.266197 559.620602 596.004515 618.111544 607.698579 606.591875 618.006886 645.692298 660.729265 659.212444 639.925106 664.278376 681.982471 692.835677 694.053397 686.960430 701.397694 717.634400 710.388076 691.926746 694.831556 705.042307 716.126522 699.231479 631.960094 609.114149 602.663253 593.673595 577.737253 569.456506 593.066399 592.099036 582.510564 563.292725 529.738082 484.981844 465.874437 503.544430 546.739022 603.638906 -9999.0 -9999.0 -9999.0 -9999.0 -9999.0 -9999.0 -9999.0 -9999.0 -9999.0 -9999.0 -9999.0 -9999.0 -9999.0 -9999.0
-9999.0 -9999.0 -9999.0 -9999.0 -9999.0 -9999.0 -9999.0 -9999.0 -9999.0 391.638621 396.383842 404.382800 407.402086 423.907585 422.470769 430.479684 438.959270 466.823823 499.150059 535.544574 565.595514 557.636796 559.605458 572.111872 578.618794 593.039185 616.924186 660.479461 704.458028 748.634694 722.109832 721.562874 742.770467 793.290601 830.523940 839.880717 822.428636 831.064633 859.181908 885.671887 889.055602 889.262992 914.880979 928.666733 930.616151 909.515702 892.134502 888.773512 910.925714 856.311858 785.990166 730.140309 729.444698 695.586240 653.141533 629.141499 623.913558 642.905061 625.685833 586.279175 548.019685 535.956557 517.426626 532.896172 554.031525 599.495325 637.255653 664.804384 663.606015 645.407478 -9999.0 -9999.0 -9999.0 -9999.0 -9999.0 -9999.0 -9999.0 -9999.0 -9999.0 -9999.0
-9999.0 -9999.0 -9999.0 -9999.0 -9999.0 -9999.0 311.725284 321.496459 342.271653 348.007914 373.894048 382.410197 404.161261 424.738891 447.345506 465.704240 497.963046 532.715144 576.071875 622.249312 657.378447 655.388103 668.574126 703.310966 746.858224 780.315428 808.852027 852.961298 933.126008 979.223280 990.815793 997.125455 1007.631354 1055.863781 1119.753878 1136.024994 1117.172550 1104.217517 1125.955077 1165.110265 1177.953300 1181.969783 1191.995722 1200.995982 1225.914717 1215.279723 1170.749450 1151.581869 1145.094016 1128.041001 1067.319660 1002.090003 962.856358 910.765293 825.016710 764.283139 764.813126 779.004999 745.592980 687.929849 642.591626 628.738204 611.127176 595.129633 598.857044 616.136585 637.028490 646.600640 632.292675 610.128027 586.127575 556.562516 557.779430 582.728805 -9999.0 -9999.0 -9999.0 -9999.0 -9999.0 -9999.0
-9999.0 -9999.0 -9999.0 -9999.0 261.117490 274.310708 263.017047 288.345653 321.737343 356.709707 390.303108 429.160804 458.367313 490.555489 534.027362 573.242316 619.846386 658.953175 717.680182 791.031450 847.939242 877.581313 897.291262 958.445706 1020.704119 1074.160877 1096.507775 1126.058213 1171.292783 1235.780782 1264.965805 1272.066472 1289.262735 1322.087337 1366.545096 1398.510650 1383.335564 1378.009285 1384.705662 1397.488438 1423.782642 1426.724390 1429.124563 1430.998481 1434.332729 1432.730475 1407.432794 1373.035314 1358.142791 1347.690742 1319.046334 1250.899355 1205.339848 1173.283195 1140.612527 1088.418850 1020.035736 999.164045 940.379325 880.640458 811.555320 783.355207 747.830669 717.962702 684.218907 681.593241 681.081452 657.734306 623.617777 589.633698 573.301587 553.661015 542.391130 571.904773 589.200860 619.597816 -9999.0 -9999.0 -9999.0 -9999.0
-9999.0 -9999.0 201.446554 251.035717 308.192943 317.855890 320.274785 327.352114 356.938057 410.503782 489.981392 544.999543 592.255762 628.651311 692.908033 780.316326 860.830495 913.539776 974.366534 1044.366336 1108.123732 1145.300908 1167.886274 1208.074365 1260.143527 1318.485294 1344.346780 1370.743766 1401.831612 1435.576320 1452.084351 1466.748684 1474.130018 1474.508258 1477.953309 1478.169194 1474.197434 1469.593208 1452.456001 1450.140334 1458.465266 1463.798027 1466.329395 1453.426371 1449.352674 1461.977845 1464.293084 1462.768703 1462.144297 1469.027211 1473.740214 1436.891159 1393.616802 1377.578399 1367.302346 1323.443638 1258.472998 1212.139169 1188.006662 1145.042666 1065.547964 1010.361298 956.984801 904.220809 846.808331 809.222687 756.544862 709.382523 659.194209 610.717312 585.503400 566.181383 563.032634 562.619329 578.257597 593.355267 608.440429 616.090325 -9999.0 -9999.0
-9999.0 99.806822 172.611304 300.006099 380.690908 427.200636 464.804243 493.360581 523.599265 548.714299 660.096251 762.726626 858.808636 897.395692 951.584302 1051.649010 1149.040241 1194.772125 1230.687266 1283.148588 1340.918695 1387.135445 1416.569993 1435.520417 1467.187063 1475.663553 1477.376331 1479.744083 1475.115773 1467.901042 1459.030653 1465.499136 1461.856228 1443.129534 1426.731317 1422.697593 1415.801669 1392.049756 1364.614845 1350.891076 1354.570628 1377.020947 1366.049994 1345.870301 1342.132783 1362.563362 1380.400819 1371.764884 1360.130404 1378.303068 1412.845096 1434.649751 1447.122379 1462.903243 1483.206157 1458.381081 1427.475290 1385.559443 1365.315287 1335.592328 1274.590386 1211.198409 1155.417388 1092.477482 1023.573663 951.913219 884.764020 818.671772 747.462161 703.427462 669.995473 617.631260 594.604700 595.222907 585.411048 582.011427 587.781247 593.935580 -9999.0 -9999.0
-9999.0 23.054882 166.293512 352.302806 502.081187 565.834795 678.269468 765.226169 798.916131 777.203009 889.931758 1111.844365 1207.107999 1223.631281 1292.164350 1375.408699 1403.243903 1434.148912 1454.427489 1459.315019 1463.832760 1472.113631 1470.859147 1465.470912 1451.626326 1443.957204 1442.633218 1438.996268 1420.085470 1399.942405 1381.896337 1377.374910 1358.625042 1315.986931 1281.297620 1262.672556 1245.187400 1223.803477 1190.439810 1164.618756 1151.523071 1168.961046 1160.919316 1143.666383 1139.847389 1162.188646 1194.403718 1189.466322 1196.066534 1218.678339 1260.112262 1302.132543 1325.892735 1355.859071 1393.108699 1436.836730 1453.838633 1474.579075 1478.958825 1457.799665 1413.196569 1361.259055 1324.992346 1258.557705 1182.576732 1100.938780 1033.700853 969.027593 898.015625 849.368598 800.264739 741.328389 684.192138 657.402913 616.474580 595.143694 -9999.0 -9999.0 -9999.0 -9999.0
-9999.0 -50.418623 139.615952 402.363858 674.597919 797.686693 1000.569812 1132.339853 1196.524329 1260.276851 1263.289773 1394.357188 1427.690567 1422.346609 1415.519941 1418.544377 1433.694850 1437.476945 1433.543456 1422.848988 1413.288933 1409.068913 1407.726043 1400.903737 1388.715396 1373.532682 1359.964032 1345.412011 1304.257002 1269.284992 1234.145738 1218.655390 1180.880422 1089.908717 1045.114289 1009.350415 953.615339 945.478065 936.679098 908.155063 889.095875 871.135197 891.130729 893.529714 895.244607 900.741546 919.455330 941.530436 984.913490 1021.835837 1067.604820 1121.409642 1156.637095 1200.782317 1249.382841 1308.213879 1341.456158 1372.154096 1418.386208 1458.150528 1480.527681 1469.508565 1439.180302 1391.706198 1318.224110 1244.995811 1189.801811 1112.282880 1044.788699 992.144633 949.106194 900.957152 836.536446 749.492216 705.196495 -9999.0 -9999.0 -9999.0 -9999.0 -9999.0
-9999.0 -219.677220 48.677982 341.755079 666.309608 990.623780 1113.155041 1252.110392 1325.592471 1283.218657 1281.474467 1306.735599 1348.023249 1356.737476 1337.653476 1329.678128 1320.015896 1319.856977 1331.388331 1302.759348 1271.383446 1257.487402 1256.719617 1245.034319 1222.209233 1204.712069 1191.354645 1170.031243 1120.170623 1068.570423 988.399380 959.739501 884.749343 822.121200 773.477845 721.962330 669.206824 666.380457 681.981394 665.913826 643.318560 624.691962 650.794355 667.628427 679.485498 669.372749 679.187069 715.841678 766.996537 813.458248 866.915312 924.460713 972.493174 1022.433392 1057.525971 1111.233774 1159.444319 1206.668961 1281.064006 1360.665786 1396.649066 1430.583103 1463.141679 1475.354243 1420.989140 1364.536169 1305.368675 1233.328032 1142.129438 1095.899078 1075.189610 1043.536258 992.204883 -9999.0 -9999.0 -9999.0 -9999.0 -9999.0 -9999.0 -9999.0
-9999.0 -349.709146 -124.602999 114.209681 407.634007 648.062861 836.992440 950.477969 1032.328723 1051.299485 1077.322760 1111.210788 1143.605421 1166.803781 1145.140639 1107.320608 1079.414164 1082.718084 1078.855296 1052.831379 1021.853990 1006.259883 1004.049218 996.765133 971.779136 956.160467 944.209696 920.189807 883.267385 825.049739 741.240218 668.588835 605.390157 569.701375 537.820472 503.497908 465.461747 475.116057 488.244132 483.881873 472.263857 468.511809 497.894729 516.713948 526.962071 514.922435 534.172198 561.756146 604.690620 648.918108 699.857564 757.458110 814.054140 847.182606 865.336732 895.975675 938.992669 995.763921 1083.604044 1178.913482 1254.744547 1304.274216 1353.937533 1383.610769 1392.488736 1400.480124 1368.077111 1272.991133 1136.183417 1136.889276 1141.720715 -9999.0 -9999.0 -9999.0 -9999.0 -9999.0 -9999.0 -9999.0 -9999.0 -9999.0
-9999.0 -9999.0 -360.353427 -176.025910 -26.545150 158.074579 310.644931 421.134880 504.989994 606.982044 705.745278 787.787588 832.629430 850.736339 834.738889 797.040464 772.201830 771.347626 760.720051 747.077682 723.813884 714.443206 703.741648 695.290935 683.143952 675.947927 669.578704 656.965293 632.840098 583.973540 531.262673 478.008041 422.989760 396.602669 373.770417 350.978514 347.961256 344.887490 350.981431 352.190544 358.145615 370.231934 390.718266 412.412847 422.082662 430.099497 442.877693 466.967279 500.726159 543.248497 597.615094 655.847444 696.679371 710.981560 703.527502 711.533161 735.929368 783.767628 872.395881 961.243062 1055.926793 1126.595629 1196.296838 1244.372154 1256.038400 1266.340444 1273.639704 1187.623575 819.770327 1054.184093 -9999.0 -9999.0 -9999.0 -9999.0 -9999.0 -9999.0 -9999.0 -9999.0 -9999.0 -9999.0
-9999.0 -9999.0 -9999.0 -9999.0 -319.043395 -161.703525 -65.415253 18.830143 144.395500 258.850686 355.312557 435.714452 493.584807 518.947385 510.847501 509.577904 502.373516 497.139024 487.576263 483.472737 479.250686 471.141293 458.202774 450.363924 449.919080 453.511788 450.654392 436.626104 419.048088 393.029996 369.728864 334.130240 296.945744 267.267149 253.753439 247.039595 246.837976 240.596060 249.684798 256.399359 271.375084 286.724453 310.659274 339.296850 352.446353 366.978106 376.877715 397.835880 428.360760 481.813006 545.141734 602.624383 638.080844 642.686218 617.863513 603.081546 601.152649 631.577396 681.550687 754.918698 861.843918 938.224386 998.888587 1043.862371 1073.280413 1112.617868 1151.360212 1169.163610 -9999.0 -9999.0 -9999.0 -9999.0 -9999.0 -9999.0 -9999.0 -9999.0 -9999.0 -9999.0 -9999.0 -9999.0
-9999.0 -9999.0 -9999.0 -9999.0 -9999.0 -9999.0 -368.946826 -270.267465 -184.777653 -55.003205 66.138946 162.513240 239.699923 267.856559 289.090423 313.016440 309.395653 291.711278 273.940649 290.975666 301.927173 296.345624 267.689685 266.416095 270.192290 278.762721 276.831055 270.222896 244.920344 253.869126 252.773444 229.197532 202.760466 188.258943 176.340249 185.961087 186.410982 173.387042 175.019089 201.339675 221.260237 234.610221 256.869655 290.053260 322.196283 336.909599 338.159492 344.532890 385.672332 456.146867 527.239563 581.837239 613.668050 621.564261 593.777433 553.486377 532.997495 540.898036 577.356173 633.197592 713.178011 766.185927 797.764618 817.110398 840.152796 929.136902 -9999.0 -9999.0 -9999.0 -9999.0 -9999.0 -9999.0 -9999.0 -9999.0 -9999.0 -9999.0 -9999.0 -9999.0 -9999.0 -9999.0
-9999.0 -9999.0 -9999.0 -9999.0 -9999.0 -9999.0 -9999.0 -9999.0 -9999.0 -9999.0 -9999.0 -9999.0 -9999.0 -9999.0 -9999.0 -9999.0 -9999.0 -9999.0 -9999.0 -9999.0 -9999.0 -9999.0 -9999.0 -9999.0 -9999.0 -9999.0 -9999.0 -9999.0 -9999.0 -9999.0 -9999.0 -9999.0 -9999.0 -9999.0 -9999.0 -9999.0 -9999.0 -9999.0 -9999.0 -9999.0 -9999.0 -9999.0 -9999.0 -9999.0 -9999.0 -9999.0 -9999.0 -9999.0 -9999.0 -9999.0 -9999.0 -9999.0 -9999.0 -9999.0 -9999.0 -9999.0 -9999.0 -9999.0 -9999.0 -9999.0 -9999.0 -9999.0 -9999.0 -9999.0 -9999.0 -9999.0 -9999.0 -9999.0 -9999.0 -9999.0 -9999.0 -9999.0 -9999.0 -9999.0 -9999.0 -9999.0 -9999.0 -9999.0 -9999.0 -9999.0
-9999.0 -9999.0 -9999.0 -9999.0 -9999.0 -9999.0 -9999.0 -9999.0 -9999.0 -9999.0 -9999.0 -9999.0 -9999.0 -9999.0 -9999.0 -9999.0 -9999.0 -9999.0 -9999.0 -9999.0 -9999.0 -9999.0 -9999.0 -9999.0 -9999.0 -9999.0 -9999.0 -9999.0 -9999.0 -9999.0 -9999.0 -9999.0 -9999.0 -9999.0 -9999.0 -9999.0 -9999.0 -9999.0 -9999.0 -9999.0 -9999.0 -9999.0 -9999.0 -9999.0 -9999.0 -9999.0 -9999.0 -9999.0 -9999.0 -9999.0 -9999.0 -9999.0 -9999.0 -9999.0 -9999.0 -9999.0 -9999.0 -9999.0 -9999.0 -9999.0 -9999.0 -9999.0 -9999.0 -9999.0 -9999.0 -9999.0 -9999.0 -9999.0 -9999.0 -9999.0 -9999.0 -9999.0 -9999.0 -9999.0 -9999.0 -9999.0 -9999.0 -9999.0 -9999.0 -9999.0