Borden_/Borden1m_014/output_maps/psiliqL0003N0001.asc
ncols         80
nrows         18
xllcorner     620200.000000
yllcorner     5168000.000000
cellsize      1.000000
NODATA_value  -9999.0
-9999.0 -9999.0 -9999.0 -9999.0 -9999.0 -9999.0 -9999.0 -9999.0 -9999.0 -9999.0 -9999.0 -9999.0 -9999.0 -9999.0 -9999.0 -9999.0 -9999.0 -9999.0 -9999.0 -9999.0 -9999.0 -9999.0 -9999.0 -9999.0 -9999.0 -9999.0 -9999.0 -9999.0 -9999.0 -9999.0 -9999.0 -9999.0 -9999.0 -9999.0 -9999.0 -9999.0 -9999.0 -9999.0 -9999.0 -9999.0 -9999.0 -9999.0 -9999.0 -9999.0 -9999.0 -9999.0 -9999.0 -9999.0 -9999.0 -9999.0 -9999.0 -9999.0 -9999.0 -9999.0 -9999.0 -9999.0 -9999.0 -9999.0 -9999.0 -9999.0 -9999.0 -9999.0 -9999.0 -9999.0 -9999.0 -9999.0 -9999.0 -9999.0 -9999.0 -9999.0 -9999.0 -9999.0 -9999.0 -9999.0 -9999.0 -9999.0 -9999.0 -9999.0 -9999.0 -9999.0
-9999.0 -9999.0 -9999.0 -9999.0 -9999.0 -9999.0 -9999.0 -9999.0 -9999.0 -9999.0 -9999.0 -9999.0 -9999.0 -9999.0 -9999.0 -9999.0 -9999.0 -9999.0 -9999.0 -9999.0 -9999.0 -9999.0 -9999.0 -9999.0 -9999.0 -9999.0 -9999.0 -9999.0 -9999.0 -9999.0 -9999.0 -9999.0 -9999.0 -9999.0 -9999.0 -9999.0 -9999.0 -9999.0 -9999.0 -9999.0 -9999.0 -9999.0 -9999.0 -9999.0 -9999.0 -9999.0 -9999.0 -9999.0 -9999.0 -9999.0 -9999.0 -9999.0 -9999.0 -9999.0 -9999.0 -9999.0 -9999.0 -9999.0 -9999.0 -9999.0 -9999.0 -9999.0 -9999.0 -9999.0 -9999.0 -9999.0 -9999.0 -9999.0 -9999.0 -9999.0 -9999.0 -9999.0 -9999.0 -9999.0 -9999.0 -9999.0 -9999.0 -9999.0 -9999.0 -9999.0
-9999.0 -9999.0 -9999.0 -9999.0 -9999.0 -9999.0 -9999.0 -9999.0 -9999.0 -9999.0 -9999.0 -9999.0 -9999.0 -9999.0 -9999.0 -9999.0 -9999.0 -9999.0 -9999.0 -9999.0 -923.834206 -920.627799 -943.716031 -977.799527 -1006.398450 -1005.067769 -970.748137 -930.793777 -894.365233 -884.083223 -902.205199 -901.657811 -907.309813 -907.209880 -904.196939 -898.918852 -897.152694 -885.743069 -877.439974 -877.618178 -883.687089 -889.588829 -891.715632 -888.060488 -883.349407 -890.884433 -877.844177 -862.685354 -855.758615 -860.492128 -887.060553 -902.476794 -909.721556 -923.059114 -898.452742 -885.186447 -861.844544 -856.983345 -857.416141 -883.764941 -913.265137 -9999.0 -9999.0 -9999.0 -9999.0 -9999.0 -9999.0 -9999.0 -9999.0 -9999.0 -9999.0 -9999.0 -9999.0 -9999.0 -9999.0 -9999.0 -9999.0 -9999.0 -9999.0 -9999.0
-9999.0 -9999.0 -9999.0 -9999.0 -9999.0 -9999.0 -9999.0 -9999.0 -9999.0 -9999.0 -9999.0 -9999.0 -9999.0 -9999.0 -1012.071441 -1022.782439 -1026.329454 -1018.257979 -985.160918 -956.082376 -943.616808 -951.626549 -952.191097 -975.940744 -996.110631 -982.674385 -954.654171 -924.626732 -892.011053 -872.251743 -885.653137 -888.931117 -878.643589 -851.025005 -836.403594 -839.406321 -860.984161 -839.382892 -823.560471 -814.020117 -815.192739 -823.756400 -808.960757 -792.983798 -799.496670 -816.644880 -814.110395 -802.936421 -787.725102 -802.241998 -865.389056 -886.140492 -887.839168 -893.412356 -905.322425 -911.313133 -886.584496 -884.559204 -891.981644 -908.957577 -939.970945 -983.035584 -999.954859 -961.607553 -916.763837 -858.358325 -9999.0 -9999.0 -9999.0 -9999.0 -9999.0 -9999.0 -9999.0 -9999.0 -9999.0 -9999.0 -9999.0 -9999.0 -9999.0 -9999.0
-9999.0 -9999.0 -9999.0 -9999.0 -9999.0 -9999.0 -9999.0 -9999.0 -9999.0 -1067.119319 -1064.338185 -1057.778548 -1056.741628 -1041.706057 -1043.565683 -1037.303179 -1029.489315 -1004.767863 -974.735749 -940.729437 -912.713535 -923.655556 -924.053710 -911.717951 -903.994492 -891.735298 -872.695469 -834.220994 -793.650604 -753.972629 -781.937347 -784.323599 -766.280273 -717.946886 -680.203851 -670.727969 -688.592256 -687.577026 -664.001185 -640.429964 -641.814799 -643.716357 -622.447310 -611.326196 -603.900555 -619.744163 -637.277035 -639.801206 -615.424437 -661.585821 -720.386219 -773.260613 -772.138545 -801.998965 -842.685144 -865.057710 -867.485135 -844.237033 -858.414724 -894.510129 -929.862723 -937.705287 -953.067912 -936.839616 -913.572148 -865.938265 -827.255176 -798.066138 -796.733002 -813.338770 -9999.0 -9999.0 -9999.0 -9999.0 -9999.0 -9999.0 -9999.0 -9999.0 -9999.0 -9999.0
-9999.0 -9999.0 -9999.0 -9999.0 -9999.0 -9999.0 -1144.514177 -1136.515116 -1117.654989 -1112.094830 -1089.022864 -1081.901932 -1062.093527 -1043.414508 -1024.324187 -1007.901898 -977.596111 -946.531553 -906.250665 -863.426006 -832.535308 -837.144105 -828.260180 -794.818205 -751.873339 -720.073589 -698.965975 -665.376720 -597.364551 -560.600455 -547.357265 -542.704017 -533.962393 -487.426661 -420.417058 -400.293464 -422.750402 -440.846174 -424.467742 -388.975486 -380.196965 -380.608063 -374.822675 -366.107082 -331.088144 -337.313522 -384.153069 -404.829076 -412.759337 -420.128710 -472.828830 -536.219894 -572.995868 -612.502927 -682.756228 -738.711242 -741.290653 -725.947653 -754.632068 -804.766165 -845.733215 -855.076360 -868.253671 -881.839423 -876.126964 -855.989509 -831.409869 -819.038541 -830.087626 -849.317989 -871.619584 -899.576412 -897.435635 -871.536498 -9999.0 -9999.0 -9999.0 -9999.0 -9999.0 -9999.0
-9999.0 -9999.0 -9999.0 -9999.0 -1193.537393 -1181.768726 -1193.254091 -1171.015823 -1140.072815 -1108.164693 -1076.312899 -1039.659102 -1013.691131 -985.365221 -944.420139 -906.275175 -864.159884 -831.925376 -779.804717 -714.229048 -665.632409 -641.412853 -630.347904 -577.336312 -520.389450 -467.565434 -449.307304 -426.085395 -391.062040 -321.434696 -276.615660 -258.494638 -123.931051 30.471033 36.067980 39.008256 37.339803 36.998470 37.487775 38.032355 39.985574 39.645624 39.720109 39.890210 40.320819 40.551163 38.810027 36.273215 35.497561 34.707884 28.876814 -293.377471 -356.762830 -382.181956 -400.160726 -447.561188 -522.624313 -543.987470 -590.788427 -636.449339 -697.179945 -720.646353 -749.968880 -773.372514 -802.299807 -800.533828 -796.388590 -814.170765 -842.328546 -872.680702 -886.455938 -904.053765 -913.022567 -882.728764 -864.507330 -832.818090 -9999.0 -9999.0 -9999.0 -9999.0
-9999.0 -9999.0 -1250.388852 -1200.152975 -1145.491329 -1137.444361 -1134.668310 -1130.607553 -1105.209070 -1056.445093 -978.141761 -926.268649 -882.239066 -855.012109 -798.399056 -717.409636 -649.895929 -610.069368 -561.896427 -501.153557 -441.999102 -408.369419 -392.869183 -355.487019 -281.212388 28.701148 34.373360 36.261794 38.112784 40.272439 42.465668 44.363145 48.550313 48.585745 48.763241 48.486135 48.511198 48.409740 46.824862 46.674812 47.428344 47.456113 49.347267 46.505226 46.008382 47.560953 47.990766 48.165634 48.216936 48.647385 50.444507 42.182183 37.191285 36.523211 36.188498 29.003419 -286.312818 -354.145523 -369.543177 -405.777992 -479.103012 -531.123612 -576.267824 -618.944935 -664.912643 -693.160641 -735.095712 -771.565478 -813.024205 -855.280044 -876.810883 -893.943869 -894.919587 -893.023727 -876.332624 -859.954508 -844.045164 -835.971791 -9999.0 -9999.0
-9999.0 -1346.307871 -1273.921606 -1146.242819 -1068.836092 -1024.684531 -981.857547 -951.629747 -930.437240 -921.304858 -817.094525 -713.456923 -634.850459 -614.015611 -569.483149 -480.799567 -397.954474 -358.563117 -322.569608 -210.913116 30.791002 37.182553 38.836255 41.469740 46.941527 48.969970 49.318407 49.444668 48.018133 46.914055 45.422398 46.232324 46.236044 44.845189 40.402247 39.809434 39.643887 37.903663 35.925174 34.974980 35.219916 37.314984 36.243275 34.581826 34.254798 35.885966 37.353385 36.421368 35.105376 36.297547 39.044709 41.571763 46.221463 47.693473 51.328342 46.967801 40.647927 36.782354 35.614352 30.446945 -245.359100 -353.629870 -408.062887 -462.860213 -520.193806 -578.945643 -628.068791 -675.788821 -732.249378 -765.889662 -793.434943 -843.135874 -865.304964 -862.313168 -870.731583 -872.338020 -864.932271 -858.171671 -9999.0 -9999.0
-9999.0 -1412.579084 -1268.973838 -1083.162946 -939.043910 -879.251632 -761.877277 -684.311126 -663.126218 -683.269209 -593.888177 -391.363484 -309.446546 -304.961167 27.478899 37.591821 40.200176 42.121252 45.559926 44.566355 46.981912 49.113294 47.327954 46.128466 44.914447 44.920497 45.317797 45.296728 43.542639 38.812297 36.869375 36.789726 35.391272 28.652965 -244.671219 -279.563988 -291.277183 -322.124216 -366.929534 -394.560725 -404.916574 -377.858243 -392.092079 -415.539271 -420.871991 -394.395687 -356.591218 -370.624793 -373.026708 -350.756614 -296.343102 -185.116350 29.415282 34.438145 37.472020 44.003568 46.429263 48.708381 50.539930 46.469886 40.043419 35.073215 29.270970 -283.346332 -377.232121 -447.625719 -494.074894 -537.836105 -589.184639 -627.052890 -669.767140 -722.310248 -776.820728 -802.029168 -839.576421 -860.392870 -9999.0 -9999.0 -9999.0 -9999.0
-9999.0 -1470.372310 -1277.357113 -1008.931893 -764.910701 -644.935368 -470.693602 -349.807312 -271.777994 28.860329 34.570800 42.179566 43.993138 42.531904 44.875976 44.843226 45.531644 45.286818 44.451041 43.545243 39.909633 39.145255 39.070547 38.460227 37.624801 36.660411 35.795814 34.627000 25.725962 -270.555394 -321.459547 -334.636239 -367.742294 -460.925188 -501.239813 -527.008907 -570.561240 -576.203417 -587.808099 -613.899507 -628.975532 -639.545480 -625.168474 -628.226731 -629.381625 -621.380962 -602.390309 -590.472739 -558.352987 -529.952003 -491.512874 -446.545726 -418.923044 -376.034053 -316.707769 -4.555925 32.706687 35.745557 40.192095 46.360280 50.222330 48.188552 45.114726 38.574334 29.478178 -265.905799 -318.275796 -377.509362 -425.474264 -473.695360 -520.592244 -572.964091 -632.170588 -713.517338 -751.852332 -9999.0 -9999.0 -9999.0 -9999.0 -9999.0
-9999.0 -1610.145857 -1342.403979 -1042.432770 -710.441428 -419.771892 -349.617109 14.481365 34.855594 32.900056 31.760067 32.790812 35.805409 36.277393 34.889340 34.601336 33.622726 33.350306 34.437915 28.354084 -245.664392 -278.376782 -278.532925 -300.638328 -333.385182 -354.884223 -368.065380 -385.703303 -433.522930 -477.677344 -548.003613 -561.981165 -621.459751 -681.536776 -722.766302 -765.422222 -813.461385 -815.080006 -800.721424 -817.151160 -838.104977 -856.268329 -832.607758 -819.183678 -809.594818 -818.549361 -810.871170 -779.496964 -735.773974 -699.224388 -656.905847 -611.645011 -576.309837 -534.260641 -503.646923 -453.798154 -411.138710 -365.185056 -241.841427 31.967689 37.678242 42.889278 47.564383 51.169034 45.540900 38.980799 36.242453 33.672619 16.922487 -293.542129 -358.007212 -423.230758 -487.175410 -9999.0 -9999.0 -9999.0 -9999.0 -9999.0 -9999.0 -9999.0
-9999.0 -1748.271967 -1508.372882 -1249.678330 -945.144396 -724.731418 -589.345977 -497.000103 -432.665190 -445.523937 -437.368122 -414.386734 -383.914621 -362.791675 -393.095154 -431.869235 -460.061146 -456.922484 -455.968672 -482.521388 -512.163486 -526.613381 -526.212745 -532.555554 -556.511643 -570.414571 -579.120807 -597.874289 -629.191926 -675.684497 -750.454073 -809.964339 -867.234226 -902.183635 -931.356289 -963.592314 -1003.025950 -992.392388 -977.137127 -982.330976 -995.587221 -1001.029153 -971.916476 -954.507831 -944.898718 -958.987792 -941.647027 -915.703924 -875.659539 -837.225517 -793.985102 -745.808638 -699.755380 -674.284411 -661.468127 -635.924139 -601.037032 -554.501479 -476.550347 -386.330479 -303.352287 -50.982908 33.485985 37.861922 40.467149 47.068059 48.306626 43.233108 37.754976 34.821396 32.879746 -9999.0 -9999.0 -9999.0 -9999.0 -9999.0 -9999.0 -9999.0 -9999.0 -9999.0
-9999.0 -9999.0 -1747.136103 -1548.506009 -1375.351834 -1188.332477 -1044.491346 -948.621820 -889.211704 -817.809148 -742.296769 -680.230998 -647.469421 -634.345445 -652.115176 -691.163906 -716.656389 -715.846206 -723.337473 -737.194286 -761.015838 -769.351707 -776.689035 -783.080584 -796.452631 -803.720272 -808.257172 -817.923848 -838.968843 -883.432911 -936.234798 -987.230023 -1041.013637 -1065.306755 -1087.002786 -1110.071830 -1114.815407 -1115.518784 -1108.245465 -1107.377090 -1103.098774 -1092.159493 -1071.451935 -1050.939761 -1042.035426 -1036.225608 -1024.028278 -1001.062650 -968.819703 -929.874390 -880.295204 -828.223770 -793.727229 -784.388609 -795.032324 -790.440398 -770.592472 -730.976871 -653.498283 -579.250284 -501.863223 -442.129688 -367.697331 -294.133305 -222.984727 29.116944 36.845888 40.507490 26.698007 36.671539 -9999.0 -9999.0 -9999.0 -9999.0 -9999.0 -9999.0 -9999.0 -9999.0 -9999.0 -9999.0
-9999.0 -9999.0 -9999.0 -9999.0 -1691.052184 -1531.901887 -1439.862740 -1358.812376 -1244.925186 -1146.040343 -1061.859230 -993.119962 -947.963275 -927.220369 -941.579816 -951.970409 -961.425698 -963.468885 -970.937892 -978.187538 -985.424811 -992.794163 -1001.959092 -1009.216656 -1010.588730 -1007.839693 -1009.472505 -1021.748406 -1036.064046 -1064.997152 -1090.449218 -1125.635529 -1162.872964 -1191.758869 -1204.651782 -1212.280873 -1211.883832 -1216.689462 -1206.917783 -1201.319798 -1186.903132 -1171.592681 -1147.748065 -1120.181868 -1108.487129 -1094.810983 -1085.281720 -1064.599114 -1035.461776 -984.231482 -924.148517 -871.105695 -840.364846 -839.032247 -867.206896 -884.687149 -889.468114 -864.262422 -820.655458 -757.438828 -667.355622 -605.959987 -550.470080 -502.671446 -465.288158 -405.754483 -298.264729 32.833521 -9999.0 -9999.0 -9999.0 -9999.0 -9999.0 -9999.0 -9999.0 -9999.0 -9999.0 -9999.0 -9999.0 -9999.0
-9999.0 -9999.0 -9999.0 -9999.0 -9999.0 -9999.0 -1753.051286 -1661.133625 -1569.688350 -1457.611411 -1355.381320 -1270.526188 -1201.546118 -1180.860090 -1168.332741 -1148.658257 -1154.409231 -1170.061986 -1184.776985 -1169.694915 -1162.479886 -1166.578192 -1191.967901 -1193.899419 -1191.251173 -1181.644518 -1182.395286 -1188.244391 -1212.527298 -1206.471652 -1209.180090 -1231.891191 -1257.732530 -1272.377279 -1283.807422 -1273.890440 -1272.884521 -1284.814052 -1281.537748 -1256.216419 -1237.102796 -1223.684282 -1201.051266 -1168.332704 -1136.921271 -1123.375826 -1122.743316 -1116.647745 -1074.918726 -1005.855552 -937.928177 -887.327280 -859.212705 -853.842528 -884.153151 -926.773591 -950.452271 -946.403608 -915.510282 -866.894844 -797.083467 -754.792803 -727.704475 -707.731722 -682.882232 -598.867031 -9999.0 -9999.0 -9999.0 -9999.0 -9999.0 -9999.0 -9999.0 -9999.0 -9999.0 -9999.0 -9999.0 -9999.0 -9999.0 -9999.0
-9999.0 -9999.0 -9999.0 -9999.0 -9999.0 -9999.0 -9999.0 -9999.0 -9999.0 -9999.0 -9999.0 -9999.0 -9999.0 -9999.0 -9999.0 -9999.0 -9999.0 -9999.0 -9999.0 -9999.0 -9999.0 -9999.0 -9999.0 -9999.0 -9999.0 -9999.0 -9999.0 -9999.0 -9999.0 -9999.0 -9999.0 -9999.0 -9999.0 -9999.0 -9999.0 -9999.0 -9999.0 -9999.0 -9999.0 -9999.0 -9999.0 -9999.0 -9999.0 -9999.0 -9999.0 -9999.0 -9999.0 -9999.0 -9999.0 -9999.0 -9999.0 -9999.0 -9999.0 -9999.0 -9999.0 -9999.0 -9999.0 -9999.0 -9999.0 -9999.0 -9999.0 -9999.0 -9999.0 -9999.0 -9999.0 -9999.0 -9999.0 -9999.0 -9999.0 -9999.0 -9999.0 -9999.0 -9999.0 -9999.0 -9999.0 -9999.0 -9999.0 -9999.0 -9999.0 -9999.0
-9999.0 -9999.0 -9999.0 -9999.0 -9999.0 -9999.0 -9999.0 -9999.0 -9999.0 -9999.0 -9999.0 -9999.0 -9999.0 -9999.0 -9999.0 -9999.0 -9999.0 -9999.0 -9999.0 -9999.0 -9999.0 -9999.0 -9999.0 -9999.0 -9999.0 -9999.0 -9999.0 -9999.0 -9999.0 -9999.0 -9999.0 -9999.0 -9999.0 -9999.0 -9999.0 -9999.0 -9999.0 -9999.0 -9999.0 -9999.0 -9999.0 -9999.0 -9999.0 -9999.0 -9999.0 -9999.0 -9999.0 -9999.0 -9999.0 -9999.0 -9999.0 -9999.0 -9999.0 -9999.0 -9999.0 -9999.0 -9999.0 -9999.0 -9999.0 -9999.0 -9999.0 -9999.0 -9999.0 -9999.0 -9999.0 -9999.0 -9999.0 -9999.0 -9999.0 -9999.0 -9999.0 -9999.0 -9999.0 -9999.0 -9999.0 -9999.0 -9999.0 -9999.0 -9999.0 -9999.0