Borden_/Borden1m_014/output_maps/psiliqL0011N0024.asc
ncols         80
nrows         18
xllcorner     620200.000000
yllcorner     5168000.000000
cellsize      1.000000
NODATA_value  -9999.0
-9999.0 -9999.0 -9999.0 -9999.0 -9999.0 -9999.0 -9999.0 -9999.0 -9999.0 -9999.0 -9999.0 -9999.0 -9999.0 -9999.0 -9999.0 -9999.0 -9999.0 -9999.0 -9999.0 -9999.0 -9999.0 -9999.0 -9999.0 -9999.0 -9999.0 -9999.0 -9999.0 -9999.0 -9999.0 -9999.0 -9999.0 -9999.0 -9999.0 -9999.0 -9999.0 -9999.0 -9999.0 -9999.0 -9999.0 -9999.0 -9999.0 -9999.0 -9999.0 -9999.0 -9999.0 -9999.0 -9999.0 -9999.0 -9999.0 -9999.0 -9999.0 -9999.0 -9999.0 -9999.0 -9999.0 -9999.0 -9999.0 -9999.0 -9999.0 -9999.0 -9999.0 -9999.0 -9999.0 -9999.0 -9999.0 -9999.0 -9999.0 -9999.0 -9999.0 -9999.0 -9999.0 -9999.0 -9999.0 -9999.0 -9999.0 -9999.0 -9999.0 -9999.0 -9999.0 -9999.0
-9999.0 -9999.0 -9999.0 -9999.0 -9999.0 -9999.0 -9999.0 -9999.0 -9999.0 -9999.0 -9999.0 -9999.0 -9999.0 -9999.0 -9999.0 -9999.0 -9999.0 -9999.0 -9999.0 -9999.0 -9999.0 -9999.0 -9999.0 -9999.0 -9999.0 -9999.0 -9999.0 -9999.0 -9999.0 -9999.0 -9999.0 -9999.0 -9999.0 -9999.0 -9999.0 -9999.0 -9999.0 -9999.0 -9999.0 -9999.0 -9999.0 -9999.0 -9999.0 -9999.0 -9999.0 -9999.0 -9999.0 -9999.0 -9999.0 -9999.0 -9999.0 -9999.0 -9999.0 -9999.0 -9999.0 -9999.0 -9999.0 -9999.0 -9999.0 -9999.0 -9999.0 -9999.0 -9999.0 -9999.0 -9999.0 -9999.0 -9999.0 -9999.0 -9999.0 -9999.0 -9999.0 -9999.0 -9999.0 -9999.0 -9999.0 -9999.0 -9999.0 -9999.0 -9999.0 -9999.0
-9999.0 -9999.0 -9999.0 -9999.0 -9999.0 -9999.0 -9999.0 -9999.0 -9999.0 -9999.0 -9999.0 -9999.0 -9999.0 -9999.0 -9999.0 -9999.0 -9999.0 -9999.0 -9999.0 -9999.0 338.825921 341.826125 319.820826 286.485257 258.867938 261.583961 297.120336 339.099435 378.184637 389.391812 372.350102 375.116581 371.059517 371.059978 374.359753 381.161934 384.863199 396.505731 405.386396 405.617366 400.067152 395.187436 395.231484 398.784039 403.825146 393.389831 406.366829 420.971184 426.076196 419.873455 391.510002 374.658921 364.937968 348.831556 372.208809 383.471385 405.543864 409.055891 406.916835 379.331734 348.917142 -9999.0 -9999.0 -9999.0 -9999.0 -9999.0 -9999.0 -9999.0 -9999.0 -9999.0 -9999.0 -9999.0 -9999.0 -9999.0 -9999.0 -9999.0 -9999.0 -9999.0 -9999.0 -9999.0
-9999.0 -9999.0 -9999.0 -9999.0 -9999.0 -9999.0 -9999.0 -9999.0 -9999.0 -9999.0 -9999.0 -9999.0 -9999.0 -9999.0 246.888119 237.328027 234.911755 243.963900 278.250041 308.813643 321.390076 314.359489 315.005247 292.235683 272.687302 287.613196 318.131229 350.858035 386.796522 408.757751 398.072503 396.764530 408.024683 435.509787 450.206030 448.195122 427.875791 451.165846 467.926778 478.073691 478.505559 471.020257 485.933380 502.658609 495.761851 477.175393 479.863404 490.626189 503.157272 486.885940 420.755495 398.752123 393.126386 384.622034 369.361317 361.694551 385.747894 385.396076 376.267151 357.530941 324.514996 280.111517 261.479127 299.515391 343.131387 400.362533 -9999.0 -9999.0 -9999.0 -9999.0 -9999.0 -9999.0 -9999.0 -9999.0 -9999.0 -9999.0 -9999.0 -9999.0 -9999.0 -9999.0
-9999.0 -9999.0 -9999.0 -9999.0 -9999.0 -9999.0 -9999.0 -9999.0 -9999.0 188.378255 192.684310 200.247892 202.742515 218.858703 217.267616 224.860913 233.064745 260.399369 292.346397 328.264210 357.848717 349.347501 351.046330 363.814635 370.670912 384.647975 407.611386 450.682938 495.743374 540.928464 515.242467 515.229138 536.617391 586.833957 624.286061 634.201876 614.755898 620.923469 647.802406 674.281963 677.266519 677.595364 705.154047 720.779706 724.197674 701.529130 681.463773 678.208793 702.765411 647.443204 578.617964 523.451082 521.753552 486.727085 443.439798 419.808035 415.256384 434.905634 417.974805 378.961640 341.280534 330.066565 312.220233 328.034616 349.695836 395.698413 433.840421 461.858883 461.278100 443.524300 -9999.0 -9999.0 -9999.0 -9999.0 -9999.0 -9999.0 -9999.0 -9999.0 -9999.0 -9999.0
-9999.0 -9999.0 -9999.0 -9999.0 -9999.0 -9999.0 109.273249 118.611172 138.854333 144.309878 169.512342 177.498035 198.673045 218.753011 240.693017 258.547359 290.357377 324.630763 367.712350 413.362454 447.722622 445.508357 459.072195 495.931697 541.246043 574.738396 602.142083 646.660582 732.932181 784.367525 799.875649 808.388100 820.243041 867.104404 930.585315 950.289686 926.034590 909.422497 928.321146 966.284235 981.569540 985.970848 996.184825 1005.666366 1030.698803 1019.219083 971.479799 951.598136 946.161261 931.610400 875.056441 811.790327 767.427370 709.491461 619.671550 558.911373 559.341337 572.915994 538.306742 480.024197 434.788022 421.707454 404.771189 389.113759 393.279750 411.273303 433.065915 443.430707 429.955664 408.511476 385.060973 355.839277 357.188139 382.225244 -9999.0 -9999.0 -9999.0 -9999.0 -9999.0 -9999.0
-9999.0 -9999.0 -9999.0 -9999.0 59.203217 72.017163 60.412082 84.984208 117.634484 151.757148 184.688470 222.814025 251.228509 282.752955 325.884901 364.791361 410.940612 450.451655 510.378372 583.714046 640.093945 670.983411 694.202609 763.107131 830.000464 882.987995 903.414534 931.816340 978.287049 1046.480585 1077.427887 1085.766851 1103.364526 1135.700480 1179.976206 1212.994471 1195.433641 1187.625368 1192.006307 1203.317362 1229.456222 1232.111183 1234.538764 1236.450354 1239.609072 1237.896854 1212.248694 1178.058507 1164.114000 1155.263907 1128.803446 1062.456414 1013.285865 978.752997 946.671360 897.697848 831.470993 808.257116 743.815751 678.273206 606.787930 578.519560 542.495502 511.822036 477.817440 475.713767 476.164768 454.126223 421.323097 388.143174 372.318829 352.968610 341.930145 371.421044 388.735904 419.225480 -9999.0 -9999.0 -9999.0 -9999.0
-9999.0 -9999.0 0.226148 49.817483 106.415998 115.548740 117.615569 123.695223 152.063245 204.468528 283.539751 337.752001 384.583553 420.544815 485.550594 573.461686 655.178342 713.006588 780.247041 851.843976 913.939777 951.258322 977.927533 1020.098709 1072.821980 1130.386019 1154.856111 1180.700384 1211.378463 1245.312253 1263.871246 1279.258835 1286.715629 1286.804462 1290.281957 1290.673663 1286.092463 1279.658726 1260.912174 1257.447749 1264.830086 1268.957029 1271.736625 1259.337265 1255.421382 1267.803374 1269.925665 1269.153863 1269.789284 1277.660324 1283.833409 1248.454874 1202.920064 1186.489895 1176.660320 1134.844819 1072.359377 1023.613832 996.938042 953.010766 875.508838 821.282792 764.099207 705.032093 643.688318 604.780719 552.213418 506.432132 457.675230 410.030989 385.134798 365.804429 362.597613 362.181637 377.746858 392.888486 408.005278 415.671597 -9999.0 -9999.0
-9999.0 -100.542323 -27.902218 99.427448 179.400261 225.388009 263.652893 291.741194 319.933375 342.433114 454.179433 558.738781 655.814440 697.030890 757.482115 859.616419 957.832950 1004.849789 1042.452088 1095.217644 1151.737902 1197.291364 1227.037323 1248.886425 1280.031918 1286.760541 1287.663038 1289.464545 1284.483424 1277.449804 1268.405192 1275.151483 1272.220364 1254.768167 1240.076594 1237.097646 1230.247847 1203.541814 1173.620335 1158.081628 1160.191179 1180.366896 1170.061717 1150.997838 1147.563211 1167.469231 1185.128770 1178.385493 1168.652750 1187.524655 1222.230574 1244.260517 1257.490065 1273.044902 1293.477145 1269.515115 1238.908330 1197.363612 1176.594341 1146.960785 1086.165096 1023.425417 967.853829 904.935360 836.911489 762.333589 690.199159 622.614659 551.172902 506.622550 472.415322 418.995946 394.848461 394.870689 384.802791 381.457674 387.338208 393.528269 -9999.0 -9999.0
-9999.0 -175.963387 -32.741655 153.132161 302.111637 366.145599 481.721216 567.678482 599.953784 578.756678 697.511405 923.183761 1017.128865 1033.333360 1102.636441 1185.219384 1216.113438 1247.145185 1267.971698 1271.940528 1275.390161 1282.813409 1281.157830 1275.537285 1261.677046 1253.846136 1252.401732 1248.697803 1229.779833 1209.882121 1191.678644 1187.077729 1169.178592 1129.082608 1097.924091 1081.421302 1064.078890 1035.769671 997.213623 967.861466 952.634162 968.926877 960.739317 943.986584 940.599716 963.529050 997.228978 994.484589 1003.541064 1027.987310 1069.918532 1112.807536 1136.775624 1166.982965 1203.939972 1247.210676 1264.929984 1285.765670 1290.382839 1268.717476 1224.913260 1173.492099 1139.320459 1074.249381 1001.253414 922.410804 858.518498 796.657262 721.801363 666.293406 611.740670 548.563952 487.358824 457.502686 415.993241 394.497050 -9999.0 -9999.0 -9999.0 -9999.0
-9999.0 -247.417073 -56.975700 206.575008 475.772031 604.476259 813.782669 946.659763 1013.430375 1071.729994 1083.069077 1207.988268 1239.331681 1233.104256 1224.828574 1228.124477 1243.372073 1247.856849 1245.001444 1235.618492 1226.234771 1221.461012 1219.375290 1212.482956 1199.744745 1184.046994 1170.125732 1155.225274 1113.053627 1078.615520 1044.181764 1027.128575 988.376520 899.223829 857.779146 824.144437 766.300681 753.515830 739.509552 705.588354 682.980911 663.969193 683.994848 685.911551 687.770903 695.576645 718.270537 743.512186 790.960067 830.394037 875.542962 928.950562 965.085816 1010.686526 1059.733985 1119.080029 1152.273311 1183.493291 1228.998215 1269.074800 1292.068612 1282.392271 1253.455922 1208.657735 1140.145645 1071.756807 1023.891619 954.750853 889.478766 834.286834 785.796750 726.783963 649.682639 550.584882 504.573173 -9999.0 -9999.0 -9999.0 -9999.0 -9999.0
-9999.0 -412.867054 -144.404968 149.778318 477.541148 806.118339 929.488426 1076.204735 1150.100461 1101.569055 1092.045882 1116.660823 1157.680582 1164.932384 1146.215970 1139.794362 1131.247543 1132.016393 1145.230814 1119.330841 1087.264158 1072.785493 1071.174087 1058.323332 1033.655899 1014.309346 999.451035 977.106158 926.862496 877.100846 798.964722 767.447837 685.990487 618.471830 570.315766 519.946955 466.414752 462.358605 476.401200 458.607907 435.001626 415.799239 441.657823 458.098298 469.842343 460.441728 471.037918 508.289755 559.902248 606.266918 660.277134 721.773090 775.008514 829.540654 865.013914 918.082309 966.901797 1016.227945 1090.952219 1170.938290 1208.295702 1243.912996 1278.887914 1294.435793 1245.764808 1196.538678 1148.570553 1091.700772 1006.930834 956.687745 926.800601 882.823085 824.740048 -9999.0 -9999.0 -9999.0 -9999.0 -9999.0 -9999.0 -9999.0
-9999.0 -544.187295 -316.929960 -75.427822 220.340202 462.032713 654.875840 774.745173 858.317667 868.133830 887.422845 917.154763 947.590393 969.737297 948.646205 913.428871 887.833019 892.417561 890.813896 867.424908 838.221627 823.348553 820.899451 811.903096 783.259308 764.427407 749.842801 722.327641 680.908284 620.906360 537.342668 464.992426 400.423689 363.875147 332.509776 298.638548 260.130657 269.712085 282.864800 278.002929 265.838589 261.680422 291.034897 309.668110 319.865651 307.651077 326.830219 354.380722 397.044146 440.459014 490.418164 547.489644 603.976216 637.809929 656.778384 690.179959 739.243483 802.553681 891.562031 988.647622 1066.342637 1119.118462 1171.045943 1205.194647 1220.763618 1238.923605 1220.016305 1146.118583 1024.960045 1018.764412 1008.317914 -9999.0 -9999.0 -9999.0 -9999.0 -9999.0 -9999.0 -9999.0 -9999.0 -9999.0
-9999.0 -9999.0 -553.655464 -367.436182 -214.989671 -29.728938 123.090544 233.998475 315.522101 413.461108 508.017482 586.159638 629.356780 647.187446 630.430698 592.549627 568.427847 568.595924 559.210863 546.456025 523.667828 514.504864 503.896689 494.874127 481.159247 472.747128 465.610990 452.234907 427.366084 378.551075 325.905908 272.849358 217.641305 191.516861 169.024314 146.366962 143.191391 140.466197 146.698298 147.787689 153.444602 165.334879 185.858465 207.407266 216.975275 224.692487 237.408441 261.353578 294.841516 336.664658 390.071609 447.205612 486.971062 500.563449 492.808805 501.035187 526.530716 575.833042 667.705898 765.445143 864.372865 938.227061 1012.778500 1067.110200 1088.471415 1111.354723 1135.691269 1078.467416 728.794464 957.768132 -9999.0 -9999.0 -9999.0 -9999.0 -9999.0 -9999.0 -9999.0 -9999.0 -9999.0 -9999.0
-9999.0 -9999.0 -9999.0 -9999.0 -511.709516 -353.974486 -258.614891 -174.763851 -50.734418 61.972685 156.347880 234.740412 290.510616 315.061145 306.100421 303.904064 296.867660 292.477108 283.570130 279.405497 274.997175 266.989875 254.376195 246.344644 245.475084 248.731129 245.850085 231.863154 214.620457 188.264549 164.880214 129.509344 92.434200 62.984259 49.709842 43.017457 43.015872 37.029412 46.269815 52.856567 67.778662 83.132399 107.057193 135.537100 148.459476 162.835320 172.626610 193.475840 223.726396 276.783035 339.427894 395.975977 430.453581 434.334352 408.837392 393.588641 391.349405 421.347552 471.403553 546.243678 655.380166 739.540577 810.498435 862.124868 898.783958 950.398580 1012.716900 1054.086478 -9999.0 -9999.0 -9999.0 -9999.0 -9999.0 -9999.0 -9999.0 -9999.0 -9999.0 -9999.0 -9999.0 -9999.0
-9999.0 -9999.0 -9999.0 -9999.0 -9999.0 -9999.0 -564.262599 -466.894971 -380.647649 -253.276650 -134.463794 -40.098372 35.951177 63.008700 83.093268 106.629992 102.936612 85.693987 68.465617 85.530973 96.175235 90.828046 62.434290 61.004850 64.620395 73.385697 71.644594 65.178664 40.046652 48.858742 47.794650 24.484556 -1.742167 -16.096601 -27.778652 -17.939058 -17.290362 -30.102601 -28.188536 -1.938063 17.919391 31.306968 53.655544 86.803569 118.828463 133.329584 134.413088 140.636324 181.747103 251.978927 322.480441 376.239475 407.255763 414.533554 386.158570 345.343420 324.223976 331.388367 366.972615 422.229520 502.062328 556.678933 592.069435 616.012320 645.979539 746.822070 -9999.0 -9999.0 -9999.0 -9999.0 -9999.0 -9999.0 -9999.0 -9999.0 -9999.0 -9999.0 -9999.0 -9999.0 -9999.0 -9999.0
-9999.0 -9999.0 -9999.0 -9999.0 -9999.0 -9999.0 -9999.0 -9999.0 -9999.0 -9999.0 -9999.0 -9999.0 -9999.0 -9999.0 -9999.0 -9999.0 -9999.0 -9999.0 -9999.0 -9999.0 -9999.0 -9999.0 -9999.0 -9999.0 -9999.0 -9999.0 -9999.0 -9999.0 -9999.0 -9999.0 -9999.0 -9999.0 -9999.0 -9999.0 -9999.0 -9999.0 -9999.0 -9999.0 -9999.0 -9999.0 -9999.0 -9999.0 -9999.0 -9999.0 -9999.0 -9999.0 -9999.0 -9999.0 -9999.0 -9999.0 -9999.0 -9999.0 -9999.0 -9999.0 -9999.0 -9999.0 -9999.0 -9999.0 -9999.0 -9999.0 -9999.0 -9999.0 -9999.0 -9999.0 -9999.0 -9999.0 -9999.0 -9999.0 -9999.0 -9999.0 -9999.0 -9999.0 -9999.0 -9999.0 -9999.0 -9999.0 -9999.0 -9999.0 -9999.0 -9999.0
-9999.0 -9999.0 -9999.0 -9999.0 -9999.0 -9999.0 -9999.0 -9999.0 -9999.0 -9999.0 -9999.0 -9999.0 -9999.0 -9999.0 -9999.0 -9999.0 -9999.0 -9999.0 -9999.0 -9999.0 -9999.0 -9999.0 -9999.0 -9999.0 -9999.0 -9999.0 -9999.0 -9999.0 -9999.0 -9999.0 -9999.0 -9999.0 -9999.0 -9999.0 -9999.0 -9999.0 -9999.0 -9999.0 -9999.0 -9999.0 -9999.0 -9999.0 -9999.0 -9999.0 -9999.0 -9999.0 -9999.0 -9999.0 -9999.0 -9999.0 -9999.0 -9999.0 -9999.0 -9999.0 -9999.0 -9999.0 -9999.0 -9999.0 -9999.0 -9999.0 -9999.0 -9999.0 -9999.0 -9999.0 -9999.0 -9999.0 -9999.0 -9999.0 -9999.0 -9999.0 -9999.0 -9999.0 -9999.0 -9999.0 -9999.0 -9999.0 -9999.0 -9999.0 -9999.0 -9999.0