Borden_/Borden1m_014/output_maps/psiliqL0002N0033.asc
ncols         80
nrows         18
xllcorner     620200.000000
yllcorner     5168000.000000
cellsize      1.000000
NODATA_value  -9999.0
-9999.0 -9999.0 -9999.0 -9999.0 -9999.0 -9999.0 -9999.0 -9999.0 -9999.0 -9999.0 -9999.0 -9999.0 -9999.0 -9999.0 -9999.0 -9999.0 -9999.0 -9999.0 -9999.0 -9999.0 -9999.0 -9999.0 -9999.0 -9999.0 -9999.0 -9999.0 -9999.0 -9999.0 -9999.0 -9999.0 -9999.0 -9999.0 -9999.0 -9999.0 -9999.0 -9999.0 -9999.0 -9999.0 -9999.0 -9999.0 -9999.0 -9999.0 -9999.0 -9999.0 -9999.0 -9999.0 -9999.0 -9999.0 -9999.0 -9999.0 -9999.0 -9999.0 -9999.0 -9999.0 -9999.0 -9999.0 -9999.0 -9999.0 -9999.0 -9999.0 -9999.0 -9999.0 -9999.0 -9999.0 -9999.0 -9999.0 -9999.0 -9999.0 -9999.0 -9999.0 -9999.0 -9999.0 -9999.0 -9999.0 -9999.0 -9999.0 -9999.0 -9999.0 -9999.0 -9999.0
-9999.0 -9999.0 -9999.0 -9999.0 -9999.0 -9999.0 -9999.0 -9999.0 -9999.0 -9999.0 -9999.0 -9999.0 -9999.0 -9999.0 -9999.0 -9999.0 -9999.0 -9999.0 -9999.0 -9999.0 -9999.0 -9999.0 -9999.0 -9999.0 -9999.0 -9999.0 -9999.0 -9999.0 -9999.0 -9999.0 -9999.0 -9999.0 -9999.0 -9999.0 -9999.0 -9999.0 -9999.0 -9999.0 -9999.0 -9999.0 -9999.0 -9999.0 -9999.0 -9999.0 -9999.0 -9999.0 -9999.0 -9999.0 -9999.0 -9999.0 -9999.0 -9999.0 -9999.0 -9999.0 -9999.0 -9999.0 -9999.0 -9999.0 -9999.0 -9999.0 -9999.0 -9999.0 -9999.0 -9999.0 -9999.0 -9999.0 -9999.0 -9999.0 -9999.0 -9999.0 -9999.0 -9999.0 -9999.0 -9999.0 -9999.0 -9999.0 -9999.0 -9999.0 -9999.0 -9999.0
-9999.0 -9999.0 -9999.0 -9999.0 -9999.0 -9999.0 -9999.0 -9999.0 -9999.0 -9999.0 -9999.0 -9999.0 -9999.0 -9999.0 -9999.0 -9999.0 -9999.0 -9999.0 -9999.0 -9999.0 -594.880808 -593.951769 -596.060847 -598.463411 -600.457472 -600.686520 -598.436265 -595.787707 -592.731811 -592.072145 -594.478411 -593.931451 -594.868427 -595.352404 -595.361649 -594.701980 -594.398490 -593.398350 -592.746557 -593.007606 -593.745253 -594.285092 -594.767819 -594.585427 -593.773046 -594.870252 -593.218626 -591.549547 -590.930619 -591.000325 -593.328885 -594.320242 -594.685938 -596.527885 -593.183807 -592.133958 -589.550049 -589.266327 -588.833287 -591.745131 -594.580662 -9999.0 -9999.0 -9999.0 -9999.0 -9999.0 -9999.0 -9999.0 -9999.0 -9999.0 -9999.0 -9999.0 -9999.0 -9999.0 -9999.0 -9999.0 -9999.0 -9999.0 -9999.0 -9999.0
-9999.0 -9999.0 -9999.0 -9999.0 -9999.0 -9999.0 -9999.0 -9999.0 -9999.0 -9999.0 -9999.0 -9999.0 -9999.0 -9999.0 -598.937894 -600.037196 -600.541733 -600.819852 -598.802489 -597.184593 -597.056707 -598.203862 -597.312602 -599.560981 -601.518709 -600.320942 -598.567341 -597.055856 -594.596295 -592.696961 -594.411358 -594.830805 -593.872481 -590.513526 -588.947627 -589.619051 -593.449114 -589.856312 -587.915983 -586.635106 -586.795603 -588.549614 -586.023875 -583.073888 -584.544698 -587.652406 -587.062018 -585.324688 -582.421599 -584.092798 -593.699227 -594.825135 -594.389526 -594.266208 -595.534627 -596.436971 -593.053146 -593.477931 -594.068802 -594.775487 -596.840091 -600.059790 -601.460533 -598.179814 -595.109649 -588.825063 -9999.0 -9999.0 -9999.0 -9999.0 -9999.0 -9999.0 -9999.0 -9999.0 -9999.0 -9999.0 -9999.0 -9999.0 -9999.0 -9999.0
-9999.0 -9999.0 -9999.0 -9999.0 -9999.0 -9999.0 -9999.0 -9999.0 -9999.0 -600.841053 -601.135837 -600.829891 -601.526775 -600.565296 -602.109292 -601.734255 -601.971928 -600.603751 -599.426652 -597.431249 -594.811791 -596.686040 -596.918602 -595.525419 -595.257815 -594.641920 -593.385511 -588.912308 -583.559564 -575.199438 -582.098131 -582.386932 -578.538103 -564.058932 -549.688624 -544.711982 -552.839532 -552.884643 -542.920179 -529.678803 -528.728551 -529.801577 -514.017815 -503.457387 -496.038161 -512.063684 -527.534580 -529.881281 -511.726884 -542.156098 -564.251979 -580.093926 -579.290394 -584.695257 -590.456674 -592.623737 -593.366818 -589.430314 -591.003403 -594.700905 -597.673478 -596.865049 -598.469153 -596.901230 -595.703055 -590.916564 -586.486768 -582.143892 -581.925228 -584.683072 -9999.0 -9999.0 -9999.0 -9999.0 -9999.0 -9999.0 -9999.0 -9999.0 -9999.0 -9999.0
-9999.0 -9999.0 -9999.0 -9999.0 -9999.0 -9999.0 -602.844052 -602.966258 -602.351242 -604.211589 -602.855954 -603.757481 -602.735199 -602.255811 -601.568218 -601.476085 -599.702904 -598.098982 -595.353563 -591.635858 -588.131064 -589.824839 -588.879634 -583.728754 -573.404714 -563.366305 -556.662055 -543.559836 -489.582033 -433.358997 -409.942130 -398.991602 -386.628617 -356.204337 -301.947451 -280.603978 -304.393706 -321.591727 -303.948663 -259.823985 -176.388861 -175.211924 -169.580761 -162.862206 -136.723644 -141.251278 -253.233308 -284.507746 -295.114903 -305.245211 -348.124603 -392.569380 -450.338309 -506.336159 -550.365609 -568.711264 -571.712382 -568.941293 -576.131262 -585.227055 -590.529222 -590.658371 -591.710925 -593.565020 -592.728781 -590.766009 -587.714668 -585.810199 -587.287349 -589.317696 -590.901609 -594.022776 -593.553210 -590.531740 -9999.0 -9999.0 -9999.0 -9999.0 -9999.0 -9999.0
-9999.0 -9999.0 -9999.0 -9999.0 -605.802610 -604.929798 -607.511195 -606.045471 -604.878073 -603.976363 -603.895919 -602.265030 -601.755268 -600.551114 -597.985950 -595.850051 -592.112099 -589.173846 -581.029943 -563.378094 -544.233601 -530.529282 -519.949825 -450.925515 -383.366666 -344.491254 -329.444304 -304.142480 -254.742747 -129.644332 -103.078495 -97.026346 -114.286194 -54.580416 -55.013137 11.931587 -38.668295 -8.021952 -6.519208 1.115043 24.588859 24.955756 25.996549 25.889905 27.939216 29.941286 10.423691 -19.152993 -67.725497 -37.366084 -93.490250 -115.034309 -222.670217 -261.447893 -286.974066 -327.678097 -382.539584 -407.445771 -479.347685 -527.313940 -557.716437 -566.939685 -575.406623 -579.756633 -585.179448 -584.317211 -582.937365 -585.677147 -589.194238 -592.475989 -592.964849 -594.390531 -595.885494 -592.048661 -590.601736 -586.302269 -9999.0 -9999.0 -9999.0 -9999.0
-9999.0 -9999.0 -606.010952 -605.869851 -603.456144 -604.881361 -605.707686 -606.931269 -606.383979 -604.016162 -599.386533 -597.191537 -593.837314 -591.960218 -584.077720 -563.277023 -533.430913 -500.774790 -426.281726 -369.697769 -320.011872 -277.250927 -193.540151 -150.933893 -135.934880 -60.603345 -39.205455 -55.053216 4.433411 29.846404 55.186397 70.251977 73.568063 69.979503 67.084070 66.432825 64.842964 60.907061 44.249532 42.312977 49.494425 51.378403 54.956654 42.892598 39.185990 51.500389 53.269373 54.451883 55.496109 64.689416 74.671676 46.255413 -5.884077 -17.029326 -56.562194 -56.489905 -118.402572 -217.910598 -247.712274 -288.042216 -358.591922 -397.377472 -457.091328 -516.639956 -548.499677 -561.079022 -572.794976 -579.799789 -586.007171 -591.510697 -593.226228 -594.272391 -593.596934 -594.082185 -592.023016 -590.408399 -588.067468 -587.150416 -9999.0 -9999.0
-9999.0 -606.740872 -607.462163 -603.128317 -602.255089 -601.252338 -599.849365 -598.642686 -597.388640 -598.974155 -586.076882 -558.440226 -524.160211 -505.936495 -439.501656 -345.044358 -185.101174 -154.242112 -150.494090 -87.504757 -78.126251 -2.907586 20.773952 52.803434 75.060506 69.516336 67.750482 65.526254 58.293480 50.810683 40.170644 48.282392 46.680376 33.183058 20.851026 21.113687 18.378129 -5.686376 -31.056924 -42.521084 -37.098645 -16.556153 -26.391771 -46.241745 -50.052759 -30.654466 -15.863536 -23.844064 -68.313654 -20.689304 8.298899 25.851337 42.149760 55.786112 75.484084 53.995291 21.897730 -13.601248 -61.621474 -50.960072 -161.450796 -226.531573 -280.052049 -342.024018 -392.220030 -463.326044 -527.210437 -554.667671 -572.396901 -578.797818 -582.725465 -590.303354 -592.316131 -590.836690 -591.831020 -591.952172 -591.024498 -590.288512 -9999.0 -9999.0
-9999.0 -610.553575 -606.672047 -601.902485 -595.662236 -594.314044 -572.389117 -549.415144 -539.279935 -552.071181 -473.068008 -179.672931 -118.786386 -118.203795 -67.866775 -0.493062 39.989494 61.210831 73.708532 66.018883 58.666124 61.676577 56.470639 48.455429 35.339668 27.651590 27.974550 25.730706 9.856191 -6.733535 -22.620020 -55.225026 -36.124311 -67.570326 -102.617073 -113.345703 -166.315689 -206.508833 -245.751730 -273.268785 -285.801201 -265.296692 -276.586002 -295.717430 -299.439679 -275.134851 -241.915049 -248.483214 -244.082272 -221.144483 -175.588343 -86.947232 -66.931497 -42.516270 -11.160092 26.592284 44.636433 64.066691 70.157882 45.645559 -17.815793 -35.160688 -62.704492 -175.416275 -251.114314 -328.752786 -376.350057 -411.960639 -484.612983 -526.798968 -551.360078 -569.192727 -581.117208 -583.905992 -589.407080 -590.448325 -9999.0 -9999.0 -9999.0 -9999.0
-9999.0 -610.614931 -606.727243 -597.589145 -573.620602 -531.804468 -385.988240 -256.412180 -87.156199 -131.678214 -9.806050 60.224169 68.200464 51.813754 25.546184 21.992741 31.214904 33.240598 28.182432 20.143393 3.841193 7.854367 5.094327 -1.453693 -12.738075 -27.476602 -37.351513 -48.489270 -138.720672 -175.992474 -204.273469 -219.845009 -252.585873 -334.321916 -365.558684 -385.358334 -442.511990 -460.474351 -478.339236 -508.692660 -521.781837 -529.358527 -519.229854 -521.740160 -522.582668 -515.833721 -496.946877 -479.413551 -428.262661 -393.289499 -363.413693 -316.698847 -283.494380 -239.590784 -186.621704 -80.328750 -53.024083 -27.660722 -14.569901 46.686457 66.910346 59.604387 31.326934 -2.876779 -58.288632 -180.911429 -235.177375 -304.644515 -356.037261 -388.900909 -413.072385 -467.346234 -532.036984 -566.547776 -574.796999 -9999.0 -9999.0 -9999.0 -9999.0 -9999.0
-9999.0 -615.668799 -606.375838 -598.764533 -555.725526 -371.542525 -282.134129 -14.295276 38.158874 -30.460810 -136.214954 -51.491690 -18.788356 -18.638832 -43.798677 -54.494945 -58.214826 -58.913768 -47.899245 -82.520693 -158.888158 -176.966277 -179.488307 -191.146968 -213.686226 -232.564145 -246.991515 -268.270327 -321.265702 -360.032389 -408.553185 -438.774321 -514.444339 -550.246264 -564.715006 -576.144029 -586.207616 -586.060673 -583.029129 -585.820979 -588.763131 -591.749214 -588.138675 -586.427785 -584.803551 -586.754157 -586.100138 -580.884304 -571.710370 -561.049459 -542.626829 -508.636089 -457.504188 -397.033693 -371.819267 -324.641096 -279.476039 -231.722016 -156.796076 -33.713580 -11.157258 21.968612 57.593449 75.484638 37.776876 2.163465 -53.503311 -176.867946 -277.456547 -317.521383 -333.122928 -353.903585 -389.565471 -9999.0 -9999.0 -9999.0 -9999.0 -9999.0 -9999.0 -9999.0
-9999.0 -618.771959 -608.735052 -606.640299 -593.116514 -560.415189 -480.357000 -367.504742 -198.431531 -322.784092 -337.307023 -313.234703 -284.430052 -263.332591 -286.671132 -318.904936 -340.113567 -336.757938 -335.464942 -355.309095 -378.465276 -387.857242 -388.402950 -395.805657 -427.192837 -450.864082 -465.989177 -492.013357 -522.961270 -548.961166 -574.125968 -585.093959 -592.412602 -595.009351 -596.865544 -598.774617 -602.221707 -600.417921 -598.969358 -599.364084 -600.473471 -601.292212 -598.752107 -597.820551 -596.998222 -599.293371 -597.656943 -596.076953 -592.556899 -588.812100 -583.299566 -574.801912 -563.070404 -553.415719 -545.646017 -528.556450 -491.257039 -414.926970 -349.828977 -256.367919 -182.211763 -87.598019 -36.976933 -38.507418 13.033924 21.001455 29.011110 1.276774 -249.953746 -283.318521 -286.032996 -9999.0 -9999.0 -9999.0 -9999.0 -9999.0 -9999.0 -9999.0 -9999.0 -9999.0
-9999.0 -9999.0 -620.658315 -616.378549 -612.397068 -608.286209 -602.399571 -594.542742 -588.178918 -579.530830 -565.544488 -547.388401 -533.126895 -525.460374 -535.472671 -552.501766 -561.112287 -560.563885 -562.756246 -567.016787 -574.096947 -576.612830 -578.281912 -579.625081 -582.502327 -583.728333 -584.263270 -585.370226 -587.724383 -592.669260 -596.922325 -599.783234 -602.814935 -602.801971 -603.326289 -604.372150 -603.634237 -603.820803 -603.536601 -603.684608 -603.474096 -603.014734 -602.409799 -601.604400 -601.540235 -601.324541 -601.001696 -600.072794 -598.628470 -596.685294 -592.926131 -587.295157 -582.775508 -581.598791 -583.841002 -583.043434 -579.612787 -570.927970 -538.893800 -455.037107 -373.561302 -310.648473 -239.988736 -192.556166 -170.951092 -101.530613 -40.227439 -186.361894 -333.429043 -321.539510 -9999.0 -9999.0 -9999.0 -9999.0 -9999.0 -9999.0 -9999.0 -9999.0 -9999.0 -9999.0
-9999.0 -9999.0 -9999.0 -9999.0 -622.107933 -616.371036 -611.171466 -611.566484 -607.719401 -605.314956 -602.926143 -599.984444 -597.531546 -595.901822 -597.932544 -598.535685 -599.010488 -598.716411 -599.144925 -599.719682 -600.042663 -600.389578 -600.705985 -601.173548 -601.034891 -600.638572 -600.539180 -601.320109 -601.380578 -602.920805 -603.235058 -604.152106 -605.035429 -605.998253 -605.844934 -605.978815 -605.585020 -606.010887 -605.343547 -605.738919 -605.231195 -604.982630 -604.333171 -603.295292 -603.649447 -603.047652 -602.987295 -602.163898 -601.755976 -599.492738 -595.761156 -591.313846 -588.186026 -588.280909 -592.128841 -593.726014 -594.564083 -592.058302 -587.507990 -577.259636 -547.391311 -498.645397 -413.074563 -374.943379 -349.585075 -306.643540 -266.231667 -257.906983 -9999.0 -9999.0 -9999.0 -9999.0 -9999.0 -9999.0 -9999.0 -9999.0 -9999.0 -9999.0 -9999.0 -9999.0
-9999.0 -9999.0 -9999.0 -9999.0 -9999.0 -9999.0 -619.846395 -617.069978 -617.739472 -615.735421 -613.947662 -612.454163 -610.110367 -610.436016 -609.840800 -608.021723 -608.321980 -609.197851 -610.282125 -608.677777 -608.019997 -607.855443 -609.642107 -609.167610 -609.005160 -608.305783 -608.377190 -608.098177 -609.656954 -607.915906 -607.104288 -607.485356 -607.854437 -607.554167 -607.960053 -606.831140 -606.698142 -607.604718 -607.848621 -606.540576 -606.159753 -606.326178 -606.032439 -605.089285 -603.726398 -603.508386 -604.094846 -604.890840 -603.412926 -600.039676 -596.097865 -592.465042 -590.015728 -589.215014 -592.480373 -596.724407 -598.792720 -599.000821 -597.155426 -593.548555 -584.776639 -578.050263 -571.907773 -563.951534 -553.796920 -490.657810 -9999.0 -9999.0 -9999.0 -9999.0 -9999.0 -9999.0 -9999.0 -9999.0 -9999.0 -9999.0 -9999.0 -9999.0 -9999.0 -9999.0
-9999.0 -9999.0 -9999.0 -9999.0 -9999.0 -9999.0 -9999.0 -9999.0 -9999.0 -9999.0 -9999.0 -9999.0 -9999.0 -9999.0 -9999.0 -9999.0 -9999.0 -9999.0 -9999.0 -9999.0 -9999.0 -9999.0 -9999.0 -9999.0 -9999.0 -9999.0 -9999.0 -9999.0 -9999.0 -9999.0 -9999.0 -9999.0 -9999.0 -9999.0 -9999.0 -9999.0 -9999.0 -9999.0 -9999.0 -9999.0 -9999.0 -9999.0 -9999.0 -9999.0 -9999.0 -9999.0 -9999.0 -9999.0 -9999.0 -9999.0 -9999.0 -9999.0 -9999.0 -9999.0 -9999.0 -9999.0 -9999.0 -9999.0 -9999.0 -9999.0 -9999.0 -9999.0 -9999.0 -9999.0 -9999.0 -9999.0 -9999.0 -9999.0 -9999.0 -9999.0 -9999.0 -9999.0 -9999.0 -9999.0 -9999.0 -9999.0 -9999.0 -9999.0 -9999.0 -9999.0
-9999.0 -9999.0 -9999.0 -9999.0 -9999.0 -9999.0 -9999.0 -9999.0 -9999.0 -9999.0 -9999.0 -9999.0 -9999.0 -9999.0 -9999.0 -9999.0 -9999.0 -9999.0 -9999.0 -9999.0 -9999.0 -9999.0 -9999.0 -9999.0 -9999.0 -9999.0 -9999.0 -9999.0 -9999.0 -9999.0 -9999.0 -9999.0 -9999.0 -9999.0 -9999.0 -9999.0 -9999.0 -9999.0 -9999.0 -9999.0 -9999.0 -9999.0 -9999.0 -9999.0 -9999.0 -9999.0 -9999.0 -9999.0 -9999.0 -9999.0 -9999.0 -9999.0 -9999.0 -9999.0 -9999.0 -9999.0 -9999.0 -9999.0 -9999.0 -9999.0 -9999.0 -9999.0 -9999.0 -9999.0 -9999.0 -9999.0 -9999.0 -9999.0 -9999.0 -9999.0 -9999.0 -9999.0 -9999.0 -9999.0 -9999.0 -9999.0 -9999.0 -9999.0 -9999.0 -9999.0