Borden_/Borden1m_014/output_maps/psiliqL0010N0020.asc
ncols         80
nrows         18
xllcorner     620200.000000
yllcorner     5168000.000000
cellsize      1.000000
NODATA_value  -9999.0
-9999.0 -9999.0 -9999.0 -9999.0 -9999.0 -9999.0 -9999.0 -9999.0 -9999.0 -9999.0 -9999.0 -9999.0 -9999.0 -9999.0 -9999.0 -9999.0 -9999.0 -9999.0 -9999.0 -9999.0 -9999.0 -9999.0 -9999.0 -9999.0 -9999.0 -9999.0 -9999.0 -9999.0 -9999.0 -9999.0 -9999.0 -9999.0 -9999.0 -9999.0 -9999.0 -9999.0 -9999.0 -9999.0 -9999.0 -9999.0 -9999.0 -9999.0 -9999.0 -9999.0 -9999.0 -9999.0 -9999.0 -9999.0 -9999.0 -9999.0 -9999.0 -9999.0 -9999.0 -9999.0 -9999.0 -9999.0 -9999.0 -9999.0 -9999.0 -9999.0 -9999.0 -9999.0 -9999.0 -9999.0 -9999.0 -9999.0 -9999.0 -9999.0 -9999.0 -9999.0 -9999.0 -9999.0 -9999.0 -9999.0 -9999.0 -9999.0 -9999.0 -9999.0 -9999.0 -9999.0
-9999.0 -9999.0 -9999.0 -9999.0 -9999.0 -9999.0 -9999.0 -9999.0 -9999.0 -9999.0 -9999.0 -9999.0 -9999.0 -9999.0 -9999.0 -9999.0 -9999.0 -9999.0 -9999.0 -9999.0 -9999.0 -9999.0 -9999.0 -9999.0 -9999.0 -9999.0 -9999.0 -9999.0 -9999.0 -9999.0 -9999.0 -9999.0 -9999.0 -9999.0 -9999.0 -9999.0 -9999.0 -9999.0 -9999.0 -9999.0 -9999.0 -9999.0 -9999.0 -9999.0 -9999.0 -9999.0 -9999.0 -9999.0 -9999.0 -9999.0 -9999.0 -9999.0 -9999.0 -9999.0 -9999.0 -9999.0 -9999.0 -9999.0 -9999.0 -9999.0 -9999.0 -9999.0 -9999.0 -9999.0 -9999.0 -9999.0 -9999.0 -9999.0 -9999.0 -9999.0 -9999.0 -9999.0 -9999.0 -9999.0 -9999.0 -9999.0 -9999.0 -9999.0 -9999.0 -9999.0
-9999.0 -9999.0 -9999.0 -9999.0 -9999.0 -9999.0 -9999.0 -9999.0 -9999.0 -9999.0 -9999.0 -9999.0 -9999.0 -9999.0 -9999.0 -9999.0 -9999.0 -9999.0 -9999.0 -9999.0 136.161171 139.164284 116.881489 83.223207 55.238549 57.688935 93.172081 134.930820 173.583501 184.618833 167.384465 169.844733 165.610775 165.696583 168.963463 175.481817 178.797377 190.292636 198.893543 198.795723 192.871140 187.568481 187.093595 190.606018 195.655487 185.853756 199.146771 214.192120 219.912464 214.186993 186.241948 169.710922 160.408532 144.771421 168.444302 180.113716 202.453921 206.218416 204.374010 176.993879 146.711736 -9999.0 -9999.0 -9999.0 -9999.0 -9999.0 -9999.0 -9999.0 -9999.0 -9999.0 -9999.0 -9999.0 -9999.0 -9999.0 -9999.0 -9999.0 -9999.0 -9999.0 -9999.0 -9999.0
-9999.0 -9999.0 -9999.0 -9999.0 -9999.0 -9999.0 -9999.0 -9999.0 -9999.0 -9999.0 -9999.0 -9999.0 -9999.0 -9999.0 44.465358 34.643995 31.966112 40.838155 75.056761 105.538208 118.189905 110.952241 111.336097 88.275819 68.518213 83.277162 113.505616 145.804504 181.203855 202.957720 191.913791 190.474805 201.918471 229.779153 244.638313 242.430340 221.714753 244.734744 261.228123 270.984641 270.731114 262.658481 277.475192 294.183063 287.427276 269.098398 272.162385 283.552981 297.068056 281.162672 215.205798 193.184265 187.896579 179.679565 164.988006 157.681746 181.886771 181.914854 173.035110 154.575733 121.825623 77.442022 59.042061 97.383325 141.419130 198.933717 -9999.0 -9999.0 -9999.0 -9999.0 -9999.0 -9999.0 -9999.0 -9999.0 -9999.0 -9999.0 -9999.0 -9999.0 -9999.0 -9999.0
-9999.0 -9999.0 -9999.0 -9999.0 -9999.0 -9999.0 -9999.0 -9999.0 -9999.0 -13.257466 -9.276916 -1.992851 0.135576 15.985823 14.301255 21.609521 29.689309 56.663833 88.497337 124.322528 153.714116 144.740004 146.087197 159.047528 166.526461 180.460940 202.806593 245.269027 290.407842 336.372719 311.067859 311.595762 334.151748 385.269610 423.326223 433.468179 413.716532 418.880460 445.160793 471.041516 473.013512 472.574620 499.725956 515.456618 520.126399 497.572641 477.378022 474.877740 500.792687 445.990466 378.046950 321.859305 318.141000 281.946200 238.353391 214.846434 210.547775 230.566698 213.676750 174.945205 137.618437 126.915045 109.415204 125.406693 147.459466 193.819210 232.167282 260.490010 260.272317 242.719584 -9999.0 -9999.0 -9999.0 -9999.0 -9999.0 -9999.0 -9999.0 -9999.0 -9999.0 -9999.0
-9999.0 -9999.0 -9999.0 -9999.0 -9999.0 -9999.0 -91.978642 -82.913633 -62.971758 -57.601733 -32.879060 -25.203938 -4.415207 15.327206 36.787595 54.415962 86.058817 120.026279 163.131422 208.821200 242.883129 240.213913 253.402404 291.930692 340.164630 374.697677 401.450432 444.996171 533.455359 591.400471 611.376491 622.528447 637.911592 683.434814 744.548527 765.445463 739.227449 721.914233 739.010381 775.190381 792.215883 796.227188 805.501436 814.655545 839.887178 828.923168 779.798189 760.649144 755.692444 743.739471 691.249592 628.569902 575.043504 510.138050 419.617678 359.128860 358.582423 370.790307 334.361883 275.786686 230.697756 218.009090 201.309013 185.770169 190.160017 208.556228 230.904475 241.685915 228.648569 207.606970 184.406640 155.405275 156.861559 182.012974 -9999.0 -9999.0 -9999.0 -9999.0 -9999.0 -9999.0
-9999.0 -9999.0 -9999.0 -9999.0 -141.846283 -129.262922 -141.003131 -116.884574 -84.596831 -50.995884 -18.433779 19.320844 47.217162 78.266003 121.414445 160.586380 206.285748 245.523327 307.099666 381.953632 438.331137 468.884289 492.605817 569.646608 644.818123 698.299108 717.174003 743.068224 787.912116 859.146675 891.135843 898.939792 917.797832 949.892976 993.149265 1025.929019 1007.466860 998.328833 1001.230024 1013.055288 1039.353680 1041.745749 1043.774733 1045.375925 1048.437240 1047.310041 1022.491894 989.279570 973.983884 966.769557 943.549485 878.135115 824.221734 788.077741 758.645922 713.379125 648.740438 621.244375 547.577164 478.232824 406.373326 377.675820 340.048749 308.387074 274.241428 272.324866 273.193699 251.745096 219.623225 186.917149 171.460184 152.376868 141.615732 171.175864 188.577424 219.214466 -9999.0 -9999.0 -9999.0 -9999.0
-9999.0 -9999.0 -200.374680 -150.681414 -94.373037 -85.503354 -83.452265 -77.897390 -50.277573 1.293248 80.461512 134.652297 181.010386 216.062211 282.108788 371.942499 453.654055 513.233528 589.696864 665.419992 725.648032 761.648739 789.814035 832.773191 886.564285 944.004473 967.034670 991.500314 1022.023806 1055.889649 1076.136254 1091.726461 1099.172053 1098.615514 1101.336343 1101.221298 1096.369015 1089.247332 1070.053769 1066.801118 1074.616928 1078.754612 1081.226497 1068.926333 1065.084210 1077.396346 1079.765376 1079.832644 1080.381448 1088.932695 1096.687114 1062.346398 1014.158345 996.555528 987.489827 947.808430 887.545107 835.951587 807.134163 764.736395 691.111155 637.451353 572.328947 505.740976 442.541159 402.089945 349.141209 303.967836 255.715490 208.628138 184.162079 165.050465 162.049139 161.865929 177.499725 192.756082 207.933646 215.630484 -9999.0 -9999.0
-9999.0 -300.399743 -227.780680 -100.279242 -20.704293 25.092491 64.598765 93.164343 120.000906 140.136266 252.017243 359.906460 456.060462 497.709550 566.643687 673.560641 771.258681 816.744994 855.266884 907.750190 962.023681 1008.626737 1038.344654 1062.536052 1093.035794 1098.395366 1098.484206 1099.548169 1094.249912 1087.322198 1077.914835 1084.919492 1082.254516 1065.563820 1051.386333 1048.386287 1040.960852 1012.932893 981.121939 966.407882 970.741900 992.031138 979.884701 961.833312 958.342485 976.679876 994.880808 989.178356 978.449097 998.402951 1033.460278 1055.867618 1069.464659 1084.213628 1104.531020 1081.405938 1050.419748 1008.004851 988.584101 959.836967 899.746078 837.961845 781.828236 719.481012 652.410202 570.551075 491.895583 423.447707 351.103360 306.633026 272.544976 218.791752 194.345508 194.431939 184.415166 181.219196 187.244501 193.483029 -9999.0 -9999.0
-9999.0 -374.566937 -231.091363 -44.982713 103.812307 168.595215 288.557572 374.585459 405.652910 384.330882 506.668091 738.966107 828.846662 845.888585 916.101308 998.307841 1031.632120 1061.713076 1082.307544 1084.982506 1087.206501 1094.107506 1091.780164 1085.224505 1071.189672 1063.678474 1062.317563 1058.865866 1040.236397 1020.502843 1001.482821 997.513620 979.676705 942.258472 912.460135 896.056107 876.935399 843.933331 803.436358 774.418462 760.584669 777.744380 769.173876 752.812507 749.348667 771.304022 804.551011 802.912538 814.171179 841.092074 883.475186 926.550396 949.860657 978.861962 1014.906897 1058.402735 1076.179512 1096.797477 1102.126129 1080.025432 1036.413306 986.642946 953.588805 888.971131 817.872748 739.874442 677.855680 616.724979 532.875534 472.855520 416.706989 351.573426 288.439504 257.340830 215.809571 194.167792 -9999.0 -9999.0 -9999.0 -9999.0
-9999.0 -444.010109 -252.832565 11.975473 279.252844 414.248225 632.329502 764.687670 833.635669 885.764297 906.216239 1025.676496 1053.566783 1046.970242 1037.050303 1040.261561 1055.224543 1059.794999 1057.244530 1048.872996 1040.712891 1035.245843 1031.828068 1022.370181 1009.140501 994.261540 980.655644 966.307503 923.823812 890.232786 856.063383 837.379519 798.208803 712.784724 673.885799 640.325010 575.758578 558.177991 540.254248 503.498674 480.765461 462.703423 482.378763 483.613545 485.035445 493.348883 517.754031 545.820693 600.742368 645.799051 690.366245 741.608950 777.576158 824.468602 873.381419 932.490942 963.585019 994.916133 1042.221420 1081.467836 1103.678040 1094.567819 1065.825218 1022.354844 956.222441 888.814765 843.762318 778.496034 713.955854 660.247396 611.243595 543.004677 457.087544 351.333477 304.799255 -9999.0 -9999.0 -9999.0 -9999.0 -9999.0
-9999.0 -605.329748 -336.903982 -41.007719 291.480781 626.583593 748.675284 902.300468 975.709670 922.260832 906.538468 931.829612 969.222376 977.467787 959.326062 953.848489 946.207302 947.280961 961.067630 937.046331 907.261681 890.867804 887.279497 871.868773 844.483567 823.392186 807.757201 786.033346 737.997578 691.231664 614.159923 577.564447 488.231340 418.526304 370.514412 319.740626 263.975055 259.011714 272.532969 254.347780 230.932578 211.852189 237.608149 253.724760 265.199176 255.841746 266.421773 304.107514 357.066792 404.264149 458.356620 521.151560 580.828951 643.920221 680.010744 730.921960 778.011727 829.447762 905.651200 985.393861 1020.205650 1055.859532 1091.350223 1107.898579 1061.185232 1013.578845 968.804803 918.186687 836.241280 787.150161 756.220884 709.899885 651.014115 -9999.0 -9999.0 -9999.0 -9999.0 -9999.0 -9999.0 -9999.0
-9999.0 -737.420748 -508.889948 -264.125573 34.431399 277.657460 471.582699 601.598545 686.743432 689.116882 704.352591 731.544399 759.447121 780.660782 760.468919 727.742037 704.043545 709.095051 708.723667 687.150069 660.203257 645.408774 641.937613 629.912814 595.209269 571.704719 553.903488 523.251297 480.353063 420.892628 336.865431 263.790938 198.102153 161.374198 130.213689 96.032956 56.610741 66.279662 79.866968 74.963360 62.621199 58.308382 87.847977 106.407910 116.541231 103.968903 122.953007 150.514712 193.203675 236.358244 285.888023 342.538647 399.427145 434.707534 454.224253 488.232256 540.964470 614.577525 705.563767 802.133766 879.481633 932.686990 983.929862 1019.670660 1036.472408 1056.052505 1040.764332 974.877463 866.096488 857.553026 839.732817 -9999.0 -9999.0 -9999.0 -9999.0 -9999.0 -9999.0 -9999.0 -9999.0 -9999.0
-9999.0 -9999.0 -745.292045 -558.167812 -402.742427 -216.544778 -63.806245 47.567157 127.463549 222.561221 315.527582 391.479305 433.260575 450.555988 433.587549 395.387448 371.181793 371.628091 362.666602 349.838727 326.577958 316.674080 305.552094 295.596396 280.101730 270.559087 262.972255 249.469212 224.844734 176.586472 123.655844 70.242321 14.727658 -11.124092 -33.430344 -56.174986 -59.638036 -62.002337 -55.521635 -54.396333 -48.895002 -37.103655 -16.493883 4.939375 14.413724 21.810502 34.468864 58.370369 91.874645 133.471860 186.388373 242.925008 282.282419 295.671896 287.674480 295.693988 321.631179 372.713676 466.985922 573.140710 677.331511 750.918601 827.081822 883.423090 907.282312 929.695832 958.233163 913.168007 605.436714 818.379300 -9999.0 -9999.0 -9999.0 -9999.0 -9999.0 -9999.0 -9999.0 -9999.0 -9999.0 -9999.0
-9999.0 -9999.0 -9999.0 -9999.0 -701.797668 -545.392570 -451.000492 -367.437886 -244.092882 -132.579885 -39.295968 38.037786 92.557716 116.600026 106.823634 103.386092 95.938492 91.851208 83.009127 78.195203 73.076436 64.805984 52.343599 44.109338 42.909168 45.974565 43.243437 29.500160 12.786164 -13.872333 -37.488387 -72.847014 -110.047632 -139.467966 -152.647327 -159.434116 -159.293492 -165.035913 -155.603808 -149.087385 -134.138997 -118.695560 -94.683057 -66.279463 -53.536531 -39.283450 -29.559931 -8.756460 21.350646 74.304930 136.764878 192.810272 226.749286 230.248614 204.249383 188.602386 186.054980 215.767468 265.937771 341.951847 452.315572 540.187608 622.875099 678.799011 715.526073 766.180280 834.340505 884.251300 -9999.0 -9999.0 -9999.0 -9999.0 -9999.0 -9999.0 -9999.0 -9999.0 -9999.0 -9999.0 -9999.0 -9999.0
-9999.0 -9999.0 -9999.0 -9999.0 -9999.0 -9999.0 -755.823835 -660.429867 -574.774506 -450.162352 -332.808996 -239.574094 -164.443615 -138.207820 -119.137756 -95.979909 -100.074609 -117.346771 -134.481206 -117.566794 -107.410272 -112.713970 -141.027266 -142.580533 -139.048120 -129.979033 -131.451427 -137.719266 -162.710949 -154.082067 -155.236906 -178.414101 -204.513948 -218.795337 -230.323695 -220.362596 -219.572451 -232.184130 -229.989460 -203.817656 -184.011113 -170.561978 -148.081965 -114.882949 -82.872824 -68.510621 -67.525988 -61.351403 -20.147969 50.011463 120.348990 173.686396 204.237770 211.183850 182.424292 141.210315 119.531097 126.225052 161.263691 215.927184 295.600505 350.568653 388.565411 414.636336 445.768597 548.618999 -9999.0 -9999.0 -9999.0 -9999.0 -9999.0 -9999.0 -9999.0 -9999.0 -9999.0 -9999.0 -9999.0 -9999.0 -9999.0 -9999.0
-9999.0 -9999.0 -9999.0 -9999.0 -9999.0 -9999.0 -9999.0 -9999.0 -9999.0 -9999.0 -9999.0 -9999.0 -9999.0 -9999.0 -9999.0 -9999.0 -9999.0 -9999.0 -9999.0 -9999.0 -9999.0 -9999.0 -9999.0 -9999.0 -9999.0 -9999.0 -9999.0 -9999.0 -9999.0 -9999.0 -9999.0 -9999.0 -9999.0 -9999.0 -9999.0 -9999.0 -9999.0 -9999.0 -9999.0 -9999.0 -9999.0 -9999.0 -9999.0 -9999.0 -9999.0 -9999.0 -9999.0 -9999.0 -9999.0 -9999.0 -9999.0 -9999.0 -9999.0 -9999.0 -9999.0 -9999.0 -9999.0 -9999.0 -9999.0 -9999.0 -9999.0 -9999.0 -9999.0 -9999.0 -9999.0 -9999.0 -9999.0 -9999.0 -9999.0 -9999.0 -9999.0 -9999.0 -9999.0 -9999.0 -9999.0 -9999.0 -9999.0 -9999.0 -9999.0 -9999.0
-9999.0 -9999.0 -9999.0 -9999.0 -9999.0 -9999.0 -9999.0 -9999.0 -9999.0 -9999.0 -9999.0 -9999.0 -9999.0 -9999.0 -9999.0 -9999.0 -9999.0 -9999.0 -9999.0 -9999.0 -9999.0 -9999.0 -9999.0 -9999.0 -9999.0 -9999.0 -9999.0 -9999.0 -9999.0 -9999.0 -9999.0 -9999.0 -9999.0 -9999.0 -9999.0 -9999.0 -9999.0 -9999.0 -9999.0 -9999.0 -9999.0 -9999.0 -9999.0 -9999.0 -9999.0 -9999.0 -9999.0 -9999.0 -9999.0 -9999.0 -9999.0 -9999.0 -9999.0 -9999.0 -9999.0 -9999.0 -9999.0 -9999.0 -9999.0 -9999.0 -9999.0 -9999.0 -9999.0 -9999.0 -9999.0 -9999.0 -9999.0 -9999.0 -9999.0 -9999.0 -9999.0 -9999.0 -9999.0 -9999.0 -9999.0 -9999.0 -9999.0 -9999.0 -9999.0 -9999.0