Borden_/Borden1m_014/output_maps/psiliqL0025N0025.asc
ncols         80
nrows         18
xllcorner     620200.000000
yllcorner     5168000.000000
cellsize      1.000000
NODATA_value  -9999.0
-9999.0 -9999.0 -9999.0 -9999.0 -9999.0 -9999.0 -9999.0 -9999.0 -9999.0 -9999.0 -9999.0 -9999.0 -9999.0 -9999.0 -9999.0 -9999.0 -9999.0 -9999.0 -9999.0 -9999.0 -9999.0 -9999.0 -9999.0 -9999.0 -9999.0 -9999.0 -9999.0 -9999.0 -9999.0 -9999.0 -9999.0 -9999.0 -9999.0 -9999.0 -9999.0 -9999.0 -9999.0 -9999.0 -9999.0 -9999.0 -9999.0 -9999.0 -9999.0 -9999.0 -9999.0 -9999.0 -9999.0 -9999.0 -9999.0 -9999.0 -9999.0 -9999.0 -9999.0 -9999.0 -9999.0 -9999.0 -9999.0 -9999.0 -9999.0 -9999.0 -9999.0 -9999.0 -9999.0 -9999.0 -9999.0 -9999.0 -9999.0 -9999.0 -9999.0 -9999.0 -9999.0 -9999.0 -9999.0 -9999.0 -9999.0 -9999.0 -9999.0 -9999.0 -9999.0 -9999.0
-9999.0 -9999.0 -9999.0 -9999.0 -9999.0 -9999.0 -9999.0 -9999.0 -9999.0 -9999.0 -9999.0 -9999.0 -9999.0 -9999.0 -9999.0 -9999.0 -9999.0 -9999.0 -9999.0 -9999.0 -9999.0 -9999.0 -9999.0 -9999.0 -9999.0 -9999.0 -9999.0 -9999.0 -9999.0 -9999.0 -9999.0 -9999.0 -9999.0 -9999.0 -9999.0 -9999.0 -9999.0 -9999.0 -9999.0 -9999.0 -9999.0 -9999.0 -9999.0 -9999.0 -9999.0 -9999.0 -9999.0 -9999.0 -9999.0 -9999.0 -9999.0 -9999.0 -9999.0 -9999.0 -9999.0 -9999.0 -9999.0 -9999.0 -9999.0 -9999.0 -9999.0 -9999.0 -9999.0 -9999.0 -9999.0 -9999.0 -9999.0 -9999.0 -9999.0 -9999.0 -9999.0 -9999.0 -9999.0 -9999.0 -9999.0 -9999.0 -9999.0 -9999.0 -9999.0 -9999.0
-9999.0 -9999.0 -9999.0 -9999.0 -9999.0 -9999.0 -9999.0 -9999.0 -9999.0 -9999.0 -9999.0 -9999.0 -9999.0 -9999.0 -9999.0 -9999.0 -9999.0 -9999.0 -9999.0 -9999.0 3125.906457 3126.924190 3105.104449 3070.879214 3042.465248 3044.071944 3076.808119 3117.115626 3155.512691 3162.753996 3143.480286 3146.918542 3142.221453 3137.693552 3137.830460 3145.299376 3151.609705 3161.216869 3168.078648 3165.735432 3158.335959 3153.204594 3155.507483 3157.151863 3163.345237 3149.220936 3165.114637 3179.841703 3184.752881 3182.132981 3159.876780 3147.991530 3140.257867 3125.015548 3151.711884 3163.660537 3186.473036 3191.373649 3189.744531 3163.972017 3134.115731 -9999.0 -9999.0 -9999.0 -9999.0 -9999.0 -9999.0 -9999.0 -9999.0 -9999.0 -9999.0 -9999.0 -9999.0 -9999.0 -9999.0 -9999.0 -9999.0 -9999.0 -9999.0 -9999.0
-9999.0 -9999.0 -9999.0 -9999.0 -9999.0 -9999.0 -9999.0 -9999.0 -9999.0 -9999.0 -9999.0 -9999.0 -9999.0 -9999.0 3036.096932 3027.131978 3024.015724 3031.075285 3063.285746 3093.236237 3104.811729 3097.123721 3096.677574 3071.713436 3048.664971 3060.935006 3089.840131 3119.768266 3152.612009 3169.603417 3158.163470 3155.234111 3161.981907 3179.982559 3187.877046 3184.062388 3167.832924 3190.109895 3203.163481 3207.519251 3205.367904 3195.436936 3204.255570 3218.215818 3211.161464 3195.948778 3206.726784 3221.715958 3232.829276 3224.768809 3168.552431 3156.576647 3153.882886 3150.247628 3137.712847 3134.234227 3162.841965 3162.916891 3156.110899 3139.353876 3106.531273 3061.683230 3043.268103 3084.214497 3128.318449 3184.543274 -9999.0 -9999.0 -9999.0 -9999.0 -9999.0 -9999.0 -9999.0 -9999.0 -9999.0 -9999.0 -9999.0 -9999.0 -9999.0 -9999.0
-9999.0 -9999.0 -9999.0 -9999.0 -9999.0 -9999.0 -9999.0 -9999.0 -9999.0 2982.444180 2984.771276 2991.424984 2993.495588 3008.307998 3004.862598 3011.402797 3015.152617 3041.826881 3070.830993 3103.843182 3130.347813 3120.645878 3118.893758 3122.606597 3117.010596 3124.458187 3144.228118 3178.942616 3209.864330 3244.695790 3210.974032 3205.797194 3222.940081 3264.020656 3287.148245 3289.038467 3270.302911 3286.348626 3309.604132 3325.253745 3321.610304 3315.584529 3341.239917 3356.252182 3350.509257 3329.244801 3327.673954 3335.073191 3364.338189 3314.202573 3249.077250 3210.907672 3226.860064 3206.067740 3180.318002 3170.960194 3172.072140 3191.939251 3180.739058 3148.411558 3115.669813 3104.630367 3088.433844 3109.849371 3133.664259 3180.024155 3220.284776 3250.451233 3250.331414 3233.366043 -9999.0 -9999.0 -9999.0 -9999.0 -9999.0 -9999.0 -9999.0 -9999.0 -9999.0 -9999.0
-9999.0 -9999.0 -9999.0 -9999.0 -9999.0 -9999.0 2903.683850 2914.181091 2934.941840 2937.679206 2964.050723 2969.247201 2983.003695 2999.678173 3020.775104 3033.095530 3057.588555 3086.818252 3122.186202 3159.219861 3184.896512 3174.262382 3177.741990 3196.868893 3223.368924 3242.019452 3263.984556 3300.988894 3372.309367 3408.195149 3401.061046 3401.739431 3409.814825 3459.781124 3523.462184 3534.450213 3513.849580 3500.706430 3523.995175 3561.123889 3559.409264 3558.216754 3571.033097 3581.719841 3608.471649 3597.801875 3562.008781 3556.412621 3562.825019 3540.688514 3472.634630 3415.738107 3396.900512 3351.062206 3268.801680 3226.227511 3249.697539 3277.714831 3256.472882 3207.723554 3177.106176 3172.176280 3161.689571 3155.229452 3168.093953 3190.778580 3215.337255 3229.665612 3218.297708 3197.935684 3176.898771 3148.996053 3151.815193 3176.947089 -9999.0 -9999.0 -9999.0 -9999.0 -9999.0 -9999.0
-9999.0 -9999.0 -9999.0 -9999.0 2854.046420 2866.907749 2852.253284 2878.312893 2910.245800 2943.726013 2971.115685 2996.894013 3019.274237 3045.228896 3077.744156 3099.428836 3130.953781 3159.813888 3204.840008 3265.283474 3308.935978 3322.066897 3330.117496 3380.480758 3436.317063 3483.117539 3501.543054 3527.085318 3572.223132 3628.404225 3650.620431 3653.458570 3670.332838 3713.084584 3768.773381 3803.708591 3786.153678 3777.224330 3787.068730 3801.154921 3823.289987 3823.365366 3824.476746 3828.499836 3835.999793 3834.342086 3807.999025 3774.697427 3761.802371 3751.821799 3714.378555 3642.745006 3612.421453 3583.865017 3542.225771 3488.623175 3440.970272 3441.796711 3387.796813 3333.704233 3284.049850 3276.195524 3256.251297 3240.692864 3223.557603 3236.018992 3248.198421 3233.537360 3204.122207 3175.653414 3162.941994 3145.639650 3134.649970 3165.964815 3183.834111 3213.524372 -9999.0 -9999.0 -9999.0 -9999.0
-9999.0 -9999.0 2795.078100 2840.445134 2897.331821 2903.417537 2897.021905 2899.862197 2926.127268 2975.187390 3030.712268 3067.053030 3095.420625 3124.698860 3173.149244 3234.739537 3294.021882 3335.807607 3392.743687 3461.301677 3519.930004 3546.586464 3555.408768 3590.638502 3644.881951 3713.305067 3741.078964 3767.340234 3798.830976 3834.931665 3827.813890 3838.649971 3850.851051 3863.086392 3877.566072 3884.434503 3879.652074 3875.068629 3856.557239 3851.464948 3857.966582 3865.818520 3864.945874 3850.339481 3846.372570 3861.298627 3867.415201 3865.411475 3862.721042 3867.726451 3863.640285 3815.823389 3797.271755 3782.201770 3770.768667 3724.869870 3658.536520 3626.055867 3604.929479 3564.371450 3491.381848 3453.836281 3414.659711 3380.111545 3342.959998 3329.722162 3297.468280 3265.623839 3227.234874 3186.824391 3168.520043 3154.372355 3154.190358 3155.060907 3172.929449 3188.610142 3204.650338 3212.763920 -9999.0 -9999.0
-9999.0 2691.978758 2763.567643 2878.063423 2955.368330 2988.448054 2997.104403 3000.109618 3024.124902 3054.594800 3140.600124 3189.807042 3271.758902 3307.990746 3348.108619 3437.287866 3530.566979 3573.321990 3611.646199 3674.415453 3739.428078 3786.175690 3812.329001 3792.971840 3831.945159 3860.481544 3868.211158 3874.941514 3874.674655 3866.189959 3859.585500 3866.295277 3863.378947 3844.289835 3828.301708 3826.583132 3823.200936 3799.964753 3772.503497 3757.131639 3758.617919 3783.478142 3770.426910 3749.092160 3744.692325 3766.290749 3787.501093 3776.865522 3763.751096 3780.296929 3814.771901 3839.384309 3841.010467 3859.408174 3880.491714 3851.661937 3829.961560 3786.402887 3769.594531 3744.266102 3687.731426 3633.010252 3585.156297 3536.835471 3484.640277 3435.713269 3388.353725 3341.543649 3288.544148 3256.037352 3231.933469 3189.305115 3177.023029 3183.255007 3178.665962 3177.309003 3183.963940 3190.613829 -9999.0 -9999.0
-9999.0 2596.616146 2736.144858 2906.063391 3044.941619 3084.804718 3147.023091 3201.115162 3214.135263 3161.183030 3259.305328 3474.263115 3593.487410 3610.186244 3684.696941 3778.524289 3763.110664 3794.088303 3816.921445 3841.453908 3861.200393 3875.062684 3873.223466 3867.927467 3851.517984 3843.531423 3842.672722 3840.591611 3823.284138 3804.410198 3787.668937 3784.605623 3766.837793 3717.942501 3684.948990 3667.727019 3649.227992 3635.680217 3608.326668 3582.504625 3566.310250 3577.091675 3574.993383 3561.333175 3556.909314 3575.145430 3605.971456 3603.706116 3614.991990 3634.483116 3669.857162 3707.694664 3726.860973 3755.793302 3791.254081 3838.763641 3847.873856 3870.210903 3873.258390 3862.303062 3816.132424 3764.907631 3735.667105 3680.621626 3621.174427 3559.608814 3511.046872 3466.583193 3411.744771 3377.794505 3338.816698 3285.584533 3242.633292 3234.688078 3201.444336 3188.321126 -9999.0 -9999.0 -9999.0 -9999.0
-9999.0 2495.777727 2675.892766 2906.908584 3194.139259 3265.933724 3465.024571 3577.988037 3616.500381 3682.808547 3569.665155 3770.639057 3821.701812 3816.254633 3830.374951 3833.301669 3847.384947 3846.842837 3841.773891 3830.831294 3821.343969 3816.849891 3815.758945 3807.865079 3795.284905 3780.718391 3768.880021 3757.565039 3721.179554 3689.468733 3650.789103 3638.470955 3594.699196 3503.519665 3464.981543 3427.050219 3367.066976 3369.377487 3376.264079 3352.636741 3333.304924 3305.845578 3334.881082 3345.128196 3349.112042 3345.000710 3354.895047 3382.582880 3429.649415 3463.579949 3502.212919 3549.743335 3579.829661 3618.719120 3658.458122 3710.480454 3741.343514 3770.057163 3818.507546 3855.404715 3878.032734 3864.258445 3845.301837 3801.127319 3741.166146 3692.026755 3663.359409 3613.308388 3570.044220 3526.630791 3480.408508 3427.898017 3366.828672 3313.347056 3279.535187 -9999.0 -9999.0 -9999.0 -9999.0 -9999.0
-9999.0 2275.510014 2539.587772 2796.986276 3068.232157 3405.994631 3572.400938 3667.059322 3729.479442 3710.308083 3731.676159 3738.499194 3775.336921 3782.284242 3760.834932 3747.254808 3730.009249 3728.920625 3741.950744 3714.801404 3684.801830 3671.597567 3672.471474 3661.776485 3638.112341 3623.247269 3613.969169 3595.723524 3552.892409 3503.282595 3420.193495 3386.752355 3309.402151 3270.479996 3234.361453 3188.118409 3145.583313 3151.211137 3174.257522 3166.674071 3146.228186 3129.407483 3158.601007 3177.682668 3190.715626 3174.729306 3181.287681 3215.283990 3261.256342 3301.102702 3344.446635 3391.683548 3432.928245 3471.898414 3492.949055 3532.375439 3574.091550 3615.319575 3684.937189 3762.548221 3797.976461 3832.274800 3861.490286 3883.234067 3840.582926 3814.014543 3790.548886 3767.408905 3721.577837 3676.425373 3635.905606 3571.880909 3512.393195 -9999.0 -9999.0 -9999.0 -9999.0 -9999.0 -9999.0 -9999.0
-9999.0 2162.429142 2357.196237 2550.920159 2788.792554 3012.188124 3229.041547 3319.151593 3388.408341 3456.358369 3508.351248 3545.283393 3571.004850 3592.324299 3569.682046 3524.253087 3492.360549 3497.258256 3488.743084 3467.734622 3440.230488 3427.451210 3425.037825 3420.380600 3399.317529 3389.172015 3382.565898 3365.016342 3339.830404 3287.883115 3217.158153 3146.850173 3093.865824 3074.556997 3052.420826 3026.057718 2999.644783 3013.255449 3026.226731 3026.436994 3020.054012 3020.319835 3049.362014 3069.064306 3078.501864 3067.518873 3085.534284 3108.494258 3145.147981 3182.747212 3226.796858 3276.212487 3323.969718 3343.816859 3345.925870 3357.518920 3384.740339 3427.664168 3503.514260 3588.923023 3665.532798 3710.538074 3760.943501 3800.542533 3828.252518 3853.861374 3875.674807 3868.291525 3842.720550 3809.611189 3751.425601 -9999.0 -9999.0 -9999.0 -9999.0 -9999.0 -9999.0 -9999.0 -9999.0 -9999.0
-9999.0 -9999.0 2131.094587 2284.894311 2384.257353 2547.948470 2692.668404 2802.798916 2873.038578 3001.752085 3121.576016 3211.854924 3257.454607 3272.807056 3258.875937 3230.299966 3212.973625 3212.648982 3201.173636 3194.860009 3180.576574 3175.525509 3165.877832 3158.863722 3154.991546 3154.675633 3152.904962 3145.390579 3129.317959 3088.750326 3052.371977 3008.926284 2971.494556 2950.256725 2932.443498 2915.737766 2920.002970 2915.513048 2921.325141 2924.489678 2934.262102 2948.551288 2967.985551 2985.448271 2994.985963 3004.950360 3015.631208 3036.965450 3066.530336 3106.112433 3156.867716 3210.038849 3245.265544 3251.654587 3233.439194 3228.246773 3236.207579 3264.805378 3327.794977 3396.245377 3484.998023 3549.847435 3616.372091 3671.874992 3698.268432 3734.640419 3804.247369 3852.228517 3893.924462 3871.565362 -9999.0 -9999.0 -9999.0 -9999.0 -9999.0 -9999.0 -9999.0 -9999.0 -9999.0 -9999.0
-9999.0 -9999.0 -9999.0 -9999.0 2145.542542 2293.017705 2390.699410 2471.035710 2605.677514 2737.598734 2811.111501 2897.256065 2965.616805 2980.695123 2980.987101 2997.235659 2996.219592 2987.267511 2976.602608 2981.485368 2986.478738 2980.772549 2975.400569 2969.650755 2974.063942 2982.659723 2981.864166 2970.216373 2953.578388 2940.407030 2928.529134 2899.147430 2868.319288 2842.379415 2831.675094 2829.645778 2830.684082 2823.585121 2832.530832 2841.741644 2857.964901 2873.263820 2896.809304 2926.357427 2941.011753 2955.625331 2964.124797 2982.481357 3006.202087 3057.202733 3118.393363 3174.301335 3206.888390 3206.881755 3178.836945 3156.934055 3144.375133 3161.655637 3189.375765 3239.945604 3328.639985 3390.146776 3435.417395 3474.150631 3510.343249 3574.897874 3668.582547 3749.383807 -9999.0 -9999.0 -9999.0 -9999.0 -9999.0 -9999.0 -9999.0 -9999.0 -9999.0 -9999.0 -9999.0 -9999.0
-9999.0 -9999.0 -9999.0 -9999.0 -9999.0 -9999.0 2121.818661 2227.848149 2296.095426 2449.838269 2596.103894 2705.660050 2790.945333 2828.218736 2824.265268 2854.372826 2855.000406 2834.882709 2813.197537 2835.081954 2854.378617 2848.214714 2816.321111 2818.331138 2826.144642 2835.062981 2833.841853 2829.477114 2806.707625 2825.208454 2831.491229 2810.891876 2787.749422 2798.315587 2786.936192 2796.756685 2796.717161 2782.126747 2780.906201 2793.256858 2814.481021 2827.488488 2848.546303 2881.729935 2914.155686 2929.706254 2930.412190 2934.868823 2971.234125 3034.755219 3105.141343 3159.606921 3189.437753 3193.802917 3163.535574 3118.529891 3092.166200 3090.832667 3114.858000 3153.953188 3213.144479 3248.992542 3259.886801 3260.803715 3272.806589 3371.424328 -9999.0 -9999.0 -9999.0 -9999.0 -9999.0 -9999.0 -9999.0 -9999.0 -9999.0 -9999.0 -9999.0 -9999.0 -9999.0 -9999.0
-9999.0 -9999.0 -9999.0 -9999.0 -9999.0 -9999.0 -9999.0 -9999.0 -9999.0 -9999.0 -9999.0 -9999.0 -9999.0 -9999.0 -9999.0 -9999.0 -9999.0 -9999.0 -9999.0 -9999.0 -9999.0 -9999.0 -9999.0 -9999.0 -9999.0 -9999.0 -9999.0 -9999.0 -9999.0 -9999.0 -9999.0 -9999.0 -9999.0 -9999.0 -9999.0 -9999.0 -9999.0 -9999.0 -9999.0 -9999.0 -9999.0 -9999.0 -9999.0 -9999.0 -9999.0 -9999.0 -9999.0 -9999.0 -9999.0 -9999.0 -9999.0 -9999.0 -9999.0 -9999.0 -9999.0 -9999.0 -9999.0 -9999.0 -9999.0 -9999.0 -9999.0 -9999.0 -9999.0 -9999.0 -9999.0 -9999.0 -9999.0 -9999.0 -9999.0 -9999.0 -9999.0 -9999.0 -9999.0 -9999.0 -9999.0 -9999.0 -9999.0 -9999.0 -9999.0 -9999.0
-9999.0 -9999.0 -9999.0 -9999.0 -9999.0 -9999.0 -9999.0 -9999.0 -9999.0 -9999.0 -9999.0 -9999.0 -9999.0 -9999.0 -9999.0 -9999.0 -9999.0 -9999.0 -9999.0 -9999.0 -9999.0 -9999.0 -9999.0 -9999.0 -9999.0 -9999.0 -9999.0 -9999.0 -9999.0 -9999.0 -9999.0 -9999.0 -9999.0 -9999.0 -9999.0 -9999.0 -9999.0 -9999.0 -9999.0 -9999.0 -9999.0 -9999.0 -9999.0 -9999.0 -9999.0 -9999.0 -9999.0 -9999.0 -9999.0 -9999.0 -9999.0 -9999.0 -9999.0 -9999.0 -9999.0 -9999.0 -9999.0 -9999.0 -9999.0 -9999.0 -9999.0 -9999.0 -9999.0 -9999.0 -9999.0 -9999.0 -9999.0 -9999.0 -9999.0 -9999.0 -9999.0 -9999.0 -9999.0 -9999.0 -9999.0 -9999.0 -9999.0 -9999.0 -9999.0 -9999.0