Borden_/Borden1m_014/output_maps/psiliqL0027N0008.asc
ncols         80
nrows         18
xllcorner     620200.000000
yllcorner     5168000.000000
cellsize      1.000000
NODATA_value  -9999.0
-9999.0 -9999.0 -9999.0 -9999.0 -9999.0 -9999.0 -9999.0 -9999.0 -9999.0 -9999.0 -9999.0 -9999.0 -9999.0 -9999.0 -9999.0 -9999.0 -9999.0 -9999.0 -9999.0 -9999.0 -9999.0 -9999.0 -9999.0 -9999.0 -9999.0 -9999.0 -9999.0 -9999.0 -9999.0 -9999.0 -9999.0 -9999.0 -9999.0 -9999.0 -9999.0 -9999.0 -9999.0 -9999.0 -9999.0 -9999.0 -9999.0 -9999.0 -9999.0 -9999.0 -9999.0 -9999.0 -9999.0 -9999.0 -9999.0 -9999.0 -9999.0 -9999.0 -9999.0 -9999.0 -9999.0 -9999.0 -9999.0 -9999.0 -9999.0 -9999.0 -9999.0 -9999.0 -9999.0 -9999.0 -9999.0 -9999.0 -9999.0 -9999.0 -9999.0 -9999.0 -9999.0 -9999.0 -9999.0 -9999.0 -9999.0 -9999.0 -9999.0 -9999.0 -9999.0 -9999.0
-9999.0 -9999.0 -9999.0 -9999.0 -9999.0 -9999.0 -9999.0 -9999.0 -9999.0 -9999.0 -9999.0 -9999.0 -9999.0 -9999.0 -9999.0 -9999.0 -9999.0 -9999.0 -9999.0 -9999.0 -9999.0 -9999.0 -9999.0 -9999.0 -9999.0 -9999.0 -9999.0 -9999.0 -9999.0 -9999.0 -9999.0 -9999.0 -9999.0 -9999.0 -9999.0 -9999.0 -9999.0 -9999.0 -9999.0 -9999.0 -9999.0 -9999.0 -9999.0 -9999.0 -9999.0 -9999.0 -9999.0 -9999.0 -9999.0 -9999.0 -9999.0 -9999.0 -9999.0 -9999.0 -9999.0 -9999.0 -9999.0 -9999.0 -9999.0 -9999.0 -9999.0 -9999.0 -9999.0 -9999.0 -9999.0 -9999.0 -9999.0 -9999.0 -9999.0 -9999.0 -9999.0 -9999.0 -9999.0 -9999.0 -9999.0 -9999.0 -9999.0 -9999.0 -9999.0 -9999.0
-9999.0 -9999.0 -9999.0 -9999.0 -9999.0 -9999.0 -9999.0 -9999.0 -9999.0 -9999.0 -9999.0 -9999.0 -9999.0 -9999.0 -9999.0 -9999.0 -9999.0 -9999.0 -9999.0 -9999.0 3525.148171 3525.920912 3504.180890 3469.883814 3441.420101 3442.979411 3475.484100 3515.757764 3554.279544 3561.148839 3541.687605 3545.335641 3540.655487 3535.621672 3535.399563 3543.014380 3549.681539 3559.103669 3565.788950 3563.199464 3555.642081 3550.567877 3553.296889 3554.737013 3561.078667 3546.313402 3562.518192 3578.942337 3583.677901 3581.260274 3557.951784 3546.512381 3538.845036 3523.520782 3550.521345 3562.428593 3586.217963 3591.141440 3589.394517 3562.962355 3533.094663 -9999.0 -9999.0 -9999.0 -9999.0 -9999.0 -9999.0 -9999.0 -9999.0 -9999.0 -9999.0 -9999.0 -9999.0 -9999.0 -9999.0 -9999.0 -9999.0 -9999.0 -9999.0 -9999.0
-9999.0 -9999.0 -9999.0 -9999.0 -9999.0 -9999.0 -9999.0 -9999.0 -9999.0 -9999.0 -9999.0 -9999.0 -9999.0 -9999.0 3435.331858 3426.502326 3423.371333 3430.263853 3462.320569 3492.304653 3503.783586 3496.078072 3495.587569 3470.431796 3447.014195 3459.077472 3487.982337 3517.861323 3550.656875 3567.296683 3555.968731 3552.987983 3559.308689 3577.931364 3585.168393 3581.247617 3563.664446 3587.879436 3600.674191 3604.514222 3602.262741 3592.193785 3600.422256 3614.183672 3607.075178 3592.053425 3603.647568 3619.035550 3629.752231 3622.321945 3565.082812 3554.092491 3551.433116 3548.106579 3535.616009 3532.445629 3561.533385 3561.561118 3554.912091 3538.230498 3505.281719 3460.284251 3441.789363 3483.069781 3527.171751 3583.803552 -9999.0 -9999.0 -9999.0 -9999.0 -9999.0 -9999.0 -9999.0 -9999.0 -9999.0 -9999.0 -9999.0 -9999.0 -9999.0 -9999.0
-9999.0 -9999.0 -9999.0 -9999.0 -9999.0 -9999.0 -9999.0 -9999.0 -9999.0 3378.220358 3384.111454 3390.753656 3392.912120 3407.645322 3404.012374 3410.519803 3413.789491 3440.569710 3469.386599 3502.216631 3528.532154 3518.825244 3516.898580 3519.669486 3512.643872 3519.492693 3539.228958 3575.128457 3605.111660 3639.459219 3605.156450 3599.694233 3616.738757 3657.112802 3678.794544 3679.930872 3661.080640 3678.623861 3701.849592 3716.721589 3712.850510 3706.414263 3732.517399 3747.920557 3740.883320 3719.072425 3719.064837 3727.446835 3757.216390 3706.677725 3640.913183 3604.206845 3621.640534 3601.749332 3577.469820 3567.825543 3569.401800 3590.433994 3579.543284 3546.467096 3514.026455 3502.768074 3486.597859 3508.633262 3532.598470 3579.576903 3620.007174 3650.278619 3650.021573 3633.023720 -9999.0 -9999.0 -9999.0 -9999.0 -9999.0 -9999.0 -9999.0 -9999.0 -9999.0 -9999.0
-9999.0 -9999.0 -9999.0 -9999.0 -9999.0 -9999.0 3299.893039 3310.265279 3330.728586 3332.806856 3358.968302 3363.566605 3381.709303 3398.144153 3419.354561 3431.166206 3454.966524 3483.893505 3518.699491 3555.045471 3581.512642 3568.695213 3573.216238 3590.940554 3615.805036 3633.144078 3655.180956 3692.533868 3764.428858 3800.273447 3791.150788 3791.445805 3799.477942 3849.971753 3913.913499 3924.288426 3903.558521 3890.702595 3914.852232 3952.670076 3950.080424 3948.803577 3962.451760 3973.524716 4000.414264 3989.106258 3953.254214 3948.788520 3956.491285 3932.794230 3862.731573 3806.198869 3789.066096 3742.344384 3658.875366 3617.613499 3643.674383 3672.976882 3652.481571 3603.847823 3572.777335 3568.431436 3558.375928 3552.775297 3566.483013 3590.389010 3614.966869 3629.499586 3618.108732 3597.633176 3576.354801 3548.517956 3551.463598 3576.560085 -9999.0 -9999.0 -9999.0 -9999.0 -9999.0 -9999.0
-9999.0 -9999.0 -9999.0 -9999.0 3250.819046 3263.339191 3247.810946 3273.565565 3304.826469 3337.683577 3364.058377 3394.514308 3416.510342 3442.097075 3473.687390 3493.598349 3523.909629 3552.286638 3598.204697 3658.144936 3701.314281 3713.327402 3721.086315 3771.449039 3827.289546 3873.760653 3892.360791 3918.382186 3965.059737 4021.707447 4043.702731 4046.150404 4063.093341 4107.440346 4164.938748 4200.407634 4182.555666 4173.313216 4183.966825 4198.756048 4220.911117 4220.958722 4222.093880 4226.508490 4234.542094 4232.526567 4205.374198 4171.691949 4158.644634 4148.275753 4108.919088 4036.083318 4006.566320 3977.122005 3932.807494 3877.992311 3832.614010 3835.580338 3780.801345 3725.634752 3677.059600 3670.767714 3651.770086 3637.006599 3621.049765 3634.596404 3647.588505 3633.250950 3603.719743 3574.897563 3562.380724 3545.203080 3534.095577 3565.578868 3583.664442 3613.165613 -9999.0 -9999.0 -9999.0 -9999.0
-9999.0 -9999.0 3192.525148 3237.049091 3293.478895 3298.583529 3290.307141 3291.951063 3317.135135 3365.077082 3425.312806 3460.107023 3486.745928 3516.053529 3565.216610 3624.900330 3683.365986 3725.350933 3783.419861 3852.910571 3911.906745 3938.297123 3946.707731 3982.521432 4037.799490 4108.206227 4136.714074 4163.575415 4195.997779 4233.271231 4222.921475 4233.253772 4246.161294 4260.105451 4276.166559 4283.882650 4278.798527 4274.147433 4255.456377 4250.081906 4256.527121 4264.941206 4263.649756 4248.813465 4244.830265 4259.995953 4266.501476 4264.235925 4261.071263 4265.716233 4260.220685 4210.567023 4195.245481 4179.661322 4167.335422 4120.599740 4053.149075 4021.351373 3999.261260 3957.572260 3883.883118 3847.566677 3808.901138 3775.118197 3738.649876 3726.913749 3695.636305 3664.265923 3626.199245 3585.977131 3567.402732 3553.674908 3553.678253 3554.562891 3572.620987 3588.465259 3604.526420 3612.646062 -9999.0 -9999.0
-9999.0 3082.107173 3152.477019 3272.751323 3349.243660 3384.144988 3389.234061 3389.343934 3413.397332 3445.678963 3529.779806 3575.138478 3657.439427 3695.178820 3734.918133 3824.663647 3919.824985 3963.702859 4003.335982 4068.379200 4135.242732 4182.866648 4209.468090 4184.931921 4225.417745 4257.225975 4266.034574 4273.559109 4274.109164 4265.542051 4259.275698 4265.856680 4262.765073 4243.313129 4226.980799 4225.128703 4221.664336 4198.109481 4170.394787 4154.648105 4155.770899 4181.033916 4167.689305 4146.196772 4141.733532 4163.577887 4185.394728 4174.545943 4161.316265 4177.978450 4212.922216 4238.504619 4238.677718 4257.486910 4278.667375 4249.181034 4228.567451 4184.046940 4166.904431 4141.298915 4083.788291 4028.925649 3980.604927 3932.319526 3880.362797 3832.295283 3785.072203 3738.196910 3685.556478 3653.183747 3629.430798 3587.512647 3575.692063 3582.788449 3578.329345 3577.071070 3583.856516 3590.499653 -9999.0 -9999.0
-9999.0 2983.562102 3121.345937 3297.005265 3437.844992 3475.523003 3532.016929 3584.749840 3596.931662 3538.883019 3639.743514 3857.412458 3982.535559 4000.842853 4077.515358 4174.234641 4153.489953 4185.352428 4209.090272 4236.918575 4259.250086 4274.261884 4272.720298 4267.755413 4251.099149 4243.055364 4242.130430 4239.963357 4222.363456 4203.226698 4186.287266 4182.945569 4164.651457 4114.186725 4080.602726 4062.713323 4042.903142 4029.745873 4002.797885 3976.599500 3959.651196 3969.329860 3968.160463 3955.072682 3950.666820 3968.512678 3999.436079 3998.007551 4010.583688 4030.352947 4065.856090 4104.486435 4123.866168 4153.211357 4189.048496 4237.773642 4245.972656 4268.559174 4271.303977 4261.671049 4214.517888 4162.528983 4132.947042 4077.236583 4017.659862 3955.952252 3906.894909 3862.223415 3806.964881 3773.375304 3734.650061 3681.361076 3639.561642 3633.346846 3600.538562 3588.185466 -9999.0 -9999.0 -9999.0 -9999.0
-9999.0 2878.280531 3055.391001 3290.369637 3585.084956 3652.147000 3854.147336 3968.134028 4006.176846 4074.269764 3945.583259 4159.629896 4214.985796 4210.647175 4228.768483 4232.353434 4246.920932 4246.134714 4241.045390 4229.926929 4220.196936 4215.515137 4214.502142 4206.561070 4193.871616 4179.179567 4167.179683 4155.572532 4118.560022 4086.315563 4046.301434 4033.593231 3987.865889 3895.557383 3856.958543 3817.742541 3756.035844 3759.125345 3767.838805 3744.200655 3724.436358 3695.312453 3725.802921 3737.369320 3741.857417 3736.557419 3745.564577 3775.041038 3823.625541 3858.158844 3896.943700 3945.019027 3975.672743 4014.896878 4054.490332 4106.947892 4138.409410 4167.435545 4216.890588 4254.029445 4276.876797 4262.462073 4244.435562 4199.078147 4138.606984 4089.146639 4059.910079 4009.077682 3965.469908 3922.116897 3875.760691 3823.133654 3761.751334 3711.029451 3677.676569 -9999.0 -9999.0 -9999.0 -9999.0 -9999.0
-9999.0 2655.521357 2911.894818 3172.563713 3440.777666 3784.701792 3961.937286 4054.526606 4118.414442 4103.762119 4129.393343 4135.117145 4172.468215 4180.092345 4158.755849 4144.580369 4126.501094 4125.411633 4138.515916 4110.955912 4080.418835 4066.918555 4067.858125 4057.176320 4033.139114 4018.289198 4009.062000 3990.382295 3947.320990 3896.824974 3812.231377 3776.828856 3697.446922 3660.601388 3624.998096 3578.395397 3534.663787 3541.086050 3566.660124 3558.317367 3537.924857 3521.256067 3551.002876 3572.259494 3585.646788 3568.963161 3575.407025 3609.664011 3655.852050 3696.027242 3739.468303 3787.115329 3828.976925 3867.714015 3887.911899 3926.597420 3968.724994 4010.364612 4080.717465 4159.769686 4196.172081 4231.106367 4259.621910 4281.690960 4238.594819 4212.637332 4188.685266 4164.949272 4118.462683 4072.922760 4032.362026 3967.273514 3907.731191 -9999.0 -9999.0 -9999.0 -9999.0 -9999.0 -9999.0 -9999.0
-9999.0 2544.802576 2734.537901 2911.222146 3152.332888 3380.126888 3605.824118 3695.861285 3766.497690 3842.352120 3898.726307 3937.334187 3963.118565 3984.897054 3962.386961 3915.746521 3883.227601 3888.322519 3878.889187 3858.236454 3830.803619 3818.144672 3815.436566 3810.929628 3790.103248 3780.308473 3773.897925 3756.239732 3731.644929 3679.158938 3608.823662 3535.745053 3483.202463 3465.582694 3444.284104 3418.620618 3393.534656 3407.510572 3420.352609 3421.064581 3415.369054 3416.207677 3445.247111 3465.275690 3474.683795 3463.979675 3482.018094 3504.620967 3540.859121 3579.639273 3623.769306 3673.312215 3721.228200 3740.505813 3741.538698 3751.743057 3778.444623 3821.067911 3896.974027 3982.994598 4061.499069 4107.314463 4158.341059 4198.681189 4227.262412 4251.329706 4274.360089 4267.905298 4241.556715 4207.965441 4148.717251 -9999.0 -9999.0 -9999.0 -9999.0 -9999.0 -9999.0 -9999.0 -9999.0 -9999.0
-9999.0 -9999.0 2509.390546 2658.056775 2748.577325 2890.500148 3026.365468 3130.273364 3232.116648 3376.750278 3501.146548 3595.965446 3642.844574 3658.523621 3644.960082 3617.399725 3600.876478 3600.444363 3588.579763 3583.015520 3569.678009 3564.938059 3553.060335 3546.036527 3543.167015 3543.604119 3542.173133 3534.910224 3519.427490 3479.379852 3444.767977 3402.075658 3357.465602 3337.267843 3320.591940 3305.162763 3310.820392 3306.371753 3312.361553 3315.909799 3326.322030 3340.988656 3360.317472 3383.206087 3392.845470 3403.194636 3413.686925 3434.805761 3464.083090 3503.679291 3554.459761 3608.766934 3644.071941 3650.154739 3631.161226 3624.982464 3631.753339 3659.238119 3720.802774 3788.954329 3879.005959 3944.739006 4011.680553 4067.937060 4094.831286 4131.223323 4202.078248 4250.152265 4293.391330 4270.945456 -9999.0 -9999.0 -9999.0 -9999.0 -9999.0 -9999.0 -9999.0 -9999.0 -9999.0 -9999.0
-9999.0 -9999.0 -9999.0 -9999.0 2517.221763 2662.746069 2759.813590 2815.024055 2947.250568 3075.862371 3180.982632 3268.256454 3338.143158 3364.277463 3366.473509 3385.325029 3385.145765 3375.538947 3364.601192 3370.734581 3376.993137 3371.395397 3354.553427 3349.293312 3354.735338 3364.393430 3364.190809 3353.144765 3336.936803 3326.084534 3316.340289 3288.254331 3258.524395 3233.303169 3223.408031 3222.442617 3223.958790 3216.961546 3226.067090 3235.931966 3252.417192 3267.750793 3291.275457 3321.134911 3335.986198 3350.508228 3358.638679 3376.453860 3404.572936 3455.572128 3516.792525 3572.930277 3606.536019 3606.381259 3577.084972 3554.576315 3541.046964 3557.321315 3585.212754 3634.526451 3723.088763 3784.864741 3829.194127 3867.162572 3903.432242 3969.155333 4064.771806 4146.596927 -9999.0 -9999.0 -9999.0 -9999.0 -9999.0 -9999.0 -9999.0 -9999.0 -9999.0 -9999.0 -9999.0 -9999.0
-9999.0 -9999.0 -9999.0 -9999.0 -9999.0 -9999.0 2495.939453 2602.931300 2668.971066 2796.898768 2943.775934 3049.774509 3133.216865 3169.894790 3205.328051 3236.611467 3237.787400 3217.306367 3195.126776 3217.954943 3238.765248 3232.713856 3200.276428 3203.018075 3211.740472 3221.022911 3220.223255 3216.521413 3194.493435 3214.876574 3222.724187 3202.981821 3180.484362 3170.651925 3161.211192 3172.852754 3174.282176 3160.723722 3160.018838 3188.810096 3210.469139 3223.463594 3244.358963 3277.557510 3309.982234 3325.561210 3326.034425 3330.023601 3365.606317 3433.141892 3503.742977 3558.524269 3589.240485 3593.493042 3562.129489 3516.733739 3489.916737 3487.822267 3510.923172 3548.800841 3608.987366 3644.192358 3653.457932 3652.467132 3663.188284 3763.595549 -9999.0 -9999.0 -9999.0 -9999.0 -9999.0 -9999.0 -9999.0 -9999.0 -9999.0 -9999.0 -9999.0 -9999.0 -9999.0 -9999.0
-9999.0 -9999.0 -9999.0 -9999.0 -9999.0 -9999.0 -9999.0 -9999.0 -9999.0 -9999.0 -9999.0 -9999.0 -9999.0 -9999.0 -9999.0 -9999.0 -9999.0 -9999.0 -9999.0 -9999.0 -9999.0 -9999.0 -9999.0 -9999.0 -9999.0 -9999.0 -9999.0 -9999.0 -9999.0 -9999.0 -9999.0 -9999.0 -9999.0 -9999.0 -9999.0 -9999.0 -9999.0 -9999.0 -9999.0 -9999.0 -9999.0 -9999.0 -9999.0 -9999.0 -9999.0 -9999.0 -9999.0 -9999.0 -9999.0 -9999.0 -9999.0 -9999.0 -9999.0 -9999.0 -9999.0 -9999.0 -9999.0 -9999.0 -9999.0 -9999.0 -9999.0 -9999.0 -9999.0 -9999.0 -9999.0 -9999.0 -9999.0 -9999.0 -9999.0 -9999.0 -9999.0 -9999.0 -9999.0 -9999.0 -9999.0 -9999.0 -9999.0 -9999.0 -9999.0 -9999.0
-9999.0 -9999.0 -9999.0 -9999.0 -9999.0 -9999.0 -9999.0 -9999.0 -9999.0 -9999.0 -9999.0 -9999.0 -9999.0 -9999.0 -9999.0 -9999.0 -9999.0 -9999.0 -9999.0 -9999.0 -9999.0 -9999.0 -9999.0 -9999.0 -9999.0 -9999.0 -9999.0 -9999.0 -9999.0 -9999.0 -9999.0 -9999.0 -9999.0 -9999.0 -9999.0 -9999.0 -9999.0 -9999.0 -9999.0 -9999.0 -9999.0 -9999.0 -9999.0 -9999.0 -9999.0 -9999.0 -9999.0 -9999.0 -9999.0 -9999.0 -9999.0 -9999.0 -9999.0 -9999.0 -9999.0 -9999.0 -9999.0 -9999.0 -9999.0 -9999.0 -9999.0 -9999.0 -9999.0 -9999.0 -9999.0 -9999.0 -9999.0 -9999.0 -9999.0 -9999.0 -9999.0 -9999.0 -9999.0 -9999.0 -9999.0 -9999.0 -9999.0 -9999.0 -9999.0 -9999.0