Borden_/Borden1m_014/output_maps/psiliqL0023N0034.asc
ncols         80
nrows         18
xllcorner     620200.000000
yllcorner     5168000.000000
cellsize      1.000000
NODATA_value  -9999.0
-9999.0 -9999.0 -9999.0 -9999.0 -9999.0 -9999.0 -9999.0 -9999.0 -9999.0 -9999.0 -9999.0 -9999.0 -9999.0 -9999.0 -9999.0 -9999.0 -9999.0 -9999.0 -9999.0 -9999.0 -9999.0 -9999.0 -9999.0 -9999.0 -9999.0 -9999.0 -9999.0 -9999.0 -9999.0 -9999.0 -9999.0 -9999.0 -9999.0 -9999.0 -9999.0 -9999.0 -9999.0 -9999.0 -9999.0 -9999.0 -9999.0 -9999.0 -9999.0 -9999.0 -9999.0 -9999.0 -9999.0 -9999.0 -9999.0 -9999.0 -9999.0 -9999.0 -9999.0 -9999.0 -9999.0 -9999.0 -9999.0 -9999.0 -9999.0 -9999.0 -9999.0 -9999.0 -9999.0 -9999.0 -9999.0 -9999.0 -9999.0 -9999.0 -9999.0 -9999.0 -9999.0 -9999.0 -9999.0 -9999.0 -9999.0 -9999.0 -9999.0 -9999.0 -9999.0 -9999.0
-9999.0 -9999.0 -9999.0 -9999.0 -9999.0 -9999.0 -9999.0 -9999.0 -9999.0 -9999.0 -9999.0 -9999.0 -9999.0 -9999.0 -9999.0 -9999.0 -9999.0 -9999.0 -9999.0 -9999.0 -9999.0 -9999.0 -9999.0 -9999.0 -9999.0 -9999.0 -9999.0 -9999.0 -9999.0 -9999.0 -9999.0 -9999.0 -9999.0 -9999.0 -9999.0 -9999.0 -9999.0 -9999.0 -9999.0 -9999.0 -9999.0 -9999.0 -9999.0 -9999.0 -9999.0 -9999.0 -9999.0 -9999.0 -9999.0 -9999.0 -9999.0 -9999.0 -9999.0 -9999.0 -9999.0 -9999.0 -9999.0 -9999.0 -9999.0 -9999.0 -9999.0 -9999.0 -9999.0 -9999.0 -9999.0 -9999.0 -9999.0 -9999.0 -9999.0 -9999.0 -9999.0 -9999.0 -9999.0 -9999.0 -9999.0 -9999.0 -9999.0 -9999.0 -9999.0 -9999.0
-9999.0 -9999.0 -9999.0 -9999.0 -9999.0 -9999.0 -9999.0 -9999.0 -9999.0 -9999.0 -9999.0 -9999.0 -9999.0 -9999.0 -9999.0 -9999.0 -9999.0 -9999.0 -9999.0 -9999.0 2757.736053 2759.987345 2739.628310 2707.407388 2681.290543 2685.462518 2721.145162 2764.244303 2805.435711 2815.918796 2799.438256 2804.941498 2802.134614 2799.234175 2801.311443 2810.287722 2818.454251 2829.348336 2838.274306 2838.284612 2833.040113 2829.455750 2832.349675 2834.532625 2840.135853 2825.486689 2839.516416 2799.887195 2803.731528 2800.590950 2821.251014 2805.421929 2793.841045 2775.018182 2798.017914 2807.159950 2797.767723 2801.383537 2799.411882 2796.200700 2765.325204 -9999.0 -9999.0 -9999.0 -9999.0 -9999.0 -9999.0 -9999.0 -9999.0 -9999.0 -9999.0 -9999.0 -9999.0 -9999.0 -9999.0 -9999.0 -9999.0 -9999.0 -9999.0 -9999.0
-9999.0 -9999.0 -9999.0 -9999.0 -9999.0 -9999.0 -9999.0 -9999.0 -9999.0 -9999.0 -9999.0 -9999.0 -9999.0 -9999.0 2662.624493 2654.928153 2653.937600 2663.531609 2698.138692 2729.740923 2741.593938 2735.501406 2736.966618 2714.461044 2694.377065 2709.719506 2741.615919 2773.845656 2809.832142 2830.377101 2821.711868 2821.308956 2830.567921 2802.170104 2810.894222 2808.352382 2844.937170 2814.677472 2827.815315 2833.140805 2831.507702 2822.024877 2831.570032 2845.796811 2838.716460 2823.087719 2832.752480 2846.256531 2857.066452 2847.970427 2838.946102 2822.020610 2815.121645 2807.227535 2790.965693 2784.647722 2809.963754 2805.910276 2795.847220 2776.728686 2742.210388 2696.494994 2675.853510 2713.819471 2755.550446 2791.840192 -9999.0 -9999.0 -9999.0 -9999.0 -9999.0 -9999.0 -9999.0 -9999.0 -9999.0 -9999.0 -9999.0 -9999.0 -9999.0 -9999.0
-9999.0 -9999.0 -9999.0 -9999.0 -9999.0 -9999.0 -9999.0 -9999.0 -9999.0 2599.617326 2606.286022 2615.170808 2619.824939 2637.094338 2635.194890 2644.047089 2651.091323 2680.632238 2712.589704 2748.370599 2776.542459 2770.532739 2770.618607 2777.986660 2776.988475 2788.475139 2811.845964 2802.695421 2834.492019 2870.863873 2838.750879 2834.838160 2853.058373 2895.270668 2920.639984 2923.818872 2906.192472 2920.546605 2944.307975 2961.269667 2958.352019 2953.063534 2978.047442 2992.698854 2988.164922 2967.227815 2964.121760 2970.043752 2998.102744 2947.290277 2881.961820 2840.773096 2853.712004 2831.140912 2803.131813 2834.602039 2831.973399 2809.547191 2796.699546 2795.659731 2760.484290 2746.631771 2726.962443 2744.241569 2764.753699 2787.945363 2827.078284 2856.291132 2855.531552 2838.076374 -9999.0 -9999.0 -9999.0 -9999.0 -9999.0 -9999.0 -9999.0 -9999.0 -9999.0 -9999.0
-9999.0 -9999.0 -9999.0 -9999.0 -9999.0 -9999.0 2517.783668 2529.506271 2552.075572 2556.839252 2585.150985 2592.927718 2615.134004 2635.613635 2659.813764 2676.342432 2705.591139 2739.061538 2777.598546 2818.956471 2806.495925 2844.154659 2802.647251 2823.316379 2852.869318 2874.317813 2897.659947 2935.002681 2985.308199 3021.183528 3016.247890 3017.511827 3025.848983 3075.520300 3139.135783 3150.783016 3130.385103 3117.018162 3139.525875 3176.055211 3175.301178 3174.217324 3180.857760 3191.088360 3217.702117 3207.739481 3177.314696 3170.549883 3175.624288 3154.847977 3088.507348 3030.892018 3010.272846 2986.083277 2904.149513 2859.238742 2878.565465 2903.253667 2879.721466 2830.793087 2837.729235 2827.565889 2811.733643 2799.548001 2807.237554 2800.885465 2823.781741 2836.653495 2824.199779 2803.372598 2790.493625 2760.482067 2761.441210 2785.511645 -9999.0 -9999.0 -9999.0 -9999.0 -9999.0 -9999.0
-9999.0 -9999.0 -9999.0 -9999.0 2465.457652 2479.831865 2467.644529 2495.931228 2530.769936 2567.239384 2598.294484 2635.295709 2663.293456 2694.540734 2731.809968 2760.350073 2798.602083 2832.948842 2832.173120 2894.467670 2939.981883 2956.393862 2965.686619 2994.928621 3050.842808 3098.334190 3116.904697 3142.180665 3180.311913 3235.977906 3258.438341 3261.687085 3278.513831 3319.694073 3373.586199 3407.196600 3389.928821 3381.313903 3390.351463 3403.737120 3425.853649 3425.957399 3426.967965 3430.599019 3437.565676 3436.266739 3410.810243 3377.900459 3365.980757 3356.375518 3320.813830 3250.344636 3219.178601 3191.839118 3158.024287 3105.370371 3055.072083 3053.372476 3000.051848 2966.834277 2914.736414 2903.171007 2880.086263 2861.619985 2841.688381 2850.621396 2859.895057 2843.008469 2812.201849 2794.759253 2778.569247 2758.428177 2745.396168 2774.896041 2786.371001 2815.711865 -9999.0 -9999.0 -9999.0 -9999.0
-9999.0 -9999.0 2403.177006 2450.528224 2509.523862 2518.694306 2516.716612 2523.694406 2554.355796 2608.208015 2679.118662 2722.880231 2759.590527 2795.270632 2801.600049 2866.234305 2928.547599 2971.716681 3007.376048 3075.194206 3133.859284 3161.058880 3170.558816 3199.715021 3252.894192 3319.377336 3346.454137 3372.135347 3401.784722 3436.701212 3432.816392 3444.156793 3455.651958 3466.179071 3479.077764 3485.086905 3480.606036 3476.090442 3457.771612 3452.961537 3459.519885 3466.796749 3466.354902 3451.979311 3448.029078 3462.715313 3468.431121 3466.689564 3464.498604 3469.850663 3467.172435 3421.190747 3399.407466 3384.864900 3375.230490 3330.145244 3264.888990 3231.683538 3211.573327 3177.568807 3104.893598 3065.617113 3025.394741 2989.895099 2968.118188 2950.635872 2914.430087 2879.711230 2838.560950 2796.285336 2787.409238 2769.730361 2766.834825 2765.181244 2781.129812 2790.810768 2806.188009 2814.049047 -9999.0 -9999.0
-9999.0 2294.158301 2366.112257 2490.344429 2570.899909 2613.676947 2632.462167 2645.069835 2676.721426 2714.252234 2809.377503 2824.375147 2907.779434 2945.014406 2987.286610 3055.436686 3147.001623 3184.083414 3220.822428 3281.370662 3344.571232 3389.672987 3415.373562 3401.120883 3438.584062 3463.851645 3470.504657 3476.442396 3475.346430 3466.944095 3460.000907 3466.838430 3464.108468 3445.380645 3429.734603 3428.147598 3424.846183 3401.940426 3375.584977 3360.592688 3362.503754 3386.055327 3374.123310 3353.032040 3348.700342 3369.975044 3389.729667 3379.307103 3367.185030 3382.740558 3416.735220 3440.379358 3443.459546 3461.446717 3482.432795 3454.258499 3431.469933 3388.884112 3373.282431 3348.283601 3292.676910 3238.057728 3190.667725 3147.175634 3094.373210 3043.964652 2995.872358 2961.499376 2905.117323 2869.825183 2843.715172 2798.791725 2793.386645 2788.374793 2787.915143 2784.630407 2785.652030 2791.924406 -9999.0 -9999.0
-9999.0 2201.688337 2341.967030 2522.752348 2670.354660 2720.217427 2796.519694 2831.772630 2848.908813 2849.130255 2902.101022 3096.112505 3205.434466 3220.565305 3292.984156 3382.979479 3372.893320 3402.926014 3424.856096 3446.096677 3463.261358 3475.964860 3473.829678 3468.203618 3452.042328 3444.114139 3443.335209 3441.339612 3424.323595 3405.710217 3389.164170 3386.388267 3369.989023 3322.706927 3290.263321 3273.671444 3256.456575 3242.497218 3214.743726 3189.647417 3179.438306 3186.041981 3183.037605 3174.084850 3169.683831 3183.017344 3213.665912 3210.296192 3220.338656 3239.567877 3274.853362 3311.940033 3330.855845 3359.395240 3393.587680 3439.870958 3449.893936 3471.983121 3475.333011 3463.054944 3417.878212 3368.323422 3339.388897 3285.012078 3225.692005 3169.128351 3120.262468 3075.278503 3020.089019 2985.274158 2954.575752 2899.625108 2853.851560 2841.770866 2806.532719 2791.414501 -9999.0 -9999.0 -9999.0 -9999.0
-9999.0 2105.087629 2286.895211 2531.446847 2809.942817 2889.378655 3078.903115 3188.492971 3227.580216 3292.761172 3194.703152 3381.806741 3428.507843 3421.957284 3432.092474 3434.352530 3447.953767 3447.657239 3442.610284 3431.844777 3422.600951 3418.295094 3417.126658 3409.280333 3396.809636 3382.381490 3371.579565 3360.549124 3324.832059 3293.611555 3256.215774 3244.244344 3202.741565 3117.592194 3078.809208 3041.823387 2983.828422 2985.122370 2989.770259 2986.540926 2967.785031 2941.185086 2968.816459 2978.088990 2981.884595 2978.826194 2990.015912 2995.454999 3041.014306 3074.691705 3113.580587 3160.657239 3184.965416 3223.501265 3263.419885 3315.058325 3345.291573 3373.720325 3420.256813 3456.901324 3479.298379 3466.177984 3446.289176 3403.306003 3344.710987 3295.879673 3267.645848 3218.275585 3178.471694 3134.494360 3088.136441 3035.394588 2982.222099 2922.819949 2886.702802 -9999.0 -9999.0 -9999.0 -9999.0 -9999.0
-9999.0 1892.705715 2157.636313 2429.614281 2716.243591 3029.766118 3183.438434 3280.276129 3341.158610 3317.557030 3334.730168 3342.695769 3378.306055 3384.581388 3363.782559 3350.884228 3334.477068 3333.390744 3346.344501 3319.599326 3290.127262 3277.208271 3278.010827 3267.292955 3243.990872 3229.098283 3219.776631 3202.285965 3164.657661 3115.607909 3033.595885 3002.503375 2946.560070 2904.609420 2866.441926 2819.580117 2823.105770 2825.437092 2801.102503 2836.833694 2815.501994 2797.785974 2826.567697 2801.865411 2814.366558 2799.388506 2806.606061 2840.621300 2887.674550 2928.478384 2973.431506 3001.413686 3042.055837 3081.709833 3104.084182 3144.661304 3180.456851 3221.265995 3290.200476 3366.341719 3399.911496 3433.564899 3463.481344 3484.885217 3442.687255 3415.498445 3392.510484 3370.471544 3325.189792 3280.382867 3239.915553 3176.944967 3119.954979 -9999.0 -9999.0 -9999.0 -9999.0 -9999.0 -9999.0 -9999.0
-9999.0 1777.057239 1976.614254 2177.578504 2436.859203 2672.791568 2865.104147 2958.675788 3014.631090 3075.261315 3123.389312 3158.442901 3179.908769 3200.748598 3178.086934 3138.741184 3107.510162 3112.178272 3104.515026 3083.044259 3055.332057 3042.297411 3040.665373 3035.715801 3014.264466 3003.606425 2996.891558 2998.991454 2972.522819 2919.515037 2847.084932 2821.947055 2765.281545 2740.594001 2713.998687 2683.842658 2654.705335 2665.778886 2676.061930 2676.028369 2668.406553 2667.674760 2696.593704 2715.174718 2725.230482 2715.063908 2734.724660 2760.324812 2800.498086 2802.629530 2847.749180 2897.806892 2947.235364 2969.713858 2975.069720 2990.030019 2996.688065 3040.209089 3116.567714 3195.876102 3270.582871 3314.848870 3364.585817 3402.533644 3429.356441 3456.496549 3477.062278 3468.724309 3443.889086 3411.278304 3354.537330 -9999.0 -9999.0 -9999.0 -9999.0 -9999.0 -9999.0 -9999.0 -9999.0 -9999.0
-9999.0 -9999.0 1749.148862 1907.769597 2015.167036 2182.230947 2327.609038 2437.681400 2539.370951 2679.205203 2800.969135 2848.701984 2893.372397 2909.466803 2895.950607 2867.259393 2849.329886 2849.051883 2837.720243 2830.245404 2814.466895 2809.068575 2850.540763 2841.940822 2835.243901 2832.061439 2827.648271 2818.175701 2798.333464 2753.316706 2711.179554 2663.997245 2613.265166 2589.125328 2568.571406 2549.223027 2551.033874 2545.550811 2550.369173 2552.709548 2561.525232 2575.266688 2594.864908 2618.010373 2628.188693 2638.756366 2651.061071 2674.578710 2707.092511 2748.942723 2803.239146 2825.587046 2861.636040 2870.036351 2854.870951 2852.627436 2863.435902 2895.862810 2962.504292 3009.607552 3097.487094 3161.704406 3222.146534 3276.842229 3302.737769 3338.939864 3406.501703 3454.326662 3494.381364 3472.138464 -9999.0 -9999.0 -9999.0 -9999.0 -9999.0 -9999.0 -9999.0 -9999.0 -9999.0 -9999.0
-9999.0 -9999.0 -9999.0 -9999.0 1768.451931 1917.591213 2015.459001 2096.591834 2230.451984 2360.117511 2467.092434 2554.959334 2624.035167 2653.069205 2654.587378 2669.597462 2668.270732 2659.951024 2649.149211 2652.073321 2654.888334 2647.874937 2631.719034 2624.825431 2627.434762 2633.951801 2631.313300 2617.634796 2598.843025 2581.462119 2565.579713 2533.227039 2499.740599 2471.263184 2458.481842 2454.303699 2453.968875 2446.026530 2454.228828 2462.651545 2478.352871 2493.485778 2517.026228 2546.327211 2561.078250 2576.306469 2585.923089 2605.858823 2636.752668 2690.536394 2754.746813 2813.038259 2818.839138 2820.500394 2832.964232 2816.636535 2811.107751 2836.241518 2817.726104 2871.727687 2962.949757 3001.805867 3048.179646 3088.114698 3124.376977 3181.634676 3273.123572 3352.731242 -9999.0 -9999.0 -9999.0 -9999.0 -9999.0 -9999.0 -9999.0 -9999.0 -9999.0 -9999.0 -9999.0 -9999.0
-9999.0 -9999.0 -9999.0 -9999.0 -9999.0 -9999.0 1741.465543 1846.664866 1917.960984 2068.417512 2211.464276 2319.268206 2403.611252 2439.850531 2473.325555 2503.768958 2504.203273 2484.545269 2463.292060 2484.074136 2501.629333 2495.101842 2463.463874 2464.272119 2470.469212 2478.092383 2475.298995 2468.916354 2443.854839 2458.821657 2461.891123 2438.885426 2413.310736 2400.188577 2388.467598 2398.102290 2398.036273 2383.635171 2382.807009 2410.356467 2431.195340 2444.111516 2465.334585 2498.604865 2531.322125 2547.326825 2548.944861 2554.742005 2593.030992 2663.391822 2736.387385 2793.302529 2799.342451 2805.163550 2811.406632 2771.500820 2751.427249 2757.743914 2790.262575 2838.728176 2844.233965 2882.918221 2898.198236 2903.020571 2917.055847 2985.930461 -9999.0 -9999.0 -9999.0 -9999.0 -9999.0 -9999.0 -9999.0 -9999.0 -9999.0 -9999.0 -9999.0 -9999.0 -9999.0 -9999.0
-9999.0 -9999.0 -9999.0 -9999.0 -9999.0 -9999.0 -9999.0 -9999.0 -9999.0 -9999.0 -9999.0 -9999.0 -9999.0 -9999.0 -9999.0 -9999.0 -9999.0 -9999.0 -9999.0 -9999.0 -9999.0 -9999.0 -9999.0 -9999.0 -9999.0 -9999.0 -9999.0 -9999.0 -9999.0 -9999.0 -9999.0 -9999.0 -9999.0 -9999.0 -9999.0 -9999.0 -9999.0 -9999.0 -9999.0 -9999.0 -9999.0 -9999.0 -9999.0 -9999.0 -9999.0 -9999.0 -9999.0 -9999.0 -9999.0 -9999.0 -9999.0 -9999.0 -9999.0 -9999.0 -9999.0 -9999.0 -9999.0 -9999.0 -9999.0 -9999.0 -9999.0 -9999.0 -9999.0 -9999.0 -9999.0 -9999.0 -9999.0 -9999.0 -9999.0 -9999.0 -9999.0 -9999.0 -9999.0 -9999.0 -9999.0 -9999.0 -9999.0 -9999.0 -9999.0 -9999.0
-9999.0 -9999.0 -9999.0 -9999.0 -9999.0 -9999.0 -9999.0 -9999.0 -9999.0 -9999.0 -9999.0 -9999.0 -9999.0 -9999.0 -9999.0 -9999.0 -9999.0 -9999.0 -9999.0 -9999.0 -9999.0 -9999.0 -9999.0 -9999.0 -9999.0 -9999.0 -9999.0 -9999.0 -9999.0 -9999.0 -9999.0 -9999.0 -9999.0 -9999.0 -9999.0 -9999.0 -9999.0 -9999.0 -9999.0 -9999.0 -9999.0 -9999.0 -9999.0 -9999.0 -9999.0 -9999.0 -9999.0 -9999.0 -9999.0 -9999.0 -9999.0 -9999.0 -9999.0 -9999.0 -9999.0 -9999.0 -9999.0 -9999.0 -9999.0 -9999.0 -9999.0 -9999.0 -9999.0 -9999.0 -9999.0 -9999.0 -9999.0 -9999.0 -9999.0 -9999.0 -9999.0 -9999.0 -9999.0 -9999.0 -9999.0 -9999.0 -9999.0 -9999.0 -9999.0 -9999.0