Borden_/Borden1m_014/output_maps/psiliqL0018N0004.asc
ncols         80
nrows         18
xllcorner     620200.000000
yllcorner     5168000.000000
cellsize      1.000000
NODATA_value  -9999.0
-9999.0 -9999.0 -9999.0 -9999.0 -9999.0 -9999.0 -9999.0 -9999.0 -9999.0 -9999.0 -9999.0 -9999.0 -9999.0 -9999.0 -9999.0 -9999.0 -9999.0 -9999.0 -9999.0 -9999.0 -9999.0 -9999.0 -9999.0 -9999.0 -9999.0 -9999.0 -9999.0 -9999.0 -9999.0 -9999.0 -9999.0 -9999.0 -9999.0 -9999.0 -9999.0 -9999.0 -9999.0 -9999.0 -9999.0 -9999.0 -9999.0 -9999.0 -9999.0 -9999.0 -9999.0 -9999.0 -9999.0 -9999.0 -9999.0 -9999.0 -9999.0 -9999.0 -9999.0 -9999.0 -9999.0 -9999.0 -9999.0 -9999.0 -9999.0 -9999.0 -9999.0 -9999.0 -9999.0 -9999.0 -9999.0 -9999.0 -9999.0 -9999.0 -9999.0 -9999.0 -9999.0 -9999.0 -9999.0 -9999.0 -9999.0 -9999.0 -9999.0 -9999.0 -9999.0 -9999.0
-9999.0 -9999.0 -9999.0 -9999.0 -9999.0 -9999.0 -9999.0 -9999.0 -9999.0 -9999.0 -9999.0 -9999.0 -9999.0 -9999.0 -9999.0 -9999.0 -9999.0 -9999.0 -9999.0 -9999.0 -9999.0 -9999.0 -9999.0 -9999.0 -9999.0 -9999.0 -9999.0 -9999.0 -9999.0 -9999.0 -9999.0 -9999.0 -9999.0 -9999.0 -9999.0 -9999.0 -9999.0 -9999.0 -9999.0 -9999.0 -9999.0 -9999.0 -9999.0 -9999.0 -9999.0 -9999.0 -9999.0 -9999.0 -9999.0 -9999.0 -9999.0 -9999.0 -9999.0 -9999.0 -9999.0 -9999.0 -9999.0 -9999.0 -9999.0 -9999.0 -9999.0 -9999.0 -9999.0 -9999.0 -9999.0 -9999.0 -9999.0 -9999.0 -9999.0 -9999.0 -9999.0 -9999.0 -9999.0 -9999.0 -9999.0 -9999.0 -9999.0 -9999.0 -9999.0 -9999.0
-9999.0 -9999.0 -9999.0 -9999.0 -9999.0 -9999.0 -9999.0 -9999.0 -9999.0 -9999.0 -9999.0 -9999.0 -9999.0 -9999.0 -9999.0 -9999.0 -9999.0 -9999.0 -9999.0 -9999.0 1737.167215 1739.452584 1718.032792 1684.928459 1657.709206 1660.652900 1695.540916 1737.489328 1777.105079 1787.263245 1769.971236 1773.616160 1769.423648 1767.013385 1768.460813 1775.343614 1780.206140 1790.588013 1798.290069 1797.260065 1791.105095 1786.747565 1788.790506 1792.364540 1798.677577 1786.541550 1800.414999 1814.876824 1818.911547 1813.880229 1787.473558 1772.582984 1763.142416 1746.657673 1770.830542 1781.597536 1803.501678 1806.822326 1804.206057 1776.692668 1746.247470 -9999.0 -9999.0 -9999.0 -9999.0 -9999.0 -9999.0 -9999.0 -9999.0 -9999.0 -9999.0 -9999.0 -9999.0 -9999.0 -9999.0 -9999.0 -9999.0 -9999.0 -9999.0 -9999.0
-9999.0 -9999.0 -9999.0 -9999.0 -9999.0 -9999.0 -9999.0 -9999.0 -9999.0 -9999.0 -9999.0 -9999.0 -9999.0 -9999.0 1646.100656 1637.117553 1634.786369 1643.300430 1676.901788 1707.379826 1719.338848 1712.387424 1713.097227 1690.011530 1669.604576 1684.088208 1714.695683 1746.912526 1782.141258 1802.605298 1792.566185 1791.021642 1800.048724 1823.166222 1833.822741 1830.346154 1811.064123 1834.496456 1849.061563 1856.073350 1855.429179 1847.537586 1860.425224 1877.181539 1871.320288 1854.833071 1860.916493 1872.337733 1882.739062 1870.319736 1808.333150 1791.086311 1786.340413 1779.533547 1764.814380 1758.340064 1783.697022 1782.543928 1773.691096 1755.188419 1721.691836 1676.777579 1657.531776 1696.141482 1739.229320 1795.581453 -9999.0 -9999.0 -9999.0 -9999.0 -9999.0 -9999.0 -9999.0 -9999.0 -9999.0 -9999.0 -9999.0 -9999.0 -9999.0 -9999.0
-9999.0 -9999.0 -9999.0 -9999.0 -9999.0 -9999.0 -9999.0 -9999.0 -9999.0 1587.681154 1593.051075 1600.753201 1603.684815 1619.586662 1617.085749 1624.533015 1631.080145 1658.677796 1689.639935 1724.525063 1752.976669 1744.627609 1745.442983 1754.507326 1756.044194 1767.762134 1790.193010 1830.806841 1868.952861 1909.657358 1881.157043 1879.040193 1897.781335 1942.205634 1970.728826 1974.994558 1956.220490 1967.162371 1991.256563 2010.997159 2009.973116 2007.950816 2035.608189 2053.285726 2053.902907 2033.217331 2022.544697 2022.621640 2047.223386 1995.810358 1930.064074 1883.787000 1891.042006 1863.068768 1828.221183 1809.827165 1806.963299 1826.273171 1811.158730 1773.819276 1737.546883 1725.304763 1707.082119 1724.535177 1746.255661 1791.770768 1830.229313 1858.510206 1857.496681 1839.722355 -9999.0 -9999.0 -9999.0 -9999.0 -9999.0 -9999.0 -9999.0 -9999.0 -9999.0 -9999.0
-9999.0 -9999.0 -9999.0 -9999.0 -9999.0 -9999.0 1508.090175 1518.440154 1539.491874 1543.996571 1570.300272 1577.592824 1598.273419 1617.406774 1639.415023 1655.099462 1684.027774 1716.613690 1756.383887 1798.136891 1829.388259 1823.004340 1833.338622 1861.675999 1898.082538 1925.166505 1950.955738 1991.967690 2069.015138 2112.378963 2117.350618 2122.084358 2131.405017 2179.920793 2242.652944 2254.485851 2233.402799 2218.897800 2239.861092 2276.272232 2279.951705 2282.852518 2300.133062 2316.489851 2345.739736 2334.765975 2291.195637 2275.817641 2274.621478 2255.324661 2191.429321 2129.713744 2099.528445 2048.291778 1964.116430 1911.813391 1922.310172 1942.072165 1913.683287 1859.404273 1819.200700 1808.358996 1792.843749 1780.220619 1787.387793 1806.786077 1828.695359 1839.908675 1826.544482 1804.892695 1781.927009 1752.887181 1754.596142 1779.457285 -9999.0 -9999.0 -9999.0 -9999.0 -9999.0 -9999.0
-9999.0 -9999.0 -9999.0 -9999.0 1457.462530 1470.763822 1458.331932 1484.495337 1517.715334 1552.410423 1583.537695 1619.482990 1646.264259 1676.024585 1714.358081 1745.041024 1784.460918 1819.352172 1872.799287 1939.545801 1989.272841 2011.055281 2026.645521 2085.998891 2148.528022 2201.553097 2224.133249 2254.224888 2303.678587 2368.486294 2397.796729 2404.520358 2421.254253 2457.356696 2505.638734 2539.340653 2522.037063 2513.388571 2519.760292 2531.069378 2553.602744 2556.000488 2561.580767 2569.485692 2577.913667 2576.772626 2549.725146 2514.293037 2497.933030 2487.874948 2455.832926 2386.070092 2347.545285 2312.850559 2271.497319 2215.970385 2155.545284 2143.820611 2085.477492 2025.185078 1963.529839 1942.892554 1912.519898 1887.771387 1860.796329 1864.270442 1868.924697 1849.059626 1816.581197 1784.301364 1769.119498 1750.074089 1738.526750 1768.581228 1786.034472 1815.997564 -9999.0 -9999.0 -9999.0 -9999.0
-9999.0 -9999.0 1397.750707 1445.472709 1502.714357 1511.176471 1510.235488 1516.249698 1545.148587 1597.297901 1669.290711 1716.034178 1755.155705 1788.737460 1845.944782 1919.507222 1988.775471 2038.279727 2100.620216 2172.189311 2234.818304 2267.900548 2286.763731 2332.304548 2391.013943 2457.146789 2485.888094 2514.621682 2551.736676 2591.089889 2599.420833 2612.834696 2621.026219 2624.732539 2631.302605 2633.541360 2628.213888 2621.974174 2601.269644 2593.979255 2598.484705 2604.337236 2606.439912 2595.411712 2594.049636 2609.957044 2616.257813 2616.084924 2615.411726 2622.566888 2623.756597 2581.849954 2549.396781 2530.582065 2514.854514 2468.333333 2403.495178 2364.713272 2339.427857 2289.299062 2207.704692 2155.490141 2103.211947 2055.496614 2004.910053 1977.461894 1933.789822 1893.398386 1848.158132 1802.528029 1779.177454 1761.340239 1758.842112 1758.580159 1775.030170 1790.387204 1805.903636 1813.774614 -9999.0 -9999.0
-9999.0 1292.533156 1364.395763 1489.061758 1568.393016 1610.964235 1636.720308 1655.332874 1684.397805 1713.400024 1812.501157 1890.047489 1980.065902 2018.696728 2066.400584 2161.515255 2258.261276 2311.014158 2354.777511 2415.825103 2479.064541 2529.990971 2561.669682 2568.596958 2607.973233 2627.880384 2633.168089 2638.725074 2638.848895 2633.997133 2627.649061 2633.382511 2627.008983 2604.399876 2585.724135 2581.571813 2575.884937 2550.288707 2516.889103 2495.889275 2493.452667 2515.849287 2501.964261 2481.899113 2480.390751 2505.986682 2533.009478 2528.159802 2517.716994 2537.688819 2572.222212 2594.530594 2602.051574 2619.102091 2639.552503 2613.285535 2588.444453 2547.141595 2524.923006 2492.562457 2431.464868 2367.856632 2307.570103 2243.401334 2176.485905 2110.496582 2049.428829 1990.057194 1926.318691 1886.275399 1855.537237 1805.944004 1786.322799 1789.147482 1781.387740 1778.946400 1785.236647 1791.636380 -9999.0 -9999.0
-9999.0 1207.106694 1348.092478 1529.857398 1675.901635 1729.056604 1819.873453 1894.356624 1920.010810 1885.223381 1990.657944 2209.994616 2323.943930 2345.347059 2418.650005 2509.780708 2520.498498 2557.633768 2584.827104 2602.929853 2617.481658 2631.466210 2633.093549 2631.401718 2619.170224 2612.217652 2610.016993 2606.217085 2589.048616 2571.028040 2553.843857 2547.569621 2522.395842 2469.827839 2432.101201 2412.555189 2394.844702 2375.424200 2340.095518 2305.730759 2283.980773 2295.609462 2289.380320 2272.822902 2270.961760 2297.984892 2336.862498 2339.060405 2351.848549 2373.895450 2412.083832 2450.973583 2474.880919 2508.738458 2549.500144 2596.711692 2612.833421 2637.363187 2642.042598 2624.923393 2579.415044 2523.612532 2486.193733 2421.669192 2348.211916 2266.821645 2201.696542 2140.176009 2071.495478 2025.667822 1977.157251 1916.872523 1863.982862 1845.620840 1808.349921 1791.052909 -9999.0 -9999.0 -9999.0 -9999.0
-9999.0 1120.892707 1305.618234 1556.636583 1836.165274 1934.272171 2139.363876 2268.299345 2322.701921 2392.716497 2342.969762 2510.121897 2558.404737 2557.918971 2562.561932 2566.519151 2582.713655 2587.982788 2587.739121 2581.443299 2576.182138 2575.370183 2576.857252 2571.692617 2560.702132 2544.910289 2526.991897 2509.808275 2469.728529 2436.040796 2398.262879 2381.323395 2335.072290 2233.773387 2186.274396 2146.812550 2088.113023 2083.223888 2078.093084 2046.190298 2023.595369 1998.767644 2021.689138 2028.071609 2032.179350 2035.781745 2054.317161 2082.882530 2130.004159 2166.513170 2209.494196 2261.454473 2299.693888 2348.662836 2397.404601 2455.475831 2492.851669 2529.273817 2582.225606 2622.758961 2647.840071 2636.385130 2611.167245 2564.638546 2493.268286 2428.509068 2381.197659 2309.354957 2243.740389 2188.190489 2134.051913 2070.585669 2000.646199 1929.767313 1891.206552 -9999.0 -9999.0 -9999.0 -9999.0 -9999.0
-9999.0 928.105041 1193.615916 1472.968921 1772.438333 2102.391210 2248.402431 2368.078653 2438.897608 2413.864951 2428.627371 2447.935291 2494.051462 2505.641163 2484.562011 2473.108082 2459.682433 2460.537182 2475.729103 2452.586782 2426.848048 2416.603522 2418.654809 2408.698581 2385.786089 2367.829822 2352.210986 2324.973021 2272.363750 2219.331365 2135.953150 2102.953383 2023.394656 1968.912369 1924.281954 1874.295221 1824.782999 1824.724612 1842.517189 1827.293671 1803.951634 1784.871093 1811.527388 1830.159805 1843.183740 1831.607183 1841.450866 1877.702766 1926.495884 1969.165441 2016.570044 2069.117698 2115.149975 2163.963482 2196.805861 2248.219110 2301.934314 2355.747787 2433.912596 2517.138546 2560.570975 2599.103586 2633.666350 2653.087627 2604.681553 2561.561599 2516.067695 2460.235773 2386.452174 2338.302482 2299.347962 2223.997494 2153.256472 -9999.0 -9999.0 -9999.0 -9999.0 -9999.0 -9999.0 -9999.0
-9999.0 805.981409 1016.129351 1232.465424 1503.675742 1735.954041 1936.014061 2037.514419 2114.207400 2163.138346 2206.949131 2245.326713 2279.100272 2304.723871 2282.348031 2238.547451 2207.910869 2212.440165 2208.025927 2186.812336 2160.002567 2147.420276 2146.103339 2140.476142 2117.024850 2102.380143 2089.552494 2063.637917 2030.268402 1975.152352 1898.375025 1825.822771 1766.565869 1737.146313 1708.578136 1677.129348 1643.872303 1654.416199 1666.172112 1662.758045 1652.586092 1649.925194 1678.572071 1697.582686 1707.624929 1696.598710 1715.903309 1741.745672 1781.882924 1823.493116 1870.479364 1923.187531 1975.133512 2002.907104 2015.267671 2039.142950 2079.062752 2135.273393 2223.930529 2323.633370 2408.192448 2462.707120 2520.753686 2563.232368 2584.335099 2602.013564 2590.283563 2525.557004 2436.743717 2426.672524 2415.216996 -9999.0 -9999.0 -9999.0 -9999.0 -9999.0 -9999.0 -9999.0 -9999.0 -9999.0
-9999.0 -9999.0 784.927329 953.854025 1078.167379 1250.297914 1395.442282 1502.257445 1592.995425 1713.945388 1824.033251 1910.972191 1956.592808 1974.637145 1960.206646 1927.895041 1907.423292 1907.533479 1897.721394 1889.160727 1871.807984 1865.518045 1854.782438 1847.112327 1838.502501 1833.464681 1827.505877 1815.493933 1794.167546 1749.045334 1704.048926 1655.096018 1603.807006 1579.185567 1558.096151 1537.673521 1537.634862 1533.401098 1538.724923 1540.228452 1547.407190 1560.065722 1579.730888 1601.716418 1611.374835 1620.484766 1632.557259 1655.594456 1687.559228 1728.666067 1781.126507 1837.263227 1875.548146 1886.885991 1875.750167 1879.144408 1897.679031 1938.621877 2016.923046 2100.271298 2198.742378 2275.321187 2356.107431 2416.744757 2442.357559 2471.082967 2507.583401 2476.319171 2355.382339 2393.735133 -9999.0 -9999.0 -9999.0 -9999.0 -9999.0 -9999.0 -9999.0 -9999.0 -9999.0 -9999.0
-9999.0 -9999.0 -9999.0 -9999.0 811.289656 962.581633 1058.028373 1138.617487 1266.881849 1388.092312 1488.492083 1571.667208 1634.468501 1660.698918 1657.237350 1664.681770 1660.880921 1654.438738 1645.038178 1645.885719 1646.716386 1640.228657 1626.058818 1619.233035 1620.767555 1626.027733 1623.238698 1609.492637 1591.863759 1571.629991 1553.590237 1520.795129 1486.261943 1457.878489 1445.301959 1440.427941 1440.498744 1433.539553 1442.188856 1449.750262 1464.960465 1479.994693 1503.509067 1532.441132 1546.201362 1560.752332 1570.014504 1589.770198 1619.353274 1671.713812 1733.995279 1790.695031 1825.499198 1828.682536 1802.975008 1786.156440 1780.771868 1806.661929 1848.623572 1912.727721 2012.868455 2086.996644 2147.477463 2197.714901 2239.137765 2302.587542 2386.093971 2438.848256 -9999.0 -9999.0 -9999.0 -9999.0 -9999.0 -9999.0 -9999.0 -9999.0 -9999.0 -9999.0 -9999.0 -9999.0
-9999.0 -9999.0 -9999.0 -9999.0 -9999.0 -9999.0 772.075351 873.231183 949.558641 1089.001423 1220.550327 1321.627125 1401.474337 1433.367370 1460.664396 1487.871898 1486.548764 1468.167424 1449.103981 1468.882421 1484.190868 1478.774302 1448.867352 1449.096255 1454.427951 1462.610366 1460.363762 1454.212668 1429.686933 1442.763561 1444.895964 1422.565255 1397.390152 1384.339597 1373.018020 1383.058911 1383.559600 1370.017145 1370.398002 1397.386984 1417.711531 1430.676839 1452.179543 1485.195492 1517.354655 1532.394861 1533.363327 1538.803972 1577.671207 1646.869022 1717.631747 1772.179955 1803.677843 1810.591190 1782.303660 1741.010690 1719.198798 1724.379189 1756.654011 1806.245359 1879.368814 1927.196651 1953.296072 1968.817276 1991.199529 2088.575645 -9999.0 -9999.0 -9999.0 -9999.0 -9999.0 -9999.0 -9999.0 -9999.0 -9999.0 -9999.0 -9999.0 -9999.0 -9999.0 -9999.0
-9999.0 -9999.0 -9999.0 -9999.0 -9999.0 -9999.0 -9999.0 -9999.0 -9999.0 -9999.0 -9999.0 -9999.0 -9999.0 -9999.0 -9999.0 -9999.0 -9999.0 -9999.0 -9999.0 -9999.0 -9999.0 -9999.0 -9999.0 -9999.0 -9999.0 -9999.0 -9999.0 -9999.0 -9999.0 -9999.0 -9999.0 -9999.0 -9999.0 -9999.0 -9999.0 -9999.0 -9999.0 -9999.0 -9999.0 -9999.0 -9999.0 -9999.0 -9999.0 -9999.0 -9999.0 -9999.0 -9999.0 -9999.0 -9999.0 -9999.0 -9999.0 -9999.0 -9999.0 -9999.0 -9999.0 -9999.0 -9999.0 -9999.0 -9999.0 -9999.0 -9999.0 -9999.0 -9999.0 -9999.0 -9999.0 -9999.0 -9999.0 -9999.0 -9999.0 -9999.0 -9999.0 -9999.0 -9999.0 -9999.0 -9999.0 -9999.0 -9999.0 -9999.0 -9999.0 -9999.0
-9999.0 -9999.0 -9999.0 -9999.0 -9999.0 -9999.0 -9999.0 -9999.0 -9999.0 -9999.0 -9999.0 -9999.0 -9999.0 -9999.0 -9999.0 -9999.0 -9999.0 -9999.0 -9999.0 -9999.0 -9999.0 -9999.0 -9999.0 -9999.0 -9999.0 -9999.0 -9999.0 -9999.0 -9999.0 -9999.0 -9999.0 -9999.0 -9999.0 -9999.0 -9999.0 -9999.0 -9999.0 -9999.0 -9999.0 -9999.0 -9999.0 -9999.0 -9999.0 -9999.0 -9999.0 -9999.0 -9999.0 -9999.0 -9999.0 -9999.0 -9999.0 -9999.0 -9999.0 -9999.0 -9999.0 -9999.0 -9999.0 -9999.0 -9999.0 -9999.0 -9999.0 -9999.0 -9999.0 -9999.0 -9999.0 -9999.0 -9999.0 -9999.0 -9999.0 -9999.0 -9999.0 -9999.0 -9999.0 -9999.0 -9999.0 -9999.0 -9999.0 -9999.0 -9999.0 -9999.0