Borden_/Borden1m_014/output_maps/psiliqL0021N0011.asc
ncols         80
nrows         18
xllcorner     620200.000000
yllcorner     5168000.000000
cellsize      1.000000
NODATA_value  -9999.0
-9999.0 -9999.0 -9999.0 -9999.0 -9999.0 -9999.0 -9999.0 -9999.0 -9999.0 -9999.0 -9999.0 -9999.0 -9999.0 -9999.0 -9999.0 -9999.0 -9999.0 -9999.0 -9999.0 -9999.0 -9999.0 -9999.0 -9999.0 -9999.0 -9999.0 -9999.0 -9999.0 -9999.0 -9999.0 -9999.0 -9999.0 -9999.0 -9999.0 -9999.0 -9999.0 -9999.0 -9999.0 -9999.0 -9999.0 -9999.0 -9999.0 -9999.0 -9999.0 -9999.0 -9999.0 -9999.0 -9999.0 -9999.0 -9999.0 -9999.0 -9999.0 -9999.0 -9999.0 -9999.0 -9999.0 -9999.0 -9999.0 -9999.0 -9999.0 -9999.0 -9999.0 -9999.0 -9999.0 -9999.0 -9999.0 -9999.0 -9999.0 -9999.0 -9999.0 -9999.0 -9999.0 -9999.0 -9999.0 -9999.0 -9999.0 -9999.0 -9999.0 -9999.0 -9999.0 -9999.0
-9999.0 -9999.0 -9999.0 -9999.0 -9999.0 -9999.0 -9999.0 -9999.0 -9999.0 -9999.0 -9999.0 -9999.0 -9999.0 -9999.0 -9999.0 -9999.0 -9999.0 -9999.0 -9999.0 -9999.0 -9999.0 -9999.0 -9999.0 -9999.0 -9999.0 -9999.0 -9999.0 -9999.0 -9999.0 -9999.0 -9999.0 -9999.0 -9999.0 -9999.0 -9999.0 -9999.0 -9999.0 -9999.0 -9999.0 -9999.0 -9999.0 -9999.0 -9999.0 -9999.0 -9999.0 -9999.0 -9999.0 -9999.0 -9999.0 -9999.0 -9999.0 -9999.0 -9999.0 -9999.0 -9999.0 -9999.0 -9999.0 -9999.0 -9999.0 -9999.0 -9999.0 -9999.0 -9999.0 -9999.0 -9999.0 -9999.0 -9999.0 -9999.0 -9999.0 -9999.0 -9999.0 -9999.0 -9999.0 -9999.0 -9999.0 -9999.0 -9999.0 -9999.0 -9999.0 -9999.0
-9999.0 -9999.0 -9999.0 -9999.0 -9999.0 -9999.0 -9999.0 -9999.0 -9999.0 -9999.0 -9999.0 -9999.0 -9999.0 -9999.0 -9999.0 -9999.0 -9999.0 -9999.0 -9999.0 -9999.0 2353.054400 2355.605746 2335.241340 2303.236319 2277.397106 2281.779846 2317.522105 2360.003991 2400.025619 2409.869835 2393.060315 2398.676837 2397.174352 2397.359057 2402.258642 2413.183647 2422.004791 2433.772814 2442.233237 2441.087064 2434.270584 2428.992707 2430.230277 2432.064660 2437.762677 2424.725339 2439.737520 2454.800237 2457.988857 2451.473621 2422.859909 2405.555541 2393.232566 2374.180882 2396.739277 2405.559552 2425.010308 2426.376569 2422.170278 2393.947762 2363.009000 -9999.0 -9999.0 -9999.0 -9999.0 -9999.0 -9999.0 -9999.0 -9999.0 -9999.0 -9999.0 -9999.0 -9999.0 -9999.0 -9999.0 -9999.0 -9999.0 -9999.0 -9999.0 -9999.0
-9999.0 -9999.0 -9999.0 -9999.0 -9999.0 -9999.0 -9999.0 -9999.0 -9999.0 -9999.0 -9999.0 -9999.0 -9999.0 -9999.0 2257.682382 2249.683400 2248.534342 2258.224433 2293.094114 2324.942253 2337.252660 2331.347744 2333.080652 2311.114709 2291.981163 2308.112499 2340.121441 2372.290689 2406.963461 2426.501053 2417.014427 2417.080298 2428.615546 2455.656118 2470.458882 2471.334206 2455.666372 2482.216537 2497.464953 2503.624627 2501.890615 2492.046892 2501.451019 2515.473760 2508.308807 2492.674651 2501.976809 2515.436237 2525.143303 2511.603221 2446.151576 2426.382362 2418.243849 2409.534252 2392.931933 2385.272364 2409.176756 2405.188862 2394.715380 2375.242216 2340.802561 2295.320788 2274.710695 2312.332051 2354.015756 2408.715271 -9999.0 -9999.0 -9999.0 -9999.0 -9999.0 -9999.0 -9999.0 -9999.0 -9999.0 -9999.0 -9999.0 -9999.0 -9999.0 -9999.0
-9999.0 -9999.0 -9999.0 -9999.0 -9999.0 -9999.0 -9999.0 -9999.0 -9999.0 2197.005651 2203.169131 2211.580213 2215.574931 2232.368159 2230.267137 2238.888184 2246.245024 2275.692960 2308.173489 2344.735887 2374.400780 2368.166691 2369.640813 2378.765282 2380.633721 2394.374920 2418.806705 2460.028237 2493.795417 2531.495059 2501.337626 2500.322196 2523.089718 2572.936183 2606.314201 2615.396456 2600.951423 2616.958723 2641.909271 2659.749092 2656.543601 2650.775699 2672.769503 2686.339094 2682.989549 2663.190246 2661.050589 2666.282092 2692.631235 2638.500607 2567.096034 2517.371504 2522.879247 2495.328767 2461.333099 2441.512951 2436.559230 2453.216410 2436.576429 2397.943383 2361.376072 2347.344183 2327.284035 2343.712192 2363.841759 2407.280860 2444.741857 2471.601157 2468.916783 2450.093366 -9999.0 -9999.0 -9999.0 -9999.0 -9999.0 -9999.0 -9999.0 -9999.0 -9999.0 -9999.0
-9999.0 -9999.0 -9999.0 -9999.0 -9999.0 -9999.0 2116.809234 2128.103858 2150.136502 2154.637344 2182.129944 2189.889561 2211.526356 2231.675097 2255.397507 2272.239393 2302.145382 2336.208785 2376.947308 2420.586215 2455.132010 2449.345451 2461.052349 2487.476007 2524.547629 2554.133720 2582.951955 2624.045404 2697.141053 2735.026099 2734.127162 2739.250041 2753.615225 2811.422481 2883.597060 2901.039725 2885.259420 2874.486432 2897.428707 2933.445160 2933.276867 2932.211643 2802.493825 2812.089873 2838.606830 2829.568435 2934.648728 2926.640952 2930.454379 2906.950568 2834.430903 2765.796640 2733.570494 2678.750553 2594.849595 2542.248314 2552.491937 2570.617761 2541.598105 2487.917658 2446.816670 2434.589985 2417.164740 2403.276118 2409.369614 2426.944805 2446.484168 2455.719623 2440.266951 2416.751264 2392.750037 2362.299138 2362.710925 2386.476939 -9999.0 -9999.0 -9999.0 -9999.0 -9999.0 -9999.0
-9999.0 -9999.0 -9999.0 -9999.0 2065.332471 2079.697210 2067.682663 2095.437031 2129.892852 2165.869808 2197.339088 2233.957890 2261.638892 2292.707087 2331.568822 2362.160791 2402.060201 2437.821435 2493.172910 2563.544632 2617.278252 2639.971112 2655.319379 2714.454721 2780.554125 2839.398040 2866.163020 2895.645122 2800.414769 2855.768655 2878.777842 2882.647913 2899.650852 2939.569488 2992.026352 3011.673446 2994.669035 2986.378537 2994.625933 3007.330612 3029.442416 3029.588539 3030.191060 3033.438546 3039.876516 3038.933548 3014.671143 2982.167566 2984.767679 2975.102542 2940.867683 2871.018304 2838.480064 2811.464583 2911.270718 2852.003541 2789.272479 2776.422960 2716.040786 2655.755773 2595.331294 2574.465757 2542.796523 2516.551294 2488.978358 2490.542852 2492.801039 2470.193764 2434.572639 2399.691268 2382.551615 2361.453074 2347.649466 2376.156159 2391.992851 2420.602251 -9999.0 -9999.0 -9999.0 -9999.0
-9999.0 -9999.0 2003.172479 2051.301836 2110.493531 2120.502834 2119.942157 2127.234664 2157.758843 2211.619233 2283.324530 2328.883913 2366.699919 2402.362191 2462.682351 2536.080670 2605.961668 2654.025681 2722.399531 2800.902533 2869.910660 2904.040391 2920.271236 2821.208746 2873.730458 2938.916076 2965.903881 2991.534471 3005.539008 3039.260049 3038.621923 3050.470328 3061.257794 3070.074114 3081.390855 3086.505081 3082.324617 3077.875190 3059.787777 3055.258154 3061.872136 3068.536724 3068.566054 3054.423351 3050.493923 3064.945172 3070.223233 3068.742010 3067.122111 3072.772007 3071.492903 3027.336642 3002.309008 2988.305882 2994.347960 2949.527832 2884.728961 2850.195506 2830.879257 2929.554885 2848.426031 2795.907956 2742.886085 2695.916666 2639.839232 2610.712926 2564.054363 2520.984544 2472.497435 2423.389610 2396.467285 2376.079094 2370.901873 2367.663907 2382.164969 2395.547242 2409.664421 2416.825670 -9999.0 -9999.0
-9999.0 1895.297857 1967.764309 2093.307299 2175.252243 2220.237747 2243.863039 2260.085352 2291.517124 2326.424383 2424.574308 2495.793733 2584.860412 2627.005613 2677.636175 2779.587438 2880.687824 2805.419026 2841.802322 2900.951904 2963.075435 2994.182074 3019.448445 3010.042061 3046.024688 3068.046702 3073.640751 3078.801263 3076.850571 3068.536568 3061.251744 3068.204950 3065.682620 3047.294222 3031.972709 3030.504135 3027.272562 3004.726534 2993.731936 2979.044970 2981.607723 2989.436241 2992.673246 2972.112916 2967.911309 2988.693342 2992.747473 2982.554019 2986.094106 2986.006224 3019.490156 3042.178424 3046.724795 3064.308646 3085.194150 3057.670148 3033.784716 2992.196364 2992.088695 2967.085406 2911.595086 2856.304151 2808.457200 2891.518743 2822.096236 2755.721809 2689.753752 2623.324429 2556.675072 2512.600683 2478.246852 2425.101820 2401.957272 2401.038890 2390.110541 2385.343854 2389.305453 2394.779036 -9999.0 -9999.0
-9999.0 1805.808582 1947.172282 2130.208371 2280.390489 2335.763721 2421.679266 2494.246370 2520.232301 2482.200269 2592.603760 2818.542594 2827.054492 2841.280948 2912.237080 2988.291925 2983.572011 3012.451214 3033.519127 3051.500788 3066.112702 3077.646986 3075.235900 3069.297320 3053.398105 3045.535878 3044.879162 3042.962937 3026.227532 3007.859226 2991.486578 2989.006809 2987.690976 2941.585044 2909.033878 2892.606174 2876.382433 2861.858085 2833.774321 2808.975067 2935.806528 2806.742677 2802.992384 2931.327269 2927.351911 2803.013691 2833.171469 2829.537486 2838.826735 2857.958496 2893.631760 2930.613899 2949.669446 2978.339691 2996.756040 3041.798064 3052.755289 3074.611467 3078.266281 3064.657466 3020.496330 2987.401769 2957.979238 2903.348634 2843.066046 2915.112336 2847.428987 2782.414066 2711.977718 2662.310718 2606.378901 2540.827310 2483.741865 2460.827791 2419.017573 2399.184744 -9999.0 -9999.0 -9999.0 -9999.0
-9999.0 1713.513476 1897.517065 2147.234459 2440.228829 2538.352664 2754.387681 2804.854449 2845.907154 2910.034603 2829.284466 2993.780277 3035.920064 3028.312344 3034.525332 3036.109913 3049.243357 3049.208373 3044.200758 3033.629328 3024.643945 3020.538709 3019.301924 3011.509051 2999.148888 2984.894704 2989.681592 2978.580015 2943.232151 2911.790633 2874.926767 2862.509694 2822.292658 2857.465006 2809.039863 2764.803957 2702.175602 2700.117985 2702.395595 2675.397597 2659.100852 2632.219061 2659.166908 2670.973763 2674.736355 2670.680874 2683.285092 2713.744666 2763.563308 2803.989221 2852.690842 2910.577371 2802.531562 2841.306264 2882.033816 2934.118502 2964.287843 2993.110321 3022.881911 3059.262967 3081.404490 3068.977929 3048.134606 3006.336754 2963.087907 2913.303470 2883.460911 2832.635549 2890.427909 2833.337282 2773.232591 2704.885353 2625.987323 2548.086941 2504.215890 -9999.0 -9999.0 -9999.0 -9999.0 -9999.0
-9999.0 1508.985528 1775.251714 2052.813922 2349.499133 2697.193450 2798.912266 2899.536543 2960.893902 2934.209472 2948.350842 2958.500227 2981.897254 2987.539985 2979.814436 2967.790226 2952.079389 2950.867759 2963.635303 2937.203532 2908.217022 2895.585684 2896.328705 2885.601089 2862.631462 2847.610762 2838.193353 2820.646606 2911.297567 2854.215072 2761.528908 2720.000412 2633.799209 2585.065305 2539.866403 2486.961400 2435.837849 2437.627558 2460.246811 2450.154799 2429.891656 2412.633555 2441.414902 2463.023462 2476.334222 2462.036902 2469.787283 2504.370034 2554.246655 2600.278372 2652.022173 2711.932600 2759.398016 2808.911923 2843.055688 2896.074291 2799.507398 2840.764799 2909.938474 2985.320788 3002.707471 3035.711079 3066.344452 3087.358457 3045.612953 3017.720755 2995.095214 2982.611374 2935.432605 2890.295915 2849.862492 2786.880010 2794.577896 -9999.0 -9999.0 -9999.0 -9999.0 -9999.0 -9999.0 -9999.0
-9999.0 1390.663583 1595.402092 1804.617212 2072.453521 2312.346097 2531.830119 2640.081531 2729.994854 2797.904772 2852.195526 2893.764832 2798.613158 2819.137814 2796.956852 2890.942576 2859.963224 2861.638840 2848.899565 2818.597441 2782.719186 2763.775278 2758.248085 2751.344508 2728.663151 2716.922624 2708.432401 2685.324325 2657.048882 2599.072206 2517.905543 2438.360945 2378.608629 2350.656902 2321.640282 2289.575560 2257.872341 2268.993810 2281.091787 2280.814155 2273.293427 2272.534436 2301.799046 2320.971704 2330.869143 2319.912487 2338.941029 2364.348447 2404.970770 2449.645231 2499.927489 2555.234426 2610.226558 2639.931932 2654.170350 2679.279640 2720.869629 2778.609405 2869.195070 2815.789184 2889.508855 2934.192980 2983.764667 3005.370316 3031.251077 3059.852510 3078.973301 3069.396602 3044.917599 3012.931291 2963.637503 -9999.0 -9999.0 -9999.0 -9999.0 -9999.0 -9999.0 -9999.0 -9999.0 -9999.0
-9999.0 -9999.0 1366.349068 1530.400071 1646.766061 1818.957162 1967.999857 2081.295887 2183.706343 2321.081548 2441.914464 2536.408291 2582.129679 2600.469358 2588.818998 2562.220344 2543.143610 2540.431749 2524.836409 2510.605371 2488.166625 2477.452854 2462.395950 2453.468843 2446.372599 2443.574696 2440.151176 2431.459101 2411.601114 2365.441081 2319.999788 2269.784782 2217.493715 2192.010509 2170.242850 2149.711396 2150.464569 2145.593037 2151.069288 2153.762459 2162.549353 2176.323051 2196.247031 2218.957486 2228.883515 2238.699043 2250.724460 2273.987669 2306.491495 2348.848920 2403.479987 2463.023466 2504.315848 2518.201938 2509.326923 2514.680074 2533.557511 2576.245058 2655.967640 2741.967822 2844.968464 2923.931118 2841.567864 2895.795512 2921.439377 2956.567506 3009.254877 3056.436809 3093.977590 3072.158120 -9999.0 -9999.0 -9999.0 -9999.0 -9999.0 -9999.0 -9999.0 -9999.0 -9999.0 -9999.0
-9999.0 -9999.0 -9999.0 -9999.0 1391.047759 1542.565137 1641.343100 1724.904726 1859.862907 1989.597357 2096.598921 2184.209952 2251.350673 2279.553649 2279.561999 2291.837465 2288.763019 2279.170799 2265.761038 2264.076348 2262.603064 2253.230810 2236.264127 2228.901440 2231.269444 2237.928346 2236.078957 2223.124675 2204.946196 2185.820949 2167.971333 2134.299195 2099.341990 2070.134896 2056.813729 2051.921831 2051.563885 2044.078620 2052.721647 2061.183592 2077.067701 2092.465001 2116.194198 2145.497190 2159.853310 2174.753190 2184.168994 2204.074794 2234.513892 2288.056150 2352.038542 2410.687184 2448.494937 2454.148303 2431.253929 2416.689624 2413.323530 2441.596428 2486.509207 2552.167870 2656.012840 2736.076057 2796.706577 2849.862822 2894.641824 2800.934489 2888.812210 2964.786557 -9999.0 -9999.0 -9999.0 -9999.0 -9999.0 -9999.0 -9999.0 -9999.0 -9999.0 -9999.0 -9999.0 -9999.0
-9999.0 -9999.0 -9999.0 -9999.0 -9999.0 -9999.0 1360.840086 1465.944663 1541.502013 1690.041957 1830.664587 1937.219125 2020.569359 2055.534551 2086.747557 2115.762237 2114.643282 2093.796631 2071.012565 2088.675785 2102.827490 2094.859599 2062.739713 2062.909656 2068.873141 2077.156440 2075.122635 2069.240995 2044.434175 2058.253997 2060.248189 2036.740117 2010.631798 1996.977866 1984.953458 1994.449824 1994.483465 1980.466692 1980.290458 2007.894524 2028.803227 2041.969973 2063.463224 2096.710788 2129.223531 2144.820967 2146.150906 2151.822979 2190.521501 2260.628043 2333.120639 2389.675223 2423.427432 2432.632356 2407.538005 2368.710539 2349.763238 2357.863613 2393.124944 2445.428134 2522.886679 2574.608745 2603.213276 2621.273584 2645.798419 2746.243024 -9999.0 -9999.0 -9999.0 -9999.0 -9999.0 -9999.0 -9999.0 -9999.0 -9999.0 -9999.0 -9999.0 -9999.0 -9999.0 -9999.0
-9999.0 -9999.0 -9999.0 -9999.0 -9999.0 -9999.0 -9999.0 -9999.0 -9999.0 -9999.0 -9999.0 -9999.0 -9999.0 -9999.0 -9999.0 -9999.0 -9999.0 -9999.0 -9999.0 -9999.0 -9999.0 -9999.0 -9999.0 -9999.0 -9999.0 -9999.0 -9999.0 -9999.0 -9999.0 -9999.0 -9999.0 -9999.0 -9999.0 -9999.0 -9999.0 -9999.0 -9999.0 -9999.0 -9999.0 -9999.0 -9999.0 -9999.0 -9999.0 -9999.0 -9999.0 -9999.0 -9999.0 -9999.0 -9999.0 -9999.0 -9999.0 -9999.0 -9999.0 -9999.0 -9999.0 -9999.0 -9999.0 -9999.0 -9999.0 -9999.0 -9999.0 -9999.0 -9999.0 -9999.0 -9999.0 -9999.0 -9999.0 -9999.0 -9999.0 -9999.0 -9999.0 -9999.0 -9999.0 -9999.0 -9999.0 -9999.0 -9999.0 -9999.0 -9999.0 -9999.0
-9999.0 -9999.0 -9999.0 -9999.0 -9999.0 -9999.0 -9999.0 -9999.0 -9999.0 -9999.0 -9999.0 -9999.0 -9999.0 -9999.0 -9999.0 -9999.0 -9999.0 -9999.0 -9999.0 -9999.0 -9999.0 -9999.0 -9999.0 -9999.0 -9999.0 -9999.0 -9999.0 -9999.0 -9999.0 -9999.0 -9999.0 -9999.0 -9999.0 -9999.0 -9999.0 -9999.0 -9999.0 -9999.0 -9999.0 -9999.0 -9999.0 -9999.0 -9999.0 -9999.0 -9999.0 -9999.0 -9999.0 -9999.0 -9999.0 -9999.0 -9999.0 -9999.0 -9999.0 -9999.0 -9999.0 -9999.0 -9999.0 -9999.0 -9999.0 -9999.0 -9999.0 -9999.0 -9999.0 -9999.0 -9999.0 -9999.0 -9999.0 -9999.0 -9999.0 -9999.0 -9999.0 -9999.0 -9999.0 -9999.0 -9999.0 -9999.0 -9999.0 -9999.0 -9999.0 -9999.0