Borden_/Borden1m_014/output_maps/psiliqL0029N0030.asc
ncols         80
nrows         18
xllcorner     620200.000000
yllcorner     5168000.000000
cellsize      1.000000
NODATA_value  -9999.0
-9999.0 -9999.0 -9999.0 -9999.0 -9999.0 -9999.0 -9999.0 -9999.0 -9999.0 -9999.0 -9999.0 -9999.0 -9999.0 -9999.0 -9999.0 -9999.0 -9999.0 -9999.0 -9999.0 -9999.0 -9999.0 -9999.0 -9999.0 -9999.0 -9999.0 -9999.0 -9999.0 -9999.0 -9999.0 -9999.0 -9999.0 -9999.0 -9999.0 -9999.0 -9999.0 -9999.0 -9999.0 -9999.0 -9999.0 -9999.0 -9999.0 -9999.0 -9999.0 -9999.0 -9999.0 -9999.0 -9999.0 -9999.0 -9999.0 -9999.0 -9999.0 -9999.0 -9999.0 -9999.0 -9999.0 -9999.0 -9999.0 -9999.0 -9999.0 -9999.0 -9999.0 -9999.0 -9999.0 -9999.0 -9999.0 -9999.0 -9999.0 -9999.0 -9999.0 -9999.0 -9999.0 -9999.0 -9999.0 -9999.0 -9999.0 -9999.0 -9999.0 -9999.0 -9999.0 -9999.0
-9999.0 -9999.0 -9999.0 -9999.0 -9999.0 -9999.0 -9999.0 -9999.0 -9999.0 -9999.0 -9999.0 -9999.0 -9999.0 -9999.0 -9999.0 -9999.0 -9999.0 -9999.0 -9999.0 -9999.0 -9999.0 -9999.0 -9999.0 -9999.0 -9999.0 -9999.0 -9999.0 -9999.0 -9999.0 -9999.0 -9999.0 -9999.0 -9999.0 -9999.0 -9999.0 -9999.0 -9999.0 -9999.0 -9999.0 -9999.0 -9999.0 -9999.0 -9999.0 -9999.0 -9999.0 -9999.0 -9999.0 -9999.0 -9999.0 -9999.0 -9999.0 -9999.0 -9999.0 -9999.0 -9999.0 -9999.0 -9999.0 -9999.0 -9999.0 -9999.0 -9999.0 -9999.0 -9999.0 -9999.0 -9999.0 -9999.0 -9999.0 -9999.0 -9999.0 -9999.0 -9999.0 -9999.0 -9999.0 -9999.0 -9999.0 -9999.0 -9999.0 -9999.0 -9999.0 -9999.0
-9999.0 -9999.0 -9999.0 -9999.0 -9999.0 -9999.0 -9999.0 -9999.0 -9999.0 -9999.0 -9999.0 -9999.0 -9999.0 -9999.0 -9999.0 -9999.0 -9999.0 -9999.0 -9999.0 -9999.0 3925.068029 3925.622337 3904.003190 3869.686823 3841.235222 3842.814928 3875.156461 3915.458910 3954.169281 3960.731853 3941.149623 3945.076596 3940.483546 3934.988064 3934.475089 3942.300116 3949.407921 3958.651570 3965.191535 3962.385201 3954.693843 3949.693919 3952.859302 3954.100329 3960.588775 3945.173276 3961.662935 3978.201207 3982.739941 3980.530529 3957.514615 3946.432600 3938.727277 3923.223972 3950.440583 3962.225820 3986.056018 3990.985116 3989.120258 3962.679911 3932.778644 -9999.0 -9999.0 -9999.0 -9999.0 -9999.0 -9999.0 -9999.0 -9999.0 -9999.0 -9999.0 -9999.0 -9999.0 -9999.0 -9999.0 -9999.0 -9999.0 -9999.0 -9999.0 -9999.0
-9999.0 -9999.0 -9999.0 -9999.0 -9999.0 -9999.0 -9999.0 -9999.0 -9999.0 -9999.0 -9999.0 -9999.0 -9999.0 -9999.0 3835.110695 3826.450099 3823.356356 3830.142434 3862.105506 3892.170856 3903.560802 3895.882343 3895.398915 3870.116412 3846.406568 3858.346594 3887.330987 3917.196548 3950.008601 3966.368401 3955.226387 3952.272262 3958.236589 3976.051474 3982.625137 3978.621626 3961.396403 3985.847393 3998.370562 4001.698605 3999.350090 3989.145248 3996.784229 4010.347548 4003.184967 3988.353302 4000.762007 4016.529387 4026.843109 4020.049245 3963.338196 3953.225174 3950.479621 3947.355167 3934.812126 3931.895022 3961.375483 3961.223436 3954.643841 3937.988762 3904.865885 3859.694425 3841.057746 3882.602224 3926.637688 3983.111430 -9999.0 -9999.0 -9999.0 -9999.0 -9999.0 -9999.0 -9999.0 -9999.0 -9999.0 -9999.0 -9999.0 -9999.0 -9999.0 -9999.0
-9999.0 -9999.0 -9999.0 -9999.0 -9999.0 -9999.0 -9999.0 -9999.0 -9999.0 3777.814773 3783.985369 3790.634866 3792.893640 3807.599579 3803.806383 3810.335784 3813.196563 3840.161699 3868.868973 3901.593236 3927.756342 3918.159942 3916.095800 3918.007235 3909.655790 3916.018278 3935.817311 3971.486534 4000.519810 4034.391590 3999.516154 3993.777272 4010.733320 4050.397488 4070.642957 4071.032279 4052.088705 4071.117554 4094.317987 4108.416853 4104.321667 4097.476880 4124.024735 4139.819265 4131.488056 4109.130419 4110.688393 4120.049233 4150.316504 4099.363747 4032.960566 3997.701694 4016.602368 3997.605267 3974.798709 3966.298037 3968.233962 3989.068139 3978.472471 3945.666845 3913.487498 3901.922574 3885.679467 3908.237125 3932.265003 3979.185503 4019.774045 4050.144284 4049.744368 4032.710276 -9999.0 -9999.0 -9999.0 -9999.0 -9999.0 -9999.0 -9999.0 -9999.0 -9999.0 -9999.0
-9999.0 -9999.0 -9999.0 -9999.0 -9999.0 -9999.0 3699.406872 3709.991728 3730.598367 3732.361767 3758.800629 3763.171138 3781.164353 3797.396980 3818.797625 3830.194312 3853.409769 3882.144477 3916.458557 3952.222865 3978.293334 3964.737459 3968.866578 3985.179708 4008.422378 4024.465343 4046.589057 4084.287987 4156.566532 4192.368866 4181.258400 4181.170779 4189.160423 4240.182582 4304.385801 4314.147853 4293.289061 4280.720595 4305.731555 4344.238977 4340.774681 4339.413666 4353.874142 4365.333127 4392.360436 4380.414369 4344.523024 4341.187483 4350.180298 4324.921722 4252.849063 4196.678760 4181.251515 4133.846998 4049.162085 4009.211132 4037.846335 4068.405929 4048.643504 4000.140961 3969.958433 3966.061803 3956.286701 3951.403340 3965.829968 3990.075143 4014.653701 4029.381318 4017.959274 3997.371236 3976.184569 3948.357787 3951.375927 3976.400974 -9999.0 -9999.0 -9999.0 -9999.0 -9999.0 -9999.0
-9999.0 -9999.0 -9999.0 -9999.0 3650.329077 3662.916715 3647.023262 3673.093742 3704.382168 3737.323364 3763.204244 3793.103157 3814.741492 3840.081694 3870.831158 3889.103109 3918.354037 3946.385009 3991.748223 4051.188943 4093.880882 4104.805389 4112.271760 4162.436514 4218.280628 4264.423809 4283.199974 4309.701477 4357.897935 4415.012116 4436.786523 4438.843766 4455.855406 4501.797721 4561.105741 4597.106976 4578.957932 4569.402394 4580.865215 4596.357476 4618.532553 4618.552390 4619.711117 4624.517248 4633.084488 4630.711154 4602.749677 4568.686799 4555.488599 4544.731382 4503.461222 4429.423157 4400.712672 4370.382639 4323.411701 4267.382738 4224.277481 4229.382154 4173.824586 4117.774733 4070.273775 4065.522185 4047.449189 4033.460530 4018.667512 4033.273434 4047.061275 4033.032365 4003.376614 3974.691135 3962.287449 3945.147355 3933.847182 3965.438341 3983.511934 4012.817669 -9999.0 -9999.0 -9999.0 -9999.0
-9999.0 -9999.0 3591.910466 3635.916483 3692.503538 3697.341830 3688.070990 3689.496429 3714.660245 3762.527512 3821.139730 3854.398327 3879.474470 3908.969417 3957.465191 4015.241680 4072.910536 4115.109240 4174.114966 4244.538184 4303.903784 4330.029298 4338.029318 4374.406015 4430.718550 4503.109002 4532.350868 4559.812343 4593.164690 4631.610891 4618.029150 4627.857678 4641.471638 4657.124609 4674.767147 4683.330870 4677.945070 4673.226324 4654.355617 4648.698956 4655.087768 4664.063966 4662.353737 4647.287549 4643.288051 4658.693384 4665.587838 4663.060464 4659.421601 4663.706108 4656.801179 4605.310751 4593.219300 4577.120987 4563.903900 4516.331287 4447.763214 4416.648381 4393.594703 4350.795582 4276.405177 4241.315700 4203.159032 4170.141142 4134.507648 4124.249183 4093.923084 4063.007774 4025.243621 3985.202641 3966.893662 3953.471802 3953.563433 3954.356927 3972.538413 3988.335048 4004.410549 4012.534603 -9999.0 -9999.0
-9999.0 3480.195342 3550.371964 3669.980673 3746.386910 3780.455675 3782.151761 3779.554065 3803.864668 3838.226425 3920.522908 3960.653002 4043.309592 4082.578710 4121.944652 4212.059524 4309.102773 4354.087124 4395.027193 4462.344452 4531.058989 4579.557911 4606.607488 4576.892101 4618.890422 4653.970511 4663.858094 4672.176811 4673.543766 4664.894227 4658.965989 4665.418175 4662.151294 4642.336529 4625.659990 4623.674375 4620.127827 4596.254310 4568.287667 4552.166157 4552.925655 4578.589820 4564.953256 4543.303142 4538.776516 4560.866598 4583.288479 4572.226471 4558.883047 4575.660077 4611.072622 4637.625032 4636.345069 4655.565752 4676.843134 4646.700225 4627.173437 4581.691101 4564.215934 4538.333485 4479.846807 4424.842611 4376.055133 4327.822601 4276.103501 4228.893091 4181.804837 4134.988625 4082.681493 4050.419644 4027.005989 3985.784874 3974.894021 3982.359865 3978.256404 3977.029398 3983.759315 3990.392080 -9999.0 -9999.0
-9999.0 3378.749884 3515.997766 3690.741623 3831.284542 3866.973958 3918.001565 3968.515155 3979.896260 3918.466403 4020.404262 4240.580692 4371.586713 4391.502651 4470.337180 4569.945263 4543.869508 4576.616653 4601.259186 4632.383330 4657.299876 4673.461173 4672.217219 4667.583440 4650.680402 4642.579395 4641.588246 4639.335203 4621.442882 4602.043306 4584.905695 4581.285632 4562.466698 4510.432652 4476.258089 4457.701188 4436.579874 4423.813071 4397.270578 4370.698124 4353.015730 4361.571641 4361.331157 4348.835593 4344.447882 4361.883594 4392.904159 4392.310450 4406.176911 4426.224333 4461.856646 4501.279904 4520.872924 4550.631029 4586.843022 4636.783746 4644.071559 4666.907555 4669.349672 4661.039140 4612.903465 4560.151997 4530.228570 4473.853171 4414.146965 4352.315109 4302.759353 4257.877948 4202.196420 4168.966003 4130.583389 4077.217183 4036.554686 4032.046123 3999.661991 3988.069511 -9999.0 -9999.0 -9999.0 -9999.0
-9999.0 3268.974787 3444.867288 3676.836157 3976.113857 4038.440955 4243.287535 4358.281944 4395.855686 4465.749738 4321.504435 4548.621003 4608.269867 4605.039806 4627.162122 4631.405285 4646.457009 4645.426674 4640.316987 4629.022664 4619.050000 4614.180476 4613.245430 4605.257160 4592.458430 4577.640852 4565.480983 4553.581653 4515.942239 4483.164066 4441.815326 4428.717075 4381.036200 4287.616705 4248.955741 4208.453872 4145.038133 4148.905377 4159.432464 4135.994497 4115.800487 4085.004224 4116.949866 4129.828807 4134.823397 4128.332315 4136.454776 4167.518470 4217.619801 4252.756955 4291.695128 4340.314930 4371.517438 4411.076161 4450.524149 4503.417052 4535.476898 4564.815602 4615.273747 4652.654280 4675.720950 4660.665809 4643.569391 4597.029079 4536.049398 4486.268107 4456.462077 4404.848146 4360.908131 4317.613506 4271.122544 4218.377519 4156.755004 4108.763616 4075.854044 -9999.0 -9999.0 -9999.0 -9999.0 -9999.0
-9999.0 3032.644803 3294.025750 3551.451967 3813.946368 4163.428176 4351.476611 4441.997428 4507.350847 4497.217432 4527.111852 4531.736437 4569.599604 4577.900542 4556.678162 4541.907516 4522.994514 4521.904219 4535.082662 4507.111979 4476.037400 4462.241094 4463.246399 4452.577758 4428.167466 4413.332686 4404.156398 4385.044709 4341.771756 4290.388083 4204.288402 4166.939875 4085.714218 4050.933946 4015.829054 3968.866983 3925.519253 3932.664377 3959.247701 3951.630928 3931.287952 3914.752621 3945.047578 3967.008780 3980.738078 3963.358997 3969.692101 4004.210139 4050.623797 4091.130095 4134.682384 4182.564689 4225.042425 4263.548163 4282.895175 4320.841640 4363.360113 4405.411256 4476.499457 4556.992767 4594.367820 4629.938032 4657.753645 4680.147949 4636.606814 4611.260220 4586.821726 4562.490535 4515.348240 4469.420790 4428.819077 4362.666720 4303.077081 -9999.0 -9999.0 -9999.0 -9999.0 -9999.0 -9999.0 -9999.0
-9999.0 2926.157339 3107.987133 3284.805539 3520.639780 3749.124663 3982.996055 4073.051591 4144.695709 4228.376316 4289.133983 4329.403883 4355.235767 4377.472800 4355.095131 4307.260879 4274.115394 4279.407180 4269.055325 4248.757920 4221.395935 4208.857076 4205.870934 4201.513610 4180.923097 4171.478126 4165.263977 4147.686830 4123.676474 4070.635299 4000.686199 3926.383744 3874.264019 3858.201610 3837.610689 3812.538005 3788.741308 3803.018184 3815.643512 3816.886325 3811.870308 3813.273264 3842.306430 3862.570439 3871.960572 3861.560100 3879.661497 3901.964185 3937.860831 3976.672996 4020.884804 4070.554190 4118.644048 4137.370335 4137.347461 4146.182433 4172.168582 4214.491716 4290.456164 4377.067894 4457.466992 4504.092642 4555.740272 4596.819958 4626.272403 4648.798127 4673.045427 4667.519106 4640.392881 4606.319696 4546.009459 -9999.0 -9999.0 -9999.0 -9999.0 -9999.0 -9999.0 -9999.0 -9999.0 -9999.0
-9999.0 -9999.0 2885.846866 3025.060544 3104.425100 3256.258269 3392.234450 3496.879627 3602.581726 3753.802757 3882.598699 3980.372164 4028.530323 4044.444829 4031.251640 4004.712600 3988.990825 3988.447421 3976.188644 3971.368005 3958.970277 3954.552989 3942.266597 3935.185572 3933.259209 3934.388496 3933.236534 3926.189373 3911.205959 3871.554070 3838.576693 3796.630837 3752.844657 3733.016110 3716.792216 3702.050298 3708.643764 3703.858411 3709.732704 3713.521722 3724.485291 3739.486747 3758.691020 3781.793296 3791.498410 3802.255505 3812.594234 3833.546714 3862.557144 3902.211680 3953.100626 4007.610228 4042.989445 4048.780037 4029.035105 4021.888457 4027.485194 4053.883279 4114.034149 4181.684492 4273.035837 4339.652685 4406.990820 4464.000789 4491.395835 4527.807606 4599.909200 4648.076022 4692.858101 4670.325494 -9999.0 -9999.0 -9999.0 -9999.0 -9999.0 -9999.0 -9999.0 -9999.0 -9999.0 -9999.0
-9999.0 -9999.0 -9999.0 -9999.0 2884.375339 3021.453206 3115.445001 3189.028450 3322.620723 3455.319231 3562.369522 3651.311072 3723.420477 3750.040760 3753.724522 3775.204588 3775.859182 3765.572649 3754.323102 3761.659433 3769.131200 3763.692779 3746.159442 3741.078952 3747.133684 3757.413017 3757.339148 3746.403759 3730.026267 3720.799662 3712.468461 3685.022040 3655.968593 3631.077968 3621.453539 3621.087692 3622.704960 3615.510639 3624.556271 3634.803843 3651.474444 3666.809225 3690.304098 3720.368852 3735.502934 3750.100693 3758.104933 3775.661887 3803.688762 3854.666546 3915.989196 3972.405862 4006.269888 4005.981384 3976.583193 3953.622222 3939.306250 3954.778348 3981.258338 4029.326150 4117.766880 4179.604725 4222.992727 4260.198366 4296.546210 4363.414466 4460.962185 4543.810885 -9999.0 -9999.0 -9999.0 -9999.0 -9999.0 -9999.0 -9999.0 -9999.0 -9999.0 -9999.0 -9999.0 -9999.0
-9999.0 -9999.0 -9999.0 -9999.0 -9999.0 -9999.0 2862.279284 2968.568907 3021.850348 3177.834585 3328.529676 3438.074389 3522.811661 3560.922606 3598.477048 3630.804316 3632.602978 3611.688059 3588.837401 3612.362289 3634.394851 3628.168250 3595.097287 3598.259545 3607.528029 3616.781393 3615.977400 3612.469222 3590.644173 3612.316563 3621.114193 3601.640171 3579.445178 3570.018783 3560.760062 3572.559639 3574.029181 3560.325764 3559.263401 3588.384990 3610.271499 3623.226407 3643.964001 3677.204219 3709.719139 3725.480236 3725.938597 3729.737466 3764.766619 3832.164294 3903.005480 3958.162889 3989.113430 3993.265750 3961.806799 3916.160748 3889.061337 3886.414486 3908.815012 3945.728042 4005.052022 4039.622784 4047.288876 4044.416200 4053.871703 4155.789827 -9999.0 -9999.0 -9999.0 -9999.0 -9999.0 -9999.0 -9999.0 -9999.0 -9999.0 -9999.0 -9999.0 -9999.0 -9999.0 -9999.0
-9999.0 -9999.0 -9999.0 -9999.0 -9999.0 -9999.0 -9999.0 -9999.0 -9999.0 -9999.0 -9999.0 -9999.0 -9999.0 -9999.0 -9999.0 -9999.0 -9999.0 -9999.0 -9999.0 -9999.0 -9999.0 -9999.0 -9999.0 -9999.0 -9999.0 -9999.0 -9999.0 -9999.0 -9999.0 -9999.0 -9999.0 -9999.0 -9999.0 -9999.0 -9999.0 -9999.0 -9999.0 -9999.0 -9999.0 -9999.0 -9999.0 -9999.0 -9999.0 -9999.0 -9999.0 -9999.0 -9999.0 -9999.0 -9999.0 -9999.0 -9999.0 -9999.0 -9999.0 -9999.0 -9999.0 -9999.0 -9999.0 -9999.0 -9999.0 -9999.0 -9999.0 -9999.0 -9999.0 -9999.0 -9999.0 -9999.0 -9999.0 -9999.0 -9999.0 -9999.0 -9999.0 -9999.0 -9999.0 -9999.0 -9999.0 -9999.0 -9999.0 -9999.0 -9999.0 -9999.0
-9999.0 -9999.0 -9999.0 -9999.0 -9999.0 -9999.0 -9999.0 -9999.0 -9999.0 -9999.0 -9999.0 -9999.0 -9999.0 -9999.0 -9999.0 -9999.0 -9999.0 -9999.0 -9999.0 -9999.0 -9999.0 -9999.0 -9999.0 -9999.0 -9999.0 -9999.0 -9999.0 -9999.0 -9999.0 -9999.0 -9999.0 -9999.0 -9999.0 -9999.0 -9999.0 -9999.0 -9999.0 -9999.0 -9999.0 -9999.0 -9999.0 -9999.0 -9999.0 -9999.0 -9999.0 -9999.0 -9999.0 -9999.0 -9999.0 -9999.0 -9999.0 -9999.0 -9999.0 -9999.0 -9999.0 -9999.0 -9999.0 -9999.0 -9999.0 -9999.0 -9999.0 -9999.0 -9999.0 -9999.0 -9999.0 -9999.0 -9999.0 -9999.0 -9999.0 -9999.0 -9999.0 -9999.0 -9999.0 -9999.0 -9999.0 -9999.0 -9999.0 -9999.0 -9999.0 -9999.0