Borden_/Borden1m_014/output_maps/psiliqL0004N0001.asc
ncols         80
nrows         18
xllcorner     620200.000000
yllcorner     5168000.000000
cellsize      1.000000
NODATA_value  -9999.0
-9999.0 -9999.0 -9999.0 -9999.0 -9999.0 -9999.0 -9999.0 -9999.0 -9999.0 -9999.0 -9999.0 -9999.0 -9999.0 -9999.0 -9999.0 -9999.0 -9999.0 -9999.0 -9999.0 -9999.0 -9999.0 -9999.0 -9999.0 -9999.0 -9999.0 -9999.0 -9999.0 -9999.0 -9999.0 -9999.0 -9999.0 -9999.0 -9999.0 -9999.0 -9999.0 -9999.0 -9999.0 -9999.0 -9999.0 -9999.0 -9999.0 -9999.0 -9999.0 -9999.0 -9999.0 -9999.0 -9999.0 -9999.0 -9999.0 -9999.0 -9999.0 -9999.0 -9999.0 -9999.0 -9999.0 -9999.0 -9999.0 -9999.0 -9999.0 -9999.0 -9999.0 -9999.0 -9999.0 -9999.0 -9999.0 -9999.0 -9999.0 -9999.0 -9999.0 -9999.0 -9999.0 -9999.0 -9999.0 -9999.0 -9999.0 -9999.0 -9999.0 -9999.0 -9999.0 -9999.0
-9999.0 -9999.0 -9999.0 -9999.0 -9999.0 -9999.0 -9999.0 -9999.0 -9999.0 -9999.0 -9999.0 -9999.0 -9999.0 -9999.0 -9999.0 -9999.0 -9999.0 -9999.0 -9999.0 -9999.0 -9999.0 -9999.0 -9999.0 -9999.0 -9999.0 -9999.0 -9999.0 -9999.0 -9999.0 -9999.0 -9999.0 -9999.0 -9999.0 -9999.0 -9999.0 -9999.0 -9999.0 -9999.0 -9999.0 -9999.0 -9999.0 -9999.0 -9999.0 -9999.0 -9999.0 -9999.0 -9999.0 -9999.0 -9999.0 -9999.0 -9999.0 -9999.0 -9999.0 -9999.0 -9999.0 -9999.0 -9999.0 -9999.0 -9999.0 -9999.0 -9999.0 -9999.0 -9999.0 -9999.0 -9999.0 -9999.0 -9999.0 -9999.0 -9999.0 -9999.0 -9999.0 -9999.0 -9999.0 -9999.0 -9999.0 -9999.0 -9999.0 -9999.0 -9999.0 -9999.0
-9999.0 -9999.0 -9999.0 -9999.0 -9999.0 -9999.0 -9999.0 -9999.0 -9999.0 -9999.0 -9999.0 -9999.0 -9999.0 -9999.0 -9999.0 -9999.0 -9999.0 -9999.0 -9999.0 -9999.0 -863.972152 -860.802120 -883.868781 -917.954119 -946.550770 -945.215261 -910.919986 -870.962169 -834.510221 -824.274628 -842.407926 -841.821238 -847.457345 -847.424325 -844.454222 -839.146434 -837.315327 -825.934377 -817.654248 -817.863841 -823.950796 -829.840289 -831.900389 -828.275150 -823.544610 -831.173526 -818.095175 -802.923731 -796.027948 -800.730720 -827.250160 -842.611891 -849.862397 -863.221587 -838.592179 -825.345821 -802.004615 -797.142897 -797.595430 -823.937689 -853.436926 -9999.0 -9999.0 -9999.0 -9999.0 -9999.0 -9999.0 -9999.0 -9999.0 -9999.0 -9999.0 -9999.0 -9999.0 -9999.0 -9999.0 -9999.0 -9999.0 -9999.0 -9999.0 -9999.0
-9999.0 -9999.0 -9999.0 -9999.0 -9999.0 -9999.0 -9999.0 -9999.0 -9999.0 -9999.0 -9999.0 -9999.0 -9999.0 -9999.0 -952.240826 -962.924401 -966.464207 -958.403469 -925.319068 -896.226819 -883.771270 -891.773740 -892.341855 -916.106748 -936.317034 -922.901019 -894.869016 -864.842696 -832.228215 -812.515284 -825.884011 -829.156863 -818.924895 -791.436837 -776.919318 -779.932082 -801.443676 -779.818817 -764.043426 -754.584288 -755.770882 -764.348407 -749.650357 -733.714801 -740.229690 -757.337599 -754.683391 -743.459212 -728.320043 -742.735068 -805.769847 -826.388552 -828.102160 -833.646558 -845.561181 -851.511359 -826.733473 -824.732749 -832.143738 -849.116378 -880.154389 -923.242271 -940.181092 -901.798654 -856.966828 -798.600352 -9999.0 -9999.0 -9999.0 -9999.0 -9999.0 -9999.0 -9999.0 -9999.0 -9999.0 -9999.0 -9999.0 -9999.0 -9999.0 -9999.0
-9999.0 -9999.0 -9999.0 -9999.0 -9999.0 -9999.0 -9999.0 -9999.0 -9999.0 -1007.331369 -1004.504653 -997.942556 -996.885000 -981.852578 -983.726747 -977.460543 -969.703044 -944.952262 -914.932364 -880.941498 -852.953259 -863.872952 -864.290798 -852.087191 -844.561804 -832.375504 -813.328148 -774.901401 -734.492688 -694.923442 -722.941120 -725.367058 -707.351417 -659.186246 -621.739855 -612.403967 -630.230919 -628.993010 -605.489098 -582.129578 -583.540340 -585.492850 -564.269260 -553.159862 -545.989656 -561.802388 -578.998839 -581.361331 -557.053759 -603.049578 -661.806447 -714.398944 -713.065461 -742.769512 -783.214642 -805.409969 -807.781081 -784.575647 -798.704493 -834.750039 -870.058319 -877.952486 -893.322644 -877.019012 -853.741654 -806.127504 -767.434169 -738.246963 -736.936080 -753.536178 -9999.0 -9999.0 -9999.0 -9999.0 -9999.0 -9999.0 -9999.0 -9999.0 -9999.0 -9999.0
-9999.0 -9999.0 -9999.0 -9999.0 -9999.0 -9999.0 -1084.773537 -1076.735189 -1057.845666 -1052.312244 -1029.196120 -1022.098566 -1002.309800 -983.655512 -964.533045 -948.167189 -917.948015 -886.910866 -846.706187 -803.976311 -773.155352 -777.868348 -769.046157 -735.834120 -693.170144 -661.606293 -640.522003 -606.965771 -539.275258 -502.947885 -490.233012 -485.727307 -477.174937 -432.082407 -368.982107 -350.299708 -371.175644 -388.010521 -372.570781 -339.416146 -331.333167 -331.722147 -326.146104 -317.847938 -284.200801 -290.416498 -334.960146 -354.106570 -361.323426 -368.512915 -418.200327 -479.265774 -515.154387 -554.391061 -624.518567 -680.169855 -682.362581 -666.856767 -695.395471 -745.469304 -786.285107 -795.561691 -808.694643 -822.167356 -816.349655 -796.166272 -771.596081 -759.202407 -770.250960 -789.492000 -811.776807 -839.724095 -837.574128 -811.693637 -9999.0 -9999.0 -9999.0 -9999.0 -9999.0 -9999.0
-9999.0 -9999.0 -9999.0 -9999.0 -1133.804913 -1122.026099 -1133.546770 -1111.259774 -1080.302110 -1048.369020 -1016.574612 -979.998138 -954.076452 -925.784115 -884.965398 -847.066254 -805.117700 -772.942891 -720.935412 -655.512717 -607.102936 -583.140485 -572.169525 -519.624358 -463.759319 -413.127239 -395.883132 -374.060189 -341.108678 -274.294946 -228.872579 -209.598650 -77.507584 68.640098 80.200983 86.272038 82.912854 82.196319 83.190548 84.354814 88.336683 87.695527 87.838777 88.203792 89.053021 89.463816 85.955099 80.674425 79.013233 77.309742 65.479148 -244.398583 -308.510699 -332.861843 -350.210200 -394.521017 -465.819470 -486.366804 -532.620086 -578.098931 -638.465599 -661.662339 -690.808018 -714.075159 -742.805004 -740.883882 -736.625039 -754.350043 -782.514356 -812.836763 -826.595536 -844.185273 -853.178239 -822.878712 -804.661809 -773.015654 -9999.0 -9999.0 -9999.0 -9999.0
-9999.0 -9999.0 -1190.729237 -1140.521468 -1085.818129 -1077.791314 -1075.154861 -1071.114826 -1045.710413 -996.950944 -918.887563 -867.239955 -823.449736 -796.198230 -739.711482 -659.095406 -591.881861 -552.237739 -504.433847 -445.038304 -388.870635 -357.517674 -343.058263 -307.633928 -231.918579 65.121012 76.635632 80.640946 84.531426 89.037087 93.342851 96.722722 102.944930 105.248494 105.423783 104.805834 104.909205 105.036732 102.199231 101.947650 103.004099 102.928880 105.103046 101.473336 100.621208 103.205679 103.801715 104.423671 104.770765 105.617365 107.396568 92.798688 82.628455 81.173952 80.405318 65.767034 -236.588022 -305.767023 -320.924765 -355.108815 -423.795525 -473.791448 -518.071125 -560.256561 -605.888511 -633.842337 -675.560937 -711.925818 -753.312719 -795.522853 -817.010062 -834.095874 -835.061514 -833.176597 -816.472682 -800.105696 -784.201859 -776.130652 -9999.0 -9999.0
-9999.0 -1286.964316 -1214.487358 -1086.841847 -1009.405454 -965.364651 -923.037619 -893.212169 -871.981544 -862.529360 -758.625543 -655.879686 -577.468254 -556.514561 -512.500588 -426.231651 -348.224261 -311.052443 -275.553904 -160.256413 69.432394 82.517714 86.057127 91.265997 99.953588 105.879897 106.643892 106.732152 104.454688 102.338446 99.624468 101.112881 101.199069 98.314718 89.371571 88.056313 87.680626 84.075474 79.929879 77.939326 78.452924 82.740094 80.562251 77.096303 76.419548 79.821508 82.835720 80.951981 78.250999 80.739378 86.465672 91.645238 100.833106 103.882972 109.161670 102.480888 89.846879 81.777768 79.246814 68.742894 -193.894818 -305.318414 -356.873352 -407.968186 -462.845168 -520.359135 -569.066901 -616.591688 -672.890405 -706.480099 -733.956831 -783.525042 -805.549344 -802.507811 -810.870052 -812.471494 -805.076710 -798.319682 -9999.0 -9999.0
-9999.0 -1353.682188 -1210.029021 -1024.252426 -880.154006 -820.651085 -704.164124 -627.067603 -606.072940 -626.769942 -537.677482 -343.362597 -263.630800 -257.230207 62.505057 83.281451 88.527981 92.304403 97.242417 97.514488 102.525646 105.088712 102.939860 100.914949 98.549205 98.581119 99.349000 99.266659 95.525888 85.994419 81.912948 81.677254 78.723271 64.972303 -193.154398 -230.985022 -243.643743 -274.810326 -318.293382 -344.348325 -354.084629 -329.064380 -342.211305 -363.925767 -368.871018 -344.321217 -308.711372 -321.841606 -323.871695 -302.516607 -248.008728 -133.841640 66.504811 76.779287 83.224822 96.475590 101.393779 105.771758 107.883144 101.629363 88.585116 78.156764 66.307884 -233.245767 -327.959407 -393.531527 -437.593249 -480.058284 -530.696334 -568.230963 -610.717707 -663.159461 -717.436907 -742.377653 -779.841041 -800.541897 -9999.0 -9999.0 -9999.0 -9999.0
-9999.0 -1412.219159 -1219.192111 -951.101610 -706.457052 -587.427656 -416.437616 -303.860113 -224.266425 65.116268 76.528579 92.473715 95.140997 93.297860 98.047310 98.125216 99.537629 99.082333 97.472802 95.527979 88.280183 86.664868 86.472465 85.199861 83.444473 81.427196 79.605920 77.075790 58.822887 -220.023317 -273.648151 -287.112029 -319.589872 -406.618309 -445.068575 -470.247429 -513.233772 -518.690829 -529.892211 -555.732354 -570.781726 -581.549992 -567.030623 -569.870876 -570.941800 -563.167930 -544.446402 -532.390071 -500.444973 -472.515380 -435.305028 -392.690684 -366.875618 -326.783150 -268.433980 29.428282 73.120440 79.581510 88.903064 101.333881 107.257470 104.911841 98.874488 85.495789 66.780548 -214.856649 -270.619645 -328.462848 -373.154354 -418.237000 -463.292068 -514.660196 -573.412527 -654.102808 -692.321099 -9999.0 -9999.0 -9999.0 -9999.0 -9999.0
-9999.0 -1553.303295 -1285.386805 -985.745547 -654.747767 -370.791823 -303.915038 47.701753 77.351226 73.251593 71.024469 73.261613 79.540169 80.527703 77.686476 77.054705 75.020459 74.455138 76.626668 64.281525 -194.301398 -229.607386 -230.074567 -252.763257 -285.713465 -306.718386 -319.424511 -336.241436 -380.672040 -422.293910 -490.563537 -504.619094 -563.780761 -623.297794 -664.371342 -707.030150 -754.974815 -756.485972 -741.988419 -758.298798 -779.235024 -797.368451 -773.637620 -760.113871 -750.479976 -759.531099 -751.871605 -720.479689 -676.767659 -640.226300 -598.005384 -552.938735 -517.834339 -476.535011 -446.932362 -399.610320 -359.787851 -316.390221 -190.464347 71.928123 83.626561 94.283574 103.764711 109.048324 99.561402 86.344364 80.522064 74.972998 49.604307 -246.186690 -310.362410 -371.231712 -431.074380 -9999.0 -9999.0 -9999.0 -9999.0 -9999.0 -9999.0 -9999.0
-9999.0 -1691.324273 -1451.884114 -1193.792559 -890.031368 -669.634610 -533.628187 -443.378755 -382.590658 -393.229723 -384.920602 -363.304612 -334.934958 -314.998820 -343.380714 -379.538102 -405.997375 -403.022926 -402.289309 -427.353438 -455.838991 -469.856924 -469.513672 -475.679121 -499.120859 -512.763991 -521.334082 -539.886247 -570.899360 -617.293487 -691.867588 -751.514419 -808.698007 -843.409780 -872.475093 -904.622625 -943.858210 -933.185365 -917.964949 -923.078957 -936.232093 -941.586993 -912.478756 -895.034021 -885.428780 -899.465379 -882.118130 -856.220679 -816.234516 -777.805740 -734.573198 -686.418332 -640.410398 -615.081768 -602.461781 -577.227612 -542.671385 -496.738636 -421.207351 -336.763618 -254.866419 -11.625565 74.846271 83.979260 89.420750 102.474714 103.487238 94.564341 82.769246 77.178633 73.178160 -9999.0 -9999.0 -9999.0 -9999.0 -9999.0 -9999.0 -9999.0 -9999.0 -9999.0
-9999.0 -9999.0 -1690.572994 -1492.342290 -1320.186883 -1133.493606 -989.720859 -893.741181 -833.768604 -761.399775 -685.289920 -622.896596 -590.052507 -576.955452 -594.586821 -633.357922 -658.677950 -657.888608 -665.427026 -679.152709 -702.804460 -711.085685 -718.478191 -724.874019 -738.094625 -745.254243 -749.747525 -759.378251 -780.340989 -824.732049 -877.282538 -928.167265 -981.830453 -1006.079116 -1027.714816 -1050.685819 -1055.298415 -1056.050976 -1048.792864 -1047.886710 -1043.525100 -1032.533006 -1011.837247 -991.288427 -982.370421 -976.498281 -964.320611 -941.376125 -909.169551 -870.213557 -820.623648 -768.538115 -734.047605 -724.757863 -735.504524 -731.060729 -711.403646 -671.992357 -594.910575 -521.250042 -445.363634 -388.587337 -319.113648 -245.910917 -171.275747 65.943685 81.707790 88.466450 58.038464 80.324160 -9999.0 -9999.0 -9999.0 -9999.0 -9999.0 -9999.0 -9999.0 -9999.0 -9999.0 -9999.0
-9999.0 -9999.0 -9999.0 -9999.0 -1634.999954 -1475.958927 -1383.888150 -1302.801674 -1188.614776 -1089.266107 -1004.777644 -935.779749 -890.288564 -869.475001 -883.606090 -893.603008 -902.933809 -905.080770 -912.596594 -919.665574 -926.721972 -934.068181 -943.337902 -950.568633 -951.850226 -949.009355 -950.624060 -962.883650 -977.230160 -1005.923123 -1031.174567 -1066.278701 -1103.432598 -1132.281655 -1145.147154 -1152.692265 -1152.284919 -1157.118941 -1147.355496 -1141.690341 -1127.239359 -1111.918732 -1088.066949 -1060.460515 -1048.712876 -1035.022079 -1025.506682 -1004.857689 -975.723098 -924.489012 -864.390848 -811.314168 -780.543159 -779.230010 -807.407894 -824.952335 -829.848576 -804.769403 -761.387461 -698.400081 -608.502936 -547.403362 -492.725138 -446.298042 -410.613275 -354.895929 -248.927435 73.159872 -9999.0 -9999.0 -9999.0 -9999.0 -9999.0 -9999.0 -9999.0 -9999.0 -9999.0 -9999.0 -9999.0 -9999.0
-9999.0 -9999.0 -9999.0 -9999.0 -9999.0 -9999.0 -1696.807797 -1604.596210 -1513.310443 -1400.562527 -1297.655182 -1212.443301 -1143.246380 -1122.331755 -1109.493871 -1089.666738 -1095.325531 -1111.044816 -1125.859440 -1110.677741 -1103.281573 -1107.409820 -1132.894086 -1134.768265 -1132.038419 -1122.436258 -1123.187528 -1129.014165 -1153.268487 -1147.034080 -1149.612405 -1172.299019 -1198.115738 -1212.716997 -1224.127404 -1214.194447 -1213.183967 -1225.134182 -1221.903025 -1196.526902 -1177.364161 -1163.935384 -1141.308499 -1108.567182 -1077.132397 -1063.552292 -1062.916223 -1056.838575 -1015.180758 -946.128848 -878.162876 -827.509457 -799.365020 -794.012432 -824.328799 -866.977527 -890.695111 -886.727148 -855.939638 -807.475007 -737.822153 -695.656478 -668.836445 -649.173639 -624.561621 -540.731920 -9999.0 -9999.0 -9999.0 -9999.0 -9999.0 -9999.0 -9999.0 -9999.0 -9999.0 -9999.0 -9999.0 -9999.0 -9999.0 -9999.0
-9999.0 -9999.0 -9999.0 -9999.0 -9999.0 -9999.0 -9999.0 -9999.0 -9999.0 -9999.0 -9999.0 -9999.0 -9999.0 -9999.0 -9999.0 -9999.0 -9999.0 -9999.0 -9999.0 -9999.0 -9999.0 -9999.0 -9999.0 -9999.0 -9999.0 -9999.0 -9999.0 -9999.0 -9999.0 -9999.0 -9999.0 -9999.0 -9999.0 -9999.0 -9999.0 -9999.0 -9999.0 -9999.0 -9999.0 -9999.0 -9999.0 -9999.0 -9999.0 -9999.0 -9999.0 -9999.0 -9999.0 -9999.0 -9999.0 -9999.0 -9999.0 -9999.0 -9999.0 -9999.0 -9999.0 -9999.0 -9999.0 -9999.0 -9999.0 -9999.0 -9999.0 -9999.0 -9999.0 -9999.0 -9999.0 -9999.0 -9999.0 -9999.0 -9999.0 -9999.0 -9999.0 -9999.0 -9999.0 -9999.0 -9999.0 -9999.0 -9999.0 -9999.0 -9999.0 -9999.0
-9999.0 -9999.0 -9999.0 -9999.0 -9999.0 -9999.0 -9999.0 -9999.0 -9999.0 -9999.0 -9999.0 -9999.0 -9999.0 -9999.0 -9999.0 -9999.0 -9999.0 -9999.0 -9999.0 -9999.0 -9999.0 -9999.0 -9999.0 -9999.0 -9999.0 -9999.0 -9999.0 -9999.0 -9999.0 -9999.0 -9999.0 -9999.0 -9999.0 -9999.0 -9999.0 -9999.0 -9999.0 -9999.0 -9999.0 -9999.0 -9999.0 -9999.0 -9999.0 -9999.0 -9999.0 -9999.0 -9999.0 -9999.0 -9999.0 -9999.0 -9999.0 -9999.0 -9999.0 -9999.0 -9999.0 -9999.0 -9999.0 -9999.0 -9999.0 -9999.0 -9999.0 -9999.0 -9999.0 -9999.0 -9999.0 -9999.0 -9999.0 -9999.0 -9999.0 -9999.0 -9999.0 -9999.0 -9999.0 -9999.0 -9999.0 -9999.0 -9999.0 -9999.0 -9999.0 -9999.0