Borden_/Borden1m_014/output_maps/psiliqL0019N0002.asc
ncols         80
nrows         18
xllcorner     620200.000000
yllcorner     5168000.000000
cellsize      1.000000
NODATA_value  -9999.0
-9999.0 -9999.0 -9999.0 -9999.0 -9999.0 -9999.0 -9999.0 -9999.0 -9999.0 -9999.0 -9999.0 -9999.0 -9999.0 -9999.0 -9999.0 -9999.0 -9999.0 -9999.0 -9999.0 -9999.0 -9999.0 -9999.0 -9999.0 -9999.0 -9999.0 -9999.0 -9999.0 -9999.0 -9999.0 -9999.0 -9999.0 -9999.0 -9999.0 -9999.0 -9999.0 -9999.0 -9999.0 -9999.0 -9999.0 -9999.0 -9999.0 -9999.0 -9999.0 -9999.0 -9999.0 -9999.0 -9999.0 -9999.0 -9999.0 -9999.0 -9999.0 -9999.0 -9999.0 -9999.0 -9999.0 -9999.0 -9999.0 -9999.0 -9999.0 -9999.0 -9999.0 -9999.0 -9999.0 -9999.0 -9999.0 -9999.0 -9999.0 -9999.0 -9999.0 -9999.0 -9999.0 -9999.0 -9999.0 -9999.0 -9999.0 -9999.0 -9999.0 -9999.0 -9999.0 -9999.0
-9999.0 -9999.0 -9999.0 -9999.0 -9999.0 -9999.0 -9999.0 -9999.0 -9999.0 -9999.0 -9999.0 -9999.0 -9999.0 -9999.0 -9999.0 -9999.0 -9999.0 -9999.0 -9999.0 -9999.0 -9999.0 -9999.0 -9999.0 -9999.0 -9999.0 -9999.0 -9999.0 -9999.0 -9999.0 -9999.0 -9999.0 -9999.0 -9999.0 -9999.0 -9999.0 -9999.0 -9999.0 -9999.0 -9999.0 -9999.0 -9999.0 -9999.0 -9999.0 -9999.0 -9999.0 -9999.0 -9999.0 -9999.0 -9999.0 -9999.0 -9999.0 -9999.0 -9999.0 -9999.0 -9999.0 -9999.0 -9999.0 -9999.0 -9999.0 -9999.0 -9999.0 -9999.0 -9999.0 -9999.0 -9999.0 -9999.0 -9999.0 -9999.0 -9999.0 -9999.0 -9999.0 -9999.0 -9999.0 -9999.0 -9999.0 -9999.0 -9999.0 -9999.0 -9999.0 -9999.0
-9999.0 -9999.0 -9999.0 -9999.0 -9999.0 -9999.0 -9999.0 -9999.0 -9999.0 -9999.0 -9999.0 -9999.0 -9999.0 -9999.0 -9999.0 -9999.0 -9999.0 -9999.0 -9999.0 -9999.0 1930.387954 1932.338426 1910.609155 1877.040499 1849.305453 1851.626531 1885.628130 1926.606285 1965.267275 1974.406849 1956.591579 1960.302759 1956.348558 1954.025889 1955.650754 1962.925147 1968.236698 1978.598402 1986.068560 1984.489534 1977.536942 1972.180884 1973.158441 1975.420378 1981.195259 1968.997255 1983.978226 1999.716554 2004.615646 2000.289794 1974.350419 1959.956281 1950.955756 1935.044651 1960.071818 1971.497411 1994.115133 1998.075998 1995.994569 1968.975376 1938.852379 -9999.0 -9999.0 -9999.0 -9999.0 -9999.0 -9999.0 -9999.0 -9999.0 -9999.0 -9999.0 -9999.0 -9999.0 -9999.0 -9999.0 -9999.0 -9999.0 -9999.0 -9999.0 -9999.0
-9999.0 -9999.0 -9999.0 -9999.0 -9999.0 -9999.0 -9999.0 -9999.0 -9999.0 -9999.0 -9999.0 -9999.0 -9999.0 -9999.0 1840.199928 1831.028195 1828.273745 1836.233109 1869.338783 1899.550100 1911.438978 1904.152263 1904.353931 1880.638836 1859.516780 1873.275269 1903.027729 1934.044828 1967.949358 1987.200807 1976.825765 1975.396684 1984.621129 2007.844963 2018.542082 2015.332009 1996.452839 2020.144169 2034.314315 2040.380566 2038.592238 2029.061888 2039.577446 2054.202828 2047.385863 2031.594322 2039.888418 2053.438871 2065.028466 2053.678477 1992.228400 1975.617927 1971.251694 1965.391510 1951.657367 1946.207604 1972.486151 1971.917056 1963.831017 1946.080837 1913.094052 1868.395889 1849.668163 1889.055356 1932.704922 1989.438103 -9999.0 -9999.0 -9999.0 -9999.0 -9999.0 -9999.0 -9999.0 -9999.0 -9999.0 -9999.0 -9999.0 -9999.0 -9999.0 -9999.0
-9999.0 -9999.0 -9999.0 -9999.0 -9999.0 -9999.0 -9999.0 -9999.0 -9999.0 1782.732703 1787.896113 1795.096665 1797.556021 1813.036851 1810.304057 1817.323868 1823.027847 1850.018545 1880.324173 1914.671463 1942.567786 1933.577798 1933.441125 1941.226549 1941.472268 1952.296829 1973.725266 2012.631716 2048.217974 2087.094885 2058.093755 2056.461437 2075.996814 2120.735832 2148.916772 2153.109884 2134.664225 2146.478805 2170.071536 2188.233037 2185.318313 2180.492441 2204.524749 2218.564036 2216.944680 2197.344718 2191.243997 2195.350319 2222.420013 2171.785031 2105.858740 2060.061273 2068.248567 2042.088349 2009.686433 1993.159445 1991.291670 2011.192019 1997.211400 1961.249120 1926.261293 1914.805499 1897.485864 1916.106772 1938.691528 1984.937579 2024.050079 2053.150609 2052.809436 2035.540910 -9999.0 -9999.0 -9999.0 -9999.0 -9999.0 -9999.0 -9999.0 -9999.0 -9999.0 -9999.0
-9999.0 -9999.0 -9999.0 -9999.0 -9999.0 -9999.0 1704.008819 1714.035453 1734.601699 1738.465175 1764.269917 1770.696251 1790.559909 1808.968989 1830.515850 1845.193770 1872.720931 1904.031782 1942.666488 1983.500233 2013.820403 2005.804242 2014.362247 2040.529243 2075.586648 2101.677185 2126.449899 2165.332297 2239.166458 2279.982211 2284.355743 2290.597873 2301.629994 2351.544055 2414.795765 2426.216169 2405.515580 2391.353456 2412.122832 2447.284617 2448.200800 2447.557756 2459.736335 2470.165633 2497.103583 2487.991159 2450.243975 2440.608768 2443.236713 2423.989909 2358.526008 2295.557965 2265.679208 2216.312640 2134.689943 2085.043519 2097.497483 2118.225784 2091.565564 2039.659184 2001.956834 1992.974139 1979.130107 1968.289288 1977.099277 1997.890791 2020.933297 2033.366616 2021.042392 2000.242813 1978.075939 1949.812013 1952.208892 1977.452521 -9999.0 -9999.0 -9999.0 -9999.0 -9999.0 -9999.0
-9999.0 -9999.0 -9999.0 -9999.0 1654.250569 1667.016509 1653.689722 1679.221182 1711.629394 1745.479094 1775.273519 1809.667912 1835.044525 1863.759454 1900.838054 1929.397987 1966.272919 1998.804528 2050.721790 2116.773892 2165.431082 2184.711718 2197.264342 2253.987777 2316.623114 2370.232344 2392.444941 2420.195092 2465.843467 2527.486991 2558.217986 2567.754153 2587.268238 2626.087262 2676.209697 2711.422950 2694.058017 2685.258078 2692.011895 2703.375653 2724.864336 2724.842296 2726.262594 2729.699005 2736.071503 2735.514450 2711.347623 2678.723418 2662.887657 2652.320249 2617.529594 2544.032330 2503.791163 2471.639785 2433.165260 2379.193988 2319.580420 2307.909501 2250.892668 2194.329156 2136.668228 2119.168341 2091.658626 2069.531196 2045.120111 2051.036177 2057.900638 2039.905900 2008.971122 1978.190887 1964.298081 1946.361655 1935.633632 1966.450148 1984.445601 2014.656463 -9999.0 -9999.0 -9999.0 -9999.0
-9999.0 -9999.0 1595.678423 1642.626183 1699.077286 1706.287861 1703.532110 1708.120119 1735.829544 1786.650874 1856.101103 1899.818689 1936.030195 1968.481975 2024.582866 2095.311369 2160.625884 2206.058714 2267.450113 2340.265036 2402.983518 2433.282989 2447.754391 2490.289245 2551.103358 2620.906565 2651.179340 2679.094833 2714.509879 2751.688177 2758.878458 2774.137941 2785.305548 2792.161463 2800.585293 2803.059871 2796.636449 2789.681067 2769.596348 2764.032343 2769.728471 2775.624460 2775.824074 2762.229667 2758.671372 2773.093820 2778.572385 2777.711832 2776.248108 2782.845374 2782.945723 2738.828987 2706.824118 2689.480475 2674.806357 2628.153262 2559.894488 2517.669244 2493.567254 2448.406807 2370.633073 2321.332643 2272.659786 2228.626545 2181.120468 2157.354729 2116.924045 2079.362828 2036.718146 1993.346103 1972.040917 1956.044682 1955.026382 1955.863004 1973.196609 1989.105259 2005.042284 2013.116675 -9999.0 -9999.0
-9999.0 1490.212368 1561.587972 1685.116604 1763.042137 1803.215444 1824.870003 1839.914183 1867.659665 1896.205213 1991.822654 2062.840078 2149.263303 2187.429120 2234.970525 2328.615429 2421.490104 2469.000672 2512.350133 2577.696842 2643.633187 2694.825319 2723.183860 2724.301917 2765.180824 2789.099053 2796.853823 2803.198986 2802.133713 2794.541127 2786.638559 2792.663849 2788.616264 2769.047752 2751.765755 2746.755606 2738.560239 2710.577066 2677.465085 2660.770174 2661.898090 2687.042443 2672.661821 2651.578532 2647.672151 2669.314624 2691.734184 2682.864741 2669.838028 2691.228673 2728.701610 2753.239756 2760.248067 2777.794544 2799.268734 2772.962264 2746.473561 2701.554446 2678.760928 2649.296827 2588.873772 2525.335746 2468.034599 2406.686079 2342.584893 2281.027832 2223.755174 2168.147589 2108.304912 2071.480955 2043.697058 1997.162859 1980.405041 1985.297661 1979.007433 1977.420471 1984.312073 1990.958682 -9999.0 -9999.0
-9999.0 1403.302905 1543.535937 1723.699020 1867.462375 1916.262742 1999.943349 2069.514179 2093.517026 2055.960492 2159.049640 2373.857378 2485.756593 2507.638376 2584.373170 2679.077202 2684.669560 2718.188889 2744.909289 2766.606904 2783.259769 2796.097584 2794.167197 2788.865088 2775.166107 2769.310574 2769.540521 2767.893075 2750.426627 2729.242091 2707.872133 2700.190176 2676.750665 2628.788352 2593.821472 2573.546771 2552.275260 2530.212269 2497.345906 2469.307370 2452.114132 2465.633843 2461.640719 2445.024487 2440.807988 2462.095132 2492.507018 2489.383845 2500.829381 2523.758014 2566.274322 2608.422074 2632.265509 2664.509068 2706.619787 2755.974899 2771.197584 2794.337951 2799.463698 2784.351674 2738.009166 2679.365063 2642.470813 2577.829818 2504.692555 2426.613166 2364.987509 2307.874116 2244.246576 2202.894946 2158.505238 2102.545612 2054.164443 2039.832958 2004.675818 1988.947914 -9999.0 -9999.0 -9999.0 -9999.0
-9999.0 1314.932975 1498.366089 1746.425906 2025.252800 2115.842906 2315.224877 2439.479086 2494.007577 2565.686615 2506.560267 2676.507245 2722.529157 2722.159107 2731.630942 2738.159421 2754.347297 2757.715496 2756.431122 2749.822915 2743.202328 2739.114864 2735.654106 2724.797465 2709.857318 2693.911972 2678.588815 2666.128418 2627.983320 2591.908574 2548.785975 2530.110613 2487.310513 2393.086932 2350.461127 2311.731688 2251.516318 2246.408686 2244.245947 2216.956500 2198.042376 2174.367685 2199.135968 2206.330157 2209.053187 2208.222792 2221.225472 2246.336339 2291.707590 2328.028795 2372.262706 2424.572327 2460.765512 2505.361999 2552.861331 2612.754510 2650.086905 2685.000895 2740.324683 2781.895032 2806.812635 2794.055204 2768.773740 2720.718001 2646.708228 2582.586806 2535.636413 2467.108787 2407.589531 2356.479968 2306.321268 2249.598681 2185.809178 2121.903452 2085.917097 -9999.0 -9999.0 -9999.0 -9999.0 -9999.0
-9999.0 1118.199400 1382.851574 1658.951078 1952.399819 2279.309184 2423.503761 2538.709355 2610.757260 2588.505109 2604.043172 2619.424102 2662.261543 2672.763507 2653.884115 2644.799937 2632.059075 2632.470071 2646.636325 2621.771259 2593.208448 2578.782510 2575.257189 2558.722628 2530.475820 2512.044565 2501.553264 2481.763288 2433.870660 2381.410303 2296.048522 2262.241415 2184.987655 2136.868688 2096.220968 2047.800682 1999.023349 1999.928666 2019.862478 2007.532547 1986.381587 1968.732970 1996.353290 2015.377255 2027.653465 2013.800006 2020.990366 2054.874346 2101.833804 2143.456870 2190.288951 2241.922767 2285.538463 2330.600798 2361.006923 2410.818417 2462.139388 2512.288914 2590.286805 2673.747407 2718.107873 2756.158917 2789.496298 2808.963772 2760.255439 2717.527837 2671.821508 2617.420584 2548.233703 2500.459300 2462.462374 2396.244330 2332.725485 -9999.0 -9999.0 -9999.0 -9999.0 -9999.0 -9999.0 -9999.0
-9999.0 997.378886 1204.687367 1416.483426 1682.566321 1911.394662 2110.994693 2209.778618 2286.156268 2338.271046 2382.479784 2418.427573 2448.008112 2471.558229 2452.263465 2410.883068 2381.568972 2386.320697 2380.654309 2358.174406 2329.173568 2313.579226 2308.348394 2298.933382 2273.105060 2259.070337 2249.854201 2229.150312 2200.059846 2146.385994 2070.347562 1998.134232 1941.195568 1915.293667 1889.272507 1859.464955 1827.666009 1839.133963 1851.884386 1850.073868 1841.402422 1839.812907 1868.854866 1887.971196 1897.540185 1885.729846 1903.770327 1928.072946 1966.698487 2007.150581 2053.159516 2104.655967 2154.774335 2179.895359 2189.710253 2210.848837 2247.234030 2299.324456 2384.971868 2481.701672 2563.769793 2616.197431 2672.326503 2717.155901 2740.210404 2758.095426 2748.166439 2687.145221 2603.080284 2589.985924 2574.155389 -9999.0 -9999.0 -9999.0 -9999.0 -9999.0 -9999.0 -9999.0 -9999.0 -9999.0
-9999.0 -9999.0 974.134735 1139.960666 1259.092967 1427.859294 1570.420456 1675.814053 1767.172787 1890.168429 2000.758295 2086.921654 2130.537964 2147.237037 2134.036564 2103.991974 2084.846321 2084.936045 2074.325734 2065.065848 2046.693103 2038.730675 2025.773721 2016.538775 2007.780085 2003.866121 2000.128263 1990.951772 1972.078034 1928.508790 1885.193736 1837.556338 1787.960765 1764.989012 1745.392038 1726.243963 1727.363257 1723.615094 1729.605663 1731.966294 1740.047052 1753.308544 1773.135120 1795.237249 1804.684567 1813.504042 1824.797219 1846.919992 1877.848488 1918.060298 1969.624764 2024.777350 2061.713552 2071.280822 2058.109691 2059.165803 2074.566105 2111.778317 2185.876858 2264.611596 2358.979171 2430.842682 2507.257568 2567.942336 2595.191742 2625.251006 2664.743030 2639.486719 2536.895321 2564.226423 -9999.0 -9999.0 -9999.0 -9999.0 -9999.0 -9999.0 -9999.0 -9999.0 -9999.0 -9999.0
-9999.0 -9999.0 -9999.0 -9999.0 996.556767 1146.202415 1240.732250 1319.981912 1447.961231 1569.409093 1669.427786 1751.925643 1814.398895 1840.019031 1837.402485 1846.590260 1843.427577 1836.498016 1826.459096 1827.161619 1827.666473 1820.253799 1804.817463 1797.574902 1799.473205 1805.763333 1804.294424 1792.067141 1775.627635 1757.166242 1740.599927 1708.889305 1675.547410 1648.220064 1636.577962 1632.658548 1633.324940 1626.771975 1635.882851 1644.091746 1659.768658 1675.063591 1698.695728 1727.728907 1741.481838 1755.772751 1764.538361 1783.615786 1812.501507 1864.122219 1925.652228 1981.583250 2015.440708 2017.298617 1990.124850 1971.511771 1963.753505 1986.733682 2024.983038 2084.629013 2180.255966 2249.574483 2304.715723 2352.544476 2393.009566 2456.066666 2539.025684 2594.882243 -9999.0 -9999.0 -9999.0 -9999.0 -9999.0 -9999.0 -9999.0 -9999.0 -9999.0 -9999.0 -9999.0 -9999.0
-9999.0 -9999.0 -9999.0 -9999.0 -9999.0 -9999.0 958.049191 1059.159454 1133.282613 1273.548182 1405.957516 1506.890280 1586.355923 1618.291943 1646.403950 1674.102374 1673.024263 1654.201589 1634.389052 1653.937278 1669.198448 1663.067419 1632.375372 1632.663054 1638.511287 1647.311444 1645.973039 1640.916183 1617.401424 1631.874027 1635.141187 1613.595784 1589.245634 1577.079847 1566.457419 1577.100624 1578.080776 1564.886856 1565.473001 1592.961450 1613.671851 1626.805254 1648.323673 1681.354954 1713.444066 1728.350728 1728.982472 1733.897041 1771.954008 1840.451078 1910.616775 1964.549872 1995.230705 2000.987008 1971.365055 1928.544949 1904.871167 1907.600371 1936.814155 1982.601926 2051.413737 2094.604000 2115.814487 2127.693862 2147.562987 2244.295259 -9999.0 -9999.0 -9999.0 -9999.0 -9999.0 -9999.0 -9999.0 -9999.0 -9999.0 -9999.0 -9999.0 -9999.0 -9999.0 -9999.0
-9999.0 -9999.0 -9999.0 -9999.0 -9999.0 -9999.0 -9999.0 -9999.0 -9999.0 -9999.0 -9999.0 -9999.0 -9999.0 -9999.0 -9999.0 -9999.0 -9999.0 -9999.0 -9999.0 -9999.0 -9999.0 -9999.0 -9999.0 -9999.0 -9999.0 -9999.0 -9999.0 -9999.0 -9999.0 -9999.0 -9999.0 -9999.0 -9999.0 -9999.0 -9999.0 -9999.0 -9999.0 -9999.0 -9999.0 -9999.0 -9999.0 -9999.0 -9999.0 -9999.0 -9999.0 -9999.0 -9999.0 -9999.0 -9999.0 -9999.0 -9999.0 -9999.0 -9999.0 -9999.0 -9999.0 -9999.0 -9999.0 -9999.0 -9999.0 -9999.0 -9999.0 -9999.0 -9999.0 -9999.0 -9999.0 -9999.0 -9999.0 -9999.0 -9999.0 -9999.0 -9999.0 -9999.0 -9999.0 -9999.0 -9999.0 -9999.0 -9999.0 -9999.0 -9999.0 -9999.0
-9999.0 -9999.0 -9999.0 -9999.0 -9999.0 -9999.0 -9999.0 -9999.0 -9999.0 -9999.0 -9999.0 -9999.0 -9999.0 -9999.0 -9999.0 -9999.0 -9999.0 -9999.0 -9999.0 -9999.0 -9999.0 -9999.0 -9999.0 -9999.0 -9999.0 -9999.0 -9999.0 -9999.0 -9999.0 -9999.0 -9999.0 -9999.0 -9999.0 -9999.0 -9999.0 -9999.0 -9999.0 -9999.0 -9999.0 -9999.0 -9999.0 -9999.0 -9999.0 -9999.0 -9999.0 -9999.0 -9999.0 -9999.0 -9999.0 -9999.0 -9999.0 -9999.0 -9999.0 -9999.0 -9999.0 -9999.0 -9999.0 -9999.0 -9999.0 -9999.0 -9999.0 -9999.0 -9999.0 -9999.0 -9999.0 -9999.0 -9999.0 -9999.0 -9999.0 -9999.0 -9999.0 -9999.0 -9999.0 -9999.0 -9999.0 -9999.0 -9999.0 -9999.0 -9999.0 -9999.0