Borden_/Borden1m_014/output_maps/psiliqL0014N0039.asc
ncols         80
nrows         18
xllcorner     620200.000000
yllcorner     5168000.000000
cellsize      1.000000
NODATA_value  -9999.0
-9999.0 -9999.0 -9999.0 -9999.0 -9999.0 -9999.0 -9999.0 -9999.0 -9999.0 -9999.0 -9999.0 -9999.0 -9999.0 -9999.0 -9999.0 -9999.0 -9999.0 -9999.0 -9999.0 -9999.0 -9999.0 -9999.0 -9999.0 -9999.0 -9999.0 -9999.0 -9999.0 -9999.0 -9999.0 -9999.0 -9999.0 -9999.0 -9999.0 -9999.0 -9999.0 -9999.0 -9999.0 -9999.0 -9999.0 -9999.0 -9999.0 -9999.0 -9999.0 -9999.0 -9999.0 -9999.0 -9999.0 -9999.0 -9999.0 -9999.0 -9999.0 -9999.0 -9999.0 -9999.0 -9999.0 -9999.0 -9999.0 -9999.0 -9999.0 -9999.0 -9999.0 -9999.0 -9999.0 -9999.0 -9999.0 -9999.0 -9999.0 -9999.0 -9999.0 -9999.0 -9999.0 -9999.0 -9999.0 -9999.0 -9999.0 -9999.0 -9999.0 -9999.0 -9999.0 -9999.0
-9999.0 -9999.0 -9999.0 -9999.0 -9999.0 -9999.0 -9999.0 -9999.0 -9999.0 -9999.0 -9999.0 -9999.0 -9999.0 -9999.0 -9999.0 -9999.0 -9999.0 -9999.0 -9999.0 -9999.0 -9999.0 -9999.0 -9999.0 -9999.0 -9999.0 -9999.0 -9999.0 -9999.0 -9999.0 -9999.0 -9999.0 -9999.0 -9999.0 -9999.0 -9999.0 -9999.0 -9999.0 -9999.0 -9999.0 -9999.0 -9999.0 -9999.0 -9999.0 -9999.0 -9999.0 -9999.0 -9999.0 -9999.0 -9999.0 -9999.0 -9999.0 -9999.0 -9999.0 -9999.0 -9999.0 -9999.0 -9999.0 -9999.0 -9999.0 -9999.0 -9999.0 -9999.0 -9999.0 -9999.0 -9999.0 -9999.0 -9999.0 -9999.0 -9999.0 -9999.0 -9999.0 -9999.0 -9999.0 -9999.0 -9999.0 -9999.0 -9999.0 -9999.0 -9999.0 -9999.0
-9999.0 -9999.0 -9999.0 -9999.0 -9999.0 -9999.0 -9999.0 -9999.0 -9999.0 -9999.0 -9999.0 -9999.0 -9999.0 -9999.0 -9999.0 -9999.0 -9999.0 -9999.0 -9999.0 -9999.0 948.521733 951.471932 930.116828 897.392059 870.573065 874.070857 910.062866 952.845726 992.940650 1004.381385 987.850336 991.634732 988.317343 988.263937 991.802878 999.627029 1004.832078 1017.068626 1026.690459 1027.586911 1022.747766 1018.636206 1019.585021 1022.776229 1027.781674 1016.028685 1028.735901 1042.457928 1045.971046 1038.787655 1009.539689 991.870838 980.847302 963.351750 985.948276 995.978012 1017.084859 1019.719158 1016.651451 988.478942 957.638599 -9999.0 -9999.0 -9999.0 -9999.0 -9999.0 -9999.0 -9999.0 -9999.0 -9999.0 -9999.0 -9999.0 -9999.0 -9999.0 -9999.0 -9999.0 -9999.0 -9999.0 -9999.0 -9999.0
-9999.0 -9999.0 -9999.0 -9999.0 -9999.0 -9999.0 -9999.0 -9999.0 -9999.0 -9999.0 -9999.0 -9999.0 -9999.0 -9999.0 855.135461 846.300424 844.606012 854.167564 888.853238 919.955857 932.423760 925.863921 927.064965 904.753278 885.537926 901.071994 932.557744 966.068020 1002.535544 1024.478602 1014.625125 1013.823071 1024.924130 1051.547118 1065.634214 1064.070027 1045.492455 1070.158154 1087.461028 1097.674255 1098.811527 1091.689789 1105.328677 1121.116928 1113.784848 1095.675312 1099.443141 1109.731296 1119.984293 1103.901341 1037.703825 1015.877125 1009.131283 1000.108889 983.883228 975.533437 999.084471 997.492266 987.640198 968.215005 934.328764 889.345232 869.798327 907.294507 949.970421 1006.314636 -9999.0 -9999.0 -9999.0 -9999.0 -9999.0 -9999.0 -9999.0 -9999.0 -9999.0 -9999.0 -9999.0 -9999.0 -9999.0 -9999.0
-9999.0 -9999.0 -9999.0 -9999.0 -9999.0 -9999.0 -9999.0 -9999.0 -9999.0 794.385067 799.637168 807.984755 811.490473 828.300459 826.879502 835.211672 843.631723 872.003636 904.469045 940.916493 970.924810 963.336546 965.390513 977.142331 982.379939 996.344281 1020.241403 1063.190894 1105.442958 1148.465765 1121.605080 1120.912014 1141.625958 1190.226326 1224.650189 1232.815862 1215.775202 1225.890031 1253.175142 1277.861546 1280.098538 1279.572386 1305.096484 1318.918741 1319.505698 1298.355625 1283.645990 1281.557649 1304.067401 1250.183896 1181.251194 1128.200805 1129.539650 1097.186796 1056.885331 1034.299896 1029.237683 1047.657849 1030.600630 991.409402 953.298278 940.674001 921.700013 937.219630 957.904181 1002.749463 1040.142415 1067.222800 1065.468789 1047.016725 -9999.0 -9999.0 -9999.0 -9999.0 -9999.0 -9999.0 -9999.0 -9999.0 -9999.0 -9999.0
-9999.0 -9999.0 -9999.0 -9999.0 -9999.0 -9999.0 713.896949 724.147316 745.414186 751.127371 777.656275 786.379878 808.440452 829.249336 852.401663 870.675923 902.614920 937.376740 980.241740 1025.578613 1059.981412 1057.142284 1069.705436 1102.347542 1143.426543 1174.775369 1202.485809 1245.346533 1323.753598 1367.965597 1377.021625 1383.016209 1393.541088 1442.406571 1506.327776 1521.930790 1503.019814 1490.237355 1512.382313 1550.948480 1560.324144 1563.576879 1574.315569 1583.648336 1608.692395 1598.041818 1555.947593 1538.857258 1533.762335 1515.469287 1453.291765 1388.655441 1352.458859 1301.234716 1216.564029 1158.985349 1162.502678 1177.995457 1146.032288 1089.325512 1045.439849 1032.084056 1014.593266 999.000150 1003.004077 1020.028980 1040.283091 1049.444408 1034.620255 1011.967551 987.756635 957.926818 958.974674 983.680394 -9999.0 -9999.0 -9999.0 -9999.0 -9999.0 -9999.0
-9999.0 -9999.0 -9999.0 -9999.0 662.804891 676.372457 665.121331 691.234232 725.166499 760.728224 794.298366 833.041611 862.333692 894.689315 937.505191 974.880674 1019.833607 1058.049966 1115.318889 1186.571741 1241.111470 1268.276983 1286.255880 1345.841011 1407.694148 1461.040947 1483.572203 1512.906082 1557.998594 1620.109087 1648.404489 1655.677044 1673.233299 1707.772040 1753.855869 1786.590769 1770.966814 1764.901495 1772.486415 1785.755817 1811.415683 1814.199452 1816.635561 1818.909784 1822.747752 1820.896649 1795.306198 1760.479694 1744.758027 1733.736620 1703.937597 1634.911630 1592.636270 1561.091747 1526.817171 1473.878600 1407.864310 1389.778677 1331.423407 1272.268208 1206.366350 1180.866091 1147.046337 1118.437374 1086.113723 1084.383220 1084.310019 1060.838468 1026.138689 991.830874 975.205766 955.275899 943.534050 972.906578 989.973281 1020.011554 -9999.0 -9999.0 -9999.0 -9999.0
-9999.0 -9999.0 602.386131 651.696884 709.415219 719.317219 721.326319 728.831402 759.073892 813.166317 891.199601 944.441420 989.855251 1026.320689 1089.140695 1172.413852 1248.714718 1299.863924 1360.717296 1431.361329 1494.872261 1530.710262 1550.681103 1590.444633 1643.778719 1704.541573 1731.638042 1758.487255 1790.031794 1824.246728 1837.394744 1851.781988 1859.880924 1862.021461 1866.836759 1868.000070 1863.603634 1858.769010 1841.507267 1838.901768 1847.073180 1853.024532 1855.098676 1841.960621 1837.845645 1850.714320 1853.462469 1851.557845 1850.129093 1856.406748 1859.918141 1821.344177 1781.872287 1765.532132 1754.828528 1710.007271 1644.809562 1601.139516 1577.267189 1533.744820 1454.679548 1400.949189 1348.608590 1297.750700 1242.519145 1207.644324 1156.917577 1110.644497 1060.829121 1012.289770 987.028234 967.766497 964.454110 963.687660 979.195624 994.021648 1008.933037 1016.486370 -9999.0 -9999.0
-9999.0 499.315848 572.089968 699.113819 780.151689 826.282735 860.824672 886.932884 917.847061 945.523208 1053.660506 1147.816102 1241.583738 1280.665236 1333.479706 1432.410443 1528.244474 1574.443116 1612.167316 1667.289477 1726.552767 1773.988165 1803.510084 1817.289909 1850.743122 1862.879643 1865.877903 1869.183903 1865.422338 1858.075786 1849.438761 1855.706962 1851.892910 1832.638579 1815.891227 1811.739103 1805.133736 1780.909147 1753.197395 1739.081048 1742.344681 1765.339152 1753.915503 1733.524180 1729.730307 1750.481669 1769.068937 1760.249848 1748.458173 1766.296995 1801.379891 1823.798183 1834.848158 1851.152917 1871.619916 1846.109562 1816.613282 1774.502860 1754.444994 1724.306811 1664.307388 1601.303713 1545.443617 1483.305677 1414.930825 1344.670425 1278.735292 1213.998732 1144.457842 1101.115125 1068.412669 1017.140261 995.195411 996.135304 986.483989 982.880769 988.337599 994.361947 -9999.0 -9999.0
-9999.0 419.762897 562.618378 747.972505 897.564763 958.748113 1064.378578 1146.999227 1178.495650 1153.906550 1264.104138 1483.866140 1584.381446 1602.470410 1673.544439 1759.960289 1782.046738 1814.070754 1835.695812 1844.353918 1851.578216 1861.367028 1860.569933 1855.524784 1841.554921 1833.993183 1832.634233 1829.135339 1810.515088 1790.315923 1771.886930 1766.925994 1747.888000 1703.449753 1668.901549 1649.995589 1632.659921 1612.345525 1579.736158 1553.680833 1539.851926 1556.252064 1549.130780 1532.375995 1528.568743 1550.529988 1582.672311 1578.413808 1586.088136 1608.497521 1649.319527 1690.201905 1713.768984 1744.449285 1781.853592 1826.353328 1842.529510 1863.907584 1868.132905 1848.102843 1803.068421 1749.598043 1713.186550 1647.885200 1572.419374 1491.269765 1423.674440 1358.613167 1287.606053 1240.071004 1192.686523 1135.448887 1080.940554 1056.979870 1016.750682 996.108691 -9999.0 -9999.0 -9999.0 -9999.0
-9999.0 342.143295 530.855599 790.599708 1066.166403 1180.878288 1384.159106 1513.430309 1573.488625 1641.021442 1626.771476 1769.628870 1807.624155 1803.917982 1801.739586 1806.001977 1821.859361 1825.721655 1822.175770 1811.989273 1802.777276 1798.896289 1797.974078 1790.648448 1778.283439 1763.056683 1749.270376 1735.020049 1695.287609 1660.593967 1624.141073 1608.444156 1569.313166 1477.613736 1433.229463 1396.439737 1339.796613 1333.033310 1326.414285 1298.480060 1279.398742 1259.951575 1281.222175 1284.981195 1287.197142 1291.276767 1308.715746 1331.947080 1376.125236 1413.111241 1458.528739 1511.872952 1547.165289 1591.326654 1638.940248 1696.326508 1729.891750 1761.410353 1808.804458 1847.902908 1870.296684 1858.087755 1828.296667 1779.551282 1705.310627 1633.623934 1578.878742 1501.366498 1434.058353 1381.021366 1337.269017 1289.348086 1226.636087 1146.482845 1104.060846 -9999.0 -9999.0 -9999.0 -9999.0 -9999.0
-9999.0 165.122675 432.981760 722.415886 1039.386646 1365.743840 1495.281907 1626.106117 1698.708396 1663.242624 1668.231596 1691.247658 1733.709584 1743.182647 1724.747149 1716.808998 1706.271063 1706.297638 1718.506294 1691.184829 1660.835444 1647.123054 1646.518326 1634.702878 1611.565401 1594.308196 1581.295667 1560.021119 1510.917123 1459.012616 1377.441796 1347.469851 1271.993493 1213.472539 1167.114596 1116.414535 1064.821740 1062.870784 1079.433746 1064.290577 1042.002484 1023.627067 1050.099003 1067.603466 1079.802069 1069.025446 1078.571614 1115.008398 1165.431447 1210.875492 1262.663353 1318.769584 1366.117065 1415.044771 1448.931640 1501.162384 1549.453059 1596.760306 1671.035642 1749.908873 1786.332535 1820.060947 1851.202067 1863.149125 1807.326953 1751.233792 1692.130343 1622.297873 1534.178664 1487.746225 1465.998761 1431.714332 1379.764529 -9999.0 -9999.0 -9999.0 -9999.0 -9999.0 -9999.0 -9999.0
-9999.0 37.763151 258.317372 490.569383 777.834858 1016.333295 1208.912220 1318.749742 1398.664420 1429.286962 1462.022403 1497.284075 1529.679632 1553.469152 1532.583782 1494.252188 1466.029838 1469.718539 1465.253426 1440.172125 1409.680987 1394.185096 1391.628704 1384.461791 1359.898349 1344.961511 1333.520796 1310.055240 1274.824112 1217.863088 1136.590629 1063.907507 1001.955688 968.372836 937.473544 903.839337 867.105233 876.864723 889.558131 885.677327 874.746733 871.541811 900.819922 919.840993 930.118565 918.512635 937.918799 965.234011 1007.746237 1051.792470 1102.259097 1159.021570 1214.475296 1245.917333 1262.224780 1290.448983 1331.742466 1387.104345 1474.125395 1568.598302 1645.042195 1693.228845 1742.115250 1772.342679 1780.902623 1786.674176 1753.447188 1661.334867 1533.787802 1532.499360 1535.736324 -9999.0 -9999.0 -9999.0 -9999.0 -9999.0 -9999.0 -9999.0 -9999.0 -9999.0
-9999.0 -9999.0 24.256923 204.118236 346.353184 528.148199 679.562915 790.082564 877.164111 986.120274 1088.849909 1172.300696 1217.352771 1235.573723 1220.886904 1185.875282 1162.994338 1162.392784 1151.753058 1139.399059 1117.639002 1108.788214 1097.723200 1089.277663 1078.234570 1071.821560 1065.754136 1053.461732 1030.120026 982.094638 931.397211 878.969508 824.727999 798.537758 775.923842 753.582784 751.269470 747.622482 753.394604 754.728692 761.162290 773.526614 793.833213 815.731536 825.526576 834.074549 846.855786 870.963942 904.665137 947.449755 1002.054540 1060.492925 1101.321066 1115.404273 1107.474600 1114.564287 1137.417750 1182.862792 1267.318983 1353.203376 1447.649203 1517.701877 1586.757312 1635.153154 1646.516054 1655.422241 1661.127357 1582.493825 1241.278281 1456.040081 -9999.0 -9999.0 -9999.0 -9999.0 -9999.0 -9999.0 -9999.0 -9999.0 -9999.0 -9999.0
-9999.0 -9999.0 -9999.0 -9999.0 62.396937 218.453049 315.371917 399.459827 526.919592 644.418913 742.873828 824.803704 884.817290 910.849513 904.703061 906.594816 900.576254 894.779695 884.976915 882.125542 879.151451 871.168293 857.482831 849.733688 849.780802 853.811083 850.866551 836.739689 818.780009 794.164388 772.014598 736.772338 699.974138 670.313553 656.756993 650.354384 650.003003 643.363427 652.219836 659.196312 674.271264 689.566740 713.434540 742.268559 755.753120 770.467537 780.401936 801.302478 831.972765 885.656537 949.356006 1007.384386 1043.447644 1048.430973 1024.201487 1009.627474 1007.450460 1037.248759 1085.250111 1155.807162 1259.617816 1333.490136 1391.430602 1434.943170 1463.568414 1502.541824 1541.604968 1562.454957 -9999.0 -9999.0 -9999.0 -9999.0 -9999.0 -9999.0 -9999.0 -9999.0 -9999.0 -9999.0 -9999.0 -9999.0
-9999.0 -9999.0 -9999.0 -9999.0 -9999.0 -9999.0 17.195866 117.310629 200.573739 334.359147 459.712408 558.363366 637.005505 666.861681 690.408965 715.535632 712.655395 694.597124 676.152970 693.757140 705.794242 699.931762 670.583999 669.584353 673.696354 681.970230 679.749986 673.031706 647.615986 657.437965 656.878468 633.213857 606.754275 592.356321 580.312139 589.793183 590.046680 576.708651 577.835051 604.332641 624.389285 637.648983 659.718526 692.933979 725.205473 740.201797 741.600079 747.987196 788.782977 859.340919 930.940933 986.222101 1018.695324 1027.061309 999.953373 960.235067 940.291644 948.401842 984.688194 1039.554015 1117.716042 1168.656690 1196.925207 1212.495431 1231.688481 1319.120281 -9999.0 -9999.0 -9999.0 -9999.0 -9999.0 -9999.0 -9999.0 -9999.0 -9999.0 -9999.0 -9999.0 -9999.0 -9999.0 -9999.0
-9999.0 -9999.0 -9999.0 -9999.0 -9999.0 -9999.0 -9999.0 -9999.0 -9999.0 -9999.0 -9999.0 -9999.0 -9999.0 -9999.0 -9999.0 -9999.0 -9999.0 -9999.0 -9999.0 -9999.0 -9999.0 -9999.0 -9999.0 -9999.0 -9999.0 -9999.0 -9999.0 -9999.0 -9999.0 -9999.0 -9999.0 -9999.0 -9999.0 -9999.0 -9999.0 -9999.0 -9999.0 -9999.0 -9999.0 -9999.0 -9999.0 -9999.0 -9999.0 -9999.0 -9999.0 -9999.0 -9999.0 -9999.0 -9999.0 -9999.0 -9999.0 -9999.0 -9999.0 -9999.0 -9999.0 -9999.0 -9999.0 -9999.0 -9999.0 -9999.0 -9999.0 -9999.0 -9999.0 -9999.0 -9999.0 -9999.0 -9999.0 -9999.0 -9999.0 -9999.0 -9999.0 -9999.0 -9999.0 -9999.0 -9999.0 -9999.0 -9999.0 -9999.0 -9999.0 -9999.0
-9999.0 -9999.0 -9999.0 -9999.0 -9999.0 -9999.0 -9999.0 -9999.0 -9999.0 -9999.0 -9999.0 -9999.0 -9999.0 -9999.0 -9999.0 -9999.0 -9999.0 -9999.0 -9999.0 -9999.0 -9999.0 -9999.0 -9999.0 -9999.0 -9999.0 -9999.0 -9999.0 -9999.0 -9999.0 -9999.0 -9999.0 -9999.0 -9999.0 -9999.0 -9999.0 -9999.0 -9999.0 -9999.0 -9999.0 -9999.0 -9999.0 -9999.0 -9999.0 -9999.0 -9999.0 -9999.0 -9999.0 -9999.0 -9999.0 -9999.0 -9999.0 -9999.0 -9999.0 -9999.0 -9999.0 -9999.0 -9999.0 -9999.0 -9999.0 -9999.0 -9999.0 -9999.0 -9999.0 -9999.0 -9999.0 -9999.0 -9999.0 -9999.0 -9999.0 -9999.0 -9999.0 -9999.0 -9999.0 -9999.0 -9999.0 -9999.0 -9999.0 -9999.0 -9999.0 -9999.0