Borden_/Borden1m_014/output_maps/psiliqL0025N0008.asc
ncols         80
nrows         18
xllcorner     620200.000000
yllcorner     5168000.000000
cellsize      1.000000
NODATA_value  -9999.0
-9999.0 -9999.0 -9999.0 -9999.0 -9999.0 -9999.0 -9999.0 -9999.0 -9999.0 -9999.0 -9999.0 -9999.0 -9999.0 -9999.0 -9999.0 -9999.0 -9999.0 -9999.0 -9999.0 -9999.0 -9999.0 -9999.0 -9999.0 -9999.0 -9999.0 -9999.0 -9999.0 -9999.0 -9999.0 -9999.0 -9999.0 -9999.0 -9999.0 -9999.0 -9999.0 -9999.0 -9999.0 -9999.0 -9999.0 -9999.0 -9999.0 -9999.0 -9999.0 -9999.0 -9999.0 -9999.0 -9999.0 -9999.0 -9999.0 -9999.0 -9999.0 -9999.0 -9999.0 -9999.0 -9999.0 -9999.0 -9999.0 -9999.0 -9999.0 -9999.0 -9999.0 -9999.0 -9999.0 -9999.0 -9999.0 -9999.0 -9999.0 -9999.0 -9999.0 -9999.0 -9999.0 -9999.0 -9999.0 -9999.0 -9999.0 -9999.0 -9999.0 -9999.0 -9999.0 -9999.0
-9999.0 -9999.0 -9999.0 -9999.0 -9999.0 -9999.0 -9999.0 -9999.0 -9999.0 -9999.0 -9999.0 -9999.0 -9999.0 -9999.0 -9999.0 -9999.0 -9999.0 -9999.0 -9999.0 -9999.0 -9999.0 -9999.0 -9999.0 -9999.0 -9999.0 -9999.0 -9999.0 -9999.0 -9999.0 -9999.0 -9999.0 -9999.0 -9999.0 -9999.0 -9999.0 -9999.0 -9999.0 -9999.0 -9999.0 -9999.0 -9999.0 -9999.0 -9999.0 -9999.0 -9999.0 -9999.0 -9999.0 -9999.0 -9999.0 -9999.0 -9999.0 -9999.0 -9999.0 -9999.0 -9999.0 -9999.0 -9999.0 -9999.0 -9999.0 -9999.0 -9999.0 -9999.0 -9999.0 -9999.0 -9999.0 -9999.0 -9999.0 -9999.0 -9999.0 -9999.0 -9999.0 -9999.0 -9999.0 -9999.0 -9999.0 -9999.0 -9999.0 -9999.0 -9999.0 -9999.0
-9999.0 -9999.0 -9999.0 -9999.0 -9999.0 -9999.0 -9999.0 -9999.0 -9999.0 -9999.0 -9999.0 -9999.0 -9999.0 -9999.0 -9999.0 -9999.0 -9999.0 -9999.0 -9999.0 -9999.0 3125.262848 3126.255663 3104.397336 3070.122855 3041.650947 3043.194265 3075.866781 3116.116291 3154.454456 3161.635556 3142.300073 3145.673369 3140.909541 3136.338617 3136.409755 3143.816684 3150.046938 3159.647714 3166.480514 3164.110595 3156.689909 3151.543813 3153.838348 3155.478902 3161.674114 3147.558175 3163.476072 3179.686123 3184.618128 3181.992379 3158.472194 3146.669635 3139.033999 3123.882872 3150.661926 3162.686501 3186.381347 3191.298900 3189.669893 3163.281165 3133.445313 -9999.0 -9999.0 -9999.0 -9999.0 -9999.0 -9999.0 -9999.0 -9999.0 -9999.0 -9999.0 -9999.0 -9999.0 -9999.0 -9999.0 -9999.0 -9999.0 -9999.0 -9999.0 -9999.0
-9999.0 -9999.0 -9999.0 -9999.0 -9999.0 -9999.0 -9999.0 -9999.0 -9999.0 -9999.0 -9999.0 -9999.0 -9999.0 -9999.0 3035.581817 3026.585212 3023.419893 3030.422282 3062.576019 3092.481487 3104.049550 3096.319812 3095.825597 3070.800816 3047.680508 3059.872658 3088.703721 3118.599675 3151.384334 3168.310327 3156.802232 3153.799967 3160.481196 3179.814487 3187.714695 3183.877026 3166.044408 3189.914993 3202.981077 3207.333172 3205.178790 3195.245790 3204.063783 3218.023344 3210.968958 3195.757099 3206.536614 3221.544824 3232.664326 3224.597719 3166.929149 3155.054233 3152.473446 3148.937963 3136.493458 3133.065909 3161.755710 3161.954857 3155.230631 3138.518615 3105.740502 3060.915050 3042.557720 3083.569543 3127.734148 3184.496285 -9999.0 -9999.0 -9999.0 -9999.0 -9999.0 -9999.0 -9999.0 -9999.0 -9999.0 -9999.0 -9999.0 -9999.0 -9999.0 -9999.0
-9999.0 -9999.0 -9999.0 -9999.0 -9999.0 -9999.0 -9999.0 -9999.0 -9999.0 2979.371421 2984.266510 2990.903050 2992.962182 3007.725865 3004.254422 3010.742997 3014.425804 3041.025826 3069.956930 3102.897357 3129.367743 3119.557910 3117.771745 3121.407925 3115.715370 3123.058484 3142.739873 3178.773715 3209.706695 3244.530294 3210.800457 3205.615117 3222.748318 3263.832114 3286.950243 3288.833612 3270.077061 3286.134398 3309.385491 3325.030724 3321.383839 3315.356207 3341.014579 3356.026420 3350.283196 3329.019022 3327.445895 3334.848912 3364.120576 3313.995774 3248.869851 3210.715732 3226.682116 3205.896623 3180.144172 3169.451058 3170.660203 3191.802299 3180.616231 3147.332616 3114.626621 3103.668261 3087.563932 3109.070456 3132.967474 3179.969049 3220.240871 3250.413416 3250.299138 3233.337467 -9999.0 -9999.0 -9999.0 -9999.0 -9999.0 -9999.0 -9999.0 -9999.0 -9999.0 -9999.0
-9999.0 -9999.0 -9999.0 -9999.0 -9999.0 -9999.0 2900.983689 2911.228489 2931.660964 2934.143601 2960.152864 2965.076720 2982.298819 2998.938576 3019.963490 3032.195865 3056.587871 3085.714250 3121.016673 3157.951657 3184.735066 3172.755251 3177.569317 3196.704700 3223.191341 3241.826836 3263.777252 3300.784202 3372.291308 3408.178149 3401.043300 3401.720974 3409.795603 3459.761076 3523.441346 3534.429153 3513.828134 3500.684741 3523.973065 3561.101330 3559.386321 3558.193643 3571.029397 3581.716318 3608.468115 3597.798164 3561.985561 3556.389706 3562.802429 3540.666886 3472.614228 3415.719103 3396.880801 3350.846275 3268.592935 3226.020041 3249.506239 3277.551042 3256.322525 3207.557779 3175.687128 3170.880878 3160.533633 3154.205447 3167.185898 3190.703982 3215.280817 3229.618460 3218.258650 3197.895553 3176.538168 3148.688388 3151.559080 3176.725494 -9999.0 -9999.0 -9999.0 -9999.0 -9999.0 -9999.0
-9999.0 -9999.0 -9999.0 -9999.0 2851.766158 2864.313632 2849.277911 2874.876145 2906.292815 2939.252662 2966.269343 2995.986186 3018.342898 3044.184899 3076.621674 3098.180322 3129.562354 3158.295632 3204.664783 3265.104650 3308.751552 3321.853927 3329.905479 3380.461696 3436.298599 3483.097635 3501.521767 3527.063057 3572.221543 3628.402784 3650.618941 3653.457043 3670.331276 3713.082979 3768.771757 3803.708293 3786.153396 3777.224040 3787.068435 3801.154620 3823.289681 3823.365057 3824.476644 3828.499733 3835.999695 3834.341982 3807.998716 3774.697102 3761.800670 3751.820131 3714.376956 3642.743480 3612.419976 3583.861393 3542.203438 3488.602029 3440.950672 3441.778644 3387.778226 3333.499009 3283.849403 3276.016675 3256.093871 3240.555097 3223.434090 3235.920950 3248.116967 3233.470469 3204.063619 3175.126278 3162.491200 3145.271552 3134.353277 3165.726271 3183.817064 3213.513625 -9999.0 -9999.0 -9999.0 -9999.0
-9999.0 -9999.0 2793.422710 2838.532349 2894.935363 2900.472932 2893.410703 2895.532637 2921.027275 2969.338931 3029.566443 3065.899044 3094.114128 3123.247426 3172.971907 3234.562828 3293.825736 3335.597293 3392.724888 3461.283093 3519.909850 3546.565098 3555.386314 3590.636855 3644.880431 3713.303457 3741.077281 3767.338494 3798.830867 3834.931571 3827.813796 3838.649871 3850.850952 3863.086294 3877.565972 3884.434424 3879.651988 3875.068544 3856.557139 3851.464852 3857.966478 3865.818441 3864.945776 3850.339382 3846.372475 3861.298525 3867.415116 3865.411389 3862.720926 3867.726355 3863.640189 3815.823295 3797.271662 3782.201654 3770.766948 3724.868203 3658.534938 3626.054368 3604.927819 3564.349098 3491.361200 3453.817767 3414.643351 3380.095344 3342.795153 3329.580782 3297.351441 3265.525554 3227.155950 3186.752492 3167.935335 3153.895347 3153.805608 3154.777222 3172.709497 3188.595561 3204.642337 3212.757554 -9999.0 -9999.0
-9999.0 2689.431648 2760.944358 2875.918454 2952.656869 2987.865049 2996.359964 2999.193083 3023.007742 3053.231083 3139.146817 3189.627905 3271.573467 3307.783766 3347.896694 3437.267916 3530.547344 3573.318612 3611.644777 3674.413948 3739.426484 3786.175386 3812.328695 3792.971743 3831.945065 3860.481441 3868.211054 3874.941408 3874.674564 3866.189872 3859.585410 3866.295188 3863.378848 3844.289732 3828.301609 3826.583033 3823.200843 3799.964647 3772.501915 3757.130056 3758.616151 3783.478010 3770.425363 3749.090403 3744.690554 3766.289181 3787.500977 3776.865414 3763.749488 3780.296820 3814.771807 3839.384209 3841.010367 3859.408071 3880.491614 3851.661840 3829.961463 3786.402777 3769.592932 3744.264349 3687.729779 3633.008696 3585.154719 3536.816577 3484.622208 3435.697569 3388.339644 3341.407409 3288.433077 3255.948993 3231.856491 3189.241066 3176.507588 3183.217342 3178.409303 3177.117605 3183.953775 3190.607263 -9999.0 -9999.0
-9999.0 2594.001517 2733.462458 2903.705326 3044.430223 3084.109714 3146.088968 3200.987010 3213.970599 3159.436452 3259.087795 3474.244365 3593.484418 3610.183070 3684.693559 3778.524015 3763.110400 3794.088205 3816.921357 3841.453817 3861.200296 3875.062597 3873.223378 3867.927382 3851.517896 3843.531334 3842.672615 3840.591508 3823.284032 3804.410093 3787.668837 3784.605509 3766.836220 3717.940800 3684.947369 3667.725465 3649.226416 3635.678682 3608.325193 3582.500895 3566.286821 3577.088102 3574.989779 3561.309934 3556.885922 3575.141781 3605.968009 3603.704657 3614.990471 3634.481568 3669.855543 3707.692973 3726.859411 3755.791688 3791.253969 3838.763539 3847.873753 3870.210796 3873.258284 3862.302958 3816.132308 3764.905971 3735.665522 3680.619999 3621.172764 3559.589517 3511.030566 3466.568959 3411.733389 3377.784644 3338.717902 3285.505805 3242.569196 3234.647903 3201.415350 3188.301556 -9999.0 -9999.0 -9999.0 -9999.0
-9999.0 2493.009457 2673.091572 2904.365576 3194.057861 3265.854263 3465.007332 3577.986121 3616.498020 3682.790172 3569.662099 3770.638791 3821.701726 3816.254544 3830.374843 3833.301581 3847.384856 3846.842749 3841.773795 3830.831197 3821.343873 3816.849796 3815.758850 3807.864980 3795.284805 3780.718279 3768.878387 3757.563419 3721.177806 3689.467066 3650.787539 3638.469391 3594.695598 3503.498220 3464.961489 3427.031345 3367.034018 3369.345752 3376.245267 3352.411575 3333.076936 3305.625113 3334.660380 3344.914125 3348.895785 3344.786837 3354.678806 3382.563727 3429.631391 3463.560853 3502.192402 3549.723256 3579.828054 3618.717599 3658.456521 3710.478740 3741.341919 3770.055495 3818.507427 3855.404610 3878.032644 3864.258338 3845.301732 3801.127208 3741.164579 3692.025171 3663.358082 3613.307221 3570.031742 3526.620324 3480.398878 3427.889808 3366.748416 3313.295715 3279.499371 -9999.0 -9999.0 -9999.0 -9999.0 -9999.0
-9999.0 2272.556088 2536.549902 2794.173712 3067.636286 3405.975638 3572.398024 3667.055867 3729.478047 3710.306813 3731.674834 3738.497854 3775.336825 3782.284145 3760.833546 3747.253227 3730.007675 3728.919052 3741.949174 3714.799845 3684.800275 3671.596020 3672.469855 3661.774884 3638.110762 3623.245716 3613.967606 3595.719894 3552.870384 3503.262007 3420.174488 3386.718290 3309.184477 3270.273370 3234.171289 3187.927934 3143.931807 3149.624804 3174.076220 3165.113410 3144.668498 3127.863085 3157.060753 3177.513323 3190.558393 3174.570261 3181.124981 3215.120937 3261.083572 3300.927727 3344.257887 3391.666073 3432.911523 3471.879987 3492.928754 3532.353351 3574.089882 3615.317974 3684.935476 3762.546610 3797.976344 3832.274697 3861.490178 3883.233975 3840.582825 3814.014448 3790.548804 3767.408009 3721.577122 3676.424735 3635.904968 3571.880312 3512.385325 -9999.0 -9999.0 -9999.0 -9999.0 -9999.0 -9999.0 -9999.0
-9999.0 2159.307775 2353.823313 2547.295453 2784.754056 3011.197382 3228.697791 3318.730272 3388.304702 3456.328344 3508.319034 3545.264615 3571.001384 3592.321326 3569.678804 3524.232308 3492.339957 3497.238002 3488.723190 3467.715134 3440.211442 3427.432403 3425.002707 3420.346139 3399.283866 3389.139264 3382.532306 3364.797290 3339.617833 3287.686658 3216.965116 3145.224130 3092.256064 3073.068760 3051.052823 3024.790798 2998.412618 3012.082381 3025.133938 3025.315327 3018.938345 3019.210883 3048.255553 3068.043040 3077.469790 3066.463734 3084.441821 3107.348285 3143.932629 3182.607978 3226.656272 3276.072722 3323.815152 3343.644497 3345.733615 3357.307864 3384.720784 3427.644233 3503.492041 3588.921305 3665.531151 3710.536289 3760.941852 3800.542419 3828.252421 3853.861286 3875.674751 3868.291491 3842.720555 3809.611183 3751.425046 -9999.0 -9999.0 -9999.0 -9999.0 -9999.0 -9999.0 -9999.0 -9999.0 -9999.0
-9999.0 -9999.0 2127.354034 2280.775057 2379.384555 2542.523741 2686.835499 2797.193080 2863.833130 2999.858131 3119.805189 3211.567993 3257.168542 3272.606333 3258.672488 3230.091003 3212.766293 3212.445450 3200.974998 3194.667095 3180.389725 3175.327384 3163.993118 3157.022553 3153.204872 3152.943932 3151.227715 3143.745061 3127.755431 3087.302904 3051.047551 3007.608133 2964.153041 2943.405511 2926.106786 2909.853370 2914.477710 2910.286091 2916.326867 2919.602199 2929.438216 2943.752363 2963.197477 2984.662869 2994.234383 3004.176974 3014.824851 3036.112762 3065.658188 3105.198355 3155.875231 3209.925481 3245.156243 3251.531525 3233.289942 3228.079464 3236.024853 3264.596942 3327.575783 3396.224295 3484.976227 3549.825472 3616.370289 3671.873332 3698.266740 3734.639041 3804.247296 3852.228509 3893.924554 3871.565419 -9999.0 -9999.0 -9999.0 -9999.0 -9999.0 -9999.0 -9999.0 -9999.0 -9999.0 -9999.0
-9999.0 -9999.0 -9999.0 -9999.0 2140.082517 2287.200862 2384.515312 2465.053276 2600.567789 2734.310828 2801.892378 2887.704949 2955.589164 2978.701374 2979.325526 2995.550196 2994.536995 2985.609010 2974.981962 2979.911214 2984.955123 2979.203177 2965.646130 2960.164457 2964.925509 2973.871960 2973.429092 2962.144698 2945.947585 2933.292540 2921.960248 2893.081103 2862.572712 2836.924679 2826.633485 2824.965355 2826.300821 2819.438507 2828.557468 2837.981729 2854.261575 2869.580777 2893.126004 2922.750058 2937.328886 2951.801929 2960.098837 2978.222343 3005.493791 3056.513392 3117.635364 3173.497187 3206.803435 3206.782687 3177.653670 3155.607038 3142.876729 3159.968124 3189.170869 3239.730746 3328.414977 3390.124891 3435.395662 3474.126930 3510.318429 3574.896202 3668.581429 3749.382972 -9999.0 -9999.0 -9999.0 -9999.0 -9999.0 -9999.0 -9999.0 -9999.0 -9999.0 -9999.0 -9999.0 -9999.0
-9999.0 -9999.0 -9999.0 -9999.0 -9999.0 -9999.0 2115.419409 2221.645685 2290.578682 2445.624017 2593.221539 2704.141949 2789.914582 2826.769889 2814.642733 2844.816938 2845.347573 2825.260721 2803.712756 2825.811943 2845.373949 2839.480249 2807.700882 2809.988625 2818.107682 2827.341756 2826.449628 2822.439489 2800.074945 2819.025262 2825.779534 2805.635413 2782.756328 2792.657619 2781.451834 2791.572435 2791.955012 2777.871815 2777.156935 2789.991475 2811.377481 2824.401201 2845.449097 2878.604272 2910.950402 2926.370820 2926.893648 2931.117619 2967.292269 3034.149156 3104.511498 3158.920035 3189.368524 3193.721523 3162.507427 3117.370321 3090.846603 3089.318077 3113.134479 3151.994336 3212.926616 3248.766085 3259.631771 3260.523402 3272.510606 3371.401406 -9999.0 -9999.0 -9999.0 -9999.0 -9999.0 -9999.0 -9999.0 -9999.0 -9999.0 -9999.0 -9999.0 -9999.0 -9999.0 -9999.0
-9999.0 -9999.0 -9999.0 -9999.0 -9999.0 -9999.0 -9999.0 -9999.0 -9999.0 -9999.0 -9999.0 -9999.0 -9999.0 -9999.0 -9999.0 -9999.0 -9999.0 -9999.0 -9999.0 -9999.0 -9999.0 -9999.0 -9999.0 -9999.0 -9999.0 -9999.0 -9999.0 -9999.0 -9999.0 -9999.0 -9999.0 -9999.0 -9999.0 -9999.0 -9999.0 -9999.0 -9999.0 -9999.0 -9999.0 -9999.0 -9999.0 -9999.0 -9999.0 -9999.0 -9999.0 -9999.0 -9999.0 -9999.0 -9999.0 -9999.0 -9999.0 -9999.0 -9999.0 -9999.0 -9999.0 -9999.0 -9999.0 -9999.0 -9999.0 -9999.0 -9999.0 -9999.0 -9999.0 -9999.0 -9999.0 -9999.0 -9999.0 -9999.0 -9999.0 -9999.0 -9999.0 -9999.0 -9999.0 -9999.0 -9999.0 -9999.0 -9999.0 -9999.0 -9999.0 -9999.0
-9999.0 -9999.0 -9999.0 -9999.0 -9999.0 -9999.0 -9999.0 -9999.0 -9999.0 -9999.0 -9999.0 -9999.0 -9999.0 -9999.0 -9999.0 -9999.0 -9999.0 -9999.0 -9999.0 -9999.0 -9999.0 -9999.0 -9999.0 -9999.0 -9999.0 -9999.0 -9999.0 -9999.0 -9999.0 -9999.0 -9999.0 -9999.0 -9999.0 -9999.0 -9999.0 -9999.0 -9999.0 -9999.0 -9999.0 -9999.0 -9999.0 -9999.0 -9999.0 -9999.0 -9999.0 -9999.0 -9999.0 -9999.0 -9999.0 -9999.0 -9999.0 -9999.0 -9999.0 -9999.0 -9999.0 -9999.0 -9999.0 -9999.0 -9999.0 -9999.0 -9999.0 -9999.0 -9999.0 -9999.0 -9999.0 -9999.0 -9999.0 -9999.0 -9999.0 -9999.0 -9999.0 -9999.0 -9999.0 -9999.0 -9999.0 -9999.0 -9999.0 -9999.0 -9999.0 -9999.0