Borden_/Borden1m_014/output_maps/psiliqL0011N0031.asc
ncols         80
nrows         18
xllcorner     620200.000000
yllcorner     5168000.000000
cellsize      1.000000
NODATA_value  -9999.0
-9999.0 -9999.0 -9999.0 -9999.0 -9999.0 -9999.0 -9999.0 -9999.0 -9999.0 -9999.0 -9999.0 -9999.0 -9999.0 -9999.0 -9999.0 -9999.0 -9999.0 -9999.0 -9999.0 -9999.0 -9999.0 -9999.0 -9999.0 -9999.0 -9999.0 -9999.0 -9999.0 -9999.0 -9999.0 -9999.0 -9999.0 -9999.0 -9999.0 -9999.0 -9999.0 -9999.0 -9999.0 -9999.0 -9999.0 -9999.0 -9999.0 -9999.0 -9999.0 -9999.0 -9999.0 -9999.0 -9999.0 -9999.0 -9999.0 -9999.0 -9999.0 -9999.0 -9999.0 -9999.0 -9999.0 -9999.0 -9999.0 -9999.0 -9999.0 -9999.0 -9999.0 -9999.0 -9999.0 -9999.0 -9999.0 -9999.0 -9999.0 -9999.0 -9999.0 -9999.0 -9999.0 -9999.0 -9999.0 -9999.0 -9999.0 -9999.0 -9999.0 -9999.0 -9999.0 -9999.0
-9999.0 -9999.0 -9999.0 -9999.0 -9999.0 -9999.0 -9999.0 -9999.0 -9999.0 -9999.0 -9999.0 -9999.0 -9999.0 -9999.0 -9999.0 -9999.0 -9999.0 -9999.0 -9999.0 -9999.0 -9999.0 -9999.0 -9999.0 -9999.0 -9999.0 -9999.0 -9999.0 -9999.0 -9999.0 -9999.0 -9999.0 -9999.0 -9999.0 -9999.0 -9999.0 -9999.0 -9999.0 -9999.0 -9999.0 -9999.0 -9999.0 -9999.0 -9999.0 -9999.0 -9999.0 -9999.0 -9999.0 -9999.0 -9999.0 -9999.0 -9999.0 -9999.0 -9999.0 -9999.0 -9999.0 -9999.0 -9999.0 -9999.0 -9999.0 -9999.0 -9999.0 -9999.0 -9999.0 -9999.0 -9999.0 -9999.0 -9999.0 -9999.0 -9999.0 -9999.0 -9999.0 -9999.0 -9999.0 -9999.0 -9999.0 -9999.0 -9999.0 -9999.0 -9999.0 -9999.0
-9999.0 -9999.0 -9999.0 -9999.0 -9999.0 -9999.0 -9999.0 -9999.0 -9999.0 -9999.0 -9999.0 -9999.0 -9999.0 -9999.0 -9999.0 -9999.0 -9999.0 -9999.0 -9999.0 -9999.0 339.872571 342.892143 320.901155 287.602323 260.059461 262.841591 298.444901 340.560995 379.785952 391.061250 374.020776 376.801817 372.811199 372.968584 376.480124 383.490073 387.422525 399.386281 408.671596 409.309021 404.081541 399.411774 399.575333 403.149852 408.115416 397.539297 410.314204 424.647884 429.396948 422.735119 393.863631 376.628009 366.671035 350.390832 373.635842 384.768073 406.740826 410.163601 407.932789 380.241707 349.733630 -9999.0 -9999.0 -9999.0 -9999.0 -9999.0 -9999.0 -9999.0 -9999.0 -9999.0 -9999.0 -9999.0 -9999.0 -9999.0 -9999.0 -9999.0 -9999.0 -9999.0 -9999.0 -9999.0
-9999.0 -9999.0 -9999.0 -9999.0 -9999.0 -9999.0 -9999.0 -9999.0 -9999.0 -9999.0 -9999.0 -9999.0 -9999.0 -9999.0 247.873419 238.364075 236.015151 245.124610 279.440568 310.047271 322.645812 315.659487 316.339740 293.595201 274.105459 289.119639 319.802642 352.771046 388.875572 410.874050 400.111642 398.755489 410.082128 437.862203 452.954127 451.201411 431.183275 454.957855 472.445587 483.334280 484.320353 477.131331 492.135665 508.784863 501.709724 483.029448 485.476722 495.828456 507.767553 490.770132 423.700618 401.097042 395.264896 386.636603 371.160235 363.251003 387.153416 386.700039 377.466773 358.595022 325.422650 280.922431 262.201979 300.114642 343.663529 400.865059 -9999.0 -9999.0 -9999.0 -9999.0 -9999.0 -9999.0 -9999.0 -9999.0 -9999.0 -9999.0 -9999.0 -9999.0 -9999.0 -9999.0
-9999.0 -9999.0 -9999.0 -9999.0 -9999.0 -9999.0 -9999.0 -9999.0 -9999.0 189.101791 193.485703 201.157214 203.765051 219.972553 218.429302 226.110059 234.416942 261.825010 293.838270 329.904269 359.702632 351.359158 353.113839 365.809817 372.647364 386.842205 410.223122 453.780510 498.829488 543.687805 517.507295 517.144803 538.431624 589.337684 627.709032 637.729792 619.036128 626.226956 654.702017 682.624250 686.626902 687.336872 714.284257 729.000562 731.904964 709.988809 690.141811 686.119073 709.078694 653.004947 582.144333 525.807649 524.354541 489.721184 446.198367 421.995129 417.130407 436.690871 419.691085 380.517866 342.549476 331.105947 313.092196 328.778562 350.325330 396.215218 434.211170 462.091675 461.373385 443.512286 -9999.0 -9999.0 -9999.0 -9999.0 -9999.0 -9999.0 -9999.0 -9999.0 -9999.0 -9999.0
-9999.0 -9999.0 -9999.0 -9999.0 -9999.0 -9999.0 109.736320 119.150089 139.516019 145.101904 170.460946 178.621084 199.968982 220.190331 242.257880 260.300565 292.337894 326.751758 369.950985 415.960271 450.935188 449.194343 462.744784 498.772585 543.483570 577.392534 605.818615 651.299021 735.558035 784.471895 798.265955 805.555220 816.463261 863.536789 927.056255 944.293802 923.736721 909.329882 930.122884 969.720342 985.595892 990.266040 1000.338403 1009.473720 1034.306945 1023.047572 975.432423 954.547436 947.639084 931.809255 873.395103 809.312900 767.436511 712.711874 623.689152 561.474897 561.222442 574.962793 540.771603 482.633013 436.851807 423.295085 406.106358 390.288435 394.218730 411.947477 433.468699 443.578468 429.893660 408.301111 384.716173 355.465688 356.848431 381.936738 -9999.0 -9999.0 -9999.0 -9999.0 -9999.0 -9999.0
-9999.0 -9999.0 -9999.0 -9999.0 59.551948 72.425407 60.923554 85.622919 118.463392 152.825349 186.034506 224.486488 253.224160 284.949848 328.275284 367.691468 414.565752 454.050723 513.468212 587.294423 645.265933 677.265435 699.671604 764.024732 827.618521 880.361104 901.930521 931.439800 978.067930 1045.318961 1075.141404 1082.864017 1100.739071 1132.137794 1175.938792 1207.542004 1192.168293 1186.275656 1191.946295 1204.229896 1230.903901 1233.892978 1236.313802 1238.037868 1241.068943 1239.324744 1213.446594 1178.232838 1162.859109 1153.963496 1127.436993 1060.582693 1012.206988 978.487367 946.193809 895.324821 827.822045 805.454902 744.414732 681.773992 609.459055 580.216277 544.125165 513.714218 479.397271 476.782997 476.705580 454.146409 420.983834 387.631060 371.749695 352.432954 341.482571 371.084016 388.492325 419.058102 -9999.0 -9999.0 -9999.0 -9999.0
-9999.0 -9999.0 0.479730 50.100839 106.776560 116.034545 118.276015 124.642415 153.381925 206.157649 285.683608 340.676001 388.336931 424.466867 489.231001 578.038295 661.502702 717.329886 780.422629 850.106484 913.064039 952.061742 978.537566 1019.023695 1070.561895 1126.894269 1152.442700 1178.177572 1209.779217 1243.690190 1261.938760 1277.051502 1284.427182 1284.174773 1287.144748 1287.268739 1283.313457 1278.121038 1260.314748 1257.618722 1265.653333 1270.488260 1273.149088 1260.351599 1256.285485 1268.707035 1270.571888 1268.809065 1268.479704 1276.216289 1282.280444 1246.712396 1201.061489 1183.764734 1174.665770 1131.194308 1068.928310 1020.625035 995.257034 951.458091 872.057154 817.002313 762.162416 706.364567 645.634489 606.165436 552.916454 506.132269 456.722749 408.912337 384.063078 364.904996 361.923699 361.716021 377.439670 392.695830 407.897308 415.607820 -9999.0 -9999.0
-9999.0 -100.359577 -27.648566 99.736247 179.881239 226.079210 264.561473 293.338739 322.319644 345.359023 457.822296 563.935592 662.544440 702.585890 759.340458 860.242949 959.224377 1004.967070 1041.183774 1091.680921 1147.573093 1195.471583 1225.791474 1247.308127 1277.983362 1284.480668 1285.605905 1287.490513 1282.561425 1275.436378 1266.399329 1273.216231 1270.192740 1252.399432 1237.184385 1233.911407 1227.191615 1201.867422 1173.131652 1158.618747 1161.798332 1183.630698 1172.727755 1152.648794 1148.996430 1169.348110 1186.827076 1177.955108 1166.500260 1185.475669 1220.588029 1242.460610 1255.506089 1270.617822 1291.226727 1266.989641 1236.383933 1195.059507 1175.118138 1144.436879 1082.292425 1018.944390 963.305397 899.962874 831.094046 757.960096 688.316141 620.229553 548.248706 504.020222 470.209872 417.330779 393.757792 394.210045 384.395875 381.204985 387.206502 393.449276 -9999.0 -9999.0
-9999.0 -175.740884 -32.459968 153.535574 302.761098 367.177248 482.621560 570.478172 604.478689 583.424031 700.578973 925.361313 1018.606333 1034.945996 1102.963215 1184.838689 1215.654971 1246.125176 1266.225034 1269.385718 1272.252494 1280.468261 1279.242077 1273.493074 1259.608012 1251.826059 1250.461010 1246.777451 1227.551956 1207.091018 1188.699458 1184.905299 1166.956691 1126.623667 1094.400453 1077.047258 1059.159729 1033.780036 997.516976 969.952809 955.887620 973.143145 964.639114 947.210416 943.566961 966.525030 999.415371 994.723194 1001.734169 1025.102905 1067.247981 1110.540215 1134.344105 1163.588946 1201.282024 1244.887256 1262.656058 1283.554622 1288.208155 1266.063860 1221.554780 1170.433366 1134.892183 1068.131690 992.879275 911.973354 846.003082 782.301289 710.100215 658.563582 606.191362 544.859425 485.426317 456.632978 415.498925 394.157047 -9999.0 -9999.0 -9999.0 -9999.0
-9999.0 -247.178512 -56.672619 207.075186 476.784449 605.482197 810.837435 944.428699 1011.929896 1071.448278 1083.234996 1208.334413 1239.236319 1233.212589 1224.444823 1227.192183 1242.100288 1246.160609 1242.742838 1232.645906 1222.617549 1218.637731 1217.222534 1209.788538 1197.328308 1181.974797 1168.289958 1153.428722 1110.744604 1075.560251 1041.184280 1025.361689 987.735539 897.421350 854.264956 820.131917 764.105380 753.457403 741.766666 710.822032 690.009837 671.767619 691.519997 693.290022 694.933971 701.946253 722.621530 745.283747 789.687371 827.245533 872.895245 927.024766 962.631808 1007.223518 1056.560907 1116.717624 1150.159755 1181.379188 1227.334457 1266.849603 1289.156582 1278.968254 1248.984700 1203.092950 1131.337348 1058.657125 1005.229575 929.485156 862.870622 810.423642 766.505414 714.889014 644.877060 549.704840 504.158032 -9999.0 -9999.0 -9999.0 -9999.0 -9999.0
-9999.0 -412.575507 -144.129037 150.255428 478.147487 804.075086 925.695331 1071.703744 1145.984177 1098.367543 1090.380126 1116.134396 1156.523918 1164.747830 1145.737600 1138.471398 1129.342101 1129.593985 1142.100394 1115.017900 1081.913475 1067.277159 1066.041716 1053.821828 1030.470792 1012.233158 998.177885 976.291282 925.521722 874.406423 795.768586 766.633330 689.216661 622.071100 572.563583 521.421894 468.223204 464.690857 479.368763 462.275119 439.079570 420.054946 445.956946 462.410528 474.104130 464.474858 474.623730 511.382862 562.702649 609.424117 664.353133 724.807475 774.959925 826.777710 862.373663 916.634898 965.448942 1013.739191 1088.621995 1169.298481 1205.587237 1240.066248 1273.644324 1287.342337 1235.597835 1181.541926 1124.835803 1053.232281 961.950353 916.438432 895.364807 862.229575 809.217364 -9999.0 -9999.0 -9999.0 -9999.0 -9999.0 -9999.0 -9999.0
-9999.0 -543.896683 -316.667575 -74.995640 220.909282 462.462533 653.322964 770.729438 854.672995 864.990545 885.297044 916.879673 948.553616 971.407068 949.612304 912.738525 885.767818 889.610360 887.209358 862.507684 831.982212 816.582329 814.402719 806.525921 780.180518 763.159190 750.100845 724.591057 684.920616 624.350950 539.401425 467.021743 402.991132 366.226608 334.342583 300.180135 261.732336 271.403575 284.692195 279.984941 267.926131 263.823837 293.207168 311.866976 322.062141 309.782736 328.894435 356.410486 399.155511 442.889390 493.446570 551.023950 607.768974 641.827583 661.345190 694.758315 741.125896 800.771369 889.270057 986.002668 1062.663800 1114.349811 1164.033293 1195.982234 1207.820703 1220.725238 1190.775737 1097.152519 958.905589 958.355337 962.795513 -9999.0 -9999.0 -9999.0 -9999.0 -9999.0 -9999.0 -9999.0 -9999.0 -9999.0
-9999.0 -9999.0 -553.273602 -366.986159 -214.335944 -28.870581 124.025931 234.515585 316.365406 414.317246 509.854760 590.035489 634.849711 653.161198 635.930550 596.463347 571.083653 570.655113 560.709406 547.253179 523.790811 514.407350 503.927505 495.345258 482.341722 474.498120 467.803072 454.839460 430.130090 380.897083 327.672288 274.427547 219.233548 192.980959 170.313579 147.531951 144.322991 141.607590 147.876725 149.008327 154.701275 166.621343 187.168351 208.730831 218.302484 226.011164 238.715065 262.655119 296.188215 338.185990 391.908845 449.402032 489.526972 503.445866 495.996321 504.445102 529.716928 578.860017 670.972715 764.813099 861.300309 933.778904 1005.310810 1055.697734 1071.592249 1089.140595 1097.625302 1011.227255 665.029863 878.453313 -9999.0 -9999.0 -9999.0 -9999.0 -9999.0 -9999.0 -9999.0 -9999.0 -9999.0 -9999.0
-9999.0 -9999.0 -9999.0 -9999.0 -510.981867 -353.260197 -257.689561 -173.722181 -49.520741 63.119571 157.950546 236.885370 293.201138 318.026332 308.859631 306.160349 298.691582 294.049709 284.944945 280.581811 276.028384 268.015280 255.507483 247.628740 246.926307 250.308282 247.520297 233.589327 216.307101 189.781981 166.185735 130.657595 93.482345 63.969219 50.632971 43.891257 43.858474 37.863137 47.096490 53.685078 68.606402 83.964529 107.905444 136.413795 149.357590 163.752732 173.564417 194.445591 224.742494 277.856048 340.659543 397.438461 432.137659 436.204768 410.855740 395.736335 393.596155 423.804128 474.246178 548.985649 658.381884 739.614372 804.981190 852.682584 885.211977 929.332581 971.057392 988.509897 -9999.0 -9999.0 -9999.0 -9999.0 -9999.0 -9999.0 -9999.0 -9999.0 -9999.0 -9999.0 -9999.0 -9999.0
-9999.0 -9999.0 -9999.0 -9999.0 -9999.0 -9999.0 -563.414788 -465.849868 -379.556434 -252.120874 -133.332896 -38.563922 37.633225 64.738425 84.752992 108.154198 104.313364 86.980477 69.712423 86.661335 97.236365 91.904047 63.627243 62.258244 65.910537 74.686360 72.956528 66.482927 41.329855 50.026619 48.853513 25.475241 -0.815826 -15.239296 -26.982486 -17.187109 -16.568492 -29.399398 -27.491156 -1.239153 18.617225 32.003009 54.343232 87.485845 119.528910 134.053916 135.160707 141.426528 182.609385 252.887812 323.476320 377.410385 408.592305 416.000563 387.708205 346.936427 325.880929 333.209658 369.097627 424.642371 504.787451 558.948886 592.839882 615.209419 642.992266 738.756969 -9999.0 -9999.0 -9999.0 -9999.0 -9999.0 -9999.0 -9999.0 -9999.0 -9999.0 -9999.0 -9999.0 -9999.0 -9999.0 -9999.0
-9999.0 -9999.0 -9999.0 -9999.0 -9999.0 -9999.0 -9999.0 -9999.0 -9999.0 -9999.0 -9999.0 -9999.0 -9999.0 -9999.0 -9999.0 -9999.0 -9999.0 -9999.0 -9999.0 -9999.0 -9999.0 -9999.0 -9999.0 -9999.0 -9999.0 -9999.0 -9999.0 -9999.0 -9999.0 -9999.0 -9999.0 -9999.0 -9999.0 -9999.0 -9999.0 -9999.0 -9999.0 -9999.0 -9999.0 -9999.0 -9999.0 -9999.0 -9999.0 -9999.0 -9999.0 -9999.0 -9999.0 -9999.0 -9999.0 -9999.0 -9999.0 -9999.0 -9999.0 -9999.0 -9999.0 -9999.0 -9999.0 -9999.0 -9999.0 -9999.0 -9999.0 -9999.0 -9999.0 -9999.0 -9999.0 -9999.0 -9999.0 -9999.0 -9999.0 -9999.0 -9999.0 -9999.0 -9999.0 -9999.0 -9999.0 -9999.0 -9999.0 -9999.0 -9999.0 -9999.0
-9999.0 -9999.0 -9999.0 -9999.0 -9999.0 -9999.0 -9999.0 -9999.0 -9999.0 -9999.0 -9999.0 -9999.0 -9999.0 -9999.0 -9999.0 -9999.0 -9999.0 -9999.0 -9999.0 -9999.0 -9999.0 -9999.0 -9999.0 -9999.0 -9999.0 -9999.0 -9999.0 -9999.0 -9999.0 -9999.0 -9999.0 -9999.0 -9999.0 -9999.0 -9999.0 -9999.0 -9999.0 -9999.0 -9999.0 -9999.0 -9999.0 -9999.0 -9999.0 -9999.0 -9999.0 -9999.0 -9999.0 -9999.0 -9999.0 -9999.0 -9999.0 -9999.0 -9999.0 -9999.0 -9999.0 -9999.0 -9999.0 -9999.0 -9999.0 -9999.0 -9999.0 -9999.0 -9999.0 -9999.0 -9999.0 -9999.0 -9999.0 -9999.0 -9999.0 -9999.0 -9999.0 -9999.0 -9999.0 -9999.0 -9999.0 -9999.0 -9999.0 -9999.0 -9999.0 -9999.0