Borden_/Borden1m_014/output_maps/psiliqL0009N0001.asc
ncols         80
nrows         18
xllcorner     620200.000000
yllcorner     5168000.000000
cellsize      1.000000
NODATA_value  -9999.0
-9999.0 -9999.0 -9999.0 -9999.0 -9999.0 -9999.0 -9999.0 -9999.0 -9999.0 -9999.0 -9999.0 -9999.0 -9999.0 -9999.0 -9999.0 -9999.0 -9999.0 -9999.0 -9999.0 -9999.0 -9999.0 -9999.0 -9999.0 -9999.0 -9999.0 -9999.0 -9999.0 -9999.0 -9999.0 -9999.0 -9999.0 -9999.0 -9999.0 -9999.0 -9999.0 -9999.0 -9999.0 -9999.0 -9999.0 -9999.0 -9999.0 -9999.0 -9999.0 -9999.0 -9999.0 -9999.0 -9999.0 -9999.0 -9999.0 -9999.0 -9999.0 -9999.0 -9999.0 -9999.0 -9999.0 -9999.0 -9999.0 -9999.0 -9999.0 -9999.0 -9999.0 -9999.0 -9999.0 -9999.0 -9999.0 -9999.0 -9999.0 -9999.0 -9999.0 -9999.0 -9999.0 -9999.0 -9999.0 -9999.0 -9999.0 -9999.0 -9999.0 -9999.0 -9999.0 -9999.0
-9999.0 -9999.0 -9999.0 -9999.0 -9999.0 -9999.0 -9999.0 -9999.0 -9999.0 -9999.0 -9999.0 -9999.0 -9999.0 -9999.0 -9999.0 -9999.0 -9999.0 -9999.0 -9999.0 -9999.0 -9999.0 -9999.0 -9999.0 -9999.0 -9999.0 -9999.0 -9999.0 -9999.0 -9999.0 -9999.0 -9999.0 -9999.0 -9999.0 -9999.0 -9999.0 -9999.0 -9999.0 -9999.0 -9999.0 -9999.0 -9999.0 -9999.0 -9999.0 -9999.0 -9999.0 -9999.0 -9999.0 -9999.0 -9999.0 -9999.0 -9999.0 -9999.0 -9999.0 -9999.0 -9999.0 -9999.0 -9999.0 -9999.0 -9999.0 -9999.0 -9999.0 -9999.0 -9999.0 -9999.0 -9999.0 -9999.0 -9999.0 -9999.0 -9999.0 -9999.0 -9999.0 -9999.0 -9999.0 -9999.0 -9999.0 -9999.0 -9999.0 -9999.0 -9999.0 -9999.0
-9999.0 -9999.0 -9999.0 -9999.0 -9999.0 -9999.0 -9999.0 -9999.0 -9999.0 -9999.0 -9999.0 -9999.0 -9999.0 -9999.0 -9999.0 -9999.0 -9999.0 -9999.0 -9999.0 -9999.0 -74.014773 -71.263717 -94.080262 -128.202012 -156.782205 -155.374400 -121.315065 -81.221376 -44.325552 -34.640424 -52.982835 -51.783666 -57.158825 -57.915273 -55.403534 -49.593496 -46.840647 -35.740631 -27.684996 -28.296119 -34.654749 -40.409503 -41.595863 -38.344381 -33.323375 -42.289831 -28.652236 -13.257548 -6.809106 -11.251967 -37.414518 -52.227740 -59.658245 -73.450562 -48.442135 -35.482947 -12.097122 -7.264692 -7.987941 -34.383696 -63.973180 -9999.0 -9999.0 -9999.0 -9999.0 -9999.0 -9999.0 -9999.0 -9999.0 -9999.0 -9999.0 -9999.0 -9999.0 -9999.0 -9999.0 -9999.0 -9999.0 -9999.0 -9999.0 -9999.0
-9999.0 -9999.0 -9999.0 -9999.0 -9999.0 -9999.0 -9999.0 -9999.0 -9999.0 -9999.0 -9999.0 -9999.0 -9999.0 -9999.0 -162.629037 -172.976667 -176.433601 -168.558946 -135.601873 -106.295128 -93.992681 -101.913958 -102.432042 -126.423930 -147.188035 -133.905430 -105.566559 -75.417136 -42.607378 -23.302439 -36.243501 -39.330295 -29.514418 -3.125823 10.481892 7.484259 -13.344568 8.972085 24.445131 33.042706 31.669371 22.772726 36.465640 52.160193 45.505444 28.572138 32.753737 44.707040 58.962979 45.348153 -17.440044 -36.815332 -38.962399 -44.294909 -56.475407 -62.052177 -36.586736 -35.025528 -42.378282 -59.371113 -90.812722 -134.291460 -151.550037 -112.651360 -67.963865 -9.918043 -9999.0 -9999.0 -9999.0 -9999.0 -9999.0 -9999.0 -9999.0 -9999.0 -9999.0 -9999.0 -9999.0 -9999.0 -9999.0 -9999.0
-9999.0 -9999.0 -9999.0 -9999.0 -9999.0 -9999.0 -9999.0 -9999.0 -9999.0 -218.120493 -214.737424 -208.152053 -206.886243 -191.885938 -194.066910 -187.730917 -180.743620 -155.545772 -125.630959 -91.716014 -63.888113 -74.491329 -75.066470 -64.382361 -59.214193 -47.601032 -27.997389 10.562889 49.779665 88.924104 60.011902 57.582215 76.742252 125.570920 161.734269 170.288135 152.348100 156.754846 180.760488 203.098254 201.219909 198.470611 220.984754 233.236634 238.113409 220.828075 206.142132 205.459942 230.595431 182.192260 119.986119 67.835225 70.899145 42.143618 3.823413 -16.642095 -18.707961 3.874854 -9.921536 -45.693808 -80.681594 -89.303748 -104.913527 -87.637174 -64.280645 -16.809756 22.177271 51.535456 52.540676 35.855170 -9999.0 -9999.0 -9999.0 -9999.0 -9999.0 -9999.0 -9999.0 -9999.0 -9999.0 -9999.0
-9999.0 -9999.0 -9999.0 -9999.0 -9999.0 -9999.0 -295.731578 -287.271799 -268.095322 -263.179903 -239.502667 -232.839528 -213.309916 -194.992538 -175.387391 -159.711212 -130.467069 -99.611490 -60.088761 -18.031743 12.634710 6.856582 15.372575 46.688678 87.644251 118.934760 141.841222 177.543269 247.866494 285.612789 295.936841 302.168490 317.131097 373.256024 440.317670 457.619308 438.402266 423.167013 440.484902 473.050149 477.800587 477.000069 483.697517 492.219092 519.835011 513.723467 476.445810 461.605568 457.016192 444.704480 385.489988 312.015610 273.996401 230.871129 155.960397 100.899912 101.639378 118.395454 90.405160 39.643838 -0.279108 -9.150937 -22.068765 -34.371958 -27.296045 -6.547595 17.944568 30.657346 19.495887 0.004128 -22.112440 -50.044179 -47.751607 -22.011856 -9999.0 -9999.0 -9999.0 -9999.0 -9999.0 -9999.0
-9999.0 -9999.0 -9999.0 -9999.0 -344.771954 -332.859162 -345.100571 -322.186865 -291.166703 -259.045430 -228.166420 -192.554978 -167.142699 -139.034572 -99.423108 -64.301808 -23.895672 8.289878 60.444053 126.801196 176.985944 200.625951 212.387778 267.257137 329.378299 392.548663 415.642689 439.942568 475.056637 531.814273 561.704675 576.403113 623.855840 694.358940 739.372977 766.965430 754.503993 750.526195 754.778837 761.425451 778.522819 777.222160 777.841845 779.342852 782.758859 783.794563 767.691215 743.512199 733.983811 724.504564 688.492361 564.220560 509.493372 483.060091 459.067873 408.876666 329.045879 306.849845 256.084838 205.920393 144.317173 122.210847 93.607659 70.841657 43.678941 47.264095 52.803932 35.467042 6.910095 -23.213570 -36.777033 -54.301124 -63.675470 -33.161569 -14.966948 16.294362 -9999.0 -9999.0 -9999.0 -9999.0
-9999.0 -9999.0 -401.943135 -352.757941 -297.742161 -290.237587 -289.557454 -285.933502 -260.521894 -211.709481 -136.230923 -87.067700 -45.669188 -16.920383 40.698041 119.790504 187.367296 229.400263 282.516614 351.556441 420.318666 454.206474 468.519488 504.397016 571.622588 687.824248 722.524593 742.906781 762.475095 783.917065 798.028892 811.270709 824.637909 834.455767 837.787470 837.573627 836.845932 836.096125 823.772448 821.799080 825.999176 827.329755 829.879213 819.884894 816.808454 827.089715 829.645069 830.875858 831.435751 834.811095 834.440189 792.467541 753.850723 744.904536 738.752777 691.202981 573.558167 515.890189 496.266279 457.268862 374.932370 319.328791 271.435813 226.544234 179.924955 153.296727 112.460260 76.337615 35.109001 -6.961874 -28.000811 -44.505342 -45.299990 -43.592375 -26.641517 -10.366219 5.567589 13.648234 -9999.0 -9999.0
-9999.0 -500.731590 -428.634035 -302.312112 -225.028046 -182.550392 -146.663289 -121.683577 -99.206031 -84.532442 18.046252 113.048894 195.493009 224.648930 280.251882 373.579241 455.620975 492.819926 529.277449 602.954033 704.224753 750.224496 770.111972 788.051282 818.135707 837.304415 842.898691 844.286221 837.157825 828.063996 818.308505 823.666904 822.484074 807.214342 783.782115 778.479804 775.752828 759.452940 739.856818 730.024801 732.517573 750.333550 741.127403 725.207443 722.123921 737.837446 751.464288 743.836487 732.864274 744.374467 769.428686 787.855896 810.874333 827.008637 844.249745 821.725517 785.085710 750.124964 735.684029 703.055856 598.353546 518.213779 461.066895 395.226214 332.081683 270.570711 218.866739 169.450795 112.510651 78.442490 51.370793 3.067599 -17.141942 -13.370064 -21.023808 -22.558840 -15.270776 -8.533159 -9999.0 -9999.0
-9999.0 -573.177041 -430.580230 -246.613320 -102.950868 -46.975437 60.264230 136.463928 160.850147 141.513474 240.518999 443.589814 525.759706 548.052402 671.822888 748.090922 769.412753 788.759361 804.526205 811.693100 824.177312 832.430619 829.619983 823.830158 814.340670 813.093012 815.019679 812.429663 793.228365 767.053498 749.384559 746.174862 730.812783 684.631165 599.455306 569.210143 555.679981 535.317733 501.927018 477.459957 465.991372 485.687658 475.814645 457.114843 452.560857 474.755940 506.193415 497.363238 498.933897 518.224714 561.253236 620.463599 688.173938 723.175267 754.969411 797.791780 817.534439 836.687872 841.620083 822.133367 777.825498 731.936102 693.444233 579.370191 493.769941 412.731658 358.509870 310.004516 254.264231 214.768977 172.053553 118.880313 66.645553 45.032288 8.411321 -10.779371 -9999.0 -9999.0 -9999.0 -9999.0
-9999.0 -640.169029 -449.963526 -187.785647 66.307727 177.532336 360.233196 484.796037 554.008568 670.295334 689.271961 776.272171 793.531733 790.394513 796.144767 800.136136 808.748891 808.225364 802.465575 792.071046 776.485814 770.949647 769.527938 763.868497 755.492922 745.656101 736.197970 722.529904 671.464794 588.990527 543.441133 528.249964 494.380494 403.029699 352.177057 319.132149 270.449723 265.449801 257.030404 230.719337 214.169101 199.744280 217.280949 216.967785 216.938935 222.699233 240.293160 255.961569 291.590581 321.821598 362.241337 412.865108 451.292932 496.360720 552.429579 653.203631 707.769436 738.519045 779.721200 820.930700 841.018257 834.231490 808.977339 763.577206 696.780315 588.752025 539.505821 480.729120 426.868460 371.108398 322.499842 267.278009 206.968845 131.425351 94.057004 -9999.0 -9999.0 -9999.0 -9999.0 -9999.0
-9999.0 -797.009113 -530.124784 -237.413258 82.954527 380.161426 475.353849 648.141810 717.777814 692.135193 688.914812 702.678474 732.072762 737.562599 724.877455 720.366764 711.014513 708.579358 715.627391 679.082781 598.204359 571.255402 568.283665 554.157594 530.173680 513.264673 501.445620 482.082328 431.408493 376.795292 300.084530 279.662190 214.176077 155.896550 113.400958 68.675343 20.572383 20.209002 36.647950 21.468793 0.321467 -17.725143 7.238199 22.283241 32.699536 22.275413 29.908150 62.183152 106.713731 144.377037 187.803398 235.311517 274.700392 318.725915 351.559860 408.516761 458.930572 507.668662 598.507161 718.101439 757.256180 793.050810 829.497506 845.368050 807.988968 766.138299 736.610072 703.321349 634.659426 541.328415 491.373465 413.720831 350.577144 -9999.0 -9999.0 -9999.0 -9999.0 -9999.0 -9999.0 -9999.0
-9999.0 -930.153410 -699.906847 -455.159764 -162.403410 60.569767 217.131090 319.309424 388.341835 400.143511 420.385525 446.691205 474.279725 494.364909 471.314366 434.345256 405.943023 408.322378 405.060395 375.633843 337.190636 319.446082 318.058103 311.304936 287.349995 273.587276 264.414334 244.283977 211.734469 161.701394 86.346661 23.157475 -34.158675 -66.375503 -94.458969 -125.736253 -162.697253 -151.435184 -136.621735 -140.739483 -152.625275 -156.897356 -127.704782 -109.745023 -100.147866 -113.591354 -96.060606 -70.669437 -31.220082 7.490378 51.283472 100.271923 147.420742 172.626185 184.541086 209.602539 246.319906 296.141055 380.721892 478.984881 559.721859 644.248649 719.760451 757.090707 779.031606 815.232576 813.364299 768.782388 691.037402 696.572261 687.090957 -9999.0 -9999.0 -9999.0 -9999.0 -9999.0 -9999.0 -9999.0 -9999.0 -9999.0
-9999.0 -9999.0 -936.287062 -747.388601 -590.564631 -409.518238 -266.875698 -168.207991 -99.341655 -12.319388 74.424604 144.076901 180.668668 195.030495 178.035067 140.658190 116.405443 116.652858 107.770011 94.423320 71.133842 62.761784 54.219492 47.457290 35.801755 29.733717 25.470071 15.790802 -4.771711 -48.940060 -98.612543 -148.333686 -200.691127 -224.332951 -245.137226 -266.784804 -269.558595 -270.980593 -263.949404 -262.569702 -257.118371 -245.458989 -224.991831 -203.997346 -194.936769 -188.245827 -176.344219 -153.676596 -121.930783 -82.786709 -32.872000 19.810916 54.724599 63.736791 51.864926 55.012416 73.320963 112.012655 189.038927 266.589506 351.301444 420.736289 497.747752 560.327443 605.018975 686.823203 734.182986 718.794991 477.462037 669.217813 -9999.0 -9999.0 -9999.0 -9999.0 -9999.0 -9999.0 -9999.0 -9999.0 -9999.0 -9999.0
-9999.0 -9999.0 -9999.0 -9999.0 -890.459961 -734.356465 -641.993094 -562.009632 -444.609876 -339.710093 -251.332239 -178.482067 -128.051234 -106.050489 -117.255523 -122.126878 -129.917667 -133.493813 -141.759396 -146.606762 -151.423890 -158.573450 -169.314555 -176.266963 -176.377362 -172.331682 -173.750904 -185.902243 -200.684157 -226.257837 -248.764457 -282.636474 -318.469005 -346.670781 -359.003530 -365.365381 -364.758741 -369.982435 -360.337197 -353.916153 -339.098568 -323.774886 -299.980330 -271.965473 -259.657280 -245.813794 -236.544249 -216.395855 -187.422953 -136.181487 -75.830931 -22.141777 9.223005 10.362062 -17.927676 -36.225991 -42.447408 -18.530842 22.891979 84.865751 176.516139 240.872757 297.570929 346.619093 388.998806 458.803787 561.123224 686.883972 -9999.0 -9999.0 -9999.0 -9999.0 -9999.0 -9999.0 -9999.0 -9999.0 -9999.0 -9999.0 -9999.0 -9999.0
-9999.0 -9999.0 -9999.0 -9999.0 -9999.0 -9999.0 -946.005786 -851.555503 -765.543153 -645.485444 -534.696772 -445.448522 -373.680616 -349.921455 -332.997498 -311.097787 -315.530933 -332.116579 -348.263518 -331.701500 -321.889296 -326.366982 -353.110981 -354.155641 -350.347486 -340.802070 -341.563433 -347.009872 -370.866724 -362.086255 -362.788962 -384.946908 -410.166915 -423.915877 -434.971435 -424.730536 -423.644301 -435.883673 -433.360599 -407.365962 -387.753902 -374.403170 -352.087624 -319.263373 -287.649412 -273.708837 -273.101828 -267.399228 -226.828941 -158.024669 -89.552879 -38.128946 -9.484644 -4.288340 -34.755894 -77.847877 -102.042796 -99.019106 -69.349314 -22.315647 46.524732 88.512383 113.328615 130.485045 154.310932 244.341928 -9999.0 -9999.0 -9999.0 -9999.0 -9999.0 -9999.0 -9999.0 -9999.0 -9999.0 -9999.0 -9999.0 -9999.0 -9999.0 -9999.0
-9999.0 -9999.0 -9999.0 -9999.0 -9999.0 -9999.0 -9999.0 -9999.0 -9999.0 -9999.0 -9999.0 -9999.0 -9999.0 -9999.0 -9999.0 -9999.0 -9999.0 -9999.0 -9999.0 -9999.0 -9999.0 -9999.0 -9999.0 -9999.0 -9999.0 -9999.0 -9999.0 -9999.0 -9999.0 -9999.0 -9999.0 -9999.0 -9999.0 -9999.0 -9999.0 -9999.0 -9999.0 -9999.0 -9999.0 -9999.0 -9999.0 -9999.0 -9999.0 -9999.0 -9999.0 -9999.0 -9999.0 -9999.0 -9999.0 -9999.0 -9999.0 -9999.0 -9999.0 -9999.0 -9999.0 -9999.0 -9999.0 -9999.0 -9999.0 -9999.0 -9999.0 -9999.0 -9999.0 -9999.0 -9999.0 -9999.0 -9999.0 -9999.0 -9999.0 -9999.0 -9999.0 -9999.0 -9999.0 -9999.0 -9999.0 -9999.0 -9999.0 -9999.0 -9999.0 -9999.0
-9999.0 -9999.0 -9999.0 -9999.0 -9999.0 -9999.0 -9999.0 -9999.0 -9999.0 -9999.0 -9999.0 -9999.0 -9999.0 -9999.0 -9999.0 -9999.0 -9999.0 -9999.0 -9999.0 -9999.0 -9999.0 -9999.0 -9999.0 -9999.0 -9999.0 -9999.0 -9999.0 -9999.0 -9999.0 -9999.0 -9999.0 -9999.0 -9999.0 -9999.0 -9999.0 -9999.0 -9999.0 -9999.0 -9999.0 -9999.0 -9999.0 -9999.0 -9999.0 -9999.0 -9999.0 -9999.0 -9999.0 -9999.0 -9999.0 -9999.0 -9999.0 -9999.0 -9999.0 -9999.0 -9999.0 -9999.0 -9999.0 -9999.0 -9999.0 -9999.0 -9999.0 -9999.0 -9999.0 -9999.0 -9999.0 -9999.0 -9999.0 -9999.0 -9999.0 -9999.0 -9999.0 -9999.0 -9999.0 -9999.0 -9999.0 -9999.0 -9999.0 -9999.0 -9999.0 -9999.0