Borden_/Borden1m_014/output_maps/psiliqL0017N0015.asc
ncols         80
nrows         18
xllcorner     620200.000000
yllcorner     5168000.000000
cellsize      1.000000
NODATA_value  -9999.0
-9999.0 -9999.0 -9999.0 -9999.0 -9999.0 -9999.0 -9999.0 -9999.0 -9999.0 -9999.0 -9999.0 -9999.0 -9999.0 -9999.0 -9999.0 -9999.0 -9999.0 -9999.0 -9999.0 -9999.0 -9999.0 -9999.0 -9999.0 -9999.0 -9999.0 -9999.0 -9999.0 -9999.0 -9999.0 -9999.0 -9999.0 -9999.0 -9999.0 -9999.0 -9999.0 -9999.0 -9999.0 -9999.0 -9999.0 -9999.0 -9999.0 -9999.0 -9999.0 -9999.0 -9999.0 -9999.0 -9999.0 -9999.0 -9999.0 -9999.0 -9999.0 -9999.0 -9999.0 -9999.0 -9999.0 -9999.0 -9999.0 -9999.0 -9999.0 -9999.0 -9999.0 -9999.0 -9999.0 -9999.0 -9999.0 -9999.0 -9999.0 -9999.0 -9999.0 -9999.0 -9999.0 -9999.0 -9999.0 -9999.0 -9999.0 -9999.0 -9999.0 -9999.0 -9999.0 -9999.0
-9999.0 -9999.0 -9999.0 -9999.0 -9999.0 -9999.0 -9999.0 -9999.0 -9999.0 -9999.0 -9999.0 -9999.0 -9999.0 -9999.0 -9999.0 -9999.0 -9999.0 -9999.0 -9999.0 -9999.0 -9999.0 -9999.0 -9999.0 -9999.0 -9999.0 -9999.0 -9999.0 -9999.0 -9999.0 -9999.0 -9999.0 -9999.0 -9999.0 -9999.0 -9999.0 -9999.0 -9999.0 -9999.0 -9999.0 -9999.0 -9999.0 -9999.0 -9999.0 -9999.0 -9999.0 -9999.0 -9999.0 -9999.0 -9999.0 -9999.0 -9999.0 -9999.0 -9999.0 -9999.0 -9999.0 -9999.0 -9999.0 -9999.0 -9999.0 -9999.0 -9999.0 -9999.0 -9999.0 -9999.0 -9999.0 -9999.0 -9999.0 -9999.0 -9999.0 -9999.0 -9999.0 -9999.0 -9999.0 -9999.0 -9999.0 -9999.0 -9999.0 -9999.0 -9999.0 -9999.0
-9999.0 -9999.0 -9999.0 -9999.0 -9999.0 -9999.0 -9999.0 -9999.0 -9999.0 -9999.0 -9999.0 -9999.0 -9999.0 -9999.0 -9999.0 -9999.0 -9999.0 -9999.0 -9999.0 -9999.0 1553.713294 1556.600793 1535.896433 1503.821227 1477.826454 1482.038061 1518.090061 1560.756650 1600.771767 1611.674150 1595.559451 1601.039946 1599.670146 1600.875806 1605.617406 1614.922906 1621.413067 1633.033379 1641.297545 1640.245919 1633.509714 1628.059318 1628.566938 1630.983558 1636.549033 1624.964115 1639.636566 1654.908990 1659.052991 1652.638655 1623.654641 1605.599830 1593.346435 1574.634876 1596.808008 1605.896699 1625.973332 1627.566442 1623.579658 1595.061996 1564.044283 -9999.0 -9999.0 -9999.0 -9999.0 -9999.0 -9999.0 -9999.0 -9999.0 -9999.0 -9999.0 -9999.0 -9999.0 -9999.0 -9999.0 -9999.0 -9999.0 -9999.0 -9999.0 -9999.0
-9999.0 -9999.0 -9999.0 -9999.0 -9999.0 -9999.0 -9999.0 -9999.0 -9999.0 -9999.0 -9999.0 -9999.0 -9999.0 -9999.0 1458.282820 1450.071501 1449.021817 1459.150117 1494.462057 1526.297214 1538.709657 1532.565571 1534.328285 1512.720121 1494.250951 1510.584113 1542.480291 1575.375246 1610.799641 1631.693530 1622.643713 1623.518453 1636.647105 1664.993103 1680.152768 1679.773306 1662.430845 1687.070494 1702.185640 1708.999659 1707.284675 1697.781553 1708.817575 1723.547370 1716.642106 1700.682026 1708.399421 1721.566639 1732.728675 1718.524655 1652.947326 1631.012239 1622.535202 1612.908671 1596.166136 1587.644889 1610.690626 1607.408562 1596.627176 1576.723259 1542.389463 1497.302396 1477.101819 1514.382949 1556.349873 1611.879876 -9999.0 -9999.0 -9999.0 -9999.0 -9999.0 -9999.0 -9999.0 -9999.0 -9999.0 -9999.0 -9999.0 -9999.0 -9999.0 -9999.0
-9999.0 -9999.0 -9999.0 -9999.0 -9999.0 -9999.0 -9999.0 -9999.0 -9999.0 1396.992394 1402.715173 1411.232528 1415.170345 1432.276857 1430.862156 1439.775394 1448.312068 1477.877579 1511.246442 1548.557732 1578.923469 1572.028139 1574.481360 1586.259379 1591.690123 1606.675869 1630.933816 1672.107286 1710.069769 1750.309471 1722.824158 1724.094462 1749.019370 1801.610676 1836.866608 1845.476935 1829.421548 1841.138068 1865.330088 1884.206964 1881.198602 1876.505995 1900.050408 1913.413062 1912.775018 1893.901666 1886.904272 1890.674166 1916.819418 1864.036687 1793.914688 1740.039051 1740.941354 1709.285389 1671.656614 1650.524362 1644.525040 1660.433869 1642.237805 1602.702390 1564.650356 1550.990234 1531.053496 1546.504058 1566.509387 1610.503230 1647.875081 1674.504097 1671.995800 1653.159422 -9999.0 -9999.0 -9999.0 -9999.0 -9999.0 -9999.0 -9999.0 -9999.0 -9999.0 -9999.0
-9999.0 -9999.0 -9999.0 -9999.0 -9999.0 -9999.0 1317.119963 1327.864340 1349.467411 1354.562281 1381.563420 1390.109000 1412.278752 1433.294996 1457.391822 1475.873568 1507.792246 1543.459730 1587.281641 1633.644643 1668.487954 1664.607967 1677.083275 1709.625196 1752.834334 1785.737241 1813.876181 1854.185514 1928.116412 1968.014775 1973.338718 1981.857577 1999.455979 2058.595894 2128.532389 2145.312455 2127.458297 2114.476479 2134.502339 2168.243867 2169.287642 2168.162885 2178.467300 2187.677144 2213.842005 2206.063518 2170.698804 2161.537555 2162.730548 2143.467953 2075.505269 2004.506676 1966.648079 1913.560943 1829.157521 1774.420913 1779.439682 1792.508041 1759.127439 1702.142071 1659.221924 1645.379766 1626.845785 1611.142233 1615.232140 1631.645006 1650.885512 1659.390560 1643.695669 1620.219030 1595.908934 1565.198675 1565.266828 1589.006585 -9999.0 -9999.0 -9999.0 -9999.0 -9999.0 -9999.0
-9999.0 -9999.0 -9999.0 -9999.0 1266.053263 1280.225892 1268.795025 1295.763808 1330.009173 1365.829275 1398.716101 1436.747422 1465.755226 1498.390578 1540.967630 1576.945933 1620.827747 1659.896493 1719.669380 1794.327082 1849.516046 1873.989902 1890.709492 1953.406332 2024.305362 2084.051106 2108.445049 2135.474860 2176.838361 2232.687398 2257.977294 2266.240042 2288.792719 2331.916416 2384.698677 2420.825841 2406.032054 2399.202066 2405.730250 2416.176084 2437.263788 2436.920413 2437.921300 2440.449395 2446.017790 2446.585483 2424.977085 2394.812101 2381.998241 2371.954616 2337.889582 2264.036232 2223.361132 2192.227309 2155.644588 2101.030780 2034.532129 2012.827930 1949.367347 1888.129558 1824.146070 1798.873907 1763.905702 1734.965704 1703.152082 1701.141335 1700.568179 1676.146908 1639.934944 1604.426282 1586.549059 1564.998770 1551.188129 1579.043424 1594.678841 1623.377692 -9999.0 -9999.0 -9999.0 -9999.0
-9999.0 -9999.0 1204.363208 1253.567741 1312.514576 1323.237032 1324.851155 1332.655639 1363.155883 1417.289757 1492.685605 1543.118355 1585.736116 1623.117476 1686.882046 1769.093081 1843.811191 1896.895089 1965.826440 2047.356220 2115.536953 2149.227257 2165.346906 2207.155665 2267.129681 2335.121928 2364.206796 2390.007633 2419.537971 2450.932337 2456.927905 2470.942268 2482.540522 2490.357624 2499.464060 2502.775961 2498.751151 2494.309344 2476.273870 2471.855838 2477.908669 2483.230114 2483.951102 2470.610059 2467.237901 2482.122718 2488.494323 2489.821357 2490.753726 2498.336023 2499.453043 2457.124038 2423.378038 2407.798444 2395.958133 2350.137156 2282.821307 2239.288283 2214.037863 2168.972662 2089.218970 2033.226207 1977.360395 1925.950683 1869.499918 1833.364811 1781.398723 1733.722247 1682.457237 1631.898437 1604.201562 1582.341914 1576.001272 1572.010923 1585.225612 1598.072677 1611.579563 1618.416252 -9999.0 -9999.0
-9999.0 1098.996994 1172.011316 1299.178179 1381.931532 1429.249090 1460.846139 1483.423149 1514.418781 1545.079700 1649.223051 1734.010912 1826.669173 1868.759359 1924.751837 2030.462631 2130.685271 2181.954085 2226.861566 2291.565007 2356.189789 2404.356996 2431.632656 2436.953391 2474.542249 2493.767906 2499.410206 2503.834244 2500.358289 2491.183030 2481.736867 2487.750072 2484.769406 2466.455262 2449.635616 2444.668087 2438.228190 2414.528293 2386.762779 2372.450637 2374.766994 2398.647362 2386.294968 2366.058609 2362.713568 2384.541194 2406.128227 2399.707982 2390.601708 2411.620612 2447.701230 2470.459599 2479.083870 2496.255822 2516.652402 2489.548587 2461.528565 2418.502734 2398.385974 2370.332881 2313.223465 2252.149075 2196.647129 2135.265650 2065.290656 1990.047288 1919.216115 1849.930743 1777.959758 1731.376558 1694.580082 1638.832618 1612.486003 1608.299440 1594.854414 1588.322675 1591.345347 1596.410723 -9999.0 -9999.0
-9999.0 1015.294962 1158.095098 1343.813565 1496.039010 1558.482975 1660.110218 1739.338308 1767.383381 1737.148997 1847.379023 2071.582647 2182.984537 2205.044235 2282.387049 2378.993116 2395.674112 2431.456466 2457.506740 2474.244734 2486.431055 2496.593970 2493.854657 2488.324689 2474.768739 2468.771836 2469.074887 2467.514202 2450.516278 2430.180252 2410.117984 2403.850608 2383.659366 2337.230260 2300.549522 2277.123452 2256.023510 2236.665482 2206.465454 2181.021380 2165.964086 2181.174712 2176.329827 2160.479640 2156.994963 2178.943865 2211.417056 2210.821832 2224.837873 2252.042193 2296.009609 2337.625033 2361.326121 2392.695513 2430.383464 2474.601088 2487.962946 2509.356288 2513.483457 2497.154273 2454.337592 2403.291212 2371.507099 2312.467999 2241.961655 2161.023408 2091.217006 2021.036280 1945.186809 1892.782527 1837.049729 1769.388360 1706.502686 1674.075454 1627.566115 1603.642500 -9999.0 -9999.0 -9999.0 -9999.0
-9999.0 931.493991 1118.982304 1376.451707 1663.199207 1777.887386 1995.272766 2128.240020 2184.515781 2255.662626 2216.893517 2380.049183 2425.398316 2424.347942 2430.401038 2439.016308 2457.970261 2463.397259 2461.807455 2453.319958 2444.164459 2437.847497 2433.984388 2425.049837 2412.782057 2398.886824 2386.650303 2375.401470 2338.629034 2303.184938 2260.772071 2241.401810 2198.749265 2104.329182 2056.234373 2009.740069 1944.389422 1936.601074 1932.735434 1905.511780 1886.754383 1864.912418 1888.855551 1895.568212 1898.775150 1900.574148 1917.027043 1945.368720 1996.811246 2042.094022 2095.148854 2152.744957 2191.745612 2238.895805 2287.625527 2343.846835 2376.856056 2408.214645 2457.162087 2496.597009 2521.256652 2511.187669 2487.952446 2445.314119 2378.653149 2316.395918 2269.259703 2196.665273 2131.746409 2075.138218 2017.715160 1950.064056 1869.417244 1769.076681 1717.897405 -9999.0 -9999.0 -9999.0 -9999.0 -9999.0
-9999.0 742.675137 1010.730885 1297.357288 1610.707685 1955.228945 2109.976125 2239.457765 2314.645686 2290.330040 2304.975482 2325.623647 2368.965512 2379.528273 2362.914931 2356.883120 2347.302667 2348.878788 2362.493948 2335.823819 2303.594665 2284.441498 2278.922514 2264.008428 2239.204375 2222.777411 2212.373578 2193.153479 2145.047024 2089.334917 1997.741230 1958.965271 1878.144340 1823.069942 1776.042866 1720.719685 1665.862350 1663.203524 1681.012593 1667.444659 1645.912463 1628.075232 1655.641992 1674.786552 1687.712795 1675.878767 1685.546282 1723.399746 1776.558787 1826.204644 1881.868211 1941.241328 1992.471284 2046.936546 2086.574079 2140.583757 2191.473457 2241.071927 2318.095216 2399.436648 2439.699435 2476.377385 2510.317554 2529.385229 2481.512184 2437.837119 2391.869228 2337.313826 2265.020341 2221.955399 2190.710721 2128.947213 2061.436917 -9999.0 -9999.0 -9999.0 -9999.0 -9999.0 -9999.0 -9999.0
-9999.0 619.092554 833.589736 1057.749594 1340.234363 1585.239810 1795.838486 1912.359780 1998.253693 2048.132436 2091.724243 2128.940863 2160.378042 2184.690753 2166.453210 2129.043541 2102.317018 2107.550288 2101.946667 2076.139697 2040.799378 2016.389476 2006.103961 1994.387698 1967.360572 1952.171235 1941.678775 1919.407239 1886.756288 1828.672603 1745.118823 1667.590432 1604.964873 1573.262442 1542.255611 1507.434595 1470.778125 1479.809946 1491.668865 1488.793358 1479.192781 1477.039668 1506.414947 1525.866725 1536.235884 1525.265037 1545.145996 1572.773527 1616.170028 1662.348449 1714.745047 1772.819697 1830.064657 1864.002036 1883.085318 1911.957269 1955.165433 2015.585662 2110.749710 2213.072930 2298.044431 2350.909374 2405.398730 2444.272852 2462.346903 2476.472205 2458.419617 2388.273716 2294.614085 2293.240651 2293.765316 -9999.0 -9999.0 -9999.0 -9999.0 -9999.0 -9999.0 -9999.0 -9999.0 -9999.0
-9999.0 -9999.0 601.502750 775.634753 908.665911 1089.382828 1243.571501 1359.643051 1456.246606 1579.578751 1691.142278 1778.230303 1823.298133 1841.582626 1829.563005 1799.696768 1780.591920 1780.756768 1769.304212 1756.502664 1732.347805 1718.103913 1701.277245 1689.409150 1677.830192 1671.713542 1666.248209 1655.086586 1633.243761 1585.660054 1536.157803 1483.382608 1429.250363 1402.795757 1379.880490 1357.391538 1355.446390 1350.564266 1355.775974 1357.440226 1364.785838 1377.741702 1397.928386 1420.234974 1430.251979 1439.615300 1452.515605 1476.955844 1511.135392 1555.078976 1610.956094 1670.813511 1713.135504 1729.003498 1722.760478 1730.733373 1754.174435 1801.796646 1889.592554 1982.722218 2090.336612 2170.573256 2250.062087 2310.859355 2333.711888 2354.233966 2376.843253 2330.779201 2175.938043 2240.332575 -9999.0 -9999.0 -9999.0 -9999.0 -9999.0 -9999.0 -9999.0 -9999.0 -9999.0 -9999.0
-9999.0 -9999.0 -9999.0 -9999.0 635.690721 791.072662 890.207399 975.951788 1108.442263 1232.730765 1335.701798 1420.384120 1483.474551 1510.597754 1507.926724 1515.491786 1511.904743 1505.332620 1494.479896 1491.976708 1488.334522 1477.375869 1459.821467 1450.322429 1450.009486 1454.333834 1451.435552 1437.613750 1419.448154 1396.920420 1376.094860 1340.902711 1304.312656 1274.398555 1260.488537 1254.222691 1253.370066 1245.965925 1254.453032 1261.902115 1277.250219 1292.580363 1316.436022 1345.604555 1359.605345 1374.604565 1384.628301 1405.560311 1436.703159 1491.078606 1555.717613 1614.970954 1652.657346 1659.161084 1636.922292 1623.813416 1622.892611 1654.730941 1704.996164 1779.066714 1889.820844 1972.649000 2041.439440 2100.204947 2142.761889 2197.204355 2263.182841 2302.656903 -9999.0 -9999.0 -9999.0 -9999.0 -9999.0 -9999.0 -9999.0 -9999.0 -9999.0 -9999.0 -9999.0 -9999.0
-9999.0 -9999.0 -9999.0 -9999.0 -9999.0 -9999.0 597.476962 700.640780 781.639534 922.853263 1055.611796 1158.155556 1239.138385 1271.648502 1299.105219 1326.670592 1325.229902 1306.431937 1286.301067 1303.691445 1315.759268 1307.558461 1275.438953 1273.654086 1277.611263 1285.267408 1282.766503 1276.204783 1250.892895 1262.210907 1262.420796 1238.444650 1211.765604 1197.357659 1184.966489 1194.092100 1193.913456 1180.007288 1180.369656 1207.207818 1227.562573 1240.771119 1262.628909 1295.943106 1328.437581 1343.863753 1345.482111 1351.914435 1392.297818 1463.204315 1535.812688 1592.361811 1626.205915 1635.904875 1610.646074 1572.612669 1554.675577 1565.040277 1604.154480 1662.283392 1745.204874 1802.671426 1838.836191 1864.070376 1891.014753 1986.692440 -9999.0 -9999.0 -9999.0 -9999.0 -9999.0 -9999.0 -9999.0 -9999.0 -9999.0 -9999.0 -9999.0 -9999.0 -9999.0 -9999.0
-9999.0 -9999.0 -9999.0 -9999.0 -9999.0 -9999.0 -9999.0 -9999.0 -9999.0 -9999.0 -9999.0 -9999.0 -9999.0 -9999.0 -9999.0 -9999.0 -9999.0 -9999.0 -9999.0 -9999.0 -9999.0 -9999.0 -9999.0 -9999.0 -9999.0 -9999.0 -9999.0 -9999.0 -9999.0 -9999.0 -9999.0 -9999.0 -9999.0 -9999.0 -9999.0 -9999.0 -9999.0 -9999.0 -9999.0 -9999.0 -9999.0 -9999.0 -9999.0 -9999.0 -9999.0 -9999.0 -9999.0 -9999.0 -9999.0 -9999.0 -9999.0 -9999.0 -9999.0 -9999.0 -9999.0 -9999.0 -9999.0 -9999.0 -9999.0 -9999.0 -9999.0 -9999.0 -9999.0 -9999.0 -9999.0 -9999.0 -9999.0 -9999.0 -9999.0 -9999.0 -9999.0 -9999.0 -9999.0 -9999.0 -9999.0 -9999.0 -9999.0 -9999.0 -9999.0 -9999.0
-9999.0 -9999.0 -9999.0 -9999.0 -9999.0 -9999.0 -9999.0 -9999.0 -9999.0 -9999.0 -9999.0 -9999.0 -9999.0 -9999.0 -9999.0 -9999.0 -9999.0 -9999.0 -9999.0 -9999.0 -9999.0 -9999.0 -9999.0 -9999.0 -9999.0 -9999.0 -9999.0 -9999.0 -9999.0 -9999.0 -9999.0 -9999.0 -9999.0 -9999.0 -9999.0 -9999.0 -9999.0 -9999.0 -9999.0 -9999.0 -9999.0 -9999.0 -9999.0 -9999.0 -9999.0 -9999.0 -9999.0 -9999.0 -9999.0 -9999.0 -9999.0 -9999.0 -9999.0 -9999.0 -9999.0 -9999.0 -9999.0 -9999.0 -9999.0 -9999.0 -9999.0 -9999.0 -9999.0 -9999.0 -9999.0 -9999.0 -9999.0 -9999.0 -9999.0 -9999.0 -9999.0 -9999.0 -9999.0 -9999.0 -9999.0 -9999.0 -9999.0 -9999.0 -9999.0 -9999.0