Borden_/Borden1m_014/output_maps/psiliqL0016N0001.asc
ncols         80
nrows         18
xllcorner     620200.000000
yllcorner     5168000.000000
cellsize      1.000000
NODATA_value  -9999.0
-9999.0 -9999.0 -9999.0 -9999.0 -9999.0 -9999.0 -9999.0 -9999.0 -9999.0 -9999.0 -9999.0 -9999.0 -9999.0 -9999.0 -9999.0 -9999.0 -9999.0 -9999.0 -9999.0 -9999.0 -9999.0 -9999.0 -9999.0 -9999.0 -9999.0 -9999.0 -9999.0 -9999.0 -9999.0 -9999.0 -9999.0 -9999.0 -9999.0 -9999.0 -9999.0 -9999.0 -9999.0 -9999.0 -9999.0 -9999.0 -9999.0 -9999.0 -9999.0 -9999.0 -9999.0 -9999.0 -9999.0 -9999.0 -9999.0 -9999.0 -9999.0 -9999.0 -9999.0 -9999.0 -9999.0 -9999.0 -9999.0 -9999.0 -9999.0 -9999.0 -9999.0 -9999.0 -9999.0 -9999.0 -9999.0 -9999.0 -9999.0 -9999.0 -9999.0 -9999.0 -9999.0 -9999.0 -9999.0 -9999.0 -9999.0 -9999.0 -9999.0 -9999.0 -9999.0 -9999.0
-9999.0 -9999.0 -9999.0 -9999.0 -9999.0 -9999.0 -9999.0 -9999.0 -9999.0 -9999.0 -9999.0 -9999.0 -9999.0 -9999.0 -9999.0 -9999.0 -9999.0 -9999.0 -9999.0 -9999.0 -9999.0 -9999.0 -9999.0 -9999.0 -9999.0 -9999.0 -9999.0 -9999.0 -9999.0 -9999.0 -9999.0 -9999.0 -9999.0 -9999.0 -9999.0 -9999.0 -9999.0 -9999.0 -9999.0 -9999.0 -9999.0 -9999.0 -9999.0 -9999.0 -9999.0 -9999.0 -9999.0 -9999.0 -9999.0 -9999.0 -9999.0 -9999.0 -9999.0 -9999.0 -9999.0 -9999.0 -9999.0 -9999.0 -9999.0 -9999.0 -9999.0 -9999.0 -9999.0 -9999.0 -9999.0 -9999.0 -9999.0 -9999.0 -9999.0 -9999.0 -9999.0 -9999.0 -9999.0 -9999.0 -9999.0 -9999.0 -9999.0 -9999.0 -9999.0 -9999.0
-9999.0 -9999.0 -9999.0 -9999.0 -9999.0 -9999.0 -9999.0 -9999.0 -9999.0 -9999.0 -9999.0 -9999.0 -9999.0 -9999.0 -9999.0 -9999.0 -9999.0 -9999.0 -9999.0 -9999.0 1326.305848 1328.353780 1306.055769 1272.000196 1243.645874 1245.316289 1278.967709 1319.326179 1357.034373 1365.806024 1347.246516 1349.675201 1344.950383 1342.980129 1344.850102 1351.688404 1356.200021 1366.794373 1374.411943 1373.095738 1366.314159 1360.846214 1361.176507 1363.697246 1369.176606 1357.879874 1372.377587 1387.966729 1393.422626 1389.326593 1363.761875 1349.767497 1341.842927 1327.146174 1352.662784 1364.974983 1388.292016 1392.964734 1391.681622 1365.144966 1335.363565 -9999.0 -9999.0 -9999.0 -9999.0 -9999.0 -9999.0 -9999.0 -9999.0 -9999.0 -9999.0 -9999.0 -9999.0 -9999.0 -9999.0 -9999.0 -9999.0 -9999.0 -9999.0 -9999.0
-9999.0 -9999.0 -9999.0 -9999.0 -9999.0 -9999.0 -9999.0 -9999.0 -9999.0 -9999.0 -9999.0 -9999.0 -9999.0 -9999.0 1237.088617 1227.410948 1224.195027 1231.822074 1264.571053 1294.287198 1306.318732 1298.639323 1298.319877 1274.119184 1252.654073 1265.835313 1294.774096 1325.167920 1358.248401 1376.777760 1364.809843 1362.230971 1371.343290 1395.472830 1407.271770 1404.419407 1385.240464 1408.489286 1422.993688 1429.761217 1428.076108 1418.755890 1430.225006 1445.079819 1438.203217 1421.983053 1428.896504 1441.870454 1454.242102 1442.411687 1381.079277 1364.125879 1361.070361 1355.998443 1343.266567 1338.202016 1364.663655 1365.271580 1357.895139 1340.769058 1308.539234 1264.365527 1246.461489 1286.122854 1330.462013 1387.880644 -9999.0 -9999.0 -9999.0 -9999.0 -9999.0 -9999.0 -9999.0 -9999.0 -9999.0 -9999.0 -9999.0 -9999.0 -9999.0 -9999.0
-9999.0 -9999.0 -9999.0 -9999.0 -9999.0 -9999.0 -9999.0 -9999.0 -9999.0 1180.762394 1185.203064 1191.935874 1193.708213 1208.765960 1206.117712 1212.695495 1218.446766 1244.488407 1274.259925 1308.112156 1335.744101 1325.911953 1325.235056 1333.330942 1334.436343 1345.036619 1365.515005 1403.671172 1439.636098 1477.272198 1446.830613 1444.011256 1463.405169 1510.078125 1541.573754 1547.975047 1530.336518 1540.194910 1563.882770 1583.147091 1580.481113 1576.271722 1599.975623 1613.298942 1613.347790 1594.310090 1585.348471 1587.827648 1613.961754 1563.976530 1499.287917 1451.944853 1459.365312 1433.205865 1399.701398 1382.606820 1381.092575 1402.305350 1389.021132 1353.744510 1319.230442 1309.137747 1292.933694 1311.748218 1335.102114 1382.202835 1421.634247 1451.228627 1451.654897 1434.798331 -9999.0 -9999.0 -9999.0 -9999.0 -9999.0 -9999.0 -9999.0 -9999.0 -9999.0 -9999.0
-9999.0 -9999.0 -9999.0 -9999.0 -9999.0 -9999.0 1102.770639 1112.061147 1131.867972 1135.804331 1160.639293 1166.749606 1186.047861 1203.996290 1224.616942 1239.206634 1266.745884 1297.332305 1335.651684 1376.294438 1406.227858 1398.583994 1406.390224 1433.251755 1469.100860 1496.282881 1520.263235 1557.594550 1628.888445 1666.148700 1669.257006 1673.805927 1685.975538 1738.722014 1804.906143 1820.565531 1801.699346 1787.948908 1807.755820 1841.852491 1843.825475 1842.961904 1852.623214 1861.861766 1888.126501 1879.975161 1843.415864 1831.984836 1831.208394 1813.277883 1749.549377 1685.024649 1654.416087 1608.744714 1529.779059 1478.895065 1488.155739 1508.417403 1482.199187 1431.253658 1393.718650 1385.593825 1372.942912 1362.550094 1371.650442 1393.195718 1417.390287 1430.556752 1419.127137 1399.142169 1377.292554 1349.376030 1351.920228 1377.413094 -9999.0 -9999.0 -9999.0 -9999.0 -9999.0 -9999.0
-9999.0 -9999.0 -9999.0 -9999.0 1053.645171 1065.876449 1052.486880 1076.723448 1108.143676 1140.939792 1170.531867 1204.662389 1229.375181 1257.284949 1294.680295 1324.769603 1362.026431 1393.562318 1444.370708 1509.642557 1558.442404 1578.852641 1590.352986 1644.687824 1705.032367 1759.580254 1781.941595 1808.253957 1848.624350 1904.102408 1928.795726 1936.210485 1958.749929 2002.253252 2054.500320 2090.260111 2075.842735 2069.408381 2075.987725 2086.549528 2107.782038 2107.459406 2108.339891 2110.675150 2115.787233 2115.652274 2092.945921 2060.876986 2046.069648 2034.030853 1998.587579 1922.802384 1883.233189 1855.423362 1822.396809 1769.906294 1706.081136 1692.854144 1639.036986 1585.337259 1527.297824 1509.537044 1483.009893 1461.938461 1437.959685 1444.449260 1452.127755 1435.384251 1406.039783 1376.171237 1362.898230 1345.471748 1335.421492 1366.321390 1384.482015 1415.065285 -9999.0 -9999.0 -9999.0 -9999.0
-9999.0 -9999.0 995.956364 1043.377432 1099.045265 1105.823475 1103.385246 1106.807145 1132.899624 1182.286582 1252.672128 1297.262594 1334.159280 1364.693461 1420.463112 1493.266144 1558.308471 1601.419780 1657.877346 1727.545438 1790.885471 1823.113641 1836.963920 1873.945147 1930.543474 2000.497118 2031.615521 2058.301104 2087.436766 2118.204717 2125.296513 2138.846609 2150.215328 2158.268986 2167.398901 2171.575049 2169.143331 2165.746992 2148.428620 2144.357634 2150.315984 2155.072634 2155.650839 2142.140113 2138.297807 2152.059742 2156.606786 2155.455503 2153.128285 2156.938713 2155.007772 2111.186455 2076.756787 2063.070005 2052.493189 2005.286078 1935.158746 1893.366408 1872.018031 1830.582309 1753.564850 1704.396359 1657.821804 1615.152980 1570.280182 1547.545622 1508.852595 1473.315731 1432.412774 1390.527785 1370.214833 1354.722479 1354.237475 1355.643924 1373.043436 1389.163715 1405.154861 1413.254165 -9999.0 -9999.0
-9999.0 892.623721 964.082213 1088.152313 1165.353093 1205.342414 1230.049718 1246.582315 1271.269642 1294.657432 1391.375197 1468.361955 1552.229712 1586.372765 1634.562051 1727.414410 1815.696726 1856.876006 1893.961191 1954.361687 2021.114489 2070.844767 2098.308822 2105.016513 2141.512367 2161.614172 2168.533435 2172.898742 2168.322258 2158.545012 2148.672488 2154.141943 2150.239220 2130.783616 2113.063895 2109.944921 2106.321688 2084.516540 2057.587531 2043.464362 2045.878733 2068.933142 2056.225743 2035.434837 2031.402793 2052.132506 2071.574815 2061.970015 2048.143509 2063.508136 2094.917581 2116.035093 2127.721261 2146.948298 2168.361258 2141.773255 2112.548899 2070.868378 2051.752642 2021.706698 1959.343103 1896.232590 1842.014524 1783.976582 1723.197596 1664.285873 1611.555760 1560.569059 1503.392341 1468.961109 1442.818047 1396.910396 1379.963521 1385.059960 1378.679131 1377.273054 1384.379907 1391.085836 -9999.0 -9999.0
-9999.0 810.036904 950.817616 1131.731579 1274.682856 1324.404843 1413.266698 1482.105952 1503.643882 1470.056768 1570.196953 1779.240701 1878.164392 1895.757827 1971.786296 2060.225837 2071.920830 2100.626326 2121.774023 2135.769879 2149.439440 2162.165309 2161.346999 2156.443385 2143.502801 2138.277358 2138.218589 2134.558684 2114.299987 2091.835804 2072.297527 2066.821975 2046.222321 1998.014089 1959.288638 1940.075339 1925.236055 1908.886817 1879.117159 1854.116388 1840.068606 1855.594787 1849.117100 1832.229551 1827.790504 1848.604580 1879.390613 1873.756620 1879.621305 1898.230667 1935.013321 1974.605581 2001.352353 2034.944597 2074.015552 2120.545762 2137.550585 2160.999708 2166.281782 2148.308983 2101.895865 2047.379546 2011.069752 1945.931263 1875.250522 1802.691574 1747.238480 1696.001443 1637.046653 1598.585165 1557.254861 1504.095243 1455.958639 1440.379756 1405.280883 1388.779607 -9999.0 -9999.0 -9999.0 -9999.0
-9999.0 728.068929 913.353772 1165.205480 1435.637148 1530.802705 1721.904961 1838.831664 1889.340034 1959.118030 1923.164927 2070.471936 2107.622911 2103.922686 2107.829937 2112.744760 2126.381390 2127.229797 2122.107124 2111.531977 2102.563085 2099.143396 2098.316783 2091.346795 2079.968803 2065.957376 2052.224585 2037.448466 1995.841505 1958.011049 1919.739523 1905.089335 1865.831211 1773.933036 1730.043797 1694.338142 1640.105245 1637.911925 1635.969984 1610.420016 1592.449951 1572.047614 1594.437198 1598.817494 1600.601585 1602.023043 1616.225531 1637.572574 1678.448023 1710.498158 1750.389346 1799.524064 1833.512346 1876.939207 1923.774275 1982.862168 2020.418686 2054.468876 2104.717433 2145.608389 2169.084452 2157.418051 2130.754765 2083.902501 2014.711118 1951.877291 1911.274483 1850.048341 1795.523302 1747.426171 1702.137231 1649.578389 1589.174319 1523.358650 1487.591398 -9999.0 -9999.0 -9999.0 -9999.0 -9999.0
-9999.0 543.305858 808.446956 1089.110165 1389.738978 1705.796060 1829.961295 1945.116538 2010.597687 1980.097715 1988.050706 2004.398245 2043.832708 2052.068974 2033.484299 2024.446318 2011.184810 2009.217758 2019.747674 1990.196392 1956.732739 1941.837662 1941.336853 1929.989751 1907.371725 1891.448002 1879.966943 1859.619749 1811.562448 1760.343023 1680.114277 1652.530748 1580.450939 1529.457724 1488.525458 1442.101913 1395.132614 1396.974305 1416.647437 1403.938286 1382.985331 1365.357146 1392.056524 1409.544132 1421.137677 1408.363873 1415.597198 1448.711663 1494.072151 1533.060448 1577.085561 1625.632122 1667.175530 1710.759940 1740.043723 1789.114025 1836.999639 1883.962838 1959.388774 2041.628579 2080.875931 2117.348240 2152.196255 2170.863380 2124.471204 2083.758803 2044.918302 1998.692527 1929.627022 1885.625387 1853.871882 1793.637353 1733.519792 -9999.0 -9999.0 -9999.0 -9999.0 -9999.0 -9999.0 -9999.0
-9999.0 418.795908 632.814167 854.133210 1127.522624 1353.356112 1537.909203 1633.922924 1704.564947 1742.090949 1777.811531 1810.484069 1839.180477 1860.954603 1839.311218 1799.158677 1769.460866 1772.501873 1766.398337 1740.840084 1709.506463 1694.110958 1691.936625 1685.946256 1663.112322 1650.470966 1641.557073 1621.116628 1590.536574 1538.523352 1464.086637 1396.152150 1339.952565 1312.586418 1286.367146 1256.709601 1224.044511 1236.071599 1249.911010 1247.555759 1238.003087 1235.652267 1264.707757 1283.465596 1293.009351 1280.686020 1298.474965 1322.875301 1361.223127 1400.209548 1444.494988 1494.306297 1542.635868 1566.691475 1575.811507 1596.766471 1631.704994 1681.048513 1763.398084 1855.228551 1931.737018 1982.267525 2038.162187 2078.599986 2101.372681 2125.908043 2119.577546 2061.375911 1972.909917 1974.133001 1965.751834 -9999.0 -9999.0 -9999.0 -9999.0 -9999.0 -9999.0 -9999.0 -9999.0 -9999.0
-9999.0 -9999.0 400.497264 572.971677 702.916195 874.671460 1016.371817 1118.519136 1201.596246 1312.133339 1414.211734 1494.630389 1536.015103 1551.544595 1536.545971 1503.352154 1482.030866 1481.655566 1471.120439 1460.224132 1440.353919 1432.906246 1422.656829 1415.513088 1407.023428 1403.125800 1399.452254 1390.050768 1370.733092 1327.481386 1283.055446 1235.581081 1185.853033 1163.143015 1143.586868 1124.088758 1124.404708 1121.676279 1128.209263 1130.370473 1137.703953 1150.498733 1170.504964 1192.232944 1201.529065 1209.663786 1221.049109 1243.156641 1274.016247 1313.467993 1363.931612 1417.564079 1453.070766 1461.556583 1447.748798 1448.357899 1463.574165 1499.683155 1572.701836 1648.540286 1736.926155 1804.357836 1876.118845 1932.942445 1959.781690 1993.448418 2032.920847 2003.260249 1834.491337 1936.213806 -9999.0 -9999.0 -9999.0 -9999.0 -9999.0 -9999.0 -9999.0 -9999.0 -9999.0 -9999.0
-9999.0 -9999.0 -9999.0 -9999.0 429.238197 580.390382 673.688236 752.390674 876.274421 991.772147 1087.414528 1166.364111 1224.752689 1248.760511 1243.037186 1247.457814 1242.538026 1236.424970 1226.869663 1225.951591 1225.083978 1218.250228 1204.920616 1198.448315 1200.300098 1206.284746 1205.054892 1193.015005 1177.322622 1157.140671 1139.302359 1107.430183 1073.749747 1046.516663 1034.978823 1030.602289 1031.483094 1025.512268 1034.907134 1042.640706 1058.088376 1073.404027 1097.089055 1125.821835 1139.125347 1153.244750 1162.092119 1181.363949 1210.050472 1261.253167 1322.039493 1376.834786 1409.298349 1410.238335 1381.970166 1362.604203 1354.319275 1376.300363 1413.788501 1472.353136 1564.536420 1629.593408 1682.791832 1728.033775 1766.340423 1826.508973 1905.656616 1963.553510 -9999.0 -9999.0 -9999.0 -9999.0 -9999.0 -9999.0 -9999.0 -9999.0 -9999.0 -9999.0 -9999.0 -9999.0
-9999.0 -9999.0 -9999.0 -9999.0 -9999.0 -9999.0 384.917116 483.556511 560.528469 693.927627 819.106881 915.936631 992.627331 1021.692125 1046.003439 1071.586380 1069.273404 1051.058035 1032.418069 1051.249641 1065.166303 1059.921992 1030.829051 1031.134247 1036.728384 1046.028618 1045.084965 1040.128792 1016.787926 1029.904535 1032.375581 1011.028055 986.756343 974.424154 963.924017 974.656152 975.836914 963.055665 964.303499 991.381447 1011.780836 1024.988152 1046.749316 1079.719954 1111.652736 1126.237686 1126.804970 1131.860884 1170.520414 1238.867044 1308.219945 1361.035745 1390.613628 1395.614380 1365.035978 1321.378449 1296.631229 1298.311941 1326.297003 1370.855672 1437.557476 1478.291797 1498.429077 1509.627416 1528.875060 1622.044055 -9999.0 -9999.0 -9999.0 -9999.0 -9999.0 -9999.0 -9999.0 -9999.0 -9999.0 -9999.0 -9999.0 -9999.0 -9999.0 -9999.0
-9999.0 -9999.0 -9999.0 -9999.0 -9999.0 -9999.0 -9999.0 -9999.0 -9999.0 -9999.0 -9999.0 -9999.0 -9999.0 -9999.0 -9999.0 -9999.0 -9999.0 -9999.0 -9999.0 -9999.0 -9999.0 -9999.0 -9999.0 -9999.0 -9999.0 -9999.0 -9999.0 -9999.0 -9999.0 -9999.0 -9999.0 -9999.0 -9999.0 -9999.0 -9999.0 -9999.0 -9999.0 -9999.0 -9999.0 -9999.0 -9999.0 -9999.0 -9999.0 -9999.0 -9999.0 -9999.0 -9999.0 -9999.0 -9999.0 -9999.0 -9999.0 -9999.0 -9999.0 -9999.0 -9999.0 -9999.0 -9999.0 -9999.0 -9999.0 -9999.0 -9999.0 -9999.0 -9999.0 -9999.0 -9999.0 -9999.0 -9999.0 -9999.0 -9999.0 -9999.0 -9999.0 -9999.0 -9999.0 -9999.0 -9999.0 -9999.0 -9999.0 -9999.0 -9999.0 -9999.0
-9999.0 -9999.0 -9999.0 -9999.0 -9999.0 -9999.0 -9999.0 -9999.0 -9999.0 -9999.0 -9999.0 -9999.0 -9999.0 -9999.0 -9999.0 -9999.0 -9999.0 -9999.0 -9999.0 -9999.0 -9999.0 -9999.0 -9999.0 -9999.0 -9999.0 -9999.0 -9999.0 -9999.0 -9999.0 -9999.0 -9999.0 -9999.0 -9999.0 -9999.0 -9999.0 -9999.0 -9999.0 -9999.0 -9999.0 -9999.0 -9999.0 -9999.0 -9999.0 -9999.0 -9999.0 -9999.0 -9999.0 -9999.0 -9999.0 -9999.0 -9999.0 -9999.0 -9999.0 -9999.0 -9999.0 -9999.0 -9999.0 -9999.0 -9999.0 -9999.0 -9999.0 -9999.0 -9999.0 -9999.0 -9999.0 -9999.0 -9999.0 -9999.0 -9999.0 -9999.0 -9999.0 -9999.0 -9999.0 -9999.0 -9999.0 -9999.0 -9999.0 -9999.0 -9999.0 -9999.0