Borden_/Borden1m_014/output_maps/psiliqL0005N0018.asc
ncols         80
nrows         18
xllcorner     620200.000000
yllcorner     5168000.000000
cellsize      1.000000
NODATA_value  -9999.0
-9999.0 -9999.0 -9999.0 -9999.0 -9999.0 -9999.0 -9999.0 -9999.0 -9999.0 -9999.0 -9999.0 -9999.0 -9999.0 -9999.0 -9999.0 -9999.0 -9999.0 -9999.0 -9999.0 -9999.0 -9999.0 -9999.0 -9999.0 -9999.0 -9999.0 -9999.0 -9999.0 -9999.0 -9999.0 -9999.0 -9999.0 -9999.0 -9999.0 -9999.0 -9999.0 -9999.0 -9999.0 -9999.0 -9999.0 -9999.0 -9999.0 -9999.0 -9999.0 -9999.0 -9999.0 -9999.0 -9999.0 -9999.0 -9999.0 -9999.0 -9999.0 -9999.0 -9999.0 -9999.0 -9999.0 -9999.0 -9999.0 -9999.0 -9999.0 -9999.0 -9999.0 -9999.0 -9999.0 -9999.0 -9999.0 -9999.0 -9999.0 -9999.0 -9999.0 -9999.0 -9999.0 -9999.0 -9999.0 -9999.0 -9999.0 -9999.0 -9999.0 -9999.0 -9999.0 -9999.0
-9999.0 -9999.0 -9999.0 -9999.0 -9999.0 -9999.0 -9999.0 -9999.0 -9999.0 -9999.0 -9999.0 -9999.0 -9999.0 -9999.0 -9999.0 -9999.0 -9999.0 -9999.0 -9999.0 -9999.0 -9999.0 -9999.0 -9999.0 -9999.0 -9999.0 -9999.0 -9999.0 -9999.0 -9999.0 -9999.0 -9999.0 -9999.0 -9999.0 -9999.0 -9999.0 -9999.0 -9999.0 -9999.0 -9999.0 -9999.0 -9999.0 -9999.0 -9999.0 -9999.0 -9999.0 -9999.0 -9999.0 -9999.0 -9999.0 -9999.0 -9999.0 -9999.0 -9999.0 -9999.0 -9999.0 -9999.0 -9999.0 -9999.0 -9999.0 -9999.0 -9999.0 -9999.0 -9999.0 -9999.0 -9999.0 -9999.0 -9999.0 -9999.0 -9999.0 -9999.0 -9999.0 -9999.0 -9999.0 -9999.0 -9999.0 -9999.0 -9999.0 -9999.0 -9999.0 -9999.0
-9999.0 -9999.0 -9999.0 -9999.0 -9999.0 -9999.0 -9999.0 -9999.0 -9999.0 -9999.0 -9999.0 -9999.0 -9999.0 -9999.0 -9999.0 -9999.0 -9999.0 -9999.0 -9999.0 -9999.0 -765.098857 -761.601328 -784.248675 -817.258840 -844.931396 -843.929541 -810.867368 -772.220957 -736.468619 -726.646129 -744.967154 -744.023193 -749.800290 -750.175429 -747.479939 -742.087619 -740.084507 -728.929357 -720.855609 -721.242804 -727.377893 -733.172028 -735.237199 -731.784001 -726.881088 -734.795497 -721.574376 -706.431461 -699.687776 -704.102262 -730.124474 -744.937338 -751.916589 -765.515692 -740.524772 -727.621491 -704.406349 -699.714954 -699.933969 -726.110674 -755.229494 -9999.0 -9999.0 -9999.0 -9999.0 -9999.0 -9999.0 -9999.0 -9999.0 -9999.0 -9999.0 -9999.0 -9999.0 -9999.0 -9999.0 -9999.0 -9999.0 -9999.0 -9999.0 -9999.0
-9999.0 -9999.0 -9999.0 -9999.0 -9999.0 -9999.0 -9999.0 -9999.0 -9999.0 -9999.0 -9999.0 -9999.0 -9999.0 -9999.0 -848.491908 -859.111936 -862.796041 -855.928202 -824.237540 -796.399511 -784.891321 -793.066770 -792.950776 -816.496570 -836.660962 -823.441955 -796.306894 -767.442052 -735.519769 -716.081932 -729.475359 -732.760069 -722.731235 -695.380724 -681.026364 -684.155158 -706.187418 -684.027689 -668.180648 -658.619291 -659.825294 -668.758368 -653.679756 -637.156626 -643.908326 -661.649961 -658.828817 -647.340983 -631.685505 -646.290471 -710.347339 -730.185933 -731.612060 -736.705557 -748.579606 -754.583232 -729.417434 -727.822194 -735.067570 -751.312859 -781.456335 -823.509501 -840.190692 -802.358060 -758.895474 -700.984021 -9999.0 -9999.0 -9999.0 -9999.0 -9999.0 -9999.0 -9999.0 -9999.0 -9999.0 -9999.0 -9999.0 -9999.0 -9999.0 -9999.0
-9999.0 -9999.0 -9999.0 -9999.0 -9999.0 -9999.0 -9999.0 -9999.0 -9999.0 -898.946744 -896.851112 -890.763151 -890.743130 -876.403048 -879.929079 -873.934166 -867.379588 -843.688816 -815.374849 -782.641795 -755.049061 -766.318831 -766.884682 -754.910342 -748.083519 -736.432740 -717.794386 -679.320615 -638.234179 -596.165316 -625.407769 -627.580685 -607.808182 -551.430297 -502.649205 -489.507609 -512.200107 -510.673437 -479.643548 -445.752121 -447.418595 -450.112107 -416.432346 -396.486744 -383.946467 -412.792574 -440.023122 -444.109358 -405.799320 -477.468115 -553.307968 -615.188437 -615.369105 -646.634754 -687.655758 -709.477269 -711.979774 -688.279149 -702.285147 -737.987408 -772.644232 -779.559125 -794.883856 -778.594435 -756.198389 -709.057616 -670.497144 -640.979282 -639.687541 -656.604507 -9999.0 -9999.0 -9999.0 -9999.0 -9999.0 -9999.0 -9999.0 -9999.0 -9999.0 -9999.0
-9999.0 -9999.0 -9999.0 -9999.0 -9999.0 -9999.0 -966.758037 -960.467592 -943.769402 -942.536103 -920.580948 -915.806733 -897.202303 -880.202976 -862.316567 -847.560262 -818.655984 -788.930934 -749.939238 -708.015590 -677.275709 -682.514886 -673.679666 -639.306225 -591.607010 -553.051394 -526.332642 -481.936380 -368.417911 -270.477252 -226.533941 -201.246826 -145.975573 -120.005632 -82.928354 -42.453345 -86.801594 -99.685951 -89.785790 -65.205997 -18.752214 -16.516331 -10.626226 -3.078146 22.736465 15.530816 -60.063725 -78.367656 -80.833589 -85.025629 -113.185028 -152.216159 -295.275560 -397.415073 -503.977249 -571.624481 -579.446801 -565.231854 -597.249706 -649.615231 -690.736107 -699.492629 -712.310750 -725.731340 -719.646939 -699.600170 -675.011838 -662.402914 -673.509116 -692.611487 -714.275522 -742.102518 -739.805755 -713.990891 -9999.0 -9999.0 -9999.0 -9999.0 -9999.0 -9999.0
-9999.0 -9999.0 -9999.0 -9999.0 -1012.653399 -1001.178802 -1016.602940 -995.114244 -967.251584 -938.768611 -911.304072 -877.160577 -853.418902 -826.640618 -787.361792 -751.149611 -709.848134 -677.712538 -623.563730 -548.867975 -485.198263 -448.901068 -429.035165 -303.963840 -145.831899 -110.384294 -101.733559 -88.384882 -58.858789 33.992518 60.946070 53.109716 76.325940 115.774196 153.578452 187.597943 169.637325 146.513678 164.770991 172.600903 197.105459 198.009972 199.043002 199.366109 201.683770 202.972403 181.541601 134.224464 138.484873 117.020429 115.873792 54.197899 -29.622159 -60.236669 -74.439420 -99.764885 -139.984190 -190.714951 -348.238646 -440.000306 -526.131996 -558.133331 -592.445908 -617.376721 -647.039039 -644.660655 -639.863120 -657.774889 -686.001885 -716.104796 -729.230132 -746.444357 -755.756762 -725.262499 -707.462687 -675.676317 -9999.0 -9999.0 -9999.0 -9999.0
-9999.0 -9999.0 -1056.411394 -1018.384077 -969.125749 -965.472778 -965.080581 -963.660559 -940.697938 -894.568973 -820.026109 -771.106207 -728.277574 -701.309954 -643.349691 -552.183283 -463.123272 -394.673808 -249.204699 -135.238558 -98.311296 -75.324185 -26.700855 9.440560 48.662649 108.611962 115.359171 151.295221 176.840324 205.018827 229.882546 243.448554 251.964769 245.398466 246.547495 243.583660 242.398426 236.116402 220.323468 217.717034 224.051903 227.016153 230.639363 218.149004 214.545665 227.265231 228.891789 228.507811 231.572205 239.859379 251.166270 220.706827 167.309020 153.347952 152.491436 112.958153 57.835076 -14.561689 -45.740798 -73.835628 -116.214923 -149.987164 -303.250043 -416.174518 -492.361823 -530.629440 -577.270244 -615.185208 -657.111348 -699.463380 -720.485181 -736.991647 -737.495357 -736.030397 -719.250338 -703.088138 -686.985811 -678.961247 -9999.0 -9999.0
-9999.0 -1124.660027 -1079.424596 -969.957089 -903.564983 -863.715063 -825.057254 -797.262785 -776.522662 -767.984747 -663.131405 -545.019348 -442.160506 -404.592121 -283.006567 -128.271348 -31.070899 2.205387 21.972687 79.633913 111.338602 168.085017 193.778969 225.414443 250.863586 246.369186 244.054461 244.100934 235.759411 228.361847 218.129974 226.582690 224.320163 209.704869 197.787519 196.129331 191.926779 165.667365 140.776033 127.889455 114.236033 150.732515 143.685227 122.304031 120.746628 140.114692 154.152053 130.285629 135.850575 145.943543 188.496914 203.091396 218.499365 232.047843 252.648681 230.062868 198.094515 160.176229 142.915696 101.879521 47.619588 -8.446644 -60.590066 -102.704129 -144.459579 -311.703161 -436.959820 -508.714208 -574.275344 -609.847763 -637.726510 -687.821847 -709.321714 -705.636859 -713.896989 -715.453963 -708.056587 -701.346688 -9999.0 -9999.0
-9999.0 -1188.132313 -1075.059762 -917.041322 -782.373060 -726.405233 -601.145606 -511.007779 -484.131346 -512.071330 -352.633427 -37.457178 34.315439 38.248341 96.982270 169.068157 208.794493 231.708823 246.709196 240.842017 234.990257 239.176513 235.189632 225.940516 212.635440 205.049433 204.559049 203.278527 188.187532 166.832667 151.799909 151.136649 136.357527 104.830182 78.101673 65.029293 47.908548 -15.765509 -51.733497 -71.595935 -79.886537 -64.178048 -71.707884 -84.129682 -86.597731 -71.380958 -46.542514 -50.789817 -37.788651 -5.608228 41.850498 88.247603 106.992394 131.088154 154.940840 203.189440 221.869770 240.780230 247.533794 222.830949 188.495795 140.654366 111.561299 36.920308 -23.635474 -87.139909 -123.217424 -163.792121 -351.059938 -435.886445 -501.161239 -564.202622 -621.526149 -645.989209 -683.729541 -703.512778 -9999.0 -9999.0 -9999.0 -9999.0
-9999.0 -1225.579873 -1084.554312 -850.215202 -609.138609 -457.696534 -141.664852 -16.287231 73.255867 47.341881 132.074178 222.026011 235.801668 220.909434 198.096281 196.229066 206.748855 209.152900 204.857660 197.056050 190.785901 188.645289 186.835584 161.359971 160.474194 146.291878 135.081910 124.785480 65.658154 31.859206 1.764921 -20.356527 -50.996580 -105.573830 -125.312039 -146.620386 -290.107858 -317.806455 -346.532767 -400.751742 -427.301684 -444.855410 -421.801827 -426.440381 -427.895988 -414.326078 -379.337731 -348.667620 -243.220087 -145.275790 -117.994046 -89.608031 -66.110342 -21.352383 22.777230 93.693287 120.479784 140.721828 190.004178 224.658471 245.053761 238.241674 209.565453 174.445254 115.901249 38.428699 1.918165 -45.590504 -95.249612 -124.729334 -154.482722 -312.101705 -450.636366 -554.895572 -594.833432 -9999.0 -9999.0 -9999.0 -9999.0 -9999.0
-9999.0 -1345.537292 -1131.752552 -884.447465 -550.362304 -140.793806 -26.874228 155.516945 212.293275 140.593593 58.201958 109.451625 147.865763 149.054631 127.512037 121.048897 114.118343 113.549593 126.063037 103.529466 72.696056 47.410056 40.961249 18.888629 -13.822318 -35.615132 -48.009445 -61.775353 -93.065883 -119.494041 -184.115408 -268.752195 -415.632872 -505.960050 -558.501656 -607.348511 -659.252823 -660.725071 -645.717978 -662.631471 -683.924938 -702.469477 -678.144089 -664.417415 -654.473579 -663.991049 -656.186459 -623.711365 -576.776701 -534.207306 -477.261491 -400.081929 -305.296918 -149.183603 -124.770840 -95.998366 -67.272322 -20.606259 60.522872 138.347861 168.127684 199.592006 235.444421 253.984553 214.051283 174.873652 130.103614 100.177997 12.528716 -32.329517 -54.571480 -91.244405 -127.327261 -9999.0 -9999.0 -9999.0 -9999.0 -9999.0 -9999.0 -9999.0
-9999.0 -1437.931671 -1239.704934 -1072.957293 -796.639655 -567.667501 -358.553856 -134.980905 -41.996709 -101.663732 -105.113115 -91.209328 -73.267614 -59.321620 -74.780377 -93.947248 -107.118494 -103.720575 -101.757129 -114.181777 -128.012778 -135.593256 -138.440971 -163.298103 -248.141675 -296.925247 -324.229459 -370.636147 -430.810989 -501.265348 -592.227356 -655.354846 -713.962723 -747.983117 -776.100539 -807.004818 -845.368296 -834.040178 -819.012968 -823.849563 -836.575984 -841.986501 -813.304341 -796.517935 -787.086743 -801.558970 -784.365579 -759.362767 -720.064988 -682.005573 -638.465295 -588.377054 -537.640589 -505.812760 -484.804873 -441.807016 -370.248018 -203.389494 -114.969981 -46.418750 25.586701 90.503350 136.643958 171.544612 190.126746 205.684339 208.001275 179.813358 128.438786 43.922549 8.913757 -9999.0 -9999.0 -9999.0 -9999.0 -9999.0 -9999.0 -9999.0 -9999.0 -9999.0
-9999.0 -9999.0 -1460.957823 -1321.323715 -1189.555158 -1030.601077 -893.779664 -788.230608 -725.191681 -656.174731 -577.949025 -504.217248 -459.432525 -439.831760 -465.379325 -516.900028 -548.207939 -547.728144 -556.901967 -573.791294 -601.479673 -611.674653 -619.796623 -626.940484 -641.488721 -649.132121 -653.844907 -663.830672 -685.006558 -729.345205 -780.469851 -829.210200 -880.386246 -901.816760 -921.252165 -942.357718 -944.734177 -945.807464 -939.235770 -938.617245 -934.370324 -924.147281 -905.466893 -886.404925 -878.443323 -872.863702 -861.713857 -840.223931 -809.765322 -772.442403 -723.950177 -672.119878 -637.428303 -628.114423 -639.390589 -634.844336 -614.294740 -570.650952 -469.278906 -298.152885 -134.066201 -85.580444 -21.680439 33.183734 71.601368 89.481874 139.188841 165.368746 106.109612 107.579064 -9999.0 -9999.0 -9999.0 -9999.0 -9999.0 -9999.0 -9999.0 -9999.0 -9999.0 -9999.0
-9999.0 -9999.0 -9999.0 -9999.0 -1448.531483 -1312.298208 -1223.475350 -1170.849770 -1070.760479 -983.043977 -905.396436 -839.524224 -794.970389 -774.351965 -788.503966 -797.682859 -806.486995 -808.460918 -815.799325 -822.415214 -828.804471 -835.760093 -844.685601 -851.625964 -852.483108 -849.362664 -850.694062 -862.476784 -875.447930 -902.158018 -924.130012 -955.253007 -987.414210 -1012.673148 -1022.285845 -1028.226196 -1026.770101 -1031.756714 -1022.431326 -1018.951858 -1006.252961 -993.488448 -972.789795 -947.933397 -938.576577 -925.941587 -917.732672 -898.780633 -872.630667 -824.279676 -766.266420 -714.155121 -683.632361 -682.474365 -710.890015 -728.315761 -733.554681 -708.876824 -665.917434 -600.191755 -491.312612 -383.378870 -199.538094 -127.290822 -103.942327 -71.800080 -6.627751 75.632051 -9999.0 -9999.0 -9999.0 -9999.0 -9999.0 -9999.0 -9999.0 -9999.0 -9999.0 -9999.0 -9999.0 -9999.0
-9999.0 -9999.0 -9999.0 -9999.0 -9999.0 -9999.0 -1457.438111 -1385.222185 -1342.202731 -1254.345674 -1169.804015 -1097.026983 -1033.758174 -1015.830721 -1002.997229 -982.586452 -987.731732 -1002.867112 -1017.684702 -1001.665119 -993.765077 -997.048661 -1022.149336 -1022.664585 -1019.844365 -1010.443569 -1011.213232 -1015.448555 -1038.725944 -1029.207936 -1028.897785 -1047.542844 -1068.144099 -1077.680647 -1087.267688 -1075.956573 -1074.728052 -1086.650485 -1085.429308 -1062.324091 -1046.885504 -1037.304798 -1019.090495 -990.793805 -962.335718 -950.638293 -951.169237 -947.430285 -909.452486 -844.392768 -779.195323 -729.872528 -702.181694 -696.778387 -726.900441 -769.209490 -792.649025 -789.243755 -759.549360 -712.259182 -642.278674 -598.245392 -567.673555 -540.807521 -505.495991 -365.273682 -9999.0 -9999.0 -9999.0 -9999.0 -9999.0 -9999.0 -9999.0 -9999.0 -9999.0 -9999.0 -9999.0 -9999.0 -9999.0 -9999.0
-9999.0 -9999.0 -9999.0 -9999.0 -9999.0 -9999.0 -9999.0 -9999.0 -9999.0 -9999.0 -9999.0 -9999.0 -9999.0 -9999.0 -9999.0 -9999.0 -9999.0 -9999.0 -9999.0 -9999.0 -9999.0 -9999.0 -9999.0 -9999.0 -9999.0 -9999.0 -9999.0 -9999.0 -9999.0 -9999.0 -9999.0 -9999.0 -9999.0 -9999.0 -9999.0 -9999.0 -9999.0 -9999.0 -9999.0 -9999.0 -9999.0 -9999.0 -9999.0 -9999.0 -9999.0 -9999.0 -9999.0 -9999.0 -9999.0 -9999.0 -9999.0 -9999.0 -9999.0 -9999.0 -9999.0 -9999.0 -9999.0 -9999.0 -9999.0 -9999.0 -9999.0 -9999.0 -9999.0 -9999.0 -9999.0 -9999.0 -9999.0 -9999.0 -9999.0 -9999.0 -9999.0 -9999.0 -9999.0 -9999.0 -9999.0 -9999.0 -9999.0 -9999.0 -9999.0 -9999.0
-9999.0 -9999.0 -9999.0 -9999.0 -9999.0 -9999.0 -9999.0 -9999.0 -9999.0 -9999.0 -9999.0 -9999.0 -9999.0 -9999.0 -9999.0 -9999.0 -9999.0 -9999.0 -9999.0 -9999.0 -9999.0 -9999.0 -9999.0 -9999.0 -9999.0 -9999.0 -9999.0 -9999.0 -9999.0 -9999.0 -9999.0 -9999.0 -9999.0 -9999.0 -9999.0 -9999.0 -9999.0 -9999.0 -9999.0 -9999.0 -9999.0 -9999.0 -9999.0 -9999.0 -9999.0 -9999.0 -9999.0 -9999.0 -9999.0 -9999.0 -9999.0 -9999.0 -9999.0 -9999.0 -9999.0 -9999.0 -9999.0 -9999.0 -9999.0 -9999.0 -9999.0 -9999.0 -9999.0 -9999.0 -9999.0 -9999.0 -9999.0 -9999.0 -9999.0 -9999.0 -9999.0 -9999.0 -9999.0 -9999.0 -9999.0 -9999.0 -9999.0 -9999.0 -9999.0 -9999.0