Borden_/Borden1m_014/output_maps/psiliqL0024N0015.asc
ncols         80
nrows         18
xllcorner     620200.000000
yllcorner     5168000.000000
cellsize      1.000000
NODATA_value  -9999.0
-9999.0 -9999.0 -9999.0 -9999.0 -9999.0 -9999.0 -9999.0 -9999.0 -9999.0 -9999.0 -9999.0 -9999.0 -9999.0 -9999.0 -9999.0 -9999.0 -9999.0 -9999.0 -9999.0 -9999.0 -9999.0 -9999.0 -9999.0 -9999.0 -9999.0 -9999.0 -9999.0 -9999.0 -9999.0 -9999.0 -9999.0 -9999.0 -9999.0 -9999.0 -9999.0 -9999.0 -9999.0 -9999.0 -9999.0 -9999.0 -9999.0 -9999.0 -9999.0 -9999.0 -9999.0 -9999.0 -9999.0 -9999.0 -9999.0 -9999.0 -9999.0 -9999.0 -9999.0 -9999.0 -9999.0 -9999.0 -9999.0 -9999.0 -9999.0 -9999.0 -9999.0 -9999.0 -9999.0 -9999.0 -9999.0 -9999.0 -9999.0 -9999.0 -9999.0 -9999.0 -9999.0 -9999.0 -9999.0 -9999.0 -9999.0 -9999.0 -9999.0 -9999.0 -9999.0 -9999.0
-9999.0 -9999.0 -9999.0 -9999.0 -9999.0 -9999.0 -9999.0 -9999.0 -9999.0 -9999.0 -9999.0 -9999.0 -9999.0 -9999.0 -9999.0 -9999.0 -9999.0 -9999.0 -9999.0 -9999.0 -9999.0 -9999.0 -9999.0 -9999.0 -9999.0 -9999.0 -9999.0 -9999.0 -9999.0 -9999.0 -9999.0 -9999.0 -9999.0 -9999.0 -9999.0 -9999.0 -9999.0 -9999.0 -9999.0 -9999.0 -9999.0 -9999.0 -9999.0 -9999.0 -9999.0 -9999.0 -9999.0 -9999.0 -9999.0 -9999.0 -9999.0 -9999.0 -9999.0 -9999.0 -9999.0 -9999.0 -9999.0 -9999.0 -9999.0 -9999.0 -9999.0 -9999.0 -9999.0 -9999.0 -9999.0 -9999.0 -9999.0 -9999.0 -9999.0 -9999.0 -9999.0 -9999.0 -9999.0 -9999.0 -9999.0 -9999.0 -9999.0 -9999.0 -9999.0 -9999.0
-9999.0 -9999.0 -9999.0 -9999.0 -9999.0 -9999.0 -9999.0 -9999.0 -9999.0 -9999.0 -9999.0 -9999.0 -9999.0 -9999.0 -9999.0 -9999.0 -9999.0 -9999.0 -9999.0 -9999.0 2928.496599 2929.725310 2908.001997 2873.987941 2845.808705 2847.671819 2880.756478 2921.286790 2959.822495 2967.451404 2948.482185 2952.049699 2947.603191 2943.548657 2944.150998 2951.817991 2958.251627 2968.032024 2975.106873 2972.993961 2965.753047 2960.644293 2962.760080 2964.517815 2970.630992 2956.799470 2972.482994 2980.645855 2985.611003 2982.884634 2965.914749 2953.449525 2945.309868 2929.770295 2956.009151 2967.713981 2986.786757 2991.648160 2990.070189 2966.865043 2936.924815 -9999.0 -9999.0 -9999.0 -9999.0 -9999.0 -9999.0 -9999.0 -9999.0 -9999.0 -9999.0 -9999.0 -9999.0 -9999.0 -9999.0 -9999.0 -9999.0 -9999.0 -9999.0 -9999.0
-9999.0 -9999.0 -9999.0 -9999.0 -9999.0 -9999.0 -9999.0 -9999.0 -9999.0 -9999.0 -9999.0 -9999.0 -9999.0 -9999.0 2838.254847 2829.331714 2826.393857 2833.737666 2866.226395 2896.322333 2907.972926 2900.443791 2900.190462 2875.538816 2852.938332 2865.604121 2894.787605 2924.879858 2957.947960 2975.331878 2964.066843 2961.426990 2968.682063 2981.373755 2989.600029 2985.873092 2976.599280 2991.652936 3004.828995 3009.454621 3007.363494 2997.508726 3006.625685 3020.688264 3013.661411 2998.350366 3008.714972 3023.474408 3034.767525 3026.383821 2976.246622 2963.335619 2960.189648 2956.028001 2943.132959 2939.275137 2967.348138 2967.004374 2959.815668 2942.819632 2909.892937 2865.029585 2846.438132 2886.976909 2930.872229 2985.006816 -9999.0 -9999.0 -9999.0 -9999.0 -9999.0 -9999.0 -9999.0 -9999.0 -9999.0 -9999.0 -9999.0 -9999.0 -9999.0 -9999.0
-9999.0 -9999.0 -9999.0 -9999.0 -9999.0 -9999.0 -9999.0 -9999.0 -9999.0 2800.114301 2786.697660 2793.485650 2795.655338 2810.676919 2807.408554 2814.144393 2818.370133 2845.254699 2874.615128 2907.982762 2934.734207 2925.408634 2923.888067 2928.348286 2923.828907 2931.983209 2952.150725 2981.226144 3012.611484 3047.705820 3014.294178 3009.279265 3026.493048 3067.936240 3091.811051 3094.095583 3075.449286 3090.740501 3114.025743 3130.079307 3126.562191 3120.749321 3146.174732 3160.994340 3155.899956 3134.906875 3132.557996 3139.452045 3168.443167 3118.476740 3053.648901 3014.708697 3029.887055 3008.625967 2982.129222 2978.033644 2978.520953 2992.988067 2981.602876 2953.241883 2920.161691 2908.921376 2892.364794 2913.133107 2936.584670 2980.358824 3020.516292 3050.615922 3050.551788 3033.593956 -9999.0 -9999.0 -9999.0 -9999.0 -9999.0 -9999.0 -9999.0 -9999.0 -9999.0 -9999.0
-9999.0 -9999.0 -9999.0 -9999.0 -9999.0 -9999.0 2719.739949 2731.522052 2753.977424 2758.144368 2786.473957 2793.591059 2786.047596 2803.065924 2824.359072 2837.246393 2862.447244 2892.200126 2928.115335 2965.894120 2986.930711 2982.576330 2980.391381 3000.217991 3027.567994 3046.911878 3068.880624 3105.730383 3176.274225 3212.180864 3206.042478 3206.913614 3215.011559 3264.715056 3328.266634 3339.561124 3319.025364 3305.739022 3328.598071 3365.383193 3364.106964 3362.957386 3375.326309 3385.819945 3412.502894 3402.152265 3366.420394 3360.257908 3366.024387 3344.666578 3277.615101 3220.534669 3200.844245 3155.965942 3074.285847 3031.029687 3053.161743 3080.483801 3058.833850 3010.029933 2984.416143 2978.680020 2967.442446 2960.054466 2972.081129 2991.127517 3015.643968 3029.848104 3018.472438 2998.158565 2978.346547 2950.215594 2952.791012 2977.821530 -9999.0 -9999.0 -9999.0 -9999.0 -9999.0 -9999.0
-9999.0 -9999.0 -9999.0 -9999.0 2668.016780 2682.709463 2670.377278 2698.874955 2733.649792 2769.937718 2799.950243 2801.126943 2824.012695 2850.557057 2883.836387 2906.865852 2939.521385 2969.119730 3008.553913 3069.276033 3113.201860 3126.948709 3135.166996 3185.022531 3240.857332 3287.824706 3306.165135 3331.470044 3375.805808 3431.753622 3454.080360 3457.113774 3473.953731 3515.907856 3570.691868 3605.359119 3587.952738 3579.179934 3588.619732 3602.354410 3624.479476 3624.568744 3625.668179 3629.495509 3636.728649 3635.249845 3609.311500 3576.200214 3563.382405 3553.595944 3517.109369 3446.076875 3415.349966 3387.239035 3346.967823 3293.969169 3245.176509 3244.930703 3191.319556 3138.251575 3088.019261 3079.325917 3058.852979 3042.846857 3025.084298 3036.950915 3048.683345 3033.825132 3004.441305 2977.828575 2964.709855 2947.047728 2935.864664 2966.898284 2983.943825 3013.721151 -9999.0 -9999.0 -9999.0 -9999.0
-9999.0 -9999.0 2604.980851 2652.652835 2712.464333 2722.162758 2720.292772 2727.416400 2758.058582 2811.611686 2837.328067 2874.780133 2904.578812 2934.402810 2977.525712 3040.084717 3099.823598 3141.547869 3197.431259 3265.524086 3323.971017 3350.762366 3359.792853 3394.698057 3448.424240 3515.855622 3543.262613 3569.223909 3600.247580 3635.761891 3630.260110 3641.348077 3653.195937 3664.576872 3678.265837 3684.710445 3680.078855 3675.529234 3657.107675 3652.156479 3658.686313 3666.257189 3665.593939 3651.102495 3647.143732 3661.949967 3667.872070 3665.999256 3663.545934 3668.731568 3665.350092 3618.451578 3598.284897 3583.471996 3572.486491 3527.006070 3461.231316 3428.409114 3407.764575 3367.803949 3295.160711 3256.997015 3217.561334 3182.628687 3145.507642 3131.455425 3098.650833 3066.520839 3027.922933 2987.386644 2971.070700 2956.302475 2955.684170 2956.202603 2973.760883 2988.703069 3004.724753 3012.832516 -9999.0 -9999.0
-9999.0 2495.110624 2567.344029 2692.284711 2773.947236 2792.556386 2803.657514 2808.764911 2833.503994 2863.957391 2951.480457 2997.566590 3079.378576 3114.911203 3155.250646 3243.628045 3335.967167 3378.133937 3415.802266 3477.434642 3541.521887 3587.830266 3613.759521 3596.991804 3635.208877 3662.109335 3669.299459 3675.632725 3674.957412 3666.513929 3659.740413 3666.514587 3663.685898 3644.778196 3628.962171 3627.310353 3623.969246 3600.892397 3573.559088 3558.374604 3560.042662 3584.700251 3571.796859 3550.541056 3546.172928 3567.648355 3588.554276 3578.025314 3564.969764 3581.456174 3615.696751 3639.824158 3642.176847 3660.368810 3681.403892 3652.902398 3630.658623 3587.580866 3570.940821 3545.750912 3489.704106 3435.053555 3387.432896 3339.121378 3286.803656 3237.442892 3190.011506 3143.531111 3090.285371 3057.653920 3033.336656 2990.316936 2979.405862 2983.546028 2979.634651 2978.011763 2984.032186 2990.680896 -9999.0 -9999.0
-9999.0 2401.375122 2541.931383 2723.650048 2850.208890 2891.991916 2958.018450 3009.589220 3023.115853 2979.010621 3069.610229 3282.715078 3398.965483 3414.860348 3488.290392 3580.669163 3567.921074 3598.456242 3620.837040 3643.721585 3662.175556 3675.463093 3673.475061 3668.013509 3651.727415 3643.769466 3642.943879 3640.905751 3623.744487 3605.001955 3588.359781 3585.435654 3567.932223 3519.821632 3487.123291 3470.234980 3452.391483 3438.648400 3411.092029 3385.459778 3369.675039 3380.974965 3378.412236 3364.497722 3360.065124 3378.464292 3409.241637 3406.556314 3417.197116 3436.549201 3471.858754 3509.299908 3528.359534 3557.085502 3592.356878 3639.258645 3648.824463 3671.036773 3674.235603 3662.619076 3616.939699 3566.098251 3537.028312 3482.315224 3422.932665 3361.465531 3313.145787 3268.781193 3214.148092 3180.014313 3141.108909 3087.853467 3044.284431 3035.430196 3001.944693 2988.419787 -9999.0 -9999.0 -9999.0 -9999.0
-9999.0 2302.853000 2484.619505 2729.441947 2998.801773 3073.000727 3270.483297 3382.916141 3421.663654 3487.099702 3381.708263 3576.143673 3625.059819 3619.058366 3631.178188 3633.775794 3647.616960 3647.196910 3642.138147 3631.283483 3621.917494 3617.517280 3616.387359 3608.517092 3595.991555 3581.487811 3569.731503 3558.562543 3522.490571 3491.046491 3453.034044 3440.910836 3398.118409 3307.533035 3269.022801 3231.731873 3172.627415 3174.546692 3180.502445 3157.417812 3138.305672 3111.657132 3139.964596 3149.553953 3153.291327 3149.767375 3160.114098 3186.379583 3232.686792 3266.317409 3304.876422 3352.135456 3381.909020 3420.631192 3460.443056 3512.247878 3542.811772 3571.369266 3619.316030 3656.092359 3678.610714 3665.156640 3645.734982 3602.151914 3542.446899 3493.467855 3465.084878 3415.424285 3372.347305 3328.900075 3282.742556 3230.287596 3169.519734 3114.597704 3080.526254 -9999.0 -9999.0 -9999.0 -9999.0 -9999.0
-9999.0 2086.644186 2352.003418 2624.260249 2883.964877 3216.657583 3377.631934 3473.324907 3535.012370 3513.581715 3532.818331 3540.191086 3576.771270 3583.380191 3561.875497 3548.593103 3531.764404 3530.676203 3543.669256 3516.725267 3486.994448 3473.938194 3474.779263 3464.077665 3440.600020 3425.727323 3416.423737 3398.396670 3355.710901 3306.541636 3224.202170 3191.758701 3115.913561 3075.919327 3039.499586 2993.418243 2957.099023 2962.123405 2978.459643 2976.726576 2956.247693 2939.308051 2968.247629 2980.782970 2993.626484 2977.992699 2984.615826 3018.481539 3064.365975 3104.064729 3147.395571 3193.989905 3234.926548 3274.015909 3295.495915 3335.295984 3376.775771 3417.798087 3487.048213 3563.938726 3598.878654 3632.859027 3662.424480 3684.005627 3641.576986 3614.703148 3591.480695 3568.639241 3523.135630 3478.176831 3437.677585 3374.184702 3314.730784 -9999.0 -9999.0 -9999.0 -9999.0 -9999.0 -9999.0 -9999.0
-9999.0 1972.321852 2170.350836 2369.460332 2629.269756 2830.801640 3040.613183 3130.780802 3199.471454 3263.393412 3313.203976 3349.283449 3374.949757 3396.039849 3373.331643 3328.536008 3296.955939 3301.754527 3293.698105 3272.511521 3244.971529 3232.131871 3229.884700 3225.151586 3203.969235 3193.647011 3186.942871 3169.943272 3144.439899 3092.718773 3021.769739 2958.396588 2904.889453 2884.273168 2861.261523 2834.175478 2806.963498 2820.211120 2833.016752 2833.096103 2826.370611 2826.337635 2855.377194 2874.741775 2884.224535 2873.166688 2891.279526 2914.580004 2951.692253 2984.603526 3028.628112 3077.991688 3125.706129 3145.882586 3148.580972 3160.922466 3187.913630 3230.990093 3306.816301 3391.888229 3467.550740 3512.151091 3562.245977 3601.473209 3628.747576 3655.127211 3676.332167 3668.484626 3643.302439 3610.434044 3552.779950 -9999.0 -9999.0 -9999.0 -9999.0 -9999.0 -9999.0 -9999.0 -9999.0 -9999.0
-9999.0 -9999.0 1943.739586 2101.213377 2206.694804 2374.724833 2523.155819 2636.801607 2744.121356 2819.600605 2938.287720 3020.344297 3065.317617 3080.418838 3066.316696 3037.241883 3019.504281 3019.220140 3007.925840 3001.224229 2986.455703 2981.257593 2978.736235 2971.577683 2967.070962 2966.243832 2964.159924 2956.449142 2939.794195 2898.539246 2860.811119 2816.742024 2817.618908 2792.886999 2771.570393 2751.523999 2752.929810 2746.720642 2751.264222 2753.789347 2763.054170 2777.142310 2796.810194 2789.197246 2798.671790 2808.505827 2819.375683 2840.957008 2870.817319 2910.548380 2961.586669 3010.913302 3046.112276 3052.687649 3034.911071 3030.256004 3038.852358 3068.071007 3131.827020 3199.918314 3288.024380 3352.434600 3418.718895 3473.845010 3499.988085 3536.349941 3605.331921 3653.266623 3694.190982 3671.875279 -9999.0 -9999.0 -9999.0 -9999.0 -9999.0 -9999.0 -9999.0 -9999.0 -9999.0 -9999.0
-9999.0 -9999.0 -9999.0 -9999.0 1963.609600 2113.342035 2212.802929 2295.732501 2432.109821 2564.792359 2674.870426 2764.054345 2834.394000 2794.225218 2794.161245 2809.173241 2807.675244 2798.903151 2788.172953 2792.198168 2796.326236 2790.464014 2836.566528 2828.098799 2829.876119 2836.213689 2833.647901 2820.274994 2801.500685 2784.649988 2768.842779 2736.112924 2702.794995 2673.838124 2660.521714 2655.984868 2655.156823 2646.758658 2654.778588 2663.414241 2679.312926 2694.567158 2718.174333 2747.317319 2762.261061 2777.636870 2787.377078 2807.405517 2809.273968 2860.390036 2921.802570 2977.787326 3007.245319 3007.341441 2983.884487 2962.794482 2951.355697 2969.880781 2991.898996 3043.142643 3131.957722 3192.815445 3238.558230 3277.676845 3313.833063 3377.770001 3470.488609 3550.777664 -9999.0 -9999.0 -9999.0 -9999.0 -9999.0 -9999.0 -9999.0 -9999.0 -9999.0 -9999.0 -9999.0 -9999.0
-9999.0 -9999.0 -9999.0 -9999.0 -9999.0 -9999.0 1940.081861 2046.850718 2118.225239 2272.031182 2418.063734 2527.795110 2613.224710 2650.105693 2685.192403 2716.669327 2717.600819 2697.376051 2674.828942 2694.404573 2710.519401 2701.692136 2668.153887 2667.702562 2673.223957 2680.401208 2677.554772 2671.392136 2646.473950 2661.893887 2665.007975 2641.604409 2615.672178 2602.147485 2590.103049 2599.373439 2598.958301 2584.240919 2583.137376 2610.833445 2631.860747 2644.852802 2666.080320 2699.416850 2732.249636 2748.446561 2750.213418 2756.136182 2794.209111 2837.535990 2907.982786 2962.500475 2989.680746 2994.126369 2967.802979 2923.449586 2897.893828 2897.652128 2922.939616 2963.558650 3015.709387 3051.928021 3063.708811 3065.645539 3078.338316 3175.369048 -9999.0 -9999.0 -9999.0 -9999.0 -9999.0 -9999.0 -9999.0 -9999.0 -9999.0 -9999.0 -9999.0 -9999.0 -9999.0 -9999.0
-9999.0 -9999.0 -9999.0 -9999.0 -9999.0 -9999.0 -9999.0 -9999.0 -9999.0 -9999.0 -9999.0 -9999.0 -9999.0 -9999.0 -9999.0 -9999.0 -9999.0 -9999.0 -9999.0 -9999.0 -9999.0 -9999.0 -9999.0 -9999.0 -9999.0 -9999.0 -9999.0 -9999.0 -9999.0 -9999.0 -9999.0 -9999.0 -9999.0 -9999.0 -9999.0 -9999.0 -9999.0 -9999.0 -9999.0 -9999.0 -9999.0 -9999.0 -9999.0 -9999.0 -9999.0 -9999.0 -9999.0 -9999.0 -9999.0 -9999.0 -9999.0 -9999.0 -9999.0 -9999.0 -9999.0 -9999.0 -9999.0 -9999.0 -9999.0 -9999.0 -9999.0 -9999.0 -9999.0 -9999.0 -9999.0 -9999.0 -9999.0 -9999.0 -9999.0 -9999.0 -9999.0 -9999.0 -9999.0 -9999.0 -9999.0 -9999.0 -9999.0 -9999.0 -9999.0 -9999.0
-9999.0 -9999.0 -9999.0 -9999.0 -9999.0 -9999.0 -9999.0 -9999.0 -9999.0 -9999.0 -9999.0 -9999.0 -9999.0 -9999.0 -9999.0 -9999.0 -9999.0 -9999.0 -9999.0 -9999.0 -9999.0 -9999.0 -9999.0 -9999.0 -9999.0 -9999.0 -9999.0 -9999.0 -9999.0 -9999.0 -9999.0 -9999.0 -9999.0 -9999.0 -9999.0 -9999.0 -9999.0 -9999.0 -9999.0 -9999.0 -9999.0 -9999.0 -9999.0 -9999.0 -9999.0 -9999.0 -9999.0 -9999.0 -9999.0 -9999.0 -9999.0 -9999.0 -9999.0 -9999.0 -9999.0 -9999.0 -9999.0 -9999.0 -9999.0 -9999.0 -9999.0 -9999.0 -9999.0 -9999.0 -9999.0 -9999.0 -9999.0 -9999.0 -9999.0 -9999.0 -9999.0 -9999.0 -9999.0 -9999.0 -9999.0 -9999.0 -9999.0 -9999.0 -9999.0 -9999.0