Borden_/Borden1m_014/output_maps/psiliqL0006N0021.asc
ncols         80
nrows         18
xllcorner     620200.000000
yllcorner     5168000.000000
cellsize      1.000000
NODATA_value  -9999.0
-9999.0 -9999.0 -9999.0 -9999.0 -9999.0 -9999.0 -9999.0 -9999.0 -9999.0 -9999.0 -9999.0 -9999.0 -9999.0 -9999.0 -9999.0 -9999.0 -9999.0 -9999.0 -9999.0 -9999.0 -9999.0 -9999.0 -9999.0 -9999.0 -9999.0 -9999.0 -9999.0 -9999.0 -9999.0 -9999.0 -9999.0 -9999.0 -9999.0 -9999.0 -9999.0 -9999.0 -9999.0 -9999.0 -9999.0 -9999.0 -9999.0 -9999.0 -9999.0 -9999.0 -9999.0 -9999.0 -9999.0 -9999.0 -9999.0 -9999.0 -9999.0 -9999.0 -9999.0 -9999.0 -9999.0 -9999.0 -9999.0 -9999.0 -9999.0 -9999.0 -9999.0 -9999.0 -9999.0 -9999.0 -9999.0 -9999.0 -9999.0 -9999.0 -9999.0 -9999.0 -9999.0 -9999.0 -9999.0 -9999.0 -9999.0 -9999.0 -9999.0 -9999.0 -9999.0 -9999.0
-9999.0 -9999.0 -9999.0 -9999.0 -9999.0 -9999.0 -9999.0 -9999.0 -9999.0 -9999.0 -9999.0 -9999.0 -9999.0 -9999.0 -9999.0 -9999.0 -9999.0 -9999.0 -9999.0 -9999.0 -9999.0 -9999.0 -9999.0 -9999.0 -9999.0 -9999.0 -9999.0 -9999.0 -9999.0 -9999.0 -9999.0 -9999.0 -9999.0 -9999.0 -9999.0 -9999.0 -9999.0 -9999.0 -9999.0 -9999.0 -9999.0 -9999.0 -9999.0 -9999.0 -9999.0 -9999.0 -9999.0 -9999.0 -9999.0 -9999.0 -9999.0 -9999.0 -9999.0 -9999.0 -9999.0 -9999.0 -9999.0 -9999.0 -9999.0 -9999.0 -9999.0 -9999.0 -9999.0 -9999.0 -9999.0 -9999.0 -9999.0 -9999.0 -9999.0 -9999.0 -9999.0 -9999.0 -9999.0 -9999.0 -9999.0 -9999.0 -9999.0 -9999.0 -9999.0 -9999.0
-9999.0 -9999.0 -9999.0 -9999.0 -9999.0 -9999.0 -9999.0 -9999.0 -9999.0 -9999.0 -9999.0 -9999.0 -9999.0 -9999.0 -9999.0 -9999.0 -9999.0 -9999.0 -9999.0 -9999.0 -648.648035 -645.569698 -668.650295 -702.851332 -731.505745 -730.141918 -695.793148 -655.551035 -618.629768 -608.380007 -626.707097 -625.902995 -631.473555 -631.593566 -628.644205 -623.072968 -620.924708 -609.396346 -600.978759 -601.248495 -607.487421 -613.423793 -615.235886 -611.617990 -606.724131 -614.889851 -601.439786 -585.939767 -579.087169 -583.956336 -610.982226 -626.511196 -633.977764 -647.640967 -622.760412 -609.541290 -586.047342 -581.228925 -581.841373 -608.449282 -638.169253 -9999.0 -9999.0 -9999.0 -9999.0 -9999.0 -9999.0 -9999.0 -9999.0 -9999.0 -9999.0 -9999.0 -9999.0 -9999.0 -9999.0 -9999.0 -9999.0 -9999.0 -9999.0 -9999.0
-9999.0 -9999.0 -9999.0 -9999.0 -9999.0 -9999.0 -9999.0 -9999.0 -9999.0 -9999.0 -9999.0 -9999.0 -9999.0 -9999.0 -737.275569 -747.877037 -751.394915 -743.372466 -710.255796 -681.000587 -668.526558 -676.528685 -677.070718 -700.984252 -721.406744 -707.967227 -679.668097 -649.289823 -616.123963 -596.071432 -609.479278 -612.676317 -602.220334 -574.003279 -558.719396 -561.519234 -583.515842 -560.951201 -544.349458 -534.345955 -535.513102 -544.446563 -529.060898 -512.166357 -518.913862 -537.061450 -534.166401 -522.363823 -506.722389 -522.533495 -588.445145 -609.712427 -611.797744 -617.554792 -629.831920 -635.835941 -610.701350 -608.882845 -616.431616 -633.611885 -664.984117 -708.357341 -725.435260 -686.826083 -641.892816 -583.353949 -9999.0 -9999.0 -9999.0 -9999.0 -9999.0 -9999.0 -9999.0 -9999.0 -9999.0 -9999.0 -9999.0 -9999.0 -9999.0 -9999.0
-9999.0 -9999.0 -9999.0 -9999.0 -9999.0 -9999.0 -9999.0 -9999.0 -9999.0 -792.516461 -789.537020 -782.964620 -781.849655 -766.815591 -768.776611 -762.485787 -754.929098 -730.012254 -699.918036 -665.736717 -637.521948 -648.390821 -648.792036 -636.766250 -629.570021 -616.996060 -597.006785 -556.843998 -513.651516 -470.076470 -499.155997 -500.917051 -478.949030 -419.330518 -369.745615 -355.855463 -378.933957 -376.391906 -344.914536 -310.799004 -310.516146 -312.486431 -276.337577 -254.273359 -242.109471 -273.362980 -303.775416 -307.783197 -269.837358 -342.799155 -421.584354 -486.774534 -488.930059 -522.143302 -564.936233 -588.046778 -590.791951 -567.569912 -582.209477 -618.929795 -654.626124 -662.850836 -678.423901 -661.812101 -638.435935 -590.635323 -551.633515 -522.258978 -521.153009 -537.992046 -9999.0 -9999.0 -9999.0 -9999.0 -9999.0 -9999.0 -9999.0 -9999.0 -9999.0 -9999.0
-9999.0 -9999.0 -9999.0 -9999.0 -9999.0 -9999.0 -870.017367 -861.864289 -842.894580 -837.531537 -814.257206 -807.277314 -787.551416 -768.979286 -749.709105 -733.500146 -703.422199 -672.181427 -631.587549 -587.873331 -555.574478 -560.022267 -550.296585 -513.944772 -463.258557 -422.284310 -393.478646 -346.128344 -226.117500 -144.357646 -115.522991 -99.361297 -75.243174 -42.400192 8.708673 54.841502 3.949626 -14.385260 -0.687743 34.622759 85.577243 89.977767 97.260205 105.466942 131.075821 120.956097 39.109550 15.674236 10.515881 2.816404 -35.585402 -83.171260 -164.120900 -257.409368 -370.488713 -440.651960 -448.557922 -435.824364 -470.733120 -525.790763 -569.060883 -579.159354 -592.936316 -606.553236 -600.539209 -580.170517 -555.554019 -543.149458 -554.500024 -574.057850 -596.478011 -624.571980 -622.420268 -596.547958 -9999.0 -9999.0 -9999.0 -9999.0 -9999.0 -9999.0
-9999.0 -9999.0 -9999.0 -9999.0 -919.055462 -907.239101 -918.959353 -896.500297 -865.523970 -833.536866 -801.987459 -765.652225 -739.829068 -711.496517 -670.687699 -632.694940 -589.431470 -555.026511 -497.394298 -417.792408 -351.512976 -313.496275 -287.067570 -168.247077 -72.715619 -31.010069 -18.603066 1.432704 44.301899 141.737186 160.446321 181.072106 197.022702 226.449385 262.944823 298.933169 279.448829 269.629165 274.666968 283.654892 310.248128 311.792864 313.238014 313.790264 316.047727 316.380074 292.586793 261.583993 249.758047 242.529923 220.562004 160.252163 78.402100 38.829704 15.753896 -17.745196 -69.042217 -101.940437 -206.182786 -302.675668 -392.099337 -426.906742 -465.094289 -492.960789 -524.355384 -523.062175 -519.145744 -537.631617 -566.598448 -597.305828 -611.208714 -628.932631 -638.113157 -607.732550 -589.525090 -557.941316 -9999.0 -9999.0 -9999.0 -9999.0
-9999.0 -9999.0 -976.045284 -926.117553 -871.326191 -863.443225 -861.340274 -857.414933 -832.007521 -783.229490 -705.668224 -653.726436 -608.968271 -579.943492 -518.745520 -422.799850 -328.367226 -250.357859 -135.938155 -58.219687 -11.379061 21.834143 78.375377 121.414847 168.059217 220.160606 239.083745 263.062912 288.897508 319.403676 343.240606 359.602898 364.777805 361.353134 360.882189 359.893059 356.806785 351.321528 334.449037 332.031176 339.576936 342.166382 345.450424 333.218439 329.429797 341.507733 343.589882 343.871601 345.217031 354.234490 363.421203 333.276085 279.510797 265.008874 257.895823 223.473043 164.425253 90.129001 56.484832 18.573662 -41.388033 -82.756016 -170.799785 -274.016485 -356.335272 -401.155081 -451.926694 -492.520269 -536.239917 -579.626329 -601.496486 -618.724471 -619.777811 -618.032515 -601.292263 -584.973064 -569.077115 -561.015030 -9999.0 -9999.0
-9999.0 -1072.971361 -1000.603285 -873.314964 -795.909294 -752.251243 -711.410584 -682.188168 -660.165144 -649.236030 -540.460284 -418.938563 -309.878305 -262.979849 -156.897834 -43.653545 71.934856 113.172663 144.823744 187.381401 237.972198 279.054031 306.905030 338.690029 363.268172 361.563202 359.482398 358.852525 351.290943 344.062946 334.449402 341.054703 340.315475 324.635906 312.267843 311.095662 306.108462 279.323344 252.087138 239.069623 243.580193 264.065692 254.011160 234.514429 230.800593 249.358101 265.981263 257.874879 234.866663 264.674087 297.396976 316.743804 332.366759 346.209721 365.779793 344.621186 312.140028 272.821529 252.808542 228.443369 149.064057 87.685030 33.414972 -22.616285 -74.704092 -177.113048 -295.189768 -375.424200 -447.470943 -486.528136 -516.718733 -567.911032 -590.171209 -587.216582 -595.592627 -597.281018 -589.971921 -583.238753 -9999.0 -9999.0
-9999.0 -1141.253156 -997.887240 -812.595516 -668.323575 -607.850552 -480.512255 -387.074852 -357.010577 -383.131518 -215.076988 62.310999 134.278985 144.722326 205.957448 278.246566 318.928332 344.204936 359.169051 353.853512 349.935384 353.136868 349.725115 342.269029 328.833807 320.734047 319.992780 317.692246 299.058613 280.935745 264.362649 249.136389 247.292909 213.942049 186.237248 173.541803 156.437402 98.419688 54.028886 26.042211 14.166722 31.541168 22.817372 7.385671 4.093299 23.883112 55.410687 52.581912 63.248061 91.263254 134.669361 195.377758 217.165355 243.437078 275.423021 317.570795 336.282995 355.738353 360.923862 337.535759 294.836431 250.040622 219.789581 137.490073 68.464339 -4.336564 -52.103460 -97.137309 -212.760799 -299.736731 -369.425537 -438.756679 -499.746288 -526.520402 -564.682775 -585.286265 -9999.0 -9999.0 -9999.0 -9999.0
-9999.0 -1202.088684 -1009.832171 -743.269300 -491.802144 -331.749792 -76.092450 45.280470 162.582788 161.911088 237.933052 330.027361 344.244109 331.617421 310.533992 309.201127 320.522977 323.374563 319.551495 310.493606 302.235057 294.082711 293.575708 286.143734 273.894753 258.417157 246.291385 233.321732 169.764687 135.674367 106.034793 85.255318 49.288021 -22.938730 -50.526812 -74.410736 -156.349299 -180.653140 -207.732417 -262.606228 -291.971789 -311.073295 -287.341217 -290.635558 -291.379602 -277.358486 -240.457966 -206.610886 -132.170236 -76.923990 -44.041017 -3.180731 28.102469 74.244771 123.903599 201.384499 230.816724 258.149213 297.822217 338.400599 359.263318 352.024858 323.711096 285.519744 223.868449 138.030846 94.310534 38.175350 -19.605260 -60.295361 -95.662561 -185.533755 -315.085146 -434.082697 -476.196294 -9999.0 -9999.0 -9999.0 -9999.0 -9999.0
-9999.0 -1347.465490 -1079.824765 -781.761305 -439.582062 -70.868202 28.468665 238.902349 307.808718 236.198428 170.090384 218.516023 250.604100 256.563459 235.442005 228.717060 221.964006 221.717355 234.534846 208.676108 162.117385 140.417697 137.161524 122.186303 94.178182 72.019003 56.337262 36.138582 -7.992052 -42.530831 -101.961337 -150.641580 -277.707323 -372.361145 -428.014640 -481.226044 -536.062088 -538.166239 -523.036917 -540.391963 -562.482158 -581.288165 -556.324599 -541.879112 -531.585982 -541.102595 -532.540678 -498.354797 -448.369136 -401.118973 -339.250070 -256.450857 -169.289689 -80.794104 -52.338152 -11.653324 28.013974 78.349063 151.868425 248.646708 278.334843 313.544612 350.244110 367.405915 326.504143 283.517425 238.277938 198.354086 100.603448 43.885891 15.340718 -19.639183 -64.387775 -9999.0 -9999.0 -9999.0 -9999.0 -9999.0 -9999.0 -9999.0
-9999.0 -1484.158742 -1247.209960 -992.761306 -691.473518 -454.267476 -229.785529 -70.716139 42.052206 -19.352082 -24.697757 -4.776673 17.698716 35.865100 16.765888 -9.483402 -27.561766 -23.531343 -22.167942 -39.106897 -59.764799 -70.318214 -72.206230 -85.229351 -133.452669 -165.136806 -187.750234 -231.605916 -294.840328 -368.638155 -464.317249 -532.620019 -594.045340 -629.931096 -659.685987 -692.172610 -731.096105 -720.234159 -705.054504 -709.936308 -722.806254 -727.888036 -698.622626 -680.917703 -671.230794 -685.192251 -667.628071 -641.517867 -600.892155 -561.080495 -515.188055 -462.214363 -407.981025 -371.219352 -347.153490 -301.556938 -224.859276 -112.341715 -34.025287 53.330064 128.012853 198.685815 249.103180 281.399634 301.148216 318.961354 317.398793 281.142012 209.960761 127.380547 85.023143 -9999.0 -9999.0 -9999.0 -9999.0 -9999.0 -9999.0 -9999.0 -9999.0 -9999.0
-9999.0 -9999.0 -1485.284928 -1289.594583 -1121.611011 -935.833647 -788.715671 -687.478728 -622.977264 -543.224707 -454.321776 -376.670918 -330.558919 -310.302582 -335.364921 -386.177772 -417.570390 -417.582665 -427.606404 -445.292434 -474.589047 -486.034683 -495.410687 -503.445773 -518.498572 -526.551742 -531.762474 -542.594302 -565.105760 -611.391382 -664.552994 -715.683023 -769.175795 -793.288630 -814.711134 -837.329567 -841.441359 -842.376321 -835.178282 -834.142992 -829.483461 -818.306489 -797.665088 -776.982196 -768.017032 -761.915050 -749.795151 -726.876359 -694.668088 -655.377351 -605.080394 -551.693942 -515.667039 -505.322343 -515.801452 -510.189984 -487.568184 -439.135044 -329.592053 -169.508598 -57.792763 3.473662 76.408390 131.923837 171.403945 197.722223 244.713050 260.399016 164.265637 176.025245 -9999.0 -9999.0 -9999.0 -9999.0 -9999.0 -9999.0 -9999.0 -9999.0 -9999.0 -9999.0
-9999.0 -9999.0 -9999.0 -9999.0 -1432.367397 -1274.123750 -1181.967243 -1101.164364 -986.069785 -885.121064 -799.221125 -728.566806 -681.102059 -659.564233 -673.245830 -682.395040 -691.657719 -694.256366 -702.112393 -708.732331 -715.340521 -722.712787 -732.444949 -739.638551 -740.629275 -737.461918 -739.032808 -751.299532 -765.803611 -793.690113 -818.213566 -852.992721 -889.790352 -918.464294 -931.184160 -938.407105 -937.944866 -942.885456 -933.153415 -927.283273 -912.732031 -897.410362 -873.572925 -845.852097 -833.950745 -820.214860 -810.763459 -790.241133 -761.127348 -709.795161 -649.348070 -595.615727 -564.162602 -562.662367 -591.076637 -608.884624 -613.961692 -588.163358 -542.289916 -471.043271 -353.299063 -236.324550 -108.312600 -54.483528 -25.310638 18.581337 90.632137 172.260219 -9999.0 -9999.0 -9999.0 -9999.0 -9999.0 -9999.0 -9999.0 -9999.0 -9999.0 -9999.0 -9999.0 -9999.0
-9999.0 -9999.0 -9999.0 -9999.0 -9999.0 -9999.0 -1492.466683 -1399.644471 -1309.797860 -1195.060720 -1090.008447 -1003.697608 -933.799375 -912.110095 -898.161320 -877.768991 -883.094977 -899.051028 -914.229078 -898.670482 -890.615879 -894.838997 -920.667624 -922.315457 -919.291852 -909.704302 -910.458196 -916.180915 -940.328338 -933.399116 -935.465810 -958.008473 -983.662472 -998.030701 -1009.344709 -999.326387 -998.295083 -1010.325102 -1007.287250 -981.741586 -962.456659 -949.049889 -926.507947 -893.743112 -862.256940 -848.577443 -847.949813 -841.974283 -800.600832 -731.554931 -663.255701 -612.073665 -583.473381 -577.988011 -608.530449 -651.587107 -675.551063 -671.709741 -640.640485 -591.003810 -517.156805 -468.635858 -433.338548 -402.457668 -363.494332 -220.244497 -9999.0 -9999.0 -9999.0 -9999.0 -9999.0 -9999.0 -9999.0 -9999.0 -9999.0 -9999.0 -9999.0 -9999.0 -9999.0 -9999.0
-9999.0 -9999.0 -9999.0 -9999.0 -9999.0 -9999.0 -9999.0 -9999.0 -9999.0 -9999.0 -9999.0 -9999.0 -9999.0 -9999.0 -9999.0 -9999.0 -9999.0 -9999.0 -9999.0 -9999.0 -9999.0 -9999.0 -9999.0 -9999.0 -9999.0 -9999.0 -9999.0 -9999.0 -9999.0 -9999.0 -9999.0 -9999.0 -9999.0 -9999.0 -9999.0 -9999.0 -9999.0 -9999.0 -9999.0 -9999.0 -9999.0 -9999.0 -9999.0 -9999.0 -9999.0 -9999.0 -9999.0 -9999.0 -9999.0 -9999.0 -9999.0 -9999.0 -9999.0 -9999.0 -9999.0 -9999.0 -9999.0 -9999.0 -9999.0 -9999.0 -9999.0 -9999.0 -9999.0 -9999.0 -9999.0 -9999.0 -9999.0 -9999.0 -9999.0 -9999.0 -9999.0 -9999.0 -9999.0 -9999.0 -9999.0 -9999.0 -9999.0 -9999.0 -9999.0 -9999.0
-9999.0 -9999.0 -9999.0 -9999.0 -9999.0 -9999.0 -9999.0 -9999.0 -9999.0 -9999.0 -9999.0 -9999.0 -9999.0 -9999.0 -9999.0 -9999.0 -9999.0 -9999.0 -9999.0 -9999.0 -9999.0 -9999.0 -9999.0 -9999.0 -9999.0 -9999.0 -9999.0 -9999.0 -9999.0 -9999.0 -9999.0 -9999.0 -9999.0 -9999.0 -9999.0 -9999.0 -9999.0 -9999.0 -9999.0 -9999.0 -9999.0 -9999.0 -9999.0 -9999.0 -9999.0 -9999.0 -9999.0 -9999.0 -9999.0 -9999.0 -9999.0 -9999.0 -9999.0 -9999.0 -9999.0 -9999.0 -9999.0 -9999.0 -9999.0 -9999.0 -9999.0 -9999.0 -9999.0 -9999.0 -9999.0 -9999.0 -9999.0 -9999.0 -9999.0 -9999.0 -9999.0 -9999.0 -9999.0 -9999.0 -9999.0 -9999.0 -9999.0 -9999.0 -9999.0 -9999.0