Borden_/Borden1m_014/output_maps/psiliqL0021N0009.asc
ncols         80
nrows         18
xllcorner     620200.000000
yllcorner     5168000.000000
cellsize      1.000000
NODATA_value  -9999.0
-9999.0 -9999.0 -9999.0 -9999.0 -9999.0 -9999.0 -9999.0 -9999.0 -9999.0 -9999.0 -9999.0 -9999.0 -9999.0 -9999.0 -9999.0 -9999.0 -9999.0 -9999.0 -9999.0 -9999.0 -9999.0 -9999.0 -9999.0 -9999.0 -9999.0 -9999.0 -9999.0 -9999.0 -9999.0 -9999.0 -9999.0 -9999.0 -9999.0 -9999.0 -9999.0 -9999.0 -9999.0 -9999.0 -9999.0 -9999.0 -9999.0 -9999.0 -9999.0 -9999.0 -9999.0 -9999.0 -9999.0 -9999.0 -9999.0 -9999.0 -9999.0 -9999.0 -9999.0 -9999.0 -9999.0 -9999.0 -9999.0 -9999.0 -9999.0 -9999.0 -9999.0 -9999.0 -9999.0 -9999.0 -9999.0 -9999.0 -9999.0 -9999.0 -9999.0 -9999.0 -9999.0 -9999.0 -9999.0 -9999.0 -9999.0 -9999.0 -9999.0 -9999.0 -9999.0 -9999.0
-9999.0 -9999.0 -9999.0 -9999.0 -9999.0 -9999.0 -9999.0 -9999.0 -9999.0 -9999.0 -9999.0 -9999.0 -9999.0 -9999.0 -9999.0 -9999.0 -9999.0 -9999.0 -9999.0 -9999.0 -9999.0 -9999.0 -9999.0 -9999.0 -9999.0 -9999.0 -9999.0 -9999.0 -9999.0 -9999.0 -9999.0 -9999.0 -9999.0 -9999.0 -9999.0 -9999.0 -9999.0 -9999.0 -9999.0 -9999.0 -9999.0 -9999.0 -9999.0 -9999.0 -9999.0 -9999.0 -9999.0 -9999.0 -9999.0 -9999.0 -9999.0 -9999.0 -9999.0 -9999.0 -9999.0 -9999.0 -9999.0 -9999.0 -9999.0 -9999.0 -9999.0 -9999.0 -9999.0 -9999.0 -9999.0 -9999.0 -9999.0 -9999.0 -9999.0 -9999.0 -9999.0 -9999.0 -9999.0 -9999.0 -9999.0 -9999.0 -9999.0 -9999.0 -9999.0 -9999.0
-9999.0 -9999.0 -9999.0 -9999.0 -9999.0 -9999.0 -9999.0 -9999.0 -9999.0 -9999.0 -9999.0 -9999.0 -9999.0 -9999.0 -9999.0 -9999.0 -9999.0 -9999.0 -9999.0 -9999.0 2349.962151 2352.309128 2331.587180 2299.113874 2272.789583 2276.816644 2312.450465 2355.041101 2395.226434 2405.163565 2388.316166 2393.766328 2392.037331 2392.066500 2396.957759 2408.001313 2416.995420 2428.989409 2437.682600 2436.768676 2430.170887 2425.079042 2426.449982 2428.347578 2434.016505 2420.828552 2435.543069 2450.092803 2452.655178 2445.574037 2416.713726 2399.706361 2387.948681 2369.465962 2392.468950 2401.598391 2421.334175 2422.883179 2418.771252 2390.538844 2359.588399 -9999.0 -9999.0 -9999.0 -9999.0 -9999.0 -9999.0 -9999.0 -9999.0 -9999.0 -9999.0 -9999.0 -9999.0 -9999.0 -9999.0 -9999.0 -9999.0 -9999.0 -9999.0 -9999.0
-9999.0 -9999.0 -9999.0 -9999.0 -9999.0 -9999.0 -9999.0 -9999.0 -9999.0 -9999.0 -9999.0 -9999.0 -9999.0 -9999.0 2255.426237 2247.283799 2245.929138 2255.387965 2290.023509 2321.663133 2333.839639 2327.637810 2328.905155 2306.305484 2286.492593 2302.145125 2334.096794 2366.568020 2401.565950 2421.277154 2411.761532 2411.612658 2422.839449 2449.629170 2464.537867 2465.720346 2450.378386 2477.246655 2492.778319 2499.195845 2497.691406 2488.034201 2497.563411 2511.634634 2504.414859 2488.574741 2497.454880 2510.226389 2519.024779 2504.596808 2438.812442 2419.516527 2412.213015 2404.265685 2388.195780 2380.840155 2404.944557 2401.128716 2390.721358 2371.211466 2336.703999 2291.084539 2270.620664 2308.495710 2350.451975 2405.429980 -9999.0 -9999.0 -9999.0 -9999.0 -9999.0 -9999.0 -9999.0 -9999.0 -9999.0 -9999.0 -9999.0 -9999.0 -9999.0 -9999.0
-9999.0 -9999.0 -9999.0 -9999.0 -9999.0 -9999.0 -9999.0 -9999.0 -9999.0 2195.105470 2201.242226 2209.555234 2213.379629 2229.961162 2227.691625 2236.070561 2243.166744 2272.350920 2304.570275 2340.875399 2370.301903 2363.642166 2364.479383 2372.638689 2373.396932 2386.376731 2410.870782 2452.676913 2487.201946 2525.261863 2495.093076 2493.749717 2516.015946 2565.553550 2599.309157 2609.075775 2595.246891 2611.729035 2637.050149 2655.192569 2652.237034 2646.660039 2668.768487 2682.370745 2678.932267 2658.852478 2656.121616 2660.363860 2685.278804 2629.565904 2557.304182 2508.434578 2515.388769 2488.986646 2455.683679 2436.219409 2431.394918 2448.086096 2431.398595 2392.642594 2355.940764 2342.027091 2322.292782 2339.116467 2359.645997 2403.522015 2441.264233 2468.479783 2466.115846 2447.505254 -9999.0 -9999.0 -9999.0 -9999.0 -9999.0 -9999.0 -9999.0 -9999.0 -9999.0 -9999.0
-9999.0 -9999.0 -9999.0 -9999.0 -9999.0 -9999.0 2114.556455 2125.822183 2147.856340 2152.435382 2179.890732 2187.534508 2208.936069 2228.749179 2252.077589 2268.502018 2298.060548 2331.827949 2372.300845 2415.640236 2449.865199 2443.670968 2454.449945 2479.391633 2514.563712 2542.859599 2572.173214 2614.563464 2689.025957 2727.550748 2726.673596 2731.336326 2744.956000 2802.335635 2875.358933 2894.083962 2879.323799 2869.239947 2892.655154 2929.018728 2929.114986 2928.237081 2799.045204 2808.759997 2835.285529 2826.138477 2929.508700 2920.227960 2921.952617 2895.862699 2821.653156 2754.438829 2724.485539 2671.421122 2588.195916 2535.779850 2545.966501 2563.978828 2534.655941 2480.370373 2439.090424 2427.212943 2410.413102 2397.173379 2403.885867 2422.095588 2442.217188 2451.975062 2436.963473 2413.798660 2390.035890 2359.915727 2360.653875 2384.649512 -9999.0 -9999.0 -9999.0 -9999.0 -9999.0 -9999.0
-9999.0 -9999.0 -9999.0 -9999.0 2062.988688 2077.156362 2065.045781 2092.725288 2127.157738 2163.131459 2194.543471 2230.967186 2258.292068 2288.813957 2326.990430 2356.893287 2396.369042 2431.855855 2486.861459 2556.914726 2610.546038 2632.984038 2647.456586 2704.424420 2767.679629 2824.567176 2852.574581 2884.288036 2797.103938 2852.563180 2875.571463 2879.407008 2896.321376 2936.093110 2988.394756 3011.213865 2994.222070 2985.925414 2994.166624 3006.866147 3028.975449 3029.119511 3029.831520 3033.077437 3039.514289 3038.571329 3014.199886 2981.677560 2980.839523 2971.256015 2937.168557 2867.478623 2835.065769 2808.050831 2903.911610 2844.448738 2781.266658 2767.981482 2706.808315 2645.234955 2584.081616 2563.836087 2533.255101 2507.994965 2481.322278 2483.886684 2487.044038 2465.176701 2430.168901 2395.841159 2379.188168 2358.600497 2345.276165 2374.194007 2390.398639 2419.256173 -9999.0 -9999.0 -9999.0 -9999.0
-9999.0 -9999.0 2001.357253 2049.157803 2107.892731 2117.400557 2116.459192 2123.621619 2154.154406 2208.023851 2279.645007 2324.998343 2362.328007 2397.145165 2456.107134 2528.326745 2597.780929 2645.887403 2713.867547 2792.209749 2861.634177 2896.078873 2911.857909 2817.836708 2870.299932 2935.299432 2962.128394 2987.681516 3005.156544 3038.893414 3038.252266 3050.100294 3060.888145 3069.704001 3081.018943 3086.152813 3081.970702 3077.519373 3059.405721 3054.874755 3061.487780 3068.175783 3068.180795 3054.036904 3050.106226 3064.556364 3069.857483 3068.376693 3066.711468 3072.390811 3071.117035 3026.965170 3001.941727 2987.922308 2990.462630 2945.753593 2881.121531 2846.736869 2827.408529 2915.938165 2833.226207 2781.632393 2730.100471 2684.198282 2629.628541 2601.787522 2556.263984 2514.037548 2466.270063 2417.861396 2391.828543 2372.253645 2367.825108 2365.290130 2380.315059 2394.145589 2408.601047 2415.933869 -9999.0 -9999.0
-9999.0 1893.678151 1965.882972 2090.871997 2171.982265 2215.893715 2238.723439 2254.878867 2286.526260 2321.602499 2419.804490 2490.817658 2579.309488 2620.252475 2669.082127 2768.753741 2869.442844 2802.392349 2838.662177 2897.615684 2959.563995 2993.724042 3018.993666 3009.679307 3045.651840 3067.664557 3073.250746 3078.404818 3076.473426 3068.158697 3060.876273 3067.834590 3065.295910 3046.915500 3031.600655 3030.136484 3026.907258 3004.337997 2989.880878 2975.162288 2977.620080 2989.029074 2988.774139 2968.088214 2963.881816 2984.780809 2992.356482 2982.158776 2982.138946 2985.605642 3019.111186 3041.794312 3046.335684 3063.916628 3084.804406 3057.283836 3033.402550 2991.795772 2988.211789 2963.195541 2907.843780 2852.677142 2804.934937 2877.792614 2809.366644 2744.181785 2679.266315 2613.984967 2547.943408 2504.534155 2471.258607 2419.481925 2397.683634 2397.884436 2387.856274 2383.677827 2388.174880 2393.866617 -9999.0 -9999.0
-9999.0 1804.107262 1945.115643 2127.340649 2276.097727 2329.682593 2414.206136 2486.827003 2513.510708 2476.123638 2586.747050 2812.592460 2824.325493 2838.429809 2909.229665 2987.900369 2983.174045 3012.123983 3033.177934 3051.146643 3065.746611 3077.292053 3074.872873 3068.927660 3053.022667 3045.156489 3044.473545 3042.558951 3025.827877 3007.466984 2991.104129 2988.613645 2984.045750 2937.960305 2905.568179 2889.268344 2873.110593 2858.588202 2830.421072 2805.486576 2932.258216 2803.294927 2799.472633 2927.966713 2923.862006 2799.467664 2829.783974 2826.113990 2835.283395 2854.362373 2889.891775 2926.696907 2945.714463 2974.309060 2996.349958 3041.408131 3052.358017 3074.208695 3077.863428 3064.257660 3020.078842 2983.357867 2954.032718 2899.498214 2839.384349 2902.366856 2834.956958 2770.346916 2699.744901 2650.303482 2596.429887 2532.843885 2477.595011 2456.541346 2416.013799 2397.072259 -9999.0 -9999.0 -9999.0 -9999.0
-9999.0 1711.723589 1895.304630 2144.035772 2435.033469 2530.515013 2743.679772 2802.900692 2843.639518 2907.474905 2826.475886 2993.401689 3035.624466 3027.998794 3034.179194 3035.774874 3048.902863 3048.862680 3043.849591 3033.272756 3024.282011 3020.171771 3018.930647 3011.134186 2998.771685 2984.492843 2985.859407 2974.775474 2939.422165 2908.146627 2871.483044 2859.244058 2819.048633 2848.507750 2800.410135 2757.289891 2696.052317 2695.121696 2698.196843 2671.764271 2655.736723 2629.023025 2656.011405 2667.746157 2671.348544 2666.996466 2679.099247 2708.588234 2757.096501 2795.991054 2843.516064 2901.273758 2798.940472 2837.651889 2878.263867 2930.176522 2960.306399 2989.041307 3022.461863 3058.857636 3081.017874 3068.566159 3047.730441 3005.925109 2959.164109 2909.575246 2880.175953 2829.761434 2875.959421 2818.218868 2759.958662 2694.025962 2617.631953 2542.685456 2500.307977 -9999.0 -9999.0 -9999.0 -9999.0 -9999.0
-9999.0 1507.150140 1772.979412 2049.556374 2344.524300 2689.471064 2797.247431 2897.465130 2958.391013 2931.366935 2945.249733 2955.204148 2981.582066 2987.209236 2976.267119 2964.083054 2948.358029 2947.194558 2960.074509 2933.787402 2904.918304 2892.355972 2893.126949 2882.397938 2859.410033 2844.365031 2834.890225 2817.295779 2899.508480 2841.162324 2750.004240 2710.545511 2625.776109 2577.540048 2532.911004 2480.951762 2430.935274 2433.511736 2456.739914 2447.058897 2427.023183 2409.890041 2438.698122 2460.229832 2473.390597 2458.827585 2466.137112 2500.042697 2548.944764 2593.813906 2644.568424 2703.810393 2750.878749 2799.634968 2832.949999 2885.480979 2795.876529 2837.029369 2906.040745 2981.366720 3002.293449 3035.307369 3065.934999 3086.977839 3045.224398 3017.365723 2994.781438 2979.930612 2933.176571 2888.180848 2847.759556 2784.970435 2782.660138 -9999.0 -9999.0 -9999.0 -9999.0 -9999.0 -9999.0 -9999.0
-9999.0 1388.815045 1593.125536 1801.523080 2067.981360 2306.054854 2523.712440 2631.124643 2721.339319 2790.082713 2844.904786 2886.532326 2795.549144 2816.087688 2793.695871 2872.687136 2837.071003 2835.725740 2823.753178 2797.570618 2766.802042 2751.984738 2749.208007 2743.975477 2722.241567 2710.807170 2701.966087 2677.901671 2648.229979 2589.557910 2509.327047 2431.231893 2372.348902 2344.979678 2316.517232 2285.117071 2254.072957 2265.764572 2278.318056 2278.315006 2270.967044 2270.298543 2299.582432 2318.719485 2328.498161 2317.329164 2336.019873 2360.933161 2400.897550 2444.690741 2494.183034 2548.906696 2603.229961 2632.079995 2645.378517 2669.578832 2709.559558 2764.969266 2853.483669 2812.146256 2885.729205 2930.168322 2979.709190 3004.960439 3030.873307 3059.505524 3078.715126 3069.245637 3044.916356 3012.878400 2961.591411 -9999.0 -9999.0 -9999.0 -9999.0 -9999.0 -9999.0 -9999.0 -9999.0 -9999.0
-9999.0 -9999.0 1363.987384 1527.454253 1642.858401 1813.940815 1961.887406 2074.449435 2176.698172 2314.171482 2435.075702 2529.425583 2574.509591 2591.435849 2577.396722 2547.378216 2525.034928 2520.541737 2505.688263 2494.341385 2475.487191 2467.846322 2455.080109 2447.447667 2441.139361 2438.680540 2435.168190 2425.969756 2405.520469 2359.113602 2314.112170 2264.558344 2212.894995 2187.865213 2166.524749 2146.445088 2147.633582 2143.138279 2148.907627 2151.797681 2160.706461 2174.540614 2194.472125 2217.136428 2226.961815 2236.607749 2248.375918 2271.277317 2303.311187 2345.133067 2399.193942 2458.101300 2498.721714 2511.824056 2502.062035 2506.424375 2523.979388 2564.839249 2642.868557 2728.244694 2831.097349 2910.063616 2837.707695 2891.906644 2917.496726 2952.926092 3008.987826 3056.372879 3094.259744 3072.329052 -9999.0 -9999.0 -9999.0 -9999.0 -9999.0 -9999.0 -9999.0 -9999.0 -9999.0 -9999.0
-9999.0 -9999.0 -9999.0 -9999.0 1387.229503 1538.171173 1636.340680 1719.375863 1854.001042 1983.569347 2090.427115 2177.795715 2244.401422 2271.562926 2269.967086 2280.229313 2275.329140 2264.889513 2252.074798 2252.186649 2252.966246 2245.646568 2230.260463 2223.904963 2226.913015 2233.895043 2232.097065 2218.989684 2200.609261 2181.432442 2163.805167 2130.482890 2095.866014 2066.980860 2053.972981 2049.397362 2049.339442 2042.113207 2050.958959 2059.564620 2075.536759 2090.974635 2114.704084 2143.972161 2158.244601 2173.007750 2182.225495 2201.865498 2231.942786 2285.063925 2348.590596 2406.780325 2443.982509 2448.950951 2425.249427 2409.831880 2405.377660 2432.337927 2475.820843 2540.626951 2643.614840 2722.530850 2781.523710 2832.846714 2877.002141 2797.228025 2885.643159 2962.195845 -9999.0 -9999.0 -9999.0 -9999.0 -9999.0 -9999.0 -9999.0 -9999.0 -9999.0 -9999.0 -9999.0 -9999.0
-9999.0 -9999.0 -9999.0 -9999.0 -9999.0 -9999.0 1356.223105 1461.023848 1536.257818 1684.533689 1824.922612 1931.183627 2014.043914 2048.217312 2078.244487 2105.888257 2103.621932 2082.332760 2060.048220 2078.984972 2094.752157 2088.322614 2057.427679 2058.463988 2064.990207 2073.581339 2071.652903 2065.741934 2040.871897 2054.703268 2056.847524 2033.576067 2007.723449 1994.328742 1982.550758 1992.293487 1992.559825 1978.744416 1978.726868 2006.452129 2027.432912 2040.629873 2062.117078 2095.324895 2127.758863 2143.233697 2144.390834 2149.836337 2188.252943 2257.995456 2330.086110 2386.223038 2419.463198 2428.045157 2402.157044 2362.556145 2342.667390 2349.677404 2383.836991 2435.138874 2511.373720 2561.628910 2588.289563 2604.341749 2627.824145 2728.608317 -9999.0 -9999.0 -9999.0 -9999.0 -9999.0 -9999.0 -9999.0 -9999.0 -9999.0 -9999.0 -9999.0 -9999.0 -9999.0 -9999.0
-9999.0 -9999.0 -9999.0 -9999.0 -9999.0 -9999.0 -9999.0 -9999.0 -9999.0 -9999.0 -9999.0 -9999.0 -9999.0 -9999.0 -9999.0 -9999.0 -9999.0 -9999.0 -9999.0 -9999.0 -9999.0 -9999.0 -9999.0 -9999.0 -9999.0 -9999.0 -9999.0 -9999.0 -9999.0 -9999.0 -9999.0 -9999.0 -9999.0 -9999.0 -9999.0 -9999.0 -9999.0 -9999.0 -9999.0 -9999.0 -9999.0 -9999.0 -9999.0 -9999.0 -9999.0 -9999.0 -9999.0 -9999.0 -9999.0 -9999.0 -9999.0 -9999.0 -9999.0 -9999.0 -9999.0 -9999.0 -9999.0 -9999.0 -9999.0 -9999.0 -9999.0 -9999.0 -9999.0 -9999.0 -9999.0 -9999.0 -9999.0 -9999.0 -9999.0 -9999.0 -9999.0 -9999.0 -9999.0 -9999.0 -9999.0 -9999.0 -9999.0 -9999.0 -9999.0 -9999.0
-9999.0 -9999.0 -9999.0 -9999.0 -9999.0 -9999.0 -9999.0 -9999.0 -9999.0 -9999.0 -9999.0 -9999.0 -9999.0 -9999.0 -9999.0 -9999.0 -9999.0 -9999.0 -9999.0 -9999.0 -9999.0 -9999.0 -9999.0 -9999.0 -9999.0 -9999.0 -9999.0 -9999.0 -9999.0 -9999.0 -9999.0 -9999.0 -9999.0 -9999.0 -9999.0 -9999.0 -9999.0 -9999.0 -9999.0 -9999.0 -9999.0 -9999.0 -9999.0 -9999.0 -9999.0 -9999.0 -9999.0 -9999.0 -9999.0 -9999.0 -9999.0 -9999.0 -9999.0 -9999.0 -9999.0 -9999.0 -9999.0 -9999.0 -9999.0 -9999.0 -9999.0 -9999.0 -9999.0 -9999.0 -9999.0 -9999.0 -9999.0 -9999.0 -9999.0 -9999.0 -9999.0 -9999.0 -9999.0 -9999.0 -9999.0 -9999.0 -9999.0 -9999.0 -9999.0 -9999.0