Borden_/Borden1m_014/output_maps/psiliqL0030N0006.asc
ncols         80
nrows         18
xllcorner     620200.000000
yllcorner     5168000.000000
cellsize      1.000000
NODATA_value  -9999.0
-9999.0 -9999.0 -9999.0 -9999.0 -9999.0 -9999.0 -9999.0 -9999.0 -9999.0 -9999.0 -9999.0 -9999.0 -9999.0 -9999.0 -9999.0 -9999.0 -9999.0 -9999.0 -9999.0 -9999.0 -9999.0 -9999.0 -9999.0 -9999.0 -9999.0 -9999.0 -9999.0 -9999.0 -9999.0 -9999.0 -9999.0 -9999.0 -9999.0 -9999.0 -9999.0 -9999.0 -9999.0 -9999.0 -9999.0 -9999.0 -9999.0 -9999.0 -9999.0 -9999.0 -9999.0 -9999.0 -9999.0 -9999.0 -9999.0 -9999.0 -9999.0 -9999.0 -9999.0 -9999.0 -9999.0 -9999.0 -9999.0 -9999.0 -9999.0 -9999.0 -9999.0 -9999.0 -9999.0 -9999.0 -9999.0 -9999.0 -9999.0 -9999.0 -9999.0 -9999.0 -9999.0 -9999.0 -9999.0 -9999.0 -9999.0 -9999.0 -9999.0 -9999.0 -9999.0 -9999.0
-9999.0 -9999.0 -9999.0 -9999.0 -9999.0 -9999.0 -9999.0 -9999.0 -9999.0 -9999.0 -9999.0 -9999.0 -9999.0 -9999.0 -9999.0 -9999.0 -9999.0 -9999.0 -9999.0 -9999.0 -9999.0 -9999.0 -9999.0 -9999.0 -9999.0 -9999.0 -9999.0 -9999.0 -9999.0 -9999.0 -9999.0 -9999.0 -9999.0 -9999.0 -9999.0 -9999.0 -9999.0 -9999.0 -9999.0 -9999.0 -9999.0 -9999.0 -9999.0 -9999.0 -9999.0 -9999.0 -9999.0 -9999.0 -9999.0 -9999.0 -9999.0 -9999.0 -9999.0 -9999.0 -9999.0 -9999.0 -9999.0 -9999.0 -9999.0 -9999.0 -9999.0 -9999.0 -9999.0 -9999.0 -9999.0 -9999.0 -9999.0 -9999.0 -9999.0 -9999.0 -9999.0 -9999.0 -9999.0 -9999.0 -9999.0 -9999.0 -9999.0 -9999.0 -9999.0 -9999.0
-9999.0 -9999.0 -9999.0 -9999.0 -9999.0 -9999.0 -9999.0 -9999.0 -9999.0 -9999.0 -9999.0 -9999.0 -9999.0 -9999.0 -9999.0 -9999.0 -9999.0 -9999.0 -9999.0 -9999.0 4125.027926 4125.473019 4103.914313 4069.588295 4041.142749 4042.732644 4074.992605 4115.309435 4154.114105 4160.523312 4140.880579 4144.947020 4140.397518 4134.671196 4134.012792 4141.942920 4149.271041 4158.425450 4164.892757 4161.978001 4154.219645 4149.256871 4152.640430 4153.781905 4160.343757 4144.603137 4161.235231 4177.830640 4182.270957 4180.165651 4157.295973 4146.392654 4138.668341 4123.075517 4150.400160 4162.124388 4185.975038 4190.906956 4188.983123 4162.538657 4132.620606 -9999.0 -9999.0 -9999.0 -9999.0 -9999.0 -9999.0 -9999.0 -9999.0 -9999.0 -9999.0 -9999.0 -9999.0 -9999.0 -9999.0 -9999.0 -9999.0 -9999.0 -9999.0 -9999.0
-9999.0 -9999.0 -9999.0 -9999.0 -9999.0 -9999.0 -9999.0 -9999.0 -9999.0 -9999.0 -9999.0 -9999.0 -9999.0 -9999.0 4035.000094 4026.423961 4023.348840 4030.081693 4061.997949 4092.103923 4103.449377 4095.784449 4095.304551 4069.958678 4046.102717 4057.981106 4087.005266 4116.864113 4149.684410 4165.904198 4154.855165 4151.914335 4157.700470 4175.111530 4181.353505 4177.308626 4160.262308 4184.831364 4197.218743 4200.290787 4197.893764 4187.620966 4194.965215 4208.429483 4201.239857 4186.503226 4199.319230 4215.276296 4225.388539 4218.912885 4162.465812 4152.791447 4150.002815 4146.979407 4134.410122 4131.619672 4161.296479 4161.054560 4154.509677 4137.867864 4104.657933 4059.399475 4040.691915 4082.368414 4126.370635 4182.765364 -9999.0 -9999.0 -9999.0 -9999.0 -9999.0 -9999.0 -9999.0 -9999.0 -9999.0 -9999.0 -9999.0 -9999.0 -9999.0 -9999.0
-9999.0 -9999.0 -9999.0 -9999.0 -9999.0 -9999.0 -9999.0 -9999.0 -9999.0 3977.611810 3983.922297 3990.575446 3992.884377 4007.576682 4003.703352 4010.243750 4012.900067 4039.957654 4068.610121 4101.281494 4127.368401 4117.827241 4115.694359 4117.176054 4108.161689 4114.281009 4134.111426 4169.665570 4198.223877 4231.857774 4196.695988 4190.818792 4207.730593 4247.039830 4266.567152 4266.582981 4247.592729 4267.364387 4290.552189 4304.264473 4300.057241 4293.008176 4319.778391 4335.768617 4326.790420 4304.159412 4306.500157 4316.350420 4346.866563 4295.706752 4228.984262 4194.449104 4214.083276 4195.533234 4173.463142 4165.534221 4167.649986 4188.385200 4177.937059 4145.266674 4113.217966 4101.499789 4085.220229 4108.039022 4132.098244 4178.989810 4219.657475 4250.077111 4249.605769 4232.553551 -9999.0 -9999.0 -9999.0 -9999.0 -9999.0 -9999.0 -9999.0 -9999.0 -9999.0 -9999.0
-9999.0 -9999.0 -9999.0 -9999.0 -9999.0 -9999.0 3899.163636 3909.854780 3930.533078 3932.139035 3958.716578 3962.973209 3980.891845 3997.023354 4018.519128 4029.708327 4052.631349 4081.269920 4115.338042 4150.811503 4176.683668 4162.758517 4166.691739 4182.299286 4204.731044 4220.125965 4242.293094 4280.165042 4352.635369 4388.416573 4376.312214 4376.033257 4384.001665 4435.287992 4499.621957 4509.077560 4488.154328 4475.729602 4501.171209 4540.023427 4536.121811 4534.718714 4549.585331 4561.237337 4588.333512 4576.068425 4540.157432 4537.386974 4547.024798 4520.985467 4447.907798 4391.918710 4377.344230 4329.598299 4244.305429 4205.009950 4234.932301 4266.120456 4246.724459 4198.287527 4168.548924 4164.876927 4155.242032 4150.717319 4165.503401 4189.918209 4214.497117 4229.322187 4217.884549 4197.240264 4176.099437 4148.277688 4151.332079 4176.321415 -9999.0 -9999.0 -9999.0 -9999.0 -9999.0 -9999.0
-9999.0 -9999.0 -9999.0 -9999.0 3850.083944 3862.705327 3846.629233 3872.857636 3904.159808 3937.143024 3962.776964 3992.397524 4013.857023 4039.073966 4069.402992 4086.855424 4115.576184 4143.434126 4188.519983 4247.710937 4290.164179 4300.544377 4307.864481 4357.930249 4413.776162 4459.755395 4478.619562 4505.361128 4554.317034 4611.664446 4633.328420 4635.190452 4652.236444 4698.976403 4759.189241 4795.456646 4777.159073 4767.446981 4779.314409 4795.158190 4817.343271 4817.349221 4818.519735 4823.521624 4832.355693 4829.803445 4801.437420 4767.184219 4753.910585 4742.959192 4700.732291 4626.093081 4597.785841 4567.012949 4518.713813 4462.077951 4420.109215 4426.283058 4370.336203 4313.844717 4266.880863 4262.899409 4245.288748 4231.687485 4217.476391 4232.611938 4246.797651 4232.923072 4203.205044 4174.587896 4162.240801 4145.119480 4133.722977 4165.368058 4183.435686 4212.643694 -9999.0 -9999.0 -9999.0 -9999.0
-9999.0 -9999.0 3791.602991 3835.350059 3892.015717 3896.720816 3886.952717 3888.268897 3913.422560 3961.252474 4019.053129 4051.543923 4075.838678 4105.427286 4153.589481 4210.412358 4267.682796 4309.988390 4369.462517 4440.351987 4499.902306 4525.895392 4533.690106 4570.348302 4627.178083 4700.560388 4730.169271 4757.930803 4791.748147 4830.780722 4815.582994 4825.159623 4839.126808 4855.634187 4874.067438 4883.054989 4877.518336 4872.765766 4853.805235 4848.007488 4854.368084 4863.625355 4861.705726 4846.524590 4842.516952 4858.042094 4865.131017 4862.472730 4858.596768 4862.701050 4855.091428 4802.682616 4792.206209 4775.850824 4762.188140 4714.197051 4645.070284 4614.296886 4590.761426 4547.407237 4472.666202 4438.190221 4400.287968 4367.652620 4332.436527 4322.916904 4293.066471 4262.378699 4224.765805 4184.815401 4166.639097 4153.370227 4153.506009 4154.253937 4172.497115 4188.269949 4204.352612 4212.478875 -9999.0 -9999.0
-9999.0 3679.239857 3749.320158 3868.595194 3944.958380 3978.610981 3978.610578 3974.659087 3999.098274 4034.500093 4115.894387 4153.410264 4236.244672 4276.278652 4315.457896 4405.757464 4503.741664 4549.279254 4590.872794 4659.327085 4728.967110 4777.903542 4805.177183 4772.872187 4815.626766 4852.342775 4862.769853 4871.485661 4873.261062 4864.570320 4858.811131 4865.198918 4861.844411 4841.848225 4824.999585 4822.947207 4819.359576 4795.326733 4767.234101 4750.925184 4751.503028 4777.367774 4763.585224 4741.856333 4737.298006 4759.510951 4782.235356 4771.066737 4757.666436 4774.500896 4810.147831 4837.185235 4835.178744 4854.605168 4875.931016 4845.459826 4826.476433 4780.513186 4762.871686 4736.850771 4677.876065 4622.801083 4573.780245 4525.574136 4473.973848 4427.191991 4380.171156 4333.384483 4281.243999 4249.037585 4225.793579 4184.920991 4174.494985 4182.145572 4178.219923 4177.008551 4183.710718 4190.338289 -9999.0 -9999.0
-9999.0 3576.343996 3713.324409 3887.609631 4028.004298 4062.699399 4110.993836 4160.397813 4171.378553 4108.258013 4210.734636 4432.164799 4566.112292 4586.832554 4666.748084 4767.800580 4739.059284 4772.248762 4797.343644 4830.115712 4856.324771 4873.060813 4871.965677 4867.497459 4850.471029 4842.341410 4841.317153 4839.021132 4820.982593 4801.451606 4784.214909 4780.455659 4761.374319 4708.555619 4674.085768 4655.195115 4633.418237 4620.846665 4594.506929 4567.747433 4549.698007 4557.692521 4557.916514 4545.717044 4541.338407 4558.569048 4589.638209 4589.461896 4603.973520 4624.160019 4659.856916 4699.676633 4719.376309 4749.340866 4785.740288 4836.288796 4843.121010 4866.081741 4868.372516 4860.723186 4812.096259 4758.963508 4728.869327 4672.161465 4612.390516 4550.496543 4500.691570 4455.705209 4399.812193 4366.761349 4328.550060 4275.145228 4235.051202 4231.395759 4199.223705 4188.011533 -9999.0 -9999.0 -9999.0 -9999.0
-9999.0 3464.401282 3639.605728 3870.069227 4171.628293 4231.587932 4437.857640 4553.355901 4590.695102 4661.489728 4509.465022 4743.116554 4804.911900 4802.236123 4826.358944 4830.931214 4846.225047 4845.072662 4839.952781 4828.570527 4818.476532 4813.513149 4812.617080 4804.605205 4791.751832 4776.871499 4764.631635 4752.586208 4714.633354 4681.588313 4639.572282 4626.278998 4577.621351 4483.646366 4444.954343 4403.809540 4339.539282 4343.795391 4355.229300 4331.891409 4311.482539 4279.850107 4312.523321 4326.058550 4331.306391 4324.219752 4331.899864 4363.757182 4414.616937 4450.056012 4489.070847 4537.962886 4569.439780 4609.165802 4648.541053 4701.651625 4734.010652 4763.505627 4814.465330 4851.966698 4875.143028 4859.767677 4843.136306 4796.004556 4734.770597 4684.828848 4654.738080 4602.733377 4558.627236 4515.361815 4468.803460 4415.999461 4354.256839 4307.630701 4274.942779 -9999.0 -9999.0 -9999.0 -9999.0 -9999.0
-9999.0 3223.795441 3485.192170 3740.895329 4000.530639 4352.791361 4546.246269 4635.732833 4701.819047 4693.945082 4725.971112 4730.046086 4768.165299 4776.804646 4755.639310 4740.571087 4721.241228 4720.150510 4733.366034 4705.190020 4673.846680 4659.902362 4660.940536 4650.278482 4625.681649 4610.854427 4601.703598 4582.375924 4538.997132 4487.169640 4400.316906 4361.995382 4279.847854 4246.100227 4211.244518 4164.102774 4120.946905 4128.453467 4155.541479 4148.287632 4127.969435 4111.500823 4142.069865 4164.383420 4178.283706 4160.556914 4166.834632 4201.483204 4248.009659 4288.681524 4332.289413 4380.289369 4423.075179 4461.465230 4480.386815 4517.963748 4560.677668 4602.934573 4674.390456 4755.604307 4793.465688 4829.353871 4856.819508 4879.376437 4835.612809 4810.571656 4785.889959 4761.261168 4713.791027 4667.669798 4627.047614 4560.363319 4500.750023 -9999.0 -9999.0 -9999.0 -9999.0 -9999.0 -9999.0 -9999.0
-9999.0 3116.580236 3297.947036 3471.747200 3704.793400 3933.623014 4171.581856 4261.646629 4333.794700 4421.388410 4484.337816 4525.438735 4551.294369 4573.760666 4551.449219 4503.018058 4469.559284 4474.949513 4464.138399 4444.018647 4416.692095 4404.213282 4401.088113 4396.805592 4376.333020 4367.062947 4360.946997 4343.410369 4319.692246 4266.373467 4196.617470 4121.703009 4069.794721 4054.510993 4034.273920 4009.496641 3986.344569 4000.771934 4013.288912 4014.797146 4010.120883 4011.806001 4040.836032 4061.217761 4070.598924 4060.350266 4078.483148 4100.635736 4136.361633 4175.189847 4219.442547 4269.175175 4317.351964 4335.802588 4335.251841 4343.402118 4369.030563 4411.203622 4487.197232 4574.104543 4655.450951 4702.481729 4754.439876 4795.889345 4825.777399 4847.532335 4872.388097 4867.326008 4839.810955 4805.496829 4744.655559 -9999.0 -9999.0 -9999.0 -9999.0 -9999.0 -9999.0 -9999.0 -9999.0 -9999.0
-9999.0 -9999.0 3073.844276 3213.124766 3288.439142 3439.445033 3575.177059 3680.191325 3787.813178 3942.328763 4073.324678 4172.575499 4221.373176 4237.405428 4224.397417 4198.369024 4183.047997 4182.448943 4169.993072 4165.544245 4153.616403 4149.360450 4136.869634 4129.759999 4128.305216 4129.780599 4128.768154 4121.828866 4107.095109 4067.641109 4035.480985 3993.908355 3950.533856 3930.889916 3914.892050 3900.493778 3907.555185 3902.601478 3908.418012 3912.327410 3923.566642 3938.735506 3957.877509 3981.086864 3990.824842 4001.785902 4012.047841 4032.917158 4061.794135 4101.477835 4152.421023 4207.031865 4242.448195 4248.092688 4227.972041 4220.341449 4225.351113 4251.205858 4310.649823 4378.049577 4470.050768 4537.109532 4604.645955 4662.032657 4689.678111 4726.099752 4798.824675 4847.037900 4892.591493 4870.015512 -9999.0 -9999.0 -9999.0 -9999.0 -9999.0 -9999.0 -9999.0 -9999.0 -9999.0 -9999.0
-9999.0 -9999.0 -9999.0 -9999.0 3067.861393 3208.340328 3302.258675 3376.372405 3510.833972 3645.057231 3753.061843 3842.837715 3916.058467 3942.922180 3947.349934 3970.144294 3971.215807 3960.589420 3949.183974 3957.121789 3965.200158 3959.841383 3941.962072 3936.971371 3943.332451 3953.922403 3953.912904 3943.032847 3926.570616 3918.156864 3910.532205 3883.405584 3854.690395 3829.965025 3820.475975 3820.409937 3822.077736 3814.784903 3823.800583 3834.239551 3851.002831 3866.338225 3889.818189 3919.985602 3935.261071 3949.896688 3957.837819 3975.265649 4003.246636 4054.213725 4115.587502 4172.143623 4206.136822 4205.781435 4176.332259 4153.145115 4138.435833 4153.506784 4179.281123 4226.725988 4315.105934 4376.974713 4419.892023 4456.716256 4493.103198 4560.544035 4659.057375 4742.417861 -9999.0 -9999.0 -9999.0 -9999.0 -9999.0 -9999.0 -9999.0 -9999.0 -9999.0 -9999.0 -9999.0 -9999.0
-9999.0 -9999.0 -9999.0 -9999.0 -9999.0 -9999.0 3045.611169 3151.964865 3209.928789 3368.848282 3521.536586 3632.235570 3717.622313 3756.450832 3795.050895 3827.900247 3830.010289 3808.878452 3785.692279 3809.565550 3832.209260 3825.895064 3792.507319 3795.879896 3805.421404 3814.660244 3813.854080 3810.442752 3788.719176 3811.036203 3820.308896 3800.969042 3778.925245 3769.708738 3760.540321 3772.418317 3773.907415 3760.131094 3758.889693 3788.172189 3810.172496 3823.107600 3843.766325 3877.027366 3909.587382 3925.439534 3925.890465 3929.594164 3964.346539 4031.675465 4102.636702 4157.982168 4189.049896 4193.152108 4161.645404 4115.874202 4088.633583 4085.710527 4107.760863 4144.191558 4203.084344 4237.337996 4244.204335 4240.390734 4249.213397 4351.886964 -9999.0 -9999.0 -9999.0 -9999.0 -9999.0 -9999.0 -9999.0 -9999.0 -9999.0 -9999.0 -9999.0 -9999.0 -9999.0 -9999.0
-9999.0 -9999.0 -9999.0 -9999.0 -9999.0 -9999.0 -9999.0 -9999.0 -9999.0 -9999.0 -9999.0 -9999.0 -9999.0 -9999.0 -9999.0 -9999.0 -9999.0 -9999.0 -9999.0 -9999.0 -9999.0 -9999.0 -9999.0 -9999.0 -9999.0 -9999.0 -9999.0 -9999.0 -9999.0 -9999.0 -9999.0 -9999.0 -9999.0 -9999.0 -9999.0 -9999.0 -9999.0 -9999.0 -9999.0 -9999.0 -9999.0 -9999.0 -9999.0 -9999.0 -9999.0 -9999.0 -9999.0 -9999.0 -9999.0 -9999.0 -9999.0 -9999.0 -9999.0 -9999.0 -9999.0 -9999.0 -9999.0 -9999.0 -9999.0 -9999.0 -9999.0 -9999.0 -9999.0 -9999.0 -9999.0 -9999.0 -9999.0 -9999.0 -9999.0 -9999.0 -9999.0 -9999.0 -9999.0 -9999.0 -9999.0 -9999.0 -9999.0 -9999.0 -9999.0 -9999.0
-9999.0 -9999.0 -9999.0 -9999.0 -9999.0 -9999.0 -9999.0 -9999.0 -9999.0 -9999.0 -9999.0 -9999.0 -9999.0 -9999.0 -9999.0 -9999.0 -9999.0 -9999.0 -9999.0 -9999.0 -9999.0 -9999.0 -9999.0 -9999.0 -9999.0 -9999.0 -9999.0 -9999.0 -9999.0 -9999.0 -9999.0 -9999.0 -9999.0 -9999.0 -9999.0 -9999.0 -9999.0 -9999.0 -9999.0 -9999.0 -9999.0 -9999.0 -9999.0 -9999.0 -9999.0 -9999.0 -9999.0 -9999.0 -9999.0 -9999.0 -9999.0 -9999.0 -9999.0 -9999.0 -9999.0 -9999.0 -9999.0 -9999.0 -9999.0 -9999.0 -9999.0 -9999.0 -9999.0 -9999.0 -9999.0 -9999.0 -9999.0 -9999.0 -9999.0 -9999.0 -9999.0 -9999.0 -9999.0 -9999.0 -9999.0 -9999.0 -9999.0 -9999.0 -9999.0 -9999.0