Borden_/Borden1m_014/output_maps/psiliqL0000N0009.asc
ncols         80
nrows         18
xllcorner     620200.000000
yllcorner     5168000.000000
cellsize      1.000000
NODATA_value  -9999.0
-9999.0 -9999.0 -9999.0 -9999.0 -9999.0 -9999.0 -9999.0 -9999.0 -9999.0 -9999.0 -9999.0 -9999.0 -9999.0 -9999.0 -9999.0 -9999.0 -9999.0 -9999.0 -9999.0 -9999.0 -9999.0 -9999.0 -9999.0 -9999.0 -9999.0 -9999.0 -9999.0 -9999.0 -9999.0 -9999.0 -9999.0 -9999.0 -9999.0 -9999.0 -9999.0 -9999.0 -9999.0 -9999.0 -9999.0 -9999.0 -9999.0 -9999.0 -9999.0 -9999.0 -9999.0 -9999.0 -9999.0 -9999.0 -9999.0 -9999.0 -9999.0 -9999.0 -9999.0 -9999.0 -9999.0 -9999.0 -9999.0 -9999.0 -9999.0 -9999.0 -9999.0 -9999.0 -9999.0 -9999.0 -9999.0 -9999.0 -9999.0 -9999.0 -9999.0 -9999.0 -9999.0 -9999.0 -9999.0 -9999.0 -9999.0 -9999.0 -9999.0 -9999.0 -9999.0 -9999.0
-9999.0 -9999.0 -9999.0 -9999.0 -9999.0 -9999.0 -9999.0 -9999.0 -9999.0 -9999.0 -9999.0 -9999.0 -9999.0 -9999.0 -9999.0 -9999.0 -9999.0 -9999.0 -9999.0 -9999.0 -9999.0 -9999.0 -9999.0 -9999.0 -9999.0 -9999.0 -9999.0 -9999.0 -9999.0 -9999.0 -9999.0 -9999.0 -9999.0 -9999.0 -9999.0 -9999.0 -9999.0 -9999.0 -9999.0 -9999.0 -9999.0 -9999.0 -9999.0 -9999.0 -9999.0 -9999.0 -9999.0 -9999.0 -9999.0 -9999.0 -9999.0 -9999.0 -9999.0 -9999.0 -9999.0 -9999.0 -9999.0 -9999.0 -9999.0 -9999.0 -9999.0 -9999.0 -9999.0 -9999.0 -9999.0 -9999.0 -9999.0 -9999.0 -9999.0 -9999.0 -9999.0 -9999.0 -9999.0 -9999.0 -9999.0 -9999.0 -9999.0 -9999.0 -9999.0 -9999.0
-9999.0 -9999.0 -9999.0 -9999.0 -9999.0 -9999.0 -9999.0 -9999.0 -9999.0 -9999.0 -9999.0 -9999.0 -9999.0 -9999.0 -9999.0 -9999.0 -9999.0 -9999.0 -9999.0 -9999.0 -500.168923 -498.890235 -500.880298 -502.982809 -504.934794 -505.349443 -503.284798 -501.211586 -498.749549 -498.525722 -501.041816 -500.167259 -501.266566 -502.103875 -502.364331 -501.663935 -501.259253 -500.549233 -500.195836 -500.626700 -501.329583 -501.719924 -502.289702 -502.304259 -501.354099 -502.591124 -500.951661 -499.578251 -499.255221 -498.888382 -500.328039 -500.717582 -500.795675 -502.892242 -499.171375 -498.510658 -496.328065 -496.328243 -495.582370 -498.001707 -500.403685 -9999.0 -9999.0 -9999.0 -9999.0 -9999.0 -9999.0 -9999.0 -9999.0 -9999.0 -9999.0 -9999.0 -9999.0 -9999.0 -9999.0 -9999.0 -9999.0 -9999.0 -9999.0 -9999.0
-9999.0 -9999.0 -9999.0 -9999.0 -9999.0 -9999.0 -9999.0 -9999.0 -9999.0 -9999.0 -9999.0 -9999.0 -9999.0 -9999.0 -502.297878 -503.637816 -504.309540 -505.052682 -503.190729 -502.004953 -502.493208 -503.884764 -502.421546 -504.832908 -507.080348 -505.775339 -504.347178 -503.678433 -502.011831 -500.603797 -502.232722 -502.647952 -501.986833 -499.229748 -498.270922 -499.046658 -503.079289 -499.401509 -498.057946 -497.193499 -497.310232 -499.148358 -496.954608 -494.356837 -495.888476 -498.650408 -497.893840 -496.485142 -493.984154 -494.471034 -503.054701 -502.892215 -502.043152 -501.377300 -502.548841 -503.556136 -499.885000 -500.762466 -501.121795 -501.005366 -502.364935 -505.327417 -506.838529 -503.340187 -501.039585 -495.517244 -9999.0 -9999.0 -9999.0 -9999.0 -9999.0 -9999.0 -9999.0 -9999.0 -9999.0 -9999.0 -9999.0 -9999.0 -9999.0 -9999.0
-9999.0 -9999.0 -9999.0 -9999.0 -9999.0 -9999.0 -9999.0 -9999.0 -9999.0 -503.529067 -504.053114 -503.756455 -504.884451 -503.829936 -506.231642 -505.839672 -506.520994 -505.252220 -504.696837 -503.298146 -500.857413 -503.145593 -503.509880 -502.164482 -502.441552 -502.505332 -502.041301 -498.564010 -495.207990 -488.428913 -495.385249 -495.737358 -493.468903 -484.228258 -469.946757 -466.607656 -472.068120 -472.865800 -465.875083 -458.008475 -458.785308 -459.639084 -452.233286 -448.525596 -445.578446 -451.501987 -457.531173 -459.032023 -449.606155 -465.735026 -484.675260 -495.034962 -491.835506 -495.782673 -500.056101 -501.274529 -502.191652 -498.014703 -499.120412 -501.999796 -504.330798 -502.579489 -504.294423 -502.648941 -502.195115 -498.198451 -494.932891 -491.499622 -491.340514 -493.670962 -9999.0 -9999.0 -9999.0 -9999.0 -9999.0 -9999.0 -9999.0 -9999.0 -9999.0 -9999.0
-9999.0 -9999.0 -9999.0 -9999.0 -9999.0 -9999.0 -504.904495 -505.235963 -504.643069 -507.726218 -506.110306 -507.736374 -506.684533 -506.519097 -506.059457 -506.571702 -505.100212 -504.144688 -502.328538 -499.928386 -497.457137 -499.792082 -499.305806 -495.694234 -489.432088 -483.634413 -476.296399 -466.767915 -442.653319 -426.611525 -419.416230 -416.777599 -411.567930 -352.758269 -27.855632 0.046041 0.032192 0.019320 0.029806 0.051801 0.056149 0.043573 0.048209 0.046600 0.082956 0.069684 0.043705 0.042004 0.037291 -13.979020 -309.573472 -411.274865 -432.455695 -448.185924 -470.077403 -485.087547 -489.044042 -484.783554 -489.377859 -496.176167 -499.911223 -499.038469 -499.448384 -501.228928 -500.276815 -498.892252 -496.486058 -494.799446 -495.918600 -497.180403 -497.646505 -500.460257 -499.850319 -497.052962 -9999.0 -9999.0 -9999.0 -9999.0 -9999.0 -9999.0
-9999.0 -9999.0 -9999.0 -9999.0 -508.731397 -507.538421 -511.422478 -509.458497 -508.185182 -507.433035 -508.147459 -506.716219 -506.866074 -506.142638 -504.191880 -503.438196 -500.919394 -499.560109 -493.982870 -483.039676 -467.350970 -458.469071 -455.547089 -434.278639 -399.464434 -304.701579 -37.154241 0.022410 0.036141 0.064426 0.083995 0.077708 0.085109 0.103970 0.161473 0.445396 0.205627 0.172355 0.204133 0.216637 0.459725 0.380977 0.431116 0.337798 0.438275 0.763671 0.260096 0.182843 0.180368 0.170648 0.120345 0.065204 0.055833 0.051077 0.039536 -46.506069 -396.375669 -417.030236 -441.058358 -457.427346 -480.632507 -484.669199 -489.379176 -491.905749 -496.251031 -494.896903 -493.101773 -495.198417 -497.710966 -500.123500 -499.748378 -500.714241 -502.519437 -498.563936 -497.802370 -494.000162 -9999.0 -9999.0 -9999.0 -9999.0
-9999.0 -9999.0 -508.330943 -508.802173 -505.894172 -508.323039 -509.757400 -511.773762 -511.474549 -509.056152 -504.806172 -504.324840 -502.285236 -501.740584 -496.118294 -482.765683 -460.614850 -447.619159 -426.943046 -374.918687 -46.926404 0.030066 0.036580 0.046783 0.067886 0.114197 0.149537 0.182662 0.223693 0.401396 19.451228 36.881376 39.216629 33.862644 33.548313 32.670870 28.629921 26.781507 9.654223 7.693201 14.972513 16.741031 20.494388 8.263515 4.529579 16.930216 19.045477 19.426150 22.530459 28.844905 41.314012 11.900881 0.194005 0.205541 0.235301 0.127165 0.072358 0.056833 0.055855 -6.130955 -316.989487 -408.050540 -435.340325 -456.896302 -473.575344 -479.118841 -487.365298 -491.859087 -495.963131 -500.226126 -501.017007 -501.290780 -500.110404 -501.056303 -499.057413 -497.909690 -495.661361 -495.026246 -9999.0 -9999.0
-9999.0 -508.702890 -510.480614 -505.517896 -505.961328 -505.845624 -505.757699 -505.522362 -504.713509 -507.641365 -496.682928 -475.253357 -454.435472 -449.247157 -432.235222 -340.269470 -25.949457 0.039623 0.055174 0.079458 0.132667 0.205637 0.274173 17.194823 41.542773 33.268650 32.540633 31.789208 22.003105 15.423880 5.561521 12.744660 11.496124 0.772020 0.265750 0.388405 0.368110 0.230520 0.171579 0.137395 0.156651 0.334838 0.206355 0.150506 0.124786 0.182772 0.340253 0.198507 0.130324 0.177630 0.276737 0.414589 9.742937 22.688703 43.348557 21.142152 0.329929 0.194700 0.197527 0.144910 0.090704 0.057702 0.027116 -59.120169 -398.305174 -440.166758 -463.766613 -476.344877 -487.689844 -491.469334 -493.390178 -499.591266 -500.588738 -498.411052 -499.233095 -499.286105 -498.446966 -497.882813 -9999.0 -9999.0
-9999.0 -514.432226 -509.575758 -505.315384 -501.099691 -503.680792 -488.358809 -466.723397 -462.688423 -473.201061 -438.160940 -33.035579 0.068159 0.049654 0.082852 0.163890 4.309571 24.822210 39.882730 28.272769 23.393358 25.642766 19.952895 12.346914 0.638105 0.402462 0.563286 0.540701 0.302231 0.233229 0.181406 0.258805 0.185545 0.119826 0.085090 0.082366 0.089249 0.077888 0.059665 0.049541 0.036571 0.076570 0.055251 0.041789 0.034136 0.048546 0.090346 0.057813 0.051726 0.062972 0.084236 0.126316 0.143282 0.169532 0.212273 0.433205 11.430720 31.556468 35.483258 12.911394 0.262622 0.165655 0.147556 0.101289 0.049181 -43.385874 -365.600582 -414.718644 -443.123053 -462.338138 -474.430002 -484.806062 -493.447391 -493.977683 -498.417517 -497.930182 -9999.0 -9999.0 -9999.0 -9999.0
-9999.0 -514.579814 -510.048861 -501.501827 -483.337469 -461.093771 -296.982904 0.017337 0.064428 0.139813 0.284214 27.124711 35.373838 17.955207 0.662811 0.424440 0.586709 0.875773 0.469498 0.309869 0.271453 0.288117 0.330640 0.270384 0.235677 0.213791 0.203334 0.195026 0.130601 0.098831 0.076468 0.079106 0.051884 -63.971050 -376.435350 -405.138928 -431.808989 -433.570852 -438.532287 -449.212223 -454.119949 -457.790942 -452.650619 -454.566842 -455.300212 -452.058768 -444.913765 -440.839856 -425.722096 -408.325299 -361.076880 -37.738115 0.033940 0.056993 0.076940 0.126369 0.154874 0.177165 0.272826 13.123179 32.897098 26.647596 0.836666 0.239702 0.141841 0.105171 0.080489 0.041142 -30.153368 -317.568354 -402.213651 -436.873460 -464.069603 -481.746474 -487.019928 -9999.0 -9999.0 -9999.0 -9999.0 -9999.0
-9999.0 -522.424303 -509.491930 -502.919964 -468.710565 -92.032358 0.000618 0.195309 17.448946 0.249989 0.113811 0.147356 0.277943 0.295208 0.167279 0.163531 0.130450 0.103738 0.190493 0.106128 0.083410 0.074163 0.107477 0.087115 0.072692 0.068459 0.067373 0.052163 -25.174794 -321.233794 -419.324078 -425.686825 -450.749529 -472.036593 -483.710450 -490.463559 -497.491428 -496.863392 -493.587552 -495.846209 -498.188364 -501.159698 -497.726586 -496.442025 -494.950191 -497.089593 -497.074199 -493.058123 -486.628794 -480.805724 -471.252538 -452.587128 -436.676446 -412.154947 -379.478377 -48.915816 0.034366 0.053301 0.087282 0.156658 0.209595 0.359520 26.066474 45.122972 7.627320 0.236735 0.200727 0.166557 0.110576 0.074457 0.048021 -39.003227 -380.652706 -9999.0 -9999.0 -9999.0 -9999.0 -9999.0 -9999.0 -9999.0
-9999.0 -526.582752 -512.274639 -511.513026 -498.887345 -473.783062 -434.750339 -371.546632 0.000307 0.020827 0.035608 0.044686 0.055640 0.087444 0.047800 0.014244 -27.211065 -196.884497 -242.612259 -353.491644 -392.973976 -405.312496 -404.783659 -408.972236 -423.786811 -430.807765 -434.664162 -442.675104 -455.222079 -473.165600 -488.639105 -496.214482 -501.469908 -502.673457 -503.603511 -504.742484 -508.316042 -505.858960 -504.252057 -504.590446 -505.717694 -506.742390 -503.981786 -503.355544 -502.561013 -505.452855 -503.770787 -502.877510 -500.265331 -497.922441 -494.419655 -488.677770 -480.543098 -475.593279 -472.785587 -461.023067 -445.786624 -422.636094 -296.436810 0.003043 0.071771 0.112716 0.168371 0.246626 0.288603 9.681171 19.030676 2.108040 0.260759 0.226299 0.200857 -9999.0 -9999.0 -9999.0 -9999.0 -9999.0 -9999.0 -9999.0 -9999.0 -9999.0
-9999.0 -9999.0 -529.629244 -524.107791 -519.507274 -515.520845 -510.013285 -505.265072 -498.525259 -490.552920 -478.710029 -465.452152 -457.267460 -453.478674 -458.845556 -470.763897 -480.045557 -480.490173 -482.197708 -485.435619 -489.979496 -490.636201 -491.577118 -492.104789 -493.955763 -494.648291 -494.803092 -495.237042 -496.538120 -500.362598 -503.277965 -505.155796 -507.847753 -507.042844 -507.242877 -508.272029 -506.916722 -507.224838 -506.955249 -507.182814 -506.899597 -506.406241 -506.006984 -505.314245 -505.486554 -505.297208 -505.221051 -504.637722 -503.797797 -502.824872 -500.311649 -496.240495 -493.285347 -492.801278 -495.077262 -494.593020 -492.296430 -487.189999 -468.782190 -435.771796 -373.606254 -43.318604 0.048631 0.088501 0.110154 0.124764 0.194904 1.170777 1.366306 0.397423 -9999.0 -9999.0 -9999.0 -9999.0 -9999.0 -9999.0 -9999.0 -9999.0 -9999.0 -9999.0
-9999.0 -9999.0 -9999.0 -9999.0 -532.210546 -524.279896 -516.796718 -518.042834 -513.019093 -510.561684 -508.647320 -506.282557 -504.397080 -502.963365 -505.226379 -505.391328 -505.620092 -505.104643 -505.428388 -505.882170 -505.907329 -506.092059 -506.251787 -506.690917 -506.354476 -505.777446 -505.541859 -506.316854 -505.911993 -507.323863 -507.009700 -507.589035 -508.204906 -509.221373 -508.767384 -508.820893 -508.201623 -508.817521 -507.910245 -508.578078 -507.979681 -507.832785 -507.234532 -506.134073 -506.927821 -506.293565 -506.447695 -505.727799 -506.000745 -504.398677 -501.629797 -498.394071 -496.261930 -496.576548 -500.080390 -501.212547 -502.261116 -500.434933 -497.934914 -491.307972 -473.232222 -449.537931 -421.345854 -379.856784 -61.062897 0.019863 0.080602 0.167630 -9999.0 -9999.0 -9999.0 -9999.0 -9999.0 -9999.0 -9999.0 -9999.0 -9999.0 -9999.0 -9999.0 -9999.0
-9999.0 -9999.0 -9999.0 -9999.0 -9999.0 -9999.0 -528.558950 -524.532053 -525.978422 -523.113901 -520.700458 -519.006828 -516.163854 -516.857446 -515.966823 -513.415692 -513.720300 -514.838688 -516.328733 -514.038739 -513.035197 -512.722878 -515.134109 -514.336701 -514.077111 -513.147210 -513.246912 -512.705043 -514.744617 -512.022463 -510.638641 -510.908929 -511.153440 -510.492875 -510.992123 -509.324000 -509.124113 -510.427435 -510.870237 -509.071537 -508.678381 -509.108040 -508.970775 -507.999606 -506.423935 -506.340890 -507.276359 -508.673632 -507.418533 -504.360006 -501.320154 -498.889719 -497.337635 -496.557269 -499.164676 -502.996373 -504.952172 -505.563218 -504.577133 -502.680042 -496.535175 -492.706147 -489.832653 -487.263273 -480.598718 -447.211963 -9999.0 -9999.0 -9999.0 -9999.0 -9999.0 -9999.0 -9999.0 -9999.0 -9999.0 -9999.0 -9999.0 -9999.0 -9999.0 -9999.0
-9999.0 -9999.0 -9999.0 -9999.0 -9999.0 -9999.0 -9999.0 -9999.0 -9999.0 -9999.0 -9999.0 -9999.0 -9999.0 -9999.0 -9999.0 -9999.0 -9999.0 -9999.0 -9999.0 -9999.0 -9999.0 -9999.0 -9999.0 -9999.0 -9999.0 -9999.0 -9999.0 -9999.0 -9999.0 -9999.0 -9999.0 -9999.0 -9999.0 -9999.0 -9999.0 -9999.0 -9999.0 -9999.0 -9999.0 -9999.0 -9999.0 -9999.0 -9999.0 -9999.0 -9999.0 -9999.0 -9999.0 -9999.0 -9999.0 -9999.0 -9999.0 -9999.0 -9999.0 -9999.0 -9999.0 -9999.0 -9999.0 -9999.0 -9999.0 -9999.0 -9999.0 -9999.0 -9999.0 -9999.0 -9999.0 -9999.0 -9999.0 -9999.0 -9999.0 -9999.0 -9999.0 -9999.0 -9999.0 -9999.0 -9999.0 -9999.0 -9999.0 -9999.0 -9999.0 -9999.0
-9999.0 -9999.0 -9999.0 -9999.0 -9999.0 -9999.0 -9999.0 -9999.0 -9999.0 -9999.0 -9999.0 -9999.0 -9999.0 -9999.0 -9999.0 -9999.0 -9999.0 -9999.0 -9999.0 -9999.0 -9999.0 -9999.0 -9999.0 -9999.0 -9999.0 -9999.0 -9999.0 -9999.0 -9999.0 -9999.0 -9999.0 -9999.0 -9999.0 -9999.0 -9999.0 -9999.0 -9999.0 -9999.0 -9999.0 -9999.0 -9999.0 -9999.0 -9999.0 -9999.0 -9999.0 -9999.0 -9999.0 -9999.0 -9999.0 -9999.0 -9999.0 -9999.0 -9999.0 -9999.0 -9999.0 -9999.0 -9999.0 -9999.0 -9999.0 -9999.0 -9999.0 -9999.0 -9999.0 -9999.0 -9999.0 -9999.0 -9999.0 -9999.0 -9999.0 -9999.0 -9999.0 -9999.0 -9999.0 -9999.0 -9999.0 -9999.0 -9999.0 -9999.0 -9999.0 -9999.0