Borden_/Borden1m_014/output_maps/psiliqL0007N0019.asc
ncols         80
nrows         18
xllcorner     620200.000000
yllcorner     5168000.000000
cellsize      1.000000
NODATA_value  -9999.0
-9999.0 -9999.0 -9999.0 -9999.0 -9999.0 -9999.0 -9999.0 -9999.0 -9999.0 -9999.0 -9999.0 -9999.0 -9999.0 -9999.0 -9999.0 -9999.0 -9999.0 -9999.0 -9999.0 -9999.0 -9999.0 -9999.0 -9999.0 -9999.0 -9999.0 -9999.0 -9999.0 -9999.0 -9999.0 -9999.0 -9999.0 -9999.0 -9999.0 -9999.0 -9999.0 -9999.0 -9999.0 -9999.0 -9999.0 -9999.0 -9999.0 -9999.0 -9999.0 -9999.0 -9999.0 -9999.0 -9999.0 -9999.0 -9999.0 -9999.0 -9999.0 -9999.0 -9999.0 -9999.0 -9999.0 -9999.0 -9999.0 -9999.0 -9999.0 -9999.0 -9999.0 -9999.0 -9999.0 -9999.0 -9999.0 -9999.0 -9999.0 -9999.0 -9999.0 -9999.0 -9999.0 -9999.0 -9999.0 -9999.0 -9999.0 -9999.0 -9999.0 -9999.0 -9999.0 -9999.0
-9999.0 -9999.0 -9999.0 -9999.0 -9999.0 -9999.0 -9999.0 -9999.0 -9999.0 -9999.0 -9999.0 -9999.0 -9999.0 -9999.0 -9999.0 -9999.0 -9999.0 -9999.0 -9999.0 -9999.0 -9999.0 -9999.0 -9999.0 -9999.0 -9999.0 -9999.0 -9999.0 -9999.0 -9999.0 -9999.0 -9999.0 -9999.0 -9999.0 -9999.0 -9999.0 -9999.0 -9999.0 -9999.0 -9999.0 -9999.0 -9999.0 -9999.0 -9999.0 -9999.0 -9999.0 -9999.0 -9999.0 -9999.0 -9999.0 -9999.0 -9999.0 -9999.0 -9999.0 -9999.0 -9999.0 -9999.0 -9999.0 -9999.0 -9999.0 -9999.0 -9999.0 -9999.0 -9999.0 -9999.0 -9999.0 -9999.0 -9999.0 -9999.0 -9999.0 -9999.0 -9999.0 -9999.0 -9999.0 -9999.0 -9999.0 -9999.0 -9999.0 -9999.0 -9999.0 -9999.0
-9999.0 -9999.0 -9999.0 -9999.0 -9999.0 -9999.0 -9999.0 -9999.0 -9999.0 -9999.0 -9999.0 -9999.0 -9999.0 -9999.0 -9999.0 -9999.0 -9999.0 -9999.0 -9999.0 -9999.0 -472.621389 -469.593670 -492.654765 -526.963470 -555.694080 -554.215256 -519.588720 -478.910848 -441.490879 -431.128957 -449.496701 -448.414902 -453.776213 -453.828443 -450.724391 -444.833604 -442.364297 -430.663160 -422.090427 -422.363653 -428.689178 -434.640035 -436.217422 -432.592816 -427.594078 -436.181548 -422.491560 -406.790363 -400.038027 -405.175735 -432.795090 -448.688943 -456.532737 -470.599835 -445.677111 -432.603842 -409.115776 -404.436938 -405.281646 -432.168478 -462.123621 -9999.0 -9999.0 -9999.0 -9999.0 -9999.0 -9999.0 -9999.0 -9999.0 -9999.0 -9999.0 -9999.0 -9999.0 -9999.0 -9999.0 -9999.0 -9999.0 -9999.0 -9999.0 -9999.0
-9999.0 -9999.0 -9999.0 -9999.0 -9999.0 -9999.0 -9999.0 -9999.0 -9999.0 -9999.0 -9999.0 -9999.0 -9999.0 -9999.0 -561.892485 -572.416696 -575.874874 -567.789432 -534.465360 -504.918930 -492.365260 -500.309679 -500.763939 -524.751182 -545.297393 -531.624674 -502.822338 -471.909053 -438.120950 -417.662120 -430.922923 -433.870736 -422.947691 -393.882510 -378.016494 -380.591418 -402.648824 -379.387922 -362.401176 -352.319664 -353.466804 -362.531026 -347.034443 -329.895188 -336.751985 -355.208318 -351.960095 -339.822612 -324.363437 -340.607034 -408.225765 -430.408592 -433.206969 -439.433658 -452.232980 -458.477781 -433.264705 -431.740911 -439.553891 -457.050169 -488.832902 -532.595575 -549.928282 -511.114804 -466.108568 -407.479407 -9999.0 -9999.0 -9999.0 -9999.0 -9999.0 -9999.0 -9999.0 -9999.0 -9999.0 -9999.0 -9999.0 -9999.0 -9999.0 -9999.0
-9999.0 -9999.0 -9999.0 -9999.0 -9999.0 -9999.0 -9999.0 -9999.0 -9999.0 -617.468564 -614.333308 -607.703551 -606.492570 -591.376682 -593.376820 -586.990100 -579.483632 -554.220483 -523.792345 -489.174266 -460.577600 -471.228869 -471.426485 -459.271641 -451.940400 -438.717698 -417.776499 -376.335685 -331.912927 -286.963820 -315.485378 -316.329508 -291.899602 -234.372361 -189.864355 -177.352651 -198.572709 -195.394483 -166.639128 -136.699733 -136.039433 -137.502775 -106.634608 -88.049014 -78.751296 -104.967668 -130.213057 -133.282032 -101.258852 -164.726812 -237.394993 -300.282340 -305.053034 -340.147614 -384.084341 -407.881955 -411.265346 -388.497459 -403.838090 -441.338135 -477.610219 -486.353853 -502.308039 -485.583287 -462.231036 -414.380236 -375.225595 -345.887735 -345.041452 -362.076207 -9999.0 -9999.0 -9999.0 -9999.0 -9999.0 -9999.0 -9999.0 -9999.0 -9999.0 -9999.0
-9999.0 -9999.0 -9999.0 -9999.0 -9999.0 -9999.0 -695.165234 -686.895184 -667.812036 -662.548838 -639.060764 -632.100244 -612.298186 -593.638591 -574.047684 -557.710782 -527.376693 -495.574676 -454.220839 -409.292586 -375.798766 -379.981571 -369.384807 -331.053203 -277.393289 -238.811333 -211.833161 -167.278249 -63.460177 16.626701 47.598722 64.961166 93.249194 129.941188 182.111494 214.423079 177.014099 159.644965 174.011822 206.760546 241.174478 245.337294 252.946986 261.336033 286.846883 276.590802 210.961691 190.163907 186.577434 178.410203 137.807230 83.965414 -2.822490 -90.128348 -190.816324 -255.355111 -261.385803 -250.585662 -287.307358 -344.374964 -389.179915 -400.316454 -415.052072 -429.146348 -423.300283 -403.048246 -378.632179 -366.434902 -378.167779 -398.098247 -420.730312 -449.045514 -446.974965 -421.160939 -9999.0 -9999.0 -9999.0 -9999.0 -9999.0 -9999.0
-9999.0 -9999.0 -9999.0 -9999.0 -744.252188 -732.392133 -744.267148 -721.632376 -690.562919 -658.400775 -626.838081 -590.370152 -564.272775 -535.504825 -494.180655 -455.610790 -411.312526 -375.140245 -313.871735 -234.210277 -173.067870 -138.989371 -114.555273 -8.886562 95.703667 142.545581 156.507479 176.345632 216.525571 301.957943 331.792693 336.071909 361.155227 384.076397 430.204059 463.238422 444.125290 428.504823 439.216121 448.468492 474.877616 476.582981 478.128633 478.886509 481.344647 481.399345 457.066584 417.510672 413.185858 398.334724 384.944158 323.122403 251.183594 213.549165 191.737999 156.793012 101.335349 63.882259 -43.881383 -128.612195 -209.120350 -241.209963 -280.782950 -310.849062 -343.855116 -343.618978 -340.474273 -359.841961 -389.722388 -420.984918 -435.207278 -453.205683 -462.663226 -432.308455 -414.178105 -382.719670 -9999.0 -9999.0 -9999.0 -9999.0
-9999.0 -9999.0 -801.322632 -751.604207 -696.691957 -688.872034 -687.136667 -683.207190 -657.595451 -608.375316 -530.341621 -477.576978 -432.313868 -401.672510 -337.106390 -240.633511 -153.169996 -85.041962 25.408442 111.978887 163.180883 194.615903 235.763798 275.342058 332.724798 382.224876 406.027283 426.181172 454.422033 486.255133 509.965197 524.755146 532.575940 528.336369 529.955186 528.333400 525.153309 518.187975 501.577250 498.722029 506.298360 509.136681 512.480874 500.085139 496.327125 508.756260 510.719205 509.534619 513.038259 520.167808 530.701180 499.159546 445.500704 423.038415 423.742918 388.611747 329.886371 265.153379 231.842679 195.182335 134.179793 87.520800 -8.353066 -101.574717 -174.667155 -218.225960 -269.522390 -311.946814 -357.579353 -402.321115 -424.893377 -442.563128 -443.934306 -442.483374 -425.848113 -409.665772 -393.863462 -385.853693 -9999.0 -9999.0
-9999.0 -898.823722 -826.530908 -699.479846 -621.889782 -578.131357 -537.762233 -508.826212 -485.868273 -472.865071 -361.103346 -240.952596 -139.829554 -97.423403 0.793478 123.222771 225.487250 262.448369 302.434560 345.157242 402.543830 444.391011 472.538329 502.374223 529.963036 528.767776 527.812223 527.433499 519.990878 513.328537 503.464766 510.858042 509.024705 493.513827 480.524063 478.465247 472.351133 444.456624 417.127947 403.673508 407.998985 428.513989 418.628421 399.224197 395.733023 415.017602 430.544785 415.532364 413.644774 426.005017 465.370468 485.305350 500.300238 513.261725 534.698066 512.665020 480.596727 440.178145 419.821203 394.802799 327.842564 267.213761 211.516140 155.336695 97.575478 -13.647715 -118.725305 -192.761785 -264.487666 -305.674779 -337.732638 -390.645178 -413.676890 -411.258755 -419.925301 -421.858562 -414.743991 -408.080964 -9999.0 -9999.0
-9999.0 -968.369473 -825.233558 -640.160384 -494.931875 -432.801945 -302.140332 -213.436388 -184.370628 -207.869628 -61.461345 208.389340 290.180289 299.538550 364.470074 441.085120 480.101237 505.684259 523.796623 519.755993 518.282171 521.946974 518.831796 511.181262 497.412279 489.741515 488.800547 486.097387 467.497155 449.261441 431.633271 426.847621 413.027664 379.889579 352.123808 337.765636 317.858734 268.429074 227.102310 200.979726 189.567025 206.671840 198.392126 183.246701 179.980893 199.550335 229.599813 226.530931 240.432039 269.602815 312.393451 362.415116 383.836450 405.501085 446.263480 486.970141 505.334567 524.843837 530.733880 507.423959 466.714981 417.620716 387.539387 316.534831 249.247640 175.533128 124.097163 71.555804 -50.026458 -126.231730 -189.702587 -257.238379 -320.348024 -349.513245 -388.824553 -409.685376 -9999.0 -9999.0 -9999.0 -9999.0
-9999.0 -1031.080482 -839.440746 -573.674831 -316.352956 -163.487485 92.371615 217.914395 309.282951 327.301788 385.121851 485.997994 504.625192 493.194634 474.965997 475.165903 487.489943 490.917551 487.467774 479.110677 471.321024 464.235070 461.888691 453.228313 440.392533 425.081183 412.436022 399.190633 346.588090 313.745192 282.427738 260.996679 224.482007 151.791774 121.896046 93.323364 3.228165 -23.164229 -48.984894 -95.695871 -121.017555 -138.473352 -117.466258 -119.230986 -119.357321 -107.924327 -77.156702 -45.278654 32.479744 94.560788 132.095060 174.266964 205.961908 253.289293 302.310562 368.662814 398.069068 424.278795 472.198699 509.066475 530.452504 522.092002 493.577238 454.839370 391.755681 317.342548 275.985375 219.710281 159.751992 115.772926 73.997718 -25.299515 -140.623841 -255.592172 -299.623245 -9999.0 -9999.0 -9999.0 -9999.0 -9999.0
-9999.0 -1179.942876 -912.533378 -615.571252 -272.429194 93.101354 203.840014 388.286347 458.231935 389.705217 342.254267 379.358424 413.062588 419.277156 399.424216 393.738471 386.878917 387.192864 400.336414 376.757086 343.675841 321.405860 316.270708 299.200095 268.882457 245.883557 230.625571 211.715189 169.469096 132.278592 63.513280 10.139976 -109.120144 -192.338615 -243.725620 -296.707004 -355.673743 -358.607627 -343.190655 -360.861444 -383.586882 -402.760492 -377.052360 -361.871280 -351.130044 -360.909783 -351.803699 -315.927701 -263.696743 -216.228696 -158.572216 -86.147849 -5.466147 90.323474 123.090879 165.407035 205.502653 258.321809 340.395579 418.480403 450.573373 483.534929 519.742360 537.312200 494.512669 450.073601 407.147058 367.129752 281.164511 229.951891 201.541873 160.645431 110.657855 -9999.0 -9999.0 -9999.0 -9999.0 -9999.0 -9999.0 -9999.0
-9999.0 -1315.556379 -1080.654827 -829.129780 -528.828645 -285.238632 -79.755325 88.468114 183.631426 148.643036 149.582243 170.352274 193.215623 211.268418 192.658553 166.059096 147.154279 151.619270 152.882234 135.314431 113.913120 101.893768 98.735932 82.125459 29.557009 -5.662485 -29.749790 -69.897890 -123.022196 -189.310935 -279.804396 -352.518389 -416.802478 -453.312517 -483.827911 -517.038175 -556.184685 -545.238514 -530.083055 -534.847398 -547.590287 -552.489859 -522.936812 -504.924608 -495.116146 -508.975168 -491.106729 -464.619703 -423.205860 -381.896362 -333.881244 -279.088864 -224.171848 -187.636301 -165.288814 -125.153198 -58.963460 53.760640 142.819818 230.406167 306.347215 366.739775 417.210709 451.346433 469.508685 489.037823 483.477472 439.639730 362.972887 309.361715 274.768929 -9999.0 -9999.0 -9999.0 -9999.0 -9999.0 -9999.0 -9999.0 -9999.0 -9999.0
-9999.0 -9999.0 -1318.203990 -1124.580338 -959.964916 -774.997365 -630.366702 -528.459643 -456.868178 -366.885291 -275.347001 -202.171733 -159.318793 -141.090610 -162.655860 -207.929140 -235.843513 -235.816877 -245.042396 -260.665149 -288.411581 -301.011774 -312.052197 -321.631659 -337.975508 -346.741844 -352.518932 -364.059607 -387.439957 -435.074672 -488.978059 -540.930914 -594.934177 -619.284362 -640.772275 -663.279169 -667.046375 -668.152577 -660.989000 -659.852918 -654.940980 -643.575564 -622.891835 -602.004918 -592.946056 -586.611697 -574.443676 -551.371798 -518.907505 -479.043568 -427.862769 -373.166409 -335.812378 -324.377085 -334.122181 -327.583989 -303.309919 -252.286188 -149.458035 -7.293516 115.794697 181.209348 255.458531 311.881811 344.698618 366.767906 408.195529 407.655134 260.299379 333.241678 -9999.0 -9999.0 -9999.0 -9999.0 -9999.0 -9999.0 -9999.0 -9999.0 -9999.0 -9999.0
-9999.0 -9999.0 -9999.0 -9999.0 -1267.442235 -1109.850872 -1017.626495 -937.000498 -821.029974 -718.413665 -630.905799 -558.539326 -509.042075 -486.736463 -499.805989 -507.758696 -516.852003 -519.962454 -528.248888 -534.626280 -541.027763 -548.634685 -558.940191 -566.238767 -567.065175 -563.672222 -565.296314 -577.753828 -592.624426 -620.164671 -644.351746 -679.093508 -715.752821 -744.357196 -756.986877 -763.961077 -763.459069 -768.492131 -758.781172 -752.738215 -738.092128 -722.750882 -698.888629 -671.020778 -658.959096 -645.146047 -635.706155 -615.202882 -585.956900 -534.277559 -473.273454 -418.803700 -386.608599 -384.724173 -413.034164 -430.747753 -435.545385 -408.561775 -360.220824 -284.787966 -170.376024 -67.093140 59.195959 120.980878 152.773903 196.943861 268.902129 340.141024 -9999.0 -9999.0 -9999.0 -9999.0 -9999.0 -9999.0 -9999.0 -9999.0 -9999.0 -9999.0 -9999.0 -9999.0
-9999.0 -9999.0 -9999.0 -9999.0 -9999.0 -9999.0 -1326.158703 -1232.841932 -1144.159438 -1027.802258 -920.998287 -833.758126 -763.176779 -740.763287 -725.853439 -704.913121 -710.005279 -726.237839 -741.778931 -725.874295 -717.261908 -721.592259 -747.786268 -749.260366 -745.993964 -736.401398 -737.167261 -742.830384 -766.940229 -759.447764 -761.111359 -783.566515 -809.107632 -823.295374 -834.534649 -824.448422 -823.401104 -835.496901 -832.615157 -806.928405 -787.537704 -774.141591 -751.654869 -718.842106 -687.274320 -673.486662 -672.854010 -666.933992 -625.676494 -556.393318 -487.571178 -435.788824 -406.669238 -400.925601 -431.470826 -474.674668 -498.623515 -494.474626 -462.513194 -411.072012 -333.415342 -281.383055 -243.256981 -213.365666 -177.107795 -53.738505 -9999.0 -9999.0 -9999.0 -9999.0 -9999.0 -9999.0 -9999.0 -9999.0 -9999.0 -9999.0 -9999.0 -9999.0 -9999.0 -9999.0
-9999.0 -9999.0 -9999.0 -9999.0 -9999.0 -9999.0 -9999.0 -9999.0 -9999.0 -9999.0 -9999.0 -9999.0 -9999.0 -9999.0 -9999.0 -9999.0 -9999.0 -9999.0 -9999.0 -9999.0 -9999.0 -9999.0 -9999.0 -9999.0 -9999.0 -9999.0 -9999.0 -9999.0 -9999.0 -9999.0 -9999.0 -9999.0 -9999.0 -9999.0 -9999.0 -9999.0 -9999.0 -9999.0 -9999.0 -9999.0 -9999.0 -9999.0 -9999.0 -9999.0 -9999.0 -9999.0 -9999.0 -9999.0 -9999.0 -9999.0 -9999.0 -9999.0 -9999.0 -9999.0 -9999.0 -9999.0 -9999.0 -9999.0 -9999.0 -9999.0 -9999.0 -9999.0 -9999.0 -9999.0 -9999.0 -9999.0 -9999.0 -9999.0 -9999.0 -9999.0 -9999.0 -9999.0 -9999.0 -9999.0 -9999.0 -9999.0 -9999.0 -9999.0 -9999.0 -9999.0
-9999.0 -9999.0 -9999.0 -9999.0 -9999.0 -9999.0 -9999.0 -9999.0 -9999.0 -9999.0 -9999.0 -9999.0 -9999.0 -9999.0 -9999.0 -9999.0 -9999.0 -9999.0 -9999.0 -9999.0 -9999.0 -9999.0 -9999.0 -9999.0 -9999.0 -9999.0 -9999.0 -9999.0 -9999.0 -9999.0 -9999.0 -9999.0 -9999.0 -9999.0 -9999.0 -9999.0 -9999.0 -9999.0 -9999.0 -9999.0 -9999.0 -9999.0 -9999.0 -9999.0 -9999.0 -9999.0 -9999.0 -9999.0 -9999.0 -9999.0 -9999.0 -9999.0 -9999.0 -9999.0 -9999.0 -9999.0 -9999.0 -9999.0 -9999.0 -9999.0 -9999.0 -9999.0 -9999.0 -9999.0 -9999.0 -9999.0 -9999.0 -9999.0 -9999.0 -9999.0 -9999.0 -9999.0 -9999.0 -9999.0 -9999.0 -9999.0 -9999.0 -9999.0 -9999.0 -9999.0