Borden_/Borden1m_014/output_maps/psiliqL0005N0006.asc
ncols         80
nrows         18
xllcorner     620200.000000
yllcorner     5168000.000000
cellsize      1.000000
NODATA_value  -9999.0
-9999.0 -9999.0 -9999.0 -9999.0 -9999.0 -9999.0 -9999.0 -9999.0 -9999.0 -9999.0 -9999.0 -9999.0 -9999.0 -9999.0 -9999.0 -9999.0 -9999.0 -9999.0 -9999.0 -9999.0 -9999.0 -9999.0 -9999.0 -9999.0 -9999.0 -9999.0 -9999.0 -9999.0 -9999.0 -9999.0 -9999.0 -9999.0 -9999.0 -9999.0 -9999.0 -9999.0 -9999.0 -9999.0 -9999.0 -9999.0 -9999.0 -9999.0 -9999.0 -9999.0 -9999.0 -9999.0 -9999.0 -9999.0 -9999.0 -9999.0 -9999.0 -9999.0 -9999.0 -9999.0 -9999.0 -9999.0 -9999.0 -9999.0 -9999.0 -9999.0 -9999.0 -9999.0 -9999.0 -9999.0 -9999.0 -9999.0 -9999.0 -9999.0 -9999.0 -9999.0 -9999.0 -9999.0 -9999.0 -9999.0 -9999.0 -9999.0 -9999.0 -9999.0 -9999.0 -9999.0
-9999.0 -9999.0 -9999.0 -9999.0 -9999.0 -9999.0 -9999.0 -9999.0 -9999.0 -9999.0 -9999.0 -9999.0 -9999.0 -9999.0 -9999.0 -9999.0 -9999.0 -9999.0 -9999.0 -9999.0 -9999.0 -9999.0 -9999.0 -9999.0 -9999.0 -9999.0 -9999.0 -9999.0 -9999.0 -9999.0 -9999.0 -9999.0 -9999.0 -9999.0 -9999.0 -9999.0 -9999.0 -9999.0 -9999.0 -9999.0 -9999.0 -9999.0 -9999.0 -9999.0 -9999.0 -9999.0 -9999.0 -9999.0 -9999.0 -9999.0 -9999.0 -9999.0 -9999.0 -9999.0 -9999.0 -9999.0 -9999.0 -9999.0 -9999.0 -9999.0 -9999.0 -9999.0 -9999.0 -9999.0 -9999.0 -9999.0 -9999.0 -9999.0 -9999.0 -9999.0 -9999.0 -9999.0 -9999.0 -9999.0 -9999.0 -9999.0 -9999.0 -9999.0 -9999.0 -9999.0
-9999.0 -9999.0 -9999.0 -9999.0 -9999.0 -9999.0 -9999.0 -9999.0 -9999.0 -9999.0 -9999.0 -9999.0 -9999.0 -9999.0 -9999.0 -9999.0 -9999.0 -9999.0 -9999.0 -9999.0 -773.989266 -770.868309 -793.907966 -827.997822 -856.591857 -855.251768 -820.993068 -781.028518 -744.533597 -734.366747 -752.527696 -751.878169 -757.494783 -757.565644 -754.660919 -749.305679 -747.375353 -736.034199 -727.786426 -728.044815 -734.162166 -740.035143 -741.997109 -738.416530 -733.652739 -741.428309 -728.285347 -713.087441 -706.235592 -710.891940 -737.346812 -752.628542 -759.887746 -773.287463 -748.609056 -735.389949 -712.038969 -707.175925 -707.655054 -733.999850 -763.507058 -9999.0 -9999.0 -9999.0 -9999.0 -9999.0 -9999.0 -9999.0 -9999.0 -9999.0 -9999.0 -9999.0 -9999.0 -9999.0 -9999.0 -9999.0 -9999.0 -9999.0 -9999.0 -9999.0
-9999.0 -9999.0 -9999.0 -9999.0 -9999.0 -9999.0 -9999.0 -9999.0 -9999.0 -9999.0 -9999.0 -9999.0 -9999.0 -9999.0 -862.290019 -872.935635 -876.467082 -868.430300 -835.366860 -806.256206 -793.820643 -801.817098 -802.383575 -826.177129 -846.453269 -833.064923 -805.014882 -774.991327 -742.372445 -722.721569 -736.048983 -739.315887 -729.163491 -701.854553 -687.483293 -690.514487 -711.948859 -690.268130 -674.549773 -665.200989 -666.409181 -675.019380 -660.446452 -644.544732 -651.069791 -668.146033 -665.313817 -654.002487 -638.946821 -653.229320 -716.158749 -736.581652 -738.314856 -743.814050 -755.740847 -761.634198 -736.767451 -734.807235 -742.202808 -759.169724 -790.247182 -833.374440 -850.345232 -811.903208 -767.086083 -708.754275 -9999.0 -9999.0 -9999.0 -9999.0 -9999.0 -9999.0 -9999.0 -9999.0 -9999.0 -9999.0 -9999.0 -9999.0 -9999.0 -9999.0
-9999.0 -9999.0 -9999.0 -9999.0 -9999.0 -9999.0 -9999.0 -9999.0 -9999.0 -917.422103 -914.532562 -907.968810 -906.888710 -891.862381 -893.772666 -887.501501 -879.836013 -855.043558 -825.048242 -791.080988 -763.126697 -774.021698 -774.470465 -762.459982 -755.232641 -743.155096 -724.092186 -685.711235 -645.491969 -605.961618 -634.112724 -636.589795 -618.554972 -570.322912 -532.588776 -522.987936 -541.359747 -539.906551 -515.966557 -491.419437 -492.560842 -494.538797 -472.150448 -459.816573 -451.725773 -468.914788 -487.625302 -490.676222 -466.086392 -513.469880 -573.206789 -625.745014 -624.132051 -653.675413 -693.807947 -715.749983 -718.040794 -694.878404 -708.942389 -744.928681 -780.178764 -788.141921 -803.528619 -787.107367 -763.815767 -716.213949 -677.483855 -648.272980 -646.994480 -663.603849 -9999.0 -9999.0 -9999.0 -9999.0 -9999.0 -9999.0 -9999.0 -9999.0 -9999.0 -9999.0
-9999.0 -9999.0 -9999.0 -9999.0 -9999.0 -9999.0 -994.882496 -986.796305 -967.874497 -962.411971 -939.233370 -932.187083 -912.432011 -893.823203 -874.657896 -858.385393 -828.297706 -797.303645 -757.209063 -714.607904 -683.871241 -688.748726 -680.009898 -647.082589 -604.666636 -573.157262 -551.822706 -517.546994 -445.930182 -402.579684 -386.817190 -380.910897 -369.854242 -305.344649 -131.739287 37.164448 -143.532748 -210.489220 -129.399133 100.393607 119.473416 120.585670 122.410910 123.809757 131.958877 130.541161 119.914493 114.588953 84.866420 -121.080377 -280.839961 -372.914322 -417.218546 -461.805547 -535.058995 -591.571567 -593.480384 -577.716758 -606.189218 -656.284878 -696.913933 -706.091210 -719.162317 -732.474391 -726.494912 -706.234762 -681.663616 -669.225754 -680.282131 -699.549174 -721.813747 -749.759151 -747.592842 -721.728107 -9999.0 -9999.0 -9999.0 -9999.0 -9999.0 -9999.0
-9999.0 -9999.0 -9999.0 -9999.0 -1043.914833 -1032.120798 -1043.723698 -1021.365578 -990.401667 -958.449608 -926.766303 -890.315224 -864.473985 -836.237034 -795.607237 -758.075987 -716.361095 -684.250424 -632.313012 -566.757593 -517.810199 -493.089387 -480.971163 -422.909009 -353.069810 -272.933062 -231.214187 -128.026679 90.497165 130.935413 138.042848 138.559600 142.708582 151.772002 169.248677 185.967511 172.881646 168.969144 174.998351 188.682508 198.312850 198.198737 198.391607 198.065779 198.109597 199.284426 194.951781 186.240207 180.421204 167.679040 155.915179 135.937595 127.313821 120.403810 85.275532 -215.326718 -353.978565 -382.540942 -437.499693 -487.407279 -549.489105 -572.643873 -601.709854 -624.843494 -653.329448 -651.172312 -646.735659 -664.394675 -692.589236 -722.881859 -736.615372 -754.196856 -763.233298 -732.909166 -714.694774 -683.091969 -9999.0 -9999.0 -9999.0 -9999.0
-9999.0 -9999.0 -1100.867238 -1050.775993 -996.037189 -988.070327 -985.657628 -981.666750 -956.266843 -907.524065 -829.825903 -778.522313 -735.072688 -707.768457 -651.384135 -570.893400 -502.150386 -459.347319 -404.294475 -325.531951 -205.656291 73.819485 114.147460 124.117657 137.071265 153.114784 159.909790 171.115658 187.991943 196.107333 206.851987 220.369458 224.378257 219.832083 218.469317 217.134823 215.555758 213.376124 201.956611 203.444861 210.418815 212.136270 215.561888 203.777226 200.399828 209.513951 212.078774 213.932450 215.976575 222.293243 230.256705 204.362305 188.539693 187.099324 184.503041 159.659196 139.555669 129.283175 124.937781 78.886394 -281.912157 -366.869062 -423.448174 -469.677058 -516.325750 -544.256599 -585.891462 -622.191351 -663.522374 -705.695153 -727.123310 -744.140542 -745.086308 -743.221945 -726.490074 -710.133613 -694.226247 -686.153898 -9999.0 -9999.0
-9999.0 -1197.393219 -1124.959511 -997.464851 -920.047777 -876.194288 -834.630514 -805.410368 -784.116866 -774.198531 -670.662519 -567.584510 -486.187047 -462.887659 -413.524560 -293.610845 62.223801 119.081006 129.283309 142.823698 161.385510 185.764258 194.191253 204.765079 226.572802 222.099999 218.776778 218.181690 211.097558 203.727893 197.981538 201.106566 200.338368 194.928719 191.524173 192.361529 192.788109 188.464996 183.569667 182.031898 183.836831 190.280377 186.749633 180.510305 178.024047 184.648727 189.308691 186.781209 182.447139 185.768485 193.109236 196.556362 203.457893 215.464997 233.357590 210.878630 196.078622 187.454937 184.940065 176.686518 148.901039 129.471673 79.313883 -247.706746 -354.153219 -427.144259 -478.665310 -527.004555 -583.476610 -617.082811 -644.494935 -693.911624 -715.727524 -712.602817 -720.885220 -722.479666 -715.097281 -708.342497 -9999.0 -9999.0
-9999.0 -1264.763687 -1121.230794 -935.661313 -791.629307 -732.571942 -617.110889 -538.303957 -516.276815 -538.182758 -442.528387 57.489600 127.851530 128.878728 146.459144 169.348108 191.912975 211.806301 224.959182 217.284321 211.627417 214.678456 209.955010 201.561973 196.665544 195.375266 196.201368 196.509930 192.284792 188.176443 184.532431 184.740198 179.231918 155.136576 143.381804 139.650197 138.256906 135.069300 127.694681 122.373955 119.094393 125.731763 121.808477 114.243478 103.928134 119.304839 130.417335 127.189453 127.557132 131.863061 141.699713 153.995171 171.533003 180.684004 188.044808 197.170613 203.562736 223.262515 228.388516 205.563745 193.338331 181.984665 174.525405 145.739075 106.290582 -196.885439 -313.520394 -378.066816 -438.817837 -478.297263 -521.368023 -574.047863 -628.105591 -652.666771 -690.036535 -710.566584 -9999.0 -9999.0 -9999.0 -9999.0
-9999.0 -1324.263891 -1131.558223 -864.146030 -618.462313 -499.699406 -280.565853 91.577093 127.976502 146.589352 155.626513 209.653262 219.978386 205.550427 193.920784 190.438018 193.212146 193.714822 192.117902 190.432999 189.749469 190.134943 190.534944 189.506029 188.132999 185.761490 183.378402 180.058113 159.270847 146.173772 136.294969 132.596432 107.024012 -236.016896 -323.684440 -360.824619 -413.948250 -420.869683 -434.471299 -463.549898 -479.861749 -490.906414 -475.941927 -479.310918 -480.378298 -471.574301 -450.817373 -437.265513 -400.473509 -364.342283 -308.643396 -210.940611 74.764594 124.680772 138.409280 155.505958 175.382468 184.197693 193.884667 205.165991 224.704311 218.382609 199.908434 190.978399 174.264646 148.579913 136.312957 105.205768 -116.120255 -283.636996 -358.190011 -423.305877 -484.222440 -564.588241 -602.723140 -9999.0 -9999.0 -9999.0 -9999.0 -9999.0
-9999.0 -1467.143086 -1199.344040 -900.494647 -570.484846 -197.852463 40.047847 148.613914 177.753865 152.741011 151.634335 170.656507 184.540799 184.974367 176.722402 162.720801 154.045210 152.683868 157.547865 149.726416 142.426747 140.081608 141.419504 139.184918 134.047824 130.650765 127.448839 109.916588 -148.384794 -284.420117 -385.932635 -404.961512 -472.012216 -534.649549 -576.129557 -619.032402 -666.975360 -668.334987 -653.620271 -669.784201 -690.716822 -708.822665 -684.964726 -671.280966 -661.567527 -670.775075 -663.131322 -631.661568 -587.825566 -551.034819 -508.287116 -461.832307 -423.572811 -371.937115 -327.365580 -227.230833 78.623941 125.978560 148.805800 180.980863 188.475325 196.023636 215.787083 233.539038 201.426629 189.773116 182.584107 173.677353 148.220530 130.554720 99.735244 -182.929772 -328.734685 -9999.0 -9999.0 -9999.0 -9999.0 -9999.0 -9999.0 -9999.0
-9999.0 -1604.608517 -1366.215600 -1109.644312 -807.157595 -586.299521 -444.847687 -334.821295 -215.083795 -229.901864 -190.365413 75.137934 117.767004 124.734879 97.669054 -155.240074 -253.924118 -250.556678 -251.029402 -298.294105 -341.231717 -360.192147 -360.152087 -368.411496 -397.743797 -414.594938 -425.304402 -446.802508 -480.832173 -528.562555 -603.568040 -663.566354 -720.696086 -755.067960 -783.975437 -815.990496 -854.936256 -844.195620 -829.023884 -834.018484 -847.018794 -852.246756 -823.139784 -805.641990 -796.040713 -810.009145 -792.647579 -766.817379 -726.906907 -688.467685 -645.205487 -596.981116 -550.808600 -525.386394 -512.714432 -487.005598 -450.017074 -395.063540 -271.588308 87.204037 139.122451 155.953390 180.203132 189.477337 193.439087 210.782268 214.184328 187.477789 164.849153 168.952752 167.125799 -9999.0 -9999.0 -9999.0 -9999.0 -9999.0 -9999.0 -9999.0 -9999.0 -9999.0
-9999.0 -9999.0 -1604.641617 -1407.474051 -1237.065240 -1051.014932 -907.357450 -810.979723 -749.697012 -676.115240 -598.978615 -535.274720 -500.805331 -486.828177 -505.446622 -545.396721 -570.893091 -570.124649 -577.783334 -591.477373 -615.034422 -623.283707 -630.779247 -637.208297 -650.257889 -657.281839 -661.723760 -671.319279 -692.181481 -736.489974 -788.674650 -839.391788 -892.869572 -917.035193 -938.569228 -961.385646 -965.787666 -966.616005 -959.383885 -958.423567 -953.937904 -942.870460 -922.202702 -901.605862 -892.673062 -886.709127 -874.565992 -851.658883 -819.512263 -780.542926 -730.927772 -678.793423 -644.279381 -635.050105 -645.966495 -641.734005 -622.317072 -583.035946 -505.339620 -425.446493 -324.056520 -175.996300 112.619685 141.519734 149.861810 170.916124 183.814542 175.281131 111.925551 155.365957 -9999.0 -9999.0 -9999.0 -9999.0 -9999.0 -9999.0 -9999.0 -9999.0 -9999.0 -9999.0
-9999.0 -9999.0 -9999.0 -9999.0 -1550.178886 -1391.472475 -1299.368313 -1218.407569 -1103.854818 -1003.877036 -918.964063 -849.589888 -803.594974 -782.669351 -796.469598 -805.878341 -815.022193 -817.322075 -824.908162 -831.706687 -838.490270 -845.800689 -855.225731 -862.416098 -863.559864 -860.579220 -862.164975 -874.399726 -888.784407 -917.111673 -942.045212 -977.005493 -1014.007215 -1042.781923 -1055.586521 -1062.996741 -1062.566651 -1067.445032 -1057.695055 -1051.943810 -1037.451108 -1022.130208 -998.285111 -970.632452 -958.821195 -945.113336 -935.626329 -915.035402 -885.921595 -834.692205 -774.570718 -721.430428 -690.599933 -689.316533 -717.518615 -735.165280 -740.238522 -715.338219 -672.264813 -609.491620 -519.008771 -455.676468 -391.289250 -326.300373 -250.115179 77.964045 153.672830 168.882535 -9999.0 -9999.0 -9999.0 -9999.0 -9999.0 -9999.0 -9999.0 -9999.0 -9999.0 -9999.0 -9999.0 -9999.0
-9999.0 -9999.0 -9999.0 -9999.0 -9999.0 -9999.0 -1611.273317 -1518.806666 -1428.121679 -1314.540984 -1210.735762 -1125.064171 -1055.575210 -1034.337491 -1021.034945 -1000.972905 -1006.491584 -1022.308509 -1037.274144 -1021.935652 -1014.264462 -1018.432132 -1044.058984 -1045.838523 -1042.985817 -1033.390194 -1034.142456 -1039.925524 -1064.134233 -1057.609722 -1059.974281 -1082.600541 -1108.349219 -1122.853350 -1134.223328 -1124.255264 -1123.236147 -1135.219321 -1132.068837 -1106.622227 -1087.408297 -1073.988429 -1051.397035 -1018.646318 -987.191196 -973.570104 -972.937392 -966.902584 -925.369265 -856.348285 -788.328017 -737.589472 -709.391644 -704.061296 -734.399924 -777.105591 -800.886900 -797.043201 -766.412899 -718.163263 -648.687604 -606.615377 -580.044386 -560.592790 -535.819491 -447.502872 -9999.0 -9999.0 -9999.0 -9999.0 -9999.0 -9999.0 -9999.0 -9999.0 -9999.0 -9999.0 -9999.0 -9999.0 -9999.0 -9999.0
-9999.0 -9999.0 -9999.0 -9999.0 -9999.0 -9999.0 -9999.0 -9999.0 -9999.0 -9999.0 -9999.0 -9999.0 -9999.0 -9999.0 -9999.0 -9999.0 -9999.0 -9999.0 -9999.0 -9999.0 -9999.0 -9999.0 -9999.0 -9999.0 -9999.0 -9999.0 -9999.0 -9999.0 -9999.0 -9999.0 -9999.0 -9999.0 -9999.0 -9999.0 -9999.0 -9999.0 -9999.0 -9999.0 -9999.0 -9999.0 -9999.0 -9999.0 -9999.0 -9999.0 -9999.0 -9999.0 -9999.0 -9999.0 -9999.0 -9999.0 -9999.0 -9999.0 -9999.0 -9999.0 -9999.0 -9999.0 -9999.0 -9999.0 -9999.0 -9999.0 -9999.0 -9999.0 -9999.0 -9999.0 -9999.0 -9999.0 -9999.0 -9999.0 -9999.0 -9999.0 -9999.0 -9999.0 -9999.0 -9999.0 -9999.0 -9999.0 -9999.0 -9999.0 -9999.0 -9999.0
-9999.0 -9999.0 -9999.0 -9999.0 -9999.0 -9999.0 -9999.0 -9999.0 -9999.0 -9999.0 -9999.0 -9999.0 -9999.0 -9999.0 -9999.0 -9999.0 -9999.0 -9999.0 -9999.0 -9999.0 -9999.0 -9999.0 -9999.0 -9999.0 -9999.0 -9999.0 -9999.0 -9999.0 -9999.0 -9999.0 -9999.0 -9999.0 -9999.0 -9999.0 -9999.0 -9999.0 -9999.0 -9999.0 -9999.0 -9999.0 -9999.0 -9999.0 -9999.0 -9999.0 -9999.0 -9999.0 -9999.0 -9999.0 -9999.0 -9999.0 -9999.0 -9999.0 -9999.0 -9999.0 -9999.0 -9999.0 -9999.0 -9999.0 -9999.0 -9999.0 -9999.0 -9999.0 -9999.0 -9999.0 -9999.0 -9999.0 -9999.0 -9999.0 -9999.0 -9999.0 -9999.0 -9999.0 -9999.0 -9999.0 -9999.0 -9999.0 -9999.0 -9999.0 -9999.0 -9999.0