Borden_/Borden1m_014/output_maps/psiliqL0017N0030.asc
ncols         80
nrows         18
xllcorner     620200.000000
yllcorner     5168000.000000
cellsize      1.000000
NODATA_value  -9999.0
-9999.0 -9999.0 -9999.0 -9999.0 -9999.0 -9999.0 -9999.0 -9999.0 -9999.0 -9999.0 -9999.0 -9999.0 -9999.0 -9999.0 -9999.0 -9999.0 -9999.0 -9999.0 -9999.0 -9999.0 -9999.0 -9999.0 -9999.0 -9999.0 -9999.0 -9999.0 -9999.0 -9999.0 -9999.0 -9999.0 -9999.0 -9999.0 -9999.0 -9999.0 -9999.0 -9999.0 -9999.0 -9999.0 -9999.0 -9999.0 -9999.0 -9999.0 -9999.0 -9999.0 -9999.0 -9999.0 -9999.0 -9999.0 -9999.0 -9999.0 -9999.0 -9999.0 -9999.0 -9999.0 -9999.0 -9999.0 -9999.0 -9999.0 -9999.0 -9999.0 -9999.0 -9999.0 -9999.0 -9999.0 -9999.0 -9999.0 -9999.0 -9999.0 -9999.0 -9999.0 -9999.0 -9999.0 -9999.0 -9999.0 -9999.0 -9999.0 -9999.0 -9999.0 -9999.0 -9999.0
-9999.0 -9999.0 -9999.0 -9999.0 -9999.0 -9999.0 -9999.0 -9999.0 -9999.0 -9999.0 -9999.0 -9999.0 -9999.0 -9999.0 -9999.0 -9999.0 -9999.0 -9999.0 -9999.0 -9999.0 -9999.0 -9999.0 -9999.0 -9999.0 -9999.0 -9999.0 -9999.0 -9999.0 -9999.0 -9999.0 -9999.0 -9999.0 -9999.0 -9999.0 -9999.0 -9999.0 -9999.0 -9999.0 -9999.0 -9999.0 -9999.0 -9999.0 -9999.0 -9999.0 -9999.0 -9999.0 -9999.0 -9999.0 -9999.0 -9999.0 -9999.0 -9999.0 -9999.0 -9999.0 -9999.0 -9999.0 -9999.0 -9999.0 -9999.0 -9999.0 -9999.0 -9999.0 -9999.0 -9999.0 -9999.0 -9999.0 -9999.0 -9999.0 -9999.0 -9999.0 -9999.0 -9999.0 -9999.0 -9999.0 -9999.0 -9999.0 -9999.0 -9999.0 -9999.0 -9999.0
-9999.0 -9999.0 -9999.0 -9999.0 -9999.0 -9999.0 -9999.0 -9999.0 -9999.0 -9999.0 -9999.0 -9999.0 -9999.0 -9999.0 -9999.0 -9999.0 -9999.0 -9999.0 -9999.0 -9999.0 1552.146243 1554.916081 1533.994243 1501.556428 1475.079411 1478.876453 1514.818162 1557.785639 1598.328000 1609.577931 1593.244465 1597.733986 1594.646003 1593.775673 1596.709034 1604.744730 1610.555952 1622.289556 1631.453768 1631.896424 1626.867828 1622.956329 1624.584735 1627.463133 1632.684798 1619.965390 1633.009084 1646.687419 1649.755238 1642.985416 1614.476916 1597.498080 1586.323359 1568.351194 1590.993030 1600.537922 1621.244368 1623.503327 1620.023188 1591.782674 1560.891306 -9999.0 -9999.0 -9999.0 -9999.0 -9999.0 -9999.0 -9999.0 -9999.0 -9999.0 -9999.0 -9999.0 -9999.0 -9999.0 -9999.0 -9999.0 -9999.0 -9999.0 -9999.0 -9999.0
-9999.0 -9999.0 -9999.0 -9999.0 -9999.0 -9999.0 -9999.0 -9999.0 -9999.0 -9999.0 -9999.0 -9999.0 -9999.0 -9999.0 1458.071608 1449.666749 1448.278752 1457.920855 1492.626697 1523.914635 1536.191035 1529.840219 1531.273464 1509.024052 1489.608863 1505.118037 1536.783095 1570.212672 1606.617503 1628.218453 1618.999011 1618.496721 1629.010528 1654.049854 1666.622808 1664.620351 1646.404797 1671.082408 1687.428935 1696.391371 1697.110277 1689.720312 1702.300605 1717.672939 1710.306949 1692.677984 1697.882861 1708.733645 1718.403967 1703.799200 1639.251683 1619.350485 1612.658234 1604.001785 1587.718459 1579.704689 1603.607363 1601.389925 1591.424522 1571.971664 1537.845349 1492.675418 1472.733476 1510.283106 1552.463832 1608.153743 -9999.0 -9999.0 -9999.0 -9999.0 -9999.0 -9999.0 -9999.0 -9999.0 -9999.0 -9999.0 -9999.0 -9999.0 -9999.0 -9999.0
-9999.0 -9999.0 -9999.0 -9999.0 -9999.0 -9999.0 -9999.0 -9999.0 -9999.0 1396.361054 1402.174581 1410.771306 1414.726135 1431.755416 1430.214128 1438.781187 1446.816076 1475.653687 1508.020744 1544.265199 1573.967960 1566.700018 1568.630924 1579.070295 1582.232805 1595.274091 1618.942566 1661.080894 1701.105965 1742.932993 1715.480303 1714.586904 1734.873648 1781.430251 1812.519943 1818.857769 1801.383101 1813.047996 1839.079149 1861.336516 1862.160636 1860.558397 1886.311913 1900.587660 1899.307585 1877.808795 1866.542716 1866.537327 1890.315924 1837.102018 1769.140419 1719.705840 1724.038599 1693.795318 1656.487649 1636.059006 1631.654596 1649.685613 1633.084720 1594.397167 1556.864611 1543.805442 1524.557977 1540.554682 1560.957448 1605.217818 1642.419975 1669.222111 1666.963029 1648.319058 -9999.0 -9999.0 -9999.0 -9999.0 -9999.0 -9999.0 -9999.0 -9999.0 -9999.0 -9999.0
-9999.0 -9999.0 -9999.0 -9999.0 -9999.0 -9999.0 1315.447053 1326.206975 1347.927620 1353.333767 1380.483127 1389.103761 1411.247574 1432.037400 1455.636840 1473.366136 1504.429388 1538.846190 1580.668864 1624.627924 1658.001017 1653.746414 1665.536671 1695.427175 1733.376063 1761.970477 1788.813250 1830.859997 1908.445667 1951.512818 1957.511893 1963.248900 1973.947809 2023.659264 2087.778681 2101.884876 2082.096705 2068.752954 2090.863857 2128.854337 2134.894863 2137.406222 2149.827624 2159.920829 2185.267376 2174.096048 2133.160905 2118.837412 2116.723648 2097.045651 2032.734747 1969.219768 1936.575778 1885.245425 1800.630129 1746.625761 1754.643132 1772.284830 1742.040250 1686.393614 1644.500543 1632.222665 1615.299137 1600.743116 1605.683979 1622.897289 1642.769493 1651.861334 1636.709597 1613.680409 1589.502839 1559.496485 1560.412963 1584.814001 -9999.0 -9999.0 -9999.0 -9999.0 -9999.0 -9999.0
-9999.0 -9999.0 -9999.0 -9999.0 1263.954454 1277.838862 1266.314439 1293.195802 1327.476106 1363.414274 1396.374803 1434.380981 1463.271244 1495.385169 1536.768469 1571.060181 1613.516474 1650.506155 1706.176748 1775.391152 1827.723594 1852.083855 1868.680276 1927.338743 1989.005947 2041.779658 2064.182144 2093.554499 2140.089432 2201.443151 2229.301048 2236.504261 2254.673873 2291.994429 2341.244304 2375.501390 2359.094102 2351.526708 2359.066954 2372.358633 2397.125833 2399.585708 2402.151524 2405.110636 2409.794167 2407.554019 2381.249113 2346.192702 2330.137879 2319.112560 2286.687710 2216.087491 2176.493058 2144.539478 2106.914017 2052.875937 1990.753354 1976.489070 1917.744542 1858.225139 1795.648129 1773.694497 1742.105456 1715.281927 1685.207879 1685.281325 1686.459281 1663.429854 1628.424579 1594.080275 1577.381720 1557.235031 1544.895973 1574.113220 1590.845866 1620.362796 -9999.0 -9999.0 -9999.0 -9999.0
-9999.0 -9999.0 1202.842820 1251.539814 1309.761302 1319.548121 1320.335829 1327.751902 1358.215549 1412.346747 1487.603802 1537.691609 1580.061817 1616.441767 1677.549353 1755.841510 1828.149964 1878.259119 1940.461865 2012.464850 2076.130501 2110.502579 2128.588808 2169.197511 2224.356669 2288.358555 2316.462176 2344.284982 2377.860258 2413.656747 2422.106607 2436.071794 2445.554403 2450.590834 2458.153194 2460.882203 2455.851016 2450.043276 2431.265436 2427.346040 2434.845960 2441.470117 2442.776640 2429.305255 2425.228109 2438.594806 2442.295459 2440.282138 2438.406438 2444.658467 2446.168786 2404.846084 2370.677131 2353.800781 2341.147981 2295.168144 2229.042763 2187.696742 2163.265095 2118.145741 2039.298571 1988.219846 1937.288489 1888.566906 1835.423037 1804.001733 1755.839098 1711.076903 1662.189729 1613.924771 1588.817920 1569.765077 1566.255467 1564.965090 1580.298431 1594.731715 1609.403625 1616.825963 -9999.0 -9999.0
-9999.0 1097.759363 1170.318864 1296.473477 1377.523180 1422.449701 1451.685470 1473.281493 1504.295989 1534.884808 1638.451595 1721.719807 1813.702808 1854.256438 1905.892018 2004.200457 2100.603811 2148.859046 2189.363376 2248.640350 2311.338526 2361.088129 2391.147932 2397.233445 2433.126118 2450.235154 2454.760319 2459.384336 2457.137220 2449.764057 2441.699751 2447.853042 2443.772354 2424.212796 2407.505395 2403.758531 2397.412076 2371.879148 2341.853960 2326.042263 2328.008635 2351.808991 2339.228506 2318.453924 2314.699190 2336.223635 2356.757880 2348.137355 2336.406180 2355.297435 2390.872921 2414.274702 2423.127340 2440.177945 2460.806137 2434.369568 2406.836580 2363.649266 2342.481160 2312.188384 2252.377877 2190.423681 2134.431907 2072.697533 2005.421171 1937.464368 1872.869966 1809.303768 1741.569677 1698.928966 1666.896436 1616.714290 1595.985648 1597.194525 1587.715885 1583.856825 1588.887108 1594.734221 -9999.0 -9999.0
-9999.0 1013.936476 1156.007359 1339.941732 1488.735738 1545.853652 1641.550361 1718.468223 1746.906589 1716.722942 1825.590515 2045.621135 2154.810202 2175.591548 2250.487702 2342.534814 2356.684143 2390.702417 2414.579261 2429.055755 2440.971413 2453.097279 2452.815801 2448.318809 2433.989812 2426.175093 2424.414743 2420.853699 2402.274471 2381.906083 2363.142863 2357.622637 2337.055663 2290.416632 2255.993049 2237.260846 2219.090318 2199.029494 2166.278779 2138.596199 2122.460285 2136.837357 2131.259113 2115.020117 2111.385164 2133.413509 2165.801264 2163.292537 2173.587764 2196.302943 2236.655048 2277.418634 2301.071870 2332.546632 2370.945981 2417.082441 2432.030564 2454.026768 2457.815100 2439.883825 2393.920704 2339.135013 2302.737975 2237.918551 2163.498460 2083.032334 2015.887968 1951.291044 1880.372321 1833.677189 1786.968722 1729.965686 1677.492582 1656.408600 1616.793789 1597.165105 -9999.0 -9999.0 -9999.0 -9999.0
-9999.0 930.031500 1116.520967 1371.335248 1652.256638 1756.776736 1961.945011 2089.814567 2146.226919 2216.846908 2177.618039 2339.317774 2384.169955 2382.770823 2387.426769 2393.631819 2410.805519 2415.050282 2412.447271 2403.228571 2394.855447 2391.349593 2390.381498 2382.807467 2370.117841 2354.298402 2339.289769 2324.762509 2285.235476 2250.358320 2211.968096 2195.752546 2154.144500 2060.929846 2017.455773 1979.650110 1921.104032 1915.357903 1910.849425 1882.368355 1862.370643 1839.917010 1863.220468 1869.273226 1872.400765 1874.601741 1890.769078 1916.745967 1963.162002 2000.740100 2045.769958 2099.093073 2135.310607 2179.811911 2226.402507 2283.282443 2317.745636 2350.106264 2399.517945 2438.934434 2462.023854 2449.031681 2420.922371 2370.981612 2296.108020 2226.369055 2172.962756 2096.163184 2030.054556 1976.895644 1931.305315 1881.515739 1818.058958 1743.414695 1702.318196 -9999.0 -9999.0 -9999.0 -9999.0 -9999.0
-9999.0 741.281819 1008.228101 1291.849501 1598.286872 1929.951087 2072.781265 2196.044004 2268.554078 2240.962524 2253.175990 2273.366973 2317.382475 2328.263451 2310.360403 2302.254978 2290.949713 2291.661511 2305.135194 2279.088309 2249.681316 2236.259324 2235.741790 2223.701821 2199.694103 2182.167439 2169.317281 2147.395349 2098.116815 2045.491500 1962.007454 1929.450753 1851.810116 1798.129789 1754.301276 1704.339824 1653.880945 1652.952795 1670.698244 1656.369135 1634.028813 1615.646606 1642.749275 1661.451831 1674.272019 1662.548211 1671.916619 1708.369699 1758.408046 1803.245427 1853.730729 1909.119774 1956.317335 2004.318620 2036.499935 2087.037964 2136.386861 2184.329675 2259.020443 2339.140546 2377.647586 2412.424935 2442.820833 2455.757139 2399.693169 2345.869563 2287.948508 2221.132118 2138.948195 2091.163302 2066.188195 2025.962260 1971.754143 -9999.0 -9999.0 -9999.0 -9999.0 -9999.0 -9999.0 -9999.0
-9999.0 617.877034 831.486538 1053.440952 1331.269653 1568.320021 1769.672796 1876.181461 1955.520629 1999.818032 2040.091821 2076.898656 2109.043681 2133.700685 2114.106507 2074.743475 2046.377462 2051.110736 2046.223579 2022.923698 1993.590246 1978.695553 1975.702640 1968.542992 1944.058975 1929.394746 1918.047836 1894.512719 1861.000659 1804.615112 1725.598853 1652.039823 1591.568222 1561.085561 1531.870631 1499.547099 1464.940223 1474.934008 1486.895960 1483.626705 1473.560039 1471.030644 1500.113904 1519.377133 1529.669090 1518.660069 1538.265078 1565.081050 1606.853934 1650.587136 1700.376070 1756.187418 1810.650606 1840.303033 1854.382338 1879.881380 1919.773609 1974.183043 2060.587964 2155.663999 2234.382506 2283.174713 2333.438252 2366.012102 2376.703646 2381.445597 2350.748325 2266.680598 2160.746970 2145.285680 2143.135142 -9999.0 -9999.0 -9999.0 -9999.0 -9999.0 -9999.0 -9999.0 -9999.0 -9999.0
-9999.0 -9999.0 599.736869 772.612831 903.448320 1080.520824 1230.057799 1340.527227 1432.358266 1551.153467 1659.666684 1745.858221 1791.428282 1809.807958 1796.678080 1765.053483 1744.817185 1744.915229 1734.546223 1724.297704 1704.842595 1696.890068 1685.194206 1676.578792 1666.813566 1661.228927 1655.389802 1643.443079 1621.116982 1574.189858 1526.531128 1475.580607 1422.706870 1397.116189 1375.168138 1353.798819 1352.761116 1348.358137 1353.654530 1355.141753 1362.232744 1374.954090 1394.955113 1417.131143 1427.071627 1436.354991 1449.050166 1473.022535 1506.369749 1549.151540 1603.707076 1662.185598 1702.813930 1716.342371 1707.407727 1713.048399 1733.771465 1776.597221 1857.034624 1940.790826 2036.368985 2107.405041 2177.862571 2228.348381 2241.915122 2252.915995 2261.890584 2205.661439 2050.693473 2092.878314 -9999.0 -9999.0 -9999.0 -9999.0 -9999.0 -9999.0 -9999.0 -9999.0 -9999.0 -9999.0
-9999.0 -9999.0 -9999.0 -9999.0 632.098354 785.958039 883.389845 966.657019 1096.389140 1217.931822 1318.811425 1402.513336 1465.318898 1492.122280 1488.753960 1495.430365 1491.399040 1485.103676 1475.297593 1474.687835 1473.896486 1466.345700 1451.675399 1444.094138 1444.838782 1449.492853 1446.423263 1432.214036 1413.808148 1391.503470 1371.382681 1336.999604 1301.082121 1271.723920 1258.358555 1252.635548 1252.214073 1245.050953 1253.586323 1260.945053 1276.142214 1291.318135 1315.044403 1344.121655 1358.053653 1372.976578 1382.860081 1403.519743 1434.199618 1487.934171 1551.812342 1610.235545 1646.852240 1651.992559 1628.184279 1613.458656 1610.469402 1639.036657 1684.329012 1751.656949 1853.330607 1926.282870 1982.536967 2025.622026 2055.575479 2097.451902 2141.325531 2169.500288 -9999.0 -9999.0 -9999.0 -9999.0 -9999.0 -9999.0 -9999.0 -9999.0 -9999.0 -9999.0 -9999.0 -9999.0
-9999.0 -9999.0 -9999.0 -9999.0 -9999.0 -9999.0 593.278369 695.197564 774.582816 913.899877 1045.069300 1146.562649 1226.982375 1259.077082 1286.017435 1313.091590 1311.543082 1293.179281 1274.007791 1292.827686 1306.814201 1300.766304 1270.518095 1270.022989 1274.692748 1282.575913 1279.980985 1273.195934 1247.744867 1259.139406 1259.677601 1236.141846 1209.885385 1195.863201 1183.831410 1193.286853 1193.365904 1179.607584 1180.001660 1206.781311 1227.031918 1240.126666 1261.880169 1295.107738 1327.529253 1342.882777 1344.393895 1350.641483 1390.724293 1461.189148 1533.247236 1589.178880 1622.247207 1630.955605 1604.500262 1565.160420 1545.510274 1553.334067 1588.754096 1641.808810 1717.824271 1766.919998 1792.091329 1804.373753 1821.174904 1910.305170 -9999.0 -9999.0 -9999.0 -9999.0 -9999.0 -9999.0 -9999.0 -9999.0 -9999.0 -9999.0 -9999.0 -9999.0 -9999.0 -9999.0
-9999.0 -9999.0 -9999.0 -9999.0 -9999.0 -9999.0 -9999.0 -9999.0 -9999.0 -9999.0 -9999.0 -9999.0 -9999.0 -9999.0 -9999.0 -9999.0 -9999.0 -9999.0 -9999.0 -9999.0 -9999.0 -9999.0 -9999.0 -9999.0 -9999.0 -9999.0 -9999.0 -9999.0 -9999.0 -9999.0 -9999.0 -9999.0 -9999.0 -9999.0 -9999.0 -9999.0 -9999.0 -9999.0 -9999.0 -9999.0 -9999.0 -9999.0 -9999.0 -9999.0 -9999.0 -9999.0 -9999.0 -9999.0 -9999.0 -9999.0 -9999.0 -9999.0 -9999.0 -9999.0 -9999.0 -9999.0 -9999.0 -9999.0 -9999.0 -9999.0 -9999.0 -9999.0 -9999.0 -9999.0 -9999.0 -9999.0 -9999.0 -9999.0 -9999.0 -9999.0 -9999.0 -9999.0 -9999.0 -9999.0 -9999.0 -9999.0 -9999.0 -9999.0 -9999.0 -9999.0
-9999.0 -9999.0 -9999.0 -9999.0 -9999.0 -9999.0 -9999.0 -9999.0 -9999.0 -9999.0 -9999.0 -9999.0 -9999.0 -9999.0 -9999.0 -9999.0 -9999.0 -9999.0 -9999.0 -9999.0 -9999.0 -9999.0 -9999.0 -9999.0 -9999.0 -9999.0 -9999.0 -9999.0 -9999.0 -9999.0 -9999.0 -9999.0 -9999.0 -9999.0 -9999.0 -9999.0 -9999.0 -9999.0 -9999.0 -9999.0 -9999.0 -9999.0 -9999.0 -9999.0 -9999.0 -9999.0 -9999.0 -9999.0 -9999.0 -9999.0 -9999.0 -9999.0 -9999.0 -9999.0 -9999.0 -9999.0 -9999.0 -9999.0 -9999.0 -9999.0 -9999.0 -9999.0 -9999.0 -9999.0 -9999.0 -9999.0 -9999.0 -9999.0 -9999.0 -9999.0 -9999.0 -9999.0 -9999.0 -9999.0 -9999.0 -9999.0 -9999.0 -9999.0 -9999.0 -9999.0