Borden_/Borden1m_014/output_maps/psiliqL0005N0002.asc
ncols         80
nrows         18
xllcorner     620200.000000
yllcorner     5168000.000000
cellsize      1.000000
NODATA_value  -9999.0
-9999.0 -9999.0 -9999.0 -9999.0 -9999.0 -9999.0 -9999.0 -9999.0 -9999.0 -9999.0 -9999.0 -9999.0 -9999.0 -9999.0 -9999.0 -9999.0 -9999.0 -9999.0 -9999.0 -9999.0 -9999.0 -9999.0 -9999.0 -9999.0 -9999.0 -9999.0 -9999.0 -9999.0 -9999.0 -9999.0 -9999.0 -9999.0 -9999.0 -9999.0 -9999.0 -9999.0 -9999.0 -9999.0 -9999.0 -9999.0 -9999.0 -9999.0 -9999.0 -9999.0 -9999.0 -9999.0 -9999.0 -9999.0 -9999.0 -9999.0 -9999.0 -9999.0 -9999.0 -9999.0 -9999.0 -9999.0 -9999.0 -9999.0 -9999.0 -9999.0 -9999.0 -9999.0 -9999.0 -9999.0 -9999.0 -9999.0 -9999.0 -9999.0 -9999.0 -9999.0 -9999.0 -9999.0 -9999.0 -9999.0 -9999.0 -9999.0 -9999.0 -9999.0 -9999.0 -9999.0
-9999.0 -9999.0 -9999.0 -9999.0 -9999.0 -9999.0 -9999.0 -9999.0 -9999.0 -9999.0 -9999.0 -9999.0 -9999.0 -9999.0 -9999.0 -9999.0 -9999.0 -9999.0 -9999.0 -9999.0 -9999.0 -9999.0 -9999.0 -9999.0 -9999.0 -9999.0 -9999.0 -9999.0 -9999.0 -9999.0 -9999.0 -9999.0 -9999.0 -9999.0 -9999.0 -9999.0 -9999.0 -9999.0 -9999.0 -9999.0 -9999.0 -9999.0 -9999.0 -9999.0 -9999.0 -9999.0 -9999.0 -9999.0 -9999.0 -9999.0 -9999.0 -9999.0 -9999.0 -9999.0 -9999.0 -9999.0 -9999.0 -9999.0 -9999.0 -9999.0 -9999.0 -9999.0 -9999.0 -9999.0 -9999.0 -9999.0 -9999.0 -9999.0 -9999.0 -9999.0 -9999.0 -9999.0 -9999.0 -9999.0 -9999.0 -9999.0 -9999.0 -9999.0 -9999.0 -9999.0
-9999.0 -9999.0 -9999.0 -9999.0 -9999.0 -9999.0 -9999.0 -9999.0 -9999.0 -9999.0 -9999.0 -9999.0 -9999.0 -9999.0 -9999.0 -9999.0 -9999.0 -9999.0 -9999.0 -9999.0 -773.990196 -770.869312 -793.908773 -827.998450 -856.592374 -855.252278 -820.993714 -781.029424 -744.535045 -734.368467 -752.528986 -751.879537 -757.496046 -757.566901 -754.662242 -749.307157 -747.376906 -736.036114 -727.788681 -728.047064 -734.164165 -740.036943 -741.998861 -738.418420 -733.654849 -741.430069 -728.287623 -713.090496 -706.239000 -710.894926 -737.348539 -752.629856 -759.888907 -773.288382 -748.610366 -735.391463 -712.041073 -707.178089 -707.657160 -734.001257 -763.508044 -9999.0 -9999.0 -9999.0 -9999.0 -9999.0 -9999.0 -9999.0 -9999.0 -9999.0 -9999.0 -9999.0 -9999.0 -9999.0 -9999.0 -9999.0 -9999.0 -9999.0 -9999.0 -9999.0
-9999.0 -9999.0 -9999.0 -9999.0 -9999.0 -9999.0 -9999.0 -9999.0 -9999.0 -9999.0 -9999.0 -9999.0 -9999.0 -9999.0 -862.290594 -872.936158 -876.467583 -868.430795 -835.367464 -806.256933 -793.821406 -801.817788 -802.384312 -826.177718 -846.453757 -833.065476 -805.015579 -774.992281 -742.374090 -722.724161 -736.051050 -739.317913 -729.166129 -701.859806 -687.491516 -690.522885 -711.953970 -690.275990 -674.561661 -665.217661 -666.426086 -675.034213 -660.468707 -644.577605 -651.104647 -668.169924 -665.332495 -654.022931 -638.974338 -653.246321 -716.162392 -736.583712 -738.316710 -743.815640 -755.742070 -761.635258 -736.769018 -734.808743 -742.204110 -759.170781 -790.247962 -833.374990 -850.345712 -811.903864 -767.087005 -708.756102 -9999.0 -9999.0 -9999.0 -9999.0 -9999.0 -9999.0 -9999.0 -9999.0 -9999.0 -9999.0 -9999.0 -9999.0 -9999.0 -9999.0
-9999.0 -9999.0 -9999.0 -9999.0 -9999.0 -9999.0 -9999.0 -9999.0 -9999.0 -917.422578 -914.533028 -907.969289 -906.889163 -891.862876 -893.773102 -887.501952 -879.836459 -855.044071 -825.048838 -791.081773 -763.127828 -774.022656 -774.471435 -762.461210 -755.234135 -743.157256 -724.095769 -685.720785 -645.525512 -606.062441 -634.208786 -636.696505 -618.699321 -570.684914 -533.534572 -524.353328 -542.216392 -540.648201 -517.131600 -493.906806 -495.364994 -497.411815 -476.047348 -464.811621 -457.868641 -473.863783 -490.783857 -492.942297 -468.491483 -514.648140 -573.583010 -625.860728 -624.198308 -653.701701 -693.815616 -715.753663 -718.043854 -694.882973 -708.945439 -744.930109 -780.179597 -788.142734 -803.529293 -787.108154 -763.816697 -716.215587 -677.486654 -648.277235 -646.998498 -663.606741 -9999.0 -9999.0 -9999.0 -9999.0 -9999.0 -9999.0 -9999.0 -9999.0 -9999.0 -9999.0
-9999.0 -9999.0 -9999.0 -9999.0 -9999.0 -9999.0 -994.882889 -986.796695 -967.874910 -962.412323 -939.233769 -932.187454 -912.432419 -893.823633 -874.658360 -858.385871 -828.298292 -797.304406 -757.210409 -714.611405 -683.879664 -688.758777 -680.024712 -647.129769 -604.828264 -573.545374 -552.431061 -518.772251 -450.845985 -414.149619 -401.239069 -396.387364 -387.025100 -338.284109 -267.296187 -245.481555 -270.168830 -289.216920 -271.183521 -230.561614 -220.499087 -220.971771 -212.902296 -199.678479 -141.338922 -153.995620 -223.890153 -248.166240 -256.623595 -266.051335 -323.653036 -389.968643 -426.523962 -466.154709 -536.658968 -592.043049 -593.670589 -577.882963 -606.258314 -656.303238 -696.919362 -706.094872 -719.164736 -732.476062 -726.496608 -706.236911 -681.666570 -669.229049 -680.284616 -699.550960 -721.815129 -749.760148 -747.593869 -721.729456 -9999.0 -9999.0 -9999.0 -9999.0 -9999.0 -9999.0
-9999.0 -9999.0 -9999.0 -9999.0 -1043.915136 -1032.121125 -1043.723957 -1021.365875 -990.401997 -958.449968 -926.766670 -890.315655 -864.474449 -836.237582 -795.608060 -758.077690 -716.367671 -684.270584 -632.387197 -567.070301 -518.738626 -494.982251 -484.045217 -431.289256 -373.709114 -317.841521 -297.777308 -272.364080 -229.887246 -94.508561 118.647956 130.427106 135.676038 143.399883 154.609073 163.653195 157.513494 155.795242 157.338695 159.657190 166.465314 165.643043 166.156360 167.060218 169.698316 170.032946 162.871525 153.667764 150.979023 149.359718 142.590643 100.584808 -173.411649 -219.242479 -244.050110 -297.268703 -375.651050 -397.065875 -443.958129 -489.795256 -549.981361 -572.839900 -601.779526 -624.872853 -653.340990 -651.181556 -646.743688 -664.399252 -692.591584 -722.883229 -736.616539 -754.197825 -763.234139 -732.910349 -714.696142 -683.093972 -9999.0 -9999.0 -9999.0 -9999.0
-9999.0 -9999.0 -1100.867535 -1050.776292 -996.037561 -988.070656 -985.657933 -981.667025 -956.267135 -907.524432 -829.826514 -778.524410 -735.085700 -707.791896 -651.453721 -571.254316 -504.167454 -464.368860 -415.914779 -353.028070 -289.912137 -253.243245 -234.675039 -174.321579 105.063990 141.614573 148.348901 154.401581 162.233427 175.036614 191.974378 200.976380 204.993818 200.800619 198.816251 196.541887 195.513830 194.079486 188.628351 187.951197 190.333596 191.612487 195.306100 187.454288 186.041903 190.256398 191.343506 192.529626 193.564562 197.091782 207.271429 189.366031 161.779153 156.503709 155.548143 143.325789 110.384011 -165.597038 -200.877875 -248.811512 -330.135661 -384.273584 -429.133742 -471.325347 -516.811669 -544.439684 -585.946077 -622.208880 -663.527761 -705.697132 -727.124622 -744.141588 -745.087363 -743.222954 -726.491280 -710.135013 -694.227956 -686.155759 -9999.0 -9999.0
-9999.0 -1197.393500 -1124.959769 -997.465229 -920.048193 -876.194754 -834.631143 -805.414867 -784.126215 -774.205861 -670.707050 -569.102693 -490.468471 -468.977627 -423.993582 -332.864911 -243.500934 -189.449198 -92.935411 121.657861 146.767298 158.702526 164.471569 175.542657 202.815693 201.241098 198.447097 197.745749 194.774931 192.750097 189.002522 191.452587 191.408795 187.658415 184.723934 184.830925 182.482994 165.712017 154.094348 149.332269 149.908693 157.322329 153.622696 147.449839 146.308569 152.377955 158.187286 155.068983 151.299668 158.651964 180.455271 186.291889 190.443132 193.807283 206.196559 193.605758 183.728566 160.588753 154.955998 147.575897 120.750768 -160.356519 -249.307879 -313.122511 -372.886440 -430.977987 -479.775471 -527.309503 -583.536981 -617.102041 -644.502455 -693.913815 -715.728924 -712.604262 -720.886483 -722.480889 -715.098599 -708.343908 -9999.0 -9999.0
-9999.0 -1264.763881 -1121.231065 -935.661731 -791.630118 -732.574630 -617.315199 -540.654919 -519.542126 -540.967222 -451.096635 -238.799397 -69.733912 99.105899 136.689131 158.838986 167.324191 175.870616 193.055548 196.240869 195.076832 197.116166 193.375007 189.916413 185.988028 184.768202 185.673981 186.357232 183.276423 178.244890 164.385372 160.348048 154.569274 143.242546 135.366934 131.139684 117.981635 -94.980513 -195.144218 -233.767032 -246.870099 -215.181390 -232.309933 -258.977712 -264.805138 -234.486215 -183.869650 -202.705864 -203.936376 -160.178150 113.602289 137.873302 143.262531 151.412242 167.304025 185.584450 191.280225 198.008731 203.991746 192.243774 180.883735 156.029487 145.914881 115.536345 -201.499501 -295.658289 -346.528718 -390.563074 -441.683379 -479.209567 -521.631026 -574.091876 -628.113532 -652.670361 -690.038295 -710.568008 -9999.0 -9999.0 -9999.0 -9999.0
-9999.0 -1324.264081 -1131.558484 -864.146630 -618.475580 -500.500882 -327.111945 -170.006849 107.703106 139.514800 146.231028 174.149822 186.474743 187.902533 183.906428 182.545544 184.967489 184.947377 184.097492 183.793645 183.505451 183.263896 182.332007 178.022878 163.970345 157.650604 154.161643 152.062418 141.923466 124.538676 -70.802518 -136.938051 -198.676252 -309.452333 -353.008145 -380.478264 -424.977236 -430.565463 -441.527538 -467.443033 -482.627978 -493.775523 -478.914419 -481.476487 -482.436781 -474.901548 -456.297733 -443.845035 -411.356197 -382.832248 -343.405097 -294.123486 -261.867534 -205.336616 -25.475786 132.051273 146.938816 156.983120 180.939776 192.161174 204.554419 197.554519 188.253286 178.369529 148.751389 122.811522 -66.613178 -212.215177 -273.056106 -326.279002 -373.828436 -425.698102 -484.536081 -564.612806 -602.731269 -9999.0 -9999.0 -9999.0 -9999.0 -9999.0
-9999.0 -1467.143199 -1199.344300 -900.495514 -570.781969 -283.173897 -186.609039 117.858880 160.541289 142.632630 137.951724 141.556729 152.855774 155.330381 149.453809 147.817919 144.512704 144.144336 149.556854 142.962092 136.117489 133.151207 131.813735 113.608925 -126.778718 -176.303152 -197.833079 -222.817227 -279.386612 -328.716943 -401.532782 -416.372147 -476.295571 -535.450785 -576.428251 -619.171831 -667.031654 -668.380391 -653.655891 -669.803105 -690.728254 -708.831671 -684.977473 -671.295182 -661.584317 -670.791910 -663.157235 -631.706368 -587.942597 -551.323893 -509.064965 -463.886538 -428.499318 -386.774088 -355.991901 -302.000365 -252.900700 -181.118543 119.936614 155.230810 175.792258 185.298888 196.160431 208.448011 190.564124 178.414307 161.504060 147.664809 129.376153 92.589470 -181.088257 -279.161258 -341.958560 -9999.0 -9999.0 -9999.0 -9999.0 -9999.0 -9999.0 -9999.0
-9999.0 -1604.608605 -1366.215819 -1109.644548 -807.158785 -586.606835 -448.637964 -355.486893 -288.942670 -297.222542 -286.012560 -259.860299 -223.941873 -194.946901 -233.723087 -278.487018 -309.005727 -305.745015 -305.379915 -333.416745 -364.850219 -380.015282 -379.934209 -386.609974 -410.629682 -424.383107 -432.999555 -451.645606 -482.631595 -529.197747 -603.697041 -663.620175 -720.709073 -755.070528 -783.976620 -815.991221 -854.936722 -844.196160 -829.024504 -834.019073 -847.019319 -852.247244 -823.140419 -805.642714 -796.041514 -810.009793 -792.648375 -766.818469 -726.909147 -688.473160 -645.222152 -597.038430 -550.989468 -525.780411 -513.390323 -488.430595 -453.929912 -407.609394 -326.744254 -218.844905 104.526490 138.260161 155.249998 177.481350 183.855309 194.742748 196.454176 177.233115 157.237543 158.880789 143.013110 -9999.0 -9999.0 -9999.0 -9999.0 -9999.0 -9999.0 -9999.0 -9999.0 -9999.0
-9999.0 -9999.0 -1604.641686 -1407.474149 -1237.065375 -1051.015754 -907.387703 -811.233462 -750.381425 -676.543517 -599.445775 -536.372813 -503.206246 -490.025740 -507.610478 -546.184733 -571.335894 -570.571288 -578.198940 -591.764332 -615.209975 -623.420146 -630.904856 -637.314100 -650.323198 -657.327327 -661.757957 -671.340293 -692.190805 -736.492860 -788.675589 -839.392359 -892.869977 -917.035590 -938.569604 -961.385988 -965.788032 -966.616365 -959.384253 -958.423932 -953.938277 -942.870851 -922.203116 -901.606311 -892.673516 -886.709592 -874.566475 -851.659417 -819.512898 -780.543781 -730.929470 -678.798390 -644.291157 -635.067123 -645.982844 -641.756752 -622.363563 -583.195139 -506.405244 -432.609524 -354.257154 -288.654933 -189.446608 115.619758 135.190112 145.741102 172.500603 167.663918 107.802584 150.104933 -9999.0 -9999.0 -9999.0 -9999.0 -9999.0 -9999.0 -9999.0 -9999.0 -9999.0 -9999.0
-9999.0 -9999.0 -9999.0 -9999.0 -1550.178942 -1391.472572 -1299.368473 -1218.407753 -1103.855178 -1003.877509 -918.964905 -849.592244 -803.600892 -782.678181 -796.474581 -805.880105 -815.023296 -817.323193 -824.909170 -831.707489 -838.490916 -845.801280 -855.226284 -862.416613 -863.560363 -860.579729 -862.165482 -874.400190 -888.784859 -917.112064 -942.045590 -977.005840 -1014.007536 -1042.782217 -1055.586819 -1062.997037 -1062.566957 -1067.445326 -1057.695368 -1051.944112 -1037.451425 -1022.130533 -998.285456 -970.632831 -958.821565 -945.113727 -935.626724 -915.035828 -885.922044 -834.692776 -774.571609 -721.432181 -690.603061 -689.320004 -717.520811 -735.167023 -740.240251 -715.341585 -672.277164 -609.569390 -519.686937 -458.485683 -403.604126 -355.410393 -314.990542 -242.461972 127.488494 159.309566 -9999.0 -9999.0 -9999.0 -9999.0 -9999.0 -9999.0 -9999.0 -9999.0 -9999.0 -9999.0 -9999.0 -9999.0
-9999.0 -9999.0 -9999.0 -9999.0 -9999.0 -9999.0 -1611.273391 -1518.806763 -1428.121765 -1314.541090 -1210.735892 -1125.064324 -1055.575403 -1034.337682 -1021.035149 -1000.973147 -1006.491820 -1022.308727 -1037.274340 -1021.935880 -1014.264706 -1018.432379 -1044.059192 -1045.838741 -1042.986038 -1033.390431 -1034.142691 -1039.925765 -1064.134443 -1057.609968 -1059.974548 -1082.600799 -1108.349469 -1122.853608 -1134.223578 -1124.255541 -1123.236428 -1135.219579 -1132.069089 -1106.622511 -1087.408591 -1073.988718 -1051.397331 -1018.646641 -987.191561 -973.570478 -972.937748 -966.902916 -925.369648 -856.348815 -788.328824 -737.590785 -709.393628 -704.063593 -734.401423 -777.106463 -800.887587 -797.043910 -766.413987 -718.166401 -648.707528 -606.684080 -580.222552 -560.979517 -536.640883 -452.333591 -9999.0 -9999.0 -9999.0 -9999.0 -9999.0 -9999.0 -9999.0 -9999.0 -9999.0 -9999.0 -9999.0 -9999.0 -9999.0 -9999.0
-9999.0 -9999.0 -9999.0 -9999.0 -9999.0 -9999.0 -9999.0 -9999.0 -9999.0 -9999.0 -9999.0 -9999.0 -9999.0 -9999.0 -9999.0 -9999.0 -9999.0 -9999.0 -9999.0 -9999.0 -9999.0 -9999.0 -9999.0 -9999.0 -9999.0 -9999.0 -9999.0 -9999.0 -9999.0 -9999.0 -9999.0 -9999.0 -9999.0 -9999.0 -9999.0 -9999.0 -9999.0 -9999.0 -9999.0 -9999.0 -9999.0 -9999.0 -9999.0 -9999.0 -9999.0 -9999.0 -9999.0 -9999.0 -9999.0 -9999.0 -9999.0 -9999.0 -9999.0 -9999.0 -9999.0 -9999.0 -9999.0 -9999.0 -9999.0 -9999.0 -9999.0 -9999.0 -9999.0 -9999.0 -9999.0 -9999.0 -9999.0 -9999.0 -9999.0 -9999.0 -9999.0 -9999.0 -9999.0 -9999.0 -9999.0 -9999.0 -9999.0 -9999.0 -9999.0 -9999.0
-9999.0 -9999.0 -9999.0 -9999.0 -9999.0 -9999.0 -9999.0 -9999.0 -9999.0 -9999.0 -9999.0 -9999.0 -9999.0 -9999.0 -9999.0 -9999.0 -9999.0 -9999.0 -9999.0 -9999.0 -9999.0 -9999.0 -9999.0 -9999.0 -9999.0 -9999.0 -9999.0 -9999.0 -9999.0 -9999.0 -9999.0 -9999.0 -9999.0 -9999.0 -9999.0 -9999.0 -9999.0 -9999.0 -9999.0 -9999.0 -9999.0 -9999.0 -9999.0 -9999.0 -9999.0 -9999.0 -9999.0 -9999.0 -9999.0 -9999.0 -9999.0 -9999.0 -9999.0 -9999.0 -9999.0 -9999.0 -9999.0 -9999.0 -9999.0 -9999.0 -9999.0 -9999.0 -9999.0 -9999.0 -9999.0 -9999.0 -9999.0 -9999.0 -9999.0 -9999.0 -9999.0 -9999.0 -9999.0 -9999.0 -9999.0 -9999.0 -9999.0 -9999.0 -9999.0 -9999.0