Borden_/Borden1m_014/output_maps/psiliqL0011N0027.asc
ncols         80
nrows         18
xllcorner     620200.000000
yllcorner     5168000.000000
cellsize      1.000000
NODATA_value  -9999.0
-9999.0 -9999.0 -9999.0 -9999.0 -9999.0 -9999.0 -9999.0 -9999.0 -9999.0 -9999.0 -9999.0 -9999.0 -9999.0 -9999.0 -9999.0 -9999.0 -9999.0 -9999.0 -9999.0 -9999.0 -9999.0 -9999.0 -9999.0 -9999.0 -9999.0 -9999.0 -9999.0 -9999.0 -9999.0 -9999.0 -9999.0 -9999.0 -9999.0 -9999.0 -9999.0 -9999.0 -9999.0 -9999.0 -9999.0 -9999.0 -9999.0 -9999.0 -9999.0 -9999.0 -9999.0 -9999.0 -9999.0 -9999.0 -9999.0 -9999.0 -9999.0 -9999.0 -9999.0 -9999.0 -9999.0 -9999.0 -9999.0 -9999.0 -9999.0 -9999.0 -9999.0 -9999.0 -9999.0 -9999.0 -9999.0 -9999.0 -9999.0 -9999.0 -9999.0 -9999.0 -9999.0 -9999.0 -9999.0 -9999.0 -9999.0 -9999.0 -9999.0 -9999.0 -9999.0 -9999.0
-9999.0 -9999.0 -9999.0 -9999.0 -9999.0 -9999.0 -9999.0 -9999.0 -9999.0 -9999.0 -9999.0 -9999.0 -9999.0 -9999.0 -9999.0 -9999.0 -9999.0 -9999.0 -9999.0 -9999.0 -9999.0 -9999.0 -9999.0 -9999.0 -9999.0 -9999.0 -9999.0 -9999.0 -9999.0 -9999.0 -9999.0 -9999.0 -9999.0 -9999.0 -9999.0 -9999.0 -9999.0 -9999.0 -9999.0 -9999.0 -9999.0 -9999.0 -9999.0 -9999.0 -9999.0 -9999.0 -9999.0 -9999.0 -9999.0 -9999.0 -9999.0 -9999.0 -9999.0 -9999.0 -9999.0 -9999.0 -9999.0 -9999.0 -9999.0 -9999.0 -9999.0 -9999.0 -9999.0 -9999.0 -9999.0 -9999.0 -9999.0 -9999.0 -9999.0 -9999.0 -9999.0 -9999.0 -9999.0 -9999.0 -9999.0 -9999.0 -9999.0 -9999.0 -9999.0 -9999.0
-9999.0 -9999.0 -9999.0 -9999.0 -9999.0 -9999.0 -9999.0 -9999.0 -9999.0 -9999.0 -9999.0 -9999.0 -9999.0 -9999.0 -9999.0 -9999.0 -9999.0 -9999.0 -9999.0 -9999.0 339.237874 342.246544 320.247565 286.932878 259.352197 262.093869 297.649531 339.687340 378.842975 390.080182 373.032504 375.799340 371.765799 371.835243 375.234647 382.134977 385.929735 397.707275 406.772811 407.204175 401.821794 397.062054 397.186663 400.765023 405.771323 395.254066 408.110005 422.563131 427.483134 421.048042 392.447444 375.422760 365.601583 349.421664 372.747505 383.957716 405.992634 409.471725 407.297981 379.669109 349.211671 -9999.0 -9999.0 -9999.0 -9999.0 -9999.0 -9999.0 -9999.0 -9999.0 -9999.0 -9999.0 -9999.0 -9999.0 -9999.0 -9999.0 -9999.0 -9999.0 -9999.0 -9999.0 -9999.0
-9999.0 -9999.0 -9999.0 -9999.0 -9999.0 -9999.0 -9999.0 -9999.0 -9999.0 -9999.0 -9999.0 -9999.0 -9999.0 -9999.0 247.309586 237.770482 235.380729 244.451890 278.738313 309.306760 321.888233 314.876738 315.537752 292.779304 273.254218 288.210076 318.793857 351.637480 387.666727 409.638722 398.909290 397.573359 408.856611 436.477976 451.374591 449.507877 429.275202 452.740305 469.835382 480.370435 481.102055 473.802965 488.826527 505.556442 498.578811 479.912203 482.416620 492.936612 505.158556 488.475757 421.907954 399.644335 393.953361 385.411373 370.048878 362.273285 386.269192 385.882532 376.717150 357.924692 324.840037 280.406024 261.745630 299.724894 343.313427 400.537126 -9999.0 -9999.0 -9999.0 -9999.0 -9999.0 -9999.0 -9999.0 -9999.0 -9999.0 -9999.0 -9999.0 -9999.0 -9999.0 -9999.0
-9999.0 -9999.0 -9999.0 -9999.0 -9999.0 -9999.0 -9999.0 -9999.0 -9999.0 188.681439 193.023626 200.636481 203.182196 219.338485 217.766499 225.395123 233.639451 260.996343 292.953730 328.919316 358.596526 350.171379 351.898075 364.618843 371.439247 385.502866 408.655146 451.974753 497.079601 542.069745 516.126127 515.960508 537.295097 587.859439 625.866426 636.021585 616.628970 623.077283 650.757796 678.139021 681.731582 682.356740 709.869134 725.187709 728.360176 705.952615 685.760093 682.025896 705.769431 649.735915 579.869052 524.189980 522.722508 487.954060 444.510869 420.610211 415.927799 435.557084 418.623770 379.551894 341.739912 330.432802 312.525690 328.292025 349.909440 395.866251 433.934371 461.883696 461.245390 443.453605 -9999.0 -9999.0 -9999.0 -9999.0 -9999.0 -9999.0 -9999.0 -9999.0 -9999.0 -9999.0
-9999.0 -9999.0 -9999.0 -9999.0 -9999.0 -9999.0 109.448017 118.817477 139.115361 144.633019 169.910025 177.975632 199.230039 219.372607 241.363408 259.293237 291.195496 325.518448 368.622911 414.400516 449.031229 447.084541 460.676033 497.087479 542.011885 575.665806 603.532338 648.636387 734.206616 784.282874 798.776732 806.882095 818.456711 865.562308 929.539384 948.896549 925.197567 908.847014 928.751447 967.718982 983.467080 988.106262 998.345114 1007.734416 1032.682478 1021.262759 973.450163 952.978366 946.464003 930.938553 873.633612 810.008096 767.169799 711.000832 621.209504 559.716676 559.848575 573.554885 539.226452 481.040371 435.543783 422.267122 405.250540 389.543150 393.604636 411.477075 433.142647 443.392168 429.834214 408.339506 384.841603 355.619738 356.995867 382.064938 -9999.0 -9999.0 -9999.0 -9999.0 -9999.0 -9999.0
-9999.0 -9999.0 -9999.0 -9999.0 59.334079 72.169583 60.607639 85.228126 117.957782 152.190915 185.247660 223.517816 252.082738 283.699019 326.899288 366.022927 412.523258 452.031069 511.605297 585.054472 642.174381 673.847137 696.895239 763.455488 828.558433 881.449290 902.302773 931.332997 977.777397 1045.503481 1075.200941 1084.214008 1102.886736 1134.924958 1179.194389 1211.831505 1194.108377 1185.862887 1191.548798 1203.606273 1230.109611 1232.978331 1235.413821 1237.314963 1240.466016 1238.793816 1213.110758 1178.551840 1163.006162 1153.095903 1127.698900 1060.888188 1012.325705 978.322707 945.879644 896.070577 829.226195 806.501606 743.881356 679.704738 607.635263 578.958089 543.015246 512.532321 478.352239 476.002373 476.212088 453.943470 421.003987 387.778606 371.957468 352.648105 341.671187 371.230077 388.596807 419.124350 -9999.0 -9999.0 -9999.0 -9999.0
-9999.0 -9999.0 0.322578 49.921188 106.541792 115.719664 117.851340 124.047273 152.579492 205.145642 284.392153 338.938789 386.200906 422.296507 487.134144 575.396239 658.105242 715.195296 780.120327 850.606233 912.926613 951.314450 978.199407 1019.690624 1072.001609 1129.276043 1153.675315 1179.670760 1209.655916 1244.108925 1262.591839 1278.197728 1285.840777 1285.980415 1289.249652 1289.607559 1284.865114 1278.583660 1260.519991 1257.494983 1265.160309 1269.599204 1272.170739 1259.814308 1255.984557 1268.572513 1270.699662 1269.408420 1268.885203 1276.188034 1282.500320 1247.131695 1201.737487 1185.238385 1175.398631 1133.209063 1070.402628 1021.603987 995.365764 951.398646 873.040869 818.675081 762.943601 705.616169 644.289974 605.055797 552.173493 505.897196 456.890654 409.240970 384.434126 365.248145 362.194460 361.908718 377.568400 392.774684 407.937226 415.627096 -9999.0 -9999.0
-9999.0 -100.479807 -27.808613 99.531904 179.570988 225.633359 263.952159 292.311716 320.836244 343.538297 455.536230 560.704590 658.724810 699.745479 758.274988 859.662338 958.385939 1004.998664 1041.722978 1093.689305 1149.206812 1196.104657 1226.310822 1248.016671 1278.947259 1285.819334 1286.592030 1288.528892 1283.172858 1276.224190 1267.291573 1274.244766 1271.315767 1253.777417 1238.857868 1235.829446 1228.931216 1202.531425 1173.397215 1158.342192 1160.840751 1181.692617 1170.436467 1151.565133 1148.405431 1169.025171 1186.953531 1178.864195 1167.285034 1185.173572 1220.378512 1242.933236 1256.277627 1271.692014 1291.832819 1267.927660 1237.169626 1195.421399 1174.792987 1144.377001 1083.113235 1020.620404 965.225965 902.063394 833.545081 759.748331 688.791678 620.689738 549.067483 504.802740 470.918557 417.920589 394.161015 394.457576 384.553183 381.306643 387.258325 393.477435 -9999.0 -9999.0
-9999.0 -175.876066 -32.637890 153.270984 302.319230 366.485622 481.878149 568.648440 601.665440 580.339773 698.203592 923.076130 1016.472371 1033.620677 1102.603124 1184.891472 1215.782793 1246.549376 1266.860366 1270.583104 1273.495291 1281.501142 1280.181830 1274.366192 1260.526117 1252.884928 1251.447658 1247.748924 1228.479079 1208.130259 1189.896722 1186.031800 1168.021821 1127.852921 1096.255912 1079.577600 1062.247872 1035.078680 997.567100 968.933306 954.067554 970.689354 962.232055 945.329025 941.984299 965.208314 998.714617 994.864544 1002.437624 1026.017910 1068.059361 1111.391670 1135.418913 1165.367865 1201.825288 1245.422572 1262.990545 1283.629683 1288.188525 1266.286163 1222.127411 1171.553815 1136.713038 1070.558064 996.376163 916.319563 851.049804 787.930597 714.661986 661.408996 608.124223 546.203802 486.095768 456.891685 415.649619 394.284840 -9999.0 -9999.0 -9999.0 -9999.0
-9999.0 -247.326625 -56.867173 206.745674 476.091415 604.760047 812.028171 945.259200 1012.245526 1070.495992 1081.440681 1206.624958 1237.883275 1232.508226 1224.364200 1227.518595 1242.618323 1246.870153 1243.665481 1234.000916 1224.243906 1220.104926 1218.704968 1211.016300 1198.424478 1183.052423 1169.262557 1154.358651 1111.771481 1076.860208 1042.528995 1026.267707 988.026330 898.129711 855.857698 822.134671 765.455069 753.767110 740.945169 708.467952 686.552292 667.748745 687.714895 689.610457 691.427183 698.992859 720.776307 744.592449 790.191172 828.441611 873.796505 927.694434 963.584433 1008.613560 1057.460459 1117.145830 1149.836077 1180.628817 1227.041151 1267.121433 1289.986369 1280.289040 1250.667752 1204.810161 1134.620465 1063.598556 1011.965012 938.153231 872.325104 819.551453 774.432447 720.068739 646.868188 549.841050 504.164057 -9999.0 -9999.0 -9999.0 -9999.0 -9999.0
-9999.0 -412.738932 -144.305665 149.933605 477.637171 804.843356 927.446612 1073.852467 1147.803887 1099.183103 1089.596422 1114.630743 1155.123872 1163.939124 1145.566094 1138.896978 1130.075458 1130.577082 1143.418836 1117.041642 1084.367166 1069.846469 1068.543707 1055.886905 1031.995080 1013.310486 998.883671 976.722396 926.041361 875.493665 797.204510 767.041237 687.681079 619.999248 571.150601 520.485862 467.238463 463.474422 477.830616 460.357840 436.901809 417.744754 443.627290 460.076300 471.806925 462.329031 472.717614 509.665943 561.001792 607.439894 661.962535 723.225255 774.782597 827.731353 863.128910 916.795382 965.465588 1014.050768 1088.871000 1169.508217 1206.635392 1241.669805 1275.706381 1289.682428 1239.049286 1186.494847 1131.837820 1063.087557 974.526682 929.897929 907.490469 871.118704 816.214287 -9999.0 -9999.0 -9999.0 -9999.0 -9999.0 -9999.0 -9999.0
-9999.0 -544.060493 -316.833240 -75.275343 220.507431 462.076186 654.159678 772.615468 856.322698 866.013365 885.366744 915.833383 946.886501 969.816610 948.547211 912.564855 886.320262 890.559771 888.584760 864.596770 834.737626 819.637921 817.386987 809.007395 781.670972 763.858216 750.131845 723.684494 682.951203 622.345540 538.112112 465.842552 401.573447 364.864222 333.240646 299.263570 260.828531 270.466533 283.682723 278.886907 266.761257 262.618399 291.976530 310.617346 320.814184 308.571909 327.715831 355.230222 397.891779 441.412677 491.629913 548.948702 605.463502 639.320216 658.580208 692.207978 740.030126 801.238156 889.844906 986.854217 1064.157827 1116.414903 1167.089145 1198.897610 1211.727981 1226.197233 1198.269255 1107.543604 972.733785 974.787404 978.481855 -9999.0 -9999.0 -9999.0 -9999.0 -9999.0 -9999.0 -9999.0 -9999.0 -9999.0
-9999.0 -9999.0 -553.489627 -367.243261 -214.721086 -29.389457 123.454055 234.098168 315.722324 413.540177 508.374899 587.388176 631.466343 649.717140 632.657390 593.945657 569.242230 569.143335 559.511534 546.446301 523.357078 514.131318 503.638462 494.884696 481.584860 473.496904 466.607916 453.446651 428.616528 379.540266 326.613666 273.502383 218.321639 192.134371 169.558879 146.848436 143.668470 140.953841 147.205512 148.312744 153.983528 165.885471 186.418100 207.971447 217.539710 225.251456 237.956805 261.886906 295.372732 337.254020 390.794371 448.075101 487.960838 501.668153 494.058436 502.425752 527.811845 576.947095 668.954279 764.800430 862.408615 935.512494 1008.073818 1059.235879 1076.300001 1095.553560 1106.414796 1022.875644 676.301106 896.571130 -9999.0 -9999.0 -9999.0 -9999.0 -9999.0 -9999.0 -9999.0 -9999.0 -9999.0 -9999.0
-9999.0 -9999.0 -9999.0 -9999.0 -511.387013 -353.672447 -258.242922 -174.337764 -50.262944 62.356318 156.905451 235.503346 291.505456 316.203151 307.126054 304.683839 297.456451 292.964130 283.985809 279.748914 275.295427 267.311900 254.774658 246.837565 246.068166 249.399306 246.572996 232.617508 215.351336 188.906264 165.419392 129.976352 92.863317 63.394325 50.096992 43.386474 43.374180 37.385800 46.622725 53.208655 68.126360 83.477035 107.404212 135.895835 148.827391 163.212072 173.010699 193.870579 224.134462 277.200817 339.900794 396.546141 431.107860 435.060706 409.629518 394.440699 392.236434 422.298331 472.495783 547.225746 656.456599 739.314104 806.984955 855.914759 889.544479 935.821967 981.636385 1001.775524 -9999.0 -9999.0 -9999.0 -9999.0 -9999.0 -9999.0 -9999.0 -9999.0 -9999.0 -9999.0 -9999.0 -9999.0
-9999.0 -9999.0 -9999.0 -9999.0 -9999.0 -9999.0 -563.896833 -466.433336 -380.174918 -252.820519 -134.047355 -39.504083 36.601220 63.662080 83.694103 107.153937 103.398075 86.133483 68.908782 85.922077 96.541045 91.218218 62.904089 61.514478 65.154849 73.929170 72.197856 65.732117 40.594502 49.352132 48.239305 24.901981 -1.351685 -15.736298 -27.445476 -17.622380 -16.985270 -29.806151 -27.893785 -1.640714 18.215486 31.599942 53.940255 87.078444 119.106182 133.615898 134.706903 140.946911 182.091543 252.336278 322.858366 376.691668 407.775292 415.104853 386.761613 345.952351 324.848329 332.068795 367.774752 423.124058 503.010799 557.314072 591.687375 614.465320 642.965992 741.170664 -9999.0 -9999.0 -9999.0 -9999.0 -9999.0 -9999.0 -9999.0 -9999.0 -9999.0 -9999.0 -9999.0 -9999.0 -9999.0 -9999.0
-9999.0 -9999.0 -9999.0 -9999.0 -9999.0 -9999.0 -9999.0 -9999.0 -9999.0 -9999.0 -9999.0 -9999.0 -9999.0 -9999.0 -9999.0 -9999.0 -9999.0 -9999.0 -9999.0 -9999.0 -9999.0 -9999.0 -9999.0 -9999.0 -9999.0 -9999.0 -9999.0 -9999.0 -9999.0 -9999.0 -9999.0 -9999.0 -9999.0 -9999.0 -9999.0 -9999.0 -9999.0 -9999.0 -9999.0 -9999.0 -9999.0 -9999.0 -9999.0 -9999.0 -9999.0 -9999.0 -9999.0 -9999.0 -9999.0 -9999.0 -9999.0 -9999.0 -9999.0 -9999.0 -9999.0 -9999.0 -9999.0 -9999.0 -9999.0 -9999.0 -9999.0 -9999.0 -9999.0 -9999.0 -9999.0 -9999.0 -9999.0 -9999.0 -9999.0 -9999.0 -9999.0 -9999.0 -9999.0 -9999.0 -9999.0 -9999.0 -9999.0 -9999.0 -9999.0 -9999.0
-9999.0 -9999.0 -9999.0 -9999.0 -9999.0 -9999.0 -9999.0 -9999.0 -9999.0 -9999.0 -9999.0 -9999.0 -9999.0 -9999.0 -9999.0 -9999.0 -9999.0 -9999.0 -9999.0 -9999.0 -9999.0 -9999.0 -9999.0 -9999.0 -9999.0 -9999.0 -9999.0 -9999.0 -9999.0 -9999.0 -9999.0 -9999.0 -9999.0 -9999.0 -9999.0 -9999.0 -9999.0 -9999.0 -9999.0 -9999.0 -9999.0 -9999.0 -9999.0 -9999.0 -9999.0 -9999.0 -9999.0 -9999.0 -9999.0 -9999.0 -9999.0 -9999.0 -9999.0 -9999.0 -9999.0 -9999.0 -9999.0 -9999.0 -9999.0 -9999.0 -9999.0 -9999.0 -9999.0 -9999.0 -9999.0 -9999.0 -9999.0 -9999.0 -9999.0 -9999.0 -9999.0 -9999.0 -9999.0 -9999.0 -9999.0 -9999.0 -9999.0 -9999.0 -9999.0 -9999.0