Borden_/Borden1m_014/output_maps/psiliqL0024N0016.asc
ncols         80
nrows         18
xllcorner     620200.000000
yllcorner     5168000.000000
cellsize      1.000000
NODATA_value  -9999.0
-9999.0 -9999.0 -9999.0 -9999.0 -9999.0 -9999.0 -9999.0 -9999.0 -9999.0 -9999.0 -9999.0 -9999.0 -9999.0 -9999.0 -9999.0 -9999.0 -9999.0 -9999.0 -9999.0 -9999.0 -9999.0 -9999.0 -9999.0 -9999.0 -9999.0 -9999.0 -9999.0 -9999.0 -9999.0 -9999.0 -9999.0 -9999.0 -9999.0 -9999.0 -9999.0 -9999.0 -9999.0 -9999.0 -9999.0 -9999.0 -9999.0 -9999.0 -9999.0 -9999.0 -9999.0 -9999.0 -9999.0 -9999.0 -9999.0 -9999.0 -9999.0 -9999.0 -9999.0 -9999.0 -9999.0 -9999.0 -9999.0 -9999.0 -9999.0 -9999.0 -9999.0 -9999.0 -9999.0 -9999.0 -9999.0 -9999.0 -9999.0 -9999.0 -9999.0 -9999.0 -9999.0 -9999.0 -9999.0 -9999.0 -9999.0 -9999.0 -9999.0 -9999.0 -9999.0 -9999.0
-9999.0 -9999.0 -9999.0 -9999.0 -9999.0 -9999.0 -9999.0 -9999.0 -9999.0 -9999.0 -9999.0 -9999.0 -9999.0 -9999.0 -9999.0 -9999.0 -9999.0 -9999.0 -9999.0 -9999.0 -9999.0 -9999.0 -9999.0 -9999.0 -9999.0 -9999.0 -9999.0 -9999.0 -9999.0 -9999.0 -9999.0 -9999.0 -9999.0 -9999.0 -9999.0 -9999.0 -9999.0 -9999.0 -9999.0 -9999.0 -9999.0 -9999.0 -9999.0 -9999.0 -9999.0 -9999.0 -9999.0 -9999.0 -9999.0 -9999.0 -9999.0 -9999.0 -9999.0 -9999.0 -9999.0 -9999.0 -9999.0 -9999.0 -9999.0 -9999.0 -9999.0 -9999.0 -9999.0 -9999.0 -9999.0 -9999.0 -9999.0 -9999.0 -9999.0 -9999.0 -9999.0 -9999.0 -9999.0 -9999.0 -9999.0 -9999.0 -9999.0 -9999.0 -9999.0 -9999.0
-9999.0 -9999.0 -9999.0 -9999.0 -9999.0 -9999.0 -9999.0 -9999.0 -9999.0 -9999.0 -9999.0 -9999.0 -9999.0 -9999.0 -9999.0 -9999.0 -9999.0 -9999.0 -9999.0 -9999.0 2928.837295 2930.078459 2908.374996 2874.386579 2846.236653 2848.129558 2881.241496 2921.794721 2960.354093 2968.009543 2949.071054 2952.674087 2948.265495 2944.237858 2944.872910 2952.567548 2959.033374 2968.812061 2975.891578 2973.780509 2966.538949 2961.428201 2963.541649 2965.298027 2971.410927 2957.580096 2973.261047 2980.747560 2985.702477 2982.977338 2966.621603 2954.116925 2945.929520 2930.345552 2956.545406 2968.215955 2986.844830 2991.697053 2990.117901 2967.230544 2937.280457 -9999.0 -9999.0 -9999.0 -9999.0 -9999.0 -9999.0 -9999.0 -9999.0 -9999.0 -9999.0 -9999.0 -9999.0 -9999.0 -9999.0 -9999.0 -9999.0 -9999.0 -9999.0 -9999.0
-9999.0 -9999.0 -9999.0 -9999.0 -9999.0 -9999.0 -9999.0 -9999.0 -9999.0 -9999.0 -9999.0 -9999.0 -9999.0 -9999.0 2838.521161 2829.615361 2826.704105 2834.078855 2866.598175 2896.717849 2908.372111 2900.863253 2900.634623 2876.015146 2853.451663 2866.153735 2895.367373 2925.468554 2958.558018 2975.969400 2964.737888 2962.138319 2969.433748 2981.480357 2989.706582 2985.992038 2977.487362 2991.778606 3004.949527 3009.577024 3007.487223 2997.633155 3006.750032 3020.812690 3013.785751 2998.474414 3008.838595 3023.589265 3034.878739 3026.496059 2977.057091 2964.098069 2960.896760 2956.686774 2943.750543 2939.870612 2967.907662 2967.504716 2960.275438 2943.256307 2910.310069 2865.439718 2846.823093 2887.332072 2931.199395 2985.038343 -9999.0 -9999.0 -9999.0 -9999.0 -9999.0 -9999.0 -9999.0 -9999.0 -9999.0 -9999.0 -9999.0 -9999.0 -9999.0 -9999.0
-9999.0 -9999.0 -9999.0 -9999.0 -9999.0 -9999.0 -9999.0 -9999.0 -9999.0 2800.674533 2786.934309 2793.736314 2795.922188 2810.969490 2807.717476 2814.481644 2818.743268 2845.667640 2875.067467 2908.472312 2935.241072 2925.965305 2924.464323 2928.966716 2924.498597 2932.701033 2952.903198 2981.333052 3012.713187 3047.811687 3014.404654 3009.395251 3026.616028 3068.061218 3091.943423 3094.233341 3075.598221 3090.885208 3114.173035 3130.228705 3126.712983 3120.900549 3146.323462 3161.142857 3156.048501 3135.055587 3132.708882 3139.601368 3168.588761 3118.615429 3053.784723 3014.833994 3030.003048 3008.737331 2982.239708 2978.796097 2979.241984 2993.074911 2981.681364 2953.800367 2920.704366 2909.429500 2892.832165 2913.559372 2936.973416 2980.395675 3020.547002 3050.642561 3050.574689 3033.614337 -9999.0 -9999.0 -9999.0 -9999.0 -9999.0 -9999.0 -9999.0 -9999.0 -9999.0 -9999.0
-9999.0 -9999.0 -9999.0 -9999.0 -9999.0 -9999.0 2720.253624 2732.063405 2754.556830 2758.758168 2787.146137 2794.324564 2786.383412 2803.430453 2824.762505 2837.696715 2862.950284 2892.757750 2928.712208 2966.543446 2987.030868 2983.334719 2980.500640 3000.324708 3027.683542 3047.037387 3069.015445 3105.865772 3176.286652 3212.192813 3206.054918 3206.926520 3215.025001 3264.729136 3328.281337 3339.576041 3319.040572 3305.754457 3328.613819 3365.399270 3364.123315 3362.973882 3375.328542 3385.822080 3412.505032 3402.154505 3366.436948 3360.274223 3366.040449 3344.681938 3277.629533 3220.548101 3200.857864 3156.108780 3074.423992 3031.164374 3053.285928 3080.592567 3058.933958 3010.135511 2985.146015 2979.356554 2968.058001 2960.611562 2972.586314 2991.177179 3015.683270 3029.881209 3018.500079 2998.185451 2978.579086 2950.419131 2952.965058 2977.974859 -9999.0 -9999.0 -9999.0 -9999.0 -9999.0 -9999.0
-9999.0 -9999.0 -9999.0 -9999.0 2668.494097 2683.223025 2670.929234 2699.474680 2734.305845 2770.657253 2800.733811 2801.540809 2824.457789 2851.058252 2884.383211 2907.479338 2940.207367 2969.872531 3008.664617 3069.392232 3113.324153 3127.086484 3135.306589 3185.035643 3240.870316 3287.838714 3306.180129 3331.485786 3375.806873 3431.754615 3454.081389 3457.114830 3473.954809 3515.908957 3570.692987 3605.359290 3587.952902 3579.180100 3588.619901 3602.354583 3624.479652 3624.568922 3625.668240 3629.495569 3636.728709 3635.249907 3609.311680 3576.200399 3563.383578 3553.597089 3517.110469 3446.077926 3415.350975 3387.241216 3346.983676 3293.984117 3245.190343 3244.943479 3191.332409 3138.387662 3088.149976 3079.443124 3058.956794 3042.938359 3025.166712 3037.018252 3048.739763 3033.871871 3004.481623 2978.159286 2965.000118 2947.292887 2936.068460 2967.066211 2983.955538 3013.729119 -9999.0 -9999.0 -9999.0 -9999.0
-9999.0 -9999.0 2605.369293 2653.086342 2712.961555 2722.726173 2720.926157 2728.119971 2758.839793 2812.479498 2837.844205 2875.320965 2905.188328 2935.083309 2977.636281 3040.198299 3099.949615 3141.682957 3197.444135 3265.537150 3323.985228 3350.777424 3359.808717 3394.699160 3448.425287 3515.856728 3543.263772 3569.225109 3600.247647 3635.761950 3630.260170 3641.348138 3653.195999 3664.576934 3678.265898 3684.710498 3680.078908 3675.529288 3657.107737 3652.156540 3658.686375 3666.257241 3665.593999 3651.102556 3647.143794 3661.950029 3667.872124 3665.999310 3663.546005 3668.731629 3665.350152 3618.451637 3598.284955 3583.472066 3572.487677 3527.007215 3461.232405 3428.410147 3407.765688 3367.819791 3295.175296 3257.010099 3217.572902 3182.639888 3145.619815 3131.552188 3098.731531 3066.589223 3027.978483 2987.435690 2971.453041 2956.625051 2955.953233 2956.406296 2973.922301 2988.713111 3004.730704 3012.837259 -9999.0 -9999.0
-9999.0 2495.479561 2567.743070 2692.750510 2774.498969 2792.864184 2804.043801 2809.220363 2834.037087 2864.586792 2952.155556 2997.678261 3079.496328 3115.042210 3155.387943 3243.641735 3335.980988 3378.135950 3415.803237 3477.435679 3541.522983 3587.830441 3613.759697 3596.991864 3635.208938 3662.109398 3669.299524 3675.632791 3674.957470 3666.513987 3659.740470 3666.514644 3663.685962 3644.778259 3628.962233 3627.310413 3623.969305 3600.892464 3573.560210 3558.375723 3560.043884 3584.700328 3571.797950 3550.542270 3546.174149 3567.649465 3588.554345 3578.025380 3564.970908 3581.456242 3615.696811 3639.824219 3642.176909 3660.368873 3681.403954 3652.902460 3630.658684 3587.580934 3570.941955 3545.752119 3489.705238 3435.054619 3387.433956 3339.135061 3286.816450 3237.453993 3190.021277 3143.625988 3090.363639 3057.717111 3033.391121 2990.361813 2979.778020 2983.571898 2979.827125 2978.156075 2984.039389 2990.685786 -9999.0 -9999.0
-9999.0 2401.760665 2542.356044 2724.160690 2850.490055 2892.378952 2958.519624 3009.672369 3023.219306 2979.825619 3069.745811 3282.727999 3398.967272 3414.862248 3488.292428 3580.669319 3567.921227 3598.456299 3620.837095 3643.721643 3662.175616 3675.463148 3673.475116 3668.013565 3651.727472 3643.769523 3642.943945 3640.905817 3623.744553 3605.002019 3588.359843 3585.435723 3567.933337 3519.822806 3487.124407 3470.236051 3452.392546 3438.649436 3411.093042 3385.462019 3369.691779 3380.977110 3378.414406 3364.514348 3360.081847 3378.466499 3409.243734 3406.557315 3417.198161 3436.550263 3471.859864 3509.301071 3528.360638 3557.086644 3592.356947 3639.258708 3648.824527 3671.036839 3674.235668 3662.619141 3616.939771 3566.099428 3537.029426 3482.316343 3422.933779 3361.479525 3313.157603 3268.791324 3214.156211 3180.021211 3141.181006 3087.911509 3044.331146 3035.460263 3001.965910 2988.434050 -9999.0 -9999.0 -9999.0 -9999.0
-9999.0 2303.264428 2485.075830 2729.997535 2998.847705 3073.055968 3270.493429 3382.917257 3421.665025 3487.108158 3381.710057 3576.143823 3625.059869 3619.058419 3631.178252 3633.775849 3647.617016 3647.196967 3642.138205 3631.283542 3621.917554 3617.517340 3616.387420 3608.517153 3595.991617 3581.487881 3569.732666 3558.563686 3522.491780 3491.047640 3453.035127 3440.911886 3398.120558 3307.548110 3269.036859 3231.745060 3172.646491 3174.565118 3180.515384 3157.562642 3138.452825 3111.800173 3140.108213 3149.696247 3153.434949 3149.909092 3160.257135 3186.392879 3232.699577 3266.330937 3304.890948 3352.150010 3381.910093 3420.632232 3460.444152 3512.249053 3542.812900 3571.370446 3619.316103 3656.092425 3678.610771 3665.156707 3645.735047 3602.151984 3542.448003 3493.468945 3465.085787 3415.425062 3372.356502 3328.907777 3282.749451 3230.293332 3169.580525 3114.636393 3080.553219 -9999.0 -9999.0 -9999.0 -9999.0 -9999.0
-9999.0 2087.080485 2352.491067 2624.861565 2884.301080 3216.667617 3377.632963 3473.326152 3535.013120 3513.582523 3532.819208 3540.192006 3576.771326 3583.380250 3561.876471 3548.594186 3531.765482 3530.677278 3543.670329 3516.726337 3486.995516 3473.939258 3474.780353 3464.078747 3440.601087 3425.728371 3416.424786 3398.398849 3355.726495 3306.556176 3224.215522 3191.778427 3116.052665 3076.051567 3039.621312 2993.536673 2957.888978 2962.870594 2978.570146 2977.447927 2956.967661 2940.023274 2968.964496 2980.891094 2993.729607 2978.096760 2984.721943 3018.587973 3064.478854 3104.181818 3147.522536 3194.001991 3234.938401 3274.028946 3295.510263 3335.311625 3376.776881 3417.799182 3487.049391 3563.939865 3598.878725 3632.859092 3662.424546 3684.005684 3641.577048 3614.703205 3591.480745 3568.639870 3523.136110 3478.177253 3437.678010 3374.185078 3314.736357 -9999.0 -9999.0 -9999.0 -9999.0 -9999.0 -9999.0 -9999.0
-9999.0 1972.776308 2170.871540 2370.089137 2630.081776 2831.272657 3040.704923 3130.895623 3199.506301 3263.410193 3313.222952 3349.296617 3374.951658 3396.041628 3373.333582 3328.550750 3296.970473 3301.768771 3293.712042 3272.525118 3244.984788 3232.144909 3229.904626 3225.171159 3203.988431 3193.665770 3186.962133 3170.083793 3144.576830 3092.845645 3021.891096 2959.188006 2905.659250 2884.993418 2861.928797 2834.790344 2807.550392 2820.761829 2833.526508 2833.614414 2826.885679 2826.850692 2855.890994 2875.230749 2884.721133 2873.677576 2891.813991 2915.149783 2952.308894 2984.693091 3028.721174 3078.086517 3125.810833 3145.999023 3148.710492 3161.064374 3187.927128 3231.004154 3306.832009 3391.889375 3467.551867 3512.152318 3562.247142 3601.473279 3628.747636 3655.127266 3676.332202 3668.484644 3643.302430 3610.434045 3552.780330 -9999.0 -9999.0 -9999.0 -9999.0 -9999.0 -9999.0 -9999.0 -9999.0 -9999.0
-9999.0 -9999.0 1944.300084 2101.865038 2207.497885 2375.674434 2524.241147 2637.967934 2745.328868 2820.433212 2939.170556 3020.494755 3065.467166 3080.550053 3066.451214 3037.380352 3019.641979 3019.355175 3008.056889 3001.350215 2986.576134 2981.380023 2979.660645 2972.456417 2967.906939 2967.045889 2964.936609 2957.216311 2940.531928 2899.231271 2861.449239 2817.360919 2819.331465 2794.522017 2773.148595 2753.028178 2754.309594 2747.940274 2752.325067 2754.725654 2763.902510 2777.940527 2797.594417 2789.560921 2799.032654 2808.879779 2819.769600 2841.379666 2871.267507 2911.030068 2962.115916 3010.987017 3046.186721 3052.771291 3035.009910 3030.366404 3038.972637 3068.207625 3131.973935 3199.932822 3288.039732 3352.450473 3418.720097 3473.846144 3499.989242 3536.350915 3605.331963 3653.266625 3694.190920 3671.875239 -9999.0 -9999.0 -9999.0 -9999.0 -9999.0 -9999.0 -9999.0 -9999.0 -9999.0 -9999.0
-9999.0 -9999.0 -9999.0 -9999.0 1964.443120 2114.254318 2213.795336 2296.787124 2433.204278 2565.920317 2676.048102 2765.290834 2835.706434 2795.040416 2794.982499 2810.021850 2808.539564 2799.770692 2789.031221 2793.034292 2797.127455 2791.245859 2840.418596 2831.638920 2832.976319 2838.866900 2835.915913 2822.247183 2803.262833 2786.270541 2770.359384 2737.538456 2704.156297 2675.123029 2661.740021 2657.129765 2656.208020 2647.702881 2655.619532 2664.168762 2680.005585 2695.224386 2718.821970 2747.973585 2762.967376 2778.429117 2788.290399 2808.461994 2809.626373 2860.757908 2922.210822 2978.225122 3007.302012 3007.406862 2984.523930 2963.504041 2952.149841 2970.771673 2992.030306 3043.283688 3132.109574 3192.830476 3238.573504 3277.693510 3313.850581 3377.771108 3470.489397 3550.778250 -9999.0 -9999.0 -9999.0 -9999.0 -9999.0 -9999.0 -9999.0 -9999.0 -9999.0 -9999.0 -9999.0 -9999.0
-9999.0 -9999.0 -9999.0 -9999.0 -9999.0 -9999.0 1941.047146 2047.849256 2119.261335 2273.106701 2419.184900 2528.979298 2614.489315 2651.465814 2686.701448 2718.368503 2719.544467 2699.620144 2677.415251 2697.337450 2713.735743 2705.048603 2671.488718 2670.788819 2675.955726 2682.763859 2679.590132 2673.166616 2648.055032 2663.337006 2666.346389 2642.852857 2616.840505 2603.236791 2591.129373 2600.331413 2599.839811 2585.042311 2583.865717 2611.490096 2632.468460 2645.432982 2666.654675 2700.007566 2732.884103 2749.153290 2751.020202 2757.064432 2795.256571 2837.852950 2908.325442 2962.876689 2989.727134 2994.180299 2968.361990 2924.074580 2898.600249 2898.459396 2923.860072 2964.607470 3015.852779 3052.081399 3063.881384 3065.835196 3078.538794 3175.385196 -9999.0 -9999.0 -9999.0 -9999.0 -9999.0 -9999.0 -9999.0 -9999.0 -9999.0 -9999.0 -9999.0 -9999.0 -9999.0 -9999.0
-9999.0 -9999.0 -9999.0 -9999.0 -9999.0 -9999.0 -9999.0 -9999.0 -9999.0 -9999.0 -9999.0 -9999.0 -9999.0 -9999.0 -9999.0 -9999.0 -9999.0 -9999.0 -9999.0 -9999.0 -9999.0 -9999.0 -9999.0 -9999.0 -9999.0 -9999.0 -9999.0 -9999.0 -9999.0 -9999.0 -9999.0 -9999.0 -9999.0 -9999.0 -9999.0 -9999.0 -9999.0 -9999.0 -9999.0 -9999.0 -9999.0 -9999.0 -9999.0 -9999.0 -9999.0 -9999.0 -9999.0 -9999.0 -9999.0 -9999.0 -9999.0 -9999.0 -9999.0 -9999.0 -9999.0 -9999.0 -9999.0 -9999.0 -9999.0 -9999.0 -9999.0 -9999.0 -9999.0 -9999.0 -9999.0 -9999.0 -9999.0 -9999.0 -9999.0 -9999.0 -9999.0 -9999.0 -9999.0 -9999.0 -9999.0 -9999.0 -9999.0 -9999.0 -9999.0 -9999.0
-9999.0 -9999.0 -9999.0 -9999.0 -9999.0 -9999.0 -9999.0 -9999.0 -9999.0 -9999.0 -9999.0 -9999.0 -9999.0 -9999.0 -9999.0 -9999.0 -9999.0 -9999.0 -9999.0 -9999.0 -9999.0 -9999.0 -9999.0 -9999.0 -9999.0 -9999.0 -9999.0 -9999.0 -9999.0 -9999.0 -9999.0 -9999.0 -9999.0 -9999.0 -9999.0 -9999.0 -9999.0 -9999.0 -9999.0 -9999.0 -9999.0 -9999.0 -9999.0 -9999.0 -9999.0 -9999.0 -9999.0 -9999.0 -9999.0 -9999.0 -9999.0 -9999.0 -9999.0 -9999.0 -9999.0 -9999.0 -9999.0 -9999.0 -9999.0 -9999.0 -9999.0 -9999.0 -9999.0 -9999.0 -9999.0 -9999.0 -9999.0 -9999.0 -9999.0 -9999.0 -9999.0 -9999.0 -9999.0 -9999.0 -9999.0 -9999.0 -9999.0 -9999.0 -9999.0 -9999.0