Borden_/Borden1m_014/output_maps/psiliqL0005N0027.asc
ncols         80
nrows         18
xllcorner     620200.000000
yllcorner     5168000.000000
cellsize      1.000000
NODATA_value  -9999.0
-9999.0 -9999.0 -9999.0 -9999.0 -9999.0 -9999.0 -9999.0 -9999.0 -9999.0 -9999.0 -9999.0 -9999.0 -9999.0 -9999.0 -9999.0 -9999.0 -9999.0 -9999.0 -9999.0 -9999.0 -9999.0 -9999.0 -9999.0 -9999.0 -9999.0 -9999.0 -9999.0 -9999.0 -9999.0 -9999.0 -9999.0 -9999.0 -9999.0 -9999.0 -9999.0 -9999.0 -9999.0 -9999.0 -9999.0 -9999.0 -9999.0 -9999.0 -9999.0 -9999.0 -9999.0 -9999.0 -9999.0 -9999.0 -9999.0 -9999.0 -9999.0 -9999.0 -9999.0 -9999.0 -9999.0 -9999.0 -9999.0 -9999.0 -9999.0 -9999.0 -9999.0 -9999.0 -9999.0 -9999.0 -9999.0 -9999.0 -9999.0 -9999.0 -9999.0 -9999.0 -9999.0 -9999.0 -9999.0 -9999.0 -9999.0 -9999.0 -9999.0 -9999.0 -9999.0 -9999.0
-9999.0 -9999.0 -9999.0 -9999.0 -9999.0 -9999.0 -9999.0 -9999.0 -9999.0 -9999.0 -9999.0 -9999.0 -9999.0 -9999.0 -9999.0 -9999.0 -9999.0 -9999.0 -9999.0 -9999.0 -9999.0 -9999.0 -9999.0 -9999.0 -9999.0 -9999.0 -9999.0 -9999.0 -9999.0 -9999.0 -9999.0 -9999.0 -9999.0 -9999.0 -9999.0 -9999.0 -9999.0 -9999.0 -9999.0 -9999.0 -9999.0 -9999.0 -9999.0 -9999.0 -9999.0 -9999.0 -9999.0 -9999.0 -9999.0 -9999.0 -9999.0 -9999.0 -9999.0 -9999.0 -9999.0 -9999.0 -9999.0 -9999.0 -9999.0 -9999.0 -9999.0 -9999.0 -9999.0 -9999.0 -9999.0 -9999.0 -9999.0 -9999.0 -9999.0 -9999.0 -9999.0 -9999.0 -9999.0 -9999.0 -9999.0 -9999.0 -9999.0 -9999.0 -9999.0 -9999.0
-9999.0 -9999.0 -9999.0 -9999.0 -9999.0 -9999.0 -9999.0 -9999.0 -9999.0 -9999.0 -9999.0 -9999.0 -9999.0 -9999.0 -9999.0 -9999.0 -9999.0 -9999.0 -9999.0 -9999.0 -722.462237 -718.342909 -737.496343 -763.810718 -785.576268 -785.601711 -759.827637 -729.073602 -698.927307 -690.964314 -708.024981 -706.338991 -712.018199 -713.244668 -711.420864 -706.412429 -704.378972 -694.772115 -687.916878 -688.648254 -694.304847 -699.358751 -701.549618 -698.786715 -693.895410 -701.537140 -689.225621 -675.533126 -669.657556 -673.005526 -695.519162 -707.624781 -713.144411 -725.990824 -702.540365 -691.713470 -670.971475 -667.138925 -666.671072 -690.016391 -715.273077 -9999.0 -9999.0 -9999.0 -9999.0 -9999.0 -9999.0 -9999.0 -9999.0 -9999.0 -9999.0 -9999.0 -9999.0 -9999.0 -9999.0 -9999.0 -9999.0 -9999.0 -9999.0 -9999.0
-9999.0 -9999.0 -9999.0 -9999.0 -9999.0 -9999.0 -9999.0 -9999.0 -9999.0 -9999.0 -9999.0 -9999.0 -9999.0 -9999.0 -783.355043 -792.406584 -795.934544 -792.926868 -768.907236 -747.754997 -740.059316 -747.868220 -745.847992 -766.036540 -783.523594 -772.350390 -750.897151 -728.402061 -701.518363 -684.408011 -696.852171 -699.909775 -691.121401 -665.956664 -652.935307 -656.136803 -678.123633 -656.342280 -641.567895 -632.416434 -633.552694 -642.638889 -627.617275 -611.121112 -617.926666 -635.709888 -633.016619 -621.987272 -606.158433 -619.988605 -681.680082 -698.047632 -698.412400 -701.845397 -712.476471 -718.257177 -694.506910 -694.090610 -700.253661 -712.919959 -737.387387 -771.713017 -785.578927 -753.895665 -718.821777 -667.503918 -9999.0 -9999.0 -9999.0 -9999.0 -9999.0 -9999.0 -9999.0 -9999.0 -9999.0 -9999.0 -9999.0 -9999.0 -9999.0 -9999.0
-9999.0 -9999.0 -9999.0 -9999.0 -9999.0 -9999.0 -9999.0 -9999.0 -9999.0 -815.853094 -815.739679 -811.650927 -813.942897 -803.363876 -810.181890 -805.741748 -802.942243 -785.309792 -765.066523 -739.450433 -715.680252 -726.928611 -727.790436 -717.085955 -712.094301 -702.774932 -687.055290 -651.642270 -612.316025 -569.509077 -599.447621 -601.276142 -581.287456 -522.062564 -469.742093 -454.644168 -480.168324 -478.595556 -444.832541 -407.345274 -406.640018 -408.866307 -370.513337 -349.197322 -337.923148 -367.276879 -400.301721 -405.348478 -365.869910 -442.353657 -523.950645 -588.917502 -589.005534 -620.454220 -659.974369 -679.473704 -682.379713 -659.066645 -671.722780 -703.500511 -733.143028 -736.285675 -749.813622 -735.611752 -718.024958 -676.481244 -641.606489 -613.731009 -612.511881 -628.798646 -9999.0 -9999.0 -9999.0 -9999.0 -9999.0 -9999.0 -9999.0 -9999.0 -9999.0 -9999.0
-9999.0 -9999.0 -9999.0 -9999.0 -9999.0 -9999.0 -853.735083 -851.629947 -842.005648 -849.043161 -833.468925 -834.495762 -821.523117 -810.983416 -798.874854 -790.142550 -768.076103 -745.299291 -713.414969 -677.177758 -649.074948 -655.074711 -646.833712 -612.720605 -563.846201 -523.252706 -495.074240 -446.292518 -327.589288 -262.209487 -237.404691 -224.823114 -209.198892 -176.842316 -120.626464 -70.924296 -124.782469 -144.970073 -128.812343 -87.006153 -22.332699 -18.308607 -11.703840 -3.932078 21.757885 13.212095 -81.026363 -110.144908 -118.750891 -128.644020 -169.756546 -216.158814 -280.501165 -354.681683 -471.105551 -543.089430 -551.954427 -537.979232 -571.673834 -623.821931 -662.567862 -669.354367 -680.357453 -692.909209 -687.032894 -669.272272 -646.629471 -634.578163 -644.918273 -662.021557 -680.202252 -705.145867 -702.701422 -679.413192 -9999.0 -9999.0 -9999.0 -9999.0 -9999.0 -9999.0
-9999.0 -9999.0 -9999.0 -9999.0 -884.939586 -876.472311 -894.899725 -879.400156 -862.727116 -846.360021 -832.885671 -809.571545 -794.629474 -775.272663 -744.285603 -715.583597 -679.292662 -650.095946 -597.095297 -519.607198 -450.683031 -409.980886 -382.647081 -282.123697 -205.746795 -165.270459 -151.490788 -127.703243 -79.130302 28.371001 39.077401 62.645430 82.677491 108.131513 148.091829 181.776020 162.271244 152.897426 157.874306 166.895235 192.897241 194.252279 195.376839 195.781121 197.945894 198.876966 176.224933 144.917528 128.913909 100.827197 103.452156 44.363237 -45.835769 -85.590794 -112.265160 -150.355707 -204.019154 -231.213655 -313.284257 -399.781553 -495.275249 -530.199740 -566.763564 -592.189321 -622.008871 -619.152426 -613.773811 -630.855651 -656.909732 -683.980217 -694.226624 -708.809857 -718.034556 -689.900874 -674.810900 -645.281654 -9999.0 -9999.0 -9999.0 -9999.0
-9999.0 -9999.0 -900.766041 -887.682674 -857.593379 -862.346939 -866.103967 -870.612001 -857.390786 -825.047866 -768.877933 -732.254082 -695.589300 -672.103932 -616.398617 -522.613023 -423.519013 -345.994660 -255.560371 -191.167774 -142.630158 -102.523646 -32.539227 8.493696 54.314732 104.287009 121.641210 146.191610 168.394903 199.734016 223.841345 239.608584 245.840064 240.298229 240.710218 238.536685 236.585267 231.465904 215.027448 212.924551 220.204231 222.739914 225.718516 213.899241 210.098048 222.591682 224.158981 224.671176 225.621295 232.688829 243.979980 214.523685 161.255249 148.533290 141.921236 106.137693 46.068179 -38.071959 -69.701781 -110.713881 -177.927352 -218.600599 -287.425161 -372.197234 -458.873999 -503.148879 -553.077447 -590.878612 -630.825213 -670.300822 -688.396103 -701.964335 -701.160317 -700.961258 -685.545442 -671.319060 -656.073353 -648.844865 -9999.0 -9999.0
-9999.0 -924.185615 -916.678896 -857.312376 -824.012979 -799.764393 -773.987016 -753.779829 -736.937500 -733.520973 -634.927469 -513.535762 -401.313654 -356.554416 -271.604923 -170.628733 -34.821029 3.889192 30.102112 74.670664 118.938363 162.209396 188.885064 220.739746 244.862144 242.451223 238.545189 238.770955 229.856363 223.114237 212.941854 220.887120 219.168506 204.107445 191.919708 190.722063 186.543878 160.599948 135.025663 122.601092 127.056176 147.113634 134.597389 117.803694 114.357503 134.104026 149.478915 141.458581 126.802401 126.302249 174.999792 196.200677 212.584188 226.539452 246.400712 224.473427 192.060917 153.719400 137.674965 111.191788 17.674742 -45.219315 -98.787501 -159.224193 -211.467466 -293.563938 -394.955497 -478.358572 -549.554072 -585.413767 -612.038267 -659.990398 -678.843464 -673.876076 -681.360614 -682.676431 -675.876288 -669.861979 -9999.0 -9999.0
-9999.0 -965.544184 -912.775083 -830.685954 -737.005212 -695.399517 -572.190084 -479.280876 -449.021259 -480.836866 -314.389324 -38.254507 29.432341 36.905543 93.042713 162.690602 204.202025 227.967050 241.605472 235.567726 229.234396 232.999799 228.685068 220.538153 206.831572 200.274904 199.402928 197.471199 178.766282 160.821783 143.058238 143.857415 127.676623 96.008463 66.534397 53.123494 31.698873 -25.120747 -68.236834 -97.815779 -111.304968 -92.551000 -102.648141 -120.136516 -123.574308 -100.278499 -66.358053 -71.496274 -65.145852 -41.207544 3.711961 76.930652 98.873093 124.962477 158.044266 197.340982 215.683682 234.896081 241.109345 216.803175 174.916832 131.186448 101.186577 5.529703 -67.271235 -143.468881 -192.464842 -233.941431 -321.384385 -397.587184 -470.207070 -538.518082 -597.349044 -619.815307 -655.580584 -671.687768 -9999.0 -9999.0 -9999.0 -9999.0
-9999.0 -976.482518 -918.939469 -784.723247 -580.465218 -422.869770 -209.070170 -80.469216 57.244443 41.224758 133.921753 218.606584 230.705580 216.632510 193.204908 190.846395 201.282792 203.668939 199.107909 190.230037 178.751268 175.519273 173.498021 165.861658 153.820201 140.283558 128.482884 116.156064 41.257211 4.656943 -23.911118 -40.579733 -75.704245 -155.531810 -185.799637 -207.692188 -272.693632 -292.042797 -312.914827 -358.606117 -387.291201 -406.978892 -382.275926 -386.483333 -387.662196 -372.961580 -338.864358 -312.921795 -255.241044 -213.525213 -181.481900 -136.171321 -103.185301 -58.314890 -6.692459 83.078993 111.820294 136.956446 179.747904 217.919267 238.625518 231.415130 202.475918 163.221227 104.207448 2.946504 -47.317673 -112.069400 -166.445456 -204.645106 -235.093500 -301.969102 -412.677747 -529.981301 -570.013798 -9999.0 -9999.0 -9999.0 -9999.0 -9999.0
-9999.0 -1042.890803 -933.517918 -809.242961 -519.361971 -198.917313 -102.796732 130.268226 195.394158 123.248612 41.063019 104.616814 137.217291 142.171773 119.402085 111.228601 104.875588 104.284506 116.073620 87.989424 23.574251 5.363847 3.294490 -9.795575 -33.703161 -53.461822 -68.536188 -90.196460 -141.078176 -178.786922 -232.874417 -269.323866 -372.735909 -472.466307 -528.877888 -579.358710 -631.479714 -632.756479 -617.829496 -634.686705 -654.990616 -673.209935 -649.624058 -636.891174 -627.215195 -636.848763 -629.582841 -597.843211 -550.276432 -504.932034 -440.830641 -355.462128 -286.075513 -217.084498 -190.010731 -144.838678 -101.040042 -52.056939 22.237439 130.065588 160.831663 192.947856 228.872937 245.891533 205.678276 163.677844 111.239673 13.645312 -77.477803 -118.080324 -138.437967 -165.617934 -206.771680 -9999.0 -9999.0 -9999.0 -9999.0 -9999.0 -9999.0 -9999.0
-9999.0 -1081.372263 -972.249545 -923.751234 -746.798015 -536.550492 -327.662765 -197.028569 -60.400255 -147.857751 -158.652793 -136.273554 -109.790220 -89.136112 -111.175418 -141.325727 -161.452242 -157.755682 -156.561165 -175.440305 -198.585762 -208.706933 -209.637647 -218.687577 -255.461168 -281.161479 -298.287861 -331.858466 -390.416371 -467.967124 -564.968951 -627.233925 -682.776436 -712.319487 -735.323299 -759.696501 -791.917448 -780.219895 -767.389910 -771.207289 -781.622262 -786.879957 -762.814807 -749.912911 -741.989155 -756.371358 -741.482374 -721.408262 -687.492680 -653.715472 -613.100971 -563.654903 -510.523360 -474.588251 -449.758453 -400.291039 -327.915570 -239.996849 -168.999880 -76.561576 -1.384318 79.012047 128.932962 158.946873 177.900393 193.994740 192.456239 141.962864 -49.195254 -76.618610 -82.916389 -9999.0 -9999.0 -9999.0 -9999.0 -9999.0 -9999.0 -9999.0 -9999.0 -9999.0
-9999.0 -9999.0 -1105.429487 -1049.516954 -995.976837 -920.373651 -827.137345 -741.240519 -684.821213 -623.220855 -547.151506 -471.242791 -423.818099 -402.820993 -429.747000 -484.680058 -517.552481 -516.777350 -526.347260 -543.901016 -572.873943 -583.353266 -591.533664 -598.627846 -613.430983 -621.034770 -625.538436 -635.030285 -654.770625 -695.164761 -738.273082 -775.911545 -814.140470 -825.508410 -836.973024 -850.728236 -848.501478 -849.868605 -845.809967 -845.999287 -842.986854 -836.296984 -825.031927 -812.455145 -807.987956 -804.151527 -797.047059 -782.086052 -759.912555 -731.289056 -690.599984 -643.984258 -611.698157 -603.025229 -614.365670 -609.675187 -588.996529 -543.766002 -430.119950 -286.375315 -192.870844 -129.487188 -57.885996 -9.080615 13.282815 70.908536 113.614203 7.039359 -131.114157 -110.613595 -9999.0 -9999.0 -9999.0 -9999.0 -9999.0 -9999.0 -9999.0 -9999.0 -9999.0 -9999.0
-9999.0 -9999.0 -9999.0 -9999.0 -1122.249061 -1049.127190 -991.016436 -981.963742 -927.416547 -880.454065 -832.975910 -785.834698 -750.672888 -733.164192 -746.733094 -753.929457 -760.667066 -761.463332 -767.252659 -772.528001 -776.995718 -782.111312 -788.543047 -793.904571 -793.844352 -790.728771 -791.198024 -800.209156 -807.728556 -826.453013 -838.054965 -855.726667 -872.713022 -886.796797 -889.381203 -891.823564 -889.262324 -893.245655 -886.675225 -887.234924 -880.051015 -874.062223 -862.920390 -847.927789 -845.039090 -836.825046 -832.721896 -820.487770 -805.325062 -770.869890 -725.141259 -680.814002 -653.730414 -653.008922 -679.655540 -694.958734 -700.253451 -678.388059 -639.494879 -574.533332 -456.074819 -338.207637 -237.339054 -193.270397 -165.707263 -119.656033 -71.206563 -56.754454 -9999.0 -9999.0 -9999.0 -9999.0 -9999.0 -9999.0 -9999.0 -9999.0 -9999.0 -9999.0 -9999.0 -9999.0
-9999.0 -9999.0 -9999.0 -9999.0 -9999.0 -9999.0 -1098.706821 -1062.389702 -1063.705276 -1027.083205 -990.174035 -956.526888 -919.252994 -912.437352 -903.041278 -885.376909 -888.720588 -899.534062 -911.289469 -896.650339 -889.691922 -890.450309 -909.623864 -907.353381 -905.149930 -897.996308 -898.649023 -898.950422 -915.662425 -902.617825 -897.914394 -906.262496 -914.825778 -915.801625 -920.843266 -910.969634 -909.831902 -918.571034 -919.847086 -905.370564 -898.346370 -896.101029 -888.357901 -873.220076 -855.648872 -849.676836 -852.318498 -853.922621 -830.246827 -784.351387 -734.423773 -693.895503 -670.052157 -664.926839 -691.798658 -728.962763 -749.018778 -747.303887 -723.378731 -683.182078 -617.884702 -574.464671 -541.782273 -511.476180 -471.030094 -324.885402 -9999.0 -9999.0 -9999.0 -9999.0 -9999.0 -9999.0 -9999.0 -9999.0 -9999.0 -9999.0 -9999.0 -9999.0 -9999.0 -9999.0
-9999.0 -9999.0 -9999.0 -9999.0 -9999.0 -9999.0 -9999.0 -9999.0 -9999.0 -9999.0 -9999.0 -9999.0 -9999.0 -9999.0 -9999.0 -9999.0 -9999.0 -9999.0 -9999.0 -9999.0 -9999.0 -9999.0 -9999.0 -9999.0 -9999.0 -9999.0 -9999.0 -9999.0 -9999.0 -9999.0 -9999.0 -9999.0 -9999.0 -9999.0 -9999.0 -9999.0 -9999.0 -9999.0 -9999.0 -9999.0 -9999.0 -9999.0 -9999.0 -9999.0 -9999.0 -9999.0 -9999.0 -9999.0 -9999.0 -9999.0 -9999.0 -9999.0 -9999.0 -9999.0 -9999.0 -9999.0 -9999.0 -9999.0 -9999.0 -9999.0 -9999.0 -9999.0 -9999.0 -9999.0 -9999.0 -9999.0 -9999.0 -9999.0 -9999.0 -9999.0 -9999.0 -9999.0 -9999.0 -9999.0 -9999.0 -9999.0 -9999.0 -9999.0 -9999.0 -9999.0
-9999.0 -9999.0 -9999.0 -9999.0 -9999.0 -9999.0 -9999.0 -9999.0 -9999.0 -9999.0 -9999.0 -9999.0 -9999.0 -9999.0 -9999.0 -9999.0 -9999.0 -9999.0 -9999.0 -9999.0 -9999.0 -9999.0 -9999.0 -9999.0 -9999.0 -9999.0 -9999.0 -9999.0 -9999.0 -9999.0 -9999.0 -9999.0 -9999.0 -9999.0 -9999.0 -9999.0 -9999.0 -9999.0 -9999.0 -9999.0 -9999.0 -9999.0 -9999.0 -9999.0 -9999.0 -9999.0 -9999.0 -9999.0 -9999.0 -9999.0 -9999.0 -9999.0 -9999.0 -9999.0 -9999.0 -9999.0 -9999.0 -9999.0 -9999.0 -9999.0 -9999.0 -9999.0 -9999.0 -9999.0 -9999.0 -9999.0 -9999.0 -9999.0 -9999.0 -9999.0 -9999.0 -9999.0 -9999.0 -9999.0 -9999.0 -9999.0 -9999.0 -9999.0 -9999.0 -9999.0