Borden_/Borden1m_014/output_maps/psiliqL0004N0015.asc
ncols         80
nrows         18
xllcorner     620200.000000
yllcorner     5168000.000000
cellsize      1.000000
NODATA_value  -9999.0
-9999.0 -9999.0 -9999.0 -9999.0 -9999.0 -9999.0 -9999.0 -9999.0 -9999.0 -9999.0 -9999.0 -9999.0 -9999.0 -9999.0 -9999.0 -9999.0 -9999.0 -9999.0 -9999.0 -9999.0 -9999.0 -9999.0 -9999.0 -9999.0 -9999.0 -9999.0 -9999.0 -9999.0 -9999.0 -9999.0 -9999.0 -9999.0 -9999.0 -9999.0 -9999.0 -9999.0 -9999.0 -9999.0 -9999.0 -9999.0 -9999.0 -9999.0 -9999.0 -9999.0 -9999.0 -9999.0 -9999.0 -9999.0 -9999.0 -9999.0 -9999.0 -9999.0 -9999.0 -9999.0 -9999.0 -9999.0 -9999.0 -9999.0 -9999.0 -9999.0 -9999.0 -9999.0 -9999.0 -9999.0 -9999.0 -9999.0 -9999.0 -9999.0 -9999.0 -9999.0 -9999.0 -9999.0 -9999.0 -9999.0 -9999.0 -9999.0 -9999.0 -9999.0 -9999.0 -9999.0
-9999.0 -9999.0 -9999.0 -9999.0 -9999.0 -9999.0 -9999.0 -9999.0 -9999.0 -9999.0 -9999.0 -9999.0 -9999.0 -9999.0 -9999.0 -9999.0 -9999.0 -9999.0 -9999.0 -9999.0 -9999.0 -9999.0 -9999.0 -9999.0 -9999.0 -9999.0 -9999.0 -9999.0 -9999.0 -9999.0 -9999.0 -9999.0 -9999.0 -9999.0 -9999.0 -9999.0 -9999.0 -9999.0 -9999.0 -9999.0 -9999.0 -9999.0 -9999.0 -9999.0 -9999.0 -9999.0 -9999.0 -9999.0 -9999.0 -9999.0 -9999.0 -9999.0 -9999.0 -9999.0 -9999.0 -9999.0 -9999.0 -9999.0 -9999.0 -9999.0 -9999.0 -9999.0 -9999.0 -9999.0 -9999.0 -9999.0 -9999.0 -9999.0 -9999.0 -9999.0 -9999.0 -9999.0 -9999.0 -9999.0 -9999.0 -9999.0 -9999.0 -9999.0 -9999.0 -9999.0
-9999.0 -9999.0 -9999.0 -9999.0 -9999.0 -9999.0 -9999.0 -9999.0 -9999.0 -9999.0 -9999.0 -9999.0 -9999.0 -9999.0 -9999.0 -9999.0 -9999.0 -9999.0 -9999.0 -9999.0 -686.878088 -683.249114 -693.674001 -706.548633 -717.246247 -718.037198 -705.742924 -691.105447 -675.289033 -671.627704 -682.566255 -680.508817 -684.529034 -686.363157 -686.040057 -682.874940 -681.392815 -676.268311 -672.784286 -673.741563 -677.248044 -680.002763 -681.791972 -680.638674 -677.096057 -682.266538 -674.473724 -666.379317 -663.234494 -664.257345 -676.251961 -681.882656 -684.234978 -692.692630 -677.416157 -671.916429 -659.752575 -658.025322 -656.790975 -670.443825 -684.465462 -9999.0 -9999.0 -9999.0 -9999.0 -9999.0 -9999.0 -9999.0 -9999.0 -9999.0 -9999.0 -9999.0 -9999.0 -9999.0 -9999.0 -9999.0 -9999.0 -9999.0 -9999.0 -9999.0
-9999.0 -9999.0 -9999.0 -9999.0 -9999.0 -9999.0 -9999.0 -9999.0 -9999.0 -9999.0 -9999.0 -9999.0 -9999.0 -9999.0 -711.608861 -716.892349 -719.240521 -719.757888 -708.625205 -699.275587 -697.342577 -702.581956 -699.317630 -710.650115 -720.675900 -714.533144 -704.495608 -694.933862 -681.351342 -671.830407 -679.694047 -681.641647 -676.837099 -661.510660 -654.159236 -656.793100 -672.705315 -657.288439 -648.387471 -642.860324 -643.593321 -650.490041 -640.341294 -628.815140 -634.288711 -646.612357 -644.084855 -636.631121 -625.575377 -632.995935 -674.163063 -681.213416 -680.083474 -680.521507 -686.759131 -690.710591 -675.147389 -676.286885 -679.450965 -684.478593 -696.146464 -713.491802 -720.898040 -703.789275 -686.883965 -657.077529 -9999.0 -9999.0 -9999.0 -9999.0 -9999.0 -9999.0 -9999.0 -9999.0 -9999.0 -9999.0 -9999.0 -9999.0 -9999.0 -9999.0
-9999.0 -9999.0 -9999.0 -9999.0 -9999.0 -9999.0 -9999.0 -9999.0 -9999.0 -723.519633 -724.498141 -722.764244 -725.629071 -720.520989 -727.235452 -725.154595 -725.689681 -717.774112 -710.082024 -698.499803 -685.358528 -693.480867 -694.421654 -688.030112 -686.491214 -682.701995 -675.210803 -653.987040 -630.594654 -600.687172 -625.052069 -626.745341 -613.920198 -570.564000 -531.373675 -521.716036 -539.271285 -539.423449 -516.487900 -491.644207 -493.262426 -495.487370 -472.123378 -459.305886 -450.468626 -469.326767 -488.536896 -492.174997 -464.695289 -514.595456 -571.196732 -619.819604 -614.953080 -635.340463 -659.954985 -670.633016 -673.235718 -656.590839 -663.988774 -682.171454 -697.852852 -696.112540 -704.028961 -695.960483 -688.416935 -664.832087 -644.132916 -625.924854 -625.099605 -636.192664 -9999.0 -9999.0 -9999.0 -9999.0 -9999.0 -9999.0 -9999.0 -9999.0 -9999.0 -9999.0
-9999.0 -9999.0 -9999.0 -9999.0 -9999.0 -9999.0 -736.243729 -736.386804 -732.714815 -740.967490 -733.492106 -737.143720 -731.418568 -728.081636 -723.548958 -721.853961 -711.894321 -702.155924 -686.823180 -667.660302 -651.231812 -657.438234 -652.927170 -632.048224 -600.126509 -569.466894 -549.839769 -518.441703 -442.013429 -385.391620 -357.676794 -343.791132 -288.125843 0.235519 62.417417 66.135114 62.731936 59.954962 62.690535 68.075144 68.163252 67.649408 68.639433 69.487971 74.503131 73.690350 67.481199 66.189992 66.200672 64.202886 17.647554 -281.041293 -404.821494 -460.129590 -532.879313 -583.974108 -593.446211 -580.258814 -602.291719 -637.177516 -660.847117 -662.810883 -668.368238 -676.484165 -672.499667 -662.525346 -648.563431 -640.484588 -646.996706 -656.817448 -665.688247 -680.465385 -678.517606 -664.495112 -9999.0 -9999.0 -9999.0 -9999.0 -9999.0 -9999.0
-9999.0 -9999.0 -9999.0 -9999.0 -751.890467 -747.306742 -760.234242 -752.198316 -745.393961 -739.647620 -737.591834 -728.103279 -723.884011 -716.263127 -701.907124 -689.543764 -670.359114 -655.182047 -622.117101 -568.576985 -519.425115 -493.375665 -481.771113 -411.506922 -30.602946 55.911942 60.263108 63.163955 67.730120 77.355030 81.506721 82.639258 87.811503 99.606544 107.313543 112.928117 109.589391 109.019442 109.291406 109.703914 119.068533 118.884759 119.628381 119.554261 121.165878 123.445230 111.598914 106.822797 105.854478 105.272255 101.677874 83.534063 74.151070 70.052196 67.341645 59.080380 -24.524700 -336.984431 -433.207830 -488.227331 -552.466701 -576.715052 -599.867460 -615.467468 -635.910005 -632.731106 -627.812223 -639.101712 -655.119441 -670.920802 -674.815936 -682.352935 -688.940932 -671.214442 -663.518284 -644.726632 -9999.0 -9999.0 -9999.0 -9999.0
-9999.0 -9999.0 -754.602406 -752.744170 -739.307439 -745.668011 -749.804130 -755.391828 -751.365663 -737.411823 -711.772224 -697.770514 -679.805305 -668.693058 -634.631601 -568.877230 -501.602660 -458.068018 -379.005565 -15.169571 59.571849 65.538548 66.825080 73.659523 91.374980 102.420668 105.154577 107.560294 110.489791 123.080037 146.450409 160.686679 169.881522 159.536684 162.207151 156.246548 157.816738 152.567765 138.031508 135.197024 142.321648 142.980435 147.526060 135.162965 132.058562 143.347126 146.614084 147.144713 151.522742 157.563311 169.775649 140.436285 108.889446 107.764045 108.598211 103.002275 92.264352 77.718391 73.690607 67.496276 23.767805 -239.515261 -412.471011 -474.546192 -528.579949 -553.977548 -588.638298 -614.146197 -640.014277 -664.843535 -674.177450 -680.419395 -678.275863 -679.642544 -670.056670 -662.092164 -652.002598 -647.746597 -9999.0 -9999.0
-9999.0 -760.664782 -763.053238 -738.623162 -730.829990 -723.615078 -715.381543 -708.158226 -700.502368 -703.903819 -644.473022 -558.032078 -484.755963 -463.030522 -396.026164 -21.840832 62.930259 70.797893 77.768035 94.303723 104.023439 109.733219 115.018110 144.670752 170.507044 161.068430 162.323968 157.124991 150.695731 142.248422 132.011839 140.584434 138.782783 125.986613 114.543293 113.404266 111.285920 107.879796 104.529976 103.208119 104.125687 108.088318 106.229990 103.136234 102.524988 105.557229 108.021839 106.537069 104.490088 107.351909 112.853405 121.383963 137.134525 150.186012 170.956036 147.716019 117.949400 108.102158 106.594109 104.033471 96.507412 82.363062 71.255962 60.522704 -18.991676 -420.259861 -489.677743 -539.605518 -587.654827 -610.922872 -627.246719 -659.092739 -669.283070 -663.952025 -668.468651 -669.128129 -664.901772 -661.389431 -9999.0 -9999.0
-9999.0 -782.711027 -760.528228 -731.641713 -694.124356 -681.632989 -599.670076 -530.730218 -513.061220 -538.495370 -431.278020 39.948393 73.512759 73.545583 85.704953 107.145204 132.485694 151.723026 168.751444 156.893176 153.155362 152.521243 148.618257 139.844131 126.256339 119.769626 120.163772 119.075687 111.193711 108.762189 105.968396 106.446471 105.119502 100.725198 94.925095 85.783385 80.203520 77.227720 72.300447 68.676213 66.500493 70.574280 68.831869 65.952109 65.110883 68.570477 74.215852 72.576595 74.719078 81.871789 94.267626 100.099552 101.998845 105.300101 109.958526 122.357514 139.405323 157.258349 164.846961 140.398372 112.800721 105.795986 103.709802 97.384372 87.377274 65.447654 9.529958 -305.074296 -435.844730 -486.167521 -533.293138 -578.494890 -619.440690 -631.921600 -655.398322 -662.286663 -9999.0 -9999.0 -9999.0 -9999.0
-9999.0 -785.784167 -763.497569 -711.448716 -599.627723 -495.760118 -9.796845 67.957596 75.983446 85.280508 91.653058 151.044731 160.680130 143.317322 118.462215 114.654247 124.008140 126.467363 121.845373 114.243112 111.141931 110.123405 109.700055 108.567860 107.167673 105.512633 104.428455 104.180881 99.874254 94.872276 82.020994 78.318828 73.408110 57.257024 6.010605 -250.592280 -402.581337 -411.860690 -428.400661 -462.360570 -479.327394 -490.978321 -475.064417 -479.383948 -480.901337 -471.275203 -448.489548 -432.745835 -376.631516 -243.097445 19.799628 63.807084 69.735705 79.240800 92.852533 101.345894 103.897101 106.750995 113.002623 140.877173 161.401813 153.516172 127.372882 112.155148 103.904701 96.775690 92.090691 75.720388 64.355711 34.421713 -167.154439 -415.640496 -495.535303 -569.329059 -597.234938 -9999.0 -9999.0 -9999.0 -9999.0 -9999.0
-9999.0 -819.059050 -766.177798 -722.098820 -552.340478 -21.113049 66.969635 102.616786 145.633902 101.200508 97.464644 100.500994 106.336638 106.308989 102.932229 103.286526 102.545334 102.532619 105.717027 101.643151 95.694888 86.554204 85.307445 82.498796 77.578327 74.860188 73.543199 71.544233 63.265805 16.371557 -328.011912 -385.351248 -470.447815 -534.632133 -574.537859 -609.650613 -644.120004 -643.688342 -631.758599 -642.641223 -655.442470 -668.024484 -652.260179 -644.272744 -637.536371 -645.166751 -641.750575 -620.589016 -588.465725 -559.318832 -517.408800 -464.705517 -414.000684 -286.087934 4.914375 61.470903 69.402298 77.598314 95.683856 107.102772 110.208049 117.985630 151.526889 170.605607 133.026518 110.124316 105.868756 101.740529 93.860519 89.143589 81.195003 69.590555 58.280476 -9999.0 -9999.0 -9999.0 -9999.0 -9999.0 -9999.0 -9999.0
-9999.0 -836.815088 -780.809387 -769.622446 -695.235912 -567.179044 -430.017950 -22.068491 57.062021 58.187757 61.141817 64.603629 68.375866 72.021085 68.460661 63.240435 59.256203 60.603237 60.743087 55.102281 0.372528 -260.923796 -278.002919 -307.313124 -374.668444 -401.558642 -415.897910 -442.702908 -481.191638 -531.022384 -599.358209 -640.424589 -673.156016 -687.155807 -697.707122 -708.586049 -726.019698 -717.516181 -710.289027 -712.162992 -717.652621 -721.260747 -708.147053 -702.504182 -698.266330 -708.492763 -700.127795 -690.931107 -672.726301 -653.927297 -629.180500 -596.451481 -559.644622 -537.680219 -523.461182 -491.811649 -447.735497 -345.719425 11.579442 72.449853 93.506484 100.220319 106.572241 111.011423 112.537049 125.329944 130.499634 107.921220 94.870820 98.249218 98.871171 -9999.0 -9999.0 -9999.0 -9999.0 -9999.0 -9999.0 -9999.0 -9999.0 -9999.0
-9999.0 -9999.0 -850.028979 -825.554101 -804.487117 -779.135030 -743.894742 -707.143204 -672.943228 -631.668146 -579.209915 -527.582712 -496.922670 -483.631624 -501.654165 -539.872484 -563.936993 -562.702615 -569.303446 -583.099654 -605.637487 -612.100624 -617.241914 -621.315281 -630.680765 -635.096922 -637.367198 -642.288264 -653.076155 -676.363878 -698.243721 -714.842583 -731.944594 -733.553808 -737.072333 -742.794372 -739.277384 -740.306623 -738.704439 -739.209146 -737.783690 -734.967792 -731.108252 -726.161950 -725.203539 -723.672966 -721.406026 -715.642190 -706.746720 -694.659055 -674.120346 -646.975250 -626.977172 -621.869584 -630.593073 -627.819191 -614.820321 -586.314430 -511.025723 -410.160979 -8.534855 63.686070 79.066868 95.573704 98.534680 100.519454 104.911933 99.964281 64.255928 88.219269 -9999.0 -9999.0 -9999.0 -9999.0 -9999.0 -9999.0 -9999.0 -9999.0 -9999.0 -9999.0
-9999.0 -9999.0 -9999.0 -9999.0 -861.194692 -826.196738 -795.890564 -797.301354 -773.663538 -756.929111 -740.181896 -721.083279 -705.510186 -696.575994 -705.373720 -707.987725 -710.648605 -710.032117 -712.657744 -715.251034 -716.750649 -718.775044 -721.211703 -723.747606 -723.040855 -720.911958 -720.603106 -724.887676 -726.380152 -734.478539 -736.887778 -742.634181 -748.069345 -753.578304 -753.142509 -753.753710 -751.796216 -754.079768 -750.595034 -752.145710 -749.152729 -747.423200 -743.453146 -737.367468 -738.256411 -734.781561 -734.014079 -729.216781 -725.397790 -711.518696 -690.307292 -667.037972 -651.708208 -651.780140 -668.939366 -677.342834 -681.217208 -668.909571 -647.141225 -606.648025 -527.687006 -456.477993 -346.763181 3.868062 59.869628 69.825237 88.968656 95.486088 -9999.0 -9999.0 -9999.0 -9999.0 -9999.0 -9999.0 -9999.0 -9999.0 -9999.0 -9999.0 -9999.0 -9999.0
-9999.0 -9999.0 -9999.0 -9999.0 -9999.0 -9999.0 -846.083091 -828.448623 -833.008769 -818.157277 -804.356663 -793.080233 -777.910077 -777.883454 -773.346935 -763.079287 -764.517574 -769.725025 -776.057446 -767.179601 -763.090078 -762.572565 -772.699550 -770.250882 -769.079082 -765.276473 -765.658220 -764.454217 -772.973020 -763.551051 -759.230579 -761.679010 -764.076680 -762.731902 -764.930259 -759.010745 -758.311764 -763.151381 -764.473848 -757.240228 -754.785211 -755.239962 -753.194845 -747.525783 -739.872449 -738.180870 -740.819781 -744.217450 -735.364879 -715.826426 -693.305025 -673.401837 -660.735002 -657.330074 -672.923599 -694.024328 -704.891412 -705.352384 -694.476606 -674.318302 -634.203784 -607.192315 -588.070127 -569.888714 -543.981962 -447.141580 -9999.0 -9999.0 -9999.0 -9999.0 -9999.0 -9999.0 -9999.0 -9999.0 -9999.0 -9999.0 -9999.0 -9999.0 -9999.0 -9999.0
-9999.0 -9999.0 -9999.0 -9999.0 -9999.0 -9999.0 -9999.0 -9999.0 -9999.0 -9999.0 -9999.0 -9999.0 -9999.0 -9999.0 -9999.0 -9999.0 -9999.0 -9999.0 -9999.0 -9999.0 -9999.0 -9999.0 -9999.0 -9999.0 -9999.0 -9999.0 -9999.0 -9999.0 -9999.0 -9999.0 -9999.0 -9999.0 -9999.0 -9999.0 -9999.0 -9999.0 -9999.0 -9999.0 -9999.0 -9999.0 -9999.0 -9999.0 -9999.0 -9999.0 -9999.0 -9999.0 -9999.0 -9999.0 -9999.0 -9999.0 -9999.0 -9999.0 -9999.0 -9999.0 -9999.0 -9999.0 -9999.0 -9999.0 -9999.0 -9999.0 -9999.0 -9999.0 -9999.0 -9999.0 -9999.0 -9999.0 -9999.0 -9999.0 -9999.0 -9999.0 -9999.0 -9999.0 -9999.0 -9999.0 -9999.0 -9999.0 -9999.0 -9999.0 -9999.0 -9999.0
-9999.0 -9999.0 -9999.0 -9999.0 -9999.0 -9999.0 -9999.0 -9999.0 -9999.0 -9999.0 -9999.0 -9999.0 -9999.0 -9999.0 -9999.0 -9999.0 -9999.0 -9999.0 -9999.0 -9999.0 -9999.0 -9999.0 -9999.0 -9999.0 -9999.0 -9999.0 -9999.0 -9999.0 -9999.0 -9999.0 -9999.0 -9999.0 -9999.0 -9999.0 -9999.0 -9999.0 -9999.0 -9999.0 -9999.0 -9999.0 -9999.0 -9999.0 -9999.0 -9999.0 -9999.0 -9999.0 -9999.0 -9999.0 -9999.0 -9999.0 -9999.0 -9999.0 -9999.0 -9999.0 -9999.0 -9999.0 -9999.0 -9999.0 -9999.0 -9999.0 -9999.0 -9999.0 -9999.0 -9999.0 -9999.0 -9999.0 -9999.0 -9999.0 -9999.0 -9999.0 -9999.0 -9999.0 -9999.0 -9999.0 -9999.0 -9999.0 -9999.0 -9999.0 -9999.0 -9999.0