Borden_/Borden1m_014/output_maps/psiliqL0025N0013.asc
ncols         80
nrows         18
xllcorner     620200.000000
yllcorner     5168000.000000
cellsize      1.000000
NODATA_value  -9999.0
-9999.0 -9999.0 -9999.0 -9999.0 -9999.0 -9999.0 -9999.0 -9999.0 -9999.0 -9999.0 -9999.0 -9999.0 -9999.0 -9999.0 -9999.0 -9999.0 -9999.0 -9999.0 -9999.0 -9999.0 -9999.0 -9999.0 -9999.0 -9999.0 -9999.0 -9999.0 -9999.0 -9999.0 -9999.0 -9999.0 -9999.0 -9999.0 -9999.0 -9999.0 -9999.0 -9999.0 -9999.0 -9999.0 -9999.0 -9999.0 -9999.0 -9999.0 -9999.0 -9999.0 -9999.0 -9999.0 -9999.0 -9999.0 -9999.0 -9999.0 -9999.0 -9999.0 -9999.0 -9999.0 -9999.0 -9999.0 -9999.0 -9999.0 -9999.0 -9999.0 -9999.0 -9999.0 -9999.0 -9999.0 -9999.0 -9999.0 -9999.0 -9999.0 -9999.0 -9999.0 -9999.0 -9999.0 -9999.0 -9999.0 -9999.0 -9999.0 -9999.0 -9999.0 -9999.0 -9999.0
-9999.0 -9999.0 -9999.0 -9999.0 -9999.0 -9999.0 -9999.0 -9999.0 -9999.0 -9999.0 -9999.0 -9999.0 -9999.0 -9999.0 -9999.0 -9999.0 -9999.0 -9999.0 -9999.0 -9999.0 -9999.0 -9999.0 -9999.0 -9999.0 -9999.0 -9999.0 -9999.0 -9999.0 -9999.0 -9999.0 -9999.0 -9999.0 -9999.0 -9999.0 -9999.0 -9999.0 -9999.0 -9999.0 -9999.0 -9999.0 -9999.0 -9999.0 -9999.0 -9999.0 -9999.0 -9999.0 -9999.0 -9999.0 -9999.0 -9999.0 -9999.0 -9999.0 -9999.0 -9999.0 -9999.0 -9999.0 -9999.0 -9999.0 -9999.0 -9999.0 -9999.0 -9999.0 -9999.0 -9999.0 -9999.0 -9999.0 -9999.0 -9999.0 -9999.0 -9999.0 -9999.0 -9999.0 -9999.0 -9999.0 -9999.0 -9999.0 -9999.0 -9999.0 -9999.0 -9999.0
-9999.0 -9999.0 -9999.0 -9999.0 -9999.0 -9999.0 -9999.0 -9999.0 -9999.0 -9999.0 -9999.0 -9999.0 -9999.0 -9999.0 -9999.0 -9999.0 -9999.0 -9999.0 -9999.0 -9999.0 3125.364256 3126.361249 3104.509291 3070.242905 3041.780676 3043.334953 3076.018926 3116.279183 3154.628162 3161.819889 3142.494730 3145.878446 3141.125273 3136.561870 3136.644678 3144.063179 3150.307984 3159.912199 3166.752351 3164.389702 3156.975201 3151.833715 3154.131161 3155.773248 3161.968303 3147.850249 3163.763403 3179.700447 3184.630348 3182.005055 3158.707189 3146.888760 3139.236094 3124.069390 3150.834164 3162.845909 3186.389414 3191.305395 3189.676338 3163.390598 3133.550569 -9999.0 -9999.0 -9999.0 -9999.0 -9999.0 -9999.0 -9999.0 -9999.0 -9999.0 -9999.0 -9999.0 -9999.0 -9999.0 -9999.0 -9999.0 -9999.0 -9999.0 -9999.0 -9999.0
-9999.0 -9999.0 -9999.0 -9999.0 -9999.0 -9999.0 -9999.0 -9999.0 -9999.0 -9999.0 -9999.0 -9999.0 -9999.0 -9999.0 3035.664228 3026.672653 3023.515223 3030.526854 3062.689808 3092.602686 3104.171868 3096.449322 3095.963174 3070.948419 3047.840180 3060.046003 3088.890817 3118.794125 3151.590114 3168.527973 3157.031428 3154.040932 3160.733554 3179.830177 3187.729653 3183.894045 3166.351226 3189.932844 3202.997839 3207.350449 3205.196535 3195.263895 3204.082079 3218.041812 3210.987469 3195.775474 3206.554713 3221.560919 3232.679676 3224.613537 3167.205912 3155.311420 3152.710872 3149.158231 3136.697760 3133.260236 3161.935674 3162.113154 3155.374296 3138.653079 3105.866509 3061.036227 3042.668229 3083.668371 3127.822680 3184.500053 -9999.0 -9999.0 -9999.0 -9999.0 -9999.0 -9999.0 -9999.0 -9999.0 -9999.0 -9999.0 -9999.0 -9999.0 -9999.0 -9999.0
-9999.0 -9999.0 -9999.0 -9999.0 -9999.0 -9999.0 -9999.0 -9999.0 -9999.0 2980.307816 2984.349411 2990.989124 2993.049957 3007.821566 3004.353708 3010.850513 3014.544293 3041.156550 3070.099724 3103.052374 3129.529400 3119.738367 3117.958514 3121.607475 3115.931300 3123.293186 3142.992584 3178.789786 3209.721913 3244.546501 3210.817585 3205.633070 3222.767091 3263.850377 3286.969249 3288.853110 3270.098462 3286.154706 3309.406370 3325.052258 3321.405945 3315.378702 3341.036902 3356.048925 3350.305792 3329.041512 3327.468456 3334.870840 3364.141621 3314.015589 3248.889615 3210.733998 3226.699035 3205.912818 3180.160559 3169.710252 3170.900706 3191.814962 3180.627470 3147.511915 3114.797217 3103.823301 3087.701892 3109.191962 3133.074784 3179.973544 3220.244358 3250.416344 3250.301564 3233.339559 -9999.0 -9999.0 -9999.0 -9999.0 -9999.0 -9999.0 -9999.0 -9999.0 -9999.0 -9999.0
-9999.0 -9999.0 -9999.0 -9999.0 -9999.0 -9999.0 2901.809236 2912.136842 2932.675675 2935.236992 2961.362120 2966.372293 2982.417674 2999.062888 3020.099445 3032.346326 3056.755387 3085.899279 3121.213035 3158.165980 3184.750313 3173.015120 3177.585820 3196.720432 3223.208406 3241.845410 3263.797424 3300.804467 3372.292306 3408.179108 3401.044315 3401.722037 3409.796705 3459.762212 3523.442509 3534.430310 3513.829300 3500.685915 3523.974265 3561.102560 3559.387580 3558.194924 3571.029559 3581.716476 3608.468276 3597.798328 3561.986855 3556.390965 3562.803667 3540.668067 3472.615343 3415.720138 3396.881870 3350.867655 3268.613401 3226.040184 3249.524690 3277.566756 3256.336838 3207.573381 3175.927051 3171.095835 3160.722208 3154.369601 3167.329463 3190.710261 3215.285419 3229.622197 3218.261640 3197.898528 3176.587083 3148.728669 3151.591443 3176.752736 -9999.0 -9999.0 -9999.0 -9999.0 -9999.0 -9999.0
-9999.0 -9999.0 -9999.0 -9999.0 2852.458947 2865.111109 2850.201477 2875.953301 2907.540937 2940.671142 2967.812888 2996.143202 3018.504167 3044.365552 3076.815257 3098.395090 3129.802123 3158.558493 3204.681797 3265.122005 3308.769536 3321.874882 3329.926614 3380.462748 3436.299627 3483.098748 3501.522966 3527.064328 3572.221593 3628.402831 3650.618990 3653.457093 3670.331327 3713.083033 3768.771810 3803.708301 3786.153402 3777.224048 3787.068443 3801.154628 3823.289689 3823.365066 3824.476646 3828.499736 3835.999696 3834.341984 3807.998724 3774.697111 3761.800724 3751.820184 3714.377006 3642.743527 3612.420023 3583.861554 3542.204688 3488.603201 3440.951752 3441.779632 3387.779232 3333.519164 3283.868686 3276.033566 3256.108446 3240.567586 3223.445034 3235.929438 3248.123839 3233.475941 3204.068235 3175.202169 3162.553431 3145.320448 3134.391140 3165.755704 3183.818096 3213.514245 -9999.0 -9999.0 -9999.0 -9999.0
-9999.0 -9999.0 2793.911288 2839.107746 2895.672486 2901.398090 2894.563151 2896.929299 2922.684962 2971.254681 3029.768574 3066.104280 3094.347576 3123.507327 3172.989640 3234.580405 3293.845307 3335.618436 3392.725938 3461.284134 3519.910982 3546.566301 3555.387598 3590.636908 3644.880480 3713.303510 3741.077335 3767.338552 3798.830869 3834.931572 3827.813797 3838.649873 3850.850954 3863.086296 3877.565975 3884.434424 3879.651990 3875.068546 3856.557141 3851.464853 3857.966481 3865.818441 3864.945778 3850.339384 3846.372475 3861.298528 3867.415117 3865.411391 3862.720928 3867.726356 3863.640191 3815.823296 3797.271664 3782.201655 3770.767003 3724.868257 3658.534988 3626.054415 3604.927869 3564.350352 3491.362334 3453.818764 3414.644214 3380.096175 3342.810361 3329.593487 3297.361655 3265.533857 3227.162357 3186.758061 3168.018110 3153.960037 3153.855404 3154.812485 3172.735860 3188.596415 3204.642780 3212.757895 -9999.0 -9999.0
-9999.0 2693.312844 2765.258833 2876.574060 2953.513654 2987.956892 2996.481791 2999.348988 3023.203242 3053.474275 3139.410547 3189.646124 3271.592512 3307.805182 3347.918694 3437.269058 3530.548471 3573.318767 3611.644823 3674.413996 3739.426537 3786.175394 3812.328704 3792.971745 3831.945066 3860.481444 3868.211057 3874.941410 3874.674567 3866.189873 3859.585412 3866.295190 3863.378849 3844.289735 3828.301611 3826.583036 3823.200844 3799.964648 3772.501968 3757.130107 3758.616208 3783.478012 3770.425413 3749.090457 3744.690611 3766.289231 3787.500978 3776.865415 3763.749540 3780.296821 3814.771808 3839.384211 3841.010369 3859.408074 3880.491616 3851.661841 3829.961465 3786.402778 3769.592984 3744.264405 3687.729831 3633.008746 3585.154765 3536.817603 3484.623158 3435.698370 3388.340336 3341.419347 3288.442374 3255.956027 3231.862294 3189.245626 3176.575595 3183.219771 3178.440175 3177.139969 3183.954348 3190.607617 -9999.0 -9999.0
-9999.0 2598.075046 2738.098437 2904.439122 3044.508548 3084.220499 3146.244263 3200.999139 3213.986949 3159.756672 3259.110253 3474.245440 3593.484556 3610.183221 3684.693724 3778.524022 3763.110407 3794.088208 3816.921358 3841.453818 3861.200298 3875.062599 3873.223380 3867.927383 3851.517897 3843.531335 3842.672617 3840.591509 3823.284034 3804.410096 3787.668839 3784.605511 3766.836272 3717.940856 3684.947422 3667.725517 3649.226469 3635.678733 3608.325238 3582.501062 3566.288143 3577.088259 3574.989934 3561.311222 3556.887221 3575.141940 3605.968162 3603.704702 3614.990517 3634.481617 3669.855594 3707.693026 3726.859459 3755.791740 3791.253970 3838.763541 3847.873755 3870.210799 3873.258286 3862.302959 3816.132309 3764.906025 3735.665574 3680.620049 3621.172813 3559.590559 3511.031412 3466.569658 3411.733907 3377.785064 3338.725517 3285.511511 3242.573539 3234.650478 3201.417132 3188.302716 -9999.0 -9999.0 -9999.0 -9999.0
-9999.0 2497.349684 2678.070411 2905.163331 3194.065969 3265.860968 3465.008531 3577.986203 3616.498128 3682.791947 3569.662245 3770.638798 3821.701728 3816.254545 3830.374845 3833.301582 3847.384857 3846.842749 3841.773798 3830.831199 3821.343874 3816.849797 3815.758851 3807.864982 3795.284807 3780.718281 3768.878441 3757.563473 3721.177862 3689.467120 3650.787588 3638.469442 3594.695764 3503.499462 3464.962641 3427.032427 3367.036600 3369.348224 3376.246307 3352.434394 3333.099801 3305.646990 3334.682172 3344.935256 3348.917164 3344.808019 3354.700388 3382.564756 3429.632360 3463.561882 3502.193510 3549.724353 3579.828103 3618.717645 3658.456571 3710.478795 3741.341969 3770.055550 3818.507429 3855.404612 3878.032645 3864.258340 3845.301734 3801.127209 3741.164630 3692.025219 3663.358120 3613.307252 3570.032317 3526.620773 3480.399277 3427.890121 3366.753861 3313.299015 3279.501586 -9999.0 -9999.0 -9999.0 -9999.0 -9999.0
-9999.0 2277.128134 2541.789433 2795.052826 3067.726369 3405.976994 3572.398262 3667.056165 3729.478112 3710.306856 3731.674875 3738.497895 3775.336827 3782.284146 3760.833591 3747.253278 3730.007725 3728.919103 3741.949226 3714.799895 3684.800326 3671.596072 3672.469910 3661.774937 3638.110814 3623.245767 3613.967656 3595.720056 3552.871636 3503.263166 3420.175557 3386.720880 3309.206588 3270.294120 3234.190262 3187.946978 3144.226029 3149.909498 3174.094211 3165.397315 3144.951578 3128.142857 3157.340051 3177.529493 3190.573363 3174.585441 3181.140548 3215.136532 3261.100034 3300.944314 3344.275804 3391.666977 3432.912394 3471.880962 3492.929844 3532.354561 3574.089933 3615.318024 3684.935530 3762.546662 3797.976346 3832.274698 3861.490180 3883.233978 3840.582827 3814.014451 3790.548805 3767.408033 3721.577135 3676.424748 3635.904980 3571.880324 3512.385602 -9999.0 -9999.0 -9999.0 -9999.0 -9999.0 -9999.0 -9999.0
-9999.0 2164.045231 2359.413639 2554.326900 2786.038658 3011.374061 3228.776976 3318.829552 3388.319681 3456.330592 3508.321368 3545.265632 3571.001554 3592.321456 3569.678942 3524.233450 3492.341085 3497.239117 3488.724296 3467.716232 3440.212526 3427.433482 3425.005473 3420.348850 3399.286504 3389.141811 3382.534853 3364.819361 3339.638985 3287.706051 3216.984158 3145.510877 3092.537897 3073.326898 3051.288264 3025.008620 2998.625439 3012.286422 3025.325326 3025.512498 3019.134697 3019.405812 3048.449619 3068.221656 3077.649732 3066.646867 3084.630120 3107.543772 3144.138395 3182.620692 3226.669041 3276.085453 3323.829332 3343.660470 3345.751643 3357.327997 3384.721818 3427.645307 3503.493268 3588.921357 3665.531202 3710.536346 3760.941905 3800.542420 3828.252422 3853.861287 3875.674751 3868.291491 3842.720555 3809.611182 3751.425058 -9999.0 -9999.0 -9999.0 -9999.0 -9999.0 -9999.0 -9999.0 -9999.0 -9999.0
-9999.0 -9999.0 2133.391380 2288.074741 2388.794854 2554.361056 2701.765331 2814.810652 2866.965016 3000.221403 3120.109975 3211.602181 3257.203550 3272.625572 3258.691827 3230.110758 3212.785736 3212.464490 3200.993671 3194.685433 3180.407745 3175.346827 3164.317933 3157.342715 3153.518688 3153.249852 3151.524234 3144.035288 3128.028880 3087.553801 3051.275354 3007.833839 2966.442622 2945.514813 2928.037221 2911.637654 2916.162302 2911.902601 2917.903204 2921.176508 2931.018130 2945.340986 2964.793622 2984.796171 2994.361029 3004.306651 3014.959095 3036.253429 3065.800495 3105.346325 3156.035686 3209.935448 3245.165889 3251.542489 3233.303392 3228.094737 3236.041790 3264.616569 3327.596795 3396.225415 3484.977404 3549.826682 3616.370343 3671.873382 3698.266791 3734.639082 3804.247297 3852.228509 3893.924551 3871.565418 -9999.0 -9999.0 -9999.0 -9999.0 -9999.0 -9999.0 -9999.0 -9999.0 -9999.0 -9999.0
-9999.0 -9999.0 -9999.0 -9999.0 2149.798663 2298.297796 2397.240387 2479.527002 2616.156730 2750.523434 2805.082084 2891.034998 2959.096064 2979.098374 2979.607546 2995.832480 2994.814312 2985.878714 2975.243503 2980.165102 2985.202432 2979.461879 2968.483538 2962.946548 2967.650828 2976.542847 2976.037507 2964.672641 2948.348527 2935.522549 2924.000088 2894.945142 2864.319307 2838.569209 2828.141281 2826.361048 2827.614174 2820.695936 2829.782576 2839.160295 2855.440066 2870.764306 2894.313985 2923.910762 2938.504729 2953.008087 2961.350506 2979.531249 3005.606419 3056.621695 3117.754086 3173.623639 3206.810692 3206.791253 3177.843371 3155.821273 3143.121116 3160.246811 3189.189697 3239.750706 3328.436177 3390.126029 3435.396804 3474.128188 3510.319759 3574.896249 3668.581460 3749.382992 -9999.0 -9999.0 -9999.0 -9999.0 -9999.0 -9999.0 -9999.0 -9999.0 -9999.0 -9999.0 -9999.0 -9999.0
-9999.0 -9999.0 -9999.0 -9999.0 -9999.0 -9999.0 2127.581392 2234.647482 2304.527779 2460.194627 2607.979577 2718.957739 2805.032434 2842.535812 2817.869955 2847.961316 2848.456267 2828.279610 2806.604421 2828.560456 2847.985249 2841.983143 2810.168180 2812.398542 2820.464686 2829.645382 2828.689887 2824.596471 2802.117219 2820.924802 2827.521501 2807.223619 2784.253723 2799.237851 2787.493407 2797.026529 2796.851726 2782.293762 2781.229285 2790.998880 2812.346530 2825.374039 2846.428384 2879.589938 2911.953844 2927.403317 2927.968022 2932.247351 2968.469865 3034.242865 3104.608333 3159.025989 3189.374295 3193.728394 3162.669195 3117.553910 3091.057555 3089.562440 3113.415324 3152.316825 3212.946535 3248.786987 3259.655527 3260.549731 3272.538743 3371.402592 -9999.0 -9999.0 -9999.0 -9999.0 -9999.0 -9999.0 -9999.0 -9999.0 -9999.0 -9999.0 -9999.0 -9999.0 -9999.0 -9999.0
-9999.0 -9999.0 -9999.0 -9999.0 -9999.0 -9999.0 -9999.0 -9999.0 -9999.0 -9999.0 -9999.0 -9999.0 -9999.0 -9999.0 -9999.0 -9999.0 -9999.0 -9999.0 -9999.0 -9999.0 -9999.0 -9999.0 -9999.0 -9999.0 -9999.0 -9999.0 -9999.0 -9999.0 -9999.0 -9999.0 -9999.0 -9999.0 -9999.0 -9999.0 -9999.0 -9999.0 -9999.0 -9999.0 -9999.0 -9999.0 -9999.0 -9999.0 -9999.0 -9999.0 -9999.0 -9999.0 -9999.0 -9999.0 -9999.0 -9999.0 -9999.0 -9999.0 -9999.0 -9999.0 -9999.0 -9999.0 -9999.0 -9999.0 -9999.0 -9999.0 -9999.0 -9999.0 -9999.0 -9999.0 -9999.0 -9999.0 -9999.0 -9999.0 -9999.0 -9999.0 -9999.0 -9999.0 -9999.0 -9999.0 -9999.0 -9999.0 -9999.0 -9999.0 -9999.0 -9999.0
-9999.0 -9999.0 -9999.0 -9999.0 -9999.0 -9999.0 -9999.0 -9999.0 -9999.0 -9999.0 -9999.0 -9999.0 -9999.0 -9999.0 -9999.0 -9999.0 -9999.0 -9999.0 -9999.0 -9999.0 -9999.0 -9999.0 -9999.0 -9999.0 -9999.0 -9999.0 -9999.0 -9999.0 -9999.0 -9999.0 -9999.0 -9999.0 -9999.0 -9999.0 -9999.0 -9999.0 -9999.0 -9999.0 -9999.0 -9999.0 -9999.0 -9999.0 -9999.0 -9999.0 -9999.0 -9999.0 -9999.0 -9999.0 -9999.0 -9999.0 -9999.0 -9999.0 -9999.0 -9999.0 -9999.0 -9999.0 -9999.0 -9999.0 -9999.0 -9999.0 -9999.0 -9999.0 -9999.0 -9999.0 -9999.0 -9999.0 -9999.0 -9999.0 -9999.0 -9999.0 -9999.0 -9999.0 -9999.0 -9999.0 -9999.0 -9999.0 -9999.0 -9999.0 -9999.0 -9999.0