Borden_/Borden1m_014/output_maps/psiliqL0017N0024.asc
ncols         80
nrows         18
xllcorner     620200.000000
yllcorner     5168000.000000
cellsize      1.000000
NODATA_value  -9999.0
-9999.0 -9999.0 -9999.0 -9999.0 -9999.0 -9999.0 -9999.0 -9999.0 -9999.0 -9999.0 -9999.0 -9999.0 -9999.0 -9999.0 -9999.0 -9999.0 -9999.0 -9999.0 -9999.0 -9999.0 -9999.0 -9999.0 -9999.0 -9999.0 -9999.0 -9999.0 -9999.0 -9999.0 -9999.0 -9999.0 -9999.0 -9999.0 -9999.0 -9999.0 -9999.0 -9999.0 -9999.0 -9999.0 -9999.0 -9999.0 -9999.0 -9999.0 -9999.0 -9999.0 -9999.0 -9999.0 -9999.0 -9999.0 -9999.0 -9999.0 -9999.0 -9999.0 -9999.0 -9999.0 -9999.0 -9999.0 -9999.0 -9999.0 -9999.0 -9999.0 -9999.0 -9999.0 -9999.0 -9999.0 -9999.0 -9999.0 -9999.0 -9999.0 -9999.0 -9999.0 -9999.0 -9999.0 -9999.0 -9999.0 -9999.0 -9999.0 -9999.0 -9999.0 -9999.0 -9999.0
-9999.0 -9999.0 -9999.0 -9999.0 -9999.0 -9999.0 -9999.0 -9999.0 -9999.0 -9999.0 -9999.0 -9999.0 -9999.0 -9999.0 -9999.0 -9999.0 -9999.0 -9999.0 -9999.0 -9999.0 -9999.0 -9999.0 -9999.0 -9999.0 -9999.0 -9999.0 -9999.0 -9999.0 -9999.0 -9999.0 -9999.0 -9999.0 -9999.0 -9999.0 -9999.0 -9999.0 -9999.0 -9999.0 -9999.0 -9999.0 -9999.0 -9999.0 -9999.0 -9999.0 -9999.0 -9999.0 -9999.0 -9999.0 -9999.0 -9999.0 -9999.0 -9999.0 -9999.0 -9999.0 -9999.0 -9999.0 -9999.0 -9999.0 -9999.0 -9999.0 -9999.0 -9999.0 -9999.0 -9999.0 -9999.0 -9999.0 -9999.0 -9999.0 -9999.0 -9999.0 -9999.0 -9999.0 -9999.0 -9999.0 -9999.0 -9999.0 -9999.0 -9999.0 -9999.0 -9999.0
-9999.0 -9999.0 -9999.0 -9999.0 -9999.0 -9999.0 -9999.0 -9999.0 -9999.0 -9999.0 -9999.0 -9999.0 -9999.0 -9999.0 -9999.0 -9999.0 -9999.0 -9999.0 -9999.0 -9999.0 1550.981580 1553.748339 1532.830750 1500.398440 1473.910594 1477.672585 1513.558073 1556.465843 1596.985511 1608.265693 1591.987460 1596.502888 1593.364251 1592.339810 1595.039507 1602.789631 1608.250245 1619.554899 1628.234172 1628.202435 1622.783632 1618.608468 1620.106721 1622.974640 1628.278592 1615.717108 1629.015354 1643.065901 1646.599587 1640.344288 1612.333350 1595.720544 1584.774230 1566.954536 1589.732016 1599.411186 1620.233897 1622.583873 1619.181196 1591.017154 1560.187607 -9999.0 -9999.0 -9999.0 -9999.0 -9999.0 -9999.0 -9999.0 -9999.0 -9999.0 -9999.0 -9999.0 -9999.0 -9999.0 -9999.0 -9999.0 -9999.0 -9999.0 -9999.0 -9999.0
-9999.0 -9999.0 -9999.0 -9999.0 -9999.0 -9999.0 -9999.0 -9999.0 -9999.0 -9999.0 -9999.0 -9999.0 -9999.0 -9999.0 1456.896535 1448.460551 1447.032549 1456.642801 1491.325516 1522.591183 1534.877613 1528.518439 1529.970214 1507.763785 1488.371735 1503.849697 1535.436427 1568.791581 1605.206826 1626.910459 1617.827575 1617.415865 1627.910897 1652.778901 1665.078688 1662.757263 1644.119597 1668.263747 1683.987906 1692.344672 1692.585440 1684.900045 1697.369591 1712.775008 1705.518909 1688.040426 1693.519535 1704.808216 1715.054079 1701.073282 1637.132176 1617.636166 1611.121817 1602.552914 1586.394647 1578.545370 1602.586269 1600.457641 1590.555989 1571.179697 1537.154718 1492.104943 1472.275757 1509.933823 1552.212717 1607.981216 -9999.0 -9999.0 -9999.0 -9999.0 -9999.0 -9999.0 -9999.0 -9999.0 -9999.0 -9999.0 -9999.0 -9999.0 -9999.0 -9999.0
-9999.0 -9999.0 -9999.0 -9999.0 -9999.0 -9999.0 -9999.0 -9999.0 -9999.0 1395.475328 1401.201697 1409.681634 1413.524209 1430.474647 1428.909285 1437.426222 1445.408543 1474.216777 1506.563667 1542.755058 1572.381246 1565.069044 1567.060898 1577.662591 1580.956988 1593.986817 1617.532745 1659.573047 1699.718435 1741.850071 1714.733701 1714.084743 1734.449130 1780.831011 1811.624613 1817.638453 1799.589004 1810.511078 1835.682199 1857.130914 1857.358836 1855.434016 1881.142305 1895.547537 1894.414280 1873.009161 1862.009295 1862.545288 1887.097615 1834.658214 1767.453317 1718.436997 1722.757924 1692.387901 1655.144947 1634.940412 1630.721717 1648.820686 1632.217339 1593.566475 1556.159787 1543.249697 1524.130079 1540.243976 1560.779409 1605.207403 1642.661722 1669.670832 1667.565740 1649.010407 -9999.0 -9999.0 -9999.0 -9999.0 -9999.0 -9999.0 -9999.0 -9999.0 -9999.0 -9999.0
-9999.0 -9999.0 -9999.0 -9999.0 -9999.0 -9999.0 1314.897673 1325.566270 1347.148940 1352.406043 1379.400181 1387.856397 1409.851865 1430.539979 1454.071982 1471.716300 1502.701844 1537.120480 1578.983187 1622.881661 1656.086597 1651.734631 1663.695390 1694.059066 1732.431325 1761.105310 1787.776106 1829.688165 1907.593073 1951.281830 1957.887513 1964.061954 1975.017752 2024.690910 2088.710282 2102.652532 2082.068748 2067.746195 2088.845601 2125.951948 2131.397622 2133.596205 2145.970264 2156.163748 2181.641675 2170.588133 2129.909087 2116.160074 2114.916987 2096.099945 2032.492883 1969.205615 1936.170185 1884.330152 1799.658871 1745.965129 1754.245301 1771.874126 1741.423795 1685.660927 1643.904296 1631.819049 1615.020089 1600.566551 1605.677535 1623.130109 1643.278967 1652.625442 1637.658889 1614.742582 1590.687576 1560.619886 1561.402389 1585.683426 -9999.0 -9999.0 -9999.0 -9999.0 -9999.0 -9999.0
-9999.0 -9999.0 -9999.0 -9999.0 1263.596154 1277.413606 1265.772322 1292.504156 1326.595310 1362.322288 1395.051557 1432.807421 1461.486883 1493.496999 1534.837299 1569.021825 1611.371354 1648.505593 1704.484553 1773.774855 1825.887154 1850.086263 1867.018730 1926.648038 1989.224164 2042.309955 2064.576287 2093.724210 2140.343093 2202.110743 2230.448398 2237.968403 2256.380053 2293.792173 2343.138510 2377.314924 2360.289306 2351.786005 2358.360156 2370.840209 2395.045983 2397.187732 2399.685652 2402.720984 2407.526828 2405.438430 2379.407926 2344.880395 2329.631958 2319.347866 2287.380053 2216.859913 2176.998221 2144.787750 2107.246383 2053.548057 1991.739232 1977.347599 1918.058118 1858.131582 1795.703049 1773.982725 1742.422969 1715.583007 1685.689447 1686.080626 1687.628225 1664.957602 1630.173519 1595.874956 1579.092262 1558.736321 1546.132245 1575.091686 1591.607815 1620.970065 -9999.0 -9999.0 -9999.0 -9999.0
-9999.0 -9999.0 1202.611518 1251.273371 1309.424130 1319.118943 1319.765778 1326.959496 1357.149282 1410.996925 1485.941571 1535.665648 1577.744089 1614.103273 1675.369174 1753.654754 1825.890834 1876.468755 1939.545764 2012.065141 2075.716607 2109.904661 2128.190399 2169.488012 2225.403540 2289.770631 2317.828663 2345.467386 2378.993487 2414.942398 2423.629000 2437.780930 2447.419928 2452.576794 2460.251927 2462.898008 2457.414643 2450.799254 2431.129170 2426.446805 2433.369371 2439.623162 2440.884979 2427.530523 2423.599825 2437.142154 2441.162938 2439.722540 2438.624998 2445.502811 2447.326719 2406.089547 2371.885315 2355.045636 2342.479473 2296.636544 2230.780498 2189.478331 2164.840302 2119.600880 2041.066939 1990.228223 1939.126093 1890.190930 1837.205475 1806.177228 1758.477077 1714.221301 1665.574935 1617.191718 1591.706345 1572.132051 1568.065625 1566.269719 1581.220851 1595.376364 1609.843426 1617.162782 -9999.0 -9999.0
-9999.0 1097.569623 1170.099574 1296.211381 1377.193492 1422.037112 1451.141340 1472.421257 1503.050808 1533.311196 1636.567050 1719.425890 1811.108545 1851.882799 1904.155709 2002.864071 2099.417693 2148.187543 2189.477143 2249.339047 2312.253662 2361.955033 2392.050592 2398.405372 2434.628229 2451.891505 2456.393640 2460.917946 2458.650247 2451.334011 2443.334454 2449.548958 2445.565882 2426.158030 2409.604055 2405.830459 2399.094247 2372.700386 2341.663735 2325.008104 2326.304677 2349.629192 2337.043670 2316.462365 2312.892670 2334.613842 2355.564849 2347.685877 2336.862030 2356.406343 2392.212584 2415.722393 2424.666410 2441.865092 2462.619529 2436.256539 2408.927849 2365.934676 2344.855229 2314.657727 2255.209241 2193.660945 2137.948534 2076.607658 2009.999417 1942.709751 1878.714729 1815.804116 1748.239386 1705.090713 1672.127762 1620.766440 1598.863608 1599.090507 1588.945304 1584.659414 1589.368158 1595.084867 -9999.0 -9999.0
-9999.0 1013.743480 1155.791283 1339.687107 1488.443686 1545.575029 1641.316744 1717.886794 1745.865176 1715.395671 1824.202580 2044.131061 2153.261186 2174.221714 2249.625603 2342.171940 2356.645262 2391.119087 2415.600120 2430.598816 2442.840691 2454.998586 2454.654640 2450.150749 2435.765985 2427.859168 2426.003890 2422.390370 2403.856837 2383.546333 2364.739387 2359.120968 2338.536943 2292.072271 2257.896100 2239.204417 2220.622909 2199.533479 2165.617582 2136.902102 2120.010782 2133.937223 2128.337576 2112.256856 2108.830367 2131.183917 2164.160779 2162.572133 2173.908432 2197.344995 2237.947198 2278.809299 2302.650171 2334.380109 2372.926893 2419.079231 2434.176047 2456.435364 2460.455479 2442.723138 2397.133040 2342.920949 2307.292881 2243.613966 2170.800440 2092.141531 2026.936949 1964.025842 1893.381129 1845.431533 1796.553889 1737.029563 1682.226006 1659.196443 1618.498918 1598.250389 -9999.0 -9999.0 -9999.0 -9999.0
-9999.0 929.838672 1116.312755 1371.106706 1652.073609 1756.897271 1962.677628 2090.606424 2146.755606 2217.033760 2177.542321 2339.016941 2383.771515 2382.345734 2387.274211 2393.902875 2411.492134 2416.206340 2414.153650 2405.480904 2397.519692 2394.110796 2392.990776 2385.216764 2372.121563 2355.924855 2340.637756 2326.002834 2286.555367 2251.819408 2213.374708 2196.819645 2154.900673 2061.787108 2018.596856 1980.795471 1921.703391 1915.022066 1909.428324 1879.889025 1859.159228 1836.307855 1859.545598 1865.687026 1869.017421 1871.618766 1888.493717 1915.442394 1962.877529 2001.132600 2046.365008 2099.828258 2136.432652 2181.348013 2228.085454 2284.952603 2319.609324 2352.365283 2402.087562 2441.782374 2465.363445 2453.153104 2426.214683 2378.023056 2305.673510 2239.196445 2189.857329 2117.039114 2052.218515 1997.581042 1948.350679 1893.561678 1825.868224 1747.213752 1704.619952 -9999.0 -9999.0 -9999.0 -9999.0 -9999.0
-9999.0 741.089617 1008.033459 1291.664937 1598.258804 1930.506906 2074.035493 2197.653984 2270.085740 2242.167160 2253.928179 2273.680599 2317.449515 2328.085585 2310.328233 2302.676233 2291.895387 2293.143205 2307.201422 2281.776407 2252.868761 2239.617288 2238.905197 2226.408056 2201.697863 2183.509226 2170.154656 2147.924583 2098.623619 2046.196163 1962.719014 1929.668111 1851.368425 1797.588834 1753.967022 1704.063041 1653.307673 1651.870671 1669.000063 1654.068761 1631.300533 1612.677172 1639.701509 1658.426121 1671.371156 1659.908207 1669.694597 1706.662099 1757.171801 1802.258711 1852.799953 1908.452143 1956.234659 2004.798039 2037.153757 2087.725350 2137.455290 2186.030733 2261.175709 2341.704434 2380.941825 2416.792493 2448.771808 2464.103696 2411.420730 2362.415241 2311.063202 2251.088245 2172.161496 2123.039086 2092.570731 2043.357206 1984.490984 -9999.0 -9999.0 -9999.0 -9999.0 -9999.0 -9999.0 -9999.0
-9999.0 617.687953 831.290502 1053.247391 1331.168121 1568.543206 1770.468008 1877.478329 1956.848385 2000.894323 2040.681373 2076.840980 2108.441677 2132.800442 2113.420059 2074.643865 2046.918538 2052.229179 2047.917270 2025.219260 1996.378209 1981.666212 1978.479570 1970.782986 1945.490618 1930.043211 1918.024924 1893.933818 1860.158963 1803.890958 1725.037219 1651.343491 1590.619680 1560.111085 1531.011520 1498.732434 1464.001616 1473.760332 1485.428276 1481.867175 1471.580461 1468.917213 1497.945144 1517.215033 1527.572032 1516.695847 1536.492221 1563.519198 1605.452328 1649.226175 1698.956315 1754.774571 1809.382650 1839.185648 1853.308887 1878.964774 1919.493312 1974.805938 2061.886076 2157.757463 2237.484090 2287.630009 2339.909443 2375.600193 2390.492336 2401.333122 2379.579911 2305.220915 2204.577200 2189.536997 2180.274791 -9999.0 -9999.0 -9999.0 -9999.0 -9999.0 -9999.0 -9999.0 -9999.0 -9999.0
-9999.0 -9999.0 599.516691 772.383366 903.219411 1080.366292 1230.067604 1340.715733 1432.506002 1551.125779 1659.207970 1744.747789 1789.734766 1807.860306 1794.929510 1763.858240 1744.207867 1744.797270 1734.876717 1725.058869 1705.935236 1698.091417 1686.245778 1677.270611 1667.000017 1660.917025 1654.651209 1642.378648 1619.912471 1573.070347 1525.555595 1474.632726 1421.719028 1396.146869 1374.258210 1352.915335 1351.831335 1347.325237 1352.486863 1353.837133 1360.817763 1373.465752 1393.430488 1415.602273 1425.571111 1434.913914 1447.690225 1471.743023 1505.135221 1547.894743 1602.365750 1660.757326 1701.338033 1714.838010 1705.882242 1711.601771 1732.637681 1775.932708 1856.923525 1941.751193 2038.610183 2111.313720 2184.350909 2238.388267 2256.754169 2274.738220 2295.062138 2249.797576 2097.685278 2146.441098 -9999.0 -9999.0 -9999.0 -9999.0 -9999.0 -9999.0 -9999.0 -9999.0 -9999.0 -9999.0
-9999.0 -9999.0 -9999.0 -9999.0 631.816685 785.661142 883.064566 966.327063 1095.982687 1217.386087 1317.969959 1401.266355 1463.715208 1490.361290 1487.115592 1494.124502 1490.467703 1484.501376 1474.983865 1474.627284 1474.011602 1466.503778 1451.735185 1443.946246 1444.418658 1448.801844 1445.501915 1431.130954 1412.666848 1390.413961 1370.385042 1336.062069 1300.174358 1270.848372 1257.518114 1251.811411 1251.373287 1244.164003 1252.635829 1259.927245 1275.067628 1290.203640 1313.908145 1342.980592 1356.922257 1371.867316 1381.779422 1402.461510 1433.142382 1486.843825 1550.647068 1608.974119 1645.501803 1650.575537 1626.733084 1612.034391 1609.168239 1637.936308 1683.538410 1751.486100 1854.122972 1928.858143 1987.844644 2034.323426 2068.770578 2118.050179 2175.725983 2214.650031 -9999.0 -9999.0 -9999.0 -9999.0 -9999.0 -9999.0 -9999.0 -9999.0 -9999.0 -9999.0 -9999.0 -9999.0
-9999.0 -9999.0 -9999.0 -9999.0 -9999.0 -9999.0 592.823928 694.716850 774.010025 913.200495 1044.175569 1145.391131 1225.588731 1257.594041 1284.611233 1311.889807 1310.588618 1292.454551 1273.482636 1292.475196 1306.572500 1300.542293 1270.217490 1269.583701 1274.081781 1281.794598 1279.055046 1272.173113 1246.689873 1258.120323 1258.722178 1235.240987 1209.026244 1195.041123 1183.039866 1192.510522 1192.584117 1178.801244 1179.157781 1205.895015 1226.109011 1239.178120 1260.918839 1294.144291 1326.569329 1341.931029 1343.451384 1349.700013 1389.767207 1460.196226 1532.189129 1588.030560 1621.008268 1629.647885 1603.159870 1563.834013 1544.248907 1552.183890 1587.795951 1641.245609 1718.005487 1768.498483 1795.820728 1810.789087 1830.825353 1923.525202 -9999.0 -9999.0 -9999.0 -9999.0 -9999.0 -9999.0 -9999.0 -9999.0 -9999.0 -9999.0 -9999.0 -9999.0 -9999.0 -9999.0
-9999.0 -9999.0 -9999.0 -9999.0 -9999.0 -9999.0 -9999.0 -9999.0 -9999.0 -9999.0 -9999.0 -9999.0 -9999.0 -9999.0 -9999.0 -9999.0 -9999.0 -9999.0 -9999.0 -9999.0 -9999.0 -9999.0 -9999.0 -9999.0 -9999.0 -9999.0 -9999.0 -9999.0 -9999.0 -9999.0 -9999.0 -9999.0 -9999.0 -9999.0 -9999.0 -9999.0 -9999.0 -9999.0 -9999.0 -9999.0 -9999.0 -9999.0 -9999.0 -9999.0 -9999.0 -9999.0 -9999.0 -9999.0 -9999.0 -9999.0 -9999.0 -9999.0 -9999.0 -9999.0 -9999.0 -9999.0 -9999.0 -9999.0 -9999.0 -9999.0 -9999.0 -9999.0 -9999.0 -9999.0 -9999.0 -9999.0 -9999.0 -9999.0 -9999.0 -9999.0 -9999.0 -9999.0 -9999.0 -9999.0 -9999.0 -9999.0 -9999.0 -9999.0 -9999.0 -9999.0
-9999.0 -9999.0 -9999.0 -9999.0 -9999.0 -9999.0 -9999.0 -9999.0 -9999.0 -9999.0 -9999.0 -9999.0 -9999.0 -9999.0 -9999.0 -9999.0 -9999.0 -9999.0 -9999.0 -9999.0 -9999.0 -9999.0 -9999.0 -9999.0 -9999.0 -9999.0 -9999.0 -9999.0 -9999.0 -9999.0 -9999.0 -9999.0 -9999.0 -9999.0 -9999.0 -9999.0 -9999.0 -9999.0 -9999.0 -9999.0 -9999.0 -9999.0 -9999.0 -9999.0 -9999.0 -9999.0 -9999.0 -9999.0 -9999.0 -9999.0 -9999.0 -9999.0 -9999.0 -9999.0 -9999.0 -9999.0 -9999.0 -9999.0 -9999.0 -9999.0 -9999.0 -9999.0 -9999.0 -9999.0 -9999.0 -9999.0 -9999.0 -9999.0 -9999.0 -9999.0 -9999.0 -9999.0 -9999.0 -9999.0 -9999.0 -9999.0 -9999.0 -9999.0 -9999.0 -9999.0