Borden_/Borden1m_014/output_maps/psiliqL0014N0011.asc
ncols         80
nrows         18
xllcorner     620200.000000
yllcorner     5168000.000000
cellsize      1.000000
NODATA_value  -9999.0
-9999.0 -9999.0 -9999.0 -9999.0 -9999.0 -9999.0 -9999.0 -9999.0 -9999.0 -9999.0 -9999.0 -9999.0 -9999.0 -9999.0 -9999.0 -9999.0 -9999.0 -9999.0 -9999.0 -9999.0 -9999.0 -9999.0 -9999.0 -9999.0 -9999.0 -9999.0 -9999.0 -9999.0 -9999.0 -9999.0 -9999.0 -9999.0 -9999.0 -9999.0 -9999.0 -9999.0 -9999.0 -9999.0 -9999.0 -9999.0 -9999.0 -9999.0 -9999.0 -9999.0 -9999.0 -9999.0 -9999.0 -9999.0 -9999.0 -9999.0 -9999.0 -9999.0 -9999.0 -9999.0 -9999.0 -9999.0 -9999.0 -9999.0 -9999.0 -9999.0 -9999.0 -9999.0 -9999.0 -9999.0 -9999.0 -9999.0 -9999.0 -9999.0 -9999.0 -9999.0 -9999.0 -9999.0 -9999.0 -9999.0 -9999.0 -9999.0 -9999.0 -9999.0 -9999.0 -9999.0
-9999.0 -9999.0 -9999.0 -9999.0 -9999.0 -9999.0 -9999.0 -9999.0 -9999.0 -9999.0 -9999.0 -9999.0 -9999.0 -9999.0 -9999.0 -9999.0 -9999.0 -9999.0 -9999.0 -9999.0 -9999.0 -9999.0 -9999.0 -9999.0 -9999.0 -9999.0 -9999.0 -9999.0 -9999.0 -9999.0 -9999.0 -9999.0 -9999.0 -9999.0 -9999.0 -9999.0 -9999.0 -9999.0 -9999.0 -9999.0 -9999.0 -9999.0 -9999.0 -9999.0 -9999.0 -9999.0 -9999.0 -9999.0 -9999.0 -9999.0 -9999.0 -9999.0 -9999.0 -9999.0 -9999.0 -9999.0 -9999.0 -9999.0 -9999.0 -9999.0 -9999.0 -9999.0 -9999.0 -9999.0 -9999.0 -9999.0 -9999.0 -9999.0 -9999.0 -9999.0 -9999.0 -9999.0 -9999.0 -9999.0 -9999.0 -9999.0 -9999.0 -9999.0 -9999.0 -9999.0
-9999.0 -9999.0 -9999.0 -9999.0 -9999.0 -9999.0 -9999.0 -9999.0 -9999.0 -9999.0 -9999.0 -9999.0 -9999.0 -9999.0 -9999.0 -9999.0 -9999.0 -9999.0 -9999.0 -9999.0 943.590028 946.516571 925.092513 892.303972 865.489153 868.995978 904.778506 946.942647 986.058209 996.521986 979.444566 983.303656 980.765539 982.129314 987.345501 996.611300 1002.719714 1014.999254 1023.780255 1023.242747 1016.804417 1011.289574 1011.183164 1013.883893 1019.134736 1008.364318 1022.466846 1037.487920 1041.941742 1035.325110 1006.122049 988.053439 976.789098 959.374430 982.190009 992.296438 1013.291002 1015.830091 1012.815955 984.801769 954.079666 -9999.0 -9999.0 -9999.0 -9999.0 -9999.0 -9999.0 -9999.0 -9999.0 -9999.0 -9999.0 -9999.0 -9999.0 -9999.0 -9999.0 -9999.0 -9999.0 -9999.0 -9999.0 -9999.0
-9999.0 -9999.0 -9999.0 -9999.0 -9999.0 -9999.0 -9999.0 -9999.0 -9999.0 -9999.0 -9999.0 -9999.0 -9999.0 -9999.0 850.263562 841.226256 839.274225 848.623571 883.236225 914.433363 927.122033 920.576502 921.716883 899.435321 880.514170 896.479503 927.917889 960.510496 995.350609 1015.649435 1004.914945 1004.258067 1016.750112 1046.057568 1063.226281 1064.036276 1046.957449 1071.759557 1087.689451 1095.536940 1094.092120 1084.874290 1096.967778 1112.029713 1105.050010 1088.549260 1094.790067 1107.234950 1118.872419 1103.440433 1036.697223 1013.216689 1005.607540 996.653466 980.793048 972.457058 995.580391 993.650782 983.815951 964.612918 930.899941 885.981377 866.508179 904.183275 947.053800 1003.526274 -9999.0 -9999.0 -9999.0 -9999.0 -9999.0 -9999.0 -9999.0 -9999.0 -9999.0 -9999.0 -9999.0 -9999.0 -9999.0 -9999.0
-9999.0 -9999.0 -9999.0 -9999.0 -9999.0 -9999.0 -9999.0 -9999.0 -9999.0 791.378389 796.304728 804.167489 807.120997 823.412787 821.635484 829.613681 837.681267 865.800554 898.235280 934.911386 965.219427 957.650645 959.584667 971.624876 978.174042 994.173044 1018.732923 1060.116781 1099.142635 1138.850682 1110.281603 1109.967146 1133.937104 1189.437522 1231.435566 1244.415206 1230.349165 1240.940998 1265.808128 1286.104250 1283.462380 1279.462043 1302.707104 1315.470600 1316.474688 1298.107107 1288.450822 1290.593101 1315.552988 1261.989776 1190.058304 1130.399295 1128.772650 1096.362526 1056.784604 1033.829003 1026.984752 1044.215403 1027.074082 988.318346 950.482082 937.751602 918.681499 934.275424 955.123848 1000.200068 1037.985492 1065.472382 1064.144460 1046.013607 -9999.0 -9999.0 -9999.0 -9999.0 -9999.0 -9999.0 -9999.0 -9999.0 -9999.0 -9999.0
-9999.0 -9999.0 -9999.0 -9999.0 -9999.0 -9999.0 712.014435 722.030703 742.919032 748.139478 774.127345 782.200966 803.532065 823.647151 846.237377 864.041119 895.484079 929.925202 972.979154 1019.243006 1054.813807 1052.166189 1064.359863 1097.837703 1143.235332 1182.068238 1213.101911 1253.833816 1326.711513 1364.799420 1370.553500 1377.211982 1394.441375 1459.197411 1539.730952 1563.803066 1549.665752 1538.140523 1557.255660 1589.439551 1591.250437 1589.816868 1597.853157 1605.787351 1631.043600 1624.438244 1590.731482 1580.538620 1579.076619 1560.159285 1489.435259 1406.623479 1363.557989 1311.951905 1228.128801 1168.464101 1165.595543 1177.456017 1145.004815 1089.067373 1045.395539 1030.917046 1012.612427 996.711641 1000.641580 1017.861236 1038.562074 1048.307919 1034.069676 1011.874022 988.120859 958.289987 959.153474 983.678730 -9999.0 -9999.0 -9999.0 -9999.0 -9999.0 -9999.0
-9999.0 -9999.0 -9999.0 -9999.0 661.534123 675.001969 663.466772 689.216321 722.649250 757.581208 790.376189 828.224216 856.440937 887.843623 930.091835 967.302855 1011.649603 1049.509773 1107.949432 1183.127777 1242.745958 1271.225192 1288.217189 1349.594074 1421.881725 1494.691133 1525.933777 1553.499755 1590.352374 1641.967158 1664.212638 1670.193234 1690.797193 1732.860401 1787.079018 1824.802940 1813.249532 1808.915704 1815.147496 1824.498563 1844.976680 1844.273585 1844.850339 1846.419789 1850.735174 1851.786840 1832.125585 1803.254333 1791.294793 1780.789798 1747.385292 1672.477524 1631.461703 1603.027381 1569.621286 1510.578107 1428.391275 1402.784919 1342.919627 1284.423010 1217.460227 1186.509163 1149.313830 1119.086926 1085.508781 1083.449822 1083.821716 1061.208436 1027.329998 993.419646 976.747287 956.421653 944.173246 973.101395 989.847960 1019.674624 -9999.0 -9999.0 -9999.0 -9999.0
-9999.0 -9999.0 601.387349 650.720084 708.464272 718.447704 720.405774 727.425769 756.874839 810.091225 887.140570 939.474956 983.303065 1018.537947 1081.581398 1167.414002 1244.267347 1295.919425 1360.822991 1443.067910 1521.543953 1561.482618 1578.696581 1616.529392 1673.324234 1742.235115 1773.031551 1798.045986 1823.544879 1850.441469 1858.958853 1871.750399 1880.821404 1885.913619 1894.136313 1898.322578 1897.410727 1895.515644 1879.610240 1876.513567 1882.762687 1886.976135 1888.400711 1875.424379 1871.718284 1885.553655 1890.606656 1891.649159 1892.305240 1898.637576 1900.258970 1860.201016 1823.061981 1809.374059 1799.441768 1752.800311 1683.875414 1641.568398 1620.848791 1579.746187 1497.186396 1427.980287 1366.868740 1311.011030 1249.767802 1211.913527 1160.504553 1114.923751 1066.097291 1017.649665 991.445493 970.815272 966.181072 964.407939 979.286103 993.752735 1008.466841 1015.931983 -9999.0 -9999.0
-9999.0 498.334855 571.162531 698.394995 779.929264 827.003931 862.617576 888.192618 917.635368 944.195118 1051.533248 1146.676665 1239.036362 1277.297456 1333.402226 1444.421255 1545.873472 1593.449936 1632.751164 1692.261591 1757.037987 1804.921536 1831.636200 1843.673097 1878.439793 1894.117952 1899.531716 1903.274652 1898.130171 1888.058465 1876.882640 1881.909139 1878.218118 1859.640180 1843.315147 1840.562423 1837.612156 1818.140923 1794.602501 1782.920315 1786.465597 1808.816293 1797.842986 1778.551129 1774.932034 1794.661534 1812.689057 1804.793164 1794.070964 1811.371910 1844.405541 1865.457854 1876.726795 1893.065271 1912.523576 1885.641824 1856.016875 1816.993560 1800.794701 1775.039039 1719.018825 1654.616107 1597.790081 1531.263249 1448.430068 1368.612458 1296.688573 1229.885891 1160.488595 1115.841655 1079.566351 1024.320970 999.041708 997.750185 986.928116 982.770272 987.918332 993.831045 -9999.0 -9999.0
-9999.0 418.764291 561.794834 747.747992 898.988755 964.016878 1075.576214 1158.088573 1186.446839 1160.811391 1272.164825 1501.806652 1604.960318 1622.413081 1693.273265 1782.800663 1806.362642 1838.593146 1860.334652 1870.063499 1878.883210 1888.720052 1886.906470 1881.860019 1869.716771 1865.310936 1867.228153 1866.899391 1851.162185 1831.106286 1810.283702 1803.656671 1784.074814 1737.987095 1698.648526 1677.377169 1662.291727 1646.736414 1619.334731 1597.140047 1585.044087 1601.772657 1595.516786 1579.809070 1575.829433 1595.928674 1625.994582 1621.371583 1629.565945 1652.840616 1695.533223 1738.295650 1762.111324 1791.184156 1825.822960 1867.817702 1883.136154 1905.191880 1910.500326 1892.459998 1851.362963 1802.183275 1770.981767 1711.520651 1636.931014 1554.291691 1477.959339 1406.616425 1333.043170 1279.818100 1220.693440 1152.187459 1089.116762 1059.907003 1017.612088 996.231986 -9999.0 -9999.0 -9999.0 -9999.0
-9999.0 341.107765 530.112432 791.033751 1070.572505 1196.693611 1419.552220 1551.207934 1607.213201 1674.821281 1659.157803 1803.175044 1840.959094 1836.407787 1834.314232 1839.701425 1855.671992 1858.605262 1853.440399 1842.052187 1832.683759 1828.733833 1827.613799 1821.567992 1812.149535 1801.000966 1791.818229 1782.834771 1748.394294 1712.568117 1668.072630 1647.524637 1605.979562 1508.587383 1449.612845 1403.083249 1343.470787 1338.377593 1334.695275 1309.236258 1291.746942 1272.954090 1294.808272 1299.017820 1300.895474 1303.674573 1319.721694 1342.589501 1388.103928 1429.895009 1486.067399 1551.597777 1591.496271 1636.258871 1684.365952 1743.153579 1777.044065 1807.964376 1854.008857 1891.342354 1914.175080 1904.436445 1879.621671 1839.244024 1774.969604 1714.582508 1667.950776 1599.219513 1537.295404 1476.261101 1405.730475 1329.850643 1245.637500 1151.204710 1105.305386 -9999.0 -9999.0 -9999.0 -9999.0 -9999.0
-9999.0 163.917808 432.143123 723.154378 1046.225227 1390.693113 1532.552449 1663.545699 1739.346288 1711.206022 1720.443377 1741.838020 1781.611378 1789.551092 1772.357509 1766.411647 1756.195478 1754.049790 1761.344609 1727.808861 1693.028133 1677.056520 1675.838854 1665.196108 1644.777149 1631.342457 1622.739629 1606.012589 1559.406480 1500.250531 1399.049847 1359.286208 1279.909156 1218.612103 1166.836508 1112.457323 1059.922847 1058.912557 1077.082160 1063.515816 1042.397338 1024.662870 1051.439386 1069.041304 1080.915256 1069.325768 1077.838534 1113.353109 1163.283667 1209.540580 1264.601758 1325.441959 1375.946788 1429.328027 1472.665020 1538.977701 1593.862553 1644.157003 1721.517662 1798.226746 1833.244201 1867.360651 1901.455708 1920.022181 1874.432176 1832.558588 1790.429166 1740.790298 1669.764419 1627.730284 1588.712657 1512.647535 1425.574541 -9999.0 -9999.0 -9999.0 -9999.0 -9999.0 -9999.0 -9999.0
-9999.0 36.356696 257.076918 490.054223 779.790762 1024.115020 1221.807295 1340.127463 1435.519906 1479.814086 1518.558444 1552.594949 1581.879123 1603.975276 1584.685613 1549.108670 1521.753841 1522.276657 1508.995625 1468.059045 1423.655320 1401.159494 1396.203364 1388.593175 1364.561170 1351.424924 1342.447007 1321.405031 1287.502203 1228.019838 1140.025433 1063.442608 999.995443 965.555304 933.215967 898.584560 861.724523 872.054216 885.602912 882.581432 872.315673 869.525508 899.020035 918.059552 928.106859 916.002886 934.771464 961.365900 1003.171641 1046.774479 1097.293941 1154.308689 1209.651296 1242.118176 1262.342973 1297.017714 1343.841263 1408.006804 1511.929714 1613.020179 1693.048511 1745.431708 1798.066168 1834.778946 1853.566151 1872.904269 1856.437664 1784.893524 1676.294206 1694.922519 1697.892624 -9999.0 -9999.0 -9999.0 -9999.0 -9999.0 -9999.0 -9999.0 -9999.0 -9999.0
-9999.0 -9999.0 22.521755 202.555368 345.122880 528.079075 680.898917 794.646366 888.220261 1003.985662 1110.361377 1193.335569 1236.387631 1253.521782 1239.668549 1206.338612 1183.776090 1180.980288 1165.238638 1145.102212 1116.643811 1104.087183 1091.601422 1082.998457 1072.543505 1067.323278 1062.756592 1051.967213 1029.638700 981.331077 929.076969 875.491606 820.751817 794.341251 771.441930 748.950474 746.764583 743.470496 749.706411 751.505246 758.316637 770.928289 791.348222 813.224730 822.849676 831.080087 843.432717 867.035292 900.200159 942.473336 996.592077 1054.458919 1094.655870 1108.682104 1101.834272 1110.851150 1135.684167 1184.471405 1275.334149 1367.673978 1474.309207 1560.578810 1640.458983 1701.168289 1729.152210 1753.988817 1777.461760 1712.923255 1355.102432 1619.583818 -9999.0 -9999.0 -9999.0 -9999.0 -9999.0 -9999.0 -9999.0 -9999.0 -9999.0 -9999.0
-9999.0 -9999.0 -9999.0 -9999.0 59.836832 216.163745 313.272975 398.150875 527.727795 647.715008 747.878450 829.995110 889.484707 915.132242 909.118355 911.387035 905.075356 897.908807 885.668336 879.699236 874.047451 864.415039 850.025283 842.263751 842.762234 847.546868 845.489544 832.231328 814.925885 790.537540 768.206817 732.749610 695.853950 666.182723 652.650654 646.332651 646.157967 639.766614 648.910668 656.164439 671.472042 686.928559 710.879878 739.707038 753.075482 767.566834 777.181651 797.685271 827.907286 881.136484 944.380270 1001.870924 1037.403270 1042.148459 1018.139876 1004.057135 1002.418321 1033.056997 1082.506974 1154.891356 1263.088585 1345.657340 1415.426037 1478.954112 1535.067867 1597.233105 1671.203847 1708.424138 -9999.0 -9999.0 -9999.0 -9999.0 -9999.0 -9999.0 -9999.0 -9999.0 -9999.0 -9999.0 -9999.0 -9999.0
-9999.0 -9999.0 -9999.0 -9999.0 -9999.0 -9999.0 13.764671 114.294120 198.124690 333.098483 459.346464 558.482065 637.040245 666.710121 690.226027 715.343989 712.002139 692.918019 673.037905 689.129931 699.859982 693.104913 663.315341 662.345801 666.809103 675.635899 674.034906 667.912577 642.964900 653.114376 652.700858 629.108203 602.741767 588.457912 576.537023 586.163181 586.594431 573.461490 574.800399 601.492798 621.704503 635.067363 657.187114 690.399709 722.593344 737.413082 738.542581 744.587628 784.984961 855.114727 926.300795 981.118583 1013.140946 1021.236980 994.107736 954.467587 934.611320 942.904455 979.527072 1034.892819 1114.599191 1169.538808 1205.060692 1233.137512 1268.399870 1367.434652 -9999.0 -9999.0 -9999.0 -9999.0 -9999.0 -9999.0 -9999.0 -9999.0 -9999.0 -9999.0 -9999.0 -9999.0 -9999.0 -9999.0
-9999.0 -9999.0 -9999.0 -9999.0 -9999.0 -9999.0 -9999.0 -9999.0 -9999.0 -9999.0 -9999.0 -9999.0 -9999.0 -9999.0 -9999.0 -9999.0 -9999.0 -9999.0 -9999.0 -9999.0 -9999.0 -9999.0 -9999.0 -9999.0 -9999.0 -9999.0 -9999.0 -9999.0 -9999.0 -9999.0 -9999.0 -9999.0 -9999.0 -9999.0 -9999.0 -9999.0 -9999.0 -9999.0 -9999.0 -9999.0 -9999.0 -9999.0 -9999.0 -9999.0 -9999.0 -9999.0 -9999.0 -9999.0 -9999.0 -9999.0 -9999.0 -9999.0 -9999.0 -9999.0 -9999.0 -9999.0 -9999.0 -9999.0 -9999.0 -9999.0 -9999.0 -9999.0 -9999.0 -9999.0 -9999.0 -9999.0 -9999.0 -9999.0 -9999.0 -9999.0 -9999.0 -9999.0 -9999.0 -9999.0 -9999.0 -9999.0 -9999.0 -9999.0 -9999.0 -9999.0
-9999.0 -9999.0 -9999.0 -9999.0 -9999.0 -9999.0 -9999.0 -9999.0 -9999.0 -9999.0 -9999.0 -9999.0 -9999.0 -9999.0 -9999.0 -9999.0 -9999.0 -9999.0 -9999.0 -9999.0 -9999.0 -9999.0 -9999.0 -9999.0 -9999.0 -9999.0 -9999.0 -9999.0 -9999.0 -9999.0 -9999.0 -9999.0 -9999.0 -9999.0 -9999.0 -9999.0 -9999.0 -9999.0 -9999.0 -9999.0 -9999.0 -9999.0 -9999.0 -9999.0 -9999.0 -9999.0 -9999.0 -9999.0 -9999.0 -9999.0 -9999.0 -9999.0 -9999.0 -9999.0 -9999.0 -9999.0 -9999.0 -9999.0 -9999.0 -9999.0 -9999.0 -9999.0 -9999.0 -9999.0 -9999.0 -9999.0 -9999.0 -9999.0 -9999.0 -9999.0 -9999.0 -9999.0 -9999.0 -9999.0 -9999.0 -9999.0 -9999.0 -9999.0 -9999.0 -9999.0