Borden_/Borden1m_014/output_maps/psiliqL0020N0005.asc
ncols         80
nrows         18
xllcorner     620200.000000
yllcorner     5168000.000000
cellsize      1.000000
NODATA_value  -9999.0
-9999.0 -9999.0 -9999.0 -9999.0 -9999.0 -9999.0 -9999.0 -9999.0 -9999.0 -9999.0 -9999.0 -9999.0 -9999.0 -9999.0 -9999.0 -9999.0 -9999.0 -9999.0 -9999.0 -9999.0 -9999.0 -9999.0 -9999.0 -9999.0 -9999.0 -9999.0 -9999.0 -9999.0 -9999.0 -9999.0 -9999.0 -9999.0 -9999.0 -9999.0 -9999.0 -9999.0 -9999.0 -9999.0 -9999.0 -9999.0 -9999.0 -9999.0 -9999.0 -9999.0 -9999.0 -9999.0 -9999.0 -9999.0 -9999.0 -9999.0 -9999.0 -9999.0 -9999.0 -9999.0 -9999.0 -9999.0 -9999.0 -9999.0 -9999.0 -9999.0 -9999.0 -9999.0 -9999.0 -9999.0 -9999.0 -9999.0 -9999.0 -9999.0 -9999.0 -9999.0 -9999.0 -9999.0 -9999.0 -9999.0 -9999.0 -9999.0 -9999.0 -9999.0 -9999.0 -9999.0
-9999.0 -9999.0 -9999.0 -9999.0 -9999.0 -9999.0 -9999.0 -9999.0 -9999.0 -9999.0 -9999.0 -9999.0 -9999.0 -9999.0 -9999.0 -9999.0 -9999.0 -9999.0 -9999.0 -9999.0 -9999.0 -9999.0 -9999.0 -9999.0 -9999.0 -9999.0 -9999.0 -9999.0 -9999.0 -9999.0 -9999.0 -9999.0 -9999.0 -9999.0 -9999.0 -9999.0 -9999.0 -9999.0 -9999.0 -9999.0 -9999.0 -9999.0 -9999.0 -9999.0 -9999.0 -9999.0 -9999.0 -9999.0 -9999.0 -9999.0 -9999.0 -9999.0 -9999.0 -9999.0 -9999.0 -9999.0 -9999.0 -9999.0 -9999.0 -9999.0 -9999.0 -9999.0 -9999.0 -9999.0 -9999.0 -9999.0 -9999.0 -9999.0 -9999.0 -9999.0 -9999.0 -9999.0 -9999.0 -9999.0 -9999.0 -9999.0 -9999.0 -9999.0 -9999.0 -9999.0
-9999.0 -9999.0 -9999.0 -9999.0 -9999.0 -9999.0 -9999.0 -9999.0 -9999.0 -9999.0 -9999.0 -9999.0 -9999.0 -9999.0 -9999.0 -9999.0 -9999.0 -9999.0 -9999.0 -9999.0 2140.803687 2142.997964 2121.874045 2088.950439 2061.975186 2065.210385 2100.224821 2142.442160 2182.418934 2192.341017 2174.953861 2178.914092 2174.883513 2172.089601 2173.513184 2181.029309 2187.006963 2198.007727 2206.843850 2207.206706 2202.443866 2199.152213 2201.833276 2204.776908 2210.600264 2197.257097 2210.894572 2224.616812 2227.422565 2221.657952 2194.897039 2179.981352 2170.230985 2153.311132 2177.343120 2187.580809 2208.882257 2211.726155 2208.646762 2180.940139 2150.320460 -9999.0 -9999.0 -9999.0 -9999.0 -9999.0 -9999.0 -9999.0 -9999.0 -9999.0 -9999.0 -9999.0 -9999.0 -9999.0 -9999.0 -9999.0 -9999.0 -9999.0 -9999.0 -9999.0
-9999.0 -9999.0 -9999.0 -9999.0 -9999.0 -9999.0 -9999.0 -9999.0 -9999.0 -9999.0 -9999.0 -9999.0 -9999.0 -9999.0 2048.998330 2040.354870 2038.309160 2046.974971 2080.711146 2111.446750 2123.343819 2116.640024 2117.545405 2094.513461 2074.036984 2088.693331 2119.710271 2152.099113 2187.407625 2207.472798 2197.462561 2195.874074 2204.621086 2227.327523 2237.724947 2234.661262 2216.340640 2241.391252 2257.631895 2266.576782 2268.016549 2261.124565 2273.075106 2288.410358 2281.336617 2264.433236 2271.048751 2281.909067 2290.591794 2277.552825 2215.001113 2198.221707 2193.260327 2186.613470 2171.532160 2164.917433 2190.166312 2188.187471 2178.975035 2160.202159 2126.274876 2080.990750 2061.211894 2099.668732 2142.327738 2198.129675 -9999.0 -9999.0 -9999.0 -9999.0 -9999.0 -9999.0 -9999.0 -9999.0 -9999.0 -9999.0 -9999.0 -9999.0 -9999.0 -9999.0
-9999.0 -9999.0 -9999.0 -9999.0 -9999.0 -9999.0 -9999.0 -9999.0 -9999.0 1989.859088 1995.627481 2003.541272 2006.826229 2022.934094 2020.407536 2028.135911 2034.581851 2062.644496 2093.719092 2128.747046 2157.262200 2149.523522 2150.328276 2158.530120 2158.850920 2170.394237 2193.380336 2234.552475 2271.411868 2310.968528 2281.237895 2278.490338 2297.146805 2341.200671 2368.838577 2373.014265 2355.162958 2369.440394 2396.573285 2419.552666 2421.631149 2420.391568 2446.221075 2461.164169 2458.299971 2436.680629 2428.802570 2429.006211 2452.383417 2398.870978 2331.351072 2286.161354 2295.198664 2268.930349 2235.317680 2216.899441 2213.676150 2232.346607 2217.080645 2179.450243 2143.134528 2130.109997 2111.279315 2128.749667 2150.107198 2195.051765 2233.349112 2261.333253 2259.803262 2241.732028 -9999.0 -9999.0 -9999.0 -9999.0 -9999.0 -9999.0 -9999.0 -9999.0 -9999.0 -9999.0
-9999.0 -9999.0 -9999.0 -9999.0 -9999.0 -9999.0 1909.888842 1920.647821 1942.096473 1946.474369 1973.307819 1980.610259 2001.456083 2020.684416 2043.163640 2058.801803 2087.510359 2120.119950 2159.419575 2200.924505 2232.653157 2226.048955 2236.606908 2262.787178 2297.300248 2323.375561 2350.027276 2392.191463 2469.643310 2511.256994 2512.598983 2516.077128 2525.232882 2574.710014 2638.399491 2649.221845 2629.257391 2617.573579 2643.938700 2687.196391 2694.856926 2699.232228 2716.892922 2728.333401 2754.201666 2742.113477 2697.692744 2682.419093 2681.353314 2658.302170 2591.005147 2529.465849 2501.950126 2450.602530 2365.987409 2313.753151 2325.592023 2345.928326 2318.042740 2264.059455 2223.820937 2212.761564 2196.905639 2184.447212 2191.907394 2211.155610 2232.523084 2243.382390 2229.461149 2207.238581 2184.027489 2154.648630 2156.102036 2180.670537 -9999.0 -9999.0 -9999.0 -9999.0 -9999.0 -9999.0
-9999.0 -9999.0 -9999.0 -9999.0 1858.878432 1872.490728 1859.985071 1886.799272 1920.427262 1955.595013 1986.596102 2022.456436 2049.183874 2078.954932 2116.637527 2146.024850 2184.658053 2219.058131 2272.019805 2338.773225 2389.049257 2410.845576 2426.563499 2484.622416 2546.208973 2599.032713 2622.883942 2654.669093 2706.685377 2769.008520 2795.367836 2800.302897 2816.816798 2854.983103 2905.966796 2817.715177 2800.693889 2792.523023 2800.328625 2812.660768 2834.769310 2834.973174 2836.127679 2839.279225 2845.515974 2844.735339 2820.312936 2788.036862 2907.827637 2895.159370 2859.732684 2788.901802 2753.224905 2720.258880 2675.092624 2616.526776 2556.594553 2546.267029 2487.328068 2426.462408 2365.509208 2345.707834 2315.751383 2291.354961 2265.313740 2269.243553 2273.964325 2253.691466 2220.325308 2187.406450 2171.781189 2152.268749 2140.086795 2169.886263 2186.992941 2216.548737 -9999.0 -9999.0 -9999.0 -9999.0
-9999.0 -9999.0 1798.438207 1845.893666 1903.672394 1912.283111 1910.766837 1916.979465 1946.371597 1999.085425 2070.255912 2115.810458 2153.272588 2187.027673 2244.208902 2315.882127 2384.277465 2432.424228 2496.252674 2569.376555 2633.706003 2667.053994 2686.152397 2732.322028 2790.382019 2858.309661 2888.851701 2919.369749 2812.415849 2845.656768 2846.792559 2858.953764 2869.382150 2877.304230 2887.774801 2892.273386 2888.172607 2883.668035 2865.708811 2861.219376 2867.796655 2874.041055 2874.428918 2860.443885 2856.577781 2870.956579 2875.936428 2874.597234 2873.492026 2879.189066 2878.605964 2835.303953 2808.531103 2794.731340 2923.858044 2874.558529 2806.819817 2768.287345 2744.014887 2691.681333 2609.333201 2557.935377 2506.336623 2459.909715 2408.861261 2382.573869 2339.199548 2298.687405 2252.814238 2206.307431 2182.182060 2163.967067 2160.969597 2160.063863 2176.230861 2191.185199 2206.450644 2214.193384 -9999.0 -9999.0
-9999.0 1691.741096 1763.586670 1887.928666 1967.645894 2009.996480 2032.782196 2048.947313 2078.866044 2111.021331 2209.183080 2282.184535 2371.078106 2410.438740 2457.696260 2553.238259 2651.625515 2706.012552 2750.399101 2814.001316 2880.071148 2800.399372 2825.528408 2819.442775 2854.929695 2875.504581 2880.678585 2885.538717 2883.141674 2874.948800 2867.505702 2874.449766 2872.032660 2853.669356 2838.376495 2836.837537 2833.498200 2811.071936 2928.246760 2911.852139 2911.876123 2795.559709 2920.976805 2898.426287 2896.077430 2922.344836 2798.856889 2788.902211 2930.332118 2792.603884 2825.835935 2848.135179 2853.472026 2870.887700 2891.726885 2864.526240 2840.045184 2798.952817 2931.688525 2899.170771 2836.390901 2773.797842 2713.977885 2647.770278 2581.343890 2517.129560 2455.682922 2394.771783 2330.559523 2289.385488 2257.906985 2208.032954 2188.404769 2190.862807 2182.820759 2180.008953 2185.848563 2192.073469 -9999.0 -9999.0
-9999.0 1603.448091 1744.089944 1925.332260 2071.717294 2123.355436 2208.467337 2280.393172 2305.553770 2268.334538 2376.731239 2600.027701 2720.652575 2742.305956 2816.970083 2794.481225 2792.540437 2821.662916 2842.588025 2859.185744 2872.705216 2883.689719 2881.262836 2875.289511 2859.618759 2851.830697 2851.344399 2849.420175 2832.772039 2814.456656 2798.045743 2795.635192 2923.971292 2870.065245 2831.512601 2811.360283 2793.343592 2776.966531 2747.961551 2719.002035 2697.259846 2709.828736 2705.144061 2685.119288 2682.670561 2711.752761 2747.457152 2748.573255 2761.857804 2781.129342 2818.271382 2858.016081 2882.936123 2917.155004 2803.448934 2847.944684 2859.514730 2881.350168 2885.185061 2870.869900 2827.214612 2930.103809 2892.680092 2827.100220 2754.720570 2671.991107 2607.112812 2545.276232 2475.826189 2428.773420 2378.551779 2317.352320 2264.724455 2247.077496 2209.451701 2192.339822 -9999.0 -9999.0 -9999.0 -9999.0
-9999.0 1512.994340 1696.488102 1944.867557 2229.653746 2323.112582 2530.445547 2660.792710 2715.228359 2788.691425 2725.604123 2802.768469 2843.363741 2835.575234 2840.169788 2841.491647 2854.532716 2854.785682 2849.961439 2839.629588 2830.872679 2826.928330 2825.689059 2817.928601 2805.587768 2791.452612 2936.123469 2920.036561 2877.279329 2840.136234 2798.779158 2780.433630 2733.486398 2630.208414 2583.186878 2542.468311 2482.584355 2480.018407 2479.418456 2450.014827 2429.570408 2402.814817 2427.004406 2435.051826 2439.724219 2441.533873 2458.259453 2488.612829 2536.345738 2572.240082 2614.657284 2667.065173 2707.755789 2756.165075 2802.810645 2861.258770 2899.780887 2936.455692 2829.613069 2865.965997 2887.982864 2876.014633 2854.534712 2813.135269 2899.154591 2834.693163 2787.241465 2715.268229 2647.748830 2591.105495 2535.158119 2471.123873 2399.928792 2330.754855 2291.894783 -9999.0 -9999.0 -9999.0 -9999.0 -9999.0
-9999.0 1312.269545 1577.462487 1853.673614 2147.740729 2483.417034 2640.627694 2758.115010 2831.227562 2812.414431 2834.298092 2855.629467 2787.329489 2792.926675 2895.237023 2879.830867 2862.613527 2861.423131 2875.449637 2851.182643 2824.652646 2814.298049 2816.956364 2807.887615 2786.066364 2770.572527 2759.614843 2734.443315 2677.896457 2621.599999 2534.639441 2498.465630 2416.072038 2365.114223 2321.095898 2270.527501 2221.131224 2222.504369 2242.837281 2229.849880 2207.454671 2188.703340 2215.909010 2235.667196 2249.407321 2237.551840 2247.353108 2283.266504 2331.859417 2374.402653 2421.610577 2475.245018 2521.211890 2569.433461 2601.200147 2651.806238 2708.213623 2762.190079 2840.773199 2926.111140 2809.457440 2842.263618 2873.361786 2893.993417 2852.304311 2823.475714 2800.121484 2866.551267 2794.420052 2742.783171 2701.175566 2625.511987 2554.075924 -9999.0 -9999.0 -9999.0 -9999.0 -9999.0 -9999.0 -9999.0
-9999.0 1192.649114 1398.385514 1608.348606 1874.371789 2107.560392 2315.676445 2416.967181 2496.243712 2554.678507 2605.470508 2648.701833 2686.617519 2712.835040 2690.709863 2640.460196 2606.294362 2609.026050 2602.551678 2581.081921 2554.132306 2541.815866 2540.668900 2536.003935 2514.038571 2501.467005 2490.779150 2465.380253 2432.788300 2375.500995 2297.548076 2222.488939 2163.688992 2135.811932 2107.667337 2076.548764 2044.674880 2055.667839 2067.415153 2065.220562 2056.047280 2054.030921 2082.640454 2101.783716 2112.063756 2101.767872 2121.482861 2147.159985 2186.976309 2228.865824 2275.955912 2328.646876 2381.022404 2408.546388 2420.191809 2443.014272 2482.856003 2539.365239 2628.814161 2731.977418 2815.632673 2869.284021 2926.782020 2812.029566 2837.211936 2866.037171 2883.157185 2870.810184 2843.789157 2813.014087 2818.565636 -9999.0 -9999.0 -9999.0 -9999.0 -9999.0 -9999.0 -9999.0 -9999.0 -9999.0
-9999.0 -9999.0 1168.487968 1333.025342 1450.097879 1619.763969 1764.509904 1872.280143 1967.349498 2096.200370 2212.440436 2304.980792 2352.965151 2371.374822 2356.925539 2324.637715 2303.187635 2301.851379 2290.860355 2282.650684 2266.139005 2260.280621 2249.186111 2241.998591 2235.112442 2231.709178 2227.001081 2216.052281 2194.781339 2148.979993 2104.638397 2055.875535 2004.864913 1980.244483 1959.220371 1939.161609 1939.886087 1935.233091 1940.434070 1942.292291 1950.077331 1963.080867 1982.638597 2004.966922 2014.923814 2024.775061 2037.029098 2060.157921 2092.006561 2133.131287 2185.816347 2242.626522 2281.510790 2293.127514 2281.868113 2284.964477 2302.758669 2343.575829 2421.485283 2505.213324 2604.206172 2680.111553 2761.263689 2821.128427 2847.826695 2878.506676 2813.373405 2856.891524 2886.905643 2867.602945 -9999.0 -9999.0 -9999.0 -9999.0 -9999.0 -9999.0 -9999.0 -9999.0 -9999.0 -9999.0
-9999.0 -9999.0 -9999.0 -9999.0 1190.980257 1341.088528 1437.064831 1517.511061 1647.917894 1772.750369 1876.246693 1962.316011 2028.318727 2055.536583 2053.338825 2062.586402 2058.622493 2050.728559 2040.546045 2042.376848 2044.411768 2038.274814 2023.834103 2017.616114 2020.224179 2026.540567 2024.175619 2010.551428 1992.256099 1972.902811 1955.571456 1922.892504 1888.654075 1860.205805 1847.524146 1842.929434 1842.866613 1835.551356 1844.040774 1851.932850 1867.288839 1882.297151 1905.777074 1934.935486 1949.124554 1963.979859 1973.369893 1993.101273 2022.847254 2075.355257 2137.929513 2195.090367 2230.715031 2234.354135 2209.206050 2192.638588 2187.333568 2213.456902 2255.503212 2318.955888 2419.049074 2493.694535 2552.033477 2601.488862 2643.581700 2709.430127 2792.117213 2846.904806 -9999.0 -9999.0 -9999.0 -9999.0 -9999.0 -9999.0 -9999.0 -9999.0 -9999.0 -9999.0 -9999.0 -9999.0
-9999.0 -9999.0 -9999.0 -9999.0 -9999.0 -9999.0 1155.728862 1258.322878 1332.470481 1476.297642 1612.670619 1716.732401 1798.617180 1832.233252 1861.504990 1889.267597 1887.968301 1868.664788 1848.623266 1868.962861 1885.521815 1880.128715 1849.981764 1850.975566 1857.156901 1865.526089 1863.322995 1857.167482 1832.374245 1846.130398 1848.618137 1826.055318 1800.767990 1787.747521 1776.271453 1786.173556 1786.477972 1772.616180 1772.514087 1799.718375 1820.202604 1833.091009 1854.434363 1887.534530 1919.905870 1935.312710 1936.479499 1941.932186 1980.409787 2049.689641 2120.924344 2176.084352 2208.214863 2215.601106 2188.072980 2147.279730 2126.125774 2131.846416 2164.520992 2214.029443 2287.253008 2334.795750 2359.539675 2373.669688 2395.381201 2494.692208 -9999.0 -9999.0 -9999.0 -9999.0 -9999.0 -9999.0 -9999.0 -9999.0 -9999.0 -9999.0 -9999.0 -9999.0 -9999.0 -9999.0
-9999.0 -9999.0 -9999.0 -9999.0 -9999.0 -9999.0 -9999.0 -9999.0 -9999.0 -9999.0 -9999.0 -9999.0 -9999.0 -9999.0 -9999.0 -9999.0 -9999.0 -9999.0 -9999.0 -9999.0 -9999.0 -9999.0 -9999.0 -9999.0 -9999.0 -9999.0 -9999.0 -9999.0 -9999.0 -9999.0 -9999.0 -9999.0 -9999.0 -9999.0 -9999.0 -9999.0 -9999.0 -9999.0 -9999.0 -9999.0 -9999.0 -9999.0 -9999.0 -9999.0 -9999.0 -9999.0 -9999.0 -9999.0 -9999.0 -9999.0 -9999.0 -9999.0 -9999.0 -9999.0 -9999.0 -9999.0 -9999.0 -9999.0 -9999.0 -9999.0 -9999.0 -9999.0 -9999.0 -9999.0 -9999.0 -9999.0 -9999.0 -9999.0 -9999.0 -9999.0 -9999.0 -9999.0 -9999.0 -9999.0 -9999.0 -9999.0 -9999.0 -9999.0 -9999.0 -9999.0
-9999.0 -9999.0 -9999.0 -9999.0 -9999.0 -9999.0 -9999.0 -9999.0 -9999.0 -9999.0 -9999.0 -9999.0 -9999.0 -9999.0 -9999.0 -9999.0 -9999.0 -9999.0 -9999.0 -9999.0 -9999.0 -9999.0 -9999.0 -9999.0 -9999.0 -9999.0 -9999.0 -9999.0 -9999.0 -9999.0 -9999.0 -9999.0 -9999.0 -9999.0 -9999.0 -9999.0 -9999.0 -9999.0 -9999.0 -9999.0 -9999.0 -9999.0 -9999.0 -9999.0 -9999.0 -9999.0 -9999.0 -9999.0 -9999.0 -9999.0 -9999.0 -9999.0 -9999.0 -9999.0 -9999.0 -9999.0 -9999.0 -9999.0 -9999.0 -9999.0 -9999.0 -9999.0 -9999.0 -9999.0 -9999.0 -9999.0 -9999.0 -9999.0 -9999.0 -9999.0 -9999.0 -9999.0 -9999.0 -9999.0 -9999.0 -9999.0 -9999.0 -9999.0 -9999.0 -9999.0