Borden_/Borden1m_014/output_maps/psiliqL0025N0022.asc
ncols         80
nrows         18
xllcorner     620200.000000
yllcorner     5168000.000000
cellsize      1.000000
NODATA_value  -9999.0
-9999.0 -9999.0 -9999.0 -9999.0 -9999.0 -9999.0 -9999.0 -9999.0 -9999.0 -9999.0 -9999.0 -9999.0 -9999.0 -9999.0 -9999.0 -9999.0 -9999.0 -9999.0 -9999.0 -9999.0 -9999.0 -9999.0 -9999.0 -9999.0 -9999.0 -9999.0 -9999.0 -9999.0 -9999.0 -9999.0 -9999.0 -9999.0 -9999.0 -9999.0 -9999.0 -9999.0 -9999.0 -9999.0 -9999.0 -9999.0 -9999.0 -9999.0 -9999.0 -9999.0 -9999.0 -9999.0 -9999.0 -9999.0 -9999.0 -9999.0 -9999.0 -9999.0 -9999.0 -9999.0 -9999.0 -9999.0 -9999.0 -9999.0 -9999.0 -9999.0 -9999.0 -9999.0 -9999.0 -9999.0 -9999.0 -9999.0 -9999.0 -9999.0 -9999.0 -9999.0 -9999.0 -9999.0 -9999.0 -9999.0 -9999.0 -9999.0 -9999.0 -9999.0 -9999.0 -9999.0
-9999.0 -9999.0 -9999.0 -9999.0 -9999.0 -9999.0 -9999.0 -9999.0 -9999.0 -9999.0 -9999.0 -9999.0 -9999.0 -9999.0 -9999.0 -9999.0 -9999.0 -9999.0 -9999.0 -9999.0 -9999.0 -9999.0 -9999.0 -9999.0 -9999.0 -9999.0 -9999.0 -9999.0 -9999.0 -9999.0 -9999.0 -9999.0 -9999.0 -9999.0 -9999.0 -9999.0 -9999.0 -9999.0 -9999.0 -9999.0 -9999.0 -9999.0 -9999.0 -9999.0 -9999.0 -9999.0 -9999.0 -9999.0 -9999.0 -9999.0 -9999.0 -9999.0 -9999.0 -9999.0 -9999.0 -9999.0 -9999.0 -9999.0 -9999.0 -9999.0 -9999.0 -9999.0 -9999.0 -9999.0 -9999.0 -9999.0 -9999.0 -9999.0 -9999.0 -9999.0 -9999.0 -9999.0 -9999.0 -9999.0 -9999.0 -9999.0 -9999.0 -9999.0 -9999.0 -9999.0
-9999.0 -9999.0 -9999.0 -9999.0 -9999.0 -9999.0 -9999.0 -9999.0 -9999.0 -9999.0 -9999.0 -9999.0 -9999.0 -9999.0 -9999.0 -9999.0 -9999.0 -9999.0 -9999.0 -9999.0 3125.740759 3126.752326 3104.922974 3070.685517 3042.257334 3043.848634 3076.569314 3116.862413 3155.244468 3162.470238 3143.180756 3146.603018 3141.890382 3137.354418 3137.477608 3144.933796 3151.226118 3160.834076 3167.690133 3165.341329 3157.937175 3152.802385 3155.103252 3156.746799 3162.940881 3148.818930 3164.719551 3179.788998 3184.706939 3182.084916 3159.531166 3147.663747 3139.953165 3124.732812 3151.449144 3163.416565 3186.441266 3191.347601 3189.718469 3163.795634 3133.943735 -9999.0 -9999.0 -9999.0 -9999.0 -9999.0 -9999.0 -9999.0 -9999.0 -9999.0 -9999.0 -9999.0 -9999.0 -9999.0 -9999.0 -9999.0 -9999.0 -9999.0 -9999.0 -9999.0
-9999.0 -9999.0 -9999.0 -9999.0 -9999.0 -9999.0 -9999.0 -9999.0 -9999.0 -9999.0 -9999.0 -9999.0 -9999.0 -9999.0 3035.964499 3026.991484 3023.862832 3030.908053 3063.104426 3093.043890 3104.617571 3096.919397 3096.461370 3071.482281 3048.416406 3060.667892 3089.555423 3119.476202 3152.304841 3169.279288 3157.821888 3154.874644 3161.608047 3179.925363 3187.821738 3183.999438 3167.402032 3190.043888 3203.101780 3207.456526 3205.304352 3195.372862 3204.191394 3218.151504 3211.097177 3195.884723 3206.663118 3221.658411 3232.773582 3224.710863 3168.157989 3156.203605 3153.536203 3149.924910 3137.411725 3133.944311 3162.571770 3162.676608 3155.889988 3139.142568 3106.330359 3061.487314 3043.085801 3084.047881 3128.166920 3184.526430 -9999.0 -9999.0 -9999.0 -9999.0 -9999.0 -9999.0 -9999.0 -9999.0 -9999.0 -9999.0 -9999.0 -9999.0 -9999.0 -9999.0
-9999.0 -9999.0 -9999.0 -9999.0 -9999.0 -9999.0 -9999.0 -9999.0 -9999.0 2982.007602 2984.644008 2991.293333 2993.360578 3008.160534 3004.708009 3011.235081 3014.968125 3041.623961 3070.610173 3103.605147 3130.102425 3120.374122 3118.614203 3122.308320 3116.689363 3124.112845 3143.863567 3178.885612 3209.811286 3244.640253 3210.915838 3205.736117 3222.875702 3263.957316 3287.081797 3288.969756 3270.227278 3286.276966 3309.531230 3325.179654 3321.535308 3315.509104 3341.165565 3356.177808 3350.434845 3329.170431 3327.598714 3334.998928 3364.265822 3314.133469 3249.007682 3210.843122 3226.800158 3206.010032 3180.259334 3170.593631 3171.727169 3191.892583 3180.697033 3148.144207 3115.409069 3104.388245 3088.213260 3109.650386 3133.485455 3180.004521 3220.268991 3250.437532 3250.319617 3233.355518 -9999.0 -9999.0 -9999.0 -9999.0 -9999.0 -9999.0 -9999.0 -9999.0 -9999.0 -9999.0
-9999.0 -9999.0 -9999.0 -9999.0 -9999.0 -9999.0 2903.320820 2913.781104 2934.491767 2937.185491 2963.502215 2968.658253 2982.827927 2999.493197 3020.571900 3032.870366 3057.338509 3086.542948 3121.895767 3158.907130 3184.841897 3173.895439 3177.683795 3196.813553 3223.309154 3241.954801 3263.915293 3300.920940 3372.301955 3408.188202 3401.053814 3401.731915 3409.806983 3459.772925 3523.453643 3534.441559 3513.840755 3500.697503 3523.986091 3561.114644 3559.399884 3558.207337 3571.031475 3581.718306 3608.470112 3597.800250 3561.999330 3556.403251 3562.815763 3540.679632 3472.626239 3415.730283 3396.892396 3350.990699 3268.732278 3226.158246 3249.633410 3277.659741 3256.422173 3207.667470 3176.759525 3171.856564 3161.401849 3154.972525 3167.865014 3190.752299 3215.317153 3229.648670 3218.283528 3197.921004 3176.803067 3148.913261 3151.745333 3176.885974 -9999.0 -9999.0 -9999.0 -9999.0 -9999.0 -9999.0
-9999.0 -9999.0 -9999.0 -9999.0 2853.752048 2866.572408 2851.863910 2877.858147 2909.715613 2943.117435 2970.452005 2996.671570 3019.045440 3044.972259 3077.468200 3099.121967 3130.612417 3159.442968 3204.781210 3265.223508 3308.874316 3321.996004 3330.047222 3380.472926 3436.309482 3483.109379 3501.534351 3527.076263 3572.222376 3628.403544 3650.619728 3653.457850 3670.332101 3713.083828 3768.772614 3803.708443 3786.153537 3777.224186 3787.068584 3801.154772 3823.289836 3823.365214 3824.476692 3828.499782 3835.999740 3834.342031 3807.998872 3774.697266 3761.801564 3751.821007 3714.377794 3642.744279 3612.420750 3583.863428 3542.216660 3488.614512 3440.962223 3441.789277 3387.789151 3333.635973 3283.982639 3276.135102 3256.197713 3240.645616 3223.514882 3235.984796 3248.169771 3233.513609 3204.101186 3175.517732 3162.823854 3145.541784 3134.569827 3165.899502 3183.827510 3213.520145 -9999.0 -9999.0 -9999.0 -9999.0
-9999.0 -9999.0 2794.866134 2840.202194 2897.029966 2903.049492 2896.568469 2899.311033 2925.466957 2974.422343 3030.435985 3066.774992 3095.106069 3124.349864 3173.090379 3234.680768 3293.956746 3335.737980 3392.735981 3461.294062 3519.921760 3546.577741 3555.399646 3590.637720 3644.881230 3713.304306 3741.078168 3767.339415 3798.830918 3834.931615 3827.813839 3838.649919 3850.850999 3863.086340 3877.566020 3884.434459 3879.652029 3875.068584 3856.557186 3851.464896 3857.966528 3865.818476 3864.945822 3850.339428 3846.372518 3861.298574 3867.415156 3865.411430 3862.720980 3867.726399 3863.640234 3815.823338 3797.271706 3782.201708 3770.767853 3724.869080 3658.535768 3626.055153 3604.928686 3564.362329 3491.373364 3453.828628 3414.652907 3380.104758 3342.903901 3329.673582 3297.427765 3265.589384 3227.206881 3186.798562 3168.370267 3154.247919 3154.087982 3154.984057 3172.868927 3188.604447 3204.647154 3212.761364 -9999.0 -9999.0
-9999.0 2692.104432 2763.697858 2877.798362 2955.042662 2988.303318 2996.922178 2999.888307 3023.857455 3054.269926 3140.256396 3189.748251 3271.698160 3307.923039 3348.039320 3437.279746 3530.558996 3573.320516 3611.645525 3674.414739 3739.427326 3786.175539 3812.328851 3792.971789 3831.945108 3860.481490 3868.211104 3874.941458 3874.674608 3866.189912 3859.585453 3866.295230 3863.378893 3844.289781 3828.301656 3826.583080 3823.200886 3799.964695 3772.502753 3757.130891 3758.617084 3783.478072 3770.426179 3749.091326 3744.691486 3766.290008 3787.501031 3776.865464 3763.750338 3780.296870 3814.771850 3839.384256 3841.010414 3859.408120 3880.491661 3851.661884 3829.961508 3786.402827 3769.593776 3744.265272 3687.730643 3633.009510 3585.155537 3536.827677 3484.632755 3435.706677 3388.347760 3341.496646 3288.505295 3256.005986 3231.905683 3189.281589 3176.888912 3183.240744 3178.595940 3177.255962 3183.959924 3190.611196 -9999.0 -9999.0
-9999.0 2596.753216 2736.294979 2905.781270 3044.814038 3084.634503 3146.798547 3201.072174 3214.080885 3160.775714 3259.234502 3474.255520 3593.486108 3610.184874 3684.695486 3778.524153 3763.110534 3794.088252 3816.921398 3841.453859 3861.200342 3875.062639 3873.223420 3867.927421 3851.517937 3843.531376 3842.672666 3840.591555 3823.284082 3804.410143 3787.668884 3784.605563 3766.837055 3717.941699 3684.948226 3667.726287 3649.227253 3635.679495 3608.325965 3582.502995 3566.300758 3577.090108 3574.991797 3561.323712 3556.899792 3575.143826 3605.969950 3603.705419 3614.991264 3634.482378 3669.856391 3707.693859 3726.860230 3755.792538 3791.254020 3838.763586 3847.873801 3870.210847 3873.258334 3862.303006 3816.132361 3764.906847 3735.666356 3680.620850 3621.173628 3559.600847 3511.040065 3466.577173 3411.739875 3377.790198 3338.781470 3285.555871 3242.609456 3234.672857 3201.433206 3188.313519 -9999.0 -9999.0 -9999.0 -9999.0
-9999.0 2495.933901 2676.065353 2906.609712 3194.112925 3265.906190 3465.018000 3577.987187 3616.499353 3682.802342 3569.663838 3770.638926 3821.701767 3816.254586 3830.374893 3833.301622 3847.384898 3846.842789 3841.773841 3830.831243 3821.343918 3816.849840 3815.758894 3807.865027 3795.284853 3780.718331 3768.879254 3757.564277 3721.178728 3689.467946 3650.788362 3638.470218 3594.697627 3503.510968 3464.973380 3427.042535 3367.054788 3369.365751 3376.256398 3352.563172 3333.230256 3305.773195 3334.808537 3345.057788 3349.040909 3344.930310 3354.823972 3382.574998 3429.641981 3463.572065 3502.204448 3549.735072 3579.828889 3618.718390 3658.457358 3710.479639 3741.342757 3770.056377 3818.507482 3855.404659 3878.032686 3864.258388 3845.301781 3801.127258 3741.165405 3692.025998 3663.358769 3613.307816 3570.038893 3526.626246 3480.404278 3427.894338 3366.798974 3313.327666 3279.521478 -9999.0 -9999.0 -9999.0 -9999.0 -9999.0
-9999.0 2275.681669 2539.780573 2796.655213 3068.083911 3405.987524 3572.399844 3667.058051 3729.478826 3710.307484 3731.675528 3738.498554 3775.336870 3782.284189 3760.834277 3747.254058 3730.008501 3728.919878 3741.950000 3714.800665 3684.801096 3671.596838 3672.470716 3661.775734 3638.111598 3623.246539 3613.968430 3595.721935 3552.883461 3503.274199 3420.185736 3386.739650 3309.330476 3270.411559 3234.298205 3188.055086 3145.184995 3150.830283 3174.197542 3166.305811 3145.860797 3129.044351 3158.239951 3177.626265 3190.663126 3174.676167 3181.233252 3215.229331 3261.198237 3301.043671 3344.383041 3391.676246 3432.921270 3471.890757 3492.940652 3532.366353 3574.090750 3615.318811 3684.936375 3762.547460 3797.976398 3832.274744 3861.490229 3883.234019 3840.582873 3814.014493 3790.548841 3767.408468 3721.577473 3676.425048 3635.905279 3571.880600 3512.389600 -9999.0 -9999.0 -9999.0 -9999.0 -9999.0 -9999.0 -9999.0
-9999.0 2162.610000 2357.404708 2551.179339 2788.325630 3011.962366 3228.971965 3319.067216 3388.380366 3456.347198 3508.339169 3545.275685 3571.003365 3592.322992 3569.680610 3524.244553 3492.352061 3497.249900 3488.734883 3467.726609 3440.222680 3427.443524 3425.024804 3420.367837 3399.305070 3389.159886 3382.553371 3364.944258 3339.760122 3287.817898 3217.093964 3146.459127 3093.476650 3074.195061 3052.085995 3025.746436 2999.341881 3012.968289 3025.961216 3026.166030 3019.785713 3020.053734 3049.096643 3068.819108 3078.253460 3067.263852 3085.268783 3108.213981 3144.850033 3182.699592 3226.748654 3276.164621 3323.916907 3343.758169 3345.860715 3357.447924 3384.732218 3427.655929 3503.505139 3588.922200 3665.532012 3710.537226 3760.942721 3800.542471 3828.252466 3853.861327 3875.674776 3868.291506 3842.720552 3809.611183 3751.425319 -9999.0 -9999.0 -9999.0 -9999.0 -9999.0 -9999.0 -9999.0 -9999.0 -9999.0
-9999.0 -9999.0 2131.316432 2285.157143 2384.588880 2548.358950 2693.178160 2803.397616 2872.011668 3001.333371 3121.158893 3211.768213 3257.369103 3272.740317 3258.807989 3230.229908 3212.903745 3212.580105 3201.106272 3194.794574 3180.513300 3175.458750 3165.413233 3158.410568 3154.554239 3154.254179 3152.498629 3144.993367 3128.940527 3088.399237 3052.048864 3008.603270 2970.515519 2949.330407 2931.575890 2914.921587 2919.230686 2914.783280 2920.634539 2923.826109 2933.618509 2947.919721 2967.362855 2985.256128 2994.801099 3004.759387 3015.431078 3036.752702 3066.311484 3105.882685 3156.618706 3209.999515 3245.227625 3251.612033 3233.387834 3228.189487 3236.145385 3264.734837 3327.721289 3396.236626 3484.989010 3549.838408 3616.371226 3671.874197 3698.267623 3734.639760 3804.247329 3852.228511 3893.924506 3871.565390 -9999.0 -9999.0 -9999.0 -9999.0 -9999.0 -9999.0 -9999.0 -9999.0 -9999.0 -9999.0
-9999.0 -9999.0 -9999.0 -9999.0 2145.873099 2293.384056 2391.102375 2471.478346 2606.125458 2738.013783 2810.078854 2896.186221 2964.493443 2980.260215 2980.588552 2996.828574 2995.809548 2986.859573 2976.200517 2981.091922 2986.095905 2980.378302 2974.059439 2968.327287 2972.784081 2981.433931 2980.699658 2969.116887 2952.549608 2939.450506 2927.641548 2898.320773 2867.527250 2841.622895 2830.968497 2828.983384 2830.060267 2822.995698 2831.970809 2841.217292 2857.456036 2872.763722 2896.312699 2925.872868 2940.515952 2955.108181 2963.577547 2981.903003 3006.021901 3057.026211 3118.199211 3174.096248 3206.858583 3206.847144 3178.538860 3156.600821 3144.000963 3161.237703 3189.305753 3239.872481 3328.563829 3390.137635 3435.408344 3474.140792 3510.332989 3574.897065 3668.582005 3749.383395 -9999.0 -9999.0 -9999.0 -9999.0 -9999.0 -9999.0 -9999.0 -9999.0 -9999.0 -9999.0 -9999.0 -9999.0
-9999.0 -9999.0 -9999.0 -9999.0 -9999.0 -9999.0 2122.182559 2228.227388 2296.474063 2450.185332 2596.395126 2705.859102 2791.085857 2828.356406 2823.136488 2853.233307 2853.832427 2833.695122 2811.997814 2833.876472 2853.173872 2847.015633 2815.111143 2817.146591 2824.998937 2833.965696 2832.800159 2828.495974 2805.790885 2824.356547 2830.701966 2810.160555 2787.051665 2798.188136 2786.796305 2796.591666 2796.515691 2781.883341 2780.624136 2792.796130 2814.047030 2827.061430 2848.120761 2881.301358 2913.715611 2929.246649 2929.925336 2934.348274 2970.690364 3034.598665 3104.978209 3159.429587 3189.413255 3193.774238 3163.273392 3118.235054 3091.832517 3090.451900 3114.427975 3153.468419 3213.069873 3248.915302 3259.800197 3260.708989 3272.707269 3371.414773 -9999.0 -9999.0 -9999.0 -9999.0 -9999.0 -9999.0 -9999.0 -9999.0 -9999.0 -9999.0 -9999.0 -9999.0 -9999.0 -9999.0
-9999.0 -9999.0 -9999.0 -9999.0 -9999.0 -9999.0 -9999.0 -9999.0 -9999.0 -9999.0 -9999.0 -9999.0 -9999.0 -9999.0 -9999.0 -9999.0 -9999.0 -9999.0 -9999.0 -9999.0 -9999.0 -9999.0 -9999.0 -9999.0 -9999.0 -9999.0 -9999.0 -9999.0 -9999.0 -9999.0 -9999.0 -9999.0 -9999.0 -9999.0 -9999.0 -9999.0 -9999.0 -9999.0 -9999.0 -9999.0 -9999.0 -9999.0 -9999.0 -9999.0 -9999.0 -9999.0 -9999.0 -9999.0 -9999.0 -9999.0 -9999.0 -9999.0 -9999.0 -9999.0 -9999.0 -9999.0 -9999.0 -9999.0 -9999.0 -9999.0 -9999.0 -9999.0 -9999.0 -9999.0 -9999.0 -9999.0 -9999.0 -9999.0 -9999.0 -9999.0 -9999.0 -9999.0 -9999.0 -9999.0 -9999.0 -9999.0 -9999.0 -9999.0 -9999.0 -9999.0
-9999.0 -9999.0 -9999.0 -9999.0 -9999.0 -9999.0 -9999.0 -9999.0 -9999.0 -9999.0 -9999.0 -9999.0 -9999.0 -9999.0 -9999.0 -9999.0 -9999.0 -9999.0 -9999.0 -9999.0 -9999.0 -9999.0 -9999.0 -9999.0 -9999.0 -9999.0 -9999.0 -9999.0 -9999.0 -9999.0 -9999.0 -9999.0 -9999.0 -9999.0 -9999.0 -9999.0 -9999.0 -9999.0 -9999.0 -9999.0 -9999.0 -9999.0 -9999.0 -9999.0 -9999.0 -9999.0 -9999.0 -9999.0 -9999.0 -9999.0 -9999.0 -9999.0 -9999.0 -9999.0 -9999.0 -9999.0 -9999.0 -9999.0 -9999.0 -9999.0 -9999.0 -9999.0 -9999.0 -9999.0 -9999.0 -9999.0 -9999.0 -9999.0 -9999.0 -9999.0 -9999.0 -9999.0 -9999.0 -9999.0 -9999.0 -9999.0 -9999.0 -9999.0 -9999.0 -9999.0