Borden_/Borden1m_014/output_maps/psiliqL0000N0011.asc
ncols         80
nrows         18
xllcorner     620200.000000
yllcorner     5168000.000000
cellsize      1.000000
NODATA_value  -9999.0
-9999.0 -9999.0 -9999.0 -9999.0 -9999.0 -9999.0 -9999.0 -9999.0 -9999.0 -9999.0 -9999.0 -9999.0 -9999.0 -9999.0 -9999.0 -9999.0 -9999.0 -9999.0 -9999.0 -9999.0 -9999.0 -9999.0 -9999.0 -9999.0 -9999.0 -9999.0 -9999.0 -9999.0 -9999.0 -9999.0 -9999.0 -9999.0 -9999.0 -9999.0 -9999.0 -9999.0 -9999.0 -9999.0 -9999.0 -9999.0 -9999.0 -9999.0 -9999.0 -9999.0 -9999.0 -9999.0 -9999.0 -9999.0 -9999.0 -9999.0 -9999.0 -9999.0 -9999.0 -9999.0 -9999.0 -9999.0 -9999.0 -9999.0 -9999.0 -9999.0 -9999.0 -9999.0 -9999.0 -9999.0 -9999.0 -9999.0 -9999.0 -9999.0 -9999.0 -9999.0 -9999.0 -9999.0 -9999.0 -9999.0 -9999.0 -9999.0 -9999.0 -9999.0 -9999.0 -9999.0
-9999.0 -9999.0 -9999.0 -9999.0 -9999.0 -9999.0 -9999.0 -9999.0 -9999.0 -9999.0 -9999.0 -9999.0 -9999.0 -9999.0 -9999.0 -9999.0 -9999.0 -9999.0 -9999.0 -9999.0 -9999.0 -9999.0 -9999.0 -9999.0 -9999.0 -9999.0 -9999.0 -9999.0 -9999.0 -9999.0 -9999.0 -9999.0 -9999.0 -9999.0 -9999.0 -9999.0 -9999.0 -9999.0 -9999.0 -9999.0 -9999.0 -9999.0 -9999.0 -9999.0 -9999.0 -9999.0 -9999.0 -9999.0 -9999.0 -9999.0 -9999.0 -9999.0 -9999.0 -9999.0 -9999.0 -9999.0 -9999.0 -9999.0 -9999.0 -9999.0 -9999.0 -9999.0 -9999.0 -9999.0 -9999.0 -9999.0 -9999.0 -9999.0 -9999.0 -9999.0 -9999.0 -9999.0 -9999.0 -9999.0 -9999.0 -9999.0 -9999.0 -9999.0 -9999.0 -9999.0
-9999.0 -9999.0 -9999.0 -9999.0 -9999.0 -9999.0 -9999.0 -9999.0 -9999.0 -9999.0 -9999.0 -9999.0 -9999.0 -9999.0 -9999.0 -9999.0 -9999.0 -9999.0 -9999.0 -9999.0 -489.383995 -488.082265 -490.088286 -492.207404 -494.181652 -494.604406 -492.520908 -490.443537 -487.981434 -487.770164 -490.311485 -489.421090 -490.537284 -491.392171 -491.662404 -490.956942 -490.549770 -489.842997 -489.499317 -489.940480 -490.646923 -491.036066 -491.618673 -491.640180 -490.678669 -491.925328 -490.275206 -488.904816 -488.589898 -488.199508 -489.614467 -489.984474 -490.051601 -492.171465 -488.407007 -487.752713 -485.567327 -485.579252 -484.813686 -487.232022 -489.638730 -9999.0 -9999.0 -9999.0 -9999.0 -9999.0 -9999.0 -9999.0 -9999.0 -9999.0 -9999.0 -9999.0 -9999.0 -9999.0 -9999.0 -9999.0 -9999.0 -9999.0 -9999.0 -9999.0
-9999.0 -9999.0 -9999.0 -9999.0 -9999.0 -9999.0 -9999.0 -9999.0 -9999.0 -9999.0 -9999.0 -9999.0 -9999.0 -9999.0 -491.492051 -492.853130 -493.537142 -494.294919 -492.414977 -491.227471 -491.736028 -493.147942 -491.657708 -494.096207 -496.372439 -495.052562 -493.620688 -492.974982 -491.328986 -489.929994 -491.572696 -491.991140 -491.335445 -488.561926 -487.589815 -488.383611 -492.448825 -488.730944 -487.418138 -486.581994 -486.702519 -488.558892 -486.362325 -483.765086 -485.315369 -488.084359 -487.309978 -485.902291 -483.389841 -483.821012 -492.403377 -492.247126 -491.370013 -490.677254 -491.850003 -492.869306 -489.163251 -490.061542 -490.413641 -490.264861 -491.612079 -494.593603 -496.121510 -492.584810 -490.284080 -484.741356 -9999.0 -9999.0 -9999.0 -9999.0 -9999.0 -9999.0 -9999.0 -9999.0 -9999.0 -9999.0 -9999.0 -9999.0 -9999.0 -9999.0
-9999.0 -9999.0 -9999.0 -9999.0 -9999.0 -9999.0 -9999.0 -9999.0 -9999.0 -492.733659 -493.267097 -492.968016 -494.114003 -493.046271 -495.484514 -495.090641 -495.783268 -494.505579 -493.957529 -492.562605 -490.106901 -492.432058 -492.803809 -491.445834 -491.734007 -491.759696 -491.319042 -487.892586 -484.620306 -477.864711 -484.848988 -485.191757 -482.905577 -472.606305 -458.066733 -455.182883 -460.298049 -460.654968 -454.177192 -446.894104 -447.807660 -448.689279 -441.322607 -437.682784 -434.867331 -440.856147 -446.582072 -447.823008 -438.120921 -453.862690 -470.054964 -484.372824 -481.262808 -485.180198 -489.414099 -490.583392 -491.568821 -487.353511 -488.445991 -491.311394 -493.635085 -491.835263 -493.566110 -491.907191 -491.473770 -487.476260 -484.241629 -480.829422 -480.671016 -482.995805 -9999.0 -9999.0 -9999.0 -9999.0 -9999.0 -9999.0 -9999.0 -9999.0 -9999.0 -9999.0
-9999.0 -9999.0 -9999.0 -9999.0 -9999.0 -9999.0 -494.132730 -494.468994 -493.868302 -496.993117 -495.358380 -497.007182 -495.942647 -495.776823 -495.318786 -495.845821 -494.364763 -493.419825 -491.620548 -489.244887 -486.753791 -489.149848 -488.693254 -485.109145 -478.648452 -468.715095 -463.013802 -455.002705 -431.379908 -414.693960 -406.588037 -403.416294 -395.555790 -250.456360 -2.002280 0.052067 0.034866 0.021705 0.032180 0.054156 0.058508 0.045409 0.050199 0.048485 0.085507 0.072083 0.046069 0.045510 0.046202 0.038038 -62.110821 -391.518814 -420.833828 -437.156025 -458.777824 -472.819084 -478.324013 -474.279065 -478.851874 -485.567607 -489.236468 -488.364300 -488.752544 -490.545092 -489.588617 -488.219661 -485.824758 -484.137399 -485.245540 -486.478321 -486.897663 -489.720844 -489.101579 -486.286488 -9999.0 -9999.0 -9999.0 -9999.0 -9999.0 -9999.0
-9999.0 -9999.0 -9999.0 -9999.0 -498.017733 -496.809812 -500.744801 -498.756527 -497.463627 -496.701992 -497.425489 -495.978642 -496.139985 -495.421304 -493.467134 -492.722842 -490.220591 -488.939843 -483.408862 -472.082727 -455.185307 -447.056517 -444.475815 -422.718820 -375.025706 -50.072541 0.019202 0.033416 0.041078 0.068218 0.089193 0.082764 0.091051 0.116081 0.173153 0.510794 0.217378 0.180229 0.215081 0.229200 0.561944 0.478409 0.562244 0.426408 0.608424 1.396072 0.280930 0.193434 0.196111 0.198288 0.143304 0.070948 0.059017 0.054013 0.043135 -35.692437 -373.078485 -403.180065 -429.932533 -446.016219 -466.167102 -474.052729 -478.861336 -481.299676 -485.700615 -484.321633 -482.495526 -484.571621 -487.048945 -489.437737 -489.021238 -489.976961 -491.804022 -487.813933 -487.072043 -483.260775 -9999.0 -9999.0 -9999.0 -9999.0
-9999.0 -9999.0 -497.615619 -498.085085 -495.136587 -497.598016 -499.051542 -501.097830 -500.797306 -498.351441 -494.053835 -493.583540 -491.589422 -491.109293 -485.492286 -470.290784 -449.072487 -436.754775 -414.532965 -332.790538 -31.877931 0.034712 0.039717 0.051069 0.075047 0.137971 0.169647 0.200589 0.244422 1.094665 25.388653 42.253442 44.430655 41.386692 38.788401 37.820793 35.492483 32.303166 15.537686 13.510454 20.548132 22.742735 26.006354 14.046412 10.226420 22.500730 24.646737 25.389029 27.438282 36.240660 45.516934 18.253695 0.212671 0.218647 0.251143 0.133012 0.077144 0.061954 0.067547 0.041662 -62.492261 -387.025791 -423.308379 -443.377328 -463.099827 -468.776371 -476.960138 -481.351294 -485.366193 -489.593493 -490.344879 -490.587837 -489.378173 -490.343995 -488.334025 -487.194504 -484.933597 -484.305775 -9999.0 -9999.0
-9999.0 -497.988801 -499.785702 -494.744546 -495.192497 -495.085092 -494.945864 -494.762356 -493.982069 -497.010738 -485.983595 -463.989069 -443.848847 -438.721164 -418.938541 -134.325137 0.010157 0.046725 0.060748 0.087456 0.140372 0.220206 0.334292 24.744766 45.833558 42.144972 38.116619 37.432641 28.420481 21.280885 11.113589 19.019967 19.246401 3.945411 0.313331 0.449241 0.408579 0.242230 0.177794 0.141509 0.161817 0.355608 0.214836 0.155281 0.128153 0.189329 0.361490 0.206677 0.134563 0.185595 0.301449 0.648935 16.529583 30.706768 49.113178 28.731256 0.447799 0.211361 0.220616 0.171159 0.111912 0.067709 0.040795 -44.856218 -373.630408 -427.427886 -452.917844 -466.071726 -477.267273 -480.924503 -482.801525 -488.976222 -489.935547 -487.708637 -488.529344 -488.577590 -487.734360 -487.173119 -9999.0 -9999.0
-9999.0 -503.780314 -498.852379 -494.515728 -490.287201 -492.867586 -473.762506 -455.753375 -452.170878 -462.890402 -426.756289 -25.631800 0.073336 0.053147 0.086685 0.188265 11.123203 32.772850 44.806732 37.021664 29.953331 32.257969 27.433427 18.893162 5.498908 0.569392 0.745638 0.676059 0.340794 0.259265 0.192041 0.276498 0.195240 0.124721 0.091180 0.086170 0.092098 0.080374 0.061910 0.051641 0.038333 0.079204 0.057450 0.043924 0.036067 0.050654 0.093355 0.060183 0.054442 0.067098 0.093225 0.131762 0.150630 0.178563 0.227356 1.047279 18.658026 38.061322 43.521782 20.515763 0.321078 0.179896 0.159618 0.106732 0.056434 -21.651569 -299.402217 -399.534041 -430.908459 -448.133648 -464.011550 -474.361847 -482.945694 -483.367796 -487.779690 -487.219084 -9999.0 -9999.0 -9999.0 -9999.0
-9999.0 -503.906475 -499.300609 -490.612060 -472.427311 -445.368019 -71.012838 0.049885 0.076801 0.147822 0.315505 36.267270 42.544813 27.025696 1.136024 0.474523 1.827925 3.651274 0.712001 0.360691 0.303419 0.321098 0.365565 0.290026 0.245575 0.218318 0.210233 0.208229 0.147393 0.120215 0.081879 0.083700 0.056371 -48.426650 -333.811078 -388.203431 -420.409360 -422.341206 -427.368922 -438.097869 -442.909506 -446.805343 -441.516384 -443.158896 -443.843972 -440.957397 -434.014807 -429.727560 -413.282225 -391.025977 -278.247996 -14.370915 0.039986 0.061954 0.083439 0.130900 0.162787 0.188068 0.332048 21.237284 40.456656 33.860183 5.696697 0.261992 0.149242 0.110497 0.091662 0.052726 0.025721 -64.390186 -379.652991 -424.356929 -453.666388 -471.344479 -476.476963 -9999.0 -9999.0 -9999.0 -9999.0 -9999.0
-9999.0 -511.806312 -498.699293 -491.971241 -456.678136 -81.174653 0.058047 0.280183 24.777451 0.271340 0.116047 0.153636 0.302578 0.324325 0.178026 0.182477 0.148344 0.133239 0.228404 0.120342 0.089276 0.078155 0.112327 0.090816 0.075728 0.071672 0.072362 0.063342 0.029540 -59.408987 -401.488211 -413.590328 -439.815120 -459.128677 -472.671682 -479.776657 -486.868509 -486.216746 -482.908834 -485.161369 -487.490620 -490.492121 -487.039838 -485.763433 -484.269866 -486.443051 -486.467272 -482.485945 -476.127332 -470.366363 -460.067317 -440.202032 -424.669699 -396.568145 -338.885071 -33.306007 0.039745 0.058912 0.104405 0.182923 0.236985 0.478074 31.979121 49.432021 12.505543 0.251608 0.211473 0.179091 0.126864 0.096370 0.056344 -19.834722 -349.301119 -9999.0 -9999.0 -9999.0 -9999.0 -9999.0 -9999.0 -9999.0
-9999.0 -516.024501 -501.513816 -500.696604 -487.827355 -461.776788 -422.753774 -334.536407 0.000468 0.026614 0.039103 0.047683 0.058466 0.093619 0.057400 0.038506 0.023195 0.030812 0.000165 -227.838422 -369.477651 -388.703397 -388.274002 -393.752375 -411.398683 -419.166306 -423.253089 -431.460024 -443.098933 -458.691233 -477.954410 -485.549508 -490.770614 -491.890412 -492.854864 -493.992272 -497.609298 -495.114550 -493.483900 -493.827559 -494.970993 -496.014139 -493.221083 -492.596948 -491.797385 -494.735468 -493.041111 -492.162524 -489.567202 -487.275773 -483.843483 -478.169884 -470.188313 -465.305162 -462.112039 -448.459166 -434.234242 -404.978332 -65.925817 0.042128 0.086887 0.119473 0.177136 0.263883 0.317211 9.800113 19.097371 2.231506 0.278774 0.242242 0.208641 -9999.0 -9999.0 -9999.0 -9999.0 -9999.0 -9999.0 -9999.0 -9999.0 -9999.0
-9999.0 -9999.0 -519.086491 -513.479592 -508.785309 -504.700618 -499.122207 -493.925451 -485.842553 -477.673315 -466.398774 -453.816249 -446.126110 -442.517756 -447.608629 -458.656076 -465.331647 -464.625820 -466.693507 -473.478458 -479.189848 -479.933770 -480.860241 -481.389893 -483.278698 -483.971296 -484.112893 -484.520610 -485.765716 -489.570435 -492.523919 -494.396639 -497.112841 -496.289594 -496.491965 -497.537639 -496.168211 -496.477552 -496.202652 -496.435114 -496.150800 -495.652544 -495.246655 -494.546697 -494.723967 -494.536429 -494.461504 -493.877025 -493.041882 -492.091217 -489.609007 -485.584008 -482.693237 -482.244495 -484.525927 -483.986452 -481.745428 -476.604475 -454.187080 -423.576518 -327.171607 -25.870182 0.054011 0.096569 0.117115 0.134614 0.204112 1.227174 1.439986 0.416596 -9999.0 -9999.0 -9999.0 -9999.0 -9999.0 -9999.0 -9999.0 -9999.0 -9999.0 -9999.0
-9999.0 -9999.0 -9999.0 -9999.0 -521.670787 -513.645138 -506.073573 -507.323861 -502.193782 -499.705463 -497.794651 -495.444369 -493.584122 -492.155124 -494.446939 -494.593988 -494.782226 -494.249153 -494.584540 -495.111342 -495.152706 -495.337271 -495.491904 -495.934955 -495.595105 -495.011120 -494.770704 -495.552704 -495.135536 -496.569839 -496.254780 -496.844296 -497.474167 -498.506853 -498.049194 -498.106392 -497.478787 -498.102376 -497.182212 -497.859999 -497.253570 -497.103453 -496.494980 -495.378703 -496.184383 -495.541996 -495.698393 -494.969375 -495.251524 -493.644090 -490.877693 -487.664497 -485.564113 -485.892413 -489.407647 -490.526170 -491.587974 -489.775442 -487.285358 -480.797095 -462.422647 -437.562067 -407.855569 -338.289908 -39.114075 0.036428 0.086644 0.172537 -9999.0 -9999.0 -9999.0 -9999.0 -9999.0 -9999.0 -9999.0 -9999.0 -9999.0 -9999.0 -9999.0 -9999.0
-9999.0 -9999.0 -9999.0 -9999.0 -9999.0 -9999.0 -517.995210 -513.929702 -515.380060 -512.503569 -510.083280 -508.379349 -505.506223 -506.218755 -505.327896 -502.745035 -503.056535 -504.188557 -505.695426 -503.377579 -502.365723 -502.048042 -504.489529 -503.683795 -503.422996 -502.479218 -502.579578 -502.031879 -504.100434 -501.347708 -499.949075 -500.225514 -500.476437 -499.810461 -500.317422 -498.626675 -498.423861 -499.745203 -500.191447 -498.368666 -497.969799 -498.404323 -498.262569 -497.275130 -495.675611 -495.591574 -496.541657 -497.958953 -496.684925 -493.591948 -490.543114 -488.135342 -486.610079 -485.824597 -488.426826 -492.274025 -494.242861 -494.870573 -493.907746 -492.072773 -486.011851 -482.269672 -479.487280 -476.496534 -466.698198 -435.840546 -9999.0 -9999.0 -9999.0 -9999.0 -9999.0 -9999.0 -9999.0 -9999.0 -9999.0 -9999.0 -9999.0 -9999.0 -9999.0 -9999.0
-9999.0 -9999.0 -9999.0 -9999.0 -9999.0 -9999.0 -9999.0 -9999.0 -9999.0 -9999.0 -9999.0 -9999.0 -9999.0 -9999.0 -9999.0 -9999.0 -9999.0 -9999.0 -9999.0 -9999.0 -9999.0 -9999.0 -9999.0 -9999.0 -9999.0 -9999.0 -9999.0 -9999.0 -9999.0 -9999.0 -9999.0 -9999.0 -9999.0 -9999.0 -9999.0 -9999.0 -9999.0 -9999.0 -9999.0 -9999.0 -9999.0 -9999.0 -9999.0 -9999.0 -9999.0 -9999.0 -9999.0 -9999.0 -9999.0 -9999.0 -9999.0 -9999.0 -9999.0 -9999.0 -9999.0 -9999.0 -9999.0 -9999.0 -9999.0 -9999.0 -9999.0 -9999.0 -9999.0 -9999.0 -9999.0 -9999.0 -9999.0 -9999.0 -9999.0 -9999.0 -9999.0 -9999.0 -9999.0 -9999.0 -9999.0 -9999.0 -9999.0 -9999.0 -9999.0 -9999.0
-9999.0 -9999.0 -9999.0 -9999.0 -9999.0 -9999.0 -9999.0 -9999.0 -9999.0 -9999.0 -9999.0 -9999.0 -9999.0 -9999.0 -9999.0 -9999.0 -9999.0 -9999.0 -9999.0 -9999.0 -9999.0 -9999.0 -9999.0 -9999.0 -9999.0 -9999.0 -9999.0 -9999.0 -9999.0 -9999.0 -9999.0 -9999.0 -9999.0 -9999.0 -9999.0 -9999.0 -9999.0 -9999.0 -9999.0 -9999.0 -9999.0 -9999.0 -9999.0 -9999.0 -9999.0 -9999.0 -9999.0 -9999.0 -9999.0 -9999.0 -9999.0 -9999.0 -9999.0 -9999.0 -9999.0 -9999.0 -9999.0 -9999.0 -9999.0 -9999.0 -9999.0 -9999.0 -9999.0 -9999.0 -9999.0 -9999.0 -9999.0 -9999.0 -9999.0 -9999.0 -9999.0 -9999.0 -9999.0 -9999.0 -9999.0 -9999.0 -9999.0 -9999.0 -9999.0 -9999.0