Borden_/Borden1m_014/output_maps/psiliqL0022N0030.asc
ncols         80
nrows         18
xllcorner     620200.000000
yllcorner     5168000.000000
cellsize      1.000000
NODATA_value  -9999.0
-9999.0 -9999.0 -9999.0 -9999.0 -9999.0 -9999.0 -9999.0 -9999.0 -9999.0 -9999.0 -9999.0 -9999.0 -9999.0 -9999.0 -9999.0 -9999.0 -9999.0 -9999.0 -9999.0 -9999.0 -9999.0 -9999.0 -9999.0 -9999.0 -9999.0 -9999.0 -9999.0 -9999.0 -9999.0 -9999.0 -9999.0 -9999.0 -9999.0 -9999.0 -9999.0 -9999.0 -9999.0 -9999.0 -9999.0 -9999.0 -9999.0 -9999.0 -9999.0 -9999.0 -9999.0 -9999.0 -9999.0 -9999.0 -9999.0 -9999.0 -9999.0 -9999.0 -9999.0 -9999.0 -9999.0 -9999.0 -9999.0 -9999.0 -9999.0 -9999.0 -9999.0 -9999.0 -9999.0 -9999.0 -9999.0 -9999.0 -9999.0 -9999.0 -9999.0 -9999.0 -9999.0 -9999.0 -9999.0 -9999.0 -9999.0 -9999.0 -9999.0 -9999.0 -9999.0 -9999.0
-9999.0 -9999.0 -9999.0 -9999.0 -9999.0 -9999.0 -9999.0 -9999.0 -9999.0 -9999.0 -9999.0 -9999.0 -9999.0 -9999.0 -9999.0 -9999.0 -9999.0 -9999.0 -9999.0 -9999.0 -9999.0 -9999.0 -9999.0 -9999.0 -9999.0 -9999.0 -9999.0 -9999.0 -9999.0 -9999.0 -9999.0 -9999.0 -9999.0 -9999.0 -9999.0 -9999.0 -9999.0 -9999.0 -9999.0 -9999.0 -9999.0 -9999.0 -9999.0 -9999.0 -9999.0 -9999.0 -9999.0 -9999.0 -9999.0 -9999.0 -9999.0 -9999.0 -9999.0 -9999.0 -9999.0 -9999.0 -9999.0 -9999.0 -9999.0 -9999.0 -9999.0 -9999.0 -9999.0 -9999.0 -9999.0 -9999.0 -9999.0 -9999.0 -9999.0 -9999.0 -9999.0 -9999.0 -9999.0 -9999.0 -9999.0 -9999.0 -9999.0 -9999.0 -9999.0 -9999.0
-9999.0 -9999.0 -9999.0 -9999.0 -9999.0 -9999.0 -9999.0 -9999.0 -9999.0 -9999.0 -9999.0 -9999.0 -9999.0 -9999.0 -9999.0 -9999.0 -9999.0 -9999.0 -9999.0 -9999.0 2556.607394 2558.959509 2538.529948 2506.299626 2480.144078 2484.262713 2519.988207 2563.070054 2604.172871 2614.832627 2598.446442 2603.844759 2601.026295 2598.597103 2600.766837 2609.483001 2616.960383 2627.935525 2636.697399 2636.609742 2631.288451 2627.590676 2630.246248 2632.544721 2638.097197 2623.790375 2637.645413 2651.332343 2653.678126 2647.326270 2619.757912 2603.808628 2592.381130 2573.751614 2596.722565 2605.883421 2625.640446 2627.444262 2623.444402 2595.414799 2564.532672 -9999.0 -9999.0 -9999.0 -9999.0 -9999.0 -9999.0 -9999.0 -9999.0 -9999.0 -9999.0 -9999.0 -9999.0 -9999.0 -9999.0 -9999.0 -9999.0 -9999.0 -9999.0 -9999.0
-9999.0 -9999.0 -9999.0 -9999.0 -9999.0 -9999.0 -9999.0 -9999.0 -9999.0 -9999.0 -9999.0 -9999.0 -9999.0 -9999.0 2461.655634 2453.845388 2452.793990 2462.398333 2497.016132 2528.556067 2540.481627 2534.357203 2535.842516 2513.401320 2493.443575 2508.811445 2540.657673 2573.326680 2609.366344 2630.136765 2621.467819 2621.136318 2630.709720 2654.330847 2665.175506 2662.896948 2645.195588 2671.043700 2686.661121 2694.175275 2694.504003 2686.625455 2697.349213 2712.002958 2704.482900 2687.538667 2695.147895 2706.965702 2715.536554 2702.582920 2638.774687 2621.418164 2614.654852 2606.726970 2590.507279 2583.710589 2608.692550 2605.164844 2595.123927 2575.884308 2541.461910 2495.883087 2475.380057 2513.280676 2555.035782 2609.500657 -9999.0 -9999.0 -9999.0 -9999.0 -9999.0 -9999.0 -9999.0 -9999.0 -9999.0 -9999.0 -9999.0 -9999.0 -9999.0 -9999.0
-9999.0 -9999.0 -9999.0 -9999.0 -9999.0 -9999.0 -9999.0 -9999.0 -9999.0 2398.850109 2405.400128 2414.223293 2418.753324 2435.982658 2434.145300 2442.951072 2450.160725 2479.579428 2511.589371 2547.424666 2576.098799 2569.619269 2570.342132 2578.210827 2577.908209 2589.637676 2613.116108 2655.196685 2690.430264 2730.272369 2701.200164 2699.581215 2719.542261 2764.142318 2791.303824 2795.527135 2777.974409 2793.452958 2819.095414 2838.810099 2838.418992 2835.164528 2860.212930 2874.940675 2870.465051 2848.323348 2843.041390 2846.079449 2871.316300 2817.614166 2748.582097 2703.238260 2711.912222 2686.097219 2653.330554 2635.040371 2632.002451 2650.048680 2634.214319 2595.739115 2559.864766 2546.186163 2526.615898 2543.694022 2564.128918 2607.386787 2644.575626 2671.241275 2668.299561 2649.354428 -9999.0 -9999.0 -9999.0 -9999.0 -9999.0 -9999.0 -9999.0 -9999.0 -9999.0 -9999.0
-9999.0 -9999.0 -9999.0 -9999.0 -9999.0 -9999.0 2317.247113 2328.786048 2351.179680 2356.012008 2384.070894 2392.084072 2414.227888 2434.753894 2458.849756 2475.560145 2505.088387 2538.693149 2578.036266 2619.892010 2653.018105 2645.632383 2656.801154 2680.677389 2713.912850 2738.987740 2765.611874 2807.260185 2810.886413 2847.395314 2844.422847 2846.741855 2855.946968 2906.195568 2970.328961 2982.345655 2962.193499 2948.894776 2971.267672 3007.840629 3007.944211 3007.154240 2990.759343 3000.560437 3027.104347 3017.689624 3009.551336 3001.929230 3006.172702 2985.447890 2919.011166 2859.838479 2837.296966 2858.554908 2774.060179 2724.188720 2738.895948 2760.024283 2732.372730 2679.351304 2639.180704 2628.599910 2612.611751 2600.045815 2607.225457 2625.300505 2644.861436 2654.077611 2638.493428 2614.868816 2590.729470 2560.669620 2561.588020 2585.678448 -9999.0 -9999.0 -9999.0 -9999.0 -9999.0 -9999.0
-9999.0 -9999.0 -9999.0 -9999.0 2265.120034 2279.396295 2267.286167 2295.299101 2329.998521 2366.340402 2397.825266 2434.788361 2462.889450 2494.267869 2532.525850 2561.956367 2600.839028 2635.630002 2688.952788 2756.214628 2806.689921 2827.209032 2841.547866 2822.315588 2879.262641 2928.315928 2948.015363 2973.996905 2988.942088 3044.270571 3066.969599 3070.524702 3087.433541 3127.942757 3181.006055 3209.816917 3192.649952 3184.197820 3192.840511 3205.884736 3227.997541 3228.119375 3228.848312 3232.283761 3238.985434 3237.867824 3213.086292 3180.419667 3173.265128 3163.782758 3129.016917 3058.949325 3027.165773 3000.803372 2989.896610 2936.767962 2883.911786 2879.598551 2825.520101 2834.729586 2776.447311 2759.121132 2730.503347 2706.518491 2681.359685 2684.494298 2687.680889 2665.335476 2629.755727 2595.245293 2578.853406 2558.672702 2545.694569 2575.049046 2591.396710 2620.260127 -9999.0 -9999.0 -9999.0 -9999.0
-9999.0 -9999.0 2203.070113 2250.634484 2309.486516 2318.770913 2317.231431 2324.239178 2354.821928 2408.735979 2480.022732 2524.962492 2562.509501 2598.432478 2658.529567 2729.294416 2797.513869 2844.877468 2834.490577 2903.288290 2963.372601 2991.790679 3002.721528 3009.014329 3061.673188 3127.394527 3154.293904 3179.787778 3203.959119 3238.238756 3235.975695 3247.571075 3258.716003 3268.392221 3280.503075 3286.032908 3281.702494 3277.221582 3259.054280 3254.385283 3260.972341 3267.907386 3267.733889 3253.476684 3249.536908 3264.104294 3269.568788 3267.960353 3266.127819 3271.593363 3269.612072 3224.539760 3201.131642 3186.897079 3182.705855 3137.908686 3073.002350 3039.229307 3019.714930 3008.204908 2934.264718 2892.407940 2849.779461 2812.470571 2821.850250 2796.041480 2751.366784 2709.170277 2661.362187 2613.458350 2588.500670 2570.413401 2567.251459 2565.564395 2581.226599 2595.198062 2609.714283 2617.052971 -9999.0 -9999.0
-9999.0 2094.708115 2166.774784 2291.310075 2372.008464 2414.998496 2435.409505 2449.526255 2480.948142 2516.935152 2613.622647 2682.056446 2772.154265 2815.213500 2864.519925 2884.990296 2977.116498 2994.117464 3029.853701 3089.564204 3152.053272 3192.302949 3217.758634 3205.845917 3242.570748 3266.220617 3272.348109 3277.898187 3276.337569 3267.976226 3260.859754 3267.754472 3265.162658 3246.605380 3231.118963 3229.587092 3226.317869 3203.626213 3182.225841 3167.421027 3169.707761 3188.083665 3180.991702 3160.282859 3156.008297 3176.902019 3191.543612 3181.236484 3174.165327 3184.689498 3218.396807 3241.566387 3245.380411 3263.166902 3284.100327 3256.248133 3232.907767 3190.853068 3180.375651 3155.633006 3100.266072 3045.506113 2998.210165 2974.997242 2919.836182 2866.294315 2815.103189 2798.276235 2733.475985 2691.786237 2661.103826 2612.960765 2594.605072 2597.092306 2588.310483 2584.708491 2589.279098 2594.983601 -9999.0 -9999.0
-9999.0 2003.686922 2144.281639 2325.612962 2473.324385 2524.258167 2603.640588 2673.867642 2699.012994 2658.790351 2768.553613 2925.268133 3015.447579 3030.002546 3101.666838 3185.974459 3178.553534 3207.944211 3229.444357 3249.061060 3264.952804 3277.040368 3274.767250 3268.984319 3252.955491 3245.062850 3244.382200 3242.426811 3225.549880 3207.054321 3190.589096 3187.990330 3176.627844 3130.223289 3097.863481 3081.404017 3064.668088 3050.391277 3022.456373 2998.204060 3010.075162 2995.301563 2991.938829 3004.544900 3000.313239 2991.952466 3022.275811 3018.136950 3027.802944 3046.999777 3082.443377 3119.368701 3138.124248 3166.581109 3195.498760 3241.125512 3251.614863 3273.588332 3277.088484 3264.145716 3219.512910 3175.490466 3146.519147 3092.353774 3032.932992 2996.279311 2944.103073 2895.522374 2837.164383 2799.742882 2774.448411 2717.966578 2669.440377 2653.698063 2615.512461 2597.833298 -9999.0 -9999.0 -9999.0 -9999.0
-9999.0 1909.211737 2091.820049 2338.190071 2629.771304 2719.258608 2895.373711 2996.400405 3036.216144 3100.475285 3011.115185 3188.119987 3232.439576 3225.368939 3233.585609 3235.487883 3248.862414 3248.699682 3243.673498 3233.003715 3223.886352 3219.677492 3218.472657 3210.652081 3198.237298 3183.932949 3178.163844 3167.213048 3131.890174 3100.707783 3063.712461 3051.665462 3011.673345 2947.803250 2907.844175 2870.135625 2811.176424 2811.099625 2815.035699 2855.564815 2836.407884 2808.661681 2835.607735 2846.653532 2851.042415 2848.514943 2861.694041 2821.363634 2867.021103 2901.902600 2942.404245 2990.356696 2992.417568 3030.821762 3071.000737 3122.689398 3152.603484 3181.039075 3221.898549 3258.374881 3280.609011 3267.873764 3247.507102 3205.148947 3151.669656 3102.758178 3074.064641 3024.422442 2996.472300 2950.360471 2902.851697 2848.872278 2801.944977 2737.380295 2698.469816 -9999.0 -9999.0 -9999.0 -9999.0 -9999.0
-9999.0 1700.779511 1966.074524 2239.989074 2529.670742 2848.414841 2991.212579 3089.691564 3150.130008 3124.719606 3140.142192 3148.941103 3180.365740 3186.333452 3169.821442 3157.560336 3141.611779 3140.546541 3153.458535 3126.885442 3097.625157 3084.789584 3085.493816 3074.710173 3051.530439 3036.560980 3027.226932 3010.510285 2993.713120 2943.769307 2860.815734 2828.884381 2816.272422 2770.851517 2729.288567 2678.806729 2628.270382 2629.879007 2651.570832 2639.993810 2618.362906 2600.366481 2628.842832 2650.705545 2664.482367 2650.727451 2659.377777 2694.400309 2744.324798 2789.433563 2838.845870 2825.441186 2866.603093 2908.221444 2932.891538 2975.529824 2988.596791 3029.308935 3098.159950 3173.593920 3201.638647 3234.935980 3265.210496 3286.378954 3244.434800 3216.877861 3194.066312 3175.175791 3129.511695 3084.681719 3044.322530 2981.828724 2934.607129 -9999.0 -9999.0 -9999.0 -9999.0 -9999.0 -9999.0 -9999.0
-9999.0 1583.846709 1785.763755 1990.270277 2252.611186 2488.613072 2707.856649 2810.608573 2842.048712 2900.656387 2948.217791 2984.251781 2988.469014 3009.049917 2986.771020 2968.342436 2937.646839 2942.233065 2934.886341 2912.903282 2884.664629 2871.001805 2868.340382 2862.752221 2840.577093 2829.090730 2821.969591 2866.966344 2837.660442 2781.179073 2703.880392 2626.752900 2569.820156 2544.329295 2517.398128 2486.931176 2456.565813 2467.390590 2478.119600 2477.136240 2468.996652 2467.874401 2496.768131 2515.779529 2525.903356 2515.632221 2535.325039 2561.125460 2601.671291 2646.360116 2695.823835 2749.692226 2803.632523 2831.268358 2842.130149 2862.821686 2823.573339 2869.145610 2947.823458 3004.432504 3078.309896 3122.554988 3171.891297 3204.283109 3230.588166 3258.434563 3278.209374 3269.223045 3244.506124 3212.237432 3158.195514 -9999.0 -9999.0 -9999.0 -9999.0 -9999.0 -9999.0 -9999.0 -9999.0 -9999.0
-9999.0 -9999.0 1557.596287 1718.606488 1829.956591 1998.740095 2144.867195 2255.023822 2354.646314 2490.585103 2610.036948 2704.390756 2751.572342 2770.252560 2758.622423 2731.584096 2713.984762 2714.020235 2702.808047 2694.576748 2677.651715 2670.466705 2656.515649 2647.813585 2640.529342 2636.853488 2632.124380 2622.543388 2602.318897 2557.008523 2513.982026 2465.920443 2415.071257 2390.680329 2369.915818 2350.242488 2351.568015 2346.209892 2351.021866 2353.144152 2361.601174 2375.114139 2394.744145 2417.602896 2427.745872 2438.121987 2450.518382 2474.127560 2506.779904 2549.022866 2603.432581 2663.032164 2703.877282 2716.685578 2705.863430 2708.665592 2724.327148 2763.320060 2838.103195 2838.676977 2928.363088 2993.995299 3030.402227 3084.578113 3110.208523 3145.722337 3208.122065 3255.510049 3294.164652 3272.157113 -9999.0 -9999.0 -9999.0 -9999.0 -9999.0 -9999.0 -9999.0 -9999.0 -9999.0 -9999.0
-9999.0 -9999.0 -9999.0 -9999.0 1579.160543 1729.099606 1826.923302 1908.386700 2041.556521 2169.839277 2275.548642 2362.733024 2430.645004 2459.117396 2459.915921 2473.747796 2472.160578 2464.349383 2453.871148 2456.345920 2458.667866 2451.621136 2435.592060 2428.539874 2430.773219 2436.895385 2434.101179 2420.283510 2401.511132 2383.284014 2366.688654 2333.995380 2300.000100 2271.377217 2258.502821 2254.065255 2253.700268 2245.852825 2254.060291 2262.253095 2277.821215 2292.921752 2316.470492 2345.802428 2360.423361 2375.612187 2385.289783 2405.383059 2436.162069 2489.915555 2554.036381 2612.588334 2650.562142 2655.759947 2632.071611 2616.157542 2611.082924 2636.999197 2678.909403 2740.710942 2839.834891 2831.007707 2879.224492 2921.010414 2957.477234 2989.856388 3079.203599 3157.316141 -9999.0 -9999.0 -9999.0 -9999.0 -9999.0 -9999.0 -9999.0 -9999.0 -9999.0 -9999.0 -9999.0 -9999.0
-9999.0 -9999.0 -9999.0 -9999.0 -9999.0 -9999.0 1550.222987 1654.881058 1727.495718 1876.010842 2017.001066 2123.587121 2207.175086 2242.774452 2275.186546 2305.173893 2305.408796 2286.100964 2265.320662 2285.882388 2302.924018 2296.523671 2265.063686 2265.629842 2271.517794 2279.110914 2276.274068 2269.757688 2244.579636 2258.916290 2261.546888 2238.448136 2212.755029 2199.500596 2187.704732 2197.297849 2197.238692 2182.917502 2182.252956 2209.640511 2230.343224 2243.258004 2264.547381 2297.802267 2330.467491 2346.368041 2347.975399 2353.855715 2392.510029 2462.845210 2535.652763 2592.430610 2626.279682 2635.270845 2609.965720 2570.316168 2550.385357 2557.022453 2590.213533 2639.637727 2713.129039 2758.848330 2778.769539 2785.396227 2798.419440 2817.565639 -9999.0 -9999.0 -9999.0 -9999.0 -9999.0 -9999.0 -9999.0 -9999.0 -9999.0 -9999.0 -9999.0 -9999.0 -9999.0 -9999.0
-9999.0 -9999.0 -9999.0 -9999.0 -9999.0 -9999.0 -9999.0 -9999.0 -9999.0 -9999.0 -9999.0 -9999.0 -9999.0 -9999.0 -9999.0 -9999.0 -9999.0 -9999.0 -9999.0 -9999.0 -9999.0 -9999.0 -9999.0 -9999.0 -9999.0 -9999.0 -9999.0 -9999.0 -9999.0 -9999.0 -9999.0 -9999.0 -9999.0 -9999.0 -9999.0 -9999.0 -9999.0 -9999.0 -9999.0 -9999.0 -9999.0 -9999.0 -9999.0 -9999.0 -9999.0 -9999.0 -9999.0 -9999.0 -9999.0 -9999.0 -9999.0 -9999.0 -9999.0 -9999.0 -9999.0 -9999.0 -9999.0 -9999.0 -9999.0 -9999.0 -9999.0 -9999.0 -9999.0 -9999.0 -9999.0 -9999.0 -9999.0 -9999.0 -9999.0 -9999.0 -9999.0 -9999.0 -9999.0 -9999.0 -9999.0 -9999.0 -9999.0 -9999.0 -9999.0 -9999.0
-9999.0 -9999.0 -9999.0 -9999.0 -9999.0 -9999.0 -9999.0 -9999.0 -9999.0 -9999.0 -9999.0 -9999.0 -9999.0 -9999.0 -9999.0 -9999.0 -9999.0 -9999.0 -9999.0 -9999.0 -9999.0 -9999.0 -9999.0 -9999.0 -9999.0 -9999.0 -9999.0 -9999.0 -9999.0 -9999.0 -9999.0 -9999.0 -9999.0 -9999.0 -9999.0 -9999.0 -9999.0 -9999.0 -9999.0 -9999.0 -9999.0 -9999.0 -9999.0 -9999.0 -9999.0 -9999.0 -9999.0 -9999.0 -9999.0 -9999.0 -9999.0 -9999.0 -9999.0 -9999.0 -9999.0 -9999.0 -9999.0 -9999.0 -9999.0 -9999.0 -9999.0 -9999.0 -9999.0 -9999.0 -9999.0 -9999.0 -9999.0 -9999.0 -9999.0 -9999.0 -9999.0 -9999.0 -9999.0 -9999.0 -9999.0 -9999.0 -9999.0 -9999.0 -9999.0 -9999.0