Borden_/Borden1m_014/output_maps/psiliqL0016N0007.asc
ncols         80
nrows         18
xllcorner     620200.000000
yllcorner     5168000.000000
cellsize      1.000000
NODATA_value  -9999.0
-9999.0 -9999.0 -9999.0 -9999.0 -9999.0 -9999.0 -9999.0 -9999.0 -9999.0 -9999.0 -9999.0 -9999.0 -9999.0 -9999.0 -9999.0 -9999.0 -9999.0 -9999.0 -9999.0 -9999.0 -9999.0 -9999.0 -9999.0 -9999.0 -9999.0 -9999.0 -9999.0 -9999.0 -9999.0 -9999.0 -9999.0 -9999.0 -9999.0 -9999.0 -9999.0 -9999.0 -9999.0 -9999.0 -9999.0 -9999.0 -9999.0 -9999.0 -9999.0 -9999.0 -9999.0 -9999.0 -9999.0 -9999.0 -9999.0 -9999.0 -9999.0 -9999.0 -9999.0 -9999.0 -9999.0 -9999.0 -9999.0 -9999.0 -9999.0 -9999.0 -9999.0 -9999.0 -9999.0 -9999.0 -9999.0 -9999.0 -9999.0 -9999.0 -9999.0 -9999.0 -9999.0 -9999.0 -9999.0 -9999.0 -9999.0 -9999.0 -9999.0 -9999.0 -9999.0 -9999.0
-9999.0 -9999.0 -9999.0 -9999.0 -9999.0 -9999.0 -9999.0 -9999.0 -9999.0 -9999.0 -9999.0 -9999.0 -9999.0 -9999.0 -9999.0 -9999.0 -9999.0 -9999.0 -9999.0 -9999.0 -9999.0 -9999.0 -9999.0 -9999.0 -9999.0 -9999.0 -9999.0 -9999.0 -9999.0 -9999.0 -9999.0 -9999.0 -9999.0 -9999.0 -9999.0 -9999.0 -9999.0 -9999.0 -9999.0 -9999.0 -9999.0 -9999.0 -9999.0 -9999.0 -9999.0 -9999.0 -9999.0 -9999.0 -9999.0 -9999.0 -9999.0 -9999.0 -9999.0 -9999.0 -9999.0 -9999.0 -9999.0 -9999.0 -9999.0 -9999.0 -9999.0 -9999.0 -9999.0 -9999.0 -9999.0 -9999.0 -9999.0 -9999.0 -9999.0 -9999.0 -9999.0 -9999.0 -9999.0 -9999.0 -9999.0 -9999.0 -9999.0 -9999.0 -9999.0 -9999.0
-9999.0 -9999.0 -9999.0 -9999.0 -9999.0 -9999.0 -9999.0 -9999.0 -9999.0 -9999.0 -9999.0 -9999.0 -9999.0 -9999.0 -9999.0 -9999.0 -9999.0 -9999.0 -9999.0 -9999.0 1341.777479 1344.394531 1322.925140 1289.854501 1262.685221 1265.818357 1301.213263 1343.458202 1382.972021 1393.287267 1376.006914 1379.650511 1376.283728 1375.988466 1379.806381 1388.425965 1394.496068 1406.771278 1416.562870 1417.497764 1412.603656 1408.489069 1409.657422 1412.581820 1418.075624 1406.449439 1420.274220 1434.510360 1437.705355 1430.430922 1401.251484 1384.028040 1373.386463 1356.316167 1379.636058 1389.810645 1411.007697 1413.740805 1410.770684 1382.867481 1352.168083 -9999.0 -9999.0 -9999.0 -9999.0 -9999.0 -9999.0 -9999.0 -9999.0 -9999.0 -9999.0 -9999.0 -9999.0 -9999.0 -9999.0 -9999.0 -9999.0 -9999.0 -9999.0 -9999.0
-9999.0 -9999.0 -9999.0 -9999.0 -9999.0 -9999.0 -9999.0 -9999.0 -9999.0 -9999.0 -9999.0 -9999.0 -9999.0 -9999.0 1249.513646 1240.561101 1238.495612 1247.489835 1281.645233 1312.541409 1324.903635 1318.235709 1319.102832 1296.166675 1276.152646 1291.135438 1322.301169 1355.166213 1390.506425 1410.846899 1400.252921 1398.953350 1409.684308 1436.250097 1451.135958 1450.668125 1433.000996 1457.995722 1475.437098 1485.263566 1485.991074 1478.276446 1490.659186 1505.929521 1499.019260 1482.512421 1488.882361 1500.469315 1510.112578 1493.958579 1427.397906 1406.234204 1399.959476 1392.113000 1376.617075 1368.767952 1392.664306 1390.919601 1381.417930 1362.370528 1328.532093 1283.423017 1263.801824 1301.656893 1344.391234 1400.639682 -9999.0 -9999.0 -9999.0 -9999.0 -9999.0 -9999.0 -9999.0 -9999.0 -9999.0 -9999.0 -9999.0 -9999.0 -9999.0 -9999.0
-9999.0 -9999.0 -9999.0 -9999.0 -9999.0 -9999.0 -9999.0 -9999.0 -9999.0 1190.567010 1195.830490 1203.755892 1206.823730 1223.007795 1220.898749 1228.698799 1236.109316 1264.026835 1295.763085 1331.641100 1361.271899 1353.633827 1354.960951 1364.877464 1367.911258 1380.940493 1404.800495 1447.125519 1486.503884 1526.472698 1497.369955 1495.658136 1516.771555 1567.114365 1604.571809 1614.865962 1598.519142 1609.502851 1637.841747 1661.847368 1662.532364 1660.358046 1685.064209 1698.715074 1698.608411 1679.422394 1670.323090 1671.499689 1694.199918 1637.571089 1564.348694 1511.140595 1514.723524 1485.098507 1447.581145 1425.924727 1420.600936 1438.727555 1422.526775 1384.233876 1346.717439 1333.865041 1314.880311 1331.050110 1352.032986 1397.087680 1435.010937 1462.731872 1461.432737 1443.393686 -9999.0 -9999.0 -9999.0 -9999.0 -9999.0 -9999.0 -9999.0 -9999.0 -9999.0 -9999.0
-9999.0 -9999.0 -9999.0 -9999.0 -9999.0 -9999.0 1110.612785 1120.924700 1142.096693 1147.186981 1173.565588 1181.471388 1202.634486 1222.363060 1244.747725 1261.619316 1291.973795 1325.512322 1366.844515 1410.854088 1444.736578 1441.230635 1452.528161 1481.900305 1519.996466 1550.088273 1579.276950 1623.983260 1700.935991 1740.951787 1744.941298 1749.517833 1761.917556 1818.181122 1893.900156 1915.006088 1896.668853 1882.162189 1908.797853 1949.279223 1955.404607 1956.969543 1967.947990 1977.320294 2003.157215 1995.086023 1958.745738 1946.445985 1942.021629 1915.959892 1840.649998 1770.562707 1736.786109 1687.114423 1602.332558 1543.885188 1547.485341 1563.740826 1533.636024 1478.174864 1435.324601 1422.269121 1405.027928 1390.293769 1395.473180 1413.500646 1434.604248 1444.928646 1430.980348 1408.908072 1385.400494 1355.845689 1357.048894 1381.696615 -9999.0 -9999.0 -9999.0 -9999.0 -9999.0 -9999.0
-9999.0 -9999.0 -9999.0 -9999.0 1059.756112 1073.197650 1061.372394 1087.547856 1121.180641 1156.377926 1188.764177 1226.024269 1253.713920 1284.341264 1324.610369 1358.585401 1400.817451 1437.097408 1492.418775 1562.639654 1617.784769 1645.618668 1662.531237 1719.845048 1781.251315 1836.912189 1865.179690 1902.277977 1949.575496 2006.916140 2030.842932 2035.935374 2054.220764 2094.198986 2148.915337 2187.220285 2173.363941 2167.521735 2179.089425 2194.878999 2219.894138 2221.928055 2224.091990 2226.764686 2231.753552 2231.701532 2209.144081 2176.553967 2159.639140 2143.790292 2105.204135 2032.648524 1994.885490 1965.144188 1925.812044 1863.422577 1793.477012 1776.713078 1718.716222 1658.695501 1592.169066 1566.737920 1533.103982 1504.938367 1474.359653 1474.908246 1477.354211 1456.064576 1422.744244 1389.425792 1373.288544 1353.454602 1341.466988 1370.908967 1387.967814 1417.849294 -9999.0 -9999.0 -9999.0 -9999.0
-9999.0 -9999.0 999.715330 1048.217010 1105.697298 1114.909307 1115.517723 1122.387982 1152.093274 1205.453078 1280.720206 1330.892227 1372.529419 1406.698016 1466.148910 1545.002964 1618.883542 1669.261953 1731.187359 1805.587372 1875.811193 1918.061991 1938.254571 1976.835468 2030.061264 2093.809488 2124.801248 2156.626665 2190.080038 2222.279400 2228.997617 2240.932744 2249.161236 2254.204823 2263.672605 2269.022067 2267.567119 2265.820931 2252.150998 2252.020885 2261.094825 2267.940203 2269.854959 2256.886122 2253.115909 2266.801961 2271.128593 2269.663082 2266.616745 2269.311055 2267.145244 2225.527538 2192.024105 2177.014479 2163.140822 2113.161586 2045.864456 2006.002021 1983.307494 1935.974420 1849.097714 1791.288014 1735.832679 1682.519265 1627.034184 1594.778637 1547.713959 1505.088285 1457.999047 1410.574558 1385.498989 1366.087475 1362.452890 1361.441122 1377.122881 1392.052729 1407.177525 1414.851134 -9999.0 -9999.0
-9999.0 895.579481 967.885660 1093.710377 1173.906760 1218.351986 1248.770938 1271.454039 1301.666030 1330.659317 1435.236385 1522.519223 1613.650545 1651.189197 1701.045095 1800.553086 1901.506507 1951.706345 1992.231412 2051.832271 2117.139552 2170.322219 2201.178378 2208.993226 2243.649106 2259.917827 2265.925628 2272.478256 2270.417943 2261.705228 2251.568888 2255.920643 2250.169140 2229.436576 2213.292679 2211.900049 2209.994385 2190.787321 2167.646550 2156.898686 2161.693603 2186.355731 2175.113910 2155.166214 2151.299467 2171.536007 2190.124284 2180.254295 2166.411828 2181.326327 2212.548266 2233.857879 2244.656679 2262.196047 2281.362612 2253.227522 2225.663776 2185.715380 2166.945301 2136.532071 2074.981586 2011.026902 1951.272643 1881.636299 1808.417796 1736.651921 1671.893481 1610.428849 1544.032487 1500.848481 1466.997132 1414.485167 1392.131525 1393.112195 1383.980278 1380.779003 1386.556517 1392.728545 -9999.0 -9999.0
-9999.0 813.083011 954.978652 1138.506471 1286.347684 1343.871328 1443.204475 1522.863466 1551.683424 1523.609440 1634.141827 1859.758479 1968.019627 1986.331790 2056.861211 2144.818377 2161.842712 2195.723027 2219.457906 2233.619119 2246.861369 2261.228678 2262.415215 2258.766755 2246.004380 2240.239274 2240.775122 2239.237318 2221.620627 2200.270652 2180.055228 2172.678188 2149.182527 2098.255762 2061.337423 2043.717217 2030.461170 2016.774692 1990.595617 1968.557682 1956.192556 1972.861900 1967.723385 1951.764747 1947.567869 1967.784807 1997.539235 1992.025108 1998.584472 2017.649620 2055.146996 2095.693206 2122.392262 2154.855261 2191.528701 2235.408399 2251.536029 2275.067773 2279.928086 2261.738322 2217.222930 2164.548406 2128.840043 2063.366492 1987.588651 1903.802948 1835.515711 1772.415806 1701.482491 1649.719973 1596.069881 1531.988952 1474.662704 1451.829890 1412.534434 1393.456510 -9999.0 -9999.0 -9999.0 -9999.0
-9999.0 731.160895 917.833287 1173.172609 1450.837852 1558.528912 1766.452703 1899.092624 1957.128886 2029.092889 2000.662422 2160.212904 2204.740966 2201.490025 2200.790924 2202.170938 2214.975494 2216.856708 2213.685940 2206.078537 2200.908892 2200.700695 2202.311860 2197.382003 2187.728575 2175.124595 2163.061606 2150.117541 2110.068286 2071.104150 2029.775798 2010.731205 1964.762970 1862.627262 1812.703964 1773.918614 1718.441680 1716.775188 1716.247016 1691.848037 1674.765479 1654.660849 1677.935368 1683.411560 1685.559757 1686.637294 1700.842034 1723.366844 1766.337989 1801.466369 1846.513156 1903.911629 1947.358112 1995.125749 2042.201270 2099.783474 2137.416658 2171.621866 2220.370264 2259.386937 2283.032084 2272.123901 2246.381195 2201.219871 2132.298258 2068.361283 2022.291893 1952.988037 1886.806171 1822.901798 1762.154513 1693.171522 1617.956289 1538.596937 1497.395211 -9999.0 -9999.0 -9999.0 -9999.0 -9999.0
-9999.0 546.255745 812.884009 1097.311790 1406.151281 1737.390370 1877.850423 2003.551149 2076.954534 2052.743279 2070.626900 2098.324183 2144.705508 2154.126273 2132.353947 2117.675393 2098.193365 2093.418823 2104.695409 2079.606970 2053.311750 2043.155761 2045.496531 2036.565866 2016.208462 2001.963871 1991.243938 1969.593358 1916.113863 1854.061882 1764.676118 1729.957712 1650.487954 1591.542348 1544.662032 1494.472388 1445.459986 1446.815848 1466.934893 1454.786346 1434.209141 1416.780635 1444.030049 1462.297578 1474.316615 1461.653967 1469.279574 1503.488631 1551.002704 1593.357880 1642.524479 1698.626382 1748.541192 1798.844579 1833.947090 1890.454795 1948.214619 2000.529121 2076.874008 2158.311847 2197.627684 2233.886910 2268.096627 2286.573573 2239.201528 2196.689214 2153.254617 2100.550880 2025.164546 1975.390950 1934.272231 1854.668366 1777.495361 -9999.0 -9999.0 -9999.0 -9999.0 -9999.0 -9999.0 -9999.0
-9999.0 421.512285 636.783243 861.002337 1140.234966 1375.863386 1571.892341 1677.899225 1759.225947 1806.757742 1855.332955 1901.671579 1938.261842 1961.992563 1937.819508 1889.934203 1849.164884 1846.163257 1838.163315 1813.338854 1784.453597 1770.980217 1770.121900 1765.216130 1743.166689 1730.757086 1720.991498 1697.722487 1661.844963 1601.581245 1519.670493 1445.678575 1384.308962 1352.087777 1321.966755 1289.619125 1255.404500 1266.775040 1280.504286 1278.374783 1269.005379 1266.810048 1296.145606 1315.221949 1325.065148 1313.038246 1331.402664 1356.849567 1396.978203 1438.669771 1486.688604 1541.440385 1595.542711 1625.309188 1640.476088 1669.023336 1713.408567 1771.670948 1863.467266 1966.193572 2049.081705 2102.312325 2158.327452 2197.859104 2218.221284 2238.067804 2224.491677 2155.884395 2057.001238 2056.291645 2049.750451 -9999.0 -9999.0 -9999.0 -9999.0 -9999.0 -9999.0 -9999.0 -9999.0 -9999.0
-9999.0 -9999.0 404.143661 578.426338 711.530523 888.274097 1036.182199 1144.940672 1235.544050 1354.457766 1466.193878 1556.264316 1603.491249 1621.043058 1604.732659 1567.001316 1539.382247 1534.886106 1522.349048 1510.847057 1491.193196 1484.083367 1474.054179 1467.105637 1458.630357 1454.351384 1449.606771 1438.103034 1415.278981 1367.304284 1318.331533 1266.966918 1213.860191 1188.207708 1166.252936 1145.005427 1144.226869 1140.889790 1147.166454 1149.320377 1156.719619 1169.620924 1189.802594 1211.764701 1221.329333 1229.815918 1241.752396 1264.735156 1296.925270 1338.252099 1391.296292 1448.281409 1487.696591 1500.375925 1491.221045 1497.420101 1519.404101 1563.425291 1646.193547 1733.926815 1834.156671 1913.729540 1994.813880 2055.556234 2082.560836 2112.376671 2143.708903 2097.498824 1904.229381 2006.050076 -9999.0 -9999.0 -9999.0 -9999.0 -9999.0 -9999.0 -9999.0 -9999.0 -9999.0 -9999.0
-9999.0 -9999.0 -9999.0 -9999.0 436.096833 589.626012 685.697939 768.122287 896.773409 1017.840134 1119.616202 1204.349437 1266.751920 1292.670228 1286.772109 1289.355418 1281.731882 1273.443255 1262.521694 1260.911455 1259.787725 1252.870709 1239.516342 1232.972523 1234.612546 1240.095665 1237.901833 1224.296975 1206.358843 1183.450964 1162.882614 1128.520589 1092.641586 1063.498831 1050.404579 1044.855154 1044.929673 1038.446792 1047.572256 1055.213836 1070.663324 1086.035832 1109.831062 1138.720568 1152.256216 1166.711373 1176.048103 1196.045716 1225.789428 1278.427381 1341.098044 1398.222817 1433.500204 1437.581416 1412.849405 1397.582293 1394.278495 1422.421563 1467.679865 1535.663391 1638.647292 1715.675196 1779.885979 1834.212826 1881.050139 1948.868153 2029.650839 2074.757304 -9999.0 -9999.0 -9999.0 -9999.0 -9999.0 -9999.0 -9999.0 -9999.0 -9999.0 -9999.0 -9999.0 -9999.0
-9999.0 -9999.0 -9999.0 -9999.0 -9999.0 -9999.0 393.806626 494.557643 574.739037 712.246482 841.907433 942.979393 1022.835170 1053.607842 1078.304849 1103.208989 1099.567243 1080.023928 1060.398279 1078.678785 1092.319456 1086.918632 1057.715168 1057.886617 1063.220478 1072.024598 1070.227763 1064.003377 1038.983566 1050.207660 1050.740810 1027.547292 1001.609167 987.823856 976.135270 985.957180 986.471783 973.231779 974.215333 1001.185781 1021.563726 1034.802901 1056.648392 1089.761443 1121.919286 1136.820780 1137.827507 1143.511975 1183.070318 1252.651834 1323.581955 1378.298752 1410.156495 1417.803170 1390.274545 1350.025912 1329.406606 1336.248235 1370.686089 1423.074151 1498.992774 1549.815717 1580.013463 1600.704340 1629.190033 1729.974377 -9999.0 -9999.0 -9999.0 -9999.0 -9999.0 -9999.0 -9999.0 -9999.0 -9999.0 -9999.0 -9999.0 -9999.0 -9999.0 -9999.0
-9999.0 -9999.0 -9999.0 -9999.0 -9999.0 -9999.0 -9999.0 -9999.0 -9999.0 -9999.0 -9999.0 -9999.0 -9999.0 -9999.0 -9999.0 -9999.0 -9999.0 -9999.0 -9999.0 -9999.0 -9999.0 -9999.0 -9999.0 -9999.0 -9999.0 -9999.0 -9999.0 -9999.0 -9999.0 -9999.0 -9999.0 -9999.0 -9999.0 -9999.0 -9999.0 -9999.0 -9999.0 -9999.0 -9999.0 -9999.0 -9999.0 -9999.0 -9999.0 -9999.0 -9999.0 -9999.0 -9999.0 -9999.0 -9999.0 -9999.0 -9999.0 -9999.0 -9999.0 -9999.0 -9999.0 -9999.0 -9999.0 -9999.0 -9999.0 -9999.0 -9999.0 -9999.0 -9999.0 -9999.0 -9999.0 -9999.0 -9999.0 -9999.0 -9999.0 -9999.0 -9999.0 -9999.0 -9999.0 -9999.0 -9999.0 -9999.0 -9999.0 -9999.0 -9999.0 -9999.0
-9999.0 -9999.0 -9999.0 -9999.0 -9999.0 -9999.0 -9999.0 -9999.0 -9999.0 -9999.0 -9999.0 -9999.0 -9999.0 -9999.0 -9999.0 -9999.0 -9999.0 -9999.0 -9999.0 -9999.0 -9999.0 -9999.0 -9999.0 -9999.0 -9999.0 -9999.0 -9999.0 -9999.0 -9999.0 -9999.0 -9999.0 -9999.0 -9999.0 -9999.0 -9999.0 -9999.0 -9999.0 -9999.0 -9999.0 -9999.0 -9999.0 -9999.0 -9999.0 -9999.0 -9999.0 -9999.0 -9999.0 -9999.0 -9999.0 -9999.0 -9999.0 -9999.0 -9999.0 -9999.0 -9999.0 -9999.0 -9999.0 -9999.0 -9999.0 -9999.0 -9999.0 -9999.0 -9999.0 -9999.0 -9999.0 -9999.0 -9999.0 -9999.0 -9999.0 -9999.0 -9999.0 -9999.0 -9999.0 -9999.0 -9999.0 -9999.0 -9999.0 -9999.0 -9999.0 -9999.0