Borden_/Borden1m_014/output_maps/psiliqL0008N0026.asc
ncols         80
nrows         18
xllcorner     620200.000000
yllcorner     5168000.000000
cellsize      1.000000
NODATA_value  -9999.0
-9999.0 -9999.0 -9999.0 -9999.0 -9999.0 -9999.0 -9999.0 -9999.0 -9999.0 -9999.0 -9999.0 -9999.0 -9999.0 -9999.0 -9999.0 -9999.0 -9999.0 -9999.0 -9999.0 -9999.0 -9999.0 -9999.0 -9999.0 -9999.0 -9999.0 -9999.0 -9999.0 -9999.0 -9999.0 -9999.0 -9999.0 -9999.0 -9999.0 -9999.0 -9999.0 -9999.0 -9999.0 -9999.0 -9999.0 -9999.0 -9999.0 -9999.0 -9999.0 -9999.0 -9999.0 -9999.0 -9999.0 -9999.0 -9999.0 -9999.0 -9999.0 -9999.0 -9999.0 -9999.0 -9999.0 -9999.0 -9999.0 -9999.0 -9999.0 -9999.0 -9999.0 -9999.0 -9999.0 -9999.0 -9999.0 -9999.0 -9999.0 -9999.0 -9999.0 -9999.0 -9999.0 -9999.0 -9999.0 -9999.0 -9999.0 -9999.0 -9999.0 -9999.0 -9999.0 -9999.0
-9999.0 -9999.0 -9999.0 -9999.0 -9999.0 -9999.0 -9999.0 -9999.0 -9999.0 -9999.0 -9999.0 -9999.0 -9999.0 -9999.0 -9999.0 -9999.0 -9999.0 -9999.0 -9999.0 -9999.0 -9999.0 -9999.0 -9999.0 -9999.0 -9999.0 -9999.0 -9999.0 -9999.0 -9999.0 -9999.0 -9999.0 -9999.0 -9999.0 -9999.0 -9999.0 -9999.0 -9999.0 -9999.0 -9999.0 -9999.0 -9999.0 -9999.0 -9999.0 -9999.0 -9999.0 -9999.0 -9999.0 -9999.0 -9999.0 -9999.0 -9999.0 -9999.0 -9999.0 -9999.0 -9999.0 -9999.0 -9999.0 -9999.0 -9999.0 -9999.0 -9999.0 -9999.0 -9999.0 -9999.0 -9999.0 -9999.0 -9999.0 -9999.0 -9999.0 -9999.0 -9999.0 -9999.0 -9999.0 -9999.0 -9999.0 -9999.0 -9999.0 -9999.0 -9999.0 -9999.0
-9999.0 -9999.0 -9999.0 -9999.0 -9999.0 -9999.0 -9999.0 -9999.0 -9999.0 -9999.0 -9999.0 -9999.0 -9999.0 -9999.0 -9999.0 -9999.0 -9999.0 -9999.0 -9999.0 -9999.0 -269.036001 -265.996919 -288.751176 -322.818349 -351.362830 -349.461363 -314.318725 -273.152147 -235.144953 -224.402227 -242.326934 -240.741357 -245.648327 -245.523648 -242.229329 -236.047472 -233.269193 -221.509116 -212.722959 -212.703467 -218.711812 -224.310437 -225.333691 -221.610858 -216.621520 -225.808288 -212.442512 -197.115987 -190.865530 -196.545273 -224.653862 -241.043850 -249.555788 -264.284383 -239.948918 -227.443655 -204.406558 -200.091540 -201.350539 -228.481027 -258.596464 -9999.0 -9999.0 -9999.0 -9999.0 -9999.0 -9999.0 -9999.0 -9999.0 -9999.0 -9999.0 -9999.0 -9999.0 -9999.0 -9999.0 -9999.0 -9999.0 -9999.0 -9999.0 -9999.0
-9999.0 -9999.0 -9999.0 -9999.0 -9999.0 -9999.0 -9999.0 -9999.0 -9999.0 -9999.0 -9999.0 -9999.0 -9999.0 -9999.0 -359.443188 -369.757470 -372.932302 -364.456454 -330.582443 -300.597893 -287.976849 -295.617513 -295.721751 -319.294964 -339.498009 -325.262302 -295.791505 -264.131577 -229.327692 -208.036994 -220.422237 -222.762934 -211.484435 -182.595054 -166.732066 -168.894824 -190.511327 -167.369967 -150.105462 -139.364997 -139.542764 -147.743197 -131.780129 -114.341699 -121.130815 -140.181597 -138.048392 -126.762095 -112.190800 -129.430122 -196.983037 -219.657264 -223.686013 -230.993234 -244.830523 -251.684071 -226.968126 -226.023324 -234.330203 -252.309940 -284.499504 -328.490376 -346.307799 -307.679643 -263.105996 -204.895240 -9999.0 -9999.0 -9999.0 -9999.0 -9999.0 -9999.0 -9999.0 -9999.0 -9999.0 -9999.0 -9999.0 -9999.0 -9999.0 -9999.0
-9999.0 -9999.0 -9999.0 -9999.0 -9999.0 -9999.0 -9999.0 -9999.0 -9999.0 -416.079034 -412.636075 -405.740836 -404.190168 -388.709431 -390.576275 -383.782256 -375.924399 -349.771493 -318.563414 -283.332268 -254.272414 -264.142527 -263.556231 -250.767009 -243.035206 -229.221334 -207.275186 -164.516047 -117.982028 -71.844384 -98.811457 -99.292881 -76.890988 -21.761980 22.820967 36.184059 13.801862 17.769629 48.354901 80.944584 85.460408 86.123905 118.070963 136.198483 142.925706 117.551682 89.803900 84.736840 113.416224 49.095326 -26.648978 -87.423412 -91.154429 -127.319003 -172.671365 -197.205920 -201.178246 -179.602791 -195.800007 -234.159311 -271.142885 -280.762655 -297.373197 -281.089210 -258.323475 -211.068190 -172.266587 -143.388059 -142.983258 -160.240751 -9999.0 -9999.0 -9999.0 -9999.0 -9999.0 -9999.0 -9999.0 -9999.0 -9999.0 -9999.0
-9999.0 -9999.0 -9999.0 -9999.0 -9999.0 -9999.0 -494.382191 -485.842206 -466.427474 -461.105692 -437.090938 -429.816737 -409.500379 -390.240291 -369.706593 -352.560890 -321.305923 -288.317231 -245.828390 -200.039478 -165.643275 -168.251953 -155.587835 -116.370945 -66.821744 -29.337959 -0.340110 48.649412 149.136370 207.785565 227.803756 237.786080 250.799338 293.028744 355.331569 383.645685 351.071666 332.150438 350.846303 391.619640 422.811702 428.603284 437.786985 446.787825 471.900987 460.014117 397.524486 372.124261 365.014781 352.434072 300.984484 242.189723 189.154637 123.851997 21.581204 -46.459947 -50.440248 -37.801756 -74.288254 -133.103142 -179.208394 -191.551075 -207.413894 -222.441042 -217.499052 -198.169962 -174.712402 -163.212826 -175.530099 -195.946396 -218.867670 -247.460277 -245.635594 -220.071445 -9999.0 -9999.0 -9999.0 -9999.0 -9999.0 -9999.0
-9999.0 -9999.0 -9999.0 -9999.0 -543.792728 -531.711677 -543.624118 -520.479583 -488.918826 -456.100596 -423.862727 -386.428020 -359.198914 -329.104400 -286.497697 -246.804399 -200.399838 -161.465508 -99.816938 -22.027425 41.004694 78.544725 107.099552 187.351150 257.614422 307.257524 325.150296 352.809631 401.887907 482.178405 511.667830 517.732041 538.148668 563.878502 609.364614 643.588888 624.184779 612.009914 620.815900 632.356533 660.098598 662.720497 664.718692 665.886167 668.384488 667.409503 641.152502 602.182839 591.316753 585.226350 557.723167 498.068089 435.941044 397.879044 367.456740 322.735407 259.039883 232.124412 161.235929 86.524207 2.921844 -30.076689 -68.626868 -100.012189 -134.630968 -136.111222 -134.545472 -155.069790 -185.998365 -217.963082 -232.758618 -251.198353 -261.132672 -231.103218 -213.230006 -182.049369 -9999.0 -9999.0 -9999.0 -9999.0
-9999.0 -9999.0 -601.322231 -551.602542 -496.171673 -488.003260 -486.143945 -481.609322 -455.077761 -404.391116 -324.697138 -270.242756 -222.877571 -189.138732 -122.920015 -28.022548 65.740676 133.391739 207.994678 277.662097 336.297575 376.194495 416.485251 458.153104 505.056812 559.314962 578.791675 606.583758 638.191875 671.397309 693.698123 709.147887 715.486552 713.156595 714.551338 714.333747 710.190111 703.824773 686.967322 684.578037 692.442938 695.906963 698.427513 686.598747 682.809034 695.076855 696.509852 694.727640 696.116479 704.875329 712.584036 680.680962 629.013023 610.480442 598.886450 562.734285 504.389969 444.845814 415.332681 372.108115 296.478752 244.664567 182.849094 113.332073 40.387393 -4.484273 -59.481122 -104.667765 -151.903804 -197.832444 -221.363832 -239.716614 -241.766137 -240.936385 -224.685099 -208.829273 -193.241841 -185.334357 -9999.0 -9999.0
-9999.0 -699.687064 -627.312025 -499.977323 -421.379755 -376.303493 -335.270447 -305.713007 -280.676621 -264.398881 -149.558492 -30.749132 77.041991 121.653313 190.891080 294.855661 403.655876 447.266139 479.437751 528.276876 581.982618 626.631694 656.455851 684.683483 712.072840 713.146580 712.160020 712.801420 706.562245 699.351705 689.858019 697.211165 695.551214 679.065064 665.231458 663.107363 656.555407 628.552690 601.290294 587.290863 590.802531 611.055367 595.571360 580.946949 578.080395 598.057615 614.272226 601.685149 595.052734 614.157986 648.082222 669.289729 684.088980 697.718030 717.266879 695.461452 664.009578 622.701554 599.019889 573.525574 504.430879 440.879396 385.925643 322.356697 257.252310 178.258198 94.927943 18.816846 -56.055595 -99.902970 -133.326128 -186.615985 -210.463942 -209.134129 -218.371653 -220.784415 -214.058244 -207.540767 -9999.0 -9999.0
-9999.0 -770.741160 -627.587673 -441.757187 -294.393898 -229.725440 -104.348877 -12.099575 23.141802 1.542146 141.173298 383.322409 467.855063 480.528459 544.836402 621.400549 659.830906 687.095418 704.809194 702.741934 701.466493 706.882366 704.107982 697.525751 683.804503 676.282712 675.236861 671.874013 651.898586 630.412084 610.856827 610.259246 596.723098 559.601433 529.434201 514.428090 495.856328 457.885906 416.896401 387.274126 372.844262 390.663037 380.930449 363.800617 360.409412 383.971113 417.918408 413.436824 421.496603 446.220697 489.754247 540.797751 564.388039 590.788064 624.482189 670.504869 689.688516 709.428079 713.864973 691.341858 648.063320 597.691670 565.529859 492.440717 418.629725 339.341027 278.903510 221.577869 142.236261 78.089615 15.256534 -52.309804 -115.972773 -146.699031 -187.031614 -208.313567 -9999.0 -9999.0 -9999.0 -9999.0
-9999.0 -835.615878 -644.353058 -377.916346 -116.142152 32.173979 248.439685 385.045514 472.363230 509.820930 554.566319 661.499610 682.795874 673.870343 657.975873 658.559486 671.645455 675.212033 671.369868 661.551167 650.544047 645.817622 640.140283 636.052379 624.016084 609.119079 596.084310 581.089198 529.298661 493.546611 462.062426 445.314693 408.512105 321.742442 283.316456 253.701878 194.274460 177.833369 159.815266 121.197641 95.647952 76.797204 97.835330 97.246037 97.965855 109.346095 137.064937 162.336119 212.361126 252.671015 294.874850 347.190344 382.638036 427.960917 478.457153 546.718658 579.097957 607.951837 648.886951 692.236357 714.622356 705.936632 676.656686 634.531788 567.077598 488.837724 438.733208 369.150967 306.482469 256.999392 214.578543 153.136101 63.148518 -51.635384 -97.860202 -9999.0 -9999.0 -9999.0 -9999.0 -9999.0
-9999.0 -988.475707 -721.149219 -423.614921 -84.381163 251.085083 365.841276 541.743792 617.237119 553.735015 520.933946 554.467839 585.825461 598.142691 578.803313 572.028017 564.328980 564.505926 576.819731 549.543351 507.853815 491.620008 489.196692 476.397229 452.088805 432.552580 417.506051 395.172541 343.366776 296.865735 226.004212 193.602014 104.041668 20.523805 -33.394181 -85.701144 -141.598556 -145.658261 -131.473698 -149.984381 -173.539358 -192.980216 -167.171415 -151.694004 -140.663220 -149.823097 -139.616399 -102.832488 -50.465184 -2.051993 58.109770 130.220566 190.082546 249.994441 284.347261 336.860910 384.682054 434.286429 509.191012 597.214669 632.296655 666.964301 702.339413 717.938020 672.502436 622.932693 570.811358 497.404907 408.955492 363.524158 340.178696 306.054306 253.501756 -9999.0 -9999.0 -9999.0 -9999.0 -9999.0 -9999.0 -9999.0
-9999.0 -1122.854893 -890.276503 -641.455033 -339.314253 -95.442710 107.808480 237.710462 335.372076 310.985462 314.913218 341.501758 369.994418 392.057747 370.128591 336.440245 312.427929 316.495376 316.217224 293.592841 265.138825 251.370270 249.634435 240.346414 208.859274 187.495545 171.654405 141.257861 91.594683 22.490213 -68.579445 -140.763720 -206.562973 -244.723051 -276.177793 -310.074238 -349.895679 -339.484370 -324.868696 -329.816886 -342.568009 -347.327548 -317.684339 -299.451581 -289.493767 -302.812819 -284.438732 -257.333759 -215.070861 -172.598351 -123.326425 -66.226977 -8.396282 28.893461 51.803983 93.349959 152.388481 224.255047 310.096186 407.873653 484.514042 544.299811 593.312948 623.461138 643.635257 663.018821 645.045002 565.846228 427.153313 411.390684 407.287351 -9999.0 -9999.0 -9999.0 -9999.0 -9999.0 -9999.0 -9999.0 -9999.0 -9999.0
-9999.0 -9999.0 -1127.245525 -935.981275 -774.775720 -590.091842 -440.373144 -331.020268 -255.769244 -166.667551 -76.746135 1.660603 47.840830 67.548411 45.685688 -0.595735 -29.299961 -29.526306 -39.282307 -54.626430 -80.665366 -91.000709 -101.084218 -109.937716 -125.261959 -134.259266 -140.920019 -153.754200 -178.714724 -227.785378 -282.189831 -335.201682 -390.684129 -416.111305 -438.271002 -461.157191 -464.888711 -466.380219 -459.345148 -458.176822 -453.021582 -441.421705 -420.573567 -399.320598 -390.035406 -383.289403 -370.821824 -347.239666 -314.184361 -273.530941 -221.399888 -165.617371 -127.124556 -114.535374 -123.041980 -114.990907 -88.880547 -36.848880 67.451051 182.968616 282.232494 354.582753 428.176733 479.533337 501.728235 533.210175 556.191878 479.369946 257.622181 357.620728 -9999.0 -9999.0 -9999.0 -9999.0 -9999.0 -9999.0 -9999.0 -9999.0 -9999.0 -9999.0
-9999.0 -9999.0 -9999.0 -9999.0 -1078.950778 -922.082087 -829.456012 -748.233360 -630.181465 -523.689612 -432.617180 -356.867397 -305.152265 -282.050328 -294.106036 -300.816189 -309.466551 -312.962017 -321.501020 -327.503816 -333.707882 -341.792125 -353.106184 -360.947517 -362.023101 -358.769292 -360.865054 -374.028514 -389.889281 -417.660715 -442.092419 -477.427313 -514.519217 -543.510024 -556.336280 -563.225566 -562.786709 -568.028348 -558.335879 -552.085329 -537.271103 -521.833978 -497.832152 -469.675700 -457.335053 -443.317029 -433.734539 -412.987925 -383.182077 -330.695862 -269.053264 -213.834795 -180.831417 -178.193600 -205.483387 -222.203567 -225.744419 -197.018971 -146.618958 -69.445509 47.882862 146.457800 228.407135 278.837041 312.775728 362.790410 414.892855 436.125912 -9999.0 -9999.0 -9999.0 -9999.0 -9999.0 -9999.0 -9999.0 -9999.0 -9999.0 -9999.0 -9999.0 -9999.0
-9999.0 -9999.0 -9999.0 -9999.0 -9999.0 -9999.0 -1136.082140 -1042.197594 -954.837754 -836.517210 -727.137278 -637.585328 -564.822483 -540.934351 -524.528056 -502.686250 -507.577296 -524.402209 -540.700048 -524.337675 -515.143913 -519.844322 -546.949465 -548.399748 -544.935434 -535.361064 -536.293274 -542.133560 -566.632923 -558.646704 -560.080984 -582.817663 -608.576864 -622.764627 -634.061365 -623.908646 -622.886250 -635.145499 -632.451529 -606.506597 -586.913139 -573.462711 -550.924060 -517.901485 -486.106204 -472.095743 -471.363727 -465.352359 -423.890456 -353.828610 -284.304003 -231.882247 -202.135513 -195.878421 -225.735174 -268.132934 -291.054376 -285.693502 -252.110040 -198.444237 -119.019724 -64.382401 -26.145640 2.493171 39.536984 157.595106 -9999.0 -9999.0 -9999.0 -9999.0 -9999.0 -9999.0 -9999.0 -9999.0 -9999.0 -9999.0 -9999.0 -9999.0 -9999.0 -9999.0
-9999.0 -9999.0 -9999.0 -9999.0 -9999.0 -9999.0 -9999.0 -9999.0 -9999.0 -9999.0 -9999.0 -9999.0 -9999.0 -9999.0 -9999.0 -9999.0 -9999.0 -9999.0 -9999.0 -9999.0 -9999.0 -9999.0 -9999.0 -9999.0 -9999.0 -9999.0 -9999.0 -9999.0 -9999.0 -9999.0 -9999.0 -9999.0 -9999.0 -9999.0 -9999.0 -9999.0 -9999.0 -9999.0 -9999.0 -9999.0 -9999.0 -9999.0 -9999.0 -9999.0 -9999.0 -9999.0 -9999.0 -9999.0 -9999.0 -9999.0 -9999.0 -9999.0 -9999.0 -9999.0 -9999.0 -9999.0 -9999.0 -9999.0 -9999.0 -9999.0 -9999.0 -9999.0 -9999.0 -9999.0 -9999.0 -9999.0 -9999.0 -9999.0 -9999.0 -9999.0 -9999.0 -9999.0 -9999.0 -9999.0 -9999.0 -9999.0 -9999.0 -9999.0 -9999.0 -9999.0
-9999.0 -9999.0 -9999.0 -9999.0 -9999.0 -9999.0 -9999.0 -9999.0 -9999.0 -9999.0 -9999.0 -9999.0 -9999.0 -9999.0 -9999.0 -9999.0 -9999.0 -9999.0 -9999.0 -9999.0 -9999.0 -9999.0 -9999.0 -9999.0 -9999.0 -9999.0 -9999.0 -9999.0 -9999.0 -9999.0 -9999.0 -9999.0 -9999.0 -9999.0 -9999.0 -9999.0 -9999.0 -9999.0 -9999.0 -9999.0 -9999.0 -9999.0 -9999.0 -9999.0 -9999.0 -9999.0 -9999.0 -9999.0 -9999.0 -9999.0 -9999.0 -9999.0 -9999.0 -9999.0 -9999.0 -9999.0 -9999.0 -9999.0 -9999.0 -9999.0 -9999.0 -9999.0 -9999.0 -9999.0 -9999.0 -9999.0 -9999.0 -9999.0 -9999.0 -9999.0 -9999.0 -9999.0 -9999.0 -9999.0 -9999.0 -9999.0 -9999.0 -9999.0 -9999.0 -9999.0