Borden_/Borden1m_014/output_maps/psiliqL0026N0022.asc
ncols         80
nrows         18
xllcorner     620200.000000
yllcorner     5168000.000000
cellsize      1.000000
NODATA_value  -9999.0
-9999.0 -9999.0 -9999.0 -9999.0 -9999.0 -9999.0 -9999.0 -9999.0 -9999.0 -9999.0 -9999.0 -9999.0 -9999.0 -9999.0 -9999.0 -9999.0 -9999.0 -9999.0 -9999.0 -9999.0 -9999.0 -9999.0 -9999.0 -9999.0 -9999.0 -9999.0 -9999.0 -9999.0 -9999.0 -9999.0 -9999.0 -9999.0 -9999.0 -9999.0 -9999.0 -9999.0 -9999.0 -9999.0 -9999.0 -9999.0 -9999.0 -9999.0 -9999.0 -9999.0 -9999.0 -9999.0 -9999.0 -9999.0 -9999.0 -9999.0 -9999.0 -9999.0 -9999.0 -9999.0 -9999.0 -9999.0 -9999.0 -9999.0 -9999.0 -9999.0 -9999.0 -9999.0 -9999.0 -9999.0 -9999.0 -9999.0 -9999.0 -9999.0 -9999.0 -9999.0 -9999.0 -9999.0 -9999.0 -9999.0 -9999.0 -9999.0 -9999.0 -9999.0 -9999.0 -9999.0
-9999.0 -9999.0 -9999.0 -9999.0 -9999.0 -9999.0 -9999.0 -9999.0 -9999.0 -9999.0 -9999.0 -9999.0 -9999.0 -9999.0 -9999.0 -9999.0 -9999.0 -9999.0 -9999.0 -9999.0 -9999.0 -9999.0 -9999.0 -9999.0 -9999.0 -9999.0 -9999.0 -9999.0 -9999.0 -9999.0 -9999.0 -9999.0 -9999.0 -9999.0 -9999.0 -9999.0 -9999.0 -9999.0 -9999.0 -9999.0 -9999.0 -9999.0 -9999.0 -9999.0 -9999.0 -9999.0 -9999.0 -9999.0 -9999.0 -9999.0 -9999.0 -9999.0 -9999.0 -9999.0 -9999.0 -9999.0 -9999.0 -9999.0 -9999.0 -9999.0 -9999.0 -9999.0 -9999.0 -9999.0 -9999.0 -9999.0 -9999.0 -9999.0 -9999.0 -9999.0 -9999.0 -9999.0 -9999.0 -9999.0 -9999.0 -9999.0 -9999.0 -9999.0 -9999.0 -9999.0
-9999.0 -9999.0 -9999.0 -9999.0 -9999.0 -9999.0 -9999.0 -9999.0 -9999.0 -9999.0 -9999.0 -9999.0 -9999.0 -9999.0 -9999.0 -9999.0 -9999.0 -9999.0 -9999.0 -9999.0 3325.223257 3326.106658 3304.308426 3270.023848 3241.557464 3243.110346 3275.700468 3315.963321 3354.394442 3361.420772 3342.023694 3345.535986 3340.816024 3336.015321 3335.942376 3343.455692 3349.907355 3359.419214 3366.179182 3363.700120 3356.211426 3351.101349 3353.613007 3355.153156 3361.421404 3346.980671 3363.041365 3379.318924 3384.151889 3381.630518 3358.250204 3346.627064 3338.972912 3323.732832 3350.620495 3362.584287 3386.302509 3391.222408 3389.534505 3363.141077 3333.288891 -9999.0 -9999.0 -9999.0 -9999.0 -9999.0 -9999.0 -9999.0 -9999.0 -9999.0 -9999.0 -9999.0 -9999.0 -9999.0 -9999.0 -9999.0 -9999.0 -9999.0 -9999.0 -9999.0
-9999.0 -9999.0 -9999.0 -9999.0 -9999.0 -9999.0 -9999.0 -9999.0 -9999.0 -9999.0 -9999.0 -9999.0 -9999.0 -9999.0 3235.470780 3226.558541 3223.411670 3230.360628 3262.467361 3292.413371 3303.937157 3296.220576 3295.729357 3270.640504 3247.373272 3259.502889 3288.372588 3318.260417 3351.051497 3367.835418 3356.418611 3353.428805 3359.931505 3378.877994 3386.446292 3382.567960 3364.902036 3388.903172 3401.833050 3405.929251 3403.726432 3393.725538 3402.248795 3416.109309 3409.027869 3393.911037 3405.097801 3420.295133 3431.213023 3423.464925 3366.048845 3354.613642 3351.990598 3348.557101 3336.087352 3332.787230 3361.673702 3361.783824 3355.095166 3338.397513 3305.533003 3260.621012 3242.193457 3283.337925 3327.469584 3384.151296 -9999.0 -9999.0 -9999.0 -9999.0 -9999.0 -9999.0 -9999.0 -9999.0 -9999.0 -9999.0 -9999.0 -9999.0 -9999.0 -9999.0
-9999.0 -9999.0 -9999.0 -9999.0 -9999.0 -9999.0 -9999.0 -9999.0 -9999.0 3178.751822 3184.204727 3190.843625 3192.951376 3207.700974 3204.149476 3210.648798 3214.126758 3240.818774 3269.694661 3302.581775 3328.975526 3319.219930 3317.364025 3320.569234 3314.212354 3321.310803 3341.021419 3376.956186 3407.413788 3441.999588 3407.983514 3402.659959 3419.749091 3460.477741 3482.877964 3484.388027 3465.585462 3482.385228 3505.623789 3520.882571 3517.123715 3510.891852 3536.772531 3551.980042 3545.589818 3524.052269 3523.261969 3531.154345 3560.674726 3510.342656 3444.897605 3407.466929 3424.166563 3403.828025 3378.812298 3368.677077 3370.067360 3391.122335 3380.083486 3346.928293 3314.354573 3303.244295 3287.104804 3308.873531 3332.802505 3379.774590 3420.125247 3450.347068 3450.161245 3433.181380 -9999.0 -9999.0 -9999.0 -9999.0 -9999.0 -9999.0 -9999.0 -9999.0 -9999.0 -9999.0
-9999.0 -9999.0 -9999.0 -9999.0 -9999.0 -9999.0 3100.419236 3110.716778 3131.149528 3133.416755 3159.483998 3164.228160 3182.023524 3198.560306 3219.679691 3231.703889 3255.802541 3284.831730 3319.887422 3356.530187 3383.128883 3370.762412 3375.397994 3393.827400 3419.503334 3437.491035 3459.485121 3496.664810 3568.360552 3604.226231 3596.097493 3596.583863 3604.637260 3654.866922 3718.677944 3729.359320 3708.693866 3695.694208 3719.413206 3756.886272 3754.733953 3753.499195 3766.740679 3777.620612 3804.441290 3793.452312 3757.620477 3752.589689 3759.647429 3736.731102 3667.673418 3610.959463 3592.973956 3546.601495 3463.740121 3421.822861 3446.595923 3475.268619 3454.406334 3405.707822 3374.268633 3369.690038 3359.485483 3353.517999 3366.859204 3390.548688 3415.125418 3429.560333 3418.184771 3397.765556 3376.457519 3348.612726 3351.519365 3376.649768 -9999.0 -9999.0 -9999.0 -9999.0 -9999.0 -9999.0
-9999.0 -9999.0 -9999.0 -9999.0 3051.294868 3063.819232 3048.521317 3074.176815 3105.490350 3138.372289 3165.041198 3195.275915 3217.449768 3243.166534 3275.181714 3295.919560 3326.769581 3355.327332 3401.440013 3461.629988 3505.038128 3517.596879 3525.501898 3575.955861 3631.794540 3678.429642 3696.941818 3722.723183 3768.640674 3825.055147 3847.160867 3849.803754 3866.712339 3910.261699 3966.855285 4002.057970 3984.354534 3975.268635 3985.517637 3999.955340 4022.100406 4022.161898 4023.285264 4027.504115 4035.270894 4033.434277 4006.686462 3973.194535 3960.222686 3950.047978 3911.648053 3839.413429 3809.493182 3780.491799 3737.506028 3683.297705 3636.782836 3638.679947 3584.290266 3529.572721 3480.460362 3473.397416 3453.936557 3438.784850 3422.245503 3435.261435 3447.855020 3433.362578 3403.893365 3375.027584 3362.449735 3345.248729 3334.233723 3365.660083 3383.741236 3413.339899 -9999.0 -9999.0 -9999.0 -9999.0
-9999.0 -9999.0 2992.996302 3037.803419 3094.210788 3099.515095 3091.820029 3093.667193 3118.963817 3167.043226 3227.471249 3263.030901 3290.460839 3319.683821 3369.099613 3429.736722 3488.601579 3530.480233 3588.072865 3657.097303 3715.908805 3742.431650 3751.047595 3786.579180 3841.339991 3910.754876 3938.895710 3965.456992 3997.414324 4034.101402 4025.367635 4035.951826 4048.506125 4061.595874 4076.866268 4084.158534 4079.225261 4074.607991 4056.006760 4050.773378 4057.246804 4065.379821 4064.297768 4049.576426 4045.601369 4060.647243 4066.958298 4064.823660 4061.896097 4066.721294 4061.930438 4013.195160 3996.258573 3980.931488 3969.051221 3922.734009 3855.842039 3823.702901 3802.094573 3760.961247 3687.622681 3650.692682 3611.772656 3577.607178 3540.727152 3528.251237 3496.497151 3464.898496 3426.679807 3386.366918 3367.686769 3353.799870 3353.753997 3354.678991 3372.672193 3388.530820 3404.584585 3412.701969 -9999.0 -9999.0
-9999.0 2884.515580 2955.182680 3074.355100 3150.952161 3186.023120 3192.818362 3194.293516 3218.231824 3249.489853 3334.497356 3382.388645 3464.511906 3501.487355 3541.413398 3630.966302 3725.186666 3768.510829 3807.490411 3871.396602 3937.334644 3984.521024 4010.898401 3988.951835 4028.681404 4058.853711 4067.122817 4074.250261 4074.391867 4065.865961 4059.430557 4066.075937 4063.071959 4043.801434 4027.641206 4025.855871 4022.432590 3999.037063 3971.448386 3955.889112 3957.193564 3982.255965 3969.057368 3947.643621 3943.212081 3964.933567 3986.447853 3975.705679 3962.532910 3979.137635 4013.847011 4038.944417 4039.844044 4058.447494 4079.579496 4050.421436 4029.264458 3985.224858 3968.248714 3942.781668 3885.759070 3830.967209 3782.879853 3734.568514 3682.492952 3633.996814 3586.706273 3539.805990 3486.997901 3454.568844 3430.645839 3388.378699 3376.115923 3383.003993 3378.377436 3377.100393 3383.905421 3390.553626 -9999.0 -9999.0
-9999.0 2787.537304 2925.782924 3100.378374 3241.153903 3279.836062 3339.078080 3392.872279 3405.456179 3349.199635 3449.422255 3665.828910 3788.010070 3805.513049 3881.104555 3976.379332 3958.300183 3989.720320 4013.005815 4039.186196 4060.225193 4074.662243 4072.971840 4067.841397 4051.308523 4043.293351 4042.401525 4040.277432 4022.823747 4003.818399 3986.978053 3983.775542 3965.743870 3916.063797 3882.775083 3865.219429 3846.064815 3832.712313 3805.561568 3779.550301 3762.969603 3773.209083 3771.575215 3758.191899 3753.776967 3771.827329 3802.702134 3800.856135 3812.787111 3832.417292 3867.855853 3906.089741 3925.362818 3954.501555 3990.151233 4038.268593 4046.923207 4069.384989 4072.281134 4061.987005 4015.325098 3963.717509 3934.306317 3878.928324 3819.416347 3757.771353 3708.963133 3664.396535 3609.349406 3575.580211 3536.686731 3483.435608 3441.067200 3433.998446 3400.977741 3388.244037 -9999.0 -9999.0 -9999.0 -9999.0
-9999.0 2691.408220 2862.650781 3097.397154 3389.574529 3459.002944 3659.577893 3773.060128 3811.337501 3878.530702 3757.622767 3965.134350 4018.343763 4013.450861 4029.571664 4032.827508 4047.152895 4046.488730 4041.409596 4030.379067 4020.770406 4016.182467 4015.130495 4007.213027 3994.578214 3979.948923 3968.029068 3956.568011 3919.868948 3887.891351 3848.544515 3836.031345 3791.280844 3699.528350 3660.960526 3622.387426 3561.536020 3564.236602 3572.042530 3548.312829 3528.763464 3500.475382 3530.238259 3541.147937 3545.382871 3540.678333 3550.127948 3578.802880 3626.628918 3660.860326 3699.568563 3747.371631 3777.750434 3816.807270 3856.473461 3908.713354 3939.875693 3968.745556 4017.699009 4054.717029 4077.454722 4063.360207 4044.868649 4000.102675 3939.885816 3890.585935 3861.634106 3811.192475 3767.751121 3724.368851 3678.080013 3625.511916 3564.252040 3512.163950 3478.588915 -9999.0 -9999.0 -9999.0 -9999.0 -9999.0
-9999.0 2467.212636 2730.966483 2983.572438 3254.227890 3595.339985 3767.167856 3860.791475 3923.946295 3907.034499 3930.534116 3936.807526 3973.902521 3981.188245 3959.794729 3945.916831 3928.254415 3927.165375 3940.232578 3912.877908 3882.609588 3869.257321 3870.164026 3859.475635 3835.624970 3820.767493 3811.514837 3793.051191 3750.096252 3700.044013 3616.203422 3581.774699 3503.322085 3465.443417 3429.590243 3383.167425 3339.335911 3345.392869 3370.373937 3361.754902 3341.337294 3324.600523 3354.072797 3374.891648 3388.107287 3371.771450 3378.270844 3412.397299 3458.472899 3498.482458 3541.868438 3589.391144 3630.944637 3669.797462 3690.420832 3729.475941 3771.407475 3812.841328 3882.826505 3961.158181 3997.074215 4031.690531 4060.556047 4082.462472 4039.588825 4013.325894 3989.617035 3966.178657 3920.019912 3874.673762 3834.133504 3769.576925 3710.058431 -9999.0 -9999.0 -9999.0 -9999.0 -9999.0 -9999.0 -9999.0
-9999.0 2355.415612 2547.816888 2738.093589 2968.795430 3195.852070 3417.288421 3507.327487 3577.407530 3649.341383 3703.523741 3741.299890 3767.060087 3788.609274 3766.032968 3719.989936 3687.784296 3692.780766 3683.806684 3662.976286 3635.508011 3622.789017 3620.220813 3615.639045 3594.694692 3584.724975 3578.216247 3560.525007 3535.637665 3483.428592 3412.900260 3340.523256 3287.770022 3269.363567 3247.703326 3221.738123 3196.005571 3209.827464 3222.772861 3223.221169 3217.185383 3217.741249 3246.783482 3266.687703 3276.105295 3265.250589 3283.259514 3306.015284 3342.427895 3381.127838 3425.216886 3474.696416 3522.526039 3542.080018 3543.641581 3554.531418 3581.583203 3624.356571 3700.233594 3785.957987 3863.515145 3908.925414 3959.641490 3999.611805 4027.757418 4052.595498 4075.017421 4068.098395 4042.138638 4008.788310 3950.071160 -9999.0 -9999.0 -9999.0 -9999.0 -9999.0 -9999.0 -9999.0 -9999.0 -9999.0
-9999.0 -9999.0 2322.404763 2473.858685 2569.252406 2731.402775 2850.151077 2955.086083 3048.192039 3188.382384 3310.527774 3403.778009 3450.017802 3465.571141 3451.822283 3423.751472 3406.827389 3406.450759 3394.783070 3388.846825 3375.039230 3370.138685 3358.571842 3351.574418 3348.230308 3348.317997 3346.743949 3339.370940 3323.632986 3283.379971 3247.943060 3204.879101 3160.618930 3140.172176 3123.204248 3107.376226 3112.525337 3108.213174 3114.237198 3117.655381 3127.786237 3142.282703 3161.671701 3183.959410 3193.562460 3203.708823 3214.279668 3235.484143 3264.894695 3304.463767 3355.194308 3409.349613 3444.617176 3450.846602 3432.229932 3426.535848 3433.894438 3461.923621 3524.195474 3592.589852 3681.991642 3747.282775 3814.025458 3869.905228 3896.549047 3932.931208 4003.162773 4051.190387 4093.657938 4071.255437 -9999.0 -9999.0 -9999.0 -9999.0 -9999.0 -9999.0 -9999.0 -9999.0 -9999.0 -9999.0
-9999.0 -9999.0 -9999.0 -9999.0 2334.532830 2481.228171 2578.790869 2658.882059 2794.194265 2895.038128 2991.668621 3077.876515 3146.721598 3171.570772 3172.947302 3190.485112 3189.888136 3180.619253 3169.834934 3175.364172 3181.013451 3175.342031 3159.843173 3154.470494 3159.574201 3168.887272 3168.582533 3157.439213 3141.261517 3129.531317 3119.012336 3090.544816 3060.438130 3035.031138 3024.949164 3023.640398 3025.071950 3018.147342 3027.264690 3036.903846 3053.290995 3068.621722 3092.160314 3121.905460 3136.621376 3151.118252 3159.330650 3177.296821 3205.055667 3256.062232 3317.235201 3373.235982 3406.672209 3406.584903 3377.401192 3355.127240 3342.001516 3358.688533 3387.198006 3437.134898 3525.758214 3587.495376 3632.295439 3670.645348 3706.875959 3772.025801 3866.676639 3947.989967 -9999.0 -9999.0 -9999.0 -9999.0 -9999.0 -9999.0 -9999.0 -9999.0 -9999.0 -9999.0 -9999.0 -9999.0
-9999.0 -9999.0 -9999.0 -9999.0 -9999.0 -9999.0 2312.544725 2419.001554 2485.809199 2641.321444 2789.418249 2864.970069 2948.134376 2984.428623 3009.888288 3040.591689 3041.452969 3021.172258 2999.303183 3021.753775 3041.922592 3035.932076 3003.807289 3006.314645 3014.736209 3024.002500 3023.170422 3019.331756 2997.154265 3016.838408 3024.154042 3004.223103 2981.559339 2975.738343 2965.877139 2977.115595 2978.256442 2964.562538 2963.882599 2989.379583 3010.895259 3023.907653 3044.882144 3078.061306 3110.447615 3125.947212 3126.444695 3130.550750 3166.426786 3233.663975 3304.145234 3358.741572 3389.306528 3393.609686 3362.346792 3317.083833 3290.417463 3288.610748 3312.074240 3350.448342 3410.963378 3446.485613 3456.552061 3456.503203 3467.857853 3567.499053 -9999.0 -9999.0 -9999.0 -9999.0 -9999.0 -9999.0 -9999.0 -9999.0 -9999.0 -9999.0 -9999.0 -9999.0 -9999.0 -9999.0
-9999.0 -9999.0 -9999.0 -9999.0 -9999.0 -9999.0 -9999.0 -9999.0 -9999.0 -9999.0 -9999.0 -9999.0 -9999.0 -9999.0 -9999.0 -9999.0 -9999.0 -9999.0 -9999.0 -9999.0 -9999.0 -9999.0 -9999.0 -9999.0 -9999.0 -9999.0 -9999.0 -9999.0 -9999.0 -9999.0 -9999.0 -9999.0 -9999.0 -9999.0 -9999.0 -9999.0 -9999.0 -9999.0 -9999.0 -9999.0 -9999.0 -9999.0 -9999.0 -9999.0 -9999.0 -9999.0 -9999.0 -9999.0 -9999.0 -9999.0 -9999.0 -9999.0 -9999.0 -9999.0 -9999.0 -9999.0 -9999.0 -9999.0 -9999.0 -9999.0 -9999.0 -9999.0 -9999.0 -9999.0 -9999.0 -9999.0 -9999.0 -9999.0 -9999.0 -9999.0 -9999.0 -9999.0 -9999.0 -9999.0 -9999.0 -9999.0 -9999.0 -9999.0 -9999.0 -9999.0
-9999.0 -9999.0 -9999.0 -9999.0 -9999.0 -9999.0 -9999.0 -9999.0 -9999.0 -9999.0 -9999.0 -9999.0 -9999.0 -9999.0 -9999.0 -9999.0 -9999.0 -9999.0 -9999.0 -9999.0 -9999.0 -9999.0 -9999.0 -9999.0 -9999.0 -9999.0 -9999.0 -9999.0 -9999.0 -9999.0 -9999.0 -9999.0 -9999.0 -9999.0 -9999.0 -9999.0 -9999.0 -9999.0 -9999.0 -9999.0 -9999.0 -9999.0 -9999.0 -9999.0 -9999.0 -9999.0 -9999.0 -9999.0 -9999.0 -9999.0 -9999.0 -9999.0 -9999.0 -9999.0 -9999.0 -9999.0 -9999.0 -9999.0 -9999.0 -9999.0 -9999.0 -9999.0 -9999.0 -9999.0 -9999.0 -9999.0 -9999.0 -9999.0 -9999.0 -9999.0 -9999.0 -9999.0 -9999.0 -9999.0 -9999.0 -9999.0 -9999.0 -9999.0 -9999.0 -9999.0