Borden_/Borden1m_014/output_maps/psiliqL0030N0039.asc
ncols         80
nrows         18
xllcorner     620200.000000
yllcorner     5168000.000000
cellsize      1.000000
NODATA_value  -9999.0
-9999.0 -9999.0 -9999.0 -9999.0 -9999.0 -9999.0 -9999.0 -9999.0 -9999.0 -9999.0 -9999.0 -9999.0 -9999.0 -9999.0 -9999.0 -9999.0 -9999.0 -9999.0 -9999.0 -9999.0 -9999.0 -9999.0 -9999.0 -9999.0 -9999.0 -9999.0 -9999.0 -9999.0 -9999.0 -9999.0 -9999.0 -9999.0 -9999.0 -9999.0 -9999.0 -9999.0 -9999.0 -9999.0 -9999.0 -9999.0 -9999.0 -9999.0 -9999.0 -9999.0 -9999.0 -9999.0 -9999.0 -9999.0 -9999.0 -9999.0 -9999.0 -9999.0 -9999.0 -9999.0 -9999.0 -9999.0 -9999.0 -9999.0 -9999.0 -9999.0 -9999.0 -9999.0 -9999.0 -9999.0 -9999.0 -9999.0 -9999.0 -9999.0 -9999.0 -9999.0 -9999.0 -9999.0 -9999.0 -9999.0 -9999.0 -9999.0 -9999.0 -9999.0 -9999.0 -9999.0
-9999.0 -9999.0 -9999.0 -9999.0 -9999.0 -9999.0 -9999.0 -9999.0 -9999.0 -9999.0 -9999.0 -9999.0 -9999.0 -9999.0 -9999.0 -9999.0 -9999.0 -9999.0 -9999.0 -9999.0 -9999.0 -9999.0 -9999.0 -9999.0 -9999.0 -9999.0 -9999.0 -9999.0 -9999.0 -9999.0 -9999.0 -9999.0 -9999.0 -9999.0 -9999.0 -9999.0 -9999.0 -9999.0 -9999.0 -9999.0 -9999.0 -9999.0 -9999.0 -9999.0 -9999.0 -9999.0 -9999.0 -9999.0 -9999.0 -9999.0 -9999.0 -9999.0 -9999.0 -9999.0 -9999.0 -9999.0 -9999.0 -9999.0 -9999.0 -9999.0 -9999.0 -9999.0 -9999.0 -9999.0 -9999.0 -9999.0 -9999.0 -9999.0 -9999.0 -9999.0 -9999.0 -9999.0 -9999.0 -9999.0 -9999.0 -9999.0 -9999.0 -9999.0 -9999.0 -9999.0
-9999.0 -9999.0 -9999.0 -9999.0 -9999.0 -9999.0 -9999.0 -9999.0 -9999.0 -9999.0 -9999.0 -9999.0 -9999.0 -9999.0 -9999.0 -9999.0 -9999.0 -9999.0 -9999.0 -9999.0 4125.027937 4125.473028 4103.914318 4069.588303 4041.142757 4042.732658 4074.992612 4115.309451 4154.114115 4160.523325 4140.880594 4144.947034 4140.397534 4134.671217 4134.012808 4141.942937 4149.271062 4158.425470 4164.892775 4161.978016 4154.219669 4149.256886 4152.640453 4153.781930 4160.343773 4144.603157 4161.235253 4177.830638 4182.270958 4180.165653 4157.295986 4146.392668 4138.668358 4123.075530 4150.400169 4162.124402 4185.975042 4190.906953 4188.983126 4162.538666 4132.620613 -9999.0 -9999.0 -9999.0 -9999.0 -9999.0 -9999.0 -9999.0 -9999.0 -9999.0 -9999.0 -9999.0 -9999.0 -9999.0 -9999.0 -9999.0 -9999.0 -9999.0 -9999.0 -9999.0
-9999.0 -9999.0 -9999.0 -9999.0 -9999.0 -9999.0 -9999.0 -9999.0 -9999.0 -9999.0 -9999.0 -9999.0 -9999.0 -9999.0 4035.000098 4026.423968 4023.348849 4030.081703 4061.997952 4092.103933 4103.449387 4095.784453 4095.304561 4069.958690 4046.102724 4057.981121 4087.005277 4116.864124 4149.684425 4165.904219 4154.855172 4151.914356 4157.700492 4175.111525 4181.353505 4177.308626 4160.262326 4184.831366 4197.218743 4200.290792 4197.893760 4187.620974 4194.965211 4208.429482 4201.239857 4186.503236 4199.319223 4215.276301 4225.388544 4218.912890 4162.465836 4152.791466 4150.002829 4146.979419 4134.410144 4131.619680 4161.296497 4161.054565 4154.509687 4137.867868 4104.657943 4059.399488 4040.691915 4082.368426 4126.370639 4182.765368 -9999.0 -9999.0 -9999.0 -9999.0 -9999.0 -9999.0 -9999.0 -9999.0 -9999.0 -9999.0 -9999.0 -9999.0 -9999.0 -9999.0
-9999.0 -9999.0 -9999.0 -9999.0 -9999.0 -9999.0 -9999.0 -9999.0 -9999.0 3977.611887 3983.922305 3990.575451 3992.884382 4007.576688 4003.703367 4010.243754 4012.900075 4039.957668 4068.610133 4101.281509 4127.368405 4117.827256 4115.694374 4117.176072 4108.161708 4114.281026 4134.111442 4169.665569 4198.223881 4231.857771 4196.696001 4190.818788 4207.730597 4247.039827 4266.567158 4266.582978 4247.592732 4267.364396 4290.552181 4304.264479 4300.057241 4293.008183 4319.778397 4335.768614 4326.790419 4304.159411 4306.500165 4316.350427 4346.866556 4295.706753 4228.984254 4194.449113 4214.083281 4195.533231 4173.463149 4165.534235 4167.649998 4188.385208 4177.937061 4145.266685 4113.217986 4101.499794 4085.220243 4108.039032 4132.098249 4178.989802 4219.657480 4250.077115 4249.605765 4232.553554 -9999.0 -9999.0 -9999.0 -9999.0 -9999.0 -9999.0 -9999.0 -9999.0 -9999.0 -9999.0
-9999.0 -9999.0 -9999.0 -9999.0 -9999.0 -9999.0 3899.163696 3909.854857 3930.533161 3932.139124 3958.716693 3962.973315 3980.891852 3997.023369 4018.519131 4029.708335 4052.631359 4081.269929 4115.338053 4150.811522 4176.683674 4162.758535 4166.691743 4182.299281 4204.731045 4220.125970 4242.293102 4280.165042 4352.635369 4388.416575 4376.312206 4376.033265 4384.001663 4435.287996 4499.621951 4509.077566 4488.154330 4475.729595 4501.171215 4540.023427 4536.121810 4534.718710 4549.585332 4561.237333 4588.333521 4576.068424 4540.157429 4537.386965 4547.024804 4520.985467 4447.907807 4391.918705 4377.344224 4329.598300 4244.305439 4205.009944 4234.932306 4266.120450 4246.724466 4198.287526 4168.548936 4164.876946 4155.242051 4150.717330 4165.503417 4189.918207 4214.497115 4229.322184 4217.884545 4197.240265 4176.099442 4148.277694 4151.332084 4176.321412 -9999.0 -9999.0 -9999.0 -9999.0 -9999.0 -9999.0
-9999.0 -9999.0 -9999.0 -9999.0 3850.084005 3862.705384 3846.629322 3872.857730 3904.159916 3937.143156 3962.777087 3992.397544 4013.857036 4039.073971 4069.403006 4086.855448 4115.576197 4143.434146 4188.519981 4247.710942 4290.164179 4300.544377 4307.864478 4357.930251 4413.776168 4459.755388 4478.619564 4505.361122 4554.317035 4611.664451 4633.328419 4635.190448 4652.236439 4698.976408 4759.189238 4795.456647 4777.159066 4767.446983 4779.314410 4795.158190 4817.343272 4817.349223 4818.519735 4823.521628 4832.355686 4829.803447 4801.437417 4767.184224 4753.910582 4742.959196 4700.732289 4626.093077 4597.785848 4567.012956 4518.713805 4462.077951 4420.109216 4426.283061 4370.336206 4313.844719 4266.880858 4262.899415 4245.288738 4231.687492 4217.476383 4232.611946 4246.797658 4232.923072 4203.205048 4174.587905 4162.240799 4145.119483 4133.722976 4165.368070 4183.435681 4212.643697 -9999.0 -9999.0 -9999.0 -9999.0
-9999.0 -9999.0 3791.603040 3835.350102 3892.015769 3896.720882 3886.952810 3888.269009 3913.422702 3961.252643 4019.053146 4051.543941 4075.838698 4105.427314 4153.589478 4210.412352 4267.682806 4309.988388 4369.462519 4440.351990 4499.902304 4525.895385 4533.690110 4570.348306 4627.178080 4700.560389 4730.169266 4757.930806 4791.748145 4830.780721 4815.582987 4825.159630 4839.126810 4855.634188 4874.067441 4883.054981 4877.518341 4872.765770 4853.805237 4848.007482 4854.368091 4863.625346 4861.705727 4846.524590 4842.516945 4858.042100 4865.131019 4862.472734 4858.596770 4862.701045 4855.091427 4802.682614 4792.206209 4775.850819 4762.188139 4714.197059 4645.070284 4614.296885 4590.761424 4547.407242 4472.666206 4438.190212 4400.287979 4367.652615 4332.436531 4322.916898 4293.066470 4262.378697 4224.765807 4184.815394 4166.639109 4153.370234 4153.506012 4154.253938 4172.497120 4188.269943 4204.352614 4212.478874 -9999.0 -9999.0
-9999.0 3679.240289 3749.320659 3868.595248 3944.958439 3978.610996 3978.610585 3974.659098 3999.098295 4034.500107 4115.894411 4153.410259 4236.244671 4276.278649 4315.457906 4405.757462 4503.741667 4549.279256 4590.872798 4659.327078 4728.967117 4777.903543 4805.177186 4772.872191 4815.626761 4852.342779 4862.769855 4871.485662 4873.261067 4864.570315 4858.811134 4865.198922 4861.844405 4841.848229 4824.999586 4822.947211 4819.359572 4795.326724 4767.234107 4750.925183 4751.503032 4777.367773 4763.585231 4741.856327 4737.298007 4759.510954 4782.235354 4771.066735 4757.666437 4774.500891 4810.147826 4837.185237 4835.178745 4854.605173 4875.931014 4845.459820 4826.476430 4780.513181 4762.871685 4736.850770 4677.876065 4622.801092 4573.780237 4525.574138 4473.973852 4427.191995 4380.171154 4333.384480 4281.243998 4249.037590 4225.793583 4184.920986 4174.494985 4182.145572 4178.219926 4177.008556 4183.710715 4190.338292 -9999.0 -9999.0
-9999.0 3576.344563 3713.324941 3887.609693 4028.004298 4062.699413 4110.993853 4160.397810 4171.378555 4108.258039 4210.734631 4432.164808 4566.112290 4586.832550 4666.748091 4767.800574 4739.059286 4772.248766 4797.343643 4830.115708 4856.324771 4873.060817 4871.965680 4867.497454 4850.471028 4842.341410 4841.317154 4839.021127 4820.982595 4801.451610 4784.214910 4780.455663 4761.374318 4708.555616 4674.085771 4655.195120 4633.418239 4620.846670 4594.506924 4567.747435 4549.697998 4557.692530 4557.916504 4545.717048 4541.338412 4558.569052 4589.638200 4589.461899 4603.973522 4624.160026 4659.856923 4699.676638 4719.376302 4749.340865 4785.740285 4836.288798 4843.121011 4866.081746 4868.372520 4860.723186 4812.096254 4758.963504 4728.869334 4672.161465 4612.390516 4550.496538 4500.691575 4455.705214 4399.812190 4366.761353 4328.550053 4275.145235 4235.051207 4231.395760 4199.223705 4188.011533 -9999.0 -9999.0 -9999.0 -9999.0
-9999.0 3464.408255 3639.606516 3870.069291 4171.628303 4231.587930 4437.857634 4553.355901 4590.695105 4661.489724 4509.465023 4743.116556 4804.911902 4802.236122 4826.358941 4830.931211 4846.225047 4845.072655 4839.952785 4828.570532 4818.476532 4813.513146 4812.617075 4804.605205 4791.751837 4776.871495 4764.631633 4752.586214 4714.633348 4681.588317 4639.572273 4626.278997 4577.621355 4483.646366 4444.954340 4403.809538 4339.539277 4343.795392 4355.229294 4331.891412 4311.482546 4279.850104 4312.523333 4326.058546 4331.306383 4324.219758 4331.899870 4363.757185 4414.616931 4450.056011 4489.070842 4537.962881 4569.439785 4609.165802 4648.541057 4701.651631 4734.010643 4763.505630 4814.465327 4851.966697 4875.143027 4859.767676 4843.136306 4796.004546 4734.770605 4684.828842 4654.738076 4602.733379 4558.627242 4515.361811 4468.803469 4415.999452 4354.256837 4307.630698 4274.942781 -9999.0 -9999.0 -9999.0 -9999.0 -9999.0
-9999.0 3223.868934 3485.201754 3740.895699 4000.530662 4352.791363 4546.246273 4635.732837 4701.819050 4693.945088 4725.971107 4730.046083 4768.165298 4776.804641 4755.639318 4740.571089 4721.241224 4720.150511 4733.366035 4705.190013 4673.846683 4659.902364 4660.940536 4650.278477 4625.681643 4610.854430 4601.703597 4582.375916 4538.997139 4487.169637 4400.316913 4361.995384 4279.847861 4246.100221 4211.244528 4164.102771 4120.946933 4128.453488 4155.541484 4148.287656 4127.969448 4111.500846 4142.069878 4164.383419 4178.283719 4160.556911 4166.834635 4201.483199 4248.009666 4288.681518 4332.289420 4380.289368 4423.075176 4461.465236 4480.386812 4517.963750 4560.677672 4602.934578 4674.390453 4755.604307 4793.465689 4829.353865 4856.819512 4879.376443 4835.612811 4810.571663 4785.889956 4761.261167 4713.791019 4667.669804 4627.047604 4560.363322 4500.750026 -9999.0 -9999.0 -9999.0 -9999.0 -9999.0 -9999.0 -9999.0
-9999.0 3117.139374 3298.045679 3471.760313 3704.795812 3933.623334 4171.581918 4261.646665 4333.794703 4421.388412 4484.337819 4525.438732 4551.294368 4573.760672 4551.449216 4503.018058 4469.559290 4474.949510 4464.138394 4444.018652 4416.692094 4404.213278 4401.088116 4396.805599 4376.333021 4367.062951 4360.947002 4343.410374 4319.692242 4266.373474 4196.617463 4121.703037 4069.794739 4054.511015 4034.273933 4009.496654 3986.344589 4000.771948 4013.288924 4014.797157 4010.120894 4011.806016 4040.836049 4061.217780 4070.598927 4060.350278 4078.483162 4100.635756 4136.361647 4175.189853 4219.442549 4269.175175 4317.351968 4335.802591 4335.251838 4343.402117 4369.030561 4411.203618 4487.197233 4574.104542 4655.450953 4702.481732 4754.439879 4795.889343 4825.777398 4847.532337 4872.388096 4867.326010 4839.810963 4805.496824 4744.655563 -9999.0 -9999.0 -9999.0 -9999.0 -9999.0 -9999.0 -9999.0 -9999.0 -9999.0
-9999.0 -9999.0 3074.573563 3213.248004 3288.601987 3439.468512 3575.182520 3680.194511 3787.813904 3942.328842 4073.324704 4172.575508 4221.373182 4237.405428 4224.397415 4198.369032 4183.047993 4182.448945 4169.993079 4165.544242 4153.616406 4149.360449 4136.869661 4129.760028 4128.305240 4129.780621 4128.768173 4121.828888 4107.095137 4067.641126 4035.481003 3993.908373 3950.534057 3930.890114 3914.892229 3900.493945 3907.555331 3902.601616 3908.418149 3912.327545 3923.566775 3938.735640 3957.877642 3981.086869 3990.824853 4001.785911 4012.047859 4032.917161 4061.794143 4101.477846 4152.421028 4207.031871 4242.448195 4248.092683 4227.972041 4220.341450 4225.351118 4251.205854 4310.649831 4378.049574 4470.050775 4537.109525 4604.645953 4662.032654 4689.678109 4726.099748 4798.824676 4847.037900 4892.591487 4870.015513 -9999.0 -9999.0 -9999.0 -9999.0 -9999.0 -9999.0 -9999.0 -9999.0 -9999.0 -9999.0
-9999.0 -9999.0 -9999.0 -9999.0 3069.102051 3208.540545 3302.493369 3376.427170 3510.867347 3645.060963 3753.062629 3842.838030 3916.058799 3942.922249 3947.349966 3970.144308 3971.215831 3960.589442 3949.184001 3957.121805 3965.200178 3959.841408 3941.962330 3936.971633 3943.332705 3953.922647 3953.913143 3943.033076 3926.570822 3918.157055 3910.532386 3883.405745 3854.690546 3829.965185 3820.476121 3820.410066 3822.077884 3814.785028 3823.800703 3834.239654 3851.002937 3866.338307 3889.818281 3919.985689 3935.261165 3949.896786 3957.837916 3975.265754 4003.246646 4054.213734 4115.587508 4172.143629 4206.136821 4205.781443 4176.332267 4153.145133 4138.435845 4153.506811 4179.281124 4226.725994 4315.105934 4376.974716 4419.892027 4456.716262 4493.103194 4560.544033 4659.057374 4742.417864 -9999.0 -9999.0 -9999.0 -9999.0 -9999.0 -9999.0 -9999.0 -9999.0 -9999.0 -9999.0 -9999.0 -9999.0
-9999.0 -9999.0 -9999.0 -9999.0 -9999.0 -9999.0 3047.298496 3153.773070 3210.215121 3368.882584 3521.570170 3632.239183 3717.625677 3756.454295 3795.051202 3827.900504 3830.010547 3808.878702 3785.692528 3809.565791 3832.209492 3825.895293 3792.507555 3795.880113 3805.421632 3814.660451 3813.854284 3810.442938 3788.719356 3811.036380 3820.309032 3800.969191 3778.925397 3769.710333 3760.541809 3772.419691 3773.908696 3760.132300 3758.890850 3788.172286 3810.172561 3823.107692 3843.766396 3877.027448 3909.587462 3925.439617 3925.890546 3929.594255 3964.346628 4031.675474 4102.636712 4157.982178 4189.049900 4193.152103 4161.645421 4115.874215 4088.633595 4085.710547 4107.760878 4144.191581 4203.084345 4237.337993 4244.204343 4240.390728 4249.213405 4351.886965 -9999.0 -9999.0 -9999.0 -9999.0 -9999.0 -9999.0 -9999.0 -9999.0 -9999.0 -9999.0 -9999.0 -9999.0 -9999.0 -9999.0
-9999.0 -9999.0 -9999.0 -9999.0 -9999.0 -9999.0 -9999.0 -9999.0 -9999.0 -9999.0 -9999.0 -9999.0 -9999.0 -9999.0 -9999.0 -9999.0 -9999.0 -9999.0 -9999.0 -9999.0 -9999.0 -9999.0 -9999.0 -9999.0 -9999.0 -9999.0 -9999.0 -9999.0 -9999.0 -9999.0 -9999.0 -9999.0 -9999.0 -9999.0 -9999.0 -9999.0 -9999.0 -9999.0 -9999.0 -9999.0 -9999.0 -9999.0 -9999.0 -9999.0 -9999.0 -9999.0 -9999.0 -9999.0 -9999.0 -9999.0 -9999.0 -9999.0 -9999.0 -9999.0 -9999.0 -9999.0 -9999.0 -9999.0 -9999.0 -9999.0 -9999.0 -9999.0 -9999.0 -9999.0 -9999.0 -9999.0 -9999.0 -9999.0 -9999.0 -9999.0 -9999.0 -9999.0 -9999.0 -9999.0 -9999.0 -9999.0 -9999.0 -9999.0 -9999.0 -9999.0
-9999.0 -9999.0 -9999.0 -9999.0 -9999.0 -9999.0 -9999.0 -9999.0 -9999.0 -9999.0 -9999.0 -9999.0 -9999.0 -9999.0 -9999.0 -9999.0 -9999.0 -9999.0 -9999.0 -9999.0 -9999.0 -9999.0 -9999.0 -9999.0 -9999.0 -9999.0 -9999.0 -9999.0 -9999.0 -9999.0 -9999.0 -9999.0 -9999.0 -9999.0 -9999.0 -9999.0 -9999.0 -9999.0 -9999.0 -9999.0 -9999.0 -9999.0 -9999.0 -9999.0 -9999.0 -9999.0 -9999.0 -9999.0 -9999.0 -9999.0 -9999.0 -9999.0 -9999.0 -9999.0 -9999.0 -9999.0 -9999.0 -9999.0 -9999.0 -9999.0 -9999.0 -9999.0 -9999.0 -9999.0 -9999.0 -9999.0 -9999.0 -9999.0 -9999.0 -9999.0 -9999.0 -9999.0 -9999.0 -9999.0 -9999.0 -9999.0 -9999.0 -9999.0 -9999.0 -9999.0