Borden_/Borden1m_014/output_maps/psiliqL0009N0040.asc
ncols         80
nrows         18
xllcorner     620200.000000
yllcorner     5168000.000000
cellsize      1.000000
NODATA_value  -9999.0
-9999.0 -9999.0 -9999.0 -9999.0 -9999.0 -9999.0 -9999.0 -9999.0 -9999.0 -9999.0 -9999.0 -9999.0 -9999.0 -9999.0 -9999.0 -9999.0 -9999.0 -9999.0 -9999.0 -9999.0 -9999.0 -9999.0 -9999.0 -9999.0 -9999.0 -9999.0 -9999.0 -9999.0 -9999.0 -9999.0 -9999.0 -9999.0 -9999.0 -9999.0 -9999.0 -9999.0 -9999.0 -9999.0 -9999.0 -9999.0 -9999.0 -9999.0 -9999.0 -9999.0 -9999.0 -9999.0 -9999.0 -9999.0 -9999.0 -9999.0 -9999.0 -9999.0 -9999.0 -9999.0 -9999.0 -9999.0 -9999.0 -9999.0 -9999.0 -9999.0 -9999.0 -9999.0 -9999.0 -9999.0 -9999.0 -9999.0 -9999.0 -9999.0 -9999.0 -9999.0 -9999.0 -9999.0 -9999.0 -9999.0 -9999.0 -9999.0 -9999.0 -9999.0 -9999.0 -9999.0
-9999.0 -9999.0 -9999.0 -9999.0 -9999.0 -9999.0 -9999.0 -9999.0 -9999.0 -9999.0 -9999.0 -9999.0 -9999.0 -9999.0 -9999.0 -9999.0 -9999.0 -9999.0 -9999.0 -9999.0 -9999.0 -9999.0 -9999.0 -9999.0 -9999.0 -9999.0 -9999.0 -9999.0 -9999.0 -9999.0 -9999.0 -9999.0 -9999.0 -9999.0 -9999.0 -9999.0 -9999.0 -9999.0 -9999.0 -9999.0 -9999.0 -9999.0 -9999.0 -9999.0 -9999.0 -9999.0 -9999.0 -9999.0 -9999.0 -9999.0 -9999.0 -9999.0 -9999.0 -9999.0 -9999.0 -9999.0 -9999.0 -9999.0 -9999.0 -9999.0 -9999.0 -9999.0 -9999.0 -9999.0 -9999.0 -9999.0 -9999.0 -9999.0 -9999.0 -9999.0 -9999.0 -9999.0 -9999.0 -9999.0 -9999.0 -9999.0 -9999.0 -9999.0 -9999.0 -9999.0
-9999.0 -9999.0 -9999.0 -9999.0 -9999.0 -9999.0 -9999.0 -9999.0 -9999.0 -9999.0 -9999.0 -9999.0 -9999.0 -9999.0 -9999.0 -9999.0 -9999.0 -9999.0 -9999.0 -9999.0 -64.317694 -61.238293 -83.695151 -117.425553 -145.461734 -143.101616 -107.641195 -65.850689 -27.102599 -15.929074 -33.448537 -31.341549 -35.746924 -35.306499 -31.620095 -24.937259 -21.596116 -9.451443 -0.088259 0.516584 -4.951250 -10.072059 -10.538275 -6.774960 -1.869190 -11.712121 1.259515 16.088211 21.571831 15.007678 -14.124986 -31.396765 -40.805469 -56.391564 -32.677661 -20.832196 1.727382 5.606164 3.843752 -23.712306 -54.140725 -9999.0 -9999.0 -9999.0 -9999.0 -9999.0 -9999.0 -9999.0 -9999.0 -9999.0 -9999.0 -9999.0 -9999.0 -9999.0 -9999.0 -9999.0 -9999.0 -9999.0 -9999.0 -9999.0
-9999.0 -9999.0 -9999.0 -9999.0 -9999.0 -9999.0 -9999.0 -9999.0 -9999.0 -9999.0 -9999.0 -9999.0 -9999.0 -9999.0 -155.614895 -165.557711 -168.312159 -159.469358 -125.333622 -94.989333 -82.296201 -89.613385 -89.327638 -112.455051 -132.171287 -117.424965 -87.168861 -54.526729 -18.717251 3.286650 -8.433605 -10.290108 1.367296 30.609701 47.005209 45.331170 24.438576 48.298307 66.525464 78.133517 79.003563 71.460752 87.258922 104.466898 97.341462 78.192110 80.090296 90.734293 103.866212 85.808347 16.695324 -7.145091 -12.423600 -20.742255 -35.690514 -43.359867 -19.186686 -18.913765 -27.811393 -46.414671 -79.231805 -123.560427 -141.822694 -103.623286 -59.440356 -1.514176 -9999.0 -9999.0 -9999.0 -9999.0 -9999.0 -9999.0 -9999.0 -9999.0 -9999.0 -9999.0 -9999.0 -9999.0 -9999.0 -9999.0
-9999.0 -9999.0 -9999.0 -9999.0 -9999.0 -9999.0 -9999.0 -9999.0 -9999.0 -213.351074 -209.489878 -202.186925 -200.103842 -184.224492 -185.851272 -178.577401 -170.331081 -143.547726 -111.804746 -75.887922 -46.149556 -55.177614 -53.860973 -40.700405 -32.741349 -18.086970 5.266853 49.480861 96.250042 142.638623 115.632610 115.080790 137.512775 192.957824 236.761717 248.586883 229.079057 235.321832 265.985168 296.274103 301.703606 302.713748 329.220894 343.411030 347.658688 326.288182 303.830137 298.672380 321.297153 263.761750 187.985294 126.222206 122.761566 86.598835 40.869382 15.146992 10.261250 30.835708 13.786200 -25.534448 -63.497400 -74.191882 -91.641518 -75.828610 -53.658601 -6.940358 31.623956 60.214062 60.040493 42.270907 -9999.0 -9999.0 -9999.0 -9999.0 -9999.0 -9999.0 -9999.0 -9999.0 -9999.0 -9999.0
-9999.0 -9999.0 -9999.0 -9999.0 -9999.0 -9999.0 -292.267855 -283.333118 -263.451687 -257.876867 -233.199934 -225.349685 -204.398934 -184.524969 -163.165721 -145.279511 -113.208473 -79.151319 -35.680521 11.306135 47.203786 45.745785 59.341967 97.532711 145.869108 183.696458 214.459966 262.479393 348.006779 398.586016 414.177189 421.071950 431.359702 477.639467 540.705528 557.936490 538.789758 525.638338 547.132976 588.351620 611.424294 616.762794 625.740181 634.245805 659.211718 648.389885 594.765705 571.300785 562.568641 547.225794 489.278827 424.964977 380.304243 325.494592 234.955767 166.718372 162.781634 175.741908 139.419945 79.803630 32.359317 18.474947 1.322012 -14.636014 -10.622255 7.722933 30.181633 40.868006 27.660908 6.466808 -17.006855 -46.025419 -44.431034 -19.023948 -9999.0 -9999.0 -9999.0 -9999.0 -9999.0 -9999.0
-9999.0 -9999.0 -9999.0 -9999.0 -342.084439 -329.618393 -341.230796 -317.356514 -285.097372 -251.414906 -218.364671 -180.022852 -151.672564 -120.459421 -76.806484 -35.766499 12.613063 52.637743 114.155640 192.854993 256.078140 290.611656 313.936144 379.324505 442.313973 494.984611 516.588139 546.610436 593.549235 666.558783 697.007990 703.076277 718.484912 749.296534 789.917486 821.997174 806.424974 803.922176 809.683265 821.616962 849.016206 851.868572 854.011587 855.220520 857.895217 856.873026 831.716224 797.824059 783.606270 773.700083 746.016431 681.678311 626.740589 592.617007 561.890502 511.561657 441.149780 416.234958 355.681829 293.460508 216.255514 182.753384 143.847046 111.997155 76.313159 73.224694 73.010355 50.609510 17.990669 -15.033035 -30.541832 -49.490253 -59.874324 -29.996966 -12.275120 18.742428 -9999.0 -9999.0 -9999.0 -9999.0
-9999.0 -9999.0 -400.395794 -350.537815 -294.477960 -285.633932 -283.224197 -277.549326 -249.698300 -197.688582 -117.032916 -60.537920 -11.346766 24.223155 90.905564 186.864475 278.246594 334.873002 397.146826 465.480065 528.868220 568.590448 598.841688 641.308565 690.147869 744.907997 767.889289 794.454797 825.634513 858.798391 879.883370 894.792401 901.165141 898.899464 900.388793 899.393460 895.995341 891.969615 875.267415 873.280067 881.628374 885.821800 888.882177 876.253287 872.264978 884.623640 886.402819 885.343977 885.503003 893.043369 899.873162 866.268270 817.123864 801.346909 790.471865 750.466151 685.346933 631.562929 606.091549 563.757621 483.226815 427.163067 372.275590 315.362994 252.374294 209.043221 152.291590 103.923710 53.778542 6.084366 -18.477627 -37.452947 -39.994110 -39.604691 -23.573618 -7.943493 7.487206 15.319452 -9999.0 -9999.0
-9999.0 -499.782333 -427.105705 -299.435491 -219.881595 -173.762970 -132.659277 -101.707081 -73.774465 -54.010282 62.345823 181.156515 284.625862 323.262501 380.701686 482.989745 588.495877 633.224050 664.960553 713.232651 768.502124 812.488103 842.248427 868.599753 897.250563 900.093026 900.027550 900.986775 895.220714 888.148430 878.837713 885.700620 882.562794 865.110916 849.599639 845.900545 837.434495 815.064793 788.391085 775.290773 779.523201 801.154872 790.677772 770.673421 766.985390 787.007458 803.823764 795.192895 782.697893 801.325419 835.375492 856.852425 871.358729 886.095221 906.191124 882.872900 850.251145 808.425348 786.912703 759.323933 692.514365 628.128196 572.680700 508.107383 439.586442 366.340985 296.135965 225.810008 150.020681 104.700132 70.205117 16.256253 -7.956950 -7.229675 -16.881157 -19.706313 -13.309838 -6.909268 -9999.0 -9999.0
-9999.0 -572.378995 -428.829000 -242.400112 -93.420174 -26.876078 96.377487 191.928424 229.746944 209.415597 331.379014 563.660699 649.185983 663.973226 727.980621 806.190565 842.507980 871.054465 888.951569 887.932854 888.081244 893.720849 891.653933 885.667060 871.965835 864.298173 863.276467 859.676384 840.197331 820.354344 803.032870 799.334510 780.901773 741.947047 706.021240 687.441296 666.650667 642.945037 608.438043 582.711627 570.338310 589.160433 579.796592 561.677927 557.832413 580.909623 613.286110 607.394924 612.399889 635.176789 678.323421 726.136303 750.361045 778.336953 815.636786 858.592059 876.795222 896.548089 901.174489 878.601581 833.286106 784.835519 749.407786 677.525007 600.702887 518.326915 453.133285 391.192523 320.330933 268.860085 214.344049 149.782115 87.280178 56.357519 14.934295 -6.910077 -9999.0 -9999.0 -9999.0 -9999.0
-9999.0 -639.604030 -448.030037 -181.581841 85.677561 226.618448 428.954314 566.532981 643.791692 694.904357 727.720479 841.368456 866.287770 858.120616 843.902869 844.696079 858.466221 861.904070 857.483058 846.035730 835.223890 829.549516 826.953496 822.177593 810.362694 795.406057 782.386524 767.260052 719.849689 683.814844 650.946424 635.737414 599.969987 510.270099 465.621820 432.162566 377.184462 366.360239 353.898247 323.607589 303.853432 287.501667 306.140464 306.488727 307.399867 315.261351 336.383660 357.245916 400.361894 437.003051 482.520220 537.358168 572.661842 616.723662 667.359613 732.277149 765.190915 793.755030 837.523596 879.498006 901.598644 892.476408 862.011929 817.127710 745.861185 666.594647 610.536543 533.425133 467.151673 416.710364 375.698752 326.301963 256.320555 153.527185 105.764701 -9999.0 -9999.0 -9999.0 -9999.0 -9999.0
-9999.0 -796.903442 -528.524400 -230.839376 106.723489 430.850384 544.797019 705.165824 780.764417 724.674805 706.692429 738.738497 775.858825 785.131959 764.672897 755.899306 748.255576 747.979578 758.573063 725.820017 689.869781 674.875264 673.678607 662.248167 639.864653 622.062271 608.335458 586.833535 534.954154 484.233864 407.735508 380.678462 304.730866 232.868946 178.452332 124.363015 68.926597 65.020912 79.614624 61.920825 38.588701 19.330625 45.244185 61.227238 72.606017 63.218088 73.376978 110.588229 163.811693 213.412427 271.943771 333.761933 383.939658 435.823792 471.922891 527.874853 576.136447 623.374171 698.369243 782.969432 817.769504 852.483357 887.328255 900.816460 850.735477 795.590787 736.514530 658.095507 562.045794 514.663179 494.983500 467.570733 418.030893 -9999.0 -9999.0 -9999.0 -9999.0 -9999.0 -9999.0 -9999.0
-9999.0 -930.148269 -699.417404 -451.806918 -150.200909 95.029671 284.651359 405.555734 496.572223 489.290163 501.798046 533.773191 565.893203 588.444878 565.560151 528.228478 501.035405 504.020083 501.419500 474.389916 442.890645 427.478733 425.800004 418.332276 392.447288 375.384397 362.457645 337.188004 296.780480 234.142334 142.827963 69.142423 3.731525 -34.813828 -67.560554 -102.378299 -142.029366 -132.129620 -118.072406 -123.013677 -135.599443 -140.168512 -110.557937 -92.074427 -81.947615 -94.857949 -76.057619 -48.417894 -5.252192 38.822112 90.264098 149.528544 209.244987 246.353617 268.172900 303.931894 350.902785 410.995957 499.092727 596.392397 671.658869 726.385175 778.174362 806.362591 819.007150 830.807645 805.808278 713.584707 568.958186 554.208212 556.028727 -9999.0 -9999.0 -9999.0 -9999.0 -9999.0 -9999.0 -9999.0 -9999.0 -9999.0
-9999.0 -9999.0 -936.281318 -746.967764 -587.782361 -400.601159 -247.526593 -137.735246 -58.927412 32.737771 126.833823 209.498372 255.609804 274.006775 255.094125 211.020205 181.816761 180.750000 170.011563 154.026140 127.710948 117.265763 106.906580 98.286819 84.164576 75.753897 69.100247 56.186798 31.035675 -18.980957 -74.306647 -128.189583 -183.905366 -210.046294 -232.740081 -255.865542 -259.646162 -261.669567 -254.963608 -253.861058 -248.564195 -236.863940 -216.088962 -194.704860 -185.277485 -178.150964 -165.512024 -141.668934 -108.169337 -66.531672 -13.073958 44.383748 84.832791 98.972638 91.486113 100.391870 126.945582 179.514269 278.909416 375.150763 470.004571 541.866247 612.801501 660.362657 673.608794 688.711779 709.264300 625.768107 358.492906 484.953509 -9999.0 -9999.0 -9999.0 -9999.0 -9999.0 -9999.0 -9999.0 -9999.0 -9999.0 -9999.0
-9999.0 -9999.0 -9999.0 -9999.0 -890.403923 -733.332733 -638.907199 -555.862141 -433.992491 -324.411725 -231.415162 -153.789935 -99.534046 -75.368477 -86.562246 -92.502738 -101.303530 -105.455808 -114.460756 -120.215698 -126.128336 -134.282454 -145.999415 -153.863904 -154.903407 -151.753231 -154.234086 -167.834988 -184.474925 -212.200254 -236.762339 -272.501263 -309.931065 -339.351711 -352.553870 -359.546753 -359.370669 -364.941314 -355.430268 -349.076832 -334.218417 -318.783571 -294.755692 -266.428532 -253.830726 -239.625661 -229.875500 -208.959790 -178.834217 -125.965825 -63.519269 -7.213082 26.972855 30.546910 4.189655 -11.594494 -14.012385 16.415280 68.797894 147.073006 262.982610 346.227265 412.643967 459.328737 490.161272 531.477432 572.405074 587.298040 -9999.0 -9999.0 -9999.0 -9999.0 -9999.0 -9999.0 -9999.0 -9999.0 -9999.0 -9999.0 -9999.0 -9999.0
-9999.0 -9999.0 -9999.0 -9999.0 -9999.0 -9999.0 -945.978622 -851.361438 -764.481372 -641.949659 -527.923878 -435.639504 -360.907470 -335.593148 -317.859830 -295.524062 -300.124916 -317.174878 -333.860592 -317.410880 -307.867606 -312.883832 -340.477698 -342.021822 -338.594547 -329.387746 -330.714445 -336.945948 -361.902345 -353.888025 -355.452962 -378.664102 -404.876954 -419.345111 -430.931343 -420.937742 -420.100205 -432.628370 -430.206277 -404.088829 -384.347556 -370.870140 -348.332175 -315.201677 -283.264381 -269.022829 -268.091303 -261.877156 -220.344655 -150.095982 -79.958723 -26.632019 3.988846 10.916456 -18.277365 -59.955795 -81.924112 -75.251301 -39.769845 16.175644 98.345857 154.571449 191.994594 218.564358 250.383893 346.903706 -9999.0 -9999.0 -9999.0 -9999.0 -9999.0 -9999.0 -9999.0 -9999.0 -9999.0 -9999.0 -9999.0 -9999.0 -9999.0 -9999.0
-9999.0 -9999.0 -9999.0 -9999.0 -9999.0 -9999.0 -9999.0 -9999.0 -9999.0 -9999.0 -9999.0 -9999.0 -9999.0 -9999.0 -9999.0 -9999.0 -9999.0 -9999.0 -9999.0 -9999.0 -9999.0 -9999.0 -9999.0 -9999.0 -9999.0 -9999.0 -9999.0 -9999.0 -9999.0 -9999.0 -9999.0 -9999.0 -9999.0 -9999.0 -9999.0 -9999.0 -9999.0 -9999.0 -9999.0 -9999.0 -9999.0 -9999.0 -9999.0 -9999.0 -9999.0 -9999.0 -9999.0 -9999.0 -9999.0 -9999.0 -9999.0 -9999.0 -9999.0 -9999.0 -9999.0 -9999.0 -9999.0 -9999.0 -9999.0 -9999.0 -9999.0 -9999.0 -9999.0 -9999.0 -9999.0 -9999.0 -9999.0 -9999.0 -9999.0 -9999.0 -9999.0 -9999.0 -9999.0 -9999.0 -9999.0 -9999.0 -9999.0 -9999.0 -9999.0 -9999.0
-9999.0 -9999.0 -9999.0 -9999.0 -9999.0 -9999.0 -9999.0 -9999.0 -9999.0 -9999.0 -9999.0 -9999.0 -9999.0 -9999.0 -9999.0 -9999.0 -9999.0 -9999.0 -9999.0 -9999.0 -9999.0 -9999.0 -9999.0 -9999.0 -9999.0 -9999.0 -9999.0 -9999.0 -9999.0 -9999.0 -9999.0 -9999.0 -9999.0 -9999.0 -9999.0 -9999.0 -9999.0 -9999.0 -9999.0 -9999.0 -9999.0 -9999.0 -9999.0 -9999.0 -9999.0 -9999.0 -9999.0 -9999.0 -9999.0 -9999.0 -9999.0 -9999.0 -9999.0 -9999.0 -9999.0 -9999.0 -9999.0 -9999.0 -9999.0 -9999.0 -9999.0 -9999.0 -9999.0 -9999.0 -9999.0 -9999.0 -9999.0 -9999.0 -9999.0 -9999.0 -9999.0 -9999.0 -9999.0 -9999.0 -9999.0 -9999.0 -9999.0 -9999.0 -9999.0 -9999.0