Borden_/Borden1m_014/output_maps/psiliqL0004N0020.asc
ncols         80
nrows         18
xllcorner     620200.000000
yllcorner     5168000.000000
cellsize      1.000000
NODATA_value  -9999.0
-9999.0 -9999.0 -9999.0 -9999.0 -9999.0 -9999.0 -9999.0 -9999.0 -9999.0 -9999.0 -9999.0 -9999.0 -9999.0 -9999.0 -9999.0 -9999.0 -9999.0 -9999.0 -9999.0 -9999.0 -9999.0 -9999.0 -9999.0 -9999.0 -9999.0 -9999.0 -9999.0 -9999.0 -9999.0 -9999.0 -9999.0 -9999.0 -9999.0 -9999.0 -9999.0 -9999.0 -9999.0 -9999.0 -9999.0 -9999.0 -9999.0 -9999.0 -9999.0 -9999.0 -9999.0 -9999.0 -9999.0 -9999.0 -9999.0 -9999.0 -9999.0 -9999.0 -9999.0 -9999.0 -9999.0 -9999.0 -9999.0 -9999.0 -9999.0 -9999.0 -9999.0 -9999.0 -9999.0 -9999.0 -9999.0 -9999.0 -9999.0 -9999.0 -9999.0 -9999.0 -9999.0 -9999.0 -9999.0 -9999.0 -9999.0 -9999.0 -9999.0 -9999.0 -9999.0 -9999.0
-9999.0 -9999.0 -9999.0 -9999.0 -9999.0 -9999.0 -9999.0 -9999.0 -9999.0 -9999.0 -9999.0 -9999.0 -9999.0 -9999.0 -9999.0 -9999.0 -9999.0 -9999.0 -9999.0 -9999.0 -9999.0 -9999.0 -9999.0 -9999.0 -9999.0 -9999.0 -9999.0 -9999.0 -9999.0 -9999.0 -9999.0 -9999.0 -9999.0 -9999.0 -9999.0 -9999.0 -9999.0 -9999.0 -9999.0 -9999.0 -9999.0 -9999.0 -9999.0 -9999.0 -9999.0 -9999.0 -9999.0 -9999.0 -9999.0 -9999.0 -9999.0 -9999.0 -9999.0 -9999.0 -9999.0 -9999.0 -9999.0 -9999.0 -9999.0 -9999.0 -9999.0 -9999.0 -9999.0 -9999.0 -9999.0 -9999.0 -9999.0 -9999.0 -9999.0 -9999.0 -9999.0 -9999.0 -9999.0 -9999.0 -9999.0 -9999.0 -9999.0 -9999.0 -9999.0 -9999.0
-9999.0 -9999.0 -9999.0 -9999.0 -9999.0 -9999.0 -9999.0 -9999.0 -9999.0 -9999.0 -9999.0 -9999.0 -9999.0 -9999.0 -9999.0 -9999.0 -9999.0 -9999.0 -9999.0 -9999.0 -618.982360 -616.038875 -623.567402 -632.595353 -640.147507 -640.865511 -632.295657 -622.193612 -610.986901 -608.568227 -616.833646 -615.048920 -618.171028 -619.809411 -619.774997 -617.397346 -616.227723 -612.623058 -610.237253 -611.094064 -613.706011 -615.654734 -617.087563 -616.384606 -613.612691 -617.587349 -611.746040 -605.838615 -603.653091 -604.098530 -612.487682 -616.210782 -617.716558 -624.148119 -612.553180 -608.734174 -599.816399 -598.702041 -597.528586 -607.527558 -617.634487 -9999.0 -9999.0 -9999.0 -9999.0 -9999.0 -9999.0 -9999.0 -9999.0 -9999.0 -9999.0 -9999.0 -9999.0 -9999.0 -9999.0 -9999.0 -9999.0 -9999.0 -9999.0 -9999.0
-9999.0 -9999.0 -9999.0 -9999.0 -9999.0 -9999.0 -9999.0 -9999.0 -9999.0 -9999.0 -9999.0 -9999.0 -9999.0 -9999.0 -635.250269 -639.168069 -640.956178 -641.701910 -633.966726 -627.628775 -626.739360 -630.739707 -627.902374 -636.166402 -643.519650 -639.077611 -632.201423 -626.008944 -616.652682 -609.876558 -615.755064 -617.211638 -613.825609 -602.486649 -597.236614 -599.377509 -611.829819 -599.849056 -593.329067 -589.252196 -589.811808 -595.335220 -587.479242 -578.439268 -582.880255 -592.535187 -590.434964 -584.716897 -576.001996 -581.287330 -612.696449 -617.087008 -615.892163 -615.774197 -620.324117 -623.345007 -611.536305 -612.746877 -614.929139 -617.989793 -625.953303 -638.172871 -643.500399 -631.159646 -619.504417 -597.695481 -9999.0 -9999.0 -9999.0 -9999.0 -9999.0 -9999.0 -9999.0 -9999.0 -9999.0 -9999.0 -9999.0 -9999.0 -9999.0 -9999.0
-9999.0 -9999.0 -9999.0 -9999.0 -9999.0 -9999.0 -9999.0 -9999.0 -9999.0 -643.097420 -643.953545 -642.756578 -645.086094 -641.451281 -646.825586 -645.369705 -646.109823 -640.662598 -635.751660 -627.940381 -618.473245 -624.802285 -625.600784 -620.921180 -620.155947 -617.784546 -612.825827 -597.326152 -580.042716 -556.054040 -575.861857 -576.987687 -565.947754 -528.238397 -496.027711 -487.733666 -502.769117 -502.533110 -482.880072 -461.012337 -462.293107 -464.322556 -442.084325 -429.132805 -420.328409 -439.778258 -458.111054 -461.113868 -434.627258 -481.332945 -528.876031 -570.596576 -567.593566 -583.542802 -601.986089 -609.443295 -611.649014 -598.718860 -604.073927 -617.164367 -628.175294 -626.081245 -631.899565 -626.007216 -621.115050 -604.077847 -588.939384 -575.117060 -574.489909 -583.051191 -9999.0 -9999.0 -9999.0 -9999.0 -9999.0 -9999.0 -9999.0 -9999.0 -9999.0 -9999.0
-9999.0 -9999.0 -9999.0 -9999.0 -9999.0 -9999.0 -651.499850 -651.736507 -649.215342 -655.791937 -650.459785 -653.552740 -649.577724 -647.521708 -644.572590 -643.904614 -637.127218 -630.717335 -620.295170 -606.860500 -594.906609 -600.238734 -597.055361 -581.152991 -552.872682 -527.076959 -511.129598 -484.550267 -409.833570 -339.185169 -306.129571 -286.660947 -249.769571 -226.773537 -186.992519 -126.590769 -191.176600 -206.433562 -196.292468 -166.730198 -96.761917 -94.407210 -88.930461 -81.529208 -55.763182 -62.550110 -162.868977 -184.048147 -188.981582 -193.099978 -220.979362 -255.324715 -358.574973 -429.671977 -497.734829 -539.811683 -547.603867 -539.197239 -557.776895 -584.979413 -602.457401 -603.304245 -607.092439 -613.185546 -610.112714 -602.978903 -592.644759 -586.455435 -591.317756 -598.378264 -604.317056 -615.176930 -613.616440 -603.233779 -9999.0 -9999.0 -9999.0 -9999.0 -9999.0 -9999.0
-9999.0 -9999.0 -9999.0 -9999.0 -662.835562 -659.486874 -669.223225 -663.401481 -658.675619 -654.858106 -654.082403 -647.687122 -645.316490 -640.387865 -630.640246 -622.636766 -609.234804 -598.710383 -573.222954 -526.695830 -485.286547 -462.445318 -450.762866 -363.686936 -249.371652 -218.010881 -209.426203 -195.198365 -159.786720 -46.699750 -19.492932 -36.711274 -19.339556 28.898465 63.009775 101.768108 77.647191 75.194221 52.873640 86.384892 111.568421 112.515234 113.368550 113.665729 115.788578 117.200423 96.134231 65.216683 24.737793 44.723421 3.780204 -31.111581 -127.865457 -164.733806 -181.845235 -207.291801 -245.536859 -281.321128 -397.239228 -457.433958 -513.174467 -534.813575 -555.902393 -568.132118 -584.169864 -581.369586 -577.164287 -585.744024 -597.568308 -609.004325 -611.244418 -616.498458 -621.620797 -608.320560 -603.008537 -588.868740 -9999.0 -9999.0 -9999.0 -9999.0
-9999.0 -9999.0 -664.317613 -663.400298 -653.860057 -658.934855 -662.224856 -666.693778 -664.199080 -654.624177 -636.987161 -628.279553 -616.068705 -608.711909 -583.025356 -527.164462 -470.076635 -427.225380 -323.849754 -239.717931 -204.941516 -178.008631 -106.410430 -71.062894 -43.345092 25.710475 20.668510 65.219989 90.720962 118.464916 143.208524 157.798223 163.526812 158.154091 157.945902 155.902374 154.242649 149.421355 131.989661 130.478851 137.918003 140.244118 143.037961 131.360091 127.619028 139.451831 141.603680 142.292754 143.380639 152.296374 162.258341 133.980688 80.767917 66.825981 37.304641 26.399266 -29.172692 -115.977929 -149.240718 -180.669251 -226.090267 -255.731851 -365.047061 -442.724127 -493.557815 -518.549930 -547.275904 -567.248760 -586.768946 -605.222988 -611.581190 -615.635860 -613.622934 -615.007445 -607.855698 -602.152700 -594.457444 -591.352768 -9999.0 -9999.0
-9999.0 -668.328990 -670.477797 -653.320439 -648.885230 -644.600967 -639.723584 -635.463650 -630.378054 -634.229884 -590.194088 -519.195353 -455.936455 -433.594881 -347.629378 -229.166204 -107.846015 -75.800073 -63.613217 -4.814721 16.366638 82.422918 107.673964 139.837649 163.212452 160.056097 156.015316 155.564823 147.446301 140.355837 130.109110 137.854768 136.565412 121.820887 110.196993 108.758432 105.379978 80.393350 27.772021 40.460014 47.884733 68.186001 30.448360 38.476211 34.752959 26.136839 67.063057 60.884090 24.608195 63.725513 78.024364 114.188489 130.574841 144.186690 163.486691 142.239957 109.763708 53.187416 57.843077 34.101018 -57.416013 -117.152397 -168.653508 -214.061811 -251.592406 -371.861199 -457.426194 -505.302113 -546.599858 -564.788415 -576.969753 -601.210147 -608.255487 -603.638336 -606.947607 -607.390551 -604.241622 -601.688106 -9999.0 -9999.0
-9999.0 -684.353680 -668.631426 -649.130658 -624.227810 -617.844840 -551.907894 -496.889771 -481.740210 -504.650425 -396.383824 -107.977912 -70.421213 -39.435558 16.222798 84.757470 125.323100 147.276211 161.384489 153.653688 147.585174 150.714995 145.758885 137.132479 123.605358 117.560642 116.625955 115.322754 98.309567 80.814271 63.681891 63.910597 49.315204 18.296632 -8.952419 -21.568220 -35.729875 -109.631141 -153.067915 -176.872486 -185.963814 -170.027943 -178.221207 -191.153165 -193.955229 -177.686400 -150.426779 -153.656062 -142.915331 -114.621060 -72.326315 -0.057516 19.548086 43.345466 58.961264 114.840133 133.180574 152.025945 158.861120 134.588314 78.086893 50.139442 23.700615 -69.424099 -134.517882 -199.738807 -234.401268 -266.383808 -399.198456 -454.976113 -498.442720 -538.845115 -571.626359 -580.390171 -598.140716 -602.295333 -9999.0 -9999.0 -9999.0 -9999.0
-9999.0 -686.461126 -670.787385 -635.214054 -553.749307 -463.229093 -248.015068 -148.992891 0.387820 -39.404849 64.641089 142.688583 151.796206 137.343908 112.714823 109.898117 119.823846 122.025688 117.193381 109.187537 102.611428 95.115655 91.339580 64.233519 71.192345 60.232846 48.822089 38.503537 -38.348810 -71.900480 -101.001752 -121.272972 -154.773445 -213.396524 -232.481654 -249.941903 -353.531780 -374.085183 -394.872663 -432.118999 -449.093925 -460.545705 -445.251931 -448.839802 -450.122130 -441.185805 -417.856366 -397.610874 -321.338172 -252.047434 -228.877334 -199.350444 -174.235283 -130.273740 -81.935411 5.938449 31.154641 40.455848 101.897127 135.928771 155.730333 148.672395 120.355466 66.647205 27.574402 -68.164229 -109.619227 -159.962580 -209.519838 -237.793186 -261.836440 -370.999988 -463.689880 -531.324331 -553.417823 -9999.0 -9999.0 -9999.0 -9999.0 -9999.0
-9999.0 -710.334817 -672.447419 -642.606613 -514.028807 -241.882147 -164.042647 75.668206 133.689599 63.055651 -34.922850 30.089557 29.945339 64.566948 42.312247 34.878369 28.112605 27.411715 39.264305 15.229279 -31.815556 -62.717423 -68.559000 -85.166615 -114.175213 -135.930088 -150.472035 -167.423226 -203.186654 -228.094815 -276.888327 -338.541905 -440.639423 -497.969569 -530.987647 -561.185444 -590.340649 -589.758021 -580.153101 -588.554876 -598.187162 -607.934180 -595.837438 -589.883564 -584.645705 -590.831102 -588.538374 -572.222538 -546.375157 -520.534848 -482.708033 -432.667114 -367.467755 -255.529733 -234.824186 -205.390827 -174.182095 -125.305045 -48.456315 52.051946 61.895298 110.280194 146.554020 164.288352 126.040655 88.184523 40.408469 8.066013 -100.228532 -153.764118 -177.956273 -207.507515 -239.807616 -9999.0 -9999.0 -9999.0 -9999.0 -9999.0 -9999.0 -9999.0
-9999.0 -722.907590 -682.820138 -675.645896 -624.611678 -526.335351 -395.802604 -237.325019 -112.111387 -205.091738 -213.056601 -198.299189 -180.466008 -165.012997 -181.645055 -202.056281 -215.431770 -212.134308 -210.350004 -222.681940 -236.474286 -243.791155 -245.530030 -260.646658 -323.646451 -359.170798 -378.884598 -411.278267 -450.502206 -494.947720 -554.336322 -587.138678 -611.452958 -620.802876 -627.817527 -635.105763 -647.616810 -641.049527 -635.776398 -637.078638 -640.999046 -643.742218 -634.263251 -630.482123 -627.451090 -635.348230 -629.290997 -623.165659 -610.342221 -596.992607 -578.704746 -553.360265 -523.258757 -503.134569 -488.248309 -459.609146 -412.875163 -291.602755 -222.471620 -150.069625 -78.264563 1.866460 48.462032 76.020869 102.433573 115.341292 120.436261 96.667285 43.671807 -72.086394 -116.461303 -9999.0 -9999.0 -9999.0 -9999.0 -9999.0 -9999.0 -9999.0 -9999.0 -9999.0
-9999.0 -9999.0 -732.327202 -715.139386 -700.597364 -683.767902 -659.988787 -631.298412 -607.044884 -576.186320 -535.291666 -492.963689 -466.508980 -454.459518 -470.526035 -503.038511 -522.505519 -521.363949 -526.781691 -537.572959 -556.313306 -562.959677 -567.610097 -571.344267 -579.386567 -582.907084 -584.534823 -588.074404 -595.827080 -612.773008 -628.000240 -639.071880 -650.755853 -651.188848 -653.352640 -657.282217 -654.413733 -655.202617 -654.105306 -654.524015 -653.503013 -651.548915 -649.038680 -645.702601 -645.233010 -644.203200 -642.820779 -639.059165 -633.255946 -625.362744 -611.178531 -591.515153 -576.696681 -572.986289 -579.965581 -577.839534 -567.843595 -544.402150 -476.986106 -360.812543 -240.844434 -194.410900 -128.575757 -73.526745 -22.598951 -0.350204 53.015694 88.712270 56.250742 14.223115 -9999.0 -9999.0 -9999.0 -9999.0 -9999.0 -9999.0 -9999.0 -9999.0 -9999.0 -9999.0
-9999.0 -9999.0 -9999.0 -9999.0 -740.360270 -715.652530 -693.951315 -695.302001 -678.673057 -667.427597 -656.531378 -643.875460 -633.367860 -627.087736 -633.718809 -635.249587 -636.905509 -636.244267 -638.030401 -639.815933 -640.724902 -642.064419 -643.641757 -645.398862 -644.753580 -643.116207 -642.784698 -645.772562 -646.417528 -651.941921 -653.116516 -656.811329 -660.350703 -664.152283 -663.658901 -664.033822 -662.550637 -664.233460 -661.694258 -662.935185 -660.830452 -659.714701 -657.027581 -652.802904 -653.746645 -651.332863 -650.969278 -647.733152 -645.636385 -636.443923 -621.967391 -605.596414 -594.583476 -594.799350 -607.735575 -613.702106 -616.766326 -608.003429 -592.493486 -561.376780 -491.908287 -421.932262 -288.838791 -236.115013 -214.622205 -181.332336 -113.830312 -17.820750 -9999.0 -9999.0 -9999.0 -9999.0 -9999.0 -9999.0 -9999.0 -9999.0 -9999.0 -9999.0 -9999.0 -9999.0
-9999.0 -9999.0 -9999.0 -9999.0 -9999.0 -9999.0 -729.509458 -717.002393 -720.451183 -710.102016 -700.610918 -693.082107 -682.631347 -683.034157 -679.805664 -672.265290 -673.255346 -676.956602 -681.543596 -674.989244 -671.970969 -671.487454 -678.814874 -676.899029 -676.045932 -673.289736 -673.568676 -672.542229 -678.673578 -671.570571 -668.239557 -669.832733 -671.389134 -670.260386 -671.822705 -667.459029 -666.941503 -670.484471 -671.495472 -666.258984 -664.568178 -665.040796 -663.739919 -659.841364 -654.437995 -653.373280 -655.450529 -658.249087 -652.342897 -638.992824 -623.621037 -609.884763 -600.976994 -598.378963 -609.739181 -625.040084 -632.821956 -633.504803 -626.347847 -612.742208 -583.179696 -562.654704 -546.692456 -528.362064 -506.078595 -412.106245 -9999.0 -9999.0 -9999.0 -9999.0 -9999.0 -9999.0 -9999.0 -9999.0 -9999.0 -9999.0 -9999.0 -9999.0 -9999.0 -9999.0
-9999.0 -9999.0 -9999.0 -9999.0 -9999.0 -9999.0 -9999.0 -9999.0 -9999.0 -9999.0 -9999.0 -9999.0 -9999.0 -9999.0 -9999.0 -9999.0 -9999.0 -9999.0 -9999.0 -9999.0 -9999.0 -9999.0 -9999.0 -9999.0 -9999.0 -9999.0 -9999.0 -9999.0 -9999.0 -9999.0 -9999.0 -9999.0 -9999.0 -9999.0 -9999.0 -9999.0 -9999.0 -9999.0 -9999.0 -9999.0 -9999.0 -9999.0 -9999.0 -9999.0 -9999.0 -9999.0 -9999.0 -9999.0 -9999.0 -9999.0 -9999.0 -9999.0 -9999.0 -9999.0 -9999.0 -9999.0 -9999.0 -9999.0 -9999.0 -9999.0 -9999.0 -9999.0 -9999.0 -9999.0 -9999.0 -9999.0 -9999.0 -9999.0 -9999.0 -9999.0 -9999.0 -9999.0 -9999.0 -9999.0 -9999.0 -9999.0 -9999.0 -9999.0 -9999.0 -9999.0
-9999.0 -9999.0 -9999.0 -9999.0 -9999.0 -9999.0 -9999.0 -9999.0 -9999.0 -9999.0 -9999.0 -9999.0 -9999.0 -9999.0 -9999.0 -9999.0 -9999.0 -9999.0 -9999.0 -9999.0 -9999.0 -9999.0 -9999.0 -9999.0 -9999.0 -9999.0 -9999.0 -9999.0 -9999.0 -9999.0 -9999.0 -9999.0 -9999.0 -9999.0 -9999.0 -9999.0 -9999.0 -9999.0 -9999.0 -9999.0 -9999.0 -9999.0 -9999.0 -9999.0 -9999.0 -9999.0 -9999.0 -9999.0 -9999.0 -9999.0 -9999.0 -9999.0 -9999.0 -9999.0 -9999.0 -9999.0 -9999.0 -9999.0 -9999.0 -9999.0 -9999.0 -9999.0 -9999.0 -9999.0 -9999.0 -9999.0 -9999.0 -9999.0 -9999.0 -9999.0 -9999.0 -9999.0 -9999.0 -9999.0 -9999.0 -9999.0 -9999.0 -9999.0 -9999.0 -9999.0