Borden_/Borden1m_014/output_maps/psiliqL0026N0039.asc
ncols         80
nrows         18
xllcorner     620200.000000
yllcorner     5168000.000000
cellsize      1.000000
NODATA_value  -9999.0
-9999.0 -9999.0 -9999.0 -9999.0 -9999.0 -9999.0 -9999.0 -9999.0 -9999.0 -9999.0 -9999.0 -9999.0 -9999.0 -9999.0 -9999.0 -9999.0 -9999.0 -9999.0 -9999.0 -9999.0 -9999.0 -9999.0 -9999.0 -9999.0 -9999.0 -9999.0 -9999.0 -9999.0 -9999.0 -9999.0 -9999.0 -9999.0 -9999.0 -9999.0 -9999.0 -9999.0 -9999.0 -9999.0 -9999.0 -9999.0 -9999.0 -9999.0 -9999.0 -9999.0 -9999.0 -9999.0 -9999.0 -9999.0 -9999.0 -9999.0 -9999.0 -9999.0 -9999.0 -9999.0 -9999.0 -9999.0 -9999.0 -9999.0 -9999.0 -9999.0 -9999.0 -9999.0 -9999.0 -9999.0 -9999.0 -9999.0 -9999.0 -9999.0 -9999.0 -9999.0 -9999.0 -9999.0 -9999.0 -9999.0 -9999.0 -9999.0 -9999.0 -9999.0 -9999.0 -9999.0
-9999.0 -9999.0 -9999.0 -9999.0 -9999.0 -9999.0 -9999.0 -9999.0 -9999.0 -9999.0 -9999.0 -9999.0 -9999.0 -9999.0 -9999.0 -9999.0 -9999.0 -9999.0 -9999.0 -9999.0 -9999.0 -9999.0 -9999.0 -9999.0 -9999.0 -9999.0 -9999.0 -9999.0 -9999.0 -9999.0 -9999.0 -9999.0 -9999.0 -9999.0 -9999.0 -9999.0 -9999.0 -9999.0 -9999.0 -9999.0 -9999.0 -9999.0 -9999.0 -9999.0 -9999.0 -9999.0 -9999.0 -9999.0 -9999.0 -9999.0 -9999.0 -9999.0 -9999.0 -9999.0 -9999.0 -9999.0 -9999.0 -9999.0 -9999.0 -9999.0 -9999.0 -9999.0 -9999.0 -9999.0 -9999.0 -9999.0 -9999.0 -9999.0 -9999.0 -9999.0 -9999.0 -9999.0 -9999.0 -9999.0 -9999.0 -9999.0 -9999.0 -9999.0 -9999.0 -9999.0
-9999.0 -9999.0 -9999.0 -9999.0 -9999.0 -9999.0 -9999.0 -9999.0 -9999.0 -9999.0 -9999.0 -9999.0 -9999.0 -9999.0 -9999.0 -9999.0 -9999.0 -9999.0 -9999.0 -9999.0 3325.393788 3326.283621 3304.495378 3270.223514 3241.772006 3243.341152 3275.947767 3316.225966 3354.672978 3361.715565 3342.334822 3345.863639 3341.159838 3336.366422 3336.308319 3343.835773 3350.308743 3359.819255 3366.586361 3364.114418 3356.631780 3351.526198 3354.040602 3355.581960 3361.849457 3347.405864 3363.457197 3379.373016 3384.197632 3381.679696 3358.609729 3346.968377 3339.289619 3324.026304 3350.892788 3362.835919 3386.336176 3391.249343 3389.562010 3363.321141 3333.464816 -9999.0 -9999.0 -9999.0 -9999.0 -9999.0 -9999.0 -9999.0 -9999.0 -9999.0 -9999.0 -9999.0 -9999.0 -9999.0 -9999.0 -9999.0 -9999.0 -9999.0 -9999.0 -9999.0
-9999.0 -9999.0 -9999.0 -9999.0 -9999.0 -9999.0 -9999.0 -9999.0 -9999.0 -9999.0 -9999.0 -9999.0 -9999.0 -9999.0 3235.607882 3226.703952 3223.569885 3230.533661 3262.654961 3292.612408 3304.137943 3296.432057 3295.953195 3270.879902 3247.630922 3259.780249 3288.668828 3318.563500 3351.370569 3368.172215 3356.773405 3353.801983 3360.318287 3378.937897 3386.502833 3382.633651 3365.350238 3388.971896 3401.895928 3405.993239 3403.791375 3393.791131 3402.314576 3416.175275 3409.093794 3393.976650 3405.162846 3420.352435 3431.268384 3423.524036 3366.459159 3355.002026 3352.350982 3348.892232 3336.399648 3333.088639 3361.953185 3362.030543 3355.321462 3338.615045 3305.739349 3260.821670 3242.379447 3283.507205 3327.622437 3384.168605 -9999.0 -9999.0 -9999.0 -9999.0 -9999.0 -9999.0 -9999.0 -9999.0 -9999.0 -9999.0 -9999.0 -9999.0 -9999.0 -9999.0
-9999.0 -9999.0 -9999.0 -9999.0 -9999.0 -9999.0 -9999.0 -9999.0 -9999.0 3179.437213 3184.345814 3190.986140 3193.092350 3207.854763 3204.310381 3210.823244 3214.318617 3241.029769 3269.924223 3302.829343 3329.229867 3319.503281 3317.654229 3320.878792 3314.545946 3321.670109 3341.400405 3377.015670 3407.467920 3442.056360 3408.043076 3402.722424 3419.814735 3460.540736 3482.943815 3484.456026 3465.661802 3482.456029 3505.695807 3520.955890 3517.198073 3510.966770 3536.846468 3552.054049 3545.663851 3524.126162 3523.336579 3531.227806 3560.746203 3510.410932 3444.967887 3407.532283 3424.227268 3403.886708 3378.873231 3369.057927 3370.424925 3391.171059 3380.127200 3347.203314 3314.624200 3303.493682 3287.330985 3309.076622 3332.983619 3379.794735 3420.140874 3450.360596 3450.172865 3433.191747 -9999.0 -9999.0 -9999.0 -9999.0 -9999.0 -9999.0 -9999.0 -9999.0 -9999.0 -9999.0
-9999.0 -9999.0 -9999.0 -9999.0 -9999.0 -9999.0 3101.009376 3111.366790 3131.878501 3134.209326 3160.358566 3165.155524 3182.213038 3198.754459 3219.892644 3231.939706 3256.064387 3285.119922 3320.189927 3356.854996 3383.186997 3371.143981 3375.458620 3393.883596 3419.563912 3437.556476 3459.555186 3496.732042 3568.368912 3604.233912 3596.105485 3596.592180 3604.645928 3654.875951 3718.687321 3729.368812 3708.703554 3695.703972 3719.423139 3756.896373 3754.744196 3753.509443 3766.742810 3777.622610 3804.443295 3793.454442 3757.630744 3752.599907 3759.657538 3736.740815 3667.682639 3610.968075 3592.983074 3546.671944 3463.808776 3421.892753 3446.660698 3475.323175 3454.456578 3405.765885 3374.627001 3370.020194 3359.781141 3353.780697 3367.091439 3390.575560 3415.145284 3429.577026 3418.198729 3397.780744 3376.550470 3348.692773 3351.586353 3376.708017 -9999.0 -9999.0 -9999.0 -9999.0 -9999.0 -9999.0
-9999.0 -9999.0 -9999.0 -9999.0 3051.781304 3064.376415 3049.167879 3074.932071 3106.368720 3139.375520 3166.120966 3195.521859 3217.692014 3243.437893 3275.471696 3296.241702 3327.127940 3355.715344 3401.501148 3461.690802 3505.099413 3517.668659 3525.571495 3575.964686 3631.802900 3678.438614 3696.951372 3722.733047 3768.641660 3825.056014 3847.161757 3849.804664 3866.713271 3910.262660 3966.856255 4002.058197 3984.354746 3975.268854 3985.517859 3999.955566 4022.100635 4022.162128 4023.285351 4027.504201 4035.270975 4033.434365 4006.686691 3973.194780 3960.223705 3950.048986 3911.649020 3839.414352 3809.494087 3780.493884 3737.515935 3683.307196 3636.791678 3638.688113 3584.298863 3529.639922 3480.528025 3473.458270 3453.990502 3438.832396 3422.288593 3435.295221 3447.883247 3433.385923 3403.914429 3375.160101 3362.565344 3345.343608 3334.310721 3365.722165 3383.748074 3413.344031 -9999.0 -9999.0 -9999.0 -9999.0
-9999.0 -9999.0 2993.353960 3038.206048 3094.718304 3100.139827 3092.594940 3094.609182 3120.087981 3168.336806 3227.777747 3263.326013 3290.794779 3320.052912 3369.161097 3429.796560 3488.667828 3530.550749 3588.081577 3657.105695 3715.917848 3742.441224 3751.057546 3786.580202 3841.340906 3910.755843 3938.896717 3965.458025 3997.414415 4034.101478 4025.367710 4035.951908 4048.506206 4061.595954 4076.866350 4084.158597 4079.225331 4074.608060 4056.006842 4050.773457 4057.246890 4065.379884 4064.297849 4049.576507 4045.601447 4060.647327 4066.958367 4064.823730 4061.896194 4066.721373 4061.930517 4013.195238 3996.258650 3980.931587 3969.052248 3922.735015 3855.842994 3823.703810 3802.095610 3760.971168 3687.631986 3650.701094 3611.780166 3577.614846 3540.781997 3528.298841 3496.536769 3464.932225 3426.707133 3386.393014 3367.832536 3353.920331 3353.852600 3354.752071 3372.729199 3388.536721 3404.587701 3412.704469 -9999.0 -9999.0
-9999.0 2885.469445 2956.224145 3074.813727 3151.512966 3186.178584 3193.012152 3194.530226 3218.520200 3249.843227 3334.862578 3382.449654 3464.573719 3501.556255 3541.482295 3630.975416 3725.195417 3768.512778 3807.491277 3871.397507 3937.335598 3984.521253 4010.898627 3988.951916 4028.681480 4058.853795 4067.122901 4074.250347 4074.391940 4065.866028 4059.430628 4066.076007 4063.072039 4043.801518 4027.641287 4025.855952 4022.432665 3999.037150 3971.449298 3955.890035 3957.194615 3982.256079 3969.058272 3947.644673 3943.213141 3964.934481 3986.447952 3975.705770 3962.533836 3979.137726 4013.847089 4038.944500 4039.844127 4058.447580 4079.579578 4050.421516 4029.264537 3985.224950 3968.249640 3942.782720 3885.760065 3830.968162 3782.880843 3734.576847 3682.501210 3634.004103 3586.713000 3539.851397 3487.035424 3454.599021 3430.673123 3388.402220 3376.243859 3383.018686 3378.443276 3377.149906 3383.909504 3390.556205 -9999.0 -9999.0
-9999.0 2788.548357 2926.880390 3100.874475 3241.289480 3280.011222 3339.310347 3392.916322 3405.512655 3349.632057 3449.495297 3665.837402 3788.011786 3805.514838 3881.106440 3976.379540 3958.300379 3989.720402 4013.005887 4039.186270 4060.225272 4074.662313 4072.971911 4067.841463 4051.308593 4043.293421 4042.401611 4040.277515 4022.823834 4003.818485 3986.978135 3983.775637 3965.744778 3916.064808 3882.776051 3865.220358 3846.065767 3832.713243 3805.562465 3779.552440 3762.979849 3773.211148 3771.577301 3758.202143 3753.787276 3771.829431 3802.704079 3800.857028 3812.788039 3832.418235 3867.856839 3906.090764 3925.363736 3954.502494 3990.151327 4038.268677 4046.923291 4069.385077 4072.281221 4061.987091 4015.325195 3963.718469 3934.307248 3878.929312 3819.417392 3757.779836 3708.970436 3664.403138 3609.354808 3575.585067 3536.720065 3483.462879 3441.090453 3434.013081 3400.988696 3388.251575 -9999.0 -9999.0 -9999.0 -9999.0
-9999.0 2691.985664 2863.860252 3097.929887 3389.604770 3459.030364 3659.585698 3773.061282 3811.338887 3878.538765 3757.624513 3965.134556 4018.343835 4013.450935 4029.571755 4032.827581 4047.152971 4046.488802 4041.409675 4030.379147 4020.770485 4016.182544 4015.130572 4007.213107 3994.578296 3979.949016 3968.030004 3956.568954 3919.869988 3887.892347 3848.545449 3836.032299 3791.282912 3699.537849 3660.969491 3622.395917 3561.550451 3564.250491 3572.051198 3548.386924 3528.838817 3500.548351 3530.311314 3541.217471 3545.453095 3540.747872 3550.197938 3578.811709 3626.637086 3660.868981 3699.577850 3747.380469 3777.751449 3816.808208 3856.474439 3908.714393 3939.876627 3968.746522 4017.699108 4054.717115 4077.454793 4063.360295 4044.868735 4000.102768 3939.886732 3890.586894 3861.634923 3811.193231 3767.756763 3724.373702 3678.084659 3625.516075 3564.279994 3512.182486 3478.602089 -9999.0 -9999.0 -9999.0 -9999.0 -9999.0
-9999.0 2467.764464 2731.526975 2984.246613 3254.387984 3595.350147 3767.169846 3860.793726 3923.947214 3907.035311 3930.534943 3936.808338 3973.902605 3981.188328 3959.795543 3945.917786 3928.255367 3927.166328 3940.233527 3912.878846 3882.610523 3869.258247 3870.165005 3859.476603 3835.625924 3820.768435 3811.515797 3793.053281 3750.105992 3700.053197 3616.211973 3581.789826 3503.394524 3465.512816 3429.654474 3383.233284 3339.754396 3345.794197 3370.437675 3362.145563 3341.728616 3324.987298 3354.455947 3374.950062 3388.160435 3371.825259 3378.326001 3412.452514 3458.531528 3498.540810 3541.930958 3589.399398 3630.952339 3669.805904 3690.430075 3729.485872 3771.408529 3812.842310 3882.827540 3961.159118 3997.074313 4031.690615 4060.556135 4082.462546 4039.588908 4013.325974 3989.617105 3966.179203 3920.020388 3874.674196 3834.133936 3769.577360 3710.062452 -9999.0 -9999.0 -9999.0 -9999.0 -9999.0 -9999.0 -9999.0
-9999.0 2355.953649 2548.358984 2738.615241 2969.761511 3196.192780 3417.422120 3507.485972 3577.450099 3649.355412 3703.538036 3741.308436 3767.062151 3788.610999 3766.034869 3719.999243 3687.793612 3692.789957 3683.815720 3662.985135 3635.516638 3622.797557 3620.236422 3615.654373 3594.709637 3584.739508 3578.231337 3560.597833 3535.708803 3483.494630 3412.966764 3340.933391 3288.187721 3269.751247 3248.061071 3222.070535 3196.330808 3210.136547 3223.058315 3223.514193 3217.475887 3218.029426 3247.070564 3266.946264 3276.366648 3265.518370 3283.537502 3306.307644 3342.736477 3381.177206 3425.265722 3474.743751 3522.578203 3542.137974 3543.705916 3554.601250 3581.592368 3624.365666 3700.243573 3785.959070 3863.516150 3908.926491 3959.642453 3999.611901 4027.757498 4052.595571 4075.017467 4068.098428 4042.138644 4008.788323 3950.071522 -9999.0 -9999.0 -9999.0 -9999.0 -9999.0 -9999.0 -9999.0 -9999.0 -9999.0
-9999.0 -9999.0 2322.951174 2474.396772 2569.766773 2731.823376 2853.782345 2959.266625 3050.264013 3188.912943 3310.977234 3403.878738 3450.116660 3465.639309 3451.890640 3423.821964 3406.897739 3406.520171 3394.851075 3388.913045 3375.103490 3370.208523 3359.064180 3352.057903 3348.698650 3348.770718 3347.181155 3339.798550 3324.038719 3283.756487 3248.288987 3205.233973 3162.234283 3141.689893 3124.609300 3108.683797 3113.756077 3109.378820 3115.350873 3118.741300 3128.854500 3143.341974 3162.719604 3184.171087 3193.760565 3203.913002 3214.493078 3235.710168 3265.121553 3304.699984 3355.449108 3409.390433 3444.654914 3450.888928 3432.282101 3426.594048 3433.957430 3461.994979 3524.268067 3592.599742 3682.001579 3747.292436 3814.026593 3869.906249 3896.550081 3932.932021 4003.162837 4051.190401 4093.657877 4071.255401 -9999.0 -9999.0 -9999.0 -9999.0 -9999.0 -9999.0 -9999.0 -9999.0 -9999.0 -9999.0
-9999.0 -9999.0 -9999.0 -9999.0 2335.125129 2481.835615 2579.504436 2659.704206 2795.287286 2899.617555 2993.808834 3079.952186 3148.898448 3172.137093 3173.376740 3190.920516 3190.324813 3181.051890 3170.259983 3175.779293 3181.417347 3175.769489 3161.987936 3156.580518 3161.614214 3170.850733 3170.464031 3159.233449 3142.951395 3131.102850 3120.462475 3091.885214 3061.719058 3036.277705 3026.103283 3024.713608 3026.078592 3019.100143 3028.176426 3037.743843 3054.115255 3069.438976 3092.975379 3122.696287 3137.427663 3151.954768 3160.210692 3178.220674 3205.250421 3256.243512 3317.434184 3373.444400 3406.702678 3406.620509 3377.705882 3355.469779 3342.387089 3359.118640 3387.270810 3437.209071 3525.833121 3587.505751 3632.305470 3670.656209 3706.887189 3772.026872 3866.677313 3947.990482 -9999.0 -9999.0 -9999.0 -9999.0 -9999.0 -9999.0 -9999.0 -9999.0 -9999.0 -9999.0 -9999.0 -9999.0
-9999.0 -9999.0 -9999.0 -9999.0 -9999.0 -9999.0 2313.491119 2420.068620 2487.148119 2643.166305 2791.819710 2869.951691 2953.362607 2989.824148 3012.001283 3042.629338 3043.508614 3023.223898 3001.333573 3023.750825 3043.878117 3037.845685 3005.723573 3008.180121 3016.539592 3025.736757 3024.828742 3020.906253 2998.633642 3018.214446 3025.424081 3005.392674 2982.701587 2978.926134 2968.906316 2979.962587 2980.946502 2967.122916 2966.323118 2990.129912 3011.584992 3024.591478 3045.566409 3078.750402 3111.153397 3126.681076 3127.218206 3131.374224 3167.279394 3233.828456 3304.311762 3358.921834 3389.331639 3393.639284 3362.614855 3317.386886 3290.761242 3289.003860 3312.517300 3350.946697 3411.039242 3446.561797 3456.637263 3456.596150 3467.954724 3567.509606 -9999.0 -9999.0 -9999.0 -9999.0 -9999.0 -9999.0 -9999.0 -9999.0 -9999.0 -9999.0 -9999.0 -9999.0 -9999.0 -9999.0
-9999.0 -9999.0 -9999.0 -9999.0 -9999.0 -9999.0 -9999.0 -9999.0 -9999.0 -9999.0 -9999.0 -9999.0 -9999.0 -9999.0 -9999.0 -9999.0 -9999.0 -9999.0 -9999.0 -9999.0 -9999.0 -9999.0 -9999.0 -9999.0 -9999.0 -9999.0 -9999.0 -9999.0 -9999.0 -9999.0 -9999.0 -9999.0 -9999.0 -9999.0 -9999.0 -9999.0 -9999.0 -9999.0 -9999.0 -9999.0 -9999.0 -9999.0 -9999.0 -9999.0 -9999.0 -9999.0 -9999.0 -9999.0 -9999.0 -9999.0 -9999.0 -9999.0 -9999.0 -9999.0 -9999.0 -9999.0 -9999.0 -9999.0 -9999.0 -9999.0 -9999.0 -9999.0 -9999.0 -9999.0 -9999.0 -9999.0 -9999.0 -9999.0 -9999.0 -9999.0 -9999.0 -9999.0 -9999.0 -9999.0 -9999.0 -9999.0 -9999.0 -9999.0 -9999.0 -9999.0
-9999.0 -9999.0 -9999.0 -9999.0 -9999.0 -9999.0 -9999.0 -9999.0 -9999.0 -9999.0 -9999.0 -9999.0 -9999.0 -9999.0 -9999.0 -9999.0 -9999.0 -9999.0 -9999.0 -9999.0 -9999.0 -9999.0 -9999.0 -9999.0 -9999.0 -9999.0 -9999.0 -9999.0 -9999.0 -9999.0 -9999.0 -9999.0 -9999.0 -9999.0 -9999.0 -9999.0 -9999.0 -9999.0 -9999.0 -9999.0 -9999.0 -9999.0 -9999.0 -9999.0 -9999.0 -9999.0 -9999.0 -9999.0 -9999.0 -9999.0 -9999.0 -9999.0 -9999.0 -9999.0 -9999.0 -9999.0 -9999.0 -9999.0 -9999.0 -9999.0 -9999.0 -9999.0 -9999.0 -9999.0 -9999.0 -9999.0 -9999.0 -9999.0 -9999.0 -9999.0 -9999.0 -9999.0 -9999.0 -9999.0 -9999.0 -9999.0 -9999.0 -9999.0 -9999.0 -9999.0