Borden_/Borden1m_014/output_maps/psiliqL0025N0003.asc
ncols         80
nrows         18
xllcorner     620200.000000
yllcorner     5168000.000000
cellsize      1.000000
NODATA_value  -9999.0
-9999.0 -9999.0 -9999.0 -9999.0 -9999.0 -9999.0 -9999.0 -9999.0 -9999.0 -9999.0 -9999.0 -9999.0 -9999.0 -9999.0 -9999.0 -9999.0 -9999.0 -9999.0 -9999.0 -9999.0 -9999.0 -9999.0 -9999.0 -9999.0 -9999.0 -9999.0 -9999.0 -9999.0 -9999.0 -9999.0 -9999.0 -9999.0 -9999.0 -9999.0 -9999.0 -9999.0 -9999.0 -9999.0 -9999.0 -9999.0 -9999.0 -9999.0 -9999.0 -9999.0 -9999.0 -9999.0 -9999.0 -9999.0 -9999.0 -9999.0 -9999.0 -9999.0 -9999.0 -9999.0 -9999.0 -9999.0 -9999.0 -9999.0 -9999.0 -9999.0 -9999.0 -9999.0 -9999.0 -9999.0 -9999.0 -9999.0 -9999.0 -9999.0 -9999.0 -9999.0 -9999.0 -9999.0 -9999.0 -9999.0 -9999.0 -9999.0 -9999.0 -9999.0 -9999.0 -9999.0
-9999.0 -9999.0 -9999.0 -9999.0 -9999.0 -9999.0 -9999.0 -9999.0 -9999.0 -9999.0 -9999.0 -9999.0 -9999.0 -9999.0 -9999.0 -9999.0 -9999.0 -9999.0 -9999.0 -9999.0 -9999.0 -9999.0 -9999.0 -9999.0 -9999.0 -9999.0 -9999.0 -9999.0 -9999.0 -9999.0 -9999.0 -9999.0 -9999.0 -9999.0 -9999.0 -9999.0 -9999.0 -9999.0 -9999.0 -9999.0 -9999.0 -9999.0 -9999.0 -9999.0 -9999.0 -9999.0 -9999.0 -9999.0 -9999.0 -9999.0 -9999.0 -9999.0 -9999.0 -9999.0 -9999.0 -9999.0 -9999.0 -9999.0 -9999.0 -9999.0 -9999.0 -9999.0 -9999.0 -9999.0 -9999.0 -9999.0 -9999.0 -9999.0 -9999.0 -9999.0 -9999.0 -9999.0 -9999.0 -9999.0 -9999.0 -9999.0 -9999.0 -9999.0 -9999.0 -9999.0
-9999.0 -9999.0 -9999.0 -9999.0 -9999.0 -9999.0 -9999.0 -9999.0 -9999.0 -9999.0 -9999.0 -9999.0 -9999.0 -9999.0 -9999.0 -9999.0 -9999.0 -9999.0 -9999.0 -9999.0 3125.229549 3126.220807 3104.360038 3070.082425 3041.606807 3043.145954 3075.814027 3116.059118 3154.392528 3161.568802 3142.228850 3145.598256 3140.831302 3136.259337 3136.328331 3143.733147 3149.959935 3159.560510 3166.391164 3164.018572 3156.595195 3151.446716 3153.739355 3155.378573 3161.573415 3147.458354 3163.378231 3179.683512 3184.615899 3181.990059 3158.392730 3146.595541 3138.965778 3123.820230 3150.604452 3162.633482 3186.379930 3191.297776 3189.668791 3163.245982 3133.411773 -9999.0 -9999.0 -9999.0 -9999.0 -9999.0 -9999.0 -9999.0 -9999.0 -9999.0 -9999.0 -9999.0 -9999.0 -9999.0 -9999.0 -9999.0 -9999.0 -9999.0 -9999.0 -9999.0
-9999.0 -9999.0 -9999.0 -9999.0 -9999.0 -9999.0 -9999.0 -9999.0 -9999.0 -9999.0 -9999.0 -9999.0 -9999.0 -9999.0 3035.554021 3026.555646 3023.387543 3030.386675 3062.537207 3092.440180 3104.008111 3096.275702 3095.778311 3070.749514 3047.624456 3059.811327 3088.636984 3118.529540 3151.308855 3168.229007 3156.715491 3153.708542 3160.386047 3179.811312 3187.711709 3183.873677 3165.938974 3189.911554 3202.977887 3207.329909 3205.175458 3195.242395 3204.060349 3218.019863 3210.965455 3195.753619 3206.533192 3221.541775 3232.661412 3224.594704 3166.832543 3154.964361 3152.390625 3148.861571 3136.423110 3132.999237 3161.694003 3161.901038 3155.182268 3138.473942 3105.699082 3060.875503 3042.522191 3083.538342 3127.706643 3184.495682 -9999.0 -9999.0 -9999.0 -9999.0 -9999.0 -9999.0 -9999.0 -9999.0 -9999.0 -9999.0 -9999.0 -9999.0 -9999.0 -9999.0
-9999.0 -9999.0 -9999.0 -9999.0 -9999.0 -9999.0 -9999.0 -9999.0 -9999.0 2978.707708 2984.238512 2990.873527 2992.931767 3007.692410 3004.219787 3010.705407 3014.384225 3040.979780 3069.906548 3102.842642 3129.310745 3119.493798 3117.704791 3121.335541 3115.636264 3122.971984 3142.646023 3178.770443 3209.703572 3244.526912 3210.796822 3205.611268 3222.744280 3263.828202 3286.946229 3288.829562 3270.072683 3286.130274 3309.381296 3325.026432 3321.379457 3315.351755 3341.010167 3356.021948 3350.278683 3329.014530 3327.441387 3334.844539 3364.116368 3313.991791 3248.865879 3210.712074 3226.678767 3205.893455 3180.140993 3169.357917 3170.574008 3191.799893 3180.614131 3147.270143 3114.567961 3103.615743 3087.518044 3109.030848 3132.933112 3179.968308 3220.240310 3250.412961 3250.298778 3233.337166 -9999.0 -9999.0 -9999.0 -9999.0 -9999.0 -9999.0 -9999.0 -9999.0 -9999.0 -9999.0
-9999.0 -9999.0 -9999.0 -9999.0 -9999.0 -9999.0 2900.441881 2910.614769 2930.952524 2933.359581 2959.264265 2964.106983 2982.256116 2998.893416 3019.913884 3032.140837 3056.526404 3085.646070 3120.944264 3157.872449 3184.732013 3172.658637 3177.565969 3196.701464 3223.187769 3241.822902 3263.772956 3300.779849 3372.291186 3408.178030 3401.043174 3401.720837 3409.795461 3459.760928 3523.441196 3534.429004 3513.827984 3500.684593 3523.972914 3561.101178 3559.386168 3558.193488 3571.029380 3581.716302 3608.468097 3597.798148 3561.985404 3556.389554 3562.802276 3540.666740 3472.614089 3415.718978 3396.880675 3350.841866 3268.588743 3226.015947 3249.502509 3277.547892 3256.319695 3207.554739 3175.600587 3170.804714 3160.468118 3154.149623 3167.137973 3190.702891 3215.280045 3229.617858 3218.258192 3197.895119 3176.525251 3148.678267 3151.551356 3176.719251 -9999.0 -9999.0 -9999.0 -9999.0 -9999.0 -9999.0
-9999.0 -9999.0 -9999.0 -9999.0 2851.351964 2863.817971 2848.674056 2874.138954 2905.403850 2938.209535 2965.104077 2995.928250 3018.282285 3044.116146 3076.547744 3098.098294 3129.470556 3158.194249 3204.661244 3265.101010 3308.747764 3321.849517 3329.900974 3380.461566 3436.298469 3483.097494 3501.521612 3527.062893 3572.221539 3628.402780 3650.618938 3653.457040 3670.331273 3713.082974 3768.771753 3803.708292 3786.153397 3777.224040 3787.068435 3801.154619 3823.289681 3823.365056 3824.476644 3828.499733 3835.999696 3834.341981 3807.998716 3774.697101 3761.800667 3751.820126 3714.376952 3642.743477 3612.419972 3583.861375 3542.203285 3488.601885 3440.950541 3441.778526 3387.778107 3333.494858 3283.845499 3276.013310 3256.091028 3240.552711 3223.432045 3235.919401 3248.115754 3233.469544 3204.062881 3175.104498 3162.474314 3145.258994 3134.344083 3165.719467 3183.816946 3213.513558 -9999.0 -9999.0 -9999.0 -9999.0
-9999.0 -9999.0 2793.161802 2838.212244 2894.501440 2899.896480 2892.649785 2894.558164 2919.817262 2967.890877 3029.489986 3065.820099 3094.022665 3123.143939 3172.968109 3234.559060 3293.821536 3335.592730 3392.724758 3461.282961 3519.909707 3546.564947 3555.386149 3590.636851 3644.880428 3713.303453 3741.077277 3767.338489 3798.830867 3834.931571 3827.813797 3838.649869 3850.850951 3863.086294 3877.565972 3884.434425 3879.651987 3875.068543 3856.557138 3851.464853 3857.966477 3865.818442 3864.945776 3850.339382 3846.372476 3861.298524 3867.415115 3865.411388 3862.720925 3867.726356 3863.640189 3815.823295 3797.271662 3782.201655 3770.766944 3724.868198 3658.534935 3626.054365 3604.927815 3564.348943 3491.361062 3453.817650 3414.643249 3380.095250 3342.792158 3329.578352 3297.349555 3265.524090 3227.154882 3186.751626 3167.912274 3153.878301 3153.793241 3154.768944 3172.703614 3188.595467 3204.642292 3212.757521 -9999.0 -9999.0
-9999.0 2685.450466 2756.398003 2875.558093 2952.158529 2987.835464 2996.318226 2999.136621 3022.934046 3053.137059 3139.043090 3189.624034 3271.569350 3307.779038 3347.891741 3437.267770 3530.547199 3573.318595 3611.644773 3674.413945 3739.426479 3786.175385 3812.328694 3792.971742 3831.945066 3860.481441 3868.211054 3874.941408 3874.674564 3866.189873 3859.585409 3866.295187 3863.378849 3844.289731 3828.301609 3826.583033 3823.200844 3799.964649 3772.501910 3757.130052 3758.616146 3783.478010 3770.425358 3749.090399 3744.690550 3766.289176 3787.500977 3776.865414 3763.749484 3780.296821 3814.771807 3839.384209 3841.010367 3859.408070 3880.491615 3851.661841 3829.961464 3786.402778 3769.592928 3744.264345 3687.729776 3633.008691 3585.154717 3536.816453 3484.622096 3435.697477 3388.339569 3341.405224 3288.431481 3255.947861 3231.855615 3189.240421 3176.490358 3183.217035 3178.402353 3177.112782 3183.953715 3190.607228 -9999.0 -9999.0
-9999.0 2589.851261 2728.607776 2903.310167 3044.406330 3084.073618 3146.034940 3200.984568 3213.967136 3159.308138 3259.082877 3474.244229 3593.484404 3610.183054 3684.693540 3778.524016 3763.110399 3794.088204 3816.921357 3841.453817 3861.200296 3875.062596 3873.223378 3867.927383 3851.517896 3843.531334 3842.672615 3840.591508 3823.284031 3804.410092 3787.668837 3784.605508 3766.836216 3717.940796 3684.947364 3667.725461 3649.226412 3635.678677 3608.325190 3582.500877 3566.286659 3577.088085 3574.989765 3561.309775 3556.885762 3575.141764 3605.967995 3603.704654 3614.990467 3634.481564 3669.855538 3707.692968 3726.859408 3755.791685 3791.253969 3838.763538 3847.873753 3870.210796 3873.258283 3862.302957 3816.132308 3764.905967 3735.665517 3680.619995 3621.172760 3559.589393 3511.030468 3466.568884 3411.733340 3377.784606 3338.716734 3285.504976 3242.568603 3234.647572 3201.415134 3188.301422 -9999.0 -9999.0 -9999.0 -9999.0
-9999.0 2488.641670 2667.904994 2903.947210 3194.056102 3265.853064 3465.007137 3577.986113 3616.498008 3682.789796 3569.662083 3770.638790 3821.701726 3816.254544 3830.374843 3833.301582 3847.384856 3846.842750 3841.773795 3830.831196 3821.343872 3816.849797 3815.758851 3807.864980 3795.284804 3780.718280 3768.878383 3757.563414 3721.177803 3689.467061 3650.787537 3638.469387 3594.695580 3503.498062 3464.961344 3427.031210 3367.033560 3369.345321 3376.245144 3352.406919 3333.072336 3305.620780 3334.656080 3344.909929 3348.891531 3344.782621 3354.674477 3382.563608 3429.631280 3463.560732 3502.192271 3549.723123 3579.828050 3618.717596 3658.456517 3710.478735 3741.341917 3770.055490 3818.507428 3855.404610 3878.032644 3864.258338 3845.301732 3801.127210 3741.164574 3692.025168 3663.358080 3613.307218 3570.031688 3526.620287 3480.398844 3427.889785 3366.747667 3313.295286 3279.499096 -9999.0 -9999.0 -9999.0 -9999.0 -9999.0
-9999.0 2268.011415 2531.176654 2793.720973 3067.609981 3405.975412 3572.397965 3667.055790 3729.478038 3710.306809 3731.674832 3738.497851 3775.336825 3782.284146 3760.833541 3747.253223 3730.007672 3728.919047 3741.949170 3714.799842 3684.800270 3671.596016 3672.469850 3661.774880 3638.110759 3623.245712 3613.967602 3595.719878 3552.870228 3503.261865 3420.174357 3386.717845 3309.179725 3270.268917 3234.167225 3187.923887 3143.814970 3149.513920 3174.072618 3165.009664 3144.567503 3127.765114 3156.963770 3177.510269 3190.555560 3174.567381 3181.122008 3215.117937 3261.080366 3300.924447 3344.254293 3391.665970 3432.911423 3471.879872 3492.928623 3532.353203 3574.089878 3615.317970 3684.935472 3762.546606 3797.976344 3832.274698 3861.490177 3883.233974 3840.582825 3814.014447 3790.548805 3767.408008 3721.577122 3676.424734 3635.904969 3571.880311 3512.385303 -9999.0 -9999.0 -9999.0 -9999.0 -9999.0 -9999.0 -9999.0
-9999.0 2154.653171 2348.203772 2539.931886 2784.071803 3011.131623 3228.657892 3318.679134 3388.299928 3456.327935 3508.318641 3545.264490 3571.001363 3592.321312 3569.678790 3524.232164 3492.339812 3497.237859 3488.723048 3467.714992 3440.211303 3427.432267 3425.002208 3420.345657 3399.283407 3389.138828 3382.531881 3364.792728 3339.613468 3287.682657 3216.961194 3145.112315 3092.146642 3072.968976 3050.962179 3024.707436 2998.332027 3012.006675 3025.065034 3025.246234 3018.871137 3019.145368 3048.191039 3067.983911 3077.409986 3066.402248 3084.377752 3107.280918 3143.860787 3182.605593 3226.653849 3276.070282 3323.812402 3343.641350 3345.730002 3357.303761 3384.720664 3427.644105 3503.491891 3588.921302 3665.531147 3710.536284 3760.941847 3800.542419 3828.252421 3853.861285 3875.674751 3868.291490 3842.720553 3809.611184 3751.425045 -9999.0 -9999.0 -9999.0 -9999.0 -9999.0 -9999.0 -9999.0 -9999.0 -9999.0
-9999.0 -9999.0 2121.380845 2273.391580 2369.750051 2530.243080 2671.224471 2778.308693 2861.993499 2999.712136 3119.700672 3211.559079 3257.159200 3272.602496 3258.668605 3230.086941 3212.762219 3212.441393 3200.970971 3194.663116 3180.385819 3175.323206 3163.861269 3156.894232 3153.081143 3152.825673 3151.115321 3143.636508 3127.654057 3087.210135 3050.963229 3007.524338 2962.375784 2941.780950 2924.627142 2908.488715 2913.193321 2909.065904 2915.158209 2918.459089 2928.315422 2942.644328 2962.096678 2984.620677 2994.194232 3004.135496 3014.781399 3036.066667 3065.610957 3105.148915 3155.821151 3209.923671 3245.154464 3251.529472 3233.287389 3228.076522 3236.021543 3264.593029 3327.571487 3396.224165 3484.976085 3549.825325 3616.370286 3671.873329 3698.266736 3734.639038 3804.247296 3852.228509 3893.924555 3871.565419 -9999.0 -9999.0 -9999.0 -9999.0 -9999.0 -9999.0 -9999.0 -9999.0 -9999.0 -9999.0
-9999.0 -9999.0 -9999.0 -9999.0 2130.383476 2275.987507 2371.437978 2449.514397 2582.365541 2712.567063 2799.925990 2885.564257 2953.260434 2978.530634 2979.227737 2995.450915 2994.437860 2985.510707 2974.884612 2979.814850 2984.859939 2979.102900 2963.352269 2957.889671 2962.694110 2971.707173 2971.354250 2960.178247 2944.117612 2931.614456 2920.431538 2891.683732 2861.263941 2835.697417 2825.514239 2823.934626 2825.337840 2818.527834 2827.685797 2837.160718 2853.457696 2868.788272 2892.341355 2921.990658 2936.559494 2951.007869 2959.268278 2977.347337 3005.458318 3056.478907 3117.597210 3173.456178 3206.802166 3206.781159 3177.589398 3155.533557 3142.791483 3159.868927 3189.167230 3239.726822 3328.410722 3390.124760 3435.395529 3474.126783 3510.318274 3574.896199 3668.581427 3749.382970 -9999.0 -9999.0 -9999.0 -9999.0 -9999.0 -9999.0 -9999.0 -9999.0 -9999.0 -9999.0 -9999.0 -9999.0
-9999.0 -9999.0 -9999.0 -9999.0 -9999.0 -9999.0 2102.897044 2207.720407 2274.367565 2426.404678 2571.152283 2679.075145 2762.971970 2799.312033 2812.527219 2842.769817 2843.329404 2823.281864 2801.767918 2823.890141 2843.465753 2837.575747 2805.764790 2808.069017 2816.226816 2825.520147 2824.707590 2820.795340 2798.546469 2817.621223 2824.499465 2804.470855 2781.659500 2780.495550 2770.071689 2780.815229 2781.568194 2767.618676 2766.868383 2789.309194 2810.736086 2823.768910 2844.821250 2877.977374 2910.312468 2925.711058 2926.202145 2930.386079 2966.526556 3034.120360 3104.481410 3158.886719 3189.367553 3193.720345 3162.454143 3117.309075 3090.775004 3089.233598 3113.035651 3151.878911 3212.922771 3248.761996 3259.627069 3260.518150 3272.504966 3371.401273 -9999.0 -9999.0 -9999.0 -9999.0 -9999.0 -9999.0 -9999.0 -9999.0 -9999.0 -9999.0 -9999.0 -9999.0 -9999.0 -9999.0
-9999.0 -9999.0 -9999.0 -9999.0 -9999.0 -9999.0 -9999.0 -9999.0 -9999.0 -9999.0 -9999.0 -9999.0 -9999.0 -9999.0 -9999.0 -9999.0 -9999.0 -9999.0 -9999.0 -9999.0 -9999.0 -9999.0 -9999.0 -9999.0 -9999.0 -9999.0 -9999.0 -9999.0 -9999.0 -9999.0 -9999.0 -9999.0 -9999.0 -9999.0 -9999.0 -9999.0 -9999.0 -9999.0 -9999.0 -9999.0 -9999.0 -9999.0 -9999.0 -9999.0 -9999.0 -9999.0 -9999.0 -9999.0 -9999.0 -9999.0 -9999.0 -9999.0 -9999.0 -9999.0 -9999.0 -9999.0 -9999.0 -9999.0 -9999.0 -9999.0 -9999.0 -9999.0 -9999.0 -9999.0 -9999.0 -9999.0 -9999.0 -9999.0 -9999.0 -9999.0 -9999.0 -9999.0 -9999.0 -9999.0 -9999.0 -9999.0 -9999.0 -9999.0 -9999.0 -9999.0
-9999.0 -9999.0 -9999.0 -9999.0 -9999.0 -9999.0 -9999.0 -9999.0 -9999.0 -9999.0 -9999.0 -9999.0 -9999.0 -9999.0 -9999.0 -9999.0 -9999.0 -9999.0 -9999.0 -9999.0 -9999.0 -9999.0 -9999.0 -9999.0 -9999.0 -9999.0 -9999.0 -9999.0 -9999.0 -9999.0 -9999.0 -9999.0 -9999.0 -9999.0 -9999.0 -9999.0 -9999.0 -9999.0 -9999.0 -9999.0 -9999.0 -9999.0 -9999.0 -9999.0 -9999.0 -9999.0 -9999.0 -9999.0 -9999.0 -9999.0 -9999.0 -9999.0 -9999.0 -9999.0 -9999.0 -9999.0 -9999.0 -9999.0 -9999.0 -9999.0 -9999.0 -9999.0 -9999.0 -9999.0 -9999.0 -9999.0 -9999.0 -9999.0 -9999.0 -9999.0 -9999.0 -9999.0 -9999.0 -9999.0 -9999.0 -9999.0 -9999.0 -9999.0 -9999.0 -9999.0