Borden_/Borden1m_014/output_maps/psiliqL0017N0011.asc
ncols         80
nrows         18
xllcorner     620200.000000
yllcorner     5168000.000000
cellsize      1.000000
NODATA_value  -9999.0
-9999.0 -9999.0 -9999.0 -9999.0 -9999.0 -9999.0 -9999.0 -9999.0 -9999.0 -9999.0 -9999.0 -9999.0 -9999.0 -9999.0 -9999.0 -9999.0 -9999.0 -9999.0 -9999.0 -9999.0 -9999.0 -9999.0 -9999.0 -9999.0 -9999.0 -9999.0 -9999.0 -9999.0 -9999.0 -9999.0 -9999.0 -9999.0 -9999.0 -9999.0 -9999.0 -9999.0 -9999.0 -9999.0 -9999.0 -9999.0 -9999.0 -9999.0 -9999.0 -9999.0 -9999.0 -9999.0 -9999.0 -9999.0 -9999.0 -9999.0 -9999.0 -9999.0 -9999.0 -9999.0 -9999.0 -9999.0 -9999.0 -9999.0 -9999.0 -9999.0 -9999.0 -9999.0 -9999.0 -9999.0 -9999.0 -9999.0 -9999.0 -9999.0 -9999.0 -9999.0 -9999.0 -9999.0 -9999.0 -9999.0 -9999.0 -9999.0 -9999.0 -9999.0 -9999.0 -9999.0
-9999.0 -9999.0 -9999.0 -9999.0 -9999.0 -9999.0 -9999.0 -9999.0 -9999.0 -9999.0 -9999.0 -9999.0 -9999.0 -9999.0 -9999.0 -9999.0 -9999.0 -9999.0 -9999.0 -9999.0 -9999.0 -9999.0 -9999.0 -9999.0 -9999.0 -9999.0 -9999.0 -9999.0 -9999.0 -9999.0 -9999.0 -9999.0 -9999.0 -9999.0 -9999.0 -9999.0 -9999.0 -9999.0 -9999.0 -9999.0 -9999.0 -9999.0 -9999.0 -9999.0 -9999.0 -9999.0 -9999.0 -9999.0 -9999.0 -9999.0 -9999.0 -9999.0 -9999.0 -9999.0 -9999.0 -9999.0 -9999.0 -9999.0 -9999.0 -9999.0 -9999.0 -9999.0 -9999.0 -9999.0 -9999.0 -9999.0 -9999.0 -9999.0 -9999.0 -9999.0 -9999.0 -9999.0 -9999.0 -9999.0 -9999.0 -9999.0 -9999.0 -9999.0 -9999.0 -9999.0
-9999.0 -9999.0 -9999.0 -9999.0 -9999.0 -9999.0 -9999.0 -9999.0 -9999.0 -9999.0 -9999.0 -9999.0 -9999.0 -9999.0 -9999.0 -9999.0 -9999.0 -9999.0 -9999.0 -9999.0 1548.963452 1551.785801 1530.923636 1498.616228 1472.383469 1476.413889 1512.293202 1554.698660 1594.275781 1604.557461 1587.714020 1592.472495 1590.580748 1591.740234 1597.037530 1607.183564 1614.491071 1626.761359 1635.474370 1634.703520 1628.118036 1622.706958 1623.159031 1625.464621 1630.896420 1619.155903 1633.608101 1648.572719 1652.370056 1645.651694 1616.471516 1598.456871 1586.499453 1568.169113 1590.655121 1599.955997 1620.254618 1622.147166 1618.474725 1590.186946 1559.284781 -9999.0 -9999.0 -9999.0 -9999.0 -9999.0 -9999.0 -9999.0 -9999.0 -9999.0 -9999.0 -9999.0 -9999.0 -9999.0 -9999.0 -9999.0 -9999.0 -9999.0 -9999.0 -9999.0
-9999.0 -9999.0 -9999.0 -9999.0 -9999.0 -9999.0 -9999.0 -9999.0 -9999.0 -9999.0 -9999.0 -9999.0 -9999.0 -9999.0 1454.521855 1446.003270 1444.505519 1454.123785 1488.962064 1520.530489 1533.093022 1526.903335 1528.457136 1506.493110 1487.678227 1503.887928 1535.729295 1568.400129 1603.277740 1623.315117 1613.234606 1613.045873 1625.332480 1653.574372 1669.780380 1670.786681 1654.640251 1680.118807 1695.764468 1702.885612 1701.322399 1691.837642 1702.771598 1717.344581 1710.286928 1694.182854 1701.673879 1714.475395 1725.169630 1710.503737 1644.529175 1622.503525 1614.431262 1605.320559 1588.902563 1580.472304 1603.625841 1600.755935 1590.492814 1570.984234 1536.828737 1491.643043 1471.561270 1509.035782 1551.211699 1606.924892 -9999.0 -9999.0 -9999.0 -9999.0 -9999.0 -9999.0 -9999.0 -9999.0 -9999.0 -9999.0 -9999.0 -9999.0 -9999.0 -9999.0
-9999.0 -9999.0 -9999.0 -9999.0 -9999.0 -9999.0 -9999.0 -9999.0 -9999.0 1394.616625 1400.173591 1408.386788 1411.897745 1428.504964 1426.645676 1435.013553 1442.920163 1471.768444 1504.409733 1541.212812 1571.512298 1564.564634 1566.676675 1577.732226 1582.470451 1597.612045 1622.242027 1663.335297 1700.528528 1739.384497 1710.218936 1709.694468 1733.076793 1785.550665 1823.186700 1834.414496 1820.302203 1833.247035 1858.143352 1877.385195 1874.531547 1869.823321 1893.194233 1906.328537 1905.499509 1886.502423 1879.279448 1882.579119 1907.998033 1854.350710 1783.183103 1728.701045 1730.252655 1699.420627 1662.068134 1640.616888 1634.337733 1650.978737 1633.875323 1595.157359 1557.494425 1544.005427 1524.309087 1540.028188 1560.309944 1604.602923 1642.118323 1669.167883 1667.113582 1648.592349 -9999.0 -9999.0 -9999.0 -9999.0 -9999.0 -9999.0 -9999.0 -9999.0 -9999.0 -9999.0
-9999.0 -9999.0 -9999.0 -9999.0 -9999.0 -9999.0 1314.818119 1325.459032 1346.932372 1351.919686 1378.674755 1386.826295 1408.430306 1428.720300 1451.979475 1469.552387 1500.523515 1535.040729 1577.520469 1622.874626 1657.800857 1654.188348 1666.148397 1697.140067 1738.742409 1772.783106 1802.508559 1843.309197 1916.311763 1954.202075 1957.052971 1962.925821 1978.164911 2037.324493 2111.661064 2132.635625 2117.584712 2106.286684 2127.257965 2161.469684 2162.674724 2161.526197 2171.663368 2180.647782 2206.596920 2198.639496 2162.997369 2153.243324 2153.404611 2132.635316 2062.562981 1989.847246 1952.919203 1900.968287 1816.393275 1760.053145 1763.541466 1778.251779 1747.220741 1691.731118 1649.370701 1635.684716 1617.497982 1602.138129 1606.580031 1623.587610 1643.522232 1652.807084 1637.845465 1614.924624 1590.910363 1560.649949 1561.196701 1585.312902 -9999.0 -9999.0 -9999.0 -9999.0 -9999.0 -9999.0
-9999.0 -9999.0 -9999.0 -9999.0 1263.829560 1277.807522 1266.207415 1292.977104 1327.015652 1362.589946 1395.101189 1432.569017 1460.761235 1492.269647 1533.446154 1567.996055 1610.585599 1647.851721 1705.053322 1777.738075 1834.004813 1859.836097 1876.275702 1936.411874 2004.345503 2067.271179 2095.209246 2123.790614 2164.829429 2219.082546 2242.238896 2248.236625 2268.941008 2312.102782 2367.911725 2407.623398 2395.609334 2390.653756 2398.323839 2409.361697 2430.640095 2430.292038 2431.159373 2433.472523 2438.781626 2439.088381 2417.134123 2386.220101 2372.167871 2360.564058 2324.705380 2249.619216 2209.345917 2178.458878 2140.407919 2082.061965 2011.793574 1993.174045 1933.672899 1874.496816 1810.649006 1784.855295 1750.204081 1721.464543 1689.856852 1689.000797 1689.842120 1666.877960 1631.966081 1597.444440 1580.270482 1559.388021 1546.283915 1574.873843 1591.165671 1620.403804 -9999.0 -9999.0 -9999.0 -9999.0
-9999.0 -9999.0 1202.607930 1251.540088 1310.099111 1320.374087 1321.561564 1329.021051 1359.230692 1413.017515 1487.889985 1537.596142 1579.105453 1614.803787 1676.311227 1756.445373 1829.870960 1880.729553 1945.749594 2024.222727 2095.459589 2132.525195 2149.804495 2190.605050 2249.348056 2319.589689 2351.340444 2378.510047 2407.995379 2438.207375 2442.558648 2454.824704 2464.940451 2472.358307 2482.886402 2488.717225 2487.298255 2484.937751 2468.322151 2464.744503 2471.200213 2476.659502 2477.328246 2463.795294 2460.107974 2474.547480 2480.233615 2480.422588 2479.762132 2485.623527 2485.343063 2442.493363 2409.087765 2393.465784 2380.348250 2332.014741 2262.566888 2220.952823 2198.228482 2153.951330 2072.797189 2014.565056 1958.443335 1906.162868 1848.869184 1814.739700 1765.165028 1720.012974 1670.952044 1621.912753 1595.237441 1574.317252 1569.083484 1566.463197 1580.943376 1594.862248 1609.230037 1616.516256 -9999.0 -9999.0
-9999.0 1097.416613 1170.200079 1296.904413 1378.968413 1425.436393 1456.234825 1478.282580 1508.966681 1539.291183 1642.859712 1726.901444 1818.317540 1858.308420 1911.395229 2014.742504 2114.498269 2164.399301 2206.613858 2269.350633 2335.933003 2386.973737 2415.933024 2421.627565 2459.412108 2480.103401 2487.365025 2492.689945 2489.168410 2479.085302 2468.280297 2472.754674 2468.111668 2448.421679 2431.521412 2428.631893 2425.225642 2404.179268 2378.319838 2365.186120 2368.178111 2392.381094 2380.054565 2359.630386 2355.888815 2377.042448 2397.477287 2389.267120 2377.722403 2396.371511 2431.049759 2453.972527 2463.198463 2480.418693 2500.268595 2472.461763 2444.215902 2402.458526 2383.594771 2355.577764 2297.029358 2233.635183 2175.997673 2110.812747 2036.884151 1963.859829 1895.630892 1830.139004 1761.527165 1716.822514 1680.913461 1626.249195 1601.614986 1600.060732 1588.974406 1584.262779 1588.779963 1594.445171 -9999.0 -9999.0
-9999.0 1013.647591 1156.116667 1341.123208 1492.198173 1553.188251 1653.466070 1731.915103 1759.840053 1729.616504 1839.510358 2063.454829 2174.140694 2194.640094 2269.743204 2364.237484 2379.798057 2414.053347 2437.851393 2452.901685 2465.797607 2478.077818 2477.354539 2473.256029 2460.892620 2456.266576 2457.745849 2456.797289 2439.666439 2418.380505 2396.896480 2389.066188 2366.640473 2317.315852 2278.656667 2257.501615 2240.622547 2224.860146 2197.189525 2173.375748 2159.265360 2174.918437 2170.137758 2154.082384 2150.121300 2171.139618 2201.992204 2198.808708 2209.232130 2232.605458 2274.752843 2317.632553 2342.472417 2373.818899 2411.393862 2456.528988 2471.201947 2493.934434 2498.908951 2482.476915 2438.665922 2385.897211 2351.987057 2289.524055 2215.263013 2133.300876 2062.806390 1995.974292 1923.791508 1872.534369 1816.354188 1749.152102 1688.326523 1661.441481 1619.030905 1598.051750 -9999.0 -9999.0 -9999.0 -9999.0
-9999.0 929.769366 1116.824369 1373.322743 1658.372736 1770.822505 1986.099070 2117.722736 2174.513343 2246.718913 2208.536716 2371.866743 2416.891059 2414.848308 2419.327887 2426.152109 2443.261349 2446.253516 2441.470101 2430.100476 2420.482034 2416.317450 2415.283756 2408.889312 2398.762724 2386.605149 2375.556042 2364.779322 2327.643365 2290.910136 2246.788916 2226.149974 2181.437826 2083.151257 2031.546607 1987.914149 1927.924912 1924.286354 1923.193903 1897.808662 1880.085574 1858.735181 1882.741489 1889.227337 1891.912490 1892.709889 1907.370510 1932.660857 1979.597726 2019.818982 2070.423890 2130.048878 2169.984218 2215.966866 2263.953594 2322.828907 2358.720599 2391.836945 2441.673490 2480.897024 2504.750860 2493.738182 2469.313012 2424.909476 2356.171995 2292.795121 2244.918937 2173.838418 2109.874765 2051.117828 1989.198828 1918.739444 1838.519277 1751.130156 1705.855204 -9999.0 -9999.0 -9999.0 -9999.0 -9999.0
-9999.0 740.924963 1008.481246 1294.001069 1605.350777 1946.912692 2098.227154 2225.119294 2301.925818 2280.156976 2296.404687 2317.726382 2361.067769 2370.995626 2353.177942 2345.509448 2333.590556 2331.591866 2340.029593 2307.780275 2273.631940 2257.574260 2256.300236 2245.233086 2223.663482 2209.650174 2200.807421 2182.286970 2133.874048 2076.774692 1983.436246 1944.388248 1863.297956 1806.733424 1758.489634 1705.185144 1653.738301 1653.826073 1673.566995 1661.309515 1640.549876 1623.089823 1650.706152 1669.647618 1682.122387 1669.466685 1677.728002 1713.325009 1763.249262 1809.234351 1862.438986 1921.238866 1970.864953 2021.902056 2059.512225 2117.315858 2171.787718 2222.940255 2300.517358 2381.238093 2420.425368 2456.807189 2490.587501 2509.443309 2461.623333 2418.365926 2372.773048 2318.794326 2245.991228 2199.418722 2161.015556 2087.548382 2009.938579 -9999.0 -9999.0 -9999.0 -9999.0 -9999.0 -9999.0 -9999.0
-9999.0 617.357624 831.361096 1054.500723 1335.078325 1576.930562 1783.010074 1895.440599 1984.191865 2037.544750 2083.145552 2121.208964 2152.755639 2176.610570 2157.408213 2118.449880 2089.299341 2090.483300 2078.440682 2044.830249 2006.531160 1986.458671 1981.455063 1974.288136 1951.105371 1938.727465 1930.075600 1908.885070 1876.527529 1818.095041 1734.098176 1656.799550 1594.397235 1562.490188 1531.471679 1497.792030 1462.838909 1473.390358 1486.410947 1484.332631 1475.225872 1473.319747 1502.731806 1522.044003 1532.078909 1520.514844 1539.438895 1565.630018 1607.072578 1650.996218 1701.517681 1758.257995 1813.594421 1844.877106 1862.252755 1892.281368 1936.451781 1996.482202 2091.128239 2191.387204 2273.779167 2326.889776 2382.015992 2421.772420 2441.891262 2458.420835 2442.395749 2373.507908 2279.782726 2275.692928 2270.805460 -9999.0 -9999.0 -9999.0 -9999.0 -9999.0 -9999.0 -9999.0 -9999.0 -9999.0
-9999.0 -9999.0 599.266405 772.677579 904.436776 1083.233946 1234.875772 1348.740312 1446.078174 1570.806639 1683.329042 1770.853516 1815.880878 1833.745218 1820.959296 1789.858239 1768.834564 1766.104166 1750.598446 1733.539898 1708.094365 1696.428751 1683.087404 1674.308939 1665.336393 1661.171463 1657.028406 1646.686010 1625.250924 1577.788239 1528.375474 1475.881560 1422.058485 1395.802941 1373.187649 1351.364933 1350.285870 1346.226022 1352.102743 1354.243255 1361.892574 1375.001176 1395.205436 1417.401944 1427.171844 1436.115325 1448.374064 1471.905019 1504.909016 1547.524202 1602.109292 1660.715151 1701.564248 1715.766819 1708.297619 1715.992429 1738.940766 1785.055285 1870.337633 1958.952027 2061.717810 2142.059102 2221.632378 2282.745451 2309.518949 2334.678502 2361.494656 2317.953364 2164.512119 2227.563798 -9999.0 -9999.0 -9999.0 -9999.0 -9999.0 -9999.0 -9999.0 -9999.0 -9999.0 -9999.0
-9999.0 -9999.0 -9999.0 -9999.0 631.872687 786.371222 884.536865 969.334015 1101.661786 1226.161654 1329.350143 1414.080133 1476.985360 1503.702059 1500.386460 1507.014269 1502.128130 1493.854694 1480.982859 1476.703546 1472.679225 1462.983582 1447.293030 1439.593385 1440.837587 1446.374223 1444.342650 1431.102272 1413.303282 1391.010872 1370.400623 1335.472519 1299.158112 1269.513936 1255.923526 1250.093599 1249.745346 1242.826241 1251.717985 1259.467818 1275.010528 1290.437187 1314.298938 1343.385252 1357.202302 1371.897402 1381.473690 1401.795187 1432.156792 1485.640343 1549.356930 1607.665787 1644.271999 1649.651292 1626.444486 1612.595772 1610.674841 1640.785281 1688.286498 1758.238041 1864.359471 1944.304194 2009.832249 2066.781005 2114.329956 2174.917771 2247.023072 2289.458414 -9999.0 -9999.0 -9999.0 -9999.0 -9999.0 -9999.0 -9999.0 -9999.0 -9999.0 -9999.0 -9999.0 -9999.0
-9999.0 -9999.0 -9999.0 -9999.0 -9999.0 -9999.0 593.039092 695.769044 776.483014 917.536601 1050.188502 1152.610857 1233.335608 1265.440454 1292.320420 1319.121596 1316.726456 1296.822769 1275.556532 1292.091267 1304.064647 1296.609309 1265.647751 1265.064617 1270.097626 1278.620954 1276.768194 1270.668408 1245.684494 1257.247813 1257.689567 1233.966681 1207.551794 1193.415827 1181.319913 1190.784780 1190.972081 1177.416274 1178.074646 1205.137841 1225.637994 1238.915142 1260.768101 1294.005680 1326.344081 1341.519825 1342.778799 1348.733598 1388.516645 1458.710365 1530.560859 1586.324150 1619.299377 1628.085108 1601.930436 1563.039645 1543.984128 1552.660367 1589.273244 1643.969341 1722.891168 1776.830110 1809.478945 1832.807768 1862.346911 1961.068160 -9999.0 -9999.0 -9999.0 -9999.0 -9999.0 -9999.0 -9999.0 -9999.0 -9999.0 -9999.0 -9999.0 -9999.0 -9999.0 -9999.0
-9999.0 -9999.0 -9999.0 -9999.0 -9999.0 -9999.0 -9999.0 -9999.0 -9999.0 -9999.0 -9999.0 -9999.0 -9999.0 -9999.0 -9999.0 -9999.0 -9999.0 -9999.0 -9999.0 -9999.0 -9999.0 -9999.0 -9999.0 -9999.0 -9999.0 -9999.0 -9999.0 -9999.0 -9999.0 -9999.0 -9999.0 -9999.0 -9999.0 -9999.0 -9999.0 -9999.0 -9999.0 -9999.0 -9999.0 -9999.0 -9999.0 -9999.0 -9999.0 -9999.0 -9999.0 -9999.0 -9999.0 -9999.0 -9999.0 -9999.0 -9999.0 -9999.0 -9999.0 -9999.0 -9999.0 -9999.0 -9999.0 -9999.0 -9999.0 -9999.0 -9999.0 -9999.0 -9999.0 -9999.0 -9999.0 -9999.0 -9999.0 -9999.0 -9999.0 -9999.0 -9999.0 -9999.0 -9999.0 -9999.0 -9999.0 -9999.0 -9999.0 -9999.0 -9999.0 -9999.0
-9999.0 -9999.0 -9999.0 -9999.0 -9999.0 -9999.0 -9999.0 -9999.0 -9999.0 -9999.0 -9999.0 -9999.0 -9999.0 -9999.0 -9999.0 -9999.0 -9999.0 -9999.0 -9999.0 -9999.0 -9999.0 -9999.0 -9999.0 -9999.0 -9999.0 -9999.0 -9999.0 -9999.0 -9999.0 -9999.0 -9999.0 -9999.0 -9999.0 -9999.0 -9999.0 -9999.0 -9999.0 -9999.0 -9999.0 -9999.0 -9999.0 -9999.0 -9999.0 -9999.0 -9999.0 -9999.0 -9999.0 -9999.0 -9999.0 -9999.0 -9999.0 -9999.0 -9999.0 -9999.0 -9999.0 -9999.0 -9999.0 -9999.0 -9999.0 -9999.0 -9999.0 -9999.0 -9999.0 -9999.0 -9999.0 -9999.0 -9999.0 -9999.0 -9999.0 -9999.0 -9999.0 -9999.0 -9999.0 -9999.0 -9999.0 -9999.0 -9999.0 -9999.0 -9999.0 -9999.0