Borden_/Borden1m_014/output_maps/psiliqL0017N0016.asc
ncols         80
nrows         18
xllcorner     620200.000000
yllcorner     5168000.000000
cellsize      1.000000
NODATA_value  -9999.0
-9999.0 -9999.0 -9999.0 -9999.0 -9999.0 -9999.0 -9999.0 -9999.0 -9999.0 -9999.0 -9999.0 -9999.0 -9999.0 -9999.0 -9999.0 -9999.0 -9999.0 -9999.0 -9999.0 -9999.0 -9999.0 -9999.0 -9999.0 -9999.0 -9999.0 -9999.0 -9999.0 -9999.0 -9999.0 -9999.0 -9999.0 -9999.0 -9999.0 -9999.0 -9999.0 -9999.0 -9999.0 -9999.0 -9999.0 -9999.0 -9999.0 -9999.0 -9999.0 -9999.0 -9999.0 -9999.0 -9999.0 -9999.0 -9999.0 -9999.0 -9999.0 -9999.0 -9999.0 -9999.0 -9999.0 -9999.0 -9999.0 -9999.0 -9999.0 -9999.0 -9999.0 -9999.0 -9999.0 -9999.0 -9999.0 -9999.0 -9999.0 -9999.0 -9999.0 -9999.0 -9999.0 -9999.0 -9999.0 -9999.0 -9999.0 -9999.0 -9999.0 -9999.0 -9999.0 -9999.0
-9999.0 -9999.0 -9999.0 -9999.0 -9999.0 -9999.0 -9999.0 -9999.0 -9999.0 -9999.0 -9999.0 -9999.0 -9999.0 -9999.0 -9999.0 -9999.0 -9999.0 -9999.0 -9999.0 -9999.0 -9999.0 -9999.0 -9999.0 -9999.0 -9999.0 -9999.0 -9999.0 -9999.0 -9999.0 -9999.0 -9999.0 -9999.0 -9999.0 -9999.0 -9999.0 -9999.0 -9999.0 -9999.0 -9999.0 -9999.0 -9999.0 -9999.0 -9999.0 -9999.0 -9999.0 -9999.0 -9999.0 -9999.0 -9999.0 -9999.0 -9999.0 -9999.0 -9999.0 -9999.0 -9999.0 -9999.0 -9999.0 -9999.0 -9999.0 -9999.0 -9999.0 -9999.0 -9999.0 -9999.0 -9999.0 -9999.0 -9999.0 -9999.0 -9999.0 -9999.0 -9999.0 -9999.0 -9999.0 -9999.0 -9999.0 -9999.0 -9999.0 -9999.0 -9999.0 -9999.0
-9999.0 -9999.0 -9999.0 -9999.0 -9999.0 -9999.0 -9999.0 -9999.0 -9999.0 -9999.0 -9999.0 -9999.0 -9999.0 -9999.0 -9999.0 -9999.0 -9999.0 -9999.0 -9999.0 -9999.0 1554.872328 1557.865926 1537.323678 1505.417729 1479.539738 1483.782870 1519.818551 1562.482488 1602.552055 1613.559214 1597.556998 1603.109265 1601.721488 1602.793557 1607.352625 1616.489331 1622.853712 1634.397342 1642.627566 1641.571369 1634.848803 1629.426970 1629.974769 1632.430034 1638.021284 1626.451594 1641.152156 1656.485452 1660.721740 1654.416991 1625.547387 1607.563372 1595.301031 1576.555699 1598.718934 1607.817867 1627.873174 1629.379952 1625.260367 1596.619804 1565.531652 -9999.0 -9999.0 -9999.0 -9999.0 -9999.0 -9999.0 -9999.0 -9999.0 -9999.0 -9999.0 -9999.0 -9999.0 -9999.0 -9999.0 -9999.0 -9999.0 -9999.0 -9999.0 -9999.0
-9999.0 -9999.0 -9999.0 -9999.0 -9999.0 -9999.0 -9999.0 -9999.0 -9999.0 -9999.0 -9999.0 -9999.0 -9999.0 -9999.0 1458.984117 1450.829006 1449.868114 1460.106914 1495.540539 1527.496997 1540.017682 1534.057254 1536.069330 1514.724209 1496.425549 1512.761398 1544.580708 1577.439010 1612.938793 1634.003313 1625.142092 1626.147639 1639.260294 1667.362706 1682.208931 1681.568163 1664.046360 1688.588921 1703.667960 1710.484847 1708.793272 1699.332462 1710.429756 1725.216398 1718.341545 1702.385954 1710.125338 1723.369233 1734.668050 1720.639469 1655.273685 1633.488182 1624.957498 1615.231592 1598.456786 1589.972503 1613.034398 1609.655384 1598.688743 1578.609674 1544.182919 1499.113732 1478.842345 1516.026366 1557.899757 1613.355214 -9999.0 -9999.0 -9999.0 -9999.0 -9999.0 -9999.0 -9999.0 -9999.0 -9999.0 -9999.0 -9999.0 -9999.0 -9999.0 -9999.0
-9999.0 -9999.0 -9999.0 -9999.0 -9999.0 -9999.0 -9999.0 -9999.0 -9999.0 1397.457464 1403.213473 1411.786684 1415.797481 1432.985117 1431.640190 1440.645377 1449.300989 1479.010863 1512.537944 1550.012408 1580.580914 1573.997017 1576.885619 1589.150645 1594.878780 1609.763967 1633.778687 1674.836562 1712.925154 1753.494659 1726.376872 1727.923612 1752.842106 1804.862361 1839.479492 1847.631615 1831.295163 1842.867108 1867.010831 1885.899293 1882.928871 1878.298624 1901.936114 1915.382747 1914.783498 1895.895915 1888.909397 1892.789005 1919.169186 1866.727765 1797.107689 1743.638080 1744.346896 1712.407917 1674.686309 1653.647511 1647.759818 1663.586390 1645.098800 1605.287723 1567.106323 1553.382776 1533.281849 1548.546377 1568.391065 1612.247911 1649.539886 1676.022602 1673.372334 1654.443393 -9999.0 -9999.0 -9999.0 -9999.0 -9999.0 -9999.0 -9999.0 -9999.0 -9999.0 -9999.0
-9999.0 -9999.0 -9999.0 -9999.0 -9999.0 -9999.0 1317.544302 1328.313466 1349.950430 1355.076986 1382.131950 1390.752473 1413.019556 1434.150966 1458.372816 1476.993747 1509.085287 1544.967847 1589.020405 1635.587276 1670.708993 1667.293413 1680.501192 1713.925983 1757.635694 1790.163716 1817.696723 1857.690847 1931.780267 1972.199269 1978.122404 1987.115060 2004.738145 2062.773240 2131.624880 2147.712427 2129.462401 2116.267425 2136.200448 2169.933212 2171.018591 2169.956264 2180.342554 2189.621843 2215.821279 2208.045237 2172.715730 2163.713778 2165.259483 2146.609274 2079.621601 2009.498789 1971.203603 1917.570905 1833.040990 1778.558884 1783.931820 1797.020750 1763.206393 1705.879238 1662.926517 1649.113785 1630.185270 1614.051022 1617.821839 1633.972991 1652.974378 1661.247926 1645.352156 1621.729668 1597.342744 1566.489286 1566.402501 1590.027751 -9999.0 -9999.0 -9999.0 -9999.0 -9999.0 -9999.0
-9999.0 -9999.0 -9999.0 -9999.0 1266.449057 1280.658244 1269.264194 1296.278196 1330.576659 1366.462115 1399.436904 1437.580434 1466.731314 1499.542373 1542.312254 1578.474701 1622.595285 1661.994191 1722.119404 1796.952515 1852.394412 1877.424646 1895.118687 1959.104410 2030.608015 2089.559384 2112.894775 2139.277026 2180.528009 2236.681247 2262.397793 2270.982780 2293.491901 2335.878145 2387.893275 2423.449469 2408.251206 2401.142101 2407.506022 2417.897036 2439.010181 2438.712403 2439.766992 2442.345805 2447.951704 2448.552001 2427.017794 2397.066263 2384.653279 2375.182428 2341.850171 2268.578390 2227.717886 2196.351779 2159.923044 2105.841815 2040.036324 2018.658450 1954.722685 1893.294690 1829.858207 1805.151341 1769.198950 1739.278347 1706.866380 1704.428571 1703.466113 1678.706892 1642.207135 1606.474527 1588.403630 1566.611237 1552.542855 1580.170080 1595.624176 1624.190606 -9999.0 -9999.0 -9999.0 -9999.0
-9999.0 -9999.0 1204.674965 1253.925914 1312.939701 1323.740347 1325.432672 1333.310490 1363.890574 1418.128375 1493.662562 1544.249772 1587.070440 1624.716961 1688.769466 1771.158456 1846.134884 1899.653668 1969.046406 2050.564205 2118.817254 2152.942802 2169.878863 2212.706826 2273.122574 2340.459833 2368.579713 2393.700915 2422.950448 2454.454462 2460.685800 2474.874322 2486.463731 2494.006105 2502.827029 2505.847803 2501.424975 2496.591070 2478.264735 2473.686044 2479.674325 2484.984280 2485.724957 2472.428416 2469.119604 2484.110268 2490.675870 2492.351518 2493.792060 2501.905119 2503.365097 2461.201064 2427.351095 2411.748106 2400.186544 2354.863976 2288.098944 2244.826038 2219.496546 2174.970706 2096.944424 2042.643522 1984.851982 1931.766900 1874.483293 1837.875803 1785.450254 1737.399434 1685.787875 1634.971238 1606.997563 1584.698026 1577.867342 1573.442381 1586.327007 1598.925056 1612.239051 1618.976241 -9999.0 -9999.0
-9999.0 1099.280827 1172.332902 1299.576866 1382.445084 1429.902860 1461.630165 1484.308607 1515.408631 1546.211777 1650.550566 1735.512383 1828.407569 1870.833526 1927.166930 2032.904606 2133.228873 2184.816134 2230.080560 2294.892765 2359.676035 2408.234689 2436.074114 2441.940853 2479.676207 2498.437196 2503.373621 2507.260219 2503.521870 2494.379167 2485.081813 2491.205407 2488.297575 2470.095730 2453.512208 2448.621786 2441.648367 2417.301963 2389.035679 2374.409422 2376.545291 2400.339268 2387.978331 2367.788497 2364.548352 2386.577527 2408.542723 2402.746220 2394.503274 2416.236151 2452.222192 2474.659516 2483.054184 2500.195822 2520.723540 2493.882397 2466.129283 2423.220368 2403.208592 2375.696442 2319.829931 2259.840865 2203.430803 2141.164127 2070.878049 1995.583918 1924.549816 1855.116414 1782.868878 1736.175402 1699.169594 1642.592538 1615.271190 1610.275813 1596.259974 1589.335908 1592.046115 1596.983363 -9999.0 -9999.0
-9999.0 1015.591375 1158.445754 1344.281528 1496.694021 1559.362204 1661.168153 1740.503674 1768.652033 1738.566614 1849.019387 2073.302385 2184.816593 2207.090682 2284.667579 2381.366627 2398.206326 2434.287129 2460.701891 2477.768042 2490.347753 2500.948746 2498.523971 2493.108203 2479.386148 2472.928881 2472.681904 2470.708188 2453.527347 2433.280717 2413.408964 2407.216765 2387.143605 2341.160587 2305.366339 2282.587264 2260.550400 2240.121572 2209.139018 2183.186958 2167.832428 2182.902715 2178.032428 2162.236643 2158.896274 2181.157575 2214.222941 2214.652775 2230.179086 2258.747927 2301.951200 2342.514412 2365.713874 2396.959480 2434.503979 2478.668000 2492.050791 2513.453265 2517.624999 2501.583122 2459.368668 2408.898093 2376.930370 2317.667915 2247.202627 2166.546708 2097.176345 2027.603661 1951.911900 1900.022446 1844.513563 1775.341678 1710.673030 1676.821330 1629.437818 1604.943427 -9999.0 -9999.0 -9999.0 -9999.0
-9999.0 931.805366 1119.364783 1376.992332 1664.007608 1779.009923 1996.572538 2129.589629 2185.898864 2257.099499 2218.448289 2381.687216 2427.124415 2426.217029 2432.440751 2441.208138 2460.390854 2466.173917 2465.077350 2457.226203 2448.875599 2443.286924 2439.548156 2430.288594 2417.462028 2402.932664 2390.128451 2378.528721 2341.688526 2306.507020 2264.442657 2245.043536 2202.355197 2108.479094 2061.759819 2016.497875 1949.628950 1940.399538 1935.592986 1907.753176 1888.647012 1866.638041 1890.554449 1897.329022 1900.700962 1902.851535 1919.991255 1949.631251 2003.209720 2050.673671 2102.268747 2158.278758 2196.753127 2243.871249 2292.133184 2347.921777 2380.760609 2412.078422 2460.958538 2500.448161 2525.312642 2515.493835 2492.300713 2449.666491 2383.159418 2321.168010 2274.547807 2202.796974 2138.951882 2084.163565 2028.154603 1958.372749 1875.115966 1772.559751 1720.341073 -9999.0 -9999.0 -9999.0 -9999.0 -9999.0
-9999.0 742.994130 1011.130455 1297.930503 1611.576341 1956.456219 2111.437665 2240.934810 2316.090279 2291.726497 2306.391552 2327.090599 2370.518242 2381.199722 2364.737538 2358.887907 2349.585516 2351.598400 2365.894051 2340.281144 2309.555716 2291.786041 2286.179445 2270.396516 2244.525252 2227.155416 2216.033306 2196.373675 2148.192440 2092.839033 2001.723821 1962.718640 1881.487783 1826.462721 1779.982705 1725.068207 1669.421084 1665.941642 1683.159094 1669.181640 1647.402916 1629.442104 1656.986484 1676.185139 1689.248194 1677.684726 1687.847320 1726.553883 1780.995123 1831.856696 1887.158032 1946.107479 1997.547961 2052.421600 2091.386637 2144.770220 2195.506262 2245.154544 2321.982461 2403.160649 2443.371893 2480.121765 2514.109458 2533.159829 2485.289825 2441.698303 2396.064614 2342.258010 2271.080768 2229.733879 2199.893247 2137.331787 2068.221130 -9999.0 -9999.0 -9999.0 -9999.0 -9999.0 -9999.0 -9999.0
-9999.0 619.412114 833.987828 1058.302369 1341.054852 1586.424989 1797.353148 1913.867418 1999.669935 2049.482993 2093.075066 2130.343577 2161.872346 2186.299750 2168.199941 2130.978749 2104.536985 2110.230940 2105.388723 2080.880828 2047.589840 2025.216912 2014.536356 2001.485137 1973.026058 1956.693634 1945.370723 1922.523919 1889.601442 1831.529614 1748.061017 1670.307187 1607.387571 1575.586704 1544.673696 1509.884432 1472.904894 1481.559573 1493.107360 1490.007709 1480.262493 1478.033222 1507.391974 1526.878371 1537.341589 1526.547371 1546.725282 1574.812260 1618.827287 1665.589615 1718.097911 1776.252009 1833.821423 1868.104823 1887.020393 1915.757982 1959.179655 2019.933556 2114.881466 2216.990957 2301.790240 2354.630917 2409.130231 2447.845345 2465.729750 2479.731844 2461.727945 2391.947357 2299.047952 2299.023115 2301.321203 -9999.0 -9999.0 -9999.0 -9999.0 -9999.0 -9999.0 -9999.0 -9999.0 -9999.0
-9999.0 -9999.0 601.905916 776.145932 909.356996 1090.304249 1244.722340 1360.897672 1457.511864 1580.853677 1692.450900 1779.612864 1824.786090 1843.187187 1831.288496 1801.585719 1782.734618 1783.289318 1772.425432 1760.500160 1737.497960 1724.207194 1707.155207 1694.498667 1682.016472 1675.128623 1669.075422 1657.492657 1635.391765 1587.690202 1538.118697 1485.195052 1430.891358 1404.334994 1381.381760 1358.836217 1356.742600 1351.684110 1356.738107 1358.281517 1365.545428 1378.457145 1398.635061 1420.967487 1431.048632 1440.524881 1453.600293 1478.287717 1512.772479 1557.007329 1613.068163 1673.113305 1715.691009 1731.798047 1725.628877 1733.698585 1757.401262 1805.380403 1893.366842 1986.697678 2094.302025 2174.643707 2254.241813 2314.717967 2337.150483 2357.331328 2379.653608 2333.585289 2179.078694 2244.271195 -9999.0 -9999.0 -9999.0 -9999.0 -9999.0 -9999.0 -9999.0 -9999.0 -9999.0 -9999.0
-9999.0 -9999.0 -9999.0 -9999.0 636.335783 791.826798 891.066935 976.901536 1109.452331 1233.794725 1336.821306 1421.577545 1484.759949 1511.988226 1509.438597 1517.162387 1513.795952 1507.522665 1497.060736 1495.042022 1491.915150 1481.295127 1463.629528 1453.734381 1452.929382 1456.793873 1453.517931 1439.408942 1421.043591 1398.387682 1377.467543 1342.172484 1305.480157 1275.485906 1261.516677 1255.187968 1254.249286 1246.749656 1255.148911 1262.527432 1277.826256 1293.129284 1316.980000 1346.166466 1360.211789 1375.286485 1385.420812 1406.500213 1437.821633 1492.379230 1557.179272 1616.596431 1654.473998 1661.158087 1639.055438 1626.100409 1625.411969 1657.553522 1708.136743 1782.578293 1893.698757 1977.029847 2046.224531 2104.568267 2146.581559 2200.570267 2265.884575 2305.100795 -9999.0 -9999.0 -9999.0 -9999.0 -9999.0 -9999.0 -9999.0 -9999.0 -9999.0 -9999.0 -9999.0 -9999.0
-9999.0 -9999.0 -9999.0 -9999.0 -9999.0 -9999.0 598.212120 701.432577 782.493389 923.770121 1056.596298 1159.208872 1240.278006 1272.887337 1300.463480 1328.179858 1326.935175 1308.381397 1288.537471 1306.237557 1318.578581 1310.515301 1278.314871 1276.283541 1279.919368 1287.255494 1284.476791 1277.693981 1252.217316 1263.418131 1263.536503 1239.475294 1212.717165 1198.241227 1185.792327 1194.860700 1194.617982 1180.644919 1180.945880 1207.733672 1228.052954 1241.242308 1263.097896 1296.427620 1328.957938 1344.443206 1346.145526 1352.686227 1393.199213 1464.248885 1536.998863 1593.691725 1627.692139 1637.547983 1612.440664 1574.569633 1556.842946 1567.474890 1606.906617 1665.423250 1748.805673 1806.805667 1843.373435 1868.474935 1895.172328 1990.751175 -9999.0 -9999.0 -9999.0 -9999.0 -9999.0 -9999.0 -9999.0 -9999.0 -9999.0 -9999.0 -9999.0 -9999.0 -9999.0 -9999.0
-9999.0 -9999.0 -9999.0 -9999.0 -9999.0 -9999.0 -9999.0 -9999.0 -9999.0 -9999.0 -9999.0 -9999.0 -9999.0 -9999.0 -9999.0 -9999.0 -9999.0 -9999.0 -9999.0 -9999.0 -9999.0 -9999.0 -9999.0 -9999.0 -9999.0 -9999.0 -9999.0 -9999.0 -9999.0 -9999.0 -9999.0 -9999.0 -9999.0 -9999.0 -9999.0 -9999.0 -9999.0 -9999.0 -9999.0 -9999.0 -9999.0 -9999.0 -9999.0 -9999.0 -9999.0 -9999.0 -9999.0 -9999.0 -9999.0 -9999.0 -9999.0 -9999.0 -9999.0 -9999.0 -9999.0 -9999.0 -9999.0 -9999.0 -9999.0 -9999.0 -9999.0 -9999.0 -9999.0 -9999.0 -9999.0 -9999.0 -9999.0 -9999.0 -9999.0 -9999.0 -9999.0 -9999.0 -9999.0 -9999.0 -9999.0 -9999.0 -9999.0 -9999.0 -9999.0 -9999.0
-9999.0 -9999.0 -9999.0 -9999.0 -9999.0 -9999.0 -9999.0 -9999.0 -9999.0 -9999.0 -9999.0 -9999.0 -9999.0 -9999.0 -9999.0 -9999.0 -9999.0 -9999.0 -9999.0 -9999.0 -9999.0 -9999.0 -9999.0 -9999.0 -9999.0 -9999.0 -9999.0 -9999.0 -9999.0 -9999.0 -9999.0 -9999.0 -9999.0 -9999.0 -9999.0 -9999.0 -9999.0 -9999.0 -9999.0 -9999.0 -9999.0 -9999.0 -9999.0 -9999.0 -9999.0 -9999.0 -9999.0 -9999.0 -9999.0 -9999.0 -9999.0 -9999.0 -9999.0 -9999.0 -9999.0 -9999.0 -9999.0 -9999.0 -9999.0 -9999.0 -9999.0 -9999.0 -9999.0 -9999.0 -9999.0 -9999.0 -9999.0 -9999.0 -9999.0 -9999.0 -9999.0 -9999.0 -9999.0 -9999.0 -9999.0 -9999.0 -9999.0 -9999.0 -9999.0 -9999.0