Borden_/Borden1m_014/output_maps/psiliqL0017N0032.asc
ncols         80
nrows         18
xllcorner     620200.000000
yllcorner     5168000.000000
cellsize      1.000000
NODATA_value  -9999.0
-9999.0 -9999.0 -9999.0 -9999.0 -9999.0 -9999.0 -9999.0 -9999.0 -9999.0 -9999.0 -9999.0 -9999.0 -9999.0 -9999.0 -9999.0 -9999.0 -9999.0 -9999.0 -9999.0 -9999.0 -9999.0 -9999.0 -9999.0 -9999.0 -9999.0 -9999.0 -9999.0 -9999.0 -9999.0 -9999.0 -9999.0 -9999.0 -9999.0 -9999.0 -9999.0 -9999.0 -9999.0 -9999.0 -9999.0 -9999.0 -9999.0 -9999.0 -9999.0 -9999.0 -9999.0 -9999.0 -9999.0 -9999.0 -9999.0 -9999.0 -9999.0 -9999.0 -9999.0 -9999.0 -9999.0 -9999.0 -9999.0 -9999.0 -9999.0 -9999.0 -9999.0 -9999.0 -9999.0 -9999.0 -9999.0 -9999.0 -9999.0 -9999.0 -9999.0 -9999.0 -9999.0 -9999.0 -9999.0 -9999.0 -9999.0 -9999.0 -9999.0 -9999.0 -9999.0 -9999.0
-9999.0 -9999.0 -9999.0 -9999.0 -9999.0 -9999.0 -9999.0 -9999.0 -9999.0 -9999.0 -9999.0 -9999.0 -9999.0 -9999.0 -9999.0 -9999.0 -9999.0 -9999.0 -9999.0 -9999.0 -9999.0 -9999.0 -9999.0 -9999.0 -9999.0 -9999.0 -9999.0 -9999.0 -9999.0 -9999.0 -9999.0 -9999.0 -9999.0 -9999.0 -9999.0 -9999.0 -9999.0 -9999.0 -9999.0 -9999.0 -9999.0 -9999.0 -9999.0 -9999.0 -9999.0 -9999.0 -9999.0 -9999.0 -9999.0 -9999.0 -9999.0 -9999.0 -9999.0 -9999.0 -9999.0 -9999.0 -9999.0 -9999.0 -9999.0 -9999.0 -9999.0 -9999.0 -9999.0 -9999.0 -9999.0 -9999.0 -9999.0 -9999.0 -9999.0 -9999.0 -9999.0 -9999.0 -9999.0 -9999.0 -9999.0 -9999.0 -9999.0 -9999.0 -9999.0 -9999.0
-9999.0 -9999.0 -9999.0 -9999.0 -9999.0 -9999.0 -9999.0 -9999.0 -9999.0 -9999.0 -9999.0 -9999.0 -9999.0 -9999.0 -9999.0 -9999.0 -9999.0 -9999.0 -9999.0 -9999.0 1552.573914 1555.344962 1534.424112 1501.989685 1475.523208 1479.338560 1515.302475 1558.288235 1598.835744 1610.076018 1593.721029 1598.186910 1595.085251 1594.221810 1597.187379 1605.289422 1611.215334 1623.095330 1632.408087 1632.974972 1628.032537 1624.164068 1625.797503 1628.657588 1633.851748 1621.102389 1634.106259 1647.723463 1650.708548 1643.839091 1615.216823 1598.140446 1586.896872 1568.877835 1591.482221 1600.992151 1621.668417 1623.903217 1620.401417 1592.139605 1561.231529 -9999.0 -9999.0 -9999.0 -9999.0 -9999.0 -9999.0 -9999.0 -9999.0 -9999.0 -9999.0 -9999.0 -9999.0 -9999.0 -9999.0 -9999.0 -9999.0 -9999.0 -9999.0 -9999.0
-9999.0 -9999.0 -9999.0 -9999.0 -9999.0 -9999.0 -9999.0 -9999.0 -9999.0 -9999.0 -9999.0 -9999.0 -9999.0 -9999.0 1458.474178 1450.080614 1448.708502 1458.366991 1493.089232 1524.391341 1536.665897 1530.316919 1531.748227 1509.497111 1490.090382 1505.621760 1537.315026 1570.762179 1607.159088 1628.731615 1619.467231 1618.914080 1629.388833 1654.415405 1667.007178 1665.069597 1647.010008 1671.885180 1688.425637 1697.540207 1698.358117 1691.007882 1703.574331 1718.908342 1711.506931 1693.856806 1699.031399 1709.821294 1719.402415 1704.695661 1640.016706 1620.000311 1613.240581 1604.548575 1588.233611 1580.179682 1604.048281 1601.808365 1591.824941 1572.350756 1538.198011 1492.998382 1473.023823 1510.543487 1552.699367 1608.371143 -9999.0 -9999.0 -9999.0 -9999.0 -9999.0 -9999.0 -9999.0 -9999.0 -9999.0 -9999.0 -9999.0 -9999.0 -9999.0 -9999.0
-9999.0 -9999.0 -9999.0 -9999.0 -9999.0 -9999.0 -9999.0 -9999.0 -9999.0 1396.686388 1402.523207 1411.151244 1415.136447 1432.188272 1430.655477 1439.239699 1447.293659 1476.148031 1508.534724 1544.805693 1574.530888 1567.269393 1569.187403 1579.606490 1582.767953 1595.838634 1619.545873 1661.692581 1701.665815 1743.413701 1715.861085 1714.847554 1735.028589 1781.518957 1812.580659 1818.956356 1801.734399 1813.704312 1840.013576 1862.465474 1863.404006 1861.832977 1887.535270 1901.735702 1900.409669 1878.913050 1867.641052 1867.580188 1891.267705 1837.969924 1769.864856 1720.290778 1724.577154 1694.344216 1657.032037 1636.551373 1632.102231 1650.117970 1633.515570 1594.816610 1557.252463 1544.151888 1524.864902 1540.827910 1561.199248 1605.425198 1642.581595 1669.336655 1667.033057 1648.357189 -9999.0 -9999.0 -9999.0 -9999.0 -9999.0 -9999.0 -9999.0 -9999.0 -9999.0 -9999.0
-9999.0 -9999.0 -9999.0 -9999.0 -9999.0 -9999.0 1315.684844 1326.474166 1348.235877 1353.681135 1380.871795 1389.535167 1411.716551 1432.533871 1456.155223 1473.910978 1504.996338 1539.421375 1581.258158 1625.257233 1658.675908 1654.423067 1666.166079 1695.982734 1733.897903 1762.526432 1789.416688 1831.437068 1908.882972 1951.792020 1957.621274 1963.117954 1973.591971 2023.119218 2087.101714 2101.162960 2081.774698 2068.859580 2091.349593 2129.589462 2135.757355 2138.308761 2150.694430 2160.725852 2186.027818 2174.843824 2133.897910 2119.538367 2117.386365 2097.640450 2033.204583 1969.545622 1936.915277 1885.698151 1801.136371 1747.048958 1754.995272 1772.642856 1742.448468 1686.830396 1644.909760 1632.578071 1615.610126 1601.022887 1605.930312 1623.098267 1642.914081 1651.944669 1636.735293 1613.657615 1589.428078 1559.405458 1560.325263 1584.735925 -9999.0 -9999.0 -9999.0 -9999.0 -9999.0 -9999.0
-9999.0 -9999.0 -9999.0 -9999.0 1264.128839 1278.040222 1266.557474 1293.489541 1327.828745 1363.827593 1396.850833 1434.919822 1463.856228 1495.991772 1537.390815 1571.711503 1614.181596 1651.135024 1706.773256 1776.020576 1828.414823 1852.751333 1869.236791 1927.734133 1989.310806 2042.112666 2064.555653 2093.861185 2140.290546 2201.531850 2229.243808 2236.129810 2254.014745 2291.083306 2340.183755 2374.360642 2358.336711 2351.139739 2359.091104 2372.664813 2397.590183 2400.123673 2402.697130 2405.613709 2410.247772 2407.957850 2381.588339 2346.517286 2330.531998 2319.504534 2287.015995 2216.267296 2176.684473 2144.857985 2107.235001 2053.022738 1990.782038 1976.559842 1917.964620 1858.546650 1795.952117 1773.933006 1742.312584 1715.489234 1685.403128 1685.432443 1686.542811 1663.432930 1628.355852 1593.963530 1577.240254 1557.095578 1544.776412 1574.020966 1590.779697 1620.316326 -9999.0 -9999.0 -9999.0 -9999.0
-9999.0 -9999.0 1202.962385 1251.678513 1309.933849 1319.762726 1320.607884 1328.102007 1358.653041 1412.869901 1488.214058 1538.390491 1580.806831 1617.163633 1678.230297 1756.518951 1828.800259 1878.774331 1940.832223 2012.803600 2076.519561 2110.841613 2128.827788 2169.354063 2224.495020 2288.571123 2316.708131 2344.364134 2377.832604 2413.555383 2421.904513 2435.653046 2444.878930 2449.699515 2457.122951 2459.828955 2455.042820 2449.527172 2431.099642 2427.453339 2435.140248 2441.880163 2443.235238 2429.723600 2425.583000 2438.861064 2442.413416 2440.349163 2438.512817 2444.744557 2446.213173 2404.842220 2370.765224 2354.085471 2341.404563 2295.175404 2228.910170 2187.613310 2163.308713 2118.180528 2039.226493 1988.061716 1937.133559 1888.472622 1835.374121 1803.936998 1755.722844 1710.877485 1661.916520 1613.621529 1588.525117 1569.512449 1566.061038 1564.832114 1580.213334 1594.680673 1609.376491 1616.810667 -9999.0 -9999.0
-9999.0 1097.861545 1170.436056 1296.616911 1377.706314 1422.682319 1451.986523 1473.697122 1504.837503 1535.533891 1639.193567 1722.567777 1814.570052 1854.982935 1906.433504 2004.628177 2100.950554 2149.081007 2189.467886 2248.713800 2311.448496 2361.072724 2391.034765 2397.099112 2433.014144 2450.171153 2454.724619 2459.259670 2456.953345 2449.533200 2441.407636 2447.452745 2443.185596 2423.484994 2406.667271 2402.910749 2396.701968 2371.386815 2341.696302 2326.169310 2328.357230 2352.315985 2339.812377 2318.987876 2315.152695 2336.550186 2356.833812 2348.125039 2336.395373 2355.225310 2390.731300 2414.133888 2423.086675 2440.282312 2460.867759 2434.250418 2406.639425 2363.522203 2342.447210 2312.021081 2252.038830 2189.979500 2133.896424 2072.106096 2004.789576 1936.816440 1872.222989 1808.617536 1740.846355 1698.235829 1666.286051 1616.227996 1595.644334 1596.987656 1587.597301 1583.788982 1588.855251 1594.717045 -9999.0 -9999.0
-9999.0 1014.040029 1156.126840 1340.092092 1488.927661 1546.078135 1641.809623 1718.858266 1747.451294 1717.387087 1826.307083 2046.416388 2155.612166 2176.188584 2250.844663 2342.708671 2356.731363 2390.629046 2414.407858 2428.824770 2440.725617 2452.759322 2452.420007 2447.964204 2433.683322 2425.919570 2424.205113 2420.630808 2402.024273 2381.613282 2362.806537 2357.283458 2336.609074 2289.902753 2255.392327 2236.647590 2218.578564 2198.724927 2166.275070 2138.899692 2123.015226 2137.556776 2132.030596 2115.747086 2112.030766 2133.917982 2166.072703 2163.382603 2173.560444 2196.179011 2236.487768 2277.274050 2301.008068 2332.588809 2370.919826 2416.923747 2431.817856 2453.837188 2457.601178 2439.504846 2393.384669 2338.544713 2301.969477 2236.957466 2162.363561 2081.749095 2014.452767 1949.714300 1878.770434 1832.204190 1785.728367 1729.020503 1676.867291 1656.084796 1616.626340 1597.069029 -9999.0 -9999.0 -9999.0 -9999.0
-9999.0 930.135980 1116.641350 1371.486224 1652.434566 1756.908676 1961.957733 2089.841519 2146.372065 2217.188386 2178.161318 2340.065480 2384.985695 2383.340606 2387.714810 2393.710118 2410.734742 2414.851416 2412.131246 2402.805963 2394.366278 2390.796245 2389.777507 2382.316748 2369.707310 2353.970781 2339.047625 2324.563315 2285.042892 2250.141936 2211.751465 2195.593280 2153.992985 2060.757702 2017.200311 1979.364902 1920.908996 1915.340874 1911.083377 1882.884776 1863.116471 1840.805438 1864.141797 1870.165703 1873.222755 1875.292123 1891.259384 1917.040090 1963.304008 2000.790673 2045.796369 2099.107048 2135.309270 2179.807537 2226.348041 2283.167519 2317.592696 2349.932435 2399.202279 2438.421528 2461.362972 2448.281106 2419.994132 2369.817633 2294.680523 2224.652080 2170.904278 2093.755889 2027.458336 1974.316727 1928.999085 1879.752459 1816.898013 1742.944267 1702.092184 -9999.0 -9999.0 -9999.0 -9999.0 -9999.0
-9999.0 741.384916 1008.344659 1291.989379 1598.425713 1929.970879 2072.632788 2195.828416 2268.427282 2241.074941 2253.622448 2274.150688 2318.355601 2328.968374 2310.748794 2302.410431 2290.934692 2291.499824 2304.822123 2278.614257 2249.093083 2235.604496 2235.080172 2223.147212 2199.272263 2181.884317 2169.162843 2147.342700 2098.121119 2045.489962 1962.004821 1929.535678 1852.015322 1798.380171 1754.494546 1704.485562 1654.055616 1653.218433 1671.103917 1656.934178 1634.725592 1616.427009 1643.558213 1662.253193 1675.033945 1663.234617 1672.500221 1708.860398 1758.842631 1803.665862 1854.145203 1909.466417 1956.575155 2004.502734 2036.641020 2087.128390 2136.368603 2184.172127 2258.678200 2338.601134 2376.960836 2411.636125 2441.877802 2454.557981 2398.139426 2343.906502 2285.505813 2218.180453 2135.591862 2087.603074 2062.832476 2023.386236 1969.709274 -9999.0 -9999.0 -9999.0 -9999.0 -9999.0 -9999.0 -9999.0
-9999.0 617.977536 831.600236 1053.574541 1331.409172 1568.399177 1769.606133 1876.027300 1955.427649 1999.930545 2040.507197 2077.632513 2109.964369 2134.506742 2114.706826 2075.134789 2046.586973 2051.162104 2046.114630 2022.643669 1993.170970 1978.200111 1975.209640 1968.140838 1943.804295 1929.296936 1918.099714 1894.710587 1861.312290 1804.962157 1725.920282 1652.371794 1591.936945 1561.459016 1532.203311 1499.842765 1465.237133 1475.269443 1487.298393 1484.106918 1474.107291 1471.623179 1500.726797 1519.989895 1530.264281 1519.221565 1538.785914 1565.571709 1607.339842 1651.096695 1700.920416 1756.747871 1811.216376 1840.865292 1854.923497 1880.338012 1920.050600 1974.250202 2060.460940 2155.305234 2233.847018 2282.500599 2332.602568 2364.884633 2375.113594 2379.350564 2348.095132 2263.452383 2157.004222 2141.047794 2138.895543 -9999.0 -9999.0 -9999.0 -9999.0 -9999.0 -9999.0 -9999.0 -9999.0 -9999.0
-9999.0 -9999.0 599.854207 772.746311 903.602138 1080.674906 1230.186813 1340.646574 1432.541629 1551.470351 1660.198527 1746.633390 1792.350757 1810.721765 1797.506683 1765.740509 1745.351409 1745.313407 1734.811949 1724.430033 1704.864407 1696.850744 1685.152366 1676.586362 1666.906923 1661.417095 1655.668528 1643.803848 1621.535671 1574.617965 1526.930977 1475.960870 1423.080503 1397.474798 1375.498967 1354.106045 1353.062930 1348.674538 1354.000912 1355.524758 1362.649307 1375.395282 1395.409857 1417.589405 1427.524357 1436.795692 1449.478074 1473.445573 1506.804023 1549.616062 1604.215359 1662.740535 1703.413173 1716.973235 1708.046143 1713.653775 1734.296503 1777.017690 1857.311791 1940.813872 2036.157232 2106.950041 2177.109428 2227.235481 2240.347624 2250.807553 2259.136614 2202.383309 2047.095618 2088.458381 -9999.0 -9999.0 -9999.0 -9999.0 -9999.0 -9999.0 -9999.0 -9999.0 -9999.0 -9999.0
-9999.0 -9999.0 -9999.0 -9999.0 632.263396 786.137975 883.594092 966.888260 1096.676943 1218.307683 1319.318491 1403.165525 1466.073068 1492.905504 1489.506677 1496.104818 1491.975710 1485.585006 1475.686918 1474.990140 1474.128507 1466.537649 1451.860949 1444.302320 1445.088677 1449.790714 1446.767036 1432.595774 1414.211420 1391.903536 1371.761473 1337.356462 1301.420822 1272.043741 1258.658248 1252.919355 1252.491628 1245.333273 1253.882078 1261.258810 1276.473774 1291.664076 1315.399759 1344.481296 1358.413674 1373.334802 1383.217686 1403.882467 1434.577564 1488.339720 1552.257697 1610.727373 1647.391387 1652.568872 1628.780491 1614.054604 1611.046831 1639.584925 1684.823759 1752.039500 1853.550646 1926.202094 1982.086350 2024.795309 2054.318633 2095.589677 2138.577957 2166.248843 -9999.0 -9999.0 -9999.0 -9999.0 -9999.0 -9999.0 -9999.0 -9999.0 -9999.0 -9999.0 -9999.0 -9999.0
-9999.0 -9999.0 -9999.0 -9999.0 -9999.0 -9999.0 593.509200 695.455562 774.888897 914.275543 1045.532593 1147.125865 1227.618847 1259.745256 1286.675937 1313.704932 1312.090758 1293.656488 1274.416533 1293.173351 1307.109911 1301.032552 1270.777432 1270.293698 1274.986669 1282.897554 1280.329234 1273.564421 1248.122093 1259.509880 1260.030983 1236.476011 1210.200950 1196.160382 1184.111606 1193.554002 1193.626698 1179.869519 1180.270813 1207.061362 1227.323478 1240.428117 1262.188717 1295.420762 1327.845164 1343.200914 1344.715877 1350.972032 1391.070794 1461.560985 1533.654908 1589.629219 1622.741475 1631.486051 1605.054157 1565.725095 1546.077305 1553.899401 1589.306927 1642.319188 1718.242426 1767.142631 1792.045366 1804.027239 1820.466473 1909.175774 -9999.0 -9999.0 -9999.0 -9999.0 -9999.0 -9999.0 -9999.0 -9999.0 -9999.0 -9999.0 -9999.0 -9999.0 -9999.0 -9999.0
-9999.0 -9999.0 -9999.0 -9999.0 -9999.0 -9999.0 -9999.0 -9999.0 -9999.0 -9999.0 -9999.0 -9999.0 -9999.0 -9999.0 -9999.0 -9999.0 -9999.0 -9999.0 -9999.0 -9999.0 -9999.0 -9999.0 -9999.0 -9999.0 -9999.0 -9999.0 -9999.0 -9999.0 -9999.0 -9999.0 -9999.0 -9999.0 -9999.0 -9999.0 -9999.0 -9999.0 -9999.0 -9999.0 -9999.0 -9999.0 -9999.0 -9999.0 -9999.0 -9999.0 -9999.0 -9999.0 -9999.0 -9999.0 -9999.0 -9999.0 -9999.0 -9999.0 -9999.0 -9999.0 -9999.0 -9999.0 -9999.0 -9999.0 -9999.0 -9999.0 -9999.0 -9999.0 -9999.0 -9999.0 -9999.0 -9999.0 -9999.0 -9999.0 -9999.0 -9999.0 -9999.0 -9999.0 -9999.0 -9999.0 -9999.0 -9999.0 -9999.0 -9999.0 -9999.0 -9999.0
-9999.0 -9999.0 -9999.0 -9999.0 -9999.0 -9999.0 -9999.0 -9999.0 -9999.0 -9999.0 -9999.0 -9999.0 -9999.0 -9999.0 -9999.0 -9999.0 -9999.0 -9999.0 -9999.0 -9999.0 -9999.0 -9999.0 -9999.0 -9999.0 -9999.0 -9999.0 -9999.0 -9999.0 -9999.0 -9999.0 -9999.0 -9999.0 -9999.0 -9999.0 -9999.0 -9999.0 -9999.0 -9999.0 -9999.0 -9999.0 -9999.0 -9999.0 -9999.0 -9999.0 -9999.0 -9999.0 -9999.0 -9999.0 -9999.0 -9999.0 -9999.0 -9999.0 -9999.0 -9999.0 -9999.0 -9999.0 -9999.0 -9999.0 -9999.0 -9999.0 -9999.0 -9999.0 -9999.0 -9999.0 -9999.0 -9999.0 -9999.0 -9999.0 -9999.0 -9999.0 -9999.0 -9999.0 -9999.0 -9999.0 -9999.0 -9999.0 -9999.0 -9999.0 -9999.0 -9999.0