Borden_/Borden1m_014/output_maps/psiliqL0006N0031.asc
ncols         80
nrows         18
xllcorner     620200.000000
yllcorner     5168000.000000
cellsize      1.000000
NODATA_value  -9999.0
-9999.0 -9999.0 -9999.0 -9999.0 -9999.0 -9999.0 -9999.0 -9999.0 -9999.0 -9999.0 -9999.0 -9999.0 -9999.0 -9999.0 -9999.0 -9999.0 -9999.0 -9999.0 -9999.0 -9999.0 -9999.0 -9999.0 -9999.0 -9999.0 -9999.0 -9999.0 -9999.0 -9999.0 -9999.0 -9999.0 -9999.0 -9999.0 -9999.0 -9999.0 -9999.0 -9999.0 -9999.0 -9999.0 -9999.0 -9999.0 -9999.0 -9999.0 -9999.0 -9999.0 -9999.0 -9999.0 -9999.0 -9999.0 -9999.0 -9999.0 -9999.0 -9999.0 -9999.0 -9999.0 -9999.0 -9999.0 -9999.0 -9999.0 -9999.0 -9999.0 -9999.0 -9999.0 -9999.0 -9999.0 -9999.0 -9999.0 -9999.0 -9999.0 -9999.0 -9999.0 -9999.0 -9999.0 -9999.0 -9999.0 -9999.0 -9999.0 -9999.0 -9999.0 -9999.0 -9999.0
-9999.0 -9999.0 -9999.0 -9999.0 -9999.0 -9999.0 -9999.0 -9999.0 -9999.0 -9999.0 -9999.0 -9999.0 -9999.0 -9999.0 -9999.0 -9999.0 -9999.0 -9999.0 -9999.0 -9999.0 -9999.0 -9999.0 -9999.0 -9999.0 -9999.0 -9999.0 -9999.0 -9999.0 -9999.0 -9999.0 -9999.0 -9999.0 -9999.0 -9999.0 -9999.0 -9999.0 -9999.0 -9999.0 -9999.0 -9999.0 -9999.0 -9999.0 -9999.0 -9999.0 -9999.0 -9999.0 -9999.0 -9999.0 -9999.0 -9999.0 -9999.0 -9999.0 -9999.0 -9999.0 -9999.0 -9999.0 -9999.0 -9999.0 -9999.0 -9999.0 -9999.0 -9999.0 -9999.0 -9999.0 -9999.0 -9999.0 -9999.0 -9999.0 -9999.0 -9999.0 -9999.0 -9999.0 -9999.0 -9999.0 -9999.0 -9999.0 -9999.0 -9999.0 -9999.0 -9999.0
-9999.0 -9999.0 -9999.0 -9999.0 -9999.0 -9999.0 -9999.0 -9999.0 -9999.0 -9999.0 -9999.0 -9999.0 -9999.0 -9999.0 -9999.0 -9999.0 -9999.0 -9999.0 -9999.0 -9999.0 -647.782601 -644.650471 -667.835842 -702.184164 -730.949149 -729.557202 -694.974268 -654.386182 -617.057613 -606.613316 -625.059503 -624.154867 -629.694123 -629.708480 -626.621435 -620.908331 -618.694468 -606.960017 -598.359834 -598.565977 -604.848835 -610.839212 -612.616434 -608.899135 -603.941569 -612.296451 -598.697320 -583.012461 -576.123386 -581.234655 -608.829629 -624.703983 -632.384870 -646.304162 -621.290469 -608.059371 -584.442825 -579.680044 -580.374787 -607.272496 -637.230373 -9999.0 -9999.0 -9999.0 -9999.0 -9999.0 -9999.0 -9999.0 -9999.0 -9999.0 -9999.0 -9999.0 -9999.0 -9999.0 -9999.0 -9999.0 -9999.0 -9999.0 -9999.0 -9999.0
-9999.0 -9999.0 -9999.0 -9999.0 -9999.0 -9999.0 -9999.0 -9999.0 -9999.0 -9999.0 -9999.0 -9999.0 -9999.0 -9999.0 -736.802303 -747.432994 -750.953288 -742.909547 -709.639623 -680.207224 -667.661832 -675.687806 -676.168799 -700.194419 -720.705512 -707.106138 -678.492307 -647.696982 -613.942718 -593.345404 -606.833168 -609.922368 -599.026768 -569.830533 -553.743173 -556.312451 -578.813949 -555.784170 -538.506010 -527.794624 -528.712842 -537.667697 -521.397002 -503.690015 -510.561825 -529.639577 -527.284269 -515.436800 -499.281417 -516.477090 -584.472466 -606.733096 -609.211212 -615.359690 -628.026431 -634.258323 -608.993918 -607.289253 -615.029022 -632.435422 -664.079184 -707.725568 -724.921456 -686.158959 -641.053161 -582.171081 -9999.0 -9999.0 -9999.0 -9999.0 -9999.0 -9999.0 -9999.0 -9999.0 -9999.0 -9999.0 -9999.0 -9999.0 -9999.0 -9999.0
-9999.0 -9999.0 -9999.0 -9999.0 -9999.0 -9999.0 -9999.0 -9999.0 -9999.0 -792.116487 -789.145558 -782.560130 -781.460198 -766.385837 -768.387344 -762.066407 -754.484645 -729.437095 -699.132387 -664.615923 -636.030890 -646.898157 -647.159996 -634.740150 -627.031876 -613.800658 -593.027841 -551.340807 -505.310803 -458.591119 -488.112692 -489.351390 -466.042576 -403.587178 -348.767835 -331.852732 -359.155675 -356.346600 -319.421930 -279.842818 -275.338171 -275.570566 -240.180310 -221.548648 -213.015452 -238.669976 -270.792695 -276.803550 -243.555470 -317.699384 -406.566291 -474.919723 -478.584271 -514.509986 -559.902682 -584.239115 -587.441600 -564.195956 -579.505757 -617.029466 -653.292186 -661.697612 -677.502624 -660.867547 -637.447345 -589.404033 -550.134602 -520.502101 -519.494783 -536.646878 -9999.0 -9999.0 -9999.0 -9999.0 -9999.0 -9999.0 -9999.0 -9999.0 -9999.0 -9999.0
-9999.0 -9999.0 -9999.0 -9999.0 -9999.0 -9999.0 -869.562495 -861.434075 -842.473521 -837.195115 -813.893025 -806.940458 -787.174204 -768.557047 -749.199851 -732.878920 -702.508002 -670.830877 -629.436814 -584.432790 -550.739842 -554.424368 -543.469821 -504.271261 -450.954678 -407.983925 -375.774257 -319.401051 -208.416336 -148.203858 -126.414905 -116.346287 -104.069573 -66.507832 -7.242359 17.095741 -10.519689 -27.828209 -9.222205 34.487165 86.547185 91.493885 99.030000 106.954845 132.415134 122.623057 40.923676 11.632011 1.824286 -9.634392 -57.600621 -111.286011 -167.224872 -232.956051 -348.794874 -427.629038 -435.335229 -422.020184 -460.503642 -519.193751 -564.733879 -575.741175 -590.306722 -604.519358 -598.765911 -578.453307 -553.810038 -541.474882 -553.124784 -572.968496 -595.597226 -623.912810 -621.802045 -595.842934 -9999.0 -9999.0 -9999.0 -9999.0 -9999.0 -9999.0
-9999.0 -9999.0 -9999.0 -9999.0 -918.631881 -906.798856 -918.618522 -896.138589 -865.167513 -833.183793 -801.632650 -765.179860 -739.196841 -710.575403 -669.116078 -629.925874 -584.651570 -547.949819 -486.708312 -402.170922 -327.190285 -282.416499 -251.906938 -167.389267 -98.396255 -53.423689 -36.053433 -9.252839 41.329365 138.818109 168.774552 173.432103 193.708480 216.739511 258.652625 286.460113 273.675953 269.214116 271.771301 281.608637 308.641967 310.355463 311.898415 312.354597 314.550050 314.875148 290.988863 257.051982 229.140609 236.523893 215.198086 154.523716 74.441023 35.152792 7.145341 -36.797903 -97.684953 -124.816013 -196.579601 -273.851228 -373.909222 -412.594501 -454.186895 -485.221117 -519.254437 -519.140110 -515.986010 -535.312110 -564.981362 -596.175209 -610.295643 -628.211720 -637.527543 -607.067350 -588.845445 -557.087529 -9999.0 -9999.0 -9999.0 -9999.0
-9999.0 -9999.0 -975.458481 -925.682930 -870.902834 -863.097543 -861.026073 -857.134835 -831.709448 -782.800946 -704.589074 -651.259157 -604.509191 -573.795129 -509.055072 -406.584463 -294.871366 -221.393420 -144.768208 -81.016472 -25.918307 17.404473 75.081861 111.316136 162.556323 198.329193 232.750432 243.667514 284.857443 315.997554 340.511436 355.024117 362.320199 356.464018 357.197844 354.993914 352.843422 349.005684 331.643775 329.645829 337.275403 340.113412 343.602564 331.063248 327.255575 339.500481 341.273829 340.613024 340.294825 350.274529 360.134035 329.556265 275.348041 247.211063 252.857878 200.927964 155.369276 80.812040 51.273289 8.841243 -66.344284 -113.821773 -175.007016 -247.487234 -332.532884 -384.871473 -443.140951 -487.474927 -533.247635 -577.772201 -600.180050 -617.752811 -618.962460 -617.356200 -600.629963 -584.311541 -568.366191 -560.278253 -9999.0 -9999.0
-9999.0 -1072.000718 -1000.049375 -872.880015 -795.556215 -751.784922 -710.369314 -680.103975 -657.253023 -645.974010 -532.371275 -401.516711 -275.395660 -230.726841 -159.005576 -57.473056 71.097843 104.724054 139.765452 168.019648 215.147910 274.882639 303.906618 334.747458 360.710558 356.511836 356.130442 354.206177 347.808444 340.666005 329.904148 338.224128 335.704595 320.911172 308.372404 306.629496 301.434637 276.794639 249.436266 236.794785 241.270391 262.109168 252.118589 232.045771 228.396338 248.020608 263.882696 254.131057 229.651804 259.592515 293.428549 313.142044 328.784055 341.301794 362.910060 339.674322 308.330916 269.494217 252.446031 223.997577 138.245466 73.457230 19.146680 -44.613639 -104.471438 -181.236986 -268.644554 -356.195116 -437.651267 -480.602470 -512.889129 -565.739726 -588.789846 -586.168039 -594.811595 -596.636266 -589.381990 -582.652482 -9999.0 -9999.0
-9999.0 -1140.418413 -997.308616 -812.234759 -667.425131 -604.606555 -473.182517 -371.223667 -331.693040 -360.379291 -200.364799 63.527405 136.411687 145.552492 203.390557 274.867905 316.442558 340.557114 356.874645 349.197853 344.462357 349.533955 346.533234 338.642669 324.971678 317.326424 316.673491 314.031420 294.996537 275.521506 247.316775 256.723275 229.375543 208.043381 178.023825 162.321799 133.573560 93.139166 52.884970 24.644952 11.286275 30.608461 20.354383 1.752673 -1.916536 22.155923 55.757810 49.677858 54.783963 78.745462 123.863120 189.690675 211.951760 226.405330 273.355271 314.232110 332.915673 352.772300 358.312919 333.856172 290.502404 245.845783 213.811173 124.813580 49.362692 -30.161662 -85.645232 -134.975368 -212.417054 -278.971201 -353.359685 -429.220863 -494.917076 -524.297177 -563.505007 -584.479188 -9999.0 -9999.0 -9999.0 -9999.0
-9999.0 -1200.963009 -1009.255884 -742.719126 -487.045308 -313.736519 -103.792566 33.432606 151.819548 158.935199 235.980300 327.848029 342.737433 329.577928 307.814690 306.047724 317.386528 320.078945 316.097292 305.880123 292.621425 290.389128 288.964884 281.332064 269.265140 254.573718 242.544402 228.725229 161.995141 124.793335 94.916157 79.427674 44.347053 -40.343020 -76.420813 -102.041048 -160.508795 -177.786754 -196.386350 -235.267181 -261.531829 -280.869816 -257.930823 -260.601362 -260.945429 -247.723823 -218.538801 -195.474305 -145.199820 -107.357154 -69.482498 -18.365776 16.033535 60.076327 113.030153 195.944553 226.925258 255.123363 296.557604 335.182617 355.975099 348.503897 319.196360 279.976617 215.597865 119.524299 65.924267 -5.320192 -63.440368 -105.369130 -139.798960 -198.210184 -294.005305 -426.811856 -473.080769 -9999.0 -9999.0 -9999.0 -9999.0 -9999.0
-9999.0 -1346.380429 -1078.970508 -780.884915 -432.199669 -93.839208 10.154419 222.644823 293.335423 222.349931 161.466208 214.268438 248.103655 253.899514 231.511221 222.920294 216.726806 216.358329 228.445481 197.931137 141.012946 123.189567 121.215121 108.918775 85.831514 66.783796 52.173361 30.361576 -22.959160 -66.845301 -129.052431 -159.663839 -250.207575 -350.239390 -413.052232 -469.354267 -526.990711 -530.086667 -515.189749 -533.723063 -556.772581 -576.174788 -550.567119 -535.805686 -525.215061 -534.595562 -525.181677 -489.141799 -435.444179 -382.947643 -312.201671 -231.098052 -170.766965 -110.567161 -79.273450 -27.539116 19.332708 68.138311 143.766859 244.322822 276.188858 309.189231 344.364315 361.915504 319.395071 273.350137 218.616086 123.536673 24.854415 -18.270247 -36.212128 -61.230101 -105.769328 -9999.0 -9999.0 -9999.0 -9999.0 -9999.0 -9999.0 -9999.0
-9999.0 -1482.723186 -1245.531026 -992.333412 -690.105916 -444.809771 -224.845356 -96.393514 27.564174 -37.900366 -45.117189 -18.827115 10.812920 32.359106 9.141078 -24.735497 -48.028107 -44.458824 -44.046930 -66.167642 -93.582451 -105.872918 -106.872835 -115.120037 -146.292803 -168.592338 -184.209121 -214.046437 -266.369149 -347.328421 -451.845820 -524.052914 -588.520732 -626.369203 -657.245480 -690.588509 -730.176296 -719.275055 -703.987405 -708.966173 -721.975401 -727.119569 -697.603397 -679.731396 -669.927297 -684.002494 -666.194121 -639.638544 -598.126746 -557.034678 -509.090458 -452.353316 -391.521669 -348.907162 -320.994514 -270.833746 -207.605648 -133.059569 -54.523993 42.339169 117.772736 189.737300 227.627055 271.335527 289.928825 306.894508 298.848119 233.388261 49.976192 20.336817 17.644509 -9999.0 -9999.0 -9999.0 -9999.0 -9999.0 -9999.0 -9999.0 -9999.0 -9999.0
-9999.0 -9999.0 -1484.270336 -1288.947436 -1121.210699 -934.435945 -782.857466 -682.564482 -615.900198 -534.746458 -444.186622 -359.006839 -305.379092 -283.021593 -310.311756 -368.696559 -403.443944 -403.493362 -414.170949 -432.530144 -462.613165 -474.273990 -484.180482 -492.840609 -509.003804 -517.926724 -523.842981 -535.691557 -559.698471 -607.836863 -662.582953 -714.624642 -768.627869 -792.847597 -814.323316 -836.979461 -841.063505 -842.008557 -834.809179 -833.780699 -829.116595 -817.930786 -797.275474 -776.557932 -767.578821 -761.456174 -749.294307 -726.263758 -693.828050 -654.141146 -603.138283 -548.647830 -511.331002 -499.929369 -509.808782 -502.800538 -477.506691 -423.590279 -300.679212 -174.478442 -81.390731 -12.255846 59.220243 108.769319 129.940639 178.069039 213.261280 111.031205 -54.535555 -24.825877 -9999.0 -9999.0 -9999.0 -9999.0 -9999.0 -9999.0 -9999.0 -9999.0 -9999.0 -9999.0
-9999.0 -9999.0 -9999.0 -9999.0 -1431.798669 -1273.544294 -1181.222305 -1100.693648 -985.594343 -884.517167 -797.997659 -726.287768 -677.867044 -655.832561 -669.857718 -679.615749 -689.272718 -691.951440 -700.022190 -706.900513 -713.823626 -721.400112 -731.311480 -738.635572 -739.717085 -736.574911 -738.198232 -750.599231 -765.224709 -793.258427 -817.827670 -852.624576 -889.401258 -918.059477 -930.738344 -937.945744 -937.460590 -942.413856 -932.670247 -926.837659 -912.295871 -896.999118 -873.182916 -845.467158 -833.595873 -819.852563 -810.405790 -789.862503 -760.714297 -709.189412 -648.337650 -594.043093 -562.046664 -560.286889 -588.821127 -606.559552 -611.290577 -584.281817 -535.537337 -458.488381 -326.792132 -216.297005 -130.950587 -85.615349 -55.620746 -8.633712 34.408470 45.606542 -9999.0 -9999.0 -9999.0 -9999.0 -9999.0 -9999.0 -9999.0 -9999.0 -9999.0 -9999.0 -9999.0 -9999.0
-9999.0 -9999.0 -9999.0 -9999.0 -9999.0 -9999.0 -1491.300304 -1398.513519 -1309.198236 -1194.613127 -1089.675443 -1003.440395 -933.550949 -911.881976 -897.925754 -877.496742 -882.827903 -898.799450 -913.997674 -898.407184 -890.337268 -894.552823 -920.411727 -922.041466 -919.014815 -909.416786 -910.172675 -915.877334 -940.044120 -933.053420 -935.073822 -957.579878 -983.182368 -997.480930 -1008.784179 -998.713092 -997.674550 -1009.733144 -1006.728010 -981.172567 -961.925325 -948.571857 -926.076661 -893.343615 -861.861460 -848.197308 -847.593860 -841.655271 -800.268578 -731.083603 -662.468470 -610.895010 -581.938193 -576.245134 -606.940216 -650.250673 -674.282894 -670.184576 -638.311549 -586.958415 -509.559434 -456.343510 -416.259675 -382.559681 -338.132220 -204.860148 -9999.0 -9999.0 -9999.0 -9999.0 -9999.0 -9999.0 -9999.0 -9999.0 -9999.0 -9999.0 -9999.0 -9999.0 -9999.0 -9999.0
-9999.0 -9999.0 -9999.0 -9999.0 -9999.0 -9999.0 -9999.0 -9999.0 -9999.0 -9999.0 -9999.0 -9999.0 -9999.0 -9999.0 -9999.0 -9999.0 -9999.0 -9999.0 -9999.0 -9999.0 -9999.0 -9999.0 -9999.0 -9999.0 -9999.0 -9999.0 -9999.0 -9999.0 -9999.0 -9999.0 -9999.0 -9999.0 -9999.0 -9999.0 -9999.0 -9999.0 -9999.0 -9999.0 -9999.0 -9999.0 -9999.0 -9999.0 -9999.0 -9999.0 -9999.0 -9999.0 -9999.0 -9999.0 -9999.0 -9999.0 -9999.0 -9999.0 -9999.0 -9999.0 -9999.0 -9999.0 -9999.0 -9999.0 -9999.0 -9999.0 -9999.0 -9999.0 -9999.0 -9999.0 -9999.0 -9999.0 -9999.0 -9999.0 -9999.0 -9999.0 -9999.0 -9999.0 -9999.0 -9999.0 -9999.0 -9999.0 -9999.0 -9999.0 -9999.0 -9999.0
-9999.0 -9999.0 -9999.0 -9999.0 -9999.0 -9999.0 -9999.0 -9999.0 -9999.0 -9999.0 -9999.0 -9999.0 -9999.0 -9999.0 -9999.0 -9999.0 -9999.0 -9999.0 -9999.0 -9999.0 -9999.0 -9999.0 -9999.0 -9999.0 -9999.0 -9999.0 -9999.0 -9999.0 -9999.0 -9999.0 -9999.0 -9999.0 -9999.0 -9999.0 -9999.0 -9999.0 -9999.0 -9999.0 -9999.0 -9999.0 -9999.0 -9999.0 -9999.0 -9999.0 -9999.0 -9999.0 -9999.0 -9999.0 -9999.0 -9999.0 -9999.0 -9999.0 -9999.0 -9999.0 -9999.0 -9999.0 -9999.0 -9999.0 -9999.0 -9999.0 -9999.0 -9999.0 -9999.0 -9999.0 -9999.0 -9999.0 -9999.0 -9999.0 -9999.0 -9999.0 -9999.0 -9999.0 -9999.0 -9999.0 -9999.0 -9999.0 -9999.0 -9999.0 -9999.0 -9999.0