Borden_/Borden1m_014/output_maps/psiliqL0015N0036.asc
ncols         80
nrows         18
xllcorner     620200.000000
yllcorner     5168000.000000
cellsize      1.000000
NODATA_value  -9999.0
-9999.0 -9999.0 -9999.0 -9999.0 -9999.0 -9999.0 -9999.0 -9999.0 -9999.0 -9999.0 -9999.0 -9999.0 -9999.0 -9999.0 -9999.0 -9999.0 -9999.0 -9999.0 -9999.0 -9999.0 -9999.0 -9999.0 -9999.0 -9999.0 -9999.0 -9999.0 -9999.0 -9999.0 -9999.0 -9999.0 -9999.0 -9999.0 -9999.0 -9999.0 -9999.0 -9999.0 -9999.0 -9999.0 -9999.0 -9999.0 -9999.0 -9999.0 -9999.0 -9999.0 -9999.0 -9999.0 -9999.0 -9999.0 -9999.0 -9999.0 -9999.0 -9999.0 -9999.0 -9999.0 -9999.0 -9999.0 -9999.0 -9999.0 -9999.0 -9999.0 -9999.0 -9999.0 -9999.0 -9999.0 -9999.0 -9999.0 -9999.0 -9999.0 -9999.0 -9999.0 -9999.0 -9999.0 -9999.0 -9999.0 -9999.0 -9999.0 -9999.0 -9999.0 -9999.0 -9999.0
-9999.0 -9999.0 -9999.0 -9999.0 -9999.0 -9999.0 -9999.0 -9999.0 -9999.0 -9999.0 -9999.0 -9999.0 -9999.0 -9999.0 -9999.0 -9999.0 -9999.0 -9999.0 -9999.0 -9999.0 -9999.0 -9999.0 -9999.0 -9999.0 -9999.0 -9999.0 -9999.0 -9999.0 -9999.0 -9999.0 -9999.0 -9999.0 -9999.0 -9999.0 -9999.0 -9999.0 -9999.0 -9999.0 -9999.0 -9999.0 -9999.0 -9999.0 -9999.0 -9999.0 -9999.0 -9999.0 -9999.0 -9999.0 -9999.0 -9999.0 -9999.0 -9999.0 -9999.0 -9999.0 -9999.0 -9999.0 -9999.0 -9999.0 -9999.0 -9999.0 -9999.0 -9999.0 -9999.0 -9999.0 -9999.0 -9999.0 -9999.0 -9999.0 -9999.0 -9999.0 -9999.0 -9999.0 -9999.0 -9999.0 -9999.0 -9999.0 -9999.0 -9999.0 -9999.0 -9999.0
-9999.0 -9999.0 -9999.0 -9999.0 -9999.0 -9999.0 -9999.0 -9999.0 -9999.0 -9999.0 -9999.0 -9999.0 -9999.0 -9999.0 -9999.0 -9999.0 -9999.0 -9999.0 -9999.0 -9999.0 1150.001235 1152.898179 1131.700546 1099.087448 1072.399920 1076.013220 1112.001996 1154.858641 1195.106329 1206.483366 1190.022274 1194.037964 1190.789995 1190.458256 1193.794237 1201.707538 1207.160031 1219.297348 1228.842805 1229.665593 1224.830524 1220.834292 1222.032261 1225.121642 1230.194267 1218.109767 1230.896287 1244.555442 1247.862286 1240.762395 1211.713115 1194.222390 1183.101869 1165.408736 1187.979440 1197.806626 1218.752753 1221.237985 1218.012827 1189.801326 1158.934999 -9999.0 -9999.0 -9999.0 -9999.0 -9999.0 -9999.0 -9999.0 -9999.0 -9999.0 -9999.0 -9999.0 -9999.0 -9999.0 -9999.0 -9999.0 -9999.0 -9999.0 -9999.0 -9999.0
-9999.0 -9999.0 -9999.0 -9999.0 -9999.0 -9999.0 -9999.0 -9999.0 -9999.0 -9999.0 -9999.0 -9999.0 -9999.0 -9999.0 1056.363990 1047.684945 1046.110387 1055.716767 1090.424637 1121.601107 1134.006476 1127.529387 1128.825849 1106.551431 1087.284743 1102.824096 1134.384760 1167.884008 1204.330261 1226.143893 1216.501704 1215.787259 1226.655642 1252.678624 1266.210813 1264.507157 1246.130035 1270.868482 1287.931236 1297.808591 1298.875436 1291.718250 1305.022860 1320.665444 1313.321460 1295.376461 1299.602619 1310.032406 1320.032383 1304.411643 1238.769726 1217.557721 1210.787554 1201.851865 1185.574103 1177.294547 1200.919771 1199.093894 1189.185005 1169.732967 1135.749387 1090.694002 1070.993896 1108.477321 1150.955077 1207.059683 -9999.0 -9999.0 -9999.0 -9999.0 -9999.0 -9999.0 -9999.0 -9999.0 -9999.0 -9999.0 -9999.0 -9999.0 -9999.0 -9999.0
-9999.0 -9999.0 -9999.0 -9999.0 -9999.0 -9999.0 -9999.0 -9999.0 -9999.0 995.235400 1000.694065 1009.150703 1012.831679 1029.735150 1028.284016 1036.713387 1045.027837 1073.577581 1106.032590 1142.431920 1172.363598 1164.908901 1166.952991 1178.277401 1182.817457 1196.463889 1220.274485 1262.918964 1304.394076 1346.942042 1319.865395 1319.070536 1339.546633 1387.290399 1420.443469 1427.954726 1410.888424 1421.622478 1448.575322 1472.531141 1474.335286 1473.501124 1499.152778 1513.133427 1513.094258 1491.836380 1478.290366 1476.885612 1499.792623 1446.146743 1377.599288 1325.790646 1328.117414 1296.463141 1257.166086 1235.310104 1230.431796 1248.676032 1231.761876 1192.740619 1154.797244 1141.999797 1122.906792 1138.551410 1159.100352 1203.710885 1240.988176 1267.923815 1265.971510 1247.445976 -9999.0 -9999.0 -9999.0 -9999.0 -9999.0 -9999.0 -9999.0 -9999.0 -9999.0 -9999.0
-9999.0 -9999.0 -9999.0 -9999.0 -9999.0 -9999.0 914.561497 925.000756 946.444829 952.080506 978.847075 987.574725 1009.696938 1030.530056 1053.858533 1071.977436 1103.650900 1138.324811 1180.862170 1225.733746 1259.785909 1256.522833 1268.835073 1300.537507 1340.501080 1370.841200 1398.170247 1440.674152 1518.698441 1562.364352 1570.289864 1576.138460 1586.650175 1635.695431 1699.591097 1714.674588 1695.664788 1682.798624 1705.031709 1743.469335 1751.661627 1754.680078 1765.951222 1775.543389 1800.688806 1789.912438 1748.442602 1732.334378 1728.251923 1709.567405 1646.624264 1582.254617 1547.246409 1496.057502 1411.431936 1355.123099 1360.143937 1376.326530 1344.968827 1288.642246 1245.449956 1232.442304 1215.126362 1199.852067 1204.118636 1221.147486 1241.215575 1250.303294 1235.338409 1212.542044 1188.327293 1158.428323 1159.426779 1184.027515 -9999.0 -9999.0 -9999.0 -9999.0 -9999.0 -9999.0
-9999.0 -9999.0 -9999.0 -9999.0 863.304358 876.999159 865.686578 892.090818 926.178617 961.907854 995.320532 1033.859952 1063.064920 1095.380368 1137.743602 1174.090212 1218.201197 1256.013767 1312.692565 1383.155115 1436.889867 1463.149383 1480.667047 1539.874750 1601.656582 1654.795394 1677.184295 1706.444943 1751.825951 1813.366996 1841.305425 1848.469265 1866.189096 1901.559866 1948.668290 1981.739537 1966.120068 1959.589564 1967.240377 1980.638706 2006.059377 2008.790682 2011.334394 2013.874502 2018.008628 2016.038344 1990.244905 1955.362183 1939.729451 1928.940842 1898.146444 1828.426137 1787.116482 1755.505609 1720.175561 1666.861360 1602.130258 1585.307209 1526.825865 1467.590511 1402.866029 1378.606575 1345.583019 1317.586870 1285.988175 1284.814616 1285.116279 1261.752723 1226.923156 1192.583775 1175.913755 1155.901275 1143.956399 1173.275489 1190.234323 1220.100487 -9999.0 -9999.0 -9999.0 -9999.0
-9999.0 -9999.0 802.616609 851.738684 909.652909 919.555104 921.204623 928.735337 959.108205 1013.262038 1090.390414 1142.598454 1187.037799 1223.500129 1285.677025 1367.148644 1441.959746 1492.775308 1554.008067 1625.093309 1688.712642 1724.168952 1743.458276 1783.342180 1837.325389 1899.195348 1926.459221 1953.507348 1985.451176 2020.015834 2031.484616 2045.684457 2054.229105 2057.280945 2062.965010 2064.568908 2060.036473 2054.890159 2037.214219 2034.299182 2042.328995 2048.555115 2050.485070 2037.302962 2033.233788 2046.278452 2049.328508 2047.384569 2045.924199 2052.344154 2055.087394 2015.418160 1977.651719 1961.132062 1949.931430 1904.726340 1839.271688 1796.416899 1772.281755 1728.336375 1649.410750 1596.572290 1544.703108 1494.564124 1440.078491 1406.366742 1356.525767 1310.750042 1261.239752 1212.784524 1187.572172 1168.381090 1165.007543 1164.073401 1179.527629 1194.230555 1209.068542 1216.580878 -9999.0 -9999.0
-9999.0 698.863968 771.580037 898.337417 979.416002 1025.184640 1057.995777 1082.636045 1113.623690 1142.294268 1248.817069 1339.141942 1432.280589 1471.887666 1524.279452 1622.898311 1718.728095 1765.579936 1804.253957 1860.759981 1921.308632 1969.491170 1999.070268 2010.252379 2044.568258 2058.369109 2061.763637 2065.438335 2062.049708 2054.538477 2046.027871 2052.254979 2048.401756 2029.058060 2012.318794 2008.244015 2001.684759 1977.008977 1948.688871 1934.124493 1937.024934 1960.249422 1948.651616 1928.227015 1924.488271 1945.499635 1964.628589 1955.846489 1944.220015 1962.530700 1997.622288 2020.167732 2030.392546 2046.930634 2067.481106 2041.654370 2012.783309 1970.250274 1949.757784 1919.688692 1859.970962 1797.362736 1741.453249 1679.562409 1611.516412 1541.962372 1476.455097 1412.128695 1343.219555 1300.133849 1267.687833 1216.841212 1195.357396 1196.418703 1186.848641 1183.172229 1188.499377 1194.468954 -9999.0 -9999.0
-9999.0 617.893758 760.502433 945.409149 1094.748378 1154.563809 1256.827941 1337.400702 1367.780366 1341.325844 1450.812526 1670.377124 1773.787578 1792.908131 1865.333416 1953.501674 1972.906740 2005.652851 2028.103663 2038.777365 2047.658275 2058.277205 2057.478284 2052.605262 2038.588106 2030.943999 2029.396321 2025.822848 2007.116062 1986.630136 1968.073553 1962.980619 1943.666073 1898.621271 1864.246398 1845.405626 1827.700010 1807.484160 1774.886285 1748.405935 1733.940838 1749.709142 1743.145908 1726.669950 1722.949660 1744.885772 1777.125176 1773.409326 1781.940339 1804.516006 1845.039119 1885.617228 1909.080329 1939.971495 1977.613678 2022.670924 2038.402474 2059.911485 2063.878495 2044.612101 1999.405446 1945.679457 1909.212358 1844.179412 1769.055957 1688.205860 1620.656557 1555.603516 1484.526976 1437.243771 1390.168482 1333.176077 1279.508584 1256.628622 1216.672305 1196.412574 -9999.0 -9999.0 -9999.0 -9999.0
-9999.0 538.184771 726.169779 984.281891 1261.541499 1372.672540 1576.493738 1704.999897 1763.525731 1832.065321 1809.224196 1958.283811 1998.798216 1996.042034 1996.232697 2001.170489 2017.463248 2021.495477 2018.366187 2008.662525 1999.862040 1996.167525 1994.824081 1987.395637 1975.068610 1959.683164 1945.554995 1931.227443 1891.674665 1856.877590 1819.776031 1803.949805 1764.042736 1671.959883 1627.930288 1590.791488 1533.466957 1527.066692 1521.229016 1493.241966 1473.896505 1453.529563 1475.512684 1480.020914 1482.549425 1486.032761 1503.023426 1527.080120 1571.946743 1609.097746 1654.317562 1707.537324 1742.996977 1787.235361 1834.493511 1891.572545 1925.343312 1957.076326 2004.921010 2044.167020 2066.888737 2054.488749 2025.239371 1976.086658 1901.704071 1830.747856 1776.393286 1699.001515 1631.915395 1578.693157 1534.329746 1485.907542 1423.146693 1345.123838 1303.282007 -9999.0 -9999.0 -9999.0 -9999.0 -9999.0
-9999.0 357.263181 624.824558 912.322138 1225.661215 1553.620459 1687.355258 1815.249602 1887.609571 1854.798091 1862.200032 1884.241997 1927.355323 1937.482375 1919.386248 1911.473732 1900.635301 1900.909759 1913.682362 1887.078195 1857.144988 1843.520227 1842.774681 1830.866008 1807.499355 1790.155273 1777.140184 1755.676724 1706.639510 1654.487946 1572.283133 1541.503774 1465.402952 1408.519473 1363.089007 1312.709559 1261.550387 1259.949619 1276.916864 1262.094535 1239.834363 1221.499510 1248.188319 1266.070967 1278.470823 1267.382996 1276.847831 1313.247717 1363.448714 1408.575024 1459.820717 1515.567450 1562.819118 1611.415291 1644.738037 1696.365311 1744.880690 1792.319041 1866.635872 1945.831133 1982.918212 2017.059003 2048.010705 2060.235463 2004.255411 1948.883162 1890.039453 1821.114632 1734.647685 1687.703517 1665.008570 1628.858778 1576.242687 -9999.0 -9999.0 -9999.0 -9999.0 -9999.0 -9999.0 -9999.0
-9999.0 231.229617 449.474097 678.315050 962.411064 1200.280704 1395.571221 1504.128627 1583.596231 1618.964208 1654.286750 1690.077112 1722.510645 1746.682903 1726.223341 1687.613787 1659.330216 1663.371105 1658.832842 1634.468903 1604.393701 1589.078060 1586.334364 1579.164782 1554.649278 1539.818485 1528.424344 1504.991822 1470.329476 1413.609233 1333.235591 1260.372621 1198.945191 1166.386391 1136.039327 1102.831817 1066.790233 1076.619411 1089.080246 1085.411443 1074.787862 1071.826523 1101.047760 1120.160354 1130.445872 1119.041580 1138.507843 1165.645392 1207.887101 1251.781526 1301.976608 1358.360087 1413.382019 1444.163071 1459.718093 1487.027408 1527.809518 1582.781128 1669.544662 1764.106242 1841.372449 1889.803187 1939.239078 1970.137152 1979.402137 1984.853124 1951.926590 1862.037988 1741.855394 1735.511154 1736.933551 -9999.0 -9999.0 -9999.0 -9999.0 -9999.0 -9999.0 -9999.0 -9999.0 -9999.0
-9999.0 -9999.0 216.208447 393.759029 532.227913 712.472617 863.272597 973.780683 1062.421541 1174.649351 1279.232547 1363.494503 1408.777885 1427.101281 1412.949064 1379.070935 1357.095327 1356.725328 1346.206701 1334.617230 1313.674795 1305.142857 1293.891750 1285.406199 1274.814619 1268.693471 1262.707878 1250.524347 1227.520303 1179.869899 1130.203603 1078.265528 1024.472778 998.456346 976.036824 953.996243 952.088683 948.180167 953.794495 955.183637 961.844105 974.334816 994.543338 1016.535342 1026.380578 1035.175569 1047.929009 1071.994331 1105.583326 1148.380850 1202.973963 1261.402059 1302.135066 1316.035881 1307.808341 1314.444891 1336.591839 1381.076242 1464.045840 1549.129893 1643.960280 1714.398469 1783.999406 1833.255229 1845.543011 1855.145910 1861.136451 1789.739873 1535.815801 1667.146695 -9999.0 -9999.0 -9999.0 -9999.0 -9999.0 -9999.0 -9999.0 -9999.0 -9999.0 -9999.0
-9999.0 -9999.0 -9999.0 -9999.0 252.508829 407.852542 504.978070 588.838023 717.093474 835.965221 935.240637 1017.783607 1078.774657 1105.090718 1099.874979 1103.344510 1097.970268 1091.986162 1082.172289 1080.066244 1077.818501 1069.974356 1055.955687 1048.262958 1048.547347 1052.787494 1049.799813 1035.638636 1017.520098 993.659494 972.166891 937.188000 900.658734 871.075289 857.560220 851.365580 850.977190 844.156659 852.904247 860.009790 875.128681 890.388104 914.212228 943.132086 956.768872 971.555462 981.477128 1002.304060 1032.984447 1086.697495 1150.470819 1208.646281 1244.897798 1249.960483 1225.921168 1211.351004 1208.944869 1238.346147 1285.403022 1354.813856 1457.767014 1531.264433 1588.693921 1632.179050 1661.366551 1701.344822 1741.562802 1764.389375 -9999.0 -9999.0 -9999.0 -9999.0 -9999.0 -9999.0 -9999.0 -9999.0 -9999.0 -9999.0 -9999.0 -9999.0
-9999.0 -9999.0 -9999.0 -9999.0 -9999.0 -9999.0 209.504636 310.246933 392.261985 527.925201 655.250433 754.889669 834.160007 864.789677 889.468187 915.222742 912.762432 894.580435 875.875359 893.863142 906.532186 900.594955 870.937749 870.101367 874.397170 882.538032 880.189672 873.442757 848.005479 858.331319 858.114812 834.472267 808.060714 793.769407 781.711265 791.167593 791.352424 777.869942 778.750196 805.341102 825.463587 838.670672 860.636832 893.858256 926.181425 941.299821 942.741428 949.091048 989.660280 1060.195571 1131.960299 1187.475960 1220.165502 1228.672851 1201.817546 1162.280292 1142.486351 1150.550706 1186.592069 1240.871076 1318.254159 1368.528163 1395.719137 1410.172975 1428.561702 1516.541601 -9999.0 -9999.0 -9999.0 -9999.0 -9999.0 -9999.0 -9999.0 -9999.0 -9999.0 -9999.0 -9999.0 -9999.0 -9999.0 -9999.0
-9999.0 -9999.0 -9999.0 -9999.0 -9999.0 -9999.0 -9999.0 -9999.0 -9999.0 -9999.0 -9999.0 -9999.0 -9999.0 -9999.0 -9999.0 -9999.0 -9999.0 -9999.0 -9999.0 -9999.0 -9999.0 -9999.0 -9999.0 -9999.0 -9999.0 -9999.0 -9999.0 -9999.0 -9999.0 -9999.0 -9999.0 -9999.0 -9999.0 -9999.0 -9999.0 -9999.0 -9999.0 -9999.0 -9999.0 -9999.0 -9999.0 -9999.0 -9999.0 -9999.0 -9999.0 -9999.0 -9999.0 -9999.0 -9999.0 -9999.0 -9999.0 -9999.0 -9999.0 -9999.0 -9999.0 -9999.0 -9999.0 -9999.0 -9999.0 -9999.0 -9999.0 -9999.0 -9999.0 -9999.0 -9999.0 -9999.0 -9999.0 -9999.0 -9999.0 -9999.0 -9999.0 -9999.0 -9999.0 -9999.0 -9999.0 -9999.0 -9999.0 -9999.0 -9999.0 -9999.0
-9999.0 -9999.0 -9999.0 -9999.0 -9999.0 -9999.0 -9999.0 -9999.0 -9999.0 -9999.0 -9999.0 -9999.0 -9999.0 -9999.0 -9999.0 -9999.0 -9999.0 -9999.0 -9999.0 -9999.0 -9999.0 -9999.0 -9999.0 -9999.0 -9999.0 -9999.0 -9999.0 -9999.0 -9999.0 -9999.0 -9999.0 -9999.0 -9999.0 -9999.0 -9999.0 -9999.0 -9999.0 -9999.0 -9999.0 -9999.0 -9999.0 -9999.0 -9999.0 -9999.0 -9999.0 -9999.0 -9999.0 -9999.0 -9999.0 -9999.0 -9999.0 -9999.0 -9999.0 -9999.0 -9999.0 -9999.0 -9999.0 -9999.0 -9999.0 -9999.0 -9999.0 -9999.0 -9999.0 -9999.0 -9999.0 -9999.0 -9999.0 -9999.0 -9999.0 -9999.0 -9999.0 -9999.0 -9999.0 -9999.0 -9999.0 -9999.0 -9999.0 -9999.0 -9999.0 -9999.0