Borden_/Borden1m_014/output_maps/psiliqL0012N0003.asc
ncols         80
nrows         18
xllcorner     620200.000000
yllcorner     5168000.000000
cellsize      1.000000
NODATA_value  -9999.0
-9999.0 -9999.0 -9999.0 -9999.0 -9999.0 -9999.0 -9999.0 -9999.0 -9999.0 -9999.0 -9999.0 -9999.0 -9999.0 -9999.0 -9999.0 -9999.0 -9999.0 -9999.0 -9999.0 -9999.0 -9999.0 -9999.0 -9999.0 -9999.0 -9999.0 -9999.0 -9999.0 -9999.0 -9999.0 -9999.0 -9999.0 -9999.0 -9999.0 -9999.0 -9999.0 -9999.0 -9999.0 -9999.0 -9999.0 -9999.0 -9999.0 -9999.0 -9999.0 -9999.0 -9999.0 -9999.0 -9999.0 -9999.0 -9999.0 -9999.0 -9999.0 -9999.0 -9999.0 -9999.0 -9999.0 -9999.0 -9999.0 -9999.0 -9999.0 -9999.0 -9999.0 -9999.0 -9999.0 -9999.0 -9999.0 -9999.0 -9999.0 -9999.0 -9999.0 -9999.0 -9999.0 -9999.0 -9999.0 -9999.0 -9999.0 -9999.0 -9999.0 -9999.0 -9999.0 -9999.0
-9999.0 -9999.0 -9999.0 -9999.0 -9999.0 -9999.0 -9999.0 -9999.0 -9999.0 -9999.0 -9999.0 -9999.0 -9999.0 -9999.0 -9999.0 -9999.0 -9999.0 -9999.0 -9999.0 -9999.0 -9999.0 -9999.0 -9999.0 -9999.0 -9999.0 -9999.0 -9999.0 -9999.0 -9999.0 -9999.0 -9999.0 -9999.0 -9999.0 -9999.0 -9999.0 -9999.0 -9999.0 -9999.0 -9999.0 -9999.0 -9999.0 -9999.0 -9999.0 -9999.0 -9999.0 -9999.0 -9999.0 -9999.0 -9999.0 -9999.0 -9999.0 -9999.0 -9999.0 -9999.0 -9999.0 -9999.0 -9999.0 -9999.0 -9999.0 -9999.0 -9999.0 -9999.0 -9999.0 -9999.0 -9999.0 -9999.0 -9999.0 -9999.0 -9999.0 -9999.0 -9999.0 -9999.0 -9999.0 -9999.0 -9999.0 -9999.0 -9999.0 -9999.0 -9999.0 -9999.0
-9999.0 -9999.0 -9999.0 -9999.0 -9999.0 -9999.0 -9999.0 -9999.0 -9999.0 -9999.0 -9999.0 -9999.0 -9999.0 -9999.0 -9999.0 -9999.0 -9999.0 -9999.0 -9999.0 -9999.0 530.029666 532.655010 510.339383 476.610917 448.579267 450.645603 485.193992 526.231488 564.466309 574.719074 556.990452 559.242122 554.456124 553.328834 555.597857 561.807529 565.251521 576.166153 584.119768 583.294889 576.829242 571.318880 571.044563 574.393056 579.992358 569.984313 583.710057 598.917864 604.656830 599.924055 573.320662 558.034785 549.518064 534.489238 559.033173 571.124758 593.953572 598.161140 596.644419 569.683591 539.669169 -9999.0 -9999.0 -9999.0 -9999.0 -9999.0 -9999.0 -9999.0 -9999.0 -9999.0 -9999.0 -9999.0 -9999.0 -9999.0 -9999.0 -9999.0 -9999.0 -9999.0 -9999.0 -9999.0
-9999.0 -9999.0 -9999.0 -9999.0 -9999.0 -9999.0 -9999.0 -9999.0 -9999.0 -9999.0 -9999.0 -9999.0 -9999.0 -9999.0 440.341061 430.474454 427.454450 435.660497 468.998357 498.855819 511.104306 503.574015 503.589510 480.087152 459.702346 473.682257 503.161549 534.582300 569.024637 589.629721 578.250064 576.060531 585.877406 611.310552 624.003884 620.820333 600.436835 623.016725 638.139410 646.152154 644.873498 636.136352 649.512312 665.996305 660.611040 643.811864 647.778549 659.218551 672.140508 658.822657 595.952725 576.594437 572.775713 566.256824 552.742205 546.516876 571.717218 572.130909 563.988491 546.207524 513.845565 469.756971 451.712889 490.445348 534.571831 592.090820 -9999.0 -9999.0 -9999.0 -9999.0 -9999.0 -9999.0 -9999.0 -9999.0 -9999.0 -9999.0 -9999.0 -9999.0 -9999.0 -9999.0
-9999.0 -9999.0 -9999.0 -9999.0 -9999.0 -9999.0 -9999.0 -9999.0 -9999.0 383.666684 387.779169 394.833872 396.764445 412.176686 409.936803 416.731703 423.720910 449.965595 480.587527 515.204563 543.547597 533.897631 534.156726 544.944085 549.709140 562.089465 583.428599 623.774923 664.598741 707.012999 679.861874 678.157423 697.030176 743.879551 777.240052 784.127365 765.463617 771.741561 795.770090 817.443094 815.891473 813.328951 838.191958 854.895394 863.798395 845.021725 826.241813 823.442080 847.740236 798.313539 734.451410 683.484312 685.929504 655.592721 617.336808 596.852187 593.909060 614.662848 599.690792 562.812168 526.892061 516.698366 499.914357 517.034883 539.693923 586.454724 625.216205 654.092344 654.294249 637.154229 -9999.0 -9999.0 -9999.0 -9999.0 -9999.0 -9999.0 -9999.0 -9999.0 -9999.0 -9999.0
-9999.0 -9999.0 -9999.0 -9999.0 -9999.0 -9999.0 305.245770 314.372381 334.253572 339.135353 363.868867 370.976139 391.172434 410.035067 430.676738 446.607330 476.136304 508.259012 548.899739 591.784655 623.173747 617.746551 627.745432 659.879664 701.510255 732.410180 757.411601 797.258367 875.140395 924.207773 936.973555 942.980099 952.318061 999.672843 1062.721830 1077.617242 1056.368576 1040.432585 1059.024928 1094.032061 1099.191024 1099.913642 1111.815145 1130.995811 1178.228411 1169.822504 1110.617653 1087.653681 1082.394898 1068.159782 1009.200093 943.949277 903.627976 852.556496 771.743186 716.078047 719.254354 735.146952 704.886362 651.592607 610.731141 600.297796 585.640017 572.535282 579.088513 598.993029 622.313986 634.235105 622.087823 601.689473 579.160545 550.779967 552.855965 578.307198 -9999.0 -9999.0 -9999.0 -9999.0 -9999.0 -9999.0
-9999.0 -9999.0 -9999.0 -9999.0 255.676986 268.059190 255.785312 279.908179 311.892796 345.227734 376.711119 413.094476 439.766423 469.098349 508.829530 543.145379 584.358653 619.404274 674.605420 742.835835 793.327826 817.131440 832.466207 894.076449 961.720808 1017.803302 1040.078791 1069.926424 1121.795550 1206.210373 1241.678551 1249.560494 1264.573615 1293.698007 1333.771776 1362.313110 1345.693997 1338.113791 1341.846397 1350.212581 1370.410590 1370.462407 1373.526487 1380.388912 1392.623775 1392.746845 1364.669040 1331.922854 1320.300025 1313.574367 1288.440502 1220.018203 1164.113027 1121.970077 1087.008799 1034.311900 965.129686 942.497428 882.634382 825.929262 762.748196 738.950402 707.208202 681.966128 653.354890 655.779634 660.162436 641.252599 610.822904 579.587984 565.227365 547.049962 536.895337 567.254733 585.225765 616.074967 -9999.0 -9999.0 -9999.0 -9999.0
-9999.0 -9999.0 197.703092 246.406068 302.185931 310.102038 310.503600 315.452202 342.790437 393.660546 469.131792 519.447532 562.900815 595.054515 652.790182 730.812473 801.492347 851.719345 915.871756 987.021500 1048.640572 1082.162762 1102.633015 1154.085681 1224.927026 1288.048605 1313.566753 1338.932116 1371.618071 1411.991663 1430.364035 1444.381856 1450.026068 1449.023062 1451.098446 1450.514881 1446.218288 1440.214922 1419.992731 1413.615822 1417.666773 1420.578661 1423.026276 1412.260395 1411.034923 1423.956297 1426.387923 1426.851147 1429.529232 1440.102048 1447.001240 1410.494296 1365.266797 1346.482384 1336.933773 1295.542958 1233.380169 1181.200653 1142.963929 1094.492792 1014.826323 957.166331 900.087987 849.948237 798.266872 768.516062 724.602543 685.226764 641.346811 597.215650 574.836187 557.516503 555.981802 556.984377 573.770900 589.764348 605.585337 613.610697 -9999.0 -9999.0
-9999.0 96.757063 168.783662 294.617747 372.765238 415.744532 449.418758 474.418177 501.278441 522.424652 626.481857 721.049514 815.313857 850.591051 898.142230 990.356497 1081.782329 1137.305557 1195.554059 1254.151655 1308.856591 1350.253898 1376.110239 1397.540179 1436.267509 1447.665751 1449.975490 1453.523644 1452.099452 1449.510083 1442.798484 1448.011132 1442.027184 1423.319829 1408.899461 1406.750087 1401.594555 1375.634070 1339.194310 1318.248668 1317.141795 1336.973174 1325.534327 1306.481488 1303.744914 1324.271903 1343.363081 1336.908323 1330.529803 1356.270852 1392.698030 1411.899410 1421.456519 1435.725699 1456.930865 1433.367780 1405.034044 1363.252193 1340.831899 1312.431069 1257.332296 1188.257675 1111.725603 1042.582800 969.603040 900.734567 841.601043 784.486557 722.095246 684.116975 654.389176 604.644703 584.127522 587.384522 579.650944 577.814400 584.799928 591.441598 -9999.0 -9999.0
-9999.0 19.947838 162.050168 345.466424 490.407520 546.964073 652.830844 736.500935 766.735203 741.563605 844.591842 1064.530882 1180.762853 1202.400293 1265.481811 1339.125829 1360.039701 1393.397567 1423.505609 1433.993543 1439.917482 1447.718168 1445.726998 1441.454050 1429.963977 1422.429813 1421.125303 1420.117343 1407.670592 1393.891304 1378.725961 1371.116462 1344.062384 1298.247492 1266.872797 1252.061858 1237.968701 1210.776153 1153.028460 1112.360501 1093.706460 1110.601268 1100.657731 1081.678150 1077.841549 1102.691545 1139.756697 1135.474019 1148.720037 1191.987822 1240.126471 1277.741010 1298.677302 1330.413846 1372.310688 1414.307853 1429.682249 1450.024895 1455.168579 1436.550528 1398.064867 1347.860141 1309.039543 1243.556993 1153.364840 1068.079636 1003.606748 939.288131 872.196754 826.999787 778.837128 720.383537 666.459925 645.310511 608.290419 589.692281 -9999.0 -9999.0 -9999.0 -9999.0
-9999.0 -53.517120 134.954250 393.773538 657.394092 767.860321 968.535488 1115.258440 1182.405514 1247.700767 1240.981435 1363.459766 1401.614323 1399.161626 1392.355986 1392.247601 1404.190112 1408.763426 1409.750639 1405.544219 1401.617624 1400.577929 1400.192356 1393.215768 1379.161786 1357.172197 1339.504784 1326.895166 1294.678592 1267.215120 1234.666214 1212.014811 1149.782928 1045.051837 998.412205 964.095023 910.161463 900.571627 884.349320 851.085607 830.492013 812.403732 831.268192 832.652334 833.817701 839.152285 857.746816 878.272227 921.541776 962.848993 1010.376202 1062.284785 1098.446348 1153.256262 1222.670594 1281.995525 1313.993005 1347.436555 1397.493505 1436.828526 1461.887985 1452.923219 1426.036999 1385.804372 1318.698817 1259.016663 1212.244854 1125.553102 1056.111093 998.715125 940.230101 874.289516 806.983442 731.252979 693.085075 -9999.0 -9999.0 -9999.0 -9999.0 -9999.0
-9999.0 -222.470251 44.100196 332.784775 647.600213 960.379497 1080.931986 1224.582905 1297.826321 1262.877445 1264.171095 1282.735575 1322.352025 1330.899018 1312.118034 1303.529399 1292.736912 1293.326904 1308.301378 1287.991634 1265.407686 1256.191031 1256.806806 1244.223318 1214.734065 1176.842157 1149.850232 1124.141098 1075.437196 1026.525170 947.174570 917.680496 838.343091 776.082638 731.338736 683.968544 634.322090 632.252541 646.585199 629.814598 607.234491 588.675467 614.097603 630.144031 641.278574 630.430824 638.862022 672.876846 720.346947 762.681869 810.478637 861.626774 905.346957 956.010048 996.882805 1051.698618 1103.257794 1163.209379 1255.180276 1337.997475 1380.754608 1415.587459 1449.686717 1469.533369 1426.738099 1387.834778 1348.719225 1295.699785 1223.059137 1177.509190 1121.533783 1029.201027 956.049370 -9999.0 -9999.0 -9999.0 -9999.0 -9999.0 -9999.0 -9999.0
-9999.0 -352.026135 -128.443997 107.037289 393.458645 621.762913 797.474901 903.114627 978.377020 1004.251469 1034.122699 1066.010038 1098.180853 1122.043057 1097.188467 1056.684474 1027.558315 1031.457998 1029.574209 1006.987330 979.461713 965.732163 964.131194 955.976819 927.613333 905.223583 889.344173 865.592070 832.413110 780.363025 702.992931 634.506582 573.602195 540.411006 511.276842 479.396222 443.159679 453.614409 466.819362 462.491660 450.981884 447.215323 476.247823 494.597754 504.314039 491.604554 509.735815 535.522206 575.845293 616.548472 662.654868 714.168613 764.371918 792.589748 807.615262 834.220295 874.290353 932.148381 1027.042669 1133.479082 1232.155261 1286.492677 1341.268597 1384.045220 1405.200758 1429.962103 1419.872654 1352.935087 1245.779255 1266.513462 1258.180815 -9999.0 -9999.0 -9999.0 -9999.0 -9999.0 -9999.0 -9999.0 -9999.0 -9999.0
-9999.0 -9999.0 -363.380743 -181.146526 -35.083515 143.770745 289.059845 392.825233 471.205287 571.513801 667.213562 743.804495 784.612776 800.987562 784.683146 748.556365 725.453504 725.868227 717.036144 705.895278 685.262243 677.598879 667.820403 659.639102 647.135209 638.943548 632.469338 621.304238 600.097781 555.039215 506.046072 455.649491 402.769463 378.202509 356.965489 335.501159 333.480497 330.994150 337.366754 338.720670 344.745916 356.790392 377.074994 398.456028 407.717187 415.184709 427.138003 450.008236 482.060628 522.308553 573.694184 628.179484 664.888640 675.501000 664.896549 669.146833 688.998729 731.269723 813.612835 899.566294 998.915059 1074.822313 1161.728497 1239.667580 1270.737644 1302.682959 1342.258646 1285.860264 910.304267 1201.797207 -9999.0 -9999.0 -9999.0 -9999.0 -9999.0 -9999.0 -9999.0 -9999.0 -9999.0 -9999.0
-9999.0 -9999.0 -9999.0 -9999.0 -324.848520 -170.116850 -76.574255 4.235374 126.290489 237.887765 331.369754 408.420425 463.468206 487.220268 478.729903 477.999966 471.584350 467.101544 458.485672 455.540737 452.516107 445.333485 433.024321 425.563060 425.335236 429.106655 426.792408 413.898581 398.001898 373.953813 352.595616 318.705598 282.988684 254.558259 242.085954 236.210652 236.644444 230.840856 240.183925 247.025583 262.029346 277.315244 301.081941 329.464155 342.277183 356.357729 365.626440 385.691829 414.979155 466.797247 528.092276 583.181528 616.047050 618.213939 591.126433 573.732592 568.475519 594.370434 638.105649 703.946301 802.978828 874.574858 938.903274 997.623291 1044.279110 1116.581292 1230.724937 1284.449988 -9999.0 -9999.0 -9999.0 -9999.0 -9999.0 -9999.0 -9999.0 -9999.0 -9999.0 -9999.0 -9999.0 -9999.0
-9999.0 -9999.0 -9999.0 -9999.0 -9999.0 -9999.0 -375.679456 -279.117441 -196.043022 -68.970572 49.570864 143.450148 218.590046 245.362344 265.929446 289.753522 286.385487 269.137832 251.923673 269.540431 281.096803 276.083562 247.917064 247.010338 251.093036 260.022757 258.675067 252.961669 228.831999 239.051507 239.246513 216.911985 191.595268 178.046284 166.915161 177.166441 178.109618 165.455903 167.319696 193.745875 213.675466 226.959248 249.059615 281.994673 313.814227 328.120019 328.832543 334.458872 374.555923 443.649114 513.071732 565.789970 595.627928 601.582396 571.928408 529.563542 506.463872 510.858906 542.594561 592.361517 664.915279 711.325894 739.901446 760.929072 788.274882 884.520052 -9999.0 -9999.0 -9999.0 -9999.0 -9999.0 -9999.0 -9999.0 -9999.0 -9999.0 -9999.0 -9999.0 -9999.0 -9999.0 -9999.0
-9999.0 -9999.0 -9999.0 -9999.0 -9999.0 -9999.0 -9999.0 -9999.0 -9999.0 -9999.0 -9999.0 -9999.0 -9999.0 -9999.0 -9999.0 -9999.0 -9999.0 -9999.0 -9999.0 -9999.0 -9999.0 -9999.0 -9999.0 -9999.0 -9999.0 -9999.0 -9999.0 -9999.0 -9999.0 -9999.0 -9999.0 -9999.0 -9999.0 -9999.0 -9999.0 -9999.0 -9999.0 -9999.0 -9999.0 -9999.0 -9999.0 -9999.0 -9999.0 -9999.0 -9999.0 -9999.0 -9999.0 -9999.0 -9999.0 -9999.0 -9999.0 -9999.0 -9999.0 -9999.0 -9999.0 -9999.0 -9999.0 -9999.0 -9999.0 -9999.0 -9999.0 -9999.0 -9999.0 -9999.0 -9999.0 -9999.0 -9999.0 -9999.0 -9999.0 -9999.0 -9999.0 -9999.0 -9999.0 -9999.0 -9999.0 -9999.0 -9999.0 -9999.0 -9999.0 -9999.0
-9999.0 -9999.0 -9999.0 -9999.0 -9999.0 -9999.0 -9999.0 -9999.0 -9999.0 -9999.0 -9999.0 -9999.0 -9999.0 -9999.0 -9999.0 -9999.0 -9999.0 -9999.0 -9999.0 -9999.0 -9999.0 -9999.0 -9999.0 -9999.0 -9999.0 -9999.0 -9999.0 -9999.0 -9999.0 -9999.0 -9999.0 -9999.0 -9999.0 -9999.0 -9999.0 -9999.0 -9999.0 -9999.0 -9999.0 -9999.0 -9999.0 -9999.0 -9999.0 -9999.0 -9999.0 -9999.0 -9999.0 -9999.0 -9999.0 -9999.0 -9999.0 -9999.0 -9999.0 -9999.0 -9999.0 -9999.0 -9999.0 -9999.0 -9999.0 -9999.0 -9999.0 -9999.0 -9999.0 -9999.0 -9999.0 -9999.0 -9999.0 -9999.0 -9999.0 -9999.0 -9999.0 -9999.0 -9999.0 -9999.0 -9999.0 -9999.0 -9999.0 -9999.0 -9999.0 -9999.0