Borden_/Borden1m_014/output_maps/psiliqL0027N0005.asc
ncols         80
nrows         18
xllcorner     620200.000000
yllcorner     5168000.000000
cellsize      1.000000
NODATA_value  -9999.0
-9999.0 -9999.0 -9999.0 -9999.0 -9999.0 -9999.0 -9999.0 -9999.0 -9999.0 -9999.0 -9999.0 -9999.0 -9999.0 -9999.0 -9999.0 -9999.0 -9999.0 -9999.0 -9999.0 -9999.0 -9999.0 -9999.0 -9999.0 -9999.0 -9999.0 -9999.0 -9999.0 -9999.0 -9999.0 -9999.0 -9999.0 -9999.0 -9999.0 -9999.0 -9999.0 -9999.0 -9999.0 -9999.0 -9999.0 -9999.0 -9999.0 -9999.0 -9999.0 -9999.0 -9999.0 -9999.0 -9999.0 -9999.0 -9999.0 -9999.0 -9999.0 -9999.0 -9999.0 -9999.0 -9999.0 -9999.0 -9999.0 -9999.0 -9999.0 -9999.0 -9999.0 -9999.0 -9999.0 -9999.0 -9999.0 -9999.0 -9999.0 -9999.0 -9999.0 -9999.0 -9999.0 -9999.0 -9999.0 -9999.0 -9999.0 -9999.0 -9999.0 -9999.0 -9999.0 -9999.0
-9999.0 -9999.0 -9999.0 -9999.0 -9999.0 -9999.0 -9999.0 -9999.0 -9999.0 -9999.0 -9999.0 -9999.0 -9999.0 -9999.0 -9999.0 -9999.0 -9999.0 -9999.0 -9999.0 -9999.0 -9999.0 -9999.0 -9999.0 -9999.0 -9999.0 -9999.0 -9999.0 -9999.0 -9999.0 -9999.0 -9999.0 -9999.0 -9999.0 -9999.0 -9999.0 -9999.0 -9999.0 -9999.0 -9999.0 -9999.0 -9999.0 -9999.0 -9999.0 -9999.0 -9999.0 -9999.0 -9999.0 -9999.0 -9999.0 -9999.0 -9999.0 -9999.0 -9999.0 -9999.0 -9999.0 -9999.0 -9999.0 -9999.0 -9999.0 -9999.0 -9999.0 -9999.0 -9999.0 -9999.0 -9999.0 -9999.0 -9999.0 -9999.0 -9999.0 -9999.0 -9999.0 -9999.0 -9999.0 -9999.0 -9999.0 -9999.0 -9999.0 -9999.0 -9999.0 -9999.0
-9999.0 -9999.0 -9999.0 -9999.0 -9999.0 -9999.0 -9999.0 -9999.0 -9999.0 -9999.0 -9999.0 -9999.0 -9999.0 -9999.0 -9999.0 -9999.0 -9999.0 -9999.0 -9999.0 -9999.0 3525.148157 3525.920898 3504.180875 3469.883797 3441.420083 3442.979390 3475.484078 3515.757740 3554.279518 3561.148811 3541.687573 3545.335608 3540.655452 3535.621637 3535.399526 3543.014342 3549.681500 3559.103630 3565.788911 3563.199425 3555.642039 3550.567836 3553.296847 3554.736971 3561.078626 3546.313360 3562.518150 3578.942337 3583.677900 3581.260273 3557.951750 3546.512350 3538.845007 3523.520756 3550.521322 3562.428571 3586.217963 3591.141440 3589.394517 3562.962342 3533.094650 -9999.0 -9999.0 -9999.0 -9999.0 -9999.0 -9999.0 -9999.0 -9999.0 -9999.0 -9999.0 -9999.0 -9999.0 -9999.0 -9999.0 -9999.0 -9999.0 -9999.0 -9999.0 -9999.0
-9999.0 -9999.0 -9999.0 -9999.0 -9999.0 -9999.0 -9999.0 -9999.0 -9999.0 -9999.0 -9999.0 -9999.0 -9999.0 -9999.0 3435.331847 3426.502314 3423.371320 3430.263839 3462.320553 3492.304636 3503.783568 3496.078054 3495.587549 3470.431774 3447.014172 3459.077445 3487.982308 3517.861292 3550.656842 3567.296647 3555.968693 3552.987941 3559.308645 3577.931364 3585.168392 3581.247616 3563.664397 3587.879435 3600.674190 3604.514221 3602.262740 3592.193783 3600.422255 3614.183671 3607.075177 3592.053423 3603.647568 3619.035549 3629.752230 3622.321943 3565.082769 3554.092451 3551.433081 3548.106547 3535.615979 3532.445602 3561.533359 3561.561096 3554.912072 3538.230481 3505.281702 3460.284235 3441.789350 3483.069769 3527.171741 3583.803552 -9999.0 -9999.0 -9999.0 -9999.0 -9999.0 -9999.0 -9999.0 -9999.0 -9999.0 -9999.0 -9999.0 -9999.0 -9999.0 -9999.0
-9999.0 -9999.0 -9999.0 -9999.0 -9999.0 -9999.0 -9999.0 -9999.0 -9999.0 3378.219909 3384.111442 3390.753643 3392.912108 3407.645309 3404.012359 3410.519788 3413.789474 3440.569690 3469.386577 3502.216607 3528.532130 3518.825216 3516.898551 3519.669453 3512.643836 3519.492653 3539.228914 3575.128456 3605.111659 3639.459219 3605.156447 3599.694232 3616.738755 3657.112801 3678.794542 3679.930871 3661.080638 3678.623859 3701.849591 3716.721587 3712.850508 3706.414261 3732.517397 3747.920556 3740.883319 3719.072423 3719.064835 3727.446833 3757.216390 3706.677724 3640.913183 3604.206843 3621.640533 3601.749331 3577.469818 3567.825503 3569.401763 3590.433993 3579.543283 3546.467070 3514.026430 3502.768053 3486.597840 3508.633247 3532.598456 3579.576904 3620.007173 3650.278619 3650.021573 3633.023719 -9999.0 -9999.0 -9999.0 -9999.0 -9999.0 -9999.0 -9999.0 -9999.0 -9999.0 -9999.0
-9999.0 -9999.0 -9999.0 -9999.0 -9999.0 -9999.0 3299.892683 3310.264863 3330.728092 3332.806301 3358.967658 3363.565895 3381.709284 3398.144133 3419.354540 3431.166182 3454.966497 3483.893475 3518.699459 3555.045434 3581.512640 3568.695168 3573.216237 3590.940554 3615.805035 3633.144076 3655.180954 3692.533866 3764.428858 3800.273447 3791.150789 3791.445804 3799.477942 3849.971753 3913.913499 3924.288425 3903.558521 3890.702596 3914.852231 3952.670076 3950.080424 3948.803577 3962.451760 3973.524716 4000.414263 3989.106258 3953.254214 3948.788521 3956.491284 3932.794230 3862.731572 3806.198870 3789.066096 3742.344383 3658.875364 3617.613498 3643.674382 3672.976882 3652.481570 3603.847823 3572.777298 3568.431403 3558.375899 3552.775274 3566.482994 3590.389010 3614.966869 3629.499586 3618.108732 3597.633176 3576.354797 3548.517953 3551.463595 3576.560084 -9999.0 -9999.0 -9999.0 -9999.0 -9999.0 -9999.0
-9999.0 -9999.0 -9999.0 -9999.0 3250.818785 3263.338868 3247.810535 3273.565042 3304.825814 3337.682788 3364.057487 3394.514280 3416.510315 3442.097045 3473.687357 3493.598311 3523.909587 3552.286591 3598.204697 3658.144935 3701.314280 3713.327401 3721.086314 3771.449039 3827.289546 3873.760653 3892.360791 3918.382186 3965.059737 4021.707446 4043.702731 4046.150404 4063.093341 4107.440346 4164.938748 4200.407634 4182.555667 4173.313216 4183.966824 4198.756048 4220.911117 4220.958722 4222.093880 4226.508489 4234.542095 4232.526567 4205.374198 4171.691948 4158.644634 4148.275752 4108.919088 4036.083319 4006.566319 3977.122005 3932.807495 3877.992311 3832.614010 3835.580338 3780.801345 3725.634751 3677.059599 3670.767713 3651.770086 3637.006598 3621.049765 3634.596403 3647.588504 3633.250949 3603.719742 3574.897555 3562.380719 3545.203076 3534.095575 3565.578865 3583.664442 3613.165612 -9999.0 -9999.0 -9999.0 -9999.0
-9999.0 -9999.0 3192.524987 3237.048898 3293.478619 3298.583142 3290.306599 3291.950333 3317.134189 3365.075918 3425.312769 3460.106986 3486.745885 3516.053479 3565.216609 3624.900329 3683.365984 3725.350932 3783.419861 3852.910571 3911.906746 3938.297124 3946.707731 3982.521432 4037.799490 4108.206227 4136.714075 4163.575415 4195.997779 4233.271231 4222.921476 4233.253771 4246.161294 4260.105451 4276.166559 4283.882650 4278.798527 4274.147432 4255.456377 4250.081907 4256.527120 4264.941207 4263.649756 4248.813465 4244.830266 4259.995952 4266.501476 4264.235925 4261.071263 4265.716233 4260.220685 4210.567023 4195.245481 4179.661322 4167.335422 4120.599739 4053.149075 4021.351373 3999.261260 3957.572260 3883.883117 3847.566678 3808.901137 3775.118197 3738.649874 3726.913749 3695.636305 3664.265923 3626.199245 3585.977132 3567.402724 3553.674903 3553.678249 3554.562889 3572.620985 3588.465260 3604.526420 3612.646062 -9999.0 -9999.0
-9999.0 3082.102172 3152.470958 3272.751092 3349.243336 3384.144974 3389.234043 3389.343908 3413.397296 3445.678918 3529.779757 3575.138478 3657.439426 3695.178819 3734.918131 3824.663647 3919.824984 3963.702858 4003.335981 4068.379201 4135.242731 4182.866648 4209.468090 4184.931920 4225.417746 4257.225975 4266.034574 4273.559109 4274.109163 4265.542052 4259.275698 4265.856680 4262.765074 4243.313129 4226.980799 4225.128702 4221.664336 4198.109482 4170.394787 4154.648105 4155.770899 4181.033916 4167.689304 4146.196773 4141.733532 4163.577886 4185.394729 4174.545943 4161.316265 4177.978451 4212.922217 4238.504619 4238.677718 4257.486910 4278.667375 4249.181035 4228.567451 4184.046941 4166.904431 4141.298915 4083.788291 4028.925648 3980.604928 3932.319525 3880.362797 3832.295283 3785.072203 3738.196909 3685.556478 3653.183746 3629.430798 3587.512647 3575.692058 3582.788449 3578.329343 3577.071069 3583.856516 3590.499653 -9999.0 -9999.0
-9999.0 2983.556509 3121.339528 3297.005009 3437.844983 3475.522988 3532.016905 3584.749839 3596.931661 3538.882956 3639.743513 3857.412457 3982.535559 4000.842854 4077.515357 4174.234641 4153.489953 4185.352427 4209.090272 4236.918575 4259.250086 4274.261883 4272.720297 4267.755413 4251.099149 4243.055364 4242.130430 4239.963358 4222.363456 4203.226698 4186.287266 4182.945568 4164.651457 4114.186725 4080.602725 4062.713323 4042.903142 4029.745872 4002.797885 3976.599499 3959.651197 3969.329859 3968.160464 3955.072682 3950.666819 3968.512678 3999.436080 3998.007551 4010.583688 4030.352946 4065.856089 4104.486434 4123.866168 4153.211357 4189.048497 4237.773642 4245.972655 4268.559174 4271.303976 4261.671049 4214.517888 4162.528983 4132.947041 4077.236583 4017.659862 3955.952252 3906.894908 3862.223414 3806.964881 3773.375303 3734.650061 3681.361075 3639.561641 3633.346846 3600.538562 3588.185466 -9999.0 -9999.0 -9999.0 -9999.0
-9999.0 2878.113656 3055.383341 3290.369364 3585.084954 3652.147000 3854.147337 3968.134028 4006.176845 4074.269764 3945.583259 4159.629895 4214.985796 4210.647175 4228.768483 4232.353434 4246.920932 4246.134714 4241.045389 4229.926929 4220.196936 4215.515138 4214.502142 4206.561070 4193.871615 4179.179568 4167.179684 4155.572532 4118.560023 4086.315562 4046.301434 4033.593232 3987.865889 3895.557383 3856.958543 3817.742541 3756.035844 3759.125345 3767.838806 3744.200654 3724.436356 3695.312453 3725.802919 3737.369319 3741.857417 3736.557417 3745.564575 3775.041037 3823.625542 3858.158844 3896.943701 3945.019027 3975.672742 4014.896878 4054.490331 4106.947891 4138.409411 4167.435545 4216.890588 4254.029445 4276.876797 4262.462073 4244.435561 4199.078148 4138.606983 4089.146640 4059.910080 4009.077682 3965.469907 3922.116898 3875.760691 3823.133655 3761.751334 3711.029451 3677.676569 -9999.0 -9999.0 -9999.0 -9999.0 -9999.0
-9999.0 2653.067898 2911.682123 3172.562118 3440.777633 3784.701790 3961.937285 4054.526606 4118.414442 4103.762119 4129.393344 4135.117145 4172.468215 4180.092346 4158.755849 4144.580368 4126.501094 4125.411632 4138.515915 4110.955913 4080.418834 4066.918554 4067.858125 4057.176321 4033.139115 4018.289198 4009.062000 3990.382296 3947.320989 3896.824974 3812.231376 3776.828856 3697.446920 3660.601387 3624.998094 3578.395396 3534.663732 3541.086000 3566.660122 3558.317320 3537.924813 3521.256023 3551.002834 3572.259493 3585.646786 3568.963161 3575.407024 3609.664011 3655.852048 3696.027242 3739.468301 3787.115329 3828.976925 3867.714015 3887.911900 3926.597420 3968.724994 4010.364611 4080.717466 4159.769686 4196.172081 4231.106367 4259.621910 4281.690960 4238.594819 4212.637331 4188.685266 4164.949272 4118.462684 4072.922760 4032.362027 3967.273514 3907.731191 -9999.0 -9999.0 -9999.0 -9999.0 -9999.0 -9999.0 -9999.0
-9999.0 2542.257949 2731.518414 2910.923076 3152.317693 3380.125428 3605.824004 3695.861174 3766.497683 3842.352120 3898.726307 3937.334187 3963.118566 3984.897054 3962.386961 3915.746521 3883.227600 3888.322519 3878.889187 3858.236453 3830.803619 3818.144673 3815.436565 3810.929627 3790.103248 3780.308472 3773.897924 3756.239730 3731.644928 3679.158936 3608.823662 3535.745001 3483.202412 3465.582647 3444.284062 3418.620580 3393.534619 3407.510538 3420.352578 3421.064551 3415.369024 3416.207648 3445.247082 3465.275664 3474.683770 3463.979649 3482.018067 3504.620938 3540.859091 3579.639272 3623.769305 3673.312215 3721.228199 3740.505812 3741.538697 3751.743056 3778.444623 3821.067911 3896.974027 3982.994598 4061.499069 4107.314462 4158.341059 4198.681190 4227.262412 4251.329705 4274.360089 4267.905297 4241.556714 4207.965442 4148.717251 -9999.0 -9999.0 -9999.0 -9999.0 -9999.0 -9999.0 -9999.0 -9999.0 -9999.0
-9999.0 -9999.0 2506.129174 2654.042499 2743.428880 2889.943756 3026.314110 3130.232983 3232.112681 3376.750101 3501.146493 3595.965440 3642.844568 3658.523620 3644.960081 3617.399723 3600.876478 3600.444361 3588.579761 3583.015519 3569.678007 3564.938057 3553.060271 3546.036466 3543.166957 3543.604064 3542.173082 3534.910175 3519.427443 3479.379810 3444.767939 3402.075619 3357.464229 3337.266592 3320.590809 3305.161731 3310.819436 3306.370865 3312.360724 3315.909005 3326.321265 3340.987910 3360.316735 3383.206069 3392.845453 3403.194619 3413.686906 3434.805742 3464.083071 3503.679271 3554.459740 3608.766933 3644.071941 3650.154739 3631.161226 3624.982463 3631.753337 3659.238118 3720.802772 3788.954329 3879.005958 3944.739007 4011.680554 4067.937060 4094.831286 4131.223324 4202.078248 4250.152265 4293.391330 4270.945456 -9999.0 -9999.0 -9999.0 -9999.0 -9999.0 -9999.0 -9999.0 -9999.0 -9999.0 -9999.0
-9999.0 -9999.0 -9999.0 -9999.0 2511.906712 2656.556793 2752.521132 2814.258642 2946.371830 3075.815359 3180.978127 3268.254753 3338.141314 3364.277259 3366.473462 3385.324983 3385.145717 3375.538900 3364.601144 3370.734535 3376.993092 3371.395347 3354.551572 3349.291512 3354.733616 3364.391797 3364.189269 3353.143320 3336.935467 3326.083312 3316.339180 3288.253322 3258.523448 3233.302239 3223.407189 3222.441851 3223.958082 3216.960890 3226.066476 3235.931427 3252.416673 3267.750289 3291.274960 3321.134436 3335.985717 3350.507730 3358.638155 3376.453303 3404.572921 3455.572114 3516.792510 3572.930261 3606.536019 3606.381258 3577.084946 3554.576284 3541.046928 3557.321272 3585.212753 3634.526449 3723.088762 3784.864741 3829.194126 3867.162571 3903.432243 3969.155333 4064.771806 4146.596927 -9999.0 -9999.0 -9999.0 -9999.0 -9999.0 -9999.0 -9999.0 -9999.0 -9999.0 -9999.0 -9999.0 -9999.0
-9999.0 -9999.0 -9999.0 -9999.0 -9999.0 -9999.0 2488.665212 2594.790326 2659.287522 2795.977407 2942.748267 3049.724714 3133.165372 3169.840825 3205.326363 3236.609900 3237.785818 3217.304788 3195.125210 3217.953396 3238.763726 3232.712359 3200.274928 3203.016622 3211.739078 3221.021590 3220.222013 3216.520253 3194.492364 3214.875594 3222.723300 3202.981016 3180.483559 3170.626557 3161.187910 3172.831432 3174.262479 3160.705322 3160.001406 3188.809636 3210.468745 3223.463207 3244.358584 3277.557132 3309.981850 3325.560812 3326.034006 3330.023154 3365.605845 3433.141880 3503.742965 3558.524257 3589.240484 3593.493042 3562.129467 3516.733715 3489.916708 3487.822232 3510.923130 3548.800791 3608.987365 3644.192357 3653.457930 3652.467132 3663.188282 3763.595549 -9999.0 -9999.0 -9999.0 -9999.0 -9999.0 -9999.0 -9999.0 -9999.0 -9999.0 -9999.0 -9999.0 -9999.0 -9999.0 -9999.0
-9999.0 -9999.0 -9999.0 -9999.0 -9999.0 -9999.0 -9999.0 -9999.0 -9999.0 -9999.0 -9999.0 -9999.0 -9999.0 -9999.0 -9999.0 -9999.0 -9999.0 -9999.0 -9999.0 -9999.0 -9999.0 -9999.0 -9999.0 -9999.0 -9999.0 -9999.0 -9999.0 -9999.0 -9999.0 -9999.0 -9999.0 -9999.0 -9999.0 -9999.0 -9999.0 -9999.0 -9999.0 -9999.0 -9999.0 -9999.0 -9999.0 -9999.0 -9999.0 -9999.0 -9999.0 -9999.0 -9999.0 -9999.0 -9999.0 -9999.0 -9999.0 -9999.0 -9999.0 -9999.0 -9999.0 -9999.0 -9999.0 -9999.0 -9999.0 -9999.0 -9999.0 -9999.0 -9999.0 -9999.0 -9999.0 -9999.0 -9999.0 -9999.0 -9999.0 -9999.0 -9999.0 -9999.0 -9999.0 -9999.0 -9999.0 -9999.0 -9999.0 -9999.0 -9999.0 -9999.0
-9999.0 -9999.0 -9999.0 -9999.0 -9999.0 -9999.0 -9999.0 -9999.0 -9999.0 -9999.0 -9999.0 -9999.0 -9999.0 -9999.0 -9999.0 -9999.0 -9999.0 -9999.0 -9999.0 -9999.0 -9999.0 -9999.0 -9999.0 -9999.0 -9999.0 -9999.0 -9999.0 -9999.0 -9999.0 -9999.0 -9999.0 -9999.0 -9999.0 -9999.0 -9999.0 -9999.0 -9999.0 -9999.0 -9999.0 -9999.0 -9999.0 -9999.0 -9999.0 -9999.0 -9999.0 -9999.0 -9999.0 -9999.0 -9999.0 -9999.0 -9999.0 -9999.0 -9999.0 -9999.0 -9999.0 -9999.0 -9999.0 -9999.0 -9999.0 -9999.0 -9999.0 -9999.0 -9999.0 -9999.0 -9999.0 -9999.0 -9999.0 -9999.0 -9999.0 -9999.0 -9999.0 -9999.0 -9999.0 -9999.0 -9999.0 -9999.0 -9999.0 -9999.0 -9999.0 -9999.0