Borden_/Borden1m_014/output_maps/psiliqL0026N0010.asc
ncols         80
nrows         18
xllcorner     620200.000000
yllcorner     5168000.000000
cellsize      1.000000
NODATA_value  -9999.0
-9999.0 -9999.0 -9999.0 -9999.0 -9999.0 -9999.0 -9999.0 -9999.0 -9999.0 -9999.0 -9999.0 -9999.0 -9999.0 -9999.0 -9999.0 -9999.0 -9999.0 -9999.0 -9999.0 -9999.0 -9999.0 -9999.0 -9999.0 -9999.0 -9999.0 -9999.0 -9999.0 -9999.0 -9999.0 -9999.0 -9999.0 -9999.0 -9999.0 -9999.0 -9999.0 -9999.0 -9999.0 -9999.0 -9999.0 -9999.0 -9999.0 -9999.0 -9999.0 -9999.0 -9999.0 -9999.0 -9999.0 -9999.0 -9999.0 -9999.0 -9999.0 -9999.0 -9999.0 -9999.0 -9999.0 -9999.0 -9999.0 -9999.0 -9999.0 -9999.0 -9999.0 -9999.0 -9999.0 -9999.0 -9999.0 -9999.0 -9999.0 -9999.0 -9999.0 -9999.0 -9999.0 -9999.0 -9999.0 -9999.0 -9999.0 -9999.0 -9999.0 -9999.0 -9999.0 -9999.0
-9999.0 -9999.0 -9999.0 -9999.0 -9999.0 -9999.0 -9999.0 -9999.0 -9999.0 -9999.0 -9999.0 -9999.0 -9999.0 -9999.0 -9999.0 -9999.0 -9999.0 -9999.0 -9999.0 -9999.0 -9999.0 -9999.0 -9999.0 -9999.0 -9999.0 -9999.0 -9999.0 -9999.0 -9999.0 -9999.0 -9999.0 -9999.0 -9999.0 -9999.0 -9999.0 -9999.0 -9999.0 -9999.0 -9999.0 -9999.0 -9999.0 -9999.0 -9999.0 -9999.0 -9999.0 -9999.0 -9999.0 -9999.0 -9999.0 -9999.0 -9999.0 -9999.0 -9999.0 -9999.0 -9999.0 -9999.0 -9999.0 -9999.0 -9999.0 -9999.0 -9999.0 -9999.0 -9999.0 -9999.0 -9999.0 -9999.0 -9999.0 -9999.0 -9999.0 -9999.0 -9999.0 -9999.0 -9999.0 -9999.0 -9999.0 -9999.0 -9999.0 -9999.0 -9999.0 -9999.0
-9999.0 -9999.0 -9999.0 -9999.0 -9999.0 -9999.0 -9999.0 -9999.0 -9999.0 -9999.0 -9999.0 -9999.0 -9999.0 -9999.0 -9999.0 -9999.0 -9999.0 -9999.0 -9999.0 -9999.0 3325.190165 3326.072214 3304.271896 3269.984651 3241.515101 3243.064463 3275.650988 3315.910520 3354.338278 3361.361218 3341.960750 3345.469559 3340.746056 3335.943153 3335.866621 3343.376476 3349.823539 3359.334910 3366.092967 3363.612046 3356.121792 3351.010566 3353.521492 3355.061235 3361.329508 3346.889314 3362.951557 3379.313059 3384.147010 3381.625286 3358.175030 3346.556607 3338.907895 3323.672829 3350.565059 3362.533049 3386.299026 3391.219668 3389.531716 3363.105595 3333.254594 -9999.0 -9999.0 -9999.0 -9999.0 -9999.0 -9999.0 -9999.0 -9999.0 -9999.0 -9999.0 -9999.0 -9999.0 -9999.0 -9999.0 -9999.0 -9999.0 -9999.0 -9999.0 -9999.0
-9999.0 -9999.0 -9999.0 -9999.0 -9999.0 -9999.0 -9999.0 -9999.0 -9999.0 -9999.0 -9999.0 -9999.0 -9999.0 -9999.0 3235.444037 3226.530143 3223.380688 3230.326623 3262.430348 3292.373952 3303.897386 3296.178502 3295.684652 3270.592484 3247.321287 3259.446509 3288.311930 3318.197817 3350.985430 3367.765588 3356.344989 3353.351228 3359.850364 3378.871500 3386.440199 3382.560817 3364.804794 3388.895670 3401.826196 3405.922227 3403.719264 3393.718259 3402.241473 3416.101941 3409.020491 3393.903697 3405.090550 3420.288810 3431.206963 3423.458477 3365.960824 3354.531438 3351.914716 3348.486748 3336.022057 3332.724821 3361.615929 3361.733072 3355.049009 3338.353943 3305.492023 3260.581443 3242.157209 3283.305348 3327.440352 3384.149651 -9999.0 -9999.0 -9999.0 -9999.0 -9999.0 -9999.0 -9999.0 -9999.0 -9999.0 -9999.0 -9999.0 -9999.0 -9999.0 -9999.0
-9999.0 -9999.0 -9999.0 -9999.0 -9999.0 -9999.0 -9999.0 -9999.0 -9999.0 3178.466169 3184.176222 3190.814825 3192.923114 3207.670129 3204.117378 3210.613992 3214.088372 3240.776399 3269.648355 3302.531534 3328.923398 3319.161668 3317.303906 3320.504874 3314.142585 3321.235024 3340.940344 3376.949615 3407.407770 3441.993231 3407.976816 3402.652937 3419.741714 3460.470683 3482.870572 3484.380403 3465.576869 3482.377258 3505.615635 3520.874209 3517.115186 3510.883217 3536.763990 3551.971462 3545.581213 3524.043688 3523.253324 3531.145892 3560.666575 3510.334945 3444.889723 3407.459640 3424.159817 3403.821550 3378.805571 3368.594770 3369.990773 3391.117071 3380.078818 3346.870851 3314.299346 3303.193867 3287.059710 3308.833614 3332.767174 3379.772645 3420.123772 3450.345815 3450.160194 3433.180460 -9999.0 -9999.0 -9999.0 -9999.0 -9999.0 -9999.0 -9999.0 -9999.0 -9999.0 -9999.0
-9999.0 -9999.0 -9999.0 -9999.0 -9999.0 -9999.0 3100.170981 3110.441978 3130.840304 3133.081303 3159.111453 3163.829308 3181.984334 3198.520376 3219.635928 3231.655380 3255.748512 3284.772029 3319.824221 3356.461452 3383.122488 3370.679819 3375.391272 3393.821166 3419.496575 3437.483679 3459.477161 3496.657059 3568.360029 3604.225746 3596.096987 3596.583330 3604.636709 3654.866349 3718.677355 3729.358724 3708.693261 3695.693602 3719.412582 3756.885636 3754.733304 3753.498541 3766.740571 3777.620510 3804.441183 3793.452204 3757.619817 3752.589044 3759.646790 3736.730493 3667.672840 3610.958930 3592.973392 3546.593332 3463.732253 3421.814921 3446.588629 3475.262537 3454.400771 3405.701438 3374.191851 3369.620702 3359.424357 3353.464513 3366.812307 3390.546009 3415.123497 3429.558754 3418.183486 3397.764173 3376.440644 3348.598610 3351.507868 3376.639989 -9999.0 -9999.0 -9999.0 -9999.0 -9999.0 -9999.0
-9999.0 -9999.0 -9999.0 -9999.0 3051.090278 3063.582274 3048.244190 3073.850407 3105.108542 3137.934815 3164.565190 3195.223444 3217.398327 3243.108815 3275.119872 3295.850828 3326.692863 3355.243462 3401.433148 3461.623149 3505.031198 3517.588669 3525.493852 3575.955310 3631.794015 3678.429080 3696.941210 3722.722548 3768.640638 3825.055114 3847.160834 3849.803722 3866.712307 3910.261661 3966.855250 4002.057963 3984.354531 3975.268628 3985.517630 3999.955333 4022.100399 4022.161890 4023.285262 4027.504112 4035.270894 4033.434274 4006.686457 3973.194526 3960.222650 3950.047940 3911.648020 3839.413398 3809.493147 3780.491692 3737.505397 3683.297106 3636.782283 3638.679439 3584.289734 3529.565001 3480.452740 3473.390680 3453.930698 3438.779776 3422.241008 3435.257982 3447.852193 3433.360295 3403.891353 3375.002009 3362.428311 3345.231648 3334.220290 3365.649517 3383.740701 3413.339589 -9999.0 -9999.0 -9999.0 -9999.0
-9999.0 -9999.0 2992.849160 3037.635464 3093.994298 3099.241928 3091.475885 3093.244670 3118.456434 3166.453446 3227.404066 3262.966032 3290.387072 3319.601734 3369.092547 3429.729873 3488.593962 3530.472048 3588.072317 3657.096774 3715.908234 3742.431042 3751.046950 3786.579142 3841.339959 3910.754840 3938.895675 3965.456952 3997.414323 4034.101401 4025.367635 4035.951822 4048.506123 4061.595872 4076.866266 4084.158536 4079.225258 4074.607988 4056.006758 4050.773379 4057.246800 4065.379823 4064.297766 4049.576424 4045.601369 4060.647239 4066.958296 4064.823657 4061.896094 4066.721294 4061.930437 4013.195159 3996.258572 3980.931487 3969.051183 3922.733970 3855.842005 3823.702869 3802.094537 3760.960611 3687.622098 3650.692169 3611.772201 3577.606728 3540.721163 3528.246170 3496.493025 3464.895081 3426.677120 3386.364426 3367.658570 3353.777422 3353.736358 3354.666337 3372.662605 3388.530368 3404.584359 3412.701793 -9999.0 -9999.0
-9999.0 2883.417782 2953.949506 3074.160003 3150.704195 3185.991437 3192.777700 3194.242252 3218.168112 3249.410939 3334.414429 3382.381448 3464.504586 3501.479152 3541.405163 3630.965717 3725.186100 3768.510728 3807.490378 3871.396572 3937.334606 3984.521017 4010.898393 3988.951832 4028.681405 4058.853708 4067.122814 4074.250259 4074.391864 4065.865961 4059.430554 4066.075934 4063.071960 4043.801431 4027.641204 4025.855868 4022.432589 3999.037064 3971.448350 3955.889079 3957.193523 3982.255963 3969.057333 3947.643585 3943.212042 3964.933532 3986.447852 3975.705678 3962.532875 3979.137635 4013.847011 4038.944414 4039.844043 4058.447491 4079.579494 4050.421437 4029.264457 3985.224858 3968.248679 3942.781630 3885.759034 3830.967172 3782.879821 3734.567996 3682.492454 3633.996386 3586.705890 3539.801177 3486.994063 3454.565865 3430.643256 3388.376571 3376.092050 3383.002761 3378.366206 3377.092178 3383.905118 3390.553443 -9999.0 -9999.0
-9999.0 2786.350891 2924.466351 3100.162826 3241.126659 3279.799630 3339.027775 3392.867327 3405.449574 3349.099013 3449.413434 3665.828352 3788.009982 3805.512954 3881.104451 3976.379327 3958.300176 3989.720317 4013.005814 4039.186196 4060.225191 4074.662241 4072.971838 4067.841397 4051.308522 4043.293349 4042.401523 4040.277432 4022.823744 4003.818396 3986.978051 3983.775539 3965.743836 3916.063760 3882.775046 3865.219393 3846.064777 3832.712276 3805.561537 3779.550190 3762.968935 3773.208975 3771.575114 3758.191238 3753.776301 3771.827223 3802.702037 3800.856103 3812.787078 3832.417257 3867.855815 3906.089702 3925.362787 3954.501521 3990.151232 4038.268590 4046.923204 4069.384986 4072.281130 4061.987003 4015.325098 3963.717475 3934.306281 3878.928289 3819.416311 3757.770829 3708.962695 3664.396154 3609.349113 3575.579958 3536.683460 3483.433073 3441.065157 3433.997228 3400.976861 3388.243452 -9999.0 -9999.0 -9999.0 -9999.0
-9999.0 2690.521885 2861.156311 3097.163796 3389.570643 3459.000093 3659.577249 3773.060071 3811.337428 3878.529804 3757.622672 3965.134343 4018.343761 4013.450860 4029.571663 4032.827507 4047.152894 4046.488731 4041.409593 4030.379063 4020.770404 4016.182467 4015.130495 4007.213025 3994.578210 3979.948923 3968.029033 3956.567974 3919.868912 3887.891313 3848.544484 3836.031309 3791.280736 3699.527731 3660.959951 3622.386883 3561.534731 3564.235361 3572.041981 3548.304011 3528.754568 3500.466824 3530.229709 3541.139820 3545.374672 3540.670218 3550.119731 3578.802330 3626.628416 3660.859795 3699.567992 3747.371082 3777.750397 3816.807237 3856.473425 3908.713315 3939.875662 3968.745518 4017.699008 4054.717028 4077.454720 4063.360206 4044.868647 4000.102677 3939.885780 3890.585903 3861.634079 3811.192450 3767.750802 3724.368594 3678.079771 3625.511720 3564.249542 3512.162393 3478.587848 -9999.0 -9999.0 -9999.0 -9999.0 -9999.0
-9999.0 2466.257960 2730.258010 2983.192259 3254.195045 3595.338681 3767.167634 3860.791209 3923.946241 3907.034465 3930.534087 3936.807498 3973.902520 3981.188245 3959.794696 3945.916796 3928.254382 3927.165340 3940.232543 3912.877876 3882.609553 3869.257286 3870.163988 3859.475600 3835.624936 3820.767456 3811.514801 3793.051087 3750.095619 3700.043427 3616.202875 3581.773380 3503.313554 3465.435367 3429.582860 3383.159846 3339.242953 3345.303426 3370.366561 3361.666724 3341.249297 3324.513611 3353.986289 3374.885037 3388.101315 3371.765413 3378.264664 3412.391122 3458.466368 3498.476002 3541.861471 3589.390655 3630.944179 3669.796951 3690.420268 3729.475320 3771.407437 3812.841292 3882.826469 3961.158146 3997.074213 4031.690532 4060.556044 4082.462468 4039.588822 4013.325890 3989.617035 3966.178640 3920.019902 3874.673748 3834.133496 3769.576913 3710.058249 -9999.0 -9999.0 -9999.0 -9999.0 -9999.0 -9999.0 -9999.0
-9999.0 2354.382995 2546.968323 2737.722472 2968.254886 3195.675919 3417.243516 3507.272999 3577.399216 3649.340061 3703.522500 3741.299345 3767.059966 3788.609185 3766.032876 3719.989350 3687.783715 3692.780197 3683.806124 3662.975731 3635.507468 3622.788477 3620.219420 3615.637675 3594.693358 3584.723680 3578.214932 3560.516453 3535.629411 3483.420995 3412.892627 3340.432270 3287.678242 3269.279216 3247.626238 3221.666910 3195.936153 3209.761292 3222.711274 3223.157849 3217.122463 3217.678826 3246.721340 3266.631804 3276.048923 3265.193072 3283.200142 3305.953295 3342.362455 3381.122559 3425.211701 3474.691368 3522.520436 3542.073735 3543.634524 3554.523604 3581.582650 3624.356015 3700.232968 3785.957950 3863.515109 3908.925374 3959.641454 3999.611804 4027.757416 4052.595496 4075.017420 4068.098394 4042.138635 4008.788312 3950.071149 -9999.0 -9999.0 -9999.0 -9999.0 -9999.0 -9999.0 -9999.0 -9999.0 -9999.0
-9999.0 -9999.0 2321.446209 2473.192976 2568.952801 2731.918517 2845.343260 2949.419315 3047.092965 3188.237468 3310.427015 3403.762786 3450.002432 3465.563256 3451.814532 3423.743530 3406.819544 3406.443073 3394.775562 3388.839511 3375.032105 3370.130845 3358.465134 3351.469707 3348.128326 3348.219002 3346.648152 3339.277145 3323.544324 3283.298286 3247.868647 3204.803194 3159.897735 3139.504798 3122.592714 3106.811657 3111.995375 3107.710088 3113.753515 3117.179210 3127.314119 3141.812182 3161.202661 3183.915081 3193.521399 3203.666674 3214.235857 3235.438017 3264.848801 3304.415960 3355.142460 3409.345400 3444.613292 3450.842207 3432.224437 3426.529642 3433.887608 3461.915768 3524.187337 3592.589254 3681.991031 3747.282173 3814.025420 3869.905194 3896.549011 3932.931180 4003.162772 4051.190387 4093.657942 4071.255438 -9999.0 -9999.0 -9999.0 -9999.0 -9999.0 -9999.0 -9999.0 -9999.0 -9999.0 -9999.0
-9999.0 -9999.0 -9999.0 -9999.0 2333.910171 2481.085795 2579.315469 2660.882898 2797.962113 2888.929302 2990.520550 3076.881176 3145.669175 3171.411612 3172.853965 3190.391287 3189.795093 3180.528076 3169.746146 3175.277980 3180.929839 3175.252900 3158.910404 3153.557451 3158.688379 3168.029945 3167.756028 3156.647030 3140.514536 3128.839099 3118.378097 3089.963371 3059.889410 3034.499479 3024.461399 3023.189897 3024.650602 3017.747982 3026.880517 3036.548943 3052.940211 3068.272382 3091.811374 3121.566334 3136.276811 3150.762519 3158.958418 3176.905602 3205.017178 3256.026903 3317.196386 3373.194842 3406.669160 3406.581291 3377.339580 3355.057629 3341.922278 3358.598581 3387.190182 3437.126836 3525.749948 3587.494759 3632.294836 3670.644687 3706.875267 3772.025766 3866.676617 3947.989949 -9999.0 -9999.0 -9999.0 -9999.0 -9999.0 -9999.0 -9999.0 -9999.0 -9999.0 -9999.0 -9999.0 -9999.0
-9999.0 -9999.0 -9999.0 -9999.0 -9999.0 -9999.0 2312.716505 2419.954354 2488.194363 2645.537685 2795.018164 2858.645538 2941.604570 2977.686813 3008.903408 3039.656732 3040.520572 3020.254533 2998.408258 3020.886000 3041.083269 3035.117952 3002.998433 3005.527234 3013.972688 3023.264685 3022.461254 3018.655757 2996.518502 3016.248666 3023.612914 3003.728610 2981.077594 2972.474161 2962.826452 2974.283066 2975.608885 2962.061060 2961.492926 2989.067421 3010.608424 3023.622028 3044.595951 3077.773548 3110.153827 3125.643090 3126.125739 3130.212666 3166.074309 3233.632391 3304.113449 3358.706868 3389.304072 3393.606757 3362.293906 3317.023772 3290.348579 3288.531059 3311.982989 3350.343954 3410.955265 3446.477378 3456.542732 3456.492897 3467.846902 3567.498419 -9999.0 -9999.0 -9999.0 -9999.0 -9999.0 -9999.0 -9999.0 -9999.0 -9999.0 -9999.0 -9999.0 -9999.0 -9999.0 -9999.0
-9999.0 -9999.0 -9999.0 -9999.0 -9999.0 -9999.0 -9999.0 -9999.0 -9999.0 -9999.0 -9999.0 -9999.0 -9999.0 -9999.0 -9999.0 -9999.0 -9999.0 -9999.0 -9999.0 -9999.0 -9999.0 -9999.0 -9999.0 -9999.0 -9999.0 -9999.0 -9999.0 -9999.0 -9999.0 -9999.0 -9999.0 -9999.0 -9999.0 -9999.0 -9999.0 -9999.0 -9999.0 -9999.0 -9999.0 -9999.0 -9999.0 -9999.0 -9999.0 -9999.0 -9999.0 -9999.0 -9999.0 -9999.0 -9999.0 -9999.0 -9999.0 -9999.0 -9999.0 -9999.0 -9999.0 -9999.0 -9999.0 -9999.0 -9999.0 -9999.0 -9999.0 -9999.0 -9999.0 -9999.0 -9999.0 -9999.0 -9999.0 -9999.0 -9999.0 -9999.0 -9999.0 -9999.0 -9999.0 -9999.0 -9999.0 -9999.0 -9999.0 -9999.0 -9999.0 -9999.0
-9999.0 -9999.0 -9999.0 -9999.0 -9999.0 -9999.0 -9999.0 -9999.0 -9999.0 -9999.0 -9999.0 -9999.0 -9999.0 -9999.0 -9999.0 -9999.0 -9999.0 -9999.0 -9999.0 -9999.0 -9999.0 -9999.0 -9999.0 -9999.0 -9999.0 -9999.0 -9999.0 -9999.0 -9999.0 -9999.0 -9999.0 -9999.0 -9999.0 -9999.0 -9999.0 -9999.0 -9999.0 -9999.0 -9999.0 -9999.0 -9999.0 -9999.0 -9999.0 -9999.0 -9999.0 -9999.0 -9999.0 -9999.0 -9999.0 -9999.0 -9999.0 -9999.0 -9999.0 -9999.0 -9999.0 -9999.0 -9999.0 -9999.0 -9999.0 -9999.0 -9999.0 -9999.0 -9999.0 -9999.0 -9999.0 -9999.0 -9999.0 -9999.0 -9999.0 -9999.0 -9999.0 -9999.0 -9999.0 -9999.0 -9999.0 -9999.0 -9999.0 -9999.0 -9999.0 -9999.0