Borden_/Borden1m_014/output_maps/psiliqL0015N0035.asc
ncols         80
nrows         18
xllcorner     620200.000000
yllcorner     5168000.000000
cellsize      1.000000
NODATA_value  -9999.0
-9999.0 -9999.0 -9999.0 -9999.0 -9999.0 -9999.0 -9999.0 -9999.0 -9999.0 -9999.0 -9999.0 -9999.0 -9999.0 -9999.0 -9999.0 -9999.0 -9999.0 -9999.0 -9999.0 -9999.0 -9999.0 -9999.0 -9999.0 -9999.0 -9999.0 -9999.0 -9999.0 -9999.0 -9999.0 -9999.0 -9999.0 -9999.0 -9999.0 -9999.0 -9999.0 -9999.0 -9999.0 -9999.0 -9999.0 -9999.0 -9999.0 -9999.0 -9999.0 -9999.0 -9999.0 -9999.0 -9999.0 -9999.0 -9999.0 -9999.0 -9999.0 -9999.0 -9999.0 -9999.0 -9999.0 -9999.0 -9999.0 -9999.0 -9999.0 -9999.0 -9999.0 -9999.0 -9999.0 -9999.0 -9999.0 -9999.0 -9999.0 -9999.0 -9999.0 -9999.0 -9999.0 -9999.0 -9999.0 -9999.0 -9999.0 -9999.0 -9999.0 -9999.0 -9999.0 -9999.0
-9999.0 -9999.0 -9999.0 -9999.0 -9999.0 -9999.0 -9999.0 -9999.0 -9999.0 -9999.0 -9999.0 -9999.0 -9999.0 -9999.0 -9999.0 -9999.0 -9999.0 -9999.0 -9999.0 -9999.0 -9999.0 -9999.0 -9999.0 -9999.0 -9999.0 -9999.0 -9999.0 -9999.0 -9999.0 -9999.0 -9999.0 -9999.0 -9999.0 -9999.0 -9999.0 -9999.0 -9999.0 -9999.0 -9999.0 -9999.0 -9999.0 -9999.0 -9999.0 -9999.0 -9999.0 -9999.0 -9999.0 -9999.0 -9999.0 -9999.0 -9999.0 -9999.0 -9999.0 -9999.0 -9999.0 -9999.0 -9999.0 -9999.0 -9999.0 -9999.0 -9999.0 -9999.0 -9999.0 -9999.0 -9999.0 -9999.0 -9999.0 -9999.0 -9999.0 -9999.0 -9999.0 -9999.0 -9999.0 -9999.0 -9999.0 -9999.0 -9999.0 -9999.0 -9999.0 -9999.0
-9999.0 -9999.0 -9999.0 -9999.0 -9999.0 -9999.0 -9999.0 -9999.0 -9999.0 -9999.0 -9999.0 -9999.0 -9999.0 -9999.0 -9999.0 -9999.0 -9999.0 -9999.0 -9999.0 -9999.0 1149.804459 1152.700275 1131.500583 1098.883132 1072.187527 1075.789740 1111.766032 1154.610692 1194.848806 1206.218747 1189.752186 1193.757107 1190.488873 1190.126260 1193.428574 1201.311112 1206.734701 1218.842769 1228.361884 1229.165715 1224.319845 1220.321821 1221.524999 1224.622104 1229.702370 1217.624025 1230.417393 1244.089691 1247.418653 1240.349105 1211.341119 1193.889817 1182.799148 1165.127613 1187.715032 1197.557884 1218.518548 1221.017933 1217.807156 1189.609587 1158.753031 -9999.0 -9999.0 -9999.0 -9999.0 -9999.0 -9999.0 -9999.0 -9999.0 -9999.0 -9999.0 -9999.0 -9999.0 -9999.0 -9999.0 -9999.0 -9999.0 -9999.0 -9999.0 -9999.0
-9999.0 -9999.0 -9999.0 -9999.0 -9999.0 -9999.0 -9999.0 -9999.0 -9999.0 -9999.0 -9999.0 -9999.0 -9999.0 -9999.0 1056.187232 1047.501983 1045.918838 1055.516194 1090.215022 1121.384044 1133.789992 1127.312212 1128.607503 1106.328605 1087.051578 1102.576255 1134.122316 1167.612013 1204.056888 1225.872446 1216.235279 1215.515853 1226.362335 1252.341903 1265.828996 1264.088098 1245.676434 1270.379902 1287.413067 1297.272391 1298.329405 1291.175261 1304.495886 1320.155312 1312.821898 1294.877366 1299.103167 1309.544928 1319.571083 1303.974865 1238.377452 1217.210599 1210.469979 1201.551914 1185.287347 1177.025114 1200.667769 1198.857547 1188.964063 1169.526895 1135.556784 1090.513085 1070.826610 1108.322055 1150.808541 1206.917875 -9999.0 -9999.0 -9999.0 -9999.0 -9999.0 -9999.0 -9999.0 -9999.0 -9999.0 -9999.0 -9999.0 -9999.0 -9999.0 -9999.0
-9999.0 -9999.0 -9999.0 -9999.0 -9999.0 -9999.0 -9999.0 -9999.0 -9999.0 995.098965 1000.547948 1008.990700 1012.657049 1029.548024 1028.089928 1036.509116 1044.813025 1073.353193 1105.797143 1142.183784 1172.108465 1164.655282 1166.704305 1178.026698 1182.551208 1196.174206 1219.968004 1262.616527 1304.125396 1346.710162 1319.674103 1318.896748 1339.357650 1387.034305 1420.125126 1427.584526 1410.466487 1421.154024 1448.077309 1472.026250 1473.827968 1473.008622 1498.702852 1512.720668 1512.694789 1491.418630 1477.849424 1476.453493 1499.410696 1445.764510 1377.249422 1325.477552 1327.817879 1296.158807 1256.852864 1235.012427 1230.157028 1248.418094 1231.517857 1192.508068 1154.578023 1141.797144 1122.721204 1138.380275 1158.941105 1203.561826 1240.849531 1267.799999 1265.866945 1247.358191 -9999.0 -9999.0 -9999.0 -9999.0 -9999.0 -9999.0 -9999.0 -9999.0 -9999.0 -9999.0
-9999.0 -9999.0 -9999.0 -9999.0 -9999.0 -9999.0 914.456226 924.884749 946.314223 951.935929 978.686434 987.395423 1009.499082 1030.314996 1053.627412 1071.729151 1103.389964 1138.057970 1180.585476 1225.437858 1259.482834 1256.238683 1268.582408 1300.296822 1340.238860 1370.541714 1397.860211 1440.410942 1518.564660 1562.354987 1570.398823 1576.327722 1586.868441 1635.829988 1699.667432 1714.657577 1695.564461 1682.621936 1704.797936 1743.204164 1751.392976 1754.424895 1765.716704 1775.326756 1800.478512 1789.689600 1748.193733 1732.092024 1728.152056 1709.498098 1646.596662 1582.179617 1547.121312 1495.869506 1411.174820 1354.861861 1359.912350 1376.109149 1344.748396 1288.403706 1245.206079 1232.213867 1214.916330 1199.655935 1203.935493 1220.980879 1241.070142 1250.183768 1235.247455 1212.477759 1188.291277 1158.406238 1159.409247 1184.009659 -9999.0 -9999.0 -9999.0 -9999.0 -9999.0 -9999.0
-9999.0 -9999.0 -9999.0 -9999.0 863.222261 876.905886 865.577351 891.963070 926.031094 961.740994 995.132322 1033.646429 1062.828506 1095.121072 1137.460748 1173.781088 1217.884986 1255.718778 1312.411999 1382.855171 1436.603156 1462.934580 1480.553214 1539.794404 1601.548807 1654.642220 1677.044749 1706.366063 1751.883136 1813.577328 1841.682582 1849.013700 1866.823969 1902.102483 1949.211610 1982.118299 1966.379719 1959.735169 1967.290308 1980.613017 2005.991187 2008.726383 2011.271457 2013.806472 2017.941120 2015.971388 1990.160177 1955.279934 1940.023343 1929.254181 1898.523742 1828.564368 1787.168193 1755.551931 1720.228603 1666.869412 1602.167667 1585.352128 1526.821903 1467.472526 1402.677157 1378.416938 1345.397003 1317.393803 1285.791609 1284.633232 1284.966174 1261.642743 1226.853344 1192.544588 1175.894483 1155.890648 1143.946079 1173.260898 1190.215335 1220.078248 -9999.0 -9999.0 -9999.0 -9999.0
-9999.0 -9999.0 802.558117 851.670928 909.569568 919.453221 921.079434 928.582310 958.930798 1013.067643 1090.180737 1142.363677 1186.789658 1223.223905 1285.376699 1366.819372 1441.655667 1492.572166 1553.898571 1624.968934 1688.630861 1724.188635 1743.613261 1783.406494 1837.268808 1899.069878 1926.390113 1953.535092 1985.646658 2020.368881 2031.970029 2046.244810 2054.840941 2057.796800 2063.510613 2065.127392 2060.628968 2055.319426 2037.436605 2034.385860 2042.305568 2048.548044 2050.495990 2037.295318 2033.222910 2046.284326 2049.348383 2047.434859 2046.221666 2052.656874 2055.368303 2015.591322 1977.839428 1961.448749 1950.382675 1904.987625 1839.517748 1796.697115 1772.586957 1728.489638 1649.476899 1596.627409 1544.716348 1494.509261 1439.966247 1406.245474 1356.426799 1310.689202 1261.222399 1212.794406 1187.591230 1168.397614 1165.013518 1164.066083 1179.510951 1194.209225 1209.045605 1216.557297 -9999.0 -9999.0
-9999.0 698.813288 771.521667 898.265234 979.323443 1025.069103 1057.852289 1082.454712 1113.422875 1142.106602 1248.671506 1339.017870 1432.218326 1471.764347 1524.135475 1622.743574 1718.600236 1765.546884 1804.322562 1860.713166 1921.323702 1969.609003 1999.329160 2010.485050 2044.706558 2058.470449 2061.908888 2065.654336 2062.401148 2055.080909 2046.670546 2052.951137 2049.075705 2029.629772 2012.962457 2009.080461 2002.689104 1977.690769 1948.939210 1934.177365 1936.854885 1960.116486 1948.611287 1928.181969 1924.442121 1945.477924 1964.628469 1955.876184 1944.602962 1962.879096 1997.875149 2020.360201 2030.618920 2047.250991 2067.875421 2041.949067 2013.101830 1970.703059 1950.385415 1920.062026 1860.186602 1797.564286 1741.631542 1679.717537 1611.679844 1542.125426 1476.597023 1412.259828 1343.362302 1300.271215 1267.800292 1216.921032 1195.398472 1196.422550 1186.833209 1183.151085 1188.476879 1194.445949 -9999.0 -9999.0
-9999.0 617.841958 760.441280 945.329395 1094.643281 1154.445152 1256.703774 1337.248976 1367.649820 1341.296719 1450.999885 1670.734406 1774.310191 1793.114594 1865.378010 1953.498276 1972.916119 2005.724381 2028.260633 2038.916415 2047.864066 2058.500050 2057.817487 2052.959313 2038.852291 2031.174884 2029.642647 2026.124658 2007.574010 1987.380513 1968.889050 1963.816936 1944.470147 1899.227942 1864.933483 1846.355329 1828.828560 1808.225393 1775.204489 1748.466633 1733.822018 1749.564748 1743.001031 1726.505204 1722.789051 1744.765743 1777.065502 1773.417387 1782.110480 1804.708187 1845.195265 1885.770794 1909.296574 1940.307257 1978.014952 2022.954285 2038.683985 2060.351558 2064.468037 2045.020277 1999.670895 1945.943260 1909.462703 1844.438730 1769.406115 1688.650856 1621.170626 1556.156868 1485.061945 1437.703253 1390.520141 1333.416864 1279.637298 1256.650684 1216.653305 1196.389581 -9999.0 -9999.0 -9999.0 -9999.0
-9999.0 538.131661 726.106009 984.195971 1261.431992 1372.607189 1576.535319 1705.115090 1763.753284 1832.468283 1809.854945 1958.983991 1999.513203 1996.386955 1996.365235 2001.236735 2017.530722 2021.601112 2018.543433 2008.913346 2000.143436 1996.359038 1995.222679 1987.858440 1975.399261 1959.945149 1945.792206 1931.470661 1891.979760 1857.319825 1820.272413 1804.444512 1764.446495 1672.244218 1628.279663 1591.294286 1534.029153 1527.432476 1521.354163 1493.172563 1473.691407 1453.264518 1475.229070 1479.724004 1482.261811 1485.790221 1502.850465 1526.975652 1571.918357 1609.098907 1654.317680 1707.566829 1743.095422 1787.415939 1834.696707 1891.716861 1925.473043 1957.464119 2005.489536 2044.608897 2067.230021 2054.796393 2025.530640 1976.423298 1902.184603 1831.395588 1777.181091 1699.895590 1632.856883 1579.615630 1535.145694 1486.516138 1423.505737 1345.179263 1303.251426 -9999.0 -9999.0 -9999.0 -9999.0 -9999.0
-9999.0 357.210313 624.761615 912.238941 1225.566314 1553.612433 1687.482438 1815.500261 1887.971533 1855.298596 1862.883646 1885.045222 1928.257507 1937.873875 1919.496952 1911.507922 1900.667902 1900.978601 1913.834559 1887.360559 1857.488649 1843.850303 1843.173969 1831.251153 1807.780301 1790.359937 1777.290648 1755.784059 1706.726534 1654.603104 1572.426970 1541.615831 1465.404773 1408.426204 1363.027569 1312.730087 1261.605304 1259.944832 1276.818512 1261.908488 1239.583934 1221.212157 1247.881653 1265.753254 1278.155330 1267.086654 1276.577603 1312.993744 1363.196870 1408.314547 1459.573418 1515.385927 1562.713234 1611.376969 1644.719379 1696.351968 1744.929259 1792.543067 1866.993674 1946.176986 1983.282720 2017.410973 2048.391084 2060.777307 2004.937821 1949.749855 1891.046752 1822.233683 1735.853213 1688.961630 1666.198492 1629.799480 1577.001668 -9999.0 -9999.0 -9999.0 -9999.0 -9999.0 -9999.0 -9999.0
-9999.0 231.178252 449.413212 678.237609 962.319731 1200.220655 1395.633587 1504.295518 1583.827691 1619.231176 1654.597616 1690.398281 1722.803726 1746.730586 1726.122042 1687.476554 1659.216509 1663.306921 1658.851794 1634.604838 1604.611412 1589.327732 1586.598936 1579.393236 1554.798551 1539.894278 1528.434828 1504.930999 1470.193703 1413.429911 1333.071857 1260.215021 1198.763038 1166.188140 1135.866855 1102.700244 1066.679743 1076.496594 1088.926526 1085.224224 1074.573390 1071.593296 1100.802146 1119.907197 1130.191073 1118.790830 1138.261096 1165.394554 1207.619828 1251.488347 1301.659940 1358.032670 1413.048028 1443.838163 1459.415216 1486.782340 1527.668439 1582.768754 1669.628351 1764.265205 1841.620490 1890.132075 1939.702212 1970.962403 1980.344742 1986.005006 1953.141389 1863.301787 1743.168577 1736.959019 1738.388703 -9999.0 -9999.0 -9999.0 -9999.0 -9999.0 -9999.0 -9999.0 -9999.0 -9999.0
-9999.0 -9999.0 216.146628 393.685452 532.138052 712.378148 863.198383 973.730125 1062.375041 1174.595422 1279.147989 1363.360729 1408.599911 1426.837966 1412.615707 1378.717362 1356.769805 1356.444880 1345.989174 1334.477238 1313.597952 1305.099623 1293.857745 1285.356052 1274.730690 1268.573773 1262.554169 1250.336209 1227.301138 1179.638592 1129.987074 1078.063663 1024.275856 998.266748 975.864928 953.844837 951.949898 948.041385 953.646908 955.024097 961.673320 974.154937 994.356492 1016.343486 1026.185744 1034.979015 1047.729298 1071.786369 1105.359235 1148.132745 1202.696411 1261.092596 1301.794352 1315.676956 1307.447759 1314.100117 1336.277602 1380.801966 1463.842356 1549.054893 1644.008437 1714.584460 1784.374289 1833.951845 1846.560173 1856.542511 1862.511399 1791.050010 1536.971749 1668.623087 -9999.0 -9999.0 -9999.0 -9999.0 -9999.0 -9999.0 -9999.0 -9999.0 -9999.0 -9999.0
-9999.0 -9999.0 -9999.0 -9999.0 252.416662 407.751719 504.866292 588.717873 716.958193 835.809585 935.049651 1017.547645 1078.497363 1104.774267 1099.532542 1103.000605 1097.647412 1091.694395 1081.919583 1079.856757 1077.645677 1069.823888 1055.813343 1048.116537 1048.389246 1052.615344 1049.613695 1035.439927 1017.313050 993.453214 971.971061 937.004117 900.484869 870.911802 857.408879 851.225994 850.845667 844.027776 852.773733 859.875237 874.989330 890.244022 914.063822 942.979890 956.613230 971.396138 981.312497 1002.130772 1032.797611 1086.491400 1150.239374 1208.385360 1244.607504 1249.649151 1225.599275 1211.024615 1208.615440 1238.012966 1285.077076 1354.524403 1457.552707 1531.218995 1588.856045 1632.586313 1662.068533 1702.401603 1742.849389 1765.716337 -9999.0 -9999.0 -9999.0 -9999.0 -9999.0 -9999.0 -9999.0 -9999.0 -9999.0 -9999.0 -9999.0 -9999.0
-9999.0 -9999.0 -9999.0 -9999.0 -9999.0 -9999.0 209.385030 310.114795 392.112658 527.752108 655.048941 754.652262 833.891626 864.496402 889.161018 914.916495 912.470646 894.310896 875.632390 893.647872 906.340842 900.419825 870.770063 869.934168 874.225994 882.360971 880.006508 873.254944 847.816213 858.146149 857.938034 834.304986 807.902807 793.621125 781.572649 791.037710 791.228838 777.749472 778.630122 805.219602 825.339647 838.543836 860.506938 893.725068 926.044603 941.158715 942.594472 948.935541 989.492567 1060.011207 1131.753793 1187.243599 1219.907369 1228.394774 1201.526914 1161.979992 1142.174700 1150.224254 1186.251714 1240.526574 1317.928968 1368.281522 1395.594778 1410.218152 1428.852629 1517.128261 -9999.0 -9999.0 -9999.0 -9999.0 -9999.0 -9999.0 -9999.0 -9999.0 -9999.0 -9999.0 -9999.0 -9999.0 -9999.0 -9999.0
-9999.0 -9999.0 -9999.0 -9999.0 -9999.0 -9999.0 -9999.0 -9999.0 -9999.0 -9999.0 -9999.0 -9999.0 -9999.0 -9999.0 -9999.0 -9999.0 -9999.0 -9999.0 -9999.0 -9999.0 -9999.0 -9999.0 -9999.0 -9999.0 -9999.0 -9999.0 -9999.0 -9999.0 -9999.0 -9999.0 -9999.0 -9999.0 -9999.0 -9999.0 -9999.0 -9999.0 -9999.0 -9999.0 -9999.0 -9999.0 -9999.0 -9999.0 -9999.0 -9999.0 -9999.0 -9999.0 -9999.0 -9999.0 -9999.0 -9999.0 -9999.0 -9999.0 -9999.0 -9999.0 -9999.0 -9999.0 -9999.0 -9999.0 -9999.0 -9999.0 -9999.0 -9999.0 -9999.0 -9999.0 -9999.0 -9999.0 -9999.0 -9999.0 -9999.0 -9999.0 -9999.0 -9999.0 -9999.0 -9999.0 -9999.0 -9999.0 -9999.0 -9999.0 -9999.0 -9999.0
-9999.0 -9999.0 -9999.0 -9999.0 -9999.0 -9999.0 -9999.0 -9999.0 -9999.0 -9999.0 -9999.0 -9999.0 -9999.0 -9999.0 -9999.0 -9999.0 -9999.0 -9999.0 -9999.0 -9999.0 -9999.0 -9999.0 -9999.0 -9999.0 -9999.0 -9999.0 -9999.0 -9999.0 -9999.0 -9999.0 -9999.0 -9999.0 -9999.0 -9999.0 -9999.0 -9999.0 -9999.0 -9999.0 -9999.0 -9999.0 -9999.0 -9999.0 -9999.0 -9999.0 -9999.0 -9999.0 -9999.0 -9999.0 -9999.0 -9999.0 -9999.0 -9999.0 -9999.0 -9999.0 -9999.0 -9999.0 -9999.0 -9999.0 -9999.0 -9999.0 -9999.0 -9999.0 -9999.0 -9999.0 -9999.0 -9999.0 -9999.0 -9999.0 -9999.0 -9999.0 -9999.0 -9999.0 -9999.0 -9999.0 -9999.0 -9999.0 -9999.0 -9999.0 -9999.0 -9999.0