Borden_/Borden1m_014/output_maps/psiliqL0005N0008.asc
ncols         80
nrows         18
xllcorner     620200.000000
yllcorner     5168000.000000
cellsize      1.000000
NODATA_value  -9999.0
-9999.0 -9999.0 -9999.0 -9999.0 -9999.0 -9999.0 -9999.0 -9999.0 -9999.0 -9999.0 -9999.0 -9999.0 -9999.0 -9999.0 -9999.0 -9999.0 -9999.0 -9999.0 -9999.0 -9999.0 -9999.0 -9999.0 -9999.0 -9999.0 -9999.0 -9999.0 -9999.0 -9999.0 -9999.0 -9999.0 -9999.0 -9999.0 -9999.0 -9999.0 -9999.0 -9999.0 -9999.0 -9999.0 -9999.0 -9999.0 -9999.0 -9999.0 -9999.0 -9999.0 -9999.0 -9999.0 -9999.0 -9999.0 -9999.0 -9999.0 -9999.0 -9999.0 -9999.0 -9999.0 -9999.0 -9999.0 -9999.0 -9999.0 -9999.0 -9999.0 -9999.0 -9999.0 -9999.0 -9999.0 -9999.0 -9999.0 -9999.0 -9999.0 -9999.0 -9999.0 -9999.0 -9999.0 -9999.0 -9999.0 -9999.0 -9999.0 -9999.0 -9999.0 -9999.0 -9999.0
-9999.0 -9999.0 -9999.0 -9999.0 -9999.0 -9999.0 -9999.0 -9999.0 -9999.0 -9999.0 -9999.0 -9999.0 -9999.0 -9999.0 -9999.0 -9999.0 -9999.0 -9999.0 -9999.0 -9999.0 -9999.0 -9999.0 -9999.0 -9999.0 -9999.0 -9999.0 -9999.0 -9999.0 -9999.0 -9999.0 -9999.0 -9999.0 -9999.0 -9999.0 -9999.0 -9999.0 -9999.0 -9999.0 -9999.0 -9999.0 -9999.0 -9999.0 -9999.0 -9999.0 -9999.0 -9999.0 -9999.0 -9999.0 -9999.0 -9999.0 -9999.0 -9999.0 -9999.0 -9999.0 -9999.0 -9999.0 -9999.0 -9999.0 -9999.0 -9999.0 -9999.0 -9999.0 -9999.0 -9999.0 -9999.0 -9999.0 -9999.0 -9999.0 -9999.0 -9999.0 -9999.0 -9999.0 -9999.0 -9999.0 -9999.0 -9999.0 -9999.0 -9999.0 -9999.0 -9999.0
-9999.0 -9999.0 -9999.0 -9999.0 -9999.0 -9999.0 -9999.0 -9999.0 -9999.0 -9999.0 -9999.0 -9999.0 -9999.0 -9999.0 -9999.0 -9999.0 -9999.0 -9999.0 -9999.0 -9999.0 -773.980237 -770.858658 -793.899621 -827.990695 -856.585586 -855.245619 -820.985952 -781.019907 -744.522432 -734.354689 -752.517752 -751.867764 -757.485050 -757.556180 -754.651345 -749.295472 -747.364823 -736.022449 -727.773635 -728.032130 -734.150328 -740.023947 -741.986193 -738.405212 -733.640538 -741.417442 -728.272593 -713.072232 -706.219403 -710.876679 -737.335372 -752.618429 -759.878128 -773.279209 -748.598419 -735.378387 -712.024727 -707.161419 -707.640403 -733.988368 -763.497838 -9999.0 -9999.0 -9999.0 -9999.0 -9999.0 -9999.0 -9999.0 -9999.0 -9999.0 -9999.0 -9999.0 -9999.0 -9999.0 -9999.0 -9999.0 -9999.0 -9999.0 -9999.0 -9999.0
-9999.0 -9999.0 -9999.0 -9999.0 -9999.0 -9999.0 -9999.0 -9999.0 -9999.0 -9999.0 -9999.0 -9999.0 -9999.0 -9999.0 -862.282877 -872.929006 -876.460690 -868.424123 -835.359871 -806.248465 -793.812870 -801.809935 -802.375901 -826.170576 -846.447567 -833.058714 -805.007825 -774.983217 -742.361805 -722.708002 -736.037345 -739.304545 -729.150506 -701.834821 -687.456713 -690.487587 -711.930584 -690.242988 -674.515214 -665.154788 -666.361834 -674.976781 -660.386940 -644.463060 -650.988748 -668.087545 -665.262879 -653.947616 -638.877559 -653.182371 -716.143582 -736.570200 -738.303625 -743.803333 -755.731535 -761.625643 -736.756242 -734.796412 -742.192714 -759.160441 -790.239298 -833.368135 -850.339508 -811.896043 -767.077266 -708.740317 -9999.0 -9999.0 -9999.0 -9999.0 -9999.0 -9999.0 -9999.0 -9999.0 -9999.0 -9999.0 -9999.0 -9999.0 -9999.0 -9999.0
-9999.0 -9999.0 -9999.0 -9999.0 -9999.0 -9999.0 -9999.0 -9999.0 -9999.0 -917.415477 -914.526124 -907.962270 -906.882557 -891.855859 -893.766930 -887.495630 -879.830330 -855.037377 -825.041632 -791.073350 -763.117251 -774.013437 -774.462269 -762.450656 -755.222684 -743.143527 -724.077109 -685.681587 -645.412344 -605.771691 -633.947968 -636.415353 -618.327780 -569.765653 -530.692675 -520.686640 -539.501634 -538.426575 -513.607442 -487.963224 -488.973986 -490.935689 -467.517568 -454.458714 -446.021354 -464.185509 -483.743965 -487.079190 -461.752872 -511.149209 -572.581208 -625.543252 -623.992266 -653.608141 -693.781943 -715.734068 -718.026566 -694.858892 -708.926934 -744.918563 -780.171167 -788.133987 -803.521605 -787.099517 -763.807213 -716.201620 -677.466330 -648.248954 -646.970784 -663.584889 -9999.0 -9999.0 -9999.0 -9999.0 -9999.0 -9999.0 -9999.0 -9999.0 -9999.0 -9999.0
-9999.0 -9999.0 -9999.0 -9999.0 -9999.0 -9999.0 -994.876059 -986.790043 -967.868116 -962.406656 -939.227594 -932.181818 -912.426435 -893.817556 -874.652052 -858.379623 -828.291232 -797.296324 -757.199442 -714.592119 -683.843833 -688.717784 -679.968380 -646.981222 -604.395937 -572.552047 -550.825489 -515.221730 -440.064553 -393.182774 -375.921221 -369.308192 -356.082643 -262.292112 72.037031 116.398794 113.591166 109.439236 114.328996 123.501403 123.658534 122.851005 124.368992 125.747608 133.960978 132.713992 122.651823 119.866104 117.092404 83.607660 -220.285322 -358.340472 -408.601682 -456.680109 -532.755115 -590.593197 -593.153737 -577.407932 -606.037782 -656.233755 -696.893249 -706.074280 -719.148621 -732.463269 -726.483333 -706.221222 -681.646570 -669.206675 -680.265837 -699.535692 -721.801998 -749.749775 -747.583161 -721.716219 -9999.0 -9999.0 -9999.0 -9999.0 -9999.0 -9999.0
-9999.0 -9999.0 -9999.0 -9999.0 -1043.909447 -1032.115078 -1043.719157 -1021.360564 -990.396400 -958.444209 -926.761158 -890.309627 -864.468329 -836.230937 -795.599773 -758.065910 -716.338188 -684.200420 -632.171468 -566.268612 -516.215358 -489.962572 -476.938721 -414.970555 -335.090793 -219.601678 -95.885677 88.478677 118.973022 135.120093 140.702587 141.258794 146.122747 158.232256 184.369332 197.588645 193.683850 193.231638 193.939602 194.721644 201.117175 200.165038 200.198509 199.938730 200.124530 201.610023 197.527777 189.737640 186.924398 182.170260 163.164029 139.602533 129.999972 124.625542 116.726115 50.130119 -333.398492 -369.682139 -430.659555 -483.938581 -548.661175 -572.285469 -601.556651 -624.769680 -653.293255 -651.140002 -646.704583 -664.372710 -692.574359 -722.870948 -736.605123 -754.187680 -763.225073 -732.898442 -714.682952 -683.076110 -9999.0 -9999.0 -9999.0 -9999.0
-9999.0 -9999.0 -1100.861177 -1050.770589 -996.031123 -988.065118 -985.652857 -981.662518 -956.262567 -907.519158 -829.819306 -778.511694 -735.043114 -707.721473 -651.266643 -570.305970 -499.386873 -454.315995 -394.785089 -295.960485 53.640363 113.914296 118.895982 126.913410 140.429456 159.084716 170.842437 185.993113 193.419812 199.062976 214.597586 229.117587 231.812147 229.524174 227.827653 227.853912 226.384795 224.928183 209.734318 207.820712 213.854782 215.431556 218.913783 207.480046 204.561831 216.433640 219.180726 221.029588 223.968705 230.367958 238.536979 211.027316 191.072244 189.840272 189.921322 175.509359 144.005150 131.857827 127.617987 93.212027 -225.137532 -350.276243 -415.850867 -467.322540 -515.550927 -543.922735 -585.766752 -622.138373 -663.498674 -705.682304 -727.112865 -744.131176 -745.076600 -743.212628 -726.479340 -710.121632 -694.212179 -686.138914 -9999.0 -9999.0
-9999.0 -1197.385871 -1124.954057 -997.458659 -920.041992 -876.188400 -834.624093 -805.397194 -784.097661 -774.183374 -670.576592 -565.895393 -482.663737 -458.123342 -405.385002 -249.090470 74.462677 121.697478 132.029220 148.063073 177.366571 191.677637 197.108492 212.582024 233.521151 230.893373 227.136095 227.812903 219.386544 211.466680 201.554412 209.006319 207.751044 197.946130 194.232075 195.096243 195.607018 191.277637 186.010621 184.040400 185.691052 192.298623 189.301437 184.108023 183.060257 188.073580 191.905871 189.114260 184.873290 188.430855 196.184893 200.585005 209.674387 222.852995 241.543358 219.045219 198.697799 189.382519 186.817372 179.379978 153.463729 133.400481 100.628726 -158.940781 -334.152331 -421.796571 -477.108612 -526.464867 -583.332699 -617.023711 -644.463541 -693.897608 -715.716492 -712.590953 -720.874307 -722.468884 -715.085800 -708.330421 -9999.0 -9999.0
-9999.0 -1264.758106 -1121.225085 -935.655336 -791.621019 -732.558316 -616.687288 -536.384786 -513.840165 -536.154140 -434.767618 66.272560 130.228403 130.937273 148.651992 173.231113 194.770173 217.360952 231.645274 223.342240 219.308067 221.019810 216.041209 207.384185 198.542982 197.210605 198.378373 199.239514 195.697777 190.737051 186.328577 186.698375 182.066814 162.085226 147.045299 142.282013 140.421410 137.162000 129.739357 124.352101 121.120012 128.054163 125.082947 120.147603 118.676303 124.364796 133.275485 129.556857 130.075862 135.141634 147.649123 170.995829 178.186955 184.028247 190.842903 200.363145 210.279013 229.909236 234.692375 211.794339 195.660421 184.249768 178.105026 153.923978 129.222190 59.346842 -276.695923 -364.399245 -433.749706 -476.813885 -520.861505 -573.923392 -628.071347 -652.645400 -690.023270 -710.554592 -9999.0 -9999.0 -9999.0 -9999.0
-9999.0 -1324.257470 -1131.552669 -864.138672 -618.409949 -497.970104 -222.953778 106.319164 132.101688 150.315334 160.114792 218.015969 227.996057 212.834993 196.528090 193.782564 195.945356 196.236730 194.393140 192.447251 191.678975 191.807632 192.033058 190.885181 189.305127 187.083654 185.309902 184.170487 173.318008 152.322780 139.094449 135.204742 116.666155 -131.925494 -296.126790 -345.298284 -405.553036 -412.940734 -427.334624 -458.400947 -475.673111 -487.245751 -471.696776 -475.331428 -476.432009 -466.998444 -444.935005 -430.153258 -389.569856 -347.773303 -270.729404 62.815794 117.626091 130.828447 143.101591 164.600007 179.720404 186.604717 196.281648 211.554943 231.333452 224.673457 202.663357 194.225276 179.489827 164.663285 143.375897 123.086645 68.207985 -225.946977 -341.410894 -418.700830 -483.506593 -564.499174 -602.682414 -9999.0 -9999.0 -9999.0 -9999.0 -9999.0
-9999.0 -1467.138265 -1199.337462 -900.486736 -569.671478 -8.380385 93.165192 157.030189 195.663938 168.204625 170.912851 177.725565 187.965521 187.951029 181.665540 177.861260 162.557080 159.319304 163.251653 153.529447 145.031951 142.181553 143.358087 140.987291 135.696569 132.486433 130.569770 125.047218 74.549981 -228.102502 -373.287535 -395.517910 -467.685559 -533.410508 -575.659258 -618.800380 -666.872023 -668.243656 -653.535417 -669.731104 -690.680728 -708.794159 -684.926102 -671.239049 -661.519652 -670.727163 -663.066018 -631.554562 -587.582826 -550.536694 -507.174035 -458.803141 -416.018110 -356.630776 -298.945130 -89.964761 109.095006 130.403869 153.852825 184.203900 191.236777 199.745110 224.530006 242.478586 206.005970 193.189189 185.426648 177.984664 160.721450 138.710251 124.336215 58.533547 -304.658936 -9999.0 -9999.0 -9999.0 -9999.0 -9999.0 -9999.0 -9999.0
-9999.0 -1604.603420 -1366.207046 -1109.639683 -807.147626 -585.476423 -440.581616 -311.050533 6.002993 -26.524006 99.688114 115.642127 123.288446 129.089263 120.410474 78.516960 -166.557371 -178.938376 -184.202481 -261.906637 -321.317800 -344.824188 -344.792203 -354.320728 -387.326830 -405.708608 -417.406817 -440.902420 -477.697885 -527.590007 -603.330854 -663.458095 -720.661291 -755.055500 -783.966835 -815.983535 -854.930906 -844.189503 -829.017119 -834.011905 -847.012690 -852.240995 -823.132893 -805.634622 -796.032870 -810.002515 -792.640034 -766.808603 -726.893969 -688.445853 -645.158337 -596.855355 -550.474978 -524.744796 -511.732973 -484.924968 -444.466948 -382.760419 -209.537911 104.496990 145.314421 170.847834 185.084398 192.419041 195.893188 212.884674 216.112896 189.494688 167.531369 171.756884 171.654159 -9999.0 -9999.0 -9999.0 -9999.0 -9999.0 -9999.0 -9999.0 -9999.0 -9999.0
-9999.0 -9999.0 -1604.637929 -1407.470659 -1237.062002 -1051.009459 -907.292801 -810.582089 -748.354480 -675.267414 -597.753155 -533.162047 -497.754288 -483.244412 -502.548448 -543.678922 -570.159160 -569.425258 -577.135079 -591.036450 -614.758446 -623.059934 -630.570036 -637.023276 -650.128450 -657.180557 -661.640404 -671.261436 -692.150533 -736.475809 -788.666567 -839.385410 -892.864316 -917.029747 -938.563833 -961.380516 -965.782100 -966.610539 -959.378354 -958.418109 -953.932363 -942.864783 -922.196923 -901.599855 -892.667097 -886.703086 -874.559894 -851.652491 -819.505305 -780.534889 -730.916283 -678.771866 -644.240987 -635.000746 -645.920401 -641.675354 -622.209463 -582.734480 -503.798534 -417.705859 -290.506933 60.450571 129.059232 146.697581 156.289914 174.036104 185.452671 176.595868 112.921143 156.765682 -9999.0 -9999.0 -9999.0 -9999.0 -9999.0 -9999.0 -9999.0 -9999.0 -9999.0 -9999.0
-9999.0 -9999.0 -9999.0 -9999.0 -1550.176502 -1391.469294 -1299.363620 -1218.403947 -1103.850309 -1003.872149 -918.957850 -849.578553 -803.575356 -782.644237 -796.452051 -805.868742 -815.014616 -817.314377 -824.900840 -831.699955 -838.483907 -845.794521 -855.219721 -862.410294 -863.554020 -860.573206 -862.158912 -874.393971 -888.778594 -917.106318 -942.039743 -977.000115 -1014.001863 -1042.776728 -1055.581078 -1062.991250 -1062.560937 -1067.439504 -1057.689279 -1051.938318 -1037.445511 -1022.124665 -998.279503 -970.626597 -958.815639 -945.107609 -935.620669 -915.029530 -885.915773 -834.685619 -774.562214 -721.417993 -690.582720 -689.298636 -717.505594 -735.153996 -740.227636 -715.322514 -672.228190 -609.326282 -518.008008 -451.551813 -379.510008 -298.587282 -164.705223 98.173301 156.249035 170.177304 -9999.0 -9999.0 -9999.0 -9999.0 -9999.0 -9999.0 -9999.0 -9999.0 -9999.0 -9999.0 -9999.0 -9999.0
-9999.0 -9999.0 -9999.0 -9999.0 -9999.0 -9999.0 -1611.269165 -1518.802065 -1428.118618 -1314.537990 -1210.732790 -1125.061202 -1055.571872 -1034.334326 -1021.031615 -1000.969059 -1006.487792 -1022.304934 -1037.270854 -1021.931903 -1014.260488 -1018.428072 -1044.055417 -1045.834766 -1042.982003 -1033.386189 -1034.138473 -1039.921382 -1064.130499 -1057.605300 -1059.969423 -1082.595609 -1108.344154 -1122.847900 -1134.217943 -1124.249329 -1123.230141 -1135.213705 -1132.063434 -1106.616398 -1087.402513 -1073.982933 -1051.391674 -1018.640847 -987.185360 -973.564300 -972.931900 -966.897538 -925.363913 -856.341835 -788.319765 -737.578582 -709.377985 -704.046454 -734.388576 -777.097512 -800.879984 -797.036341 -766.404534 -718.148736 -648.634416 -606.468623 -579.709212 -559.957648 -534.500400 -441.360551 -9999.0 -9999.0 -9999.0 -9999.0 -9999.0 -9999.0 -9999.0 -9999.0 -9999.0 -9999.0 -9999.0 -9999.0 -9999.0 -9999.0
-9999.0 -9999.0 -9999.0 -9999.0 -9999.0 -9999.0 -9999.0 -9999.0 -9999.0 -9999.0 -9999.0 -9999.0 -9999.0 -9999.0 -9999.0 -9999.0 -9999.0 -9999.0 -9999.0 -9999.0 -9999.0 -9999.0 -9999.0 -9999.0 -9999.0 -9999.0 -9999.0 -9999.0 -9999.0 -9999.0 -9999.0 -9999.0 -9999.0 -9999.0 -9999.0 -9999.0 -9999.0 -9999.0 -9999.0 -9999.0 -9999.0 -9999.0 -9999.0 -9999.0 -9999.0 -9999.0 -9999.0 -9999.0 -9999.0 -9999.0 -9999.0 -9999.0 -9999.0 -9999.0 -9999.0 -9999.0 -9999.0 -9999.0 -9999.0 -9999.0 -9999.0 -9999.0 -9999.0 -9999.0 -9999.0 -9999.0 -9999.0 -9999.0 -9999.0 -9999.0 -9999.0 -9999.0 -9999.0 -9999.0 -9999.0 -9999.0 -9999.0 -9999.0 -9999.0 -9999.0
-9999.0 -9999.0 -9999.0 -9999.0 -9999.0 -9999.0 -9999.0 -9999.0 -9999.0 -9999.0 -9999.0 -9999.0 -9999.0 -9999.0 -9999.0 -9999.0 -9999.0 -9999.0 -9999.0 -9999.0 -9999.0 -9999.0 -9999.0 -9999.0 -9999.0 -9999.0 -9999.0 -9999.0 -9999.0 -9999.0 -9999.0 -9999.0 -9999.0 -9999.0 -9999.0 -9999.0 -9999.0 -9999.0 -9999.0 -9999.0 -9999.0 -9999.0 -9999.0 -9999.0 -9999.0 -9999.0 -9999.0 -9999.0 -9999.0 -9999.0 -9999.0 -9999.0 -9999.0 -9999.0 -9999.0 -9999.0 -9999.0 -9999.0 -9999.0 -9999.0 -9999.0 -9999.0 -9999.0 -9999.0 -9999.0 -9999.0 -9999.0 -9999.0 -9999.0 -9999.0 -9999.0 -9999.0 -9999.0 -9999.0 -9999.0 -9999.0 -9999.0 -9999.0 -9999.0 -9999.0