Borden_/Borden1m_014/output_maps/psiliqL0016N0024.asc
ncols         80
nrows         18
xllcorner     620200.000000
yllcorner     5168000.000000
cellsize      1.000000
NODATA_value  -9999.0
-9999.0 -9999.0 -9999.0 -9999.0 -9999.0 -9999.0 -9999.0 -9999.0 -9999.0 -9999.0 -9999.0 -9999.0 -9999.0 -9999.0 -9999.0 -9999.0 -9999.0 -9999.0 -9999.0 -9999.0 -9999.0 -9999.0 -9999.0 -9999.0 -9999.0 -9999.0 -9999.0 -9999.0 -9999.0 -9999.0 -9999.0 -9999.0 -9999.0 -9999.0 -9999.0 -9999.0 -9999.0 -9999.0 -9999.0 -9999.0 -9999.0 -9999.0 -9999.0 -9999.0 -9999.0 -9999.0 -9999.0 -9999.0 -9999.0 -9999.0 -9999.0 -9999.0 -9999.0 -9999.0 -9999.0 -9999.0 -9999.0 -9999.0 -9999.0 -9999.0 -9999.0 -9999.0 -9999.0 -9999.0 -9999.0 -9999.0 -9999.0 -9999.0 -9999.0 -9999.0 -9999.0 -9999.0 -9999.0 -9999.0 -9999.0 -9999.0 -9999.0 -9999.0 -9999.0 -9999.0
-9999.0 -9999.0 -9999.0 -9999.0 -9999.0 -9999.0 -9999.0 -9999.0 -9999.0 -9999.0 -9999.0 -9999.0 -9999.0 -9999.0 -9999.0 -9999.0 -9999.0 -9999.0 -9999.0 -9999.0 -9999.0 -9999.0 -9999.0 -9999.0 -9999.0 -9999.0 -9999.0 -9999.0 -9999.0 -9999.0 -9999.0 -9999.0 -9999.0 -9999.0 -9999.0 -9999.0 -9999.0 -9999.0 -9999.0 -9999.0 -9999.0 -9999.0 -9999.0 -9999.0 -9999.0 -9999.0 -9999.0 -9999.0 -9999.0 -9999.0 -9999.0 -9999.0 -9999.0 -9999.0 -9999.0 -9999.0 -9999.0 -9999.0 -9999.0 -9999.0 -9999.0 -9999.0 -9999.0 -9999.0 -9999.0 -9999.0 -9999.0 -9999.0 -9999.0 -9999.0 -9999.0 -9999.0 -9999.0 -9999.0 -9999.0 -9999.0 -9999.0 -9999.0 -9999.0 -9999.0
-9999.0 -9999.0 -9999.0 -9999.0 -9999.0 -9999.0 -9999.0 -9999.0 -9999.0 -9999.0 -9999.0 -9999.0 -9999.0 -9999.0 -9999.0 -9999.0 -9999.0 -9999.0 -9999.0 -9999.0 1349.436557 1352.263262 1331.204878 1298.677140 1272.064973 1275.707199 1311.583773 1354.404471 1394.756657 1406.097562 1389.768218 1394.050355 1390.812933 1390.010438 1392.843492 1400.456389 1405.635291 1417.020168 1425.762171 1425.817815 1420.432014 1416.192195 1417.482561 1420.475249 1425.723617 1413.489435 1426.668244 1440.742691 1444.468295 1438.161474 1410.031640 1393.293588 1382.458233 1364.831668 1387.613159 1397.471148 1418.453395 1420.949718 1417.706347 1389.587238 1358.795388 -9999.0 -9999.0 -9999.0 -9999.0 -9999.0 -9999.0 -9999.0 -9999.0 -9999.0 -9999.0 -9999.0 -9999.0 -9999.0 -9999.0 -9999.0 -9999.0 -9999.0 -9999.0 -9999.0
-9999.0 -9999.0 -9999.0 -9999.0 -9999.0 -9999.0 -9999.0 -9999.0 -9999.0 -9999.0 -9999.0 -9999.0 -9999.0 -9999.0 1255.625451 1247.036872 1245.493495 1255.062747 1289.722527 1320.907827 1333.253046 1326.823247 1328.205961 1305.983436 1286.644066 1302.095381 1333.580086 1366.935283 1403.372421 1425.206043 1415.958807 1415.468197 1426.119953 1451.387566 1464.061587 1461.804756 1442.953091 1466.940190 1482.826232 1491.490086 1491.814875 1484.229632 1497.105831 1512.701610 1505.489608 1487.836589 1492.809605 1503.926110 1514.440398 1500.101204 1435.860726 1415.903006 1409.434159 1400.758346 1384.639949 1376.710807 1400.657711 1398.763405 1388.923662 1369.583085 1335.667489 1290.708854 1271.033346 1308.684079 1351.125526 1407.111747 -9999.0 -9999.0 -9999.0 -9999.0 -9999.0 -9999.0 -9999.0 -9999.0 -9999.0 -9999.0 -9999.0 -9999.0 -9999.0 -9999.0
-9999.0 -9999.0 -9999.0 -9999.0 -9999.0 -9999.0 -9999.0 -9999.0 -9999.0 1194.577535 1200.104050 1208.482086 1212.154668 1229.015152 1227.480817 1235.901960 1243.993143 1272.630505 1304.989459 1341.207799 1370.902126 1363.475136 1365.541381 1376.610669 1380.573727 1393.825046 1417.343331 1459.578140 1500.543775 1543.158821 1516.380767 1515.881263 1536.350867 1583.196413 1614.880191 1621.421087 1603.313833 1613.452059 1638.755001 1660.822938 1661.405005 1659.866205 1685.689545 1700.105999 1699.642341 1678.241575 1665.998503 1665.887619 1690.185196 1637.695441 1570.573664 1520.667303 1524.020722 1492.872100 1454.630430 1433.829850 1429.458998 1447.691528 1430.951318 1392.167817 1354.605751 1341.882883 1322.886741 1338.854891 1359.483886 1404.108948 1441.620839 1468.729083 1466.823976 1448.370330 -9999.0 -9999.0 -9999.0 -9999.0 -9999.0 -9999.0 -9999.0 -9999.0 -9999.0 -9999.0
-9999.0 -9999.0 -9999.0 -9999.0 -9999.0 -9999.0 1114.203474 1124.682267 1146.085008 1151.417981 1178.177055 1186.640395 1208.579713 1229.253364 1252.614393 1270.399749 1301.636322 1336.160209 1378.350598 1422.603719 1456.016421 1452.132832 1464.422096 1495.845646 1535.262341 1564.672530 1591.410202 1633.511234 1711.966326 1756.320874 1764.207323 1770.674010 1781.695496 1831.071252 1895.061715 1909.679481 1888.965642 1874.376880 1895.090804 1932.111290 1938.464704 1940.889915 1952.719563 1962.740093 1988.129133 1977.201174 1936.262217 1921.683084 1919.596246 1901.485050 1838.906096 1775.405756 1741.028671 1688.944291 1604.088724 1549.443682 1556.397261 1573.305467 1542.226588 1486.060679 1443.730785 1431.378486 1414.445416 1399.658295 1404.453905 1421.850011 1442.148269 1451.558156 1436.758217 1414.025675 1390.019141 1360.039420 1360.874523 1385.253904 -9999.0 -9999.0 -9999.0 -9999.0 -9999.0 -9999.0
-9999.0 -9999.0 -9999.0 -9999.0 1063.078720 1076.774019 1065.197119 1091.637284 1125.568999 1161.126195 1194.009744 1231.945577 1260.713068 1292.787182 1334.575446 1369.678967 1412.749539 1450.340411 1506.876303 1576.661119 1629.251908 1654.366167 1671.987271 1732.331212 1795.246569 1848.473889 1870.596070 1899.653725 1945.844107 2007.918037 2036.559015 2044.265065 2062.601014 2099.182840 2147.635365 2181.274538 2164.265703 2155.877256 2162.076523 2174.310988 2198.684875 2200.899794 2203.382267 2206.229316 2210.753983 2208.757614 2182.964325 2148.563412 2133.714910 2123.672309 2092.703718 2022.764898 1982.041636 1949.869617 1913.453252 1860.346118 1797.479666 1781.759677 1722.242434 1662.120496 1598.658317 1575.935988 1543.692412 1516.206703 1485.528962 1485.347519 1486.550272 1463.830197 1429.248341 1395.036183 1378.317636 1358.051324 1345.645091 1374.644069 1391.263876 1420.791673 -9999.0 -9999.0 -9999.0 -9999.0
-9999.0 -9999.0 1002.360635 1051.214080 1109.173761 1118.879235 1119.892509 1127.048577 1157.088586 1210.850912 1286.611772 1337.233507 1380.236953 1416.647666 1478.459525 1558.182817 1631.499745 1682.723668 1745.711583 1817.936970 1881.496420 1916.222616 1935.246135 1976.254921 2031.662880 2094.935415 2122.514475 2149.839935 2182.599751 2218.074396 2228.420309 2242.813545 2252.099895 2256.418084 2263.342402 2265.555322 2260.197946 2253.600581 2234.073193 2229.570674 2236.554627 2242.478497 2243.996896 2230.791420 2226.862060 2240.224805 2243.945801 2242.615236 2241.831865 2248.882440 2251.433627 2211.127555 2175.159556 2158.490093 2146.705102 2101.364093 2036.064084 1994.055613 1969.377075 1924.655964 1846.247444 1794.646253 1742.882014 1692.893448 1639.100519 1606.928173 1558.467040 1513.846502 1465.037356 1416.640983 1391.140627 1371.493227 1367.465432 1365.815120 1380.801177 1395.080985 1409.626443 1416.988309 -9999.0 -9999.0
-9999.0 898.005317 970.593668 1096.973592 1177.915622 1223.109497 1253.909342 1276.524878 1306.957359 1336.144553 1440.753368 1526.863475 1619.014434 1659.516047 1712.543863 1811.514336 1907.686598 1955.855742 1996.507742 2055.188972 2117.116107 2165.964425 2195.896596 2204.841527 2240.277379 2255.845784 2259.770725 2263.864481 2261.125878 2253.855173 2245.688303 2251.983467 2248.170909 2229.027394 2212.717163 2209.032868 2202.279687 2175.947325 2145.269058 2128.791316 2130.253386 2153.020545 2140.890674 2120.521828 2116.978823 2138.441657 2158.744643 2150.984523 2140.460380 2159.779690 2195.386829 2218.523622 2228.185639 2245.144109 2265.865483 2239.864842 2211.985296 2169.383184 2148.694756 2118.582966 2059.344000 1997.586426 1941.960402 1880.621345 1813.642330 1745.397612 1680.754002 1617.521646 1549.438159 1506.036731 1472.806599 1421.039270 1398.660878 1398.717280 1388.483873 1384.272423 1389.126618 1394.902659 -9999.0 -9999.0
-9999.0 815.602042 957.895695 1142.228768 1291.173075 1349.575837 1448.553177 1526.613557 1555.272026 1526.640760 1635.865016 1855.506032 1961.752752 1981.964701 2056.394586 2147.076505 2164.239864 2198.214625 2222.174443 2235.427474 2246.273093 2257.713595 2257.186124 2252.503652 2238.223710 2230.338424 2228.555346 2224.943425 2206.448314 2186.221669 2167.501460 2162.053210 2142.108824 2096.601996 2062.837521 2044.486540 2026.331943 2004.600559 1970.039464 1941.355347 1924.947271 1939.326603 1933.126849 1916.996067 1913.581590 1935.938542 1969.088012 1967.182792 1977.896601 2001.467257 2042.175255 2082.899177 2106.657538 2138.159814 2176.291863 2221.880060 2237.426047 2259.510602 2263.662813 2245.251785 2200.088133 2146.562648 2111.112937 2047.619470 1974.721963 1896.190930 1831.005930 1768.041964 1697.121712 1648.501896 1599.157095 1539.317030 1483.564924 1459.344460 1418.385669 1397.824568 -9999.0 -9999.0 -9999.0 -9999.0
-9999.0 733.792637 920.988492 1177.365729 1456.378533 1564.532191 1769.990244 1898.087076 1955.074377 2024.216470 1992.812756 2147.714382 2190.247797 2188.176277 2191.051436 2197.225478 2214.510663 2219.273944 2217.152564 2208.448299 2200.425750 2196.958991 2195.744760 2188.003817 2174.952643 2158.847160 2143.963527 2129.387042 2090.025257 2055.454742 2017.648929 2001.119893 1959.826006 1867.441421 1824.333545 1787.140907 1728.612394 1721.184744 1714.379605 1684.540269 1663.694242 1641.676872 1664.209856 1669.566914 1672.661705 1676.099255 1693.704105 1720.014321 1766.999851 1805.232818 1850.546428 1903.950862 1940.239727 1985.155305 2032.244115 2089.120568 2123.464537 2156.027611 2204.988978 2244.603715 2268.059920 2256.258375 2228.923155 2181.382106 2109.729462 2043.221834 1994.060827 1921.634637 1856.671718 1801.833276 1752.722707 1697.724264 1629.443603 1548.152610 1504.984774 -9999.0 -9999.0 -9999.0 -9999.0 -9999.0
-9999.0 548.960177 816.188746 1101.699894 1411.686131 1742.322257 1881.572132 2007.527259 2079.766051 2049.096278 2058.216262 2078.532794 2121.663075 2131.850113 2114.185462 2106.878162 2096.517777 2097.740102 2111.709778 2086.353121 2057.423319 2044.158709 2043.357555 2030.818991 2006.203094 1987.878513 1974.210543 1952.059092 1902.896375 1850.802922 1768.013877 1735.599156 1657.662903 1602.170106 1558.000654 1508.133687 1457.080781 1455.153632 1471.648021 1456.215469 1433.290660 1414.580419 1441.349213 1459.637457 1472.394020 1461.332971 1471.287765 1508.333042 1558.947715 1604.102901 1654.934575 1710.887206 1759.018781 1808.144292 1841.101894 1892.182561 1941.582498 1990.139387 2065.219535 2145.280280 2183.871616 2219.532650 2251.953583 2267.219686 2214.990133 2165.800740 2114.838546 2055.157366 1974.968206 1926.375973 1896.497617 1848.109190 1789.335378 -9999.0 -9999.0 -9999.0 -9999.0 -9999.0 -9999.0 -9999.0
-9999.0 424.252835 640.149617 865.507589 1146.518271 1384.353572 1583.511620 1691.771442 1771.063737 1810.523469 1847.543297 1882.747023 1914.192754 1938.224412 1918.522680 1880.447063 1853.052419 1858.251534 1854.383745 1831.492506 1802.554760 1787.761762 1784.704030 1776.854809 1751.251802 1735.434340 1723.122764 1698.798381 1664.160433 1607.714961 1528.372041 1455.062082 1393.753064 1362.201068 1332.654342 1300.046640 1264.625159 1274.260694 1286.100685 1282.240078 1271.595895 1268.664411 1297.730761 1316.915092 1327.273418 1316.224310 1335.977628 1363.170250 1405.294452 1449.038774 1498.844292 1554.875298 1609.707620 1640.039877 1654.880237 1681.560259 1722.913830 1778.927582 1866.371800 1962.113866 2041.335772 2091.444187 2143.510854 2178.743014 2193.432085 2205.271671 2183.210080 2107.429254 2001.412374 1991.090857 1983.101429 -9999.0 -9999.0 -9999.0 -9999.0 -9999.0 -9999.0 -9999.0 -9999.0 -9999.0
-9999.0 -9999.0 407.617572 582.792268 717.405762 896.126060 1046.507208 1157.235612 1247.344444 1362.535003 1468.317895 1552.419468 1596.979037 1614.998247 1601.630711 1569.662461 1549.413967 1549.972879 1540.188714 1529.942560 1510.286179 1502.265687 1490.676718 1481.705974 1470.894916 1464.408650 1457.936159 1445.398541 1422.488267 1375.300076 1326.880722 1275.510395 1222.143216 1196.380748 1174.308940 1152.680157 1151.181534 1146.915580 1152.210566 1153.476193 1160.208636 1172.714974 1192.764070 1214.831023 1224.747565 1233.847192 1246.651051 1270.736123 1304.211423 1346.913419 1401.307449 1459.559705 1500.080061 1513.686172 1505.052475 1511.303563 1533.169256 1577.370920 1659.691525 1745.595968 1842.437567 1915.169674 1988.172676 2042.175911 2060.600626 2078.638808 2098.406115 2047.556211 1855.023844 1941.213236 -9999.0 -9999.0 -9999.0 -9999.0 -9999.0 -9999.0 -9999.0 -9999.0 -9999.0 -9999.0
-9999.0 -9999.0 -9999.0 -9999.0 441.831739 596.388045 693.606042 777.144058 905.998643 1025.978145 1125.577587 1208.074576 1269.453670 1295.788040 1291.646561 1297.160059 1292.966876 1287.273152 1277.867991 1276.882935 1275.639452 1268.040151 1253.608698 1245.744308 1245.946206 1250.076167 1246.769802 1232.376579 1214.029831 1191.013071 1170.340557 1135.753971 1099.582175 1070.167008 1056.789799 1050.872389 1050.465514 1043.430319 1052.001629 1059.153946 1074.241057 1089.405107 1113.146100 1142.130166 1155.915919 1170.785017 1180.705717 1201.453108 1232.101364 1285.745349 1349.428351 1407.552021 1443.809071 1448.782965 1424.798232 1410.176763 1407.608578 1436.768588 1483.197004 1552.233963 1655.567505 1730.983589 1791.213831 1838.462750 1873.162925 1922.379758 1979.853808 2017.601840 -9999.0 -9999.0 -9999.0 -9999.0 -9999.0 -9999.0 -9999.0 -9999.0 -9999.0 -9999.0 -9999.0 -9999.0
-9999.0 -9999.0 -9999.0 -9999.0 -9999.0 -9999.0 400.669927 501.946851 582.502543 719.793612 848.755173 948.911727 1028.443019 1059.675206 1085.564548 1112.225428 1110.535837 1092.563335 1073.893823 1092.539514 1106.034822 1100.092644 1070.068709 1069.259909 1073.559699 1081.386540 1078.753502 1071.875794 1046.393674 1057.302197 1057.550210 1034.038900 1007.768326 993.671621 981.678923 991.168123 991.307108 977.667879 978.266079 1004.902796 1025.044650 1038.161504 1060.000473 1093.214567 1125.580399 1140.813873 1142.286632 1148.567195 1188.849143 1259.273309 1331.064613 1386.632239 1419.354208 1427.843304 1401.124399 1361.691914 1342.020058 1350.035281 1385.894552 1439.898212 1517.273434 1568.474813 1597.057663 1613.385726 1634.655746 1727.492441 -9999.0 -9999.0 -9999.0 -9999.0 -9999.0 -9999.0 -9999.0 -9999.0 -9999.0 -9999.0 -9999.0 -9999.0 -9999.0 -9999.0
-9999.0 -9999.0 -9999.0 -9999.0 -9999.0 -9999.0 -9999.0 -9999.0 -9999.0 -9999.0 -9999.0 -9999.0 -9999.0 -9999.0 -9999.0 -9999.0 -9999.0 -9999.0 -9999.0 -9999.0 -9999.0 -9999.0 -9999.0 -9999.0 -9999.0 -9999.0 -9999.0 -9999.0 -9999.0 -9999.0 -9999.0 -9999.0 -9999.0 -9999.0 -9999.0 -9999.0 -9999.0 -9999.0 -9999.0 -9999.0 -9999.0 -9999.0 -9999.0 -9999.0 -9999.0 -9999.0 -9999.0 -9999.0 -9999.0 -9999.0 -9999.0 -9999.0 -9999.0 -9999.0 -9999.0 -9999.0 -9999.0 -9999.0 -9999.0 -9999.0 -9999.0 -9999.0 -9999.0 -9999.0 -9999.0 -9999.0 -9999.0 -9999.0 -9999.0 -9999.0 -9999.0 -9999.0 -9999.0 -9999.0 -9999.0 -9999.0 -9999.0 -9999.0 -9999.0 -9999.0
-9999.0 -9999.0 -9999.0 -9999.0 -9999.0 -9999.0 -9999.0 -9999.0 -9999.0 -9999.0 -9999.0 -9999.0 -9999.0 -9999.0 -9999.0 -9999.0 -9999.0 -9999.0 -9999.0 -9999.0 -9999.0 -9999.0 -9999.0 -9999.0 -9999.0 -9999.0 -9999.0 -9999.0 -9999.0 -9999.0 -9999.0 -9999.0 -9999.0 -9999.0 -9999.0 -9999.0 -9999.0 -9999.0 -9999.0 -9999.0 -9999.0 -9999.0 -9999.0 -9999.0 -9999.0 -9999.0 -9999.0 -9999.0 -9999.0 -9999.0 -9999.0 -9999.0 -9999.0 -9999.0 -9999.0 -9999.0 -9999.0 -9999.0 -9999.0 -9999.0 -9999.0 -9999.0 -9999.0 -9999.0 -9999.0 -9999.0 -9999.0 -9999.0 -9999.0 -9999.0 -9999.0 -9999.0 -9999.0 -9999.0 -9999.0 -9999.0 -9999.0 -9999.0 -9999.0 -9999.0