Borden_/Borden1m_014/output_maps/psiliqL0007N0032.asc
ncols         80
nrows         18
xllcorner     620200.000000
yllcorner     5168000.000000
cellsize      1.000000
NODATA_value  -9999.0
-9999.0 -9999.0 -9999.0 -9999.0 -9999.0 -9999.0 -9999.0 -9999.0 -9999.0 -9999.0 -9999.0 -9999.0 -9999.0 -9999.0 -9999.0 -9999.0 -9999.0 -9999.0 -9999.0 -9999.0 -9999.0 -9999.0 -9999.0 -9999.0 -9999.0 -9999.0 -9999.0 -9999.0 -9999.0 -9999.0 -9999.0 -9999.0 -9999.0 -9999.0 -9999.0 -9999.0 -9999.0 -9999.0 -9999.0 -9999.0 -9999.0 -9999.0 -9999.0 -9999.0 -9999.0 -9999.0 -9999.0 -9999.0 -9999.0 -9999.0 -9999.0 -9999.0 -9999.0 -9999.0 -9999.0 -9999.0 -9999.0 -9999.0 -9999.0 -9999.0 -9999.0 -9999.0 -9999.0 -9999.0 -9999.0 -9999.0 -9999.0 -9999.0 -9999.0 -9999.0 -9999.0 -9999.0 -9999.0 -9999.0 -9999.0 -9999.0 -9999.0 -9999.0 -9999.0 -9999.0
-9999.0 -9999.0 -9999.0 -9999.0 -9999.0 -9999.0 -9999.0 -9999.0 -9999.0 -9999.0 -9999.0 -9999.0 -9999.0 -9999.0 -9999.0 -9999.0 -9999.0 -9999.0 -9999.0 -9999.0 -9999.0 -9999.0 -9999.0 -9999.0 -9999.0 -9999.0 -9999.0 -9999.0 -9999.0 -9999.0 -9999.0 -9999.0 -9999.0 -9999.0 -9999.0 -9999.0 -9999.0 -9999.0 -9999.0 -9999.0 -9999.0 -9999.0 -9999.0 -9999.0 -9999.0 -9999.0 -9999.0 -9999.0 -9999.0 -9999.0 -9999.0 -9999.0 -9999.0 -9999.0 -9999.0 -9999.0 -9999.0 -9999.0 -9999.0 -9999.0 -9999.0 -9999.0 -9999.0 -9999.0 -9999.0 -9999.0 -9999.0 -9999.0 -9999.0 -9999.0 -9999.0 -9999.0 -9999.0 -9999.0 -9999.0 -9999.0 -9999.0 -9999.0 -9999.0 -9999.0
-9999.0 -9999.0 -9999.0 -9999.0 -9999.0 -9999.0 -9999.0 -9999.0 -9999.0 -9999.0 -9999.0 -9999.0 -9999.0 -9999.0 -9999.0 -9999.0 -9999.0 -9999.0 -9999.0 -9999.0 -471.187192 -468.107859 -491.112299 -525.373534 -554.073745 -552.439014 -517.538213 -476.603666 -438.884876 -428.258667 -446.492985 -445.265325 -450.480036 -450.357493 -447.101634 -441.128689 -438.643324 -426.826985 -418.072338 -418.141343 -424.315536 -430.160086 -431.567299 -427.805647 -422.824387 -431.617393 -418.074959 -402.478887 -395.853409 -401.337595 -429.383318 -445.607711 -453.730199 -468.055958 -443.359159 -430.455853 -407.087738 -402.538049 -403.525715 -430.578686 -460.649822 -9999.0 -9999.0 -9999.0 -9999.0 -9999.0 -9999.0 -9999.0 -9999.0 -9999.0 -9999.0 -9999.0 -9999.0 -9999.0 -9999.0 -9999.0 -9999.0 -9999.0 -9999.0 -9999.0
-9999.0 -9999.0 -9999.0 -9999.0 -9999.0 -9999.0 -9999.0 -9999.0 -9999.0 -9999.0 -9999.0 -9999.0 -9999.0 -9999.0 -560.960649 -571.449753 -574.816380 -566.560334 -532.977655 -503.241836 -490.622686 -498.469007 -498.791464 -522.626599 -543.007851 -529.065716 -499.958702 -468.641113 -434.237586 -413.141609 -426.170967 -428.882343 -417.624701 -388.204906 -371.917902 -374.211386 -396.446746 -373.171327 -355.568723 -344.485286 -344.892103 -353.508494 -336.997247 -319.074966 -326.024793 -345.486229 -343.416036 -331.788411 -316.287744 -334.085187 -402.685000 -425.542517 -428.907174 -435.741455 -449.069591 -455.649264 -430.656381 -429.308238 -437.361368 -455.104561 -487.071702 -530.951301 -548.462584 -509.720334 -464.802862 -406.197737 -9999.0 -9999.0 -9999.0 -9999.0 -9999.0 -9999.0 -9999.0 -9999.0 -9999.0 -9999.0 -9999.0 -9999.0 -9999.0 -9999.0
-9999.0 -9999.0 -9999.0 -9999.0 -9999.0 -9999.0 -9999.0 -9999.0 -9999.0 -616.937063 -613.740804 -607.013020 -605.700547 -590.430694 -592.358566 -585.820409 -578.100645 -552.503633 -521.708090 -486.750382 -457.851152 -468.227707 -468.056794 -455.341755 -447.410952 -433.693841 -412.113359 -369.331162 -322.080927 -274.941365 -303.351263 -304.199457 -281.066431 -221.441995 -170.854647 -155.802775 -180.219986 -176.428311 -141.775900 -105.489332 -99.912643 -99.292397 -67.406226 -50.380188 -43.444404 -67.421070 -96.449032 -102.342610 -73.939047 -141.231452 -225.096301 -290.886876 -294.925402 -331.597885 -377.874814 -402.743822 -406.468421 -384.042646 -399.992146 -438.160367 -474.917693 -483.980960 -500.215260 -483.746913 -460.601137 -412.889930 -373.810742 -344.533335 -343.837225 -361.066376 -9999.0 -9999.0 -9999.0 -9999.0 -9999.0 -9999.0 -9999.0 -9999.0 -9999.0 -9999.0
-9999.0 -9999.0 -9999.0 -9999.0 -9999.0 -9999.0 -694.915306 -686.590695 -667.403124 -662.068086 -638.412510 -631.298674 -611.254617 -592.309805 -572.367918 -555.606692 -524.724105 -492.304489 -450.136672 -404.303850 -369.757132 -372.666083 -360.442031 -320.452506 -268.500339 -227.627300 -195.942378 -142.170103 -40.927170 16.533754 36.494440 45.274129 56.209569 97.550605 158.365738 178.172966 155.556149 139.238547 159.365954 202.723337 242.837013 248.493183 256.751551 265.032824 290.237879 279.387485 209.206303 181.769982 172.669202 159.359052 107.485996 49.457995 -2.586855 -64.712211 -170.823075 -246.096702 -252.311059 -239.282502 -277.331542 -337.074049 -383.746219 -395.741490 -411.193029 -425.969546 -420.705133 -400.881229 -376.821555 -364.934328 -376.951510 -397.106458 -419.908276 -448.360822 -446.396241 -420.635348 -9999.0 -9999.0 -9999.0 -9999.0 -9999.0 -9999.0
-9999.0 -9999.0 -9999.0 -9999.0 -744.131071 -732.223377 -744.088306 -721.346141 -690.092254 -657.666936 -625.710638 -588.694678 -562.023997 -532.618005 -490.416874 -450.635293 -404.247420 -365.583913 -302.996619 -220.480306 -149.896108 -108.392932 -79.458690 -2.532998 64.061355 112.787492 131.603104 159.317377 209.591751 297.196018 328.055822 332.197582 341.955291 375.754232 418.856950 447.407379 435.122061 426.510495 433.411954 444.368420 472.138703 474.393532 476.202682 476.928921 479.231850 478.909792 453.893287 421.036407 407.998869 398.444840 368.509805 312.489725 243.088085 205.610253 175.600156 129.797684 64.554072 37.518560 -30.163577 -101.950705 -193.550536 -230.549776 -271.328645 -303.214043 -338.382164 -339.525077 -337.500468 -357.654195 -388.073557 -419.712675 -434.199334 -452.385925 -461.994966 -431.758621 -413.701844 -382.241836 -9999.0 -9999.0 -9999.0 -9999.0
-9999.0 -9999.0 -801.291405 -751.512887 -696.449216 -688.493736 -686.584664 -682.430588 -656.426681 -606.511134 -527.232128 -472.987107 -425.621456 -392.796562 -325.877708 -225.070225 -120.214834 -52.884543 17.958844 84.165757 143.286285 185.504281 232.569701 275.464757 316.872688 373.821659 397.475329 410.869479 448.019052 480.697399 504.351700 519.071983 524.748219 520.888861 522.302418 520.369342 518.475929 512.753581 496.654347 494.501174 502.512694 505.617240 509.027009 496.550860 492.618314 504.845306 505.867618 505.945478 507.484083 514.748432 523.393314 492.456058 439.969753 424.827041 409.959223 378.306409 316.227418 249.505795 221.125558 177.938669 99.833459 48.402137 -10.480605 -77.202296 -153.797792 -203.374831 -261.583177 -307.681492 -354.841274 -400.276264 -423.348478 -441.379156 -443.033625 -441.801777 -425.320751 -409.229709 -393.482144 -385.500693 -9999.0 -9999.0
-9999.0 -898.820536 -826.510049 -699.271708 -621.244527 -576.762412 -535.192459 -505.141746 -481.144305 -467.190855 -351.236108 -223.070631 -105.130393 -62.508403 3.503761 106.015199 224.942294 268.071640 294.319164 343.579746 396.106580 438.386463 467.207745 497.199362 523.213897 522.254992 521.745261 520.132854 514.178066 507.171500 497.131738 504.607761 502.150034 486.567503 473.253859 471.199530 465.259002 438.185949 412.279972 399.161297 403.494653 424.323383 414.212573 394.272964 390.544214 409.965477 423.354401 418.038513 407.670236 423.942444 457.113545 478.086194 493.816657 508.099750 527.715782 505.613050 473.059122 432.776841 415.246734 385.341612 307.658470 243.017797 188.191063 123.576462 59.472693 -16.410825 -96.963091 -177.817635 -257.483333 -301.732329 -335.133441 -388.496956 -412.150924 -410.274100 -419.243591 -421.367822 -414.378720 -407.762026 -9999.0 -9999.0
-9999.0 -968.368945 -825.208389 -639.676836 -493.327365 -428.890519 -299.534946 -199.928268 -160.487532 -185.314995 -40.148053 211.203305 292.680255 301.231812 361.171839 434.846143 475.504402 501.720109 517.963553 513.317365 511.196577 515.016800 511.809557 504.888412 491.177809 483.567314 482.997109 479.680315 460.314894 441.002545 421.978117 421.364484 403.349028 369.857169 339.071145 323.453981 300.495146 261.931167 222.700237 194.811506 181.470911 200.493549 190.478150 171.987177 168.271801 192.128468 225.096820 219.844936 225.616705 248.775898 293.187942 351.247159 375.364497 403.218259 437.934290 479.534337 498.351805 517.816975 523.763645 499.399549 455.108711 408.866880 375.295495 293.991549 218.209138 137.548380 78.075752 23.126787 -51.792865 -112.807512 -179.570435 -251.647919 -317.044519 -347.873245 -387.825014 -409.051064 -9999.0 -9999.0 -9999.0 -9999.0
-9999.0 -1031.080390 -839.409622 -572.635982 -312.874546 -151.582544 56.620659 195.942071 296.404093 322.361206 382.377484 482.569306 501.883069 489.683566 470.123023 469.194183 481.324486 484.388774 480.309602 469.985988 458.937315 453.904147 449.788706 444.607495 432.821210 418.084708 405.839904 390.938294 332.535780 295.746517 264.779164 249.263488 213.721708 126.790826 87.688274 59.309657 2.450889 -13.381481 -30.472821 -66.339413 -90.356577 -108.345174 -87.601379 -89.069852 -88.855240 -77.460342 -51.222902 -28.846304 18.560469 56.027292 97.474506 150.802052 185.950890 230.760587 282.413571 357.340781 389.598676 418.136027 461.287531 500.572878 521.896299 513.903784 484.229095 442.889701 375.788254 287.849608 233.813594 160.469710 98.965734 53.270709 15.310304 -40.538793 -126.975140 -250.210415 -297.674934 -9999.0 -9999.0 -9999.0 -9999.0 -9999.0
-9999.0 -1179.942867 -912.519842 -614.374122 -269.469170 64.077570 173.489756 365.088228 439.522991 371.847515 328.280664 371.786068 410.868741 414.124799 391.956237 383.503672 376.535078 376.288861 388.073693 357.434071 309.544909 292.186013 289.929491 278.047019 255.249778 236.505084 222.067864 200.128145 146.771467 99.799770 31.563608 2.454768 -82.612832 -172.167587 -232.044840 -287.359119 -344.709311 -348.536306 -333.929443 -352.733061 -376.393713 -396.051543 -370.050336 -354.747063 -343.810390 -353.106919 -343.078120 -306.107861 -252.204528 -200.588976 -134.231069 -60.536953 -3.830554 53.362787 87.101138 141.245141 189.091874 237.559540 313.010327 406.584550 440.441307 474.513085 510.354164 526.417101 481.226436 431.766019 376.316225 289.226697 191.000978 145.901344 127.182872 100.907245 53.338269 -9999.0 -9999.0 -9999.0 -9999.0 -9999.0 -9999.0 -9999.0
-9999.0 -1315.556374 -1080.654759 -829.031802 -526.303344 -280.064894 -72.654267 55.252561 164.602882 122.210203 120.722397 148.913876 180.080235 201.546795 178.177554 142.874503 118.044322 121.549644 121.228933 97.524447 68.170583 54.471968 53.187567 45.062861 15.793471 -4.716340 -19.587247 -47.994231 -96.147305 -170.154952 -269.649647 -342.947009 -409.157683 -447.625323 -479.016181 -512.850108 -552.723107 -542.059730 -527.043936 -532.025048 -544.951118 -549.935433 -520.280102 -502.188404 -492.293107 -506.023102 -487.920167 -460.995223 -418.869408 -376.649939 -327.229049 -268.971991 -208.226268 -167.385531 -141.413271 -96.370848 -39.194375 29.751531 113.187618 211.089301 287.113237 353.060046 405.030602 437.251255 451.297138 468.720777 453.764195 376.249023 211.754377 185.616728 184.038903 -9999.0 -9999.0 -9999.0 -9999.0 -9999.0 -9999.0 -9999.0 -9999.0 -9999.0
-9999.0 -9999.0 -1318.203987 -1124.580285 -959.847304 -773.340687 -626.073630 -520.805203 -447.556237 -361.112961 -270.302370 -186.515408 -135.790886 -115.103035 -139.181920 -192.413860 -225.165820 -225.581785 -236.078098 -253.323826 -281.807093 -292.918627 -302.961735 -311.720704 -327.529068 -336.637176 -343.068519 -355.655550 -380.603671 -429.798283 -484.762770 -537.549086 -592.498924 -617.439630 -639.344801 -662.192628 -666.114455 -667.287107 -660.115539 -659.002795 -654.086026 -642.665267 -621.847525 -600.821643 -591.675423 -585.258547 -572.931614 -549.600922 -516.798186 -476.533323 -424.794404 -369.322608 -330.967001 -318.578662 -327.547175 -319.536960 -293.089835 -238.722639 -124.340095 -9.888459 85.108429 156.803090 229.180850 278.633202 298.442344 336.731069 363.690380 271.985988 81.098408 133.274669 -9999.0 -9999.0 -9999.0 -9999.0 -9999.0 -9999.0 -9999.0 -9999.0 -9999.0 -9999.0
-9999.0 -9999.0 -9999.0 -9999.0 -1267.442221 -1109.848572 -1017.581215 -936.624988 -820.139702 -716.531549 -627.692608 -554.002245 -503.772848 -481.089061 -494.204890 -502.443426 -511.658339 -514.804052 -523.176002 -529.706940 -536.364476 -544.247355 -554.859738 -562.444387 -563.543481 -560.352409 -562.205936 -575.005355 -590.302329 -618.367602 -643.015464 -678.201355 -715.208726 -744.015420 -756.732495 -763.753473 -763.267535 -768.324933 -758.597298 -752.541526 -737.856536 -722.466957 -698.519046 -670.539526 -658.410760 -644.516769 -634.991696 -614.323633 -584.813968 -532.763720 -471.432535 -416.569867 -383.951257 -381.697909 -409.672465 -426.923368 -430.978995 -402.748784 -352.158261 -273.262237 -146.916184 -46.676680 31.920333 79.009580 110.784589 158.143668 201.023175 213.378408 -9999.0 -9999.0 -9999.0 -9999.0 -9999.0 -9999.0 -9999.0 -9999.0 -9999.0 -9999.0 -9999.0 -9999.0
-9999.0 -9999.0 -9999.0 -9999.0 -9999.0 -9999.0 -1326.158697 -1232.841884 -1144.158950 -1027.797758 -920.961883 -833.561540 -762.573853 -739.883646 -724.812218 -703.658738 -708.820806 -725.250488 -740.979783 -724.968574 -716.312332 -720.736587 -747.188076 -748.703662 -745.435981 -735.802898 -736.604779 -742.344566 -766.616123 -759.127636 -760.833541 -783.392406 -809.007959 -823.227058 -834.484766 -824.393768 -823.349464 -835.458081 -832.575871 -806.867002 -787.452601 -774.035084 -751.503696 -718.607470 -686.941776 -673.093231 -672.429863 -666.445135 -624.954205 -555.274855 -486.147980 -434.087925 -404.677633 -398.685843 -429.038406 -471.984925 -495.531335 -490.769863 -457.864345 -404.843515 -325.160713 -269.786571 -229.743268 -198.009366 -156.721334 -36.852753 -9999.0 -9999.0 -9999.0 -9999.0 -9999.0 -9999.0 -9999.0 -9999.0 -9999.0 -9999.0 -9999.0 -9999.0 -9999.0 -9999.0
-9999.0 -9999.0 -9999.0 -9999.0 -9999.0 -9999.0 -9999.0 -9999.0 -9999.0 -9999.0 -9999.0 -9999.0 -9999.0 -9999.0 -9999.0 -9999.0 -9999.0 -9999.0 -9999.0 -9999.0 -9999.0 -9999.0 -9999.0 -9999.0 -9999.0 -9999.0 -9999.0 -9999.0 -9999.0 -9999.0 -9999.0 -9999.0 -9999.0 -9999.0 -9999.0 -9999.0 -9999.0 -9999.0 -9999.0 -9999.0 -9999.0 -9999.0 -9999.0 -9999.0 -9999.0 -9999.0 -9999.0 -9999.0 -9999.0 -9999.0 -9999.0 -9999.0 -9999.0 -9999.0 -9999.0 -9999.0 -9999.0 -9999.0 -9999.0 -9999.0 -9999.0 -9999.0 -9999.0 -9999.0 -9999.0 -9999.0 -9999.0 -9999.0 -9999.0 -9999.0 -9999.0 -9999.0 -9999.0 -9999.0 -9999.0 -9999.0 -9999.0 -9999.0 -9999.0 -9999.0
-9999.0 -9999.0 -9999.0 -9999.0 -9999.0 -9999.0 -9999.0 -9999.0 -9999.0 -9999.0 -9999.0 -9999.0 -9999.0 -9999.0 -9999.0 -9999.0 -9999.0 -9999.0 -9999.0 -9999.0 -9999.0 -9999.0 -9999.0 -9999.0 -9999.0 -9999.0 -9999.0 -9999.0 -9999.0 -9999.0 -9999.0 -9999.0 -9999.0 -9999.0 -9999.0 -9999.0 -9999.0 -9999.0 -9999.0 -9999.0 -9999.0 -9999.0 -9999.0 -9999.0 -9999.0 -9999.0 -9999.0 -9999.0 -9999.0 -9999.0 -9999.0 -9999.0 -9999.0 -9999.0 -9999.0 -9999.0 -9999.0 -9999.0 -9999.0 -9999.0 -9999.0 -9999.0 -9999.0 -9999.0 -9999.0 -9999.0 -9999.0 -9999.0 -9999.0 -9999.0 -9999.0 -9999.0 -9999.0 -9999.0 -9999.0 -9999.0 -9999.0 -9999.0 -9999.0 -9999.0