Borden_/Borden1m_014/output_maps/psiliqL0014N0016.asc
ncols         80
nrows         18
xllcorner     620200.000000
yllcorner     5168000.000000
cellsize      1.000000
NODATA_value  -9999.0
-9999.0 -9999.0 -9999.0 -9999.0 -9999.0 -9999.0 -9999.0 -9999.0 -9999.0 -9999.0 -9999.0 -9999.0 -9999.0 -9999.0 -9999.0 -9999.0 -9999.0 -9999.0 -9999.0 -9999.0 -9999.0 -9999.0 -9999.0 -9999.0 -9999.0 -9999.0 -9999.0 -9999.0 -9999.0 -9999.0 -9999.0 -9999.0 -9999.0 -9999.0 -9999.0 -9999.0 -9999.0 -9999.0 -9999.0 -9999.0 -9999.0 -9999.0 -9999.0 -9999.0 -9999.0 -9999.0 -9999.0 -9999.0 -9999.0 -9999.0 -9999.0 -9999.0 -9999.0 -9999.0 -9999.0 -9999.0 -9999.0 -9999.0 -9999.0 -9999.0 -9999.0 -9999.0 -9999.0 -9999.0 -9999.0 -9999.0 -9999.0 -9999.0 -9999.0 -9999.0 -9999.0 -9999.0 -9999.0 -9999.0 -9999.0 -9999.0 -9999.0 -9999.0 -9999.0 -9999.0
-9999.0 -9999.0 -9999.0 -9999.0 -9999.0 -9999.0 -9999.0 -9999.0 -9999.0 -9999.0 -9999.0 -9999.0 -9999.0 -9999.0 -9999.0 -9999.0 -9999.0 -9999.0 -9999.0 -9999.0 -9999.0 -9999.0 -9999.0 -9999.0 -9999.0 -9999.0 -9999.0 -9999.0 -9999.0 -9999.0 -9999.0 -9999.0 -9999.0 -9999.0 -9999.0 -9999.0 -9999.0 -9999.0 -9999.0 -9999.0 -9999.0 -9999.0 -9999.0 -9999.0 -9999.0 -9999.0 -9999.0 -9999.0 -9999.0 -9999.0 -9999.0 -9999.0 -9999.0 -9999.0 -9999.0 -9999.0 -9999.0 -9999.0 -9999.0 -9999.0 -9999.0 -9999.0 -9999.0 -9999.0 -9999.0 -9999.0 -9999.0 -9999.0 -9999.0 -9999.0 -9999.0 -9999.0 -9999.0 -9999.0 -9999.0 -9999.0 -9999.0 -9999.0 -9999.0 -9999.0
-9999.0 -9999.0 -9999.0 -9999.0 -9999.0 -9999.0 -9999.0 -9999.0 -9999.0 -9999.0 -9999.0 -9999.0 -9999.0 -9999.0 -9999.0 -9999.0 -9999.0 -9999.0 -9999.0 -9999.0 948.316597 951.386496 930.233618 897.789339 871.285998 874.994697 910.942633 953.351429 992.908783 1004.013045 987.667894 992.248002 990.234259 991.623859 996.228020 1004.651683 1009.995100 1021.719264 1030.149583 1029.408997 1022.869502 1017.354370 1017.349439 1020.192428 1025.571318 1014.912573 1029.204551 1044.529571 1049.337537 1043.004088 1013.978309 995.855306 984.216845 966.353809 988.834272 998.745586 1019.545426 1021.749901 1018.332526 989.985358 959.084675 -9999.0 -9999.0 -9999.0 -9999.0 -9999.0 -9999.0 -9999.0 -9999.0 -9999.0 -9999.0 -9999.0 -9999.0 -9999.0 -9999.0 -9999.0 -9999.0 -9999.0 -9999.0 -9999.0
-9999.0 -9999.0 -9999.0 -9999.0 -9999.0 -9999.0 -9999.0 -9999.0 -9999.0 -9999.0 -9999.0 -9999.0 -9999.0 -9999.0 853.769719 845.023451 843.508891 853.385011 888.532196 920.095709 932.762150 926.418901 927.981831 906.303745 887.922223 904.016543 935.442432 968.243017 1003.728325 1025.058816 1015.505483 1016.064068 1029.561083 1058.907078 1074.653580 1073.883801 1055.590136 1079.651276 1095.184009 1102.839198 1101.310212 1092.139551 1104.451741 1119.764675 1112.943636 1096.480826 1102.865693 1115.686704 1127.866223 1112.907836 1046.674050 1023.365664 1015.043308 1005.276557 988.955770 980.537748 1003.600655 1001.171989 990.640803 970.878795 936.889320 892.030099 872.352003 909.767539 952.385675 1008.667505 -9999.0 -9999.0 -9999.0 -9999.0 -9999.0 -9999.0 -9999.0 -9999.0 -9999.0 -9999.0 -9999.0 -9999.0 -9999.0 -9999.0
-9999.0 -9999.0 -9999.0 -9999.0 -9999.0 -9999.0 -9999.0 -9999.0 -9999.0 793.596922 798.690094 806.848513 810.207543 826.975285 825.619790 834.133008 842.839248 871.734405 905.028313 942.393554 972.948449 965.703556 968.454902 981.927018 989.835349 1005.463270 1029.274695 1070.694318 1110.931261 1152.766940 1126.558377 1128.755257 1155.098423 1210.429371 1248.110827 1257.471165 1241.163266 1250.560734 1274.889507 1295.006299 1292.318877 1288.462115 1312.158113 1325.390461 1326.642756 1308.137277 1298.477648 1301.126476 1327.095497 1274.616331 1204.625173 1146.458673 1143.009791 1108.672169 1068.350009 1045.859870 1039.632251 1055.796422 1037.011598 997.062415 958.675764 945.689426 926.152783 941.274958 961.711568 1006.408840 1044.005201 1071.013790 1069.178171 1050.695527 -9999.0 -9999.0 -9999.0 -9999.0 -9999.0 -9999.0 -9999.0 -9999.0 -9999.0 -9999.0
-9999.0 -9999.0 -9999.0 -9999.0 -9999.0 -9999.0 714.133296 724.262463 745.292264 750.634738 776.883716 785.361639 807.257638 828.104436 851.560612 870.320052 902.782197 938.582537 983.413247 1031.178765 1066.757126 1064.219818 1077.948130 1115.049090 1164.417874 1200.508744 1228.298422 1268.174625 1343.040532 1385.112014 1395.204560 1406.421204 1428.310306 1491.536909 1561.457652 1578.606033 1560.891412 1547.551814 1565.787407 1597.643716 1599.470577 1598.205411 1606.574253 1614.862304 1640.359964 1633.780252 1600.142042 1590.587123 1590.558805 1574.269942 1508.790167 1431.864620 1384.698741 1329.259302 1244.732718 1187.746281 1188.409768 1197.347879 1160.691640 1102.299400 1057.999878 1043.477803 1024.040683 1007.124529 1010.306565 1026.621428 1046.421289 1055.239456 1040.160361 1017.336015 993.223243 962.875860 963.214377 987.345408 -9999.0 -9999.0 -9999.0 -9999.0 -9999.0 -9999.0
-9999.0 -9999.0 -9999.0 -9999.0 663.556356 677.235800 665.892129 691.866889 725.533026 760.751001 793.989991 832.466110 861.568138 894.219621 938.091233 976.962316 1022.776709 1063.110106 1125.597429 1204.295884 1261.838526 1288.831072 1307.802302 1376.431353 1458.006489 1521.050455 1543.941432 1568.344954 1605.624336 1659.747178 1685.045610 1694.149726 1717.362337 1758.452402 1806.978920 1839.847373 1825.043092 1818.684745 1823.772716 1832.657709 1853.230938 1852.703177 1853.523358 1855.381435 1859.986305 1861.185698 1841.559564 1813.427091 1802.997847 1794.830151 1764.766258 1692.778649 1650.111531 1620.438955 1589.195037 1538.019311 1466.902778 1434.413020 1365.938806 1303.711776 1237.706948 1209.003754 1168.672917 1136.237365 1101.575935 1097.452328 1095.801930 1071.325073 1035.875040 1000.825616 983.329613 962.192228 949.117702 977.253400 993.338004 1022.640428 -9999.0 -9999.0 -9999.0 -9999.0
-9999.0 -9999.0 602.924574 652.551524 710.716680 721.203256 723.661969 731.081884 760.875104 814.547995 892.329478 945.571361 990.743977 1028.126845 1094.260651 1182.765072 1260.861019 1316.093099 1388.524800 1477.365487 1547.679399 1581.797293 1598.343652 1639.520128 1700.036716 1764.007219 1789.683553 1812.245987 1837.650478 1866.213157 1876.761569 1891.536901 1902.225322 1907.402248 1913.613414 1914.866047 1910.970757 1906.709058 1889.245954 1885.284263 1891.207641 1895.353344 1896.869882 1884.127635 1880.763556 1895.044737 1900.755735 1903.109331 1905.760863 1914.370875 1917.823711 1878.491312 1840.357036 1826.422355 1818.312757 1776.170136 1712.287649 1666.866402 1642.112045 1601.169994 1525.453208 1466.001175 1397.629290 1338.676526 1277.872851 1235.514568 1180.162332 1131.002495 1079.209864 1028.886072 1001.436639 979.457788 973.353642 970.002148 983.534965 996.939343 1010.821824 1017.856583 -9999.0 -9999.0
-9999.0 499.676978 572.757473 700.511798 782.841861 830.954113 867.607490 893.823394 923.661823 950.770015 1059.198449 1155.369917 1249.419433 1290.802489 1351.738207 1465.234130 1565.130550 1613.821973 1657.117238 1719.840096 1780.881798 1825.160713 1850.732537 1863.505349 1898.783906 1912.200177 1914.969372 1917.188064 1911.791819 1902.746879 1893.079200 1899.679633 1897.734371 1880.919925 1865.333990 1860.527321 1853.559144 1830.656456 1804.786716 1791.664267 1794.426229 1816.434691 1805.444651 1786.370671 1783.203652 1803.732748 1823.156673 1817.608408 1810.317483 1831.167560 1865.334116 1885.389978 1895.429394 1911.612388 1931.873882 1906.267430 1877.517467 1836.894029 1819.191153 1794.233824 1742.371254 1683.597719 1626.906873 1565.576583 1492.059403 1405.233266 1328.618771 1256.015483 1181.199860 1133.954218 1096.485782 1038.929428 1010.904953 1006.260965 992.824300 986.781540 990.476654 995.814998 -9999.0 -9999.0
-9999.0 420.147868 563.563636 750.366670 903.069315 970.102759 1083.551351 1166.910977 1195.406294 1170.036831 1282.646602 1512.079022 1615.540641 1634.787908 1708.594472 1800.302087 1824.513321 1858.220260 1882.635339 1894.525783 1902.603838 1910.469848 1906.994240 1900.841889 1887.523011 1881.278616 1881.437444 1880.010178 1864.059264 1845.107401 1826.036448 1820.935567 1803.871658 1762.655367 1728.889581 1705.897991 1683.333161 1662.178026 1631.264205 1606.834399 1593.468818 1609.616338 1603.309848 1587.853393 1584.455972 1605.729486 1638.019990 1637.361945 1652.052114 1682.833060 1725.721474 1763.362928 1784.347917 1813.378259 1848.251478 1889.031723 1902.893104 1923.479715 1927.927137 1910.334725 1870.957809 1824.377856 1795.042268 1739.953782 1671.917110 1591.405722 1520.349503 1444.267878 1363.162467 1308.467129 1250.837682 1178.489427 1110.685818 1073.527610 1026.288815 1001.756805 -9999.0 -9999.0 -9999.0 -9999.0
-9999.0 342.530611 532.062467 794.208590 1076.091470 1205.544815 1430.739065 1563.645336 1618.648165 1684.908236 1668.936778 1812.868664 1850.901669 1847.370625 1846.963595 1854.152616 1872.057881 1877.626058 1876.182882 1868.635990 1860.680966 1855.071835 1851.021400 1842.034267 1829.881364 1816.358690 1805.435119 1795.590397 1761.538092 1727.880525 1686.389705 1666.748771 1627.486730 1538.123226 1491.376728 1442.908118 1369.872022 1356.681939 1348.502334 1320.133690 1301.021831 1281.498383 1303.354562 1307.856398 1310.380874 1314.538244 1333.392464 1361.677068 1417.473541 1473.243783 1528.318542 1583.058554 1619.222540 1666.134066 1715.066177 1768.440034 1798.004013 1826.849263 1871.858068 1909.553776 1933.424931 1924.837267 1901.142486 1862.588898 1801.061835 1742.716957 1699.106540 1629.322572 1567.007658 1513.141797 1454.424428 1375.058292 1286.955064 1171.756063 1117.861574 -9999.0 -9999.0 -9999.0 -9999.0 -9999.0
-9999.0 165.282950 434.131439 726.552070 1052.427429 1401.003449 1547.316006 1682.391239 1754.772852 1722.578694 1729.850326 1750.585487 1790.414666 1799.013157 1782.996948 1778.696231 1770.960699 1772.902047 1787.050587 1762.762779 1733.143490 1714.660114 1707.720823 1691.415764 1665.942610 1648.761386 1637.703812 1619.717478 1573.622766 1517.781594 1421.412322 1380.327407 1299.112540 1239.685793 1191.443533 1134.955664 1076.333673 1071.046905 1086.587660 1071.282046 1049.132447 1030.910895 1057.669940 1075.518087 1087.912770 1077.318462 1087.708241 1126.597498 1182.178557 1235.432818 1292.557314 1352.166962 1405.810082 1467.507841 1514.226966 1569.729828 1617.864912 1666.311347 1742.044446 1818.905191 1855.103659 1889.275755 1923.414720 1942.133320 1896.445080 1854.198627 1812.374384 1762.714453 1693.378875 1658.139947 1631.042594 1570.010244 1502.198664 -9999.0 -9999.0 -9999.0 -9999.0 -9999.0 -9999.0 -9999.0
-9999.0 37.621663 258.904308 493.096516 785.323527 1034.290347 1239.834024 1367.210546 1454.191440 1492.065482 1528.072043 1561.209290 1590.492580 1613.106778 1594.737680 1560.663155 1535.951173 1541.491043 1538.174789 1513.540157 1478.990175 1452.011410 1437.521747 1421.349731 1389.785266 1371.452627 1359.147177 1335.867195 1300.985274 1241.948165 1154.745309 1077.009519 1012.315429 977.851718 945.845297 909.993196 870.857902 879.325854 891.566103 887.651512 876.832974 873.773652 903.244613 922.440039 932.840875 921.384377 941.249092 969.620844 1014.066178 1060.762130 1113.298920 1171.650471 1229.896589 1267.018465 1289.745467 1321.677578 1367.750822 1434.101661 1536.515153 1639.069727 1722.326096 1772.666845 1823.867454 1859.581944 1875.681780 1892.221658 1873.834576 1801.363592 1693.417008 1716.523208 1727.200835 -9999.0 -9999.0 -9999.0 -9999.0 -9999.0 -9999.0 -9999.0 -9999.0 -9999.0
-9999.0 -9999.0 24.160761 204.987343 348.932457 534.284558 690.706771 808.169468 900.223588 1014.082063 1119.453653 1202.081425 1245.376387 1263.044939 1249.887261 1217.692178 1197.158937 1197.660049 1187.252236 1174.079305 1148.974500 1133.935696 1116.722603 1103.566472 1089.086859 1080.916819 1074.351252 1062.196454 1039.075352 990.468042 937.980613 883.738504 828.323579 801.557855 778.364082 755.199646 752.083793 747.941865 753.519949 754.850546 761.364307 773.830201 794.243669 816.237113 826.110754 834.766327 847.787390 872.378004 906.872181 950.662713 1006.156140 1065.361604 1107.353340 1123.558284 1118.185016 1127.384411 1153.194141 1204.591638 1298.738224 1398.376244 1513.694674 1595.631713 1674.287308 1734.747023 1756.208039 1774.820186 1793.650196 1726.432051 1365.829165 1634.109162 -9999.0 -9999.0 -9999.0 -9999.0 -9999.0 -9999.0 -9999.0 -9999.0 -9999.0 -9999.0
-9999.0 -9999.0 -9999.0 -9999.0 62.809328 220.134478 318.370709 404.531428 534.467515 654.470806 754.572937 836.821205 896.645115 922.758374 917.382874 920.546656 915.509102 910.054377 900.020265 896.327999 891.530750 880.808760 864.408799 854.555730 853.168595 856.471286 853.327967 839.288216 821.449070 796.703200 774.045517 738.183696 700.887472 670.881177 657.022866 650.293206 649.646565 642.809133 651.592211 658.582382 673.722645 689.099063 713.050601 741.956527 755.498310 770.279753 780.331341 801.448344 832.470176 886.630430 950.822838 1009.303787 1045.981922 1051.938199 1028.930079 1015.616259 1015.168407 1047.931224 1100.692833 1178.619011 1293.665122 1379.961840 1456.605242 1524.738707 1569.588326 1622.190994 1688.231053 1722.075022 -9999.0 -9999.0 -9999.0 -9999.0 -9999.0 -9999.0 -9999.0 -9999.0 -9999.0 -9999.0 -9999.0 -9999.0
-9999.0 -9999.0 -9999.0 -9999.0 -9999.0 -9999.0 17.101789 118.261383 202.574843 337.986479 464.600979 563.976065 642.924717 673.069252 697.162535 722.994634 720.525077 702.438280 683.621689 700.639583 711.615242 704.257904 673.367724 671.209435 674.572032 682.486119 680.171726 673.506474 648.143496 657.982299 657.273781 633.356382 606.666773 592.087148 579.879561 589.203282 589.314117 575.875354 576.963232 603.475085 623.575277 636.891572 659.029829 692.320817 724.656570 739.705551 741.171147 747.673201 788.663461 859.514519 931.467319 987.085539 1019.984015 1028.983100 1002.703815 963.913812 945.218947 955.300332 994.616382 1053.933148 1138.540128 1198.021538 1239.048995 1270.551319 1301.574977 1397.183206 -9999.0 -9999.0 -9999.0 -9999.0 -9999.0 -9999.0 -9999.0 -9999.0 -9999.0 -9999.0 -9999.0 -9999.0 -9999.0 -9999.0
-9999.0 -9999.0 -9999.0 -9999.0 -9999.0 -9999.0 -9999.0 -9999.0 -9999.0 -9999.0 -9999.0 -9999.0 -9999.0 -9999.0 -9999.0 -9999.0 -9999.0 -9999.0 -9999.0 -9999.0 -9999.0 -9999.0 -9999.0 -9999.0 -9999.0 -9999.0 -9999.0 -9999.0 -9999.0 -9999.0 -9999.0 -9999.0 -9999.0 -9999.0 -9999.0 -9999.0 -9999.0 -9999.0 -9999.0 -9999.0 -9999.0 -9999.0 -9999.0 -9999.0 -9999.0 -9999.0 -9999.0 -9999.0 -9999.0 -9999.0 -9999.0 -9999.0 -9999.0 -9999.0 -9999.0 -9999.0 -9999.0 -9999.0 -9999.0 -9999.0 -9999.0 -9999.0 -9999.0 -9999.0 -9999.0 -9999.0 -9999.0 -9999.0 -9999.0 -9999.0 -9999.0 -9999.0 -9999.0 -9999.0 -9999.0 -9999.0 -9999.0 -9999.0 -9999.0 -9999.0
-9999.0 -9999.0 -9999.0 -9999.0 -9999.0 -9999.0 -9999.0 -9999.0 -9999.0 -9999.0 -9999.0 -9999.0 -9999.0 -9999.0 -9999.0 -9999.0 -9999.0 -9999.0 -9999.0 -9999.0 -9999.0 -9999.0 -9999.0 -9999.0 -9999.0 -9999.0 -9999.0 -9999.0 -9999.0 -9999.0 -9999.0 -9999.0 -9999.0 -9999.0 -9999.0 -9999.0 -9999.0 -9999.0 -9999.0 -9999.0 -9999.0 -9999.0 -9999.0 -9999.0 -9999.0 -9999.0 -9999.0 -9999.0 -9999.0 -9999.0 -9999.0 -9999.0 -9999.0 -9999.0 -9999.0 -9999.0 -9999.0 -9999.0 -9999.0 -9999.0 -9999.0 -9999.0 -9999.0 -9999.0 -9999.0 -9999.0 -9999.0 -9999.0 -9999.0 -9999.0 -9999.0 -9999.0 -9999.0 -9999.0 -9999.0 -9999.0 -9999.0 -9999.0 -9999.0 -9999.0