Borden_/Borden1m_014/output_maps/psiliqL0020N0011.asc
ncols         80
nrows         18
xllcorner     620200.000000
yllcorner     5168000.000000
cellsize      1.000000
NODATA_value  -9999.0
-9999.0 -9999.0 -9999.0 -9999.0 -9999.0 -9999.0 -9999.0 -9999.0 -9999.0 -9999.0 -9999.0 -9999.0 -9999.0 -9999.0 -9999.0 -9999.0 -9999.0 -9999.0 -9999.0 -9999.0 -9999.0 -9999.0 -9999.0 -9999.0 -9999.0 -9999.0 -9999.0 -9999.0 -9999.0 -9999.0 -9999.0 -9999.0 -9999.0 -9999.0 -9999.0 -9999.0 -9999.0 -9999.0 -9999.0 -9999.0 -9999.0 -9999.0 -9999.0 -9999.0 -9999.0 -9999.0 -9999.0 -9999.0 -9999.0 -9999.0 -9999.0 -9999.0 -9999.0 -9999.0 -9999.0 -9999.0 -9999.0 -9999.0 -9999.0 -9999.0 -9999.0 -9999.0 -9999.0 -9999.0 -9999.0 -9999.0 -9999.0 -9999.0 -9999.0 -9999.0 -9999.0 -9999.0 -9999.0 -9999.0 -9999.0 -9999.0 -9999.0 -9999.0 -9999.0 -9999.0
-9999.0 -9999.0 -9999.0 -9999.0 -9999.0 -9999.0 -9999.0 -9999.0 -9999.0 -9999.0 -9999.0 -9999.0 -9999.0 -9999.0 -9999.0 -9999.0 -9999.0 -9999.0 -9999.0 -9999.0 -9999.0 -9999.0 -9999.0 -9999.0 -9999.0 -9999.0 -9999.0 -9999.0 -9999.0 -9999.0 -9999.0 -9999.0 -9999.0 -9999.0 -9999.0 -9999.0 -9999.0 -9999.0 -9999.0 -9999.0 -9999.0 -9999.0 -9999.0 -9999.0 -9999.0 -9999.0 -9999.0 -9999.0 -9999.0 -9999.0 -9999.0 -9999.0 -9999.0 -9999.0 -9999.0 -9999.0 -9999.0 -9999.0 -9999.0 -9999.0 -9999.0 -9999.0 -9999.0 -9999.0 -9999.0 -9999.0 -9999.0 -9999.0 -9999.0 -9999.0 -9999.0 -9999.0 -9999.0 -9999.0 -9999.0 -9999.0 -9999.0 -9999.0 -9999.0 -9999.0
-9999.0 -9999.0 -9999.0 -9999.0 -9999.0 -9999.0 -9999.0 -9999.0 -9999.0 -9999.0 -9999.0 -9999.0 -9999.0 -9999.0 -9999.0 -9999.0 -9999.0 -9999.0 -9999.0 -9999.0 2152.381515 2155.014303 2134.549983 2102.501138 2076.598241 2080.923351 2116.722705 2159.207800 2199.130885 2209.101615 2192.309232 2197.742086 2196.182373 2196.698349 2201.739930 2212.502176 2220.915245 2232.893135 2241.434673 2240.388532 2233.632161 2228.318554 2229.350609 2231.295383 2236.924476 2224.212237 2239.076499 2254.097781 2257.413871 2250.819181 2221.999720 2204.459499 2192.186337 2173.274038 2195.770306 2204.641912 2224.337765 2225.796643 2221.688359 2193.391305 2162.440066 -9999.0 -9999.0 -9999.0 -9999.0 -9999.0 -9999.0 -9999.0 -9999.0 -9999.0 -9999.0 -9999.0 -9999.0 -9999.0 -9999.0 -9999.0 -9999.0 -9999.0 -9999.0 -9999.0
-9999.0 -9999.0 -9999.0 -9999.0 -9999.0 -9999.0 -9999.0 -9999.0 -9999.0 -9999.0 -9999.0 -9999.0 -9999.0 -9999.0 2057.184477 2049.072029 2047.860548 2057.559442 2092.445018 2124.240099 2136.621107 2130.657984 2132.380759 2110.448156 2091.427327 2107.604845 2139.600086 2171.998746 2206.738002 2226.410136 2216.797956 2216.831068 2228.605616 2255.852766 2270.996106 2271.922170 2256.246709 2282.462090 2297.816002 2304.220463 2302.531354 2292.772236 2302.545515 2316.693425 2309.555266 2293.809892 2302.654899 2315.935132 2325.868909 2312.042797 2246.590669 2226.229491 2218.078932 2209.229704 2192.629839 2184.648052 2208.281605 2204.611207 2194.159848 2174.622324 2140.226303 2094.815899 2074.312894 2111.859234 2153.615598 2208.591603 -9999.0 -9999.0 -9999.0 -9999.0 -9999.0 -9999.0 -9999.0 -9999.0 -9999.0 -9999.0 -9999.0 -9999.0 -9999.0 -9999.0
-9999.0 -9999.0 -9999.0 -9999.0 -9999.0 -9999.0 -9999.0 -9999.0 -9999.0 1996.632638 2002.673955 2011.062018 2014.960818 2031.729824 2029.699373 2038.278925 2045.800920 2075.128273 2107.682998 2144.335566 2174.256653 2167.794981 2169.559765 2179.208999 2181.814222 2195.907200 2220.411574 2261.448888 2296.290146 2334.281793 2304.384448 2303.500781 2326.388362 2376.759260 2411.055245 2420.600892 2406.242680 2421.489793 2446.433439 2464.632161 2461.523284 2456.025750 2478.751715 2492.220885 2489.504817 2469.897665 2466.074775 2470.796748 2496.928072 2442.958186 2371.732702 2321.006633 2325.581380 2296.986487 2262.145522 2242.065675 2236.713864 2253.275601 2236.497634 2197.911325 2160.927414 2146.998591 2126.995752 2143.202961 2163.307357 2206.971912 2244.413133 2271.278298 2268.714485 2249.942215 -9999.0 -9999.0 -9999.0 -9999.0 -9999.0 -9999.0 -9999.0 -9999.0 -9999.0 -9999.0
-9999.0 -9999.0 -9999.0 -9999.0 -9999.0 -9999.0 1916.511163 1927.660130 1949.574632 1954.212184 1981.541196 1989.462250 2011.114079 2031.328199 2054.967729 2072.016871 2102.214457 2136.427173 2177.732739 2221.850364 2256.336606 2251.230573 2262.889005 2290.683899 2328.813917 2359.336502 2388.288814 2429.293688 2502.445699 2540.321579 2540.352548 2545.627272 2560.045158 2617.756220 2690.001443 2707.596919 2691.928191 2681.013181 2703.500823 2739.132164 2739.362066 2738.362833 2751.976367 2761.819197 2788.090414 2778.877846 2740.515278 2731.945121 2735.387022 2712.643005 2641.026113 2571.985893 2538.871947 2485.224745 2400.717777 2347.272544 2355.986036 2373.323561 2343.810023 2289.439585 2248.195056 2235.568897 2217.917930 2203.610214 2209.200202 2226.547920 2246.133722 2255.329570 2239.952168 2216.546540 2192.500981 2162.053959 2162.470649 2186.304037 -9999.0 -9999.0 -9999.0 -9999.0 -9999.0 -9999.0
-9999.0 -9999.0 -9999.0 -9999.0 1865.129424 1879.424458 1867.543015 1895.085465 1929.473239 1965.391835 1997.204103 2034.029821 2061.866998 2093.087344 2132.649832 2164.242270 2204.816466 2241.004461 2296.849582 2367.698843 2421.891433 2445.279332 2460.945875 2520.326496 2586.574164 2645.838615 2672.622679 2701.919963 2746.616691 2802.327446 2825.690756 2831.440367 2852.342153 2897.533898 2955.406279 2829.072987 2811.966549 2804.015276 2812.049183 2824.579150 2846.808571 2847.078723 2848.256288 2851.400982 2857.616473 2856.827402 2832.398218 2800.424507 2960.644942 2948.263530 2909.596561 2833.126528 2793.781742 2760.949138 2717.968245 2659.049222 2594.985553 2580.995378 2520.993363 2460.934924 2399.697756 2377.776128 2345.435844 2318.571412 2289.755370 2290.683249 2292.544623 2269.787205 2234.287799 2199.471715 2182.231260 2161.136819 2147.465825 2175.951735 2191.897326 2220.645025 -9999.0 -9999.0 -9999.0 -9999.0
-9999.0 -9999.0 1803.152723 1851.506255 1910.581925 1920.718842 1920.654200 1928.053658 1958.563224 2012.471253 2084.932231 2131.615636 2170.379841 2206.109506 2266.506213 2341.614753 2412.267447 2461.497669 2528.505627 2606.635223 2675.668349 2709.757713 2726.432007 2771.377531 2832.010593 2904.730020 2937.556791 2966.022454 2824.370018 2857.295124 2858.385763 2870.492881 2880.909487 2888.899579 2899.516171 2903.826207 2899.892215 2895.571101 2878.209882 2873.879405 2880.546815 2886.425526 2887.238374 2873.245105 2869.377006 2883.773377 2888.354638 2886.990368 2886.577588 2891.657219 2890.861531 2847.433108 2820.601602 2807.046710 2968.159651 2918.606064 2847.766345 2807.083662 2784.156940 2735.109747 2654.037523 2600.713025 2547.236193 2498.583716 2442.864229 2412.456340 2365.056185 2321.233199 2272.546246 2223.404916 2196.572477 2175.946459 2170.655005 2167.536716 2181.958053 2195.469714 2209.624929 2216.803874 -9999.0 -9999.0
-9999.0 1695.929540 1768.501272 1894.371227 1976.425792 2021.785982 2047.233803 2065.031297 2096.346690 2130.065973 2229.665782 2303.908711 2393.888174 2435.491684 2486.631069 2587.350564 2687.989512 2742.404398 2787.291377 2853.501770 2922.256939 2811.726187 2836.896194 2831.079434 2866.794782 2887.606839 2893.014147 2898.054135 2895.350625 2887.094584 2879.511274 2886.280133 2884.042713 2865.481355 2850.046957 2848.457427 2845.169034 2823.292551 2969.395471 2955.336549 2957.578591 2808.612450 2969.936407 2948.847774 2945.016804 2966.978862 2811.582839 2801.669576 2968.609561 2805.363480 2838.202542 2860.630380 2866.132103 2883.621794 2904.371447 2877.034678 2852.420893 2811.599687 2973.175661 2943.915953 2883.531012 2821.687828 2763.421748 2696.046407 2625.817048 2557.675866 2491.418941 2425.729670 2358.445041 2314.167633 2279.256824 2225.698224 2202.182028 2201.006670 2190.017153 2185.167592 2189.247349 2194.752807 -9999.0 -9999.0
-9999.0 1607.879813 1749.554102 1933.142086 2083.558708 2140.294721 2229.835429 2303.988116 2330.586226 2294.720631 2404.753681 2628.821069 2750.331024 2773.601150 2851.652314 2804.357682 2802.669973 2832.240641 2853.498387 2870.393581 2884.234335 2895.174729 2892.988150 2887.209281 2871.711060 2864.072599 2864.082128 2862.154118 2845.373000 2826.805911 2810.082545 2807.690897 2956.695644 2904.756367 2865.585279 2843.681680 2824.781625 2809.376996 2783.639323 2758.789230 2740.980167 2755.710569 2753.943110 2736.251688 2732.295777 2755.375811 2785.070925 2783.342420 2797.321289 2819.684217 2861.800207 2905.704683 2931.478555 2964.009774 2816.340545 2860.584252 2872.320120 2894.273048 2898.105448 2883.702894 2840.289848 2976.239900 2941.097545 2876.678982 2803.460745 2719.172095 2650.900535 2585.709210 2514.661207 2464.715527 2409.247704 2343.249189 2285.139383 2261.217632 2219.215809 2199.045124 -9999.0 -9999.0 -9999.0 -9999.0
-9999.0 1517.699544 1702.506429 1954.006130 2244.837576 2346.284896 2561.475743 2695.927329 2752.441535 2827.782726 2765.701911 2812.422054 2853.203574 2845.880444 2851.103441 2852.308299 2865.493965 2865.848830 2861.088455 2850.824060 2842.177868 2838.377107 2837.288370 2829.683418 2817.494600 2803.869650 2966.769184 2954.914840 2915.946287 2878.308221 2832.876211 2811.850593 2765.531888 2663.511150 2614.601532 2570.869332 2509.072522 2506.666748 2508.148849 2481.914983 2464.767545 2439.714024 2465.972525 2475.952852 2479.447863 2477.095976 2490.214333 2518.995631 2568.053222 2608.194316 2656.959841 2715.012353 2757.995275 2804.678114 2851.199060 2910.644638 2948.215644 2982.318199 2842.776425 2878.940267 2900.688084 2889.155992 2867.525608 2826.132318 2945.206104 2880.983084 2832.472251 2760.337150 2694.110804 2636.534265 2576.627377 2508.203669 2429.423482 2349.072941 2304.853624 -9999.0 -9999.0 -9999.0 -9999.0 -9999.0
-9999.0 1317.102887 1583.729571 1863.318627 2163.646961 2509.102953 2675.594825 2798.721254 2877.202631 2862.030178 2884.831408 2904.995749 2797.778884 2803.759415 2944.045219 2934.626265 2921.058648 2918.921037 2927.661731 2895.311627 2860.726179 2844.234510 2842.886923 2831.593803 2809.195713 2795.054746 2787.856590 2768.146703 2716.268807 2659.311677 2567.097789 2526.483035 2442.119319 2390.965453 2345.168093 2292.279398 2241.289854 2242.624497 2264.380176 2253.647073 2233.270602 2215.962597 2244.463023 2265.246733 2278.347826 2264.464634 2272.347982 2307.434211 2357.321164 2403.283566 2455.351074 2514.369250 2562.777747 2612.509114 2647.151158 2701.089653 2758.441034 2810.209531 2887.452231 2970.786284 2822.461711 2855.212608 2886.459068 2906.563460 2864.829285 2835.078555 2810.457744 2908.679282 2838.693582 2788.634621 2747.752559 2674.000400 2597.897002 -9999.0 -9999.0 -9999.0 -9999.0 -9999.0 -9999.0 -9999.0
-9999.0 1197.475574 1404.563066 1617.321168 1888.352643 2128.641395 2344.580879 2453.746826 2542.401671 2606.483463 2658.629154 2699.557254 2732.978792 2757.979817 2740.196818 2696.878409 2666.290852 2667.896100 2655.547218 2624.884854 2588.815168 2569.769640 2564.420625 2557.477564 2534.710080 2522.839687 2514.363463 2492.121783 2462.309539 2404.324081 2322.665984 2243.934806 2183.267357 2154.310870 2124.800943 2092.316837 2059.681252 2070.643285 2083.058679 2082.224534 2074.305809 2073.261884 2102.572038 2121.900496 2131.847398 2120.742461 2139.748201 2165.364642 2206.231231 2250.590314 2300.925442 2356.812760 2411.883862 2441.956984 2456.893058 2483.165570 2525.341196 2583.355888 2674.564688 2777.568798 2861.426203 2915.714880 2972.460455 2824.952522 2849.481738 2877.423194 2892.219879 2876.715419 2845.601711 2816.130532 2861.030289 -9999.0 -9999.0 -9999.0 -9999.0 -9999.0 -9999.0 -9999.0 -9999.0 -9999.0
-9999.0 -9999.0 1174.765755 1341.199761 1461.492620 1635.411884 1785.184460 1898.680494 1999.911794 2133.998816 2252.783469 2345.331305 2391.291127 2409.567550 2397.704897 2369.577959 2350.026186 2347.328252 2331.813295 2317.003132 2293.918210 2283.004250 2268.521223 2259.611039 2252.052828 2248.917951 2245.299493 2235.972757 2215.708926 2169.229089 2122.796893 2071.895989 2019.248051 1993.526869 1971.514334 1950.630580 1950.896094 1946.209596 1951.780951 1954.328757 1962.831901 1976.439399 1996.432167 2018.985162 2028.873492 2038.477027 2050.569234 2073.911896 2106.565023 2149.099805 2203.784335 2263.021786 2304.229075 2318.230205 2309.731705 2315.682784 2335.808615 2379.299035 2460.307102 2546.771276 2649.266354 2728.280970 2810.150861 2871.136197 2898.281315 2925.817811 2822.389492 2860.459334 2881.053416 2864.619166 -9999.0 -9999.0 -9999.0 -9999.0 -9999.0 -9999.0 -9999.0 -9999.0 -9999.0 -9999.0
-9999.0 -9999.0 -9999.0 -9999.0 1201.585266 1353.893684 1452.592798 1536.535240 1670.927752 1799.428680 1905.473117 1992.472006 2058.582133 2086.371245 2085.576775 2096.472210 2092.957968 2083.688243 2070.398314 2068.052705 2065.923814 2056.440848 2039.726310 2032.251525 2034.327260 2040.696044 2038.790793 2025.746203 2007.645656 1987.702599 1969.129921 1935.096681 1899.728594 1870.376219 1856.957891 1851.806386 1851.431021 1844.073520 1852.769772 1861.049143 1876.845672 1892.249129 1916.013502 1945.289473 1959.517173 1974.372182 1983.838632 2003.867833 2034.282922 2087.835616 2151.784970 2210.467483 2247.963058 2253.602787 2230.703590 2216.420454 2213.492709 2242.335002 2287.768461 2354.658839 2459.087145 2538.582603 2600.579229 2654.234512 2699.103482 2761.587463 2835.764006 2884.519270 -9999.0 -9999.0 -9999.0 -9999.0 -9999.0 -9999.0 -9999.0 -9999.0 -9999.0 -9999.0 -9999.0 -9999.0
-9999.0 -9999.0 -9999.0 -9999.0 -9999.0 -9999.0 1169.330737 1273.895105 1350.819047 1497.544152 1636.233239 1741.772556 1824.488357 1858.792093 1888.935376 1917.407191 1915.970529 1895.347271 1872.916099 1890.258251 1903.825914 1895.950174 1864.065238 1864.025355 1869.741208 1878.070016 1876.067460 1870.115395 1845.243954 1858.469523 1860.041677 1836.446031 1810.225909 1796.428773 1784.353100 1793.817032 1793.871434 1779.958074 1779.981873 1807.446810 1828.250686 1841.443719 1863.026319 1896.274304 1928.745382 1944.242491 1945.564086 1951.322990 1990.330267 2060.471607 2132.826374 2189.239020 2222.857675 2232.014491 2206.636707 2167.897428 2149.003609 2157.334489 2193.063909 2246.108443 2323.874049 2376.252041 2405.811560 2425.023336 2450.552453 2550.384024 -9999.0 -9999.0 -9999.0 -9999.0 -9999.0 -9999.0 -9999.0 -9999.0 -9999.0 -9999.0 -9999.0 -9999.0 -9999.0 -9999.0
-9999.0 -9999.0 -9999.0 -9999.0 -9999.0 -9999.0 -9999.0 -9999.0 -9999.0 -9999.0 -9999.0 -9999.0 -9999.0 -9999.0 -9999.0 -9999.0 -9999.0 -9999.0 -9999.0 -9999.0 -9999.0 -9999.0 -9999.0 -9999.0 -9999.0 -9999.0 -9999.0 -9999.0 -9999.0 -9999.0 -9999.0 -9999.0 -9999.0 -9999.0 -9999.0 -9999.0 -9999.0 -9999.0 -9999.0 -9999.0 -9999.0 -9999.0 -9999.0 -9999.0 -9999.0 -9999.0 -9999.0 -9999.0 -9999.0 -9999.0 -9999.0 -9999.0 -9999.0 -9999.0 -9999.0 -9999.0 -9999.0 -9999.0 -9999.0 -9999.0 -9999.0 -9999.0 -9999.0 -9999.0 -9999.0 -9999.0 -9999.0 -9999.0 -9999.0 -9999.0 -9999.0 -9999.0 -9999.0 -9999.0 -9999.0 -9999.0 -9999.0 -9999.0 -9999.0 -9999.0
-9999.0 -9999.0 -9999.0 -9999.0 -9999.0 -9999.0 -9999.0 -9999.0 -9999.0 -9999.0 -9999.0 -9999.0 -9999.0 -9999.0 -9999.0 -9999.0 -9999.0 -9999.0 -9999.0 -9999.0 -9999.0 -9999.0 -9999.0 -9999.0 -9999.0 -9999.0 -9999.0 -9999.0 -9999.0 -9999.0 -9999.0 -9999.0 -9999.0 -9999.0 -9999.0 -9999.0 -9999.0 -9999.0 -9999.0 -9999.0 -9999.0 -9999.0 -9999.0 -9999.0 -9999.0 -9999.0 -9999.0 -9999.0 -9999.0 -9999.0 -9999.0 -9999.0 -9999.0 -9999.0 -9999.0 -9999.0 -9999.0 -9999.0 -9999.0 -9999.0 -9999.0 -9999.0 -9999.0 -9999.0 -9999.0 -9999.0 -9999.0 -9999.0 -9999.0 -9999.0 -9999.0 -9999.0 -9999.0 -9999.0 -9999.0 -9999.0 -9999.0 -9999.0 -9999.0 -9999.0