Borden_/Borden1m_014/output_maps/psiliqL0028N0013.asc
ncols         80
nrows         18
xllcorner     620200.000000
yllcorner     5168000.000000
cellsize      1.000000
NODATA_value  -9999.0
-9999.0 -9999.0 -9999.0 -9999.0 -9999.0 -9999.0 -9999.0 -9999.0 -9999.0 -9999.0 -9999.0 -9999.0 -9999.0 -9999.0 -9999.0 -9999.0 -9999.0 -9999.0 -9999.0 -9999.0 -9999.0 -9999.0 -9999.0 -9999.0 -9999.0 -9999.0 -9999.0 -9999.0 -9999.0 -9999.0 -9999.0 -9999.0 -9999.0 -9999.0 -9999.0 -9999.0 -9999.0 -9999.0 -9999.0 -9999.0 -9999.0 -9999.0 -9999.0 -9999.0 -9999.0 -9999.0 -9999.0 -9999.0 -9999.0 -9999.0 -9999.0 -9999.0 -9999.0 -9999.0 -9999.0 -9999.0 -9999.0 -9999.0 -9999.0 -9999.0 -9999.0 -9999.0 -9999.0 -9999.0 -9999.0 -9999.0 -9999.0 -9999.0 -9999.0 -9999.0 -9999.0 -9999.0 -9999.0 -9999.0 -9999.0 -9999.0 -9999.0 -9999.0 -9999.0 -9999.0
-9999.0 -9999.0 -9999.0 -9999.0 -9999.0 -9999.0 -9999.0 -9999.0 -9999.0 -9999.0 -9999.0 -9999.0 -9999.0 -9999.0 -9999.0 -9999.0 -9999.0 -9999.0 -9999.0 -9999.0 -9999.0 -9999.0 -9999.0 -9999.0 -9999.0 -9999.0 -9999.0 -9999.0 -9999.0 -9999.0 -9999.0 -9999.0 -9999.0 -9999.0 -9999.0 -9999.0 -9999.0 -9999.0 -9999.0 -9999.0 -9999.0 -9999.0 -9999.0 -9999.0 -9999.0 -9999.0 -9999.0 -9999.0 -9999.0 -9999.0 -9999.0 -9999.0 -9999.0 -9999.0 -9999.0 -9999.0 -9999.0 -9999.0 -9999.0 -9999.0 -9999.0 -9999.0 -9999.0 -9999.0 -9999.0 -9999.0 -9999.0 -9999.0 -9999.0 -9999.0 -9999.0 -9999.0 -9999.0 -9999.0 -9999.0 -9999.0 -9999.0 -9999.0 -9999.0 -9999.0
-9999.0 -9999.0 -9999.0 -9999.0 -9999.0 -9999.0 -9999.0 -9999.0 -9999.0 -9999.0 -9999.0 -9999.0 -9999.0 -9999.0 -9999.0 -9999.0 -9999.0 -9999.0 -9999.0 -9999.0 3725.108084 3725.771609 3704.092025 3669.785301 3641.327642 3642.897147 3675.320259 3715.608312 3754.224386 3760.940318 3741.418583 3745.206086 3740.569482 3735.304832 3734.937290 3742.657210 3749.544690 3758.877579 3765.490202 3762.792292 3755.167919 3750.130856 3753.078052 3754.418627 3760.833679 3745.743296 3762.090521 3778.571771 3783.208919 3780.895400 3757.733165 3746.472458 3738.786126 3723.372350 3750.480940 3762.327183 3786.136989 3791.063278 3789.257386 3762.821117 3732.936639 -9999.0 -9999.0 -9999.0 -9999.0 -9999.0 -9999.0 -9999.0 -9999.0 -9999.0 -9999.0 -9999.0 -9999.0 -9999.0 -9999.0 -9999.0 -9999.0 -9999.0 -9999.0 -9999.0
-9999.0 -9999.0 -9999.0 -9999.0 -9999.0 -9999.0 -9999.0 -9999.0 -9999.0 -9999.0 -9999.0 -9999.0 -9999.0 -9999.0 3635.221265 3626.476200 3623.363830 3630.203128 3662.213021 3692.237736 3703.672176 3695.980189 3695.493221 3670.274081 3646.710358 3658.712006 3687.656634 3717.528905 3750.332705 3766.832507 3755.597524 3752.630082 3758.772597 3776.991418 3783.896763 3779.934619 3762.530378 3786.863412 3799.522374 3803.106411 3800.806414 3790.669513 3798.603241 3812.265608 3805.130070 3790.203359 3802.204787 3817.782466 3828.297667 3821.185592 3764.210461 3753.658793 3750.956333 3747.730841 3735.214036 3732.170297 3761.454407 3761.392255 3754.777945 3738.109612 3705.073783 3659.989320 3641.423540 3682.835988 3726.904708 3783.457490 -9999.0 -9999.0 -9999.0 -9999.0 -9999.0 -9999.0 -9999.0 -9999.0 -9999.0 -9999.0 -9999.0 -9999.0 -9999.0 -9999.0
-9999.0 -9999.0 -9999.0 -9999.0 -9999.0 -9999.0 -9999.0 -9999.0 -9999.0 3578.017273 3584.048397 3590.694247 3592.902867 3607.622436 3603.909362 3610.427778 3613.493009 3640.365683 3669.127764 3701.904909 3728.144225 3718.492565 3716.497161 3718.838328 3711.149796 3717.755447 3737.523094 3773.307494 3802.815732 3836.925403 3802.336298 3796.735751 3813.736035 3853.755143 3874.718747 3875.481574 3856.584669 3874.870704 3898.083789 3912.569217 3908.586086 3901.945568 3928.271063 3943.869909 3936.185685 3914.101419 3914.876611 3923.748030 3953.766446 3903.020734 3836.936874 3800.954266 3819.121448 3799.677298 3776.134261 3767.061751 3768.817845 3789.751064 3779.007876 3746.066944 3713.756950 3702.345303 3686.138643 3708.435176 3732.431722 3779.381204 3819.890608 3850.211450 3849.882971 3832.866997 -9999.0 -9999.0 -9999.0 -9999.0 -9999.0 -9999.0 -9999.0 -9999.0 -9999.0 -9999.0
-9999.0 -9999.0 -9999.0 -9999.0 -9999.0 -9999.0 3499.649719 3510.128229 3530.663155 3532.583952 3558.884050 3563.368421 3581.436809 3597.770546 3619.076072 3630.680235 3654.188120 3683.018962 3717.578993 3753.634133 3779.902985 3766.716294 3771.041405 3788.060130 3812.113705 3828.804707 3850.885003 3888.410925 3960.497695 3996.321156 3986.204595 3986.308291 3994.319183 4045.077167 4109.149651 4119.218138 4098.423791 4085.711596 4110.291892 4148.454527 4145.427553 4144.108622 4158.162951 4169.428922 4196.387348 4184.760314 4148.888619 4144.988003 4153.335790 4128.857976 4057.790316 4001.438815 3985.158806 3938.095688 3854.018722 3813.412314 3840.760356 3870.691405 3850.562535 3801.994390 3771.367848 3767.246586 3757.331285 3752.089294 3766.156469 3790.232076 3814.810285 3829.440453 3818.034003 3797.502205 3776.269678 3748.437866 3751.419758 3776.480527 -9999.0 -9999.0 -9999.0 -9999.0 -9999.0 -9999.0
-9999.0 -9999.0 -9999.0 -9999.0 3450.573881 3463.127735 3447.416829 3473.329311 3504.603896 3537.502964 3563.630748 3593.808703 3615.625891 3641.089357 3672.259243 3691.350692 3721.131794 3749.335780 3794.976458 3854.666937 3897.597579 3909.066393 3916.679036 3966.942776 4022.785086 4069.092232 4087.780382 4114.041832 4161.478836 4218.359781 4240.244627 4242.497086 4259.474374 4304.619033 4363.022245 4398.757305 4380.756801 4371.357805 4382.416020 4397.556762 4419.721835 4419.755556 4420.902498 4425.512868 4433.813292 4431.618860 4404.061938 4370.189373 4357.066617 4346.503566 4306.190155 4232.753239 4203.639495 4173.752321 4128.109599 4072.687524 4028.445745 4032.481245 3977.312965 3921.704740 3873.666686 3868.144947 3849.609638 3835.233562 3819.858638 3833.934917 3847.324888 3833.141657 3803.548177 3774.794339 3762.334080 3745.175212 3733.971376 3765.508599 3783.588189 3812.991640 -9999.0 -9999.0 -9999.0 -9999.0
-9999.0 -9999.0 3392.217686 3436.482650 3492.991027 3497.962421 3489.188710 3490.723276 3515.897088 3563.801563 3623.226231 3657.252641 3683.110159 3712.511427 3761.340899 3820.071004 3878.138257 3920.230084 3978.767413 4048.724377 4107.905265 4134.163212 4142.368524 4178.463723 4234.259020 4305.657614 4334.532472 4361.693878 4394.581234 4432.441061 4420.475313 4430.555723 4443.816466 4458.615030 4475.466852 4483.606761 4478.371798 4473.686878 4454.905997 4449.390432 4455.807443 4464.502587 4463.001746 4448.050507 4444.059160 4459.344668 4466.044657 4463.648194 4460.246432 4464.711171 4458.510932 4407.938887 4394.232391 4378.391155 4365.619661 4318.465512 4250.456144 4218.999877 4196.427981 4154.183920 4080.144146 4044.441190 4006.030083 3972.629670 3936.578760 3925.581466 3894.779693 3863.636848 3825.721432 3785.589887 3767.148185 3753.573346 3753.620837 3754.459905 3772.579697 3788.400154 3804.468484 3812.590333 -9999.0 -9999.0
-9999.0 3281.148372 3351.420999 3471.365831 3547.815064 3582.300315 3585.692892 3584.448974 3608.630965 3641.952652 3725.151312 3767.895739 3850.374508 3888.878763 3928.431388 4018.361585 4114.463878 4158.894991 4199.181587 4265.361827 4333.150859 4381.212280 4408.037789 4380.912010 4422.154085 4455.598242 4464.946334 4472.867960 4473.826464 4465.218140 4459.120843 4465.637427 4462.458185 4442.824828 4426.320395 4424.401538 4420.896082 4397.181897 4369.341226 4353.407131 4354.348276 4379.811868 4366.321279 4344.749958 4340.255024 4362.222242 4384.341604 4373.386207 4360.099655 4376.819265 4411.997420 4438.064825 4437.511394 4456.526330 4477.755255 4447.940630 4427.870444 4382.869022 4365.560182 4339.816200 4281.817549 4226.884129 4178.330032 4130.071063 4078.233148 4030.594186 3983.438520 3936.592766 3884.118985 3851.801694 3828.218392 3786.648761 3775.293034 3782.574157 3778.292871 3777.050231 3783.807916 3790.445866 -9999.0 -9999.0
-9999.0 3181.152727 3318.668140 3493.873259 3634.564756 3671.248463 3725.009222 3776.632497 3788.413959 3728.674656 3830.073886 4048.996573 4177.061136 4196.172753 4273.926268 4372.089953 4348.679731 4380.984540 4405.174729 4434.650953 4458.274981 4473.861527 4472.468758 4467.669427 4450.889775 4442.817380 4441.859338 4439.649281 4421.903169 4402.635001 4385.596480 4382.115599 4363.559077 4312.309689 4278.430407 4260.207255 4239.741507 4226.779471 4200.034232 4173.648811 4156.333465 4165.450749 4164.745812 4151.954137 4147.557350 4165.198136 4196.170121 4195.159000 4208.380299 4228.288639 4263.856367 4302.883168 4322.369547 4351.921193 4387.945760 4437.278694 4445.022107 4467.733364 4470.326824 4461.355095 4413.710677 4361.340491 4331.587805 4275.544877 4215.903414 4154.133681 4104.827130 4060.050680 4004.580651 3971.170653 3932.616725 3879.289128 3838.058163 3832.696484 3800.100277 3788.127488 -9999.0 -9999.0 -9999.0 -9999.0
-9999.0 3073.523790 3250.124631 3483.602697 3780.599403 3845.293977 4048.717436 4163.207986 4201.016265 4270.009751 4133.543847 4354.125449 4411.627831 4407.843491 4427.965303 4431.879360 4446.688971 4445.780695 4440.681188 4429.474796 4419.623468 4414.847807 4413.873787 4405.909115 4393.165022 4378.410210 4366.330333 4354.577092 4317.251132 4284.739813 4244.058381 4231.155153 4184.451044 4091.587044 4052.957142 4013.098207 3950.536989 3954.015360 3963.635635 3940.097573 3920.118418 3890.158337 3921.376389 3933.599062 3938.340406 3932.444864 3941.009673 3971.279753 4020.622672 4055.457900 4094.319415 4142.666979 4173.595089 4212.986520 4252.507239 4305.182471 4336.943156 4366.125573 4416.082168 4453.341863 4476.298874 4461.563941 4444.002476 4398.053615 4337.328190 4287.707374 4258.186079 4206.962914 4163.189018 4119.865202 4073.441616 4020.755588 3959.253169 3909.896534 3876.765306 -9999.0 -9999.0 -9999.0 -9999.0 -9999.0
-9999.0 2841.606506 3102.826205 3362.006774 3627.361980 3974.064981 4156.706947 4248.262016 4312.882644 4300.489775 4328.252599 4333.426791 4371.033909 4378.996445 4357.717004 4343.243942 4324.747804 4323.657925 4336.799288 4309.033947 4278.228117 4264.579824 4265.552262 4254.877040 4230.653291 4215.810942 4206.609199 4187.713504 4144.546372 4093.606529 4008.259888 3971.884365 3891.580566 3855.767666 3820.413571 3773.631188 3730.091470 3736.875167 3762.953909 3754.974102 3734.606362 3718.004300 3748.025186 3769.634135 3783.192429 3766.161078 3772.549561 3806.937074 3853.237920 3893.578668 3937.075340 3984.840009 4027.009675 4065.631088 4085.403537 4123.719530 4166.042553 4207.887933 4278.608462 4358.381226 4395.269950 4430.522200 4458.687777 4480.919453 4437.600816 4411.948774 4387.753496 4363.719904 4316.905463 4271.171774 4230.590553 4164.970116 4105.404136 -9999.0 -9999.0 -9999.0 -9999.0 -9999.0 -9999.0 -9999.0
-9999.0 2742.325906 2918.164987 3097.820450 3336.476877 3564.624810 3794.409986 3884.456347 3955.596690 4035.364217 4093.930144 4133.369035 4159.177167 4181.184926 4158.741046 4111.503700 4078.671496 4083.864850 4073.972257 4053.497186 4026.099777 4013.500875 4010.653749 4006.221617 3985.513172 3975.893298 3969.580950 3951.963278 3927.660700 3874.897115 3804.754930 3731.064350 3678.733193 3661.892107 3640.947357 3615.579275 3591.137945 3605.264344 3617.998030 3618.975422 3613.619650 3614.740439 3643.776739 3663.923037 3673.322159 3662.769861 3680.839767 3703.292546 3739.359946 3778.156132 3822.327053 3871.933202 3919.936121 3938.938071 3939.443078 3948.962743 3975.306603 4017.779814 4093.715095 4180.031246 4259.483030 4305.703552 4357.040665 4397.750574 4426.767408 4450.063916 4473.702759 4467.712201 4440.974796 4407.142570 4347.363355 -9999.0 -9999.0 -9999.0 -9999.0 -9999.0 -9999.0 -9999.0 -9999.0 -9999.0
-9999.0 -9999.0 2706.492195 2837.229911 2920.748819 3073.000220 3209.268450 3313.552023 3417.346597 3565.276361 3691.872567 3788.168796 3835.687439 3851.484222 3838.105859 3811.056158 3794.933650 3794.445889 3782.384200 3777.191761 3764.324140 3759.745521 3747.663407 3740.610992 3738.213057 3738.996255 3737.704784 3730.549750 3715.316678 3675.466919 3641.672297 3599.353207 3555.154265 3535.141184 3518.691360 3503.605874 3509.731470 3505.114515 3511.046595 3514.715245 3525.403160 3540.237210 3559.503760 3582.499671 3592.171921 3602.725051 3613.140557 3634.176217 3663.320097 3702.945464 3753.780171 3808.188579 3843.530692 3849.467388 3830.098164 3823.435459 3829.619264 3856.560697 3917.418458 3985.319411 4076.020896 4142.195847 4209.335687 4265.968925 4293.113561 4329.515466 4400.993724 4449.114144 4493.124716 4470.635475 -9999.0 -9999.0 -9999.0 -9999.0 -9999.0 -9999.0 -9999.0 -9999.0 -9999.0 -9999.0
-9999.0 -9999.0 -9999.0 -9999.0 2715.563442 2834.995616 2929.177648 3001.552269 3134.318629 3265.562515 3371.673182 3459.782623 3530.780596 3557.158941 3560.098966 3580.264762 3580.502425 3570.555751 3559.462100 3566.196963 3573.062124 3567.544038 3550.355276 3545.185006 3550.933431 3560.902197 3560.764005 3549.773345 3533.480684 3523.441318 3514.403665 3486.637540 3457.245887 3432.189963 3422.430235 3421.764653 3423.331407 3416.235658 3425.311271 3435.367547 3451.945471 3467.279673 3490.789443 3520.751562 3535.744241 3550.304125 3558.371455 3576.057502 3604.130830 3655.119322 3716.390844 3772.668052 3806.402953 3806.181319 3776.834056 3754.099236 3740.176571 3756.049788 3783.235543 3831.926297 3920.427819 3982.234733 4026.093426 4063.680468 4099.989227 4166.284900 4262.866996 4345.203906 -9999.0 -9999.0 -9999.0 -9999.0 -9999.0 -9999.0 -9999.0 -9999.0 -9999.0 -9999.0 -9999.0 -9999.0
-9999.0 -9999.0 -9999.0 -9999.0 -9999.0 -9999.0 2698.498465 2806.545280 2834.530292 2986.730045 3135.441764 3243.894978 3327.983927 3365.376910 3401.901425 3433.706866 3435.194157 3414.496188 3391.981077 3415.157623 3436.579079 3430.440104 3397.685907 3400.637892 3409.633366 3418.901313 3418.099534 3414.494574 3392.568114 3413.595934 3421.918618 3402.310473 3379.964241 3370.320816 3360.972289 3372.693998 3374.144428 3360.514253 3359.631202 3388.597229 3410.370054 3423.344736 3444.161223 3477.380605 3509.850423 3525.520450 3525.986225 3529.880229 3565.186150 3632.653079 3703.374215 3758.343564 3789.176956 3793.379396 3761.968120 3716.447217 3689.489006 3687.118339 3709.869050 3747.264392 3807.019691 3841.907569 3850.373400 3848.441664 3858.529989 3959.692688 -9999.0 -9999.0 -9999.0 -9999.0 -9999.0 -9999.0 -9999.0 -9999.0 -9999.0 -9999.0 -9999.0 -9999.0 -9999.0 -9999.0
-9999.0 -9999.0 -9999.0 -9999.0 -9999.0 -9999.0 -9999.0 -9999.0 -9999.0 -9999.0 -9999.0 -9999.0 -9999.0 -9999.0 -9999.0 -9999.0 -9999.0 -9999.0 -9999.0 -9999.0 -9999.0 -9999.0 -9999.0 -9999.0 -9999.0 -9999.0 -9999.0 -9999.0 -9999.0 -9999.0 -9999.0 -9999.0 -9999.0 -9999.0 -9999.0 -9999.0 -9999.0 -9999.0 -9999.0 -9999.0 -9999.0 -9999.0 -9999.0 -9999.0 -9999.0 -9999.0 -9999.0 -9999.0 -9999.0 -9999.0 -9999.0 -9999.0 -9999.0 -9999.0 -9999.0 -9999.0 -9999.0 -9999.0 -9999.0 -9999.0 -9999.0 -9999.0 -9999.0 -9999.0 -9999.0 -9999.0 -9999.0 -9999.0 -9999.0 -9999.0 -9999.0 -9999.0 -9999.0 -9999.0 -9999.0 -9999.0 -9999.0 -9999.0 -9999.0 -9999.0
-9999.0 -9999.0 -9999.0 -9999.0 -9999.0 -9999.0 -9999.0 -9999.0 -9999.0 -9999.0 -9999.0 -9999.0 -9999.0 -9999.0 -9999.0 -9999.0 -9999.0 -9999.0 -9999.0 -9999.0 -9999.0 -9999.0 -9999.0 -9999.0 -9999.0 -9999.0 -9999.0 -9999.0 -9999.0 -9999.0 -9999.0 -9999.0 -9999.0 -9999.0 -9999.0 -9999.0 -9999.0 -9999.0 -9999.0 -9999.0 -9999.0 -9999.0 -9999.0 -9999.0 -9999.0 -9999.0 -9999.0 -9999.0 -9999.0 -9999.0 -9999.0 -9999.0 -9999.0 -9999.0 -9999.0 -9999.0 -9999.0 -9999.0 -9999.0 -9999.0 -9999.0 -9999.0 -9999.0 -9999.0 -9999.0 -9999.0 -9999.0 -9999.0 -9999.0 -9999.0 -9999.0 -9999.0 -9999.0 -9999.0 -9999.0 -9999.0 -9999.0 -9999.0 -9999.0 -9999.0