Borden_/Borden1m_014/output_maps/psiliqL0022N0018.asc
ncols         80
nrows         18
xllcorner     620200.000000
yllcorner     5168000.000000
cellsize      1.000000
NODATA_value  -9999.0
-9999.0 -9999.0 -9999.0 -9999.0 -9999.0 -9999.0 -9999.0 -9999.0 -9999.0 -9999.0 -9999.0 -9999.0 -9999.0 -9999.0 -9999.0 -9999.0 -9999.0 -9999.0 -9999.0 -9999.0 -9999.0 -9999.0 -9999.0 -9999.0 -9999.0 -9999.0 -9999.0 -9999.0 -9999.0 -9999.0 -9999.0 -9999.0 -9999.0 -9999.0 -9999.0 -9999.0 -9999.0 -9999.0 -9999.0 -9999.0 -9999.0 -9999.0 -9999.0 -9999.0 -9999.0 -9999.0 -9999.0 -9999.0 -9999.0 -9999.0 -9999.0 -9999.0 -9999.0 -9999.0 -9999.0 -9999.0 -9999.0 -9999.0 -9999.0 -9999.0 -9999.0 -9999.0 -9999.0 -9999.0 -9999.0 -9999.0 -9999.0 -9999.0 -9999.0 -9999.0 -9999.0 -9999.0 -9999.0 -9999.0 -9999.0 -9999.0 -9999.0 -9999.0 -9999.0 -9999.0
-9999.0 -9999.0 -9999.0 -9999.0 -9999.0 -9999.0 -9999.0 -9999.0 -9999.0 -9999.0 -9999.0 -9999.0 -9999.0 -9999.0 -9999.0 -9999.0 -9999.0 -9999.0 -9999.0 -9999.0 -9999.0 -9999.0 -9999.0 -9999.0 -9999.0 -9999.0 -9999.0 -9999.0 -9999.0 -9999.0 -9999.0 -9999.0 -9999.0 -9999.0 -9999.0 -9999.0 -9999.0 -9999.0 -9999.0 -9999.0 -9999.0 -9999.0 -9999.0 -9999.0 -9999.0 -9999.0 -9999.0 -9999.0 -9999.0 -9999.0 -9999.0 -9999.0 -9999.0 -9999.0 -9999.0 -9999.0 -9999.0 -9999.0 -9999.0 -9999.0 -9999.0 -9999.0 -9999.0 -9999.0 -9999.0 -9999.0 -9999.0 -9999.0 -9999.0 -9999.0 -9999.0 -9999.0 -9999.0 -9999.0 -9999.0 -9999.0 -9999.0 -9999.0 -9999.0 -9999.0
-9999.0 -9999.0 -9999.0 -9999.0 -9999.0 -9999.0 -9999.0 -9999.0 -9999.0 -9999.0 -9999.0 -9999.0 -9999.0 -9999.0 -9999.0 -9999.0 -9999.0 -9999.0 -9999.0 -9999.0 2560.094068 2562.644439 2542.535421 2510.716959 2484.983014 2489.409365 2525.251473 2568.295128 2609.420133 2620.354266 2604.552419 2610.747498 2608.719264 2606.817172 2609.286358 2618.041158 2625.302579 2635.497650 2643.138664 2641.689218 2634.992089 2630.143475 2632.060816 2634.180891 2640.163618 2626.821207 2641.933828 2657.069424 2660.861124 2655.738760 2629.203331 2613.358431 2601.629061 2582.594826 2605.224712 2614.087169 2633.208492 2634.520185 2630.162444 2602.095325 2571.172781 -9999.0 -9999.0 -9999.0 -9999.0 -9999.0 -9999.0 -9999.0 -9999.0 -9999.0 -9999.0 -9999.0 -9999.0 -9999.0 -9999.0 -9999.0 -9999.0 -9999.0 -9999.0 -9999.0
-9999.0 -9999.0 -9999.0 -9999.0 -9999.0 -9999.0 -9999.0 -9999.0 -9999.0 -9999.0 -9999.0 -9999.0 -9999.0 -9999.0 2463.250685 2455.650112 2454.956065 2465.033977 2500.176327 2532.169115 2544.338459 2538.526661 2540.417576 2518.530556 2499.164504 2514.943554 2546.886104 2579.329675 2615.274647 2636.341719 2628.394659 2629.055485 2639.585590 2663.928515 2675.037404 2672.694762 2654.690672 2679.605066 2693.860688 2699.694041 2698.337578 2689.070411 2698.890768 2713.339240 2706.359844 2690.650681 2700.013400 2713.712219 2724.046487 2712.523650 2649.627223 2632.279756 2625.048719 2616.634761 2600.105676 2593.183355 2617.833701 2613.640683 2603.103011 2583.655548 2549.227362 2503.928440 2483.322963 2520.986609 2562.490971 2616.564858 -9999.0 -9999.0 -9999.0 -9999.0 -9999.0 -9999.0 -9999.0 -9999.0 -9999.0 -9999.0 -9999.0 -9999.0 -9999.0 -9999.0
-9999.0 -9999.0 -9999.0 -9999.0 -9999.0 -9999.0 -9999.0 -9999.0 -9999.0 2400.576963 2406.988296 2415.722989 2420.244368 2437.574365 2435.908948 2445.016836 2452.661189 2482.657933 2515.328633 2551.761161 2580.804563 2574.795065 2575.993998 2584.679352 2585.334320 2597.707579 2621.310674 2663.067359 2697.777866 2737.964872 2709.927408 2709.755155 2731.127414 2776.589808 2803.949743 2807.950299 2789.874415 2804.296714 2828.257658 2845.861533 2843.370565 2838.417053 2862.252073 2876.744698 2872.958046 2852.402693 2849.573812 2855.036786 2882.521545 2830.558624 2762.454042 2716.932028 2724.725410 2698.409451 2665.416513 2646.956032 2643.576770 2660.917883 2644.355777 2605.496133 2569.663178 2555.899480 2536.029202 2552.741980 2572.867279 2615.757875 2653.176261 2679.753756 2676.596735 2657.461968 -9999.0 -9999.0 -9999.0 -9999.0 -9999.0 -9999.0 -9999.0 -9999.0 -9999.0 -9999.0
-9999.0 -9999.0 -9999.0 -9999.0 -9999.0 -9999.0 2319.823497 2331.335583 2353.604285 2358.143041 2386.012343 2393.871103 2415.960241 2436.634516 2461.036375 2478.181875 2508.271331 2542.643914 2582.889437 2625.616357 2659.375461 2652.424812 2664.258370 2689.263353 2724.162942 2750.334529 2777.119410 2818.274452 2801.615769 2837.685421 2834.185082 2836.168517 2845.228013 2895.483368 2959.698280 2971.941740 2951.904580 2938.631505 2960.899768 2997.228934 2997.005295 2996.035609 2986.791560 2996.780497 3023.330632 3013.743218 2998.935093 2991.507495 2995.863473 2975.318848 2909.078734 2850.207019 2827.975042 2874.155481 2789.829164 2740.020240 2754.339506 2774.486167 2745.776431 2692.566408 2652.169032 2641.301807 2624.758064 2611.622680 2618.421866 2636.200319 2655.570499 2664.530112 2648.583745 2624.608140 2600.527179 2569.685343 2569.594354 2592.883759 -9999.0 -9999.0 -9999.0 -9999.0 -9999.0 -9999.0
-9999.0 -9999.0 -9999.0 -9999.0 2267.919983 2282.373614 2270.309532 2298.343085 2332.949682 2369.079757 2400.291352 2437.009570 2465.062760 2496.685431 2535.415532 2565.463202 2605.050675 2640.834976 2695.669835 2764.452503 2815.745227 2836.605637 2851.547713 2812.685628 2869.420616 2918.164646 2937.548867 2963.232537 2985.237151 3040.660649 3063.266024 3066.737270 3083.560459 3123.982394 3177.008413 3208.974025 3191.852518 3183.395759 3192.031108 3205.067882 3227.175989 3227.295422 3228.231598 3231.667831 3238.368158 3237.247794 3212.259050 3179.541119 3169.163895 3159.709775 3125.045151 3055.113334 3023.481405 2996.856897 2979.689141 2926.765384 2874.232338 2870.379491 2816.704871 2852.571275 2794.292654 2776.609726 2747.081226 2722.298763 2697.041102 2699.744444 2702.542553 2679.848684 2643.653603 2608.322642 2591.027558 2569.488438 2554.982100 2582.857667 2597.681996 2625.510879 -9999.0 -9999.0 -9999.0 -9999.0
-9999.0 -9999.0 2205.339657 2253.247398 2312.555184 2322.316393 2321.141952 2328.273841 2358.766723 2412.459432 2483.370448 2527.897116 2565.345131 2601.660659 2662.691455 2734.333294 2803.434330 2851.973399 2824.955298 2893.436305 2953.083965 2981.129398 2991.600855 3005.163179 3057.848341 3123.416291 3150.193329 3175.629035 3203.280651 3237.608893 3235.341331 3246.933903 3258.075650 3267.748199 3279.856283 3285.437591 3281.107682 3276.625875 3258.401707 3253.732533 3260.318956 3267.310210 3267.082655 3252.822114 3248.880435 3263.447426 3268.964215 3267.353296 3265.408052 3270.934399 3268.959848 3223.895455 3200.495835 3186.212318 3178.559675 3133.833155 3069.065760 3035.450307 3015.827372 2998.031594 2924.552964 2883.284688 2841.348870 2804.491423 2843.681389 2817.360253 2772.256104 2730.270507 2681.597727 2632.216232 2605.050882 2584.752899 2579.282068 2574.976066 2588.678194 2600.693496 2613.743680 2620.326722 -9999.0 -9999.0
-9999.0 2096.793856 2169.132978 2294.230779 2375.735882 2419.787829 2441.031883 2455.324267 2486.572494 2522.293174 2618.432939 2686.193703 2776.065674 2819.851179 2870.611919 2875.241052 2966.925069 2990.379486 3026.279360 3085.784917 3148.140089 3191.456639 3216.936261 3205.216324 3241.926404 3265.560581 3271.676039 3277.218395 3275.710715 3267.350147 3260.237507 3267.138100 3264.498624 3245.949833 3230.474080 3228.952606 3225.691340 3202.948912 3178.257100 3163.442805 3165.588826 3187.358779 3177.081995 3156.132105 3151.839513 3172.942535 3190.861877 3180.547242 3170.070017 3183.981518 3217.737863 3240.898299 3244.706365 3262.488573 3283.425783 3255.579155 3232.246200 3190.144498 3176.264531 3151.401520 3096.195307 3041.560647 2994.329087 2965.647238 2911.175353 2858.606630 2808.588590 2828.506514 2762.585534 2718.886236 2685.976678 2633.911782 2611.084736 2609.509890 2597.237381 2591.385600 2593.602887 2598.349939 -9999.0 -9999.0
-9999.0 2005.878456 2146.845161 2328.988787 2478.097502 2530.793531 2611.598006 2682.380297 2707.173739 2666.378486 2775.660491 2917.107741 3012.240043 3026.652779 3098.100060 3185.233285 3177.818072 3207.361117 3228.842847 3248.438819 3264.314001 3276.441135 3274.159196 3268.369416 3252.332986 3244.434247 3243.693659 3241.740437 3224.869494 3206.385853 3189.936537 3187.301299 3172.660218 3126.145846 3093.922950 3077.606769 3061.004820 3046.828451 3018.880270 2994.279091 3000.196100 2991.542918 2988.096075 2994.663734 2990.345695 2988.015578 3018.557033 3014.523934 3023.981187 3043.097325 3078.377696 3115.140108 3133.960444 3162.348818 3194.773152 3240.446525 3250.927444 3272.893480 3276.394968 3263.454782 3218.772186 3171.215775 3142.367839 3088.254008 3028.909787 2987.735681 2936.882810 2889.761793 2832.780831 2796.219223 2810.125931 2747.687648 2693.015863 2670.430609 2627.414851 2606.279266 -9999.0 -9999.0 -9999.0 -9999.0
-9999.0 1911.543283 2094.599557 2341.969025 2635.636301 2727.812692 2891.203995 2994.257543 3033.748754 3097.634405 3008.054278 3187.414935 3231.925688 3224.825519 3232.967152 3234.896272 3248.256685 3248.083649 3243.048410 3232.372359 3223.251271 3219.040541 3217.834099 3210.012089 3197.596272 3183.235479 3174.091022 3163.172108 3127.769427 3096.738801 3059.924226 3048.055141 3007.766679 2937.528397 2897.745459 2860.368589 2801.821301 2802.253957 2806.527534 2863.164072 2844.068765 2816.155709 2843.340847 2855.021746 2859.945774 2858.008460 2872.498137 2812.606879 2857.936193 2892.300271 2932.273309 2979.984364 2988.442994 3026.849209 3066.913206 3118.426517 3148.391273 3176.736275 3221.152295 3257.674296 3279.958473 3267.163120 3246.806913 3204.415228 3147.612370 3098.838568 3070.667379 3021.474206 2993.152259 2947.632082 2900.090758 2845.833227 2833.661625 2758.358305 2713.856940 -9999.0 -9999.0 -9999.0 -9999.0 -9999.0
-9999.0 1703.214409 1969.013556 2244.050434 2535.689952 2845.167400 2989.353181 3087.441690 3147.588932 3121.871046 3137.040561 3145.669301 3179.802548 3185.743548 3166.244712 3153.700114 3137.701129 3136.606316 3149.512712 3122.959931 3093.742993 3080.961221 3081.719596 3070.990168 3047.867384 3032.954695 3023.604039 3006.595027 2983.899016 2934.250883 2851.697574 2820.018352 2829.506279 2783.561240 2741.179749 2689.255129 2636.737056 2636.910728 2657.441362 2645.584114 2623.893697 2605.926006 2634.560109 2656.718629 2670.943162 2657.867654 2667.704854 2704.417090 2756.752148 2804.214201 2855.262829 2816.519928 2857.448166 2898.452939 2922.564063 2964.774654 2984.567882 3025.239596 3093.912372 3169.382164 3200.898967 3234.233291 3264.501572 3285.737173 3243.762606 3216.260093 3193.504334 3172.712554 3127.519343 3082.836602 3042.388019 2979.840971 2931.153965 -9999.0 -9999.0 -9999.0 -9999.0 -9999.0 -9999.0 -9999.0
-9999.0 1586.335548 1788.799707 1994.314335 2258.377321 2496.780670 2718.961325 2824.077430 2835.661542 2893.819915 2940.972380 2976.729238 2985.235702 3005.852370 2983.220921 2959.166390 2928.151557 2932.532931 2925.026880 2902.936812 2874.655398 2861.023585 2858.435143 2853.061804 2831.196531 2820.090583 2813.208870 2879.219928 2850.288083 2793.793455 2715.790193 2637.344814 2579.572574 2553.346862 2525.649909 2494.197012 2462.788927 2472.605041 2482.541209 2481.308713 2473.100022 2472.020023 2501.030431 2520.173210 2530.634377 2520.918932 2541.485773 2568.509854 2610.517706 2656.907393 2707.649929 2762.384150 2817.792927 2847.116008 2859.283538 2880.919214 2813.905380 2858.911991 2936.962706 3000.304910 3074.140477 3118.130980 3167.580462 3203.548159 3229.929475 3257.833903 3277.771236 3268.941386 3244.456982 3212.100119 3156.588917 -9999.0 -9999.0 -9999.0 -9999.0 -9999.0 -9999.0 -9999.0 -9999.0 -9999.0
-9999.0 -9999.0 1560.804000 1722.582644 1835.225449 2005.529332 2153.363784 2265.161908 2365.991271 2503.075180 2623.203051 2717.646463 2764.566792 2783.494814 2772.807050 2747.331071 2731.080423 2732.212851 2721.880329 2714.275101 2697.482310 2689.621604 2673.911701 2663.154259 2653.513559 2647.803713 2641.743346 2631.714785 2611.343039 2565.863064 2522.395660 2473.742738 2422.142794 2397.133571 2375.740000 2355.367864 2355.983051 2349.994786 2354.349965 2356.250435 2364.641184 2378.186331 2397.910220 2420.925210 2431.346523 2442.156897 2455.189669 2479.648047 2513.294138 2556.440411 2611.750550 2672.379361 2714.394166 2728.480859 2718.832100 2722.729427 2739.610148 2780.821392 2858.108330 2828.384724 2917.433352 2982.762353 3026.042101 3080.373019 3106.049470 3142.110705 3207.636573 3255.366025 3294.561602 3272.393518 -9999.0 -9999.0 -9999.0 -9999.0 -9999.0 -9999.0 -9999.0 -9999.0 -9999.0 -9999.0
-9999.0 -9999.0 -9999.0 -9999.0 1584.417723 1735.183898 1834.019619 1916.581808 2050.794645 2180.004210 2286.420439 2373.900460 2442.002489 2470.743305 2472.207452 2486.975451 2486.267075 2479.131475 2469.099455 2471.755350 2473.882864 2466.166706 2449.090079 2440.555460 2441.124514 2445.777790 2441.935397 2427.524079 2408.431282 2389.940710 2372.979834 2339.822097 2305.360350 2276.238789 2262.860119 2257.903396 2257.036932 2248.760746 2256.659398 2264.677864 2280.189716 2295.317097 2318.947997 2348.398806 2363.245609 2378.773109 2388.914754 2409.586208 2441.098047 2495.610299 2560.482888 2619.680421 2658.578295 2664.822569 2642.360218 2627.545980 2623.887923 2651.636115 2696.028669 2760.763199 2863.648063 2820.274127 2868.418589 2910.230943 2947.355309 2985.947013 3076.256614 3155.089120 -9999.0 -9999.0 -9999.0 -9999.0 -9999.0 -9999.0 -9999.0 -9999.0 -9999.0 -9999.0 -9999.0 -9999.0
-9999.0 -9999.0 -9999.0 -9999.0 -9999.0 -9999.0 1556.857513 1662.169686 1735.634180 1885.024216 2026.734120 2133.801141 2217.754561 2253.702998 2286.588688 2317.245979 2318.110097 2299.255607 2278.715432 2299.279351 2316.013508 2308.960251 2276.589030 2275.918768 2280.472675 2286.879463 2283.153318 2276.062124 2250.520493 2264.564937 2266.858036 2243.355447 2217.237206 2203.553444 2191.339295 2200.508477 2200.050508 2185.393863 2184.485454 2211.705539 2232.353869 2245.292919 2266.664310 2300.053262 2332.928945 2349.127822 2351.129812 2357.491750 2396.680077 2467.664672 2541.153141 2598.568296 2633.115096 2643.058871 2619.111657 2580.569999 2562.042402 2570.487387 2605.924670 2658.103966 2735.492595 2786.221098 2812.293334 2825.066462 2843.005053 2807.932924 -9999.0 -9999.0 -9999.0 -9999.0 -9999.0 -9999.0 -9999.0 -9999.0 -9999.0 -9999.0 -9999.0 -9999.0 -9999.0 -9999.0
-9999.0 -9999.0 -9999.0 -9999.0 -9999.0 -9999.0 -9999.0 -9999.0 -9999.0 -9999.0 -9999.0 -9999.0 -9999.0 -9999.0 -9999.0 -9999.0 -9999.0 -9999.0 -9999.0 -9999.0 -9999.0 -9999.0 -9999.0 -9999.0 -9999.0 -9999.0 -9999.0 -9999.0 -9999.0 -9999.0 -9999.0 -9999.0 -9999.0 -9999.0 -9999.0 -9999.0 -9999.0 -9999.0 -9999.0 -9999.0 -9999.0 -9999.0 -9999.0 -9999.0 -9999.0 -9999.0 -9999.0 -9999.0 -9999.0 -9999.0 -9999.0 -9999.0 -9999.0 -9999.0 -9999.0 -9999.0 -9999.0 -9999.0 -9999.0 -9999.0 -9999.0 -9999.0 -9999.0 -9999.0 -9999.0 -9999.0 -9999.0 -9999.0 -9999.0 -9999.0 -9999.0 -9999.0 -9999.0 -9999.0 -9999.0 -9999.0 -9999.0 -9999.0 -9999.0 -9999.0
-9999.0 -9999.0 -9999.0 -9999.0 -9999.0 -9999.0 -9999.0 -9999.0 -9999.0 -9999.0 -9999.0 -9999.0 -9999.0 -9999.0 -9999.0 -9999.0 -9999.0 -9999.0 -9999.0 -9999.0 -9999.0 -9999.0 -9999.0 -9999.0 -9999.0 -9999.0 -9999.0 -9999.0 -9999.0 -9999.0 -9999.0 -9999.0 -9999.0 -9999.0 -9999.0 -9999.0 -9999.0 -9999.0 -9999.0 -9999.0 -9999.0 -9999.0 -9999.0 -9999.0 -9999.0 -9999.0 -9999.0 -9999.0 -9999.0 -9999.0 -9999.0 -9999.0 -9999.0 -9999.0 -9999.0 -9999.0 -9999.0 -9999.0 -9999.0 -9999.0 -9999.0 -9999.0 -9999.0 -9999.0 -9999.0 -9999.0 -9999.0 -9999.0 -9999.0 -9999.0 -9999.0 -9999.0 -9999.0 -9999.0 -9999.0 -9999.0 -9999.0 -9999.0 -9999.0 -9999.0