Borden_/Borden1m_014/output_maps/psiliqL0005N0026.asc
ncols         80
nrows         18
xllcorner     620200.000000
yllcorner     5168000.000000
cellsize      1.000000
NODATA_value  -9999.0
-9999.0 -9999.0 -9999.0 -9999.0 -9999.0 -9999.0 -9999.0 -9999.0 -9999.0 -9999.0 -9999.0 -9999.0 -9999.0 -9999.0 -9999.0 -9999.0 -9999.0 -9999.0 -9999.0 -9999.0 -9999.0 -9999.0 -9999.0 -9999.0 -9999.0 -9999.0 -9999.0 -9999.0 -9999.0 -9999.0 -9999.0 -9999.0 -9999.0 -9999.0 -9999.0 -9999.0 -9999.0 -9999.0 -9999.0 -9999.0 -9999.0 -9999.0 -9999.0 -9999.0 -9999.0 -9999.0 -9999.0 -9999.0 -9999.0 -9999.0 -9999.0 -9999.0 -9999.0 -9999.0 -9999.0 -9999.0 -9999.0 -9999.0 -9999.0 -9999.0 -9999.0 -9999.0 -9999.0 -9999.0 -9999.0 -9999.0 -9999.0 -9999.0 -9999.0 -9999.0 -9999.0 -9999.0 -9999.0 -9999.0 -9999.0 -9999.0 -9999.0 -9999.0 -9999.0 -9999.0
-9999.0 -9999.0 -9999.0 -9999.0 -9999.0 -9999.0 -9999.0 -9999.0 -9999.0 -9999.0 -9999.0 -9999.0 -9999.0 -9999.0 -9999.0 -9999.0 -9999.0 -9999.0 -9999.0 -9999.0 -9999.0 -9999.0 -9999.0 -9999.0 -9999.0 -9999.0 -9999.0 -9999.0 -9999.0 -9999.0 -9999.0 -9999.0 -9999.0 -9999.0 -9999.0 -9999.0 -9999.0 -9999.0 -9999.0 -9999.0 -9999.0 -9999.0 -9999.0 -9999.0 -9999.0 -9999.0 -9999.0 -9999.0 -9999.0 -9999.0 -9999.0 -9999.0 -9999.0 -9999.0 -9999.0 -9999.0 -9999.0 -9999.0 -9999.0 -9999.0 -9999.0 -9999.0 -9999.0 -9999.0 -9999.0 -9999.0 -9999.0 -9999.0 -9999.0 -9999.0 -9999.0 -9999.0 -9999.0 -9999.0 -9999.0 -9999.0 -9999.0 -9999.0 -9999.0 -9999.0
-9999.0 -9999.0 -9999.0 -9999.0 -9999.0 -9999.0 -9999.0 -9999.0 -9999.0 -9999.0 -9999.0 -9999.0 -9999.0 -9999.0 -9999.0 -9999.0 -9999.0 -9999.0 -9999.0 -9999.0 -727.063905 -722.958876 -742.502392 -769.496825 -791.859349 -791.816144 -765.313527 -733.759592 -702.999698 -694.849673 -712.110132 -710.469501 -716.192312 -717.361685 -715.459534 -710.391378 -708.348135 -698.565771 -691.577641 -692.286395 -698.011777 -703.152107 -705.345781 -702.512919 -697.593498 -705.299037 -692.847716 -678.968400 -672.994519 -676.442376 -699.351061 -711.735714 -717.399899 -730.387148 -706.668457 -695.619828 -674.571135 -670.652978 -670.232606 -693.925523 -719.629735 -9999.0 -9999.0 -9999.0 -9999.0 -9999.0 -9999.0 -9999.0 -9999.0 -9999.0 -9999.0 -9999.0 -9999.0 -9999.0 -9999.0 -9999.0 -9999.0 -9999.0 -9999.0 -9999.0
-9999.0 -9999.0 -9999.0 -9999.0 -9999.0 -9999.0 -9999.0 -9999.0 -9999.0 -9999.0 -9999.0 -9999.0 -9999.0 -9999.0 -789.987369 -799.231632 -802.806732 -799.521992 -774.766071 -752.974682 -744.947877 -752.841731 -750.943667 -771.533093 -789.358259 -777.944120 -755.908703 -732.777259 -705.338419 -687.950842 -700.537809 -703.630576 -694.695927 -669.231628 -656.049522 -659.264313 -681.354152 -659.440922 -644.521428 -635.307763 -636.457454 -645.571902 -630.494047 -613.931799 -620.762444 -638.611789 -635.884035 -624.770297 -608.895395 -622.821070 -684.972111 -701.701615 -702.152363 -705.734137 -716.524734 -722.357808 -698.355372 -697.846206 -704.128560 -717.145050 -742.200327 -777.351666 -791.536132 -759.151206 -723.210675 -671.085217 -9999.0 -9999.0 -9999.0 -9999.0 -9999.0 -9999.0 -9999.0 -9999.0 -9999.0 -9999.0 -9999.0 -9999.0 -9999.0 -9999.0
-9999.0 -9999.0 -9999.0 -9999.0 -9999.0 -9999.0 -9999.0 -9999.0 -9999.0 -823.909141 -823.684769 -819.432268 -821.619244 -810.694430 -817.388394 -812.802173 -809.732168 -791.524764 -770.544248 -744.214207 -719.996462 -731.320835 -732.165849 -721.295178 -716.131150 -706.576720 -690.543373 -654.723397 -615.116868 -572.192220 -602.196493 -604.059637 -584.019868 -524.772800 -472.444755 -457.464813 -482.868340 -481.295946 -447.588472 -410.179563 -409.876499 -412.258368 -373.735030 -351.943278 -340.165617 -370.347592 -403.291020 -408.231548 -367.982306 -445.101799 -526.651974 -591.649867 -591.741185 -623.307232 -663.090294 -682.862028 -685.748648 -662.286789 -675.111024 -707.369493 -737.584607 -741.032404 -754.791650 -740.332359 -722.266227 -680.047124 -644.707437 -616.569220 -615.338000 -631.752681 -9999.0 -9999.0 -9999.0 -9999.0 -9999.0 -9999.0 -9999.0 -9999.0 -9999.0 -9999.0
-9999.0 -9999.0 -9999.0 -9999.0 -9999.0 -9999.0 -863.834648 -861.503851 -851.392616 -858.110486 -841.976263 -842.687016 -829.222366 -818.165146 -805.558241 -796.336798 -773.597443 -750.137463 -717.501318 -680.618579 -652.180755 -658.161361 -649.851977 -615.568962 -566.595266 -525.962922 -497.774687 -449.190075 -328.682241 -261.528698 -236.045683 -222.966630 -206.386968 -174.802096 -119.512855 -68.882844 -123.726771 -143.916212 -128.182099 -87.188743 -22.238240 -18.314758 -11.595667 -3.810041 21.866924 13.282799 -81.479181 -110.487415 -118.169260 -127.297411 -167.829496 -213.200422 -279.825148 -356.708684 -473.849065 -545.793484 -554.650506 -540.602572 -574.289602 -626.645799 -665.729067 -672.698914 -683.899019 -696.587472 -690.661759 -672.627575 -649.718627 -637.564350 -648.013494 -665.356959 -683.901615 -709.212941 -706.764077 -683.145073 -9999.0 -9999.0 -9999.0 -9999.0 -9999.0 -9999.0
-9999.0 -9999.0 -9999.0 -9999.0 -896.225703 -887.477114 -906.092213 -890.049635 -872.566687 -855.330967 -840.885232 -816.633864 -800.959418 -780.910060 -749.074661 -719.608391 -682.739634 -653.196792 -599.872241 -522.299156 -453.419838 -412.887928 -386.045959 -281.764621 -203.131676 -163.395799 -150.154626 -127.145415 -78.582504 29.279622 55.772873 47.198842 80.436034 88.586910 146.935703 181.881555 161.664411 134.008058 157.674480 167.099267 193.154371 194.442204 195.647129 196.046545 198.191516 199.101695 175.710738 122.398273 129.081988 125.065494 83.159370 44.309192 -45.446999 -85.841456 -111.986375 -148.865436 -201.159336 -228.688966 -313.626357 -402.601357 -497.984704 -532.843734 -569.368871 -594.841730 -624.744125 -621.900433 -616.535250 -633.757799 -660.104987 -687.553233 -698.079330 -712.951068 -722.241061 -693.753944 -678.372242 -648.511034 -9999.0 -9999.0 -9999.0 -9999.0
-9999.0 -9999.0 -913.453504 -899.145751 -867.687668 -872.110317 -875.707111 -879.953715 -865.986566 -832.400386 -774.444901 -736.638817 -699.294187 -675.430524 -619.284112 -525.342459 -426.718421 -348.465106 -254.382969 -188.930397 -141.149280 -102.242023 -32.522744 5.837183 36.510273 99.554893 100.673086 142.574633 171.186323 200.297496 224.741164 239.183629 244.926428 240.504871 240.422297 239.063621 236.518237 230.994340 215.339609 213.152259 220.531951 222.994404 225.569062 214.203140 210.472793 222.610995 224.394566 223.157062 225.843585 234.819946 243.550959 214.865423 161.295406 145.286003 119.599123 102.832566 46.466182 -37.225880 -69.435850 -109.825076 -175.464345 -215.414120 -286.638436 -374.746433 -461.688762 -505.653748 -555.490717 -593.419017 -633.681413 -673.570095 -691.990970 -705.865096 -705.155612 -704.858993 -689.247989 -674.793922 -659.399763 -652.072941 -9999.0 -9999.0
-9999.0 -938.800532 -929.955222 -867.450968 -831.970544 -806.488328 -779.590883 -758.660689 -741.410811 -737.562192 -638.000187 -516.365524 -404.381525 -359.421776 -271.027725 -169.252330 -34.612304 0.679611 17.486027 71.669012 121.943401 162.258250 189.109494 220.826751 244.649732 241.244380 238.955586 238.124134 230.688340 223.142657 213.058408 221.140710 220.113872 204.875799 192.248771 191.316058 186.729665 155.757710 135.242758 122.825701 127.460100 147.368457 115.409885 117.613294 114.726401 134.068249 149.045874 120.579693 128.994266 146.643798 177.750290 196.845785 212.866296 226.229622 244.814592 224.389241 192.409260 153.665150 117.912121 111.407062 19.690812 -44.077782 -97.549893 -157.128419 -208.406194 -292.748675 -397.796019 -480.998079 -552.013744 -587.961303 -614.769145 -663.103170 -682.259996 -677.364904 -684.950239 -686.291794 -679.407642 -673.306984 -9999.0 -9999.0
-9999.0 -981.808722 -925.946308 -839.110295 -741.905470 -698.957785 -574.956079 -481.761745 -451.790176 -483.601136 -315.034090 -37.472786 32.352968 37.340872 93.593906 163.314638 204.718455 227.340917 241.899916 234.963219 230.184503 232.845779 228.617090 220.973764 207.305442 200.414551 199.961569 197.870081 179.270326 158.709139 127.089692 141.839462 131.090004 97.175584 67.383019 54.729470 34.057806 -24.624381 -68.195196 -97.917867 -111.243863 -92.509372 -102.810968 -119.817538 -123.230025 -100.451808 -66.761896 -71.940893 -64.234186 -39.401104 5.414879 77.563917 99.043948 122.512216 142.076781 197.113436 216.277912 235.482067 240.069039 217.552309 177.338292 129.704501 101.682952 7.425161 -65.370976 -140.984383 -189.091837 -229.964291 -320.958200 -399.876357 -472.726061 -540.974607 -599.917959 -622.606773 -658.694642 -675.169082 -9999.0 -9999.0 -9999.0 -9999.0
-9999.0 -993.685291 -932.355614 -791.382713 -583.245270 -424.884509 -206.250516 -79.437577 58.691530 42.892995 135.049655 219.370705 230.419189 216.990239 193.661055 191.290036 201.629546 204.225453 199.610545 190.691558 179.786090 175.234912 157.013637 165.814664 154.344419 140.540025 129.128765 116.707465 41.877045 5.355056 -23.210984 -40.086423 -75.192634 -153.918576 -183.279212 -204.903351 -272.048454 -291.805587 -313.324619 -360.863154 -389.987359 -409.747239 -384.795976 -389.145166 -390.396895 -375.535829 -340.406178 -313.391307 -253.704690 -210.419385 -178.979053 -134.842462 -102.214808 -57.358740 -5.935586 83.641310 113.103297 139.269511 165.341713 217.952845 239.198315 231.598279 203.158030 165.911331 105.265514 5.202930 -43.825144 -106.832609 -161.720228 -200.106299 -230.646364 -300.408337 -415.145241 -532.274927 -572.464573 -9999.0 -9999.0 -9999.0 -9999.0 -9999.0
-9999.0 -1063.205199 -948.279078 -816.755106 -521.828918 -196.564671 -101.197276 131.940681 197.019645 125.100695 44.056661 104.855414 111.266883 141.726049 119.931593 111.958489 105.352058 105.035834 116.781311 89.176899 25.023296 7.018220 4.045341 -8.772190 -33.114872 -53.020896 -68.201345 -89.803782 -139.781956 -176.430166 -229.981549 -268.143902 -375.246959 -475.267160 -531.626275 -582.175100 -634.486137 -635.783939 -620.790012 -637.730326 -658.197405 -676.525188 -652.773663 -639.905676 -630.165623 -639.838808 -632.505142 -600.581471 -552.889448 -507.609643 -443.776724 -357.684066 -285.527668 -213.997665 -187.314776 -143.380832 -100.140514 -50.681906 23.566306 131.080331 160.361775 193.346157 229.181912 246.046514 206.471033 164.680350 112.958789 19.277864 -67.304624 -110.620591 -133.099774 -161.624626 -202.766525 -9999.0 -9999.0 -9999.0 -9999.0 -9999.0 -9999.0 -9999.0
-9999.0 -1103.928736 -989.692559 -936.639514 -752.067380 -539.229461 -327.476070 -194.493663 -58.838277 -146.091009 -156.500976 -134.714548 -109.547115 -89.017506 -110.662387 -139.993560 -159.554423 -155.828575 -154.559735 -172.893069 -195.356312 -205.236058 -206.222897 -215.644047 -254.023400 -280.449663 -298.056776 -332.927897 -393.057404 -470.690733 -567.686360 -630.233849 -686.302021 -716.335865 -739.873900 -764.912640 -797.845369 -786.072961 -772.978301 -776.899803 -787.567512 -792.882898 -768.285720 -755.003526 -746.910390 -761.406732 -746.237091 -725.654434 -691.121199 -656.839874 -615.831074 -566.172950 -513.046386 -477.314905 -452.655696 -403.329317 -329.086185 -237.631010 -166.939142 -75.336545 -0.326599 79.513291 126.600176 142.791554 179.961936 195.283905 194.058141 145.116245 -35.756493 -64.390249 -74.541706 -9999.0 -9999.0 -9999.0 -9999.0 -9999.0 -9999.0 -9999.0 -9999.0 -9999.0
-9999.0 -9999.0 -1128.778618 -1069.343385 -1012.088856 -931.378895 -834.182837 -746.171494 -689.009563 -626.514681 -549.945255 -473.805915 -426.293357 -405.239285 -432.304635 -487.346606 -520.275308 -519.511130 -529.097713 -546.695203 -575.706201 -586.200163 -594.399028 -601.520122 -616.370704 -624.015182 -628.557514 -638.136572 -658.071596 -698.964906 -742.952405 -781.689852 -821.162514 -833.290355 -845.365145 -859.715967 -857.704405 -859.075697 -854.826590 -854.975391 -851.855002 -844.881759 -833.053563 -819.944168 -815.213549 -811.226930 -803.791058 -788.254186 -765.315047 -735.843183 -694.306013 -647.044847 -614.429988 -605.679248 -617.073648 -612.394094 -591.668158 -546.415774 -433.220480 -285.486338 -190.460265 -128.074321 -56.272687 -6.838284 19.803867 73.008835 116.167613 16.271211 -113.908645 -95.230733 -9999.0 -9999.0 -9999.0 -9999.0 -9999.0 -9999.0 -9999.0 -9999.0 -9999.0 -9999.0
-9999.0 -9999.0 -9999.0 -9999.0 -1145.567430 -1068.724019 -1008.189216 -997.597778 -940.139928 -890.446892 -840.592591 -791.705963 -755.593694 -737.735948 -751.438650 -758.832991 -765.774911 -766.664224 -772.613992 -778.032399 -782.676938 -787.967047 -794.629880 -800.150262 -800.152719 -797.007914 -797.539926 -806.824558 -814.775242 -834.208557 -846.562498 -865.204867 -883.202078 -898.034800 -900.966691 -903.599682 -901.034308 -905.133845 -898.326995 -898.732154 -891.183806 -884.792203 -873.023439 -857.316497 -854.052339 -845.487123 -841.102535 -828.329358 -812.324499 -776.614359 -729.650998 -684.463036 -656.972415 -656.214856 -683.137699 -698.690870 -704.011281 -681.806766 -642.429703 -577.185558 -459.044274 -339.807861 -234.786547 -190.063089 -162.403350 -116.198142 -62.467309 -43.105369 -9999.0 -9999.0 -9999.0 -9999.0 -9999.0 -9999.0 -9999.0 -9999.0 -9999.0 -9999.0 -9999.0 -9999.0
-9999.0 -9999.0 -9999.0 -9999.0 -9999.0 -9999.0 -1121.881286 -1083.713879 -1084.117822 -1045.085717 -1005.672734 -969.694799 -930.488447 -922.961262 -913.232522 -895.159236 -898.652683 -909.865044 -921.966111 -907.030083 -899.916613 -900.820427 -920.604847 -918.441305 -916.171048 -908.787709 -909.456938 -909.959899 -927.274516 -914.168626 -909.576213 -918.513599 -927.719565 -929.028854 -934.338941 -924.200519 -923.034970 -932.073621 -933.291635 -918.201374 -910.724929 -908.152732 -899.834880 -883.852359 -865.484704 -859.140333 -861.714210 -863.058908 -838.261109 -790.667559 -739.265337 -697.819712 -673.549149 -668.374814 -695.645129 -733.433325 -753.883893 -752.028381 -727.498272 -686.511733 -620.566306 -576.983424 -544.335319 -514.131129 -473.986505 -325.889761 -9999.0 -9999.0 -9999.0 -9999.0 -9999.0 -9999.0 -9999.0 -9999.0 -9999.0 -9999.0 -9999.0 -9999.0 -9999.0 -9999.0
-9999.0 -9999.0 -9999.0 -9999.0 -9999.0 -9999.0 -9999.0 -9999.0 -9999.0 -9999.0 -9999.0 -9999.0 -9999.0 -9999.0 -9999.0 -9999.0 -9999.0 -9999.0 -9999.0 -9999.0 -9999.0 -9999.0 -9999.0 -9999.0 -9999.0 -9999.0 -9999.0 -9999.0 -9999.0 -9999.0 -9999.0 -9999.0 -9999.0 -9999.0 -9999.0 -9999.0 -9999.0 -9999.0 -9999.0 -9999.0 -9999.0 -9999.0 -9999.0 -9999.0 -9999.0 -9999.0 -9999.0 -9999.0 -9999.0 -9999.0 -9999.0 -9999.0 -9999.0 -9999.0 -9999.0 -9999.0 -9999.0 -9999.0 -9999.0 -9999.0 -9999.0 -9999.0 -9999.0 -9999.0 -9999.0 -9999.0 -9999.0 -9999.0 -9999.0 -9999.0 -9999.0 -9999.0 -9999.0 -9999.0 -9999.0 -9999.0 -9999.0 -9999.0 -9999.0 -9999.0
-9999.0 -9999.0 -9999.0 -9999.0 -9999.0 -9999.0 -9999.0 -9999.0 -9999.0 -9999.0 -9999.0 -9999.0 -9999.0 -9999.0 -9999.0 -9999.0 -9999.0 -9999.0 -9999.0 -9999.0 -9999.0 -9999.0 -9999.0 -9999.0 -9999.0 -9999.0 -9999.0 -9999.0 -9999.0 -9999.0 -9999.0 -9999.0 -9999.0 -9999.0 -9999.0 -9999.0 -9999.0 -9999.0 -9999.0 -9999.0 -9999.0 -9999.0 -9999.0 -9999.0 -9999.0 -9999.0 -9999.0 -9999.0 -9999.0 -9999.0 -9999.0 -9999.0 -9999.0 -9999.0 -9999.0 -9999.0 -9999.0 -9999.0 -9999.0 -9999.0 -9999.0 -9999.0 -9999.0 -9999.0 -9999.0 -9999.0 -9999.0 -9999.0 -9999.0 -9999.0 -9999.0 -9999.0 -9999.0 -9999.0 -9999.0 -9999.0 -9999.0 -9999.0 -9999.0 -9999.0