Borden_/Borden1m_014/output_maps/psiliqL0004N0013.asc
ncols         80
nrows         18
xllcorner     620200.000000
yllcorner     5168000.000000
cellsize      1.000000
NODATA_value  -9999.0
-9999.0 -9999.0 -9999.0 -9999.0 -9999.0 -9999.0 -9999.0 -9999.0 -9999.0 -9999.0 -9999.0 -9999.0 -9999.0 -9999.0 -9999.0 -9999.0 -9999.0 -9999.0 -9999.0 -9999.0 -9999.0 -9999.0 -9999.0 -9999.0 -9999.0 -9999.0 -9999.0 -9999.0 -9999.0 -9999.0 -9999.0 -9999.0 -9999.0 -9999.0 -9999.0 -9999.0 -9999.0 -9999.0 -9999.0 -9999.0 -9999.0 -9999.0 -9999.0 -9999.0 -9999.0 -9999.0 -9999.0 -9999.0 -9999.0 -9999.0 -9999.0 -9999.0 -9999.0 -9999.0 -9999.0 -9999.0 -9999.0 -9999.0 -9999.0 -9999.0 -9999.0 -9999.0 -9999.0 -9999.0 -9999.0 -9999.0 -9999.0 -9999.0 -9999.0 -9999.0 -9999.0 -9999.0 -9999.0 -9999.0 -9999.0 -9999.0 -9999.0 -9999.0 -9999.0 -9999.0
-9999.0 -9999.0 -9999.0 -9999.0 -9999.0 -9999.0 -9999.0 -9999.0 -9999.0 -9999.0 -9999.0 -9999.0 -9999.0 -9999.0 -9999.0 -9999.0 -9999.0 -9999.0 -9999.0 -9999.0 -9999.0 -9999.0 -9999.0 -9999.0 -9999.0 -9999.0 -9999.0 -9999.0 -9999.0 -9999.0 -9999.0 -9999.0 -9999.0 -9999.0 -9999.0 -9999.0 -9999.0 -9999.0 -9999.0 -9999.0 -9999.0 -9999.0 -9999.0 -9999.0 -9999.0 -9999.0 -9999.0 -9999.0 -9999.0 -9999.0 -9999.0 -9999.0 -9999.0 -9999.0 -9999.0 -9999.0 -9999.0 -9999.0 -9999.0 -9999.0 -9999.0 -9999.0 -9999.0 -9999.0 -9999.0 -9999.0 -9999.0 -9999.0 -9999.0 -9999.0 -9999.0 -9999.0 -9999.0 -9999.0 -9999.0 -9999.0 -9999.0 -9999.0 -9999.0 -9999.0
-9999.0 -9999.0 -9999.0 -9999.0 -9999.0 -9999.0 -9999.0 -9999.0 -9999.0 -9999.0 -9999.0 -9999.0 -9999.0 -9999.0 -9999.0 -9999.0 -9999.0 -9999.0 -9999.0 -9999.0 -729.954598 -726.059011 -738.718865 -754.823291 -768.141301 -768.843280 -753.370229 -734.843175 -715.354993 -710.598430 -723.289075 -721.241961 -725.782181 -727.538711 -726.861501 -723.173992 -721.529154 -715.206416 -710.824537 -711.750807 -715.866187 -719.244794 -721.205550 -719.634978 -715.664133 -721.558268 -712.466568 -702.805608 -698.906540 -700.527487 -715.361394 -722.655128 -725.784990 -735.528542 -717.885786 -711.008410 -696.501384 -694.231309 -693.135690 -709.432593 -726.429014 -9999.0 -9999.0 -9999.0 -9999.0 -9999.0 -9999.0 -9999.0 -9999.0 -9999.0 -9999.0 -9999.0 -9999.0 -9999.0 -9999.0 -9999.0 -9999.0 -9999.0 -9999.0 -9999.0
-9999.0 -9999.0 -9999.0 -9999.0 -9999.0 -9999.0 -9999.0 -9999.0 -9999.0 -9999.0 -9999.0 -9999.0 -9999.0 -9999.0 -762.771175 -769.026060 -771.719291 -771.660399 -757.571025 -745.502957 -742.337131 -748.345562 -745.161233 -758.785639 -770.760877 -763.322894 -750.548451 -737.881319 -720.833756 -709.224973 -718.422045 -720.696325 -714.789597 -696.663903 -687.767406 -690.626827 -708.468852 -691.066741 -680.515012 -674.003827 -674.850227 -682.438430 -670.926718 -657.996505 -663.946992 -677.793057 -675.108276 -666.595683 -654.229754 -663.238524 -710.449257 -719.917174 -719.088744 -720.229619 -727.686955 -732.211554 -714.247549 -715.070390 -719.030764 -725.933449 -740.773033 -762.310754 -771.333957 -750.545512 -729.175054 -693.538395 -9999.0 -9999.0 -9999.0 -9999.0 -9999.0 -9999.0 -9999.0 -9999.0 -9999.0 -9999.0 -9999.0 -9999.0 -9999.0 -9999.0
-9999.0 -9999.0 -9999.0 -9999.0 -9999.0 -9999.0 -9999.0 -9999.0 -9999.0 -778.827119 -779.707538 -777.479218 -780.447785 -774.108291 -781.276830 -778.660771 -778.653990 -768.549202 -758.103433 -743.171056 -727.228086 -736.360434 -737.319668 -729.694808 -727.293765 -722.163348 -712.534670 -687.292629 -659.710694 -626.568001 -652.852824 -654.784361 -640.522870 -595.878869 -554.504106 -544.180828 -562.804344 -563.099829 -538.864889 -512.875728 -514.357612 -516.578023 -492.952062 -480.098422 -471.117474 -489.742262 -509.531658 -513.431636 -486.075564 -536.785527 -596.832579 -646.988054 -642.233071 -665.323414 -694.010818 -707.146599 -709.858781 -691.101183 -699.983446 -721.938332 -741.320278 -740.498891 -749.928174 -740.253868 -730.279057 -701.812616 -677.149399 -656.149123 -655.199195 -667.810653 -9999.0 -9999.0 -9999.0 -9999.0 -9999.0 -9999.0 -9999.0 -9999.0 -9999.0 -9999.0
-9999.0 -9999.0 -9999.0 -9999.0 -9999.0 -9999.0 -796.220288 -796.059453 -791.250409 -799.936146 -790.683540 -794.186916 -786.900096 -782.152324 -776.040342 -772.988380 -760.200010 -747.396368 -727.877529 -704.149682 -684.521149 -690.888020 -685.392911 -661.225854 -626.392818 -595.387149 -574.392270 -540.822639 -463.692643 -412.007088 -389.855623 -380.560601 -353.748695 -14.451787 61.127794 65.376658 62.062676 59.307507 62.035182 67.381999 67.341860 66.800786 67.726922 68.525081 73.524095 72.795248 66.748106 65.455031 65.339779 62.910762 2.746154 -350.570206 -429.895638 -481.237457 -555.735032 -610.729717 -618.786014 -603.882972 -628.034364 -667.414905 -695.286945 -698.438375 -705.454723 -714.904214 -710.375881 -698.270806 -681.819128 -672.574794 -680.187844 -692.037709 -703.370902 -720.950577 -718.821686 -702.238020 -9999.0 -9999.0 -9999.0 -9999.0 -9999.0 -9999.0
-9999.0 -9999.0 -9999.0 -9999.0 -815.269833 -809.779174 -824.522256 -814.793599 -806.050774 -798.302752 -794.324812 -781.907418 -775.553173 -765.326086 -746.936055 -730.548302 -706.835842 -688.041789 -649.934400 -593.325450 -542.059451 -514.838189 -502.776576 -436.367995 -297.451409 18.126305 57.946754 62.177296 66.604599 75.659873 79.411759 80.238921 84.670721 98.240835 106.507357 112.216340 109.026872 108.546171 108.803612 109.087622 113.947239 113.641379 114.342062 114.232647 115.911955 118.318778 110.909830 106.322239 105.278066 104.616590 100.316844 80.580610 72.549427 68.844077 65.234829 33.170979 -288.128185 -379.284234 -455.285091 -509.489724 -576.510688 -600.126800 -625.121941 -642.850263 -665.803326 -662.654268 -657.567815 -670.559097 -689.452376 -708.424644 -713.918708 -723.298618 -730.720692 -710.028587 -700.388255 -678.517706 -9999.0 -9999.0 -9999.0 -9999.0
-9999.0 -9999.0 -819.940997 -816.442101 -799.616994 -806.237823 -810.611986 -816.470729 -810.738374 -792.830169 -760.151625 -740.935692 -718.196888 -703.943393 -664.203148 -594.224752 -523.205109 -478.846867 -411.747641 -25.044625 58.293217 64.530488 65.581690 71.273728 82.640145 99.622790 104.082548 106.872602 109.650820 117.946399 140.796349 155.939633 159.640686 157.056331 154.278362 152.843691 150.940901 148.269399 132.544158 130.393218 136.610043 138.410826 141.790786 130.278192 126.568367 138.592226 140.973888 142.786915 145.288520 154.286999 163.168464 135.644113 108.011180 107.013856 107.498529 100.371598 83.380612 74.504069 72.106588 65.779990 4.321199 -333.770551 -437.469107 -495.857446 -548.970653 -575.094180 -612.576809 -641.281813 -671.204935 -700.310383 -712.041185 -720.195059 -718.274644 -719.346298 -708.104995 -698.431828 -686.832443 -681.748510 -9999.0 -9999.0
-9999.0 -828.698015 -830.066374 -798.901944 -786.710065 -776.159624 -764.219466 -753.992493 -744.091947 -746.179300 -676.112823 -582.611111 -505.154263 -483.188164 -424.339367 -29.531801 61.687584 69.539057 75.736490 93.091402 103.103045 108.853559 111.910616 139.561539 162.166003 157.598932 155.211132 152.886046 144.747520 136.708280 127.224741 134.883612 134.898296 120.355328 111.057081 110.547964 110.207685 107.236277 103.965282 102.713905 103.637608 107.614765 105.747500 102.668996 102.039844 105.063146 107.462632 105.942084 103.732476 106.489873 111.903447 117.023945 132.829301 146.844643 165.152983 143.897329 113.429743 106.952516 105.752062 103.204369 94.952444 78.536678 68.018243 28.042296 -285.762344 -445.644585 -510.311037 -559.760666 -611.262448 -637.523925 -656.612616 -693.229523 -705.871981 -700.488837 -705.861073 -706.698926 -701.737085 -697.528240 -9999.0 -9999.0
-9999.0 -855.079908 -827.091520 -788.419185 -738.756353 -719.610919 -628.925033 -553.439725 -534.123645 -559.577927 -454.141755 34.080206 72.579302 72.659530 84.344715 106.175222 126.253794 147.714208 160.300172 152.938750 145.916668 147.313573 142.074317 133.662179 120.178399 114.731332 114.665236 114.280079 110.409854 108.070926 105.167694 105.633296 104.358651 99.807072 93.300896 82.278025 78.497011 75.938531 71.243531 67.839720 65.767148 69.894281 68.120752 65.230529 64.372788 67.782599 73.288981 71.388715 72.792646 78.295241 92.752419 99.232248 101.169586 104.368177 108.973848 118.485078 135.274228 154.265310 159.869591 136.974112 111.867743 104.738941 102.410580 94.508373 78.365639 62.396473 -5.952522 -365.503657 -458.169820 -507.068268 -553.516650 -601.569590 -646.892288 -662.176598 -689.305454 -698.668718 -9999.0 -9999.0 -9999.0 -9999.0
-9999.0 -859.327868 -830.663482 -762.477786 -627.563648 -519.316530 -15.404055 66.930572 75.035031 84.591937 90.729941 148.942380 156.503782 141.325733 115.608225 111.797263 118.399006 120.330568 116.309877 110.793498 109.213959 108.638566 108.427588 107.496072 106.267234 104.758318 103.753351 103.576640 99.331327 93.850247 79.713815 76.665260 72.264977 55.606898 -12.809477 -336.651972 -427.231453 -434.898046 -450.527469 -483.514465 -500.578849 -512.034221 -496.168140 -500.742050 -502.305049 -492.330891 -469.535460 -454.825367 -407.205495 -336.350543 0.269477 61.926702 67.963582 76.113268 91.323428 100.405782 103.066921 105.935945 112.134822 137.264517 156.348026 149.946059 123.184501 110.914479 102.356324 95.710155 90.670139 72.860437 61.771610 4.779058 -312.168496 -439.660967 -515.671608 -591.961151 -623.039301 -9999.0 -9999.0 -9999.0 -9999.0 -9999.0
-9999.0 -899.635152 -834.976564 -776.003061 -577.994637 -27.833622 65.312519 100.628090 137.629663 100.508980 97.076727 100.140813 105.945093 105.954175 102.547261 102.855512 101.954293 101.755606 104.456878 98.362652 86.383523 81.836143 81.796095 79.730072 75.670726 73.389984 72.308359 70.498512 61.998285 4.580897 -378.146323 -412.756773 -491.291140 -558.271350 -600.174032 -636.782030 -675.150614 -675.019942 -661.984886 -674.397621 -689.275034 -703.533242 -685.517042 -676.168953 -668.562851 -676.869676 -672.543866 -648.457101 -612.719143 -581.177176 -539.198129 -486.207834 -438.793009 -355.981674 -11.719418 59.703518 67.972101 75.387571 94.539008 106.272963 109.354462 114.225137 148.083135 165.780555 129.167807 109.394825 105.225931 100.962059 92.899834 86.805635 74.785684 58.206135 -175.733701 -9999.0 -9999.0 -9999.0 -9999.0 -9999.0 -9999.0 -9999.0
-9999.0 -921.557527 -853.832828 -836.910698 -740.838684 -593.516704 -454.027597 -43.369804 54.944748 57.294796 60.474743 63.987916 67.748433 71.373479 67.814263 62.578102 58.505014 59.596369 58.075113 12.394954 -265.672263 -338.837866 -339.994468 -356.263369 -404.087062 -426.355460 -439.106762 -464.256215 -502.779874 -554.236786 -625.018116 -671.302782 -709.926331 -727.817896 -741.448635 -755.577777 -776.841553 -767.258341 -758.575849 -760.936205 -767.672819 -771.813271 -755.916513 -748.585312 -743.403485 -754.978099 -744.883817 -732.982673 -710.562953 -687.638840 -658.457114 -621.343919 -581.183958 -557.868454 -544.948580 -513.432385 -469.751211 -390.287194 -0.146529 70.468112 92.435931 99.329737 105.624333 110.125497 111.760948 124.694976 129.927733 107.378667 94.322224 97.383763 97.373994 -9999.0 -9999.0 -9999.0 -9999.0 -9999.0 -9999.0 -9999.0 -9999.0 -9999.0
-9999.0 -9999.0 -937.340636 -906.771303 -879.639301 -845.360506 -799.062640 -755.359221 -714.591050 -666.464081 -607.191402 -551.044982 -518.492948 -504.648517 -523.474232 -563.947631 -590.016500 -588.833113 -595.923750 -610.563679 -633.323153 -639.586148 -645.352357 -649.977068 -660.400423 -665.500986 -668.267643 -674.242254 -687.276880 -715.149526 -742.495632 -764.096965 -786.033298 -789.378071 -794.418008 -801.809828 -798.240876 -799.393050 -797.303421 -797.802643 -796.044536 -792.439896 -787.152251 -780.647365 -779.048618 -777.041909 -773.805056 -766.070020 -754.205707 -738.227023 -712.472770 -679.897253 -656.397824 -650.303006 -659.859388 -656.674332 -641.816365 -610.104747 -533.050695 -438.423238 -17.707862 61.931495 76.554414 94.170429 97.699468 99.877138 104.441085 99.548511 63.938229 87.753351 -9999.0 -9999.0 -9999.0 -9999.0 -9999.0 -9999.0 -9999.0 -9999.0 -9999.0 -9999.0
-9999.0 -9999.0 -9999.0 -9999.0 -950.307940 -907.348196 -870.743964 -871.063307 -841.384019 -819.077789 -796.316597 -771.131720 -751.068356 -740.004350 -750.204600 -753.894083 -757.513413 -757.116311 -760.478792 -763.744353 -765.886414 -768.600035 -771.887530 -775.094888 -774.479069 -772.066190 -771.882498 -777.272418 -779.890219 -790.342702 -794.413405 -802.401020 -809.933194 -817.085826 -817.026151 -817.945533 -815.746106 -818.443582 -814.253837 -815.809121 -812.004324 -809.549153 -804.256710 -796.420777 -796.824415 -792.378510 -791.039745 -784.726512 -778.788076 -760.428071 -733.339150 -704.577207 -686.030556 -685.902683 -705.819157 -716.084478 -720.385869 -705.403104 -678.942323 -632.403822 -549.708575 -478.383440 -391.053542 -9.345192 58.188804 68.520624 88.426278 95.086337 -9999.0 -9999.0 -9999.0 -9999.0 -9999.0 -9999.0 -9999.0 -9999.0 -9999.0 -9999.0 -9999.0 -9999.0
-9999.0 -9999.0 -9999.0 -9999.0 -9999.0 -9999.0 -932.657445 -911.127609 -915.780439 -896.947161 -879.065199 -863.929427 -844.455883 -843.497999 -837.918475 -825.754086 -827.599190 -834.035048 -841.661831 -831.231910 -826.417241 -826.035728 -838.274078 -835.646904 -834.242089 -829.653538 -830.106573 -829.012537 -839.385318 -828.683276 -823.960624 -827.406026 -830.818221 -829.656871 -832.412568 -825.473819 -824.659162 -830.414891 -831.845205 -823.059038 -819.805863 -819.944562 -816.966471 -809.540209 -799.885638 -797.448713 -800.285380 -803.670166 -791.877087 -766.647436 -737.766296 -712.692510 -697.063472 -693.150916 -711.832794 -737.249153 -750.502839 -750.521665 -736.357328 -710.801658 -663.449143 -632.330309 -610.960925 -593.335006 -566.723249 -468.923414 -9999.0 -9999.0 -9999.0 -9999.0 -9999.0 -9999.0 -9999.0 -9999.0 -9999.0 -9999.0 -9999.0 -9999.0 -9999.0 -9999.0
-9999.0 -9999.0 -9999.0 -9999.0 -9999.0 -9999.0 -9999.0 -9999.0 -9999.0 -9999.0 -9999.0 -9999.0 -9999.0 -9999.0 -9999.0 -9999.0 -9999.0 -9999.0 -9999.0 -9999.0 -9999.0 -9999.0 -9999.0 -9999.0 -9999.0 -9999.0 -9999.0 -9999.0 -9999.0 -9999.0 -9999.0 -9999.0 -9999.0 -9999.0 -9999.0 -9999.0 -9999.0 -9999.0 -9999.0 -9999.0 -9999.0 -9999.0 -9999.0 -9999.0 -9999.0 -9999.0 -9999.0 -9999.0 -9999.0 -9999.0 -9999.0 -9999.0 -9999.0 -9999.0 -9999.0 -9999.0 -9999.0 -9999.0 -9999.0 -9999.0 -9999.0 -9999.0 -9999.0 -9999.0 -9999.0 -9999.0 -9999.0 -9999.0 -9999.0 -9999.0 -9999.0 -9999.0 -9999.0 -9999.0 -9999.0 -9999.0 -9999.0 -9999.0 -9999.0 -9999.0
-9999.0 -9999.0 -9999.0 -9999.0 -9999.0 -9999.0 -9999.0 -9999.0 -9999.0 -9999.0 -9999.0 -9999.0 -9999.0 -9999.0 -9999.0 -9999.0 -9999.0 -9999.0 -9999.0 -9999.0 -9999.0 -9999.0 -9999.0 -9999.0 -9999.0 -9999.0 -9999.0 -9999.0 -9999.0 -9999.0 -9999.0 -9999.0 -9999.0 -9999.0 -9999.0 -9999.0 -9999.0 -9999.0 -9999.0 -9999.0 -9999.0 -9999.0 -9999.0 -9999.0 -9999.0 -9999.0 -9999.0 -9999.0 -9999.0 -9999.0 -9999.0 -9999.0 -9999.0 -9999.0 -9999.0 -9999.0 -9999.0 -9999.0 -9999.0 -9999.0 -9999.0 -9999.0 -9999.0 -9999.0 -9999.0 -9999.0 -9999.0 -9999.0 -9999.0 -9999.0 -9999.0 -9999.0 -9999.0 -9999.0 -9999.0 -9999.0 -9999.0 -9999.0 -9999.0 -9999.0