Borden_/Borden1m_014/output_maps/psiliqL0005N0033.asc
ncols         80
nrows         18
xllcorner     620200.000000
yllcorner     5168000.000000
cellsize      1.000000
NODATA_value  -9999.0
-9999.0 -9999.0 -9999.0 -9999.0 -9999.0 -9999.0 -9999.0 -9999.0 -9999.0 -9999.0 -9999.0 -9999.0 -9999.0 -9999.0 -9999.0 -9999.0 -9999.0 -9999.0 -9999.0 -9999.0 -9999.0 -9999.0 -9999.0 -9999.0 -9999.0 -9999.0 -9999.0 -9999.0 -9999.0 -9999.0 -9999.0 -9999.0 -9999.0 -9999.0 -9999.0 -9999.0 -9999.0 -9999.0 -9999.0 -9999.0 -9999.0 -9999.0 -9999.0 -9999.0 -9999.0 -9999.0 -9999.0 -9999.0 -9999.0 -9999.0 -9999.0 -9999.0 -9999.0 -9999.0 -9999.0 -9999.0 -9999.0 -9999.0 -9999.0 -9999.0 -9999.0 -9999.0 -9999.0 -9999.0 -9999.0 -9999.0 -9999.0 -9999.0 -9999.0 -9999.0 -9999.0 -9999.0 -9999.0 -9999.0 -9999.0 -9999.0 -9999.0 -9999.0 -9999.0 -9999.0
-9999.0 -9999.0 -9999.0 -9999.0 -9999.0 -9999.0 -9999.0 -9999.0 -9999.0 -9999.0 -9999.0 -9999.0 -9999.0 -9999.0 -9999.0 -9999.0 -9999.0 -9999.0 -9999.0 -9999.0 -9999.0 -9999.0 -9999.0 -9999.0 -9999.0 -9999.0 -9999.0 -9999.0 -9999.0 -9999.0 -9999.0 -9999.0 -9999.0 -9999.0 -9999.0 -9999.0 -9999.0 -9999.0 -9999.0 -9999.0 -9999.0 -9999.0 -9999.0 -9999.0 -9999.0 -9999.0 -9999.0 -9999.0 -9999.0 -9999.0 -9999.0 -9999.0 -9999.0 -9999.0 -9999.0 -9999.0 -9999.0 -9999.0 -9999.0 -9999.0 -9999.0 -9999.0 -9999.0 -9999.0 -9999.0 -9999.0 -9999.0 -9999.0 -9999.0 -9999.0 -9999.0 -9999.0 -9999.0 -9999.0 -9999.0 -9999.0 -9999.0 -9999.0 -9999.0 -9999.0
-9999.0 -9999.0 -9999.0 -9999.0 -9999.0 -9999.0 -9999.0 -9999.0 -9999.0 -9999.0 -9999.0 -9999.0 -9999.0 -9999.0 -9999.0 -9999.0 -9999.0 -9999.0 -9999.0 -9999.0 -699.112690 -695.047704 -712.238835 -735.303662 -754.240160 -754.510481 -732.168944 -705.233566 -678.157798 -671.093715 -686.990033 -685.168473 -690.544564 -691.961503 -690.483122 -685.820475 -683.870920 -675.160355 -668.971494 -669.774774 -675.039974 -679.645146 -681.776100 -679.347607 -674.671939 -681.899754 -670.402280 -657.729665 -652.360813 -655.252350 -675.746180 -686.498085 -691.333542 -703.328332 -681.473320 -671.749049 -652.652919 -649.234652 -648.598253 -670.085462 -693.030986 -9999.0 -9999.0 -9999.0 -9999.0 -9999.0 -9999.0 -9999.0 -9999.0 -9999.0 -9999.0 -9999.0 -9999.0 -9999.0 -9999.0 -9999.0 -9999.0 -9999.0 -9999.0 -9999.0
-9999.0 -9999.0 -9999.0 -9999.0 -9999.0 -9999.0 -9999.0 -9999.0 -9999.0 -9999.0 -9999.0 -9999.0 -9999.0 -9999.0 -750.862904 -758.933881 -762.175809 -760.240573 -739.620292 -721.422382 -715.169414 -722.449095 -720.027347 -738.157399 -753.878141 -743.927187 -725.251303 -705.759751 -681.656940 -665.998177 -677.615988 -680.467310 -672.438911 -648.951788 -636.775501 -639.842434 -661.027929 -640.175470 -626.204799 -617.403826 -618.441872 -627.247908 -612.657507 -596.680026 -603.275749 -620.516239 -618.061090 -607.565848 -592.171733 -605.493553 -664.298785 -678.906497 -678.928367 -681.708186 -691.479290 -696.924192 -674.698917 -674.653761 -680.215865 -691.235700 -712.854083 -743.144069 -755.422047 -727.258647 -696.370566 -649.343472 -9999.0 -9999.0 -9999.0 -9999.0 -9999.0 -9999.0 -9999.0 -9999.0 -9999.0 -9999.0 -9999.0 -9999.0 -9999.0 -9999.0
-9999.0 -9999.0 -9999.0 -9999.0 -9999.0 -9999.0 -9999.0 -9999.0 -9999.0 -777.351870 -777.608646 -774.223585 -776.779318 -767.765208 -774.760872 -770.985643 -769.229860 -754.226362 -737.285159 -715.045697 -693.577066 -704.257648 -705.161651 -695.354674 -691.143511 -682.949190 -668.778412 -635.601907 -597.935557 -556.161880 -585.339465 -586.977697 -567.413811 -509.041145 -457.351555 -441.935383 -467.595459 -465.959056 -432.059673 -394.797678 -391.799968 -393.022970 -357.989595 -339.900561 -330.847769 -355.725327 -387.195375 -392.728694 -358.841549 -429.850067 -510.990608 -574.984982 -575.186029 -605.749613 -643.667307 -661.756268 -664.692425 -642.438136 -654.187752 -683.407199 -710.130018 -712.029234 -724.325942 -711.472660 -696.157008 -658.178068 -625.844902 -599.561635 -598.418963 -613.877398 -9999.0 -9999.0 -9999.0 -9999.0 -9999.0 -9999.0 -9999.0 -9999.0 -9999.0 -9999.0
-9999.0 -9999.0 -9999.0 -9999.0 -9999.0 -9999.0 -807.104096 -805.791317 -798.122639 -805.872354 -792.775156 -794.807625 -783.996287 -775.619982 -765.676905 -758.979152 -740.046357 -720.458265 -692.245472 -659.310081 -633.015735 -638.908282 -631.004704 -598.076198 -550.255942 -510.400868 -482.429850 -432.835658 -325.425020 -265.685868 -243.358629 -233.308670 -221.649061 -186.146263 -129.520708 -109.099047 -132.126200 -148.296167 -129.533614 -85.222294 -22.913255 -19.018154 -12.194888 -4.754833 20.988957 12.925448 -78.596925 -108.736226 -119.125483 -130.392616 -177.237716 -228.093436 -284.323078 -348.819453 -458.315907 -529.948337 -538.642146 -525.200122 -558.618508 -609.226894 -646.067456 -652.029264 -662.043681 -673.796439 -668.245368 -651.935451 -630.801615 -619.400681 -629.111415 -644.928120 -661.306018 -684.259771 -681.891022 -660.412634 -9999.0 -9999.0 -9999.0 -9999.0 -9999.0 -9999.0
-9999.0 -9999.0 -9999.0 -9999.0 -833.187212 -825.990361 -842.932009 -829.856999 -816.487835 -803.617264 -793.905750 -774.674695 -762.832686 -746.602119 -719.657033 -694.606510 -661.256702 -633.875274 -582.933443 -506.721896 -438.143084 -397.163151 -369.157065 -284.222814 -216.406212 -173.012879 -156.501397 -129.857687 -79.471087 27.368869 56.806406 62.503260 59.291904 105.501524 121.451426 172.411113 137.643242 153.484408 156.655270 165.770363 191.844533 193.064080 194.422737 194.650640 196.803102 197.839779 175.301386 143.454879 109.202370 122.539222 81.776350 41.978622 -46.880054 -85.683479 -113.129172 -155.778282 -215.845409 -242.452052 -313.839855 -388.446390 -482.472973 -517.400642 -553.781365 -578.775975 -607.911004 -605.128656 -599.838271 -616.060128 -640.459413 -665.486683 -674.419104 -687.551369 -696.304572 -670.195262 -656.570268 -628.965876 -9999.0 -9999.0 -9999.0 -9999.0
-9999.0 -9999.0 -844.079226 -835.261813 -810.798823 -816.364613 -820.465784 -825.622102 -815.429515 -788.586499 -740.659114 -709.486524 -676.192574 -654.595132 -601.544109 -509.482367 -408.655131 -338.252147 -261.079939 -199.808170 -145.940147 -102.680690 -37.027215 6.311238 34.895302 99.625761 118.975216 121.550572 168.820514 198.430271 223.405438 238.236189 242.293085 239.172116 236.661732 236.270723 233.835561 230.155936 213.451521 211.507210 219.006486 221.483333 224.918548 212.717442 208.965605 221.242507 222.932465 223.382474 223.304763 232.912608 242.124445 213.077126 159.567699 143.897335 120.136728 103.882036 42.091632 -41.634346 -71.677503 -112.677237 -187.094605 -232.038022 -292.064214 -363.865818 -445.790995 -491.292385 -541.246426 -578.136550 -616.189508 -653.279963 -669.718534 -681.792913 -680.643711 -680.827644 -666.519485 -653.490692 -639.151293 -632.457622 -9999.0 -9999.0
-9999.0 -860.804866 -857.425768 -810.399485 -785.520166 -766.396752 -745.480096 -728.591245 -713.706657 -712.062498 -619.072090 -500.041498 -387.964431 -346.796652 -274.563628 -175.181549 -35.653866 0.157508 16.828972 71.264201 98.184976 160.303729 187.426275 219.131752 242.504949 239.097806 237.113848 235.418727 228.832374 221.638810 211.350543 218.579509 217.080271 202.757014 189.820758 189.098458 184.171832 159.654176 133.443905 121.302526 126.189232 146.936297 136.908423 117.075653 113.380016 132.916926 148.328645 139.779585 109.019129 143.690937 175.484656 194.935499 211.015579 224.472960 244.142663 222.947983 190.427122 151.432906 115.592849 108.964519 15.221165 -49.561596 -103.700750 -167.325491 -224.254971 -298.564805 -384.423058 -466.144240 -537.527792 -572.651900 -598.214957 -643.793928 -661.071771 -655.932302 -662.864566 -664.053023 -657.730051 -652.182610 -9999.0 -9999.0
-9999.0 -895.150527 -854.050310 -790.387176 -712.164570 -676.674672 -558.932155 -468.477092 -436.367163 -467.496661 -312.701244 -37.975907 32.356297 36.490360 91.170005 161.051691 202.812384 225.919237 239.801962 233.448841 227.120713 231.346656 226.856233 219.346351 205.947730 198.281716 198.146756 195.452337 177.456169 159.742061 142.959931 122.475512 125.085972 94.234734 61.207101 47.607819 6.209956 -30.443909 -69.331363 -96.911068 -109.727815 -89.763217 -100.526133 -119.491034 -123.226622 -98.993031 -65.682125 -71.880522 -67.432572 -44.000024 1.311180 74.783630 96.918517 120.892000 155.899336 195.938927 214.390095 233.569272 238.585412 214.839822 159.578313 129.343051 98.814783 1.690233 -74.289762 -153.664996 -206.695413 -251.345213 -326.364534 -390.160540 -459.244036 -526.806869 -584.348848 -605.680191 -639.485227 -653.824359 -9999.0 -9999.0 -9999.0 -9999.0
-9999.0 -902.932492 -859.177240 -752.110141 -567.131842 -415.721165 -220.652348 -84.852830 49.742507 40.732809 133.231041 217.762738 230.071497 215.460399 191.692256 189.173028 199.655467 202.071250 197.314277 187.986336 173.227069 173.541098 169.145679 164.217065 152.744943 137.998181 127.001440 113.579235 38.966322 1.737260 -27.380964 -43.515107 -76.912832 -161.101861 -196.056321 -219.714614 -277.101924 -294.625790 -313.274125 -351.520766 -376.605008 -394.865612 -372.573922 -375.967478 -376.768387 -363.701568 -335.058919 -313.060810 -262.704835 -226.415081 -191.022110 -140.818536 -106.751121 -62.589940 -9.727919 81.172699 110.935388 135.438737 162.813276 215.952736 236.782769 229.666583 200.662052 162.815525 101.539271 -3.924521 -58.479039 -129.980060 -185.952291 -224.440149 -254.957509 -310.984495 -403.695756 -519.378500 -558.213344 -9999.0 -9999.0 -9999.0 -9999.0 -9999.0
-9999.0 -956.768601 -869.208333 -772.840985 -508.932271 -208.233409 -109.830220 120.986083 186.657228 115.073086 40.070367 103.922117 139.714457 141.353838 117.516066 107.941226 102.714487 102.214297 113.347392 80.188630 17.681288 -0.118566 -2.615449 -14.338335 -37.025035 -55.890646 -70.313681 -91.887731 -145.475489 -188.012154 -245.696891 -275.393583 -364.283539 -459.416858 -515.696150 -565.312565 -615.943327 -617.163578 -602.778502 -619.022351 -638.341535 -655.806839 -633.300847 -621.324269 -612.068563 -621.354092 -614.459022 -583.918625 -537.391490 -492.051491 -427.284427 -348.846395 -289.468763 -229.877094 -200.449698 -149.488210 -103.075443 -55.091518 19.923365 128.793969 157.040975 191.100327 227.016322 243.491992 203.264353 160.356171 104.757468 -0.556611 -101.546656 -144.186133 -160.948678 -183.549868 -224.584073 -9999.0 -9999.0 -9999.0 -9999.0 -9999.0 -9999.0 -9999.0
-9999.0 -986.826354 -898.435203 -865.266508 -720.369838 -524.530783 -331.294694 -207.751021 -69.059976 -154.498151 -165.180012 -139.092677 -109.273932 -87.993237 -111.486455 -145.222128 -168.111707 -164.678820 -164.011983 -185.776164 -212.143042 -223.537695 -224.304637 -232.083669 -262.796839 -285.395422 -300.879086 -330.074661 -380.411402 -455.531661 -551.469483 -611.844013 -664.330711 -691.430329 -711.830188 -733.041731 -761.673305 -750.608758 -739.134556 -742.456742 -751.631214 -756.515213 -735.125313 -723.998533 -716.924359 -730.487722 -717.058343 -699.433059 -668.683697 -637.550962 -599.131923 -551.128329 -498.405845 -461.645294 -436.173973 -387.679522 -325.619638 -250.521535 -176.317967 -80.276281 -5.276532 75.271019 126.315607 138.626024 174.462277 188.977384 186.700374 132.550241 -74.594648 -107.508467 -110.301300 -9999.0 -9999.0 -9999.0 -9999.0 -9999.0 -9999.0 -9999.0 -9999.0 -9999.0
-9999.0 -9999.0 -1007.081915 -964.151892 -924.110506 -867.789881 -792.176910 -716.299461 -663.696183 -606.924044 -534.076801 -460.002322 -413.170385 -392.893880 -418.551839 -472.518402 -504.795455 -504.040751 -513.428388 -530.534431 -558.901544 -569.173330 -577.189353 -584.094761 -598.482941 -605.826024 -610.128419 -619.136854 -637.790192 -675.504695 -714.218745 -746.706565 -779.225668 -787.553492 -796.520299 -807.747031 -804.920409 -806.215023 -802.944183 -803.256660 -800.721508 -795.234854 -786.284902 -775.983263 -772.581342 -769.400553 -763.698573 -751.274392 -732.559728 -707.892236 -671.430953 -628.290496 -597.868713 -589.600441 -600.469794 -595.709337 -575.422392 -530.545802 -416.225347 -291.087900 -202.337440 -134.880367 -63.344097 -15.699441 5.965866 60.425866 105.475612 -11.386615 -168.672771 -150.233554 -9999.0 -9999.0 -9999.0 -9999.0 -9999.0 -9999.0 -9999.0 -9999.0 -9999.0 -9999.0
-9999.0 -9999.0 -9999.0 -9999.0 -1022.663010 -964.382391 -916.604160 -912.264813 -869.211866 -832.953991 -795.325569 -756.016166 -725.409833 -709.641431 -722.373850 -728.641864 -734.393006 -734.816399 -739.844480 -744.433121 -748.114887 -752.435528 -757.828143 -762.443152 -762.158898 -759.248241 -759.477459 -767.214583 -772.961014 -788.554235 -797.177985 -810.950693 -823.988053 -835.097848 -836.511535 -838.261288 -835.846058 -839.279501 -833.749314 -834.735877 -829.005658 -824.531194 -815.848434 -803.777807 -802.214552 -795.486502 -792.475349 -782.520515 -770.796504 -741.938791 -702.070909 -662.087724 -637.153121 -636.580541 -661.593149 -675.585944 -680.660307 -660.581034 -624.207982 -561.092711 -442.083329 -334.537077 -248.680194 -206.007564 -177.628014 -132.111025 -90.366937 -80.918304 -9999.0 -9999.0 -9999.0 -9999.0 -9999.0 -9999.0 -9999.0 -9999.0 -9999.0 -9999.0 -9999.0 -9999.0
-9999.0 -9999.0 -9999.0 -9999.0 -9999.0 -9999.0 -1001.316974 -972.313900 -975.807697 -948.020800 -920.327031 -895.383598 -865.959998 -861.732500 -853.845489 -838.305289 -841.012633 -850.046812 -860.145831 -847.140531 -840.998062 -841.259225 -857.593553 -855.098372 -853.210178 -847.120296 -847.689753 -847.349271 -861.372510 -849.174583 -844.376548 -850.540360 -856.769391 -856.738114 -860.733038 -852.169911 -851.175143 -858.572033 -859.938279 -848.019550 -842.677848 -841.502863 -835.861180 -824.027281 -809.743897 -805.211004 -807.951314 -810.320102 -791.320703 -752.939138 -709.863485 -673.816955 -652.150037 -647.322141 -672.062048 -705.942378 -723.977643 -722.843796 -701.847274 -665.629642 -603.971658 -561.560032 -528.805144 -498.175824 -456.577884 -323.658964 -9999.0 -9999.0 -9999.0 -9999.0 -9999.0 -9999.0 -9999.0 -9999.0 -9999.0 -9999.0 -9999.0 -9999.0 -9999.0 -9999.0
-9999.0 -9999.0 -9999.0 -9999.0 -9999.0 -9999.0 -9999.0 -9999.0 -9999.0 -9999.0 -9999.0 -9999.0 -9999.0 -9999.0 -9999.0 -9999.0 -9999.0 -9999.0 -9999.0 -9999.0 -9999.0 -9999.0 -9999.0 -9999.0 -9999.0 -9999.0 -9999.0 -9999.0 -9999.0 -9999.0 -9999.0 -9999.0 -9999.0 -9999.0 -9999.0 -9999.0 -9999.0 -9999.0 -9999.0 -9999.0 -9999.0 -9999.0 -9999.0 -9999.0 -9999.0 -9999.0 -9999.0 -9999.0 -9999.0 -9999.0 -9999.0 -9999.0 -9999.0 -9999.0 -9999.0 -9999.0 -9999.0 -9999.0 -9999.0 -9999.0 -9999.0 -9999.0 -9999.0 -9999.0 -9999.0 -9999.0 -9999.0 -9999.0 -9999.0 -9999.0 -9999.0 -9999.0 -9999.0 -9999.0 -9999.0 -9999.0 -9999.0 -9999.0 -9999.0 -9999.0
-9999.0 -9999.0 -9999.0 -9999.0 -9999.0 -9999.0 -9999.0 -9999.0 -9999.0 -9999.0 -9999.0 -9999.0 -9999.0 -9999.0 -9999.0 -9999.0 -9999.0 -9999.0 -9999.0 -9999.0 -9999.0 -9999.0 -9999.0 -9999.0 -9999.0 -9999.0 -9999.0 -9999.0 -9999.0 -9999.0 -9999.0 -9999.0 -9999.0 -9999.0 -9999.0 -9999.0 -9999.0 -9999.0 -9999.0 -9999.0 -9999.0 -9999.0 -9999.0 -9999.0 -9999.0 -9999.0 -9999.0 -9999.0 -9999.0 -9999.0 -9999.0 -9999.0 -9999.0 -9999.0 -9999.0 -9999.0 -9999.0 -9999.0 -9999.0 -9999.0 -9999.0 -9999.0 -9999.0 -9999.0 -9999.0 -9999.0 -9999.0 -9999.0 -9999.0 -9999.0 -9999.0 -9999.0 -9999.0 -9999.0 -9999.0 -9999.0 -9999.0 -9999.0 -9999.0 -9999.0