Borden_/Borden1m_014/output_maps/psiliqL0008N0029.asc
ncols         80
nrows         18
xllcorner     620200.000000
yllcorner     5168000.000000
cellsize      1.000000
NODATA_value  -9999.0
-9999.0 -9999.0 -9999.0 -9999.0 -9999.0 -9999.0 -9999.0 -9999.0 -9999.0 -9999.0 -9999.0 -9999.0 -9999.0 -9999.0 -9999.0 -9999.0 -9999.0 -9999.0 -9999.0 -9999.0 -9999.0 -9999.0 -9999.0 -9999.0 -9999.0 -9999.0 -9999.0 -9999.0 -9999.0 -9999.0 -9999.0 -9999.0 -9999.0 -9999.0 -9999.0 -9999.0 -9999.0 -9999.0 -9999.0 -9999.0 -9999.0 -9999.0 -9999.0 -9999.0 -9999.0 -9999.0 -9999.0 -9999.0 -9999.0 -9999.0 -9999.0 -9999.0 -9999.0 -9999.0 -9999.0 -9999.0 -9999.0 -9999.0 -9999.0 -9999.0 -9999.0 -9999.0 -9999.0 -9999.0 -9999.0 -9999.0 -9999.0 -9999.0 -9999.0 -9999.0 -9999.0 -9999.0 -9999.0 -9999.0 -9999.0 -9999.0 -9999.0 -9999.0 -9999.0 -9999.0
-9999.0 -9999.0 -9999.0 -9999.0 -9999.0 -9999.0 -9999.0 -9999.0 -9999.0 -9999.0 -9999.0 -9999.0 -9999.0 -9999.0 -9999.0 -9999.0 -9999.0 -9999.0 -9999.0 -9999.0 -9999.0 -9999.0 -9999.0 -9999.0 -9999.0 -9999.0 -9999.0 -9999.0 -9999.0 -9999.0 -9999.0 -9999.0 -9999.0 -9999.0 -9999.0 -9999.0 -9999.0 -9999.0 -9999.0 -9999.0 -9999.0 -9999.0 -9999.0 -9999.0 -9999.0 -9999.0 -9999.0 -9999.0 -9999.0 -9999.0 -9999.0 -9999.0 -9999.0 -9999.0 -9999.0 -9999.0 -9999.0 -9999.0 -9999.0 -9999.0 -9999.0 -9999.0 -9999.0 -9999.0 -9999.0 -9999.0 -9999.0 -9999.0 -9999.0 -9999.0 -9999.0 -9999.0 -9999.0 -9999.0 -9999.0 -9999.0 -9999.0 -9999.0 -9999.0 -9999.0
-9999.0 -9999.0 -9999.0 -9999.0 -9999.0 -9999.0 -9999.0 -9999.0 -9999.0 -9999.0 -9999.0 -9999.0 -9999.0 -9999.0 -9999.0 -9999.0 -9999.0 -9999.0 -9999.0 -9999.0 -268.700680 -265.649295 -288.402556 -322.448539 -350.937041 -349.007114 -313.863250 -272.622863 -234.524360 -223.725363 -241.631132 -240.021280 -244.898853 -244.723983 -241.370790 -235.142508 -232.333627 -220.510097 -211.632730 -211.517137 -217.452040 -223.000502 -223.973121 -220.221194 -215.247080 -224.489752 -211.180670 -195.907230 -189.726233 -195.537296 -223.805500 -240.314382 -248.909395 -263.716239 -239.415404 -226.949150 -203.938062 -199.653982 -200.948357 -228.125083 -258.284794 -9999.0 -9999.0 -9999.0 -9999.0 -9999.0 -9999.0 -9999.0 -9999.0 -9999.0 -9999.0 -9999.0 -9999.0 -9999.0 -9999.0 -9999.0 -9999.0 -9999.0 -9999.0 -9999.0
-9999.0 -9999.0 -9999.0 -9999.0 -9999.0 -9999.0 -9999.0 -9999.0 -9999.0 -9999.0 -9999.0 -9999.0 -9999.0 -9999.0 -359.156424 -369.446585 -372.590138 -364.085299 -330.211713 -300.214295 -287.577661 -295.201130 -295.276877 -318.817610 -338.965583 -324.706557 -295.169202 -263.365777 -228.413337 -207.016943 -219.380862 -221.696255 -210.360543 -181.339132 -165.294786 -167.358732 -188.990172 -165.754234 -148.231878 -137.185137 -137.154128 -145.250514 -129.139986 -111.620124 -118.486082 -137.658806 -135.689053 -124.512006 -110.044964 -127.650003 -195.665012 -218.577558 -222.717036 -230.134266 -244.100668 -251.052671 -226.379197 -225.474243 -233.835482 -251.883421 -284.151473 -328.164951 -345.988719 -307.426752 -262.856886 -204.639752 -9999.0 -9999.0 -9999.0 -9999.0 -9999.0 -9999.0 -9999.0 -9999.0 -9999.0 -9999.0 -9999.0 -9999.0 -9999.0 -9999.0
-9999.0 -9999.0 -9999.0 -9999.0 -9999.0 -9999.0 -9999.0 -9999.0 -9999.0 -415.870722 -412.406580 -405.480293 -403.891568 -388.377467 -390.216430 -383.385705 -375.481706 -349.302301 -318.073523 -282.768992 -253.602938 -263.403363 -262.741523 -249.873799 -242.060320 -228.115970 -205.969842 -162.867735 -116.011153 -69.694725 -96.825276 -97.388638 -74.954515 -19.100303 26.542213 40.230084 17.667703 21.916038 53.562329 86.982695 92.197661 93.109290 124.115691 141.201034 147.329617 123.188455 96.047276 90.659499 117.809980 53.867686 -23.763246 -85.525455 -89.227997 -125.466648 -171.217006 -196.074478 -200.163205 -178.638967 -194.942519 -233.443425 -270.586053 -280.300297 -296.985765 -280.744522 -258.007852 -210.779180 -172.004479 -143.142092 -142.780095 -160.091370 -9999.0 -9999.0 -9999.0 -9999.0 -9999.0 -9999.0 -9999.0 -9999.0 -9999.0 -9999.0
-9999.0 -9999.0 -9999.0 -9999.0 -9999.0 -9999.0 -494.218889 -485.659361 -466.217344 -460.865934 -436.809146 -429.479318 -409.101882 -389.780287 -369.190808 -351.977910 -320.635205 -287.521707 -244.878645 -198.867293 -164.133211 -166.439485 -153.550045 -114.391417 -64.837374 -26.827662 3.040812 53.213859 150.919860 207.286806 226.187452 235.115912 247.086016 290.238805 353.206159 378.864927 349.991344 332.293000 351.409330 393.095346 424.176669 430.034939 439.056881 447.869687 472.910298 461.335502 399.539652 374.193142 365.760420 352.602118 299.588717 239.325355 188.703785 126.809934 25.543094 -44.057734 -48.400601 -35.640232 -72.295717 -131.433101 -178.005125 -190.597502 -206.619762 -221.776111 -216.966484 -197.746733 -174.382855 -162.965985 -175.361971 -195.837166 -218.802966 -247.419718 -245.604421 -220.038388 -9999.0 -9999.0 -9999.0 -9999.0 -9999.0 -9999.0
-9999.0 -9999.0 -9999.0 -9999.0 -543.657023 -531.550243 -543.430104 -520.245144 -488.637903 -455.755439 -423.423027 -385.888533 -358.544359 -328.344590 -285.582745 -245.577233 -198.656781 -159.418713 -97.713675 -19.103981 45.607962 84.052303 112.135893 187.722589 255.207274 305.393967 324.752866 352.877648 401.687442 481.348786 510.525294 515.302541 535.493681 562.191001 607.199758 642.251219 624.918565 617.761520 621.555514 632.529969 660.225223 662.918617 664.931894 666.017507 668.497944 667.658953 642.265405 608.161074 589.686654 586.129668 561.874035 497.878284 435.798640 398.860601 368.111277 321.629555 255.808209 229.267576 161.770391 90.625154 5.998401 -27.910572 -66.829760 -98.380099 -133.427793 -135.237981 -133.949853 -154.717574 -185.805698 -217.857817 -232.699565 -251.162634 -261.107742 -231.074159 -213.196698 -182.000571 -9999.0 -9999.0 -9999.0 -9999.0
-9999.0 -9999.0 -601.247041 -551.489417 -496.016653 -487.786708 -485.845022 -481.216734 -454.582741 -403.780892 -323.937802 -269.075835 -221.170723 -187.132664 -120.740161 -24.716971 71.477802 137.162714 207.605516 276.113504 335.879969 376.697952 416.832231 459.627070 507.716736 561.387296 585.735830 608.745457 637.666217 670.530573 692.883872 707.692701 714.519738 712.037366 713.556076 713.418375 709.853782 704.140075 686.806165 684.370362 692.265035 695.987327 699.101857 686.624335 682.700824 694.995933 696.780428 696.066782 696.080276 705.142027 712.970783 680.423499 629.225612 613.722355 604.340745 565.537468 503.397476 443.230411 414.694415 371.386537 293.731485 240.900594 181.634988 116.032618 43.847699 -1.920462 -57.856346 -103.880297 -151.585275 -197.687553 -221.296932 -239.678029 -241.735535 -240.907388 -224.654331 -208.793693 -193.198673 -185.285376 -9999.0 -9999.0
-9999.0 -699.656197 -627.241214 -499.839456 -421.164718 -375.990127 -334.863624 -305.009254 -279.589869 -263.050805 -147.543753 -27.068972 82.872319 125.926900 191.032666 294.072085 404.456480 449.794076 482.505900 530.776982 583.013880 626.383600 656.015408 684.384367 711.697182 712.912440 712.498257 712.554815 705.736050 698.637346 689.398395 696.283212 694.219487 677.799196 664.178213 661.881433 655.496336 628.269079 600.940621 587.177263 590.866296 611.990643 601.592053 581.748710 578.166472 598.173406 615.057181 606.756761 591.807674 613.855625 647.730119 668.730916 683.747942 698.478366 718.297053 695.612994 663.242335 621.651308 601.112050 572.999951 503.189658 438.929031 383.537992 319.239957 253.186129 176.382979 97.075251 20.673224 -55.307302 -99.478851 -133.142358 -186.521547 -210.390636 -209.083672 -218.332491 -220.750792 -214.023901 -207.503615 -9999.0 -9999.0
-9999.0 -770.727657 -627.505003 -441.572723 -294.102868 -228.966138 -103.474621 -9.274270 27.535541 5.543685 142.589434 384.275042 469.924498 481.349404 544.442677 620.644942 659.347413 687.151461 704.684635 702.587787 701.096078 706.048953 703.747872 696.863856 683.038895 675.447171 674.485198 670.950966 650.982272 631.068947 614.509903 609.489979 594.655035 557.903868 527.629614 511.917304 492.893217 456.619614 416.833857 388.127505 374.065027 392.310821 382.936821 364.901329 361.326250 385.147101 418.924773 414.311509 420.650196 444.916411 488.365937 539.826469 563.993815 592.862769 628.349774 670.398565 688.917575 708.392710 713.818271 690.876783 648.287493 598.945623 564.237413 489.568690 414.448351 334.087297 272.586243 214.389232 138.506759 78.248569 15.986333 -51.880772 -115.596428 -146.513868 -186.945383 -208.271249 -9999.0 -9999.0 -9999.0 -9999.0
-9999.0 -835.611534 -644.260655 -377.686614 -115.281994 34.262772 245.394556 383.301371 470.642948 509.046723 553.956059 661.439559 684.198741 673.969523 657.421602 657.710752 670.794620 674.310824 670.452330 660.381676 649.227906 644.275072 643.008138 635.466071 623.072183 608.095687 595.140394 579.973523 527.946147 491.901250 460.561566 443.906439 407.676006 319.894231 280.164744 250.169562 192.819030 177.515835 160.860377 124.930646 100.833701 82.535559 103.052083 102.512375 103.224151 113.950932 139.821009 163.282933 210.757352 249.345318 292.245873 345.664206 381.202716 426.504194 477.376433 545.721687 577.909145 603.801432 651.576086 691.871875 713.956305 705.230295 675.268232 632.519470 563.956223 483.528940 430.950428 358.354475 295.244301 246.583737 205.470801 148.383273 64.014105 -50.653478 -97.480662 -9999.0 -9999.0 -9999.0 -9999.0 -9999.0
-9999.0 -988.475538 -721.091811 -423.329096 -83.481984 248.853639 362.982884 538.456955 614.085408 550.879282 519.180187 554.959603 594.631591 599.257423 578.295324 570.813956 563.068566 563.074068 575.250390 547.055769 504.919111 488.382642 486.707639 474.092135 450.470386 431.440740 416.764842 394.563120 342.023690 294.130105 222.531497 192.301956 107.290149 24.283628 -30.949759 -83.980518 -139.822203 -143.869789 -129.627734 -148.086535 -171.685954 -191.172570 -165.313750 -149.787602 -138.711673 -147.875196 -137.665563 -100.810852 -48.130472 1.041388 62.463708 133.128205 189.662219 246.827640 281.562319 335.493194 383.693815 432.408841 508.105935 596.087878 631.207328 665.633804 701.118113 716.720222 669.632317 618.596410 564.041377 485.483354 391.539048 346.793745 326.522136 296.430670 245.544882 -9999.0 -9999.0 -9999.0 -9999.0 -9999.0 -9999.0 -9999.0
-9999.0 -1122.854892 -890.274249 -641.282236 -338.949136 -94.393084 106.889282 234.267964 332.552899 308.288862 312.447211 340.567203 371.372736 392.949207 370.245021 335.228762 310.275257 314.069637 313.462702 289.914802 260.452643 246.254549 244.683033 236.098477 206.572182 186.422735 171.513356 142.909855 95.578136 26.078713 -66.608149 -139.148941 -204.953642 -243.440943 -275.199302 -309.251743 -349.045011 -338.700783 -324.136695 -329.125275 -341.910362 -346.692363 -317.046718 -298.780854 -288.791172 -302.110957 -283.677258 -256.480321 -214.076637 -171.373378 -121.658402 -63.877485 -5.256231 32.720610 56.296895 97.946904 153.885968 221.862238 307.885235 405.916558 482.388548 542.540154 593.627073 626.768118 640.168272 657.989722 637.953830 554.281550 406.377837 388.776851 388.350444 -9999.0 -9999.0 -9999.0 -9999.0 -9999.0 -9999.0 -9999.0 -9999.0 -9999.0
-9999.0 -9999.0 -1127.245524 -935.979662 -774.654653 -589.569100 -439.263756 -330.119836 -254.462919 -165.722144 -75.189362 4.950495 52.600811 72.406706 50.390476 2.732609 -26.831671 -27.237591 -37.233974 -52.922101 -79.365387 -89.792272 -99.857138 -108.586034 -123.694504 -132.595735 -139.228985 -152.062704 -177.150567 -226.563933 -281.323295 -334.464217 -389.955269 -415.470636 -437.696612 -460.633305 -464.412101 -465.934069 -458.921569 -457.773039 -452.632566 -441.038879 -420.188592 -398.934302 -389.641008 -382.881242 -370.397580 -346.806522 -313.727760 -272.965251 -220.660485 -164.666840 -125.902597 -113.062208 -121.379843 -113.041020 -86.700683 -34.122491 71.463113 182.138963 279.533895 352.166488 425.100139 475.796382 494.809291 526.352416 546.543095 462.610724 236.894882 330.395592 -9999.0 -9999.0 -9999.0 -9999.0 -9999.0 -9999.0 -9999.0 -9999.0 -9999.0 -9999.0
-9999.0 -9999.0 -9999.0 -9999.0 -1078.950632 -922.073010 -829.340267 -747.913233 -629.591990 -522.872137 -431.756301 -356.015517 -304.086507 -280.787502 -292.954605 -299.853897 -308.619126 -312.140248 -320.691820 -326.696480 -332.886524 -340.924119 -352.187103 -360.008403 -361.106100 -357.898248 -360.039287 -373.249701 -389.184690 -417.032584 -441.540080 -476.941145 -514.094792 -543.138008 -556.008568 -562.931519 -562.515765 -567.776512 -558.091352 -551.845267 -537.031694 -521.593247 -497.587402 -469.423886 -457.072648 -443.040669 -433.437431 -412.663813 -382.833407 -330.355889 -268.631789 -213.293141 -180.181236 -177.454997 -204.676348 -221.303222 -224.712253 -195.745692 -144.863550 -67.109968 51.799807 147.768306 224.902589 273.779401 306.651674 354.592203 399.332715 414.630756 -9999.0 -9999.0 -9999.0 -9999.0 -9999.0 -9999.0 -9999.0 -9999.0 -9999.0 -9999.0 -9999.0 -9999.0
-9999.0 -9999.0 -9999.0 -9999.0 -9999.0 -9999.0 -1136.082083 -1042.197061 -954.831779 -836.467726 -726.912586 -637.105690 -564.157889 -540.201563 -523.772029 -501.936449 -506.820249 -523.635372 -539.936696 -523.590410 -514.415713 -519.137783 -546.274555 -547.756454 -544.317718 -534.768479 -535.733820 -541.617415 -566.173809 -558.229784 -559.709437 -582.504616 -608.324355 -622.554290 -633.881644 -623.736040 -622.725111 -635.002831 -632.312539 -606.353356 -586.749013 -573.290121 -550.739261 -517.706063 -485.902982 -471.881323 -471.133562 -465.098269 -423.602004 -353.539111 -283.990791 -231.474080 -201.652646 -195.338098 -225.160914 -267.544987 -290.431416 -284.947588 -251.109302 -197.123523 -117.171676 -62.000261 -23.677041 5.079020 42.262517 156.496454 -9999.0 -9999.0 -9999.0 -9999.0 -9999.0 -9999.0 -9999.0 -9999.0 -9999.0 -9999.0 -9999.0 -9999.0 -9999.0 -9999.0
-9999.0 -9999.0 -9999.0 -9999.0 -9999.0 -9999.0 -9999.0 -9999.0 -9999.0 -9999.0 -9999.0 -9999.0 -9999.0 -9999.0 -9999.0 -9999.0 -9999.0 -9999.0 -9999.0 -9999.0 -9999.0 -9999.0 -9999.0 -9999.0 -9999.0 -9999.0 -9999.0 -9999.0 -9999.0 -9999.0 -9999.0 -9999.0 -9999.0 -9999.0 -9999.0 -9999.0 -9999.0 -9999.0 -9999.0 -9999.0 -9999.0 -9999.0 -9999.0 -9999.0 -9999.0 -9999.0 -9999.0 -9999.0 -9999.0 -9999.0 -9999.0 -9999.0 -9999.0 -9999.0 -9999.0 -9999.0 -9999.0 -9999.0 -9999.0 -9999.0 -9999.0 -9999.0 -9999.0 -9999.0 -9999.0 -9999.0 -9999.0 -9999.0 -9999.0 -9999.0 -9999.0 -9999.0 -9999.0 -9999.0 -9999.0 -9999.0 -9999.0 -9999.0 -9999.0 -9999.0
-9999.0 -9999.0 -9999.0 -9999.0 -9999.0 -9999.0 -9999.0 -9999.0 -9999.0 -9999.0 -9999.0 -9999.0 -9999.0 -9999.0 -9999.0 -9999.0 -9999.0 -9999.0 -9999.0 -9999.0 -9999.0 -9999.0 -9999.0 -9999.0 -9999.0 -9999.0 -9999.0 -9999.0 -9999.0 -9999.0 -9999.0 -9999.0 -9999.0 -9999.0 -9999.0 -9999.0 -9999.0 -9999.0 -9999.0 -9999.0 -9999.0 -9999.0 -9999.0 -9999.0 -9999.0 -9999.0 -9999.0 -9999.0 -9999.0 -9999.0 -9999.0 -9999.0 -9999.0 -9999.0 -9999.0 -9999.0 -9999.0 -9999.0 -9999.0 -9999.0 -9999.0 -9999.0 -9999.0 -9999.0 -9999.0 -9999.0 -9999.0 -9999.0 -9999.0 -9999.0 -9999.0 -9999.0 -9999.0 -9999.0 -9999.0 -9999.0 -9999.0 -9999.0 -9999.0 -9999.0