Borden_/Borden1m_014/output_maps/psiliqL0011N0014.asc
ncols         80
nrows         18
xllcorner     620200.000000
yllcorner     5168000.000000
cellsize      1.000000
NODATA_value  -9999.0
-9999.0 -9999.0 -9999.0 -9999.0 -9999.0 -9999.0 -9999.0 -9999.0 -9999.0 -9999.0 -9999.0 -9999.0 -9999.0 -9999.0 -9999.0 -9999.0 -9999.0 -9999.0 -9999.0 -9999.0 -9999.0 -9999.0 -9999.0 -9999.0 -9999.0 -9999.0 -9999.0 -9999.0 -9999.0 -9999.0 -9999.0 -9999.0 -9999.0 -9999.0 -9999.0 -9999.0 -9999.0 -9999.0 -9999.0 -9999.0 -9999.0 -9999.0 -9999.0 -9999.0 -9999.0 -9999.0 -9999.0 -9999.0 -9999.0 -9999.0 -9999.0 -9999.0 -9999.0 -9999.0 -9999.0 -9999.0 -9999.0 -9999.0 -9999.0 -9999.0 -9999.0 -9999.0 -9999.0 -9999.0 -9999.0 -9999.0 -9999.0 -9999.0 -9999.0 -9999.0 -9999.0 -9999.0 -9999.0 -9999.0 -9999.0 -9999.0 -9999.0 -9999.0 -9999.0 -9999.0
-9999.0 -9999.0 -9999.0 -9999.0 -9999.0 -9999.0 -9999.0 -9999.0 -9999.0 -9999.0 -9999.0 -9999.0 -9999.0 -9999.0 -9999.0 -9999.0 -9999.0 -9999.0 -9999.0 -9999.0 -9999.0 -9999.0 -9999.0 -9999.0 -9999.0 -9999.0 -9999.0 -9999.0 -9999.0 -9999.0 -9999.0 -9999.0 -9999.0 -9999.0 -9999.0 -9999.0 -9999.0 -9999.0 -9999.0 -9999.0 -9999.0 -9999.0 -9999.0 -9999.0 -9999.0 -9999.0 -9999.0 -9999.0 -9999.0 -9999.0 -9999.0 -9999.0 -9999.0 -9999.0 -9999.0 -9999.0 -9999.0 -9999.0 -9999.0 -9999.0 -9999.0 -9999.0 -9999.0 -9999.0 -9999.0 -9999.0 -9999.0 -9999.0 -9999.0 -9999.0 -9999.0 -9999.0 -9999.0 -9999.0 -9999.0 -9999.0 -9999.0 -9999.0 -9999.0 -9999.0
-9999.0 -9999.0 -9999.0 -9999.0 -9999.0 -9999.0 -9999.0 -9999.0 -9999.0 -9999.0 -9999.0 -9999.0 -9999.0 -9999.0 -9999.0 -9999.0 -9999.0 -9999.0 -9999.0 -9999.0 338.559661 341.542557 319.456780 286.028562 258.430821 261.265735 296.916099 338.837199 377.558248 388.331414 371.134886 374.241044 371.062142 372.346917 376.782933 384.422964 388.729574 400.574749 409.159010 408.689591 402.281797 396.599273 395.952379 399.126400 404.278646 394.518801 408.452413 423.810371 429.280485 423.143906 394.324829 376.648469 366.336120 349.959955 373.293991 384.415112 406.244977 409.522392 407.250705 379.599765 349.111464 -9999.0 -9999.0 -9999.0 -9999.0 -9999.0 -9999.0 -9999.0 -9999.0 -9999.0 -9999.0 -9999.0 -9999.0 -9999.0 -9999.0 -9999.0 -9999.0 -9999.0 -9999.0 -9999.0
-9999.0 -9999.0 -9999.0 -9999.0 -9999.0 -9999.0 -9999.0 -9999.0 -9999.0 -9999.0 -9999.0 -9999.0 -9999.0 -9999.0 246.220912 236.654904 234.245278 243.350104 277.812182 308.644523 321.331647 314.256192 314.823840 292.017277 272.714703 288.145956 318.950622 351.347016 386.276189 407.193648 396.113447 395.358912 408.448517 438.992872 455.734453 454.819179 435.571704 459.250975 475.327312 483.885333 482.484282 473.469120 486.914354 502.734043 495.900588 478.864361 483.955316 496.370069 509.518095 493.627397 426.407074 402.063333 395.221718 386.541114 371.396252 363.521198 387.062501 386.244851 376.915936 358.119683 324.965271 280.349691 261.582971 299.691086 343.439814 400.744106 -9999.0 -9999.0 -9999.0 -9999.0 -9999.0 -9999.0 -9999.0 -9999.0 -9999.0 -9999.0 -9999.0 -9999.0 -9999.0 -9999.0
-9999.0 -9999.0 -9999.0 -9999.0 -9999.0 -9999.0 -9999.0 -9999.0 -9999.0 188.112282 192.358201 199.833363 202.229174 218.260335 216.622010 224.223940 232.451142 259.911959 292.246983 328.819623 358.763354 350.114062 351.526399 364.441273 372.693549 388.841842 412.574914 454.288509 495.898950 537.913754 511.018698 512.274691 539.220584 601.078722 643.852434 655.026182 638.773373 646.153916 670.989522 692.595018 690.128222 686.885269 710.536934 723.523921 726.552874 708.279739 696.098431 697.475734 723.138037 669.549334 597.229045 531.631541 525.861515 491.112259 449.054165 425.061364 418.561666 436.745069 419.441903 380.578891 342.817423 331.202975 312.992084 328.736016 350.415157 396.451750 434.677361 462.679777 462.059285 444.271759 -9999.0 -9999.0 -9999.0 -9999.0 -9999.0 -9999.0 -9999.0 -9999.0 -9999.0 -9999.0
-9999.0 -9999.0 -9999.0 -9999.0 -9999.0 -9999.0 109.202857 118.534927 138.762090 144.123317 169.243126 177.116207 198.157578 218.140436 240.120225 258.171268 290.099814 324.653171 368.809016 416.670686 451.945550 448.952123 461.052389 497.956278 549.475181 592.890083 623.696652 664.488262 740.245377 783.175401 795.889572 807.686889 836.063193 923.821153 1000.796346 1019.681734 1003.785220 991.198782 1007.170184 1035.779467 1037.614398 1035.968031 1042.400414 1049.169801 1072.937890 1067.766346 1036.979488 1027.792646 1026.484396 1011.359450 941.557742 839.291621 781.113542 724.970782 640.351068 578.356798 570.165701 577.775264 542.016099 484.843211 439.899813 425.288702 407.196450 391.124478 395.048464 412.857778 434.562756 444.825111 431.245216 409.701024 386.195143 356.755296 357.892769 382.795131 -9999.0 -9999.0 -9999.0 -9999.0 -9999.0 -9999.0
-9999.0 -9999.0 -9999.0 -9999.0 59.199869 72.059109 60.411734 85.000487 117.681308 151.767568 184.589626 222.621255 250.800754 282.226427 325.863217 366.115013 412.183011 451.466080 514.576223 598.419780 658.545210 686.343472 703.519725 771.865102 862.928725 951.191603 982.666930 1006.528865 1038.244560 1086.802863 1108.952979 1116.742550 1139.804429 1183.057080 1228.640820 1259.074110 1245.834140 1241.036748 1244.865876 1251.587353 1270.510576 1269.448386 1269.943784 1270.926243 1274.310121 1276.240179 1259.404398 1234.249256 1225.368730 1217.886245 1189.981440 1117.573321 1075.989697 1050.208588 1023.422070 968.760904 871.562804 827.261929 758.022446 696.731770 626.240135 589.855905 548.870084 517.087473 482.140146 479.184712 479.316878 456.928338 423.837078 390.370814 374.195331 354.418115 342.982147 372.170365 389.248582 419.562647 -9999.0 -9999.0 -9999.0 -9999.0
-9999.0 -9999.0 0.186107 49.872394 106.712287 116.111955 118.419625 124.552013 152.844742 205.113470 284.136337 338.859911 384.982165 420.340989 487.053918 582.602807 663.382681 718.643592 796.318059 910.973588 987.186665 1019.003521 1031.722066 1066.354454 1121.958053 1186.171119 1212.220912 1232.640162 1253.697182 1277.539041 1291.279327 1305.956739 1315.392652 1318.804881 1322.615975 1322.492173 1320.059785 1317.348152 1301.389640 1298.292416 1303.984418 1306.817544 1309.112526 1297.006066 1293.498137 1306.762470 1311.408912 1314.150101 1317.169357 1325.227136 1330.026526 1293.497651 1253.180023 1241.890793 1235.987237 1195.417976 1130.822238 1087.280306 1067.419297 1030.440650 949.131538 861.270496 785.552137 723.478467 657.293893 613.542208 559.720763 512.500560 462.899052 414.638762 388.898187 368.651402 364.631814 363.486301 378.524512 393.309115 408.188434 415.740633 -9999.0 -9999.0
-9999.0 -100.739265 -27.919981 99.771047 180.474850 227.601456 267.481532 295.981897 323.519494 345.610573 456.970684 565.638985 660.070205 698.905786 765.833726 903.990491 1005.851823 1049.700037 1088.683927 1150.250569 1205.664769 1243.553376 1264.289123 1281.738801 1312.943034 1321.754851 1323.820776 1325.056842 1318.366545 1309.286669 1299.098855 1306.108173 1305.177127 1290.047658 1275.251121 1270.250209 1265.180116 1246.373227 1224.851219 1214.544822 1217.991737 1237.993266 1228.378506 1211.196794 1208.084418 1225.855972 1241.715406 1235.518581 1227.263125 1244.853223 1276.193446 1293.573544 1305.495626 1320.397756 1339.575998 1313.995640 1283.657529 1248.086222 1234.391503 1212.903994 1163.898825 1102.629841 1049.296033 985.770090 891.442631 791.938782 713.243689 637.885644 563.251089 517.377400 480.843342 425.100109 399.165706 397.403098 386.177535 382.142375 387.583866 393.617208 -9999.0 -9999.0
-9999.0 -176.258579 -32.689110 154.046681 305.117366 373.940215 498.813210 585.592653 613.080005 590.583052 707.502052 958.723532 1055.389270 1069.936789 1136.478017 1223.478622 1253.337705 1282.944430 1303.622219 1309.324783 1311.821324 1316.253934 1311.434489 1304.457066 1291.775437 1286.587754 1288.095070 1288.097827 1274.645795 1257.966300 1240.142445 1236.717977 1223.345076 1188.146029 1154.678521 1126.753900 1106.955920 1089.239132 1062.158027 1041.406706 1030.393650 1047.206670 1040.288937 1025.566237 1021.978046 1040.994144 1069.731460 1065.922927 1076.021645 1103.750755 1150.410185 1186.960791 1205.275435 1230.133216 1260.998786 1296.359566 1309.918804 1329.908537 1334.701571 1315.447083 1278.885233 1236.373153 1211.573946 1161.559387 1094.754086 1018.535640 944.641419 845.562319 756.254955 697.145948 633.901237 563.209322 497.856426 462.507442 418.441617 395.671292 -9999.0 -9999.0 -9999.0 -9999.0
-9999.0 -247.780563 -56.898449 208.232291 482.853559 628.663304 879.553554 1012.774792 1063.058825 1120.908716 1124.689557 1250.534570 1280.320630 1273.115696 1264.742949 1269.344520 1284.665535 1288.602386 1285.087870 1276.056389 1266.853668 1261.073459 1258.103053 1251.356045 1242.015145 1231.484186 1223.540690 1216.851315 1187.437070 1155.604095 1112.055062 1093.172042 1059.970891 976.398078 921.167676 847.356623 770.316485 757.744243 748.539992 720.297837 701.827063 684.587768 704.707839 707.160234 708.527293 713.727440 732.836458 757.084583 809.673315 868.478421 950.334521 1012.865881 1047.134334 1091.504960 1142.715028 1192.663288 1217.262783 1241.565476 1281.004958 1315.374829 1337.458086 1329.356503 1305.261634 1272.045767 1217.672697 1167.517307 1129.389802 1060.945142 1000.724045 939.390082 855.723289 769.033906 682.633468 560.091319 508.715866 -9999.0 -9999.0 -9999.0 -9999.0 -9999.0
-9999.0 -413.537667 -144.631675 151.778254 489.334431 856.401704 998.704765 1137.509246 1205.131409 1165.269912 1164.831050 1184.047354 1218.610032 1224.251624 1208.631725 1205.631214 1198.939707 1199.305171 1210.368104 1183.418978 1148.337697 1127.346590 1122.770315 1110.325586 1089.177181 1075.265691 1066.795471 1052.301348 1009.298363 948.627391 828.441432 782.733248 701.706293 638.073515 585.869271 524.939552 466.340926 462.140392 477.780730 462.043556 440.014128 421.645289 447.763434 464.373927 475.892313 465.595160 475.067882 511.908489 564.840914 616.207131 678.484209 740.854979 795.630902 866.301967 939.753498 1002.618657 1047.143232 1091.761855 1165.965928 1235.604954 1266.131407 1295.401491 1328.534453 1346.907308 1304.340097 1266.070794 1231.293588 1189.224166 1127.140575 1093.809296 1062.328558 1007.810545 947.945644 -9999.0 -9999.0 -9999.0 -9999.0 -9999.0 -9999.0 -9999.0
-9999.0 -544.599555 -317.693438 -75.142892 224.160997 475.592017 677.091718 833.673034 925.465031 951.696609 979.281750 1006.573903 1031.895894 1051.593272 1033.836451 1003.512275 980.762124 984.598488 979.048712 944.816191 887.169377 845.182604 833.367699 820.070108 788.546377 770.568660 758.928420 735.903789 699.651807 638.849842 545.526818 468.856286 404.178062 368.152436 335.491129 299.241979 259.508950 269.111890 282.839677 278.662598 267.034861 263.239801 292.909747 311.713952 321.858630 309.308385 328.239581 355.758223 398.860019 443.498690 495.166646 552.555898 609.356576 647.295807 675.691732 711.398709 759.488269 834.043764 960.751534 1066.382441 1148.727074 1194.171537 1238.804940 1270.323673 1284.248700 1303.733056 1288.120685 1220.936581 1118.725149 1148.264159 1158.564051 -9999.0 -9999.0 -9999.0 -9999.0 -9999.0 -9999.0 -9999.0 -9999.0 -9999.0
-9999.0 -9999.0 -554.181297 -368.702073 -215.694923 -28.607033 126.870654 244.026587 331.215578 435.749431 535.693381 614.253740 655.385597 671.974578 657.026854 621.645647 598.465269 597.816126 585.827220 567.534156 535.005864 517.825408 503.766205 493.468313 479.574011 472.002381 466.295687 454.723785 431.499734 382.696140 328.033978 273.628875 218.102733 191.931302 169.087750 145.914585 142.501338 139.815144 146.270726 147.636675 153.548037 165.630534 186.282123 207.885126 217.419470 225.026651 237.636955 261.569500 295.260385 337.575740 391.574383 448.978728 489.046711 503.755277 498.031795 507.077246 532.916964 585.661860 686.952417 795.775107 937.308595 1023.042045 1097.935854 1159.660877 1180.759764 1198.141696 1216.321495 1149.352468 782.784575 1064.650476 -9999.0 -9999.0 -9999.0 -9999.0 -9999.0 -9999.0 -9999.0 -9999.0 -9999.0 -9999.0
-9999.0 -9999.0 -9999.0 -9999.0 -512.912062 -356.048280 -260.017784 -175.648072 -49.319424 65.582154 162.420187 241.794653 298.025478 322.766815 314.092766 312.261939 305.034486 299.912984 289.655722 283.507757 276.517048 266.400342 252.677430 244.286194 243.540073 247.243586 244.973072 231.639664 214.918160 188.674373 164.955655 129.212172 91.885739 62.300016 48.939571 42.169697 42.155710 36.218653 45.575150 52.296883 67.365738 82.854043 106.911018 135.486603 148.422783 162.763274 172.494575 193.304439 223.578067 276.807306 339.815187 396.632831 431.348093 435.656331 410.758929 395.907477 394.078530 425.297997 477.924907 556.752978 675.849943 764.089058 850.186000 947.279094 1000.645289 1052.085937 1123.015506 1154.325030 -9999.0 -9999.0 -9999.0 -9999.0 -9999.0 -9999.0 -9999.0 -9999.0 -9999.0 -9999.0 -9999.0 -9999.0
-9999.0 -9999.0 -9999.0 -9999.0 -9999.0 -9999.0 -565.409157 -468.924508 -383.473844 -254.546619 -134.719620 -38.862365 37.601940 64.880141 85.227724 109.069828 105.097227 87.157396 69.104721 85.505996 95.342167 89.218847 60.275718 58.737958 62.486371 71.552588 70.147832 64.005454 39.082325 48.064331 47.021323 23.672427 -2.559019 -16.907879 -28.593258 -18.741489 -18.068830 -30.835610 -28.850114 -2.519372 17.406957 30.852299 53.259831 86.493024 118.591435 133.093173 134.130136 140.316334 181.441468 251.732350 322.481402 376.482040 407.691530 415.217524 387.123830 346.469603 325.559420 333.425112 370.430047 427.687561 510.658665 568.177688 610.542183 649.549509 686.010097 783.501321 -9999.0 -9999.0 -9999.0 -9999.0 -9999.0 -9999.0 -9999.0 -9999.0 -9999.0 -9999.0 -9999.0 -9999.0 -9999.0 -9999.0
-9999.0 -9999.0 -9999.0 -9999.0 -9999.0 -9999.0 -9999.0 -9999.0 -9999.0 -9999.0 -9999.0 -9999.0 -9999.0 -9999.0 -9999.0 -9999.0 -9999.0 -9999.0 -9999.0 -9999.0 -9999.0 -9999.0 -9999.0 -9999.0 -9999.0 -9999.0 -9999.0 -9999.0 -9999.0 -9999.0 -9999.0 -9999.0 -9999.0 -9999.0 -9999.0 -9999.0 -9999.0 -9999.0 -9999.0 -9999.0 -9999.0 -9999.0 -9999.0 -9999.0 -9999.0 -9999.0 -9999.0 -9999.0 -9999.0 -9999.0 -9999.0 -9999.0 -9999.0 -9999.0 -9999.0 -9999.0 -9999.0 -9999.0 -9999.0 -9999.0 -9999.0 -9999.0 -9999.0 -9999.0 -9999.0 -9999.0 -9999.0 -9999.0 -9999.0 -9999.0 -9999.0 -9999.0 -9999.0 -9999.0 -9999.0 -9999.0 -9999.0 -9999.0 -9999.0 -9999.0
-9999.0 -9999.0 -9999.0 -9999.0 -9999.0 -9999.0 -9999.0 -9999.0 -9999.0 -9999.0 -9999.0 -9999.0 -9999.0 -9999.0 -9999.0 -9999.0 -9999.0 -9999.0 -9999.0 -9999.0 -9999.0 -9999.0 -9999.0 -9999.0 -9999.0 -9999.0 -9999.0 -9999.0 -9999.0 -9999.0 -9999.0 -9999.0 -9999.0 -9999.0 -9999.0 -9999.0 -9999.0 -9999.0 -9999.0 -9999.0 -9999.0 -9999.0 -9999.0 -9999.0 -9999.0 -9999.0 -9999.0 -9999.0 -9999.0 -9999.0 -9999.0 -9999.0 -9999.0 -9999.0 -9999.0 -9999.0 -9999.0 -9999.0 -9999.0 -9999.0 -9999.0 -9999.0 -9999.0 -9999.0 -9999.0 -9999.0 -9999.0 -9999.0 -9999.0 -9999.0 -9999.0 -9999.0 -9999.0 -9999.0 -9999.0 -9999.0 -9999.0 -9999.0 -9999.0 -9999.0