Borden_/Borden1m_014/output_maps/psiliqL0004N0028.asc
ncols         80
nrows         18
xllcorner     620200.000000
yllcorner     5168000.000000
cellsize      1.000000
NODATA_value  -9999.0
-9999.0 -9999.0 -9999.0 -9999.0 -9999.0 -9999.0 -9999.0 -9999.0 -9999.0 -9999.0 -9999.0 -9999.0 -9999.0 -9999.0 -9999.0 -9999.0 -9999.0 -9999.0 -9999.0 -9999.0 -9999.0 -9999.0 -9999.0 -9999.0 -9999.0 -9999.0 -9999.0 -9999.0 -9999.0 -9999.0 -9999.0 -9999.0 -9999.0 -9999.0 -9999.0 -9999.0 -9999.0 -9999.0 -9999.0 -9999.0 -9999.0 -9999.0 -9999.0 -9999.0 -9999.0 -9999.0 -9999.0 -9999.0 -9999.0 -9999.0 -9999.0 -9999.0 -9999.0 -9999.0 -9999.0 -9999.0 -9999.0 -9999.0 -9999.0 -9999.0 -9999.0 -9999.0 -9999.0 -9999.0 -9999.0 -9999.0 -9999.0 -9999.0 -9999.0 -9999.0 -9999.0 -9999.0 -9999.0 -9999.0 -9999.0 -9999.0 -9999.0 -9999.0 -9999.0 -9999.0
-9999.0 -9999.0 -9999.0 -9999.0 -9999.0 -9999.0 -9999.0 -9999.0 -9999.0 -9999.0 -9999.0 -9999.0 -9999.0 -9999.0 -9999.0 -9999.0 -9999.0 -9999.0 -9999.0 -9999.0 -9999.0 -9999.0 -9999.0 -9999.0 -9999.0 -9999.0 -9999.0 -9999.0 -9999.0 -9999.0 -9999.0 -9999.0 -9999.0 -9999.0 -9999.0 -9999.0 -9999.0 -9999.0 -9999.0 -9999.0 -9999.0 -9999.0 -9999.0 -9999.0 -9999.0 -9999.0 -9999.0 -9999.0 -9999.0 -9999.0 -9999.0 -9999.0 -9999.0 -9999.0 -9999.0 -9999.0 -9999.0 -9999.0 -9999.0 -9999.0 -9999.0 -9999.0 -9999.0 -9999.0 -9999.0 -9999.0 -9999.0 -9999.0 -9999.0 -9999.0 -9999.0 -9999.0 -9999.0 -9999.0 -9999.0 -9999.0 -9999.0 -9999.0 -9999.0 -9999.0
-9999.0 -9999.0 -9999.0 -9999.0 -9999.0 -9999.0 -9999.0 -9999.0 -9999.0 -9999.0 -9999.0 -9999.0 -9999.0 -9999.0 -9999.0 -9999.0 -9999.0 -9999.0 -9999.0 -9999.0 -602.442416 -600.246022 -606.302813 -613.663407 -619.745309 -620.230166 -613.272886 -604.950656 -595.788004 -593.703985 -600.232957 -598.935566 -601.355273 -602.529868 -602.412348 -600.535017 -599.638117 -596.670198 -594.671250 -595.294443 -597.381855 -598.981676 -600.083482 -599.457876 -597.303571 -600.418914 -595.773555 -590.983389 -589.152798 -589.650583 -596.618011 -599.795451 -601.104960 -606.125752 -597.044660 -593.862376 -586.635341 -585.650235 -584.833634 -592.950174 -601.154846 -9999.0 -9999.0 -9999.0 -9999.0 -9999.0 -9999.0 -9999.0 -9999.0 -9999.0 -9999.0 -9999.0 -9999.0 -9999.0 -9999.0 -9999.0 -9999.0 -9999.0 -9999.0 -9999.0
-9999.0 -9999.0 -9999.0 -9999.0 -9999.0 -9999.0 -9999.0 -9999.0 -9999.0 -9999.0 -9999.0 -9999.0 -9999.0 -9999.0 -616.370496 -619.401246 -620.755566 -621.117193 -614.825886 -609.548345 -608.569486 -611.657760 -609.640483 -616.177442 -621.936206 -618.431726 -612.791046 -607.511708 -599.778154 -594.228597 -598.923630 -600.080912 -597.294928 -588.114524 -583.739179 -585.393073 -595.216208 -585.739443 -580.365096 -576.976533 -577.433548 -581.795158 -575.426591 -568.113260 -571.602352 -579.415892 -577.824830 -573.190890 -566.115190 -570.748719 -596.009778 -599.898452 -599.092214 -599.191746 -602.843246 -605.202943 -595.920680 -596.719096 -598.534868 -601.277603 -607.909626 -617.789850 -622.008889 -612.225736 -602.604919 -584.993244 -9999.0 -9999.0 -9999.0 -9999.0 -9999.0 -9999.0 -9999.0 -9999.0 -9999.0 -9999.0 -9999.0 -9999.0 -9999.0 -9999.0
-9999.0 -9999.0 -9999.0 -9999.0 -9999.0 -9999.0 -9999.0 -9999.0 -9999.0 -623.087816 -623.646619 -622.670836 -624.315104 -621.425561 -625.306891 -624.141318 -624.512374 -620.078664 -615.849370 -609.353098 -601.742130 -606.615098 -607.200395 -603.471758 -602.678226 -600.567336 -596.349015 -583.711113 -569.254422 -549.473407 -565.165269 -565.954326 -556.611391 -525.793680 -498.133486 -489.748788 -504.007475 -503.592191 -485.348056 -463.481521 -463.235148 -464.945067 -440.589527 -425.541082 -416.180608 -438.084949 -459.807556 -463.038051 -435.929289 -483.932814 -526.546540 -560.410173 -558.954899 -572.237639 -587.414725 -593.646805 -595.332832 -585.158603 -589.558930 -600.229310 -609.220705 -607.938626 -612.534189 -607.858540 -603.663221 -589.842806 -577.449242 -566.213735 -565.701273 -572.614303 -9999.0 -9999.0 -9999.0 -9999.0 -9999.0 -9999.0 -9999.0 -9999.0 -9999.0 -9999.0
-9999.0 -9999.0 -9999.0 -9999.0 -9999.0 -9999.0 -630.313024 -630.372812 -628.297268 -632.924341 -628.737395 -630.832444 -627.632686 -625.803422 -623.304559 -622.472845 -616.909791 -611.510621 -602.855413 -591.733418 -581.898763 -585.897814 -583.207101 -569.937687 -546.302127 -525.360877 -511.525676 -486.511911 -406.908284 -345.262234 -320.150545 -307.435736 -291.978222 -262.331451 -207.620857 -154.784036 -211.458260 -231.394710 -215.662132 -173.536306 -98.882780 -96.046854 -90.166181 -82.765154 -56.940504 -63.897075 -167.466647 -197.480264 -206.518773 -215.656369 -255.273707 -298.251139 -362.664748 -428.538184 -499.418332 -536.013497 -541.559451 -534.863910 -551.003713 -573.484769 -587.891202 -588.874502 -592.097599 -596.947759 -594.541201 -588.680290 -580.279487 -575.305217 -579.271981 -585.121565 -590.220386 -598.958982 -597.771361 -589.441000 -9999.0 -9999.0 -9999.0 -9999.0 -9999.0 -9999.0
-9999.0 -9999.0 -9999.0 -9999.0 -639.046591 -636.506971 -643.647571 -639.199101 -635.403081 -632.199011 -631.115794 -625.850519 -623.612042 -619.437553 -611.400144 -604.527248 -593.432424 -584.500378 -563.214452 -524.484859 -488.011921 -464.998992 -449.172583 -364.325479 -289.157020 -251.331556 -238.053764 -214.902416 -166.365397 -50.178124 -22.494810 -15.264226 -25.739124 25.573820 52.306847 99.150124 67.651801 74.400468 76.294396 84.623066 109.411295 110.364379 111.310572 111.571851 113.671891 115.021028 93.707693 62.819703 49.513478 43.112823 -4.616074 -35.478286 -133.417651 -173.178901 -199.000746 -236.338928 -287.571002 -313.600226 -394.349456 -459.241561 -512.659381 -530.911654 -549.183955 -559.750839 -572.858383 -570.789696 -567.581374 -574.575066 -584.264787 -593.621474 -595.705420 -600.052863 -604.009640 -593.483229 -589.018513 -577.643790 -9999.0 -9999.0 -9999.0 -9999.0
-9999.0 -9999.0 -640.659723 -639.520399 -632.019686 -635.546997 -637.875908 -641.033328 -638.862441 -631.152995 -616.831091 -609.178711 -598.970405 -592.648846 -571.424383 -525.239444 -472.072907 -422.570109 -337.292451 -276.075675 -229.548427 -189.344957 -111.483147 -71.199523 -48.443459 22.624717 40.234372 64.473691 87.766309 115.414112 140.139061 156.223952 158.463175 156.357621 153.565411 153.800627 150.356902 147.314656 130.436116 128.494548 135.409405 137.939818 141.024656 129.171918 125.262311 137.713555 139.344566 139.721413 141.781311 148.881026 159.616280 131.073430 78.174132 65.757747 34.347052 24.587391 -34.954963 -126.756274 -158.351235 -198.414047 -264.005923 -301.511495 -369.215289 -442.045116 -494.237079 -517.700048 -542.434014 -559.144746 -575.261213 -590.273190 -595.620097 -599.109361 -597.696529 -598.625400 -592.923917 -588.235150 -582.103409 -579.547947 -9999.0 -9999.0
-9999.0 -644.196842 -645.291251 -631.644330 -627.251088 -623.332777 -618.863760 -615.049328 -610.808090 -613.365830 -577.627051 -518.621968 -458.048657 -430.194801 -352.955776 -255.193898 -110.142778 -74.410979 -65.803753 -6.140743 39.862442 80.144523 105.026709 137.469591 159.745146 157.642355 152.964252 153.605841 144.474630 137.789452 127.859272 134.882369 134.087010 119.394091 106.996559 106.402178 102.651233 78.710056 52.544025 40.630995 45.214426 65.898687 55.829743 36.376967 32.480541 52.077039 67.142652 58.741550 45.436133 37.989625 92.478202 111.688979 128.039690 141.538220 161.255847 139.634728 107.495951 70.243766 28.757608 29.797622 -70.057901 -134.346174 -187.595879 -247.255820 -295.841980 -375.331739 -457.529734 -505.094067 -541.515984 -556.991348 -567.292073 -586.920780 -592.823096 -589.393241 -592.073164 -592.447808 -589.919103 -587.834675 -9999.0 -9999.0
-9999.0 -656.151650 -643.915211 -627.683399 -606.670383 -600.143885 -547.022397 -500.594290 -484.430284 -504.704857 -392.101406 -108.918871 -42.694727 -40.435311 13.195026 81.324353 122.525843 145.171230 157.632538 151.370697 144.471417 147.940371 142.781541 134.222723 120.943413 114.909569 114.027888 112.424130 94.518478 77.892362 62.568647 60.925028 48.266049 14.901061 -15.740310 -28.014626 -52.919670 -113.212678 -156.265450 -185.559281 -198.793898 -179.648222 -189.784060 -207.788192 -211.286240 -187.791398 -154.055045 -159.560163 -153.705756 -130.295693 -84.910636 -4.561894 16.394423 41.581164 73.973319 112.565706 130.779496 150.350811 155.495034 131.877357 93.389360 48.362878 19.873787 -83.622144 -156.852903 -232.338713 -278.479745 -315.133068 -399.730536 -457.438818 -499.585401 -535.202989 -562.551349 -570.184598 -584.566292 -588.355551 -9999.0 -9999.0 -9999.0 -9999.0
-9999.0 -657.887447 -645.514844 -616.294828 -549.310862 -469.152082 -291.608223 -166.129590 -12.368407 -43.180358 61.993929 139.892783 150.431037 134.700517 109.959664 106.936552 116.868200 118.924627 114.024042 105.713434 94.660141 92.164313 88.746962 59.029329 69.659531 57.253177 45.741772 34.523819 -47.874847 -84.671163 -112.650296 -129.317803 -163.683416 -242.347993 -270.911612 -290.753530 -355.190460 -374.089062 -393.584571 -431.647629 -450.950192 -463.149388 -447.262771 -450.573432 -451.643147 -441.815745 -416.201863 -394.424053 -337.600206 -297.220763 -268.055576 -224.453781 -191.967446 -147.423625 -95.137231 1.774018 30.064705 56.526261 95.940210 132.766539 153.514718 145.780609 117.880381 81.696239 23.093188 -86.882656 -137.915580 -202.584564 -254.211668 -288.977603 -315.514429 -379.972663 -466.346310 -529.643346 -548.185307 -9999.0 -9999.0 -9999.0 -9999.0 -9999.0
-9999.0 -675.677793 -647.134896 -622.273546 -517.195635 -280.244589 -189.613293 60.399419 120.069712 49.126472 -46.108637 26.241525 61.265667 61.999898 38.328612 29.446655 23.710839 22.882293 34.282028 5.950287 -65.453641 -83.706330 -86.479839 -99.689776 -122.398012 -141.983867 -156.936260 -178.440379 -229.263336 -265.189264 -314.325305 -350.267625 -440.909517 -499.614535 -528.287201 -553.256667 -577.458843 -577.184861 -569.677872 -576.587208 -584.450093 -592.200278 -582.518996 -577.663825 -573.466498 -578.302956 -576.233938 -562.852205 -541.058631 -518.458007 -484.051525 -430.451763 -369.332202 -300.830413 -276.028887 -232.590615 -189.300071 -140.831585 -65.734496 48.348827 77.055643 107.898240 143.452227 161.129904 122.230736 83.006997 29.971063 -77.615119 -171.066172 -209.661232 -228.248724 -253.224425 -290.797009 -9999.0 -9999.0 -9999.0 -9999.0 -9999.0 -9999.0 -9999.0
-9999.0 -685.119707 -655.337022 -648.794351 -607.253519 -526.816376 -399.963784 -276.811194 -126.460189 -231.965466 -244.738098 -223.123621 -196.841018 -176.276897 -198.451239 -228.176077 -247.615640 -244.052355 -242.641147 -260.745673 -282.397438 -291.529176 -292.293537 -300.844294 -337.376434 -363.267435 -379.701223 -409.930041 -452.691649 -497.047548 -547.520179 -574.972428 -595.096650 -603.071701 -608.997495 -615.112517 -625.035655 -620.076393 -615.930194 -616.990692 -620.112312 -622.204251 -614.716182 -611.553941 -609.123153 -615.165764 -610.354156 -605.208464 -594.696487 -583.639794 -568.506154 -547.412221 -521.661230 -502.980390 -489.204264 -460.509368 -408.223472 -321.881551 -256.037636 -164.929401 -90.746077 -3.305513 45.657977 53.587184 95.397242 109.011482 111.880420 71.706277 -143.086922 -171.748870 -176.677293 -9999.0 -9999.0 -9999.0 -9999.0 -9999.0 -9999.0 -9999.0 -9999.0 -9999.0
-9999.0 -9999.0 -692.044072 -679.058319 -667.786974 -654.062354 -634.536696 -610.857591 -591.432604 -567.188904 -533.804880 -496.714682 -471.056607 -458.583847 -474.769939 -504.993360 -521.804211 -520.991906 -525.629388 -534.412784 -549.375026 -554.766187 -558.667378 -561.878002 -568.702474 -571.696172 -573.146479 -576.242535 -582.818192 -596.699220 -609.284635 -618.540894 -628.075047 -628.844563 -630.771880 -633.959684 -631.977633 -632.552915 -631.652806 -631.941349 -631.143302 -629.568156 -627.413909 -624.645745 -624.136543 -623.284223 -622.042755 -618.845972 -613.914991 -607.200225 -595.453328 -579.337136 -567.100945 -563.938848 -569.462672 -567.647808 -559.228804 -538.820416 -478.008275 -367.382482 -278.709704 -217.919090 -146.941976 -98.729003 -76.370753 -11.372171 37.369971 -84.809182 -219.696491 -204.698806 -9999.0 -9999.0 -9999.0 -9999.0 -9999.0 -9999.0 -9999.0 -9999.0 -9999.0 -9999.0
-9999.0 -9999.0 -9999.0 -9999.0 -697.866236 -679.387499 -663.229650 -663.800520 -650.955386 -641.763195 -632.626742 -622.132953 -613.432750 -608.328911 -613.514872 -614.906612 -616.346378 -615.926865 -617.403195 -618.854369 -619.682378 -620.821504 -622.171313 -623.590231 -623.157951 -621.921015 -621.719474 -624.120931 -624.883413 -629.382539 -630.663561 -633.857884 -636.900709 -639.971284 -639.755809 -640.103331 -639.030543 -640.291771 -638.365403 -639.199477 -637.528860 -636.549826 -634.319839 -630.904764 -631.402398 -629.456308 -629.037856 -626.359265 -624.295149 -616.578333 -604.595714 -591.120319 -582.040166 -582.139461 -592.512453 -597.415117 -599.783919 -592.607882 -579.650620 -553.458543 -492.638439 -417.199237 -319.492129 -278.488760 -252.830855 -208.944038 -163.891921 -152.025202 -9999.0 -9999.0 -9999.0 -9999.0 -9999.0 -9999.0 -9999.0 -9999.0 -9999.0 -9999.0 -9999.0 -9999.0
-9999.0 -9999.0 -9999.0 -9999.0 -9999.0 -9999.0 -689.967355 -680.653513 -683.000138 -675.096684 -667.693638 -661.629144 -653.404404 -653.468650 -650.989166 -645.291963 -646.082550 -648.951339 -652.441109 -647.524284 -645.258331 -644.960574 -650.549550 -649.186851 -648.542165 -646.441140 -646.650620 -645.977985 -650.670928 -645.478726 -643.105509 -644.479215 -645.832680 -645.135188 -646.352632 -643.119663 -642.737396 -645.390453 -646.096856 -642.112877 -640.728468 -640.945824 -639.780120 -636.603312 -632.316205 -631.360191 -632.841910 -634.760864 -629.845576 -618.909194 -606.181858 -594.761848 -587.363485 -585.297361 -594.549576 -606.877110 -613.128489 -613.515335 -607.499270 -596.127469 -571.867603 -554.487461 -539.992602 -524.034359 -503.685232 -406.840087 -9999.0 -9999.0 -9999.0 -9999.0 -9999.0 -9999.0 -9999.0 -9999.0 -9999.0 -9999.0 -9999.0 -9999.0 -9999.0 -9999.0
-9999.0 -9999.0 -9999.0 -9999.0 -9999.0 -9999.0 -9999.0 -9999.0 -9999.0 -9999.0 -9999.0 -9999.0 -9999.0 -9999.0 -9999.0 -9999.0 -9999.0 -9999.0 -9999.0 -9999.0 -9999.0 -9999.0 -9999.0 -9999.0 -9999.0 -9999.0 -9999.0 -9999.0 -9999.0 -9999.0 -9999.0 -9999.0 -9999.0 -9999.0 -9999.0 -9999.0 -9999.0 -9999.0 -9999.0 -9999.0 -9999.0 -9999.0 -9999.0 -9999.0 -9999.0 -9999.0 -9999.0 -9999.0 -9999.0 -9999.0 -9999.0 -9999.0 -9999.0 -9999.0 -9999.0 -9999.0 -9999.0 -9999.0 -9999.0 -9999.0 -9999.0 -9999.0 -9999.0 -9999.0 -9999.0 -9999.0 -9999.0 -9999.0 -9999.0 -9999.0 -9999.0 -9999.0 -9999.0 -9999.0 -9999.0 -9999.0 -9999.0 -9999.0 -9999.0 -9999.0
-9999.0 -9999.0 -9999.0 -9999.0 -9999.0 -9999.0 -9999.0 -9999.0 -9999.0 -9999.0 -9999.0 -9999.0 -9999.0 -9999.0 -9999.0 -9999.0 -9999.0 -9999.0 -9999.0 -9999.0 -9999.0 -9999.0 -9999.0 -9999.0 -9999.0 -9999.0 -9999.0 -9999.0 -9999.0 -9999.0 -9999.0 -9999.0 -9999.0 -9999.0 -9999.0 -9999.0 -9999.0 -9999.0 -9999.0 -9999.0 -9999.0 -9999.0 -9999.0 -9999.0 -9999.0 -9999.0 -9999.0 -9999.0 -9999.0 -9999.0 -9999.0 -9999.0 -9999.0 -9999.0 -9999.0 -9999.0 -9999.0 -9999.0 -9999.0 -9999.0 -9999.0 -9999.0 -9999.0 -9999.0 -9999.0 -9999.0 -9999.0 -9999.0 -9999.0 -9999.0 -9999.0 -9999.0 -9999.0 -9999.0 -9999.0 -9999.0 -9999.0 -9999.0 -9999.0 -9999.0