Borden_/Borden1m_014/output_maps/psiliqL0008N0018.asc
ncols         80
nrows         18
xllcorner     620200.000000
yllcorner     5168000.000000
cellsize      1.000000
NODATA_value  -9999.0
-9999.0 -9999.0 -9999.0 -9999.0 -9999.0 -9999.0 -9999.0 -9999.0 -9999.0 -9999.0 -9999.0 -9999.0 -9999.0 -9999.0 -9999.0 -9999.0 -9999.0 -9999.0 -9999.0 -9999.0 -9999.0 -9999.0 -9999.0 -9999.0 -9999.0 -9999.0 -9999.0 -9999.0 -9999.0 -9999.0 -9999.0 -9999.0 -9999.0 -9999.0 -9999.0 -9999.0 -9999.0 -9999.0 -9999.0 -9999.0 -9999.0 -9999.0 -9999.0 -9999.0 -9999.0 -9999.0 -9999.0 -9999.0 -9999.0 -9999.0 -9999.0 -9999.0 -9999.0 -9999.0 -9999.0 -9999.0 -9999.0 -9999.0 -9999.0 -9999.0 -9999.0 -9999.0 -9999.0 -9999.0 -9999.0 -9999.0 -9999.0 -9999.0 -9999.0 -9999.0 -9999.0 -9999.0 -9999.0 -9999.0 -9999.0 -9999.0 -9999.0 -9999.0 -9999.0 -9999.0
-9999.0 -9999.0 -9999.0 -9999.0 -9999.0 -9999.0 -9999.0 -9999.0 -9999.0 -9999.0 -9999.0 -9999.0 -9999.0 -9999.0 -9999.0 -9999.0 -9999.0 -9999.0 -9999.0 -9999.0 -9999.0 -9999.0 -9999.0 -9999.0 -9999.0 -9999.0 -9999.0 -9999.0 -9999.0 -9999.0 -9999.0 -9999.0 -9999.0 -9999.0 -9999.0 -9999.0 -9999.0 -9999.0 -9999.0 -9999.0 -9999.0 -9999.0 -9999.0 -9999.0 -9999.0 -9999.0 -9999.0 -9999.0 -9999.0 -9999.0 -9999.0 -9999.0 -9999.0 -9999.0 -9999.0 -9999.0 -9999.0 -9999.0 -9999.0 -9999.0 -9999.0 -9999.0 -9999.0 -9999.0 -9999.0 -9999.0 -9999.0 -9999.0 -9999.0 -9999.0 -9999.0 -9999.0 -9999.0 -9999.0 -9999.0 -9999.0 -9999.0 -9999.0 -9999.0 -9999.0
-9999.0 -9999.0 -9999.0 -9999.0 -9999.0 -9999.0 -9999.0 -9999.0 -9999.0 -9999.0 -9999.0 -9999.0 -9999.0 -9999.0 -9999.0 -9999.0 -9999.0 -9999.0 -9999.0 -9999.0 -269.578075 -266.550966 -289.461134 -323.845603 -352.673154 -350.855012 -315.483386 -274.062071 -236.076729 -225.467829 -243.478041 -241.846488 -246.648516 -246.386451 -243.005246 -236.768469 -233.923449 -222.268127 -213.724844 -213.990099 -220.246328 -226.054785 -227.309544 -223.738998 -218.718706 -227.597486 -213.971640 -198.461275 -192.030676 -197.381774 -225.165220 -241.526031 -250.083782 -264.846086 -240.327212 -227.742057 -204.675348 -200.356024 -201.602847 -228.734953 -258.928777 -9999.0 -9999.0 -9999.0 -9999.0 -9999.0 -9999.0 -9999.0 -9999.0 -9999.0 -9999.0 -9999.0 -9999.0 -9999.0 -9999.0 -9999.0 -9999.0 -9999.0 -9999.0 -9999.0
-9999.0 -9999.0 -9999.0 -9999.0 -9999.0 -9999.0 -9999.0 -9999.0 -9999.0 -9999.0 -9999.0 -9999.0 -9999.0 -9999.0 -360.283969 -370.677382 -373.950788 -365.572889 -331.627222 -301.444660 -288.716139 -296.456361 -296.640827 -320.536835 -341.050575 -326.693998 -296.913129 -265.241984 -230.826921 -209.911194 -222.339137 -224.554688 -213.015495 -184.136569 -168.572578 -170.902544 -192.132847 -169.201620 -152.533203 -142.690248 -143.656439 -152.429491 -137.267967 -120.323306 -127.059318 -145.307958 -142.008511 -130.011932 -115.131237 -131.310655 -197.975909 -220.447492 -224.591197 -231.763288 -245.342468 -252.064876 -227.284241 -226.374675 -234.683087 -252.670098 -285.038243 -329.466792 -347.376175 -308.319837 -263.340003 -204.943445 -9999.0 -9999.0 -9999.0 -9999.0 -9999.0 -9999.0 -9999.0 -9999.0 -9999.0 -9999.0 -9999.0 -9999.0 -9999.0 -9999.0
-9999.0 -9999.0 -9999.0 -9999.0 -9999.0 -9999.0 -9999.0 -9999.0 -9999.0 -416.695796 -413.310212 -406.500861 -405.057722 -389.676454 -391.632816 -384.952291 -377.240714 -351.144618 -319.793045 -284.228779 -255.073493 -265.108479 -264.701124 -251.950055 -243.889837 -229.980480 -208.614096 -167.274605 -122.660160 -77.129706 -103.902399 -103.610607 -78.713250 -22.416379 18.823523 30.038777 10.274352 14.254041 41.193276 68.255674 68.786445 67.425210 95.406064 111.909914 119.125053 96.044434 74.519445 72.326369 101.194713 43.208910 -26.294165 -88.088385 -94.264266 -130.455698 -174.291174 -197.885079 -201.792674 -180.520831 -196.650707 -234.699568 -271.641329 -281.314409 -298.077757 -281.532292 -258.510538 -211.078690 -172.209460 -143.272793 -142.817507 -160.040051 -9999.0 -9999.0 -9999.0 -9999.0 -9999.0 -9999.0 -9999.0 -9999.0 -9999.0 -9999.0
-9999.0 -9999.0 -9999.0 -9999.0 -9999.0 -9999.0 -494.867921 -486.388134 -467.055442 -461.812079 -437.911763 -430.790237 -410.648435 -391.576431 -371.210803 -354.208363 -322.934289 -289.850693 -247.191605 -201.540219 -167.908991 -171.406312 -159.779762 -120.644553 -66.810507 -28.648440 -2.144310 40.614824 134.207515 204.584402 234.573269 253.214978 282.978639 324.921414 379.047513 402.563366 374.051793 357.796446 372.611215 404.283697 425.892080 429.015385 436.804406 445.377445 471.054966 461.731652 409.173121 390.583566 387.458480 378.920437 334.135137 273.681182 189.179808 111.477323 17.717503 -44.368971 -48.823070 -39.007108 -77.302397 -135.389034 -180.216181 -192.084143 -207.902605 -222.763489 -217.644971 -198.217735 -174.657970 -163.043466 -175.269488 -195.631268 -218.528389 -247.211089 -245.416116 -219.825301 -9999.0 -9999.0 -9999.0 -9999.0 -9999.0 -9999.0
-9999.0 -9999.0 -9999.0 -9999.0 -544.169430 -532.171694 -544.163576 -521.156850 -489.750050 -457.112123 -425.139558 -387.964554 -360.974573 -331.011196 -288.283838 -248.595293 -203.707517 -166.274865 -103.874641 -24.032878 34.395116 66.044446 89.410999 181.757998 285.992348 338.554807 354.099073 375.427452 414.429376 488.928558 519.206841 527.163146 550.269167 582.465902 623.119908 655.305173 637.174005 625.572587 632.231718 641.227292 666.370678 667.886210 669.469132 670.512119 673.454049 673.693043 650.497755 615.074383 606.346349 597.286098 580.349954 514.677068 450.615408 415.647352 392.710837 354.094464 293.981421 254.752745 153.736417 77.216146 2.232468 -28.867077 -70.227472 -101.910690 -135.750847 -136.718401 -134.653792 -154.869242 -185.584650 -217.447526 -232.265297 -250.831447 -260.878281 -230.820633 -212.981239 -181.845041 -9999.0 -9999.0 -9999.0 -9999.0
-9999.0 -9999.0 -601.506369 -551.913918 -496.649544 -488.677869 -487.074670 -482.811204 -456.552454 -406.169422 -326.444622 -272.073695 -226.171312 -193.864404 -128.178830 -32.517306 50.975453 113.980530 212.457492 304.337782 360.039308 391.772777 422.314298 464.367258 519.298199 574.804297 594.759126 619.974106 648.360675 679.835471 702.140734 717.772331 726.045943 723.426497 725.138644 723.768688 720.076856 713.205052 695.781529 692.627457 699.206405 702.527624 705.932447 693.386308 690.043436 702.894392 705.061490 704.971233 707.899297 717.146529 726.599145 693.219759 641.325668 625.048423 620.939658 580.695697 522.766049 465.666293 434.010175 396.343270 332.885527 281.331637 186.343027 104.612540 36.426598 -7.403871 -60.367174 -104.460242 -151.385700 -197.010035 -220.468114 -238.977381 -241.200696 -240.523784 -224.371720 -208.606340 -193.098441 -185.235976 -9999.0 -9999.0
-9999.0 -699.749293 -627.478364 -500.404962 -422.080066 -377.285045 -336.190300 -306.575946 -282.021401 -266.270623 -154.530254 -37.734718 59.411152 100.309519 186.254699 311.939538 407.862613 449.220881 486.432837 540.507148 590.148749 636.858860 665.242662 693.279694 722.256314 723.685934 722.624749 723.309302 716.703962 709.142279 699.446786 706.879333 704.693867 688.896803 675.577065 672.803045 665.698153 638.122331 610.056093 595.926038 595.105052 618.050308 610.186264 589.643321 588.031400 607.686489 623.335672 613.526357 608.622178 627.924647 664.727505 682.779100 696.579725 710.698185 731.338381 708.365560 676.832475 636.319502 615.716791 585.862651 531.429030 472.215620 414.844148 357.314777 293.926087 183.421467 90.203216 18.802792 -55.139923 -98.566853 -131.914958 -185.465862 -209.497011 -208.441994 -217.902117 -220.490074 -213.899116 -207.435767 -9999.0 -9999.0
-9999.0 -770.764837 -627.783366 -442.360395 -294.503115 -229.613373 -101.246869 -12.812278 15.514936 -6.846440 124.932652 382.188467 468.723998 481.046650 549.145641 629.996182 667.027557 694.399003 713.486389 713.361933 712.676091 718.779148 715.873269 707.572367 693.779298 686.041800 685.118513 682.714104 665.195660 644.108291 627.165242 623.703279 607.233524 572.922188 544.743285 528.689718 506.440333 465.402185 426.825246 401.343484 389.273973 406.811406 398.853062 383.190195 380.176354 400.365595 430.870456 428.397467 443.170971 475.253802 519.753691 559.514113 580.331291 607.520949 641.044997 683.872468 702.166846 722.123364 727.672235 704.757970 666.155757 617.426011 585.288917 521.697905 455.118348 379.529769 323.942472 264.786087 148.711167 79.440151 19.120078 -49.756442 -114.784604 -145.888085 -186.408140 -207.879817 -9999.0 -9999.0 -9999.0 -9999.0
-9999.0 -835.622749 -644.569006 -378.623515 -116.204189 32.952892 284.443417 420.304655 486.134664 515.735605 553.386639 665.696244 690.000932 680.539050 665.739808 667.710607 681.214892 685.171185 682.312843 674.803985 668.217006 665.064117 661.957068 647.263637 635.500643 619.919431 607.208733 594.724766 550.999938 517.601372 484.283404 462.398705 425.429564 349.575404 316.279639 282.923587 191.691474 166.715637 144.899220 104.667908 81.585061 64.646692 84.496709 84.021692 84.536815 94.261240 121.304263 151.281598 224.205343 289.402250 332.018722 376.300829 409.100887 458.195190 505.516218 564.781815 594.216549 622.789294 668.970051 706.308650 728.742653 720.662264 692.108044 653.056098 590.037098 523.588621 483.454474 425.161869 363.131268 315.583335 267.887930 168.063279 64.312160 -50.784382 -97.024008 -9999.0 -9999.0 -9999.0 -9999.0 -9999.0
-9999.0 -988.475940 -721.268905 -424.545225 -82.010478 279.315722 406.669644 567.992958 634.264254 569.650920 534.870065 564.082676 604.938649 610.063632 591.137244 586.210297 579.390448 580.087771 593.761287 571.450291 544.099788 527.128115 522.038762 501.829205 469.755510 446.534935 431.715581 413.367699 371.133927 329.938295 252.762573 198.711166 92.049121 16.155608 -33.261910 -86.969802 -146.320072 -150.632988 -136.146533 -153.945915 -176.701212 -195.558622 -170.100758 -154.689092 -143.739693 -153.257660 -143.526180 -106.690964 -52.843842 -3.404962 52.307283 119.088573 190.989751 285.165354 321.641280 366.447557 408.024716 460.205750 538.047020 612.916271 647.672586 681.700030 717.883668 735.655256 691.982533 647.299783 605.595875 563.984394 486.563875 440.636326 412.046075 363.878735 308.262034 -9999.0 -9999.0 -9999.0 -9999.0 -9999.0 -9999.0 -9999.0
-9999.0 -1122.854894 -890.279911 -641.871771 -340.137248 -94.154545 104.979750 267.302726 352.976435 338.065483 345.282205 367.655791 392.962326 411.664524 392.911429 364.958687 344.801310 349.669142 350.666965 331.937206 309.131681 296.282134 291.917997 272.184256 218.483252 183.878593 161.816038 127.276268 80.660014 18.676980 -69.934172 -144.035060 -209.145525 -245.864315 -277.220789 -312.048923 -352.463278 -341.681548 -326.658864 -331.410395 -344.124038 -348.836132 -318.805777 -300.372903 -290.376509 -303.927783 -285.517271 -258.325463 -216.008312 -173.825811 -125.181350 -69.268572 -12.700999 25.100469 46.541943 83.404476 142.897596 245.543367 341.104615 431.579924 509.241020 563.826864 613.764587 649.851534 667.133184 687.666869 678.671364 627.222717 541.751105 515.168237 492.011745 -9999.0 -9999.0 -9999.0 -9999.0 -9999.0 -9999.0 -9999.0 -9999.0 -9999.0
-9999.0 -9999.0 -1127.245526 -935.983758 -775.061971 -591.450327 -443.871633 -333.319846 -255.522486 -166.036942 -73.310563 0.194497 41.449849 58.784932 39.726486 -1.414311 -27.179915 -26.988540 -36.076878 -50.822382 -77.671940 -89.928114 -101.501599 -111.921781 -128.936501 -138.619068 -145.293294 -157.603082 -181.342139 -228.966763 -283.433488 -337.261687 -392.884915 -418.052961 -440.024371 -462.734481 -466.295648 -467.685216 -460.582330 -459.355030 -454.157344 -442.540022 -421.700625 -400.449020 -391.188117 -384.491888 -372.079458 -348.482074 -315.212415 -274.168232 -221.958088 -166.609833 -128.426880 -115.958021 -124.789538 -117.481166 -92.025596 -39.051252 60.818644 186.577682 313.209352 383.781400 459.758565 517.131480 543.658195 564.883315 601.095875 582.822069 376.216371 507.802952 -9999.0 -9999.0 -9999.0 -9999.0 -9999.0 -9999.0 -9999.0 -9999.0 -9999.0 -9999.0
-9999.0 -9999.0 -9999.0 -9999.0 -1078.951018 -922.097783 -829.690726 -748.998033 -631.654477 -526.192823 -435.336102 -358.945252 -306.175624 -282.894558 -294.953075 -301.563396 -310.450696 -314.194714 -323.214641 -329.666108 -336.324596 -344.769347 -356.276099 -364.097234 -364.977556 -361.468208 -363.337569 -376.318593 -391.962021 -419.548254 -443.772277 -478.878511 -515.732613 -544.519793 -557.199611 -563.985604 -563.484475 -568.670377 -558.971676 -552.719999 -537.924269 -522.510794 -498.542281 -470.419326 -458.115057 -444.143250 -434.630287 -413.982222 -384.281305 -331.649047 -269.542089 -214.228631 -181.343317 -178.773760 -206.065212 -222.899282 -226.647598 -198.285351 -148.913835 -71.969204 42.519852 138.921343 253.966142 320.677432 355.515576 401.629135 473.528644 533.187449 -9999.0 -9999.0 -9999.0 -9999.0 -9999.0 -9999.0 -9999.0 -9999.0 -9999.0 -9999.0 -9999.0 -9999.0
-9999.0 -9999.0 -9999.0 -9999.0 -9999.0 -9999.0 -1136.082222 -1042.198447 -954.847729 -836.606974 -727.602736 -638.749709 -566.653077 -543.049843 -526.792883 -505.019614 -509.924583 -526.700347 -542.890913 -526.534610 -517.299940 -521.885579 -548.769578 -550.113844 -546.586522 -536.971542 -537.814079 -543.526342 -567.823429 -559.745776 -561.056696 -583.602592 -609.180103 -623.254133 -634.471185 -624.307120 -623.258219 -635.468936 -632.768491 -606.871148 -587.317720 -573.900049 -551.414759 -518.454357 -486.705247 -472.736232 -472.054514 -466.120036 -424.781926 -354.743732 -284.826202 -232.196581 -202.450866 -196.220593 -226.103438 -268.758661 -292.090557 -286.765506 -252.874911 -199.602199 -120.928095 -66.544364 -25.631226 5.091066 39.433268 150.813354 -9999.0 -9999.0 -9999.0 -9999.0 -9999.0 -9999.0 -9999.0 -9999.0 -9999.0 -9999.0 -9999.0 -9999.0 -9999.0 -9999.0
-9999.0 -9999.0 -9999.0 -9999.0 -9999.0 -9999.0 -9999.0 -9999.0 -9999.0 -9999.0 -9999.0 -9999.0 -9999.0 -9999.0 -9999.0 -9999.0 -9999.0 -9999.0 -9999.0 -9999.0 -9999.0 -9999.0 -9999.0 -9999.0 -9999.0 -9999.0 -9999.0 -9999.0 -9999.0 -9999.0 -9999.0 -9999.0 -9999.0 -9999.0 -9999.0 -9999.0 -9999.0 -9999.0 -9999.0 -9999.0 -9999.0 -9999.0 -9999.0 -9999.0 -9999.0 -9999.0 -9999.0 -9999.0 -9999.0 -9999.0 -9999.0 -9999.0 -9999.0 -9999.0 -9999.0 -9999.0 -9999.0 -9999.0 -9999.0 -9999.0 -9999.0 -9999.0 -9999.0 -9999.0 -9999.0 -9999.0 -9999.0 -9999.0 -9999.0 -9999.0 -9999.0 -9999.0 -9999.0 -9999.0 -9999.0 -9999.0 -9999.0 -9999.0 -9999.0 -9999.0
-9999.0 -9999.0 -9999.0 -9999.0 -9999.0 -9999.0 -9999.0 -9999.0 -9999.0 -9999.0 -9999.0 -9999.0 -9999.0 -9999.0 -9999.0 -9999.0 -9999.0 -9999.0 -9999.0 -9999.0 -9999.0 -9999.0 -9999.0 -9999.0 -9999.0 -9999.0 -9999.0 -9999.0 -9999.0 -9999.0 -9999.0 -9999.0 -9999.0 -9999.0 -9999.0 -9999.0 -9999.0 -9999.0 -9999.0 -9999.0 -9999.0 -9999.0 -9999.0 -9999.0 -9999.0 -9999.0 -9999.0 -9999.0 -9999.0 -9999.0 -9999.0 -9999.0 -9999.0 -9999.0 -9999.0 -9999.0 -9999.0 -9999.0 -9999.0 -9999.0 -9999.0 -9999.0 -9999.0 -9999.0 -9999.0 -9999.0 -9999.0 -9999.0 -9999.0 -9999.0 -9999.0 -9999.0 -9999.0 -9999.0 -9999.0 -9999.0 -9999.0 -9999.0 -9999.0 -9999.0