Borden_/Borden1m_014/output_maps/psiliqL0016N0023.asc
ncols         80
nrows         18
xllcorner     620200.000000
yllcorner     5168000.000000
cellsize      1.000000
NODATA_value  -9999.0
-9999.0 -9999.0 -9999.0 -9999.0 -9999.0 -9999.0 -9999.0 -9999.0 -9999.0 -9999.0 -9999.0 -9999.0 -9999.0 -9999.0 -9999.0 -9999.0 -9999.0 -9999.0 -9999.0 -9999.0 -9999.0 -9999.0 -9999.0 -9999.0 -9999.0 -9999.0 -9999.0 -9999.0 -9999.0 -9999.0 -9999.0 -9999.0 -9999.0 -9999.0 -9999.0 -9999.0 -9999.0 -9999.0 -9999.0 -9999.0 -9999.0 -9999.0 -9999.0 -9999.0 -9999.0 -9999.0 -9999.0 -9999.0 -9999.0 -9999.0 -9999.0 -9999.0 -9999.0 -9999.0 -9999.0 -9999.0 -9999.0 -9999.0 -9999.0 -9999.0 -9999.0 -9999.0 -9999.0 -9999.0 -9999.0 -9999.0 -9999.0 -9999.0 -9999.0 -9999.0 -9999.0 -9999.0 -9999.0 -9999.0 -9999.0 -9999.0 -9999.0 -9999.0 -9999.0 -9999.0
-9999.0 -9999.0 -9999.0 -9999.0 -9999.0 -9999.0 -9999.0 -9999.0 -9999.0 -9999.0 -9999.0 -9999.0 -9999.0 -9999.0 -9999.0 -9999.0 -9999.0 -9999.0 -9999.0 -9999.0 -9999.0 -9999.0 -9999.0 -9999.0 -9999.0 -9999.0 -9999.0 -9999.0 -9999.0 -9999.0 -9999.0 -9999.0 -9999.0 -9999.0 -9999.0 -9999.0 -9999.0 -9999.0 -9999.0 -9999.0 -9999.0 -9999.0 -9999.0 -9999.0 -9999.0 -9999.0 -9999.0 -9999.0 -9999.0 -9999.0 -9999.0 -9999.0 -9999.0 -9999.0 -9999.0 -9999.0 -9999.0 -9999.0 -9999.0 -9999.0 -9999.0 -9999.0 -9999.0 -9999.0 -9999.0 -9999.0 -9999.0 -9999.0 -9999.0 -9999.0 -9999.0 -9999.0 -9999.0 -9999.0 -9999.0 -9999.0 -9999.0 -9999.0 -9999.0 -9999.0
-9999.0 -9999.0 -9999.0 -9999.0 -9999.0 -9999.0 -9999.0 -9999.0 -9999.0 -9999.0 -9999.0 -9999.0 -9999.0 -9999.0 -9999.0 -9999.0 -9999.0 -9999.0 -9999.0 -9999.0 1349.328406 1352.156011 1331.099988 1298.574868 1271.963400 1275.602694 1311.471260 1354.278989 1394.623148 1405.973172 1389.666290 1393.970776 1390.741313 1389.920536 1392.712844 1400.274122 1405.394804 1416.703663 1425.348581 1425.295624 1419.808202 1415.485793 1416.718804 1419.689080 1424.954426 1412.774784 1426.039950 1440.221851 1444.063827 1437.876305 1409.849270 1393.175032 1382.366863 1364.751964 1387.545079 1397.415901 1418.406334 1420.907361 1417.669309 1389.559717 1358.777240 -9999.0 -9999.0 -9999.0 -9999.0 -9999.0 -9999.0 -9999.0 -9999.0 -9999.0 -9999.0 -9999.0 -9999.0 -9999.0 -9999.0 -9999.0 -9999.0 -9999.0 -9999.0 -9999.0
-9999.0 -9999.0 -9999.0 -9999.0 -9999.0 -9999.0 -9999.0 -9999.0 -9999.0 -9999.0 -9999.0 -9999.0 -9999.0 -9999.0 1255.470078 1246.879244 1245.334281 1254.906261 1289.573526 1320.766083 1333.119210 1326.690624 1328.079188 1305.868911 1286.539403 1301.988242 1333.455926 1366.786786 1403.215672 1425.074905 1415.872663 1415.427677 1426.102658 1451.346116 1463.958850 1461.632105 1442.713822 1466.612069 1482.375676 1490.895085 1491.087055 1483.397033 1496.199860 1511.769398 1504.581120 1486.996917 1492.086272 1503.341776 1513.998553 1499.809516 1435.698691 1415.810348 1409.349521 1400.666441 1384.561176 1376.654316 1400.613367 1398.719680 1388.878928 1369.546717 1335.646172 1290.699731 1271.034199 1308.695667 1351.144903 1407.134275 -9999.0 -9999.0 -9999.0 -9999.0 -9999.0 -9999.0 -9999.0 -9999.0 -9999.0 -9999.0 -9999.0 -9999.0 -9999.0 -9999.0
-9999.0 -9999.0 -9999.0 -9999.0 -9999.0 -9999.0 -9999.0 -9999.0 -9999.0 1194.469788 1199.978406 1208.333620 1211.985767 1228.834365 1227.300595 1235.717810 1243.805344 1272.446380 1304.815295 1341.036065 1370.720477 1363.285603 1365.365457 1376.476789 1380.477868 1393.727276 1417.207297 1459.393625 1500.358583 1543.051287 1516.375968 1515.982437 1536.522255 1583.334682 1614.912569 1621.342120 1603.147378 1613.169928 1638.313753 1660.181794 1660.586742 1658.916181 1684.647838 1699.039226 1698.611055 1677.295993 1665.218051 1665.300927 1689.772378 1637.470209 1570.524978 1520.691105 1523.991523 1492.775102 1454.545677 1433.789460 1429.438829 1447.655981 1430.890095 1392.107922 1354.573265 1341.874808 1322.891581 1338.868488 1359.506972 1404.142640 1441.674217 1468.802021 1466.913596 1448.471127 -9999.0 -9999.0 -9999.0 -9999.0 -9999.0 -9999.0 -9999.0 -9999.0 -9999.0 -9999.0
-9999.0 -9999.0 -9999.0 -9999.0 -9999.0 -9999.0 1114.165485 1124.628080 1146.004006 1151.304666 1178.030194 1186.459619 1208.370122 1229.028265 1252.384702 1270.161354 1301.386659 1335.917335 1378.133006 1422.388105 1455.764963 1451.853420 1464.174867 1495.719643 1535.245800 1564.664156 1591.333545 1633.349151 1711.827065 1756.352479 1764.419547 1771.077783 1782.256567 1831.611865 1895.478236 1909.944836 1889.087922 1874.343048 1894.930244 1931.774195 1937.969638 1940.284990 1952.034763 1962.028716 1987.456712 1976.637788 1935.890991 1921.536835 1919.575560 1901.593062 1839.179108 1775.716252 1741.176692 1688.917106 1604.077600 1549.517726 1556.498955 1573.343744 1542.164958 1485.974011 1443.697017 1431.390250 1414.466852 1399.678683 1404.486713 1421.902107 1442.224820 1451.660563 1436.882203 1414.167286 1390.183411 1360.205712 1361.030599 1385.397413 -9999.0 -9999.0 -9999.0 -9999.0 -9999.0 -9999.0
-9999.0 -9999.0 -9999.0 -9999.0 1063.072912 1076.759969 1065.164311 1091.577996 1125.471418 1160.980586 1193.810521 1231.690983 1260.412233 1292.471886 1334.269320 1369.362128 1412.399615 1450.009967 1506.638034 1576.458119 1628.981002 1654.045699 1671.735820 1732.337373 1795.458588 1848.713307 1870.754953 1899.710040 1945.909056 2008.097621 2036.850824 2044.706135 2063.215873 2099.802519 2148.199807 2181.688597 2164.481856 2155.878745 2162.051659 2174.218196 2198.522652 2200.701759 2203.121388 2205.926043 2210.487419 2208.625510 2183.042024 2148.843848 2133.953514 2123.912548 2093.080600 2023.177527 1982.368966 1950.109411 1913.743736 1860.736479 1797.879318 1782.011344 1722.257851 1662.074776 1598.728136 1576.082942 1543.812311 1516.280637 1485.611762 1485.455401 1486.689669 1464.007216 1429.452041 1395.253889 1378.539071 1358.260638 1345.830426 1374.800873 1391.394443 1420.902580 -9999.0 -9999.0 -9999.0 -9999.0
-9999.0 -9999.0 1002.367870 1051.221315 1109.177012 1118.874554 1119.868548 1126.982479 1156.959793 1210.648075 1286.326085 1336.856461 1379.776508 1416.191734 1478.080697 1557.828307 1631.088057 1682.359912 1745.572971 1817.925508 1881.433565 1916.171603 1935.285545 1976.464146 2031.929537 2095.170123 2122.667005 2149.928241 2182.785201 2218.392404 2228.829233 2243.291146 2252.656018 2257.005240 2263.888884 2266.004687 2260.482993 2253.720221 2234.145227 2229.607451 2236.614740 2242.629018 2244.081686 2230.776205 2226.873079 2240.404699 2244.323371 2243.124268 2242.278626 2249.316449 2251.949900 2211.651222 2175.630612 2158.911800 2147.150316 2101.856171 2036.506134 1994.347161 1969.505672 1924.873461 1846.688110 1795.183422 1743.297310 1693.172272 1639.372977 1607.208885 1558.765513 1514.194810 1465.411825 1417.015291 1391.494405 1371.804103 1367.720158 1366.012595 1380.952196 1395.196671 1409.715096 1417.063120 -9999.0 -9999.0
-9999.0 898.016614 970.604825 1096.987884 1177.931967 1223.126587 1253.916107 1276.465717 1306.797290 1335.877290 1440.367975 1526.345083 1618.360842 1658.948012 1712.229945 1811.362347 1907.529950 1955.718554 1996.480933 2055.212640 2117.088584 2166.093524 2196.168422 2205.206044 2240.639673 2256.173757 2260.042272 2264.134021 2261.468930 2254.301237 2246.172799 2252.433899 2248.637186 2229.531674 2213.221660 2209.479607 2202.586798 2176.081378 2145.308334 2128.802607 2130.372767 2153.382960 2141.160070 2120.608490 2117.078049 2138.760096 2159.275472 2151.586312 2140.997420 2160.346857 2196.078721 2219.180767 2228.793958 2245.720092 2266.386963 2240.343336 2212.368097 2169.616538 2148.815255 2118.912256 2059.989567 1998.402315 1942.739382 1881.385946 1814.437785 1746.148611 1681.461634 1618.273411 1550.185550 1506.742137 1473.443644 1421.562169 1399.053184 1398.991035 1388.675404 1384.409037 1389.220859 1394.979432 -9999.0 -9999.0
-9999.0 815.612787 957.910718 1142.253640 1291.217200 1349.652395 1448.669316 1526.638336 1555.148066 1526.383812 1635.493438 1855.024739 1961.143272 1981.552551 2056.249197 2147.126641 2164.364471 2198.388796 2222.413526 2235.747629 2246.582268 2258.120078 2257.682248 2253.003632 2238.685561 2230.744516 2228.916515 2225.326232 2206.906965 2186.758978 2167.999802 2162.399451 2142.448843 2097.022547 2063.312449 2044.922251 2026.602710 2004.645314 1969.911571 1941.137734 1924.761113 1939.250891 1933.021595 1916.811831 1913.410909 1935.893317 1969.209883 1967.490899 1978.371455 2002.090865 2042.890319 2083.581837 2107.339970 2138.862723 2176.896370 2222.367961 2237.785541 2259.751766 2263.877867 2245.716891 2200.903954 2147.578397 2112.097299 2048.668249 1975.892096 1897.495207 1832.465099 1769.635992 1698.657876 1649.912267 1600.387051 1540.267966 1484.223205 1459.741888 1418.641988 1397.999035 -9999.0 -9999.0 -9999.0 -9999.0
-9999.0 733.804522 921.007909 1177.403741 1456.465198 1564.728691 1770.364759 1898.435819 1955.293845 2024.272834 1992.677274 2147.336061 2189.722753 2187.901737 2191.057717 2197.438789 2214.846687 2219.696408 2217.655783 2209.055835 2201.073056 2197.647282 2196.473852 2188.629482 2175.491323 2159.285199 2144.332896 2129.775554 2090.509551 2056.035510 2018.197945 2001.486924 1960.074048 1867.757920 1824.727855 1787.484711 1728.732701 1721.055318 1714.028949 1684.027574 1663.139037 1641.139511 1663.659633 1668.998381 1672.109599 1675.621990 1693.388004 1719.958063 1767.246421 1805.699846 1851.077340 1904.468758 1940.827848 1985.829237 2032.857525 2089.597649 2123.806819 2156.285873 2205.308573 2245.179823 2268.879794 2257.218779 2229.962072 2182.566851 2111.070392 2044.840486 1996.076713 1924.092500 1859.358131 1804.530130 1755.096902 1699.474086 1630.606863 1548.701873 1505.325712 -9999.0 -9999.0 -9999.0 -9999.0 -9999.0
-9999.0 548.968693 816.209099 1101.748136 1411.813656 1742.632259 1882.034869 2008.042537 2080.208802 2049.393387 2058.247254 2078.152385 2121.044947 2131.590185 2114.272535 2107.207163 2097.007084 2098.346012 2112.424861 2087.208562 2058.382181 2045.163020 2044.337978 2031.640138 2006.811276 1988.284925 1974.478323 1952.290815 1903.210801 1851.231971 1768.431380 1735.813786 1657.654026 1602.170188 1558.061064 1508.175957 1457.000491 1454.934857 1471.303499 1455.779195 1432.819002 1414.103907 1440.866368 1459.151839 1471.921368 1460.902491 1470.947863 1508.135397 1558.906766 1604.158650 1655.000272 1710.978414 1759.279492 1808.583710 1841.542031 1892.520927 1941.864915 1990.478655 2065.710852 2146.045917 2184.794533 2220.535181 2253.085652 2268.475206 2216.439491 2167.600484 2117.228162 2058.341949 1978.805620 1930.516078 1900.150309 1850.738275 1791.416857 -9999.0 -9999.0 -9999.0 -9999.0 -9999.0 -9999.0 -9999.0
-9999.0 424.257681 640.164201 865.541976 1146.598487 1384.524681 1583.799636 1692.211882 1771.498963 1810.894480 1847.746883 1882.666635 1913.914207 1938.080313 1918.612870 1880.771071 1853.554690 1858.882102 1855.131750 1832.375443 1803.546967 1788.786789 1785.665092 1777.629467 1751.752989 1735.679025 1723.165518 1698.712615 1664.079186 1607.734585 1528.439998 1455.061245 1393.663578 1362.113521 1332.593279 1299.975601 1264.499229 1274.071221 1285.853017 1281.948827 1271.283011 1268.344407 1297.408986 1316.595598 1326.963478 1315.937614 1335.734260 1362.988837 1405.175853 1448.955284 1498.757127 1554.786066 1609.670821 1640.056897 1654.877132 1681.510172 1722.929611 1779.151264 1866.772397 1962.736307 2042.155246 2092.442797 2144.756217 2180.142860 2195.041602 2207.217226 2185.818226 2111.038483 2006.204914 1996.933948 1988.136085 -9999.0 -9999.0 -9999.0 -9999.0 -9999.0 -9999.0 -9999.0 -9999.0 -9999.0
-9999.0 -9999.0 407.620739 582.805599 717.434428 896.183389 1046.608342 1157.401389 1247.516705 1362.687339 1468.380248 1552.310670 1596.728576 1614.759550 1601.522925 1569.730097 1549.625959 1550.287751 1540.591217 1530.431199 1510.835862 1502.817863 1491.165346 1482.068661 1471.090253 1464.447294 1457.852754 1445.242245 1422.332168 1375.197861 1326.818650 1275.438698 1222.047754 1196.286074 1174.222931 1152.589336 1151.068154 1146.773738 1152.041610 1153.286349 1160.006610 1172.507447 1192.555154 1214.623994 1224.546808 1233.659116 1246.484210 1270.597598 1304.100570 1346.817096 1401.206370 1459.449419 1499.974600 1513.585463 1504.935142 1511.166203 1533.061243 1577.350122 1659.769585 1745.904267 1842.991399 1915.960473 1989.310335 2043.595574 2062.304286 2080.647263 2101.147717 2051.269392 1859.846075 1948.754850 -9999.0 -9999.0 -9999.0 -9999.0 -9999.0 -9999.0 -9999.0 -9999.0 -9999.0 -9999.0
-9999.0 -9999.0 -9999.0 -9999.0 441.844160 596.404454 693.629662 777.181985 906.040235 1026.015434 1125.571899 1207.996398 1269.316862 1295.649640 1291.569745 1297.174342 1293.062417 1287.428929 1278.071151 1277.126167 1275.903863 1268.292367 1253.814364 1245.876887 1245.991248 1250.039469 1246.669748 1232.240392 1213.891756 1190.898479 1170.249313 1135.670061 1099.496319 1070.081647 1056.705985 1050.784883 1050.367760 1043.319162 1051.877337 1059.019095 1074.100184 1089.262242 1113.004187 1141.991103 1155.781514 1170.657617 1180.588482 1201.348051 1232.008026 1285.660087 1349.342350 1407.457173 1443.707461 1448.676277 1424.683718 1410.055989 1407.495647 1436.679221 1483.141461 1552.265233 1655.715071 1731.358793 1792.002791 1839.583580 1874.546387 1924.146581 1982.684256 2021.340965 -9999.0 -9999.0 -9999.0 -9999.0 -9999.0 -9999.0 -9999.0 -9999.0 -9999.0 -9999.0 -9999.0 -9999.0
-9999.0 -9999.0 -9999.0 -9999.0 -9999.0 -9999.0 400.657888 501.950697 582.498116 719.790628 848.734396 948.853781 1028.357874 1059.594098 1085.520304 1112.235065 1110.594341 1092.657330 1074.014269 1092.683767 1106.188080 1100.230717 1070.168400 1069.309838 1073.555038 1081.331730 1078.659354 1071.758701 1046.272246 1057.192429 1057.454451 1033.951160 1007.684531 993.591073 981.600084 991.086790 991.219851 977.572948 978.162632 1004.791523 1024.928903 1038.044803 1059.886046 1093.104786 1125.475950 1140.715124 1142.194514 1148.481485 1188.768019 1259.196590 1330.989185 1386.549715 1419.263309 1427.746999 1401.026114 1361.594839 1341.926827 1349.948456 1385.815811 1439.847022 1517.284173 1568.630013 1597.466243 1614.008861 1635.419475 1728.380384 -9999.0 -9999.0 -9999.0 -9999.0 -9999.0 -9999.0 -9999.0 -9999.0 -9999.0 -9999.0 -9999.0 -9999.0 -9999.0 -9999.0
-9999.0 -9999.0 -9999.0 -9999.0 -9999.0 -9999.0 -9999.0 -9999.0 -9999.0 -9999.0 -9999.0 -9999.0 -9999.0 -9999.0 -9999.0 -9999.0 -9999.0 -9999.0 -9999.0 -9999.0 -9999.0 -9999.0 -9999.0 -9999.0 -9999.0 -9999.0 -9999.0 -9999.0 -9999.0 -9999.0 -9999.0 -9999.0 -9999.0 -9999.0 -9999.0 -9999.0 -9999.0 -9999.0 -9999.0 -9999.0 -9999.0 -9999.0 -9999.0 -9999.0 -9999.0 -9999.0 -9999.0 -9999.0 -9999.0 -9999.0 -9999.0 -9999.0 -9999.0 -9999.0 -9999.0 -9999.0 -9999.0 -9999.0 -9999.0 -9999.0 -9999.0 -9999.0 -9999.0 -9999.0 -9999.0 -9999.0 -9999.0 -9999.0 -9999.0 -9999.0 -9999.0 -9999.0 -9999.0 -9999.0 -9999.0 -9999.0 -9999.0 -9999.0 -9999.0 -9999.0
-9999.0 -9999.0 -9999.0 -9999.0 -9999.0 -9999.0 -9999.0 -9999.0 -9999.0 -9999.0 -9999.0 -9999.0 -9999.0 -9999.0 -9999.0 -9999.0 -9999.0 -9999.0 -9999.0 -9999.0 -9999.0 -9999.0 -9999.0 -9999.0 -9999.0 -9999.0 -9999.0 -9999.0 -9999.0 -9999.0 -9999.0 -9999.0 -9999.0 -9999.0 -9999.0 -9999.0 -9999.0 -9999.0 -9999.0 -9999.0 -9999.0 -9999.0 -9999.0 -9999.0 -9999.0 -9999.0 -9999.0 -9999.0 -9999.0 -9999.0 -9999.0 -9999.0 -9999.0 -9999.0 -9999.0 -9999.0 -9999.0 -9999.0 -9999.0 -9999.0 -9999.0 -9999.0 -9999.0 -9999.0 -9999.0 -9999.0 -9999.0 -9999.0 -9999.0 -9999.0 -9999.0 -9999.0 -9999.0 -9999.0 -9999.0 -9999.0 -9999.0 -9999.0 -9999.0 -9999.0