Borden_/Borden1m_014/output_maps/psiliqL0004N0009.asc
ncols         80
nrows         18
xllcorner     620200.000000
yllcorner     5168000.000000
cellsize      1.000000
NODATA_value  -9999.0
-9999.0 -9999.0 -9999.0 -9999.0 -9999.0 -9999.0 -9999.0 -9999.0 -9999.0 -9999.0 -9999.0 -9999.0 -9999.0 -9999.0 -9999.0 -9999.0 -9999.0 -9999.0 -9999.0 -9999.0 -9999.0 -9999.0 -9999.0 -9999.0 -9999.0 -9999.0 -9999.0 -9999.0 -9999.0 -9999.0 -9999.0 -9999.0 -9999.0 -9999.0 -9999.0 -9999.0 -9999.0 -9999.0 -9999.0 -9999.0 -9999.0 -9999.0 -9999.0 -9999.0 -9999.0 -9999.0 -9999.0 -9999.0 -9999.0 -9999.0 -9999.0 -9999.0 -9999.0 -9999.0 -9999.0 -9999.0 -9999.0 -9999.0 -9999.0 -9999.0 -9999.0 -9999.0 -9999.0 -9999.0 -9999.0 -9999.0 -9999.0 -9999.0 -9999.0 -9999.0 -9999.0 -9999.0 -9999.0 -9999.0 -9999.0 -9999.0 -9999.0 -9999.0 -9999.0 -9999.0
-9999.0 -9999.0 -9999.0 -9999.0 -9999.0 -9999.0 -9999.0 -9999.0 -9999.0 -9999.0 -9999.0 -9999.0 -9999.0 -9999.0 -9999.0 -9999.0 -9999.0 -9999.0 -9999.0 -9999.0 -9999.0 -9999.0 -9999.0 -9999.0 -9999.0 -9999.0 -9999.0 -9999.0 -9999.0 -9999.0 -9999.0 -9999.0 -9999.0 -9999.0 -9999.0 -9999.0 -9999.0 -9999.0 -9999.0 -9999.0 -9999.0 -9999.0 -9999.0 -9999.0 -9999.0 -9999.0 -9999.0 -9999.0 -9999.0 -9999.0 -9999.0 -9999.0 -9999.0 -9999.0 -9999.0 -9999.0 -9999.0 -9999.0 -9999.0 -9999.0 -9999.0 -9999.0 -9999.0 -9999.0 -9999.0 -9999.0 -9999.0 -9999.0 -9999.0 -9999.0 -9999.0 -9999.0 -9999.0 -9999.0 -9999.0 -9999.0 -9999.0 -9999.0 -9999.0 -9999.0
-9999.0 -9999.0 -9999.0 -9999.0 -9999.0 -9999.0 -9999.0 -9999.0 -9999.0 -9999.0 -9999.0 -9999.0 -9999.0 -9999.0 -9999.0 -9999.0 -9999.0 -9999.0 -9999.0 -9999.0 -825.272266 -821.358074 -841.111692 -868.737778 -891.711374 -891.485294 -864.166633 -831.843380 -800.804703 -792.441319 -809.451894 -808.061254 -813.660684 -814.533630 -812.444160 -807.471297 -805.570378 -795.703643 -788.626147 -789.194922 -794.831970 -799.997746 -802.179815 -799.239281 -794.485353 -801.911570 -789.672989 -775.913982 -769.893068 -773.516398 -796.561385 -809.244136 -815.051463 -827.826827 -804.464609 -793.274428 -772.347630 -768.360769 -768.088941 -791.656734 -817.439998 -9999.0 -9999.0 -9999.0 -9999.0 -9999.0 -9999.0 -9999.0 -9999.0 -9999.0 -9999.0 -9999.0 -9999.0 -9999.0 -9999.0 -9999.0 -9999.0 -9999.0 -9999.0 -9999.0
-9999.0 -9999.0 -9999.0 -9999.0 -9999.0 -9999.0 -9999.0 -9999.0 -9999.0 -9999.0 -9999.0 -9999.0 -9999.0 -9999.0 -890.922440 -900.287776 -903.820771 -899.896718 -874.236371 -851.694868 -843.108595 -850.892670 -849.398503 -870.136925 -888.031635 -876.442503 -853.820373 -829.972026 -802.196763 -784.752926 -797.210504 -800.274426 -791.261617 -766.032556 -753.067224 -756.218320 -777.583900 -756.338046 -741.818758 -733.033301 -734.143590 -742.830009 -728.580896 -712.967066 -719.620453 -736.373903 -733.563942 -722.823279 -707.968032 -720.914983 -781.148232 -798.218512 -798.871366 -802.747315 -813.510199 -819.288120 -795.705658 -794.925600 -801.278924 -814.700261 -840.226910 -876.037158 -890.429690 -857.624699 -820.900451 -768.878177 -9999.0 -9999.0 -9999.0 -9999.0 -9999.0 -9999.0 -9999.0 -9999.0 -9999.0 -9999.0 -9999.0 -9999.0 -9999.0 -9999.0
-9999.0 -9999.0 -9999.0 -9999.0 -9999.0 -9999.0 -9999.0 -9999.0 -9999.0 -927.267304 -926.761868 -922.239208 -924.014678 -912.629925 -918.610956 -913.827161 -910.084354 -891.158820 -869.103316 -841.980502 -817.571116 -828.623284 -829.360411 -818.335428 -812.693579 -802.916381 -786.800856 -751.588543 -714.193864 -675.083436 -703.929489 -706.278772 -688.861754 -640.436876 -599.107811 -588.303341 -608.084867 -608.055932 -582.406632 -555.377967 -556.601864 -558.734485 -535.026644 -522.150161 -513.022199 -531.209343 -551.628447 -555.608829 -528.866699 -579.918773 -643.004005 -696.080707 -693.198587 -721.828070 -759.768186 -779.463492 -782.134025 -759.270128 -772.019222 -804.242369 -834.778439 -838.837507 -852.618720 -838.188198 -819.619846 -777.382162 -742.393024 -714.967162 -713.733971 -729.625822 -9999.0 -9999.0 -9999.0 -9999.0 -9999.0 -9999.0 -9999.0 -9999.0 -9999.0 -9999.0
-9999.0 -9999.0 -9999.0 -9999.0 -9999.0 -9999.0 -971.369943 -968.455090 -957.388407 -962.635349 -945.725308 -945.423811 -931.192542 -919.179351 -905.799612 -895.592650 -871.937554 -847.622625 -814.257150 -777.162450 -749.264766 -755.028141 -747.067083 -715.671740 -674.001766 -642.293380 -620.309981 -584.188514 -506.947271 -459.523991 -441.309292 -434.562674 -421.532152 -317.816191 27.609600 62.252435 60.401346 57.878891 60.678457 66.051447 66.021012 65.476422 66.328173 67.066808 71.990533 71.266055 65.302269 63.802066 62.555844 41.936762 -256.382305 -424.149486 -475.965676 -523.807313 -600.420950 -660.217155 -664.038546 -647.824128 -676.025956 -724.435830 -762.215706 -769.371385 -780.644049 -793.287960 -787.619815 -769.684708 -747.077848 -735.264503 -745.510271 -762.720339 -781.498477 -806.700462 -804.362557 -780.889863 -9999.0 -9999.0 -9999.0 -9999.0 -9999.0 -9999.0
-9999.0 -9999.0 -9999.0 -9999.0 -1005.585702 -996.491336 -1014.355423 -997.633084 -978.635311 -959.697681 -943.065700 -917.248915 -900.226078 -879.152737 -846.260092 -815.785458 -779.123396 -750.653107 -701.434064 -636.589957 -585.188912 -557.524029 -544.789741 -481.720067 -398.864866 -250.066641 17.772834 58.709527 64.393127 73.020054 76.231605 76.515619 79.529495 87.125163 102.660793 110.268755 107.748251 107.466697 107.810294 108.111769 111.994749 111.312096 111.323002 111.078761 111.134892 112.214874 109.680336 105.106026 103.633675 101.395745 90.690307 75.630582 69.860557 66.843107 62.687625 7.414078 -398.958949 -436.692108 -498.567307 -551.811465 -619.695421 -643.024086 -671.905023 -694.089040 -722.030843 -719.472035 -714.592329 -731.358339 -757.263941 -784.580311 -795.464714 -810.489418 -819.523918 -791.338100 -775.823568 -746.409610 -9999.0 -9999.0 -9999.0 -9999.0
-9999.0 -9999.0 -1026.662486 -1008.840477 -974.847067 -977.845047 -980.535883 -983.691192 -968.289553 -932.855796 -872.381453 -832.950911 -795.597491 -772.222484 -719.362028 -639.707601 -566.118704 -520.838382 -461.208449 -356.814356 8.458527 60.682750 63.356899 68.148277 76.586832 89.437914 100.119049 104.913229 107.893425 110.950935 129.538711 143.473222 148.439801 143.230154 143.065524 140.868790 140.394088 137.391457 122.001238 119.863600 126.227434 127.826758 131.348353 119.595863 115.931736 127.974711 130.355181 132.130873 134.533331 142.481740 150.721397 123.468823 106.065533 105.496076 105.883226 97.770998 78.431200 71.060467 68.878305 50.547345 -265.303104 -417.019862 -483.088684 -536.313808 -586.324909 -614.829963 -656.952726 -692.064412 -730.986530 -770.216523 -788.814241 -803.005155 -802.613879 -802.049049 -786.607654 -772.154986 -757.072856 -749.811608 -9999.0 -9999.0
-9999.0 -1057.612853 -1043.812750 -974.521309 -934.180715 -906.245681 -877.006098 -854.742581 -837.264796 -832.621817 -736.468877 -630.764626 -547.053565 -524.302571 -471.709438 -299.137816 30.169184 65.322845 71.193729 81.007072 98.539386 106.697583 109.817200 127.564031 148.867200 145.394695 142.358934 141.606115 133.081984 125.334086 115.326903 123.103638 122.213762 110.697879 108.060703 108.439214 108.700470 106.043333 102.927631 101.768558 102.739430 106.706520 104.862336 101.771204 101.117564 104.086480 106.372426 104.702912 102.179173 104.397037 109.064254 111.654842 122.092629 135.726328 154.190097 132.806447 110.768920 105.084380 103.707228 99.849761 84.980311 73.028745 63.659493 -3.229749 -400.239253 -489.629642 -547.139250 -597.540238 -654.742533 -687.026260 -712.492310 -759.576208 -778.938700 -774.569914 -782.172154 -783.538860 -776.720474 -770.649187 -9999.0 -9999.0
-9999.0 -1102.688388 -1039.358582 -941.810459 -839.036071 -794.555652 -683.295249 -599.209724 -576.954028 -600.878541 -499.706629 20.185389 70.287044 70.320192 80.798573 96.159146 111.626926 133.928975 146.762995 139.167599 133.265142 135.298736 130.049499 121.534003 110.267930 109.314139 110.161343 110.654053 108.542742 105.766073 103.198100 103.758403 102.059521 94.864998 81.061674 77.326961 75.947666 73.980646 69.566635 66.395032 64.432388 68.625255 66.808891 63.887700 62.999536 66.350414 71.684285 69.419429 69.831420 73.035525 80.981517 95.007227 98.888022 102.187948 106.224915 112.195427 123.221657 142.530472 147.855927 124.442882 108.863393 102.321994 100.065836 91.052620 70.785827 14.094604 -337.574971 -430.456633 -500.722194 -545.774904 -591.216802 -644.486772 -697.919664 -720.195523 -755.545917 -772.525350 -9999.0 -9999.0 -9999.0 -9999.0
-9999.0 -1117.206606 -1045.547440 -890.039711 -682.532001 -563.861144 -248.471531 57.644021 72.277537 82.949969 88.631096 135.857873 143.552579 128.112240 109.558212 107.894781 109.732351 109.867166 108.311458 106.942691 106.368180 106.406593 106.507961 105.792972 104.802588 103.519012 102.524387 102.039950 96.107932 84.080754 75.384484 73.595703 67.734844 -8.573076 -357.728697 -409.816185 -472.407124 -479.433702 -494.389440 -526.046924 -543.215757 -554.280997 -538.684418 -543.274742 -544.782957 -534.622173 -511.938659 -498.237671 -457.624097 -415.284952 -329.679370 19.053412 63.209831 70.915328 78.894341 95.857455 100.732953 103.764773 109.282072 124.473730 144.216189 137.675499 113.205241 108.510662 99.625783 91.120372 78.519719 66.418822 26.270226 -265.888325 -404.144165 -482.822198 -551.572132 -634.674885 -671.922627 -9999.0 -9999.0 -9999.0 -9999.0 -9999.0
-9999.0 -1191.008863 -1064.926332 -915.595213 -629.300048 -45.990808 55.051807 88.664335 121.797613 98.768153 96.037328 98.889280 104.606102 104.466204 100.937124 100.524523 97.383046 91.910853 92.613632 84.772646 79.007342 77.090921 77.770695 76.304446 73.076787 71.181914 70.134012 67.244193 31.449947 -270.700391 -441.297421 -461.070747 -533.565875 -602.463154 -645.036410 -687.065747 -733.692305 -734.604921 -719.855639 -735.507087 -755.153680 -772.815074 -749.998430 -737.436057 -728.075219 -737.369297 -730.658809 -700.527868 -657.794447 -621.498177 -577.832357 -527.476388 -484.119360 -423.971024 -362.576587 7.345379 63.272251 70.944144 85.534704 102.737404 106.174111 111.104366 137.983095 155.651718 119.099856 107.199028 102.750103 98.713906 89.157995 76.553683 67.403291 15.678890 -361.459324 -9999.0 -9999.0 -9999.0 -9999.0 -9999.0 -9999.0 -9999.0
-9999.0 -1236.619068 -1114.282622 -1045.301263 -845.450420 -645.342572 -498.319049 -361.609843 20.658735 54.246324 58.815463 62.501800 66.214734 69.665378 65.693366 58.686172 26.078791 -131.962782 -179.879287 -316.112048 -384.221572 -409.404930 -408.962276 -418.955325 -453.895892 -472.684120 -484.080661 -507.426010 -545.331071 -596.788846 -672.524114 -729.865814 -782.711796 -812.265924 -836.184608 -861.978191 -895.635750 -884.219839 -870.955371 -875.082477 -886.085853 -891.426981 -866.472433 -852.791696 -844.585052 -858.824112 -843.549860 -822.418445 -787.618954 -753.510507 -713.682111 -667.526492 -621.563318 -595.787574 -582.705591 -554.489617 -512.678480 -451.342794 -238.636942 59.312484 79.713941 94.582814 102.726106 107.030798 109.300983 122.855625 128.334125 105.924747 92.874121 95.304742 95.149666 -9999.0 -9999.0 -9999.0 -9999.0 -9999.0 -9999.0 -9999.0 -9999.0 -9999.0
-9999.0 -9999.0 -1260.563343 -1193.113548 -1125.571753 -1032.618458 -933.167409 -855.860620 -800.896822 -735.329743 -661.664723 -597.715479 -562.220487 -547.566279 -567.475699 -610.601407 -638.648007 -637.585723 -645.154136 -659.222368 -682.994948 -690.802334 -697.916838 -703.914026 -716.710498 -723.421822 -727.446510 -736.088937 -754.912003 -794.906004 -839.488997 -879.654285 -920.898817 -934.655158 -947.979907 -963.457122 -962.377136 -963.635353 -959.025352 -959.073958 -955.884692 -948.485665 -935.591045 -921.633174 -916.390987 -912.235489 -904.199088 -887.759826 -863.711358 -833.236916 -791.191018 -744.310274 -712.471216 -704.006805 -714.875511 -710.722138 -691.981761 -653.722546 -573.849320 -485.244940 -353.788142 13.808110 69.755015 80.928547 92.160271 97.536500 103.048025 98.466891 63.206754 86.746099 -9999.0 -9999.0 -9999.0 -9999.0 -9999.0 -9999.0 -9999.0 -9999.0 -9999.0 -9999.0
-9999.0 -9999.0 -9999.0 -9999.0 -1273.668824 -1191.324782 -1127.817180 -1111.568607 -1048.475797 -993.127166 -938.962419 -887.904924 -851.486024 -833.698992 -847.215500 -854.924023 -862.138335 -863.103743 -869.141396 -874.863142 -879.927371 -885.462017 -892.325233 -898.067398 -898.345809 -895.377179 -896.082568 -905.726067 -914.480494 -935.278678 -949.446725 -970.140850 -990.409296 -1006.834479 -1010.827387 -1014.037208 -1011.681671 -1015.852873 -1008.707281 -1008.566163 -1000.305584 -992.963009 -979.862267 -962.840857 -958.628121 -949.477525 -944.459679 -930.714764 -913.078886 -875.557023 -827.329974 -781.812580 -754.481459 -753.621580 -780.053896 -795.531759 -800.539184 -778.223660 -739.418068 -679.773821 -588.606569 -520.295082 -446.838911 -362.070636 -5.988724 63.107358 86.706576 93.991923 -9999.0 -9999.0 -9999.0 -9999.0 -9999.0 -9999.0 -9999.0 -9999.0 -9999.0 -9999.0 -9999.0 -9999.0
-9999.0 -9999.0 -9999.0 -9999.0 -9999.0 -9999.0 -1254.012885 -1213.258609 -1208.546532 -1164.336508 -1119.501354 -1078.460581 -1035.873787 -1026.806201 -1016.955865 -998.878196 -1002.710265 -1014.399183 -1026.722461 -1011.903500 -1004.922659 -1006.202887 -1026.560312 -1024.939881 -1022.680727 -1015.048747 -1015.730476 -1016.882286 -1035.008637 -1022.822688 -1019.093634 -1029.492030 -1040.374431 -1042.928236 -1048.830692 -1038.625025 -1037.464923 -1046.826503 -1047.648794 -1031.556478 -1022.998389 -1019.390099 -1009.605151 -991.836244 -972.035980 -964.901434 -967.090246 -967.511501 -940.629878 -890.526630 -837.449500 -795.386309 -771.054043 -765.970426 -793.089182 -830.882572 -851.463764 -849.211591 -823.955320 -782.356785 -717.864830 -677.996817 -652.069587 -632.619332 -607.177970 -511.025307 -9999.0 -9999.0 -9999.0 -9999.0 -9999.0 -9999.0 -9999.0 -9999.0 -9999.0 -9999.0 -9999.0 -9999.0 -9999.0 -9999.0
-9999.0 -9999.0 -9999.0 -9999.0 -9999.0 -9999.0 -9999.0 -9999.0 -9999.0 -9999.0 -9999.0 -9999.0 -9999.0 -9999.0 -9999.0 -9999.0 -9999.0 -9999.0 -9999.0 -9999.0 -9999.0 -9999.0 -9999.0 -9999.0 -9999.0 -9999.0 -9999.0 -9999.0 -9999.0 -9999.0 -9999.0 -9999.0 -9999.0 -9999.0 -9999.0 -9999.0 -9999.0 -9999.0 -9999.0 -9999.0 -9999.0 -9999.0 -9999.0 -9999.0 -9999.0 -9999.0 -9999.0 -9999.0 -9999.0 -9999.0 -9999.0 -9999.0 -9999.0 -9999.0 -9999.0 -9999.0 -9999.0 -9999.0 -9999.0 -9999.0 -9999.0 -9999.0 -9999.0 -9999.0 -9999.0 -9999.0 -9999.0 -9999.0 -9999.0 -9999.0 -9999.0 -9999.0 -9999.0 -9999.0 -9999.0 -9999.0 -9999.0 -9999.0 -9999.0 -9999.0
-9999.0 -9999.0 -9999.0 -9999.0 -9999.0 -9999.0 -9999.0 -9999.0 -9999.0 -9999.0 -9999.0 -9999.0 -9999.0 -9999.0 -9999.0 -9999.0 -9999.0 -9999.0 -9999.0 -9999.0 -9999.0 -9999.0 -9999.0 -9999.0 -9999.0 -9999.0 -9999.0 -9999.0 -9999.0 -9999.0 -9999.0 -9999.0 -9999.0 -9999.0 -9999.0 -9999.0 -9999.0 -9999.0 -9999.0 -9999.0 -9999.0 -9999.0 -9999.0 -9999.0 -9999.0 -9999.0 -9999.0 -9999.0 -9999.0 -9999.0 -9999.0 -9999.0 -9999.0 -9999.0 -9999.0 -9999.0 -9999.0 -9999.0 -9999.0 -9999.0 -9999.0 -9999.0 -9999.0 -9999.0 -9999.0 -9999.0 -9999.0 -9999.0 -9999.0 -9999.0 -9999.0 -9999.0 -9999.0 -9999.0 -9999.0 -9999.0 -9999.0 -9999.0 -9999.0 -9999.0