Borden_/Borden1m_014/output_maps/psiliqL0022N0005.asc
ncols         80
nrows         18
xllcorner     620200.000000
yllcorner     5168000.000000
cellsize      1.000000
NODATA_value  -9999.0
-9999.0 -9999.0 -9999.0 -9999.0 -9999.0 -9999.0 -9999.0 -9999.0 -9999.0 -9999.0 -9999.0 -9999.0 -9999.0 -9999.0 -9999.0 -9999.0 -9999.0 -9999.0 -9999.0 -9999.0 -9999.0 -9999.0 -9999.0 -9999.0 -9999.0 -9999.0 -9999.0 -9999.0 -9999.0 -9999.0 -9999.0 -9999.0 -9999.0 -9999.0 -9999.0 -9999.0 -9999.0 -9999.0 -9999.0 -9999.0 -9999.0 -9999.0 -9999.0 -9999.0 -9999.0 -9999.0 -9999.0 -9999.0 -9999.0 -9999.0 -9999.0 -9999.0 -9999.0 -9999.0 -9999.0 -9999.0 -9999.0 -9999.0 -9999.0 -9999.0 -9999.0 -9999.0 -9999.0 -9999.0 -9999.0 -9999.0 -9999.0 -9999.0 -9999.0 -9999.0 -9999.0 -9999.0 -9999.0 -9999.0 -9999.0 -9999.0 -9999.0 -9999.0 -9999.0 -9999.0
-9999.0 -9999.0 -9999.0 -9999.0 -9999.0 -9999.0 -9999.0 -9999.0 -9999.0 -9999.0 -9999.0 -9999.0 -9999.0 -9999.0 -9999.0 -9999.0 -9999.0 -9999.0 -9999.0 -9999.0 -9999.0 -9999.0 -9999.0 -9999.0 -9999.0 -9999.0 -9999.0 -9999.0 -9999.0 -9999.0 -9999.0 -9999.0 -9999.0 -9999.0 -9999.0 -9999.0 -9999.0 -9999.0 -9999.0 -9999.0 -9999.0 -9999.0 -9999.0 -9999.0 -9999.0 -9999.0 -9999.0 -9999.0 -9999.0 -9999.0 -9999.0 -9999.0 -9999.0 -9999.0 -9999.0 -9999.0 -9999.0 -9999.0 -9999.0 -9999.0 -9999.0 -9999.0 -9999.0 -9999.0 -9999.0 -9999.0 -9999.0 -9999.0 -9999.0 -9999.0 -9999.0 -9999.0 -9999.0 -9999.0 -9999.0 -9999.0 -9999.0 -9999.0 -9999.0 -9999.0
-9999.0 -9999.0 -9999.0 -9999.0 -9999.0 -9999.0 -9999.0 -9999.0 -9999.0 -9999.0 -9999.0 -9999.0 -9999.0 -9999.0 -9999.0 -9999.0 -9999.0 -9999.0 -9999.0 -9999.0 2541.442078 2543.446293 2522.482323 2489.594594 2462.695842 2466.013161 2500.906142 2543.140682 2583.318789 2592.970624 2575.512239 2579.790945 2575.841577 2572.352833 2573.455338 2581.215585 2587.869877 2598.477245 2607.120112 2607.231202 2602.320778 2599.110770 2602.239197 2604.995741 2610.979469 2597.012907 2611.036175 2624.894488 2627.475334 2621.889762 2595.533596 2581.034758 2571.210731 2554.070660 2578.286640 2588.454129 2609.427964 2612.176126 2608.939003 2581.341410 2550.732940 -9999.0 -9999.0 -9999.0 -9999.0 -9999.0 -9999.0 -9999.0 -9999.0 -9999.0 -9999.0 -9999.0 -9999.0 -9999.0 -9999.0 -9999.0 -9999.0 -9999.0 -9999.0 -9999.0
-9999.0 -9999.0 -9999.0 -9999.0 -9999.0 -9999.0 -9999.0 -9999.0 -9999.0 -9999.0 -9999.0 -9999.0 -9999.0 -9999.0 2449.427487 2440.983386 2439.020145 2447.623772 2481.294599 2512.119868 2523.883802 2517.256315 2518.158192 2495.028318 2474.309816 2488.887864 2519.963334 2551.951626 2587.131122 2606.875986 2597.066709 2595.531400 2603.916906 2626.181171 2635.916521 2632.741484 2614.444565 2640.084328 2656.037342 2664.397690 2665.698350 2658.650660 2669.942728 2685.069772 2677.957231 2661.284347 2668.828561 2680.143505 2688.450765 2676.020509 2613.514346 2597.704280 2592.671719 2586.297609 2571.257927 2565.300444 2591.092477 2588.543990 2579.334388 2560.700993 2526.660512 2481.210263 2461.237181 2499.888540 2542.450184 2597.835054 -9999.0 -9999.0 -9999.0 -9999.0 -9999.0 -9999.0 -9999.0 -9999.0 -9999.0 -9999.0 -9999.0 -9999.0 -9999.0 -9999.0
-9999.0 -9999.0 -9999.0 -9999.0 -9999.0 -9999.0 -9999.0 -9999.0 -9999.0 2390.075936 2396.098029 2404.044003 2407.488951 2423.615207 2420.935673 2428.719681 2434.797369 2463.068888 2493.996963 2528.875346 2556.918752 2549.581923 2549.803503 2557.007950 2555.972692 2567.004174 2589.894364 2631.344117 2666.035623 2704.905834 2674.579443 2671.577928 2690.161791 2733.506382 2759.653875 2763.080207 2745.141835 2760.889174 2787.780609 2809.593390 2811.170574 2809.309596 2834.871010 2850.095163 2845.994382 2824.038213 2818.559234 2820.152372 2844.226195 2790.432893 2722.330491 2678.630073 2689.246284 2665.082149 2633.152932 2615.295844 2612.733478 2631.569011 2616.581646 2578.846000 2543.328167 2530.052549 2511.109375 2529.047955 2550.478272 2595.095588 2633.488456 2661.514565 2659.791591 2641.650142 -9999.0 -9999.0 -9999.0 -9999.0 -9999.0 -9999.0 -9999.0 -9999.0 -9999.0 -9999.0
-9999.0 -9999.0 -9999.0 -9999.0 -9999.0 -9999.0 2309.958914 2320.986167 2342.645650 2346.744349 2373.898872 2380.871136 2401.669073 2420.743839 2443.395383 2458.625734 2486.740800 2519.064545 2557.319109 2598.027296 2629.895074 2621.930202 2632.528320 2656.033788 2688.759862 2713.482194 2740.086823 2782.054505 2786.858354 2822.973379 2819.034050 2820.438174 2828.680515 2877.924873 2941.240791 2953.060030 2932.629852 2919.057664 2941.087000 2977.243655 2976.918448 2975.943461 2984.077960 2994.184490 3020.732006 3011.023191 2978.854798 2971.427223 2975.860100 2955.946585 2890.741842 2833.091587 2811.529656 2839.020978 2754.491481 2703.953585 2718.519340 2740.201303 2713.245073 2660.663366 2620.721897 2610.385530 2594.918221 2583.262137 2591.642333 2611.337574 2632.650067 2643.639381 2629.622383 2607.227116 2584.089872 2554.729004 2556.215955 2580.684167 -9999.0 -9999.0 -9999.0 -9999.0 -9999.0 -9999.0
-9999.0 -9999.0 -9999.0 -9999.0 2258.806145 2272.537622 2259.738771 2286.941867 2320.670210 2355.938639 2386.256453 2421.718557 2448.121534 2477.612927 2513.973182 2541.525601 2578.866901 2612.481821 2664.494520 2730.601266 2780.283141 2800.697503 2815.452467 2796.896655 2852.937397 2900.500584 2918.905720 2943.966528 2983.069521 3038.552874 3061.107488 3064.536502 3081.311665 3121.673406 3174.649613 3208.667750 3191.558208 3183.098470 3191.729082 3204.760773 3226.865850 3226.982964 3228.053238 3231.489059 3238.188575 3237.067583 3211.944051 3179.213411 3166.659504 3157.258278 3122.680283 3052.842967 3021.301364 2994.159022 2960.044892 2908.018863 2856.696397 2854.044208 2801.010396 2816.372386 2757.213585 2739.237549 2710.468473 2687.144127 2663.338815 2668.418807 2673.907883 2653.925318 2620.361148 2587.381989 2571.965563 2552.470984 2540.060243 2569.945617 2586.941104 2616.272505 -9999.0 -9999.0 -9999.0 -9999.0
-9999.0 -9999.0 2198.088045 2245.070073 2303.059976 2311.420253 2308.910706 2314.877515 2344.243550 2396.813155 2466.519806 2509.904442 2545.539090 2579.244470 2636.499410 2705.090414 2772.131698 2819.107644 2809.615894 2877.007211 2935.341330 2962.564791 2972.279166 3002.919292 3055.615739 3121.072869 3147.753106 3173.120016 3203.083367 3237.424786 3235.155054 3246.746840 3257.888297 3267.560447 3279.667996 3285.264748 3280.934817 3276.452811 3258.211087 3253.542035 3260.128256 3267.136786 3266.892522 3252.630980 3248.688521 3263.255121 3268.788085 3267.177084 3265.198369 3270.744214 3268.772075 3223.710260 3200.313409 3186.014850 3176.041721 3131.392636 3066.727748 3033.214043 3013.532160 2978.306659 2905.982490 2866.180726 2825.813951 2789.840505 2803.035073 2779.041643 2736.953015 2697.759801 2652.237642 2605.839467 2581.652104 2563.889867 2561.071624 2560.000015 2576.324023 2591.134215 2606.384516 2614.119372 -9999.0 -9999.0
-9999.0 2090.080660 2161.725538 2285.423351 2364.985919 2406.616683 2425.880174 2438.933462 2468.999972 2503.483477 2598.834199 2666.026997 2754.325274 2794.941399 2841.550873 2859.373249 2950.053190 2987.926056 3024.211617 3083.580503 3145.825266 3191.147108 3216.628569 3205.034120 3241.738823 3265.367558 3271.478793 3277.017938 3275.525524 3267.164469 3260.052821 3266.955749 3264.302504 3245.757560 3230.285670 3228.767294 3225.508283 3202.750230 3175.793107 3160.979384 3163.013743 3187.147045 3174.650886 3153.557948 3149.253980 3170.479754 3190.663045 3180.347280 3167.529698 3183.777123 3217.548770 3240.706243 3244.512045 3262.292564 3283.230737 3255.385794 3232.055162 3189.939353 3173.756325 3148.841542 3093.760622 3039.241204 2992.077946 2946.869741 2893.855913 2843.173587 2795.137402 2790.068496 2727.111843 2686.291704 2655.648535 2606.514956 2587.679421 2590.591369 2582.784311 2580.094166 2585.806873 2592.004811 -9999.0 -9999.0
-9999.0 1998.890950 2138.957727 2319.201998 2465.290107 2514.645750 2593.095249 2662.551864 2686.501702 2644.990985 2754.140437 2902.479777 3010.071188 3024.376351 3095.664341 3184.965611 3177.548877 3207.194312 3228.670497 3248.259351 3264.128419 3276.266341 3273.980730 3268.188110 3252.148833 3244.248135 3243.488999 3241.536805 3224.667905 3206.188099 3189.743986 3187.098322 3170.247187 3123.704473 3091.589592 3075.362370 3058.823637 3044.683694 3016.717776 2991.542603 2980.062494 2988.898190 2985.407798 2974.345826 2969.943790 2985.267364 3015.945111 3012.345422 3021.702405 3040.779999 3075.967699 3112.623811 3131.472368 3159.792409 3194.565018 3240.251127 3250.728241 3272.691138 3276.192662 3263.253710 3218.556973 3168.608772 3139.868797 3085.810351 3026.546007 2968.428876 2919.934160 2875.129165 2820.353697 2785.483304 2773.391898 2712.849773 2661.827298 2645.959763 2608.722424 2592.337146 -9999.0 -9999.0 -9999.0 -9999.0
-9999.0 1904.168602 2086.156241 2331.251615 2620.655855 2708.399364 2882.496188 2992.852110 3032.096341 3095.711739 3005.943936 3187.158921 3231.777634 3224.667823 3232.787016 3234.726294 3248.083315 3247.907436 3242.869100 3232.190347 3223.067054 3218.854569 3217.646687 3209.823594 3197.407296 3183.029257 3171.563570 3160.682041 3125.236373 3094.318667 3057.632617 3045.890795 3005.138714 2919.288326 2880.555194 2844.306968 2786.650413 2787.590643 2791.649047 2838.391436 2818.471658 2789.533161 2815.258954 2825.578406 2830.748980 2830.351203 2845.633968 2796.607343 2841.507993 2874.745132 2913.400850 2960.318516 2986.159193 3024.551374 3064.517640 3115.898358 3145.868868 3174.122945 3220.935739 3257.470310 3279.769189 3266.955747 3246.603875 3204.203693 3145.125871 3096.453875 3068.615818 3019.711541 2978.643356 2934.727344 2888.447346 2835.805148 2794.049636 2728.615123 2690.250619 -9999.0 -9999.0 -9999.0 -9999.0 -9999.0
-9999.0 1695.507207 1960.091806 2232.569702 2520.140298 2838.612539 2988.152492 3085.942063 3146.135841 3120.199289 3135.182652 3143.662988 3179.641817 3185.574098 3164.060982 3151.380970 3135.387490 3134.301464 3147.221411 3120.688310 3091.494089 3078.732118 3079.504885 3068.786748 3045.677820 3030.785258 3021.428382 3003.917146 2965.010526 2916.468395 2835.357913 2804.608086 2801.028128 2753.691880 2710.582978 2659.714395 2609.825753 2612.095158 2634.170198 2622.376581 2600.252113 2581.647277 2609.460387 2630.794604 2644.929379 2632.233790 2641.761824 2676.619398 2725.295726 2768.190160 2815.211761 2800.951855 2841.390047 2881.030981 2903.721926 2944.635505 2982.240388 3022.859023 3091.386357 3166.843391 3200.685697 3234.030077 3264.295531 3285.551159 3243.567550 3216.082466 3193.345926 3171.148791 3126.270080 3081.694242 3041.241278 2978.808190 2920.072934 -9999.0 -9999.0 -9999.0 -9999.0 -9999.0 -9999.0 -9999.0
-9999.0 1578.410883 1779.476103 1982.541456 2242.601874 2475.720416 2691.663045 2791.828436 2822.899127 2879.525374 2925.254963 2959.982362 2982.966771 3003.603415 2980.775719 2940.375745 2909.412108 2914.021172 2906.895686 2885.355940 2857.727882 2844.727953 2842.646947 2837.675869 2816.136594 2805.313027 2798.315956 2853.407379 2822.897962 2765.496901 2688.055014 2611.082443 2554.119363 2528.208228 2500.958441 2470.553530 2440.476620 2451.755649 2462.835686 2461.677904 2453.255306 2451.788089 2480.338590 2499.277845 2509.477232 2499.440411 2519.169509 2544.457078 2583.840795 2626.412515 2673.544551 2725.263876 2777.595151 2804.378031 2814.813647 2835.616775 2796.957851 2840.713572 2916.982196 2997.919136 3071.695032 3115.498737 3164.976605 3203.337108 3229.739986 3257.660892 3277.648070 3268.870776 3244.464471 3212.078647 3155.503486 -9999.0 -9999.0 -9999.0 -9999.0 -9999.0 -9999.0 -9999.0 -9999.0 -9999.0
-9999.0 -9999.0 1550.881640 1710.684212 1819.951014 1986.449933 2130.054084 2237.951827 2336.022920 2471.542605 2591.698996 2687.697320 2736.025416 2754.435550 2740.621210 2710.431774 2690.168976 2688.841200 2677.484640 2670.013800 2654.420698 2648.800760 2636.496144 2629.158858 2623.150231 2620.432873 2616.191216 2606.739997 2586.349590 2541.143245 2498.586076 2451.085135 2400.727743 2376.592204 2356.052024 2336.677514 2338.349558 2333.320187 2338.334642 2340.451332 2348.782142 2362.105483 2381.528419 2404.175094 2414.211288 2424.484992 2436.604032 2459.579017 2491.147967 2531.963398 2584.620727 2642.019272 2681.031601 2692.389072 2680.408219 2682.446733 2697.912361 2737.259147 2812.825011 2810.210067 2897.462923 2961.408497 3023.516748 3077.890692 3103.535614 3139.864467 3207.501996 3255.341614 3294.718862 3272.491610 -9999.0 -9999.0 -9999.0 -9999.0 -9999.0 -9999.0 -9999.0 -9999.0 -9999.0 -9999.0
-9999.0 -9999.0 -9999.0 -9999.0 1568.752128 1717.326728 1813.430571 1893.234189 2025.039222 2152.489971 2257.879211 2345.113826 2413.023903 2441.019359 2440.494519 2452.632876 2449.673507 2441.177780 2430.713157 2433.756337 2437.011480 2431.069097 2416.175091 2410.146485 2413.336442 2420.239928 2418.001434 2404.571521 2386.156052 2368.443317 2352.526641 2320.541198 2287.132728 2258.998059 2246.535511 2242.478971 2242.460859 2234.893144 2243.271583 2251.511089 2267.023100 2282.006354 2305.421810 2334.672343 2349.128297 2364.068505 2373.347739 2392.823840 2422.613568 2475.100021 2537.752205 2594.886848 2631.052630 2634.640731 2609.411452 2592.294176 2586.130667 2611.140952 2652.257000 2713.361554 2812.521218 2801.112118 2848.071284 2888.298021 2924.597722 2983.599772 3074.365397 3153.600560 -9999.0 -9999.0 -9999.0 -9999.0 -9999.0 -9999.0 -9999.0 -9999.0 -9999.0 -9999.0 -9999.0 -9999.0
-9999.0 -9999.0 -9999.0 -9999.0 -9999.0 -9999.0 1537.081293 1640.788881 1712.249385 1859.764796 2000.047259 2106.143370 2189.264369 2224.210379 2255.679564 2284.595651 2283.994905 2264.299788 2243.607138 2264.648819 2282.441011 2276.925605 2246.361800 2247.804888 2254.503477 2262.791665 2260.526551 2254.511660 2229.859482 2244.828389 2248.189381 2225.834361 2200.805660 2188.109341 2176.767439 2186.761290 2187.042241 2172.982145 2172.483887 2199.957162 2220.636303 2233.460415 2254.624366 2287.738516 2320.199813 2335.805801 2336.982602 2342.257229 2380.123803 2449.326652 2520.821713 2576.279731 2608.645960 2616.030374 2588.853705 2547.824989 2526.497153 2531.722804 2563.482325 2611.613295 2684.327857 2730.612380 2753.563580 2765.667628 2785.708019 2786.515104 -9999.0 -9999.0 -9999.0 -9999.0 -9999.0 -9999.0 -9999.0 -9999.0 -9999.0 -9999.0 -9999.0 -9999.0 -9999.0 -9999.0
-9999.0 -9999.0 -9999.0 -9999.0 -9999.0 -9999.0 -9999.0 -9999.0 -9999.0 -9999.0 -9999.0 -9999.0 -9999.0 -9999.0 -9999.0 -9999.0 -9999.0 -9999.0 -9999.0 -9999.0 -9999.0 -9999.0 -9999.0 -9999.0 -9999.0 -9999.0 -9999.0 -9999.0 -9999.0 -9999.0 -9999.0 -9999.0 -9999.0 -9999.0 -9999.0 -9999.0 -9999.0 -9999.0 -9999.0 -9999.0 -9999.0 -9999.0 -9999.0 -9999.0 -9999.0 -9999.0 -9999.0 -9999.0 -9999.0 -9999.0 -9999.0 -9999.0 -9999.0 -9999.0 -9999.0 -9999.0 -9999.0 -9999.0 -9999.0 -9999.0 -9999.0 -9999.0 -9999.0 -9999.0 -9999.0 -9999.0 -9999.0 -9999.0 -9999.0 -9999.0 -9999.0 -9999.0 -9999.0 -9999.0 -9999.0 -9999.0 -9999.0 -9999.0 -9999.0 -9999.0
-9999.0 -9999.0 -9999.0 -9999.0 -9999.0 -9999.0 -9999.0 -9999.0 -9999.0 -9999.0 -9999.0 -9999.0 -9999.0 -9999.0 -9999.0 -9999.0 -9999.0 -9999.0 -9999.0 -9999.0 -9999.0 -9999.0 -9999.0 -9999.0 -9999.0 -9999.0 -9999.0 -9999.0 -9999.0 -9999.0 -9999.0 -9999.0 -9999.0 -9999.0 -9999.0 -9999.0 -9999.0 -9999.0 -9999.0 -9999.0 -9999.0 -9999.0 -9999.0 -9999.0 -9999.0 -9999.0 -9999.0 -9999.0 -9999.0 -9999.0 -9999.0 -9999.0 -9999.0 -9999.0 -9999.0 -9999.0 -9999.0 -9999.0 -9999.0 -9999.0 -9999.0 -9999.0 -9999.0 -9999.0 -9999.0 -9999.0 -9999.0 -9999.0 -9999.0 -9999.0 -9999.0 -9999.0 -9999.0 -9999.0 -9999.0 -9999.0 -9999.0 -9999.0 -9999.0 -9999.0