Borden_/Borden1m_014/output_maps/psiliqL0026N0027.asc
ncols         80
nrows         18
xllcorner     620200.000000
yllcorner     5168000.000000
cellsize      1.000000
NODATA_value  -9999.0
-9999.0 -9999.0 -9999.0 -9999.0 -9999.0 -9999.0 -9999.0 -9999.0 -9999.0 -9999.0 -9999.0 -9999.0 -9999.0 -9999.0 -9999.0 -9999.0 -9999.0 -9999.0 -9999.0 -9999.0 -9999.0 -9999.0 -9999.0 -9999.0 -9999.0 -9999.0 -9999.0 -9999.0 -9999.0 -9999.0 -9999.0 -9999.0 -9999.0 -9999.0 -9999.0 -9999.0 -9999.0 -9999.0 -9999.0 -9999.0 -9999.0 -9999.0 -9999.0 -9999.0 -9999.0 -9999.0 -9999.0 -9999.0 -9999.0 -9999.0 -9999.0 -9999.0 -9999.0 -9999.0 -9999.0 -9999.0 -9999.0 -9999.0 -9999.0 -9999.0 -9999.0 -9999.0 -9999.0 -9999.0 -9999.0 -9999.0 -9999.0 -9999.0 -9999.0 -9999.0 -9999.0 -9999.0 -9999.0 -9999.0 -9999.0 -9999.0 -9999.0 -9999.0 -9999.0 -9999.0
-9999.0 -9999.0 -9999.0 -9999.0 -9999.0 -9999.0 -9999.0 -9999.0 -9999.0 -9999.0 -9999.0 -9999.0 -9999.0 -9999.0 -9999.0 -9999.0 -9999.0 -9999.0 -9999.0 -9999.0 -9999.0 -9999.0 -9999.0 -9999.0 -9999.0 -9999.0 -9999.0 -9999.0 -9999.0 -9999.0 -9999.0 -9999.0 -9999.0 -9999.0 -9999.0 -9999.0 -9999.0 -9999.0 -9999.0 -9999.0 -9999.0 -9999.0 -9999.0 -9999.0 -9999.0 -9999.0 -9999.0 -9999.0 -9999.0 -9999.0 -9999.0 -9999.0 -9999.0 -9999.0 -9999.0 -9999.0 -9999.0 -9999.0 -9999.0 -9999.0 -9999.0 -9999.0 -9999.0 -9999.0 -9999.0 -9999.0 -9999.0 -9999.0 -9999.0 -9999.0 -9999.0 -9999.0 -9999.0 -9999.0 -9999.0 -9999.0 -9999.0 -9999.0 -9999.0 -9999.0
-9999.0 -9999.0 -9999.0 -9999.0 -9999.0 -9999.0 -9999.0 -9999.0 -9999.0 -9999.0 -9999.0 -9999.0 -9999.0 -9999.0 -9999.0 -9999.0 -9999.0 -9999.0 -9999.0 -9999.0 3325.256858 3326.141569 3304.345367 3270.063382 3241.600048 3243.156268 3275.749746 3316.015667 3354.449919 3361.479454 3342.085651 3345.601356 3340.884860 3336.086106 3336.016511 3343.532995 3349.989047 3359.500940 3366.262407 3363.784758 3356.297207 3351.187939 3353.700078 3355.240463 3361.508629 3347.067448 3363.126601 3379.327195 3384.158832 3381.637982 3358.323436 3346.696196 3339.036911 3323.792045 3350.675365 3362.635044 3386.307554 3391.226411 3389.538591 3363.176998 3333.323839 -9999.0 -9999.0 -9999.0 -9999.0 -9999.0 -9999.0 -9999.0 -9999.0 -9999.0 -9999.0 -9999.0 -9999.0 -9999.0 -9999.0 -9999.0 -9999.0 -9999.0 -9999.0 -9999.0
-9999.0 -9999.0 -9999.0 -9999.0 -9999.0 -9999.0 -9999.0 -9999.0 -9999.0 -9999.0 -9999.0 -9999.0 -9999.0 -9999.0 3235.497710 3226.587129 3223.442829 3230.394782 3262.504483 3292.452848 3303.977008 3296.262624 3295.773935 3270.688281 3247.424835 3259.558557 3288.432160 3318.321492 3351.115717 3367.903131 3356.489941 3353.503965 3360.009885 3378.887105 3386.454889 3382.578022 3364.994787 3388.913738 3401.842700 3405.939091 3403.736429 3393.735644 3402.258934 3416.119485 3409.038047 3393.921172 3405.107850 3420.303950 3431.221520 3423.473992 3366.133300 3354.693096 3352.064148 3348.625420 3336.150944 3332.848364 3361.730394 3361.833819 3355.140886 3338.441133 3305.574287 3260.661100 3242.230498 3283.371525 3327.499917 3384.153804 -9999.0 -9999.0 -9999.0 -9999.0 -9999.0 -9999.0 -9999.0 -9999.0 -9999.0 -9999.0 -9999.0 -9999.0 -9999.0 -9999.0
-9999.0 -9999.0 -9999.0 -9999.0 -9999.0 -9999.0 -9999.0 -9999.0 -9999.0 3178.929729 3184.232900 3190.872024 3192.979328 3207.731470 3204.181330 3210.683357 3214.164835 3240.860748 3269.740459 3302.631329 3329.026686 3319.276955 3317.422640 3320.631884 3314.280086 3321.384025 3341.099072 3376.965306 3407.422086 3442.008299 3407.992655 3402.669549 3419.759188 3460.487442 3482.888145 3484.398562 3465.597340 3482.396242 3505.635019 3520.894026 3517.135345 3510.903577 3536.784101 3551.991633 3545.601425 3524.063863 3523.273681 3531.165860 3560.685899 3510.353281 3444.908509 3407.477029 3424.175926 3403.837047 3378.821679 3368.755689 3370.140917 3391.129761 3380.090117 3346.984385 3314.409145 3303.294587 3287.150232 3308.914164 3332.838723 3379.777533 3420.127508 3450.349015 3450.162905 3433.182852 -9999.0 -9999.0 -9999.0 -9999.0 -9999.0 -9999.0 -9999.0 -9999.0 -9999.0 -9999.0
-9999.0 -9999.0 -9999.0 -9999.0 -9999.0 -9999.0 3100.574233 3110.887328 3131.340383 3133.623479 3159.712216 3164.470853 3182.061565 3198.599149 3219.722305 3231.751130 3255.855095 3284.889713 3319.948610 3356.596332 3383.137789 3370.840849 3375.407304 3393.836028 3419.512663 3437.501155 3459.496008 3496.675311 3568.361525 3604.227127 3596.098427 3596.584837 3604.638273 3654.867977 3718.679040 3729.360429 3708.694998 3695.695349 3719.414371 3756.887460 3754.735160 3753.500409 3766.740902 3777.620822 3804.441503 3793.452534 3757.621696 3752.590894 3759.648619 3736.732240 3667.674494 3610.960464 3592.975017 3546.612559 3463.750850 3421.833752 3446.605970 3475.277035 3454.414062 3405.716746 3374.342528 3369.757638 3359.545737 3353.571311 3366.906306 3390.552668 3415.128325 3429.562759 3418.186783 3397.767749 3376.476111 3348.628614 3351.532576 3376.661187 -9999.0 -9999.0 -9999.0 -9999.0 -9999.0 -9999.0
-9999.0 -9999.0 -9999.0 -9999.0 3051.423683 3063.966908 3048.692411 3074.376437 3105.722086 3138.636425 3165.326121 3195.325932 3217.498804 3243.221493 3275.240581 3295.985030 3326.842552 3355.406734 3401.449442 3461.639379 3505.047616 3517.608054 3525.512773 3575.956888 3631.795513 3678.430689 3696.942939 3722.724350 3768.640761 3825.055224 3847.160946 3849.803834 3866.712421 3910.261784 3966.855371 4002.057988 3984.354550 3975.268653 3985.517655 3999.955358 4022.100424 4022.161916 4023.285270 4027.504121 4035.270898 4033.434283 4006.686481 3973.194555 3960.222776 3950.048067 3911.648138 3839.413510 3809.493262 3780.492017 3737.507199 3683.298818 3636.783869 3638.680898 3584.291266 3529.583241 3480.470876 3473.406804 3453.944819 3438.792084 3422.252001 3435.266487 3447.859214 3433.366021 3403.896457 3375.054659 3362.473057 3345.267747 3334.249030 3365.672350 3383.742176 3413.340453 -9999.0 -9999.0 -9999.0 -9999.0
-9999.0 -9999.0 2993.091131 3037.910288 3094.346024 3099.682402 3092.027764 3093.919412 3119.264197 3167.389100 3227.534335 3263.091527 3290.529492 3319.759916 3369.109164 3429.746005 3488.611881 3530.491253 3588.073881 3657.098282 3715.909865 3742.432775 3751.048774 3786.579270 3841.340071 3910.754962 3938.895799 3965.457085 3997.414330 4034.101407 4025.367639 4035.951832 4048.506131 4061.595880 4076.866274 4084.158537 4079.225267 4074.607996 4056.006766 4050.773383 4057.246811 4065.379824 4064.297774 4049.576431 4045.601373 4060.647249 4066.958303 4064.823665 4061.896104 4066.721298 4061.930443 4013.195165 3996.258578 3980.931494 3969.051312 3922.734099 3855.842123 3823.702981 3802.094663 3760.962420 3687.623768 3650.693656 3611.773519 3577.608050 3540.735595 3528.258494 3496.503148 3464.903553 3426.683871 3386.370776 3367.716828 3353.824435 3353.773850 3354.693566 3372.683467 3388.531625 3404.584997 3412.702297 -9999.0 -9999.0
-9999.0 2884.815488 2955.511372 3074.477852 3151.103780 3186.054870 3192.858184 3194.342517 3218.291701 3249.563247 3334.573557 3382.398261 3464.521643 3501.498222 3541.424277 3630.967376 3725.187699 3768.511033 3807.490488 3871.396681 3937.334729 3984.521042 4010.898420 3988.951841 4028.681408 4058.853717 4067.122822 4074.250267 4074.391873 4065.865965 4059.430562 4066.075942 4063.071964 4043.801440 4027.641212 4025.855877 4022.432594 3999.037067 3971.448468 3955.889194 3957.193658 3982.255972 3969.057450 3947.643714 3943.212175 3964.933649 3986.447860 3975.705685 3962.532993 3979.137640 4013.847015 4038.944423 4039.844050 4058.447500 4079.579501 4050.421441 4029.264463 3985.224864 3968.248796 3942.781762 3885.759157 3830.967292 3782.879937 3734.569485 3682.493902 3633.997641 3586.707029 3539.812960 3487.003597 3454.573377 3430.649882 3388.382133 3376.142280 3383.006077 3378.390561 3377.110167 3383.905970 3390.553965 -9999.0 -9999.0
-9999.0 2787.856532 2926.130147 3100.512346 3241.181610 3279.872193 3339.126597 3392.879146 3405.465094 3349.291065 3449.433914 3665.829924 3788.010250 3805.513239 3881.104758 3976.379348 3958.300199 3989.720326 4013.005820 4039.186200 4060.225198 4074.662248 4072.971845 4067.841401 4051.308528 4043.293355 4042.401531 4040.277437 4022.823753 4003.818405 3986.978059 3983.775549 3965.743952 3916.063887 3882.775169 3865.219512 3846.064901 3832.712398 3805.561646 3779.550525 3762.970831 3773.209299 3771.575431 3758.193119 3753.778195 3771.827548 3802.702338 3800.856213 3812.787192 3832.417375 3867.855940 3906.089831 3925.362898 3954.501638 3990.151239 4038.268598 4046.923212 4069.384995 4072.281140 4061.987011 4015.325104 3963.717595 3934.306400 3878.928411 3819.416438 3757.772343 3708.963974 3664.397285 3609.350006 3575.580742 3536.691781 3483.439646 3441.070568 3434.000515 3400.979267 3388.245071 -9999.0 -9999.0 -9999.0 -9999.0
-9999.0 2691.295696 2863.036294 3097.541673 3389.579551 3459.007125 3659.578937 3773.060247 3811.337648 3878.531932 3757.622954 3965.134367 4018.343768 4013.450866 4029.571670 4032.827512 4047.152900 4046.488734 4041.409601 4030.379072 4020.770412 4016.182472 4015.130500 4007.213033 3994.578220 3979.948929 3968.029152 3956.568096 3919.869040 3887.891440 3848.544597 3836.031431 3791.281061 3699.529477 3660.961581 3622.388424 3561.537991 3564.238500 3572.043552 3548.324609 3528.775415 3500.486940 3530.249828 3541.158928 3545.393970 3540.689311 3550.139022 3578.803912 3626.629866 3660.861330 3699.569640 3747.372662 3777.750522 3816.807351 3856.473546 3908.713446 3939.875775 3968.745642 4017.699015 4054.717035 4077.454726 4063.360213 4044.868655 4000.102680 3939.885898 3890.586018 3861.634176 3811.192539 3767.751763 3724.369390 3678.080521 3625.512356 3564.256142 3512.166590 3478.590758 -9999.0 -9999.0 -9999.0 -9999.0 -9999.0
-9999.0 2467.078569 2730.811401 2983.760528 3254.260987 3595.341553 3767.168144 3860.791810 3923.946394 3907.034573 3930.534189 3936.807597 3973.902527 3981.188249 3959.794802 3945.916916 3928.254498 3927.165459 3940.232662 3912.877990 3882.609671 3869.257403 3870.164115 3859.475723 3835.625056 3820.767578 3811.514923 3793.051408 3750.097411 3700.045097 3616.204428 3581.776746 3503.333504 3465.454277 3429.600242 3383.177681 3339.422466 3345.475948 3370.383927 3361.836378 3341.418863 3324.681218 3354.152991 3374.900768 3388.115547 3371.779802 3378.279390 3412.405848 3458.481957 3498.491446 3541.878108 3589.392085 3630.945516 3669.798432 3690.421900 3729.477101 3771.407566 3812.841414 3882.826596 3961.158264 3997.074221 4031.690536 4060.556053 4082.462477 4039.588830 4013.325900 3989.617039 3966.178704 3920.019950 3874.673797 3834.133537 3769.576959 3710.058846 -9999.0 -9999.0 -9999.0 -9999.0 -9999.0 -9999.0 -9999.0
-9999.0 2355.268356 2547.640643 2737.861077 2969.066285 3195.935252 3417.319702 3507.364805 3577.415821 3649.343357 3703.525696 3741.300905 3767.060317 3788.609455 3766.033164 3719.991029 3687.785382 3692.781833 3683.807732 3662.977313 3635.509014 3622.790013 3620.222940 3615.641135 3594.696732 3584.726959 3578.218290 3560.536497 3535.648835 3483.438921 3412.910647 3340.608391 3287.856374 3269.443406 3247.776691 3221.806057 3196.071814 3209.890466 3222.831297 3223.281234 3217.245066 3217.800526 3246.842571 3266.740916 3276.159042 3265.305561 3283.316459 3306.075045 3342.491090 3381.135337 3425.224280 3474.703596 3522.533975 3542.088870 3543.651456 3554.542233 3581.584258 3624.357623 3700.234762 3785.958081 3863.515232 3908.925509 3959.641576 3999.611811 4027.757423 4052.595503 4075.017423 4068.098398 4042.138639 4008.788310 3950.071190 -9999.0 -9999.0 -9999.0 -9999.0 -9999.0 -9999.0 -9999.0 -9999.0 -9999.0
-9999.0 -9999.0 2322.211612 2473.620085 2568.938029 2730.993822 2851.344203 2956.464046 3048.772269 3188.501215 3310.622854 3403.795733 3450.035376 3465.581908 3451.832991 3423.762473 3406.838309 3406.461484 3394.793539 3388.856994 3375.049085 3370.149435 3358.673105 3351.673597 3348.326487 3348.411122 3346.834039 3339.459211 3323.716743 3283.457541 3248.014078 3204.951766 3161.051204 3140.576182 3123.577028 3107.721973 3112.849907 3108.520100 3114.530368 3117.941613 3128.068220 3142.562650 3161.949471 3184.002496 3193.602596 3203.750129 3214.322758 3235.529706 3264.940278 3304.511333 3355.245796 3409.355724 3444.622809 3450.852943 3432.237802 3426.544672 3433.904058 3461.934588 3524.206714 3592.590990 3681.992792 3747.283903 3814.025556 3869.905317 3896.549137 3932.931279 4003.162777 4051.190388 4093.657932 4071.255434 -9999.0 -9999.0 -9999.0 -9999.0 -9999.0 -9999.0 -9999.0 -9999.0 -9999.0 -9999.0
-9999.0 -9999.0 -9999.0 -9999.0 2334.223704 2480.883708 2578.422028 2658.478202 2793.804369 2896.516538 2992.264515 3078.447460 3147.321223 3171.698089 3173.036707 3190.575502 3189.978431 3180.708314 3169.922039 3175.448878 3181.095547 3175.428948 3160.417993 3155.033155 3160.117080 3169.409274 3169.082768 3157.916617 3141.711363 3129.949443 3119.397521 3090.900008 3060.776019 3035.359767 3025.252470 3023.921608 3025.335084 3018.396041 3027.502630 3037.122734 3053.506085 3068.835212 3092.373390 3122.112596 3136.832598 3151.337416 3159.561299 3177.539690 3205.094543 3256.098193 3317.274717 3373.277632 3406.676707 3406.590189 3377.462640 3355.196388 3342.079665 3358.776353 3387.209088 3437.146244 3525.769750 3587.496559 3632.296589 3670.646602 3706.877269 3772.025893 3866.676697 3947.990010 -9999.0 -9999.0 -9999.0 -9999.0 -9999.0 -9999.0 -9999.0 -9999.0 -9999.0 -9999.0 -9999.0 -9999.0
-9999.0 -9999.0 -9999.0 -9999.0 -9999.0 -9999.0 2312.239056 2418.692396 2485.526390 2641.124767 2789.335290 2866.541100 2949.774324 2986.122822 3010.464130 3041.144888 3042.010308 3021.727247 2999.850772 3022.290450 3042.446024 3036.442205 3004.315358 3006.807857 3015.212075 3024.459666 3023.607506 3019.746900 2997.544415 3017.201139 3024.488372 3004.530320 2981.859426 2976.745565 2966.831466 2978.010373 2979.098789 2965.360167 2964.639358 2989.574511 3011.074085 3024.085151 3045.059885 3078.240363 3110.631049 3126.137985 3126.645843 3130.765036 3166.649831 3233.696461 3304.178037 3358.777234 3389.310199 3393.614037 3362.400315 3317.144397 3290.486446 3288.689990 3312.164198 3350.550323 3410.974906 3446.497252 3456.565166 3456.517605 3467.873024 3567.500270 -9999.0 -9999.0 -9999.0 -9999.0 -9999.0 -9999.0 -9999.0 -9999.0 -9999.0 -9999.0 -9999.0 -9999.0 -9999.0 -9999.0
-9999.0 -9999.0 -9999.0 -9999.0 -9999.0 -9999.0 -9999.0 -9999.0 -9999.0 -9999.0 -9999.0 -9999.0 -9999.0 -9999.0 -9999.0 -9999.0 -9999.0 -9999.0 -9999.0 -9999.0 -9999.0 -9999.0 -9999.0 -9999.0 -9999.0 -9999.0 -9999.0 -9999.0 -9999.0 -9999.0 -9999.0 -9999.0 -9999.0 -9999.0 -9999.0 -9999.0 -9999.0 -9999.0 -9999.0 -9999.0 -9999.0 -9999.0 -9999.0 -9999.0 -9999.0 -9999.0 -9999.0 -9999.0 -9999.0 -9999.0 -9999.0 -9999.0 -9999.0 -9999.0 -9999.0 -9999.0 -9999.0 -9999.0 -9999.0 -9999.0 -9999.0 -9999.0 -9999.0 -9999.0 -9999.0 -9999.0 -9999.0 -9999.0 -9999.0 -9999.0 -9999.0 -9999.0 -9999.0 -9999.0 -9999.0 -9999.0 -9999.0 -9999.0 -9999.0 -9999.0
-9999.0 -9999.0 -9999.0 -9999.0 -9999.0 -9999.0 -9999.0 -9999.0 -9999.0 -9999.0 -9999.0 -9999.0 -9999.0 -9999.0 -9999.0 -9999.0 -9999.0 -9999.0 -9999.0 -9999.0 -9999.0 -9999.0 -9999.0 -9999.0 -9999.0 -9999.0 -9999.0 -9999.0 -9999.0 -9999.0 -9999.0 -9999.0 -9999.0 -9999.0 -9999.0 -9999.0 -9999.0 -9999.0 -9999.0 -9999.0 -9999.0 -9999.0 -9999.0 -9999.0 -9999.0 -9999.0 -9999.0 -9999.0 -9999.0 -9999.0 -9999.0 -9999.0 -9999.0 -9999.0 -9999.0 -9999.0 -9999.0 -9999.0 -9999.0 -9999.0 -9999.0 -9999.0 -9999.0 -9999.0 -9999.0 -9999.0 -9999.0 -9999.0 -9999.0 -9999.0 -9999.0 -9999.0 -9999.0 -9999.0 -9999.0 -9999.0 -9999.0 -9999.0 -9999.0 -9999.0