Borden_/Borden1m_014/output_maps/psiliqL0021N0039.asc
ncols         80
nrows         18
xllcorner     620200.000000
yllcorner     5168000.000000
cellsize      1.000000
NODATA_value  -9999.0
-9999.0 -9999.0 -9999.0 -9999.0 -9999.0 -9999.0 -9999.0 -9999.0 -9999.0 -9999.0 -9999.0 -9999.0 -9999.0 -9999.0 -9999.0 -9999.0 -9999.0 -9999.0 -9999.0 -9999.0 -9999.0 -9999.0 -9999.0 -9999.0 -9999.0 -9999.0 -9999.0 -9999.0 -9999.0 -9999.0 -9999.0 -9999.0 -9999.0 -9999.0 -9999.0 -9999.0 -9999.0 -9999.0 -9999.0 -9999.0 -9999.0 -9999.0 -9999.0 -9999.0 -9999.0 -9999.0 -9999.0 -9999.0 -9999.0 -9999.0 -9999.0 -9999.0 -9999.0 -9999.0 -9999.0 -9999.0 -9999.0 -9999.0 -9999.0 -9999.0 -9999.0 -9999.0 -9999.0 -9999.0 -9999.0 -9999.0 -9999.0 -9999.0 -9999.0 -9999.0 -9999.0 -9999.0 -9999.0 -9999.0 -9999.0 -9999.0 -9999.0 -9999.0 -9999.0 -9999.0
-9999.0 -9999.0 -9999.0 -9999.0 -9999.0 -9999.0 -9999.0 -9999.0 -9999.0 -9999.0 -9999.0 -9999.0 -9999.0 -9999.0 -9999.0 -9999.0 -9999.0 -9999.0 -9999.0 -9999.0 -9999.0 -9999.0 -9999.0 -9999.0 -9999.0 -9999.0 -9999.0 -9999.0 -9999.0 -9999.0 -9999.0 -9999.0 -9999.0 -9999.0 -9999.0 -9999.0 -9999.0 -9999.0 -9999.0 -9999.0 -9999.0 -9999.0 -9999.0 -9999.0 -9999.0 -9999.0 -9999.0 -9999.0 -9999.0 -9999.0 -9999.0 -9999.0 -9999.0 -9999.0 -9999.0 -9999.0 -9999.0 -9999.0 -9999.0 -9999.0 -9999.0 -9999.0 -9999.0 -9999.0 -9999.0 -9999.0 -9999.0 -9999.0 -9999.0 -9999.0 -9999.0 -9999.0 -9999.0 -9999.0 -9999.0 -9999.0 -9999.0 -9999.0 -9999.0 -9999.0
-9999.0 -9999.0 -9999.0 -9999.0 -9999.0 -9999.0 -9999.0 -9999.0 -9999.0 -9999.0 -9999.0 -9999.0 -9999.0 -9999.0 -9999.0 -9999.0 -9999.0 -9999.0 -9999.0 -9999.0 2358.186663 2360.640876 2340.148174 2307.935156 2281.805187 2285.971727 2321.851208 2364.997126 2406.025989 2416.816473 2400.455182 2405.718026 2402.958612 2401.118301 2403.695420 2412.578720 2420.009104 2431.621692 2440.834898 2441.140714 2436.066914 2432.406868 2434.838011 2437.185622 2442.600549 2428.544775 2442.117913 2455.621813 2457.817752 2451.023493 2422.795182 2406.261840 2394.600464 2375.883774 2398.601222 2407.620209 2427.494578 2429.213962 2425.169693 2396.923473 2365.949400 -9999.0 -9999.0 -9999.0 -9999.0 -9999.0 -9999.0 -9999.0 -9999.0 -9999.0 -9999.0 -9999.0 -9999.0 -9999.0 -9999.0 -9999.0 -9999.0 -9999.0 -9999.0 -9999.0
-9999.0 -9999.0 -9999.0 -9999.0 -9999.0 -9999.0 -9999.0 -9999.0 -9999.0 -9999.0 -9999.0 -9999.0 -9999.0 -9999.0 2263.198346 2255.336225 2254.313191 2264.024297 2298.748191 2330.294989 2342.274633 2336.107434 2337.602845 2315.233225 2295.458103 2310.963047 2342.883542 2375.889140 2411.975418 2432.850894 2424.024461 2423.654889 2433.504570 2457.425062 2468.842586 2466.934453 2449.682880 2475.644193 2491.798783 2499.872006 2500.427270 2492.671264 2503.662952 2518.334617 2510.771667 2493.683825 2500.794203 2512.262127 2520.769666 2507.159579 2442.973745 2424.731228 2417.738295 2409.510859 2393.138755 2385.800341 2410.323858 2407.022582 2396.866826 2377.418066 2342.935946 2297.325128 2276.789576 2314.471697 2356.158149 2410.842160 -9999.0 -9999.0 -9999.0 -9999.0 -9999.0 -9999.0 -9999.0 -9999.0 -9999.0 -9999.0 -9999.0 -9999.0 -9999.0 -9999.0
-9999.0 -9999.0 -9999.0 -9999.0 -9999.0 -9999.0 -9999.0 -9999.0 -9999.0 2200.163715 2206.697312 2215.630311 2220.199464 2237.510294 2235.786159 2244.632840 2252.104318 2281.493975 2313.661699 2349.654971 2378.698549 2371.914430 2372.995856 2381.344029 2381.761090 2393.850513 2417.494132 2459.306325 2495.600960 2535.576202 2506.616610 2505.007370 2524.995696 2570.053275 2598.143901 2603.044355 2586.040830 2601.329992 2627.483391 2647.936597 2647.860024 2644.877033 2669.506238 2683.941466 2680.036060 2658.123237 2652.114879 2654.477072 2679.193509 2625.338357 2556.204699 2509.763924 2517.463262 2490.461021 2456.851850 2438.257469 2434.711341 2452.521494 2436.473970 2398.047178 2361.552977 2347.854628 2328.194492 2344.902322 2365.148932 2408.524461 2445.497401 2471.955738 2468.926671 2449.880690 -9999.0 -9999.0 -9999.0 -9999.0 -9999.0 -9999.0 -9999.0 -9999.0 -9999.0 -9999.0
-9999.0 -9999.0 -9999.0 -9999.0 -9999.0 -9999.0 2118.283172 2129.806673 2152.256305 2157.378226 2185.428888 2193.811133 2216.111383 2236.825556 2260.930343 2277.939575 2307.838464 2341.635867 2381.669391 2424.043232 2456.984017 2450.306434 2461.141677 2486.368271 2520.447968 2546.269751 2572.959038 2614.547289 2691.127810 2732.669200 2733.922646 2738.522734 2749.009121 2799.790832 2864.280179 2876.121274 2856.804546 2844.941990 2869.289297 2908.576622 2912.305175 2914.222426 2833.648840 2842.582154 2868.926395 2860.167646 2911.930354 2900.564356 2901.966287 2879.058102 2810.334586 2747.309994 2718.613405 2665.657543 2581.744957 2531.077955 2544.329517 2564.736370 2536.670525 2482.888654 2442.640798 2431.552986 2415.231364 2402.127401 2408.659941 2426.326649 2445.707958 2454.624438 2438.854945 2415.102591 2390.667135 2360.487464 2361.378617 2385.541295 -9999.0 -9999.0 -9999.0 -9999.0 -9999.0 -9999.0
-9999.0 -9999.0 -9999.0 -9999.0 2065.952551 2080.289032 2068.501491 2096.520852 2131.395684 2167.921797 2200.029990 2237.364125 2265.781539 2297.413649 2336.527282 2366.971035 2406.510169 2441.626278 2495.340929 2562.883873 2613.559399 2634.469888 2648.843568 2705.979968 2767.154077 2819.415513 2842.260996 2871.742264 2831.003310 2886.764365 2910.723679 2915.300882 2932.828148 2973.094231 3025.448695 3022.568517 3005.063742 2996.804533 3005.114203 3017.897532 3040.088957 3040.297811 3040.126338 3043.386170 3049.823719 3048.862616 3025.342443 2993.326922 3017.829783 3008.102579 2973.357271 2902.619995 2868.792629 2841.282808 2883.704284 2827.540395 2769.779446 2760.238524 2701.062393 2641.011620 2581.970668 2563.711442 2534.465291 2509.915554 2483.380111 2485.774085 2488.332726 2465.549516 2429.797512 2395.131145 2378.466038 2358.251908 2345.436459 2374.821787 2391.351003 2420.392888 -9999.0 -9999.0 -9999.0 -9999.0
-9999.0 -9999.0 2003.783900 2051.675862 2110.580235 2120.187904 2119.383508 2126.800749 2157.712364 2212.031255 2284.279378 2330.582779 2369.153308 2405.197163 2465.057802 2537.483073 2606.144131 2653.296090 2718.276703 2791.852623 2855.720994 2887.504753 2903.042677 2853.120232 2906.107129 2972.180032 2999.847115 3025.802755 3016.190259 3049.485546 3048.937711 3060.840990 3071.674883 3080.531592 3091.868473 3096.424232 3092.204878 3087.731579 3070.202779 3065.666764 3072.284521 3078.396666 3078.996097 3064.883948 3060.972370 3075.429937 3080.159478 3078.706769 3078.250746 3083.291710 3081.947881 3037.692045 3012.524320 2998.910287 3027.680976 2982.499316 2916.809534 2881.069211 2861.644074 2898.877897 2819.622055 2771.295505 2722.042850 2677.184747 2625.066828 2597.929916 2552.375455 2509.144774 2460.909993 2412.830161 2387.967392 2369.756293 2366.664440 2365.293724 2380.993103 2395.199177 2409.798498 2417.174958 -9999.0 -9999.0
-9999.0 1895.982173 1968.229091 2093.214449 2174.202017 2217.728597 2240.148519 2256.192553 2287.920147 2323.025536 2421.458787 2492.841146 2582.736565 2624.922253 2674.423509 2773.312605 2871.717628 2835.328821 2872.589096 2933.079576 2995.954308 3005.159134 3030.215624 3020.264690 3056.477082 3078.696672 3084.436012 3089.689016 3087.208690 3078.889893 3071.557976 3078.433198 3076.376597 3057.866899 3042.398555 3040.766149 3037.379641 3015.279007 3026.485979 3011.730105 3014.502330 3000.314125 3024.857551 3005.314783 3001.224921 3021.196659 3003.262067 2993.217610 3019.591514 2996.983165 3030.028895 3052.860740 3057.502408 3075.136164 3095.969890 3068.379803 3044.389130 3003.219541 3025.809378 3000.787164 2944.077155 2887.891954 2838.829852 2856.248132 2790.598644 2726.085351 2662.496073 2598.439867 2532.739316 2490.974804 2460.216188 2412.151897 2393.944454 2396.652186 2388.120061 2384.555295 2389.336173 2395.097944 -9999.0 -9999.0
-9999.0 1806.408742 1947.381974 2129.381543 2277.420534 2329.642284 2412.556828 2483.931159 2509.983890 2472.238274 2581.700052 2805.709670 2852.152078 2868.094309 2940.787764 2998.021348 2993.383971 3021.956794 3043.358659 3061.623857 3076.455000 3087.618768 3085.340617 3079.516044 3063.714560 3055.918188 3055.858106 3053.888667 3037.038915 3018.498700 3001.905944 2999.737361 3020.939873 2975.150846 2941.784160 2924.307266 2906.875479 2891.270369 2862.964440 2838.383808 2905.393847 2834.860102 2831.777273 2899.552472 2895.704297 2832.470705 2861.780299 2858.832379 2869.802625 2889.625863 2926.581670 2964.808499 2984.151349 3013.299890 3008.051478 3052.662549 3063.745692 3085.687209 3089.317185 3075.647454 3031.941569 3021.956091 2991.364192 2935.209843 2873.098106 2865.221743 2798.663663 2734.192087 2662.764022 2617.759199 2572.689070 2517.107788 2468.853158 2453.239907 2415.442329 2397.671174 -9999.0 -9999.0 -9999.0 -9999.0
-9999.0 1714.055510 1897.521643 2145.748217 2435.051608 2527.373049 2735.755382 2821.309247 2865.186131 2931.720029 2852.968462 3002.752071 3044.137065 3037.017505 3044.149224 3045.615036 3059.018460 3059.189886 3054.333580 3043.852135 3034.907055 3030.815232 3029.588838 3021.800604 3009.432687 2995.722545 3023.129297 3011.612293 2976.005510 2943.554950 2905.578698 2892.019658 2852.147780 2838.861075 2795.314737 2754.820255 2693.385845 2690.337681 2690.676661 2662.306250 2644.061130 2617.327516 2643.728213 2654.272611 2658.258926 2655.882671 2669.297395 2699.310678 2748.199955 2786.386038 2831.176752 2884.675928 2834.554891 2873.968241 2915.443700 2968.724528 2999.220857 3028.611814 3034.450112 3070.428549 3092.085760 3080.252717 3059.219017 3017.567555 2994.030788 2941.341948 2906.436753 2850.204241 2810.197038 2758.561119 2712.338190 2662.975460 2601.231068 2536.915190 2498.613075 -9999.0 -9999.0 -9999.0 -9999.0 -9999.0
-9999.0 1509.564435 1775.265226 2051.208477 2344.299746 2684.509843 2812.905935 2917.094981 2981.580068 2957.022837 2972.876089 2984.248814 2990.560190 2996.627964 3009.236215 2998.960841 2984.023437 2983.345952 2996.346630 2969.815564 2940.436252 2927.306933 2927.544915 2916.296776 2892.756268 2877.144747 2867.666610 2850.013903 2881.638133 2828.092251 2741.898455 2705.888979 2624.061955 2577.534872 2535.463244 2484.979532 2434.877021 2436.220944 2457.414810 2445.718867 2424.388040 2406.588680 2434.947516 2456.015787 2469.523618 2455.972427 2464.512169 2499.944740 2549.701433 2594.598941 2644.176141 2700.500554 2746.349629 2792.983535 2822.895585 2870.868612 2831.927955 2874.058422 2944.329705 3020.116495 3014.193040 3046.875685 3077.558843 3097.761678 3056.043375 3027.133397 3003.222869 2995.012847 2942.232375 2895.972691 2857.629041 2798.399230 2751.744123 -9999.0 -9999.0 -9999.0 -9999.0 -9999.0 -9999.0 -9999.0
-9999.0 1391.340208 1595.666764 1803.763158 2069.195415 2305.151250 2519.842201 2622.956404 2704.957713 2766.488570 2817.059096 2857.479449 2822.447730 2843.491735 2823.471529 2854.824548 2824.640260 2829.186497 2821.845757 2798.714543 2769.264789 2754.444619 2750.812436 2744.170015 2720.663270 2707.340950 2697.013797 2673.023005 2643.661812 2587.533656 2510.054338 2434.037044 2376.130160 2349.703937 2322.231174 2291.268592 2259.854442 2270.647574 2282.039663 2280.727503 2272.454255 2271.233633 2300.269932 2319.532667 2329.679061 2319.195049 2338.791015 2364.739625 2405.584013 2449.910125 2499.469410 2554.083114 2608.030372 2635.932682 2647.225928 2668.627704 2705.953924 2758.505491 2843.186251 2848.842184 2923.302009 2969.403206 3018.395497 3016.591208 3041.433862 3068.933576 3085.534551 3072.975473 3044.645759 3013.723320 2965.158308 -9999.0 -9999.0 -9999.0 -9999.0 -9999.0 -9999.0 -9999.0 -9999.0 -9999.0
-9999.0 -9999.0 1366.816359 1530.277092 1645.640092 1816.113614 1962.891200 2073.147678 2171.622469 2304.501212 2422.438952 2515.483659 2562.320105 2581.049798 2569.126755 2541.411071 2522.972395 2522.597543 2511.073689 2501.965013 2484.170423 2476.625312 2463.344899 2454.747476 2447.192489 2443.411626 2438.726653 2428.615090 2408.215157 2362.712938 2318.762018 2269.934047 2218.750838 2194.042061 2172.934235 2152.819682 2153.623943 2148.491573 2153.505153 2155.633984 2163.950331 2177.408573 2197.179690 2219.893019 2230.005164 2240.160584 2252.620432 2276.336387 2309.218205 2351.847903 2406.511024 2465.884439 2506.819134 2519.839844 2509.366549 2512.573100 2529.281072 2568.622916 2644.068347 2724.845437 2821.010732 2891.720665 2875.246214 2927.887680 2951.375984 2981.092117 3015.880994 3057.732768 3086.788169 3067.260641 -9999.0 -9999.0 -9999.0 -9999.0 -9999.0 -9999.0 -9999.0 -9999.0 -9999.0 -9999.0
-9999.0 -9999.0 -9999.0 -9999.0 1390.841726 1541.636741 1639.531854 1721.502191 1854.280198 1981.642886 2086.823654 2173.882713 2241.109324 2269.349017 2269.344802 2281.648310 2279.328518 2271.495940 2260.791086 2262.294784 2263.704406 2256.362632 2240.445762 2233.309637 2235.353102 2241.326076 2238.625182 2224.856022 2206.241034 2187.208426 2169.849570 2136.722610 2102.193579 2073.323536 2060.249169 2055.467322 2055.041900 2047.330797 2055.644544 2063.738112 2079.304995 2094.484647 2118.119242 2147.471290 2161.984113 2177.148646 2186.911486 2207.201909 2238.035907 2291.945429 2356.215816 2415.095501 2452.925781 2458.285743 2434.686247 2419.084743 2414.383770 2440.799402 2482.887114 2545.482875 2644.387576 2715.908115 2766.777292 2806.051533 2835.080296 2826.452389 2904.517416 2972.161694 -9999.0 -9999.0 -9999.0 -9999.0 -9999.0 -9999.0 -9999.0 -9999.0 -9999.0 -9999.0 -9999.0 -9999.0
-9999.0 -9999.0 -9999.0 -9999.0 -9999.0 -9999.0 1360.314380 1464.574141 1538.798537 1685.819892 1825.264348 1931.220360 2014.477290 2049.593854 2080.943891 2110.253830 2109.929926 2090.544558 2069.791459 2089.714634 2105.901514 2099.399197 2068.044057 2068.392141 2074.091674 2081.825305 2079.121737 2072.616794 2047.409132 2061.126148 2063.262073 2039.979742 2014.068857 2000.567779 1988.618249 1998.101534 1998.019228 1983.795520 1983.355382 2010.664551 2031.324542 2044.321366 2065.742160 2099.025681 2131.673441 2147.502556 2149.144572 2155.180924 2194.270204 2264.777873 2337.628294 2394.485111 2428.439049 2437.580112 2412.061989 2372.617437 2352.796634 2359.685147 2393.314926 2443.295184 2516.532825 2562.034429 2581.552531 2587.581374 2599.382483 2689.055181 -9999.0 -9999.0 -9999.0 -9999.0 -9999.0 -9999.0 -9999.0 -9999.0 -9999.0 -9999.0 -9999.0 -9999.0 -9999.0 -9999.0
-9999.0 -9999.0 -9999.0 -9999.0 -9999.0 -9999.0 -9999.0 -9999.0 -9999.0 -9999.0 -9999.0 -9999.0 -9999.0 -9999.0 -9999.0 -9999.0 -9999.0 -9999.0 -9999.0 -9999.0 -9999.0 -9999.0 -9999.0 -9999.0 -9999.0 -9999.0 -9999.0 -9999.0 -9999.0 -9999.0 -9999.0 -9999.0 -9999.0 -9999.0 -9999.0 -9999.0 -9999.0 -9999.0 -9999.0 -9999.0 -9999.0 -9999.0 -9999.0 -9999.0 -9999.0 -9999.0 -9999.0 -9999.0 -9999.0 -9999.0 -9999.0 -9999.0 -9999.0 -9999.0 -9999.0 -9999.0 -9999.0 -9999.0 -9999.0 -9999.0 -9999.0 -9999.0 -9999.0 -9999.0 -9999.0 -9999.0 -9999.0 -9999.0 -9999.0 -9999.0 -9999.0 -9999.0 -9999.0 -9999.0 -9999.0 -9999.0 -9999.0 -9999.0 -9999.0 -9999.0
-9999.0 -9999.0 -9999.0 -9999.0 -9999.0 -9999.0 -9999.0 -9999.0 -9999.0 -9999.0 -9999.0 -9999.0 -9999.0 -9999.0 -9999.0 -9999.0 -9999.0 -9999.0 -9999.0 -9999.0 -9999.0 -9999.0 -9999.0 -9999.0 -9999.0 -9999.0 -9999.0 -9999.0 -9999.0 -9999.0 -9999.0 -9999.0 -9999.0 -9999.0 -9999.0 -9999.0 -9999.0 -9999.0 -9999.0 -9999.0 -9999.0 -9999.0 -9999.0 -9999.0 -9999.0 -9999.0 -9999.0 -9999.0 -9999.0 -9999.0 -9999.0 -9999.0 -9999.0 -9999.0 -9999.0 -9999.0 -9999.0 -9999.0 -9999.0 -9999.0 -9999.0 -9999.0 -9999.0 -9999.0 -9999.0 -9999.0 -9999.0 -9999.0 -9999.0 -9999.0 -9999.0 -9999.0 -9999.0 -9999.0 -9999.0 -9999.0 -9999.0 -9999.0 -9999.0 -9999.0