Borden_/Borden1m_014/output_maps/psiliqL0023N0006.asc
ncols         80
nrows         18
xllcorner     620200.000000
yllcorner     5168000.000000
cellsize      1.000000
NODATA_value  -9999.0
-9999.0 -9999.0 -9999.0 -9999.0 -9999.0 -9999.0 -9999.0 -9999.0 -9999.0 -9999.0 -9999.0 -9999.0 -9999.0 -9999.0 -9999.0 -9999.0 -9999.0 -9999.0 -9999.0 -9999.0 -9999.0 -9999.0 -9999.0 -9999.0 -9999.0 -9999.0 -9999.0 -9999.0 -9999.0 -9999.0 -9999.0 -9999.0 -9999.0 -9999.0 -9999.0 -9999.0 -9999.0 -9999.0 -9999.0 -9999.0 -9999.0 -9999.0 -9999.0 -9999.0 -9999.0 -9999.0 -9999.0 -9999.0 -9999.0 -9999.0 -9999.0 -9999.0 -9999.0 -9999.0 -9999.0 -9999.0 -9999.0 -9999.0 -9999.0 -9999.0 -9999.0 -9999.0 -9999.0 -9999.0 -9999.0 -9999.0 -9999.0 -9999.0 -9999.0 -9999.0 -9999.0 -9999.0 -9999.0 -9999.0 -9999.0 -9999.0 -9999.0 -9999.0 -9999.0 -9999.0
-9999.0 -9999.0 -9999.0 -9999.0 -9999.0 -9999.0 -9999.0 -9999.0 -9999.0 -9999.0 -9999.0 -9999.0 -9999.0 -9999.0 -9999.0 -9999.0 -9999.0 -9999.0 -9999.0 -9999.0 -9999.0 -9999.0 -9999.0 -9999.0 -9999.0 -9999.0 -9999.0 -9999.0 -9999.0 -9999.0 -9999.0 -9999.0 -9999.0 -9999.0 -9999.0 -9999.0 -9999.0 -9999.0 -9999.0 -9999.0 -9999.0 -9999.0 -9999.0 -9999.0 -9999.0 -9999.0 -9999.0 -9999.0 -9999.0 -9999.0 -9999.0 -9999.0 -9999.0 -9999.0 -9999.0 -9999.0 -9999.0 -9999.0 -9999.0 -9999.0 -9999.0 -9999.0 -9999.0 -9999.0 -9999.0 -9999.0 -9999.0 -9999.0 -9999.0 -9999.0 -9999.0 -9999.0 -9999.0 -9999.0 -9999.0 -9999.0 -9999.0 -9999.0 -9999.0 -9999.0
-9999.0 -9999.0 -9999.0 -9999.0 -9999.0 -9999.0 -9999.0 -9999.0 -9999.0 -9999.0 -9999.0 -9999.0 -9999.0 -9999.0 -9999.0 -9999.0 -9999.0 -9999.0 -9999.0 -9999.0 2744.127928 2746.125464 2725.325276 2692.519492 2665.732797 2669.200089 2704.162041 2746.501396 2786.811079 2796.295971 2778.775059 2783.292774 2779.663463 2776.238651 2777.958158 2786.772407 2794.943156 2806.244498 2815.894680 2816.773595 2812.217818 2808.988590 2811.960756 2814.159595 2819.877727 2805.455908 2819.679424 2782.328654 2787.293043 2784.413158 2801.709231 2786.853471 2776.605312 2759.126616 2783.218484 2793.114624 2787.532112 2792.304812 2790.738708 2784.452944 2753.763458 -9999.0 -9999.0 -9999.0 -9999.0 -9999.0 -9999.0 -9999.0 -9999.0 -9999.0 -9999.0 -9999.0 -9999.0 -9999.0 -9999.0 -9999.0 -9999.0 -9999.0 -9999.0 -9999.0
-9999.0 -9999.0 -9999.0 -9999.0 -9999.0 -9999.0 -9999.0 -9999.0 -9999.0 -9999.0 -9999.0 -9999.0 -9999.0 -9999.0 2651.464569 2643.217313 2641.438237 2650.176565 2684.011768 2715.101716 2726.932325 2720.534879 2721.536601 2698.402299 2677.615521 2692.266394 2723.518630 2755.164787 2790.305920 2809.811416 2800.032950 2798.598991 2807.086110 2783.799614 2792.343008 2788.693064 2821.094431 2794.209078 2807.537255 2812.482062 2810.505613 2800.777429 2810.231254 2824.430043 2817.442371 2802.012547 2811.920050 2826.380151 2837.785769 2829.017808 2819.257008 2803.239430 2797.757703 2791.316444 2776.121043 2770.423788 2796.140410 2792.613184 2783.089592 2764.411482 2730.137559 2684.483070 2664.152797 2702.609663 2744.893353 2785.669255 -9999.0 -9999.0 -9999.0 -9999.0 -9999.0 -9999.0 -9999.0 -9999.0 -9999.0 -9999.0 -9999.0 -9999.0 -9999.0 -9999.0
-9999.0 -9999.0 -9999.0 -9999.0 -9999.0 -9999.0 -9999.0 -9999.0 -9999.0 2591.746859 2597.968522 2606.076386 2609.755743 2626.030030 2623.349644 2631.330734 2637.422039 2665.995738 2697.092601 2732.243143 2760.208168 2753.740904 2753.464611 2760.154602 2758.422225 2769.293977 2792.239701 2784.625631 2816.539302 2852.015407 2819.015133 2814.230935 2831.552188 2873.359248 2897.967758 2900.616961 2882.046114 2896.592887 2919.956351 2936.489802 2933.179212 2927.647070 2952.859524 2967.532731 2963.107312 2942.359351 2939.200796 2945.494542 2974.123137 2924.241298 2859.634456 2819.839963 2834.151758 2812.357999 2785.021680 2820.560209 2817.820464 2794.845969 2783.187728 2782.770279 2747.745308 2733.983914 2714.571207 2732.317350 2753.446287 2780.940603 2820.957993 2850.948089 2850.901810 2833.926484 -9999.0 -9999.0 -9999.0 -9999.0 -9999.0 -9999.0 -9999.0 -9999.0 -9999.0 -9999.0
-9999.0 -9999.0 -9999.0 -9999.0 -9999.0 -9999.0 2511.225078 2522.528877 2544.499812 2548.649942 2576.211028 2583.132326 2604.156250 2623.382810 2646.379335 2661.738761 2689.874630 2722.289439 2760.022682 2800.754352 2789.908836 2825.675375 2784.184510 2804.776377 2833.097055 2853.254343 2875.354058 2912.187666 2980.255233 3016.187025 3011.047849 3012.114318 3020.236199 3069.676977 3133.097708 3144.695731 3124.223261 3110.792663 3133.220878 3169.661524 3168.823326 3167.717268 3179.616226 3189.917011 3216.531139 3206.499440 3170.853071 3164.122833 3169.244151 3148.665253 3082.615645 3025.349365 3004.801863 2962.643028 2881.438473 2837.361293 2858.028150 2884.525688 2862.339695 2813.396955 2824.840399 2814.392582 2798.508857 2786.603582 2794.890942 2791.847595 2816.244712 2830.256333 2818.814560 2798.500382 2785.549344 2756.029005 2757.351331 2781.646529 -9999.0 -9999.0 -9999.0 -9999.0 -9999.0 -9999.0
-9999.0 -9999.0 -9999.0 -9999.0 2459.761692 2473.683234 2460.923676 2488.566530 2522.658896 2558.326778 2588.530119 2624.313653 2650.896127 2680.596331 2716.423523 2743.642739 2780.828589 2814.234354 2813.502889 2874.625061 2918.948683 2933.458193 2942.005785 2989.581424 3045.419759 3092.557485 3110.815220 3135.885180 3179.386821 3235.101538 3257.538794 3260.767499 3277.573172 3318.729690 3372.608921 3407.009313 3389.751478 3381.135216 3390.170400 3403.553550 3425.668605 3425.771754 3426.859488 3430.491057 3437.457378 3436.157478 3410.623603 3377.702623 3364.960752 3355.368438 3319.838570 3249.407138 3218.276863 3190.610188 3151.733963 3099.337117 3049.402374 3048.081325 2994.854764 2944.482427 2893.466487 2883.722401 2862.518068 2845.886002 2827.363298 2838.486416 2849.637115 2834.465791 2805.013225 2789.240332 2773.756907 2754.001280 2741.234318 2770.982258 2784.070210 2813.930611 -9999.0 -9999.0 -9999.0 -9999.0
-9999.0 -9999.0 2398.640273 2445.499777 2503.775455 2512.210927 2509.480238 2515.679193 2545.483827 2598.471699 2668.331436 2710.937950 2746.127862 2780.146507 2783.245591 2846.860436 2907.222667 2949.036887 3002.137406 3069.769320 3128.037014 3154.963788 3164.205532 3198.755887 3251.965030 3318.404670 3345.444726 3371.106008 3401.664046 3436.591994 3432.706203 3444.046056 3455.540697 3466.067226 3478.965476 3484.986279 3480.505528 3475.989733 3457.657987 3452.847885 3459.405921 3466.695752 3466.241880 3451.865384 3447.914769 3462.601182 3468.328831 3466.586928 3464.370682 3469.736561 3467.059775 3421.079646 3399.297920 3384.742076 3374.202587 3329.140580 3263.924451 3230.760719 3210.597805 3171.261045 3098.960058 3060.174016 3020.474955 2985.153653 2949.247554 2934.149497 2900.574606 2867.984875 2829.015615 2788.222520 2783.320055 2765.529861 2762.553255 2761.055137 2777.288461 2788.806591 2804.805758 2812.904567 -9999.0 -9999.0
-9999.0 2289.913492 2361.525737 2485.073048 2564.752336 2606.479890 2624.466588 2636.370201 2667.191703 2703.991833 2798.502709 2806.713163 2888.590886 2923.653695 2964.398608 3049.991501 3141.393709 3182.943591 3219.956896 3280.452370 3343.614206 3389.484491 3415.189684 3401.011647 3438.472470 3463.736998 3470.387628 3476.323802 3475.240051 3466.837780 3459.895206 3466.733779 3463.992715 3445.266425 3429.622507 3428.037449 3424.737433 3401.819904 3374.613176 3359.616026 3361.465630 3385.922203 3373.165290 3351.988175 3347.651740 3369.004405 3389.607315 3379.184969 3366.186827 3382.615277 3416.621477 3440.263880 3443.343100 3461.329317 3482.315940 3454.142731 3431.355558 3388.758703 3372.285543 3347.233932 3291.675063 3237.095182 3189.707715 3141.427770 3088.980837 3039.181763 2991.673099 2946.381896 2892.642790 2859.693951 2835.030362 2791.512378 2789.049974 2783.894271 2783.703803 2780.929468 2784.106707 2790.751746 -9999.0 -9999.0
-9999.0 2197.296360 2337.160127 2517.101738 2663.475706 2712.276486 2788.104543 2818.925949 2833.276694 2839.551502 2881.652589 3091.186591 3204.441461 3219.532519 3291.882037 3382.813718 3372.731179 3402.824062 3424.752520 3445.989142 3463.150593 3475.863391 3473.726541 3468.099435 3451.936727 3444.007389 3443.214896 3441.219753 3424.204700 3405.593578 3389.050494 3386.265540 3369.025186 3321.699127 3289.296017 3272.741393 3255.553346 3241.614937 3213.855762 3188.411821 3173.062381 3184.855073 3181.827869 3167.682247 3163.241397 3181.779961 3212.508889 3209.404816 3219.400506 3238.613553 3273.858598 3310.903377 3329.856511 3358.376108 3393.459531 3439.753520 3449.774938 3471.862508 3475.212681 3462.934955 3417.746824 3367.287273 3338.387934 3284.007086 3224.689039 3163.342734 3115.257357 3070.983273 3016.549762 2982.229156 2943.829926 2890.404278 2846.101914 2836.264675 2802.493631 2788.544311 -9999.0 -9999.0 -9999.0 -9999.0
-9999.0 2100.468907 2281.803743 2525.424870 2803.582346 2880.472195 3075.947499 3187.842659 3226.825198 3291.405502 3193.749404 3381.647981 3428.417722 3421.861986 3431.981291 3434.249806 3447.848859 3447.550866 3442.502284 3431.735549 3422.490895 3418.184541 3417.015644 3409.168975 3396.698077 3382.257084 3370.581409 3359.558472 3323.799821 3292.622538 3255.277328 3243.349031 3201.535098 3111.577210 3073.092150 3036.438805 2978.225682 2979.748096 2984.753767 2963.944745 2944.990039 2919.020066 2946.560085 2955.539158 2959.068847 2956.160660 2967.058341 2990.185823 3035.737237 3069.070522 3107.558413 3154.550096 3183.986565 3222.541588 3262.426277 3314.013540 3344.278455 3372.679772 3420.124364 3456.779866 3479.188574 3466.054696 3446.167992 3403.176362 3343.726076 3294.907229 3266.808786 3217.538648 3174.648725 3131.164693 3085.070825 3032.670566 2972.439009 2915.967964 2881.587908 -9999.0 -9999.0 -9999.0 -9999.0 -9999.0
-9999.0 1887.863691 2152.249703 2423.151749 2708.251172 3027.317000 3182.861980 3279.589664 3340.543676 3316.854068 3333.959146 3341.881592 3378.205504 3384.476019 3362.914743 3349.929913 3333.518128 3332.430379 3345.386366 3318.647705 3289.185598 3276.277302 3277.085402 3266.377149 3243.085967 3228.205636 3218.876548 3201.066915 3158.555432 3109.824621 3028.232423 2996.797674 2924.310836 2883.110760 2846.232269 2800.189886 2809.567777 2813.328170 2783.822594 2828.313429 2807.485076 2789.474466 2817.574091 2784.846946 2797.527447 2782.291467 2789.044066 2822.814655 2868.698563 2908.350449 2951.782564 2996.304877 3036.936043 3076.147688 3098.060966 3138.239014 3179.458146 3220.274882 3289.157457 3365.327658 3399.780699 3433.443118 3463.358536 3484.777070 3442.570915 3415.391636 3392.412399 3369.868303 3324.692118 3279.927126 3239.448531 3176.487641 3117.061142 -9999.0 -9999.0 -9999.0 -9999.0 -9999.0 -9999.0 -9999.0
-9999.0 1772.044050 1970.898984 2170.740870 2428.291110 2662.139651 2852.754723 2943.245275 3010.214563 3070.441638 3118.072682 3153.296835 3178.891231 3199.752878 3176.978574 3132.842300 3101.576276 3106.277477 3098.681120 3077.317041 3049.740904 3036.839541 3034.774862 3029.962414 3008.656563 2998.152949 2991.345300 2976.660847 2950.740776 2899.106493 2827.805772 2809.454859 2752.464340 2727.233883 2700.349888 2670.449028 2642.014813 2654.125935 2665.486862 2666.329090 2659.070133 2658.222824 2686.721213 2704.761633 2714.412880 2703.910250 2723.049695 2747.688780 2786.527168 2787.279253 2831.356380 2880.727866 2928.521262 2949.188886 2952.663037 2965.953756 2991.098797 3034.333575 3110.141715 3194.851536 3269.566925 3313.762262 3363.546824 3402.403738 3429.242508 3456.392934 3476.989451 3468.677683 3443.884336 3411.256889 3354.133243 -9999.0 -9999.0 -9999.0 -9999.0 -9999.0 -9999.0 -9999.0 -9999.0 -9999.0
-9999.0 -9999.0 1743.002531 1900.626246 2006.304254 2171.605246 2315.111998 2423.716780 2524.729587 2665.387167 2789.068562 2829.585892 2874.002163 2889.362556 2875.140472 2845.620680 2827.477087 2827.244402 2816.151298 2809.083482 2793.840753 2788.500942 2834.043242 2826.812969 2821.483081 2819.383266 2815.584477 2806.329756 2786.179229 2740.881009 2698.737526 2651.703980 2601.144446 2577.086560 2556.701428 2537.714852 2540.063783 2535.207445 2540.614815 2543.390725 2552.401836 2566.101112 2585.498764 2608.335947 2618.196468 2628.406608 2640.179420 2662.853637 2694.162039 2734.577775 2787.320802 2812.391205 2847.650384 2854.522545 2837.315954 2833.345306 2842.724322 2872.803535 2937.598728 3003.604979 3091.070674 3155.048305 3221.063666 3275.813189 3301.705868 3338.057892 3406.416380 3454.304713 3494.457607 3472.185266 -9999.0 -9999.0 -9999.0 -9999.0 -9999.0 -9999.0 -9999.0 -9999.0 -9999.0 -9999.0
-9999.0 -9999.0 -9999.0 -9999.0 1759.075683 1907.127735 2003.642283 2083.634445 2216.800210 2346.449616 2454.048946 2542.615613 2612.044181 2640.820192 2640.883948 2653.781527 2650.419984 2640.716896 2629.355489 2632.457765 2635.991564 2630.017103 2615.086932 2609.285858 2612.967005 2620.383197 2618.378847 2605.077416 2586.482481 2569.316986 2553.757568 2521.782163 2488.613660 2460.448837 2447.992226 2444.195024 2444.291277 2436.784738 2445.366608 2454.064274 2469.886404 2484.993900 2508.407076 2537.549964 2552.048884 2566.933699 2576.061139 2595.326352 2625.176347 2677.697937 2740.527410 2797.630835 2808.049297 2808.326451 2813.703482 2796.757129 2790.684643 2815.350616 2795.673479 2847.804396 2937.004319 2995.495568 3041.714596 3081.221430 3117.342912 3180.640051 3272.393103 3352.170030 -9999.0 -9999.0 -9999.0 -9999.0 -9999.0 -9999.0 -9999.0 -9999.0 -9999.0 -9999.0 -9999.0 -9999.0
-9999.0 -9999.0 -9999.0 -9999.0 -9999.0 -9999.0 1729.720351 1834.291254 1904.950297 2055.080093 2198.141376 2306.133094 2390.434018 2426.153329 2458.570693 2487.562701 2486.604724 2465.983992 2444.349025 2465.299830 2483.447118 2477.773917 2447.104291 2448.900090 2456.037382 2464.471860 2462.311162 2456.394509 2431.702225 2447.045962 2450.547471 2428.001182 2402.859226 2390.133575 2378.771705 2388.778780 2389.084655 2375.026786 2374.480556 2402.271584 2423.203474 2436.097050 2457.212702 2490.317375 2522.795475 2538.466471 2539.615401 2544.778480 2582.288671 2651.519300 2723.268073 2779.009295 2790.260874 2794.849394 2793.061111 2752.280439 2731.311306 2736.695324 2768.249908 2816.025765 2819.702088 2856.521515 2869.440480 2872.620540 2886.167328 2979.325311 -9999.0 -9999.0 -9999.0 -9999.0 -9999.0 -9999.0 -9999.0 -9999.0 -9999.0 -9999.0 -9999.0 -9999.0 -9999.0 -9999.0
-9999.0 -9999.0 -9999.0 -9999.0 -9999.0 -9999.0 -9999.0 -9999.0 -9999.0 -9999.0 -9999.0 -9999.0 -9999.0 -9999.0 -9999.0 -9999.0 -9999.0 -9999.0 -9999.0 -9999.0 -9999.0 -9999.0 -9999.0 -9999.0 -9999.0 -9999.0 -9999.0 -9999.0 -9999.0 -9999.0 -9999.0 -9999.0 -9999.0 -9999.0 -9999.0 -9999.0 -9999.0 -9999.0 -9999.0 -9999.0 -9999.0 -9999.0 -9999.0 -9999.0 -9999.0 -9999.0 -9999.0 -9999.0 -9999.0 -9999.0 -9999.0 -9999.0 -9999.0 -9999.0 -9999.0 -9999.0 -9999.0 -9999.0 -9999.0 -9999.0 -9999.0 -9999.0 -9999.0 -9999.0 -9999.0 -9999.0 -9999.0 -9999.0 -9999.0 -9999.0 -9999.0 -9999.0 -9999.0 -9999.0 -9999.0 -9999.0 -9999.0 -9999.0 -9999.0 -9999.0
-9999.0 -9999.0 -9999.0 -9999.0 -9999.0 -9999.0 -9999.0 -9999.0 -9999.0 -9999.0 -9999.0 -9999.0 -9999.0 -9999.0 -9999.0 -9999.0 -9999.0 -9999.0 -9999.0 -9999.0 -9999.0 -9999.0 -9999.0 -9999.0 -9999.0 -9999.0 -9999.0 -9999.0 -9999.0 -9999.0 -9999.0 -9999.0 -9999.0 -9999.0 -9999.0 -9999.0 -9999.0 -9999.0 -9999.0 -9999.0 -9999.0 -9999.0 -9999.0 -9999.0 -9999.0 -9999.0 -9999.0 -9999.0 -9999.0 -9999.0 -9999.0 -9999.0 -9999.0 -9999.0 -9999.0 -9999.0 -9999.0 -9999.0 -9999.0 -9999.0 -9999.0 -9999.0 -9999.0 -9999.0 -9999.0 -9999.0 -9999.0 -9999.0 -9999.0 -9999.0 -9999.0 -9999.0 -9999.0 -9999.0 -9999.0 -9999.0 -9999.0 -9999.0 -9999.0 -9999.0