Borden_/Borden1m_014/output_maps/psiliqL0017N0027.asc
ncols         80
nrows         18
xllcorner     620200.000000
yllcorner     5168000.000000
cellsize      1.000000
NODATA_value  -9999.0
-9999.0 -9999.0 -9999.0 -9999.0 -9999.0 -9999.0 -9999.0 -9999.0 -9999.0 -9999.0 -9999.0 -9999.0 -9999.0 -9999.0 -9999.0 -9999.0 -9999.0 -9999.0 -9999.0 -9999.0 -9999.0 -9999.0 -9999.0 -9999.0 -9999.0 -9999.0 -9999.0 -9999.0 -9999.0 -9999.0 -9999.0 -9999.0 -9999.0 -9999.0 -9999.0 -9999.0 -9999.0 -9999.0 -9999.0 -9999.0 -9999.0 -9999.0 -9999.0 -9999.0 -9999.0 -9999.0 -9999.0 -9999.0 -9999.0 -9999.0 -9999.0 -9999.0 -9999.0 -9999.0 -9999.0 -9999.0 -9999.0 -9999.0 -9999.0 -9999.0 -9999.0 -9999.0 -9999.0 -9999.0 -9999.0 -9999.0 -9999.0 -9999.0 -9999.0 -9999.0 -9999.0 -9999.0 -9999.0 -9999.0 -9999.0 -9999.0 -9999.0 -9999.0 -9999.0 -9999.0
-9999.0 -9999.0 -9999.0 -9999.0 -9999.0 -9999.0 -9999.0 -9999.0 -9999.0 -9999.0 -9999.0 -9999.0 -9999.0 -9999.0 -9999.0 -9999.0 -9999.0 -9999.0 -9999.0 -9999.0 -9999.0 -9999.0 -9999.0 -9999.0 -9999.0 -9999.0 -9999.0 -9999.0 -9999.0 -9999.0 -9999.0 -9999.0 -9999.0 -9999.0 -9999.0 -9999.0 -9999.0 -9999.0 -9999.0 -9999.0 -9999.0 -9999.0 -9999.0 -9999.0 -9999.0 -9999.0 -9999.0 -9999.0 -9999.0 -9999.0 -9999.0 -9999.0 -9999.0 -9999.0 -9999.0 -9999.0 -9999.0 -9999.0 -9999.0 -9999.0 -9999.0 -9999.0 -9999.0 -9999.0 -9999.0 -9999.0 -9999.0 -9999.0 -9999.0 -9999.0 -9999.0 -9999.0 -9999.0 -9999.0 -9999.0 -9999.0 -9999.0 -9999.0 -9999.0 -9999.0
-9999.0 -9999.0 -9999.0 -9999.0 -9999.0 -9999.0 -9999.0 -9999.0 -9999.0 -9999.0 -9999.0 -9999.0 -9999.0 -9999.0 -9999.0 -9999.0 -9999.0 -9999.0 -9999.0 -9999.0 1551.524219 1554.291038 1533.369006 1500.931173 1474.446212 1478.224695 1514.140368 1557.084362 1597.622195 1608.887620 1592.575860 1597.069874 1593.949632 1593.001432 1595.823360 1603.721161 1609.355190 1620.877065 1629.816520 1630.054829 1624.870716 1620.866550 1622.461879 1625.349968 1630.605575 1617.937170 1631.066205 1644.884531 1648.141203 1641.588037 1613.300273 1596.492925 1585.432742 1567.539957 1590.251423 1599.866516 1620.638613 1622.953251 1619.521716 1591.326313 1560.469291 -9999.0 -9999.0 -9999.0 -9999.0 -9999.0 -9999.0 -9999.0 -9999.0 -9999.0 -9999.0 -9999.0 -9999.0 -9999.0 -9999.0 -9999.0 -9999.0 -9999.0 -9999.0 -9999.0
-9999.0 -9999.0 -9999.0 -9999.0 -9999.0 -9999.0 -9999.0 -9999.0 -9999.0 -9999.0 -9999.0 -9999.0 -9999.0 -9999.0 1457.486763 1449.063244 1447.649641 1457.267189 1491.950198 1523.216616 1535.492604 1529.135557 1530.575009 1508.341064 1488.931384 1504.423500 1536.054964 1569.460038 1605.881840 1627.533296 1618.372969 1617.905680 1628.403731 1653.362366 1665.815882 1663.665908 1645.225195 1669.627606 1685.683293 1694.389300 1694.923143 1687.438164 1700.008675 1715.419470 1708.099858 1690.509529 1695.793752 1706.802743 1716.701689 1702.348674 1638.064353 1618.353013 1611.758086 1603.153591 1586.930067 1578.996675 1602.975017 1600.815081 1590.895564 1571.490971 1537.421549 1492.318301 1472.441874 1510.052870 1552.287732 1608.019794 -9999.0 -9999.0 -9999.0 -9999.0 -9999.0 -9999.0 -9999.0 -9999.0 -9999.0 -9999.0 -9999.0 -9999.0 -9999.0 -9999.0
-9999.0 -9999.0 -9999.0 -9999.0 -9999.0 -9999.0 -9999.0 -9999.0 -9999.0 1395.914539 1401.688474 1410.231427 1414.133560 1431.123820 1429.566808 1438.103922 1446.105356 1474.916716 1507.257859 1543.461992 1573.121637 1565.834214 1567.793670 1578.300076 1581.513195 1594.547314 1618.167539 1660.282471 1700.389631 1742.361881 1715.058736 1714.277595 1734.603835 1781.093480 1812.084014 1818.291312 1800.476702 1811.726946 1837.352583 1859.277771 1859.881333 1858.189870 1883.986809 1898.358742 1897.141969 1875.642937 1864.427824 1864.607107 1888.682074 1835.756093 1768.107407 1718.866230 1723.226010 1692.943666 1655.653500 1635.323393 1631.017214 1649.102117 1632.523990 1593.870817 1556.409251 1543.434592 1524.263539 1540.328457 1560.801725 1605.144966 1642.464107 1669.366230 1667.186539 1648.592028 -9999.0 -9999.0 -9999.0 -9999.0 -9999.0 -9999.0 -9999.0 -9999.0 -9999.0 -9999.0
-9999.0 -9999.0 -9999.0 -9999.0 -9999.0 -9999.0 1315.144756 1325.861462 1347.518565 1352.859099 1379.937851 1388.482922 1410.558374 1431.299206 1454.860738 1472.540594 1503.555677 1537.955291 1579.768850 1623.672761 1656.958203 1652.675381 1664.557808 1694.654154 1732.781147 1761.416647 1788.196300 1830.216822 1907.993966 1951.353161 1957.621854 1963.590101 1974.457529 2024.192830 2088.353679 2102.426210 2082.110193 2068.160884 2089.784967 2127.408808 2133.231817 2135.655263 2148.111526 2158.283947 2183.690000 2172.537770 2131.650911 2117.513650 2115.699344 2096.339113 2032.310333 1968.890705 1936.128604 1884.595770 1799.910548 1746.024779 1754.179047 1771.847996 1741.541971 1685.860753 1644.044922 1631.879464 1615.040297 1600.549907 1605.574850 1622.898947 1642.898381 1652.111149 1637.056169 1614.095671 1589.989306 1559.974793 1560.847328 1585.204448 -9999.0 -9999.0 -9999.0 -9999.0 -9999.0 -9999.0
-9999.0 -9999.0 -9999.0 -9999.0 1263.740539 1277.590215 1266.008713 1292.817138 1327.007162 1362.845944 1395.697106 1433.586895 1462.383998 1494.453033 1535.807765 1570.034992 1612.428057 1649.459377 1705.220226 1774.417646 1826.634228 1850.974043 1867.773328 1926.867325 1988.944227 2041.899276 2064.260915 2093.544749 2140.121570 2201.686340 2229.766948 2237.212619 2255.631770 2293.036052 2342.394221 2376.593757 2359.722600 2351.535787 2358.635015 2371.585720 2396.125030 2398.470962 2401.048793 2404.078461 2408.835157 2406.661736 2380.442984 2345.546508 2329.702264 2318.931220 2286.678666 2216.071666 2176.414187 2144.364419 2106.718858 2052.796491 1990.843047 1976.557069 1917.589310 1857.891749 1795.396505 1773.594056 1742.066634 1715.258956 1685.258428 1685.463049 1686.797861 1663.927789 1629.039209 1594.748773 1578.050573 1557.846889 1545.418665 1574.540379 1591.185732 1620.638786 -9999.0 -9999.0 -9999.0 -9999.0
-9999.0 -9999.0 1202.695705 1251.370999 1309.552100 1319.287220 1319.999817 1327.303358 1357.630913 1411.618589 1486.716176 1536.630795 1578.884294 1615.280595 1676.454560 1754.720342 1826.980291 1877.272141 1939.794645 2011.950806 2075.567606 2109.946360 2128.212564 2169.158028 2224.711651 2288.989167 2317.100282 2344.812995 2378.285027 2414.202683 2422.821169 2436.957146 2446.577727 2451.698254 2459.327666 2462.005518 2456.672684 2450.395099 2431.188082 2426.904234 2434.117895 2440.566447 2441.890890 2428.530673 2424.570860 2438.057081 2441.877474 2440.022566 2438.339580 2444.788060 2446.392553 2405.094725 2370.946351 2354.082808 2341.387236 2295.407122 2229.419772 2188.081694 2163.505151 2118.317196 2039.671158 1988.806015 1937.878261 1889.078563 1835.961080 1804.668003 1756.666883 1712.097297 1663.334646 1615.076862 1589.882632 1570.676885 1566.981985 1565.508940 1580.696431 1595.018805 1609.604861 1616.983163 -9999.0 -9999.0
-9999.0 1097.634097 1170.175645 1296.301086 1377.305942 1422.176985 1451.330960 1472.759191 1503.568937 1533.964345 1637.339079 1720.395861 1812.282587 1853.031100 1904.978188 2003.443344 2099.882344 2148.311542 2189.105469 2248.572794 2311.286502 2361.139454 2391.337087 2397.600811 2433.707732 2450.975417 2455.523704 2460.092420 2457.790739 2450.469199 2442.507908 2448.762932 2444.756723 2425.255472 2408.608816 2404.861038 2398.317271 2372.337403 2341.818502 2325.571688 2327.165962 2350.700030 2338.147170 2317.545186 2313.958862 2335.659604 2356.369807 2347.948642 2336.441513 2355.536103 2391.173811 2414.656349 2423.583070 2440.680855 2461.269465 2434.811899 2407.343225 2364.167480 2342.916136 2312.620913 2253.074328 2191.474994 2135.683269 2074.100878 2007.038119 1939.265132 1874.801017 1811.412432 1743.759920 1701.007303 1668.730670 1618.201159 1597.087002 1597.947232 1588.223373 1584.202306 1589.104209 1594.897108 -9999.0 -9999.0
-9999.0 1013.809021 1155.862409 1339.764386 1488.517984 1545.614917 1641.297540 1718.017558 1746.182882 1715.756423 1824.469793 2044.397676 2153.601925 2174.670341 2249.909888 2342.205971 2356.482753 2390.660025 2414.765321 2429.429786 2441.449850 2453.675601 2453.457715 2449.003520 2434.708753 2426.917269 2425.146684 2421.561544 2402.970300 2382.608581 2363.897673 2358.429259 2337.877329 2291.276130 2256.944371 2238.264979 2219.945885 2199.397993 2166.076183 2137.860205 2121.306278 2135.430260 2129.859266 2113.735222 2110.246770 2132.484269 2165.128035 2162.934598 2173.566105 2196.528337 2236.962209 2277.798046 2301.557022 2333.121174 2371.466787 2417.570496 2432.530588 2454.576168 2458.365496 2440.491938 2394.762777 2340.412433 2304.369000 2239.936116 2166.043246 2086.111793 2019.480389 1955.319670 1884.493720 1837.493042 1790.219176 1732.486813 1679.250842 1657.473791 1617.467349 1597.615899 -9999.0 -9999.0 -9999.0 -9999.0
-9999.0 929.902944 1116.376713 1371.162476 1652.072690 1756.700197 1962.112591 2089.964711 2146.146939 2216.379314 2176.792224 2338.411005 2383.367784 2382.193425 2387.116408 2393.564805 2410.929630 2415.368354 2412.994429 2404.001087 2395.793917 2392.383383 2391.412067 2383.772581 2370.947568 2355.013289 2339.910755 2325.338903 2285.828158 2251.006333 2212.646650 2196.336566 2154.585039 2061.347951 2017.974594 1980.202506 1921.464069 1915.311546 1910.299571 1881.301054 1860.915183 1838.240564 1861.519031 1867.627043 1870.868982 1873.278934 1889.755343 1916.099029 1962.871875 2000.681435 2045.777578 2099.181515 2135.573155 2180.224396 2226.804493 2283.631742 2318.094785 2350.589007 2400.082734 2439.643389 2463.025906 2450.446109 2422.757446 2373.327997 2299.232271 2230.392751 2177.993232 2102.156918 2036.520846 1983.247235 1936.906536 1885.765720 1820.942435 1744.838376 1703.195689 -9999.0 -9999.0 -9999.0 -9999.0 -9999.0
-9999.0 741.154768 1008.090470 1291.696176 1598.171844 1930.073341 2073.208871 2196.597541 2268.971486 2241.019936 2252.796658 2272.759261 2316.764536 2327.756157 2310.054637 2302.204970 2291.149969 2292.105810 2305.844684 2280.079508 2250.884627 2237.555210 2236.984924 2224.772731 2200.512163 2182.747243 2169.705254 2147.648702 2098.333319 2045.777638 1962.324501 1929.582506 1851.642883 1797.858827 1754.099074 1704.181669 1653.624066 1652.482621 1669.946941 1655.326096 1632.762735 1614.247952 1641.309788 1660.022901 1672.904517 1661.304568 1670.849366 1707.491570 1757.682099 1802.585842 1853.085830 1908.609394 1956.046194 2004.254193 2036.477764 2087.020302 2136.503385 2184.685749 2259.523876 2339.825276 2378.714680 2413.933891 2444.822548 2458.404094 2403.229005 2350.553070 2294.014828 2228.623906 2147.456078 2100.012917 2074.301028 2031.970567 1976.461229 -9999.0 -9999.0 -9999.0 -9999.0 -9999.0 -9999.0 -9999.0
-9999.0 617.753396 831.351628 1053.292179 1331.141431 1568.323688 1769.937026 1876.632452 1955.915553 1999.963000 2039.871043 2076.341442 2108.290137 2132.919068 2113.481473 2074.406199 2046.339553 2051.342327 2046.724999 2023.706674 1994.598975 1979.802026 1976.751679 1969.393742 1944.610883 1929.652410 1918.043077 1894.269549 1860.610033 1804.237269 1725.294566 1651.691806 1591.107648 1560.590165 1531.417231 1499.123634 1464.478723 1474.375905 1486.204125 1482.793980 1472.614070 1470.011527 1499.062270 1518.324019 1528.643124 1517.691388 1537.372052 1564.259490 1606.072171 1649.794095 1699.540245 1755.347191 1809.850440 1839.544039 1853.639853 1879.233006 1919.412625 1974.182623 2060.839900 2156.248125 2235.404775 2284.687621 2335.538842 2368.904358 2380.585704 2386.637667 2357.562350 2275.139958 2170.507987 2156.117499 2153.641156 -9999.0 -9999.0 -9999.0 -9999.0 -9999.0 -9999.0 -9999.0 -9999.0 -9999.0
-9999.0 -9999.0 599.594150 772.456808 903.280117 1080.375507 1229.977940 1340.502139 1432.273637 1550.919897 1659.160766 1745.018709 1790.340613 1808.640549 1795.606660 1764.230023 1744.263797 1744.593438 1734.439587 1724.399573 1705.108435 1697.225398 1685.489785 1676.746658 1666.795293 1661.022316 1655.015841 1642.930937 1620.528786 1573.620614 1526.024050 1475.093561 1422.204759 1396.617517 1374.694559 1353.342189 1352.291640 1347.846962 1353.082535 1354.503799 1361.538265 1374.219487 1394.198310 1416.367684 1426.316971 1435.622447 1448.345749 1472.340039 1505.688407 1548.440719 1602.942264 1661.366979 1701.954266 1715.454582 1706.510573 1712.199875 1733.066225 1776.080078 1856.739515 1940.944428 2037.032837 2108.663499 2179.896352 2231.288055 2245.954089 2258.405967 2269.289611 2214.616478 2060.321979 2104.508380 -9999.0 -9999.0 -9999.0 -9999.0 -9999.0 -9999.0 -9999.0 -9999.0 -9999.0 -9999.0
-9999.0 -9999.0 -9999.0 -9999.0 631.910155 785.757797 883.167854 966.417749 1096.091637 1217.535351 1318.242690 1401.733350 1464.367656 1491.099049 1487.779172 1494.601112 1490.742342 1484.604520 1474.941180 1474.459715 1473.763339 1466.250682 1451.557466 1443.905320 1444.550826 1449.102977 1445.943677 1431.667574 1413.232605 1390.945442 1370.865140 1336.512383 1300.611551 1271.269346 1257.921672 1252.209600 1251.784752 1244.603385 1253.110269 1260.436493 1275.604022 1290.757008 1314.468455 1343.538960 1357.471046 1372.399320 1382.289307 1402.949965 1433.618332 1487.324091 1551.154684 1609.522055 1646.085414 1651.186448 1627.361429 1612.651357 1609.716303 1638.360668 1683.770279 1751.341054 1853.380800 1926.992054 1984.131205 2028.160875 2059.216805 2102.699079 2149.089420 2178.816267 -9999.0 -9999.0 -9999.0 -9999.0 -9999.0 -9999.0 -9999.0 -9999.0 -9999.0 -9999.0 -9999.0 -9999.0
-9999.0 -9999.0 -9999.0 -9999.0 -9999.0 -9999.0 593.004531 694.898283 774.229383 913.465250 1044.522117 1145.869122 1226.173846 1258.216937 1285.181078 1312.341205 1310.906195 1292.654435 1273.584482 1292.493842 1306.543723 1300.520077 1270.255340 1269.714862 1274.323192 1282.142897 1279.492463 1272.668966 1247.204416 1258.614297 1259.181899 1235.673242 1209.438336 1195.435095 1183.419398 1192.884743 1192.964206 1179.196542 1179.574088 1206.333582 1226.565015 1239.644375 1261.387579 1294.609298 1327.027605 1342.380051 1343.889703 1350.130816 1390.198157 1460.635968 1532.652411 1588.532770 1621.550506 1630.220880 1603.747829 1564.413178 1544.789187 1552.653287 1588.141353 1641.337845 1717.615264 1767.201149 1793.064861 1806.130762 1823.825533 1913.925790 -9999.0 -9999.0 -9999.0 -9999.0 -9999.0 -9999.0 -9999.0 -9999.0 -9999.0 -9999.0 -9999.0 -9999.0 -9999.0 -9999.0
-9999.0 -9999.0 -9999.0 -9999.0 -9999.0 -9999.0 -9999.0 -9999.0 -9999.0 -9999.0 -9999.0 -9999.0 -9999.0 -9999.0 -9999.0 -9999.0 -9999.0 -9999.0 -9999.0 -9999.0 -9999.0 -9999.0 -9999.0 -9999.0 -9999.0 -9999.0 -9999.0 -9999.0 -9999.0 -9999.0 -9999.0 -9999.0 -9999.0 -9999.0 -9999.0 -9999.0 -9999.0 -9999.0 -9999.0 -9999.0 -9999.0 -9999.0 -9999.0 -9999.0 -9999.0 -9999.0 -9999.0 -9999.0 -9999.0 -9999.0 -9999.0 -9999.0 -9999.0 -9999.0 -9999.0 -9999.0 -9999.0 -9999.0 -9999.0 -9999.0 -9999.0 -9999.0 -9999.0 -9999.0 -9999.0 -9999.0 -9999.0 -9999.0 -9999.0 -9999.0 -9999.0 -9999.0 -9999.0 -9999.0 -9999.0 -9999.0 -9999.0 -9999.0 -9999.0 -9999.0
-9999.0 -9999.0 -9999.0 -9999.0 -9999.0 -9999.0 -9999.0 -9999.0 -9999.0 -9999.0 -9999.0 -9999.0 -9999.0 -9999.0 -9999.0 -9999.0 -9999.0 -9999.0 -9999.0 -9999.0 -9999.0 -9999.0 -9999.0 -9999.0 -9999.0 -9999.0 -9999.0 -9999.0 -9999.0 -9999.0 -9999.0 -9999.0 -9999.0 -9999.0 -9999.0 -9999.0 -9999.0 -9999.0 -9999.0 -9999.0 -9999.0 -9999.0 -9999.0 -9999.0 -9999.0 -9999.0 -9999.0 -9999.0 -9999.0 -9999.0 -9999.0 -9999.0 -9999.0 -9999.0 -9999.0 -9999.0 -9999.0 -9999.0 -9999.0 -9999.0 -9999.0 -9999.0 -9999.0 -9999.0 -9999.0 -9999.0 -9999.0 -9999.0 -9999.0 -9999.0 -9999.0 -9999.0 -9999.0 -9999.0 -9999.0 -9999.0 -9999.0 -9999.0 -9999.0 -9999.0