Borden_/Borden1m_014/output_maps/psiliqL0028N0021.asc
ncols         80
nrows         18
xllcorner     620200.000000
yllcorner     5168000.000000
cellsize      1.000000
NODATA_value  -9999.0
-9999.0 -9999.0 -9999.0 -9999.0 -9999.0 -9999.0 -9999.0 -9999.0 -9999.0 -9999.0 -9999.0 -9999.0 -9999.0 -9999.0 -9999.0 -9999.0 -9999.0 -9999.0 -9999.0 -9999.0 -9999.0 -9999.0 -9999.0 -9999.0 -9999.0 -9999.0 -9999.0 -9999.0 -9999.0 -9999.0 -9999.0 -9999.0 -9999.0 -9999.0 -9999.0 -9999.0 -9999.0 -9999.0 -9999.0 -9999.0 -9999.0 -9999.0 -9999.0 -9999.0 -9999.0 -9999.0 -9999.0 -9999.0 -9999.0 -9999.0 -9999.0 -9999.0 -9999.0 -9999.0 -9999.0 -9999.0 -9999.0 -9999.0 -9999.0 -9999.0 -9999.0 -9999.0 -9999.0 -9999.0 -9999.0 -9999.0 -9999.0 -9999.0 -9999.0 -9999.0 -9999.0 -9999.0 -9999.0 -9999.0 -9999.0 -9999.0 -9999.0 -9999.0 -9999.0 -9999.0
-9999.0 -9999.0 -9999.0 -9999.0 -9999.0 -9999.0 -9999.0 -9999.0 -9999.0 -9999.0 -9999.0 -9999.0 -9999.0 -9999.0 -9999.0 -9999.0 -9999.0 -9999.0 -9999.0 -9999.0 -9999.0 -9999.0 -9999.0 -9999.0 -9999.0 -9999.0 -9999.0 -9999.0 -9999.0 -9999.0 -9999.0 -9999.0 -9999.0 -9999.0 -9999.0 -9999.0 -9999.0 -9999.0 -9999.0 -9999.0 -9999.0 -9999.0 -9999.0 -9999.0 -9999.0 -9999.0 -9999.0 -9999.0 -9999.0 -9999.0 -9999.0 -9999.0 -9999.0 -9999.0 -9999.0 -9999.0 -9999.0 -9999.0 -9999.0 -9999.0 -9999.0 -9999.0 -9999.0 -9999.0 -9999.0 -9999.0 -9999.0 -9999.0 -9999.0 -9999.0 -9999.0 -9999.0 -9999.0 -9999.0 -9999.0 -9999.0 -9999.0 -9999.0 -9999.0 -9999.0
-9999.0 -9999.0 -9999.0 -9999.0 -9999.0 -9999.0 -9999.0 -9999.0 -9999.0 -9999.0 -9999.0 -9999.0 -9999.0 -9999.0 -9999.0 -9999.0 -9999.0 -9999.0 -9999.0 -9999.0 3725.108146 3725.771673 3704.092091 3669.785373 3641.327721 3642.897234 3675.320351 3715.608413 3754.224493 3760.940433 3741.418706 3745.206216 3740.569618 3735.304972 3734.937434 3742.657360 3749.544850 3758.877739 3765.490365 3762.792458 3755.168091 3750.131030 3753.078229 3754.418806 3760.833856 3745.743473 3762.090695 3778.571778 3783.208926 3780.895407 3757.733307 3746.472591 3738.786250 3723.372462 3750.481043 3762.327279 3786.136995 3791.063281 3789.257391 3762.821182 3732.936701 -9999.0 -9999.0 -9999.0 -9999.0 -9999.0 -9999.0 -9999.0 -9999.0 -9999.0 -9999.0 -9999.0 -9999.0 -9999.0 -9999.0 -9999.0 -9999.0 -9999.0 -9999.0 -9999.0
-9999.0 -9999.0 -9999.0 -9999.0 -9999.0 -9999.0 -9999.0 -9999.0 -9999.0 -9999.0 -9999.0 -9999.0 -9999.0 -9999.0 3635.221315 3626.476253 3623.363889 3630.203192 3662.213089 3692.237811 3703.672250 3695.980267 3695.493306 3670.274173 3646.710456 3658.712115 3687.656750 3717.529026 3750.332835 3766.832646 3755.597668 3752.630237 3758.772759 3776.991425 3783.896771 3779.934629 3762.530564 3786.863423 3799.522383 3803.106421 3800.806422 3790.669524 3798.603250 3812.265618 3805.130080 3790.203372 3802.204795 3817.782475 3828.297676 3821.185602 3764.210632 3753.658951 3750.956478 3747.730974 3735.214162 3732.170415 3761.454517 3761.392348 3754.778031 3738.109691 3705.073859 3659.989394 3641.423604 3682.836047 3726.904759 3783.457493 -9999.0 -9999.0 -9999.0 -9999.0 -9999.0 -9999.0 -9999.0 -9999.0 -9999.0 -9999.0 -9999.0 -9999.0 -9999.0 -9999.0
-9999.0 -9999.0 -9999.0 -9999.0 -9999.0 -9999.0 -9999.0 -9999.0 -9999.0 3578.018164 3584.048458 3590.694305 3592.902921 3607.622495 3603.909425 3610.427843 3613.493082 3640.365765 3669.127853 3701.905006 3728.144323 3718.492678 3716.497277 3718.838454 3711.149933 3717.755596 3737.523253 3773.307503 3802.815741 3836.925411 3802.336310 3796.735760 3813.736047 3853.755152 3874.718758 3875.481583 3856.584682 3874.870716 3898.083797 3912.569229 3908.586097 3901.945581 3928.271076 3943.869920 3936.185696 3914.101431 3914.876624 3923.748043 3953.766455 3903.020744 3836.936882 3800.954278 3819.121459 3799.677306 3776.134272 3767.061910 3768.817993 3789.751073 3779.007882 3746.067053 3713.757056 3702.345395 3686.138727 3708.435249 3732.431785 3779.381205 3819.890611 3850.211453 3849.882971 3832.866999 -9999.0 -9999.0 -9999.0 -9999.0 -9999.0 -9999.0 -9999.0 -9999.0 -9999.0 -9999.0
-9999.0 -9999.0 -9999.0 -9999.0 -9999.0 -9999.0 3499.650463 3510.129072 3530.664123 3532.585019 3558.885255 3563.369714 3581.436889 3597.770626 3619.076156 3630.680330 3654.188226 3683.019079 3717.579116 3753.634269 3779.902995 3766.716458 3771.041416 3788.060137 3812.113714 3828.804718 3850.885015 3888.410935 3960.497696 3996.321157 3986.204594 3986.308293 3994.319183 4045.077168 4109.149650 4119.218141 4098.423792 4085.711595 4110.291894 4148.454527 4145.427553 4144.108622 4158.162951 4169.428921 4196.387351 4184.760314 4148.888619 4144.988001 4153.335792 4128.857976 4057.790319 4001.438815 3985.158805 3938.095699 3854.018734 3813.412323 3840.760367 3870.691411 3850.562543 3801.994399 3771.367995 3767.246719 3757.331402 3752.089394 3766.156556 3790.232079 3814.810287 3829.440453 3818.034004 3797.502207 3776.269705 3748.437889 3751.419776 3776.480540 -9999.0 -9999.0 -9999.0 -9999.0 -9999.0 -9999.0
-9999.0 -9999.0 -9999.0 -9999.0 3450.574468 3463.128429 3447.417672 3473.330332 3504.605122 3537.504401 3563.632322 3593.808818 3615.625994 3641.089471 3672.259367 3691.350832 3721.131947 3749.335949 3794.976467 3854.666947 3897.597588 3909.066404 3916.679046 3966.942777 4022.785088 4069.092231 4087.780383 4114.041831 4161.478836 4218.359782 4240.244627 4242.497085 4259.474373 4304.619034 4363.022244 4398.757305 4380.756799 4371.357805 4382.416020 4397.556762 4419.721835 4419.755556 4420.902499 4425.512869 4433.813291 4431.618861 4404.061937 4370.189374 4357.066616 4346.503568 4306.190154 4232.753238 4203.639497 4173.752323 4128.109598 4072.687525 4028.445746 4032.481247 3977.312966 3921.704750 3873.666695 3868.144957 3849.609643 3835.233570 3819.858642 3833.934923 3847.324893 3833.141659 3803.548181 3774.794382 3762.334113 3745.175238 3733.971395 3765.508617 3783.588188 3812.991641 -9999.0 -9999.0 -9999.0 -9999.0
-9999.0 -9999.0 3392.218108 3436.483113 3492.991645 3497.963229 3489.189771 3490.724627 3515.898763 3563.803553 3623.226378 3657.252774 3683.110312 3712.511599 3761.340908 3820.071012 3878.138270 3920.230095 3978.767414 4048.724378 4107.905265 4134.163211 4142.368525 4178.463724 4234.259020 4305.657615 4334.532471 4361.693879 4394.581234 4432.441061 4420.475312 4430.555725 4443.816466 4458.615030 4475.466853 4483.606759 4478.371799 4473.686879 4454.905997 4449.390431 4455.807445 4464.502585 4463.001747 4448.050507 4444.059158 4459.344669 4466.044657 4463.648195 4460.246432 4464.711170 4458.510932 4407.938887 4394.232391 4378.391154 4365.619661 4318.465514 4250.456144 4218.999877 4196.427981 4154.183922 4080.144148 4044.441188 4006.030086 3972.629669 3936.578768 3925.581471 3894.779698 3863.636851 3825.721436 3785.589888 3767.148233 3753.573383 3753.620864 3754.459924 3772.579711 3788.400153 3804.468485 3812.590333 -9999.0 -9999.0
-9999.0 3281.154372 3351.427941 3471.366396 3547.815773 3582.300379 3585.692971 3584.449077 3608.631099 3641.952819 3725.151484 3767.895748 3850.374518 3888.878774 3928.431402 4018.361586 4114.463880 4158.894991 4199.181588 4265.361826 4333.150861 4381.212280 4408.037789 4380.912011 4422.154083 4455.598243 4464.946334 4472.867960 4473.826465 4465.218138 4459.120844 4465.637428 4462.458183 4442.824829 4426.320395 4424.401539 4420.896081 4397.181895 4369.341228 4353.407131 4354.348277 4379.811868 4366.321281 4344.749957 4340.255024 4362.222243 4384.341603 4373.386207 4360.099656 4376.819263 4411.997419 4438.064826 4437.511394 4456.526331 4477.755254 4447.940629 4427.870444 4382.869020 4365.560182 4339.816200 4281.817549 4226.884131 4178.330030 4130.071064 4078.233150 4030.594188 3983.438520 3936.592771 3884.118989 3851.801698 3828.218396 3786.648762 3775.293070 3782.574158 3778.292887 3777.050243 3783.807915 3790.445867 -9999.0 -9999.0
-9999.0 3181.159739 3318.675578 3493.873881 3634.564806 3671.248531 3725.009319 3776.632503 3788.413969 3728.674866 3830.073898 4048.996576 4177.061136 4196.172752 4273.926270 4372.089951 4348.679731 4380.984541 4405.174729 4434.650952 4458.274981 4473.861528 4472.468759 4467.669426 4450.889775 4442.817380 4441.859338 4439.649280 4421.903169 4402.635002 4385.596480 4382.115600 4363.559077 4312.309688 4278.430408 4260.207256 4239.741508 4226.779472 4200.034231 4173.648812 4156.333463 4165.450751 4164.745810 4151.954138 4147.557352 4165.198136 4196.170119 4195.159001 4208.380300 4228.288640 4263.856369 4302.883170 4322.369545 4351.921193 4387.945759 4437.278694 4445.022107 4467.733365 4470.326825 4461.355095 4413.710676 4361.340490 4331.587807 4275.544877 4215.903414 4154.133681 4104.827132 4060.050682 4004.580650 3971.170654 3932.616727 3879.289132 3838.058166 3832.696485 3800.100277 3788.127489 -9999.0 -9999.0 -9999.0 -9999.0
-9999.0 3073.626629 3250.134230 3483.603375 3780.599413 3845.293980 4048.717436 4163.207986 4201.016266 4270.009752 4133.543847 4354.125449 4411.627831 4407.843491 4427.965302 4431.879359 4446.688970 4445.780693 4440.681189 4429.474797 4419.623468 4414.847807 4413.873786 4405.909115 4393.165023 4378.410209 4366.330333 4354.577093 4317.251130 4284.739814 4244.058379 4231.155153 4184.451045 4091.587045 4052.957142 4013.098207 3950.536990 3954.015363 3963.635635 3940.097585 3920.118432 3890.158347 3921.376403 3933.599072 3938.340415 3932.444876 3941.009685 3971.279754 4020.622671 4055.457900 4094.319414 4142.666978 4173.595090 4212.986520 4252.507240 4305.182472 4336.943153 4366.125574 4416.082168 4453.341863 4476.298874 4461.563941 4444.002476 4398.053612 4337.328192 4287.707373 4258.186078 4206.962914 4163.189020 4119.865202 4073.441618 4020.755586 3959.253171 3909.896535 3876.765307 -9999.0 -9999.0 -9999.0 -9999.0 -9999.0
-9999.0 2842.515366 3102.960190 3362.009816 3627.362118 3974.064991 4156.706950 4248.262018 4312.882645 4300.489776 4328.252598 4333.426791 4371.033909 4378.996443 4357.717007 4343.243942 4324.747803 4323.657926 4336.799289 4309.033945 4278.228118 4264.579825 4265.552262 4254.877039 4230.653290 4215.810943 4206.609199 4187.713502 4144.546374 4093.606529 4008.259890 3971.884368 3891.580580 3855.767675 3820.413584 3773.631198 3730.091663 3736.875350 3762.953921 3754.974281 3734.606536 3718.004473 3748.025355 3769.634144 3783.192440 3766.161085 3772.549569 3806.937081 3853.237930 3893.578674 3937.075351 3984.840009 4027.009675 4065.631090 4085.403537 4123.719531 4166.042554 4207.887934 4278.608461 4358.381226 4395.269951 4430.522199 4458.687778 4480.919455 4437.600817 4411.948776 4387.753496 4363.719904 4316.905461 4271.171776 4230.590551 4164.970117 4105.404136 -9999.0 -9999.0 -9999.0 -9999.0 -9999.0 -9999.0 -9999.0
-9999.0 2741.128089 2919.309043 3098.005201 3336.495587 3564.627282 3794.410321 3884.456649 3955.596726 4035.364220 4093.930147 4133.369035 4159.177167 4181.184928 4158.741046 4111.503701 4078.671498 4083.864850 4073.972256 4053.497188 4026.099777 4013.500874 4010.653752 4006.221621 3985.513175 3975.893301 3969.580953 3951.963291 3927.660710 3874.897127 3804.754939 3731.064537 3678.733385 3661.892284 3640.947517 3615.579423 3591.138091 3605.264481 3617.998155 3618.975550 3613.619777 3614.740565 3643.776865 3663.923146 3673.322265 3662.769971 3680.839881 3703.292666 3739.360071 3778.156140 3822.327060 3871.933208 3919.936129 3938.938080 3939.443086 3948.962753 3975.306603 4017.779813 4093.715096 4180.031246 4259.483030 4305.703553 4357.040666 4397.750574 4426.767407 4450.063916 4473.702758 4467.712202 4440.974798 4407.142569 4347.363356 -9999.0 -9999.0 -9999.0 -9999.0 -9999.0 -9999.0 -9999.0 -9999.0 -9999.0
-9999.0 -9999.0 2704.691145 2838.714900 2922.660286 3073.331392 3209.323606 3313.592814 3417.353239 3565.276905 3691.872786 3788.168832 3835.687476 3851.484234 3838.105869 3811.056171 3794.933660 3794.445900 3782.384212 3777.191770 3764.324151 3759.745532 3747.663636 3740.611217 3738.213275 3738.996465 3737.704985 3730.549946 3715.316863 3675.467087 3641.672450 3599.353370 3555.156655 3535.143386 3518.693366 3503.607720 3509.733199 3505.116152 3511.048163 3514.716782 3525.404674 3540.238711 3559.505249 3582.499760 3592.172001 3602.725132 3613.140645 3634.176305 3663.320182 3702.945553 3753.780266 3808.188586 3843.530697 3849.467392 3830.098171 3823.435467 3829.619274 3856.560707 3917.418470 3985.319411 4076.020899 4142.195846 4209.335686 4265.968924 4293.113560 4329.515465 4400.993724 4449.114144 4493.124715 4470.635475 -9999.0 -9999.0 -9999.0 -9999.0 -9999.0 -9999.0 -9999.0 -9999.0 -9999.0 -9999.0
-9999.0 -9999.0 -9999.0 -9999.0 2712.025919 2837.318029 2931.847778 3002.083487 3134.802634 3265.610396 3371.680572 3459.785993 3530.784171 3557.159540 3560.099159 3580.264949 3580.502614 3570.555935 3559.462282 3566.197138 3573.062297 3567.544234 3550.358373 3545.188057 3550.936398 3560.905062 3560.766755 3549.775963 3533.483131 3523.443569 3514.405717 3486.639412 3457.247653 3432.191757 3422.431873 3421.766160 3423.332819 3416.236988 3425.312545 3435.368658 3451.946564 3467.280750 3490.790516 3520.752594 3535.745289 3550.305204 3558.372580 3576.058681 3604.130908 3655.119386 3716.390914 3772.668126 3806.402957 3806.181326 3776.834169 3754.099367 3740.176719 3756.049962 3783.235554 3831.926309 3920.427830 3982.234734 4026.093428 4063.680470 4099.989226 4166.284900 4262.866995 4345.203906 -9999.0 -9999.0 -9999.0 -9999.0 -9999.0 -9999.0 -9999.0 -9999.0 -9999.0 -9999.0 -9999.0 -9999.0
-9999.0 -9999.0 -9999.0 -9999.0 -9999.0 -9999.0 2693.469310 2800.728072 2837.684420 2987.224572 3135.956922 3243.943589 3328.031880 3365.426415 3401.904745 3433.709809 3435.197078 3414.499056 3391.983879 3415.160355 3436.581744 3430.442716 3397.688539 3400.640465 3409.635872 3418.903728 3418.101846 3414.496763 3392.570159 3413.597820 3421.920332 3402.312038 3379.965851 3370.343166 3360.993042 3372.713166 3374.162324 3360.531196 3359.647424 3388.598250 3410.370921 3423.345601 3444.162081 3477.381465 3509.851298 3525.521354 3525.987169 3529.881228 3565.187184 3632.653139 3703.374272 3758.343627 3789.176960 3793.379399 3761.968218 3716.447327 3689.489134 3687.118490 3709.869222 3747.264591 3807.019702 3841.907579 3850.373414 3848.441676 3858.530005 3959.692689 -9999.0 -9999.0 -9999.0 -9999.0 -9999.0 -9999.0 -9999.0 -9999.0 -9999.0 -9999.0 -9999.0 -9999.0 -9999.0 -9999.0
-9999.0 -9999.0 -9999.0 -9999.0 -9999.0 -9999.0 -9999.0 -9999.0 -9999.0 -9999.0 -9999.0 -9999.0 -9999.0 -9999.0 -9999.0 -9999.0 -9999.0 -9999.0 -9999.0 -9999.0 -9999.0 -9999.0 -9999.0 -9999.0 -9999.0 -9999.0 -9999.0 -9999.0 -9999.0 -9999.0 -9999.0 -9999.0 -9999.0 -9999.0 -9999.0 -9999.0 -9999.0 -9999.0 -9999.0 -9999.0 -9999.0 -9999.0 -9999.0 -9999.0 -9999.0 -9999.0 -9999.0 -9999.0 -9999.0 -9999.0 -9999.0 -9999.0 -9999.0 -9999.0 -9999.0 -9999.0 -9999.0 -9999.0 -9999.0 -9999.0 -9999.0 -9999.0 -9999.0 -9999.0 -9999.0 -9999.0 -9999.0 -9999.0 -9999.0 -9999.0 -9999.0 -9999.0 -9999.0 -9999.0 -9999.0 -9999.0 -9999.0 -9999.0 -9999.0 -9999.0
-9999.0 -9999.0 -9999.0 -9999.0 -9999.0 -9999.0 -9999.0 -9999.0 -9999.0 -9999.0 -9999.0 -9999.0 -9999.0 -9999.0 -9999.0 -9999.0 -9999.0 -9999.0 -9999.0 -9999.0 -9999.0 -9999.0 -9999.0 -9999.0 -9999.0 -9999.0 -9999.0 -9999.0 -9999.0 -9999.0 -9999.0 -9999.0 -9999.0 -9999.0 -9999.0 -9999.0 -9999.0 -9999.0 -9999.0 -9999.0 -9999.0 -9999.0 -9999.0 -9999.0 -9999.0 -9999.0 -9999.0 -9999.0 -9999.0 -9999.0 -9999.0 -9999.0 -9999.0 -9999.0 -9999.0 -9999.0 -9999.0 -9999.0 -9999.0 -9999.0 -9999.0 -9999.0 -9999.0 -9999.0 -9999.0 -9999.0 -9999.0 -9999.0 -9999.0 -9999.0 -9999.0 -9999.0 -9999.0 -9999.0 -9999.0 -9999.0 -9999.0 -9999.0 -9999.0 -9999.0