Borden_/Borden1m_014/output_maps/psiliqL0005N0003.asc
ncols         80
nrows         18
xllcorner     620200.000000
yllcorner     5168000.000000
cellsize      1.000000
NODATA_value  -9999.0
-9999.0 -9999.0 -9999.0 -9999.0 -9999.0 -9999.0 -9999.0 -9999.0 -9999.0 -9999.0 -9999.0 -9999.0 -9999.0 -9999.0 -9999.0 -9999.0 -9999.0 -9999.0 -9999.0 -9999.0 -9999.0 -9999.0 -9999.0 -9999.0 -9999.0 -9999.0 -9999.0 -9999.0 -9999.0 -9999.0 -9999.0 -9999.0 -9999.0 -9999.0 -9999.0 -9999.0 -9999.0 -9999.0 -9999.0 -9999.0 -9999.0 -9999.0 -9999.0 -9999.0 -9999.0 -9999.0 -9999.0 -9999.0 -9999.0 -9999.0 -9999.0 -9999.0 -9999.0 -9999.0 -9999.0 -9999.0 -9999.0 -9999.0 -9999.0 -9999.0 -9999.0 -9999.0 -9999.0 -9999.0 -9999.0 -9999.0 -9999.0 -9999.0 -9999.0 -9999.0 -9999.0 -9999.0 -9999.0 -9999.0 -9999.0 -9999.0 -9999.0 -9999.0 -9999.0 -9999.0
-9999.0 -9999.0 -9999.0 -9999.0 -9999.0 -9999.0 -9999.0 -9999.0 -9999.0 -9999.0 -9999.0 -9999.0 -9999.0 -9999.0 -9999.0 -9999.0 -9999.0 -9999.0 -9999.0 -9999.0 -9999.0 -9999.0 -9999.0 -9999.0 -9999.0 -9999.0 -9999.0 -9999.0 -9999.0 -9999.0 -9999.0 -9999.0 -9999.0 -9999.0 -9999.0 -9999.0 -9999.0 -9999.0 -9999.0 -9999.0 -9999.0 -9999.0 -9999.0 -9999.0 -9999.0 -9999.0 -9999.0 -9999.0 -9999.0 -9999.0 -9999.0 -9999.0 -9999.0 -9999.0 -9999.0 -9999.0 -9999.0 -9999.0 -9999.0 -9999.0 -9999.0 -9999.0 -9999.0 -9999.0 -9999.0 -9999.0 -9999.0 -9999.0 -9999.0 -9999.0 -9999.0 -9999.0 -9999.0 -9999.0 -9999.0 -9999.0 -9999.0 -9999.0 -9999.0 -9999.0
-9999.0 -9999.0 -9999.0 -9999.0 -9999.0 -9999.0 -9999.0 -9999.0 -9999.0 -9999.0 -9999.0 -9999.0 -9999.0 -9999.0 -9999.0 -9999.0 -9999.0 -9999.0 -9999.0 -9999.0 -773.990193 -770.869308 -793.908771 -827.998449 -856.592373 -855.252277 -820.993712 -781.029420 -744.535033 -734.368448 -752.528975 -751.879524 -757.496034 -757.566888 -754.662226 -749.307137 -747.376884 -736.036082 -727.788637 -728.047020 -734.164129 -740.036913 -741.998831 -738.418386 -733.654811 -741.430041 -728.287579 -713.090427 -706.238919 -710.894863 -737.348516 -752.629844 -759.888898 -773.288376 -748.610356 -735.391450 -712.041050 -707.178066 -707.657139 -734.001248 -763.508040 -9999.0 -9999.0 -9999.0 -9999.0 -9999.0 -9999.0 -9999.0 -9999.0 -9999.0 -9999.0 -9999.0 -9999.0 -9999.0 -9999.0 -9999.0 -9999.0 -9999.0 -9999.0 -9999.0
-9999.0 -9999.0 -9999.0 -9999.0 -9999.0 -9999.0 -9999.0 -9999.0 -9999.0 -9999.0 -9999.0 -9999.0 -9999.0 -9999.0 -862.290593 -872.936157 -876.467582 -868.430794 -835.367463 -806.256931 -793.821404 -801.817785 -802.384310 -826.177717 -846.453756 -833.065474 -805.015576 -774.992274 -742.374066 -722.724110 -736.051013 -739.317875 -729.166069 -701.859635 -687.491188 -690.522538 -711.953777 -690.275663 -674.561111 -665.216859 -666.425296 -675.033551 -660.467674 -644.576059 -651.103022 -668.168876 -665.331663 -654.021943 -638.972905 -653.245543 -716.162286 -736.583672 -738.316679 -743.815618 -755.742057 -761.635249 -736.769000 -734.808727 -742.204099 -759.170775 -790.247960 -833.374989 -850.345711 -811.903863 -767.087002 -708.756090 -9999.0 -9999.0 -9999.0 -9999.0 -9999.0 -9999.0 -9999.0 -9999.0 -9999.0 -9999.0 -9999.0 -9999.0 -9999.0 -9999.0
-9999.0 -9999.0 -9999.0 -9999.0 -9999.0 -9999.0 -9999.0 -9999.0 -9999.0 -917.422577 -914.533027 -907.969288 -906.889162 -891.862875 -893.773101 -887.501952 -879.836458 -855.044070 -825.048836 -791.081769 -763.127819 -774.022649 -774.471427 -762.461196 -755.234112 -743.157206 -724.095659 -685.720395 -645.523851 -606.056796 -634.202365 -636.688626 -618.687604 -570.651415 -533.446281 -524.237975 -542.136551 -540.575290 -517.019035 -493.712483 -495.161443 -497.212442 -475.768284 -464.443435 -457.199756 -473.357767 -490.561642 -492.759560 -468.248190 -514.535365 -573.549217 -625.852778 -624.194929 -653.700492 -693.815335 -715.753559 -718.043779 -694.882851 -708.945374 -744.930092 -780.179592 -788.142730 -803.529291 -787.108151 -763.816693 -716.215575 -677.486623 -648.277182 -646.998456 -663.606718 -9999.0 -9999.0 -9999.0 -9999.0 -9999.0 -9999.0 -9999.0 -9999.0 -9999.0 -9999.0
-9999.0 -9999.0 -9999.0 -9999.0 -9999.0 -9999.0 -994.882889 -986.796695 -967.874910 -962.412323 -939.233769 -932.187454 -912.432418 -893.823632 -874.658359 -858.385870 -828.298290 -797.304402 -757.210392 -714.611312 -683.879332 -688.758338 -680.024053 -647.127389 -604.816366 -573.509769 -552.373967 -518.659727 -450.414808 -412.419546 -398.641157 -393.428664 -383.615418 -332.627881 -252.906007 -224.847759 -256.752159 -279.547983 -257.919755 -203.217573 -187.528133 -187.598491 -173.429118 -138.094733 100.372135 90.786487 -185.210814 -227.266846 -239.190237 -251.153214 -317.011434 -387.006416 -425.634066 -465.825925 -536.554133 -592.002591 -593.657127 -577.873321 -606.254756 -656.302444 -696.919197 -706.094785 -719.164694 -732.476041 -726.496589 -706.236884 -681.666528 -669.229006 -680.284593 -699.550949 -721.815124 -749.760145 -747.593865 -721.729451 -9999.0 -9999.0 -9999.0 -9999.0 -9999.0 -9999.0
-9999.0 -9999.0 -9999.0 -9999.0 -1043.915135 -1032.121125 -1043.723957 -1021.365875 -990.401997 -958.449968 -926.766670 -890.315654 -864.474448 -836.237580 -795.608053 -758.077652 -716.367420 -684.269728 -632.382995 -567.044516 -518.648042 -494.816390 -483.810124 -430.473748 -369.971230 -310.730944 -288.700959 -258.201599 -190.956359 107.462410 132.420584 134.357787 138.430144 145.922753 157.489437 166.826073 160.335760 158.360201 159.948969 162.879475 170.131262 169.518869 170.779511 174.097085 186.299228 186.527196 168.639131 157.121094 154.053577 152.765031 146.753461 120.019599 -42.519517 -180.907342 -221.040717 -287.513685 -371.865830 -395.531375 -443.442184 -489.613218 -549.942315 -572.828163 -601.775834 -624.871531 -653.340582 -651.181268 -646.743470 -664.399163 -692.591558 -722.883221 -736.616534 -754.197822 -763.234137 -732.910345 -714.696136 -683.093963 -9999.0 -9999.0 -9999.0 -9999.0
-9999.0 -9999.0 -1100.867535 -1050.776291 -996.037561 -988.070656 -985.657932 -981.667025 -956.267135 -907.524432 -829.826512 -778.524356 -735.084994 -707.790473 -651.448100 -571.221341 -504.018218 -463.952781 -414.194889 -348.057966 -279.611548 -234.497334 -206.079438 -61.566058 120.612670 145.197050 151.282934 157.976769 168.271266 189.104683 197.508037 207.327471 211.222027 206.327501 204.263294 201.868591 200.364406 198.007468 191.488406 190.357992 194.739129 196.157131 199.727084 190.223808 189.572146 193.928107 194.269969 195.245837 197.217103 206.100085 215.778090 194.176023 171.009799 161.774658 159.872777 147.475421 127.958361 72.046118 -145.115435 -226.737056 -323.342912 -382.262970 -428.603818 -471.165346 -516.775841 -544.428435 -585.943549 -622.208277 -663.527646 -705.697112 -727.124614 -744.141584 -745.087360 -743.222950 -726.491275 -710.135008 -694.227948 -686.155750 -9999.0 -9999.0
-9999.0 -1197.393500 -1124.959769 -997.465229 -920.048193 -876.194754 -834.631140 -805.414710 -784.125444 -774.205126 -670.703623 -569.009249 -489.768588 -467.951000 -422.067026 -327.476154 -220.120779 -108.839343 107.681799 135.360389 150.763956 162.331517 169.060193 184.054602 210.242271 207.427965 204.361660 203.344905 198.389978 197.424276 194.120663 196.549523 195.187671 190.603846 187.550637 188.169102 187.780516 180.333054 161.861742 153.567420 153.268240 161.107196 156.905155 150.161657 149.142596 156.103343 163.940533 160.473869 158.207368 174.703751 186.011718 189.821128 194.005992 197.847318 215.890656 197.332746 188.437720 174.731390 161.618277 152.456760 135.576512 83.239607 -223.532584 -304.129319 -370.946205 -430.575753 -479.680913 -527.290699 -583.534360 -617.101466 -644.502311 -693.913795 -715.728917 -712.604256 -720.886478 -722.480884 -715.098594 -708.343902 -9999.0 -9999.0
-9999.0 -1264.763881 -1121.231065 -935.661730 -791.630115 -732.574574 -617.305719 -540.410929 -518.920194 -540.406823 -449.811457 -204.482864 107.155430 122.920479 141.496989 161.695679 171.379462 186.386376 210.600857 205.300154 199.411537 201.096693 196.911615 194.169763 190.861396 188.762174 188.893729 189.320484 186.603590 183.940338 180.595542 178.903668 162.903229 147.049965 138.520213 135.403605 132.723362 116.388845 -120.088858 -204.669755 -224.898878 -178.704633 -205.067414 -241.842855 -249.126197 -206.991755 -115.546485 -152.705022 -147.629147 94.811855 131.464650 142.565154 147.544891 158.371288 178.855109 190.140103 194.852632 204.871992 209.968219 195.442034 185.661553 171.017988 151.541732 122.714793 -143.639866 -283.059962 -341.155697 -389.439514 -441.429765 -479.140940 -521.618089 -574.090553 -628.113401 -652.670329 -690.038286 -710.568002 -9999.0 -9999.0 -9999.0 -9999.0
-9999.0 -1324.264081 -1131.558483 -864.146629 -618.475209 -500.457686 -322.777075 51.565067 120.934228 142.031199 148.615274 181.811258 202.147063 194.262512 187.198823 184.831900 187.209988 187.865117 187.713721 186.762327 186.185634 186.281622 186.384873 185.003504 181.501744 169.252380 160.829380 156.856969 146.594179 139.380703 130.524125 115.804490 -130.704019 -299.928520 -347.457532 -376.705587 -423.140435 -429.175630 -440.935741 -467.141489 -482.410344 -493.559113 -478.674647 -481.270278 -482.236155 -474.641870 -455.854859 -443.343336 -410.473673 -380.782247 -337.342979 -283.032188 -243.266225 -145.391553 116.794901 143.449253 151.889606 164.182922 184.464460 195.381115 210.545320 204.089806 191.811219 182.356092 155.650171 136.738504 115.903281 -158.552421 -258.107784 -319.707767 -372.386051 -425.546991 -484.522532 -564.612321 -602.731178 -9999.0 -9999.0 -9999.0 -9999.0 -9999.0
-9999.0 -1467.143199 -1199.344299 -900.495503 -570.767924 -275.394249 -124.610942 132.574435 165.205964 144.849018 140.295415 145.055796 158.206223 161.099692 153.339038 150.416420 146.678780 146.406247 152.001975 145.401695 138.766006 136.463462 137.410123 133.830785 119.140689 -41.687310 -140.585643 -188.690764 -265.623951 -321.191398 -399.077006 -414.958983 -475.968387 -535.384875 -576.404802 -619.161917 -667.028192 -668.378045 -653.654280 -669.802255 -690.727760 -708.831308 -684.976904 -671.294513 -661.583513 -670.791144 -663.156062 -631.704199 -587.936258 -551.305993 -508.999258 -463.669750 -427.990495 -385.308760 -351.109544 -292.204876 -231.296031 -93.711718 127.264211 160.654243 180.198023 189.020343 200.108611 217.014551 194.658006 183.777981 175.121670 154.726542 134.401835 113.825184 -85.662443 -270.072781 -341.007718 -9999.0 -9999.0 -9999.0 -9999.0 -9999.0 -9999.0 -9999.0
-9999.0 -1604.608605 -1366.215818 -1109.644548 -807.158772 -586.592039 -448.315231 -352.282957 -279.424024 -288.284735 -274.957263 -242.630585 -191.108272 -140.720982 -205.857919 -265.877214 -300.983896 -297.426992 -297.060317 -327.077744 -360.107207 -376.137185 -376.186369 -383.445532 -408.966783 -423.532676 -432.393856 -451.263503 -482.460967 -529.145621 -603.689784 -663.617605 -720.708597 -755.070460 -783.976603 -815.991216 -854.936720 -844.196159 -829.024502 -834.019072 -847.019318 -852.247243 -823.140417 -805.642711 -796.041510 -810.009790 -792.648370 -766.818458 -726.909107 -688.473007 -645.221497 -597.035492 -550.977911 -525.752290 -513.335199 -488.289701 -453.570338 -406.331261 -319.127223 -174.192585 118.764327 143.400932 162.303262 181.743457 187.479564 199.690269 204.104444 180.905513 160.107391 162.980138 151.038491 -9999.0 -9999.0 -9999.0 -9999.0 -9999.0 -9999.0 -9999.0 -9999.0 -9999.0
-9999.0 -9999.0 -1604.641686 -1407.474149 -1237.065375 -1051.015737 -907.386331 -811.207707 -750.318201 -676.502124 -599.404608 -536.293448 -503.044667 -489.786317 -507.461352 -546.116666 -571.294565 -570.529231 -578.159686 -591.738004 -615.195604 -623.410263 -630.896028 -637.307454 -650.319988 -657.325334 -661.756461 -671.339390 -692.190454 -736.492792 -788.675581 -839.392358 -892.869977 -917.035589 -938.569604 -961.385988 -965.788031 -966.616364 -959.384253 -958.423932 -953.938277 -942.870850 -922.203116 -901.606310 -892.673516 -886.709591 -874.566474 -851.659416 -819.512896 -780.543777 -730.929449 -678.798267 -644.290754 -635.066472 -645.982201 -641.755744 -622.361207 -583.185869 -506.311540 -431.945623 -349.025051 -275.281494 -114.278779 123.102135 139.406643 150.723160 176.463283 170.726860 109.424532 152.325302 -9999.0 -9999.0 -9999.0 -9999.0 -9999.0 -9999.0 -9999.0 -9999.0 -9999.0 -9999.0
-9999.0 -9999.0 -9999.0 -9999.0 -1550.178942 -1391.472572 -1299.368473 -1218.407751 -1103.855170 -1003.877498 -918.964879 -849.592155 -803.600666 -782.677833 -796.474390 -805.880048 -815.023270 -817.323166 -824.909147 -831.707476 -838.490911 -845.801276 -855.226281 -862.416611 -863.560361 -860.579727 -862.165481 -874.400190 -888.784858 -917.112064 -942.045589 -977.005840 -1014.007535 -1042.782217 -1055.586818 -1062.997036 -1062.566957 -1067.445326 -1057.695367 -1051.944112 -1037.451425 -1022.130532 -998.285455 -970.632831 -958.821564 -945.113727 -935.626723 -915.035828 -885.922044 -834.692774 -774.571605 -721.432163 -690.603009 -689.319940 -717.520778 -735.167000 -740.240226 -715.341508 -672.276705 -609.565435 -519.633619 -458.207227 -402.380161 -350.245278 -305.706150 -210.598931 132.883668 163.076400 -9999.0 -9999.0 -9999.0 -9999.0 -9999.0 -9999.0 -9999.0 -9999.0 -9999.0 -9999.0 -9999.0 -9999.0
-9999.0 -9999.0 -9999.0 -9999.0 -9999.0 -9999.0 -1611.273391 -1518.806763 -1428.121765 -1314.541090 -1210.735892 -1125.064324 -1055.575403 -1034.337682 -1021.035149 -1000.973147 -1006.491820 -1022.308726 -1037.274340 -1021.935880 -1014.264706 -1018.432379 -1044.059192 -1045.838741 -1042.986038 -1033.390431 -1034.142691 -1039.925765 -1064.134442 -1057.609968 -1059.974547 -1082.600799 -1108.349469 -1122.853608 -1134.223578 -1124.255541 -1123.236428 -1135.219579 -1132.069089 -1106.622511 -1087.408591 -1073.988718 -1051.397331 -1018.646641 -987.191561 -973.570477 -972.937748 -966.902916 -925.369647 -856.348814 -788.328821 -737.590777 -709.393609 -704.063567 -734.401411 -777.106459 -800.887584 -797.043907 -766.413976 -718.166334 -648.706757 -606.680730 -580.212984 -560.953786 -536.577473 -451.899338 -9999.0 -9999.0 -9999.0 -9999.0 -9999.0 -9999.0 -9999.0 -9999.0 -9999.0 -9999.0 -9999.0 -9999.0 -9999.0 -9999.0
-9999.0 -9999.0 -9999.0 -9999.0 -9999.0 -9999.0 -9999.0 -9999.0 -9999.0 -9999.0 -9999.0 -9999.0 -9999.0 -9999.0 -9999.0 -9999.0 -9999.0 -9999.0 -9999.0 -9999.0 -9999.0 -9999.0 -9999.0 -9999.0 -9999.0 -9999.0 -9999.0 -9999.0 -9999.0 -9999.0 -9999.0 -9999.0 -9999.0 -9999.0 -9999.0 -9999.0 -9999.0 -9999.0 -9999.0 -9999.0 -9999.0 -9999.0 -9999.0 -9999.0 -9999.0 -9999.0 -9999.0 -9999.0 -9999.0 -9999.0 -9999.0 -9999.0 -9999.0 -9999.0 -9999.0 -9999.0 -9999.0 -9999.0 -9999.0 -9999.0 -9999.0 -9999.0 -9999.0 -9999.0 -9999.0 -9999.0 -9999.0 -9999.0 -9999.0 -9999.0 -9999.0 -9999.0 -9999.0 -9999.0 -9999.0 -9999.0 -9999.0 -9999.0 -9999.0 -9999.0
-9999.0 -9999.0 -9999.0 -9999.0 -9999.0 -9999.0 -9999.0 -9999.0 -9999.0 -9999.0 -9999.0 -9999.0 -9999.0 -9999.0 -9999.0 -9999.0 -9999.0 -9999.0 -9999.0 -9999.0 -9999.0 -9999.0 -9999.0 -9999.0 -9999.0 -9999.0 -9999.0 -9999.0 -9999.0 -9999.0 -9999.0 -9999.0 -9999.0 -9999.0 -9999.0 -9999.0 -9999.0 -9999.0 -9999.0 -9999.0 -9999.0 -9999.0 -9999.0 -9999.0 -9999.0 -9999.0 -9999.0 -9999.0 -9999.0 -9999.0 -9999.0 -9999.0 -9999.0 -9999.0 -9999.0 -9999.0 -9999.0 -9999.0 -9999.0 -9999.0 -9999.0 -9999.0 -9999.0 -9999.0 -9999.0 -9999.0 -9999.0 -9999.0 -9999.0 -9999.0 -9999.0 -9999.0 -9999.0 -9999.0 -9999.0 -9999.0 -9999.0 -9999.0 -9999.0 -9999.0