Borden_/Borden1m_014/output_maps/psiliqL0028N0014.asc
ncols         80
nrows         18
xllcorner     620200.000000
yllcorner     5168000.000000
cellsize      1.000000
NODATA_value  -9999.0
-9999.0 -9999.0 -9999.0 -9999.0 -9999.0 -9999.0 -9999.0 -9999.0 -9999.0 -9999.0 -9999.0 -9999.0 -9999.0 -9999.0 -9999.0 -9999.0 -9999.0 -9999.0 -9999.0 -9999.0 -9999.0 -9999.0 -9999.0 -9999.0 -9999.0 -9999.0 -9999.0 -9999.0 -9999.0 -9999.0 -9999.0 -9999.0 -9999.0 -9999.0 -9999.0 -9999.0 -9999.0 -9999.0 -9999.0 -9999.0 -9999.0 -9999.0 -9999.0 -9999.0 -9999.0 -9999.0 -9999.0 -9999.0 -9999.0 -9999.0 -9999.0 -9999.0 -9999.0 -9999.0 -9999.0 -9999.0 -9999.0 -9999.0 -9999.0 -9999.0 -9999.0 -9999.0 -9999.0 -9999.0 -9999.0 -9999.0 -9999.0 -9999.0 -9999.0 -9999.0 -9999.0 -9999.0 -9999.0 -9999.0 -9999.0 -9999.0 -9999.0 -9999.0 -9999.0 -9999.0
-9999.0 -9999.0 -9999.0 -9999.0 -9999.0 -9999.0 -9999.0 -9999.0 -9999.0 -9999.0 -9999.0 -9999.0 -9999.0 -9999.0 -9999.0 -9999.0 -9999.0 -9999.0 -9999.0 -9999.0 -9999.0 -9999.0 -9999.0 -9999.0 -9999.0 -9999.0 -9999.0 -9999.0 -9999.0 -9999.0 -9999.0 -9999.0 -9999.0 -9999.0 -9999.0 -9999.0 -9999.0 -9999.0 -9999.0 -9999.0 -9999.0 -9999.0 -9999.0 -9999.0 -9999.0 -9999.0 -9999.0 -9999.0 -9999.0 -9999.0 -9999.0 -9999.0 -9999.0 -9999.0 -9999.0 -9999.0 -9999.0 -9999.0 -9999.0 -9999.0 -9999.0 -9999.0 -9999.0 -9999.0 -9999.0 -9999.0 -9999.0 -9999.0 -9999.0 -9999.0 -9999.0 -9999.0 -9999.0 -9999.0 -9999.0 -9999.0 -9999.0 -9999.0 -9999.0 -9999.0
-9999.0 -9999.0 -9999.0 -9999.0 -9999.0 -9999.0 -9999.0 -9999.0 -9999.0 -9999.0 -9999.0 -9999.0 -9999.0 -9999.0 -9999.0 -9999.0 -9999.0 -9999.0 -9999.0 -9999.0 3725.108087 3725.771611 3704.092027 3669.785303 3641.327645 3642.897151 3675.320262 3715.608316 3754.224390 3760.940322 3741.418588 3745.206092 3740.569488 3735.304838 3734.937295 3742.657216 3749.544696 3758.877585 3765.490208 3762.792298 3755.167926 3750.130863 3753.078059 3754.418634 3760.833685 3745.743303 3762.090528 3778.571771 3783.208920 3780.895400 3757.733170 3746.472463 3738.786131 3723.372354 3750.480944 3762.327187 3786.136989 3791.063278 3789.257386 3762.821120 3732.936641 -9999.0 -9999.0 -9999.0 -9999.0 -9999.0 -9999.0 -9999.0 -9999.0 -9999.0 -9999.0 -9999.0 -9999.0 -9999.0 -9999.0 -9999.0 -9999.0 -9999.0 -9999.0 -9999.0
-9999.0 -9999.0 -9999.0 -9999.0 -9999.0 -9999.0 -9999.0 -9999.0 -9999.0 -9999.0 -9999.0 -9999.0 -9999.0 -9999.0 3635.221267 3626.476202 3623.363832 3630.203130 3662.213024 3692.237739 3703.672179 3695.980192 3695.493225 3670.274085 3646.710362 3658.712010 3687.656638 3717.528910 3750.332711 3766.832512 3755.597529 3752.630089 3758.772604 3776.991418 3783.896763 3779.934620 3762.530385 3786.863412 3799.522375 3803.106411 3800.806414 3790.669513 3798.603241 3812.265608 3805.130070 3790.203360 3802.204787 3817.782466 3828.297668 3821.185592 3764.210468 3753.658799 3750.956339 3747.730846 3735.214041 3732.170302 3761.454411 3761.392258 3754.777949 3738.109615 3705.073786 3659.989323 3641.423542 3682.835990 3726.904710 3783.457490 -9999.0 -9999.0 -9999.0 -9999.0 -9999.0 -9999.0 -9999.0 -9999.0 -9999.0 -9999.0 -9999.0 -9999.0 -9999.0 -9999.0
-9999.0 -9999.0 -9999.0 -9999.0 -9999.0 -9999.0 -9999.0 -9999.0 -9999.0 3578.017319 3584.048399 3590.694249 3592.902869 3607.622439 3603.909364 3610.427781 3613.493012 3640.365687 3669.127767 3701.904913 3728.144228 3718.492569 3716.497165 3718.838333 3711.149801 3717.755453 3737.523100 3773.307494 3802.815733 3836.925403 3802.336298 3796.735751 3813.736036 3853.755144 3874.718747 3875.481574 3856.584670 3874.870704 3898.083789 3912.569218 3908.586086 3901.945568 3928.271064 3943.869909 3936.185686 3914.101420 3914.876612 3923.748031 3953.766446 3903.020734 3836.936874 3800.954266 3819.121449 3799.677298 3776.134262 3767.061757 3768.817851 3789.751064 3779.007876 3746.066949 3713.756954 3702.345306 3686.138646 3708.435179 3732.431724 3779.381204 3819.890608 3850.211451 3849.882971 3832.866997 -9999.0 -9999.0 -9999.0 -9999.0 -9999.0 -9999.0 -9999.0 -9999.0 -9999.0 -9999.0
-9999.0 -9999.0 -9999.0 -9999.0 -9999.0 -9999.0 3499.649756 3510.128272 3530.663205 3532.584008 3558.884114 3563.368489 3581.436812 3597.770549 3619.076076 3630.680239 3654.188125 3683.018967 3717.578998 3753.634138 3779.902985 3766.716301 3771.041406 3788.060130 3812.113705 3828.804708 3850.885003 3888.410925 3960.497695 3996.321156 3986.204595 3986.308291 3994.319182 4045.077167 4109.149650 4119.218139 4098.423791 4085.711596 4110.291892 4148.454527 4145.427553 4144.108622 4158.162951 4169.428922 4196.387349 4184.760314 4148.888619 4144.988003 4153.335790 4128.857976 4057.790317 4001.438815 3985.158806 3938.095689 3854.018722 3813.412314 3840.760356 3870.691405 3850.562535 3801.994391 3771.367853 3767.246591 3757.331290 3752.089298 3766.156472 3790.232076 3814.810285 3829.440452 3818.034003 3797.502205 3776.269679 3748.437867 3751.419759 3776.480528 -9999.0 -9999.0 -9999.0 -9999.0 -9999.0 -9999.0
-9999.0 -9999.0 -9999.0 -9999.0 3450.573910 3463.127769 3447.416872 3473.329364 3504.603960 3537.503041 3563.630832 3593.808708 3615.625895 3641.089361 3672.259248 3691.350698 3721.131800 3749.335787 3794.976458 3854.666937 3897.597580 3909.066393 3916.679036 3966.942776 4022.785086 4069.092232 4087.780382 4114.041832 4161.478836 4218.359781 4240.244627 4242.497086 4259.474374 4304.619033 4363.022245 4398.757305 4380.756800 4371.357805 4382.416020 4397.556762 4419.721835 4419.755556 4420.902498 4425.512868 4433.813292 4431.618860 4404.061938 4370.189373 4357.066617 4346.503567 4306.190155 4232.753239 4203.639495 4173.752321 4128.109599 4072.687524 4028.445745 4032.481246 3977.312965 3921.704740 3873.666686 3868.144947 3849.609638 3835.233562 3819.858638 3833.934917 3847.324888 3833.141657 3803.548177 3774.794340 3762.334081 3745.175213 3733.971376 3765.508600 3783.588189 3812.991640 -9999.0 -9999.0 -9999.0 -9999.0
-9999.0 -9999.0 3392.217706 3436.482672 3492.991057 3497.962461 3489.188765 3490.723347 3515.897177 3563.801671 3623.226237 3657.252646 3683.110165 3712.511434 3761.340899 3820.071004 3878.138258 3920.230085 3978.767413 4048.724377 4107.905265 4134.163211 4142.368524 4178.463723 4234.259020 4305.657614 4334.532472 4361.693878 4394.581234 4432.441061 4420.475313 4430.555724 4443.816466 4458.615030 4475.466853 4483.606761 4478.371798 4473.686878 4454.905997 4449.390432 4455.807443 4464.502587 4463.001746 4448.050507 4444.059159 4459.344668 4466.044657 4463.648194 4460.246432 4464.711171 4458.510932 4407.938887 4394.232391 4378.391155 4365.619661 4318.465512 4250.456144 4218.999877 4196.427981 4154.183920 4080.144146 4044.441190 4006.030083 3972.629670 3936.578760 3925.581466 3894.779694 3863.636848 3825.721432 3785.589886 3767.148187 3753.573348 3753.620838 3754.459906 3772.579697 3788.400154 3804.468485 3812.590333 -9999.0 -9999.0
-9999.0 3281.148745 3351.421438 3471.365858 3547.815099 3582.300317 3585.692895 3584.448978 3608.630970 3641.952658 3725.151319 3767.895739 3850.374508 3888.878763 3928.431389 4018.361585 4114.463878 4158.894991 4199.181587 4265.361827 4333.150859 4381.212280 4408.037789 4380.912010 4422.154084 4455.598243 4464.946334 4472.867960 4473.826464 4465.218140 4459.120843 4465.637427 4462.458185 4442.824829 4426.320395 4424.401538 4420.896082 4397.181897 4369.341226 4353.407131 4354.348276 4379.811868 4366.321279 4344.749958 4340.255024 4362.222242 4384.341604 4373.386207 4360.099655 4376.819265 4411.997420 4438.064825 4437.511394 4456.526330 4477.755255 4447.940630 4427.870444 4382.869021 4365.560182 4339.816200 4281.817549 4226.884129 4178.330031 4130.071063 4078.233148 4030.594186 3983.438520 3936.592766 3884.118985 3851.801694 3828.218392 3786.648760 3775.293035 3782.574157 3778.292871 3777.050231 3783.807916 3790.445866 -9999.0 -9999.0
-9999.0 3181.153163 3318.668609 3493.873289 3634.564757 3671.248466 3725.009226 3776.632497 3788.413959 3728.674664 3830.073886 4048.996573 4177.061136 4196.172753 4273.926268 4372.089953 4348.679731 4380.984540 4405.174729 4434.650953 4458.274981 4473.861527 4472.468758 4467.669427 4450.889775 4442.817380 4441.859338 4439.649281 4421.903169 4402.635002 4385.596480 4382.115600 4363.559077 4312.309689 4278.430407 4260.207255 4239.741507 4226.779471 4200.034232 4173.648811 4156.333464 4165.450749 4164.745812 4151.954137 4147.557350 4165.198136 4196.170121 4195.159000 4208.380299 4228.288639 4263.856367 4302.883169 4322.369547 4351.921193 4387.945760 4437.278694 4445.022107 4467.733364 4470.326824 4461.355095 4413.710677 4361.340491 4331.587805 4275.544877 4215.903414 4154.133681 4104.827130 4060.050680 4004.580651 3971.170653 3932.616725 3879.289128 3838.058163 3832.696484 3800.100277 3788.127488 -9999.0 -9999.0 -9999.0 -9999.0
-9999.0 3073.532592 3250.125234 3483.602729 3780.599403 3845.293977 4048.717436 4163.207986 4201.016265 4270.009751 4133.543847 4354.125449 4411.627831 4407.843491 4427.965303 4431.879360 4446.688971 4445.780695 4440.681188 4429.474796 4419.623468 4414.847807 4413.873787 4405.909115 4393.165022 4378.410210 4366.330333 4354.577092 4317.251132 4284.739814 4244.058381 4231.155153 4184.451044 4091.587044 4052.957142 4013.098207 3950.536989 3954.015360 3963.635635 3940.097573 3920.118419 3890.158337 3921.376390 3933.599062 3938.340406 3932.444864 3941.009673 3971.279753 4020.622672 4055.457900 4094.319415 4142.666979 4173.595089 4212.986520 4252.507240 4305.182471 4336.943155 4366.125573 4416.082168 4453.341863 4476.298874 4461.563941 4444.002476 4398.053614 4337.328190 4287.707374 4258.186079 4206.962914 4163.189018 4119.865202 4073.441616 4020.755588 3959.253169 3909.896534 3876.765306 -9999.0 -9999.0 -9999.0 -9999.0 -9999.0
-9999.0 2841.725711 3102.837771 3362.006956 3627.361987 3974.064981 4156.706948 4248.262016 4312.882644 4300.489775 4328.252599 4333.426791 4371.033909 4378.996445 4357.717005 4343.243942 4324.747804 4323.657925 4336.799289 4309.033947 4278.228117 4264.579824 4265.552262 4254.877040 4230.653291 4215.810942 4206.609199 4187.713503 4144.546372 4093.606529 4008.259888 3971.884365 3891.580567 3855.767666 3820.413572 3773.631188 3730.091478 3736.875174 3762.953909 3754.974110 3734.606369 3718.004307 3748.025192 3769.634135 3783.192429 3766.161078 3772.549561 3806.937074 3853.237920 3893.578668 3937.075341 3984.840009 4027.009675 4065.631088 4085.403537 4123.719530 4166.042553 4207.887933 4278.608462 4358.381226 4395.269950 4430.522200 4458.687777 4480.919454 4437.600816 4411.948775 4387.753496 4363.719904 4316.905463 4271.171774 4230.590553 4164.970117 4105.404136 -9999.0 -9999.0 -9999.0 -9999.0 -9999.0 -9999.0 -9999.0
-9999.0 2742.949450 2918.316834 3097.836579 3336.478432 3564.624968 3794.410004 3884.456362 3955.596692 4035.364217 4093.930144 4133.369035 4159.177166 4181.184926 4158.741046 4111.503700 4078.671496 4083.864850 4073.972256 4053.497186 4026.099777 4013.500875 4010.653749 4006.221617 3985.513172 3975.893298 3969.580950 3951.963278 3927.660700 3874.897115 3804.754930 3731.064358 3678.733200 3661.892114 3640.947363 3615.579281 3591.137951 3605.264350 3617.998034 3618.975427 3613.619655 3614.740444 3643.776744 3663.923042 3673.322163 3662.769865 3680.839772 3703.292551 3739.359950 3778.156132 3822.327053 3871.933202 3919.936122 3938.938072 3939.443078 3948.962743 3975.306603 4017.779814 4093.715095 4180.031246 4259.483030 4305.703552 4357.040665 4397.750574 4426.767408 4450.063916 4473.702758 4467.712201 4440.974797 4407.142570 4347.363355 -9999.0 -9999.0 -9999.0 -9999.0 -9999.0 -9999.0 -9999.0 -9999.0 -9999.0
-9999.0 -9999.0 2707.339033 2837.428896 2921.008598 3073.029690 3209.272624 3313.554784 3417.346997 3565.276387 3691.872576 3788.168797 3835.687441 3851.484223 3838.105860 3811.056159 3794.933650 3794.445889 3782.384200 3777.191761 3764.324140 3759.745522 3747.663416 3740.611001 3738.213066 3738.996263 3737.704792 3730.549758 3715.316685 3675.466926 3641.672303 3599.353213 3555.154394 3535.141302 3518.691467 3503.605973 3509.731562 3505.114601 3511.046677 3514.715326 3525.403239 3540.237288 3559.503837 3582.499674 3592.171924 3602.725054 3613.140561 3634.176221 3663.320100 3702.945468 3753.780175 3808.188579 3843.530692 3849.467388 3830.098164 3823.435459 3829.619264 3856.560697 3917.418458 3985.319411 4076.020897 4142.195847 4209.335687 4265.968925 4293.113560 4329.515465 4400.993724 4449.114144 4493.124716 4470.635475 -9999.0 -9999.0 -9999.0 -9999.0 -9999.0 -9999.0 -9999.0 -9999.0 -9999.0 -9999.0
-9999.0 -9999.0 -9999.0 -9999.0 2717.079915 2835.311162 2929.544267 3001.604872 3134.363012 3265.565783 3371.673633 3459.782797 3530.780782 3557.158969 3560.098973 3580.264769 3580.502433 3570.555758 3559.462107 3566.196970 3573.062131 3567.544046 3550.355445 3545.185171 3550.933592 3560.902351 3560.764153 3549.773484 3533.480814 3523.441437 3514.403774 3486.637639 3457.245979 3432.190057 3422.430320 3421.764732 3423.331480 3416.235727 3425.311336 3435.367604 3451.945526 3467.279727 3490.789497 3520.751614 3535.744294 3550.304179 3558.371512 3576.057562 3604.130833 3655.119324 3716.390847 3772.668055 3806.402953 3806.181319 3776.834060 3754.099241 3740.176576 3756.049795 3783.235543 3831.926297 3920.427819 3982.234733 4026.093426 4063.680468 4099.989227 4166.284900 4262.866996 4345.203906 -9999.0 -9999.0 -9999.0 -9999.0 -9999.0 -9999.0 -9999.0 -9999.0 -9999.0 -9999.0 -9999.0 -9999.0
-9999.0 -9999.0 -9999.0 -9999.0 -9999.0 -9999.0 2700.321345 2808.405090 2834.969417 2986.775596 3135.489759 3243.898326 3327.987249 3365.380352 3401.901597 3433.707019 3435.194309 3414.496337 3391.981223 3415.157767 3436.579220 3430.440243 3397.686048 3400.638029 3409.633500 3418.901441 3418.099656 3414.494689 3392.568221 3413.596033 3421.918707 3402.310555 3379.964324 3370.322373 3360.973728 3372.695326 3374.145666 3360.515423 3359.632324 3388.597280 3410.370098 3423.344779 3444.161266 3477.380648 3509.850466 3525.520495 3525.986272 3529.880278 3565.186201 3632.653081 3703.374217 3758.343567 3789.176956 3793.379396 3761.968123 3716.447221 3689.489011 3687.118345 3709.869057 3747.264400 3807.019692 3841.907570 3850.373400 3848.441664 3858.529990 3959.692688 -9999.0 -9999.0 -9999.0 -9999.0 -9999.0 -9999.0 -9999.0 -9999.0 -9999.0 -9999.0 -9999.0 -9999.0 -9999.0 -9999.0
-9999.0 -9999.0 -9999.0 -9999.0 -9999.0 -9999.0 -9999.0 -9999.0 -9999.0 -9999.0 -9999.0 -9999.0 -9999.0 -9999.0 -9999.0 -9999.0 -9999.0 -9999.0 -9999.0 -9999.0 -9999.0 -9999.0 -9999.0 -9999.0 -9999.0 -9999.0 -9999.0 -9999.0 -9999.0 -9999.0 -9999.0 -9999.0 -9999.0 -9999.0 -9999.0 -9999.0 -9999.0 -9999.0 -9999.0 -9999.0 -9999.0 -9999.0 -9999.0 -9999.0 -9999.0 -9999.0 -9999.0 -9999.0 -9999.0 -9999.0 -9999.0 -9999.0 -9999.0 -9999.0 -9999.0 -9999.0 -9999.0 -9999.0 -9999.0 -9999.0 -9999.0 -9999.0 -9999.0 -9999.0 -9999.0 -9999.0 -9999.0 -9999.0 -9999.0 -9999.0 -9999.0 -9999.0 -9999.0 -9999.0 -9999.0 -9999.0 -9999.0 -9999.0 -9999.0 -9999.0
-9999.0 -9999.0 -9999.0 -9999.0 -9999.0 -9999.0 -9999.0 -9999.0 -9999.0 -9999.0 -9999.0 -9999.0 -9999.0 -9999.0 -9999.0 -9999.0 -9999.0 -9999.0 -9999.0 -9999.0 -9999.0 -9999.0 -9999.0 -9999.0 -9999.0 -9999.0 -9999.0 -9999.0 -9999.0 -9999.0 -9999.0 -9999.0 -9999.0 -9999.0 -9999.0 -9999.0 -9999.0 -9999.0 -9999.0 -9999.0 -9999.0 -9999.0 -9999.0 -9999.0 -9999.0 -9999.0 -9999.0 -9999.0 -9999.0 -9999.0 -9999.0 -9999.0 -9999.0 -9999.0 -9999.0 -9999.0 -9999.0 -9999.0 -9999.0 -9999.0 -9999.0 -9999.0 -9999.0 -9999.0 -9999.0 -9999.0 -9999.0 -9999.0 -9999.0 -9999.0 -9999.0 -9999.0 -9999.0 -9999.0 -9999.0 -9999.0 -9999.0 -9999.0 -9999.0 -9999.0