Borden_/Borden1m_014/output_maps/psiliqL0025N0037.asc
ncols         80
nrows         18
xllcorner     620200.000000
yllcorner     5168000.000000
cellsize      1.000000
NODATA_value  -9999.0
-9999.0 -9999.0 -9999.0 -9999.0 -9999.0 -9999.0 -9999.0 -9999.0 -9999.0 -9999.0 -9999.0 -9999.0 -9999.0 -9999.0 -9999.0 -9999.0 -9999.0 -9999.0 -9999.0 -9999.0 -9999.0 -9999.0 -9999.0 -9999.0 -9999.0 -9999.0 -9999.0 -9999.0 -9999.0 -9999.0 -9999.0 -9999.0 -9999.0 -9999.0 -9999.0 -9999.0 -9999.0 -9999.0 -9999.0 -9999.0 -9999.0 -9999.0 -9999.0 -9999.0 -9999.0 -9999.0 -9999.0 -9999.0 -9999.0 -9999.0 -9999.0 -9999.0 -9999.0 -9999.0 -9999.0 -9999.0 -9999.0 -9999.0 -9999.0 -9999.0 -9999.0 -9999.0 -9999.0 -9999.0 -9999.0 -9999.0 -9999.0 -9999.0 -9999.0 -9999.0 -9999.0 -9999.0 -9999.0 -9999.0 -9999.0 -9999.0 -9999.0 -9999.0 -9999.0 -9999.0
-9999.0 -9999.0 -9999.0 -9999.0 -9999.0 -9999.0 -9999.0 -9999.0 -9999.0 -9999.0 -9999.0 -9999.0 -9999.0 -9999.0 -9999.0 -9999.0 -9999.0 -9999.0 -9999.0 -9999.0 -9999.0 -9999.0 -9999.0 -9999.0 -9999.0 -9999.0 -9999.0 -9999.0 -9999.0 -9999.0 -9999.0 -9999.0 -9999.0 -9999.0 -9999.0 -9999.0 -9999.0 -9999.0 -9999.0 -9999.0 -9999.0 -9999.0 -9999.0 -9999.0 -9999.0 -9999.0 -9999.0 -9999.0 -9999.0 -9999.0 -9999.0 -9999.0 -9999.0 -9999.0 -9999.0 -9999.0 -9999.0 -9999.0 -9999.0 -9999.0 -9999.0 -9999.0 -9999.0 -9999.0 -9999.0 -9999.0 -9999.0 -9999.0 -9999.0 -9999.0 -9999.0 -9999.0 -9999.0 -9999.0 -9999.0 -9999.0 -9999.0 -9999.0 -9999.0 -9999.0
-9999.0 -9999.0 -9999.0 -9999.0 -9999.0 -9999.0 -9999.0 -9999.0 -9999.0 -9999.0 -9999.0 -9999.0 -9999.0 -9999.0 -9999.0 -9999.0 -9999.0 -9999.0 -9999.0 -9999.0 3126.690159 3127.735768 3105.959489 3071.789212 3043.439007 3045.115445 3077.923624 3118.300513 3156.770928 3164.086953 3144.885995 3148.393906 3143.760467 3139.255375 3139.445297 3146.965096 3153.357496 3162.958102 3169.851130 3167.541978 3160.173825 3155.067242 3157.385847 3159.036151 3165.223349 3151.080911 3166.928604 3180.176244 3185.046084 3182.439425 3161.448203 3149.488977 3141.652503 3126.311024 3152.916307 3164.776611 3186.678379 3191.543442 3189.914446 3164.785470 3134.911637 -9999.0 -9999.0 -9999.0 -9999.0 -9999.0 -9999.0 -9999.0 -9999.0 -9999.0 -9999.0 -9999.0 -9999.0 -9999.0 -9999.0 -9999.0 -9999.0 -9999.0 -9999.0 -9999.0
-9999.0 -9999.0 -9999.0 -9999.0 -9999.0 -9999.0 -9999.0 -9999.0 -9999.0 -9999.0 -9999.0 -9999.0 -9999.0 -9999.0 3036.731168 3027.803538 3024.744213 3031.868886 3064.142428 3094.141547 3105.724014 3098.081551 3097.688658 3072.790863 3049.818952 3062.171271 3091.156878 3121.119426 3154.038048 3171.111514 3159.751867 3156.899350 3163.698489 3180.348521 3188.229850 3184.460011 3169.760617 3190.524604 3203.552232 3207.914456 3205.768771 3195.841661 3204.661450 3218.622597 3211.567616 3196.352638 3207.127179 3222.078592 3233.180546 3225.134138 3170.325164 3158.262700 3155.453585 3151.711037 3139.078614 3135.552964 3164.069791 3164.009483 3157.117968 3140.323659 3107.453796 3062.581977 3044.105083 3084.980155 3129.013039 3184.655124 -9999.0 -9999.0 -9999.0 -9999.0 -9999.0 -9999.0 -9999.0 -9999.0 -9999.0 -9999.0 -9999.0 -9999.0 -9999.0 -9999.0
-9999.0 -9999.0 -9999.0 -9999.0 -9999.0 -9999.0 -9999.0 -9999.0 -9999.0 2984.100298 2985.370003 2992.047174 2994.137293 3009.008854 3005.597721 3012.198673 3016.025173 3042.782489 3071.865753 3104.953072 3131.485441 3121.904796 3120.183046 3123.977059 3118.478864 3126.029616 3145.879318 3179.304498 3210.202296 3245.050307 3211.345867 3206.186898 3223.348932 3264.420985 3287.565149 3289.467502 3270.772265 3286.793378 3310.055915 3325.713007 3322.075815 3316.053474 3341.703021 3356.715440 3350.972128 3329.706260 3328.139301 3335.531956 3364.785720 3314.631545 3249.510533 3211.311844 3227.236228 3206.431243 3180.686667 3172.596455 3173.616416 3192.235756 3181.007290 3149.617259 3116.852782 3105.730337 3089.437782 3110.756245 3134.477068 3180.153330 3220.389297 3250.542182 3250.409982 3233.436389 -9999.0 -9999.0 -9999.0 -9999.0 -9999.0 -9999.0 -9999.0 -9999.0 -9999.0 -9999.0
-9999.0 -9999.0 -9999.0 -9999.0 -9999.0 -9999.0 2905.034301 2915.674412 2936.630473 2939.541871 2966.121152 2971.465388 2983.829411 3000.549920 3021.731348 3034.152284 3058.758021 3088.100099 3123.527739 3160.651603 3185.243209 3175.925329 3178.110889 3197.219558 3223.745947 3242.425027 3264.417005 3301.411731 3372.373716 3408.255563 3401.123882 3401.804739 3409.882931 3459.852159 3523.535930 3534.524795 3513.925503 3500.783078 3524.072959 3561.202849 3559.489236 3558.296706 3571.049349 3581.735050 3608.486858 3597.818117 3562.088722 3556.492337 3562.904009 3540.764684 3472.706982 3415.805860 3396.970669 3351.502873 3269.231200 3226.657095 3250.097448 3278.060631 3256.792124 3208.076341 3178.647456 3173.605161 3162.978808 3156.382671 3169.118683 3190.949007 3215.468774 3229.776784 3218.391164 3198.031712 3177.311507 3149.353510 3152.117148 3177.212027 -9999.0 -9999.0 -9999.0 -9999.0 -9999.0 -9999.0
-9999.0 -9999.0 -9999.0 -9999.0 2855.123620 2868.137895 2853.690229 2879.999487 2912.221614 2946.002307 2973.598036 2997.923814 3020.340400 3046.423861 3079.023951 3100.847694 3132.526687 3161.511154 3205.211679 3265.661366 3309.323213 3322.509640 3330.555214 3380.548772 3436.382910 3483.188070 3501.617863 3527.162494 3572.232046 3628.412232 3650.628660 3653.466991 3670.341458 3713.093439 3768.782349 3803.710570 3786.155554 3777.226224 3787.070657 3801.156882 3823.291968 3823.367350 3824.477603 3828.500680 3836.000637 3834.342950 3808.001020 3774.699542 3761.811790 3751.831091 3714.387514 3642.753587 3612.429777 3583.880969 3542.303258 3488.697493 3441.039721 3441.861106 3387.863163 3334.125500 3284.467114 3276.573099 3256.588293 3240.991702 3223.829737 3236.238271 3248.382739 3233.690625 3204.257771 3176.228390 3163.445122 3146.056229 3134.992302 3166.244695 3183.878659 3213.553587 -9999.0 -9999.0 -9999.0 -9999.0
-9999.0 -9999.0 2795.846418 2841.327099 2898.428645 2904.755328 2898.675818 2901.883451 2928.560607 2978.010598 3031.971154 3068.327113 3096.863446 3126.294498 3173.520047 3235.109717 3294.431021 3336.242506 3392.810549 3461.367665 3520.001052 3546.661348 3555.486538 3590.647731 3644.890446 3713.313997 3741.088269 3767.349730 3798.831915 3834.932472 3827.814703 3838.650794 3850.851877 3863.087223 3877.566907 3884.435211 3879.652786 3875.069342 3856.558087 3851.465795 3857.967439 3865.819232 3864.946711 3850.340331 3846.373421 3861.299475 3867.415926 3865.412203 3862.722033 3867.727296 3863.641118 3815.824208 3797.272563 3782.202767 3770.778143 3724.879129 3658.545367 3626.064308 3604.938886 3564.449085 3491.454860 3453.902705 3414.719290 3380.171476 3343.309446 3330.027139 3297.723560 3265.841917 3227.412516 3186.988082 3169.137380 3154.888714 3154.619312 3155.385667 3173.187079 3188.648762 3204.672613 3212.781994 -9999.0 -9999.0
-9999.0 2692.602673 2764.243099 2879.017604 2956.535997 2989.091833 2997.914572 3001.093880 3025.319316 3056.053072 3142.142255 3190.170662 3272.135586 3308.410567 3348.537823 3437.357619 3530.635394 3573.336815 3611.654162 3674.423853 3739.436856 3786.177686 3812.330953 3792.972657 3831.945981 3860.482395 3868.212030 3874.942398 3874.675407 3866.190706 3859.586246 3866.296016 3863.379804 3844.290688 3828.302542 3826.583950 3823.201742 3799.965683 3772.512060 3757.140316 3758.627562 3783.479257 3770.435381 3749.101864 3744.702077 3766.299335 3787.502080 3776.866464 3763.759840 3780.297893 3814.772740 3839.385165 3841.011326 3859.409044 3880.492581 3851.662793 3829.962405 3786.403851 3769.603282 3744.275802 3687.740639 3633.019073 3585.165408 3536.902656 3484.705867 3435.771425 3388.406725 3341.832896 3288.784438 3256.232055 3232.107363 3189.454028 3177.566358 3183.347820 3178.960667 3177.534662 3183.991601 3190.632423 -9999.0 -9999.0
-9999.0 2597.233820 2736.804826 2907.068900 3045.504287 3085.550519 3147.998484 3201.380064 3214.468260 3162.972515 3259.736133 3474.327301 3593.500407 3610.199732 3684.711199 3778.526097 3763.112366 3794.089102 3816.922207 3841.454702 3861.201215 3875.063404 3873.224198 3867.928198 3851.518727 3843.532176 3842.673617 3840.592501 3823.285027 3804.411068 3787.669782 3784.606575 3766.846314 3717.951817 3684.957900 3667.735570 3649.236520 3635.688547 3608.334927 3582.520843 3566.389631 3577.107304 3575.009268 3561.412810 3556.989449 3575.161516 3605.986347 3603.714349 3615.000594 3634.491848 3669.866281 3707.704150 3726.869715 3755.802205 3791.255066 3838.764512 3847.874736 3870.211799 3873.259282 3862.303954 3816.133437 3764.916717 3735.675889 3680.630813 3621.183990 3559.677103 3511.105967 3466.635944 3411.788307 3377.833282 3339.030496 3285.762432 3242.784465 3234.787105 3201.517931 3188.372316 -9999.0 -9999.0 -9999.0 -9999.0
-9999.0 2496.383844 2676.532824 2907.964422 3194.294400 3266.105013 3465.074562 3577.996690 3616.510576 3682.849606 3569.678009 3770.640800 3821.702521 3816.255379 3830.375853 3833.302438 3847.385730 3846.843623 3841.774692 3830.832105 3821.344785 3816.850710 3815.759768 3807.865907 3795.285736 3780.719355 3768.888829 3757.573848 3721.189137 3689.477890 3650.797754 3638.479488 3594.714912 3503.593705 3465.051664 3427.116395 3367.159139 3369.466073 3376.329681 3353.085207 3333.760375 3306.286971 3335.323290 3345.558150 3349.546668 3345.431743 3355.329569 3382.650658 3429.713783 3463.648332 3502.286295 3549.814535 3579.838949 3618.727866 3658.467201 3710.490050 3741.352393 3770.066281 3818.508569 3855.405613 3878.033505 3864.259357 3845.302732 3801.128313 3741.174787 3692.035697 3663.367069 3613.315381 3570.090202 3526.670728 3480.446319 3427.931938 3367.013289 3313.471881 3279.625272 -9999.0 -9999.0 -9999.0 -9999.0 -9999.0
-9999.0 2276.106231 2540.205871 2798.149658 3068.876668 3406.046237 3572.410541 3667.070183 3729.486065 3710.315039 3731.683560 3738.506711 3775.337741 3782.285090 3760.842576 3747.263617 3730.018069 3728.929437 3741.959522 3714.810116 3684.810457 3671.606107 3672.480233 3661.785156 3638.120904 3623.255710 3613.977761 3595.739441 3552.968118 3503.354215 3420.259989 3386.848815 3309.843657 3270.904905 3234.756673 3188.514699 3147.378109 3152.929847 3174.629915 3168.325482 3147.875489 3131.032785 3160.210430 3178.031719 3191.042189 3175.060501 3181.627782 3215.625790 3261.620269 3301.473174 3344.843645 3391.747985 3432.989690 3471.965510 3493.022229 3532.453710 3574.101128 3615.328665 3684.946780 3762.557093 3797.977468 3832.275702 3861.491194 3883.234828 3840.583787 3814.015338 3790.549631 3767.414168 3721.582409 3676.429523 3635.909810 3571.885067 3512.427096 -9999.0 -9999.0 -9999.0 -9999.0 -9999.0 -9999.0 -9999.0
-9999.0 2163.021011 2357.811150 2551.551156 2790.408364 3013.154402 3229.397417 3319.580751 3388.557525 3456.441412 3508.441234 3545.348589 3571.019174 3592.337318 3569.696566 3524.325965 3492.433703 3497.330643 3488.814359 3467.804396 3440.298478 3427.518036 3425.136541 3420.477303 3399.411764 3389.263636 3382.661064 3365.459387 3340.263923 3288.286975 3217.556637 3148.594724 3095.610635 3076.186228 3053.935419 3027.473595 3001.031487 3014.572182 3027.440450 3027.674172 3021.275514 3021.528849 3050.566077 3070.176531 3079.628734 3068.676693 3086.740154 3109.766512 3146.493593 3183.050507 3227.104639 3276.517503 3324.305246 3344.188200 3346.335896 3357.961735 3384.811385 3427.735883 3503.592759 3588.932868 3665.542117 3710.548049 3760.952596 3800.543534 3828.253364 3853.862139 3875.675312 3868.291863 3842.720581 3809.611351 3751.429136 -9999.0 -9999.0 -9999.0 -9999.0 -9999.0 -9999.0 -9999.0 -9999.0 -9999.0
-9999.0 -9999.0 2131.725535 2285.546909 2384.936115 2548.597388 2693.255868 2803.377350 2876.563673 3003.536877 3123.366841 3212.342879 3257.933373 3273.213874 3259.292057 3230.730828 3213.405864 3213.077517 3201.595131 3195.271634 3180.976496 3175.947303 3167.955434 3160.903780 3156.965022 3156.578771 3154.737863 3147.177897 3131.013644 3090.329037 3053.829990 3010.388678 2974.982204 2953.568663 2935.549283 2918.666407 2922.789345 2918.171171 2923.872288 2926.968369 2936.692449 2950.954183 2970.360096 2986.329305 2995.836820 3005.829619 3016.552796 3037.944457 3067.538365 3107.165974 3158.003832 3210.293025 3245.511329 3251.929315 3233.768378 3228.612097 3236.601345 3265.249103 3328.254959 3396.321935 3485.076443 3549.925211 3616.382459 3671.884469 3698.278000 3734.648163 3804.248030 3852.228674 3893.923876 3871.564996 -9999.0 -9999.0 -9999.0 -9999.0 -9999.0 -9999.0 -9999.0 -9999.0 -9999.0 -9999.0
-9999.0 -9999.0 -9999.0 -9999.0 2146.296070 2293.804563 2391.592872 2472.043284 2606.929012 2739.243870 2814.797267 2901.119877 2969.696690 2982.572495 2982.738582 2999.026780 2998.027908 2989.072780 2978.389991 2983.243699 2988.200127 2982.550370 2979.962730 2974.188587 2978.491290 2986.943640 2985.975263 2974.131246 2957.263635 2943.844247 2931.723132 2902.126385 2871.181812 2845.114015 2834.234415 2832.052455 2832.963029 2825.756317 2834.614895 2843.717183 2859.899432 2875.177047 2898.714515 2928.213503 2942.903150 2957.585136 2966.181952 2984.635621 3007.037293 3058.024768 3119.295526 3175.247522 3207.083818 3207.107434 3180.197655 3158.453753 3146.073858 3163.537001 3189.820288 3240.407172 3329.116987 3390.227383 3435.496697 3474.236084 3510.431216 3574.907595 3668.588990 3749.388764 -9999.0 -9999.0 -9999.0 -9999.0 -9999.0 -9999.0 -9999.0 -9999.0 -9999.0 -9999.0 -9999.0 -9999.0
-9999.0 -9999.0 -9999.0 -9999.0 -9999.0 -9999.0 2122.898675 2229.039978 2297.517963 2451.649186 2598.365575 2708.466151 2794.157011 2831.632255 2828.364583 2858.478708 2859.162291 2839.068905 2817.385461 2839.255997 2858.527285 2852.335861 2820.492602 2822.436717 2830.147255 2838.932064 2837.549037 2832.996964 2810.015985 2828.293607 2834.355008 2813.549770 2790.284664 2800.110465 2788.667768 2798.443481 2798.397936 2783.844879 2782.690650 2794.996489 2816.136986 2829.126827 2850.182695 2883.376688 2915.840396 2931.455325 2932.251788 2936.821814 2973.256678 3035.487513 3105.905597 3160.433550 3189.599973 3193.991767 3164.744768 3119.888244 3093.696411 3092.569101 3116.801526 3156.122250 3213.618139 3249.479321 3260.427522 3261.388842 3273.411682 3371.507155 -9999.0 -9999.0 -9999.0 -9999.0 -9999.0 -9999.0 -9999.0 -9999.0 -9999.0 -9999.0 -9999.0 -9999.0 -9999.0 -9999.0
-9999.0 -9999.0 -9999.0 -9999.0 -9999.0 -9999.0 -9999.0 -9999.0 -9999.0 -9999.0 -9999.0 -9999.0 -9999.0 -9999.0 -9999.0 -9999.0 -9999.0 -9999.0 -9999.0 -9999.0 -9999.0 -9999.0 -9999.0 -9999.0 -9999.0 -9999.0 -9999.0 -9999.0 -9999.0 -9999.0 -9999.0 -9999.0 -9999.0 -9999.0 -9999.0 -9999.0 -9999.0 -9999.0 -9999.0 -9999.0 -9999.0 -9999.0 -9999.0 -9999.0 -9999.0 -9999.0 -9999.0 -9999.0 -9999.0 -9999.0 -9999.0 -9999.0 -9999.0 -9999.0 -9999.0 -9999.0 -9999.0 -9999.0 -9999.0 -9999.0 -9999.0 -9999.0 -9999.0 -9999.0 -9999.0 -9999.0 -9999.0 -9999.0 -9999.0 -9999.0 -9999.0 -9999.0 -9999.0 -9999.0 -9999.0 -9999.0 -9999.0 -9999.0 -9999.0 -9999.0
-9999.0 -9999.0 -9999.0 -9999.0 -9999.0 -9999.0 -9999.0 -9999.0 -9999.0 -9999.0 -9999.0 -9999.0 -9999.0 -9999.0 -9999.0 -9999.0 -9999.0 -9999.0 -9999.0 -9999.0 -9999.0 -9999.0 -9999.0 -9999.0 -9999.0 -9999.0 -9999.0 -9999.0 -9999.0 -9999.0 -9999.0 -9999.0 -9999.0 -9999.0 -9999.0 -9999.0 -9999.0 -9999.0 -9999.0 -9999.0 -9999.0 -9999.0 -9999.0 -9999.0 -9999.0 -9999.0 -9999.0 -9999.0 -9999.0 -9999.0 -9999.0 -9999.0 -9999.0 -9999.0 -9999.0 -9999.0 -9999.0 -9999.0 -9999.0 -9999.0 -9999.0 -9999.0 -9999.0 -9999.0 -9999.0 -9999.0 -9999.0 -9999.0 -9999.0 -9999.0 -9999.0 -9999.0 -9999.0 -9999.0 -9999.0 -9999.0 -9999.0 -9999.0 -9999.0 -9999.0