Borden_/Borden1m_014/output_maps/psiliqL0006N0009.asc
ncols         80
nrows         18
xllcorner     620200.000000
yllcorner     5168000.000000
cellsize      1.000000
NODATA_value  -9999.0
-9999.0 -9999.0 -9999.0 -9999.0 -9999.0 -9999.0 -9999.0 -9999.0 -9999.0 -9999.0 -9999.0 -9999.0 -9999.0 -9999.0 -9999.0 -9999.0 -9999.0 -9999.0 -9999.0 -9999.0 -9999.0 -9999.0 -9999.0 -9999.0 -9999.0 -9999.0 -9999.0 -9999.0 -9999.0 -9999.0 -9999.0 -9999.0 -9999.0 -9999.0 -9999.0 -9999.0 -9999.0 -9999.0 -9999.0 -9999.0 -9999.0 -9999.0 -9999.0 -9999.0 -9999.0 -9999.0 -9999.0 -9999.0 -9999.0 -9999.0 -9999.0 -9999.0 -9999.0 -9999.0 -9999.0 -9999.0 -9999.0 -9999.0 -9999.0 -9999.0 -9999.0 -9999.0 -9999.0 -9999.0 -9999.0 -9999.0 -9999.0 -9999.0 -9999.0 -9999.0 -9999.0 -9999.0 -9999.0 -9999.0 -9999.0 -9999.0 -9999.0 -9999.0 -9999.0 -9999.0
-9999.0 -9999.0 -9999.0 -9999.0 -9999.0 -9999.0 -9999.0 -9999.0 -9999.0 -9999.0 -9999.0 -9999.0 -9999.0 -9999.0 -9999.0 -9999.0 -9999.0 -9999.0 -9999.0 -9999.0 -9999.0 -9999.0 -9999.0 -9999.0 -9999.0 -9999.0 -9999.0 -9999.0 -9999.0 -9999.0 -9999.0 -9999.0 -9999.0 -9999.0 -9999.0 -9999.0 -9999.0 -9999.0 -9999.0 -9999.0 -9999.0 -9999.0 -9999.0 -9999.0 -9999.0 -9999.0 -9999.0 -9999.0 -9999.0 -9999.0 -9999.0 -9999.0 -9999.0 -9999.0 -9999.0 -9999.0 -9999.0 -9999.0 -9999.0 -9999.0 -9999.0 -9999.0 -9999.0 -9999.0 -9999.0 -9999.0 -9999.0 -9999.0 -9999.0 -9999.0 -9999.0 -9999.0 -9999.0 -9999.0 -9999.0 -9999.0 -9999.0 -9999.0 -9999.0 -9999.0
-9999.0 -9999.0 -9999.0 -9999.0 -9999.0 -9999.0 -9999.0 -9999.0 -9999.0 -9999.0 -9999.0 -9999.0 -9999.0 -9999.0 -9999.0 -9999.0 -9999.0 -9999.0 -9999.0 -9999.0 -648.991118 -645.936240 -668.945616 -703.049658 -731.643913 -730.296484 -696.079565 -656.082346 -619.484748 -609.389654 -627.608062 -626.865225 -632.456959 -632.666699 -629.842936 -624.408448 -622.333768 -611.019612 -602.789028 -603.106699 -609.275798 -615.136049 -616.959048 -613.425397 -608.600860 -616.607095 -603.344354 -588.072362 -581.273645 -585.901266 -612.350391 -627.560332 -634.850967 -648.327688 -623.563815 -610.375149 -586.990354 -582.128887 -582.656409 -609.036762 -638.576977 -9999.0 -9999.0 -9999.0 -9999.0 -9999.0 -9999.0 -9999.0 -9999.0 -9999.0 -9999.0 -9999.0 -9999.0 -9999.0 -9999.0 -9999.0 -9999.0 -9999.0 -9999.0 -9999.0
-9999.0 -9999.0 -9999.0 -9999.0 -9999.0 -9999.0 -9999.0 -9999.0 -9999.0 -9999.0 -9999.0 -9999.0 -9999.0 -9999.0 -737.356607 -747.949826 -751.469520 -743.464991 -710.426051 -681.281569 -668.868394 -676.857934 -677.420693 -701.260448 -721.631910 -708.276438 -680.184387 -650.129719 -617.437251 -597.802742 -611.094835 -614.350619 -604.264812 -577.073600 -562.776741 -565.814657 -587.258660 -565.385716 -549.585976 -540.222272 -541.423444 -550.123060 -535.525063 -519.428383 -526.011795 -543.276064 -540.250683 -528.778243 -513.741280 -528.131855 -591.389432 -611.655312 -613.444346 -618.914990 -630.896359 -636.729921 -611.716983 -609.820055 -617.213827 -634.197983 -665.353868 -708.549917 -725.568640 -687.038991 -642.231280 -583.920951 -9999.0 -9999.0 -9999.0 -9999.0 -9999.0 -9999.0 -9999.0 -9999.0 -9999.0 -9999.0 -9999.0 -9999.0 -9999.0 -9999.0
-9999.0 -9999.0 -9999.0 -9999.0 -9999.0 -9999.0 -9999.0 -9999.0 -9999.0 -792.548660 -789.571701 -783.005403 -781.893715 -766.875186 -768.835446 -762.556820 -755.018133 -730.164203 -700.194325 -666.239916 -638.302692 -649.166625 -649.650211 -637.879442 -631.033626 -619.050531 -599.864381 -561.270701 -520.739777 -480.434350 -509.096339 -511.609831 -493.089695 -442.996291 -400.492651 -389.006329 -409.412147 -407.886355 -380.207579 -351.508399 -352.192435 -354.162416 -328.433732 -314.228813 -306.252203 -325.714733 -346.081260 -349.705760 -322.816435 -378.457189 -446.073648 -500.660682 -498.923982 -528.877854 -569.102657 -590.910700 -593.142096 -569.996938 -584.056694 -620.069081 -655.297040 -663.370738 -678.793654 -662.206231 -638.887826 -591.278411 -552.470590 -523.212094 -521.996248 -538.643531 -9999.0 -9999.0 -9999.0 -9999.0 -9999.0 -9999.0 -9999.0 -9999.0 -9999.0 -9999.0
-9999.0 -9999.0 -9999.0 -9999.0 -9999.0 -9999.0 -870.034718 -861.882045 -842.915365 -837.551099 -814.285533 -807.310123 -787.601138 -769.054185 -749.826968 -733.680322 -703.763802 -672.804163 -632.795467 -590.225904 -559.394581 -564.413223 -555.614317 -522.541855 -479.469794 -446.654818 -422.730484 -382.572465 -299.515030 -251.313059 -234.625212 -227.599620 -211.237407 -101.749159 159.680682 200.787201 196.188334 190.215515 197.425525 210.862351 211.149266 209.919271 212.206941 214.395516 226.323819 224.394537 209.591258 205.376309 202.162491 174.453423 -50.574006 -210.679623 -265.325620 -317.005359 -401.394392 -464.118906 -467.106011 -451.068347 -480.454796 -531.562516 -572.398799 -581.559381 -594.636495 -607.785365 -601.597506 -581.224980 -556.643415 -544.154935 -555.256903 -574.588726 -596.843699 -624.798533 -622.612346 -596.768322 -9999.0 -9999.0 -9999.0 -9999.0 -9999.0 -9999.0
-9999.0 -9999.0 -9999.0 -9999.0 -919.068213 -907.253090 -918.970037 -896.513199 -865.540604 -833.561967 -802.032076 -765.752361 -740.017149 -711.844874 -671.439720 -634.328119 -592.698690 -560.321561 -507.652182 -439.849585 -385.369892 -355.021309 -339.366459 -272.852899 -186.506337 -44.187813 148.165371 192.340873 207.310960 229.053552 237.377322 238.477340 246.347552 265.571794 300.866052 319.646043 314.171881 313.334320 314.455994 315.830003 324.984102 323.631955 323.615303 323.292667 323.649769 325.566652 319.404218 307.930598 303.771852 297.638739 273.501421 236.896974 221.561318 213.235672 202.027023 137.138608 -175.017520 -223.173897 -288.524053 -348.065513 -420.441225 -445.842475 -476.170041 -499.914476 -528.523724 -526.171801 -521.579900 -539.271072 -567.599215 -597.900601 -611.618618 -629.201054 -638.303302 -607.944262 -589.733992 -558.190715 -9999.0 -9999.0 -9999.0 -9999.0
-9999.0 -9999.0 -976.059613 -926.130207 -871.342286 -863.458548 -861.356500 -857.433690 -832.039541 -783.317329 -706.101954 -655.173060 -611.939253 -584.311166 -527.370345 -444.536759 -366.977513 -316.369166 -251.826467 -136.162507 140.546612 197.336336 204.466626 217.185420 238.807852 270.384543 294.330259 306.646422 314.813387 322.897122 339.689096 353.207119 358.156060 354.230588 355.306366 354.013015 354.149435 352.529139 337.903614 335.867529 341.510569 342.794311 346.263856 334.876809 331.160050 342.915727 345.795536 348.437852 351.125172 358.024366 364.317965 336.802633 311.188609 309.023528 308.951912 288.266781 244.145951 224.842163 218.180412 184.761890 -55.464554 -199.854574 -272.497763 -333.139467 -386.963969 -417.154779 -460.066206 -496.950342 -538.557321 -580.831364 -602.229637 -619.177760 -620.105912 -618.275683 -601.507118 -585.167079 -569.256924 -561.184360 -9999.0 -9999.0
-9999.0 -1072.989588 -1000.615893 -873.331006 -795.940341 -752.344504 -711.824655 -683.362723 -661.896847 -651.290276 -547.378903 -440.065074 -349.521635 -321.740914 -265.256880 -92.666770 163.289088 209.307986 224.808170 250.053266 290.180099 311.007208 319.443250 337.774153 359.504969 357.421630 356.165443 355.780042 347.367162 338.805715 328.640121 336.190027 335.579559 323.364059 316.701493 317.075349 317.489240 310.854156 302.810210 299.635280 301.939430 311.551289 307.133627 299.372226 297.759794 305.241391 311.074869 307.126357 301.168987 306.867770 318.878404 326.040650 338.446061 351.902094 369.840755 347.508691 323.116552 308.567829 304.281016 293.677994 259.354444 229.479664 205.459621 130.081962 -175.308225 -279.163104 -345.563762 -398.823187 -457.761094 -492.243294 -519.923052 -569.342710 -590.930194 -587.709203 -595.893886 -597.484813 -590.123136 -583.372853 -9999.0 -9999.0
-9999.0 -1141.266231 -997.900568 -812.618855 -668.663367 -610.090393 -494.619783 -409.930921 -384.960810 -408.763871 -294.422965 148.586850 220.812462 222.574130 249.275029 287.485316 316.917535 341.247526 355.311620 349.391082 345.691905 348.210315 342.879158 334.518327 323.098587 321.047676 322.800032 323.814810 318.387927 310.862455 303.993451 304.652346 299.727215 281.059330 250.514736 240.671495 236.739389 231.477157 220.311511 212.089521 207.289691 217.173323 212.946351 205.652244 203.520924 212.011508 225.172903 220.169425 221.423834 229.898667 250.066082 281.312434 291.729998 300.843407 311.825763 327.232456 338.992640 358.273363 362.811138 340.296788 318.620886 301.562877 294.350413 270.747703 224.003508 150.352374 -111.386538 -216.447709 -294.351845 -346.375049 -394.073563 -449.178314 -503.738070 -527.969513 -565.276058 -585.588912 -9999.0 -9999.0 -9999.0 -9999.0
-9999.0 -1202.104251 -1009.845110 -743.372798 -495.856990 -370.444919 -58.643270 190.787327 225.388438 252.614697 265.548876 340.529451 352.062989 337.796304 318.701161 315.877462 320.541691 320.441929 317.270106 313.744599 312.025952 311.926355 312.091508 310.265757 307.549099 304.099797 301.423388 299.550490 284.102486 257.077860 235.714771 230.303648 214.957666 123.733972 -135.695027 -200.043818 -264.684082 -272.114045 -285.569802 -318.081183 -337.265696 -350.758434 -333.353478 -336.835489 -337.759292 -327.579569 -304.243714 -287.284638 -243.633350 -197.392636 -103.415827 153.890378 204.416623 224.071310 244.938852 283.387690 296.435148 305.064671 319.756845 339.685804 359.275882 353.124588 329.734930 317.534633 294.156398 271.457798 242.768685 211.982860 158.972886 -58.154117 -193.316527 -280.888979 -356.820516 -439.794938 -478.137926 -9999.0 -9999.0 -9999.0 -9999.0 -9999.0
-9999.0 -1347.476398 -1079.840816 -782.080062 -451.687215 69.406289 183.639584 263.225018 317.882730 288.093872 283.088185 290.992911 305.430757 305.546517 296.779878 294.840383 286.861439 275.541653 277.015973 259.003996 244.769772 239.832981 241.202836 237.478011 229.383787 224.430266 221.477150 213.831949 165.465134 -58.235931 -225.723409 -253.815526 -331.389160 -404.373733 -450.051057 -494.816041 -543.622867 -544.861007 -529.779066 -546.005439 -567.152661 -585.342053 -561.164998 -547.179558 -537.266484 -546.698854 -538.905190 -506.842210 -461.773470 -423.205232 -377.137045 -321.342101 -270.696733 -206.371884 -133.936415 141.502903 204.545806 224.596315 260.606678 301.200773 311.724641 324.653396 352.830044 370.592594 334.310502 314.615957 302.140590 289.843525 264.178037 235.702566 213.324973 144.602751 -153.531568 -9999.0 -9999.0 -9999.0 -9999.0 -9999.0 -9999.0 -9999.0
-9999.0 -1484.170177 -1247.232074 -992.772299 -692.035553 -468.696256 -311.202250 -161.113093 139.174049 178.223114 190.474949 200.794725 210.766447 219.249087 209.202248 191.379057 152.392274 44.358828 2.053745 -106.639854 -174.550787 -200.749161 -201.347371 -211.208016 -244.755003 -263.269269 -275.304867 -300.516856 -342.259697 -399.374827 -478.529336 -540.313946 -597.986333 -632.165722 -660.961074 -692.845699 -731.416101 -720.579488 -705.470411 -710.303654 -723.097531 -728.151159 -699.035592 -681.454010 -671.850559 -685.731626 -668.333900 -642.559639 -602.657668 -564.032883 -520.376713 -471.278099 -423.470947 -396.409528 -382.065024 -350.686449 -302.719362 -233.121069 -35.088623 198.364414 246.390486 280.592440 301.888563 313.701845 320.176837 339.258383 338.976666 306.313060 272.311524 279.487266 279.757408 -9999.0 -9999.0 -9999.0 -9999.0 -9999.0 -9999.0 -9999.0 -9999.0 -9999.0
-9999.0 -9999.0 -1485.292646 -1289.601730 -1121.618819 -936.438317 -792.713134 -695.851135 -632.715427 -556.515040 -475.550620 -405.071742 -365.221869 -349.174737 -370.283525 -415.647182 -444.669853 -444.400790 -452.678400 -466.969539 -491.048402 -499.473204 -507.285197 -513.906783 -526.954833 -533.947243 -538.454755 -548.217789 -569.237976 -613.710210 -665.535076 -716.071174 -769.308072 -793.361539 -814.755630 -837.357901 -841.467627 -842.401244 -835.205186 -834.169645 -829.511662 -818.339445 -797.710151 -777.045882 -768.091999 -762.000082 -749.903703 -727.045126 -694.972556 -655.959963 -606.240670 -553.884930 -519.117879 -509.804030 -520.906429 -516.746893 -497.067195 -456.378310 -372.522501 -273.995832 -128.178872 149.770307 221.306377 249.623882 274.080882 288.148538 301.934346 285.717739 182.393134 255.083346 -9999.0 -9999.0 -9999.0 -9999.0 -9999.0 -9999.0 -9999.0 -9999.0 -9999.0 -9999.0
-9999.0 -9999.0 -9999.0 -9999.0 -1432.371981 -1274.130409 -1181.979960 -1101.193265 -986.131309 -885.276769 -799.756398 -729.799746 -683.023849 -661.891042 -675.279351 -683.940121 -692.856584 -695.373615 -703.066940 -709.499313 -715.913846 -723.180337 -732.826884 -739.964953 -740.919792 -737.745728 -739.293109 -751.497366 -765.938702 -793.761090 -818.254378 -853.015459 -889.805979 -918.477414 -931.197446 -938.420317 -937.958664 -942.898629 -933.167400 -927.296558 -912.745941 -897.424667 -873.588869 -845.872001 -833.972285 -820.240650 -810.792939 -790.282288 -761.196136 -709.967700 -649.791507 -596.508306 -565.527598 -564.255605 -592.524213 -610.324311 -615.623103 -590.837781 -547.782223 -483.911547 -388.259438 -311.803094 -232.065686 -137.533107 125.828603 204.524524 259.916483 278.319109 -9999.0 -9999.0 -9999.0 -9999.0 -9999.0 -9999.0 -9999.0 -9999.0 -9999.0 -9999.0 -9999.0 -9999.0
-9999.0 -9999.0 -9999.0 -9999.0 -9999.0 -9999.0 -1492.475604 -1399.654752 -1309.804156 -1195.066872 -1090.014653 -1003.704610 -933.810058 -912.123498 -898.175633 -877.787359 -883.111466 -899.064031 -914.239400 -898.683181 -890.630028 -894.852483 -920.677345 -922.325467 -919.302130 -909.715611 -910.469252 -916.191836 -940.337140 -933.409793 -935.477506 -958.019930 -983.674091 -998.043343 -1009.357151 -999.340391 -998.309288 -1010.338184 -1007.299732 -981.755298 -962.470295 -949.062788 -926.520699 -893.756974 -862.273664 -848.595625 -847.967522 -841.992120 -800.631420 -731.650796 -663.542263 -612.654399 -584.344759 -579.024436 -609.420031 -652.238310 -676.118719 -672.435260 -641.963175 -593.818392 -523.933768 -480.883975 -453.129023 -432.216935 -403.664305 -298.000823 -9999.0 -9999.0 -9999.0 -9999.0 -9999.0 -9999.0 -9999.0 -9999.0 -9999.0 -9999.0 -9999.0 -9999.0 -9999.0 -9999.0
-9999.0 -9999.0 -9999.0 -9999.0 -9999.0 -9999.0 -9999.0 -9999.0 -9999.0 -9999.0 -9999.0 -9999.0 -9999.0 -9999.0 -9999.0 -9999.0 -9999.0 -9999.0 -9999.0 -9999.0 -9999.0 -9999.0 -9999.0 -9999.0 -9999.0 -9999.0 -9999.0 -9999.0 -9999.0 -9999.0 -9999.0 -9999.0 -9999.0 -9999.0 -9999.0 -9999.0 -9999.0 -9999.0 -9999.0 -9999.0 -9999.0 -9999.0 -9999.0 -9999.0 -9999.0 -9999.0 -9999.0 -9999.0 -9999.0 -9999.0 -9999.0 -9999.0 -9999.0 -9999.0 -9999.0 -9999.0 -9999.0 -9999.0 -9999.0 -9999.0 -9999.0 -9999.0 -9999.0 -9999.0 -9999.0 -9999.0 -9999.0 -9999.0 -9999.0 -9999.0 -9999.0 -9999.0 -9999.0 -9999.0 -9999.0 -9999.0 -9999.0 -9999.0 -9999.0 -9999.0
-9999.0 -9999.0 -9999.0 -9999.0 -9999.0 -9999.0 -9999.0 -9999.0 -9999.0 -9999.0 -9999.0 -9999.0 -9999.0 -9999.0 -9999.0 -9999.0 -9999.0 -9999.0 -9999.0 -9999.0 -9999.0 -9999.0 -9999.0 -9999.0 -9999.0 -9999.0 -9999.0 -9999.0 -9999.0 -9999.0 -9999.0 -9999.0 -9999.0 -9999.0 -9999.0 -9999.0 -9999.0 -9999.0 -9999.0 -9999.0 -9999.0 -9999.0 -9999.0 -9999.0 -9999.0 -9999.0 -9999.0 -9999.0 -9999.0 -9999.0 -9999.0 -9999.0 -9999.0 -9999.0 -9999.0 -9999.0 -9999.0 -9999.0 -9999.0 -9999.0 -9999.0 -9999.0 -9999.0 -9999.0 -9999.0 -9999.0 -9999.0 -9999.0 -9999.0 -9999.0 -9999.0 -9999.0 -9999.0 -9999.0 -9999.0 -9999.0 -9999.0 -9999.0 -9999.0 -9999.0