Borden_/Borden1m_014/output_maps/psiliqL0001N0026.asc
ncols         80
nrows         18
xllcorner     620200.000000
yllcorner     5168000.000000
cellsize      1.000000
NODATA_value  -9999.0
-9999.0 -9999.0 -9999.0 -9999.0 -9999.0 -9999.0 -9999.0 -9999.0 -9999.0 -9999.0 -9999.0 -9999.0 -9999.0 -9999.0 -9999.0 -9999.0 -9999.0 -9999.0 -9999.0 -9999.0 -9999.0 -9999.0 -9999.0 -9999.0 -9999.0 -9999.0 -9999.0 -9999.0 -9999.0 -9999.0 -9999.0 -9999.0 -9999.0 -9999.0 -9999.0 -9999.0 -9999.0 -9999.0 -9999.0 -9999.0 -9999.0 -9999.0 -9999.0 -9999.0 -9999.0 -9999.0 -9999.0 -9999.0 -9999.0 -9999.0 -9999.0 -9999.0 -9999.0 -9999.0 -9999.0 -9999.0 -9999.0 -9999.0 -9999.0 -9999.0 -9999.0 -9999.0 -9999.0 -9999.0 -9999.0 -9999.0 -9999.0 -9999.0 -9999.0 -9999.0 -9999.0 -9999.0 -9999.0 -9999.0 -9999.0 -9999.0 -9999.0 -9999.0 -9999.0 -9999.0
-9999.0 -9999.0 -9999.0 -9999.0 -9999.0 -9999.0 -9999.0 -9999.0 -9999.0 -9999.0 -9999.0 -9999.0 -9999.0 -9999.0 -9999.0 -9999.0 -9999.0 -9999.0 -9999.0 -9999.0 -9999.0 -9999.0 -9999.0 -9999.0 -9999.0 -9999.0 -9999.0 -9999.0 -9999.0 -9999.0 -9999.0 -9999.0 -9999.0 -9999.0 -9999.0 -9999.0 -9999.0 -9999.0 -9999.0 -9999.0 -9999.0 -9999.0 -9999.0 -9999.0 -9999.0 -9999.0 -9999.0 -9999.0 -9999.0 -9999.0 -9999.0 -9999.0 -9999.0 -9999.0 -9999.0 -9999.0 -9999.0 -9999.0 -9999.0 -9999.0 -9999.0 -9999.0 -9999.0 -9999.0 -9999.0 -9999.0 -9999.0 -9999.0 -9999.0 -9999.0 -9999.0 -9999.0 -9999.0 -9999.0 -9999.0 -9999.0 -9999.0 -9999.0 -9999.0 -9999.0
-9999.0 -9999.0 -9999.0 -9999.0 -9999.0 -9999.0 -9999.0 -9999.0 -9999.0 -9999.0 -9999.0 -9999.0 -9999.0 -9999.0 -9999.0 -9999.0 -9999.0 -9999.0 -9999.0 -9999.0 -581.997824 -581.097647 -582.981189 -585.091008 -586.873117 -587.110187 -585.117427 -582.830745 -580.176818 -579.641039 -581.827120 -581.290520 -582.164319 -582.642783 -582.682483 -582.087875 -581.811885 -580.949670 -580.404192 -580.660579 -581.317184 -581.783302 -582.246519 -582.107229 -581.356901 -582.348746 -580.868560 -579.410251 -578.890582 -578.890525 -580.863216 -581.672771 -581.955171 -583.649375 -580.581297 -579.691046 -577.418127 -577.206005 -576.760627 -579.317474 -581.806606 -9999.0 -9999.0 -9999.0 -9999.0 -9999.0 -9999.0 -9999.0 -9999.0 -9999.0 -9999.0 -9999.0 -9999.0 -9999.0 -9999.0 -9999.0 -9999.0 -9999.0 -9999.0 -9999.0
-9999.0 -9999.0 -9999.0 -9999.0 -9999.0 -9999.0 -9999.0 -9999.0 -9999.0 -9999.0 -9999.0 -9999.0 -9999.0 -9999.0 -585.320648 -586.351370 -586.833079 -587.157771 -585.372973 -583.993991 -583.976702 -585.048790 -584.155217 -586.197780 -587.993130 -586.897423 -585.378836 -584.155806 -582.067393 -580.422333 -581.962878 -582.341236 -581.510669 -578.529278 -577.192257 -577.819302 -581.322648 -578.064128 -576.396230 -575.292062 -575.430436 -577.030912 -574.778358 -572.150241 -573.500353 -576.268905 -575.724174 -574.206119 -571.616982 -572.959782 -581.511919 -582.368967 -581.909735 -581.718305 -582.844032 -583.681054 -580.596370 -581.045585 -581.543957 -582.050757 -583.791147 -586.636140 -587.906232 -584.934346 -582.294105 -576.730726 -9999.0 -9999.0 -9999.0 -9999.0 -9999.0 -9999.0 -9999.0 -9999.0 -9999.0 -9999.0 -9999.0 -9999.0 -9999.0 -9999.0
-9999.0 -9999.0 -9999.0 -9999.0 -9999.0 -9999.0 -9999.0 -9999.0 -9999.0 -586.900980 -587.212975 -586.942168 -587.642643 -586.766905 -588.289539 -587.952758 -588.228222 -587.026261 -586.070542 -584.371754 -582.037810 -583.796693 -584.023192 -582.749627 -582.546729 -582.070422 -581.066914 -577.179909 -572.624930 -565.252455 -571.532636 -571.790538 -568.396868 -555.203229 -542.620465 -538.535056 -545.366755 -545.493608 -537.158513 -526.591329 -526.480392 -527.465923 -515.486502 -507.773923 -501.878641 -513.954106 -525.184028 -526.957527 -512.308431 -536.500936 -555.292564 -569.746293 -568.873051 -573.579854 -578.603759 -580.440298 -581.156996 -577.560345 -578.920145 -582.138584 -584.721055 -583.831998 -585.289699 -583.883364 -582.926030 -578.728164 -574.899997 -571.090367 -570.895527 -573.341551 -9999.0 -9999.0 -9999.0 -9999.0 -9999.0 -9999.0 -9999.0 -9999.0 -9999.0 -9999.0
-9999.0 -9999.0 -9999.0 -9999.0 -9999.0 -9999.0 -588.571040 -588.724292 -588.186129 -590.051248 -588.806852 -589.730967 -588.809134 -588.428479 -587.858936 -587.865375 -586.307933 -584.967704 -582.630103 -579.451136 -576.427923 -578.051715 -577.263061 -572.790081 -563.447773 -554.336627 -548.573203 -537.806691 -495.723026 -441.620540 -414.771716 -400.452101 -381.640382 -356.196676 -305.842800 -235.941132 -309.771166 -329.423091 -315.638342 -275.895254 -185.962168 -185.164950 -180.141203 -173.260013 -147.356843 -151.654109 -270.247831 -299.491210 -307.756576 -315.160242 -349.953968 -387.317734 -457.881016 -508.848162 -543.293877 -559.195267 -562.136361 -559.930171 -566.130351 -574.044431 -578.616982 -578.604318 -579.468362 -581.153535 -580.402709 -578.729196 -576.064585 -574.374434 -575.659148 -577.376327 -578.636466 -581.407130 -580.963415 -578.265931 -9999.0 -9999.0 -9999.0 -9999.0 -9999.0 -9999.0
-9999.0 -9999.0 -9999.0 -9999.0 -591.357379 -590.526628 -593.046671 -591.664370 -590.608385 -589.835856 -589.888347 -588.448953 -588.093691 -587.087418 -584.857291 -583.089950 -579.888352 -577.481920 -570.459221 -554.602585 -538.075568 -527.184387 -520.227984 -460.202431 -380.144604 -346.472814 -335.153332 -314.853609 -268.340369 -140.109475 -114.869352 -139.663666 -92.769199 -101.483146 -28.144708 5.387225 -13.394094 -57.045431 -17.619327 -10.410581 12.571139 13.000647 13.786449 13.834601 15.846777 17.894745 -1.104694 -69.320090 -42.698665 -48.401185 -106.713923 -125.776958 -235.901831 -276.005995 -299.318441 -332.772240 -378.125682 -404.023547 -486.924255 -524.814104 -549.741075 -558.033388 -565.568664 -569.244776 -574.055607 -573.232461 -571.933012 -574.335343 -577.366189 -580.202802 -580.510351 -581.724713 -583.115102 -579.638116 -578.437210 -574.610319 -9999.0 -9999.0 -9999.0 -9999.0
-9999.0 -9999.0 -591.423062 -591.396112 -589.168788 -590.609445 -591.424108 -592.649725 -592.205942 -590.081184 -585.946407 -584.197937 -581.346506 -579.873356 -573.039513 -554.352917 -529.781183 -505.811464 -430.924825 -369.253414 -327.952285 -290.718137 -198.759396 -162.616993 -148.885711 -71.046411 -90.254333 -30.327883 -7.127175 17.799492 42.997808 56.639508 62.393694 57.213081 56.433525 53.912208 52.735739 48.416249 32.578587 30.290971 37.239873 39.448378 42.643708 30.832862 27.063213 39.097514 41.382473 41.813092 43.952551 52.674917 62.290333 34.358206 -17.584481 -28.077915 -71.797528 -67.926954 -126.629561 -228.119977 -260.095375 -298.994860 -358.005566 -390.439360 -463.747900 -517.015417 -542.296296 -553.127625 -563.307832 -569.346366 -574.682884 -579.482888 -580.894740 -581.725316 -581.038011 -581.545164 -579.699298 -578.310526 -576.204389 -575.416284 -9999.0 -9999.0
-9999.0 -591.956161 -592.789950 -588.810491 -588.263051 -587.493685 -586.331832 -585.339891 -584.298696 -586.006688 -574.603041 -550.343643 -522.139195 -509.525411 -447.486025 -350.858475 -194.840525 -164.523654 -164.152359 -99.334495 -52.257613 -14.972111 8.568203 40.939316 63.472425 58.308217 56.015553 53.873616 45.982730 38.365439 28.431226 36.671258 35.455190 20.846238 8.787332 8.446856 5.626129 -27.947879 -42.204494 -53.944140 -48.709198 -27.901631 -76.570124 -57.706431 -61.475785 -42.424612 -27.251183 -71.600108 -47.805324 -32.162101 -3.117058 13.709852 30.033374 43.881580 62.732359 41.858603 9.785795 -25.399170 -74.173463 -61.554252 -172.071620 -235.530989 -288.111375 -344.187234 -386.446144 -469.572036 -525.349762 -547.776990 -563.050037 -568.467358 -571.755278 -578.451087 -580.140024 -578.702440 -579.584844 -579.683930 -578.857057 -578.217700 -9999.0 -9999.0
-9999.0 -595.598296 -591.964921 -587.787987 -582.522218 -581.828133 -561.892784 -541.651062 -534.080893 -545.096917 -482.073348 -188.906812 -129.262391 -128.768156 -77.895799 -11.404843 28.713964 49.218648 62.443950 53.440647 47.517988 48.781674 44.368358 35.820816 22.104185 15.698045 15.501536 14.288302 -1.926218 -18.941358 -65.628406 -33.678395 -46.019857 -78.829633 -109.400612 -120.714442 -142.032997 -215.153600 -259.331066 -288.706492 -301.281566 -282.178584 -292.446928 -309.560252 -312.911468 -290.818995 -257.511354 -262.678202 -255.853424 -231.270946 -186.174586 -97.463683 -78.437524 -53.853358 -50.066922 14.195053 32.387150 51.669543 57.173159 34.000399 -2.895111 -46.744772 -73.268451 -184.450255 -256.635523 -329.481338 -370.344486 -401.378359 -489.385247 -524.100695 -544.486257 -560.101361 -570.526615 -572.776005 -577.620046 -578.345206 -9999.0 -9999.0 -9999.0 -9999.0
-9999.0 -595.530867 -591.923051 -583.783502 -563.020268 -526.477898 -381.117093 -264.933161 -85.402621 -143.676155 -18.980253 49.531773 56.690195 40.359708 13.991854 10.321556 19.238407 21.410016 16.386469 8.465981 -0.899643 -4.591587 -35.409529 -13.545384 -25.330202 -38.423940 -48.829351 -58.084494 -150.599744 -187.017682 -214.245166 -231.421368 -265.500611 -339.408228 -363.859709 -381.071142 -451.455334 -469.069789 -485.458799 -510.584802 -520.323444 -526.172890 -518.180696 -520.353545 -521.139549 -515.993787 -501.386946 -487.255280 -431.021798 -387.045966 -362.252208 -323.939700 -293.182227 -248.856340 -197.082235 -91.212262 -64.603180 -39.216999 -26.968133 34.517281 54.550601 47.500705 19.559997 -13.962578 -68.938567 -186.623979 -234.895585 -294.316159 -345.075962 -377.128549 -400.240432 -470.026121 -528.217475 -557.601813 -564.756998 -9999.0 -9999.0 -9999.0 -9999.0 -9999.0
-9999.0 -600.290675 -591.344851 -584.629187 -546.106875 -369.363601 -287.303807 -12.200288 37.760405 -29.609835 -146.918351 -61.845780 -79.840282 -29.742219 -53.996280 -62.993487 -69.078331 -69.679803 -58.235059 -85.039428 -166.253094 -184.474604 -187.181395 -200.393759 -224.535283 -244.419418 -259.584812 -280.677436 -328.460697 -359.580073 -402.860011 -443.163802 -514.783422 -543.039325 -555.560564 -565.827299 -574.838607 -574.653895 -571.885258 -574.352298 -576.924738 -579.630257 -576.406463 -574.939408 -573.494493 -575.281339 -574.793659 -570.251915 -562.327216 -553.014772 -537.274135 -511.198312 -465.541581 -390.664402 -369.152641 -331.183148 -290.826530 -241.984638 -167.909286 -45.091394 -21.300116 9.911596 45.751525 63.503107 26.211804 -8.305715 -60.418350 -171.757487 -255.060586 -296.993277 -319.274820 -345.447440 -379.407439 -9999.0 -9999.0 -9999.0 -9999.0 -9999.0 -9999.0 -9999.0
-9999.0 -603.325129 -593.464001 -591.640715 -579.482106 -550.445516 -483.254069 -364.903394 -196.060949 -327.097787 -340.594069 -321.596597 -297.685926 -278.364598 -299.518241 -326.297731 -343.364988 -339.943165 -338.155505 -353.988770 -372.306868 -379.987825 -380.778231 -389.812330 -430.955847 -458.329658 -473.569638 -497.014414 -521.028076 -541.908916 -564.309915 -573.785822 -580.102738 -582.252150 -583.801032 -585.423470 -588.582015 -586.865197 -585.531640 -585.893192 -586.912689 -587.698731 -585.383008 -584.603067 -583.868126 -586.038197 -584.562455 -583.241673 -580.200149 -577.029736 -572.328329 -565.020381 -554.897088 -546.704378 -539.864645 -526.146064 -497.793381 -412.039015 -352.065383 -265.759449 -191.896509 -96.137233 -48.265112 -48.606210 4.459218 11.950230 20.948208 -1.299534 -223.126184 -252.374656 -263.883768 -9999.0 -9999.0 -9999.0 -9999.0 -9999.0 -9999.0 -9999.0 -9999.0 -9999.0
-9999.0 -9999.0 -605.123175 -600.934517 -597.042697 -593.305239 -588.061106 -580.884056 -575.440868 -567.800435 -555.506726 -539.885192 -528.225483 -522.180958 -530.253610 -544.646356 -552.152186 -551.591274 -553.495337 -557.298728 -563.771092 -566.170061 -567.698112 -568.911591 -571.462928 -572.524419 -572.958133 -573.858201 -575.828878 -580.129218 -583.819169 -586.254238 -588.939059 -588.802316 -589.227675 -590.178880 -589.441423 -589.618240 -589.363693 -589.517655 -589.334769 -588.930145 -588.422345 -587.729288 -587.714932 -587.539793 -587.288168 -586.509381 -585.306055 -583.719261 -580.532505 -575.686269 -571.823749 -570.851040 -572.866951 -572.162090 -569.203321 -561.803978 -534.312419 -460.753182 -372.260637 -317.410175 -247.167675 -198.349518 -170.259580 -102.137845 -45.097563 -173.036062 -284.125149 -276.930153 -9999.0 -9999.0 -9999.0 -9999.0 -9999.0 -9999.0 -9999.0 -9999.0 -9999.0 -9999.0
-9999.0 -9999.0 -9999.0 -9999.0 -606.489853 -600.911280 -595.859804 -596.342135 -592.756435 -590.693555 -588.705800 -586.223669 -584.185759 -582.768687 -584.676328 -585.220048 -585.621519 -585.299147 -585.658673 -586.195566 -586.483695 -586.780355 -587.018997 -587.439780 -587.302330 -586.935884 -586.827898 -587.529505 -587.499651 -588.904449 -589.119583 -589.896666 -590.655358 -591.529998 -591.346870 -591.469441 -591.081383 -591.488078 -590.850142 -591.263477 -590.802526 -590.600877 -590.032444 -589.104666 -589.507505 -588.968225 -588.948424 -588.224128 -587.973987 -586.057111 -582.863196 -579.051715 -576.384372 -576.501449 -579.928574 -581.284252 -582.050267 -579.869788 -576.012487 -567.242523 -541.258022 -503.873366 -409.698733 -369.949270 -346.198000 -304.317481 -250.837250 -231.785170 -9999.0 -9999.0 -9999.0 -9999.0 -9999.0 -9999.0 -9999.0 -9999.0 -9999.0 -9999.0 -9999.0 -9999.0
-9999.0 -9999.0 -9999.0 -9999.0 -9999.0 -9999.0 -604.295262 -601.619730 -602.286919 -600.460154 -598.882366 -597.585414 -595.450624 -595.853759 -595.334956 -593.614620 -593.902151 -594.712376 -595.730299 -594.199115 -593.589419 -593.410691 -595.094019 -594.626009 -594.480905 -593.815694 -593.883991 -593.593868 -595.073749 -593.386314 -592.589518 -592.914788 -593.227431 -592.906960 -593.289235 -592.192852 -592.063591 -592.936347 -593.178355 -591.938286 -591.606355 -591.802315 -591.566370 -590.725606 -589.478647 -589.314944 -589.899651 -590.710394 -589.414741 -586.447148 -583.063160 -579.992454 -577.926982 -577.202099 -580.049828 -583.803562 -585.637526 -585.873497 -584.330725 -581.320805 -573.747870 -568.087443 -562.992405 -555.723638 -547.201881 -497.611116 -9999.0 -9999.0 -9999.0 -9999.0 -9999.0 -9999.0 -9999.0 -9999.0 -9999.0 -9999.0 -9999.0 -9999.0 -9999.0 -9999.0
-9999.0 -9999.0 -9999.0 -9999.0 -9999.0 -9999.0 -9999.0 -9999.0 -9999.0 -9999.0 -9999.0 -9999.0 -9999.0 -9999.0 -9999.0 -9999.0 -9999.0 -9999.0 -9999.0 -9999.0 -9999.0 -9999.0 -9999.0 -9999.0 -9999.0 -9999.0 -9999.0 -9999.0 -9999.0 -9999.0 -9999.0 -9999.0 -9999.0 -9999.0 -9999.0 -9999.0 -9999.0 -9999.0 -9999.0 -9999.0 -9999.0 -9999.0 -9999.0 -9999.0 -9999.0 -9999.0 -9999.0 -9999.0 -9999.0 -9999.0 -9999.0 -9999.0 -9999.0 -9999.0 -9999.0 -9999.0 -9999.0 -9999.0 -9999.0 -9999.0 -9999.0 -9999.0 -9999.0 -9999.0 -9999.0 -9999.0 -9999.0 -9999.0 -9999.0 -9999.0 -9999.0 -9999.0 -9999.0 -9999.0 -9999.0 -9999.0 -9999.0 -9999.0 -9999.0 -9999.0
-9999.0 -9999.0 -9999.0 -9999.0 -9999.0 -9999.0 -9999.0 -9999.0 -9999.0 -9999.0 -9999.0 -9999.0 -9999.0 -9999.0 -9999.0 -9999.0 -9999.0 -9999.0 -9999.0 -9999.0 -9999.0 -9999.0 -9999.0 -9999.0 -9999.0 -9999.0 -9999.0 -9999.0 -9999.0 -9999.0 -9999.0 -9999.0 -9999.0 -9999.0 -9999.0 -9999.0 -9999.0 -9999.0 -9999.0 -9999.0 -9999.0 -9999.0 -9999.0 -9999.0 -9999.0 -9999.0 -9999.0 -9999.0 -9999.0 -9999.0 -9999.0 -9999.0 -9999.0 -9999.0 -9999.0 -9999.0 -9999.0 -9999.0 -9999.0 -9999.0 -9999.0 -9999.0 -9999.0 -9999.0 -9999.0 -9999.0 -9999.0 -9999.0 -9999.0 -9999.0 -9999.0 -9999.0 -9999.0 -9999.0 -9999.0 -9999.0 -9999.0 -9999.0 -9999.0 -9999.0