Borden_/Borden1m_014/output_maps/psiliqL0018N0024.asc
ncols         80
nrows         18
xllcorner     620200.000000
yllcorner     5168000.000000
cellsize      1.000000
NODATA_value  -9999.0
-9999.0 -9999.0 -9999.0 -9999.0 -9999.0 -9999.0 -9999.0 -9999.0 -9999.0 -9999.0 -9999.0 -9999.0 -9999.0 -9999.0 -9999.0 -9999.0 -9999.0 -9999.0 -9999.0 -9999.0 -9999.0 -9999.0 -9999.0 -9999.0 -9999.0 -9999.0 -9999.0 -9999.0 -9999.0 -9999.0 -9999.0 -9999.0 -9999.0 -9999.0 -9999.0 -9999.0 -9999.0 -9999.0 -9999.0 -9999.0 -9999.0 -9999.0 -9999.0 -9999.0 -9999.0 -9999.0 -9999.0 -9999.0 -9999.0 -9999.0 -9999.0 -9999.0 -9999.0 -9999.0 -9999.0 -9999.0 -9999.0 -9999.0 -9999.0 -9999.0 -9999.0 -9999.0 -9999.0 -9999.0 -9999.0 -9999.0 -9999.0 -9999.0 -9999.0 -9999.0 -9999.0 -9999.0 -9999.0 -9999.0 -9999.0 -9999.0 -9999.0 -9999.0 -9999.0 -9999.0
-9999.0 -9999.0 -9999.0 -9999.0 -9999.0 -9999.0 -9999.0 -9999.0 -9999.0 -9999.0 -9999.0 -9999.0 -9999.0 -9999.0 -9999.0 -9999.0 -9999.0 -9999.0 -9999.0 -9999.0 -9999.0 -9999.0 -9999.0 -9999.0 -9999.0 -9999.0 -9999.0 -9999.0 -9999.0 -9999.0 -9999.0 -9999.0 -9999.0 -9999.0 -9999.0 -9999.0 -9999.0 -9999.0 -9999.0 -9999.0 -9999.0 -9999.0 -9999.0 -9999.0 -9999.0 -9999.0 -9999.0 -9999.0 -9999.0 -9999.0 -9999.0 -9999.0 -9999.0 -9999.0 -9999.0 -9999.0 -9999.0 -9999.0 -9999.0 -9999.0 -9999.0 -9999.0 -9999.0 -9999.0 -9999.0 -9999.0 -9999.0 -9999.0 -9999.0 -9999.0 -9999.0 -9999.0 -9999.0 -9999.0 -9999.0 -9999.0 -9999.0 -9999.0 -9999.0 -9999.0
-9999.0 -9999.0 -9999.0 -9999.0 -9999.0 -9999.0 -9999.0 -9999.0 -9999.0 -9999.0 -9999.0 -9999.0 -9999.0 -9999.0 -9999.0 -9999.0 -9999.0 -9999.0 -9999.0 -9999.0 1752.309859 1755.008726 1734.217064 1701.861144 1675.476549 1679.338990 1715.214749 1758.186357 1798.852050 1810.049821 1793.799451 1798.528907 1795.472065 1794.205034 1796.763280 1804.647012 1810.391922 1821.601297 1830.209691 1830.081139 1824.616691 1820.494207 1822.195162 1824.939206 1830.302687 1817.419834 1830.853774 1844.897780 1848.260281 1842.071072 1814.198247 1797.736593 1786.705324 1768.719413 1791.521625 1801.054025 1821.724333 1823.945034 1820.402570 1792.218153 1761.364023 -9999.0 -9999.0 -9999.0 -9999.0 -9999.0 -9999.0 -9999.0 -9999.0 -9999.0 -9999.0 -9999.0 -9999.0 -9999.0 -9999.0 -9999.0 -9999.0 -9999.0 -9999.0 -9999.0
-9999.0 -9999.0 -9999.0 -9999.0 -9999.0 -9999.0 -9999.0 -9999.0 -9999.0 -9999.0 -9999.0 -9999.0 -9999.0 -9999.0 1657.983411 1649.688148 1648.358521 1657.992114 1692.682439 1724.016879 1736.241356 1729.942288 1731.441432 1709.228841 1689.762398 1705.246898 1736.912239 1770.231717 1806.601196 1828.157022 1819.214505 1818.863401 1829.194752 1853.687182 1865.625062 1863.239396 1844.789694 1869.101244 1884.670996 1892.727042 1892.882101 1885.090066 1897.156511 1912.384329 1905.089140 1887.776929 1893.763869 1905.239456 1915.239167 1901.603457 1837.926286 1818.899791 1812.358156 1803.920748 1787.747344 1780.018562 1804.188021 1801.835110 1791.890343 1772.501958 1738.387054 1693.251525 1673.284946 1710.973916 1753.114274 1808.666496 -9999.0 -9999.0 -9999.0 -9999.0 -9999.0 -9999.0 -9999.0 -9999.0 -9999.0 -9999.0 -9999.0 -9999.0 -9999.0 -9999.0
-9999.0 -9999.0 -9999.0 -9999.0 -9999.0 -9999.0 -9999.0 -9999.0 -9999.0 1596.239287 1602.149467 1610.710979 1614.703603 1631.726021 1630.119057 1638.713865 1646.566053 1675.522997 1707.833884 1743.977720 1773.508294 1766.301876 1768.179787 1778.288543 1780.900242 1793.694408 1817.253849 1859.127344 1898.445105 1940.116110 1912.655554 1911.853085 1932.127530 1978.080888 2008.029161 2013.541997 1995.516664 2007.219698 2032.291842 2053.175114 2053.094424 2050.796113 2076.376692 2090.804163 2089.013706 2067.562167 2057.788134 2058.964708 2083.800670 2031.339194 1963.981379 1915.822956 1921.084862 1891.495262 1855.231238 1835.597741 1831.561764 1849.565084 1833.111998 1794.593932 1757.380264 1744.308316 1725.089993 1741.378481 1761.853443 1806.098155 1843.515392 1870.451388 1868.168297 1849.525120 -9999.0 -9999.0 -9999.0 -9999.0 -9999.0 -9999.0 -9999.0 -9999.0 -9999.0 -9999.0
-9999.0 -9999.0 -9999.0 -9999.0 -9999.0 -9999.0 1515.480195 1526.326080 1548.071877 1553.237965 1580.444909 1588.861579 1610.888447 1631.564463 1655.239483 1672.716681 1703.426905 1737.712474 1779.207194 1822.736872 1855.758251 1850.912503 1862.570335 1891.864771 1929.221334 1957.172258 1983.791659 2025.575570 2103.100740 2146.282146 2151.674588 2157.584045 2168.490656 2218.445666 2282.496565 2295.712209 2275.179648 2261.099735 2282.605050 2319.872132 2324.554231 2326.577164 2339.644934 2350.035190 2375.597464 2364.344469 2323.644688 2310.677211 2310.373237 2290.846935 2226.222057 2163.150983 2131.316567 2079.486476 1994.921546 1942.128655 1951.738824 1970.087397 1940.236244 1884.879427 1843.656579 1831.856133 1815.214124 1801.124621 1806.598011 1824.149801 1844.185138 1853.502197 1838.397849 1815.320453 1791.238707 1761.105742 1761.852160 1786.045699 -9999.0 -9999.0 -9999.0 -9999.0 -9999.0 -9999.0
-9999.0 -9999.0 -9999.0 -9999.0 1464.018824 1477.942006 1466.216308 1493.215125 1527.437316 1563.301442 1595.836468 1633.386317 1661.946938 1693.857533 1734.706989 1767.949836 1809.578557 1846.256536 1901.716023 1970.555551 2022.242282 2045.578319 2061.919401 2121.005373 2183.331522 2236.263902 2258.652410 2287.894777 2335.088038 2396.729978 2424.829183 2432.169299 2450.654254 2488.895853 2539.150052 2574.079954 2557.008345 2548.379340 2555.337148 2568.095730 2592.192638 2594.279692 2596.800800 2600.027779 2605.111071 2602.902876 2576.568546 2541.879568 2526.058341 2515.539272 2482.564606 2411.445288 2372.281340 2339.889171 2301.130578 2246.870256 2186.155155 2173.033190 2113.825522 2053.932458 1992.443768 1971.695240 1940.793938 1914.589608 1885.515163 1886.507027 1888.430529 1865.848439 1830.896838 1796.538200 1779.726733 1759.309107 1746.530017 1775.468509 1791.890012 1821.095213 -9999.0 -9999.0 -9999.0 -9999.0
-9999.0 -9999.0 1402.795808 1451.252742 1509.570632 1519.222653 1519.465175 1526.652259 1556.946065 1610.835568 1684.948131 1733.745005 1774.879487 1811.175576 1871.960244 1948.834729 2020.100129 2070.095127 2133.484419 2206.353788 2270.089905 2303.675003 2321.342673 2363.182170 2419.642094 2485.089799 2513.606375 2541.546846 2576.074230 2612.553462 2619.593807 2633.499683 2643.490342 2649.490654 2657.931932 2661.026626 2655.412648 2648.774339 2628.965519 2624.115445 2630.986597 2637.565745 2638.573480 2625.078895 2621.145193 2634.850866 2639.151856 2637.594608 2636.181764 2642.891924 2643.995102 2601.832431 2569.340758 2552.284267 2538.722822 2492.405150 2425.978541 2385.267125 2360.648487 2314.670486 2235.990805 2185.913731 2135.394065 2087.434978 2035.079696 2005.161369 1958.200525 1914.340363 1865.884554 1817.540487 1792.087551 1772.621649 1768.550173 1766.632391 1781.574513 1795.617741 1810.018484 1817.302090 -9999.0 -9999.0
-9999.0 1297.077309 1369.535391 1495.357213 1576.342912 1620.807076 1648.180325 1668.074115 1698.856054 1730.161172 1832.091198 1911.802514 2003.068570 2044.193138 2095.822799 2194.352268 2291.414932 2341.019290 2382.998677 2444.043784 2507.911109 2558.671946 2588.968567 2592.746406 2629.746502 2648.684777 2653.751783 2658.696167 2656.898055 2649.539388 2641.707130 2647.844420 2643.700259 2624.053791 2607.279823 2603.426305 2596.689669 2570.189039 2538.621416 2521.791431 2522.897795 2546.906855 2533.722553 2512.943502 2509.348543 2531.313224 2553.056330 2545.069141 2533.835526 2553.737221 2589.762759 2613.686492 2621.912234 2639.338682 2660.125331 2633.411997 2606.630812 2563.198695 2541.502819 2511.184580 2451.435099 2390.152025 2334.314291 2272.763792 2206.532658 2140.175590 2076.695918 2013.960484 1946.895453 1903.986677 1871.296313 1820.344774 1798.924690 1799.349070 1789.313315 1784.985257 1789.565499 1795.230911 -9999.0 -9999.0
-9999.0 1211.822160 1353.607200 1537.035816 1685.583486 1741.445030 1833.966965 1909.077683 1936.390430 1904.032429 2012.656846 2233.123986 2345.381325 2367.120301 2443.480646 2538.129834 2549.938811 2584.903851 2609.884223 2626.595772 2640.199672 2653.046120 2652.875669 2648.546896 2634.051018 2626.118750 2624.188399 2620.559553 2601.949804 2581.539945 2562.641981 2556.847856 2535.441987 2488.055324 2453.490986 2434.452746 2415.372123 2394.799193 2361.552770 2332.753708 2315.222547 2328.680918 2323.805375 2307.677429 2304.236081 2326.703379 2359.426316 2358.203014 2370.308315 2393.576897 2434.122975 2475.228626 2499.205745 2531.163410 2570.278470 2617.023319 2631.671255 2654.086867 2657.964620 2640.905339 2594.849728 2539.764980 2503.968968 2440.026603 2367.347949 2288.397240 2223.225055 2160.387674 2089.937585 2042.537846 1993.993513 1934.709229 1880.801432 1858.932062 1818.506739 1798.595339 -9999.0 -9999.0 -9999.0 -9999.0
-9999.0 1125.815180 1311.548769 1564.728641 1847.687337 1949.330495 2155.670321 2283.759048 2339.260531 2410.562137 2363.008096 2531.328512 2578.319144 2577.506171 2584.452572 2591.507738 2609.378803 2614.017892 2612.007008 2603.326020 2595.363438 2591.960307 2590.915906 2583.115592 2569.973267 2553.680050 2537.805353 2523.082415 2483.431448 2448.483963 2409.383814 2392.758734 2350.255333 2256.265441 2213.027042 2174.616165 2114.877904 2108.860602 2104.411815 2075.025995 2054.423695 2030.645546 2054.613586 2061.623021 2065.192596 2066.909086 2083.095454 2110.824630 2158.817004 2197.158724 2242.333020 2295.898976 2333.008474 2377.972618 2424.324393 2481.262686 2516.274243 2549.215514 2599.844240 2639.648076 2663.363198 2650.758416 2624.239058 2575.394770 2502.168885 2435.739230 2386.262773 2313.076220 2248.337707 2193.923708 2144.504173 2089.779836 2022.437717 1946.200952 1904.141243 -9999.0 -9999.0 -9999.0 -9999.0 -9999.0
-9999.0 933.141844 1199.786645 1481.513947 1784.752023 2118.859894 2267.062985 2388.730012 2461.509661 2436.184876 2450.410580 2469.565879 2514.134764 2525.186076 2507.175710 2499.118916 2487.893397 2489.142619 2503.262741 2477.719407 2448.730145 2435.433024 2434.782431 2422.307303 2397.468995 2379.392567 2366.437670 2344.082868 2294.440774 2241.678526 2157.513416 2123.720560 2044.818011 1992.701143 1949.584590 1899.610919 1849.082077 1848.139962 1865.938854 1851.515404 1828.907713 1810.363487 1837.656502 1856.857752 1869.992275 1858.115876 1867.732520 1904.596634 1955.028312 2000.094297 2050.408256 2105.957922 2153.464736 2201.564439 2233.336890 2283.399118 2333.637473 2382.288137 2457.469853 2538.541715 2578.650423 2614.749250 2646.320458 2661.760704 2608.688011 2559.913716 2508.226306 2447.864663 2370.303501 2320.591640 2289.280588 2239.234445 2180.210375 -9999.0 -9999.0 -9999.0 -9999.0 -9999.0 -9999.0 -9999.0
-9999.0 811.041536 1022.335739 1240.858674 1515.680306 1752.693921 1957.671742 2063.654700 2143.310107 2191.744699 2234.131230 2271.186023 2302.945545 2327.612093 2308.621547 2269.026649 2240.953743 2246.365817 2241.603724 2219.098443 2190.341997 2175.706755 2172.380039 2164.813247 2139.776901 2124.649580 2112.878800 2088.887012 2055.949994 1999.775827 1921.344068 1847.188827 1787.043807 1757.573365 1728.925509 1696.987770 1662.976653 1672.878744 1684.378362 1681.151439 1671.234468 1668.843874 1697.834836 1717.170842 1727.516415 1716.801356 1736.627807 1763.470279 1805.198460 1849.025447 1898.684127 1954.281119 2008.698239 2038.015979 2051.450215 2076.127087 2115.955162 2170.704443 2257.454144 2353.691056 2433.947817 2484.255693 2536.831466 2573.165259 2588.355402 2598.295203 2576.989297 2503.886175 2406.921268 2388.464028 2378.209964 -9999.0 -9999.0 -9999.0 -9999.0 -9999.0 -9999.0 -9999.0 -9999.0 -9999.0
-9999.0 -9999.0 791.303717 961.837834 1088.850647 1264.388372 1413.405532 1523.979427 1617.439319 1739.470456 1849.833975 1936.860132 1982.244215 2000.467313 1987.930434 1957.755265 1938.671029 1939.274257 1929.203513 1919.800008 1901.192455 1893.512308 1881.372007 1872.386565 1862.645727 1856.964341 1850.916714 1838.944841 1816.926378 1770.421729 1723.815279 1673.365677 1620.911450 1595.549691 1573.864240 1552.826335 1552.177888 1547.449186 1552.490255 1553.939993 1561.177620 1573.972392 1593.855780 1616.134918 1626.151547 1635.728812 1648.465908 1672.471038 1705.759784 1748.539715 1803.058773 1861.589851 1902.222453 1915.601424 1906.301145 1911.468647 1931.643431 1974.074092 2053.836025 2137.812246 2234.822871 2307.595400 2380.863269 2434.947216 2453.390931 2471.665945 2492.583590 2451.368084 2323.768330 2350.396939 -9999.0 -9999.0 -9999.0 -9999.0 -9999.0 -9999.0 -9999.0 -9999.0 -9999.0 -9999.0
-9999.0 -9999.0 -9999.0 -9999.0 821.600074 974.705109 1072.253565 1155.201268 1285.618271 1408.423947 1509.980596 1594.061280 1657.566264 1684.519952 1682.147913 1690.633372 1687.496872 1681.249057 1671.612847 1671.880918 1671.890667 1664.477041 1649.383359 1641.680841 1642.435149 1647.087714 1643.814319 1629.490057 1610.928341 1589.458409 1570.095141 1536.062910 1500.488497 1471.273434 1458.008677 1452.528849 1452.074047 1444.702519 1453.085249 1460.524239 1475.724055 1490.835490 1514.503641 1543.657842 1557.749980 1572.763756 1582.656719 1603.259239 1633.962043 1687.701963 1751.600056 1810.090115 1846.873867 1852.017633 1828.278161 1813.449806 1810.235247 1838.569233 1883.364263 1950.248136 2052.285820 2126.578827 2184.462631 2230.251357 2264.573420 2314.125018 2372.334212 2412.731225 -9999.0 -9999.0 -9999.0 -9999.0 -9999.0 -9999.0 -9999.0 -9999.0 -9999.0 -9999.0 -9999.0 -9999.0
-9999.0 -9999.0 -9999.0 -9999.0 -9999.0 -9999.0 784.712145 887.194806 965.190109 1106.255977 1239.229788 1341.485859 1422.337794 1455.096485 1483.228638 1511.115256 1510.194168 1491.892133 1472.613901 1491.956848 1506.661645 1500.551374 1469.941054 1469.495916 1474.207795 1481.825253 1478.998760 1472.133238 1446.668705 1458.645334 1459.624540 1436.194456 1410.055794 1396.198973 1384.206774 1393.674294 1393.694594 1379.777141 1379.900379 1406.744721 1427.035921 1440.060180 1461.703798 1494.938847 1527.419793 1542.903793 1544.462424 1550.665556 1590.499698 1660.921446 1733.097456 1789.181286 1822.385240 1831.146111 1804.871063 1765.599833 1746.048151 1753.843768 1789.144228 1841.984821 1918.148520 1967.965969 1994.092261 2007.777857 2026.733434 2119.570524 -9999.0 -9999.0 -9999.0 -9999.0 -9999.0 -9999.0 -9999.0 -9999.0 -9999.0 -9999.0 -9999.0 -9999.0 -9999.0 -9999.0
-9999.0 -9999.0 -9999.0 -9999.0 -9999.0 -9999.0 -9999.0 -9999.0 -9999.0 -9999.0 -9999.0 -9999.0 -9999.0 -9999.0 -9999.0 -9999.0 -9999.0 -9999.0 -9999.0 -9999.0 -9999.0 -9999.0 -9999.0 -9999.0 -9999.0 -9999.0 -9999.0 -9999.0 -9999.0 -9999.0 -9999.0 -9999.0 -9999.0 -9999.0 -9999.0 -9999.0 -9999.0 -9999.0 -9999.0 -9999.0 -9999.0 -9999.0 -9999.0 -9999.0 -9999.0 -9999.0 -9999.0 -9999.0 -9999.0 -9999.0 -9999.0 -9999.0 -9999.0 -9999.0 -9999.0 -9999.0 -9999.0 -9999.0 -9999.0 -9999.0 -9999.0 -9999.0 -9999.0 -9999.0 -9999.0 -9999.0 -9999.0 -9999.0 -9999.0 -9999.0 -9999.0 -9999.0 -9999.0 -9999.0 -9999.0 -9999.0 -9999.0 -9999.0 -9999.0 -9999.0
-9999.0 -9999.0 -9999.0 -9999.0 -9999.0 -9999.0 -9999.0 -9999.0 -9999.0 -9999.0 -9999.0 -9999.0 -9999.0 -9999.0 -9999.0 -9999.0 -9999.0 -9999.0 -9999.0 -9999.0 -9999.0 -9999.0 -9999.0 -9999.0 -9999.0 -9999.0 -9999.0 -9999.0 -9999.0 -9999.0 -9999.0 -9999.0 -9999.0 -9999.0 -9999.0 -9999.0 -9999.0 -9999.0 -9999.0 -9999.0 -9999.0 -9999.0 -9999.0 -9999.0 -9999.0 -9999.0 -9999.0 -9999.0 -9999.0 -9999.0 -9999.0 -9999.0 -9999.0 -9999.0 -9999.0 -9999.0 -9999.0 -9999.0 -9999.0 -9999.0 -9999.0 -9999.0 -9999.0 -9999.0 -9999.0 -9999.0 -9999.0 -9999.0 -9999.0 -9999.0 -9999.0 -9999.0 -9999.0 -9999.0 -9999.0 -9999.0 -9999.0 -9999.0 -9999.0 -9999.0