Borden_/Borden1m_014/output_maps/psiliqL0020N0013.asc
ncols         80
nrows         18
xllcorner     620200.000000
yllcorner     5168000.000000
cellsize      1.000000
NODATA_value  -9999.0
-9999.0 -9999.0 -9999.0 -9999.0 -9999.0 -9999.0 -9999.0 -9999.0 -9999.0 -9999.0 -9999.0 -9999.0 -9999.0 -9999.0 -9999.0 -9999.0 -9999.0 -9999.0 -9999.0 -9999.0 -9999.0 -9999.0 -9999.0 -9999.0 -9999.0 -9999.0 -9999.0 -9999.0 -9999.0 -9999.0 -9999.0 -9999.0 -9999.0 -9999.0 -9999.0 -9999.0 -9999.0 -9999.0 -9999.0 -9999.0 -9999.0 -9999.0 -9999.0 -9999.0 -9999.0 -9999.0 -9999.0 -9999.0 -9999.0 -9999.0 -9999.0 -9999.0 -9999.0 -9999.0 -9999.0 -9999.0 -9999.0 -9999.0 -9999.0 -9999.0 -9999.0 -9999.0 -9999.0 -9999.0 -9999.0 -9999.0 -9999.0 -9999.0 -9999.0 -9999.0 -9999.0 -9999.0 -9999.0 -9999.0 -9999.0 -9999.0 -9999.0 -9999.0 -9999.0 -9999.0
-9999.0 -9999.0 -9999.0 -9999.0 -9999.0 -9999.0 -9999.0 -9999.0 -9999.0 -9999.0 -9999.0 -9999.0 -9999.0 -9999.0 -9999.0 -9999.0 -9999.0 -9999.0 -9999.0 -9999.0 -9999.0 -9999.0 -9999.0 -9999.0 -9999.0 -9999.0 -9999.0 -9999.0 -9999.0 -9999.0 -9999.0 -9999.0 -9999.0 -9999.0 -9999.0 -9999.0 -9999.0 -9999.0 -9999.0 -9999.0 -9999.0 -9999.0 -9999.0 -9999.0 -9999.0 -9999.0 -9999.0 -9999.0 -9999.0 -9999.0 -9999.0 -9999.0 -9999.0 -9999.0 -9999.0 -9999.0 -9999.0 -9999.0 -9999.0 -9999.0 -9999.0 -9999.0 -9999.0 -9999.0 -9999.0 -9999.0 -9999.0 -9999.0 -9999.0 -9999.0 -9999.0 -9999.0 -9999.0 -9999.0 -9999.0 -9999.0 -9999.0 -9999.0 -9999.0 -9999.0
-9999.0 -9999.0 -9999.0 -9999.0 -9999.0 -9999.0 -9999.0 -9999.0 -9999.0 -9999.0 -9999.0 -9999.0 -9999.0 -9999.0 -9999.0 -9999.0 -9999.0 -9999.0 -9999.0 -9999.0 2155.054895 2157.731073 2137.366885 2105.463597 2079.718202 2084.182305 2120.108643 2162.750107 2202.919985 2213.260523 2196.954277 2202.931692 2201.828313 2202.473899 2207.190992 2217.351434 2225.131912 2236.567324 2244.718462 2243.417347 2236.513765 2231.140084 2232.183476 2234.193996 2239.931026 2227.365520 2242.418136 2257.679787 2261.245026 2254.860055 2226.168910 2208.576111 2196.105979 2176.940195 2199.207417 2207.906141 2227.434049 2228.759204 2224.553970 2196.219918 2165.251470 -9999.0 -9999.0 -9999.0 -9999.0 -9999.0 -9999.0 -9999.0 -9999.0 -9999.0 -9999.0 -9999.0 -9999.0 -9999.0 -9999.0 -9999.0 -9999.0 -9999.0 -9999.0 -9999.0
-9999.0 -9999.0 -9999.0 -9999.0 -9999.0 -9999.0 -9999.0 -9999.0 -9999.0 -9999.0 -9999.0 -9999.0 -9999.0 -9999.0 2059.553952 2051.591983 2050.581374 2060.495816 2095.576590 2127.471342 2139.743395 2133.790070 2135.601195 2113.829551 2094.984840 2111.290473 2143.383666 2175.922352 2210.944729 2231.083010 2222.109228 2222.896341 2235.366853 2262.921379 2277.517717 2277.496784 2260.904269 2286.435871 2301.323667 2307.437173 2305.586530 2295.767139 2305.562398 2319.790447 2312.772439 2297.185785 2306.245491 2319.801556 2330.041977 2316.494610 2251.222886 2230.839928 2222.460961 2213.317365 2196.477277 2188.355199 2211.877388 2208.054873 2197.468057 2177.850800 2143.435801 2098.103119 2077.535126 2114.961849 2156.592679 2211.446344 -9999.0 -9999.0 -9999.0 -9999.0 -9999.0 -9999.0 -9999.0 -9999.0 -9999.0 -9999.0 -9999.0 -9999.0 -9999.0 -9999.0
-9999.0 -9999.0 -9999.0 -9999.0 -9999.0 -9999.0 -9999.0 -9999.0 -9999.0 1998.156498 2004.304456 2012.896457 2017.083861 2034.175872 2032.395658 2041.259346 2049.068407 2078.696764 2111.550421 2148.403845 2178.285989 2171.784795 2173.588939 2183.421456 2186.237800 2200.406627 2224.922726 2266.088944 2301.276240 2339.929101 2310.973965 2311.270003 2335.344661 2386.203381 2419.422087 2427.350180 2411.600958 2425.883734 2450.222468 2468.066553 2464.770933 2459.211288 2481.973995 2495.545068 2492.971593 2473.543423 2469.972712 2475.033068 2501.584300 2448.050293 2377.198549 2326.575685 2330.868506 2301.906316 2266.815334 2246.632470 2241.237931 2257.655311 2240.658507 2201.903130 2164.859480 2150.879985 2130.757743 2146.817806 2166.783736 2210.309835 2247.711155 2274.355939 2271.519081 2252.539920 -9999.0 -9999.0 -9999.0 -9999.0 -9999.0 -9999.0 -9999.0 -9999.0 -9999.0 -9999.0
-9999.0 -9999.0 -9999.0 -9999.0 -9999.0 -9999.0 1917.987113 1929.192515 1951.182187 1955.889009 1983.378753 1991.560119 2013.600266 2034.295096 2058.446602 2075.992254 2106.621602 2141.302277 2183.144256 2227.681543 2262.069644 2256.596873 2268.183553 2296.155997 2334.536434 2364.961938 2393.695769 2434.695149 2508.273910 2547.028612 2548.340361 2555.266003 2571.445314 2629.910903 2700.325670 2715.426127 2697.807788 2685.628549 2707.363562 2742.572673 2742.590758 2741.523528 2755.178583 2765.144705 2791.589299 2782.589745 2744.538078 2736.370837 2740.396781 2718.321304 2647.378659 2578.680065 2545.219665 2491.054507 2406.389872 2353.060738 2361.912247 2379.038950 2349.164228 2294.576371 2253.223294 2240.529019 2222.727338 2208.260519 2213.728988 2230.936091 2250.293453 2259.114583 2243.301439 2219.511837 2195.209412 2164.439824 2164.543896 2188.152344 -9999.0 -9999.0 -9999.0 -9999.0 -9999.0 -9999.0
-9999.0 -9999.0 -9999.0 -9999.0 1866.565324 1880.959240 1869.162406 1896.809441 1931.314759 1967.381383 1999.426300 2036.636153 2065.032123 2096.994077 2137.410235 2169.795755 2210.946605 2247.828610 2304.789550 2376.499108 2430.090185 2452.459796 2467.621569 2527.128425 2593.603987 2652.424883 2678.630109 2707.692485 2752.686297 2809.223019 2833.821686 2841.143065 2863.663688 2909.527476 2965.991636 2833.114979 2815.946722 2808.032535 2816.074277 2828.587817 2850.792886 2851.045687 2852.207875 2855.347722 2861.564090 2860.790954 2836.401471 2804.590326 2966.062871 2954.436838 2916.492873 2840.329961 2800.666457 2767.450613 2724.506809 2666.030788 2602.392238 2588.122933 2527.595608 2467.272926 2406.089141 2384.268065 2351.834014 2324.905000 2296.129309 2296.933366 2298.449579 2275.060994 2238.805650 2203.300557 2185.536976 2163.971606 2149.862999 2177.949132 2193.530704 2222.015785 -9999.0 -9999.0 -9999.0 -9999.0
-9999.0 -9999.0 1804.324592 1852.821378 1912.098522 1922.455591 1922.596237 1930.169222 1960.841483 2014.953973 2087.737726 2134.905548 2174.419188 2211.224048 2273.048236 2349.358271 2420.594817 2470.574770 2539.394082 2618.940979 2686.541919 2718.525986 2733.991754 2778.602527 2839.167094 2911.361589 2943.590316 2971.774801 2828.498829 2861.266147 2862.331809 2874.443773 2884.901162 2892.951985 2903.611467 2907.822499 2903.910362 2899.613268 2882.394109 2878.063938 2884.721303 2890.465574 2891.404896 2877.414154 2873.552217 2887.963145 2892.442093 2891.114020 2890.991271 2895.941168 2895.118043 2851.634948 2824.749604 2811.261836 2975.237221 2925.983780 2855.413911 2814.490836 2791.217782 2742.197364 2661.554374 2608.743391 2555.431362 2507.108456 2451.704445 2421.391528 2373.653057 2328.846053 2278.906685 2228.685732 2201.000171 2179.708864 2173.787229 2170.006473 2183.874968 2196.910269 2210.691660 2217.679057 -9999.0 -9999.0
-9999.0 1697.007320 1769.696348 1895.795390 1978.179434 2023.939371 2049.746442 2067.791853 2099.287836 2133.219242 2233.141534 2307.930839 2398.787220 2441.750631 2494.636725 2597.041517 2697.999224 2752.900223 2799.012878 2866.204597 2933.738108 2815.672200 2840.799252 2835.057405 2870.873734 2891.793984 2897.278312 2902.350038 2899.510716 2891.213814 2883.577177 2890.302391 2888.159855 2869.567533 2854.082403 2852.437449 2849.119178 2827.374099 2973.424904 2958.810322 2960.720171 2812.859931 2972.921604 2951.967665 2948.399382 2970.766129 2815.767350 2805.906492 2976.009955 2809.733779 2842.502846 2864.973477 2870.497214 2887.987365 2908.705017 2881.330282 2856.666290 2815.932905 2980.246530 2951.180885 2891.347604 2830.221771 2772.602915 2706.266435 2637.288858 2570.087000 2503.854487 2436.303706 2367.097945 2321.368016 2285.503675 2231.094754 2206.624447 2204.383629 2192.448882 2186.915626 2190.393179 2195.652273 -9999.0 -9999.0
-9999.0 1608.994397 1750.824736 1934.740578 2085.675672 2143.031932 2233.129537 2307.651122 2334.368709 2298.563214 2408.822276 2633.297493 2755.593390 2780.089377 2859.663236 2807.958441 2806.362696 2836.059798 2857.409877 2874.378445 2888.271441 2899.124151 2896.961344 2891.219401 2875.774315 2868.195205 2868.378150 2866.467472 2849.665540 2831.028074 2814.193421 2811.815179 2966.260341 2916.008558 2877.627446 2853.864548 2832.387334 2814.985443 2787.943208 2762.338722 2744.110549 2758.671156 2756.902907 2739.355310 2735.667020 2759.315070 2789.986166 2789.825860 2805.973741 2830.991990 2874.740641 2917.954574 2942.534031 2974.526846 2820.812631 2864.959346 2876.726910 2898.704868 2902.544448 2888.141606 2844.844408 2984.892037 2950.462255 2887.352184 2816.031821 2733.634917 2666.160843 2598.974430 2525.505340 2474.045446 2417.680014 2350.948484 2291.765780 2265.982604 2222.556055 2201.337999 -9999.0 -9999.0 -9999.0 -9999.0
-9999.0 1518.860584 1703.858908 1955.775535 2247.336150 2349.689678 2565.849476 2701.102050 2757.481710 2832.420823 2770.157743 2815.794314 2856.598441 2849.448815 2854.955743 2856.217032 2869.519464 2869.935561 2865.185197 2854.890461 2846.188415 2842.338444 2841.225032 2833.624884 2821.464605 2808.006762 2972.321459 2960.425160 2921.718760 2884.639169 2839.933659 2819.740122 2774.870204 2674.796666 2626.902840 2581.132955 2516.577947 2512.141319 2512.340526 2485.298021 2467.769645 2442.538120 2468.793912 2478.925611 2482.724487 2480.926702 2494.988305 2525.499022 2577.010436 2620.059453 2670.804690 2728.259981 2770.275135 2817.019310 2863.963090 2921.911538 2957.692626 2990.771537 2847.346962 2883.440205 2905.092152 2893.709061 2872.047913 2830.701738 2957.187591 2894.417754 2846.669162 2772.959363 2705.096007 2646.981569 2587.271597 2518.967547 2439.234210 2355.342132 2309.336808 -9999.0 -9999.0 -9999.0 -9999.0 -9999.0
-9999.0 1318.294349 1585.137540 1865.192772 2166.323200 2513.020764 2681.156490 2805.479164 2883.442497 2867.262709 2889.439906 2909.429312 2801.414578 2807.534948 2950.232271 2941.838678 2929.613860 2929.338786 2940.393159 2909.743119 2874.542906 2856.158774 2852.864999 2839.955342 2816.286653 2801.253748 2793.537194 2773.684369 2722.035004 2665.520774 2573.799067 2533.478393 2449.566727 2399.320347 2353.858466 2299.661552 2246.842482 2246.883903 2267.757503 2256.457389 2235.784519 2218.340551 2246.841644 2267.765576 2281.136240 2267.729161 2276.410803 2312.767584 2364.480429 2412.585052 2466.247308 2525.627038 2574.154336 2624.963726 2660.588724 2713.086235 2768.567131 2819.405580 2896.745796 2980.883366 2827.027635 2859.731812 2891.013904 2910.944556 2869.217021 2839.187310 2814.194182 2919.045958 2848.410151 2798.644240 2759.115054 2687.868786 2612.998298 -9999.0 -9999.0 -9999.0 -9999.0 -9999.0 -9999.0 -9999.0
-9999.0 1198.679534 1405.996550 1619.196032 1891.010426 2132.533356 2350.215944 2460.836999 2548.935765 2611.815492 2663.199907 2703.857440 2737.368975 2762.795491 2745.778277 2703.551234 2674.354138 2678.026008 2668.307447 2639.676189 2602.956804 2581.884231 2574.484123 2565.850115 2541.734365 2528.910823 2519.857395 2497.339711 2467.543744 2409.686939 2328.111452 2249.302655 2188.678453 2159.869966 2130.265825 2097.077244 2063.540661 2073.737147 2085.583535 2084.399782 2076.277046 2075.139623 2104.450954 2123.867417 2134.016850 2123.266873 2142.843781 2169.313402 2211.331187 2257.111801 2308.540180 2364.888198 2420.493088 2451.502576 2467.202163 2492.996154 2534.548074 2592.649370 2684.660902 2789.620480 2875.569767 2929.703881 2985.770547 2829.511293 2853.805638 2881.434552 2895.464222 2878.991428 2846.642774 2817.632177 2870.716814 -9999.0 -9999.0 -9999.0 -9999.0 -9999.0 -9999.0 -9999.0 -9999.0 -9999.0
-9999.0 -9999.0 1176.250796 1343.014193 1463.882511 1638.583069 1789.338431 1903.655200 2004.768968 2138.432724 2256.909250 2349.367605 2395.461553 2414.102406 2402.833383 2375.579896 2357.187835 2356.008234 2342.196367 2328.518844 2304.942005 2292.605157 2276.538858 2266.395934 2257.847352 2254.000467 2249.939054 2240.395528 2220.039851 2173.510401 2126.985043 2075.932581 2023.111533 1997.254431 1975.020999 1953.725861 1953.512032 1948.397429 1953.639469 1955.967565 1964.338773 1977.886809 1997.885090 2020.513646 2030.554550 2040.414351 2052.899550 2076.799360 2110.166183 2153.472897 2208.849796 2268.653644 2310.405578 2325.065974 2317.118343 2323.175252 2343.434228 2387.685382 2470.260433 2559.613070 2664.905117 2744.134817 2825.763373 2886.588601 2911.574311 2936.583050 2825.639157 2861.970117 2879.660359 2864.111904 -9999.0 -9999.0 -9999.0 -9999.0 -9999.0 -9999.0 -9999.0 -9999.0 -9999.0 -9999.0
-9999.0 -9999.0 -9999.0 -9999.0 1203.898543 1356.586793 1455.712403 1540.054255 1674.558637 1803.018472 1909.034332 1996.088754 2062.385009 2090.510689 2090.208508 2101.765416 2099.075355 2090.752999 2078.371207 2076.511632 2074.053388 2063.708721 2046.009563 2037.684542 2039.062496 2044.917697 2042.675428 2029.430776 2011.203813 1991.147397 1972.426836 1938.208145 1902.646217 1873.092916 1859.447502 1854.017602 1853.349274 1845.729526 1854.218867 1862.351989 1878.059293 1893.423819 1917.195135 1946.524114 1960.864541 1975.904187 1985.641420 2006.036838 2036.929021 2090.993922 2155.419368 2214.497237 2252.459180 2258.585154 2236.132242 2222.211569 2219.797162 2249.573601 2296.657102 2365.880990 2472.738679 2553.669626 2616.823116 2671.213567 2713.973346 2773.227266 2844.287658 2891.465642 -9999.0 -9999.0 -9999.0 -9999.0 -9999.0 -9999.0 -9999.0 -9999.0 -9999.0 -9999.0 -9999.0 -9999.0
-9999.0 -9999.0 -9999.0 -9999.0 -9999.0 -9999.0 1172.035303 1276.787910 1353.853224 1500.672148 1639.449731 1745.119104 1828.048737 1862.665607 1893.246379 1922.268773 1921.467721 1901.500894 1879.617160 1897.190209 1910.506226 1902.031619 1869.442050 1868.739712 1873.902699 1881.817601 1879.533080 1873.397657 1848.392904 1861.490059 1862.904214 1839.117971 1812.692623 1798.682686 1786.394999 1795.636136 1795.471696 1781.364776 1781.234394 1808.584339 1829.318377 1842.482700 1864.075021 1897.371874 1929.938891 1945.588099 1947.126390 1953.168466 1992.519816 2063.063995 2135.805844 2192.564984 2226.558517 2236.133329 2211.221489 2172.927194 2154.644436 2163.920517 2201.066884 2255.982201 2335.877692 2389.796544 2420.741490 2440.720116 2465.026762 2563.196715 -9999.0 -9999.0 -9999.0 -9999.0 -9999.0 -9999.0 -9999.0 -9999.0 -9999.0 -9999.0 -9999.0 -9999.0 -9999.0 -9999.0
-9999.0 -9999.0 -9999.0 -9999.0 -9999.0 -9999.0 -9999.0 -9999.0 -9999.0 -9999.0 -9999.0 -9999.0 -9999.0 -9999.0 -9999.0 -9999.0 -9999.0 -9999.0 -9999.0 -9999.0 -9999.0 -9999.0 -9999.0 -9999.0 -9999.0 -9999.0 -9999.0 -9999.0 -9999.0 -9999.0 -9999.0 -9999.0 -9999.0 -9999.0 -9999.0 -9999.0 -9999.0 -9999.0 -9999.0 -9999.0 -9999.0 -9999.0 -9999.0 -9999.0 -9999.0 -9999.0 -9999.0 -9999.0 -9999.0 -9999.0 -9999.0 -9999.0 -9999.0 -9999.0 -9999.0 -9999.0 -9999.0 -9999.0 -9999.0 -9999.0 -9999.0 -9999.0 -9999.0 -9999.0 -9999.0 -9999.0 -9999.0 -9999.0 -9999.0 -9999.0 -9999.0 -9999.0 -9999.0 -9999.0 -9999.0 -9999.0 -9999.0 -9999.0 -9999.0 -9999.0
-9999.0 -9999.0 -9999.0 -9999.0 -9999.0 -9999.0 -9999.0 -9999.0 -9999.0 -9999.0 -9999.0 -9999.0 -9999.0 -9999.0 -9999.0 -9999.0 -9999.0 -9999.0 -9999.0 -9999.0 -9999.0 -9999.0 -9999.0 -9999.0 -9999.0 -9999.0 -9999.0 -9999.0 -9999.0 -9999.0 -9999.0 -9999.0 -9999.0 -9999.0 -9999.0 -9999.0 -9999.0 -9999.0 -9999.0 -9999.0 -9999.0 -9999.0 -9999.0 -9999.0 -9999.0 -9999.0 -9999.0 -9999.0 -9999.0 -9999.0 -9999.0 -9999.0 -9999.0 -9999.0 -9999.0 -9999.0 -9999.0 -9999.0 -9999.0 -9999.0 -9999.0 -9999.0 -9999.0 -9999.0 -9999.0 -9999.0 -9999.0 -9999.0 -9999.0 -9999.0 -9999.0 -9999.0 -9999.0 -9999.0 -9999.0 -9999.0 -9999.0 -9999.0 -9999.0 -9999.0