Borden_/Borden1m_014/output_maps/psiliqL0026N0006.asc
ncols         80
nrows         18
xllcorner     620200.000000
yllcorner     5168000.000000
cellsize      1.000000
NODATA_value  -9999.0
-9999.0 -9999.0 -9999.0 -9999.0 -9999.0 -9999.0 -9999.0 -9999.0 -9999.0 -9999.0 -9999.0 -9999.0 -9999.0 -9999.0 -9999.0 -9999.0 -9999.0 -9999.0 -9999.0 -9999.0 -9999.0 -9999.0 -9999.0 -9999.0 -9999.0 -9999.0 -9999.0 -9999.0 -9999.0 -9999.0 -9999.0 -9999.0 -9999.0 -9999.0 -9999.0 -9999.0 -9999.0 -9999.0 -9999.0 -9999.0 -9999.0 -9999.0 -9999.0 -9999.0 -9999.0 -9999.0 -9999.0 -9999.0 -9999.0 -9999.0 -9999.0 -9999.0 -9999.0 -9999.0 -9999.0 -9999.0 -9999.0 -9999.0 -9999.0 -9999.0 -9999.0 -9999.0 -9999.0 -9999.0 -9999.0 -9999.0 -9999.0 -9999.0 -9999.0 -9999.0 -9999.0 -9999.0 -9999.0 -9999.0 -9999.0 -9999.0 -9999.0 -9999.0 -9999.0 -9999.0
-9999.0 -9999.0 -9999.0 -9999.0 -9999.0 -9999.0 -9999.0 -9999.0 -9999.0 -9999.0 -9999.0 -9999.0 -9999.0 -9999.0 -9999.0 -9999.0 -9999.0 -9999.0 -9999.0 -9999.0 -9999.0 -9999.0 -9999.0 -9999.0 -9999.0 -9999.0 -9999.0 -9999.0 -9999.0 -9999.0 -9999.0 -9999.0 -9999.0 -9999.0 -9999.0 -9999.0 -9999.0 -9999.0 -9999.0 -9999.0 -9999.0 -9999.0 -9999.0 -9999.0 -9999.0 -9999.0 -9999.0 -9999.0 -9999.0 -9999.0 -9999.0 -9999.0 -9999.0 -9999.0 -9999.0 -9999.0 -9999.0 -9999.0 -9999.0 -9999.0 -9999.0 -9999.0 -9999.0 -9999.0 -9999.0 -9999.0 -9999.0 -9999.0 -9999.0 -9999.0 -9999.0 -9999.0 -9999.0 -9999.0 -9999.0 -9999.0 -9999.0 -9999.0 -9999.0 -9999.0
-9999.0 -9999.0 -9999.0 -9999.0 -9999.0 -9999.0 -9999.0 -9999.0 -9999.0 -9999.0 -9999.0 -9999.0 -9999.0 -9999.0 -9999.0 -9999.0 -9999.0 -9999.0 -9999.0 -9999.0 3325.188468 3326.070438 3304.269997 3269.982592 3241.512854 3243.062002 3275.648303 3315.907611 3354.335131 3361.357828 3341.957133 3345.465739 3340.742067 3335.939101 3335.862445 3343.372177 3349.819044 3359.330406 3366.088353 3363.607298 3356.116912 3351.005573 3353.516409 3355.056090 3361.324348 3346.884197 3362.946543 3379.312915 3384.146891 3381.625158 3358.170959 3346.552814 3338.904407 3323.669630 3350.562126 3362.530346 3386.298944 3391.219606 3389.531653 3363.103805 3333.252886 -9999.0 -9999.0 -9999.0 -9999.0 -9999.0 -9999.0 -9999.0 -9999.0 -9999.0 -9999.0 -9999.0 -9999.0 -9999.0 -9999.0 -9999.0 -9999.0 -9999.0 -9999.0 -9999.0
-9999.0 -9999.0 -9999.0 -9999.0 -9999.0 -9999.0 -9999.0 -9999.0 -9999.0 -9999.0 -9999.0 -9999.0 -9999.0 -9999.0 3235.442626 3226.528641 3223.379044 3230.324811 3262.428372 3292.371846 3303.895272 3296.176252 3295.682240 3270.589868 3247.318428 3259.443380 3288.308524 3318.194247 3350.981593 3367.761457 3356.340585 3353.346578 3359.845517 3378.871324 3386.440037 3382.560630 3364.799351 3388.895477 3401.826022 3405.922048 3403.719082 3393.718072 3402.241285 3416.101750 3409.020300 3393.903505 3405.090364 3420.288647 3431.206807 3423.458311 3365.955875 3354.526839 3351.910485 3348.482849 3336.018467 3332.721416 3361.612782 3361.730335 3355.046550 3338.351667 3305.489913 3260.579428 3242.155401 3283.303759 3327.438953 3384.149617 -9999.0 -9999.0 -9999.0 -9999.0 -9999.0 -9999.0 -9999.0 -9999.0 -9999.0 -9999.0 -9999.0 -9999.0 -9999.0 -9999.0
-9999.0 -9999.0 -9999.0 -9999.0 -9999.0 -9999.0 -9999.0 -9999.0 -9999.0 3178.431831 3184.174698 3190.813260 3192.921570 3207.668429 3204.115616 3210.612080 3214.086256 3240.774053 3269.645786 3302.528741 3328.920491 3319.158390 3317.300489 3320.501180 3314.138547 3321.230605 3340.935552 3376.949435 3407.407601 3441.993050 3407.976619 3402.652731 3419.741497 3460.470478 3482.870360 3484.380190 3465.576632 3482.377039 3505.615414 3520.873981 3517.114953 3510.882979 3536.763755 3551.971225 3545.580974 3524.043450 3523.253084 3531.145660 3560.666353 3510.334735 3444.889510 3407.459442 3424.159635 3403.821379 3378.805393 3368.590017 3369.986378 3391.116936 3380.078701 3346.867673 3314.296355 3303.191192 3287.057371 3308.831596 3332.765426 3379.772605 3420.123741 3450.345790 3450.160175 3433.180443 -9999.0 -9999.0 -9999.0 -9999.0 -9999.0 -9999.0 -9999.0 -9999.0 -9999.0 -9999.0
-9999.0 -9999.0 -9999.0 -9999.0 -9999.0 -9999.0 3100.142972 3110.410089 3130.803297 3133.040240 3159.064762 3163.778363 3181.982098 3198.518078 3219.633403 3231.652575 3255.745377 3284.768551 3319.820529 3356.457411 3383.122314 3370.674883 3375.391087 3393.820992 3419.496383 3437.483467 3459.476930 3496.656831 3568.360022 3604.225739 3596.096981 3596.583321 3604.636702 3654.866341 3718.677347 3729.358715 3708.693253 3695.693594 3719.412573 3756.885627 3754.733296 3753.498532 3766.740570 3777.620509 3804.441181 3793.452203 3757.619809 3752.589036 3759.646780 3736.730485 3667.672831 3610.958923 3592.973385 3546.593100 3463.732031 3421.814701 3446.588427 3475.262371 3454.400620 3405.701269 3374.187445 3369.616822 3359.421021 3353.461672 3366.809870 3390.545948 3415.123456 3429.558722 3418.183462 3397.764148 3376.439983 3348.598090 3351.507469 3376.639666 -9999.0 -9999.0 -9999.0 -9999.0 -9999.0 -9999.0
-9999.0 -9999.0 -9999.0 -9999.0 3051.068961 3063.556615 3048.212725 3073.811684 3105.061491 3137.879291 3164.503189 3195.220348 3217.395241 3243.105313 3275.116105 3295.846642 3326.688179 3355.238292 3401.432953 3461.622953 3505.030999 3517.588432 3525.493615 3575.955302 3631.794007 3678.429073 3696.941201 3722.722539 3768.640638 3825.055113 3847.160834 3849.803722 3866.712307 3910.261660 3966.855250 4002.057963 3984.354531 3975.268628 3985.517630 3999.955333 4022.100399 4022.161889 4023.285262 4027.504111 4035.270895 4033.434274 4006.686457 3973.194525 3960.222650 3950.047940 3911.648020 3839.413398 3809.493146 3780.491690 3737.505389 3683.297098 3636.782275 3638.679432 3584.289726 3529.564782 3480.452530 3473.390497 3453.930545 3438.779646 3422.240898 3435.257898 3447.852127 3433.360245 3403.891311 3375.000901 3362.427449 3345.231004 3334.219817 3365.649164 3383.740694 3413.339585 -9999.0 -9999.0 -9999.0 -9999.0
-9999.0 -9999.0 2992.835363 3037.619021 3093.971845 3099.211883 3091.435830 3093.192844 3118.391470 3166.375277 3227.399983 3262.962011 3290.382413 3319.596463 3369.092339 3429.729672 3488.593736 3530.471804 3588.072309 3657.096766 3715.908226 3742.431035 3751.046940 3786.579141 3841.339959 3910.754840 3938.895676 3965.456952 3997.414323 4034.101401 4025.367636 4035.951821 4048.506123 4061.595872 4076.866265 4084.158537 4079.225257 4074.607988 4056.006758 4050.773380 4057.246799 4065.379824 4064.297766 4049.576424 4045.601370 4060.647239 4066.958296 4064.823657 4061.896094 4066.721294 4061.930437 4013.195159 3996.258572 3980.931488 3969.051183 3922.733969 3855.842005 3823.702869 3802.094537 3760.960602 3687.622090 3650.692163 3611.772194 3577.606723 3540.721004 3528.246042 3496.492924 3464.895003 3426.677062 3386.364378 3367.657395 3353.776550 3353.735723 3354.665910 3372.662300 3388.530363 3404.584356 3412.701792 -9999.0 -9999.0
-9999.0 2883.170599 2953.661339 3074.140916 3150.678287 3185.989859 3192.775523 3194.239313 3218.164273 3249.406032 3334.409137 3382.381236 3464.504365 3501.478900 3541.404903 3630.965708 3725.186092 3768.510727 3807.490378 3871.396573 3937.334605 3984.521017 4010.898392 3988.951832 4028.681405 4058.853708 4067.122814 4074.250259 4074.391864 4065.865962 4059.430554 4066.075934 4063.071961 4043.801430 4027.641204 4025.855868 4022.432590 3999.037065 3971.448349 3955.889079 3957.193522 3982.255963 3969.057332 3947.643586 3943.212041 3964.933531 3986.447853 3975.705678 3962.532874 3979.137636 4013.847012 4038.944414 4039.844043 4058.447490 4079.579495 4050.421437 4029.264457 3985.224859 3968.248679 3942.781630 3885.759033 3830.967170 3782.879822 3734.567989 3682.492447 3633.996380 3586.705886 3539.801061 3486.993977 3454.565804 3430.643207 3388.376534 3376.091169 3383.002742 3378.365846 3377.091927 3383.905115 3390.553441 -9999.0 -9999.0
-9999.0 2786.083518 2924.159319 3100.141835 3241.125383 3279.797786 3339.025023 3392.867194 3405.449382 3349.092458 3449.413165 3665.828343 3788.009981 3805.512953 3881.104449 3976.379328 3958.300176 3989.720316 4013.005814 4039.186196 4060.225191 4074.662240 4072.971838 4067.841398 4051.308522 4043.293349 4042.401523 4040.277433 4022.823744 4003.818395 3986.978051 3983.775538 3965.743836 3916.063761 3882.775045 3865.219392 3846.064777 3832.712275 3805.561537 3779.550188 3762.968927 3773.208973 3771.575114 3758.191229 3753.776291 3771.827221 3802.702037 3800.856102 3812.787078 3832.417256 3867.855814 3906.089701 3925.362788 3954.501521 3990.151233 4038.268590 4046.923204 4069.384985 4072.281130 4061.987003 4015.325098 3963.717475 3934.306280 3878.928289 3819.416311 3757.770822 3708.962689 3664.396149 3609.349110 3575.579955 3536.683398 3483.433027 3441.065123 3433.997209 3400.976848 3388.243445 -9999.0 -9999.0 -9999.0 -9999.0
-9999.0 2686.933206 2860.807905 3097.141418 3389.570521 3459.000028 3659.577236 3773.060071 3811.337427 3878.529778 3757.622671 3965.134343 4018.343761 4013.450860 4029.571663 4032.827508 4047.152894 4046.488732 4041.409592 4030.379063 4020.770404 4016.182467 4015.130496 4007.213025 3994.578210 3979.948924 3968.029033 3956.567973 3919.868912 3887.891312 3848.544485 3836.031309 3791.280735 3699.527722 3660.959943 3622.386875 3561.534701 3564.235332 3572.041974 3548.303759 3528.754319 3500.466590 3530.229474 3541.139597 3545.374447 3540.669994 3550.119501 3578.802323 3626.628410 3660.859788 3699.567985 3747.371075 3777.750396 3816.807237 3856.473424 3908.713314 3939.875663 3968.745518 4017.699008 4054.717028 4077.454721 4063.360206 4044.868647 4000.102678 3939.885779 3890.585903 3861.634079 3811.192450 3767.750798 3724.368592 3678.079768 3625.511719 3564.249501 3512.162369 3478.587833 -9999.0 -9999.0 -9999.0 -9999.0 -9999.0
-9999.0 2462.433937 2725.764044 2983.137900 3254.193509 3595.338613 3767.167625 3860.791198 3923.946240 3907.034464 3930.534087 3936.807498 3973.902520 3981.188245 3959.794695 3945.916796 3928.254383 3927.165340 3940.232543 3912.877877 3882.609553 3869.257285 3870.163987 3859.475600 3835.624936 3820.767455 3811.514801 3793.051087 3750.095609 3700.043419 3616.202867 3581.773350 3503.313299 3465.435130 3429.582641 3383.159624 3339.237018 3345.297787 3370.366355 3361.661411 3341.244106 3324.508564 3353.981291 3374.884866 3388.101160 3371.765257 3378.264502 3412.390960 3458.466194 3498.475829 3541.861281 3589.390649 3630.944174 3669.796943 3690.420261 3729.475311 3771.407436 3812.841291 3882.826469 3961.158146 3997.074212 4031.690532 4060.556044 4082.462467 4039.588822 4013.325889 3989.617035 3966.178640 3920.019903 3874.673747 3834.133497 3769.576913 3710.058247 -9999.0 -9999.0 -9999.0 -9999.0 -9999.0 -9999.0 -9999.0
-9999.0 2350.401707 2542.153115 2731.428792 2968.178159 3195.642911 3417.239224 3507.267586 3577.398759 3649.340026 3703.522473 3741.299338 3767.059964 3788.609183 3766.032875 3719.989342 3687.783706 3692.780189 3683.806117 3662.975723 3635.507461 3622.788470 3620.219386 3615.637642 3594.693327 3584.723650 3578.214902 3560.516207 3535.629177 3483.420779 3412.892412 3340.426600 3287.672569 3269.274042 3247.621539 3221.662589 3195.931969 3209.757356 3222.707685 3223.154236 3217.118938 3217.675381 3246.717943 3266.628757 3276.045847 3265.189914 3283.196860 3305.949851 3342.358793 3381.122425 3425.211569 3474.691239 3522.520290 3542.073568 3543.634333 3554.523388 3581.582643 3624.356008 3700.232959 3785.957950 3863.515108 3908.925373 3959.641453 3999.611804 4027.757416 4052.595495 4075.017420 4068.098394 4042.138634 4008.788313 3950.071148 -9999.0 -9999.0 -9999.0 -9999.0 -9999.0 -9999.0 -9999.0 -9999.0 -9999.0
-9999.0 -9999.0 2316.209111 2466.674629 2560.376754 2720.837635 2844.084547 2947.866482 3046.939564 3188.226461 3310.421384 3403.762170 3450.001787 3465.563038 3451.814322 3423.743310 3406.819326 3406.442856 3394.775346 3388.839298 3375.031895 3370.130614 3358.458304 3351.463054 3348.121909 3348.212861 3346.642308 3339.271496 3323.539047 3283.293461 3247.864267 3204.798726 3159.803428 3139.418553 3122.514250 3106.739436 3111.927586 3107.645890 3113.692196 3117.119297 3127.255278 3141.754093 3161.144989 3183.912790 3193.519285 3203.664493 3214.233577 3235.435605 3264.846389 3304.413441 3355.139709 3409.345298 3444.613197 3450.842098 3432.224299 3426.529482 3433.887428 3461.915557 3524.187110 3592.589247 3681.991022 3747.282165 3814.025420 3869.905194 3896.549011 3932.931181 4003.162772 4051.190387 4093.657942 4071.255438 -9999.0 -9999.0 -9999.0 -9999.0 -9999.0 -9999.0 -9999.0 -9999.0 -9999.0 -9999.0
-9999.0 -9999.0 -9999.0 -9999.0 2325.036494 2470.708372 2567.071845 2646.134870 2780.990501 2887.134596 2990.350147 3076.761899 3145.540112 3171.398640 3172.848795 3190.386063 3189.789883 3180.522921 3169.741053 3175.272953 3180.924883 3175.247532 3158.787692 3153.436424 3158.570367 3167.915929 3167.646962 3156.543678 3140.418349 3128.750966 3118.297956 3089.890260 3059.820842 3034.433450 3024.401245 3023.134592 3024.599032 3017.699313 3026.833997 3036.506359 3052.898505 3068.231243 3091.770626 3121.527011 3136.237005 3150.721485 3158.915540 3176.860487 3205.015265 3256.025143 3317.194441 3373.192757 3406.669090 3406.581205 3377.336314 3355.053889 3341.917942 3358.593540 3387.189979 3437.126622 3525.749724 3587.494751 3632.294828 3670.644677 3706.875258 3772.025766 3866.676617 3947.989949 -9999.0 -9999.0 -9999.0 -9999.0 -9999.0 -9999.0 -9999.0 -9999.0 -9999.0 -9999.0 -9999.0 -9999.0
-9999.0 -9999.0 -9999.0 -9999.0 -9999.0 -9999.0 2300.781203 2406.779520 2473.210153 2628.782800 2777.248050 2856.703154 2939.573685 2975.595134 3008.785873 3039.546282 3040.411283 3020.147220 2998.302939 3020.782344 3040.980952 3035.016523 3002.895771 3005.426067 3013.874066 3023.169509 3022.370404 3018.570065 2996.438867 3016.175580 3023.546397 3003.668210 2981.018958 2971.541454 2961.960789 2973.477638 2974.848555 2961.331198 2960.781537 2989.031049 3010.575445 3023.589488 3044.563626 3077.741281 3110.121017 3125.609193 3126.090243 3130.175121 3166.035105 3233.630875 3304.111915 3358.705172 3389.304018 3393.606692 3362.291195 3317.020655 3290.344937 3288.526761 3311.977968 3350.338095 3410.955056 3446.477162 3456.542483 3456.492621 3467.846604 3567.498411 -9999.0 -9999.0 -9999.0 -9999.0 -9999.0 -9999.0 -9999.0 -9999.0 -9999.0 -9999.0 -9999.0 -9999.0 -9999.0 -9999.0
-9999.0 -9999.0 -9999.0 -9999.0 -9999.0 -9999.0 -9999.0 -9999.0 -9999.0 -9999.0 -9999.0 -9999.0 -9999.0 -9999.0 -9999.0 -9999.0 -9999.0 -9999.0 -9999.0 -9999.0 -9999.0 -9999.0 -9999.0 -9999.0 -9999.0 -9999.0 -9999.0 -9999.0 -9999.0 -9999.0 -9999.0 -9999.0 -9999.0 -9999.0 -9999.0 -9999.0 -9999.0 -9999.0 -9999.0 -9999.0 -9999.0 -9999.0 -9999.0 -9999.0 -9999.0 -9999.0 -9999.0 -9999.0 -9999.0 -9999.0 -9999.0 -9999.0 -9999.0 -9999.0 -9999.0 -9999.0 -9999.0 -9999.0 -9999.0 -9999.0 -9999.0 -9999.0 -9999.0 -9999.0 -9999.0 -9999.0 -9999.0 -9999.0 -9999.0 -9999.0 -9999.0 -9999.0 -9999.0 -9999.0 -9999.0 -9999.0 -9999.0 -9999.0 -9999.0 -9999.0
-9999.0 -9999.0 -9999.0 -9999.0 -9999.0 -9999.0 -9999.0 -9999.0 -9999.0 -9999.0 -9999.0 -9999.0 -9999.0 -9999.0 -9999.0 -9999.0 -9999.0 -9999.0 -9999.0 -9999.0 -9999.0 -9999.0 -9999.0 -9999.0 -9999.0 -9999.0 -9999.0 -9999.0 -9999.0 -9999.0 -9999.0 -9999.0 -9999.0 -9999.0 -9999.0 -9999.0 -9999.0 -9999.0 -9999.0 -9999.0 -9999.0 -9999.0 -9999.0 -9999.0 -9999.0 -9999.0 -9999.0 -9999.0 -9999.0 -9999.0 -9999.0 -9999.0 -9999.0 -9999.0 -9999.0 -9999.0 -9999.0 -9999.0 -9999.0 -9999.0 -9999.0 -9999.0 -9999.0 -9999.0 -9999.0 -9999.0 -9999.0 -9999.0 -9999.0 -9999.0 -9999.0 -9999.0 -9999.0 -9999.0 -9999.0 -9999.0 -9999.0 -9999.0 -9999.0 -9999.0