Borden_/Borden1m_014/output_maps/psiliqL0013N0020.asc
ncols         80
nrows         18
xllcorner     620200.000000
yllcorner     5168000.000000
cellsize      1.000000
NODATA_value  -9999.0
-9999.0 -9999.0 -9999.0 -9999.0 -9999.0 -9999.0 -9999.0 -9999.0 -9999.0 -9999.0 -9999.0 -9999.0 -9999.0 -9999.0 -9999.0 -9999.0 -9999.0 -9999.0 -9999.0 -9999.0 -9999.0 -9999.0 -9999.0 -9999.0 -9999.0 -9999.0 -9999.0 -9999.0 -9999.0 -9999.0 -9999.0 -9999.0 -9999.0 -9999.0 -9999.0 -9999.0 -9999.0 -9999.0 -9999.0 -9999.0 -9999.0 -9999.0 -9999.0 -9999.0 -9999.0 -9999.0 -9999.0 -9999.0 -9999.0 -9999.0 -9999.0 -9999.0 -9999.0 -9999.0 -9999.0 -9999.0 -9999.0 -9999.0 -9999.0 -9999.0 -9999.0 -9999.0 -9999.0 -9999.0 -9999.0 -9999.0 -9999.0 -9999.0 -9999.0 -9999.0 -9999.0 -9999.0 -9999.0 -9999.0 -9999.0 -9999.0 -9999.0 -9999.0 -9999.0 -9999.0
-9999.0 -9999.0 -9999.0 -9999.0 -9999.0 -9999.0 -9999.0 -9999.0 -9999.0 -9999.0 -9999.0 -9999.0 -9999.0 -9999.0 -9999.0 -9999.0 -9999.0 -9999.0 -9999.0 -9999.0 -9999.0 -9999.0 -9999.0 -9999.0 -9999.0 -9999.0 -9999.0 -9999.0 -9999.0 -9999.0 -9999.0 -9999.0 -9999.0 -9999.0 -9999.0 -9999.0 -9999.0 -9999.0 -9999.0 -9999.0 -9999.0 -9999.0 -9999.0 -9999.0 -9999.0 -9999.0 -9999.0 -9999.0 -9999.0 -9999.0 -9999.0 -9999.0 -9999.0 -9999.0 -9999.0 -9999.0 -9999.0 -9999.0 -9999.0 -9999.0 -9999.0 -9999.0 -9999.0 -9999.0 -9999.0 -9999.0 -9999.0 -9999.0 -9999.0 -9999.0 -9999.0 -9999.0 -9999.0 -9999.0 -9999.0 -9999.0 -9999.0 -9999.0 -9999.0 -9999.0
-9999.0 -9999.0 -9999.0 -9999.0 -9999.0 -9999.0 -9999.0 -9999.0 -9999.0 -9999.0 -9999.0 -9999.0 -9999.0 -9999.0 -9999.0 -9999.0 -9999.0 -9999.0 -9999.0 -9999.0 743.746116 746.703226 725.120125 692.162628 665.028165 668.196556 703.945686 746.334370 785.980830 797.367929 780.828972 784.415873 780.874098 780.639349 783.728550 790.769915 794.943449 806.267166 814.786646 814.606067 808.812098 803.933119 804.270326 807.499237 812.679995 801.760511 815.098445 829.798345 834.670371 828.787266 800.826277 784.109094 773.852588 757.020006 780.060475 790.682642 812.229406 815.247213 812.587358 784.746839 754.158133 -9999.0 -9999.0 -9999.0 -9999.0 -9999.0 -9999.0 -9999.0 -9999.0 -9999.0 -9999.0 -9999.0 -9999.0 -9999.0 -9999.0 -9999.0 -9999.0 -9999.0 -9999.0 -9999.0
-9999.0 -9999.0 -9999.0 -9999.0 -9999.0 -9999.0 -9999.0 -9999.0 -9999.0 -9999.0 -9999.0 -9999.0 -9999.0 -9999.0 650.622029 641.495023 639.500791 648.863958 683.431433 714.379837 726.933656 720.203747 721.237081 698.829405 679.537543 694.795757 725.768888 758.767674 794.940373 817.064230 807.328876 806.708073 817.981332 844.529086 858.191412 855.906671 836.130773 859.407717 875.308864 884.233509 884.100745 876.182675 889.849296 905.881920 898.947631 881.167319 885.349744 896.751657 908.865547 894.092707 829.373792 808.331038 802.087277 793.246678 777.571148 769.767498 793.662084 792.544052 782.983950 763.914434 730.475668 685.810309 666.694668 704.531709 747.652495 804.340411 -9999.0 -9999.0 -9999.0 -9999.0 -9999.0 -9999.0 -9999.0 -9999.0 -9999.0 -9999.0 -9999.0 -9999.0 -9999.0 -9999.0
-9999.0 -9999.0 -9999.0 -9999.0 -9999.0 -9999.0 -9999.0 -9999.0 -9999.0 591.149017 595.929712 603.804541 606.767938 623.195083 621.675275 629.671391 637.930915 665.938872 698.270889 734.500920 764.215341 756.221670 758.255319 770.712058 776.841184 790.686918 813.763843 856.174970 899.345304 943.906566 918.576911 919.081197 940.613522 989.130907 1023.325113 1031.228624 1012.524140 1019.942739 1045.030392 1068.109485 1068.900452 1067.703767 1093.374819 1107.835301 1109.710827 1088.619099 1073.440343 1072.501265 1097.287739 1045.227347 978.846845 926.176764 925.731661 891.696011 850.643492 828.421768 823.895223 842.613361 825.400944 786.337159 748.651712 736.738281 718.285975 734.036510 755.183295 800.538552 838.389958 865.992577 864.848666 846.801875 -9999.0 -9999.0 -9999.0 -9999.0 -9999.0 -9999.0 -9999.0 -9999.0 -9999.0 -9999.0
-9999.0 -9999.0 -9999.0 -9999.0 -9999.0 -9999.0 511.676505 521.481513 542.184965 547.555401 573.352978 581.522697 602.998561 623.367267 645.996056 663.961802 695.678444 730.326924 773.468847 818.768330 852.620776 849.631990 862.810053 898.182289 942.083390 974.085385 1000.682863 1042.899289 1124.060016 1173.165391 1186.837783 1195.701700 1208.470574 1256.706969 1319.701603 1336.054453 1313.889902 1297.879062 1316.551164 1352.409815 1361.561485 1364.214961 1374.390155 1383.833719 1409.181295 1398.865465 1356.638629 1340.586487 1337.303456 1322.536927 1264.482581 1200.347298 1158.373308 1102.193339 1016.264787 959.299856 962.547605 976.742636 942.697438 885.093106 841.279894 828.482313 811.271009 795.661139 799.852413 817.409638 838.467212 848.357371 834.290259 812.296082 788.624714 759.007273 760.015893 784.674821 -9999.0 -9999.0 -9999.0 -9999.0 -9999.0 -9999.0
-9999.0 -9999.0 -9999.0 -9999.0 461.214183 474.437466 462.886355 488.245973 521.429199 556.110202 588.998016 627.023797 655.576978 687.464736 730.371737 767.955289 812.747225 851.675614 910.990279 983.155944 1037.132690 1064.544179 1084.750595 1150.806641 1218.373703 1272.685835 1293.769750 1321.419542 1366.328183 1431.057648 1461.608780 1470.354483 1489.217334 1523.469841 1569.057036 1601.469355 1583.856398 1574.996777 1579.451663 1590.612691 1615.286748 1617.393315 1619.553933 1621.748818 1625.605538 1624.284149 1599.676657 1566.447282 1552.516680 1543.952576 1517.064913 1448.773812 1403.150118 1369.649983 1336.941325 1287.117068 1222.041056 1200.610734 1136.458349 1073.785556 1007.288870 981.717208 946.649611 916.678569 883.826729 882.240047 882.791002 860.339482 826.689111 792.982066 776.665420 756.760957 744.950786 774.023236 790.865621 820.823493 -9999.0 -9999.0 -9999.0 -9999.0
-9999.0 -9999.0 401.455244 450.827194 508.105315 517.646222 519.475245 526.093324 555.140730 608.021565 685.675030 738.384685 783.423667 819.675630 883.880670 968.464737 1045.134002 1099.374405 1166.411433 1240.067800 1302.943526 1338.421992 1360.275568 1402.075943 1457.277551 1517.848432 1543.731660 1569.388393 1600.480585 1634.997268 1650.590093 1665.913566 1674.427030 1676.367620 1681.012820 1681.755048 1676.317895 1669.143612 1649.506518 1645.263805 1652.439565 1657.424027 1659.471477 1646.656708 1642.831919 1655.901990 1659.232409 1658.980801 1659.450853 1667.576260 1672.933093 1635.428424 1593.427290 1576.553209 1566.692671 1523.799061 1460.683425 1415.142375 1388.911260 1345.488486 1268.900632 1215.404885 1158.725834 1102.798387 1045.411185 1009.210967 958.263113 912.911123 863.885262 815.681879 790.276261 770.464632 766.519536 765.213595 780.218402 794.764314 809.451294 816.890731 -9999.0 -9999.0
-9999.0 299.194733 371.912954 499.026105 579.668919 625.708238 661.387179 687.381594 716.361840 741.437169 849.665476 945.840643 1039.103901 1079.570982 1138.226690 1240.340396 1336.058802 1383.177156 1423.379957 1479.477649 1538.282521 1585.440030 1615.026115 1631.819615 1665.067042 1675.694172 1677.787199 1680.338908 1676.250372 1669.206730 1660.509244 1667.144021 1663.943324 1645.937813 1630.524629 1626.867011 1619.330312 1592.029686 1561.034749 1544.940989 1547.474105 1569.500338 1557.975263 1538.272515 1534.810599 1555.397271 1574.576528 1568.067536 1558.594489 1578.393298 1614.051431 1636.289555 1647.863403 1663.830460 1684.454707 1659.842341 1630.354273 1588.275961 1567.983120 1538.655822 1480.535725 1418.843213 1362.955082 1300.984415 1233.086307 1159.699409 1090.653465 1025.588679 955.292398 910.868221 876.694754 823.338373 799.166541 798.463732 787.801036 783.724949 788.891912 794.787165 -9999.0 -9999.0
-9999.0 220.991891 363.999000 549.562114 699.047802 761.508131 871.041326 953.145456 982.909032 958.584637 1070.751176 1292.646043 1390.948881 1409.576843 1482.353268 1569.184055 1594.756364 1627.372434 1650.289186 1658.852433 1665.722350 1674.962203 1673.498443 1667.781284 1653.491025 1645.619586 1643.981625 1640.434457 1622.139071 1602.245410 1583.455564 1578.405046 1559.717611 1517.858681 1485.810179 1468.019505 1449.298344 1423.159711 1385.655575 1356.706106 1341.677074 1357.688950 1350.157014 1333.776577 1330.359994 1352.785079 1386.377068 1384.908738 1396.149033 1421.719977 1463.394207 1504.066386 1527.596206 1558.296588 1595.504546 1639.542130 1656.227769 1677.720741 1682.410685 1662.291810 1618.659798 1567.146832 1532.731140 1470.020514 1397.968396 1319.767793 1255.445290 1192.570131 1117.715361 1065.031434 1012.847434 950.191949 889.960313 861.016357 818.888166 797.230967 -9999.0 -9999.0 -9999.0 -9999.0
-9999.0 145.429251 334.761507 595.851911 869.595103 990.182462 1198.945131 1328.861555 1388.963477 1452.470491 1445.485001 1581.917912 1617.480892 1613.523533 1610.629772 1615.942752 1632.595015 1637.781992 1635.982860 1627.970191 1620.360599 1616.254682 1613.837345 1604.966428 1591.159351 1575.031309 1560.688389 1546.388213 1507.126820 1473.355390 1437.156183 1419.538718 1379.401399 1289.821797 1247.921272 1211.871014 1151.589740 1139.305062 1127.146385 1094.951011 1073.697881 1054.055357 1074.764197 1078.076110 1080.421391 1086.201834 1106.755443 1133.568378 1183.224190 1224.330806 1270.202860 1323.092341 1359.401420 1405.409245 1453.491579 1510.339169 1543.304948 1575.690783 1623.503333 1662.968062 1686.044368 1675.680836 1647.712007 1602.854785 1534.007498 1468.483151 1421.732358 1352.554369 1287.704042 1232.738243 1182.651215 1122.189518 1047.079514 953.075903 907.194201 -9999.0 -9999.0 -9999.0 -9999.0 -9999.0
-9999.0 -27.801194 240.339008 531.586280 852.919692 1182.919919 1312.807224 1449.106126 1521.295008 1480.776001 1480.141025 1501.896298 1542.516446 1551.404878 1534.025117 1528.197907 1519.613372 1521.218695 1535.606079 1511.554929 1483.416746 1469.297117 1466.919265 1452.446084 1426.018495 1405.839612 1390.795941 1368.844633 1320.474034 1270.496892 1189.674278 1156.360544 1075.701400 1014.530420 968.855250 918.550598 865.070612 860.900608 875.223247 858.151610 834.891781 816.028778 842.188377 859.354979 871.532863 861.558099 872.168411 910.060815 962.303979 1008.713828 1060.808204 1118.821734 1170.787131 1225.053092 1260.245375 1312.019064 1360.685676 1410.721092 1486.491430 1565.625797 1602.580797 1637.924805 1672.091215 1688.187493 1638.690835 1590.542353 1543.196028 1487.816922 1407.163807 1360.836570 1330.657713 1281.369370 1220.898897 -9999.0 -9999.0 -9999.0 -9999.0 -9999.0 -9999.0 -9999.0
-9999.0 -156.564649 66.300664 301.820347 592.332826 832.964753 1026.853294 1143.069514 1223.670228 1247.845328 1275.369072 1306.728183 1336.600734 1359.301092 1339.420911 1304.174849 1278.683507 1284.148462 1282.340854 1260.070103 1231.956315 1216.832939 1213.147553 1202.823578 1173.129802 1153.613037 1138.652052 1112.136324 1074.771702 1018.057628 937.054228 863.881354 800.102311 765.608586 734.985314 701.314695 663.537844 672.696077 685.032636 680.412150 668.820240 665.179583 694.449297 713.364714 723.693416 712.056497 731.682551 759.471947 802.375756 846.232802 896.176894 952.774048 1008.906399 1041.816378 1059.016197 1088.849762 1134.450386 1196.688396 1286.702961 1383.259337 1461.614520 1512.406044 1564.500747 1600.106692 1615.660390 1631.806340 1612.066903 1537.303810 1418.950700 1425.775539 1418.132597 -9999.0 -9999.0 -9999.0 -9999.0 -9999.0 -9999.0 -9999.0 -9999.0 -9999.0
-9999.0 -9999.0 -168.833148 13.238177 158.982404 342.278090 494.817340 606.448561 691.785756 796.901868 895.912045 975.392959 1017.995141 1035.438192 1020.922304 986.799782 965.210915 966.035488 957.000699 945.850283 924.760408 915.869163 904.275882 894.321280 880.627097 871.975325 864.371619 850.971062 827.060797 779.317699 728.487979 675.788283 621.029451 594.915475 572.498576 550.087276 547.349178 543.816500 549.545309 550.632655 556.693485 568.829995 589.171209 610.947982 620.701284 629.046594 641.922828 666.119993 699.865667 742.315008 796.288019 853.978740 894.285586 908.216403 900.343969 907.917438 932.386614 980.424992 1068.135563 1160.854292 1260.396848 1334.336785 1409.374925 1464.951999 1485.313276 1505.159112 1526.907868 1463.882455 1084.793923 1362.786259 -9999.0 -9999.0 -9999.0 -9999.0 -9999.0 -9999.0 -9999.0 -9999.0 -9999.0 -9999.0
-9999.0 -9999.0 -9999.0 -9999.0 -129.428408 27.152212 123.682177 207.789262 334.218509 450.068354 546.692276 626.574767 684.502150 709.796081 703.059806 704.342853 698.745804 694.004340 685.026442 682.250733 679.120476 671.074709 657.370076 648.935748 647.971523 651.108187 647.709512 633.360068 615.636696 590.673731 568.361897 533.165237 496.268482 466.702846 453.292142 446.809759 446.538907 440.051795 448.960935 455.739610 470.719899 486.016306 509.906280 538.637712 551.958972 566.591102 576.516595 597.429570 627.966356 681.416994 744.669952 801.991168 837.327510 841.865030 817.243564 802.553272 800.603890 830.797708 879.782939 952.719290 1059.325937 1139.389298 1208.142230 1260.172208 1296.593946 1346.836044 1409.339518 1449.580233 -9999.0 -9999.0 -9999.0 -9999.0 -9999.0 -9999.0 -9999.0 -9999.0 -9999.0 -9999.0 -9999.0 -9999.0
-9999.0 -9999.0 -9999.0 -9999.0 -9999.0 -9999.0 -177.674327 -78.083139 5.941248 137.711827 260.637227 357.502176 434.880299 463.727285 486.328314 511.325840 508.559786 491.060268 473.271227 490.988432 502.725906 496.961751 467.651376 466.178323 469.778471 477.913152 475.620542 468.856584 443.528924 453.130171 452.539433 429.086540 402.779448 388.466264 376.599958 386.212872 386.589023 373.405576 374.751641 401.107179 421.059000 434.347178 456.519404 489.744199 521.968264 536.826391 538.141858 544.482485 585.353703 655.751750 726.936457 781.567437 813.389904 821.316088 793.830487 753.853959 733.635825 741.575976 777.775554 833.046816 912.339226 966.302058 1000.407562 1022.070117 1047.805139 1142.581020 -9999.0 -9999.0 -9999.0 -9999.0 -9999.0 -9999.0 -9999.0 -9999.0 -9999.0 -9999.0 -9999.0 -9999.0 -9999.0 -9999.0
-9999.0 -9999.0 -9999.0 -9999.0 -9999.0 -9999.0 -9999.0 -9999.0 -9999.0 -9999.0 -9999.0 -9999.0 -9999.0 -9999.0 -9999.0 -9999.0 -9999.0 -9999.0 -9999.0 -9999.0 -9999.0 -9999.0 -9999.0 -9999.0 -9999.0 -9999.0 -9999.0 -9999.0 -9999.0 -9999.0 -9999.0 -9999.0 -9999.0 -9999.0 -9999.0 -9999.0 -9999.0 -9999.0 -9999.0 -9999.0 -9999.0 -9999.0 -9999.0 -9999.0 -9999.0 -9999.0 -9999.0 -9999.0 -9999.0 -9999.0 -9999.0 -9999.0 -9999.0 -9999.0 -9999.0 -9999.0 -9999.0 -9999.0 -9999.0 -9999.0 -9999.0 -9999.0 -9999.0 -9999.0 -9999.0 -9999.0 -9999.0 -9999.0 -9999.0 -9999.0 -9999.0 -9999.0 -9999.0 -9999.0 -9999.0 -9999.0 -9999.0 -9999.0 -9999.0 -9999.0
-9999.0 -9999.0 -9999.0 -9999.0 -9999.0 -9999.0 -9999.0 -9999.0 -9999.0 -9999.0 -9999.0 -9999.0 -9999.0 -9999.0 -9999.0 -9999.0 -9999.0 -9999.0 -9999.0 -9999.0 -9999.0 -9999.0 -9999.0 -9999.0 -9999.0 -9999.0 -9999.0 -9999.0 -9999.0 -9999.0 -9999.0 -9999.0 -9999.0 -9999.0 -9999.0 -9999.0 -9999.0 -9999.0 -9999.0 -9999.0 -9999.0 -9999.0 -9999.0 -9999.0 -9999.0 -9999.0 -9999.0 -9999.0 -9999.0 -9999.0 -9999.0 -9999.0 -9999.0 -9999.0 -9999.0 -9999.0 -9999.0 -9999.0 -9999.0 -9999.0 -9999.0 -9999.0 -9999.0 -9999.0 -9999.0 -9999.0 -9999.0 -9999.0 -9999.0 -9999.0 -9999.0 -9999.0 -9999.0 -9999.0 -9999.0 -9999.0 -9999.0 -9999.0 -9999.0 -9999.0