Borden_/Borden1m_014/output_maps/psiliqL0000N0032.asc
ncols         80
nrows         18
xllcorner     620200.000000
yllcorner     5168000.000000
cellsize      1.000000
NODATA_value  -9999.0
-9999.0 -9999.0 -9999.0 -9999.0 -9999.0 -9999.0 -9999.0 -9999.0 -9999.0 -9999.0 -9999.0 -9999.0 -9999.0 -9999.0 -9999.0 -9999.0 -9999.0 -9999.0 -9999.0 -9999.0 -9999.0 -9999.0 -9999.0 -9999.0 -9999.0 -9999.0 -9999.0 -9999.0 -9999.0 -9999.0 -9999.0 -9999.0 -9999.0 -9999.0 -9999.0 -9999.0 -9999.0 -9999.0 -9999.0 -9999.0 -9999.0 -9999.0 -9999.0 -9999.0 -9999.0 -9999.0 -9999.0 -9999.0 -9999.0 -9999.0 -9999.0 -9999.0 -9999.0 -9999.0 -9999.0 -9999.0 -9999.0 -9999.0 -9999.0 -9999.0 -9999.0 -9999.0 -9999.0 -9999.0 -9999.0 -9999.0 -9999.0 -9999.0 -9999.0 -9999.0 -9999.0 -9999.0 -9999.0 -9999.0 -9999.0 -9999.0 -9999.0 -9999.0 -9999.0 -9999.0
-9999.0 -9999.0 -9999.0 -9999.0 -9999.0 -9999.0 -9999.0 -9999.0 -9999.0 -9999.0 -9999.0 -9999.0 -9999.0 -9999.0 -9999.0 -9999.0 -9999.0 -9999.0 -9999.0 -9999.0 -9999.0 -9999.0 -9999.0 -9999.0 -9999.0 -9999.0 -9999.0 -9999.0 -9999.0 -9999.0 -9999.0 -9999.0 -9999.0 -9999.0 -9999.0 -9999.0 -9999.0 -9999.0 -9999.0 -9999.0 -9999.0 -9999.0 -9999.0 -9999.0 -9999.0 -9999.0 -9999.0 -9999.0 -9999.0 -9999.0 -9999.0 -9999.0 -9999.0 -9999.0 -9999.0 -9999.0 -9999.0 -9999.0 -9999.0 -9999.0 -9999.0 -9999.0 -9999.0 -9999.0 -9999.0 -9999.0 -9999.0 -9999.0 -9999.0 -9999.0 -9999.0 -9999.0 -9999.0 -9999.0 -9999.0 -9999.0 -9999.0 -9999.0 -9999.0 -9999.0
-9999.0 -9999.0 -9999.0 -9999.0 -9999.0 -9999.0 -9999.0 -9999.0 -9999.0 -9999.0 -9999.0 -9999.0 -9999.0 -9999.0 -9999.0 -9999.0 -9999.0 -9999.0 -9999.0 -9999.0 -607.967112 -607.068648 -609.047972 -611.282835 -613.144801 -613.368644 -611.266847 -608.813955 -605.979500 -605.363441 -607.625132 -607.109891 -608.001536 -608.449773 -608.455894 -607.844658 -607.576057 -606.640407 -606.033596 -606.276411 -606.962266 -607.466639 -607.945034 -607.773010 -607.010308 -608.016569 -606.478098 -604.925361 -604.345587 -604.402184 -606.569014 -607.491047 -607.819763 -609.551177 -606.404613 -605.428543 -603.013529 -602.758405 -602.330708 -605.053397 -607.698379 -9999.0 -9999.0 -9999.0 -9999.0 -9999.0 -9999.0 -9999.0 -9999.0 -9999.0 -9999.0 -9999.0 -9999.0 -9999.0 -9999.0 -9999.0 -9999.0 -9999.0 -9999.0 -9999.0
-9999.0 -9999.0 -9999.0 -9999.0 -9999.0 -9999.0 -9999.0 -9999.0 -9999.0 -9999.0 -9999.0 -9999.0 -9999.0 -9999.0 -611.669659 -612.716035 -613.196885 -613.474161 -611.592844 -610.103063 -610.007631 -611.094628 -610.233845 -612.339311 -614.167838 -613.038280 -611.417751 -610.040488 -607.769058 -605.991499 -607.608790 -608.003922 -607.098939 -603.920382 -602.439259 -603.074647 -606.708332 -603.330012 -601.512006 -600.296624 -600.442537 -602.097622 -599.697224 -596.909156 -598.304111 -601.238191 -600.709608 -599.096641 -596.342908 -597.905556 -606.953956 -608.001796 -607.570772 -607.440366 -608.624602 -609.488102 -606.315720 -606.726651 -607.275110 -607.903347 -609.799744 -612.792138 -614.098712 -611.034969 -608.189579 -602.300539 -9999.0 -9999.0 -9999.0 -9999.0 -9999.0 -9999.0 -9999.0 -9999.0 -9999.0 -9999.0 -9999.0 -9999.0 -9999.0 -9999.0
-9999.0 -9999.0 -9999.0 -9999.0 -9999.0 -9999.0 -9999.0 -9999.0 -9999.0 -613.403938 -613.703443 -613.419098 -614.095018 -613.192561 -614.667189 -614.317792 -614.541834 -613.279097 -612.203953 -610.359418 -607.903690 -609.686285 -609.903779 -608.558301 -608.266569 -607.691401 -606.549014 -602.368409 -597.348524 -589.445528 -595.979341 -596.240695 -592.614306 -578.799740 -565.098475 -560.331956 -568.058731 -568.185041 -558.790679 -546.299538 -545.474392 -546.505396 -531.720714 -521.773257 -514.555992 -529.790978 -544.348127 -546.587618 -529.316226 -558.071695 -578.914869 -594.057547 -593.311565 -598.421910 -603.870250 -605.922618 -606.648458 -602.921646 -604.399158 -607.854894 -610.626811 -609.811486 -611.315487 -609.868205 -608.781555 -604.313001 -600.188216 -596.115662 -595.903657 -598.499636 -9999.0 -9999.0 -9999.0 -9999.0 -9999.0 -9999.0 -9999.0 -9999.0 -9999.0 -9999.0
-9999.0 -9999.0 -9999.0 -9999.0 -9999.0 -9999.0 -615.232894 -615.367436 -614.803311 -616.581647 -615.320618 -616.185661 -615.225438 -614.784907 -614.164268 -614.087984 -612.418778 -610.939576 -608.384509 -604.915593 -601.635078 -603.229451 -602.340258 -597.464433 -587.616775 -578.003227 -571.675762 -559.395928 -508.110058 -452.028808 -428.145315 -416.788976 -403.835466 -374.144861 -319.881119 -295.253162 -322.579624 -340.571079 -323.448100 -279.632350 -192.566316 -191.837650 -186.475277 -179.766509 -153.639448 -157.783447 -273.215519 -304.580025 -315.056946 -324.722319 -366.385499 -409.805548 -468.868663 -524.245907 -565.699018 -583.116698 -586.125825 -583.593855 -590.391386 -598.937796 -603.918712 -604.022234 -605.000765 -606.776245 -606.018803 -604.211634 -601.359320 -599.576488 -600.957110 -602.836526 -604.285808 -607.209398 -606.765281 -603.927891 -9999.0 -9999.0 -9999.0 -9999.0 -9999.0 -9999.0
-9999.0 -9999.0 -9999.0 -9999.0 -618.025797 -617.202069 -619.648745 -618.278032 -617.190157 -616.364060 -616.306442 -614.771221 -614.311258 -613.198758 -610.788278 -608.766510 -605.259041 -602.544179 -594.908088 -578.142104 -559.991881 -547.078810 -537.339769 -469.671333 -400.926151 -362.819467 -348.259348 -323.527890 -274.327170 -146.714167 -120.565785 -115.350359 -135.060055 -73.789718 -33.387193 -6.374769 -18.645920 -25.941131 -23.458857 -16.695479 6.368618 6.668138 7.535503 7.526651 9.606418 11.420414 -7.413917 -37.226875 -47.770549 -55.543962 -112.461579 -131.750179 -242.224357 -281.230327 -306.515422 -346.354307 -399.953730 -424.878131 -498.028668 -544.118496 -572.808597 -581.649519 -589.706437 -593.802236 -598.958673 -598.172877 -596.884461 -599.468608 -602.744525 -605.806380 -606.233510 -607.554857 -608.963162 -605.357346 -604.023850 -599.976246 -9999.0 -9999.0 -9999.0 -9999.0
-9999.0 -9999.0 -618.179918 -618.057447 -615.798180 -617.161938 -617.913911 -619.081019 -618.585076 -616.377536 -611.999802 -609.949108 -606.787494 -605.089748 -597.698580 -577.898264 -549.714863 -519.102136 -444.448810 -387.713946 -339.222356 -296.827401 -210.054929 -168.229354 -154.987080 -78.445963 -55.169585 -74.305845 -13.181236 11.027903 35.395452 55.572704 57.072158 51.978097 47.094423 50.093269 44.563674 43.701072 25.392138 24.228233 30.593911 33.616483 36.558879 24.349787 20.054257 33.918916 33.949241 35.173961 39.846919 43.442377 58.761569 27.544473 -23.767506 -34.490301 -75.177280 -74.000385 -135.663378 -237.106977 -266.858267 -307.449577 -376.651231 -414.524223 -475.550779 -534.250357 -564.285358 -576.245801 -587.352649 -593.948498 -599.764671 -604.917232 -606.504327 -607.468086 -606.814875 -607.287103 -605.358795 -603.855788 -601.651399 -600.797046 -9999.0 -9999.0
-9999.0 -618.774661 -619.490959 -615.405486 -614.655278 -613.724868 -612.311455 -611.104020 -609.963549 -611.608960 -599.467171 -573.090173 -540.767782 -523.899426 -457.920340 -363.625228 -201.552593 -169.652534 -169.527403 -106.306485 -57.819658 -21.315431 2.157044 33.652478 58.372664 54.375111 48.589300 45.188952 41.249990 31.551294 21.326148 28.730243 27.406179 13.380191 2.585384 1.947177 0.379433 -24.059315 -48.150768 -60.221386 -54.530877 -34.368105 -43.816055 -63.962905 -67.767133 -48.211205 -33.692308 -42.065637 -53.149611 -39.479590 -9.914760 7.147375 23.866380 36.105532 59.329094 34.658221 3.241577 -32.303118 -44.645046 -67.722673 -180.950837 -246.093774 -299.161681 -360.502228 -409.624457 -481.803305 -544.328998 -570.193162 -586.953128 -592.946227 -596.613235 -603.758466 -605.655249 -604.248713 -605.194692 -605.307209 -604.434610 -603.747848 -9999.0 -9999.0
-9999.0 -622.267878 -618.598367 -614.149898 -608.398804 -607.200965 -586.234181 -564.324559 -554.795272 -566.936137 -491.452223 -195.074928 -134.812807 -135.178255 -85.218183 -18.514408 21.522200 41.904448 59.425904 46.200540 40.964222 42.373842 37.728720 29.086116 15.372309 8.959227 8.916772 7.385517 -8.144835 -25.038484 -40.435980 -40.302602 -53.033232 -85.519309 -118.454838 -131.803987 -164.310781 -224.710678 -265.266414 -293.080052 -305.739459 -285.345431 -296.680903 -315.574391 -319.247676 -295.070458 -261.823851 -268.493806 -263.928294 -240.983437 -195.371109 -104.359564 -84.643622 -60.374261 -29.642453 7.715817 26.968952 42.869601 53.443414 26.720446 -8.908858 -53.103849 -79.656952 -195.020122 -270.049826 -347.032597 -393.722103 -428.544349 -502.804553 -543.677415 -566.930371 -583.836959 -595.126040 -597.762196 -602.941144 -603.893327 -9999.0 -9999.0 -9999.0 -9999.0
-9999.0 -622.125734 -618.424301 -609.801068 -587.591162 -547.667569 -403.256321 -275.187600 -99.957900 -150.914789 -25.241479 44.053802 48.441988 34.855871 7.117596 3.488212 12.270996 14.327603 10.351262 1.641523 -6.810845 -10.927413 -12.201009 -19.384514 -31.250108 -45.706474 -55.537240 -66.036905 -158.333552 -195.791422 -223.957538 -239.403674 -272.306760 -353.050070 -383.370976 -402.694984 -461.000545 -479.084440 -496.922290 -526.514742 -538.837411 -545.891395 -536.375592 -538.854277 -539.701442 -533.286956 -515.181105 -498.143892 -446.288096 -410.589267 -381.486828 -335.773209 -302.821945 -258.950129 -206.149719 -98.091806 -70.622571 -46.097439 -6.619352 27.768963 48.162948 41.742300 12.649941 -19.678833 -75.350412 -199.976243 -253.617034 -322.076897 -372.830769 -405.394217 -429.318422 -485.130520 -548.584890 -581.362340 -589.158457 -9999.0 -9999.0 -9999.0 -9999.0 -9999.0
-9999.0 -626.567943 -617.752158 -610.548595 -569.642282 -388.723326 -300.530486 -26.833319 23.379116 -44.337952 -155.630730 -68.379909 -35.647832 -36.221632 -61.372415 -72.394024 -75.923013 -76.657358 -64.281214 -98.555266 -177.845855 -196.542505 -198.857321 -210.639440 -232.965714 -251.927804 -266.436786 -287.723325 -340.332434 -378.121327 -425.635166 -456.797766 -531.774962 -565.558250 -579.270151 -590.103704 -599.624666 -599.500831 -596.666297 -599.321294 -602.078034 -604.899911 -601.527724 -599.961248 -598.445581 -600.268431 -599.673389 -594.792437 -586.179301 -576.117319 -558.699206 -526.728286 -476.271738 -414.371225 -389.698575 -343.640701 -298.922339 -251.240227 -175.958241 -51.337183 -25.180977 3.310785 38.226141 58.089953 19.487046 -14.731214 -69.946813 -195.067246 -294.609450 -333.927364 -349.698160 -370.880742 -406.293798 -9999.0 -9999.0 -9999.0 -9999.0 -9999.0 -9999.0 -9999.0
-9999.0 -629.603920 -619.885092 -617.689658 -604.829510 -573.985422 -497.546322 -384.453944 -210.584570 -341.012027 -355.806327 -332.557362 -304.198097 -283.193220 -306.329071 -337.925110 -358.593507 -355.217854 -353.796745 -373.097640 -395.618754 -404.749239 -405.300517 -412.847002 -445.166152 -469.329888 -484.536816 -510.319017 -539.929022 -564.373964 -588.311343 -598.550584 -605.394527 -607.842788 -609.577197 -611.361078 -614.649817 -612.949062 -611.577340 -611.969075 -613.038810 -613.839984 -611.455889 -610.609500 -609.839830 -612.030577 -610.499860 -609.035905 -605.752645 -602.283887 -597.153388 -589.194921 -578.143725 -569.011326 -561.585447 -545.469566 -509.915011 -432.379943 -368.267713 -275.757292 -201.578482 -105.451144 -55.048382 -22.415878 -4.156346 2.954118 12.294335 -11.265704 -267.226745 -299.762511 -302.567084 -9999.0 -9999.0 -9999.0 -9999.0 -9999.0 -9999.0 -9999.0 -9999.0 -9999.0
-9999.0 -9999.0 -631.243785 -627.006917 -622.930745 -618.988344 -613.489496 -606.148632 -600.380133 -592.520280 -579.488647 -562.432822 -549.051117 -541.850817 -551.322798 -567.487178 -575.688592 -575.143686 -577.201471 -581.282227 -588.070687 -590.494060 -592.061705 -593.329053 -596.080918 -597.258009 -597.762549 -598.792113 -600.993650 -605.623224 -609.639761 -612.307537 -615.159329 -615.125406 -615.618623 -616.623332 -615.950028 -616.113798 -615.844613 -615.997979 -615.824759 -615.411685 -614.853020 -614.118406 -614.073567 -613.893188 -613.596917 -612.738680 -611.404829 -609.632889 -606.163707 -600.930493 -596.719406 -595.617324 -597.708460 -596.920175 -593.660560 -585.477408 -555.125394 -473.320353 -391.538759 -329.589797 -259.241143 -211.440541 -189.761791 -116.234363 -54.871204 -204.324079 -348.985307 -336.884958 -9999.0 -9999.0 -9999.0 -9999.0 -9999.0 -9999.0 -9999.0 -9999.0 -9999.0 -9999.0
-9999.0 -9999.0 -9999.0 -9999.0 -632.412793 -626.930265 -622.007719 -622.388403 -618.840980 -616.738274 -614.629277 -611.991959 -609.829370 -608.334375 -610.318064 -610.984775 -611.454443 -611.136650 -611.518497 -612.108023 -612.456042 -612.781965 -613.038191 -613.481992 -613.372459 -613.023191 -612.929986 -613.663654 -613.689689 -615.195414 -615.523396 -616.389379 -617.228162 -618.140052 -617.994703 -618.143039 -617.770565 -618.166393 -617.531811 -617.931307 -617.464350 -617.239212 -616.637470 -615.679396 -616.044884 -615.487089 -615.435907 -614.662309 -614.311604 -612.229953 -608.785470 -604.672189 -601.777231 -601.869979 -605.478973 -606.939713 -607.699496 -605.334166 -601.058321 -591.432827 -563.179922 -517.156611 -430.457249 -392.375133 -367.351354 -324.655351 -284.110296 -275.533894 -9999.0 -9999.0 -9999.0 -9999.0 -9999.0 -9999.0 -9999.0 -9999.0 -9999.0 -9999.0 -9999.0 -9999.0
-9999.0 -9999.0 -9999.0 -9999.0 -9999.0 -9999.0 -630.397590 -627.821133 -628.357537 -626.637291 -625.142549 -623.849721 -621.715950 -622.106071 -621.637308 -619.961666 -620.270012 -621.074161 -622.068451 -620.578349 -620.008443 -619.839652 -621.498648 -621.061625 -620.932000 -620.270143 -620.337626 -620.074092 -621.553715 -619.949299 -619.211615 -619.571464 -619.920816 -619.643614 -620.033110 -618.965711 -618.840708 -619.694918 -619.914509 -618.691363 -618.348707 -618.515388 -618.244029 -617.369584 -616.096819 -615.909874 -616.472521 -617.234516 -615.845252 -612.709491 -609.074762 -605.734666 -603.477971 -602.718783 -605.762565 -609.718123 -611.636712 -611.823920 -610.101475 -606.744442 -598.531354 -592.241723 -586.452039 -578.796344 -569.203868 -509.315757 -9999.0 -9999.0 -9999.0 -9999.0 -9999.0 -9999.0 -9999.0 -9999.0 -9999.0 -9999.0 -9999.0 -9999.0 -9999.0 -9999.0
-9999.0 -9999.0 -9999.0 -9999.0 -9999.0 -9999.0 -9999.0 -9999.0 -9999.0 -9999.0 -9999.0 -9999.0 -9999.0 -9999.0 -9999.0 -9999.0 -9999.0 -9999.0 -9999.0 -9999.0 -9999.0 -9999.0 -9999.0 -9999.0 -9999.0 -9999.0 -9999.0 -9999.0 -9999.0 -9999.0 -9999.0 -9999.0 -9999.0 -9999.0 -9999.0 -9999.0 -9999.0 -9999.0 -9999.0 -9999.0 -9999.0 -9999.0 -9999.0 -9999.0 -9999.0 -9999.0 -9999.0 -9999.0 -9999.0 -9999.0 -9999.0 -9999.0 -9999.0 -9999.0 -9999.0 -9999.0 -9999.0 -9999.0 -9999.0 -9999.0 -9999.0 -9999.0 -9999.0 -9999.0 -9999.0 -9999.0 -9999.0 -9999.0 -9999.0 -9999.0 -9999.0 -9999.0 -9999.0 -9999.0 -9999.0 -9999.0 -9999.0 -9999.0 -9999.0 -9999.0
-9999.0 -9999.0 -9999.0 -9999.0 -9999.0 -9999.0 -9999.0 -9999.0 -9999.0 -9999.0 -9999.0 -9999.0 -9999.0 -9999.0 -9999.0 -9999.0 -9999.0 -9999.0 -9999.0 -9999.0 -9999.0 -9999.0 -9999.0 -9999.0 -9999.0 -9999.0 -9999.0 -9999.0 -9999.0 -9999.0 -9999.0 -9999.0 -9999.0 -9999.0 -9999.0 -9999.0 -9999.0 -9999.0 -9999.0 -9999.0 -9999.0 -9999.0 -9999.0 -9999.0 -9999.0 -9999.0 -9999.0 -9999.0 -9999.0 -9999.0 -9999.0 -9999.0 -9999.0 -9999.0 -9999.0 -9999.0 -9999.0 -9999.0 -9999.0 -9999.0 -9999.0 -9999.0 -9999.0 -9999.0 -9999.0 -9999.0 -9999.0 -9999.0 -9999.0 -9999.0 -9999.0 -9999.0 -9999.0 -9999.0 -9999.0 -9999.0 -9999.0 -9999.0 -9999.0 -9999.0