Borden_/Borden1m_014/output_maps/psiliqL0000N0002.asc
ncols         80
nrows         18
xllcorner     620200.000000
yllcorner     5168000.000000
cellsize      1.000000
NODATA_value  -9999.0
-9999.0 -9999.0 -9999.0 -9999.0 -9999.0 -9999.0 -9999.0 -9999.0 -9999.0 -9999.0 -9999.0 -9999.0 -9999.0 -9999.0 -9999.0 -9999.0 -9999.0 -9999.0 -9999.0 -9999.0 -9999.0 -9999.0 -9999.0 -9999.0 -9999.0 -9999.0 -9999.0 -9999.0 -9999.0 -9999.0 -9999.0 -9999.0 -9999.0 -9999.0 -9999.0 -9999.0 -9999.0 -9999.0 -9999.0 -9999.0 -9999.0 -9999.0 -9999.0 -9999.0 -9999.0 -9999.0 -9999.0 -9999.0 -9999.0 -9999.0 -9999.0 -9999.0 -9999.0 -9999.0 -9999.0 -9999.0 -9999.0 -9999.0 -9999.0 -9999.0 -9999.0 -9999.0 -9999.0 -9999.0 -9999.0 -9999.0 -9999.0 -9999.0 -9999.0 -9999.0 -9999.0 -9999.0 -9999.0 -9999.0 -9999.0 -9999.0 -9999.0 -9999.0 -9999.0 -9999.0
-9999.0 -9999.0 -9999.0 -9999.0 -9999.0 -9999.0 -9999.0 -9999.0 -9999.0 -9999.0 -9999.0 -9999.0 -9999.0 -9999.0 -9999.0 -9999.0 -9999.0 -9999.0 -9999.0 -9999.0 -9999.0 -9999.0 -9999.0 -9999.0 -9999.0 -9999.0 -9999.0 -9999.0 -9999.0 -9999.0 -9999.0 -9999.0 -9999.0 -9999.0 -9999.0 -9999.0 -9999.0 -9999.0 -9999.0 -9999.0 -9999.0 -9999.0 -9999.0 -9999.0 -9999.0 -9999.0 -9999.0 -9999.0 -9999.0 -9999.0 -9999.0 -9999.0 -9999.0 -9999.0 -9999.0 -9999.0 -9999.0 -9999.0 -9999.0 -9999.0 -9999.0 -9999.0 -9999.0 -9999.0 -9999.0 -9999.0 -9999.0 -9999.0 -9999.0 -9999.0 -9999.0 -9999.0 -9999.0 -9999.0 -9999.0 -9999.0 -9999.0 -9999.0 -9999.0 -9999.0
-9999.0 -9999.0 -9999.0 -9999.0 -9999.0 -9999.0 -9999.0 -9999.0 -9999.0 -9999.0 -9999.0 -9999.0 -9999.0 -9999.0 -9999.0 -9999.0 -9999.0 -9999.0 -9999.0 -9999.0 -588.729510 -587.494267 -590.074104 -593.026543 -595.582438 -595.923658 -593.082353 -589.888882 -586.265291 -585.611232 -588.590187 -587.802211 -588.985227 -589.705356 -589.798383 -588.954726 -588.515767 -587.380867 -586.670982 -587.043904 -587.942892 -588.555017 -589.116904 -588.952057 -587.913196 -589.361150 -587.322226 -585.368519 -584.720378 -584.684301 -587.259066 -588.300358 -588.682512 -591.060718 -586.808272 -585.647667 -582.650184 -582.392185 -581.795461 -585.154725 -588.512560 -9999.0 -9999.0 -9999.0 -9999.0 -9999.0 -9999.0 -9999.0 -9999.0 -9999.0 -9999.0 -9999.0 -9999.0 -9999.0 -9999.0 -9999.0 -9999.0 -9999.0 -9999.0 -9999.0
-9999.0 -9999.0 -9999.0 -9999.0 -9999.0 -9999.0 -9999.0 -9999.0 -9999.0 -9999.0 -9999.0 -9999.0 -9999.0 -9999.0 -593.320204 -594.796244 -595.493349 -595.987118 -593.424535 -591.476617 -591.490048 -593.001196 -591.713040 -594.621617 -597.239890 -595.659674 -593.478971 -591.768824 -588.892029 -586.709611 -588.759021 -589.271264 -588.189238 -584.368927 -582.776839 -583.609003 -588.212058 -583.851598 -581.752349 -580.421588 -580.599634 -582.674611 -579.865836 -576.601913 -578.314050 -581.779127 -580.983808 -579.024886 -575.864615 -577.357338 -588.357426 -589.325336 -588.712728 -588.424017 -590.004140 -591.140043 -586.856541 -587.517439 -588.179047 -588.835659 -591.236272 -595.295408 -597.155777 -592.844526 -589.196126 -581.801993 -9999.0 -9999.0 -9999.0 -9999.0 -9999.0 -9999.0 -9999.0 -9999.0 -9999.0 -9999.0 -9999.0 -9999.0 -9999.0 -9999.0
-9999.0 -9999.0 -9999.0 -9999.0 -9999.0 -9999.0 -9999.0 -9999.0 -9999.0 -595.604532 -596.038437 -595.638330 -596.669367 -595.385179 -597.658194 -597.153308 -597.612012 -595.819482 -594.459468 -592.071431 -588.846000 -591.270198 -591.598553 -589.907068 -589.794958 -589.272300 -587.946720 -582.855511 -577.311422 -568.662142 -576.467780 -576.920426 -573.573912 -562.130496 -551.695354 -548.776230 -554.757113 -554.672345 -547.084947 -538.612960 -539.459473 -540.391340 -531.863940 -527.453140 -523.722932 -530.613355 -537.970939 -539.178253 -528.438946 -546.308897 -563.056197 -575.487586 -572.907861 -578.420180 -584.654550 -586.913759 -587.766199 -582.974844 -584.721566 -589.005265 -592.551199 -591.322021 -593.395194 -591.360724 -590.054229 -584.412626 -579.468213 -574.712785 -574.492221 -577.534045 -9999.0 -9999.0 -9999.0 -9999.0 -9999.0 -9999.0 -9999.0 -9999.0 -9999.0 -9999.0
-9999.0 -9999.0 -9999.0 -9999.0 -9999.0 -9999.0 -598.065724 -598.275707 -597.453576 -600.315900 -598.406272 -599.821533 -598.461264 -597.923656 -597.044158 -597.093302 -594.892895 -593.003472 -589.803544 -585.649179 -581.831886 -584.064018 -583.089605 -577.789895 -569.258279 -562.236571 -557.307224 -547.820328 -520.909404 -502.758960 -492.462692 -489.323411 -484.036463 -453.909593 -401.442602 -383.504887 -403.869825 -419.351731 -405.512614 -372.085142 -363.293975 -363.685648 -357.455583 -346.904398 -294.585709 -306.068743 -366.897661 -387.409788 -394.904502 -401.064781 -443.250597 -486.788944 -509.614017 -527.472590 -553.174968 -568.755777 -567.991129 -563.089640 -569.425281 -578.915092 -584.599287 -584.445441 -585.523521 -587.736749 -586.648375 -584.421746 -580.985948 -578.813521 -580.444605 -582.646599 -584.248726 -587.970569 -587.349055 -583.759892 -9999.0 -9999.0 -9999.0 -9999.0 -9999.0 -9999.0
-9999.0 -9999.0 -9999.0 -9999.0 -602.319457 -601.038657 -604.944918 -602.777643 -601.154889 -599.965407 -600.090328 -597.998816 -597.506544 -596.055751 -592.949405 -590.738892 -586.600157 -583.552592 -575.221865 -560.667444 -546.967599 -538.773870 -535.373635 -511.579119 -476.701749 -439.261518 -425.551855 -406.655495 -373.822076 -255.108509 0.008989 0.046028 0.057974 0.071546 0.099122 0.207229 0.109758 0.096782 0.119909 0.124602 0.229935 0.190900 0.211918 0.186069 0.235678 0.306815 0.141273 0.098745 0.096999 0.094911 0.065994 -14.689608 -329.555445 -364.447542 -382.471749 -423.349726 -478.568362 -494.249032 -518.673057 -537.270984 -557.346857 -562.419014 -568.937403 -572.934353 -578.675770 -577.496125 -575.791532 -578.771549 -582.652478 -586.366668 -586.743882 -588.372856 -590.329244 -585.569208 -584.017379 -579.082707 -9999.0 -9999.0 -9999.0 -9999.0
-9999.0 -9999.0 -602.446295 -602.462547 -599.024907 -601.246941 -602.588875 -604.450425 -603.746597 -600.529025 -594.628169 -592.485993 -588.740235 -586.766441 -578.303724 -561.115185 -541.268414 -526.514797 -503.351387 -463.555579 -419.720167 -391.087238 -376.342273 -329.039973 -10.637963 0.063859 0.084656 0.100842 0.124470 0.171193 0.489669 5.848180 9.718896 5.564216 3.847111 2.588762 1.946033 1.139913 0.486937 0.401497 2.280139 4.427385 7.677911 0.666922 0.343990 1.322046 1.990310 1.719156 1.371960 2.682792 12.751098 0.427842 0.105956 0.107460 0.117407 0.063276 -5.251097 -324.480255 -349.980476 -387.652731 -448.531452 -486.866211 -511.699955 -530.645272 -547.231395 -554.913776 -565.793440 -572.739551 -579.259530 -585.455209 -587.308658 -588.393415 -587.436754 -588.177813 -585.669209 -583.859765 -581.102703 -580.104363 -9999.0 -9999.0
-9999.0 -603.472920 -604.762247 -598.695871 -597.904412 -596.838504 -595.608833 -594.537844 -592.962213 -595.027377 -580.317924 -560.175833 -534.461523 -525.802673 -503.216613 -449.649606 -381.700072 -338.250242 -251.505797 0.014023 0.070186 0.114524 0.133783 0.480902 10.760233 6.472437 3.197459 2.339650 0.960398 0.647865 0.198281 0.465133 0.366493 0.218629 0.174088 0.217736 0.196126 0.125003 0.095439 0.075587 0.086939 0.171862 0.111263 0.082010 0.069496 0.099440 0.167505 0.106471 0.070514 0.095219 0.158323 0.224913 0.490829 0.746694 10.369730 0.543336 0.173574 0.103731 0.102717 0.076131 0.011512 -320.415919 -390.039591 -437.792744 -480.804540 -513.677983 -534.742796 -550.663975 -565.784767 -571.912546 -575.738882 -584.190369 -586.331058 -584.373860 -585.520057 -585.659024 -584.572247 -583.737014 -9999.0 -9999.0
-9999.0 -609.624285 -603.898417 -597.595349 -590.040726 -589.681146 -570.348573 -550.872169 -541.029948 -549.176640 -515.674819 -373.451032 -221.492703 -11.135769 0.051600 0.121953 0.456183 1.320602 12.663963 3.658914 1.356920 3.552223 1.101868 0.417615 0.247316 0.217622 0.275968 0.286149 0.197658 0.153418 0.111101 0.144188 0.108345 0.074929 0.057943 0.046590 0.006945 -256.911558 -345.929177 -376.895516 -387.146072 -359.739346 -374.739025 -397.056767 -401.838868 -376.888470 -334.094601 -351.274971 -353.823404 -320.179407 -1.978667 0.059449 0.073115 0.087311 0.114287 0.200693 0.467079 2.131141 8.278242 0.360451 0.145829 0.088477 0.072158 -1.165735 -354.033200 -425.579200 -463.247924 -491.505165 -518.321985 -533.976982 -548.519372 -562.546234 -574.396306 -576.896128 -583.053865 -583.885727 -9999.0 -9999.0 -9999.0 -9999.0
-9999.0 -610.157929 -604.500879 -592.551191 -565.723581 -539.735401 -444.442309 -317.405985 -1.693959 0.098649 0.173734 0.852224 7.284854 0.700068 0.374636 0.333540 0.433375 0.406277 0.285445 0.214384 0.196348 0.199625 0.205055 0.172170 0.143379 0.124946 0.115836 0.111171 0.069046 0.023166 -233.688357 -296.241516 -347.066725 -434.455525 -463.818638 -480.409488 -505.472061 -510.339669 -516.530719 -528.364045 -534.190513 -538.364908 -532.504516 -534.079344 -534.735652 -531.504402 -523.251496 -518.465392 -502.482528 -486.514062 -459.096139 -423.979670 -400.314233 -356.150115 -175.994238 0.042032 0.077167 0.093444 0.146436 0.472369 8.191536 1.199429 0.211203 0.131140 0.067683 0.015522 -225.771539 -358.863760 -406.152918 -446.654415 -480.962565 -510.287846 -535.462014 -559.341630 -567.340038 -9999.0 -9999.0 -9999.0 -9999.0 -9999.0
-9999.0 -618.874824 -604.548849 -594.669304 -553.110982 -401.706447 -326.967492 0.014240 1.262183 0.135399 0.059358 0.071590 0.132264 0.147838 0.098374 0.103311 0.083167 0.072608 0.143748 0.082169 0.062982 0.053734 0.046596 0.000178 -289.549847 -330.507457 -347.904585 -367.856351 -412.711883 -447.878462 -496.230380 -502.902483 -530.658248 -551.574890 -562.095805 -571.274158 -580.594147 -580.246965 -576.598274 -579.564956 -582.830064 -586.380731 -582.109935 -580.167372 -578.294948 -580.652707 -580.100587 -574.469068 -565.467562 -557.026134 -544.649979 -527.952211 -512.365725 -489.393212 -469.194702 -429.472345 -392.905264 -337.502367 0.006407 0.086275 0.130812 0.175992 0.601392 8.842095 0.384371 0.144262 0.113968 0.090394 0.046748 -19.560109 -332.051339 -409.408151 -459.524983 -9999.0 -9999.0 -9999.0 -9999.0 -9999.0 -9999.0 -9999.0
-9999.0 -623.524836 -608.229167 -605.986705 -588.521518 -558.209446 -513.334095 -458.039524 -410.524269 -421.117104 -414.872791 -395.383097 -366.113924 -341.967516 -375.071800 -410.877811 -433.712383 -431.183185 -430.436367 -450.160467 -470.663516 -480.280916 -480.036403 -484.798686 -500.558919 -508.035960 -512.278699 -521.022515 -533.802444 -549.107921 -568.476321 -579.361984 -587.255586 -589.917566 -591.925861 -594.099333 -598.532366 -596.000559 -594.110418 -594.572267 -595.973583 -597.058902 -593.711974 -592.590955 -591.553197 -594.603753 -592.492423 -590.689651 -586.585953 -582.445366 -576.584221 -567.933453 -556.829307 -549.959755 -546.290822 -537.404726 -523.333309 -500.465726 -446.830160 -365.672935 -10.466162 0.052097 0.087612 0.139246 0.183108 0.784754 6.937578 0.367355 0.178211 0.148509 0.117584 -9999.0 -9999.0 -9999.0 -9999.0 -9999.0 -9999.0 -9999.0 -9999.0 -9999.0
-9999.0 -9999.0 -626.857321 -620.615134 -615.073988 -609.241971 -601.407119 -594.515601 -590.274352 -579.971612 -565.363046 -549.387401 -539.336115 -534.598420 -541.087663 -553.946260 -560.982129 -560.130031 -561.994567 -565.028558 -570.541948 -571.758198 -573.129001 -574.079565 -576.572374 -577.660333 -578.112469 -579.127628 -581.492533 -587.040426 -591.837248 -595.216085 -599.075951 -598.849410 -599.445483 -600.805632 -599.584150 -599.893823 -599.525702 -599.727766 -599.387310 -598.739210 -597.999905 -596.950655 -596.925511 -596.619232 -596.271884 -595.160191 -593.465704 -591.238667 -586.888016 -580.539956 -575.718596 -574.575346 -577.187595 -576.473838 -573.072325 -565.373346 -543.040964 -512.959042 -466.213171 -420.041082 -343.519970 0.000230 0.051450 0.068446 0.129299 0.405788 0.567411 0.297710 -9999.0 -9999.0 -9999.0 -9999.0 -9999.0 -9999.0 -9999.0 -9999.0 -9999.0 -9999.0
-9999.0 -9999.0 -9999.0 -9999.0 -629.634289 -620.786342 -612.610492 -613.331416 -607.444221 -603.793905 -600.460316 -596.566931 -593.413298 -591.374756 -593.897392 -594.368269 -594.830362 -594.439857 -594.979932 -595.600073 -595.839059 -596.227001 -596.640801 -597.238755 -596.968836 -596.369998 -596.200222 -597.224475 -597.201050 -599.119869 -599.291709 -600.400415 -601.483541 -602.793780 -602.483519 -602.598659 -601.989167 -602.640243 -601.664762 -602.250568 -601.517737 -601.207441 -600.343249 -598.913928 -599.492023 -598.673381 -598.660614 -597.610024 -597.258655 -594.481210 -589.991171 -584.836685 -581.353942 -581.525885 -586.022626 -587.860562 -588.975877 -586.106248 -581.341108 -571.111415 -547.576121 -525.410787 -498.128468 -466.098990 -438.266236 -384.428643 0.027737 0.124349 -9999.0 -9999.0 -9999.0 -9999.0 -9999.0 -9999.0 -9999.0 -9999.0 -9999.0 -9999.0 -9999.0 -9999.0
-9999.0 -9999.0 -9999.0 -9999.0 -9999.0 -9999.0 -625.799068 -621.347937 -622.608390 -619.079036 -615.899905 -613.449137 -609.879538 -610.253834 -609.173586 -606.411717 -606.773593 -608.082375 -609.746629 -607.311067 -606.212069 -605.971605 -608.653472 -607.889505 -607.588738 -606.568864 -606.675282 -606.215879 -608.476783 -605.718346 -604.367033 -604.843845 -605.300830 -604.752634 -605.320970 -603.593713 -603.386075 -604.767425 -605.191279 -603.216267 -602.666365 -602.971791 -602.624537 -601.324307 -599.418557 -599.151047 -600.036974 -601.282408 -599.395467 -595.043846 -590.247378 -586.065343 -583.342072 -582.399600 -586.139874 -591.291122 -593.898263 -594.293194 -592.190522 -588.173751 -578.534753 -571.910044 -566.992213 -562.898616 -556.977782 -523.937878 -9999.0 -9999.0 -9999.0 -9999.0 -9999.0 -9999.0 -9999.0 -9999.0 -9999.0 -9999.0 -9999.0 -9999.0 -9999.0 -9999.0
-9999.0 -9999.0 -9999.0 -9999.0 -9999.0 -9999.0 -9999.0 -9999.0 -9999.0 -9999.0 -9999.0 -9999.0 -9999.0 -9999.0 -9999.0 -9999.0 -9999.0 -9999.0 -9999.0 -9999.0 -9999.0 -9999.0 -9999.0 -9999.0 -9999.0 -9999.0 -9999.0 -9999.0 -9999.0 -9999.0 -9999.0 -9999.0 -9999.0 -9999.0 -9999.0 -9999.0 -9999.0 -9999.0 -9999.0 -9999.0 -9999.0 -9999.0 -9999.0 -9999.0 -9999.0 -9999.0 -9999.0 -9999.0 -9999.0 -9999.0 -9999.0 -9999.0 -9999.0 -9999.0 -9999.0 -9999.0 -9999.0 -9999.0 -9999.0 -9999.0 -9999.0 -9999.0 -9999.0 -9999.0 -9999.0 -9999.0 -9999.0 -9999.0 -9999.0 -9999.0 -9999.0 -9999.0 -9999.0 -9999.0 -9999.0 -9999.0 -9999.0 -9999.0 -9999.0 -9999.0
-9999.0 -9999.0 -9999.0 -9999.0 -9999.0 -9999.0 -9999.0 -9999.0 -9999.0 -9999.0 -9999.0 -9999.0 -9999.0 -9999.0 -9999.0 -9999.0 -9999.0 -9999.0 -9999.0 -9999.0 -9999.0 -9999.0 -9999.0 -9999.0 -9999.0 -9999.0 -9999.0 -9999.0 -9999.0 -9999.0 -9999.0 -9999.0 -9999.0 -9999.0 -9999.0 -9999.0 -9999.0 -9999.0 -9999.0 -9999.0 -9999.0 -9999.0 -9999.0 -9999.0 -9999.0 -9999.0 -9999.0 -9999.0 -9999.0 -9999.0 -9999.0 -9999.0 -9999.0 -9999.0 -9999.0 -9999.0 -9999.0 -9999.0 -9999.0 -9999.0 -9999.0 -9999.0 -9999.0 -9999.0 -9999.0 -9999.0 -9999.0 -9999.0 -9999.0 -9999.0 -9999.0 -9999.0 -9999.0 -9999.0 -9999.0 -9999.0 -9999.0 -9999.0 -9999.0 -9999.0