Borden_/Borden1m_014/output_maps/psiliqL0012N0006.asc
ncols         80
nrows         18
xllcorner     620200.000000
yllcorner     5168000.000000
cellsize      1.000000
NODATA_value  -9999.0
-9999.0 -9999.0 -9999.0 -9999.0 -9999.0 -9999.0 -9999.0 -9999.0 -9999.0 -9999.0 -9999.0 -9999.0 -9999.0 -9999.0 -9999.0 -9999.0 -9999.0 -9999.0 -9999.0 -9999.0 -9999.0 -9999.0 -9999.0 -9999.0 -9999.0 -9999.0 -9999.0 -9999.0 -9999.0 -9999.0 -9999.0 -9999.0 -9999.0 -9999.0 -9999.0 -9999.0 -9999.0 -9999.0 -9999.0 -9999.0 -9999.0 -9999.0 -9999.0 -9999.0 -9999.0 -9999.0 -9999.0 -9999.0 -9999.0 -9999.0 -9999.0 -9999.0 -9999.0 -9999.0 -9999.0 -9999.0 -9999.0 -9999.0 -9999.0 -9999.0 -9999.0 -9999.0 -9999.0 -9999.0 -9999.0 -9999.0 -9999.0 -9999.0 -9999.0 -9999.0 -9999.0 -9999.0 -9999.0 -9999.0 -9999.0 -9999.0 -9999.0 -9999.0 -9999.0 -9999.0
-9999.0 -9999.0 -9999.0 -9999.0 -9999.0 -9999.0 -9999.0 -9999.0 -9999.0 -9999.0 -9999.0 -9999.0 -9999.0 -9999.0 -9999.0 -9999.0 -9999.0 -9999.0 -9999.0 -9999.0 -9999.0 -9999.0 -9999.0 -9999.0 -9999.0 -9999.0 -9999.0 -9999.0 -9999.0 -9999.0 -9999.0 -9999.0 -9999.0 -9999.0 -9999.0 -9999.0 -9999.0 -9999.0 -9999.0 -9999.0 -9999.0 -9999.0 -9999.0 -9999.0 -9999.0 -9999.0 -9999.0 -9999.0 -9999.0 -9999.0 -9999.0 -9999.0 -9999.0 -9999.0 -9999.0 -9999.0 -9999.0 -9999.0 -9999.0 -9999.0 -9999.0 -9999.0 -9999.0 -9999.0 -9999.0 -9999.0 -9999.0 -9999.0 -9999.0 -9999.0 -9999.0 -9999.0 -9999.0 -9999.0 -9999.0 -9999.0 -9999.0 -9999.0 -9999.0 -9999.0
-9999.0 -9999.0 -9999.0 -9999.0 -9999.0 -9999.0 -9999.0 -9999.0 -9999.0 -9999.0 -9999.0 -9999.0 -9999.0 -9999.0 -9999.0 -9999.0 -9999.0 -9999.0 -9999.0 -9999.0 534.210464 536.985145 514.821060 481.212090 453.348169 455.727871 490.768101 532.393368 571.098618 581.536403 563.832585 566.132137 561.548448 560.882895 563.878607 570.890631 575.073262 587.068176 596.656816 597.761098 592.888517 588.399606 588.580403 591.842300 596.942018 586.407272 599.587865 613.761839 617.947422 611.503270 583.508221 567.361110 558.346609 542.872596 566.921987 578.405176 600.649327 604.342115 602.365963 574.977207 544.625024 -9999.0 -9999.0 -9999.0 -9999.0 -9999.0 -9999.0 -9999.0 -9999.0 -9999.0 -9999.0 -9999.0 -9999.0 -9999.0 -9999.0 -9999.0 -9999.0 -9999.0 -9999.0 -9999.0
-9999.0 -9999.0 -9999.0 -9999.0 -9999.0 -9999.0 -9999.0 -9999.0 -9999.0 -9999.0 -9999.0 -9999.0 -9999.0 -9999.0 443.538224 433.859749 431.127713 439.666302 473.379505 503.621939 516.084876 508.890530 509.213097 485.896232 465.698089 480.071089 510.204024 542.431504 577.488274 598.110484 586.530075 584.290610 594.446705 620.856519 635.229089 633.649691 613.864293 637.758340 655.734099 667.548533 669.021902 661.743726 675.491899 691.212320 684.189996 666.818342 671.006129 681.366103 691.640292 674.806385 609.212919 588.557680 584.359889 577.453919 563.114587 555.776908 580.081618 579.839380 571.116640 552.703170 519.695772 475.161292 456.586579 494.892730 538.692502 595.988019 -9999.0 -9999.0 -9999.0 -9999.0 -9999.0 -9999.0 -9999.0 -9999.0 -9999.0 -9999.0 -9999.0 -9999.0 -9999.0 -9999.0
-9999.0 -9999.0 -9999.0 -9999.0 -9999.0 -9999.0 -9999.0 -9999.0 -9999.0 386.197249 390.506264 397.831558 400.045264 415.724027 413.672554 420.842061 428.311933 455.047580 486.194841 521.488580 550.692306 542.002524 542.958820 554.029457 558.915849 571.809587 594.252444 636.240095 678.335502 719.880298 691.549772 689.426539 709.085844 758.740172 797.540822 809.389911 789.570554 796.830251 827.415815 859.486901 863.954063 863.816635 888.344382 901.316379 903.327441 884.346555 870.852971 868.030636 886.392402 826.757401 755.672788 702.088052 705.052818 674.849274 634.880687 611.393948 606.431414 626.250585 610.533815 572.568364 535.294245 524.008718 506.301683 522.661695 544.700999 590.967142 629.370039 657.779469 657.534887 640.077926 -9999.0 -9999.0 -9999.0 -9999.0 -9999.0 -9999.0 -9999.0 -9999.0 -9999.0 -9999.0
-9999.0 -9999.0 -9999.0 -9999.0 -9999.0 -9999.0 307.221771 316.584024 336.800356 341.986092 367.119610 374.661314 395.261624 414.557665 435.788654 452.603959 483.214512 516.187605 557.542101 601.615516 635.213948 632.725821 644.387687 676.370215 717.149551 748.726579 776.346239 821.013904 902.897946 946.196627 954.708530 959.192351 969.713713 1023.360610 1101.770949 1131.468293 1101.462928 1083.503148 1116.296007 1176.936231 1193.497621 1197.446803 1206.186246 1213.638076 1237.557071 1230.595441 1195.475359 1178.413978 1161.351555 1120.807670 1044.154105 974.913950 940.215261 892.725129 808.084062 742.576328 740.423123 755.274704 724.498540 669.148578 624.910474 612.100572 595.728921 581.022879 586.258750 605.094750 627.554350 638.723684 625.908861 604.944201 581.936717 553.050125 554.711822 579.907272 -9999.0 -9999.0 -9999.0 -9999.0 -9999.0 -9999.0
-9999.0 -9999.0 -9999.0 -9999.0 257.266496 269.937862 258.005218 282.571351 315.092623 349.061389 381.331290 418.581065 445.872346 475.904550 516.910933 553.449489 597.541716 633.845706 689.235972 759.674329 816.430195 850.341268 869.633632 927.781754 988.971297 1044.871184 1072.535165 1114.447359 1176.396357 1238.437628 1262.861767 1267.351827 1282.444889 1314.723039 1361.768146 1397.015390 1379.422448 1373.925397 1387.053553 1409.191044 1437.203771 1439.909470 1441.410054 1442.321613 1445.282142 1445.957353 1426.214361 1394.668046 1375.738637 1356.404916 1323.924408 1260.350407 1226.904923 1201.101221 1161.771673 1082.146336 1000.437875 979.189404 922.529225 862.569214 789.239809 760.069754 725.309076 696.401067 664.934692 665.130710 667.820735 647.603829 616.062555 583.871588 568.696549 549.795573 539.041499 568.949461 586.564032 617.178697 -9999.0 -9999.0 -9999.0 -9999.0
-9999.0 -9999.0 198.710562 247.719376 304.015874 312.594062 313.784367 319.560820 347.715628 399.636707 476.854625 529.485418 573.571089 606.322405 666.289897 750.087576 830.198400 881.775200 941.320543 1014.329780 1090.480759 1152.252122 1179.353389 1214.637401 1261.640279 1316.733026 1342.571023 1372.205971 1407.384924 1438.608817 1451.525485 1463.899359 1469.522178 1469.315293 1473.524589 1475.822614 1473.824704 1472.782087 1461.295299 1464.197962 1473.945525 1478.696725 1480.271803 1466.478833 1461.838826 1475.418474 1479.782810 1479.503639 1477.274405 1479.930487 1481.797650 1446.990589 1411.673858 1400.051648 1388.124459 1336.892519 1274.259042 1237.004858 1217.407263 1167.550451 1061.432719 994.821652 935.785256 876.612947 818.904860 784.255061 736.902103 695.268150 649.429549 603.628033 579.888952 561.392747 558.871031 559.093950 575.309742 590.894604 606.402587 614.270887 -9999.0 -9999.0
-9999.0 97.475876 169.800525 296.213160 375.361122 419.811261 455.365734 482.080131 509.913987 532.799409 641.037274 742.873336 834.988435 869.122741 919.658204 1024.095000 1141.437163 1194.507753 1230.438120 1281.634129 1340.979139 1393.892034 1423.455081 1439.086073 1468.797111 1476.615058 1478.566495 1482.535418 1479.831105 1472.887946 1463.577861 1468.719537 1463.723148 1443.815205 1428.736477 1427.799153 1426.528254 1409.914730 1390.261441 1381.975556 1386.866399 1407.471297 1395.160125 1373.670435 1368.018112 1389.428980 1407.931807 1400.254986 1387.818693 1400.664722 1428.568128 1446.790010 1461.009990 1477.882735 1496.311476 1469.118143 1442.009731 1407.795996 1392.644169 1363.709371 1302.079424 1239.805626 1177.158814 1088.853162 1007.180300 928.027815 862.255814 801.985213 735.988916 694.764566 662.654370 610.796688 588.468203 590.313345 581.634261 579.162017 585.668929 592.115464 -9999.0 -9999.0
-9999.0 20.645783 163.179646 347.588506 494.489981 554.559264 665.335314 752.492384 782.105150 758.792952 871.064254 1113.109662 1213.783425 1227.690556 1289.819001 1367.926995 1398.067344 1430.644859 1451.472600 1457.432385 1464.100616 1475.601177 1475.645546 1470.840383 1458.958054 1453.516977 1453.848020 1451.988540 1435.572585 1417.636269 1401.071421 1396.092912 1374.491924 1323.485581 1287.629354 1272.183716 1262.483518 1249.748392 1224.795504 1204.959411 1193.952323 1209.697630 1199.392044 1178.395814 1169.622778 1195.761325 1228.868658 1224.007228 1228.354321 1245.302200 1279.447036 1317.142999 1346.659678 1378.209657 1410.890369 1449.356005 1466.924394 1490.178198 1495.400588 1474.944305 1434.890715 1388.493087 1355.686376 1289.698358 1211.094681 1111.344269 1037.127230 972.101211 898.203715 846.048555 793.812091 731.216141 673.567566 649.566697 610.999701 591.468652 -9999.0 -9999.0 -9999.0 -9999.0
-9999.0 -52.873340 136.168099 396.505298 663.845331 782.504431 994.720628 1144.048864 1204.628619 1268.990448 1268.524493 1403.329914 1438.787636 1432.334659 1422.526515 1419.956562 1431.370372 1433.929731 1431.028984 1424.355510 1420.179516 1420.580234 1422.215942 1418.101800 1410.030842 1398.946303 1387.886122 1373.706634 1330.829129 1294.621697 1259.586950 1243.016200 1196.859307 1078.141949 1021.064040 983.261534 930.592936 927.375845 922.988825 897.507228 879.883896 861.444917 879.558229 879.221380 878.861863 885.847434 904.885770 925.881198 966.758988 1000.838842 1046.205463 1108.454523 1168.676268 1221.385492 1267.562480 1322.780268 1362.174764 1394.770360 1437.311258 1473.059529 1495.498206 1486.585993 1460.844616 1421.327961 1358.239083 1295.102790 1251.414217 1181.913446 1102.065615 1031.248844 968.591316 894.823943 819.528050 737.231585 696.797732 -9999.0 -9999.0 -9999.0 -9999.0 -9999.0
-9999.0 -222.049437 45.183157 335.687653 655.814249 983.141918 1116.475919 1252.807150 1322.073598 1287.969612 1297.332800 1330.542721 1374.907563 1381.833280 1358.139386 1338.309908 1319.511866 1315.789163 1327.716003 1305.115654 1281.661550 1273.124516 1275.871735 1267.959838 1249.846103 1236.464363 1224.338324 1196.778970 1124.344765 1057.552730 970.823218 941.002134 864.010410 795.964282 746.395385 696.803415 647.113818 647.048426 664.797833 650.447667 628.817086 610.164706 635.282737 650.821783 661.816205 651.734761 660.902714 695.555401 742.980105 784.323091 832.579414 888.568300 941.408701 994.713913 1033.237118 1098.112184 1173.761908 1229.646498 1302.771757 1381.522058 1415.987689 1448.099103 1482.576979 1501.045341 1457.383992 1417.592136 1379.979820 1332.557916 1257.067407 1211.903790 1167.732142 1066.076927 978.673095 -9999.0 -9999.0 -9999.0 -9999.0 -9999.0 -9999.0 -9999.0
-9999.0 -351.888091 -127.760314 108.934743 398.253323 632.690875 815.195085 922.845556 1002.993719 1033.558396 1077.193887 1137.791481 1179.670339 1201.260185 1169.476830 1103.755368 1058.253231 1055.748497 1050.552143 1024.679047 995.320147 981.590486 981.439230 976.305513 953.603479 940.174822 929.061279 902.987314 860.168224 800.181431 718.547866 648.372323 586.787549 551.464696 520.376524 487.342194 450.805623 461.769703 475.904752 472.289160 461.075052 457.318049 486.330716 504.641408 514.477986 502.128103 520.781953 547.097793 587.800168 628.716205 675.531413 729.060286 782.410666 812.760640 829.416089 861.605888 911.634592 973.266365 1071.644824 1191.148291 1273.297449 1324.154997 1380.488422 1417.051727 1435.462475 1460.102872 1447.780035 1379.170466 1269.340326 1292.653658 1293.494699 -9999.0 -9999.0 -9999.0 -9999.0 -9999.0 -9999.0 -9999.0 -9999.0 -9999.0
-9999.0 -9999.0 -363.207273 -180.285281 -33.128420 147.789987 295.620846 401.285586 482.324638 585.958949 688.240193 775.453723 822.275245 839.145398 819.203494 773.541993 743.532507 740.559903 729.877466 717.363977 696.015716 688.449023 679.440406 672.663375 662.258264 656.576118 651.184072 638.882191 614.600091 566.664000 515.624272 463.917174 410.170426 384.654807 362.578685 340.538261 338.276220 335.825958 342.396553 343.928387 350.049081 362.127538 382.444967 403.884862 413.285679 420.994876 433.267683 456.497074 488.933263 529.628061 581.659322 637.134968 675.185110 687.095532 677.908368 684.695552 708.304143 753.856009 840.409440 933.481885 1034.124557 1119.705938 1216.720665 1279.372325 1307.078806 1342.150600 1372.965205 1309.140875 924.150979 1220.014327 -9999.0 -9999.0 -9999.0 -9999.0 -9999.0 -9999.0 -9999.0 -9999.0 -9999.0 -9999.0
-9999.0 -9999.0 -9999.0 -9999.0 -324.325158 -168.677922 -74.251737 7.471736 131.024732 244.404817 340.601875 421.059952 478.666755 503.190064 493.621833 490.341785 481.671736 475.759121 466.277105 462.837240 459.641615 452.596292 440.687230 433.854837 434.393946 438.856377 436.707080 423.266044 406.275217 381.098989 358.777222 324.071412 287.665338 258.649839 245.722423 239.528361 239.781325 233.902856 243.253303 250.126721 265.166047 280.487429 304.319694 332.807781 345.759244 360.029457 369.526094 389.860799 419.464526 471.689932 533.557737 589.337848 622.993283 626.021703 599.931320 583.876567 580.378661 608.278784 654.583039 724.005466 826.397634 903.882342 974.611712 1033.570338 1088.364302 1176.912745 1270.643619 1312.346662 -9999.0 -9999.0 -9999.0 -9999.0 -9999.0 -9999.0 -9999.0 -9999.0 -9999.0 -9999.0 -9999.0 -9999.0
-9999.0 -9999.0 -9999.0 -9999.0 -9999.0 -9999.0 -375.266564 -277.921689 -194.129842 -65.698822 54.272201 149.971333 226.436834 253.801758 274.234310 297.394454 293.157419 275.168935 257.474490 274.939873 286.518561 281.616373 253.620668 253.030938 257.456015 266.632336 265.255466 259.199876 234.488420 244.125298 243.767636 220.927230 195.173855 181.245877 169.800025 179.823542 180.605223 167.840348 169.651016 196.067159 215.997608 229.294738 251.444708 284.482469 316.449310 330.920321 331.813004 337.667918 378.079560 447.550470 517.485945 570.798749 601.265541 607.912756 579.045017 537.565388 515.578923 521.440363 555.120094 607.257667 682.477059 732.487063 764.943758 788.873781 821.850386 926.583138 -9999.0 -9999.0 -9999.0 -9999.0 -9999.0 -9999.0 -9999.0 -9999.0 -9999.0 -9999.0 -9999.0 -9999.0 -9999.0 -9999.0
-9999.0 -9999.0 -9999.0 -9999.0 -9999.0 -9999.0 -9999.0 -9999.0 -9999.0 -9999.0 -9999.0 -9999.0 -9999.0 -9999.0 -9999.0 -9999.0 -9999.0 -9999.0 -9999.0 -9999.0 -9999.0 -9999.0 -9999.0 -9999.0 -9999.0 -9999.0 -9999.0 -9999.0 -9999.0 -9999.0 -9999.0 -9999.0 -9999.0 -9999.0 -9999.0 -9999.0 -9999.0 -9999.0 -9999.0 -9999.0 -9999.0 -9999.0 -9999.0 -9999.0 -9999.0 -9999.0 -9999.0 -9999.0 -9999.0 -9999.0 -9999.0 -9999.0 -9999.0 -9999.0 -9999.0 -9999.0 -9999.0 -9999.0 -9999.0 -9999.0 -9999.0 -9999.0 -9999.0 -9999.0 -9999.0 -9999.0 -9999.0 -9999.0 -9999.0 -9999.0 -9999.0 -9999.0 -9999.0 -9999.0 -9999.0 -9999.0 -9999.0 -9999.0 -9999.0 -9999.0
-9999.0 -9999.0 -9999.0 -9999.0 -9999.0 -9999.0 -9999.0 -9999.0 -9999.0 -9999.0 -9999.0 -9999.0 -9999.0 -9999.0 -9999.0 -9999.0 -9999.0 -9999.0 -9999.0 -9999.0 -9999.0 -9999.0 -9999.0 -9999.0 -9999.0 -9999.0 -9999.0 -9999.0 -9999.0 -9999.0 -9999.0 -9999.0 -9999.0 -9999.0 -9999.0 -9999.0 -9999.0 -9999.0 -9999.0 -9999.0 -9999.0 -9999.0 -9999.0 -9999.0 -9999.0 -9999.0 -9999.0 -9999.0 -9999.0 -9999.0 -9999.0 -9999.0 -9999.0 -9999.0 -9999.0 -9999.0 -9999.0 -9999.0 -9999.0 -9999.0 -9999.0 -9999.0 -9999.0 -9999.0 -9999.0 -9999.0 -9999.0 -9999.0 -9999.0 -9999.0 -9999.0 -9999.0 -9999.0 -9999.0 -9999.0 -9999.0 -9999.0 -9999.0 -9999.0 -9999.0