Borden_/Borden1m_014/output_maps/psiliqL0008N0002.asc
ncols         80
nrows         18
xllcorner     620200.000000
yllcorner     5168000.000000
cellsize      1.000000
NODATA_value  -9999.0
-9999.0 -9999.0 -9999.0 -9999.0 -9999.0 -9999.0 -9999.0 -9999.0 -9999.0 -9999.0 -9999.0 -9999.0 -9999.0 -9999.0 -9999.0 -9999.0 -9999.0 -9999.0 -9999.0 -9999.0 -9999.0 -9999.0 -9999.0 -9999.0 -9999.0 -9999.0 -9999.0 -9999.0 -9999.0 -9999.0 -9999.0 -9999.0 -9999.0 -9999.0 -9999.0 -9999.0 -9999.0 -9999.0 -9999.0 -9999.0 -9999.0 -9999.0 -9999.0 -9999.0 -9999.0 -9999.0 -9999.0 -9999.0 -9999.0 -9999.0 -9999.0 -9999.0 -9999.0 -9999.0 -9999.0 -9999.0 -9999.0 -9999.0 -9999.0 -9999.0 -9999.0 -9999.0 -9999.0 -9999.0 -9999.0 -9999.0 -9999.0 -9999.0 -9999.0 -9999.0 -9999.0 -9999.0 -9999.0 -9999.0 -9999.0 -9999.0 -9999.0 -9999.0 -9999.0 -9999.0
-9999.0 -9999.0 -9999.0 -9999.0 -9999.0 -9999.0 -9999.0 -9999.0 -9999.0 -9999.0 -9999.0 -9999.0 -9999.0 -9999.0 -9999.0 -9999.0 -9999.0 -9999.0 -9999.0 -9999.0 -9999.0 -9999.0 -9999.0 -9999.0 -9999.0 -9999.0 -9999.0 -9999.0 -9999.0 -9999.0 -9999.0 -9999.0 -9999.0 -9999.0 -9999.0 -9999.0 -9999.0 -9999.0 -9999.0 -9999.0 -9999.0 -9999.0 -9999.0 -9999.0 -9999.0 -9999.0 -9999.0 -9999.0 -9999.0 -9999.0 -9999.0 -9999.0 -9999.0 -9999.0 -9999.0 -9999.0 -9999.0 -9999.0 -9999.0 -9999.0 -9999.0 -9999.0 -9999.0 -9999.0 -9999.0 -9999.0 -9999.0 -9999.0 -9999.0 -9999.0 -9999.0 -9999.0 -9999.0 -9999.0 -9999.0 -9999.0 -9999.0 -9999.0 -9999.0 -9999.0
-9999.0 -9999.0 -9999.0 -9999.0 -9999.0 -9999.0 -9999.0 -9999.0 -9999.0 -9999.0 -9999.0 -9999.0 -9999.0 -9999.0 -9999.0 -9999.0 -9999.0 -9999.0 -9999.0 -9999.0 -273.975877 -271.114956 -294.028898 -328.175019 -356.772308 -355.396792 -321.284599 -281.161681 -244.217418 -234.307599 -252.694253 -251.633712 -257.115750 -257.693632 -255.065908 -249.349886 -246.819321 -235.524703 -227.310389 -227.821548 -234.188334 -240.048617 -241.470785 -238.079642 -233.066132 -241.785133 -228.117054 -212.576553 -205.934985 -210.522903 -237.091225 -252.180583 -259.617173 -273.361588 -248.350530 -235.269392 -211.805924 -206.973644 -207.664479 -234.150112 -263.785801 -9999.0 -9999.0 -9999.0 -9999.0 -9999.0 -9999.0 -9999.0 -9999.0 -9999.0 -9999.0 -9999.0 -9999.0 -9999.0 -9999.0 -9999.0 -9999.0 -9999.0 -9999.0 -9999.0
-9999.0 -9999.0 -9999.0 -9999.0 -9999.0 -9999.0 -9999.0 -9999.0 -9999.0 -9999.0 -9999.0 -9999.0 -9999.0 -9999.0 -362.545984 -372.981712 -376.464518 -368.552213 -335.574465 -306.314094 -293.961613 -301.925630 -302.467721 -326.446301 -347.103591 -333.821277 -305.553895 -275.332502 -242.311175 -222.631929 -235.758338 -238.886421 -228.810320 -201.762349 -187.775122 -190.865026 -212.204467 -189.760187 -174.028934 -165.117814 -166.441075 -175.311461 -161.242782 -145.345779 -151.918743 -169.006796 -165.219474 -153.380724 -138.824387 -152.759107 -216.348715 -236.370824 -238.468502 -243.938580 -256.159309 -261.861121 -236.419427 -234.747759 -242.172693 -259.237150 -290.643684 -334.054100 -351.224194 -312.436537 -267.673910 -209.468008 -9999.0 -9999.0 -9999.0 -9999.0 -9999.0 -9999.0 -9999.0 -9999.0 -9999.0 -9999.0 -9999.0 -9999.0 -9999.0 -9999.0
-9999.0 -9999.0 -9999.0 -9999.0 -9999.0 -9999.0 -9999.0 -9999.0 -9999.0 -417.924883 -414.684875 -408.109357 -406.901164 -391.901997 -394.010884 -387.705599 -380.541133 -355.486712 -325.565158 -291.598497 -263.640164 -274.400167 -274.955429 -263.819107 -258.009622 -246.144518 -226.381355 -187.192120 -147.027126 -106.743478 -134.660374 -136.711486 -117.900695 -69.229865 -32.323765 -23.618428 -42.185002 -38.623583 -14.128449 9.112658 7.495303 4.988014 27.680685 40.274090 46.791723 29.440115 12.941193 11.484017 36.542044 -11.890322 -74.536783 -127.327984 -125.360472 -154.982735 -194.414637 -215.708831 -217.897120 -194.975682 -209.082557 -245.281347 -280.538721 -288.981903 -304.542211 -287.472419 -264.092838 -216.495164 -177.523100 -148.216884 -147.183463 -163.892291 -9999.0 -9999.0 -9999.0 -9999.0 -9999.0 -9999.0 -9999.0 -9999.0 -9999.0 -9999.0
-9999.0 -9999.0 -9999.0 -9999.0 -9999.0 -9999.0 -495.489764 -487.137382 -468.035357 -462.965457 -439.436789 -432.671705 -413.094853 -394.722913 -375.291743 -359.499362 -330.051551 -299.122259 -259.200076 -216.427130 -185.304635 -190.812059 -181.973750 -149.453708 -106.948388 -75.309991 -52.448050 -16.010971 56.489298 100.340643 121.434958 129.884874 140.778206 189.884614 254.968575 272.054769 250.602468 233.944204 251.712557 287.056298 293.656195 293.317694 301.136986 312.958936 351.066859 342.621001 293.944828 275.095897 269.379792 258.370759 201.439172 132.198690 85.283851 39.122886 -36.987042 -93.551248 -93.440782 -77.582900 -106.456717 -157.597650 -198.307098 -207.555215 -220.781302 -233.549637 -226.805725 -206.160358 -181.637654 -169.059848 -180.282300 -199.783393 -221.985978 -249.946035 -247.696165 -221.922160 -9999.0 -9999.0 -9999.0 -9999.0 -9999.0 -9999.0
-9999.0 -9999.0 -9999.0 -9999.0 -544.527307 -532.648716 -544.707917 -521.954320 -490.954260 -458.892411 -427.813741 -392.026279 -366.574191 -338.527864 -298.637055 -262.593259 -221.156830 -188.225137 -135.044285 -67.431115 -16.787464 7.497367 20.234303 78.932652 150.127972 208.564633 228.996426 254.191726 297.363025 393.013330 498.745362 518.314597 531.904806 552.429268 580.643136 601.893941 588.592452 583.907288 587.212668 593.142546 608.781315 607.683939 608.785372 610.891862 615.695536 616.395270 600.430662 578.552231 571.216575 566.387076 547.971037 479.735531 348.782961 303.956528 276.661392 226.743101 150.164384 118.671087 64.787538 13.905486 -49.077306 -73.017836 -102.720472 -126.136695 -154.225574 -151.347669 -146.361913 -164.032737 -192.698968 -223.012605 -236.677106 -254.246115 -263.535994 -233.079354 -214.882641 -183.525218 -9999.0 -9999.0 -9999.0 -9999.0
-9999.0 -9999.0 -601.635831 -552.191864 -497.256021 -489.621145 -488.449909 -484.729109 -459.345078 -410.653460 -334.753710 -284.868685 -242.308344 -213.182897 -154.947386 -74.469955 -4.851923 39.339303 96.906782 172.935409 236.370696 269.544153 287.694894 343.409512 485.282909 546.757239 565.080355 581.103710 601.028447 629.456495 658.517218 673.951344 679.651586 676.770215 675.917391 673.337499 670.368503 666.251648 653.186258 650.838824 654.641619 656.116020 659.447589 649.608141 646.965990 656.181144 658.399667 660.251855 662.406467 669.351115 678.923803 649.618649 599.201456 585.745731 581.509594 550.977192 490.366798 357.485108 321.002050 277.852944 198.729596 132.647683 80.492626 34.247862 -14.852165 -43.313035 -85.396808 -122.194347 -163.880237 -206.316123 -227.619666 -244.342657 -245.207208 -243.469939 -226.588865 -210.294963 -194.371636 -186.294807 -9999.0 -9999.0
-9999.0 -699.777850 -627.584254 -500.928006 -423.613671 -380.777826 -343.361117 -317.285964 -295.190209 -282.036289 -176.933346 -77.830988 9.197197 42.131494 93.822674 187.098876 272.892065 321.251600 388.242491 507.850162 560.144998 590.473713 606.623950 628.879926 669.729939 675.613263 675.292924 675.817155 671.393685 666.860754 659.429805 664.535380 663.646475 653.216954 644.533422 643.087846 636.090778 605.099581 579.098923 567.436425 568.872814 585.230860 576.938129 562.494990 559.843161 574.301581 587.451252 581.019568 573.185786 590.544972 630.771941 646.662929 655.165284 664.227702 681.699985 663.961793 639.857806 596.279711 581.355736 561.784130 508.313799 361.729013 284.948834 220.059669 144.931850 79.039522 24.549081 -26.673733 -84.634477 -119.143222 -146.796567 -195.812342 -216.636615 -213.101435 -220.964805 -222.528763 -215.219056 -208.478254 -9999.0 -9999.0
-9999.0 -770.773281 -627.909060 -443.488697 -299.741176 -242.696164 -131.652163 -51.509788 -21.106685 -43.945436 55.547222 268.780799 389.778921 465.617310 531.508568 587.476845 606.587594 627.082113 651.126223 664.851128 668.098228 671.935159 667.154862 660.687799 651.591509 648.187259 649.686263 650.399194 641.190398 627.073435 601.777494 593.295702 579.558978 551.599057 530.906966 518.959447 495.640811 395.444510 327.272050 293.090828 279.708985 302.296205 290.387600 269.430057 264.728639 289.923327 327.693093 317.299713 321.578097 362.351000 493.031855 536.529183 551.735371 572.712021 606.054179 645.464775 659.575392 673.993846 680.467722 663.544914 633.845975 584.399978 557.602360 498.602309 334.654591 241.105171 174.978901 119.358433 61.668061 20.996364 -23.857691 -78.127809 -131.434368 -154.142532 -191.091114 -210.702452 -9999.0 -9999.0 -9999.0 -9999.0
-9999.0 -835.624758 -644.704964 -381.049452 -128.903157 -14.101372 173.279966 325.526296 469.616371 531.334572 541.380433 615.419806 637.398110 641.932821 636.677987 636.265670 643.496039 644.655596 643.697233 642.368069 640.602846 639.197056 636.108127 624.791127 601.765318 587.392111 578.815590 572.633918 547.682790 513.497888 412.383364 368.840505 320.924481 224.061981 180.241406 147.961438 95.208315 80.311938 66.080838 37.870693 21.036433 7.433278 24.307395 23.272757 23.027212 29.646808 48.341958 63.552759 99.999416 134.709464 187.585869 240.424243 273.178603 325.763461 425.538923 529.625145 561.458106 587.238437 634.320746 663.664414 683.545871 675.110575 654.178343 626.119017 565.206281 509.298348 406.916195 308.587096 248.096710 193.069164 132.877593 72.568378 10.602925 -67.100533 -104.879993 -9999.0 -9999.0 -9999.0 -9999.0 -9999.0
-9999.0 -988.475995 -721.330365 -426.876873 -103.230452 194.506755 297.411586 497.173144 574.814087 541.760859 535.080506 545.628428 572.601888 578.781591 565.857157 561.534818 553.927239 553.481403 565.101102 549.477280 532.276406 524.024732 519.523266 488.992871 381.234866 341.760396 323.935600 303.198978 254.257008 203.335209 116.889570 92.458760 25.012609 -35.822047 -78.688550 -123.720312 -173.205717 -174.597549 -158.911232 -174.664813 -196.044830 -214.401600 -189.370703 -174.542748 -164.244007 -174.363012 -166.623756 -134.297759 -89.339843 -50.698367 -5.147842 43.682691 82.827828 128.893005 168.223703 229.485332 280.427154 346.955187 507.991136 580.855305 620.425024 646.207705 672.585587 690.459542 657.091885 626.211693 590.260420 555.727489 507.377446 458.126599 328.027522 224.093108 155.547466 -9999.0 -9999.0 -9999.0 -9999.0 -9999.0 -9999.0 -9999.0
-9999.0 -1122.854894 -890.280839 -642.155480 -346.691881 -123.430508 31.120520 136.914049 208.770046 216.814681 235.691393 261.831030 292.220727 315.506308 288.055681 248.460697 219.742371 222.937699 221.872344 196.661605 166.134011 149.770227 147.024324 135.360853 101.242796 83.641745 73.396601 53.189484 20.660698 -29.902114 -107.493490 -171.108305 -229.672091 -263.104660 -291.647764 -323.233184 -360.751051 -349.624710 -334.693193 -339.049188 -351.239352 -355.775796 -326.599664 -308.739258 -299.114081 -312.753748 -295.223143 -269.572726 -229.612136 -190.413888 -146.101375 -96.716134 -49.185365 -23.047475 -9.607770 17.269788 55.150903 109.039880 206.534956 317.059466 484.570468 539.225029 581.581704 623.818499 640.700520 663.405107 658.494368 614.844141 551.271880 560.739422 538.700448 -9999.0 -9999.0 -9999.0 -9999.0 -9999.0 -9999.0 -9999.0 -9999.0 -9999.0
-9999.0 -9999.0 -1127.245526 -935.984472 -775.279058 -592.801853 -449.947037 -352.532274 -285.843901 -200.530190 -115.386211 -46.314273 -9.582513 5.074539 -12.510128 -51.273931 -76.304605 -75.779404 -84.215712 -97.375810 -120.448058 -128.916962 -137.697419 -145.194266 -158.138653 -164.845575 -169.283246 -179.047206 -200.020335 -245.030776 -295.922496 -346.007524 -398.581506 -422.317194 -443.301015 -465.266262 -468.500504 -469.750579 -462.662342 -461.401273 -456.226029 -444.738294 -424.221081 -403.349668 -394.330014 -387.851996 -375.891328 -353.168748 -321.302547 -282.132157 -232.024432 -179.004699 -143.863144 -134.543720 -145.926359 -142.141250 -123.051993 -83.026465 -2.503257 78.915387 175.141388 248.351009 342.080420 495.154229 530.209068 557.021603 603.758537 578.829653 375.578532 528.117459 -9999.0 -9999.0 -9999.0 -9999.0 -9999.0 -9999.0 -9999.0 -9999.0 -9999.0 -9999.0
-9999.0 -9999.0 -9999.0 -9999.0 -1078.951099 -922.103924 -829.814639 -749.551675 -632.965782 -529.484737 -442.177402 -370.568112 -321.514276 -299.758390 -311.788149 -317.968936 -326.141667 -329.324725 -337.366012 -342.714536 -348.037675 -355.203778 -365.543668 -372.541471 -372.931625 -369.176339 -370.614287 -382.742162 -397.367983 -423.691220 -446.871554 -481.040085 -517.199412 -545.562037 -558.028696 -564.689685 -564.133364 -569.258191 -559.583105 -553.353470 -538.628948 -523.306379 -499.498095 -471.587921 -459.422480 -445.618919 -436.288539 -416.017047 -387.010242 -335.776244 -275.429105 -221.698583 -190.267114 -188.995100 -217.375474 -235.584570 -241.487883 -216.859814 -173.974411 -110.455893 -16.231167 50.504112 111.815528 173.821059 220.740232 300.482278 507.903420 567.183063 -9999.0 -9999.0 -9999.0 -9999.0 -9999.0 -9999.0 -9999.0 -9999.0 -9999.0 -9999.0 -9999.0 -9999.0
-9999.0 -9999.0 -9999.0 -9999.0 -9999.0 -9999.0 -1136.082245 -1042.198720 -954.851329 -836.644208 -727.850876 -639.625073 -568.512183 -545.477795 -529.592602 -508.223584 -512.964518 -529.325567 -545.131401 -528.921276 -519.721957 -524.109417 -550.529828 -551.783876 -548.248638 -538.689227 -539.447206 -544.988683 -568.944488 -560.808555 -561.985808 -584.277025 -609.647822 -623.612468 -634.757821 -624.594884 -623.527819 -635.693964 -632.991627 -607.153597 -587.655314 -574.284868 -551.890599 -519.087611 -487.519398 -473.670355 -473.056096 -467.258847 -426.414959 -357.551713 -289.181683 -237.858723 -209.218525 -203.916736 -234.448344 -277.583626 -301.742300 -298.503826 -268.410582 -220.335977 -149.875146 -106.819986 -80.273640 -60.493188 -34.410949 58.234671 -9999.0 -9999.0 -9999.0 -9999.0 -9999.0 -9999.0 -9999.0 -9999.0 -9999.0 -9999.0 -9999.0 -9999.0 -9999.0 -9999.0
-9999.0 -9999.0 -9999.0 -9999.0 -9999.0 -9999.0 -9999.0 -9999.0 -9999.0 -9999.0 -9999.0 -9999.0 -9999.0 -9999.0 -9999.0 -9999.0 -9999.0 -9999.0 -9999.0 -9999.0 -9999.0 -9999.0 -9999.0 -9999.0 -9999.0 -9999.0 -9999.0 -9999.0 -9999.0 -9999.0 -9999.0 -9999.0 -9999.0 -9999.0 -9999.0 -9999.0 -9999.0 -9999.0 -9999.0 -9999.0 -9999.0 -9999.0 -9999.0 -9999.0 -9999.0 -9999.0 -9999.0 -9999.0 -9999.0 -9999.0 -9999.0 -9999.0 -9999.0 -9999.0 -9999.0 -9999.0 -9999.0 -9999.0 -9999.0 -9999.0 -9999.0 -9999.0 -9999.0 -9999.0 -9999.0 -9999.0 -9999.0 -9999.0 -9999.0 -9999.0 -9999.0 -9999.0 -9999.0 -9999.0 -9999.0 -9999.0 -9999.0 -9999.0 -9999.0 -9999.0
-9999.0 -9999.0 -9999.0 -9999.0 -9999.0 -9999.0 -9999.0 -9999.0 -9999.0 -9999.0 -9999.0 -9999.0 -9999.0 -9999.0 -9999.0 -9999.0 -9999.0 -9999.0 -9999.0 -9999.0 -9999.0 -9999.0 -9999.0 -9999.0 -9999.0 -9999.0 -9999.0 -9999.0 -9999.0 -9999.0 -9999.0 -9999.0 -9999.0 -9999.0 -9999.0 -9999.0 -9999.0 -9999.0 -9999.0 -9999.0 -9999.0 -9999.0 -9999.0 -9999.0 -9999.0 -9999.0 -9999.0 -9999.0 -9999.0 -9999.0 -9999.0 -9999.0 -9999.0 -9999.0 -9999.0 -9999.0 -9999.0 -9999.0 -9999.0 -9999.0 -9999.0 -9999.0 -9999.0 -9999.0 -9999.0 -9999.0 -9999.0 -9999.0 -9999.0 -9999.0 -9999.0 -9999.0 -9999.0 -9999.0 -9999.0 -9999.0 -9999.0 -9999.0 -9999.0 -9999.0