Borden_/Borden1m_014/output_maps/psiliqL0006N0039.asc
ncols         80
nrows         18
xllcorner     620200.000000
yllcorner     5168000.000000
cellsize      1.000000
NODATA_value  -9999.0
-9999.0 -9999.0 -9999.0 -9999.0 -9999.0 -9999.0 -9999.0 -9999.0 -9999.0 -9999.0 -9999.0 -9999.0 -9999.0 -9999.0 -9999.0 -9999.0 -9999.0 -9999.0 -9999.0 -9999.0 -9999.0 -9999.0 -9999.0 -9999.0 -9999.0 -9999.0 -9999.0 -9999.0 -9999.0 -9999.0 -9999.0 -9999.0 -9999.0 -9999.0 -9999.0 -9999.0 -9999.0 -9999.0 -9999.0 -9999.0 -9999.0 -9999.0 -9999.0 -9999.0 -9999.0 -9999.0 -9999.0 -9999.0 -9999.0 -9999.0 -9999.0 -9999.0 -9999.0 -9999.0 -9999.0 -9999.0 -9999.0 -9999.0 -9999.0 -9999.0 -9999.0 -9999.0 -9999.0 -9999.0 -9999.0 -9999.0 -9999.0 -9999.0 -9999.0 -9999.0 -9999.0 -9999.0 -9999.0 -9999.0 -9999.0 -9999.0 -9999.0 -9999.0 -9999.0 -9999.0
-9999.0 -9999.0 -9999.0 -9999.0 -9999.0 -9999.0 -9999.0 -9999.0 -9999.0 -9999.0 -9999.0 -9999.0 -9999.0 -9999.0 -9999.0 -9999.0 -9999.0 -9999.0 -9999.0 -9999.0 -9999.0 -9999.0 -9999.0 -9999.0 -9999.0 -9999.0 -9999.0 -9999.0 -9999.0 -9999.0 -9999.0 -9999.0 -9999.0 -9999.0 -9999.0 -9999.0 -9999.0 -9999.0 -9999.0 -9999.0 -9999.0 -9999.0 -9999.0 -9999.0 -9999.0 -9999.0 -9999.0 -9999.0 -9999.0 -9999.0 -9999.0 -9999.0 -9999.0 -9999.0 -9999.0 -9999.0 -9999.0 -9999.0 -9999.0 -9999.0 -9999.0 -9999.0 -9999.0 -9999.0 -9999.0 -9999.0 -9999.0 -9999.0 -9999.0 -9999.0 -9999.0 -9999.0 -9999.0 -9999.0 -9999.0 -9999.0 -9999.0 -9999.0 -9999.0 -9999.0
-9999.0 -9999.0 -9999.0 -9999.0 -9999.0 -9999.0 -9999.0 -9999.0 -9999.0 -9999.0 -9999.0 -9999.0 -9999.0 -9999.0 -9999.0 -9999.0 -9999.0 -9999.0 -9999.0 -9999.0 -646.535491 -643.333436 -666.603971 -701.052321 -729.899033 -728.488234 -693.709924 -652.853152 -615.190276 -604.584973 -623.137463 -622.133470 -627.655407 -627.595245 -624.403261 -618.575619 -616.310366 -604.411359 -595.650009 -595.777346 -602.065707 -608.074177 -609.803097 -605.994656 -600.987742 -609.527746 -595.837781 -580.032431 -573.137085 -578.464782 -606.524670 -622.671378 -630.525209 -644.680558 -619.546865 -606.322445 -582.593850 -577.879313 -578.626551 -605.789065 -635.953861 -9999.0 -9999.0 -9999.0 -9999.0 -9999.0 -9999.0 -9999.0 -9999.0 -9999.0 -9999.0 -9999.0 -9999.0 -9999.0 -9999.0 -9999.0 -9999.0 -9999.0 -9999.0 -9999.0
-9999.0 -9999.0 -9999.0 -9999.0 -9999.0 -9999.0 -9999.0 -9999.0 -9999.0 -9999.0 -9999.0 -9999.0 -9999.0 -9999.0 -735.768285 -746.435907 -749.965633 -741.937565 -708.545403 -678.985956 -666.412939 -674.468009 -674.857044 -698.974353 -719.565086 -705.808760 -676.934841 -645.806910 -611.552356 -590.477475 -604.027506 -607.028217 -595.803469 -565.866362 -549.126414 -551.514904 -574.428830 -551.014180 -533.090090 -521.720354 -522.317875 -531.249792 -514.325081 -496.010573 -503.099456 -522.864198 -520.907876 -509.051675 -492.628067 -510.857400 -580.696878 -603.729738 -606.515768 -612.995668 -626.017025 -632.463920 -607.083615 -605.489945 -613.388185 -630.962740 -662.811156 -706.673061 -723.982602 -685.088248 -639.876302 -580.666822 -9999.0 -9999.0 -9999.0 -9999.0 -9999.0 -9999.0 -9999.0 -9999.0 -9999.0 -9999.0 -9999.0 -9999.0 -9999.0 -9999.0
-9999.0 -9999.0 -9999.0 -9999.0 -9999.0 -9999.0 -9999.0 -9999.0 -9999.0 -791.019319 -788.090545 -781.503651 -780.460668 -765.353272 -767.463831 -761.112826 -753.537415 -728.375743 -697.915164 -663.131912 -634.226070 -645.094113 -645.217955 -632.437325 -624.311449 -610.570008 -589.165652 -546.204420 -498.278225 -449.387879 -479.590033 -480.646894 -456.525158 -391.389555 -334.757696 -318.594466 -344.678439 -341.313193 -304.520947 -267.912720 -262.008338 -261.627526 -231.489348 -215.829443 -208.601249 -230.949894 -259.681267 -265.789422 -238.328514 -304.185885 -394.477640 -466.133425 -470.433808 -508.006485 -555.258367 -580.655642 -584.209018 -560.893261 -576.746808 -614.941758 -651.675430 -660.198988 -676.216314 -659.576067 -636.163306 -587.910986 -548.365710 -518.392303 -517.453220 -534.956052 -9999.0 -9999.0 -9999.0 -9999.0 -9999.0 -9999.0 -9999.0 -9999.0 -9999.0 -9999.0
-9999.0 -9999.0 -9999.0 -9999.0 -9999.0 -9999.0 -868.085762 -860.052173 -841.172669 -836.165699 -812.855955 -806.014515 -786.224912 -767.599667 -748.178282 -731.780821 -701.138022 -669.081921 -627.020792 -580.983555 -546.109000 -549.179464 -537.301778 -496.579741 -441.525855 -396.486662 -361.925502 -305.300510 -207.369043 -150.828336 -131.092655 -122.778636 -112.627691 -72.259086 -12.591020 5.302945 -14.387079 -28.546179 -7.633963 36.490495 85.304344 90.512278 97.640444 105.375189 131.065808 121.936456 43.309366 14.516770 3.422184 -10.164201 -61.596722 -119.206799 -170.349493 -229.892012 -334.334069 -417.055633 -425.312589 -411.478583 -452.095581 -513.334215 -560.685353 -572.421695 -587.608732 -602.334373 -596.823628 -576.577255 -551.889255 -539.573307 -551.500463 -571.609837 -594.414688 -622.941917 -620.847913 -594.747865 -9999.0 -9999.0 -9999.0 -9999.0 -9999.0 -9999.0
-9999.0 -9999.0 -9999.0 -9999.0 -917.145724 -905.285052 -917.401089 -894.897921 -864.018067 -832.138631 -800.711433 -764.176973 -738.074343 -709.188231 -667.137194 -626.895254 -579.897062 -541.683860 -478.287453 -389.700369 -312.756178 -270.998102 -243.532897 -169.008865 -105.096145 -57.308841 -37.557758 -8.845347 40.749968 136.915150 166.797630 174.468745 187.898616 217.083743 252.464602 285.840013 268.312228 265.421932 270.317533 280.152691 307.059366 308.883857 310.226348 310.696073 312.913281 313.377775 289.776593 257.303138 240.520915 218.291996 212.178832 152.118597 73.002314 35.731738 7.891628 -38.708058 -105.841956 -133.002763 -197.773504 -265.506344 -360.528438 -401.705842 -445.585009 -478.512122 -514.519229 -515.336403 -512.818607 -532.930095 -563.230992 -594.844418 -609.123691 -627.193350 -636.642932 -606.051681 -587.775228 -555.695738 -9999.0 -9999.0 -9999.0 -9999.0
-9999.0 -9999.0 -973.317780 -924.147387 -869.517402 -861.976500 -860.021931 -856.261445 -830.874459 -781.862622 -703.030574 -648.436884 -600.043118 -568.136509 -501.180934 -393.297994 -280.891565 -217.078940 -148.549195 -85.197164 -26.092759 16.426145 65.572395 114.969991 160.231156 195.427356 230.909805 242.354251 283.316973 314.174848 338.187854 354.433510 358.742640 354.939079 353.492321 352.995840 349.614479 345.511345 329.821137 327.787975 335.466094 338.549154 341.798735 329.504611 325.629233 337.935463 339.461438 339.344540 340.152727 346.237533 357.858258 327.570416 274.171583 259.996558 253.013608 215.733481 148.868271 76.572436 49.430508 7.752714 -71.769267 -123.043885 -179.126880 -243.359778 -319.219923 -372.506520 -435.212396 -482.737882 -530.420063 -575.905110 -598.730388 -616.560513 -617.870923 -616.393742 -599.627534 -583.239274 -567.128434 -558.968839 -9999.0 -9999.0
-9999.0 -1068.286338 -997.955111 -871.454853 -794.596537 -750.814436 -708.917668 -677.676603 -654.039375 -642.479211 -525.456683 -386.939549 -264.261877 -225.113493 -160.855279 -59.051000 70.979722 111.483553 138.062784 183.297372 229.040909 267.496189 301.193580 332.712105 358.442433 354.355352 354.130811 352.358275 346.096752 338.652326 328.809037 336.167999 334.346285 318.546043 305.214545 302.769889 293.655605 271.981420 247.312000 235.021757 239.776532 260.964084 250.733497 230.857413 227.087286 246.747221 262.308877 253.758943 238.933226 243.921102 290.339254 310.872748 326.921344 340.734607 361.191022 338.720203 305.729350 266.023124 250.388858 221.951015 135.856220 69.291427 15.058389 -50.333874 -113.332698 -185.817101 -262.781430 -344.571606 -430.051888 -475.593299 -509.446871 -563.640962 -587.288348 -584.885488 -593.743464 -595.643922 -588.355992 -581.582409 -9999.0 -9999.0
-9999.0 -1136.922061 -995.141295 -811.189112 -666.129947 -601.556701 -467.312677 -359.051372 -316.784414 -344.552626 -198.780420 63.650108 135.538462 144.430585 200.923343 272.849269 314.683740 339.718101 353.672473 348.726218 343.207396 345.573458 343.905749 336.016122 322.391207 315.552701 314.783503 312.373675 293.361251 274.636729 258.463876 256.355837 241.477510 205.603570 167.697219 146.740821 113.044907 86.143194 50.756647 24.984001 13.085841 33.185029 22.524424 3.585687 -0.292102 23.556312 56.123613 49.365814 52.759875 74.464357 120.624859 186.647656 210.490486 236.843492 271.859040 312.089697 330.728950 349.892535 356.382944 332.029087 290.871487 242.958898 210.644017 120.752881 43.484858 -38.429987 -96.997872 -148.879785 -219.266087 -276.517084 -344.092794 -422.047830 -490.700766 -521.960919 -562.104164 -583.355389 -9999.0 -9999.0 -9999.0 -9999.0
-9999.0 -1196.170991 -1007.069049 -741.569406 -482.318822 -308.075813 -111.557699 29.202564 143.384028 156.706569 234.629737 326.571258 340.629584 327.821844 305.835001 303.870966 315.205847 317.799706 313.014439 302.739609 289.322474 273.590280 285.221339 278.267924 266.296540 252.409994 240.224412 226.565251 159.850978 122.160142 92.143751 77.146322 43.937214 -43.167429 -83.830047 -111.738993 -166.367309 -181.096775 -197.702356 -231.652924 -253.670021 -270.174133 -250.601842 -252.724412 -252.908080 -241.904827 -217.021566 -196.524414 -151.060035 -116.031364 -75.338666 -21.323533 13.421958 57.173761 109.917490 193.043858 224.511329 249.917679 294.280226 333.015508 354.103012 345.891574 316.484388 277.065476 212.027385 113.002053 56.182170 -19.008814 -79.675088 -122.495967 -156.703378 -207.781855 -289.459321 -419.936679 -469.557346 -9999.0 -9999.0 -9999.0 -9999.0 -9999.0
-9999.0 -1341.121521 -1075.637660 -779.332891 -425.286730 -99.348828 3.790520 211.904243 283.166788 212.745661 158.192883 212.804001 246.205762 252.364751 228.959468 217.520874 213.988224 213.593554 223.849253 183.682097 133.359729 116.029844 115.460057 103.621077 81.723207 63.897159 49.982492 28.649004 -25.410833 -72.473351 -138.341472 -164.636539 -245.467149 -335.666764 -401.398356 -460.532462 -519.859023 -523.494229 -508.602258 -527.798871 -551.499729 -571.338138 -545.282421 -530.240565 -519.376692 -528.756038 -518.871016 -481.554701 -425.227029 -369.515170 -299.052876 -227.710849 -173.416790 -118.866997 -85.622669 -29.978214 17.553247 64.679821 140.981323 241.921390 273.524410 306.498479 342.371541 358.933032 315.905951 268.205130 208.499742 110.699929 8.551141 -37.745452 -55.231045 -77.451083 -121.175803 -9999.0 -9999.0 -9999.0 -9999.0 -9999.0 -9999.0 -9999.0
-9999.0 -1475.319483 -1238.543156 -990.705464 -688.224863 -437.361169 -229.596133 -104.927568 17.737341 -43.068653 -48.447641 -18.756220 12.541350 34.277339 10.436400 -25.698262 -50.986062 -47.909000 -48.480081 -73.995504 -103.719713 -117.141701 -118.056401 -125.484493 -152.886450 -172.648104 -186.975164 -214.128142 -259.606014 -333.646139 -442.327048 -517.331010 -583.505851 -622.683296 -654.490163 -688.537863 -728.757405 -717.808403 -702.429496 -707.513263 -720.663071 -725.886005 -696.139196 -678.142589 -668.236321 -682.428225 -664.399040 -637.478272 -595.241833 -553.115750 -503.409064 -443.615685 -378.511218 -334.186825 -306.586791 -261.379945 -207.073360 -140.373468 -58.860865 39.210787 113.589721 183.304129 238.066812 268.030672 284.692053 295.026046 289.046569 218.985474 33.127625 -0.041408 -2.324292 -9999.0 -9999.0 -9999.0 -9999.0 -9999.0 -9999.0 -9999.0 -9999.0 -9999.0
-9999.0 -9999.0 -1478.761695 -1285.744747 -1119.442274 -932.283940 -778.284721 -678.584466 -610.099284 -528.477416 -435.711637 -345.856024 -293.819142 -273.740563 -297.922357 -355.010861 -391.846518 -392.129314 -403.458918 -422.762938 -454.015372 -465.964745 -476.184056 -485.104626 -501.713945 -511.053917 -517.361103 -529.785288 -554.713237 -604.206402 -660.250534 -713.058809 -767.544596 -791.810819 -813.293818 -835.957358 -839.937745 -840.905877 -833.722532 -832.715379 -828.051217 -816.876567 -796.261611 -775.546530 -766.582497 -760.447121 -748.268610 -725.162561 -692.558542 -652.570400 -600.997082 -545.553928 -507.033894 -494.722744 -504.218111 -496.188301 -469.171806 -411.640028 -288.805994 -177.739616 -87.243320 -16.699047 54.316069 100.956648 115.704464 137.252787 197.933763 96.168876 -75.077563 -49.492910 -9999.0 -9999.0 -9999.0 -9999.0 -9999.0 -9999.0 -9999.0 -9999.0 -9999.0 -9999.0
-9999.0 -9999.0 -9999.0 -9999.0 -1428.587552 -1270.676911 -1177.963574 -1098.804084 -984.054468 -883.170014 -796.198645 -723.511528 -674.396455 -652.043255 -666.269748 -676.519611 -686.524602 -689.250214 -697.489183 -704.586606 -711.782146 -719.532139 -729.602751 -737.057117 -738.233075 -735.122817 -736.802097 -749.344683 -764.069172 -792.241929 -816.782417 -851.495435 -888.104494 -916.642242 -929.160108 -936.300770 -935.742906 -940.725701 -930.966925 -925.266386 -910.785763 -895.600425 -871.904680 -844.274690 -832.526475 -818.802695 -809.401002 -788.876018 -759.778798 -708.138079 -646.981325 -592.222145 -559.755059 -557.786547 -586.443540 -604.089702 -608.501858 -580.492526 -529.523233 -448.535549 -312.715166 -215.103020 -139.290236 -94.786041 -65.076958 -22.488081 20.775758 31.334569 -9999.0 -9999.0 -9999.0 -9999.0 -9999.0 -9999.0 -9999.0 -9999.0 -9999.0 -9999.0 -9999.0 -9999.0
-9999.0 -9999.0 -9999.0 -9999.0 -9999.0 -9999.0 -1485.064374 -1392.838595 -1306.147593 -1192.485638 -1088.210069 -1002.399585 -932.652930 -911.099407 -897.137669 -876.630073 -881.961289 -897.945868 -913.180855 -897.509994 -889.405122 -893.584707 -919.493599 -921.058374 -918.026231 -908.410338 -909.170439 -914.802660 -938.990196 -931.801132 -933.662222 -956.000741 -981.375898 -995.406407 -1006.644997 -996.423607 -995.363977 -1007.485382 -1004.598517 -979.075035 -959.998090 -946.848119 -924.551506 -891.985951 -860.585569 -847.002597 -846.476375 -840.667894 -799.359707 -730.121478 -661.289264 -609.408279 -580.148798 -574.272973 -605.105180 -648.607331 -672.661666 -668.330868 -635.791193 -583.087023 -502.867128 -446.331682 -403.502975 -368.079552 -323.390537 -206.346680 -9999.0 -9999.0 -9999.0 -9999.0 -9999.0 -9999.0 -9999.0 -9999.0 -9999.0 -9999.0 -9999.0 -9999.0 -9999.0 -9999.0
-9999.0 -9999.0 -9999.0 -9999.0 -9999.0 -9999.0 -9999.0 -9999.0 -9999.0 -9999.0 -9999.0 -9999.0 -9999.0 -9999.0 -9999.0 -9999.0 -9999.0 -9999.0 -9999.0 -9999.0 -9999.0 -9999.0 -9999.0 -9999.0 -9999.0 -9999.0 -9999.0 -9999.0 -9999.0 -9999.0 -9999.0 -9999.0 -9999.0 -9999.0 -9999.0 -9999.0 -9999.0 -9999.0 -9999.0 -9999.0 -9999.0 -9999.0 -9999.0 -9999.0 -9999.0 -9999.0 -9999.0 -9999.0 -9999.0 -9999.0 -9999.0 -9999.0 -9999.0 -9999.0 -9999.0 -9999.0 -9999.0 -9999.0 -9999.0 -9999.0 -9999.0 -9999.0 -9999.0 -9999.0 -9999.0 -9999.0 -9999.0 -9999.0 -9999.0 -9999.0 -9999.0 -9999.0 -9999.0 -9999.0 -9999.0 -9999.0 -9999.0 -9999.0 -9999.0 -9999.0
-9999.0 -9999.0 -9999.0 -9999.0 -9999.0 -9999.0 -9999.0 -9999.0 -9999.0 -9999.0 -9999.0 -9999.0 -9999.0 -9999.0 -9999.0 -9999.0 -9999.0 -9999.0 -9999.0 -9999.0 -9999.0 -9999.0 -9999.0 -9999.0 -9999.0 -9999.0 -9999.0 -9999.0 -9999.0 -9999.0 -9999.0 -9999.0 -9999.0 -9999.0 -9999.0 -9999.0 -9999.0 -9999.0 -9999.0 -9999.0 -9999.0 -9999.0 -9999.0 -9999.0 -9999.0 -9999.0 -9999.0 -9999.0 -9999.0 -9999.0 -9999.0 -9999.0 -9999.0 -9999.0 -9999.0 -9999.0 -9999.0 -9999.0 -9999.0 -9999.0 -9999.0 -9999.0 -9999.0 -9999.0 -9999.0 -9999.0 -9999.0 -9999.0 -9999.0 -9999.0 -9999.0 -9999.0 -9999.0 -9999.0 -9999.0 -9999.0 -9999.0 -9999.0 -9999.0 -9999.0