Borden_/Borden1m_014/output_maps/psiliqL0004N0011.asc
ncols         80
nrows         18
xllcorner     620200.000000
yllcorner     5168000.000000
cellsize      1.000000
NODATA_value  -9999.0
-9999.0 -9999.0 -9999.0 -9999.0 -9999.0 -9999.0 -9999.0 -9999.0 -9999.0 -9999.0 -9999.0 -9999.0 -9999.0 -9999.0 -9999.0 -9999.0 -9999.0 -9999.0 -9999.0 -9999.0 -9999.0 -9999.0 -9999.0 -9999.0 -9999.0 -9999.0 -9999.0 -9999.0 -9999.0 -9999.0 -9999.0 -9999.0 -9999.0 -9999.0 -9999.0 -9999.0 -9999.0 -9999.0 -9999.0 -9999.0 -9999.0 -9999.0 -9999.0 -9999.0 -9999.0 -9999.0 -9999.0 -9999.0 -9999.0 -9999.0 -9999.0 -9999.0 -9999.0 -9999.0 -9999.0 -9999.0 -9999.0 -9999.0 -9999.0 -9999.0 -9999.0 -9999.0 -9999.0 -9999.0 -9999.0 -9999.0 -9999.0 -9999.0 -9999.0 -9999.0 -9999.0 -9999.0 -9999.0 -9999.0 -9999.0 -9999.0 -9999.0 -9999.0 -9999.0 -9999.0
-9999.0 -9999.0 -9999.0 -9999.0 -9999.0 -9999.0 -9999.0 -9999.0 -9999.0 -9999.0 -9999.0 -9999.0 -9999.0 -9999.0 -9999.0 -9999.0 -9999.0 -9999.0 -9999.0 -9999.0 -9999.0 -9999.0 -9999.0 -9999.0 -9999.0 -9999.0 -9999.0 -9999.0 -9999.0 -9999.0 -9999.0 -9999.0 -9999.0 -9999.0 -9999.0 -9999.0 -9999.0 -9999.0 -9999.0 -9999.0 -9999.0 -9999.0 -9999.0 -9999.0 -9999.0 -9999.0 -9999.0 -9999.0 -9999.0 -9999.0 -9999.0 -9999.0 -9999.0 -9999.0 -9999.0 -9999.0 -9999.0 -9999.0 -9999.0 -9999.0 -9999.0 -9999.0 -9999.0 -9999.0 -9999.0 -9999.0 -9999.0 -9999.0 -9999.0 -9999.0 -9999.0 -9999.0 -9999.0 -9999.0 -9999.0 -9999.0 -9999.0 -9999.0 -9999.0 -9999.0
-9999.0 -9999.0 -9999.0 -9999.0 -9999.0 -9999.0 -9999.0 -9999.0 -9999.0 -9999.0 -9999.0 -9999.0 -9999.0 -9999.0 -9999.0 -9999.0 -9999.0 -9999.0 -9999.0 -9999.0 -778.719342 -774.651240 -790.537857 -811.617457 -829.035692 -829.457242 -808.970429 -784.456506 -759.684113 -753.306902 -768.200753 -766.336707 -771.471948 -772.943215 -771.672817 -767.328346 -765.518594 -757.526861 -751.883387 -752.691974 -757.577763 -761.810085 -763.930399 -761.739405 -757.306889 -764.039979 -753.331676 -741.639356 -736.720859 -739.240995 -757.974449 -767.711430 -772.024449 -783.353131 -762.758461 -753.902966 -736.282718 -733.228932 -732.439854 -752.255023 -773.381842 -9999.0 -9999.0 -9999.0 -9999.0 -9999.0 -9999.0 -9999.0 -9999.0 -9999.0 -9999.0 -9999.0 -9999.0 -9999.0 -9999.0 -9999.0 -9999.0 -9999.0 -9999.0 -9999.0
-9999.0 -9999.0 -9999.0 -9999.0 -9999.0 -9999.0 -9999.0 -9999.0 -9999.0 -9999.0 -9999.0 -9999.0 -9999.0 -9999.0 -824.908554 -832.567981 -835.700874 -834.348979 -815.482811 -799.041166 -793.712980 -800.664669 -797.960641 -814.859388 -829.589641 -820.266205 -803.236140 -785.716953 -763.706012 -749.281389 -760.145250 -762.825737 -755.422840 -733.720454 -722.825729 -725.890782 -745.785740 -726.206295 -713.624491 -705.931760 -706.914851 -715.183743 -702.157997 -687.715803 -694.115915 -709.602386 -706.803151 -697.088133 -683.316370 -694.304321 -748.501467 -761.487866 -761.247880 -763.551484 -772.626460 -777.829832 -756.926527 -757.124550 -762.204788 -771.982219 -791.577820 -819.424078 -830.844660 -804.650635 -776.516213 -733.015232 -9999.0 -9999.0 -9999.0 -9999.0 -9999.0 -9999.0 -9999.0 -9999.0 -9999.0 -9999.0 -9999.0 -9999.0 -9999.0 -9999.0
-9999.0 -9999.0 -9999.0 -9999.0 -9999.0 -9999.0 -9999.0 -9999.0 -9999.0 -848.464518 -848.980193 -845.888594 -848.682881 -840.326359 -847.570880 -844.078678 -842.833550 -829.133649 -814.014512 -793.836966 -773.946356 -784.201265 -785.112078 -775.833788 -772.040318 -764.841973 -752.186641 -721.897493 -689.250970 -652.703408 -680.692436 -682.859110 -666.879233 -620.455957 -578.109609 -567.302983 -586.813438 -587.088605 -561.766704 -534.850950 -536.192037 -538.387608 -514.530331 -501.578405 -492.430684 -510.932468 -531.257043 -535.320565 -508.103956 -559.475839 -622.126186 -673.844816 -669.797635 -695.904920 -729.440569 -745.798574 -748.558515 -727.475390 -738.273939 -765.235008 -789.835643 -790.864368 -802.369513 -790.456783 -776.725810 -741.649172 -711.878757 -687.542384 -686.444987 -700.806045 -9999.0 -9999.0 -9999.0 -9999.0 -9999.0 -9999.0 -9999.0 -9999.0 -9999.0 -9999.0
-9999.0 -9999.0 -9999.0 -9999.0 -9999.0 -9999.0 -874.899149 -873.966084 -867.017297 -875.377672 -863.158735 -865.754200 -855.792660 -848.398973 -839.498130 -833.818901 -816.480462 -798.785252 -773.041486 -742.982689 -719.246836 -725.521978 -718.784746 -690.780822 -652.213642 -621.016044 -599.100519 -563.675097 -485.779550 -436.425842 -416.766276 -409.220214 -393.178763 -189.727437 53.071020 63.964708 61.237511 58.608591 61.374628 66.731348 66.680696 66.124473 66.993149 67.744838 72.679046 71.960533 66.038283 64.727246 64.508366 61.753889 -8.080504 -393.433189 -453.537745 -503.008895 -579.214115 -637.536823 -643.400068 -627.521856 -653.954522 -698.281911 -731.254250 -736.210903 -745.243123 -756.340144 -751.185920 -736.247794 -716.681306 -706.073569 -715.033847 -729.518063 -744.316125 -765.610037 -763.317296 -743.361636 -9999.0 -9999.0 -9999.0 -9999.0 -9999.0 -9999.0
-9999.0 -9999.0 -9999.0 -9999.0 -899.639619 -892.714010 -909.588377 -897.123073 -884.812714 -873.230936 -865.122414 -847.580177 -837.244228 -822.624156 -797.956347 -775.357026 -745.458378 -721.911292 -677.905594 -616.842503 -564.924518 -536.996597 -524.450224 -459.641234 -360.879568 3.886498 56.653933 61.334690 65.620621 74.235775 77.672153 78.142377 81.639666 91.862024 104.622483 111.198285 108.364689 108.020573 108.320680 108.600931 112.537301 111.841858 111.878716 111.606631 111.735912 113.177497 110.238623 105.763035 104.670862 103.876405 99.133206 78.384363 71.246998 67.854691 63.901372 18.374635 -356.159159 -410.102572 -477.385791 -531.417367 -600.120417 -623.267788 -650.434692 -670.552300 -696.260480 -693.304799 -688.194125 -703.174781 -725.629100 -748.720091 -756.623413 -768.620130 -776.973693 -752.500540 -740.124931 -714.421454 -9999.0 -9999.0 -9999.0 -9999.0
-9999.0 -9999.0 -908.895043 -901.460869 -878.591400 -884.737417 -888.975230 -894.509078 -885.432471 -860.732074 -816.600344 -788.879096 -759.335673 -740.737636 -694.149571 -619.189058 -545.523667 -500.267770 -437.781590 -289.244614 23.598158 62.121477 64.428926 69.762503 79.839518 98.298342 103.336773 106.246864 108.850464 112.517573 135.256220 150.089685 154.317340 150.313746 148.611339 147.117468 144.939562 143.118160 127.265011 125.086601 131.403021 132.954038 136.639811 124.919263 121.008453 132.990614 135.655554 136.892687 139.618285 148.070791 157.427169 129.652756 107.116244 106.294755 106.723327 99.005258 80.528290 72.708422 70.944469 64.451495 -7.835328 -383.701099 -461.037765 -517.163698 -568.823339 -596.298778 -636.530508 -668.731474 -703.382780 -737.702332 -752.711905 -763.637088 -762.264802 -762.717313 -749.363768 -737.391488 -723.971972 -717.816743 -9999.0 -9999.0
-9999.0 -923.723830 -921.712726 -877.921496 -856.583224 -839.725850 -821.096616 -805.884133 -792.599261 -792.061353 -708.683058 -607.969814 -526.551395 -504.109194 -449.574932 -78.374482 58.634621 67.825550 73.081543 84.127602 100.092933 107.640491 110.860669 133.682772 156.557601 152.409385 148.961499 147.965977 138.944024 130.914146 120.892156 128.995206 127.536206 114.918886 109.151174 109.307132 109.367308 106.623519 103.443364 102.246343 103.195743 107.161652 105.308609 102.217901 101.565985 104.555995 106.898247 105.285006 102.902310 105.342899 110.300482 112.979835 128.999129 141.724364 161.022521 139.330706 111.971685 106.141350 105.038263 102.447260 93.809636 76.130567 66.007173 11.520156 -357.305440 -468.749472 -530.012477 -579.860443 -634.787651 -664.317293 -686.699965 -728.875400 -744.783230 -739.659118 -746.137441 -747.223927 -741.328124 -736.206443 -9999.0 -9999.0
-9999.0 -957.098600 -918.079078 -860.222962 -789.770028 -759.799035 -658.504698 -577.170522 -556.169766 -581.190527 -477.306527 27.508676 71.515407 71.557557 82.653992 103.426604 120.191943 140.983293 154.752178 146.222299 139.421399 141.833774 136.708852 127.842246 115.215281 110.465438 111.189704 111.688894 109.740895 107.388377 104.350163 104.715212 103.008135 96.346300 83.962139 79.068968 77.012158 74.867564 70.359579 67.104412 65.099323 69.262241 67.464353 64.556963 63.679124 67.047621 72.442365 70.310656 71.076360 75.023028 85.165481 96.802520 99.924725 103.128367 107.267807 113.764249 129.849971 149.756606 155.040069 132.053360 110.947666 103.811134 101.410484 92.846711 74.025403 35.991441 -241.983893 -402.534524 -480.186298 -527.757864 -573.541542 -624.667720 -674.567364 -693.352449 -724.799333 -737.689510 -9999.0 -9999.0 -9999.0 -9999.0
-9999.0 -964.008472 -922.627963 -824.374061 -656.635602 -543.084963 -21.638454 65.491323 73.970954 83.865354 89.746949 143.238314 151.556307 136.014207 111.104508 109.621749 112.713814 114.496504 110.909698 108.900770 107.736954 107.477705 107.440208 106.630068 105.533916 104.135058 103.203530 103.077723 98.827025 92.965497 77.924216 75.092376 69.323702 7.082628 -289.907956 -378.938815 -450.342996 -457.540440 -472.842896 -505.319568 -522.557572 -533.842945 -518.025764 -522.745656 -524.319055 -514.071405 -491.146395 -476.985548 -433.488290 -383.591798 -217.272025 42.294340 65.293455 72.792709 81.826219 97.325001 101.832265 105.047859 111.214006 132.348751 151.784208 144.905978 118.343735 109.762970 100.916723 93.016893 82.521415 69.813043 59.778825 -9.520921 -368.942075 -462.096755 -534.489106 -614.795436 -649.263854 -9999.0 -9999.0 -9999.0 -9999.0 -9999.0
-9999.0 -1016.045589 -930.870613 -842.670788 -604.841864 -35.131194 63.349540 92.699633 129.286380 99.668603 96.624364 99.618017 105.412845 105.383471 101.959254 102.245276 101.133904 100.617978 102.167613 91.644015 82.068083 79.105194 79.484588 77.784751 74.245572 72.232590 71.288877 69.578897 60.863206 -4.854358 -413.749161 -437.633195 -512.909906 -581.909445 -624.563525 -663.964891 -706.866642 -707.201701 -693.092482 -707.253550 -724.619845 -740.763020 -720.149272 -709.146137 -700.572590 -709.519182 -704.014996 -676.651694 -637.021596 -602.799737 -560.149413 -507.819167 -462.253015 -394.486969 -295.324843 23.151209 65.198132 73.462206 93.392641 105.142239 107.744186 112.491927 142.686821 160.727537 124.616827 108.242648 103.837319 99.981708 92.067909 85.387367 71.115391 35.196343 -310.542154 -9999.0 -9999.0 -9999.0 -9999.0 -9999.0 -9999.0 -9999.0
-9999.0 -1045.418725 -958.374424 -927.876573 -793.554138 -620.853619 -476.670938 -302.484320 37.363663 55.694465 59.696057 63.315690 67.070965 70.663284 67.071644 61.770096 57.501046 57.765715 42.190530 -165.413947 -344.624396 -378.942256 -378.654943 -390.507612 -429.893315 -450.040369 -462.024037 -486.277951 -524.929125 -577.264232 -650.693936 -702.943002 -748.849744 -772.214843 -790.457391 -809.658213 -836.532854 -825.777473 -814.999666 -818.118327 -826.733251 -831.525712 -811.549064 -801.527746 -794.972573 -808.086350 -795.563897 -779.566174 -751.296470 -722.919170 -688.295700 -646.305914 -602.783601 -578.017011 -565.178169 -535.121549 -491.864060 -424.052268 -10.532770 67.804164 83.594940 96.378449 103.957042 108.307018 110.502041 123.811150 129.156224 106.756155 93.832561 96.770931 96.426487 -9999.0 -9999.0 -9999.0 -9999.0 -9999.0 -9999.0 -9999.0 -9999.0 -9999.0
-9999.0 -9999.0 -1064.918832 -1023.112818 -984.025500 -931.528716 -865.369333 -807.704061 -760.022422 -703.190852 -636.162530 -575.415841 -541.016207 -526.628346 -546.207138 -588.631795 -616.269057 -615.141542 -622.620509 -637.415188 -660.237005 -667.245881 -673.742104 -679.074629 -690.776455 -696.713699 -700.106933 -707.413496 -723.324774 -757.162516 -792.421679 -821.944938 -851.800358 -858.737453 -866.703266 -877.073070 -873.962849 -875.235181 -872.249599 -872.654214 -870.342303 -865.340478 -857.358070 -848.072611 -845.198501 -842.364513 -837.341633 -826.195417 -809.374712 -787.215280 -753.963943 -714.336239 -686.571784 -679.272957 -689.634160 -685.953548 -669.006504 -633.714033 -554.934210 -462.996278 -279.748357 31.511867 72.251141 84.376371 94.479304 98.751415 103.831579 99.093841 63.652021 87.389465 -9999.0 -9999.0 -9999.0 -9999.0 -9999.0 -9999.0 -9999.0 -9999.0 -9999.0 -9999.0
-9999.0 -9999.0 -9999.0 -9999.0 -1079.752281 -1023.285296 -976.563648 -973.268074 -932.510627 -899.327372 -865.317356 -829.803235 -802.698397 -788.551818 -800.489089 -805.901922 -811.050863 -811.141357 -815.655721 -819.970224 -823.277664 -827.147369 -831.877946 -836.153293 -835.814156 -833.073561 -833.187011 -840.347189 -845.175452 -859.657451 -867.145160 -879.485980 -891.199754 -901.462464 -902.456003 -904.050552 -901.610347 -904.931139 -899.601564 -900.861511 -895.553092 -891.584235 -883.716932 -872.666990 -871.764579 -865.594102 -863.050027 -854.004263 -843.924130 -817.944314 -781.730415 -745.193905 -722.384312 -721.938775 -745.223637 -758.000401 -762.741165 -744.189804 -711.630858 -658.123609 -570.624965 -500.196798 -421.258582 -295.625332 16.783812 65.645200 87.671968 94.641458 -9999.0 -9999.0 -9999.0 -9999.0 -9999.0 -9999.0 -9999.0 -9999.0 -9999.0 -9999.0 -9999.0 -9999.0
-9999.0 -9999.0 -9999.0 -9999.0 -9999.0 -9999.0 -1059.229321 -1031.141805 -1034.585052 -1008.139389 -982.174604 -959.147138 -931.723032 -928.417385 -921.141551 -906.262243 -908.834090 -917.311101 -926.921294 -914.357920 -908.525303 -908.579801 -924.135324 -921.550362 -919.788181 -913.962442 -914.518650 -913.941778 -927.334841 -915.261140 -910.368622 -915.917427 -921.519340 -921.146846 -924.932312 -916.521155 -915.543539 -922.732429 -924.161714 -912.746498 -907.877342 -907.089939 -902.093501 -891.274829 -878.030273 -874.072637 -876.944525 -879.729482 -862.509504 -827.561576 -788.524772 -755.819710 -736.091645 -731.566549 -754.345601 -785.664659 -802.316103 -801.465195 -782.339443 -749.217447 -693.030924 -657.250510 -633.379122 -614.965063 -588.778348 -490.666854 -9999.0 -9999.0 -9999.0 -9999.0 -9999.0 -9999.0 -9999.0 -9999.0 -9999.0 -9999.0 -9999.0 -9999.0 -9999.0 -9999.0
-9999.0 -9999.0 -9999.0 -9999.0 -9999.0 -9999.0 -9999.0 -9999.0 -9999.0 -9999.0 -9999.0 -9999.0 -9999.0 -9999.0 -9999.0 -9999.0 -9999.0 -9999.0 -9999.0 -9999.0 -9999.0 -9999.0 -9999.0 -9999.0 -9999.0 -9999.0 -9999.0 -9999.0 -9999.0 -9999.0 -9999.0 -9999.0 -9999.0 -9999.0 -9999.0 -9999.0 -9999.0 -9999.0 -9999.0 -9999.0 -9999.0 -9999.0 -9999.0 -9999.0 -9999.0 -9999.0 -9999.0 -9999.0 -9999.0 -9999.0 -9999.0 -9999.0 -9999.0 -9999.0 -9999.0 -9999.0 -9999.0 -9999.0 -9999.0 -9999.0 -9999.0 -9999.0 -9999.0 -9999.0 -9999.0 -9999.0 -9999.0 -9999.0 -9999.0 -9999.0 -9999.0 -9999.0 -9999.0 -9999.0 -9999.0 -9999.0 -9999.0 -9999.0 -9999.0 -9999.0
-9999.0 -9999.0 -9999.0 -9999.0 -9999.0 -9999.0 -9999.0 -9999.0 -9999.0 -9999.0 -9999.0 -9999.0 -9999.0 -9999.0 -9999.0 -9999.0 -9999.0 -9999.0 -9999.0 -9999.0 -9999.0 -9999.0 -9999.0 -9999.0 -9999.0 -9999.0 -9999.0 -9999.0 -9999.0 -9999.0 -9999.0 -9999.0 -9999.0 -9999.0 -9999.0 -9999.0 -9999.0 -9999.0 -9999.0 -9999.0 -9999.0 -9999.0 -9999.0 -9999.0 -9999.0 -9999.0 -9999.0 -9999.0 -9999.0 -9999.0 -9999.0 -9999.0 -9999.0 -9999.0 -9999.0 -9999.0 -9999.0 -9999.0 -9999.0 -9999.0 -9999.0 -9999.0 -9999.0 -9999.0 -9999.0 -9999.0 -9999.0 -9999.0 -9999.0 -9999.0 -9999.0 -9999.0 -9999.0 -9999.0 -9999.0 -9999.0 -9999.0 -9999.0 -9999.0 -9999.0