Borden_/Borden1m_014/output_maps/psiliqL0009N0009.asc
ncols         80
nrows         18
xllcorner     620200.000000
yllcorner     5168000.000000
cellsize      1.000000
NODATA_value  -9999.0
-9999.0 -9999.0 -9999.0 -9999.0 -9999.0 -9999.0 -9999.0 -9999.0 -9999.0 -9999.0 -9999.0 -9999.0 -9999.0 -9999.0 -9999.0 -9999.0 -9999.0 -9999.0 -9999.0 -9999.0 -9999.0 -9999.0 -9999.0 -9999.0 -9999.0 -9999.0 -9999.0 -9999.0 -9999.0 -9999.0 -9999.0 -9999.0 -9999.0 -9999.0 -9999.0 -9999.0 -9999.0 -9999.0 -9999.0 -9999.0 -9999.0 -9999.0 -9999.0 -9999.0 -9999.0 -9999.0 -9999.0 -9999.0 -9999.0 -9999.0 -9999.0 -9999.0 -9999.0 -9999.0 -9999.0 -9999.0 -9999.0 -9999.0 -9999.0 -9999.0 -9999.0 -9999.0 -9999.0 -9999.0 -9999.0 -9999.0 -9999.0 -9999.0 -9999.0 -9999.0 -9999.0 -9999.0 -9999.0 -9999.0 -9999.0 -9999.0 -9999.0 -9999.0 -9999.0 -9999.0
-9999.0 -9999.0 -9999.0 -9999.0 -9999.0 -9999.0 -9999.0 -9999.0 -9999.0 -9999.0 -9999.0 -9999.0 -9999.0 -9999.0 -9999.0 -9999.0 -9999.0 -9999.0 -9999.0 -9999.0 -9999.0 -9999.0 -9999.0 -9999.0 -9999.0 -9999.0 -9999.0 -9999.0 -9999.0 -9999.0 -9999.0 -9999.0 -9999.0 -9999.0 -9999.0 -9999.0 -9999.0 -9999.0 -9999.0 -9999.0 -9999.0 -9999.0 -9999.0 -9999.0 -9999.0 -9999.0 -9999.0 -9999.0 -9999.0 -9999.0 -9999.0 -9999.0 -9999.0 -9999.0 -9999.0 -9999.0 -9999.0 -9999.0 -9999.0 -9999.0 -9999.0 -9999.0 -9999.0 -9999.0 -9999.0 -9999.0 -9999.0 -9999.0 -9999.0 -9999.0 -9999.0 -9999.0 -9999.0 -9999.0 -9999.0 -9999.0 -9999.0 -9999.0 -9999.0 -9999.0
-9999.0 -9999.0 -9999.0 -9999.0 -9999.0 -9999.0 -9999.0 -9999.0 -9999.0 -9999.0 -9999.0 -9999.0 -9999.0 -9999.0 -9999.0 -9999.0 -9999.0 -9999.0 -9999.0 -9999.0 -69.489780 -66.572043 -89.357368 -123.558309 -152.082276 -150.193897 -115.128674 -73.763622 -35.717131 -25.331054 -43.360876 -41.639343 -46.343877 -46.086052 -42.332438 -35.433177 -31.902005 -19.939022 -11.181864 -11.397667 -17.628081 -23.347652 -24.411189 -21.003605 -15.961300 -25.173982 -11.512798 3.747853 9.591275 3.818110 -24.316559 -40.784894 -49.425927 -64.271796 -39.766319 -27.412187 -4.565764 -0.383463 -1.761580 -28.859558 -59.029160 -9999.0 -9999.0 -9999.0 -9999.0 -9999.0 -9999.0 -9999.0 -9999.0 -9999.0 -9999.0 -9999.0 -9999.0 -9999.0 -9999.0 -9999.0 -9999.0 -9999.0 -9999.0 -9999.0
-9999.0 -9999.0 -9999.0 -9999.0 -9999.0 -9999.0 -9999.0 -9999.0 -9999.0 -9999.0 -9999.0 -9999.0 -9999.0 -9999.0 -159.875851 -170.090041 -173.263084 -164.932835 -131.248881 -101.182651 -88.527110 -96.186193 -96.362610 -120.201356 -140.661517 -126.457958 -96.665224 -64.847047 -30.505371 -10.155283 -22.686042 -25.135376 -14.015328 14.850163 31.784728 30.827447 10.858881 34.350619 50.867557 60.189330 59.057646 50.207122 64.394983 80.569975 73.710714 56.240883 60.285650 72.068721 85.568079 69.166276 1.912119 -20.530081 -24.409759 -31.158160 -44.708320 -51.544667 -26.937399 -26.298122 -34.603916 -52.594286 -85.061779 -129.394187 -147.300134 -108.510242 -63.834554 -5.766188 -9999.0 -9999.0 -9999.0 -9999.0 -9999.0 -9999.0 -9999.0 -9999.0 -9999.0 -9999.0 -9999.0 -9999.0 -9999.0 -9999.0
-9999.0 -9999.0 -9999.0 -9999.0 -9999.0 -9999.0 -9999.0 -9999.0 -9999.0 -216.270729 -212.682435 -205.797149 -204.214727 -188.854353 -190.859509 -184.138775 -176.592305 -150.554282 -119.506173 -84.170046 -54.960648 -64.766013 -64.499788 -52.677316 -46.038248 -32.181101 -9.401083 32.376916 74.349775 115.698654 86.941238 85.301907 107.133925 164.283988 216.218053 231.994115 216.424419 222.589130 248.577746 272.067563 270.241226 267.581127 291.232200 303.989799 308.229734 290.115424 275.624855 274.950303 298.879034 241.801759 162.908359 100.558216 99.872473 68.005959 26.557113 2.820971 -2.219584 18.576574 2.946216 -34.790263 -71.730252 -81.692664 -98.471271 -81.838897 -58.964891 -11.805585 26.917087 55.752196 56.145298 38.985313 -9999.0 -9999.0 -9999.0 -9999.0 -9999.0 -9999.0 -9999.0 -9999.0 -9999.0 -9999.0
-9999.0 -9999.0 -9999.0 -9999.0 -9999.0 -9999.0 -294.712235 -286.024562 -266.457611 -261.233181 -237.038474 -229.866828 -209.718992 -190.750186 -170.387480 -153.692664 -122.907967 -90.149726 -48.191150 -3.000772 31.428257 28.117527 38.638316 72.792465 118.548848 158.210011 194.565205 239.646331 316.271852 356.796225 367.423690 373.741283 391.076589 472.782337 612.629181 651.616607 642.799442 632.955285 647.149022 672.233764 673.759571 672.020607 676.911121 682.058833 703.048499 698.871135 671.633574 662.480115 656.745250 627.289617 503.501500 396.884378 349.711714 300.800390 218.340243 152.049773 139.232461 150.406400 117.795719 62.329855 17.781328 5.698167 -9.668293 -24.034591 -18.619171 0.874089 24.308128 35.975620 23.808713 3.474261 -19.309972 -47.889631 -46.034300 -20.513091 -9999.0 -9999.0 -9999.0 -9999.0 -9999.0 -9999.0
-9999.0 -9999.0 -9999.0 -9999.0 -344.225456 -332.111541 -344.228711 -320.856832 -289.100165 -256.063006 -224.076019 -187.111497 -160.360509 -130.801413 -89.074416 -50.726866 -5.950914 30.216294 87.607741 163.639711 230.457614 262.757545 278.840121 339.696603 413.877168 508.174936 596.057683 637.437133 667.111617 708.102537 724.733241 728.116006 743.621530 778.094455 831.451553 865.449347 856.859969 854.714126 858.164368 863.193950 879.670921 878.179423 878.307094 878.495946 880.426027 882.512166 869.086720 846.723940 837.096082 824.880331 789.046435 726.646513 696.160779 677.926809 654.835993 587.834076 431.849004 389.828466 328.289328 267.964641 189.782835 156.762857 121.404316 93.099742 60.640769 60.683160 63.408082 43.711758 13.227268 -18.427800 -33.131051 -51.584434 -61.644399 -31.544767 -13.681483 17.369742 -9999.0 -9999.0 -9999.0 -9999.0
-9999.0 -9999.0 -401.757436 -352.350367 -296.812132 -288.776542 -287.412511 -282.867487 -256.097781 -205.453286 -126.961857 -73.106117 -27.911628 3.445873 64.598576 154.393817 239.756701 292.689980 356.987890 453.422006 594.247573 646.819496 660.868849 686.865170 728.161665 783.211618 818.003002 841.406667 859.742598 877.773242 891.576593 904.538207 910.776188 910.674846 915.475415 917.255758 917.929174 917.393585 903.071835 900.909706 906.513424 908.544509 911.339661 899.587536 895.778440 908.039786 911.725686 913.983400 915.659327 920.911796 923.824855 891.868211 856.436955 849.437099 845.478260 806.530555 739.797938 702.948958 687.144980 641.356160 504.633732 411.182217 346.900017 287.463400 220.441555 182.522810 133.265645 91.490129 46.231895 1.136508 -22.076340 -40.256062 -42.280005 -41.471094 -25.123921 -9.266878 6.352658 14.276249 -9999.0 -9999.0
-9999.0 -500.684703 -428.481692 -301.535942 -223.004586 -178.602097 -139.640905 -110.888829 -85.427209 -67.856343 42.679305 157.389808 249.971186 281.893703 337.269711 466.264738 616.943915 669.678256 700.502293 748.015382 809.653014 849.166724 867.771850 885.525463 911.342056 915.521424 918.217930 920.046439 912.767381 903.097649 892.331719 899.043978 897.568591 882.413717 869.520837 868.851996 868.519736 855.208312 838.778942 831.492728 835.322886 852.989631 844.758795 829.874962 826.864396 841.444513 853.593467 846.473057 836.306320 847.846396 871.916563 887.572365 901.626096 916.171561 934.367200 909.611608 880.429751 851.070663 839.768682 817.408500 763.016098 709.856444 664.640173 588.896332 439.481815 344.168808 266.369782 202.644078 136.442923 95.364502 63.330722 11.206502 -11.849845 -10.039754 -18.921769 -21.210853 -14.439270 -7.901341 -9999.0 -9999.0
-9999.0 -573.156227 -430.404910 -245.096058 -98.131059 -35.101357 86.336381 178.594251 207.190753 185.752199 303.382986 594.829787 687.718359 696.140514 747.732031 816.493332 853.181592 882.415814 900.216154 900.783927 903.394236 909.314993 905.335245 898.067473 886.112992 882.459491 884.968155 885.741524 873.895474 857.985136 843.423609 841.869470 829.629303 793.241970 750.784215 732.808273 724.047054 713.112826 691.902154 675.730997 667.058182 683.312252 676.553844 663.245042 659.608332 675.572070 699.488014 692.412204 695.651843 712.421350 748.520656 793.296566 813.917650 834.361648 858.516102 889.610765 903.493091 923.200936 927.216822 905.678407 872.458547 837.299206 817.806522 771.003534 699.248153 612.525131 479.547523 394.316087 317.958810 258.047840 201.234891 138.189439 77.752971 50.748915 11.615767 -8.895946 -9999.0 -9999.0 -9999.0 -9999.0
-9999.0 -640.161021 -449.795636 -185.158265 77.884356 218.254507 464.588907 636.354259 692.819212 746.105531 759.651488 870.652366 893.612154 882.634657 867.280743 865.620552 875.089576 875.207179 870.342972 863.228731 859.033973 858.298209 858.514672 854.681755 848.505525 840.918841 834.819495 828.708749 798.514855 758.922176 722.842183 710.103523 679.756268 578.708135 457.289883 400.850615 342.138820 336.205482 328.416584 301.313807 283.796290 268.311251 287.065240 287.623492 287.980906 293.898775 312.434442 331.171641 373.435551 415.608724 487.445470 613.555176 663.085180 699.826631 739.577088 797.082564 823.417236 843.608128 874.954702 904.667691 925.542133 918.877735 895.476468 868.352889 820.455901 773.961605 729.949810 672.885862 607.952027 493.918141 403.659169 323.545901 235.211223 141.177849 99.101115 -9999.0 -9999.0 -9999.0 -9999.0 -9999.0
-9999.0 -797.008700 -530.053511 -234.684060 103.484996 494.613437 621.168727 749.439662 825.487453 792.565045 790.737130 807.614627 836.260077 838.572890 822.086935 815.468429 800.941089 788.210057 791.734296 764.175181 739.510018 730.182017 731.775061 724.622786 709.513392 699.594090 692.959915 677.853912 621.565053 506.025507 386.719679 353.515113 278.561592 208.906485 150.778057 98.216578 46.102591 44.850135 61.359144 45.720970 24.031382 5.643233 31.200725 46.786804 57.602220 47.324842 55.723302 90.026419 138.310054 181.541101 235.536818 302.199482 354.023952 410.866887 469.390978 601.075686 663.605648 702.284039 765.230069 833.123994 858.810231 885.439921 917.566373 935.770156 896.359718 863.763551 835.173616 803.075028 748.300425 705.932986 669.764459 587.575323 429.033894 -9999.0 -9999.0 -9999.0 -9999.0 -9999.0 -9999.0 -9999.0
-9999.0 -930.153405 -699.902590 -454.865265 -156.292565 86.391263 265.077991 398.018945 557.892909 598.984133 625.086639 648.106985 668.880498 684.468693 665.649301 632.136376 590.303284 548.954856 522.253631 464.319948 417.220163 396.514792 394.877975 387.597710 361.523940 346.773090 336.599523 313.491620 273.426771 206.827894 118.559046 48.698233 -13.062990 -49.245188 -80.992407 -114.824689 -153.426692 -142.411107 -127.489812 -131.781926 -143.942185 -148.273225 -118.485062 -99.995298 -90.045773 -103.519839 -85.268436 -58.652322 -17.409160 23.711241 71.275903 125.970575 178.821632 209.819553 230.546414 273.126757 321.893193 387.630868 518.090301 664.400808 741.226572 793.674271 835.798047 861.882549 876.144486 900.084733 890.581740 835.159971 754.052755 773.951111 777.846054 -9999.0 -9999.0 -9999.0 -9999.0 -9999.0 -9999.0 -9999.0 -9999.0 -9999.0
-9999.0 -9999.0 -936.287057 -747.385589 -590.466735 -408.308807 -260.187139 -153.896135 -72.106899 28.206331 124.874220 203.126282 243.031315 258.181909 240.002689 198.160774 165.723295 158.460746 144.540796 126.075036 99.889714 90.249270 81.091936 73.850346 61.496071 54.907807 49.972547 38.917514 15.735082 -32.582050 -86.193580 -138.882493 -193.337502 -218.347827 -240.227925 -262.708642 -265.872632 -267.471110 -260.419578 -259.061828 -253.561715 -241.741293 -220.974904 -199.695311 -190.450454 -183.595570 -171.376736 -148.122531 -115.390161 -74.762754 -22.844017 32.240966 69.621741 81.058308 71.996771 79.479985 102.787477 149.384843 242.467859 345.016366 468.500467 613.587279 696.446457 747.671963 779.993056 805.849502 829.455214 781.834718 510.033557 713.590171 -9999.0 -9999.0 -9999.0 -9999.0 -9999.0 -9999.0 -9999.0 -9999.0 -9999.0 -9999.0
-9999.0 -9999.0 -9999.0 -9999.0 -890.459761 -734.344073 -641.897243 -561.718253 -443.391686 -335.507333 -241.806613 -164.915094 -111.615458 -88.145824 -99.889238 -105.938420 -115.420893 -120.341552 -129.718058 -135.423618 -140.863367 -148.479317 -159.634002 -166.855209 -167.131641 -163.218222 -164.961685 -177.774459 -193.502256 -220.290288 -243.952857 -279.023884 -315.967292 -344.917290 -357.612864 -364.180684 -363.661772 -368.988999 -359.301080 -352.842000 -337.894677 -322.402932 -298.309367 -269.930278 -257.414176 -243.357308 -233.880814 -213.382851 -183.865434 -131.677202 -69.914315 -14.725385 18.034864 20.435945 -6.684751 -23.477557 -27.618917 -0.219130 47.035939 118.628808 225.785235 313.293672 388.132304 465.969540 584.969158 664.073711 747.569821 780.548092 -9999.0 -9999.0 -9999.0 -9999.0 -9999.0 -9999.0 -9999.0 -9999.0 -9999.0 -9999.0 -9999.0 -9999.0
-9999.0 -9999.0 -9999.0 -9999.0 -9999.0 -9999.0 -946.005684 -851.554554 -765.531636 -645.400521 -534.296193 -444.188170 -370.901389 -346.215442 -328.666653 -306.147659 -310.948760 -328.239772 -344.956463 -328.068122 -318.076592 -322.757082 -350.211738 -351.356012 -347.529893 -337.865702 -338.778075 -344.530552 -369.001009 -360.306701 -361.230848 -383.817341 -409.374687 -423.302189 -434.475057 -424.238904 -423.185150 -435.496915 -432.980572 -406.896894 -387.198841 -373.772805 -351.302992 -318.193006 -286.250529 -272.113465 -271.403272 -265.498382 -224.379239 -154.755540 -85.145444 -32.552065 -2.862885 3.260576 -26.482510 -69.002741 -92.285358 -87.297639 -54.098052 -1.915447 74.107618 125.074065 158.850971 187.045572 229.224746 334.355172 -9999.0 -9999.0 -9999.0 -9999.0 -9999.0 -9999.0 -9999.0 -9999.0 -9999.0 -9999.0 -9999.0 -9999.0 -9999.0 -9999.0
-9999.0 -9999.0 -9999.0 -9999.0 -9999.0 -9999.0 -9999.0 -9999.0 -9999.0 -9999.0 -9999.0 -9999.0 -9999.0 -9999.0 -9999.0 -9999.0 -9999.0 -9999.0 -9999.0 -9999.0 -9999.0 -9999.0 -9999.0 -9999.0 -9999.0 -9999.0 -9999.0 -9999.0 -9999.0 -9999.0 -9999.0 -9999.0 -9999.0 -9999.0 -9999.0 -9999.0 -9999.0 -9999.0 -9999.0 -9999.0 -9999.0 -9999.0 -9999.0 -9999.0 -9999.0 -9999.0 -9999.0 -9999.0 -9999.0 -9999.0 -9999.0 -9999.0 -9999.0 -9999.0 -9999.0 -9999.0 -9999.0 -9999.0 -9999.0 -9999.0 -9999.0 -9999.0 -9999.0 -9999.0 -9999.0 -9999.0 -9999.0 -9999.0 -9999.0 -9999.0 -9999.0 -9999.0 -9999.0 -9999.0 -9999.0 -9999.0 -9999.0 -9999.0 -9999.0 -9999.0
-9999.0 -9999.0 -9999.0 -9999.0 -9999.0 -9999.0 -9999.0 -9999.0 -9999.0 -9999.0 -9999.0 -9999.0 -9999.0 -9999.0 -9999.0 -9999.0 -9999.0 -9999.0 -9999.0 -9999.0 -9999.0 -9999.0 -9999.0 -9999.0 -9999.0 -9999.0 -9999.0 -9999.0 -9999.0 -9999.0 -9999.0 -9999.0 -9999.0 -9999.0 -9999.0 -9999.0 -9999.0 -9999.0 -9999.0 -9999.0 -9999.0 -9999.0 -9999.0 -9999.0 -9999.0 -9999.0 -9999.0 -9999.0 -9999.0 -9999.0 -9999.0 -9999.0 -9999.0 -9999.0 -9999.0 -9999.0 -9999.0 -9999.0 -9999.0 -9999.0 -9999.0 -9999.0 -9999.0 -9999.0 -9999.0 -9999.0 -9999.0 -9999.0 -9999.0 -9999.0 -9999.0 -9999.0 -9999.0 -9999.0 -9999.0 -9999.0 -9999.0 -9999.0 -9999.0 -9999.0