Borden_/Borden1m_014/output_maps/psiliqL0017N0033.asc
ncols         80
nrows         18
xllcorner     620200.000000
yllcorner     5168000.000000
cellsize      1.000000
NODATA_value  -9999.0
-9999.0 -9999.0 -9999.0 -9999.0 -9999.0 -9999.0 -9999.0 -9999.0 -9999.0 -9999.0 -9999.0 -9999.0 -9999.0 -9999.0 -9999.0 -9999.0 -9999.0 -9999.0 -9999.0 -9999.0 -9999.0 -9999.0 -9999.0 -9999.0 -9999.0 -9999.0 -9999.0 -9999.0 -9999.0 -9999.0 -9999.0 -9999.0 -9999.0 -9999.0 -9999.0 -9999.0 -9999.0 -9999.0 -9999.0 -9999.0 -9999.0 -9999.0 -9999.0 -9999.0 -9999.0 -9999.0 -9999.0 -9999.0 -9999.0 -9999.0 -9999.0 -9999.0 -9999.0 -9999.0 -9999.0 -9999.0 -9999.0 -9999.0 -9999.0 -9999.0 -9999.0 -9999.0 -9999.0 -9999.0 -9999.0 -9999.0 -9999.0 -9999.0 -9999.0 -9999.0 -9999.0 -9999.0 -9999.0 -9999.0 -9999.0 -9999.0 -9999.0 -9999.0 -9999.0 -9999.0
-9999.0 -9999.0 -9999.0 -9999.0 -9999.0 -9999.0 -9999.0 -9999.0 -9999.0 -9999.0 -9999.0 -9999.0 -9999.0 -9999.0 -9999.0 -9999.0 -9999.0 -9999.0 -9999.0 -9999.0 -9999.0 -9999.0 -9999.0 -9999.0 -9999.0 -9999.0 -9999.0 -9999.0 -9999.0 -9999.0 -9999.0 -9999.0 -9999.0 -9999.0 -9999.0 -9999.0 -9999.0 -9999.0 -9999.0 -9999.0 -9999.0 -9999.0 -9999.0 -9999.0 -9999.0 -9999.0 -9999.0 -9999.0 -9999.0 -9999.0 -9999.0 -9999.0 -9999.0 -9999.0 -9999.0 -9999.0 -9999.0 -9999.0 -9999.0 -9999.0 -9999.0 -9999.0 -9999.0 -9999.0 -9999.0 -9999.0 -9999.0 -9999.0 -9999.0 -9999.0 -9999.0 -9999.0 -9999.0 -9999.0 -9999.0 -9999.0 -9999.0 -9999.0 -9999.0 -9999.0
-9999.0 -9999.0 -9999.0 -9999.0 -9999.0 -9999.0 -9999.0 -9999.0 -9999.0 -9999.0 -9999.0 -9999.0 -9999.0 -9999.0 -9999.0 -9999.0 -9999.0 -9999.0 -9999.0 -9999.0 1552.796266 1555.569228 1534.650829 1502.220330 1475.760942 1479.586117 1515.560163 1558.552809 1599.101002 1610.337057 1593.975107 1598.435965 1595.336522 1594.485463 1597.471896 1605.605141 1611.577184 1623.513780 1632.883077 1633.497290 1628.588469 1624.738148 1626.377012 1629.237206 1634.433200 1621.690248 1634.699299 1648.308644 1651.263230 1644.341154 1615.651781 1598.518464 1587.235508 1569.189865 1591.772661 1601.260952 1621.915286 1624.129603 1620.609331 1592.331665 1561.412931 -9999.0 -9999.0 -9999.0 -9999.0 -9999.0 -9999.0 -9999.0 -9999.0 -9999.0 -9999.0 -9999.0 -9999.0 -9999.0 -9999.0 -9999.0 -9999.0 -9999.0 -9999.0 -9999.0
-9999.0 -9999.0 -9999.0 -9999.0 -9999.0 -9999.0 -9999.0 -9999.0 -9999.0 -9999.0 -9999.0 -9999.0 -9999.0 -9999.0 1458.669286 1450.282834 1448.921319 1458.591549 1493.325796 1524.638262 1536.913827 1530.567628 1532.000342 1509.751779 1490.352864 1505.897554 1537.604701 1571.058442 1607.448732 1629.008590 1619.729037 1619.163483 1629.636405 1654.674402 1667.283707 1665.376512 1647.375150 1672.322794 1688.930631 1698.097315 1698.950286 1691.615273 1704.179534 1719.508274 1712.112344 1694.484464 1699.684523 1710.479418 1720.029520 1705.259333 1640.489440 1620.399986 1613.599067 1604.885396 1588.552287 1580.474466 1604.317273 1602.053647 1592.049635 1572.557499 1538.388736 1493.174293 1473.183410 1510.688333 1552.832332 1608.495799 -9999.0 -9999.0 -9999.0 -9999.0 -9999.0 -9999.0 -9999.0 -9999.0 -9999.0 -9999.0 -9999.0 -9999.0 -9999.0 -9999.0
-9999.0 -9999.0 -9999.0 -9999.0 -9999.0 -9999.0 -9999.0 -9999.0 -9999.0 1396.845465 1402.693042 1411.335452 1415.334781 1432.397854 1430.870567 1439.466033 1447.533688 1476.401677 1508.803238 1545.091354 1574.829552 1567.572550 1569.486288 1579.900960 1583.069712 1596.161435 1619.891331 1662.043547 1701.986081 1743.696500 1716.109096 1715.066127 1735.235210 1781.729551 1812.784076 1819.175236 1802.039436 1814.118850 1840.510474 1863.015999 1863.987541 1862.425453 1888.111075 1902.297464 1900.987679 1879.550428 1868.352878 1868.330794 1891.990260 1838.609559 1770.366004 1720.690410 1724.940229 1694.704741 1657.389830 1636.883161 1632.400299 1650.387802 1633.764632 1595.049568 1557.467518 1544.346428 1525.039227 1540.984619 1561.340084 1605.549881 1642.686627 1669.420263 1667.095409 1648.403757 -9999.0 -9999.0 -9999.0 -9999.0 -9999.0 -9999.0 -9999.0 -9999.0 -9999.0 -9999.0
-9999.0 -9999.0 -9999.0 -9999.0 -9999.0 -9999.0 1315.804555 1326.608305 1348.389761 1353.852829 1381.062314 1389.744752 1411.943195 1432.775132 1456.410871 1474.185656 1505.290345 1539.729553 1581.582162 1625.606400 1659.046518 1654.792432 1666.510800 1696.298395 1734.210097 1762.867766 1789.793584 1831.821098 1909.189247 1952.016009 1957.787071 1963.236724 1973.688539 2023.195331 2087.081629 2101.104661 2081.836908 2069.099615 2091.681077 2129.975391 2136.172004 2138.735498 2151.117167 2161.153338 2186.496550 2175.409815 2134.598408 2120.333572 2118.168689 2098.287082 2033.631598 1969.846562 1937.197695 1886.011438 1801.480455 1747.372711 1755.275357 1772.892452 1742.689193 1687.076928 1645.148874 1632.795004 1615.803775 1601.197205 1606.084973 1623.229041 1643.016896 1652.017491 1636.779431 1613.677087 1589.421271 1559.388690 1560.307853 1584.721508 -9999.0 -9999.0 -9999.0 -9999.0 -9999.0 -9999.0
-9999.0 -9999.0 -9999.0 -9999.0 1264.218242 1278.143220 1266.681128 1293.638430 1328.006355 1364.033597 1397.084314 1435.178731 1464.133696 1496.284467 1537.701559 1572.050416 1614.544889 1651.501815 1707.143351 1776.415180 1828.826832 1853.144707 1869.562907 1927.982471 1989.522393 2042.342780 2064.825982 2094.190182 2140.557829 2201.717374 2229.386250 2236.247643 2254.135157 2291.168196 2340.052629 2374.124297 2358.193482 2351.235661 2359.252111 2372.870852 2397.833313 2400.396186 2402.987815 2405.930666 2410.627327 2408.463819 2382.278400 2347.352500 2331.357905 2320.167244 2287.400944 2216.507560 2176.873830 2145.025989 2107.416929 2053.198888 1990.911243 1976.658835 1918.082358 1858.731210 1796.166423 1774.133170 1742.494556 1715.660208 1685.557670 1685.557372 1686.629185 1663.477017 1628.362445 1593.944036 1577.205932 1557.058971 1544.746034 1574.000667 1590.769092 1620.312962 -9999.0 -9999.0 -9999.0 -9999.0
-9999.0 -9999.0 1203.024511 1251.750479 1310.023044 1319.873600 1320.748296 1328.281525 1358.874756 1413.130040 1488.506973 1538.709061 1581.133067 1617.495167 1678.571043 1756.889984 1829.191989 1879.138396 1941.166446 2013.137345 2076.838934 2111.143545 2129.052635 2169.511336 2224.614357 2288.688396 2316.837861 2344.622539 2378.054118 2413.708458 2422.024199 2435.741539 2444.948047 2449.676721 2456.908334 2459.504743 2454.773301 2449.449999 2431.122054 2427.555064 2435.306100 2442.099312 2443.486714 2430.010824 2425.937445 2439.347126 2443.097711 2441.166852 2439.336877 2445.427745 2446.634924 2405.074745 2370.869290 2354.074854 2341.411079 2295.223245 2228.924977 2187.572217 2163.244687 2118.213741 2039.315799 1988.148171 1937.214767 1888.559781 1835.456719 1803.989967 1755.734802 1710.841350 1661.839265 1613.524306 1588.427679 1569.428976 1566.000114 1564.795730 1580.195641 1594.675486 1609.379290 1616.817269 -9999.0 -9999.0
-9999.0 1097.915129 1170.497262 1296.691797 1377.801985 1422.804344 1452.145005 1473.912334 1505.110836 1535.849258 1639.526486 1722.900450 1814.863646 1855.260128 1906.692582 2004.895569 2101.234380 2149.350362 2189.740931 2248.991564 2311.667812 2361.299093 2391.193250 2397.192887 2433.063735 2450.219484 2454.784600 2459.404167 2457.091898 2449.661344 2441.550323 2447.582007 2443.290133 2423.429379 2406.404034 2402.493134 2396.279782 2371.186345 2341.659578 2326.258072 2328.542596 2352.575021 2340.114009 2319.321116 2315.539702 2337.050846 2357.523617 2348.874844 2337.112598 2355.840149 2391.148332 2414.367423 2423.187432 2440.285396 2460.879369 2434.282128 2406.621729 2363.406108 2342.258817 2311.981740 2252.108166 2190.045055 2133.908878 2072.058448 2004.673602 1936.643320 1872.015079 1808.374872 1740.576459 1697.971200 1666.052924 1616.045494 1595.522169 1596.922128 1587.567693 1583.778160 1588.856450 1594.722957 -9999.0 -9999.0
-9999.0 1014.094372 1156.189546 1340.171254 1489.029396 1546.198721 1641.952123 1719.063219 1747.721298 1717.691659 1826.578339 2046.612927 2155.704047 2176.303132 2250.975917 2342.844554 2356.876797 2390.772312 2414.549230 2428.977944 2440.868313 2452.928694 2452.536589 2448.025905 2433.687245 2425.899432 2424.190870 2420.663539 2402.091057 2381.735372 2363.003003 2357.469950 2336.803188 2289.903058 2255.147959 2236.189009 2218.037107 2198.438209 2166.233815 2139.043013 2123.290284 2137.916565 2132.426791 2116.161084 2112.465346 2134.397633 2166.621160 2163.948503 2174.097261 2196.631424 2236.814221 2277.472482 2301.100766 2332.598257 2370.964864 2416.988378 2431.851248 2453.813234 2457.558807 2439.577551 2393.537216 2338.651635 2301.975278 2236.844703 2162.100081 2081.339021 2013.920440 1949.090002 1878.118292 1831.598696 1785.220512 1728.638434 1676.622644 1655.972209 1616.580079 1597.049286 -9999.0 -9999.0 -9999.0 -9999.0
-9999.0 930.190946 1116.704943 1371.566654 1652.531221 1756.985983 1961.984216 2089.871738 2146.441966 2217.311992 2178.294266 2340.134191 2384.960118 2383.364597 2387.777806 2393.774686 2410.789497 2414.888236 2412.145477 2402.816606 2394.405083 2390.891981 2389.844001 2382.348995 2369.676764 2353.905515 2338.988324 2324.541298 2285.068948 2250.218738 2211.878181 2195.753018 2154.179809 2060.830481 2017.109022 1979.135399 1920.648277 1915.233608 1911.158254 1883.122102 1863.473611 1841.237832 1864.601003 1870.632852 1873.688118 1875.748772 1891.704210 1917.463093 1963.689162 2001.124951 2046.072880 2099.315448 2135.451134 2179.902909 2226.460785 2283.287063 2317.692440 2349.997968 2399.290496 2438.585297 2461.534154 2448.377500 2419.979018 2369.661006 2294.330332 2224.086176 2170.121484 2092.784683 2026.386259 1973.240311 1928.030808 1879.009920 1816.415214 1742.770244 1702.026528 -9999.0 -9999.0 -9999.0 -9999.0 -9999.0
-9999.0 741.439300 1008.406705 1292.065096 1598.505345 1929.998246 2072.582848 2195.742965 2268.366802 2241.081719 2253.682685 2274.192367 2318.321991 2329.013011 2310.846187 2302.495165 2290.984183 2291.504856 2304.774204 2278.523567 2249.009929 2235.553978 2235.023784 2223.086077 2199.195943 2181.812847 2169.122213 2147.352064 2098.182461 2045.581239 1962.113367 1929.686860 1852.221511 1798.571990 1754.612642 1704.533553 1654.089975 1653.314862 1671.288887 1657.206244 1635.065453 1616.811283 1643.963009 1662.665528 1675.443334 1663.632637 1672.884682 1709.234670 1759.211246 1804.030052 1854.491700 1909.763830 1956.820658 2004.711969 2036.850133 2087.335778 2136.557778 2184.351002 2258.884420 2338.811962 2377.106181 2411.680746 2441.810045 2454.333166 2397.715876 2343.231544 2284.561536 2216.985241 2134.211199 2086.124786 2061.425600 2022.291163 1968.835171 -9999.0 -9999.0 -9999.0 -9999.0 -9999.0 -9999.0 -9999.0
-9999.0 618.030703 831.660781 1053.646659 1331.487847 1568.453234 1769.593374 1875.975035 1955.397430 1999.974174 2040.634004 2077.809637 2110.147630 2134.737615 2114.948743 2075.338153 2046.730214 2051.242625 2046.128079 2022.592678 1993.087060 1978.110477 1975.119391 1968.065891 1943.756464 1929.288032 1918.141509 1894.816543 1861.481237 1805.164282 1726.118196 1652.574154 1592.153975 1561.668706 1532.380737 1499.988804 1465.375397 1475.429617 1487.495830 1484.344066 1474.377656 1471.916970 1501.033615 1520.301801 1530.575286 1519.527576 1539.087507 1565.874308 1607.651783 1651.425498 1701.265266 1757.099700 1811.573886 1841.225684 1855.282165 1880.671745 1920.337850 1974.503840 2060.708272 2155.505967 2233.953347 2282.496805 2332.478841 2364.574897 2374.613822 2378.590198 2347.054103 2262.147361 2155.476096 2139.306300 2137.136349 -9999.0 -9999.0 -9999.0 -9999.0 -9999.0 -9999.0 -9999.0 -9999.0 -9999.0
-9999.0 -9999.0 599.916266 772.817427 903.685266 1080.761014 1230.264247 1340.723977 1432.651622 1551.640040 1660.450443 1746.962748 1792.720321 1811.116094 1797.898482 1766.091023 1745.641106 1745.543312 1734.982214 1724.543127 1704.937113 1696.904526 1685.202708 1676.647862 1666.990639 1661.529671 1655.813821 1643.984081 1621.745493 1574.837757 1527.140041 1476.160279 1423.275519 1397.660781 1375.669347 1354.262334 1353.214599 1348.833343 1354.174410 1355.715446 1362.855656 1375.613703 1395.636049 1417.819694 1427.755671 1437.026574 1449.709780 1473.682434 1507.052762 1549.883774 1604.507105 1663.058290 1703.756725 1717.335870 1708.416893 1714.018910 1734.648009 1777.360465 1857.635455 1941.058551 2036.301128 2106.975909 2176.996048 2226.945241 2239.841100 2250.020983 2258.049199 2201.067425 2045.637819 2086.660740 -9999.0 -9999.0 -9999.0 -9999.0 -9999.0 -9999.0 -9999.0 -9999.0 -9999.0 -9999.0
-9999.0 -9999.0 -9999.0 -9999.0 632.351405 786.234410 883.704223 967.015019 1096.834954 1218.511108 1319.582311 1403.489680 1466.437442 1493.288543 1489.884014 1496.451702 1492.279066 1485.843950 1475.902712 1475.166225 1474.274467 1466.666803 1451.985181 1444.431819 1445.230409 1449.948321 1446.941570 1432.785791 1414.411391 1392.103029 1371.951324 1337.535660 1301.591159 1272.205092 1258.810103 1253.063502 1252.632452 1245.476019 1254.030613 1261.415071 1276.637822 1291.834774 1315.575359 1344.660025 1358.594448 1373.517484 1383.403684 1404.075000 1434.781484 1488.560455 1552.500607 1610.995678 1647.685671 1652.883277 1629.106609 1614.386452 1611.383555 1639.930581 1685.172842 1752.362342 1853.815159 1926.342929 1982.074018 2024.615950 2053.930417 2094.905500 2137.503317 2164.960774 -9999.0 -9999.0 -9999.0 -9999.0 -9999.0 -9999.0 -9999.0 -9999.0 -9999.0 -9999.0 -9999.0 -9999.0
-9999.0 -9999.0 -9999.0 -9999.0 -9999.0 -9999.0 593.630320 695.592318 775.052335 914.476779 1045.778658 1147.418950 1227.945075 1260.086738 1287.013759 1314.021897 1312.376411 1293.908195 1274.635374 1293.362558 1307.276122 1301.184794 1270.924681 1270.443232 1275.143354 1283.063782 1280.505256 1273.748179 1248.309069 1259.693380 1260.206082 1236.641656 1210.357737 1196.308781 1184.252434 1193.688968 1193.758634 1180.001614 1180.405623 1207.200487 1227.467366 1240.576394 1262.340558 1295.575429 1328.002415 1343.361045 1344.880248 1351.143269 1391.252598 1461.757942 1533.871782 1589.869000 1623.004505 1631.767804 1605.348447 1566.028320 1546.390379 1554.226197 1589.647031 1642.660785 1718.562851 1767.393535 1792.191848 1804.042247 1820.303344 1908.802453 -9999.0 -9999.0 -9999.0 -9999.0 -9999.0 -9999.0 -9999.0 -9999.0 -9999.0 -9999.0 -9999.0 -9999.0 -9999.0 -9999.0
-9999.0 -9999.0 -9999.0 -9999.0 -9999.0 -9999.0 -9999.0 -9999.0 -9999.0 -9999.0 -9999.0 -9999.0 -9999.0 -9999.0 -9999.0 -9999.0 -9999.0 -9999.0 -9999.0 -9999.0 -9999.0 -9999.0 -9999.0 -9999.0 -9999.0 -9999.0 -9999.0 -9999.0 -9999.0 -9999.0 -9999.0 -9999.0 -9999.0 -9999.0 -9999.0 -9999.0 -9999.0 -9999.0 -9999.0 -9999.0 -9999.0 -9999.0 -9999.0 -9999.0 -9999.0 -9999.0 -9999.0 -9999.0 -9999.0 -9999.0 -9999.0 -9999.0 -9999.0 -9999.0 -9999.0 -9999.0 -9999.0 -9999.0 -9999.0 -9999.0 -9999.0 -9999.0 -9999.0 -9999.0 -9999.0 -9999.0 -9999.0 -9999.0 -9999.0 -9999.0 -9999.0 -9999.0 -9999.0 -9999.0 -9999.0 -9999.0 -9999.0 -9999.0 -9999.0 -9999.0
-9999.0 -9999.0 -9999.0 -9999.0 -9999.0 -9999.0 -9999.0 -9999.0 -9999.0 -9999.0 -9999.0 -9999.0 -9999.0 -9999.0 -9999.0 -9999.0 -9999.0 -9999.0 -9999.0 -9999.0 -9999.0 -9999.0 -9999.0 -9999.0 -9999.0 -9999.0 -9999.0 -9999.0 -9999.0 -9999.0 -9999.0 -9999.0 -9999.0 -9999.0 -9999.0 -9999.0 -9999.0 -9999.0 -9999.0 -9999.0 -9999.0 -9999.0 -9999.0 -9999.0 -9999.0 -9999.0 -9999.0 -9999.0 -9999.0 -9999.0 -9999.0 -9999.0 -9999.0 -9999.0 -9999.0 -9999.0 -9999.0 -9999.0 -9999.0 -9999.0 -9999.0 -9999.0 -9999.0 -9999.0 -9999.0 -9999.0 -9999.0 -9999.0 -9999.0 -9999.0 -9999.0 -9999.0 -9999.0 -9999.0 -9999.0 -9999.0 -9999.0 -9999.0 -9999.0 -9999.0