Borden_/Borden1m_014/output_maps/psiliqL0007N0020.asc
ncols         80
nrows         18
xllcorner     620200.000000
yllcorner     5168000.000000
cellsize      1.000000
NODATA_value  -9999.0
-9999.0 -9999.0 -9999.0 -9999.0 -9999.0 -9999.0 -9999.0 -9999.0 -9999.0 -9999.0 -9999.0 -9999.0 -9999.0 -9999.0 -9999.0 -9999.0 -9999.0 -9999.0 -9999.0 -9999.0 -9999.0 -9999.0 -9999.0 -9999.0 -9999.0 -9999.0 -9999.0 -9999.0 -9999.0 -9999.0 -9999.0 -9999.0 -9999.0 -9999.0 -9999.0 -9999.0 -9999.0 -9999.0 -9999.0 -9999.0 -9999.0 -9999.0 -9999.0 -9999.0 -9999.0 -9999.0 -9999.0 -9999.0 -9999.0 -9999.0 -9999.0 -9999.0 -9999.0 -9999.0 -9999.0 -9999.0 -9999.0 -9999.0 -9999.0 -9999.0 -9999.0 -9999.0 -9999.0 -9999.0 -9999.0 -9999.0 -9999.0 -9999.0 -9999.0 -9999.0 -9999.0 -9999.0 -9999.0 -9999.0 -9999.0 -9999.0 -9999.0 -9999.0 -9999.0 -9999.0
-9999.0 -9999.0 -9999.0 -9999.0 -9999.0 -9999.0 -9999.0 -9999.0 -9999.0 -9999.0 -9999.0 -9999.0 -9999.0 -9999.0 -9999.0 -9999.0 -9999.0 -9999.0 -9999.0 -9999.0 -9999.0 -9999.0 -9999.0 -9999.0 -9999.0 -9999.0 -9999.0 -9999.0 -9999.0 -9999.0 -9999.0 -9999.0 -9999.0 -9999.0 -9999.0 -9999.0 -9999.0 -9999.0 -9999.0 -9999.0 -9999.0 -9999.0 -9999.0 -9999.0 -9999.0 -9999.0 -9999.0 -9999.0 -9999.0 -9999.0 -9999.0 -9999.0 -9999.0 -9999.0 -9999.0 -9999.0 -9999.0 -9999.0 -9999.0 -9999.0 -9999.0 -9999.0 -9999.0 -9999.0 -9999.0 -9999.0 -9999.0 -9999.0 -9999.0 -9999.0 -9999.0 -9999.0 -9999.0 -9999.0 -9999.0 -9999.0 -9999.0 -9999.0 -9999.0 -9999.0
-9999.0 -9999.0 -9999.0 -9999.0 -9999.0 -9999.0 -9999.0 -9999.0 -9999.0 -9999.0 -9999.0 -9999.0 -9999.0 -9999.0 -9999.0 -9999.0 -9999.0 -9999.0 -9999.0 -9999.0 -472.496557 -469.464309 -492.523863 -526.836961 -555.573082 -554.081385 -519.420997 -478.710965 -441.263169 -430.878435 -449.233521 -448.136193 -453.481705 -453.516344 -450.398957 -444.502567 -442.033054 -430.328811 -421.750395 -422.014421 -428.331901 -434.277348 -435.845192 -432.213029 -427.216121 -435.811856 -422.131978 -406.439626 -399.694053 -404.848018 -432.487382 -448.405338 -456.274825 -470.366551 -445.461624 -432.403087 -408.928425 -404.262019 -405.119730 -432.019276 -461.986573 -9999.0 -9999.0 -9999.0 -9999.0 -9999.0 -9999.0 -9999.0 -9999.0 -9999.0 -9999.0 -9999.0 -9999.0 -9999.0 -9999.0 -9999.0 -9999.0 -9999.0 -9999.0 -9999.0
-9999.0 -9999.0 -9999.0 -9999.0 -9999.0 -9999.0 -9999.0 -9999.0 -9999.0 -9999.0 -9999.0 -9999.0 -9999.0 -9999.0 -561.826086 -572.349066 -575.801092 -567.701724 -534.349985 -504.779274 -492.216267 -500.153734 -500.597488 -524.578985 -545.118338 -531.416134 -502.576481 -471.625973 -437.791032 -417.277448 -430.513362 -433.434067 -422.471726 -393.390559 -377.531207 -380.096220 -402.145784 -378.918696 -361.942168 -351.835840 -352.935198 -361.948436 -346.413670 -329.254005 -336.080536 -354.581992 -351.434362 -339.370675 -323.950663 -340.216310 -407.744858 -429.966761 -432.822534 -439.103837 -451.943701 -458.214607 -433.021979 -431.515266 -439.350319 -456.869179 -488.673967 -532.460795 -549.813881 -510.994264 -465.984643 -407.356193 -9999.0 -9999.0 -9999.0 -9999.0 -9999.0 -9999.0 -9999.0 -9999.0 -9999.0 -9999.0 -9999.0 -9999.0 -9999.0 -9999.0
-9999.0 -9999.0 -9999.0 -9999.0 -9999.0 -9999.0 -9999.0 -9999.0 -9999.0 -617.434091 -614.294620 -607.657954 -606.440198 -591.312488 -593.308034 -586.909946 -579.387010 -554.092890 -523.624649 -488.965705 -460.340439 -470.970042 -471.137587 -458.930406 -451.531581 -438.270419 -417.298754 -375.804102 -331.179319 -285.973323 -314.298963 -315.109035 -291.146056 -234.341755 -189.148507 -176.228061 -198.066416 -194.929727 -165.623003 -134.799674 -133.521488 -134.752590 -102.755058 -83.387890 -73.830726 -101.162438 -127.929068 -131.402196 -98.942216 -163.776891 -237.633677 -299.741460 -304.295458 -339.545320 -383.587894 -407.422400 -410.825577 -388.101376 -403.498755 -441.049946 -477.362568 -486.137054 -502.121783 -485.414231 -462.074689 -414.235316 -375.093997 -345.778665 -344.944608 -361.983031 -9999.0 -9999.0 -9999.0 -9999.0 -9999.0 -9999.0 -9999.0 -9999.0 -9999.0 -9999.0
-9999.0 -9999.0 -9999.0 -9999.0 -9999.0 -9999.0 -695.151462 -686.877965 -667.787771 -662.519890 -639.019911 -632.049109 -612.229393 -593.548053 -573.928274 -557.554767 -527.168307 -495.305909 -453.871527 -408.874157 -375.347763 -379.446804 -368.726325 -330.167526 -277.408195 -239.108985 -211.626958 -165.970456 -58.978100 18.392970 46.769380 61.875406 85.164226 122.595378 176.534298 211.386079 171.480675 153.526186 167.564131 202.859863 240.184471 244.930003 252.729968 261.316745 286.812497 275.953048 207.310047 185.382478 179.726977 171.769927 129.811357 76.496777 -0.935467 -86.902753 -190.184098 -255.971740 -261.660047 -250.250418 -286.766061 -343.874504 -388.719874 -399.902673 -414.699535 -428.852980 -423.056397 -402.843046 -378.462396 -366.295879 -378.047250 -397.992336 -420.637354 -448.967099 -446.908276 -421.100367 -9999.0 -9999.0 -9999.0 -9999.0 -9999.0 -9999.0
-9999.0 -9999.0 -9999.0 -9999.0 -744.246328 -732.383647 -744.258328 -721.617288 -690.535941 -658.355593 -626.764461 -590.252920 -564.108613 -535.283752 -493.873570 -455.199541 -410.781636 -374.410295 -313.020445 -234.048649 -172.025486 -136.994745 -111.148447 -5.752369 88.350446 135.213292 149.020820 170.369993 213.363848 301.275275 332.815078 333.348720 351.941901 385.648089 426.153710 461.240792 440.464257 431.694486 428.477776 445.851872 473.584589 475.599427 477.113159 477.999675 480.441019 480.262169 455.816604 423.100653 400.725065 399.820256 376.182774 320.128407 248.360797 209.455262 185.054564 148.946615 93.069198 59.022315 -40.257213 -126.671286 -208.988531 -241.430605 -280.346117 -310.439827 -343.458986 -343.311701 -340.247266 -359.642810 -389.553196 -420.844234 -435.091016 -453.110502 -462.586269 -432.243930 -414.123729 -382.672038 -9999.0 -9999.0 -9999.0 -9999.0
-9999.0 -9999.0 -801.321333 -751.599901 -696.678529 -688.850364 -687.104539 -683.160977 -657.521890 -608.246829 -530.096548 -477.206520 -431.820978 -401.013181 -336.181711 -240.231408 -150.755027 -80.298338 24.635799 105.321171 156.199456 190.130093 234.644386 276.549444 323.620924 381.089083 395.624707 422.975307 452.870997 485.027871 508.729606 523.839531 530.211419 526.959702 527.932196 526.995283 523.457327 517.056280 498.358124 496.563308 504.742027 507.836233 510.305612 498.668346 494.878358 506.469592 508.460419 509.014397 509.177188 518.229435 527.696350 497.229463 443.885825 425.834651 413.307904 382.066409 326.003398 260.264429 227.796874 189.104342 125.540941 79.007731 -6.816491 -99.091539 -173.757146 -217.654513 -269.413430 -311.732843 -357.323923 -402.099989 -424.715968 -442.423373 -443.826927 -442.401911 -425.786095 -409.617282 -393.825038 -385.820067 -9999.0 -9999.0
-9999.0 -898.823619 -826.530087 -699.468472 -621.846236 -578.027081 -537.537108 -508.506353 -485.477428 -472.401798 -360.372471 -240.222673 -137.157730 -92.890572 2.877336 118.476374 224.707966 265.081122 296.765708 347.113263 391.036348 441.755507 470.937418 500.911069 527.680351 527.734297 525.426185 525.286045 518.747889 511.731848 501.579156 509.098531 507.036734 491.761416 479.042928 477.010561 471.010549 442.764487 405.680876 397.737717 405.332417 425.744244 406.935287 396.210270 392.648673 402.935481 424.991857 420.552501 402.494568 426.024349 456.507501 482.656528 498.278849 511.868567 531.463694 509.972001 477.741710 431.546207 418.705165 391.879159 321.388157 260.355384 205.275217 147.223176 89.185493 -12.107806 -117.032365 -192.253121 -264.438202 -305.568704 -337.535401 -390.406188 -413.501834 -411.143988 -419.845052 -421.801672 -414.704339 -408.047939 -9999.0 -9999.0
-9999.0 -968.369459 -825.232561 -640.129321 -494.782276 -432.444073 -302.560645 -213.444374 -183.125584 -206.641357 -56.576938 207.608580 279.874000 298.484894 363.789914 439.411621 478.923471 504.843824 522.000254 518.287165 515.586272 520.180006 516.531303 508.755404 495.061198 488.288350 487.280726 484.589903 465.890697 446.851235 427.542641 426.238918 408.957735 377.123654 349.683165 335.419590 316.530358 267.230324 223.534101 195.994245 184.209192 201.540688 192.467254 177.455217 174.108946 193.752524 225.243944 223.206747 234.715096 263.259321 305.966606 359.138100 381.346444 406.759668 437.693932 484.109969 502.622854 521.964986 528.486026 504.591775 457.542591 413.570908 384.022098 309.934497 241.681600 167.199494 114.555993 62.747862 -48.157410 -125.291312 -189.602966 -257.373417 -320.177364 -349.366975 -388.713642 -409.612187 -9999.0 -9999.0 -9999.0 -9999.0
-9999.0 -1031.080480 -839.439472 -573.595555 -316.258036 -163.367777 83.713158 210.208509 306.819972 325.801300 384.382832 484.835344 502.162195 491.971267 473.752769 473.761582 486.103191 489.425147 485.701356 477.165041 468.899473 461.369513 456.773310 443.526833 434.901964 422.956254 410.591630 397.051646 342.477067 308.833128 277.521338 257.537029 219.849235 144.831669 114.071257 86.384017 5.941786 -18.577972 -44.237380 -92.429026 -118.824446 -136.746269 -115.385351 -117.150464 -117.220260 -105.315007 -73.367048 -41.117353 30.550243 85.886232 123.305433 167.316703 200.054794 246.950527 296.036322 364.868804 392.256008 418.105888 468.465905 506.457985 527.038358 519.420905 490.484705 445.341130 387.618294 311.107272 268.146780 210.402830 149.953526 104.716128 63.547470 -25.010090 -139.770909 -255.707635 -299.595096 -9999.0 -9999.0 -9999.0 -9999.0 -9999.0
-9999.0 -1179.942876 -912.532811 -615.482082 -272.930061 86.008957 194.621262 383.703449 455.495998 386.830273 338.807639 376.599503 402.965749 416.854225 397.283111 391.348217 384.422329 384.589817 397.437994 373.255446 337.336044 314.949458 309.822379 293.377820 264.745348 242.908103 227.341204 207.152594 162.554493 124.427625 57.656471 10.095753 -106.365836 -191.603946 -243.915433 -296.197926 -354.662284 -357.762610 -342.514604 -360.319206 -383.093409 -402.279568 -376.583950 -361.424810 -350.697477 -360.401300 -351.204387 -315.278854 -263.249822 -215.967981 -157.466513 -83.027023 -3.486690 82.033437 114.212567 158.052089 199.385247 251.427028 328.214459 414.055912 441.387819 480.365660 516.795087 533.953919 491.786483 446.939486 403.263872 361.328551 272.294650 218.439101 189.039464 149.686682 99.450871 -9999.0 -9999.0 -9999.0 -9999.0 -9999.0 -9999.0 -9999.0
-9999.0 -1315.556379 -1080.654826 -829.125293 -528.607912 -285.493534 -76.859123 80.932871 180.482136 142.345599 142.217840 163.782849 187.163724 206.161867 186.857230 159.111322 139.521195 143.926565 145.017233 126.804893 104.491957 92.178222 89.431654 75.210118 28.487303 -2.845234 -25.490474 -65.809472 -120.937680 -188.574410 -279.371274 -351.631184 -416.187456 -452.825051 -483.398588 -516.687713 -555.926880 -544.997650 -529.844534 -534.624100 -547.383075 -552.288977 -522.716216 -504.691738 -494.874375 -508.725953 -490.834533 -464.304412 -422.825989 -381.455999 -333.463630 -278.741095 -223.488332 -186.803195 -164.311487 -123.223941 -55.352879 49.032016 134.790144 225.059169 300.330516 362.696345 411.347829 445.971044 466.335292 486.106273 480.415818 435.938966 356.254188 299.166123 262.682427 -9999.0 -9999.0 -9999.0 -9999.0 -9999.0 -9999.0 -9999.0 -9999.0 -9999.0
-9999.0 -9999.0 -1318.203990 -1124.580337 -959.959141 -774.878086 -630.059568 -527.751196 -455.960589 -366.425328 -276.215686 -201.911695 -158.323052 -139.714186 -161.695464 -207.806037 -236.363153 -236.336209 -245.684550 -261.323104 -288.465923 -300.413046 -311.137212 -320.574587 -336.934750 -345.828288 -351.736049 -363.426659 -386.927325 -434.630571 -488.607854 -540.664099 -594.763575 -619.161132 -640.681779 -663.214177 -666.991278 -668.101344 -660.936144 -659.800904 -654.887764 -643.517332 -622.822052 -601.922390 -592.855868 -586.514799 -574.332799 -551.234880 -518.731161 -478.818864 -427.588735 -372.848259 -335.471836 -324.010709 -333.693925 -327.094256 -302.726399 -251.915698 -148.000644 -6.139924 108.292070 174.365139 248.580144 305.006244 338.828138 362.958796 404.783112 404.509311 257.304484 323.191850 -9999.0 -9999.0 -9999.0 -9999.0 -9999.0 -9999.0 -9999.0 -9999.0 -9999.0 -9999.0
-9999.0 -9999.0 -9999.0 -9999.0 -1267.442235 -1109.850767 -1017.624566 -936.981716 -820.979731 -718.291359 -630.670427 -558.171603 -508.589243 -486.252091 -499.316435 -507.279096 -516.380811 -519.499205 -527.803817 -534.204869 -540.642107 -548.288777 -558.633084 -565.961980 -566.811385 -563.431344 -565.071618 -577.557027 -592.461379 -620.044647 -644.267539 -679.041802 -715.724013 -744.340382 -756.974783 -763.951378 -763.450106 -768.484372 -758.772425 -752.728681 -738.080264 -722.735995 -698.868054 -670.992207 -658.925673 -645.106694 -635.660774 -615.144869 -585.876515 -534.156132 -473.107364 -418.601795 -386.375953 -384.459159 -412.731956 -430.403033 -435.135316 -408.045600 -359.576736 -284.262041 -169.301516 -63.937687 54.007302 111.913009 144.088183 190.133453 262.463672 334.283269 -9999.0 -9999.0 -9999.0 -9999.0 -9999.0 -9999.0 -9999.0 -9999.0 -9999.0 -9999.0 -9999.0 -9999.0
-9999.0 -9999.0 -9999.0 -9999.0 -9999.0 -9999.0 -1326.158703 -1232.841931 -1144.159422 -1027.802090 -920.996830 -833.749448 -763.146896 -740.717321 -725.797615 -704.842725 -709.940288 -726.186501 -741.739469 -725.828276 -717.212909 -721.548865 -747.757827 -749.233880 -745.967029 -736.371684 -737.139240 -742.806425 -766.925064 -759.432546 -761.098224 -783.558695 -809.103384 -823.292546 -834.532632 -824.446173 -823.398974 -835.495335 -832.613561 -806.925779 -787.533917 -774.136714 -751.647590 -718.829862 -687.255594 -673.463812 -672.829386 -666.905282 -625.630338 -556.309649 -487.445692 -435.631928 -406.487897 -400.722251 -431.244975 -474.427824 -498.348335 -494.141477 -462.085579 -410.511184 -332.840912 -280.985605 -243.289666 -213.662347 -176.747519 -50.131056 -9999.0 -9999.0 -9999.0 -9999.0 -9999.0 -9999.0 -9999.0 -9999.0 -9999.0 -9999.0 -9999.0 -9999.0 -9999.0 -9999.0
-9999.0 -9999.0 -9999.0 -9999.0 -9999.0 -9999.0 -9999.0 -9999.0 -9999.0 -9999.0 -9999.0 -9999.0 -9999.0 -9999.0 -9999.0 -9999.0 -9999.0 -9999.0 -9999.0 -9999.0 -9999.0 -9999.0 -9999.0 -9999.0 -9999.0 -9999.0 -9999.0 -9999.0 -9999.0 -9999.0 -9999.0 -9999.0 -9999.0 -9999.0 -9999.0 -9999.0 -9999.0 -9999.0 -9999.0 -9999.0 -9999.0 -9999.0 -9999.0 -9999.0 -9999.0 -9999.0 -9999.0 -9999.0 -9999.0 -9999.0 -9999.0 -9999.0 -9999.0 -9999.0 -9999.0 -9999.0 -9999.0 -9999.0 -9999.0 -9999.0 -9999.0 -9999.0 -9999.0 -9999.0 -9999.0 -9999.0 -9999.0 -9999.0 -9999.0 -9999.0 -9999.0 -9999.0 -9999.0 -9999.0 -9999.0 -9999.0 -9999.0 -9999.0 -9999.0 -9999.0
-9999.0 -9999.0 -9999.0 -9999.0 -9999.0 -9999.0 -9999.0 -9999.0 -9999.0 -9999.0 -9999.0 -9999.0 -9999.0 -9999.0 -9999.0 -9999.0 -9999.0 -9999.0 -9999.0 -9999.0 -9999.0 -9999.0 -9999.0 -9999.0 -9999.0 -9999.0 -9999.0 -9999.0 -9999.0 -9999.0 -9999.0 -9999.0 -9999.0 -9999.0 -9999.0 -9999.0 -9999.0 -9999.0 -9999.0 -9999.0 -9999.0 -9999.0 -9999.0 -9999.0 -9999.0 -9999.0 -9999.0 -9999.0 -9999.0 -9999.0 -9999.0 -9999.0 -9999.0 -9999.0 -9999.0 -9999.0 -9999.0 -9999.0 -9999.0 -9999.0 -9999.0 -9999.0 -9999.0 -9999.0 -9999.0 -9999.0 -9999.0 -9999.0 -9999.0 -9999.0 -9999.0 -9999.0 -9999.0 -9999.0 -9999.0 -9999.0 -9999.0 -9999.0 -9999.0 -9999.0