Borden_/Borden1m_014/output_maps/psiliqL0019N0030.asc
ncols         80
nrows         18
xllcorner     620200.000000
yllcorner     5168000.000000
cellsize      1.000000
NODATA_value  -9999.0
-9999.0 -9999.0 -9999.0 -9999.0 -9999.0 -9999.0 -9999.0 -9999.0 -9999.0 -9999.0 -9999.0 -9999.0 -9999.0 -9999.0 -9999.0 -9999.0 -9999.0 -9999.0 -9999.0 -9999.0 -9999.0 -9999.0 -9999.0 -9999.0 -9999.0 -9999.0 -9999.0 -9999.0 -9999.0 -9999.0 -9999.0 -9999.0 -9999.0 -9999.0 -9999.0 -9999.0 -9999.0 -9999.0 -9999.0 -9999.0 -9999.0 -9999.0 -9999.0 -9999.0 -9999.0 -9999.0 -9999.0 -9999.0 -9999.0 -9999.0 -9999.0 -9999.0 -9999.0 -9999.0 -9999.0 -9999.0 -9999.0 -9999.0 -9999.0 -9999.0 -9999.0 -9999.0 -9999.0 -9999.0 -9999.0 -9999.0 -9999.0 -9999.0 -9999.0 -9999.0 -9999.0 -9999.0 -9999.0 -9999.0 -9999.0 -9999.0 -9999.0 -9999.0 -9999.0 -9999.0
-9999.0 -9999.0 -9999.0 -9999.0 -9999.0 -9999.0 -9999.0 -9999.0 -9999.0 -9999.0 -9999.0 -9999.0 -9999.0 -9999.0 -9999.0 -9999.0 -9999.0 -9999.0 -9999.0 -9999.0 -9999.0 -9999.0 -9999.0 -9999.0 -9999.0 -9999.0 -9999.0 -9999.0 -9999.0 -9999.0 -9999.0 -9999.0 -9999.0 -9999.0 -9999.0 -9999.0 -9999.0 -9999.0 -9999.0 -9999.0 -9999.0 -9999.0 -9999.0 -9999.0 -9999.0 -9999.0 -9999.0 -9999.0 -9999.0 -9999.0 -9999.0 -9999.0 -9999.0 -9999.0 -9999.0 -9999.0 -9999.0 -9999.0 -9999.0 -9999.0 -9999.0 -9999.0 -9999.0 -9999.0 -9999.0 -9999.0 -9999.0 -9999.0 -9999.0 -9999.0 -9999.0 -9999.0 -9999.0 -9999.0 -9999.0 -9999.0 -9999.0 -9999.0 -9999.0 -9999.0
-9999.0 -9999.0 -9999.0 -9999.0 -9999.0 -9999.0 -9999.0 -9999.0 -9999.0 -9999.0 -9999.0 -9999.0 -9999.0 -9999.0 -9999.0 -9999.0 -9999.0 -9999.0 -9999.0 -9999.0 1954.625463 1957.248141 1936.558752 1904.248595 1877.949710 1881.922414 1917.819791 1960.879885 2001.679913 2012.733288 1996.427093 2001.322108 1998.379277 1996.998531 1999.645383 2007.960988 2014.370562 2025.914031 2034.942148 2035.192994 2030.072681 2026.266980 2028.305134 2030.941403 2036.285024 2022.919938 2036.240172 2049.899273 2052.627746 2045.993496 2017.778102 2001.133674 1989.808068 1971.521972 1994.236500 2003.520779 2023.917874 2025.933786 2022.193284 1993.940299 1963.016342 -9999.0 -9999.0 -9999.0 -9999.0 -9999.0 -9999.0 -9999.0 -9999.0 -9999.0 -9999.0 -9999.0 -9999.0 -9999.0 -9999.0 -9999.0 -9999.0 -9999.0 -9999.0 -9999.0
-9999.0 -9999.0 -9999.0 -9999.0 -9999.0 -9999.0 -9999.0 -9999.0 -9999.0 -9999.0 -9999.0 -9999.0 -9999.0 -9999.0 1860.113191 1851.975318 1850.763444 1860.431693 1895.135341 1926.544441 1938.686298 1932.438845 1933.938227 1911.650385 1892.058741 1907.550621 1939.333172 1972.628172 2008.907193 2030.193782 2021.236460 2020.839702 2031.013054 2055.314791 2067.163169 2065.045657 2047.190737 2072.225766 2088.258612 2096.610070 2097.151583 2089.551307 2101.346175 2116.392279 2108.957952 2091.634412 2097.836037 2109.064616 2118.268169 2104.357949 2040.329246 2021.402185 2014.658959 2006.268947 1989.976174 1982.258308 2006.459155 2003.794046 1993.759385 1974.309037 1940.025725 1894.683673 1874.478034 1912.109225 1954.033544 2009.280551 -9999.0 -9999.0 -9999.0 -9999.0 -9999.0 -9999.0 -9999.0 -9999.0 -9999.0 -9999.0 -9999.0 -9999.0 -9999.0 -9999.0
-9999.0 -9999.0 -9999.0 -9999.0 -9999.0 -9999.0 -9999.0 -9999.0 -9999.0 1797.800553 1803.966706 1812.708462 1816.945249 1834.100017 1832.462713 1841.161933 1848.907970 1878.016180 1910.282080 1946.396175 1975.848499 1968.774690 1970.422815 1979.862970 1981.651745 1994.185910 2017.824230 2059.634683 2097.989339 2138.954315 2110.849036 2109.669730 2129.797515 2175.487612 2204.891828 2210.277471 2192.806363 2205.993605 2231.784255 2252.888573 2253.101265 2250.768597 2276.265014 2290.666277 2288.098367 2266.418799 2257.584994 2258.867961 2283.290923 2230.031920 2161.810026 2114.109915 2120.244816 2091.511852 2056.130793 2036.834920 2032.852294 2050.729691 2034.429325 1995.990615 1958.903358 1945.553328 1926.131843 1942.500656 1962.811479 2006.701096 2043.828075 2070.497614 2067.899364 2049.092861 -9999.0 -9999.0 -9999.0 -9999.0 -9999.0 -9999.0 -9999.0 -9999.0 -9999.0 -9999.0
-9999.0 -9999.0 -9999.0 -9999.0 -9999.0 -9999.0 1716.526652 1727.632802 1749.668062 1754.882823 1782.438445 1790.943007 1813.125391 1833.862428 1857.713284 1875.067074 1905.535167 1939.651986 1980.684725 2023.857146 2056.844940 2051.519666 2062.757187 2090.557986 2126.562859 2153.697986 2180.374615 2222.150185 2299.203506 2341.528674 2345.264303 2350.554899 2361.224046 2411.482749 2475.703695 2488.352854 2468.505874 2455.536711 2478.398890 2516.715706 2521.331502 2523.532950 2537.559285 2548.086228 2573.596970 2561.927925 2520.610872 2507.839242 2507.796402 2486.773078 2420.514061 2357.425052 2326.898626 2275.156823 2190.682847 2138.507173 2149.237161 2168.294592 2139.155464 2084.295505 2043.439817 2031.780481 2015.193166 2001.379406 2007.085817 2024.528808 2044.198089 2053.258044 2037.858312 2014.529835 1990.310250 1960.211287 1961.090920 1985.342551 -9999.0 -9999.0 -9999.0 -9999.0 -9999.0 -9999.0
-9999.0 -9999.0 -9999.0 -9999.0 1664.713768 1678.796426 1667.089858 1694.484648 1729.000541 1765.179803 1797.703242 1835.268805 1863.879331 1895.754388 1936.095339 1968.439964 2009.397037 2045.487548 2100.204939 2168.532074 2219.949633 2242.545747 2258.096325 2316.049914 2377.498651 2429.993617 2452.558043 2482.027750 2529.824592 2591.121693 2618.611391 2625.464188 2643.814286 2682.810697 2733.926474 2769.975221 2753.396781 2745.514960 2753.801752 2767.670493 2792.277559 2794.648352 2797.271146 2800.624803 2805.855193 2803.327630 2776.334028 2740.927031 2723.537356 2712.145529 2677.706511 2605.854942 2567.443895 2534.940614 2494.796207 2439.732982 2379.891724 2368.056023 2309.150566 2249.397177 2188.667646 2168.678769 2138.348131 2112.712726 2084.293180 2085.584080 2087.536430 2064.720851 2029.422330 1994.993195 1978.290291 1958.072909 1945.434223 1974.657283 1991.238544 2020.470366 -9999.0 -9999.0 -9999.0 -9999.0
-9999.0 -9999.0 1603.144496 1651.419537 1709.952733 1719.622410 1719.565681 1726.917296 1757.531859 1811.693718 1885.267474 1933.424466 1973.840754 2010.088703 2070.357440 2145.780736 2216.137502 2265.181638 2328.468475 2401.322841 2465.104887 2498.068115 2515.001870 2557.065477 2613.453838 2679.656938 2708.637535 2736.976877 2772.790176 2809.672431 2814.846217 2828.311507 2838.506057 2845.242918 2854.376468 2858.017334 2852.717100 2846.839993 2827.791731 2823.546594 2830.947920 2838.195381 2839.023101 2825.301966 2821.213968 2834.864009 2839.069617 2836.816157 2834.362810 2840.301292 2840.364418 2797.183893 2766.389135 2749.072554 2734.167612 2687.254918 2620.005141 2579.734171 2555.313900 2508.406059 2429.343416 2379.794285 2329.803509 2282.793071 2230.636210 2201.381045 2154.645737 2110.701407 2062.235297 2014.091232 1989.103019 1970.341276 1966.893110 1965.429406 1980.810271 1995.066106 2009.644742 2017.015542 -9999.0 -9999.0
-9999.0 1496.718605 1569.117606 1694.668309 1775.680840 1819.820870 1845.562621 1864.297296 1895.532733 1928.180906 2029.088827 2106.096609 2197.177055 2238.571780 2289.213733 2387.293846 2484.754274 2535.013848 2577.046121 2638.752346 2703.285407 2755.340846 2785.797469 2786.744273 2824.210871 2844.663656 2850.303715 2855.738873 2854.395411 2846.925460 2839.185216 2845.186668 2840.817582 2820.824215 2803.725534 2799.850678 2793.500079 2767.691921 2736.373869 2720.184230 2721.691135 2747.034049 2733.062975 2711.974525 2708.173063 2730.115521 2752.413547 2743.610297 2730.939008 2750.775653 2786.766998 2811.022514 2818.439357 2835.953383 2856.649452 2829.498192 2803.064883 2758.977658 2736.278089 2705.720201 2645.255796 2583.941800 2527.620208 2465.167632 2398.645020 2332.380087 2268.530386 2205.159651 2138.402174 2096.189858 2064.696269 2015.378788 1995.682430 1997.373363 1988.199053 1984.333373 1989.165506 1994.935277 -9999.0 -9999.0
-9999.0 1410.027584 1551.551439 1734.512729 1882.858706 1937.437238 2026.726381 2100.662784 2127.688648 2093.681212 2202.460062 2423.822392 2539.591268 2561.986646 2638.833943 2735.411743 2744.221618 2779.207499 2804.082263 2821.962611 2836.568921 2849.996233 2850.032470 2845.894500 2831.337985 2823.468552 2821.569661 2817.963800 2799.201762 2778.616917 2759.650469 2753.776459 2731.322471 2682.942578 2647.826921 2628.447912 2609.230623 2589.986500 2558.560233 2530.590136 2512.917800 2526.321708 2522.397351 2505.941532 2502.282525 2524.691272 2556.447081 2554.783736 2566.915084 2589.269355 2629.527378 2670.829605 2694.798949 2726.746659 2766.472680 2813.775705 2827.814421 2850.111615 2853.593639 2836.974469 2790.037140 2733.220713 2696.550770 2631.176672 2557.108890 2475.862474 2408.940820 2344.539450 2273.650179 2227.754282 2181.623170 2124.985605 2074.223511 2055.462729 2016.482132 1997.624441 -9999.0 -9999.0 -9999.0 -9999.0
-9999.0 1321.907790 1506.891813 1758.429572 2043.361004 2141.683858 2348.352171 2476.869726 2532.095837 2604.649215 2549.267757 2725.022936 2774.359935 2774.144337 2782.820663 2789.842081 2807.549366 2811.614091 2809.072687 2799.808758 2791.385641 2787.826721 2786.971952 2779.379272 2766.568898 2750.547094 2734.106839 2719.398128 2679.402218 2644.093293 2604.365896 2587.901880 2545.173642 2450.057809 2406.638118 2367.654467 2307.674217 2303.062219 2300.651153 2272.168240 2252.388088 2227.928197 2252.725026 2260.649381 2264.267263 2264.642681 2279.570542 2307.405586 2355.185503 2393.087823 2437.988557 2491.497899 2528.984223 2573.683499 2619.415333 2676.448554 2711.639191 2744.377662 2795.741985 2835.344468 2858.675325 2844.907583 2817.646756 2766.395618 2689.466303 2620.096909 2566.687165 2489.263669 2423.489926 2370.697185 2324.418711 2274.316583 2211.159266 2140.965223 2100.942705 -9999.0 -9999.0 -9999.0 -9999.0 -9999.0
-9999.0 1125.298993 1391.628670 1671.406483 1971.164504 2306.898789 2459.601924 2579.343573 2652.670251 2630.101261 2647.049446 2665.889545 2711.773385 2723.407968 2704.773339 2695.823725 2683.612832 2684.301367 2697.883449 2671.592455 2641.977858 2628.420812 2627.983405 2615.951771 2591.592254 2574.214722 2562.274822 2540.045627 2489.866167 2436.665068 2351.822856 2317.551795 2238.246669 2187.884379 2145.122893 2095.055038 2044.957206 2044.986751 2064.083103 2050.747216 2028.707138 2010.475359 2038.132949 2057.849374 2071.046925 2058.492037 2067.544008 2103.769975 2153.697677 2198.511378 2248.521176 2303.945825 2350.773231 2398.078540 2429.116978 2478.550802 2529.129874 2577.329262 2651.996381 2733.169300 2773.679150 2808.988575 2838.581878 2851.741931 2794.927326 2741.624003 2683.296033 2616.261581 2537.613366 2488.410184 2460.711183 2418.522997 2363.959133 -9999.0 -9999.0 -9999.0 -9999.0 -9999.0 -9999.0 -9999.0
-9999.0 1004.493076 1213.465751 1428.508674 1700.126999 1936.581274 2144.402804 2249.161144 2329.270471 2382.170823 2427.449769 2465.876247 2498.306245 2523.503048 2504.816845 2463.714418 2434.702820 2439.650139 2433.880875 2411.021019 2381.910769 2367.193976 2363.898961 2356.920512 2332.784756 2318.619395 2307.636944 2284.040894 2252.159815 2195.949752 2117.803534 2043.218451 1983.856454 1955.447627 1927.184644 1895.590896 1862.471556 1872.774859 1884.399124 1881.852028 1872.545142 1870.574271 1899.587564 1918.945509 1929.196082 1918.492291 1938.139520 1964.560051 2005.890942 2049.731223 2099.326877 2154.638520 2208.760896 2237.485497 2250.172451 2273.728140 2312.449815 2366.025311 2451.816949 2547.871892 2627.610872 2676.815684 2727.803741 2761.840989 2773.146294 2776.143597 2746.673321 2665.486799 2565.351969 2544.551249 2540.852294 -9999.0 -9999.0 -9999.0 -9999.0 -9999.0 -9999.0 -9999.0 -9999.0 -9999.0
-9999.0 -9999.0 983.177775 1151.355189 1274.486142 1448.302169 1596.487908 1706.857441 1802.000313 1927.612069 2040.608943 2129.719694 2175.931225 2194.448680 2182.089879 2152.377623 2133.308784 2133.436461 2122.768403 2113.367829 2094.968737 2087.350539 2075.020042 2066.355160 2057.594772 2052.777105 2047.357395 2036.031147 2014.587388 1968.364265 1922.576501 1872.617969 1820.652224 1795.508128 1774.003694 1753.279006 1753.143788 1748.324109 1753.404531 1755.119073 1762.743860 1775.771884 1795.616776 1818.012968 1828.039600 1837.775493 1850.371090 1874.222224 1907.328351 1950.082940 2004.672329 2063.415806 2104.118562 2117.366235 2107.690251 2112.186809 2131.162059 2172.316083 2250.360115 2332.721227 2428.798324 2500.093924 2571.251746 2621.815925 2635.681599 2647.936542 2658.118185 2608.899572 2489.269554 2500.408238 -9999.0 -9999.0 -9999.0 -9999.0 -9999.0 -9999.0 -9999.0 -9999.0 -9999.0 -9999.0
-9999.0 -9999.0 -9999.0 -9999.0 1011.424493 1163.765633 1261.441779 1344.049390 1475.265897 1599.604419 1702.408576 1787.623769 1852.493516 1879.900135 1878.268906 1887.904640 1884.910477 1878.036016 1867.975873 1868.608988 1869.068214 1861.707670 1846.400816 1839.002794 1840.324254 1845.540506 1842.551660 1828.464320 1809.889216 1789.188137 1770.440849 1736.676839 1701.421537 1672.310926 1659.101525 1653.855872 1653.423873 1645.958508 1654.338068 1662.012399 1677.344881 1692.482138 1716.137833 1745.365821 1759.587837 1774.634078 1784.460781 1804.937900 1835.645673 1889.429472 1953.458225 2012.140282 2049.246509 2054.481256 2030.820816 2015.763078 2012.012266 2039.634025 2083.285095 2148.467091 2248.969708 2321.302414 2375.592141 2417.450231 2447.439406 2490.025125 2535.972821 2568.502676 -9999.0 -9999.0 -9999.0 -9999.0 -9999.0 -9999.0 -9999.0 -9999.0 -9999.0 -9999.0 -9999.0 -9999.0
-9999.0 -9999.0 -9999.0 -9999.0 -9999.0 -9999.0 976.729411 1079.807608 1156.562526 1299.622014 1434.787957 1538.341376 1620.056952 1653.638134 1682.798498 1711.075436 1710.266736 1691.539712 1671.729599 1691.239948 1706.438037 1700.230727 1669.424675 1669.327790 1674.457176 1682.189499 1679.459817 1672.742800 1647.359918 1659.882448 1661.207669 1637.799532 1611.718727 1597.972583 1585.982182 1595.452355 1595.444029 1581.434626 1581.380143 1608.389933 1628.808496 1641.822750 1663.386522 1696.630702 1729.156976 1744.743496 1746.315425 1752.450724 1792.038380 1862.472637 1934.872642 1991.243619 2024.723194 2033.634186 2007.584979 1968.286669 1948.630583 1956.079043 1990.747156 2042.453660 2117.191461 2164.878263 2187.681747 2197.405172 2212.206644 2301.983381 -9999.0 -9999.0 -9999.0 -9999.0 -9999.0 -9999.0 -9999.0 -9999.0 -9999.0 -9999.0 -9999.0 -9999.0 -9999.0 -9999.0
-9999.0 -9999.0 -9999.0 -9999.0 -9999.0 -9999.0 -9999.0 -9999.0 -9999.0 -9999.0 -9999.0 -9999.0 -9999.0 -9999.0 -9999.0 -9999.0 -9999.0 -9999.0 -9999.0 -9999.0 -9999.0 -9999.0 -9999.0 -9999.0 -9999.0 -9999.0 -9999.0 -9999.0 -9999.0 -9999.0 -9999.0 -9999.0 -9999.0 -9999.0 -9999.0 -9999.0 -9999.0 -9999.0 -9999.0 -9999.0 -9999.0 -9999.0 -9999.0 -9999.0 -9999.0 -9999.0 -9999.0 -9999.0 -9999.0 -9999.0 -9999.0 -9999.0 -9999.0 -9999.0 -9999.0 -9999.0 -9999.0 -9999.0 -9999.0 -9999.0 -9999.0 -9999.0 -9999.0 -9999.0 -9999.0 -9999.0 -9999.0 -9999.0 -9999.0 -9999.0 -9999.0 -9999.0 -9999.0 -9999.0 -9999.0 -9999.0 -9999.0 -9999.0 -9999.0 -9999.0
-9999.0 -9999.0 -9999.0 -9999.0 -9999.0 -9999.0 -9999.0 -9999.0 -9999.0 -9999.0 -9999.0 -9999.0 -9999.0 -9999.0 -9999.0 -9999.0 -9999.0 -9999.0 -9999.0 -9999.0 -9999.0 -9999.0 -9999.0 -9999.0 -9999.0 -9999.0 -9999.0 -9999.0 -9999.0 -9999.0 -9999.0 -9999.0 -9999.0 -9999.0 -9999.0 -9999.0 -9999.0 -9999.0 -9999.0 -9999.0 -9999.0 -9999.0 -9999.0 -9999.0 -9999.0 -9999.0 -9999.0 -9999.0 -9999.0 -9999.0 -9999.0 -9999.0 -9999.0 -9999.0 -9999.0 -9999.0 -9999.0 -9999.0 -9999.0 -9999.0 -9999.0 -9999.0 -9999.0 -9999.0 -9999.0 -9999.0 -9999.0 -9999.0 -9999.0 -9999.0 -9999.0 -9999.0 -9999.0 -9999.0 -9999.0 -9999.0 -9999.0 -9999.0 -9999.0 -9999.0