Borden_/Borden1m_014/output_maps/psiliqL0014N0017.asc
ncols         80
nrows         18
xllcorner     620200.000000
yllcorner     5168000.000000
cellsize      1.000000
NODATA_value  -9999.0
-9999.0 -9999.0 -9999.0 -9999.0 -9999.0 -9999.0 -9999.0 -9999.0 -9999.0 -9999.0 -9999.0 -9999.0 -9999.0 -9999.0 -9999.0 -9999.0 -9999.0 -9999.0 -9999.0 -9999.0 -9999.0 -9999.0 -9999.0 -9999.0 -9999.0 -9999.0 -9999.0 -9999.0 -9999.0 -9999.0 -9999.0 -9999.0 -9999.0 -9999.0 -9999.0 -9999.0 -9999.0 -9999.0 -9999.0 -9999.0 -9999.0 -9999.0 -9999.0 -9999.0 -9999.0 -9999.0 -9999.0 -9999.0 -9999.0 -9999.0 -9999.0 -9999.0 -9999.0 -9999.0 -9999.0 -9999.0 -9999.0 -9999.0 -9999.0 -9999.0 -9999.0 -9999.0 -9999.0 -9999.0 -9999.0 -9999.0 -9999.0 -9999.0 -9999.0 -9999.0 -9999.0 -9999.0 -9999.0 -9999.0 -9999.0 -9999.0 -9999.0 -9999.0 -9999.0 -9999.0
-9999.0 -9999.0 -9999.0 -9999.0 -9999.0 -9999.0 -9999.0 -9999.0 -9999.0 -9999.0 -9999.0 -9999.0 -9999.0 -9999.0 -9999.0 -9999.0 -9999.0 -9999.0 -9999.0 -9999.0 -9999.0 -9999.0 -9999.0 -9999.0 -9999.0 -9999.0 -9999.0 -9999.0 -9999.0 -9999.0 -9999.0 -9999.0 -9999.0 -9999.0 -9999.0 -9999.0 -9999.0 -9999.0 -9999.0 -9999.0 -9999.0 -9999.0 -9999.0 -9999.0 -9999.0 -9999.0 -9999.0 -9999.0 -9999.0 -9999.0 -9999.0 -9999.0 -9999.0 -9999.0 -9999.0 -9999.0 -9999.0 -9999.0 -9999.0 -9999.0 -9999.0 -9999.0 -9999.0 -9999.0 -9999.0 -9999.0 -9999.0 -9999.0 -9999.0 -9999.0 -9999.0 -9999.0 -9999.0 -9999.0 -9999.0 -9999.0 -9999.0 -9999.0 -9999.0 -9999.0
-9999.0 -9999.0 -9999.0 -9999.0 -9999.0 -9999.0 -9999.0 -9999.0 -9999.0 -9999.0 -9999.0 -9999.0 -9999.0 -9999.0 -9999.0 -9999.0 -9999.0 -9999.0 -9999.0 -9999.0 949.140068 952.249005 931.150573 898.755364 872.285315 876.032519 912.051619 954.586516 994.339987 1005.686648 989.567027 994.280966 992.197994 993.252034 997.493713 1005.638983 1010.783574 1022.387055 1030.782044 1030.069219 1023.578702 1018.117812 1018.183726 1021.111798 1026.561204 1015.912194 1030.192922 1045.564388 1050.504305 1044.382344 1015.630728 997.721802 986.032424 967.974520 990.271419 1000.072970 1020.834066 1023.033123 1019.603119 991.239609 960.331462 -9999.0 -9999.0 -9999.0 -9999.0 -9999.0 -9999.0 -9999.0 -9999.0 -9999.0 -9999.0 -9999.0 -9999.0 -9999.0 -9999.0 -9999.0 -9999.0 -9999.0 -9999.0 -9999.0
-9999.0 -9999.0 -9999.0 -9999.0 -9999.0 -9999.0 -9999.0 -9999.0 -9999.0 -9999.0 -9999.0 -9999.0 -9999.0 -9999.0 854.310076 845.603090 844.152831 854.106021 889.322247 920.928781 933.623671 927.336788 928.961625 907.308451 888.883062 904.947884 936.434111 969.422245 1005.257430 1027.064315 1017.966166 1018.790924 1032.062219 1060.388056 1075.251799 1073.947651 1055.303211 1079.149664 1094.652389 1102.420931 1101.026441 1091.966339 1104.422580 1119.933362 1113.292739 1096.785857 1103.000870 1115.787895 1128.150186 1113.609038 1048.108306 1025.582400 1017.245407 1007.098875 990.445659 981.872914 1004.955691 1002.620514 992.112008 972.335487 938.350886 893.550258 873.816767 911.115744 953.615626 1009.819750 -9999.0 -9999.0 -9999.0 -9999.0 -9999.0 -9999.0 -9999.0 -9999.0 -9999.0 -9999.0 -9999.0 -9999.0 -9999.0 -9999.0
-9999.0 -9999.0 -9999.0 -9999.0 -9999.0 -9999.0 -9999.0 -9999.0 -9999.0 793.948194 799.068419 807.271405 810.688832 827.517705 826.205743 834.770140 843.551246 872.532984 905.873771 943.206834 973.753910 966.574433 969.386371 982.751104 990.209465 1005.485507 1029.282902 1071.043445 1112.084072 1155.137151 1130.106350 1132.996413 1158.584020 1210.214246 1245.315485 1253.463011 1236.383330 1245.339189 1269.701498 1290.234617 1287.955988 1284.338242 1308.376342 1322.163138 1323.977251 1305.230955 1294.837997 1297.178542 1323.417523 1271.887499 1204.045433 1148.919255 1145.615713 1110.348064 1069.310156 1046.594479 1040.675241 1057.406996 1038.785221 998.812366 960.433180 947.492584 927.894475 942.848078 963.114871 1007.695951 1045.235798 1072.163571 1070.242649 1051.697227 -9999.0 -9999.0 -9999.0 -9999.0 -9999.0 -9999.0 -9999.0 -9999.0 -9999.0 -9999.0
-9999.0 -9999.0 -9999.0 -9999.0 -9999.0 -9999.0 714.433496 724.584573 745.645291 751.015842 777.302343 785.829756 807.799475 828.724441 852.226415 870.988669 903.505999 939.394588 984.143383 1031.444267 1066.726209 1064.214420 1077.986433 1114.517973 1161.753138 1196.335161 1223.834474 1264.368377 1341.061359 1386.125649 1399.082168 1412.084328 1432.472604 1485.758014 1549.952997 1564.951524 1545.738656 1531.616077 1550.169975 1583.102889 1585.853810 1584.993703 1593.958183 1603.309675 1630.071561 1622.986796 1587.569803 1577.226564 1577.528213 1562.766815 1501.707743 1432.897575 1385.827304 1328.184183 1242.221729 1184.985749 1187.012998 1198.393567 1162.310990 1103.819086 1059.590994 1045.394524 1026.108877 1008.978856 1011.933758 1028.136106 1047.854351 1056.584880 1041.392736 1018.460062 994.270885 963.817240 964.048668 988.101779 -9999.0 -9999.0 -9999.0 -9999.0 -9999.0 -9999.0
-9999.0 -9999.0 -9999.0 -9999.0 663.821687 677.517174 666.194602 692.207910 725.925278 761.190941 794.457533 832.945385 862.136786 894.879730 938.683202 977.179960 1022.852728 1063.267206 1125.240480 1201.678841 1257.844206 1284.717271 1303.925771 1371.410406 1446.889738 1506.415425 1528.780978 1554.392844 1594.611153 1653.514231 1683.121051 1695.115406 1719.493248 1757.034262 1802.650645 1834.061449 1818.056511 1810.908379 1815.859328 1825.124332 1846.163222 1845.889103 1847.044993 1849.467863 1854.728772 1855.809422 1835.500052 1807.170473 1797.230772 1790.088855 1761.600030 1690.189675 1644.014935 1610.791835 1577.313418 1525.665975 1457.922695 1432.331948 1364.959369 1302.148968 1236.261448 1208.972660 1170.077319 1137.608666 1102.855061 1098.989513 1097.462911 1073.020611 1037.436899 1002.204252 984.554493 963.274770 950.054614 978.055474 994.019151 1023.229949 -9999.0 -9999.0 -9999.0 -9999.0
-9999.0 -9999.0 603.129254 652.779733 710.962781 721.439703 723.878082 731.357191 761.260388 815.001138 892.678666 945.603136 990.839079 1028.341833 1093.994967 1180.434193 1257.504662 1312.966471 1384.481641 1467.042818 1534.207852 1568.338052 1586.257963 1629.207823 1690.656710 1755.973591 1782.367872 1805.833137 1832.905460 1864.059847 1877.002256 1893.315895 1904.613337 1908.730592 1913.836715 1914.393068 1909.516944 1904.180399 1885.909690 1881.533568 1887.362044 1891.544156 1893.129334 1880.528135 1877.494678 1892.105631 1898.133242 1900.934052 1904.342450 1913.837908 1918.054452 1878.548092 1838.539906 1822.703348 1813.157632 1769.868900 1704.943251 1659.629854 1633.461369 1590.730815 1514.509282 1458.269368 1394.817045 1336.262995 1276.112096 1235.779852 1181.466575 1133.003677 1081.130838 1030.512695 1002.867775 980.759684 974.479320 970.943587 984.297802 997.544478 1011.290590 1018.252844 -9999.0 -9999.0
-9999.0 499.859013 572.957150 700.721561 782.984939 830.858156 867.141017 893.430849 923.615561 950.878868 1058.686359 1152.964231 1246.891215 1288.645632 1348.703554 1456.108371 1553.262391 1603.042467 1648.588588 1712.151489 1774.410893 1819.742768 1846.436546 1860.305909 1896.410715 1910.410231 1913.410058 1915.833374 1910.973980 1902.849617 1894.081107 1901.046059 1898.925458 1881.573887 1865.704539 1860.849507 1852.742970 1827.820160 1799.990569 1785.492679 1787.642803 1809.593972 1798.427878 1779.155306 1776.245839 1797.703178 1818.404166 1813.912544 1807.851249 1829.775336 1864.904291 1885.606128 1895.557199 1911.455036 1931.193230 1905.021772 1875.569025 1834.436945 1815.911631 1789.724512 1736.016874 1675.430159 1617.037093 1553.541015 1481.465637 1400.649785 1327.155136 1257.536562 1182.815718 1135.058182 1097.559619 1040.231216 1012.130372 1007.370898 993.734837 987.479876 990.970871 996.219318 -9999.0 -9999.0
-9999.0 420.330695 563.753961 750.484783 902.751834 968.488061 1079.824308 1163.289974 1193.152971 1168.612777 1279.699487 1502.893314 1606.066177 1626.755968 1702.741753 1794.381091 1818.342387 1853.067943 1879.213945 1892.699832 1902.330798 1911.455467 1908.670116 1902.396479 1888.446432 1881.519035 1881.075941 1879.133618 1862.835509 1843.902907 1825.043697 1819.278614 1800.890275 1758.591343 1724.950110 1703.382945 1680.088195 1655.861316 1621.579161 1594.704722 1580.272131 1596.475456 1589.731319 1573.741956 1570.608801 1593.482525 1628.112241 1628.955150 1645.066274 1676.233673 1720.035076 1759.481723 1782.042795 1812.447978 1847.433496 1888.288448 1902.192754 1922.979026 1927.563465 1909.898081 1869.912807 1822.132051 1790.658497 1732.023160 1660.899940 1579.979600 1511.631355 1442.547743 1361.358710 1305.677601 1248.963003 1178.470729 1111.131222 1074.608911 1027.365256 1002.622618 -9999.0 -9999.0 -9999.0 -9999.0
-9999.0 342.711165 532.226824 794.103006 1074.551541 1199.534812 1417.713724 1551.142518 1610.056351 1679.323614 1664.041983 1806.120495 1844.322891 1841.761534 1842.480321 1850.024638 1868.105379 1874.396453 1874.188142 1868.264170 1862.386666 1859.070708 1855.985041 1845.435253 1830.603518 1814.784186 1802.182387 1790.922164 1755.710813 1721.889787 1681.564323 1660.590132 1618.470998 1527.184622 1482.409491 1440.084731 1371.191914 1357.290986 1347.135430 1317.108424 1297.171511 1277.507757 1299.110714 1303.392594 1306.175508 1311.358216 1331.733770 1361.155113 1416.655942 1466.990501 1518.237704 1573.323533 1612.096432 1661.824040 1710.030426 1763.607849 1793.858308 1823.916390 1870.083864 1908.963409 1933.481448 1924.990012 1900.625049 1860.455720 1796.842829 1736.350738 1691.456778 1621.019851 1555.431096 1499.815710 1443.876248 1369.787137 1282.960018 1172.178956 1119.035417 -9999.0 -9999.0 -9999.0 -9999.0 -9999.0
-9999.0 165.462052 434.284372 726.284705 1049.820513 1390.973522 1533.342500 1669.601608 1743.840367 1712.639562 1719.990887 1741.332299 1782.055372 1791.431294 1775.470814 1770.766444 1762.870217 1765.348475 1780.711117 1758.518761 1732.552722 1719.369276 1715.250272 1695.725592 1664.794008 1643.328126 1629.371973 1609.107900 1561.855722 1508.766854 1420.226975 1380.536070 1297.956673 1237.707235 1190.473055 1136.325661 1078.922865 1073.195488 1087.813957 1071.725115 1049.138189 1030.759062 1057.410617 1075.225255 1087.807652 1077.735313 1088.900508 1128.551496 1184.403823 1236.208087 1291.799988 1351.742320 1407.079188 1468.645130 1507.393904 1559.208521 1607.719261 1658.147452 1735.103639 1814.313366 1852.387232 1888.077936 1923.058707 1941.793398 1895.609430 1852.598871 1810.004507 1759.078803 1686.776624 1648.822652 1620.211080 1555.517331 1484.404334 -9999.0 -9999.0 -9999.0 -9999.0 -9999.0 -9999.0 -9999.0
-9999.0 37.804599 259.104437 493.164835 784.523452 1030.799413 1233.105064 1354.407134 1438.726047 1475.568175 1511.650244 1545.843688 1576.470247 1599.987318 1580.866272 1545.556246 1520.198526 1526.157691 1524.096627 1502.109607 1473.734032 1457.064978 1449.160553 1431.729911 1395.627821 1373.656268 1358.948052 1333.934998 1298.178624 1240.189843 1155.750740 1078.705406 1013.639137 978.926458 947.190921 911.865931 872.864476 881.028438 892.842876 888.573072 877.534613 874.371532 903.799072 923.015671 933.543176 922.356827 942.625534 971.474497 1016.315830 1062.998575 1115.356881 1174.060353 1233.118028 1270.168607 1289.772598 1319.903127 1365.829738 1431.261951 1527.750152 1629.278609 1713.616679 1766.501871 1820.200920 1857.201729 1873.946630 1891.043304 1873.162324 1800.814378 1692.014266 1714.010449 1723.409460 -9999.0 -9999.0 -9999.0 -9999.0 -9999.0 -9999.0 -9999.0 -9999.0 -9999.0
-9999.0 -9999.0 24.390949 205.240694 349.097226 533.991897 689.575012 805.337551 896.254676 1009.322415 1114.349970 1197.200885 1240.974420 1258.996878 1245.569133 1212.972523 1192.315609 1193.209301 1183.732611 1172.288022 1150.370639 1139.589001 1124.680776 1110.737991 1094.141643 1084.151522 1076.325255 1063.299936 1039.711201 991.235354 939.303582 885.206667 829.673390 802.816258 779.652086 756.545414 753.365828 749.046860 754.422900 755.586059 761.989220 774.398771 794.798725 816.821788 826.779197 835.587415 848.834165 873.707744 908.489092 952.481189 1008.123189 1067.602931 1109.968952 1126.237377 1120.102064 1128.777556 1154.481234 1205.328354 1296.975097 1394.248880 1503.909332 1584.726669 1665.615348 1726.921518 1749.282174 1769.708930 1790.765734 1725.805665 1366.047329 1634.336401 -9999.0 -9999.0 -9999.0 -9999.0 -9999.0 -9999.0 -9999.0 -9999.0 -9999.0 -9999.0
-9999.0 -9999.0 -9999.0 -9999.0 63.170662 220.476997 318.623773 404.571246 534.252074 654.058386 754.069155 836.377994 896.331195 922.561625 917.169171 920.291325 915.337548 910.182063 900.692612 897.854872 894.295634 884.890963 869.030013 858.719549 856.438831 858.921910 855.167456 840.698822 822.598686 797.770711 775.145220 739.261663 701.900247 671.840515 657.955477 651.196056 650.480585 643.541961 652.221413 659.126035 674.207712 689.553226 713.499895 742.428520 756.025655 770.901199 781.088435 802.378873 833.594570 887.936490 952.292384 1010.961260 1047.843030 1053.897942 1030.776864 1017.382774 1016.961495 1049.644218 1101.845360 1178.946019 1292.054830 1377.730112 1453.403764 1514.766327 1556.897615 1611.104665 1680.206463 1719.234996 -9999.0 -9999.0 -9999.0 -9999.0 -9999.0 -9999.0 -9999.0 -9999.0 -9999.0 -9999.0 -9999.0 -9999.0
-9999.0 -9999.0 -9999.0 -9999.0 -9999.0 -9999.0 17.532999 118.694086 203.024073 338.423617 465.065562 564.482868 643.516181 673.737602 697.876965 723.762338 721.417327 703.560580 685.090833 702.576849 714.108343 707.217808 676.434935 673.998827 676.902658 684.370346 681.696775 674.766796 649.224416 658.960982 658.195898 634.222589 607.475232 592.848402 580.603668 589.888109 589.943223 576.435908 577.457780 603.916656 623.980372 637.278134 659.416599 692.727041 725.104724 740.222696 741.785610 748.411630 789.547154 860.551792 932.648876 988.411524 1021.452299 1030.552052 1004.307694 965.558727 946.950384 957.116589 996.426317 1055.653345 1139.927010 1199.322211 1239.676638 1268.122649 1297.588263 1393.553152 -9999.0 -9999.0 -9999.0 -9999.0 -9999.0 -9999.0 -9999.0 -9999.0 -9999.0 -9999.0 -9999.0 -9999.0 -9999.0 -9999.0
-9999.0 -9999.0 -9999.0 -9999.0 -9999.0 -9999.0 -9999.0 -9999.0 -9999.0 -9999.0 -9999.0 -9999.0 -9999.0 -9999.0 -9999.0 -9999.0 -9999.0 -9999.0 -9999.0 -9999.0 -9999.0 -9999.0 -9999.0 -9999.0 -9999.0 -9999.0 -9999.0 -9999.0 -9999.0 -9999.0 -9999.0 -9999.0 -9999.0 -9999.0 -9999.0 -9999.0 -9999.0 -9999.0 -9999.0 -9999.0 -9999.0 -9999.0 -9999.0 -9999.0 -9999.0 -9999.0 -9999.0 -9999.0 -9999.0 -9999.0 -9999.0 -9999.0 -9999.0 -9999.0 -9999.0 -9999.0 -9999.0 -9999.0 -9999.0 -9999.0 -9999.0 -9999.0 -9999.0 -9999.0 -9999.0 -9999.0 -9999.0 -9999.0 -9999.0 -9999.0 -9999.0 -9999.0 -9999.0 -9999.0 -9999.0 -9999.0 -9999.0 -9999.0 -9999.0 -9999.0
-9999.0 -9999.0 -9999.0 -9999.0 -9999.0 -9999.0 -9999.0 -9999.0 -9999.0 -9999.0 -9999.0 -9999.0 -9999.0 -9999.0 -9999.0 -9999.0 -9999.0 -9999.0 -9999.0 -9999.0 -9999.0 -9999.0 -9999.0 -9999.0 -9999.0 -9999.0 -9999.0 -9999.0 -9999.0 -9999.0 -9999.0 -9999.0 -9999.0 -9999.0 -9999.0 -9999.0 -9999.0 -9999.0 -9999.0 -9999.0 -9999.0 -9999.0 -9999.0 -9999.0 -9999.0 -9999.0 -9999.0 -9999.0 -9999.0 -9999.0 -9999.0 -9999.0 -9999.0 -9999.0 -9999.0 -9999.0 -9999.0 -9999.0 -9999.0 -9999.0 -9999.0 -9999.0 -9999.0 -9999.0 -9999.0 -9999.0 -9999.0 -9999.0 -9999.0 -9999.0 -9999.0 -9999.0 -9999.0 -9999.0 -9999.0 -9999.0 -9999.0 -9999.0 -9999.0 -9999.0