Borden_/Borden1m_014/output_maps/psiliqL0002N0006.asc
ncols         80
nrows         18
xllcorner     620200.000000
yllcorner     5168000.000000
cellsize      1.000000
NODATA_value  -9999.0
-9999.0 -9999.0 -9999.0 -9999.0 -9999.0 -9999.0 -9999.0 -9999.0 -9999.0 -9999.0 -9999.0 -9999.0 -9999.0 -9999.0 -9999.0 -9999.0 -9999.0 -9999.0 -9999.0 -9999.0 -9999.0 -9999.0 -9999.0 -9999.0 -9999.0 -9999.0 -9999.0 -9999.0 -9999.0 -9999.0 -9999.0 -9999.0 -9999.0 -9999.0 -9999.0 -9999.0 -9999.0 -9999.0 -9999.0 -9999.0 -9999.0 -9999.0 -9999.0 -9999.0 -9999.0 -9999.0 -9999.0 -9999.0 -9999.0 -9999.0 -9999.0 -9999.0 -9999.0 -9999.0 -9999.0 -9999.0 -9999.0 -9999.0 -9999.0 -9999.0 -9999.0 -9999.0 -9999.0 -9999.0 -9999.0 -9999.0 -9999.0 -9999.0 -9999.0 -9999.0 -9999.0 -9999.0 -9999.0 -9999.0 -9999.0 -9999.0 -9999.0 -9999.0 -9999.0 -9999.0
-9999.0 -9999.0 -9999.0 -9999.0 -9999.0 -9999.0 -9999.0 -9999.0 -9999.0 -9999.0 -9999.0 -9999.0 -9999.0 -9999.0 -9999.0 -9999.0 -9999.0 -9999.0 -9999.0 -9999.0 -9999.0 -9999.0 -9999.0 -9999.0 -9999.0 -9999.0 -9999.0 -9999.0 -9999.0 -9999.0 -9999.0 -9999.0 -9999.0 -9999.0 -9999.0 -9999.0 -9999.0 -9999.0 -9999.0 -9999.0 -9999.0 -9999.0 -9999.0 -9999.0 -9999.0 -9999.0 -9999.0 -9999.0 -9999.0 -9999.0 -9999.0 -9999.0 -9999.0 -9999.0 -9999.0 -9999.0 -9999.0 -9999.0 -9999.0 -9999.0 -9999.0 -9999.0 -9999.0 -9999.0 -9999.0 -9999.0 -9999.0 -9999.0 -9999.0 -9999.0 -9999.0 -9999.0 -9999.0 -9999.0 -9999.0 -9999.0 -9999.0 -9999.0 -9999.0 -9999.0
-9999.0 -9999.0 -9999.0 -9999.0 -9999.0 -9999.0 -9999.0 -9999.0 -9999.0 -9999.0 -9999.0 -9999.0 -9999.0 -9999.0 -9999.0 -9999.0 -9999.0 -9999.0 -9999.0 -9999.0 -562.184541 -560.708322 -563.686397 -567.071157 -570.021936 -570.444384 -567.185820 -563.563585 -559.435626 -558.734934 -562.213410 -561.252525 -562.654323 -563.551822 -563.704783 -562.717476 -562.189814 -560.914410 -560.138371 -560.602977 -561.645368 -562.336570 -563.014119 -562.859374 -561.625422 -563.322608 -560.949955 -558.722028 -558.013984 -557.896803 -560.746355 -561.858529 -562.259143 -565.054693 -560.059686 -558.765253 -555.334642 -555.073684 -554.337895 -558.174344 -562.012715 -9999.0 -9999.0 -9999.0 -9999.0 -9999.0 -9999.0 -9999.0 -9999.0 -9999.0 -9999.0 -9999.0 -9999.0 -9999.0 -9999.0 -9999.0 -9999.0 -9999.0 -9999.0 -9999.0
-9999.0 -9999.0 -9999.0 -9999.0 -9999.0 -9999.0 -9999.0 -9999.0 -9999.0 -9999.0 -9999.0 -9999.0 -9999.0 -9999.0 -567.259472 -568.994341 -569.820905 -570.456786 -567.515781 -565.315889 -565.415148 -567.202266 -565.632582 -569.035383 -572.121864 -570.283566 -567.807164 -565.956479 -562.746532 -560.295487 -562.663713 -563.259089 -562.061280 -557.735049 -556.008165 -556.999594 -562.404323 -557.301305 -554.960203 -553.452268 -553.642131 -556.079683 -552.863485 -549.098150 -551.087118 -555.075225 -554.144365 -551.944912 -548.341874 -549.874774 -562.493818 -563.376342 -562.585341 -562.150137 -563.945933 -565.272533 -560.250825 -561.082969 -561.815386 -562.455708 -565.144208 -569.809384 -571.977458 -566.956066 -562.835036 -554.340368 -9999.0 -9999.0 -9999.0 -9999.0 -9999.0 -9999.0 -9999.0 -9999.0 -9999.0 -9999.0 -9999.0 -9999.0 -9999.0 -9999.0
-9999.0 -9999.0 -9999.0 -9999.0 -9999.0 -9999.0 -9999.0 -9999.0 -9999.0 -569.821283 -570.347119 -569.884527 -571.127899 -569.632148 -572.372957 -571.787541 -572.385823 -570.333778 -568.854819 -566.179617 -562.469348 -565.348722 -565.757366 -563.831830 -563.827590 -563.347273 -561.947185 -556.204891 -550.042589 -540.109542 -549.269592 -549.813461 -546.088565 -533.100409 -520.763507 -516.070987 -524.415468 -524.651475 -515.683860 -502.385138 -502.552302 -503.478397 -493.433246 -487.943051 -483.391589 -491.202329 -500.675455 -504.231626 -493.712101 -514.792112 -534.188090 -548.270523 -544.992146 -551.217248 -558.227746 -560.688120 -561.689376 -556.073454 -558.018046 -562.858254 -566.862055 -565.296138 -567.711282 -565.327559 -563.915541 -557.475598 -551.894669 -546.488594 -546.240410 -549.720781 -9999.0 -9999.0 -9999.0 -9999.0 -9999.0 -9999.0 -9999.0 -9999.0 -9999.0 -9999.0
-9999.0 -9999.0 -9999.0 -9999.0 -9999.0 -9999.0 -572.578930 -572.846669 -571.899786 -575.360402 -573.118435 -574.853788 -573.281913 -572.709329 -571.734677 -571.896289 -569.415000 -567.333863 -563.784229 -559.184210 -554.929908 -557.666165 -556.592736 -550.625642 -541.022128 -533.137915 -527.599423 -516.556429 -481.919275 -459.521292 -450.819093 -447.774032 -442.315157 -403.550256 -269.724362 -64.006247 -283.578043 -341.910398 -272.778625 0.620217 11.143793 11.251678 11.445299 11.577856 12.568246 12.408065 11.165439 10.568333 -14.396138 -263.437866 -387.747141 -443.272241 -467.307585 -488.554467 -519.558282 -540.540186 -539.703144 -533.942598 -541.049744 -551.803783 -558.149381 -557.783958 -558.923056 -561.454106 -560.147333 -557.630125 -553.719404 -551.216706 -553.061155 -555.507129 -557.195561 -561.471336 -560.729717 -556.585578 -9999.0 -9999.0 -9999.0 -9999.0 -9999.0 -9999.0
-9999.0 -9999.0 -9999.0 -9999.0 -577.576835 -576.055504 -580.741379 -578.169667 -576.293602 -574.948801 -575.226120 -572.859686 -572.402904 -570.808711 -567.337699 -565.043438 -560.449742 -557.117309 -547.760758 -531.396945 -515.811643 -504.791739 -498.591940 -469.764625 -431.504696 -382.022134 -355.816611 -270.341221 -10.946123 12.405360 13.210051 13.239754 13.708364 14.720502 16.796011 19.064065 17.177308 16.674033 17.415098 19.199742 20.479070 20.395410 20.450944 20.340186 20.395777 20.685332 19.953981 18.908221 18.267200 16.606906 15.235326 12.902922 11.979265 11.225676 -13.527501 -344.298469 -433.550868 -449.371766 -478.208045 -501.863178 -527.751692 -533.325348 -540.658808 -545.046716 -551.524251 -550.023272 -547.924996 -551.275662 -555.628590 -559.806118 -560.105067 -561.927180 -564.241484 -558.697017 -556.989358 -551.318798 -9999.0 -9999.0 -9999.0 -9999.0
-9999.0 -9999.0 -577.630521 -577.755466 -573.742812 -576.445348 -578.098166 -580.381332 -579.617294 -575.904254 -569.197333 -566.988089 -562.834191 -560.767626 -551.337360 -531.878047 -506.149677 -486.894429 -460.250004 -415.910575 -338.612138 -25.743500 10.484132 11.593479 13.053834 14.910471 15.654270 16.977009 19.132584 20.075547 28.450335 43.174312 47.654013 42.938316 41.301221 39.804923 38.193947 34.786105 22.538262 22.927646 29.989973 32.011433 35.453720 23.407716 20.748398 28.810991 30.948141 31.785449 33.921970 41.962919 51.295044 24.348531 19.114529 19.014305 18.790804 15.613705 13.316070 12.175547 11.748465 -21.185830 -390.089514 -440.697207 -472.885813 -497.691777 -516.444222 -524.912162 -537.079008 -544.738667 -551.965896 -558.961620 -560.949780 -562.071795 -560.876600 -561.795976 -558.889822 -556.852222 -553.656583 -552.534325 -9999.0 -9999.0
-9999.0 -578.740603 -580.413587 -573.393313 -572.680269 -571.609804 -570.475201 -569.373356 -567.638425 -570.291549 -553.463133 -526.593836 -495.686512 -487.662988 -465.412938 -394.998620 -36.927558 11.052609 12.192012 13.701297 15.822209 18.906708 19.862167 25.723014 48.470430 43.633766 40.352522 39.301740 31.250922 23.724240 20.138644 21.398441 20.852952 19.893696 19.478641 19.679494 19.741618 19.163720 18.577877 18.392595 18.619584 19.499058 18.990686 18.248585 17.956560 18.731636 19.359355 18.969551 18.401724 18.812357 19.705983 20.087198 21.512850 33.089580 52.101812 30.831942 20.038102 19.008418 18.774707 17.841662 14.380069 12.192854 -22.824774 -370.489703 -434.299127 -478.483424 -502.500779 -520.264909 -537.235852 -543.927651 -548.034150 -557.621208 -559.901858 -557.489481 -558.779051 -558.921885 -557.669725 -556.723601 -9999.0 -9999.0
-9999.0 -586.076069 -579.444570 -572.350611 -563.958405 -564.227316 -542.028273 -514.096301 -506.503393 -518.172328 -476.681310 -37.304495 12.150663 12.145094 14.168617 16.800519 20.182279 36.054283 48.394532 40.006767 33.549583 35.695092 30.772997 22.169994 20.083648 19.894701 20.088905 20.135793 19.552870 19.080448 18.660710 18.767541 18.141162 15.089522 13.762993 13.370355 13.258292 12.905474 12.053782 11.460242 11.068705 11.904228 11.413993 10.549570 9.306862 11.111895 12.425865 11.984747 12.000785 12.470718 13.577907 14.971832 17.224692 18.252158 19.069653 20.158505 21.907743 41.140477 46.990039 23.420506 19.671654 18.369939 17.598984 14.027509 1.878197 -335.624566 -410.985203 -447.502875 -483.333942 -501.547936 -517.810753 -533.520799 -546.779914 -549.229110 -556.197769 -556.887421 -9999.0 -9999.0 -9999.0 -9999.0
-9999.0 -586.685791 -580.286683 -566.792966 -536.420443 -507.469356 -379.250879 -4.215382 12.226058 14.422618 15.563767 35.603995 42.686454 26.659279 20.045558 19.514750 19.904200 20.029549 19.655597 19.387031 19.303568 19.367289 19.446122 19.293355 19.144560 18.870433 18.601250 18.264749 15.605686 14.097419 12.997132 12.634172 5.971421 -360.712563 -415.862948 -436.294955 -465.348644 -468.145027 -475.367964 -490.299012 -497.822971 -501.354846 -495.375899 -499.970192 -501.298010 -494.163800 -483.267542 -477.988607 -459.562594 -440.240497 -407.960024 -345.895517 -26.950872 11.655829 13.206706 15.144789 17.664779 18.639902 19.731941 23.951924 43.721319 36.825509 20.482390 19.415537 17.521471 14.348146 13.026672 3.519373 -256.450081 -389.976812 -434.486761 -474.562104 -503.322830 -529.611050 -538.407845 -9999.0 -9999.0 -9999.0 -9999.0 -9999.0
-9999.0 -597.186399 -580.354090 -569.491647 -522.045873 -307.388124 -59.020128 14.799482 25.994829 15.062254 14.749003 17.170646 18.840970 18.871213 17.863046 16.036658 14.991696 14.831687 15.505342 14.531355 13.682441 13.417054 13.613610 13.346574 12.755567 12.383152 12.046159 8.455189 -293.395563 -392.359835 -451.916016 -459.296084 -491.660192 -520.957385 -532.962407 -543.270973 -553.866331 -553.344955 -549.055105 -552.459452 -556.188927 -560.288259 -555.344850 -553.165863 -550.999543 -553.758322 -553.181272 -546.812491 -536.690412 -527.308734 -513.516199 -494.670891 -475.533028 -444.548178 -419.202476 -356.828550 -22.939181 11.779089 14.358298 18.333295 19.116506 19.987598 34.381082 52.216572 21.065986 19.258171 18.505466 17.596728 14.520261 12.433812 -1.194840 -313.526844 -415.500893 -9999.0 -9999.0 -9999.0 -9999.0 -9999.0 -9999.0 -9999.0
-9999.0 -602.635586 -584.475625 -582.473724 -562.869701 -528.322514 -473.647081 -411.102377 -330.845962 -348.688545 -324.685036 -22.452279 10.983653 11.832289 -1.599006 -296.778175 -371.263890 -367.491481 -366.898305 -398.331047 -425.037398 -436.288592 -435.787722 -440.216577 -456.685987 -465.457945 -470.707902 -481.698551 -500.702644 -518.299666 -540.111692 -552.385811 -561.288550 -564.188643 -566.342978 -568.721428 -573.829861 -570.791574 -568.583110 -569.093949 -570.698310 -571.966734 -568.063574 -566.802603 -565.604906 -569.222331 -566.770770 -564.794945 -560.185846 -555.599711 -549.107486 -539.486564 -527.051580 -519.401131 -515.362627 -505.294063 -486.604714 -456.943055 -384.354266 -15.486195 13.295764 15.190536 18.219057 19.257773 19.689119 29.925043 38.406438 20.672994 16.804596 17.200061 16.934873 -9999.0 -9999.0 -9999.0 -9999.0 -9999.0 -9999.0 -9999.0 -9999.0 -9999.0
-9999.0 -9999.0 -606.740723 -599.433451 -593.249977 -586.913262 -578.030937 -570.166379 -565.060318 -553.186865 -536.376787 -516.908142 -502.323943 -496.241379 -504.878687 -523.389925 -531.737075 -530.666033 -532.772185 -536.239019 -542.506411 -543.804868 -545.350318 -546.378384 -549.179239 -550.382425 -550.862320 -551.967700 -554.603044 -560.853644 -566.165785 -569.899902 -574.277500 -573.878723 -574.502146 -576.046915 -574.529986 -574.909722 -574.492182 -574.729687 -574.315358 -573.556796 -572.736858 -571.538419 -571.538723 -571.179525 -570.815472 -569.584626 -567.718877 -565.282261 -560.421295 -553.281964 -547.923942 -546.724420 -549.807522 -549.065805 -545.306913 -536.750097 -511.524559 -472.543461 -416.635579 -317.780212 8.840048 13.599319 14.472379 17.150408 18.692917 18.671266 12.419700 15.918984 -9999.0 -9999.0 -9999.0 -9999.0 -9999.0 -9999.0 -9999.0 -9999.0 -9999.0 -9999.0
-9999.0 -9999.0 -9999.0 -9999.0 -610.245790 -599.681998 -589.975697 -591.088761 -584.173772 -580.016235 -576.292983 -571.891000 -568.245227 -565.876047 -568.838266 -569.291689 -569.751510 -569.272479 -569.883395 -570.554822 -570.756684 -571.174957 -571.639280 -572.320105 -571.960988 -571.226008 -571.004693 -572.181168 -572.079807 -574.232892 -574.302026 -575.508126 -576.693547 -578.197458 -577.789164 -577.901815 -577.168913 -577.944850 -576.791507 -577.500771 -576.644184 -576.302862 -575.319153 -573.664544 -574.385255 -573.434711 -573.450739 -572.258021 -571.950106 -568.833887 -563.765280 -557.948819 -554.042924 -554.282800 -559.475368 -561.560806 -562.918228 -559.731219 -554.573729 -543.201878 -516.719444 -491.493383 -454.551392 -417.559185 -371.591483 -24.670720 15.194005 17.006449 -9999.0 -9999.0 -9999.0 -9999.0 -9999.0 -9999.0 -9999.0 -9999.0 -9999.0 -9999.0 -9999.0 -9999.0
-9999.0 -9999.0 -9999.0 -9999.0 -9999.0 -9999.0 -605.455471 -600.079561 -601.801972 -597.602259 -593.867660 -591.052333 -586.864460 -587.364742 -586.048769 -582.725070 -583.135726 -584.685457 -586.673572 -583.740298 -582.410497 -582.106894 -585.298846 -584.357770 -583.994538 -582.783746 -582.911387 -582.334066 -585.012132 -581.666136 -580.021002 -580.546007 -581.043427 -580.352857 -581.019918 -578.962467 -578.716831 -580.353470 -580.873473 -578.539599 -577.910843 -578.300000 -577.928054 -576.435403 -574.214307 -573.922300 -574.986750 -576.508329 -574.375412 -569.400909 -563.963583 -559.266608 -556.223764 -555.131297 -559.394164 -565.319859 -568.330338 -568.863055 -566.583515 -562.230497 -551.470410 -544.255359 -538.879589 -534.461808 -527.933349 -486.608407 -9999.0 -9999.0 -9999.0 -9999.0 -9999.0 -9999.0 -9999.0 -9999.0 -9999.0 -9999.0 -9999.0 -9999.0 -9999.0 -9999.0
-9999.0 -9999.0 -9999.0 -9999.0 -9999.0 -9999.0 -9999.0 -9999.0 -9999.0 -9999.0 -9999.0 -9999.0 -9999.0 -9999.0 -9999.0 -9999.0 -9999.0 -9999.0 -9999.0 -9999.0 -9999.0 -9999.0 -9999.0 -9999.0 -9999.0 -9999.0 -9999.0 -9999.0 -9999.0 -9999.0 -9999.0 -9999.0 -9999.0 -9999.0 -9999.0 -9999.0 -9999.0 -9999.0 -9999.0 -9999.0 -9999.0 -9999.0 -9999.0 -9999.0 -9999.0 -9999.0 -9999.0 -9999.0 -9999.0 -9999.0 -9999.0 -9999.0 -9999.0 -9999.0 -9999.0 -9999.0 -9999.0 -9999.0 -9999.0 -9999.0 -9999.0 -9999.0 -9999.0 -9999.0 -9999.0 -9999.0 -9999.0 -9999.0 -9999.0 -9999.0 -9999.0 -9999.0 -9999.0 -9999.0 -9999.0 -9999.0 -9999.0 -9999.0 -9999.0 -9999.0
-9999.0 -9999.0 -9999.0 -9999.0 -9999.0 -9999.0 -9999.0 -9999.0 -9999.0 -9999.0 -9999.0 -9999.0 -9999.0 -9999.0 -9999.0 -9999.0 -9999.0 -9999.0 -9999.0 -9999.0 -9999.0 -9999.0 -9999.0 -9999.0 -9999.0 -9999.0 -9999.0 -9999.0 -9999.0 -9999.0 -9999.0 -9999.0 -9999.0 -9999.0 -9999.0 -9999.0 -9999.0 -9999.0 -9999.0 -9999.0 -9999.0 -9999.0 -9999.0 -9999.0 -9999.0 -9999.0 -9999.0 -9999.0 -9999.0 -9999.0 -9999.0 -9999.0 -9999.0 -9999.0 -9999.0 -9999.0 -9999.0 -9999.0 -9999.0 -9999.0 -9999.0 -9999.0 -9999.0 -9999.0 -9999.0 -9999.0 -9999.0 -9999.0 -9999.0 -9999.0 -9999.0 -9999.0 -9999.0 -9999.0 -9999.0 -9999.0 -9999.0 -9999.0 -9999.0 -9999.0