Borden_/Borden1m_014/output_maps/psiliqL0023N0019.asc
ncols         80
nrows         18
xllcorner     620200.000000
yllcorner     5168000.000000
cellsize      1.000000
NODATA_value  -9999.0
-9999.0 -9999.0 -9999.0 -9999.0 -9999.0 -9999.0 -9999.0 -9999.0 -9999.0 -9999.0 -9999.0 -9999.0 -9999.0 -9999.0 -9999.0 -9999.0 -9999.0 -9999.0 -9999.0 -9999.0 -9999.0 -9999.0 -9999.0 -9999.0 -9999.0 -9999.0 -9999.0 -9999.0 -9999.0 -9999.0 -9999.0 -9999.0 -9999.0 -9999.0 -9999.0 -9999.0 -9999.0 -9999.0 -9999.0 -9999.0 -9999.0 -9999.0 -9999.0 -9999.0 -9999.0 -9999.0 -9999.0 -9999.0 -9999.0 -9999.0 -9999.0 -9999.0 -9999.0 -9999.0 -9999.0 -9999.0 -9999.0 -9999.0 -9999.0 -9999.0 -9999.0 -9999.0 -9999.0 -9999.0 -9999.0 -9999.0 -9999.0 -9999.0 -9999.0 -9999.0 -9999.0 -9999.0 -9999.0 -9999.0 -9999.0 -9999.0 -9999.0 -9999.0 -9999.0 -9999.0
-9999.0 -9999.0 -9999.0 -9999.0 -9999.0 -9999.0 -9999.0 -9999.0 -9999.0 -9999.0 -9999.0 -9999.0 -9999.0 -9999.0 -9999.0 -9999.0 -9999.0 -9999.0 -9999.0 -9999.0 -9999.0 -9999.0 -9999.0 -9999.0 -9999.0 -9999.0 -9999.0 -9999.0 -9999.0 -9999.0 -9999.0 -9999.0 -9999.0 -9999.0 -9999.0 -9999.0 -9999.0 -9999.0 -9999.0 -9999.0 -9999.0 -9999.0 -9999.0 -9999.0 -9999.0 -9999.0 -9999.0 -9999.0 -9999.0 -9999.0 -9999.0 -9999.0 -9999.0 -9999.0 -9999.0 -9999.0 -9999.0 -9999.0 -9999.0 -9999.0 -9999.0 -9999.0 -9999.0 -9999.0 -9999.0 -9999.0 -9999.0 -9999.0 -9999.0 -9999.0 -9999.0 -9999.0 -9999.0 -9999.0 -9999.0 -9999.0 -9999.0 -9999.0 -9999.0 -9999.0
-9999.0 -9999.0 -9999.0 -9999.0 -9999.0 -9999.0 -9999.0 -9999.0 -9999.0 -9999.0 -9999.0 -9999.0 -9999.0 -9999.0 -9999.0 -9999.0 -9999.0 -9999.0 -9999.0 -9999.0 2757.625411 2759.959624 2739.740179 2707.698071 2681.743323 2685.993470 2721.654237 2764.693330 2805.928405 2816.651889 2800.582448 2806.539904 2804.053019 2801.145865 2802.986701 2811.475556 2818.922807 2828.691825 2836.314144 2834.962051 2828.481402 2823.944131 2826.265320 2828.311754 2834.214652 2820.247396 2835.181550 2792.326447 2796.682331 2793.688670 2822.460650 2807.231241 2795.939962 2777.242074 2800.351085 2809.592845 2793.270772 2797.344877 2795.545784 2798.612121 2767.802235 -9999.0 -9999.0 -9999.0 -9999.0 -9999.0 -9999.0 -9999.0 -9999.0 -9999.0 -9999.0 -9999.0 -9999.0 -9999.0 -9999.0 -9999.0 -9999.0 -9999.0 -9999.0 -9999.0
-9999.0 -9999.0 -9999.0 -9999.0 -9999.0 -9999.0 -9999.0 -9999.0 -9999.0 -9999.0 -9999.0 -9999.0 -9999.0 -9999.0 2661.557754 2653.905818 2653.008532 2662.757661 2697.561221 2729.352047 2741.379552 2735.428108 2737.096528 2714.877241 2695.068086 2710.540191 2742.387630 2774.456810 2810.471173 2831.340754 2823.234812 2823.451824 2833.166150 2794.101102 2802.928248 2800.115216 2845.984148 2806.233836 2819.370441 2824.431352 2822.516000 2812.796573 2822.198951 2836.371514 2829.365053 2813.932344 2823.858449 2837.876532 2849.010009 2840.082844 2840.695669 2824.342860 2817.621000 2809.764554 2793.616409 2787.532458 2812.937791 2808.725698 2798.564716 2779.493608 2745.113543 2699.669372 2679.160540 2717.202013 2758.978256 2789.097915 -9999.0 -9999.0 -9999.0 -9999.0 -9999.0 -9999.0 -9999.0 -9999.0 -9999.0 -9999.0 -9999.0 -9999.0 -9999.0 -9999.0
-9999.0 -9999.0 -9999.0 -9999.0 -9999.0 -9999.0 -9999.0 -9999.0 -9999.0 2599.112502 2605.544634 2614.177959 2618.622514 2635.801029 2633.957143 2642.876064 2650.039530 2679.790200 2712.014279 2748.015931 2776.308701 2770.468097 2770.839983 2778.706556 2778.226625 2789.963561 2813.273568 2794.820987 2826.496892 2862.337735 2829.773505 2825.540806 2843.567923 2885.877346 2911.208693 2914.377630 2896.533679 2910.980810 2934.527920 2951.171114 2947.904130 2942.338490 2967.271068 2981.875444 2977.433189 2956.732934 2953.848335 2960.114752 2988.502839 2938.049856 2872.921700 2832.151930 2845.573738 2823.308516 2795.628109 2838.426606 2835.888455 2803.308538 2790.923730 2799.080860 2764.134754 2750.452533 2730.856741 2748.172892 2768.738620 2784.905315 2824.441301 2854.013694 2853.579001 2836.340094 -9999.0 -9999.0 -9999.0 -9999.0 -9999.0 -9999.0 -9999.0 -9999.0 -9999.0 -9999.0
-9999.0 -9999.0 -9999.0 -9999.0 -9999.0 -9999.0 2518.241385 2529.774946 2552.029640 2556.399593 2584.349635 2591.799569 2613.696982 2634.070753 2658.315192 2674.942773 2704.365499 2738.174668 2777.149461 2818.843671 2799.273473 2844.319905 2794.627628 2815.295583 2844.452598 2865.508265 2888.403310 2925.489697 2981.862947 3017.765630 3012.685489 3013.812919 3022.010239 3071.543309 3135.050370 3146.681499 3126.246935 3112.847906 3135.312067 3171.788372 3170.978767 3169.886985 3179.892268 3190.180404 3216.794907 3206.776361 3173.028670 3166.275967 3171.371900 3150.708965 3084.540190 3027.142836 3006.573484 2976.701929 2895.068580 2850.468004 2870.214320 2895.516428 2872.501265 2823.614322 2842.667682 2832.620148 2816.763512 2804.530861 2812.278439 2797.092781 2820.629044 2834.010648 2822.006143 2801.448801 2796.976735 2766.615273 2767.017845 2790.612104 -9999.0 -9999.0 -9999.0 -9999.0 -9999.0 -9999.0
-9999.0 -9999.0 -9999.0 -9999.0 2466.391495 2480.712061 2468.316057 2496.324418 2530.768458 2566.765724 2597.330150 2633.770999 2661.430674 2692.621134 2730.060404 2758.800984 2797.322052 2832.185978 2824.017668 2885.955818 2931.078270 2946.746970 2955.720632 2991.285484 3047.151862 3094.421601 3112.800785 3137.960582 3179.555979 3235.262770 3257.705087 3260.937552 3277.746825 3318.907529 3372.790006 3407.034752 3389.775910 3381.159887 3390.195528 3403.579204 3425.694587 3425.797975 3426.870889 3430.502448 3437.468828 3436.169015 3410.650047 3377.730003 3365.151589 3355.554980 3320.018142 3249.579089 3218.441758 3190.882066 3153.832886 3101.323107 3051.247109 3049.791184 2996.534733 2957.993489 2906.302191 2895.399689 2873.006388 2855.255038 2835.888756 2845.716350 2855.792511 2839.654257 2809.456562 2803.013649 2786.542911 2765.685212 2751.754337 2780.352438 2785.472202 2814.986189 -9999.0 -9999.0 -9999.0 -9999.0
-9999.0 -9999.0 2404.129566 2451.565065 2510.627408 2519.817712 2517.719475 2524.352933 2554.494579 2607.754059 2677.896604 2720.988757 2757.317364 2793.059188 2793.481456 2857.726979 2919.255978 2961.929889 3003.804320 3071.506871 3129.922682 3156.951813 3166.293361 3198.931061 3252.135282 3318.584093 3345.632230 3371.299467 3401.676764 3436.603567 3432.717947 3444.057875 3455.552544 3466.079096 3478.977370 3484.996893 3480.516126 3476.000323 3457.669978 3452.859844 3459.417909 3466.706313 3466.253766 3451.877362 3447.926799 3462.613218 3468.339566 3466.597665 3464.384132 3469.748458 3467.071510 3421.091198 3399.309277 3384.754977 3374.395074 3329.326712 3264.102093 3230.929841 3210.775691 3173.362732 3100.907990 3061.937117 3022.048008 2986.653025 2960.882832 2944.318747 2909.199563 2875.405358 2835.172076 2793.532739 2798.089196 2779.140764 2774.902289 2771.524260 2786.294338 2790.021457 2805.609303 2813.555270 -9999.0 -9999.0
-9999.0 2295.118505 2367.148104 2491.545885 2572.327652 2615.392625 2634.230306 2646.336368 2677.265415 2714.051132 2808.341017 2816.887909 2899.541015 2935.806737 2977.464034 3051.748324 3143.213617 3183.192326 3220.114582 3280.620839 3343.791708 3389.510348 3415.215552 3401.023118 3438.484261 3463.749168 3470.400087 3476.336480 3475.251440 3466.849206 3459.906582 3466.745012 3464.005129 3445.278602 3429.634413 3428.049133 3424.748944 3401.832671 3374.798548 3359.801039 3361.663256 3385.936273 3373.346647 3352.185129 3347.849689 3369.188431 3389.620248 3379.197719 3366.376707 3382.628335 3416.633275 3440.275889 3443.355243 3461.341591 3482.328168 3454.154845 3431.367511 3388.771833 3372.473427 3347.429812 3291.859904 3237.269934 3189.879540 3143.316581 3090.727047 3040.710877 2993.006646 2956.488525 2901.155707 2866.748361 2841.129387 2796.565275 2804.223503 2786.850357 2793.786001 2789.219335 2785.021501 2791.421104 -9999.0 -9999.0
-9999.0 2202.714034 2343.122900 2524.195328 2672.314629 2722.846035 2799.535709 2826.806662 2842.738314 2849.843810 2893.874332 3092.831613 3204.661746 3219.764918 3292.131618 3382.836391 3372.753632 3402.834772 3424.763323 3446.000434 3463.162306 3475.874154 3473.737537 3468.110582 3451.948054 3444.018837 3443.227838 3441.232610 3424.217435 3405.606053 3389.062621 3386.278625 3369.208073 3321.887996 3289.475985 3272.914216 3255.722123 3241.780034 3214.020567 3188.688765 3175.255076 3185.121018 3182.097506 3169.871275 3165.442477 3182.055630 3212.770239 3209.568876 3219.572190 3238.788053 3274.040523 3311.093780 3330.041030 3358.566377 3393.472835 3439.765757 3449.787425 3471.875224 3475.225386 3462.947592 3417.760639 3367.482453 3338.573721 3284.191084 3224.869517 3165.278890 3116.914157 3072.398602 3017.708335 2983.215329 2951.983549 2897.164624 2851.582709 2839.982575 2805.121176 2790.345532 -9999.0 -9999.0 -9999.0 -9999.0
-9999.0 2106.213406 2288.187016 2533.117288 2807.507680 2886.128552 3077.001020 3187.981409 3226.991481 3291.919508 3193.965274 3381.669643 3428.427174 3421.872073 3431.993126 3434.260515 3447.859780 3447.561947 3442.513581 3431.747035 3422.502529 3418.196286 3417.027477 3409.180863 3396.709972 3382.270365 3370.772678 3359.746586 3323.995000 3292.808439 3255.452905 3243.515985 3201.801231 3113.558898 3074.945917 3038.173210 2980.185393 2981.640611 2986.406396 2977.533424 2958.812480 2932.533520 2960.176274 2969.338684 2973.001157 2969.915183 2980.956500 2991.913955 3037.450793 3070.890455 3109.513095 3156.548477 3184.160629 3222.713478 3262.606562 3314.205330 3344.466362 3372.875466 3420.138276 3456.792675 3479.200146 3466.067728 3446.180711 3403.189876 3343.910551 3295.086635 3266.960495 3217.668440 3175.985577 3132.309625 3086.092974 3033.529429 2979.702425 2920.718258 2884.981094 -9999.0 -9999.0 -9999.0 -9999.0 -9999.0
-9999.0 1893.917022 2159.051343 2431.502210 2719.070595 3028.231678 3182.981667 3279.737126 3340.651989 3316.981230 3334.100116 3342.032681 3378.215901 3384.487002 3363.077028 3350.106424 3333.693972 3332.605644 3345.561030 3318.821504 3289.358336 3276.449047 3277.257622 3266.548276 3243.255400 3228.372633 3219.043789 3201.337156 3160.606003 3111.742725 3029.992334 2998.812727 2937.467838 2895.708447 2857.935040 2811.295801 2825.362988 2826.541991 2793.808672 2835.664817 2813.878860 2795.895307 2824.618841 2795.022515 2807.541802 2792.403197 2799.372204 2833.262762 2879.852384 2920.232680 2964.688031 2997.913489 3038.553294 3077.918167 3099.997903 3140.336710 3179.636908 3220.454507 3289.349535 3365.517123 3399.794360 3433.455870 3463.371465 3484.788414 3442.583117 3415.402707 3392.422310 3369.978172 3324.777739 3280.003791 3239.525705 3176.556560 3117.944338 -9999.0 -9999.0 -9999.0 -9999.0 -9999.0 -9999.0 -9999.0
-9999.0 1778.320437 1978.119662 2179.527595 2439.611389 2676.762752 2860.419871 2952.909631 3011.758841 3072.178961 3120.027372 3155.043411 3179.116204 3199.975463 3177.221701 3134.810946 3103.524136 3108.191781 3100.555114 3079.141609 3051.512674 3038.567111 3036.813915 3031.960341 3010.614327 3000.067175 2993.299358 2989.951885 2963.742850 2911.237043 2839.153801 2825.196305 2768.117202 2743.161643 2716.341651 2685.756306 2655.988612 2666.250818 2675.742432 2675.141524 2667.181767 2666.285461 2695.188248 2713.909231 2724.212638 2714.463494 2734.757416 2761.182742 2802.200479 2796.118390 2840.815579 2890.609932 2939.396632 2961.200903 2965.888031 2980.302598 2992.878590 3036.221389 3112.240113 3195.035457 3269.751656 3313.962358 3363.740759 3402.417234 3429.254340 3456.403677 3476.996769 3468.681740 3443.883277 3411.257770 3354.204227 -9999.0 -9999.0 -9999.0 -9999.0 -9999.0 -9999.0 -9999.0 -9999.0 -9999.0
-9999.0 -9999.0 1750.758047 1909.726321 2017.721178 2185.475922 2331.604368 2442.346881 2544.329899 2684.185106 2805.595002 2841.727693 2886.202338 2901.972145 2888.124634 2859.055006 2840.938359 2840.536282 2829.123812 2821.609155 2805.837811 2800.301185 2859.390352 2849.428638 2841.025850 2836.245185 2830.652806 2820.590391 2800.573244 2755.586820 2713.422880 2666.108311 2615.107498 2590.768546 2570.008843 2550.358998 2551.759598 2545.815787 2550.208526 2552.227684 2560.845486 2574.497015 2594.089288 2617.261437 2627.617957 2638.481528 2651.205779 2675.239790 2708.283701 2750.532513 2805.133146 2819.840640 2855.546035 2863.338610 2847.386683 2844.480825 2854.771975 2886.343046 2952.400744 3005.516589 3093.136456 3157.225616 3221.257625 3275.999776 3301.895537 3338.222301 3406.424798 3454.305725 3494.446707 3472.178290 -9999.0 -9999.0 -9999.0 -9999.0 -9999.0 -9999.0 -9999.0 -9999.0 -9999.0 -9999.0
-9999.0 -9999.0 -9999.0 -9999.0 1771.011705 1920.494755 2018.746364 2100.243482 2234.301327 2363.938497 2470.645226 2558.031490 2626.751434 2655.647174 2657.611626 2673.464140 2673.076110 2665.620152 2655.550545 2659.018029 2662.064529 2654.862379 2638.186477 2630.344237 2631.781536 2637.184160 2633.686470 2619.490593 2600.477561 2583.044315 2567.122451 2534.669514 2501.059719 2472.434277 2459.482528 2455.081201 2454.470035 2446.233190 2454.167471 2462.378689 2477.952388 2493.036630 2516.598722 2545.996847 2560.898377 2576.341893 2586.234746 2606.474172 2637.683701 2691.761937 2756.211286 2814.654511 2814.014274 2815.105806 2835.788789 2819.997561 2815.239217 2841.349720 2808.482676 2861.868495 2952.497840 2997.487910 3043.784571 3083.470758 3119.697451 3180.819148 3272.528572 3352.273559 -9999.0 -9999.0 -9999.0 -9999.0 -9999.0 -9999.0 -9999.0 -9999.0 -9999.0 -9999.0 -9999.0 -9999.0
-9999.0 -9999.0 -9999.0 -9999.0 -9999.0 -9999.0 1744.493294 1849.870008 1921.295013 2071.755455 2214.662558 2322.168292 2406.306794 2442.550973 2476.304332 2507.359244 2508.505173 2489.507817 2468.797718 2489.954443 2507.628878 2500.907039 2468.818103 2468.844830 2474.113052 2480.851147 2477.358319 2470.525598 2445.240919 2460.126688 2463.146874 2440.061798 2414.385060 2401.162656 2389.302859 2398.756024 2398.477920 2383.859111 2382.834971 2410.192926 2430.930658 2443.815900 2465.068977 2498.426130 2531.279746 2547.469545 2549.315236 2555.362006 2593.887733 2664.461966 2737.664264 2794.738576 2795.207347 2800.508763 2813.942285 2774.541281 2755.161584 2762.388306 2796.045257 2845.950600 2834.113228 2872.324303 2887.082261 2891.823129 2906.293289 2981.508512 -9999.0 -9999.0 -9999.0 -9999.0 -9999.0 -9999.0 -9999.0 -9999.0 -9999.0 -9999.0 -9999.0 -9999.0 -9999.0 -9999.0
-9999.0 -9999.0 -9999.0 -9999.0 -9999.0 -9999.0 -9999.0 -9999.0 -9999.0 -9999.0 -9999.0 -9999.0 -9999.0 -9999.0 -9999.0 -9999.0 -9999.0 -9999.0 -9999.0 -9999.0 -9999.0 -9999.0 -9999.0 -9999.0 -9999.0 -9999.0 -9999.0 -9999.0 -9999.0 -9999.0 -9999.0 -9999.0 -9999.0 -9999.0 -9999.0 -9999.0 -9999.0 -9999.0 -9999.0 -9999.0 -9999.0 -9999.0 -9999.0 -9999.0 -9999.0 -9999.0 -9999.0 -9999.0 -9999.0 -9999.0 -9999.0 -9999.0 -9999.0 -9999.0 -9999.0 -9999.0 -9999.0 -9999.0 -9999.0 -9999.0 -9999.0 -9999.0 -9999.0 -9999.0 -9999.0 -9999.0 -9999.0 -9999.0 -9999.0 -9999.0 -9999.0 -9999.0 -9999.0 -9999.0 -9999.0 -9999.0 -9999.0 -9999.0 -9999.0 -9999.0
-9999.0 -9999.0 -9999.0 -9999.0 -9999.0 -9999.0 -9999.0 -9999.0 -9999.0 -9999.0 -9999.0 -9999.0 -9999.0 -9999.0 -9999.0 -9999.0 -9999.0 -9999.0 -9999.0 -9999.0 -9999.0 -9999.0 -9999.0 -9999.0 -9999.0 -9999.0 -9999.0 -9999.0 -9999.0 -9999.0 -9999.0 -9999.0 -9999.0 -9999.0 -9999.0 -9999.0 -9999.0 -9999.0 -9999.0 -9999.0 -9999.0 -9999.0 -9999.0 -9999.0 -9999.0 -9999.0 -9999.0 -9999.0 -9999.0 -9999.0 -9999.0 -9999.0 -9999.0 -9999.0 -9999.0 -9999.0 -9999.0 -9999.0 -9999.0 -9999.0 -9999.0 -9999.0 -9999.0 -9999.0 -9999.0 -9999.0 -9999.0 -9999.0 -9999.0 -9999.0 -9999.0 -9999.0 -9999.0 -9999.0 -9999.0 -9999.0 -9999.0 -9999.0 -9999.0 -9999.0