Borden_/Borden1m_014/output_maps/psiliqL0010N0040.asc
ncols         80
nrows         18
xllcorner     620200.000000
yllcorner     5168000.000000
cellsize      1.000000
NODATA_value  -9999.0
-9999.0 -9999.0 -9999.0 -9999.0 -9999.0 -9999.0 -9999.0 -9999.0 -9999.0 -9999.0 -9999.0 -9999.0 -9999.0 -9999.0 -9999.0 -9999.0 -9999.0 -9999.0 -9999.0 -9999.0 -9999.0 -9999.0 -9999.0 -9999.0 -9999.0 -9999.0 -9999.0 -9999.0 -9999.0 -9999.0 -9999.0 -9999.0 -9999.0 -9999.0 -9999.0 -9999.0 -9999.0 -9999.0 -9999.0 -9999.0 -9999.0 -9999.0 -9999.0 -9999.0 -9999.0 -9999.0 -9999.0 -9999.0 -9999.0 -9999.0 -9999.0 -9999.0 -9999.0 -9999.0 -9999.0 -9999.0 -9999.0 -9999.0 -9999.0 -9999.0 -9999.0 -9999.0 -9999.0 -9999.0 -9999.0 -9999.0 -9999.0 -9999.0 -9999.0 -9999.0 -9999.0 -9999.0 -9999.0 -9999.0 -9999.0 -9999.0 -9999.0 -9999.0 -9999.0 -9999.0
-9999.0 -9999.0 -9999.0 -9999.0 -9999.0 -9999.0 -9999.0 -9999.0 -9999.0 -9999.0 -9999.0 -9999.0 -9999.0 -9999.0 -9999.0 -9999.0 -9999.0 -9999.0 -9999.0 -9999.0 -9999.0 -9999.0 -9999.0 -9999.0 -9999.0 -9999.0 -9999.0 -9999.0 -9999.0 -9999.0 -9999.0 -9999.0 -9999.0 -9999.0 -9999.0 -9999.0 -9999.0 -9999.0 -9999.0 -9999.0 -9999.0 -9999.0 -9999.0 -9999.0 -9999.0 -9999.0 -9999.0 -9999.0 -9999.0 -9999.0 -9999.0 -9999.0 -9999.0 -9999.0 -9999.0 -9999.0 -9999.0 -9999.0 -9999.0 -9999.0 -9999.0 -9999.0 -9999.0 -9999.0 -9999.0 -9999.0 -9999.0 -9999.0 -9999.0 -9999.0 -9999.0 -9999.0 -9999.0 -9999.0 -9999.0 -9999.0 -9999.0 -9999.0 -9999.0 -9999.0
-9999.0 -9999.0 -9999.0 -9999.0 -9999.0 -9999.0 -9999.0 -9999.0 -9999.0 -9999.0 -9999.0 -9999.0 -9999.0 -9999.0 -9999.0 -9999.0 -9999.0 -9999.0 -9999.0 -9999.0 138.583846 141.649011 119.450729 85.974634 58.247374 60.891592 96.505668 138.559567 177.641852 188.942501 171.706129 174.196088 170.087657 170.524424 174.267164 181.224617 184.971450 197.170299 206.657607 207.418237 202.172992 197.331815 197.205333 200.874373 205.775403 195.522657 208.338498 222.848024 227.841282 221.027044 191.742591 174.239780 164.381563 148.317321 171.680425 183.076808 205.272495 208.860119 206.788261 179.083589 148.555959 -9999.0 -9999.0 -9999.0 -9999.0 -9999.0 -9999.0 -9999.0 -9999.0 -9999.0 -9999.0 -9999.0 -9999.0 -9999.0 -9999.0 -9999.0 -9999.0 -9999.0 -9999.0 -9999.0
-9999.0 -9999.0 -9999.0 -9999.0 -9999.0 -9999.0 -9999.0 -9999.0 -9999.0 -9999.0 -9999.0 -9999.0 -9999.0 -9999.0 46.796737 37.111251 34.617234 43.656116 77.942213 108.481942 121.151190 114.039141 114.565260 91.693739 72.185594 87.180959 117.791664 150.751507 186.834461 208.935283 197.726115 196.165363 207.785357 236.529342 252.502628 250.926198 230.657235 254.671825 272.747829 284.151268 285.231429 277.935173 293.250049 310.080372 302.923051 284.035261 286.200546 296.599210 308.899838 291.208324 222.737372 199.120050 193.325796 184.678224 169.307173 161.356069 185.270650 185.092758 175.923844 157.071505 123.975969 79.495694 60.930964 98.917931 142.746429 200.300145 -9999.0 -9999.0 -9999.0 -9999.0 -9999.0 -9999.0 -9999.0 -9999.0 -9999.0 -9999.0 -9999.0 -9999.0 -9999.0 -9999.0
-9999.0 -9999.0 -9999.0 -9999.0 -9999.0 -9999.0 -9999.0 -9999.0 -9999.0 -11.620047 -7.450837 0.101625 2.521365 18.627261 17.089265 24.640441 33.008723 60.193982 92.185151 128.323308 158.226096 149.640615 151.260224 164.286343 171.847710 186.511405 210.148139 254.217715 300.049178 345.612822 318.980135 318.473862 340.408057 393.788931 434.916759 445.784948 427.256411 434.332665 463.899005 492.738622 497.485776 498.310572 524.373394 538.352742 541.783277 520.546430 499.934459 495.326045 517.554377 461.331512 388.054931 328.634519 326.018942 290.625163 245.977706 220.727833 215.630753 235.554540 218.374904 178.950112 140.797986 129.561456 111.692697 127.331430 149.109471 195.363525 233.625485 261.820328 261.285819 243.377026 -9999.0 -9999.0 -9999.0 -9999.0 -9999.0 -9999.0 -9999.0 -9999.0 -9999.0 -9999.0
-9999.0 -9999.0 -9999.0 -9999.0 -9999.0 -9999.0 -90.877789 -81.652107 -61.457410 -55.802603 -30.695226 -22.576277 -1.316835 18.837709 40.672991 58.810870 91.055236 125.459527 169.006264 215.820799 251.543840 250.066862 263.647012 300.638473 347.156246 383.272801 413.115603 459.465485 542.737495 591.590630 605.829706 612.515619 622.910445 670.051373 733.536420 750.459760 731.460389 718.372819 739.938460 780.316563 798.958389 803.880863 813.230076 821.911785 846.805803 836.009598 786.486698 764.603043 756.590523 740.663625 681.685956 616.716510 573.998842 520.293452 431.948547 366.781447 364.345908 377.568207 342.364993 283.485847 236.691684 222.666774 205.243396 189.162319 192.963717 210.846629 232.691086 242.936316 229.324515 207.780950 184.108443 154.893799 156.347815 181.589600 -9999.0 -9999.0 -9999.0 -9999.0 -9999.0 -9999.0
-9999.0 -9999.0 -9999.0 -9999.0 -140.957123 -128.230693 -139.703434 -115.313078 -82.639495 -48.476578 -15.163161 23.453339 52.205463 83.859805 127.595519 168.224217 216.191916 256.013074 316.502962 392.969406 453.528121 486.243291 508.241545 571.885871 634.634782 687.774331 709.747819 739.631469 785.822314 854.995394 885.070878 891.672101 908.008708 939.268405 981.482999 1013.223551 998.059313 994.191422 1000.279841 1012.579435 1039.636680 1042.593522 1044.855480 1046.295872 1049.168008 1047.885238 1022.650537 988.522540 974.019987 963.918141 936.294576 870.154872 819.279445 786.003003 754.675801 703.595102 633.567526 609.938837 550.149114 488.995949 415.138905 383.638304 346.028501 314.847684 279.765392 276.651208 276.156554 253.316881 220.105459 186.695126 170.858594 151.645555 140.943665 170.677694 188.247046 219.044719 -9999.0 -9999.0 -9999.0 -9999.0
-9999.0 -9999.0 -199.748370 -149.960139 -93.504169 -84.323665 -81.820800 -75.565290 -47.029587 5.602179 86.039852 142.296935 191.028973 227.028156 292.875766 385.538336 472.451962 527.522724 589.044629 658.102699 721.766425 760.583457 787.560619 829.008906 879.281559 935.120728 959.421222 985.672165 1016.752330 1050.157250 1069.811812 1084.684076 1091.380967 1090.013026 1092.116760 1091.506082 1087.893004 1083.629594 1066.780785 1064.718026 1073.093775 1077.699085 1080.592947 1067.881626 1063.856891 1076.281060 1078.192484 1076.955362 1076.838811 1084.160532 1090.300892 1055.552016 1008.339203 992.421660 982.105322 940.297622 875.378124 824.788508 799.900296 757.307848 677.109971 621.019058 566.606098 511.302632 450.612152 409.523031 354.357625 306.352070 256.068953 207.989679 183.106124 163.938053 161.132765 161.211589 177.082214 192.517975 207.822093 215.589079 -9999.0 -9999.0
-9999.0 -299.913736 -227.158957 -99.540889 -19.521635 26.887924 67.019958 97.416220 126.347399 148.153762 262.894337 375.678647 475.907021 514.440243 570.587476 672.142409 773.791723 819.007372 852.523678 902.139883 958.185382 1003.068197 1032.719606 1056.723054 1086.447552 1091.206566 1091.729757 1093.168667 1087.764879 1080.670952 1071.514900 1078.227267 1074.904086 1056.968540 1041.102160 1037.228070 1029.473382 1006.410770 979.437720 966.121939 970.159454 992.061151 981.423075 961.378509 957.679596 977.830540 994.975543 986.368145 974.290225 992.714454 1027.003642 1048.576355 1062.435359 1077.538477 1097.719707 1073.864165 1041.758325 999.922605 979.118925 950.320933 886.326647 822.294739 766.686436 702.692996 633.765914 560.913156 491.960248 423.479926 349.638534 304.765729 270.577860 217.107687 193.177147 193.742424 183.966968 180.910609 187.077922 193.390339 -9999.0 -9999.0
-9999.0 -373.909629 -230.396812 -44.016427 105.432032 171.313615 290.837683 383.114253 419.421220 399.219894 517.066131 744.506421 833.865022 849.070051 914.767939 994.757183 1028.341525 1057.817762 1076.566769 1077.542343 1079.125430 1085.696473 1083.963105 1078.185333 1064.448657 1056.772243 1055.617770 1051.957722 1032.655450 1012.658445 995.047479 991.018153 972.539463 932.190842 896.973341 878.375443 859.254566 836.398748 802.261983 776.517907 763.925143 782.293683 773.357834 755.537592 751.703948 774.523846 806.841694 801.260456 806.787431 829.528581 872.026207 917.102058 941.187649 970.019484 1007.289149 1050.495450 1068.340013 1088.437269 1093.011684 1070.843802 1026.069851 976.024507 940.190948 870.957662 794.437359 712.294743 646.125769 582.815739 511.853936 461.521524 409.327962 347.194951 286.679551 257.004488 215.613444 193.845137 -9999.0 -9999.0 -9999.0 -9999.0
-9999.0 -443.259421 -252.070596 13.302246 282.270507 416.203021 618.897988 754.369838 825.818691 882.644353 904.606010 1024.145934 1052.153764 1045.010582 1033.341405 1034.954316 1049.259424 1052.859158 1048.579384 1037.341066 1026.971122 1021.897533 1019.985455 1014.150208 1002.184569 987.146704 973.890975 958.940393 914.450783 878.861396 845.165465 829.852405 793.421021 703.235218 658.374343 623.950526 568.778621 558.936763 547.740808 518.168744 498.752476 481.961537 500.929833 501.978352 503.174077 510.201695 530.434962 551.629445 594.667291 631.473829 677.308589 731.822177 767.121108 811.241935 861.126461 923.215661 956.264064 985.752118 1030.648037 1071.598901 1093.842104 1084.049295 1053.525722 1007.656598 935.427135 859.050601 803.355790 726.033567 659.047762 607.500530 565.526119 516.610757 448.951829 352.311114 305.743721 -9999.0 -9999.0 -9999.0 -9999.0 -9999.0
-9999.0 -604.694903 -336.076783 -39.725533 293.174163 616.938653 733.638346 885.092070 960.035519 908.981656 897.654444 926.599750 965.727116 974.365644 954.446086 946.099153 937.623308 937.370654 948.269098 917.359371 883.471101 868.908865 867.876062 856.321980 833.791195 816.093383 802.473573 781.025022 729.913930 678.762490 600.659407 573.108206 497.763098 429.571772 377.544117 324.577443 270.209189 266.598030 281.426091 264.307210 241.255682 222.246241 248.147613 264.390507 275.919974 266.347876 276.408009 313.394169 365.747404 413.998533 470.347552 530.386795 579.681336 630.869650 666.843056 722.110330 770.381755 817.629873 892.406647 974.543541 1009.955236 1044.340554 1078.428069 1091.400264 1039.585364 983.692042 924.675967 849.136916 754.848459 707.880196 687.821070 658.867558 608.474406 -9999.0 -9999.0 -9999.0 -9999.0 -9999.0 -9999.0 -9999.0
-9999.0 -737.206199 -507.875271 -262.954973 36.182282 279.508746 467.740323 586.036518 672.654627 675.910383 693.454177 726.011641 758.278075 781.012505 758.546670 721.072348 693.582643 696.641052 693.572704 666.794650 635.369239 619.782545 617.903499 610.478853 584.932239 568.432494 555.864555 531.063633 491.954832 431.255202 343.197340 270.035537 205.408091 167.723991 135.128389 100.366199 61.190376 70.934413 84.631490 79.854103 67.573155 63.271017 92.791783 111.392263 121.570416 108.988032 127.972790 155.656332 198.824435 243.047168 294.388688 353.044573 411.451743 446.958909 467.397870 501.177176 546.605015 605.393213 693.723474 790.331444 865.788502 918.153367 969.046470 998.092169 1008.884363 1019.591012 991.110858 896.753912 755.625630 747.585852 750.929308 -9999.0 -9999.0 -9999.0 -9999.0 -9999.0 -9999.0 -9999.0 -9999.0 -9999.0
-9999.0 -9999.0 -745.032685 -556.812180 -400.576078 -213.809563 -60.593304 49.578615 130.149922 225.142188 320.477336 402.364682 447.737367 465.949601 448.181539 406.695595 379.231156 378.196471 367.539209 352.432321 327.297674 317.257800 306.812176 298.273088 284.871868 276.871580 270.279989 257.430680 232.581358 182.899959 128.333630 74.534843 18.967592 -7.348581 -30.162202 -53.226014 -56.796923 -59.197259 -52.714534 -51.588820 -46.083602 -34.261364 -13.586612 7.899400 17.414651 24.849687 37.552419 61.507374 95.144616 137.154172 191.006299 248.804682 289.457556 303.750678 296.426385 305.133916 331.017675 381.829399 476.743944 570.022125 665.000343 736.528046 807.066855 854.895054 867.552678 880.801041 895.056550 810.470595 502.671645 671.839154 -9999.0 -9999.0 -9999.0 -9999.0 -9999.0 -9999.0 -9999.0 -9999.0 -9999.0 -9999.0
-9999.0 -9999.0 -9999.0 -9999.0 -700.966411 -543.039641 -447.781409 -363.886236 -240.552932 -129.293731 -35.055789 43.596020 99.140471 123.738794 113.593944 109.170372 100.853338 96.300565 87.080606 81.838693 76.452831 68.284570 56.140040 48.264107 47.395917 50.656753 48.010826 34.223191 17.206895 -10.015337 -34.234528 -69.984777 -107.380851 -136.926488 -150.265947 -157.189088 -157.158743 -162.960853 -153.600493 -147.129024 -132.235797 -116.829650 -92.831586 -64.400107 -51.611601 -37.292613 -27.480903 -6.536839 23.743189 76.833994 139.616433 196.360311 231.018916 235.005697 209.263174 193.922245 191.815150 222.426168 274.165001 350.734493 462.806995 543.245176 607.493313 653.823179 684.306125 724.918765 764.908682 780.754749 -9999.0 -9999.0 -9999.0 -9999.0 -9999.0 -9999.0 -9999.0 -9999.0 -9999.0 -9999.0 -9999.0 -9999.0
-9999.0 -9999.0 -9999.0 -9999.0 -9999.0 -9999.0 -755.193832 -658.678071 -571.658409 -446.316579 -329.588939 -235.741016 -160.125963 -133.813378 -114.912743 -92.088773 -96.382782 -113.649760 -130.700477 -114.096450 -104.116386 -109.342099 -137.287870 -138.764065 -135.243064 -126.276535 -127.827894 -134.215855 -159.309165 -151.041161 -152.497316 -175.860292 -202.173661 -216.679400 -228.393814 -218.543557 -217.844886 -230.540374 -228.383497 -202.203527 -182.403138 -168.964853 -146.517609 -113.368876 -81.362933 -66.959085 -65.909308 -59.623766 -18.210118 52.118501 122.594269 176.370439 207.420391 214.699373 186.027783 144.884978 123.502630 130.723773 166.741072 222.916304 304.516537 359.719713 395.098956 419.050215 447.519258 540.645469 -9999.0 -9999.0 -9999.0 -9999.0 -9999.0 -9999.0 -9999.0 -9999.0 -9999.0 -9999.0 -9999.0 -9999.0 -9999.0 -9999.0
-9999.0 -9999.0 -9999.0 -9999.0 -9999.0 -9999.0 -9999.0 -9999.0 -9999.0 -9999.0 -9999.0 -9999.0 -9999.0 -9999.0 -9999.0 -9999.0 -9999.0 -9999.0 -9999.0 -9999.0 -9999.0 -9999.0 -9999.0 -9999.0 -9999.0 -9999.0 -9999.0 -9999.0 -9999.0 -9999.0 -9999.0 -9999.0 -9999.0 -9999.0 -9999.0 -9999.0 -9999.0 -9999.0 -9999.0 -9999.0 -9999.0 -9999.0 -9999.0 -9999.0 -9999.0 -9999.0 -9999.0 -9999.0 -9999.0 -9999.0 -9999.0 -9999.0 -9999.0 -9999.0 -9999.0 -9999.0 -9999.0 -9999.0 -9999.0 -9999.0 -9999.0 -9999.0 -9999.0 -9999.0 -9999.0 -9999.0 -9999.0 -9999.0 -9999.0 -9999.0 -9999.0 -9999.0 -9999.0 -9999.0 -9999.0 -9999.0 -9999.0 -9999.0 -9999.0 -9999.0
-9999.0 -9999.0 -9999.0 -9999.0 -9999.0 -9999.0 -9999.0 -9999.0 -9999.0 -9999.0 -9999.0 -9999.0 -9999.0 -9999.0 -9999.0 -9999.0 -9999.0 -9999.0 -9999.0 -9999.0 -9999.0 -9999.0 -9999.0 -9999.0 -9999.0 -9999.0 -9999.0 -9999.0 -9999.0 -9999.0 -9999.0 -9999.0 -9999.0 -9999.0 -9999.0 -9999.0 -9999.0 -9999.0 -9999.0 -9999.0 -9999.0 -9999.0 -9999.0 -9999.0 -9999.0 -9999.0 -9999.0 -9999.0 -9999.0 -9999.0 -9999.0 -9999.0 -9999.0 -9999.0 -9999.0 -9999.0 -9999.0 -9999.0 -9999.0 -9999.0 -9999.0 -9999.0 -9999.0 -9999.0 -9999.0 -9999.0 -9999.0 -9999.0 -9999.0 -9999.0 -9999.0 -9999.0 -9999.0 -9999.0 -9999.0 -9999.0 -9999.0 -9999.0 -9999.0 -9999.0