Borden_/Borden1m_014/output_maps/psiliqL0024N0002.asc
ncols         80
nrows         18
xllcorner     620200.000000
yllcorner     5168000.000000
cellsize      1.000000
NODATA_value  -9999.0
-9999.0 -9999.0 -9999.0 -9999.0 -9999.0 -9999.0 -9999.0 -9999.0 -9999.0 -9999.0 -9999.0 -9999.0 -9999.0 -9999.0 -9999.0 -9999.0 -9999.0 -9999.0 -9999.0 -9999.0 -9999.0 -9999.0 -9999.0 -9999.0 -9999.0 -9999.0 -9999.0 -9999.0 -9999.0 -9999.0 -9999.0 -9999.0 -9999.0 -9999.0 -9999.0 -9999.0 -9999.0 -9999.0 -9999.0 -9999.0 -9999.0 -9999.0 -9999.0 -9999.0 -9999.0 -9999.0 -9999.0 -9999.0 -9999.0 -9999.0 -9999.0 -9999.0 -9999.0 -9999.0 -9999.0 -9999.0 -9999.0 -9999.0 -9999.0 -9999.0 -9999.0 -9999.0 -9999.0 -9999.0 -9999.0 -9999.0 -9999.0 -9999.0 -9999.0 -9999.0 -9999.0 -9999.0 -9999.0 -9999.0 -9999.0 -9999.0 -9999.0 -9999.0 -9999.0 -9999.0
-9999.0 -9999.0 -9999.0 -9999.0 -9999.0 -9999.0 -9999.0 -9999.0 -9999.0 -9999.0 -9999.0 -9999.0 -9999.0 -9999.0 -9999.0 -9999.0 -9999.0 -9999.0 -9999.0 -9999.0 -9999.0 -9999.0 -9999.0 -9999.0 -9999.0 -9999.0 -9999.0 -9999.0 -9999.0 -9999.0 -9999.0 -9999.0 -9999.0 -9999.0 -9999.0 -9999.0 -9999.0 -9999.0 -9999.0 -9999.0 -9999.0 -9999.0 -9999.0 -9999.0 -9999.0 -9999.0 -9999.0 -9999.0 -9999.0 -9999.0 -9999.0 -9999.0 -9999.0 -9999.0 -9999.0 -9999.0 -9999.0 -9999.0 -9999.0 -9999.0 -9999.0 -9999.0 -9999.0 -9999.0 -9999.0 -9999.0 -9999.0 -9999.0 -9999.0 -9999.0 -9999.0 -9999.0 -9999.0 -9999.0 -9999.0 -9999.0 -9999.0 -9999.0 -9999.0 -9999.0
-9999.0 -9999.0 -9999.0 -9999.0 -9999.0 -9999.0 -9999.0 -9999.0 -9999.0 -9999.0 -9999.0 -9999.0 -9999.0 -9999.0 -9999.0 -9999.0 -9999.0 -9999.0 -9999.0 -9999.0 2925.308602 2926.412028 2904.495320 2870.233261 2841.758812 2843.295818 2876.053409 2916.290900 2954.537132 2961.874968 2942.605171 2945.846304 2941.047624 2936.714327 2936.938828 2944.247219 2950.264590 2959.953728 2966.859439 2964.597138 2957.241745 2952.056300 2954.130253 2955.868500 2961.989132 2948.197855 2963.973815 2980.055236 2985.085890 2982.355902 2958.740532 2946.749545 2939.124164 2924.055891 2950.721856 2962.803791 2986.461302 2991.376241 2989.806191 2963.423592 2933.603042 -9999.0 -9999.0 -9999.0 -9999.0 -9999.0 -9999.0 -9999.0 -9999.0 -9999.0 -9999.0 -9999.0 -9999.0 -9999.0 -9999.0 -9999.0 -9999.0 -9999.0 -9999.0 -9999.0
-9999.0 -9999.0 -9999.0 -9999.0 -9999.0 -9999.0 -9999.0 -9999.0 -9999.0 -9999.0 -9999.0 -9999.0 -9999.0 -9999.0 2835.695947 2826.616251 2823.434344 2830.492505 2862.696048 2892.563774 2904.176755 2896.436632 2895.942215 2870.985421 2848.017385 2860.278115 2889.075502 2918.979263 2951.758520 2968.829420 2957.236046 2954.231292 2961.103712 2980.752828 2988.984970 2985.188519 2967.306550 2990.929539 3004.131584 3008.739627 3006.633705 2996.768590 3005.881265 3019.939819 3012.912442 2997.605542 3007.977807 3022.796552 3034.117567 3025.732580 2967.884215 2955.555798 2953.005194 2949.359431 2936.934032 2933.375954 2961.863945 2962.143995 2955.379266 2938.650022 2905.955681 2861.215277 2842.925564 2883.802387 2927.998181 2984.841850 -9999.0 -9999.0 -9999.0 -9999.0 -9999.0 -9999.0 -9999.0 -9999.0 -9999.0 -9999.0 -9999.0 -9999.0 -9999.0 -9999.0
-9999.0 -9999.0 -9999.0 -9999.0 -9999.0 -9999.0 -9999.0 -9999.0 -9999.0 2782.101807 2784.328958 2790.965059 2792.978232 2807.758830 2804.369051 2810.849708 2814.740683 2841.252628 2870.243660 2903.243323 2929.793914 2919.938821 2918.224950 2922.298901 2917.281132 2924.881195 2944.544047 2980.593124 3012.001150 3047.062502 3013.618901 3008.571868 3025.749370 3067.188418 3091.024817 3093.281789 3074.571786 3089.886513 3113.150225 3129.181965 3125.647060 3119.823626 3145.259547 3160.075620 3154.979327 3133.988521 3131.632661 3138.546296 3167.569115 3117.651344 3052.844523 3013.966670 3029.199606 3007.967113 2981.478090 2970.292162 2971.309801 2992.483820 2981.150361 2947.764692 2914.922548 2904.109986 2888.035076 2909.274690 2933.136295 2980.164165 3020.356987 3050.480205 3050.437425 3033.493918 -9999.0 -9999.0 -9999.0 -9999.0 -9999.0 -9999.0 -9999.0 -9999.0 -9999.0 -9999.0
-9999.0 -9999.0 -9999.0 -9999.0 -9999.0 -9999.0 2703.118819 2713.734191 2734.730772 2737.848864 2764.437496 2770.051573 2782.588494 2799.337274 2820.273849 2832.720938 2857.412869 2886.643497 2922.198562 2959.437457 2986.343212 2974.839810 2979.742659 2999.583754 3026.881239 3046.164746 3068.071717 3104.905784 3176.222371 3212.130343 3205.989389 3206.858378 3214.954249 3264.655547 3328.205079 3339.499328 3318.962752 3305.675629 3328.533292 3365.316765 3364.039077 3362.888481 3375.318192 3385.812098 3412.495016 3402.144094 3366.351035 3360.190104 3365.957805 3344.603025 3277.555374 3220.479055 3200.787986 3155.093358 3073.448021 3030.219530 3052.418601 3079.835071 3058.240188 3009.409586 2977.161037 2972.114281 2961.612466 2954.913912 2967.526494 2990.860128 3015.436822 3029.677115 3018.332991 2998.026131 2976.615203 2948.761025 2951.596499 2976.799464 -9999.0 -9999.0 -9999.0 -9999.0 -9999.0 -9999.0
-9999.0 -9999.0 -9999.0 -9999.0 2653.239650 2666.219060 2652.042835 2678.433907 2710.981998 2745.055871 2773.197985 2796.723916 2819.273043 2845.252463 2878.120977 2900.512656 2932.438306 2961.358381 3007.891461 3068.581232 3112.466988 3126.113477 3134.311425 3184.967854 3240.802956 3287.765943 3306.102056 3331.403284 3375.802440 3431.750447 3454.077042 3457.110358 3473.950239 3515.904289 3570.688256 3605.358621 3587.952262 3579.179451 3588.619240 3602.353905 3624.478963 3624.568223 3625.668025 3629.495354 3636.728497 3635.249689 3609.310976 3576.199677 3563.378683 3553.592313 3517.105885 3446.073557 3415.346798 3387.231062 3346.901212 3293.906700 3245.118830 3244.877640 3191.266507 3137.427348 3087.240540 3078.637784 3058.252807 3042.326773 3024.623977 3036.581453 3048.379753 3033.579075 3004.234581 2975.221169 2962.528518 2945.290757 2934.470142 2965.790579 2983.893197 3013.687529 -9999.0 -9999.0 -9999.0 -9999.0
-9999.0 -9999.0 2594.248764 2639.936066 2696.818094 2703.334674 2698.045904 2701.976963 2729.500334 2779.889413 2831.713118 2868.827825 2897.844366 2926.910199 2976.846101 3039.390835 3099.052055 3140.716603 3197.377230 3265.469183 3323.911218 3350.698892 3359.725396 3394.694561 3448.420897 3515.852066 3543.258879 3569.220026 3600.247411 3635.761741 3630.259958 3641.347918 3653.195780 3664.576715 3678.265679 3684.710312 3680.078717 3675.529098 3657.107519 3652.156326 3658.686155 3666.257060 3665.593786 3651.102340 3647.143580 3661.949810 3667.871935 3665.999120 3663.545757 3668.731417 3665.349942 3618.451431 3598.284753 3583.471821 3572.482705 3527.002427 3461.227865 3428.405861 3407.761094 3367.737314 3295.100058 3256.943156 3217.514321 3182.583789 3144.864735 3130.911701 3098.206883 3066.153617 3027.632932 2987.138979 2968.178362 2953.986018 2953.853721 2954.873213 2972.745426 2988.660569 3004.700227 3012.813249 -9999.0 -9999.0
-9999.0 2485.530772 2556.414215 2678.300412 2755.874758 2789.716475 2799.920905 2804.126582 2827.839530 2857.057535 2943.900412 2996.869025 3078.636824 3114.082232 3154.382152 3243.569862 3335.908339 3378.126465 3415.799169 3477.431318 3541.518352 3587.829754 3613.758997 3596.991653 3635.208725 3662.109174 3669.299294 3675.632557 3674.957264 3666.513784 3659.740265 3666.514441 3663.685736 3644.778033 3628.962014 3627.310198 3623.969097 3600.892232 3573.555472 3558.371026 3560.038769 3584.700058 3571.793385 3550.537213 3546.169059 3567.644822 3588.554101 3578.025149 3564.966093 3581.456006 3615.696603 3639.824003 3642.176692 3660.368651 3681.403734 3652.902244 3630.658470 3587.580696 3570.937176 3545.747060 3489.700518 3435.050213 3387.429612 3339.064938 3286.751763 3237.398587 3189.973260 3143.010136 3089.869354 3057.330062 3033.068069 2990.104320 2976.894379 2983.431325 2978.439596 2977.133901 2984.002312 2990.661015 -9999.0 -9999.0
-9999.0 2391.370491 2530.228823 2708.011176 2847.714382 2888.401091 2953.134069 3009.103097 3022.486725 2969.825997 3068.755700 3282.660141 3398.958828 3414.853156 3488.282633 3580.668703 3567.920622 3598.456093 3620.836900 3643.721439 3662.175401 3675.462953 3673.474918 3668.013368 3651.727269 3643.769318 3642.943707 3640.905584 3623.744319 3605.001790 3588.359622 3585.435478 3567.928595 3519.817832 3487.119683 3470.231530 3452.388047 3438.645080 3411.088842 3385.451568 3369.604426 3380.967200 3378.404417 3364.428357 3359.995268 3378.456309 3409.233954 3406.553205 3417.193856 3436.545873 3471.855262 3509.296235 3528.356028 3557.081849 3592.356705 3639.258487 3648.824301 3671.036607 3674.235436 3662.618912 3616.939518 3566.094460 3537.024756 3482.311701 3422.929209 3361.407984 3313.098262 3268.741627 3214.117571 3179.989256 3140.750083 3087.576931 3044.072083 3035.297932 3001.853416 2988.359397 -9999.0 -9999.0 -9999.0 -9999.0
-9999.0 2292.293431 2472.096375 2712.397061 2998.542381 3072.706581 3270.437085 3382.912156 3421.658590 3487.049959 3381.701497 3576.143237 3625.059691 3619.058228 3631.178023 3633.775655 3647.616817 3647.196768 3642.137997 3631.283330 3621.917341 3617.517126 3616.387205 3608.516935 3595.991398 3581.487636 3569.727733 3558.558855 3522.486693 3491.042811 3453.030588 3440.907465 3398.110428 3307.468431 3268.962771 3231.675568 3172.532550 3174.455433 3180.448334 3156.513005 3137.393323 3110.777749 3139.085462 3148.683092 3152.411461 3148.897979 3159.232205 3186.324913 3232.634168 3266.261697 3304.816578 3352.075195 3381.905704 3420.627955 3460.439610 3512.244158 3542.808170 3571.365463 3619.315847 3656.092193 3678.610567 3665.156470 3645.734817 3602.151741 3542.443369 3493.464432 3465.082080 3415.421987 3372.312574 3328.871976 3282.717918 3230.267848 3169.245832 3114.428201 3080.410355 -9999.0 -9999.0 -9999.0 -9999.0 -9999.0
-9999.0 2075.630270 2338.904054 2606.045722 2881.058415 3216.612265 3377.628303 3473.320380 3535.009837 3513.579154 3532.815576 3540.188205 3576.771130 3583.380045 3561.872387 3548.589650 3531.760961 3530.672755 3543.665798 3516.721807 3486.990989 3473.934747 3474.775714 3464.074160 3440.596581 3425.723969 3416.420403 3398.388671 3355.644876 3306.480335 3224.145868 3191.662457 3115.048794 3075.105155 3038.753976 2992.690171 2948.618547 2953.941386 2977.780601 2968.563395 2948.093634 2931.219829 2960.144887 2980.137292 2993.011504 2977.371040 2983.981061 3017.846418 3063.696117 3103.374723 3146.649158 3193.941305 3234.878687 3273.962818 3295.437007 3335.231120 3376.772320 3417.794649 3487.044476 3563.935066 3598.878475 3632.858864 3662.424311 3684.005482 3641.576828 3614.703005 3591.480574 3568.637376 3523.134341 3478.175721 3437.676440 3374.183709 3314.712358 -9999.0 -9999.0 -9999.0 -9999.0 -9999.0 -9999.0 -9999.0
-9999.0 1961.009515 2156.666319 2351.437202 2603.104646 2826.688713 3040.069107 3130.080327 3199.205205 3263.315937 3313.114929 3349.229664 3374.942765 3396.033442 3373.324706 3328.475014 3296.895946 3301.695556 3293.640005 3272.454287 3244.915169 3232.076088 3229.785163 3225.053799 3203.873606 3193.554119 3186.848967 3169.071756 3143.600099 3091.946579 3021.031823 2950.000526 2896.811412 2876.835834 2854.455673 2827.888978 2800.862581 2814.377160 2827.531760 2827.451538 2820.735415 2820.725696 2849.773618 2869.441005 2878.876174 2867.717246 2885.662927 2908.719093 2945.476394 2984.089698 3028.097132 3077.450391 3125.105772 3145.210650 3147.827521 3160.086376 3187.858702 3230.932224 3306.750850 3391.884653 3467.547187 3512.147195 3562.242241 3601.473034 3628.747425 3655.127075 3676.332082 3668.484587 3643.302473 3610.434055 3552.778942 -9999.0 -9999.0 -9999.0 -9999.0 -9999.0 -9999.0 -9999.0 -9999.0 -9999.0
-9999.0 -9999.0 1929.125270 2083.136709 2182.785338 2344.028692 2484.344012 2590.350699 2690.391182 2811.366522 2929.197013 3019.362271 3064.323367 3079.644086 3065.525142 3036.432983 3018.707522 3018.442295 3007.168878 3000.489091 2985.741749 2980.517765 2969.498676 2962.545390 2958.248070 2957.635129 2955.774658 2948.182991 2931.936070 2891.274522 2854.190930 2810.370673 2776.183030 2754.292209 2735.867270 2718.474977 2722.001018 2717.440323 2723.136235 2726.139565 2735.613457 2749.712702 2769.220813 2785.384517 2794.923916 2804.661983 2815.386030 2836.756855 2866.437533 2905.948848 2956.575096 3010.502640 3045.696393 3052.217654 3034.351511 3029.624829 3038.157152 3067.272386 3130.958153 3199.859102 3287.961171 3352.368511 3418.715152 3473.841463 3499.984462 3536.346896 3605.331820 3653.266631 3694.191168 3671.875401 -9999.0 -9999.0 -9999.0 -9999.0 -9999.0 -9999.0 -9999.0 -9999.0 -9999.0 -9999.0
-9999.0 -9999.0 -9999.0 -9999.0 1939.430939 2085.318061 2180.114625 2257.797953 2389.380435 2517.435648 2622.437437 2708.623930 2776.447463 2785.810645 2785.781703 2800.698208 2799.269744 2790.679583 2780.203170 2784.522912 2788.950483 2783.107271 2783.434976 2776.855249 2780.387547 2788.279391 2787.163630 2775.276131 2758.449552 2744.090697 2731.109709 2701.097421 2669.778478 2643.267766 2632.261219 2629.798635 2630.686720 2623.613254 2632.551357 2641.713390 2657.847781 2673.135764 2696.664586 2726.011297 2740.443971 2754.920836 2763.371104 2781.783460 2805.935920 2856.969061 2918.041372 2973.765163 3006.935594 3006.981561 2977.926868 2956.114582 2943.789038 2961.297160 2991.145933 3042.328717 3131.073750 3192.754787 3238.496249 3277.608909 3313.761311 3377.766632 3470.486238 3550.775992 -9999.0 -9999.0 -9999.0 -9999.0 -9999.0 -9999.0 -9999.0 -9999.0 -9999.0 -9999.0 -9999.0 -9999.0
-9999.0 -9999.0 -9999.0 -9999.0 -9999.0 -9999.0 1909.192507 2013.093088 2080.524395 2230.043491 2372.277872 2478.433097 2561.119525 2596.386281 2629.916422 2660.297350 2660.808837 2640.906936 2619.395296 2640.638114 2658.914331 2652.367266 2620.433752 2621.796037 2628.979430 2637.663505 2636.271760 2631.663276 2608.610317 2626.247475 2631.831841 2610.913953 2587.290232 2576.040010 2565.844981 2576.840101 2577.883607 2564.300781 2563.981748 2592.282743 2613.557245 2626.582975 2647.692873 2680.797548 2713.103409 2728.466877 2729.067277 2733.502769 2770.068541 2834.633983 2904.877986 2959.099507 2989.431303 2993.834276 2962.677154 2917.670257 2891.295385 2890.053592 2914.232511 2953.591172 3014.891977 3051.048537 3062.713675 3064.545967 3077.165780 3175.304149 -9999.0 -9999.0 -9999.0 -9999.0 -9999.0 -9999.0 -9999.0 -9999.0 -9999.0 -9999.0 -9999.0 -9999.0 -9999.0 -9999.0
-9999.0 -9999.0 -9999.0 -9999.0 -9999.0 -9999.0 -9999.0 -9999.0 -9999.0 -9999.0 -9999.0 -9999.0 -9999.0 -9999.0 -9999.0 -9999.0 -9999.0 -9999.0 -9999.0 -9999.0 -9999.0 -9999.0 -9999.0 -9999.0 -9999.0 -9999.0 -9999.0 -9999.0 -9999.0 -9999.0 -9999.0 -9999.0 -9999.0 -9999.0 -9999.0 -9999.0 -9999.0 -9999.0 -9999.0 -9999.0 -9999.0 -9999.0 -9999.0 -9999.0 -9999.0 -9999.0 -9999.0 -9999.0 -9999.0 -9999.0 -9999.0 -9999.0 -9999.0 -9999.0 -9999.0 -9999.0 -9999.0 -9999.0 -9999.0 -9999.0 -9999.0 -9999.0 -9999.0 -9999.0 -9999.0 -9999.0 -9999.0 -9999.0 -9999.0 -9999.0 -9999.0 -9999.0 -9999.0 -9999.0 -9999.0 -9999.0 -9999.0 -9999.0 -9999.0 -9999.0
-9999.0 -9999.0 -9999.0 -9999.0 -9999.0 -9999.0 -9999.0 -9999.0 -9999.0 -9999.0 -9999.0 -9999.0 -9999.0 -9999.0 -9999.0 -9999.0 -9999.0 -9999.0 -9999.0 -9999.0 -9999.0 -9999.0 -9999.0 -9999.0 -9999.0 -9999.0 -9999.0 -9999.0 -9999.0 -9999.0 -9999.0 -9999.0 -9999.0 -9999.0 -9999.0 -9999.0 -9999.0 -9999.0 -9999.0 -9999.0 -9999.0 -9999.0 -9999.0 -9999.0 -9999.0 -9999.0 -9999.0 -9999.0 -9999.0 -9999.0 -9999.0 -9999.0 -9999.0 -9999.0 -9999.0 -9999.0 -9999.0 -9999.0 -9999.0 -9999.0 -9999.0 -9999.0 -9999.0 -9999.0 -9999.0 -9999.0 -9999.0 -9999.0 -9999.0 -9999.0 -9999.0 -9999.0 -9999.0 -9999.0 -9999.0 -9999.0 -9999.0 -9999.0 -9999.0 -9999.0