Borden_/Borden1m_014/output_maps/psiliqL0028N0039.asc
ncols         80
nrows         18
xllcorner     620200.000000
yllcorner     5168000.000000
cellsize      1.000000
NODATA_value  -9999.0
-9999.0 -9999.0 -9999.0 -9999.0 -9999.0 -9999.0 -9999.0 -9999.0 -9999.0 -9999.0 -9999.0 -9999.0 -9999.0 -9999.0 -9999.0 -9999.0 -9999.0 -9999.0 -9999.0 -9999.0 -9999.0 -9999.0 -9999.0 -9999.0 -9999.0 -9999.0 -9999.0 -9999.0 -9999.0 -9999.0 -9999.0 -9999.0 -9999.0 -9999.0 -9999.0 -9999.0 -9999.0 -9999.0 -9999.0 -9999.0 -9999.0 -9999.0 -9999.0 -9999.0 -9999.0 -9999.0 -9999.0 -9999.0 -9999.0 -9999.0 -9999.0 -9999.0 -9999.0 -9999.0 -9999.0 -9999.0 -9999.0 -9999.0 -9999.0 -9999.0 -9999.0 -9999.0 -9999.0 -9999.0 -9999.0 -9999.0 -9999.0 -9999.0 -9999.0 -9999.0 -9999.0 -9999.0 -9999.0 -9999.0 -9999.0 -9999.0 -9999.0 -9999.0 -9999.0 -9999.0
-9999.0 -9999.0 -9999.0 -9999.0 -9999.0 -9999.0 -9999.0 -9999.0 -9999.0 -9999.0 -9999.0 -9999.0 -9999.0 -9999.0 -9999.0 -9999.0 -9999.0 -9999.0 -9999.0 -9999.0 -9999.0 -9999.0 -9999.0 -9999.0 -9999.0 -9999.0 -9999.0 -9999.0 -9999.0 -9999.0 -9999.0 -9999.0 -9999.0 -9999.0 -9999.0 -9999.0 -9999.0 -9999.0 -9999.0 -9999.0 -9999.0 -9999.0 -9999.0 -9999.0 -9999.0 -9999.0 -9999.0 -9999.0 -9999.0 -9999.0 -9999.0 -9999.0 -9999.0 -9999.0 -9999.0 -9999.0 -9999.0 -9999.0 -9999.0 -9999.0 -9999.0 -9999.0 -9999.0 -9999.0 -9999.0 -9999.0 -9999.0 -9999.0 -9999.0 -9999.0 -9999.0 -9999.0 -9999.0 -9999.0 -9999.0 -9999.0 -9999.0 -9999.0 -9999.0 -9999.0
-9999.0 -9999.0 -9999.0 -9999.0 -9999.0 -9999.0 -9999.0 -9999.0 -9999.0 -9999.0 -9999.0 -9999.0 -9999.0 -9999.0 -9999.0 -9999.0 -9999.0 -9999.0 -9999.0 -9999.0 3725.109750 3725.773340 3704.093856 3669.787266 3641.329763 3642.899445 3675.322727 3715.610949 3754.227186 3760.943290 3741.421726 3745.209401 3740.572969 3735.308399 3734.941017 3742.661098 3749.548822 3758.881698 3765.494405 3762.796577 3755.172282 3750.135267 3753.082503 3754.423098 3760.838141 3745.747734 3762.094858 3778.572144 3783.209216 3780.895738 3757.736847 3746.475941 3738.789348 3723.375324 3750.483688 3762.329716 3786.137233 3791.063458 3789.257581 3762.822884 3732.938359 -9999.0 -9999.0 -9999.0 -9999.0 -9999.0 -9999.0 -9999.0 -9999.0 -9999.0 -9999.0 -9999.0 -9999.0 -9999.0 -9999.0 -9999.0 -9999.0 -9999.0 -9999.0 -9999.0
-9999.0 -9999.0 -9999.0 -9999.0 -9999.0 -9999.0 -9999.0 -9999.0 -9999.0 -9999.0 -9999.0 -9999.0 -9999.0 -9999.0 3635.222606 3626.477626 3623.365387 3630.204835 3662.214872 3692.239710 3703.674166 3695.982288 3695.495454 3670.276480 3646.712946 3658.714814 3687.659645 3717.531988 3750.335961 3766.835954 3755.601149 3752.633913 3758.776573 3776.991843 3783.897151 3779.935093 3762.535050 3786.863909 3799.522808 3803.106857 3800.806861 3790.669975 3798.603696 3812.266068 3805.130530 3790.203826 3802.205235 3817.782848 3828.298035 3821.186005 3764.214729 3753.662812 3750.960045 3747.734283 3735.217242 3732.173379 3761.457257 3761.394737 3754.780212 3738.111778 3705.075831 3659.991304 3641.425353 3682.837632 3726.906173 3783.457605 -9999.0 -9999.0 -9999.0 -9999.0 -9999.0 -9999.0 -9999.0 -9999.0 -9999.0 -9999.0 -9999.0 -9999.0 -9999.0 -9999.0
-9999.0 -9999.0 -9999.0 -9999.0 -9999.0 -9999.0 -9999.0 -9999.0 -9999.0 3578.030184 3584.049994 3590.695787 3592.904278 3607.623975 3603.910972 3610.429514 3613.494926 3640.367802 3669.130073 3701.907412 3728.146791 3718.495456 3716.500120 3718.841497 3711.153227 3717.759164 3737.527035 3773.307921 3802.816109 3836.925794 3802.336720 3796.736182 3813.736494 3853.755559 3874.719189 3875.482024 3856.585203 3874.871182 3898.084263 3912.569713 3908.586586 3901.946077 3928.271566 3943.870407 3936.186186 3914.101919 3914.877122 3923.748530 3953.766920 3903.021190 3836.937355 3800.954725 3819.121871 3799.677701 3776.134705 3767.065732 3768.821560 3789.751419 3779.008185 3746.069746 3713.759694 3702.347807 3686.140897 3708.437177 3732.433485 3779.381330 3819.890706 3850.211535 3849.883036 3832.867060 -9999.0 -9999.0 -9999.0 -9999.0 -9999.0 -9999.0 -9999.0 -9999.0 -9999.0 -9999.0
-9999.0 -9999.0 -9999.0 -9999.0 -9999.0 -9999.0 3499.660865 3510.140627 3530.677173 3532.599227 3558.900990 3563.386333 3581.438854 3597.772534 3619.078241 3630.682643 3654.190801 3683.021919 3717.582098 3753.637486 3779.903421 3766.720278 3771.041845 3788.060512 3812.114123 3828.805165 3850.885497 3888.411378 3960.497738 3996.321196 3986.204629 3986.308339 3994.319224 4045.077215 4109.149693 4119.218191 4098.423841 4085.711639 4110.291946 4148.454577 4145.427603 4144.108670 4158.162963 4169.428930 4196.387367 4184.760324 4148.888668 4144.988047 4153.335845 4128.858024 4057.790370 4001.438854 3985.158848 3938.096163 3854.019191 3813.412797 3840.760809 3870.691761 3850.562871 3801.994804 3771.371570 3767.249986 3757.334296 3752.091934 3766.158781 3790.232254 3814.810405 3829.440551 3818.034084 3797.502306 3776.270537 3748.438596 3751.420358 3776.481035 -9999.0 -9999.0 -9999.0 -9999.0 -9999.0 -9999.0
-9999.0 -9999.0 -9999.0 -9999.0 3450.582957 3463.138281 3447.429263 3473.344045 3504.621238 3537.522939 3563.652233 3593.811521 3615.628431 3641.092195 3672.262270 3691.354063 3721.135543 3749.339853 3794.976898 3854.667361 3897.597988 3909.066894 3916.679502 3966.942823 4022.785132 4069.092271 4087.780431 4114.041877 4161.478841 4218.359788 4240.244630 4242.497086 4259.474374 4304.619040 4363.022246 4398.757306 4380.756795 4371.357807 4382.416021 4397.556762 4419.721836 4419.755559 4420.902499 4425.512872 4433.813287 4431.618862 4404.061936 4370.189378 4357.066618 4346.503574 4306.190157 4232.753239 4203.639504 4173.752337 4128.109642 4072.687572 4028.445790 4032.481288 3977.313012 3921.705192 3873.667151 3868.145369 3849.609996 3835.233886 3819.858920 3833.935137 3847.325069 3833.141800 3803.548315 3774.795606 3762.335163 3745.176086 3733.972067 3765.509155 3783.588227 3812.991665 -9999.0 -9999.0 -9999.0 -9999.0
-9999.0 -9999.0 3392.224564 3436.490046 3493.000587 3497.974467 3489.204000 3490.742202 3515.919990 3563.828154 3623.229797 3657.255801 3683.113744 3712.515396 3761.341347 3820.071418 3878.138728 3920.230578 3978.767460 4048.724421 4107.905308 4134.163254 4142.368577 4178.463730 4234.259021 4305.657619 4334.532472 4361.693884 4394.581234 4432.441060 4420.475309 4430.555729 4443.816468 4458.615030 4475.466855 4483.606755 4478.371802 4473.686881 4454.905998 4449.390428 4455.807449 4464.502581 4463.001748 4448.050507 4444.059154 4459.344672 4466.044659 4463.648197 4460.246433 4464.711168 4458.510931 4407.938886 4394.232391 4378.391152 4365.619665 4318.465522 4250.456148 4218.999880 4196.427984 4154.183973 4080.144195 4044.441224 4006.030128 3972.629705 3936.579119 3925.581768 3894.779945 3863.637058 3825.721603 3785.590053 3767.149589 3753.574480 3753.621741 3754.460556 3772.580196 3788.400186 3804.468502 3812.590345 -9999.0 -9999.0
-9999.0 3281.201160 3351.480297 3471.374792 3547.825808 3582.302021 3585.694981 3584.451577 3608.634194 3641.956647 3725.155300 3767.896188 3850.374948 3888.879254 3928.431869 4018.361632 4114.463925 4158.895003 4199.181594 4265.361825 4333.150868 4381.212281 4408.037792 4380.912014 4422.154080 4455.598245 4464.946335 4472.867961 4473.826467 4465.218136 4459.120845 4465.637429 4462.458180 4442.824832 4426.320396 4424.401541 4420.896079 4397.181891 4369.341234 4353.407133 4354.348283 4379.811868 4366.321288 4344.749957 4340.255029 4362.222248 4384.341602 4373.386206 4360.099660 4376.819261 4411.997416 4438.064827 4437.511394 4456.526334 4477.755254 4447.940626 4427.870443 4382.869018 4365.560185 4339.816204 4281.817553 4226.884139 4178.330029 4130.071104 4078.233191 4030.594224 3983.438552 3936.593055 3884.119220 3851.801884 3828.218568 3786.648908 3775.294221 3782.574252 3778.293449 3777.050659 3783.807937 3790.445882 -9999.0 -9999.0
-9999.0 3181.213936 3318.731863 3493.883038 3634.566212 3671.250254 3725.011654 3776.632812 3788.414384 3728.679446 3830.074431 4048.996625 4177.061144 4196.172760 4273.926284 4372.089949 4348.679733 4380.984543 4405.174728 4434.650950 4458.274982 4473.861531 4472.468760 4467.669424 4450.889775 4442.817380 4441.859339 4439.649278 4421.903171 4402.635005 4385.596481 4382.115603 4363.559080 4312.309690 4278.430413 4260.207262 4239.741514 4226.779479 4200.034232 4173.648825 4156.333509 4165.450767 4164.745816 4151.954191 4147.557405 4165.198150 4196.170124 4195.159005 4208.380304 4228.288647 4263.856376 4302.883176 4322.369545 4351.921196 4387.945757 4437.278695 4445.022108 4467.733368 4470.326827 4461.355095 4413.710674 4361.340491 4331.587814 4275.544881 4215.903418 4154.133718 4104.827168 4060.050715 4004.580673 3971.170678 3932.616925 3879.289297 3838.058308 3832.696568 3800.100340 3788.127532 -9999.0 -9999.0 -9999.0 -9999.0
-9999.0 3073.981885 3250.206178 3483.613434 3780.599713 3845.294159 4048.717488 4163.207993 4201.016276 4270.009825 4133.543857 4354.125452 4411.627833 4407.843491 4427.965301 4431.879358 4446.688970 4445.780690 4440.681191 4429.474800 4419.623469 4414.847805 4413.873783 4405.909116 4393.165026 4378.410207 4366.330335 4354.577100 4317.251131 4284.739820 4244.058378 4231.155156 4184.451058 4091.587092 4052.957184 4013.098248 3950.537092 3954.015464 3963.635677 3940.098103 3920.118960 3890.158852 3921.376916 3933.599532 3938.340877 3932.445340 3941.010152 3971.279801 4020.622708 4055.457940 4094.319456 4142.667017 4173.595097 4212.986523 4252.507246 4305.182479 4336.943152 4366.125579 4416.082166 4453.341862 4476.298874 4461.563941 4444.002477 4398.053607 4337.328199 4287.707373 4258.186079 4206.962918 4163.189048 4119.865221 4073.441644 4020.755601 3959.253331 3909.896637 3876.765381 -9999.0 -9999.0 -9999.0 -9999.0 -9999.0
-9999.0 2843.678019 3103.412261 3362.037386 3627.364473 3974.065198 4156.706989 4248.262059 4312.882654 4300.489783 4328.252598 4333.426793 4371.033909 4378.996441 4357.717014 4343.243947 4324.747805 4323.657930 4336.799293 4309.033945 4278.228123 4264.579830 4265.552266 4254.877040 4230.653291 4215.810948 4206.609202 4187.713509 4144.546426 4093.606573 4008.259936 3971.884477 3891.581087 3855.768152 3820.414031 3773.631670 3730.095966 3736.879481 3762.954402 3754.978328 3734.610590 3718.008481 3748.029313 3769.634560 3783.192807 3766.161448 3772.549944 3806.937451 3853.238328 3893.579047 3937.075757 3984.840050 4027.009710 4065.631133 4085.403580 4123.719580 4166.042560 4207.887941 4278.608463 4358.381230 4395.269951 4430.522196 4458.687779 4480.919458 4437.600818 4411.948780 4387.753494 4363.719905 4316.905458 4271.171780 4230.590547 4164.970121 4105.404155 -9999.0 -9999.0 -9999.0 -9999.0 -9999.0 -9999.0 -9999.0
-9999.0 2741.402378 2920.737531 3098.615049 3336.576778 3564.646802 3794.414635 3884.461003 3955.597527 4035.364355 4093.930254 4133.369079 4159.177181 4181.184940 4158.741054 4111.503746 4078.671546 4083.864894 4073.972297 4053.497233 4026.099819 4013.500915 4010.653869 4006.221738 3985.513286 3975.893411 3969.581067 3951.963800 3927.661200 3874.897586 3804.755413 3731.068752 3678.737842 3661.896399 3640.951284 3615.582909 3591.141510 3605.267731 3618.001156 3618.978641 3613.622845 3614.743609 3643.779893 3663.925753 3673.324884 3662.772653 3680.842657 3703.295575 3739.363122 3778.156484 3822.327383 3871.933506 3919.936462 3938.938450 3939.443497 3948.963203 3975.306648 4017.779855 4093.715145 4180.031249 4259.483035 4305.703558 4357.040671 4397.750572 4426.767407 4450.063917 4473.702758 4467.712203 4440.974803 4407.142566 4347.363359 -9999.0 -9999.0 -9999.0 -9999.0 -9999.0 -9999.0 -9999.0 -9999.0 -9999.0
-9999.0 -9999.0 2704.925230 2840.564800 2924.990107 3074.398521 3209.623599 3313.866808 3417.417254 3565.286134 3691.877867 3788.169915 3835.688548 3851.484740 3838.106338 3811.056657 3794.934136 3794.446372 3782.384675 3777.192217 3764.324588 3759.746034 3747.668856 3740.616363 3738.218272 3739.001302 3737.709658 3730.554514 3715.321187 3675.471076 3641.676099 3599.357282 3555.186812 3535.171525 3518.719176 3503.631569 3509.755576 3505.137357 3511.068485 3514.736695 3525.424343 3540.258257 3559.524571 3582.502053 3592.174035 3602.727222 3613.142827 3634.178598 3663.322378 3702.947825 3753.782710 3808.188865 3843.530931 3849.467653 3830.098514 3823.435853 3829.619697 3856.561184 3917.418944 3985.319459 4076.020950 4142.195887 4209.335689 4265.968926 4293.113563 4329.515465 4400.993724 4449.114144 4493.124712 4470.635476 -9999.0 -9999.0 -9999.0 -9999.0 -9999.0 -9999.0 -9999.0 -9999.0 -9999.0 -9999.0
-9999.0 -9999.0 -9999.0 -9999.0 2712.176994 2840.192625 2935.124866 3003.594533 3136.321952 3265.927138 3371.749704 3459.829313 3530.829447 3557.169461 3560.103803 3580.269567 3580.507218 3570.560465 3559.466711 3566.201446 3573.066488 3567.548910 3550.397778 3545.226914 3550.974058 3560.941419 3560.801692 3549.809337 3533.514518 3523.472625 3514.432352 3486.663857 3457.270959 3432.215504 3422.453710 3421.786340 3423.351701 3416.254847 3425.329660 3435.383647 3451.961310 3467.295384 3490.805110 3520.766652 3535.759576 3550.319971 3558.388049 3576.074846 3604.132943 3655.121097 3716.392788 3772.670082 3806.403152 3806.181564 3776.837084 3754.102676 3740.180472 3756.054186 3783.236061 3831.926810 3920.428310 3982.234787 4026.093478 4063.680526 4099.989279 4166.284903 4262.866997 4345.203910 -9999.0 -9999.0 -9999.0 -9999.0 -9999.0 -9999.0 -9999.0 -9999.0 -9999.0 -9999.0 -9999.0 -9999.0
-9999.0 -9999.0 -9999.0 -9999.0 -9999.0 -9999.0 2693.886710 2801.236397 2841.588837 2988.786198 3137.561773 3244.264213 3328.347427 3365.749939 3401.947845 3433.748439 3435.235662 3414.537160 3392.021208 3415.196743 3436.617127 3430.477205 3397.723163 3400.674203 3409.668568 3418.935249 3418.132059 3414.525475 3392.597105 3413.622795 3421.943234 3402.333009 3379.987465 3370.498463 3361.138911 3372.848488 3374.288915 3360.651008 3359.761309 3388.612274 3410.382978 3423.357580 3444.174054 3477.393498 3509.863584 3525.534084 3526.000534 3529.895407 3565.201761 3632.654759 3703.375820 3758.345302 3789.177123 3793.379589 3761.970758 3716.450219 3689.492440 3687.122306 3709.873546 3747.269491 3807.020210 3841.908062 3850.373964 3848.442273 3858.530640 3959.692741 -9999.0 -9999.0 -9999.0 -9999.0 -9999.0 -9999.0 -9999.0 -9999.0 -9999.0 -9999.0 -9999.0 -9999.0 -9999.0 -9999.0
-9999.0 -9999.0 -9999.0 -9999.0 -9999.0 -9999.0 -9999.0 -9999.0 -9999.0 -9999.0 -9999.0 -9999.0 -9999.0 -9999.0 -9999.0 -9999.0 -9999.0 -9999.0 -9999.0 -9999.0 -9999.0 -9999.0 -9999.0 -9999.0 -9999.0 -9999.0 -9999.0 -9999.0 -9999.0 -9999.0 -9999.0 -9999.0 -9999.0 -9999.0 -9999.0 -9999.0 -9999.0 -9999.0 -9999.0 -9999.0 -9999.0 -9999.0 -9999.0 -9999.0 -9999.0 -9999.0 -9999.0 -9999.0 -9999.0 -9999.0 -9999.0 -9999.0 -9999.0 -9999.0 -9999.0 -9999.0 -9999.0 -9999.0 -9999.0 -9999.0 -9999.0 -9999.0 -9999.0 -9999.0 -9999.0 -9999.0 -9999.0 -9999.0 -9999.0 -9999.0 -9999.0 -9999.0 -9999.0 -9999.0 -9999.0 -9999.0 -9999.0 -9999.0 -9999.0 -9999.0
-9999.0 -9999.0 -9999.0 -9999.0 -9999.0 -9999.0 -9999.0 -9999.0 -9999.0 -9999.0 -9999.0 -9999.0 -9999.0 -9999.0 -9999.0 -9999.0 -9999.0 -9999.0 -9999.0 -9999.0 -9999.0 -9999.0 -9999.0 -9999.0 -9999.0 -9999.0 -9999.0 -9999.0 -9999.0 -9999.0 -9999.0 -9999.0 -9999.0 -9999.0 -9999.0 -9999.0 -9999.0 -9999.0 -9999.0 -9999.0 -9999.0 -9999.0 -9999.0 -9999.0 -9999.0 -9999.0 -9999.0 -9999.0 -9999.0 -9999.0 -9999.0 -9999.0 -9999.0 -9999.0 -9999.0 -9999.0 -9999.0 -9999.0 -9999.0 -9999.0 -9999.0 -9999.0 -9999.0 -9999.0 -9999.0 -9999.0 -9999.0 -9999.0 -9999.0 -9999.0 -9999.0 -9999.0 -9999.0 -9999.0 -9999.0 -9999.0 -9999.0 -9999.0 -9999.0 -9999.0