Borden_/Borden1m_014/output_maps/psiliqL0007N0038.asc
ncols         80
nrows         18
xllcorner     620200.000000
yllcorner     5168000.000000
cellsize      1.000000
NODATA_value  -9999.0
-9999.0 -9999.0 -9999.0 -9999.0 -9999.0 -9999.0 -9999.0 -9999.0 -9999.0 -9999.0 -9999.0 -9999.0 -9999.0 -9999.0 -9999.0 -9999.0 -9999.0 -9999.0 -9999.0 -9999.0 -9999.0 -9999.0 -9999.0 -9999.0 -9999.0 -9999.0 -9999.0 -9999.0 -9999.0 -9999.0 -9999.0 -9999.0 -9999.0 -9999.0 -9999.0 -9999.0 -9999.0 -9999.0 -9999.0 -9999.0 -9999.0 -9999.0 -9999.0 -9999.0 -9999.0 -9999.0 -9999.0 -9999.0 -9999.0 -9999.0 -9999.0 -9999.0 -9999.0 -9999.0 -9999.0 -9999.0 -9999.0 -9999.0 -9999.0 -9999.0 -9999.0 -9999.0 -9999.0 -9999.0 -9999.0 -9999.0 -9999.0 -9999.0 -9999.0 -9999.0 -9999.0 -9999.0 -9999.0 -9999.0 -9999.0 -9999.0 -9999.0 -9999.0 -9999.0 -9999.0
-9999.0 -9999.0 -9999.0 -9999.0 -9999.0 -9999.0 -9999.0 -9999.0 -9999.0 -9999.0 -9999.0 -9999.0 -9999.0 -9999.0 -9999.0 -9999.0 -9999.0 -9999.0 -9999.0 -9999.0 -9999.0 -9999.0 -9999.0 -9999.0 -9999.0 -9999.0 -9999.0 -9999.0 -9999.0 -9999.0 -9999.0 -9999.0 -9999.0 -9999.0 -9999.0 -9999.0 -9999.0 -9999.0 -9999.0 -9999.0 -9999.0 -9999.0 -9999.0 -9999.0 -9999.0 -9999.0 -9999.0 -9999.0 -9999.0 -9999.0 -9999.0 -9999.0 -9999.0 -9999.0 -9999.0 -9999.0 -9999.0 -9999.0 -9999.0 -9999.0 -9999.0 -9999.0 -9999.0 -9999.0 -9999.0 -9999.0 -9999.0 -9999.0 -9999.0 -9999.0 -9999.0 -9999.0 -9999.0 -9999.0 -9999.0 -9999.0 -9999.0 -9999.0 -9999.0 -9999.0
-9999.0 -9999.0 -9999.0 -9999.0 -9999.0 -9999.0 -9999.0 -9999.0 -9999.0 -9999.0 -9999.0 -9999.0 -9999.0 -9999.0 -9999.0 -9999.0 -9999.0 -9999.0 -9999.0 -9999.0 -470.509043 -467.403213 -490.398111 -524.636508 -553.298912 -551.597712 -516.606060 -475.550563 -437.665676 -426.916892 -445.127361 -443.840516 -448.998612 -448.790699 -445.446087 -439.409188 -436.891628 -424.968736 -416.072371 -416.017926 -422.118565 -427.917918 -429.246632 -425.417710 -420.442113 -429.352146 -415.852027 -400.264440 -393.692797 -399.389206 -427.756899 -444.184620 -452.449172 -466.909739 -442.280073 -429.434025 -406.065073 -401.562420 -402.614576 -429.806980 -459.971896 -9999.0 -9999.0 -9999.0 -9999.0 -9999.0 -9999.0 -9999.0 -9999.0 -9999.0 -9999.0 -9999.0 -9999.0 -9999.0 -9999.0 -9999.0 -9999.0 -9999.0 -9999.0 -9999.0
-9999.0 -9999.0 -9999.0 -9999.0 -9999.0 -9999.0 -9999.0 -9999.0 -9999.0 -9999.0 -9999.0 -9999.0 -9999.0 -9999.0 -560.483541 -570.949874 -574.270131 -565.942491 -532.272465 -502.466127 -489.818160 -497.626030 -497.889600 -521.657976 -541.953884 -527.910262 -498.672243 -467.144060 -432.436828 -411.052194 -424.040375 -426.674381 -415.255261 -385.473431 -368.767052 -370.928873 -393.316322 -369.775148 -351.650610 -340.068965 -340.173655 -348.697477 -331.881012 -313.728262 -320.827731 -340.593387 -338.764843 -327.199537 -311.732814 -330.146326 -399.963920 -423.321825 -426.930954 -434.027688 -447.618522 -454.371920 -429.439417 -428.168600 -436.339556 -454.214334 -486.292078 -530.222654 -547.798074 -509.110889 -464.215384 -405.520822 -9999.0 -9999.0 -9999.0 -9999.0 -9999.0 -9999.0 -9999.0 -9999.0 -9999.0 -9999.0 -9999.0 -9999.0 -9999.0 -9999.0
-9999.0 -9999.0 -9999.0 -9999.0 -9999.0 -9999.0 -9999.0 -9999.0 -9999.0 -616.641043 -613.412432 -606.634318 -605.268205 -589.927333 -591.817957 -585.208994 -577.393344 -551.670579 -520.742971 -485.634994 -456.564291 -466.824664 -466.495241 -453.552373 -445.371835 -431.361563 -409.358502 -365.747877 -317.573583 -269.396524 -298.232604 -299.064093 -275.452156 -214.135828 -162.437081 -147.819579 -171.332301 -167.049757 -132.478629 -97.819390 -91.620461 -90.795479 -61.826911 -46.524073 -40.257990 -62.433523 -89.478827 -95.466987 -70.007826 -133.067661 -217.709832 -285.592615 -289.977171 -327.396393 -374.675193 -400.280767 -404.237807 -381.857305 -398.137970 -436.691458 -473.726027 -482.942178 -499.308092 -482.946134 -459.875865 -412.149853 -372.960357 -343.504754 -342.876754 -360.334338 -9999.0 -9999.0 -9999.0 -9999.0 -9999.0 -9999.0 -9999.0 -9999.0 -9999.0 -9999.0
-9999.0 -9999.0 -9999.0 -9999.0 -9999.0 -9999.0 -694.758496 -686.403187 -667.159773 -661.783552 -638.042766 -630.847210 -610.685619 -591.610755 -571.520221 -554.579389 -523.463941 -490.777969 -448.247863 -401.849991 -366.519244 -368.946625 -356.179295 -315.680003 -262.840725 -220.594640 -187.467015 -133.833113 -39.761271 15.298934 33.815140 41.767056 52.355303 94.725797 155.997294 173.217260 153.956352 139.562265 160.919560 204.403442 242.770701 248.381412 256.396555 264.438784 289.750980 279.441049 211.117614 183.764508 173.202846 158.974425 105.740108 45.413721 -4.036175 -62.547463 -162.310259 -239.549423 -246.351513 -233.106617 -272.192304 -333.211450 -381.011016 -393.545046 -409.398326 -424.503824 -419.490557 -399.810724 -375.815667 -364.005697 -376.228670 -396.571567 -419.511231 -448.069005 -446.141645 -420.372347 -9999.0 -9999.0 -9999.0 -9999.0 -9999.0 -9999.0
-9999.0 -9999.0 -9999.0 -9999.0 -744.046151 -732.108969 -743.964162 -721.158286 -689.802828 -657.241116 -625.091911 -587.829820 -560.899846 -531.226272 -488.656688 -448.245956 -400.761792 -361.281299 -297.774710 -212.922268 -141.207010 -101.522493 -74.731376 -3.191778 60.774732 110.310309 130.740658 159.898498 208.894792 295.389968 325.695671 331.400614 350.678835 375.566846 417.959050 445.293949 433.289550 425.385097 432.354859 443.595809 471.224097 473.449099 475.151102 475.898880 478.242237 477.997784 453.279178 419.654460 402.215277 386.009261 372.620266 311.128968 241.889211 204.637728 176.275698 128.574896 60.140321 33.201862 -30.544893 -97.080849 -185.736077 -224.153473 -266.201389 -299.019094 -335.254445 -337.060270 -335.578388 -356.352613 -387.237981 -419.148680 -433.772587 -452.057546 -461.731657 -431.499078 -413.452661 -381.966511 -9999.0 -9999.0 -9999.0 -9999.0
-9999.0 -9999.0 -801.266084 -751.447616 -696.298830 -688.265000 -686.254700 -681.972119 -655.765101 -605.541147 -525.751685 -470.735029 -422.318281 -388.722056 -320.829055 -216.981918 -112.024736 -50.096906 16.252088 81.356261 142.654148 184.933403 228.069923 273.409654 319.266571 362.162271 391.776917 408.795220 443.977214 478.672115 502.622029 517.569991 524.194889 519.655826 520.611891 518.300505 516.000844 510.879073 494.984892 493.271829 501.355631 504.405200 507.320668 495.291364 491.470537 503.447413 504.860159 504.470547 504.707940 511.258288 521.926589 490.898186 437.428344 413.454149 413.967953 376.829831 311.882032 246.577956 219.750559 177.291258 96.978375 43.470079 -12.657963 -74.817372 -146.296538 -196.117673 -256.645379 -304.715235 -353.292301 -399.363705 -422.715936 -440.918276 -442.670972 -441.511637 -425.060413 -408.996483 -393.274828 -385.302625 -9999.0 -9999.0
-9999.0 -898.817265 -826.492266 -699.141824 -620.906576 -576.120790 -534.094547 -503.440800 -478.849450 -464.448262 -346.624817 -214.279887 -98.693148 -59.056889 2.990484 105.635555 225.013423 267.285856 296.198166 332.686032 390.183857 433.016942 465.077711 495.503210 521.694885 519.917774 519.569917 518.498129 512.280880 505.508430 495.810001 503.168610 501.200006 484.933232 470.700237 467.683151 459.504990 434.004384 410.167320 397.976166 402.570471 423.055443 410.036062 392.896825 389.484995 408.062181 422.253388 416.194605 401.901949 412.766027 454.804962 476.466477 491.956187 504.513194 526.104934 504.006327 470.997221 429.243445 413.323188 383.856173 305.720763 239.904634 185.358924 120.089837 54.625555 -18.924655 -94.041590 -171.653334 -253.360907 -299.036483 -333.376576 -387.513872 -411.498986 -409.807204 -418.907691 -421.116218 -414.191897 -407.597438 -9999.0 -9999.0
-9999.0 -968.368284 -825.187058 -639.411888 -492.599617 -427.079447 -296.230473 -192.734505 -151.795052 -176.008273 -38.581502 211.141108 289.028512 300.162583 359.783596 433.747171 474.503820 500.558489 516.693181 510.875505 508.545899 511.826151 509.812588 502.961017 489.486346 481.942158 481.411823 478.216300 458.703229 439.651374 422.881846 420.498526 405.471618 368.149408 332.219476 312.447174 283.134049 256.122973 220.931515 195.016539 182.775028 202.236985 191.647585 173.349272 169.559378 193.040593 225.493161 219.417587 223.451700 245.527305 290.945597 349.262224 372.775279 392.251192 435.491976 477.841358 496.462676 515.497563 521.740684 498.031726 455.412736 406.132360 372.757051 290.856820 214.120625 132.092570 70.988269 14.779185 -56.484076 -112.433925 -175.626953 -248.046382 -314.827375 -346.693104 -387.243996 -408.707049 -9999.0 -9999.0 -9999.0 -9999.0
-9999.0 -1031.080222 -839.383762 -572.128075 -310.187328 -148.717477 52.513501 193.349193 291.867834 321.096729 381.413840 481.372952 499.492842 488.301934 468.860887 467.820679 480.076682 483.068774 478.772019 467.772710 454.892334 442.485148 446.442492 442.094805 430.831391 416.219774 404.087135 389.210613 330.967506 293.780353 262.737853 247.712077 213.911991 125.535751 83.408644 53.352376 -1.946955 -15.610666 -31.086805 -64.017161 -85.500231 -101.913619 -82.837468 -84.079350 -83.844848 -73.758793 -49.927305 -29.163751 15.534190 51.510990 94.443107 149.083041 184.063386 227.454160 280.086593 355.441192 387.157542 408.483767 458.050216 498.763336 520.393528 511.712873 481.968478 440.067402 372.642571 283.038734 226.939705 151.142480 88.136660 42.054850 4.629984 -46.814115 -125.474138 -246.252218 -295.631620 -9999.0 -9999.0 -9999.0 -9999.0 -9999.0
-9999.0 -1179.942832 -912.508396 -613.773027 -266.489011 61.413499 169.386142 358.497584 433.038485 366.127507 325.977918 369.939254 405.264376 412.477130 390.482522 380.678517 375.001379 374.765372 385.838256 351.319406 304.806447 286.975785 285.748957 274.329942 252.525576 234.522443 220.565990 199.002874 145.442838 96.862491 26.626390 -0.095985 -79.664307 -163.738225 -225.211220 -282.346314 -340.487508 -344.498013 -329.853291 -348.811689 -372.732456 -392.587997 -366.382070 -350.907102 -339.814891 -349.133360 -338.940107 -301.370252 -246.045734 -192.665941 -126.609728 -58.197729 -4.910720 49.153154 83.904205 140.019703 187.929828 234.951696 310.813196 404.868361 438.315065 472.186976 508.079420 523.296887 477.938998 427.156933 369.176943 280.150878 179.645432 132.570252 114.127001 89.876024 43.355137 -9999.0 -9999.0 -9999.0 -9999.0 -9999.0 -9999.0 -9999.0
-9999.0 -1315.556353 -1080.654618 -828.957539 -525.201585 -276.220915 -75.405532 50.110207 158.803675 119.037517 119.043116 149.245743 180.811341 202.915106 179.376362 142.815220 116.818636 119.931657 118.909006 93.153518 62.315652 47.867298 46.644975 39.074753 11.950900 -7.021402 -21.017274 -47.776021 -92.129587 -162.282777 -264.063225 -338.918228 -405.723178 -444.958435 -476.873865 -511.010524 -551.096646 -540.564715 -525.621269 -530.692455 -543.694909 -548.719986 -519.031392 -500.899100 -490.959013 -504.650578 -486.444672 -459.320835 -416.815155 -373.950299 -323.327156 -263.339286 -200.283905 -158.578318 -132.876860 -90.765291 -38.525533 26.167412 110.981698 209.321983 284.446809 348.235757 401.827495 430.761370 445.949287 459.130161 446.024906 366.431915 200.028471 171.475037 170.042611 -9999.0 -9999.0 -9999.0 -9999.0 -9999.0 -9999.0 -9999.0 -9999.0 -9999.0
-9999.0 -9999.0 -1318.203972 -1124.580203 -959.763327 -772.431738 -624.121122 -517.956627 -444.013752 -357.896755 -265.163209 -178.505004 -128.751336 -109.165594 -131.649828 -184.007946 -217.993307 -218.677417 -229.669112 -247.663717 -277.006256 -288.405155 -298.651231 -307.503334 -323.368316 -332.561551 -339.124632 -351.921197 -377.295867 -427.260764 -482.885342 -536.009325 -591.270037 -616.462918 -638.553617 -661.557235 -665.560320 -666.770954 -659.603120 -658.507341 -653.594191 -642.153815 -621.284225 -600.208053 -591.027997 -584.577106 -572.188891 -548.767416 -515.840429 -475.387910 -423.315197 -367.235747 -328.005880 -314.959426 -323.644562 -315.064731 -287.792572 -231.607480 -117.578253 -11.097755 82.175104 153.945809 225.430676 272.620306 287.345013 307.709997 352.035895 261.478856 68.711130 116.805265 -9999.0 -9999.0 -9999.0 -9999.0 -9999.0 -9999.0 -9999.0 -9999.0 -9999.0 -9999.0
-9999.0 -9999.0 -9999.0 -9999.0 -1267.442198 -1109.846699 -1017.544228 -936.363174 -819.570487 -715.486625 -626.094859 -551.911391 -501.319486 -478.423582 -491.605251 -500.071548 -509.425083 -512.603294 -521.019969 -527.618363 -534.369120 -542.317954 -552.999519 -560.661391 -561.857594 -558.757020 -560.708690 -573.642521 -589.121536 -617.412539 -642.269335 -677.662634 -714.850909 -743.774894 -756.547509 -763.599736 -763.125669 -768.199813 -758.462907 -752.400349 -737.693563 -722.277811 -698.285347 -670.251047 -658.089686 -644.157194 -634.590799 -613.849628 -584.236503 -532.065175 -470.581010 -415.460877 -382.533370 -380.095576 -408.035257 -425.127262 -428.878735 -400.015181 -348.064735 -267.099831 -138.879765 -45.689154 27.503326 73.646607 104.492970 147.891490 191.181839 203.321897 -9999.0 -9999.0 -9999.0 -9999.0 -9999.0 -9999.0 -9999.0 -9999.0 -9999.0 -9999.0 -9999.0 -9999.0
-9999.0 -9999.0 -9999.0 -9999.0 -9999.0 -9999.0 -1326.158678 -1232.841812 -1144.158449 -1027.793557 -920.929890 -833.405536 -762.148674 -739.295854 -724.139522 -702.887500 -708.081147 -724.603507 -740.429847 -724.363967 -715.688069 -720.162731 -746.757457 -748.300747 -745.036229 -735.384758 -736.212255 -742.001686 -766.375290 -758.894126 -760.630203 -783.258278 -808.926962 -823.169916 -834.442087 -824.347753 -823.306033 -835.424724 -832.542324 -806.817107 -787.386193 -773.954434 -751.395021 -718.451355 -686.734877 -672.854727 -672.172936 -666.152288 -624.554286 -554.735158 -485.489906 -433.256388 -403.653117 -397.530984 -427.881715 -470.783772 -494.180420 -489.158038 -455.804597 -401.969112 -320.506229 -263.341844 -221.961341 -189.394314 -148.660683 -38.289920 -9999.0 -9999.0 -9999.0 -9999.0 -9999.0 -9999.0 -9999.0 -9999.0 -9999.0 -9999.0 -9999.0 -9999.0 -9999.0 -9999.0
-9999.0 -9999.0 -9999.0 -9999.0 -9999.0 -9999.0 -9999.0 -9999.0 -9999.0 -9999.0 -9999.0 -9999.0 -9999.0 -9999.0 -9999.0 -9999.0 -9999.0 -9999.0 -9999.0 -9999.0 -9999.0 -9999.0 -9999.0 -9999.0 -9999.0 -9999.0 -9999.0 -9999.0 -9999.0 -9999.0 -9999.0 -9999.0 -9999.0 -9999.0 -9999.0 -9999.0 -9999.0 -9999.0 -9999.0 -9999.0 -9999.0 -9999.0 -9999.0 -9999.0 -9999.0 -9999.0 -9999.0 -9999.0 -9999.0 -9999.0 -9999.0 -9999.0 -9999.0 -9999.0 -9999.0 -9999.0 -9999.0 -9999.0 -9999.0 -9999.0 -9999.0 -9999.0 -9999.0 -9999.0 -9999.0 -9999.0 -9999.0 -9999.0 -9999.0 -9999.0 -9999.0 -9999.0 -9999.0 -9999.0 -9999.0 -9999.0 -9999.0 -9999.0 -9999.0 -9999.0
-9999.0 -9999.0 -9999.0 -9999.0 -9999.0 -9999.0 -9999.0 -9999.0 -9999.0 -9999.0 -9999.0 -9999.0 -9999.0 -9999.0 -9999.0 -9999.0 -9999.0 -9999.0 -9999.0 -9999.0 -9999.0 -9999.0 -9999.0 -9999.0 -9999.0 -9999.0 -9999.0 -9999.0 -9999.0 -9999.0 -9999.0 -9999.0 -9999.0 -9999.0 -9999.0 -9999.0 -9999.0 -9999.0 -9999.0 -9999.0 -9999.0 -9999.0 -9999.0 -9999.0 -9999.0 -9999.0 -9999.0 -9999.0 -9999.0 -9999.0 -9999.0 -9999.0 -9999.0 -9999.0 -9999.0 -9999.0 -9999.0 -9999.0 -9999.0 -9999.0 -9999.0 -9999.0 -9999.0 -9999.0 -9999.0 -9999.0 -9999.0 -9999.0 -9999.0 -9999.0 -9999.0 -9999.0 -9999.0 -9999.0 -9999.0 -9999.0 -9999.0 -9999.0 -9999.0 -9999.0