Borden_/Borden1m_014/output_maps/psiliqL0024N0003.asc
ncols         80
nrows         18
xllcorner     620200.000000
yllcorner     5168000.000000
cellsize      1.000000
NODATA_value  -9999.0
-9999.0 -9999.0 -9999.0 -9999.0 -9999.0 -9999.0 -9999.0 -9999.0 -9999.0 -9999.0 -9999.0 -9999.0 -9999.0 -9999.0 -9999.0 -9999.0 -9999.0 -9999.0 -9999.0 -9999.0 -9999.0 -9999.0 -9999.0 -9999.0 -9999.0 -9999.0 -9999.0 -9999.0 -9999.0 -9999.0 -9999.0 -9999.0 -9999.0 -9999.0 -9999.0 -9999.0 -9999.0 -9999.0 -9999.0 -9999.0 -9999.0 -9999.0 -9999.0 -9999.0 -9999.0 -9999.0 -9999.0 -9999.0 -9999.0 -9999.0 -9999.0 -9999.0 -9999.0 -9999.0 -9999.0 -9999.0 -9999.0 -9999.0 -9999.0 -9999.0 -9999.0 -9999.0 -9999.0 -9999.0 -9999.0 -9999.0 -9999.0 -9999.0 -9999.0 -9999.0 -9999.0 -9999.0 -9999.0 -9999.0 -9999.0 -9999.0 -9999.0 -9999.0 -9999.0 -9999.0
-9999.0 -9999.0 -9999.0 -9999.0 -9999.0 -9999.0 -9999.0 -9999.0 -9999.0 -9999.0 -9999.0 -9999.0 -9999.0 -9999.0 -9999.0 -9999.0 -9999.0 -9999.0 -9999.0 -9999.0 -9999.0 -9999.0 -9999.0 -9999.0 -9999.0 -9999.0 -9999.0 -9999.0 -9999.0 -9999.0 -9999.0 -9999.0 -9999.0 -9999.0 -9999.0 -9999.0 -9999.0 -9999.0 -9999.0 -9999.0 -9999.0 -9999.0 -9999.0 -9999.0 -9999.0 -9999.0 -9999.0 -9999.0 -9999.0 -9999.0 -9999.0 -9999.0 -9999.0 -9999.0 -9999.0 -9999.0 -9999.0 -9999.0 -9999.0 -9999.0 -9999.0 -9999.0 -9999.0 -9999.0 -9999.0 -9999.0 -9999.0 -9999.0 -9999.0 -9999.0 -9999.0 -9999.0 -9999.0 -9999.0 -9999.0 -9999.0 -9999.0 -9999.0 -9999.0 -9999.0
-9999.0 -9999.0 -9999.0 -9999.0 -9999.0 -9999.0 -9999.0 -9999.0 -9999.0 -9999.0 -9999.0 -9999.0 -9999.0 -9999.0 -9999.0 -9999.0 -9999.0 -9999.0 -9999.0 -9999.0 2925.402246 2926.510692 2904.602095 2870.350719 2841.888937 2843.439781 2876.211641 2916.463283 2954.725756 2962.081662 2942.829903 2946.087076 2941.300648 2936.970932 2937.201175 2944.514246 2950.539674 2960.225356 2967.132013 2964.871050 2957.516761 2952.332216 2954.407110 2956.146859 2962.268703 2948.477323 2964.251978 2980.059245 2985.089458 2982.359460 2958.980212 2946.970904 2939.324869 2924.237220 2950.886175 2962.954350 2986.463076 2991.377650 2989.807493 2963.517690 2933.691872 -9999.0 -9999.0 -9999.0 -9999.0 -9999.0 -9999.0 -9999.0 -9999.0 -9999.0 -9999.0 -9999.0 -9999.0 -9999.0 -9999.0 -9999.0 -9999.0 -9999.0 -9999.0 -9999.0
-9999.0 -9999.0 -9999.0 -9999.0 -9999.0 -9999.0 -9999.0 -9999.0 -9999.0 -9999.0 -9999.0 -9999.0 -9999.0 -9999.0 2835.773462 2826.699194 2823.525960 2830.594541 2862.808576 2892.684429 2904.297472 2896.565840 2896.082016 2871.139294 2848.188104 2860.466913 2889.281991 2919.196854 2951.994888 2969.088676 2957.518230 2954.533339 2961.420826 2980.758056 2988.990133 2985.194203 2967.646409 2990.935409 3004.137151 3008.745238 3006.639338 2996.774222 3005.886855 3019.945410 3012.918035 2997.611119 3007.983373 3022.801737 3034.122557 3025.737543 2968.182550 2955.830872 2953.254599 2949.585848 2937.140493 2933.570860 2962.043566 2962.298228 2955.515660 2938.774201 2906.069820 2861.323842 2843.021615 2883.884870 2928.069228 2984.842478 -9999.0 -9999.0 -9999.0 -9999.0 -9999.0 -9999.0 -9999.0 -9999.0 -9999.0 -9999.0 -9999.0 -9999.0 -9999.0 -9999.0
-9999.0 -9999.0 -9999.0 -9999.0 -9999.0 -9999.0 -9999.0 -9999.0 -9999.0 2785.435857 2784.400759 2791.044575 2793.065438 2807.855961 2804.469562 2810.959262 2814.862687 2841.389149 2870.394802 2903.408976 2929.966865 2920.134180 2918.430257 2922.524005 2917.531324 2925.157751 2944.845749 2980.598510 3012.006373 3047.068183 3013.625110 3008.578619 3025.756652 3067.195852 3091.032568 3093.289673 3074.580117 3089.894567 3113.158351 3129.190141 3125.655256 3119.831798 3145.267454 3160.083519 3154.987249 3133.996449 3131.640782 3138.554307 3167.576906 3117.658687 3052.851521 3013.972920 3029.205163 3007.972293 2981.483093 2970.575256 2971.570731 2992.487370 2981.153395 2947.946646 2915.092229 2904.260415 2888.164485 2909.384128 2933.229192 2980.165003 3020.357608 3050.480670 3050.437759 3033.494169 -9999.0 -9999.0 -9999.0 -9999.0 -9999.0 -9999.0 -9999.0 -9999.0 -9999.0 -9999.0
-9999.0 -9999.0 -9999.0 -9999.0 -9999.0 -9999.0 2705.761137 2716.711910 2738.151477 2741.646804 2768.742545 2774.777340 2782.712268 2799.474177 2820.424937 2832.888664 2857.600634 2886.853456 2922.424257 2959.687150 2986.348067 2975.144571 2979.748246 2999.589367 3026.887590 3046.171904 3068.079628 3104.914016 3176.222478 3212.130449 3205.989503 3206.858502 3214.954384 3264.655693 3328.205233 3339.499483 3318.962909 3305.675786 3328.533451 3365.316925 3364.039237 3362.888642 3375.318203 3385.812108 3412.495027 3402.144105 3366.351193 3360.190258 3365.957957 3344.603169 3277.555505 3220.479170 3200.788095 3155.101296 3073.455559 3030.226643 3052.424945 3079.840427 3058.244892 3009.414319 2977.422547 2972.342266 2961.806131 2955.076273 2967.663398 2990.861505 3015.437767 3029.677791 3018.333453 2998.026488 2976.641106 2948.779523 2951.609147 2976.808727 -9999.0 -9999.0 -9999.0 -9999.0 -9999.0 -9999.0
-9999.0 -9999.0 -9999.0 -9999.0 2655.164203 2668.524103 2654.865617 2681.851161 2715.060775 2749.821224 2778.590757 2796.893559 2819.463226 2845.470684 2878.355833 2900.771894 2932.727544 2961.680155 3007.897418 3068.587715 3112.474039 3126.121542 3134.319904 3184.967971 3240.803078 3287.766083 3306.102210 3331.403450 3375.802442 3431.750449 3454.077043 3457.110359 3473.950241 3515.904291 3570.688258 3605.358622 3587.952261 3579.179452 3588.619240 3602.353906 3624.478963 3624.568223 3625.668025 3629.495355 3636.728497 3635.249689 3609.310976 3576.199678 3563.378685 3553.592316 3517.105886 3446.073558 3415.346800 3387.231072 3346.901361 3293.906837 3245.118950 3244.877744 3191.266607 3137.434713 3087.247172 3078.643342 3058.257359 3042.330456 3024.627015 3036.583696 3048.381397 3033.580226 3004.235377 2975.272106 2962.564809 2945.315276 2934.486233 2965.801200 2983.893242 3013.687551 -9999.0 -9999.0 -9999.0 -9999.0
-9999.0 -9999.0 2595.346635 2641.343870 2698.749991 2705.901317 2701.400323 2706.208616 2734.669068 2786.032450 2831.944740 2869.081219 2898.142175 2927.251564 2976.852732 3039.397676 3099.059679 3140.724878 3197.377346 3265.469308 3323.911360 3350.699044 3359.725561 3394.694563 3448.420899 3515.852068 3543.258881 3569.220029 3600.247411 3635.761741 3630.259958 3641.347919 3653.195780 3664.576715 3678.265679 3684.710312 3680.078718 3675.529098 3657.107519 3652.156326 3658.686156 3666.257060 3665.593786 3651.102340 3647.143580 3661.949811 3667.871935 3665.999120 3663.545757 3668.731417 3665.349942 3618.451431 3598.284753 3583.471821 3572.482707 3527.002429 3461.227867 3428.405863 3407.761095 3367.737459 3295.100183 3256.943259 3217.514405 3182.583863 3144.869666 3130.915514 3098.209658 3066.155597 3027.634222 2987.139843 2968.231147 2954.021785 2953.877205 2954.887129 2972.754212 2988.660601 3004.700239 3012.813256 -9999.0 -9999.0
-9999.0 2486.394391 2557.467995 2679.783769 2757.977032 2789.794244 2800.040175 2804.297147 2828.071280 2857.358923 2944.242107 2996.875691 3078.644199 3114.090976 3154.391853 3243.570002 3335.908483 3378.126476 3415.799171 3477.431319 3541.518355 3587.829754 3613.758997 3596.991653 3635.208725 3662.109174 3669.299294 3675.632557 3674.957264 3666.513784 3659.740265 3666.514441 3663.685736 3644.778033 3628.962014 3627.310198 3623.969097 3600.892232 3573.555475 3558.371028 3560.038772 3584.700058 3571.793387 3550.537215 3546.169061 3567.644824 3588.554101 3578.025149 3564.966096 3581.456006 3615.696603 3639.824003 3642.176692 3660.368651 3681.403734 3652.902244 3630.658470 3587.580696 3570.937179 3545.747062 3489.700520 3435.050215 3387.429613 3339.065050 3286.751856 3237.398659 3189.973313 3143.013277 3089.871393 3057.331315 3033.068888 2990.104834 2976.929379 2983.431500 2978.450578 2977.140654 2984.002331 2990.661023 -9999.0 -9999.0
-9999.0 2392.245788 2531.306043 2709.562906 2847.774218 2888.502051 2953.294210 3009.107049 3022.492652 2970.259245 3068.764698 3282.660263 3398.958837 3414.853167 3488.282646 3580.668703 3567.920622 3598.456093 3620.836900 3643.721439 3662.175401 3675.462953 3673.474918 3668.013368 3651.727269 3643.769318 3642.943707 3640.905583 3623.744319 3605.001790 3588.359622 3585.435478 3567.928597 3519.817834 3487.119685 3470.231532 3452.388049 3438.645082 3411.088844 3385.451579 3369.604593 3380.967210 3378.404427 3364.428520 3359.995432 3378.456320 3409.233964 3406.553207 3417.193858 3436.545875 3471.855264 3509.296237 3528.356030 3557.081851 3592.356705 3639.258487 3648.824301 3671.036607 3674.235437 3662.618912 3616.939518 3566.094462 3537.024758 3482.311703 3422.929210 3361.408094 3313.098341 3268.741677 3214.117596 3179.989269 3140.751223 3087.577661 3044.072534 3035.298156 3001.853536 2988.359458 -9999.0 -9999.0 -9999.0 -9999.0
-9999.0 2293.180478 2473.194701 2713.974224 2998.544530 3072.708312 3270.437274 3382.912161 3421.658597 3487.050427 3381.701507 3576.143237 3625.059691 3619.058228 3631.178023 3633.775655 3647.616817 3647.196767 3642.137997 3631.283330 3621.917341 3617.517126 3616.387205 3608.516935 3595.991398 3581.487636 3569.727735 3558.558858 3522.486695 3491.042813 3453.030589 3440.907467 3398.110438 3307.468578 3268.962903 3231.675688 3172.533041 3174.455891 3180.448440 3156.521369 3137.401702 3110.785656 3139.093367 3148.691066 3152.419489 3148.905744 3159.240035 3186.325015 3232.634265 3266.261802 3304.816694 3352.075318 3381.905706 3420.627956 3460.439612 3512.244160 3542.808172 3571.365465 3619.315847 3656.092193 3678.610567 3665.156470 3645.734817 3602.151741 3542.443371 3493.464434 3465.082081 3415.421987 3372.312594 3328.871983 3282.717925 3230.267854 3169.246447 3114.428507 3080.410524 -9999.0 -9999.0 -9999.0 -9999.0 -9999.0
-9999.0 2076.531473 2340.014715 2607.662999 2881.122510 3216.612438 3377.628308 3473.320388 3535.009842 3513.579156 3532.815577 3540.188206 3576.771130 3583.380045 3561.872389 3548.589652 3531.760963 3530.672757 3543.665800 3516.721808 3486.990991 3473.934749 3474.775715 3464.074162 3440.596583 3425.723971 3416.420405 3398.388681 3355.645019 3306.480462 3224.145980 3191.662908 3115.056969 3075.112874 3038.760998 2992.696880 2949.003765 2954.297688 2977.786227 2968.877993 2948.396953 2931.513344 2960.436547 2980.142435 2993.016383 2977.375911 2983.985985 3017.851289 3063.701299 3103.380208 3146.655296 3193.941387 3234.878771 3273.962916 3295.437122 3335.231255 3376.772322 3417.794651 3487.044478 3563.935068 3598.878475 3632.858864 3662.424311 3684.005482 3641.576828 3614.703005 3591.480574 3568.637376 3523.134341 3478.175720 3437.676439 3374.183709 3314.712364 -9999.0 -9999.0 -9999.0 -9999.0 -9999.0 -9999.0 -9999.0
-9999.0 1961.928035 2157.824466 2353.029357 2605.506667 2826.793619 3040.075701 3130.089910 3199.212425 3263.316310 3313.115372 3349.229781 3374.942777 3396.033451 3373.324714 3328.475157 3296.896088 3301.695697 3293.640143 3272.454420 3244.915295 3232.076207 3229.785681 3225.054285 3203.874063 3193.554549 3186.849381 3169.079518 3143.607546 3091.953303 3021.038071 2950.352120 2897.146410 2877.143552 2854.737879 2828.148923 2801.111572 2814.605912 2827.734281 2827.651451 2820.928538 2820.913717 2849.959048 2869.614603 2879.050583 2867.894451 2885.845771 2908.911246 2945.684119 2984.093206 3028.100868 3077.454312 3125.110268 3145.215901 3147.833704 3160.093587 3187.858801 3230.932335 3306.750986 3391.884655 3467.547188 3512.147197 3562.242244 3601.473034 3628.747425 3655.127075 3676.332082 3668.484587 3643.302473 3610.434055 3552.778942 -9999.0 -9999.0 -9999.0 -9999.0 -9999.0 -9999.0 -9999.0 -9999.0 -9999.0
-9999.0 -9999.0 1930.386694 2084.769045 2185.074038 2347.092411 2488.371280 2595.294663 2696.213902 2811.653126 2929.523272 3019.376552 3064.338328 3079.650640 3065.532076 3036.440415 3018.715059 3018.449804 3007.176261 3000.496250 2985.748588 2980.524611 2969.927706 2962.948088 2958.621072 2957.980217 2956.098054 2948.497713 2932.233937 2891.549291 2854.440087 2810.609649 2784.618140 2762.049241 2743.035900 2725.181981 2728.295743 2723.226529 2728.330701 2730.822494 2739.892571 2753.719407 2773.080410 2785.497375 2795.034153 2804.774690 2815.503084 2836.880971 2866.569236 2906.089118 2956.731804 3010.505149 3045.699062 3052.220808 3034.355418 3029.629447 3038.162430 3067.278785 3130.965574 3199.859207 3287.961291 3352.368644 3418.715154 3473.841465 3499.984463 3536.346897 3605.331820 3653.266631 3694.191168 3671.875401 -9999.0 -9999.0 -9999.0 -9999.0 -9999.0 -9999.0 -9999.0 -9999.0 -9999.0 -9999.0
-9999.0 -9999.0 -9999.0 -9999.0 1941.830518 2088.202841 2183.658733 2262.040355 2394.308617 2523.072320 2628.884733 2715.742175 2784.139465 2786.098792 2786.077869 2801.007707 2799.586256 2790.998670 2780.521734 2784.838150 2789.258967 2783.415554 2795.474326 2788.649536 2791.484549 2798.397161 2796.324894 2783.713048 2766.373874 2751.620861 2738.256993 2707.827373 2676.160118 2649.145782 2637.688286 2634.838637 2635.367472 2627.918331 2636.476032 2645.303121 2661.180766 2676.296196 2699.722915 2728.976815 2743.455406 2758.067788 2766.737570 2785.433693 2806.024588 2857.062039 2918.146131 2973.879453 3006.937251 3006.983593 2978.114806 2956.331509 2944.043673 2961.598188 2991.151355 3042.334840 3131.080786 3192.754885 3238.496352 3277.609025 3313.761434 3377.766633 3470.486238 3550.775992 -9999.0 -9999.0 -9999.0 -9999.0 -9999.0 -9999.0 -9999.0 -9999.0 -9999.0 -9999.0 -9999.0 -9999.0
-9999.0 -9999.0 -9999.0 -9999.0 -9999.0 -9999.0 1912.697463 2017.010717 2085.033463 2235.237351 2378.142403 2484.967374 2568.222275 2603.864474 2637.678864 2668.332960 2669.131701 2649.571623 2628.466624 2650.150940 2668.834593 2662.585409 2630.864967 2631.956296 2638.532554 2646.434706 2644.281220 2639.053015 2615.519846 2632.757449 2637.951169 2616.619250 2592.571906 2580.870312 2570.318927 2580.979962 2581.711355 2567.831411 2567.247477 2595.285253 2616.374269 2629.278392 2650.321607 2683.405714 2715.759851 2731.239622 2732.025088 2736.708387 2773.531878 2834.705769 2904.956964 2959.188536 2989.432458 2993.835711 2962.827729 2917.845434 2891.503283 2890.302986 2914.529342 2953.943957 3014.897741 3051.054972 3062.721180 3064.554461 3077.174976 3175.304243 -9999.0 -9999.0 -9999.0 -9999.0 -9999.0 -9999.0 -9999.0 -9999.0 -9999.0 -9999.0 -9999.0 -9999.0 -9999.0 -9999.0
-9999.0 -9999.0 -9999.0 -9999.0 -9999.0 -9999.0 -9999.0 -9999.0 -9999.0 -9999.0 -9999.0 -9999.0 -9999.0 -9999.0 -9999.0 -9999.0 -9999.0 -9999.0 -9999.0 -9999.0 -9999.0 -9999.0 -9999.0 -9999.0 -9999.0 -9999.0 -9999.0 -9999.0 -9999.0 -9999.0 -9999.0 -9999.0 -9999.0 -9999.0 -9999.0 -9999.0 -9999.0 -9999.0 -9999.0 -9999.0 -9999.0 -9999.0 -9999.0 -9999.0 -9999.0 -9999.0 -9999.0 -9999.0 -9999.0 -9999.0 -9999.0 -9999.0 -9999.0 -9999.0 -9999.0 -9999.0 -9999.0 -9999.0 -9999.0 -9999.0 -9999.0 -9999.0 -9999.0 -9999.0 -9999.0 -9999.0 -9999.0 -9999.0 -9999.0 -9999.0 -9999.0 -9999.0 -9999.0 -9999.0 -9999.0 -9999.0 -9999.0 -9999.0 -9999.0 -9999.0
-9999.0 -9999.0 -9999.0 -9999.0 -9999.0 -9999.0 -9999.0 -9999.0 -9999.0 -9999.0 -9999.0 -9999.0 -9999.0 -9999.0 -9999.0 -9999.0 -9999.0 -9999.0 -9999.0 -9999.0 -9999.0 -9999.0 -9999.0 -9999.0 -9999.0 -9999.0 -9999.0 -9999.0 -9999.0 -9999.0 -9999.0 -9999.0 -9999.0 -9999.0 -9999.0 -9999.0 -9999.0 -9999.0 -9999.0 -9999.0 -9999.0 -9999.0 -9999.0 -9999.0 -9999.0 -9999.0 -9999.0 -9999.0 -9999.0 -9999.0 -9999.0 -9999.0 -9999.0 -9999.0 -9999.0 -9999.0 -9999.0 -9999.0 -9999.0 -9999.0 -9999.0 -9999.0 -9999.0 -9999.0 -9999.0 -9999.0 -9999.0 -9999.0 -9999.0 -9999.0 -9999.0 -9999.0 -9999.0 -9999.0 -9999.0 -9999.0 -9999.0 -9999.0 -9999.0 -9999.0