Borden_/Borden1m_014/output_maps/psiliqL0027N0025.asc
ncols         80
nrows         18
xllcorner     620200.000000
yllcorner     5168000.000000
cellsize      1.000000
NODATA_value  -9999.0
-9999.0 -9999.0 -9999.0 -9999.0 -9999.0 -9999.0 -9999.0 -9999.0 -9999.0 -9999.0 -9999.0 -9999.0 -9999.0 -9999.0 -9999.0 -9999.0 -9999.0 -9999.0 -9999.0 -9999.0 -9999.0 -9999.0 -9999.0 -9999.0 -9999.0 -9999.0 -9999.0 -9999.0 -9999.0 -9999.0 -9999.0 -9999.0 -9999.0 -9999.0 -9999.0 -9999.0 -9999.0 -9999.0 -9999.0 -9999.0 -9999.0 -9999.0 -9999.0 -9999.0 -9999.0 -9999.0 -9999.0 -9999.0 -9999.0 -9999.0 -9999.0 -9999.0 -9999.0 -9999.0 -9999.0 -9999.0 -9999.0 -9999.0 -9999.0 -9999.0 -9999.0 -9999.0 -9999.0 -9999.0 -9999.0 -9999.0 -9999.0 -9999.0 -9999.0 -9999.0 -9999.0 -9999.0 -9999.0 -9999.0 -9999.0 -9999.0 -9999.0 -9999.0 -9999.0 -9999.0
-9999.0 -9999.0 -9999.0 -9999.0 -9999.0 -9999.0 -9999.0 -9999.0 -9999.0 -9999.0 -9999.0 -9999.0 -9999.0 -9999.0 -9999.0 -9999.0 -9999.0 -9999.0 -9999.0 -9999.0 -9999.0 -9999.0 -9999.0 -9999.0 -9999.0 -9999.0 -9999.0 -9999.0 -9999.0 -9999.0 -9999.0 -9999.0 -9999.0 -9999.0 -9999.0 -9999.0 -9999.0 -9999.0 -9999.0 -9999.0 -9999.0 -9999.0 -9999.0 -9999.0 -9999.0 -9999.0 -9999.0 -9999.0 -9999.0 -9999.0 -9999.0 -9999.0 -9999.0 -9999.0 -9999.0 -9999.0 -9999.0 -9999.0 -9999.0 -9999.0 -9999.0 -9999.0 -9999.0 -9999.0 -9999.0 -9999.0 -9999.0 -9999.0 -9999.0 -9999.0 -9999.0 -9999.0 -9999.0 -9999.0 -9999.0 -9999.0 -9999.0 -9999.0 -9999.0 -9999.0
-9999.0 -9999.0 -9999.0 -9999.0 -9999.0 -9999.0 -9999.0 -9999.0 -9999.0 -9999.0 -9999.0 -9999.0 -9999.0 -9999.0 -9999.0 -9999.0 -9999.0 -9999.0 -9999.0 -9999.0 3525.151464 3525.924342 3504.184530 3469.887726 3441.424334 3442.984007 3475.489062 3515.763076 3554.285205 3561.154858 3541.693977 3545.342366 3540.662561 3535.628939 3535.407169 3543.022318 3549.689945 3559.112101 3565.797576 3563.208285 3555.651075 3550.576996 3553.306099 3554.746275 3561.087926 3546.322605 3562.527218 3578.942892 3583.678349 3581.260770 3557.959310 3546.519443 3538.851550 3523.526787 3550.526885 3562.433705 3586.218305 3591.141699 3589.394789 3562.965870 3533.098059 -9999.0 -9999.0 -9999.0 -9999.0 -9999.0 -9999.0 -9999.0 -9999.0 -9999.0 -9999.0 -9999.0 -9999.0 -9999.0 -9999.0 -9999.0 -9999.0 -9999.0 -9999.0 -9999.0
-9999.0 -9999.0 -9999.0 -9999.0 -9999.0 -9999.0 -9999.0 -9999.0 -9999.0 -9999.0 -9999.0 -9999.0 -9999.0 -9999.0 3435.334529 3426.505165 3423.374432 3430.267256 3462.324270 3492.308599 3503.787563 3496.082281 3495.592050 3470.436617 3447.019418 3459.083149 3487.988453 3517.867635 3550.663558 3567.303770 3555.976210 3552.995872 3559.316920 3577.931992 3585.168971 3581.248309 3563.674201 3587.880163 3600.674838 3604.514888 3602.263415 3592.194476 3600.422946 3614.184368 3607.075875 3592.054124 3603.648250 3619.036135 3629.752791 3622.322558 3565.091659 3554.100760 3551.440743 3548.113643 3535.622562 3532.451894 3561.539178 3561.566180 3554.916690 3538.234840 3505.285797 3460.288184 3441.792949 3483.072998 3527.174622 3583.803709 -9999.0 -9999.0 -9999.0 -9999.0 -9999.0 -9999.0 -9999.0 -9999.0 -9999.0 -9999.0 -9999.0 -9999.0 -9999.0 -9999.0
-9999.0 -9999.0 -9999.0 -9999.0 -9999.0 -9999.0 -9999.0 -9999.0 -9999.0 3378.254382 3384.114495 3390.756660 3392.914960 3407.648424 3404.015603 3410.523300 3413.793351 3440.573975 3469.391260 3502.221691 3528.537390 3518.831123 3516.904641 3519.675983 3512.650925 3519.500361 3539.237164 3575.129093 3605.112232 3639.459821 3605.157092 3599.694899 3616.739460 3657.113456 3678.795232 3679.931576 3661.081453 3678.624601 3701.850340 3716.722364 3712.851297 3706.415064 3732.518191 3747.921349 3740.884116 3719.073218 3719.065640 3727.447619 3757.217140 3706.678438 3640.913923 3604.207538 3621.641173 3601.749942 3577.470472 3567.833843 3569.409516 3590.434507 3579.543734 3546.472847 3514.031994 3502.773111 3486.602351 3508.637222 3532.601955 3579.577083 3620.007310 3650.278735 3650.021665 3633.023804 -9999.0 -9999.0 -9999.0 -9999.0 -9999.0 -9999.0 -9999.0 -9999.0 -9999.0 -9999.0
-9999.0 -9999.0 -9999.0 -9999.0 -9999.0 -9999.0 3299.922164 3310.297791 3330.765506 3332.847174 3359.013315 3363.614807 3381.713378 3398.148201 3419.358991 3431.171121 3454.972001 3483.899559 3518.705887 3555.052423 3581.513276 3568.703575 3573.216890 3590.941141 3615.805676 3633.144777 3655.181714 3692.534587 3764.428907 3800.273492 3791.150831 3791.445858 3799.477991 3849.971807 3913.913550 3924.288483 3903.558577 3890.702647 3914.852291 3952.670134 3950.080482 3948.803634 3962.451772 3973.524724 4000.414280 3989.106269 3953.254272 3948.788574 3956.491346 3932.794285 3862.731630 3806.198915 3789.066145 3742.345139 3658.876100 3617.614246 3643.675075 3672.977441 3652.482088 3603.848438 3572.785064 3568.438404 3558.382047 3552.780626 3566.487665 3590.389263 3614.967043 3629.499728 3618.108846 3597.633308 3576.356414 3548.519300 3551.464685 3576.561002 -9999.0 -9999.0 -9999.0 -9999.0 -9999.0 -9999.0
-9999.0 -9999.0 -9999.0 -9999.0 3250.842549 3263.366697 3247.843559 3273.604476 3304.872517 3337.736825 3364.116444 3394.519896 3416.515591 3442.102968 3473.693695 3493.605359 3523.917450 3552.295187 3598.205361 3658.145586 3701.314923 3713.328179 3721.087061 3771.449091 3827.289596 3873.760700 3892.360848 3918.382240 3965.059741 4021.707452 4043.702733 4046.150405 4063.093341 4107.440352 4164.938749 4200.407635 4182.555663 4173.313218 4183.966826 4198.756048 4220.911118 4220.958724 4222.093881 4226.508492 4234.542091 4232.526568 4205.374196 4171.691952 4158.644635 4148.275758 4108.919089 4036.083319 4006.566327 3977.122019 3932.807547 3877.992365 3832.614061 3835.580386 3780.801396 3725.635467 3677.060316 3670.768352 3651.770632 3637.007078 3621.050182 3634.596724 3647.588766 3633.251157 3603.719932 3574.900029 3562.382778 3545.204707 3534.096846 3565.579865 3583.664490 3613.165641 -9999.0 -9999.0 -9999.0 -9999.0
-9999.0 -9999.0 3192.542164 3237.068089 3293.503747 3298.615321 3290.347857 3292.001851 3317.196956 3365.149554 3425.319977 3460.113664 3486.753498 3516.061962 3565.217295 3624.900977 3683.366714 3725.351709 3783.419913 3852.910621 3911.906796 3938.297175 3946.707792 3982.521437 4037.799491 4108.206231 4136.714075 4163.575420 4195.997778 4233.271231 4222.921472 4233.253775 4246.161295 4260.105451 4276.166560 4283.882645 4278.798530 4274.147435 4255.456378 4250.081903 4256.527125 4264.941202 4263.649757 4248.813466 4244.830262 4259.995956 4266.501477 4264.235927 4261.071264 4265.716231 4260.220684 4210.567023 4195.245481 4179.661320 4167.335425 4120.599747 4053.149078 4021.351376 3999.261262 3957.572320 3883.883172 3847.566719 3808.901184 3775.118236 3738.650428 3726.914211 3695.636682 3664.266233 3626.199490 3585.977362 3567.405441 3553.677050 3553.679924 3554.564079 3572.621883 3588.465299 3604.526441 3612.646077 -9999.0 -9999.0
-9999.0 3082.278476 3152.672277 3272.773944 3349.272061 3384.148261 3389.238219 3389.349221 3413.403961 3445.687224 3529.788320 3575.139174 3657.440123 3695.179600 3734.918907 3824.663700 3919.825038 3963.702870 4003.335987 4068.379200 4135.242739 4182.866649 4209.468092 4184.931923 4225.417742 4257.225977 4266.034575 4273.559110 4274.109166 4265.542049 4259.275700 4265.856682 4262.765070 4243.313131 4226.980800 4225.128705 4221.664334 4198.109477 4170.394793 4154.648107 4155.770905 4181.033915 4167.689312 4146.196772 4141.733537 4163.577891 4185.394727 4174.545942 4161.316268 4177.978448 4212.922214 4238.504621 4238.677718 4257.486913 4278.667374 4249.181031 4228.567450 4184.046938 4166.904433 4141.298918 4083.788295 4028.925657 3980.604926 3932.319573 3880.362844 3832.295323 3785.072237 3738.197347 3685.556826 3653.184018 3629.431038 3587.512843 3575.694314 3582.788567 3578.330391 3577.071833 3583.856542 3590.499671 -9999.0 -9999.0
-9999.0 2983.754361 3121.554949 3297.030164 3437.847773 3475.526612 3532.021955 3584.750314 3596.932308 3538.893367 3639.744368 3857.412514 3982.535567 4000.842861 4077.515372 4174.234638 4153.489955 4185.352430 4209.090271 4236.918573 4259.250086 4274.261886 4272.720299 4267.755410 4251.099149 4243.055365 4242.130431 4239.963355 4222.363458 4203.226701 4186.287266 4182.945571 4164.651459 4114.186726 4080.602731 4062.713328 4042.903147 4029.745879 4002.797886 3976.599512 3959.651252 3969.329876 3968.160469 3955.072744 3950.666882 3968.512691 3999.436084 3998.007555 4010.583692 4030.352953 4065.856097 4104.486441 4123.866167 4153.211359 4189.048495 4237.773643 4245.972656 4268.559177 4271.303979 4261.671049 4214.517886 4162.528984 4132.947049 4077.236586 4017.659866 3955.952296 3906.894950 3862.223451 3806.964905 3773.375328 3734.650351 3681.361307 3639.561831 3633.346955 3600.538642 3588.185520 -9999.0 -9999.0 -9999.0 -9999.0
-9999.0 2879.885537 3055.643759 3290.396701 3585.085399 3652.147266 3854.147401 3968.134034 4006.176855 4074.269865 3945.583269 4159.629898 4214.985797 4210.647175 4228.768482 4232.353433 4246.920932 4246.134710 4241.045392 4229.926932 4220.196937 4215.515136 4214.502139 4206.561071 4193.871618 4179.179565 4167.179685 4155.572538 4118.560023 4086.315568 4046.301432 4033.593234 3987.865902 3895.557439 3856.958593 3817.742590 3756.035978 3759.125477 3767.838854 3744.201490 3724.437201 3695.313259 3725.803733 3737.370069 3741.858171 3736.558172 3745.565339 3775.041090 3823.625584 3858.158891 3896.943749 3945.019073 3975.672748 4014.896881 4054.490337 4106.947898 4138.409408 4167.435550 4216.890587 4254.029445 4276.876797 4262.462073 4244.435562 4199.078142 4138.606991 4089.146639 4059.910080 4009.077685 3965.469938 3922.116918 3875.760718 3823.133668 3761.751556 3711.029588 3677.676664 -9999.0 -9999.0 -9999.0 -9999.0 -9999.0
-9999.0 2658.518213 2913.895329 3172.634465 3440.781830 3784.702061 3961.937329 4054.526655 4118.414451 4103.762125 4129.393344 4135.117146 4172.468214 4180.092343 4158.755856 4144.580373 4126.501095 4125.411636 4138.515919 4110.955911 4080.418839 4066.918559 4067.858128 4057.176321 4033.139114 4018.289203 4009.062003 3990.382302 3947.321051 3896.825026 3812.231430 3776.828997 3697.447736 3660.602151 3624.998803 3578.396132 3534.673324 3541.095209 3566.660856 3558.326336 3537.933790 3521.264874 3551.011615 3572.260130 3585.647354 3568.963727 3575.407607 3609.664589 3655.852667 3696.027834 3739.468948 3787.115374 3828.976964 3867.714064 3887.911949 3926.597477 3968.725000 4010.364618 4080.717467 4159.769689 4196.172082 4231.106364 4259.621912 4281.690963 4238.594820 4212.637335 4188.685264 4164.949273 4118.462680 4072.922765 4032.362022 3967.273517 3907.731209 -9999.0 -9999.0 -9999.0 -9999.0 -9999.0 -9999.0 -9999.0
-9999.0 2547.977803 2737.957339 2913.939008 3152.535161 3380.173680 3605.832407 3695.870365 3766.498958 3842.352285 3898.726442 3937.334237 3963.118579 3984.897066 3962.386969 3915.746574 3883.227656 3888.322570 3878.889235 3858.236507 3830.803668 3818.144720 3815.436717 3810.929778 3790.103392 3780.308613 3773.898068 3756.240545 3731.645709 3679.159661 3608.824399 3535.754348 3483.212038 3465.591488 3444.292130 3418.628029 3393.541889 3407.517452 3420.358982 3421.071123 3415.375538 3416.214098 3445.253494 3465.281302 3474.689445 3463.985448 3482.024057 3504.627198 3540.865687 3579.639783 3623.769794 3673.312679 3721.228717 3740.506393 3741.539348 3751.743777 3778.444673 3821.067959 3896.974084 3982.994601 4061.499073 4107.314468 4158.341064 4198.681188 4227.262412 4251.329707 4274.360089 4267.905299 4241.556719 4207.965439 4148.717254 -9999.0 -9999.0 -9999.0 -9999.0 -9999.0 -9999.0 -9999.0 -9999.0 -9999.0
-9999.0 -9999.0 2513.194222 2662.246960 2753.513064 2895.245930 3027.376617 3131.293849 3232.290786 3376.769588 3501.157159 3595.967213 3642.846361 3658.524396 3644.960814 3617.400479 3600.877220 3600.445093 3588.580479 3583.016215 3569.678689 3564.938826 3553.071536 3546.047531 3543.177716 3543.614482 3542.183133 3534.919991 3519.436705 3479.388327 3444.775697 3402.083733 3357.553605 3337.349187 3320.666297 3305.231323 3310.884719 3306.432756 3312.420080 3315.967276 3326.378863 3341.045149 3360.373599 3383.210728 3392.849658 3403.198935 3413.691401 3434.810466 3464.087674 3503.684053 3554.464916 3608.767341 3644.072297 3650.155140 3631.161743 3624.983049 3631.753985 3659.238858 3720.803530 3788.954383 3879.006017 3944.739056 4011.680556 4067.937061 4094.831288 4131.223324 4202.078248 4250.152266 4293.391327 4270.945457 -9999.0 -9999.0 -9999.0 -9999.0 -9999.0 -9999.0 -9999.0 -9999.0 -9999.0 -9999.0
-9999.0 -9999.0 -9999.0 -9999.0 2522.759069 2668.623702 2766.055869 2821.268221 2954.080918 3077.024394 3181.171217 3268.379317 3338.273182 3364.298823 3366.483189 3385.334705 3385.155370 3375.548369 3364.610386 3370.743526 3377.001844 3371.404948 3354.667433 3349.405342 3354.844138 3364.498644 3364.292002 3353.241444 3337.027625 3326.168417 3316.416961 3288.324501 3258.590703 3233.369003 3223.468326 3222.498223 3224.010755 3217.010723 3226.114298 3235.974320 3252.458939 3267.792253 3291.316777 3321.174866 3336.026741 3350.550051 3358.682405 3376.499712 3404.576946 3455.575629 3516.796370 3572.934340 3606.536305 3606.381605 3577.091099 3554.583268 3541.054897 3557.330341 3585.213509 3634.527216 3723.089525 3784.864800 3829.194183 3867.162635 3903.432303 3969.155336 4064.771808 4146.596930 -9999.0 -9999.0 -9999.0 -9999.0 -9999.0 -9999.0 -9999.0 -9999.0 -9999.0 -9999.0 -9999.0 -9999.0
-9999.0 -9999.0 -9999.0 -9999.0 -9999.0 -9999.0 2502.409473 2609.223322 2674.599162 2803.835171 2951.112663 3050.972793 3134.428124 3171.143742 3205.449546 3236.722959 3237.898366 3217.415502 3195.233315 3218.058552 3238.865894 3232.811972 3200.374604 3203.113924 3211.833526 3221.112772 3220.309453 3216.603332 3194.570224 3214.947590 3222.789172 3203.041106 3180.543787 3171.231434 3161.751174 3173.352825 3174.749694 3161.166489 3160.442598 3188.848267 3210.502928 3223.497167 3244.392517 3277.591180 3310.016562 3325.596713 3326.071627 3330.063000 3365.647197 3433.145098 3503.746113 3558.527690 3589.240717 3593.493317 3562.134740 3516.739720 3489.923614 3487.830249 3510.932315 3548.811312 3608.988134 3644.193114 3653.458795 3652.468080 3663.189297 3763.595608 -9999.0 -9999.0 -9999.0 -9999.0 -9999.0 -9999.0 -9999.0 -9999.0 -9999.0 -9999.0 -9999.0 -9999.0 -9999.0 -9999.0
-9999.0 -9999.0 -9999.0 -9999.0 -9999.0 -9999.0 -9999.0 -9999.0 -9999.0 -9999.0 -9999.0 -9999.0 -9999.0 -9999.0 -9999.0 -9999.0 -9999.0 -9999.0 -9999.0 -9999.0 -9999.0 -9999.0 -9999.0 -9999.0 -9999.0 -9999.0 -9999.0 -9999.0 -9999.0 -9999.0 -9999.0 -9999.0 -9999.0 -9999.0 -9999.0 -9999.0 -9999.0 -9999.0 -9999.0 -9999.0 -9999.0 -9999.0 -9999.0 -9999.0 -9999.0 -9999.0 -9999.0 -9999.0 -9999.0 -9999.0 -9999.0 -9999.0 -9999.0 -9999.0 -9999.0 -9999.0 -9999.0 -9999.0 -9999.0 -9999.0 -9999.0 -9999.0 -9999.0 -9999.0 -9999.0 -9999.0 -9999.0 -9999.0 -9999.0 -9999.0 -9999.0 -9999.0 -9999.0 -9999.0 -9999.0 -9999.0 -9999.0 -9999.0 -9999.0 -9999.0
-9999.0 -9999.0 -9999.0 -9999.0 -9999.0 -9999.0 -9999.0 -9999.0 -9999.0 -9999.0 -9999.0 -9999.0 -9999.0 -9999.0 -9999.0 -9999.0 -9999.0 -9999.0 -9999.0 -9999.0 -9999.0 -9999.0 -9999.0 -9999.0 -9999.0 -9999.0 -9999.0 -9999.0 -9999.0 -9999.0 -9999.0 -9999.0 -9999.0 -9999.0 -9999.0 -9999.0 -9999.0 -9999.0 -9999.0 -9999.0 -9999.0 -9999.0 -9999.0 -9999.0 -9999.0 -9999.0 -9999.0 -9999.0 -9999.0 -9999.0 -9999.0 -9999.0 -9999.0 -9999.0 -9999.0 -9999.0 -9999.0 -9999.0 -9999.0 -9999.0 -9999.0 -9999.0 -9999.0 -9999.0 -9999.0 -9999.0 -9999.0 -9999.0 -9999.0 -9999.0 -9999.0 -9999.0 -9999.0 -9999.0 -9999.0 -9999.0 -9999.0 -9999.0 -9999.0 -9999.0