Borden_/Borden1m_014/output_maps/psiliqL0013N0024.asc
ncols         80
nrows         18
xllcorner     620200.000000
yllcorner     5168000.000000
cellsize      1.000000
NODATA_value  -9999.0
-9999.0 -9999.0 -9999.0 -9999.0 -9999.0 -9999.0 -9999.0 -9999.0 -9999.0 -9999.0 -9999.0 -9999.0 -9999.0 -9999.0 -9999.0 -9999.0 -9999.0 -9999.0 -9999.0 -9999.0 -9999.0 -9999.0 -9999.0 -9999.0 -9999.0 -9999.0 -9999.0 -9999.0 -9999.0 -9999.0 -9999.0 -9999.0 -9999.0 -9999.0 -9999.0 -9999.0 -9999.0 -9999.0 -9999.0 -9999.0 -9999.0 -9999.0 -9999.0 -9999.0 -9999.0 -9999.0 -9999.0 -9999.0 -9999.0 -9999.0 -9999.0 -9999.0 -9999.0 -9999.0 -9999.0 -9999.0 -9999.0 -9999.0 -9999.0 -9999.0 -9999.0 -9999.0 -9999.0 -9999.0 -9999.0 -9999.0 -9999.0 -9999.0 -9999.0 -9999.0 -9999.0 -9999.0 -9999.0 -9999.0 -9999.0 -9999.0 -9999.0 -9999.0 -9999.0 -9999.0
-9999.0 -9999.0 -9999.0 -9999.0 -9999.0 -9999.0 -9999.0 -9999.0 -9999.0 -9999.0 -9999.0 -9999.0 -9999.0 -9999.0 -9999.0 -9999.0 -9999.0 -9999.0 -9999.0 -9999.0 -9999.0 -9999.0 -9999.0 -9999.0 -9999.0 -9999.0 -9999.0 -9999.0 -9999.0 -9999.0 -9999.0 -9999.0 -9999.0 -9999.0 -9999.0 -9999.0 -9999.0 -9999.0 -9999.0 -9999.0 -9999.0 -9999.0 -9999.0 -9999.0 -9999.0 -9999.0 -9999.0 -9999.0 -9999.0 -9999.0 -9999.0 -9999.0 -9999.0 -9999.0 -9999.0 -9999.0 -9999.0 -9999.0 -9999.0 -9999.0 -9999.0 -9999.0 -9999.0 -9999.0 -9999.0 -9999.0 -9999.0 -9999.0 -9999.0 -9999.0 -9999.0 -9999.0 -9999.0 -9999.0 -9999.0 -9999.0 -9999.0 -9999.0 -9999.0 -9999.0
-9999.0 -9999.0 -9999.0 -9999.0 -9999.0 -9999.0 -9999.0 -9999.0 -9999.0 -9999.0 -9999.0 -9999.0 -9999.0 -9999.0 -9999.0 -9999.0 -9999.0 -9999.0 -9999.0 -9999.0 743.592727 746.548306 724.971159 692.028888 664.898351 668.053553 703.783464 746.185606 785.874153 797.234285 780.581105 784.028983 780.374959 780.123551 783.289750 790.449773 794.762197 806.324944 815.193650 815.423712 810.022998 805.479086 806.080843 809.433975 814.542448 803.345441 816.301739 830.595569 835.053855 828.715152 800.356611 783.428897 773.130333 756.289265 779.296221 789.890802 811.454313 814.501252 811.858035 784.003646 753.402429 -9999.0 -9999.0 -9999.0 -9999.0 -9999.0 -9999.0 -9999.0 -9999.0 -9999.0 -9999.0 -9999.0 -9999.0 -9999.0 -9999.0 -9999.0 -9999.0 -9999.0 -9999.0 -9999.0
-9999.0 -9999.0 -9999.0 -9999.0 -9999.0 -9999.0 -9999.0 -9999.0 -9999.0 -9999.0 -9999.0 -9999.0 -9999.0 -9999.0 650.804298 641.677759 639.673820 648.999742 683.487824 714.348231 726.848149 720.116711 721.142093 698.700526 679.349618 694.574038 725.583623 758.710828 795.009523 817.060805 807.109895 806.234344 817.300779 843.866884 857.733954 855.656480 836.012285 859.560415 875.968558 885.560219 886.058099 878.658797 892.768204 909.011870 901.970466 883.757401 887.267675 898.030268 909.573352 894.084389 828.775406 807.508391 801.369085 792.604004 776.826155 768.905190 792.788349 791.727058 782.219485 763.145112 729.691060 685.044599 665.939080 703.728293 746.802217 803.492796 -9999.0 -9999.0 -9999.0 -9999.0 -9999.0 -9999.0 -9999.0 -9999.0 -9999.0 -9999.0 -9999.0 -9999.0 -9999.0 -9999.0
-9999.0 -9999.0 -9999.0 -9999.0 -9999.0 -9999.0 -9999.0 -9999.0 -9999.0 591.157184 595.993260 603.941877 606.975291 623.448950 621.930281 629.932817 638.190456 666.147247 698.366900 734.509397 764.242548 756.311172 758.336766 770.595415 776.422671 790.212345 813.516724 856.351831 899.812309 943.981961 918.068220 917.946140 938.863878 987.426460 1022.193486 1030.554847 1011.936985 1019.699076 1045.691850 1070.059945 1071.987650 1071.636884 1098.097448 1112.907166 1114.603172 1092.803947 1076.340922 1074.291858 1098.240336 1044.839798 977.304279 924.465875 924.785056 891.259500 849.943998 827.349853 822.730832 841.626531 824.630325 785.570856 747.777135 735.817688 717.385638 733.129976 754.257124 799.614000 837.431400 865.000728 863.827429 845.758682 -9999.0 -9999.0 -9999.0 -9999.0 -9999.0 -9999.0 -9999.0 -9999.0 -9999.0 -9999.0
-9999.0 -9999.0 -9999.0 -9999.0 -9999.0 -9999.0 511.504267 521.336155 542.094171 547.555293 573.459907 581.745058 603.332881 623.767433 646.406609 664.391268 696.149946 730.731203 773.646917 818.847290 852.898221 850.218696 863.455621 898.125983 940.912790 972.648327 999.699327 1042.881723 1124.593219 1172.238585 1184.427953 1191.971055 1203.337465 1251.554835 1315.397714 1332.383628 1310.430126 1294.806138 1314.442486 1351.727986 1362.161324 1365.616893 1376.350204 1385.997110 1411.129463 1400.095845 1356.516747 1339.030187 1334.763992 1318.768481 1259.499508 1195.651018 1156.129044 1101.690183 1015.079592 957.137569 960.159025 974.965686 941.825098 884.380594 840.239892 827.269313 810.150606 794.630922 798.819154 816.363307 837.382148 847.222707 833.113839 811.078386 787.344543 757.759383 758.853676 783.594727 -9999.0 -9999.0 -9999.0 -9999.0 -9999.0 -9999.0
-9999.0 -9999.0 -9999.0 -9999.0 460.989481 474.211099 462.693403 488.096176 521.359806 556.184090 589.261879 627.489713 656.246590 688.211409 731.037538 768.656745 813.774775 852.675976 911.141926 982.773214 1037.242568 1065.511323 1085.985920 1150.059291 1214.752745 1268.163597 1289.563758 1318.341676 1364.199040 1428.699063 1458.604755 1466.804489 1484.818532 1518.877541 1564.777103 1597.680412 1580.515889 1572.444847 1577.553402 1589.208019 1614.459706 1616.962880 1619.432673 1621.728043 1625.410565 1623.573476 1598.058944 1563.827881 1549.628766 1540.309615 1512.245030 1444.142955 1399.483287 1366.452210 1332.869750 1281.865655 1216.358479 1196.296751 1134.850020 1072.694214 1005.225290 979.299821 944.854405 915.397412 882.551418 880.942770 881.423366 858.878131 825.178718 791.443686 775.138327 755.323291 743.659306 772.893272 789.892781 819.970263 -9999.0 -9999.0 -9999.0 -9999.0
-9999.0 -9999.0 401.238358 450.579141 507.806841 517.312128 519.140913 525.858011 555.109097 608.278529 686.251652 739.299615 784.852900 821.237255 884.936402 969.312116 1046.865481 1101.062716 1165.357313 1237.045952 1300.089913 1336.360681 1358.824684 1400.106873 1454.084722 1513.949481 1539.862773 1566.265886 1597.581537 1632.000520 1647.342444 1662.394497 1670.598565 1672.406787 1677.192957 1678.250471 1673.296077 1666.755106 1647.667546 1643.764582 1650.979534 1655.875253 1658.153889 1645.430042 1641.503098 1654.270959 1657.032270 1656.013315 1656.107096 1663.684353 1668.432532 1630.999021 1589.424329 1572.979660 1562.723056 1519.142149 1455.491218 1410.354019 1384.963374 1340.929668 1262.863043 1209.237076 1154.802024 1100.511447 1043.111865 1007.155872 956.265783 910.748342 861.722993 813.552308 788.227595 768.608254 764.928144 763.900996 779.150064 793.895381 808.748640 816.276131 -9999.0 -9999.0
-9999.0 299.003130 371.676199 498.708141 579.253901 625.184291 660.738475 686.954377 716.381275 741.944994 850.826018 947.490419 1041.832085 1082.209600 1138.628705 1239.081923 1335.369327 1382.644595 1421.583275 1476.704570 1535.500953 1582.357253 1612.068498 1628.829949 1661.802945 1672.149247 1674.274723 1677.023529 1672.914439 1665.797271 1657.117307 1663.667480 1660.377154 1642.173272 1626.748324 1623.420404 1616.565342 1590.126048 1559.977411 1544.026130 1545.888352 1567.206979 1556.122110 1536.473959 1533.006926 1553.611074 1572.347091 1565.071148 1555.120807 1574.143318 1609.238170 1631.549529 1643.366284 1659.523192 1680.109923 1655.279061 1625.740616 1583.958659 1563.571515 1533.574149 1474.161338 1411.841878 1356.282387 1294.163715 1226.208297 1154.616998 1086.733219 1021.595177 951.690528 907.504880 873.549736 820.660290 797.025791 796.834118 786.545742 782.750608 788.158467 794.160284 -9999.0 -9999.0
-9999.0 220.821057 363.737126 549.150053 698.381438 760.449635 869.307726 952.039392 982.842100 959.224364 1072.004863 1293.198119 1391.809139 1409.794965 1481.254959 1567.042692 1592.435223 1624.807142 1647.031536 1654.834634 1661.307027 1670.439896 1669.296244 1664.061375 1650.055655 1642.208138 1640.612512 1636.941632 1618.315477 1598.275442 1579.819335 1574.846232 1556.244570 1513.820787 1481.491125 1464.187704 1446.817460 1422.080371 1385.360840 1356.432639 1340.890909 1356.504510 1348.944439 1332.439530 1329.050651 1351.734240 1385.236323 1382.682617 1392.150962 1416.171047 1457.477386 1498.688459 1522.484350 1553.286699 1590.654415 1634.758039 1651.642112 1673.065016 1677.538893 1657.100583 1612.911760 1560.817089 1525.982261 1462.293214 1389.258652 1310.596901 1245.807608 1183.022735 1110.487507 1058.743203 1007.020796 945.611284 886.680546 858.870316 817.343340 796.062387 -9999.0 -9999.0 -9999.0 -9999.0
-9999.0 145.250215 334.478332 595.355933 868.590757 988.050657 1194.431376 1324.747006 1385.965666 1450.269118 1443.739072 1580.170017 1616.112018 1611.805901 1608.209906 1612.818931 1629.017684 1633.739770 1631.251738 1622.226878 1613.607547 1609.600141 1607.980694 1600.496657 1587.589223 1571.718406 1557.487129 1542.830055 1502.696815 1468.348004 1432.467997 1415.754286 1376.171110 1285.616291 1243.108410 1207.851517 1150.315822 1140.049359 1129.173851 1097.530243 1076.007157 1056.049296 1076.768954 1080.034833 1082.421137 1088.353429 1108.587838 1133.783251 1180.320626 1218.950419 1264.451701 1317.911195 1353.963581 1399.172462 1447.354119 1504.991248 1538.600957 1570.499538 1617.523642 1657.172292 1680.326496 1669.796652 1641.411979 1595.692786 1525.736677 1458.729635 1410.289496 1339.435487 1274.060371 1218.730946 1169.777323 1113.105104 1041.144350 950.246708 905.251736 -9999.0 -9999.0 -9999.0 -9999.0 -9999.0
-9999.0 -27.898462 240.100865 531.022644 851.494660 1179.312529 1308.009908 1444.033914 1516.741576 1476.413625 1475.935475 1498.231209 1539.982545 1548.584470 1530.545389 1523.932487 1514.704911 1515.717633 1529.283614 1503.797333 1473.858228 1460.134480 1458.915646 1446.183115 1421.645769 1402.776672 1388.363949 1366.182309 1316.613254 1265.635073 1185.171028 1153.869404 1075.254345 1013.614759 967.401338 917.407099 865.081022 861.754413 876.573395 859.670043 836.298457 817.294081 843.422116 860.556752 872.730951 862.766195 873.179820 910.395867 961.517631 1007.204406 1059.480501 1117.702868 1167.920346 1219.577428 1254.281764 1306.805441 1355.813286 1404.668659 1479.550092 1558.932794 1596.480901 1631.957265 1665.879570 1681.207377 1630.780366 1581.358855 1531.989892 1473.506999 1390.160567 1341.843612 1312.467624 1266.532917 1207.925073 -9999.0 -9999.0 -9999.0 -9999.0 -9999.0 -9999.0 -9999.0
-9999.0 -156.554943 66.157604 301.433173 591.535587 831.414218 1024.731361 1138.641273 1219.211854 1242.888905 1270.246149 1302.290299 1333.230528 1356.185863 1335.640737 1299.298630 1272.881527 1277.709826 1275.171713 1251.802411 1222.580214 1207.602022 1204.894757 1196.436848 1169.422066 1152.099344 1138.608789 1112.834860 1074.890420 1017.084651 935.703761 863.141035 799.922927 765.258838 734.478287 701.003689 663.650230 673.101983 685.597357 681.027456 669.405854 665.709031 694.920818 713.790502 724.088965 712.417042 731.919515 759.449932 802.017962 845.664254 895.658726 952.352851 1008.082613 1040.316944 1057.501725 1087.751454 1132.726676 1192.052659 1280.677993 1377.001088 1455.100419 1506.045343 1557.907668 1592.424172 1607.187935 1622.640804 1601.224220 1523.424794 1400.747437 1402.492258 1396.143790 -9999.0 -9999.0 -9999.0 -9999.0 -9999.0 -9999.0 -9999.0 -9999.0 -9999.0
-9999.0 -9999.0 -168.795737 13.129678 158.703845 341.749106 493.969112 604.926280 689.959244 794.752777 893.646676 973.814962 1017.245577 1035.005382 1019.949693 984.903802 962.573963 962.941680 953.467157 941.819266 920.417136 911.776588 900.818615 891.825203 879.314119 871.631355 864.650284 851.483957 827.298666 779.067272 728.006816 675.472240 620.872319 594.731552 572.282558 549.942192 547.345913 543.927818 549.723398 550.831786 556.882515 568.999101 589.321242 611.076444 620.802699 629.109575 641.910608 665.978887 699.554798 741.863791 795.815096 853.528985 893.735744 907.493722 899.595251 907.232874 931.435003 978.616392 1065.871760 1157.041023 1254.697803 1328.047641 1401.764958 1455.891494 1475.451399 1495.486719 1515.796573 1450.625729 1070.997898 1334.753927 -9999.0 -9999.0 -9999.0 -9999.0 -9999.0 -9999.0 -9999.0 -9999.0 -9999.0 -9999.0
-9999.0 -9999.0 -9999.0 -9999.0 -129.459995 27.025209 123.361717 207.374034 333.536719 449.153418 545.702549 625.751816 683.836628 709.166241 702.199079 703.119051 697.237460 692.325563 683.226334 680.337302 677.197387 669.340318 655.972850 647.957871 647.443418 650.948994 647.785933 633.512618 615.693955 590.551433 568.126887 532.945384 496.114039 466.586747 453.197965 446.757113 446.540616 440.100724 449.037471 455.825463 470.792513 486.061088 509.912759 538.604741 551.889757 566.485429 576.364243 597.218703 627.680554 681.031369 744.185425 801.477784 836.771876 841.227878 816.525273 801.764050 799.684021 829.653731 878.475665 950.980344 1057.212864 1136.453036 1201.844679 1251.739828 1287.677232 1337.919497 1397.125346 1434.501024 -9999.0 -9999.0 -9999.0 -9999.0 -9999.0 -9999.0 -9999.0 -9999.0 -9999.0 -9999.0 -9999.0 -9999.0
-9999.0 -9999.0 -9999.0 -9999.0 -9999.0 -9999.0 -177.518380 -78.274075 5.806622 137.240273 260.102919 356.920686 434.383569 463.178882 485.612861 510.389569 507.501472 489.980742 472.193731 489.844143 501.585826 495.964201 466.906396 465.667370 469.486234 477.791710 475.615858 468.898422 443.556079 453.083921 452.441035 428.978736 402.669904 388.354286 376.494946 386.139405 386.548342 373.388402 374.757516 401.136951 421.093099 434.367833 456.508395 489.682033 521.851126 536.663215 537.933631 544.225053 585.051469 655.388235 726.459982 781.027542 812.809522 820.664432 793.070677 752.987532 732.672373 740.471846 776.548072 831.721368 910.826877 964.235178 996.892400 1017.678949 1043.645105 1139.272500 -9999.0 -9999.0 -9999.0 -9999.0 -9999.0 -9999.0 -9999.0 -9999.0 -9999.0 -9999.0 -9999.0 -9999.0 -9999.0 -9999.0
-9999.0 -9999.0 -9999.0 -9999.0 -9999.0 -9999.0 -9999.0 -9999.0 -9999.0 -9999.0 -9999.0 -9999.0 -9999.0 -9999.0 -9999.0 -9999.0 -9999.0 -9999.0 -9999.0 -9999.0 -9999.0 -9999.0 -9999.0 -9999.0 -9999.0 -9999.0 -9999.0 -9999.0 -9999.0 -9999.0 -9999.0 -9999.0 -9999.0 -9999.0 -9999.0 -9999.0 -9999.0 -9999.0 -9999.0 -9999.0 -9999.0 -9999.0 -9999.0 -9999.0 -9999.0 -9999.0 -9999.0 -9999.0 -9999.0 -9999.0 -9999.0 -9999.0 -9999.0 -9999.0 -9999.0 -9999.0 -9999.0 -9999.0 -9999.0 -9999.0 -9999.0 -9999.0 -9999.0 -9999.0 -9999.0 -9999.0 -9999.0 -9999.0 -9999.0 -9999.0 -9999.0 -9999.0 -9999.0 -9999.0 -9999.0 -9999.0 -9999.0 -9999.0 -9999.0 -9999.0
-9999.0 -9999.0 -9999.0 -9999.0 -9999.0 -9999.0 -9999.0 -9999.0 -9999.0 -9999.0 -9999.0 -9999.0 -9999.0 -9999.0 -9999.0 -9999.0 -9999.0 -9999.0 -9999.0 -9999.0 -9999.0 -9999.0 -9999.0 -9999.0 -9999.0 -9999.0 -9999.0 -9999.0 -9999.0 -9999.0 -9999.0 -9999.0 -9999.0 -9999.0 -9999.0 -9999.0 -9999.0 -9999.0 -9999.0 -9999.0 -9999.0 -9999.0 -9999.0 -9999.0 -9999.0 -9999.0 -9999.0 -9999.0 -9999.0 -9999.0 -9999.0 -9999.0 -9999.0 -9999.0 -9999.0 -9999.0 -9999.0 -9999.0 -9999.0 -9999.0 -9999.0 -9999.0 -9999.0 -9999.0 -9999.0 -9999.0 -9999.0 -9999.0 -9999.0 -9999.0 -9999.0 -9999.0 -9999.0 -9999.0 -9999.0 -9999.0 -9999.0 -9999.0 -9999.0 -9999.0