Borden_/Borden1m_014/output_maps/psiliqL0002N0025.asc
ncols         80
nrows         18
xllcorner     620200.000000
yllcorner     5168000.000000
cellsize      1.000000
NODATA_value  -9999.0
-9999.0 -9999.0 -9999.0 -9999.0 -9999.0 -9999.0 -9999.0 -9999.0 -9999.0 -9999.0 -9999.0 -9999.0 -9999.0 -9999.0 -9999.0 -9999.0 -9999.0 -9999.0 -9999.0 -9999.0 -9999.0 -9999.0 -9999.0 -9999.0 -9999.0 -9999.0 -9999.0 -9999.0 -9999.0 -9999.0 -9999.0 -9999.0 -9999.0 -9999.0 -9999.0 -9999.0 -9999.0 -9999.0 -9999.0 -9999.0 -9999.0 -9999.0 -9999.0 -9999.0 -9999.0 -9999.0 -9999.0 -9999.0 -9999.0 -9999.0 -9999.0 -9999.0 -9999.0 -9999.0 -9999.0 -9999.0 -9999.0 -9999.0 -9999.0 -9999.0 -9999.0 -9999.0 -9999.0 -9999.0 -9999.0 -9999.0 -9999.0 -9999.0 -9999.0 -9999.0 -9999.0 -9999.0 -9999.0 -9999.0 -9999.0 -9999.0 -9999.0 -9999.0 -9999.0 -9999.0
-9999.0 -9999.0 -9999.0 -9999.0 -9999.0 -9999.0 -9999.0 -9999.0 -9999.0 -9999.0 -9999.0 -9999.0 -9999.0 -9999.0 -9999.0 -9999.0 -9999.0 -9999.0 -9999.0 -9999.0 -9999.0 -9999.0 -9999.0 -9999.0 -9999.0 -9999.0 -9999.0 -9999.0 -9999.0 -9999.0 -9999.0 -9999.0 -9999.0 -9999.0 -9999.0 -9999.0 -9999.0 -9999.0 -9999.0 -9999.0 -9999.0 -9999.0 -9999.0 -9999.0 -9999.0 -9999.0 -9999.0 -9999.0 -9999.0 -9999.0 -9999.0 -9999.0 -9999.0 -9999.0 -9999.0 -9999.0 -9999.0 -9999.0 -9999.0 -9999.0 -9999.0 -9999.0 -9999.0 -9999.0 -9999.0 -9999.0 -9999.0 -9999.0 -9999.0 -9999.0 -9999.0 -9999.0 -9999.0 -9999.0 -9999.0 -9999.0 -9999.0 -9999.0 -9999.0 -9999.0
-9999.0 -9999.0 -9999.0 -9999.0 -9999.0 -9999.0 -9999.0 -9999.0 -9999.0 -9999.0 -9999.0 -9999.0 -9999.0 -9999.0 -9999.0 -9999.0 -9999.0 -9999.0 -9999.0 -9999.0 -567.558112 -566.611569 -568.612461 -570.865709 -572.769801 -573.020715 -570.896027 -568.452110 -565.617988 -565.057984 -567.384454 -566.805810 -567.730435 -568.254534 -568.306002 -567.665653 -567.356047 -566.444134 -565.868196 -566.147584 -566.850550 -567.344350 -567.819391 -567.677320 -566.875198 -567.953611 -566.369248 -564.814803 -564.269275 -564.264000 -566.352872 -567.204061 -567.508085 -569.316320 -566.046842 -565.103136 -562.688734 -562.462101 -561.996868 -564.710411 -567.359608 -9999.0 -9999.0 -9999.0 -9999.0 -9999.0 -9999.0 -9999.0 -9999.0 -9999.0 -9999.0 -9999.0 -9999.0 -9999.0 -9999.0 -9999.0 -9999.0 -9999.0 -9999.0 -9999.0
-9999.0 -9999.0 -9999.0 -9999.0 -9999.0 -9999.0 -9999.0 -9999.0 -9999.0 -9999.0 -9999.0 -9999.0 -9999.0 -9999.0 -571.122010 -572.214867 -572.727114 -573.073977 -571.168602 -569.690373 -569.670094 -570.810258 -569.862022 -572.045413 -573.973593 -572.807608 -571.179447 -569.868079 -567.637565 -565.896778 -567.527239 -567.928628 -567.057143 -563.920543 -562.526266 -563.192799 -566.892677 -563.428651 -561.670618 -560.521418 -560.671587 -562.367926 -560.009064 -557.244447 -558.669601 -561.585640 -560.979165 -559.360205 -556.646192 -558.039529 -567.075820 -567.962286 -567.480043 -567.272871 -568.473136 -569.353567 -566.059726 -566.540359 -567.069057 -567.613408 -569.478941 -572.524498 -573.887176 -570.703206 -567.885717 -561.981401 -9999.0 -9999.0 -9999.0 -9999.0 -9999.0 -9999.0 -9999.0 -9999.0 -9999.0 -9999.0 -9999.0 -9999.0 -9999.0 -9999.0
-9999.0 -9999.0 -9999.0 -9999.0 -9999.0 -9999.0 -9999.0 -9999.0 -9999.0 -572.824683 -573.145744 -572.855685 -573.597335 -572.662357 -574.289519 -573.928501 -574.234631 -572.940472 -571.917320 -570.103022 -567.621671 -569.486877 -569.732459 -568.408532 -568.239341 -567.746983 -566.672170 -562.553118 -557.772528 -550.049977 -556.666347 -556.950578 -553.385019 -539.611255 -526.653177 -522.567719 -529.512791 -529.588042 -521.039033 -510.350214 -510.376734 -511.397032 -499.362285 -491.715520 -485.940332 -497.894435 -508.952286 -510.687528 -495.949004 -520.357728 -539.745966 -554.819205 -553.845114 -558.763366 -564.023950 -565.934541 -566.680033 -562.874631 -564.306778 -567.720024 -570.465585 -569.537531 -571.093821 -569.574793 -568.546307 -564.082398 -560.017917 -555.992201 -555.792332 -558.373060 -9999.0 -9999.0 -9999.0 -9999.0 -9999.0 -9999.0 -9999.0 -9999.0 -9999.0 -9999.0
-9999.0 -9999.0 -9999.0 -9999.0 -9999.0 -9999.0 -574.622757 -574.776838 -574.194477 -576.193530 -574.851374 -575.843172 -574.861181 -574.457920 -573.838664 -573.855587 -572.209740 -570.780440 -568.300726 -564.936435 -561.743766 -563.486786 -562.664721 -557.994602 -548.241457 -538.776302 -532.801434 -521.735735 -479.728630 -426.012043 -398.625463 -383.651087 -363.145878 -338.385533 -289.591624 -214.659563 -293.657976 -312.791463 -299.673512 -261.122693 -173.295311 -172.035198 -167.060679 -160.053975 -134.213627 -138.958765 -255.724246 -284.018155 -291.750106 -298.706342 -332.305895 -368.728020 -442.213699 -492.651786 -527.408938 -543.819816 -546.811193 -544.475078 -550.916603 -559.235996 -564.045073 -564.020305 -564.929501 -566.691940 -565.867834 -564.075244 -561.250103 -559.455789 -560.816001 -562.641526 -563.980551 -566.924165 -566.450813 -563.588708 -9999.0 -9999.0 -9999.0 -9999.0 -9999.0 -9999.0
-9999.0 -9999.0 -9999.0 -9999.0 -577.604781 -576.713507 -579.421339 -577.928606 -576.794172 -575.960255 -576.026871 -574.503586 -574.130461 -573.058771 -570.703743 -568.872658 -565.502006 -562.956814 -555.567938 -538.998453 -521.964321 -510.951167 -504.136768 -444.795103 -361.831788 -328.941976 -318.127795 -298.885550 -253.412897 -126.852559 -101.307857 -94.782173 -77.922546 -87.194253 -14.584519 19.391205 0.373569 -5.661877 -3.948607 3.314911 26.659556 27.288780 28.014375 28.125637 30.114582 32.058886 12.675715 -17.255460 -28.577295 -35.123354 -52.327271 -112.090933 -220.541445 -260.813893 -283.524464 -315.720828 -359.599565 -386.026067 -471.099480 -508.539044 -533.949378 -542.515285 -550.348650 -554.172759 -559.195983 -558.289200 -556.891357 -559.415524 -562.629897 -565.637652 -565.966168 -567.258867 -568.743053 -565.043607 -563.765550 -559.720333 -9999.0 -9999.0 -9999.0 -9999.0
-9999.0 -9999.0 -577.687554 -577.671028 -575.278765 -576.824509 -577.731021 -579.047865 -578.568613 -576.290672 -571.923129 -570.102730 -567.118556 -565.539131 -558.334241 -538.838383 -513.766489 -489.892966 -414.762670 -351.313581 -311.299518 -275.469967 -185.180233 -148.580311 -105.159256 -93.282247 -36.088407 -16.041859 6.282723 32.158369 56.909970 72.215774 77.949559 71.485771 70.857986 68.494325 67.199401 63.050998 46.761610 44.488058 51.619275 53.954128 57.258251 45.120188 41.316602 53.802266 55.581566 56.218786 58.493292 66.557148 77.498609 48.791189 -3.479636 -14.287867 -16.982034 -54.028045 -112.819763 -212.117141 -244.409504 -282.871591 -339.922829 -371.466328 -447.904477 -500.654405 -526.213920 -537.324341 -547.876484 -554.191042 -559.808373 -564.888155 -566.383051 -567.259841 -566.529764 -567.068512 -565.102781 -563.628397 -561.397303 -560.562129 -9999.0 -9999.0
-9999.0 -578.315025 -579.206825 -574.963156 -574.367211 -573.566880 -572.443255 -571.478296 -570.354623 -572.085025 -560.041893 -534.948826 -506.167827 -493.631780 -432.041957 -334.150195 -182.973664 -150.614729 -124.560975 -85.692768 -38.803612 -0.859749 22.814733 54.991451 78.420533 72.697087 70.314261 68.638796 59.745882 52.621663 42.725142 50.764125 49.519130 34.465779 22.974751 23.060384 20.002306 -3.385950 -28.488510 -40.314609 -34.980024 -14.006174 -24.111665 -43.983998 -47.864957 -28.359671 -13.554634 -21.926168 -33.635752 -18.605905 12.127449 28.053301 44.289836 57.978704 78.085840 56.186107 24.022399 -11.387900 -25.032308 -48.070966 -154.796795 -218.573013 -271.810873 -326.528763 -367.551773 -453.594160 -508.964904 -531.834363 -547.654143 -553.324331 -556.774195 -563.827136 -565.589369 -564.055028 -564.978460 -565.082771 -564.207165 -563.528679 -9999.0 -9999.0
-9999.0 -582.327498 -578.444331 -573.990869 -568.361830 -567.674596 -546.845908 -525.939404 -518.410333 -529.709842 -466.915354 -177.371809 -116.446612 -116.032374 -64.742390 1.791378 42.021596 63.206842 77.263602 67.418061 61.601470 63.500134 58.566218 50.442674 37.308788 30.013025 29.892448 28.481891 11.974835 -4.839128 -19.753841 -19.958292 -32.627627 -65.927300 -95.568822 -105.907165 -123.749820 -199.578428 -244.497182 -273.755081 -286.023676 -267.337174 -277.366805 -293.852088 -297.104313 -275.610626 -242.859392 -247.371455 -240.054931 -215.152963 -170.267567 -83.777659 -64.629227 -39.898588 -7.772270 28.382338 46.757336 66.025109 72.689496 48.349468 11.530205 -32.625941 -59.416797 -168.210465 -239.891500 -311.790339 -351.498400 -382.038662 -473.265810 -507.666461 -528.442503 -544.625722 -555.497833 -557.809102 -562.915953 -563.665013 -9999.0 -9999.0 -9999.0 -9999.0
-9999.0 -582.417271 -578.592832 -569.984007 -547.849668 -510.302465 -362.561292 -249.098167 -72.934860 -128.644114 -7.313707 62.670132 70.654830 54.053555 27.840674 24.324151 33.310054 35.296392 30.897153 22.430080 12.934852 9.828641 7.708552 0.219665 -10.632751 -24.606122 -34.996544 -44.681041 -134.859819 -170.651304 -198.210160 -216.088420 -250.601622 -322.322779 -345.700761 -362.671080 -436.214730 -453.552074 -469.590318 -494.338609 -504.035572 -509.981888 -501.885679 -504.029970 -504.809087 -499.711335 -485.291860 -471.447101 -414.468495 -368.102067 -343.964935 -307.159910 -277.058040 -232.533632 -180.635169 -77.784897 -50.792073 -25.260801 14.012067 49.132933 69.389661 61.929971 34.104604 0.292539 -55.283240 -169.283793 -216.262067 -273.788986 -325.856016 -357.602125 -380.532511 -453.733976 -511.852676 -541.944147 -549.398118 -9999.0 -9999.0 -9999.0 -9999.0 -9999.0
-9999.0 -587.831092 -578.241486 -571.173363 -530.904032 -351.666842 -270.747601 0.293481 51.717218 -16.259777 -130.935246 -48.926860 -16.288942 -16.364098 -40.644139 -49.428243 -55.678892 -56.502078 -44.376542 -71.760492 -150.145681 -168.177941 -170.520740 -184.729906 -208.749167 -229.089768 -244.404553 -265.309122 -311.628603 -341.506019 -384.490789 -427.101905 -498.645681 -527.138867 -540.073678 -550.820301 -560.286770 -560.064472 -557.105784 -559.679501 -562.399043 -565.259891 -561.824277 -560.244455 -558.705735 -560.617412 -560.104891 -555.306378 -546.996840 -537.293028 -521.083094 -494.882156 -449.778195 -371.654216 -350.633454 -314.231544 -275.136501 -226.304604 -151.345240 -31.208363 -4.833033 23.963952 59.478482 77.793524 40.441052 5.343015 -46.053354 -122.068324 -223.599546 -274.628298 -299.325226 -326.374367 -359.921746 -9999.0 -9999.0 -9999.0 -9999.0 -9999.0 -9999.0 -9999.0
-9999.0 -591.012808 -580.577398 -578.862110 -566.077199 -535.559913 -467.560561 -347.319585 -183.943274 -310.382332 -323.294024 -305.159322 -282.068185 -263.272079 -283.802923 -309.557728 -325.956661 -322.547553 -320.746475 -335.949783 -353.483450 -360.956062 -361.829508 -371.306003 -414.763008 -442.684314 -457.840553 -480.938197 -504.700695 -525.933446 -549.182267 -559.185730 -565.857355 -568.091095 -569.719988 -571.433470 -574.759674 -572.917482 -571.502191 -571.868439 -572.931931 -573.749127 -571.276248 -570.432277 -569.649045 -571.947701 -570.370846 -568.968995 -565.741098 -562.370669 -557.394206 -549.709444 -539.157700 -530.731568 -523.718644 -509.823665 -481.801888 -394.218611 -334.437398 -249.943675 -175.831190 -82.678444 -34.890946 -24.294986 18.174960 26.760293 35.092679 15.628912 -140.224619 -217.812446 -239.815959 -9999.0 -9999.0 -9999.0 -9999.0 -9999.0 -9999.0 -9999.0 -9999.0 -9999.0
-9999.0 -9999.0 -593.080960 -588.733479 -584.826162 -580.909766 -575.312569 -567.629769 -561.712278 -553.382018 -540.349655 -524.094276 -512.157149 -506.042449 -514.199619 -528.895063 -536.624098 -536.046411 -538.037012 -541.968532 -548.701459 -551.212621 -552.834183 -554.112963 -556.758549 -557.849099 -558.295461 -559.236922 -561.303101 -565.850871 -569.722886 -572.301278 -575.145828 -574.992971 -575.434892 -576.429009 -575.608624 -575.809677 -575.541018 -575.695987 -575.479522 -575.033199 -574.491608 -573.740161 -573.719890 -573.516687 -573.250854 -572.421133 -571.140367 -569.437506 -566.033593 -560.881242 -556.795868 -555.780891 -557.932425 -557.226048 -554.156933 -546.458527 -518.145902 -444.825139 -354.073720 -300.786293 -230.412505 -178.796803 -139.228721 -87.395513 -30.930679 -57.268419 -224.473673 -235.163966 -9999.0 -9999.0 -9999.0 -9999.0 -9999.0 -9999.0 -9999.0 -9999.0 -9999.0 -9999.0
-9999.0 -9999.0 -9999.0 -9999.0 -594.737038 -588.770381 -583.332883 -583.866566 -579.952802 -577.630481 -575.422631 -572.698702 -570.435147 -568.905523 -570.879576 -571.363328 -571.762303 -571.445785 -571.841917 -572.370834 -572.634667 -572.946749 -573.229021 -573.672566 -573.503844 -573.089949 -572.970752 -573.717183 -573.695629 -575.139829 -575.322933 -576.135432 -576.927012 -577.853625 -577.649840 -577.759633 -577.341204 -577.783592 -577.102989 -577.529463 -577.028059 -576.810170 -576.200343 -575.197778 -575.614371 -575.033559 -575.014907 -574.247608 -573.976590 -571.921049 -568.502217 -564.431990 -561.590594 -561.718342 -565.355793 -566.816305 -567.659046 -565.368603 -561.326234 -552.136407 -525.180887 -487.752993 -391.831047 -351.344372 -327.878282 -286.602804 -223.516232 -179.992022 -9999.0 -9999.0 -9999.0 -9999.0 -9999.0 -9999.0 -9999.0 -9999.0 -9999.0 -9999.0 -9999.0 -9999.0
-9999.0 -9999.0 -9999.0 -9999.0 -9999.0 -9999.0 -592.253202 -589.325367 -590.138574 -588.028795 -586.176886 -584.699212 -582.352372 -582.727209 -582.092350 -580.208496 -580.493961 -581.380184 -582.497836 -580.829825 -580.130609 -579.946730 -581.776259 -581.259985 -581.083790 -580.371314 -580.444609 -580.128081 -581.708310 -579.853361 -578.966098 -579.307108 -579.633638 -579.276543 -579.679974 -578.500381 -578.360594 -579.300765 -579.572585 -578.231831 -577.866183 -578.075286 -577.825743 -576.920834 -575.581156 -575.397157 -576.021327 -576.892262 -575.520922 -572.345829 -568.717782 -565.428683 -563.223040 -562.459028 -565.486393 -569.492087 -571.460084 -571.729639 -570.103532 -566.924573 -558.928446 -552.993632 -547.733746 -540.219508 -531.459478 -481.707600 -9999.0 -9999.0 -9999.0 -9999.0 -9999.0 -9999.0 -9999.0 -9999.0 -9999.0 -9999.0 -9999.0 -9999.0 -9999.0 -9999.0
-9999.0 -9999.0 -9999.0 -9999.0 -9999.0 -9999.0 -9999.0 -9999.0 -9999.0 -9999.0 -9999.0 -9999.0 -9999.0 -9999.0 -9999.0 -9999.0 -9999.0 -9999.0 -9999.0 -9999.0 -9999.0 -9999.0 -9999.0 -9999.0 -9999.0 -9999.0 -9999.0 -9999.0 -9999.0 -9999.0 -9999.0 -9999.0 -9999.0 -9999.0 -9999.0 -9999.0 -9999.0 -9999.0 -9999.0 -9999.0 -9999.0 -9999.0 -9999.0 -9999.0 -9999.0 -9999.0 -9999.0 -9999.0 -9999.0 -9999.0 -9999.0 -9999.0 -9999.0 -9999.0 -9999.0 -9999.0 -9999.0 -9999.0 -9999.0 -9999.0 -9999.0 -9999.0 -9999.0 -9999.0 -9999.0 -9999.0 -9999.0 -9999.0 -9999.0 -9999.0 -9999.0 -9999.0 -9999.0 -9999.0 -9999.0 -9999.0 -9999.0 -9999.0 -9999.0 -9999.0
-9999.0 -9999.0 -9999.0 -9999.0 -9999.0 -9999.0 -9999.0 -9999.0 -9999.0 -9999.0 -9999.0 -9999.0 -9999.0 -9999.0 -9999.0 -9999.0 -9999.0 -9999.0 -9999.0 -9999.0 -9999.0 -9999.0 -9999.0 -9999.0 -9999.0 -9999.0 -9999.0 -9999.0 -9999.0 -9999.0 -9999.0 -9999.0 -9999.0 -9999.0 -9999.0 -9999.0 -9999.0 -9999.0 -9999.0 -9999.0 -9999.0 -9999.0 -9999.0 -9999.0 -9999.0 -9999.0 -9999.0 -9999.0 -9999.0 -9999.0 -9999.0 -9999.0 -9999.0 -9999.0 -9999.0 -9999.0 -9999.0 -9999.0 -9999.0 -9999.0 -9999.0 -9999.0 -9999.0 -9999.0 -9999.0 -9999.0 -9999.0 -9999.0 -9999.0 -9999.0 -9999.0 -9999.0 -9999.0 -9999.0 -9999.0 -9999.0 -9999.0 -9999.0 -9999.0 -9999.0