Borden_/Borden1m_014/output_maps/psiliqL0003N0033.asc
ncols         80
nrows         18
xllcorner     620200.000000
yllcorner     5168000.000000
cellsize      1.000000
NODATA_value  -9999.0
-9999.0 -9999.0 -9999.0 -9999.0 -9999.0 -9999.0 -9999.0 -9999.0 -9999.0 -9999.0 -9999.0 -9999.0 -9999.0 -9999.0 -9999.0 -9999.0 -9999.0 -9999.0 -9999.0 -9999.0 -9999.0 -9999.0 -9999.0 -9999.0 -9999.0 -9999.0 -9999.0 -9999.0 -9999.0 -9999.0 -9999.0 -9999.0 -9999.0 -9999.0 -9999.0 -9999.0 -9999.0 -9999.0 -9999.0 -9999.0 -9999.0 -9999.0 -9999.0 -9999.0 -9999.0 -9999.0 -9999.0 -9999.0 -9999.0 -9999.0 -9999.0 -9999.0 -9999.0 -9999.0 -9999.0 -9999.0 -9999.0 -9999.0 -9999.0 -9999.0 -9999.0 -9999.0 -9999.0 -9999.0 -9999.0 -9999.0 -9999.0 -9999.0 -9999.0 -9999.0 -9999.0 -9999.0 -9999.0 -9999.0 -9999.0 -9999.0 -9999.0 -9999.0 -9999.0 -9999.0
-9999.0 -9999.0 -9999.0 -9999.0 -9999.0 -9999.0 -9999.0 -9999.0 -9999.0 -9999.0 -9999.0 -9999.0 -9999.0 -9999.0 -9999.0 -9999.0 -9999.0 -9999.0 -9999.0 -9999.0 -9999.0 -9999.0 -9999.0 -9999.0 -9999.0 -9999.0 -9999.0 -9999.0 -9999.0 -9999.0 -9999.0 -9999.0 -9999.0 -9999.0 -9999.0 -9999.0 -9999.0 -9999.0 -9999.0 -9999.0 -9999.0 -9999.0 -9999.0 -9999.0 -9999.0 -9999.0 -9999.0 -9999.0 -9999.0 -9999.0 -9999.0 -9999.0 -9999.0 -9999.0 -9999.0 -9999.0 -9999.0 -9999.0 -9999.0 -9999.0 -9999.0 -9999.0 -9999.0 -9999.0 -9999.0 -9999.0 -9999.0 -9999.0 -9999.0 -9999.0 -9999.0 -9999.0 -9999.0 -9999.0 -9999.0 -9999.0 -9999.0 -9999.0 -9999.0 -9999.0
-9999.0 -9999.0 -9999.0 -9999.0 -9999.0 -9999.0 -9999.0 -9999.0 -9999.0 -9999.0 -9999.0 -9999.0 -9999.0 -9999.0 -9999.0 -9999.0 -9999.0 -9999.0 -9999.0 -9999.0 -585.766847 -584.642320 -587.382320 -590.571844 -593.203451 -593.470267 -590.487973 -586.934396 -582.882792 -581.992738 -585.071491 -584.399975 -585.573234 -586.175470 -586.168394 -585.307871 -584.899613 -583.580798 -582.709153 -583.032563 -583.993851 -584.705917 -585.278466 -585.026641 -583.994150 -585.432456 -583.287321 -581.100112 -580.281983 -580.422650 -583.515393 -584.859558 -585.381360 -587.735344 -583.465370 -582.066588 -578.712103 -578.308599 -577.817899 -581.595068 -585.308180 -9999.0 -9999.0 -9999.0 -9999.0 -9999.0 -9999.0 -9999.0 -9999.0 -9999.0 -9999.0 -9999.0 -9999.0 -9999.0 -9999.0 -9999.0 -9999.0 -9999.0 -9999.0 -9999.0
-9999.0 -9999.0 -9999.0 -9999.0 -9999.0 -9999.0 -9999.0 -9999.0 -9999.0 -9999.0 -9999.0 -9999.0 -9999.0 -9999.0 -591.404971 -592.798293 -593.432212 -593.722272 -591.041476 -588.842040 -588.575721 -590.027534 -588.963198 -591.887811 -594.440867 -592.888822 -590.521953 -588.406074 -585.090893 -582.597399 -584.795232 -585.333805 -584.083272 -579.778284 -577.749568 -578.584822 -583.398402 -578.827338 -576.307215 -574.671882 -574.885140 -577.083138 -573.909804 -570.205159 -572.023371 -575.940272 -575.168001 -572.924023 -569.298371 -571.493348 -583.730606 -585.300361 -584.810470 -584.724533 -586.380198 -587.510195 -583.166573 -583.651583 -584.442483 -585.486080 -588.292755 -592.566729 -594.407287 -590.107814 -585.989571 -577.847866 -9999.0 -9999.0 -9999.0 -9999.0 -9999.0 -9999.0 -9999.0 -9999.0 -9999.0 -9999.0 -9999.0 -9999.0 -9999.0 -9999.0
-9999.0 -9999.0 -9999.0 -9999.0 -9999.0 -9999.0 -9999.0 -9999.0 -9999.0 -594.060588 -594.387709 -593.979038 -594.815904 -593.559698 -595.460388 -594.963946 -595.228225 -593.382517 -591.727660 -589.020450 -585.605023 -587.953704 -588.244267 -586.496368 -586.168894 -585.315662 -583.567443 -577.735668 -570.814213 -560.405058 -568.880258 -569.259063 -564.422633 -546.909917 -529.785062 -523.998468 -533.556297 -533.466938 -521.570577 -506.104116 -505.108916 -506.299861 -488.080862 -476.270267 -468.438442 -486.022443 -503.476455 -506.110742 -485.698670 -520.656903 -547.251175 -566.396779 -565.476074 -572.269911 -579.620097 -582.446528 -583.334424 -578.373235 -580.415332 -585.256360 -589.194242 -588.326225 -590.404618 -588.333328 -586.647790 -580.383964 -574.605603 -569.068275 -568.801158 -572.281304 -9999.0 -9999.0 -9999.0 -9999.0 -9999.0 -9999.0 -9999.0 -9999.0 -9999.0 -9999.0
-9999.0 -9999.0 -9999.0 -9999.0 -9999.0 -9999.0 -596.862003 -596.968699 -596.129863 -598.408396 -596.620680 -597.703873 -596.354850 -595.671884 -594.700596 -594.499334 -592.149072 -589.947902 -586.262950 -581.339308 -576.775630 -578.861551 -577.623860 -571.084127 -558.403191 -546.339595 -538.172261 -522.299532 -461.745493 -404.814175 -381.536126 -370.678820 -358.398132 -327.446036 -272.932925 -251.738864 -275.409405 -292.510383 -274.731348 -230.550929 -151.188298 -149.424655 -143.595276 -136.742703 -110.669124 -115.931234 -223.968142 -255.109676 -265.640979 -275.945580 -319.260759 -364.369784 -421.991939 -479.667739 -530.612459 -552.706012 -556.090989 -552.541345 -561.430467 -572.923686 -579.768143 -580.039957 -581.452253 -583.781108 -582.673645 -580.055075 -576.102481 -573.670848 -575.575147 -578.257569 -580.434025 -584.476182 -583.889938 -579.998449 -9999.0 -9999.0 -9999.0 -9999.0 -9999.0 -9999.0
-9999.0 -9999.0 -9999.0 -9999.0 -600.678784 -599.558428 -602.818341 -600.906838 -599.347932 -598.098268 -597.872993 -595.700928 -594.928919 -593.267452 -589.858909 -586.992601 -582.067588 -578.115996 -567.683087 -546.109684 -523.226189 -507.125109 -494.737656 -422.535744 -354.896860 -315.560344 -300.360222 -274.907100 -225.369635 -103.796785 -76.607722 -70.656135 -85.211086 -28.194942 -25.357398 38.359238 -8.985363 18.642099 20.493455 28.401274 52.434894 52.952935 54.048178 53.999451 56.066556 57.899524 37.751719 7.699679 -38.030101 -11.048055 -64.068681 -89.213443 -193.203304 -232.035630 -257.797195 -298.722246 -354.080099 -379.139569 -451.165331 -503.240537 -539.179716 -550.178399 -560.501575 -565.995065 -572.752413 -571.667176 -569.959622 -573.432190 -578.006579 -582.300619 -583.056481 -584.960399 -586.853379 -581.930644 -579.979945 -574.496147 -9999.0 -9999.0 -9999.0 -9999.0
-9999.0 -9999.0 -601.098442 -600.820624 -597.648363 -599.389326 -600.460468 -601.972670 -601.183232 -598.014793 -591.929782 -588.892776 -584.455448 -581.828093 -571.673408 -546.241128 -510.966835 -473.574087 -398.032827 -340.917874 -290.773168 -247.976506 -167.881456 -125.006099 -107.253520 -34.138066 -13.218767 -25.390663 31.617880 57.918761 83.215907 98.220258 101.660912 98.166928 95.292969 94.724993 92.947771 89.098536 72.435945 70.499021 77.734099 79.723908 83.275397 71.185517 67.473130 79.779111 81.537405 82.582978 83.347743 92.698132 102.511936 74.042520 21.548317 9.423244 -26.874786 -30.032904 -91.890379 -188.361529 -218.234760 -258.660201 -329.632845 -369.037976 -428.809391 -490.738716 -527.816466 -542.812822 -557.095382 -565.885326 -573.834264 -580.944348 -583.260409 -584.705213 -583.913085 -584.467812 -581.810856 -579.685416 -576.711111 -575.515268 -9999.0 -9999.0
-9999.0 -602.268932 -603.047708 -597.355702 -595.943446 -594.508473 -592.698476 -591.136850 -589.401101 -591.080865 -574.449605 -541.066091 -500.518136 -479.384586 -411.388100 -316.341880 -160.635362 -129.331923 -122.289216 -61.329540 -48.531077 24.069766 48.494392 80.511711 102.928692 97.783283 95.953606 93.787307 86.697757 79.266959 68.691623 76.604942 75.065130 61.417643 48.980640 49.067296 45.877440 21.721443 -3.805695 -15.393607 -10.070961 10.507729 0.636324 -19.208809 -22.996640 -3.576417 11.328953 3.198794 -38.564033 6.493378 36.064482 54.006672 70.279464 83.875013 103.526367 82.140779 49.951793 13.691398 -31.883306 -24.666544 -131.873339 -196.906921 -250.507694 -312.669979 -363.574539 -435.038987 -502.609822 -535.038331 -556.598965 -564.699215 -569.769848 -579.395937 -582.042545 -580.240523 -581.506653 -581.669500 -580.478284 -579.517497 -9999.0 -9999.0
-9999.0 -607.321401 -602.248478 -595.791575 -587.247173 -585.067728 -557.929330 -530.379810 -518.650933 -533.185676 -445.716846 -156.426460 -93.844981 -92.663816 -41.526566 26.260976 67.102162 88.641879 101.368952 93.900286 86.669939 89.937149 84.857024 76.927845 63.753347 56.072313 56.312880 53.991820 37.661674 20.859169 4.775276 -25.400082 -9.586505 -40.810816 -75.437196 -86.746643 -137.465950 -177.036009 -216.233442 -243.768360 -256.349412 -235.929310 -247.139883 -266.239962 -269.964275 -245.677358 -212.444078 -218.947907 -214.501385 -191.507769 -145.962964 -60.259357 -39.792011 -15.514345 16.578682 54.790593 72.920176 92.294540 98.120393 73.784298 12.003643 -7.942920 -36.064269 -145.749393 -221.485904 -299.325215 -347.507412 -384.058013 -457.060156 -502.590296 -531.353471 -552.841107 -567.603564 -571.230208 -578.240595 -579.738555 -9999.0 -9999.0 -9999.0 -9999.0
-9999.0 -607.722138 -602.647544 -590.557771 -559.269466 -509.651875 -357.728069 -227.401244 -64.986452 -102.538392 13.600926 86.448621 95.157593 79.067102 53.207757 49.826395 59.272479 61.363047 56.362924 48.056774 32.045324 35.306040 32.110755 26.002673 14.679820 -0.052979 -10.136151 -21.758657 -108.978528 -146.273570 -174.669839 -190.323298 -223.184418 -305.186257 -336.795073 -357.018007 -414.258584 -432.222344 -450.257587 -482.190155 -496.993677 -505.845792 -494.186226 -496.856880 -497.727795 -490.137227 -469.581207 -451.161511 -399.910850 -364.780352 -334.325349 -287.215740 -253.903135 -209.969676 -156.994574 -53.683281 -25.870094 -0.753024 15.242406 74.838042 95.164442 87.939367 59.530249 24.620904 -31.951663 -151.227146 -205.553175 -275.267483 -327.148454 -360.579654 -385.399052 -439.891136 -508.732975 -549.644708 -559.835481 -9999.0 -9999.0 -9999.0 -9999.0 -9999.0
-9999.0 -614.749903 -602.752185 -592.649489 -539.138539 -343.776966 -253.127666 7.540803 62.832577 -6.748943 -106.537050 -25.932913 7.402594 7.806728 -17.114935 -27.592506 -31.597207 -32.257808 -21.229211 -55.609026 -129.307844 -147.369998 -149.892121 -161.556425 -184.123327 -203.002563 -217.428184 -238.750511 -291.828506 -331.001351 -380.512195 -410.744683 -488.922405 -530.547651 -547.989417 -561.962709 -574.513059 -574.338062 -570.524522 -574.019378 -577.800625 -581.576101 -576.938852 -574.677064 -572.605180 -575.059195 -574.153540 -567.498642 -555.985826 -542.922831 -520.918322 -481.727704 -428.885734 -368.477577 -342.834997 -295.263183 -249.958116 -202.170358 -127.226943 -6.903253 16.805147 50.119716 85.818219 103.422710 65.328004 28.248323 -27.393674 -147.203734 -247.921119 -288.273260 -303.987393 -324.970684 -361.191958 -9999.0 -9999.0 -9999.0 -9999.0 -9999.0 -9999.0 -9999.0
-9999.0 -618.667340 -605.993099 -603.413673 -585.790866 -544.829105 -454.233030 -340.056616 -177.311779 -294.221607 -308.308776 -283.983844 -255.098315 -233.964700 -257.313412 -289.726014 -311.121239 -307.748547 -306.539228 -326.572000 -350.070778 -359.665930 -360.235794 -367.677019 -399.011014 -422.593640 -437.805511 -464.470229 -498.376542 -528.994373 -559.219283 -573.173239 -582.661142 -586.117084 -588.617119 -591.183100 -595.603488 -593.311530 -591.449551 -591.936707 -593.343029 -594.344131 -591.036832 -589.746385 -588.670081 -591.543484 -589.406063 -587.258838 -582.606247 -577.634745 -570.455686 -559.669569 -545.195102 -533.566277 -524.439323 -504.371682 -463.237890 -386.720871 -320.655332 -226.890819 -152.586054 -60.694209 -9.989368 -8.698241 39.669813 49.083140 55.226331 22.175630 -220.321486 -253.751742 -256.526770 -9999.0 -9999.0 -9999.0 -9999.0 -9999.0 -9999.0 -9999.0 -9999.0 -9999.0
-9999.0 -9999.0 -621.325287 -615.968144 -611.163661 -605.751492 -597.859408 -587.544981 -578.987284 -567.594494 -550.013461 -527.918937 -510.910437 -501.977596 -513.557609 -533.619442 -543.908857 -543.316063 -546.003950 -551.115704 -559.625246 -562.644901 -564.724174 -566.403489 -569.956815 -571.481527 -572.175391 -573.631690 -576.707890 -583.136284 -588.703588 -592.559873 -596.575282 -596.678705 -597.406983 -598.759493 -597.816659 -598.068747 -597.694184 -597.857575 -597.546294 -596.911027 -596.072476 -594.961856 -594.826460 -594.503658 -594.041209 -592.762702 -590.775429 -588.067643 -583.005467 -575.611524 -569.749528 -568.222841 -571.050754 -570.089322 -565.780694 -554.899915 -516.582511 -426.929497 -344.620625 -281.191476 -210.417534 -162.964948 -141.300829 -74.709577 -16.518509 -156.751279 -304.626755 -292.350649 -9999.0 -9999.0 -9999.0 -9999.0 -9999.0 -9999.0 -9999.0 -9999.0 -9999.0 -9999.0
-9999.0 -9999.0 -9999.0 -9999.0 -623.487428 -616.048345 -609.319969 -609.749641 -604.586334 -601.124582 -597.681711 -593.544783 -590.060094 -587.867725 -590.361124 -591.033433 -591.643748 -591.348254 -591.949025 -592.632402 -593.008082 -593.475220 -593.969379 -594.579137 -594.382972 -593.844182 -593.727270 -594.754601 -594.931062 -596.884284 -597.316096 -598.562882 -599.754281 -601.021286 -600.853578 -601.005099 -600.509315 -601.062659 -600.211642 -600.661949 -599.978122 -599.620768 -598.736147 -597.337062 -597.703848 -596.897569 -596.784716 -595.684872 -595.020918 -591.909273 -586.862831 -580.931412 -576.797067 -576.893180 -581.831467 -583.984473 -585.086819 -581.829623 -575.881793 -562.805296 -526.584635 -470.929725 -384.857351 -346.249484 -320.580121 -277.329463 -236.705351 -228.259602 -9999.0 -9999.0 -9999.0 -9999.0 -9999.0 -9999.0 -9999.0 -9999.0 -9999.0 -9999.0 -9999.0 -9999.0
-9999.0 -9999.0 -9999.0 -9999.0 -9999.0 -9999.0 -620.382015 -616.684095 -617.649612 -614.746296 -612.081493 -609.894167 -606.676781 -606.930265 -606.014677 -603.606167 -603.964203 -605.141332 -606.590371 -604.488795 -603.568015 -603.388512 -605.744089 -605.131307 -604.886172 -603.983020 -604.074599 -603.734342 -605.744631 -603.472521 -602.411261 -602.931944 -603.438000 -603.070252 -603.590077 -602.151004 -601.980673 -603.145362 -603.464691 -601.759128 -601.225640 -601.400018 -600.980995 -599.705829 -597.904642 -597.570793 -598.290716 -599.256811 -597.272268 -592.740384 -587.403710 -582.493956 -579.214923 -578.205735 -582.468680 -588.027610 -590.766429 -591.011619 -588.513052 -583.656572 -572.272591 -563.626710 -555.896996 -546.407212 -534.051885 -462.527388 -9999.0 -9999.0 -9999.0 -9999.0 -9999.0 -9999.0 -9999.0 -9999.0 -9999.0 -9999.0 -9999.0 -9999.0 -9999.0 -9999.0
-9999.0 -9999.0 -9999.0 -9999.0 -9999.0 -9999.0 -9999.0 -9999.0 -9999.0 -9999.0 -9999.0 -9999.0 -9999.0 -9999.0 -9999.0 -9999.0 -9999.0 -9999.0 -9999.0 -9999.0 -9999.0 -9999.0 -9999.0 -9999.0 -9999.0 -9999.0 -9999.0 -9999.0 -9999.0 -9999.0 -9999.0 -9999.0 -9999.0 -9999.0 -9999.0 -9999.0 -9999.0 -9999.0 -9999.0 -9999.0 -9999.0 -9999.0 -9999.0 -9999.0 -9999.0 -9999.0 -9999.0 -9999.0 -9999.0 -9999.0 -9999.0 -9999.0 -9999.0 -9999.0 -9999.0 -9999.0 -9999.0 -9999.0 -9999.0 -9999.0 -9999.0 -9999.0 -9999.0 -9999.0 -9999.0 -9999.0 -9999.0 -9999.0 -9999.0 -9999.0 -9999.0 -9999.0 -9999.0 -9999.0 -9999.0 -9999.0 -9999.0 -9999.0 -9999.0 -9999.0
-9999.0 -9999.0 -9999.0 -9999.0 -9999.0 -9999.0 -9999.0 -9999.0 -9999.0 -9999.0 -9999.0 -9999.0 -9999.0 -9999.0 -9999.0 -9999.0 -9999.0 -9999.0 -9999.0 -9999.0 -9999.0 -9999.0 -9999.0 -9999.0 -9999.0 -9999.0 -9999.0 -9999.0 -9999.0 -9999.0 -9999.0 -9999.0 -9999.0 -9999.0 -9999.0 -9999.0 -9999.0 -9999.0 -9999.0 -9999.0 -9999.0 -9999.0 -9999.0 -9999.0 -9999.0 -9999.0 -9999.0 -9999.0 -9999.0 -9999.0 -9999.0 -9999.0 -9999.0 -9999.0 -9999.0 -9999.0 -9999.0 -9999.0 -9999.0 -9999.0 -9999.0 -9999.0 -9999.0 -9999.0 -9999.0 -9999.0 -9999.0 -9999.0 -9999.0 -9999.0 -9999.0 -9999.0 -9999.0 -9999.0 -9999.0 -9999.0 -9999.0 -9999.0 -9999.0 -9999.0