Borden_/Borden1m_014/output_maps/psiliqL0018N0021.asc
ncols         80
nrows         18
xllcorner     620200.000000
yllcorner     5168000.000000
cellsize      1.000000
NODATA_value  -9999.0
-9999.0 -9999.0 -9999.0 -9999.0 -9999.0 -9999.0 -9999.0 -9999.0 -9999.0 -9999.0 -9999.0 -9999.0 -9999.0 -9999.0 -9999.0 -9999.0 -9999.0 -9999.0 -9999.0 -9999.0 -9999.0 -9999.0 -9999.0 -9999.0 -9999.0 -9999.0 -9999.0 -9999.0 -9999.0 -9999.0 -9999.0 -9999.0 -9999.0 -9999.0 -9999.0 -9999.0 -9999.0 -9999.0 -9999.0 -9999.0 -9999.0 -9999.0 -9999.0 -9999.0 -9999.0 -9999.0 -9999.0 -9999.0 -9999.0 -9999.0 -9999.0 -9999.0 -9999.0 -9999.0 -9999.0 -9999.0 -9999.0 -9999.0 -9999.0 -9999.0 -9999.0 -9999.0 -9999.0 -9999.0 -9999.0 -9999.0 -9999.0 -9999.0 -9999.0 -9999.0 -9999.0 -9999.0 -9999.0 -9999.0 -9999.0 -9999.0 -9999.0 -9999.0 -9999.0 -9999.0
-9999.0 -9999.0 -9999.0 -9999.0 -9999.0 -9999.0 -9999.0 -9999.0 -9999.0 -9999.0 -9999.0 -9999.0 -9999.0 -9999.0 -9999.0 -9999.0 -9999.0 -9999.0 -9999.0 -9999.0 -9999.0 -9999.0 -9999.0 -9999.0 -9999.0 -9999.0 -9999.0 -9999.0 -9999.0 -9999.0 -9999.0 -9999.0 -9999.0 -9999.0 -9999.0 -9999.0 -9999.0 -9999.0 -9999.0 -9999.0 -9999.0 -9999.0 -9999.0 -9999.0 -9999.0 -9999.0 -9999.0 -9999.0 -9999.0 -9999.0 -9999.0 -9999.0 -9999.0 -9999.0 -9999.0 -9999.0 -9999.0 -9999.0 -9999.0 -9999.0 -9999.0 -9999.0 -9999.0 -9999.0 -9999.0 -9999.0 -9999.0 -9999.0 -9999.0 -9999.0 -9999.0 -9999.0 -9999.0 -9999.0 -9999.0 -9999.0 -9999.0 -9999.0 -9999.0 -9999.0
-9999.0 -9999.0 -9999.0 -9999.0 -9999.0 -9999.0 -9999.0 -9999.0 -9999.0 -9999.0 -9999.0 -9999.0 -9999.0 -9999.0 -9999.0 -9999.0 -9999.0 -9999.0 -9999.0 -9999.0 1752.301736 1755.010920 1734.237672 1701.908246 1675.550364 1679.425850 1715.293121 1758.240585 1798.898968 1810.143906 1793.986481 1798.814700 1795.817714 1794.533363 1797.002579 1804.750241 1810.319367 1821.284339 1829.577601 1829.092804 1823.283547 1818.869418 1820.362358 1823.022292 1828.450024 1815.774980 1829.522624 1843.944347 1847.701753 1841.899033 1814.347481 1798.065131 1787.102367 1769.144915 1791.981586 1801.547086 1822.223441 1824.434978 1820.886756 1792.715995 1761.877053 -9999.0 -9999.0 -9999.0 -9999.0 -9999.0 -9999.0 -9999.0 -9999.0 -9999.0 -9999.0 -9999.0 -9999.0 -9999.0 -9999.0 -9999.0 -9999.0 -9999.0 -9999.0 -9999.0
-9999.0 -9999.0 -9999.0 -9999.0 -9999.0 -9999.0 -9999.0 -9999.0 -9999.0 -9999.0 -9999.0 -9999.0 -9999.0 -9999.0 1657.724812 1649.435907 1648.123899 1657.794811 1692.540005 1723.927187 1736.192802 1729.912617 1731.444720 1709.292080 1689.888692 1705.398040 1737.035795 1770.296449 1806.644419 1828.280635 1819.486513 1819.292171 1829.725328 1854.199728 1866.012179 1863.454984 1844.808292 1868.841612 1884.027558 1891.632441 1891.353885 1883.200352 1895.004075 1910.126910 1902.915266 1885.871846 1892.278149 1904.231313 1914.711468 1901.542129 1838.229364 1819.369091 1812.832814 1804.376637 1788.246405 1780.582673 1804.775614 1802.399254 1792.424789 1773.038405 1738.948310 1693.844619 1673.888573 1711.585416 1753.729398 1809.274394 -9999.0 -9999.0 -9999.0 -9999.0 -9999.0 -9999.0 -9999.0 -9999.0 -9999.0 -9999.0 -9999.0 -9999.0 -9999.0 -9999.0
-9999.0 -9999.0 -9999.0 -9999.0 -9999.0 -9999.0 -9999.0 -9999.0 -9999.0 1596.133686 1601.988659 1610.481337 1614.413997 1631.405313 1629.806873 1638.409235 1646.279840 1675.285511 1707.672181 1743.875263 1773.421805 1766.218987 1768.152772 1778.407538 1781.181962 1794.034137 1817.529161 1859.276002 1898.547000 1940.392323 1913.211637 1912.700851 1933.183092 1979.122786 2008.876458 2014.151159 1995.890790 2007.262363 2031.845452 2052.131035 2051.489181 2048.740260 2073.988074 2088.291545 2086.614249 2065.516557 2056.325991 2058.143432 2083.595181 2031.708899 1964.769205 1916.716436 1921.807874 1892.068119 1855.863637 1836.361138 1832.371899 1850.307458 1833.753396 1795.212245 1758.041771 1745.005190 1725.787083 1742.066728 1762.539321 1806.786733 1844.247944 1871.219989 1868.966902 1850.345129 -9999.0 -9999.0 -9999.0 -9999.0 -9999.0 -9999.0 -9999.0 -9999.0 -9999.0 -9999.0
-9999.0 -9999.0 -9999.0 -9999.0 -9999.0 -9999.0 1515.600798 1526.403414 1548.073617 1553.140232 1580.248884 1588.567737 1610.513074 1631.151200 1654.829861 1672.314737 1703.039031 1737.400627 1779.040563 1822.671668 1855.683697 1850.797133 1862.541106 1892.159688 1929.894900 1957.993531 1984.520185 2026.092844 2103.531127 2147.012812 2152.843072 2159.209172 2170.462707 2220.434794 2284.253783 2297.173880 2276.352002 2261.898504 2282.894347 2319.534710 2323.641432 2325.234812 2338.006770 2348.299424 2374.001125 2363.146264 2323.103254 2310.883969 2311.279100 2292.284784 2227.984481 2164.850790 2132.576416 2080.403446 1995.948902 1943.396279 1953.079813 1971.252634 1941.132513 1885.695050 1844.552814 1832.807521 1816.128805 1801.984380 1807.442123 1824.999032 1845.063775 1854.419178 1839.348460 1816.304593 1792.285522 1762.131000 1762.813599 1786.943619 -9999.0 -9999.0 -9999.0 -9999.0 -9999.0 -9999.0
-9999.0 -9999.0 -9999.0 -9999.0 1464.239011 1478.151264 1466.379848 1493.311870 1527.431700 1563.162922 1595.549276 1632.948987 1661.390506 1693.269620 1734.167957 1767.440421 1809.064999 1845.874260 1901.672271 1970.768960 2022.452922 2045.686076 2062.130698 2121.769485 2184.734867 2237.945602 2260.277291 2289.286351 2336.289888 2398.051261 2426.434054 2434.147195 2452.931411 2491.212481 2541.299094 2575.957550 2558.558244 2549.525158 2556.083541 2568.387578 2592.082164 2593.879009 2596.197640 2599.359502 2604.574739 2602.738275 2577.035366 2543.098451 2527.865519 2517.670994 2484.845082 2413.596366 2374.111426 2341.528756 2302.978868 2249.030539 2188.386934 2174.953499 2115.255391 2055.237780 1993.924919 1973.256350 1942.205296 1915.833836 1886.716542 1887.701503 1889.646616 1867.109553 1832.183659 1797.830426 1780.999453 1760.505404 1747.608542 1776.413154 1792.700633 1821.806040 -9999.0 -9999.0 -9999.0 -9999.0
-9999.0 -9999.0 1403.025744 1451.501870 1509.835673 1519.497785 1519.714159 1526.806363 1556.942415 1610.635690 1684.528134 1733.105494 1774.056844 1810.362303 1871.350984 1948.370808 2019.637744 2069.855761 2133.895298 2207.304974 2271.167767 2304.673156 2322.384810 2364.603375 2421.469857 2487.114538 2515.615641 2543.425981 2577.831946 2614.337205 2621.494382 2635.552010 2645.691960 2651.727140 2660.075320 2662.942797 2656.988952 2649.954373 2629.787503 2624.637075 2631.310204 2637.785359 2638.665764 2625.105512 2621.269563 2635.282155 2640.142800 2639.253032 2638.391019 2645.407670 2646.596338 2604.292746 2571.576547 2554.389969 2540.991804 2494.934272 2428.571962 2387.669495 2362.798212 2316.918596 2238.559209 2188.574568 2137.749814 2089.500827 2037.058870 2007.077373 1960.091884 1916.277149 1867.812838 1819.412638 1793.849903 1774.204366 1769.904984 1767.742563 1782.474890 1796.344448 1810.604179 1817.814628 -9999.0 -9999.0
-9999.0 1297.304727 1369.782800 1495.648652 1576.695794 1621.227864 1648.623614 1668.384057 1698.924261 1729.954484 1831.595270 1911.031960 2002.058233 2043.319812 2095.471708 2194.441811 2291.650160 2341.529331 2384.041034 2445.588751 2509.687580 2560.561435 2590.903405 2594.791720 2631.886364 2650.839292 2655.862629 2660.760999 2658.947989 2651.626017 2643.815848 2649.921659 2645.782776 2626.179841 2609.372556 2605.294439 2598.140402 2571.152654 2539.170953 2522.131607 2523.197848 2547.286682 2534.008878 2513.152673 2509.609100 2531.799551 2554.081302 2546.755559 2536.152403 2556.483049 2592.639611 2616.426039 2624.498258 2641.844095 2662.663916 2636.049695 2609.270072 2565.734820 2543.965187 2513.888424 2454.544229 2393.532420 2337.692287 2276.135032 2209.956156 2143.500052 2079.920287 2017.177645 1950.011635 1906.944433 1874.021374 1822.682683 1800.800448 1800.770193 1790.386867 1785.808747 1790.177088 1795.752109 -9999.0 -9999.0
-9999.0 1212.058393 1353.882232 1537.394354 1686.085723 1742.143925 1834.836714 1909.801403 1936.783943 1904.094001 2012.454736 2232.762431 2344.873223 2366.859684 2443.765776 2538.978426 2551.101091 2586.390798 2611.822320 2629.019839 2642.917772 2655.857614 2655.636414 2651.158651 2636.473718 2628.345435 2626.288222 2622.662204 2604.158165 2583.850623 2564.918412 2558.920192 2537.395463 2490.079832 2455.528499 2436.212453 2416.539267 2395.302978 2361.569816 2332.527861 2314.958116 2328.468375 2323.600725 2307.460894 2304.060100 2326.683715 2359.808737 2359.311129 2372.299651 2396.213797 2436.991217 2478.041102 2501.999655 2533.982832 2573.049735 2619.750044 2634.329392 2656.688652 2660.564760 2643.736025 2598.032725 2543.319546 2507.768533 2444.160034 2371.899386 2293.263668 2228.391262 2165.762299 2095.186733 2047.515217 1998.463750 1938.392801 1883.606628 1860.843469 1819.865566 1799.595781 -9999.0 -9999.0 -9999.0 -9999.0
-9999.0 1126.063576 1311.851127 1565.157826 1848.375278 1950.441158 2157.276034 2285.422472 2340.666032 2411.670422 2363.870572 2531.980162 2578.743632 2578.085536 2585.489041 2593.047373 2611.323721 2616.359473 2614.823829 2606.681067 2599.111027 2595.747730 2594.509907 2586.281044 2572.634491 2555.884372 2539.733876 2525.016085 2485.572566 2450.802894 2411.617108 2394.634408 2351.869074 2257.947847 2214.750961 2176.022292 2115.559238 2108.801977 2103.786657 2074.086587 2053.424562 2029.662686 2053.641902 2060.678762 2064.290852 2066.121390 2082.667061 2111.133955 2160.090527 2199.176125 2244.633419 2298.258448 2335.588040 2380.816237 2427.201752 2484.009198 2518.923145 2551.882386 2602.569096 2642.576388 2666.547019 2654.269017 2628.118341 2579.767568 2507.196416 2441.490246 2392.879605 2320.583606 2256.278465 2201.925415 2151.842219 2095.661572 2026.789536 1948.679497 1905.871367 -9999.0 -9999.0 -9999.0 -9999.0 -9999.0
-9999.0 933.386214 1200.097066 1481.979216 1785.540700 2120.214425 2268.937390 2390.855400 2463.577309 2438.115447 2452.168416 2471.077959 2515.224859 2526.312087 2508.732870 2501.177307 2490.422830 2492.122340 2506.746013 2481.777827 2453.241045 2439.935655 2438.920437 2425.775909 2400.118524 2381.308581 2367.903386 2345.449270 2296.017488 2243.487237 2159.244495 2124.999630 2045.651116 1993.519793 1950.432961 1900.253312 1849.262427 1847.860808 1865.294773 1850.667109 1828.006120 1809.468448 1836.773232 1855.994290 1869.169550 1857.391193 1867.253604 1904.565949 1955.555622 2001.043574 2051.529634 2107.229782 2155.153768 2203.755512 2235.691989 2285.680233 2335.952067 2384.864160 2460.287630 2541.595026 2581.918545 2618.329249 2650.331417 2666.300229 2613.915252 2566.037295 2515.615773 2456.813636 2380.551426 2331.636634 2299.710028 2247.500367 2187.110526 -9999.0 -9999.0 -9999.0 -9999.0 -9999.0 -9999.0 -9999.0
-9999.0 811.273026 1022.627487 1241.274952 1516.322375 1753.686229 1959.059139 2065.494509 2145.302427 2193.775543 2236.068601 2272.845179 2304.227612 2328.830515 2310.165963 2271.084316 2243.492904 2249.337736 2245.016908 2222.973634 2194.549795 2179.871029 2176.140520 2167.853448 2141.901051 2125.934783 2113.570446 2089.309039 2056.478502 2000.539467 1922.166738 1847.810856 1787.451202 1757.947919 1729.291457 1697.230006 1662.980570 1672.640805 1683.949336 1680.608201 1670.652256 1668.262449 1697.268761 1716.630200 1727.015044 1716.374395 1736.346659 1763.419651 1805.414498 1849.450909 1899.209560 1954.896015 2009.540803 2039.123763 2052.656777 2077.343327 2117.391302 2172.692690 2259.883753 2356.526433 2437.170387 2487.904118 2541.042405 2577.991763 2593.851334 2604.614664 2584.677477 2513.479576 2418.730643 2402.412952 2391.418951 -9999.0 -9999.0 -9999.0 -9999.0 -9999.0 -9999.0 -9999.0 -9999.0 -9999.0
-9999.0 -9999.0 791.573375 962.186026 1089.321025 1265.029092 1414.257821 1525.088587 1618.687257 1740.795656 1851.109401 1937.905499 1983.013402 2001.169498 1988.867029 1959.101706 1940.410294 1941.344417 1931.575805 1922.446305 1903.991167 1896.219348 1883.741598 1874.245908 1863.893598 1857.654301 1851.206198 1839.045746 1817.063339 1770.698707 1724.167319 1673.667131 1621.132507 1595.742374 1574.033660 1552.924888 1552.158839 1547.308295 1552.251376 1553.639899 1560.852944 1573.646810 1593.541805 1615.840823 1625.890299 1635.521269 1648.345857 1672.474047 1705.899812 1748.791593 1803.375631 1861.962497 1902.699365 1916.200067 1906.970334 1912.191675 1932.536258 1975.307950 2055.421465 2139.915892 2237.517687 2310.886359 2384.999150 2439.879326 2458.997170 2477.966827 2500.378140 2460.979935 2335.661567 2366.406930 -9999.0 -9999.0 -9999.0 -9999.0 -9999.0 -9999.0 -9999.0 -9999.0 -9999.0 -9999.0
-9999.0 -9999.0 -9999.0 -9999.0 822.007441 975.183712 1072.819430 1155.881106 1286.392637 1409.263940 1510.801570 1594.773910 1658.165193 1685.105400 1682.878852 1691.608584 1688.714342 1682.667655 1673.198021 1673.594276 1673.645290 1666.134325 1650.811490 1642.787489 1643.177883 1647.500349 1643.987095 1629.543400 1610.981855 1589.577053 1570.264665 1536.232205 1500.632236 1471.395673 1458.105614 1452.580320 1452.061909 1444.624783 1452.953213 1460.356211 1475.541767 1490.656372 1514.339915 1543.518259 1557.641812 1572.696855 1582.645333 1603.316698 1634.095099 1687.906473 1751.859751 1810.390042 1847.227724 1852.443195 1828.777235 1814.022334 1810.926400 1839.440766 1884.447491 1951.640217 2054.083622 2129.010617 2187.895739 2234.547844 2269.460299 2319.795390 2380.113654 2422.074195 -9999.0 -9999.0 -9999.0 -9999.0 -9999.0 -9999.0 -9999.0 -9999.0 -9999.0 -9999.0 -9999.0 -9999.0
-9999.0 -9999.0 -9999.0 -9999.0 -9999.0 -9999.0 785.149440 887.713042 965.756860 1106.886860 1239.866175 1342.077243 1422.881612 1455.657383 1483.895879 1511.947136 1511.186296 1493.011764 1473.831918 1493.246018 1507.955794 1501.753989 1470.964344 1470.285931 1474.746101 1482.137543 1479.143973 1472.188797 1446.708634 1458.716531 1459.728385 1436.308399 1410.164409 1396.297122 1384.285727 1393.719603 1393.696903 1379.735888 1379.820581 1406.635444 1426.914246 1439.942118 1461.602510 1494.864524 1527.378487 1542.900390 1544.503429 1550.756181 1590.641342 1661.115979 1733.343156 1789.464382 1822.707153 1831.527310 1805.332504 1766.143236 1746.690517 1754.610945 1790.054394 1843.088096 1919.549101 1969.869444 1996.745673 2011.047997 2030.310281 2123.281007 -9999.0 -9999.0 -9999.0 -9999.0 -9999.0 -9999.0 -9999.0 -9999.0 -9999.0 -9999.0 -9999.0 -9999.0 -9999.0 -9999.0
-9999.0 -9999.0 -9999.0 -9999.0 -9999.0 -9999.0 -9999.0 -9999.0 -9999.0 -9999.0 -9999.0 -9999.0 -9999.0 -9999.0 -9999.0 -9999.0 -9999.0 -9999.0 -9999.0 -9999.0 -9999.0 -9999.0 -9999.0 -9999.0 -9999.0 -9999.0 -9999.0 -9999.0 -9999.0 -9999.0 -9999.0 -9999.0 -9999.0 -9999.0 -9999.0 -9999.0 -9999.0 -9999.0 -9999.0 -9999.0 -9999.0 -9999.0 -9999.0 -9999.0 -9999.0 -9999.0 -9999.0 -9999.0 -9999.0 -9999.0 -9999.0 -9999.0 -9999.0 -9999.0 -9999.0 -9999.0 -9999.0 -9999.0 -9999.0 -9999.0 -9999.0 -9999.0 -9999.0 -9999.0 -9999.0 -9999.0 -9999.0 -9999.0 -9999.0 -9999.0 -9999.0 -9999.0 -9999.0 -9999.0 -9999.0 -9999.0 -9999.0 -9999.0 -9999.0 -9999.0
-9999.0 -9999.0 -9999.0 -9999.0 -9999.0 -9999.0 -9999.0 -9999.0 -9999.0 -9999.0 -9999.0 -9999.0 -9999.0 -9999.0 -9999.0 -9999.0 -9999.0 -9999.0 -9999.0 -9999.0 -9999.0 -9999.0 -9999.0 -9999.0 -9999.0 -9999.0 -9999.0 -9999.0 -9999.0 -9999.0 -9999.0 -9999.0 -9999.0 -9999.0 -9999.0 -9999.0 -9999.0 -9999.0 -9999.0 -9999.0 -9999.0 -9999.0 -9999.0 -9999.0 -9999.0 -9999.0 -9999.0 -9999.0 -9999.0 -9999.0 -9999.0 -9999.0 -9999.0 -9999.0 -9999.0 -9999.0 -9999.0 -9999.0 -9999.0 -9999.0 -9999.0 -9999.0 -9999.0 -9999.0 -9999.0 -9999.0 -9999.0 -9999.0 -9999.0 -9999.0 -9999.0 -9999.0 -9999.0 -9999.0 -9999.0 -9999.0 -9999.0 -9999.0 -9999.0 -9999.0