Borden_/Borden1m_014/output_maps/psiliqL0029N0001.asc
ncols         80
nrows         18
xllcorner     620200.000000
yllcorner     5168000.000000
cellsize      1.000000
NODATA_value  -9999.0
-9999.0 -9999.0 -9999.0 -9999.0 -9999.0 -9999.0 -9999.0 -9999.0 -9999.0 -9999.0 -9999.0 -9999.0 -9999.0 -9999.0 -9999.0 -9999.0 -9999.0 -9999.0 -9999.0 -9999.0 -9999.0 -9999.0 -9999.0 -9999.0 -9999.0 -9999.0 -9999.0 -9999.0 -9999.0 -9999.0 -9999.0 -9999.0 -9999.0 -9999.0 -9999.0 -9999.0 -9999.0 -9999.0 -9999.0 -9999.0 -9999.0 -9999.0 -9999.0 -9999.0 -9999.0 -9999.0 -9999.0 -9999.0 -9999.0 -9999.0 -9999.0 -9999.0 -9999.0 -9999.0 -9999.0 -9999.0 -9999.0 -9999.0 -9999.0 -9999.0 -9999.0 -9999.0 -9999.0 -9999.0 -9999.0 -9999.0 -9999.0 -9999.0 -9999.0 -9999.0 -9999.0 -9999.0 -9999.0 -9999.0 -9999.0 -9999.0 -9999.0 -9999.0 -9999.0 -9999.0
-9999.0 -9999.0 -9999.0 -9999.0 -9999.0 -9999.0 -9999.0 -9999.0 -9999.0 -9999.0 -9999.0 -9999.0 -9999.0 -9999.0 -9999.0 -9999.0 -9999.0 -9999.0 -9999.0 -9999.0 -9999.0 -9999.0 -9999.0 -9999.0 -9999.0 -9999.0 -9999.0 -9999.0 -9999.0 -9999.0 -9999.0 -9999.0 -9999.0 -9999.0 -9999.0 -9999.0 -9999.0 -9999.0 -9999.0 -9999.0 -9999.0 -9999.0 -9999.0 -9999.0 -9999.0 -9999.0 -9999.0 -9999.0 -9999.0 -9999.0 -9999.0 -9999.0 -9999.0 -9999.0 -9999.0 -9999.0 -9999.0 -9999.0 -9999.0 -9999.0 -9999.0 -9999.0 -9999.0 -9999.0 -9999.0 -9999.0 -9999.0 -9999.0 -9999.0 -9999.0 -9999.0 -9999.0 -9999.0 -9999.0 -9999.0 -9999.0 -9999.0 -9999.0 -9999.0 -9999.0
-9999.0 -9999.0 -9999.0 -9999.0 -9999.0 -9999.0 -9999.0 -9999.0 -9999.0 -9999.0 -9999.0 -9999.0 -9999.0 -9999.0 -9999.0 -9999.0 -9999.0 -9999.0 -9999.0 -9999.0 3925.068002 3925.622311 3904.003167 3869.686795 3841.235193 3842.814892 3875.156430 3915.458868 3954.169242 3960.731810 3941.149576 3945.076549 3940.483495 3934.988008 3934.475036 3942.300059 3949.407859 3958.651508 3965.191474 3962.385141 3954.693775 3949.693859 3952.859234 3954.100258 3960.588713 3945.173210 3961.662869 3978.201207 3982.739938 3980.530525 3957.514565 3946.432552 3938.727229 3923.223930 3950.440547 3962.225781 3986.056012 3990.985118 3989.120254 3962.679884 3932.778620 -9999.0 -9999.0 -9999.0 -9999.0 -9999.0 -9999.0 -9999.0 -9999.0 -9999.0 -9999.0 -9999.0 -9999.0 -9999.0 -9999.0 -9999.0 -9999.0 -9999.0 -9999.0 -9999.0
-9999.0 -9999.0 -9999.0 -9999.0 -9999.0 -9999.0 -9999.0 -9999.0 -9999.0 -9999.0 -9999.0 -9999.0 -9999.0 -9999.0 3835.110678 3826.450078 3823.356332 3830.142408 3862.105484 3892.170827 3903.560774 3895.882317 3895.398883 3870.116376 3846.406535 3858.346551 3887.330946 3917.196505 3950.008553 3966.368346 3955.226342 3952.272202 3958.236526 3976.051476 3982.625134 3978.621622 3961.396336 3985.847387 3998.370559 4001.698598 3999.350090 3989.145238 3996.784229 4010.347546 4003.184964 3988.353290 4000.762011 4016.529380 4026.843102 4020.049237 3963.338129 3953.225113 3950.479570 3947.355120 3934.812072 3931.894982 3961.375437 3961.223406 3954.643808 3937.988737 3904.865855 3859.694394 3841.057728 3882.602198 3926.637670 3983.111426 -9999.0 -9999.0 -9999.0 -9999.0 -9999.0 -9999.0 -9999.0 -9999.0 -9999.0 -9999.0 -9999.0 -9999.0 -9999.0 -9999.0
-9999.0 -9999.0 -9999.0 -9999.0 -9999.0 -9999.0 -9999.0 -9999.0 -9999.0 3777.814489 3783.985345 3790.634845 3792.893621 3807.599557 3803.806352 3810.335763 3813.196536 3840.161665 3868.868939 3901.593197 3927.756311 3918.159898 3916.095755 3918.007185 3909.655736 3916.018222 3935.817254 3971.486532 4000.519804 4034.391590 3999.516140 3993.777273 4010.733313 4050.397488 4070.642947 4071.032278 4052.088698 4071.117543 4094.317991 4108.416844 4104.321664 4097.476871 4124.024726 4139.819264 4131.488053 4109.130416 4110.688382 4120.049224 4150.316507 4099.363743 4032.960570 3997.701682 4016.602361 3997.605267 3974.798700 3966.297980 3968.233911 3989.068130 3978.472467 3945.666806 3913.487452 3901.922544 3885.679432 3908.237096 3932.264982 3979.185509 4019.774040 4050.144279 4049.744371 4032.710274 -9999.0 -9999.0 -9999.0 -9999.0 -9999.0 -9999.0 -9999.0 -9999.0 -9999.0 -9999.0
-9999.0 -9999.0 -9999.0 -9999.0 -9999.0 -9999.0 3699.406636 3709.991454 3730.598058 3732.361429 3758.800236 3763.170733 3781.164324 3797.396945 3818.797599 3830.194278 3853.409731 3882.144438 3916.458514 3952.222811 3978.293325 3964.737400 3968.866571 3985.179709 4008.422374 4024.465335 4046.589046 4084.287983 4156.566532 4192.368864 4181.258407 4181.170772 4189.160424 4240.182579 4304.385805 4314.147847 4293.289058 4280.720601 4305.731548 4344.238976 4340.774683 4339.413669 4353.874140 4365.333130 4392.360428 4380.414370 4344.523027 4341.187491 4350.180292 4324.921722 4252.849055 4196.678764 4181.251520 4133.846994 4049.162073 4009.211133 4037.846327 4068.405932 4048.643495 4000.140959 3969.958381 3966.061751 3956.286653 3951.403303 3965.829931 3990.075143 4014.653701 4029.381321 4017.959277 3997.371235 3976.184557 3948.357776 3951.375917 3976.400972 -9999.0 -9999.0 -9999.0 -9999.0 -9999.0 -9999.0
-9999.0 -9999.0 -9999.0 -9999.0 3650.328879 3662.916494 3647.022978 3673.093411 3704.381775 3737.322900 3763.203756 3793.103108 3814.741452 3840.081659 3870.831113 3889.103050 3918.353984 3946.384946 3991.748221 4051.188935 4093.880880 4104.805385 4112.271760 4162.436512 4218.280623 4264.423815 4283.199971 4309.701482 4357.897934 4415.012112 4436.786524 4438.843770 4455.855411 4501.797716 4561.105744 4597.106975 4578.957939 4569.402393 4580.865214 4596.357476 4618.532553 4618.552388 4619.711116 4624.517245 4633.084494 4630.711152 4602.749680 4568.686794 4555.488602 4544.731378 4503.461224 4429.423161 4400.712666 4370.382634 4323.411708 4267.382737 4224.277480 4229.382151 4173.824583 4117.774728 4070.273776 4065.522176 4047.449196 4033.460522 4018.667516 4033.273425 4047.061268 4033.032365 4003.376610 3974.691115 3962.287441 3945.147346 3933.847177 3965.438326 3983.511939 4012.817666 -9999.0 -9999.0 -9999.0 -9999.0
-9999.0 -9999.0 3591.910315 3635.916331 3692.503339 3697.341573 3688.070649 3689.496003 3714.659716 3762.526885 3821.139675 3854.398276 3879.474411 3908.969347 3957.465191 4015.241683 4072.910524 4115.109238 4174.114964 4244.538182 4303.903786 4330.029304 4338.029314 4374.406012 4430.718553 4503.109000 4532.350873 4559.812340 4593.164691 4631.610892 4618.029155 4627.857672 4641.471636 4657.124609 4674.767145 4683.330877 4677.945065 4673.226321 4654.355616 4648.698962 4655.087762 4664.063973 4662.353736 4647.287548 4643.288058 4658.693379 4665.587836 4663.060461 4659.421600 4663.706111 4656.801181 4605.310752 4593.219300 4577.120990 4563.903901 4516.331279 4447.763215 4416.648382 4393.594704 4350.795578 4276.405173 4241.315708 4203.159023 4170.141146 4134.507642 4124.249187 4093.923082 4063.007774 4025.243618 3985.202646 3966.893638 3953.471785 3953.563422 3954.356921 3972.538405 3988.335053 4004.410548 4012.534604 -9999.0 -9999.0
-9999.0 3480.193599 3550.369957 3669.980483 3746.386684 3780.455644 3782.151733 3779.554027 3803.864613 3838.226367 3920.522841 3960.653003 4043.309590 4082.578708 4121.944640 4212.059525 4309.102770 4354.087122 4395.027189 4462.344458 4531.058983 4579.557911 4606.607485 4576.892098 4618.890427 4653.970508 4663.858093 4672.176810 4673.543762 4664.894231 4658.965987 4665.418172 4662.151300 4642.336526 4625.659989 4623.674371 4620.127830 4596.254317 4568.287662 4552.166158 4552.925651 4578.589821 4564.953250 4543.303147 4538.776515 4560.866596 4583.288481 4572.226472 4558.883045 4575.660082 4611.072627 4637.625030 4636.345069 4655.565748 4676.843136 4646.700230 4627.173439 4581.691105 4564.215934 4538.333486 4479.846807 4424.842603 4376.055141 4327.822598 4276.103497 4228.893088 4181.804839 4134.988625 4082.681493 4050.419638 4027.005984 3985.784877 3974.894010 3982.359864 3978.256397 3977.029390 3983.759318 3990.392077 -9999.0 -9999.0
-9999.0 3378.747754 3515.995616 3690.741411 3831.284527 3866.973928 3918.001524 3968.515155 3979.896256 3918.466325 4020.404262 4240.580684 4371.586715 4391.502655 4470.337174 4569.945268 4543.869507 4576.616650 4601.259187 4632.383333 4657.299876 4673.461169 4672.217217 4667.583444 4650.680402 4642.579395 4641.588245 4639.335208 4621.442880 4602.043302 4584.905694 4581.285628 4562.466699 4510.432655 4476.258086 4457.701184 4436.579871 4423.813066 4397.270581 4370.698121 4353.015739 4361.571632 4361.331166 4348.835589 4344.447877 4361.883591 4392.904168 4392.310448 4406.176909 4426.224327 4461.856639 4501.279900 4520.872930 4550.631030 4586.843025 4636.783745 4644.071558 4666.907552 4669.349669 4661.039140 4612.903469 4560.152000 4530.228564 4473.853171 4414.146965 4352.315114 4302.759348 4257.877944 4202.196423 4168.966000 4130.583395 4077.217176 4036.554681 4032.046121 3999.661991 3988.069510 -9999.0 -9999.0 -9999.0 -9999.0
-9999.0 3268.945554 3444.864332 3676.835927 3976.113845 4038.440955 4243.287540 4358.281944 4395.855683 4465.749741 4321.504434 4548.621000 4608.269865 4605.039807 4627.162124 4631.405288 4646.457009 4645.426680 4640.316983 4629.022660 4619.050000 4614.180479 4613.245435 4605.257160 4592.458426 4577.640856 4565.480985 4553.581648 4515.942245 4483.164062 4441.815334 4428.717076 4381.036197 4287.616705 4248.955744 4208.453874 4145.038137 4148.905375 4159.432469 4135.994490 4115.800477 4085.004223 4116.949852 4129.828807 4134.823401 4128.332306 4136.454767 4167.518467 4217.619806 4252.756956 4291.695133 4340.314934 4371.517433 4411.076161 4450.524145 4503.417046 4535.476906 4564.815599 4615.273750 4652.654281 4675.720951 4660.665809 4643.569391 4597.029088 4536.049392 4486.268113 4456.462080 4404.848145 4360.908126 4317.613510 4271.122535 4218.377527 4156.755004 4108.763618 4075.854042 -9999.0 -9999.0 -9999.0 -9999.0 -9999.0
-9999.0 3032.328519 3293.986600 3551.450805 3813.946302 4163.428171 4351.476607 4441.997423 4507.350845 4497.217427 4527.111857 4531.736439 4569.599605 4577.900547 4556.678155 4541.907514 4522.994517 4521.904217 4535.082661 4507.111985 4476.037398 4462.241092 4463.246399 4452.577763 4428.167471 4413.332684 4404.156399 4385.044716 4341.771750 4290.388086 4204.288395 4166.939873 4085.714209 4050.933948 4015.829042 3968.866982 3925.519178 3932.664309 3959.247693 3951.630859 3931.287894 3914.752554 3945.047520 3967.008778 3980.738065 3963.358997 3969.692096 4004.210141 4050.623788 4091.130098 4134.682375 4182.564689 4225.042428 4263.548157 4282.895177 4320.841639 4363.360109 4405.411251 4476.499460 4556.992767 4594.367819 4629.938037 4657.753642 4680.147944 4636.606812 4611.260214 4586.821729 4562.490536 4515.348247 4469.420785 4428.819086 4362.666717 4303.077079 -9999.0 -9999.0 -9999.0 -9999.0 -9999.0 -9999.0 -9999.0
-9999.0 2923.876405 3107.572989 3284.751616 3520.632085 3749.123679 3982.995897 4073.051472 4144.695695 4228.376313 4289.133979 4329.403886 4355.235768 4377.472795 4355.095134 4307.260879 4274.115389 4279.407182 4269.055329 4248.757915 4221.395936 4208.857080 4205.870930 4201.513603 4180.923096 4171.478122 4165.263972 4147.686822 4123.676474 4070.635289 4000.686202 3926.383670 3874.263950 3858.201543 3837.610634 3812.537953 3788.741251 3803.018134 3815.643467 3816.886280 3811.870263 3813.273216 3842.306381 3862.570393 3871.960540 3861.560059 3879.661453 3901.964135 3937.860785 3976.672988 4020.884800 4070.554189 4118.644042 4137.370329 4137.347460 4146.182431 4172.168584 4214.491719 4290.456163 4377.067895 4457.466990 4504.092640 4555.740269 4596.819961 4626.272404 4648.798125 4673.045428 4667.519104 4640.392873 4606.319700 4546.009456 -9999.0 -9999.0 -9999.0 -9999.0 -9999.0 -9999.0 -9999.0 -9999.0 -9999.0
-9999.0 -9999.0 2882.882475 3024.528814 3103.724554 3256.160917 3392.215219 3496.867352 3602.579324 3753.802532 3882.598615 3980.372146 4028.530307 4044.444825 4031.251639 4004.712590 3988.990825 3988.447415 3976.188635 3971.368003 3958.970271 3954.552987 3942.266510 3935.185486 3933.259128 3934.388419 3933.236462 3926.189300 3911.205885 3871.554008 3838.576635 3796.630776 3752.843904 3733.015404 3716.791573 3702.049705 3708.643217 3703.857893 3709.732205 3713.521232 3724.484808 3739.486266 3758.690544 3781.793266 3791.498379 3802.255474 3812.594194 3833.546687 3862.557113 3902.211646 3953.100595 4007.610220 4042.989444 4048.780040 4029.035103 4021.888454 4027.485187 4053.883279 4114.034139 4181.684495 4273.035831 4339.652691 4406.990822 4464.000792 4491.395836 4527.807610 4599.909199 4648.076022 4692.858106 4670.325493 -9999.0 -9999.0 -9999.0 -9999.0 -9999.0 -9999.0 -9999.0 -9999.0 -9999.0 -9999.0
-9999.0 -9999.0 -9999.0 -9999.0 2879.363639 3020.592706 3114.436957 3188.830333 3322.479309 3455.304792 3562.366874 3651.309961 3723.419306 3750.040530 3753.724440 3775.204523 3775.859109 3765.572578 3754.323029 3761.659370 3769.131134 3763.692702 3746.158467 3741.077983 3747.132744 3757.412112 3757.338275 3746.402926 3730.025496 3720.798949 3712.467805 3685.021445 3655.968031 3631.077383 3621.453005 3621.087205 3622.704480 3615.510200 3624.555851 3634.803482 3651.474084 3666.808890 3690.303755 3720.368524 3735.502596 3750.100344 3758.104573 3775.661506 3803.688730 3854.666521 3915.989171 3972.405836 4006.269888 4005.981374 3976.583154 3953.622170 3939.306198 3954.778277 3981.258333 4029.326141 4117.766877 4179.604722 4222.992724 4260.198360 4296.546213 4363.414468 4460.962186 4543.810883 -9999.0 -9999.0 -9999.0 -9999.0 -9999.0 -9999.0 -9999.0 -9999.0 -9999.0 -9999.0 -9999.0 -9999.0
-9999.0 -9999.0 -9999.0 -9999.0 -9999.0 -9999.0 2855.524800 2961.310630 3020.620336 3177.689528 3328.382602 3438.060064 3522.797918 3560.908442 3598.475955 3630.803373 3632.602039 3611.687139 3588.836498 3612.361410 3634.393996 3628.167413 3595.096440 3598.258729 3607.527221 3616.780625 3615.976660 3612.468528 3590.643518 3612.315950 3621.113656 3601.639660 3579.444644 3570.012315 3560.754039 3572.554078 3574.023994 3560.320863 3559.258722 3588.384650 3610.271230 3623.226116 3643.963728 3677.203937 3709.718854 3725.479942 3725.938293 3729.737140 3764.766287 3832.164270 3903.005456 3958.162864 3989.113425 3993.265754 3961.806757 3916.160706 3889.061291 3886.414427 3908.814952 3945.727967 4005.052018 4039.622784 4047.288866 4044.416201 4053.871691 4155.789825 -9999.0 -9999.0 -9999.0 -9999.0 -9999.0 -9999.0 -9999.0 -9999.0 -9999.0 -9999.0 -9999.0 -9999.0 -9999.0 -9999.0
-9999.0 -9999.0 -9999.0 -9999.0 -9999.0 -9999.0 -9999.0 -9999.0 -9999.0 -9999.0 -9999.0 -9999.0 -9999.0 -9999.0 -9999.0 -9999.0 -9999.0 -9999.0 -9999.0 -9999.0 -9999.0 -9999.0 -9999.0 -9999.0 -9999.0 -9999.0 -9999.0 -9999.0 -9999.0 -9999.0 -9999.0 -9999.0 -9999.0 -9999.0 -9999.0 -9999.0 -9999.0 -9999.0 -9999.0 -9999.0 -9999.0 -9999.0 -9999.0 -9999.0 -9999.0 -9999.0 -9999.0 -9999.0 -9999.0 -9999.0 -9999.0 -9999.0 -9999.0 -9999.0 -9999.0 -9999.0 -9999.0 -9999.0 -9999.0 -9999.0 -9999.0 -9999.0 -9999.0 -9999.0 -9999.0 -9999.0 -9999.0 -9999.0 -9999.0 -9999.0 -9999.0 -9999.0 -9999.0 -9999.0 -9999.0 -9999.0 -9999.0 -9999.0 -9999.0 -9999.0
-9999.0 -9999.0 -9999.0 -9999.0 -9999.0 -9999.0 -9999.0 -9999.0 -9999.0 -9999.0 -9999.0 -9999.0 -9999.0 -9999.0 -9999.0 -9999.0 -9999.0 -9999.0 -9999.0 -9999.0 -9999.0 -9999.0 -9999.0 -9999.0 -9999.0 -9999.0 -9999.0 -9999.0 -9999.0 -9999.0 -9999.0 -9999.0 -9999.0 -9999.0 -9999.0 -9999.0 -9999.0 -9999.0 -9999.0 -9999.0 -9999.0 -9999.0 -9999.0 -9999.0 -9999.0 -9999.0 -9999.0 -9999.0 -9999.0 -9999.0 -9999.0 -9999.0 -9999.0 -9999.0 -9999.0 -9999.0 -9999.0 -9999.0 -9999.0 -9999.0 -9999.0 -9999.0 -9999.0 -9999.0 -9999.0 -9999.0 -9999.0 -9999.0 -9999.0 -9999.0 -9999.0 -9999.0 -9999.0 -9999.0 -9999.0 -9999.0 -9999.0 -9999.0 -9999.0 -9999.0