Borden_/Borden1m_014/output_maps/psiliqL0025N0036.asc
ncols         80
nrows         18
xllcorner     620200.000000
yllcorner     5168000.000000
cellsize      1.000000
NODATA_value  -9999.0
-9999.0 -9999.0 -9999.0 -9999.0 -9999.0 -9999.0 -9999.0 -9999.0 -9999.0 -9999.0 -9999.0 -9999.0 -9999.0 -9999.0 -9999.0 -9999.0 -9999.0 -9999.0 -9999.0 -9999.0 -9999.0 -9999.0 -9999.0 -9999.0 -9999.0 -9999.0 -9999.0 -9999.0 -9999.0 -9999.0 -9999.0 -9999.0 -9999.0 -9999.0 -9999.0 -9999.0 -9999.0 -9999.0 -9999.0 -9999.0 -9999.0 -9999.0 -9999.0 -9999.0 -9999.0 -9999.0 -9999.0 -9999.0 -9999.0 -9999.0 -9999.0 -9999.0 -9999.0 -9999.0 -9999.0 -9999.0 -9999.0 -9999.0 -9999.0 -9999.0 -9999.0 -9999.0 -9999.0 -9999.0 -9999.0 -9999.0 -9999.0 -9999.0 -9999.0 -9999.0 -9999.0 -9999.0 -9999.0 -9999.0 -9999.0 -9999.0 -9999.0 -9999.0 -9999.0 -9999.0
-9999.0 -9999.0 -9999.0 -9999.0 -9999.0 -9999.0 -9999.0 -9999.0 -9999.0 -9999.0 -9999.0 -9999.0 -9999.0 -9999.0 -9999.0 -9999.0 -9999.0 -9999.0 -9999.0 -9999.0 -9999.0 -9999.0 -9999.0 -9999.0 -9999.0 -9999.0 -9999.0 -9999.0 -9999.0 -9999.0 -9999.0 -9999.0 -9999.0 -9999.0 -9999.0 -9999.0 -9999.0 -9999.0 -9999.0 -9999.0 -9999.0 -9999.0 -9999.0 -9999.0 -9999.0 -9999.0 -9999.0 -9999.0 -9999.0 -9999.0 -9999.0 -9999.0 -9999.0 -9999.0 -9999.0 -9999.0 -9999.0 -9999.0 -9999.0 -9999.0 -9999.0 -9999.0 -9999.0 -9999.0 -9999.0 -9999.0 -9999.0 -9999.0 -9999.0 -9999.0 -9999.0 -9999.0 -9999.0 -9999.0 -9999.0 -9999.0 -9999.0 -9999.0 -9999.0 -9999.0
-9999.0 -9999.0 -9999.0 -9999.0 -9999.0 -9999.0 -9999.0 -9999.0 -9999.0 -9999.0 -9999.0 -9999.0 -9999.0 -9999.0 -9999.0 -9999.0 -9999.0 -9999.0 -9999.0 -9999.0 3126.618638 3127.661784 3105.881665 3071.706544 3043.350717 3045.020966 3077.822672 3118.193233 3156.656934 3163.966189 3144.758771 3148.260659 3143.621870 3139.115352 3139.300881 3146.816322 3153.201190 3162.802342 3169.692152 3167.379405 3160.007891 3154.898624 3157.215519 3158.865213 3165.053117 3150.912659 3166.765209 3180.140779 3185.014935 3182.406928 3161.307749 3149.354854 3141.527516 3126.194880 3152.808309 3164.676679 3186.656510 3191.525279 3189.896280 3164.712361 3134.839970 -9999.0 -9999.0 -9999.0 -9999.0 -9999.0 -9999.0 -9999.0 -9999.0 -9999.0 -9999.0 -9999.0 -9999.0 -9999.0 -9999.0 -9999.0 -9999.0 -9999.0 -9999.0 -9999.0
-9999.0 -9999.0 -9999.0 -9999.0 -9999.0 -9999.0 -9999.0 -9999.0 -9999.0 -9999.0 -9999.0 -9999.0 -9999.0 -9999.0 3036.672845 3027.741861 3024.677444 3031.796327 3064.064301 3094.059162 3105.641076 3097.994606 3097.597040 3072.693449 3049.714867 3062.059966 3091.038399 3120.997909 3153.909663 3170.975702 3159.608962 3156.749874 3163.545146 3180.309704 3188.192472 3184.418101 3169.590192 3190.480971 3203.511219 3207.872724 3205.726380 3195.798803 3204.618424 3218.579468 3211.524583 3196.309910 3207.084902 3222.040286 3233.143458 3225.095623 3170.167875 3158.112717 3155.313733 3151.580685 3138.956943 3135.435309 3163.960358 3163.912096 3157.028085 3140.236764 3107.371129 3062.501521 3044.030156 3084.911606 3128.950973 3184.643096 -9999.0 -9999.0 -9999.0 -9999.0 -9999.0 -9999.0 -9999.0 -9999.0 -9999.0 -9999.0 -9999.0 -9999.0 -9999.0 -9999.0
-9999.0 -9999.0 -9999.0 -9999.0 -9999.0 -9999.0 -9999.0 -9999.0 -9999.0 2983.966476 2985.315422 2991.990319 2994.078481 3008.944657 3005.530394 3012.125893 3015.945556 3042.695525 3071.771857 3104.852636 3131.382831 3121.791327 3120.067198 3123.854240 3118.347688 3125.889571 3145.732576 3179.266230 3210.166472 3245.012692 3211.306405 3206.145588 3223.305718 3264.378773 3287.521356 3289.422538 3270.723230 3286.746868 3310.008667 3325.664923 3322.027000 3316.004224 3341.654324 3356.666717 3350.923485 3329.657849 3328.090596 3335.484015 3364.738972 3314.586685 3249.465188 3211.269440 3227.196702 3206.392976 3180.647927 3172.452171 3173.480071 3192.204448 3180.978904 3149.510376 3116.747551 3105.632447 3089.348385 3110.675462 3134.404812 3180.139508 3220.378089 3250.532435 3250.401563 3233.428849 -9999.0 -9999.0 -9999.0 -9999.0 -9999.0 -9999.0 -9999.0 -9999.0 -9999.0 -9999.0
-9999.0 -9999.0 -9999.0 -9999.0 -9999.0 -9999.0 2904.925592 2915.554223 2936.494587 2939.391942 2965.954907 2971.287873 2983.754264 3000.470476 3021.644322 3034.056294 3058.652041 3087.984270 3123.407083 3160.523484 3185.206547 3175.777440 3178.071898 3197.182516 3223.706233 3242.382431 3264.371684 3301.367468 3372.365804 3408.248120 3401.116140 3401.796694 3409.874551 3459.843436 3523.526895 3534.515672 3513.916227 3500.773721 3524.063472 3561.193223 3559.479487 3558.286974 3571.047206 3581.733054 3608.484862 3597.815978 3562.079014 3556.482638 3562.894389 3540.755390 3472.698132 3415.797554 3396.962076 3351.457012 3269.186396 3226.612270 3250.055615 3278.024326 3256.758555 3208.039287 3178.512050 3173.479283 3162.865112 3156.280912 3169.028462 3190.930904 3215.454757 3229.764940 3218.381207 3198.021558 3177.276352 3149.323083 3152.091454 3177.189451 -9999.0 -9999.0 -9999.0 -9999.0 -9999.0 -9999.0
-9999.0 -9999.0 -9999.0 -9999.0 2855.037320 2868.039414 2853.575126 2879.864431 2912.063514 2945.820391 2973.400206 2997.830867 3020.243842 3046.315766 3078.908521 3100.719997 3132.385465 3161.359460 3205.172446 3265.621544 3309.282466 3322.463190 3330.509349 3380.540414 3436.374819 3483.179426 3501.608717 3527.153092 3572.230793 3628.411106 3650.627505 3653.465809 3670.340248 3713.092196 3768.781092 3803.710276 3786.155276 3777.225945 3787.070372 3801.156593 3823.291676 3823.367059 3824.477467 3828.500547 3836.000504 3834.342814 3808.000727 3774.699230 3761.810473 3751.829789 3714.386256 3642.752382 3612.428607 3583.878868 3542.293839 3488.688423 3441.031222 3441.853211 3387.855034 3334.081673 3284.423602 3276.533619 3256.552961 3240.960301 3223.801059 3236.215106 3248.363268 3233.674444 3204.243508 3176.179923 3163.402648 3146.021118 3134.963406 3166.221029 3183.873915 3213.550437 -9999.0 -9999.0 -9999.0 -9999.0
-9999.0 -9999.0 2795.784875 2841.256559 2898.341139 2904.648885 2898.544409 2901.722958 2928.367608 2977.787293 3031.858575 3068.212814 3096.734030 3126.151774 3173.480901 3235.070654 3294.387922 3336.196855 3392.802332 3461.359562 3519.992350 3546.652192 3555.477057 3590.646434 3644.889251 3713.312744 3741.086965 3767.348404 3798.831766 3834.932344 3827.814574 3838.650664 3850.851746 3863.087091 3877.566774 3884.435099 3879.652673 3875.069229 3856.557952 3851.465660 3857.967304 3865.819118 3864.946579 3850.340196 3846.373285 3861.299340 3867.415811 3865.412087 3862.721876 3867.727162 3863.640985 3815.824077 3797.272434 3782.202609 3770.776819 3724.877831 3658.544125 3626.063121 3604.937563 3564.439649 3491.445945 3453.894566 3414.711964 3380.164087 3343.273061 3329.995291 3297.696901 3265.819143 3227.393990 3186.971086 3169.086463 3154.845970 3154.583591 3155.358463 3173.165391 3188.644642 3204.670198 3212.780025 -9999.0 -9999.0
-9999.0 2692.540080 2764.176109 2878.941691 2956.443598 2989.035078 2997.843157 3001.007087 3025.213738 3055.923825 3142.005651 3190.132628 3272.096111 3308.366586 3348.492910 3437.349079 3530.627028 3573.334856 3611.653041 3674.422672 3739.435627 3786.177390 3812.330666 3792.972528 3831.945851 3860.482260 3868.211892 3874.942258 3874.675288 3866.190588 3859.586128 3866.295899 3863.379668 3844.290553 3828.302410 3826.583820 3823.201614 3799.965536 3772.510868 3757.139105 3758.626220 3783.479081 3770.434200 3749.100509 3744.700716 3766.298138 3787.501924 3776.866314 3763.758623 3780.297740 3814.772607 3839.385029 3841.011190 3859.408906 3880.492444 3851.662657 3829.962271 3786.403698 3769.602060 3744.274445 3687.739347 3633.017831 3585.164122 3536.894458 3484.697831 3435.764269 3388.400198 3341.803193 3288.759765 3256.212083 3232.089495 3189.438664 3177.522183 3183.338121 3178.936038 3177.515666 3183.988628 3190.630399 -9999.0 -9999.0
-9999.0 2597.171052 2736.737957 2906.989396 3045.454953 3085.485390 3147.913774 3201.352537 3214.433708 3162.816069 3259.691524 3474.319507 3593.498695 3610.197965 3684.709334 3778.525829 3763.112115 3794.088976 3816.922086 3841.454575 3861.201085 3875.063290 3873.224082 3867.928082 3851.518609 3843.532057 3842.673476 3840.592360 3823.284886 3804.410931 3787.669648 3784.606425 3766.845126 3717.950514 3684.956652 3667.734371 3649.235330 3635.687385 3608.333769 3582.518712 3566.380050 3577.105251 3575.007177 3561.403173 3556.979751 3575.159398 3605.984397 3603.713193 3614.999384 3634.490620 3669.864999 3707.702819 3726.868488 3755.800959 3791.254910 3838.764373 3847.874596 3870.211657 3873.259141 3862.303813 3816.133276 3764.915449 3735.674658 3680.629523 3621.182643 3559.668811 3511.098762 3466.629507 3411.782978 3377.828526 3339.008960 3285.744293 3242.768880 3234.776751 3201.510175 3188.366873 -9999.0 -9999.0 -9999.0 -9999.0
-9999.0 2496.320878 2676.466165 2907.881429 3194.278583 3266.087198 3465.068776 3577.995545 3616.509239 3682.845110 3569.676334 3770.640542 3821.702409 3816.255261 3830.375711 3833.302316 3847.385605 3846.843498 3841.774565 3830.831977 3821.344656 3816.850580 3815.759638 3807.865776 3795.285605 3780.719202 3768.887603 3757.572619 3721.187800 3689.476611 3650.796544 3638.478297 3594.712840 3503.584689 3465.043086 3427.108287 3367.148440 3369.455796 3376.321677 3353.038692 3333.713100 3306.241164 3335.277413 3345.513494 3349.501521 3345.386937 3355.284462 3382.642376 3429.705894 3463.639949 3502.277309 3549.805835 3579.837636 3618.726630 3658.465923 3710.488703 3741.351148 3770.065008 3818.508407 3855.405471 3878.033383 3864.259213 3845.302590 3801.128155 3741.173580 3692.034445 3663.365992 3613.314394 3570.084671 3526.665898 3480.441716 3427.927755 3366.994494 3313.458911 3279.615806 -9999.0 -9999.0 -9999.0 -9999.0 -9999.0
-9999.0 2276.043084 2540.139722 2798.058592 3068.820744 3406.040398 3572.409326 3667.068822 3729.485161 3710.314068 3731.682524 3738.505659 3775.337612 3782.284956 3760.841507 3747.262383 3730.016831 3728.928198 3741.958288 3714.808891 3684.809245 3671.604909 3672.479010 3661.783946 3638.119709 3623.254533 3613.976560 3595.737344 3552.958933 3503.345492 3420.251869 3386.837613 3309.797717 3270.860506 3234.715244 3188.473127 3147.219660 3152.777843 3174.590944 3168.179308 3147.729442 3130.888669 3160.067997 3177.995218 3191.007946 3175.025748 3181.592067 3215.589920 3261.582083 3301.434280 3344.802104 3391.740029 3432.982109 3471.957251 3493.013246 3532.444148 3574.099776 3615.327384 3684.945435 3762.555852 3797.977308 3832.275558 3861.491050 3883.234707 3840.583650 3814.015212 3790.549512 3767.413431 3721.581763 3676.428934 3635.909210 3571.884463 3512.422882 -9999.0 -9999.0 -9999.0 -9999.0 -9999.0 -9999.0 -9999.0
-9999.0 2162.957632 2357.744391 2551.480560 2790.283766 3013.071275 3229.363090 3319.539505 3388.542651 3456.431877 3508.430902 3545.340701 3571.017316 3592.335611 3569.694650 3524.317104 3492.424770 3497.321784 3488.805620 3467.795829 3440.290123 3427.509823 3425.125088 3420.466081 3399.400833 3389.253012 3382.650007 3365.413325 3340.218766 3288.244834 3217.515019 3148.441278 3095.456697 3076.042162 3053.801169 3027.347747 3000.907757 3014.454485 3027.331981 3027.563472 3021.166223 3021.420682 3050.458382 3070.077052 3079.527992 3068.573227 3086.632485 3109.653068 3146.374054 3183.018430 3227.072050 3276.485242 3324.269818 3344.149077 3346.292813 3357.915420 3384.802645 3427.727076 3503.583170 3588.931479 3665.540805 3710.546650 3760.951324 3800.543375 3828.253229 3853.862017 3875.675231 3868.291808 3842.720574 3809.611323 3751.428640 -9999.0 -9999.0 -9999.0 -9999.0 -9999.0 -9999.0 -9999.0 -9999.0 -9999.0
-9999.0 -9999.0 2131.656841 2285.474725 2384.859485 2548.521025 2693.181710 2803.299964 2876.295798 3003.383448 3123.212292 3212.294101 3257.885562 3273.171786 3259.248924 3230.686093 3213.360887 3213.032816 3201.551055 3195.228481 3180.934464 3175.902975 3167.773257 3160.724131 3156.790883 3156.410618 3154.575834 3147.019927 3130.863785 3090.189398 3053.700769 3010.258857 2974.712826 2953.312326 2935.308892 2918.439734 2922.573364 2917.964230 2923.672616 2926.772604 2936.499166 2950.762074 2970.169844 2986.250022 2995.760106 3005.750390 3016.469819 3037.856421 3067.447715 3107.071506 3157.902286 3210.265960 3245.485102 3251.900061 3233.733463 3228.573444 3236.559846 3265.202503 3328.206843 3396.312521 3485.066822 3549.915711 3616.380996 3671.883135 3698.276658 3734.647081 3804.247924 3852.228647 3893.923964 3871.565051 -9999.0 -9999.0 -9999.0 -9999.0 -9999.0 -9999.0 -9999.0 -9999.0 -9999.0 -9999.0
-9999.0 -9999.0 -9999.0 -9999.0 2146.213925 2293.719448 2391.499551 2471.939711 2606.804892 2739.086379 2814.508740 2900.815285 2969.374103 2982.409204 2982.584998 2998.869780 2997.869390 2988.914426 2978.233016 2983.089009 2988.048334 2982.393525 2979.618274 2973.845017 2978.154962 2986.616722 2985.659913 2973.829413 2956.978201 2943.577111 2931.474366 2901.894027 2870.958174 2844.900398 2834.034361 2831.864190 2832.784413 2825.585493 2834.450030 2843.559763 2859.744399 2875.023029 2898.560725 2928.063577 2942.750517 2957.427351 2966.016830 2984.463342 3006.961891 3057.950361 3119.213986 3175.162373 3207.062853 3207.083293 3180.076053 3158.318066 3145.922672 3163.370494 3189.773406 3240.358654 3329.067064 3390.217444 3435.486953 3474.225636 3510.420536 3574.906227 3668.588090 3749.388072 -9999.0 -9999.0 -9999.0 -9999.0 -9999.0 -9999.0 -9999.0 -9999.0 -9999.0 -9999.0 -9999.0 -9999.0
-9999.0 -9999.0 -9999.0 -9999.0 -9999.0 -9999.0 2122.793202 2228.925553 2297.385251 2451.486280 2598.169896 2708.232981 2793.897132 2831.355608 2828.039288 2858.154101 2858.835283 2838.742230 2817.060919 2838.934629 2858.209559 2852.021327 2820.174461 2822.123283 2829.840809 2838.634634 2837.262715 2832.723820 2809.758150 2828.052368 2834.130565 2813.341113 2790.085641 2799.979545 2788.544223 2798.325871 2798.282881 2783.728348 2782.569693 2794.857353 2816.003659 2828.994398 2850.050093 2883.243126 2915.703854 2931.313846 2932.103372 2936.664658 2973.094483 3035.421052 3105.836177 3160.358695 3189.582486 3193.971468 3164.636033 3119.766213 3093.559384 3092.414200 3116.629176 3155.931180 3213.568228 3249.428260 3260.371140 3261.328242 3273.349555 3371.497055 -9999.0 -9999.0 -9999.0 -9999.0 -9999.0 -9999.0 -9999.0 -9999.0 -9999.0 -9999.0 -9999.0 -9999.0 -9999.0 -9999.0
-9999.0 -9999.0 -9999.0 -9999.0 -9999.0 -9999.0 -9999.0 -9999.0 -9999.0 -9999.0 -9999.0 -9999.0 -9999.0 -9999.0 -9999.0 -9999.0 -9999.0 -9999.0 -9999.0 -9999.0 -9999.0 -9999.0 -9999.0 -9999.0 -9999.0 -9999.0 -9999.0 -9999.0 -9999.0 -9999.0 -9999.0 -9999.0 -9999.0 -9999.0 -9999.0 -9999.0 -9999.0 -9999.0 -9999.0 -9999.0 -9999.0 -9999.0 -9999.0 -9999.0 -9999.0 -9999.0 -9999.0 -9999.0 -9999.0 -9999.0 -9999.0 -9999.0 -9999.0 -9999.0 -9999.0 -9999.0 -9999.0 -9999.0 -9999.0 -9999.0 -9999.0 -9999.0 -9999.0 -9999.0 -9999.0 -9999.0 -9999.0 -9999.0 -9999.0 -9999.0 -9999.0 -9999.0 -9999.0 -9999.0 -9999.0 -9999.0 -9999.0 -9999.0 -9999.0 -9999.0
-9999.0 -9999.0 -9999.0 -9999.0 -9999.0 -9999.0 -9999.0 -9999.0 -9999.0 -9999.0 -9999.0 -9999.0 -9999.0 -9999.0 -9999.0 -9999.0 -9999.0 -9999.0 -9999.0 -9999.0 -9999.0 -9999.0 -9999.0 -9999.0 -9999.0 -9999.0 -9999.0 -9999.0 -9999.0 -9999.0 -9999.0 -9999.0 -9999.0 -9999.0 -9999.0 -9999.0 -9999.0 -9999.0 -9999.0 -9999.0 -9999.0 -9999.0 -9999.0 -9999.0 -9999.0 -9999.0 -9999.0 -9999.0 -9999.0 -9999.0 -9999.0 -9999.0 -9999.0 -9999.0 -9999.0 -9999.0 -9999.0 -9999.0 -9999.0 -9999.0 -9999.0 -9999.0 -9999.0 -9999.0 -9999.0 -9999.0 -9999.0 -9999.0 -9999.0 -9999.0 -9999.0 -9999.0 -9999.0 -9999.0 -9999.0 -9999.0 -9999.0 -9999.0 -9999.0 -9999.0