Borden_/Borden1m_014/output_maps/psiliqL0018N0038.asc
ncols         80
nrows         18
xllcorner     620200.000000
yllcorner     5168000.000000
cellsize      1.000000
NODATA_value  -9999.0
-9999.0 -9999.0 -9999.0 -9999.0 -9999.0 -9999.0 -9999.0 -9999.0 -9999.0 -9999.0 -9999.0 -9999.0 -9999.0 -9999.0 -9999.0 -9999.0 -9999.0 -9999.0 -9999.0 -9999.0 -9999.0 -9999.0 -9999.0 -9999.0 -9999.0 -9999.0 -9999.0 -9999.0 -9999.0 -9999.0 -9999.0 -9999.0 -9999.0 -9999.0 -9999.0 -9999.0 -9999.0 -9999.0 -9999.0 -9999.0 -9999.0 -9999.0 -9999.0 -9999.0 -9999.0 -9999.0 -9999.0 -9999.0 -9999.0 -9999.0 -9999.0 -9999.0 -9999.0 -9999.0 -9999.0 -9999.0 -9999.0 -9999.0 -9999.0 -9999.0 -9999.0 -9999.0 -9999.0 -9999.0 -9999.0 -9999.0 -9999.0 -9999.0 -9999.0 -9999.0 -9999.0 -9999.0 -9999.0 -9999.0 -9999.0 -9999.0 -9999.0 -9999.0 -9999.0 -9999.0
-9999.0 -9999.0 -9999.0 -9999.0 -9999.0 -9999.0 -9999.0 -9999.0 -9999.0 -9999.0 -9999.0 -9999.0 -9999.0 -9999.0 -9999.0 -9999.0 -9999.0 -9999.0 -9999.0 -9999.0 -9999.0 -9999.0 -9999.0 -9999.0 -9999.0 -9999.0 -9999.0 -9999.0 -9999.0 -9999.0 -9999.0 -9999.0 -9999.0 -9999.0 -9999.0 -9999.0 -9999.0 -9999.0 -9999.0 -9999.0 -9999.0 -9999.0 -9999.0 -9999.0 -9999.0 -9999.0 -9999.0 -9999.0 -9999.0 -9999.0 -9999.0 -9999.0 -9999.0 -9999.0 -9999.0 -9999.0 -9999.0 -9999.0 -9999.0 -9999.0 -9999.0 -9999.0 -9999.0 -9999.0 -9999.0 -9999.0 -9999.0 -9999.0 -9999.0 -9999.0 -9999.0 -9999.0 -9999.0 -9999.0 -9999.0 -9999.0 -9999.0 -9999.0 -9999.0 -9999.0
-9999.0 -9999.0 -9999.0 -9999.0 -9999.0 -9999.0 -9999.0 -9999.0 -9999.0 -9999.0 -9999.0 -9999.0 -9999.0 -9999.0 -9999.0 -9999.0 -9999.0 -9999.0 -9999.0 -9999.0 1755.246726 1757.958142 1737.178143 1704.846499 1678.527584 1682.503572 1718.517295 1761.603116 1802.301031 1813.443302 1797.101596 1801.801775 1798.861969 1797.900162 1800.906173 1809.347167 1815.784943 1827.806949 1837.259376 1837.888083 1833.001028 1829.226327 1831.054158 1833.760759 1838.986582 1825.892901 1838.992166 1852.500920 1855.144592 1848.115552 1819.363019 1802.204488 1790.694194 1772.375661 1794.897750 1804.159579 1824.582113 1826.595395 1822.869640 1794.513013 1763.531267 -9999.0 -9999.0 -9999.0 -9999.0 -9999.0 -9999.0 -9999.0 -9999.0 -9999.0 -9999.0 -9999.0 -9999.0 -9999.0 -9999.0 -9999.0 -9999.0 -9999.0 -9999.0 -9999.0
-9999.0 -9999.0 -9999.0 -9999.0 -9999.0 -9999.0 -9999.0 -9999.0 -9999.0 -9999.0 -9999.0 -9999.0 -9999.0 -9999.0 1660.767846 1652.550151 1651.326954 1661.064082 1695.849285 1727.261556 1739.469597 1733.184922 1734.668528 1712.429869 1692.993642 1708.597945 1740.427857 1773.853163 1810.165420 1831.527612 1822.347033 1821.850034 1832.235976 1857.038650 1869.462828 1867.684838 1850.071229 1875.377050 1891.977633 1900.931324 1901.740829 1894.296586 1906.418154 1921.522426 1914.057497 1896.576402 1902.249136 1913.144141 1922.313949 1907.741155 1843.063547 1823.280215 1816.323719 1807.656212 1791.246730 1783.218251 1807.112764 1804.555520 1794.446451 1774.883867 1740.571440 1695.211959 1675.019151 1712.497634 1754.455863 1809.868167 -9999.0 -9999.0 -9999.0 -9999.0 -9999.0 -9999.0 -9999.0 -9999.0 -9999.0 -9999.0 -9999.0 -9999.0 -9999.0 -9999.0
-9999.0 -9999.0 -9999.0 -9999.0 -9999.0 -9999.0 -9999.0 -9999.0 -9999.0 1598.421842 1604.503085 1613.295250 1617.512908 1634.702002 1633.159568 1641.871399 1649.848743 1678.903486 1711.309756 1747.586304 1777.238787 1770.073400 1771.847817 1781.767088 1784.287217 1797.197096 1820.966561 1862.901204 1901.900848 1943.016088 1914.972350 1913.752474 1933.907228 1980.118940 2010.525340 2016.646240 1999.736562 2012.788938 2039.206724 2061.186491 2061.846122 2059.871972 2085.370389 2099.524227 2097.534914 2076.037088 2066.031951 2066.563598 2090.378002 2036.880252 1968.395916 1919.461257 1924.561763 1895.072258 1858.741625 1838.769862 1834.402885 1852.233291 1835.715648 1797.090341 1759.655739 1746.312200 1726.839141 1742.897403 1763.136853 1807.101250 1844.114340 1870.677801 1868.074895 1849.219191 -9999.0 -9999.0 -9999.0 -9999.0 -9999.0 -9999.0 -9999.0 -9999.0 -9999.0 -9999.0
-9999.0 -9999.0 -9999.0 -9999.0 -9999.0 -9999.0 1517.010529 1528.054507 1550.084433 1555.536826 1583.042559 1591.770536 1614.077376 1634.957729 1658.784054 1676.433670 1707.283685 1741.596453 1783.097260 1826.771868 1860.010633 1855.183912 1866.503704 1895.187433 1932.112608 1960.096188 1986.960385 2028.713854 2105.473324 2147.554760 2151.910229 2157.046729 2167.517356 2217.434207 2281.600561 2295.213725 2276.123014 2263.804689 2286.975160 2325.513018 2330.955981 2333.301132 2346.268065 2356.437554 2381.845075 2370.560670 2329.717563 2316.099990 2314.665302 2293.976105 2228.261088 2164.645080 2133.167457 2082.034708 1997.699955 1944.519005 1953.702021 1972.003258 1942.394141 1887.186218 1845.794361 1833.685082 1816.790934 1802.492621 1807.690576 1824.859580 1844.432911 1853.282706 1837.780744 1814.398835 1789.974169 1759.826670 1760.707523 1785.048912 -9999.0 -9999.0 -9999.0 -9999.0 -9999.0 -9999.0
-9999.0 -9999.0 -9999.0 -9999.0 1465.112693 1479.204765 1467.750986 1495.079606 1529.692832 1565.971413 1598.941924 1636.939040 1665.848070 1697.944586 1738.904401 1772.322309 1814.039314 1850.462436 1905.536320 1974.313424 2026.191834 2049.455045 2065.092091 2122.904531 2184.238046 2236.958842 2259.556295 2288.855483 2335.492367 2396.213512 2423.382327 2430.015031 2448.007329 2485.916285 2535.911987 2570.802272 2554.907716 2548.007314 2556.723867 2570.843172 2595.795192 2598.313692 2600.892701 2604.009383 2608.960636 2606.615210 2579.991107 2544.655742 2527.892010 2516.397798 2482.656328 2411.215056 2372.341937 2340.411612 2301.706267 2246.948727 2185.725628 2172.754866 2114.302703 2055.028589 1993.476874 1972.411919 1941.393332 1915.159885 1885.854873 1886.399909 1887.737733 1864.529426 1829.106872 1794.520516 1777.688197 1757.474592 1745.021694 1774.309143 1791.035354 1820.458700 -9999.0 -9999.0 -9999.0 -9999.0
-9999.0 -9999.0 1403.542674 1452.110373 1510.628262 1520.526479 1521.113986 1528.780115 1559.622972 1614.063005 1688.745976 1738.126095 1779.625947 1815.909097 1876.489332 1953.330459 2024.451770 2073.610209 2135.793562 2207.990486 2271.635841 2305.139879 2322.205377 2363.038263 2418.721556 2483.947081 2512.584039 2540.549963 2574.678651 2610.641893 2617.126007 2630.560102 2640.128408 2645.676686 2653.672759 2656.686305 2651.880814 2646.822335 2628.794220 2625.403160 2633.300173 2640.476858 2641.619514 2628.044997 2623.936687 2637.362144 2641.171539 2638.839983 2636.431658 2642.243411 2642.771772 2600.360964 2567.915399 2550.947602 2537.405948 2490.734444 2423.846086 2383.163221 2358.967060 2313.270192 2234.232256 2183.779591 2133.382483 2085.663909 2033.248689 2002.869335 1955.252974 1910.616456 1861.688631 1813.357129 1788.322483 1769.514450 1766.197165 1765.003783 1780.492900 1794.927644 1809.604806 1817.024790 -9999.0 -9999.0
-9999.0 1297.716739 1370.259273 1496.222458 1577.416076 1622.133504 1649.871455 1670.410726 1701.920335 1733.854459 1836.321450 1916.618985 2008.078474 2048.720332 2099.449991 2197.344918 2293.920419 2342.505036 2383.273994 2443.455058 2506.917736 2557.330479 2587.305566 2590.700107 2627.440435 2646.372234 2651.567677 2656.552406 2654.578167 2646.947670 2638.864595 2644.808716 2640.407246 2620.225726 2602.785589 2598.626816 2592.448313 2567.638173 2538.219230 2523.094774 2525.478106 2550.291902 2537.297709 2516.412948 2512.561992 2534.080844 2555.011298 2545.966484 2533.534155 2552.454464 2587.999496 2611.698822 2619.801141 2637.088227 2657.727423 2630.773163 2603.649772 2560.057426 2538.406427 2507.911806 2447.565367 2385.609008 2329.340562 2267.328379 2200.302245 2133.031808 2068.760265 2005.256792 1937.903095 1895.565044 1864.063253 1814.717731 1794.978632 1796.863624 1787.817401 1784.084834 1789.096747 1794.934592 -9999.0 -9999.0
-9999.0 1212.467049 1354.332779 1537.908570 1686.627909 1742.573607 1835.186105 1910.934562 1939.042003 1907.277172 2016.080484 2236.727967 2348.854690 2370.079873 2445.526597 2539.206208 2550.287653 2584.344144 2608.289755 2624.118616 2637.147174 2649.694320 2649.447823 2645.183273 2630.904763 2623.261751 2621.602766 2618.091399 2599.397056 2578.822113 2559.893485 2554.247743 2532.921917 2485.017805 2449.604721 2430.094857 2411.527172 2392.839275 2361.879995 2335.137952 2319.151006 2333.521984 2328.829098 2312.596512 2308.830413 2330.637061 2362.341890 2359.746715 2370.394567 2392.617040 2432.682808 2473.538727 2497.202687 2528.808497 2567.659705 2614.251640 2628.614848 2650.672992 2654.179849 2636.675479 2589.898915 2533.909985 2497.018188 2431.513815 2356.676781 2275.421547 2207.842167 2142.927133 2071.949798 2026.054597 1980.445908 1924.598834 1874.023855 1855.127598 1816.360946 1797.328143 -9999.0 -9999.0 -9999.0 -9999.0
-9999.0 1126.461416 1312.268081 1565.569371 1848.554128 1949.756828 2155.237670 2283.167847 2339.127193 2411.200660 2364.309951 2533.144859 2580.237171 2579.160990 2585.396138 2591.570602 2608.608376 2612.329236 2609.283581 2599.585860 2590.883567 2587.140749 2586.194034 2578.817679 2566.360835 2550.754197 2535.482046 2521.072923 2481.465344 2446.390186 2407.368395 2391.247128 2349.217858 2255.046497 2211.133321 2172.393595 2113.278745 2108.804888 2106.296053 2078.833279 2059.627306 2036.690311 2060.887335 2067.815671 2071.055272 2072.093566 2087.194387 2113.541528 2160.180027 2197.608857 2242.395320 2295.611593 2332.077251 2376.438558 2422.524848 2479.314156 2513.912852 2546.217393 2596.122250 2635.277238 2658.060122 2644.193164 2615.920043 2564.550600 2487.911723 2417.320245 2362.857071 2284.851816 2218.557060 2165.682818 2120.631174 2072.356743 2010.975394 1940.870590 1901.178382 -9999.0 -9999.0 -9999.0 -9999.0 -9999.0
-9999.0 933.781541 1200.482185 1482.280890 1785.376631 2118.613503 2265.596243 2386.606319 2459.587768 2435.145972 2450.537554 2470.690906 2515.749225 2526.864019 2508.323201 2499.368583 2487.180168 2487.407078 2500.375804 2473.630924 2443.775189 2430.110695 2429.656438 2417.874997 2394.098316 2377.092372 2365.025524 2343.329238 2294.008380 2241.173976 2157.053915 2123.924158 2045.933382 1994.009566 1950.509732 1900.270012 1850.056330 1849.924421 1868.826893 1855.531637 1833.782463 1815.776291 1843.286935 1862.501605 1875.440291 1863.133760 1872.112241 1908.265330 1958.100923 2002.844744 2052.984021 2108.044653 2154.786748 2202.145974 2233.576368 2283.358115 2332.798531 2380.402068 2454.675869 2534.806773 2573.531987 2607.903500 2637.107782 2649.074311 2591.285216 2536.224736 2476.732065 2408.803721 2327.467129 2278.577706 2253.036368 2214.077305 2161.338896 -9999.0 -9999.0 -9999.0 -9999.0 -9999.0 -9999.0 -9999.0
-9999.0 811.671488 1023.023372 1241.612146 1516.366375 1752.877998 1956.877001 2062.129973 2141.854534 2191.100675 2234.741205 2273.119899 2305.814735 2330.752276 2311.264312 2270.708318 2241.567144 2245.911008 2240.016973 2216.343912 2186.688234 2171.652973 2168.506370 2161.661182 2137.760284 2123.809651 2113.106162 2090.059923 2057.695992 2001.616912 1923.059520 1849.075006 1789.251595 1759.820923 1730.940264 1698.821091 1664.907361 1675.177273 1687.217436 1684.562638 1675.110771 1673.032224 1702.177449 1721.537565 1731.793930 1720.876367 1740.428313 1767.009270 1808.590501 1852.445126 1902.232473 1957.859777 2012.151189 2041.270482 2054.510844 2078.725240 2117.486834 2170.882156 2256.456810 2351.164771 2429.646284 2477.716805 2527.283617 2559.011156 2568.196378 2570.126500 2538.582912 2455.092100 2352.167549 2332.160237 2328.921789 -9999.0 -9999.0 -9999.0 -9999.0 -9999.0 -9999.0 -9999.0 -9999.0 -9999.0
-9999.0 -9999.0 792.023709 962.623294 1089.701890 1265.156255 1413.928123 1524.318457 1618.014013 1740.654262 1852.053400 1940.323422 1986.637524 2005.189356 1992.369911 1961.399873 1941.371309 1941.067323 1930.094588 1919.807752 1900.514888 1892.523435 1880.501739 1871.974930 1862.940122 1858.007721 1852.640667 1841.226321 1819.533524 1773.036232 1726.258477 1675.729082 1623.280144 1597.849075 1576.012845 1554.860882 1554.228801 1549.653696 1554.942006 1556.667089 1564.145498 1577.116091 1597.102363 1619.420998 1629.414283 1638.918402 1651.562520 1675.504111 1708.814198 1751.732598 1806.484543 1865.264734 1906.090493 1919.572998 1910.265462 1915.211729 1934.855014 1976.533929 2055.313890 2137.549642 2232.454485 2302.508981 2371.810251 2420.679699 2432.262999 2441.415070 2449.458088 2396.946106 2265.382013 2284.546325 -9999.0 -9999.0 -9999.0 -9999.0 -9999.0 -9999.0 -9999.0 -9999.0 -9999.0 -9999.0
-9999.0 -9999.0 -9999.0 -9999.0 822.556729 975.716855 1073.371579 1156.425272 1287.121898 1410.398319 1512.685588 1597.613245 1661.778697 1689.022766 1686.512966 1694.507620 1690.733001 1683.844453 1673.587605 1673.281255 1672.855014 1665.235787 1650.183619 1642.728913 1643.863970 1648.928877 1646.028984 1631.988311 1613.564443 1592.056909 1572.552493 1538.390733 1502.719759 1473.402222 1460.026979 1454.468042 1454.001556 1446.691664 1455.189509 1462.767017 1478.096885 1493.311059 1517.046752 1546.233563 1560.332968 1575.337323 1585.222122 1605.845497 1636.628222 1690.524244 1754.655653 1813.418536 1850.467647 1855.800270 1832.141951 1817.269326 1813.874637 1841.914795 1886.202795 1952.090464 2052.512633 2123.929100 2177.767735 2218.581483 2246.523609 2286.247072 2328.440606 2357.632286 -9999.0 -9999.0 -9999.0 -9999.0 -9999.0 -9999.0 -9999.0 -9999.0 -9999.0 -9999.0 -9999.0 -9999.0
-9999.0 -9999.0 -9999.0 -9999.0 -9999.0 -9999.0 786.072258 888.686123 966.955846 1108.423854 1241.930229 1344.809900 1426.146188 1459.132849 1487.200280 1514.771991 1513.402476 1494.623709 1474.884827 1493.809492 1508.202195 1501.940470 1471.347020 1471.054698 1476.003507 1483.881004 1481.289181 1474.591109 1449.192864 1461.120437 1461.982698 1438.428236 1412.176235 1398.211250 1386.122506 1395.522253 1395.520444 1381.629739 1381.817839 1408.748681 1429.125596 1442.220901 1463.914273 1497.179382 1529.679614 1545.178421 1546.759814 1553.012833 1592.942034 1663.518490 1735.912862 1792.257345 1825.724018 1834.686270 1808.521468 1769.269691 1749.664033 1757.340968 1792.386202 1844.643712 1919.624107 1967.236337 1990.102256 1999.710479 2013.783739 2101.433901 -9999.0 -9999.0 -9999.0 -9999.0 -9999.0 -9999.0 -9999.0 -9999.0 -9999.0 -9999.0 -9999.0 -9999.0 -9999.0 -9999.0
-9999.0 -9999.0 -9999.0 -9999.0 -9999.0 -9999.0 -9999.0 -9999.0 -9999.0 -9999.0 -9999.0 -9999.0 -9999.0 -9999.0 -9999.0 -9999.0 -9999.0 -9999.0 -9999.0 -9999.0 -9999.0 -9999.0 -9999.0 -9999.0 -9999.0 -9999.0 -9999.0 -9999.0 -9999.0 -9999.0 -9999.0 -9999.0 -9999.0 -9999.0 -9999.0 -9999.0 -9999.0 -9999.0 -9999.0 -9999.0 -9999.0 -9999.0 -9999.0 -9999.0 -9999.0 -9999.0 -9999.0 -9999.0 -9999.0 -9999.0 -9999.0 -9999.0 -9999.0 -9999.0 -9999.0 -9999.0 -9999.0 -9999.0 -9999.0 -9999.0 -9999.0 -9999.0 -9999.0 -9999.0 -9999.0 -9999.0 -9999.0 -9999.0 -9999.0 -9999.0 -9999.0 -9999.0 -9999.0 -9999.0 -9999.0 -9999.0 -9999.0 -9999.0 -9999.0 -9999.0
-9999.0 -9999.0 -9999.0 -9999.0 -9999.0 -9999.0 -9999.0 -9999.0 -9999.0 -9999.0 -9999.0 -9999.0 -9999.0 -9999.0 -9999.0 -9999.0 -9999.0 -9999.0 -9999.0 -9999.0 -9999.0 -9999.0 -9999.0 -9999.0 -9999.0 -9999.0 -9999.0 -9999.0 -9999.0 -9999.0 -9999.0 -9999.0 -9999.0 -9999.0 -9999.0 -9999.0 -9999.0 -9999.0 -9999.0 -9999.0 -9999.0 -9999.0 -9999.0 -9999.0 -9999.0 -9999.0 -9999.0 -9999.0 -9999.0 -9999.0 -9999.0 -9999.0 -9999.0 -9999.0 -9999.0 -9999.0 -9999.0 -9999.0 -9999.0 -9999.0 -9999.0 -9999.0 -9999.0 -9999.0 -9999.0 -9999.0 -9999.0 -9999.0 -9999.0 -9999.0 -9999.0 -9999.0 -9999.0 -9999.0 -9999.0 -9999.0 -9999.0 -9999.0 -9999.0 -9999.0