Borden_/Borden1m_014/output_maps/psiliqL0014N0001.asc
ncols         80
nrows         18
xllcorner     620200.000000
yllcorner     5168000.000000
cellsize      1.000000
NODATA_value  -9999.0
-9999.0 -9999.0 -9999.0 -9999.0 -9999.0 -9999.0 -9999.0 -9999.0 -9999.0 -9999.0 -9999.0 -9999.0 -9999.0 -9999.0 -9999.0 -9999.0 -9999.0 -9999.0 -9999.0 -9999.0 -9999.0 -9999.0 -9999.0 -9999.0 -9999.0 -9999.0 -9999.0 -9999.0 -9999.0 -9999.0 -9999.0 -9999.0 -9999.0 -9999.0 -9999.0 -9999.0 -9999.0 -9999.0 -9999.0 -9999.0 -9999.0 -9999.0 -9999.0 -9999.0 -9999.0 -9999.0 -9999.0 -9999.0 -9999.0 -9999.0 -9999.0 -9999.0 -9999.0 -9999.0 -9999.0 -9999.0 -9999.0 -9999.0 -9999.0 -9999.0 -9999.0 -9999.0 -9999.0 -9999.0 -9999.0 -9999.0 -9999.0 -9999.0 -9999.0 -9999.0 -9999.0 -9999.0 -9999.0 -9999.0 -9999.0 -9999.0 -9999.0 -9999.0 -9999.0 -9999.0
-9999.0 -9999.0 -9999.0 -9999.0 -9999.0 -9999.0 -9999.0 -9999.0 -9999.0 -9999.0 -9999.0 -9999.0 -9999.0 -9999.0 -9999.0 -9999.0 -9999.0 -9999.0 -9999.0 -9999.0 -9999.0 -9999.0 -9999.0 -9999.0 -9999.0 -9999.0 -9999.0 -9999.0 -9999.0 -9999.0 -9999.0 -9999.0 -9999.0 -9999.0 -9999.0 -9999.0 -9999.0 -9999.0 -9999.0 -9999.0 -9999.0 -9999.0 -9999.0 -9999.0 -9999.0 -9999.0 -9999.0 -9999.0 -9999.0 -9999.0 -9999.0 -9999.0 -9999.0 -9999.0 -9999.0 -9999.0 -9999.0 -9999.0 -9999.0 -9999.0 -9999.0 -9999.0 -9999.0 -9999.0 -9999.0 -9999.0 -9999.0 -9999.0 -9999.0 -9999.0 -9999.0 -9999.0 -9999.0 -9999.0 -9999.0 -9999.0 -9999.0 -9999.0 -9999.0 -9999.0
-9999.0 -9999.0 -9999.0 -9999.0 -9999.0 -9999.0 -9999.0 -9999.0 -9999.0 -9999.0 -9999.0 -9999.0 -9999.0 -9999.0 -9999.0 -9999.0 -9999.0 -9999.0 -9999.0 -9999.0 926.250128 928.503102 906.064337 872.001364 843.600680 845.214834 878.996751 919.297792 956.791775 965.840747 947.363769 949.467217 944.600326 943.031929 945.132041 951.706272 955.733187 966.485083 974.238017 973.131901 966.477227 960.933151 960.838209 963.571579 968.916097 958.278569 972.507473 988.009144 993.717189 989.482438 963.702313 949.414857 941.586255 927.116461 952.459376 964.932548 988.249263 992.953877 991.819484 965.314326 935.580849 -9999.0 -9999.0 -9999.0 -9999.0 -9999.0 -9999.0 -9999.0 -9999.0 -9999.0 -9999.0 -9999.0 -9999.0 -9999.0 -9999.0 -9999.0 -9999.0 -9999.0 -9999.0 -9999.0
-9999.0 -9999.0 -9999.0 -9999.0 -9999.0 -9999.0 -9999.0 -9999.0 -9999.0 -9999.0 -9999.0 -9999.0 -9999.0 -9999.0 837.194819 827.332410 824.056805 831.765854 864.584574 894.197400 906.314873 898.581337 898.223784 874.112476 852.892464 866.148270 894.959151 925.328017 958.372085 977.153764 964.954258 962.296425 971.714782 996.594717 1008.999925 1006.175901 986.598517 1009.570018 1024.342663 1031.628651 1030.036536 1020.856154 1032.957658 1048.046479 1041.242008 1024.827964 1030.929065 1043.568091 1056.414073 1044.010123 982.205833 964.407104 961.490232 956.265079 943.630555 938.363694 964.484241 965.326861 957.928763 940.815673 908.789506 864.805018 847.072474 886.500497 930.929762 988.522328 -9999.0 -9999.0 -9999.0 -9999.0 -9999.0 -9999.0 -9999.0 -9999.0 -9999.0 -9999.0 -9999.0 -9999.0 -9999.0 -9999.0
-9999.0 -9999.0 -9999.0 -9999.0 -9999.0 -9999.0 -9999.0 -9999.0 -9999.0 781.097832 785.241943 791.941053 793.579868 808.633141 806.131107 812.657149 818.782352 844.603515 874.447308 908.362325 936.102144 926.101603 925.509724 934.423141 936.810727 947.861436 968.217414 1006.542139 1043.475551 1081.586711 1051.688661 1049.140857 1068.727264 1116.312973 1149.318440 1156.451003 1138.845858 1147.189245 1170.935632 1191.013980 1188.560763 1184.767257 1208.112387 1221.118253 1222.522240 1204.015646 1193.446789 1194.999738 1220.704365 1171.110017 1106.919511 1057.851448 1063.729829 1036.678077 1001.709350 983.533775 981.698300 1003.163025 989.651867 954.172712 919.454594 909.725361 893.650390 911.992138 935.322614 982.512667 1021.807847 1051.326627 1051.913307 1035.103039 -9999.0 -9999.0 -9999.0 -9999.0 -9999.0 -9999.0 -9999.0 -9999.0 -9999.0 -9999.0
-9999.0 -9999.0 -9999.0 -9999.0 -9999.0 -9999.0 703.209371 712.269210 731.906373 736.134267 760.656395 766.949226 786.342088 804.435481 824.815584 839.766711 867.837674 898.564091 937.324998 978.500593 1008.777683 1001.815743 1009.928430 1038.205183 1075.780361 1104.511910 1128.475384 1165.449872 1236.394223 1273.771339 1278.986912 1284.205706 1297.299949 1350.877558 1417.313436 1433.649559 1414.875474 1400.834059 1419.861828 1453.322118 1456.054261 1455.160063 1463.794166 1472.702691 1499.012278 1491.570280 1455.304510 1442.963972 1440.957675 1424.443314 1361.923521 1295.264176 1262.264018 1217.176608 1139.282042 1086.961001 1093.401872 1112.345683 1085.428322 1034.385117 996.013714 987.514696 974.668858 963.634723 972.082421 993.347718 1017.595064 1030.611066 1019.245387 999.393948 977.464194 949.541443 952.013267 977.576698 -9999.0 -9999.0 -9999.0 -9999.0 -9999.0 -9999.0
-9999.0 -9999.0 -9999.0 -9999.0 654.104159 666.251278 653.201709 677.083754 708.425157 741.077977 771.098686 805.709788 830.699125 858.780134 896.969622 928.648171 966.911692 998.752187 1050.092516 1115.973011 1165.493614 1187.065188 1198.812201 1253.438333 1314.545612 1371.182245 1394.016682 1419.866849 1458.532708 1513.696233 1539.022173 1547.745967 1573.020284 1618.781297 1669.815393 1704.146724 1689.981488 1684.053978 1689.979346 1699.706552 1720.491481 1719.975922 1720.783886 1722.831966 1727.479016 1727.742557 1706.306555 1675.449158 1661.808720 1650.061479 1614.809531 1534.994345 1492.725763 1465.443471 1434.993740 1383.065927 1315.215231 1299.117273 1245.891918 1192.989413 1133.598845 1114.216319 1086.805680 1065.006678 1039.942939 1045.468628 1052.449365 1035.482101 1006.326715 976.363160 962.996028 945.537010 935.678581 966.468188 984.638730 1015.415974 -9999.0 -9999.0 -9999.0 -9999.0
-9999.0 -9999.0 596.558090 644.487390 699.979341 706.989598 705.494449 709.065454 735.093972 784.474450 856.416862 902.471482 940.872896 971.231016 1027.857968 1102.685830 1168.546788 1211.472851 1267.148172 1336.787496 1401.331286 1434.330615 1448.518460 1484.988816 1542.698753 1616.065523 1648.039546 1673.850118 1700.840980 1729.745213 1739.675173 1753.734913 1765.373792 1773.165110 1780.775997 1783.772699 1781.717808 1778.815568 1762.328773 1758.731890 1764.486999 1768.387224 1769.533302 1756.604291 1752.863096 1766.094279 1770.135121 1769.540749 1768.042420 1771.875112 1770.524166 1727.309232 1690.008493 1677.220060 1667.933493 1620.388019 1546.361737 1501.815067 1480.853554 1440.121436 1362.115064 1310.819319 1263.403736 1219.665398 1173.933292 1149.764530 1110.241071 1074.390287 1033.294686 991.294973 970.744239 954.947991 954.369355 955.860752 973.132399 989.297391 1005.272462 1013.366576 -9999.0 -9999.0
-9999.0 494.522418 566.166253 690.891251 768.145558 808.914634 836.963145 856.172798 880.600458 901.994940 1000.609295 1082.880004 1166.586492 1199.818907 1249.997903 1343.019447 1429.409508 1469.246654 1505.659867 1566.472204 1635.700557 1684.774330 1711.188778 1722.482393 1757.916842 1776.720169 1783.344445 1786.906024 1781.192563 1771.259267 1761.041793 1766.653491 1763.305446 1744.293344 1725.561497 1721.863305 1718.311080 1697.402047 1671.881461 1658.569353 1661.208018 1683.148151 1671.327638 1651.261260 1647.368124 1667.305047 1685.348691 1676.055107 1662.875707 1677.450800 1707.925328 1728.412595 1742.892293 1761.998410 1783.012143 1756.904722 1725.548035 1684.741097 1666.458619 1635.674820 1569.658957 1504.178603 1449.207302 1389.496233 1327.595935 1267.391861 1214.525189 1163.681852 1106.307881 1071.817700 1045.336070 998.698992 980.797028 985.508138 978.762488 977.320117 984.479293 991.194491 -9999.0 -9999.0
-9999.0 414.832782 556.138847 737.951726 881.162463 932.847893 1027.299299 1098.795353 1121.860773 1092.985205 1192.678159 1399.463860 1492.910650 1510.871930 1590.142312 1676.065556 1692.263077 1719.319551 1739.410537 1750.949655 1763.348314 1774.995570 1773.700171 1768.443204 1756.170741 1751.805014 1752.296258 1748.634657 1727.963839 1704.697770 1685.139181 1680.058165 1660.495000 1612.638535 1569.770221 1549.175866 1535.057005 1518.085427 1487.710942 1463.103355 1449.968966 1466.512473 1459.047382 1441.865634 1437.420981 1458.378112 1489.156595 1482.675204 1487.222095 1505.850906 1543.388927 1584.798919 1615.651268 1650.014538 1688.202065 1734.012616 1752.380202 1775.470092 1780.955750 1761.732269 1715.504573 1662.091366 1624.882805 1555.349736 1482.149773 1407.847258 1352.234840 1301.198099 1242.643443 1203.606608 1161.733898 1108.426164 1059.044780 1041.714864 1006.174514 988.904263 -9999.0 -9999.0 -9999.0 -9999.0
-9999.0 337.142901 523.844841 778.690620 1044.547701 1144.583403 1333.637232 1451.884427 1505.925033 1579.467978 1560.045751 1692.707066 1724.920692 1721.024499 1723.441437 1728.247554 1741.022188 1741.672208 1736.215198 1725.295206 1715.324173 1711.442691 1710.364804 1703.533531 1692.617929 1679.330140 1666.579331 1651.616392 1608.184405 1566.704336 1528.128067 1513.428371 1475.749756 1384.318580 1338.874191 1303.725505 1250.977999 1247.938700 1244.143866 1218.454491 1200.889388 1182.219321 1203.158393 1206.181185 1207.457967 1210.128261 1225.272193 1244.957973 1284.304843 1315.868972 1355.962840 1405.471997 1440.256180 1484.221347 1532.661204 1595.163562 1635.089880 1669.331488 1718.211489 1759.592037 1782.777141 1772.153194 1744.745275 1698.001923 1628.646176 1561.678624 1519.962551 1459.171693 1404.201494 1354.603462 1308.491353 1254.926834 1194.358501 1125.680748 1089.439938 -9999.0 -9999.0 -9999.0 -9999.0 -9999.0
-9999.0 160.354310 426.006432 710.173001 1016.554381 1327.421282 1442.569072 1565.107264 1631.764612 1599.799197 1604.165802 1620.968287 1658.729814 1666.417535 1649.045136 1641.163767 1628.778729 1626.567082 1636.260488 1605.079972 1567.425296 1550.878415 1549.799502 1538.158610 1515.724786 1499.747169 1488.082806 1467.870611 1419.178446 1367.445537 1288.127304 1262.375679 1192.083249 1138.790567 1097.070360 1050.905546 1003.558731 1004.698554 1023.366586 1009.943529 988.930761 971.189864 997.352254 1014.097035 1025.342493 1013.278834 1020.644314 1053.518846 1098.654888 1137.315169 1181.273921 1229.697850 1270.923264 1314.963895 1345.575246 1396.636878 1445.157201 1492.624922 1569.766110 1654.892437 1694.012047 1730.675003 1766.879667 1785.192512 1739.849610 1698.273547 1660.546234 1615.631874 1544.420068 1497.585687 1463.638261 1399.794926 1338.595512 -9999.0 -9999.0 -9999.0 -9999.0 -9999.0 -9999.0 -9999.0
-9999.0 33.374169 252.034441 480.083308 759.123087 984.379275 1161.361390 1259.027377 1329.516630 1359.975596 1391.489308 1422.430594 1450.802994 1472.097761 1450.324660 1411.508319 1382.353481 1385.090742 1379.578517 1352.772789 1319.811879 1303.617038 1301.548602 1295.326075 1272.197170 1259.206112 1250.109433 1229.608081 1198.193553 1146.474195 1071.576455 1004.899052 948.280961 919.357768 892.441630 862.220436 828.289529 840.051321 854.137908 851.258150 841.028622 838.124676 867.201365 885.727317 895.288844 882.660294 900.386882 925.088099 963.764826 1002.687256 1046.872621 1096.549876 1144.704283 1169.280758 1179.463935 1201.945156 1237.755993 1287.658695 1370.878785 1463.803439 1540.334127 1593.624002 1652.010331 1692.163783 1715.020330 1742.700077 1736.427672 1676.700441 1577.065473 1590.916562 1585.550707 -9999.0 -9999.0 -9999.0 -9999.0 -9999.0 -9999.0 -9999.0 -9999.0 -9999.0
-9999.0 -9999.0 18.542949 195.715440 333.373446 507.937992 650.298192 751.900979 831.259139 935.310010 1033.042109 1110.480917 1150.590390 1165.857646 1150.392801 1116.055515 1093.870933 1093.587154 1083.386246 1071.570573 1050.490212 1042.619978 1032.803162 1025.732686 1016.313344 1011.753631 1007.837281 998.242432 978.415918 934.771114 888.744426 840.563158 790.046107 767.005041 747.035640 726.883797 726.288989 723.920118 730.587432 732.516546 739.305110 751.771708 771.908178 793.423685 802.652616 810.376958 821.913132 844.183617 875.301618 914.680195 965.012370 1018.405510 1053.791527 1062.502844 1049.367353 1050.876420 1067.209752 1104.353499 1178.895779 1255.576733 1343.252738 1411.057948 1483.832399 1541.481436 1570.681494 1609.367349 1649.122344 1608.465612 1286.829674 1539.532393 -9999.0 -9999.0 -9999.0 -9999.0 -9999.0 -9999.0 -9999.0 -9999.0 -9999.0 -9999.0
-9999.0 -9999.0 -9999.0 -9999.0 52.142343 204.730599 297.816880 377.007052 499.223752 611.899727 705.622943 782.879732 839.033084 862.510764 855.246899 856.996847 851.230820 845.804637 836.567630 834.444183 832.352966 825.370280 812.756636 806.129324 807.397150 812.796916 811.476152 799.359034 783.870175 762.098405 742.884474 710.405118 676.076102 648.539012 636.755255 631.799731 632.595284 626.833735 636.298798 643.656088 658.923555 674.242211 697.960339 726.489764 739.510211 753.552164 762.522715 782.048146 810.819146 862.034878 922.705285 977.199565 1009.366636 1010.392622 982.168718 963.181800 955.593228 978.265850 1017.057073 1076.838501 1169.159971 1234.297204 1288.833717 1335.440539 1374.988238 1436.901970 1519.610489 1582.671569 -9999.0 -9999.0 -9999.0 -9999.0 -9999.0 -9999.0 -9999.0 -9999.0 -9999.0 -9999.0 -9999.0 -9999.0
-9999.0 -9999.0 -9999.0 -9999.0 -9999.0 -9999.0 4.569101 102.030039 181.604124 311.261921 432.414878 527.162460 602.527510 630.127915 652.349430 676.880577 673.946425 656.171975 638.214805 656.375543 669.093145 664.042587 635.594621 635.499864 640.574825 649.936188 649.028820 643.909856 620.395268 632.256092 633.806229 612.212916 587.659225 574.915243 564.251818 574.841289 575.993496 563.365784 564.977626 591.746195 611.920995 625.170308 647.091538 680.022423 711.865348 726.267081 726.846936 732.089669 771.297756 839.775843 908.879659 961.304834 990.623525 995.691881 965.165490 921.700981 897.158689 899.292211 927.862785 973.272875 1040.716491 1082.013721 1103.753086 1116.935405 1137.809382 1230.193947 -9999.0 -9999.0 -9999.0 -9999.0 -9999.0 -9999.0 -9999.0 -9999.0 -9999.0 -9999.0 -9999.0 -9999.0 -9999.0 -9999.0
-9999.0 -9999.0 -9999.0 -9999.0 -9999.0 -9999.0 -9999.0 -9999.0 -9999.0 -9999.0 -9999.0 -9999.0 -9999.0 -9999.0 -9999.0 -9999.0 -9999.0 -9999.0 -9999.0 -9999.0 -9999.0 -9999.0 -9999.0 -9999.0 -9999.0 -9999.0 -9999.0 -9999.0 -9999.0 -9999.0 -9999.0 -9999.0 -9999.0 -9999.0 -9999.0 -9999.0 -9999.0 -9999.0 -9999.0 -9999.0 -9999.0 -9999.0 -9999.0 -9999.0 -9999.0 -9999.0 -9999.0 -9999.0 -9999.0 -9999.0 -9999.0 -9999.0 -9999.0 -9999.0 -9999.0 -9999.0 -9999.0 -9999.0 -9999.0 -9999.0 -9999.0 -9999.0 -9999.0 -9999.0 -9999.0 -9999.0 -9999.0 -9999.0 -9999.0 -9999.0 -9999.0 -9999.0 -9999.0 -9999.0 -9999.0 -9999.0 -9999.0 -9999.0 -9999.0 -9999.0
-9999.0 -9999.0 -9999.0 -9999.0 -9999.0 -9999.0 -9999.0 -9999.0 -9999.0 -9999.0 -9999.0 -9999.0 -9999.0 -9999.0 -9999.0 -9999.0 -9999.0 -9999.0 -9999.0 -9999.0 -9999.0 -9999.0 -9999.0 -9999.0 -9999.0 -9999.0 -9999.0 -9999.0 -9999.0 -9999.0 -9999.0 -9999.0 -9999.0 -9999.0 -9999.0 -9999.0 -9999.0 -9999.0 -9999.0 -9999.0 -9999.0 -9999.0 -9999.0 -9999.0 -9999.0 -9999.0 -9999.0 -9999.0 -9999.0 -9999.0 -9999.0 -9999.0 -9999.0 -9999.0 -9999.0 -9999.0 -9999.0 -9999.0 -9999.0 -9999.0 -9999.0 -9999.0 -9999.0 -9999.0 -9999.0 -9999.0 -9999.0 -9999.0 -9999.0 -9999.0 -9999.0 -9999.0 -9999.0 -9999.0 -9999.0 -9999.0 -9999.0 -9999.0 -9999.0 -9999.0