Borden_/Borden1m_014/output_maps/psiliqL0020N0021.asc
ncols         80
nrows         18
xllcorner     620200.000000
yllcorner     5168000.000000
cellsize      1.000000
NODATA_value  -9999.0
-9999.0 -9999.0 -9999.0 -9999.0 -9999.0 -9999.0 -9999.0 -9999.0 -9999.0 -9999.0 -9999.0 -9999.0 -9999.0 -9999.0 -9999.0 -9999.0 -9999.0 -9999.0 -9999.0 -9999.0 -9999.0 -9999.0 -9999.0 -9999.0 -9999.0 -9999.0 -9999.0 -9999.0 -9999.0 -9999.0 -9999.0 -9999.0 -9999.0 -9999.0 -9999.0 -9999.0 -9999.0 -9999.0 -9999.0 -9999.0 -9999.0 -9999.0 -9999.0 -9999.0 -9999.0 -9999.0 -9999.0 -9999.0 -9999.0 -9999.0 -9999.0 -9999.0 -9999.0 -9999.0 -9999.0 -9999.0 -9999.0 -9999.0 -9999.0 -9999.0 -9999.0 -9999.0 -9999.0 -9999.0 -9999.0 -9999.0 -9999.0 -9999.0 -9999.0 -9999.0 -9999.0 -9999.0 -9999.0 -9999.0 -9999.0 -9999.0 -9999.0 -9999.0 -9999.0 -9999.0
-9999.0 -9999.0 -9999.0 -9999.0 -9999.0 -9999.0 -9999.0 -9999.0 -9999.0 -9999.0 -9999.0 -9999.0 -9999.0 -9999.0 -9999.0 -9999.0 -9999.0 -9999.0 -9999.0 -9999.0 -9999.0 -9999.0 -9999.0 -9999.0 -9999.0 -9999.0 -9999.0 -9999.0 -9999.0 -9999.0 -9999.0 -9999.0 -9999.0 -9999.0 -9999.0 -9999.0 -9999.0 -9999.0 -9999.0 -9999.0 -9999.0 -9999.0 -9999.0 -9999.0 -9999.0 -9999.0 -9999.0 -9999.0 -9999.0 -9999.0 -9999.0 -9999.0 -9999.0 -9999.0 -9999.0 -9999.0 -9999.0 -9999.0 -9999.0 -9999.0 -9999.0 -9999.0 -9999.0 -9999.0 -9999.0 -9999.0 -9999.0 -9999.0 -9999.0 -9999.0 -9999.0 -9999.0 -9999.0 -9999.0 -9999.0 -9999.0 -9999.0 -9999.0 -9999.0 -9999.0
-9999.0 -9999.0 -9999.0 -9999.0 -9999.0 -9999.0 -9999.0 -9999.0 -9999.0 -9999.0 -9999.0 -9999.0 -9999.0 -9999.0 -9999.0 -9999.0 -9999.0 -9999.0 -9999.0 -9999.0 2154.314351 2156.869364 2136.313535 2104.093880 2077.893358 2081.921049 2117.720286 2160.737884 2201.646120 2212.680697 2196.525101 2201.734956 2198.858187 2197.006447 2199.173730 2207.181030 2213.347529 2224.039863 2232.161201 2231.456339 2225.521558 2221.182563 2223.074771 2225.496342 2231.056016 2217.751011 2231.809200 2246.266712 2249.747336 2244.120046 2216.924725 2201.012652 2189.942731 2171.717204 2194.672164 2204.039700 2224.384896 2226.386137 2222.612472 2194.488888 2163.638011 -9999.0 -9999.0 -9999.0 -9999.0 -9999.0 -9999.0 -9999.0 -9999.0 -9999.0 -9999.0 -9999.0 -9999.0 -9999.0 -9999.0 -9999.0 -9999.0 -9999.0 -9999.0 -9999.0
-9999.0 -9999.0 -9999.0 -9999.0 -9999.0 -9999.0 -9999.0 -9999.0 -9999.0 -9999.0 -9999.0 -9999.0 -9999.0 -9999.0 2059.331899 2051.295749 2050.139877 2059.816092 2094.540659 2126.040468 2138.176165 2132.001755 2133.578776 2111.367256 2091.767320 2107.244514 2138.986139 2172.056446 2208.272255 2229.579767 2221.009310 2220.886586 2230.964031 2254.805982 2265.941031 2263.262790 2244.879970 2269.301178 2284.201434 2291.238350 2290.805318 2282.443946 2293.467982 2308.280810 2301.003234 2284.258366 2291.661992 2304.009994 2314.043704 2301.518309 2238.578919 2220.677811 2214.134511 2206.000513 2189.886867 2182.603763 2207.163343 2204.318294 2194.301850 2174.962539 2140.742322 2095.483764 2075.296095 2113.113262 2155.049733 2210.132548 -9999.0 -9999.0 -9999.0 -9999.0 -9999.0 -9999.0 -9999.0 -9999.0 -9999.0 -9999.0 -9999.0 -9999.0 -9999.0 -9999.0
-9999.0 -9999.0 -9999.0 -9999.0 -9999.0 -9999.0 -9999.0 -9999.0 -9999.0 1997.254819 2003.422871 2012.019388 2016.197146 2033.285351 2031.580005 2040.299369 2047.866097 2077.124291 2109.384296 2145.447942 2174.705221 2167.762040 2169.331994 2178.536272 2179.907560 2192.262436 2215.765796 2257.376399 2294.883800 2335.854598 2307.963317 2307.113596 2327.424647 2372.601783 2400.808758 2405.181099 2386.895223 2399.819597 2424.302921 2443.632371 2442.530595 2439.100872 2463.857308 2478.278615 2475.307859 2454.016691 2447.420731 2450.454217 2476.474450 2424.345059 2356.900047 2310.480589 2317.432991 2289.402221 2255.069909 2236.524464 2232.989425 2250.866113 2234.641580 2196.300555 2159.659016 2146.354661 2126.995696 2143.692639 2164.136106 2208.016046 2245.464464 2272.364737 2269.819263 2251.062612 -9999.0 -9999.0 -9999.0 -9999.0 -9999.0 -9999.0 -9999.0 -9999.0 -9999.0 -9999.0
-9999.0 -9999.0 -9999.0 -9999.0 -9999.0 -9999.0 1916.449778 1927.568303 1949.513120 1954.352367 1981.829037 1989.964884 2011.916805 2032.469337 2056.369904 2073.476419 2103.621860 2137.672333 2178.421558 2221.273984 2254.100869 2248.149942 2259.465138 2286.750627 2322.466726 2349.151941 2375.657371 2417.159555 2494.213342 2537.008650 2540.540256 2546.390021 2557.530427 2608.061445 2672.023447 2682.997042 2662.134865 2648.130514 2670.021041 2707.219827 2710.162648 2711.520446 2726.408825 2737.143958 2762.990735 2751.541689 2710.411631 2699.607201 2702.419675 2681.956698 2615.594920 2552.884481 2522.780145 2469.950805 2385.767505 2334.820426 2347.135705 2366.763502 2337.817025 2283.327561 2243.022031 2231.877558 2215.565776 2202.221824 2208.533490 2226.399755 2246.322368 2255.703875 2240.433437 2217.129920 2193.130961 2162.910700 2163.561115 2187.542360 -9999.0 -9999.0 -9999.0 -9999.0 -9999.0 -9999.0
-9999.0 -9999.0 -9999.0 -9999.0 1864.836873 1878.914614 1866.915864 1894.312357 1928.616352 1964.534821 1996.410785 2033.367739 2061.520813 2093.126820 2132.892716 2164.257337 2204.508968 2240.416178 2295.207831 2363.490301 2414.506495 2436.230015 2451.706966 2510.508816 2573.067924 2625.943384 2648.519686 2677.756124 2726.338135 2788.308140 2816.416997 2823.789279 2842.707303 2882.658023 2934.561674 2846.861303 2829.259976 2821.279833 2829.253204 2841.715037 2863.908979 2864.175109 2865.317215 2868.473257 2874.691793 2873.918268 2849.594872 2818.228225 2921.942616 2911.353344 2876.485586 2803.966866 2765.486930 2732.173735 2690.891106 2635.821348 2577.378892 2566.375379 2506.592099 2446.339368 2386.665744 2367.822752 2338.048515 2312.950104 2285.668729 2287.899240 2290.645844 2268.368515 2233.182699 2198.756218 2181.978589 2161.428803 2148.235270 2177.044091 2193.140271 2221.947454 -9999.0 -9999.0 -9999.0 -9999.0
-9999.0 -9999.0 1803.229608 1851.261337 1909.863963 1919.353232 1918.662275 1925.629446 1955.863823 2009.538808 2081.789966 2128.432304 2167.502801 2203.655149 2263.934807 2338.103371 2407.755691 2456.645670 2521.965802 2596.156855 2660.243393 2692.061991 2708.756213 2753.138902 2811.176728 2878.956554 2908.355657 2936.652745 2842.611627 2875.133691 2876.341581 2888.597898 2899.199561 2907.347387 2918.002549 2921.723636 2917.654460 2913.203399 2896.237607 2891.813848 2898.419400 2903.783290 2905.106546 2891.140080 2887.311363 2901.775582 2905.963571 2904.783077 2905.623936 2910.303843 2909.523318 2865.941266 2838.842846 2825.513252 2934.644508 2887.730560 2820.141812 2780.123232 2755.625979 2707.233236 2628.498039 2579.940398 2530.176763 2484.070126 2432.223638 2404.452212 2358.906260 2316.043183 2268.009834 2219.726190 2194.207788 2174.876722 2170.661826 2168.288136 2183.077714 2196.721398 2210.871279 2218.025032 -9999.0 -9999.0
-9999.0 1696.188251 1768.484203 1893.714819 1974.669461 2018.405991 2042.262660 2059.121580 2089.896864 2123.046009 2222.070680 2295.503159 2385.674863 2427.787120 2478.732887 2577.382136 2675.845499 2728.510633 2772.519244 2836.446639 2902.243825 2829.531637 2854.555577 2849.081553 2885.191779 2906.311299 2911.895568 2917.003926 2913.779932 2905.470997 2897.799068 2904.482657 2902.700821 2884.048872 2868.412321 2866.485041 2862.818035 2841.141713 2934.484098 2917.195247 2917.740532 2826.488000 2928.621553 2907.520273 2903.948901 2926.478350 2829.425214 2819.878478 2931.555776 2824.443542 2857.094458 2879.741637 2885.347892 2902.870941 2923.543476 2896.121118 2871.329881 2830.775798 2938.489995 2908.138987 2847.879050 2787.801314 2731.616742 2668.641517 2603.305332 2538.963200 2476.162362 2413.197840 2347.098761 2304.481470 2272.158712 2221.627976 2200.671452 2201.084447 2190.921656 2186.358835 2190.485535 2195.973710 -9999.0 -9999.0
-9999.0 1608.073500 1749.323345 1931.822011 2080.070283 2133.606270 2219.788449 2291.901326 2317.627133 2281.038101 2389.589312 2611.352672 2730.807279 2754.428973 2832.977802 2820.248403 2819.067200 2849.327537 2871.181329 2888.536113 2902.653621 2913.230710 2911.132344 2905.456664 2890.064947 2882.505770 2883.058094 2881.073949 2864.152799 2845.347208 2828.276746 2826.037632 2932.334468 2883.375339 2848.072107 2828.020052 2807.162948 2786.648973 2754.645308 2725.302634 2705.656280 2718.152493 2715.443627 2698.608766 2695.165674 2718.716799 2750.756445 2751.108416 2766.308706 2789.505593 2830.364675 2872.229717 2896.649303 2929.053148 2836.165800 2880.023721 2891.872199 2913.882891 2917.690970 2903.257715 2860.316272 2938.219896 2902.421502 2838.078920 2766.475684 2686.340661 2621.775426 2559.346458 2489.158062 2442.345415 2393.493786 2333.790481 2280.730082 2260.168945 2219.701988 2200.131619 -9999.0 -9999.0 -9999.0 -9999.0
-9999.0 1517.862792 1702.114607 1952.095660 2239.450141 2335.399085 2543.809404 2673.527919 2727.978581 2800.872616 2736.842431 2826.726533 2867.698088 2861.207487 2867.703816 2869.259760 2883.081852 2883.904457 2879.450574 2869.329689 2860.654446 2856.712372 2855.458211 2847.707553 2835.401565 2822.200694 2935.242499 2920.355589 2880.199455 2844.833706 2804.255663 2787.014897 2743.601744 2647.041169 2603.821271 2563.860155 2502.001316 2496.433664 2493.554960 2463.634227 2443.535040 2417.464379 2442.922361 2452.153030 2456.269002 2455.986905 2471.217538 2501.734117 2551.921866 2591.292507 2636.755779 2690.686892 2729.937172 2775.374860 2820.683162 2877.888977 2913.661096 2946.924511 2862.908887 2898.826993 2920.221484 2909.313156 2887.506101 2846.190368 2901.547275 2836.199405 2787.401624 2714.376851 2649.723490 2595.962209 2545.306692 2488.973327 2420.247221 2346.643343 2304.755763 -9999.0 -9999.0 -9999.0 -9999.0 -9999.0
-9999.0 1317.329646 1583.393613 1861.396258 2158.247642 2497.170723 2656.566964 2775.564901 2849.419196 2828.787843 2847.383235 2864.815107 2812.925972 2819.581064 2904.380200 2895.812510 2884.090947 2885.717905 2900.372206 2874.990494 2845.987448 2832.426935 2831.448218 2818.294617 2792.301751 2773.641226 2761.622569 2738.794608 2687.685836 2634.466364 2548.809548 2512.904812 2431.635127 2382.995755 2340.762313 2290.344998 2239.562643 2239.229203 2258.160623 2244.607594 2222.273906 2203.865820 2231.726418 2252.076357 2265.645191 2253.035248 2262.570214 2299.470608 2350.324561 2395.884166 2446.062178 2502.290765 2549.492064 2597.315635 2628.194577 2677.157589 2729.341043 2778.531149 2853.753185 2936.221841 2842.693544 2875.296517 2906.668625 2925.934464 2883.997591 2852.772829 2826.210636 2852.386806 2779.571348 2729.201936 2694.590909 2640.901651 2579.835833 -9999.0 -9999.0 -9999.0 -9999.0 -9999.0 -9999.0 -9999.0
-9999.0 1197.818630 1404.512208 1616.205812 1885.034501 2121.876440 2334.005709 2438.728220 2519.822604 2576.624291 2623.700911 2662.091397 2693.880742 2719.014176 2701.588872 2660.230033 2631.849890 2637.853335 2632.592520 2610.873668 2582.523171 2567.966192 2563.937445 2555.901171 2530.418610 2515.037305 2503.072866 2478.502359 2447.567373 2391.559921 2313.832703 2238.290990 2179.243845 2151.770038 2123.978019 2092.619282 2059.954837 2069.947604 2080.856674 2078.314655 2069.119075 2067.279478 2096.208156 2115.594158 2125.931895 2115.599248 2135.615765 2162.281352 2203.822046 2248.137007 2297.807829 2352.936636 2407.277568 2435.983399 2448.241167 2471.070330 2509.946088 2564.357429 2650.890702 2749.325777 2830.851790 2882.293140 2936.227404 2845.102771 2868.371005 2894.614792 2905.762681 2885.618177 2848.757940 2821.200205 2789.360115 -9999.0 -9999.0 -9999.0 -9999.0 -9999.0 -9999.0 -9999.0 -9999.0 -9999.0
-9999.0 -9999.0 1174.923206 1340.810825 1460.195794 1632.606700 1780.452856 1891.096965 1987.918483 2116.822036 2231.620186 2321.626931 2367.322739 2385.646881 2373.968287 2346.161264 2328.495222 2329.399704 2319.284500 2310.926844 2293.441503 2285.958651 2272.702058 2263.211835 2253.940279 2248.534229 2242.575944 2231.220178 2210.112026 2164.346723 2119.612102 2070.175382 2018.539238 1993.602551 1972.328746 1951.865737 1952.021623 1946.764221 1951.488648 1953.108872 1960.852761 1973.951943 1993.693147 2016.229785 2026.369326 2036.455050 2049.181533 2073.186238 2106.361065 2149.163154 2203.772590 2262.727775 2303.573626 2316.813496 2306.873739 2310.979782 2329.422165 2370.553726 2448.385833 2531.640759 2629.891141 2703.600858 2779.027819 2833.810931 2853.434498 2874.342087 2835.663487 2865.776753 2873.269473 2860.678105 -9999.0 -9999.0 -9999.0 -9999.0 -9999.0 -9999.0 -9999.0 -9999.0 -9999.0 -9999.0
-9999.0 -9999.0 -9999.0 -9999.0 1201.149008 1352.784843 1450.613407 1532.955612 1664.869101 1790.451886 1893.914002 1979.390628 2044.874090 2072.452603 2071.897502 2083.502820 2081.592680 2074.959625 2065.239368 2066.872306 2068.163860 2060.851496 2044.940608 2037.123399 2038.102791 2042.995740 2039.574423 2025.274392 2006.543918 1986.728700 1968.786653 1935.404485 1900.524071 1871.560790 1858.441942 1853.405423 1852.885177 1845.148878 1853.320825 1861.036105 1876.353429 1891.427142 1915.037860 1944.351178 1958.763401 1973.941510 1983.829346 2004.305874 2035.121350 2088.965253 2153.047611 2211.759520 2249.113938 2254.401973 2230.856588 2215.709435 2211.810609 2239.347901 2282.907089 2347.968508 2449.410129 2524.189462 2580.926518 2626.411345 2661.539866 2713.078981 2775.235155 2820.910558 -9999.0 -9999.0 -9999.0 -9999.0 -9999.0 -9999.0 -9999.0 -9999.0 -9999.0 -9999.0 -9999.0 -9999.0
-9999.0 -9999.0 -9999.0 -9999.0 -9999.0 -9999.0 1168.357103 1272.017382 1347.379798 1492.177508 1629.095878 1733.348462 1815.436080 1849.650503 1880.075650 1909.305197 1909.283882 1890.768624 1870.978280 1891.101495 1907.036445 1900.694850 1869.394638 1869.116964 1874.024399 1881.251538 1878.116835 1871.233786 1845.832384 1858.983497 1860.803116 1837.537172 1811.597946 1798.024181 1786.077040 1795.541656 1795.440157 1781.230500 1780.868877 1807.909853 1828.355064 1841.301376 1862.771302 1896.047199 1928.665924 1944.420261 1946.080270 1952.210563 1991.573694 2062.008643 2134.555717 2191.068542 2224.676443 2233.662347 2207.906784 2168.680113 2149.174260 2156.691798 2191.370354 2243.068042 2318.509212 2367.566612 2392.219370 2404.191875 2421.754744 2515.682368 -9999.0 -9999.0 -9999.0 -9999.0 -9999.0 -9999.0 -9999.0 -9999.0 -9999.0 -9999.0 -9999.0 -9999.0 -9999.0 -9999.0
-9999.0 -9999.0 -9999.0 -9999.0 -9999.0 -9999.0 -9999.0 -9999.0 -9999.0 -9999.0 -9999.0 -9999.0 -9999.0 -9999.0 -9999.0 -9999.0 -9999.0 -9999.0 -9999.0 -9999.0 -9999.0 -9999.0 -9999.0 -9999.0 -9999.0 -9999.0 -9999.0 -9999.0 -9999.0 -9999.0 -9999.0 -9999.0 -9999.0 -9999.0 -9999.0 -9999.0 -9999.0 -9999.0 -9999.0 -9999.0 -9999.0 -9999.0 -9999.0 -9999.0 -9999.0 -9999.0 -9999.0 -9999.0 -9999.0 -9999.0 -9999.0 -9999.0 -9999.0 -9999.0 -9999.0 -9999.0 -9999.0 -9999.0 -9999.0 -9999.0 -9999.0 -9999.0 -9999.0 -9999.0 -9999.0 -9999.0 -9999.0 -9999.0 -9999.0 -9999.0 -9999.0 -9999.0 -9999.0 -9999.0 -9999.0 -9999.0 -9999.0 -9999.0 -9999.0 -9999.0
-9999.0 -9999.0 -9999.0 -9999.0 -9999.0 -9999.0 -9999.0 -9999.0 -9999.0 -9999.0 -9999.0 -9999.0 -9999.0 -9999.0 -9999.0 -9999.0 -9999.0 -9999.0 -9999.0 -9999.0 -9999.0 -9999.0 -9999.0 -9999.0 -9999.0 -9999.0 -9999.0 -9999.0 -9999.0 -9999.0 -9999.0 -9999.0 -9999.0 -9999.0 -9999.0 -9999.0 -9999.0 -9999.0 -9999.0 -9999.0 -9999.0 -9999.0 -9999.0 -9999.0 -9999.0 -9999.0 -9999.0 -9999.0 -9999.0 -9999.0 -9999.0 -9999.0 -9999.0 -9999.0 -9999.0 -9999.0 -9999.0 -9999.0 -9999.0 -9999.0 -9999.0 -9999.0 -9999.0 -9999.0 -9999.0 -9999.0 -9999.0 -9999.0 -9999.0 -9999.0 -9999.0 -9999.0 -9999.0 -9999.0 -9999.0 -9999.0 -9999.0 -9999.0 -9999.0 -9999.0