Borden_/Borden1m_014/output_maps/psiliqL0020N0009.asc
ncols         80
nrows         18
xllcorner     620200.000000
yllcorner     5168000.000000
cellsize      1.000000
NODATA_value  -9999.0
-9999.0 -9999.0 -9999.0 -9999.0 -9999.0 -9999.0 -9999.0 -9999.0 -9999.0 -9999.0 -9999.0 -9999.0 -9999.0 -9999.0 -9999.0 -9999.0 -9999.0 -9999.0 -9999.0 -9999.0 -9999.0 -9999.0 -9999.0 -9999.0 -9999.0 -9999.0 -9999.0 -9999.0 -9999.0 -9999.0 -9999.0 -9999.0 -9999.0 -9999.0 -9999.0 -9999.0 -9999.0 -9999.0 -9999.0 -9999.0 -9999.0 -9999.0 -9999.0 -9999.0 -9999.0 -9999.0 -9999.0 -9999.0 -9999.0 -9999.0 -9999.0 -9999.0 -9999.0 -9999.0 -9999.0 -9999.0 -9999.0 -9999.0 -9999.0 -9999.0 -9999.0 -9999.0 -9999.0 -9999.0 -9999.0 -9999.0 -9999.0 -9999.0 -9999.0 -9999.0 -9999.0 -9999.0 -9999.0 -9999.0 -9999.0 -9999.0 -9999.0 -9999.0 -9999.0 -9999.0
-9999.0 -9999.0 -9999.0 -9999.0 -9999.0 -9999.0 -9999.0 -9999.0 -9999.0 -9999.0 -9999.0 -9999.0 -9999.0 -9999.0 -9999.0 -9999.0 -9999.0 -9999.0 -9999.0 -9999.0 -9999.0 -9999.0 -9999.0 -9999.0 -9999.0 -9999.0 -9999.0 -9999.0 -9999.0 -9999.0 -9999.0 -9999.0 -9999.0 -9999.0 -9999.0 -9999.0 -9999.0 -9999.0 -9999.0 -9999.0 -9999.0 -9999.0 -9999.0 -9999.0 -9999.0 -9999.0 -9999.0 -9999.0 -9999.0 -9999.0 -9999.0 -9999.0 -9999.0 -9999.0 -9999.0 -9999.0 -9999.0 -9999.0 -9999.0 -9999.0 -9999.0 -9999.0 -9999.0 -9999.0 -9999.0 -9999.0 -9999.0 -9999.0 -9999.0 -9999.0 -9999.0 -9999.0 -9999.0 -9999.0 -9999.0 -9999.0 -9999.0 -9999.0 -9999.0 -9999.0
-9999.0 -9999.0 -9999.0 -9999.0 -9999.0 -9999.0 -9999.0 -9999.0 -9999.0 -9999.0 -9999.0 -9999.0 -9999.0 -9999.0 -9999.0 -9999.0 -9999.0 -9999.0 -9999.0 -9999.0 2149.360101 2151.793453 2130.979450 2098.471684 2072.091433 2076.064440 2111.755253 2154.343210 2194.424896 2204.484503 2187.651570 2192.915337 2191.123238 2191.471065 2196.504462 2207.388216 2215.977401 2228.175115 2236.945103 2236.126885 2229.584918 2224.453291 2225.615203 2227.621173 2233.221282 2220.359645 2234.922842 2249.440487 2252.136342 2244.979629 2215.926254 2198.690224 2186.988210 2168.644380 2191.582071 2200.762416 2220.723964 2222.361433 2218.348406 2190.055801 2159.096209 -9999.0 -9999.0 -9999.0 -9999.0 -9999.0 -9999.0 -9999.0 -9999.0 -9999.0 -9999.0 -9999.0 -9999.0 -9999.0 -9999.0 -9999.0 -9999.0 -9999.0 -9999.0 -9999.0
-9999.0 -9999.0 -9999.0 -9999.0 -9999.0 -9999.0 -9999.0 -9999.0 -9999.0 -9999.0 -9999.0 -9999.0 -9999.0 -9999.0 2054.983945 2046.730527 2045.316949 2054.787575 2089.440601 2121.028366 2133.277160 2127.023909 2128.286650 2105.725216 2086.024852 2101.719888 2133.659972 2166.344672 2201.404896 2221.246993 2211.600609 2211.409768 2222.858359 2249.854105 2265.110559 2266.352232 2251.007311 2277.534799 2293.167897 2299.826367 2298.363403 2288.787601 2298.683014 2312.877668 2305.685436 2289.737183 2298.163777 2310.759142 2319.780669 2305.050423 2239.227194 2219.369372 2212.088968 2204.019191 2187.955867 2180.285650 2204.122915 2200.614024 2190.229225 2170.664447 2136.207965 2090.667377 2070.312654 2108.110403 2150.137274 2205.368544 -9999.0 -9999.0 -9999.0 -9999.0 -9999.0 -9999.0 -9999.0 -9999.0 -9999.0 -9999.0 -9999.0 -9999.0 -9999.0 -9999.0
-9999.0 -9999.0 -9999.0 -9999.0 -9999.0 -9999.0 -9999.0 -9999.0 -9999.0 1994.790373 2000.799611 2009.088749 2012.819325 2029.379257 2027.181506 2035.521059 2042.785466 2071.850340 2104.140443 2140.532476 2170.208120 2163.335576 2164.451970 2173.118333 2174.577501 2187.876106 2212.475366 2254.142110 2289.715525 2328.061816 2298.143568 2296.913352 2319.263776 2369.291144 2404.003313 2414.277496 2400.555813 2416.282192 2441.596231 2460.095530 2457.234217 2451.925037 2474.766395 2488.266059 2485.460303 2465.572799 2461.157631 2464.879185 2489.537878 2433.904493 2361.740914 2311.959278 2318.067773 2290.676710 2256.538833 2236.799563 2231.578654 2248.188937 2231.368950 2192.650517 2155.553362 2141.756005 2122.087092 2138.691566 2159.198798 2203.278129 2240.994621 2268.210706 2265.962711 2247.400280 -9999.0 -9999.0 -9999.0 -9999.0 -9999.0 -9999.0 -9999.0 -9999.0 -9999.0 -9999.0
-9999.0 -9999.0 -9999.0 -9999.0 -9999.0 -9999.0 1914.330339 1925.449725 1947.363687 1952.074779 1979.363973 1987.162242 2008.579759 2028.458842 2051.700382 2068.328485 2098.180660 2132.094200 2173.106924 2216.911469 2251.100819 2245.581625 2256.319045 2282.571877 2318.708079 2347.849116 2377.379692 2419.800418 2494.313133 2532.830453 2532.875748 2537.674439 2551.310735 2608.550696 2681.700848 2700.635375 2686.009635 2675.789665 2698.750774 2734.728084 2735.221051 2734.411372 2748.186945 2758.049261 2784.193827 2774.614430 2735.418394 2725.546061 2726.861879 2701.441021 2628.018426 2560.505709 2529.749254 2477.850714 2394.065210 2340.788319 2349.428820 2366.659308 2336.847694 2281.901906 2240.424070 2228.176541 2211.185079 2197.544019 2203.774095 2221.764989 2241.930033 2251.644001 2236.703018 2213.644199 2189.842095 2159.725364 2160.463581 2184.522586 -9999.0 -9999.0 -9999.0 -9999.0 -9999.0 -9999.0
-9999.0 -9999.0 -9999.0 -9999.0 1862.860004 1876.957065 1864.977453 1892.444456 1926.807771 1962.718934 1994.462528 2031.091857 2058.570942 2089.234811 2128.075598 2158.947359 2199.102517 2235.013942 2290.492548 2361.004915 2415.123764 2438.283072 2453.040073 2510.257519 2573.570600 2630.771827 2658.914594 2690.601030 2737.410989 2794.120038 2817.670009 2823.078945 2843.375135 2888.283995 2946.956120 2825.041835 2807.946127 2799.925330 2807.933163 2820.470093 2842.719425 2843.005162 2844.196448 2847.348975 2853.569336 2852.773249 2828.321029 2796.205950 2952.142465 2937.396643 2897.107808 2821.806347 2784.467690 2753.071787 2710.599315 2651.472068 2586.928241 2572.500645 2511.691743 2450.307310 2388.229941 2367.007273 2335.831443 2309.986965 2282.136761 2284.080887 2286.845024 2264.831462 2229.942799 2195.668354 2178.923635 2158.339949 2145.145361 2174.038747 2190.335755 2219.325104 -9999.0 -9999.0 -9999.0 -9999.0
-9999.0 -9999.0 1801.402232 1849.429547 1908.047609 1917.672510 1917.216754 1924.486164 1955.009084 2008.927143 2081.300533 2127.758152 2166.023038 2200.868282 2259.884368 2333.707240 2403.957858 2453.200182 2519.876034 2597.838760 2667.336980 2701.791637 2717.984782 2761.127664 2819.269379 2890.316190 2924.256826 2954.704682 2820.245788 2853.330421 2854.456093 2866.575080 2876.970288 2884.906458 2895.453176 2899.820680 2895.826335 2891.453240 2873.925209 2869.583461 2876.254916 2882.272897 2882.951646 2868.958493 2865.089736 2879.480731 2884.185827 2882.809156 2882.133460 2887.386349 2886.645319 2843.265765 2816.465066 2802.822216 2960.495064 2910.592474 2839.087447 2797.505774 2772.900466 2721.439049 2638.594244 2586.288169 2534.369662 2486.843054 2432.567270 2403.493354 2357.246566 2314.322006 2266.362753 2217.914871 2191.946721 2172.153308 2167.627614 2165.203286 2180.154117 2194.096214 2208.582122 2215.929266 -9999.0 -9999.0
-9999.0 1694.377480 1766.683731 1891.995685 1973.194335 2017.469225 2042.087483 2059.811513 2091.367142 2125.278417 2224.910469 2298.929715 2388.301119 2428.656547 2477.856742 2576.301092 2676.593053 2731.209499 2776.470671 2843.177570 2912.857321 2807.818457 2833.012774 2827.120156 2862.743469 2883.447634 2888.764114 2893.759047 2891.190193 2882.979429 2875.454240 2882.273348 2879.949629 2861.427794 2846.036256 2844.473029 2841.179868 2819.136293 2965.085629 2951.436162 2953.965412 2804.237038 2966.615210 2945.492008 2941.519569 2963.201982 2807.312273 2797.377016 2961.877812 2801.018554 2833.957856 2856.330048 2861.782622 2879.253121 2900.028042 2872.733080 2848.180427 2807.285853 2961.343732 2929.984919 2867.881250 2806.571862 2749.078007 2682.268374 2613.024002 2546.102877 2480.901422 2416.303446 2349.640642 2306.019757 2272.268695 2220.107671 2197.930320 2197.892490 2187.787382 2183.539528 2188.138954 2193.858009 -9999.0 -9999.0
-9999.0 1606.248874 1747.557399 1930.311066 2079.270857 2134.126045 2222.128057 2296.383699 2323.772293 2288.591302 2398.865513 2622.843058 2743.660027 2765.526447 2841.455823 2800.909364 2799.124774 2828.551375 2849.709124 2866.519426 2880.274492 2891.265660 2889.029598 2883.201712 2867.645628 2859.944549 2859.775424 2857.836134 2841.091674 2822.611015 2805.999624 2803.590133 2947.638414 2895.719739 2856.858248 2836.027314 2818.470126 2804.187633 2779.250900 2754.918304 2737.431155 2752.350146 2750.639670 2732.895346 2728.800554 2751.553558 2780.656914 2777.965574 2790.593160 2811.434120 2852.478096 2896.445555 2922.604721 2955.264764 2811.884810 2856.219447 2867.922110 2889.858720 2893.701437 2879.320039 2835.805455 2962.279862 2927.316118 2862.948890 2790.173621 2706.380076 2638.343948 2573.550775 2502.355237 2452.594754 2399.115308 2335.190067 2278.993410 2256.968092 2216.252269 2196.968995 -9999.0 -9999.0 -9999.0 -9999.0
-9999.0 1515.986823 1700.352212 1950.811545 2239.611911 2338.247937 2550.555264 2685.235920 2743.491517 2820.248561 2758.844229 2809.034341 2849.802715 2842.329301 2847.305746 2848.495226 2861.590012 2861.905168 2857.154444 2846.921109 2838.293412 2834.492710 2833.388822 2825.752464 2813.519038 2799.717036 2958.450154 2945.227985 2904.240741 2865.311661 2821.111668 2801.750588 2756.338808 2654.519939 2605.905105 2563.306972 2502.925942 2501.658433 2503.939187 2478.253669 2461.390632 2436.503009 2462.801074 2472.712432 2476.048182 2473.397168 2485.994539 2513.822298 2561.550274 2600.121172 2647.675312 2705.660722 2748.810699 2795.288188 2841.310284 2900.464548 2937.418849 2970.447682 2838.257001 2874.499469 2896.342612 2884.653445 2863.049809 2821.619926 2932.719878 2868.554759 2819.784477 2747.125459 2679.572932 2621.186879 2563.189173 2497.215910 2420.896925 2343.682566 2300.987593 -9999.0 -9999.0 -9999.0 -9999.0 -9999.0
-9999.0 1315.358008 1581.528848 1860.087726 2158.588956 2501.243047 2664.892540 2787.891319 2867.748658 2854.001785 2877.591562 2897.865938 2794.120081 2799.982517 2930.767809 2917.091107 2898.906467 2894.006591 2903.507171 2874.964787 2845.115838 2832.467056 2833.647095 2823.846752 2802.206232 2788.135928 2780.153307 2758.723285 2704.409591 2646.009743 2555.439234 2516.973686 2434.019703 2383.396198 2338.151881 2286.226318 2236.345423 2238.502692 2260.869811 2250.546597 2230.403235 2213.220113 2241.745147 2262.456905 2275.409689 2261.263212 2268.704996 2303.098088 2351.988976 2396.753911 2447.790381 2506.218235 2554.224088 2603.194714 2636.999727 2690.463612 2746.819900 2796.812867 2872.282664 2955.951380 2817.983527 2850.760949 2881.956344 2902.230763 2860.498360 2831.049180 2806.837786 2896.490288 2825.203744 2773.968166 2733.834196 2660.884281 2585.822795 -9999.0 -9999.0 -9999.0 -9999.0 -9999.0 -9999.0 -9999.0
-9999.0 1195.732422 1402.387252 1614.299635 1883.899110 2122.266948 2336.289995 2444.618462 2533.697145 2598.670316 2651.369237 2692.343841 2725.074180 2748.252475 2727.109359 2678.752941 2643.257675 2641.690493 2630.086799 2603.646381 2572.806962 2557.940606 2555.348811 2550.078473 2528.262165 2516.697477 2507.857843 2484.604418 2453.330615 2394.570253 2313.947991 2236.718838 2177.005209 2148.642440 2119.684124 2087.873395 2055.915849 2067.449643 2080.307794 2079.750967 2072.003944 2071.048721 2100.375653 2119.662480 2129.491276 2118.176836 2136.847291 2161.967784 2202.161913 2245.653749 2295.188971 2350.471913 2404.876551 2434.083834 2448.067236 2473.420790 2514.009388 2569.634633 2658.685037 2762.015436 2847.040209 2902.321013 2959.386068 2820.468214 2845.218489 2873.469025 2889.050247 2874.561932 2844.749812 2814.830794 2848.482303 -9999.0 -9999.0 -9999.0 -9999.0 -9999.0 -9999.0 -9999.0 -9999.0 -9999.0
-9999.0 -9999.0 1172.534953 1338.379697 1457.704645 1630.469555 1779.087220 1891.813633 1992.891894 2127.119981 2245.994868 2338.403925 2383.723692 2400.575317 2386.282809 2354.700292 2331.744850 2327.145091 2312.369019 2300.547751 2281.162196 2273.372524 2261.149319 2253.567813 2246.807114 2244.012151 2240.298417 2230.469357 2209.583708 2162.835395 2116.888111 2066.707516 2014.696330 1989.435030 1967.847837 1947.414456 1948.114120 1943.799318 1949.657392 1952.398191 1961.020352 1974.686417 1994.685406 2017.193466 2026.983183 2036.420767 2048.260349 2071.245360 2103.430063 2145.418754 2199.524036 2258.145168 2298.686955 2311.905740 2302.521285 2307.479364 2326.236878 2367.823703 2447.039028 2532.948312 2635.332582 2714.404750 2795.796654 2855.750325 2882.852609 2911.894097 2819.207854 2859.069969 2882.694800 2865.344425 -9999.0 -9999.0 -9999.0 -9999.0 -9999.0 -9999.0 -9999.0 -9999.0 -9999.0 -9999.0
-9999.0 -9999.0 -9999.0 -9999.0 1197.955538 1349.675706 1447.762384 1531.161907 1665.204579 1793.530526 1899.424846 1986.176065 2051.743889 2078.495761 2076.094423 2084.953918 2079.565644 2069.408216 2056.713255 2056.197826 2056.353640 2048.930615 2033.783299 2027.320385 2030.030882 2036.717479 2034.859640 2021.658850 2003.349293 1983.351634 1965.014792 1931.347663 1896.332830 1867.301964 1854.192170 1849.350659 1849.268462 1842.162889 1851.055309 1859.472928 1875.353755 1890.795475 1914.558643 1943.797902 1957.943529 1972.665262 1981.937732 2001.703372 2031.765133 2084.900895 2148.396056 2206.608077 2243.514796 2248.479312 2224.792192 2209.650896 2205.624351 2233.110669 2277.112130 2343.111136 2446.660989 2525.052896 2585.414216 2637.214053 2681.525701 2745.968307 2823.445722 2874.162408 -9999.0 -9999.0 -9999.0 -9999.0 -9999.0 -9999.0 -9999.0 -9999.0 -9999.0 -9999.0 -9999.0 -9999.0
-9999.0 -9999.0 -9999.0 -9999.0 -9999.0 -9999.0 1164.963327 1269.209997 1345.792890 1492.234115 1630.675222 1735.912772 1818.137486 1851.647259 1880.618962 1907.727832 1905.141685 1884.069892 1862.133610 1880.743141 1895.913380 1889.556015 1858.877740 1859.686837 1865.951052 1874.578701 1872.677846 1866.696487 1841.762836 1855.000930 1856.726081 1833.369241 1807.404756 1793.861265 1782.027786 1791.731607 1792.011593 1778.292894 1778.469899 1806.049145 1826.921170 1840.142145 1861.717504 1894.925483 1927.319589 1942.697721 1943.851259 1949.387880 1988.114048 2057.898732 2129.856314 2185.848244 2218.959824 2227.506198 2201.375927 2161.865788 2142.036813 2149.273225 2183.878622 2235.898515 2312.446434 2363.344443 2390.938088 2408.094788 2432.582436 2532.821390 -9999.0 -9999.0 -9999.0 -9999.0 -9999.0 -9999.0 -9999.0 -9999.0 -9999.0 -9999.0 -9999.0 -9999.0 -9999.0 -9999.0
-9999.0 -9999.0 -9999.0 -9999.0 -9999.0 -9999.0 -9999.0 -9999.0 -9999.0 -9999.0 -9999.0 -9999.0 -9999.0 -9999.0 -9999.0 -9999.0 -9999.0 -9999.0 -9999.0 -9999.0 -9999.0 -9999.0 -9999.0 -9999.0 -9999.0 -9999.0 -9999.0 -9999.0 -9999.0 -9999.0 -9999.0 -9999.0 -9999.0 -9999.0 -9999.0 -9999.0 -9999.0 -9999.0 -9999.0 -9999.0 -9999.0 -9999.0 -9999.0 -9999.0 -9999.0 -9999.0 -9999.0 -9999.0 -9999.0 -9999.0 -9999.0 -9999.0 -9999.0 -9999.0 -9999.0 -9999.0 -9999.0 -9999.0 -9999.0 -9999.0 -9999.0 -9999.0 -9999.0 -9999.0 -9999.0 -9999.0 -9999.0 -9999.0 -9999.0 -9999.0 -9999.0 -9999.0 -9999.0 -9999.0 -9999.0 -9999.0 -9999.0 -9999.0 -9999.0 -9999.0
-9999.0 -9999.0 -9999.0 -9999.0 -9999.0 -9999.0 -9999.0 -9999.0 -9999.0 -9999.0 -9999.0 -9999.0 -9999.0 -9999.0 -9999.0 -9999.0 -9999.0 -9999.0 -9999.0 -9999.0 -9999.0 -9999.0 -9999.0 -9999.0 -9999.0 -9999.0 -9999.0 -9999.0 -9999.0 -9999.0 -9999.0 -9999.0 -9999.0 -9999.0 -9999.0 -9999.0 -9999.0 -9999.0 -9999.0 -9999.0 -9999.0 -9999.0 -9999.0 -9999.0 -9999.0 -9999.0 -9999.0 -9999.0 -9999.0 -9999.0 -9999.0 -9999.0 -9999.0 -9999.0 -9999.0 -9999.0 -9999.0 -9999.0 -9999.0 -9999.0 -9999.0 -9999.0 -9999.0 -9999.0 -9999.0 -9999.0 -9999.0 -9999.0 -9999.0 -9999.0 -9999.0 -9999.0 -9999.0 -9999.0 -9999.0 -9999.0 -9999.0 -9999.0 -9999.0 -9999.0