Borden_/Borden1m_014/output_maps/psiliqL0005N0025.asc
ncols         80
nrows         18
xllcorner     620200.000000
yllcorner     5168000.000000
cellsize      1.000000
NODATA_value  -9999.0
-9999.0 -9999.0 -9999.0 -9999.0 -9999.0 -9999.0 -9999.0 -9999.0 -9999.0 -9999.0 -9999.0 -9999.0 -9999.0 -9999.0 -9999.0 -9999.0 -9999.0 -9999.0 -9999.0 -9999.0 -9999.0 -9999.0 -9999.0 -9999.0 -9999.0 -9999.0 -9999.0 -9999.0 -9999.0 -9999.0 -9999.0 -9999.0 -9999.0 -9999.0 -9999.0 -9999.0 -9999.0 -9999.0 -9999.0 -9999.0 -9999.0 -9999.0 -9999.0 -9999.0 -9999.0 -9999.0 -9999.0 -9999.0 -9999.0 -9999.0 -9999.0 -9999.0 -9999.0 -9999.0 -9999.0 -9999.0 -9999.0 -9999.0 -9999.0 -9999.0 -9999.0 -9999.0 -9999.0 -9999.0 -9999.0 -9999.0 -9999.0 -9999.0 -9999.0 -9999.0 -9999.0 -9999.0 -9999.0 -9999.0 -9999.0 -9999.0 -9999.0 -9999.0 -9999.0 -9999.0
-9999.0 -9999.0 -9999.0 -9999.0 -9999.0 -9999.0 -9999.0 -9999.0 -9999.0 -9999.0 -9999.0 -9999.0 -9999.0 -9999.0 -9999.0 -9999.0 -9999.0 -9999.0 -9999.0 -9999.0 -9999.0 -9999.0 -9999.0 -9999.0 -9999.0 -9999.0 -9999.0 -9999.0 -9999.0 -9999.0 -9999.0 -9999.0 -9999.0 -9999.0 -9999.0 -9999.0 -9999.0 -9999.0 -9999.0 -9999.0 -9999.0 -9999.0 -9999.0 -9999.0 -9999.0 -9999.0 -9999.0 -9999.0 -9999.0 -9999.0 -9999.0 -9999.0 -9999.0 -9999.0 -9999.0 -9999.0 -9999.0 -9999.0 -9999.0 -9999.0 -9999.0 -9999.0 -9999.0 -9999.0 -9999.0 -9999.0 -9999.0 -9999.0 -9999.0 -9999.0 -9999.0 -9999.0 -9999.0 -9999.0 -9999.0 -9999.0 -9999.0 -9999.0 -9999.0 -9999.0
-9999.0 -9999.0 -9999.0 -9999.0 -9999.0 -9999.0 -9999.0 -9999.0 -9999.0 -9999.0 -9999.0 -9999.0 -9999.0 -9999.0 -9999.0 -9999.0 -9999.0 -9999.0 -9999.0 -9999.0 -731.851095 -727.771216 -747.721332 -775.438165 -798.436435 -798.313155 -771.033137 -738.629417 -707.228469 -698.880044 -716.336595 -714.750490 -720.512245 -721.614646 -719.627145 -714.500260 -712.449485 -702.485192 -695.358342 -696.040378 -701.834084 -707.063458 -709.256605 -706.349547 -701.406407 -709.171424 -696.582695 -682.514494 -676.438905 -679.994343 -703.312641 -715.992043 -721.810248 -734.932970 -710.953958 -699.672912 -678.311761 -674.302847 -673.937400 -697.985055 -724.151494 -9999.0 -9999.0 -9999.0 -9999.0 -9999.0 -9999.0 -9999.0 -9999.0 -9999.0 -9999.0 -9999.0 -9999.0 -9999.0 -9999.0 -9999.0 -9999.0 -9999.0 -9999.0 -9999.0
-9999.0 -9999.0 -9999.0 -9999.0 -9999.0 -9999.0 -9999.0 -9999.0 -9999.0 -9999.0 -9999.0 -9999.0 -9999.0 -9999.0 -796.980868 -806.424364 -810.043991 -806.442614 -780.894713 -758.416094 -750.026154 -758.000184 -756.246723 -777.249838 -795.421040 -783.757353 -761.103981 -737.294435 -709.276441 -691.604249 -704.332037 -707.459290 -698.374227 -672.610240 -659.263435 -662.487348 -684.663752 -662.632501 -647.567405 -638.292046 -639.454057 -648.588215 -633.462034 -616.844250 -623.694923 -641.597940 -638.839103 -627.645025 -611.735990 -625.759301 -688.347203 -705.458164 -706.005108 -709.749061 -720.701418 -726.583434 -702.337754 -701.724368 -708.131031 -721.521512 -747.197922 -783.218247 -797.735048 -764.619626 -727.762307 -674.811449 -9999.0 -9999.0 -9999.0 -9999.0 -9999.0 -9999.0 -9999.0 -9999.0 -9999.0 -9999.0 -9999.0 -9999.0 -9999.0 -9999.0
-9999.0 -9999.0 -9999.0 -9999.0 -9999.0 -9999.0 -9999.0 -9999.0 -9999.0 -832.489114 -832.131476 -827.697615 -829.750521 -818.450501 -824.974501 -820.230305 -816.851014 -798.023253 -776.241671 -749.151107 -724.471140 -735.860169 -736.684408 -725.645525 -720.295368 -710.491534 -694.129408 -657.899856 -618.019505 -575.007128 -605.049089 -606.947599 -586.867310 -527.655752 -475.379666 -460.535161 -485.783458 -484.209951 -450.587304 -413.292553 -413.378836 -415.900592 -377.368904 -355.203941 -342.920955 -373.848419 -406.563173 -411.397157 -370.505644 -448.102859 -529.527084 -594.492424 -594.595114 -626.259211 -666.296026 -686.348293 -689.209563 -665.615190 -678.610291 -711.359498 -742.167967 -745.956590 -759.951132 -745.228142 -726.651522 -683.740614 -647.929848 -619.535928 -618.293079 -634.828455 -9999.0 -9999.0 -9999.0 -9999.0 -9999.0 -9999.0 -9999.0 -9999.0 -9999.0 -9999.0
-9999.0 -9999.0 -9999.0 -9999.0 -9999.0 -9999.0 -874.749259 -872.148950 -861.482760 -867.779019 -851.031482 -851.358341 -837.354105 -825.719468 -812.564562 -802.797886 -779.337873 -755.146938 -721.719313 -684.167832 -655.390147 -661.336540 -652.955715 -618.522044 -569.486225 -528.857389 -500.680121 -452.327563 -330.219841 -260.866470 -234.710421 -221.007600 -203.109044 -172.188107 -117.934573 -62.436267 -122.213935 -141.901361 -127.173235 -87.233754 -22.241691 -18.251744 -11.666164 -3.819534 21.857020 13.230235 -81.696124 -109.589916 -117.101813 -125.853653 -164.995902 -209.833251 -279.176611 -359.229277 -476.813974 -548.656535 -557.487672 -543.376197 -577.028692 -629.564790 -668.984097 -676.152000 -687.557759 -700.380257 -694.408655 -676.094393 -652.919696 -640.667183 -651.224455 -668.813273 -687.740336 -713.424694 -710.975349 -687.022225 -9999.0 -9999.0 -9999.0 -9999.0 -9999.0 -9999.0
-9999.0 -9999.0 -9999.0 -9999.0 -908.456129 -899.401756 -918.151622 -901.516313 -883.116497 -864.894121 -849.333720 -824.052150 -807.565737 -786.766442 -754.030328 -723.753184 -686.286243 -656.387682 -602.760343 -525.166892 -456.404710 -416.077836 -389.847748 -281.501845 -200.121847 -161.094886 -147.827272 -125.952007 -78.391054 29.797300 58.582419 66.379182 82.529044 88.054826 146.956208 182.658297 162.639118 156.679138 158.827407 167.301985 193.310668 194.684704 195.834112 196.231046 198.362394 199.317910 176.713317 145.415545 132.956553 126.344166 107.822345 45.966838 -44.785992 -85.177209 -110.568226 -146.533924 -197.863161 -225.897853 -314.283186 -405.763025 -500.888596 -535.645788 -572.099329 -597.604297 -627.573379 -624.751990 -619.411527 -636.770049 -663.410482 -691.242565 -702.067513 -717.240206 -726.587140 -697.750364 -682.063747 -651.874341 -9999.0 -9999.0 -9999.0 -9999.0
-9999.0 -9999.0 -927.365794 -911.582959 -878.576601 -882.568441 -885.952719 -889.862874 -875.054369 -840.110361 -780.236255 -741.159747 -703.104464 -678.845294 -622.274666 -528.247747 -430.175568 -351.506543 -253.081307 -186.097809 -139.431010 -101.817722 -31.798786 8.795124 52.927892 82.136533 125.191135 146.810894 171.444801 200.650637 225.155597 240.728689 246.361649 240.531688 240.852965 239.396258 237.152284 232.492739 215.680507 213.322054 220.743975 223.424813 226.691402 214.467016 210.630579 223.054173 224.723568 225.014929 226.770982 235.028180 245.295819 215.547299 162.064060 149.218824 142.723246 107.226349 47.630605 -36.026962 -68.300143 -108.635529 -172.578740 -211.790673 -285.911391 -377.769827 -464.727039 -508.332383 -558.031242 -596.070614 -636.640837 -676.938577 -695.697650 -709.894119 -709.293180 -708.886482 -693.081324 -678.393345 -662.855840 -655.429088 -9999.0 -9999.0
-9999.0 -955.053201 -944.518604 -878.396827 -840.401635 -813.539881 -785.412091 -763.703410 -746.022428 -741.694176 -641.179990 -519.394794 -407.756644 -362.815977 -270.459707 -167.621204 -34.666978 3.948838 33.946499 75.354837 123.237048 162.898520 189.504969 221.226911 245.710855 241.490951 240.053028 238.935381 230.678470 223.627050 213.815382 221.534642 220.079382 204.566755 192.479424 191.877165 187.538007 162.305443 135.678890 122.973892 127.694468 148.550581 138.410778 118.674514 114.936282 134.527082 149.983997 141.960158 130.401494 146.825875 178.784228 197.205715 213.243491 227.179000 247.152823 225.259271 192.849842 154.655487 136.654627 112.477690 21.980360 -41.839348 -96.076803 -154.752250 -204.977407 -292.044060 -401.038314 -483.841283 -554.604969 -590.621209 -617.610605 -666.311063 -685.781262 -680.975711 -688.662836 -690.031374 -683.063550 -676.875093 -9999.0 -9999.0
-9999.0 -999.908984 -940.402015 -848.077530 -747.004851 -702.608783 -577.890731 -484.495250 -454.814283 -486.556984 -316.167273 -37.338391 33.146995 37.438010 93.708151 163.281690 204.615158 228.027735 243.257010 235.525771 230.643587 233.418018 229.200285 221.136338 207.925942 200.652526 200.233715 198.163696 179.791024 162.019082 146.398512 144.680117 131.140803 96.958714 67.911593 56.057010 37.470243 -23.688313 -68.139817 -97.911874 -111.032905 -92.519032 -102.240203 -119.214055 -122.583832 -100.242619 -66.862462 -71.007554 -63.276300 -38.181252 6.469585 78.056710 99.654010 125.860148 159.193328 197.996128 216.588332 235.994459 242.079977 218.161960 178.742688 132.950500 102.639053 8.825838 -63.472597 -138.272179 -185.362222 -225.611336 -320.920967 -402.575109 -475.486482 -543.583485 -602.590500 -625.510378 -661.911198 -678.775114 -9999.0 -9999.0 -9999.0 -9999.0
-9999.0 -1012.945320 -947.085954 -798.406210 -586.191977 -427.245351 -203.025584 -78.317431 59.996699 43.220751 135.210872 219.734515 232.110426 217.354596 193.799516 191.427243 201.734143 204.178951 199.946226 190.816390 179.995109 176.401751 174.046275 164.382087 154.811778 140.778892 129.380884 117.014083 42.719146 6.922629 -21.480371 -39.398682 -75.083176 -152.058780 -180.382122 -201.738270 -271.460448 -291.724373 -314.043442 -363.582610 -393.019682 -412.791589 -387.661413 -392.145050 -393.467707 -378.506146 -342.411493 -314.188674 -252.069674 -206.900571 -176.112438 -133.253683 -101.023929 -55.700637 -3.954501 84.054531 113.416879 140.279587 181.446416 219.081700 240.015276 232.388181 203.769402 166.592343 106.060630 7.743270 -39.776405 -100.181409 -156.385244 -195.115533 -225.792580 -298.944317 -417.981872 -534.733457 -575.054993 -9999.0 -9999.0 -9999.0 -9999.0 -9999.0
-9999.0 -1086.038788 -964.657929 -824.710658 -524.551089 -193.838511 -99.397108 133.627486 198.576020 126.639835 45.148837 106.477774 141.979464 143.251989 120.208529 112.276106 105.605061 105.068025 117.217087 89.461044 26.283606 8.522389 6.163870 -7.977717 -32.237349 -52.516116 -67.857668 -89.333997 -138.188882 -173.690973 -226.788400 -266.921014 -378.202088 -478.293314 -534.549875 -585.127339 -637.596817 -638.919196 -623.869368 -640.880992 -661.506573 -679.932212 -656.025868 -643.022672 -633.223023 -642.926508 -635.524410 -603.429830 -555.640154 -510.460359 -446.970870 -360.419837 -285.056181 -210.501693 -184.241946 -141.675733 -99.394946 -49.756833 25.470939 131.773841 162.207449 193.743462 229.658040 246.935082 207.306063 165.998082 116.472119 47.221771 -49.912904 -101.860021 -127.321472 -157.283105 -198.348880 -9999.0 -9999.0 -9999.0 -9999.0 -9999.0 -9999.0 -9999.0
-9999.0 -1129.427277 -1009.323691 -950.668310 -757.574173 -542.133864 -327.597585 -191.615707 -57.282505 -144.155523 -154.294636 -133.207995 -108.021906 -88.653122 -109.923631 -138.364963 -157.315450 -153.577765 -152.226897 -169.999946 -191.714734 -201.359901 -202.414520 -212.247827 -252.501559 -279.784186 -297.998387 -334.436455 -396.063913 -473.652338 -570.539221 -633.345793 -689.928501 -720.475528 -744.577427 -770.322647 -803.994372 -792.165696 -778.797919 -782.830074 -793.763106 -799.131331 -773.980971 -760.291659 -752.022016 -766.617317 -751.159499 -730.038746 -694.866430 -660.067320 -618.663047 -568.811901 -515.732322 -480.239924 -455.782704 -406.700035 -330.721285 -235.059994 -164.636528 -74.307496 0.921794 80.274060 129.846933 149.983909 181.696818 197.041190 197.559338 159.020684 18.220994 -44.247724 -64.592252 -9999.0 -9999.0 -9999.0 -9999.0 -9999.0 -9999.0 -9999.0 -9999.0 -9999.0
-9999.0 -9999.0 -1155.102286 -1091.452236 -1029.754871 -943.084535 -841.567384 -751.310610 -693.381640 -629.976301 -552.937601 -476.629009 -429.055218 -407.962247 -435.142138 -490.242999 -523.194960 -522.447671 -532.043114 -549.667271 -578.685810 -589.185167 -597.397987 -604.543158 -619.430359 -627.112538 -631.693933 -641.359166 -661.489154 -702.890003 -747.795767 -787.707449 -828.519353 -841.506853 -854.268266 -869.281358 -867.540555 -868.910976 -864.447737 -864.546556 -861.307878 -854.019305 -841.557524 -827.857640 -822.829619 -818.677961 -810.874085 -794.707160 -770.938403 -740.558072 -698.134002 -650.216041 -617.272962 -608.442478 -619.879679 -615.211303 -594.448200 -549.197447 -436.597198 -284.617139 -187.711981 -126.426568 -54.001002 -2.060222 32.104891 76.169482 123.967995 94.749153 -73.464656 -68.800311 -9999.0 -9999.0 -9999.0 -9999.0 -9999.0 -9999.0 -9999.0 -9999.0 -9999.0 -9999.0
-9999.0 -9999.0 -9999.0 -9999.0 -1171.663923 -1090.528936 -1027.286978 -1014.746151 -953.936873 -901.105813 -848.589687 -797.812656 -760.687788 -742.465944 -756.294805 -763.900671 -771.061050 -772.054405 -778.173280 -783.743075 -788.579948 -794.058378 -800.971795 -806.661688 -806.737072 -803.566890 -804.170656 -813.748254 -822.182049 -842.390562 -855.600287 -875.344971 -894.504512 -910.195074 -913.548540 -916.407516 -913.851974 -918.075007 -911.008062 -911.214924 -903.249206 -896.386586 -883.896771 -867.381889 -863.672327 -854.715736 -850.007984 -836.634639 -819.682169 -782.605321 -734.327746 -688.243161 -660.334973 -659.537433 -686.730721 -702.540761 -707.881235 -685.329489 -645.455298 -579.951291 -462.236192 -341.953110 -232.056896 -186.490489 -158.676633 -112.406939 -48.918934 -6.785798 -9999.0 -9999.0 -9999.0 -9999.0 -9999.0 -9999.0 -9999.0 -9999.0 -9999.0 -9999.0 -9999.0 -9999.0
-9999.0 -9999.0 -9999.0 -9999.0 -9999.0 -9999.0 -1148.040645 -1107.724883 -1106.876294 -1064.966423 -1022.582813 -983.870435 -942.476178 -934.114882 -924.026385 -905.537234 -909.196951 -920.843901 -933.310041 -918.081637 -910.811644 -911.889394 -932.328111 -930.307229 -927.965889 -920.336075 -921.022320 -921.771994 -939.743924 -926.632603 -922.205163 -931.835919 -941.805088 -943.534991 -949.156384 -938.743854 -937.550130 -946.915555 -948.050043 -932.267507 -924.257533 -921.283597 -912.285711 -895.329451 -876.063393 -869.289226 -871.768260 -872.790354 -846.736887 -797.286939 -744.302219 -701.889440 -677.174886 -671.953219 -699.630086 -738.057708 -758.916190 -756.904393 -731.735947 -689.927612 -623.335168 -579.598327 -546.999606 -516.920407 -477.139030 -327.476827 -9999.0 -9999.0 -9999.0 -9999.0 -9999.0 -9999.0 -9999.0 -9999.0 -9999.0 -9999.0 -9999.0 -9999.0 -9999.0 -9999.0
-9999.0 -9999.0 -9999.0 -9999.0 -9999.0 -9999.0 -9999.0 -9999.0 -9999.0 -9999.0 -9999.0 -9999.0 -9999.0 -9999.0 -9999.0 -9999.0 -9999.0 -9999.0 -9999.0 -9999.0 -9999.0 -9999.0 -9999.0 -9999.0 -9999.0 -9999.0 -9999.0 -9999.0 -9999.0 -9999.0 -9999.0 -9999.0 -9999.0 -9999.0 -9999.0 -9999.0 -9999.0 -9999.0 -9999.0 -9999.0 -9999.0 -9999.0 -9999.0 -9999.0 -9999.0 -9999.0 -9999.0 -9999.0 -9999.0 -9999.0 -9999.0 -9999.0 -9999.0 -9999.0 -9999.0 -9999.0 -9999.0 -9999.0 -9999.0 -9999.0 -9999.0 -9999.0 -9999.0 -9999.0 -9999.0 -9999.0 -9999.0 -9999.0 -9999.0 -9999.0 -9999.0 -9999.0 -9999.0 -9999.0 -9999.0 -9999.0 -9999.0 -9999.0 -9999.0 -9999.0
-9999.0 -9999.0 -9999.0 -9999.0 -9999.0 -9999.0 -9999.0 -9999.0 -9999.0 -9999.0 -9999.0 -9999.0 -9999.0 -9999.0 -9999.0 -9999.0 -9999.0 -9999.0 -9999.0 -9999.0 -9999.0 -9999.0 -9999.0 -9999.0 -9999.0 -9999.0 -9999.0 -9999.0 -9999.0 -9999.0 -9999.0 -9999.0 -9999.0 -9999.0 -9999.0 -9999.0 -9999.0 -9999.0 -9999.0 -9999.0 -9999.0 -9999.0 -9999.0 -9999.0 -9999.0 -9999.0 -9999.0 -9999.0 -9999.0 -9999.0 -9999.0 -9999.0 -9999.0 -9999.0 -9999.0 -9999.0 -9999.0 -9999.0 -9999.0 -9999.0 -9999.0 -9999.0 -9999.0 -9999.0 -9999.0 -9999.0 -9999.0 -9999.0 -9999.0 -9999.0 -9999.0 -9999.0 -9999.0 -9999.0 -9999.0 -9999.0 -9999.0 -9999.0 -9999.0 -9999.0