Borden_/Borden1m_014/output_maps/psiliqL0014N0004.asc
ncols         80
nrows         18
xllcorner     620200.000000
yllcorner     5168000.000000
cellsize      1.000000
NODATA_value  -9999.0
-9999.0 -9999.0 -9999.0 -9999.0 -9999.0 -9999.0 -9999.0 -9999.0 -9999.0 -9999.0 -9999.0 -9999.0 -9999.0 -9999.0 -9999.0 -9999.0 -9999.0 -9999.0 -9999.0 -9999.0 -9999.0 -9999.0 -9999.0 -9999.0 -9999.0 -9999.0 -9999.0 -9999.0 -9999.0 -9999.0 -9999.0 -9999.0 -9999.0 -9999.0 -9999.0 -9999.0 -9999.0 -9999.0 -9999.0 -9999.0 -9999.0 -9999.0 -9999.0 -9999.0 -9999.0 -9999.0 -9999.0 -9999.0 -9999.0 -9999.0 -9999.0 -9999.0 -9999.0 -9999.0 -9999.0 -9999.0 -9999.0 -9999.0 -9999.0 -9999.0 -9999.0 -9999.0 -9999.0 -9999.0 -9999.0 -9999.0 -9999.0 -9999.0 -9999.0 -9999.0 -9999.0 -9999.0 -9999.0 -9999.0 -9999.0 -9999.0 -9999.0 -9999.0 -9999.0 -9999.0
-9999.0 -9999.0 -9999.0 -9999.0 -9999.0 -9999.0 -9999.0 -9999.0 -9999.0 -9999.0 -9999.0 -9999.0 -9999.0 -9999.0 -9999.0 -9999.0 -9999.0 -9999.0 -9999.0 -9999.0 -9999.0 -9999.0 -9999.0 -9999.0 -9999.0 -9999.0 -9999.0 -9999.0 -9999.0 -9999.0 -9999.0 -9999.0 -9999.0 -9999.0 -9999.0 -9999.0 -9999.0 -9999.0 -9999.0 -9999.0 -9999.0 -9999.0 -9999.0 -9999.0 -9999.0 -9999.0 -9999.0 -9999.0 -9999.0 -9999.0 -9999.0 -9999.0 -9999.0 -9999.0 -9999.0 -9999.0 -9999.0 -9999.0 -9999.0 -9999.0 -9999.0 -9999.0 -9999.0 -9999.0 -9999.0 -9999.0 -9999.0 -9999.0 -9999.0 -9999.0 -9999.0 -9999.0 -9999.0 -9999.0 -9999.0 -9999.0 -9999.0 -9999.0 -9999.0 -9999.0
-9999.0 -9999.0 -9999.0 -9999.0 -9999.0 -9999.0 -9999.0 -9999.0 -9999.0 -9999.0 -9999.0 -9999.0 -9999.0 -9999.0 -9999.0 -9999.0 -9999.0 -9999.0 -9999.0 -9999.0 933.843596 936.412055 914.486018 881.071928 853.432171 855.938984 890.791889 932.373484 971.307768 981.716978 964.259401 967.035691 962.485915 960.971328 962.998521 969.448632 973.370976 984.162079 992.163136 991.504292 985.473499 980.789577 981.837261 985.739604 991.693200 980.797619 994.131155 1008.563260 1013.290209 1008.135177 981.382986 966.060271 957.067311 941.331726 965.505371 976.935117 999.297132 1003.066039 1001.026354 973.718537 943.441522 -9999.0 -9999.0 -9999.0 -9999.0 -9999.0 -9999.0 -9999.0 -9999.0 -9999.0 -9999.0 -9999.0 -9999.0 -9999.0 -9999.0 -9999.0 -9999.0 -9999.0 -9999.0 -9999.0
-9999.0 -9999.0 -9999.0 -9999.0 -9999.0 -9999.0 -9999.0 -9999.0 -9999.0 -9999.0 -9999.0 -9999.0 -9999.0 -9999.0 843.441798 833.946132 831.273994 839.716269 873.267907 903.437327 915.623045 908.401463 908.817148 885.632200 865.396617 879.716516 909.807823 941.812656 976.850281 997.643951 986.859986 984.950758 994.527089 1019.190790 1031.277190 1028.069792 1008.103817 1031.005885 1046.172195 1054.292070 1053.823885 1046.190632 1060.541511 1078.069738 1072.357133 1055.191432 1059.080328 1069.559782 1080.894347 1067.394437 1004.585478 985.798967 981.525496 974.546891 960.201138 953.532243 978.538947 978.269962 969.681484 951.393216 918.414531 873.920328 855.293786 893.812191 937.454823 994.506629 -9999.0 -9999.0 -9999.0 -9999.0 -9999.0 -9999.0 -9999.0 -9999.0 -9999.0 -9999.0 -9999.0 -9999.0 -9999.0 -9999.0
-9999.0 -9999.0 -9999.0 -9999.0 -9999.0 -9999.0 -9999.0 -9999.0 -9999.0 785.921617 790.541972 797.935906 800.329293 816.016140 813.758792 820.918319 827.964442 854.881511 885.817282 920.709322 949.299722 940.373329 941.222196 951.816828 955.692150 968.020554 990.001274 1030.834721 1071.318839 1113.378171 1085.868518 1084.051290 1102.907745 1149.044030 1181.035163 1187.270068 1168.583159 1176.505626 1201.062246 1223.100446 1223.040843 1222.490204 1251.184430 1270.345251 1274.101411 1253.349756 1236.452577 1232.738990 1255.680738 1204.754079 1139.920700 1090.630631 1094.914730 1064.639844 1026.522921 1006.077234 1002.821511 1022.908810 1007.570873 969.994113 933.413352 922.131360 904.521320 921.454016 943.553383 989.714584 1028.239359 1056.741995 1056.377403 1038.914501 -9999.0 -9999.0 -9999.0 -9999.0 -9999.0 -9999.0 -9999.0 -9999.0 -9999.0 -9999.0
-9999.0 -9999.0 -9999.0 -9999.0 -9999.0 -9999.0 706.919584 716.554847 736.958766 741.836727 767.256752 774.628425 795.179970 814.329718 835.660624 851.850329 881.636567 914.393587 955.045773 997.780558 1029.462680 1024.407693 1035.423130 1067.148903 1106.930793 1136.474741 1162.030334 1202.973368 1281.244295 1327.410855 1337.087654 1342.481305 1351.772557 1399.690396 1463.219315 1477.744011 1456.541105 1441.226826 1461.521416 1498.763125 1505.763363 1510.461452 1529.536748 1550.871707 1581.087323 1569.167845 1519.262459 1496.678757 1490.463059 1473.289381 1412.388123 1349.591579 1315.287093 1263.242674 1178.838383 1122.817012 1128.122824 1145.637766 1115.678816 1060.543386 1018.691213 1007.292535 991.657078 978.118631 984.377454 1003.690752 1026.203230 1037.599620 1024.801018 1003.783038 980.934599 952.152921 953.960334 979.124565 -9999.0 -9999.0 -9999.0 -9999.0 -9999.0 -9999.0
-9999.0 -9999.0 -9999.0 -9999.0 656.849749 669.680780 657.533566 682.550205 715.168384 749.196272 780.858686 817.437640 844.495586 874.325923 914.064985 947.913781 989.609667 1025.687954 1080.336534 1148.093852 1198.887279 1223.442204 1241.026073 1303.389905 1367.042156 1420.838182 1443.230515 1474.044586 1525.034797 1596.134334 1627.583898 1634.787605 1650.573159 1682.518821 1726.176101 1756.766712 1739.882119 1732.180021 1737.599254 1748.118510 1770.735069 1773.615283 1780.600158 1789.871658 1797.658012 1796.287422 1768.817371 1733.429878 1718.977818 1710.022779 1682.483972 1616.572967 1575.785315 1536.394615 1495.194673 1439.200561 1373.525832 1357.448806 1299.188072 1237.545605 1171.998218 1147.794898 1115.249226 1089.017791 1060.047488 1061.978443 1065.778351 1046.029161 1014.494524 982.574233 967.641537 948.909046 938.072160 968.168128 985.851134 1016.331107 -9999.0 -9999.0 -9999.0 -9999.0
-9999.0 -9999.0 598.050028 646.556594 703.054453 711.495399 711.899858 717.672016 745.886543 797.514496 872.290979 922.124865 964.659926 997.742823 1055.923491 1133.932214 1206.715878 1259.201601 1320.426364 1390.326178 1452.807356 1488.642214 1512.276942 1562.842858 1620.975748 1681.945167 1707.978965 1734.931897 1769.075867 1807.588223 1822.363211 1836.434299 1843.029794 1843.216881 1846.567556 1846.960398 1842.627995 1837.334303 1817.984668 1811.219707 1815.577672 1820.174822 1823.584002 1813.585031 1812.326434 1827.407878 1832.748841 1833.354366 1834.138934 1841.696417 1845.533928 1807.916661 1769.627482 1750.244296 1736.680024 1692.373852 1631.808812 1592.882274 1566.285563 1510.340917 1425.156304 1368.025091 1311.425798 1260.400464 1208.121137 1177.405743 1132.213192 1091.556042 1046.433373 1001.208081 978.038121 960.092640 957.850920 958.142769 974.615371 990.265514 1005.890894 1013.818857 -9999.0 -9999.0
-9999.0 495.580267 567.668281 693.355443 772.360634 815.967268 848.078301 871.909439 899.853245 923.964275 1027.020810 1116.924023 1209.404545 1245.960099 1294.370068 1389.762838 1487.511166 1545.549956 1588.891176 1644.300947 1701.963900 1748.097565 1778.726210 1797.431492 1834.086400 1846.998586 1849.635770 1853.215866 1851.638853 1847.601539 1840.993584 1847.140700 1841.596991 1820.022884 1802.762188 1799.550470 1794.925763 1771.355069 1740.165246 1717.619912 1714.619144 1735.001998 1722.736150 1703.315003 1702.219999 1728.225024 1755.209717 1752.148171 1743.325948 1760.919305 1792.731962 1811.991695 1821.925040 1837.707310 1857.402781 1832.465955 1806.817120 1769.107758 1749.080026 1715.403968 1655.908572 1590.269618 1522.797226 1455.380203 1385.396930 1314.005439 1251.744117 1192.776391 1128.427324 1088.663543 1057.819552 1007.294599 986.346244 988.901512 980.816330 978.557123 985.161784 991.664646 -9999.0 -9999.0
-9999.0 415.907661 557.804854 741.088655 887.284454 944.417455 1047.726554 1129.557359 1157.435893 1128.906544 1233.283264 1453.367266 1562.595767 1582.707916 1650.126279 1731.559673 1752.483005 1789.730578 1815.607515 1826.568569 1835.041171 1845.682842 1846.346393 1844.376079 1833.217261 1826.825312 1825.024646 1821.154309 1805.091261 1788.743283 1773.103370 1768.097671 1745.271202 1693.671017 1657.056160 1639.612912 1625.438986 1605.840511 1567.219158 1525.830062 1503.259016 1517.661042 1507.731567 1489.350208 1488.050918 1519.401889 1567.538603 1571.435838 1581.555773 1602.456064 1638.590659 1674.478267 1697.869207 1732.728479 1770.750125 1813.743306 1830.937953 1855.107971 1860.049042 1840.023701 1797.876798 1746.339841 1708.613911 1645.832208 1570.383089 1481.548618 1413.757454 1350.841714 1280.355040 1233.123200 1184.041934 1123.324018 1068.195431 1046.835043 1009.145158 990.650729 -9999.0 -9999.0 -9999.0 -9999.0
-9999.0 338.189514 525.635826 782.480515 1052.921146 1162.488261 1368.566540 1505.807653 1563.623856 1628.903626 1608.740373 1747.946217 1789.092495 1787.188236 1783.425088 1784.632558 1798.938389 1804.612126 1804.365281 1798.551792 1793.895757 1793.404769 1794.798795 1790.287197 1780.479205 1765.927219 1749.634890 1730.774873 1691.415909 1659.632009 1625.672614 1609.488386 1563.267475 1454.817792 1403.571761 1366.018610 1310.828715 1304.614777 1295.104850 1260.654599 1237.505382 1216.594939 1236.205780 1239.023012 1242.290143 1250.294109 1273.819799 1299.921402 1344.107220 1379.388171 1421.999834 1473.667490 1513.529878 1570.808838 1622.737550 1678.937324 1714.681463 1751.947520 1800.488684 1838.966453 1863.259406 1853.554310 1827.194361 1785.251308 1718.871803 1654.411477 1608.343164 1535.630332 1463.241901 1404.504700 1348.527415 1280.584626 1209.394012 1132.805356 1093.638600 -9999.0 -9999.0 -9999.0 -9999.0 -9999.0
-9999.0 161.255120 427.703663 713.986474 1025.584949 1348.283368 1481.567966 1611.340494 1680.071242 1646.225834 1652.086627 1673.026155 1717.121371 1728.440200 1706.757484 1695.137660 1682.589215 1683.142634 1698.012084 1676.188958 1652.230141 1643.026822 1645.302106 1636.071896 1614.927594 1597.201970 1578.323970 1543.785813 1487.183000 1433.884579 1352.884565 1323.547693 1246.395812 1183.652639 1136.483982 1087.113698 1037.303893 1036.122142 1051.880304 1034.875522 1011.265911 992.160243 1017.739513 1034.605072 1046.859371 1036.960177 1047.558681 1083.600463 1131.882839 1173.707715 1220.780044 1272.762966 1319.326161 1371.929579 1408.069140 1462.159257 1517.755595 1579.048200 1658.262647 1738.818323 1779.115326 1815.577439 1851.114427 1870.320827 1824.714653 1782.498244 1740.762733 1688.611438 1612.242128 1568.289209 1527.439950 1439.015683 1362.644297 -9999.0 -9999.0 -9999.0 -9999.0 -9999.0 -9999.0 -9999.0
-9999.0 34.098134 253.384257 482.977430 765.503908 997.546865 1184.274300 1288.032445 1363.009213 1396.282404 1431.613551 1468.081227 1504.943340 1533.302773 1504.593937 1459.370931 1428.004823 1431.528749 1428.606329 1406.380040 1379.254419 1366.403292 1365.794502 1360.106674 1336.390633 1321.034777 1306.835296 1278.386822 1241.374328 1186.419924 1108.620646 1038.706920 978.171226 944.970094 914.935702 882.551287 846.986365 857.343378 869.969632 865.611570 854.235732 850.652683 879.468412 898.087015 908.122140 896.395747 915.492036 941.815042 982.402869 1023.496070 1070.028659 1122.433409 1174.169646 1203.388481 1217.878389 1244.706361 1287.222379 1347.345393 1439.340218 1543.205856 1630.509342 1685.328753 1743.805362 1783.213880 1802.372579 1823.808109 1811.639792 1742.991889 1635.607012 1651.845936 1649.704010 -9999.0 -9999.0 -9999.0 -9999.0 -9999.0 -9999.0 -9999.0 -9999.0 -9999.0
-9999.0 -9999.0 19.563115 197.647210 336.945381 514.521324 661.009791 766.465486 849.419206 956.935590 1058.174882 1139.514213 1184.036465 1202.599946 1185.198320 1148.512730 1125.349723 1125.298808 1116.034989 1105.757554 1086.351906 1079.431330 1069.830455 1062.488652 1052.208798 1045.992138 1039.440112 1026.464135 1003.777884 957.840439 909.688725 859.421352 806.745185 781.631654 759.977435 738.533846 736.958914 733.754951 739.661732 740.914458 747.188377 759.346802 779.380749 800.973786 810.453799 818.630717 830.846278 854.012471 886.268492 927.030565 979.004792 1034.332332 1072.023631 1083.439519 1073.174808 1077.956221 1098.748390 1142.185569 1224.239645 1310.790772 1410.170942 1489.725680 1578.323998 1640.630413 1665.661842 1694.895548 1730.042771 1675.070083 1328.798278 1587.957307 -9999.0 -9999.0 -9999.0 -9999.0 -9999.0 -9999.0 -9999.0 -9999.0 -9999.0 -9999.0
-9999.0 -9999.0 -9999.0 -9999.0 54.359434 208.311383 302.895647 384.081433 508.664384 623.858737 720.140793 799.852623 858.255704 883.338499 876.180346 877.674749 871.815718 866.541641 857.633915 855.983930 854.330242 847.515872 834.769713 827.744706 828.326290 832.695171 829.985268 816.259594 799.246344 776.079956 755.532008 721.745219 686.159718 657.478285 644.740700 639.023715 639.207136 632.922813 641.950717 648.953867 663.960231 679.120064 702.790176 731.377138 744.556487 758.874998 768.253939 788.350307 817.883839 870.057130 931.892623 987.771647 1021.554682 1024.395580 998.160395 981.481851 976.909037 1003.692819 1047.769006 1114.392328 1215.314462 1290.269953 1356.164327 1409.869866 1453.452170 1520.900326 1615.577477 1665.513001 -9999.0 -9999.0 -9999.0 -9999.0 -9999.0 -9999.0 -9999.0 -9999.0 -9999.0 -9999.0 -9999.0 -9999.0
-9999.0 -9999.0 -9999.0 -9999.0 -9999.0 -9999.0 7.405355 105.903130 187.054862 318.624397 441.821439 538.512779 615.538474 644.266204 667.073102 691.922450 689.150080 671.483926 653.659991 672.029208 684.897044 679.819958 651.145742 650.684084 655.218206 663.852830 662.037284 655.911136 631.382513 642.317110 642.959581 620.451734 595.013098 581.467673 570.127783 580.187382 580.889232 567.865090 569.170130 595.724666 615.739834 628.887399 650.778378 683.755553 715.725211 730.332959 731.209448 736.878783 776.695437 845.962282 916.013544 969.560345 1000.180164 1006.706843 977.788880 936.150783 913.957903 919.244755 951.963427 1002.702683 1076.666717 1125.269135 1154.735544 1174.205706 1200.067415 1296.802511 -9999.0 -9999.0 -9999.0 -9999.0 -9999.0 -9999.0 -9999.0 -9999.0 -9999.0 -9999.0 -9999.0 -9999.0 -9999.0 -9999.0
-9999.0 -9999.0 -9999.0 -9999.0 -9999.0 -9999.0 -9999.0 -9999.0 -9999.0 -9999.0 -9999.0 -9999.0 -9999.0 -9999.0 -9999.0 -9999.0 -9999.0 -9999.0 -9999.0 -9999.0 -9999.0 -9999.0 -9999.0 -9999.0 -9999.0 -9999.0 -9999.0 -9999.0 -9999.0 -9999.0 -9999.0 -9999.0 -9999.0 -9999.0 -9999.0 -9999.0 -9999.0 -9999.0 -9999.0 -9999.0 -9999.0 -9999.0 -9999.0 -9999.0 -9999.0 -9999.0 -9999.0 -9999.0 -9999.0 -9999.0 -9999.0 -9999.0 -9999.0 -9999.0 -9999.0 -9999.0 -9999.0 -9999.0 -9999.0 -9999.0 -9999.0 -9999.0 -9999.0 -9999.0 -9999.0 -9999.0 -9999.0 -9999.0 -9999.0 -9999.0 -9999.0 -9999.0 -9999.0 -9999.0 -9999.0 -9999.0 -9999.0 -9999.0 -9999.0 -9999.0
-9999.0 -9999.0 -9999.0 -9999.0 -9999.0 -9999.0 -9999.0 -9999.0 -9999.0 -9999.0 -9999.0 -9999.0 -9999.0 -9999.0 -9999.0 -9999.0 -9999.0 -9999.0 -9999.0 -9999.0 -9999.0 -9999.0 -9999.0 -9999.0 -9999.0 -9999.0 -9999.0 -9999.0 -9999.0 -9999.0 -9999.0 -9999.0 -9999.0 -9999.0 -9999.0 -9999.0 -9999.0 -9999.0 -9999.0 -9999.0 -9999.0 -9999.0 -9999.0 -9999.0 -9999.0 -9999.0 -9999.0 -9999.0 -9999.0 -9999.0 -9999.0 -9999.0 -9999.0 -9999.0 -9999.0 -9999.0 -9999.0 -9999.0 -9999.0 -9999.0 -9999.0 -9999.0 -9999.0 -9999.0 -9999.0 -9999.0 -9999.0 -9999.0 -9999.0 -9999.0 -9999.0 -9999.0 -9999.0 -9999.0 -9999.0 -9999.0 -9999.0 -9999.0 -9999.0 -9999.0